01/01/2000,ITO,HI,AWP,WE,Towers with Radar,46,3,3,0,52,12,121,19,0,152,58,124,22,0,204,18,0,18,222
01/02/2000,ITO,HI,AWP,WE,Towers with Radar,60,3,6,0,69,12,220,31,0,263,72,223,37,0,332,94,0,94,426
01/03/2000,ITO,HI,AWP,WE,Towers with Radar,57,3,5,7,72,3,121,41,0,165,60,124,46,7,237,58,0,58,295
01/04/2000,ITO,HI,AWP,WE,Towers with Radar,56,3,4,9,72,4,162,46,2,214,60,165,50,11,286,66,10,76,362
01/05/2000,ITO,HI,AWP,WE,Towers with Radar,59,3,5,7,74,3,145,33,0,181,62,148,38,7,255,44,0,44,299
01/06/2000,ITO,HI,AWP,WE,Towers with Radar,62,4,6,13,85,0,125,51,16,192,62,129,57,29,277,40,30,70,347
01/07/2000,ITO,HI,AWP,WE,Towers with Radar,53,4,5,3,65,0,65,12,0,77,53,69,17,3,142,87,0,87,229
01/08/2000,ITO,HI,AWP,WE,Towers with Radar,63,4,4,4,75,1,22,0,0,23,64,26,4,4,98,4,0,4,102
01/09/2000,ITO,HI,AWP,WE,Towers with Radar,53,3,4,6,66,7,53,17,0,77,60,56,21,6,143,38,0,38,181
01/10/2000,ITO,HI,AWP,WE,Towers with Radar,56,3,4,9,72,6,105,12,0,123,62,108,16,9,195,28,0,28,223
01/11/2000,ITO,HI,AWP,WE,Towers with Radar,64,5,8,16,93,0,49,20,30,99,64,54,28,46,192,24,82,106,298
01/12/2000,ITO,HI,AWP,WE,Towers with Radar,62,4,7,13,86,0,61,31,3,95,62,65,38,16,181,24,6,30,211
01/13/2000,ITO,HI,AWP,WE,Towers with Radar,66,5,7,14,92,0,2,7,26,35,66,7,14,40,127,6,4,10,137
01/14/2000,ITO,HI,AWP,WE,Towers with Radar,55,3,4,8,70,5,144,39,0,188,60,147,43,8,258,34,4,38,296
01/15/2000,ITO,HI,AWP,WE,Towers with Radar,50,3,4,4,61,7,77,12,0,96,57,80,16,4,157,16,0,16,173
01/16/2000,ITO,HI,AWP,WE,Towers with Radar,58,2,6,7,73,2,21,15,0,38,60,23,21,7,111,38,18,56,167
01/17/2000,ITO,HI,AWP,WE,Towers with Radar,54,2,5,1,62,8,147,22,0,177,62,149,27,1,239,18,0,18,257
01/18/2000,ITO,HI,AWP,WE,Towers with Radar,54,2,6,9,71,0,65,7,18,90,54,67,13,27,161,18,36,54,215
01/19/2000,ITO,HI,AWP,WE,Towers with Radar,58,3,6,9,76,0,186,37,25,248,58,189,43,34,324,34,64,98,422
01/20/2000,ITO,HI,AWP,WE,Towers with Radar,62,3,6,9,80,0,162,53,12,227,62,165,59,21,307,78,30,108,415
01/21/2000,ITO,HI,AWP,WE,Towers with Radar,61,3,6,10,80,0,119,35,2,156,61,122,41,12,236,46,16,62,298
01/22/2000,ITO,HI,AWP,WE,Towers with Radar,58,3,6,5,72,0,98,32,0,130,58,101,38,5,202,40,0,40,242
01/23/2000,ITO,HI,AWP,WE,Towers with Radar,56,3,6,8,73,0,97,38,0,135,56,100,44,8,208,78,24,102,310
01/24/2000,ITO,HI,AWP,WE,Towers with Radar,53,2,5,8,68,9,153,34,10,206,62,155,39,18,274,63,31,94,368
01/25/2000,ITO,HI,AWP,WE,Towers with Radar,60,3,6,10,79,0,181,37,6,224,60,184,43,16,303,74,32,106,409
01/26/2000,ITO,HI,AWP,WE,Towers with Radar,65,3,6,12,86,0,160,51,23,234,65,163,57,35,320,60,90,150,470
01/27/2000,ITO,HI,AWP,WE,Towers with Radar,59,2,5,10,76,2,105,28,8,143,61,107,33,18,219,22,34,56,275
01/28/2000,ITO,HI,AWP,WE,Towers with Radar,51,2,4,0,57,15,139,32,0,186,66,141,36,0,243,56,0,56,299
01/29/2000,ITO,HI,AWP,WE,Towers with Radar,57,2,4,0,63,5,131,19,0,155,62,133,23,0,218,18,0,18,236
01/30/2000,ITO,HI,AWP,WE,Towers with Radar,47,2,4,0,53,13,96,26,0,135,60,98,30,0,188,42,0,42,230
01/31/2000,ITO,HI,AWP,WE,Towers with Radar,60,3,5,10,78,0,59,26,1,86,60,62,31,11,164,28,0,28,192
02/01/2000,ITO,HI,AWP,WE,Towers with Radar,63,1,5,11,80,0,151,47,21,219,63,152,52,32,299,92,30,122,421
02/02/2000,ITO,HI,AWP,WE,Towers with Radar,50,1,3,9,63,11,151,57,0,219,61,152,60,9,282,58,0,58,340
02/03/2000,ITO,HI,AWP,WE,Towers with Radar,49,1,3,9,62,11,157,33,5,206,60,158,36,14,268,40,8,48,316
02/04/2000,ITO,HI,AWP,WE,Towers with Radar,61,2,5,11,79,0,93,42,11,146,61,95,47,22,225,52,60,112,337
02/05/2000,ITO,HI,AWP,WE,Towers with Radar,59,1,5,10,75,3,91,16,4,114,62,92,21,14,189,10,2,12,201
02/06/2000,ITO,HI,AWP,WE,Towers with Radar,60,1,5,11,77,0,96,43,6,145,60,97,48,17,222,56,2,58,280
02/07/2000,ITO,HI,AWP,WE,Towers with Radar,57,1,4,6,68,4,119,52,0,175,61,120,56,6,243,44,8,52,295
02/08/2000,ITO,HI,AWP,WE,Towers with Radar,62,2,5,11,80,0,155,46,13,214,62,157,51,24,294,54,34,88,382
02/09/2000,ITO,HI,AWP,WE,Towers with Radar,53,1,4,0,58,13,147,29,0,189,66,148,33,0,247,20,0,20,267
02/10/2000,ITO,HI,AWP,WE,Towers with Radar,62,1,5,10,78,0,147,32,0,179,62,148,37,10,257,40,10,50,307
02/11/2000,ITO,HI,AWP,WE,Towers with Radar,65,2,5,11,83,0,121,43,10,174,65,123,48,21,257,52,38,90,347
02/12/2000,ITO,HI,AWP,WE,Towers with Radar,50,1,4,9,64,9,145,28,1,183,59,146,32,10,247,24,38,62,309
02/13/2000,ITO,HI,AWP,WE,Towers with Radar,57,1,5,10,73,3,121,38,8,170,60,122,43,18,243,26,0,26,269
02/14/2000,ITO,HI,AWP,WE,Towers with Radar,53,1,4,10,68,8,155,57,1,221,61,156,61,11,289,54,0,54,343
02/15/2000,ITO,HI,AWP,WE,Towers with Radar,65,1,5,11,82,2,137,39,9,187,67,138,44,20,269,28,0,28,297
02/16/2000,ITO,HI,AWP,WE,Towers with Radar,54,1,4,8,67,8,139,44,0,191,62,140,48,8,258,72,0,72,330
02/17/2000,ITO,HI,AWP,WE,Towers with Radar,63,1,5,10,79,1,162,46,6,215,64,163,51,16,294,142,8,150,444
02/18/2000,ITO,HI,AWP,WE,Towers with Radar,70,2,5,8,85,1,154,48,0,203,71,156,53,8,288,92,14,106,394
02/19/2000,ITO,HI,AWP,WE,Towers with Radar,47,0,5,2,54,9,168,35,0,212,56,168,40,2,266,54,0,54,320
02/20/2000,ITO,HI,AWP,WE,Towers with Radar,54,0,5,8,67,6,146,18,4,174,60,146,23,12,241,42,24,66,307
02/21/2000,ITO,HI,AWP,WE,Towers with Radar,66,0,6,11,83,2,149,43,1,195,68,149,49,12,278,77,4,81,359
02/22/2000,ITO,HI,AWP,WE,Towers with Radar,62,1,8,15,86,0,162,73,38,273,62,163,81,53,359,130,84,214,573
02/23/2000,ITO,HI,AWP,WE,Towers with Radar,56,1,5,13,75,0,183,57,27,267,56,184,62,40,342,110,78,188,530
02/24/2000,ITO,HI,AWP,WE,Towers with Radar,59,1,5,12,77,0,196,78,25,299,59,197,83,37,376,58,56,114,490
02/25/2000,ITO,HI,AWP,WE,Towers with Radar,61,1,5,11,78,0,154,28,19,201,61,155,33,30,279,96,52,148,427
02/26/2000,ITO,HI,AWP,WE,Towers with Radar,59,0,5,2,66,0,123,99,0,222,59,123,104,2,288,36,2,38,326
02/27/2000,ITO,HI,AWP,WE,Towers with Radar,55,0,4,10,69,4,121,53,3,181,59,121,57,13,250,58,18,76,326
02/28/2000,ITO,HI,AWP,WE,Towers with Radar,57,0,4,10,71,2,169,41,5,217,59,169,45,15,288,108,0,108,396
02/29/2000,ITO,HI,AWP,WE,Towers with Radar,62,1,5,11,79,0,136,30,9,175,62,137,35,20,254,70,18,88,342
03/01/2000,ITO,HI,AWP,WE,Towers with Radar,62,1,3,8,74,0,138,28,18,184,62,139,31,26,258,72,16,88,346
03/02/2000,ITO,HI,AWP,WE,Towers with Radar,58,1,2,8,69,0,160,75,19,254,58,161,77,27,323,60,30,90,413
03/03/2000,ITO,HI,AWP,WE,Towers with Radar,63,1,2,7,73,0,132,41,8,181,63,133,43,15,254,24,0,24,278
03/04/2000,ITO,HI,AWP,WE,Towers with Radar,58,1,2,6,67,5,116,44,7,172,63,117,46,13,239,44,18,62,301
03/05/2000,ITO,HI,AWP,WE,Towers with Radar,61,1,3,8,73,0,99,33,27,159,61,100,36,35,232,22,12,34,266
03/06/2000,ITO,HI,AWP,WE,Towers with Radar,57,1,2,5,65,2,116,43,0,161,59,117,45,5,226,48,0,48,274
03/07/2000,ITO,HI,AWP,WE,Towers with Radar,63,1,2,8,74,0,180,47,27,254,63,181,49,35,328,64,70,134,462
03/08/2000,ITO,HI,AWP,WE,Towers with Radar,61,1,2,7,71,1,168,36,2,207,62,169,38,9,278,70,12,82,360
03/09/2000,ITO,HI,AWP,WE,Towers with Radar,60,1,2,7,70,4,192,47,35,278,64,193,49,42,348,60,124,184,532
03/10/2000,ITO,HI,AWP,WE,Towers with Radar,53,1,1,7,62,9,137,39,13,198,62,138,40,20,260,28,48,76,336
03/11/2000,ITO,HI,AWP,WE,Towers with Radar,55,1,2,0,58,2,118,24,0,144,57,119,26,0,202,12,0,12,214
03/12/2000,ITO,HI,AWP,WE,Towers with Radar,55,1,2,3,61,6,91,23,0,120,61,92,25,3,181,16,0,16,197
03/13/2000,ITO,HI,AWP,WE,Towers with Radar,54,1,2,2,59,7,174,37,0,218,61,175,39,2,277,30,0,30,307
03/14/2000,ITO,HI,AWP,WE,Towers with Radar,61,1,2,8,72,1,163,35,2,201,62,164,37,10,273,12,64,76,349
03/15/2000,ITO,HI,AWP,WE,Towers with Radar,56,1,2,3,62,5,182,36,0,223,61,183,38,3,285,52,4,56,341
03/16/2000,ITO,HI,AWP,WE,Towers with Radar,55,1,2,4,62,4,161,47,0,212,59,162,49,4,274,46,36,82,356
03/17/2000,ITO,HI,AWP,WE,Towers with Radar,60,1,2,0,63,8,129,34,0,171,68,130,36,0,234,26,0,26,260
03/18/2000,ITO,HI,AWP,WE,Towers with Radar,49,1,2,0,52,9,112,10,0,131,58,113,12,0,183,12,0,12,195
03/19/2000,ITO,HI,AWP,WE,Towers with Radar,53,1,1,1,56,7,118,34,0,159,60,119,35,1,215,56,0,56,271
03/20/2000,ITO,HI,AWP,WE,Towers with Radar,57,1,2,7,67,5,127,49,0,181,62,128,51,7,248,30,0,30,278
03/21/2000,ITO,HI,AWP,WE,Towers with Radar,62,1,2,9,74,0,161,47,16,224,62,162,49,25,298,56,40,96,394
03/22/2000,ITO,HI,AWP,WE,Towers with Radar,60,1,2,8,71,0,162,43,9,214,60,163,45,17,285,50,18,68,353
03/23/2000,ITO,HI,AWP,WE,Towers with Radar,66,1,2,9,78,0,186,47,12,245,66,187,49,21,323,12,48,60,383
03/24/2000,ITO,HI,AWP,WE,Towers with Radar,63,0,3,7,73,0,166,43,7,216,63,166,46,14,289,103,4,107,396
03/25/2000,ITO,HI,AWP,WE,Towers with Radar,57,0,3,4,64,5,122,23,0,150,62,122,26,4,214,40,0,40,254
03/26/2000,ITO,HI,AWP,WE,Towers with Radar,59,0,3,0,62,2,107,30,0,139,61,107,33,0,201,60,0,60,261
03/27/2000,ITO,HI,AWP,WE,Towers with Radar,60,0,3,8,71,0,75,17,12,104,60,75,20,20,175,12,14,26,201
03/28/2000,ITO,HI,AWP,WE,Towers with Radar,61,0,3,6,70,1,163,42,8,214,62,163,45,14,284,58,14,72,356
03/29/2000,ITO,HI,AWP,WE,Towers with Radar,64,0,4,7,75,0,204,58,1,263,64,204,62,8,338,46,4,50,388
03/30/2000,ITO,HI,AWP,WE,Towers with Radar,58,0,3,6,67,4,205,39,5,253,62,205,42,11,320,64,18,82,402
03/31/2000,ITO,HI,AWP,WE,Towers with Radar,59,0,3,5,67,3,159,38,0,200,62,159,41,5,267,42,24,66,333
04/01/2000,ITO,HI,AWP,WE,Towers with Radar,54,2,4,4,64,4,86,17,0,107,58,88,21,4,171,34,0,34,205
04/02/2000,ITO,HI,AWP,WE,Towers with Radar,65,2,6,6,79,2,122,32,4,160,67,124,38,10,239,92,10,102,341
04/03/2000,ITO,HI,AWP,WE,Towers with Radar,62,2,6,6,76,0,105,22,29,156,62,107,28,35,232,46,12,58,290
04/04/2000,ITO,HI,AWP,WE,Towers with Radar,62,2,5,2,71,2,118,32,0,152,64,120,37,2,223,84,0,84,307
04/05/2000,ITO,HI,AWP,WE,Towers with Radar,62,2,6,6,76,0,168,33,6,207,62,170,39,12,283,48,30,78,361
04/06/2000,ITO,HI,AWP,WE,Towers with Radar,63,2,5,6,76,0,173,58,20,251,63,175,63,26,327,32,46,78,405
04/07/2000,ITO,HI,AWP,WE,Towers with Radar,55,2,4,5,66,6,158,55,7,226,61,160,59,12,292,90,5,95,387
04/08/2000,ITO,HI,AWP,WE,Towers with Radar,50,2,4,4,60,6,109,39,5,159,56,111,43,9,219,36,32,68,287
04/09/2000,ITO,HI,AWP,WE,Towers with Radar,59,2,6,4,71,0,2,8,0,10,59,4,14,4,81,4,0,4,85
04/10/2000,ITO,HI,AWP,WE,Towers with Radar,61,2,5,5,73,0,6,6,0,12,61,8,11,5,85,0,4,4,89
04/11/2000,ITO,HI,AWP,WE,Towers with Radar,59,2,6,6,73,4,58,15,2,79,63,60,21,8,152,24,4,28,180
04/12/2000,ITO,HI,AWP,WE,Towers with Radar,53,2,4,2,61,11,177,49,0,237,64,179,53,2,298,62,0,62,360
04/13/2000,ITO,HI,AWP,WE,Towers with Radar,61,2,5,7,75,0,188,77,16,281,61,190,82,23,356,110,50,160,516
04/14/2000,ITO,HI,AWP,WE,Towers with Radar,61,2,5,7,75,0,125,28,7,160,61,127,33,14,235,36,22,58,293
04/15/2000,ITO,HI,AWP,WE,Towers with Radar,45,2,4,0,51,9,151,27,0,187,54,153,31,0,238,12,0,12,250
04/16/2000,ITO,HI,AWP,WE,Towers with Radar,60,2,6,3,71,1,131,39,0,171,61,133,45,3,242,46,0,46,288
04/17/2000,ITO,HI,AWP,WE,Towers with Radar,61,2,5,7,75,2,97,34,0,133,63,99,39,7,208,24,0,24,232
04/18/2000,ITO,HI,AWP,WE,Towers with Radar,63,3,7,8,81,0,158,62,21,241,63,161,69,29,322,104,48,152,474
04/19/2000,ITO,HI,AWP,WE,Towers with Radar,62,3,6,7,78,0,193,65,19,277,62,196,71,26,355,102,40,142,497
04/20/2000,ITO,HI,AWP,WE,Towers with Radar,66,3,6,6,81,0,176,51,10,237,66,179,57,16,318,32,4,36,354
04/21/2000,ITO,HI,AWP,WE,Towers with Radar,60,1,6,7,74,0,154,46,0,200,60,155,52,7,274,58,0,58,332
04/22/2000,ITO,HI,AWP,WE,Towers with Radar,55,1,6,6,68,0,188,54,1,243,55,189,60,7,311,38,14,52,363
04/23/2000,ITO,HI,AWP,WE,Towers with Radar,56,1,6,0,63,5,174,33,0,212,61,175,39,0,275,60,0,60,335
04/24/2000,ITO,HI,AWP,WE,Towers with Radar,61,1,6,6,74,0,92,32,1,125,61,93,38,7,199,32,0,32,231
04/25/2000,ITO,HI,AWP,WE,Towers with Radar,61,1,7,6,75,0,168,46,23,237,61,169,53,29,312,28,44,72,384
04/26/2000,ITO,HI,AWP,WE,Towers with Radar,65,2,7,6,80,0,197,37,22,256,65,199,44,28,336,54,62,116,452
04/27/2000,ITO,HI,AWP,WE,Towers with Radar,64,1,6,6,77,0,176,36,4,216,64,177,42,10,293,32,22,54,347
04/28/2000,ITO,HI,AWP,WE,Towers with Radar,61,1,7,5,74,0,173,40,3,216,61,174,47,8,290,32,2,34,324
04/29/2000,ITO,HI,AWP,WE,Towers with Radar,52,1,5,0,58,8,95,26,0,129,60,96,31,0,187,32,0,32,219
04/30/2000,ITO,HI,AWP,WE,Towers with Radar,78,2,7,3,90,7,156,49,0,212,85,158,56,3,302,30,0,30,332
05/01/2000,ITO,HI,AWP,WE,Towers with Radar,60,3,3,6,72,0,154,56,16,226,60,157,59,22,298,66,28,94,392
05/02/2000,ITO,HI,AWP,WE,Towers with Radar,62,3,4,6,75,0,167,49,17,233,62,170,53,23,308,70,8,78,386
05/03/2000,ITO,HI,AWP,WE,Towers with Radar,60,3,3,5,71,0,179,56,7,242,60,182,59,12,313,64,18,82,395
05/04/2000,ITO,HI,AWP,WE,Towers with Radar,57,2,3,4,66,2,167,58,0,227,59,169,61,4,293,78,0,78,371
05/05/2000,ITO,HI,AWP,WE,Towers with Radar,71,3,3,0,77,11,149,33,0,193,82,152,36,0,270,40,0,40,310
05/06/2000,ITO,HI,AWP,WE,Towers with Radar,55,2,3,5,65,3,105,17,10,135,58,107,20,15,200,22,8,30,230
05/07/2000,ITO,HI,AWP,WE,Towers with Radar,56,2,3,6,67,5,132,38,13,188,61,134,41,19,255,10,12,22,277
05/08/2000,ITO,HI,AWP,WE,Towers with Radar,58,2,3,6,69,7,106,37,0,150,65,108,40,6,219,28,2,30,249
05/09/2000,ITO,HI,AWP,WE,Towers with Radar,62,3,4,7,76,0,143,48,24,215,62,146,52,31,291,44,28,72,363
05/10/2000,ITO,HI,AWP,WE,Towers with Radar,58,3,3,5,69,0,194,45,12,251,58,197,48,17,320,42,40,82,402
05/11/2000,ITO,HI,AWP,WE,Towers with Radar,60,3,4,7,74,0,107,38,9,154,60,110,42,16,228,94,18,112,340
05/12/2000,ITO,HI,AWP,WE,Towers with Radar,59,3,3,5,70,5,132,36,2,175,64,135,39,7,245,86,4,90,335
05/13/2000,ITO,HI,AWP,WE,Towers with Radar,59,3,3,5,70,0,193,48,9,250,59,196,51,14,320,38,30,68,388
05/14/2000,ITO,HI,AWP,WE,Towers with Radar,53,2,3,0,58,9,93,19,0,121,62,95,22,0,179,8,0,8,187
05/15/2000,ITO,HI,AWP,WE,Towers with Radar,55,2,3,0,60,8,151,36,0,195,63,153,39,0,255,42,0,42,297
05/16/2000,ITO,HI,AWP,WE,Towers with Radar,57,2,3,0,62,3,162,46,0,211,60,164,49,0,273,70,0,70,343
05/17/2000,ITO,HI,AWP,WE,Towers with Radar,55,2,3,4,64,2,103,22,1,128,57,105,25,5,192,30,6,36,228
05/18/2000,ITO,HI,AWP,WE,Towers with Radar,61,2,4,5,72,0,131,35,14,180,61,133,39,19,252,46,36,82,334
05/19/2000,ITO,HI,AWP,WE,Towers with Radar,62,2,4,5,73,0,178,44,6,228,62,180,48,11,301,26,10,36,337
05/20/2000,ITO,HI,AWP,WE,Towers with Radar,52,1,3,0,56,8,91,19,0,118,60,92,22,0,174,12,0,12,186
05/21/2000,ITO,HI,AWP,WE,Towers with Radar,53,1,4,2,60,8,112,22,0,142,61,113,26,2,202,20,12,32,234
05/22/2000,ITO,HI,AWP,WE,Towers with Radar,59,1,4,5,69,3,164,46,2,215,62,165,50,7,284,72,2,74,358
05/23/2000,ITO,HI,AWP,WE,Towers with Radar,59,2,3,6,70,0,156,53,5,214,59,158,56,11,284,66,26,92,376
05/24/2000,ITO,HI,AWP,WE,Towers with Radar,61,2,4,7,74,0,164,42,37,243,61,166,46,44,317,26,44,70,387
05/25/2000,ITO,HI,AWP,WE,Towers with Radar,61,2,3,6,72,0,194,47,9,250,61,196,50,15,322,92,32,124,446
05/26/2000,ITO,HI,AWP,WE,Towers with Radar,59,1,3,0,63,8,174,36,0,218,67,175,39,0,281,62,0,62,343
05/27/2000,ITO,HI,AWP,WE,Towers with Radar,53,1,3,0,57,8,141,29,0,178,61,142,32,0,235,34,0,34,269
05/28/2000,ITO,HI,AWP,WE,Towers with Radar,54,1,3,0,58,6,141,44,0,191,60,142,47,0,249,32,0,32,281
05/29/2000,ITO,HI,AWP,WE,Towers with Radar,63,2,3,0,68,3,148,35,0,186,66,150,38,0,254,28,0,28,282
05/30/2000,ITO,HI,AWP,WE,Towers with Radar,61,2,3,7,73,0,160,45,23,228,61,162,48,30,301,78,74,152,453
05/31/2000,ITO,HI,AWP,WE,Towers with Radar,61,2,3,5,71,0,169,51,2,222,61,171,54,7,293,72,24,96,389
06/01/2000,ITO,HI,AWP,WE,Towers with Radar,60,3,2,6,71,0,169,45,12,226,60,172,47,18,297,74,44,118,415
06/02/2000,ITO,HI,AWP,WE,Towers with Radar,54,2,2,1,59,7,121,33,0,161,61,123,35,1,220,38,0,38,258
06/03/2000,ITO,HI,AWP,WE,Towers with Radar,62,3,2,6,73,0,98,22,5,125,62,101,24,11,198,4,24,28,226
06/04/2000,ITO,HI,AWP,WE,Towers with Radar,57,3,2,3,65,4,134,28,0,166,61,137,30,3,231,36,0,36,267
06/05/2000,ITO,HI,AWP,WE,Towers with Radar,59,3,2,2,66,4,127,54,0,185,63,130,56,2,251,30,0,30,281
06/06/2000,ITO,HI,AWP,WE,Towers with Radar,61,3,2,7,73,0,141,56,4,201,61,144,58,11,274,54,14,68,342
06/07/2000,ITO,HI,AWP,WE,Towers with Radar,61,3,2,2,68,0,120,38,0,158,61,123,40,2,226,64,0,64,290
06/08/2000,ITO,HI,AWP,WE,Towers with Radar,59,3,2,1,65,5,190,37,0,232,64,193,39,1,297,34,0,34,331
06/09/2000,ITO,HI,AWP,WE,Towers with Radar,59,3,2,5,69,1,136,52,4,193,60,139,54,9,262,72,4,76,338
06/10/2000,ITO,HI,AWP,WE,Towers with Radar,55,3,2,4,64,6,110,20,0,136,61,113,22,4,200,12,0,12,212
06/11/2000,ITO,HI,AWP,WE,Towers with Radar,55,2,3,5,65,6,76,21,12,115,61,78,24,17,180,16,12,28,208
06/12/2000,ITO,HI,AWP,WE,Towers with Radar,59,2,3,5,69,4,133,32,6,175,63,135,35,11,244,56,10,66,310
06/13/2000,ITO,HI,AWP,WE,Towers with Radar,62,2,3,7,74,0,160,45,12,217,62,162,48,19,291,54,48,102,393
06/14/2000,ITO,HI,AWP,WE,Towers with Radar,57,2,3,5,67,1,120,37,6,164,58,122,40,11,231,60,54,114,345
06/15/2000,ITO,HI,AWP,WE,Towers with Radar,63,2,3,7,75,0,186,55,16,257,63,188,58,23,332,50,72,122,454
06/16/2000,ITO,HI,AWP,WE,Towers with Radar,59,2,3,6,70,0,156,47,10,213,59,158,50,16,283,126,30,156,439
06/17/2000,ITO,HI,AWP,WE,Towers with Radar,51,1,3,3,58,6,133,71,0,210,57,134,74,3,268,74,0,74,342
06/18/2000,ITO,HI,AWP,WE,Towers with Radar,50,1,3,0,54,7,121,17,0,145,57,122,20,0,199,22,0,22,221
06/19/2000,ITO,HI,AWP,WE,Towers with Radar,62,2,2,7,73,0,137,38,19,194,62,139,40,26,267,38,116,154,421
06/20/2000,ITO,HI,AWP,WE,Towers with Radar,60,2,2,7,71,0,202,51,16,269,60,204,53,23,340,44,112,156,496
06/21/2000,ITO,HI,AWP,WE,Towers with Radar,59,2,2,6,69,0,191,63,6,260,59,193,65,12,329,70,0,70,399
06/22/2000,ITO,HI,AWP,WE,Towers with Radar,59,2,2,6,69,0,182,45,19,246,59,184,47,25,315,70,52,122,437
06/23/2000,ITO,HI,AWP,WE,Towers with Radar,56,2,2,5,65,4,195,45,10,254,60,197,47,15,319,42,12,54,373
06/24/2000,ITO,HI,AWP,WE,Towers with Radar,51,1,2,5,59,6,129,26,5,166,57,130,28,10,225,34,0,34,259
06/25/2000,ITO,HI,AWP,WE,Towers with Radar,56,2,2,5,65,8,127,36,0,171,64,129,38,5,236,52,10,62,298
06/26/2000,ITO,HI,AWP,WE,Towers with Radar,57,2,2,5,66,2,100,32,5,139,59,102,34,10,205,28,0,28,233
06/27/2000,ITO,HI,AWP,WE,Towers with Radar,61,2,2,7,72,0,207,59,8,274,61,209,61,15,346,72,66,138,484
06/28/2000,ITO,HI,AWP,WE,Towers with Radar,62,2,3,7,74,0,221,62,11,294,62,223,65,18,368,128,26,154,522
06/29/2000,ITO,HI,AWP,WE,Towers with Radar,61,2,2,6,71,0,187,53,4,244,61,189,55,10,315,22,16,38,353
06/30/2000,ITO,HI,AWP,WE,Towers with Radar,65,2,2,4,73,0,187,45,0,232,65,189,47,4,305,96,4,100,405
07/01/2000,ITO,HI,AWP,WE,Towers with Radar,52,3,4,2,61,7,120,46,0,173,59,123,50,2,234,24,0,24,258
07/02/2000,ITO,HI,AWP,WE,Towers with Radar,59,4,4,7,74,6,121,37,1,165,65,125,41,8,239,78,22,100,339
07/03/2000,ITO,HI,AWP,WE,Towers with Radar,53,3,4,6,66,8,175,44,4,231,61,178,48,10,297,86,0,86,383
07/04/2000,ITO,HI,AWP,WE,Towers with Radar,51,3,3,0,57,12,131,32,0,175,63,134,35,0,232,26,0,26,258
07/05/2000,ITO,HI,AWP,WE,Towers with Radar,54,3,4,0,61,6,148,40,0,194,60,151,44,0,255,62,0,62,317
07/06/2000,ITO,HI,AWP,WE,Towers with Radar,60,5,6,8,79,0,180,61,20,261,60,185,67,28,340,42,18,60,400
07/07/2000,ITO,HI,AWP,WE,Towers with Radar,60,4,4,5,73,0,156,35,0,191,60,160,39,5,264,36,12,48,312
07/08/2000,ITO,HI,AWP,WE,Towers with Radar,63,4,6,10,83,0,172,47,24,243,63,176,53,34,326,42,84,126,452
07/09/2000,ITO,HI,AWP,WE,Towers with Radar,50,3,3,6,62,11,118,23,0,152,61,121,26,6,214,68,10,78,292
07/10/2000,ITO,HI,AWP,WE,Towers with Radar,56,3,5,7,71,6,144,20,3,173,62,147,25,10,244,18,0,18,262
07/11/2000,ITO,HI,AWP,WE,Towers with Radar,62,4,5,9,80,0,164,48,8,220,62,168,53,17,300,96,14,110,410
07/12/2000,ITO,HI,AWP,WE,Towers with Radar,62,4,5,9,80,0,237,42,46,325,62,241,47,55,405,32,108,140,545
07/13/2000,ITO,HI,AWP,WE,Towers with Radar,59,4,4,8,75,0,189,64,20,273,59,193,68,28,348,80,28,108,456
07/14/2000,ITO,HI,AWP,WE,Towers with Radar,55,3,4,7,69,6,193,42,3,244,61,196,46,10,313,88,2,90,403
07/15/2000,ITO,HI,AWP,WE,Towers with Radar,50,3,3,5,61,4,94,28,0,126,54,97,31,5,187,54,0,54,241
07/16/2000,ITO,HI,AWP,WE,Towers with Radar,61,3,5,1,70,6,70,25,0,101,67,73,30,1,171,26,0,26,197
07/17/2000,ITO,HI,AWP,WE,Towers with Radar,62,3,6,8,79,1,0,13,6,20,63,3,19,14,99,6,8,14,113
07/18/2000,ITO,HI,AWP,WE,Towers with Radar,60,3,6,10,79,0,212,48,12,272,60,215,54,22,351,64,12,76,427
07/19/2000,ITO,HI,AWP,WE,Towers with Radar,59,3,6,8,76,0,179,45,14,238,59,182,51,22,314,94,72,166,480
07/20/2000,ITO,HI,AWP,WE,Towers with Radar,60,3,5,8,76,2,207,46,1,256,62,210,51,9,332,68,6,74,406
07/21/2000,ITO,HI,AWP,WE,Towers with Radar,62,3,5,8,78,0,126,35,1,162,62,129,40,9,240,18,0,18,258
07/22/2000,ITO,HI,AWP,WE,Towers with Radar,47,2,4,3,56,10,103,30,0,143,57,105,34,3,199,8,0,8,207
07/23/2000,ITO,HI,AWP,WE,Towers with Radar,58,3,5,6,72,5,165,35,0,205,63,168,40,6,277,20,0,20,297
07/24/2000,ITO,HI,AWP,WE,Towers with Radar,61,3,6,7,77,0,107,34,7,148,61,110,40,14,225,34,14,48,273
07/25/2000,ITO,HI,AWP,WE,Towers with Radar,60,3,6,8,77,0,97,39,5,141,60,100,45,13,218,92,44,136,354
07/26/2000,ITO,HI,AWP,WE,Towers with Radar,60,3,6,7,76,0,234,45,23,302,60,237,51,30,378,42,58,100,478
07/27/2000,ITO,HI,AWP,WE,Towers with Radar,62,3,6,9,80,0,228,55,32,315,62,231,61,41,395,71,50,121,516
07/28/2000,ITO,HI,AWP,WE,Towers with Radar,62,3,5,7,77,1,191,52,1,245,63,194,57,8,322,68,20,88,410
07/29/2000,ITO,HI,AWP,WE,Towers with Radar,63,3,6,7,79,3,120,33,2,158,66,123,39,9,237,46,0,46,283
07/30/2000,ITO,HI,AWP,WE,Towers with Radar,63,3,5,2,73,2,71,25,0,98,65,74,30,2,171,32,4,36,207
07/31/2000,ITO,HI,AWP,WE,Towers with Radar,59,3,4,8,74,1,115,47,11,174,60,118,51,19,248,46,8,54,302
08/01/2000,ITO,HI,AWP,WE,Towers with Radar,58,5,2,4,69,5,94,30,0,129,63,99,32,4,198,22,24,46,244
08/02/2000,ITO,HI,AWP,WE,Towers with Radar,60,5,3,9,77,0,222,72,27,321,60,227,75,36,398,30,94,124,522
08/03/2000,ITO,HI,AWP,WE,Towers with Radar,63,5,3,10,81,0,185,70,27,282,63,190,73,37,363,110,26,136,499
08/04/2000,ITO,HI,AWP,WE,Towers with Radar,57,4,2,6,69,4,169,44,0,217,61,173,46,6,286,28,26,54,340
08/05/2000,ITO,HI,AWP,WE,Towers with Radar,57,5,2,8,72,1,127,41,24,193,58,132,43,32,265,14,22,36,301
08/06/2000,ITO,HI,AWP,WE,Towers with Radar,68,3,4,10,85,2,116,43,7,168,70,119,47,17,253,28,58,86,339
08/07/2000,ITO,HI,AWP,WE,Towers with Radar,57,3,3,8,71,6,159,55,5,225,63,162,58,13,296,22,42,64,360
08/08/2000,ITO,HI,AWP,WE,Towers with Radar,61,3,4,9,77,0,131,65,20,216,61,134,69,29,293,42,36,78,371
08/09/2000,ITO,HI,AWP,WE,Towers with Radar,62,4,4,10,80,0,155,52,20,227,62,159,56,30,307,28,94,122,429
08/10/2000,ITO,HI,AWP,WE,Towers with Radar,59,4,4,10,77,0,264,44,28,336,59,268,48,38,413,38,56,94,507
08/11/2000,ITO,HI,AWP,WE,Towers with Radar,60,3,4,9,76,0,165,47,14,226,60,168,51,23,302,55,2,57,359
08/12/2000,ITO,HI,AWP,WE,Towers with Radar,49,3,3,0,55,9,98,43,0,150,58,101,46,0,205,48,0,48,253
08/13/2000,ITO,HI,AWP,WE,Towers with Radar,53,3,3,3,62,9,85,30,0,124,62,88,33,3,186,50,4,54,240
08/14/2000,ITO,HI,AWP,WE,Towers with Radar,53,3,3,3,62,8,141,41,0,190,61,144,44,3,252,32,0,32,284
08/15/2000,ITO,HI,AWP,WE,Towers with Radar,58,4,3,8,73,2,170,46,7,225,60,174,49,15,298,42,32,74,372
08/16/2000,ITO,HI,AWP,WE,Towers with Radar,63,4,4,9,80,0,183,44,15,242,63,187,48,24,322,54,16,70,392
08/17/2000,ITO,HI,AWP,WE,Towers with Radar,58,4,3,7,72,6,181,42,10,239,64,185,45,17,311,50,0,50,361
08/18/2000,ITO,HI,AWP,WE,Towers with Radar,54,3,3,6,66,5,113,29,0,147,59,116,32,6,213,52,4,56,269
08/19/2000,ITO,HI,AWP,WE,Towers with Radar,45,2,3,0,50,9,15,3,0,27,54,17,6,0,77,22,0,22,99
08/20/2000,ITO,HI,AWP,WE,Towers with Radar,57,2,2,0,61,11,0,0,0,11,68,2,2,0,72,10,0,10,82
08/21/2000,ITO,HI,AWP,WE,Towers with Radar,54,3,3,3,63,5,94,24,0,123,59,97,27,3,186,24,0,24,210
08/22/2000,ITO,HI,AWP,WE,Towers with Radar,59,5,4,10,78,0,81,29,18,128,59,86,33,28,206,4,22,26,232
08/23/2000,ITO,HI,AWP,WE,Towers with Radar,60,3,4,9,76,0,109,36,11,156,60,112,40,20,232,62,52,114,346
08/24/2000,ITO,HI,AWP,WE,Towers with Radar,70,5,3,11,89,0,189,58,30,277,70,194,61,41,366,36,94,130,496
08/25/2000,ITO,HI,AWP,WE,Towers with Radar,55,3,2,5,65,7,190,45,0,242,62,193,47,5,307,90,0,90,397
08/26/2000,ITO,HI,AWP,WE,Towers with Radar,50,3,2,4,59,6,78,20,0,104,56,81,22,4,163,76,38,114,277
08/27/2000,ITO,HI,AWP,WE,Towers with Radar,61,3,2,9,75,1,137,28,2,168,62,140,30,11,243,26,48,74,317
08/28/2000,ITO,HI,AWP,WE,Towers with Radar,59,3,3,3,68,0,59,37,0,96,59,62,40,3,164,62,0,62,226
08/29/2000,ITO,HI,AWP,WE,Towers with Radar,58,3,3,7,71,0,144,37,0,181,58,147,40,7,252,54,20,74,326
08/30/2000,ITO,HI,AWP,WE,Towers with Radar,55,3,2,1,61,4,30,12,0,46,59,33,14,1,107,14,0,14,121
08/31/2000,ITO,HI,AWP,WE,Towers with Radar,62,3,3,9,77,4,185,49,5,243,66,188,52,14,320,92,28,120,440
09/01/2000,ITO,HI,AWP,WE,Towers with Radar,56,2,2,7,67,10,181,43,8,242,66,183,45,15,309,82,16,98,407
09/02/2000,ITO,HI,AWP,WE,Towers with Radar,51,2,2,0,55,6,84,38,0,128,57,86,40,0,183,34,0,34,217
09/03/2000,ITO,HI,AWP,WE,Towers with Radar,51,2,2,0,55,9,93,18,0,120,60,95,20,0,175,2,0,2,177
09/04/2000,ITO,HI,AWP,WE,Towers with Radar,58,2,2,1,63,7,133,34,0,174,65,135,36,1,237,12,0,12,249
09/05/2000,ITO,HI,AWP,WE,Towers with Radar,60,3,3,8,74,0,76,24,18,118,60,79,27,26,192,50,40,90,282
09/06/2000,ITO,HI,AWP,WE,Towers with Radar,60,3,2,7,72,0,32,20,23,75,60,35,22,30,147,56,78,134,281
09/07/2000,ITO,HI,AWP,WE,Towers with Radar,56,2,2,2,62,4,149,42,0,195,60,151,44,2,257,72,10,82,339
09/08/2000,ITO,HI,AWP,WE,Towers with Radar,55,2,2,5,64,7,66,34,0,107,62,68,36,5,171,42,0,42,213
09/09/2000,ITO,HI,AWP,WE,Towers with Radar,55,2,3,8,68,0,112,22,18,152,55,114,25,26,220,36,32,68,288
09/10/2000,ITO,HI,AWP,WE,Towers with Radar,55,2,2,7,66,3,66,24,3,96,58,68,26,10,162,14,20,34,196
09/11/2000,ITO,HI,AWP,WE,Towers with Radar,52,2,2,4,60,7,133,63,0,203,59,135,65,4,263,56,0,56,319
09/12/2000,ITO,HI,AWP,WE,Towers with Radar,61,2,3,7,73,0,64,29,3,96,61,66,32,10,169,56,62,118,287
09/13/2000,ITO,HI,AWP,WE,Towers with Radar,61,3,2,8,74,0,87,50,13,150,61,90,52,21,224,68,60,128,352
09/14/2000,ITO,HI,AWP,WE,Towers with Radar,50,2,2,6,60,6,225,77,4,312,56,227,79,10,372,60,0,60,432
09/15/2000,ITO,HI,AWP,WE,Towers with Radar,55,2,2,7,66,0,143,68,2,213,55,145,70,9,279,88,8,96,375
09/16/2000,ITO,HI,AWP,WE,Towers with Radar,48,2,2,0,52,9,104,29,0,142,57,106,31,0,194,20,0,20,214
09/17/2000,ITO,HI,AWP,WE,Towers with Radar,51,2,2,0,55,9,115,35,0,159,60,117,37,0,214,62,0,62,276
09/18/2000,ITO,HI,AWP,WE,Towers with Radar,58,2,3,7,70,0,129,53,7,189,58,131,56,14,259,26,62,88,347
09/19/2000,ITO,HI,AWP,WE,Towers with Radar,58,1,3,7,69,0,109,35,5,149,58,110,38,12,218,58,50,108,326
09/20/2000,ITO,HI,AWP,WE,Towers with Radar,60,1,4,7,72,0,145,29,24,198,60,146,33,31,270,76,34,110,380
09/21/2000,ITO,HI,AWP,WE,Towers with Radar,57,1,3,6,67,2,151,60,14,227,59,152,63,20,294,72,52,124,418
09/22/2000,ITO,HI,AWP,WE,Towers with Radar,58,1,3,6,68,5,167,47,2,221,63,168,50,8,289,64,16,80,369
09/23/2000,ITO,HI,AWP,WE,Towers with Radar,51,1,3,3,58,6,85,30,0,121,57,86,33,3,179,24,0,24,203
09/24/2000,ITO,HI,AWP,WE,Towers with Radar,51,1,3,1,56,8,102,27,0,137,59,103,30,1,193,24,0,24,217
09/25/2000,ITO,HI,AWP,WE,Towers with Radar,58,1,3,6,68,2,166,52,7,227,60,167,55,13,295,49,20,69,364
09/26/2000,ITO,HI,AWP,WE,Towers with Radar,61,2,3,7,73,0,150,53,12,215,61,152,56,19,288,60,42,102,390
09/27/2000,ITO,HI,AWP,WE,Towers with Radar,61,2,3,8,74,0,5,12,13,30,61,7,15,21,104,4,8,12,116
09/28/2000,ITO,HI,AWP,WE,Towers with Radar,60,1,2,8,71,0,185,42,18,245,60,186,44,26,316,50,66,116,432
09/29/2000,ITO,HI,AWP,WE,Towers with Radar,59,1,2,7,69,0,156,56,1,213,59,157,58,8,282,76,10,86,368
09/30/2000,ITO,HI,AWP,WE,Towers with Radar,55,1,2,0,58,1,63,19,0,83,56,64,21,0,141,10,0,10,151
10/01/2000,ITO,HI,AWP,WE,Towers with Radar,49,3,2,0,54,11,144,3,0,158,60,147,5,0,212,36,0,36,248
10/02/2000,ITO,HI,AWP,WE,Towers with Radar,51,3,2,7,63,9,110,19,3,141,60,113,21,10,204,26,0,26,230
10/03/2000,ITO,HI,AWP,WE,Towers with Radar,61,4,4,10,79,0,184,45,20,249,61,188,49,30,328,48,48,96,424
10/04/2000,ITO,HI,AWP,WE,Towers with Radar,61,4,3,9,77,0,147,55,20,222,61,151,58,29,299,56,66,122,421
10/05/2000,ITO,HI,AWP,WE,Towers with Radar,52,3,3,7,65,8,151,52,3,214,60,154,55,10,279,36,64,100,379
10/06/2000,ITO,HI,AWP,WE,Towers with Radar,61,4,3,9,77,0,192,66,9,267,61,196,69,18,344,38,2,40,384
10/07/2000,ITO,HI,AWP,WE,Towers with Radar,50,3,2,0,55,6,91,16,0,113,56,94,18,0,168,54,0,54,222
10/08/2000,ITO,HI,AWP,WE,Towers with Radar,48,3,2,2,55,11,106,32,0,149,59,109,34,2,204,32,32,64,268
10/09/2000,ITO,HI,AWP,WE,Towers with Radar,53,3,3,0,59,8,162,28,0,198,61,165,31,0,257,72,0,72,329
10/10/2000,ITO,HI,AWP,WE,Towers with Radar,60,4,4,11,79,0,137,33,26,196,60,141,37,37,275,22,80,102,377
10/11/2000,ITO,HI,AWP,WE,Towers with Radar,64,5,6,15,90,0,187,35,25,247,64,192,41,40,337,60,88,148,485
10/12/2000,ITO,HI,AWP,WE,Towers with Radar,51,3,3,8,65,4,62,12,6,84,55,65,15,14,149,18,20,38,187
10/13/2000,ITO,HI,AWP,WE,Towers with Radar,55,3,3,5,66,5,201,48,0,254,60,204,51,5,320,64,0,64,384
10/14/2000,ITO,HI,AWP,WE,Towers with Radar,58,4,3,10,75,0,54,13,19,86,58,58,16,29,161,36,62,98,259
10/15/2000,ITO,HI,AWP,WE,Towers with Radar,52,3,3,8,66,7,102,11,3,123,59,105,14,11,189,10,0,10,199
10/16/2000,ITO,HI,AWP,WE,Towers with Radar,62,4,3,2,71,0,29,23,0,52,62,33,26,2,123,42,0,42,165
10/17/2000,ITO,HI,AWP,WE,Towers with Radar,60,2,5,8,75,0,188,41,11,240,60,190,46,19,315,104,28,132,447
10/18/2000,ITO,HI,AWP,WE,Towers with Radar,55,2,4,2,63,4,138,31,0,173,59,140,35,2,236,74,2,76,312
10/19/2000,ITO,HI,AWP,WE,Towers with Radar,60,2,5,8,75,5,110,48,5,168,65,112,53,13,243,42,14,56,299
10/20/2000,ITO,HI,AWP,WE,Towers with Radar,51,2,3,5,61,7,159,55,0,221,58,161,58,5,282,122,0,122,404
10/21/2000,ITO,HI,AWP,WE,Towers with Radar,48,2,3,6,59,8,118,22,0,148,56,120,25,6,207,0,0,0,207
10/22/2000,ITO,HI,AWP,WE,Towers with Radar,50,2,3,2,57,9,96,13,0,118,59,98,16,2,175,16,0,16,191
10/23/2000,ITO,HI,AWP,WE,Towers with Radar,59,2,5,5,71,0,54,20,0,74,59,56,25,5,145,10,0,10,155
10/24/2000,ITO,HI,AWP,WE,Towers with Radar,50,2,3,3,58,7,165,60,0,232,57,167,63,3,290,78,0,78,368
10/25/2000,ITO,HI,AWP,WE,Towers with Radar,59,2,3,9,73,0,187,41,20,248,59,189,44,29,321,24,8,32,353
10/26/2000,ITO,HI,AWP,WE,Towers with Radar,62,3,4,11,80,0,81,28,23,132,62,84,32,34,212,8,34,42,254
10/27/2000,ITO,HI,AWP,WE,Towers with Radar,59,2,3,9,73,2,160,53,5,220,61,162,56,14,293,42,30,72,365
10/28/2000,ITO,HI,AWP,WE,Towers with Radar,58,3,3,10,74,0,110,29,23,162,58,113,32,33,236,30,14,44,280
10/29/2000,ITO,HI,AWP,WE,Towers with Radar,45,2,2,0,49,10,75,9,0,94,55,77,11,0,143,6,0,6,149
10/30/2000,ITO,HI,AWP,WE,Towers with Radar,60,3,3,11,77,0,93,43,6,142,60,96,46,17,219,52,24,76,295
10/31/2000,ITO,HI,AWP,WE,Towers with Radar,58,3,5,12,78,0,80,32,23,135,58,83,37,35,213,58,46,104,317
11/01/2000,ITO,HI,AWP,WE,Towers with Radar,58,3,3,6,70,0,5,5,12,22,58,8,8,18,92,0,4,4,96
11/02/2000,ITO,HI,AWP,WE,Towers with Radar,50,2,2,0,54,4,1,1,0,6,54,3,3,0,60,0,0,0,60
11/03/2000,ITO,HI,AWP,WE,Towers with Radar,61,2,3,5,71,0,133,47,2,182,61,135,50,7,253,60,10,70,323
11/04/2000,ITO,HI,AWP,WE,Towers with Radar,56,2,3,4,65,0,64,35,11,110,56,66,38,15,175,22,0,22,197
11/05/2000,ITO,HI,AWP,WE,Towers with Radar,58,2,3,4,67,0,76,31,12,119,58,78,34,16,186,34,10,44,230
11/06/2000,ITO,HI,AWP,WE,Towers with Radar,60,3,3,6,72,0,120,64,24,208,60,123,67,30,280,90,12,102,382
11/07/2000,ITO,HI,AWP,WE,Towers with Radar,62,3,3,6,74,0,144,38,12,194,62,147,41,18,268,110,14,124,392
11/08/2000,ITO,HI,AWP,WE,Towers with Radar,58,3,3,6,70,0,169,58,24,251,58,172,61,30,321,90,40,130,451
11/09/2000,ITO,HI,AWP,WE,Towers with Radar,59,2,3,2,66,1,106,32,0,139,60,108,35,2,205,84,4,88,293
11/10/2000,ITO,HI,AWP,WE,Towers with Radar,53,2,2,0,57,5,181,65,0,251,58,183,67,0,308,66,0,66,374
11/11/2000,ITO,HI,AWP,WE,Towers with Radar,49,2,2,3,56,9,101,38,0,148,58,103,40,3,204,74,0,74,278
11/12/2000,ITO,HI,AWP,WE,Towers with Radar,58,2,3,0,63,4,98,15,0,117,62,100,18,0,180,34,0,34,214
11/13/2000,ITO,HI,AWP,WE,Towers with Radar,63,3,3,6,75,0,132,43,14,189,63,135,46,20,264,18,46,64,328
11/14/2000,ITO,HI,AWP,WE,Towers with Radar,60,2,3,6,71,0,18,25,2,45,60,20,28,8,116,70,84,154,270
11/15/2000,ITO,HI,AWP,WE,Towers with Radar,55,2,2,1,60,6,63,43,0,112,61,65,45,1,172,32,0,32,204
11/16/2000,ITO,HI,AWP,WE,Towers with Radar,61,2,3,6,72,0,136,67,12,215,61,138,70,18,287,118,24,142,429
11/17/2000,ITO,HI,AWP,WE,Towers with Radar,59,2,3,5,69,1,109,43,8,161,60,111,46,13,230,78,12,90,320
11/18/2000,ITO,HI,AWP,WE,Towers with Radar,55,1,4,5,65,1,114,45,0,160,56,115,49,5,225,58,0,58,283
11/19/2000,ITO,HI,AWP,WE,Towers with Radar,54,1,3,0,58,5,95,47,0,147,59,96,50,0,205,42,0,42,247
11/20/2000,ITO,HI,AWP,WE,Towers with Radar,52,1,3,4,60,8,94,21,0,123,60,95,24,4,183,52,2,54,237
11/21/2000,ITO,HI,AWP,WE,Towers with Radar,59,2,4,5,70,0,53,20,8,81,59,55,24,13,151,76,70,146,297
11/22/2000,ITO,HI,AWP,WE,Towers with Radar,62,1,4,4,71,4,192,60,2,258,66,193,64,6,329,40,36,76,405
11/23/2000,ITO,HI,AWP,WE,Towers with Radar,61,1,4,0,66,2,118,30,0,150,63,119,34,0,216,26,0,26,242
11/24/2000,ITO,HI,AWP,WE,Towers with Radar,58,1,4,4,67,0,146,58,0,204,58,147,62,4,271,62,2,64,335
11/25/2000,ITO,HI,AWP,WE,Towers with Radar,50,1,3,0,54,3,120,25,0,148,53,121,28,0,202,54,0,54,256
11/26/2000,ITO,HI,AWP,WE,Towers with Radar,60,1,3,2,66,7,85,43,0,135,67,86,46,2,201,14,0,14,215
11/27/2000,ITO,HI,AWP,WE,Towers with Radar,56,1,3,0,60,7,104,46,0,157,63,105,49,0,217,16,0,16,233
11/28/2000,ITO,HI,AWP,WE,Towers with Radar,57,1,3,5,66,3,116,41,1,161,60,117,44,6,227,52,30,82,309
11/29/2000,ITO,HI,AWP,WE,Towers with Radar,60,1,3,6,70,0,156,51,1,208,60,157,54,7,278,40,10,50,328
11/30/2000,ITO,HI,AWP,WE,Towers with Radar,60,1,3,0,64,1,141,55,0,197,61,142,58,0,261,66,0,66,327
12/01/2000,ITO,HI,AWP,WE,Towers with Radar,52,2,3,10,67,5,158,53,4,220,57,160,56,14,287,114,16,130,417
12/02/2000,ITO,HI,AWP,WE,Towers with Radar,49,2,3,8,62,0,134,42,0,176,49,136,45,8,238,20,2,22,260
12/03/2000,ITO,HI,AWP,WE,Towers with Radar,60,3,3,4,70,1,88,27,0,116,61,91,30,4,186,9,0,9,195
12/04/2000,ITO,HI,AWP,WE,Towers with Radar,60,3,3,5,71,0,128,63,0,191,60,131,66,5,262,40,0,40,302
12/05/2000,ITO,HI,AWP,WE,Towers with Radar,60,3,4,13,80,0,98,43,51,192,60,101,47,64,272,72,66,138,410
12/06/2000,ITO,HI,AWP,WE,Towers with Radar,60,3,3,11,77,0,138,57,5,200,60,141,60,16,277,108,48,156,433
12/07/2000,ITO,HI,AWP,WE,Towers with Radar,60,3,3,12,78,0,131,50,4,185,60,134,53,16,263,150,6,156,419
12/08/2000,ITO,HI,AWP,WE,Towers with Radar,52,2,3,8,65,4,120,34,0,158,56,122,37,8,223,62,16,78,301
12/09/2000,ITO,HI,AWP,WE,Towers with Radar,55,3,3,2,63,0,74,30,0,104,55,77,33,2,167,0,0,0,167
12/10/2000,ITO,HI,AWP,WE,Towers with Radar,58,3,3,0,64,0,71,39,0,110,58,74,42,0,174,10,0,10,184
12/11/2000,ITO,HI,AWP,WE,Towers with Radar,60,3,3,0,66,0,46,17,0,63,60,49,20,0,129,44,0,44,173
12/12/2000,ITO,HI,AWP,WE,Towers with Radar,54,2,3,10,69,6,101,57,3,167,60,103,60,13,236,64,78,142,378
12/13/2000,ITO,HI,AWP,WE,Towers with Radar,40,2,2,7,51,20,51,24,7,102,60,53,26,14,153,30,14,44,197
12/14/2000,ITO,HI,AWP,WE,Towers with Radar,48,2,3,7,60,15,121,53,0,189,63,123,56,7,249,80,16,96,345
12/15/2000,ITO,HI,AWP,WE,Towers with Radar,48,2,2,2,54,16,96,52,0,164,64,98,54,2,218,0,142,142,360
12/16/2000,ITO,HI,AWP,WE,Towers with Radar,56,3,3,4,66,0,66,33,0,99,56,69,36,4,165,57,0,57,222
12/17/2000,ITO,HI,AWP,WE,Towers with Radar,58,2,4,2,66,0,44,9,0,53,58,46,13,2,119,28,0,28,147
12/18/2000,ITO,HI,AWP,WE,Towers with Radar,56,1,4,2,63,2,117,51,0,170,58,118,55,2,233,74,4,78,311
12/19/2000,ITO,HI,AWP,WE,Towers with Radar,50,1,4,8,63,10,121,26,11,168,60,122,30,19,231,30,54,84,315
12/20/2000,ITO,HI,AWP,WE,Towers with Radar,47,1,3,8,59,13,97,37,11,158,60,98,40,19,217,134,8,142,359
12/21/2000,ITO,HI,AWP,WE,Towers with Radar,53,1,3,2,59,10,141,48,0,199,63,142,51,2,258,80,0,80,338
12/22/2000,ITO,HI,AWP,WE,Towers with Radar,50,1,4,4,59,14,129,39,0,182,64,130,43,4,241,28,0,28,269
12/23/2000,ITO,HI,AWP,WE,Towers with Radar,57,1,4,0,62,1,121,24,0,146,58,122,28,0,208,22,0,22,230
12/24/2000,ITO,HI,AWP,WE,Towers with Radar,58,2,5,0,65,0,135,5,0,140,58,137,10,0,205,26,0,26,231
12/25/2000,ITO,HI,AWP,WE,Towers with Radar,49,1,2,0,52,7,7,3,0,17,56,8,5,0,69,0,0,0,69
12/26/2000,ITO,HI,AWP,WE,Towers with Radar,53,1,2,1,57,18,168,39,0,225,71,169,41,1,282,72,0,72,354
12/27/2000,ITO,HI,AWP,WE,Towers with Radar,49,1,2,9,61,11,168,47,10,236,60,169,49,19,297,74,96,170,467
12/28/2000,ITO,HI,AWP,WE,Towers with Radar,51,1,3,9,64,9,181,52,16,258,60,182,55,25,322,44,28,72,394
12/29/2000,ITO,HI,AWP,WE,Towers with Radar,60,1,3,2,66,2,175,40,0,217,62,176,43,2,283,32,8,40,323
12/30/2000,ITO,HI,AWP,WE,Towers with Radar,59,2,4,0,65,0,146,36,0,182,59,148,40,0,247,12,0,12,259
12/31/2000,ITO,HI,AWP,WE,Towers with Radar,59,2,3,4,68,0,148,39,0,187,59,150,42,4,255,30,0,30,285
01/01/2001,ITO,HI,AWP,WE,Towers with Radar,52,2,3,0,57,12,224,58,0,294,64,226,61,0,351,50,0,50,401
01/02/2001,ITO,HI,AWP,WE,Towers with Radar,56,2,3,10,71,9,219,40,5,273,65,221,43,15,344,108,64,172,516
01/03/2001,ITO,HI,AWP,WE,Towers with Radar,60,3,3,10,76,1,229,58,11,299,61,232,61,21,375,140,80,220,595
01/04/2001,ITO,HI,AWP,WE,Towers with Radar,59,3,3,11,76,0,211,82,13,306,59,214,85,24,382,140,42,182,564
01/05/2001,ITO,HI,AWP,WE,Towers with Radar,62,3,4,13,82,0,172,66,30,268,62,175,70,43,350,88,10,98,448
01/06/2001,ITO,HI,AWP,WE,Towers with Radar,57,3,3,11,74,0,154,45,10,209,57,157,48,21,283,48,0,48,331
01/07/2001,ITO,HI,AWP,WE,Towers with Radar,58,3,3,12,76,0,144,51,23,218,58,147,54,35,294,16,34,50,344
01/08/2001,ITO,HI,AWP,WE,Towers with Radar,52,2,3,6,63,7,180,66,0,253,59,182,69,6,316,100,0,100,416
01/09/2001,ITO,HI,AWP,WE,Towers with Radar,58,3,3,13,77,0,201,65,48,314,58,204,68,61,391,130,96,226,617
01/10/2001,ITO,HI,AWP,WE,Towers with Radar,58,3,3,11,75,0,184,126,27,337,58,187,129,38,412,112,112,224,636
01/11/2001,ITO,HI,AWP,WE,Towers with Radar,57,3,3,10,73,0,177,60,21,258,57,180,63,31,331,66,20,86,417
01/12/2001,ITO,HI,AWP,WE,Towers with Radar,54,2,3,10,69,4,148,69,3,224,58,150,72,13,293,42,8,50,343
01/13/2001,ITO,HI,AWP,WE,Towers with Radar,36,2,2,0,40,0,131,39,0,170,36,133,41,0,210,18,0,18,228
01/14/2001,ITO,HI,AWP,WE,Towers with Radar,48,2,3,0,53,6,51,29,0,86,54,53,32,0,139,70,0,70,209
01/15/2001,ITO,HI,AWP,WE,Towers with Radar,48,2,2,0,52,10,207,63,0,280,58,209,65,0,332,94,0,94,426
01/16/2001,ITO,HI,AWP,WE,Towers with Radar,58,3,3,1,65,0,177,24,0,201,58,180,27,1,266,18,0,18,284
01/17/2001,ITO,HI,AWP,WE,Towers with Radar,55,2,4,11,72,0,172,94,17,283,55,174,98,28,355,94,34,128,483
01/18/2001,ITO,HI,AWP,WE,Towers with Radar,56,1,4,9,70,3,217,69,2,291,59,218,73,11,361,152,42,194,555
01/19/2001,ITO,HI,AWP,WE,Towers with Radar,50,1,4,8,63,7,138,43,1,189,57,139,47,9,252,52,0,52,304
01/20/2001,ITO,HI,AWP,WE,Towers with Radar,47,1,3,0,51,9,76,28,0,113,56,77,31,0,164,20,0,20,184
01/21/2001,ITO,HI,AWP,WE,Towers with Radar,53,1,3,8,65,9,125,48,0,182,62,126,51,8,247,0,0,0,247
01/22/2001,ITO,HI,AWP,WE,Towers with Radar,50,1,4,8,63,7,170,56,5,238,57,171,60,13,301,16,4,20,321
01/23/2001,ITO,HI,AWP,WE,Towers with Radar,57,1,4,10,72,1,182,64,8,255,58,183,68,18,327,64,10,74,401
01/24/2001,ITO,HI,AWP,WE,Towers with Radar,59,2,5,12,78,0,159,48,19,226,59,161,53,31,304,66,54,120,424
01/25/2001,ITO,HI,AWP,WE,Towers with Radar,49,1,2,5,57,9,163,41,0,213,58,164,43,5,270,120,0,120,390
01/26/2001,ITO,HI,AWP,WE,Towers with Radar,53,1,2,10,66,3,161,69,9,242,56,162,71,19,308,110,8,118,426
01/27/2001,ITO,HI,AWP,WE,Towers with Radar,49,1,2,8,60,3,109,40,0,152,52,110,42,8,212,56,0,56,268
01/28/2001,ITO,HI,AWP,WE,Towers with Radar,51,1,3,3,58,5,115,45,0,165,56,116,48,3,223,74,0,74,297
01/29/2001,ITO,HI,AWP,WE,Towers with Radar,58,1,3,11,73,0,178,45,8,231,58,179,48,19,304,36,38,74,378
01/30/2001,ITO,HI,AWP,WE,Towers with Radar,58,2,4,15,79,0,108,56,22,186,58,110,60,37,265,94,22,116,381
01/31/2001,ITO,HI,AWP,WE,Towers with Radar,59,2,3,12,76,0,179,77,19,275,59,181,80,31,351,104,20,124,475
02/01/2001,ITO,HI,AWP,WE,Towers with Radar,58,2,3,9,72,0,128,60,8,196,58,130,63,17,268,54,20,74,342
02/02/2001,ITO,HI,AWP,WE,Towers with Radar,59,3,3,10,75,0,128,58,34,220,59,131,61,44,295,46,22,68,363
02/03/2001,ITO,HI,AWP,WE,Towers with Radar,48,2,2,5,57,6,103,41,0,150,54,105,43,5,207,30,0,30,237
02/04/2001,ITO,HI,AWP,WE,Towers with Radar,53,2,2,8,65,2,83,22,2,109,55,85,24,10,174,6,0,6,180
02/05/2001,ITO,HI,AWP,WE,Towers with Radar,60,2,2,10,74,0,138,30,5,173,60,140,32,15,247,40,2,42,289
02/06/2001,ITO,HI,AWP,WE,Towers with Radar,61,3,3,11,78,0,139,42,41,222,61,142,45,52,300,68,58,126,426
02/07/2001,ITO,HI,AWP,WE,Towers with Radar,57,3,2,11,73,0,139,64,20,223,57,142,66,31,296,28,92,120,416
02/08/2001,ITO,HI,AWP,WE,Towers with Radar,57,2,3,9,71,0,5,7,3,15,57,7,10,12,86,5,0,5,91
02/09/2001,ITO,HI,AWP,WE,Towers with Radar,57,2,2,10,71,0,34,19,10,63,57,36,21,20,134,26,24,50,184
02/10/2001,ITO,HI,AWP,WE,Towers with Radar,53,2,2,8,65,0,89,33,18,140,53,91,35,26,205,28,44,72,277
02/11/2001,ITO,HI,AWP,WE,Towers with Radar,56,2,2,5,65,0,28,13,0,41,56,30,15,5,106,24,0,24,130
02/12/2001,ITO,HI,AWP,WE,Towers with Radar,58,3,3,10,74,0,27,22,15,64,58,30,25,25,138,68,18,86,224
02/13/2001,ITO,HI,AWP,WE,Towers with Radar,57,2,2,10,71,0,12,27,6,45,57,14,29,16,116,22,48,70,186
02/14/2001,ITO,HI,AWP,WE,Towers with Radar,59,3,3,10,75,0,59,18,13,90,59,62,21,23,165,24,14,38,203
02/15/2001,ITO,HI,AWP,WE,Towers with Radar,54,2,2,8,66,5,94,25,7,131,59,96,27,15,197,18,4,22,219
02/16/2001,ITO,HI,AWP,WE,Towers with Radar,67,1,4,9,81,7,117,29,0,153,74,118,33,9,234,42,6,48,282
02/17/2001,ITO,HI,AWP,WE,Towers with Radar,46,1,3,0,50,8,107,18,0,133,54,108,21,0,183,8,0,8,191
02/18/2001,ITO,HI,AWP,WE,Towers with Radar,46,1,2,0,49,8,132,29,0,169,54,133,31,0,218,42,0,42,260
02/19/2001,ITO,HI,AWP,WE,Towers with Radar,53,1,3,1,58,9,153,52,0,214,62,154,55,1,272,56,0,56,328
02/20/2001,ITO,HI,AWP,WE,Towers with Radar,56,1,3,9,69,0,169,53,21,243,56,170,56,30,312,76,94,170,482
02/21/2001,ITO,HI,AWP,WE,Towers with Radar,52,1,3,7,63,7,160,40,9,216,59,161,43,16,279,26,4,30,309
02/22/2001,ITO,HI,AWP,WE,Towers with Radar,54,1,3,7,65,4,150,52,4,210,58,151,55,11,275,30,0,30,305
02/23/2001,ITO,HI,AWP,WE,Towers with Radar,53,1,3,7,64,7,137,56,9,209,60,138,59,16,273,10,0,10,283
02/24/2001,ITO,HI,AWP,WE,Towers with Radar,50,1,2,2,55,5,104,23,0,132,55,105,25,2,187,66,0,66,253
02/25/2001,ITO,HI,AWP,WE,Towers with Radar,53,1,2,0,56,3,94,44,0,141,56,95,46,0,197,52,0,52,249
02/26/2001,ITO,HI,AWP,WE,Towers with Radar,53,1,2,8,64,5,133,63,15,216,58,134,65,23,280,64,12,76,356
02/27/2001,ITO,HI,AWP,WE,Towers with Radar,52,1,2,8,63,4,127,32,1,164,56,128,34,9,227,42,6,48,275
02/28/2001,ITO,HI,AWP,WE,Towers with Radar,52,1,2,8,63,3,112,48,18,181,55,113,50,26,244,54,20,74,318
03/01/2001,ITO,HI,AWP,WE,Towers with Radar,0,0,0,0,0,54,117,39,11,221,54,117,39,11,221,28,16,44,265
03/02/2001,ITO,HI,AWP,WE,Towers with Radar,55,2,2,7,66,2,125,53,2,182,57,127,55,9,248,16,0,16,264
03/03/2001,ITO,HI,AWP,WE,Towers with Radar,52,2,2,8,64,0,76,18,7,101,52,78,20,15,165,64,22,86,251
03/04/2001,ITO,HI,AWP,WE,Towers with Radar,50,2,2,4,58,6,100,27,0,133,56,102,29,4,191,18,0,18,209
03/05/2001,ITO,HI,AWP,WE,Towers with Radar,53,2,2,7,64,2,125,32,1,160,55,127,34,8,224,42,0,42,266
03/06/2001,ITO,HI,AWP,WE,Towers with Radar,47,2,2,6,57,6,124,34,3,167,53,126,36,9,224,26,26,52,276
03/07/2001,ITO,HI,AWP,WE,Towers with Radar,54,2,3,7,66,0,123,40,3,166,54,125,43,10,232,32,2,34,266
03/08/2001,ITO,HI,AWP,WE,Towers with Radar,53,2,3,7,65,0,134,33,14,181,53,136,36,21,246,48,32,80,326
03/09/2001,ITO,HI,AWP,WE,Towers with Radar,60,2,3,8,73,0,123,41,10,174,60,125,44,18,247,14,6,20,267
03/10/2001,ITO,HI,AWP,WE,Towers with Radar,50,1,3,6,60,0,85,27,2,114,50,86,30,8,174,62,6,68,242
03/11/2001,ITO,HI,AWP,WE,Towers with Radar,54,1,3,4,62,0,109,42,0,151,54,110,45,4,213,22,4,26,239
03/12/2001,ITO,HI,AWP,WE,Towers with Radar,60,1,4,9,74,0,64,22,6,92,60,65,26,15,166,4,12,16,182
03/13/2001,ITO,HI,AWP,WE,Towers with Radar,52,1,4,7,64,0,159,56,15,230,52,160,60,22,294,146,8,154,448
03/14/2001,ITO,HI,AWP,WE,Towers with Radar,52,1,3,7,63,3,142,45,6,196,55,143,48,13,259,76,46,122,381
03/15/2001,ITO,HI,AWP,WE,Towers with Radar,49,1,3,6,59,8,160,46,4,218,57,161,49,10,277,98,8,106,383
03/16/2001,ITO,HI,AWP,WE,Towers with Radar,62,1,4,9,76,0,122,44,17,183,62,123,48,26,259,40,28,68,327
03/17/2001,ITO,HI,AWP,WE,Towers with Radar,46,0,3,4,53,7,100,22,0,129,53,100,25,4,182,47,0,47,229
03/18/2001,ITO,HI,AWP,WE,Towers with Radar,52,1,3,0,56,9,107,34,0,150,61,108,37,0,206,6,0,6,212
03/19/2001,ITO,HI,AWP,WE,Towers with Radar,55,1,3,6,65,3,125,36,1,165,58,126,39,7,230,46,46,92,322
03/20/2001,ITO,HI,AWP,WE,Towers with Radar,0,0,0,0,0,53,111,35,46,245,53,111,35,46,245,40,56,96,341
03/21/2001,ITO,HI,AWP,WE,Towers with Radar,54,1,5,9,69,0,103,36,58,197,54,104,41,67,266,8,58,66,332
03/22/2001,ITO,HI,AWP,WE,Towers with Radar,55,1,3,5,64,3,142,38,0,183,58,143,41,5,247,90,10,100,347
03/23/2001,ITO,HI,AWP,WE,Towers with Radar,60,1,4,7,72,0,176,52,3,231,60,177,56,10,303,16,0,16,319
03/24/2001,ITO,HI,AWP,WE,Towers with Radar,46,1,3,0,50,8,121,98,0,227,54,122,101,0,277,36,0,36,313
03/25/2001,ITO,HI,AWP,WE,Towers with Radar,49,1,2,2,54,8,46,13,0,67,57,47,15,2,121,20,0,20,141
03/26/2001,ITO,HI,AWP,WE,Towers with Radar,50,1,2,2,55,8,137,46,0,191,58,138,48,2,246,18,0,18,264
03/27/2001,ITO,HI,AWP,WE,Towers with Radar,61,1,3,8,73,0,147,37,18,202,61,148,40,26,275,10,62,72,347
03/28/2001,ITO,HI,AWP,WE,Towers with Radar,59,1,3,10,73,0,77,27,45,149,59,78,30,55,222,12,34,46,268
03/29/2001,ITO,HI,AWP,WE,Towers with Radar,0,0,0,0,0,56,181,20,24,281,56,181,20,24,281,16,38,54,335
03/30/2001,ITO,HI,AWP,WE,Towers with Radar,53,1,2,2,58,4,119,35,0,158,57,120,37,2,216,16,0,16,232
03/31/2001,ITO,HI,AWP,WE,Towers with Radar,56,1,3,2,62,0,4,4,0,8,56,5,7,2,70,0,0,0,70
04/01/2001,ITO,HI,AWP,WE,Towers with Radar,60,2,3,4,69,4,138,28,0,170,64,140,31,4,239,30,4,34,273
04/02/2001,ITO,HI,AWP,WE,Towers with Radar,51,3,3,8,65,0,134,29,0,163,51,137,32,8,228,40,16,56,284
04/03/2001,ITO,HI,AWP,WE,Towers with Radar,48,2,2,7,59,11,135,51,36,233,59,137,53,43,292,42,50,92,384
04/04/2001,ITO,HI,AWP,WE,Towers with Radar,53,2,2,8,65,2,156,59,13,230,55,158,61,21,295,14,32,46,341
04/05/2001,ITO,HI,AWP,WE,Towers with Radar,57,2,2,5,66,0,177,65,0,242,57,179,67,5,308,38,0,38,346
04/06/2001,ITO,HI,AWP,WE,Towers with Radar,57,3,3,11,74,0,63,23,4,90,57,66,26,15,164,38,43,81,245
04/07/2001,ITO,HI,AWP,WE,Towers with Radar,48,3,2,11,64,0,89,35,16,140,48,92,37,27,204,32,76,108,312
04/08/2001,ITO,HI,AWP,WE,Towers with Radar,55,2,3,9,69,0,52,25,0,77,55,54,28,9,146,26,22,48,194
04/09/2001,ITO,HI,AWP,WE,Towers with Radar,58,2,2,0,62,0,115,33,0,148,58,117,35,0,210,6,0,6,216
04/10/2001,ITO,HI,AWP,WE,Towers with Radar,54,2,2,6,64,4,78,26,0,108,58,80,28,6,172,10,8,18,190
04/11/2001,ITO,HI,AWP,WE,Towers with Radar,57,2,2,9,70,0,114,33,6,153,57,116,35,15,223,12,20,32,255
04/12/2001,ITO,HI,AWP,WE,Towers with Radar,58,3,3,3,67,0,102,23,0,125,58,105,26,3,192,38,0,38,230
04/13/2001,ITO,HI,AWP,WE,Towers with Radar,54,2,2,1,59,0,151,39,0,190,54,153,41,1,249,16,0,16,265
04/14/2001,ITO,HI,AWP,WE,Towers with Radar,51,3,3,0,57,0,112,21,0,133,51,115,24,0,190,16,0,16,206
04/15/2001,ITO,HI,AWP,WE,Towers with Radar,54,2,2,0,58,4,82,16,0,102,58,84,18,0,160,12,0,12,172
04/16/2001,ITO,HI,AWP,WE,Towers with Radar,59,1,4,0,64,0,112,19,0,131,59,113,23,0,195,40,0,40,235
04/17/2001,ITO,HI,AWP,WE,Towers with Radar,46,1,3,0,50,12,157,42,0,211,58,158,45,0,261,50,0,50,311
04/18/2001,ITO,HI,AWP,WE,Towers with Radar,46,1,2,6,55,20,139,40,12,211,66,140,42,18,266,20,12,32,298
04/19/2001,ITO,HI,AWP,WE,Towers with Radar,53,1,3,7,64,10,119,25,20,174,63,120,28,27,238,26,6,32,270
04/20/2001,ITO,HI,AWP,WE,Towers with Radar,58,1,3,9,71,0,33,21,34,88,58,34,24,43,159,4,48,52,211
04/21/2001,ITO,HI,AWP,WE,Towers with Radar,52,1,3,3,59,0,75,10,0,85,52,76,13,3,144,36,0,36,180
04/22/2001,ITO,HI,AWP,WE,Towers with Radar,54,1,3,4,62,22,103,23,0,148,76,104,26,4,210,16,0,16,226
04/23/2001,ITO,HI,AWP,WE,Towers with Radar,53,1,3,2,59,5,164,43,0,212,58,165,46,2,271,42,12,54,325
04/24/2001,ITO,HI,AWP,WE,Towers with Radar,50,1,2,7,60,9,140,44,8,201,59,141,46,15,261,28,8,36,297
04/25/2001,ITO,HI,AWP,WE,Towers with Radar,53,1,2,8,64,4,117,52,11,184,57,118,54,19,248,26,12,38,286
04/26/2001,ITO,HI,AWP,WE,Towers with Radar,53,1,2,8,64,7,73,22,2,104,60,74,24,10,168,56,0,56,224
04/27/2001,ITO,HI,AWP,WE,Towers with Radar,52,1,2,8,63,6,131,24,0,161,58,132,26,8,224,52,0,52,276
04/28/2001,ITO,HI,AWP,WE,Towers with Radar,52,1,2,0,55,2,99,25,0,126,54,100,27,0,181,12,0,12,193
04/29/2001,ITO,HI,AWP,WE,Towers with Radar,0,0,0,0,0,57,19,6,0,82,57,19,6,0,82,8,0,8,90
04/30/2001,ITO,HI,AWP,WE,Towers with Radar,0,0,0,0,0,59,120,27,7,213,59,120,27,7,213,10,0,10,223
05/01/2001,ITO,HI,AWP,WE,Towers with Radar,54,2,2,4,62,4,138,43,3,188,58,140,45,7,250,84,34,118,368
05/02/2001,ITO,HI,AWP,WE,Towers with Radar,54,2,2,3,61,1,158,48,2,209,55,160,50,5,270,80,30,110,380
05/03/2001,ITO,HI,AWP,WE,Towers with Radar,56,2,2,4,64,5,127,42,2,176,61,129,44,6,240,76,8,84,324
05/04/2001,ITO,HI,AWP,WE,Towers with Radar,59,2,2,4,67,0,116,51,10,177,59,118,53,14,244,48,28,76,320
05/05/2001,ITO,HI,AWP,WE,Towers with Radar,50,2,2,3,57,6,71,21,2,100,56,73,23,5,157,14,4,18,175
05/06/2001,ITO,HI,AWP,WE,Towers with Radar,57,2,2,4,65,0,58,24,9,91,57,60,26,13,156,28,2,30,186
05/07/2001,ITO,HI,AWP,WE,Towers with Radar,52,2,2,3,59,2,137,81,1,221,54,139,83,4,280,14,4,18,298
05/08/2001,ITO,HI,AWP,WE,Towers with Radar,59,2,3,4,68,0,269,34,5,308,59,271,37,9,376,16,0,16,392
05/09/2001,ITO,HI,AWP,WE,Towers with Radar,58,2,3,2,65,0,133,44,0,177,58,135,47,2,242,36,0,36,278
05/10/2001,ITO,HI,AWP,WE,Towers with Radar,58,2,2,4,66,1,129,31,2,163,59,131,33,6,229,74,0,74,303
05/11/2001,ITO,HI,AWP,WE,Towers with Radar,48,2,2,3,55,4,89,43,0,136,52,91,45,3,191,40,0,40,231
05/12/2001,ITO,HI,AWP,WE,Towers with Radar,50,1,3,1,55,4,83,15,0,102,54,84,18,1,157,4,0,4,161
05/13/2001,ITO,HI,AWP,WE,Towers with Radar,55,1,3,0,59,6,68,13,0,87,61,69,16,0,146,44,0,44,190
05/14/2001,ITO,HI,AWP,WE,Towers with Radar,55,1,3,4,63,3,152,19,2,176,58,153,22,6,239,0,2,2,241
05/15/2001,ITO,HI,AWP,WE,Towers with Radar,56,1,3,5,65,2,77,14,1,94,58,78,17,6,159,36,4,40,199
05/16/2001,ITO,HI,AWP,WE,Towers with Radar,57,1,3,5,66,3,150,26,30,209,60,151,29,35,275,30,24,54,329
05/17/2001,ITO,HI,AWP,WE,Towers with Radar,58,1,4,5,68,0,137,29,14,180,58,138,33,19,248,62,16,78,326
05/18/2001,ITO,HI,AWP,WE,Towers with Radar,56,1,3,5,65,2,105,46,0,153,58,106,49,5,218,52,35,87,305
05/19/2001,ITO,HI,AWP,WE,Towers with Radar,48,1,3,1,53,6,95,16,0,117,54,96,19,1,170,36,0,36,206
05/20/2001,ITO,HI,AWP,WE,Towers with Radar,55,1,3,0,59,3,116,26,0,145,58,117,29,0,204,16,0,16,220
05/21/2001,ITO,HI,AWP,WE,Towers with Radar,50,1,3,3,57,8,129,43,0,180,58,130,46,3,237,54,0,54,291
05/22/2001,ITO,HI,AWP,WE,Towers with Radar,60,1,4,5,70,0,121,31,2,154,60,122,35,7,224,46,12,58,282
05/23/2001,ITO,HI,AWP,WE,Towers with Radar,57,1,3,5,66,0,138,42,16,196,57,139,45,21,262,20,30,50,312
05/24/2001,ITO,HI,AWP,WE,Towers with Radar,63,1,4,5,73,0,169,49,18,236,63,170,53,23,309,46,20,66,375
05/25/2001,ITO,HI,AWP,WE,Towers with Radar,61,1,4,5,71,0,175,45,15,235,61,176,49,20,306,26,16,42,348
05/26/2001,ITO,HI,AWP,WE,Towers with Radar,49,1,3,0,53,5,85,23,0,113,54,86,26,0,166,26,0,26,192
05/27/2001,ITO,HI,AWP,WE,Towers with Radar,46,1,3,0,50,6,102,9,0,117,52,103,12,0,167,12,0,12,179
05/28/2001,ITO,HI,AWP,WE,Towers with Radar,61,1,2,1,65,0,123,33,0,156,61,124,35,1,221,16,0,16,237
05/29/2001,ITO,HI,AWP,WE,Towers with Radar,60,1,2,5,68,0,127,49,2,178,60,128,51,7,246,40,0,40,286
05/30/2001,ITO,HI,AWP,WE,Towers with Radar,55,1,2,4,62,2,151,25,6,184,57,152,27,10,246,18,8,26,272
05/31/2001,ITO,HI,AWP,WE,Towers with Radar,57,1,2,5,65,0,124,38,2,164,57,125,40,7,229,28,22,50,279
06/01/2001,ITO,HI,AWP,WE,Towers with Radar,57,2,2,8,69,2,95,31,9,137,59,97,33,17,206,18,42,60,266
06/02/2001,ITO,HI,AWP,WE,Towers with Radar,52,2,2,7,63,0,76,12,9,97,52,78,14,16,160,10,24,34,194
06/03/2001,ITO,HI,AWP,WE,Towers with Radar,51,1,3,6,61,4,79,13,0,96,55,80,16,6,157,27,0,27,184
06/04/2001,ITO,HI,AWP,WE,Towers with Radar,55,2,2,7,66,4,154,32,6,196,59,156,34,13,262,48,25,73,335
06/05/2001,ITO,HI,AWP,WE,Towers with Radar,58,2,3,9,72,0,140,35,34,209,58,142,38,43,281,26,36,62,343
06/06/2001,ITO,HI,AWP,WE,Towers with Radar,55,2,2,7,66,0,161,37,12,210,55,163,39,19,276,32,56,88,364
06/07/2001,ITO,HI,AWP,WE,Towers with Radar,58,2,3,7,70,0,131,31,19,181,58,133,34,26,251,56,10,66,317
06/08/2001,ITO,HI,AWP,WE,Towers with Radar,60,2,3,8,73,0,61,20,3,84,60,63,23,11,157,20,18,38,195
06/09/2001,ITO,HI,AWP,WE,Towers with Radar,48,1,2,0,51,7,90,33,0,130,55,91,35,0,181,10,0,10,191
06/10/2001,ITO,HI,AWP,WE,Towers with Radar,46,1,3,0,50,9,128,29,0,166,55,129,32,0,216,18,0,18,234
06/11/2001,ITO,HI,AWP,WE,Towers with Radar,54,2,2,2,60,6,121,34,0,161,60,123,36,2,221,22,2,24,245
06/12/2001,ITO,HI,AWP,WE,Towers with Radar,56,2,2,7,67,0,139,33,5,177,56,141,35,12,244,4,14,18,262
06/13/2001,ITO,HI,AWP,WE,Towers with Radar,59,1,4,10,74,0,129,49,19,197,59,130,53,29,271,28,34,62,333
06/14/2001,ITO,HI,AWP,WE,Towers with Radar,51,0,4,7,62,6,37,5,9,57,57,37,9,16,119,20,2,22,141
06/15/2001,ITO,HI,AWP,WE,Towers with Radar,53,0,4,4,61,5,118,16,0,139,58,118,20,4,200,4,0,4,204
06/16/2001,ITO,HI,AWP,WE,Towers with Radar,47,0,4,5,56,0,98,24,3,125,47,98,28,8,181,8,16,24,205
06/17/2001,ITO,HI,AWP,WE,Towers with Radar,50,0,3,0,53,6,134,31,0,171,56,134,34,0,224,14,0,14,238
06/18/2001,ITO,HI,AWP,WE,Towers with Radar,57,1,3,7,68,0,131,51,11,193,57,132,54,18,261,56,54,110,371
06/19/2001,ITO,HI,AWP,WE,Towers with Radar,58,1,4,7,70,0,149,45,33,227,58,150,49,40,297,34,34,68,365
06/20/2001,ITO,HI,AWP,WE,Towers with Radar,54,1,3,6,64,4,140,35,7,186,58,141,38,13,250,34,14,48,298
06/21/2001,ITO,HI,AWP,WE,Towers with Radar,53,0,4,6,63,5,174,43,2,224,58,174,47,8,287,28,20,48,335
06/22/2001,ITO,HI,AWP,WE,Towers with Radar,53,0,4,4,61,6,117,31,0,154,59,117,35,4,215,24,0,24,239
06/23/2001,ITO,HI,AWP,WE,Towers with Radar,54,1,2,8,65,0,129,49,0,178,54,130,51,8,243,18,12,30,273
06/24/2001,ITO,HI,AWP,WE,Towers with Radar,54,1,2,4,61,2,113,27,0,142,56,114,29,4,203,8,2,10,213
06/25/2001,ITO,HI,AWP,WE,Towers with Radar,60,1,3,2,66,0,51,26,0,77,60,52,29,2,143,8,0,8,151
06/26/2001,ITO,HI,AWP,WE,Towers with Radar,58,1,2,6,67,0,195,41,0,236,58,196,43,6,303,26,6,32,335
06/27/2001,ITO,HI,AWP,WE,Towers with Radar,58,1,3,8,70,0,189,50,33,272,58,190,53,41,342,26,78,104,446
06/28/2001,ITO,HI,AWP,WE,Towers with Radar,36,1,2,7,46,0,184,58,3,245,36,185,60,10,291,8,16,24,315
06/29/2001,ITO,HI,AWP,WE,Towers with Radar,54,1,2,5,62,6,124,40,0,170,60,125,42,5,232,62,0,62,294
06/30/2001,ITO,HI,AWP,WE,Towers with Radar,52,0,2,6,60,3,120,22,0,145,55,120,24,6,205,38,12,50,255
07/01/2001,ITO,HI,AWP,WE,Towers with Radar,56,1,2,5,64,4,127,32,0,163,60,128,34,5,227,14,0,14,241
07/02/2001,ITO,HI,AWP,WE,Towers with Radar,58,2,2,6,68,0,188,28,26,242,58,190,30,32,310,12,40,52,362
07/03/2001,ITO,HI,AWP,WE,Towers with Radar,58,2,2,6,68,0,192,47,11,250,58,194,49,17,318,38,38,76,394
07/04/2001,ITO,HI,AWP,WE,Towers with Radar,51,1,2,1,55,5,164,37,0,206,56,165,39,1,261,28,0,28,289
07/05/2001,ITO,HI,AWP,WE,Towers with Radar,53,2,2,9,66,0,119,32,26,177,53,121,34,35,243,18,52,70,313
07/06/2001,ITO,HI,AWP,WE,Towers with Radar,58,2,2,0,62,7,188,26,0,221,65,190,28,0,283,22,0,22,305
07/07/2001,ITO,HI,AWP,WE,Towers with Radar,53,1,2,6,62,1,47,8,0,56,54,48,10,6,118,12,0,12,130
07/08/2001,ITO,HI,AWP,WE,Towers with Radar,51,1,2,3,57,8,115,20,0,143,59,116,22,3,200,6,0,6,206
07/09/2001,ITO,HI,AWP,WE,Towers with Radar,54,1,2,7,64,4,187,50,4,245,58,188,52,11,309,8,2,10,319
07/10/2001,ITO,HI,AWP,WE,Towers with Radar,56,1,2,7,66,2,183,46,3,234,58,184,48,10,300,8,4,12,312
07/11/2001,ITO,HI,AWP,WE,Towers with Radar,57,2,2,7,68,0,161,28,6,195,57,163,30,13,263,26,36,62,325
07/12/2001,ITO,HI,AWP,WE,Towers with Radar,51,1,2,6,60,7,148,22,7,184,58,149,24,13,244,32,28,60,304
07/13/2001,ITO,HI,AWP,WE,Towers with Radar,52,1,2,2,57,7,107,14,0,128,59,108,16,2,185,28,20,48,233
07/14/2001,ITO,HI,AWP,WE,Towers with Radar,47,1,2,2,52,7,114,21,0,142,54,115,23,2,194,20,8,28,222
07/15/2001,ITO,HI,AWP,WE,Towers with Radar,57,2,2,6,67,0,82,22,2,106,57,84,24,8,173,8,18,26,199
07/16/2001,ITO,HI,AWP,WE,Towers with Radar,52,1,2,7,62,6,174,20,1,201,58,175,22,8,263,18,18,36,299
07/17/2001,ITO,HI,AWP,WE,Towers with Radar,59,2,2,6,69,2,124,27,0,153,61,126,29,6,222,14,16,30,252
07/18/2001,ITO,HI,AWP,WE,Towers with Radar,59,1,3,7,70,1,148,34,4,187,60,149,37,11,257,52,52,104,361
07/19/2001,ITO,HI,AWP,WE,Towers with Radar,60,1,3,6,70,0,180,35,3,218,60,181,38,9,288,22,26,48,336
07/20/2001,ITO,HI,AWP,WE,Towers with Radar,47,0,3,2,52,14,138,29,0,181,61,138,32,2,233,38,38,76,309
07/21/2001,ITO,HI,AWP,WE,Towers with Radar,54,0,3,6,63,0,142,80,2,224,54,142,83,8,287,50,84,134,421
07/22/2001,ITO,HI,AWP,WE,Towers with Radar,53,0,3,2,58,5,117,23,0,145,58,117,26,2,203,28,28,56,259
07/23/2001,ITO,HI,AWP,WE,Towers with Radar,58,1,3,7,69,0,188,45,14,247,58,189,48,21,316,30,58,88,404
07/24/2001,ITO,HI,AWP,WE,Towers with Radar,58,1,3,8,70,0,143,52,16,211,58,144,55,24,281,46,80,126,407
07/25/2001,ITO,HI,AWP,WE,Towers with Radar,57,1,3,8,69,0,156,30,16,202,57,157,33,24,271,34,100,134,405
07/26/2001,ITO,HI,AWP,WE,Towers with Radar,58,1,2,7,68,0,193,47,5,245,58,194,49,12,313,66,66,132,445
07/27/2001,ITO,HI,AWP,WE,Towers with Radar,52,0,2,6,60,10,120,31,7,168,62,120,33,13,228,44,30,74,302
07/28/2001,ITO,HI,AWP,WE,Towers with Radar,54,0,2,6,62,0,136,47,0,183,54,136,49,6,245,20,52,72,317
07/29/2001,ITO,HI,AWP,WE,Towers with Radar,58,0,2,7,67,0,113,31,6,150,58,113,33,13,217,40,12,52,269
07/30/2001,ITO,HI,AWP,WE,Towers with Radar,58,1,2,5,66,0,154,24,0,178,58,155,26,5,244,0,14,14,258
07/31/2001,ITO,HI,AWP,WE,Towers with Radar,53,0,2,4,59,5,100,37,0,142,58,100,39,4,201,0,34,34,235
08/01/2001,ITO,HI,AWP,WE,Towers with Radar,52,2,2,5,61,5,162,27,7,201,57,164,29,12,262,22,12,34,296
08/02/2001,ITO,HI,AWP,WE,Towers with Radar,47,2,2,4,55,8,106,32,11,157,55,108,34,15,212,6,0,6,218
08/03/2001,ITO,HI,AWP,WE,Towers with Radar,56,3,3,6,68,0,114,36,18,168,56,117,39,24,236,6,34,40,276
08/04/2001,ITO,HI,AWP,WE,Towers with Radar,56,3,2,6,67,0,127,26,30,183,56,130,28,36,250,6,78,84,334
08/05/2001,ITO,HI,AWP,WE,Towers with Radar,56,2,3,5,66,0,126,26,12,164,56,128,29,17,230,6,30,36,266
08/06/2001,ITO,HI,AWP,WE,Towers with Radar,52,2,2,6,62,7,159,23,4,193,59,161,25,10,255,24,24,48,303
08/07/2001,ITO,HI,AWP,WE,Towers with Radar,55,2,2,6,65,3,197,60,10,270,58,199,62,16,335,96,18,114,449
08/08/2001,ITO,HI,AWP,WE,Towers with Radar,52,2,2,5,61,4,191,42,19,256,56,193,44,24,317,40,16,56,373
08/09/2001,ITO,HI,AWP,WE,Towers with Radar,52,2,2,6,62,5,116,34,13,168,57,118,36,19,230,24,16,40,270
08/10/2001,ITO,HI,AWP,WE,Towers with Radar,58,2,2,7,69,0,101,20,4,125,58,103,22,11,194,22,24,46,240
08/11/2001,ITO,HI,AWP,WE,Towers with Radar,49,2,2,0,53,5,144,75,0,224,54,146,77,0,277,22,0,22,299
08/12/2001,ITO,HI,AWP,WE,Towers with Radar,48,2,2,0,52,9,171,28,0,208,57,173,30,0,260,16,0,16,276
08/13/2001,ITO,HI,AWP,WE,Towers with Radar,57,3,2,7,69,0,196,45,17,258,57,199,47,24,327,50,20,70,397
08/14/2001,ITO,HI,AWP,WE,Towers with Radar,52,2,2,5,61,5,163,42,4,214,57,165,44,9,275,42,0,42,317
08/15/2001,ITO,HI,AWP,WE,Towers with Radar,47,2,2,5,56,8,110,42,11,171,55,112,44,16,227,36,44,80,307
08/16/2001,ITO,HI,AWP,WE,Towers with Radar,59,2,3,6,70,0,55,13,6,74,59,57,16,12,144,4,26,30,174
08/17/2001,ITO,HI,AWP,WE,Towers with Radar,56,2,2,5,65,2,154,39,0,195,58,156,41,5,260,22,12,34,294
08/18/2001,ITO,HI,AWP,WE,Towers with Radar,46,1,2,0,49,8,19,15,0,42,54,20,17,0,91,6,0,6,97
08/19/2001,ITO,HI,AWP,WE,Towers with Radar,46,1,2,0,49,8,120,16,0,144,54,121,18,0,193,22,0,22,215
08/20/2001,ITO,HI,AWP,WE,Towers with Radar,57,1,3,6,67,0,173,34,12,219,57,174,37,18,286,10,30,40,326
08/21/2001,ITO,HI,AWP,WE,Towers with Radar,56,2,3,7,68,0,165,53,15,233,56,167,56,22,301,0,56,56,357
08/22/2001,ITO,HI,AWP,WE,Towers with Radar,58,1,3,5,67,2,39,11,9,61,60,40,14,14,128,2,8,10,138
08/23/2001,ITO,HI,AWP,WE,Towers with Radar,60,1,3,6,70,0,177,35,12,224,60,178,38,18,294,20,10,30,324
08/24/2001,ITO,HI,AWP,WE,Towers with Radar,57,1,3,5,66,1,88,28,3,120,58,89,31,8,186,22,0,22,208
08/25/2001,ITO,HI,AWP,WE,Towers with Radar,50,1,3,2,56,4,152,25,0,181,54,153,28,2,237,12,0,12,249
08/26/2001,ITO,HI,AWP,WE,Towers with Radar,51,1,3,5,60,0,0,6,2,8,51,1,9,7,68,14,0,14,82
08/27/2001,ITO,HI,AWP,WE,Towers with Radar,56,1,2,5,64,2,99,28,0,129,58,100,30,5,193,12,2,14,207
08/28/2001,ITO,HI,AWP,WE,Towers with Radar,58,1,2,7,68,0,122,41,12,175,58,123,43,19,243,4,42,46,289
08/29/2001,ITO,HI,AWP,WE,Towers with Radar,62,2,2,8,74,0,90,28,15,133,62,92,30,23,207,10,24,34,241
08/30/2001,ITO,HI,AWP,WE,Towers with Radar,55,1,2,6,64,0,133,20,3,156,55,134,22,9,220,42,10,52,272
08/31/2001,ITO,HI,AWP,WE,Towers with Radar,61,1,2,7,71,0,105,44,12,161,61,106,46,19,232,24,58,82,314
09/01/2001,ITO,HI,AWP,WE,Towers with Radar,52,2,4,2,60,2,55,14,0,71,54,57,18,2,131,12,0,12,143
09/02/2001,ITO,HI,AWP,WE,Towers with Radar,53,2,4,2,61,1,82,27,0,110,54,84,31,2,171,34,0,34,205
09/03/2001,ITO,HI,AWP,WE,Towers with Radar,55,2,3,0,60,5,111,27,0,143,60,113,30,0,203,0,0,0,203
09/04/2001,ITO,HI,AWP,WE,Towers with Radar,58,2,4,3,67,0,118,34,0,152,58,120,38,3,219,30,16,46,265
09/05/2001,ITO,HI,AWP,WE,Towers with Radar,58,3,4,5,70,0,136,41,20,197,58,139,45,25,267,68,16,84,351
09/06/2001,ITO,HI,AWP,WE,Towers with Radar,52,2,4,4,62,6,12,22,0,40,58,14,26,4,102,10,0,10,112
09/07/2001,ITO,HI,AWP,WE,Towers with Radar,50,2,3,4,59,9,119,33,0,161,59,121,36,4,220,30,0,30,250
09/08/2001,ITO,HI,AWP,WE,Towers with Radar,52,2,3,6,63,0,88,25,16,129,52,90,28,22,192,16,30,46,238
09/09/2001,ITO,HI,AWP,WE,Towers with Radar,55,2,4,6,67,0,65,21,18,104,55,67,25,24,171,8,12,20,191
09/10/2001,ITO,HI,AWP,WE,Towers with Radar,56,2,3,6,67,2,109,29,15,155,58,111,32,21,222,54,16,70,292
09/11/2001,ITO,HI,AWP,WE,Towers with Radar,0,0,0,0,0,0,0,0,2,2,0,0,0,2,2,0,0,0,2
09/12/2001,ITO,HI,AWP,WE,Towers with Radar,0,0,0,0,0,0,2,0,0,2,0,2,0,0,2,0,0,0,2
09/13/2001,ITO,HI,AWP,WE,Towers with Radar,21,1,1,3,26,5,47,1,7,60,26,48,2,10,86,6,0,6,92
09/14/2001,ITO,HI,AWP,WE,Towers with Radar,53,2,0,6,61,4,85,0,10,99,57,87,0,16,160,6,0,6,166
09/15/2001,ITO,HI,AWP,WE,Towers with Radar,46,2,0,4,52,6,35,0,0,41,52,37,0,4,93,10,10,20,113
09/16/2001,ITO,HI,AWP,WE,Towers with Radar,46,2,3,0,51,9,78,6,0,93,55,80,9,0,144,14,0,14,158
09/17/2001,ITO,HI,AWP,WE,Towers with Radar,58,3,4,6,71,0,101,5,9,115,58,104,9,15,186,8,2,10,196
09/18/2001,ITO,HI,AWP,WE,Towers with Radar,56,2,3,0,61,2,90,6,0,98,58,92,9,0,159,24,0,24,183
09/19/2001,ITO,HI,AWP,WE,Towers with Radar,60,2,5,5,72,0,67,0,15,82,60,69,5,20,154,0,22,22,176
09/20/2001,ITO,HI,AWP,WE,Towers with Radar,58,2,4,5,69,0,60,12,0,72,58,62,16,5,141,24,0,24,165
09/21/2001,ITO,HI,AWP,WE,Towers with Radar,58,2,5,5,70,0,91,24,16,131,58,93,29,21,201,8,32,40,241
09/22/2001,ITO,HI,AWP,WE,Towers with Radar,52,1,4,4,61,2,70,8,4,84,54,71,12,8,145,34,18,52,197
09/23/2001,ITO,HI,AWP,WE,Towers with Radar,44,1,2,0,47,6,16,0,0,22,50,17,2,0,69,0,0,0,69
09/24/2001,ITO,HI,AWP,WE,Towers with Radar,48,1,3,5,57,0,108,23,1,132,48,109,26,6,189,4,16,20,209
09/25/2001,ITO,HI,AWP,WE,Towers with Radar,49,1,4,5,59,0,159,30,5,194,49,160,34,10,253,26,0,26,279
09/26/2001,ITO,HI,AWP,WE,Towers with Radar,54,2,5,7,68,0,65,12,25,102,54,67,17,32,170,28,8,36,206
09/27/2001,ITO,HI,AWP,WE,Towers with Radar,46,1,3,2,52,0,121,22,0,143,46,122,25,2,195,28,2,30,225
09/28/2001,ITO,HI,AWP,WE,Towers with Radar,43,1,2,4,50,3,82,23,0,108,46,83,25,4,158,18,0,18,176
09/29/2001,ITO,HI,AWP,WE,Towers with Radar,42,1,3,5,51,0,103,21,3,127,42,104,24,8,178,2,4,6,184
09/30/2001,ITO,HI,AWP,WE,Towers with Radar,42,1,3,0,46,7,88,15,0,110,49,89,18,0,156,42,0,42,198
10/01/2001,ITO,HI,AWP,WE,Towers with Radar,44,4,3,2,53,7,95,25,7,134,51,99,28,9,187,8,10,18,205
10/02/2001,ITO,HI,AWP,WE,Towers with Radar,45,4,4,2,55,0,94,20,0,114,45,98,24,2,169,32,0,32,201
10/03/2001,ITO,HI,AWP,WE,Towers with Radar,39,2,3,2,46,0,82,28,6,116,39,84,31,8,162,40,6,46,208
10/04/2001,ITO,HI,AWP,WE,Towers with Radar,43,3,3,2,51,0,108,21,3,132,43,111,24,5,183,50,0,50,233
10/05/2001,ITO,HI,AWP,WE,Towers with Radar,44,3,3,2,52,0,110,23,9,142,44,113,26,11,194,80,10,90,284
10/06/2001,ITO,HI,AWP,WE,Towers with Radar,36,3,3,1,43,0,111,35,0,146,36,114,38,1,189,8,0,8,197
10/07/2001,ITO,HI,AWP,WE,Towers with Radar,46,4,3,0,53,3,75,16,0,94,49,79,19,0,147,34,0,34,181
10/08/2001,ITO,HI,AWP,WE,Towers with Radar,44,3,3,2,52,3,140,22,4,169,47,143,25,6,221,26,0,26,247
10/09/2001,ITO,HI,AWP,WE,Towers with Radar,36,3,3,1,43,8,131,34,6,179,44,134,37,7,222,32,14,46,268
10/10/2001,ITO,HI,AWP,WE,Towers with Radar,35,3,3,1,42,8,55,16,2,81,43,58,19,3,123,16,0,16,139
10/11/2001,ITO,HI,AWP,WE,Towers with Radar,40,3,3,2,48,7,51,26,22,106,47,54,29,24,154,58,20,78,232
10/12/2001,ITO,HI,AWP,WE,Towers with Radar,44,3,3,2,52,1,95,25,17,138,45,98,28,19,190,40,30,70,260
10/13/2001,ITO,HI,AWP,WE,Towers with Radar,40,4,2,3,49,0,58,14,14,86,40,62,16,17,135,4,0,4,139
10/14/2001,ITO,HI,AWP,WE,Towers with Radar,44,3,2,3,52,1,122,25,2,150,45,125,27,5,202,100,0,100,302
10/15/2001,ITO,HI,AWP,WE,Towers with Radar,46,4,3,3,56,0,143,50,3,196,46,147,53,6,252,20,10,30,282
10/16/2001,ITO,HI,AWP,WE,Towers with Radar,42,3,2,3,50,3,110,16,7,136,45,113,18,10,186,36,20,56,242
10/17/2001,ITO,HI,AWP,WE,Towers with Radar,33,3,2,2,40,13,165,29,26,233,46,168,31,28,273,28,24,52,325
10/18/2001,ITO,HI,AWP,WE,Towers with Radar,38,3,2,2,45,0,104,13,10,127,38,107,15,12,172,18,2,20,192
10/19/2001,ITO,HI,AWP,WE,Towers with Radar,44,4,2,3,53,2,104,31,13,150,46,108,33,16,203,52,8,60,263
10/20/2001,ITO,HI,AWP,WE,Towers with Radar,39,4,2,0,45,0,112,11,0,123,39,116,13,0,168,20,0,20,188
10/21/2001,ITO,HI,AWP,WE,Towers with Radar,43,3,3,0,49,0,57,11,0,68,43,60,14,0,117,0,0,0,117
10/22/2001,ITO,HI,AWP,WE,Towers with Radar,39,2,2,3,46,7,100,24,21,152,46,102,26,24,198,68,22,90,288
10/23/2001,ITO,HI,AWP,WE,Towers with Radar,46,3,2,3,54,2,95,27,22,146,48,98,29,25,200,56,2,58,258
10/24/2001,ITO,HI,AWP,WE,Towers with Radar,41,2,2,3,48,0,84,26,19,129,41,86,28,22,177,38,30,68,245
10/25/2001,ITO,HI,AWP,WE,Towers with Radar,46,4,2,2,54,0,50,24,26,100,46,54,26,28,154,48,22,70,224
10/26/2001,ITO,HI,AWP,WE,Towers with Radar,45,3,2,2,52,2,131,38,5,176,47,134,40,7,228,34,8,42,270
10/27/2001,ITO,HI,AWP,WE,Towers with Radar,36,3,2,0,41,0,93,15,0,108,36,96,17,0,149,20,0,20,169
10/28/2001,ITO,HI,AWP,WE,Towers with Radar,40,3,2,0,45,6,6,2,0,14,46,9,4,0,59,0,0,0,59
10/29/2001,ITO,HI,AWP,WE,Towers with Radar,42,3,2,2,49,4,65,20,9,98,46,68,22,11,147,46,12,58,205
10/30/2001,ITO,HI,AWP,WE,Towers with Radar,40,3,2,2,47,5,131,29,0,165,45,134,31,2,212,20,0,20,232
10/31/2001,ITO,HI,AWP,WE,Towers with Radar,0,0,0,0,0,42,142,45,11,240,42,142,45,11,240,20,0,20,260
11/01/2001,ITO,HI,AWP,WE,Towers with Radar,44,4,3,2,53,0,85,16,2,103,44,89,19,4,156,30,24,54,210
11/02/2001,ITO,HI,AWP,WE,Towers with Radar,44,4,4,3,55,0,66,19,19,104,44,70,23,22,159,28,16,44,203
11/03/2001,ITO,HI,AWP,WE,Towers with Radar,38,2,3,2,45,0,68,12,26,106,38,70,15,28,151,18,44,62,213
11/04/2001,ITO,HI,AWP,WE,Towers with Radar,42,3,3,2,50,0,67,21,1,89,42,70,24,3,139,46,0,46,185
11/05/2001,ITO,HI,AWP,WE,Towers with Radar,46,3,3,2,54,0,83,30,10,123,46,86,33,12,177,10,10,20,197
11/06/2001,ITO,HI,AWP,WE,Towers with Radar,45,3,3,2,53,0,147,21,0,168,45,150,24,2,221,36,0,36,257
11/07/2001,ITO,HI,AWP,WE,Towers with Radar,44,4,3,2,53,0,30,12,9,51,44,34,15,11,104,32,2,34,138
11/08/2001,ITO,HI,AWP,WE,Towers with Radar,43,3,3,2,51,0,113,32,26,171,43,116,35,28,222,42,16,58,280
11/09/2001,ITO,HI,AWP,WE,Towers with Radar,36,3,3,1,43,3,115,17,1,136,39,118,20,2,179,26,2,28,207
11/10/2001,ITO,HI,AWP,WE,Towers with Radar,35,3,3,0,41,3,96,20,0,119,38,99,23,0,160,58,0,58,218
11/11/2001,ITO,HI,AWP,WE,Towers with Radar,40,3,3,0,46,3,67,19,0,89,43,70,22,0,135,50,0,50,185
11/12/2001,ITO,HI,AWP,WE,Towers with Radar,44,3,3,0,50,3,104,30,0,137,47,107,33,0,187,28,0,28,215
11/13/2001,ITO,HI,AWP,WE,Towers with Radar,45,4,2,3,54,0,106,31,1,138,45,110,33,4,192,12,16,28,220
11/14/2001,ITO,HI,AWP,WE,Towers with Radar,44,3,2,3,52,1,49,18,7,75,45,52,20,10,127,22,2,24,151
11/15/2001,ITO,HI,AWP,WE,Towers with Radar,46,4,3,3,56,0,127,37,17,181,46,131,40,20,237,33,0,33,270
11/16/2001,ITO,HI,AWP,WE,Towers with Radar,40,3,2,1,46,0,118,36,0,154,40,121,38,1,200,46,0,46,246
11/17/2001,ITO,HI,AWP,WE,Towers with Radar,33,3,2,0,38,9,95,42,0,146,42,98,44,0,184,86,0,86,270
11/18/2001,ITO,HI,AWP,WE,Towers with Radar,38,3,2,0,43,5,63,24,0,92,43,66,26,0,135,46,0,46,181
11/19/2001,ITO,HI,AWP,WE,Towers with Radar,44,4,2,3,53,9,112,52,5,178,53,116,54,8,231,54,14,68,299
11/20/2001,ITO,HI,AWP,WE,Towers with Radar,43,4,2,3,52,0,155,33,20,208,43,159,35,23,260,84,12,96,356
11/21/2001,ITO,HI,AWP,WE,Towers with Radar,50,3,3,3,59,3,107,26,6,142,53,110,29,9,201,44,4,48,249
11/22/2001,ITO,HI,AWP,WE,Towers with Radar,39,2,2,0,43,7,85,20,0,112,46,87,22,0,155,14,2,16,171
11/23/2001,ITO,HI,AWP,WE,Towers with Radar,46,3,2,2,53,4,131,39,0,174,50,134,41,2,227,50,0,50,277
11/24/2001,ITO,HI,AWP,WE,Towers with Radar,42,2,2,0,46,4,84,36,0,124,46,86,38,0,170,38,0,38,208
11/25/2001,ITO,HI,AWP,WE,Towers with Radar,46,4,2,0,52,4,97,15,0,116,50,101,17,0,168,36,0,36,204
11/26/2001,ITO,HI,AWP,WE,Towers with Radar,45,0,2,2,49,3,0,0,2,5,48,0,2,4,54,0,0,0,54
11/27/2001,ITO,HI,AWP,WE,Towers with Radar,41,3,1,0,45,3,2,0,0,5,44,5,1,0,50,0,0,0,50
11/28/2001,ITO,HI,AWP,WE,Towers with Radar,40,3,2,2,47,3,85,28,14,130,43,88,30,16,177,16,14,30,207
11/29/2001,ITO,HI,AWP,WE,Towers with Radar,42,3,2,2,49,0,113,24,18,155,42,116,26,20,204,128,18,146,350
11/30/2001,ITO,HI,AWP,WE,Towers with Radar,40,3,2,2,47,5,97,58,7,167,45,100,60,9,214,48,0,48,262
12/01/2001,ITO,HI,AWP,WE,Towers with Radar,36,5,3,1,45,2,71,17,1,91,38,76,20,2,136,30,0,30,166
12/02/2001,ITO,HI,AWP,WE,Towers with Radar,39,4,3,2,48,0,46,11,1,58,39,50,14,3,106,36,0,36,142
12/03/2001,ITO,HI,AWP,WE,Towers with Radar,44,5,3,2,54,0,40,5,2,47,44,45,8,4,101,24,0,24,125
12/04/2001,ITO,HI,AWP,WE,Towers with Radar,46,5,3,2,56,0,61,23,3,87,46,66,26,5,143,10,0,10,153
12/05/2001,ITO,HI,AWP,WE,Towers with Radar,46,6,3,2,57,0,104,27,9,140,46,110,30,11,197,4,6,10,207
12/06/2001,ITO,HI,AWP,WE,Towers with Radar,43,5,3,2,53,0,146,27,6,179,43,151,30,8,232,36,4,40,272
12/07/2001,ITO,HI,AWP,WE,Towers with Radar,41,5,2,3,51,4,74,13,1,92,45,79,15,4,143,36,4,40,183
12/08/2001,ITO,HI,AWP,WE,Towers with Radar,38,5,2,0,45,0,67,24,0,91,38,72,26,0,136,58,0,58,194
12/09/2001,ITO,HI,AWP,WE,Towers with Radar,40,5,2,0,47,5,65,14,0,84,45,70,16,0,131,38,0,38,169
12/10/2001,ITO,HI,AWP,WE,Towers with Radar,41,7,2,3,53,0,119,34,14,167,41,126,36,17,220,28,3,31,251
12/11/2001,ITO,HI,AWP,WE,Towers with Radar,36,5,1,2,44,8,131,28,3,170,44,136,29,5,214,34,2,36,250
12/12/2001,ITO,HI,AWP,WE,Towers with Radar,44,5,2,3,54,0,65,8,2,75,44,70,10,5,129,62,0,62,191
12/13/2001,ITO,HI,AWP,WE,Towers with Radar,36,5,0,0,41,1,9,0,0,10,37,14,0,0,51,70,0,70,121
12/14/2001,ITO,HI,AWP,WE,Towers with Radar,46,6,2,3,57,0,14,15,0,29,46,20,17,3,86,24,0,24,110
12/15/2001,ITO,HI,AWP,WE,Towers with Radar,36,5,2,0,43,4,70,24,0,98,40,75,26,0,141,148,0,148,289
12/16/2001,ITO,HI,AWP,WE,Towers with Radar,39,5,2,3,49,0,51,24,0,75,39,56,26,3,124,16,0,16,140
12/17/2001,ITO,HI,AWP,WE,Towers with Radar,41,6,2,3,52,0,90,29,6,125,41,96,31,9,177,6,2,8,185
12/18/2001,ITO,HI,AWP,WE,Towers with Radar,42,5,2,3,52,0,106,25,7,138,42,111,27,10,190,8,0,8,198
12/19/2001,ITO,HI,AWP,WE,Towers with Radar,50,6,3,3,62,0,117,25,16,158,50,123,28,19,220,48,2,50,270
12/20/2001,ITO,HI,AWP,WE,Towers with Radar,49,6,2,3,60,0,80,27,6,113,49,86,29,9,173,60,0,60,233
12/21/2001,ITO,HI,AWP,WE,Towers with Radar,45,4,2,0,51,9,115,29,0,153,54,119,31,0,204,44,0,44,248
12/22/2001,ITO,HI,AWP,WE,Towers with Radar,42,3,2,0,47,3,145,43,0,191,45,148,45,0,238,76,0,76,314
12/23/2001,ITO,HI,AWP,WE,Towers with Radar,40,5,2,1,48,2,113,28,0,143,42,118,30,1,191,18,0,18,209
12/24/2001,ITO,HI,AWP,WE,Towers with Radar,35,5,1,0,41,7,124,23,0,154,42,129,24,0,195,2,0,2,197
12/25/2001,ITO,HI,AWP,WE,Towers with Radar,39,5,2,0,46,6,10,15,0,31,45,15,17,0,77,2,0,2,79
12/26/2001,ITO,HI,AWP,WE,Towers with Radar,50,7,2,2,61,0,147,28,10,185,50,154,30,12,246,54,18,72,318
12/27/2001,ITO,HI,AWP,WE,Towers with Radar,41,5,2,1,49,2,158,30,2,192,43,163,32,3,241,56,14,70,311
12/28/2001,ITO,HI,AWP,WE,Towers with Radar,42,4,2,2,50,8,142,30,4,184,50,146,32,6,234,38,16,54,288
12/29/2001,ITO,HI,AWP,WE,Towers with Radar,40,6,2,0,48,0,150,21,0,171,40,156,23,0,219,58,0,58,277
12/30/2001,ITO,HI,AWP,WE,Towers with Radar,41,5,2,0,48,4,111,20,0,135,45,116,22,0,183,62,0,62,245
12/31/2001,ITO,HI,AWP,WE,Towers with Radar,42,5,2,0,49,3,165,29,0,197,45,170,31,0,246,66,0,66,312
01/01/2002,ITO,HI,AWP,WE,Towers with Radar,43,3,2,0,48,9,150,37,0,196,52,153,39,0,244,46,0,46,290
01/02/2002,ITO,HI,AWP,WE,Towers with Radar,45,3,3,3,54,7,153,22,3,185,52,156,25,6,239,32,0,32,271
01/03/2002,ITO,HI,AWP,WE,Towers with Radar,47,3,4,3,57,0,140,13,11,164,47,143,17,14,221,34,16,50,271
01/04/2002,ITO,HI,AWP,WE,Towers with Radar,50,4,5,4,63,0,101,28,16,145,50,105,33,20,208,54,24,78,286
01/05/2002,ITO,HI,AWP,WE,Towers with Radar,40,3,4,3,50,0,107,28,13,148,40,110,32,16,198,2,34,36,234
01/06/2002,ITO,HI,AWP,WE,Towers with Radar,44,3,2,2,51,4,101,21,0,126,48,104,23,2,177,15,0,15,192
01/07/2002,ITO,HI,AWP,WE,Towers with Radar,45,3,2,0,50,4,134,31,0,169,49,137,33,0,219,30,0,30,249
01/08/2002,ITO,HI,AWP,WE,Towers with Radar,45,3,3,3,54,1,95,25,2,123,46,98,28,5,177,20,2,22,199
01/09/2002,ITO,HI,AWP,WE,Towers with Radar,40,3,2,2,47,3,110,36,4,153,43,113,38,6,200,18,0,18,218
01/10/2002,ITO,HI,AWP,WE,Towers with Radar,43,3,2,3,51,3,55,29,16,103,46,58,31,19,154,32,24,56,210
01/11/2002,ITO,HI,AWP,WE,Towers with Radar,47,3,3,3,56,1,122,20,7,150,48,125,23,10,206,38,6,44,250
01/12/2002,ITO,HI,AWP,WE,Towers with Radar,40,3,2,3,48,3,108,17,2,130,43,111,19,5,178,42,2,44,222
01/13/2002,ITO,HI,AWP,WE,Towers with Radar,43,3,2,4,52,3,78,21,0,102,46,81,23,4,154,92,0,92,246
01/14/2002,ITO,HI,AWP,WE,Towers with Radar,52,4,3,5,64,0,135,50,13,198,52,139,53,18,262,104,2,106,368
01/15/2002,ITO,HI,AWP,WE,Towers with Radar,39,3,2,4,48,8,109,24,0,141,47,112,26,4,189,26,24,50,239
01/16/2002,ITO,HI,AWP,WE,Towers with Radar,35,3,2,3,43,3,81,13,4,101,38,84,15,7,144,30,14,44,188
01/17/2002,ITO,HI,AWP,WE,Towers with Radar,44,2,4,4,54,1,121,30,3,155,45,123,34,7,209,30,0,30,239
01/18/2002,ITO,HI,AWP,WE,Towers with Radar,36,2,3,2,43,7,41,11,0,59,43,43,14,2,102,0,0,0,102
01/19/2002,ITO,HI,AWP,WE,Towers with Radar,44,2,0,0,46,5,3,0,0,8,49,5,0,0,54,0,0,0,54
01/20/2002,ITO,HI,AWP,WE,Towers with Radar,44,2,3,0,49,3,17,1,0,21,47,19,4,0,70,38,0,38,108
01/21/2002,ITO,HI,AWP,WE,Towers with Radar,47,2,4,4,57,5,73,8,0,86,52,75,12,4,143,36,8,44,187
01/22/2002,ITO,HI,AWP,WE,Towers with Radar,39,2,3,4,48,7,126,21,18,172,46,128,24,22,220,68,32,100,320
01/23/2002,ITO,HI,AWP,WE,Towers with Radar,47,3,4,5,59,0,135,34,8,177,47,138,38,13,236,26,4,30,266
01/24/2002,ITO,HI,AWP,WE,Towers with Radar,46,2,4,4,56,0,101,27,13,141,46,103,31,17,197,44,36,80,277
01/25/2002,ITO,HI,AWP,WE,Towers with Radar,53,3,4,4,64,1,76,20,4,101,54,79,24,8,165,18,38,56,221
01/26/2002,ITO,HI,AWP,WE,Towers with Radar,41,2,4,3,50,0,21,12,13,46,41,23,16,16,96,18,12,30,126
01/27/2002,ITO,HI,AWP,WE,Towers with Radar,45,2,3,3,53,1,99,17,2,119,46,101,20,5,172,58,4,62,234
01/28/2002,ITO,HI,AWP,WE,Towers with Radar,51,3,5,3,62,0,39,23,0,62,51,42,28,3,124,32,8,40,164
01/29/2002,ITO,HI,AWP,WE,Towers with Radar,45,3,4,3,55,0,0,6,4,10,45,3,10,7,65,0,0,0,65
01/30/2002,ITO,HI,AWP,WE,Towers with Radar,45,2,2,4,53,4,52,15,6,77,49,54,17,10,130,18,2,20,150
01/31/2002,ITO,HI,AWP,WE,Towers with Radar,45,2,4,4,55,0,33,25,5,63,45,35,29,9,118,24,6,30,148
02/01/2002,ITO,HI,AWP,WE,Towers with Radar,44,4,3,1,52,0,93,30,4,127,44,97,33,5,179,24,2,26,205
02/02/2002,ITO,HI,AWP,WE,Towers with Radar,40,3,2,0,45,0,75,21,0,96,40,78,23,0,141,10,0,10,151
02/03/2002,ITO,HI,AWP,WE,Towers with Radar,49,4,3,1,57,0,99,36,0,135,49,103,39,1,192,78,0,78,270
02/04/2002,ITO,HI,AWP,WE,Towers with Radar,45,3,3,1,52,0,114,55,0,169,45,117,58,1,221,28,14,42,263
02/05/2002,ITO,HI,AWP,WE,Towers with Radar,45,3,3,2,53,1,113,29,3,146,46,116,32,5,199,22,20,42,241
02/06/2002,ITO,HI,AWP,WE,Towers with Radar,40,3,2,2,47,6,125,46,14,191,46,128,48,16,238,42,28,70,308
02/07/2002,ITO,HI,AWP,WE,Towers with Radar,43,2,3,2,50,2,125,44,22,193,45,127,47,24,243,34,42,76,319
02/08/2002,ITO,HI,AWP,WE,Towers with Radar,48,3,3,2,56,0,96,28,1,125,48,99,31,3,181,20,0,20,201
02/09/2002,ITO,HI,AWP,WE,Towers with Radar,42,4,4,2,52,0,94,8,11,113,42,98,12,13,165,18,10,28,193
02/10/2002,ITO,HI,AWP,WE,Towers with Radar,44,3,4,2,53,2,97,12,2,113,46,100,16,4,166,16,0,16,182
02/11/2002,ITO,HI,AWP,WE,Towers with Radar,49,4,4,2,59,0,122,20,3,145,49,126,24,5,204,30,4,34,238
02/12/2002,ITO,HI,AWP,WE,Towers with Radar,44,4,4,2,54,0,91,42,10,143,44,95,46,12,197,24,2,26,223
02/13/2002,ITO,HI,AWP,WE,Towers with Radar,46,3,4,2,55,0,107,35,26,168,46,110,39,28,223,32,42,74,297
02/14/2002,ITO,HI,AWP,WE,Towers with Radar,44,3,4,2,53,2,79,26,11,118,46,82,30,13,171,28,12,40,211
02/15/2002,ITO,HI,AWP,WE,Towers with Radar,50,4,4,2,60,0,133,25,1,159,50,137,29,3,219,50,0,50,269
02/16/2002,ITO,HI,AWP,WE,Towers with Radar,47,4,4,0,55,0,94,18,0,112,47,98,22,0,167,4,0,4,171
02/17/2002,ITO,HI,AWP,WE,Towers with Radar,49,4,4,2,59,0,111,17,0,128,49,115,21,2,187,56,0,56,243
02/18/2002,ITO,HI,AWP,WE,Towers with Radar,52,4,3,0,59,1,115,27,0,143,53,119,30,0,202,66,0,66,268
02/19/2002,ITO,HI,AWP,WE,Towers with Radar,44,3,3,2,52,0,139,23,13,175,44,142,26,15,227,18,14,32,259
02/20/2002,ITO,HI,AWP,WE,Towers with Radar,41,3,2,2,48,5,80,28,24,137,46,83,30,26,185,24,16,40,225
02/21/2002,ITO,HI,AWP,WE,Towers with Radar,39,3,3,1,46,6,160,37,22,225,45,163,40,23,271,92,16,108,379
02/22/2002,ITO,HI,AWP,WE,Towers with Radar,45,3,3,1,52,3,166,19,8,196,48,169,22,9,248,28,0,28,276
02/23/2002,ITO,HI,AWP,WE,Towers with Radar,42,2,4,0,48,2,87,22,0,111,44,89,26,0,159,10,0,10,169
02/24/2002,ITO,HI,AWP,WE,Towers with Radar,42,2,1,1,46,3,2,0,1,6,45,4,1,2,52,0,0,0,52
02/25/2002,ITO,HI,AWP,WE,Towers with Radar,48,3,4,1,56,0,123,23,3,149,48,126,27,4,205,12,0,12,217
02/26/2002,ITO,HI,AWP,WE,Towers with Radar,39,3,1,0,43,6,11,0,0,17,45,14,1,0,60,6,0,6,66
02/27/2002,ITO,HI,AWP,WE,Towers with Radar,48,4,4,1,57,0,92,35,7,134,48,96,39,8,191,50,12,62,253
02/28/2002,ITO,HI,AWP,WE,Towers with Radar,38,2,3,1,44,8,181,51,17,257,46,183,54,18,301,96,8,104,405
03/01/2002,ITO,HI,AWP,WE,Towers with Radar,41,6,6,3,56,5,108,30,4,147,46,114,36,7,203,60,12,72,275
03/02/2002,ITO,HI,AWP,WE,Towers with Radar,42,5,6,3,56,0,127,22,16,165,42,132,28,19,221,32,20,52,273
03/03/2002,ITO,HI,AWP,WE,Towers with Radar,41,6,6,3,56,6,59,14,3,82,47,65,20,6,138,44,4,48,186
03/04/2002,ITO,HI,AWP,WE,Towers with Radar,41,6,6,3,56,5,161,39,3,208,46,167,45,6,264,66,4,70,334
03/05/2002,ITO,HI,AWP,WE,Towers with Radar,41,6,6,3,56,3,3,9,2,17,44,9,15,5,73,2,0,2,75
03/06/2002,ITO,HI,AWP,WE,Towers with Radar,38,5,5,3,51,8,140,22,3,173,46,145,27,6,224,32,14,46,270
03/07/2002,ITO,HI,AWP,WE,Towers with Radar,46,8,7,4,65,0,174,34,14,222,46,182,41,18,287,44,28,72,359
03/08/2002,ITO,HI,AWP,WE,Towers with Radar,49,7,6,4,66,0,117,37,6,160,49,124,43,10,226,36,22,58,284
03/09/2002,ITO,HI,AWP,WE,Towers with Radar,37,5,5,1,48,7,101,27,0,135,44,106,32,1,183,56,0,56,239
03/10/2002,ITO,HI,AWP,WE,Towers with Radar,35,5,4,0,44,11,95,18,0,124,46,100,22,0,168,8,0,8,176
03/11/2002,ITO,HI,AWP,WE,Towers with Radar,46,6,5,5,62,0,204,52,8,264,46,210,57,13,326,56,8,64,390
03/12/2002,ITO,HI,AWP,WE,Towers with Radar,48,10,8,7,73,0,100,30,16,146,48,110,38,23,219,8,4,12,231
03/13/2002,ITO,HI,AWP,WE,Towers with Radar,39,6,4,4,53,8,121,45,2,176,47,127,49,6,229,24,0,24,253
03/14/2002,ITO,HI,AWP,WE,Towers with Radar,44,6,5,5,60,0,148,42,6,196,44,154,47,11,256,10,18,28,284
03/15/2002,ITO,HI,AWP,WE,Towers with Radar,49,7,5,2,63,2,108,49,0,159,51,115,54,2,222,44,12,56,278
03/16/2002,ITO,HI,AWP,WE,Towers with Radar,38,6,4,0,48,4,104,30,0,138,42,110,34,0,186,52,0,52,238
03/17/2002,ITO,HI,AWP,WE,Towers with Radar,38,5,4,1,48,6,108,19,0,133,44,113,23,1,181,18,0,18,199
03/18/2002,ITO,HI,AWP,WE,Towers with Radar,49,9,7,6,71,0,29,16,12,57,49,38,23,18,128,14,12,26,154
03/19/2002,ITO,HI,AWP,WE,Towers with Radar,47,7,5,5,64,0,98,15,21,134,47,105,20,26,198,14,62,76,274
03/20/2002,ITO,HI,AWP,WE,Towers with Radar,48,5,5,5,63,0,175,15,13,203,48,180,20,18,266,20,58,78,344
03/21/2002,ITO,HI,AWP,WE,Towers with Radar,46,6,5,4,61,0,136,26,33,195,46,142,31,37,256,42,10,52,308
03/22/2002,ITO,HI,AWP,WE,Towers with Radar,48,6,5,5,64,7,122,29,4,162,55,128,34,9,226,22,16,38,264
03/23/2002,ITO,HI,AWP,WE,Towers with Radar,43,6,4,4,57,0,76,28,7,111,43,82,32,11,168,30,2,32,200
03/24/2002,ITO,HI,AWP,WE,Towers with Radar,41,5,5,4,55,0,112,40,2,154,41,117,45,6,209,32,6,38,247
03/25/2002,ITO,HI,AWP,WE,Towers with Radar,47,6,5,4,62,0,148,29,4,181,47,154,34,8,243,10,0,10,253
03/26/2002,ITO,HI,AWP,WE,Towers with Radar,40,6,4,3,53,5,130,27,19,181,45,136,31,22,234,14,0,14,248
03/27/2002,ITO,HI,AWP,WE,Towers with Radar,43,8,5,4,60,0,92,35,19,146,43,100,40,23,206,48,12,60,266
03/28/2002,ITO,HI,AWP,WE,Towers with Radar,44,8,5,4,61,0,158,38,17,213,44,166,43,21,274,26,44,70,344
03/29/2002,ITO,HI,AWP,WE,Towers with Radar,44,7,5,2,58,0,115,40,0,155,44,122,45,2,213,26,0,26,239
03/30/2002,ITO,HI,AWP,WE,Towers with Radar,45,7,5,3,60,1,99,17,8,125,46,106,22,11,185,22,8,30,215
03/31/2002,ITO,HI,AWP,WE,Towers with Radar,44,6,5,0,55,8,61,6,0,75,52,67,11,0,130,4,0,4,134
04/01/2002,ITO,HI,AWP,WE,Towers with Radar,46,4,4,3,57,0,89,15,5,109,46,93,19,8,166,10,0,10,176
04/02/2002,ITO,HI,AWP,WE,Towers with Radar,45,3,4,3,55,3,122,19,10,154,48,125,23,13,209,24,0,24,233
04/03/2002,ITO,HI,AWP,WE,Towers with Radar,53,4,5,3,65,6,135,19,34,194,59,139,24,37,259,40,4,44,303
04/04/2002,ITO,HI,AWP,WE,Towers with Radar,54,4,6,3,67,0,3,15,9,27,54,7,21,12,94,30,12,42,136
04/05/2002,ITO,HI,AWP,WE,Towers with Radar,51,4,4,3,62,1,121,28,5,155,52,125,32,8,217,34,0,34,251
04/06/2002,ITO,HI,AWP,WE,Towers with Radar,56,5,5,4,70,0,122,34,16,172,56,127,39,20,242,17,2,19,261
04/07/2002,ITO,HI,AWP,WE,Towers with Radar,74,5,6,5,90,6,98,26,13,143,80,103,32,18,233,50,8,58,291
04/08/2002,ITO,HI,AWP,WE,Towers with Radar,46,4,4,3,57,0,124,28,10,162,46,128,32,13,219,50,2,52,271
04/09/2002,ITO,HI,AWP,WE,Towers with Radar,43,3,4,2,52,5,253,28,5,291,48,256,32,7,343,36,0,36,379
04/10/2002,ITO,HI,AWP,WE,Towers with Radar,37,4,2,3,46,9,161,37,2,209,46,165,39,5,255,34,12,46,301
04/11/2002,ITO,HI,AWP,WE,Towers with Radar,48,5,4,4,61,0,127,39,23,189,48,132,43,27,250,48,94,142,392
04/12/2002,ITO,HI,AWP,WE,Towers with Radar,48,4,3,4,59,4,127,22,2,155,52,131,25,6,214,12,4,16,230
04/13/2002,ITO,HI,AWP,WE,Towers with Radar,40,4,3,3,50,3,86,45,6,140,43,90,48,9,190,22,0,22,212
04/14/2002,ITO,HI,AWP,WE,Towers with Radar,43,3,3,4,53,2,90,21,4,117,45,93,24,8,170,24,2,26,196
04/15/2002,ITO,HI,AWP,WE,Towers with Radar,45,4,3,4,56,3,142,30,0,175,48,146,33,4,231,14,0,14,245
04/16/2002,ITO,HI,AWP,WE,Towers with Radar,49,5,4,4,62,0,151,32,18,201,49,156,36,22,263,16,12,28,291
04/17/2002,ITO,HI,AWP,WE,Towers with Radar,42,4,3,3,52,8,114,25,8,155,50,118,28,11,207,12,0,12,219
04/18/2002,ITO,HI,AWP,WE,Towers with Radar,43,3,3,4,53,6,120,28,2,156,49,123,31,6,209,12,10,22,231
04/19/2002,ITO,HI,AWP,WE,Towers with Radar,50,5,3,4,62,4,106,26,2,138,54,111,29,6,200,14,6,20,220
04/20/2002,ITO,HI,AWP,WE,Towers with Radar,40,4,3,0,47,5,130,14,0,149,45,134,17,0,196,10,0,10,206
04/21/2002,ITO,HI,AWP,WE,Towers with Radar,48,5,3,0,56,0,103,42,0,145,48,108,45,0,201,42,0,42,243
04/22/2002,ITO,HI,AWP,WE,Towers with Radar,57,7,7,0,71,0,26,6,0,32,57,33,13,0,103,18,0,18,121
04/23/2002,ITO,HI,AWP,WE,Towers with Radar,42,3,3,3,51,7,144,33,3,187,49,147,36,6,238,42,16,58,296
04/24/2002,ITO,HI,AWP,WE,Towers with Radar,50,4,3,4,61,0,167,48,23,238,50,171,51,27,299,18,34,52,351
04/25/2002,ITO,HI,AWP,WE,Towers with Radar,50,4,4,4,62,0,100,25,6,131,50,104,29,10,193,10,26,36,229
04/26/2002,ITO,HI,AWP,WE,Towers with Radar,52,4,4,4,64,0,110,31,4,145,52,114,35,8,209,36,0,36,245
04/27/2002,ITO,HI,AWP,WE,Towers with Radar,46,4,3,1,54,0,138,30,0,168,46,142,33,1,222,34,0,34,256
04/28/2002,ITO,HI,AWP,WE,Towers with Radar,45,4,3,0,52,1,21,18,0,40,46,25,21,0,92,0,0,0,92
04/29/2002,ITO,HI,AWP,WE,Towers with Radar,48,4,4,3,59,0,0,3,5,8,48,4,7,8,67,0,8,8,75
04/30/2002,ITO,HI,AWP,WE,Towers with Radar,48,5,3,3,59,0,122,32,13,167,48,127,35,16,226,12,0,12,238
05/01/2002,ITO,HI,AWP,WE,Towers with Radar,44,4,4,6,58,7,148,38,7,200,51,152,42,13,258,68,0,68,326
05/02/2002,ITO,HI,AWP,WE,Towers with Radar,44,4,3,5,56,6,143,28,5,182,50,147,31,10,238,58,40,98,336
05/03/2002,ITO,HI,AWP,WE,Towers with Radar,48,4,4,5,61,5,50,11,18,84,53,54,15,23,145,4,2,6,151
05/04/2002,ITO,HI,AWP,WE,Towers with Radar,44,4,3,5,56,0,99,13,2,114,44,103,16,7,170,40,0,40,210
05/05/2002,ITO,HI,AWP,WE,Towers with Radar,48,4,2,5,59,0,0,0,2,2,48,4,2,7,61,0,0,0,61
05/06/2002,ITO,HI,AWP,WE,Towers with Radar,48,4,5,7,64,0,41,11,5,57,48,45,16,12,121,4,6,10,131
05/07/2002,ITO,HI,AWP,WE,Towers with Radar,48,4,4,1,57,0,18,16,0,34,48,22,20,1,91,20,27,47,138
05/08/2002,ITO,HI,AWP,WE,Towers with Radar,50,5,4,7,66,0,109,30,2,141,50,114,34,9,207,45,2,47,254
05/09/2002,ITO,HI,AWP,WE,Towers with Radar,37,3,3,5,48,11,101,31,6,149,48,104,34,11,197,26,8,34,231
05/10/2002,ITO,HI,AWP,WE,Towers with Radar,51,4,4,7,66,2,128,31,1,162,53,132,35,8,228,16,0,16,244
05/11/2002,ITO,HI,AWP,WE,Towers with Radar,37,3,4,0,44,8,146,30,0,184,45,149,34,0,228,34,0,34,262
05/12/2002,ITO,HI,AWP,WE,Towers with Radar,41,4,3,4,52,4,87,17,0,108,45,91,20,4,160,9,18,27,187
05/13/2002,ITO,HI,AWP,WE,Towers with Radar,47,5,5,9,66,0,96,10,21,127,47,101,15,30,193,14,46,60,253
05/14/2002,ITO,HI,AWP,WE,Towers with Radar,51,6,5,9,71,0,94,22,14,130,51,100,27,23,201,34,30,64,265
05/15/2002,ITO,HI,AWP,WE,Towers with Radar,44,4,5,8,61,0,139,31,17,187,44,143,36,25,248,26,14,40,288
05/16/2002,ITO,HI,AWP,WE,Towers with Radar,44,3,5,6,58,3,138,33,23,197,47,141,38,29,255,67,20,87,342
05/17/2002,ITO,HI,AWP,WE,Towers with Radar,48,3,5,4,60,0,129,37,0,166,48,132,42,4,226,30,0,30,256
05/18/2002,ITO,HI,AWP,WE,Towers with Radar,42,3,4,0,49,0,163,29,0,192,42,166,33,0,241,42,0,42,283
05/19/2002,ITO,HI,AWP,WE,Towers with Radar,37,2,4,0,43,5,108,39,0,152,42,110,43,0,195,48,0,48,243
05/20/2002,ITO,HI,AWP,WE,Towers with Radar,48,3,5,7,63,0,129,52,7,188,48,132,57,14,251,48,0,48,299
05/21/2002,ITO,HI,AWP,WE,Towers with Radar,40,3,4,5,52,8,103,44,3,158,48,106,48,8,210,94,0,94,304
05/22/2002,ITO,HI,AWP,WE,Towers with Radar,48,6,8,12,74,0,125,40,10,175,48,131,48,22,249,28,36,64,313
05/23/2002,ITO,HI,AWP,WE,Towers with Radar,42,3,4,5,54,7,117,28,8,160,49,120,32,13,214,26,8,34,248
05/24/2002,ITO,HI,AWP,WE,Towers with Radar,55,4,6,7,72,0,132,24,11,167,55,136,30,18,239,56,16,72,311
05/25/2002,ITO,HI,AWP,WE,Towers with Radar,43,3,4,0,50,3,93,32,0,128,46,96,36,0,178,22,0,22,200
05/26/2002,ITO,HI,AWP,WE,Towers with Radar,38,2,4,0,44,6,120,24,0,150,44,122,28,0,194,32,0,32,226
05/27/2002,ITO,HI,AWP,WE,Towers with Radar,56,4,5,2,67,11,163,37,0,211,67,167,42,2,278,54,2,56,334
05/28/2002,ITO,HI,AWP,WE,Towers with Radar,45,3,4,5,57,3,123,32,4,162,48,126,36,9,219,70,24,94,313
05/29/2002,ITO,HI,AWP,WE,Towers with Radar,41,3,3,5,52,8,148,39,33,228,49,151,42,38,280,22,60,82,362
05/30/2002,ITO,HI,AWP,WE,Towers with Radar,48,3,4,6,61,1,98,17,0,116,49,101,21,6,177,24,0,24,201
05/31/2002,ITO,HI,AWP,WE,Towers with Radar,47,3,4,6,60,7,112,33,5,157,54,115,37,11,217,42,0,42,259
06/01/2002,ITO,HI,AWP,WE,Towers with Radar,44,4,2,6,56,0,129,33,12,174,44,133,35,18,230,126,14,140,370
06/02/2002,ITO,HI,AWP,WE,Towers with Radar,45,4,2,4,55,2,124,48,4,178,47,128,50,8,233,42,0,42,275
06/03/2002,ITO,HI,AWP,WE,Towers with Radar,48,4,2,5,59,0,178,56,7,241,48,182,58,12,300,100,0,100,400
06/04/2002,ITO,HI,AWP,WE,Towers with Radar,49,5,2,6,62,0,176,39,20,235,49,181,41,26,297,30,20,50,347
06/05/2002,ITO,HI,AWP,WE,Towers with Radar,45,4,2,4,55,5,159,39,10,213,50,163,41,14,268,52,16,68,336
06/06/2002,ITO,HI,AWP,WE,Towers with Radar,43,4,1,4,52,6,142,39,2,189,49,146,40,6,241,14,22,36,277
06/07/2002,ITO,HI,AWP,WE,Towers with Radar,51,5,2,5,63,0,140,39,6,185,51,145,41,11,248,14,0,14,262
06/08/2002,ITO,HI,AWP,WE,Towers with Radar,41,3,1,4,49,1,138,28,6,173,42,141,29,10,222,43,0,43,265
06/09/2002,ITO,HI,AWP,WE,Towers with Radar,44,4,2,5,55,4,134,34,7,179,48,138,36,12,234,28,2,30,264
06/10/2002,ITO,HI,AWP,WE,Towers with Radar,48,3,3,5,59,0,55,30,0,85,48,58,33,5,144,6,0,6,150
06/11/2002,ITO,HI,AWP,WE,Towers with Radar,48,3,3,6,60,0,158,46,6,210,48,161,49,12,270,30,48,78,348
06/12/2002,ITO,HI,AWP,WE,Towers with Radar,47,3,3,6,59,0,168,40,4,212,47,171,43,10,271,18,0,18,289
06/13/2002,ITO,HI,AWP,WE,Towers with Radar,40,3,2,5,50,10,150,50,6,216,50,153,52,11,266,32,6,38,304
06/14/2002,ITO,HI,AWP,WE,Towers with Radar,50,3,3,6,62,0,123,36,4,163,50,126,39,10,225,56,16,72,297
06/15/2002,ITO,HI,AWP,WE,Towers with Radar,35,3,2,1,41,9,133,34,0,176,44,136,36,1,217,16,0,16,233
06/16/2002,ITO,HI,AWP,WE,Towers with Radar,41,3,2,0,46,8,137,15,0,160,49,140,17,0,206,28,0,28,234
06/17/2002,ITO,HI,AWP,WE,Towers with Radar,53,4,3,6,66,0,171,40,9,220,53,175,43,15,286,44,16,60,346
06/18/2002,ITO,HI,AWP,WE,Towers with Radar,46,3,3,4,56,3,84,27,0,114,49,87,30,4,170,28,0,28,198
06/19/2002,ITO,HI,AWP,WE,Towers with Radar,47,4,3,6,60,0,136,19,12,167,47,140,22,18,227,20,44,64,291
06/20/2002,ITO,HI,AWP,WE,Towers with Radar,40,2,2,4,48,8,151,42,2,203,48,153,44,6,251,38,0,38,289
06/21/2002,ITO,HI,AWP,WE,Towers with Radar,48,4,3,5,60,0,142,26,16,184,48,146,29,21,244,58,10,68,312
06/22/2002,ITO,HI,AWP,WE,Towers with Radar,42,3,2,2,49,2,98,27,0,127,44,101,29,2,176,46,0,46,222
06/23/2002,ITO,HI,AWP,WE,Towers with Radar,45,3,3,0,51,2,151,27,0,180,47,154,30,0,231,21,0,21,252
06/24/2002,ITO,HI,AWP,WE,Towers with Radar,47,3,3,5,58,0,174,46,17,237,47,177,49,22,295,14,12,26,321
06/25/2002,ITO,HI,AWP,WE,Towers with Radar,48,3,3,4,58,0,169,30,5,204,48,172,33,9,262,38,16,54,316
06/26/2002,ITO,HI,AWP,WE,Towers with Radar,47,4,2,7,60,0,165,51,24,240,47,169,53,31,300,26,40,66,366
06/27/2002,ITO,HI,AWP,WE,Towers with Radar,42,3,1,5,51,6,155,29,5,195,48,158,30,10,246,50,6,56,302
06/28/2002,ITO,HI,AWP,WE,Towers with Radar,45,3,2,0,50,4,138,41,0,183,49,141,43,0,233,58,0,58,291
06/29/2002,ITO,HI,AWP,WE,Towers with Radar,42,3,1,5,51,2,138,34,3,177,44,141,35,8,228,40,0,40,268
06/30/2002,ITO,HI,AWP,WE,Towers with Radar,44,3,2,4,53,4,121,40,0,165,48,124,42,4,218,28,0,28,246
07/01/2002,ITO,HI,AWP,WE,Towers with Radar,48,5,3,5,61,0,169,26,17,212,48,174,29,22,273,36,2,38,311
07/02/2002,ITO,HI,AWP,WE,Towers with Radar,44,4,2,3,53,2,134,31,3,170,46,138,33,6,223,20,0,20,243
07/03/2002,ITO,HI,AWP,WE,Towers with Radar,45,4,2,4,55,3,111,23,9,146,48,115,25,13,201,28,12,40,241
07/04/2002,ITO,HI,AWP,WE,Towers with Radar,37,3,2,2,44,8,104,28,0,140,45,107,30,2,184,28,0,28,212
07/05/2002,ITO,HI,AWP,WE,Towers with Radar,49,5,2,4,60,4,97,19,1,121,53,102,21,5,181,58,0,58,239
07/06/2002,ITO,HI,AWP,WE,Towers with Radar,44,4,2,5,55,0,154,33,7,194,44,158,35,12,249,78,0,78,327
07/07/2002,ITO,HI,AWP,WE,Towers with Radar,44,4,2,0,50,6,117,20,0,143,50,121,22,0,193,20,0,20,213
07/08/2002,ITO,HI,AWP,WE,Towers with Radar,46,4,2,5,57,2,192,42,5,241,48,196,44,10,298,12,0,12,310
07/09/2002,ITO,HI,AWP,WE,Towers with Radar,48,4,2,5,59,0,158,45,19,222,48,162,47,24,281,44,6,50,331
07/10/2002,ITO,HI,AWP,WE,Towers with Radar,46,5,2,5,58,0,130,43,21,194,46,135,45,26,252,38,6,44,296
07/11/2002,ITO,HI,AWP,WE,Towers with Radar,40,4,2,4,50,7,143,29,0,179,47,147,31,4,229,40,14,54,283
07/12/2002,ITO,HI,AWP,WE,Towers with Radar,48,4,3,5,60,0,146,37,6,189,48,150,40,11,249,42,0,42,291
07/13/2002,ITO,HI,AWP,WE,Towers with Radar,44,4,4,5,57,0,152,42,16,210,44,156,46,21,267,52,0,52,319
07/14/2002,ITO,HI,AWP,WE,Towers with Radar,48,4,3,5,60,0,126,37,7,170,48,130,40,12,230,40,0,40,270
07/15/2002,ITO,HI,AWP,WE,Towers with Radar,50,4,3,5,62,0,172,43,17,232,50,176,46,22,294,80,6,86,380
07/16/2002,ITO,HI,AWP,WE,Towers with Radar,45,3,3,5,56,3,146,45,8,202,48,149,48,13,258,10,2,12,270
07/17/2002,ITO,HI,AWP,WE,Towers with Radar,48,4,4,6,62,0,151,41,14,206,48,155,45,20,268,18,16,34,302
07/18/2002,ITO,HI,AWP,WE,Towers with Radar,42,3,3,4,52,8,152,59,15,234,50,155,62,19,286,80,12,92,378
07/19/2002,ITO,HI,AWP,WE,Towers with Radar,41,3,3,4,51,8,181,47,9,245,49,184,50,13,296,32,0,32,328
07/20/2002,ITO,HI,AWP,WE,Towers with Radar,45,4,3,5,57,0,158,30,10,198,45,162,33,15,255,50,0,50,305
07/21/2002,ITO,HI,AWP,WE,Towers with Radar,48,3,3,4,58,3,28,11,1,43,51,31,14,5,101,4,0,4,105
07/22/2002,ITO,HI,AWP,WE,Towers with Radar,48,4,4,4,60,0,157,38,13,208,48,161,42,17,268,20,0,20,288
07/23/2002,ITO,HI,AWP,WE,Towers with Radar,40,3,3,2,48,6,161,24,17,208,46,164,27,19,256,26,4,30,286
07/24/2002,ITO,HI,AWP,WE,Towers with Radar,48,5,4,5,62,0,114,34,24,172,48,119,38,29,234,20,48,68,302
07/25/2002,ITO,HI,AWP,WE,Towers with Radar,43,3,3,3,52,9,150,29,17,205,52,153,32,20,257,20,46,66,323
07/26/2002,ITO,HI,AWP,WE,Towers with Radar,51,4,3,5,63,0,19,14,6,39,51,23,17,11,102,4,30,34,136
07/27/2002,ITO,HI,AWP,WE,Towers with Radar,43,3,2,2,50,1,157,33,0,191,44,160,35,2,241,44,0,44,285
07/28/2002,ITO,HI,AWP,WE,Towers with Radar,49,3,2,2,56,1,152,39,0,192,50,155,41,2,248,28,0,28,276
07/29/2002,ITO,HI,AWP,WE,Towers with Radar,48,4,2,3,57,0,232,51,0,283,48,236,53,3,340,60,0,60,400
07/30/2002,ITO,HI,AWP,WE,Towers with Radar,45,3,2,5,55,4,201,53,17,275,49,204,55,22,330,68,34,102,432
07/31/2002,ITO,HI,AWP,WE,Towers with Radar,44,3,2,3,52,4,188,34,0,226,48,191,36,3,278,24,0,24,302
08/01/2002,ITO,HI,AWP,WE,Towers with Radar,48,5,3,6,62,0,213,65,7,285,48,218,68,13,347,18,10,28,375
08/02/2002,ITO,HI,AWP,WE,Towers with Radar,65,7,5,7,84,0,200,34,7,241,65,207,39,14,325,20,40,60,385
08/03/2002,ITO,HI,AWP,WE,Towers with Radar,56,7,5,7,75,0,53,7,5,65,56,60,12,12,140,14,6,20,160
08/04/2002,ITO,HI,AWP,WE,Towers with Radar,59,6,4,6,75,0,151,80,4,235,59,157,84,10,310,20,0,20,330
08/05/2002,ITO,HI,AWP,WE,Towers with Radar,47,5,3,0,55,0,251,62,0,313,47,256,65,0,368,72,0,72,440
08/06/2002,ITO,HI,AWP,WE,Towers with Radar,42,5,3,5,55,6,196,31,13,246,48,201,34,18,301,30,4,34,335
08/07/2002,ITO,HI,AWP,WE,Towers with Radar,43,5,3,5,56,4,196,33,19,252,47,201,36,24,308,34,48,82,390
08/08/2002,ITO,HI,AWP,WE,Towers with Radar,46,5,3,6,60,2,134,32,2,170,48,139,35,8,230,20,10,30,260
08/09/2002,ITO,HI,AWP,WE,Towers with Radar,43,5,3,5,56,7,221,31,2,261,50,226,34,7,317,60,0,60,377
08/10/2002,ITO,HI,AWP,WE,Towers with Radar,41,4,3,2,50,3,202,42,0,247,44,206,45,2,297,56,0,56,353
08/11/2002,ITO,HI,AWP,WE,Towers with Radar,44,5,3,2,54,2,123,29,0,154,46,128,32,2,208,24,0,24,232
08/12/2002,ITO,HI,AWP,WE,Towers with Radar,45,5,3,6,59,5,259,64,2,330,50,264,67,8,389,22,6,28,417
08/13/2002,ITO,HI,AWP,WE,Towers with Radar,39,4,3,1,47,9,44,14,0,67,48,48,17,1,114,16,0,16,130
08/14/2002,ITO,HI,AWP,WE,Towers with Radar,47,5,5,6,63,0,211,43,22,276,47,216,48,28,339,34,30,64,403
08/15/2002,ITO,HI,AWP,WE,Towers with Radar,48,4,4,6,62,0,197,38,0,235,48,201,42,6,297,50,0,50,347
08/16/2002,ITO,HI,AWP,WE,Towers with Radar,48,4,4,6,62,5,214,37,2,258,53,218,41,8,320,64,0,64,384
08/17/2002,ITO,HI,AWP,WE,Towers with Radar,40,3,4,5,52,4,184,46,1,235,44,187,50,6,287,16,0,16,303
08/18/2002,ITO,HI,AWP,WE,Towers with Radar,48,4,4,6,62,3,132,34,16,185,51,136,38,22,247,34,17,51,298
08/19/2002,ITO,HI,AWP,WE,Towers with Radar,42,4,4,5,55,7,254,49,2,312,49,258,53,7,367,42,4,46,413
08/20/2002,ITO,HI,AWP,WE,Towers with Radar,50,6,6,8,70,0,196,62,42,300,50,202,68,50,370,34,14,48,418
08/21/2002,ITO,HI,AWP,WE,Towers with Radar,49,5,5,5,64,0,162,48,20,230,49,167,53,25,294,46,16,62,356
08/22/2002,ITO,HI,AWP,WE,Towers with Radar,48,5,5,6,64,0,208,58,26,292,48,213,63,32,356,62,34,96,452
08/23/2002,ITO,HI,AWP,WE,Towers with Radar,58,5,5,6,74,0,94,23,0,117,58,99,28,6,191,38,16,54,245
08/24/2002,ITO,HI,AWP,WE,Towers with Radar,43,4,4,2,53,3,143,36,0,182,46,147,40,2,235,20,0,20,255
08/25/2002,ITO,HI,AWP,WE,Towers with Radar,42,3,4,2,51,7,175,42,0,224,49,178,46,2,275,22,0,22,297
08/26/2002,ITO,HI,AWP,WE,Towers with Radar,48,6,4,7,65,0,117,20,49,186,48,123,24,56,251,26,62,88,339
08/27/2002,ITO,HI,AWP,WE,Towers with Radar,43,3,3,5,54,5,153,39,8,205,48,156,42,13,259,66,8,74,333
08/28/2002,ITO,HI,AWP,WE,Towers with Radar,51,5,3,6,65,0,168,52,21,241,51,173,55,27,306,48,34,82,388
08/29/2002,ITO,HI,AWP,WE,Towers with Radar,42,3,3,5,53,7,29,18,13,67,49,32,21,18,120,12,18,30,150
08/30/2002,ITO,HI,AWP,WE,Towers with Radar,53,5,3,6,67,3,61,23,4,91,56,66,26,10,158,30,0,30,188
08/31/2002,ITO,HI,AWP,WE,Towers with Radar,40,4,2,0,46,2,157,33,0,192,42,161,35,0,238,62,0,62,300
09/01/2002,ITO,HI,AWP,WE,Towers with Radar,35,3,2,0,40,5,145,26,0,176,40,148,28,0,216,6,0,6,222
09/02/2002,ITO,HI,AWP,WE,Towers with Radar,47,5,2,1,55,6,192,46,0,244,53,197,48,1,299,40,0,40,339
09/03/2002,ITO,HI,AWP,WE,Towers with Radar,38,4,2,3,47,7,146,29,27,209,45,150,31,30,256,24,68,92,348
09/04/2002,ITO,HI,AWP,WE,Towers with Radar,44,5,2,4,55,0,171,48,12,231,44,176,50,16,286,12,52,64,350
09/05/2002,ITO,HI,AWP,WE,Towers with Radar,40,4,2,3,49,3,117,32,17,169,43,121,34,20,218,50,8,58,276
09/06/2002,ITO,HI,AWP,WE,Towers with Radar,42,4,2,4,52,5,83,15,1,104,47,87,17,5,156,6,0,6,162
09/07/2002,ITO,HI,AWP,WE,Towers with Radar,42,5,3,4,54,0,80,39,40,159,42,85,42,44,213,54,38,92,305
09/08/2002,ITO,HI,AWP,WE,Towers with Radar,42,4,3,5,54,0,54,12,4,70,42,58,15,9,124,4,0,4,128
09/09/2002,ITO,HI,AWP,WE,Towers with Radar,40,3,3,0,46,3,181,21,0,205,43,184,24,0,251,60,0,60,311
09/10/2002,ITO,HI,AWP,WE,Towers with Radar,42,3,3,5,53,0,144,58,17,219,42,147,61,22,272,60,8,68,340
09/11/2002,ITO,HI,AWP,WE,Towers with Radar,40,5,4,6,55,0,151,41,26,218,40,156,45,32,273,34,38,72,345
09/12/2002,ITO,HI,AWP,WE,Towers with Radar,40,3,3,4,50,3,129,17,2,151,43,132,20,6,201,22,0,22,223
09/13/2002,ITO,HI,AWP,WE,Towers with Radar,46,3,4,6,59,0,94,23,2,119,46,97,27,8,178,8,0,8,186
09/14/2002,ITO,HI,AWP,WE,Towers with Radar,41,3,3,5,52,0,106,36,11,153,41,109,39,16,205,54,16,70,275
09/15/2002,ITO,HI,AWP,WE,Towers with Radar,41,3,3,5,52,0,41,14,1,56,41,44,17,6,108,4,6,10,118
09/16/2002,ITO,HI,AWP,WE,Towers with Radar,40,3,3,4,50,2,181,37,12,232,42,184,40,16,282,38,46,84,366
09/17/2002,ITO,HI,AWP,WE,Towers with Radar,34,2,3,4,43,9,138,31,40,218,43,140,34,44,261,36,52,88,349
09/18/2002,ITO,HI,AWP,WE,Towers with Radar,40,3,3,4,50,1,131,42,5,179,41,134,45,9,229,56,0,56,285
09/19/2002,ITO,HI,AWP,WE,Towers with Radar,44,3,3,5,55,0,158,40,7,205,44,161,43,12,260,52,36,88,348
09/20/2002,ITO,HI,AWP,WE,Towers with Radar,46,4,3,4,57,2,129,34,3,168,48,133,37,7,225,30,2,32,257
09/21/2002,ITO,HI,AWP,WE,Towers with Radar,35,2,3,2,42,3,93,41,0,137,38,95,44,2,179,36,0,36,215
09/22/2002,ITO,HI,AWP,WE,Towers with Radar,36,2,3,0,41,5,169,34,0,208,41,171,37,0,249,66,0,66,315
09/23/2002,ITO,HI,AWP,WE,Towers with Radar,43,3,3,4,53,0,211,72,6,289,43,214,75,10,342,25,10,35,377
09/24/2002,ITO,HI,AWP,WE,Towers with Radar,39,3,2,4,48,3,92,47,11,153,42,95,49,15,201,38,0,38,239
09/25/2002,ITO,HI,AWP,WE,Towers with Radar,45,3,2,5,55,4,128,32,0,164,49,131,34,5,219,24,6,30,249
09/26/2002,ITO,HI,AWP,WE,Towers with Radar,41,3,3,6,53,0,166,38,5,209,41,169,41,11,262,24,32,56,318
09/27/2002,ITO,HI,AWP,WE,Towers with Radar,45,3,3,5,56,0,133,38,17,188,45,136,41,22,244,56,18,74,318
09/28/2002,ITO,HI,AWP,WE,Towers with Radar,37,2,2,0,41,3,137,42,0,182,40,139,44,0,223,38,0,38,261
09/29/2002,ITO,HI,AWP,WE,Towers with Radar,43,3,2,0,48,0,133,36,0,169,43,136,38,0,217,24,0,24,241
09/30/2002,ITO,HI,AWP,WE,Towers with Radar,42,3,2,4,51,0,143,31,0,174,42,146,33,4,225,30,0,30,255
10/01/2002,ITO,HI,AWP,WE,Towers with Radar,42,10,4,5,61,0,298,26,13,337,42,308,30,18,398,42,12,54,452
10/02/2002,ITO,HI,AWP,WE,Towers with Radar,35,8,3,4,50,8,121,22,6,157,43,129,25,10,207,40,8,48,255
10/03/2002,ITO,HI,AWP,WE,Towers with Radar,42,9,4,5,60,0,167,45,1,213,42,176,49,6,273,82,32,114,387
10/04/2002,ITO,HI,AWP,WE,Towers with Radar,42,9,4,5,60,6,135,38,0,179,48,144,42,5,239,26,0,26,265
10/05/2002,ITO,HI,AWP,WE,Towers with Radar,41,10,4,5,60,0,84,24,6,114,41,94,28,11,174,20,0,20,194
10/06/2002,ITO,HI,AWP,WE,Towers with Radar,40,10,4,5,59,0,118,49,2,169,40,128,53,7,228,46,8,54,282
10/07/2002,ITO,HI,AWP,WE,Towers with Radar,30,8,3,2,43,12,163,28,0,203,42,171,31,2,246,50,0,50,296
10/08/2002,ITO,HI,AWP,WE,Towers with Radar,45,33,13,17,108,0,103,15,15,133,45,136,28,32,241,42,42,84,325
10/09/2002,ITO,HI,AWP,WE,Towers with Radar,32,8,3,4,47,9,153,45,20,227,41,161,48,24,274,52,38,90,364
10/10/2002,ITO,HI,AWP,WE,Towers with Radar,48,12,5,5,70,6,153,58,41,258,54,165,63,46,328,40,49,89,417
10/11/2002,ITO,HI,AWP,WE,Towers with Radar,36,9,4,2,51,10,182,30,0,222,46,191,34,2,273,40,0,40,313
10/12/2002,ITO,HI,AWP,WE,Towers with Radar,30,8,3,3,44,6,130,43,1,180,36,138,46,4,224,26,0,26,250
10/13/2002,ITO,HI,AWP,WE,Towers with Radar,29,7,3,2,41,11,136,29,0,176,40,143,32,2,217,8,0,8,225
10/14/2002,ITO,HI,AWP,WE,Towers with Radar,32,8,3,0,43,10,213,50,0,273,42,221,53,0,316,78,0,78,394
10/15/2002,ITO,HI,AWP,WE,Towers with Radar,32,8,3,4,47,5,112,24,8,149,37,120,27,12,196,34,10,44,240
10/16/2002,ITO,HI,AWP,WE,Towers with Radar,34,9,3,4,50,5,107,21,6,139,39,116,24,10,189,10,2,12,201
10/17/2002,ITO,HI,AWP,WE,Towers with Radar,36,8,3,4,51,2,142,15,0,159,38,150,18,4,210,24,0,24,234
10/18/2002,ITO,HI,AWP,WE,Towers with Radar,43,11,3,6,63,2,105,11,7,125,45,116,14,13,188,12,12,24,212
10/19/2002,ITO,HI,AWP,WE,Towers with Radar,29,6,2,2,39,7,164,62,0,233,36,170,64,2,272,88,0,88,360
10/20/2002,ITO,HI,AWP,WE,Towers with Radar,31,7,2,0,40,9,91,33,0,133,40,98,35,0,173,44,0,44,217
10/21/2002,ITO,HI,AWP,WE,Towers with Radar,33,7,2,4,46,5,186,52,3,246,38,193,54,7,292,30,4,34,326
10/22/2002,ITO,HI,AWP,WE,Towers with Radar,32,7,2,4,45,7,160,62,27,256,39,167,64,31,301,42,10,52,353
10/23/2002,ITO,HI,AWP,WE,Towers with Radar,37,8,3,5,53,0,119,47,18,184,37,127,50,23,237,70,32,102,339
10/24/2002,ITO,HI,AWP,WE,Towers with Radar,39,10,3,6,58,0,105,33,17,155,39,115,36,23,213,38,16,54,267
10/25/2002,ITO,HI,AWP,WE,Towers with Radar,39,8,3,4,54,7,142,16,0,165,46,150,19,4,219,24,0,24,243
10/26/2002,ITO,HI,AWP,WE,Towers with Radar,32,7,2,1,42,4,110,34,0,148,36,117,36,1,190,41,0,41,231
10/27/2002,ITO,HI,AWP,WE,Towers with Radar,30,6,2,1,39,13,108,30,0,151,43,114,32,1,190,64,0,64,254
10/28/2002,ITO,HI,AWP,WE,Towers with Radar,40,9,3,5,57,0,137,22,11,170,40,146,25,16,227,34,14,48,275
10/29/2002,ITO,HI,AWP,WE,Towers with Radar,39,12,4,6,61,0,139,43,46,228,39,151,47,52,289,66,64,130,419
10/30/2002,ITO,HI,AWP,WE,Towers with Radar,40,11,4,6,61,0,101,22,22,145,40,112,26,28,206,44,54,98,304
10/31/2002,ITO,HI,AWP,WE,Towers with Radar,40,9,3,4,56,0,135,35,17,187,40,144,38,21,243,30,26,56,299
11/01/2002,ITO,HI,AWP,WE,Towers with Radar,45,5,3,6,59,0,130,40,5,175,45,135,43,11,234,110,24,134,368
11/02/2002,ITO,HI,AWP,WE,Towers with Radar,33,4,2,3,42,1,89,29,8,127,34,93,31,11,169,26,0,26,195
11/03/2002,ITO,HI,AWP,WE,Towers with Radar,36,4,2,4,46,0,94,27,3,124,36,98,29,7,170,36,0,36,206
11/04/2002,ITO,HI,AWP,WE,Towers with Radar,42,5,3,4,54,0,171,15,2,188,42,176,18,6,242,16,0,16,258
11/05/2002,ITO,HI,AWP,WE,Towers with Radar,34,5,2,3,44,4,127,34,5,170,38,132,36,8,214,4,6,10,224
11/06/2002,ITO,HI,AWP,WE,Towers with Radar,36,4,2,4,46,2,145,44,27,218,38,149,46,31,264,32,50,82,346
11/07/2002,ITO,HI,AWP,WE,Towers with Radar,37,6,4,6,53,0,95,26,31,152,37,101,30,37,205,32,28,60,265
11/08/2002,ITO,HI,AWP,WE,Towers with Radar,45,6,3,5,59,0,137,31,10,178,45,143,34,15,237,86,20,106,343
11/09/2002,ITO,HI,AWP,WE,Towers with Radar,32,4,2,2,40,2,139,45,0,186,34,143,47,2,226,38,0,38,264
11/10/2002,ITO,HI,AWP,WE,Towers with Radar,31,4,2,2,39,5,127,39,0,171,36,131,41,2,210,74,0,74,284
11/11/2002,ITO,HI,AWP,WE,Towers with Radar,45,5,3,0,53,9,135,29,0,173,54,140,32,0,226,32,2,34,260
11/12/2002,ITO,HI,AWP,WE,Towers with Radar,38,6,3,6,53,0,128,43,22,193,38,134,46,28,246,40,60,100,346
11/13/2002,ITO,HI,AWP,WE,Towers with Radar,37,4,2,5,48,2,152,39,13,206,39,156,41,18,254,18,16,34,288
11/14/2002,ITO,HI,AWP,WE,Towers with Radar,37,4,4,4,49,0,150,33,9,192,37,154,37,13,241,8,4,12,253
11/15/2002,ITO,HI,AWP,WE,Towers with Radar,40,4,4,1,49,0,147,20,0,167,40,151,24,1,216,54,0,54,270
11/16/2002,ITO,HI,AWP,WE,Towers with Radar,34,3,3,5,45,0,118,26,0,144,34,121,29,5,189,70,0,70,259
11/17/2002,ITO,HI,AWP,WE,Towers with Radar,34,3,3,5,45,0,137,45,1,183,34,140,48,6,228,30,4,34,262
11/18/2002,ITO,HI,AWP,WE,Towers with Radar,32,3,3,0,38,6,159,29,0,194,38,162,32,0,232,42,0,42,274
11/19/2002,ITO,HI,AWP,WE,Towers with Radar,37,4,3,5,49,1,104,27,10,142,38,108,30,15,191,10,20,30,221
11/20/2002,ITO,HI,AWP,WE,Towers with Radar,37,3,3,5,48,4,136,36,13,189,41,139,39,18,237,128,12,140,377
11/21/2002,ITO,HI,AWP,WE,Towers with Radar,36,4,3,5,48,0,110,22,2,134,36,114,25,7,182,47,0,47,229
11/22/2002,ITO,HI,AWP,WE,Towers with Radar,40,4,4,6,54,0,157,27,9,193,40,161,31,15,247,27,26,53,300
11/23/2002,ITO,HI,AWP,WE,Towers with Radar,30,3,3,0,36,4,83,16,0,103,34,86,19,0,139,42,0,42,181
11/24/2002,ITO,HI,AWP,WE,Towers with Radar,28,2,3,0,33,8,106,38,0,152,36,108,41,0,185,54,0,54,239
11/25/2002,ITO,HI,AWP,WE,Towers with Radar,36,3,3,4,46,4,136,42,3,185,40,139,45,7,231,10,18,28,259
11/26/2002,ITO,HI,AWP,WE,Towers with Radar,38,4,3,4,49,0,155,37,10,202,38,159,40,14,251,12,28,40,291
11/27/2002,ITO,HI,AWP,WE,Towers with Radar,45,4,4,5,58,0,150,33,12,195,45,154,37,17,253,14,10,24,277
11/28/2002,ITO,HI,AWP,WE,Towers with Radar,39,4,3,0,46,1,106,20,0,127,40,110,23,0,173,32,0,32,205
11/29/2002,ITO,HI,AWP,WE,Towers with Radar,44,2,4,0,50,0,0,2,0,2,44,2,6,0,52,2,0,2,54
11/30/2002,ITO,HI,AWP,WE,Towers with Radar,39,4,3,0,46,3,129,20,0,152,42,133,23,0,198,22,0,22,220
12/01/2002,ITO,HI,AWP,WE,Towers with Radar,31,5,3,0,39,7,129,43,0,179,38,134,46,0,218,48,0,48,266
12/02/2002,ITO,HI,AWP,WE,Towers with Radar,40,5,4,5,54,0,163,31,7,201,40,168,35,12,255,32,8,40,295
12/03/2002,ITO,HI,AWP,WE,Towers with Radar,32,4,3,4,43,3,154,49,12,218,35,158,52,16,261,20,12,32,293
12/04/2002,ITO,HI,AWP,WE,Towers with Radar,26,3,3,3,35,6,151,25,23,205,32,154,28,26,240,34,20,54,294
12/05/2002,ITO,HI,AWP,WE,Towers with Radar,38,6,4,6,54,0,107,14,7,128,38,113,18,13,182,28,5,33,215
12/06/2002,ITO,HI,AWP,WE,Towers with Radar,41,6,4,6,57,0,139,24,9,172,41,145,28,15,229,38,16,54,283
12/07/2002,ITO,HI,AWP,WE,Towers with Radar,30,4,3,4,41,0,26,11,5,42,30,30,14,9,83,4,0,4,87
12/08/2002,ITO,HI,AWP,WE,Towers with Radar,29,6,3,5,43,0,86,41,7,134,29,92,44,12,177,63,18,81,258
12/09/2002,ITO,HI,AWP,WE,Towers with Radar,29,4,3,4,40,4,140,16,0,160,33,144,19,4,200,22,20,42,242
12/10/2002,ITO,HI,AWP,WE,Towers with Radar,35,6,4,5,50,0,1,3,1,5,35,7,7,6,55,0,0,0,55
12/11/2002,ITO,HI,AWP,WE,Towers with Radar,28,4,3,4,39,6,111,19,3,139,34,115,22,7,178,34,16,50,228
12/12/2002,ITO,HI,AWP,WE,Towers with Radar,35,7,4,6,52,0,135,47,12,194,35,142,51,18,246,48,0,48,294
12/13/2002,ITO,HI,AWP,WE,Towers with Radar,36,6,2,3,47,3,101,25,0,129,39,107,27,3,176,10,0,10,186
12/14/2002,ITO,HI,AWP,WE,Towers with Radar,35,6,2,0,43,3,135,28,0,166,38,141,30,0,209,50,0,50,259
12/15/2002,ITO,HI,AWP,WE,Towers with Radar,27,4,2,5,38,1,102,36,3,142,28,106,38,8,180,80,0,80,260
12/16/2002,ITO,HI,AWP,WE,Towers with Radar,33,6,2,6,47,0,176,57,10,243,33,182,59,16,290,56,62,118,408
12/17/2002,ITO,HI,AWP,WE,Towers with Radar,35,8,4,8,55,0,122,42,39,203,35,130,46,47,258,94,88,182,440
12/18/2002,ITO,HI,AWP,WE,Towers with Radar,32,5,3,7,47,0,124,43,24,191,32,129,46,31,238,129,66,195,433
12/19/2002,ITO,HI,AWP,WE,Towers with Radar,39,5,3,6,53,0,123,23,10,156,39,128,26,16,209,154,0,154,363
12/20/2002,ITO,HI,AWP,WE,Towers with Radar,38,5,3,6,52,0,83,27,10,120,38,88,30,16,172,58,6,64,236
12/21/2002,ITO,HI,AWP,WE,Towers with Radar,26,3,2,0,31,5,95,28,0,128,31,98,30,0,159,52,0,52,211
12/22/2002,ITO,HI,AWP,WE,Towers with Radar,31,4,2,0,37,1,178,38,0,217,32,182,40,0,254,26,0,26,280
12/23/2002,ITO,HI,AWP,WE,Towers with Radar,39,6,2,0,47,2,187,32,0,221,41,193,34,0,268,48,0,48,316
12/24/2002,ITO,HI,AWP,WE,Towers with Radar,31,4,2,0,37,6,156,33,0,195,37,160,35,0,232,46,0,46,278
12/25/2002,ITO,HI,AWP,WE,Towers with Radar,25,4,1,0,30,7,16,6,0,29,32,20,7,0,59,8,0,8,67
12/26/2002,ITO,HI,AWP,WE,Towers with Radar,36,6,3,5,50,0,230,74,19,323,36,236,77,24,373,72,8,80,453
12/27/2002,ITO,HI,AWP,WE,Towers with Radar,37,6,3,6,52,0,197,21,3,221,37,203,24,9,273,26,0,26,299
12/28/2002,ITO,HI,AWP,WE,Towers with Radar,28,4,2,0,34,6,153,27,0,186,34,157,29,0,220,24,0,24,244
12/29/2002,ITO,HI,AWP,WE,Towers with Radar,30,4,2,0,36,5,219,39,0,263,35,223,41,0,299,40,0,40,339
12/30/2002,ITO,HI,AWP,WE,Towers with Radar,28,4,2,0,34,6,197,37,0,240,34,201,39,0,274,64,0,64,338
12/31/2002,ITO,HI,AWP,WE,Towers with Radar,28,4,2,0,34,9,156,40,0,205,37,160,42,0,239,38,0,38,277
01/01/2003,ITO,HI,AWP,WE,Towers with Radar,21,5,3,0,29,11,141,35,0,187,32,146,38,0,216,20,0,20,236
01/02/2003,ITO,HI,AWP,WE,Towers with Radar,28,7,4,2,41,9,144,36,0,189,37,151,40,2,230,40,0,40,270
01/03/2003,ITO,HI,AWP,WE,Towers with Radar,35,9,6,6,56,0,159,26,9,194,35,168,32,15,250,32,34,66,316
01/04/2003,ITO,HI,AWP,WE,Towers with Radar,26,7,4,1,38,8,145,25,0,178,34,152,29,1,216,34,0,34,250
01/05/2003,ITO,HI,AWP,WE,Towers with Radar,24,6,4,2,36,12,121,27,0,160,36,127,31,2,196,16,0,16,212
01/06/2003,ITO,HI,AWP,WE,Towers with Radar,32,7,5,0,44,9,187,46,0,242,41,194,51,0,286,8,0,8,294
01/07/2003,ITO,HI,AWP,WE,Towers with Radar,30,8,4,5,47,4,136,34,15,189,34,144,38,20,236,30,40,70,306
01/08/2003,ITO,HI,AWP,WE,Towers with Radar,31,7,5,5,48,5,108,36,14,163,36,115,41,19,211,20,24,44,255
01/09/2003,ITO,HI,AWP,WE,Towers with Radar,30,8,4,5,47,4,137,43,14,198,34,145,47,19,245,58,32,90,335
01/10/2003,ITO,HI,AWP,WE,Towers with Radar,37,9,6,6,58,0,123,23,19,165,37,132,29,25,223,32,32,64,287
01/11/2003,ITO,HI,AWP,WE,Towers with Radar,28,7,4,4,43,2,25,5,0,32,30,32,9,4,75,12,0,12,87
01/12/2003,ITO,HI,AWP,WE,Towers with Radar,28,7,4,5,44,2,83,29,19,133,30,90,33,24,177,32,6,38,215
01/13/2003,ITO,HI,AWP,WE,Towers with Radar,31,7,3,6,47,6,157,32,0,195,37,164,35,6,242,32,28,60,302
01/14/2003,ITO,HI,AWP,WE,Towers with Radar,36,8,5,7,56,0,146,39,28,213,36,154,44,35,269,50,28,78,347
01/15/2003,ITO,HI,AWP,WE,Towers with Radar,32,7,4,6,49,0,134,27,10,171,32,141,31,16,220,38,10,48,268
01/16/2003,ITO,HI,AWP,WE,Towers with Radar,25,5,3,4,37,8,112,37,0,157,33,117,40,4,194,66,0,66,260
01/17/2003,ITO,HI,AWP,WE,Towers with Radar,32,7,4,0,43,10,171,32,0,213,42,178,36,0,256,36,0,36,292
01/18/2003,ITO,HI,AWP,WE,Towers with Radar,26,6,3,4,39,4,99,31,4,138,30,105,34,8,177,30,6,36,213
01/19/2003,ITO,HI,AWP,WE,Towers with Radar,20,4,2,0,26,7,73,36,0,116,27,77,38,0,142,50,0,50,192
01/20/2003,ITO,HI,AWP,WE,Towers with Radar,33,7,4,0,44,5,116,33,0,154,38,123,37,0,198,38,0,38,236
01/21/2003,ITO,HI,AWP,WE,Towers with Radar,33,7,4,5,49,4,146,25,4,179,37,153,29,9,228,28,12,40,268
01/22/2003,ITO,HI,AWP,WE,Towers with Radar,27,7,3,4,41,8,156,30,13,207,35,163,33,17,248,22,14,36,284
01/23/2003,ITO,HI,AWP,WE,Towers with Radar,34,9,4,6,53,0,149,36,23,208,34,158,40,29,261,38,24,62,323
01/24/2003,ITO,HI,AWP,WE,Towers with Radar,38,10,5,6,59,0,80,22,24,126,38,90,27,30,185,28,28,56,241
01/25/2003,ITO,HI,AWP,WE,Towers with Radar,30,8,4,5,47,0,28,15,11,54,30,36,19,16,101,32,10,42,143
01/26/2003,ITO,HI,AWP,WE,Towers with Radar,24,6,3,0,33,2,134,30,0,166,26,140,33,0,199,72,0,72,271
01/27/2003,ITO,HI,AWP,WE,Towers with Radar,33,8,4,5,50,0,149,30,3,182,33,157,34,8,232,42,8,50,282
01/28/2003,ITO,HI,AWP,WE,Towers with Radar,35,9,5,6,55,0,107,23,1,131,35,116,28,7,186,48,12,60,246
01/29/2003,ITO,HI,AWP,WE,Towers with Radar,33,32,17,3,85,0,90,33,0,123,33,122,50,3,208,38,18,56,264
01/30/2003,ITO,HI,AWP,WE,Towers with Radar,27,6,3,4,40,6,123,35,7,171,33,129,38,11,211,48,0,48,259
01/31/2003,ITO,HI,AWP,WE,Towers with Radar,32,7,4,4,47,6,105,32,0,143,38,112,36,4,190,52,0,52,242
02/01/2003,ITO,HI,AWP,WE,Towers with Radar,26,4,2,2,34,4,164,33,0,201,30,168,35,2,235,68,0,68,303
02/02/2003,ITO,HI,AWP,WE,Towers with Radar,31,7,3,6,47,0,59,17,24,100,31,66,20,30,147,6,26,32,179
02/03/2003,ITO,HI,AWP,WE,Towers with Radar,29,5,2,1,37,6,118,41,0,165,35,123,43,1,202,45,0,45,247
02/04/2003,ITO,HI,AWP,WE,Towers with Radar,33,6,3,5,47,0,138,44,13,195,33,144,47,18,242,32,32,64,306
02/05/2003,ITO,HI,AWP,WE,Towers with Radar,34,7,4,6,51,0,151,61,38,250,34,158,65,44,301,50,38,88,389
02/06/2003,ITO,HI,AWP,WE,Towers with Radar,29,5,2,4,40,4,111,26,2,143,33,116,28,6,183,18,0,18,201
02/07/2003,ITO,HI,AWP,WE,Towers with Radar,33,5,2,5,45,3,170,51,5,229,36,175,53,10,274,84,44,128,402
02/08/2003,ITO,HI,AWP,WE,Towers with Radar,25,4,2,3,34,6,155,37,5,203,31,159,39,8,237,68,22,90,327
02/09/2003,ITO,HI,AWP,WE,Towers with Radar,28,4,3,4,39,0,105,38,4,147,28,109,41,8,186,56,0,56,242
02/10/2003,ITO,HI,AWP,WE,Towers with Radar,34,4,3,6,47,0,164,29,7,200,34,168,32,13,247,12,50,62,309
02/11/2003,ITO,HI,AWP,WE,Towers with Radar,34,6,4,8,52,0,144,30,5,179,34,150,34,13,231,8,28,36,267
02/12/2003,ITO,HI,AWP,WE,Towers with Radar,36,5,4,7,52,0,144,31,14,189,36,149,35,21,241,26,6,32,273
02/13/2003,ITO,HI,AWP,WE,Towers with Radar,31,4,3,6,44,4,127,27,3,161,35,131,30,9,205,54,12,66,271
02/14/2003,ITO,HI,AWP,WE,Towers with Radar,44,5,4,8,61,0,56,5,18,79,44,61,9,26,140,18,28,46,186
02/15/2003,ITO,HI,AWP,WE,Towers with Radar,29,4,3,0,36,5,9,13,0,27,34,13,16,0,63,4,0,4,67
02/16/2003,ITO,HI,AWP,WE,Towers with Radar,28,3,3,5,39,6,166,36,0,208,34,169,39,5,247,58,0,58,305
02/17/2003,ITO,HI,AWP,WE,Towers with Radar,34,4,3,0,41,6,187,36,0,229,40,191,39,0,270,54,0,54,324
02/18/2003,ITO,HI,AWP,WE,Towers with Radar,30,4,3,2,39,3,174,41,0,218,33,178,44,2,257,20,12,32,289
02/19/2003,ITO,HI,AWP,WE,Towers with Radar,36,4,4,6,50,1,145,26,6,178,37,149,30,12,228,20,20,40,268
02/20/2003,ITO,HI,AWP,WE,Towers with Radar,39,6,4,8,57,0,180,33,18,231,39,186,37,26,288,40,23,63,351
02/21/2003,ITO,HI,AWP,WE,Towers with Radar,37,5,4,5,51,0,48,9,10,67,37,53,13,15,118,6,4,10,128
02/22/2003,ITO,HI,AWP,WE,Towers with Radar,32,4,3,5,44,0,127,19,5,151,32,131,22,10,195,48,10,58,253
02/23/2003,ITO,HI,AWP,WE,Towers with Radar,27,3,3,0,33,4,176,8,0,188,31,179,11,0,221,70,0,70,291
02/24/2003,ITO,HI,AWP,WE,Towers with Radar,35,5,4,5,49,0,175,49,2,226,35,180,53,7,275,100,60,160,435
02/25/2003,ITO,HI,AWP,WE,Towers with Radar,40,6,3,8,57,0,151,37,26,214,40,157,40,34,271,46,91,137,408
02/26/2003,ITO,HI,AWP,WE,Towers with Radar,32,4,2,6,44,4,100,16,0,120,36,104,18,6,164,14,40,54,218
02/27/2003,ITO,HI,AWP,WE,Towers with Radar,34,4,2,6,46,0,162,33,4,199,34,166,35,10,245,70,13,83,328
02/28/2003,ITO,HI,AWP,WE,Towers with Radar,35,4,3,3,45,3,128,23,0,154,38,132,26,3,199,20,2,22,221
03/01/2003,ITO,HI,AWP,WE,Towers with Radar,29,7,5,4,45,6,132,18,2,158,35,139,23,6,203,28,2,30,233
03/02/2003,ITO,HI,AWP,WE,Towers with Radar,36,8,6,2,52,0,90,22,0,112,36,98,28,2,164,30,0,30,194
03/03/2003,ITO,HI,AWP,WE,Towers with Radar,31,6,5,4,46,3,191,41,14,249,34,197,46,18,295,34,66,100,395
03/04/2003,ITO,HI,AWP,WE,Towers with Radar,30,7,5,4,46,5,151,26,4,186,35,158,31,8,232,28,8,36,268
03/05/2003,ITO,HI,AWP,WE,Towers with Radar,28,7,5,4,44,6,158,35,16,215,34,165,40,20,259,18,28,46,305
03/06/2003,ITO,HI,AWP,WE,Towers with Radar,35,8,6,5,54,3,119,27,0,149,38,127,33,5,203,18,0,18,221
03/07/2003,ITO,HI,AWP,WE,Towers with Radar,41,10,7,6,64,0,141,30,23,194,41,151,37,29,258,46,20,66,324
03/08/2003,ITO,HI,AWP,WE,Towers with Radar,24,6,4,0,34,11,90,25,0,126,35,96,29,0,160,86,0,86,246
03/09/2003,ITO,HI,AWP,WE,Towers with Radar,27,7,4,4,42,7,65,21,0,93,34,72,25,4,135,32,0,32,167
03/10/2003,ITO,HI,AWP,WE,Towers with Radar,30,7,5,4,46,9,191,34,3,237,39,198,39,7,283,38,2,40,323
03/11/2003,ITO,HI,AWP,WE,Towers with Radar,37,9,6,6,58,0,173,17,14,204,37,182,23,20,262,36,56,92,354
03/12/2003,ITO,HI,AWP,WE,Towers with Radar,28,6,5,4,43,12,149,34,35,230,40,155,39,39,273,22,46,68,341
03/13/2003,ITO,HI,AWP,WE,Towers with Radar,34,8,5,6,53,6,149,24,7,186,40,157,29,13,239,26,30,56,295
03/14/2003,ITO,HI,AWP,WE,Towers with Radar,44,10,7,6,67,1,167,24,13,205,45,177,31,19,272,30,24,54,326
03/15/2003,ITO,HI,AWP,WE,Towers with Radar,24,6,3,0,33,10,129,31,0,170,34,135,34,0,203,52,0,52,255
03/16/2003,ITO,HI,AWP,WE,Towers with Radar,25,6,3,3,37,11,130,16,0,157,36,136,19,3,194,8,0,8,202
03/17/2003,ITO,HI,AWP,WE,Towers with Radar,32,8,4,1,45,5,147,39,0,191,37,155,43,1,236,34,0,34,270
03/18/2003,ITO,HI,AWP,WE,Towers with Radar,37,11,6,8,62,0,193,38,11,242,37,204,44,19,304,34,30,64,368
03/19/2003,ITO,HI,AWP,WE,Towers with Radar,41,13,8,9,71,0,180,39,3,222,41,193,47,12,293,40,68,108,401
03/20/2003,ITO,HI,AWP,WE,Towers with Radar,40,10,7,8,65,0,182,32,45,259,40,192,39,53,324,66,134,200,524
03/21/2003,ITO,HI,AWP,WE,Towers with Radar,41,8,5,7,61,3,159,47,9,218,44,167,52,16,279,74,16,90,369
03/22/2003,ITO,HI,AWP,WE,Towers with Radar,28,6,3,4,41,7,143,67,0,217,35,149,70,4,258,64,0,64,322
03/23/2003,ITO,HI,AWP,WE,Towers with Radar,26,5,3,4,38,10,132,38,0,180,36,137,41,4,218,70,0,70,288
03/24/2003,ITO,HI,AWP,WE,Towers with Radar,39,12,8,6,65,0,234,29,0,263,39,246,37,6,328,24,0,24,352
03/25/2003,ITO,HI,AWP,WE,Towers with Radar,31,6,4,0,41,9,147,15,0,171,40,153,19,0,212,28,0,28,240
03/26/2003,ITO,HI,AWP,WE,Towers with Radar,40,9,5,6,60,0,171,47,32,250,40,180,52,38,310,42,20,62,372
03/27/2003,ITO,HI,AWP,WE,Towers with Radar,39,9,5,6,59,0,158,30,14,202,39,167,35,20,261,70,20,90,351
03/28/2003,ITO,HI,AWP,WE,Towers with Radar,38,9,5,5,57,4,95,20,3,122,42,104,25,8,179,30,8,38,217
03/29/2003,ITO,HI,AWP,WE,Towers with Radar,38,25,15,9,87,0,68,12,0,80,38,93,27,9,167,22,0,22,189
03/30/2003,ITO,HI,AWP,WE,Towers with Radar,31,7,4,4,46,8,102,32,0,142,39,109,36,4,188,12,0,12,200
03/31/2003,ITO,HI,AWP,WE,Towers with Radar,40,9,5,6,60,0,91,36,18,145,40,100,41,24,205,10,80,90,295
04/01/2003,ITO,HI,AWP,WE,Towers with Radar,47,13,10,6,76,0,166,22,8,196,47,179,32,14,272,20,68,88,360
04/02/2003,ITO,HI,AWP,WE,Towers with Radar,32,7,5,3,47,2,185,27,38,252,34,192,32,41,299,34,80,114,413
04/03/2003,ITO,HI,AWP,WE,Towers with Radar,31,7,5,3,46,4,113,23,22,162,35,120,28,25,208,42,58,100,308
04/04/2003,ITO,HI,AWP,WE,Towers with Radar,37,8,7,4,56,0,29,8,8,45,37,37,15,12,101,44,8,52,153
04/05/2003,ITO,HI,AWP,WE,Towers with Radar,30,9,7,5,51,0,74,36,14,124,30,83,43,19,175,24,0,24,199
04/06/2003,ITO,HI,AWP,WE,Towers with Radar,34,8,6,5,53,0,8,9,3,20,34,16,15,8,73,0,0,0,73
04/07/2003,ITO,HI,AWP,WE,Towers with Radar,34,7,6,4,51,0,166,54,15,235,34,173,60,19,286,18,16,34,320
04/08/2003,ITO,HI,AWP,WE,Towers with Radar,38,8,6,5,57,0,201,41,16,258,38,209,47,21,315,30,20,50,365
04/09/2003,ITO,HI,AWP,WE,Towers with Radar,34,7,6,4,51,6,119,31,33,189,40,126,37,37,240,10,22,32,272
04/10/2003,ITO,HI,AWP,WE,Towers with Radar,34,7,6,4,51,6,107,29,18,160,40,114,35,22,211,14,28,42,253
04/11/2003,ITO,HI,AWP,WE,Towers with Radar,41,9,7,5,62,0,176,44,14,234,41,185,51,19,296,38,10,48,344
04/12/2003,ITO,HI,AWP,WE,Towers with Radar,25,6,4,0,35,4,101,19,0,124,29,107,23,0,159,88,0,88,247
04/13/2003,ITO,HI,AWP,WE,Towers with Radar,25,6,4,1,36,4,127,19,0,150,29,133,23,1,186,28,0,28,214
04/14/2003,ITO,HI,AWP,WE,Towers with Radar,32,7,6,5,50,0,177,27,15,219,32,184,33,20,269,32,12,44,313
04/15/2003,ITO,HI,AWP,WE,Towers with Radar,31,7,5,5,48,0,165,28,1,194,31,172,33,6,242,42,0,42,284
04/16/2003,ITO,HI,AWP,WE,Towers with Radar,26,5,4,2,37,6,145,16,0,167,32,150,20,2,204,40,10,50,254
04/17/2003,ITO,HI,AWP,WE,Towers with Radar,37,7,5,5,54,0,150,31,3,184,37,157,36,8,238,30,50,80,318
04/18/2003,ITO,HI,AWP,WE,Towers with Radar,36,8,6,0,50,0,97,15,0,112,36,105,21,0,162,4,0,4,166
04/19/2003,ITO,HI,AWP,WE,Towers with Radar,26,5,4,1,36,3,163,27,0,193,29,168,31,1,229,30,0,30,259
04/20/2003,ITO,HI,AWP,WE,Towers with Radar,26,5,4,0,35,3,68,15,0,86,29,73,19,0,121,36,0,36,157
04/21/2003,ITO,HI,AWP,WE,Towers with Radar,34,6,5,0,45,2,119,20,0,141,36,125,25,0,186,38,0,38,224
04/22/2003,ITO,HI,AWP,WE,Towers with Radar,38,8,7,6,59,0,85,18,3,106,38,93,25,9,165,26,0,26,191
04/23/2003,ITO,HI,AWP,WE,Towers with Radar,42,7,6,4,59,5,95,19,0,119,47,102,25,4,178,12,0,12,190
04/24/2003,ITO,HI,AWP,WE,Towers with Radar,33,7,4,3,47,7,152,28,31,218,40,159,32,34,265,94,24,118,383
04/25/2003,ITO,HI,AWP,WE,Towers with Radar,42,8,6,4,60,0,111,28,17,156,42,119,34,21,216,106,42,148,364
04/26/2003,ITO,HI,AWP,WE,Towers with Radar,24,5,4,0,33,6,128,16,0,150,30,133,20,0,183,176,0,176,359
04/27/2003,ITO,HI,AWP,WE,Towers with Radar,48,10,7,4,69,12,126,28,0,166,60,136,35,4,235,158,0,158,393
04/28/2003,ITO,HI,AWP,WE,Towers with Radar,36,8,6,4,54,0,151,34,0,185,36,159,40,4,239,62,0,62,301
04/29/2003,ITO,HI,AWP,WE,Towers with Radar,33,7,4,3,47,0,143,35,32,210,33,150,39,35,257,18,56,74,331
04/30/2003,ITO,HI,AWP,WE,Towers with Radar,29,5,4,3,41,5,131,40,37,213,34,136,44,40,254,46,46,92,346
05/01/2003,ITO,HI,AWP,WE,Towers with Radar,35,7,4,3,49,3,109,39,12,163,38,116,43,15,212,52,32,84,296
05/02/2003,ITO,HI,AWP,WE,Towers with Radar,37,6,5,3,51,0,117,26,8,151,37,123,31,11,202,30,12,42,244
05/03/2003,ITO,HI,AWP,WE,Towers with Radar,26,5,3,1,35,3,105,14,13,135,29,110,17,14,170,40,2,42,212
05/04/2003,ITO,HI,AWP,WE,Towers with Radar,34,8,4,2,48,0,134,32,29,195,34,142,36,31,243,28,0,28,271
05/05/2003,ITO,HI,AWP,WE,Towers with Radar,33,7,4,2,46,0,149,49,8,206,33,156,53,10,252,46,2,48,300
05/06/2003,ITO,HI,AWP,WE,Towers with Radar,33,10,5,3,51,0,149,52,22,223,33,159,57,25,274,48,34,82,356
05/07/2003,ITO,HI,AWP,WE,Towers with Radar,31,7,3,2,43,4,168,23,5,200,35,175,26,7,243,8,0,8,251
05/08/2003,ITO,HI,AWP,WE,Towers with Radar,35,8,4,2,49,4,104,20,12,140,39,112,24,14,189,6,28,34,223
05/09/2003,ITO,HI,AWP,WE,Towers with Radar,37,8,4,2,51,1,117,21,1,140,38,125,25,3,191,36,0,36,227
05/10/2003,ITO,HI,AWP,WE,Towers with Radar,32,7,4,2,45,0,55,6,2,63,32,62,10,4,108,20,4,24,132
05/11/2003,ITO,HI,AWP,WE,Towers with Radar,29,6,3,0,38,3,120,36,0,159,32,126,39,0,197,24,0,24,221
05/12/2003,ITO,HI,AWP,WE,Towers with Radar,33,7,4,2,46,3,183,45,0,231,36,190,49,2,277,34,0,34,311
05/13/2003,ITO,HI,AWP,WE,Towers with Radar,34,11,5,3,53,0,143,31,4,178,34,154,36,7,231,44,2,46,277
05/14/2003,ITO,HI,AWP,WE,Towers with Radar,31,7,4,2,44,3,154,19,10,186,34,161,23,12,230,14,26,40,270
05/15/2003,ITO,HI,AWP,WE,Towers with Radar,33,7,4,0,44,3,179,32,0,214,36,186,36,0,258,58,0,58,316
05/16/2003,ITO,HI,AWP,WE,Towers with Radar,39,9,3,3,54,3,101,22,3,129,42,110,25,6,183,42,2,44,227
05/17/2003,ITO,HI,AWP,WE,Towers with Radar,29,6,2,1,38,1,53,13,0,67,30,59,15,1,105,0,0,0,105
05/18/2003,ITO,HI,AWP,WE,Towers with Radar,26,6,2,0,34,5,153,18,0,176,31,159,20,0,210,52,0,52,262
05/19/2003,ITO,HI,AWP,WE,Towers with Radar,33,7,3,3,46,0,146,33,17,196,33,153,36,20,242,36,112,148,390
05/20/2003,ITO,HI,AWP,WE,Towers with Radar,31,7,3,3,44,4,110,24,18,156,35,117,27,21,200,16,56,72,272
05/21/2003,ITO,HI,AWP,WE,Towers with Radar,29,7,2,3,41,6,182,61,60,309,35,189,63,63,350,66,74,140,490
05/22/2003,ITO,HI,AWP,WE,Towers with Radar,36,8,3,3,50,2,69,30,27,128,38,77,33,30,178,28,43,71,249
05/23/2003,ITO,HI,AWP,WE,Towers with Radar,37,9,3,4,53,0,133,26,3,162,37,142,29,7,215,56,12,68,283
05/24/2003,ITO,HI,AWP,WE,Towers with Radar,28,6,2,0,36,3,129,40,0,172,31,135,42,0,208,28,0,28,236
05/25/2003,ITO,HI,AWP,WE,Towers with Radar,28,6,2,0,36,5,151,28,0,184,33,157,30,0,220,46,0,46,266
05/26/2003,ITO,HI,AWP,WE,Towers with Radar,31,6,2,0,39,5,159,38,0,202,36,165,40,0,241,26,0,26,267
05/27/2003,ITO,HI,AWP,WE,Towers with Radar,34,10,4,4,52,0,154,38,3,195,34,164,42,7,247,28,20,48,295
05/28/2003,ITO,HI,AWP,WE,Towers with Radar,35,7,3,3,48,0,172,20,15,207,35,179,23,18,255,36,28,64,319
05/29/2003,ITO,HI,AWP,WE,Towers with Radar,33,6,3,3,45,0,168,33,18,219,33,174,36,21,264,22,46,68,332
05/30/2003,ITO,HI,AWP,WE,Towers with Radar,35,6,3,3,47,5,144,40,3,192,40,150,43,6,239,48,2,50,289
05/31/2003,ITO,HI,AWP,WE,Towers with Radar,25,5,2,2,34,4,67,16,2,89,29,72,18,4,123,34,2,36,159
06/01/2003,ITO,HI,AWP,WE,Towers with Radar,27,6,3,2,38,5,135,20,0,160,32,141,23,2,198,34,0,34,232
06/02/2003,ITO,HI,AWP,WE,Towers with Radar,34,6,4,6,50,0,165,34,8,207,34,171,38,14,257,46,22,68,325
06/03/2003,ITO,HI,AWP,WE,Towers with Radar,32,6,3,5,46,3,155,34,1,193,35,161,37,6,239,26,0,26,265
06/04/2003,ITO,HI,AWP,WE,Towers with Radar,34,6,3,5,48,0,181,16,8,205,34,187,19,13,253,16,26,42,295
06/05/2003,ITO,HI,AWP,WE,Towers with Radar,29,5,3,4,41,5,114,30,14,163,34,119,33,18,204,42,48,90,294
06/06/2003,ITO,HI,AWP,WE,Towers with Radar,28,6,3,5,42,5,109,19,13,146,33,115,22,18,188,84,4,88,276
06/07/2003,ITO,HI,AWP,WE,Towers with Radar,32,7,3,3,45,6,141,32,0,179,38,148,35,3,224,55,0,55,279
06/08/2003,ITO,HI,AWP,WE,Towers with Radar,28,6,3,5,42,4,121,19,1,145,32,127,22,6,187,8,0,8,195
06/09/2003,ITO,HI,AWP,WE,Towers with Radar,31,6,3,5,45,5,228,49,7,289,36,234,52,12,334,30,4,34,368
06/10/2003,ITO,HI,AWP,WE,Towers with Radar,33,7,4,6,50,0,145,19,15,179,33,152,23,21,229,34,30,64,293
06/11/2003,ITO,HI,AWP,WE,Towers with Radar,32,8,4,7,51,0,135,22,18,175,32,143,26,25,226,18,20,38,264
06/12/2003,ITO,HI,AWP,WE,Towers with Radar,37,10,5,8,60,0,120,24,20,164,37,130,29,28,224,30,16,46,270
06/13/2003,ITO,HI,AWP,WE,Towers with Radar,33,7,2,2,44,3,121,21,0,145,36,128,23,2,189,84,0,84,273
06/14/2003,ITO,HI,AWP,WE,Towers with Radar,28,6,2,1,37,6,118,39,0,163,34,124,41,1,200,110,0,110,310
06/15/2003,ITO,HI,AWP,WE,Towers with Radar,28,6,2,0,36,7,106,16,0,129,35,112,18,0,165,12,0,12,177
06/16/2003,ITO,HI,AWP,WE,Towers with Radar,27,6,2,2,37,6,171,47,0,224,33,177,49,2,261,50,0,50,311
06/17/2003,ITO,HI,AWP,WE,Towers with Radar,36,8,3,7,54,0,162,28,20,210,36,170,31,27,264,40,22,62,326
06/18/2003,ITO,HI,AWP,WE,Towers with Radar,34,8,3,7,52,0,45,22,14,81,34,53,25,21,133,34,0,34,167
06/19/2003,ITO,HI,AWP,WE,Towers with Radar,32,6,2,6,46,5,167,32,14,218,37,173,34,20,264,8,32,40,304
06/20/2003,ITO,HI,AWP,WE,Towers with Radar,38,8,3,9,58,0,123,28,5,156,38,131,31,14,214,64,12,76,290
06/21/2003,ITO,HI,AWP,WE,Towers with Radar,27,4,2,1,34,5,121,28,0,154,32,125,30,1,188,46,0,46,234
06/22/2003,ITO,HI,AWP,WE,Towers with Radar,29,5,2,0,36,5,91,27,0,123,34,96,29,0,159,72,0,72,231
06/23/2003,ITO,HI,AWP,WE,Towers with Radar,37,9,3,9,58,0,166,41,15,222,37,175,44,24,280,78,20,98,378
06/24/2003,ITO,HI,AWP,WE,Towers with Radar,36,7,2,5,50,2,103,39,0,144,38,110,41,5,194,30,0,30,224
06/25/2003,ITO,HI,AWP,WE,Towers with Radar,36,9,3,8,56,0,134,52,7,193,36,143,55,15,249,40,22,62,311
06/26/2003,ITO,HI,AWP,WE,Towers with Radar,38,10,4,8,60,0,158,35,11,204,38,168,39,19,264,28,12,40,304
06/27/2003,ITO,HI,AWP,WE,Towers with Radar,36,8,2,4,50,5,159,37,0,201,41,167,39,4,251,96,0,96,347
06/28/2003,ITO,HI,AWP,WE,Towers with Radar,29,6,2,5,42,3,110,22,3,138,32,116,24,8,180,44,0,44,224
06/29/2003,ITO,HI,AWP,WE,Towers with Radar,30,6,2,0,38,4,113,37,0,154,34,119,39,0,192,62,0,62,254
06/30/2003,ITO,HI,AWP,WE,Towers with Radar,34,7,3,6,50,0,179,37,8,224,34,186,40,14,274,88,6,94,368
07/01/2003,ITO,HI,AWP,WE,Towers with Radar,36,11,5,9,61,0,155,39,53,247,36,166,44,62,308,18,68,86,394
07/02/2003,ITO,HI,AWP,WE,Towers with Radar,34,7,4,6,51,2,179,50,32,263,36,186,54,38,314,58,54,112,426
07/03/2003,ITO,HI,AWP,WE,Towers with Radar,32,7,3,6,48,6,166,31,7,210,38,173,34,13,258,26,14,40,298
07/04/2003,ITO,HI,AWP,WE,Towers with Radar,23,5,3,0,31,10,145,19,0,174,33,150,22,0,205,34,0,34,239
07/05/2003,ITO,HI,AWP,WE,Towers with Radar,28,7,3,0,38,9,133,20,0,162,37,140,23,0,200,62,0,62,262
07/06/2003,ITO,HI,AWP,WE,Towers with Radar,30,7,3,0,40,10,153,34,0,197,40,160,37,0,237,86,0,86,323
07/07/2003,ITO,HI,AWP,WE,Towers with Radar,38,9,4,2,53,0,58,14,0,72,38,67,18,2,125,40,0,40,165
07/08/2003,ITO,HI,AWP,WE,Towers with Radar,35,9,4,9,57,0,140,27,10,177,35,149,31,19,234,30,6,36,270
07/09/2003,ITO,HI,AWP,WE,Towers with Radar,36,10,5,9,60,0,85,16,9,110,36,95,21,18,170,34,16,50,220
07/10/2003,ITO,HI,AWP,WE,Towers with Radar,30,9,4,9,52,0,157,35,9,201,30,166,39,18,253,74,46,120,373
07/11/2003,ITO,HI,AWP,WE,Towers with Radar,27,6,3,5,41,10,122,42,1,175,37,128,45,6,216,29,24,53,269
07/12/2003,ITO,HI,AWP,WE,Towers with Radar,36,8,4,7,55,0,11,5,4,20,36,19,9,11,75,4,0,4,79
07/13/2003,ITO,HI,AWP,WE,Towers with Radar,33,8,4,7,52,0,128,41,4,173,33,136,45,11,225,126,4,130,355
07/14/2003,ITO,HI,AWP,WE,Towers with Radar,33,7,4,6,50,3,183,38,2,226,36,190,42,8,276,48,0,48,324
07/15/2003,ITO,HI,AWP,WE,Towers with Radar,35,10,5,9,59,0,173,59,15,247,35,183,64,24,306,136,30,166,472
07/16/2003,ITO,HI,AWP,WE,Towers with Radar,38,8,4,7,57,0,187,64,23,274,38,195,68,30,331,40,26,66,397
07/17/2003,ITO,HI,AWP,WE,Towers with Radar,32,7,2,8,49,7,108,28,24,167,39,115,30,32,216,36,12,48,264
07/18/2003,ITO,HI,AWP,WE,Towers with Radar,37,8,3,6,54,1,117,40,0,158,38,125,43,6,212,68,2,70,282
07/19/2003,ITO,HI,AWP,WE,Towers with Radar,27,6,2,6,41,3,78,19,4,104,30,84,21,10,145,30,0,30,175
07/20/2003,ITO,HI,AWP,WE,Towers with Radar,33,6,2,8,49,1,122,17,14,154,34,128,19,22,203,26,22,48,251
07/21/2003,ITO,HI,AWP,WE,Towers with Radar,36,8,3,8,55,0,232,36,29,297,36,240,39,37,352,84,28,112,464
07/22/2003,ITO,HI,AWP,WE,Towers with Radar,39,9,3,9,60,0,159,42,9,210,39,168,45,18,270,64,22,86,356
07/23/2003,ITO,HI,AWP,WE,Towers with Radar,33,6,2,8,49,3,169,26,5,203,36,175,28,13,252,20,0,20,272
07/24/2003,ITO,HI,AWP,WE,Towers with Radar,38,8,3,8,57,0,13,11,2,26,38,21,14,10,83,28,4,32,115
07/25/2003,ITO,HI,AWP,WE,Towers with Radar,37,6,3,2,48,1,91,22,0,114,38,97,25,2,162,32,0,32,194
07/26/2003,ITO,HI,AWP,WE,Towers with Radar,27,5,2,0,34,7,110,23,0,140,34,115,25,0,174,38,0,38,212
07/27/2003,ITO,HI,AWP,WE,Towers with Radar,31,7,2,5,45,6,129,22,1,158,37,136,24,6,203,30,6,36,239
07/28/2003,ITO,HI,AWP,WE,Towers with Radar,34,7,3,6,50,2,128,45,2,177,36,135,48,8,227,72,0,72,299
07/29/2003,ITO,HI,AWP,WE,Towers with Radar,36,9,3,7,55,0,186,55,24,265,36,195,58,31,320,40,80,120,440
07/30/2003,ITO,HI,AWP,WE,Towers with Radar,36,8,3,6,53,1,124,47,22,194,37,132,50,28,247,36,46,82,329
07/31/2003,ITO,HI,AWP,WE,Towers with Radar,36,7,3,7,53,0,123,27,3,153,36,130,30,10,206,76,34,110,316
08/01/2003,ITO,HI,AWP,WE,Towers with Radar,34,8,3,2,47,7,78,6,0,91,41,86,9,2,138,16,0,16,154
08/02/2003,ITO,HI,AWP,WE,Towers with Radar,26,6,2,5,39,6,125,16,21,168,32,131,18,26,207,12,20,32,239
08/03/2003,ITO,HI,AWP,WE,Towers with Radar,28,7,2,5,42,6,116,31,4,157,34,123,33,9,199,30,0,30,229
08/04/2003,ITO,HI,AWP,WE,Towers with Radar,41,10,3,8,62,1,151,42,6,200,42,161,45,14,262,20,20,40,302
08/05/2003,ITO,HI,AWP,WE,Towers with Radar,30,7,2,0,39,4,116,42,0,162,34,123,44,0,201,54,0,54,255
08/06/2003,ITO,HI,AWP,WE,Towers with Radar,36,9,3,8,56,0,158,35,24,217,36,167,38,32,273,68,72,140,413
08/07/2003,ITO,HI,AWP,WE,Towers with Radar,32,8,2,7,49,4,146,39,4,193,36,154,41,11,242,36,42,78,320
08/08/2003,ITO,HI,AWP,WE,Towers with Radar,37,10,3,9,59,0,145,26,16,187,37,155,29,25,246,47,20,67,313
08/09/2003,ITO,HI,AWP,WE,Towers with Radar,29,7,2,3,41,3,99,12,0,114,32,106,14,3,155,50,0,50,205
08/10/2003,ITO,HI,AWP,WE,Towers with Radar,28,7,2,0,37,0,110,21,0,131,28,117,23,0,168,44,0,44,212
08/11/2003,ITO,HI,AWP,WE,Towers with Radar,28,7,2,5,42,6,186,43,1,236,34,193,45,6,278,62,0,62,340
08/12/2003,ITO,HI,AWP,WE,Towers with Radar,34,8,3,7,52,1,180,39,6,226,35,188,42,13,278,96,10,106,384
08/13/2003,ITO,HI,AWP,WE,Towers with Radar,33,11,3,9,56,0,43,18,12,73,33,54,21,21,129,14,22,36,165
08/14/2003,ITO,HI,AWP,WE,Towers with Radar,30,7,2,7,46,6,172,32,8,218,36,179,34,15,264,32,6,38,302
08/15/2003,ITO,HI,AWP,WE,Towers with Radar,36,9,3,8,56,0,128,34,12,174,36,137,37,20,230,52,20,72,302
08/16/2003,ITO,HI,AWP,WE,Towers with Radar,31,6,2,4,43,5,81,17,0,103,36,87,19,4,146,26,0,26,172
08/17/2003,ITO,HI,AWP,WE,Towers with Radar,29,6,2,0,37,3,128,30,0,161,32,134,32,0,198,92,0,92,290
08/18/2003,ITO,HI,AWP,WE,Towers with Radar,35,10,2,11,58,0,164,70,9,243,35,174,72,20,301,110,12,122,423
08/19/2003,ITO,HI,AWP,WE,Towers with Radar,38,10,2,10,60,0,155,51,34,240,38,165,53,44,300,4,0,4,304
08/20/2003,ITO,HI,AWP,WE,Towers with Radar,38,8,2,5,53,0,45,31,0,76,38,53,33,5,129,2,10,12,141
08/21/2003,ITO,HI,AWP,WE,Towers with Radar,34,10,2,10,56,0,154,39,20,213,34,164,41,30,269,60,40,100,369
08/22/2003,ITO,HI,AWP,WE,Towers with Radar,36,7,2,8,53,0,114,56,2,172,36,121,58,10,225,72,2,74,299
08/23/2003,ITO,HI,AWP,WE,Towers with Radar,27,5,1,0,33,6,122,37,0,165,33,127,38,0,198,46,0,46,244
08/24/2003,ITO,HI,AWP,WE,Towers with Radar,29,7,1,0,37,3,115,45,0,163,32,122,46,0,200,46,0,46,246
08/25/2003,ITO,HI,AWP,WE,Towers with Radar,34,9,2,8,53,0,163,29,22,214,34,172,31,30,267,18,38,56,323
08/26/2003,ITO,HI,AWP,WE,Towers with Radar,34,9,2,6,51,0,164,38,0,202,34,173,40,6,253,26,0,26,279
08/27/2003,ITO,HI,AWP,WE,Towers with Radar,31,7,1,6,45,5,131,27,2,165,36,138,28,8,210,34,0,34,244
08/28/2003,ITO,HI,AWP,WE,Towers with Radar,31,7,1,7,46,4,99,28,15,146,35,106,29,22,192,30,38,68,260
08/29/2003,ITO,HI,AWP,WE,Towers with Radar,37,8,2,7,54,4,94,25,2,125,41,102,27,9,179,48,16,64,243
08/30/2003,ITO,HI,AWP,WE,Towers with Radar,28,7,1,5,41,2,75,10,1,88,30,82,11,6,129,42,0,42,171
08/31/2003,ITO,HI,AWP,WE,Towers with Radar,28,7,1,4,40,0,61,9,0,70,28,68,10,4,110,16,0,16,126
09/01/2003,ITO,HI,AWP,WE,Towers with Radar,36,7,3,5,51,4,0,5,0,9,40,7,8,5,60,0,0,0,60
09/02/2003,ITO,HI,AWP,WE,Towers with Radar,34,10,3,12,59,0,96,26,11,133,34,106,29,23,192,26,17,43,235
09/03/2003,ITO,HI,AWP,WE,Towers with Radar,34,10,3,12,59,0,140,31,12,183,34,150,34,24,242,62,34,96,338
09/04/2003,ITO,HI,AWP,WE,Towers with Radar,34,9,3,11,57,2,99,41,5,147,36,108,44,16,204,96,26,122,326
09/05/2003,ITO,HI,AWP,WE,Towers with Radar,32,9,3,10,54,0,92,27,5,124,32,101,30,15,178,56,34,90,268
09/06/2003,ITO,HI,AWP,WE,Towers with Radar,30,8,2,7,47,1,35,7,0,43,31,43,9,7,90,14,0,14,104
09/07/2003,ITO,HI,AWP,WE,Towers with Radar,31,8,2,10,51,3,95,21,20,139,34,103,23,30,190,44,16,60,250
09/08/2003,ITO,HI,AWP,WE,Towers with Radar,32,9,3,10,54,0,151,46,9,206,32,160,49,19,260,36,8,44,304
09/09/2003,ITO,HI,AWP,WE,Towers with Radar,36,15,5,17,73,0,116,42,40,198,36,131,47,57,271,85,58,143,414
09/10/2003,ITO,HI,AWP,WE,Towers with Radar,34,12,4,14,64,0,126,54,23,203,34,138,58,37,267,60,52,112,379
09/11/2003,ITO,HI,AWP,WE,Towers with Radar,27,6,3,9,45,7,142,33,24,206,34,148,36,33,251,64,23,87,338
09/12/2003,ITO,HI,AWP,WE,Towers with Radar,33,8,4,10,55,3,94,35,1,133,36,102,39,11,188,16,21,37,225
09/13/2003,ITO,HI,AWP,WE,Towers with Radar,23,5,3,0,31,6,51,21,0,78,29,56,24,0,109,4,0,4,113
09/14/2003,ITO,HI,AWP,WE,Towers with Radar,25,6,3,0,34,7,97,16,0,120,32,103,19,0,154,4,0,4,158
09/15/2003,ITO,HI,AWP,WE,Towers with Radar,32,7,3,9,51,3,163,25,6,197,35,170,28,15,248,22,12,34,282
09/16/2003,ITO,HI,AWP,WE,Towers with Radar,33,9,4,10,56,0,130,42,14,186,33,139,46,24,242,26,28,54,296
09/17/2003,ITO,HI,AWP,WE,Towers with Radar,35,8,4,10,57,0,129,47,11,187,35,137,51,21,244,90,2,92,336
09/18/2003,ITO,HI,AWP,WE,Towers with Radar,35,9,4,11,59,0,121,47,6,174,35,130,51,17,233,62,30,92,325
09/19/2003,ITO,HI,AWP,WE,Towers with Radar,33,7,4,9,53,3,91,25,0,119,36,98,29,9,172,36,10,46,218
09/20/2003,ITO,HI,AWP,WE,Towers with Radar,23,5,3,0,31,9,133,75,0,217,32,138,78,0,248,100,0,100,348
09/21/2003,ITO,HI,AWP,WE,Towers with Radar,31,7,3,9,50,2,94,23,4,123,33,101,26,13,173,10,8,18,191
09/22/2003,ITO,HI,AWP,WE,Towers with Radar,33,7,4,9,53,1,173,53,20,247,34,180,57,29,300,22,10,32,332
09/23/2003,ITO,HI,AWP,WE,Towers with Radar,33,11,4,12,60,0,151,59,23,233,33,162,63,35,293,78,48,126,419
09/24/2003,ITO,HI,AWP,WE,Towers with Radar,34,13,4,16,67,0,135,78,24,237,34,148,82,40,304,22,90,112,416
09/25/2003,ITO,HI,AWP,WE,Towers with Radar,33,7,3,10,53,4,130,62,36,232,37,137,65,46,285,38,44,82,367
09/26/2003,ITO,HI,AWP,WE,Towers with Radar,35,8,3,6,52,2,96,24,0,122,37,104,27,6,174,60,28,88,262
09/27/2003,ITO,HI,AWP,WE,Towers with Radar,26,6,2,0,34,4,98,29,0,131,30,104,31,0,165,24,0,24,189
09/28/2003,ITO,HI,AWP,WE,Towers with Radar,26,6,2,0,34,10,81,23,0,114,36,87,25,0,148,40,4,44,192
09/29/2003,ITO,HI,AWP,WE,Towers with Radar,27,6,2,4,39,7,146,35,0,188,34,152,37,4,227,40,12,52,279
09/30/2003,ITO,HI,AWP,WE,Towers with Radar,28,6,2,7,43,8,123,35,0,166,36,129,37,7,209,34,0,34,243
10/01/2003,ITO,HI,AWP,WE,Towers with Radar,29,11,5,6,51,6,127,40,15,188,35,138,45,21,239,54,16,70,309
10/02/2003,ITO,HI,AWP,WE,Towers with Radar,38,14,7,8,67,0,132,34,18,184,38,146,41,26,251,72,66,138,389
10/03/2003,ITO,HI,AWP,WE,Towers with Radar,37,14,7,8,66,0,136,25,29,190,37,150,32,37,256,62,28,90,346
10/04/2003,ITO,HI,AWP,WE,Towers with Radar,27,9,5,5,46,6,151,25,34,216,33,160,30,39,262,44,2,46,308
10/05/2003,ITO,HI,AWP,WE,Towers with Radar,24,9,4,2,39,8,76,23,0,107,32,85,27,2,146,68,0,68,214
10/06/2003,ITO,HI,AWP,WE,Towers with Radar,31,11,5,7,54,9,147,40,7,203,40,158,45,14,257,112,18,130,387
10/07/2003,ITO,HI,AWP,WE,Towers with Radar,33,12,6,6,57,1,176,49,8,234,34,188,55,14,291,74,30,104,395
10/08/2003,ITO,HI,AWP,WE,Towers with Radar,36,13,6,7,62,2,103,41,10,156,38,116,47,17,218,56,30,86,304
10/09/2003,ITO,HI,AWP,WE,Towers with Radar,26,10,4,5,45,11,76,26,14,127,37,86,30,19,172,88,30,118,290
10/10/2003,ITO,HI,AWP,WE,Towers with Radar,35,13,6,7,61,1,84,16,1,102,36,97,22,8,163,28,12,40,203
10/11/2003,ITO,HI,AWP,WE,Towers with Radar,34,14,7,0,55,0,32,15,0,47,34,46,22,0,102,108,0,108,210
10/12/2003,ITO,HI,AWP,WE,Towers with Radar,24,9,4,0,37,8,124,45,0,177,32,133,49,0,214,94,0,94,308
10/13/2003,ITO,HI,AWP,WE,Towers with Radar,25,9,4,1,39,12,139,23,0,174,37,148,27,1,213,24,0,24,237
10/14/2003,ITO,HI,AWP,WE,Towers with Radar,37,14,7,8,66,0,198,67,16,281,37,212,74,24,347,83,22,105,452
10/15/2003,ITO,HI,AWP,WE,Towers with Radar,31,11,4,8,54,4,68,17,5,94,35,79,21,13,148,42,32,74,222
10/16/2003,ITO,HI,AWP,WE,Towers with Radar,35,12,5,8,60,1,42,26,5,74,36,54,31,13,134,22,42,64,198
10/17/2003,ITO,HI,AWP,WE,Towers with Radar,30,11,4,3,48,7,167,29,0,203,37,178,33,3,251,72,0,72,323
10/18/2003,ITO,HI,AWP,WE,Towers with Radar,23,7,3,5,38,7,85,32,0,124,30,92,35,5,162,62,0,62,224
10/19/2003,ITO,HI,AWP,WE,Towers with Radar,25,8,3,6,42,7,99,27,1,134,32,107,30,7,176,86,0,86,262
10/20/2003,ITO,HI,AWP,WE,Towers with Radar,34,11,5,7,57,0,155,43,11,209,34,166,48,18,266,52,16,68,334
10/21/2003,ITO,HI,AWP,WE,Towers with Radar,30,9,4,7,50,7,135,41,0,183,37,144,45,7,233,34,10,44,277
10/22/2003,ITO,HI,AWP,WE,Towers with Radar,23,7,3,5,38,7,139,24,13,183,30,146,27,18,221,18,22,40,261
10/23/2003,ITO,HI,AWP,WE,Towers with Radar,26,8,3,6,43,11,121,26,7,165,37,129,29,13,208,24,44,68,276
10/24/2003,ITO,HI,AWP,WE,Towers with Radar,36,11,5,6,58,6,106,33,0,145,42,117,38,6,203,44,12,56,259
10/25/2003,ITO,HI,AWP,WE,Towers with Radar,31,49,21,8,109,0,68,66,0,134,31,117,87,8,243,62,4,66,309
10/26/2003,ITO,HI,AWP,WE,Towers with Radar,26,9,3,3,41,4,83,23,0,110,30,92,26,3,151,38,0,38,189
10/27/2003,ITO,HI,AWP,WE,Towers with Radar,25,9,3,5,42,7,157,58,3,225,32,166,61,8,267,34,6,40,307
10/28/2003,ITO,HI,AWP,WE,Towers with Radar,34,12,5,7,58,0,160,52,22,234,34,172,57,29,292,24,26,50,342
10/29/2003,ITO,HI,AWP,WE,Towers with Radar,32,12,5,6,55,0,122,47,24,193,32,134,52,30,248,18,32,50,298
10/30/2003,ITO,HI,AWP,WE,Towers with Radar,34,14,5,8,61,0,114,20,27,161,34,128,25,35,222,36,84,120,342
10/31/2003,ITO,HI,AWP,WE,Towers with Radar,28,10,4,5,47,6,91,19,3,119,34,101,23,8,166,46,18,64,230
11/01/2003,ITO,HI,AWP,WE,Towers with Radar,26,7,3,4,40,4,79,16,0,99,30,86,19,4,139,38,0,38,177
11/02/2003,ITO,HI,AWP,WE,Towers with Radar,30,7,4,6,47,4,93,38,3,138,34,100,42,9,185,40,0,40,225
11/03/2003,ITO,HI,AWP,WE,Towers with Radar,33,7,4,4,48,3,132,27,0,162,36,139,31,4,210,26,0,26,236
11/04/2003,ITO,HI,AWP,WE,Towers with Radar,35,7,4,6,52,0,69,28,0,97,35,76,32,6,149,16,16,32,181
11/05/2003,ITO,HI,AWP,WE,Towers with Radar,33,7,4,7,51,1,126,30,5,162,34,133,34,12,213,30,16,46,259
11/06/2003,ITO,HI,AWP,WE,Towers with Radar,28,6,3,6,43,5,96,25,25,151,33,102,28,31,194,32,78,110,304
11/07/2003,ITO,HI,AWP,WE,Towers with Radar,36,12,7,13,68,0,72,24,31,127,36,84,31,44,195,48,42,90,285
11/08/2003,ITO,HI,AWP,WE,Towers with Radar,26,6,3,3,38,6,120,21,0,147,32,126,24,3,185,54,0,54,239
11/09/2003,ITO,HI,AWP,WE,Towers with Radar,31,8,4,7,50,1,96,28,4,129,32,104,32,11,179,94,0,94,273
11/10/2003,ITO,HI,AWP,WE,Towers with Radar,34,9,5,9,57,0,120,34,4,158,34,129,39,13,215,48,12,60,275
11/11/2003,ITO,HI,AWP,WE,Towers with Radar,28,7,3,7,45,9,125,26,2,162,37,132,29,9,207,44,0,44,251
11/12/2003,ITO,HI,AWP,WE,Towers with Radar,29,8,4,6,47,3,62,24,6,95,32,70,28,12,142,24,14,38,180
11/13/2003,ITO,HI,AWP,WE,Towers with Radar,31,13,6,11,61,0,126,24,29,179,31,139,30,40,240,38,24,62,302
11/14/2003,ITO,HI,AWP,WE,Towers with Radar,34,10,5,8,57,0,69,19,6,94,34,79,24,14,151,50,26,76,227
11/15/2003,ITO,HI,AWP,WE,Towers with Radar,22,6,3,3,34,8,65,21,0,94,30,71,24,3,128,28,0,28,156
11/16/2003,ITO,HI,AWP,WE,Towers with Radar,31,8,3,1,43,0,9,12,0,21,31,17,15,1,64,16,0,16,80
11/17/2003,ITO,HI,AWP,WE,Towers with Radar,30,8,3,7,48,7,103,37,0,147,37,111,40,7,195,14,0,14,209
11/18/2003,ITO,HI,AWP,WE,Towers with Radar,34,11,4,11,60,0,100,34,6,140,34,111,38,17,200,20,14,34,234
11/19/2003,ITO,HI,AWP,WE,Towers with Radar,33,7,3,6,49,1,17,22,0,40,34,24,25,6,89,22,0,22,111
11/20/2003,ITO,HI,AWP,WE,Towers with Radar,30,7,3,7,47,4,140,38,23,205,34,147,41,30,252,86,24,110,362
11/21/2003,ITO,HI,AWP,WE,Towers with Radar,34,8,3,10,55,0,87,35,8,130,34,95,38,18,185,80,24,104,289
11/22/2003,ITO,HI,AWP,WE,Towers with Radar,28,6,2,6,42,3,100,40,0,143,31,106,42,6,185,58,12,70,255
11/23/2003,ITO,HI,AWP,WE,Towers with Radar,23,5,2,0,30,6,87,27,0,120,29,92,29,0,150,44,0,44,194
11/24/2003,ITO,HI,AWP,WE,Towers with Radar,37,11,4,12,64,0,173,73,24,270,37,184,77,36,334,18,20,38,372
11/25/2003,ITO,HI,AWP,WE,Towers with Radar,34,7,3,9,53,0,111,84,0,195,34,118,87,9,248,56,40,96,344
11/26/2003,ITO,HI,AWP,WE,Towers with Radar,38,9,3,9,59,3,114,32,1,150,41,123,35,10,209,34,2,36,245
11/27/2003,ITO,HI,AWP,WE,Towers with Radar,32,9,3,0,44,0,64,6,0,70,32,73,9,0,114,36,0,36,150
11/28/2003,ITO,HI,AWP,WE,Towers with Radar,29,7,2,1,39,5,104,17,0,126,34,111,19,1,165,36,0,36,201
11/29/2003,ITO,HI,AWP,WE,Towers with Radar,23,6,2,0,31,6,53,20,0,79,29,59,22,0,110,44,0,44,154
11/30/2003,ITO,HI,AWP,WE,Towers with Radar,32,8,3,0,43,4,15,1,0,20,36,23,4,0,63,4,0,4,67
12/01/2003,ITO,HI,AWP,WE,Towers with Radar,29,7,3,0,39,6,155,21,0,182,35,162,24,0,221,54,0,54,275
12/02/2003,ITO,HI,AWP,WE,Towers with Radar,32,8,3,0,43,2,119,39,0,160,34,127,42,0,203,48,20,68,271
12/03/2003,ITO,HI,AWP,WE,Towers with Radar,28,7,3,0,38,8,61,14,0,83,36,68,17,0,121,10,0,10,131
12/04/2003,ITO,HI,AWP,WE,Towers with Radar,27,7,2,5,41,6,93,25,1,125,33,100,27,6,166,50,10,60,226
12/05/2003,ITO,HI,AWP,WE,Towers with Radar,37,10,3,8,58,1,70,21,2,94,38,80,24,10,152,30,12,42,194
12/06/2003,ITO,HI,AWP,WE,Towers with Radar,28,8,3,5,44,2,98,59,3,162,30,106,62,8,206,68,0,68,274
12/07/2003,ITO,HI,AWP,WE,Towers with Radar,28,7,3,6,44,0,108,30,5,143,28,115,33,11,187,38,0,38,225
12/08/2003,ITO,HI,AWP,WE,Towers with Radar,34,11,4,9,58,0,134,38,7,179,34,145,42,16,237,20,42,62,299
12/09/2003,ITO,HI,AWP,WE,Towers with Radar,32,9,3,6,50,1,87,10,11,109,33,96,13,17,159,4,0,4,163
12/10/2003,ITO,HI,AWP,WE,Towers with Radar,34,15,4,11,64,0,29,8,24,61,34,44,12,35,125,2,48,50,175
12/11/2003,ITO,HI,AWP,WE,Towers with Radar,32,11,4,8,55,0,107,28,17,152,32,118,32,25,207,38,54,92,299
12/12/2003,ITO,HI,AWP,WE,Towers with Radar,37,10,3,8,58,0,79,38,3,120,37,89,41,11,178,32,24,56,234
12/13/2003,ITO,HI,AWP,WE,Towers with Radar,27,8,3,0,38,5,111,26,0,142,32,119,29,0,180,30,0,30,210
12/14/2003,ITO,HI,AWP,WE,Towers with Radar,24,7,2,0,33,5,71,25,0,101,29,78,27,0,134,18,0,18,152
12/15/2003,ITO,HI,AWP,WE,Towers with Radar,35,10,3,8,56,0,93,45,0,138,35,103,48,8,194,26,0,26,220
12/16/2003,ITO,HI,AWP,WE,Towers with Radar,34,10,3,7,54,0,134,78,4,216,34,144,81,11,270,8,20,28,298
12/17/2003,ITO,HI,AWP,WE,Towers with Radar,34,13,4,10,61,0,67,45,21,133,34,80,49,31,194,80,28,108,302
12/18/2003,ITO,HI,AWP,WE,Towers with Radar,34,13,4,9,60,0,99,34,21,154,34,112,38,30,214,156,58,214,428
12/19/2003,ITO,HI,AWP,WE,Towers with Radar,39,11,2,7,59,2,95,25,0,122,41,106,27,7,181,90,6,96,277
12/20/2003,ITO,HI,AWP,WE,Towers with Radar,26,8,1,2,37,5,106,43,0,154,31,114,44,2,191,70,0,70,261
12/21/2003,ITO,HI,AWP,WE,Towers with Radar,25,7,1,0,33,3,67,26,0,96,28,74,27,0,129,54,0,54,183
12/22/2003,ITO,HI,AWP,WE,Towers with Radar,50,12,3,11,76,1,183,48,3,235,51,195,51,14,311,68,16,84,395
12/23/2003,ITO,HI,AWP,WE,Towers with Radar,39,9,2,8,58,1,231,59,0,291,40,240,61,8,349,70,0,70,419
12/24/2003,ITO,HI,AWP,WE,Towers with Radar,30,7,2,2,41,6,192,45,0,243,36,199,47,2,284,26,0,26,310
12/25/2003,ITO,HI,AWP,WE,Towers with Radar,26,6,1,0,33,6,35,11,0,52,32,41,12,0,85,0,0,0,85
12/26/2003,ITO,HI,AWP,WE,Towers with Radar,33,8,2,0,43,7,176,35,0,218,40,184,37,0,261,98,0,98,359
12/27/2003,ITO,HI,AWP,WE,Towers with Radar,30,6,2,0,38,8,175,28,0,211,38,181,30,0,249,82,0,82,331
12/28/2003,ITO,HI,AWP,WE,Towers with Radar,28,7,2,0,37,6,135,19,0,160,34,142,21,0,197,32,0,32,229
12/29/2003,ITO,HI,AWP,WE,Towers with Radar,44,14,3,10,71,0,47,8,12,67,44,61,11,22,138,12,16,28,166
12/30/2003,ITO,HI,AWP,WE,Towers with Radar,39,15,3,11,68,0,164,40,19,223,39,179,43,30,291,16,30,46,337
12/31/2003,ITO,HI,AWP,WE,Towers with Radar,35,10,2,7,54,6,97,24,0,127,41,107,26,7,181,6,26,32,213
01/01/2004,ITO,HI,AWP,WE,Towers with Radar,26,6,2,0,34,7,7,0,0,14,33,13,2,0,48,0,0,0,48
01/02/2004,ITO,HI,AWP,WE,Towers with Radar,31,6,2,0,39,3,69,23,0,95,34,75,25,0,134,66,0,66,200
01/03/2004,ITO,HI,AWP,WE,Towers with Radar,31,6,0,0,37,5,16,0,0,21,36,22,0,0,58,6,0,6,64
01/04/2004,ITO,HI,AWP,WE,Towers with Radar,30,6,1,0,37,5,10,0,0,15,35,16,1,0,52,2,0,2,54
01/05/2004,ITO,HI,AWP,WE,Towers with Radar,35,7,2,4,48,3,131,35,0,169,38,138,37,4,217,42,2,44,261
01/06/2004,ITO,HI,AWP,WE,Towers with Radar,35,11,3,7,56,0,146,36,15,197,35,157,39,22,253,42,38,80,333
01/07/2004,ITO,HI,AWP,WE,Towers with Radar,29,7,2,5,43,5,153,45,20,223,34,160,47,25,266,44,32,76,342
01/08/2004,ITO,HI,AWP,WE,Towers with Radar,33,8,3,5,49,0,213,25,19,257,33,221,28,24,306,46,56,102,408
01/09/2004,ITO,HI,AWP,WE,Towers with Radar,35,8,3,5,51,0,150,44,16,210,35,158,47,21,261,84,26,110,371
01/10/2004,ITO,HI,AWP,WE,Towers with Radar,31,8,2,5,46,0,77,23,37,137,31,85,25,42,183,14,28,42,225
01/11/2004,ITO,HI,AWP,WE,Towers with Radar,27,6,2,4,39,3,78,29,20,130,30,84,31,24,169,84,52,136,305
01/12/2004,ITO,HI,AWP,WE,Towers with Radar,29,7,2,5,43,3,176,27,3,209,32,183,29,8,252,44,6,50,302
01/13/2004,ITO,HI,AWP,WE,Towers with Radar,36,8,3,6,53,0,165,44,11,220,36,173,47,17,273,32,18,50,323
01/14/2004,ITO,HI,AWP,WE,Towers with Radar,34,8,2,5,49,5,131,21,0,157,39,139,23,5,206,30,4,34,240
01/15/2004,ITO,HI,AWP,WE,Towers with Radar,37,9,3,6,55,0,126,38,5,169,37,135,41,11,224,46,34,80,304
01/16/2004,ITO,HI,AWP,WE,Towers with Radar,37,9,2,7,55,0,132,41,7,180,37,141,43,14,235,74,4,78,313
01/17/2004,ITO,HI,AWP,WE,Towers with Radar,29,7,1,4,41,3,114,26,0,143,32,121,27,4,184,54,2,56,240
01/18/2004,ITO,HI,AWP,WE,Towers with Radar,27,7,1,1,36,5,122,24,0,151,32,129,25,1,187,40,0,40,227
01/19/2004,ITO,HI,AWP,WE,Towers with Radar,34,8,1,0,43,2,143,44,0,189,36,151,45,0,232,82,0,82,314
01/20/2004,ITO,HI,AWP,WE,Towers with Radar,42,10,2,7,61,0,157,44,1,202,42,167,46,8,263,24,10,34,297
01/21/2004,ITO,HI,AWP,WE,Towers with Radar,38,12,3,10,63,0,158,33,30,221,38,170,36,40,284,66,46,112,396
01/22/2004,ITO,HI,AWP,WE,Towers with Radar,37,9,2,8,56,0,120,38,17,175,37,129,40,25,231,50,62,112,343
01/23/2004,ITO,HI,AWP,WE,Towers with Radar,36,7,2,1,46,0,17,2,0,19,36,24,4,1,65,6,0,6,71
01/24/2004,ITO,HI,AWP,WE,Towers with Radar,26,5,1,0,32,6,98,26,0,130,32,103,27,0,162,22,0,22,184
01/25/2004,ITO,HI,AWP,WE,Towers with Radar,30,6,1,0,37,1,90,27,0,118,31,96,28,0,155,46,0,46,201
01/26/2004,ITO,HI,AWP,WE,Towers with Radar,35,7,1,2,45,3,144,35,0,182,38,151,36,2,227,64,0,64,291
01/27/2004,ITO,HI,AWP,WE,Towers with Radar,36,9,2,6,53,0,142,54,7,203,36,151,56,13,256,28,28,56,312
01/28/2004,ITO,HI,AWP,WE,Towers with Radar,51,13,3,8,75,0,107,27,24,158,51,120,30,32,233,20,14,34,267
01/29/2004,ITO,HI,AWP,WE,Towers with Radar,30,7,1,4,42,6,66,25,12,109,36,73,26,16,151,30,44,74,225
01/30/2004,ITO,HI,AWP,WE,Towers with Radar,36,8,2,4,50,0,30,14,0,44,36,38,16,4,94,24,4,28,122
01/31/2004,ITO,HI,AWP,WE,Towers with Radar,33,8,1,5,47,0,113,33,7,153,33,121,34,12,200,48,0,48,248
02/01/2004,ITO,HI,AWP,WE,Towers with Radar,28,9,2,3,42,4,84,19,5,112,32,93,21,8,154,64,0,64,218
02/02/2004,ITO,HI,AWP,WE,Towers with Radar,36,14,3,5,58,0,132,24,6,162,36,146,27,11,220,48,6,54,274
02/03/2004,ITO,HI,AWP,WE,Towers with Radar,33,11,2,4,50,2,108,26,9,145,35,119,28,13,195,14,0,14,209
02/04/2004,ITO,HI,AWP,WE,Towers with Radar,31,10,2,3,46,6,145,16,17,184,37,155,18,20,230,34,40,74,304
02/05/2004,ITO,HI,AWP,WE,Towers with Radar,38,12,3,4,57,0,69,18,18,105,38,81,21,22,162,46,34,80,242
02/06/2004,ITO,HI,AWP,WE,Towers with Radar,35,11,2,4,52,1,113,28,1,143,36,124,30,5,195,28,0,28,223
02/07/2004,ITO,HI,AWP,WE,Towers with Radar,27,9,2,3,41,0,85,16,13,114,27,94,18,16,155,18,6,24,179
02/08/2004,ITO,HI,AWP,WE,Towers with Radar,28,10,2,3,43,0,123,28,0,151,28,133,30,3,194,58,0,58,252
02/09/2004,ITO,HI,AWP,WE,Towers with Radar,30,10,2,3,45,4,144,45,2,195,34,154,47,5,240,82,36,118,358
02/10/2004,ITO,HI,AWP,WE,Towers with Radar,39,16,3,5,63,0,132,33,29,194,39,148,36,34,257,16,12,28,285
02/11/2004,ITO,HI,AWP,WE,Towers with Radar,41,13,3,4,61,0,128,43,3,174,41,141,46,7,235,22,0,22,257
02/12/2004,ITO,HI,AWP,WE,Towers with Radar,29,9,2,3,43,5,105,23,7,140,34,114,25,10,183,22,0,22,205
02/13/2004,ITO,HI,AWP,WE,Towers with Radar,36,12,3,4,55,0,107,31,2,140,36,119,34,6,195,100,0,100,295
02/14/2004,ITO,HI,AWP,WE,Towers with Radar,32,11,2,0,45,0,128,29,0,157,32,139,31,0,202,24,0,24,226
02/15/2004,ITO,HI,AWP,WE,Towers with Radar,28,9,2,0,39,5,112,28,0,145,33,121,30,0,184,74,0,74,258
02/16/2004,ITO,HI,AWP,WE,Towers with Radar,39,12,3,0,54,0,8,1,0,9,39,20,4,0,63,18,0,18,81
02/17/2004,ITO,HI,AWP,WE,Towers with Radar,33,12,2,4,51,0,168,44,2,214,33,180,46,6,265,28,0,28,293
02/18/2004,ITO,HI,AWP,WE,Towers with Radar,40,12,2,5,59,1,142,36,2,181,41,154,38,7,240,34,12,46,286
02/19/2004,ITO,HI,AWP,WE,Towers with Radar,39,11,2,0,52,1,158,54,0,213,40,169,56,0,265,52,0,52,317
02/20/2004,ITO,HI,AWP,WE,Towers with Radar,38,10,2,2,52,0,178,39,0,217,38,188,41,2,269,18,4,22,291
02/21/2004,ITO,HI,AWP,WE,Towers with Radar,30,9,1,0,40,0,106,31,0,137,30,115,32,0,177,34,0,34,211
02/22/2004,ITO,HI,AWP,WE,Towers with Radar,33,10,1,0,44,1,148,32,0,181,34,158,33,0,225,94,0,94,319
02/23/2004,ITO,HI,AWP,WE,Towers with Radar,35,10,1,5,51,1,159,17,1,178,36,169,18,6,229,50,6,56,285
02/24/2004,ITO,HI,AWP,WE,Towers with Radar,37,15,2,6,60,0,128,20,21,169,37,143,22,27,229,14,66,80,309
02/25/2004,ITO,HI,AWP,WE,Towers with Radar,36,11,2,4,53,0,154,22,6,182,36,165,24,10,235,28,4,32,267
02/26/2004,ITO,HI,AWP,WE,Towers with Radar,30,10,1,3,44,4,109,31,10,154,34,119,32,13,198,54,16,70,268
02/27/2004,ITO,HI,AWP,WE,Towers with Radar,30,11,1,3,45,0,14,13,8,35,30,25,14,11,80,8,4,12,92
02/28/2004,ITO,HI,AWP,WE,Towers with Radar,32,6,1,1,40,3,0,1,0,4,35,6,2,1,44,0,0,0,44
02/29/2004,ITO,HI,AWP,WE,Towers with Radar,31,10,1,2,44,1,116,29,0,146,32,126,30,2,190,82,22,104,294
03/01/2004,ITO,HI,AWP,WE,Towers with Radar,31,12,4,0,47,5,156,26,0,187,36,168,30,0,234,82,0,82,316
03/02/2004,ITO,HI,AWP,WE,Towers with Radar,31,12,4,0,47,5,55,26,0,86,36,67,30,0,133,40,0,40,173
03/03/2004,ITO,HI,AWP,WE,Towers with Radar,40,18,6,10,74,0,97,18,17,132,40,115,24,27,206,8,28,36,242
03/04/2004,ITO,HI,AWP,WE,Towers with Radar,29,11,4,6,50,7,150,30,0,187,36,161,34,6,237,44,0,44,281
03/05/2004,ITO,HI,AWP,WE,Towers with Radar,36,13,5,2,56,0,152,33,0,185,36,165,38,2,241,20,2,22,263
03/06/2004,ITO,HI,AWP,WE,Towers with Radar,29,11,4,6,50,1,130,29,22,182,30,141,33,28,232,60,16,76,308
03/07/2004,ITO,HI,AWP,WE,Towers with Radar,28,11,4,4,47,5,101,28,0,134,33,112,32,4,181,98,0,98,279
03/08/2004,ITO,HI,AWP,WE,Towers with Radar,39,15,5,8,67,2,152,31,3,188,41,167,36,11,255,29,20,49,304
03/09/2004,ITO,HI,AWP,WE,Towers with Radar,40,15,5,8,68,4,211,37,10,262,44,226,42,18,330,54,16,70,400
03/10/2004,ITO,HI,AWP,WE,Towers with Radar,31,12,4,6,53,5,182,49,21,257,36,194,53,27,310,38,28,66,376
03/11/2004,ITO,HI,AWP,WE,Towers with Radar,31,11,4,6,52,8,380,48,15,451,39,391,52,21,503,60,18,78,581
03/12/2004,ITO,HI,AWP,WE,Towers with Radar,39,13,5,8,65,0,145,33,4,182,39,158,38,12,247,42,12,54,301
03/13/2004,ITO,HI,AWP,WE,Towers with Radar,30,10,3,2,45,4,97,18,0,119,34,107,21,2,164,56,0,56,220
03/14/2004,ITO,HI,AWP,WE,Towers with Radar,27,9,2,0,38,6,9,2,0,17,33,18,4,0,55,22,0,22,77
03/15/2004,ITO,HI,AWP,WE,Towers with Radar,36,17,5,11,69,0,0,2,19,21,36,17,7,30,90,16,4,20,110
03/16/2004,ITO,HI,AWP,WE,Towers with Radar,37,13,4,9,63,0,160,57,13,230,37,173,61,22,293,20,34,54,347
03/17/2004,ITO,HI,AWP,WE,Towers with Radar,36,13,4,9,62,0,152,52,7,211,36,165,56,16,273,40,12,52,325
03/18/2004,ITO,HI,AWP,WE,Towers with Radar,33,11,3,6,53,7,139,28,0,174,40,150,31,6,227,32,0,32,259
03/19/2004,ITO,HI,AWP,WE,Towers with Radar,40,17,5,11,73,0,114,34,6,154,40,131,39,17,227,34,52,86,313
03/20/2004,ITO,HI,AWP,WE,Towers with Radar,31,17,5,10,63,0,158,64,14,236,31,175,69,24,299,124,40,164,463
03/21/2004,ITO,HI,AWP,WE,Towers with Radar,32,11,3,6,52,0,161,39,0,200,32,172,42,6,252,40,8,48,300
03/22/2004,ITO,HI,AWP,WE,Towers with Radar,35,12,3,0,50,3,7,7,0,17,38,19,10,0,67,0,0,0,67
03/23/2004,ITO,HI,AWP,WE,Towers with Radar,38,13,4,8,63,0,6,0,2,8,38,19,4,10,71,2,6,8,79
03/24/2004,ITO,HI,AWP,WE,Towers with Radar,39,18,5,10,72,0,35,23,8,66,39,53,28,18,138,12,28,40,178
03/25/2004,ITO,HI,AWP,WE,Towers with Radar,34,13,3,6,56,5,125,18,2,150,39,138,21,8,206,18,14,32,238
03/26/2004,ITO,HI,AWP,WE,Towers with Radar,37,14,4,4,59,2,71,21,0,94,39,85,25,4,153,34,0,34,187
03/27/2004,ITO,HI,AWP,WE,Towers with Radar,32,12,3,0,47,2,70,24,0,96,34,82,27,0,143,18,0,18,161
03/28/2004,ITO,HI,AWP,WE,Towers with Radar,36,15,4,4,59,0,135,59,0,194,36,150,63,4,253,130,0,130,383
03/29/2004,ITO,HI,AWP,WE,Towers with Radar,30,11,3,6,50,7,177,38,0,222,37,188,41,6,272,16,0,16,288
03/30/2004,ITO,HI,AWP,WE,Towers with Radar,36,17,5,9,67,0,97,33,24,154,36,114,38,33,221,66,36,102,323
03/31/2004,ITO,HI,AWP,WE,Towers with Radar,32,12,3,6,53,4,94,15,14,127,36,106,18,20,180,18,22,40,220
04/01/2004,ITO,HI,AWP,WE,Towers with Radar,38,17,4,6,65,0,160,45,15,220,38,177,49,21,285,46,36,82,367
04/02/2004,ITO,HI,AWP,WE,Towers with Radar,36,13,4,5,58,0,135,40,4,179,36,148,44,9,237,42,0,42,279
04/03/2004,ITO,HI,AWP,WE,Towers with Radar,31,13,4,5,53,0,136,41,14,191,31,149,45,19,244,42,18,60,304
04/04/2004,ITO,HI,AWP,WE,Towers with Radar,30,11,3,4,48,1,121,25,5,152,31,132,28,9,200,48,6,54,254
04/05/2004,ITO,HI,AWP,WE,Towers with Radar,37,13,4,5,59,2,90,22,2,116,39,103,26,7,175,30,6,36,211
04/06/2004,ITO,HI,AWP,WE,Towers with Radar,35,13,3,5,56,6,147,24,9,186,41,160,27,14,242,26,0,26,268
04/07/2004,ITO,HI,AWP,WE,Towers with Radar,37,12,4,5,58,1,161,35,7,204,38,173,39,12,262,22,4,26,288
04/08/2004,ITO,HI,AWP,WE,Towers with Radar,28,10,3,4,45,8,171,41,16,236,36,181,44,20,281,42,12,54,335
04/09/2004,ITO,HI,AWP,WE,Towers with Radar,40,14,4,3,61,3,166,29,0,198,43,180,33,3,259,34,6,40,299
04/10/2004,ITO,HI,AWP,WE,Towers with Radar,28,9,3,0,40,0,59,16,0,75,28,68,19,0,115,6,0,6,121
04/11/2004,ITO,HI,AWP,WE,Towers with Radar,34,12,2,0,48,4,17,0,0,21,38,29,2,0,69,30,0,30,99
04/12/2004,ITO,HI,AWP,WE,Towers with Radar,32,12,2,0,46,4,3,0,0,7,36,15,2,0,53,0,0,0,53
04/13/2004,ITO,HI,AWP,WE,Towers with Radar,35,13,3,2,53,4,50,11,0,65,39,63,14,2,118,28,0,28,146
04/14/2004,ITO,HI,AWP,WE,Towers with Radar,43,14,4,6,67,8,161,29,7,205,51,175,33,13,272,16,0,16,288
04/15/2004,ITO,HI,AWP,WE,Towers with Radar,36,13,4,5,58,0,160,17,12,189,36,173,21,17,247,68,24,92,339
04/16/2004,ITO,HI,AWP,WE,Towers with Radar,46,15,3,8,72,0,116,30,1,147,46,131,33,9,219,26,14,40,259
04/17/2004,ITO,HI,AWP,WE,Towers with Radar,32,10,2,3,47,3,49,8,0,60,35,59,10,3,107,42,2,44,151
04/18/2004,ITO,HI,AWP,WE,Towers with Radar,39,13,3,4,59,7,125,23,0,155,46,138,26,4,214,98,0,98,312
04/19/2004,ITO,HI,AWP,WE,Towers with Radar,40,13,3,6,62,0,121,35,0,156,40,134,38,6,218,22,0,22,240
04/20/2004,ITO,HI,AWP,WE,Towers with Radar,36,14,3,7,60,0,129,30,15,174,36,143,33,22,234,100,30,130,364
04/21/2004,ITO,HI,AWP,WE,Towers with Radar,32,10,2,5,49,4,185,47,28,264,36,195,49,33,313,52,22,74,387
04/22/2004,ITO,HI,AWP,WE,Towers with Radar,34,11,2,6,53,2,173,29,13,217,36,184,31,19,270,28,36,64,334
04/23/2004,ITO,HI,AWP,WE,Towers with Radar,38,16,4,8,66,0,82,9,8,99,38,98,13,16,165,38,12,50,215
04/24/2004,ITO,HI,AWP,WE,Towers with Radar,34,12,2,2,50,2,160,18,0,180,36,172,20,2,230,32,10,42,272
04/25/2004,ITO,HI,AWP,WE,Towers with Radar,31,11,2,0,44,0,116,28,0,144,31,127,30,0,188,26,0,26,214
04/26/2004,ITO,HI,AWP,WE,Towers with Radar,34,12,2,5,53,0,148,43,5,196,34,160,45,10,249,62,0,62,311
04/27/2004,ITO,HI,AWP,WE,Towers with Radar,40,17,4,7,68,0,57,12,24,93,40,74,16,31,161,16,22,38,199
04/28/2004,ITO,HI,AWP,WE,Towers with Radar,31,11,2,4,48,5,144,27,7,183,36,155,29,11,231,40,8,48,279
04/29/2004,ITO,HI,AWP,WE,Towers with Radar,36,16,3,6,61,0,119,36,14,169,36,135,39,20,230,52,32,84,314
04/30/2004,ITO,HI,AWP,WE,Towers with Radar,41,14,3,4,62,0,102,22,0,124,41,116,25,4,186,30,4,34,220
05/01/2004,ITO,HI,AWP,WE,Towers with Radar,27,14,3,3,47,5,84,25,10,124,32,98,28,13,171,76,18,94,265
05/02/2004,ITO,HI,AWP,WE,Towers with Radar,33,16,4,4,57,0,117,32,24,173,33,133,36,28,230,44,30,74,304
05/03/2004,ITO,HI,AWP,WE,Towers with Radar,29,15,3,2,49,8,111,41,0,160,37,126,44,2,209,30,0,30,239
05/04/2004,ITO,HI,AWP,WE,Towers with Radar,38,21,4,6,69,0,100,28,21,149,38,121,32,27,218,32,34,66,284
05/05/2004,ITO,HI,AWP,WE,Towers with Radar,36,21,4,6,67,0,86,19,9,114,36,107,23,15,181,34,34,68,249
05/06/2004,ITO,HI,AWP,WE,Towers with Radar,34,18,4,5,61,0,103,36,12,151,34,121,40,17,212,54,34,88,300
05/07/2004,ITO,HI,AWP,WE,Towers with Radar,35,17,4,4,60,1,80,21,10,112,36,97,25,14,172,32,4,36,208
05/08/2004,ITO,HI,AWP,WE,Towers with Radar,33,48,10,11,102,0,51,18,0,69,33,99,28,11,171,50,20,70,241
05/09/2004,ITO,HI,AWP,WE,Towers with Radar,26,13,3,3,45,6,64,25,4,99,32,77,28,7,144,36,0,36,180
05/10/2004,ITO,HI,AWP,WE,Towers with Radar,37,18,4,2,61,2,120,35,0,157,39,138,39,2,218,38,0,38,256
05/11/2004,ITO,HI,AWP,WE,Towers with Radar,35,17,4,4,60,2,119,43,6,170,37,136,47,10,230,35,8,43,273
05/12/2004,ITO,HI,AWP,WE,Towers with Radar,36,18,4,5,63,0,161,36,17,214,36,179,40,22,277,48,64,112,389
05/13/2004,ITO,HI,AWP,WE,Towers with Radar,28,14,3,4,49,8,157,22,3,190,36,171,25,7,239,28,18,46,285
05/14/2004,ITO,HI,AWP,WE,Towers with Radar,35,17,4,4,60,1,147,24,1,173,36,164,28,5,233,26,12,38,271
05/15/2004,ITO,HI,AWP,WE,Towers with Radar,22,11,2,1,36,10,90,14,0,114,32,101,16,1,150,68,0,68,218
05/16/2004,ITO,HI,AWP,WE,Towers with Radar,30,15,2,3,50,3,24,0,0,27,33,39,2,3,77,148,0,148,225
05/17/2004,ITO,HI,AWP,WE,Towers with Radar,34,17,3,5,59,2,102,19,4,127,36,119,22,9,186,34,34,68,254
05/18/2004,ITO,HI,AWP,WE,Towers with Radar,28,14,2,0,44,8,165,26,0,199,36,179,28,0,243,18,0,18,261
05/19/2004,ITO,HI,AWP,WE,Towers with Radar,34,17,3,5,59,2,40,21,1,64,36,57,24,6,123,18,0,18,141
05/20/2004,ITO,HI,AWP,WE,Towers with Radar,28,13,2,4,47,7,149,34,12,202,35,162,36,16,249,56,8,64,313
05/21/2004,ITO,HI,AWP,WE,Towers with Radar,38,18,3,6,65,0,132,29,8,169,38,150,32,14,234,60,4,64,298
05/22/2004,ITO,HI,AWP,WE,Towers with Radar,27,12,2,4,45,8,130,41,0,179,35,142,43,4,224,50,0,50,274
05/23/2004,ITO,HI,AWP,WE,Towers with Radar,30,14,2,4,50,5,127,37,0,169,35,141,39,4,219,62,8,70,289
05/24/2004,ITO,HI,AWP,WE,Towers with Radar,31,14,2,5,52,5,103,25,2,135,36,117,27,7,187,16,14,30,217
05/25/2004,ITO,HI,AWP,WE,Towers with Radar,36,17,3,0,56,1,113,65,0,179,37,130,68,0,235,44,0,44,279
05/26/2004,ITO,HI,AWP,WE,Towers with Radar,36,21,4,6,67,0,160,44,4,208,36,181,48,10,275,52,0,52,327
05/27/2004,ITO,HI,AWP,WE,Towers with Radar,35,17,3,1,56,0,112,45,0,157,35,129,48,1,213,68,0,68,281
05/28/2004,ITO,HI,AWP,WE,Towers with Radar,36,17,3,2,58,1,101,14,0,116,37,118,17,2,174,44,0,44,218
05/29/2004,ITO,HI,AWP,WE,Towers with Radar,26,13,2,0,41,6,91,38,0,135,32,104,40,0,176,88,0,88,264
05/30/2004,ITO,HI,AWP,WE,Towers with Radar,29,14,2,0,45,3,95,19,0,117,32,109,21,0,162,52,2,54,216
05/31/2004,ITO,HI,AWP,WE,Towers with Radar,32,15,2,1,50,3,121,23,0,147,35,136,25,1,197,46,0,46,243
06/01/2004,ITO,HI,AWP,WE,Towers with Radar,42,18,3,2,65,4,124,26,0,154,46,142,29,2,219,46,0,46,265
06/02/2004,ITO,HI,AWP,WE,Towers with Radar,37,14,3,5,59,0,104,38,0,142,37,118,41,5,201,60,10,70,271
06/03/2004,ITO,HI,AWP,WE,Towers with Radar,29,12,2,4,47,4,129,34,1,168,33,141,36,5,215,112,2,114,329
06/04/2004,ITO,HI,AWP,WE,Towers with Radar,39,21,3,7,70,0,119,50,7,176,39,140,53,14,246,74,18,92,338
06/05/2004,ITO,HI,AWP,WE,Towers with Radar,32,14,2,4,52,4,100,39,14,157,36,114,41,18,209,40,22,62,271
06/06/2004,ITO,HI,AWP,WE,Towers with Radar,33,14,2,4,53,0,126,40,6,172,33,140,42,10,225,44,10,54,279
06/07/2004,ITO,HI,AWP,WE,Towers with Radar,35,15,3,0,53,2,142,29,0,173,37,157,32,0,226,54,0,54,280
06/08/2004,ITO,HI,AWP,WE,Towers with Radar,32,13,2,4,51,5,175,74,6,260,37,188,76,10,311,80,16,96,407
06/09/2004,ITO,HI,AWP,WE,Towers with Radar,36,17,3,5,61,0,160,49,14,223,36,177,52,19,284,34,6,40,324
06/10/2004,ITO,HI,AWP,WE,Towers with Radar,39,16,3,5,63,2,170,38,4,214,41,186,41,9,277,36,18,54,331
06/11/2004,ITO,HI,AWP,WE,Towers with Radar,35,15,2,0,52,3,160,52,0,215,38,175,54,0,267,44,0,44,311
06/12/2004,ITO,HI,AWP,WE,Towers with Radar,39,16,3,5,63,4,142,53,8,207,43,158,56,13,270,78,0,78,348
06/13/2004,ITO,HI,AWP,WE,Towers with Radar,26,11,2,3,42,6,167,60,8,241,32,178,62,11,283,104,0,104,387
06/14/2004,ITO,HI,AWP,WE,Towers with Radar,38,15,3,0,56,5,187,31,0,223,43,202,34,0,279,58,0,58,337
06/15/2004,ITO,HI,AWP,WE,Towers with Radar,40,17,2,6,65,0,188,52,8,248,40,205,54,14,313,110,24,134,447
06/16/2004,ITO,HI,AWP,WE,Towers with Radar,39,18,2,6,65,0,169,58,15,242,39,187,60,21,307,126,32,158,465
06/17/2004,ITO,HI,AWP,WE,Towers with Radar,38,13,2,6,59,5,185,43,27,260,43,198,45,33,319,24,12,36,355
06/18/2004,ITO,HI,AWP,WE,Towers with Radar,41,16,2,2,61,3,166,55,0,224,44,182,57,2,285,56,0,56,341
06/19/2004,ITO,HI,AWP,WE,Towers with Radar,37,14,2,4,57,0,147,36,0,183,37,161,38,4,240,66,12,78,318
06/20/2004,ITO,HI,AWP,WE,Towers with Radar,33,13,1,3,50,0,155,27,0,182,33,168,28,3,232,48,0,48,280
06/21/2004,ITO,HI,AWP,WE,Towers with Radar,39,16,2,6,63,0,158,30,7,195,39,174,32,13,258,108,0,108,366
06/22/2004,ITO,HI,AWP,WE,Towers with Radar,39,20,2,8,69,0,137,32,12,181,39,157,34,20,250,84,26,110,360
06/23/2004,ITO,HI,AWP,WE,Towers with Radar,35,13,1,6,55,6,156,46,12,220,41,169,47,18,275,88,32,120,395
06/24/2004,ITO,HI,AWP,WE,Towers with Radar,41,16,2,6,65,0,140,52,2,194,41,156,54,8,259,60,30,90,349
06/25/2004,ITO,HI,AWP,WE,Towers with Radar,38,15,2,6,61,0,181,42,0,223,38,196,44,6,284,44,0,44,328
06/26/2004,ITO,HI,AWP,WE,Towers with Radar,38,13,2,6,59,1,195,63,2,261,39,208,65,8,320,114,0,114,434
06/27/2004,ITO,HI,AWP,WE,Towers with Radar,33,13,1,6,53,0,185,36,1,222,33,198,37,7,275,96,0,96,371
06/28/2004,ITO,HI,AWP,WE,Towers with Radar,42,17,2,4,65,0,109,27,0,136,42,126,29,4,201,72,4,76,277
06/29/2004,ITO,HI,AWP,WE,Towers with Radar,42,21,2,7,72,0,192,58,33,283,42,213,60,40,355,66,32,98,453
06/30/2004,ITO,HI,AWP,WE,Towers with Radar,41,17,2,5,65,2,210,42,14,268,43,227,44,19,333,116,0,116,449
07/01/2004,ITO,HI,AWP,WE,Towers with Radar,37,12,3,5,57,3,151,65,3,222,40,163,68,8,279,138,10,148,427
07/02/2004,ITO,HI,AWP,WE,Towers with Radar,42,13,4,0,59,0,80,16,0,96,42,93,20,0,155,26,0,26,181
07/03/2004,ITO,HI,AWP,WE,Towers with Radar,35,11,3,0,49,6,169,46,0,221,41,180,49,0,270,72,0,72,342
07/04/2004,ITO,HI,AWP,WE,Towers with Radar,31,10,3,0,44,5,101,40,0,146,36,111,43,0,190,58,0,58,248
07/05/2004,ITO,HI,AWP,WE,Towers with Radar,36,11,3,3,53,6,173,48,0,227,42,184,51,3,280,38,0,38,318
07/06/2004,ITO,HI,AWP,WE,Towers with Radar,41,12,4,2,59,1,182,49,0,232,42,194,53,2,291,34,0,34,325
07/07/2004,ITO,HI,AWP,WE,Towers with Radar,33,11,3,5,52,7,232,47,18,304,40,243,50,23,356,66,40,106,462
07/08/2004,ITO,HI,AWP,WE,Towers with Radar,42,14,4,6,66,0,165,37,4,206,42,179,41,10,272,32,42,74,346
07/09/2004,ITO,HI,AWP,WE,Towers with Radar,39,11,4,6,60,0,188,32,1,221,39,199,36,7,281,54,42,96,377
07/10/2004,ITO,HI,AWP,WE,Towers with Radar,37,12,4,5,58,3,157,52,9,221,40,169,56,14,279,56,30,86,365
07/11/2004,ITO,HI,AWP,WE,Towers with Radar,32,10,3,5,50,3,158,38,11,210,35,168,41,16,260,38,0,38,298
07/12/2004,ITO,HI,AWP,WE,Towers with Radar,44,15,4,7,70,0,152,45,6,203,44,167,49,13,273,148,4,152,425
07/13/2004,ITO,HI,AWP,WE,Towers with Radar,44,15,4,7,70,0,149,40,8,197,44,164,44,15,267,36,10,46,313
07/14/2004,ITO,HI,AWP,WE,Towers with Radar,39,11,4,3,57,3,173,27,0,203,42,184,31,3,260,68,12,80,340
07/15/2004,ITO,HI,AWP,WE,Towers with Radar,40,12,4,6,62,1,197,40,9,247,41,209,44,15,309,82,22,104,413
07/16/2004,ITO,HI,AWP,WE,Towers with Radar,41,18,5,8,72,0,181,36,17,234,41,199,41,25,306,46,16,62,368
07/17/2004,ITO,HI,AWP,WE,Towers with Radar,42,14,3,8,67,0,181,42,16,239,42,195,45,24,306,46,16,62,368
07/18/2004,ITO,HI,AWP,WE,Towers with Radar,35,11,2,6,54,0,127,19,22,168,35,138,21,28,222,42,20,62,284
07/19/2004,ITO,HI,AWP,WE,Towers with Radar,40,12,3,7,62,0,162,28,13,203,40,174,31,20,265,34,6,40,305
07/20/2004,ITO,HI,AWP,WE,Towers with Radar,41,14,3,8,66,0,194,32,28,254,41,208,35,36,320,62,52,114,434
07/21/2004,ITO,HI,AWP,WE,Towers with Radar,42,14,3,8,67,0,231,42,49,322,42,245,45,57,389,56,46,102,491
07/22/2004,ITO,HI,AWP,WE,Towers with Radar,40,10,3,7,60,0,196,45,20,261,40,206,48,27,321,94,22,116,437
07/23/2004,ITO,HI,AWP,WE,Towers with Radar,38,11,2,6,57,2,157,40,8,207,40,168,42,14,264,96,8,104,368
07/24/2004,ITO,HI,AWP,WE,Towers with Radar,36,10,2,6,54,4,184,52,30,270,40,194,54,36,324,64,35,99,423
07/25/2004,ITO,HI,AWP,WE,Towers with Radar,37,10,2,7,56,0,175,38,2,215,37,185,40,9,271,82,0,82,353
07/26/2004,ITO,HI,AWP,WE,Towers with Radar,43,13,3,7,66,0,161,60,24,245,43,174,63,31,311,152,78,230,541
07/27/2004,ITO,HI,AWP,WE,Towers with Radar,42,11,3,7,63,1,198,45,26,270,43,209,48,33,333,66,68,134,467
07/28/2004,ITO,HI,AWP,WE,Towers with Radar,40,10,3,6,59,1,182,45,0,228,41,192,48,6,287,88,0,88,375
07/29/2004,ITO,HI,AWP,WE,Towers with Radar,41,13,3,7,64,0,203,41,1,245,41,216,44,8,309,52,0,52,361
07/30/2004,ITO,HI,AWP,WE,Towers with Radar,40,14,3,6,63,0,193,43,3,239,40,207,46,9,302,84,0,84,386
07/31/2004,ITO,HI,AWP,WE,Towers with Radar,38,12,3,1,54,2,155,31,0,188,40,167,34,1,242,98,0,98,340
08/01/2004,ITO,HI,AWP,WE,Towers with Radar,32,13,3,0,48,3,165,31,0,199,35,178,34,0,247,50,0,50,297
08/02/2004,ITO,HI,AWP,WE,Towers with Radar,41,20,4,9,74,0,143,26,14,183,41,163,30,23,257,55,8,63,320
08/03/2004,ITO,HI,AWP,WE,Towers with Radar,39,21,4,9,73,0,7,3,23,33,39,28,7,32,106,6,20,26,132
08/04/2004,ITO,HI,AWP,WE,Towers with Radar,41,17,4,8,70,0,223,51,14,288,41,240,55,22,358,56,28,84,442
08/05/2004,ITO,HI,AWP,WE,Towers with Radar,34,13,3,6,56,5,182,45,14,246,39,195,48,20,302,102,30,132,434
08/06/2004,ITO,HI,AWP,WE,Towers with Radar,13,6,1,2,22,24,170,39,5,238,37,176,40,7,260,72,12,84,344
08/07/2004,ITO,HI,AWP,WE,Towers with Radar,37,15,3,6,61,1,174,24,13,212,38,189,27,19,273,60,22,82,355
08/08/2004,ITO,HI,AWP,WE,Towers with Radar,32,13,3,5,53,4,190,32,18,244,36,203,35,23,297,82,12,94,391
08/09/2004,ITO,HI,AWP,WE,Towers with Radar,42,18,4,8,72,0,182,40,0,222,42,200,44,8,294,106,6,112,406
08/10/2004,ITO,HI,AWP,WE,Towers with Radar,42,17,4,7,70,10,168,35,5,218,52,185,39,12,288,60,12,72,360
08/11/2004,ITO,HI,AWP,WE,Towers with Radar,41,19,4,8,72,0,171,46,17,234,41,190,50,25,306,162,54,216,522
08/12/2004,ITO,HI,AWP,WE,Towers with Radar,11,5,1,2,19,30,209,55,32,326,41,214,56,34,345,96,36,132,477
08/13/2004,ITO,HI,AWP,WE,Towers with Radar,40,19,4,8,71,0,81,35,4,120,40,100,39,12,191,30,12,42,233
08/14/2004,ITO,HI,AWP,WE,Towers with Radar,32,13,3,0,48,4,135,27,0,166,36,148,30,0,214,20,0,20,234
08/15/2004,ITO,HI,AWP,WE,Towers with Radar,31,12,3,0,46,3,121,28,0,152,34,133,31,0,198,16,0,16,214
08/16/2004,ITO,HI,AWP,WE,Towers with Radar,46,19,4,8,77,0,129,31,3,163,46,148,35,11,240,46,0,46,286
08/17/2004,ITO,HI,AWP,WE,Towers with Radar,47,21,4,10,82,0,204,62,22,288,47,225,66,32,370,80,30,110,480
08/18/2004,ITO,HI,AWP,WE,Towers with Radar,40,14,3,7,64,8,156,44,3,211,48,170,47,10,275,102,4,106,381
08/19/2004,ITO,HI,AWP,WE,Towers with Radar,41,15,2,9,67,4,124,48,12,188,45,139,50,21,255,62,44,106,361
08/20/2004,ITO,HI,AWP,WE,Towers with Radar,40,15,2,0,57,0,164,54,0,218,40,179,56,0,275,92,0,92,367
08/21/2004,ITO,HI,AWP,WE,Towers with Radar,38,14,2,0,54,3,127,25,0,155,41,141,27,0,209,36,0,36,245
08/22/2004,ITO,HI,AWP,WE,Towers with Radar,39,16,2,8,65,0,76,20,1,97,39,92,22,9,162,6,0,6,168
08/23/2004,ITO,HI,AWP,WE,Towers with Radar,41,15,2,9,67,5,162,37,1,205,46,177,39,10,272,74,6,80,352
08/24/2004,ITO,HI,AWP,WE,Towers with Radar,37,14,2,8,61,0,181,33,6,220,37,195,35,14,281,50,0,50,331
08/25/2004,ITO,HI,AWP,WE,Towers with Radar,38,14,2,8,62,1,225,31,3,260,39,239,33,11,322,30,8,38,360
08/26/2004,ITO,HI,AWP,WE,Towers with Radar,35,13,2,7,57,7,142,27,10,186,42,155,29,17,243,40,22,62,305
08/27/2004,ITO,HI,AWP,WE,Towers with Radar,43,16,2,3,64,4,88,36,0,128,47,104,38,3,192,70,2,72,264
08/28/2004,ITO,HI,AWP,WE,Towers with Radar,41,16,2,6,65,2,138,50,0,190,43,154,52,6,255,76,6,82,337
08/29/2004,ITO,HI,AWP,WE,Towers with Radar,32,13,2,0,47,4,98,22,0,124,36,111,24,0,171,48,0,48,219
08/30/2004,ITO,HI,AWP,WE,Towers with Radar,40,15,2,7,64,3,170,46,1,220,43,185,48,8,284,36,2,38,322
08/31/2004,ITO,HI,AWP,WE,Towers with Radar,33,13,2,4,52,11,184,33,0,228,44,197,35,4,280,30,2,32,312
09/01/2004,ITO,HI,AWP,WE,Towers with Radar,47,27,5,8,87,0,187,55,29,271,47,214,60,37,358,72,54,126,484
09/02/2004,ITO,HI,AWP,WE,Towers with Radar,38,19,4,6,67,3,128,52,6,189,41,147,56,12,256,40,5,45,301
09/03/2004,ITO,HI,AWP,WE,Towers with Radar,46,24,4,7,81,4,133,32,8,177,50,157,36,15,258,42,30,72,330
09/04/2004,ITO,HI,AWP,WE,Towers with Radar,30,16,3,0,49,16,93,42,0,151,46,109,45,0,200,34,0,34,234
09/05/2004,ITO,HI,AWP,WE,Towers with Radar,34,18,3,0,55,2,118,28,0,148,36,136,31,0,203,24,8,32,235
09/06/2004,ITO,HI,AWP,WE,Towers with Radar,36,19,4,4,63,4,159,42,0,205,40,178,46,4,268,58,4,62,330
09/07/2004,ITO,HI,AWP,WE,Towers with Radar,45,24,4,7,80,2,118,36,5,161,47,142,40,12,241,34,22,56,297
09/08/2004,ITO,HI,AWP,WE,Towers with Radar,39,20,4,6,69,3,177,43,10,233,42,197,47,16,302,32,12,44,346
09/09/2004,ITO,HI,AWP,WE,Towers with Radar,31,16,3,5,55,8,119,56,14,197,39,135,59,19,252,38,44,82,334
09/10/2004,ITO,HI,AWP,WE,Towers with Radar,44,30,5,9,88,0,111,55,22,188,44,141,60,31,276,78,40,118,394
09/11/2004,ITO,HI,AWP,WE,Towers with Radar,34,18,3,6,61,6,94,40,5,145,40,112,43,11,206,48,14,62,268
09/12/2004,ITO,HI,AWP,WE,Towers with Radar,31,16,3,0,50,2,109,21,0,132,33,125,24,0,182,54,0,54,236
09/13/2004,ITO,HI,AWP,WE,Towers with Radar,43,23,4,7,77,0,101,26,4,131,43,124,30,11,208,48,4,52,260
09/14/2004,ITO,HI,AWP,WE,Towers with Radar,36,19,4,5,64,7,118,16,0,141,43,137,20,5,205,22,6,28,233
09/15/2004,ITO,HI,AWP,WE,Towers with Radar,43,23,3,8,77,0,160,24,9,193,43,183,27,17,270,28,4,32,302
09/16/2004,ITO,HI,AWP,WE,Towers with Radar,36,18,3,7,64,0,113,27,0,140,36,131,30,7,204,88,14,102,306
09/17/2004,ITO,HI,AWP,WE,Towers with Radar,40,20,3,1,64,4,132,26,0,162,44,152,29,1,226,50,2,52,278
09/18/2004,ITO,HI,AWP,WE,Towers with Radar,36,18,2,1,57,7,121,38,0,166,43,139,40,1,223,42,10,52,275
09/19/2004,ITO,HI,AWP,WE,Towers with Radar,29,14,2,0,45,3,84,16,0,103,32,98,18,0,148,34,0,34,182
09/20/2004,ITO,HI,AWP,WE,Towers with Radar,38,18,3,7,66,1,105,23,2,131,39,123,26,9,197,40,16,56,253
09/21/2004,ITO,HI,AWP,WE,Towers with Radar,36,17,2,7,62,7,115,27,5,154,43,132,29,12,216,30,24,54,270
09/22/2004,ITO,HI,AWP,WE,Towers with Radar,41,20,3,7,71,6,194,42,17,259,47,214,45,24,330,38,22,60,390
09/23/2004,ITO,HI,AWP,WE,Towers with Radar,31,15,2,6,54,12,166,28,0,206,43,181,30,6,260,54,6,60,320
09/24/2004,ITO,HI,AWP,WE,Towers with Radar,42,20,3,8,73,2,155,42,2,201,44,175,45,10,274,48,6,54,328
09/25/2004,ITO,HI,AWP,WE,Towers with Radar,42,61,10,6,119,0,83,14,0,97,42,144,24,6,216,22,4,26,242
09/26/2004,ITO,HI,AWP,WE,Towers with Radar,40,20,3,7,70,0,116,45,7,168,40,136,48,14,238,104,14,118,356
09/27/2004,ITO,HI,AWP,WE,Towers with Radar,31,17,2,5,55,0,90,25,0,115,31,107,27,5,170,36,0,36,206
09/28/2004,ITO,HI,AWP,WE,Towers with Radar,43,21,3,7,74,0,162,37,0,199,43,183,40,7,273,68,0,68,341
09/29/2004,ITO,HI,AWP,WE,Towers with Radar,39,19,3,7,68,6,156,20,4,186,45,175,23,11,254,24,12,36,290
09/30/2004,ITO,HI,AWP,WE,Towers with Radar,40,21,3,6,70,0,38,24,2,64,40,59,27,8,134,54,0,54,188
10/01/2004,ITO,HI,AWP,WE,Towers with Radar,40,21,3,5,69,0,98,37,1,136,40,119,40,6,205,72,0,72,277
10/02/2004,ITO,HI,AWP,WE,Towers with Radar,47,18,2,8,75,0,115,40,26,181,47,133,42,34,256,50,46,96,352
10/03/2004,ITO,HI,AWP,WE,Towers with Radar,32,24,1,2,59,0,192,69,4,265,32,216,70,6,324,82,38,120,444
10/04/2004,ITO,HI,AWP,WE,Towers with Radar,39,22,4,18,83,0,140,31,8,179,39,162,35,26,262,86,14,100,362
10/05/2004,ITO,HI,AWP,WE,Towers with Radar,0,0,0,0,0,42,201,42,7,292,42,201,42,7,292,46,30,76,368
10/06/2004,ITO,HI,AWP,WE,Towers with Radar,44,21,0,7,72,0,186,27,5,218,44,207,27,12,290,64,22,86,376
10/07/2004,ITO,HI,AWP,WE,Towers with Radar,40,15,4,0,59,0,178,42,4,224,40,193,46,4,283,98,0,98,381
10/08/2004,ITO,HI,AWP,WE,Towers with Radar,37,26,1,1,65,0,183,58,7,248,37,209,59,8,313,100,20,120,433
10/09/2004,ITO,HI,AWP,WE,Towers with Radar,42,12,5,0,59,0,145,41,0,186,42,157,46,0,245,56,0,56,301
10/10/2004,ITO,HI,AWP,WE,Towers with Radar,35,21,6,0,62,0,86,27,0,113,35,107,33,0,175,16,0,16,191
10/11/2004,ITO,HI,AWP,WE,Towers with Radar,38,114,27,0,179,0,0,0,0,0,38,114,27,0,179,80,0,80,259
10/12/2004,ITO,HI,AWP,WE,Towers with Radar,42,14,2,0,58,0,200,49,3,252,42,214,51,3,310,40,0,40,350
10/13/2004,ITO,HI,AWP,WE,Towers with Radar,46,11,0,24,81,0,191,42,4,237,46,202,42,28,318,50,30,80,398
10/14/2004,ITO,HI,AWP,WE,Towers with Radar,44,19,9,22,94,0,1571,45,19,1635,44,1590,54,41,1729,58,30,88,1817
10/15/2004,ITO,HI,AWP,WE,Towers with Radar,45,14,1,11,71,0,103,32,5,140,45,117,33,16,211,30,14,44,255
10/16/2004,ITO,HI,AWP,WE,Towers with Radar,41,7,0,1,49,0,106,35,2,143,41,113,35,3,192,38,0,38,230
10/17/2004,ITO,HI,AWP,WE,Towers with Radar,40,8,0,0,48,0,122,30,0,152,40,130,30,0,200,54,0,54,254
10/18/2004,ITO,HI,AWP,WE,Towers with Radar,40,18,2,8,68,0,145,38,1,184,40,163,40,9,252,90,12,102,354
10/19/2004,ITO,HI,AWP,WE,Towers with Radar,46,13,3,18,80,0,142,33,0,175,46,155,36,18,255,36,26,62,317
10/20/2004,ITO,HI,AWP,WE,Towers with Radar,45,15,0,12,72,0,98,11,0,109,45,113,11,12,181,38,16,54,235
10/21/2004,ITO,HI,AWP,WE,Towers with Radar,46,12,1,11,70,0,159,53,4,216,46,171,54,15,286,76,24,100,386
10/22/2004,ITO,HI,AWP,WE,Towers with Radar,43,21,6,2,72,0,101,26,6,133,43,122,32,8,205,72,34,106,311
10/23/2004,ITO,HI,AWP,WE,Towers with Radar,42,13,2,0,57,0,39,6,0,45,42,52,8,0,102,26,0,26,128
10/24/2004,ITO,HI,AWP,WE,Towers with Radar,41,13,0,0,54,0,98,18,0,116,41,111,18,0,170,42,0,42,212
10/25/2004,ITO,HI,AWP,WE,Towers with Radar,44,7,3,0,54,0,83,6,0,89,44,90,9,0,143,28,0,28,171
10/26/2004,ITO,HI,AWP,WE,Towers with Radar,45,16,2,25,88,0,89,20,1,110,45,105,22,26,198,24,50,74,272
10/27/2004,ITO,HI,AWP,WE,Towers with Radar,45,13,5,4,67,0,109,35,5,149,45,122,40,9,216,62,14,76,292
10/28/2004,ITO,HI,AWP,WE,Towers with Radar,42,16,7,38,103,0,175,42,0,217,42,191,49,38,320,70,56,126,446
10/29/2004,ITO,HI,AWP,WE,Towers with Radar,46,13,4,1,64,0,144,40,1,185,46,157,44,2,249,76,0,76,325
10/30/2004,ITO,HI,AWP,WE,Towers with Radar,42,15,8,0,65,0,41,6,0,47,42,56,14,0,112,8,0,8,120
10/31/2004,ITO,HI,AWP,WE,Towers with Radar,44,13,1,3,61,0,66,17,0,83,44,79,18,3,144,8,2,10,154
11/01/2004,ITO,HI,AWP,WE,Combined TRACON& Tower with Radar,42,13,2,6,63,0,123,30,0,153,42,136,32,6,216,22,6,28,244
11/02/2004,ITO,HI,AWP,WE,Combined TRACON& Tower with Radar,45,8,1,20,74,0,125,29,4,158,45,133,30,24,232,22,46,68,300
11/03/2004,ITO,HI,AWP,WE,Combined TRACON& Tower with Radar,44,5,0,16,65,0,190,19,7,216,44,195,19,23,281,12,34,46,327
11/04/2004,ITO,HI,AWP,WE,Combined TRACON& Tower with Radar,45,10,1,14,70,0,92,9,0,101,45,102,10,14,171,24,26,50,221
11/05/2004,ITO,HI,AWP,WE,Combined TRACON& Tower with Radar,43,14,0,12,69,0,105,19,6,130,43,119,19,18,199,8,34,42,241
11/06/2004,ITO,HI,AWP,WE,Combined TRACON& Tower with Radar,46,13,0,7,66,0,118,31,12,161,46,131,31,19,227,22,50,72,299
11/07/2004,ITO,HI,AWP,WE,Combined TRACON& Tower with Radar,37,6,1,2,46,0,89,26,3,118,37,95,27,5,164,26,12,38,202
11/08/2004,ITO,HI,AWP,WE,Combined TRACON& Tower with Radar,44,9,0,11,64,0,137,30,0,167,44,146,30,11,231,88,10,98,329
11/09/2004,ITO,HI,AWP,WE,Combined TRACON& Tower with Radar,58,5,2,6,71,0,82,22,0,104,58,87,24,6,175,12,8,20,195
11/10/2004,ITO,HI,AWP,WE,Combined TRACON& Tower with Radar,50,11,1,7,69,0,196,37,11,244,50,207,38,18,313,46,34,80,393
11/11/2004,ITO,HI,AWP,WE,Combined TRACON& Tower with Radar,47,13,3,0,63,0,210,37,0,247,47,223,40,0,310,90,8,98,408
11/12/2004,ITO,HI,AWP,WE,Combined TRACON& Tower with Radar,41,8,3,0,52,0,139,47,0,186,41,147,50,0,238,66,0,66,304
11/13/2004,ITO,HI,AWP,WE,Combined TRACON& Tower with Radar,42,8,0,0,50,0,103,24,0,127,42,111,24,0,177,42,0,42,219
11/14/2004,ITO,HI,AWP,WE,Combined TRACON& Tower with Radar,43,16,3,0,62,0,107,34,1,142,43,123,37,1,204,48,0,48,252
11/15/2004,ITO,HI,AWP,WE,Combined TRACON& Tower with Radar,44,27,1,0,72,0,39,9,0,48,44,66,10,0,120,48,0,48,168
11/16/2004,ITO,HI,AWP,WE,Combined TRACON& Tower with Radar,45,15,6,13,79,0,156,24,6,186,45,171,30,19,265,56,16,72,337
11/17/2004,ITO,HI,AWP,WE,Combined TRACON& Tower with Radar,45,7,5,36,93,0,181,44,9,234,45,188,49,45,327,38,74,112,439
11/18/2004,ITO,HI,AWP,WE,Combined TRACON& Tower with Radar,46,14,2,3,65,0,89,23,0,112,46,103,25,3,177,46,0,46,223
11/19/2004,ITO,HI,AWP,WE,Combined TRACON& Tower with Radar,44,10,2,1,57,1,190,29,0,220,45,200,31,1,277,56,8,64,341
11/20/2004,ITO,HI,AWP,WE,Combined TRACON& Tower with Radar,38,12,3,0,53,0,99,38,0,137,38,111,41,0,190,122,0,122,312
11/21/2004,ITO,HI,AWP,WE,Combined TRACON& Tower with Radar,43,11,4,2,60,0,115,35,3,153,43,126,39,5,213,50,15,65,278
11/22/2004,ITO,HI,AWP,WE,Combined TRACON& Tower with Radar,52,16,2,12,82,0,156,71,7,234,52,172,73,19,316,102,6,108,424
11/23/2004,ITO,HI,AWP,WE,Combined TRACON& Tower with Radar,45,11,2,13,71,0,197,37,6,240,45,208,39,19,311,64,36,100,411
11/24/2004,ITO,HI,AWP,WE,Combined TRACON& Tower with Radar,46,12,4,1,63,0,745,44,11,800,46,757,48,12,863,72,24,96,959
11/25/2004,ITO,HI,AWP,WE,Combined TRACON& Tower with Radar,42,18,4,0,64,0,115,13,0,128,42,133,17,0,192,40,0,40,232
11/26/2004,ITO,HI,AWP,WE,Combined TRACON& Tower with Radar,52,14,0,0,66,0,120,33,0,153,52,134,33,0,219,74,0,74,293
11/27/2004,ITO,HI,AWP,WE,Combined TRACON& Tower with Radar,44,10,3,0,57,0,143,21,0,164,44,153,24,0,221,42,0,42,263
11/28/2004,ITO,HI,AWP,WE,Combined TRACON& Tower with Radar,41,22,1,0,64,0,61,17,0,78,41,83,18,0,142,56,0,56,198
11/29/2004,ITO,HI,AWP,WE,Combined TRACON& Tower with Radar,48,19,3,17,87,0,141,32,1,174,48,160,35,18,261,78,18,96,357
11/30/2004,ITO,HI,AWP,WE,Combined TRACON& Tower with Radar,36,13,1,34,84,0,115,31,12,158,36,128,32,46,242,22,56,78,320
12/01/2004,ITO,HI,AWP,WE,Combined TRACON& Tower with Radar,45,18,2,0,65,0,136,28,3,167,45,154,30,3,232,68,0,68,300
12/02/2004,ITO,HI,AWP,WE,Combined TRACON& Tower with Radar,45,12,1,14,72,0,113,25,18,156,45,125,26,32,228,44,42,86,314
12/03/2004,ITO,HI,AWP,WE,Combined TRACON& Tower with Radar,44,15,1,2,62,0,137,39,4,180,44,152,40,6,242,72,0,72,314
12/04/2004,ITO,HI,AWP,WE,Combined TRACON& Tower with Radar,38,15,0,2,55,0,83,24,1,108,38,98,24,3,163,36,0,36,199
12/05/2004,ITO,HI,AWP,WE,Combined TRACON& Tower with Radar,36,8,0,6,50,1,121,38,0,160,37,129,38,6,210,38,0,38,248
12/06/2004,ITO,HI,AWP,WE,Combined TRACON& Tower with Radar,45,19,2,2,68,0,115,0,0,115,45,134,2,2,183,36,0,36,219
12/07/2004,ITO,HI,AWP,WE,Combined TRACON& Tower with Radar,47,24,1,2,74,0,37,10,0,47,47,61,11,2,121,18,0,18,139
12/08/2004,ITO,HI,AWP,WE,Combined TRACON& Tower with Radar,43,25,0,8,76,0,202,46,1,249,43,227,46,9,325,82,16,98,423
12/09/2004,ITO,HI,AWP,WE,Combined TRACON& Tower with Radar,45,14,2,10,71,0,170,20,9,199,45,184,22,19,270,68,30,98,368
12/10/2004,ITO,HI,AWP,WE,Combined TRACON& Tower with Radar,44,24,1,8,77,0,125,34,5,164,44,149,35,13,241,28,20,48,289
12/11/2004,ITO,HI,AWP,WE,Combined TRACON& Tower with Radar,42,8,2,2,54,0,157,19,1,177,42,165,21,3,231,58,4,62,293
12/12/2004,ITO,HI,AWP,WE,Combined TRACON& Tower with Radar,40,12,0,8,60,0,54,28,3,85,40,66,28,11,145,32,10,42,187
12/13/2004,ITO,HI,AWP,WE,Combined TRACON& Tower with Radar,52,20,7,4,83,0,159,35,0,194,52,179,42,4,277,76,0,76,353
12/14/2004,ITO,HI,AWP,WE,Combined TRACON& Tower with Radar,45,14,4,5,68,0,130,39,11,180,45,144,43,16,248,26,18,44,292
12/15/2004,ITO,HI,AWP,WE,Combined TRACON& Tower with Radar,43,19,4,4,70,0,165,36,12,213,43,184,40,16,283,52,38,90,373
12/16/2004,ITO,HI,AWP,WE,Combined TRACON& Tower with Radar,45,16,0,0,61,0,125,32,2,159,45,141,32,2,220,62,0,62,282
12/17/2004,ITO,HI,AWP,WE,Combined TRACON& Tower with Radar,48,17,5,7,77,0,63,22,0,85,48,80,27,7,162,48,14,62,224
12/18/2004,ITO,HI,AWP,WE,Combined TRACON& Tower with Radar,41,18,2,0,61,0,34,22,0,56,41,52,24,0,117,2,0,2,119
12/19/2004,ITO,HI,AWP,WE,Combined TRACON& Tower with Radar,38,9,2,1,50,0,119,35,1,155,38,128,37,2,205,30,0,30,235
12/20/2004,ITO,HI,AWP,WE,Combined TRACON& Tower with Radar,44,18,2,6,70,0,151,29,0,180,44,169,31,6,250,66,6,72,322
12/21/2004,ITO,HI,AWP,WE,Combined TRACON& Tower with Radar,43,16,40,4,103,0,193,24,0,217,43,209,64,4,320,64,6,70,390
12/22/2004,ITO,HI,AWP,WE,Combined TRACON& Tower with Radar,45,19,2,22,88,0,215,44,3,262,45,234,46,25,350,155,42,197,547
12/23/2004,ITO,HI,AWP,WE,Combined TRACON& Tower with Radar,47,18,0,0,65,0,264,59,2,325,47,282,59,2,390,276,0,276,666
12/24/2004,ITO,HI,AWP,WE,Combined TRACON& Tower with Radar,43,20,0,0,63,0,196,30,0,226,43,216,30,0,289,46,0,46,335
12/25/2004,ITO,HI,AWP,WE,Combined TRACON& Tower with Radar,41,12,0,0,53,0,45,10,0,55,41,57,10,0,108,0,0,0,108
12/26/2004,ITO,HI,AWP,WE,Combined TRACON& Tower with Radar,43,22,6,0,71,0,22,6,0,28,43,44,12,0,99,0,0,0,99
12/27/2004,ITO,HI,AWP,WE,Combined TRACON& Tower with Radar,46,19,0,0,65,0,144,40,0,184,46,163,40,0,249,40,0,40,289
12/28/2004,ITO,HI,AWP,WE,Combined TRACON& Tower with Radar,44,16,2,2,64,0,235,48,6,289,44,251,50,8,353,104,14,118,471
12/29/2004,ITO,HI,AWP,WE,Combined TRACON& Tower with Radar,42,21,4,2,69,0,237,48,8,293,42,258,52,10,362,88,10,98,460
12/30/2004,ITO,HI,AWP,WE,Combined TRACON& Tower with Radar,43,20,2,0,65,0,174,33,4,211,43,194,35,4,276,66,12,78,354
12/31/2004,ITO,HI,AWP,WE,Combined TRACON& Tower with Radar,46,20,2,0,68,0,126,31,0,157,46,146,33,0,225,92,0,92,317
01/01/2005,ITO,HI,AWP,WE,Combined TRACON& Tower with Radar,39,14,0,0,53,0,120,7,0,127,39,134,7,0,180,4,0,4,184
01/02/2005,ITO,HI,AWP,WE,Combined TRACON& Tower with Radar,45,19,0,0,64,0,97,7,0,104,45,116,7,0,168,6,0,6,174
01/03/2005,ITO,HI,AWP,WE,Combined TRACON& Tower with Radar,41,25,1,1,68,0,96,28,4,128,41,121,29,5,196,52,0,52,248
01/04/2005,ITO,HI,AWP,WE,Combined TRACON& Tower with Radar,44,10,5,10,69,0,212,21,6,239,44,222,26,16,308,40,12,52,360
01/05/2005,ITO,HI,AWP,WE,Combined TRACON& Tower with Radar,43,18,3,11,75,0,202,35,1,238,43,220,38,12,313,50,38,88,401
01/06/2005,ITO,HI,AWP,WE,Combined TRACON& Tower with Radar,43,14,3,12,72,0,194,66,3,263,43,208,69,15,335,168,20,188,523
01/07/2005,ITO,HI,AWP,WE,Combined TRACON& Tower with Radar,47,19,5,0,71,0,125,54,0,179,47,144,59,0,250,114,0,114,364
01/08/2005,ITO,HI,AWP,WE,Combined TRACON& Tower with Radar,40,17,0,14,71,0,131,15,4,150,40,148,15,18,221,16,36,52,273
01/09/2005,ITO,HI,AWP,WE,Combined TRACON& Tower with Radar,40,20,1,9,70,0,77,21,16,114,40,97,22,25,184,32,22,54,238
01/10/2005,ITO,HI,AWP,WE,Combined TRACON& Tower with Radar,51,17,4,5,77,0,84,32,0,116,51,101,36,5,193,40,0,40,233
01/11/2005,ITO,HI,AWP,WE,Combined TRACON& Tower with Radar,48,17,5,9,79,0,131,42,17,190,48,148,47,26,269,70,26,96,365
01/12/2005,ITO,HI,AWP,WE,Combined TRACON& Tower with Radar,43,12,5,13,73,0,207,57,8,272,43,219,62,21,345,46,18,64,409
01/13/2005,ITO,HI,AWP,WE,Combined TRACON& Tower with Radar,44,9,5,4,62,0,158,40,9,207,44,167,45,13,269,136,10,146,415
01/14/2005,ITO,HI,AWP,WE,Combined TRACON& Tower with Radar,40,14,0,0,54,0,129,61,5,195,40,143,61,5,249,104,0,104,353
01/15/2005,ITO,HI,AWP,WE,Combined TRACON& Tower with Radar,41,15,0,0,56,0,118,24,0,142,41,133,24,0,198,14,0,14,212
01/16/2005,ITO,HI,AWP,WE,Combined TRACON& Tower with Radar,41,7,1,0,49,0,196,33,0,229,41,203,34,0,278,40,0,40,318
01/17/2005,ITO,HI,AWP,WE,Combined TRACON& Tower with Radar,44,8,0,2,54,0,158,24,0,182,44,166,24,2,236,62,0,62,298
01/18/2005,ITO,HI,AWP,WE,Combined TRACON& Tower with Radar,43,13,5,23,84,0,189,57,2,248,43,202,62,25,332,98,34,132,464
01/19/2005,ITO,HI,AWP,WE,Combined TRACON& Tower with Radar,44,15,4,6,69,0,256,61,18,335,44,271,65,24,404,76,24,100,504
01/20/2005,ITO,HI,AWP,WE,Combined TRACON& Tower with Radar,48,14,1,10,73,0,152,32,12,196,48,166,33,22,269,60,42,102,371
01/21/2005,ITO,HI,AWP,WE,Combined TRACON& Tower with Radar,45,18,0,13,76,0,155,47,1,203,45,173,47,14,279,68,14,82,361
01/22/2005,ITO,HI,AWP,WE,Combined TRACON& Tower with Radar,40,9,2,3,54,0,141,81,0,222,40,150,83,3,276,82,0,82,358
01/23/2005,ITO,HI,AWP,WE,Combined TRACON& Tower with Radar,40,6,0,0,46,0,112,23,1,136,40,118,23,1,182,62,0,62,244
01/24/2005,ITO,HI,AWP,WE,Combined TRACON& Tower with Radar,44,11,1,14,70,0,173,52,0,225,44,184,53,14,295,36,14,50,345
01/25/2005,ITO,HI,AWP,WE,Combined TRACON& Tower with Radar,43,10,2,21,76,0,180,49,7,236,43,190,51,28,312,96,20,116,428
01/26/2005,ITO,HI,AWP,WE,Combined TRACON& Tower with Radar,46,7,0,10,63,0,218,60,1,279,46,225,60,11,342,146,8,154,496
01/27/2005,ITO,HI,AWP,WE,Combined TRACON& Tower with Radar,42,14,1,8,65,0,164,75,11,250,42,178,76,19,315,116,56,172,487
01/28/2005,ITO,HI,AWP,WE,Combined TRACON& Tower with Radar,44,11,0,6,61,0,128,54,0,182,44,139,54,6,243,76,12,88,331
01/29/2005,ITO,HI,AWP,WE,Combined TRACON& Tower with Radar,40,8,0,0,48,0,94,26,0,120,40,102,26,0,168,30,0,30,198
01/30/2005,ITO,HI,AWP,WE,Combined TRACON& Tower with Radar,40,5,0,0,45,0,130,28,3,161,40,135,28,3,206,18,0,18,224
01/31/2005,ITO,HI,AWP,WE,Combined TRACON& Tower with Radar,43,21,0,13,77,0,100,39,2,141,43,121,39,15,218,57,10,67,285
02/01/2005,ITO,HI,AWP,WE,Combined TRACON& Tower with Radar,47,23,0,21,91,0,70,27,6,103,47,93,27,27,194,58,34,92,286
02/02/2005,ITO,HI,AWP,WE,Combined TRACON& Tower with Radar,44,33,4,5,86,0,134,27,3,164,44,167,31,8,250,42,0,42,292
02/03/2005,ITO,HI,AWP,WE,Combined TRACON& Tower with Radar,45,22,1,5,73,0,113,29,11,153,45,135,30,16,226,124,34,158,384
02/04/2005,ITO,HI,AWP,WE,Combined TRACON& Tower with Radar,46,18,4,0,68,0,5,15,0,20,46,23,19,0,88,20,0,20,108
02/05/2005,ITO,HI,AWP,WE,Combined TRACON& Tower with Radar,40,142,43,5,230,0,0,0,0,0,40,142,43,5,230,24,0,24,254
02/06/2005,ITO,HI,AWP,WE,Combined TRACON& Tower with Radar,39,5,1,12,57,0,160,55,2,217,39,165,56,14,274,42,12,54,328
02/07/2005,ITO,HI,AWP,WE,Combined TRACON& Tower with Radar,46,10,0,9,65,0,187,41,0,228,46,197,41,9,293,74,6,80,373
02/08/2005,ITO,HI,AWP,WE,Combined TRACON& Tower with Radar,45,12,0,17,74,0,177,33,7,217,45,189,33,24,291,38,32,70,361
02/09/2005,ITO,HI,AWP,WE,Combined TRACON& Tower with Radar,46,129,0,0,175,0,99,28,18,145,46,228,28,18,320,64,8,72,392
02/10/2005,ITO,HI,AWP,WE,Combined TRACON& Tower with Radar,45,14,2,18,79,0,216,43,4,263,45,230,45,22,342,104,64,168,510
02/11/2005,ITO,HI,AWP,WE,Combined TRACON& Tower with Radar,54,14,3,0,71,0,181,58,4,243,54,195,61,4,314,90,0,90,404
02/12/2005,ITO,HI,AWP,WE,Combined TRACON& Tower with Radar,42,10,2,4,58,0,181,37,0,218,42,191,39,4,276,50,0,50,326
02/13/2005,ITO,HI,AWP,WE,Combined TRACON& Tower with Radar,37,17,5,1,60,0,51,13,0,64,37,68,18,1,124,22,0,22,146
02/14/2005,ITO,HI,AWP,WE,Combined TRACON& Tower with Radar,42,20,4,0,66,0,167,51,0,218,42,187,55,0,284,112,0,112,396
02/15/2005,ITO,HI,AWP,WE,Combined TRACON& Tower with Radar,46,19,0,17,82,0,236,31,5,272,46,255,31,22,354,74,28,102,456
02/16/2005,ITO,HI,AWP,WE,Combined TRACON& Tower with Radar,46,9,0,11,66,0,213,38,4,255,46,222,38,15,321,40,38,78,399
02/17/2005,ITO,HI,AWP,WE,Combined TRACON& Tower with Radar,45,12,1,13,71,0,202,47,11,260,45,214,48,24,331,100,30,130,461
02/18/2005,ITO,HI,AWP,WE,Combined TRACON& Tower with Radar,46,14,6,9,75,0,198,51,2,251,46,212,57,11,326,82,10,92,418
02/19/2005,ITO,HI,AWP,WE,Combined TRACON& Tower with Radar,40,9,0,1,50,0,148,27,0,175,40,157,27,1,225,40,0,40,265
02/20/2005,ITO,HI,AWP,WE,Combined TRACON& Tower with Radar,40,6,5,0,51,0,159,34,0,193,40,165,39,0,244,64,0,64,308
02/21/2005,ITO,HI,AWP,WE,Combined TRACON& Tower with Radar,44,12,1,0,57,0,166,37,1,204,44,178,38,1,261,24,0,24,285
02/22/2005,ITO,HI,AWP,WE,Combined TRACON& Tower with Radar,45,9,0,25,79,0,212,41,0,253,45,221,41,25,332,62,24,86,418
02/23/2005,ITO,HI,AWP,WE,Combined TRACON& Tower with Radar,45,3,0,15,63,0,201,35,10,246,45,204,35,25,309,46,42,88,397
02/24/2005,ITO,HI,AWP,WE,Combined TRACON& Tower with Radar,47,6,1,41,95,0,215,48,2,265,47,221,49,43,360,104,4,108,468
02/25/2005,ITO,HI,AWP,WE,Combined TRACON& Tower with Radar,43,16,4,8,71,0,168,34,1,203,43,184,38,9,274,48,0,48,322
02/26/2005,ITO,HI,AWP,WE,Combined TRACON& Tower with Radar,42,12,3,2,59,0,167,31,32,230,42,179,34,34,289,30,0,30,319
02/27/2005,ITO,HI,AWP,WE,Combined TRACON& Tower with Radar,40,16,4,0,60,0,156,37,2,195,40,172,41,2,255,50,0,50,305
02/28/2005,ITO,HI,AWP,WE,Combined TRACON& Tower with Radar,44,11,1,9,65,0,139,33,0,172,44,150,34,9,237,32,18,50,287
03/01/2005,ITO,HI,AWP,WE,Combined TRACON& Tower with Radar,45,13,4,12,74,0,171,38,2,211,45,184,42,14,285,66,8,74,359
03/02/2005,ITO,HI,AWP,WE,Combined TRACON& Tower with Radar,43,10,2,0,55,0,185,32,9,226,43,195,34,9,281,48,0,48,329
03/03/2005,ITO,HI,AWP,WE,Combined TRACON& Tower with Radar,46,8,3,6,63,0,151,17,5,173,46,159,20,11,236,16,12,28,264
03/04/2005,ITO,HI,AWP,WE,Combined TRACON& Tower with Radar,48,14,2,19,83,0,175,36,1,212,48,189,38,20,295,40,22,62,357
03/05/2005,ITO,HI,AWP,WE,Combined TRACON& Tower with Radar,45,8,0,2,55,0,131,20,12,163,45,139,20,14,218,48,0,48,266
03/06/2005,ITO,HI,AWP,WE,Combined TRACON& Tower with Radar,43,8,1,4,56,0,160,29,6,195,43,168,30,10,251,48,0,48,299
03/07/2005,ITO,HI,AWP,WE,Combined TRACON& Tower with Radar,44,17,3,0,64,0,160,35,0,195,44,177,38,0,259,22,0,22,281
03/08/2005,ITO,HI,AWP,WE,Combined TRACON& Tower with Radar,45,20,0,0,65,0,158,26,0,184,45,178,26,0,249,78,0,78,327
03/09/2005,ITO,HI,AWP,WE,Combined TRACON& Tower with Radar,45,22,3,16,86,0,145,32,1,178,45,167,35,17,264,52,4,56,320
03/10/2005,ITO,HI,AWP,WE,Combined TRACON& Tower with Radar,48,20,3,2,73,0,11,6,1,18,48,31,9,3,91,4,0,4,95
03/11/2005,ITO,HI,AWP,WE,Combined TRACON& Tower with Radar,43,23,2,0,68,0,167,33,2,202,43,190,35,2,270,60,0,60,330
03/12/2005,ITO,HI,AWP,WE,Combined TRACON& Tower with Radar,46,11,11,0,68,0,60,10,0,70,46,71,21,0,138,46,0,46,184
03/13/2005,ITO,HI,AWP,WE,Combined TRACON& Tower with Radar,41,11,0,0,52,0,146,30,0,176,41,157,30,0,228,54,0,54,282
03/14/2005,ITO,HI,AWP,WE,Combined TRACON& Tower with Radar,52,14,1,16,83,0,131,34,15,180,52,145,35,31,263,50,46,96,359
03/15/2005,ITO,HI,AWP,WE,Combined TRACON& Tower with Radar,41,16,5,10,72,0,158,19,0,177,41,174,24,10,249,30,40,70,319
03/16/2005,ITO,HI,AWP,WE,Combined TRACON& Tower with Radar,41,14,2,16,73,0,192,51,0,243,41,206,53,16,316,42,18,60,376
03/17/2005,ITO,HI,AWP,WE,Combined TRACON& Tower with Radar,52,14,0,22,88,0,184,41,7,232,52,198,41,29,320,50,40,90,410
03/18/2005,ITO,HI,AWP,WE,Combined TRACON& Tower with Radar,44,17,0,1,62,0,170,53,5,228,44,187,53,6,290,78,14,92,382
03/19/2005,ITO,HI,AWP,WE,Combined TRACON& Tower with Radar,40,6,0,0,46,0,197,38,2,237,40,203,38,2,283,101,0,101,384
03/20/2005,ITO,HI,AWP,WE,Combined TRACON& Tower with Radar,39,11,3,0,53,0,150,26,5,181,39,161,29,5,234,36,4,40,274
03/21/2005,ITO,HI,AWP,WE,Combined TRACON& Tower with Radar,48,10,13,2,73,0,188,30,9,227,48,198,43,11,300,64,12,76,376
03/22/2005,ITO,HI,AWP,WE,Combined TRACON& Tower with Radar,44,12,7,18,81,0,220,111,8,339,44,232,118,26,420,58,42,100,520
03/23/2005,ITO,HI,AWP,WE,Combined TRACON& Tower with Radar,45,10,3,18,76,0,219,27,6,252,45,229,30,24,328,48,34,82,410
03/24/2005,ITO,HI,AWP,WE,Combined TRACON& Tower with Radar,43,9,0,11,63,0,155,30,0,185,43,164,30,11,248,90,36,126,374
03/25/2005,ITO,HI,AWP,WE,Combined TRACON& Tower with Radar,45,14,1,3,63,0,200,31,3,234,45,214,32,6,297,54,0,54,351
03/26/2005,ITO,HI,AWP,WE,Combined TRACON& Tower with Radar,43,13,5,0,61,0,79,20,0,99,43,92,25,0,160,40,0,40,200
03/27/2005,ITO,HI,AWP,WE,Combined TRACON& Tower with Radar,44,10,9,2,65,0,4,4,0,8,44,14,13,2,73,12,0,12,85
03/28/2005,ITO,HI,AWP,WE,Combined TRACON& Tower with Radar,48,13,1,8,70,0,126,17,2,145,48,139,18,10,215,28,14,42,257
03/29/2005,ITO,HI,AWP,WE,Combined TRACON& Tower with Radar,48,12,12,15,87,0,107,5,1,113,48,119,17,16,200,28,10,38,238
03/30/2005,ITO,HI,AWP,WE,Combined TRACON& Tower with Radar,48,14,4,3,69,0,114,10,8,132,48,128,14,11,201,20,60,80,281
03/31/2005,ITO,HI,AWP,WE,Combined TRACON& Tower with Radar,47,17,4,12,80,0,141,16,1,158,47,158,20,13,238,58,28,86,324
04/01/2005,ITO,HI,AWP,WE,Combined TRACON& Tower with Radar,45,15,1,8,69,0,198,27,0,225,45,213,28,8,294,76,6,82,376
04/02/2005,ITO,HI,AWP,WE,Combined TRACON& Tower with Radar,41,8,3,10,62,0,158,29,2,189,41,166,32,12,251,70,0,70,321
04/03/2005,ITO,HI,AWP,WE,Combined TRACON& Tower with Radar,67,9,3,4,83,0,161,30,4,195,67,170,33,8,278,60,0,60,338
04/04/2005,ITO,HI,AWP,WE,Combined TRACON& Tower with Radar,52,13,7,14,86,0,146,29,0,175,52,159,36,14,261,16,8,24,285
04/05/2005,ITO,HI,AWP,WE,Combined TRACON& Tower with Radar,46,5,5,14,70,0,176,29,1,206,46,181,34,15,276,32,12,44,320
04/06/2005,ITO,HI,AWP,WE,Combined TRACON& Tower with Radar,44,0,9,7,60,0,189,21,5,215,44,189,30,12,275,40,6,46,321
04/07/2005,ITO,HI,AWP,WE,Combined TRACON& Tower with Radar,43,9,4,11,67,0,159,18,4,181,43,168,22,15,248,32,2,34,282
04/08/2005,ITO,HI,AWP,WE,Combined TRACON& Tower with Radar,47,8,3,4,62,0,127,39,3,169,47,135,42,7,231,50,0,50,281
04/09/2005,ITO,HI,AWP,WE,Combined TRACON& Tower with Radar,43,12,3,11,69,0,73,18,5,96,43,85,21,16,165,42,20,62,227
04/10/2005,ITO,HI,AWP,WE,Combined TRACON& Tower with Radar,43,10,2,2,57,0,154,17,2,173,43,164,19,4,230,66,0,66,296
04/11/2005,ITO,HI,AWP,WE,Combined TRACON& Tower with Radar,45,9,3,6,63,0,188,37,2,227,45,197,40,8,290,60,6,66,356
04/12/2005,ITO,HI,AWP,WE,Combined TRACON& Tower with Radar,46,8,5,0,59,0,134,10,2,146,46,142,15,2,205,38,0,38,243
04/13/2005,ITO,HI,AWP,WE,Combined TRACON& Tower with Radar,47,15,26,18,106,0,175,0,0,175,47,190,26,18,281,14,48,62,343
04/14/2005,ITO,HI,AWP,WE,Combined TRACON& Tower with Radar,47,16,3,23,89,0,151,71,2,224,47,167,74,25,313,92,62,154,467
04/15/2005,ITO,HI,AWP,WE,Combined TRACON& Tower with Radar,46,18,7,4,75,0,116,28,3,147,46,134,35,7,222,62,14,76,298
04/16/2005,ITO,HI,AWP,WE,Combined TRACON& Tower with Radar,41,14,2,7,64,0,125,23,0,148,41,139,25,7,212,36,12,48,260
04/17/2005,ITO,HI,AWP,WE,Combined TRACON& Tower with Radar,34,10,3,0,47,0,147,22,1,170,34,157,25,1,217,44,0,44,261
04/18/2005,ITO,HI,AWP,WE,Combined TRACON& Tower with Radar,46,6,4,2,58,0,177,42,1,220,46,183,46,3,278,40,0,40,318
04/19/2005,ITO,HI,AWP,WE,Combined TRACON& Tower with Radar,46,186,52,23,307,0,0,0,0,0,46,186,52,23,307,62,40,102,409
04/20/2005,ITO,HI,AWP,WE,Combined TRACON& Tower with Radar,40,8,4,38,90,0,265,11,13,289,40,273,15,51,379,46,114,160,539
04/21/2005,ITO,HI,AWP,WE,Combined TRACON& Tower with Radar,46,7,3,15,71,0,183,32,7,222,46,190,35,22,293,14,30,44,337
04/22/2005,ITO,HI,AWP,WE,Combined TRACON& Tower with Radar,47,12,4,6,69,0,155,35,0,190,47,167,39,6,259,50,4,54,313
04/23/2005,ITO,HI,AWP,WE,Combined TRACON& Tower with Radar,43,12,2,5,62,0,181,25,4,210,43,193,27,9,272,44,10,54,326
04/24/2005,ITO,HI,AWP,WE,Combined TRACON& Tower with Radar,44,9,8,0,61,0,144,17,0,161,44,153,25,0,222,50,0,50,272
04/25/2005,ITO,HI,AWP,WE,Combined TRACON& Tower with Radar,49,9,4,6,68,0,149,46,5,200,49,158,50,11,268,52,8,60,328
04/26/2005,ITO,HI,AWP,WE,Combined TRACON& Tower with Radar,51,8,3,13,75,0,144,49,5,198,51,152,52,18,273,66,34,100,373
04/27/2005,ITO,HI,AWP,WE,Combined TRACON& Tower with Radar,46,12,6,17,81,0,176,46,0,222,46,188,52,17,303,52,28,80,383
04/28/2005,ITO,HI,AWP,WE,Combined TRACON& Tower with Radar,41,10,4,10,65,0,130,61,0,191,41,140,65,10,256,38,44,82,338
04/29/2005,ITO,HI,AWP,WE,Combined TRACON& Tower with Radar,49,11,3,8,71,0,145,32,11,188,49,156,35,19,259,68,30,98,357
04/30/2005,ITO,HI,AWP,WE,Combined TRACON& Tower with Radar,47,10,1,2,60,0,120,40,5,165,47,130,41,7,225,42,10,52,277
05/01/2005,ITO,HI,AWP,WE,Combined TRACON& Tower with Radar,41,2,2,0,45,0,126,32,1,159,41,128,34,1,204,90,0,90,294
05/02/2005,ITO,HI,AWP,WE,Combined TRACON& Tower with Radar,45,9,1,2,57,0,121,21,5,147,45,130,22,7,204,22,0,22,226
05/03/2005,ITO,HI,AWP,WE,Combined TRACON& Tower with Radar,50,10,2,18,80,0,131,36,9,176,50,141,38,27,256,42,12,54,310
05/04/2005,ITO,HI,AWP,WE,Combined TRACON& Tower with Radar,48,7,4,15,74,0,153,48,13,214,48,160,52,28,288,78,62,140,428
05/05/2005,ITO,HI,AWP,WE,Combined TRACON& Tower with Radar,48,11,1,26,86,0,137,22,9,168,48,148,23,35,254,46,52,98,352
05/06/2005,ITO,HI,AWP,WE,Combined TRACON& Tower with Radar,45,13,0,8,66,0,165,26,5,196,45,178,26,13,262,72,26,98,360
05/07/2005,ITO,HI,AWP,WE,Combined TRACON& Tower with Radar,43,10,1,21,75,0,128,49,3,180,43,138,50,24,255,92,48,140,395
05/08/2005,ITO,HI,AWP,WE,Combined TRACON& Tower with Radar,42,6,0,0,48,0,164,41,7,212,42,170,41,7,260,56,0,56,316
05/09/2005,ITO,HI,AWP,WE,Combined TRACON& Tower with Radar,45,13,1,0,59,0,161,28,0,189,45,174,29,0,248,56,0,56,304
05/10/2005,ITO,HI,AWP,WE,Combined TRACON& Tower with Radar,47,10,1,28,86,0,161,33,7,201,47,171,34,35,287,40,42,82,369
05/11/2005,ITO,HI,AWP,WE,Combined TRACON& Tower with Radar,46,10,2,7,65,0,178,25,4,207,46,188,27,11,272,50,6,56,328
05/12/2005,ITO,HI,AWP,WE,Combined TRACON& Tower with Radar,46,13,4,16,79,0,163,32,7,202,46,176,36,23,281,12,30,42,323
05/13/2005,ITO,HI,AWP,WE,Combined TRACON& Tower with Radar,46,18,1,8,73,0,134,29,3,166,46,152,30,11,239,75,4,79,318
05/14/2005,ITO,HI,AWP,WE,Combined TRACON& Tower with Radar,43,13,10,3,69,0,164,44,10,218,43,177,54,13,287,88,0,88,375
05/15/2005,ITO,HI,AWP,WE,Combined TRACON& Tower with Radar,43,5,0,39,87,0,176,47,0,223,43,181,47,39,310,72,18,90,400
05/16/2005,ITO,HI,AWP,WE,Combined TRACON& Tower with Radar,47,14,0,12,73,0,164,29,0,193,47,178,29,12,266,44,14,58,324
05/17/2005,ITO,HI,AWP,WE,Combined TRACON& Tower with Radar,46,8,11,6,71,0,167,41,1,209,46,175,52,7,280,54,14,68,348
05/18/2005,ITO,HI,AWP,WE,Combined TRACON& Tower with Radar,45,11,4,19,79,0,185,53,0,238,45,196,57,19,317,68,28,96,413
05/19/2005,ITO,HI,AWP,WE,Combined TRACON& Tower with Radar,44,15,2,4,65,0,140,23,11,174,44,155,25,15,239,60,34,94,333
05/20/2005,ITO,HI,AWP,WE,Combined TRACON& Tower with Radar,48,15,0,0,63,0,97,24,42,163,48,112,24,42,226,0,0,0,226
05/21/2005,ITO,HI,AWP,WE,Combined TRACON& Tower with Radar,42,9,1,3,55,0,148,41,4,193,42,157,42,7,248,48,4,52,300
05/22/2005,ITO,HI,AWP,WE,Combined TRACON& Tower with Radar,43,8,2,6,59,0,131,28,5,164,43,139,30,11,223,18,14,32,255
05/23/2005,ITO,HI,AWP,WE,Combined TRACON& Tower with Radar,46,14,2,25,87,0,213,40,2,255,46,227,42,27,342,60,12,72,414
05/24/2005,ITO,HI,AWP,WE,Combined TRACON& Tower with Radar,48,10,1,24,83,0,173,15,11,199,48,183,16,35,282,28,26,54,336
05/25/2005,ITO,HI,AWP,WE,Combined TRACON& Tower with Radar,49,7,5,7,68,0,158,45,4,207,49,165,50,11,275,82,22,104,379
05/26/2005,ITO,HI,AWP,WE,Combined TRACON& Tower with Radar,44,12,1,14,71,0,183,29,3,215,44,195,30,17,286,20,28,48,334
05/27/2005,ITO,HI,AWP,WE,Combined TRACON& Tower with Radar,50,11,0,10,71,0,113,17,1,131,50,124,17,11,202,10,10,20,222
05/28/2005,ITO,HI,AWP,WE,Combined TRACON& Tower with Radar,45,7,0,0,52,0,164,42,0,206,45,171,42,0,258,102,0,102,360
05/29/2005,ITO,HI,AWP,WE,Combined TRACON& Tower with Radar,45,7,5,1,58,0,132,30,0,162,45,139,35,1,220,52,0,52,272
05/30/2005,ITO,HI,AWP,WE,Combined TRACON& Tower with Radar,48,9,2,0,59,0,180,23,2,205,48,189,25,2,264,16,0,16,280
05/31/2005,ITO,HI,AWP,WE,Combined TRACON& Tower with Radar,49,8,2,10,69,0,159,62,10,231,49,167,64,20,300,76,36,112,412
06/01/2005,ITO,HI,AWP,WE,Combined TRACON& Tower with Radar,47,10,42,0,99,0,178,13,65,256,47,188,55,65,355,62,30,92,447
06/02/2005,ITO,HI,AWP,WE,Combined TRACON& Tower with Radar,45,9,2,21,77,0,192,40,12,244,45,201,42,33,321,38,62,100,421
06/03/2005,ITO,HI,AWP,WE,Combined TRACON& Tower with Radar,47,8,8,23,86,0,118,33,16,167,47,126,41,39,253,64,34,98,351
06/04/2005,ITO,HI,AWP,WE,Combined TRACON& Tower with Radar,41,12,4,7,64,0,136,29,32,197,41,148,33,39,261,78,62,140,401
06/05/2005,ITO,HI,AWP,WE,Combined TRACON& Tower with Radar,40,14,1,4,59,0,102,24,43,169,40,116,25,47,228,28,64,92,320
06/06/2005,ITO,HI,AWP,WE,Combined TRACON& Tower with Radar,49,12,2,8,71,0,108,248,1,357,49,120,250,9,428,30,2,32,460
06/07/2005,ITO,HI,AWP,WE,Combined TRACON& Tower with Radar,46,7,0,0,53,0,106,17,4,127,46,113,17,4,180,14,0,14,194
06/08/2005,ITO,HI,AWP,WE,Combined TRACON& Tower with Radar,48,11,3,6,68,0,208,42,0,250,48,219,45,6,318,26,42,68,386
06/09/2005,ITO,HI,AWP,WE,Combined TRACON& Tower with Radar,49,10,2,10,71,0,145,18,8,171,49,155,20,18,242,30,18,48,290
06/10/2005,ITO,HI,AWP,WE,Combined TRACON& Tower with Radar,47,14,4,4,69,0,150,32,0,182,47,164,36,4,251,108,0,108,359
06/11/2005,ITO,HI,AWP,WE,Combined TRACON& Tower with Radar,0,0,0,0,0,44,147,1,4,196,44,147,1,4,196,20,0,20,216
06/12/2005,ITO,HI,AWP,WE,Combined TRACON& Tower with Radar,46,11,4,0,61,0,62,6,0,68,46,73,10,0,129,26,0,26,155
06/13/2005,ITO,HI,AWP,WE,Combined TRACON& Tower with Radar,47,15,2,38,102,0,143,24,9,176,47,158,26,47,278,24,36,60,338
06/14/2005,ITO,HI,AWP,WE,Combined TRACON& Tower with Radar,47,15,2,28,92,0,97,20,0,117,47,112,22,28,209,98,8,106,315
06/15/2005,ITO,HI,AWP,WE,Combined TRACON& Tower with Radar,51,90,1,23,165,0,1750,72,4,1826,51,1840,73,27,1991,52,22,74,2065
06/16/2005,ITO,HI,AWP,WE,Combined TRACON& Tower with Radar,47,7,1,7,62,0,145,21,2,168,47,152,22,9,230,55,24,79,309
06/17/2005,ITO,HI,AWP,WE,Combined TRACON& Tower with Radar,46,7,0,4,57,0,135,28,3,166,46,142,28,7,223,118,2,120,343
06/18/2005,ITO,HI,AWP,WE,Combined TRACON& Tower with Radar,45,8,2,0,55,0,143,29,0,172,45,151,31,0,227,56,0,56,283
06/19/2005,ITO,HI,AWP,WE,Combined TRACON& Tower with Radar,42,14,1,0,57,0,140,30,0,170,42,154,31,0,227,12,0,12,239
06/20/2005,ITO,HI,AWP,WE,Combined TRACON& Tower with Radar,48,12,0,23,83,0,144,24,3,171,48,156,24,26,254,22,0,22,276
06/21/2005,ITO,HI,AWP,WE,Combined TRACON& Tower with Radar,50,15,0,6,71,0,140,13,2,155,50,155,13,8,226,10,19,29,255
06/22/2005,ITO,HI,AWP,WE,Combined TRACON& Tower with Radar,49,15,7,6,77,0,64,13,0,77,49,79,20,6,154,20,8,28,182
06/23/2005,ITO,HI,AWP,WE,Combined TRACON& Tower with Radar,47,16,2,8,73,0,206,30,2,238,47,222,32,10,311,66,34,100,411
06/24/2005,ITO,HI,AWP,WE,Combined TRACON& Tower with Radar,49,11,4,4,68,0,94,3,7,104,49,105,7,11,172,63,6,69,241
06/25/2005,ITO,HI,AWP,WE,Combined TRACON& Tower with Radar,43,14,2,3,62,0,171,22,2,195,43,185,24,5,257,14,0,14,271
06/26/2005,ITO,HI,AWP,WE,Combined TRACON& Tower with Radar,41,8,2,2,53,0,134,20,0,154,41,142,22,2,207,14,0,14,221
06/27/2005,ITO,HI,AWP,WE,Combined TRACON& Tower with Radar,49,9,1,10,69,0,152,29,12,193,49,161,30,22,262,44,24,68,330
06/28/2005,ITO,HI,AWP,WE,Combined TRACON& Tower with Radar,50,13,2,1,66,0,216,37,3,256,50,229,39,4,322,52,14,66,388
06/29/2005,ITO,HI,AWP,WE,Combined TRACON& Tower with Radar,48,10,4,8,70,0,256,67,5,328,48,266,71,13,398,66,18,84,482
06/30/2005,ITO,HI,AWP,WE,Combined TRACON& Tower with Radar,47,13,0,20,80,0,179,21,5,205,47,192,21,25,285,18,40,58,343
07/01/2005,ITO,HI,AWP,WE,Combined TRACON& Tower with Radar,56,7,9,0,72,0,182,25,0,207,56,189,34,0,279,46,0,46,325
07/02/2005,ITO,HI,AWP,WE,Combined TRACON& Tower with Radar,44,15,0,0,59,0,164,31,0,195,44,179,31,0,254,48,0,48,302
07/03/2005,ITO,HI,AWP,WE,Combined TRACON& Tower with Radar,46,6,0,3,55,0,175,25,0,200,46,181,25,3,255,50,6,56,311
07/04/2005,ITO,HI,AWP,WE,Combined TRACON& Tower with Radar,49,7,4,0,60,0,142,32,0,174,49,149,36,0,234,54,0,54,288
07/05/2005,ITO,HI,AWP,WE,Combined TRACON& Tower with Radar,50,5,0,8,63,0,187,21,7,215,50,192,21,15,278,24,38,62,340
07/06/2005,ITO,HI,AWP,WE,Combined TRACON& Tower with Radar,46,16,3,16,81,0,168,38,2,208,46,184,41,18,289,22,6,28,317
07/07/2005,ITO,HI,AWP,WE,Combined TRACON& Tower with Radar,47,13,5,16,81,0,196,26,11,233,47,209,31,27,314,84,48,132,446
07/08/2005,ITO,HI,AWP,WE,Combined TRACON& Tower with Radar,51,17,7,15,90,0,137,13,1,151,51,154,20,16,241,42,10,52,293
07/09/2005,ITO,HI,AWP,WE,Combined TRACON& Tower with Radar,43,12,10,3,68,0,164,28,40,232,43,176,38,43,300,48,34,82,382
07/10/2005,ITO,HI,AWP,WE,Combined TRACON& Tower with Radar,43,11,7,4,65,0,147,27,20,194,43,158,34,24,259,36,18,54,313
07/11/2005,ITO,HI,AWP,WE,Combined TRACON& Tower with Radar,48,10,2,12,72,0,156,37,0,193,48,166,39,12,265,40,20,60,325
07/12/2005,ITO,HI,AWP,WE,Combined TRACON& Tower with Radar,50,10,1,12,73,0,118,30,0,148,50,128,31,12,221,26,6,32,253
07/13/2005,ITO,HI,AWP,WE,Combined TRACON& Tower with Radar,45,8,0,4,57,0,156,19,7,182,45,164,19,11,239,44,10,54,293
07/14/2005,ITO,HI,AWP,WE,Combined TRACON& Tower with Radar,44,10,5,18,77,0,114,17,0,131,44,124,22,18,208,40,4,44,252
07/15/2005,ITO,HI,AWP,WE,Combined TRACON& Tower with Radar,50,15,1,9,75,0,132,33,1,166,50,147,34,10,241,28,10,38,279
07/16/2005,ITO,HI,AWP,WE,Combined TRACON& Tower with Radar,43,17,0,6,66,0,139,31,1,171,43,156,31,7,237,42,4,46,283
07/17/2005,ITO,HI,AWP,WE,Combined TRACON& Tower with Radar,45,9,1,2,57,0,141,19,2,162,45,150,20,4,219,12,0,12,231
07/18/2005,ITO,HI,AWP,WE,Combined TRACON& Tower with Radar,48,13,1,13,75,0,165,28,10,203,48,178,29,23,278,46,40,86,364
07/19/2005,ITO,HI,AWP,WE,Combined TRACON& Tower with Radar,49,9,4,21,83,0,152,27,0,179,49,161,31,21,262,38,10,48,310
07/20/2005,ITO,HI,AWP,WE,Combined TRACON& Tower with Radar,51,12,0,0,63,0,171,26,1,198,51,183,26,1,261,44,0,44,305
07/21/2005,ITO,HI,AWP,WE,Combined TRACON& Tower with Radar,47,11,6,3,67,0,139,29,0,168,47,150,35,3,235,24,0,24,259
07/22/2005,ITO,HI,AWP,WE,Combined TRACON& Tower with Radar,46,13,2,0,61,0,106,20,1,127,46,119,22,1,188,40,0,40,228
07/23/2005,ITO,HI,AWP,WE,Combined TRACON& Tower with Radar,46,12,6,0,64,0,144,17,0,161,46,156,23,0,225,26,0,26,251
07/24/2005,ITO,HI,AWP,WE,Combined TRACON& Tower with Radar,45,12,2,5,64,0,191,18,6,215,45,203,20,11,279,30,6,36,315
07/25/2005,ITO,HI,AWP,WE,Combined TRACON& Tower with Radar,48,12,1,0,61,0,139,40,1,180,48,151,41,1,241,10,0,10,251
07/26/2005,ITO,HI,AWP,WE,Combined TRACON& Tower with Radar,49,10,3,12,74,0,153,21,0,174,49,163,24,12,248,14,10,24,272
07/27/2005,ITO,HI,AWP,WE,Combined TRACON& Tower with Radar,44,11,0,5,60,0,1989,42,17,2048,44,2000,42,22,2108,42,8,50,2158
07/28/2005,ITO,HI,AWP,WE,Combined TRACON& Tower with Radar,47,13,3,36,99,0,143,24,1,168,47,156,27,37,267,38,42,80,347
07/29/2005,ITO,HI,AWP,WE,Combined TRACON& Tower with Radar,47,14,2,15,78,0,137,22,0,159,47,151,24,15,237,56,12,68,305
07/30/2005,ITO,HI,AWP,WE,Combined TRACON& Tower with Radar,43,10,8,0,61,0,127,37,6,170,43,137,45,6,231,38,0,38,269
07/31/2005,ITO,HI,AWP,WE,Combined TRACON& Tower with Radar,43,13,1,0,57,0,183,28,1,212,43,196,29,1,269,44,0,44,313
08/01/2005,ITO,HI,AWP,WE,Combined TRACON& Tower with Radar,46,15,4,23,88,0,133,20,3,156,46,148,24,26,244,16,20,36,280
08/02/2005,ITO,HI,AWP,WE,Combined TRACON& Tower with Radar,49,10,8,6,73,0,159,17,8,184,49,169,25,14,257,14,26,40,297
08/03/2005,ITO,HI,AWP,WE,Combined TRACON& Tower with Radar,48,19,7,9,83,0,181,28,10,219,48,200,35,19,302,36,6,42,344
08/04/2005,ITO,HI,AWP,WE,Combined TRACON& Tower with Radar,47,13,10,17,87,0,101,18,4,123,47,114,28,21,210,20,24,44,254
08/05/2005,ITO,HI,AWP,WE,Combined TRACON& Tower with Radar,65,18,6,11,100,0,142,18,0,160,65,160,24,11,260,64,28,92,352
08/06/2005,ITO,HI,AWP,WE,Combined TRACON& Tower with Radar,44,13,3,2,62,0,112,18,1,131,44,125,21,3,193,50,0,50,243
08/07/2005,ITO,HI,AWP,WE,Combined TRACON& Tower with Radar,45,15,3,2,65,0,10,2,0,12,45,25,5,2,77,14,0,14,91
08/08/2005,ITO,HI,AWP,WE,Combined TRACON& Tower with Radar,48,13,4,4,69,0,133,24,2,159,48,146,28,6,228,28,0,28,256
08/09/2005,ITO,HI,AWP,WE,Combined TRACON& Tower with Radar,51,10,0,8,69,0,113,15,2,130,51,123,15,10,199,18,4,22,221
08/10/2005,ITO,HI,AWP,WE,Combined TRACON& Tower with Radar,48,10,0,24,82,0,214,21,4,239,48,224,21,28,321,48,32,80,401
08/11/2005,ITO,HI,AWP,WE,Combined TRACON& Tower with Radar,51,9,1,33,94,0,184,12,3,199,51,193,13,36,293,38,46,84,377
08/12/2005,ITO,HI,AWP,WE,Combined TRACON& Tower with Radar,46,16,0,9,71,0,136,13,6,155,46,152,13,15,226,28,32,60,286
08/13/2005,ITO,HI,AWP,WE,Combined TRACON& Tower with Radar,44,11,0,2,57,0,134,16,2,152,44,145,16,4,209,34,0,34,243
08/14/2005,ITO,HI,AWP,WE,Combined TRACON& Tower with Radar,48,8,3,1,60,0,169,39,0,208,48,177,42,1,268,64,0,64,332
08/15/2005,ITO,HI,AWP,WE,Combined TRACON& Tower with Radar,49,14,1,1,65,0,138,46,0,184,49,152,47,1,249,84,0,84,333
08/16/2005,ITO,HI,AWP,WE,Combined TRACON& Tower with Radar,49,12,0,13,74,0,179,44,8,231,49,191,44,21,305,104,22,126,431
08/17/2005,ITO,HI,AWP,WE,Combined TRACON& Tower with Radar,47,14,0,15,76,0,187,25,6,218,47,201,25,21,294,36,32,68,362
08/18/2005,ITO,HI,AWP,WE,Combined TRACON& Tower with Radar,49,14,1,6,70,0,130,11,1,142,49,144,12,7,212,36,6,42,254
08/19/2005,ITO,HI,AWP,WE,Combined TRACON& Tower with Radar,47,18,3,6,74,0,80,16,0,96,47,98,19,6,170,68,8,76,246
08/20/2005,ITO,HI,AWP,WE,Combined TRACON& Tower with Radar,42,13,4,0,59,0,156,33,0,189,42,169,37,0,248,88,0,88,336
08/21/2005,ITO,HI,AWP,WE,Combined TRACON& Tower with Radar,42,17,1,0,60,0,169,30,1,200,42,186,31,1,260,68,0,68,328
08/22/2005,ITO,HI,AWP,WE,Combined TRACON& Tower with Radar,48,10,3,5,66,0,129,35,6,170,48,139,38,11,236,52,0,52,288
08/23/2005,ITO,HI,AWP,WE,Combined TRACON& Tower with Radar,48,14,5,20,87,0,103,23,18,144,48,117,28,38,231,44,64,108,339
08/24/2005,ITO,HI,AWP,WE,Combined TRACON& Tower with Radar,45,11,3,18,77,0,93,45,12,150,45,104,48,30,227,49,44,93,320
08/25/2005,ITO,HI,AWP,WE,Combined TRACON& Tower with Radar,46,12,3,33,94,0,151,37,14,202,46,163,40,47,296,76,50,126,422
08/26/2005,ITO,HI,AWP,WE,Combined TRACON& Tower with Radar,46,12,0,0,58,0,137,27,0,164,46,149,27,0,222,64,0,64,286
08/27/2005,ITO,HI,AWP,WE,Combined TRACON& Tower with Radar,45,4,4,7,60,0,116,30,0,146,45,120,34,7,206,68,14,82,288
08/28/2005,ITO,HI,AWP,WE,Combined TRACON& Tower with Radar,43,8,0,0,51,0,157,26,4,187,43,165,26,4,238,42,16,58,296
08/29/2005,ITO,HI,AWP,WE,Combined TRACON& Tower with Radar,45,9,1,15,70,0,96,33,0,129,45,105,34,15,199,82,0,82,281
08/30/2005,ITO,HI,AWP,WE,Combined TRACON& Tower with Radar,46,6,17,9,78,0,142,30,4,176,46,148,47,13,254,22,12,34,288
08/31/2005,ITO,HI,AWP,WE,Combined TRACON& Tower with Radar,45,12,11,21,89,0,170,30,6,206,45,182,41,27,295,50,12,62,357
09/01/2005,ITO,HI,AWP,WE,Combined TRACON& Tower with Radar,43,13,0,8,64,0,96,15,6,117,43,109,15,14,181,24,16,40,221
09/02/2005,ITO,HI,AWP,WE,Combined TRACON& Tower with Radar,51,12,3,4,70,0,88,18,0,106,51,100,21,4,176,18,0,18,194
09/03/2005,ITO,HI,AWP,WE,Combined TRACON& Tower with Radar,45,10,3,0,58,0,95,31,0,126,45,105,34,0,184,56,0,56,240
09/04/2005,ITO,HI,AWP,WE,Combined TRACON& Tower with Radar,40,3,1,0,44,0,157,21,0,178,40,160,22,0,222,22,0,22,244
09/05/2005,ITO,HI,AWP,WE,Combined TRACON& Tower with Radar,49,11,1,0,61,0,88,17,1,106,49,99,18,1,167,10,0,10,177
09/06/2005,ITO,HI,AWP,WE,Combined TRACON& Tower with Radar,52,18,0,11,81,0,208,28,7,243,52,226,28,18,324,38,30,68,392
09/07/2005,ITO,HI,AWP,WE,Combined TRACON& Tower with Radar,43,14,1,18,76,0,150,22,4,176,43,164,23,22,252,16,18,34,286
09/08/2005,ITO,HI,AWP,WE,Combined TRACON& Tower with Radar,45,10,3,20,78,0,98,7,0,105,45,108,10,20,183,10,20,30,213
09/09/2005,ITO,HI,AWP,WE,Combined TRACON& Tower with Radar,48,13,6,15,82,0,74,9,4,87,48,87,15,19,169,40,10,50,219
09/10/2005,ITO,HI,AWP,WE,Combined TRACON& Tower with Radar,44,8,5,2,59,0,88,21,48,157,44,96,26,50,216,32,38,70,286
09/11/2005,ITO,HI,AWP,WE,Combined TRACON& Tower with Radar,39,7,1,3,50,0,0,0,0,0,39,7,1,3,50,40,0,40,90
09/12/2005,ITO,HI,AWP,WE,Combined TRACON& Tower with Radar,45,11,3,5,64,0,98,13,5,116,45,109,16,10,180,38,36,74,254
09/13/2005,ITO,HI,AWP,WE,Combined TRACON& Tower with Radar,50,11,7,7,75,0,41,14,0,55,50,52,21,7,130,4,4,8,138
09/14/2005,ITO,HI,AWP,WE,Combined TRACON& Tower with Radar,46,17,1,0,64,0,64,8,0,72,46,81,9,0,136,0,0,0,136
09/15/2005,ITO,HI,AWP,WE,Combined TRACON& Tower with Radar,49,11,9,26,95,0,2,4,0,6,49,13,13,26,101,6,4,10,111
09/16/2005,ITO,HI,AWP,WE,Combined TRACON& Tower with Radar,47,14,0,2,63,0,99,21,4,124,47,113,21,6,187,20,0,20,207
09/17/2005,ITO,HI,AWP,WE,Combined TRACON& Tower with Radar,45,9,2,4,60,0,111,22,7,140,45,120,24,11,200,20,6,26,226
09/18/2005,ITO,HI,AWP,WE,Combined TRACON& Tower with Radar,45,13,6,0,64,0,0,0,0,0,45,13,6,0,64,44,0,44,108
09/19/2005,ITO,HI,AWP,WE,Combined TRACON& Tower with Radar,45,12,13,18,88,0,129,53,5,187,45,141,66,23,275,86,12,98,373
09/20/2005,ITO,HI,AWP,WE,Combined TRACON& Tower with Radar,50,7,3,38,98,0,145,36,9,190,50,152,39,47,288,38,68,106,394
09/21/2005,ITO,HI,AWP,WE,Combined TRACON& Tower with Radar,46,13,1,1,61,0,103,24,11,138,46,116,25,12,199,24,0,24,223
09/22/2005,ITO,HI,AWP,WE,Combined TRACON& Tower with Radar,49,13,5,23,90,0,13,3,0,16,49,26,8,23,106,12,18,30,136
09/23/2005,ITO,HI,AWP,WE,Combined TRACON& Tower with Radar,54,11,1,4,70,0,102,7,8,117,54,113,8,12,187,10,18,28,215
09/24/2005,ITO,HI,AWP,WE,Combined TRACON& Tower with Radar,43,5,7,8,63,0,0,0,0,0,43,5,7,8,63,26,8,34,97
09/25/2005,ITO,HI,AWP,WE,Combined TRACON& Tower with Radar,42,8,2,0,52,0,94,15,0,109,42,102,17,0,161,22,0,22,183
09/26/2005,ITO,HI,AWP,WE,Combined TRACON& Tower with Radar,44,16,1,6,67,0,69,10,3,82,44,85,11,9,149,16,2,18,167
09/27/2005,ITO,HI,AWP,WE,Combined TRACON& Tower with Radar,46,7,1,2,56,0,157,25,7,189,46,164,26,9,245,32,32,64,309
09/28/2005,ITO,HI,AWP,WE,Combined TRACON& Tower with Radar,46,10,1,13,70,0,63,14,5,82,46,73,15,18,152,22,4,26,178
09/29/2005,ITO,HI,AWP,WE,Combined TRACON& Tower with Radar,46,9,2,17,74,0,132,27,2,161,46,141,29,19,235,30,22,52,287
09/30/2005,ITO,HI,AWP,WE,Combined TRACON& Tower with Radar,50,11,2,0,63,0,2,2,0,4,50,13,4,0,67,4,0,4,71
10/01/2005,ITO,HI,AWP,WE,Combined TRACON& Tower with Radar,44,11,0,2,57,0,68,14,2,84,44,79,14,4,141,22,0,22,163
10/02/2005,ITO,HI,AWP,WE,Combined TRACON& Tower with Radar,44,7,0,5,56,0,131,16,6,153,44,138,16,11,209,34,10,44,253
10/03/2005,ITO,HI,AWP,WE,Combined TRACON& Tower with Radar,45,15,1,2,63,0,113,30,2,145,45,128,31,4,208,32,0,32,240
10/04/2005,ITO,HI,AWP,WE,Combined TRACON& Tower with Radar,51,13,2,5,71,0,124,32,8,164,51,137,34,13,235,72,18,90,325
10/05/2005,ITO,HI,AWP,WE,Combined TRACON& Tower with Radar,46,14,1,11,72,0,155,19,8,182,46,169,20,19,254,46,24,70,324
10/06/2005,ITO,HI,AWP,WE,Combined TRACON& Tower with Radar,45,13,8,2,68,0,96,14,11,121,45,109,22,13,189,22,28,50,239
10/07/2005,ITO,HI,AWP,WE,Combined TRACON& Tower with Radar,47,10,4,19,80,0,74,15,0,89,47,84,19,19,169,42,16,58,227
10/08/2005,ITO,HI,AWP,WE,Combined TRACON& Tower with Radar,38,17,4,10,69,0,88,22,2,112,38,105,26,12,181,24,10,34,215
10/09/2005,ITO,HI,AWP,WE,Combined TRACON& Tower with Radar,40,14,3,22,79,0,90,12,4,106,40,104,15,26,185,22,34,56,241
10/10/2005,ITO,HI,AWP,WE,Combined TRACON& Tower with Radar,45,5,3,0,53,0,157,33,0,190,45,162,36,0,243,54,0,54,297
10/11/2005,ITO,HI,AWP,WE,Combined TRACON& Tower with Radar,49,10,0,14,73,0,156,16,6,178,49,166,16,20,251,38,22,60,311
10/12/2005,ITO,HI,AWP,WE,Combined TRACON& Tower with Radar,44,8,0,31,83,0,139,16,9,164,44,147,16,40,247,74,34,108,355
10/13/2005,ITO,HI,AWP,WE,Combined TRACON& Tower with Radar,43,16,0,12,71,0,105,12,4,121,43,121,12,16,192,40,10,50,242
10/14/2005,ITO,HI,AWP,WE,Combined TRACON& Tower with Radar,43,16,2,2,63,0,143,22,9,174,43,159,24,11,237,40,0,40,277
10/15/2005,ITO,HI,AWP,WE,Combined TRACON& Tower with Radar,42,5,2,0,49,0,71,10,17,98,42,76,12,17,147,14,12,26,173
10/16/2005,ITO,HI,AWP,WE,Combined TRACON& Tower with Radar,34,17,3,6,60,0,29,12,5,46,34,46,15,11,106,30,20,50,156
10/17/2005,ITO,HI,AWP,WE,Combined TRACON& Tower with Radar,46,7,0,2,55,0,123,14,4,141,46,130,14,6,196,16,2,18,214
10/18/2005,ITO,HI,AWP,WE,Combined TRACON& Tower with Radar,48,10,4,9,71,0,127,28,4,159,48,137,32,13,230,38,8,46,276
10/19/2005,ITO,HI,AWP,WE,Combined TRACON& Tower with Radar,44,11,0,19,74,0,164,25,10,199,44,175,25,29,273,54,6,60,333
10/20/2005,ITO,HI,AWP,WE,Combined TRACON& Tower with Radar,45,3,2,12,62,0,123,13,0,136,45,126,15,12,198,22,22,44,242
10/21/2005,ITO,HI,AWP,WE,Combined TRACON& Tower with Radar,50,6,1,8,65,0,96,21,1,118,50,102,22,9,183,20,10,30,213
10/22/2005,ITO,HI,AWP,WE,Combined TRACON& Tower with Radar,42,9,2,0,53,0,100,21,2,123,42,109,23,2,176,20,0,20,196
10/23/2005,ITO,HI,AWP,WE,Combined TRACON& Tower with Radar,42,12,1,0,55,0,26,8,0,34,42,38,9,0,89,12,0,12,101
10/24/2005,ITO,HI,AWP,WE,Combined TRACON& Tower with Radar,46,13,1,8,68,0,104,44,4,152,46,117,45,12,220,20,12,32,252
10/25/2005,ITO,HI,AWP,WE,Combined TRACON& Tower with Radar,47,10,0,10,67,0,126,34,4,164,47,136,34,14,231,21,6,27,258
10/26/2005,ITO,HI,AWP,WE,Combined TRACON& Tower with Radar,45,15,2,6,68,0,89,12,1,102,45,104,14,7,170,26,0,26,196
10/27/2005,ITO,HI,AWP,WE,Combined TRACON& Tower with Radar,41,10,4,8,63,0,84,15,9,108,41,94,19,17,171,58,38,96,267
10/28/2005,ITO,HI,AWP,WE,Combined TRACON& Tower with Radar,49,11,5,0,65,0,14,4,0,18,49,25,9,0,83,20,0,20,103
10/29/2005,ITO,HI,AWP,WE,Combined TRACON& Tower with Radar,41,7,3,0,51,0,98,14,0,112,41,105,17,0,163,50,0,50,213
10/30/2005,ITO,HI,AWP,WE,Combined TRACON& Tower with Radar,42,9,4,0,55,0,17,9,0,26,42,26,13,0,81,22,0,22,103
10/31/2005,ITO,HI,AWP,WE,Combined TRACON& Tower with Radar,43,15,1,13,72,0,39,2,1,42,43,54,3,14,114,28,4,32,146
11/01/2005,ITO,HI,AWP,WE,Combined TRACON& Tower with Radar,47,16,3,14,80,0,36,10,0,46,47,52,13,14,126,42,24,66,192
11/02/2005,ITO,HI,AWP,WE,Combined TRACON& Tower with Radar,45,12,5,25,87,0,130,14,5,149,45,142,19,30,236,56,24,80,316
11/03/2005,ITO,HI,AWP,WE,Combined TRACON& Tower with Radar,45,11,4,20,80,0,93,9,7,109,45,104,13,27,189,20,22,42,231
11/04/2005,ITO,HI,AWP,WE,Combined TRACON& Tower with Radar,50,8,5,6,69,0,95,26,0,121,50,103,31,6,190,46,0,46,236
11/05/2005,ITO,HI,AWP,WE,Combined TRACON& Tower with Radar,45,11,1,7,64,0,84,33,10,127,45,95,34,17,191,84,8,92,283
11/06/2005,ITO,HI,AWP,WE,Combined TRACON& Tower with Radar,45,7,2,4,58,0,146,30,4,180,45,153,32,8,238,43,0,43,281
11/07/2005,ITO,HI,AWP,WE,Combined TRACON& Tower with Radar,45,10,4,15,74,0,120,20,13,153,45,130,24,28,227,38,24,62,289
11/08/2005,ITO,HI,AWP,WE,Combined TRACON& Tower with Radar,48,9,2,10,69,0,66,12,0,78,48,75,14,10,147,8,8,16,163
11/09/2005,ITO,HI,AWP,WE,Combined TRACON& Tower with Radar,39,20,1,13,73,0,116,55,6,177,39,136,56,19,250,52,30,82,332
11/10/2005,ITO,HI,AWP,WE,Combined TRACON& Tower with Radar,43,13,2,2,60,0,152,19,4,175,43,165,21,6,235,48,2,50,285
11/11/2005,ITO,HI,AWP,WE,Combined TRACON& Tower with Radar,51,11,2,0,64,0,135,25,0,160,51,146,27,0,224,42,0,42,266
11/12/2005,ITO,HI,AWP,WE,Combined TRACON& Tower with Radar,46,13,5,4,68,0,86,11,0,97,46,99,16,4,165,24,8,32,197
11/13/2005,ITO,HI,AWP,WE,Combined TRACON& Tower with Radar,44,8,1,6,59,0,123,18,3,144,44,131,19,9,203,34,8,42,245
11/14/2005,ITO,HI,AWP,WE,Combined TRACON& Tower with Radar,46,11,2,14,73,0,107,45,5,157,46,118,47,19,230,16,6,22,252
11/15/2005,ITO,HI,AWP,WE,Combined TRACON& Tower with Radar,49,7,4,12,72,0,149,42,5,196,49,156,46,17,268,84,26,110,378
11/16/2005,ITO,HI,AWP,WE,Combined TRACON& Tower with Radar,45,8,1,11,65,0,159,32,12,203,45,167,33,23,268,46,10,56,324
11/17/2005,ITO,HI,AWP,WE,Combined TRACON& Tower with Radar,44,7,0,12,63,0,152,17,12,181,44,159,17,24,244,28,20,48,292
11/18/2005,ITO,HI,AWP,WE,Combined TRACON& Tower with Radar,46,21,0,2,69,0,73,19,1,93,46,94,19,3,162,45,0,45,207
11/19/2005,ITO,HI,AWP,WE,Combined TRACON& Tower with Radar,41,10,3,17,71,0,90,0,0,90,41,100,3,17,161,46,22,68,229
11/20/2005,ITO,HI,AWP,WE,Combined TRACON& Tower with Radar,44,6,2,13,65,0,118,31,1,150,44,124,33,14,215,60,10,70,285
11/21/2005,ITO,HI,AWP,WE,Combined TRACON& Tower with Radar,47,10,2,9,68,0,107,19,0,126,47,117,21,9,194,38,4,42,236
11/22/2005,ITO,HI,AWP,WE,Combined TRACON& Tower with Radar,47,6,0,13,66,0,111,10,19,140,47,117,10,32,206,0,0,0,206
11/23/2005,ITO,HI,AWP,WE,Combined TRACON& Tower with Radar,54,11,0,8,73,0,157,52,3,212,54,168,52,11,285,28,4,32,317
11/24/2005,ITO,HI,AWP,WE,Combined TRACON& Tower with Radar,46,6,1,0,53,0,57,12,0,69,46,63,13,0,122,0,0,0,122
11/25/2005,ITO,HI,AWP,WE,Combined TRACON& Tower with Radar,47,12,2,0,61,0,117,31,0,148,47,129,33,0,209,46,0,46,255
11/26/2005,ITO,HI,AWP,WE,Combined TRACON& Tower with Radar,39,10,2,0,51,0,100,18,0,118,39,110,20,0,169,26,0,26,195
11/27/2005,ITO,HI,AWP,WE,Combined TRACON& Tower with Radar,47,10,0,0,57,0,126,12,0,138,47,136,12,0,195,26,0,26,221
11/28/2005,ITO,HI,AWP,WE,Combined TRACON& Tower with Radar,45,16,1,7,69,0,103,15,1,119,45,119,16,8,188,50,2,52,240
11/29/2005,ITO,HI,AWP,WE,Combined TRACON& Tower with Radar,49,8,5,13,75,0,133,26,4,163,49,141,31,17,238,90,6,96,334
11/30/2005,ITO,HI,AWP,WE,Combined TRACON& Tower with Radar,43,12,3,9,67,387,119,15,5,526,430,131,18,14,593,26,21,47,640
12/01/2005,ITO,HI,AWP,WE,Combined TRACON& Tower with Radar,45,10,0,14,69,0,102,15,2,119,45,112,15,16,188,82,2,84,272
12/02/2005,ITO,HI,AWP,WE,Combined TRACON& Tower with Radar,54,13,0,2,69,0,89,21,2,112,54,102,21,4,181,104,0,104,285
12/03/2005,ITO,HI,AWP,WE,Combined TRACON& Tower with Radar,45,8,0,6,59,0,83,22,14,119,45,91,22,20,178,44,18,62,240
12/04/2005,ITO,HI,AWP,WE,Combined TRACON& Tower with Radar,44,7,0,2,53,0,111,23,9,143,44,118,23,11,196,42,0,42,238
12/05/2005,ITO,HI,AWP,WE,Combined TRACON& Tower with Radar,43,16,2,8,69,0,123,32,0,155,43,139,34,8,224,112,2,114,338
12/06/2005,ITO,HI,AWP,WE,Combined TRACON& Tower with Radar,48,16,4,11,79,0,127,18,5,150,48,143,22,16,229,92,18,110,339
12/07/2005,ITO,HI,AWP,WE,Combined TRACON& Tower with Radar,43,23,0,6,72,0,56,9,0,65,43,79,9,6,137,24,12,36,173
12/08/2005,ITO,HI,AWP,WE,Combined TRACON& Tower with Radar,43,17,3,9,72,0,107,15,0,122,43,124,18,9,194,24,10,34,228
12/09/2005,ITO,HI,AWP,WE,Combined TRACON& Tower with Radar,48,20,1,23,92,0,90,13,4,107,48,110,14,27,199,22,30,52,251
12/10/2005,ITO,HI,AWP,WE,Combined TRACON& Tower with Radar,40,18,6,10,74,0,52,31,0,83,40,70,37,10,157,50,26,76,233
12/11/2005,ITO,HI,AWP,WE,Combined TRACON& Tower with Radar,41,7,0,2,50,0,115,20,5,140,41,122,20,7,190,30,10,40,230
12/12/2005,ITO,HI,AWP,WE,Combined TRACON& Tower with Radar,45,14,2,15,76,0,107,28,2,137,45,121,30,17,213,26,6,32,245
12/13/2005,ITO,HI,AWP,WE,Combined TRACON& Tower with Radar,46,14,0,43,103,0,118,28,0,146,46,132,28,43,249,64,66,130,379
12/14/2005,ITO,HI,AWP,WE,Combined TRACON& Tower with Radar,41,15,2,4,62,0,135,30,10,175,41,150,32,14,237,34,32,66,303
12/15/2005,ITO,HI,AWP,WE,Combined TRACON& Tower with Radar,45,10,1,4,60,0,86,26,8,120,45,96,27,12,180,66,48,114,294
12/16/2005,ITO,HI,AWP,WE,Combined TRACON& Tower with Radar,46,15,0,13,74,0,81,45,2,128,46,96,45,15,202,24,34,58,260
12/17/2005,ITO,HI,AWP,WE,Combined TRACON& Tower with Radar,41,16,1,0,58,0,49,32,1,82,41,65,33,1,140,28,0,28,168
12/18/2005,ITO,HI,AWP,WE,Combined TRACON& Tower with Radar,48,7,0,0,55,0,138,17,0,155,48,145,17,0,210,34,0,34,244
12/19/2005,ITO,HI,AWP,WE,Combined TRACON& Tower with Radar,45,23,1,6,75,0,91,14,4,109,45,114,15,10,184,28,20,48,232
12/20/2005,ITO,HI,AWP,WE,Combined TRACON& Tower with Radar,52,16,1,13,82,0,149,27,4,180,52,165,28,17,262,16,38,54,316
12/21/2005,ITO,HI,AWP,WE,Combined TRACON& Tower with Radar,46,25,2,10,83,0,160,24,11,195,46,185,26,21,278,72,24,96,374
12/22/2005,ITO,HI,AWP,WE,Combined TRACON& Tower with Radar,45,16,1,4,66,0,129,16,5,150,45,145,17,9,216,36,8,44,260
12/23/2005,ITO,HI,AWP,WE,Combined TRACON& Tower with Radar,53,18,1,1,73,0,124,22,1,147,53,142,23,2,220,46,0,46,266
12/24/2005,ITO,HI,AWP,WE,Combined TRACON& Tower with Radar,45,8,0,0,53,0,138,15,0,153,45,146,15,0,206,34,0,34,240
12/25/2005,ITO,HI,AWP,WE,Combined TRACON& Tower with Radar,43,8,0,0,51,0,63,3,0,66,43,71,3,0,117,0,0,0,117
12/26/2005,ITO,HI,AWP,WE,Combined TRACON& Tower with Radar,51,12,0,0,63,0,189,41,2,232,51,201,41,2,295,62,0,62,357
12/27/2005,ITO,HI,AWP,WE,Combined TRACON& Tower with Radar,50,10,3,11,74,0,210,46,1,257,50,220,49,12,331,68,48,116,447
12/28/2005,ITO,HI,AWP,WE,Combined TRACON& Tower with Radar,45,7,1,12,65,0,190,10,12,212,45,197,11,24,277,14,44,58,335
12/29/2005,ITO,HI,AWP,WE,Combined TRACON& Tower with Radar,46,9,4,5,64,0,179,40,4,223,46,188,44,9,287,52,0,52,339
12/30/2005,ITO,HI,AWP,WE,Combined TRACON& Tower with Radar,52,14,0,0,66,0,155,66,4,225,52,169,66,4,291,66,0,66,357
12/31/2005,ITO,HI,AWP,WE,Combined TRACON& Tower with Radar,42,3,1,0,46,0,152,28,0,180,42,155,29,0,226,24,0,24,250
01/01/2006,ITO,HI,AWP,WE,Combined TRACON& Tower with Radar,45,12,0,0,57,0,187,13,5,205,45,199,13,5,262,10,0,10,272
01/02/2006,ITO,HI,AWP,WE,Combined TRACON& Tower with Radar,2,11,0,0,13,0,172,25,0,197,2,183,25,0,210,24,0,24,234
01/03/2006,ITO,HI,AWP,WE,Combined TRACON& Tower with Radar,48,11,2,34,95,0,128,27,1,156,48,139,29,35,251,34,60,94,345
01/04/2006,ITO,HI,AWP,WE,Combined TRACON& Tower with Radar,46,10,1,19,76,0,160,21,8,189,46,170,22,27,265,28,22,50,315
01/05/2006,ITO,HI,AWP,WE,Combined TRACON& Tower with Radar,43,15,5,8,71,0,100,21,7,128,43,115,26,15,199,64,0,64,263
01/06/2006,ITO,HI,AWP,WE,Combined TRACON& Tower with Radar,53,17,1,13,84,0,116,32,23,171,53,133,33,36,255,72,54,126,381
01/07/2006,ITO,HI,AWP,WE,Combined TRACON& Tower with Radar,39,13,5,15,72,0,121,20,5,146,39,134,25,20,218,54,18,72,290
01/08/2006,ITO,HI,AWP,WE,Combined TRACON& Tower with Radar,44,11,1,6,62,0,146,15,16,177,44,157,16,22,239,58,10,68,307
01/09/2006,ITO,HI,AWP,WE,Combined TRACON& Tower with Radar,47,24,7,6,84,0,61,11,14,86,47,85,18,20,170,30,48,78,248
01/10/2006,ITO,HI,AWP,WE,Combined TRACON& Tower with Radar,44,9,5,6,64,0,114,48,11,173,44,123,53,17,237,50,22,72,309
01/11/2006,ITO,HI,AWP,WE,Combined TRACON& Tower with Radar,46,12,0,4,62,0,164,31,14,209,46,176,31,18,271,60,10,70,341
01/12/2006,ITO,HI,AWP,WE,Combined TRACON& Tower with Radar,47,12,0,9,68,0,146,24,13,183,47,158,24,22,251,38,10,48,299
01/13/2006,ITO,HI,AWP,WE,Combined TRACON& Tower with Radar,52,12,1,12,77,0,86,16,0,102,52,98,17,12,179,18,10,28,207
01/14/2006,ITO,HI,AWP,WE,Combined TRACON& Tower with Radar,44,7,2,0,53,0,78,17,1,96,44,85,19,1,149,16,0,16,165
01/15/2006,ITO,HI,AWP,WE,Combined TRACON& Tower with Radar,42,11,0,0,53,0,104,30,0,134,42,115,30,0,187,56,0,56,243
01/16/2006,ITO,HI,AWP,WE,Combined TRACON& Tower with Radar,43,13,3,0,59,0,135,9,24,168,43,148,12,24,227,8,0,8,235
01/17/2006,ITO,HI,AWP,WE,Combined TRACON& Tower with Radar,42,14,2,6,64,0,164,20,19,203,42,178,22,25,267,26,38,64,331
01/18/2006,ITO,HI,AWP,WE,Combined TRACON& Tower with Radar,46,15,3,16,80,0,66,21,0,87,46,81,24,16,167,22,6,28,195
01/19/2006,ITO,HI,AWP,WE,Combined TRACON& Tower with Radar,47,8,3,16,74,0,149,26,21,196,47,157,29,37,270,36,66,102,372
01/20/2006,ITO,HI,AWP,WE,Combined TRACON& Tower with Radar,47,15,0,10,72,0,146,24,10,180,47,161,24,20,252,36,30,66,318
01/21/2006,ITO,HI,AWP,WE,Combined TRACON& Tower with Radar,45,8,0,0,53,0,103,7,0,110,45,111,7,0,163,24,0,24,187
01/22/2006,ITO,HI,AWP,WE,Combined TRACON& Tower with Radar,45,10,8,0,63,0,38,9,0,47,45,48,17,0,110,26,0,26,136
01/23/2006,ITO,HI,AWP,WE,Combined TRACON& Tower with Radar,48,18,2,18,86,0,84,12,0,96,48,102,14,18,182,54,22,76,258
01/24/2006,ITO,HI,AWP,WE,Combined TRACON& Tower with Radar,48,11,0,21,80,0,85,31,40,156,48,96,31,61,236,44,82,126,362
01/25/2006,ITO,HI,AWP,WE,Combined TRACON& Tower with Radar,47,27,0,14,88,0,95,16,7,118,47,122,16,21,206,24,16,40,246
01/26/2006,ITO,HI,AWP,WE,Combined TRACON& Tower with Radar,47,15,2,12,76,0,33,6,3,42,47,48,8,15,118,36,26,62,180
01/27/2006,ITO,HI,AWP,WE,Combined TRACON& Tower with Radar,51,13,0,2,66,0,71,9,5,85,51,84,9,7,151,6,28,34,185
01/28/2006,ITO,HI,AWP,WE,Combined TRACON& Tower with Radar,46,13,2,15,76,0,107,19,2,128,46,120,21,17,204,12,2,14,218
01/29/2006,ITO,HI,AWP,WE,Combined TRACON& Tower with Radar,48,9,3,2,62,0,139,32,0,171,48,148,35,2,233,28,12,40,273
01/30/2006,ITO,HI,AWP,WE,Combined TRACON& Tower with Radar,48,9,1,2,60,0,115,31,0,146,48,124,32,2,206,47,14,61,267
01/31/2006,ITO,HI,AWP,WE,Combined TRACON& Tower with Radar,49,5,0,23,77,0,131,40,23,194,49,136,40,46,271,82,93,175,446
02/01/2006,ITO,HI,AWP,WE,Combined TRACON& Tower with Radar,48,7,0,4,59,0,168,37,11,216,48,175,37,15,275,50,14,64,339
02/02/2006,ITO,HI,AWP,WE,Combined TRACON& Tower with Radar,48,8,1,3,60,0,99,18,8,125,48,107,19,11,185,22,30,52,237
02/03/2006,ITO,HI,AWP,WE,Combined TRACON& Tower with Radar,51,21,4,4,80,0,11,4,2,17,51,32,8,6,97,12,16,28,125
02/04/2006,ITO,HI,AWP,WE,Combined TRACON& Tower with Radar,42,13,3,12,70,0,77,14,7,98,42,90,17,19,168,10,18,28,196
02/05/2006,ITO,HI,AWP,WE,Combined TRACON& Tower with Radar,47,13,2,2,64,0,105,15,4,124,47,118,17,6,188,28,2,30,218
02/06/2006,ITO,HI,AWP,WE,Combined TRACON& Tower with Radar,47,97,28,10,182,0,0,0,0,0,47,97,28,10,182,4,24,28,210
02/07/2006,ITO,HI,AWP,WE,Combined TRACON& Tower with Radar,50,6,2,18,76,0,118,35,14,167,50,124,37,32,243,68,30,98,341
02/08/2006,ITO,HI,AWP,WE,Combined TRACON& Tower with Radar,47,18,0,5,70,0,150,26,3,179,47,168,26,8,249,10,2,12,261
02/09/2006,ITO,HI,AWP,WE,Combined TRACON& Tower with Radar,48,8,0,13,69,0,130,11,20,161,48,138,11,33,230,26,62,88,318
02/10/2006,ITO,HI,AWP,WE,Combined TRACON& Tower with Radar,52,13,5,20,90,0,126,15,0,141,52,139,20,20,231,34,22,56,287
02/11/2006,ITO,HI,AWP,WE,Combined TRACON& Tower with Radar,44,8,0,8,60,0,92,22,0,114,44,100,22,8,174,24,8,32,206
02/12/2006,ITO,HI,AWP,WE,Combined TRACON& Tower with Radar,45,19,2,2,68,0,71,5,2,78,45,90,7,4,146,8,0,8,154
02/13/2006,ITO,HI,AWP,WE,Combined TRACON& Tower with Radar,45,16,2,14,77,0,84,20,0,104,45,100,22,14,181,30,4,34,215
02/14/2006,ITO,HI,AWP,WE,Combined TRACON& Tower with Radar,50,7,0,11,68,0,182,48,13,243,50,189,48,24,311,72,18,90,401
02/15/2006,ITO,HI,AWP,WE,Combined TRACON& Tower with Radar,47,13,3,25,88,0,149,30,8,187,47,162,33,33,275,40,10,50,325
02/16/2006,ITO,HI,AWP,WE,Combined TRACON& Tower with Radar,49,9,0,26,84,0,135,31,7,173,49,144,31,33,257,66,56,122,379
02/17/2006,ITO,HI,AWP,WE,Combined TRACON& Tower with Radar,53,18,2,1,74,0,132,30,5,167,53,150,32,6,241,40,10,50,291
02/18/2006,ITO,HI,AWP,WE,Combined TRACON& Tower with Radar,45,11,0,2,58,1,119,20,0,140,46,130,20,2,198,36,0,36,234
02/19/2006,ITO,HI,AWP,WE,Combined TRACON& Tower with Radar,43,12,1,2,58,0,140,22,0,162,43,152,23,2,220,46,0,46,266
02/20/2006,ITO,HI,AWP,WE,Combined TRACON& Tower with Radar,57,21,3,0,81,0,89,15,0,104,57,110,18,0,185,14,0,14,199
02/21/2006,ITO,HI,AWP,WE,Combined TRACON& Tower with Radar,46,30,5,15,96,0,39,7,2,48,46,69,12,17,144,12,8,20,164
02/22/2006,ITO,HI,AWP,WE,Combined TRACON& Tower with Radar,48,9,3,24,84,0,136,20,14,170,48,145,23,38,254,28,42,70,324
02/23/2006,ITO,HI,AWP,WE,Combined TRACON& Tower with Radar,50,10,0,10,70,0,153,16,8,177,50,163,16,18,247,42,62,104,351
02/24/2006,ITO,HI,AWP,WE,Combined TRACON& Tower with Radar,51,18,9,8,86,0,78,31,5,114,51,96,40,13,200,58,10,68,268
02/25/2006,ITO,HI,AWP,WE,Combined TRACON& Tower with Radar,46,10,0,3,59,0,140,23,13,176,46,150,23,16,235,44,14,58,293
02/26/2006,ITO,HI,AWP,WE,Combined TRACON& Tower with Radar,45,16,1,4,66,0,122,13,4,139,45,138,14,8,205,46,0,46,251
02/27/2006,ITO,HI,AWP,WE,Combined TRACON& Tower with Radar,50,31,3,3,87,0,68,9,0,77,50,99,12,3,164,16,10,26,190
02/28/2006,ITO,HI,AWP,WE,Combined TRACON& Tower with Radar,49,21,3,19,92,0,104,20,10,134,49,125,23,29,226,26,30,56,282
03/01/2006,ITO,HI,AWP,WE,Combined TRACON& Tower with Radar,48,22,6,6,82,0,29,5,6,40,48,51,11,12,122,12,20,32,154
03/02/2006,ITO,HI,AWP,WE,Combined TRACON& Tower with Radar,49,20,7,6,82,0,19,4,0,23,49,39,11,6,105,2,4,6,111
03/03/2006,ITO,HI,AWP,WE,Combined TRACON& Tower with Radar,50,20,1,11,82,0,33,6,8,47,50,53,7,19,129,14,14,28,157
03/04/2006,ITO,HI,AWP,WE,Combined TRACON& Tower with Radar,42,9,0,14,65,0,92,28,12,132,42,101,28,26,197,42,16,58,255
03/05/2006,ITO,HI,AWP,WE,Combined TRACON& Tower with Radar,46,15,2,4,67,0,163,25,4,192,46,178,27,8,259,80,0,80,339
03/06/2006,ITO,HI,AWP,WE,Combined TRACON& Tower with Radar,45,9,2,14,70,0,107,23,17,147,45,116,25,31,217,8,20,28,245
03/07/2006,ITO,HI,AWP,WE,Combined TRACON& Tower with Radar,48,17,2,10,77,0,85,14,8,107,48,102,16,18,184,14,20,34,218
03/08/2006,ITO,HI,AWP,WE,Combined TRACON& Tower with Radar,47,27,6,16,96,0,73,7,0,80,47,100,13,16,176,14,10,24,200
03/09/2006,ITO,HI,AWP,WE,Combined TRACON& Tower with Radar,47,9,4,13,73,0,23,5,3,31,47,32,9,16,104,22,22,44,148
03/10/2006,ITO,HI,AWP,WE,Combined TRACON& Tower with Radar,52,17,7,15,91,0,37,8,0,45,52,54,15,15,136,12,18,30,166
03/11/2006,ITO,HI,AWP,WE,Combined TRACON& Tower with Radar,44,8,0,5,57,0,66,10,5,81,44,74,10,10,138,24,20,44,182
03/12/2006,ITO,HI,AWP,WE,Combined TRACON& Tower with Radar,45,14,3,0,62,0,115,9,5,129,45,129,12,5,191,34,6,40,231
03/13/2006,ITO,HI,AWP,WE,Combined TRACON& Tower with Radar,57,18,4,12,91,0,35,6,0,41,57,53,10,12,132,6,14,20,152
03/14/2006,ITO,HI,AWP,WE,Combined TRACON& Tower with Radar,44,16,7,5,72,0,10,7,1,18,44,26,14,6,90,8,0,8,98
03/15/2006,ITO,HI,AWP,WE,Combined TRACON& Tower with Radar,48,27,4,24,103,0,5,0,10,15,48,32,4,34,118,0,34,34,152
03/16/2006,ITO,HI,AWP,WE,Combined TRACON& Tower with Radar,55,20,3,2,80,0,76,5,0,81,55,96,8,2,161,20,2,22,183
03/17/2006,ITO,HI,AWP,WE,Combined TRACON& Tower with Radar,52,10,1,8,71,0,177,29,6,212,52,187,30,14,283,38,14,52,335
03/18/2006,ITO,HI,AWP,WE,Combined TRACON& Tower with Radar,43,7,0,3,53,0,77,13,7,97,43,84,13,10,150,26,10,36,186
03/19/2006,ITO,HI,AWP,WE,Combined TRACON& Tower with Radar,50,15,0,2,67,0,0,0,0,0,50,15,0,2,67,0,0,0,67
03/20/2006,ITO,HI,AWP,WE,Combined TRACON& Tower with Radar,53,8,3,20,84,0,144,28,3,175,53,152,31,23,259,44,36,80,339
03/21/2006,ITO,HI,AWP,WE,Combined TRACON& Tower with Radar,49,6,1,9,65,0,140,29,0,169,49,146,30,9,234,26,8,34,268
03/22/2006,ITO,HI,AWP,WE,Combined TRACON& Tower with Radar,46,10,1,12,69,0,91,36,4,131,46,101,37,16,200,108,8,116,316
03/23/2006,ITO,HI,AWP,WE,Combined TRACON& Tower with Radar,51,13,2,7,73,0,130,20,7,157,51,143,22,14,230,20,20,40,270
03/24/2006,ITO,HI,AWP,WE,Combined TRACON& Tower with Radar,50,12,0,4,66,0,118,19,0,137,50,130,19,4,203,36,2,38,241
03/25/2006,ITO,HI,AWP,WE,Combined TRACON& Tower with Radar,49,3,0,0,52,0,122,24,3,149,49,125,24,3,201,18,0,18,219
03/26/2006,ITO,HI,AWP,WE,Combined TRACON& Tower with Radar,46,15,0,0,61,0,165,13,0,178,46,180,13,0,239,20,0,20,259
03/27/2006,ITO,HI,AWP,WE,Combined TRACON& Tower with Radar,53,18,1,14,86,0,17,6,1,24,53,35,7,15,110,4,10,14,124
03/28/2006,ITO,HI,AWP,WE,Combined TRACON& Tower with Radar,48,6,3,1,58,0,133,35,15,183,48,139,38,16,241,46,38,84,325
03/29/2006,ITO,HI,AWP,WE,Combined TRACON& Tower with Radar,51,11,2,7,71,0,164,48,16,228,51,175,50,23,299,45,25,70,369
03/30/2006,ITO,HI,AWP,WE,Combined TRACON& Tower with Radar,50,8,4,4,66,0,129,46,3,178,50,137,50,7,244,70,0,70,314
03/31/2006,ITO,HI,AWP,WE,Combined TRACON& Tower with Radar,52,8,3,5,68,0,120,22,13,155,52,128,25,18,223,28,10,38,261
04/01/2006,ITO,HI,AWP,WE,Combined TRACON& Tower with Radar,44,8,3,8,63,0,77,23,4,104,44,85,26,12,167,30,8,38,205
04/02/2006,ITO,HI,AWP,WE,Combined TRACON& Tower with Radar,47,12,2,5,66,0,117,3,3,123,47,129,5,8,189,30,0,30,219
04/03/2006,ITO,HI,AWP,WE,Combined TRACON& Tower with Radar,45,7,6,8,66,0,117,15,3,135,45,124,21,11,201,68,20,88,289
04/04/2006,ITO,HI,AWP,WE,Combined TRACON& Tower with Radar,47,10,1,16,74,0,126,10,9,145,47,136,11,25,219,38,22,60,279
04/05/2006,ITO,HI,AWP,WE,Combined TRACON& Tower with Radar,50,7,1,15,73,0,171,15,0,186,50,178,16,15,259,24,10,34,293
04/06/2006,ITO,HI,AWP,WE,Combined TRACON& Tower with Radar,47,14,2,11,74,0,86,20,6,112,47,100,22,17,186,64,8,72,258
04/07/2006,ITO,HI,AWP,WE,Combined TRACON& Tower with Radar,51,9,2,17,79,0,109,15,0,124,51,118,17,17,203,20,16,36,239
04/08/2006,ITO,HI,AWP,WE,Combined TRACON& Tower with Radar,40,5,0,3,48,0,92,46,2,140,40,97,46,5,188,28,6,34,222
04/09/2006,ITO,HI,AWP,WE,Combined TRACON& Tower with Radar,43,11,0,3,57,0,137,10,1,148,43,148,10,4,205,38,0,38,243
04/10/2006,ITO,HI,AWP,WE,Combined TRACON& Tower with Radar,49,10,2,24,85,0,122,11,4,137,49,132,13,28,222,18,16,34,256
04/11/2006,ITO,HI,AWP,WE,Combined TRACON& Tower with Radar,45,10,9,17,81,0,137,9,4,150,45,147,18,21,231,58,16,74,305
04/12/2006,ITO,HI,AWP,WE,Combined TRACON& Tower with Radar,43,20,7,20,90,0,152,13,0,165,43,172,20,20,255,58,0,58,313
04/13/2006,ITO,HI,AWP,WE,Combined TRACON& Tower with Radar,50,12,6,2,70,0,185,6,2,193,50,197,12,4,263,24,0,24,287
04/14/2006,ITO,HI,AWP,WE,Combined TRACON& Tower with Radar,48,16,1,12,77,0,168,18,1,187,48,184,19,13,264,42,12,54,318
04/15/2006,ITO,HI,AWP,WE,Combined TRACON& Tower with Radar,43,13,6,0,62,0,116,23,0,139,43,129,29,0,201,64,0,64,265
04/16/2006,ITO,HI,AWP,WE,Combined TRACON& Tower with Radar,45,20,1,0,66,0,118,14,0,132,45,138,15,0,198,26,0,26,224
04/17/2006,ITO,HI,AWP,WE,Combined TRACON& Tower with Radar,48,19,0,20,87,0,136,22,0,158,48,155,22,20,245,22,22,44,289
04/18/2006,ITO,HI,AWP,WE,Combined TRACON& Tower with Radar,54,17,4,7,82,0,161,20,4,185,54,178,24,11,267,20,2,22,289
04/19/2006,ITO,HI,AWP,WE,Combined TRACON& Tower with Radar,48,15,5,6,74,0,217,22,3,242,48,232,27,9,316,46,8,54,370
04/20/2006,ITO,HI,AWP,WE,Combined TRACON& Tower with Radar,49,17,1,10,77,0,103,16,3,122,49,120,17,13,199,48,18,66,265
04/21/2006,ITO,HI,AWP,WE,Combined TRACON& Tower with Radar,52,18,2,11,83,0,106,17,0,123,52,124,19,11,206,12,18,30,236
04/22/2006,ITO,HI,AWP,WE,Combined TRACON& Tower with Radar,52,8,3,18,81,0,66,27,1,94,52,74,30,19,175,62,46,108,283
04/23/2006,ITO,HI,AWP,WE,Combined TRACON& Tower with Radar,57,9,0,5,71,0,74,8,4,86,57,83,8,9,157,32,12,44,201
04/24/2006,ITO,HI,AWP,WE,Combined TRACON& Tower with Radar,44,15,2,19,80,0,102,21,10,133,44,117,23,29,213,66,46,112,325
04/25/2006,ITO,HI,AWP,WE,Combined TRACON& Tower with Radar,49,11,7,15,82,0,169,21,3,193,49,180,28,18,275,42,10,52,327
04/26/2006,ITO,HI,AWP,WE,Combined TRACON& Tower with Radar,45,9,2,14,70,0,140,31,17,188,45,149,33,31,258,58,24,82,340
04/27/2006,ITO,HI,AWP,WE,Combined TRACON& Tower with Radar,48,13,4,18,83,0,140,23,6,169,48,153,27,24,252,40,46,86,338
04/28/2006,ITO,HI,AWP,WE,Combined TRACON& Tower with Radar,54,26,3,2,85,0,118,11,3,132,54,144,14,5,217,26,0,26,243
04/29/2006,ITO,HI,AWP,WE,Combined TRACON& Tower with Radar,46,4,8,2,60,0,103,10,2,115,46,107,18,4,175,68,0,68,243
04/30/2006,ITO,HI,AWP,WE,Combined TRACON& Tower with Radar,49,8,5,0,62,0,83,21,1,105,49,91,26,1,167,26,0,26,193
05/01/2006,ITO,HI,AWP,WE,Combined TRACON& Tower with Radar,46,14,0,5,65,0,84,14,0,98,46,98,14,5,163,12,24,36,199
05/02/2006,ITO,HI,AWP,WE,Combined TRACON& Tower with Radar,49,7,2,24,82,0,153,15,0,168,49,160,17,24,250,48,0,48,298
05/03/2006,ITO,HI,AWP,WE,Combined TRACON& Tower with Radar,49,15,4,4,72,0,102,24,0,126,49,117,28,4,198,42,0,42,240
05/04/2006,ITO,HI,AWP,WE,Combined TRACON& Tower with Radar,49,9,4,3,65,0,152,22,0,174,49,161,26,3,239,56,2,58,297
05/05/2006,ITO,HI,AWP,WE,Combined TRACON& Tower with Radar,57,21,1,2,81,0,24,12,1,37,57,45,13,3,118,10,0,10,128
05/06/2006,ITO,HI,AWP,WE,Combined TRACON& Tower with Radar,44,15,1,2,62,0,14,2,1,17,44,29,3,3,79,0,0,0,79
05/07/2006,ITO,HI,AWP,WE,Combined TRACON& Tower with Radar,42,14,2,6,64,0,8,1,2,11,42,22,3,8,75,2,2,4,79
05/08/2006,ITO,HI,AWP,WE,Combined TRACON& Tower with Radar,50,19,1,2,72,0,63,8,3,74,50,82,9,5,146,44,10,54,200
05/09/2006,ITO,HI,AWP,WE,Combined TRACON& Tower with Radar,50,15,4,20,89,0,88,13,0,101,50,103,17,20,190,42,6,48,238
05/10/2006,ITO,HI,AWP,WE,Combined TRACON& Tower with Radar,49,18,6,19,92,0,111,8,1,120,49,129,14,20,212,12,26,38,250
05/11/2006,ITO,HI,AWP,WE,Combined TRACON& Tower with Radar,51,17,4,17,89,0,99,26,1,126,51,116,30,18,215,50,20,70,285
05/12/2006,ITO,HI,AWP,WE,Combined TRACON& Tower with Radar,55,20,4,7,86,0,57,6,0,63,55,77,10,7,149,40,4,44,193
05/13/2006,ITO,HI,AWP,WE,Combined TRACON& Tower with Radar,45,5,4,2,56,0,115,24,0,139,45,120,28,2,195,42,8,50,245
05/14/2006,ITO,HI,AWP,WE,Combined TRACON& Tower with Radar,47,11,2,0,60,0,60,4,0,64,47,71,6,0,124,16,0,16,140
05/15/2006,ITO,HI,AWP,WE,Combined TRACON& Tower with Radar,50,21,1,20,92,0,15,6,0,21,50,36,7,20,113,10,30,40,153
05/16/2006,ITO,HI,AWP,WE,Combined TRACON& Tower with Radar,47,11,1,8,67,0,177,8,5,190,47,188,9,13,257,62,8,70,327
05/17/2006,ITO,HI,AWP,WE,Combined TRACON& Tower with Radar,49,14,1,12,76,0,130,11,1,142,49,144,12,13,218,76,10,86,304
05/18/2006,ITO,HI,AWP,WE,Combined TRACON& Tower with Radar,48,17,0,3,68,0,54,1,1,56,48,71,1,4,124,22,2,24,148
05/19/2006,ITO,HI,AWP,WE,Combined TRACON& Tower with Radar,51,24,2,4,81,0,90,18,2,110,51,114,20,6,191,44,0,44,235
05/20/2006,ITO,HI,AWP,WE,Combined TRACON& Tower with Radar,56,12,3,10,81,0,68,18,1,87,56,80,21,11,168,26,4,30,198
05/21/2006,ITO,HI,AWP,WE,Combined TRACON& Tower with Radar,6,11,0,0,17,0,114,13,1,128,6,125,13,1,145,50,0,50,195
05/22/2006,ITO,HI,AWP,WE,Combined TRACON& Tower with Radar,49,18,4,5,76,0,102,35,0,137,49,120,39,5,213,33,2,35,248
05/23/2006,ITO,HI,AWP,WE,Combined TRACON& Tower with Radar,50,11,2,6,69,0,110,41,4,155,50,121,43,10,224,44,9,53,277
05/24/2006,ITO,HI,AWP,WE,Combined TRACON& Tower with Radar,52,10,4,23,89,0,140,36,8,184,52,150,40,31,273,28,40,68,341
05/25/2006,ITO,HI,AWP,WE,Combined TRACON& Tower with Radar,53,17,8,12,90,0,101,18,5,124,53,118,26,17,214,34,22,56,270
05/26/2006,ITO,HI,AWP,WE,Combined TRACON& Tower with Radar,49,17,7,2,75,0,110,16,5,131,49,127,23,7,206,42,2,44,250
05/27/2006,ITO,HI,AWP,WE,Combined TRACON& Tower with Radar,42,10,2,3,57,0,112,27,4,143,42,122,29,7,200,22,8,30,230
05/28/2006,ITO,HI,AWP,WE,Combined TRACON& Tower with Radar,51,13,0,3,67,0,129,20,0,149,51,142,20,3,216,14,0,14,230
05/29/2006,ITO,HI,AWP,WE,Combined TRACON& Tower with Radar,47,12,3,4,66,0,107,20,3,130,47,119,23,7,196,16,6,22,218
05/30/2006,ITO,HI,AWP,WE,Combined TRACON& Tower with Radar,49,11,4,6,70,0,144,22,0,166,49,155,26,6,236,22,0,22,258
05/31/2006,ITO,HI,AWP,WE,Combined TRACON& Tower with Radar,49,13,5,3,70,0,147,19,3,169,49,160,24,6,239,24,8,32,271
06/01/2006,ITO,HI,AWP,WE,Combined TRACON& Tower with Radar,50,8,3,19,80,0,123,21,6,150,50,131,24,25,230,36,66,102,332
06/02/2006,ITO,HI,AWP,WE,Combined TRACON& Tower with Radar,51,17,4,11,83,0,115,13,1,129,51,132,17,12,212,18,6,24,236
06/03/2006,ITO,HI,AWP,WE,Combined TRACON& Tower with Radar,46,6,2,4,58,1,84,33,0,118,47,90,35,4,176,48,10,58,234
06/04/2006,ITO,HI,AWP,WE,Combined TRACON& Tower with Radar,48,3,1,4,56,0,136,16,2,154,48,139,17,6,210,18,0,18,228
06/05/2006,ITO,HI,AWP,WE,Combined TRACON& Tower with Radar,51,9,2,4,66,0,132,24,0,156,51,141,26,4,222,46,0,46,268
06/06/2006,ITO,HI,AWP,WE,Combined TRACON& Tower with Radar,46,18,5,6,75,0,150,13,7,170,46,168,18,13,245,26,50,76,321
06/07/2006,ITO,HI,AWP,WE,Combined TRACON& Tower with Radar,46,10,1,15,72,0,199,13,3,215,46,209,14,18,287,24,18,42,329
06/08/2006,ITO,HI,AWP,WE,Combined TRACON& Tower with Radar,50,14,4,19,87,0,122,31,12,165,50,136,35,31,252,20,46,66,318
06/09/2006,ITO,HI,AWP,WE,Combined TRACON& Tower with Radar,53,5,6,2,66,0,142,26,4,172,53,147,32,6,238,36,0,36,274
06/10/2006,ITO,HI,AWP,WE,Combined TRACON& Tower with Radar,46,8,1,8,63,0,81,22,5,108,46,89,23,13,171,38,16,54,225
06/11/2006,ITO,HI,AWP,WE,Combined TRACON& Tower with Radar,47,11,1,0,59,0,132,16,1,149,47,143,17,1,208,52,0,52,260
06/12/2006,ITO,HI,AWP,WE,Combined TRACON& Tower with Radar,50,7,4,10,71,0,126,19,0,145,50,133,23,10,216,28,6,34,250
06/13/2006,ITO,HI,AWP,WE,Combined TRACON& Tower with Radar,50,7,5,4,66,0,176,26,5,207,50,183,31,9,273,26,16,42,315
06/14/2006,ITO,HI,AWP,WE,Combined TRACON& Tower with Radar,6,19,5,7,37,40,158,26,18,242,46,177,31,25,279,22,14,36,315
06/15/2006,ITO,HI,AWP,WE,Combined TRACON& Tower with Radar,49,12,1,2,64,0,124,21,5,150,49,136,22,7,214,16,2,18,232
06/16/2006,ITO,HI,AWP,WE,Combined TRACON& Tower with Radar,53,13,4,1,71,0,131,26,0,157,53,144,30,1,228,28,0,28,256
06/17/2006,ITO,HI,AWP,WE,Combined TRACON& Tower with Radar,43,13,6,1,63,0,102,9,6,117,43,115,15,7,180,18,12,30,210
06/18/2006,ITO,HI,AWP,WE,Combined TRACON& Tower with Radar,46,10,7,0,63,0,143,13,0,156,46,153,20,0,219,28,0,28,247
06/19/2006,ITO,HI,AWP,WE,Combined TRACON& Tower with Radar,47,7,5,5,64,0,136,24,3,163,47,143,29,8,227,12,0,12,239
06/20/2006,ITO,HI,AWP,WE,Combined TRACON& Tower with Radar,49,6,8,16,79,0,179,23,3,205,49,185,31,19,284,34,18,52,336
06/21/2006,ITO,HI,AWP,WE,Combined TRACON& Tower with Radar,47,19,3,8,77,0,117,18,3,138,47,136,21,11,215,22,8,30,245
06/22/2006,ITO,HI,AWP,WE,Combined TRACON& Tower with Radar,46,13,7,24,90,0,170,38,0,208,46,183,45,24,298,70,16,86,384
06/23/2006,ITO,HI,AWP,WE,Combined TRACON& Tower with Radar,51,10,8,9,78,0,130,20,0,150,51,140,28,9,228,20,8,28,256
06/24/2006,ITO,HI,AWP,WE,Combined TRACON& Tower with Radar,46,14,1,0,61,0,107,13,0,120,46,121,14,0,181,50,0,50,231
06/25/2006,ITO,HI,AWP,WE,Combined TRACON& Tower with Radar,49,10,6,4,69,0,154,19,3,176,49,164,25,7,245,20,0,20,265
06/26/2006,ITO,HI,AWP,WE,Combined TRACON& Tower with Radar,50,7,1,10,68,0,136,18,0,154,50,143,19,10,222,46,13,59,281
06/27/2006,ITO,HI,AWP,WE,Combined TRACON& Tower with Radar,50,8,2,9,69,0,179,13,1,193,50,187,15,10,262,26,2,28,290
06/28/2006,ITO,HI,AWP,WE,Combined TRACON& Tower with Radar,51,13,3,8,75,0,186,18,2,206,51,199,21,10,281,36,14,50,331
06/29/2006,ITO,HI,AWP,WE,Combined TRACON& Tower with Radar,51,12,10,15,88,0,145,34,2,181,51,157,44,17,269,102,26,128,397
06/30/2006,ITO,HI,AWP,WE,Combined TRACON& Tower with Radar,53,24,5,0,82,0,149,23,2,174,53,173,28,2,256,44,0,44,300
07/01/2006,ITO,HI,AWP,WE,Combined TRACON& Tower with Radar,47,20,5,9,81,0,129,14,0,143,47,149,19,9,224,30,10,40,264
07/02/2006,ITO,HI,AWP,WE,Combined TRACON& Tower with Radar,60,2,8,0,70,0,193,16,0,209,60,195,24,0,279,26,0,26,305
07/03/2006,ITO,HI,AWP,WE,Combined TRACON& Tower with Radar,56,18,4,2,80,0,138,10,0,148,56,156,14,2,228,50,0,50,278
07/04/2006,ITO,HI,AWP,WE,Combined TRACON& Tower with Radar,49,23,4,0,76,0,147,8,0,155,49,170,12,0,231,24,0,24,255
07/05/2006,ITO,HI,AWP,WE,Combined TRACON& Tower with Radar,47,25,6,21,99,0,210,17,7,234,47,235,23,28,333,20,36,56,389
07/06/2006,ITO,HI,AWP,WE,Combined TRACON& Tower with Radar,51,16,2,6,75,0,167,36,1,204,51,183,38,7,279,92,2,94,373
07/07/2006,ITO,HI,AWP,WE,Combined TRACON& Tower with Radar,51,23,4,2,80,0,142,22,0,164,51,165,26,2,244,38,0,38,282
07/08/2006,ITO,HI,AWP,WE,Combined TRACON& Tower with Radar,46,25,3,2,76,0,105,6,0,111,46,130,9,2,187,20,0,20,207
07/09/2006,ITO,HI,AWP,WE,Combined TRACON& Tower with Radar,54,22,1,3,80,0,191,25,3,219,54,213,26,6,299,62,0,62,361
07/10/2006,ITO,HI,AWP,WE,Combined TRACON& Tower with Radar,55,23,3,16,97,0,168,20,8,196,55,191,23,24,293,54,12,66,359
07/11/2006,ITO,HI,AWP,WE,Combined TRACON& Tower with Radar,52,32,2,11,97,0,167,20,3,190,52,199,22,14,287,34,0,34,321
07/12/2006,ITO,HI,AWP,WE,Combined TRACON& Tower with Radar,53,23,5,19,100,0,167,34,0,201,53,190,39,19,301,106,32,138,439
07/13/2006,ITO,HI,AWP,WE,Combined TRACON& Tower with Radar,52,31,1,4,88,0,131,26,2,159,52,162,27,6,247,72,4,76,323
07/14/2006,ITO,HI,AWP,WE,Combined TRACON& Tower with Radar,56,31,2,3,92,0,128,11,0,139,56,159,13,3,231,64,2,66,297
07/15/2006,ITO,HI,AWP,WE,Combined TRACON& Tower with Radar,45,27,0,0,72,0,125,24,1,150,45,152,24,1,222,80,0,80,302
07/16/2006,ITO,HI,AWP,WE,Combined TRACON& Tower with Radar,49,20,1,0,70,0,159,19,0,178,49,179,20,0,248,44,0,44,292
07/17/2006,ITO,HI,AWP,WE,Combined TRACON& Tower with Radar,68,26,5,9,108,0,115,33,0,148,68,141,38,9,256,84,6,90,346
07/18/2006,ITO,HI,AWP,WE,Combined TRACON& Tower with Radar,50,19,3,10,82,0,88,25,0,113,50,107,28,10,195,56,22,78,273
07/19/2006,ITO,HI,AWP,WE,Combined TRACON& Tower with Radar,52,25,0,18,95,0,197,14,6,217,52,222,14,24,312,34,44,78,390
07/20/2006,ITO,HI,AWP,WE,Combined TRACON& Tower with Radar,51,18,11,13,93,0,174,39,2,215,51,192,50,15,308,92,16,108,416
07/21/2006,ITO,HI,AWP,WE,Combined TRACON& Tower with Radar,55,21,4,14,94,0,161,15,4,180,55,182,19,18,274,30,6,36,310
07/22/2006,ITO,HI,AWP,WE,Combined TRACON& Tower with Radar,50,18,1,2,71,0,147,27,0,174,50,165,28,2,245,34,0,34,279
07/23/2006,ITO,HI,AWP,WE,Combined TRACON& Tower with Radar,44,31,6,0,81,0,126,22,1,149,44,157,28,1,230,26,0,26,256
07/24/2006,ITO,HI,AWP,WE,Combined TRACON& Tower with Radar,50,26,2,8,86,0,139,24,2,165,50,165,26,10,251,30,8,38,289
07/25/2006,ITO,HI,AWP,WE,Combined TRACON& Tower with Radar,54,24,3,17,98,0,203,22,9,234,54,227,25,26,332,38,26,64,396
07/26/2006,ITO,HI,AWP,WE,Combined TRACON& Tower with Radar,48,30,0,4,82,0,170,17,1,188,48,200,17,5,270,21,0,21,291
07/27/2006,ITO,HI,AWP,WE,Combined TRACON& Tower with Radar,50,25,7,3,85,0,168,19,9,196,50,193,26,12,281,20,30,50,331
07/28/2006,ITO,HI,AWP,WE,Combined TRACON& Tower with Radar,56,33,0,0,89,0,7,4,0,11,56,40,4,0,100,4,0,4,104
07/29/2006,ITO,HI,AWP,WE,Combined TRACON& Tower with Radar,45,31,3,0,79,0,0,0,0,0,45,31,3,0,79,10,0,10,89
07/30/2006,ITO,HI,AWP,WE,Combined TRACON& Tower with Radar,43,21,1,0,65,0,182,19,3,204,43,203,20,3,269,18,0,18,287
07/31/2006,ITO,HI,AWP,WE,Combined TRACON& Tower with Radar,54,20,0,2,76,0,164,32,0,196,54,184,32,2,272,32,6,38,310
08/01/2006,ITO,HI,AWP,WE,Combined TRACON& Tower with Radar,49,19,0,7,75,0,159,17,3,179,49,178,17,10,254,36,2,38,292
08/02/2006,ITO,HI,AWP,WE,Combined TRACON& Tower with Radar,55,21,1,13,90,0,172,30,7,209,55,193,31,20,299,12,26,38,337
08/03/2006,ITO,HI,AWP,WE,Combined TRACON& Tower with Radar,52,21,6,22,101,0,151,7,2,160,52,172,13,24,261,30,16,46,307
08/04/2006,ITO,HI,AWP,WE,Combined TRACON& Tower with Radar,49,21,3,14,87,0,142,11,6,159,49,163,14,20,246,26,14,40,286
08/05/2006,ITO,HI,AWP,WE,Combined TRACON& Tower with Radar,45,23,1,6,75,0,136,22,6,164,45,159,23,12,239,30,14,44,283
08/06/2006,ITO,HI,AWP,WE,Combined TRACON& Tower with Radar,47,31,0,2,80,0,20,0,0,20,47,51,0,2,100,8,0,8,108
08/07/2006,ITO,HI,AWP,WE,Combined TRACON& Tower with Radar,52,22,3,0,77,0,156,24,5,185,52,178,27,5,262,60,0,60,322
08/08/2006,ITO,HI,AWP,WE,Combined TRACON& Tower with Radar,54,21,1,8,84,0,179,14,22,215,54,200,15,30,299,14,8,22,321
08/09/2006,ITO,HI,AWP,WE,Combined TRACON& Tower with Radar,51,23,3,16,93,0,182,16,13,211,51,205,19,29,304,40,36,76,380
08/10/2006,ITO,HI,AWP,WE,Combined TRACON& Tower with Radar,51,22,7,16,96,0,176,28,15,219,51,198,35,31,315,44,22,66,381
08/11/2006,ITO,HI,AWP,WE,Combined TRACON& Tower with Radar,57,26,1,4,88,0,102,22,3,127,57,128,23,7,215,32,2,34,249
08/12/2006,ITO,HI,AWP,WE,Combined TRACON& Tower with Radar,0,0,0,0,0,47,153,18,0,218,47,153,18,0,218,26,0,26,244
08/13/2006,ITO,HI,AWP,WE,Combined TRACON& Tower with Radar,48,20,2,3,73,0,142,18,0,160,48,162,20,3,233,28,0,28,261
08/14/2006,ITO,HI,AWP,WE,Combined TRACON& Tower with Radar,52,25,2,14,93,0,112,23,7,142,52,137,25,21,235,30,22,52,287
08/15/2006,ITO,HI,AWP,WE,Combined TRACON& Tower with Radar,54,15,2,16,87,0,151,13,0,164,54,166,15,16,251,12,18,30,281
08/16/2006,ITO,HI,AWP,WE,Combined TRACON& Tower with Radar,52,30,3,3,88,0,161,21,2,184,52,191,24,5,272,34,14,48,320
08/17/2006,ITO,HI,AWP,WE,Combined TRACON& Tower with Radar,51,22,5,20,98,0,132,14,11,157,51,154,19,31,255,24,44,68,323
08/18/2006,ITO,HI,AWP,WE,Combined TRACON& Tower with Radar,58,31,2,1,92,0,57,12,2,71,58,88,14,3,163,32,0,32,195
08/19/2006,ITO,HI,AWP,WE,Combined TRACON& Tower with Radar,49,36,4,8,97,0,86,18,0,104,49,122,22,8,201,34,4,38,239
08/20/2006,ITO,HI,AWP,WE,Combined TRACON& Tower with Radar,44,21,3,1,69,0,175,16,0,191,44,196,19,1,260,52,0,52,312
08/21/2006,ITO,HI,AWP,WE,Combined TRACON& Tower with Radar,51,23,1,12,87,0,143,19,2,164,51,166,20,14,251,65,14,79,330
08/22/2006,ITO,HI,AWP,WE,Combined TRACON& Tower with Radar,51,25,2,9,87,0,150,27,0,177,51,175,29,9,264,24,14,38,302
08/23/2006,ITO,HI,AWP,WE,Combined TRACON& Tower with Radar,48,24,2,22,96,0,185,17,0,202,48,209,19,22,298,16,28,44,342
08/24/2006,ITO,HI,AWP,WE,Combined TRACON& Tower with Radar,51,18,4,13,86,0,150,53,2,205,51,168,57,15,291,50,18,68,359
08/25/2006,ITO,HI,AWP,WE,Combined TRACON& Tower with Radar,47,34,2,4,87,0,85,11,2,98,47,119,13,6,185,32,0,32,217
08/26/2006,ITO,HI,AWP,WE,Combined TRACON& Tower with Radar,0,0,0,0,0,45,132,30,9,216,45,132,30,9,216,48,8,56,272
08/27/2006,ITO,HI,AWP,WE,Combined TRACON& Tower with Radar,43,24,1,0,68,0,99,7,0,106,43,123,8,0,174,10,0,10,184
08/28/2006,ITO,HI,AWP,WE,Combined TRACON& Tower with Radar,49,31,3,0,83,0,121,18,0,139,49,152,21,0,222,16,0,16,238
08/29/2006,ITO,HI,AWP,WE,Combined TRACON& Tower with Radar,48,17,3,2,70,0,142,33,1,176,48,159,36,3,246,52,0,52,298
08/30/2006,ITO,HI,AWP,WE,Combined TRACON& Tower with Radar,49,35,3,22,109,0,146,33,2,181,49,181,36,24,290,66,10,76,366
08/31/2006,ITO,HI,AWP,WE,Combined TRACON& Tower with Radar,49,24,2,2,77,0,117,20,2,139,49,141,22,4,216,24,0,24,240
09/01/2006,ITO,HI,AWP,WE,Combined TRACON& Tower with Radar,44,138,26,0,208,0,0,0,0,0,44,138,26,0,208,76,0,76,284
09/02/2006,ITO,HI,AWP,WE,Combined TRACON& Tower with Radar,46,30,5,0,81,0,83,14,2,99,46,113,19,2,180,26,0,26,206
09/03/2006,ITO,HI,AWP,WE,Combined TRACON& Tower with Radar,43,22,5,0,70,0,143,22,0,165,43,165,27,0,235,32,0,32,267
09/04/2006,ITO,HI,AWP,WE,Combined TRACON& Tower with Radar,49,21,4,0,74,0,121,27,0,148,49,142,31,0,222,26,0,26,248
09/05/2006,ITO,HI,AWP,WE,Combined TRACON& Tower with Radar,63,20,0,10,93,0,165,29,4,198,63,185,29,14,291,34,18,52,343
09/06/2006,ITO,HI,AWP,WE,Combined TRACON& Tower with Radar,48,28,2,13,91,0,66,15,20,101,48,94,17,33,192,38,32,70,262
09/07/2006,ITO,HI,AWP,WE,Combined TRACON& Tower with Radar,52,22,3,34,111,0,119,11,14,144,52,141,14,48,255,28,48,76,331
09/08/2006,ITO,HI,AWP,WE,Combined TRACON& Tower with Radar,44,27,4,2,77,0,90,43,2,135,44,117,47,4,212,96,0,96,308
09/09/2006,ITO,HI,AWP,WE,Combined TRACON& Tower with Radar,39,27,5,2,73,0,80,32,0,112,39,107,37,2,185,28,0,28,213
09/10/2006,ITO,HI,AWP,WE,Combined TRACON& Tower with Radar,41,19,2,4,66,0,126,16,8,150,41,145,18,12,216,24,0,24,240
09/11/2006,ITO,HI,AWP,WE,Combined TRACON& Tower with Radar,55,27,2,6,90,0,84,22,3,109,55,111,24,9,199,34,0,34,233
09/12/2006,ITO,HI,AWP,WE,Combined TRACON& Tower with Radar,46,26,0,16,88,0,107,29,1,137,46,133,29,17,225,36,15,51,276
09/13/2006,ITO,HI,AWP,WE,Combined TRACON& Tower with Radar,46,27,2,4,79,0,146,19,9,174,46,173,21,13,253,42,16,58,311
09/14/2006,ITO,HI,AWP,WE,Combined TRACON& Tower with Radar,48,25,3,7,83,0,136,13,3,152,48,161,16,10,235,48,8,56,291
09/15/2006,ITO,HI,AWP,WE,Combined TRACON& Tower with Radar,43,37,17,5,102,0,98,10,11,119,43,135,27,16,221,34,14,48,269
09/16/2006,ITO,HI,AWP,WE,Combined TRACON& Tower with Radar,35,25,9,5,74,0,101,29,3,133,35,126,38,8,207,38,6,44,251
09/17/2006,ITO,HI,AWP,WE,Combined TRACON& Tower with Radar,43,20,4,2,69,0,151,13,0,164,43,171,17,2,233,27,10,37,270
09/18/2006,ITO,HI,AWP,WE,Combined TRACON& Tower with Radar,47,32,2,5,86,0,74,44,27,145,47,106,46,32,231,2,25,27,258
09/19/2006,ITO,HI,AWP,WE,Combined TRACON& Tower with Radar,45,25,4,6,80,0,135,25,25,185,45,160,29,31,265,66,16,82,347
09/20/2006,ITO,HI,AWP,WE,Combined TRACON& Tower with Radar,46,25,3,6,80,0,168,27,2,197,46,193,30,8,277,30,8,38,315
09/21/2006,ITO,HI,AWP,WE,Combined TRACON& Tower with Radar,52,18,4,0,74,0,117,17,1,135,52,135,21,1,209,28,0,28,237
09/22/2006,ITO,HI,AWP,WE,Combined TRACON& Tower with Radar,44,28,1,18,91,0,93,28,11,132,44,121,29,29,223,10,66,76,299
09/23/2006,ITO,HI,AWP,WE,Combined TRACON& Tower with Radar,43,19,0,0,62,0,105,21,0,126,43,124,21,0,188,40,0,40,228
09/24/2006,ITO,HI,AWP,WE,Combined TRACON& Tower with Radar,43,28,4,0,75,0,74,12,2,88,43,102,16,2,163,16,4,20,183
09/25/2006,ITO,HI,AWP,WE,Combined TRACON& Tower with Radar,48,30,3,3,84,0,36,7,1,44,48,66,10,4,128,6,0,6,134
09/26/2006,ITO,HI,AWP,WE,Combined TRACON& Tower with Radar,50,29,6,1,86,0,81,4,0,85,50,110,10,1,171,18,0,18,189
09/27/2006,ITO,HI,AWP,WE,Combined TRACON& Tower with Radar,55,27,0,1,83,0,158,24,4,186,55,185,24,5,269,54,0,54,323
09/28/2006,ITO,HI,AWP,WE,Combined TRACON& Tower with Radar,53,37,2,6,98,0,53,4,1,58,53,90,6,7,156,22,8,30,186
09/29/2006,ITO,HI,AWP,WE,Combined TRACON& Tower with Radar,44,42,5,2,93,0,23,0,0,23,44,65,5,2,116,9,0,9,125
09/30/2006,ITO,HI,AWP,WE,Combined TRACON& Tower with Radar,41,29,2,3,75,0,101,15,5,121,41,130,17,8,196,40,14,54,250
10/01/2006,ITO,HI,AWP,WE,Combined TRACON& Tower with Radar,40,24,1,0,65,0,126,17,1,144,40,150,18,1,209,12,0,12,221
10/02/2006,ITO,HI,AWP,WE,Combined TRACON& Tower with Radar,45,26,1,11,83,0,129,21,0,150,45,155,22,11,233,8,8,16,249
10/03/2006,ITO,HI,AWP,WE,Combined TRACON& Tower with Radar,51,25,2,10,88,0,130,18,4,152,51,155,20,14,240,50,18,68,308
10/04/2006,ITO,HI,AWP,WE,Combined TRACON& Tower with Radar,48,26,0,2,76,0,175,28,0,203,48,201,28,2,279,52,10,62,341
10/05/2006,ITO,HI,AWP,WE,Combined TRACON& Tower with Radar,47,37,3,19,106,0,43,10,1,54,47,80,13,20,160,14,18,32,192
10/06/2006,ITO,HI,AWP,WE,Combined TRACON& Tower with Radar,43,34,2,0,79,0,83,7,4,94,43,117,9,4,173,10,2,12,185
10/07/2006,ITO,HI,AWP,WE,Combined TRACON& Tower with Radar,44,28,2,4,78,0,148,30,11,189,44,176,32,15,267,42,40,82,349
10/08/2006,ITO,HI,AWP,WE,Combined TRACON& Tower with Radar,44,12,7,3,66,0,1888,26,3,1917,44,1900,33,6,1983,20,0,20,2003
10/09/2006,ITO,HI,AWP,WE,Combined TRACON& Tower with Radar,46,23,0,1,70,0,157,10,3,170,46,180,10,4,240,18,0,18,258
10/10/2006,ITO,HI,AWP,WE,Combined TRACON& Tower with Radar,50,25,1,15,91,0,160,20,16,196,50,185,21,31,287,14,43,57,344
10/11/2006,ITO,HI,AWP,WE,Combined TRACON& Tower with Radar,46,28,2,5,81,0,178,29,14,221,46,206,31,19,302,28,36,64,366
10/12/2006,ITO,HI,AWP,WE,Combined TRACON& Tower with Radar,44,25,1,11,81,0,142,20,11,173,44,167,21,22,254,30,20,50,304
10/13/2006,ITO,HI,AWP,WE,Combined TRACON& Tower with Radar,46,24,5,13,88,0,105,8,4,117,46,129,13,17,205,14,10,24,229
10/14/2006,ITO,HI,AWP,WE,Combined TRACON& Tower with Radar,46,24,2,4,76,0,80,22,5,107,46,104,24,9,183,20,10,30,213
10/15/2006,ITO,HI,AWP,WE,Combined TRACON& Tower with Radar,26,20,0,5,51,0,87,24,0,111,26,107,24,5,162,28,0,28,190
10/16/2006,ITO,HI,AWP,WE,Combined TRACON& Tower with Radar,44,28,4,5,81,0,55,10,2,67,44,83,14,7,148,14,4,18,166
10/17/2006,ITO,HI,AWP,WE,Combined TRACON& Tower with Radar,55,30,1,14,100,0,139,30,19,188,55,169,31,33,288,38,30,68,356
10/18/2006,ITO,HI,AWP,WE,Combined TRACON& Tower with Radar,42,28,3,19,92,0,137,29,14,180,42,165,32,33,272,14,8,22,294
10/19/2006,ITO,HI,AWP,WE,Combined TRACON& Tower with Radar,42,29,1,2,74,0,165,20,6,191,42,194,21,8,265,22,0,22,287
10/20/2006,ITO,HI,AWP,WE,Combined TRACON& Tower with Radar,44,40,3,3,90,0,87,14,4,105,44,127,17,7,195,24,16,40,235
10/21/2006,ITO,HI,AWP,WE,Combined TRACON& Tower with Radar,40,30,1,0,71,0,109,17,0,126,40,139,18,0,197,64,0,64,261
10/22/2006,ITO,HI,AWP,WE,Combined TRACON& Tower with Radar,39,29,1,0,69,0,98,15,0,113,39,127,16,0,182,8,0,8,190
10/23/2006,ITO,HI,AWP,WE,Combined TRACON& Tower with Radar,43,29,7,1,80,0,92,21,1,114,43,121,28,2,194,22,0,22,216
10/24/2006,ITO,HI,AWP,WE,Combined TRACON& Tower with Radar,51,27,3,12,93,0,156,14,5,175,51,183,17,17,268,24,30,54,322
10/25/2006,ITO,HI,AWP,WE,Combined TRACON& Tower with Radar,47,25,1,11,84,0,167,22,6,195,47,192,23,17,279,37,10,47,326
10/26/2006,ITO,HI,AWP,WE,Combined TRACON& Tower with Radar,46,27,3,10,86,0,153,30,0,183,46,180,33,10,269,28,12,40,309
10/27/2006,ITO,HI,AWP,WE,Combined TRACON& Tower with Radar,45,40,1,10,96,0,101,22,1,124,45,141,23,11,220,42,20,62,282
10/28/2006,ITO,HI,AWP,WE,Combined TRACON& Tower with Radar,40,30,4,6,80,0,128,11,2,141,40,158,15,8,221,30,8,38,259
10/29/2006,ITO,HI,AWP,WE,Combined TRACON& Tower with Radar,37,29,0,1,67,0,143,9,1,153,37,172,9,2,220,10,0,10,230
10/30/2006,ITO,HI,AWP,WE,Combined TRACON& Tower with Radar,46,36,13,7,102,0,5,5,0,10,46,41,18,7,112,4,0,4,116
10/31/2006,ITO,HI,AWP,WE,Combined TRACON& Tower with Radar,43,29,4,5,81,0,89,15,2,106,43,118,19,7,187,22,0,22,209
11/01/2006,ITO,HI,AWP,WE,Combined TRACON& Tower with Radar,44,28,5,12,89,0,110,5,3,118,44,138,10,15,207,24,8,32,239
11/02/2006,ITO,HI,AWP,WE,Combined TRACON& Tower with Radar,44,30,5,1,80,0,132,20,0,152,44,162,25,1,232,50,0,50,282
11/03/2006,ITO,HI,AWP,WE,Combined TRACON& Tower with Radar,47,24,4,16,91,0,85,11,4,100,47,109,15,20,191,20,4,24,215
11/04/2006,ITO,HI,AWP,WE,Combined TRACON& Tower with Radar,42,35,2,2,81,0,96,29,1,126,42,131,31,3,207,50,0,50,257
11/05/2006,ITO,HI,AWP,WE,Combined TRACON& Tower with Radar,43,25,1,3,72,0,137,16,0,153,43,162,17,3,225,32,0,32,257
11/06/2006,ITO,HI,AWP,WE,Combined TRACON& Tower with Radar,43,27,4,22,96,0,114,13,0,127,43,141,17,22,223,46,15,61,284
11/07/2006,ITO,HI,AWP,WE,Combined TRACON& Tower with Radar,41,29,3,7,80,0,170,38,3,211,41,199,41,10,291,62,16,78,369
11/08/2006,ITO,HI,AWP,WE,Combined TRACON& Tower with Radar,43,28,0,22,93,0,174,31,21,226,43,202,31,43,319,18,50,68,387
11/09/2006,ITO,HI,AWP,WE,Combined TRACON& Tower with Radar,50,21,1,16,88,0,148,18,0,166,50,169,19,16,254,28,12,40,294
11/10/2006,ITO,HI,AWP,WE,Combined TRACON& Tower with Radar,43,28,3,4,78,0,133,13,1,147,43,161,16,5,225,42,0,42,267
11/11/2006,ITO,HI,AWP,WE,Combined TRACON& Tower with Radar,39,25,6,0,70,0,117,26,0,143,39,142,32,0,213,60,0,60,273
11/12/2006,ITO,HI,AWP,WE,Combined TRACON& Tower with Radar,42,28,4,0,74,0,111,14,1,126,42,139,18,1,200,20,1,21,221
11/13/2006,ITO,HI,AWP,WE,Combined TRACON& Tower with Radar,41,28,2,1,72,0,81,6,3,90,41,109,8,4,162,8,0,8,170
11/14/2006,ITO,HI,AWP,WE,Combined TRACON& Tower with Radar,45,25,1,12,83,0,178,26,5,209,45,203,27,17,292,58,28,86,378
11/15/2006,ITO,HI,AWP,WE,Combined TRACON& Tower with Radar,45,25,1,3,74,0,176,12,13,201,45,201,13,16,275,10,12,22,297
11/16/2006,ITO,HI,AWP,WE,Combined TRACON& Tower with Radar,43,23,4,5,75,0,114,15,9,138,43,137,19,14,213,30,14,44,257
11/17/2006,ITO,HI,AWP,WE,Combined TRACON& Tower with Radar,48,30,5,7,90,0,88,15,1,104,48,118,20,8,194,14,0,14,208
11/18/2006,ITO,HI,AWP,WE,Combined TRACON& Tower with Radar,40,26,2,1,69,0,74,26,3,103,40,100,28,4,172,36,0,36,208
11/19/2006,ITO,HI,AWP,WE,Combined TRACON& Tower with Radar,50,25,0,3,78,0,149,19,0,168,50,174,19,3,246,12,0,12,258
11/20/2006,ITO,HI,AWP,WE,Combined TRACON& Tower with Radar,48,31,3,3,85,0,104,19,0,123,48,135,22,3,208,28,0,28,236
11/21/2006,ITO,HI,AWP,WE,Combined TRACON& Tower with Radar,51,32,1,30,114,0,155,27,6,188,51,187,28,36,302,31,16,47,349
11/22/2006,ITO,HI,AWP,WE,Combined TRACON& Tower with Radar,45,33,4,0,82,0,189,25,16,230,45,222,29,16,312,16,0,16,328
11/23/2006,ITO,HI,AWP,WE,Combined TRACON& Tower with Radar,42,23,3,0,68,0,88,19,1,108,42,111,22,1,176,20,0,20,196
11/24/2006,ITO,HI,AWP,WE,Combined TRACON& Tower with Radar,44,27,3,8,82,0,139,30,3,172,44,166,33,11,254,26,8,34,288
11/25/2006,ITO,HI,AWP,WE,Combined TRACON& Tower with Radar,39,32,5,0,76,0,102,22,0,124,39,134,27,0,200,28,0,28,228
11/26/2006,ITO,HI,AWP,WE,Combined TRACON& Tower with Radar,41,29,4,0,74,0,119,26,4,149,41,148,30,4,223,16,0,16,239
11/27/2006,ITO,HI,AWP,WE,Combined TRACON& Tower with Radar,43,24,8,9,84,0,0,0,0,0,43,24,8,9,84,8,12,20,104
11/28/2006,ITO,HI,AWP,WE,Combined TRACON& Tower with Radar,40,26,9,4,79,0,162,40,6,208,40,188,49,10,287,26,0,26,313
11/29/2006,ITO,HI,AWP,WE,Combined TRACON& Tower with Radar,41,28,3,30,102,0,166,33,8,207,41,194,36,38,309,58,48,106,415
11/30/2006,ITO,HI,AWP,WE,Combined TRACON& Tower with Radar,43,26,11,1,81,0,144,23,1,168,43,170,34,2,249,48,2,50,299
12/01/2006,ITO,HI,AWP,WE,Combined TRACON& Tower with Radar,42,49,6,10,107,0,37,6,2,45,42,86,12,12,152,22,2,24,176
12/02/2006,ITO,HI,AWP,WE,Combined TRACON& Tower with Radar,40,33,2,4,79,0,5,3,0,8,40,38,5,4,87,6,0,6,93
12/03/2006,ITO,HI,AWP,WE,Combined TRACON& Tower with Radar,36,28,3,10,77,0,83,9,0,92,36,111,12,10,169,34,0,34,203
12/04/2006,ITO,HI,AWP,WE,Combined TRACON& Tower with Radar,43,30,7,7,87,0,97,18,0,115,43,127,25,7,202,110,12,122,324
12/05/2006,ITO,HI,AWP,WE,Combined TRACON& Tower with Radar,45,25,2,10,82,0,131,16,2,149,45,156,18,12,231,51,6,57,288
12/06/2006,ITO,HI,AWP,WE,Combined TRACON& Tower with Radar,41,28,2,10,81,0,133,21,3,157,41,161,23,13,238,50,10,60,298
12/07/2006,ITO,HI,AWP,WE,Combined TRACON& Tower with Radar,45,24,3,3,75,0,122,17,11,150,45,146,20,14,225,72,12,84,309
12/08/2006,ITO,HI,AWP,WE,Combined TRACON& Tower with Radar,46,29,2,4,81,0,98,21,1,120,46,127,23,5,201,18,6,24,225
12/09/2006,ITO,HI,AWP,WE,Combined TRACON& Tower with Radar,39,24,1,2,66,0,69,6,0,75,39,93,7,2,141,24,0,24,165
12/10/2006,ITO,HI,AWP,WE,Combined TRACON& Tower with Radar,36,33,0,2,71,0,153,28,5,186,36,186,28,7,257,20,8,28,285
12/11/2006,ITO,HI,AWP,WE,Combined TRACON& Tower with Radar,40,29,2,0,71,0,129,12,8,149,40,158,14,8,220,12,19,31,251
12/12/2006,ITO,HI,AWP,WE,Combined TRACON& Tower with Radar,44,30,4,13,91,0,92,24,11,127,44,122,28,24,218,18,32,50,268
12/13/2006,ITO,HI,AWP,WE,Combined TRACON& Tower with Radar,45,30,2,6,83,0,121,12,4,137,45,151,14,10,220,26,20,46,266
12/14/2006,ITO,HI,AWP,WE,Combined TRACON& Tower with Radar,45,23,2,11,81,0,110,6,1,117,45,133,8,12,198,26,14,40,238
12/15/2006,ITO,HI,AWP,WE,Combined TRACON& Tower with Radar,43,38,4,12,97,0,50,7,0,57,43,88,11,12,154,18,16,34,188
12/16/2006,ITO,HI,AWP,WE,Combined TRACON& Tower with Radar,41,30,8,0,79,0,13,1,0,14,41,43,9,0,93,4,0,4,97
12/17/2006,ITO,HI,AWP,WE,Combined TRACON& Tower with Radar,36,29,6,1,72,0,127,27,1,155,36,156,33,2,227,16,0,16,243
12/18/2006,ITO,HI,AWP,WE,Combined TRACON& Tower with Radar,43,28,1,4,76,0,89,39,0,128,43,117,40,4,204,40,14,54,258
12/19/2006,ITO,HI,AWP,WE,Combined TRACON& Tower with Radar,43,28,3,7,81,0,134,24,3,161,43,162,27,10,242,38,0,38,280
12/20/2006,ITO,HI,AWP,WE,Combined TRACON& Tower with Radar,43,25,3,0,71,0,151,22,4,177,43,176,25,4,248,60,0,60,308
12/21/2006,ITO,HI,AWP,WE,Combined TRACON& Tower with Radar,43,24,4,10,81,0,130,16,0,146,43,154,20,10,227,34,16,50,277
12/22/2006,ITO,HI,AWP,WE,Combined TRACON& Tower with Radar,51,33,1,5,90,0,158,18,5,181,51,191,19,10,271,50,8,58,329
12/23/2006,ITO,HI,AWP,WE,Combined TRACON& Tower with Radar,40,28,2,0,70,0,128,20,0,148,40,156,22,0,218,73,0,73,291
12/24/2006,ITO,HI,AWP,WE,Combined TRACON& Tower with Radar,38,32,1,0,71,0,0,0,0,0,38,32,1,0,71,2,0,2,73
12/25/2006,ITO,HI,AWP,WE,Combined TRACON& Tower with Radar,35,17,0,0,52,0,26,7,0,33,35,43,7,0,85,0,0,0,85
12/26/2006,ITO,HI,AWP,WE,Combined TRACON& Tower with Radar,42,29,2,5,78,0,177,17,0,194,42,206,19,5,272,30,6,36,308
12/27/2006,ITO,HI,AWP,WE,Combined TRACON& Tower with Radar,47,29,5,2,83,0,146,22,12,180,47,175,27,14,263,40,30,70,333
12/28/2006,ITO,HI,AWP,WE,Combined TRACON& Tower with Radar,43,27,0,3,73,0,197,21,6,224,43,224,21,9,297,48,12,60,357
12/29/2006,ITO,HI,AWP,WE,Combined TRACON& Tower with Radar,49,39,2,10,100,0,171,16,15,202,49,210,18,25,302,46,36,82,384
12/30/2006,ITO,HI,AWP,WE,Combined TRACON& Tower with Radar,41,30,3,0,74,0,151,39,1,191,41,181,42,1,265,65,0,65,330
12/31/2006,ITO,HI,AWP,WE,Combined TRACON& Tower with Radar,36,26,4,0,66,0,150,20,2,172,36,176,24,2,238,8,0,8,246
01/01/2007,ITO,HI,AWP,WE,Combined TRACON& Tower with Radar,40,25,3,0,68,0,197,27,0,224,40,222,30,0,292,26,0,26,318
01/02/2007,ITO,HI,AWP,WE,Combined TRACON& Tower with Radar,45,33,5,0,83,0,157,14,0,171,45,190,19,0,254,16,0,16,270
01/03/2007,ITO,HI,AWP,WE,Combined TRACON& Tower with Radar,46,38,5,1,90,0,160,18,5,183,46,198,23,6,273,36,10,46,319
01/04/2007,ITO,HI,AWP,WE,Combined TRACON& Tower with Radar,57,28,11,18,114,0,140,18,4,162,57,168,29,22,276,64,12,76,352
01/05/2007,ITO,HI,AWP,WE,Combined TRACON& Tower with Radar,48,28,2,18,96,0,31,4,8,43,48,59,6,26,139,10,26,36,175
01/06/2007,ITO,HI,AWP,WE,Combined TRACON& Tower with Radar,39,34,5,7,85,0,63,15,2,80,39,97,20,9,165,14,6,20,185
01/07/2007,ITO,HI,AWP,WE,Combined TRACON& Tower with Radar,39,31,5,4,79,0,1,2,0,3,39,32,7,4,82,8,0,8,90
01/08/2007,ITO,HI,AWP,WE,Combined TRACON& Tower with Radar,43,26,1,28,98,0,126,23,22,171,43,152,24,50,269,12,52,64,333
01/09/2007,ITO,HI,AWP,WE,Combined TRACON& Tower with Radar,42,39,2,10,93,0,13,10,0,23,42,52,12,10,116,3,6,9,125
01/10/2007,ITO,HI,AWP,WE,Combined TRACON& Tower with Radar,43,39,3,19,104,0,110,27,28,165,43,149,30,47,269,43,22,65,334
01/11/2007,ITO,HI,AWP,WE,Combined TRACON& Tower with Radar,44,33,10,12,99,0,120,20,9,149,44,153,30,21,248,40,8,48,296
01/12/2007,ITO,HI,AWP,WE,Combined TRACON& Tower with Radar,46,25,4,11,86,0,121,10,0,131,46,146,14,11,217,20,4,24,241
01/13/2007,ITO,HI,AWP,WE,Combined TRACON& Tower with Radar,42,25,1,2,70,0,90,15,2,107,42,115,16,4,177,14,0,14,191
01/14/2007,ITO,HI,AWP,WE,Combined TRACON& Tower with Radar,36,27,7,2,72,0,158,16,2,176,36,185,23,4,248,56,0,56,304
01/15/2007,ITO,HI,AWP,WE,Combined TRACON& Tower with Radar,45,20,5,4,74,0,158,26,13,197,45,178,31,17,271,42,0,42,313
01/16/2007,ITO,HI,AWP,WE,Combined TRACON& Tower with Radar,45,32,1,9,87,0,157,17,22,196,45,189,18,31,283,34,18,52,335
01/17/2007,ITO,HI,AWP,WE,Combined TRACON& Tower with Radar,47,26,2,6,81,0,142,32,18,192,47,168,34,24,273,46,44,90,363
01/18/2007,ITO,HI,AWP,WE,Combined TRACON& Tower with Radar,46,25,1,1,73,0,112,44,12,168,46,137,45,13,241,40,2,42,283
01/19/2007,ITO,HI,AWP,WE,Combined TRACON& Tower with Radar,44,32,2,18,96,0,92,32,21,145,44,124,34,39,241,20,64,84,325
01/20/2007,ITO,HI,AWP,WE,Combined TRACON& Tower with Radar,41,29,1,5,76,0,82,22,2,106,41,111,23,7,182,30,2,32,214
01/21/2007,ITO,HI,AWP,WE,Combined TRACON& Tower with Radar,37,34,0,0,71,0,107,22,0,129,37,141,22,0,200,32,0,32,232
01/22/2007,ITO,HI,AWP,WE,Combined TRACON& Tower with Radar,45,28,1,20,94,0,129,37,18,184,45,157,38,38,278,34,42,76,354
01/23/2007,ITO,HI,AWP,WE,Combined TRACON& Tower with Radar,42,31,3,4,80,0,135,32,16,183,42,166,35,20,263,75,28,103,366
01/24/2007,ITO,HI,AWP,WE,Combined TRACON& Tower with Radar,48,23,2,7,80,0,129,25,16,170,48,152,27,23,250,44,22,66,316
01/25/2007,ITO,HI,AWP,WE,Combined TRACON& Tower with Radar,52,25,3,7,87,0,106,21,9,136,52,131,24,16,223,38,20,58,281
01/26/2007,ITO,HI,AWP,WE,Combined TRACON& Tower with Radar,43,29,0,2,74,0,85,39,9,133,43,114,39,11,207,56,2,58,265
01/27/2007,ITO,HI,AWP,WE,Combined TRACON& Tower with Radar,41,27,0,1,69,0,82,20,0,102,41,109,20,1,171,8,0,8,179
01/28/2007,ITO,HI,AWP,WE,Combined TRACON& Tower with Radar,41,25,1,0,67,0,126,16,4,146,41,151,17,4,213,38,0,38,251
01/29/2007,ITO,HI,AWP,WE,Combined TRACON& Tower with Radar,46,27,2,12,87,0,96,24,7,127,46,123,26,19,214,30,54,84,298
01/30/2007,ITO,HI,AWP,WE,Combined TRACON& Tower with Radar,46,27,5,29,107,0,148,26,9,183,46,175,31,38,290,22,70,92,382
01/31/2007,ITO,HI,AWP,WE,Combined TRACON& Tower with Radar,45,24,6,13,88,0,130,23,22,175,45,154,29,35,263,50,40,90,353
02/01/2007,ITO,HI,AWP,WE,Combined TRACON& Tower with Radar,53,34,5,13,105,0,70,22,12,104,53,104,27,25,209,74,24,98,307
02/02/2007,ITO,HI,AWP,WE,Combined TRACON& Tower with Radar,47,33,3,8,91,0,102,13,6,121,47,135,16,14,212,34,10,44,256
02/03/2007,ITO,HI,AWP,WE,Combined TRACON& Tower with Radar,40,27,5,0,72,0,83,18,7,108,40,110,23,7,180,22,2,24,204
02/04/2007,ITO,HI,AWP,WE,Combined TRACON& Tower with Radar,41,26,1,0,68,0,124,33,7,164,41,150,34,7,232,32,4,36,268
02/05/2007,ITO,HI,AWP,WE,Combined TRACON& Tower with Radar,46,26,1,15,88,0,109,25,0,134,46,135,26,15,222,24,4,28,250
02/06/2007,ITO,HI,AWP,WE,Combined TRACON& Tower with Radar,44,24,1,21,90,0,136,24,4,164,44,160,25,25,254,22,46,68,322
02/07/2007,ITO,HI,AWP,WE,Combined TRACON& Tower with Radar,44,28,0,18,90,0,182,46,24,252,44,210,46,42,342,90,62,152,494
02/08/2007,ITO,HI,AWP,WE,Combined TRACON& Tower with Radar,44,34,10,0,88,0,43,17,3,63,44,77,27,3,151,16,4,20,171
02/09/2007,ITO,HI,AWP,WE,Combined TRACON& Tower with Radar,47,32,5,10,94,0,0,0,0,0,47,32,5,10,94,34,16,50,144
02/10/2007,ITO,HI,AWP,WE,Combined TRACON& Tower with Radar,40,25,2,4,71,0,93,28,4,125,40,118,30,8,196,56,0,56,252
02/11/2007,ITO,HI,AWP,WE,Combined TRACON& Tower with Radar,40,40,3,6,89,0,119,14,7,140,40,159,17,13,229,8,2,10,239
02/12/2007,ITO,HI,AWP,WE,Combined TRACON& Tower with Radar,48,31,6,2,87,0,133,21,4,158,48,164,27,6,245,66,8,74,319
02/13/2007,ITO,HI,AWP,WE,Combined TRACON& Tower with Radar,41,30,1,6,78,0,164,20,6,190,41,194,21,12,268,52,30,82,350
02/14/2007,ITO,HI,AWP,WE,Combined TRACON& Tower with Radar,44,28,2,3,77,0,162,23,13,198,44,190,25,16,275,34,51,85,360
02/15/2007,ITO,HI,AWP,WE,Combined TRACON& Tower with Radar,44,40,3,7,94,0,168,25,6,199,44,208,28,13,293,48,16,64,357
02/16/2007,ITO,HI,AWP,WE,Combined TRACON& Tower with Radar,43,35,5,0,83,0,107,17,6,130,43,142,22,6,213,34,42,76,289
02/17/2007,ITO,HI,AWP,WE,Combined TRACON& Tower with Radar,39,32,4,0,75,0,82,13,6,101,39,114,17,6,176,26,0,26,202
02/18/2007,ITO,HI,AWP,WE,Combined TRACON& Tower with Radar,38,31,8,2,79,0,144,18,7,169,38,175,26,9,248,36,12,48,296
02/19/2007,ITO,HI,AWP,WE,Combined TRACON& Tower with Radar,48,28,4,0,80,0,122,15,4,141,48,150,19,4,221,22,4,26,247
02/20/2007,ITO,HI,AWP,WE,Combined TRACON& Tower with Radar,46,28,5,1,80,0,153,22,18,193,46,181,27,19,273,26,8,34,307
02/21/2007,ITO,HI,AWP,WE,Combined TRACON& Tower with Radar,44,31,0,4,79,0,176,18,2,196,44,207,18,6,275,68,30,98,373
02/22/2007,ITO,HI,AWP,WE,Combined TRACON& Tower with Radar,42,32,4,4,82,0,81,7,0,88,42,113,11,4,170,22,0,22,192
02/23/2007,ITO,HI,AWP,WE,Combined TRACON& Tower with Radar,44,35,3,8,90,0,108,14,5,127,44,143,17,13,217,26,22,48,265
02/24/2007,ITO,HI,AWP,WE,Combined TRACON& Tower with Radar,40,32,1,3,76,0,133,8,1,142,40,165,9,4,218,44,8,52,270
02/25/2007,ITO,HI,AWP,WE,Combined TRACON& Tower with Radar,38,28,2,0,68,0,112,10,2,124,38,140,12,2,192,26,0,26,218
02/26/2007,ITO,HI,AWP,WE,Combined TRACON& Tower with Radar,47,32,3,3,85,0,132,11,1,144,47,164,14,4,229,30,2,32,261
02/27/2007,ITO,HI,AWP,WE,Combined TRACON& Tower with Radar,46,30,3,3,82,0,121,18,6,145,46,151,21,9,227,36,16,52,279
02/28/2007,ITO,HI,AWP,WE,Combined TRACON& Tower with Radar,45,40,5,13,103,0,52,6,1,59,45,92,11,14,162,31,14,45,207
03/01/2007,ITO,HI,AWP,WE,Combined TRACON& Tower with Radar,49,35,3,10,97,0,91,17,13,121,49,126,20,23,218,64,16,80,298
03/02/2007,ITO,HI,AWP,WE,Combined TRACON& Tower with Radar,43,32,24,37,136,0,115,0,0,115,43,147,24,37,251,30,48,78,329
03/03/2007,ITO,HI,AWP,WE,Combined TRACON& Tower with Radar,41,108,11,16,176,0,0,0,0,0,41,108,11,16,176,28,2,30,206
03/04/2007,ITO,HI,AWP,WE,Combined TRACON& Tower with Radar,37,30,2,4,73,0,153,17,2,172,37,183,19,6,245,20,0,20,265
03/05/2007,ITO,HI,AWP,WE,Combined TRACON& Tower with Radar,45,33,2,3,83,0,121,27,10,158,45,154,29,13,241,52,28,80,321
03/06/2007,ITO,HI,AWP,WE,Combined TRACON& Tower with Radar,46,23,1,9,79,0,150,36,7,193,46,173,37,16,272,35,32,67,339
03/07/2007,ITO,HI,AWP,WE,Combined TRACON& Tower with Radar,44,23,0,11,78,0,180,26,26,232,44,203,26,37,310,20,40,60,370
03/08/2007,ITO,HI,AWP,WE,Combined TRACON& Tower with Radar,44,23,2,16,85,0,128,17,13,158,44,151,19,29,243,47,24,71,314
03/09/2007,ITO,HI,AWP,WE,Combined TRACON& Tower with Radar,44,34,1,13,92,0,116,18,6,140,44,150,19,19,232,56,4,60,292
03/10/2007,ITO,HI,AWP,WE,Combined TRACON& Tower with Radar,37,32,1,3,73,0,88,6,8,102,37,120,7,11,175,44,0,44,219
03/11/2007,ITO,HI,AWP,WE,Combined TRACON& Tower with Radar,38,35,1,4,78,0,154,15,5,174,38,189,16,9,252,58,0,58,310
03/12/2007,ITO,HI,AWP,WE,Combined TRACON& Tower with Radar,49,31,4,12,96,0,96,21,3,120,49,127,25,15,216,54,8,62,278
03/13/2007,ITO,HI,AWP,WE,Combined TRACON& Tower with Radar,49,37,3,19,108,0,132,28,32,192,49,169,31,51,300,42,70,112,412
03/14/2007,ITO,HI,AWP,WE,Combined TRACON& Tower with Radar,46,37,8,4,95,0,115,30,4,149,46,152,38,8,244,38,0,38,282
03/15/2007,ITO,HI,AWP,WE,Combined TRACON& Tower with Radar,46,30,12,24,112,0,120,10,13,143,46,150,22,37,255,42,52,94,349
03/16/2007,ITO,HI,AWP,WE,Combined TRACON& Tower with Radar,51,38,0,0,89,0,115,41,3,159,51,153,41,3,248,53,0,53,301
03/17/2007,ITO,HI,AWP,WE,Combined TRACON& Tower with Radar,43,28,2,2,75,0,135,34,2,171,43,163,36,4,246,52,0,52,298
03/18/2007,ITO,HI,AWP,WE,Combined TRACON& Tower with Radar,38,34,32,2,106,0,111,0,0,111,38,145,32,2,217,28,0,28,245
03/19/2007,ITO,HI,AWP,WE,Combined TRACON& Tower with Radar,45,163,26,21,255,0,0,0,0,0,45,163,26,21,255,26,8,34,289
03/20/2007,ITO,HI,AWP,WE,Combined TRACON& Tower with Radar,47,34,0,1,82,0,124,14,27,165,47,158,14,28,247,26,27,53,300
03/21/2007,ITO,HI,AWP,WE,Combined TRACON& Tower with Radar,48,31,4,10,93,0,150,36,5,191,48,181,40,15,284,22,20,42,326
03/22/2007,ITO,HI,AWP,WE,Combined TRACON& Tower with Radar,44,36,13,9,102,0,24,8,4,36,44,60,21,13,138,6,18,24,162
03/23/2007,ITO,HI,AWP,WE,Combined TRACON& Tower with Radar,50,31,1,0,82,0,70,13,5,88,50,101,14,5,170,10,0,10,180
03/24/2007,ITO,HI,AWP,WE,Combined TRACON& Tower with Radar,41,30,0,4,75,0,39,8,0,47,41,69,8,4,122,10,0,10,132
03/25/2007,ITO,HI,AWP,WE,Combined TRACON& Tower with Radar,38,29,2,1,70,0,120,11,3,134,38,149,13,4,204,30,2,32,236
03/26/2007,ITO,HI,AWP,WE,Combined TRACON& Tower with Radar,47,38,2,0,87,0,123,13,0,136,47,161,15,0,223,20,0,20,243
03/27/2007,ITO,HI,AWP,WE,Combined TRACON& Tower with Radar,46,22,0,17,85,0,176,23,12,211,46,198,23,29,296,34,21,55,351
03/28/2007,ITO,HI,AWP,WE,Combined TRACON& Tower with Radar,45,26,2,8,81,0,146,19,8,173,45,172,21,16,254,28,14,42,296
03/29/2007,ITO,HI,AWP,WE,Combined TRACON& Tower with Radar,50,28,3,14,95,0,125,20,20,165,50,153,23,34,260,52,28,80,340
03/30/2007,ITO,HI,AWP,WE,Combined TRACON& Tower with Radar,49,34,4,1,88,0,84,29,3,116,49,118,33,4,204,26,2,28,232
03/31/2007,ITO,HI,AWP,WE,Combined TRACON& Tower with Radar,42,30,1,1,74,0,103,18,4,125,42,133,19,5,199,16,0,16,215
04/01/2007,ITO,HI,AWP,WE,Combined TRACON& Tower with Radar,41,35,21,0,97,0,124,0,0,124,41,159,21,0,221,38,0,38,259
04/02/2007,ITO,HI,AWP,WE,Combined TRACON& Tower with Radar,41,39,2,9,91,0,122,5,15,142,41,161,7,24,233,26,34,60,293
04/03/2007,ITO,HI,AWP,WE,Combined TRACON& Tower with Radar,44,20,3,14,81,0,152,24,2,178,44,172,27,16,259,42,10,52,311
04/04/2007,ITO,HI,AWP,WE,Combined TRACON& Tower with Radar,43,31,5,8,87,0,177,26,4,207,43,208,31,12,294,20,8,28,322
04/05/2007,ITO,HI,AWP,WE,Combined TRACON& Tower with Radar,46,27,10,10,93,0,131,20,3,154,46,158,30,13,247,28,10,38,285
04/06/2007,ITO,HI,AWP,WE,Combined TRACON& Tower with Radar,50,34,0,4,88,0,123,20,1,144,50,157,20,5,232,20,0,20,252
04/07/2007,ITO,HI,AWP,WE,Combined TRACON& Tower with Radar,42,25,3,0,70,0,84,19,1,104,42,109,22,1,174,17,0,17,191
04/08/2007,ITO,HI,AWP,WE,Combined TRACON& Tower with Radar,40,25,3,0,68,0,115,30,0,145,40,140,33,0,213,24,0,24,237
04/09/2007,ITO,HI,AWP,WE,Combined TRACON& Tower with Radar,44,28,11,11,94,0,119,0,0,119,44,147,11,11,213,32,0,32,245
04/10/2007,ITO,HI,AWP,WE,Combined TRACON& Tower with Radar,46,33,1,5,85,0,137,24,3,164,46,170,25,8,249,26,0,26,275
04/11/2007,ITO,HI,AWP,WE,Combined TRACON& Tower with Radar,43,33,2,0,78,7,174,26,0,207,50,207,28,0,285,22,0,22,307
04/12/2007,ITO,HI,AWP,WE,Combined TRACON& Tower with Radar,43,28,0,12,83,0,95,8,8,111,43,123,8,20,194,8,10,18,212
04/13/2007,ITO,HI,AWP,WE,Combined TRACON& Tower with Radar,49,34,4,5,92,0,117,26,6,149,49,151,30,11,241,40,8,48,289
04/14/2007,ITO,HI,AWP,WE,Combined TRACON& Tower with Radar,42,29,4,6,81,0,83,21,7,111,42,112,25,13,192,16,10,26,218
04/15/2007,ITO,HI,AWP,WE,Combined TRACON& Tower with Radar,52,32,23,5,112,0,0,0,0,0,52,32,23,5,112,32,0,32,144
04/16/2007,ITO,HI,AWP,WE,Combined TRACON& Tower with Radar,45,32,0,7,84,0,96,3,7,106,45,128,3,14,190,20,22,42,232
04/17/2007,ITO,HI,AWP,WE,Combined TRACON& Tower with Radar,45,43,12,0,100,0,105,19,0,124,45,148,31,0,224,40,2,42,266
04/18/2007,ITO,HI,AWP,WE,Combined TRACON& Tower with Radar,44,30,3,20,97,0,77,3,3,83,44,107,6,23,180,42,10,52,232
04/19/2007,ITO,HI,AWP,WE,Combined TRACON& Tower with Radar,37,26,22,10,95,0,88,0,0,88,37,114,22,10,183,24,8,32,215
04/20/2007,ITO,HI,AWP,WE,Combined TRACON& Tower with Radar,45,26,1,0,72,0,140,27,0,167,45,166,28,0,239,28,0,28,267
04/21/2007,ITO,HI,AWP,WE,Combined TRACON& Tower with Radar,42,28,1,0,71,0,102,25,0,127,42,130,26,0,198,22,0,22,220
04/22/2007,ITO,HI,AWP,WE,Combined TRACON& Tower with Radar,50,25,15,0,90,0,106,0,0,106,50,131,15,0,196,32,0,32,228
04/23/2007,ITO,HI,AWP,WE,Combined TRACON& Tower with Radar,47,27,27,16,117,0,101,0,0,101,47,128,27,16,218,32,22,54,272
04/24/2007,ITO,HI,AWP,WE,Combined TRACON& Tower with Radar,45,29,3,16,93,0,171,28,19,218,45,200,31,35,311,26,76,102,413
04/25/2007,ITO,HI,AWP,WE,Combined TRACON& Tower with Radar,46,32,27,10,115,0,124,0,0,124,46,156,27,10,239,22,8,30,269
04/26/2007,ITO,HI,AWP,WE,Combined TRACON& Tower with Radar,48,34,9,11,102,0,114,32,9,155,48,148,41,20,257,24,8,32,289
04/27/2007,ITO,HI,AWP,WE,Combined TRACON& Tower with Radar,44,36,1,10,91,0,89,13,0,102,44,125,14,10,193,34,10,44,237
04/28/2007,ITO,HI,AWP,WE,Combined TRACON& Tower with Radar,46,31,4,0,81,0,91,15,0,106,46,122,19,0,187,22,0,22,209
04/29/2007,ITO,HI,AWP,WE,Combined TRACON& Tower with Radar,39,28,21,1,89,0,112,0,0,112,39,140,21,1,201,24,0,24,225
04/30/2007,ITO,HI,AWP,WE,Combined TRACON& Tower with Radar,44,34,21,7,106,0,97,0,0,97,44,131,21,7,203,0,0,0,203
05/01/2007,ITO,HI,AWP,WE,Combined TRACON& Tower with Radar,45,34,1,9,89,0,112,14,2,128,45,146,15,11,217,14,8,22,239
05/02/2007,ITO,HI,AWP,WE,Combined TRACON& Tower with Radar,44,31,5,13,93,0,128,16,19,163,44,159,21,32,256,32,8,40,296
05/03/2007,ITO,HI,AWP,WE,Combined TRACON& Tower with Radar,47,28,0,17,92,0,173,17,6,196,47,201,17,23,288,28,38,66,354
05/04/2007,ITO,HI,AWP,WE,Combined TRACON& Tower with Radar,44,30,1,3,78,0,99,15,8,122,44,129,16,11,200,12,0,12,212
05/05/2007,ITO,HI,AWP,WE,Combined TRACON& Tower with Radar,41,27,1,2,71,0,106,17,1,124,41,133,18,3,195,22,0,22,217
05/06/2007,ITO,HI,AWP,WE,Combined TRACON& Tower with Radar,39,32,0,5,76,0,126,23,5,154,39,158,23,10,230,30,0,30,260
05/07/2007,ITO,HI,AWP,WE,Combined TRACON& Tower with Radar,43,31,21,7,102,0,110,0,0,110,43,141,21,7,212,22,1,23,235
05/08/2007,ITO,HI,AWP,WE,Combined TRACON& Tower with Radar,50,24,1,0,75,0,138,20,2,160,50,162,21,2,235,37,0,37,272
05/09/2007,ITO,HI,AWP,WE,Combined TRACON& Tower with Radar,46,31,0,5,82,0,103,18,0,121,46,134,18,5,203,28,0,28,231
05/10/2007,ITO,HI,AWP,WE,Combined TRACON& Tower with Radar,40,27,16,2,85,0,147,15,5,167,40,174,31,7,252,46,4,50,302
05/11/2007,ITO,HI,AWP,WE,Combined TRACON& Tower with Radar,46,30,3,1,80,0,83,20,1,104,46,113,23,2,184,12,0,12,196
05/12/2007,ITO,HI,AWP,WE,Combined TRACON& Tower with Radar,45,26,2,2,75,0,64,12,0,76,45,90,14,2,151,26,0,26,177
05/13/2007,ITO,HI,AWP,WE,Combined TRACON& Tower with Radar,39,30,1,1,71,0,130,23,0,153,39,160,24,1,224,30,0,30,254
05/14/2007,ITO,HI,AWP,WE,Combined TRACON& Tower with Radar,45,28,0,0,73,0,125,29,0,154,45,153,29,0,227,32,0,32,259
05/15/2007,ITO,HI,AWP,WE,Combined TRACON& Tower with Radar,45,30,2,9,86,0,111,21,3,135,45,141,23,12,221,48,11,59,280
05/16/2007,ITO,HI,AWP,WE,Combined TRACON& Tower with Radar,46,30,1,3,80,0,126,17,4,147,46,156,18,7,227,32,4,36,263
05/17/2007,ITO,HI,AWP,WE,Combined TRACON& Tower with Radar,46,38,1,8,93,0,97,21,3,121,46,135,22,11,214,68,14,82,296
05/18/2007,ITO,HI,AWP,WE,Combined TRACON& Tower with Radar,45,36,3,8,92,0,118,23,9,150,45,154,26,17,242,44,8,52,294
05/19/2007,ITO,HI,AWP,WE,Combined TRACON& Tower with Radar,42,34,1,19,96,0,54,15,6,75,42,88,16,25,171,16,38,54,225
05/20/2007,ITO,HI,AWP,WE,Combined TRACON& Tower with Radar,36,24,1,6,67,0,135,19,2,156,36,159,20,8,223,26,6,32,255
05/21/2007,ITO,HI,AWP,WE,Combined TRACON& Tower with Radar,44,34,8,4,90,0,85,10,1,96,44,119,18,5,186,24,2,26,212
05/22/2007,ITO,HI,AWP,WE,Combined TRACON& Tower with Radar,45,29,2,8,84,0,127,28,3,158,45,156,30,11,242,26,12,38,280
05/23/2007,ITO,HI,AWP,WE,Combined TRACON& Tower with Radar,45,35,14,25,119,0,134,0,6,140,45,169,14,31,259,24,33,57,316
05/24/2007,ITO,HI,AWP,WE,Combined TRACON& Tower with Radar,46,30,6,18,100,0,106,47,4,157,46,136,53,22,257,106,18,124,381
05/25/2007,ITO,HI,AWP,WE,Combined TRACON& Tower with Radar,41,38,3,3,85,0,88,27,8,123,41,126,30,11,208,80,12,92,300
05/26/2007,ITO,HI,AWP,WE,Combined TRACON& Tower with Radar,40,28,3,0,71,0,122,23,0,145,40,150,26,0,216,22,0,22,238
05/27/2007,ITO,HI,AWP,WE,Combined TRACON& Tower with Radar,35,27,0,0,62,0,153,22,1,176,35,180,22,1,238,48,1,49,287
05/28/2007,ITO,HI,AWP,WE,Combined TRACON& Tower with Radar,44,25,4,0,73,0,128,26,0,154,44,153,30,0,227,72,0,72,299
05/29/2007,ITO,HI,AWP,WE,Combined TRACON& Tower with Radar,43,29,7,9,88,0,147,25,0,172,43,176,32,9,260,38,16,54,314
05/30/2007,ITO,HI,AWP,WE,Combined TRACON& Tower with Radar,43,32,1,6,82,0,149,18,1,168,43,181,19,7,250,26,12,38,288
05/31/2007,ITO,HI,AWP,WE,Combined TRACON& Tower with Radar,43,30,6,0,79,0,139,17,0,156,43,169,23,0,235,48,0,48,283
06/01/2007,ITO,HI,AWP,WE,Combined TRACON& Tower with Radar,45,33,3,0,81,0,105,26,0,131,45,138,29,0,212,36,0,36,248
06/02/2007,ITO,HI,AWP,WE,Combined TRACON& Tower with Radar,41,31,3,0,75,0,107,22,0,129,41,138,25,0,204,20,0,20,224
06/03/2007,ITO,HI,AWP,WE,Combined TRACON& Tower with Radar,39,26,2,0,67,0,123,23,1,147,39,149,25,1,214,46,0,46,260
06/04/2007,ITO,HI,AWP,WE,Combined TRACON& Tower with Radar,42,28,1,1,72,0,124,50,1,175,42,152,51,2,247,34,4,38,285
06/05/2007,ITO,HI,AWP,WE,Combined TRACON& Tower with Radar,44,30,1,8,83,0,156,45,5,206,44,186,46,13,289,40,30,70,359
06/06/2007,ITO,HI,AWP,WE,Combined TRACON& Tower with Radar,45,29,1,19,94,0,123,27,5,155,45,152,28,24,249,34,32,66,315
06/07/2007,ITO,HI,AWP,WE,Combined TRACON& Tower with Radar,44,31,3,1,79,0,135,18,1,154,44,166,21,2,233,68,0,68,301
06/08/2007,ITO,HI,AWP,WE,Combined TRACON& Tower with Radar,45,28,0,3,76,0,85,8,1,94,45,113,8,4,170,14,14,28,198
06/09/2007,ITO,HI,AWP,WE,Combined TRACON& Tower with Radar,43,29,0,2,74,0,115,15,0,130,43,144,15,2,204,12,0,12,216
06/10/2007,ITO,HI,AWP,WE,Combined TRACON& Tower with Radar,37,31,0,2,70,0,117,17,0,134,37,148,17,2,204,16,0,16,220
06/11/2007,ITO,HI,AWP,WE,Combined TRACON& Tower with Radar,44,31,0,6,81,0,138,20,13,171,44,169,20,19,252,20,14,34,286
06/12/2007,ITO,HI,AWP,WE,Combined TRACON& Tower with Radar,48,33,2,3,86,0,117,12,1,130,48,150,14,4,216,14,2,16,232
06/13/2007,ITO,HI,AWP,WE,Combined TRACON& Tower with Radar,43,31,8,20,102,0,12,5,12,29,43,43,13,32,131,6,39,45,176
06/14/2007,ITO,HI,AWP,WE,Combined TRACON& Tower with Radar,45,27,5,16,93,0,113,16,0,129,45,140,21,16,222,10,20,30,252
06/15/2007,ITO,HI,AWP,WE,Combined TRACON& Tower with Radar,48,31,6,23,108,0,154,17,3,174,48,185,23,26,282,15,29,44,326
06/16/2007,ITO,HI,AWP,WE,Combined TRACON& Tower with Radar,45,34,9,0,88,0,4,9,0,13,45,38,18,0,101,14,0,14,115
06/17/2007,ITO,HI,AWP,WE,Combined TRACON& Tower with Radar,41,28,6,2,77,0,149,25,1,175,41,177,31,3,252,20,0,20,272
06/18/2007,ITO,HI,AWP,WE,Combined TRACON& Tower with Radar,42,27,0,16,85,0,124,21,4,149,42,151,21,20,234,26,18,44,278
06/19/2007,ITO,HI,AWP,WE,Combined TRACON& Tower with Radar,46,28,0,3,77,0,152,31,0,183,46,180,31,3,260,44,12,56,316
06/20/2007,ITO,HI,AWP,WE,Combined TRACON& Tower with Radar,44,36,0,14,94,0,141,17,1,159,44,177,17,15,253,22,14,36,289
06/21/2007,ITO,HI,AWP,WE,Combined TRACON& Tower with Radar,48,27,10,3,88,0,138,19,0,157,48,165,29,3,245,24,4,28,273
06/22/2007,ITO,HI,AWP,WE,Combined TRACON& Tower with Radar,45,29,10,3,87,0,117,13,2,132,45,146,23,5,219,28,8,36,255
06/23/2007,ITO,HI,AWP,WE,Combined TRACON& Tower with Radar,43,25,0,0,68,0,104,15,0,119,43,129,15,0,187,42,0,42,229
06/24/2007,ITO,HI,AWP,WE,Combined TRACON& Tower with Radar,39,28,5,2,74,0,148,10,0,158,39,176,15,2,232,16,0,16,248
06/25/2007,ITO,HI,AWP,WE,Combined TRACON& Tower with Radar,45,29,3,10,87,0,100,17,9,126,45,129,20,19,213,42,26,68,281
06/26/2007,ITO,HI,AWP,WE,Combined TRACON& Tower with Radar,42,26,4,14,86,0,131,32,5,168,42,157,36,19,254,40,18,58,312
06/27/2007,ITO,HI,AWP,WE,Combined TRACON& Tower with Radar,43,39,2,7,91,0,122,16,0,138,43,161,18,7,229,20,10,30,259
06/28/2007,ITO,HI,AWP,WE,Combined TRACON& Tower with Radar,48,27,2,7,84,0,0,0,0,0,48,27,2,7,84,40,8,48,132
06/29/2007,ITO,HI,AWP,WE,Combined TRACON& Tower with Radar,46,35,7,4,92,0,90,20,2,112,46,125,27,6,204,70,4,74,278
06/30/2007,ITO,HI,AWP,WE,Combined TRACON& Tower with Radar,44,29,0,1,74,0,112,16,0,128,44,141,16,1,202,30,0,30,232
07/01/2007,ITO,HI,AWP,WE,Combined TRACON& Tower with Radar,40,29,2,0,71,0,139,27,2,168,40,168,29,2,239,16,0,16,255
07/02/2007,ITO,HI,AWP,WE,Combined TRACON& Tower with Radar,46,30,2,7,85,0,138,16,0,154,46,168,18,7,239,32,0,32,271
07/03/2007,ITO,HI,AWP,WE,Combined TRACON& Tower with Radar,44,31,1,5,81,0,122,12,1,135,44,153,13,6,216,32,12,44,260
07/04/2007,ITO,HI,AWP,WE,Combined TRACON& Tower with Radar,41,29,1,0,71,0,142,17,0,159,41,171,18,0,230,20,0,20,250
07/05/2007,ITO,HI,AWP,WE,Combined TRACON& Tower with Radar,43,28,1,3,75,0,130,28,0,158,43,158,29,3,233,19,0,19,252
07/06/2007,ITO,HI,AWP,WE,Combined TRACON& Tower with Radar,42,32,2,1,77,0,114,27,0,141,42,146,29,1,218,32,0,32,250
07/07/2007,ITO,HI,AWP,WE,Combined TRACON& Tower with Radar,44,30,0,2,76,0,110,18,0,128,44,140,18,2,204,38,0,38,242
07/08/2007,ITO,HI,AWP,WE,Combined TRACON& Tower with Radar,38,26,4,2,70,0,135,14,0,149,38,161,18,2,219,42,0,42,261
07/09/2007,ITO,HI,AWP,WE,Combined TRACON& Tower with Radar,50,34,1,24,109,0,102,12,3,117,50,136,13,27,226,18,22,40,266
07/10/2007,ITO,HI,AWP,WE,Combined TRACON& Tower with Radar,48,29,4,25,106,0,117,22,6,145,48,146,26,31,251,42,18,60,311
07/11/2007,ITO,HI,AWP,WE,Combined TRACON& Tower with Radar,47,31,3,19,100,0,107,13,6,126,47,138,16,25,226,16,26,42,268
07/12/2007,ITO,HI,AWP,WE,Combined TRACON& Tower with Radar,46,27,4,16,93,0,138,19,11,168,46,165,23,27,261,26,20,46,307
07/13/2007,ITO,HI,AWP,WE,Combined TRACON& Tower with Radar,43,29,1,24,97,0,81,12,4,97,43,110,13,28,194,3,34,37,231
07/14/2007,ITO,HI,AWP,WE,Combined TRACON& Tower with Radar,39,31,3,7,80,0,99,24,0,123,39,130,27,7,203,32,4,36,239
07/15/2007,ITO,HI,AWP,WE,Combined TRACON& Tower with Radar,42,29,2,4,77,0,107,18,1,126,42,136,20,5,203,18,8,26,229
07/16/2007,ITO,HI,AWP,WE,Combined TRACON& Tower with Radar,47,28,2,11,88,0,108,10,0,118,47,136,12,11,206,84,24,108,314
07/17/2007,ITO,HI,AWP,WE,Combined TRACON& Tower with Radar,45,28,1,5,79,0,143,21,5,169,45,171,22,10,248,18,6,24,272
07/18/2007,ITO,HI,AWP,WE,Combined TRACON& Tower with Radar,45,27,1,26,99,0,142,15,13,170,45,169,16,39,269,10,84,94,363
07/19/2007,ITO,HI,AWP,WE,Combined TRACON& Tower with Radar,46,30,9,7,92,0,138,21,3,162,46,168,30,10,254,40,20,60,314
07/20/2007,ITO,HI,AWP,WE,Combined TRACON& Tower with Radar,44,36,7,2,89,0,22,9,0,31,44,58,16,2,120,0,0,0,120
07/21/2007,ITO,HI,AWP,WE,Combined TRACON& Tower with Radar,46,29,2,1,78,0,15,13,0,28,46,44,15,1,106,14,0,14,120
07/22/2007,ITO,HI,AWP,WE,Combined TRACON& Tower with Radar,40,33,4,0,77,0,85,14,0,99,40,118,18,0,176,16,0,16,192
07/23/2007,ITO,HI,AWP,WE,Combined TRACON& Tower with Radar,47,30,2,6,85,0,123,18,0,141,47,153,20,6,226,10,78,88,314
07/24/2007,ITO,HI,AWP,WE,Combined TRACON& Tower with Radar,47,28,0,2,77,0,118,27,1,146,47,146,27,3,223,40,12,52,275
07/25/2007,ITO,HI,AWP,WE,Combined TRACON& Tower with Radar,43,29,4,0,76,0,171,29,0,200,43,200,33,0,276,46,0,46,322
07/26/2007,ITO,HI,AWP,WE,Combined TRACON& Tower with Radar,48,32,3,6,89,0,165,25,1,191,48,197,28,7,280,58,12,70,350
07/27/2007,ITO,HI,AWP,WE,Combined TRACON& Tower with Radar,48,31,1,11,91,0,116,23,1,140,48,147,24,12,231,30,8,38,269
07/28/2007,ITO,HI,AWP,WE,Combined TRACON& Tower with Radar,43,33,1,2,79,0,159,25,6,190,43,192,26,8,269,50,12,62,331
07/29/2007,ITO,HI,AWP,WE,Combined TRACON& Tower with Radar,38,161,31,2,232,0,0,0,0,0,38,161,31,2,232,48,0,48,280
07/30/2007,ITO,HI,AWP,WE,Combined TRACON& Tower with Radar,47,28,2,6,83,0,142,16,7,165,47,170,18,13,248,44,6,50,298
07/31/2007,ITO,HI,AWP,WE,Combined TRACON& Tower with Radar,46,29,4,4,83,0,128,14,0,142,46,157,18,4,225,17,12,29,254
08/01/2007,ITO,HI,AWP,WE,Combined TRACON& Tower with Radar,47,27,2,0,76,0,143,15,0,158,47,170,17,0,234,56,2,58,292
08/02/2007,ITO,HI,AWP,WE,Combined TRACON& Tower with Radar,45,29,3,1,78,0,145,32,4,181,45,174,35,5,259,22,0,22,281
08/03/2007,ITO,HI,AWP,WE,Combined TRACON& Tower with Radar,50,35,2,2,89,0,125,23,3,151,50,160,25,5,240,51,0,51,291
08/04/2007,ITO,HI,AWP,WE,Combined TRACON& Tower with Radar,43,33,5,18,99,0,165,23,6,194,43,198,28,24,293,15,20,35,328
08/05/2007,ITO,HI,AWP,WE,Combined TRACON& Tower with Radar,40,30,2,4,76,0,152,22,5,179,40,182,24,9,255,24,0,24,279
08/06/2007,ITO,HI,AWP,WE,Combined TRACON& Tower with Radar,45,27,1,0,73,0,175,13,0,188,45,202,14,0,261,20,0,20,281
08/07/2007,ITO,HI,AWP,WE,Combined TRACON& Tower with Radar,43,25,2,0,70,0,148,11,0,159,43,173,13,0,229,30,0,30,259
08/08/2007,ITO,HI,AWP,WE,Combined TRACON& Tower with Radar,44,28,3,2,77,0,145,13,2,160,44,173,16,4,237,28,0,28,265
08/09/2007,ITO,HI,AWP,WE,Combined TRACON& Tower with Radar,47,29,1,10,87,0,154,15,6,175,47,183,16,16,262,36,18,54,316
08/10/2007,ITO,HI,AWP,WE,Combined TRACON& Tower with Radar,46,32,1,4,83,0,140,26,1,167,46,172,27,5,250,8,2,10,260
08/11/2007,ITO,HI,AWP,WE,Combined TRACON& Tower with Radar,41,34,3,2,80,0,109,13,0,122,41,143,16,2,202,18,14,32,234
08/12/2007,ITO,HI,AWP,WE,Combined TRACON& Tower with Radar,41,33,1,9,84,0,181,19,3,203,41,214,20,12,287,38,0,38,325
08/13/2007,ITO,HI,AWP,WE,Combined TRACON& Tower with Radar,51,29,5,0,85,0,94,18,2,114,51,123,23,2,199,26,3,29,228
08/14/2007,ITO,HI,AWP,WE,Combined TRACON& Tower with Radar,47,29,1,0,77,0,0,6,0,6,47,29,7,0,83,3,0,3,86
08/15/2007,ITO,HI,AWP,WE,Combined TRACON& Tower with Radar,46,28,2,6,82,0,110,9,2,121,46,138,11,8,203,16,2,18,221
08/16/2007,ITO,HI,AWP,WE,Combined TRACON& Tower with Radar,0,0,0,0,0,54,193,29,5,281,54,193,29,5,281,20,24,44,325
08/17/2007,ITO,HI,AWP,WE,Combined TRACON& Tower with Radar,44,33,1,0,78,0,149,14,2,165,44,182,15,2,243,24,2,26,269
08/18/2007,ITO,HI,AWP,WE,Combined TRACON& Tower with Radar,40,28,1,4,73,0,134,12,1,147,40,162,13,5,220,28,6,34,254
08/19/2007,ITO,HI,AWP,WE,Combined TRACON& Tower with Radar,42,29,1,0,72,0,166,21,1,188,42,195,22,1,260,40,1,41,301
08/20/2007,ITO,HI,AWP,WE,Combined TRACON& Tower with Radar,46,29,1,1,77,0,94,6,0,100,46,123,7,1,177,48,0,48,225
08/21/2007,ITO,HI,AWP,WE,Combined TRACON& Tower with Radar,42,32,5,2,81,0,167,13,0,180,42,199,18,2,261,12,0,12,273
08/22/2007,ITO,HI,AWP,WE,Combined TRACON& Tower with Radar,45,29,4,8,86,0,194,19,0,213,45,223,23,8,299,20,28,48,347
08/23/2007,ITO,HI,AWP,WE,Combined TRACON& Tower with Radar,48,26,4,17,95,0,149,45,4,198,48,175,49,21,293,8,28,36,329
08/24/2007,ITO,HI,AWP,WE,Combined TRACON& Tower with Radar,48,28,4,5,85,0,147,21,3,171,48,175,25,8,256,32,10,42,298
08/25/2007,ITO,HI,AWP,WE,Combined TRACON& Tower with Radar,41,37,3,6,87,0,149,35,5,189,41,186,38,11,276,12,18,30,306
08/26/2007,ITO,HI,AWP,WE,Combined TRACON& Tower with Radar,45,32,4,0,81,0,144,16,1,161,45,176,20,1,242,26,0,26,268
08/27/2007,ITO,HI,AWP,WE,Combined TRACON& Tower with Radar,44,27,1,7,79,0,133,24,1,158,44,160,25,8,237,10,12,22,259
08/28/2007,ITO,HI,AWP,WE,Combined TRACON& Tower with Radar,47,26,4,12,89,0,150,28,4,182,47,176,32,16,271,36,24,60,331
08/29/2007,ITO,HI,AWP,WE,Combined TRACON& Tower with Radar,46,28,1,5,80,0,1923,25,0,1948,46,1951,26,5,2028,26,2,28,2056
08/30/2007,ITO,HI,AWP,WE,Combined TRACON& Tower with Radar,44,28,4,13,89,0,126,22,2,150,44,154,26,15,239,34,14,48,287
08/31/2007,ITO,HI,AWP,WE,Combined TRACON& Tower with Radar,47,29,0,2,78,0,142,17,0,159,47,171,17,2,237,20,0,20,257
09/01/2007,ITO,HI,AWP,WE,Combined TRACON& Tower with Radar,44,20,3,0,67,0,98,10,0,108,44,118,13,0,175,18,0,18,193
09/02/2007,ITO,HI,AWP,WE,Combined TRACON& Tower with Radar,43,25,2,1,71,0,183,24,0,207,43,208,26,1,278,30,0,30,308
09/03/2007,ITO,HI,AWP,WE,Combined TRACON& Tower with Radar,49,31,0,0,80,0,142,20,0,162,49,173,20,0,242,46,0,46,288
09/04/2007,ITO,HI,AWP,WE,Combined TRACON& Tower with Radar,45,27,5,2,79,0,130,57,1,188,45,157,62,3,267,22,10,32,299
09/05/2007,ITO,HI,AWP,WE,Combined TRACON& Tower with Radar,46,26,3,19,94,0,158,21,23,202,46,184,24,42,296,28,24,52,348
09/06/2007,ITO,HI,AWP,WE,Combined TRACON& Tower with Radar,45,26,3,6,80,0,133,27,4,164,45,159,30,10,244,50,8,58,302
09/07/2007,ITO,HI,AWP,WE,Combined TRACON& Tower with Radar,46,29,8,22,105,0,136,25,17,178,46,165,33,39,283,20,22,42,325
09/08/2007,ITO,HI,AWP,WE,Combined TRACON& Tower with Radar,43,25,4,5,77,0,88,15,1,104,43,113,19,6,181,20,0,20,201
09/09/2007,ITO,HI,AWP,WE,Combined TRACON& Tower with Radar,41,32,18,15,106,0,150,21,4,175,41,182,39,19,281,44,18,62,343
09/10/2007,ITO,HI,AWP,WE,Combined TRACON& Tower with Radar,58,28,14,4,104,0,136,66,1,203,58,164,80,5,307,32,0,32,339
09/11/2007,ITO,HI,AWP,WE,Combined TRACON& Tower with Radar,48,23,17,1,89,0,137,23,3,163,48,160,40,4,252,38,2,40,292
09/12/2007,ITO,HI,AWP,WE,Combined TRACON& Tower with Radar,47,39,1,1,88,0,133,22,0,155,47,172,23,1,243,64,0,64,307
09/13/2007,ITO,HI,AWP,WE,Combined TRACON& Tower with Radar,47,27,3,4,81,0,163,26,0,189,47,190,29,4,270,34,6,40,310
09/14/2007,ITO,HI,AWP,WE,Combined TRACON& Tower with Radar,45,31,1,7,84,0,121,20,0,141,45,152,21,7,225,36,16,52,277
09/15/2007,ITO,HI,AWP,WE,Combined TRACON& Tower with Radar,48,35,11,10,104,0,64,10,2,76,48,99,21,12,180,46,6,52,232
09/16/2007,ITO,HI,AWP,WE,Combined TRACON& Tower with Radar,0,0,0,0,0,38,206,23,3,270,38,206,23,3,270,36,0,36,306
09/17/2007,ITO,HI,AWP,WE,Combined TRACON& Tower with Radar,47,29,8,0,84,0,123,18,2,143,47,152,26,2,227,36,0,36,263
09/18/2007,ITO,HI,AWP,WE,Combined TRACON& Tower with Radar,46,28,4,7,85,0,139,21,1,161,46,167,25,8,246,16,2,18,264
09/19/2007,ITO,HI,AWP,WE,Combined TRACON& Tower with Radar,49,31,7,14,101,0,107,23,3,133,49,138,30,17,234,44,15,59,293
09/20/2007,ITO,HI,AWP,WE,Combined TRACON& Tower with Radar,54,27,3,9,93,0,107,21,4,132,54,134,24,13,225,44,6,50,275
09/21/2007,ITO,HI,AWP,WE,Combined TRACON& Tower with Radar,47,26,6,6,85,0,79,6,3,88,47,105,12,9,173,6,22,28,201
09/22/2007,ITO,HI,AWP,WE,Combined TRACON& Tower with Radar,42,26,3,0,71,0,104,18,0,122,42,130,21,0,193,34,0,34,227
09/23/2007,ITO,HI,AWP,WE,Combined TRACON& Tower with Radar,39,21,8,0,68,0,170,25,0,195,39,191,33,0,263,38,0,38,301
09/24/2007,ITO,HI,AWP,WE,Combined TRACON& Tower with Radar,46,27,2,0,75,0,139,23,1,163,46,166,25,1,238,66,0,66,304
09/25/2007,ITO,HI,AWP,WE,Combined TRACON& Tower with Radar,49,27,1,3,80,0,125,21,6,152,49,152,22,9,232,20,8,28,260
09/26/2007,ITO,HI,AWP,WE,Combined TRACON& Tower with Radar,48,31,10,7,96,0,144,11,1,156,48,175,21,8,252,34,12,46,298
09/27/2007,ITO,HI,AWP,WE,Combined TRACON& Tower with Radar,48,30,3,6,87,0,148,22,0,170,48,178,25,6,257,56,22,78,335
09/28/2007,ITO,HI,AWP,WE,Combined TRACON& Tower with Radar,45,35,7,2,89,0,86,11,0,97,45,121,18,2,186,34,0,34,220
09/29/2007,ITO,HI,AWP,WE,Combined TRACON& Tower with Radar,42,28,0,1,71,0,28,12,2,42,42,56,12,3,113,6,0,6,119
09/30/2007,ITO,HI,AWP,WE,Combined TRACON& Tower with Radar,30,28,0,0,58,9,150,14,0,173,39,178,14,0,231,16,0,16,247
10/01/2007,ITO,HI,AWP,WE,Combined TRACON& Tower with Radar,50,33,2,12,97,0,23,9,2,34,50,56,11,14,131,20,0,20,151
10/02/2007,ITO,HI,AWP,WE,Combined TRACON& Tower with Radar,47,24,2,2,75,0,127,20,0,147,47,151,22,2,222,20,2,22,244
10/03/2007,ITO,HI,AWP,WE,Combined TRACON& Tower with Radar,46,31,2,2,81,0,97,14,0,111,46,128,16,2,192,14,2,16,208
10/04/2007,ITO,HI,AWP,WE,Combined TRACON& Tower with Radar,45,30,5,19,99,0,122,2,0,124,45,152,7,19,223,20,46,66,289
10/05/2007,ITO,HI,AWP,WE,Combined TRACON& Tower with Radar,45,36,0,10,91,0,134,17,4,155,45,170,17,14,246,44,6,50,296
10/06/2007,ITO,HI,AWP,WE,Combined TRACON& Tower with Radar,47,31,4,0,82,0,130,10,2,142,47,161,14,2,224,8,2,10,234
10/07/2007,ITO,HI,AWP,WE,Combined TRACON& Tower with Radar,39,28,0,0,67,0,136,19,0,155,39,164,19,0,222,14,0,14,236
10/08/2007,ITO,HI,AWP,WE,Combined TRACON& Tower with Radar,43,28,3,0,74,0,176,24,0,200,43,204,27,0,274,48,0,48,322
10/09/2007,ITO,HI,AWP,WE,Combined TRACON& Tower with Radar,42,28,3,12,85,0,139,27,2,168,42,167,30,14,253,26,6,32,285
10/10/2007,ITO,HI,AWP,WE,Combined TRACON& Tower with Radar,48,23,8,5,84,0,151,10,7,168,48,174,18,12,252,30,12,42,294
10/11/2007,ITO,HI,AWP,WE,Combined TRACON& Tower with Radar,45,31,1,2,79,0,140,28,2,170,45,171,29,4,249,42,0,42,291
10/12/2007,ITO,HI,AWP,WE,Combined TRACON& Tower with Radar,45,26,0,2,73,0,105,18,3,126,45,131,18,5,199,18,0,18,217
10/13/2007,ITO,HI,AWP,WE,Combined TRACON& Tower with Radar,41,34,3,0,78,0,83,20,0,103,41,117,23,0,181,30,0,30,211
10/14/2007,ITO,HI,AWP,WE,Combined TRACON& Tower with Radar,38,23,3,7,71,0,150,7,4,161,38,173,10,11,232,69,20,89,321
10/15/2007,ITO,HI,AWP,WE,Combined TRACON& Tower with Radar,47,32,1,4,84,0,106,15,0,121,47,138,16,4,205,59,27,86,291
10/16/2007,ITO,HI,AWP,WE,Combined TRACON& Tower with Radar,44,29,5,2,80,0,84,14,1,99,44,113,19,3,179,14,0,14,193
10/17/2007,ITO,HI,AWP,WE,Combined TRACON& Tower with Radar,48,29,0,11,88,0,103,11,2,116,48,132,11,13,204,40,6,46,250
10/18/2007,ITO,HI,AWP,WE,Combined TRACON& Tower with Radar,47,21,2,19,89,0,129,19,4,152,47,150,21,23,241,50,20,70,311
10/19/2007,ITO,HI,AWP,WE,Combined TRACON& Tower with Radar,43,28,0,9,80,0,125,12,0,137,43,153,12,9,217,22,2,24,241
10/20/2007,ITO,HI,AWP,WE,Combined TRACON& Tower with Radar,42,24,1,0,67,0,131,12,3,146,42,155,13,3,213,34,0,34,247
10/21/2007,ITO,HI,AWP,WE,Combined TRACON& Tower with Radar,35,29,2,0,66,0,87,11,1,99,35,116,13,1,165,48,0,48,213
10/22/2007,ITO,HI,AWP,WE,Combined TRACON& Tower with Radar,47,27,1,4,79,0,106,32,0,138,47,133,33,4,217,16,10,26,243
10/23/2007,ITO,HI,AWP,WE,Combined TRACON& Tower with Radar,46,24,2,6,78,0,141,14,0,155,46,165,16,6,233,4,5,9,242
10/24/2007,ITO,HI,AWP,WE,Combined TRACON& Tower with Radar,44,31,3,18,96,0,90,14,0,104,44,121,17,18,200,21,16,37,237
10/25/2007,ITO,HI,AWP,WE,Combined TRACON& Tower with Radar,49,27,11,8,95,0,81,15,8,104,49,108,26,16,199,36,16,52,251
10/26/2007,ITO,HI,AWP,WE,Combined TRACON& Tower with Radar,46,28,5,0,79,0,98,13,4,115,46,126,18,4,194,4,0,4,198
10/27/2007,ITO,HI,AWP,WE,Combined TRACON& Tower with Radar,41,35,1,0,77,0,78,9,0,87,41,113,10,0,164,6,0,6,170
10/28/2007,ITO,HI,AWP,WE,Combined TRACON& Tower with Radar,33,26,19,1,79,0,34,0,0,34,33,60,19,1,113,18,0,18,131
10/29/2007,ITO,HI,AWP,WE,Combined TRACON& Tower with Radar,49,28,17,0,94,0,93,0,0,93,49,121,17,0,187,24,0,24,211
10/30/2007,ITO,HI,AWP,WE,Combined TRACON& Tower with Radar,47,25,7,2,81,0,106,12,0,118,47,131,19,2,199,28,2,30,229
10/31/2007,ITO,HI,AWP,WE,Combined TRACON& Tower with Radar,47,27,6,7,87,0,130,30,3,163,47,157,36,10,250,40,16,56,306
11/01/2007,ITO,HI,AWP,WE,Combined TRACON& Tower with Radar,48,22,5,9,84,0,123,20,6,149,48,145,25,15,233,58,6,64,297
11/02/2007,ITO,HI,AWP,WE,Combined TRACON& Tower with Radar,43,27,5,0,75,0,44,14,3,61,43,71,19,3,136,12,0,12,148
11/03/2007,ITO,HI,AWP,WE,Combined TRACON& Tower with Radar,46,25,1,2,74,0,97,12,1,110,46,122,13,3,184,24,0,24,208
11/04/2007,ITO,HI,AWP,WE,Combined TRACON& Tower with Radar,40,21,4,2,67,0,69,7,1,77,40,90,11,3,144,18,0,18,162
11/05/2007,ITO,HI,AWP,WE,Combined TRACON& Tower with Radar,47,23,3,0,73,0,90,11,0,101,47,113,14,0,174,2,0,2,176
11/06/2007,ITO,HI,AWP,WE,Combined TRACON& Tower with Radar,49,26,0,3,78,0,127,16,0,143,49,153,16,3,221,12,1,13,234
11/07/2007,ITO,HI,AWP,WE,Combined TRACON& Tower with Radar,46,30,4,4,84,0,73,13,0,86,46,103,17,4,170,42,0,42,212
11/08/2007,ITO,HI,AWP,WE,Combined TRACON& Tower with Radar,51,32,3,4,90,0,100,19,3,122,51,132,22,7,212,48,12,60,272
11/09/2007,ITO,HI,AWP,WE,Combined TRACON& Tower with Radar,51,34,3,7,95,0,118,18,0,136,51,152,21,7,231,74,18,92,323
11/10/2007,ITO,HI,AWP,WE,Combined TRACON& Tower with Radar,45,28,2,0,75,0,107,15,0,122,45,135,17,0,197,44,0,44,241
11/11/2007,ITO,HI,AWP,WE,Combined TRACON& Tower with Radar,37,26,1,5,69,0,118,20,1,139,37,144,21,6,208,22,8,30,238
11/12/2007,ITO,HI,AWP,WE,Combined TRACON& Tower with Radar,46,29,1,1,77,0,115,12,0,127,46,144,13,1,204,20,0,20,224
11/13/2007,ITO,HI,AWP,WE,Combined TRACON& Tower with Radar,49,30,2,7,88,0,83,23,0,106,49,113,25,7,194,22,12,34,228
11/14/2007,ITO,HI,AWP,WE,Combined TRACON& Tower with Radar,45,30,3,13,91,0,118,28,3,149,45,148,31,16,240,86,2,88,328
11/15/2007,ITO,HI,AWP,WE,Combined TRACON& Tower with Radar,53,27,3,13,96,0,122,20,5,147,53,149,23,18,243,118,4,122,365
11/16/2007,ITO,HI,AWP,WE,Combined TRACON& Tower with Radar,62,26,4,0,92,0,75,13,2,90,62,101,17,2,182,8,0,8,190
11/17/2007,ITO,HI,AWP,WE,Combined TRACON& Tower with Radar,46,27,0,2,75,0,123,9,9,141,46,150,9,11,216,16,0,16,232
11/18/2007,ITO,HI,AWP,WE,Combined TRACON& Tower with Radar,40,24,2,0,66,0,104,12,6,122,40,128,14,6,188,36,0,36,224
11/19/2007,ITO,HI,AWP,WE,Combined TRACON& Tower with Radar,51,32,0,1,84,0,108,22,0,130,51,140,22,1,214,46,8,54,268
11/20/2007,ITO,HI,AWP,WE,Combined TRACON& Tower with Radar,48,30,2,0,80,0,121,20,2,143,48,151,22,2,223,24,0,24,247
11/21/2007,ITO,HI,AWP,WE,Combined TRACON& Tower with Radar,46,34,3,4,87,0,162,25,0,187,46,196,28,4,274,30,0,30,304
11/22/2007,ITO,HI,AWP,WE,Combined TRACON& Tower with Radar,44,21,3,0,68,0,43,11,0,54,44,64,14,0,122,17,0,17,139
11/23/2007,ITO,HI,AWP,WE,Combined TRACON& Tower with Radar,48,29,3,2,82,0,164,17,0,181,48,193,20,2,263,20,0,20,283
11/24/2007,ITO,HI,AWP,WE,Combined TRACON& Tower with Radar,46,27,3,0,76,0,162,8,0,170,46,189,11,0,246,14,0,14,260
11/25/2007,ITO,HI,AWP,WE,Combined TRACON& Tower with Radar,40,29,2,2,73,0,148,17,1,166,40,177,19,3,239,32,0,32,271
11/26/2007,ITO,HI,AWP,WE,Combined TRACON& Tower with Radar,47,31,3,4,85,0,96,20,5,121,47,127,23,9,206,22,0,22,228
11/27/2007,ITO,HI,AWP,WE,Combined TRACON& Tower with Radar,50,29,3,20,102,0,121,16,4,141,50,150,19,24,243,18,42,60,303
11/28/2007,ITO,HI,AWP,WE,Combined TRACON& Tower with Radar,47,32,1,2,82,0,103,13,6,122,47,135,14,8,204,30,18,48,252
11/29/2007,ITO,HI,AWP,WE,Combined TRACON& Tower with Radar,48,27,5,13,93,0,99,20,0,119,48,126,25,13,212,44,26,70,282
11/30/2007,ITO,HI,AWP,WE,Combined TRACON& Tower with Radar,51,27,4,8,90,0,137,23,0,160,51,164,27,8,250,61,0,61,311
12/01/2007,ITO,HI,AWP,WE,Combined TRACON& Tower with Radar,43,21,3,14,81,0,77,20,4,101,43,98,23,18,182,28,8,36,218
12/02/2007,ITO,HI,AWP,WE,Combined TRACON& Tower with Radar,37,37,11,8,93,0,120,24,1,145,37,157,35,9,238,46,0,46,284
12/03/2007,ITO,HI,AWP,WE,Combined TRACON& Tower with Radar,48,33,3,6,90,0,30,9,2,41,48,63,12,8,131,40,20,60,191
12/04/2007,ITO,HI,AWP,WE,Combined TRACON& Tower with Radar,54,28,3,15,100,0,59,27,3,89,54,87,30,18,189,14,6,20,209
12/05/2007,ITO,HI,AWP,WE,Combined TRACON& Tower with Radar,46,15,3,0,64,0,13,4,0,17,46,28,7,0,81,2,0,2,83
12/06/2007,ITO,HI,AWP,WE,Combined TRACON& Tower with Radar,52,29,1,0,82,0,25,4,0,29,52,54,5,0,111,10,0,10,121
12/07/2007,ITO,HI,AWP,WE,Combined TRACON& Tower with Radar,53,26,4,0,83,0,19,11,0,30,53,45,15,0,113,0,0,0,113
12/08/2007,ITO,HI,AWP,WE,Combined TRACON& Tower with Radar,46,30,1,0,77,0,102,6,0,108,46,132,7,0,185,14,0,14,199
12/09/2007,ITO,HI,AWP,WE,Combined TRACON& Tower with Radar,36,26,2,0,64,0,119,29,1,149,36,145,31,1,213,22,0,22,235
12/10/2007,ITO,HI,AWP,WE,Combined TRACON& Tower with Radar,49,33,4,1,87,0,102,16,0,118,49,135,20,1,205,26,0,26,231
12/11/2007,ITO,HI,AWP,WE,Combined TRACON& Tower with Radar,54,35,7,12,108,0,49,11,2,62,54,84,18,14,170,20,14,34,204
12/12/2007,ITO,HI,AWP,WE,Combined TRACON& Tower with Radar,47,33,6,7,93,0,36,5,0,41,47,69,11,7,134,20,8,28,162
12/13/2007,ITO,HI,AWP,WE,Combined TRACON& Tower with Radar,51,24,4,18,97,0,56,11,2,69,51,80,15,20,166,88,18,106,272
12/14/2007,ITO,HI,AWP,WE,Combined TRACON& Tower with Radar,52,26,3,4,85,0,74,7,1,82,52,100,10,5,167,12,0,12,179
12/15/2007,ITO,HI,AWP,WE,Combined TRACON& Tower with Radar,44,28,4,0,76,0,28,6,0,34,44,56,10,0,110,8,0,8,118
12/16/2007,ITO,HI,AWP,WE,Combined TRACON& Tower with Radar,40,27,7,0,74,0,106,8,0,114,40,133,15,0,188,42,0,42,230
12/17/2007,ITO,HI,AWP,WE,Combined TRACON& Tower with Radar,51,24,4,9,88,0,97,31,0,128,51,121,35,9,216,52,26,78,294
12/18/2007,ITO,HI,AWP,WE,Combined TRACON& Tower with Radar,53,33,3,0,89,0,108,10,1,119,53,141,13,1,208,16,1,17,225
12/19/2007,ITO,HI,AWP,WE,Combined TRACON& Tower with Radar,50,34,4,6,94,0,98,25,3,126,50,132,29,9,220,42,0,42,262
12/20/2007,ITO,HI,AWP,WE,Combined TRACON& Tower with Radar,54,25,6,28,113,0,94,21,5,120,54,119,27,33,233,24,30,54,287
12/21/2007,ITO,HI,AWP,WE,Combined TRACON& Tower with Radar,54,30,2,18,104,0,73,9,0,82,54,103,11,18,186,14,0,14,200
12/22/2007,ITO,HI,AWP,WE,Combined TRACON& Tower with Radar,50,24,2,0,76,0,115,16,0,131,50,139,18,0,207,28,0,28,235
12/23/2007,ITO,HI,AWP,WE,Combined TRACON& Tower with Radar,39,27,1,2,69,0,126,15,0,141,39,153,16,2,210,32,0,32,242
12/24/2007,ITO,HI,AWP,WE,Combined TRACON& Tower with Radar,48,29,0,0,77,0,21,2,0,23,48,50,2,0,100,32,0,32,132
12/25/2007,ITO,HI,AWP,WE,Combined TRACON& Tower with Radar,45,29,2,0,76,0,76,0,0,76,45,105,2,0,152,0,0,0,152
12/26/2007,ITO,HI,AWP,WE,Combined TRACON& Tower with Radar,48,27,5,4,84,0,158,7,0,165,48,185,12,4,249,34,26,60,309
12/27/2007,ITO,HI,AWP,WE,Combined TRACON& Tower with Radar,51,26,1,28,106,0,145,20,0,165,51,171,21,28,271,22,26,48,319
12/28/2007,ITO,HI,AWP,WE,Combined TRACON& Tower with Radar,53,28,5,6,92,0,97,7,0,104,53,125,12,6,196,20,0,20,216
12/29/2007,ITO,HI,AWP,WE,Combined TRACON& Tower with Radar,48,31,3,0,82,0,94,5,0,99,48,125,8,0,181,56,0,56,237
12/30/2007,ITO,HI,AWP,WE,Combined TRACON& Tower with Radar,40,23,3,0,66,0,163,24,0,187,40,186,27,0,253,50,0,50,303
12/31/2007,ITO,HI,AWP,WE,Combined TRACON& Tower with Radar,47,25,1,0,73,0,155,15,0,170,47,180,16,0,243,26,0,26,269
01/01/2008,ITO,HI,AWP,WE,Combined TRACON& Tower with Radar,46,33,3,0,82,0,127,10,0,137,46,160,13,0,219,16,0,16,235
01/02/2008,ITO,HI,AWP,WE,Combined TRACON& Tower with Radar,49,29,1,33,112,0,168,22,5,195,49,197,23,38,307,76,52,128,435
01/03/2008,ITO,HI,AWP,WE,Combined TRACON& Tower with Radar,48,26,8,12,94,0,99,17,0,116,48,125,25,12,210,30,4,34,244
01/04/2008,ITO,HI,AWP,WE,Combined TRACON& Tower with Radar,60,35,2,10,107,0,83,18,0,101,60,118,20,10,208,22,8,30,238
01/05/2008,ITO,HI,AWP,WE,Combined TRACON& Tower with Radar,51,28,3,2,84,0,102,13,1,116,51,130,16,3,200,14,0,14,214
01/06/2008,ITO,HI,AWP,WE,Combined TRACON& Tower with Radar,38,26,5,4,73,0,111,11,4,126,38,137,16,8,199,18,0,18,217
01/07/2008,ITO,HI,AWP,WE,Combined TRACON& Tower with Radar,69,31,9,6,115,0,106,17,2,125,69,137,26,8,240,26,12,38,278
01/08/2008,ITO,HI,AWP,WE,Combined TRACON& Tower with Radar,55,24,1,12,92,0,154,39,0,193,55,178,40,12,285,66,28,94,379
01/09/2008,ITO,HI,AWP,WE,Combined TRACON& Tower with Radar,48,28,2,17,95,0,128,22,1,151,48,156,24,18,246,53,37,90,336
01/10/2008,ITO,HI,AWP,WE,Combined TRACON& Tower with Radar,51,20,4,8,83,0,79,20,7,106,51,99,24,15,189,46,28,74,263
01/11/2008,ITO,HI,AWP,WE,Combined TRACON& Tower with Radar,50,28,2,14,94,0,130,19,27,176,50,158,21,41,270,22,20,42,312
01/12/2008,ITO,HI,AWP,WE,Combined TRACON& Tower with Radar,44,27,5,2,78,0,81,20,0,101,44,108,25,2,179,67,22,89,268
01/13/2008,ITO,HI,AWP,WE,Combined TRACON& Tower with Radar,40,30,3,2,75,0,140,17,1,158,40,170,20,3,233,12,8,20,253
01/14/2008,ITO,HI,AWP,WE,Combined TRACON& Tower with Radar,47,24,2,8,81,0,77,18,5,100,47,101,20,13,181,40,20,60,241
01/15/2008,ITO,HI,AWP,WE,Combined TRACON& Tower with Radar,44,22,1,18,85,0,136,20,10,166,44,158,21,28,251,28,22,50,301
01/16/2008,ITO,HI,AWP,WE,Combined TRACON& Tower with Radar,53,25,2,7,87,0,105,15,2,122,53,130,17,9,209,20,18,38,247
01/17/2008,ITO,HI,AWP,WE,Combined TRACON& Tower with Radar,56,29,1,11,97,0,136,34,11,181,56,165,35,22,278,18,18,36,314
01/18/2008,ITO,HI,AWP,WE,Combined TRACON& Tower with Radar,51,27,2,11,91,0,50,12,0,62,51,77,14,11,153,28,6,34,187
01/19/2008,ITO,HI,AWP,WE,Combined TRACON& Tower with Radar,45,25,1,0,71,0,98,16,0,114,45,123,17,0,185,28,0,28,213
01/20/2008,ITO,HI,AWP,WE,Combined TRACON& Tower with Radar,39,24,0,0,63,0,130,17,3,150,39,154,17,3,213,34,0,34,247
01/21/2008,ITO,HI,AWP,WE,Combined TRACON& Tower with Radar,50,31,2,3,86,0,128,13,0,141,50,159,15,3,227,40,1,41,268
01/22/2008,ITO,HI,AWP,WE,Combined TRACON& Tower with Radar,47,20,4,2,73,0,152,17,1,170,47,172,21,3,243,34,0,34,277
01/23/2008,ITO,HI,AWP,WE,Combined TRACON& Tower with Radar,47,35,5,12,99,0,80,23,0,103,47,115,28,12,202,55,26,81,283
01/24/2008,ITO,HI,AWP,WE,Combined TRACON& Tower with Radar,48,23,5,0,76,0,118,19,2,139,48,141,24,2,215,26,12,38,253
01/25/2008,ITO,HI,AWP,WE,Combined TRACON& Tower with Radar,53,26,3,4,86,0,97,20,0,117,53,123,23,4,203,36,8,44,247
01/26/2008,ITO,HI,AWP,WE,Combined TRACON& Tower with Radar,44,20,5,4,73,0,97,3,8,108,44,117,8,12,181,14,14,28,209
01/27/2008,ITO,HI,AWP,WE,Combined TRACON& Tower with Radar,39,27,7,0,73,0,68,14,0,82,39,95,21,0,155,12,0,12,167
01/28/2008,ITO,HI,AWP,WE,Combined TRACON& Tower with Radar,52,26,1,0,79,0,106,12,2,120,52,132,13,2,199,44,0,44,243
01/29/2008,ITO,HI,AWP,WE,Combined TRACON& Tower with Radar,55,30,4,0,89,0,130,10,1,141,55,160,14,1,230,18,2,20,250
01/30/2008,ITO,HI,AWP,WE,Combined TRACON& Tower with Radar,51,26,3,3,83,0,80,8,0,88,51,106,11,3,171,18,4,22,193
01/31/2008,ITO,HI,AWP,WE,Combined TRACON& Tower with Radar,47,34,2,12,95,0,33,3,0,36,47,67,5,12,131,4,8,12,143
02/01/2008,ITO,HI,AWP,WE,Combined TRACON& Tower with Radar,51,31,4,0,86,0,46,12,0,58,51,77,16,0,144,24,0,24,168
02/02/2008,ITO,HI,AWP,WE,Combined TRACON& Tower with Radar,48,27,0,2,77,0,0,0,0,0,48,27,0,2,77,0,0,0,77
02/03/2008,ITO,HI,AWP,WE,Combined TRACON& Tower with Radar,38,17,4,0,59,0,3,0,0,3,38,20,4,0,62,0,0,0,62
02/04/2008,ITO,HI,AWP,WE,Combined TRACON& Tower with Radar,50,28,2,6,86,0,13,12,1,26,50,41,14,7,112,4,16,20,132
02/05/2008,ITO,HI,AWP,WE,Combined TRACON& Tower with Radar,49,38,5,1,93,0,13,8,0,21,49,51,13,1,114,6,0,6,120
02/06/2008,ITO,HI,AWP,WE,Combined TRACON& Tower with Radar,50,26,1,3,80,0,118,10,2,130,50,144,11,5,210,24,10,34,244
02/07/2008,ITO,HI,AWP,WE,Combined TRACON& Tower with Radar,48,29,0,5,82,0,104,13,2,119,48,133,13,7,201,26,2,28,229
02/08/2008,ITO,HI,AWP,WE,Combined TRACON& Tower with Radar,51,30,3,5,89,0,60,9,0,69,51,90,12,5,158,12,4,16,174
02/09/2008,ITO,HI,AWP,WE,Combined TRACON& Tower with Radar,45,25,12,14,96,0,78,8,2,88,45,103,20,16,184,38,10,48,232
02/10/2008,ITO,HI,AWP,WE,Combined TRACON& Tower with Radar,38,25,1,2,66,0,148,18,2,168,38,173,19,4,234,38,0,38,272
02/11/2008,ITO,HI,AWP,WE,Combined TRACON& Tower with Radar,51,31,6,6,94,0,135,19,8,162,51,166,25,14,256,30,0,30,286
02/12/2008,ITO,HI,AWP,WE,Combined TRACON& Tower with Radar,52,27,2,2,83,0,39,26,0,65,52,66,28,2,148,20,0,20,168
02/13/2008,ITO,HI,AWP,WE,Combined TRACON& Tower with Radar,45,28,5,2,80,0,94,13,2,109,45,122,18,4,189,41,0,41,230
02/14/2008,ITO,HI,AWP,WE,Combined TRACON& Tower with Radar,53,36,5,4,98,0,94,15,0,109,53,130,20,4,207,36,4,40,247
02/15/2008,ITO,HI,AWP,WE,Combined TRACON& Tower with Radar,46,27,1,10,84,0,107,11,0,118,46,134,12,10,202,32,8,40,242
02/16/2008,ITO,HI,AWP,WE,Combined TRACON& Tower with Radar,67,22,2,0,91,0,77,10,0,87,67,99,12,0,178,20,0,20,198
02/17/2008,ITO,HI,AWP,WE,Combined TRACON& Tower with Radar,56,21,4,10,91,0,116,15,2,133,56,137,19,12,224,30,16,46,270
02/18/2008,ITO,HI,AWP,WE,Combined TRACON& Tower with Radar,59,25,4,8,96,0,108,17,0,125,59,133,21,8,221,32,14,46,267
02/19/2008,ITO,HI,AWP,WE,Combined TRACON& Tower with Radar,48,24,0,15,87,0,115,21,2,138,48,139,21,17,225,15,0,15,240
02/20/2008,ITO,HI,AWP,WE,Combined TRACON& Tower with Radar,55,32,10,10,107,0,131,24,3,158,55,163,34,13,265,34,6,40,305
02/21/2008,ITO,HI,AWP,WE,Combined TRACON& Tower with Radar,48,24,0,0,72,0,136,19,6,161,48,160,19,6,233,38,2,40,273
02/22/2008,ITO,HI,AWP,WE,Combined TRACON& Tower with Radar,56,29,4,0,89,0,127,10,4,141,56,156,14,4,230,43,0,43,273
02/23/2008,ITO,HI,AWP,WE,Combined TRACON& Tower with Radar,47,29,2,0,78,0,115,2,1,118,47,144,4,1,196,20,0,20,216
02/24/2008,ITO,HI,AWP,WE,Combined TRACON& Tower with Radar,38,27,2,2,69,0,101,10,0,111,38,128,12,2,180,8,0,8,188
02/25/2008,ITO,HI,AWP,WE,Combined TRACON& Tower with Radar,53,25,2,0,80,0,139,14,0,153,53,164,16,0,233,26,0,26,259
02/26/2008,ITO,HI,AWP,WE,Combined TRACON& Tower with Radar,47,27,0,18,92,0,105,19,4,128,47,132,19,22,220,2,22,24,244
02/27/2008,ITO,HI,AWP,WE,Combined TRACON& Tower with Radar,48,28,2,7,85,0,117,32,5,154,48,145,34,12,239,54,6,60,299
02/28/2008,ITO,HI,AWP,WE,Combined TRACON& Tower with Radar,50,25,2,7,84,0,114,18,0,132,50,139,20,7,216,28,6,34,250
02/29/2008,ITO,HI,AWP,WE,Combined TRACON& Tower with Radar,51,30,3,11,95,0,85,12,2,99,51,115,15,13,194,8,16,24,218
03/01/2008,ITO,HI,AWP,WE,Combined TRACON& Tower with Radar,47,24,1,5,77,0,123,18,0,141,47,147,19,5,218,19,0,19,237
03/02/2008,ITO,HI,AWP,WE,Combined TRACON& Tower with Radar,39,24,0,2,65,0,138,16,2,156,39,162,16,4,221,26,0,26,247
03/03/2008,ITO,HI,AWP,WE,Combined TRACON& Tower with Radar,55,25,1,18,99,0,167,26,7,200,55,192,27,25,299,30,20,50,349
03/04/2008,ITO,HI,AWP,WE,Combined TRACON& Tower with Radar,50,26,4,3,83,0,103,38,0,141,50,129,42,3,224,10,0,10,234
03/05/2008,ITO,HI,AWP,WE,Combined TRACON& Tower with Radar,48,36,4,12,100,0,136,31,7,174,48,172,35,19,274,24,14,38,312
03/06/2008,ITO,HI,AWP,WE,Combined TRACON& Tower with Radar,52,21,6,4,83,0,136,21,5,162,52,157,27,9,245,30,0,30,275
03/07/2008,ITO,HI,AWP,WE,Combined TRACON& Tower with Radar,49,33,4,0,86,0,133,13,1,147,49,166,17,1,233,40,0,40,273
03/08/2008,ITO,HI,AWP,WE,Combined TRACON& Tower with Radar,45,24,5,0,74,0,97,18,6,121,45,121,23,6,195,48,0,48,243
03/09/2008,ITO,HI,AWP,WE,Combined TRACON& Tower with Radar,40,26,4,1,71,0,129,26,1,156,40,155,30,2,227,36,0,36,263
03/10/2008,ITO,HI,AWP,WE,Combined TRACON& Tower with Radar,54,24,5,7,90,0,166,23,4,193,54,190,28,11,283,40,26,66,349
03/11/2008,ITO,HI,AWP,WE,Combined TRACON& Tower with Radar,57,24,3,10,94,0,145,30,5,180,57,169,33,15,274,38,30,68,342
03/12/2008,ITO,HI,AWP,WE,Combined TRACON& Tower with Radar,55,33,2,3,93,0,124,25,8,157,55,157,27,11,250,10,15,25,275
03/13/2008,ITO,HI,AWP,WE,Combined TRACON& Tower with Radar,49,27,8,3,87,0,110,14,0,124,49,137,22,3,211,27,0,27,238
03/14/2008,ITO,HI,AWP,WE,Combined TRACON& Tower with Radar,52,34,0,2,88,0,167,12,1,180,52,201,12,3,268,22,4,26,294
03/15/2008,ITO,HI,AWP,WE,Combined TRACON& Tower with Radar,47,31,1,0,79,0,149,10,8,167,47,180,11,8,246,20,4,24,270
03/16/2008,ITO,HI,AWP,WE,Combined TRACON& Tower with Radar,40,36,4,0,80,0,119,21,2,142,40,155,25,2,222,22,0,22,244
03/17/2008,ITO,HI,AWP,WE,Combined TRACON& Tower with Radar,48,30,0,7,85,0,115,9,0,124,48,145,9,7,209,20,4,24,233
03/18/2008,ITO,HI,AWP,WE,Combined TRACON& Tower with Radar,65,25,4,4,98,0,109,11,0,120,65,134,15,4,218,22,6,28,246
03/19/2008,ITO,HI,AWP,WE,Combined TRACON& Tower with Radar,53,29,3,14,99,0,113,8,1,122,53,142,11,15,221,38,14,52,273
03/20/2008,ITO,HI,AWP,WE,Combined TRACON& Tower with Radar,52,25,4,10,91,0,136,18,6,160,52,161,22,16,251,45,11,56,307
03/21/2008,ITO,HI,AWP,WE,Combined TRACON& Tower with Radar,61,37,1,2,101,0,130,20,4,154,61,167,21,6,255,26,0,26,281
03/22/2008,ITO,HI,AWP,WE,Combined TRACON& Tower with Radar,48,25,0,0,73,0,137,10,0,147,48,162,10,0,220,36,0,36,256
03/23/2008,ITO,HI,AWP,WE,Combined TRACON& Tower with Radar,40,26,2,1,69,0,123,10,0,133,40,149,12,1,202,41,0,41,243
03/24/2008,ITO,HI,AWP,WE,Combined TRACON& Tower with Radar,50,34,7,8,99,0,160,30,3,193,50,194,37,11,292,29,11,40,332
03/25/2008,ITO,HI,AWP,WE,Combined TRACON& Tower with Radar,48,25,1,10,84,0,118,18,0,136,48,143,19,10,220,18,6,24,244
03/26/2008,ITO,HI,AWP,WE,Combined TRACON& Tower with Radar,48,26,3,11,88,0,146,14,2,162,48,172,17,13,250,36,12,48,298
03/27/2008,ITO,HI,AWP,WE,Combined TRACON& Tower with Radar,53,27,1,6,87,0,131,19,0,150,53,158,20,6,237,40,0,40,277
03/28/2008,ITO,HI,AWP,WE,Combined TRACON& Tower with Radar,51,29,4,0,84,0,102,11,1,114,51,131,15,1,198,38,0,38,236
03/29/2008,ITO,HI,AWP,WE,Combined TRACON& Tower with Radar,46,26,1,0,73,0,69,9,4,82,46,95,10,4,155,52,0,52,207
03/30/2008,ITO,HI,AWP,WE,Combined TRACON& Tower with Radar,39,23,4,1,67,0,135,11,2,148,39,158,15,3,215,54,4,58,273
03/31/2008,ITO,HI,AWP,WE,Combined TRACON& Tower with Radar,48,32,2,2,84,0,94,21,4,119,48,126,23,6,203,29,7,36,239
04/01/2008,ITO,HI,AWP,WE,Combined TRACON& Tower with Radar,42,35,3,0,80,0,80,31,5,116,42,115,34,5,196,44,1,45,241
04/02/2008,ITO,HI,AWP,WE,Combined TRACON& Tower with Radar,42,41,2,7,92,0,94,22,4,120,42,135,24,11,212,34,10,44,256
04/03/2008,ITO,HI,AWP,WE,Combined TRACON& Tower with Radar,40,32,6,7,85,0,89,23,1,113,40,121,29,8,198,46,2,48,246
04/04/2008,ITO,HI,AWP,WE,Combined TRACON& Tower with Radar,42,35,3,4,84,0,117,7,0,124,42,152,10,4,208,45,4,49,257
04/05/2008,ITO,HI,AWP,WE,Combined TRACON& Tower with Radar,38,24,4,1,67,0,85,17,0,102,38,109,21,1,169,4,0,4,173
04/06/2008,ITO,HI,AWP,WE,Combined TRACON& Tower with Radar,35,34,7,2,78,0,106,19,2,127,35,140,26,4,205,35,2,37,242
04/07/2008,ITO,HI,AWP,WE,Combined TRACON& Tower with Radar,40,37,8,0,85,0,136,15,2,153,40,173,23,2,238,42,0,42,280
04/08/2008,ITO,HI,AWP,WE,Combined TRACON& Tower with Radar,33,39,2,0,74,0,105,17,1,123,33,144,19,1,197,18,0,18,215
04/09/2008,ITO,HI,AWP,WE,Combined TRACON& Tower with Radar,34,36,0,4,74,0,96,10,0,106,34,132,10,4,180,28,0,28,208
04/10/2008,ITO,HI,AWP,WE,Combined TRACON& Tower with Radar,39,31,3,0,73,0,93,5,3,101,39,124,8,3,174,14,0,14,188
04/11/2008,ITO,HI,AWP,WE,Combined TRACON& Tower with Radar,36,33,6,0,75,0,91,16,3,110,36,124,22,3,185,32,0,32,217
04/12/2008,ITO,HI,AWP,WE,Combined TRACON& Tower with Radar,32,30,5,0,67,0,76,14,0,90,32,106,19,0,157,26,0,26,183
04/13/2008,ITO,HI,AWP,WE,Combined TRACON& Tower with Radar,29,34,2,8,73,0,120,11,0,131,29,154,13,8,204,20,14,34,238
04/14/2008,ITO,HI,AWP,WE,Combined TRACON& Tower with Radar,36,33,1,8,78,0,104,18,6,128,36,137,19,14,206,44,22,66,272
04/15/2008,ITO,HI,AWP,WE,Combined TRACON& Tower with Radar,37,39,5,0,81,0,82,13,0,95,37,121,18,0,176,28,8,36,212
04/16/2008,ITO,HI,AWP,WE,Combined TRACON& Tower with Radar,33,33,3,2,71,0,88,11,3,102,33,121,14,5,173,28,0,28,201
04/17/2008,ITO,HI,AWP,WE,Combined TRACON& Tower with Radar,35,31,7,0,73,0,113,13,0,126,35,144,20,0,199,26,0,26,225
04/18/2008,ITO,HI,AWP,WE,Combined TRACON& Tower with Radar,40,38,3,0,81,0,86,13,1,100,40,124,16,1,181,70,2,72,253
04/19/2008,ITO,HI,AWP,WE,Combined TRACON& Tower with Radar,32,33,2,1,68,0,63,4,1,68,32,96,6,2,136,18,6,24,160
04/20/2008,ITO,HI,AWP,WE,Combined TRACON& Tower with Radar,31,33,2,0,66,0,126,13,4,143,31,159,15,4,209,29,0,29,238
04/21/2008,ITO,HI,AWP,WE,Combined TRACON& Tower with Radar,37,38,0,2,77,0,82,24,0,106,37,120,24,2,183,22,0,22,205
04/22/2008,ITO,HI,AWP,WE,Combined TRACON& Tower with Radar,36,35,2,0,73,0,98,17,0,115,36,133,19,0,188,32,0,32,220
04/23/2008,ITO,HI,AWP,WE,Combined TRACON& Tower with Radar,33,39,0,8,80,0,139,24,1,164,33,178,24,9,244,42,20,62,306
04/24/2008,ITO,HI,AWP,WE,Combined TRACON& Tower with Radar,38,36,3,0,77,0,131,17,0,148,38,167,20,0,225,28,0,28,253
04/25/2008,ITO,HI,AWP,WE,Combined TRACON& Tower with Radar,38,40,3,0,81,0,58,6,0,64,38,98,9,0,145,16,0,16,161
04/26/2008,ITO,HI,AWP,WE,Combined TRACON& Tower with Radar,34,31,4,0,69,0,71,18,1,90,34,102,22,1,159,8,0,8,167
04/27/2008,ITO,HI,AWP,WE,Combined TRACON& Tower with Radar,28,31,0,0,59,0,109,15,1,125,28,140,15,1,184,30,0,30,214
04/28/2008,ITO,HI,AWP,WE,Combined TRACON& Tower with Radar,30,167,16,13,226,0,0,0,0,0,30,167,16,13,226,16,34,50,276
04/29/2008,ITO,HI,AWP,WE,Combined TRACON& Tower with Radar,29,35,4,0,68,0,90,11,1,102,29,125,15,1,170,24,2,26,196
04/30/2008,ITO,HI,AWP,WE,Combined TRACON& Tower with Radar,34,42,5,7,88,0,132,28,6,166,34,174,33,13,254,93,16,109,363
05/01/2008,ITO,HI,AWP,WE,Combined TRACON& Tower with Radar,33,39,1,2,75,0,87,11,0,98,33,126,12,2,173,14,0,14,187
05/02/2008,ITO,HI,AWP,WE,Combined TRACON& Tower with Radar,30,43,1,14,88,0,66,10,8,84,30,109,11,22,172,8,18,26,198
05/03/2008,ITO,HI,AWP,WE,Combined TRACON& Tower with Radar,29,31,4,0,64,0,55,3,0,58,29,86,7,0,122,24,0,24,146
05/04/2008,ITO,HI,AWP,WE,Combined TRACON& Tower with Radar,27,31,6,0,64,0,82,27,1,110,27,113,33,1,174,44,0,44,218
05/05/2008,ITO,HI,AWP,WE,Combined TRACON& Tower with Radar,34,34,0,1,69,0,99,24,6,129,34,133,24,7,198,44,0,44,242
05/06/2008,ITO,HI,AWP,WE,Combined TRACON& Tower with Radar,35,39,4,0,78,0,135,29,0,164,35,174,33,0,242,20,0,20,262
05/07/2008,ITO,HI,AWP,WE,Combined TRACON& Tower with Radar,34,29,1,4,68,0,83,16,0,99,34,112,17,4,167,16,26,42,209
05/08/2008,ITO,HI,AWP,WE,Combined TRACON& Tower with Radar,37,32,2,0,71,0,98,11,6,115,37,130,13,6,186,32,8,40,226
05/09/2008,ITO,HI,AWP,WE,Combined TRACON& Tower with Radar,36,33,0,0,69,0,94,21,0,115,36,127,21,0,184,16,0,16,200
05/10/2008,ITO,HI,AWP,WE,Combined TRACON& Tower with Radar,31,28,0,2,61,0,80,10,0,90,31,108,10,2,151,16,0,16,167
05/11/2008,ITO,HI,AWP,WE,Combined TRACON& Tower with Radar,25,32,4,0,61,0,107,30,0,137,25,139,34,0,198,30,2,32,230
05/12/2008,ITO,HI,AWP,WE,Combined TRACON& Tower with Radar,35,32,2,14,83,0,123,35,8,166,35,155,37,22,249,70,12,82,331
05/13/2008,ITO,HI,AWP,WE,Combined TRACON& Tower with Radar,31,38,0,21,90,0,143,25,1,169,31,181,25,22,259,28,10,38,297
05/14/2008,ITO,HI,AWP,WE,Combined TRACON& Tower with Radar,35,35,2,2,74,0,92,28,2,122,35,127,30,4,196,52,2,54,250
05/15/2008,ITO,HI,AWP,WE,Combined TRACON& Tower with Radar,53,34,0,10,97,0,91,15,3,109,53,125,15,13,206,18,4,22,228
05/16/2008,ITO,HI,AWP,WE,Combined TRACON& Tower with Radar,36,31,0,2,69,0,94,11,1,106,36,125,11,3,175,14,0,14,189
05/17/2008,ITO,HI,AWP,WE,Combined TRACON& Tower with Radar,33,33,0,8,74,0,102,18,5,125,33,135,18,13,199,26,6,32,231
05/18/2008,ITO,HI,AWP,WE,Combined TRACON& Tower with Radar,28,34,2,0,64,0,86,19,2,107,28,120,21,2,171,46,0,46,217
05/19/2008,ITO,HI,AWP,WE,Combined TRACON& Tower with Radar,38,39,1,0,78,0,124,31,5,160,38,163,32,5,238,66,0,66,304
05/20/2008,ITO,HI,AWP,WE,Combined TRACON& Tower with Radar,37,29,7,0,73,0,140,20,0,160,37,169,27,0,233,36,0,36,269
05/21/2008,ITO,HI,AWP,WE,Combined TRACON& Tower with Radar,40,37,2,10,89,0,60,21,7,88,40,97,23,17,177,26,19,45,222
05/22/2008,ITO,HI,AWP,WE,Combined TRACON& Tower with Radar,40,38,2,5,85,0,77,16,0,93,40,115,18,5,178,16,6,22,200
05/23/2008,ITO,HI,AWP,WE,Combined TRACON& Tower with Radar,38,36,0,0,74,0,69,27,0,96,38,105,27,0,170,26,0,26,196
05/24/2008,ITO,HI,AWP,WE,Combined TRACON& Tower with Radar,34,31,1,0,66,0,97,10,0,107,34,128,11,0,173,22,0,22,195
05/25/2008,ITO,HI,AWP,WE,Combined TRACON& Tower with Radar,27,28,0,0,55,0,117,21,1,139,27,145,21,1,194,12,0,12,206
05/26/2008,ITO,HI,AWP,WE,Combined TRACON& Tower with Radar,30,26,3,3,62,0,94,14,2,110,30,120,17,5,172,20,2,22,194
05/27/2008,ITO,HI,AWP,WE,Combined TRACON& Tower with Radar,40,33,0,12,85,0,106,16,3,125,40,139,16,15,210,32,2,34,244
05/28/2008,ITO,HI,AWP,WE,Combined TRACON& Tower with Radar,39,41,6,1,87,0,87,14,1,102,39,128,20,2,189,16,0,16,205
05/29/2008,ITO,HI,AWP,WE,Combined TRACON& Tower with Radar,40,36,0,0,76,0,71,25,0,96,40,107,25,0,172,55,0,55,227
05/30/2008,ITO,HI,AWP,WE,Combined TRACON& Tower with Radar,32,35,0,1,68,0,78,24,0,102,32,113,24,1,170,37,0,37,207
05/31/2008,ITO,HI,AWP,WE,Combined TRACON& Tower with Radar,35,33,3,0,71,0,73,17,1,91,35,106,20,1,162,24,0,24,186
06/01/2008,ITO,HI,AWP,WE,Combined TRACON& Tower with Radar,26,29,2,0,57,0,86,24,0,110,26,115,26,0,167,32,0,32,199
06/02/2008,ITO,HI,AWP,WE,Combined TRACON& Tower with Radar,32,32,1,6,71,0,74,46,3,123,32,106,47,9,194,57,4,61,255
06/03/2008,ITO,HI,AWP,WE,Combined TRACON& Tower with Radar,34,36,1,2,73,0,89,17,4,110,34,125,18,6,183,22,13,35,218
06/04/2008,ITO,HI,AWP,WE,Combined TRACON& Tower with Radar,45,33,0,0,78,0,96,18,0,114,45,129,18,0,192,56,5,61,253
06/05/2008,ITO,HI,AWP,WE,Combined TRACON& Tower with Radar,39,36,0,0,75,0,70,24,3,97,39,106,24,3,172,24,0,24,196
06/06/2008,ITO,HI,AWP,WE,Combined TRACON& Tower with Radar,39,31,3,7,80,0,68,15,1,84,39,99,18,8,164,37,6,43,207
06/07/2008,ITO,HI,AWP,WE,Combined TRACON& Tower with Radar,30,31,1,2,64,0,57,24,2,83,30,88,25,4,147,56,18,74,221
06/08/2008,ITO,HI,AWP,WE,Combined TRACON& Tower with Radar,28,35,5,4,72,0,86,12,0,98,28,121,17,4,170,26,12,38,208
06/09/2008,ITO,HI,AWP,WE,Combined TRACON& Tower with Radar,41,34,3,3,81,0,80,22,1,103,41,114,25,4,184,38,8,46,230
06/10/2008,ITO,HI,AWP,WE,Combined TRACON& Tower with Radar,33,36,0,6,75,0,116,36,7,159,33,152,36,13,234,33,16,49,283
06/11/2008,ITO,HI,AWP,WE,Combined TRACON& Tower with Radar,36,30,6,1,73,0,112,0,0,112,36,142,6,1,185,76,0,76,261
06/12/2008,ITO,HI,AWP,WE,Combined TRACON& Tower with Radar,42,33,3,4,82,0,92,17,4,113,42,125,20,8,195,20,8,28,223
06/13/2008,ITO,HI,AWP,WE,Combined TRACON& Tower with Radar,38,33,3,7,81,0,71,20,1,92,38,104,23,8,173,15,10,25,198
06/14/2008,ITO,HI,AWP,WE,Combined TRACON& Tower with Radar,30,36,3,0,69,0,78,12,2,92,30,114,15,2,161,14,0,14,175
06/15/2008,ITO,HI,AWP,WE,Combined TRACON& Tower with Radar,28,34,2,0,64,0,74,23,4,101,28,108,25,4,165,38,0,38,203
06/16/2008,ITO,HI,AWP,WE,Combined TRACON& Tower with Radar,40,33,0,2,75,0,93,34,3,130,40,126,34,5,205,58,6,64,269
06/17/2008,ITO,HI,AWP,WE,Combined TRACON& Tower with Radar,40,36,2,19,97,0,122,21,1,144,40,158,23,20,241,45,6,51,292
06/18/2008,ITO,HI,AWP,WE,Combined TRACON& Tower with Radar,37,33,0,9,79,0,95,20,12,127,37,128,20,21,206,32,0,32,238
06/19/2008,ITO,HI,AWP,WE,Combined TRACON& Tower with Radar,42,27,4,9,82,0,81,20,18,119,42,108,24,27,201,12,8,20,221
06/20/2008,ITO,HI,AWP,WE,Combined TRACON& Tower with Radar,38,41,3,4,86,0,74,18,7,99,38,115,21,11,185,16,4,20,205
06/21/2008,ITO,HI,AWP,WE,Combined TRACON& Tower with Radar,29,32,0,0,61,0,112,20,1,133,29,144,20,1,194,16,0,16,210
06/22/2008,ITO,HI,AWP,WE,Combined TRACON& Tower with Radar,30,33,6,0,69,0,67,16,1,84,30,100,22,1,153,30,0,30,183
06/23/2008,ITO,HI,AWP,WE,Combined TRACON& Tower with Radar,37,39,2,8,86,0,117,20,0,137,37,156,22,8,223,22,24,46,269
06/24/2008,ITO,HI,AWP,WE,Combined TRACON& Tower with Radar,38,40,3,0,81,0,131,22,18,171,38,171,25,18,252,42,0,42,294
06/25/2008,ITO,HI,AWP,WE,Combined TRACON& Tower with Radar,37,38,0,2,77,0,95,19,6,120,37,133,19,8,197,12,2,14,211
06/26/2008,ITO,HI,AWP,WE,Combined TRACON& Tower with Radar,41,31,1,2,75,0,100,19,3,122,41,131,20,5,197,72,2,74,271
06/27/2008,ITO,HI,AWP,WE,Combined TRACON& Tower with Radar,41,40,0,0,81,0,83,13,2,98,41,123,13,2,179,22,0,22,201
06/28/2008,ITO,HI,AWP,WE,Combined TRACON& Tower with Radar,39,31,1,2,73,0,62,9,2,73,39,93,10,4,146,16,8,24,170
06/29/2008,ITO,HI,AWP,WE,Combined TRACON& Tower with Radar,28,33,0,0,61,0,90,34,3,127,28,123,34,3,188,32,4,36,224
06/30/2008,ITO,HI,AWP,WE,Combined TRACON& Tower with Radar,37,29,0,0,66,0,103,11,0,114,37,132,11,0,180,32,0,32,212
07/01/2008,ITO,HI,AWP,WE,Combined TRACON& Tower with Radar,44,33,0,2,79,0,137,18,4,159,44,170,18,6,238,26,4,30,268
07/02/2008,ITO,HI,AWP,WE,Combined TRACON& Tower with Radar,43,23,2,4,72,0,97,9,10,116,43,120,11,14,188,52,2,54,242
07/03/2008,ITO,HI,AWP,WE,Combined TRACON& Tower with Radar,45,27,0,1,73,0,94,24,1,119,45,121,24,2,192,24,0,24,216
07/04/2008,ITO,HI,AWP,WE,Combined TRACON& Tower with Radar,37,29,0,0,66,0,75,15,0,90,37,104,15,0,156,14,0,14,170
07/05/2008,ITO,HI,AWP,WE,Combined TRACON& Tower with Radar,31,28,1,0,60,0,111,5,0,116,31,139,6,0,176,20,0,20,196
07/06/2008,ITO,HI,AWP,WE,Combined TRACON& Tower with Radar,30,29,1,0,60,0,67,10,0,77,30,96,11,0,137,10,0,10,147
07/07/2008,ITO,HI,AWP,WE,Combined TRACON& Tower with Radar,41,32,0,0,73,0,107,31,0,138,41,139,31,0,211,32,0,32,243
07/08/2008,ITO,HI,AWP,WE,Combined TRACON& Tower with Radar,44,35,0,12,91,0,132,31,0,163,44,167,31,12,254,29,6,35,289
07/09/2008,ITO,HI,AWP,WE,Combined TRACON& Tower with Radar,40,24,0,17,81,0,80,30,0,110,40,104,30,17,191,20,10,30,221
07/10/2008,ITO,HI,AWP,WE,Combined TRACON& Tower with Radar,40,31,4,18,93,0,116,8,4,128,40,147,12,22,221,14,24,38,259
07/11/2008,ITO,HI,AWP,WE,Combined TRACON& Tower with Radar,41,31,1,5,78,0,106,14,2,122,41,137,15,7,200,4,2,6,206
07/12/2008,ITO,HI,AWP,WE,Combined TRACON& Tower with Radar,31,27,2,0,60,0,99,6,1,106,31,126,8,1,166,0,0,0,166
07/13/2008,ITO,HI,AWP,WE,Combined TRACON& Tower with Radar,30,22,1,0,53,0,105,19,1,125,30,127,20,1,178,62,0,62,240
07/14/2008,ITO,HI,AWP,WE,Combined TRACON& Tower with Radar,38,27,2,7,74,0,101,16,1,118,38,128,18,8,192,22,0,22,214
07/15/2008,ITO,HI,AWP,WE,Combined TRACON& Tower with Radar,36,25,2,1,64,0,151,19,1,171,36,176,21,2,235,31,2,33,268
07/16/2008,ITO,HI,AWP,WE,Combined TRACON& Tower with Radar,35,26,0,0,61,0,104,15,0,119,35,130,15,0,180,9,0,9,189
07/17/2008,ITO,HI,AWP,WE,Combined TRACON& Tower with Radar,42,21,0,0,63,0,86,17,0,103,42,107,17,0,166,12,0,12,178
07/18/2008,ITO,HI,AWP,WE,Combined TRACON& Tower with Radar,34,30,0,0,64,0,105,10,2,117,34,135,10,2,181,12,0,12,193
07/19/2008,ITO,HI,AWP,WE,Combined TRACON& Tower with Radar,33,34,1,4,72,0,70,16,2,88,33,104,17,6,160,16,2,18,178
07/20/2008,ITO,HI,AWP,WE,Combined TRACON& Tower with Radar,30,27,6,0,63,0,95,15,0,110,30,122,21,0,173,44,0,44,217
07/21/2008,ITO,HI,AWP,WE,Combined TRACON& Tower with Radar,44,30,1,8,83,0,93,11,0,104,44,123,12,8,187,28,0,28,215
07/22/2008,ITO,HI,AWP,WE,Combined TRACON& Tower with Radar,40,29,1,3,73,0,82,9,4,95,40,111,10,7,168,20,0,20,188
07/23/2008,ITO,HI,AWP,WE,Combined TRACON& Tower with Radar,36,28,2,8,74,0,72,2,0,74,36,100,4,8,148,6,2,8,156
07/24/2008,ITO,HI,AWP,WE,Combined TRACON& Tower with Radar,43,25,2,6,76,0,120,25,6,151,43,145,27,12,227,18,6,24,251
07/25/2008,ITO,HI,AWP,WE,Combined TRACON& Tower with Radar,41,27,1,8,77,0,68,14,3,85,41,95,15,11,162,32,6,38,200
07/26/2008,ITO,HI,AWP,WE,Combined TRACON& Tower with Radar,32,25,0,2,59,0,75,25,1,101,32,100,25,3,160,18,0,18,178
07/27/2008,ITO,HI,AWP,WE,Combined TRACON& Tower with Radar,32,25,0,0,57,0,91,20,0,111,32,116,20,0,168,26,0,26,194
07/28/2008,ITO,HI,AWP,WE,Combined TRACON& Tower with Radar,37,20,2,2,61,0,109,21,2,132,37,129,23,4,193,27,0,27,220
07/29/2008,ITO,HI,AWP,WE,Combined TRACON& Tower with Radar,41,24,0,2,67,0,131,27,0,158,41,155,27,2,225,26,6,32,257
07/30/2008,ITO,HI,AWP,WE,Combined TRACON& Tower with Radar,38,27,5,1,71,0,86,7,2,95,38,113,12,3,166,28,0,28,194
07/31/2008,ITO,HI,AWP,WE,Combined TRACON& Tower with Radar,39,25,0,0,64,0,113,14,0,127,39,138,14,0,191,50,0,50,241
08/01/2008,ITO,HI,AWP,WE,Combined TRACON& Tower with Radar,37,30,0,5,72,0,92,10,2,104,37,122,10,7,176,32,1,33,209
08/02/2008,ITO,HI,AWP,WE,Combined TRACON& Tower with Radar,30,25,1,1,57,0,104,14,1,119,30,129,15,2,176,30,0,30,206
08/03/2008,ITO,HI,AWP,WE,Combined TRACON& Tower with Radar,32,26,4,2,64,0,77,9,0,86,32,103,13,2,150,22,0,22,172
08/04/2008,ITO,HI,AWP,WE,Combined TRACON& Tower with Radar,42,27,0,0,69,0,92,14,0,106,42,119,14,0,175,8,0,8,183
08/05/2008,ITO,HI,AWP,WE,Combined TRACON& Tower with Radar,43,35,1,8,87,0,109,14,7,130,43,144,15,15,217,44,16,60,277
08/06/2008,ITO,HI,AWP,WE,Combined TRACON& Tower with Radar,39,37,2,1,79,0,67,8,0,75,39,104,10,1,154,24,0,24,178
08/07/2008,ITO,HI,AWP,WE,Combined TRACON& Tower with Radar,40,31,4,2,77,0,88,6,0,94,40,119,10,2,171,14,0,14,185
08/08/2008,ITO,HI,AWP,WE,Combined TRACON& Tower with Radar,39,27,2,6,74,0,110,10,0,120,39,137,12,6,194,16,2,18,212
08/09/2008,ITO,HI,AWP,WE,Combined TRACON& Tower with Radar,30,28,3,5,66,0,74,12,2,88,30,102,15,7,154,34,8,42,196
08/10/2008,ITO,HI,AWP,WE,Combined TRACON& Tower with Radar,29,27,2,0,58,0,87,14,1,102,29,114,16,1,160,28,0,28,188
08/11/2008,ITO,HI,AWP,WE,Combined TRACON& Tower with Radar,42,29,0,8,79,0,111,9,5,125,42,140,9,13,204,14,0,14,218
08/12/2008,ITO,HI,AWP,WE,Combined TRACON& Tower with Radar,39,32,0,0,71,0,143,7,0,150,39,175,7,0,221,36,0,36,257
08/13/2008,ITO,HI,AWP,WE,Combined TRACON& Tower with Radar,41,26,3,6,76,0,86,9,1,96,41,112,12,7,172,22,0,22,194
08/14/2008,ITO,HI,AWP,WE,Combined TRACON& Tower with Radar,39,27,3,1,70,0,117,8,1,126,39,144,11,2,196,18,0,18,214
08/15/2008,ITO,HI,AWP,WE,Combined TRACON& Tower with Radar,42,23,0,0,65,0,134,8,2,144,42,157,8,2,209,28,0,28,237
08/16/2008,ITO,HI,AWP,WE,Combined TRACON& Tower with Radar,30,29,2,1,62,0,67,1,1,69,30,96,3,2,131,19,0,19,150
08/17/2008,ITO,HI,AWP,WE,Combined TRACON& Tower with Radar,29,22,0,0,51,0,70,16,0,86,29,92,16,0,137,24,0,24,161
08/18/2008,ITO,HI,AWP,WE,Combined TRACON& Tower with Radar,46,26,0,1,73,0,107,28,6,141,46,133,28,7,214,34,0,34,248
08/19/2008,ITO,HI,AWP,WE,Combined TRACON& Tower with Radar,59,28,2,1,90,0,118,29,1,148,59,146,31,2,238,41,0,41,279
08/20/2008,ITO,HI,AWP,WE,Combined TRACON& Tower with Radar,45,29,2,0,76,0,101,24,1,126,45,130,26,1,202,28,4,32,234
08/21/2008,ITO,HI,AWP,WE,Combined TRACON& Tower with Radar,39,24,0,8,71,0,67,11,4,82,39,91,11,12,153,34,30,64,217
08/22/2008,ITO,HI,AWP,WE,Combined TRACON& Tower with Radar,37,33,2,16,88,0,74,19,9,102,37,107,21,25,190,12,50,62,252
08/23/2008,ITO,HI,AWP,WE,Combined TRACON& Tower with Radar,29,28,4,0,61,0,65,21,0,86,29,93,25,0,147,33,0,33,180
08/24/2008,ITO,HI,AWP,WE,Combined TRACON& Tower with Radar,31,28,1,0,60,0,51,13,0,64,31,79,14,0,124,30,0,30,154
08/25/2008,ITO,HI,AWP,WE,Combined TRACON& Tower with Radar,39,25,2,9,75,0,81,15,1,97,39,106,17,10,172,57,5,62,234
08/26/2008,ITO,HI,AWP,WE,Combined TRACON& Tower with Radar,39,30,1,0,70,0,128,7,0,135,39,158,8,0,205,22,0,22,227
08/27/2008,ITO,HI,AWP,WE,Combined TRACON& Tower with Radar,41,26,0,6,73,0,69,17,4,90,41,95,17,10,163,36,0,36,199
08/28/2008,ITO,HI,AWP,WE,Combined TRACON& Tower with Radar,42,24,1,1,68,0,79,11,0,90,42,103,12,1,158,22,0,22,180
08/29/2008,ITO,HI,AWP,WE,Combined TRACON& Tower with Radar,40,26,2,0,68,0,54,22,4,80,40,80,24,4,148,42,0,42,190
08/30/2008,ITO,HI,AWP,WE,Combined TRACON& Tower with Radar,33,23,0,0,56,0,75,20,0,95,33,98,20,0,151,42,0,42,193
08/31/2008,ITO,HI,AWP,WE,Combined TRACON& Tower with Radar,28,24,2,0,54,0,73,21,0,94,28,97,23,0,148,58,0,58,206
09/01/2008,ITO,HI,AWP,WE,Combined TRACON& Tower with Radar,34,22,1,0,57,0,48,9,0,57,34,70,10,0,114,32,0,32,146
09/02/2008,ITO,HI,AWP,WE,Combined TRACON& Tower with Radar,41,31,2,5,79,0,120,10,0,130,41,151,12,5,209,27,8,35,244
09/03/2008,ITO,HI,AWP,WE,Combined TRACON& Tower with Radar,36,28,0,3,67,0,62,15,5,82,36,90,15,8,149,39,12,51,200
09/04/2008,ITO,HI,AWP,WE,Combined TRACON& Tower with Radar,40,23,0,0,63,0,84,11,0,95,40,107,11,0,158,22,0,22,180
09/05/2008,ITO,HI,AWP,WE,Combined TRACON& Tower with Radar,40,30,1,4,75,0,49,23,0,72,40,79,24,4,147,16,0,16,163
09/06/2008,ITO,HI,AWP,WE,Combined TRACON& Tower with Radar,31,24,1,2,58,0,45,18,1,64,31,69,19,3,122,30,0,30,152
09/07/2008,ITO,HI,AWP,WE,Combined TRACON& Tower with Radar,31,24,0,2,57,0,78,12,2,92,31,102,12,4,149,29,0,29,178
09/08/2008,ITO,HI,AWP,WE,Combined TRACON& Tower with Radar,37,27,1,0,65,0,60,17,0,77,37,87,18,0,142,70,0,70,212
09/09/2008,ITO,HI,AWP,WE,Combined TRACON& Tower with Radar,37,25,0,3,65,0,120,26,0,146,37,145,26,3,211,60,18,78,289
09/10/2008,ITO,HI,AWP,WE,Combined TRACON& Tower with Radar,41,28,1,0,70,0,76,11,0,87,41,104,12,0,157,36,0,36,193
09/11/2008,ITO,HI,AWP,WE,Combined TRACON& Tower with Radar,38,28,6,0,72,0,71,11,4,86,38,99,17,4,158,44,0,44,202
09/12/2008,ITO,HI,AWP,WE,Combined TRACON& Tower with Radar,38,28,1,3,70,0,53,15,1,69,38,81,16,4,139,8,14,22,161
09/13/2008,ITO,HI,AWP,WE,Combined TRACON& Tower with Radar,31,22,4,4,61,0,69,15,1,85,31,91,19,5,146,19,8,27,173
09/14/2008,ITO,HI,AWP,WE,Combined TRACON& Tower with Radar,33,24,8,0,65,0,65,17,2,84,33,89,25,2,149,14,0,14,163
09/15/2008,ITO,HI,AWP,WE,Combined TRACON& Tower with Radar,40,38,0,2,80,0,70,23,0,93,40,108,23,2,173,46,0,46,219
09/16/2008,ITO,HI,AWP,WE,Combined TRACON& Tower with Radar,39,25,6,8,78,0,112,16,1,129,39,137,22,9,207,32,11,43,250
09/17/2008,ITO,HI,AWP,WE,Combined TRACON& Tower with Radar,37,33,1,6,77,0,83,11,1,95,37,116,12,7,172,12,12,24,196
09/18/2008,ITO,HI,AWP,WE,Combined TRACON& Tower with Radar,43,32,6,0,81,0,71,21,3,95,43,103,27,3,176,20,0,20,196
09/19/2008,ITO,HI,AWP,WE,Combined TRACON& Tower with Radar,37,29,2,5,73,0,68,13,1,82,37,97,15,6,155,30,4,34,189
09/20/2008,ITO,HI,AWP,WE,Combined TRACON& Tower with Radar,29,30,3,0,62,0,53,18,0,71,29,83,21,0,133,26,0,26,159
09/21/2008,ITO,HI,AWP,WE,Combined TRACON& Tower with Radar,29,25,3,0,57,0,65,24,0,89,29,90,27,0,146,45,0,45,191
09/22/2008,ITO,HI,AWP,WE,Combined TRACON& Tower with Radar,42,27,2,11,82,0,54,6,0,60,42,81,8,11,142,8,0,8,150
09/23/2008,ITO,HI,AWP,WE,Combined TRACON& Tower with Radar,45,30,0,0,75,0,98,22,2,122,45,128,22,2,197,22,0,22,219
09/24/2008,ITO,HI,AWP,WE,Combined TRACON& Tower with Radar,41,29,0,1,71,0,82,9,2,93,41,111,9,3,164,20,0,20,184
09/25/2008,ITO,HI,AWP,WE,Combined TRACON& Tower with Radar,41,39,3,6,89,0,67,9,1,77,41,106,12,7,166,22,0,22,188
09/26/2008,ITO,HI,AWP,WE,Combined TRACON& Tower with Radar,38,38,0,0,76,0,56,17,0,73,38,94,17,0,149,10,0,10,159
09/27/2008,ITO,HI,AWP,WE,Combined TRACON& Tower with Radar,30,28,7,0,65,0,57,22,0,79,30,85,29,0,144,20,0,20,164
09/28/2008,ITO,HI,AWP,WE,Combined TRACON& Tower with Radar,30,25,2,0,57,0,90,9,0,99,30,115,11,0,156,27,0,27,183
09/29/2008,ITO,HI,AWP,WE,Combined TRACON& Tower with Radar,37,33,7,1,78,0,79,9,1,89,37,112,16,2,167,27,16,43,210
09/30/2008,ITO,HI,AWP,WE,Combined TRACON& Tower with Radar,46,35,2,6,89,0,29,1,2,32,46,64,3,8,121,13,9,22,143
10/01/2008,ITO,HI,AWP,WE,Combined TRACON& Tower with Radar,38,32,9,8,87,0,71,7,0,78,38,103,16,8,165,8,4,12,177
10/02/2008,ITO,HI,AWP,WE,Combined TRACON& Tower with Radar,35,29,3,8,75,0,83,16,9,108,35,112,19,17,183,21,8,29,212
10/03/2008,ITO,HI,AWP,WE,Combined TRACON& Tower with Radar,39,29,1,12,81,0,105,17,0,122,39,134,18,12,203,16,12,28,231
10/04/2008,ITO,HI,AWP,WE,Combined TRACON& Tower with Radar,30,23,1,12,66,0,79,16,21,116,30,102,17,33,182,36,16,52,234
10/05/2008,ITO,HI,AWP,WE,Combined TRACON& Tower with Radar,29,22,5,2,58,0,64,8,3,75,29,86,13,5,133,13,0,13,146
10/06/2008,ITO,HI,AWP,WE,Combined TRACON& Tower with Radar,42,30,3,0,75,0,106,13,2,121,42,136,16,2,196,23,0,23,219
10/07/2008,ITO,HI,AWP,WE,Combined TRACON& Tower with Radar,39,27,1,4,71,0,124,17,0,141,39,151,18,4,212,19,4,23,235
10/08/2008,ITO,HI,AWP,WE,Combined TRACON& Tower with Radar,40,26,0,6,72,0,76,12,0,88,40,102,12,6,160,10,14,24,184
10/09/2008,ITO,HI,AWP,WE,Combined TRACON& Tower with Radar,39,24,0,2,65,0,114,26,1,141,39,138,26,3,206,38,0,38,244
10/10/2008,ITO,HI,AWP,WE,Combined TRACON& Tower with Radar,37,30,1,0,68,0,95,11,0,106,37,125,12,0,174,8,0,8,182
10/11/2008,ITO,HI,AWP,WE,Combined TRACON& Tower with Radar,31,34,1,4,70,0,44,19,3,66,31,78,20,7,136,20,6,26,162
10/12/2008,ITO,HI,AWP,WE,Combined TRACON& Tower with Radar,31,24,3,0,58,0,105,11,0,116,31,129,14,0,174,27,0,27,201
10/13/2008,ITO,HI,AWP,WE,Combined TRACON& Tower with Radar,36,31,0,0,67,0,88,12,0,100,36,119,12,0,167,16,0,16,183
10/14/2008,ITO,HI,AWP,WE,Combined TRACON& Tower with Radar,39,35,0,1,75,0,84,30,1,115,39,119,30,2,190,42,0,42,232
10/15/2008,ITO,HI,AWP,WE,Combined TRACON& Tower with Radar,43,36,1,2,82,0,14,1,1,16,43,50,2,3,98,0,0,0,98
10/16/2008,ITO,HI,AWP,WE,Combined TRACON& Tower with Radar,40,28,1,6,75,0,105,22,0,127,40,133,23,6,202,32,16,48,250
10/17/2008,ITO,HI,AWP,WE,Combined TRACON& Tower with Radar,46,33,3,8,90,0,69,23,0,92,46,102,26,8,182,22,0,22,204
10/18/2008,ITO,HI,AWP,WE,Combined TRACON& Tower with Radar,30,32,0,0,62,0,80,17,0,97,30,112,17,0,159,43,0,43,202
10/19/2008,ITO,HI,AWP,WE,Combined TRACON& Tower with Radar,29,24,2,2,57,0,57,8,0,65,29,81,10,2,122,10,0,10,132
10/20/2008,ITO,HI,AWP,WE,Combined TRACON& Tower with Radar,34,28,5,10,77,0,99,7,0,106,34,127,12,10,183,40,12,52,235
10/21/2008,ITO,HI,AWP,WE,Combined TRACON& Tower with Radar,38,30,1,1,70,0,8,2,10,20,38,38,3,11,90,0,0,0,90
10/22/2008,ITO,HI,AWP,WE,Combined TRACON& Tower with Radar,36,37,9,10,92,0,102,10,0,112,36,139,19,10,204,16,0,16,220
10/23/2008,ITO,HI,AWP,WE,Combined TRACON& Tower with Radar,42,32,1,2,77,0,66,13,0,79,42,98,14,2,156,18,12,30,186
10/24/2008,ITO,HI,AWP,WE,Combined TRACON& Tower with Radar,41,31,0,5,77,0,44,26,4,74,41,75,26,9,151,27,32,59,210
10/25/2008,ITO,HI,AWP,WE,Combined TRACON& Tower with Radar,32,29,0,0,61,0,44,16,0,60,32,73,16,0,121,12,0,12,133
10/26/2008,ITO,HI,AWP,WE,Combined TRACON& Tower with Radar,27,28,0,0,55,0,123,19,0,142,27,151,19,0,197,38,0,38,235
10/27/2008,ITO,HI,AWP,WE,Combined TRACON& Tower with Radar,41,31,1,2,75,0,69,15,6,90,41,100,16,8,165,18,12,30,195
10/28/2008,ITO,HI,AWP,WE,Combined TRACON& Tower with Radar,38,28,1,8,75,0,102,11,5,118,38,130,12,13,193,14,52,66,259
10/29/2008,ITO,HI,AWP,WE,Combined TRACON& Tower with Radar,35,31,3,3,72,0,57,17,7,81,35,88,20,10,153,26,33,59,212
10/30/2008,ITO,HI,AWP,WE,Combined TRACON& Tower with Radar,36,25,0,2,63,0,74,15,1,90,36,99,15,3,153,30,0,30,183
10/31/2008,ITO,HI,AWP,WE,Combined TRACON& Tower with Radar,34,29,2,2,67,0,35,10,9,54,34,64,12,11,121,6,26,32,153
11/01/2008,ITO,HI,AWP,WE,Combined TRACON& Tower with Radar,32,27,4,0,63,0,47,7,0,54,32,74,11,0,117,38,0,38,155
11/02/2008,ITO,HI,AWP,WE,Combined TRACON& Tower with Radar,33,25,2,0,60,0,40,16,0,56,33,65,18,0,116,12,0,12,128
11/03/2008,ITO,HI,AWP,WE,Combined TRACON& Tower with Radar,38,28,1,6,73,0,76,9,0,85,38,104,10,6,158,28,0,28,186
11/04/2008,ITO,HI,AWP,WE,Combined TRACON& Tower with Radar,36,29,3,2,70,0,88,8,7,103,36,117,11,9,173,10,48,58,231
11/05/2008,ITO,HI,AWP,WE,Combined TRACON& Tower with Radar,38,28,1,4,71,0,58,20,21,99,38,86,21,25,170,30,55,85,255
11/06/2008,ITO,HI,AWP,WE,Combined TRACON& Tower with Radar,37,23,0,11,71,0,59,21,3,83,37,82,21,14,154,8,42,50,204
11/07/2008,ITO,HI,AWP,WE,Combined TRACON& Tower with Radar,37,29,2,1,69,0,51,7,1,59,37,80,9,2,128,38,0,38,166
11/08/2008,ITO,HI,AWP,WE,Combined TRACON& Tower with Radar,32,29,0,0,61,0,40,7,6,53,32,69,7,6,114,10,0,10,124
11/09/2008,ITO,HI,AWP,WE,Combined TRACON& Tower with Radar,31,26,3,0,60,0,60,22,0,82,31,86,25,0,142,48,0,48,190
11/10/2008,ITO,HI,AWP,WE,Combined TRACON& Tower with Radar,41,27,2,12,82,0,74,9,1,84,41,101,11,13,166,30,14,44,210
11/11/2008,ITO,HI,AWP,WE,Combined TRACON& Tower with Radar,34,27,0,0,61,0,106,16,0,122,34,133,16,0,183,26,0,26,209
11/12/2008,ITO,HI,AWP,WE,Combined TRACON& Tower with Radar,38,29,4,1,72,0,38,11,3,52,38,67,15,4,124,22,28,50,174
11/13/2008,ITO,HI,AWP,WE,Combined TRACON& Tower with Radar,44,30,14,19,107,0,51,11,1,63,44,81,25,20,170,22,24,46,216
11/14/2008,ITO,HI,AWP,WE,Combined TRACON& Tower with Radar,43,31,1,3,78,0,92,10,2,104,43,123,11,5,182,18,0,18,200
11/15/2008,ITO,HI,AWP,WE,Combined TRACON& Tower with Radar,32,27,1,1,61,0,42,11,1,54,32,69,12,2,115,12,0,12,127
11/16/2008,ITO,HI,AWP,WE,Combined TRACON& Tower with Radar,31,26,2,0,59,0,39,14,2,55,31,65,16,2,114,36,0,36,150
11/17/2008,ITO,HI,AWP,WE,Combined TRACON& Tower with Radar,38,32,0,10,80,0,92,11,0,103,38,124,11,10,183,26,4,30,213
11/18/2008,ITO,HI,AWP,WE,Combined TRACON& Tower with Radar,41,38,0,7,86,0,65,6,0,71,41,103,6,7,157,14,8,22,179
11/19/2008,ITO,HI,AWP,WE,Combined TRACON& Tower with Radar,38,33,1,6,78,0,73,15,2,90,38,106,16,8,168,21,6,27,195
11/20/2008,ITO,HI,AWP,WE,Combined TRACON& Tower with Radar,40,29,2,4,75,0,57,10,0,67,40,86,12,4,142,10,2,12,154
11/21/2008,ITO,HI,AWP,WE,Combined TRACON& Tower with Radar,40,29,3,6,78,0,53,12,0,65,40,82,15,6,143,12,0,12,155
11/22/2008,ITO,HI,AWP,WE,Combined TRACON& Tower with Radar,34,27,1,0,62,0,32,2,0,34,34,59,3,0,96,29,0,29,125
11/23/2008,ITO,HI,AWP,WE,Combined TRACON& Tower with Radar,34,26,0,0,60,0,41,5,2,48,34,67,5,2,108,2,0,2,110
11/24/2008,ITO,HI,AWP,WE,Combined TRACON& Tower with Radar,38,28,0,6,72,0,41,16,6,63,38,69,16,12,135,8,32,40,175
11/25/2008,ITO,HI,AWP,WE,Combined TRACON& Tower with Radar,40,28,0,10,78,0,115,15,0,130,40,143,15,10,208,28,10,38,246
11/26/2008,ITO,HI,AWP,WE,Combined TRACON& Tower with Radar,42,26,3,3,74,0,57,17,0,74,42,83,20,3,148,14,8,22,170
11/27/2008,ITO,HI,AWP,WE,Combined TRACON& Tower with Radar,30,25,0,0,55,0,62,11,0,73,30,87,11,0,128,44,0,44,172
11/28/2008,ITO,HI,AWP,WE,Combined TRACON& Tower with Radar,35,27,0,4,66,0,65,26,0,91,35,92,26,4,157,19,4,23,180
11/29/2008,ITO,HI,AWP,WE,Combined TRACON& Tower with Radar,38,31,0,0,69,0,34,30,0,64,38,65,30,0,133,18,0,18,151
11/30/2008,ITO,HI,AWP,WE,Combined TRACON& Tower with Radar,33,24,0,0,57,0,37,15,0,52,33,61,15,0,109,16,0,16,125
12/01/2008,ITO,HI,AWP,WE,Combined TRACON& Tower with Radar,42,28,1,5,76,0,93,13,0,106,42,121,14,5,182,50,10,60,242
12/02/2008,ITO,HI,AWP,WE,Combined TRACON& Tower with Radar,37,31,2,12,82,0,100,11,1,112,37,131,13,13,194,22,14,36,230
12/03/2008,ITO,HI,AWP,WE,Combined TRACON& Tower with Radar,35,33,5,3,76,0,56,16,4,76,35,89,21,7,152,28,0,28,180
12/04/2008,ITO,HI,AWP,WE,Combined TRACON& Tower with Radar,36,29,4,0,69,0,52,21,4,77,36,81,25,4,146,18,0,18,164
12/05/2008,ITO,HI,AWP,WE,Combined TRACON& Tower with Radar,41,28,1,2,72,0,68,21,2,91,41,96,22,4,163,26,0,26,189
12/06/2008,ITO,HI,AWP,WE,Combined TRACON& Tower with Radar,33,30,2,2,67,0,57,21,6,84,33,87,23,8,151,39,0,39,190
12/07/2008,ITO,HI,AWP,WE,Combined TRACON& Tower with Radar,31,27,1,4,63,0,47,13,2,62,31,74,14,6,125,26,0,26,151
12/08/2008,ITO,HI,AWP,WE,Combined TRACON& Tower with Radar,41,29,1,15,86,0,48,16,9,73,41,77,17,24,159,32,87,119,278
12/09/2008,ITO,HI,AWP,WE,Combined TRACON& Tower with Radar,38,29,0,28,95,0,83,12,11,106,38,112,12,39,201,26,92,118,319
12/10/2008,ITO,HI,AWP,WE,Combined TRACON& Tower with Radar,41,38,0,26,105,0,50,10,3,63,41,88,10,29,168,24,34,58,226
12/11/2008,ITO,HI,AWP,WE,Combined TRACON& Tower with Radar,38,29,0,1,68,0,19,9,1,29,38,48,9,2,97,28,0,28,125
12/12/2008,ITO,HI,AWP,WE,Combined TRACON& Tower with Radar,38,28,0,9,75,0,39,7,1,47,38,67,7,10,122,28,10,38,160
12/13/2008,ITO,HI,AWP,WE,Combined TRACON& Tower with Radar,37,27,0,9,73,0,25,9,1,35,37,52,9,10,108,24,14,38,146
12/14/2008,ITO,HI,AWP,WE,Combined TRACON& Tower with Radar,37,28,0,1,66,0,41,8,0,49,37,69,8,1,115,0,0,0,115
12/15/2008,ITO,HI,AWP,WE,Combined TRACON& Tower with Radar,39,29,0,4,72,0,88,10,2,100,39,117,10,6,172,10,10,20,192
12/16/2008,ITO,HI,AWP,WE,Combined TRACON& Tower with Radar,43,33,1,14,91,0,88,14,3,105,43,121,15,17,196,12,32,44,240
12/17/2008,ITO,HI,AWP,WE,Combined TRACON& Tower with Radar,45,30,2,3,80,0,58,12,5,75,45,88,14,8,155,26,0,26,181
12/18/2008,ITO,HI,AWP,WE,Combined TRACON& Tower with Radar,45,26,0,16,87,0,56,13,4,73,45,82,13,20,160,62,20,82,242
12/19/2008,ITO,HI,AWP,WE,Combined TRACON& Tower with Radar,43,26,1,10,80,0,35,19,1,55,43,61,20,11,135,32,6,38,173
12/20/2008,ITO,HI,AWP,WE,Combined TRACON& Tower with Radar,34,25,1,3,63,0,45,8,2,55,34,70,9,5,118,36,2,38,156
12/21/2008,ITO,HI,AWP,WE,Combined TRACON& Tower with Radar,33,23,2,0,58,0,61,18,2,81,33,84,20,2,139,28,0,28,167
12/22/2008,ITO,HI,AWP,WE,Combined TRACON& Tower with Radar,47,26,0,18,91,0,80,11,7,98,47,106,11,25,189,24,64,88,277
12/23/2008,ITO,HI,AWP,WE,Combined TRACON& Tower with Radar,45,36,4,17,102,0,143,13,5,161,45,179,17,22,263,26,63,89,352
12/24/2008,ITO,HI,AWP,WE,Combined TRACON& Tower with Radar,44,31,0,2,77,0,156,6,4,166,44,187,6,6,243,24,4,28,271
12/25/2008,ITO,HI,AWP,WE,Combined TRACON& Tower with Radar,38,23,0,0,61,0,42,4,0,46,38,65,4,0,107,4,0,4,111
12/26/2008,ITO,HI,AWP,WE,Combined TRACON& Tower with Radar,37,29,0,1,67,0,0,3,0,3,37,29,3,1,70,0,0,0,70
12/27/2008,ITO,HI,AWP,WE,Combined TRACON& Tower with Radar,47,31,2,0,80,0,106,8,0,114,47,137,10,0,194,24,0,24,218
12/28/2008,ITO,HI,AWP,WE,Combined TRACON& Tower with Radar,38,35,4,0,77,0,44,0,0,44,38,79,4,0,121,8,0,8,129
12/29/2008,ITO,HI,AWP,WE,Combined TRACON& Tower with Radar,38,31,1,20,90,0,143,26,10,179,38,174,27,30,269,72,32,104,373
12/30/2008,ITO,HI,AWP,WE,Combined TRACON& Tower with Radar,40,36,2,4,82,0,8,0,0,8,40,44,2,4,90,6,0,6,96
12/31/2008,ITO,HI,AWP,WE,Combined TRACON& Tower with Radar,40,29,0,11,80,0,96,19,0,115,40,125,19,11,195,25,42,67,262
01/01/2009,ITO,HI,AWP,WE,Combined TRACON& Tower with Radar,33,20,2,0,55,0,92,13,0,105,33,112,15,0,160,34,0,34,194
01/02/2009,ITO,HI,AWP,WE,Combined TRACON& Tower with Radar,43,28,0,0,71,0,77,11,0,88,43,105,11,0,159,16,0,16,175
01/03/2009,ITO,HI,AWP,WE,Combined TRACON& Tower with Radar,35,28,0,0,63,0,88,5,0,93,35,116,5,0,156,42,0,42,198
01/04/2009,ITO,HI,AWP,WE,Combined TRACON& Tower with Radar,34,31,3,0,68,0,90,16,0,106,34,121,19,0,174,50,0,50,224
01/05/2009,ITO,HI,AWP,WE,Combined TRACON& Tower with Radar,38,26,0,6,70,0,82,13,7,102,38,108,13,13,172,18,8,26,198
01/06/2009,ITO,HI,AWP,WE,Combined TRACON& Tower with Radar,43,33,3,11,90,0,130,20,3,153,43,163,23,14,243,48,22,70,313
01/07/2009,ITO,HI,AWP,WE,Combined TRACON& Tower with Radar,46,31,3,13,93,0,93,9,2,104,46,124,12,15,197,31,18,49,246
01/08/2009,ITO,HI,AWP,WE,Combined TRACON& Tower with Radar,43,27,2,18,90,0,57,17,5,79,43,84,19,23,169,52,14,66,235
01/09/2009,ITO,HI,AWP,WE,Combined TRACON& Tower with Radar,38,30,3,22,93,0,67,12,5,84,38,97,15,27,177,31,22,53,230
01/10/2009,ITO,HI,AWP,WE,Combined TRACON& Tower with Radar,40,33,0,7,80,0,50,16,0,66,40,83,16,7,146,46,30,76,222
01/11/2009,ITO,HI,AWP,WE,Combined TRACON& Tower with Radar,32,28,0,10,70,0,73,21,7,101,32,101,21,17,171,14,38,52,223
01/12/2009,ITO,HI,AWP,WE,Combined TRACON& Tower with Radar,43,34,2,17,96,0,115,36,6,157,43,149,38,23,253,54,26,80,333
01/13/2009,ITO,HI,AWP,WE,Combined TRACON& Tower with Radar,45,43,2,8,98,0,117,28,3,148,45,160,30,11,246,22,34,56,302
01/14/2009,ITO,HI,AWP,WE,Combined TRACON& Tower with Radar,40,36,2,9,87,0,77,18,5,100,40,113,20,14,187,24,66,90,277
01/15/2009,ITO,HI,AWP,WE,Combined TRACON& Tower with Radar,41,24,0,10,75,0,64,17,7,88,41,88,17,17,163,26,117,143,306
01/16/2009,ITO,HI,AWP,WE,Combined TRACON& Tower with Radar,38,26,3,2,69,0,51,18,0,69,38,77,21,2,138,36,2,38,176
01/17/2009,ITO,HI,AWP,WE,Combined TRACON& Tower with Radar,35,24,1,1,61,0,69,24,0,93,35,93,25,1,154,30,0,30,184
01/18/2009,ITO,HI,AWP,WE,Combined TRACON& Tower with Radar,32,25,0,0,57,0,53,31,0,84,32,78,31,0,141,26,0,26,167
01/19/2009,ITO,HI,AWP,WE,Combined TRACON& Tower with Radar,38,28,1,0,67,0,71,19,0,90,38,99,20,0,157,30,0,30,187
01/20/2009,ITO,HI,AWP,WE,Combined TRACON& Tower with Radar,39,27,1,28,95,0,105,11,2,118,39,132,12,30,213,30,14,44,257
01/21/2009,ITO,HI,AWP,WE,Combined TRACON& Tower with Radar,40,31,1,8,80,0,97,12,3,112,40,128,13,11,192,16,34,50,242
01/22/2009,ITO,HI,AWP,WE,Combined TRACON& Tower with Radar,40,27,0,1,68,0,75,25,0,100,40,102,25,1,168,70,20,90,258
01/23/2009,ITO,HI,AWP,WE,Combined TRACON& Tower with Radar,39,31,4,4,78,0,71,4,2,77,39,102,8,6,155,16,12,28,183
01/24/2009,ITO,HI,AWP,WE,Combined TRACON& Tower with Radar,33,26,0,4,63,0,62,10,0,72,33,88,10,4,135,22,2,24,159
01/25/2009,ITO,HI,AWP,WE,Combined TRACON& Tower with Radar,31,28,1,0,60,0,61,21,0,82,31,89,22,0,142,38,0,38,180
01/26/2009,ITO,HI,AWP,WE,Combined TRACON& Tower with Radar,38,26,4,32,100,0,83,13,8,104,38,109,17,40,204,30,104,134,338
01/27/2009,ITO,HI,AWP,WE,Combined TRACON& Tower with Radar,42,38,1,5,86,0,96,14,6,116,42,134,15,11,202,38,62,100,302
01/28/2009,ITO,HI,AWP,WE,Combined TRACON& Tower with Radar,42,34,0,2,78,0,59,6,0,65,42,93,6,2,143,12,0,12,155
01/29/2009,ITO,HI,AWP,WE,Combined TRACON& Tower with Radar,41,24,0,0,65,0,79,25,3,107,41,103,25,3,172,40,14,54,226
01/30/2009,ITO,HI,AWP,WE,Combined TRACON& Tower with Radar,36,30,0,2,68,0,47,9,0,56,36,77,9,2,124,18,0,18,142
01/31/2009,ITO,HI,AWP,WE,Combined TRACON& Tower with Radar,35,22,4,6,67,0,72,19,0,91,35,94,23,6,158,16,14,30,188
02/01/2009,ITO,HI,AWP,WE,Combined TRACON& Tower with Radar,28,23,0,0,51,0,54,21,6,81,28,77,21,6,132,36,0,36,168
02/02/2009,ITO,HI,AWP,WE,Combined TRACON& Tower with Radar,40,36,4,1,81,0,48,18,0,66,40,84,22,1,147,26,0,26,173
02/03/2009,ITO,HI,AWP,WE,Combined TRACON& Tower with Radar,40,34,11,4,89,0,17,1,0,18,40,51,12,4,107,18,0,18,125
02/04/2009,ITO,HI,AWP,WE,Combined TRACON& Tower with Radar,38,28,0,24,90,0,63,7,7,77,38,91,7,31,167,12,30,42,209
02/05/2009,ITO,HI,AWP,WE,Combined TRACON& Tower with Radar,42,32,0,2,76,0,54,11,0,65,42,86,11,2,141,12,8,20,161
02/06/2009,ITO,HI,AWP,WE,Combined TRACON& Tower with Radar,39,26,0,3,68,0,86,13,1,100,39,112,13,4,168,51,6,57,225
02/07/2009,ITO,HI,AWP,WE,Combined TRACON& Tower with Radar,33,23,0,0,56,0,41,21,0,62,33,64,21,0,118,22,0,22,140
02/08/2009,ITO,HI,AWP,WE,Combined TRACON& Tower with Radar,31,28,6,0,65,0,86,11,2,99,31,114,17,2,164,24,0,24,188
02/09/2009,ITO,HI,AWP,WE,Combined TRACON& Tower with Radar,39,36,5,2,82,0,94,17,0,111,39,130,22,2,193,18,0,18,211
02/10/2009,ITO,HI,AWP,WE,Combined TRACON& Tower with Radar,39,32,4,11,86,0,109,10,5,124,39,141,14,16,210,26,26,52,262
02/11/2009,ITO,HI,AWP,WE,Combined TRACON& Tower with Radar,44,38,5,4,91,0,87,9,3,99,44,125,14,7,190,44,2,46,236
02/12/2009,ITO,HI,AWP,WE,Combined TRACON& Tower with Radar,40,35,2,1,78,0,53,20,2,75,40,88,22,3,153,24,3,27,180
02/13/2009,ITO,HI,AWP,WE,Combined TRACON& Tower with Radar,42,31,1,0,74,0,54,13,0,67,42,85,14,0,141,32,0,32,173
02/14/2009,ITO,HI,AWP,WE,Combined TRACON& Tower with Radar,34,26,0,0,60,0,86,10,0,96,34,112,10,0,156,60,0,60,216
02/15/2009,ITO,HI,AWP,WE,Combined TRACON& Tower with Radar,31,27,3,0,61,0,65,16,0,81,31,92,19,0,142,24,0,24,166
02/16/2009,ITO,HI,AWP,WE,Combined TRACON& Tower with Radar,38,23,1,6,68,0,114,15,3,132,38,137,16,9,200,83,38,121,321
02/17/2009,ITO,HI,AWP,WE,Combined TRACON& Tower with Radar,39,30,2,11,82,0,112,6,7,125,39,142,8,18,207,26,18,44,251
02/18/2009,ITO,HI,AWP,WE,Combined TRACON& Tower with Radar,39,30,4,11,84,0,126,19,2,147,39,156,23,13,231,32,17,49,280
02/19/2009,ITO,HI,AWP,WE,Combined TRACON& Tower with Radar,41,30,10,9,90,0,53,7,0,60,41,83,17,9,150,8,0,8,158
02/20/2009,ITO,HI,AWP,WE,Combined TRACON& Tower with Radar,39,26,2,2,69,0,51,13,1,65,39,77,15,3,134,60,42,102,236
02/21/2009,ITO,HI,AWP,WE,Combined TRACON& Tower with Radar,32,31,0,17,80,0,94,15,0,109,32,125,15,17,189,14,8,22,211
02/22/2009,ITO,HI,AWP,WE,Combined TRACON& Tower with Radar,31,28,4,2,65,0,68,18,0,86,31,96,22,2,151,36,0,36,187
02/23/2009,ITO,HI,AWP,WE,Combined TRACON& Tower with Radar,39,36,2,0,77,0,100,24,0,124,39,136,26,0,201,34,0,34,235
02/24/2009,ITO,HI,AWP,WE,Combined TRACON& Tower with Radar,41,28,1,6,76,0,108,15,2,125,41,136,16,8,201,4,8,12,213
02/25/2009,ITO,HI,AWP,WE,Combined TRACON& Tower with Radar,41,36,1,3,81,0,82,5,0,87,41,118,6,3,168,14,0,14,182
02/26/2009,ITO,HI,AWP,WE,Combined TRACON& Tower with Radar,35,34,0,21,90,0,76,8,1,85,35,110,8,22,175,8,28,36,211
02/27/2009,ITO,HI,AWP,WE,Combined TRACON& Tower with Radar,38,30,0,42,110,0,39,9,4,52,38,69,9,46,162,12,50,62,224
02/28/2009,ITO,HI,AWP,WE,Combined TRACON& Tower with Radar,36,26,1,0,63,0,65,16,0,81,36,91,17,0,144,20,0,20,164
03/01/2009,ITO,HI,AWP,WE,Combined TRACON& Tower with Radar,33,27,4,0,64,0,55,5,0,60,33,82,9,0,124,10,8,18,142
03/02/2009,ITO,HI,AWP,WE,Combined TRACON& Tower with Radar,40,29,7,18,94,0,53,10,19,82,40,82,17,37,176,24,36,60,236
03/03/2009,ITO,HI,AWP,WE,Combined TRACON& Tower with Radar,39,25,0,2,66,0,96,15,6,117,39,121,15,8,183,18,8,26,209
03/04/2009,ITO,HI,AWP,WE,Combined TRACON& Tower with Radar,43,35,0,0,78,0,57,30,5,92,43,92,30,5,170,12,0,12,182
03/05/2009,ITO,HI,AWP,WE,Combined TRACON& Tower with Radar,38,29,5,2,74,0,126,19,8,153,38,155,24,10,227,18,20,38,265
03/06/2009,ITO,HI,AWP,WE,Combined TRACON& Tower with Radar,37,32,2,0,71,0,39,5,0,44,37,71,7,0,115,28,0,28,143
03/07/2009,ITO,HI,AWP,WE,Combined TRACON& Tower with Radar,34,20,0,5,59,0,9,0,1,10,34,29,0,6,69,0,0,0,69
03/08/2009,ITO,HI,AWP,WE,Combined TRACON& Tower with Radar,33,23,1,4,61,0,1,0,0,1,33,24,1,4,62,0,2,2,64
03/09/2009,ITO,HI,AWP,WE,Combined TRACON& Tower with Radar,43,33,7,2,85,0,56,11,0,67,43,89,18,2,152,32,0,32,184
03/10/2009,ITO,HI,AWP,WE,Combined TRACON& Tower with Radar,42,29,7,10,88,0,67,0,0,67,42,96,7,10,155,18,2,20,175
03/11/2009,ITO,HI,AWP,WE,Combined TRACON& Tower with Radar,37,30,0,8,75,0,102,22,5,129,37,132,22,13,204,58,38,96,300
03/12/2009,ITO,HI,AWP,WE,Combined TRACON& Tower with Radar,42,27,1,4,74,0,51,9,5,65,42,78,10,9,139,16,39,55,194
03/13/2009,ITO,HI,AWP,WE,Combined TRACON& Tower with Radar,40,31,4,8,83,0,57,11,0,68,40,88,15,8,151,26,0,26,177
03/14/2009,ITO,HI,AWP,WE,Combined TRACON& Tower with Radar,33,30,1,9,73,0,40,13,1,54,33,70,14,10,127,44,25,69,196
03/15/2009,ITO,HI,AWP,WE,Combined TRACON& Tower with Radar,33,29,4,2,68,0,56,13,0,69,33,85,17,2,137,30,0,30,167
03/16/2009,ITO,HI,AWP,WE,Combined TRACON& Tower with Radar,46,28,0,9,83,0,112,36,6,154,46,140,36,15,237,18,70,88,325
03/17/2009,ITO,HI,AWP,WE,Combined TRACON& Tower with Radar,42,34,5,17,98,0,129,29,5,163,42,163,34,22,261,45,35,80,341
03/18/2009,ITO,HI,AWP,WE,Combined TRACON& Tower with Radar,40,30,3,8,81,0,81,11,4,96,40,111,14,12,177,14,10,24,201
03/19/2009,ITO,HI,AWP,WE,Combined TRACON& Tower with Radar,39,26,0,18,83,0,52,13,0,65,39,78,13,18,148,14,24,38,186
03/20/2009,ITO,HI,AWP,WE,Combined TRACON& Tower with Radar,41,31,0,31,103,0,83,17,0,100,41,114,17,31,203,26,50,76,279
03/21/2009,ITO,HI,AWP,WE,Combined TRACON& Tower with Radar,36,28,0,1,65,0,68,25,2,95,36,96,25,3,160,16,0,16,176
03/22/2009,ITO,HI,AWP,WE,Combined TRACON& Tower with Radar,33,22,0,0,55,0,79,26,1,106,33,101,26,1,161,14,0,14,175
03/23/2009,ITO,HI,AWP,WE,Combined TRACON& Tower with Radar,41,31,4,0,76,0,96,16,2,114,41,127,20,2,190,62,0,62,252
03/24/2009,ITO,HI,AWP,WE,Combined TRACON& Tower with Radar,46,26,0,12,84,0,145,8,10,163,46,171,8,22,247,10,38,48,295
03/25/2009,ITO,HI,AWP,WE,Combined TRACON& Tower with Radar,41,27,2,14,84,0,75,14,22,111,41,102,16,36,195,36,74,110,305
03/26/2009,ITO,HI,AWP,WE,Combined TRACON& Tower with Radar,43,32,4,2,81,0,91,19,9,119,43,123,23,11,200,16,12,28,228
03/27/2009,ITO,HI,AWP,WE,Combined TRACON& Tower with Radar,42,28,0,8,78,0,66,6,3,75,42,94,6,11,153,12,10,22,175
03/28/2009,ITO,HI,AWP,WE,Combined TRACON& Tower with Radar,37,35,1,0,73,0,42,13,2,57,37,77,14,2,130,12,2,14,144
03/29/2009,ITO,HI,AWP,WE,Combined TRACON& Tower with Radar,34,26,2,0,62,0,33,13,0,46,34,59,15,0,108,2,0,2,110
03/30/2009,ITO,HI,AWP,WE,Combined TRACON& Tower with Radar,39,26,0,0,65,0,58,8,0,66,39,84,8,0,131,9,0,9,140
03/31/2009,ITO,HI,AWP,WE,Combined TRACON& Tower with Radar,40,30,1,18,89,0,84,11,3,98,40,114,12,21,187,2,48,50,237
04/01/2009,ITO,HI,AWP,WE,Combined TRACON& Tower with Radar,40,25,0,8,73,0,95,4,1,100,40,120,4,9,173,10,4,14,187
04/02/2009,ITO,HI,AWP,WE,Combined TRACON& Tower with Radar,43,27,4,22,96,0,70,7,1,78,43,97,11,23,174,10,8,18,192
04/03/2009,ITO,HI,AWP,WE,Combined TRACON& Tower with Radar,40,30,2,7,79,0,46,12,6,64,40,76,14,13,143,14,25,39,182
04/04/2009,ITO,HI,AWP,WE,Combined TRACON& Tower with Radar,37,30,1,4,72,0,38,6,6,50,37,68,7,10,122,7,2,9,131
04/05/2009,ITO,HI,AWP,WE,Combined TRACON& Tower with Radar,33,29,5,5,72,0,63,16,1,80,33,92,21,6,152,14,4,18,170
04/06/2009,ITO,HI,AWP,WE,Combined TRACON& Tower with Radar,41,26,0,19,86,0,128,16,2,146,41,154,16,21,232,54,12,66,298
04/07/2009,ITO,HI,AWP,WE,Combined TRACON& Tower with Radar,42,21,5,7,75,0,120,8,3,131,42,141,13,10,206,30,6,36,242
04/08/2009,ITO,HI,AWP,WE,Combined TRACON& Tower with Radar,40,24,3,4,71,0,86,18,4,108,40,110,21,8,179,58,44,102,281
04/09/2009,ITO,HI,AWP,WE,Combined TRACON& Tower with Radar,43,24,3,6,76,0,54,8,8,70,43,78,11,14,146,35,14,49,195
04/10/2009,ITO,HI,AWP,WE,Combined TRACON& Tower with Radar,39,31,9,8,87,0,80,3,0,83,39,111,12,8,170,24,28,52,222
04/11/2009,ITO,HI,AWP,WE,Combined TRACON& Tower with Radar,35,26,3,7,71,0,86,8,0,94,35,112,11,7,165,68,15,83,248
04/12/2009,ITO,HI,AWP,WE,Combined TRACON& Tower with Radar,34,22,0,2,58,0,58,15,0,73,34,80,15,2,131,12,4,16,147
04/13/2009,ITO,HI,AWP,WE,Combined TRACON& Tower with Radar,38,27,0,10,75,0,82,9,9,100,38,109,9,19,175,16,62,78,253
04/14/2009,ITO,HI,AWP,WE,Combined TRACON& Tower with Radar,40,24,2,3,69,0,140,23,0,163,40,164,25,3,232,26,0,26,258
04/15/2009,ITO,HI,AWP,WE,Combined TRACON& Tower with Radar,38,27,1,13,79,0,92,15,0,107,38,119,16,13,186,8,22,30,216
04/16/2009,ITO,HI,AWP,WE,Combined TRACON& Tower with Radar,47,35,1,2,85,0,97,32,0,129,47,132,33,2,214,114,20,134,348
04/17/2009,ITO,HI,AWP,WE,Combined TRACON& Tower with Radar,40,33,0,3,76,0,71,7,4,82,40,104,7,7,158,58,52,110,268
04/18/2009,ITO,HI,AWP,WE,Combined TRACON& Tower with Radar,36,31,1,22,90,0,98,13,0,111,36,129,14,22,201,26,14,40,241
04/19/2009,ITO,HI,AWP,WE,Combined TRACON& Tower with Radar,42,37,2,2,83,0,51,23,3,77,42,88,25,5,160,42,0,42,202
04/20/2009,ITO,HI,AWP,WE,Combined TRACON& Tower with Radar,45,28,3,4,80,0,64,9,2,75,45,92,12,6,155,14,8,22,177
04/21/2009,ITO,HI,AWP,WE,Combined TRACON& Tower with Radar,40,34,2,1,77,0,13,6,0,19,40,47,8,1,96,14,0,14,110
04/22/2009,ITO,HI,AWP,WE,Combined TRACON& Tower with Radar,50,25,5,12,92,0,21,0,3,24,50,46,5,15,116,4,2,6,122
04/23/2009,ITO,HI,AWP,WE,Combined TRACON& Tower with Radar,46,33,6,12,97,0,49,12,8,69,46,82,18,20,166,50,0,50,216
04/24/2009,ITO,HI,AWP,WE,Combined TRACON& Tower with Radar,41,27,0,5,73,0,44,7,1,52,41,71,7,6,125,12,2,14,139
04/25/2009,ITO,HI,AWP,WE,Combined TRACON& Tower with Radar,35,24,1,0,60,0,101,14,0,115,35,125,15,0,175,54,0,54,229
04/26/2009,ITO,HI,AWP,WE,Combined TRACON& Tower with Radar,33,22,1,0,56,0,139,20,0,159,33,161,21,0,215,40,0,40,255
04/27/2009,ITO,HI,AWP,WE,Combined TRACON& Tower with Radar,42,26,2,12,82,0,95,23,23,141,42,121,25,35,223,38,74,112,335
04/28/2009,ITO,HI,AWP,WE,Combined TRACON& Tower with Radar,41,31,1,21,94,0,50,24,4,78,41,81,25,25,172,28,71,99,271
04/29/2009,ITO,HI,AWP,WE,Combined TRACON& Tower with Radar,41,29,1,35,106,0,120,12,12,144,41,149,13,47,250,46,98,144,394
04/30/2009,ITO,HI,AWP,WE,Combined TRACON& Tower with Radar,40,28,0,25,93,0,139,20,14,173,40,167,20,39,266,42,118,160,426
05/01/2009,ITO,HI,AWP,WE,Combined TRACON& Tower with Radar,49,33,1,13,96,0,120,29,5,154,49,153,30,18,250,44,16,60,310
05/02/2009,ITO,HI,AWP,WE,Combined TRACON& Tower with Radar,47,32,3,22,104,0,52,13,4,69,47,84,16,26,173,72,38,110,283
05/03/2009,ITO,HI,AWP,WE,Combined TRACON& Tower with Radar,35,29,3,5,72,0,99,14,9,122,35,128,17,14,194,50,0,50,244
05/04/2009,ITO,HI,AWP,WE,Combined TRACON& Tower with Radar,48,30,1,33,112,0,72,21,6,99,48,102,22,39,211,45,48,93,304
05/05/2009,ITO,HI,AWP,WE,Combined TRACON& Tower with Radar,48,38,2,8,96,0,58,11,0,69,48,96,13,8,165,16,0,16,181
05/06/2009,ITO,HI,AWP,WE,Combined TRACON& Tower with Radar,49,30,1,33,113,0,81,13,6,100,49,111,14,39,213,45,30,75,288
05/07/2009,ITO,HI,AWP,WE,Combined TRACON& Tower with Radar,50,31,2,21,104,0,103,18,3,124,50,134,20,24,228,24,38,62,290
05/08/2009,ITO,HI,AWP,WE,Combined TRACON& Tower with Radar,49,30,0,13,92,0,52,27,1,80,49,82,27,14,172,48,40,88,260
05/09/2009,ITO,HI,AWP,WE,Combined TRACON& Tower with Radar,46,28,0,0,74,0,39,11,0,50,46,67,11,0,124,2,0,2,126
05/10/2009,ITO,HI,AWP,WE,Combined TRACON& Tower with Radar,39,26,1,0,66,0,56,12,0,68,39,82,13,0,134,14,0,14,148
05/11/2009,ITO,HI,AWP,WE,Combined TRACON& Tower with Radar,48,26,0,0,74,0,97,15,1,113,48,123,15,1,187,12,0,12,199
05/12/2009,ITO,HI,AWP,WE,Combined TRACON& Tower with Radar,48,31,0,14,93,0,149,24,1,174,48,180,24,15,267,42,14,56,323
05/13/2009,ITO,HI,AWP,WE,Combined TRACON& Tower with Radar,52,29,0,19,100,0,88,10,4,102,52,117,10,23,202,18,56,74,276
05/14/2009,ITO,HI,AWP,WE,Combined TRACON& Tower with Radar,51,28,0,7,86,0,72,12,6,90,51,100,12,13,176,44,40,84,260
05/15/2009,ITO,HI,AWP,WE,Combined TRACON& Tower with Radar,46,28,1,2,77,0,44,4,0,48,46,72,5,2,125,28,8,36,161
05/16/2009,ITO,HI,AWP,WE,Combined TRACON& Tower with Radar,44,29,3,14,90,0,51,19,2,72,44,80,22,16,162,14,8,22,184
05/17/2009,ITO,HI,AWP,WE,Combined TRACON& Tower with Radar,37,26,0,0,63,0,67,11,0,78,37,93,11,0,141,14,0,14,155
05/18/2009,ITO,HI,AWP,WE,Combined TRACON& Tower with Radar,49,31,1,4,85,0,49,16,1,66,49,80,17,5,151,12,0,12,163
05/19/2009,ITO,HI,AWP,WE,Combined TRACON& Tower with Radar,53,28,0,5,86,0,103,13,9,125,53,131,13,14,211,30,24,54,265
05/20/2009,ITO,HI,AWP,WE,Combined TRACON& Tower with Radar,47,25,1,13,86,0,67,10,1,78,47,92,11,14,164,6,26,32,196
05/21/2009,ITO,HI,AWP,WE,Combined TRACON& Tower with Radar,47,32,0,12,91,0,53,13,13,79,47,85,13,25,170,46,58,104,274
05/22/2009,ITO,HI,AWP,WE,Combined TRACON& Tower with Radar,52,28,0,0,80,0,67,14,2,83,52,95,14,2,163,26,0,26,189
05/23/2009,ITO,HI,AWP,WE,Combined TRACON& Tower with Radar,47,27,1,1,76,0,68,13,0,81,47,95,14,1,157,24,0,24,181
05/24/2009,ITO,HI,AWP,WE,Combined TRACON& Tower with Radar,42,23,1,0,66,0,54,12,0,66,42,77,13,0,132,4,0,4,136
05/25/2009,ITO,HI,AWP,WE,Combined TRACON& Tower with Radar,46,28,0,0,74,0,61,28,0,89,46,89,28,0,163,26,0,26,189
05/26/2009,ITO,HI,AWP,WE,Combined TRACON& Tower with Radar,49,30,2,5,86,0,135,28,8,171,49,165,30,13,257,46,14,60,317
05/27/2009,ITO,HI,AWP,WE,Combined TRACON& Tower with Radar,48,28,4,19,99,0,92,8,14,114,48,120,12,33,213,8,16,24,237
05/28/2009,ITO,HI,AWP,WE,Combined TRACON& Tower with Radar,48,27,0,5,80,0,75,18,3,96,48,102,18,8,176,29,16,45,221
05/29/2009,ITO,HI,AWP,WE,Combined TRACON& Tower with Radar,49,32,0,0,81,0,106,12,1,119,49,138,12,1,200,4,0,4,204
05/30/2009,ITO,HI,AWP,WE,Combined TRACON& Tower with Radar,46,29,0,2,77,0,57,18,3,78,46,86,18,5,155,8,34,42,197
05/31/2009,ITO,HI,AWP,WE,Combined TRACON& Tower with Radar,38,24,9,2,73,0,54,13,1,68,38,78,22,3,141,43,0,43,184
06/01/2009,ITO,HI,AWP,WE,Combined TRACON& Tower with Radar,49,26,0,8,83,0,55,10,0,65,49,81,10,8,148,10,8,18,166
06/02/2009,ITO,HI,AWP,WE,Combined TRACON& Tower with Radar,52,22,0,10,84,0,91,14,11,116,52,113,14,21,200,14,24,38,238
06/03/2009,ITO,HI,AWP,WE,Combined TRACON& Tower with Radar,47,28,0,12,87,0,77,19,6,102,47,105,19,18,189,27,16,43,232
06/04/2009,ITO,HI,AWP,WE,Combined TRACON& Tower with Radar,50,23,0,20,93,0,85,7,4,96,50,108,7,24,189,0,20,20,209
06/05/2009,ITO,HI,AWP,WE,Combined TRACON& Tower with Radar,48,28,0,2,78,0,69,10,0,79,48,97,10,2,157,40,2,42,199
06/06/2009,ITO,HI,AWP,WE,Combined TRACON& Tower with Radar,46,29,1,6,82,0,53,19,0,72,46,82,20,6,154,22,0,22,176
06/07/2009,ITO,HI,AWP,WE,Combined TRACON& Tower with Radar,41,22,4,4,71,0,65,17,1,83,41,87,21,5,154,40,0,40,194
06/08/2009,ITO,HI,AWP,WE,Combined TRACON& Tower with Radar,49,28,1,2,80,0,92,18,0,110,49,120,19,2,190,16,2,18,208
06/09/2009,ITO,HI,AWP,WE,Combined TRACON& Tower with Radar,54,27,0,8,89,0,103,17,7,127,54,130,17,15,216,32,25,57,273
06/10/2009,ITO,HI,AWP,WE,Combined TRACON& Tower with Radar,48,29,3,8,88,0,83,13,6,102,48,112,16,14,190,20,8,28,218
06/11/2009,ITO,HI,AWP,WE,Combined TRACON& Tower with Radar,50,26,4,2,82,0,97,10,6,113,50,123,14,8,195,24,2,26,221
06/12/2009,ITO,HI,AWP,WE,Combined TRACON& Tower with Radar,52,33,0,8,93,0,72,13,3,88,52,105,13,11,181,10,62,72,253
06/13/2009,ITO,HI,AWP,WE,Combined TRACON& Tower with Radar,42,36,1,2,81,0,50,14,18,82,42,86,15,20,163,18,1,19,182
06/14/2009,ITO,HI,AWP,WE,Combined TRACON& Tower with Radar,41,25,2,2,70,0,77,11,6,94,41,102,13,8,164,20,0,20,184
06/15/2009,ITO,HI,AWP,WE,Combined TRACON& Tower with Radar,49,25,1,10,85,0,84,21,5,110,49,109,22,15,195,32,20,52,247
06/16/2009,ITO,HI,AWP,WE,Combined TRACON& Tower with Radar,50,28,1,6,85,0,109,19,6,134,50,137,20,12,219,20,8,28,247
06/17/2009,ITO,HI,AWP,WE,Combined TRACON& Tower with Radar,47,29,0,4,80,0,95,13,6,114,47,124,13,10,194,20,0,20,214
06/18/2009,ITO,HI,AWP,WE,Combined TRACON& Tower with Radar,47,27,6,7,87,0,68,5,0,73,47,95,11,7,160,8,2,10,170
06/19/2009,ITO,HI,AWP,WE,Combined TRACON& Tower with Radar,49,21,0,17,87,0,60,11,11,82,49,81,11,28,169,12,16,28,197
06/20/2009,ITO,HI,AWP,WE,Combined TRACON& Tower with Radar,48,29,5,1,83,0,53,11,1,65,48,82,16,2,148,42,10,52,200
06/21/2009,ITO,HI,AWP,WE,Combined TRACON& Tower with Radar,43,18,6,2,69,0,101,25,0,126,43,119,31,2,195,38,0,38,233
06/22/2009,ITO,HI,AWP,WE,Combined TRACON& Tower with Radar,49,26,7,3,85,0,66,12,6,84,49,92,19,9,169,59,34,93,262
06/23/2009,ITO,HI,AWP,WE,Combined TRACON& Tower with Radar,49,23,4,7,83,0,124,14,7,145,49,147,18,14,228,64,58,122,350
06/24/2009,ITO,HI,AWP,WE,Combined TRACON& Tower with Radar,49,26,1,12,88,0,104,24,5,133,49,130,25,17,221,28,80,108,329
06/25/2009,ITO,HI,AWP,WE,Combined TRACON& Tower with Radar,53,28,1,20,102,0,93,27,5,125,53,121,28,25,227,30,28,58,285
06/26/2009,ITO,HI,AWP,WE,Combined TRACON& Tower with Radar,50,24,0,3,77,0,73,19,6,98,50,97,19,9,175,42,18,60,235
06/27/2009,ITO,HI,AWP,WE,Combined TRACON& Tower with Radar,51,24,3,0,78,0,59,18,1,78,51,83,21,1,156,12,0,12,168
06/28/2009,ITO,HI,AWP,WE,Combined TRACON& Tower with Radar,43,22,5,0,70,0,79,17,0,96,43,101,22,0,166,32,0,32,198
06/29/2009,ITO,HI,AWP,WE,Combined TRACON& Tower with Radar,51,24,0,7,82,0,80,24,0,104,51,104,24,7,186,41,4,45,231
06/30/2009,ITO,HI,AWP,WE,Combined TRACON& Tower with Radar,58,27,2,7,94,0,121,14,10,145,58,148,16,17,239,14,20,34,273
07/01/2009,ITO,HI,AWP,WE,Combined TRACON& Tower with Radar,48,25,0,9,82,0,97,10,0,107,48,122,10,9,189,12,2,14,203
07/02/2009,ITO,HI,AWP,WE,Combined TRACON& Tower with Radar,54,30,5,9,98,0,89,22,2,113,54,119,27,11,211,28,20,48,259
07/03/2009,ITO,HI,AWP,WE,Combined TRACON& Tower with Radar,51,24,0,0,75,0,85,25,0,110,51,109,25,0,185,36,0,36,221
07/04/2009,ITO,HI,AWP,WE,Combined TRACON& Tower with Radar,47,30,0,0,77,0,74,7,0,81,47,104,7,0,158,2,0,2,160
07/05/2009,ITO,HI,AWP,WE,Combined TRACON& Tower with Radar,37,22,1,0,60,0,61,8,0,69,37,83,9,0,129,12,0,12,141
07/06/2009,ITO,HI,AWP,WE,Combined TRACON& Tower with Radar,49,27,4,4,84,0,79,10,17,106,49,106,14,21,190,6,74,80,270
07/07/2009,ITO,HI,AWP,WE,Combined TRACON& Tower with Radar,50,33,1,5,89,0,136,17,2,155,50,169,18,7,244,34,9,43,287
07/08/2009,ITO,HI,AWP,WE,Combined TRACON& Tower with Radar,51,30,3,17,101,0,57,11,4,72,51,87,14,21,173,7,29,36,209
07/09/2009,ITO,HI,AWP,WE,Combined TRACON& Tower with Radar,49,25,2,22,98,0,95,18,4,117,49,120,20,26,215,18,40,58,273
07/10/2009,ITO,HI,AWP,WE,Combined TRACON& Tower with Radar,51,23,0,16,90,0,58,20,11,89,51,81,20,27,179,29,36,65,244
07/11/2009,ITO,HI,AWP,WE,Combined TRACON& Tower with Radar,45,23,1,8,77,0,71,8,1,80,45,94,9,9,157,10,24,34,191
07/12/2009,ITO,HI,AWP,WE,Combined TRACON& Tower with Radar,43,20,0,4,67,0,69,14,1,84,43,89,14,5,151,52,0,52,203
07/13/2009,ITO,HI,AWP,WE,Combined TRACON& Tower with Radar,51,36,4,20,111,0,52,3,2,57,51,88,7,22,168,10,16,26,194
07/14/2009,ITO,HI,AWP,WE,Combined TRACON& Tower with Radar,49,25,5,8,87,0,137,14,2,153,49,162,19,10,240,66,4,70,310
07/15/2009,ITO,HI,AWP,WE,Combined TRACON& Tower with Radar,47,25,0,13,85,0,117,5,3,125,47,142,5,16,210,24,76,100,310
07/16/2009,ITO,HI,AWP,WE,Combined TRACON& Tower with Radar,51,20,2,11,84,0,101,23,12,136,51,121,25,23,220,10,28,38,258
07/17/2009,ITO,HI,AWP,WE,Combined TRACON& Tower with Radar,50,30,2,10,92,0,67,14,6,87,50,97,16,16,179,6,30,36,215
07/18/2009,ITO,HI,AWP,WE,Combined TRACON& Tower with Radar,45,25,2,6,78,0,56,11,1,68,45,81,13,7,146,2,2,4,150
07/19/2009,ITO,HI,AWP,WE,Combined TRACON& Tower with Radar,36,18,3,0,57,0,57,13,0,70,36,75,16,0,127,39,0,39,166
07/20/2009,ITO,HI,AWP,WE,Combined TRACON& Tower with Radar,52,24,0,9,85,0,101,24,11,136,52,125,24,20,221,84,49,133,354
07/21/2009,ITO,HI,AWP,WE,Combined TRACON& Tower with Radar,50,22,4,19,95,0,149,10,12,171,50,171,14,31,266,34,30,64,330
07/22/2009,ITO,HI,AWP,WE,Combined TRACON& Tower with Radar,51,26,0,18,95,0,9,3,0,12,51,35,3,18,107,10,10,20,127
07/23/2009,ITO,HI,AWP,WE,Combined TRACON& Tower with Radar,54,26,2,12,94,0,115,7,0,122,54,141,9,12,216,38,0,38,254
07/24/2009,ITO,HI,AWP,WE,Combined TRACON& Tower with Radar,48,31,1,4,84,0,73,17,3,93,48,104,18,7,177,44,16,60,237
07/25/2009,ITO,HI,AWP,WE,Combined TRACON& Tower with Radar,46,26,1,3,76,0,78,21,0,99,46,104,22,3,175,38,25,63,238
07/26/2009,ITO,HI,AWP,WE,Combined TRACON& Tower with Radar,43,22,0,3,68,0,75,9,0,84,43,97,9,3,152,28,4,32,184
07/27/2009,ITO,HI,AWP,WE,Combined TRACON& Tower with Radar,51,21,0,6,78,0,112,24,11,147,51,133,24,17,225,30,27,57,282
07/28/2009,ITO,HI,AWP,WE,Combined TRACON& Tower with Radar,48,20,1,8,77,0,135,7,3,145,48,155,8,11,222,12,32,44,266
07/29/2009,ITO,HI,AWP,WE,Combined TRACON& Tower with Radar,50,26,0,11,87,0,93,20,7,120,50,119,20,18,207,52,42,94,301
07/30/2009,ITO,HI,AWP,WE,Combined TRACON& Tower with Radar,53,23,1,13,90,0,88,12,1,101,53,111,13,14,191,23,14,37,228
07/31/2009,ITO,HI,AWP,WE,Combined TRACON& Tower with Radar,49,22,0,9,80,0,67,17,1,85,49,89,17,10,165,18,16,34,199
08/01/2009,ITO,HI,AWP,WE,Combined TRACON& Tower with Radar,51,35,0,2,88,0,50,15,0,65,51,85,15,2,153,43,0,43,196
08/02/2009,ITO,HI,AWP,WE,Combined TRACON& Tower with Radar,46,25,2,4,77,0,72,12,3,87,46,97,14,7,164,29,1,30,194
08/03/2009,ITO,HI,AWP,WE,Combined TRACON& Tower with Radar,49,23,0,12,84,0,91,24,0,115,49,114,24,12,199,18,36,54,253
08/04/2009,ITO,HI,AWP,WE,Combined TRACON& Tower with Radar,49,23,1,25,98,0,121,7,2,130,49,144,8,27,228,20,48,68,296
08/05/2009,ITO,HI,AWP,WE,Combined TRACON& Tower with Radar,48,25,1,21,95,0,102,10,1,113,48,127,11,22,208,34,24,58,266
08/06/2009,ITO,HI,AWP,WE,Combined TRACON& Tower with Radar,50,20,0,13,83,0,91,4,0,95,50,111,4,13,178,30,0,30,208
08/07/2009,ITO,HI,AWP,WE,Combined TRACON& Tower with Radar,53,23,0,9,85,0,75,19,5,99,53,98,19,14,184,62,44,106,290
08/08/2009,ITO,HI,AWP,WE,Combined TRACON& Tower with Radar,47,22,1,8,78,0,62,16,0,78,47,84,17,8,156,27,10,37,193
08/09/2009,ITO,HI,AWP,WE,Combined TRACON& Tower with Radar,43,24,4,3,74,0,73,21,2,96,43,97,25,5,170,52,6,58,228
08/10/2009,ITO,HI,AWP,WE,Combined TRACON& Tower with Radar,50,20,2,0,72,0,22,9,1,32,50,42,11,1,104,4,0,4,108
08/11/2009,ITO,HI,AWP,WE,Combined TRACON& Tower with Radar,50,21,0,2,73,0,94,33,5,132,50,115,33,7,205,26,10,36,241
08/12/2009,ITO,HI,AWP,WE,Combined TRACON& Tower with Radar,49,23,1,13,86,0,90,7,0,97,49,113,8,13,183,22,18,40,223
08/13/2009,ITO,HI,AWP,WE,Combined TRACON& Tower with Radar,49,21,0,5,75,0,100,25,10,135,49,121,25,15,210,38,26,64,274
08/14/2009,ITO,HI,AWP,WE,Combined TRACON& Tower with Radar,50,22,6,1,79,0,82,12,1,95,50,104,18,2,174,38,2,40,214
08/15/2009,ITO,HI,AWP,WE,Combined TRACON& Tower with Radar,46,29,2,0,77,0,58,5,0,63,46,87,7,0,140,62,0,62,202
08/16/2009,ITO,HI,AWP,WE,Combined TRACON& Tower with Radar,42,12,2,0,56,0,65,10,0,75,42,77,12,0,131,22,0,22,153
08/17/2009,ITO,HI,AWP,WE,Combined TRACON& Tower with Radar,49,21,2,17,89,0,76,23,1,100,49,97,25,18,189,32,42,74,263
08/18/2009,ITO,HI,AWP,WE,Combined TRACON& Tower with Radar,50,15,0,20,85,0,124,22,10,156,50,139,22,30,241,20,26,46,287
08/19/2009,ITO,HI,AWP,WE,Combined TRACON& Tower with Radar,49,20,0,8,77,0,101,9,9,119,49,121,9,17,196,18,16,34,230
08/20/2009,ITO,HI,AWP,WE,Combined TRACON& Tower with Radar,53,27,2,30,112,0,78,15,3,96,53,105,17,33,208,20,82,102,310
08/21/2009,ITO,HI,AWP,WE,Combined TRACON& Tower with Radar,49,30,0,2,81,0,71,17,0,88,49,101,17,2,169,16,0,16,185
08/22/2009,ITO,HI,AWP,WE,Combined TRACON& Tower with Radar,48,22,2,5,77,0,50,12,1,63,48,72,14,6,140,49,36,85,225
08/23/2009,ITO,HI,AWP,WE,Combined TRACON& Tower with Radar,41,22,1,1,65,0,58,24,2,84,41,80,25,3,149,58,2,60,209
08/24/2009,ITO,HI,AWP,WE,Combined TRACON& Tower with Radar,49,15,1,10,75,0,74,27,1,102,49,89,28,11,177,24,15,39,216
08/25/2009,ITO,HI,AWP,WE,Combined TRACON& Tower with Radar,53,22,2,8,85,0,104,12,6,122,53,126,14,14,207,6,10,16,223
08/26/2009,ITO,HI,AWP,WE,Combined TRACON& Tower with Radar,50,23,3,7,83,0,90,19,4,113,50,113,22,11,196,10,26,36,232
08/27/2009,ITO,HI,AWP,WE,Combined TRACON& Tower with Radar,57,21,1,5,84,0,57,11,8,76,57,78,12,13,160,18,26,44,204
08/28/2009,ITO,HI,AWP,WE,Combined TRACON& Tower with Radar,47,19,0,16,82,0,54,7,2,63,47,73,7,18,145,24,12,36,181
08/29/2009,ITO,HI,AWP,WE,Combined TRACON& Tower with Radar,47,20,6,6,79,0,58,9,0,67,47,78,15,6,146,14,0,14,160
08/30/2009,ITO,HI,AWP,WE,Combined TRACON& Tower with Radar,47,19,0,0,66,0,49,14,0,63,47,68,14,0,129,30,0,30,159
08/31/2009,ITO,HI,AWP,WE,Combined TRACON& Tower with Radar,51,18,0,4,73,0,90,21,5,116,51,108,21,9,189,23,5,28,217
09/01/2009,ITO,HI,AWP,WE,Combined TRACON& Tower with Radar,47,18,2,17,84,0,100,14,5,119,47,118,16,22,203,56,32,88,291
09/02/2009,ITO,HI,AWP,WE,Combined TRACON& Tower with Radar,49,24,0,14,87,0,67,15,9,91,49,91,15,23,178,30,36,66,244
09/03/2009,ITO,HI,AWP,WE,Combined TRACON& Tower with Radar,52,32,0,9,93,0,62,11,3,76,52,94,11,12,169,22,6,28,197
09/04/2009,ITO,HI,AWP,WE,Combined TRACON& Tower with Radar,50,18,2,1,71,0,59,19,3,81,50,77,21,4,152,20,14,34,186
09/05/2009,ITO,HI,AWP,WE,Combined TRACON& Tower with Radar,49,19,0,0,68,0,42,12,2,56,49,61,12,2,124,4,0,4,128
09/06/2009,ITO,HI,AWP,WE,Combined TRACON& Tower with Radar,43,18,3,0,64,0,70,14,1,85,43,88,17,1,149,40,0,40,189
09/07/2009,ITO,HI,AWP,WE,Combined TRACON& Tower with Radar,52,18,0,0,70,0,82,18,1,101,52,100,18,1,171,16,0,16,187
09/08/2009,ITO,HI,AWP,WE,Combined TRACON& Tower with Radar,48,26,2,5,81,0,129,11,4,144,48,155,13,9,225,24,4,28,253
09/09/2009,ITO,HI,AWP,WE,Combined TRACON& Tower with Radar,45,26,0,11,82,0,78,14,8,100,45,104,14,19,182,28,56,84,266
09/10/2009,ITO,HI,AWP,WE,Combined TRACON& Tower with Radar,48,21,4,13,86,0,54,14,2,70,48,75,18,15,156,22,32,54,210
09/11/2009,ITO,HI,AWP,WE,Combined TRACON& Tower with Radar,49,27,0,14,90,0,67,14,0,81,49,94,14,14,171,4,30,34,205
09/12/2009,ITO,HI,AWP,WE,Combined TRACON& Tower with Radar,44,21,0,17,82,0,40,7,3,50,44,61,7,20,132,28,72,100,232
09/13/2009,ITO,HI,AWP,WE,Combined TRACON& Tower with Radar,40,21,0,2,63,0,60,16,1,77,40,81,16,3,140,40,0,40,180
09/14/2009,ITO,HI,AWP,WE,Combined TRACON& Tower with Radar,48,21,0,18,87,0,69,32,2,103,48,90,32,20,190,12,46,58,248
09/15/2009,ITO,HI,AWP,WE,Combined TRACON& Tower with Radar,49,18,0,13,80,0,119,36,6,161,49,137,36,19,241,48,42,90,331
09/16/2009,ITO,HI,AWP,WE,Combined TRACON& Tower with Radar,44,23,0,14,81,0,64,18,0,82,44,87,18,14,163,23,7,30,193
09/17/2009,ITO,HI,AWP,WE,Combined TRACON& Tower with Radar,47,17,2,7,73,0,52,16,6,74,47,69,18,13,147,28,8,36,183
09/18/2009,ITO,HI,AWP,WE,Combined TRACON& Tower with Radar,55,23,0,6,84,0,58,8,1,67,55,81,8,7,151,10,14,24,175
09/19/2009,ITO,HI,AWP,WE,Combined TRACON& Tower with Radar,41,21,0,8,70,0,51,10,0,61,41,72,10,8,131,14,4,18,149
09/20/2009,ITO,HI,AWP,WE,Combined TRACON& Tower with Radar,38,20,3,1,62,0,97,8,2,107,38,117,11,3,169,35,2,37,206
09/21/2009,ITO,HI,AWP,WE,Combined TRACON& Tower with Radar,46,24,1,8,79,0,69,8,1,78,46,93,9,9,157,24,2,26,183
09/22/2009,ITO,HI,AWP,WE,Combined TRACON& Tower with Radar,48,16,2,9,75,0,115,20,0,135,48,131,22,9,210,28,12,40,250
09/23/2009,ITO,HI,AWP,WE,Combined TRACON& Tower with Radar,47,29,1,8,85,0,58,11,4,73,47,87,12,12,158,16,12,28,186
09/24/2009,ITO,HI,AWP,WE,Combined TRACON& Tower with Radar,48,20,3,2,73,0,78,19,10,107,48,98,22,12,180,40,6,46,226
09/25/2009,ITO,HI,AWP,WE,Combined TRACON& Tower with Radar,47,26,2,7,82,0,44,13,6,63,47,70,15,13,145,12,38,50,195
09/26/2009,ITO,HI,AWP,WE,Combined TRACON& Tower with Radar,44,20,2,0,66,0,70,10,2,82,44,90,12,2,148,18,4,22,170
09/27/2009,ITO,HI,AWP,WE,Combined TRACON& Tower with Radar,41,15,1,1,58,0,56,11,2,69,41,71,12,3,127,51,0,51,178
09/28/2009,ITO,HI,AWP,WE,Combined TRACON& Tower with Radar,46,16,0,15,77,0,101,17,13,131,46,117,17,28,208,42,72,114,322
09/29/2009,ITO,HI,AWP,WE,Combined TRACON& Tower with Radar,48,26,6,6,86,0,149,18,9,176,48,175,24,15,262,36,2,38,300
09/30/2009,ITO,HI,AWP,WE,Combined TRACON& Tower with Radar,47,25,0,2,74,0,64,24,4,92,47,89,24,6,166,50,8,58,224
10/01/2009,ITO,HI,AWP,WE,Combined TRACON& Tower with Radar,48,18,2,16,84,0,119,15,7,141,48,137,17,23,225,38,22,60,285
10/02/2009,ITO,HI,AWP,WE,Combined TRACON& Tower with Radar,50,21,1,2,74,0,71,3,2,76,50,92,4,4,150,22,12,34,184
10/03/2009,ITO,HI,AWP,WE,Combined TRACON& Tower with Radar,44,21,2,20,87,0,106,7,6,119,44,127,9,26,206,12,66,78,284
10/04/2009,ITO,HI,AWP,WE,Combined TRACON& Tower with Radar,41,21,1,6,69,0,42,1,0,43,41,63,2,6,112,2,2,4,116
10/05/2009,ITO,HI,AWP,WE,Combined TRACON& Tower with Radar,47,17,2,0,66,0,74,14,0,88,47,91,16,0,154,38,0,38,192
10/06/2009,ITO,HI,AWP,WE,Combined TRACON& Tower with Radar,51,21,3,23,98,0,87,8,4,99,51,108,11,27,197,38,36,74,271
10/07/2009,ITO,HI,AWP,WE,Combined TRACON& Tower with Radar,52,22,0,11,85,0,70,18,5,93,52,92,18,16,178,28,22,50,228
10/08/2009,ITO,HI,AWP,WE,Combined TRACON& Tower with Radar,48,24,3,4,79,0,79,13,11,103,48,103,16,15,182,34,36,70,252
10/09/2009,ITO,HI,AWP,WE,Combined TRACON& Tower with Radar,49,54,0,2,105,0,61,19,4,84,49,115,19,6,189,24,10,34,223
10/10/2009,ITO,HI,AWP,WE,Combined TRACON& Tower with Radar,43,23,3,0,69,0,33,9,2,44,43,56,12,2,113,38,0,38,151
10/11/2009,ITO,HI,AWP,WE,Combined TRACON& Tower with Radar,45,18,2,0,65,0,93,13,1,107,45,111,15,1,172,44,0,44,216
10/12/2009,ITO,HI,AWP,WE,Combined TRACON& Tower with Radar,52,16,2,0,70,0,28,8,0,36,52,44,10,0,106,22,0,22,128
10/13/2009,ITO,HI,AWP,WE,Combined TRACON& Tower with Radar,48,15,4,0,67,0,111,14,5,130,48,126,18,5,197,6,4,10,207
10/14/2009,ITO,HI,AWP,WE,Combined TRACON& Tower with Radar,51,26,0,2,79,0,82,22,4,108,51,108,22,6,187,22,8,30,217
10/15/2009,ITO,HI,AWP,WE,Combined TRACON& Tower with Radar,38,18,2,23,81,0,94,14,3,111,38,112,16,26,192,10,58,68,260
10/16/2009,ITO,HI,AWP,WE,Combined TRACON& Tower with Radar,40,28,0,39,107,0,85,11,4,100,40,113,11,43,207,24,96,120,327
10/17/2009,ITO,HI,AWP,WE,Combined TRACON& Tower with Radar,35,25,0,0,60,0,51,6,0,57,35,76,6,0,117,8,0,8,125
10/18/2009,ITO,HI,AWP,WE,Combined TRACON& Tower with Radar,33,18,0,0,51,0,37,9,2,48,33,55,9,2,99,10,0,10,109
10/19/2009,ITO,HI,AWP,WE,Combined TRACON& Tower with Radar,43,33,0,28,104,0,55,6,3,64,43,88,6,31,168,10,18,28,196
10/20/2009,ITO,HI,AWP,WE,Combined TRACON& Tower with Radar,39,19,2,34,94,0,125,8,3,136,39,144,10,37,230,12,54,66,296
10/21/2009,ITO,HI,AWP,WE,Combined TRACON& Tower with Radar,39,19,0,9,67,0,86,20,19,125,39,105,20,28,192,16,69,85,277
10/22/2009,ITO,HI,AWP,WE,Combined TRACON& Tower with Radar,45,30,0,8,83,0,83,16,12,111,45,113,16,20,194,36,30,66,260
10/23/2009,ITO,HI,AWP,WE,Combined TRACON& Tower with Radar,40,25,0,9,74,0,49,11,3,63,40,74,11,12,137,14,34,48,185
10/24/2009,ITO,HI,AWP,WE,Combined TRACON& Tower with Radar,36,22,1,4,63,0,54,8,0,62,36,76,9,4,125,42,2,44,169
10/25/2009,ITO,HI,AWP,WE,Combined TRACON& Tower with Radar,36,20,1,8,65,0,69,14,1,84,36,89,15,9,149,55,42,97,246
10/26/2009,ITO,HI,AWP,WE,Combined TRACON& Tower with Radar,38,25,1,18,82,0,69,9,0,78,38,94,10,18,160,30,28,58,218
10/27/2009,ITO,HI,AWP,WE,Combined TRACON& Tower with Radar,39,17,3,2,61,0,126,10,6,142,39,143,13,8,203,14,12,26,229
10/28/2009,ITO,HI,AWP,WE,Combined TRACON& Tower with Radar,42,29,1,5,77,0,103,9,4,116,42,132,10,9,193,124,32,156,349
10/29/2009,ITO,HI,AWP,WE,Combined TRACON& Tower with Radar,40,21,10,8,79,0,50,16,2,68,40,71,26,10,147,32,6,38,185
10/30/2009,ITO,HI,AWP,WE,Combined TRACON& Tower with Radar,39,24,0,3,66,0,79,26,0,105,39,103,26,3,171,60,2,62,233
10/31/2009,ITO,HI,AWP,WE,Combined TRACON& Tower with Radar,34,23,0,0,57,0,38,16,0,54,34,61,16,0,111,40,0,40,151
11/01/2009,ITO,HI,AWP,WE,Combined TRACON& Tower with Radar,34,13,1,0,48,0,57,14,1,72,34,70,15,1,120,8,0,8,128
11/02/2009,ITO,HI,AWP,WE,Combined TRACON& Tower with Radar,44,27,1,11,83,0,80,29,12,121,44,107,30,23,204,84,16,100,304
11/03/2009,ITO,HI,AWP,WE,Combined TRACON& Tower with Radar,45,17,3,18,83,0,89,15,7,111,45,106,18,25,194,28,54,82,276
11/04/2009,ITO,HI,AWP,WE,Combined TRACON& Tower with Radar,41,23,1,23,88,0,73,19,4,96,41,96,20,27,184,30,36,66,250
11/05/2009,ITO,HI,AWP,WE,Combined TRACON& Tower with Radar,45,20,0,11,76,0,55,7,2,64,45,75,7,13,140,28,13,41,181
11/06/2009,ITO,HI,AWP,WE,Combined TRACON& Tower with Radar,39,24,0,11,74,0,50,8,6,64,39,74,8,17,138,7,42,49,187
11/07/2009,ITO,HI,AWP,WE,Combined TRACON& Tower with Radar,34,17,2,10,63,0,54,3,16,73,34,71,5,26,136,8,35,43,179
11/08/2009,ITO,HI,AWP,WE,Combined TRACON& Tower with Radar,32,17,0,5,54,0,51,8,4,63,32,68,8,9,117,32,0,32,149
11/09/2009,ITO,HI,AWP,WE,Combined TRACON& Tower with Radar,39,19,5,16,79,0,57,8,0,65,39,76,13,16,144,20,37,57,201
11/10/2009,ITO,HI,AWP,WE,Combined TRACON& Tower with Radar,41,22,3,23,89,0,110,13,2,125,41,132,16,25,214,22,34,56,270
11/11/2009,ITO,HI,AWP,WE,Combined TRACON& Tower with Radar,38,32,4,1,75,0,83,10,0,93,38,115,14,1,168,18,0,18,186
11/12/2009,ITO,HI,AWP,WE,Combined TRACON& Tower with Radar,43,21,0,2,66,0,34,10,0,44,43,55,10,2,110,26,2,28,138
11/13/2009,ITO,HI,AWP,WE,Combined TRACON& Tower with Radar,38,20,1,12,71,0,35,3,4,42,38,55,4,16,113,22,22,44,157
11/14/2009,ITO,HI,AWP,WE,Combined TRACON& Tower with Radar,32,20,1,0,53,0,0,0,0,0,32,20,1,0,53,0,0,0,53
11/15/2009,ITO,HI,AWP,WE,Combined TRACON& Tower with Radar,31,26,1,2,60,0,47,9,0,56,31,73,10,2,116,8,0,8,124
11/16/2009,ITO,HI,AWP,WE,Combined TRACON& Tower with Radar,37,26,0,7,70,0,9,9,0,18,37,35,9,7,88,2,0,2,90
11/17/2009,ITO,HI,AWP,WE,Combined TRACON& Tower with Radar,40,19,2,3,64,0,112,11,4,127,40,131,13,7,191,14,14,28,219
11/18/2009,ITO,HI,AWP,WE,Combined TRACON& Tower with Radar,37,17,1,6,61,0,92,15,1,108,37,109,16,7,169,152,3,155,324
11/19/2009,ITO,HI,AWP,WE,Combined TRACON& Tower with Radar,53,19,3,8,83,0,52,13,2,67,53,71,16,10,150,128,8,136,286
11/20/2009,ITO,HI,AWP,WE,Combined TRACON& Tower with Radar,38,19,0,17,74,0,40,15,0,55,38,59,15,17,129,42,30,72,201
11/21/2009,ITO,HI,AWP,WE,Combined TRACON& Tower with Radar,33,19,0,10,62,0,47,31,5,83,33,66,31,15,145,28,43,71,216
11/22/2009,ITO,HI,AWP,WE,Combined TRACON& Tower with Radar,35,19,0,0,54,0,39,8,0,47,35,58,8,0,101,25,0,25,126
11/23/2009,ITO,HI,AWP,WE,Combined TRACON& Tower with Radar,41,24,1,12,78,0,39,8,4,51,41,63,9,16,129,24,42,66,195
11/24/2009,ITO,HI,AWP,WE,Combined TRACON& Tower with Radar,36,21,0,6,63,0,137,9,9,155,36,158,9,15,218,12,4,16,234
11/25/2009,ITO,HI,AWP,WE,Combined TRACON& Tower with Radar,45,27,3,2,77,0,90,14,1,105,45,117,17,3,182,28,24,52,234
11/26/2009,ITO,HI,AWP,WE,Combined TRACON& Tower with Radar,35,18,3,0,56,0,58,7,0,65,35,76,10,0,121,18,0,18,139
11/27/2009,ITO,HI,AWP,WE,Combined TRACON& Tower with Radar,40,24,2,0,66,0,80,2,0,82,40,104,4,0,148,20,0,20,168
11/28/2009,ITO,HI,AWP,WE,Combined TRACON& Tower with Radar,33,18,0,0,51,0,56,18,0,74,33,74,18,0,125,42,2,44,169
11/29/2009,ITO,HI,AWP,WE,Combined TRACON& Tower with Radar,37,18,2,2,59,0,50,9,0,59,37,68,11,2,118,40,4,44,162
11/30/2009,ITO,HI,AWP,WE,Combined TRACON& Tower with Radar,50,18,1,4,73,0,89,15,0,104,50,107,16,4,177,32,18,50,227
12/01/2009,ITO,HI,AWP,WE,Combined TRACON& Tower with Radar,38,15,2,1,56,0,113,11,3,127,38,128,13,4,183,28,12,40,223
12/02/2009,ITO,HI,AWP,WE,Combined TRACON& Tower with Radar,40,20,1,12,73,0,54,32,6,92,40,74,33,18,165,26,16,42,207
12/03/2009,ITO,HI,AWP,WE,Combined TRACON& Tower with Radar,37,20,3,2,62,0,63,24,2,89,37,83,27,4,151,32,0,32,183
12/04/2009,ITO,HI,AWP,WE,Combined TRACON& Tower with Radar,43,21,0,2,66,0,41,24,3,68,43,62,24,5,134,28,0,28,162
12/05/2009,ITO,HI,AWP,WE,Combined TRACON& Tower with Radar,35,20,0,8,63,0,34,13,4,51,35,54,13,12,114,46,4,50,164
12/06/2009,ITO,HI,AWP,WE,Combined TRACON& Tower with Radar,31,14,0,6,51,0,50,11,0,61,31,64,11,6,112,20,0,20,132
12/07/2009,ITO,HI,AWP,WE,Combined TRACON& Tower with Radar,38,22,1,9,70,0,55,9,0,64,38,77,10,9,134,10,14,24,158
12/08/2009,ITO,HI,AWP,WE,Combined TRACON& Tower with Radar,40,24,2,9,75,0,50,9,5,64,40,74,11,14,139,16,30,46,185
12/09/2009,ITO,HI,AWP,WE,Combined TRACON& Tower with Radar,40,16,0,5,61,0,75,23,2,100,40,91,23,7,161,26,0,26,187
12/10/2009,ITO,HI,AWP,WE,Combined TRACON& Tower with Radar,38,27,3,8,76,0,136,23,12,171,38,163,26,20,247,60,22,82,329
12/11/2009,ITO,HI,AWP,WE,Combined TRACON& Tower with Radar,39,23,0,7,69,0,59,11,1,71,39,82,11,8,140,56,6,62,202
12/12/2009,ITO,HI,AWP,WE,Combined TRACON& Tower with Radar,35,21,1,6,63,0,48,20,2,70,35,69,21,8,133,25,2,27,160
12/13/2009,ITO,HI,AWP,WE,Combined TRACON& Tower with Radar,32,17,2,3,54,0,52,7,2,61,32,69,9,5,115,24,0,24,139
12/14/2009,ITO,HI,AWP,WE,Combined TRACON& Tower with Radar,40,28,1,2,71,0,84,11,2,97,40,112,12,4,168,28,22,50,218
12/15/2009,ITO,HI,AWP,WE,Combined TRACON& Tower with Radar,51,25,3,4,83,0,74,12,3,89,51,99,15,7,172,36,34,70,242
12/16/2009,ITO,HI,AWP,WE,Combined TRACON& Tower with Radar,39,21,1,5,66,0,66,19,5,90,39,87,20,10,156,10,30,40,196
12/17/2009,ITO,HI,AWP,WE,Combined TRACON& Tower with Radar,39,17,2,1,59,0,49,18,4,71,39,66,20,5,130,14,44,58,188
12/18/2009,ITO,HI,AWP,WE,Combined TRACON& Tower with Radar,39,20,2,26,87,0,42,29,4,75,39,62,31,30,162,27,72,99,261
12/19/2009,ITO,HI,AWP,WE,Combined TRACON& Tower with Radar,36,23,11,8,78,0,3,0,0,3,36,26,11,8,81,0,4,4,85
12/20/2009,ITO,HI,AWP,WE,Combined TRACON& Tower with Radar,37,17,0,5,59,0,23,9,3,35,37,40,9,8,94,18,0,18,112
12/21/2009,ITO,HI,AWP,WE,Combined TRACON& Tower with Radar,45,25,5,2,77,0,69,14,2,85,45,94,19,4,162,38,24,62,224
12/22/2009,ITO,HI,AWP,WE,Combined TRACON& Tower with Radar,40,25,0,5,70,0,165,24,7,196,40,190,24,12,266,20,68,88,354
12/23/2009,ITO,HI,AWP,WE,Combined TRACON& Tower with Radar,40,16,0,8,64,0,124,29,3,156,40,140,29,11,220,30,0,30,250
12/24/2009,ITO,HI,AWP,WE,Combined TRACON& Tower with Radar,43,19,2,1,65,0,89,28,0,117,43,108,30,1,182,46,0,46,228
12/25/2009,ITO,HI,AWP,WE,Combined TRACON& Tower with Radar,33,17,1,0,51,0,93,11,0,104,33,110,12,0,155,24,0,24,179
12/26/2009,ITO,HI,AWP,WE,Combined TRACON& Tower with Radar,47,21,0,0,68,0,120,28,0,148,47,141,28,0,216,62,0,62,278
12/27/2009,ITO,HI,AWP,WE,Combined TRACON& Tower with Radar,37,19,0,0,56,0,123,10,2,135,37,142,10,2,191,32,0,32,223
12/28/2009,ITO,HI,AWP,WE,Combined TRACON& Tower with Radar,43,24,0,0,67,0,143,26,1,170,43,167,26,1,237,62,0,62,299
12/29/2009,ITO,HI,AWP,WE,Combined TRACON& Tower with Radar,45,24,0,13,82,0,159,19,2,180,45,183,19,15,262,30,16,46,308
12/30/2009,ITO,HI,AWP,WE,Combined TRACON& Tower with Radar,50,23,2,3,78,0,154,10,1,165,50,177,12,4,243,20,2,22,265
12/31/2009,ITO,HI,AWP,WE,Combined TRACON& Tower with Radar,47,19,0,3,69,0,113,19,2,134,47,132,19,5,203,32,66,98,301
01/01/2010,ITO,HI,AWP,WE,Combined TRACON& Tower with Radar,36,16,2,0,54,0,55,10,0,65,36,71,12,0,119,16,0,16,135
01/02/2010,ITO,HI,AWP,WE,Combined TRACON& Tower with Radar,38,20,3,0,61,0,77,5,3,85,38,97,8,3,146,20,0,20,166
01/03/2010,ITO,HI,AWP,WE,Combined TRACON& Tower with Radar,37,17,5,1,60,0,83,9,1,93,37,100,14,2,153,25,0,25,178
01/04/2010,ITO,HI,AWP,WE,Combined TRACON& Tower with Radar,37,19,0,4,60,0,79,17,3,99,37,98,17,7,159,38,26,64,223
01/05/2010,ITO,HI,AWP,WE,Combined TRACON& Tower with Radar,37,22,2,15,76,0,121,26,8,155,37,143,28,23,231,48,18,66,297
01/06/2010,ITO,HI,AWP,WE,Combined TRACON& Tower with Radar,37,22,5,2,66,0,65,12,3,80,37,87,17,5,146,34,2,36,182
01/07/2010,ITO,HI,AWP,WE,Combined TRACON& Tower with Radar,38,23,2,3,66,0,80,17,4,101,38,103,19,7,167,29,24,53,220
01/08/2010,ITO,HI,AWP,WE,Combined TRACON& Tower with Radar,37,22,0,3,62,0,76,12,3,91,37,98,12,6,153,32,12,44,197
01/09/2010,ITO,HI,AWP,WE,Combined TRACON& Tower with Radar,33,21,1,7,62,0,60,14,2,76,33,81,15,9,138,24,6,30,168
01/10/2010,ITO,HI,AWP,WE,Combined TRACON& Tower with Radar,31,1,2,0,34,0,57,14,2,73,31,58,16,2,107,16,1,17,124
01/11/2010,ITO,HI,AWP,WE,Combined TRACON& Tower with Radar,45,22,0,9,76,0,77,14,4,95,45,99,14,13,171,22,6,28,199
01/12/2010,ITO,HI,AWP,WE,Combined TRACON& Tower with Radar,39,13,5,5,62,0,128,10,2,140,39,141,15,7,202,26,10,36,238
01/13/2010,ITO,HI,AWP,WE,Combined TRACON& Tower with Radar,38,16,1,4,59,0,73,17,14,104,38,89,18,18,163,37,85,122,285
01/14/2010,ITO,HI,AWP,WE,Combined TRACON& Tower with Radar,38,21,0,12,71,0,63,20,4,87,38,84,20,16,158,40,44,84,242
01/15/2010,ITO,HI,AWP,WE,Combined TRACON& Tower with Radar,37,22,0,19,78,0,65,13,3,81,37,87,13,22,159,17,30,47,206
01/16/2010,ITO,HI,AWP,WE,Combined TRACON& Tower with Radar,32,29,0,15,76,0,45,19,0,64,32,74,19,15,140,62,52,114,254
01/17/2010,ITO,HI,AWP,WE,Combined TRACON& Tower with Radar,32,18,3,10,63,0,59,33,0,92,32,77,36,10,155,42,0,42,197
01/18/2010,ITO,HI,AWP,WE,Combined TRACON& Tower with Radar,41,14,1,8,64,0,72,6,0,78,41,86,7,8,142,26,2,28,170
01/19/2010,ITO,HI,AWP,WE,Combined TRACON& Tower with Radar,37,17,0,0,54,0,110,14,3,127,37,127,14,3,181,16,10,26,207
01/20/2010,ITO,HI,AWP,WE,Combined TRACON& Tower with Radar,40,21,1,16,78,0,59,15,4,78,40,80,16,20,156,22,42,64,220
01/21/2010,ITO,HI,AWP,WE,Combined TRACON& Tower with Radar,37,19,1,17,74,0,70,15,3,88,37,89,16,20,162,26,6,32,194
01/22/2010,ITO,HI,AWP,WE,Combined TRACON& Tower with Radar,45,24,1,9,79,0,107,14,3,124,45,131,15,12,203,42,12,54,257
01/23/2010,ITO,HI,AWP,WE,Combined TRACON& Tower with Radar,33,19,0,6,58,0,54,8,1,63,33,73,8,7,121,10,6,16,137
01/24/2010,ITO,HI,AWP,WE,Combined TRACON& Tower with Radar,31,14,1,0,46,0,88,15,0,103,31,102,16,0,149,43,0,43,192
01/25/2010,ITO,HI,AWP,WE,Combined TRACON& Tower with Radar,38,18,1,8,65,0,93,12,2,107,38,111,13,10,172,16,26,42,214
01/26/2010,ITO,HI,AWP,WE,Combined TRACON& Tower with Radar,39,18,4,23,84,0,97,20,7,124,39,115,24,30,208,33,104,137,345
01/27/2010,ITO,HI,AWP,WE,Combined TRACON& Tower with Radar,40,13,4,14,71,0,64,15,7,86,40,77,19,21,157,48,30,78,235
01/28/2010,ITO,HI,AWP,WE,Combined TRACON& Tower with Radar,40,16,1,7,64,0,100,18,6,124,40,116,19,13,188,24,14,38,226
01/29/2010,ITO,HI,AWP,WE,Combined TRACON& Tower with Radar,39,32,0,7,78,0,71,13,7,91,39,103,13,14,169,37,10,47,216
01/30/2010,ITO,HI,AWP,WE,Combined TRACON& Tower with Radar,33,24,4,15,76,0,41,7,4,52,33,65,11,19,128,42,4,46,174
01/31/2010,ITO,HI,AWP,WE,Combined TRACON& Tower with Radar,31,18,2,7,58,0,41,5,2,48,31,59,7,9,106,13,0,13,119
02/01/2010,ITO,HI,AWP,WE,Combined TRACON& Tower with Radar,40,17,0,4,61,0,45,17,13,75,40,62,17,17,136,18,4,22,158
02/02/2010,ITO,HI,AWP,WE,Combined TRACON& Tower with Radar,40,15,2,22,79,131,16,15,0,162,171,31,17,22,241,28,116,144,385
02/03/2010,ITO,HI,AWP,WE,Combined TRACON& Tower with Radar,41,15,2,2,60,0,46,6,12,64,41,61,8,14,124,12,58,70,194
02/04/2010,ITO,HI,AWP,WE,Combined TRACON& Tower with Radar,41,18,0,9,68,0,85,9,5,99,41,103,9,14,167,16,42,58,225
02/05/2010,ITO,HI,AWP,WE,Combined TRACON& Tower with Radar,39,17,0,17,73,0,88,10,4,102,39,105,10,21,175,42,10,52,227
02/06/2010,ITO,HI,AWP,WE,Combined TRACON& Tower with Radar,32,20,0,0,52,0,81,18,1,100,32,101,18,1,152,42,0,42,194
02/07/2010,ITO,HI,AWP,WE,Combined TRACON& Tower with Radar,31,17,0,0,48,0,41,10,0,51,31,58,10,0,99,28,0,28,127
02/08/2010,ITO,HI,AWP,WE,Combined TRACON& Tower with Radar,39,20,1,6,66,0,86,21,8,115,39,106,22,14,181,16,20,36,217
02/09/2010,ITO,HI,AWP,WE,Combined TRACON& Tower with Radar,42,19,2,17,80,0,115,18,9,142,42,134,20,26,222,56,78,134,356
02/10/2010,ITO,HI,AWP,WE,Combined TRACON& Tower with Radar,38,24,2,13,77,0,104,12,16,132,38,128,14,29,209,22,78,100,309
02/11/2010,ITO,HI,AWP,WE,Combined TRACON& Tower with Radar,46,18,1,19,84,0,86,19,15,120,46,104,20,34,204,10,102,112,316
02/12/2010,ITO,HI,AWP,WE,Combined TRACON& Tower with Radar,38,27,2,4,71,0,78,14,8,100,38,105,16,12,171,41,0,41,212
02/13/2010,ITO,HI,AWP,WE,Combined TRACON& Tower with Radar,34,24,0,0,58,0,90,25,2,117,34,114,25,2,175,40,0,40,215
02/14/2010,ITO,HI,AWP,WE,Combined TRACON& Tower with Radar,30,12,4,8,54,0,95,4,3,102,30,107,8,11,156,8,8,16,172
02/15/2010,ITO,HI,AWP,WE,Combined TRACON& Tower with Radar,43,22,0,0,65,0,107,17,1,125,43,129,17,1,190,20,0,20,210
02/16/2010,ITO,HI,AWP,WE,Combined TRACON& Tower with Radar,43,16,0,18,77,0,130,8,8,146,43,146,8,26,223,18,70,88,311
02/17/2010,ITO,HI,AWP,WE,Combined TRACON& Tower with Radar,43,21,2,7,73,0,75,8,4,87,43,96,10,11,160,16,16,32,192
02/18/2010,ITO,HI,AWP,WE,Combined TRACON& Tower with Radar,40,12,1,14,67,0,97,13,10,120,40,109,14,24,187,28,62,90,277
02/19/2010,ITO,HI,AWP,WE,Combined TRACON& Tower with Radar,39,26,5,6,76,0,95,9,3,107,39,121,14,9,183,14,8,22,205
02/20/2010,ITO,HI,AWP,WE,Combined TRACON& Tower with Radar,35,20,8,6,69,0,98,7,4,109,35,118,15,10,178,4,4,8,186
02/21/2010,ITO,HI,AWP,WE,Combined TRACON& Tower with Radar,31,12,0,7,50,0,58,10,7,75,31,70,10,14,125,8,28,36,161
02/22/2010,ITO,HI,AWP,WE,Combined TRACON& Tower with Radar,40,20,1,7,68,0,86,19,0,105,40,106,20,7,173,66,4,70,243
02/23/2010,ITO,HI,AWP,WE,Combined TRACON& Tower with Radar,90,12,0,5,107,0,100,8,0,108,90,112,8,5,215,30,12,42,257
02/24/2010,ITO,HI,AWP,WE,Combined TRACON& Tower with Radar,41,16,5,15,77,0,73,22,4,99,41,89,27,19,176,2,38,40,216
02/25/2010,ITO,HI,AWP,WE,Combined TRACON& Tower with Radar,42,17,3,1,63,0,70,17,5,92,42,87,20,6,155,36,0,36,191
02/26/2010,ITO,HI,AWP,WE,Combined TRACON& Tower with Radar,41,21,0,0,62,0,74,13,2,89,41,95,13,2,151,8,0,8,159
02/27/2010,ITO,HI,AWP,WE,Combined TRACON& Tower with Radar,16,8,3,4,31,0,14,41,3,58,16,22,44,7,89,36,4,40,129
02/28/2010,ITO,HI,AWP,WE,Combined TRACON& Tower with Radar,34,16,2,0,52,0,41,8,1,50,34,57,10,1,102,16,0,16,118
03/01/2010,ITO,HI,AWP,WE,Combined TRACON& Tower with Radar,40,23,3,2,68,0,66,10,7,83,40,89,13,9,151,2,58,60,211
03/02/2010,ITO,HI,AWP,WE,Combined TRACON& Tower with Radar,39,14,5,13,71,0,130,11,4,145,39,144,16,17,216,18,14,32,248
03/03/2010,ITO,HI,AWP,WE,Combined TRACON& Tower with Radar,39,15,1,12,67,0,72,18,6,96,39,87,19,18,163,6,49,55,218
03/04/2010,ITO,HI,AWP,WE,Combined TRACON& Tower with Radar,44,17,2,6,69,0,72,16,10,98,44,89,18,16,167,16,24,40,207
03/05/2010,ITO,HI,AWP,WE,Combined TRACON& Tower with Radar,39,22,6,8,75,0,93,19,4,116,39,115,25,12,191,17,8,25,216
03/06/2010,ITO,HI,AWP,WE,Combined TRACON& Tower with Radar,32,27,1,4,64,0,71,18,5,94,32,98,19,9,158,52,0,52,210
03/07/2010,ITO,HI,AWP,WE,Combined TRACON& Tower with Radar,30,16,5,8,59,0,76,16,0,92,30,92,21,8,151,40,0,40,191
03/08/2010,ITO,HI,AWP,WE,Combined TRACON& Tower with Radar,42,26,2,6,76,0,61,11,6,78,42,87,13,12,154,14,14,28,182
03/09/2010,ITO,HI,AWP,WE,Combined TRACON& Tower with Radar,40,21,0,10,71,0,115,20,9,144,40,136,20,19,215,52,24,76,291
03/10/2010,ITO,HI,AWP,WE,Combined TRACON& Tower with Radar,40,22,1,2,65,0,84,16,3,103,40,106,17,5,168,20,18,38,206
03/11/2010,ITO,HI,AWP,WE,Combined TRACON& Tower with Radar,42,27,7,16,92,0,90,6,4,100,42,117,13,20,192,14,44,58,250
03/12/2010,ITO,HI,AWP,WE,Combined TRACON& Tower with Radar,39,16,4,2,61,0,62,18,2,82,39,78,22,4,143,32,4,36,179
03/13/2010,ITO,HI,AWP,WE,Combined TRACON& Tower with Radar,32,16,3,2,53,0,87,12,5,104,32,103,15,7,157,26,0,26,183
03/14/2010,ITO,HI,AWP,WE,Combined TRACON& Tower with Radar,34,13,6,0,53,0,70,11,7,88,34,83,17,7,141,26,0,26,167
03/15/2010,ITO,HI,AWP,WE,Combined TRACON& Tower with Radar,39,20,1,7,67,0,55,12,4,71,39,75,13,11,138,38,14,52,190
03/16/2010,ITO,HI,AWP,WE,Combined TRACON& Tower with Radar,41,16,2,5,64,0,148,10,4,162,41,164,12,9,226,24,20,44,270
03/17/2010,ITO,HI,AWP,WE,Combined TRACON& Tower with Radar,39,21,2,13,75,0,96,11,4,111,39,117,13,17,186,26,45,71,257
03/18/2010,ITO,HI,AWP,WE,Combined TRACON& Tower with Radar,39,14,5,6,64,0,89,6,1,96,39,103,11,7,160,8,0,8,168
03/19/2010,ITO,HI,AWP,WE,Combined TRACON& Tower with Radar,41,15,1,8,65,0,87,5,1,93,41,102,6,9,158,8,4,12,170
03/20/2010,ITO,HI,AWP,WE,Combined TRACON& Tower with Radar,32,13,2,0,47,0,71,0,0,71,32,84,2,0,118,4,0,4,122
03/21/2010,ITO,HI,AWP,WE,Combined TRACON& Tower with Radar,35,12,0,0,47,0,56,5,0,61,35,68,5,0,108,14,0,14,122
03/22/2010,ITO,HI,AWP,WE,Combined TRACON& Tower with Radar,38,19,0,4,61,0,67,10,1,78,38,86,10,5,139,26,2,28,167
03/23/2010,ITO,HI,AWP,WE,Combined TRACON& Tower with Radar,40,18,0,5,63,0,123,17,2,142,40,141,17,7,205,32,20,52,257
03/24/2010,ITO,HI,AWP,WE,Combined TRACON& Tower with Radar,37,17,9,4,67,0,71,15,4,90,37,88,24,8,157,18,32,50,207
03/25/2010,ITO,HI,AWP,WE,Combined TRACON& Tower with Radar,41,22,4,4,71,0,71,13,4,88,41,93,17,8,159,18,18,36,195
03/26/2010,ITO,HI,AWP,WE,Combined TRACON& Tower with Radar,36,21,1,3,61,0,81,13,1,95,36,102,14,4,156,32,2,34,190
03/27/2010,ITO,HI,AWP,WE,Combined TRACON& Tower with Radar,33,20,1,2,56,0,66,23,1,90,33,86,24,3,146,84,0,84,230
03/28/2010,ITO,HI,AWP,WE,Combined TRACON& Tower with Radar,34,21,3,0,58,0,45,12,0,57,34,66,15,0,115,50,0,50,165
03/29/2010,ITO,HI,AWP,WE,Combined TRACON& Tower with Radar,38,19,4,6,67,0,79,16,1,96,38,98,20,7,163,36,14,50,213
03/30/2010,ITO,HI,AWP,WE,Combined TRACON& Tower with Radar,41,17,1,5,64,0,146,24,2,172,41,163,25,7,236,34,0,34,270
03/31/2010,ITO,HI,AWP,WE,Combined TRACON& Tower with Radar,37,17,1,9,64,0,102,16,2,120,37,119,17,11,184,22,14,36,220
04/01/2010,ITO,HI,AWP,WE,Combined TRACON& Tower with Radar,43,14,4,12,73,0,92,12,2,106,43,106,16,14,179,24,51,75,254
04/02/2010,ITO,HI,AWP,WE,Combined TRACON& Tower with Radar,37,22,1,8,68,0,116,11,1,128,37,138,12,9,196,28,8,36,232
04/03/2010,ITO,HI,AWP,WE,Combined TRACON& Tower with Radar,33,21,0,0,54,0,98,11,0,109,33,119,11,0,163,28,0,28,191
04/04/2010,ITO,HI,AWP,WE,Combined TRACON& Tower with Radar,32,18,0,0,50,0,93,8,0,101,32,111,8,0,151,20,0,20,171
04/05/2010,ITO,HI,AWP,WE,Combined TRACON& Tower with Radar,40,24,7,11,82,0,92,14,0,106,40,116,21,11,188,16,8,24,212
04/06/2010,ITO,HI,AWP,WE,Combined TRACON& Tower with Radar,45,26,1,11,83,0,112,13,8,133,45,138,14,19,216,22,28,50,266
04/07/2010,ITO,HI,AWP,WE,Combined TRACON& Tower with Radar,42,24,2,6,74,0,101,3,11,115,42,125,5,17,189,22,24,46,235
04/08/2010,ITO,HI,AWP,WE,Combined TRACON& Tower with Radar,39,12,1,2,54,0,88,15,8,111,39,100,16,10,165,26,40,66,231
04/09/2010,ITO,HI,AWP,WE,Combined TRACON& Tower with Radar,39,21,0,3,63,0,62,17,1,80,39,83,17,4,143,36,0,36,179
04/10/2010,ITO,HI,AWP,WE,Combined TRACON& Tower with Radar,31,19,0,4,54,0,54,16,25,95,31,73,16,29,149,32,26,58,207
04/11/2010,ITO,HI,AWP,WE,Combined TRACON& Tower with Radar,45,15,1,4,65,0,86,16,8,110,45,101,17,12,175,36,16,52,227
04/12/2010,ITO,HI,AWP,WE,Combined TRACON& Tower with Radar,40,15,3,8,66,0,85,19,6,110,40,100,22,14,176,16,18,34,210
04/13/2010,ITO,HI,AWP,WE,Combined TRACON& Tower with Radar,39,20,2,12,73,0,135,10,23,168,39,155,12,35,241,12,18,30,271
04/14/2010,ITO,HI,AWP,WE,Combined TRACON& Tower with Radar,38,17,4,12,71,0,84,37,0,121,38,101,41,12,192,12,18,30,222
04/15/2010,ITO,HI,AWP,WE,Combined TRACON& Tower with Radar,40,18,2,1,61,0,69,7,5,81,40,87,9,6,142,10,28,38,180
04/16/2010,ITO,HI,AWP,WE,Combined TRACON& Tower with Radar,37,18,2,18,75,0,119,11,4,134,37,137,13,22,209,48,30,78,287
04/17/2010,ITO,HI,AWP,WE,Combined TRACON& Tower with Radar,33,20,0,3,56,0,132,7,0,139,33,152,7,3,195,24,0,24,219
04/18/2010,ITO,HI,AWP,WE,Combined TRACON& Tower with Radar,33,12,0,2,47,0,53,18,0,71,33,65,18,2,118,8,0,8,126
04/19/2010,ITO,HI,AWP,WE,Combined TRACON& Tower with Radar,41,21,0,2,64,0,68,15,0,83,41,89,15,2,147,30,0,30,177
04/20/2010,ITO,HI,AWP,WE,Combined TRACON& Tower with Radar,39,23,2,3,67,0,132,11,6,149,39,155,13,9,216,10,37,47,263
04/21/2010,ITO,HI,AWP,WE,Combined TRACON& Tower with Radar,37,16,2,3,58,0,109,9,2,120,37,125,11,5,178,20,0,20,198
04/22/2010,ITO,HI,AWP,WE,Combined TRACON& Tower with Radar,43,14,3,12,72,0,81,12,2,95,43,95,15,14,167,48,52,100,267
04/23/2010,ITO,HI,AWP,WE,Combined TRACON& Tower with Radar,38,14,2,9,63,0,73,12,2,87,38,87,14,11,150,42,22,64,214
04/24/2010,ITO,HI,AWP,WE,Combined TRACON& Tower with Radar,33,17,3,2,55,0,80,12,0,92,33,97,15,2,147,14,14,28,175
04/25/2010,ITO,HI,AWP,WE,Combined TRACON& Tower with Radar,32,17,1,0,50,0,108,14,0,122,32,125,15,0,172,24,0,24,196
04/26/2010,ITO,HI,AWP,WE,Combined TRACON& Tower with Radar,40,23,1,12,76,0,68,14,3,85,40,91,15,15,161,10,10,20,181
04/27/2010,ITO,HI,AWP,WE,Combined TRACON& Tower with Radar,38,24,2,1,65,0,117,14,0,131,38,141,16,1,196,32,0,32,228
04/28/2010,ITO,HI,AWP,WE,Combined TRACON& Tower with Radar,42,23,3,2,70,0,60,15,2,77,42,83,18,4,147,10,18,28,175
04/29/2010,ITO,HI,AWP,WE,Combined TRACON& Tower with Radar,39,15,0,6,60,0,69,10,0,79,39,84,10,6,139,24,12,36,175
04/30/2010,ITO,HI,AWP,WE,Combined TRACON& Tower with Radar,38,18,0,2,58,0,84,19,3,106,38,102,19,5,164,54,0,54,218
05/01/2010,ITO,HI,AWP,WE,Combined TRACON& Tower with Radar,32,16,14,4,66,0,104,12,1,117,32,120,26,5,183,34,0,34,217
05/02/2010,ITO,HI,AWP,WE,Combined TRACON& Tower with Radar,31,10,11,4,56,0,54,15,5,74,31,64,26,9,130,37,17,54,184
05/03/2010,ITO,HI,AWP,WE,Combined TRACON& Tower with Radar,39,26,3,15,83,0,91,35,14,140,39,117,38,29,223,32,50,82,305
05/04/2010,ITO,HI,AWP,WE,Combined TRACON& Tower with Radar,43,23,3,4,73,0,115,24,0,139,43,138,27,4,212,32,4,36,248
05/05/2010,ITO,HI,AWP,WE,Combined TRACON& Tower with Radar,37,20,6,6,69,0,69,22,1,92,37,89,28,7,161,10,2,12,173
05/06/2010,ITO,HI,AWP,WE,Combined TRACON& Tower with Radar,38,12,1,3,54,0,119,15,3,137,38,131,16,6,191,14,6,20,211
05/07/2010,ITO,HI,AWP,WE,Combined TRACON& Tower with Radar,38,15,2,20,75,0,69,9,6,84,38,84,11,26,159,23,28,51,210
05/08/2010,ITO,HI,AWP,WE,Combined TRACON& Tower with Radar,32,14,2,2,50,0,62,5,0,67,32,76,7,2,117,8,12,20,137
05/09/2010,ITO,HI,AWP,WE,Combined TRACON& Tower with Radar,31,14,0,1,46,0,53,13,0,66,31,67,13,1,112,34,0,34,146
05/10/2010,ITO,HI,AWP,WE,Combined TRACON& Tower with Radar,41,15,4,4,64,0,74,4,1,79,41,89,8,5,143,18,6,24,167
05/11/2010,ITO,HI,AWP,WE,Combined TRACON& Tower with Radar,36,12,1,3,52,0,107,7,2,116,36,119,8,5,168,18,8,26,194
05/12/2010,ITO,HI,AWP,WE,Combined TRACON& Tower with Radar,37,16,4,7,64,0,62,7,5,74,37,78,11,12,138,14,20,34,172
05/13/2010,ITO,HI,AWP,WE,Combined TRACON& Tower with Radar,41,14,0,0,55,0,75,6,2,83,41,89,6,2,138,28,12,40,178
05/14/2010,ITO,HI,AWP,WE,Combined TRACON& Tower with Radar,38,15,2,6,61,0,64,18,2,84,38,79,20,8,145,42,0,42,187
05/15/2010,ITO,HI,AWP,WE,Combined TRACON& Tower with Radar,33,19,4,4,60,0,65,28,3,96,33,84,32,7,156,99,0,99,255
05/16/2010,ITO,HI,AWP,WE,Combined TRACON& Tower with Radar,34,18,4,2,58,0,55,6,0,61,34,73,10,2,119,22,0,22,141
05/17/2010,ITO,HI,AWP,WE,Combined TRACON& Tower with Radar,38,12,1,4,55,0,73,20,0,93,38,85,21,4,148,30,4,34,182
05/18/2010,ITO,HI,AWP,WE,Combined TRACON& Tower with Radar,40,17,1,3,61,0,136,17,8,161,40,153,18,11,222,26,22,48,270
05/19/2010,ITO,HI,AWP,WE,Combined TRACON& Tower with Radar,37,17,2,3,59,0,59,11,5,75,37,76,13,8,134,22,30,52,186
05/20/2010,ITO,HI,AWP,WE,Combined TRACON& Tower with Radar,37,17,3,3,60,0,80,24,0,104,37,97,27,3,164,14,0,14,178
05/21/2010,ITO,HI,AWP,WE,Combined TRACON& Tower with Radar,41,19,2,5,67,0,87,11,0,98,41,106,13,5,165,24,0,24,189
05/22/2010,ITO,HI,AWP,WE,Combined TRACON& Tower with Radar,31,19,6,2,58,0,75,8,4,87,31,94,14,6,145,24,6,30,175
05/23/2010,ITO,HI,AWP,WE,Combined TRACON& Tower with Radar,31,12,4,0,47,0,62,10,0,72,31,74,14,0,119,8,0,8,127
05/24/2010,ITO,HI,AWP,WE,Combined TRACON& Tower with Radar,40,16,1,6,63,0,70,11,0,81,40,86,12,6,144,10,14,24,168
05/25/2010,ITO,HI,AWP,WE,Combined TRACON& Tower with Radar,39,15,0,12,66,0,158,9,5,172,39,173,9,17,238,30,34,64,302
05/26/2010,ITO,HI,AWP,WE,Combined TRACON& Tower with Radar,38,16,1,3,58,0,84,28,0,112,38,100,29,3,170,18,2,20,190
05/27/2010,ITO,HI,AWP,WE,Combined TRACON& Tower with Radar,47,14,1,7,69,0,70,21,0,91,47,84,22,7,160,28,4,32,192
05/28/2010,ITO,HI,AWP,WE,Combined TRACON& Tower with Radar,41,15,0,5,61,0,51,9,0,60,41,66,9,5,121,22,6,28,149
05/29/2010,ITO,HI,AWP,WE,Combined TRACON& Tower with Radar,34,13,1,0,48,0,90,13,0,103,34,103,14,0,151,10,0,10,161
05/30/2010,ITO,HI,AWP,WE,Combined TRACON& Tower with Radar,31,14,0,0,45,0,79,16,0,95,31,93,16,0,140,36,0,36,176
05/31/2010,ITO,HI,AWP,WE,Combined TRACON& Tower with Radar,40,14,0,0,54,0,83,21,0,104,40,97,21,0,158,26,0,26,184
06/01/2010,ITO,HI,AWP,WE,Combined TRACON& Tower with Radar,49,18,0,11,78,0,123,5,2,130,49,141,5,13,208,18,56,74,282
06/02/2010,ITO,HI,AWP,WE,Combined TRACON& Tower with Radar,41,18,0,8,67,0,84,15,1,100,41,102,15,9,167,17,7,24,191
06/03/2010,ITO,HI,AWP,WE,Combined TRACON& Tower with Radar,44,14,0,0,58,0,85,7,2,94,44,99,7,2,152,44,6,50,202
06/04/2010,ITO,HI,AWP,WE,Combined TRACON& Tower with Radar,44,15,0,1,60,0,77,13,0,90,44,92,13,1,150,66,10,76,226
06/05/2010,ITO,HI,AWP,WE,Combined TRACON& Tower with Radar,34,15,0,4,53,0,69,17,0,86,34,84,17,4,139,40,0,40,179
06/06/2010,ITO,HI,AWP,WE,Combined TRACON& Tower with Radar,33,11,7,2,53,0,59,4,0,63,33,70,11,2,116,22,0,22,138
06/07/2010,ITO,HI,AWP,WE,Combined TRACON& Tower with Radar,40,19,0,8,67,0,70,17,16,103,40,89,17,24,170,18,70,88,258
06/08/2010,ITO,HI,AWP,WE,Combined TRACON& Tower with Radar,42,15,0,5,62,0,127,21,5,153,42,142,21,10,215,18,4,22,237
06/09/2010,ITO,HI,AWP,WE,Combined TRACON& Tower with Radar,36,18,3,0,57,0,93,15,2,110,36,111,18,2,167,24,0,24,191
06/10/2010,ITO,HI,AWP,WE,Combined TRACON& Tower with Radar,42,18,0,7,67,0,96,4,6,106,42,114,4,13,173,22,34,56,229
06/11/2010,ITO,HI,AWP,WE,Combined TRACON& Tower with Radar,39,20,0,0,59,0,85,12,2,99,39,105,12,2,158,12,0,12,170
06/12/2010,ITO,HI,AWP,WE,Combined TRACON& Tower with Radar,32,21,0,8,61,0,90,15,0,105,32,111,15,8,166,62,0,62,228
06/13/2010,ITO,HI,AWP,WE,Combined TRACON& Tower with Radar,30,16,1,1,48,0,64,19,1,84,30,80,20,2,132,22,0,22,154
06/14/2010,ITO,HI,AWP,WE,Combined TRACON& Tower with Radar,42,19,2,7,70,0,104,12,1,117,42,123,14,8,187,12,10,22,209
06/15/2010,ITO,HI,AWP,WE,Combined TRACON& Tower with Radar,39,17,1,5,62,0,152,8,5,165,39,169,9,10,227,20,14,34,261
06/16/2010,ITO,HI,AWP,WE,Combined TRACON& Tower with Radar,36,23,6,4,69,0,97,12,0,109,36,120,18,4,178,8,34,42,220
06/17/2010,ITO,HI,AWP,WE,Combined TRACON& Tower with Radar,40,22,0,5,67,0,96,14,4,114,40,118,14,9,181,38,4,42,223
06/18/2010,ITO,HI,AWP,WE,Combined TRACON& Tower with Radar,37,16,1,2,56,0,93,8,4,105,37,109,9,6,161,16,2,18,179
06/19/2010,ITO,HI,AWP,WE,Combined TRACON& Tower with Radar,31,18,0,10,59,0,66,22,1,89,31,84,22,11,148,36,2,38,186
06/20/2010,ITO,HI,AWP,WE,Combined TRACON& Tower with Radar,32,10,0,0,42,0,74,13,0,87,32,84,13,0,129,36,0,36,165
06/21/2010,ITO,HI,AWP,WE,Combined TRACON& Tower with Radar,41,33,4,14,92,0,61,17,4,82,41,94,21,18,174,20,21,41,215
06/22/2010,ITO,HI,AWP,WE,Combined TRACON& Tower with Radar,39,22,0,2,63,0,167,34,6,207,39,189,34,8,270,33,6,39,309
06/23/2010,ITO,HI,AWP,WE,Combined TRACON& Tower with Radar,37,16,3,6,62,0,95,41,8,144,37,111,44,14,206,46,32,78,284
06/24/2010,ITO,HI,AWP,WE,Combined TRACON& Tower with Radar,42,13,2,7,64,0,97,32,12,141,42,110,34,19,205,38,50,88,293
06/25/2010,ITO,HI,AWP,WE,Combined TRACON& Tower with Radar,43,21,0,4,68,0,90,32,13,135,43,111,32,17,203,20,0,20,223
06/26/2010,ITO,HI,AWP,WE,Combined TRACON& Tower with Radar,30,15,0,3,48,0,80,15,5,100,30,95,15,8,148,10,22,32,180
06/27/2010,ITO,HI,AWP,WE,Combined TRACON& Tower with Radar,35,14,5,0,54,0,98,13,1,112,35,112,18,1,166,22,0,22,188
06/28/2010,ITO,HI,AWP,WE,Combined TRACON& Tower with Radar,41,20,0,6,67,0,112,22,0,134,41,132,22,6,201,24,24,48,249
06/29/2010,ITO,HI,AWP,WE,Combined TRACON& Tower with Radar,35,14,3,11,63,0,161,13,7,181,35,175,16,18,244,16,6,22,266
06/30/2010,ITO,HI,AWP,WE,Combined TRACON& Tower with Radar,41,13,6,22,82,0,127,14,11,152,41,140,20,33,234,18,62,80,314
07/01/2010,ITO,HI,AWP,WE,Combined TRACON& Tower with Radar,47,12,1,2,62,0,116,26,0,142,47,128,27,2,204,22,26,48,252
07/02/2010,ITO,HI,AWP,WE,Combined TRACON& Tower with Radar,42,17,2,0,61,0,104,14,0,118,42,121,16,0,179,50,0,50,229
07/03/2010,ITO,HI,AWP,WE,Combined TRACON& Tower with Radar,33,14,7,0,54,0,106,11,0,117,33,120,18,0,171,22,0,22,193
07/04/2010,ITO,HI,AWP,WE,Combined TRACON& Tower with Radar,39,14,2,0,55,0,99,7,0,106,39,113,9,0,161,18,0,18,179
07/05/2010,ITO,HI,AWP,WE,Combined TRACON& Tower with Radar,39,13,1,4,57,0,137,21,3,161,39,150,22,7,218,32,0,32,250
07/06/2010,ITO,HI,AWP,WE,Combined TRACON& Tower with Radar,37,13,2,10,62,0,171,25,8,204,37,184,27,18,266,42,38,80,346
07/07/2010,ITO,HI,AWP,WE,Combined TRACON& Tower with Radar,44,16,0,31,91,0,100,19,2,121,44,116,19,33,212,24,48,72,284
07/08/2010,ITO,HI,AWP,WE,Combined TRACON& Tower with Radar,43,21,2,12,78,0,97,12,3,112,43,118,14,15,190,124,53,177,367
07/09/2010,ITO,HI,AWP,WE,Combined TRACON& Tower with Radar,43,17,0,2,62,0,128,18,2,148,43,145,18,4,210,32,2,34,244
07/10/2010,ITO,HI,AWP,WE,Combined TRACON& Tower with Radar,31,16,1,19,67,0,94,13,11,118,31,110,14,30,185,4,36,40,225
07/11/2010,ITO,HI,AWP,WE,Combined TRACON& Tower with Radar,34,17,5,6,62,0,70,11,4,85,34,87,16,10,147,18,18,36,183
07/12/2010,ITO,HI,AWP,WE,Combined TRACON& Tower with Radar,46,17,0,13,76,0,104,21,3,128,46,121,21,16,204,47,46,93,297
07/13/2010,ITO,HI,AWP,WE,Combined TRACON& Tower with Radar,39,20,10,11,80,0,140,25,12,177,39,160,35,23,257,48,54,102,359
07/14/2010,ITO,HI,AWP,WE,Combined TRACON& Tower with Radar,40,19,18,3,80,0,116,17,7,140,40,135,35,10,220,32,22,54,274
07/15/2010,ITO,HI,AWP,WE,Combined TRACON& Tower with Radar,44,15,2,3,64,0,132,22,5,159,44,147,24,8,223,36,90,126,349
07/16/2010,ITO,HI,AWP,WE,Combined TRACON& Tower with Radar,41,22,1,12,76,0,87,16,0,103,41,109,17,12,179,52,0,52,231
07/17/2010,ITO,HI,AWP,WE,Combined TRACON& Tower with Radar,30,18,1,0,49,0,73,18,2,93,30,91,19,2,142,62,0,62,204
07/18/2010,ITO,HI,AWP,WE,Combined TRACON& Tower with Radar,37,16,1,3,57,0,45,7,0,52,37,61,8,3,109,6,0,6,115
07/19/2010,ITO,HI,AWP,WE,Combined TRACON& Tower with Radar,41,19,0,9,69,0,104,11,0,115,41,123,11,9,184,47,66,113,297
07/20/2010,ITO,HI,AWP,WE,Combined TRACON& Tower with Radar,41,13,4,1,59,0,108,16,5,129,41,121,20,6,188,38,2,40,228
07/21/2010,ITO,HI,AWP,WE,Combined TRACON& Tower with Radar,40,20,1,26,87,0,118,13,6,137,40,138,14,32,224,22,54,76,300
07/22/2010,ITO,HI,AWP,WE,Combined TRACON& Tower with Radar,45,28,2,15,90,0,122,15,7,144,45,150,17,22,234,46,14,60,294
07/23/2010,ITO,HI,AWP,WE,Combined TRACON& Tower with Radar,44,21,0,6,71,0,96,10,2,108,44,117,10,8,179,64,28,92,271
07/24/2010,ITO,HI,AWP,WE,Combined TRACON& Tower with Radar,30,15,1,0,46,0,95,25,13,133,30,110,26,13,179,40,27,67,246
07/25/2010,ITO,HI,AWP,WE,Combined TRACON& Tower with Radar,32,14,2,0,48,0,81,15,9,105,32,95,17,9,153,34,7,41,194
07/26/2010,ITO,HI,AWP,WE,Combined TRACON& Tower with Radar,44,18,1,9,72,0,87,12,8,107,44,105,13,17,179,31,24,55,234
07/27/2010,ITO,HI,AWP,WE,Combined TRACON& Tower with Radar,36,19,6,17,78,0,153,26,1,180,36,172,32,18,258,58,12,70,328
07/28/2010,ITO,HI,AWP,WE,Combined TRACON& Tower with Radar,40,21,2,6,69,0,113,23,2,138,40,134,25,8,207,44,28,72,279
07/29/2010,ITO,HI,AWP,WE,Combined TRACON& Tower with Radar,43,14,4,0,61,0,117,15,1,133,43,131,19,1,194,22,10,32,226
07/30/2010,ITO,HI,AWP,WE,Combined TRACON& Tower with Radar,44,22,0,3,69,0,101,11,3,115,44,123,11,6,184,48,0,48,232
07/31/2010,ITO,HI,AWP,WE,Combined TRACON& Tower with Radar,32,15,1,1,49,0,91,6,0,97,32,106,7,1,146,20,0,20,166
08/01/2010,ITO,HI,AWP,WE,Combined TRACON& Tower with Radar,32,14,1,2,49,0,100,7,25,132,32,114,8,27,181,2,42,44,225
08/02/2010,ITO,HI,AWP,WE,Combined TRACON& Tower with Radar,44,19,0,14,77,0,128,10,14,152,44,147,10,28,229,14,96,110,339
08/03/2010,ITO,HI,AWP,WE,Combined TRACON& Tower with Radar,37,20,0,15,72,0,149,11,12,172,37,169,11,27,244,26,82,108,352
08/04/2010,ITO,HI,AWP,WE,Combined TRACON& Tower with Radar,40,12,0,9,61,0,133,11,14,158,40,145,11,23,219,10,64,74,293
08/05/2010,ITO,HI,AWP,WE,Combined TRACON& Tower with Radar,48,22,0,17,87,0,129,13,0,142,48,151,13,17,229,12,52,64,293
08/06/2010,ITO,HI,AWP,WE,Combined TRACON& Tower with Radar,41,22,2,6,71,0,112,10,0,122,41,134,12,6,193,26,0,26,219
08/07/2010,ITO,HI,AWP,WE,Combined TRACON& Tower with Radar,30,14,1,5,50,0,118,27,0,145,30,132,28,5,195,24,0,24,219
08/08/2010,ITO,HI,AWP,WE,Combined TRACON& Tower with Radar,36,13,0,6,55,0,110,3,5,118,36,123,3,11,173,26,2,28,201
08/09/2010,ITO,HI,AWP,WE,Combined TRACON& Tower with Radar,40,25,0,4,69,0,128,23,0,151,40,153,23,4,220,34,2,36,256
08/10/2010,ITO,HI,AWP,WE,Combined TRACON& Tower with Radar,41,20,0,1,62,0,162,27,3,192,41,182,27,4,254,78,6,84,338
08/11/2010,ITO,HI,AWP,WE,Combined TRACON& Tower with Radar,40,15,0,9,64,0,145,10,3,158,40,160,10,12,222,18,46,64,286
08/12/2010,ITO,HI,AWP,WE,Combined TRACON& Tower with Radar,48,16,0,4,68,0,125,23,1,149,48,141,23,5,217,98,2,100,317
08/13/2010,ITO,HI,AWP,WE,Combined TRACON& Tower with Radar,42,16,2,0,60,0,100,18,4,122,42,116,20,4,182,36,0,36,218
08/14/2010,ITO,HI,AWP,WE,Combined TRACON& Tower with Radar,31,24,0,0,55,0,96,12,0,108,31,120,12,0,163,12,0,12,175
08/15/2010,ITO,HI,AWP,WE,Combined TRACON& Tower with Radar,40,14,3,0,57,0,73,34,0,107,40,87,37,0,164,8,0,8,172
08/16/2010,ITO,HI,AWP,WE,Combined TRACON& Tower with Radar,44,18,4,3,69,0,109,30,3,142,44,127,34,6,211,20,0,20,231
08/17/2010,ITO,HI,AWP,WE,Combined TRACON& Tower with Radar,39,12,1,0,52,0,157,20,0,177,39,169,21,0,229,16,0,16,245
08/18/2010,ITO,HI,AWP,WE,Combined TRACON& Tower with Radar,40,16,3,2,61,0,126,18,2,146,40,142,21,4,207,30,0,30,237
08/19/2010,ITO,HI,AWP,WE,Combined TRACON& Tower with Radar,48,16,3,8,75,0,109,13,0,122,48,125,16,8,197,34,10,44,241
08/20/2010,ITO,HI,AWP,WE,Combined TRACON& Tower with Radar,41,21,0,8,70,0,91,13,4,108,41,112,13,12,178,30,6,36,214
08/21/2010,ITO,HI,AWP,WE,Combined TRACON& Tower with Radar,31,18,0,0,49,0,74,9,0,83,31,92,9,0,132,16,0,16,148
08/22/2010,ITO,HI,AWP,WE,Combined TRACON& Tower with Radar,34,13,1,0,48,0,47,9,0,56,34,60,10,0,104,14,0,14,118
08/23/2010,ITO,HI,AWP,WE,Combined TRACON& Tower with Radar,42,13,0,2,57,0,93,10,0,103,42,106,10,2,160,32,14,46,206
08/24/2010,ITO,HI,AWP,WE,Combined TRACON& Tower with Radar,41,19,0,8,68,0,150,14,1,165,41,169,14,9,233,44,24,68,301
08/25/2010,ITO,HI,AWP,WE,Combined TRACON& Tower with Radar,41,22,1,11,75,0,124,27,10,161,41,146,28,21,236,36,14,50,286
08/26/2010,ITO,HI,AWP,WE,Combined TRACON& Tower with Radar,42,14,1,14,71,0,89,15,3,107,42,103,16,17,178,12,64,76,254
08/27/2010,ITO,HI,AWP,WE,Combined TRACON& Tower with Radar,42,19,2,8,71,0,84,14,6,104,42,103,16,14,175,30,30,60,235
08/28/2010,ITO,HI,AWP,WE,Combined TRACON& Tower with Radar,31,20,0,8,59,0,73,14,0,87,31,93,14,8,146,34,14,48,194
08/29/2010,ITO,HI,AWP,WE,Combined TRACON& Tower with Radar,34,15,0,4,53,0,96,10,0,106,34,111,10,4,159,16,14,30,189
08/30/2010,ITO,HI,AWP,WE,Combined TRACON& Tower with Radar,41,28,1,16,86,0,72,8,0,80,41,100,9,16,166,29,40,69,235
08/31/2010,ITO,HI,AWP,WE,Combined TRACON& Tower with Radar,45,13,0,16,74,0,126,11,9,146,45,139,11,25,220,28,74,102,322
09/01/2010,ITO,HI,AWP,WE,Combined TRACON& Tower with Radar,40,14,2,5,61,0,62,30,6,98,40,76,32,11,159,44,50,94,253
09/02/2010,ITO,HI,AWP,WE,Combined TRACON& Tower with Radar,42,16,0,0,58,0,74,16,3,93,42,90,16,3,151,16,6,22,173
09/03/2010,ITO,HI,AWP,WE,Combined TRACON& Tower with Radar,43,0,0,0,43,0,99,17,1,117,43,99,17,1,160,58,0,58,218
09/04/2010,ITO,HI,AWP,WE,Combined TRACON& Tower with Radar,35,19,0,0,54,0,67,4,0,71,35,86,4,0,125,16,0,16,141
09/05/2010,ITO,HI,AWP,WE,Combined TRACON& Tower with Radar,33,16,2,0,51,0,61,14,0,75,33,77,16,0,126,29,0,29,155
09/06/2010,ITO,HI,AWP,WE,Combined TRACON& Tower with Radar,44,18,0,0,62,0,69,15,0,84,44,87,15,0,146,32,0,32,178
09/07/2010,ITO,HI,AWP,WE,Combined TRACON& Tower with Radar,37,14,0,0,51,0,126,12,3,141,37,140,12,3,192,48,32,80,272
09/08/2010,ITO,HI,AWP,WE,Combined TRACON& Tower with Radar,41,15,1,5,62,0,115,9,3,127,41,130,10,8,189,12,46,58,247
09/09/2010,ITO,HI,AWP,WE,Combined TRACON& Tower with Radar,39,21,3,10,73,0,82,14,13,109,39,103,17,23,182,12,40,52,234
09/10/2010,ITO,HI,AWP,WE,Combined TRACON& Tower with Radar,40,15,2,8,65,0,81,20,2,103,40,96,22,10,168,20,30,50,218
09/11/2010,ITO,HI,AWP,WE,Combined TRACON& Tower with Radar,33,15,0,6,54,0,67,12,4,83,33,82,12,10,137,22,6,28,165
09/12/2010,ITO,HI,AWP,WE,Combined TRACON& Tower with Radar,32,18,3,3,56,0,60,7,4,71,32,78,10,7,127,14,2,16,143
09/13/2010,ITO,HI,AWP,WE,Combined TRACON& Tower with Radar,45,14,3,0,62,0,82,12,7,101,45,96,15,7,163,124,20,144,307
09/14/2010,ITO,HI,AWP,WE,Combined TRACON& Tower with Radar,41,12,8,2,63,0,114,12,17,143,41,126,20,19,206,28,102,130,336
09/15/2010,ITO,HI,AWP,WE,Combined TRACON& Tower with Radar,38,20,1,9,68,0,102,14,9,125,38,122,15,18,193,28,28,56,249
09/16/2010,ITO,HI,AWP,WE,Combined TRACON& Tower with Radar,43,18,0,11,72,0,67,9,7,83,43,85,9,18,155,14,48,62,217
09/17/2010,ITO,HI,AWP,WE,Combined TRACON& Tower with Radar,38,20,0,8,66,0,92,25,11,128,38,112,25,19,194,12,24,36,230
09/18/2010,ITO,HI,AWP,WE,Combined TRACON& Tower with Radar,32,15,4,0,51,0,50,9,0,59,32,65,13,0,110,22,0,22,132
09/19/2010,ITO,HI,AWP,WE,Combined TRACON& Tower with Radar,32,14,0,0,46,0,58,9,0,67,32,72,9,0,113,18,0,18,131
09/20/2010,ITO,HI,AWP,WE,Combined TRACON& Tower with Radar,41,12,2,1,56,0,87,36,4,127,41,99,38,5,183,40,20,60,243
09/21/2010,ITO,HI,AWP,WE,Combined TRACON& Tower with Radar,38,14,1,11,64,0,130,38,30,198,38,144,39,41,262,26,76,102,364
09/22/2010,ITO,HI,AWP,WE,Combined TRACON& Tower with Radar,40,17,1,9,67,0,127,18,4,149,40,144,19,13,216,14,62,76,292
09/23/2010,ITO,HI,AWP,WE,Combined TRACON& Tower with Radar,40,16,8,3,67,0,154,12,13,179,40,170,20,16,246,54,60,114,360
09/24/2010,ITO,HI,AWP,WE,Combined TRACON& Tower with Radar,39,17,0,5,61,0,57,19,0,76,39,74,19,5,137,56,18,74,211
09/25/2010,ITO,HI,AWP,WE,Combined TRACON& Tower with Radar,30,17,0,0,47,0,73,15,0,88,30,90,15,0,135,34,0,34,169
09/26/2010,ITO,HI,AWP,WE,Combined TRACON& Tower with Radar,30,13,2,0,45,0,73,18,1,92,30,86,20,1,137,64,0,64,201
09/27/2010,ITO,HI,AWP,WE,Combined TRACON& Tower with Radar,39,17,0,8,64,0,128,12,0,140,39,145,12,8,204,40,24,64,268
09/28/2010,ITO,HI,AWP,WE,Combined TRACON& Tower with Radar,37,9,1,5,52,0,151,18,10,179,37,160,19,15,231,12,90,102,333
09/29/2010,ITO,HI,AWP,WE,Combined TRACON& Tower with Radar,40,14,3,10,67,0,82,30,7,119,40,96,33,17,186,27,54,81,267
09/30/2010,ITO,HI,AWP,WE,Combined TRACON& Tower with Radar,38,15,1,1,55,0,78,15,6,99,38,93,16,7,154,10,2,12,166
10/01/2010,ITO,HI,AWP,WE,Combined TRACON& Tower with Radar,39,14,3,5,61,0,66,13,3,82,39,80,16,8,143,88,44,132,275
10/02/2010,ITO,HI,AWP,WE,Combined TRACON& Tower with Radar,32,18,1,4,55,0,71,9,9,89,32,89,10,13,144,18,54,72,216
10/03/2010,ITO,HI,AWP,WE,Combined TRACON& Tower with Radar,29,16,1,4,50,0,47,12,0,59,29,63,13,4,109,22,0,22,131
10/04/2010,ITO,HI,AWP,WE,Combined TRACON& Tower with Radar,38,16,0,8,62,0,91,11,0,102,38,107,11,8,164,22,4,26,190
10/05/2010,ITO,HI,AWP,WE,Combined TRACON& Tower with Radar,41,11,2,12,66,0,138,4,5,147,41,149,6,17,213,36,50,86,299
10/06/2010,ITO,HI,AWP,WE,Combined TRACON& Tower with Radar,37,16,5,12,70,0,96,6,6,108,37,112,11,18,178,14,68,82,260
10/07/2010,ITO,HI,AWP,WE,Combined TRACON& Tower with Radar,39,10,2,8,59,0,95,15,0,110,39,105,17,8,169,24,20,44,213
10/08/2010,ITO,HI,AWP,WE,Combined TRACON& Tower with Radar,39,14,1,12,66,0,77,18,5,100,39,91,19,17,166,48,14,62,228
10/09/2010,ITO,HI,AWP,WE,Combined TRACON& Tower with Radar,31,18,2,0,51,0,68,6,0,74,31,86,8,0,125,18,0,18,143
10/10/2010,ITO,HI,AWP,WE,Combined TRACON& Tower with Radar,30,20,3,0,53,0,123,7,0,130,30,143,10,0,183,34,0,34,217
10/11/2010,ITO,HI,AWP,WE,Combined TRACON& Tower with Radar,35,19,0,4,58,0,63,11,0,74,35,82,11,4,132,14,0,14,146
10/12/2010,ITO,HI,AWP,WE,Combined TRACON& Tower with Radar,41,12,2,7,62,0,89,15,7,111,41,101,17,14,173,40,10,50,223
10/13/2010,ITO,HI,AWP,WE,Combined TRACON& Tower with Radar,37,16,2,13,68,0,98,18,0,116,37,114,20,13,184,26,26,52,236
10/14/2010,ITO,HI,AWP,WE,Combined TRACON& Tower with Radar,39,17,4,6,66,0,99,22,16,137,39,116,26,22,203,44,20,64,267
10/15/2010,ITO,HI,AWP,WE,Combined TRACON& Tower with Radar,38,20,5,3,66,0,68,7,1,76,38,88,12,4,142,50,0,50,192
10/16/2010,ITO,HI,AWP,WE,Combined TRACON& Tower with Radar,32,24,5,4,65,0,72,11,2,85,32,96,16,6,150,32,6,38,188
10/17/2010,ITO,HI,AWP,WE,Combined TRACON& Tower with Radar,38,16,4,0,58,0,60,23,0,83,38,76,27,0,141,16,0,16,157
10/18/2010,ITO,HI,AWP,WE,Combined TRACON& Tower with Radar,42,14,1,6,63,0,118,24,0,142,42,132,25,6,205,50,14,64,269
10/19/2010,ITO,HI,AWP,WE,Combined TRACON& Tower with Radar,39,29,3,5,76,0,91,13,6,110,39,120,16,11,186,32,12,44,230
10/20/2010,ITO,HI,AWP,WE,Combined TRACON& Tower with Radar,38,15,0,4,57,0,88,21,7,116,38,103,21,11,173,22,42,64,237
10/21/2010,ITO,HI,AWP,WE,Combined TRACON& Tower with Radar,39,12,2,7,60,0,84,15,14,113,39,96,17,21,173,32,32,64,237
10/22/2010,ITO,HI,AWP,WE,Combined TRACON& Tower with Radar,38,16,0,1,55,0,83,26,3,112,38,99,26,4,167,20,0,20,187
10/23/2010,ITO,HI,AWP,WE,Combined TRACON& Tower with Radar,31,16,2,2,51,0,43,34,0,77,31,59,36,2,128,34,4,38,166
10/24/2010,ITO,HI,AWP,WE,Combined TRACON& Tower with Radar,32,12,2,0,46,0,75,23,2,100,32,87,25,2,146,34,0,34,180
10/25/2010,ITO,HI,AWP,WE,Combined TRACON& Tower with Radar,39,12,1,0,52,0,79,6,1,86,39,91,7,1,138,18,0,18,156
10/26/2010,ITO,HI,AWP,WE,Combined TRACON& Tower with Radar,38,21,3,7,69,0,119,20,12,151,38,140,23,19,220,24,94,118,338
10/27/2010,ITO,HI,AWP,WE,Combined TRACON& Tower with Radar,46,30,6,12,94,0,51,9,3,63,46,81,15,15,157,80,38,118,275
10/28/2010,ITO,HI,AWP,WE,Combined TRACON& Tower with Radar,39,14,1,13,67,0,78,20,5,103,39,92,21,18,170,37,74,111,281
10/29/2010,ITO,HI,AWP,WE,Combined TRACON& Tower with Radar,39,20,0,1,60,0,108,14,0,122,39,128,14,1,182,80,0,80,262
10/30/2010,ITO,HI,AWP,WE,Combined TRACON& Tower with Radar,30,21,3,0,54,0,52,4,0,56,30,73,7,0,110,24,0,24,134
10/31/2010,ITO,HI,AWP,WE,Combined TRACON& Tower with Radar,35,18,1,0,54,0,41,16,0,57,35,59,17,0,111,14,0,14,125
11/01/2010,ITO,HI,AWP,WE,Combined TRACON& Tower with Radar,41,19,1,11,72,0,85,14,4,103,41,104,15,15,175,46,20,66,241
11/02/2010,ITO,HI,AWP,WE,Combined TRACON& Tower with Radar,37,18,2,20,77,0,123,30,11,164,37,141,32,31,241,61,52,113,354
11/03/2010,ITO,HI,AWP,WE,Combined TRACON& Tower with Radar,43,15,1,6,65,0,105,11,4,120,43,120,12,10,185,12,36,48,233
11/04/2010,ITO,HI,AWP,WE,Combined TRACON& Tower with Radar,40,17,1,11,69,0,70,11,11,92,40,87,12,22,161,18,12,30,191
11/05/2010,ITO,HI,AWP,WE,Combined TRACON& Tower with Radar,37,18,1,5,61,0,29,4,0,33,37,47,5,5,94,10,0,10,104
11/06/2010,ITO,HI,AWP,WE,Combined TRACON& Tower with Radar,31,14,1,9,55,0,37,10,1,48,31,51,11,10,103,10,4,14,117
11/07/2010,ITO,HI,AWP,WE,Combined TRACON& Tower with Radar,31,9,7,2,49,0,122,6,0,128,31,131,13,2,177,24,0,24,201
11/08/2010,ITO,HI,AWP,WE,Combined TRACON& Tower with Radar,39,17,2,6,64,0,103,26,3,132,39,120,28,9,196,86,4,90,286
11/09/2010,ITO,HI,AWP,WE,Combined TRACON& Tower with Radar,40,15,5,6,66,0,86,16,12,114,40,101,21,18,180,42,42,84,264
11/10/2010,ITO,HI,AWP,WE,Combined TRACON& Tower with Radar,39,18,1,8,66,0,91,12,9,112,39,109,13,17,178,26,52,78,256
11/11/2010,ITO,HI,AWP,WE,Combined TRACON& Tower with Radar,42,12,1,0,55,0,120,9,0,129,42,132,10,0,184,66,0,66,250
11/12/2010,ITO,HI,AWP,WE,Combined TRACON& Tower with Radar,38,22,0,12,72,0,106,13,2,121,38,128,13,14,193,62,24,86,279
11/13/2010,ITO,HI,AWP,WE,Combined TRACON& Tower with Radar,31,14,3,16,64,0,75,14,16,105,31,89,17,32,169,58,22,80,249
11/14/2010,ITO,HI,AWP,WE,Combined TRACON& Tower with Radar,31,13,5,0,49,0,73,2,0,75,31,86,7,0,124,12,0,12,136
11/15/2010,ITO,HI,AWP,WE,Combined TRACON& Tower with Radar,40,11,2,8,61,0,78,8,0,86,40,89,10,8,147,18,4,22,169
11/16/2010,ITO,HI,AWP,WE,Combined TRACON& Tower with Radar,39,18,1,18,76,0,156,41,7,204,39,174,42,25,280,68,36,104,384
11/17/2010,ITO,HI,AWP,WE,Combined TRACON& Tower with Radar,38,25,0,10,73,0,72,27,3,102,38,97,27,13,175,26,24,50,225
11/18/2010,ITO,HI,AWP,WE,Combined TRACON& Tower with Radar,44,20,2,14,80,0,87,20,4,111,44,107,22,18,191,36,2,38,229
11/19/2010,ITO,HI,AWP,WE,Combined TRACON& Tower with Radar,39,17,0,3,59,0,89,13,0,102,39,106,13,3,161,50,0,50,211
11/20/2010,ITO,HI,AWP,WE,Combined TRACON& Tower with Radar,32,16,0,0,48,0,94,10,0,104,32,110,10,0,152,12,0,12,164
11/21/2010,ITO,HI,AWP,WE,Combined TRACON& Tower with Radar,32,16,1,0,49,0,69,16,0,85,32,85,17,0,134,10,0,10,144
11/22/2010,ITO,HI,AWP,WE,Combined TRACON& Tower with Radar,43,14,0,6,63,0,106,17,0,123,43,120,17,6,186,66,10,76,262
11/23/2010,ITO,HI,AWP,WE,Combined TRACON& Tower with Radar,38,17,0,11,66,0,181,24,11,216,38,198,24,22,282,36,66,102,384
11/24/2010,ITO,HI,AWP,WE,Combined TRACON& Tower with Radar,45,27,0,10,82,0,132,9,1,142,45,159,9,11,224,50,44,94,318
11/25/2010,ITO,HI,AWP,WE,Combined TRACON& Tower with Radar,37,16,0,0,53,0,74,2,1,77,37,90,2,1,130,18,2,20,150
11/26/2010,ITO,HI,AWP,WE,Combined TRACON& Tower with Radar,37,13,7,0,57,0,93,9,1,103,37,106,16,1,160,26,2,28,188
11/27/2010,ITO,HI,AWP,WE,Combined TRACON& Tower with Radar,32,12,1,0,45,0,90,7,0,97,32,102,8,0,142,32,0,32,174
11/28/2010,ITO,HI,AWP,WE,Combined TRACON& Tower with Radar,35,18,2,0,55,0,75,16,0,91,35,93,18,0,146,20,0,20,166
11/29/2010,ITO,HI,AWP,WE,Combined TRACON& Tower with Radar,40,21,1,0,62,0,91,11,2,104,40,112,12,2,166,96,0,96,262
11/30/2010,ITO,HI,AWP,WE,Combined TRACON& Tower with Radar,39,12,2,5,58,0,123,16,16,155,39,135,18,21,213,36,44,80,293
12/01/2010,ITO,HI,AWP,WE,Combined TRACON& Tower with Radar,42,18,3,7,70,0,64,6,12,82,42,82,9,19,152,40,108,148,300
12/02/2010,ITO,HI,AWP,WE,Combined TRACON& Tower with Radar,39,14,2,8,63,0,85,12,11,108,39,99,14,19,171,152,40,192,363
12/03/2010,ITO,HI,AWP,WE,Combined TRACON& Tower with Radar,43,23,2,11,79,0,69,7,1,77,43,92,9,12,156,118,28,146,302
12/04/2010,ITO,HI,AWP,WE,Combined TRACON& Tower with Radar,33,20,1,8,62,0,56,4,8,68,33,76,5,16,130,68,48,116,246
12/05/2010,ITO,HI,AWP,WE,Combined TRACON& Tower with Radar,31,13,1,0,45,0,45,16,2,63,31,58,17,2,108,10,0,10,118
12/06/2010,ITO,HI,AWP,WE,Combined TRACON& Tower with Radar,41,15,0,4,60,0,74,19,2,95,41,89,19,6,155,12,26,38,193
12/07/2010,ITO,HI,AWP,WE,Combined TRACON& Tower with Radar,40,14,1,19,74,0,117,12,6,135,40,131,13,25,209,44,76,120,329
12/08/2010,ITO,HI,AWP,WE,Combined TRACON& Tower with Radar,39,17,3,8,67,0,92,22,2,116,39,109,25,10,183,30,22,52,235
12/09/2010,ITO,HI,AWP,WE,Combined TRACON& Tower with Radar,40,14,2,10,66,0,75,13,10,98,40,89,15,20,164,40,20,60,224
12/10/2010,ITO,HI,AWP,WE,Combined TRACON& Tower with Radar,45,19,0,2,66,0,53,5,1,59,45,72,5,3,125,14,0,14,139
12/11/2010,ITO,HI,AWP,WE,Combined TRACON& Tower with Radar,30,19,0,1,50,0,42,13,1,56,30,61,13,2,106,8,0,8,114
12/12/2010,ITO,HI,AWP,WE,Combined TRACON& Tower with Radar,30,12,4,2,48,0,65,9,0,74,30,77,13,2,122,62,6,68,190
12/13/2010,ITO,HI,AWP,WE,Combined TRACON& Tower with Radar,40,18,0,14,72,0,91,16,0,107,40,109,16,14,179,39,24,63,242
12/14/2010,ITO,HI,AWP,WE,Combined TRACON& Tower with Radar,39,16,1,12,68,0,130,33,7,170,39,146,34,19,238,32,26,58,296
12/15/2010,ITO,HI,AWP,WE,Combined TRACON& Tower with Radar,38,17,1,10,66,0,101,20,12,133,38,118,21,22,199,18,58,76,275
12/16/2010,ITO,HI,AWP,WE,Combined TRACON& Tower with Radar,40,11,2,28,81,0,50,8,8,66,40,61,10,36,147,28,68,96,243
12/17/2010,ITO,HI,AWP,WE,Combined TRACON& Tower with Radar,38,16,0,7,61,0,58,14,1,73,38,74,14,8,134,42,14,56,190
12/18/2010,ITO,HI,AWP,WE,Combined TRACON& Tower with Radar,33,16,1,0,50,0,55,6,0,61,33,71,7,0,111,2,0,2,113
12/19/2010,ITO,HI,AWP,WE,Combined TRACON& Tower with Radar,18,20,5,1,44,0,51,7,0,58,18,71,12,1,102,18,0,18,120
12/20/2010,ITO,HI,AWP,WE,Combined TRACON& Tower with Radar,40,19,0,0,59,0,51,9,0,60,40,70,9,0,119,12,0,12,131
12/21/2010,ITO,HI,AWP,WE,Combined TRACON& Tower with Radar,44,27,0,3,74,0,71,3,0,74,44,98,3,3,148,30,2,32,180
12/22/2010,ITO,HI,AWP,WE,Combined TRACON& Tower with Radar,44,25,3,1,73,0,118,12,10,140,44,143,15,11,213,14,38,52,265
12/23/2010,ITO,HI,AWP,WE,Combined TRACON& Tower with Radar,41,25,3,0,69,0,108,11,0,119,41,133,14,0,188,18,0,18,206
12/24/2010,ITO,HI,AWP,WE,Combined TRACON& Tower with Radar,43,19,1,0,63,0,133,25,2,160,43,152,26,2,223,34,0,34,257
12/25/2010,ITO,HI,AWP,WE,Combined TRACON& Tower with Radar,32,9,0,0,41,0,74,5,0,79,32,83,5,0,120,20,0,20,140
12/26/2010,ITO,HI,AWP,WE,Combined TRACON& Tower with Radar,31,17,1,0,49,0,141,21,0,162,31,158,22,0,211,16,0,16,227
12/27/2010,ITO,HI,AWP,WE,Combined TRACON& Tower with Radar,45,15,1,0,61,0,157,16,0,173,45,172,17,0,234,22,0,22,256
12/28/2010,ITO,HI,AWP,WE,Combined TRACON& Tower with Radar,45,15,0,16,76,0,196,8,6,210,45,211,8,22,286,36,54,90,376
12/29/2010,ITO,HI,AWP,WE,Combined TRACON& Tower with Radar,43,23,2,19,87,0,148,14,11,173,43,171,16,30,260,24,54,78,338
12/30/2010,ITO,HI,AWP,WE,Combined TRACON& Tower with Radar,48,16,2,10,76,0,167,22,2,191,48,183,24,12,267,12,24,36,303
12/31/2010,ITO,HI,AWP,WE,Combined TRACON& Tower with Radar,45,21,2,0,68,0,57,10,0,67,45,78,12,0,135,18,0,18,153
01/01/2011,ITO,HI,AWP,WE,Combined TRACON& Tower with Radar,31,13,1,0,45,0,94,4,0,98,31,107,5,0,143,16,0,16,159
01/02/2011,ITO,HI,AWP,WE,Combined TRACON& Tower with Radar,33,15,5,0,53,0,79,5,0,84,33,94,10,0,137,12,0,12,149
01/03/2011,ITO,HI,AWP,WE,Combined TRACON& Tower with Radar,42,16,0,7,65,0,79,20,3,102,42,95,20,10,167,30,54,84,251
01/04/2011,ITO,HI,AWP,WE,Combined TRACON& Tower with Radar,39,15,2,14,70,0,126,17,18,161,39,141,19,32,231,32,48,80,311
01/05/2011,ITO,HI,AWP,WE,Combined TRACON& Tower with Radar,38,22,1,15,76,0,93,14,10,117,38,115,15,25,193,26,28,54,247
01/06/2011,ITO,HI,AWP,WE,Combined TRACON& Tower with Radar,44,16,0,51,111,0,88,24,19,131,44,104,24,70,242,50,104,154,396
01/07/2011,ITO,HI,AWP,WE,Combined TRACON& Tower with Radar,39,16,0,4,59,0,69,14,1,84,39,85,14,5,143,54,2,56,199
01/08/2011,ITO,HI,AWP,WE,Combined TRACON& Tower with Radar,30,16,0,5,51,0,98,9,1,108,30,114,9,6,159,30,0,30,189
01/09/2011,ITO,HI,AWP,WE,Combined TRACON& Tower with Radar,32,10,0,6,48,0,68,18,2,88,32,78,18,8,136,44,0,44,180
01/10/2011,ITO,HI,AWP,WE,Combined TRACON& Tower with Radar,38,16,0,9,63,0,112,5,3,120,38,128,5,12,183,40,28,68,251
01/11/2011,ITO,HI,AWP,WE,Combined TRACON& Tower with Radar,49,22,0,9,80,0,106,14,2,122,49,128,14,11,202,36,22,58,260
01/12/2011,ITO,HI,AWP,WE,Combined TRACON& Tower with Radar,37,15,0,9,61,0,70,6,7,83,37,85,6,16,144,16,56,72,216
01/13/2011,ITO,HI,AWP,WE,Combined TRACON& Tower with Radar,46,25,1,12,84,0,67,8,6,81,46,92,9,18,165,22,23,45,210
01/14/2011,ITO,HI,AWP,WE,Combined TRACON& Tower with Radar,41,20,0,13,74,0,66,23,16,105,41,86,23,29,179,60,46,106,285
01/15/2011,ITO,HI,AWP,WE,Combined TRACON& Tower with Radar,31,13,4,3,51,0,77,12,8,97,31,90,16,11,148,22,22,44,192
01/16/2011,ITO,HI,AWP,WE,Combined TRACON& Tower with Radar,30,6,1,0,37,0,95,7,0,102,30,101,8,0,139,16,0,16,155
01/17/2011,ITO,HI,AWP,WE,Combined TRACON& Tower with Radar,44,14,0,1,59,0,73,22,3,98,44,87,22,4,157,20,0,20,177
01/18/2011,ITO,HI,AWP,WE,Combined TRACON& Tower with Radar,39,13,2,17,71,0,151,15,9,175,39,164,17,26,246,80,28,108,354
01/19/2011,ITO,HI,AWP,WE,Combined TRACON& Tower with Radar,41,12,3,13,69,0,70,7,5,82,41,82,10,18,151,8,38,46,197
01/20/2011,ITO,HI,AWP,WE,Combined TRACON& Tower with Radar,38,14,0,17,69,0,87,20,13,120,38,101,20,30,189,36,166,202,391
01/21/2011,ITO,HI,AWP,WE,Combined TRACON& Tower with Radar,40,13,0,12,65,0,72,11,9,92,40,85,11,21,157,36,20,56,213
01/22/2011,ITO,HI,AWP,WE,Combined TRACON& Tower with Radar,34,13,1,4,52,0,55,5,7,67,34,68,6,11,119,14,2,16,135
01/23/2011,ITO,HI,AWP,WE,Combined TRACON& Tower with Radar,32,16,1,0,49,0,49,7,0,56,32,65,8,0,105,22,0,22,127
01/24/2011,ITO,HI,AWP,WE,Combined TRACON& Tower with Radar,40,14,0,19,73,0,87,14,1,102,40,101,14,20,175,18,114,132,307
01/25/2011,ITO,HI,AWP,WE,Combined TRACON& Tower with Radar,39,17,0,22,78,0,141,23,14,178,39,158,23,36,256,50,72,122,378
01/26/2011,ITO,HI,AWP,WE,Combined TRACON& Tower with Radar,38,17,0,11,66,0,70,21,3,94,38,87,21,14,160,24,38,62,222
01/27/2011,ITO,HI,AWP,WE,Combined TRACON& Tower with Radar,38,13,0,10,61,0,70,20,9,99,38,83,20,19,160,68,38,106,266
01/28/2011,ITO,HI,AWP,WE,Combined TRACON& Tower with Radar,40,16,1,10,67,0,95,12,6,113,40,111,13,16,180,56,2,58,238
01/29/2011,ITO,HI,AWP,WE,Combined TRACON& Tower with Radar,31,13,1,5,50,0,58,28,4,90,31,71,29,9,140,38,58,96,236
01/30/2011,ITO,HI,AWP,WE,Combined TRACON& Tower with Radar,30,10,3,1,44,0,49,22,7,78,30,59,25,8,122,28,0,28,150
01/31/2011,ITO,HI,AWP,WE,Combined TRACON& Tower with Radar,40,14,2,7,63,0,88,8,12,108,40,102,10,19,171,10,36,46,217
02/01/2011,ITO,HI,AWP,WE,Combined TRACON& Tower with Radar,45,26,1,41,113,0,109,13,0,122,45,135,14,41,235,30,100,130,365
02/02/2011,ITO,HI,AWP,WE,Combined TRACON& Tower with Radar,39,12,2,15,68,0,92,17,3,112,39,104,19,18,180,24,54,78,258
02/03/2011,ITO,HI,AWP,WE,Combined TRACON& Tower with Radar,41,11,3,13,68,0,92,17,7,116,41,103,20,20,184,32,48,80,264
02/04/2011,ITO,HI,AWP,WE,Combined TRACON& Tower with Radar,38,20,2,9,69,0,60,11,0,71,38,80,13,9,140,20,42,62,202
02/05/2011,ITO,HI,AWP,WE,Combined TRACON& Tower with Radar,33,26,1,3,63,0,70,13,0,83,33,96,14,3,146,38,0,38,184
02/06/2011,ITO,HI,AWP,WE,Combined TRACON& Tower with Radar,36,18,6,2,62,0,75,10,1,86,36,93,16,3,148,32,0,32,180
02/07/2011,ITO,HI,AWP,WE,Combined TRACON& Tower with Radar,40,23,1,31,95,0,56,13,19,88,40,79,14,50,183,38,72,110,293
02/08/2011,ITO,HI,AWP,WE,Combined TRACON& Tower with Radar,41,18,4,25,88,0,163,8,8,179,41,181,12,33,267,16,108,124,391
02/09/2011,ITO,HI,AWP,WE,Combined TRACON& Tower with Radar,39,23,1,24,87,0,75,16,2,93,39,98,17,26,180,10,28,38,218
02/10/2011,ITO,HI,AWP,WE,Combined TRACON& Tower with Radar,39,20,2,5,66,0,84,15,10,109,39,104,17,15,175,44,28,72,247
02/11/2011,ITO,HI,AWP,WE,Combined TRACON& Tower with Radar,38,14,4,6,62,0,90,26,10,126,38,104,30,16,188,166,56,222,410
02/12/2011,ITO,HI,AWP,WE,Combined TRACON& Tower with Radar,34,19,0,4,57,0,116,8,7,131,34,135,8,11,188,88,24,112,300
02/13/2011,ITO,HI,AWP,WE,Combined TRACON& Tower with Radar,35,12,3,6,56,0,86,9,1,96,35,98,12,7,152,40,0,40,192
02/14/2011,ITO,HI,AWP,WE,Combined TRACON& Tower with Radar,42,16,0,8,66,0,88,7,1,96,42,104,7,9,162,12,10,22,184
02/15/2011,ITO,HI,AWP,WE,Combined TRACON& Tower with Radar,43,24,5,8,80,0,138,27,11,176,43,162,32,19,256,124,78,202,458
02/16/2011,ITO,HI,AWP,WE,Combined TRACON& Tower with Radar,40,18,1,9,68,0,56,11,4,71,40,74,12,13,139,26,24,50,189
02/17/2011,ITO,HI,AWP,WE,Combined TRACON& Tower with Radar,39,13,2,12,66,0,110,20,1,131,39,123,22,13,197,48,18,66,263
02/18/2011,ITO,HI,AWP,WE,Combined TRACON& Tower with Radar,39,22,0,3,64,0,85,14,1,100,39,107,14,4,164,32,4,36,200
02/19/2011,ITO,HI,AWP,WE,Combined TRACON& Tower with Radar,33,9,4,5,51,0,84,12,0,96,33,93,16,5,147,20,4,24,171
02/20/2011,ITO,HI,AWP,WE,Combined TRACON& Tower with Radar,33,16,3,2,54,0,92,10,0,102,33,108,13,2,156,4,8,12,168
02/21/2011,ITO,HI,AWP,WE,Combined TRACON& Tower with Radar,38,14,1,8,61,0,106,11,2,119,38,120,12,10,180,35,72,107,287
02/22/2011,ITO,HI,AWP,WE,Combined TRACON& Tower with Radar,39,18,4,13,74,0,153,13,1,167,39,171,17,14,241,28,56,84,325
02/23/2011,ITO,HI,AWP,WE,Combined TRACON& Tower with Radar,38,23,1,2,64,0,96,9,3,108,38,119,10,5,172,16,8,24,196
02/24/2011,ITO,HI,AWP,WE,Combined TRACON& Tower with Radar,38,15,16,5,74,0,96,6,10,112,38,111,22,15,186,16,26,42,228
02/25/2011,ITO,HI,AWP,WE,Combined TRACON& Tower with Radar,38,15,8,6,67,0,94,17,7,118,38,109,25,13,185,40,70,110,295
02/26/2011,ITO,HI,AWP,WE,Combined TRACON& Tower with Radar,33,15,1,0,49,0,91,10,0,101,33,106,11,0,150,24,0,24,174
02/27/2011,ITO,HI,AWP,WE,Combined TRACON& Tower with Radar,32,8,0,0,40,0,74,11,0,85,32,82,11,0,125,28,0,28,153
02/28/2011,ITO,HI,AWP,WE,Combined TRACON& Tower with Radar,38,18,0,0,56,0,97,16,2,115,38,115,16,2,171,64,0,64,235
03/01/2011,ITO,HI,AWP,WE,Combined TRACON& Tower with Radar,39,25,7,19,90,0,106,16,10,132,39,131,23,29,222,56,52,108,330
03/02/2011,ITO,HI,AWP,WE,Combined TRACON& Tower with Radar,39,16,1,1,57,0,130,21,23,174,39,146,22,24,231,74,18,92,323
03/03/2011,ITO,HI,AWP,WE,Combined TRACON& Tower with Radar,45,16,1,2,64,0,103,22,18,143,45,119,23,20,207,24,70,94,301
03/04/2011,ITO,HI,AWP,WE,Combined TRACON& Tower with Radar,42,15,2,2,61,0,124,9,4,137,42,139,11,6,198,28,12,40,238
03/05/2011,ITO,HI,AWP,WE,Combined TRACON& Tower with Radar,37,15,0,2,54,0,48,7,0,55,37,63,7,2,109,30,0,30,139
03/06/2011,ITO,HI,AWP,WE,Combined TRACON& Tower with Radar,34,22,0,4,60,0,84,24,0,108,34,106,24,4,168,26,0,26,194
03/07/2011,ITO,HI,AWP,WE,Combined TRACON& Tower with Radar,37,21,5,25,88,0,43,9,0,52,37,64,14,25,140,10,42,52,192
03/08/2011,ITO,HI,AWP,WE,Combined TRACON& Tower with Radar,42,20,3,16,81,0,142,22,2,166,42,162,25,18,247,18,58,76,323
03/09/2011,ITO,HI,AWP,WE,Combined TRACON& Tower with Radar,39,20,2,16,77,0,165,26,3,194,39,185,28,19,271,20,56,76,347
03/10/2011,ITO,HI,AWP,WE,Combined TRACON& Tower with Radar,41,20,6,6,73,0,149,29,7,185,41,169,35,13,258,24,82,106,364
03/11/2011,ITO,HI,AWP,WE,Combined TRACON& Tower with Radar,36,10,0,0,46,0,17,9,2,28,36,27,9,2,74,12,0,12,86
03/12/2011,ITO,HI,AWP,WE,Combined TRACON& Tower with Radar,33,15,1,0,49,0,146,13,3,162,33,161,14,3,211,24,0,24,235
03/13/2011,ITO,HI,AWP,WE,Combined TRACON& Tower with Radar,31,13,0,0,44,0,116,19,0,135,31,129,19,0,179,32,0,32,211
03/14/2011,ITO,HI,AWP,WE,Combined TRACON& Tower with Radar,48,23,0,8,79,0,97,12,2,111,48,120,12,10,190,28,13,41,231
03/15/2011,ITO,HI,AWP,WE,Combined TRACON& Tower with Radar,38,15,1,7,61,0,185,13,1,199,38,200,14,8,260,26,20,46,306
03/16/2011,ITO,HI,AWP,WE,Combined TRACON& Tower with Radar,38,15,2,10,65,0,122,11,0,133,38,137,13,10,198,16,6,22,220
03/17/2011,ITO,HI,AWP,WE,Combined TRACON& Tower with Radar,39,9,0,11,59,0,123,9,5,137,39,132,9,16,196,52,26,78,274
03/18/2011,ITO,HI,AWP,WE,Combined TRACON& Tower with Radar,44,16,2,8,70,0,121,5,2,128,44,137,7,10,198,24,14,38,236
03/19/2011,ITO,HI,AWP,WE,Combined TRACON& Tower with Radar,34,17,3,1,55,0,67,2,11,80,34,84,5,12,135,12,94,106,241
03/20/2011,ITO,HI,AWP,WE,Combined TRACON& Tower with Radar,37,14,2,2,55,0,116,5,30,151,37,130,7,32,206,12,134,146,352
03/21/2011,ITO,HI,AWP,WE,Combined TRACON& Tower with Radar,36,16,3,16,71,0,131,16,8,155,36,147,19,24,226,52,124,176,402
03/22/2011,ITO,HI,AWP,WE,Combined TRACON& Tower with Radar,41,20,4,13,78,0,168,7,18,193,41,188,11,31,271,12,94,106,377
03/23/2011,ITO,HI,AWP,WE,Combined TRACON& Tower with Radar,38,14,2,1,55,0,134,14,14,162,38,148,16,15,217,4,114,118,335
03/24/2011,ITO,HI,AWP,WE,Combined TRACON& Tower with Radar,41,22,4,8,75,0,102,5,20,127,41,124,9,28,202,6,100,106,308
03/25/2011,ITO,HI,AWP,WE,Combined TRACON& Tower with Radar,37,21,1,10,69,0,109,10,3,122,37,130,11,13,191,38,28,66,257
03/26/2011,ITO,HI,AWP,WE,Combined TRACON& Tower with Radar,31,23,1,10,65,0,59,5,4,68,31,82,6,14,133,12,8,20,153
03/27/2011,ITO,HI,AWP,WE,Combined TRACON& Tower with Radar,30,7,5,1,43,0,77,3,2,82,30,84,8,3,125,14,0,14,139
03/28/2011,ITO,HI,AWP,WE,Combined TRACON& Tower with Radar,41,21,0,14,76,0,138,9,2,149,41,159,9,16,225,30,24,54,279
03/29/2011,ITO,HI,AWP,WE,Combined TRACON& Tower with Radar,40,17,4,2,63,0,129,14,9,152,40,146,18,11,215,36,78,114,329
03/30/2011,ITO,HI,AWP,WE,Combined TRACON& Tower with Radar,46,22,0,18,86,0,98,12,4,114,46,120,12,22,200,8,30,38,238
03/31/2011,ITO,HI,AWP,WE,Combined TRACON& Tower with Radar,46,15,2,11,74,0,149,18,0,167,46,164,20,11,241,42,76,118,359
04/01/2011,ITO,HI,AWP,WE,Combined TRACON& Tower with Radar,38,12,1,11,62,0,158,4,3,165,38,170,5,14,227,22,6,28,255
04/02/2011,ITO,HI,AWP,WE,Combined TRACON& Tower with Radar,37,15,3,14,69,0,92,21,0,113,37,107,24,14,182,34,38,72,254
04/03/2011,ITO,HI,AWP,WE,Combined TRACON& Tower with Radar,34,5,1,19,59,0,58,3,2,63,34,63,4,21,122,2,12,14,136
04/04/2011,ITO,HI,AWP,WE,Combined TRACON& Tower with Radar,42,24,0,3,69,0,133,20,0,153,42,157,20,3,222,47,0,47,269
04/05/2011,ITO,HI,AWP,WE,Combined TRACON& Tower with Radar,57,39,3,9,108,0,168,18,8,194,57,207,21,17,302,40,50,90,392
04/06/2011,ITO,HI,AWP,WE,Combined TRACON& Tower with Radar,40,12,2,9,63,0,58,6,0,64,40,70,8,9,127,8,2,10,137
04/07/2011,ITO,HI,AWP,WE,Combined TRACON& Tower with Radar,41,14,2,9,66,0,53,7,0,60,41,67,9,9,126,22,4,26,152
04/08/2011,ITO,HI,AWP,WE,Combined TRACON& Tower with Radar,41,20,3,4,68,0,27,15,4,46,41,47,18,8,114,78,4,82,196
04/09/2011,ITO,HI,AWP,WE,Combined TRACON& Tower with Radar,37,20,1,0,58,0,47,12,0,59,37,67,13,0,117,60,0,60,177
04/10/2011,ITO,HI,AWP,WE,Combined TRACON& Tower with Radar,32,14,4,0,50,0,52,1,0,53,32,66,5,0,103,12,0,12,115
04/11/2011,ITO,HI,AWP,WE,Combined TRACON& Tower with Radar,41,12,4,7,64,0,84,12,4,100,41,96,16,11,164,14,28,42,206
04/12/2011,ITO,HI,AWP,WE,Combined TRACON& Tower with Radar,37,16,1,4,58,0,148,22,10,180,37,164,23,14,238,6,44,50,288
04/13/2011,ITO,HI,AWP,WE,Combined TRACON& Tower with Radar,40,17,2,2,61,0,83,15,2,100,40,100,17,4,161,14,30,44,205
04/14/2011,ITO,HI,AWP,WE,Combined TRACON& Tower with Radar,37,18,2,2,59,0,85,12,4,101,37,103,14,6,160,44,76,120,280
04/15/2011,ITO,HI,AWP,WE,Combined TRACON& Tower with Radar,40,22,3,1,66,0,87,22,2,111,40,109,25,3,177,32,0,32,209
04/16/2011,ITO,HI,AWP,WE,Combined TRACON& Tower with Radar,35,22,2,0,59,0,82,36,0,118,35,104,38,0,177,32,0,32,209
04/17/2011,ITO,HI,AWP,WE,Combined TRACON& Tower with Radar,34,10,3,2,49,0,86,14,2,102,34,96,17,4,151,12,0,12,163
04/18/2011,ITO,HI,AWP,WE,Combined TRACON& Tower with Radar,40,15,8,7,70,0,129,18,3,150,40,144,26,10,220,40,34,74,294
04/19/2011,ITO,HI,AWP,WE,Combined TRACON& Tower with Radar,40,14,0,5,59,0,165,28,12,205,40,179,28,17,264,70,54,124,388
04/20/2011,ITO,HI,AWP,WE,Combined TRACON& Tower with Radar,44,20,3,3,70,0,90,14,9,113,44,110,17,12,183,22,33,55,238
04/21/2011,ITO,HI,AWP,WE,Combined TRACON& Tower with Radar,38,13,1,2,54,0,115,23,12,150,38,128,24,14,204,50,14,64,268
04/22/2011,ITO,HI,AWP,WE,Combined TRACON& Tower with Radar,38,11,0,0,49,0,95,16,3,114,38,106,16,3,163,56,0,56,219
04/23/2011,ITO,HI,AWP,WE,Combined TRACON& Tower with Radar,32,15,0,2,49,0,85,5,1,91,32,100,5,3,140,26,0,26,166
04/24/2011,ITO,HI,AWP,WE,Combined TRACON& Tower with Radar,32,14,0,0,46,0,64,7,0,71,32,78,7,0,117,4,0,4,121
04/25/2011,ITO,HI,AWP,WE,Combined TRACON& Tower with Radar,38,18,2,11,69,0,118,22,2,142,38,136,24,13,211,40,0,40,251
04/26/2011,ITO,HI,AWP,WE,Combined TRACON& Tower with Radar,38,19,2,7,66,0,131,10,9,150,38,150,12,16,216,14,58,72,288
04/27/2011,ITO,HI,AWP,WE,Combined TRACON& Tower with Radar,46,16,1,7,70,0,95,15,7,117,46,111,16,14,187,28,0,28,215
04/28/2011,ITO,HI,AWP,WE,Combined TRACON& Tower with Radar,38,12,3,11,64,0,90,13,3,106,38,102,16,14,170,68,24,92,262
04/29/2011,ITO,HI,AWP,WE,Combined TRACON& Tower with Radar,39,12,2,8,61,0,65,13,0,78,39,77,15,8,139,52,18,70,209
04/30/2011,ITO,HI,AWP,WE,Combined TRACON& Tower with Radar,32,18,1,4,55,0,62,16,2,80,32,80,17,6,135,26,0,26,161
05/01/2011,ITO,HI,AWP,WE,Combined TRACON& Tower with Radar,51,23,1,2,77,0,54,8,0,62,51,77,9,2,139,12,0,12,151
05/02/2011,ITO,HI,AWP,WE,Combined TRACON& Tower with Radar,34,22,5,2,63,0,43,7,3,53,34,65,12,5,116,30,0,30,146
05/03/2011,ITO,HI,AWP,WE,Combined TRACON& Tower with Radar,48,19,3,13,83,0,125,11,0,136,48,144,14,13,219,28,32,60,279
05/04/2011,ITO,HI,AWP,WE,Combined TRACON& Tower with Radar,41,13,5,20,79,0,62,16,0,78,41,75,21,20,157,8,36,44,201
05/05/2011,ITO,HI,AWP,WE,Combined TRACON& Tower with Radar,41,22,2,9,74,0,58,6,0,64,41,80,8,9,138,20,12,32,170
05/06/2011,ITO,HI,AWP,WE,Combined TRACON& Tower with Radar,39,18,6,11,74,0,114,7,3,124,39,132,13,14,198,20,18,38,236
05/07/2011,ITO,HI,AWP,WE,Combined TRACON& Tower with Radar,32,18,3,0,53,0,68,11,1,80,32,86,14,1,133,6,0,6,139
05/08/2011,ITO,HI,AWP,WE,Combined TRACON& Tower with Radar,36,12,0,0,48,0,41,2,0,43,36,53,2,0,91,2,0,2,93
05/09/2011,ITO,HI,AWP,WE,Combined TRACON& Tower with Radar,40,18,3,14,75,0,69,13,0,82,40,87,16,14,157,40,20,60,217
05/10/2011,ITO,HI,AWP,WE,Combined TRACON& Tower with Radar,37,12,0,18,67,0,139,6,25,170,37,151,6,43,237,12,120,132,369
05/11/2011,ITO,HI,AWP,WE,Combined TRACON& Tower with Radar,37,23,5,22,87,0,86,12,15,113,37,109,17,37,200,32,130,162,362
05/12/2011,ITO,HI,AWP,WE,Combined TRACON& Tower with Radar,38,17,3,17,75,0,60,14,9,83,38,77,17,26,158,29,76,105,263
05/13/2011,ITO,HI,AWP,WE,Combined TRACON& Tower with Radar,43,22,0,4,69,0,43,10,19,72,43,65,10,23,141,26,78,104,245
05/14/2011,ITO,HI,AWP,WE,Combined TRACON& Tower with Radar,30,16,1,7,54,0,77,15,23,115,30,93,16,30,169,24,84,108,277
05/15/2011,ITO,HI,AWP,WE,Combined TRACON& Tower with Radar,37,10,0,7,54,0,77,11,45,133,37,87,11,52,187,46,82,128,315
05/16/2011,ITO,HI,AWP,WE,Combined TRACON& Tower with Radar,38,17,5,6,66,0,72,12,11,95,38,89,17,17,161,6,48,54,215
05/17/2011,ITO,HI,AWP,WE,Combined TRACON& Tower with Radar,36,13,2,13,64,0,144,11,10,165,36,157,13,23,229,16,76,92,321
05/18/2011,ITO,HI,AWP,WE,Combined TRACON& Tower with Radar,38,20,4,14,76,0,105,27,13,145,38,125,31,27,221,60,50,110,331
05/19/2011,ITO,HI,AWP,WE,Combined TRACON& Tower with Radar,37,15,4,7,63,0,76,10,3,89,37,91,14,10,152,12,20,32,184
05/20/2011,ITO,HI,AWP,WE,Combined TRACON& Tower with Radar,39,13,2,8,62,0,57,16,0,73,39,70,18,8,135,38,14,52,187
05/21/2011,ITO,HI,AWP,WE,Combined TRACON& Tower with Radar,31,15,4,2,52,0,65,4,1,70,31,80,8,3,122,18,0,18,140
05/22/2011,ITO,HI,AWP,WE,Combined TRACON& Tower with Radar,32,16,0,2,50,0,52,7,0,59,32,68,7,2,109,8,0,8,117
05/23/2011,ITO,HI,AWP,WE,Combined TRACON& Tower with Radar,44,12,0,17,73,0,64,12,15,91,44,76,12,32,164,8,32,40,204
05/24/2011,ITO,HI,AWP,WE,Combined TRACON& Tower with Radar,39,12,2,11,64,0,156,13,12,181,39,168,15,23,245,34,28,62,307
05/25/2011,ITO,HI,AWP,WE,Combined TRACON& Tower with Radar,39,10,2,11,62,0,78,9,10,97,39,88,11,21,159,18,38,56,215
05/26/2011,ITO,HI,AWP,WE,Combined TRACON& Tower with Radar,45,16,2,2,65,0,58,17,1,76,45,74,19,3,141,33,28,61,202
05/27/2011,ITO,HI,AWP,WE,Combined TRACON& Tower with Radar,37,17,4,7,65,0,51,15,1,67,37,68,19,8,132,26,18,44,176
05/28/2011,ITO,HI,AWP,WE,Combined TRACON& Tower with Radar,35,19,1,1,56,0,63,21,0,84,35,82,22,1,140,58,0,58,198
05/29/2011,ITO,HI,AWP,WE,Combined TRACON& Tower with Radar,34,18,1,4,57,0,81,12,1,94,34,99,13,5,151,8,0,8,159
05/30/2011,ITO,HI,AWP,WE,Combined TRACON& Tower with Radar,36,18,3,0,57,0,69,21,0,90,36,87,24,0,147,38,0,38,185
05/31/2011,ITO,HI,AWP,WE,Combined TRACON& Tower with Radar,38,17,3,18,76,0,110,15,17,142,38,127,18,35,218,34,90,124,342
06/01/2011,ITO,HI,AWP,WE,Combined TRACON& Tower with Radar,38,21,1,18,78,0,65,7,6,78,38,86,8,24,156,22,34,56,212
06/02/2011,ITO,HI,AWP,WE,Combined TRACON& Tower with Radar,43,15,1,14,73,0,82,13,13,108,43,97,14,27,181,28,52,80,261
06/03/2011,ITO,HI,AWP,WE,Combined TRACON& Tower with Radar,37,23,0,7,67,0,60,20,2,82,37,83,20,9,149,40,6,46,195
06/04/2011,ITO,HI,AWP,WE,Combined TRACON& Tower with Radar,33,16,2,24,75,0,58,5,2,65,33,74,7,26,140,26,0,26,166
06/05/2011,ITO,HI,AWP,WE,Combined TRACON& Tower with Radar,32,9,0,8,49,0,92,11,0,103,32,101,11,8,152,26,0,26,178
06/06/2011,ITO,HI,AWP,WE,Combined TRACON& Tower with Radar,38,15,2,11,66,0,90,12,0,102,38,105,14,11,168,16,20,36,204
06/07/2011,ITO,HI,AWP,WE,Combined TRACON& Tower with Radar,36,18,4,3,61,0,126,13,6,145,36,144,17,9,206,16,50,66,272
06/08/2011,ITO,HI,AWP,WE,Combined TRACON& Tower with Radar,39,9,2,7,57,0,85,12,3,100,39,94,14,10,157,20,0,20,177
06/09/2011,ITO,HI,AWP,WE,Combined TRACON& Tower with Radar,41,16,1,2,60,0,74,13,5,92,41,90,14,7,152,28,24,52,204
06/10/2011,ITO,HI,AWP,WE,Combined TRACON& Tower with Radar,43,17,0,3,63,0,87,9,3,99,43,104,9,6,162,12,0,12,174
06/11/2011,ITO,HI,AWP,WE,Combined TRACON& Tower with Radar,34,16,1,0,51,0,91,10,18,119,34,107,11,18,170,52,20,72,242
06/12/2011,ITO,HI,AWP,WE,Combined TRACON& Tower with Radar,35,14,3,2,54,0,98,22,13,133,35,112,25,15,187,22,38,60,247
06/13/2011,ITO,HI,AWP,WE,Combined TRACON& Tower with Radar,45,13,0,12,70,0,66,9,4,79,45,79,9,16,149,20,36,56,205
06/14/2011,ITO,HI,AWP,WE,Combined TRACON& Tower with Radar,41,13,0,33,87,0,144,17,18,179,41,157,17,51,266,38,84,122,388
06/15/2011,ITO,HI,AWP,WE,Combined TRACON& Tower with Radar,40,14,0,15,69,0,121,17,10,148,40,135,17,25,217,10,22,32,249
06/16/2011,ITO,HI,AWP,WE,Combined TRACON& Tower with Radar,42,12,0,20,74,0,58,6,3,67,42,70,6,23,141,26,10,36,177
06/17/2011,ITO,HI,AWP,WE,Combined TRACON& Tower with Radar,39,27,1,15,82,0,26,2,0,28,39,53,3,15,110,30,6,36,146
06/18/2011,ITO,HI,AWP,WE,Combined TRACON& Tower with Radar,37,15,0,0,52,0,98,9,2,109,37,113,9,2,161,44,8,52,213
06/19/2011,ITO,HI,AWP,WE,Combined TRACON& Tower with Radar,36,12,0,0,48,0,91,6,0,97,36,103,6,0,145,10,0,10,155
06/20/2011,ITO,HI,AWP,WE,Combined TRACON& Tower with Radar,41,20,0,8,69,0,96,21,0,117,41,116,21,8,186,33,16,49,235
06/21/2011,ITO,HI,AWP,WE,Combined TRACON& Tower with Radar,41,15,1,10,67,0,136,14,3,153,41,151,15,13,220,22,42,64,284
06/22/2011,ITO,HI,AWP,WE,Combined TRACON& Tower with Radar,39,13,0,6,58,0,108,22,2,132,39,121,22,8,190,28,4,32,222
06/23/2011,ITO,HI,AWP,WE,Combined TRACON& Tower with Radar,40,21,5,33,99,0,83,15,9,107,40,104,20,42,206,24,36,60,266
06/24/2011,ITO,HI,AWP,WE,Combined TRACON& Tower with Radar,46,14,1,5,66,0,81,16,7,104,46,95,17,12,170,24,6,30,200
06/25/2011,ITO,HI,AWP,WE,Combined TRACON& Tower with Radar,44,18,3,0,65,0,115,8,0,123,44,133,11,0,188,20,0,20,208
06/26/2011,ITO,HI,AWP,WE,Combined TRACON& Tower with Radar,33,11,3,0,47,0,85,8,0,93,33,96,11,0,140,20,0,20,160
06/27/2011,ITO,HI,AWP,WE,Combined TRACON& Tower with Radar,43,16,4,2,65,0,51,6,3,60,43,67,10,5,125,22,2,24,149
06/28/2011,ITO,HI,AWP,WE,Combined TRACON& Tower with Radar,48,14,3,15,80,0,135,3,3,141,48,149,6,18,221,24,42,66,287
06/29/2011,ITO,HI,AWP,WE,Combined TRACON& Tower with Radar,43,18,0,26,87,0,122,8,0,130,43,140,8,26,217,20,68,88,305
06/30/2011,ITO,HI,AWP,WE,Combined TRACON& Tower with Radar,48,18,4,3,73,0,92,12,4,108,48,110,16,7,181,18,2,20,201
07/01/2011,ITO,HI,AWP,WE,Combined TRACON& Tower with Radar,43,24,6,0,73,0,97,15,1,113,43,121,21,1,186,14,0,14,200
07/02/2011,ITO,HI,AWP,WE,Combined TRACON& Tower with Radar,37,19,0,0,56,0,72,12,0,84,37,91,12,0,140,12,0,12,152
07/03/2011,ITO,HI,AWP,WE,Combined TRACON& Tower with Radar,38,14,4,0,56,0,89,11,0,100,38,103,15,0,156,14,0,14,170
07/04/2011,ITO,HI,AWP,WE,Combined TRACON& Tower with Radar,36,20,0,0,56,0,83,12,1,96,36,103,12,1,152,24,0,24,176
07/05/2011,ITO,HI,AWP,WE,Combined TRACON& Tower with Radar,43,22,1,8,74,0,162,23,7,192,43,184,24,15,266,14,20,34,300
07/06/2011,ITO,HI,AWP,WE,Combined TRACON& Tower with Radar,40,17,1,9,67,0,107,12,4,123,40,124,13,13,190,33,32,65,255
07/07/2011,ITO,HI,AWP,WE,Combined TRACON& Tower with Radar,38,18,7,26,89,0,16,6,0,22,38,34,13,26,111,56,65,121,232
07/08/2011,ITO,HI,AWP,WE,Combined TRACON& Tower with Radar,40,19,0,6,65,0,91,21,4,116,40,110,21,10,181,62,14,76,257
07/09/2011,ITO,HI,AWP,WE,Combined TRACON& Tower with Radar,37,14,1,4,56,0,94,15,0,109,37,108,16,4,165,22,0,22,187
07/10/2011,ITO,HI,AWP,WE,Combined TRACON& Tower with Radar,36,27,0,5,68,0,108,20,1,129,36,135,20,6,197,14,0,14,211
07/11/2011,ITO,HI,AWP,WE,Combined TRACON& Tower with Radar,38,13,1,7,59,0,96,22,0,118,38,109,23,7,177,34,14,48,225
07/12/2011,ITO,HI,AWP,WE,Combined TRACON& Tower with Radar,43,11,3,12,69,0,150,32,14,196,43,161,35,26,265,30,116,146,411
07/13/2011,ITO,HI,AWP,WE,Combined TRACON& Tower with Radar,41,11,2,12,66,0,91,14,6,111,41,102,16,18,177,12,30,42,219
07/14/2011,ITO,HI,AWP,WE,Combined TRACON& Tower with Radar,42,16,3,21,82,0,107,9,19,135,42,123,12,40,217,58,98,156,373
07/15/2011,ITO,HI,AWP,WE,Combined TRACON& Tower with Radar,40,20,1,2,63,0,106,10,2,118,40,126,11,4,181,12,2,14,195
07/16/2011,ITO,HI,AWP,WE,Combined TRACON& Tower with Radar,36,15,0,0,51,0,88,16,2,106,36,103,16,2,157,14,0,14,171
07/17/2011,ITO,HI,AWP,WE,Combined TRACON& Tower with Radar,35,10,1,11,57,0,91,10,10,111,35,101,11,21,168,28,2,30,198
07/18/2011,ITO,HI,AWP,WE,Combined TRACON& Tower with Radar,44,19,1,13,77,0,88,9,3,100,44,107,10,16,177,13,61,74,251
07/19/2011,ITO,HI,AWP,WE,Combined TRACON& Tower with Radar,43,19,3,8,73,0,158,14,18,190,43,177,17,26,263,36,50,86,349
07/20/2011,ITO,HI,AWP,WE,Combined TRACON& Tower with Radar,41,13,1,10,65,0,103,11,6,120,41,116,12,16,185,24,42,66,251
07/21/2011,ITO,HI,AWP,WE,Combined TRACON& Tower with Radar,44,15,2,11,72,0,115,45,12,172,44,130,47,23,244,20,44,64,308
07/22/2011,ITO,HI,AWP,WE,Combined TRACON& Tower with Radar,41,12,0,6,59,0,143,37,3,183,41,155,37,9,242,20,0,20,262
07/23/2011,ITO,HI,AWP,WE,Combined TRACON& Tower with Radar,37,14,0,2,53,0,71,7,1,79,37,85,7,3,132,16,0,16,148
07/24/2011,ITO,HI,AWP,WE,Combined TRACON& Tower with Radar,33,14,2,0,49,0,119,18,0,137,33,133,20,0,186,20,0,20,206
07/25/2011,ITO,HI,AWP,WE,Combined TRACON& Tower with Radar,43,16,2,11,72,0,134,9,1,144,43,150,11,12,216,10,18,28,244
07/26/2011,ITO,HI,AWP,WE,Combined TRACON& Tower with Radar,43,17,0,6,66,0,177,11,9,197,43,194,11,15,263,28,50,78,341
07/27/2011,ITO,HI,AWP,WE,Combined TRACON& Tower with Radar,40,19,1,9,69,0,102,10,2,114,40,121,11,11,183,22,8,30,213
07/28/2011,ITO,HI,AWP,WE,Combined TRACON& Tower with Radar,42,15,4,7,68,0,108,10,7,125,42,123,14,14,193,24,46,70,263
07/29/2011,ITO,HI,AWP,WE,Combined TRACON& Tower with Radar,42,15,0,3,60,0,110,11,2,123,42,125,11,5,183,30,2,32,215
07/30/2011,ITO,HI,AWP,WE,Combined TRACON& Tower with Radar,37,13,2,0,52,0,74,12,0,86,37,87,14,0,138,22,0,22,160
07/31/2011,ITO,HI,AWP,WE,Combined TRACON& Tower with Radar,34,12,5,0,51,0,39,7,0,46,34,51,12,0,97,14,0,14,111
08/01/2011,ITO,HI,AWP,WE,Combined TRACON& Tower with Radar,41,11,3,15,70,0,115,8,8,131,41,126,11,23,201,16,60,76,277
08/02/2011,ITO,HI,AWP,WE,Combined TRACON& Tower with Radar,39,8,5,23,75,0,143,13,5,161,39,151,18,28,236,22,60,82,318
08/03/2011,ITO,HI,AWP,WE,Combined TRACON& Tower with Radar,40,11,2,17,70,0,102,16,2,120,40,113,18,19,190,14,64,78,268
08/04/2011,ITO,HI,AWP,WE,Combined TRACON& Tower with Radar,45,12,0,7,64,0,128,12,0,140,45,140,12,7,204,36,8,44,248
08/05/2011,ITO,HI,AWP,WE,Combined TRACON& Tower with Radar,44,18,0,13,75,0,75,14,1,90,44,93,14,14,165,12,10,22,187
08/06/2011,ITO,HI,AWP,WE,Combined TRACON& Tower with Radar,35,21,0,0,56,0,90,17,2,109,35,111,17,2,165,26,0,26,191
08/07/2011,ITO,HI,AWP,WE,Combined TRACON& Tower with Radar,35,9,4,2,50,0,124,11,2,137,35,133,15,4,187,10,0,10,197
08/08/2011,ITO,HI,AWP,WE,Combined TRACON& Tower with Radar,42,14,2,4,62,0,122,13,3,138,42,136,15,7,200,14,16,30,230
08/09/2011,ITO,HI,AWP,WE,Combined TRACON& Tower with Radar,46,19,1,7,73,0,161,12,10,183,46,180,13,17,256,42,106,148,404
08/10/2011,ITO,HI,AWP,WE,Combined TRACON& Tower with Radar,39,13,0,1,53,0,115,8,4,127,39,128,8,5,180,10,2,12,192
08/11/2011,ITO,HI,AWP,WE,Combined TRACON& Tower with Radar,39,12,0,13,64,0,126,4,4,134,39,138,4,17,198,24,38,62,260
08/12/2011,ITO,HI,AWP,WE,Combined TRACON& Tower with Radar,39,14,0,17,70,0,149,14,4,167,39,163,14,21,237,36,14,50,287
08/13/2011,ITO,HI,AWP,WE,Combined TRACON& Tower with Radar,35,17,2,0,54,0,91,8,0,99,35,108,10,0,153,38,0,38,191
08/14/2011,ITO,HI,AWP,WE,Combined TRACON& Tower with Radar,35,13,1,2,51,0,114,12,0,126,35,127,13,2,177,18,2,20,197
08/15/2011,ITO,HI,AWP,WE,Combined TRACON& Tower with Radar,40,23,2,16,81,0,119,4,10,133,40,142,6,26,214,22,48,70,284
08/16/2011,ITO,HI,AWP,WE,Combined TRACON& Tower with Radar,42,16,5,25,88,0,146,8,7,161,42,162,13,32,249,24,80,104,353
08/17/2011,ITO,HI,AWP,WE,Combined TRACON& Tower with Radar,43,16,2,7,68,0,124,15,15,154,43,140,17,22,222,42,32,74,296
08/18/2011,ITO,HI,AWP,WE,Combined TRACON& Tower with Radar,42,19,4,9,74,0,122,12,4,138,42,141,16,13,212,24,22,46,258
08/19/2011,ITO,HI,AWP,WE,Combined TRACON& Tower with Radar,40,14,0,7,61,0,93,17,0,110,40,107,17,7,171,30,23,53,224
08/20/2011,ITO,HI,AWP,WE,Combined TRACON& Tower with Radar,40,16,3,6,65,0,112,13,0,125,40,128,16,6,190,76,28,104,294
08/21/2011,ITO,HI,AWP,WE,Combined TRACON& Tower with Radar,32,10,1,0,43,0,23,2,0,25,32,33,3,0,68,6,0,6,74
08/22/2011,ITO,HI,AWP,WE,Combined TRACON& Tower with Radar,41,15,1,10,67,0,82,21,1,104,41,97,22,11,171,36,14,50,221
08/23/2011,ITO,HI,AWP,WE,Combined TRACON& Tower with Radar,38,14,2,27,81,0,141,19,6,166,38,155,21,33,247,20,42,62,309
08/24/2011,ITO,HI,AWP,WE,Combined TRACON& Tower with Radar,34,13,2,4,53,0,89,9,5,103,34,102,11,9,156,14,18,32,188
08/25/2011,ITO,HI,AWP,WE,Combined TRACON& Tower with Radar,43,18,1,10,72,0,92,29,13,134,43,110,30,23,206,24,50,74,280
08/26/2011,ITO,HI,AWP,WE,Combined TRACON& Tower with Radar,41,14,5,8,68,0,64,20,6,90,41,78,25,14,158,28,44,72,230
08/27/2011,ITO,HI,AWP,WE,Combined TRACON& Tower with Radar,38,15,5,0,58,0,63,3,0,66,38,78,8,0,124,16,0,16,140
08/28/2011,ITO,HI,AWP,WE,Combined TRACON& Tower with Radar,33,8,1,0,42,0,49,5,0,54,33,57,6,0,96,14,0,14,110
08/29/2011,ITO,HI,AWP,WE,Combined TRACON& Tower with Radar,40,13,2,12,67,0,72,16,4,92,40,85,18,16,159,14,54,68,227
08/30/2011,ITO,HI,AWP,WE,Combined TRACON& Tower with Radar,40,10,2,10,62,0,109,10,1,120,40,119,12,11,182,8,14,22,204
08/31/2011,ITO,HI,AWP,WE,Combined TRACON& Tower with Radar,41,18,6,12,77,0,56,7,1,64,41,74,13,13,141,8,12,20,161
09/01/2011,ITO,HI,AWP,WE,Combined TRACON& Tower with Radar,38,10,3,5,56,0,66,5,0,71,38,76,8,5,127,20,4,24,151
09/02/2011,ITO,HI,AWP,WE,Combined TRACON& Tower with Radar,39,11,3,0,53,0,75,8,0,83,39,86,11,0,136,20,0,20,156
09/03/2011,ITO,HI,AWP,WE,Combined TRACON& Tower with Radar,37,12,1,0,50,0,19,2,0,21,37,31,3,0,71,8,0,8,79
09/04/2011,ITO,HI,AWP,WE,Combined TRACON& Tower with Radar,33,4,2,2,41,0,80,18,0,98,33,84,20,2,139,8,0,8,147
09/05/2011,ITO,HI,AWP,WE,Combined TRACON& Tower with Radar,38,14,0,0,52,0,92,6,1,99,38,106,6,1,151,18,0,18,169
09/06/2011,ITO,HI,AWP,WE,Combined TRACON& Tower with Radar,41,12,3,11,67,0,152,20,2,174,41,164,23,13,241,30,34,64,305
09/07/2011,ITO,HI,AWP,WE,Combined TRACON& Tower with Radar,40,15,0,9,64,0,76,8,7,91,40,91,8,16,155,18,6,24,179
09/08/2011,ITO,HI,AWP,WE,Combined TRACON& Tower with Radar,40,13,0,9,62,0,63,13,2,78,40,76,13,11,140,18,16,34,174
09/09/2011,ITO,HI,AWP,WE,Combined TRACON& Tower with Radar,41,16,0,9,66,0,93,15,0,108,41,109,15,9,174,30,20,50,224
09/10/2011,ITO,HI,AWP,WE,Combined TRACON& Tower with Radar,35,12,1,7,55,0,79,13,4,96,35,91,14,11,151,12,0,12,163
09/11/2011,ITO,HI,AWP,WE,Combined TRACON& Tower with Radar,36,5,0,4,45,0,59,12,0,71,36,64,12,4,116,20,2,22,138
09/12/2011,ITO,HI,AWP,WE,Combined TRACON& Tower with Radar,41,15,0,12,68,0,79,20,7,106,41,94,20,19,174,16,20,36,210
09/13/2011,ITO,HI,AWP,WE,Combined TRACON& Tower with Radar,42,12,1,5,60,0,127,22,8,157,42,139,23,13,217,18,26,44,261
09/14/2011,ITO,HI,AWP,WE,Combined TRACON& Tower with Radar,39,9,0,10,58,0,105,11,2,118,39,114,11,12,176,14,22,36,212
09/15/2011,ITO,HI,AWP,WE,Combined TRACON& Tower with Radar,41,11,2,10,64,0,45,2,2,49,41,56,4,12,113,26,8,34,147
09/16/2011,ITO,HI,AWP,WE,Combined TRACON& Tower with Radar,39,13,2,3,57,0,92,10,1,103,39,105,12,4,160,20,10,30,190
09/17/2011,ITO,HI,AWP,WE,Combined TRACON& Tower with Radar,37,13,1,4,55,0,87,13,2,102,37,100,14,6,157,18,26,44,201
09/18/2011,ITO,HI,AWP,WE,Combined TRACON& Tower with Radar,32,7,2,0,41,0,74,4,0,78,32,81,6,0,119,14,0,14,133
09/19/2011,ITO,HI,AWP,WE,Combined TRACON& Tower with Radar,36,15,2,32,85,0,90,11,3,104,36,105,13,35,189,24,58,82,271
09/20/2011,ITO,HI,AWP,WE,Combined TRACON& Tower with Radar,36,17,1,22,76,0,145,19,1,165,36,162,20,23,241,28,44,72,313
09/21/2011,ITO,HI,AWP,WE,Combined TRACON& Tower with Radar,37,9,0,10,56,0,105,20,2,127,37,114,20,12,183,52,8,60,243
09/22/2011,ITO,HI,AWP,WE,Combined TRACON& Tower with Radar,41,18,1,19,79,0,74,11,0,85,41,92,12,19,164,14,30,44,208
09/23/2011,ITO,HI,AWP,WE,Combined TRACON& Tower with Radar,40,11,2,6,59,0,100,25,0,125,40,111,27,6,184,28,14,42,226
09/24/2011,ITO,HI,AWP,WE,Combined TRACON& Tower with Radar,37,10,0,2,49,0,70,12,0,82,37,80,12,2,131,48,0,48,179
09/25/2011,ITO,HI,AWP,WE,Combined TRACON& Tower with Radar,33,7,0,0,40,0,115,12,1,128,33,122,12,1,168,28,0,28,196
09/26/2011,ITO,HI,AWP,WE,Combined TRACON& Tower with Radar,40,12,4,6,62,0,81,14,4,99,40,93,18,10,161,24,30,54,215
09/27/2011,ITO,HI,AWP,WE,Combined TRACON& Tower with Radar,44,11,7,20,82,0,151,17,5,173,44,162,24,25,255,40,106,146,401
09/28/2011,ITO,HI,AWP,WE,Combined TRACON& Tower with Radar,38,10,3,5,56,0,100,13,5,118,38,110,16,10,174,58,2,60,234
09/29/2011,ITO,HI,AWP,WE,Combined TRACON& Tower with Radar,38,12,3,4,57,0,108,22,0,130,38,120,25,4,187,26,0,26,213
09/30/2011,ITO,HI,AWP,WE,Combined TRACON& Tower with Radar,42,13,2,3,60,0,47,14,1,62,42,60,16,4,122,16,12,28,150
10/01/2011,ITO,HI,AWP,WE,Combined TRACON& Tower with Radar,34,13,2,4,53,0,76,9,0,85,34,89,11,4,138,28,0,28,166
10/02/2011,ITO,HI,AWP,WE,Combined TRACON& Tower with Radar,35,7,0,4,46,0,74,8,0,82,35,81,8,4,128,20,0,20,148
10/03/2011,ITO,HI,AWP,WE,Combined TRACON& Tower with Radar,55,12,0,23,90,0,93,6,1,100,55,105,6,24,190,24,30,54,244
10/04/2011,ITO,HI,AWP,WE,Combined TRACON& Tower with Radar,40,16,1,12,69,0,139,7,1,147,40,155,8,13,216,32,16,48,264
10/05/2011,ITO,HI,AWP,WE,Combined TRACON& Tower with Radar,40,11,0,18,69,0,86,22,2,110,40,97,22,20,179,64,62,126,305
10/06/2011,ITO,HI,AWP,WE,Combined TRACON& Tower with Radar,41,14,1,1,57,0,99,13,1,113,41,113,14,2,170,32,0,32,202
10/07/2011,ITO,HI,AWP,WE,Combined TRACON& Tower with Radar,40,12,4,3,59,0,81,22,4,107,40,93,26,7,166,22,2,24,190
10/08/2011,ITO,HI,AWP,WE,Combined TRACON& Tower with Radar,38,15,0,0,53,0,65,8,0,73,38,80,8,0,126,14,0,14,140
10/09/2011,ITO,HI,AWP,WE,Combined TRACON& Tower with Radar,33,10,1,0,44,0,87,8,0,95,33,97,9,0,139,16,0,16,155
10/10/2011,ITO,HI,AWP,WE,Combined TRACON& Tower with Radar,40,9,6,0,55,0,96,7,0,103,40,105,13,0,158,24,0,24,182
10/11/2011,ITO,HI,AWP,WE,Combined TRACON& Tower with Radar,42,11,2,17,72,0,145,23,2,170,42,156,25,19,242,30,58,88,330
10/12/2011,ITO,HI,AWP,WE,Combined TRACON& Tower with Radar,38,14,2,3,57,0,122,12,4,138,38,136,14,7,195,40,34,74,269
10/13/2011,ITO,HI,AWP,WE,Combined TRACON& Tower with Radar,44,10,0,16,70,0,97,13,2,112,44,107,13,18,182,18,26,44,226
10/14/2011,ITO,HI,AWP,WE,Combined TRACON& Tower with Radar,39,7,3,4,53,0,86,20,2,108,39,93,23,6,161,24,0,24,185
10/15/2011,ITO,HI,AWP,WE,Combined TRACON& Tower with Radar,36,13,1,0,50,0,44,7,0,51,36,57,8,0,101,22,0,22,123
10/16/2011,ITO,HI,AWP,WE,Combined TRACON& Tower with Radar,32,7,6,0,45,0,74,6,0,80,32,81,12,0,125,6,0,6,131
10/17/2011,ITO,HI,AWP,WE,Combined TRACON& Tower with Radar,39,16,2,10,67,0,122,22,0,144,39,138,24,10,211,52,20,72,283
10/18/2011,ITO,HI,AWP,WE,Combined TRACON& Tower with Radar,37,18,2,31,88,0,122,14,1,137,37,140,16,32,225,40,50,90,315
10/19/2011,ITO,HI,AWP,WE,Combined TRACON& Tower with Radar,42,11,3,23,79,0,63,5,2,70,42,74,8,25,149,24,24,48,197
10/20/2011,ITO,HI,AWP,WE,Combined TRACON& Tower with Radar,43,8,2,30,83,0,64,9,1,74,43,72,11,31,157,22,52,74,231
10/21/2011,ITO,HI,AWP,WE,Combined TRACON& Tower with Radar,41,5,2,14,62,0,70,33,7,110,41,75,35,21,172,166,10,176,348
10/22/2011,ITO,HI,AWP,WE,Combined TRACON& Tower with Radar,44,11,0,0,55,0,95,33,0,128,44,106,33,0,183,32,0,32,215
10/23/2011,ITO,HI,AWP,WE,Combined TRACON& Tower with Radar,32,9,6,0,47,0,69,7,0,76,32,78,13,0,123,10,0,10,133
10/24/2011,ITO,HI,AWP,WE,Combined TRACON& Tower with Radar,38,32,6,6,82,0,89,16,0,105,38,121,22,6,187,22,0,22,209
10/25/2011,ITO,HI,AWP,WE,Combined TRACON& Tower with Radar,46,11,1,13,71,0,124,16,2,142,46,135,17,15,213,24,18,42,255
10/26/2011,ITO,HI,AWP,WE,Combined TRACON& Tower with Radar,40,9,4,25,78,0,85,5,3,93,40,94,9,28,171,16,34,50,221
10/27/2011,ITO,HI,AWP,WE,Combined TRACON& Tower with Radar,41,10,7,14,72,0,104,9,1,114,41,114,16,15,186,36,16,52,238
10/28/2011,ITO,HI,AWP,WE,Combined TRACON& Tower with Radar,40,11,0,15,66,0,76,9,10,95,40,87,9,25,161,46,48,94,255
10/29/2011,ITO,HI,AWP,WE,Combined TRACON& Tower with Radar,34,14,0,4,52,0,49,2,1,52,34,63,2,5,104,8,0,8,112
10/30/2011,ITO,HI,AWP,WE,Combined TRACON& Tower with Radar,32,8,1,0,41,0,48,13,0,61,32,56,14,0,102,12,0,12,114
10/31/2011,ITO,HI,AWP,WE,Combined TRACON& Tower with Radar,36,11,1,7,55,0,88,24,0,112,36,99,25,7,167,28,16,44,211
11/01/2011,ITO,HI,AWP,WE,Combined TRACON& Tower with Radar,42,7,3,8,60,0,105,12,12,129,42,112,15,20,189,32,2,34,223
11/02/2011,ITO,HI,AWP,WE,Combined TRACON& Tower with Radar,36,12,1,2,51,0,66,12,4,82,36,78,13,6,133,30,16,46,179
11/03/2011,ITO,HI,AWP,WE,Combined TRACON& Tower with Radar,38,16,4,12,70,0,20,3,0,23,38,36,7,12,93,10,12,22,115
11/04/2011,ITO,HI,AWP,WE,Combined TRACON& Tower with Radar,40,9,1,3,53,0,87,2,0,89,40,96,3,3,142,26,0,26,168
11/05/2011,ITO,HI,AWP,WE,Combined TRACON& Tower with Radar,36,12,1,4,53,0,65,7,0,72,36,77,8,4,125,112,0,112,237
11/06/2011,ITO,HI,AWP,WE,Combined TRACON& Tower with Radar,31,9,0,5,45,0,59,9,1,69,31,68,9,6,114,28,0,28,142
11/07/2011,ITO,HI,AWP,WE,Combined TRACON& Tower with Radar,41,12,3,7,63,0,64,1,0,65,41,76,4,7,128,34,0,34,162
11/08/2011,ITO,HI,AWP,WE,Combined TRACON& Tower with Radar,38,10,3,9,60,0,14,2,1,17,38,24,5,10,77,8,0,8,85
11/09/2011,ITO,HI,AWP,WE,Combined TRACON& Tower with Radar,40,16,2,28,86,0,60,6,4,70,40,76,8,32,156,26,22,48,204
11/10/2011,ITO,HI,AWP,WE,Combined TRACON& Tower with Radar,44,17,2,3,66,0,104,15,0,119,44,121,17,3,185,66,0,66,251
11/11/2011,ITO,HI,AWP,WE,Combined TRACON& Tower with Radar,45,9,0,2,56,0,11,8,3,22,45,20,8,5,78,2,0,2,80
11/12/2011,ITO,HI,AWP,WE,Combined TRACON& Tower with Radar,41,16,0,10,67,0,36,8,0,44,41,52,8,10,111,50,0,50,161
11/13/2011,ITO,HI,AWP,WE,Combined TRACON& Tower with Radar,33,5,4,5,47,0,40,9,2,51,33,45,13,7,98,8,0,8,106
11/14/2011,ITO,HI,AWP,WE,Combined TRACON& Tower with Radar,43,13,1,31,88,0,85,20,5,110,43,98,21,36,198,28,64,92,290
11/15/2011,ITO,HI,AWP,WE,Combined TRACON& Tower with Radar,40,10,0,8,58,0,125,22,2,149,40,135,22,10,207,26,14,40,247
11/16/2011,ITO,HI,AWP,WE,Combined TRACON& Tower with Radar,40,15,4,21,80,0,59,13,7,79,40,74,17,28,159,8,22,30,189
11/17/2011,ITO,HI,AWP,WE,Combined TRACON& Tower with Radar,39,9,5,14,67,0,63,14,0,77,39,72,19,14,144,16,68,84,228
11/18/2011,ITO,HI,AWP,WE,Combined TRACON& Tower with Radar,36,15,0,2,53,0,36,19,2,57,36,51,19,4,110,50,2,52,162
11/19/2011,ITO,HI,AWP,WE,Combined TRACON& Tower with Radar,40,12,1,0,53,0,38,0,0,38,40,50,1,0,91,22,0,22,113
11/20/2011,ITO,HI,AWP,WE,Combined TRACON& Tower with Radar,38,9,7,0,54,0,46,8,0,54,38,55,15,0,108,17,0,17,125
11/21/2011,ITO,HI,AWP,WE,Combined TRACON& Tower with Radar,40,14,0,6,60,0,73,19,0,92,40,87,19,6,152,26,2,28,180
11/22/2011,ITO,HI,AWP,WE,Combined TRACON& Tower with Radar,39,20,3,7,69,0,140,8,11,159,39,160,11,18,228,52,6,58,286
11/23/2011,ITO,HI,AWP,WE,Combined TRACON& Tower with Radar,49,13,2,16,80,0,72,12,11,95,49,85,14,27,175,16,38,54,229
11/24/2011,ITO,HI,AWP,WE,Combined TRACON& Tower with Radar,32,6,0,0,38,0,63,11,0,74,32,69,11,0,112,22,0,22,134
11/25/2011,ITO,HI,AWP,WE,Combined TRACON& Tower with Radar,39,11,7,0,57,0,91,13,0,104,39,102,20,0,161,74,0,74,235
11/26/2011,ITO,HI,AWP,WE,Combined TRACON& Tower with Radar,36,11,2,0,49,0,64,4,0,68,36,75,6,0,117,45,0,45,162
11/27/2011,ITO,HI,AWP,WE,Combined TRACON& Tower with Radar,38,6,1,0,45,0,55,8,0,63,38,61,9,0,108,16,0,16,124
11/28/2011,ITO,HI,AWP,WE,Combined TRACON& Tower with Radar,41,12,0,35,88,0,65,15,0,80,41,77,15,35,168,30,32,62,230
11/29/2011,ITO,HI,AWP,WE,Combined TRACON& Tower with Radar,41,13,1,37,92,0,105,11,4,120,41,118,12,41,212,42,74,116,328
11/30/2011,ITO,HI,AWP,WE,Combined TRACON& Tower with Radar,43,17,2,24,86,0,55,14,4,73,43,72,16,28,159,37,44,81,240
12/01/2011,ITO,HI,AWP,WE,Combined TRACON& Tower with Radar,37,15,6,14,72,0,80,7,4,91,37,95,13,18,163,32,26,58,221
12/02/2011,ITO,HI,AWP,WE,Combined TRACON& Tower with Radar,40,16,5,12,73,0,44,9,0,53,40,60,14,12,126,12,2,14,140
12/03/2011,ITO,HI,AWP,WE,Combined TRACON& Tower with Radar,37,11,2,2,52,0,53,4,0,57,37,64,6,2,109,18,0,18,127
12/04/2011,ITO,HI,AWP,WE,Combined TRACON& Tower with Radar,32,4,1,10,47,0,47,2,1,50,32,51,3,11,97,28,4,32,129
12/05/2011,ITO,HI,AWP,WE,Combined TRACON& Tower with Radar,42,14,2,0,58,0,56,5,0,61,42,70,7,0,119,20,0,20,139
12/06/2011,ITO,HI,AWP,WE,Combined TRACON& Tower with Radar,41,9,2,7,59,0,102,11,1,114,41,111,13,8,173,24,14,38,211
12/07/2011,ITO,HI,AWP,WE,Combined TRACON& Tower with Radar,43,13,7,10,73,0,99,8,1,108,43,112,15,11,181,38,10,48,229
12/08/2011,ITO,HI,AWP,WE,Combined TRACON& Tower with Radar,40,16,5,4,65,0,58,3,0,61,40,74,8,4,126,18,4,22,148
12/09/2011,ITO,HI,AWP,WE,Combined TRACON& Tower with Radar,40,9,10,6,65,0,88,9,1,98,40,97,19,7,163,28,14,42,205
12/10/2011,ITO,HI,AWP,WE,Combined TRACON& Tower with Radar,36,13,3,1,53,0,27,0,1,28,36,40,3,2,81,20,0,20,101
12/11/2011,ITO,HI,AWP,WE,Combined TRACON& Tower with Radar,36,8,1,0,45,0,2,0,0,2,36,10,1,0,47,0,0,0,47
12/12/2011,ITO,HI,AWP,WE,Combined TRACON& Tower with Radar,41,17,0,13,71,0,67,6,0,73,41,84,6,13,144,34,22,56,200
12/13/2011,ITO,HI,AWP,WE,Combined TRACON& Tower with Radar,44,10,1,4,59,0,88,6,0,94,44,98,7,4,153,24,0,24,177
12/14/2011,ITO,HI,AWP,WE,Combined TRACON& Tower with Radar,42,7,3,8,60,0,42,7,0,49,42,49,10,8,109,18,0,18,127
12/15/2011,ITO,HI,AWP,WE,Combined TRACON& Tower with Radar,40,17,1,10,68,0,127,11,0,138,40,144,12,10,206,16,4,20,226
12/16/2011,ITO,HI,AWP,WE,Combined TRACON& Tower with Radar,42,14,3,10,69,0,79,20,2,101,42,93,23,12,170,34,16,50,220
12/17/2011,ITO,HI,AWP,WE,Combined TRACON& Tower with Radar,37,15,1,4,57,0,54,5,0,59,37,69,6,4,116,40,0,40,156
12/18/2011,ITO,HI,AWP,WE,Combined TRACON& Tower with Radar,34,11,3,2,50,0,84,8,0,92,34,95,11,2,142,20,2,22,164
12/19/2011,ITO,HI,AWP,WE,Combined TRACON& Tower with Radar,48,14,2,20,84,0,33,8,0,41,48,47,10,20,125,22,14,36,161
12/20/2011,ITO,HI,AWP,WE,Combined TRACON& Tower with Radar,48,19,4,12,83,0,91,9,5,105,48,110,13,17,188,30,42,72,260
12/21/2011,ITO,HI,AWP,WE,Combined TRACON& Tower with Radar,44,18,1,10,73,0,121,6,2,129,44,139,7,12,202,20,12,32,234
12/22/2011,ITO,HI,AWP,WE,Combined TRACON& Tower with Radar,41,17,6,1,65,0,129,11,1,141,41,146,17,2,206,38,0,38,244
12/23/2011,ITO,HI,AWP,WE,Combined TRACON& Tower with Radar,48,1,11,3,63,0,89,1,0,90,48,90,12,3,153,30,0,30,183
12/24/2011,ITO,HI,AWP,WE,Combined TRACON& Tower with Radar,42,17,0,0,59,0,96,5,0,101,42,113,5,0,160,66,0,66,226
12/25/2011,ITO,HI,AWP,WE,Combined TRACON& Tower with Radar,34,6,2,0,42,0,81,4,0,85,34,87,6,0,127,28,0,28,155
12/26/2011,ITO,HI,AWP,WE,Combined TRACON& Tower with Radar,40,13,2,0,55,0,118,27,0,145,40,131,29,0,200,38,0,38,238
12/27/2011,ITO,HI,AWP,WE,Combined TRACON& Tower with Radar,42,15,4,2,63,0,153,28,2,183,42,168,32,4,246,26,22,48,294
12/28/2011,ITO,HI,AWP,WE,Combined TRACON& Tower with Radar,44,13,0,7,64,0,132,2,2,136,44,145,2,9,200,20,5,25,225
12/29/2011,ITO,HI,AWP,WE,Combined TRACON& Tower with Radar,41,20,5,12,78,0,170,8,0,178,41,190,13,12,256,26,10,36,292
12/30/2011,ITO,HI,AWP,WE,Combined TRACON& Tower with Radar,45,14,2,1,62,0,135,20,0,155,45,149,22,1,217,38,0,38,255
12/31/2011,ITO,HI,AWP,WE,Combined TRACON& Tower with Radar,42,16,1,0,59,0,126,16,0,142,42,142,17,0,201,16,0,16,217
01/01/2012,ITO,HI,AWP,WE,Combined TRACON& Tower with Radar,42,7,0,0,49,0,62,9,0,71,42,69,9,0,120,22,0,22,142
01/02/2012,ITO,HI,AWP,WE,Combined TRACON& Tower with Radar,41,14,1,3,59,0,99,15,0,114,41,113,16,3,173,36,0,36,209
01/03/2012,ITO,HI,AWP,WE,Combined TRACON& Tower with Radar,45,16,1,6,68,0,84,4,10,98,45,100,5,16,166,34,14,48,214
01/04/2012,ITO,HI,AWP,WE,Combined TRACON& Tower with Radar,43,7,1,11,62,0,116,9,6,131,43,123,10,17,193,29,23,52,245
01/05/2012,ITO,HI,AWP,WE,Combined TRACON& Tower with Radar,38,6,3,15,62,0,94,13,0,107,38,100,16,15,169,24,28,52,221
01/06/2012,ITO,HI,AWP,WE,Combined TRACON& Tower with Radar,39,7,0,21,67,0,93,10,0,103,39,100,10,21,170,32,30,62,232
01/07/2012,ITO,HI,AWP,WE,Combined TRACON& Tower with Radar,37,9,0,4,50,0,85,22,1,108,37,94,22,5,158,58,0,58,216
01/08/2012,ITO,HI,AWP,WE,Combined TRACON& Tower with Radar,33,4,1,5,43,0,65,9,1,75,33,69,10,6,118,20,0,20,138
01/09/2012,ITO,HI,AWP,WE,Combined TRACON& Tower with Radar,43,12,1,7,63,0,93,11,2,106,43,105,12,9,169,40,16,56,225
01/10/2012,ITO,HI,AWP,WE,Combined TRACON& Tower with Radar,40,0,0,0,40,0,180,22,30,232,40,180,22,30,272,51,50,101,373
01/11/2012,ITO,HI,AWP,WE,Combined TRACON& Tower with Radar,40,10,4,5,59,0,85,15,3,103,40,95,19,8,162,38,6,44,206
01/12/2012,ITO,HI,AWP,WE,Combined TRACON& Tower with Radar,40,9,3,12,64,0,108,8,1,117,40,117,11,13,181,28,6,34,215
01/13/2012,ITO,HI,AWP,WE,Combined TRACON& Tower with Radar,41,10,0,17,68,0,80,12,0,92,41,90,12,17,160,24,46,70,230
01/14/2012,ITO,HI,AWP,WE,Combined TRACON& Tower with Radar,36,8,1,1,46,0,74,7,0,81,36,82,8,1,127,16,2,18,145
01/15/2012,ITO,HI,AWP,WE,Combined TRACON& Tower with Radar,33,10,1,0,44,0,33,2,0,35,33,43,3,0,79,12,0,12,91
01/16/2012,ITO,HI,AWP,WE,Combined TRACON& Tower with Radar,43,8,2,1,54,0,52,6,2,60,43,60,8,3,114,14,0,14,128
01/17/2012,ITO,HI,AWP,WE,Combined TRACON& Tower with Radar,41,0,0,0,41,0,133,7,29,169,41,133,7,29,210,32,46,78,288
01/18/2012,ITO,HI,AWP,WE,Combined TRACON& Tower with Radar,39,5,1,14,59,0,122,8,0,130,39,127,9,14,189,112,24,136,325
01/19/2012,ITO,HI,AWP,WE,Combined TRACON& Tower with Radar,39,12,0,5,56,0,96,15,4,115,39,108,15,9,171,16,32,48,219
01/20/2012,ITO,HI,AWP,WE,Combined TRACON& Tower with Radar,43,8,1,20,72,0,50,14,2,66,43,58,15,22,138,34,20,54,192
01/21/2012,ITO,HI,AWP,WE,Combined TRACON& Tower with Radar,36,10,0,4,50,0,76,16,0,92,36,86,16,4,142,46,0,46,188
01/22/2012,ITO,HI,AWP,WE,Combined TRACON& Tower with Radar,32,5,0,3,40,0,98,9,1,108,32,103,9,4,148,30,0,30,178
01/23/2012,ITO,HI,AWP,WE,Combined TRACON& Tower with Radar,39,10,0,22,71,0,101,12,4,117,39,111,12,26,188,40,26,66,254
01/24/2012,ITO,HI,AWP,WE,Combined TRACON& Tower with Radar,46,15,2,8,71,0,123,8,3,134,46,138,10,11,205,28,8,36,241
01/25/2012,ITO,HI,AWP,WE,Combined TRACON& Tower with Radar,37,0,0,0,37,0,122,25,8,155,37,122,25,8,192,22,24,46,238
01/26/2012,ITO,HI,AWP,WE,Combined TRACON& Tower with Radar,44,17,2,3,66,0,114,19,3,136,44,131,21,6,202,48,0,48,250
01/27/2012,ITO,HI,AWP,WE,Combined TRACON& Tower with Radar,43,19,2,3,67,0,81,8,2,91,43,100,10,5,158,28,0,28,186
01/28/2012,ITO,HI,AWP,WE,Combined TRACON& Tower with Radar,38,9,3,0,50,0,60,15,0,75,38,69,18,0,125,36,0,36,161
01/29/2012,ITO,HI,AWP,WE,Combined TRACON& Tower with Radar,33,4,1,0,38,0,62,4,0,66,33,66,5,0,104,26,0,26,130
01/30/2012,ITO,HI,AWP,WE,Combined TRACON& Tower with Radar,38,10,0,12,60,0,77,6,5,88,38,87,6,17,148,16,6,22,170
01/31/2012,ITO,HI,AWP,WE,Combined TRACON& Tower with Radar,41,15,2,10,68,0,119,12,0,131,41,134,14,10,199,38,0,38,237
02/01/2012,ITO,HI,AWP,WE,Combined TRACON& Tower with Radar,38,13,5,17,73,0,86,24,5,115,38,99,29,22,188,32,20,52,240
02/02/2012,ITO,HI,AWP,WE,Combined TRACON& Tower with Radar,48,11,1,19,79,0,85,11,4,100,48,96,12,23,179,26,31,57,236
02/03/2012,ITO,HI,AWP,WE,Combined TRACON& Tower with Radar,46,11,3,2,62,0,72,7,0,79,46,83,10,2,141,44,0,44,185
02/04/2012,ITO,HI,AWP,WE,Combined TRACON& Tower with Radar,37,11,1,10,59,0,45,0,2,47,37,56,1,12,106,8,2,10,116
02/05/2012,ITO,HI,AWP,WE,Combined TRACON& Tower with Radar,35,6,3,0,44,0,66,10,0,76,35,72,13,0,120,22,0,22,142
02/06/2012,ITO,HI,AWP,WE,Combined TRACON& Tower with Radar,35,16,0,14,65,0,85,9,4,98,35,101,9,18,163,26,10,36,199
02/07/2012,ITO,HI,AWP,WE,Combined TRACON& Tower with Radar,41,12,2,20,75,0,102,12,4,118,41,114,14,24,193,38,0,38,231
02/08/2012,ITO,HI,AWP,WE,Combined TRACON& Tower with Radar,40,12,3,15,70,0,84,12,11,107,40,96,15,26,177,33,20,53,230
02/09/2012,ITO,HI,AWP,WE,Combined TRACON& Tower with Radar,42,10,4,15,71,0,84,20,5,109,42,94,24,20,180,40,24,64,244
02/10/2012,ITO,HI,AWP,WE,Combined TRACON& Tower with Radar,41,11,3,4,59,0,60,11,3,74,41,71,14,7,133,36,0,36,169
02/11/2012,ITO,HI,AWP,WE,Combined TRACON& Tower with Radar,38,7,1,6,52,0,70,4,1,75,38,77,5,7,127,14,16,30,157
02/12/2012,ITO,HI,AWP,WE,Combined TRACON& Tower with Radar,36,7,0,4,47,0,69,3,0,72,36,76,3,4,119,18,4,22,141
02/13/2012,ITO,HI,AWP,WE,Combined TRACON& Tower with Radar,39,12,1,1,53,0,92,10,8,110,39,104,11,9,163,46,6,52,215
02/14/2012,ITO,HI,AWP,WE,Combined TRACON& Tower with Radar,40,14,0,5,59,0,119,14,0,133,40,133,14,5,192,62,4,66,258
02/15/2012,ITO,HI,AWP,WE,Combined TRACON& Tower with Radar,39,14,6,6,65,0,83,22,4,109,39,97,28,10,174,36,25,61,235
02/16/2012,ITO,HI,AWP,WE,Combined TRACON& Tower with Radar,40,15,8,4,67,0,118,8,5,131,40,133,16,9,198,40,8,48,246
02/17/2012,ITO,HI,AWP,WE,Combined TRACON& Tower with Radar,45,15,7,0,67,0,80,8,1,89,45,95,15,1,156,22,0,22,178
02/18/2012,ITO,HI,AWP,WE,Combined TRACON& Tower with Radar,37,13,1,8,59,0,91,7,2,100,37,104,8,10,159,24,24,48,207
02/19/2012,ITO,HI,AWP,WE,Combined TRACON& Tower with Radar,36,14,4,1,55,0,86,5,1,92,36,100,9,2,147,20,0,20,167
02/20/2012,ITO,HI,AWP,WE,Combined TRACON& Tower with Radar,43,14,0,0,57,0,116,7,1,124,43,130,7,1,181,34,0,34,215
02/21/2012,ITO,HI,AWP,WE,Combined TRACON& Tower with Radar,41,16,5,10,72,0,52,3,0,55,41,68,8,10,127,30,6,36,163
02/22/2012,ITO,HI,AWP,WE,Combined TRACON& Tower with Radar,41,22,3,5,71,0,89,7,2,98,41,111,10,7,169,46,2,48,217
02/23/2012,ITO,HI,AWP,WE,Combined TRACON& Tower with Radar,40,14,0,8,62,0,100,14,2,116,40,114,14,10,178,38,12,50,228
02/24/2012,ITO,HI,AWP,WE,Combined TRACON& Tower with Radar,41,13,3,10,67,0,94,15,0,109,41,107,18,10,176,66,6,72,248
02/25/2012,ITO,HI,AWP,WE,Combined TRACON& Tower with Radar,37,9,1,2,49,0,83,5,0,88,37,92,6,2,137,40,0,40,177
02/26/2012,ITO,HI,AWP,WE,Combined TRACON& Tower with Radar,33,9,1,0,43,0,57,4,0,61,33,66,5,0,104,20,0,20,124
02/27/2012,ITO,HI,AWP,WE,Combined TRACON& Tower with Radar,44,10,1,6,61,0,80,14,1,95,44,90,15,7,156,24,14,38,194
02/28/2012,ITO,HI,AWP,WE,Combined TRACON& Tower with Radar,39,15,3,27,84,0,139,8,2,149,39,154,11,29,233,36,28,64,297
02/29/2012,ITO,HI,AWP,WE,Combined TRACON& Tower with Radar,39,14,4,6,63,0,81,7,2,90,39,95,11,8,153,45,0,45,198
03/01/2012,ITO,HI,AWP,WE,Combined TRACON& Tower with Radar,44,14,0,29,87,0,82,10,4,96,44,96,10,33,183,22,84,106,289
03/02/2012,ITO,HI,AWP,WE,Combined TRACON& Tower with Radar,39,15,1,35,90,0,102,6,0,108,39,117,7,35,198,46,50,96,294
03/03/2012,ITO,HI,AWP,WE,Combined TRACON& Tower with Radar,36,8,1,3,48,0,16,0,0,16,36,24,1,3,64,12,0,12,76
03/04/2012,ITO,HI,AWP,WE,Combined TRACON& Tower with Radar,35,11,1,4,51,0,83,11,0,94,35,94,12,4,145,35,0,35,180
03/05/2012,ITO,HI,AWP,WE,Combined TRACON& Tower with Radar,39,21,2,1,63,0,53,3,0,56,39,74,5,1,119,18,0,18,137
03/06/2012,ITO,HI,AWP,WE,Combined TRACON& Tower with Radar,46,9,4,1,60,0,104,5,0,109,46,113,9,1,169,24,0,24,193
03/07/2012,ITO,HI,AWP,WE,Combined TRACON& Tower with Radar,40,12,4,0,56,0,80,12,0,92,40,92,16,0,148,24,0,24,172
03/08/2012,ITO,HI,AWP,WE,Combined TRACON& Tower with Radar,42,12,2,6,62,0,72,2,0,74,42,84,4,6,136,36,2,38,174
03/09/2012,ITO,HI,AWP,WE,Combined TRACON& Tower with Radar,40,12,0,5,57,0,110,7,0,117,40,122,7,5,174,24,0,24,198
03/10/2012,ITO,HI,AWP,WE,Combined TRACON& Tower with Radar,38,15,0,10,63,0,76,9,3,88,38,91,9,13,151,24,0,24,175
03/11/2012,ITO,HI,AWP,WE,Combined TRACON& Tower with Radar,38,7,4,2,51,0,84,7,0,91,38,91,11,2,142,14,0,14,156
03/12/2012,ITO,HI,AWP,WE,Combined TRACON& Tower with Radar,41,14,7,8,70,0,81,3,0,84,41,95,10,8,154,22,8,30,184
03/13/2012,ITO,HI,AWP,WE,Combined TRACON& Tower with Radar,42,15,2,15,74,0,141,4,2,147,42,156,6,17,221,30,20,50,271
03/14/2012,ITO,HI,AWP,WE,Combined TRACON& Tower with Radar,40,16,3,15,74,0,74,10,0,84,40,90,13,15,158,17,34,51,209
03/15/2012,ITO,HI,AWP,WE,Combined TRACON& Tower with Radar,48,17,1,22,88,0,88,17,2,107,48,105,18,24,195,40,20,60,255
03/16/2012,ITO,HI,AWP,WE,Combined TRACON& Tower with Radar,43,14,0,13,70,0,104,14,4,122,43,118,14,17,192,33,23,56,248
03/17/2012,ITO,HI,AWP,WE,Combined TRACON& Tower with Radar,41,10,1,20,72,0,109,14,3,126,41,119,15,23,198,34,26,60,258
03/18/2012,ITO,HI,AWP,WE,Combined TRACON& Tower with Radar,37,16,2,1,56,0,61,1,0,62,37,77,3,1,118,20,0,20,138
03/19/2012,ITO,HI,AWP,WE,Combined TRACON& Tower with Radar,42,9,1,7,59,0,114,6,0,120,42,123,7,7,179,24,6,30,209
03/20/2012,ITO,HI,AWP,WE,Combined TRACON& Tower with Radar,43,19,2,10,74,0,119,7,14,140,43,138,9,24,214,32,48,80,294
03/21/2012,ITO,HI,AWP,WE,Combined TRACON& Tower with Radar,41,11,0,7,59,0,112,10,11,133,41,123,10,18,192,26,22,48,240
03/22/2012,ITO,HI,AWP,WE,Combined TRACON& Tower with Radar,43,14,0,7,64,0,111,20,5,136,43,125,20,12,200,42,8,50,250
03/23/2012,ITO,HI,AWP,WE,Combined TRACON& Tower with Radar,42,14,0,12,68,0,146,20,5,171,42,160,20,17,239,28,9,37,276
03/24/2012,ITO,HI,AWP,WE,Combined TRACON& Tower with Radar,41,18,3,0,62,0,62,1,0,63,41,80,4,0,125,16,0,16,141
03/25/2012,ITO,HI,AWP,WE,Combined TRACON& Tower with Radar,36,7,3,0,46,0,84,3,0,87,36,91,6,0,133,16,0,16,149
03/26/2012,ITO,HI,AWP,WE,Combined TRACON& Tower with Radar,43,16,8,9,76,0,56,7,0,63,43,72,15,9,139,46,32,78,217
03/27/2012,ITO,HI,AWP,WE,Combined TRACON& Tower with Radar,44,15,2,12,73,0,127,14,6,147,44,142,16,18,220,36,14,50,270
03/28/2012,ITO,HI,AWP,WE,Combined TRACON& Tower with Radar,41,13,0,4,58,0,110,16,3,129,41,123,16,7,187,30,8,38,225
03/29/2012,ITO,HI,AWP,WE,Combined TRACON& Tower with Radar,44,14,2,10,70,0,119,11,3,133,44,133,13,13,203,30,14,44,247
03/30/2012,ITO,HI,AWP,WE,Combined TRACON& Tower with Radar,42,17,1,6,66,0,84,17,0,101,42,101,18,6,167,74,4,78,245
03/31/2012,ITO,HI,AWP,WE,Combined TRACON& Tower with Radar,39,22,2,2,65,0,52,1,0,53,39,74,3,2,118,36,16,52,170
04/01/2012,ITO,HI,AWP,WE,Combined TRACON& Tower with Radar,41,7,1,4,53,0,68,8,0,76,41,75,9,4,129,36,4,40,169
04/02/2012,ITO,HI,AWP,WE,Combined TRACON& Tower with Radar,44,17,1,22,84,0,144,17,7,168,44,161,18,29,252,36,32,68,320
04/03/2012,ITO,HI,AWP,WE,Combined TRACON& Tower with Radar,46,13,2,8,69,0,215,11,0,226,46,228,13,8,295,60,6,66,361
04/04/2012,ITO,HI,AWP,WE,Combined TRACON& Tower with Radar,39,19,0,18,76,0,112,8,0,120,39,131,8,18,196,30,28,58,254
04/05/2012,ITO,HI,AWP,WE,Combined TRACON& Tower with Radar,46,11,3,6,66,0,126,20,6,152,46,137,23,12,218,36,0,36,254
04/06/2012,ITO,HI,AWP,WE,Combined TRACON& Tower with Radar,39,17,1,1,58,0,89,19,0,108,39,106,20,1,166,22,0,22,188
04/07/2012,ITO,HI,AWP,WE,Combined TRACON& Tower with Radar,41,19,1,0,61,0,83,6,0,89,41,102,7,0,150,18,0,18,168
04/08/2012,ITO,HI,AWP,WE,Combined TRACON& Tower with Radar,37,8,1,0,46,0,56,1,0,57,37,64,2,0,103,16,0,16,119
04/09/2012,ITO,HI,AWP,WE,Combined TRACON& Tower with Radar,57,12,1,5,75,0,89,2,0,91,57,101,3,5,166,20,0,20,186
04/10/2012,ITO,HI,AWP,WE,Combined TRACON& Tower with Radar,47,17,2,10,76,0,116,1,3,120,47,133,3,13,196,18,22,40,236
04/11/2012,ITO,HI,AWP,WE,Combined TRACON& Tower with Radar,48,18,4,5,75,0,93,5,15,113,48,111,9,20,188,32,50,82,270
04/12/2012,ITO,HI,AWP,WE,Combined TRACON& Tower with Radar,54,20,2,0,76,0,114,6,4,124,54,134,8,4,200,30,0,30,230
04/13/2012,ITO,HI,AWP,WE,Combined TRACON& Tower with Radar,42,16,5,7,70,0,79,8,0,87,42,95,13,7,157,37,26,63,220
04/14/2012,ITO,HI,AWP,WE,Combined TRACON& Tower with Radar,39,13,0,9,61,0,91,9,1,101,39,104,9,10,162,32,0,32,194
04/15/2012,ITO,HI,AWP,WE,Combined TRACON& Tower with Radar,52,12,4,5,73,0,51,9,3,63,52,63,13,8,136,24,0,24,160
04/16/2012,ITO,HI,AWP,WE,Combined TRACON& Tower with Radar,43,18,1,11,73,0,98,13,5,116,43,116,14,16,189,40,4,44,233
04/17/2012,ITO,HI,AWP,WE,Combined TRACON& Tower with Radar,44,17,3,7,71,0,131,10,3,144,44,148,13,10,215,38,18,56,271
04/18/2012,ITO,HI,AWP,WE,Combined TRACON& Tower with Radar,45,14,3,11,73,0,89,3,0,92,45,103,6,11,165,44,20,64,229
04/19/2012,ITO,HI,AWP,WE,Combined TRACON& Tower with Radar,45,20,0,7,72,0,89,10,3,102,45,109,10,10,174,30,6,36,210
04/20/2012,ITO,HI,AWP,WE,Combined TRACON& Tower with Radar,44,16,1,12,73,0,88,9,3,100,44,104,10,15,173,46,22,68,241
04/21/2012,ITO,HI,AWP,WE,Combined TRACON& Tower with Radar,38,17,3,0,58,0,93,10,0,103,38,110,13,0,161,28,0,28,189
04/22/2012,ITO,HI,AWP,WE,Combined TRACON& Tower with Radar,36,6,3,3,48,0,78,3,1,82,36,84,6,4,130,30,4,34,164
04/23/2012,ITO,HI,AWP,WE,Combined TRACON& Tower with Radar,45,11,1,14,71,0,65,4,1,70,45,76,5,15,141,14,20,34,175
04/24/2012,ITO,HI,AWP,WE,Combined TRACON& Tower with Radar,44,9,2,5,60,0,144,19,3,166,44,153,21,8,226,46,24,70,296
04/25/2012,ITO,HI,AWP,WE,Combined TRACON& Tower with Radar,46,13,0,13,72,0,137,10,0,147,46,150,10,13,219,32,0,32,251
04/26/2012,ITO,HI,AWP,WE,Combined TRACON& Tower with Radar,42,24,0,14,80,0,122,11,3,136,42,146,11,17,216,46,18,64,280
04/27/2012,ITO,HI,AWP,WE,Combined TRACON& Tower with Radar,43,12,0,4,59,0,84,21,4,109,43,96,21,8,168,26,6,32,200
04/28/2012,ITO,HI,AWP,WE,Combined TRACON& Tower with Radar,38,13,0,0,51,0,112,3,0,115,38,125,3,0,166,30,2,32,198
04/29/2012,ITO,HI,AWP,WE,Combined TRACON& Tower with Radar,38,10,2,0,50,0,65,7,0,72,38,75,9,0,122,26,0,26,148
04/30/2012,ITO,HI,AWP,WE,Combined TRACON& Tower with Radar,41,14,2,4,61,0,103,23,1,127,41,117,25,5,188,22,9,31,219
05/01/2012,ITO,HI,AWP,WE,Combined TRACON& Tower with Radar,44,13,2,0,59,0,118,9,0,127,44,131,11,0,186,32,0,32,218
05/02/2012,ITO,HI,AWP,WE,Combined TRACON& Tower with Radar,41,16,0,13,70,0,90,10,0,100,41,106,10,13,170,32,28,60,230
05/03/2012,ITO,HI,AWP,WE,Combined TRACON& Tower with Radar,47,20,1,12,80,0,110,3,1,114,47,130,4,13,194,20,26,46,240
05/04/2012,ITO,HI,AWP,WE,Combined TRACON& Tower with Radar,42,22,0,2,66,0,130,12,4,146,42,152,12,6,212,36,4,40,252
05/05/2012,ITO,HI,AWP,WE,Combined TRACON& Tower with Radar,40,21,0,3,64,0,116,13,0,129,40,137,13,3,193,30,0,30,223
05/06/2012,ITO,HI,AWP,WE,Combined TRACON& Tower with Radar,37,18,0,6,61,0,80,5,3,88,37,98,5,9,149,26,0,26,175
05/07/2012,ITO,HI,AWP,WE,Combined TRACON& Tower with Radar,43,14,0,2,59,0,91,11,0,102,43,105,11,2,161,24,0,24,185
05/08/2012,ITO,HI,AWP,WE,Combined TRACON& Tower with Radar,47,16,6,6,75,0,144,4,2,150,47,160,10,8,225,16,46,62,287
05/09/2012,ITO,HI,AWP,WE,Combined TRACON& Tower with Radar,42,30,2,7,81,0,50,6,8,64,42,80,8,15,145,36,10,46,191
05/10/2012,ITO,HI,AWP,WE,Combined TRACON& Tower with Radar,45,15,4,17,81,0,110,10,5,125,45,125,14,22,206,24,58,82,288
05/11/2012,ITO,HI,AWP,WE,Combined TRACON& Tower with Radar,43,17,0,6,66,0,99,8,1,108,43,116,8,7,174,52,10,62,236
05/12/2012,ITO,HI,AWP,WE,Combined TRACON& Tower with Radar,41,17,2,3,63,0,105,8,0,113,41,122,10,3,176,32,4,36,212
05/13/2012,ITO,HI,AWP,WE,Combined TRACON& Tower with Radar,42,10,0,0,52,0,70,15,0,85,42,80,15,0,137,20,0,20,157
05/14/2012,ITO,HI,AWP,WE,Combined TRACON& Tower with Radar,45,20,0,4,69,0,77,18,0,95,45,97,18,4,164,30,10,40,204
05/15/2012,ITO,HI,AWP,WE,Combined TRACON& Tower with Radar,46,13,0,7,66,0,112,14,2,128,46,125,14,9,194,26,34,60,254
05/16/2012,ITO,HI,AWP,WE,Combined TRACON& Tower with Radar,42,17,0,20,79,0,67,13,22,102,42,84,13,42,181,27,100,127,308
05/17/2012,ITO,HI,AWP,WE,Combined TRACON& Tower with Radar,45,13,1,23,82,0,61,18,8,87,45,74,19,31,169,28,64,92,261
05/18/2012,ITO,HI,AWP,WE,Combined TRACON& Tower with Radar,44,15,1,19,79,0,73,17,1,91,44,88,18,20,170,44,42,86,256
05/19/2012,ITO,HI,AWP,WE,Combined TRACON& Tower with Radar,38,21,6,9,74,0,70,12,0,82,38,91,18,9,156,28,8,36,192
05/20/2012,ITO,HI,AWP,WE,Combined TRACON& Tower with Radar,36,12,1,5,54,0,76,5,0,81,36,88,6,5,135,18,0,18,153
05/21/2012,ITO,HI,AWP,WE,Combined TRACON& Tower with Radar,40,12,0,9,61,0,93,10,8,111,40,105,10,17,172,44,56,100,272
05/22/2012,ITO,HI,AWP,WE,Combined TRACON& Tower with Radar,49,19,1,25,94,0,132,12,7,151,49,151,13,32,245,58,52,110,355
05/23/2012,ITO,HI,AWP,WE,Combined TRACON& Tower with Radar,46,13,2,11,72,0,59,11,0,70,46,72,13,11,142,58,40,98,240
05/24/2012,ITO,HI,AWP,WE,Combined TRACON& Tower with Radar,42,13,2,11,68,0,97,3,11,111,42,110,5,22,179,20,74,94,273
05/25/2012,ITO,HI,AWP,WE,Combined TRACON& Tower with Radar,42,20,1,4,67,0,85,7,2,94,42,105,8,6,161,40,0,40,201
05/26/2012,ITO,HI,AWP,WE,Combined TRACON& Tower with Radar,38,13,0,0,51,0,61,2,0,63,38,74,2,0,114,36,0,36,150
05/27/2012,ITO,HI,AWP,WE,Combined TRACON& Tower with Radar,37,14,1,0,52,0,80,3,0,83,37,94,4,0,135,12,0,12,147
05/28/2012,ITO,HI,AWP,WE,Combined TRACON& Tower with Radar,40,12,0,0,52,0,93,5,0,98,40,105,5,0,150,18,0,18,168
05/29/2012,ITO,HI,AWP,WE,Combined TRACON& Tower with Radar,42,9,1,2,54,0,153,16,3,172,42,162,17,5,226,34,6,40,266
05/30/2012,ITO,HI,AWP,WE,Combined TRACON& Tower with Radar,47,10,1,9,67,0,117,12,0,129,47,127,13,9,196,68,10,78,274
05/31/2012,ITO,HI,AWP,WE,Combined TRACON& Tower with Radar,44,18,0,15,77,0,80,8,4,92,44,98,8,19,169,38,24,62,231
06/01/2012,ITO,HI,AWP,WE,Combined TRACON& Tower with Radar,43,16,0,7,66,0,70,14,1,85,43,86,14,8,151,34,4,38,189
06/02/2012,ITO,HI,AWP,WE,Combined TRACON& Tower with Radar,40,13,1,14,68,0,53,2,2,57,40,66,3,16,125,18,0,18,143
06/03/2012,ITO,HI,AWP,WE,Combined TRACON& Tower with Radar,37,8,0,4,49,0,87,8,0,95,37,95,8,4,144,16,2,18,162
06/04/2012,ITO,HI,AWP,WE,Combined TRACON& Tower with Radar,42,10,0,13,65,0,104,21,2,127,42,114,21,15,192,37,28,65,257
06/05/2012,ITO,HI,AWP,WE,Combined TRACON& Tower with Radar,43,11,5,8,67,0,129,8,7,144,43,140,13,15,211,34,32,66,277
06/06/2012,ITO,HI,AWP,WE,Combined TRACON& Tower with Radar,40,8,2,25,75,0,110,13,9,132,40,118,15,34,207,26,89,115,322
06/07/2012,ITO,HI,AWP,WE,Combined TRACON& Tower with Radar,45,8,1,17,71,0,108,8,10,126,45,116,9,27,197,54,10,64,261
06/08/2012,ITO,HI,AWP,WE,Combined TRACON& Tower with Radar,43,12,1,9,65,0,81,10,8,99,43,93,11,17,164,56,12,68,232
06/09/2012,ITO,HI,AWP,WE,Combined TRACON& Tower with Radar,38,13,0,4,55,0,78,6,3,87,38,91,6,7,142,28,6,34,176
06/10/2012,ITO,HI,AWP,WE,Combined TRACON& Tower with Radar,36,12,2,6,56,0,78,9,1,88,36,90,11,7,144,42,0,42,186
06/11/2012,ITO,HI,AWP,WE,Combined TRACON& Tower with Radar,42,12,0,5,59,0,88,12,0,100,42,100,12,5,159,24,4,28,187
06/12/2012,ITO,HI,AWP,WE,Combined TRACON& Tower with Radar,39,11,5,13,68,0,155,9,2,166,39,166,14,15,234,64,10,74,308
06/13/2012,ITO,HI,AWP,WE,Combined TRACON& Tower with Radar,42,9,3,12,66,0,90,15,3,108,42,99,18,15,174,33,21,54,228
06/14/2012,ITO,HI,AWP,WE,Combined TRACON& Tower with Radar,51,24,2,13,90,0,78,26,5,109,51,102,28,18,199,29,8,37,236
06/15/2012,ITO,HI,AWP,WE,Combined TRACON& Tower with Radar,41,13,2,2,58,0,101,16,4,121,41,114,18,6,179,56,15,71,250
06/16/2012,ITO,HI,AWP,WE,Combined TRACON& Tower with Radar,40,10,1,6,57,0,63,4,0,67,40,73,5,6,124,44,0,44,168
06/17/2012,ITO,HI,AWP,WE,Combined TRACON& Tower with Radar,37,10,7,0,54,0,76,0,0,76,37,86,7,0,130,26,0,26,156
06/18/2012,ITO,HI,AWP,WE,Combined TRACON& Tower with Radar,43,21,0,6,70,0,87,6,2,95,43,108,6,8,165,14,18,32,197
06/19/2012,ITO,HI,AWP,WE,Combined TRACON& Tower with Radar,42,10,1,9,62,0,128,6,3,137,42,138,7,12,199,44,6,50,249
06/20/2012,ITO,HI,AWP,WE,Combined TRACON& Tower with Radar,40,10,1,8,59,0,69,6,0,75,40,79,7,8,134,52,0,52,186
06/21/2012,ITO,HI,AWP,WE,Combined TRACON& Tower with Radar,46,19,3,1,69,0,104,5,5,114,46,123,8,6,183,36,10,46,229
06/22/2012,ITO,HI,AWP,WE,Combined TRACON& Tower with Radar,42,15,1,2,60,0,98,7,0,105,42,113,8,2,165,52,0,52,217
06/23/2012,ITO,HI,AWP,WE,Combined TRACON& Tower with Radar,38,15,3,4,60,0,109,3,0,112,38,124,6,4,172,16,54,70,242
06/24/2012,ITO,HI,AWP,WE,Combined TRACON& Tower with Radar,39,10,0,0,49,0,86,9,6,101,39,96,9,6,150,38,26,64,214
06/25/2012,ITO,HI,AWP,WE,Combined TRACON& Tower with Radar,41,18,3,11,73,0,94,12,6,112,41,112,15,17,185,76,16,92,277
06/26/2012,ITO,HI,AWP,WE,Combined TRACON& Tower with Radar,42,11,4,25,82,0,162,5,10,177,42,173,9,35,259,30,10,40,299
06/27/2012,ITO,HI,AWP,WE,Combined TRACON& Tower with Radar,43,16,4,6,69,0,115,2,3,120,43,131,6,9,189,22,12,34,223
06/28/2012,ITO,HI,AWP,WE,Combined TRACON& Tower with Radar,43,20,3,11,77,0,93,4,12,109,43,113,7,23,186,26,28,54,240
06/29/2012,ITO,HI,AWP,WE,Combined TRACON& Tower with Radar,43,11,2,8,64,0,77,8,0,85,43,88,10,8,149,40,10,50,199
06/30/2012,ITO,HI,AWP,WE,Combined TRACON& Tower with Radar,40,6,0,1,47,0,90,10,0,100,40,96,10,1,147,16,0,16,163
07/01/2012,ITO,HI,AWP,WE,Combined TRACON& Tower with Radar,38,16,6,1,61,0,83,2,0,85,38,99,8,1,146,20,0,20,166
07/02/2012,ITO,HI,AWP,WE,Combined TRACON& Tower with Radar,42,17,1,18,78,0,112,20,0,132,42,129,21,18,210,52,38,90,300
07/03/2012,ITO,HI,AWP,WE,Combined TRACON& Tower with Radar,41,9,0,23,73,0,181,9,0,190,41,190,9,23,263,20,30,50,313
07/04/2012,ITO,HI,AWP,WE,Combined TRACON& Tower with Radar,39,9,0,0,48,0,105,7,0,112,39,114,7,0,160,30,0,30,190
07/05/2012,ITO,HI,AWP,WE,Combined TRACON& Tower with Radar,41,10,4,0,55,0,97,7,2,106,41,107,11,2,161,40,0,40,201
07/06/2012,ITO,HI,AWP,WE,Combined TRACON& Tower with Radar,42,16,0,21,79,0,127,12,2,141,42,143,12,23,220,26,36,62,282
07/07/2012,ITO,HI,AWP,WE,Combined TRACON& Tower with Radar,41,13,0,6,60,0,102,1,2,105,41,115,1,8,165,16,0,16,181
07/08/2012,ITO,HI,AWP,WE,Combined TRACON& Tower with Radar,38,10,0,11,59,0,100,8,0,108,38,110,8,11,167,26,0,26,193
07/09/2012,ITO,HI,AWP,WE,Combined TRACON& Tower with Radar,39,14,2,3,58,0,89,4,1,94,39,103,6,4,152,20,0,20,172
07/10/2012,ITO,HI,AWP,WE,Combined TRACON& Tower with Radar,43,16,0,17,76,0,137,10,1,148,43,153,10,18,224,70,46,116,340
07/11/2012,ITO,HI,AWP,WE,Combined TRACON& Tower with Radar,42,10,2,16,70,0,113,14,12,139,42,123,16,28,209,52,24,76,285
07/12/2012,ITO,HI,AWP,WE,Combined TRACON& Tower with Radar,43,11,1,27,82,0,105,6,3,114,43,116,7,30,196,18,58,76,272
07/13/2012,ITO,HI,AWP,WE,Combined TRACON& Tower with Radar,43,10,0,8,61,0,76,8,15,99,43,86,8,23,160,26,55,81,241
07/14/2012,ITO,HI,AWP,WE,Combined TRACON& Tower with Radar,46,15,2,7,70,0,103,5,3,111,46,118,7,10,181,80,30,110,291
07/15/2012,ITO,HI,AWP,WE,Combined TRACON& Tower with Radar,36,10,7,2,55,0,97,1,9,107,36,107,8,11,162,62,20,82,244
07/16/2012,ITO,HI,AWP,WE,Combined TRACON& Tower with Radar,41,9,4,8,62,0,99,7,1,107,41,108,11,9,169,29,28,57,226
07/17/2012,ITO,HI,AWP,WE,Combined TRACON& Tower with Radar,41,13,0,13,67,0,43,6,10,59,41,56,6,23,126,52,30,82,208
07/18/2012,ITO,HI,AWP,WE,Combined TRACON& Tower with Radar,40,21,3,5,69,0,144,12,2,158,40,165,15,7,227,24,8,32,259
07/19/2012,ITO,HI,AWP,WE,Combined TRACON& Tower with Radar,45,14,3,9,71,0,112,17,4,133,45,126,20,13,204,54,52,106,310
07/20/2012,ITO,HI,AWP,WE,Combined TRACON& Tower with Radar,41,21,0,2,64,0,98,6,0,104,41,119,6,2,168,36,0,36,204
07/21/2012,ITO,HI,AWP,WE,Combined TRACON& Tower with Radar,41,24,5,2,72,0,93,5,2,100,41,117,10,4,172,30,44,74,246
07/22/2012,ITO,HI,AWP,WE,Combined TRACON& Tower with Radar,37,10,0,0,47,0,88,6,3,97,37,98,6,3,144,16,0,16,160
07/23/2012,ITO,HI,AWP,WE,Combined TRACON& Tower with Radar,41,13,0,9,63,0,123,17,5,145,41,136,17,14,208,20,38,58,266
07/24/2012,ITO,HI,AWP,WE,Combined TRACON& Tower with Radar,43,11,2,0,56,0,164,9,7,180,43,175,11,7,236,30,22,52,288
07/25/2012,ITO,HI,AWP,WE,Combined TRACON& Tower with Radar,43,12,1,13,69,0,112,4,3,119,43,124,5,16,188,32,32,64,252
07/26/2012,ITO,HI,AWP,WE,Combined TRACON& Tower with Radar,40,16,4,8,68,0,113,5,8,126,40,129,9,16,194,28,28,56,250
07/27/2012,ITO,HI,AWP,WE,Combined TRACON& Tower with Radar,47,25,1,3,76,0,77,9,2,88,47,102,10,5,164,28,0,28,192
07/28/2012,ITO,HI,AWP,WE,Combined TRACON& Tower with Radar,41,9,3,1,54,0,102,11,1,114,41,111,14,2,168,28,0,28,196
07/29/2012,ITO,HI,AWP,WE,Combined TRACON& Tower with Radar,37,14,2,0,53,0,85,10,0,95,37,99,12,0,148,30,0,30,178
07/30/2012,ITO,HI,AWP,WE,Combined TRACON& Tower with Radar,40,18,0,17,75,0,6,1,11,18,40,24,1,28,93,8,64,72,165
07/31/2012,ITO,HI,AWP,WE,Combined TRACON& Tower with Radar,43,15,2,16,76,0,187,9,2,198,43,202,11,18,274,64,36,100,374
08/01/2012,ITO,HI,AWP,WE,Combined TRACON& Tower with Radar,40,16,0,22,78,0,144,32,8,184,40,160,32,30,262,28,20,48,310
08/02/2012,ITO,HI,AWP,WE,Combined TRACON& Tower with Radar,43,11,2,7,63,0,112,23,8,143,43,123,25,15,206,60,16,76,282
08/03/2012,ITO,HI,AWP,WE,Combined TRACON& Tower with Radar,43,10,1,13,67,0,122,9,5,136,43,132,10,18,203,40,32,72,275
08/04/2012,ITO,HI,AWP,WE,Combined TRACON& Tower with Radar,39,13,1,10,63,0,95,9,2,106,39,108,10,12,169,22,0,22,191
08/05/2012,ITO,HI,AWP,WE,Combined TRACON& Tower with Radar,38,6,3,4,51,0,83,8,1,92,38,89,11,5,143,22,0,22,165
08/06/2012,ITO,HI,AWP,WE,Combined TRACON& Tower with Radar,42,15,1,5,63,0,100,16,2,118,42,115,17,7,181,24,16,40,221
08/07/2012,ITO,HI,AWP,WE,Combined TRACON& Tower with Radar,46,10,0,3,59,0,157,11,7,175,46,167,11,10,234,36,8,44,278
08/08/2012,ITO,HI,AWP,WE,Combined TRACON& Tower with Radar,43,15,1,18,77,0,103,12,0,115,43,118,13,18,192,36,2,38,230
08/09/2012,ITO,HI,AWP,WE,Combined TRACON& Tower with Radar,44,16,3,5,68,0,113,5,9,127,44,129,8,14,195,38,8,46,241
08/10/2012,ITO,HI,AWP,WE,Combined TRACON& Tower with Radar,42,11,0,0,53,0,83,10,0,93,42,94,10,0,146,36,0,36,182
08/11/2012,ITO,HI,AWP,WE,Combined TRACON& Tower with Radar,43,10,1,0,54,0,95,3,0,98,43,105,4,0,152,12,0,12,164
08/12/2012,ITO,HI,AWP,WE,Combined TRACON& Tower with Radar,37,6,2,0,45,0,96,4,0,100,37,102,6,0,145,62,0,62,207
08/13/2012,ITO,HI,AWP,WE,Combined TRACON& Tower with Radar,40,16,4,11,71,0,88,4,4,96,40,104,8,15,167,29,34,63,230
08/14/2012,ITO,HI,AWP,WE,Combined TRACON& Tower with Radar,40,17,4,18,79,0,186,2,0,188,40,203,6,18,267,42,36,78,345
08/15/2012,ITO,HI,AWP,WE,Combined TRACON& Tower with Radar,43,17,3,11,74,0,127,6,1,134,43,144,9,12,208,20,20,40,248
08/16/2012,ITO,HI,AWP,WE,Combined TRACON& Tower with Radar,43,16,3,8,70,0,104,5,4,113,43,120,8,12,183,30,16,46,229
08/17/2012,ITO,HI,AWP,WE,Combined TRACON& Tower with Radar,42,19,0,7,68,0,91,17,0,108,42,110,17,7,176,26,20,46,222
08/18/2012,ITO,HI,AWP,WE,Combined TRACON& Tower with Radar,41,17,0,0,58,0,75,3,0,78,41,92,3,0,136,22,0,22,158
08/19/2012,ITO,HI,AWP,WE,Combined TRACON& Tower with Radar,38,4,2,0,44,0,96,5,0,101,38,100,7,0,145,20,0,20,165
08/20/2012,ITO,HI,AWP,WE,Combined TRACON& Tower with Radar,42,18,1,5,66,0,62,6,3,71,42,80,7,8,137,18,16,34,171
08/21/2012,ITO,HI,AWP,WE,Combined TRACON& Tower with Radar,43,21,0,6,70,0,145,13,1,159,43,166,13,7,229,38,8,46,275
08/22/2012,ITO,HI,AWP,WE,Combined TRACON& Tower with Radar,48,13,0,2,63,0,95,4,4,103,48,108,4,6,166,24,14,38,204
08/23/2012,ITO,HI,AWP,WE,Combined TRACON& Tower with Radar,41,18,1,8,68,0,98,7,0,105,41,116,8,8,173,32,10,42,215
08/24/2012,ITO,HI,AWP,WE,Combined TRACON& Tower with Radar,42,15,1,1,59,0,97,8,21,126,42,112,9,22,185,30,16,46,231
08/25/2012,ITO,HI,AWP,WE,Combined TRACON& Tower with Radar,38,17,4,0,59,0,70,3,4,77,38,87,7,4,136,12,48,60,196
08/26/2012,ITO,HI,AWP,WE,Combined TRACON& Tower with Radar,40,8,2,1,51,0,80,2,4,86,40,88,4,5,137,22,14,36,173
08/27/2012,ITO,HI,AWP,WE,Combined TRACON& Tower with Radar,40,14,0,7,61,0,87,7,7,101,40,101,7,14,162,16,34,50,212
08/28/2012,ITO,HI,AWP,WE,Combined TRACON& Tower with Radar,40,11,0,11,62,0,150,8,2,160,40,161,8,13,222,30,30,60,282
08/29/2012,ITO,HI,AWP,WE,Combined TRACON& Tower with Radar,42,15,1,7,65,0,85,7,5,97,42,100,8,12,162,24,5,29,191
08/30/2012,ITO,HI,AWP,WE,Combined TRACON& Tower with Radar,42,15,7,6,70,0,80,7,0,87,42,95,14,6,157,24,2,26,183
08/31/2012,ITO,HI,AWP,WE,Combined TRACON& Tower with Radar,42,16,0,1,59,0,71,5,0,76,42,87,5,1,135,26,0,26,161
09/01/2012,ITO,HI,AWP,WE,Combined TRACON& Tower with Radar,35,14,0,0,49,0,58,10,2,70,35,72,10,2,119,16,0,16,135
09/02/2012,ITO,HI,AWP,WE,Combined TRACON& Tower with Radar,35,6,1,0,42,0,84,4,0,88,35,90,5,0,130,16,2,18,148
09/03/2012,ITO,HI,AWP,WE,Combined TRACON& Tower with Radar,35,12,3,0,50,0,59,5,0,64,35,71,8,0,114,20,0,20,134
09/04/2012,ITO,HI,AWP,WE,Combined TRACON& Tower with Radar,41,15,0,8,64,0,128,9,0,137,41,143,9,8,201,20,10,30,231
09/05/2012,ITO,HI,AWP,WE,Combined TRACON& Tower with Radar,42,20,2,26,90,0,70,12,5,87,42,90,14,31,177,41,36,77,254
09/06/2012,ITO,HI,AWP,WE,Combined TRACON& Tower with Radar,44,14,0,3,61,0,69,13,0,82,44,83,13,3,143,50,0,50,193
09/07/2012,ITO,HI,AWP,WE,Combined TRACON& Tower with Radar,44,17,0,5,66,0,47,8,8,63,44,64,8,13,129,34,18,52,181
09/08/2012,ITO,HI,AWP,WE,Combined TRACON& Tower with Radar,36,18,0,2,56,0,75,10,5,90,36,93,10,7,146,38,10,48,194
09/09/2012,ITO,HI,AWP,WE,Combined TRACON& Tower with Radar,32,17,0,7,56,0,36,0,1,37,32,53,0,8,93,30,10,40,133
09/10/2012,ITO,HI,AWP,WE,Combined TRACON& Tower with Radar,41,11,3,3,58,0,78,12,2,92,41,89,15,5,150,20,4,24,174
09/11/2012,ITO,HI,AWP,WE,Combined TRACON& Tower with Radar,41,26,2,15,84,0,128,9,5,142,41,154,11,20,226,29,50,79,305
09/12/2012,ITO,HI,AWP,WE,Combined TRACON& Tower with Radar,39,16,9,0,64,0,85,16,0,101,39,101,25,0,165,60,0,60,225
09/13/2012,ITO,HI,AWP,WE,Combined TRACON& Tower with Radar,44,16,5,7,72,0,78,8,5,91,44,94,13,12,163,50,40,90,253
09/14/2012,ITO,HI,AWP,WE,Combined TRACON& Tower with Radar,46,15,1,15,77,0,82,19,2,103,46,97,20,17,180,28,26,54,234
09/15/2012,ITO,HI,AWP,WE,Combined TRACON& Tower with Radar,34,18,0,2,54,0,70,19,1,90,34,88,19,3,144,30,0,30,174
09/16/2012,ITO,HI,AWP,WE,Combined TRACON& Tower with Radar,33,8,2,2,45,0,58,9,0,67,33,66,11,2,112,14,0,14,126
09/17/2012,ITO,HI,AWP,WE,Combined TRACON& Tower with Radar,40,15,0,4,59,0,86,7,2,95,40,101,7,6,154,36,22,58,212
09/18/2012,ITO,HI,AWP,WE,Combined TRACON& Tower with Radar,39,10,3,4,56,0,130,8,3,141,39,140,11,7,197,30,2,32,229
09/19/2012,ITO,HI,AWP,WE,Combined TRACON& Tower with Radar,38,13,0,10,61,0,81,10,7,98,38,94,10,17,159,27,16,43,202
09/20/2012,ITO,HI,AWP,WE,Combined TRACON& Tower with Radar,39,19,3,11,72,0,92,3,3,98,39,111,6,14,170,22,16,38,208
09/21/2012,ITO,HI,AWP,WE,Combined TRACON& Tower with Radar,47,15,1,4,67,0,103,12,1,116,47,118,13,5,183,46,2,48,231
09/22/2012,ITO,HI,AWP,WE,Combined TRACON& Tower with Radar,32,16,0,0,48,0,91,3,0,94,32,107,3,0,142,26,0,26,168
09/23/2012,ITO,HI,AWP,WE,Combined TRACON& Tower with Radar,34,7,0,0,41,0,68,9,0,77,34,75,9,0,118,16,0,16,134
09/24/2012,ITO,HI,AWP,WE,Combined TRACON& Tower with Radar,42,14,1,2,59,0,93,17,6,116,42,107,18,8,175,60,58,118,293
09/25/2012,ITO,HI,AWP,WE,Combined TRACON& Tower with Radar,41,18,0,2,61,0,119,5,6,130,41,137,5,8,191,34,30,64,255
09/26/2012,ITO,HI,AWP,WE,Combined TRACON& Tower with Radar,44,14,3,4,65,0,117,4,3,124,44,131,7,7,189,30,0,30,219
09/27/2012,ITO,HI,AWP,WE,Combined TRACON& Tower with Radar,43,13,2,0,58,0,101,14,1,116,43,114,16,1,174,44,0,44,218
09/28/2012,ITO,HI,AWP,WE,Combined TRACON& Tower with Radar,46,16,2,0,64,0,62,9,0,71,46,78,11,0,135,28,0,28,163
09/29/2012,ITO,HI,AWP,WE,Combined TRACON& Tower with Radar,36,13,0,0,49,0,78,13,2,93,36,91,13,2,142,22,0,22,164
09/30/2012,ITO,HI,AWP,WE,Combined TRACON& Tower with Radar,33,6,4,0,43,0,65,6,0,71,33,71,10,0,114,14,0,14,128
10/01/2012,ITO,HI,AWP,WE,Combined TRACON& Tower with Radar,41,11,1,2,55,0,102,4,1,107,41,113,5,3,162,34,2,36,198
10/02/2012,ITO,HI,AWP,WE,Combined TRACON& Tower with Radar,39,14,1,2,56,0,124,12,2,138,39,138,13,4,194,26,8,34,228
10/03/2012,ITO,HI,AWP,WE,Combined TRACON& Tower with Radar,38,14,1,8,61,0,137,13,0,150,38,151,14,8,211,24,6,30,241
10/04/2012,ITO,HI,AWP,WE,Combined TRACON& Tower with Radar,42,14,3,10,69,0,133,5,13,151,42,147,8,23,220,0,38,38,258
10/05/2012,ITO,HI,AWP,WE,Combined TRACON& Tower with Radar,46,18,1,16,81,0,78,7,0,85,46,96,8,16,166,12,24,36,202
10/06/2012,ITO,HI,AWP,WE,Combined TRACON& Tower with Radar,33,16,1,0,50,0,80,9,0,89,33,96,10,0,139,50,0,50,189
10/07/2012,ITO,HI,AWP,WE,Combined TRACON& Tower with Radar,33,10,0,0,43,0,88,13,0,101,33,98,13,0,144,26,0,26,170
10/08/2012,ITO,HI,AWP,WE,Combined TRACON& Tower with Radar,46,21,3,0,70,0,78,10,0,88,46,99,13,0,158,32,0,32,190
10/09/2012,ITO,HI,AWP,WE,Combined TRACON& Tower with Radar,41,16,2,9,68,0,100,5,3,108,41,116,7,12,176,32,12,44,220
10/10/2012,ITO,HI,AWP,WE,Combined TRACON& Tower with Radar,40,14,1,9,64,0,116,13,6,135,40,130,14,15,199,32,48,80,279
10/11/2012,ITO,HI,AWP,WE,Combined TRACON& Tower with Radar,42,19,3,4,68,0,125,4,1,130,42,144,7,5,198,16,18,34,232
10/12/2012,ITO,HI,AWP,WE,Combined TRACON& Tower with Radar,41,11,0,8,60,0,97,18,8,123,41,108,18,16,183,58,26,84,267
10/13/2012,ITO,HI,AWP,WE,Combined TRACON& Tower with Radar,36,10,3,2,51,0,67,19,3,89,36,77,22,5,140,56,8,64,204
10/14/2012,ITO,HI,AWP,WE,Combined TRACON& Tower with Radar,33,11,3,6,53,0,111,6,7,124,33,122,9,13,177,24,12,36,213
10/15/2012,ITO,HI,AWP,WE,Combined TRACON& Tower with Radar,41,16,0,1,58,0,113,1,0,114,41,129,1,1,172,28,0,28,200
10/16/2012,ITO,HI,AWP,WE,Combined TRACON& Tower with Radar,42,17,4,4,67,0,122,6,2,130,42,139,10,6,197,32,14,46,243
10/17/2012,ITO,HI,AWP,WE,Combined TRACON& Tower with Radar,44,12,1,8,65,0,99,13,11,123,44,111,14,19,188,24,58,82,270
10/18/2012,ITO,HI,AWP,WE,Combined TRACON& Tower with Radar,44,15,3,13,75,0,89,12,7,108,44,104,15,20,183,28,42,70,253
10/19/2012,ITO,HI,AWP,WE,Combined TRACON& Tower with Radar,44,17,0,1,62,0,82,9,1,92,44,99,9,2,154,24,0,24,178
10/20/2012,ITO,HI,AWP,WE,Combined TRACON& Tower with Radar,32,16,0,1,49,0,84,4,0,88,32,100,4,1,137,32,0,32,169
10/21/2012,ITO,HI,AWP,WE,Combined TRACON& Tower with Radar,35,11,0,4,50,0,93,11,0,104,35,104,11,4,154,36,4,40,194
10/22/2012,ITO,HI,AWP,WE,Combined TRACON& Tower with Radar,38,13,0,8,59,0,112,7,3,122,38,125,7,11,181,18,10,28,209
10/23/2012,ITO,HI,AWP,WE,Combined TRACON& Tower with Radar,40,15,2,4,61,0,127,14,15,156,40,142,16,19,217,56,90,146,363
10/24/2012,ITO,HI,AWP,WE,Combined TRACON& Tower with Radar,42,20,10,14,86,0,91,16,7,114,42,111,26,21,200,66,17,83,283
10/25/2012,ITO,HI,AWP,WE,Combined TRACON& Tower with Radar,44,29,1,8,82,0,91,15,11,117,44,120,16,19,199,88,42,130,329
10/26/2012,ITO,HI,AWP,WE,Combined TRACON& Tower with Radar,43,16,1,12,72,0,117,14,20,151,43,133,15,32,223,66,60,126,349
10/27/2012,ITO,HI,AWP,WE,Combined TRACON& Tower with Radar,33,10,1,0,44,0,117,9,1,127,33,127,10,1,171,26,0,26,197
10/28/2012,ITO,HI,AWP,WE,Combined TRACON& Tower with Radar,33,16,2,0,51,0,94,5,0,99,33,110,7,0,150,18,0,18,168
10/29/2012,ITO,HI,AWP,WE,Combined TRACON& Tower with Radar,40,12,2,15,69,0,105,15,1,121,40,117,17,16,190,28,56,84,274
10/30/2012,ITO,HI,AWP,WE,Combined TRACON& Tower with Radar,40,16,0,5,61,0,127,9,3,139,40,143,9,8,200,74,18,92,292
10/31/2012,ITO,HI,AWP,WE,Combined TRACON& Tower with Radar,49,14,1,16,80,0,95,7,3,105,49,109,8,19,185,16,2,18,203
11/01/2012,ITO,HI,AWP,WE,Combined TRACON& Tower with Radar,40,18,3,14,75,0,134,25,12,171,40,152,28,26,246,50,38,88,334
11/02/2012,ITO,HI,AWP,WE,Combined TRACON& Tower with Radar,43,16,0,6,65,0,86,15,8,109,43,102,15,14,174,62,8,70,244
11/03/2012,ITO,HI,AWP,WE,Combined TRACON& Tower with Radar,32,12,0,4,48,0,102,13,7,122,32,114,13,11,170,37,22,59,229
11/04/2012,ITO,HI,AWP,WE,Combined TRACON& Tower with Radar,33,15,3,4,55,0,66,7,12,85,33,81,10,16,140,56,14,70,210
11/05/2012,ITO,HI,AWP,WE,Combined TRACON& Tower with Radar,38,18,4,4,64,0,62,13,3,78,38,80,17,7,142,78,0,78,220
11/06/2012,ITO,HI,AWP,WE,Combined TRACON& Tower with Radar,41,17,1,6,65,0,149,14,10,173,41,166,15,16,238,44,32,76,314
11/07/2012,ITO,HI,AWP,WE,Combined TRACON& Tower with Radar,41,21,2,1,65,0,129,18,5,152,41,150,20,6,217,116,6,122,339
11/08/2012,ITO,HI,AWP,WE,Combined TRACON& Tower with Radar,50,30,0,7,87,0,116,15,8,139,50,146,15,15,226,76,24,100,326
11/09/2012,ITO,HI,AWP,WE,Combined TRACON& Tower with Radar,45,14,2,0,61,0,107,9,0,116,45,121,11,0,177,50,0,50,227
11/10/2012,ITO,HI,AWP,WE,Combined TRACON& Tower with Radar,37,19,1,1,58,0,111,9,0,120,37,130,10,1,178,40,0,40,218
11/11/2012,ITO,HI,AWP,WE,Combined TRACON& Tower with Radar,39,5,1,0,45,0,62,10,0,72,39,67,11,0,117,56,0,56,173
11/12/2012,ITO,HI,AWP,WE,Combined TRACON& Tower with Radar,46,13,3,0,62,0,85,14,0,99,46,98,17,0,161,32,0,32,193
11/13/2012,ITO,HI,AWP,WE,Combined TRACON& Tower with Radar,43,12,0,3,58,0,146,14,9,169,43,158,14,12,227,44,36,80,307
11/14/2012,ITO,HI,AWP,WE,Combined TRACON& Tower with Radar,42,18,1,6,67,0,90,16,16,122,42,108,17,22,189,147,84,231,420
11/15/2012,ITO,HI,AWP,WE,Combined TRACON& Tower with Radar,45,22,1,10,78,0,80,18,13,111,45,102,19,23,189,32,58,90,279
11/16/2012,ITO,HI,AWP,WE,Combined TRACON& Tower with Radar,44,18,2,7,71,0,98,8,6,112,44,116,10,13,183,114,0,114,297
11/17/2012,ITO,HI,AWP,WE,Combined TRACON& Tower with Radar,36,16,0,0,52,0,97,21,0,118,36,113,21,0,170,38,0,38,208
11/18/2012,ITO,HI,AWP,WE,Combined TRACON& Tower with Radar,33,12,4,0,49,0,65,9,0,74,33,77,13,0,123,46,0,46,169
11/19/2012,ITO,HI,AWP,WE,Combined TRACON& Tower with Radar,38,15,1,3,57,0,119,7,1,127,38,134,8,4,184,56,0,56,240
11/20/2012,ITO,HI,AWP,WE,Combined TRACON& Tower with Radar,39,27,1,13,80,0,105,6,9,120,39,132,7,22,200,34,56,90,290
11/21/2012,ITO,HI,AWP,WE,Combined TRACON& Tower with Radar,45,19,0,2,66,0,105,10,4,119,45,124,10,6,185,20,24,44,229
11/22/2012,ITO,HI,AWP,WE,Combined TRACON& Tower with Radar,40,16,0,0,56,0,91,5,0,96,40,107,5,0,152,38,0,38,190
11/23/2012,ITO,HI,AWP,WE,Combined TRACON& Tower with Radar,41,10,0,0,51,0,100,8,0,108,41,110,8,0,159,26,0,26,185
11/24/2012,ITO,HI,AWP,WE,Combined TRACON& Tower with Radar,35,11,0,1,47,0,98,12,0,110,35,109,12,1,157,44,0,44,201
11/25/2012,ITO,HI,AWP,WE,Combined TRACON& Tower with Radar,38,14,2,2,56,0,110,9,0,119,38,124,11,2,175,44,2,46,221
11/26/2012,ITO,HI,AWP,WE,Combined TRACON& Tower with Radar,38,22,1,8,69,0,145,24,4,173,38,167,25,12,242,78,12,90,332
11/27/2012,ITO,HI,AWP,WE,Combined TRACON& Tower with Radar,42,14,0,7,63,0,137,13,15,165,42,151,13,22,228,52,14,66,294
11/28/2012,ITO,HI,AWP,WE,Combined TRACON& Tower with Radar,41,19,5,6,71,0,145,10,4,159,41,164,15,10,230,52,32,84,314
11/29/2012,ITO,HI,AWP,WE,Combined TRACON& Tower with Radar,40,15,0,4,59,0,126,9,6,141,40,141,9,10,200,66,54,120,320
11/30/2012,ITO,HI,AWP,WE,Combined TRACON& Tower with Radar,44,17,0,5,66,0,85,5,4,94,44,102,5,9,160,40,4,44,204
12/01/2012,ITO,HI,AWP,WE,Combined TRACON& Tower with Radar,36,27,2,3,68,0,83,7,2,92,36,110,9,5,160,36,0,36,196
12/02/2012,ITO,HI,AWP,WE,Combined TRACON& Tower with Radar,32,9,0,3,44,0,34,2,2,38,32,43,2,5,82,20,0,20,102
12/03/2012,ITO,HI,AWP,WE,Combined TRACON& Tower with Radar,38,21,0,1,60,0,85,3,15,103,38,106,3,16,163,30,0,30,193
12/04/2012,ITO,HI,AWP,WE,Combined TRACON& Tower with Radar,40,10,3,3,56,0,111,39,3,153,40,121,42,6,209,32,10,42,251
12/05/2012,ITO,HI,AWP,WE,Combined TRACON& Tower with Radar,45,16,0,3,64,0,130,16,5,151,45,146,16,8,215,24,2,26,241
12/06/2012,ITO,HI,AWP,WE,Combined TRACON& Tower with Radar,42,14,12,9,77,0,102,17,3,122,42,116,29,12,199,18,12,30,229
12/07/2012,ITO,HI,AWP,WE,Combined TRACON& Tower with Radar,46,18,7,1,72,0,79,13,0,92,46,97,20,1,164,18,0,18,182
12/08/2012,ITO,HI,AWP,WE,Combined TRACON& Tower with Radar,32,17,6,0,55,0,105,23,0,128,32,122,29,0,183,34,0,34,217
12/09/2012,ITO,HI,AWP,WE,Combined TRACON& Tower with Radar,34,16,3,0,53,0,81,7,0,88,34,97,10,0,141,28,0,28,169
12/10/2012,ITO,HI,AWP,WE,Combined TRACON& Tower with Radar,39,16,1,16,72,0,138,6,3,147,39,154,7,19,219,36,14,50,269
12/11/2012,ITO,HI,AWP,WE,Combined TRACON& Tower with Radar,45,19,1,16,81,0,123,4,13,140,45,142,5,29,221,50,24,74,295
12/12/2012,ITO,HI,AWP,WE,Combined TRACON& Tower with Radar,42,19,1,1,63,0,126,3,9,138,42,145,4,10,201,20,46,66,267
12/13/2012,ITO,HI,AWP,WE,Combined TRACON& Tower with Radar,45,17,0,5,67,0,143,7,11,161,45,160,7,16,228,38,76,114,342
12/14/2012,ITO,HI,AWP,WE,Combined TRACON& Tower with Radar,50,11,0,4,65,0,88,9,1,98,50,99,9,5,163,22,0,22,185
12/15/2012,ITO,HI,AWP,WE,Combined TRACON& Tower with Radar,31,16,1,3,51,0,73,5,3,81,31,89,6,6,132,16,4,20,152
12/16/2012,ITO,HI,AWP,WE,Combined TRACON& Tower with Radar,34,9,0,0,43,0,59,4,0,63,34,68,4,0,106,16,0,16,122
12/17/2012,ITO,HI,AWP,WE,Combined TRACON& Tower with Radar,38,19,3,1,61,0,90,12,2,104,38,109,15,3,165,33,16,49,214
12/18/2012,ITO,HI,AWP,WE,Combined TRACON& Tower with Radar,46,18,4,12,80,0,141,15,15,171,46,159,19,27,251,30,58,88,339
12/19/2012,ITO,HI,AWP,WE,Combined TRACON& Tower with Radar,41,18,2,22,83,0,68,7,16,91,41,86,9,38,174,45,30,75,249
12/20/2012,ITO,HI,AWP,WE,Combined TRACON& Tower with Radar,50,17,2,17,86,0,123,2,5,130,50,140,4,22,216,30,14,44,260
12/21/2012,ITO,HI,AWP,WE,Combined TRACON& Tower with Radar,58,17,5,3,83,0,127,7,0,134,58,144,12,3,217,86,34,120,337
12/22/2012,ITO,HI,AWP,WE,Combined TRACON& Tower with Radar,32,25,1,0,58,0,127,8,0,135,32,152,9,0,193,18,0,18,211
12/23/2012,ITO,HI,AWP,WE,Combined TRACON& Tower with Radar,45,12,2,0,59,0,109,10,0,119,45,121,12,0,178,44,0,44,222
12/24/2012,ITO,HI,AWP,WE,Combined TRACON& Tower with Radar,45,19,1,0,65,0,83,0,0,83,45,102,1,0,148,20,0,20,168
12/25/2012,ITO,HI,AWP,WE,Combined TRACON& Tower with Radar,43,16,1,0,60,0,141,4,0,145,43,157,5,0,205,18,0,18,223
12/26/2012,ITO,HI,AWP,WE,Combined TRACON& Tower with Radar,46,18,4,4,72,0,156,10,0,166,46,174,14,4,238,36,0,36,274
12/27/2012,ITO,HI,AWP,WE,Combined TRACON& Tower with Radar,42,19,0,8,69,0,154,8,12,174,42,173,8,20,243,34,30,64,307
12/28/2012,ITO,HI,AWP,WE,Combined TRACON& Tower with Radar,43,12,0,8,63,0,153,14,12,179,43,165,14,20,242,28,18,46,288
12/29/2012,ITO,HI,AWP,WE,Combined TRACON& Tower with Radar,31,14,0,0,45,0,160,14,2,176,31,174,14,2,221,34,0,34,255
12/30/2012,ITO,HI,AWP,WE,Combined TRACON& Tower with Radar,36,13,0,0,49,0,115,0,0,115,36,128,0,0,164,30,0,30,194
12/31/2012,ITO,HI,AWP,WE,Combined TRACON& Tower with Radar,40,11,0,0,51,0,126,0,0,126,40,137,0,0,177,16,0,16,193
01/01/2013,ITO,HI,AWP,WE,Combined TRACON& Tower with Radar,46,13,0,0,59,0,145,10,2,157,46,158,10,2,216,30,0,30,246
01/02/2013,ITO,HI,AWP,WE,Combined TRACON& Tower with Radar,46,19,1,4,70,0,127,10,5,142,46,146,11,9,212,36,48,84,296
01/03/2013,ITO,HI,AWP,WE,Combined TRACON& Tower with Radar,47,17,0,14,78,0,159,9,13,181,47,176,9,27,259,52,20,72,331
01/04/2013,ITO,HI,AWP,WE,Combined TRACON& Tower with Radar,44,17,2,17,80,0,105,7,9,121,44,122,9,26,201,40,6,46,247
01/05/2013,ITO,HI,AWP,WE,Combined TRACON& Tower with Radar,33,15,2,8,58,0,106,17,4,127,33,121,19,12,185,56,2,58,243
01/06/2013,ITO,HI,AWP,WE,Combined TRACON& Tower with Radar,33,11,2,7,53,0,85,4,1,90,33,96,6,8,143,26,0,26,169
01/07/2013,ITO,HI,AWP,WE,Combined TRACON& Tower with Radar,39,9,3,5,56,0,160,17,8,185,39,169,20,13,241,40,0,40,281
01/08/2013,ITO,HI,AWP,WE,Combined TRACON& Tower with Radar,45,24,2,27,98,0,155,6,14,175,45,179,8,41,273,20,48,68,341
01/09/2013,ITO,HI,AWP,WE,Combined TRACON& Tower with Radar,39,13,4,1,57,0,119,4,5,128,39,132,8,6,185,38,54,92,277
01/10/2013,ITO,HI,AWP,WE,Combined TRACON& Tower with Radar,46,20,2,20,88,0,130,19,16,165,46,150,21,36,253,51,82,133,386
01/11/2013,ITO,HI,AWP,WE,Combined TRACON& Tower with Radar,44,11,0,18,73,0,124,12,16,152,44,135,12,34,225,62,26,88,313
01/12/2013,ITO,HI,AWP,WE,Combined TRACON& Tower with Radar,33,13,0,6,52,0,87,6,6,99,33,100,6,12,151,44,4,48,199
01/13/2013,ITO,HI,AWP,WE,Combined TRACON& Tower with Radar,34,13,7,0,54,0,95,10,0,105,34,108,17,0,159,56,0,56,215
01/14/2013,ITO,HI,AWP,WE,Combined TRACON& Tower with Radar,37,7,0,9,53,0,127,15,16,158,37,134,15,25,211,56,8,64,275
01/15/2013,ITO,HI,AWP,WE,Combined TRACON& Tower with Radar,41,17,0,6,64,0,175,3,3,181,41,192,3,9,245,58,2,60,305
01/16/2013,ITO,HI,AWP,WE,Combined TRACON& Tower with Radar,40,16,2,28,86,0,104,14,18,136,40,120,16,46,222,39,26,65,287
01/17/2013,ITO,HI,AWP,WE,Combined TRACON& Tower with Radar,42,21,3,24,90,0,112,12,20,144,42,133,15,44,234,28,34,62,296
01/18/2013,ITO,HI,AWP,WE,Combined TRACON& Tower with Radar,44,14,1,4,63,2,111,19,0,132,46,125,20,4,195,48,0,48,243
01/19/2013,ITO,HI,AWP,WE,Combined TRACON& Tower with Radar,33,10,1,1,45,0,82,15,0,97,33,92,16,1,142,10,0,10,152
01/20/2013,ITO,HI,AWP,WE,Combined TRACON& Tower with Radar,35,11,0,0,46,0,98,2,5,105,35,109,2,5,151,16,0,16,167
01/21/2013,ITO,HI,AWP,WE,Combined TRACON& Tower with Radar,42,9,1,3,55,0,128,6,3,137,42,137,7,6,192,30,0,30,222
01/22/2013,ITO,HI,AWP,WE,Combined TRACON& Tower with Radar,40,13,3,20,76,0,149,14,17,180,40,162,17,37,256,30,44,74,330
01/23/2013,ITO,HI,AWP,WE,Combined TRACON& Tower with Radar,42,16,0,22,80,0,134,8,13,155,42,150,8,35,235,35,24,59,294
01/24/2013,ITO,HI,AWP,WE,Combined TRACON& Tower with Radar,45,11,0,17,73,0,120,8,14,142,45,131,8,31,215,40,64,104,319
01/25/2013,ITO,HI,AWP,WE,Combined TRACON& Tower with Radar,46,10,1,22,79,0,123,16,18,157,46,133,17,40,236,70,62,132,368
01/26/2013,ITO,HI,AWP,WE,Combined TRACON& Tower with Radar,35,14,0,0,49,0,89,7,0,96,35,103,7,0,145,52,0,52,197
01/27/2013,ITO,HI,AWP,WE,Combined TRACON& Tower with Radar,34,6,0,2,42,0,122,1,0,123,34,128,1,2,165,35,0,35,200
01/28/2013,ITO,HI,AWP,WE,Combined TRACON& Tower with Radar,43,18,0,27,88,0,86,10,26,122,43,104,10,53,210,18,68,86,296
01/29/2013,ITO,HI,AWP,WE,Combined TRACON& Tower with Radar,59,16,2,8,85,0,120,9,14,143,59,136,11,22,228,32,88,120,348
01/30/2013,ITO,HI,AWP,WE,Combined TRACON& Tower with Radar,44,9,0,10,63,0,99,3,8,110,44,108,3,18,173,34,42,76,249
01/31/2013,ITO,HI,AWP,WE,Combined TRACON& Tower with Radar,44,18,9,10,81,0,156,18,8,182,44,174,27,18,263,52,26,78,341
02/01/2013,ITO,HI,AWP,WE,Combined TRACON& Tower with Radar,45,11,1,0,57,0,82,8,0,90,45,93,9,0,147,26,0,26,173
02/02/2013,ITO,HI,AWP,WE,Combined TRACON& Tower with Radar,36,9,2,0,47,0,98,14,0,112,36,107,16,0,159,36,0,36,195
02/03/2013,ITO,HI,AWP,WE,Combined TRACON& Tower with Radar,34,10,1,2,47,0,68,8,0,76,34,78,9,2,123,14,0,14,137
02/04/2013,ITO,HI,AWP,WE,Combined TRACON& Tower with Radar,41,15,0,17,73,0,134,9,4,147,41,149,9,21,220,14,26,40,260
02/05/2013,ITO,HI,AWP,WE,Combined TRACON& Tower with Radar,45,13,4,9,71,0,179,6,10,195,45,192,10,19,266,22,76,98,364
02/06/2013,ITO,HI,AWP,WE,Combined TRACON& Tower with Radar,37,18,2,27,84,0,145,13,25,183,37,163,15,52,267,28,76,104,371
02/07/2013,ITO,HI,AWP,WE,Combined TRACON& Tower with Radar,46,13,4,34,97,0,115,15,8,138,46,128,19,42,235,60,116,176,411
02/08/2013,ITO,HI,AWP,WE,Combined TRACON& Tower with Radar,47,7,2,14,70,0,114,18,11,143,47,121,20,25,213,40,42,82,295
02/09/2013,ITO,HI,AWP,WE,Combined TRACON& Tower with Radar,34,10,0,7,51,0,143,8,4,155,34,153,8,11,206,44,4,48,254
02/10/2013,ITO,HI,AWP,WE,Combined TRACON& Tower with Radar,35,4,0,6,45,0,143,8,9,160,35,147,8,15,205,48,0,48,253
02/11/2013,ITO,HI,AWP,WE,Combined TRACON& Tower with Radar,42,8,2,10,62,0,124,12,26,162,42,132,14,36,224,38,96,134,358
02/12/2013,ITO,HI,AWP,WE,Combined TRACON& Tower with Radar,46,11,2,15,74,0,176,17,9,202,46,187,19,24,276,36,98,134,410
02/13/2013,ITO,HI,AWP,WE,Combined TRACON& Tower with Radar,44,15,0,11,70,0,155,10,13,178,44,170,10,24,248,58,44,102,350
02/14/2013,ITO,HI,AWP,WE,Combined TRACON& Tower with Radar,46,24,0,0,70,0,139,11,0,150,46,163,11,0,220,32,0,32,252
02/15/2013,ITO,HI,AWP,WE,Combined TRACON& Tower with Radar,44,20,4,6,74,0,72,4,2,78,44,92,8,8,152,28,0,28,180
02/16/2013,ITO,HI,AWP,WE,Combined TRACON& Tower with Radar,33,14,0,1,48,0,121,30,0,151,33,135,30,1,199,76,0,76,275
02/17/2013,ITO,HI,AWP,WE,Combined TRACON& Tower with Radar,34,8,2,0,44,0,107,2,0,109,34,115,4,0,153,28,0,28,181
02/18/2013,ITO,HI,AWP,WE,Combined TRACON& Tower with Radar,40,11,0,0,51,0,94,0,0,94,40,105,0,0,145,28,0,28,173
02/19/2013,ITO,HI,AWP,WE,Combined TRACON& Tower with Radar,43,17,0,4,64,0,161,16,9,186,43,178,16,13,250,38,120,158,408
02/20/2013,ITO,HI,AWP,WE,Combined TRACON& Tower with Radar,42,17,5,10,74,0,128,13,11,152,42,145,18,21,226,76,118,194,420
02/21/2013,ITO,HI,AWP,WE,Combined TRACON& Tower with Radar,41,11,2,24,78,0,127,10,3,140,41,138,12,27,218,68,22,90,308
02/22/2013,ITO,HI,AWP,WE,Combined TRACON& Tower with Radar,44,11,1,5,61,0,15,4,2,21,44,26,5,7,82,14,4,18,100
02/23/2013,ITO,HI,AWP,WE,Combined TRACON& Tower with Radar,33,14,1,0,48,0,41,2,0,43,33,55,3,0,91,16,0,16,107
02/24/2013,ITO,HI,AWP,WE,Combined TRACON& Tower with Radar,34,4,3,0,41,0,87,11,0,98,34,91,14,0,139,28,0,28,167
02/25/2013,ITO,HI,AWP,WE,Combined TRACON& Tower with Radar,41,15,2,16,74,0,115,8,13,136,41,130,10,29,210,40,42,82,292
02/26/2013,ITO,HI,AWP,WE,Combined TRACON& Tower with Radar,50,10,1,10,71,0,157,9,11,177,50,167,10,21,248,18,60,78,326
02/27/2013,ITO,HI,AWP,WE,Combined TRACON& Tower with Radar,45,16,2,18,81,0,113,11,8,132,45,129,13,26,213,40,72,112,325
02/28/2013,ITO,HI,AWP,WE,Combined TRACON& Tower with Radar,41,10,11,10,72,16,94,19,10,139,57,104,30,20,211,64,54,118,329
03/01/2013,ITO,HI,AWP,WE,Combined TRACON& Tower with Radar,43,17,2,19,81,0,111,8,6,125,43,128,10,25,206,32,26,58,264
03/02/2013,ITO,HI,AWP,WE,Combined TRACON& Tower with Radar,34,16,2,1,53,0,81,6,2,89,34,97,8,3,142,19,28,47,189
03/03/2013,ITO,HI,AWP,WE,Combined TRACON& Tower with Radar,35,7,4,5,51,0,134,13,6,153,35,141,17,11,204,50,0,50,254
03/04/2013,ITO,HI,AWP,WE,Combined TRACON& Tower with Radar,40,8,0,6,54,0,143,16,6,165,40,151,16,12,219,69,37,106,325
03/05/2013,ITO,HI,AWP,WE,Combined TRACON& Tower with Radar,43,19,1,3,66,0,178,9,8,195,43,197,10,11,261,44,58,102,363
03/06/2013,ITO,HI,AWP,WE,Combined TRACON& Tower with Radar,40,21,0,5,66,0,146,3,9,158,40,167,3,14,224,44,40,84,308
03/07/2013,ITO,HI,AWP,WE,Combined TRACON& Tower with Radar,43,14,0,13,70,0,104,7,5,116,43,118,7,18,186,28,42,70,256
03/08/2013,ITO,HI,AWP,WE,Combined TRACON& Tower with Radar,46,17,0,0,63,0,89,18,1,108,46,106,18,1,171,32,0,32,203
03/09/2013,ITO,HI,AWP,WE,Combined TRACON& Tower with Radar,39,21,0,0,60,0,87,9,0,96,39,108,9,0,156,48,0,48,204
03/10/2013,ITO,HI,AWP,WE,Combined TRACON& Tower with Radar,35,15,0,0,50,0,91,7,0,98,35,106,7,0,148,18,0,18,166
03/11/2013,ITO,HI,AWP,WE,Combined TRACON& Tower with Radar,43,27,1,8,79,0,86,6,10,102,43,113,7,18,181,44,8,52,233
03/12/2013,ITO,HI,AWP,WE,Combined TRACON& Tower with Radar,43,22,0,18,83,0,139,11,12,162,43,161,11,30,245,18,42,60,305
03/13/2013,ITO,HI,AWP,WE,Combined TRACON& Tower with Radar,42,20,0,21,83,0,100,17,13,130,42,120,17,34,213,42,10,52,265
03/14/2013,ITO,HI,AWP,WE,Combined TRACON& Tower with Radar,45,13,2,7,67,0,141,14,7,162,45,154,16,14,229,22,60,82,311
03/15/2013,ITO,HI,AWP,WE,Combined TRACON& Tower with Radar,44,10,2,11,67,0,30,15,11,56,44,40,17,22,123,22,0,22,145
03/16/2013,ITO,HI,AWP,WE,Combined TRACON& Tower with Radar,34,18,0,0,52,0,107,4,0,111,34,125,4,0,163,48,0,48,211
03/17/2013,ITO,HI,AWP,WE,Combined TRACON& Tower with Radar,33,9,0,0,42,1,78,4,0,83,34,87,4,0,125,30,0,30,155
03/18/2013,ITO,HI,AWP,WE,Combined TRACON& Tower with Radar,41,17,1,12,71,0,134,8,9,151,41,151,9,21,222,26,64,90,312
03/19/2013,ITO,HI,AWP,WE,Combined TRACON& Tower with Radar,40,22,2,13,77,0,152,7,10,169,40,174,9,23,246,22,80,102,348
03/20/2013,ITO,HI,AWP,WE,Combined TRACON& Tower with Radar,41,15,0,14,70,0,142,17,12,171,41,157,17,26,241,42,92,134,375
03/21/2013,ITO,HI,AWP,WE,Combined TRACON& Tower with Radar,44,12,0,12,68,0,129,8,9,146,44,141,8,21,214,12,56,68,282
03/22/2013,ITO,HI,AWP,WE,Combined TRACON& Tower with Radar,47,13,2,9,71,0,144,8,7,159,47,157,10,16,230,44,20,64,294
03/23/2013,ITO,HI,AWP,WE,Combined TRACON& Tower with Radar,34,13,1,1,49,0,132,3,0,135,34,145,4,1,184,40,0,40,224
03/24/2013,ITO,HI,AWP,WE,Combined TRACON& Tower with Radar,35,8,0,0,43,0,137,16,1,154,35,145,16,1,197,26,0,26,223
03/25/2013,ITO,HI,AWP,WE,Combined TRACON& Tower with Radar,43,18,0,0,61,0,123,9,0,132,43,141,9,0,193,78,0,78,271
03/26/2013,ITO,HI,AWP,WE,Combined TRACON& Tower with Radar,39,16,0,2,57,0,163,8,4,175,39,179,8,6,232,62,0,62,294
03/27/2013,ITO,HI,AWP,WE,Combined TRACON& Tower with Radar,40,21,0,15,76,0,154,10,6,170,40,175,10,21,246,30,42,72,318
03/28/2013,ITO,HI,AWP,WE,Combined TRACON& Tower with Radar,44,16,0,4,64,0,134,9,7,150,44,150,9,11,214,38,32,70,284
03/29/2013,ITO,HI,AWP,WE,Combined TRACON& Tower with Radar,44,19,4,0,67,0,126,16,0,142,44,145,20,0,209,34,0,34,243
03/30/2013,ITO,HI,AWP,WE,Combined TRACON& Tower with Radar,32,14,2,0,48,0,47,6,0,53,32,61,8,0,101,74,0,74,175
03/31/2013,ITO,HI,AWP,WE,Combined TRACON& Tower with Radar,37,12,2,2,53,0,122,8,0,130,37,134,10,2,183,42,2,44,227
04/01/2013,ITO,HI,AWP,WE,Combined TRACON& Tower with Radar,45,13,0,1,59,0,162,15,2,179,45,175,15,3,238,38,2,40,278
04/02/2013,ITO,HI,AWP,WE,Combined TRACON& Tower with Radar,45,16,0,9,70,0,112,5,11,128,45,128,5,20,198,24,54,78,276
04/03/2013,ITO,HI,AWP,WE,Combined TRACON& Tower with Radar,54,15,1,10,80,0,122,7,5,134,54,137,8,15,214,32,38,70,284
04/04/2013,ITO,HI,AWP,WE,Combined TRACON& Tower with Radar,52,17,4,18,91,0,115,10,16,141,52,132,14,34,232,32,104,136,368
04/05/2013,ITO,HI,AWP,WE,Combined TRACON& Tower with Radar,44,13,5,8,70,0,96,9,11,116,44,109,14,19,186,50,18,68,254
04/06/2013,ITO,HI,AWP,WE,Combined TRACON& Tower with Radar,32,16,2,5,55,0,85,7,8,100,32,101,9,13,155,14,8,22,177
04/07/2013,ITO,HI,AWP,WE,Combined TRACON& Tower with Radar,53,20,5,10,88,0,71,15,6,92,53,91,20,16,180,24,10,34,214
04/08/2013,ITO,HI,AWP,WE,Combined TRACON& Tower with Radar,48,14,4,11,77,0,97,16,8,121,48,111,20,19,198,28,38,66,264
04/09/2013,ITO,HI,AWP,WE,Combined TRACON& Tower with Radar,42,19,1,14,76,0,173,13,12,198,42,192,14,26,274,46,55,101,375
04/10/2013,ITO,HI,AWP,WE,Combined TRACON& Tower with Radar,42,14,3,8,67,0,104,11,7,122,42,118,14,15,189,20,26,46,235
04/11/2013,ITO,HI,AWP,WE,Combined TRACON& Tower with Radar,43,11,3,9,66,0,104,13,4,121,43,115,16,13,187,78,8,86,273
04/12/2013,ITO,HI,AWP,WE,Combined TRACON& Tower with Radar,43,16,0,15,74,0,125,10,6,141,43,141,10,21,215,62,32,94,309
04/13/2013,ITO,HI,AWP,WE,Combined TRACON& Tower with Radar,35,16,0,10,61,0,117,3,6,126,35,133,3,16,187,42,8,50,237
04/14/2013,ITO,HI,AWP,WE,Combined TRACON& Tower with Radar,37,8,2,0,47,0,79,19,0,98,37,87,21,0,145,52,0,52,197
04/15/2013,ITO,HI,AWP,WE,Combined TRACON& Tower with Radar,41,17,5,4,67,0,114,10,0,124,41,131,15,4,191,36,0,36,227
04/16/2013,ITO,HI,AWP,WE,Combined TRACON& Tower with Radar,45,15,1,11,72,0,162,14,1,177,45,177,15,12,249,38,20,58,307
04/17/2013,ITO,HI,AWP,WE,Combined TRACON& Tower with Radar,38,22,4,18,82,0,147,14,28,189,38,169,18,46,271,46,22,68,339
04/18/2013,ITO,HI,AWP,WE,Combined TRACON& Tower with Radar,42,15,3,9,69,0,136,12,13,161,42,151,15,22,230,34,36,70,300
04/19/2013,ITO,HI,AWP,WE,Combined TRACON& Tower with Radar,42,18,0,7,67,0,16,1,4,21,42,34,1,11,88,16,2,18,106
04/20/2013,ITO,HI,AWP,WE,Combined TRACON& Tower with Radar,33,9,0,0,42,0,98,8,0,106,33,107,8,0,148,26,0,26,174
04/21/2013,ITO,HI,AWP,WE,Combined TRACON& Tower with Radar,34,25,0,0,59,0,92,5,0,97,34,117,5,0,156,38,0,38,194
04/22/2013,ITO,HI,AWP,WE,Combined TRACON& Tower with Radar,50,22,1,34,107,0,107,12,17,136,50,129,13,51,243,22,32,54,297
04/23/2013,ITO,HI,AWP,WE,Combined TRACON& Tower with Radar,41,21,4,13,79,0,159,8,8,175,41,180,12,21,254,40,14,54,308
04/24/2013,ITO,HI,AWP,WE,Combined TRACON& Tower with Radar,44,15,0,8,67,0,116,16,9,141,44,131,16,17,208,26,24,50,258
04/25/2013,ITO,HI,AWP,WE,Combined TRACON& Tower with Radar,45,11,0,15,71,0,115,5,10,130,45,126,5,25,201,30,24,54,255
04/26/2013,ITO,HI,AWP,WE,Combined TRACON& Tower with Radar,45,12,4,0,61,0,96,13,0,109,45,108,17,0,170,35,0,35,205
04/27/2013,ITO,HI,AWP,WE,Combined TRACON& Tower with Radar,32,12,2,0,46,0,122,22,0,144,32,134,24,0,190,36,0,36,226
04/28/2013,ITO,HI,AWP,WE,Combined TRACON& Tower with Radar,35,18,0,0,53,0,115,24,3,142,35,133,24,3,195,30,2,32,227
04/29/2013,ITO,HI,AWP,WE,Combined TRACON& Tower with Radar,42,15,4,18,79,0,153,3,8,164,42,168,7,26,243,34,2,36,279
04/30/2013,ITO,HI,AWP,WE,Combined TRACON& Tower with Radar,41,18,6,23,88,0,170,22,13,205,41,188,28,36,293,36,30,66,359
05/01/2013,ITO,HI,AWP,WE,Combined TRACON& Tower with Radar,43,15,4,12,74,0,135,11,7,153,43,150,15,19,227,46,2,48,275
05/02/2013,ITO,HI,AWP,WE,Combined TRACON& Tower with Radar,49,15,1,10,75,0,130,16,11,157,49,145,17,21,232,42,16,58,290
05/03/2013,ITO,HI,AWP,WE,Combined TRACON& Tower with Radar,39,20,0,10,69,0,115,22,9,146,39,135,22,19,215,24,30,54,269
05/04/2013,ITO,HI,AWP,WE,Combined TRACON& Tower with Radar,35,12,0,4,51,0,82,8,3,93,35,94,8,7,144,62,0,62,206
05/05/2013,ITO,HI,AWP,WE,Combined TRACON& Tower with Radar,35,14,6,13,68,0,90,7,11,108,35,104,13,24,176,21,34,55,231
05/06/2013,ITO,HI,AWP,WE,Combined TRACON& Tower with Radar,43,17,0,7,67,0,70,5,10,85,43,87,5,17,152,32,14,46,198
05/07/2013,ITO,HI,AWP,WE,Combined TRACON& Tower with Radar,46,17,5,9,77,0,130,3,6,139,46,147,8,15,216,28,0,28,244
05/08/2013,ITO,HI,AWP,WE,Combined TRACON& Tower with Radar,40,25,2,30,97,0,89,7,6,102,40,114,9,36,199,14,22,36,235
05/09/2013,ITO,HI,AWP,WE,Combined TRACON& Tower with Radar,42,14,4,29,89,0,88,13,26,127,42,102,17,55,216,34,50,84,300
05/10/2013,ITO,HI,AWP,WE,Combined TRACON& Tower with Radar,41,20,4,3,68,0,87,10,0,97,41,107,14,3,165,26,0,26,191
05/11/2013,ITO,HI,AWP,WE,Combined TRACON& Tower with Radar,37,22,1,0,60,0,119,22,0,141,37,141,23,0,201,34,0,34,235
05/12/2013,ITO,HI,AWP,WE,Combined TRACON& Tower with Radar,34,15,0,0,49,0,76,2,2,80,34,91,2,2,129,16,0,16,145
05/13/2013,ITO,HI,AWP,WE,Combined TRACON& Tower with Radar,41,17,0,14,72,0,99,5,0,104,41,116,5,14,176,32,8,40,216
05/14/2013,ITO,HI,AWP,WE,Combined TRACON& Tower with Radar,42,13,3,9,67,0,158,29,9,196,42,171,32,18,263,54,42,96,359
05/15/2013,ITO,HI,AWP,WE,Combined TRACON& Tower with Radar,41,13,0,7,61,0,113,8,17,138,41,126,8,24,199,28,40,68,267
05/16/2013,ITO,HI,AWP,WE,Combined TRACON& Tower with Radar,42,28,3,4,77,0,99,12,6,117,42,127,15,10,194,68,20,88,282
05/17/2013,ITO,HI,AWP,WE,Combined TRACON& Tower with Radar,46,10,2,7,65,0,106,14,3,123,46,116,16,10,188,88,2,90,278
05/18/2013,ITO,HI,AWP,WE,Combined TRACON& Tower with Radar,34,14,2,2,52,0,76,2,0,78,34,90,4,2,130,18,6,24,154
05/19/2013,ITO,HI,AWP,WE,Combined TRACON& Tower with Radar,33,19,3,0,55,0,85,5,1,91,33,104,8,1,146,16,0,16,162
05/20/2013,ITO,HI,AWP,WE,Combined TRACON& Tower with Radar,44,13,1,6,64,0,83,4,6,93,44,96,5,12,157,34,6,40,197
05/21/2013,ITO,HI,AWP,WE,Combined TRACON& Tower with Radar,42,16,0,8,66,0,146,7,3,156,42,162,7,11,222,26,40,66,288
05/22/2013,ITO,HI,AWP,WE,Combined TRACON& Tower with Radar,40,21,0,19,80,0,103,5,15,123,40,124,5,34,203,30,30,60,263
05/23/2013,ITO,HI,AWP,WE,Combined TRACON& Tower with Radar,46,19,2,3,70,0,126,11,6,143,46,145,13,9,213,18,36,54,267
05/24/2013,ITO,HI,AWP,WE,Combined TRACON& Tower with Radar,43,14,0,1,58,0,106,8,0,114,43,120,8,1,172,54,0,54,226
05/25/2013,ITO,HI,AWP,WE,Combined TRACON& Tower with Radar,34,12,0,0,46,0,74,4,0,78,34,86,4,0,124,20,0,20,144
05/26/2013,ITO,HI,AWP,WE,Combined TRACON& Tower with Radar,35,9,1,0,45,0,84,2,0,86,35,93,3,0,131,30,0,30,161
05/27/2013,ITO,HI,AWP,WE,Combined TRACON& Tower with Radar,38,6,3,0,47,0,118,6,0,124,38,124,9,0,171,29,0,29,200
05/28/2013,ITO,HI,AWP,WE,Combined TRACON& Tower with Radar,40,12,7,8,67,0,149,19,8,176,40,161,26,16,243,52,6,58,301
05/29/2013,ITO,HI,AWP,WE,Combined TRACON& Tower with Radar,45,18,3,9,75,0,94,18,2,114,45,112,21,11,189,20,16,36,225
05/30/2013,ITO,HI,AWP,WE,Combined TRACON& Tower with Radar,42,10,0,11,63,0,100,17,5,122,42,110,17,16,185,22,12,34,219
05/31/2013,ITO,HI,AWP,WE,Combined TRACON& Tower with Radar,42,16,1,1,60,0,104,21,0,125,42,120,22,1,185,38,0,38,223
06/01/2013,ITO,HI,AWP,WE,Combined TRACON& Tower with Radar,33,11,2,3,49,0,58,12,0,70,33,69,14,3,119,32,0,32,151
06/02/2013,ITO,HI,AWP,WE,Combined TRACON& Tower with Radar,33,9,5,10,57,0,43,11,8,62,33,52,16,18,119,22,4,26,145
06/03/2013,ITO,HI,AWP,WE,Combined TRACON& Tower with Radar,38,14,2,9,63,0,113,8,5,126,38,127,10,14,189,18,0,18,207
06/04/2013,ITO,HI,AWP,WE,Combined TRACON& Tower with Radar,47,12,0,0,59,0,157,7,0,164,47,169,7,0,223,52,0,52,275
06/05/2013,ITO,HI,AWP,WE,Combined TRACON& Tower with Radar,41,15,2,18,76,1,106,8,21,136,42,121,10,39,212,24,54,78,290
06/06/2013,ITO,HI,AWP,WE,Combined TRACON& Tower with Radar,41,14,5,10,70,0,115,6,4,125,41,129,11,14,195,50,12,62,257
06/07/2013,ITO,HI,AWP,WE,Combined TRACON& Tower with Radar,44,14,3,7,68,0,94,8,12,114,44,108,11,19,182,32,6,38,220
06/08/2013,ITO,HI,AWP,WE,Combined TRACON& Tower with Radar,36,17,1,7,61,0,93,13,9,115,36,110,14,16,176,20,20,40,216
06/09/2013,ITO,HI,AWP,WE,Combined TRACON& Tower with Radar,34,9,1,2,46,0,82,13,9,104,34,91,14,11,150,24,2,26,176
06/10/2013,ITO,HI,AWP,WE,Combined TRACON& Tower with Radar,40,17,3,7,67,0,90,6,3,99,40,107,9,10,166,22,0,22,188
06/11/2013,ITO,HI,AWP,WE,Combined TRACON& Tower with Radar,42,15,3,20,80,0,165,12,15,192,42,180,15,35,272,36,44,80,352
06/12/2013,ITO,HI,AWP,WE,Combined TRACON& Tower with Radar,39,12,2,10,63,0,113,7,6,126,39,125,9,16,189,18,0,18,207
06/13/2013,ITO,HI,AWP,WE,Combined TRACON& Tower with Radar,43,20,4,7,74,0,119,12,7,138,43,139,16,14,212,20,52,72,284
06/14/2013,ITO,HI,AWP,WE,Combined TRACON& Tower with Radar,45,10,0,4,59,0,90,8,4,102,45,100,8,8,161,52,0,52,213
06/15/2013,ITO,HI,AWP,WE,Combined TRACON& Tower with Radar,35,13,4,0,52,0,98,15,0,113,35,111,19,0,165,32,0,32,197
06/16/2013,ITO,HI,AWP,WE,Combined TRACON& Tower with Radar,34,10,1,20,65,0,115,12,9,136,34,125,13,29,201,28,86,114,315
06/17/2013,ITO,HI,AWP,WE,Combined TRACON& Tower with Radar,40,24,0,9,73,0,113,10,20,143,40,137,10,29,216,36,88,124,340
06/18/2013,ITO,HI,AWP,WE,Combined TRACON& Tower with Radar,42,11,1,18,72,0,139,13,7,159,42,150,14,25,231,24,138,162,393
06/19/2013,ITO,HI,AWP,WE,Combined TRACON& Tower with Radar,40,17,2,24,83,0,117,5,44,166,40,134,7,68,249,22,146,168,417
06/20/2013,ITO,HI,AWP,WE,Combined TRACON& Tower with Radar,56,15,0,28,99,0,115,4,23,142,56,130,4,51,241,22,52,74,315
06/21/2013,ITO,HI,AWP,WE,Combined TRACON& Tower with Radar,46,11,7,5,69,0,124,12,11,147,46,135,19,16,216,48,0,48,264
06/22/2013,ITO,HI,AWP,WE,Combined TRACON& Tower with Radar,34,19,2,0,55,0,125,10,11,146,34,144,12,11,201,44,0,44,245
06/23/2013,ITO,HI,AWP,WE,Combined TRACON& Tower with Radar,32,13,4,2,51,0,79,12,2,93,32,92,16,4,144,38,0,38,182
06/24/2013,ITO,HI,AWP,WE,Combined TRACON& Tower with Radar,42,12,1,4,59,0,109,14,2,125,42,121,15,6,184,16,14,30,214
06/25/2013,ITO,HI,AWP,WE,Combined TRACON& Tower with Radar,48,18,1,15,82,0,177,22,6,205,48,195,23,21,287,50,66,116,403
06/26/2013,ITO,HI,AWP,WE,Combined TRACON& Tower with Radar,39,13,2,18,72,0,132,9,1,142,39,145,11,19,214,28,4,32,246
06/27/2013,ITO,HI,AWP,WE,Combined TRACON& Tower with Radar,50,13,0,36,99,0,113,15,20,148,50,126,15,56,247,38,88,126,373
06/28/2013,ITO,HI,AWP,WE,Combined TRACON& Tower with Radar,47,12,1,5,65,0,127,15,1,143,47,139,16,6,208,26,20,46,254
06/29/2013,ITO,HI,AWP,WE,Combined TRACON& Tower with Radar,34,9,0,0,43,0,123,8,0,131,34,132,8,0,174,34,0,34,208
06/30/2013,ITO,HI,AWP,WE,Combined TRACON& Tower with Radar,34,11,0,4,49,0,114,15,4,133,34,125,15,8,182,32,6,38,220
07/01/2013,ITO,HI,AWP,WE,Combined TRACON& Tower with Radar,46,13,2,10,71,0,153,8,6,167,46,166,10,16,238,26,4,30,268
07/02/2013,ITO,HI,AWP,WE,Combined TRACON& Tower with Radar,45,15,3,11,74,0,180,24,14,218,45,195,27,25,292,98,30,128,420
07/03/2013,ITO,HI,AWP,WE,Combined TRACON& Tower with Radar,46,16,6,17,85,0,129,8,7,144,46,145,14,24,229,66,0,66,295
07/04/2013,ITO,HI,AWP,WE,Combined TRACON& Tower with Radar,41,16,2,0,59,0,131,13,2,146,41,147,15,2,205,24,0,24,229
07/05/2013,ITO,HI,AWP,WE,Combined TRACON& Tower with Radar,47,9,2,0,58,0,123,10,1,134,47,132,12,1,192,16,2,18,210
07/06/2013,ITO,HI,AWP,WE,Combined TRACON& Tower with Radar,34,15,0,0,49,0,124,0,0,124,34,139,0,0,173,24,0,24,197
07/07/2013,ITO,HI,AWP,WE,Combined TRACON& Tower with Radar,37,11,6,0,54,0,99,10,0,109,37,110,16,0,163,22,0,22,185
07/08/2013,ITO,HI,AWP,WE,Combined TRACON& Tower with Radar,40,16,1,14,71,0,119,12,6,137,40,135,13,20,208,80,24,104,312
07/09/2013,ITO,HI,AWP,WE,Combined TRACON& Tower with Radar,43,14,3,13,73,0,157,9,10,176,43,171,12,23,249,40,18,58,307
07/10/2013,ITO,HI,AWP,WE,Combined TRACON& Tower with Radar,40,19,3,15,77,0,131,7,24,162,40,150,10,39,239,20,43,63,302
07/11/2013,ITO,HI,AWP,WE,Combined TRACON& Tower with Radar,49,16,1,16,82,0,144,10,20,174,49,160,11,36,256,38,106,144,400
07/12/2013,ITO,HI,AWP,WE,Combined TRACON& Tower with Radar,45,14,2,16,77,0,140,9,10,159,45,154,11,26,236,38,24,62,298
07/13/2013,ITO,HI,AWP,WE,Combined TRACON& Tower with Radar,36,11,0,3,50,0,107,3,6,116,36,118,3,9,166,24,0,24,190
07/14/2013,ITO,HI,AWP,WE,Combined TRACON& Tower with Radar,33,7,1,2,43,0,108,20,7,135,33,115,21,9,178,64,8,72,250
07/15/2013,ITO,HI,AWP,WE,Combined TRACON& Tower with Radar,35,18,2,18,73,0,136,6,10,152,35,154,8,28,225,66,10,76,301
07/16/2013,ITO,HI,AWP,WE,Combined TRACON& Tower with Radar,49,14,2,15,80,0,165,15,18,198,49,179,17,33,278,30,48,78,356
07/17/2013,ITO,HI,AWP,WE,Combined TRACON& Tower with Radar,43,10,5,16,74,0,161,12,11,184,43,171,17,27,258,36,36,72,330
07/18/2013,ITO,HI,AWP,WE,Combined TRACON& Tower with Radar,50,17,3,13,83,0,126,2,2,130,50,143,5,15,213,48,4,52,265
07/19/2013,ITO,HI,AWP,WE,Combined TRACON& Tower with Radar,47,18,1,5,71,0,133,8,5,146,47,151,9,10,217,44,0,44,261
07/20/2013,ITO,HI,AWP,WE,Combined TRACON& Tower with Radar,36,12,0,0,48,0,122,9,1,132,36,134,9,1,180,28,0,28,208
07/21/2013,ITO,HI,AWP,WE,Combined TRACON& Tower with Radar,34,8,4,0,46,0,65,7,0,72,34,73,11,0,118,38,0,38,156
07/22/2013,ITO,HI,AWP,WE,Combined TRACON& Tower with Radar,41,15,2,11,69,0,114,4,8,126,41,129,6,19,195,24,24,48,243
07/23/2013,ITO,HI,AWP,WE,Combined TRACON& Tower with Radar,41,17,3,24,85,0,207,7,5,219,41,224,10,29,304,38,80,118,422
07/24/2013,ITO,HI,AWP,WE,Combined TRACON& Tower with Radar,41,19,4,26,90,0,147,4,7,158,41,166,8,33,248,38,28,66,314
07/25/2013,ITO,HI,AWP,WE,Combined TRACON& Tower with Radar,45,21,1,18,85,0,142,8,12,162,45,163,9,30,247,62,68,130,377
07/26/2013,ITO,HI,AWP,WE,Combined TRACON& Tower with Radar,44,16,1,9,70,0,140,4,4,148,44,156,5,13,218,30,12,42,260
07/27/2013,ITO,HI,AWP,WE,Combined TRACON& Tower with Radar,33,12,3,0,48,0,140,12,1,153,33,152,15,1,201,32,0,32,233
07/28/2013,ITO,HI,AWP,WE,Combined TRACON& Tower with Radar,36,15,3,0,54,0,137,11,0,148,36,152,14,0,202,44,0,44,246
07/29/2013,ITO,HI,AWP,WE,Combined TRACON& Tower with Radar,44,11,2,0,57,0,5,3,0,8,44,16,5,0,65,8,0,8,73
07/30/2013,ITO,HI,AWP,WE,Combined TRACON& Tower with Radar,41,23,5,1,70,0,169,8,0,177,41,192,13,1,247,40,0,40,287
07/31/2013,ITO,HI,AWP,WE,Combined TRACON& Tower with Radar,40,14,1,10,65,0,117,14,4,135,40,131,15,14,200,30,40,70,270
08/01/2013,ITO,HI,AWP,WE,Combined TRACON& Tower with Radar,42,10,0,8,60,0,147,6,4,157,42,157,6,12,217,28,34,62,279
08/02/2013,ITO,HI,AWP,WE,Combined TRACON& Tower with Radar,47,20,3,11,81,0,143,12,6,161,47,163,15,17,242,24,38,62,304
08/03/2013,ITO,HI,AWP,WE,Combined TRACON& Tower with Radar,34,8,1,4,47,0,116,7,15,138,34,124,8,19,185,36,0,36,221
08/04/2013,ITO,HI,AWP,WE,Combined TRACON& Tower with Radar,34,24,1,4,63,0,81,5,1,87,34,105,6,5,150,18,2,20,170
08/05/2013,ITO,HI,AWP,WE,Combined TRACON& Tower with Radar,45,12,5,18,80,0,112,8,5,125,45,124,13,23,205,61,58,119,324
08/06/2013,ITO,HI,AWP,WE,Combined TRACON& Tower with Radar,44,24,3,12,83,0,205,9,12,226,44,229,12,24,309,28,116,144,453
08/07/2013,ITO,HI,AWP,WE,Combined TRACON& Tower with Radar,41,20,2,17,80,0,200,11,21,232,41,220,13,38,312,27,114,141,453
08/08/2013,ITO,HI,AWP,WE,Combined TRACON& Tower with Radar,44,15,1,16,76,0,156,9,9,174,44,171,10,25,250,60,98,158,408
08/09/2013,ITO,HI,AWP,WE,Combined TRACON& Tower with Radar,47,25,2,17,91,0,85,5,4,94,47,110,7,21,185,28,36,64,249
08/10/2013,ITO,HI,AWP,WE,Combined TRACON& Tower with Radar,36,15,1,3,55,0,56,1,1,58,36,71,2,4,113,26,0,26,139
08/11/2013,ITO,HI,AWP,WE,Combined TRACON& Tower with Radar,35,7,2,2,46,0,140,8,1,149,35,147,10,3,195,30,0,30,225
08/12/2013,ITO,HI,AWP,WE,Combined TRACON& Tower with Radar,42,12,3,12,69,0,127,21,18,166,42,139,24,30,235,44,26,70,305
08/13/2013,ITO,HI,AWP,WE,Combined TRACON& Tower with Radar,50,21,2,14,87,0,195,16,11,222,50,216,18,25,309,32,52,84,393
08/14/2013,ITO,HI,AWP,WE,Combined TRACON& Tower with Radar,41,19,2,18,80,0,156,8,24,188,41,175,10,42,268,28,104,132,400
08/15/2013,ITO,HI,AWP,WE,Combined TRACON& Tower with Radar,46,12,5,19,82,0,181,8,19,208,46,193,13,38,290,74,108,182,472
08/16/2013,ITO,HI,AWP,WE,Combined TRACON& Tower with Radar,48,18,6,8,80,0,123,4,8,135,48,141,10,16,215,36,2,38,253
08/17/2013,ITO,HI,AWP,WE,Combined TRACON& Tower with Radar,36,13,1,0,50,0,109,10,0,119,36,122,11,0,169,18,0,18,187
08/18/2013,ITO,HI,AWP,WE,Combined TRACON& Tower with Radar,33,14,0,0,47,0,81,16,0,97,33,95,16,0,144,14,0,14,158
08/19/2013,ITO,HI,AWP,WE,Combined TRACON& Tower with Radar,39,15,2,12,68,0,120,11,6,137,39,135,13,18,205,50,34,84,289
08/20/2013,ITO,HI,AWP,WE,Combined TRACON& Tower with Radar,41,19,0,10,70,0,192,4,8,204,41,211,4,18,274,22,60,82,356
08/21/2013,ITO,HI,AWP,WE,Combined TRACON& Tower with Radar,38,16,1,24,79,0,129,9,18,156,38,145,10,42,235,30,70,100,335
08/22/2013,ITO,HI,AWP,WE,Combined TRACON& Tower with Radar,45,15,4,7,71,0,123,11,9,143,45,138,15,16,214,28,38,66,280
08/23/2013,ITO,HI,AWP,WE,Combined TRACON& Tower with Radar,43,24,0,13,80,0,110,15,10,135,43,134,15,23,215,32,30,62,277
08/24/2013,ITO,HI,AWP,WE,Combined TRACON& Tower with Radar,35,12,1,0,48,0,77,9,0,86,35,89,10,0,134,36,0,36,170
08/25/2013,ITO,HI,AWP,WE,Combined TRACON& Tower with Radar,33,7,4,0,44,0,88,1,1,90,33,95,5,1,134,26,0,26,160
08/26/2013,ITO,HI,AWP,WE,Combined TRACON& Tower with Radar,40,10,0,15,65,0,109,9,13,131,40,119,9,28,196,18,54,72,268
08/27/2013,ITO,HI,AWP,WE,Combined TRACON& Tower with Radar,44,22,2,16,84,0,156,9,8,173,44,178,11,24,257,56,54,110,367
08/28/2013,ITO,HI,AWP,WE,Combined TRACON& Tower with Radar,45,30,3,5,83,0,105,12,10,127,45,135,15,15,210,26,48,74,284
08/29/2013,ITO,HI,AWP,WE,Combined TRACON& Tower with Radar,51,17,3,2,73,0,112,12,2,126,51,129,15,4,199,36,2,38,237
08/30/2013,ITO,HI,AWP,WE,Combined TRACON& Tower with Radar,47,15,3,2,67,0,88,6,2,96,47,103,9,4,163,30,2,32,195
08/31/2013,ITO,HI,AWP,WE,Combined TRACON& Tower with Radar,37,14,4,0,55,0,69,9,0,78,37,83,13,0,133,18,0,18,151
09/01/2013,ITO,HI,AWP,WE,Combined TRACON& Tower with Radar,33,16,1,0,50,0,77,11,0,88,33,93,12,0,138,38,0,38,176
09/02/2013,ITO,HI,AWP,WE,Combined TRACON& Tower with Radar,38,12,2,0,52,2,81,11,0,94,40,93,13,0,146,47,0,47,193
09/03/2013,ITO,HI,AWP,WE,Combined TRACON& Tower with Radar,41,16,1,12,70,0,136,12,13,161,41,152,13,25,231,14,42,56,287
09/04/2013,ITO,HI,AWP,WE,Combined TRACON& Tower with Radar,43,20,1,10,74,0,96,16,23,135,43,116,17,33,209,40,64,104,313
09/05/2013,ITO,HI,AWP,WE,Combined TRACON& Tower with Radar,46,18,3,2,69,0,83,9,1,93,46,101,12,3,162,12,32,44,206
09/06/2013,ITO,HI,AWP,WE,Combined TRACON& Tower with Radar,44,18,1,5,68,0,71,17,0,88,44,89,18,5,156,20,0,20,176
09/07/2013,ITO,HI,AWP,WE,Combined TRACON& Tower with Radar,39,12,1,2,54,0,68,6,1,75,39,80,7,3,129,14,0,14,143
09/08/2013,ITO,HI,AWP,WE,Combined TRACON& Tower with Radar,31,10,3,0,44,0,68,6,2,76,31,78,9,2,120,29,0,29,149
09/09/2013,ITO,HI,AWP,WE,Combined TRACON& Tower with Radar,46,13,1,15,75,0,87,12,11,110,46,100,13,26,185,24,18,42,227
09/10/2013,ITO,HI,AWP,WE,Combined TRACON& Tower with Radar,42,13,2,21,78,0,149,10,5,164,42,162,12,26,242,30,20,50,292
09/11/2013,ITO,HI,AWP,WE,Combined TRACON& Tower with Radar,40,16,3,12,71,0,111,7,17,135,40,127,10,29,206,14,10,24,230
09/12/2013,ITO,HI,AWP,WE,Combined TRACON& Tower with Radar,45,18,4,7,74,0,108,14,4,126,45,126,18,11,200,14,16,30,230
09/13/2013,ITO,HI,AWP,WE,Combined TRACON& Tower with Radar,45,11,4,0,60,0,101,15,1,117,45,112,19,1,177,44,0,44,221
09/14/2013,ITO,HI,AWP,WE,Combined TRACON& Tower with Radar,33,13,2,1,49,0,87,6,1,94,33,100,8,2,143,16,0,16,159
09/15/2013,ITO,HI,AWP,WE,Combined TRACON& Tower with Radar,32,6,0,1,39,0,60,5,1,66,32,66,5,2,105,24,0,24,129
09/16/2013,ITO,HI,AWP,WE,Combined TRACON& Tower with Radar,42,16,0,9,67,0,107,6,9,122,42,123,6,18,189,16,16,32,221
09/17/2013,ITO,HI,AWP,WE,Combined TRACON& Tower with Radar,42,10,13,3,68,0,147,8,12,167,42,157,21,15,235,26,22,48,283
09/18/2013,ITO,HI,AWP,WE,Combined TRACON& Tower with Radar,40,10,5,17,72,0,154,11,11,176,40,164,16,28,248,40,30,70,318
09/19/2013,ITO,HI,AWP,WE,Combined TRACON& Tower with Radar,44,10,9,13,76,0,99,5,6,110,44,109,14,19,186,24,14,38,224
09/20/2013,ITO,HI,AWP,WE,Combined TRACON& Tower with Radar,45,11,3,30,89,0,119,23,25,167,45,130,26,55,256,74,74,148,404
09/21/2013,ITO,HI,AWP,WE,Combined TRACON& Tower with Radar,34,18,4,9,65,0,75,13,18,106,34,93,17,27,171,12,12,24,195
09/22/2013,ITO,HI,AWP,WE,Combined TRACON& Tower with Radar,32,20,4,0,56,0,87,29,1,117,32,107,33,1,173,42,0,42,215
09/23/2013,ITO,HI,AWP,WE,Combined TRACON& Tower with Radar,43,8,0,4,55,0,71,11,0,82,43,79,11,4,137,22,0,22,159
09/24/2013,ITO,HI,AWP,WE,Combined TRACON& Tower with Radar,44,12,1,5,62,0,165,4,9,178,44,177,5,14,240,55,38,93,333
09/25/2013,ITO,HI,AWP,WE,Combined TRACON& Tower with Radar,41,12,1,5,59,0,112,15,1,128,41,124,16,6,187,32,0,32,219
09/26/2013,ITO,HI,AWP,WE,Combined TRACON& Tower with Radar,47,11,0,6,64,0,103,10,17,130,47,114,10,23,194,26,90,116,310
09/27/2013,ITO,HI,AWP,WE,Combined TRACON& Tower with Radar,45,15,1,1,62,0,131,10,1,142,45,146,11,2,204,44,1,45,249
09/28/2013,ITO,HI,AWP,WE,Combined TRACON& Tower with Radar,34,7,2,2,45,0,89,4,1,94,34,96,6,3,139,22,0,22,161
09/29/2013,ITO,HI,AWP,WE,Combined TRACON& Tower with Radar,32,10,1,1,44,0,93,3,1,97,32,103,4,2,141,32,0,32,173
09/30/2013,ITO,HI,AWP,WE,Combined TRACON& Tower with Radar,44,7,0,5,56,0,76,9,1,86,44,83,9,6,142,58,12,70,212
10/01/2013,ITO,HI,AWP,WE,Combined TRACON& Tower with Radar,43,11,4,11,69,0,127,14,2,143,43,138,18,13,212,34,30,64,276
10/02/2013,ITO,HI,AWP,WE,Combined TRACON& Tower with Radar,39,15,1,2,57,0,120,10,0,130,39,135,11,2,187,56,38,94,281
10/03/2013,ITO,HI,AWP,WE,Combined TRACON& Tower with Radar,44,21,3,1,69,0,128,19,0,147,44,149,22,1,216,44,0,44,260
10/04/2013,ITO,HI,AWP,WE,Combined TRACON& Tower with Radar,44,17,4,9,74,0,151,12,0,163,44,168,16,9,237,24,0,24,261
10/05/2013,ITO,HI,AWP,WE,Combined TRACON& Tower with Radar,35,15,2,0,52,0,86,11,0,97,35,101,13,0,149,30,0,30,179
10/06/2013,ITO,HI,AWP,WE,Combined TRACON& Tower with Radar,32,8,0,0,40,0,105,9,0,114,32,113,9,0,154,20,0,20,174
10/07/2013,ITO,HI,AWP,WE,Combined TRACON& Tower with Radar,39,12,1,14,66,0,99,10,6,115,39,111,11,20,181,32,16,48,229
10/08/2013,ITO,HI,AWP,WE,Combined TRACON& Tower with Radar,44,21,7,0,72,0,114,9,0,123,44,135,16,0,195,44,4,48,243
10/09/2013,ITO,HI,AWP,WE,Combined TRACON& Tower with Radar,41,7,2,6,56,0,144,12,4,160,41,151,14,10,216,32,4,36,252
10/10/2013,ITO,HI,AWP,WE,Combined TRACON& Tower with Radar,43,13,2,1,59,0,160,13,0,173,43,173,15,1,232,18,0,18,250
10/11/2013,ITO,HI,AWP,WE,Combined TRACON& Tower with Radar,44,14,1,13,72,0,168,8,6,182,44,182,9,19,254,40,44,84,338
10/12/2013,ITO,HI,AWP,WE,Combined TRACON& Tower with Radar,32,16,3,0,51,0,132,6,0,138,32,148,9,0,189,36,0,36,225
10/13/2013,ITO,HI,AWP,WE,Combined TRACON& Tower with Radar,34,17,2,4,57,0,115,6,4,125,34,132,8,8,182,16,0,16,198
10/14/2013,ITO,HI,AWP,WE,Combined TRACON& Tower with Radar,41,8,0,0,49,0,147,9,0,156,41,155,9,0,205,21,0,21,226
10/15/2013,ITO,HI,AWP,WE,Combined TRACON& Tower with Radar,44,10,6,16,76,0,217,10,8,235,44,227,16,24,311,16,56,72,383
10/16/2013,ITO,HI,AWP,WE,Combined TRACON& Tower with Radar,45,3,4,7,59,0,151,8,7,166,45,154,12,14,225,32,24,56,281
10/17/2013,ITO,HI,AWP,WE,Combined TRACON& Tower with Radar,48,7,3,9,67,0,162,18,4,184,48,169,21,13,251,50,58,108,359
10/18/2013,ITO,HI,AWP,WE,Combined TRACON& Tower with Radar,45,10,1,4,60,0,137,8,3,148,45,147,9,7,208,100,2,102,310
10/19/2013,ITO,HI,AWP,WE,Combined TRACON& Tower with Radar,36,11,3,0,50,0,85,22,0,107,36,96,25,0,157,60,0,60,217
10/20/2013,ITO,HI,AWP,WE,Combined TRACON& Tower with Radar,33,8,5,0,46,0,69,7,0,76,33,77,12,0,122,42,0,42,164
10/21/2013,ITO,HI,AWP,WE,Combined TRACON& Tower with Radar,43,18,1,6,68,0,98,18,9,125,43,116,19,15,193,70,100,170,363
10/22/2013,ITO,HI,AWP,WE,Combined TRACON& Tower with Radar,45,19,7,5,76,0,146,9,4,159,45,165,16,9,235,72,22,94,329
10/23/2013,ITO,HI,AWP,WE,Combined TRACON& Tower with Radar,41,12,2,21,76,0,112,11,8,131,41,124,13,29,207,54,40,94,301
10/24/2013,ITO,HI,AWP,WE,Combined TRACON& Tower with Radar,44,16,2,5,67,0,127,9,4,140,44,143,11,9,207,38,72,110,317
10/25/2013,ITO,HI,AWP,WE,Combined TRACON& Tower with Radar,47,10,4,21,82,0,73,22,6,101,47,83,26,27,183,78,97,175,358
10/26/2013,ITO,HI,AWP,WE,Combined TRACON& Tower with Radar,33,8,0,1,42,0,75,9,2,86,33,83,9,3,128,30,0,30,158
10/27/2013,ITO,HI,AWP,WE,Combined TRACON& Tower with Radar,32,8,0,0,40,0,92,17,0,109,32,100,17,0,149,24,0,24,173
10/28/2013,ITO,HI,AWP,WE,Combined TRACON& Tower with Radar,44,10,4,13,71,0,113,6,5,124,44,123,10,18,195,42,32,74,269
10/29/2013,ITO,HI,AWP,WE,Combined TRACON& Tower with Radar,43,5,4,6,58,0,130,10,7,147,43,135,14,13,205,38,48,86,291
10/30/2013,ITO,HI,AWP,WE,Combined TRACON& Tower with Radar,42,11,0,1,54,0,79,21,6,106,42,90,21,7,160,66,38,104,264
10/31/2013,ITO,HI,AWP,WE,Combined TRACON& Tower with Radar,46,10,0,8,64,0,155,24,10,189,46,165,24,18,253,72,38,110,363
11/01/2013,ITO,HI,AWP,WE,Combined TRACON& Tower with Radar,45,10,1,10,66,0,85,12,11,108,45,95,13,21,174,46,24,70,244
11/02/2013,ITO,HI,AWP,WE,Combined TRACON& Tower with Radar,36,10,0,6,52,0,77,5,7,89,36,87,5,13,141,38,14,52,193
11/03/2013,ITO,HI,AWP,WE,Combined TRACON& Tower with Radar,33,6,3,1,43,0,82,13,5,100,33,88,16,6,143,46,0,46,189
11/04/2013,ITO,HI,AWP,WE,Combined TRACON& Tower with Radar,41,15,4,1,61,0,63,16,9,88,41,78,20,10,149,22,12,34,183
11/05/2013,ITO,HI,AWP,WE,Combined TRACON& Tower with Radar,43,13,2,9,67,0,31,14,15,60,43,44,16,24,127,12,82,94,221
11/06/2013,ITO,HI,AWP,WE,Combined TRACON& Tower with Radar,43,7,1,4,55,0,80,9,9,98,43,87,10,13,153,24,38,62,215
11/07/2013,ITO,HI,AWP,WE,Combined TRACON& Tower with Radar,46,10,5,0,61,0,85,8,9,102,46,95,13,9,163,62,12,74,237
11/08/2013,ITO,HI,AWP,WE,Combined TRACON& Tower with Radar,46,9,3,2,60,0,94,16,1,111,46,103,19,3,171,55,1,56,227
11/09/2013,ITO,HI,AWP,WE,Combined TRACON& Tower with Radar,33,8,4,0,45,0,69,15,0,84,33,77,19,0,129,28,0,28,157
11/10/2013,ITO,HI,AWP,WE,Combined TRACON& Tower with Radar,34,12,2,2,50,0,77,8,0,85,34,89,10,2,135,38,0,38,173
11/11/2013,ITO,HI,AWP,WE,Combined TRACON& Tower with Radar,41,7,3,1,52,0,20,3,0,23,41,27,6,1,75,8,2,10,85
11/12/2013,ITO,HI,AWP,WE,Combined TRACON& Tower with Radar,45,7,2,0,54,0,124,8,10,142,45,131,10,10,196,18,66,84,280
11/13/2013,ITO,HI,AWP,WE,Combined TRACON& Tower with Radar,41,11,3,12,67,0,99,8,11,118,41,110,11,23,185,18,32,50,235
11/14/2013,ITO,HI,AWP,WE,Combined TRACON& Tower with Radar,44,10,2,5,61,0,43,6,4,53,44,53,8,9,114,26,58,84,198
11/15/2013,ITO,HI,AWP,WE,Combined TRACON& Tower with Radar,44,8,1,17,70,0,57,11,6,74,44,65,12,23,144,20,32,52,196
11/16/2013,ITO,HI,AWP,WE,Combined TRACON& Tower with Radar,34,17,7,8,66,0,75,32,27,134,34,92,39,35,200,56,34,90,290
11/17/2013,ITO,HI,AWP,WE,Combined TRACON& Tower with Radar,34,4,3,0,41,0,77,10,5,92,34,81,13,5,133,52,2,54,187
11/18/2013,ITO,HI,AWP,WE,Combined TRACON& Tower with Radar,43,15,5,6,69,0,99,12,5,116,43,114,17,11,185,20,10,30,215
11/19/2013,ITO,HI,AWP,WE,Combined TRACON& Tower with Radar,46,11,3,11,71,0,98,6,15,119,46,109,9,26,190,32,28,60,250
11/20/2013,ITO,HI,AWP,WE,Combined TRACON& Tower with Radar,44,6,0,14,64,0,79,7,19,105,44,85,7,33,169,26,50,76,245
11/21/2013,ITO,HI,AWP,WE,Combined TRACON& Tower with Radar,44,15,0,16,75,0,70,10,9,89,44,85,10,25,164,34,30,64,228
11/22/2013,ITO,HI,AWP,WE,Combined TRACON& Tower with Radar,45,10,3,8,66,0,78,15,4,97,45,88,18,12,163,106,2,108,271
11/23/2013,ITO,HI,AWP,WE,Combined TRACON& Tower with Radar,34,17,1,0,52,0,75,9,3,87,34,92,10,3,139,116,6,122,261
11/24/2013,ITO,HI,AWP,WE,Combined TRACON& Tower with Radar,33,10,0,0,43,0,84,17,0,101,33,94,17,0,144,76,0,76,220
11/25/2013,ITO,HI,AWP,WE,Combined TRACON& Tower with Radar,44,10,5,18,77,0,117,19,10,146,44,127,24,28,223,72,18,90,313
11/26/2013,ITO,HI,AWP,WE,Combined TRACON& Tower with Radar,42,12,2,3,59,0,166,34,16,216,42,178,36,19,275,56,36,92,367
11/27/2013,ITO,HI,AWP,WE,Combined TRACON& Tower with Radar,46,13,1,11,71,0,120,15,4,139,46,133,16,15,210,36,62,98,308
11/28/2013,ITO,HI,AWP,WE,Combined TRACON& Tower with Radar,42,11,3,0,56,0,110,10,0,120,42,121,13,0,176,26,0,26,202
11/29/2013,ITO,HI,AWP,WE,Combined TRACON& Tower with Radar,44,11,0,0,55,0,70,15,0,85,44,81,15,0,140,163,0,163,303
11/30/2013,ITO,HI,AWP,WE,Combined TRACON& Tower with Radar,35,11,1,0,47,0,111,4,0,115,35,122,5,0,162,108,0,108,270
12/01/2013,ITO,HI,AWP,WE,Combined TRACON& Tower with Radar,34,5,7,0,46,0,83,11,0,94,34,88,18,0,140,38,0,38,178
12/02/2013,ITO,HI,AWP,WE,Combined TRACON& Tower with Radar,43,18,5,6,72,0,63,10,6,79,43,81,15,12,151,60,24,84,235
12/03/2013,ITO,HI,AWP,WE,Combined TRACON& Tower with Radar,40,8,1,8,57,0,145,6,8,159,40,153,7,16,216,50,140,190,406
12/04/2013,ITO,HI,AWP,WE,Combined TRACON& Tower with Radar,42,18,0,2,62,0,92,16,6,114,42,110,16,8,176,26,56,82,258
12/05/2013,ITO,HI,AWP,WE,Combined TRACON& Tower with Radar,44,15,3,2,64,0,104,15,5,124,44,119,18,7,188,36,68,104,292
12/06/2013,ITO,HI,AWP,WE,Combined TRACON& Tower with Radar,45,20,2,3,70,0,83,16,4,103,45,103,18,7,173,80,32,112,285
12/07/2013,ITO,HI,AWP,WE,Combined TRACON& Tower with Radar,34,16,2,2,54,0,39,5,4,48,34,55,7,6,102,18,6,24,126
12/08/2013,ITO,HI,AWP,WE,Combined TRACON& Tower with Radar,32,7,0,2,41,0,3,5,0,8,32,10,5,2,49,2,0,2,51
12/09/2013,ITO,HI,AWP,WE,Combined TRACON& Tower with Radar,43,12,6,11,72,0,95,17,4,116,43,107,23,15,188,32,4,36,224
12/10/2013,ITO,HI,AWP,WE,Combined TRACON& Tower with Radar,43,12,2,10,67,0,117,10,19,146,43,129,12,29,213,52,42,94,307
12/11/2013,ITO,HI,AWP,WE,Combined TRACON& Tower with Radar,40,15,11,10,76,0,113,15,12,140,40,128,26,22,216,56,90,146,362
12/12/2013,ITO,HI,AWP,WE,Combined TRACON& Tower with Radar,46,15,3,17,81,0,70,18,13,101,46,85,21,30,182,24,88,112,294
12/13/2013,ITO,HI,AWP,WE,Combined TRACON& Tower with Radar,47,12,2,7,68,0,75,11,10,96,47,87,13,17,164,40,24,64,228
12/14/2013,ITO,HI,AWP,WE,Combined TRACON& Tower with Radar,34,9,1,3,47,0,63,3,2,68,34,72,4,5,115,22,10,32,147
12/15/2013,ITO,HI,AWP,WE,Combined TRACON& Tower with Radar,39,5,2,0,46,0,44,11,0,55,39,49,13,0,101,24,2,26,127
12/16/2013,ITO,HI,AWP,WE,Combined TRACON& Tower with Radar,45,9,2,11,67,2,75,16,1,94,47,84,18,12,161,38,0,38,199
12/17/2013,ITO,HI,AWP,WE,Combined TRACON& Tower with Radar,39,12,4,29,84,0,126,24,13,163,39,138,28,42,247,28,56,84,331
12/18/2013,ITO,HI,AWP,WE,Combined TRACON& Tower with Radar,42,15,1,12,70,0,79,9,14,102,42,94,10,26,172,34,46,80,252
12/19/2013,ITO,HI,AWP,WE,Combined TRACON& Tower with Radar,46,10,0,0,56,0,57,5,9,71,46,67,5,9,127,21,14,35,162
12/20/2013,ITO,HI,AWP,WE,Combined TRACON& Tower with Radar,55,14,0,13,82,0,94,10,10,114,55,108,10,23,196,64,30,94,290
12/21/2013,ITO,HI,AWP,WE,Combined TRACON& Tower with Radar,35,12,3,0,50,0,81,6,0,87,35,93,9,0,137,26,0,26,163
12/22/2013,ITO,HI,AWP,WE,Combined TRACON& Tower with Radar,34,12,2,0,48,0,116,7,0,123,34,128,9,0,171,36,0,36,207
12/23/2013,ITO,HI,AWP,WE,Combined TRACON& Tower with Radar,48,20,5,7,80,0,134,9,6,149,48,154,14,13,229,64,8,72,301
12/24/2013,ITO,HI,AWP,WE,Combined TRACON& Tower with Radar,44,16,5,0,65,0,192,15,0,207,44,208,20,0,272,40,0,40,312
12/25/2013,ITO,HI,AWP,WE,Combined TRACON& Tower with Radar,40,10,2,0,52,0,87,8,0,95,40,97,10,0,147,18,0,18,165
12/26/2013,ITO,HI,AWP,WE,Combined TRACON& Tower with Radar,45,13,2,0,60,0,133,7,0,140,45,146,9,0,200,42,0,42,242
12/27/2013,ITO,HI,AWP,WE,Combined TRACON& Tower with Radar,45,16,3,38,102,0,78,7,21,106,45,94,10,59,208,42,38,80,288
12/28/2013,ITO,HI,AWP,WE,Combined TRACON& Tower with Radar,38,19,2,0,59,0,23,2,0,25,38,42,4,0,84,12,0,12,96
12/29/2013,ITO,HI,AWP,WE,Combined TRACON& Tower with Radar,33,13,1,0,47,0,65,3,0,68,33,78,4,0,115,22,0,22,137
12/30/2013,ITO,HI,AWP,WE,Combined TRACON& Tower with Radar,53,19,6,6,84,0,21,5,2,28,53,40,11,8,112,16,2,18,130
12/31/2013,ITO,HI,AWP,WE,Combined TRACON& Tower with Radar,42,11,2,0,55,0,196,12,1,209,42,207,14,1,264,40,0,40,304
01/01/2014,ITO,HI,AWP,WE,Combined TRACON& Tower with Radar,39,13,1,0,53,0,109,9,0,118,39,122,10,0,171,48,0,48,219
01/02/2014,ITO,HI,AWP,WE,Combined TRACON& Tower with Radar,44,22,3,0,69,0,144,12,1,157,44,166,15,1,226,42,0,42,268
01/03/2014,ITO,HI,AWP,WE,Combined TRACON& Tower with Radar,45,21,0,9,75,0,103,8,10,121,45,124,8,19,196,36,58,94,290
01/04/2014,ITO,HI,AWP,WE,Combined TRACON& Tower with Radar,38,14,6,3,61,0,77,2,2,81,38,91,8,5,142,26,0,26,168
01/05/2014,ITO,HI,AWP,WE,Combined TRACON& Tower with Radar,37,16,3,2,58,0,114,12,0,126,37,130,15,2,184,22,0,22,206
01/06/2014,ITO,HI,AWP,WE,Combined TRACON& Tower with Radar,41,15,3,1,60,0,109,23,0,132,41,124,26,1,192,24,0,24,216
01/07/2014,ITO,HI,AWP,WE,Combined TRACON& Tower with Radar,39,11,7,7,64,0,166,8,14,188,39,177,15,21,252,58,16,74,326
01/08/2014,ITO,HI,AWP,WE,Combined TRACON& Tower with Radar,43,15,2,16,76,0,100,10,10,120,43,115,12,26,196,22,10,32,228
01/09/2014,ITO,HI,AWP,WE,Combined TRACON& Tower with Radar,43,12,3,5,63,0,80,16,14,110,43,92,19,19,173,40,6,46,219
01/10/2014,ITO,HI,AWP,WE,Combined TRACON& Tower with Radar,47,14,0,13,74,0,138,6,3,147,47,152,6,16,221,62,0,62,283
01/11/2014,ITO,HI,AWP,WE,Combined TRACON& Tower with Radar,36,16,1,19,72,0,32,6,17,55,36,48,7,36,127,29,10,39,166
01/12/2014,ITO,HI,AWP,WE,Combined TRACON& Tower with Radar,36,6,2,3,47,0,45,6,20,71,36,51,8,23,118,28,34,62,180
01/13/2014,ITO,HI,AWP,WE,Combined TRACON& Tower with Radar,43,10,3,9,65,0,106,19,6,131,43,116,22,15,196,36,0,36,232
01/14/2014,ITO,HI,AWP,WE,Combined TRACON& Tower with Radar,43,22,4,20,89,1,160,14,13,188,44,182,18,33,277,28,4,32,309
01/15/2014,ITO,HI,AWP,WE,Combined TRACON& Tower with Radar,40,12,5,14,71,3,105,20,7,135,43,117,25,21,206,61,66,127,333
01/16/2014,ITO,HI,AWP,WE,Combined TRACON& Tower with Radar,45,12,3,10,70,0,78,23,8,109,45,90,26,18,179,28,0,28,207
01/17/2014,ITO,HI,AWP,WE,Combined TRACON& Tower with Radar,44,17,0,4,65,0,79,17,2,98,44,96,17,6,163,34,0,34,197
01/18/2014,ITO,HI,AWP,WE,Combined TRACON& Tower with Radar,35,12,4,2,53,0,100,12,5,117,35,112,16,7,170,26,0,26,196
01/19/2014,ITO,HI,AWP,WE,Combined TRACON& Tower with Radar,35,10,2,0,47,0,59,3,1,63,35,69,5,1,110,18,0,18,128
01/20/2014,ITO,HI,AWP,WE,Combined TRACON& Tower with Radar,41,13,5,2,61,0,118,22,1,141,41,131,27,3,202,62,0,62,264
01/21/2014,ITO,HI,AWP,WE,Combined TRACON& Tower with Radar,44,8,5,4,61,0,148,7,8,163,44,156,12,12,224,46,28,74,298
01/22/2014,ITO,HI,AWP,WE,Combined TRACON& Tower with Radar,42,14,3,9,68,0,38,14,4,56,42,52,17,13,124,32,16,48,172
01/23/2014,ITO,HI,AWP,WE,Combined TRACON& Tower with Radar,43,14,1,15,73,0,146,21,23,190,43,160,22,38,263,42,30,72,335
01/24/2014,ITO,HI,AWP,WE,Combined TRACON& Tower with Radar,46,14,2,9,71,0,138,24,4,166,46,152,26,13,237,52,0,52,289
01/25/2014,ITO,HI,AWP,WE,Combined TRACON& Tower with Radar,34,13,4,5,56,0,101,6,2,109,34,114,10,7,165,28,0,28,193
01/26/2014,ITO,HI,AWP,WE,Combined TRACON& Tower with Radar,33,6,3,1,43,0,82,15,0,97,33,88,18,1,140,20,0,20,160
01/27/2014,ITO,HI,AWP,WE,Combined TRACON& Tower with Radar,42,11,1,15,69,0,134,11,7,152,42,145,12,22,221,21,0,21,242
01/28/2014,ITO,HI,AWP,WE,Combined TRACON& Tower with Radar,41,16,9,17,83,0,2,5,4,11,41,18,14,21,94,2,26,28,122
01/29/2014,ITO,HI,AWP,WE,Combined TRACON& Tower with Radar,42,16,3,13,74,0,94,9,3,106,42,110,12,16,180,66,52,118,298
01/30/2014,ITO,HI,AWP,WE,Combined TRACON& Tower with Radar,42,9,10,17,78,0,121,28,13,162,42,130,38,30,240,55,30,85,325
01/31/2014,ITO,HI,AWP,WE,Combined TRACON& Tower with Radar,44,9,3,1,57,0,106,6,1,113,44,115,9,2,170,48,0,48,218
02/01/2014,ITO,HI,AWP,WE,Combined TRACON& Tower with Radar,37,12,2,0,51,0,113,15,0,128,37,125,17,0,179,64,0,64,243
02/02/2014,ITO,HI,AWP,WE,Combined TRACON& Tower with Radar,34,13,2,0,49,0,62,6,0,68,34,75,8,0,117,14,2,16,133
02/03/2014,ITO,HI,AWP,WE,Combined TRACON& Tower with Radar,40,13,10,12,75,0,74,18,1,93,40,87,28,13,168,90,0,90,258
02/04/2014,ITO,HI,AWP,WE,Combined TRACON& Tower with Radar,45,15,0,14,74,0,161,7,16,184,45,176,7,30,258,72,58,130,388
02/05/2014,ITO,HI,AWP,WE,Combined TRACON& Tower with Radar,37,16,2,10,65,0,113,12,11,136,37,129,14,21,201,58,40,98,299
02/06/2014,ITO,HI,AWP,WE,Combined TRACON& Tower with Radar,43,12,2,12,69,0,104,3,10,117,43,116,5,22,186,60,6,66,252
02/07/2014,ITO,HI,AWP,WE,Combined TRACON& Tower with Radar,45,15,4,1,65,0,129,12,0,141,45,144,16,1,206,68,0,68,274
02/08/2014,ITO,HI,AWP,WE,Combined TRACON& Tower with Radar,34,16,2,5,57,0,105,12,15,132,34,121,14,20,189,34,42,76,265
02/09/2014,ITO,HI,AWP,WE,Combined TRACON& Tower with Radar,37,9,1,6,53,0,103,7,2,112,37,112,8,8,165,38,4,42,207
02/10/2014,ITO,HI,AWP,WE,Combined TRACON& Tower with Radar,43,10,0,12,65,0,111,20,10,141,43,121,20,22,206,24,26,50,256
02/11/2014,ITO,HI,AWP,WE,Combined TRACON& Tower with Radar,48,20,2,23,93,0,118,19,19,156,48,138,21,42,249,48,62,110,359
02/12/2014,ITO,HI,AWP,WE,Combined TRACON& Tower with Radar,43,14,2,15,74,0,149,11,2,162,43,163,13,17,236,48,18,66,302
02/13/2014,ITO,HI,AWP,WE,Combined TRACON& Tower with Radar,49,11,3,4,67,0,51,10,2,63,49,62,13,6,130,14,0,14,144
02/14/2014,ITO,HI,AWP,WE,Combined TRACON& Tower with Radar,47,15,4,2,68,0,9,3,0,12,47,24,7,2,80,60,0,60,140
02/15/2014,ITO,HI,AWP,WE,Combined TRACON& Tower with Radar,35,13,5,1,54,0,118,13,1,132,35,131,18,2,186,68,0,68,254
02/16/2014,ITO,HI,AWP,WE,Combined TRACON& Tower with Radar,32,5,3,3,43,0,85,8,1,94,32,90,11,4,137,22,0,22,159
02/17/2014,ITO,HI,AWP,WE,Combined TRACON& Tower with Radar,41,10,2,6,59,0,15,4,4,23,41,25,6,10,82,14,2,16,98
02/18/2014,ITO,HI,AWP,WE,Combined TRACON& Tower with Radar,42,15,2,4,63,0,88,14,0,102,42,103,16,4,165,50,0,50,215
02/19/2014,ITO,HI,AWP,WE,Combined TRACON& Tower with Radar,42,19,0,3,64,0,148,16,11,175,42,167,16,14,239,70,44,114,353
02/20/2014,ITO,HI,AWP,WE,Combined TRACON& Tower with Radar,43,17,2,15,77,0,132,5,10,147,43,149,7,25,224,32,100,132,356
02/21/2014,ITO,HI,AWP,WE,Combined TRACON& Tower with Radar,45,12,3,16,76,0,123,13,7,143,45,135,16,23,219,44,118,162,381
02/22/2014,ITO,HI,AWP,WE,Combined TRACON& Tower with Radar,36,23,1,0,60,0,85,10,1,96,36,108,11,1,156,44,0,44,200
02/23/2014,ITO,HI,AWP,WE,Combined TRACON& Tower with Radar,30,9,0,3,42,0,131,10,2,143,30,140,10,5,185,44,2,46,231
02/24/2014,ITO,HI,AWP,WE,Combined TRACON& Tower with Radar,41,18,0,7,66,0,121,15,8,144,41,139,15,15,210,38,36,74,284
02/25/2014,ITO,HI,AWP,WE,Combined TRACON& Tower with Radar,41,15,0,27,83,0,147,14,19,180,41,162,14,46,263,34,74,108,371
02/26/2014,ITO,HI,AWP,WE,Combined TRACON& Tower with Radar,47,18,7,22,94,0,160,15,7,182,47,178,22,29,276,58,34,92,368
02/27/2014,ITO,HI,AWP,WE,Combined TRACON& Tower with Radar,44,11,1,11,67,0,106,15,8,129,44,117,16,19,196,46,36,82,278
02/28/2014,ITO,HI,AWP,WE,Combined TRACON& Tower with Radar,45,17,2,9,73,0,110,6,4,120,45,127,8,13,193,54,20,74,267
03/01/2014,ITO,HI,AWP,WE,Combined TRACON& Tower with Radar,35,19,3,1,58,0,74,11,1,86,35,93,14,2,144,70,4,74,218
03/02/2014,ITO,HI,AWP,WE,Combined TRACON& Tower with Radar,34,5,0,7,46,0,22,2,5,29,34,27,2,12,75,12,4,16,91
03/03/2014,ITO,HI,AWP,WE,Combined TRACON& Tower with Radar,40,19,0,4,63,0,54,10,3,67,40,73,10,7,130,20,0,20,150
03/04/2014,ITO,HI,AWP,WE,Combined TRACON& Tower with Radar,43,8,2,6,59,0,148,14,9,171,43,156,16,15,230,44,44,88,318
03/05/2014,ITO,HI,AWP,WE,Combined TRACON& Tower with Radar,42,8,0,14,64,0,119,17,4,140,42,127,17,18,204,36,6,42,246
03/06/2014,ITO,HI,AWP,WE,Combined TRACON& Tower with Radar,43,8,0,18,69,0,96,20,16,132,43,104,20,34,201,50,38,88,289
03/07/2014,ITO,HI,AWP,WE,Combined TRACON& Tower with Radar,43,15,7,8,73,1,94,28,4,127,44,109,35,12,200,42,22,64,264
03/08/2014,ITO,HI,AWP,WE,Combined TRACON& Tower with Radar,38,21,3,7,69,0,61,14,5,80,38,82,17,12,149,64,22,86,235
03/09/2014,ITO,HI,AWP,WE,Combined TRACON& Tower with Radar,33,22,0,2,57,0,62,17,2,81,33,84,17,4,138,84,0,84,222
03/10/2014,ITO,HI,AWP,WE,Combined TRACON& Tower with Radar,42,15,3,6,66,0,99,18,12,129,42,114,21,18,195,102,6,108,303
03/11/2014,ITO,HI,AWP,WE,Combined TRACON& Tower with Radar,42,19,3,11,75,0,156,15,25,196,42,175,18,36,271,28,110,138,409
03/12/2014,ITO,HI,AWP,WE,Combined TRACON& Tower with Radar,40,11,12,11,74,0,134,11,14,159,40,145,23,25,233,70,146,216,449
03/13/2014,ITO,HI,AWP,WE,Combined TRACON& Tower with Radar,45,9,9,33,96,0,114,20,16,150,45,123,29,49,246,40,66,106,352
03/14/2014,ITO,HI,AWP,WE,Combined TRACON& Tower with Radar,46,12,1,20,79,0,95,11,9,115,46,107,12,29,194,26,30,56,250
03/15/2014,ITO,HI,AWP,WE,Combined TRACON& Tower with Radar,37,22,0,6,65,0,58,29,11,98,37,80,29,17,163,36,8,44,207
03/16/2014,ITO,HI,AWP,WE,Combined TRACON& Tower with Radar,32,4,1,0,37,0,82,0,0,82,32,86,1,0,119,16,0,16,135
03/17/2014,ITO,HI,AWP,WE,Combined TRACON& Tower with Radar,41,11,0,10,62,0,40,1,4,45,41,51,1,14,107,12,8,20,127
03/18/2014,ITO,HI,AWP,WE,Combined TRACON& Tower with Radar,42,16,6,7,71,0,147,12,2,161,42,163,18,9,232,60,42,102,334
03/19/2014,ITO,HI,AWP,WE,Combined TRACON& Tower with Radar,43,11,1,19,74,0,138,10,4,152,43,149,11,23,226,58,58,116,342
03/20/2014,ITO,HI,AWP,WE,Combined TRACON& Tower with Radar,45,18,6,12,81,0,53,8,0,61,45,71,14,12,142,52,10,62,204
03/21/2014,ITO,HI,AWP,WE,Combined TRACON& Tower with Radar,41,9,1,0,51,0,88,10,1,99,41,97,11,1,150,78,20,98,248
03/22/2014,ITO,HI,AWP,WE,Combined TRACON& Tower with Radar,36,12,1,0,49,0,88,12,0,100,36,100,13,0,149,88,0,88,237
03/23/2014,ITO,HI,AWP,WE,Combined TRACON& Tower with Radar,34,9,4,0,47,0,57,8,0,65,34,66,12,0,112,18,0,18,130
03/24/2014,ITO,HI,AWP,WE,Combined TRACON& Tower with Radar,43,18,2,17,80,0,108,21,15,144,43,126,23,32,224,126,96,222,446
03/25/2014,ITO,HI,AWP,WE,Combined TRACON& Tower with Radar,45,15,1,10,71,0,142,10,8,160,45,157,11,18,231,44,56,100,331
03/26/2014,ITO,HI,AWP,WE,Combined TRACON& Tower with Radar,42,10,2,7,61,0,83,32,13,128,42,93,34,20,189,62,58,120,309
03/27/2014,ITO,HI,AWP,WE,Combined TRACON& Tower with Radar,43,9,0,11,63,0,160,29,7,196,43,169,29,18,259,102,70,172,431
03/28/2014,ITO,HI,AWP,WE,Combined TRACON& Tower with Radar,44,15,0,13,72,0,124,27,10,161,44,139,27,23,233,52,84,136,369
03/29/2014,ITO,HI,AWP,WE,Combined TRACON& Tower with Radar,35,18,0,2,55,0,98,13,0,111,35,116,13,2,166,38,0,38,204
03/30/2014,ITO,HI,AWP,WE,Combined TRACON& Tower with Radar,36,8,2,1,47,0,65,3,0,68,36,73,5,1,115,4,0,4,119
03/31/2014,ITO,HI,AWP,WE,Combined TRACON& Tower with Radar,44,17,3,7,71,0,34,5,1,40,44,51,8,8,111,22,2,24,135
04/01/2014,ITO,HI,AWP,WE,Combined TRACON& Tower with Radar,43,14,4,1,62,0,25,2,0,27,43,39,6,1,89,2,0,2,91
04/02/2014,ITO,HI,AWP,WE,Combined TRACON& Tower with Radar,41,15,3,2,61,0,118,13,0,131,41,133,16,2,192,16,0,16,208
04/03/2014,ITO,HI,AWP,WE,Combined TRACON& Tower with Radar,44,8,2,7,61,0,116,8,3,127,44,124,10,10,188,21,1,22,210
04/04/2014,ITO,HI,AWP,WE,Combined TRACON& Tower with Radar,44,17,0,4,65,0,79,39,5,123,44,96,39,9,188,16,0,16,204
04/05/2014,ITO,HI,AWP,WE,Combined TRACON& Tower with Radar,34,11,3,4,52,0,85,30,3,118,34,96,33,7,170,50,0,50,220
04/06/2014,ITO,HI,AWP,WE,Combined TRACON& Tower with Radar,30,2,0,6,38,0,117,12,4,133,30,119,12,10,171,45,0,45,216
04/07/2014,ITO,HI,AWP,WE,Combined TRACON& Tower with Radar,43,10,1,3,57,0,98,17,9,124,43,108,18,12,181,34,18,52,233
04/08/2014,ITO,HI,AWP,WE,Combined TRACON& Tower with Radar,44,17,4,17,82,0,98,6,16,120,44,115,10,33,202,4,2,6,208
04/09/2014,ITO,HI,AWP,WE,Combined TRACON& Tower with Radar,41,21,0,7,69,0,129,9,10,148,41,150,9,17,217,18,62,80,297
04/10/2014,ITO,HI,AWP,WE,Combined TRACON& Tower with Radar,43,6,5,14,68,0,107,8,22,137,43,113,13,36,205,12,50,62,267
04/11/2014,ITO,HI,AWP,WE,Combined TRACON& Tower with Radar,46,7,6,4,63,0,92,26,3,121,46,99,32,7,184,18,18,36,220
04/12/2014,ITO,HI,AWP,WE,Combined TRACON& Tower with Radar,34,10,1,0,45,0,74,13,2,89,34,84,14,2,134,10,0,10,144
04/13/2014,ITO,HI,AWP,WE,Combined TRACON& Tower with Radar,33,8,4,4,49,0,42,11,2,55,33,50,15,6,104,30,4,34,138
04/14/2014,ITO,HI,AWP,WE,Combined TRACON& Tower with Radar,42,10,6,8,66,0,130,16,6,152,42,140,22,14,218,52,20,72,290
04/15/2014,ITO,HI,AWP,WE,Combined TRACON& Tower with Radar,42,11,3,3,59,0,165,14,6,185,42,176,17,9,244,10,26,36,280
04/16/2014,ITO,HI,AWP,WE,Combined TRACON& Tower with Radar,40,14,1,8,63,0,145,9,3,157,40,159,10,11,220,4,20,24,244
04/17/2014,ITO,HI,AWP,WE,Combined TRACON& Tower with Radar,47,10,5,1,63,0,172,26,8,206,47,182,31,9,269,32,12,44,313
04/18/2014,ITO,HI,AWP,WE,Combined TRACON& Tower with Radar,44,16,2,5,67,0,151,19,2,172,44,167,21,7,239,12,0,12,251
04/19/2014,ITO,HI,AWP,WE,Combined TRACON& Tower with Radar,33,17,4,0,54,0,90,24,0,114,33,107,28,0,168,48,0,48,216
04/20/2014,ITO,HI,AWP,WE,Combined TRACON& Tower with Radar,34,13,7,3,57,0,100,6,1,107,34,113,13,4,164,39,6,45,209
04/21/2014,ITO,HI,AWP,WE,Combined TRACON& Tower with Radar,42,4,3,4,53,0,110,8,4,122,42,114,11,8,175,26,8,34,209
04/22/2014,ITO,HI,AWP,WE,Combined TRACON& Tower with Radar,47,9,3,1,60,0,167,7,2,176,47,176,10,3,236,20,2,22,258
04/23/2014,ITO,HI,AWP,WE,Combined TRACON& Tower with Radar,54,18,3,5,80,0,179,4,7,190,54,197,7,12,270,12,2,14,284
04/24/2014,ITO,HI,AWP,WE,Combined TRACON& Tower with Radar,50,14,2,4,70,0,119,17,23,159,50,133,19,27,229,36,16,52,281
04/25/2014,ITO,HI,AWP,WE,Combined TRACON& Tower with Radar,46,14,7,1,68,0,30,6,8,44,46,44,13,9,112,22,6,28,140
04/26/2014,ITO,HI,AWP,WE,Combined TRACON& Tower with Radar,34,9,3,0,46,0,84,15,0,99,34,93,18,0,145,20,0,20,165
04/27/2014,ITO,HI,AWP,WE,Combined TRACON& Tower with Radar,53,7,3,2,65,0,75,14,0,89,53,82,17,2,154,10,0,10,164
04/28/2014,ITO,HI,AWP,WE,Combined TRACON& Tower with Radar,53,11,0,14,78,0,107,13,6,126,53,118,13,20,204,16,12,28,232
04/29/2014,ITO,HI,AWP,WE,Combined TRACON& Tower with Radar,44,7,2,6,59,0,170,7,11,188,44,177,9,17,247,16,84,100,347
04/30/2014,ITO,HI,AWP,WE,Combined TRACON& Tower with Radar,41,13,1,3,58,0,126,4,5,135,41,139,5,8,193,0,26,26,219
05/01/2014,ITO,HI,AWP,WE,Combined TRACON& Tower with Radar,46,9,5,2,62,0,2,4,2,8,46,11,9,4,70,0,0,0,70
05/02/2014,ITO,HI,AWP,WE,Combined TRACON& Tower with Radar,45,8,0,2,55,0,140,31,1,172,45,148,31,3,227,48,1,49,276
05/03/2014,ITO,HI,AWP,WE,Combined TRACON& Tower with Radar,34,10,0,2,46,0,144,15,8,167,34,154,15,10,213,16,0,16,229
05/04/2014,ITO,HI,AWP,WE,Combined TRACON& Tower with Radar,32,6,2,4,44,0,103,4,7,114,32,109,6,11,158,5,0,5,163
05/05/2014,ITO,HI,AWP,WE,Combined TRACON& Tower with Radar,45,12,2,7,66,0,94,19,10,123,45,106,21,17,189,24,16,40,229
05/06/2014,ITO,HI,AWP,WE,Combined TRACON& Tower with Radar,42,12,2,19,75,0,133,9,26,168,42,145,11,45,243,10,57,67,310
05/07/2014,ITO,HI,AWP,WE,Combined TRACON& Tower with Radar,43,16,9,8,76,0,107,14,13,134,43,123,23,21,210,8,28,36,246
05/08/2014,ITO,HI,AWP,WE,Combined TRACON& Tower with Radar,45,11,1,4,61,0,94,8,1,103,45,105,9,5,164,8,0,8,172
05/09/2014,ITO,HI,AWP,WE,Combined TRACON& Tower with Radar,43,6,3,2,54,0,119,11,0,130,43,125,14,2,184,20,0,20,204
05/10/2014,ITO,HI,AWP,WE,Combined TRACON& Tower with Radar,37,19,1,0,57,0,69,9,0,78,37,88,10,0,135,24,0,24,159
05/11/2014,ITO,HI,AWP,WE,Combined TRACON& Tower with Radar,33,7,6,0,46,0,66,11,0,77,33,73,17,0,123,22,0,22,145
05/12/2014,ITO,HI,AWP,WE,Combined TRACON& Tower with Radar,44,17,10,0,71,0,101,13,0,114,44,118,23,0,185,6,0,6,191
05/13/2014,ITO,HI,AWP,WE,Combined TRACON& Tower with Radar,42,7,3,1,53,0,147,17,25,189,42,154,20,26,242,32,12,44,286
05/14/2014,ITO,HI,AWP,WE,Combined TRACON& Tower with Radar,43,7,1,12,63,0,103,4,8,115,43,110,5,20,178,4,24,28,206
05/15/2014,ITO,HI,AWP,WE,Combined TRACON& Tower with Radar,43,7,1,18,69,0,119,10,8,137,43,126,11,26,206,2,37,39,245
05/16/2014,ITO,HI,AWP,WE,Combined TRACON& Tower with Radar,47,7,0,10,64,0,130,14,0,144,47,137,14,10,208,0,8,8,216
05/17/2014,ITO,HI,AWP,WE,Combined TRACON& Tower with Radar,34,4,1,4,43,0,67,23,1,91,34,71,24,5,134,22,0,22,156
05/18/2014,ITO,HI,AWP,WE,Combined TRACON& Tower with Radar,36,1,3,0,40,0,81,12,0,93,36,82,15,0,133,6,0,6,139
05/19/2014,ITO,HI,AWP,WE,Combined TRACON& Tower with Radar,45,14,1,7,67,0,94,8,2,104,45,108,9,9,171,4,26,30,201
05/20/2014,ITO,HI,AWP,WE,Combined TRACON& Tower with Radar,42,11,2,4,59,0,156,9,15,180,42,167,11,19,239,8,78,86,325
05/21/2014,ITO,HI,AWP,WE,Combined TRACON& Tower with Radar,42,5,2,18,67,0,89,10,6,105,42,94,12,24,172,8,14,22,194
05/22/2014,ITO,HI,AWP,WE,Combined TRACON& Tower with Radar,46,7,4,13,70,0,80,4,10,94,46,87,8,23,164,8,2,10,174
05/23/2014,ITO,HI,AWP,WE,Combined TRACON& Tower with Radar,46,12,3,0,61,0,124,12,0,136,46,136,15,0,197,6,0,6,203
05/24/2014,ITO,HI,AWP,WE,Combined TRACON& Tower with Radar,35,7,1,0,43,0,118,6,0,124,35,125,7,0,167,0,0,0,167
05/25/2014,ITO,HI,AWP,WE,Combined TRACON& Tower with Radar,34,3,1,0,38,0,79,9,0,88,34,82,10,0,126,0,0,0,126
05/26/2014,ITO,HI,AWP,WE,Combined TRACON& Tower with Radar,42,3,2,1,48,0,96,6,0,102,42,99,8,1,150,4,0,4,154
05/27/2014,ITO,HI,AWP,WE,Combined TRACON& Tower with Radar,44,16,2,16,78,0,135,22,16,173,44,151,24,32,251,10,58,68,319
05/28/2014,ITO,HI,AWP,WE,Combined TRACON& Tower with Radar,42,18,5,11,76,1,107,6,16,130,43,125,11,27,206,14,26,40,246
05/29/2014,ITO,HI,AWP,WE,Combined TRACON& Tower with Radar,44,20,12,1,77,2,102,21,5,130,46,122,33,6,207,10,42,52,259
05/30/2014,ITO,HI,AWP,WE,Combined TRACON& Tower with Radar,43,16,0,18,77,0,90,15,11,116,43,106,15,29,193,0,14,14,207
05/31/2014,ITO,HI,AWP,WE,Combined TRACON& Tower with Radar,34,15,2,5,56,0,113,28,12,153,34,128,30,17,209,44,2,46,255
06/01/2014,ITO,HI,AWP,WE,Combined TRACON& Tower with Radar,33,4,4,4,45,0,98,15,4,117,33,102,19,8,162,12,0,12,174
06/02/2014,ITO,HI,AWP,WE,Combined TRACON& Tower with Radar,43,13,0,5,61,0,71,11,4,86,43,84,11,9,147,10,6,16,163
06/03/2014,ITO,HI,AWP,WE,Combined TRACON& Tower with Radar,44,5,2,3,54,0,164,8,14,186,44,169,10,17,240,4,8,12,252
06/04/2014,ITO,HI,AWP,WE,Combined TRACON& Tower with Radar,42,11,5,4,62,0,107,12,5,124,42,118,17,9,186,10,18,28,214
06/05/2014,ITO,HI,AWP,WE,Combined TRACON& Tower with Radar,45,8,3,8,64,0,165,4,7,176,45,173,7,15,240,18,10,28,268
06/06/2014,ITO,HI,AWP,WE,Combined TRACON& Tower with Radar,44,7,6,8,65,0,99,8,5,112,44,106,14,13,177,38,2,40,217
06/07/2014,ITO,HI,AWP,WE,Combined TRACON& Tower with Radar,34,14,0,7,55,0,101,18,12,131,34,115,18,19,186,26,0,26,212
06/08/2014,ITO,HI,AWP,WE,Combined TRACON& Tower with Radar,34,0,2,7,43,0,64,17,12,93,34,64,19,19,136,6,10,16,152
06/09/2014,ITO,HI,AWP,WE,Combined TRACON& Tower with Radar,44,13,5,11,73,0,65,6,23,94,44,78,11,34,167,16,60,76,243
06/10/2014,ITO,HI,AWP,WE,Combined TRACON& Tower with Radar,43,11,1,0,55,0,129,12,22,163,43,140,13,22,218,24,58,82,300
06/11/2014,ITO,HI,AWP,WE,Combined TRACON& Tower with Radar,43,4,2,5,54,0,118,4,6,128,43,122,6,11,182,36,51,87,269
06/12/2014,ITO,HI,AWP,WE,Combined TRACON& Tower with Radar,44,7,0,9,60,0,126,6,9,141,44,133,6,18,201,4,90,94,295
06/13/2014,ITO,HI,AWP,WE,Combined TRACON& Tower with Radar,44,8,2,0,54,0,124,13,10,147,44,132,15,10,201,36,38,74,275
06/14/2014,ITO,HI,AWP,WE,Combined TRACON& Tower with Radar,34,19,2,11,66,0,106,9,16,131,34,125,11,27,197,52,26,78,275
06/15/2014,ITO,HI,AWP,WE,Combined TRACON& Tower with Radar,35,9,1,0,45,0,88,12,1,101,35,97,13,1,146,34,2,36,182
06/16/2014,ITO,HI,AWP,WE,Combined TRACON& Tower with Radar,41,12,0,6,59,0,119,5,4,128,41,131,5,10,187,0,26,26,213
06/17/2014,ITO,HI,AWP,WE,Combined TRACON& Tower with Radar,48,9,3,4,64,0,179,7,4,190,48,188,10,8,254,6,26,32,286
06/18/2014,ITO,HI,AWP,WE,Combined TRACON& Tower with Radar,47,9,2,0,58,0,135,7,1,143,47,144,9,1,201,16,10,26,227
06/19/2014,ITO,HI,AWP,WE,Combined TRACON& Tower with Radar,43,7,3,6,59,0,136,6,8,150,43,143,9,14,209,74,24,98,307
06/20/2014,ITO,HI,AWP,WE,Combined TRACON& Tower with Radar,44,14,4,11,73,0,92,14,16,122,44,106,18,27,195,4,8,12,207
06/21/2014,ITO,HI,AWP,WE,Combined TRACON& Tower with Radar,34,13,2,6,55,0,95,17,0,112,34,108,19,6,167,22,2,24,191
06/22/2014,ITO,HI,AWP,WE,Combined TRACON& Tower with Radar,34,1,1,0,36,0,93,1,4,98,34,94,2,4,134,2,0,2,136
06/23/2014,ITO,HI,AWP,WE,Combined TRACON& Tower with Radar,43,12,0,2,57,0,66,9,0,75,43,78,9,2,132,38,0,38,170
06/24/2014,ITO,HI,AWP,WE,Combined TRACON& Tower with Radar,45,8,2,2,57,0,150,20,0,170,45,158,22,2,227,40,2,42,269
06/25/2014,ITO,HI,AWP,WE,Combined TRACON& Tower with Radar,43,12,10,2,67,0,151,18,4,173,43,163,28,6,240,4,2,6,246
06/26/2014,ITO,HI,AWP,WE,Combined TRACON& Tower with Radar,44,7,9,3,63,0,116,20,0,136,44,123,29,3,199,30,0,30,229
06/27/2014,ITO,HI,AWP,WE,Combined TRACON& Tower with Radar,46,7,5,5,63,0,159,8,0,167,46,166,13,5,230,14,0,14,244
06/28/2014,ITO,HI,AWP,WE,Combined TRACON& Tower with Radar,34,9,2,0,45,0,94,10,0,104,34,103,12,0,149,0,0,0,149
06/29/2014,ITO,HI,AWP,WE,Combined TRACON& Tower with Radar,34,1,1,0,36,0,85,4,0,89,34,86,5,0,125,10,0,10,135
06/30/2014,ITO,HI,AWP,WE,Combined TRACON& Tower with Radar,44,9,1,13,67,0,141,10,13,164,44,150,11,26,231,4,40,44,275
07/01/2014,ITO,HI,AWP,WE,Combined TRACON& Tower with Radar,42,7,2,16,67,0,151,5,24,180,42,158,7,40,247,0,48,48,295
07/02/2014,ITO,HI,AWP,WE,Combined TRACON& Tower with Radar,42,7,1,10,60,0,103,10,6,119,42,110,11,16,179,30,22,52,231
07/03/2014,ITO,HI,AWP,WE,Combined TRACON& Tower with Radar,44,5,2,0,51,0,174,5,0,179,44,179,7,0,230,14,0,14,244
07/04/2014,ITO,HI,AWP,WE,Combined TRACON& Tower with Radar,42,4,3,0,49,0,146,3,0,149,42,150,6,0,198,16,0,16,214
07/05/2014,ITO,HI,AWP,WE,Combined TRACON& Tower with Radar,34,6,5,0,45,0,147,5,0,152,34,153,10,0,197,8,0,8,205
07/06/2014,ITO,HI,AWP,WE,Combined TRACON& Tower with Radar,36,3,0,3,42,0,111,9,0,120,36,114,9,3,162,14,0,14,176
07/07/2014,ITO,HI,AWP,WE,Combined TRACON& Tower with Radar,45,9,0,0,54,0,17,6,0,23,45,26,6,0,77,0,0,0,77
07/08/2014,ITO,HI,AWP,WE,Combined TRACON& Tower with Radar,42,7,3,3,55,0,169,6,3,178,42,176,9,6,233,6,0,6,239
07/09/2014,ITO,HI,AWP,WE,Combined TRACON& Tower with Radar,43,9,1,12,65,0,106,6,4,116,43,115,7,16,181,18,35,53,234
07/10/2014,ITO,HI,AWP,WE,Combined TRACON& Tower with Radar,44,11,1,15,71,0,140,18,24,182,44,151,19,39,253,8,90,98,351
07/11/2014,ITO,HI,AWP,WE,Combined TRACON& Tower with Radar,43,15,2,9,69,0,133,8,5,146,43,148,10,14,215,6,2,8,223
07/12/2014,ITO,HI,AWP,WE,Combined TRACON& Tower with Radar,34,7,1,4,46,0,155,9,6,170,34,162,10,10,216,16,26,42,258
07/13/2014,ITO,HI,AWP,WE,Combined TRACON& Tower with Radar,35,9,0,3,47,0,9,1,0,10,35,18,1,3,57,0,0,0,57
07/14/2014,ITO,HI,AWP,WE,Combined TRACON& Tower with Radar,51,14,10,3,78,0,33,2,1,36,51,47,12,4,114,2,0,2,116
07/15/2014,ITO,HI,AWP,WE,Combined TRACON& Tower with Radar,42,17,1,13,73,0,28,2,7,37,42,45,3,20,110,8,0,8,118
07/16/2014,ITO,HI,AWP,WE,Combined TRACON& Tower with Radar,44,15,1,9,69,0,147,12,1,160,44,162,13,10,229,8,0,8,237
07/17/2014,ITO,HI,AWP,WE,Combined TRACON& Tower with Radar,46,12,3,9,70,0,26,1,7,34,46,38,4,16,104,4,0,4,108
07/18/2014,ITO,HI,AWP,WE,Combined TRACON& Tower with Radar,45,5,1,1,52,0,187,16,0,203,45,192,17,1,255,30,0,30,285
07/19/2014,ITO,HI,AWP,WE,Combined TRACON& Tower with Radar,38,12,0,0,50,0,12,3,0,15,38,24,3,0,65,0,0,0,65
07/20/2014,ITO,HI,AWP,WE,Combined TRACON& Tower with Radar,36,5,2,0,43,0,58,2,0,60,36,63,4,0,103,6,0,6,109
07/21/2014,ITO,HI,AWP,WE,Combined TRACON& Tower with Radar,41,14,0,0,55,0,127,9,0,136,41,141,9,0,191,54,0,54,245
07/22/2014,ITO,HI,AWP,WE,Combined TRACON& Tower with Radar,39,9,5,21,74,0,126,9,20,155,39,135,14,41,229,40,12,52,281
07/23/2014,ITO,HI,AWP,WE,Combined TRACON& Tower with Radar,44,6,1,2,53,0,153,64,2,219,44,159,65,4,272,76,18,94,366
07/24/2014,ITO,HI,AWP,WE,Combined TRACON& Tower with Radar,44,9,0,5,58,0,171,23,3,197,44,180,23,8,255,30,12,42,297
07/25/2014,ITO,HI,AWP,WE,Combined TRACON& Tower with Radar,42,4,1,8,55,0,201,12,5,218,42,205,13,13,273,18,4,22,295
07/26/2014,ITO,HI,AWP,WE,Combined TRACON& Tower with Radar,33,14,1,7,55,0,140,9,2,151,33,154,10,9,206,16,26,42,248
07/27/2014,ITO,HI,AWP,WE,Combined TRACON& Tower with Radar,38,6,1,2,47,0,115,4,3,122,38,121,5,5,169,24,0,24,193
07/28/2014,ITO,HI,AWP,WE,Combined TRACON& Tower with Radar,44,26,5,7,82,0,160,22,2,184,44,186,27,9,266,2,2,4,270
07/29/2014,ITO,HI,AWP,WE,Combined TRACON& Tower with Radar,43,6,1,12,62,0,201,10,14,225,43,207,11,26,287,12,68,80,367
07/30/2014,ITO,HI,AWP,WE,Combined TRACON& Tower with Radar,47,9,1,6,63,0,167,21,7,195,47,176,22,13,258,18,0,18,276
07/31/2014,ITO,HI,AWP,WE,Combined TRACON& Tower with Radar,43,5,3,4,55,0,161,5,1,167,43,166,8,5,222,12,14,26,248
08/01/2014,ITO,HI,AWP,WE,Combined TRACON& Tower with Radar,45,11,6,19,81,0,24,0,7,31,45,35,6,26,112,0,0,0,112
08/02/2014,ITO,HI,AWP,WE,Combined TRACON& Tower with Radar,34,10,5,6,55,0,152,6,23,181,34,162,11,29,236,8,4,12,248
08/03/2014,ITO,HI,AWP,WE,Combined TRACON& Tower with Radar,34,5,3,0,42,0,150,12,2,164,34,155,15,2,206,10,0,10,216
08/04/2014,ITO,HI,AWP,WE,Combined TRACON& Tower with Radar,44,11,4,30,89,0,151,18,3,172,44,162,22,33,261,16,42,58,319
08/05/2014,ITO,HI,AWP,WE,Combined TRACON& Tower with Radar,43,10,3,11,67,0,221,9,10,240,43,231,12,21,307,12,24,36,343
08/06/2014,ITO,HI,AWP,WE,Combined TRACON& Tower with Radar,41,9,1,0,51,0,186,10,0,196,41,195,11,0,247,10,0,10,257
08/07/2014,ITO,HI,AWP,WE,Combined TRACON& Tower with Radar,29,7,4,0,40,0,2,3,0,5,29,9,7,0,45,6,0,6,51
08/08/2014,ITO,HI,AWP,WE,Combined TRACON& Tower with Radar,38,4,0,1,43,0,8,5,9,22,38,12,5,10,65,0,2,2,67
08/09/2014,ITO,HI,AWP,WE,Combined TRACON& Tower with Radar,39,8,1,0,48,0,79,6,1,86,39,87,7,1,134,2,0,2,136
08/10/2014,ITO,HI,AWP,WE,Combined TRACON& Tower with Radar,36,7,0,0,43,0,77,13,0,90,36,84,13,0,133,6,0,6,139
08/11/2014,ITO,HI,AWP,WE,Combined TRACON& Tower with Radar,47,16,0,0,63,0,137,9,0,146,47,153,9,0,209,12,0,12,221
08/12/2014,ITO,HI,AWP,WE,Combined TRACON& Tower with Radar,46,9,2,13,70,0,185,8,10,203,46,194,10,23,273,0,32,32,305
08/13/2014,ITO,HI,AWP,WE,Combined TRACON& Tower with Radar,43,10,2,1,56,0,169,9,9,187,43,179,11,10,243,2,4,6,249
08/14/2014,ITO,HI,AWP,WE,Combined TRACON& Tower with Radar,45,11,4,21,81,0,167,16,19,202,45,178,20,40,283,20,38,58,341
08/15/2014,ITO,HI,AWP,WE,Combined TRACON& Tower with Radar,48,6,0,2,56,0,173,35,0,208,48,179,35,2,264,10,2,12,276
08/16/2014,ITO,HI,AWP,WE,Combined TRACON& Tower with Radar,36,5,3,0,44,0,111,24,0,135,36,116,27,0,179,38,0,38,217
08/17/2014,ITO,HI,AWP,WE,Combined TRACON& Tower with Radar,32,5,1,0,38,0,108,16,0,124,32,113,17,0,162,28,0,28,190
08/18/2014,ITO,HI,AWP,WE,Combined TRACON& Tower with Radar,45,8,0,5,58,0,116,8,2,126,45,124,8,7,184,30,2,32,216
08/19/2014,ITO,HI,AWP,WE,Combined TRACON& Tower with Radar,44,11,2,2,59,0,184,11,4,199,44,195,13,6,258,14,2,16,274
08/20/2014,ITO,HI,AWP,WE,Combined TRACON& Tower with Radar,44,15,1,26,86,0,158,4,24,186,44,173,5,50,272,8,50,58,330
08/21/2014,ITO,HI,AWP,WE,Combined TRACON& Tower with Radar,45,15,1,1,62,0,144,10,2,156,45,159,11,3,218,24,0,24,242
08/22/2014,ITO,HI,AWP,WE,Combined TRACON& Tower with Radar,45,4,0,0,49,0,122,14,0,136,45,126,14,0,185,2,0,2,187
08/23/2014,ITO,HI,AWP,WE,Combined TRACON& Tower with Radar,35,11,0,2,48,0,109,14,5,128,35,120,14,7,176,2,0,2,178
08/24/2014,ITO,HI,AWP,WE,Combined TRACON& Tower with Radar,33,8,1,0,42,0,98,6,0,104,33,106,7,0,146,4,0,4,150
08/25/2014,ITO,HI,AWP,WE,Combined TRACON& Tower with Radar,42,16,1,0,59,0,102,11,4,117,42,118,12,4,176,24,36,60,236
08/26/2014,ITO,HI,AWP,WE,Combined TRACON& Tower with Radar,43,12,2,15,72,0,153,8,12,173,43,165,10,27,245,16,38,54,299
08/27/2014,ITO,HI,AWP,WE,Combined TRACON& Tower with Radar,46,9,0,10,65,2,137,8,6,153,48,146,8,16,218,2,68,70,288
08/28/2014,ITO,HI,AWP,WE,Combined TRACON& Tower with Radar,46,6,0,2,54,0,106,13,9,128,46,112,13,11,182,26,41,67,249
08/29/2014,ITO,HI,AWP,WE,Combined TRACON& Tower with Radar,46,8,2,0,56,0,121,11,0,132,46,129,13,0,188,2,0,2,190
08/30/2014,ITO,HI,AWP,WE,Combined TRACON& Tower with Radar,35,13,1,0,49,0,104,13,3,120,35,117,14,3,169,2,0,2,171
08/31/2014,ITO,HI,AWP,WE,Combined TRACON& Tower with Radar,36,4,3,0,43,0,98,7,0,105,36,102,10,0,148,4,0,4,152
09/01/2014,ITO,HI,AWP,WE,Combined TRACON& Tower with Radar,42,6,4,0,52,0,113,15,0,128,42,119,19,0,180,10,0,10,190
09/02/2014,ITO,HI,AWP,WE,Combined TRACON& Tower with Radar,44,12,6,8,70,0,141,4,4,149,44,153,10,12,219,8,23,31,250
09/03/2014,ITO,HI,AWP,WE,Combined TRACON& Tower with Radar,43,13,3,2,61,0,141,15,2,158,43,154,18,4,219,8,26,34,253
09/04/2014,ITO,HI,AWP,WE,Combined TRACON& Tower with Radar,46,7,6,4,63,0,125,11,9,145,46,132,17,13,208,2,45,47,255
09/05/2014,ITO,HI,AWP,WE,Combined TRACON& Tower with Radar,43,13,0,19,75,0,102,14,1,117,43,115,14,20,192,6,22,28,220
09/06/2014,ITO,HI,AWP,WE,Combined TRACON& Tower with Radar,39,13,3,4,59,0,79,10,2,91,39,92,13,6,150,0,2,2,152
09/07/2014,ITO,HI,AWP,WE,Combined TRACON& Tower with Radar,33,9,1,6,49,0,74,10,0,84,33,83,11,6,133,0,4,4,137
09/08/2014,ITO,HI,AWP,WE,Combined TRACON& Tower with Radar,45,13,4,4,66,0,121,25,11,157,45,134,29,15,223,6,10,16,239
09/09/2014,ITO,HI,AWP,WE,Combined TRACON& Tower with Radar,52,12,5,29,98,0,169,12,13,194,52,181,17,42,292,16,70,86,378
09/10/2014,ITO,HI,AWP,WE,Combined TRACON& Tower with Radar,41,13,5,10,69,0,125,14,18,157,41,138,19,28,226,6,44,50,276
09/11/2014,ITO,HI,AWP,WE,Combined TRACON& Tower with Radar,46,11,8,9,74,0,129,17,18,164,46,140,25,27,238,4,12,16,254
09/12/2014,ITO,HI,AWP,WE,Combined TRACON& Tower with Radar,45,18,3,5,71,0,128,19,4,151,45,146,22,9,222,0,21,21,243
09/13/2014,ITO,HI,AWP,WE,Combined TRACON& Tower with Radar,34,16,0,0,50,0,151,7,2,160,34,167,7,2,210,4,0,4,214
09/14/2014,ITO,HI,AWP,WE,Combined TRACON& Tower with Radar,33,6,2,2,43,0,108,13,1,122,33,114,15,3,165,20,0,20,185
09/15/2014,ITO,HI,AWP,WE,Combined TRACON& Tower with Radar,44,13,2,12,71,0,150,18,12,180,44,163,20,24,251,8,30,38,289
09/16/2014,ITO,HI,AWP,WE,Combined TRACON& Tower with Radar,45,7,0,17,69,0,213,13,23,249,45,220,13,40,318,2,68,70,388
09/17/2014,ITO,HI,AWP,WE,Combined TRACON& Tower with Radar,44,15,3,24,86,0,202,10,21,233,44,217,13,45,319,0,40,40,359
09/18/2014,ITO,HI,AWP,WE,Combined TRACON& Tower with Radar,44,9,0,5,58,0,192,6,2,200,44,201,6,7,258,2,48,50,308
09/19/2014,ITO,HI,AWP,WE,Combined TRACON& Tower with Radar,52,4,1,3,60,0,135,7,2,144,52,139,8,5,204,4,2,6,210
09/20/2014,ITO,HI,AWP,WE,Combined TRACON& Tower with Radar,32,14,0,0,46,0,137,20,0,157,32,151,20,0,203,26,0,26,229
09/21/2014,ITO,HI,AWP,WE,Combined TRACON& Tower with Radar,34,7,3,0,44,0,82,12,0,94,34,89,15,0,138,4,0,4,142
09/22/2014,ITO,HI,AWP,WE,Combined TRACON& Tower with Radar,43,10,0,8,61,0,131,11,5,147,43,141,11,13,208,16,4,20,228
09/23/2014,ITO,HI,AWP,WE,Combined TRACON& Tower with Radar,40,10,2,8,60,2,192,19,5,218,42,202,21,13,278,12,52,64,342
09/24/2014,ITO,HI,AWP,WE,Combined TRACON& Tower with Radar,38,18,0,5,61,4,159,29,0,192,42,177,29,5,253,10,18,28,281
09/25/2014,ITO,HI,AWP,WE,Combined TRACON& Tower with Radar,44,9,0,8,61,0,146,13,16,175,44,155,13,24,236,6,20,26,262
09/26/2014,ITO,HI,AWP,WE,Combined TRACON& Tower with Radar,48,13,3,10,74,0,166,10,4,180,48,179,13,14,254,0,4,4,258
09/27/2014,ITO,HI,AWP,WE,Combined TRACON& Tower with Radar,34,11,2,4,51,0,82,0,2,84,34,93,2,6,135,4,2,6,141
09/28/2014,ITO,HI,AWP,WE,Combined TRACON& Tower with Radar,33,12,2,4,51,0,114,2,2,118,33,126,4,6,169,0,0,0,169
09/29/2014,ITO,HI,AWP,WE,Combined TRACON& Tower with Radar,45,14,1,0,60,0,130,10,0,140,45,144,11,0,200,4,0,4,204
09/30/2014,ITO,HI,AWP,WE,Combined TRACON& Tower with Radar,41,14,3,2,60,0,181,9,2,192,41,195,12,4,252,24,0,24,276
10/01/2014,ITO,HI,AWP,WE,Combined TRACON& Tower with Radar,41,12,2,28,83,2,198,16,7,223,43,210,18,35,306,18,75,93,399
10/02/2014,ITO,HI,AWP,WE,Combined TRACON& Tower with Radar,40,12,0,15,67,1,173,8,17,199,41,185,8,32,266,10,40,50,316
10/03/2014,ITO,HI,AWP,WE,Combined TRACON& Tower with Radar,44,7,0,2,53,0,164,8,1,173,44,171,8,3,226,0,0,0,226
10/04/2014,ITO,HI,AWP,WE,Combined TRACON& Tower with Radar,38,9,4,5,56,0,129,25,9,163,38,138,29,14,219,36,12,48,267
10/05/2014,ITO,HI,AWP,WE,Combined TRACON& Tower with Radar,33,8,1,2,44,0,98,16,4,118,33,106,17,6,162,26,0,26,188
10/06/2014,ITO,HI,AWP,WE,Combined TRACON& Tower with Radar,44,12,1,18,75,0,130,26,11,167,44,142,27,29,242,11,40,51,293
10/07/2014,ITO,HI,AWP,WE,Combined TRACON& Tower with Radar,42,11,1,4,58,0,187,10,3,200,42,198,11,7,258,2,14,16,274
10/08/2014,ITO,HI,AWP,WE,Combined TRACON& Tower with Radar,42,12,4,3,61,0,131,6,4,141,42,143,10,7,202,12,0,12,214
10/09/2014,ITO,HI,AWP,WE,Combined TRACON& Tower with Radar,42,20,0,26,88,0,172,11,21,204,42,192,11,47,292,4,76,80,372
10/10/2014,ITO,HI,AWP,WE,Combined TRACON& Tower with Radar,45,11,3,9,68,0,167,10,0,177,45,178,13,9,245,4,14,18,263
10/11/2014,ITO,HI,AWP,WE,Combined TRACON& Tower with Radar,32,21,1,0,54,0,90,11,0,101,32,111,12,0,155,10,0,10,165
10/12/2014,ITO,HI,AWP,WE,Combined TRACON& Tower with Radar,33,13,1,0,47,0,97,6,0,103,33,110,7,0,150,14,0,14,164
10/13/2014,ITO,HI,AWP,WE,Combined TRACON& Tower with Radar,45,6,1,1,53,0,76,5,0,81,45,82,6,1,134,2,0,2,136
10/14/2014,ITO,HI,AWP,WE,Combined TRACON& Tower with Radar,42,6,0,19,67,0,189,15,14,218,42,195,15,33,285,16,66,82,367
10/15/2014,ITO,HI,AWP,WE,Combined TRACON& Tower with Radar,41,19,2,14,76,0,106,8,0,114,41,125,10,14,190,0,22,22,212
10/16/2014,ITO,HI,AWP,WE,Combined TRACON& Tower with Radar,44,12,5,1,62,0,191,22,6,219,44,203,27,7,281,10,2,12,293
10/17/2014,ITO,HI,AWP,WE,Combined TRACON& Tower with Radar,49,10,2,0,61,0,24,4,0,28,49,34,6,0,89,2,2,4,93
10/18/2014,ITO,HI,AWP,WE,Combined TRACON& Tower with Radar,39,13,0,0,52,0,4,0,0,4,39,17,0,0,56,0,0,0,56
10/19/2014,ITO,HI,AWP,WE,Combined TRACON& Tower with Radar,33,3,4,0,40,0,51,4,0,55,33,54,8,0,95,4,0,4,99
10/20/2014,ITO,HI,AWP,WE,Combined TRACON& Tower with Radar,42,23,1,0,66,0,125,15,2,142,42,148,16,2,208,10,0,10,218
10/21/2014,ITO,HI,AWP,WE,Combined TRACON& Tower with Radar,53,18,4,11,86,0,192,7,0,199,53,210,11,11,285,4,68,72,357
10/22/2014,ITO,HI,AWP,WE,Combined TRACON& Tower with Radar,39,13,0,3,55,0,125,5,12,142,39,138,5,15,197,14,26,40,237
10/23/2014,ITO,HI,AWP,WE,Combined TRACON& Tower with Radar,46,11,3,17,77,0,173,13,14,200,46,184,16,31,277,36,70,106,383
10/24/2014,ITO,HI,AWP,WE,Combined TRACON& Tower with Radar,48,10,2,2,62,0,136,16,1,153,48,146,18,3,215,12,16,28,243
10/25/2014,ITO,HI,AWP,WE,Combined TRACON& Tower with Radar,38,8,1,0,47,0,100,14,0,114,38,108,15,0,161,18,0,18,179
10/26/2014,ITO,HI,AWP,WE,Combined TRACON& Tower with Radar,31,9,6,2,48,0,48,5,4,57,31,57,11,6,105,42,12,54,159
10/27/2014,ITO,HI,AWP,WE,Combined TRACON& Tower with Radar,43,21,1,9,74,0,141,12,11,164,43,162,13,20,238,26,18,44,282
10/28/2014,ITO,HI,AWP,WE,Combined TRACON& Tower with Radar,43,12,3,29,87,0,181,29,18,228,43,193,32,47,315,0,100,100,415
10/29/2014,ITO,HI,AWP,WE,Combined TRACON& Tower with Radar,40,13,3,12,68,0,100,13,2,115,40,113,16,14,183,12,4,16,199
10/30/2014,ITO,HI,AWP,WE,Combined TRACON& Tower with Radar,48,13,2,17,80,0,137,14,9,160,48,150,16,26,240,10,22,32,272
10/31/2014,ITO,HI,AWP,WE,Combined TRACON& Tower with Radar,49,3,2,5,59,0,106,11,9,126,49,109,13,14,185,0,37,37,222
11/01/2014,ITO,HI,AWP,WE,Combined TRACON& Tower with Radar,37,6,0,0,43,0,72,8,8,88,37,78,8,8,131,18,25,43,174
11/02/2014,ITO,HI,AWP,WE,Combined TRACON& Tower with Radar,36,6,0,8,50,0,35,25,6,66,36,41,25,14,116,8,0,8,124
11/03/2014,ITO,HI,AWP,WE,Combined TRACON& Tower with Radar,44,12,1,5,62,0,32,6,2,40,44,44,7,7,102,2,12,14,116
11/04/2014,ITO,HI,AWP,WE,Combined TRACON& Tower with Radar,48,12,0,13,73,0,91,13,9,113,48,103,13,22,186,2,34,36,222
11/05/2014,ITO,HI,AWP,WE,Combined TRACON& Tower with Radar,40,15,8,20,83,0,172,16,10,198,40,187,24,30,281,8,48,56,337
11/06/2014,ITO,HI,AWP,WE,Combined TRACON& Tower with Radar,45,8,1,11,65,0,119,19,17,155,45,127,20,28,220,24,58,82,302
11/07/2014,ITO,HI,AWP,WE,Combined TRACON& Tower with Radar,49,10,3,6,68,0,137,34,1,172,49,147,37,7,240,6,20,26,266
11/08/2014,ITO,HI,AWP,WE,Combined TRACON& Tower with Radar,38,10,0,3,51,0,109,8,0,117,38,119,8,3,168,7,0,7,175
11/09/2014,ITO,HI,AWP,WE,Combined TRACON& Tower with Radar,34,4,7,3,48,0,92,8,5,105,34,96,15,8,153,0,2,2,155
11/10/2014,ITO,HI,AWP,WE,Combined TRACON& Tower with Radar,48,15,1,11,75,0,159,7,2,168,48,174,8,13,243,18,18,36,279
11/11/2014,ITO,HI,AWP,WE,Combined TRACON& Tower with Radar,46,11,1,4,62,0,164,20,0,184,46,175,21,4,246,10,4,14,260
11/12/2014,ITO,HI,AWP,WE,Combined TRACON& Tower with Radar,43,12,0,14,69,0,85,13,13,111,43,97,13,27,180,18,50,68,248
11/13/2014,ITO,HI,AWP,WE,Combined TRACON& Tower with Radar,42,18,2,2,64,0,132,10,4,146,42,150,12,6,210,10,18,28,238
11/14/2014,ITO,HI,AWP,WE,Combined TRACON& Tower with Radar,42,13,0,3,58,0,117,7,4,128,42,130,7,7,186,0,40,40,226
11/15/2014,ITO,HI,AWP,WE,Combined TRACON& Tower with Radar,35,17,0,0,52,0,141,28,2,171,35,158,28,2,223,2,2,4,227
11/16/2014,ITO,HI,AWP,WE,Combined TRACON& Tower with Radar,35,12,6,0,53,0,94,21,0,115,35,106,27,0,168,6,0,6,174
11/17/2014,ITO,HI,AWP,WE,Combined TRACON& Tower with Radar,40,16,2,3,61,0,140,29,17,186,40,156,31,20,247,4,68,72,319
11/18/2014,ITO,HI,AWP,WE,Combined TRACON& Tower with Radar,44,11,7,14,76,0,180,14,20,214,44,191,21,34,290,4,60,64,354
11/19/2014,ITO,HI,AWP,WE,Combined TRACON& Tower with Radar,40,14,0,5,59,0,92,11,2,105,40,106,11,7,164,4,34,38,202
11/20/2014,ITO,HI,AWP,WE,Combined TRACON& Tower with Radar,44,25,7,13,89,0,63,3,5,71,44,88,10,18,160,2,32,34,194
11/21/2014,ITO,HI,AWP,WE,Combined TRACON& Tower with Radar,46,13,1,4,64,0,60,5,11,76,46,73,6,15,140,4,36,40,180
11/22/2014,ITO,HI,AWP,WE,Combined TRACON& Tower with Radar,36,15,4,0,55,0,126,22,0,148,36,141,26,0,203,0,0,0,203
11/23/2014,ITO,HI,AWP,WE,Combined TRACON& Tower with Radar,35,8,3,0,46,0,135,21,4,160,35,143,24,4,206,12,8,20,226
11/24/2014,ITO,HI,AWP,WE,Combined TRACON& Tower with Radar,42,21,3,8,74,0,161,11,8,180,42,182,14,16,254,18,30,48,302
11/25/2014,ITO,HI,AWP,WE,Combined TRACON& Tower with Radar,42,16,3,16,77,0,112,9,19,140,42,128,12,35,217,20,26,46,263
11/26/2014,ITO,HI,AWP,WE,Combined TRACON& Tower with Radar,49,16,9,2,76,0,96,15,0,111,49,112,24,2,187,85,6,91,278
11/27/2014,ITO,HI,AWP,WE,Combined TRACON& Tower with Radar,39,12,4,0,55,0,94,8,0,102,39,106,12,0,157,22,0,22,179
11/28/2014,ITO,HI,AWP,WE,Combined TRACON& Tower with Radar,42,23,5,0,70,0,164,17,0,181,42,187,22,0,251,22,0,22,273
11/29/2014,ITO,HI,AWP,WE,Combined TRACON& Tower with Radar,38,13,1,1,53,0,75,27,0,102,38,88,28,1,155,56,0,56,211
11/30/2014,ITO,HI,AWP,WE,Combined TRACON& Tower with Radar,38,8,8,0,54,0,128,13,3,144,38,136,21,3,198,60,0,60,258
12/01/2014,ITO,HI,AWP,WE,Combined TRACON& Tower with Radar,40,17,4,8,69,0,118,19,5,142,40,135,23,13,211,16,28,44,255
12/02/2014,ITO,HI,AWP,WE,Combined TRACON& Tower with Radar,45,5,2,16,68,0,180,33,5,218,45,185,35,21,286,38,38,76,362
12/03/2014,ITO,HI,AWP,WE,Combined TRACON& Tower with Radar,47,19,0,10,76,0,75,8,12,95,47,94,8,22,171,6,16,22,193
12/04/2014,ITO,HI,AWP,WE,Combined TRACON& Tower with Radar,44,16,4,14,78,1,105,8,11,125,45,121,12,25,203,6,4,10,213
12/05/2014,ITO,HI,AWP,WE,Combined TRACON& Tower with Radar,44,15,3,0,62,0,115,16,7,138,44,130,19,7,200,0,0,0,200
12/06/2014,ITO,HI,AWP,WE,Combined TRACON& Tower with Radar,40,17,2,7,66,0,118,9,0,127,40,135,11,7,193,111,8,119,312
12/07/2014,ITO,HI,AWP,WE,Combined TRACON& Tower with Radar,32,12,1,10,55,0,74,14,0,88,32,86,15,10,143,60,0,60,203
12/08/2014,ITO,HI,AWP,WE,Combined TRACON& Tower with Radar,42,9,2,3,56,0,126,16,0,142,42,135,18,3,198,72,0,72,270
12/09/2014,ITO,HI,AWP,WE,Combined TRACON& Tower with Radar,47,9,9,12,77,0,174,9,8,191,47,183,18,20,268,22,10,32,300
12/10/2014,ITO,HI,AWP,WE,Combined TRACON& Tower with Radar,44,11,1,6,62,0,141,24,14,179,44,152,25,20,241,76,34,110,351
12/11/2014,ITO,HI,AWP,WE,Combined TRACON& Tower with Radar,46,5,0,8,59,0,118,25,10,153,46,123,25,18,212,13,4,17,229
12/12/2014,ITO,HI,AWP,WE,Combined TRACON& Tower with Radar,49,10,0,1,60,0,10,9,3,22,49,20,9,4,82,0,0,0,82
12/13/2014,ITO,HI,AWP,WE,Combined TRACON& Tower with Radar,35,13,0,0,48,0,85,7,0,92,35,98,7,0,140,8,0,8,148
12/14/2014,ITO,HI,AWP,WE,Combined TRACON& Tower with Radar,31,12,5,0,48,0,82,5,0,87,31,94,10,0,135,18,2,20,155
12/15/2014,ITO,HI,AWP,WE,Combined TRACON& Tower with Radar,43,13,0,27,83,0,103,11,0,114,43,116,11,27,197,10,8,18,215
12/16/2014,ITO,HI,AWP,WE,Combined TRACON& Tower with Radar,48,14,2,3,67,0,125,9,8,142,48,139,11,11,209,22,18,40,249
12/17/2014,ITO,HI,AWP,WE,Combined TRACON& Tower with Radar,43,19,0,7,69,0,138,12,16,166,43,157,12,23,235,20,16,36,271
12/18/2014,ITO,HI,AWP,WE,Combined TRACON& Tower with Radar,47,6,3,6,62,0,107,14,11,132,47,113,17,17,194,20,18,38,232
12/19/2014,ITO,HI,AWP,WE,Combined TRACON& Tower with Radar,50,19,0,5,74,0,142,19,2,163,50,161,19,7,237,0,12,12,249
12/20/2014,ITO,HI,AWP,WE,Combined TRACON& Tower with Radar,41,14,2,0,57,0,137,4,2,143,41,151,6,2,200,16,0,16,216
12/21/2014,ITO,HI,AWP,WE,Combined TRACON& Tower with Radar,34,8,2,0,44,0,145,1,0,146,34,153,3,0,190,8,0,8,198
12/22/2014,ITO,HI,AWP,WE,Combined TRACON& Tower with Radar,46,16,4,4,70,0,189,8,2,199,46,205,12,6,269,10,8,18,287
12/23/2014,ITO,HI,AWP,WE,Combined TRACON& Tower with Radar,46,19,4,6,75,0,20,5,0,25,46,39,9,6,100,8,0,8,108
12/24/2014,ITO,HI,AWP,WE,Combined TRACON& Tower with Radar,46,20,0,0,66,0,182,13,0,195,46,202,13,0,261,2,0,2,263
12/25/2014,ITO,HI,AWP,WE,Combined TRACON& Tower with Radar,40,13,1,0,54,0,143,12,0,155,40,156,13,0,209,0,0,0,209
12/26/2014,ITO,HI,AWP,WE,Combined TRACON& Tower with Radar,43,12,2,0,57,0,208,19,0,227,43,220,21,0,284,0,0,0,284
12/27/2014,ITO,HI,AWP,WE,Combined TRACON& Tower with Radar,39,26,5,6,76,0,198,14,0,212,39,224,19,6,288,18,0,18,306
12/28/2014,ITO,HI,AWP,WE,Combined TRACON& Tower with Radar,39,14,9,0,62,0,189,17,0,206,39,203,26,0,268,14,0,14,282
12/29/2014,ITO,HI,AWP,WE,Combined TRACON& Tower with Radar,47,13,0,3,63,0,200,17,2,219,47,213,17,5,282,30,24,54,336
12/30/2014,ITO,HI,AWP,WE,Combined TRACON& Tower with Radar,46,11,3,10,70,0,179,27,2,208,46,190,30,12,278,16,20,36,314
12/31/2014,ITO,HI,AWP,WE,Combined TRACON& Tower with Radar,45,18,2,7,72,0,185,26,2,213,45,203,28,9,285,22,6,28,313
01/01/2015,ITO,HI,AWP,WE,Combined TRACON& Tower with Radar,41,17,2,0,60,0,185,7,0,192,41,202,9,0,252,4,0,4,256
01/02/2015,ITO,HI,AWP,WE,Combined TRACON& Tower with Radar,45,23,4,0,72,0,180,9,0,189,45,203,13,0,261,8,0,8,269
01/03/2015,ITO,HI,AWP,WE,Combined TRACON& Tower with Radar,44,20,11,0,75,0,116,7,0,123,44,136,18,0,198,6,0,6,204
01/04/2015,ITO,HI,AWP,WE,Combined TRACON& Tower with Radar,41,14,3,1,59,0,153,24,3,180,41,167,27,4,239,20,0,20,259
01/05/2015,ITO,HI,AWP,WE,Combined TRACON& Tower with Radar,46,19,1,1,67,0,167,22,0,189,46,186,23,1,256,14,0,14,270
01/06/2015,ITO,HI,AWP,WE,Combined TRACON& Tower with Radar,43,22,1,9,75,0,186,22,17,225,43,208,23,26,300,14,24,38,338
01/07/2015,ITO,HI,AWP,WE,Combined TRACON& Tower with Radar,42,9,3,19,73,0,159,18,14,191,42,168,21,33,264,14,22,36,300
01/08/2015,ITO,HI,AWP,WE,Combined TRACON& Tower with Radar,45,15,2,14,76,0,185,22,13,220,45,200,24,27,296,22,44,66,362
01/09/2015,ITO,HI,AWP,WE,Combined TRACON& Tower with Radar,45,13,0,15,73,0,131,21,11,163,45,144,21,26,236,70,24,94,330
01/10/2015,ITO,HI,AWP,WE,Combined TRACON& Tower with Radar,38,14,8,3,63,0,97,36,6,139,38,111,44,9,202,22,10,32,234
01/11/2015,ITO,HI,AWP,WE,Combined TRACON& Tower with Radar,34,7,0,2,43,0,104,27,11,142,34,111,27,13,185,12,12,24,209
01/12/2015,ITO,HI,AWP,WE,Combined TRACON& Tower with Radar,43,18,2,8,71,0,120,8,6,134,43,138,10,14,205,4,10,14,219
01/13/2015,ITO,HI,AWP,WE,Combined TRACON& Tower with Radar,41,19,6,27,93,0,215,31,14,260,41,234,37,41,353,60,36,96,449
01/14/2015,ITO,HI,AWP,WE,Combined TRACON& Tower with Radar,37,27,4,18,86,0,140,9,9,158,37,167,13,27,244,26,16,42,286
01/15/2015,ITO,HI,AWP,WE,Combined TRACON& Tower with Radar,44,12,2,10,68,0,113,6,7,126,44,125,8,17,194,10,12,22,216
01/16/2015,ITO,HI,AWP,WE,Combined TRACON& Tower with Radar,45,9,2,4,60,0,143,12,0,155,45,152,14,4,215,38,2,40,255
01/17/2015,ITO,HI,AWP,WE,Combined TRACON& Tower with Radar,36,13,0,0,49,0,148,27,0,175,36,161,27,0,224,0,0,0,224
01/18/2015,ITO,HI,AWP,WE,Combined TRACON& Tower with Radar,34,3,0,2,39,0,71,17,0,88,34,74,17,2,127,26,0,26,153
01/19/2015,ITO,HI,AWP,WE,Combined TRACON& Tower with Radar,40,13,5,1,59,0,135,16,2,153,40,148,21,3,212,6,2,8,220
01/20/2015,ITO,HI,AWP,WE,Combined TRACON& Tower with Radar,42,15,1,10,68,0,177,11,17,205,42,192,12,27,273,14,22,36,309
01/21/2015,ITO,HI,AWP,WE,Combined TRACON& Tower with Radar,47,7,5,8,67,0,144,7,10,161,47,151,12,18,228,2,10,12,240
01/22/2015,ITO,HI,AWP,WE,Combined TRACON& Tower with Radar,47,12,0,25,84,0,143,10,17,170,47,155,10,42,254,8,42,50,304
01/23/2015,ITO,HI,AWP,WE,Combined TRACON& Tower with Radar,44,15,1,2,62,0,123,12,0,135,44,138,13,2,197,4,0,4,201
01/24/2015,ITO,HI,AWP,WE,Combined TRACON& Tower with Radar,34,17,1,2,54,0,121,5,1,127,34,138,6,3,181,0,0,0,181
01/25/2015,ITO,HI,AWP,WE,Combined TRACON& Tower with Radar,33,10,3,11,57,0,5,3,0,8,33,15,6,11,65,0,0,0,65
01/26/2015,ITO,HI,AWP,WE,Combined TRACON& Tower with Radar,37,11,3,6,57,0,77,12,6,95,37,88,15,12,152,10,0,10,162
01/27/2015,ITO,HI,AWP,WE,Combined TRACON& Tower with Radar,41,13,5,3,62,0,190,18,3,211,41,203,23,6,273,22,8,30,303
01/28/2015,ITO,HI,AWP,WE,Combined TRACON& Tower with Radar,48,15,3,21,87,0,146,21,3,170,48,161,24,24,257,9,6,15,272
01/29/2015,ITO,HI,AWP,WE,Combined TRACON& Tower with Radar,47,9,1,7,64,0,161,17,11,189,47,170,18,18,253,12,12,24,277
01/30/2015,ITO,HI,AWP,WE,Combined TRACON& Tower with Radar,43,12,11,1,67,0,121,17,3,141,43,133,28,4,208,8,6,14,222
01/31/2015,ITO,HI,AWP,WE,Combined TRACON& Tower with Radar,34,7,1,3,45,0,136,11,0,147,34,143,12,3,192,44,0,44,236
02/01/2015,ITO,HI,AWP,WE,Combined TRACON& Tower with Radar,35,5,1,0,41,0,97,8,0,105,35,102,9,0,146,42,0,42,188
02/02/2015,ITO,HI,AWP,WE,Combined TRACON& Tower with Radar,44,6,0,2,52,0,133,9,0,142,44,139,9,2,194,20,2,22,216
02/03/2015,ITO,HI,AWP,WE,Combined TRACON& Tower with Radar,40,17,3,22,82,0,173,15,7,195,40,190,18,29,277,14,37,51,328
02/04/2015,ITO,HI,AWP,WE,Combined TRACON& Tower with Radar,40,11,1,15,67,0,178,17,2,197,40,189,18,17,264,14,36,50,314
02/05/2015,ITO,HI,AWP,WE,Combined TRACON& Tower with Radar,47,10,0,13,70,0,116,6,18,140,47,126,6,31,210,8,12,20,230
02/06/2015,ITO,HI,AWP,WE,Combined TRACON& Tower with Radar,43,17,2,23,85,0,135,13,6,154,43,152,15,29,239,14,7,21,260
02/07/2015,ITO,HI,AWP,WE,Combined TRACON& Tower with Radar,35,16,0,10,61,0,146,13,17,176,35,162,13,27,237,4,14,18,255
02/08/2015,ITO,HI,AWP,WE,Combined TRACON& Tower with Radar,35,10,0,10,55,0,89,14,4,107,35,99,14,14,162,0,16,16,178
02/09/2015,ITO,HI,AWP,WE,Combined TRACON& Tower with Radar,44,6,3,19,72,0,39,5,15,59,44,45,8,34,131,0,26,26,157
02/10/2015,ITO,HI,AWP,WE,Combined TRACON& Tower with Radar,46,3,3,14,66,0,186,12,6,204,46,189,15,20,270,8,20,28,298
02/11/2015,ITO,HI,AWP,WE,Combined TRACON& Tower with Radar,40,9,1,10,60,0,157,9,9,175,40,166,10,19,235,0,12,12,247
02/12/2015,ITO,HI,AWP,WE,Combined TRACON& Tower with Radar,49,12,5,12,78,0,133,8,6,147,49,145,13,18,225,8,54,62,287
02/13/2015,ITO,HI,AWP,WE,Combined TRACON& Tower with Radar,57,8,5,5,75,0,163,20,0,183,57,171,25,5,258,8,12,20,278
02/14/2015,ITO,HI,AWP,WE,Combined TRACON& Tower with Radar,37,18,2,1,58,0,109,17,0,126,37,127,19,1,184,10,0,10,194
02/15/2015,ITO,HI,AWP,WE,Combined TRACON& Tower with Radar,41,9,6,0,56,0,69,7,0,76,41,78,13,0,132,2,0,2,134
02/16/2015,ITO,HI,AWP,WE,Combined TRACON& Tower with Radar,47,11,1,2,61,0,120,14,3,137,47,131,15,5,198,12,14,26,224
02/17/2015,ITO,HI,AWP,WE,Combined TRACON& Tower with Radar,43,6,2,8,59,0,188,23,17,228,43,194,25,25,287,0,48,48,335
02/18/2015,ITO,HI,AWP,WE,Combined TRACON& Tower with Radar,46,15,0,2,63,0,195,21,6,222,46,210,21,8,285,16,2,18,303
02/19/2015,ITO,HI,AWP,WE,Combined TRACON& Tower with Radar,45,12,7,13,77,0,197,27,6,230,45,209,34,19,307,6,22,28,335
02/20/2015,ITO,HI,AWP,WE,Combined TRACON& Tower with Radar,49,14,1,16,80,0,135,19,11,165,49,149,20,27,245,8,54,62,307
02/21/2015,ITO,HI,AWP,WE,Combined TRACON& Tower with Radar,39,8,12,0,59,0,4,0,0,4,39,12,12,0,63,8,0,8,71
02/22/2015,ITO,HI,AWP,WE,Combined TRACON& Tower with Radar,37,9,5,0,51,0,101,6,0,107,37,110,11,0,158,6,0,6,164
02/23/2015,ITO,HI,AWP,WE,Combined TRACON& Tower with Radar,45,6,6,0,57,0,172,13,0,185,45,178,19,0,242,4,0,4,246
02/24/2015,ITO,HI,AWP,WE,Combined TRACON& Tower with Radar,45,13,7,7,72,0,164,15,3,182,45,177,22,10,254,16,22,38,292
02/25/2015,ITO,HI,AWP,WE,Combined TRACON& Tower with Radar,43,22,0,15,80,0,98,17,3,118,43,120,17,18,198,8,24,32,230
02/26/2015,ITO,HI,AWP,WE,Combined TRACON& Tower with Radar,46,10,16,3,75,0,144,33,9,186,46,154,49,12,261,44,8,52,313
02/27/2015,ITO,HI,AWP,WE,Combined TRACON& Tower with Radar,45,21,11,2,79,0,142,15,0,157,45,163,26,2,236,46,0,46,282
02/28/2015,ITO,HI,AWP,WE,Combined TRACON& Tower with Radar,37,13,4,1,55,0,86,10,2,98,37,99,14,3,153,6,0,6,159
03/01/2015,ITO,HI,AWP,WE,Combined TRACON& Tower with Radar,38,8,1,0,47,0,52,1,0,53,38,60,2,0,100,4,0,4,104
03/02/2015,ITO,HI,AWP,WE,Combined TRACON& Tower with Radar,43,7,4,6,60,0,20,15,1,36,43,27,19,7,96,10,0,10,106
03/03/2015,ITO,HI,AWP,WE,Combined TRACON& Tower with Radar,48,13,1,4,66,0,177,9,0,186,48,190,10,4,252,0,12,12,264
03/04/2015,ITO,HI,AWP,WE,Combined TRACON& Tower with Radar,42,14,0,6,62,0,7,0,12,19,42,21,0,18,81,0,2,2,83
03/05/2015,ITO,HI,AWP,WE,Combined TRACON& Tower with Radar,46,10,0,13,69,0,127,10,14,151,46,137,10,27,220,0,18,18,238
03/06/2015,ITO,HI,AWP,WE,Combined TRACON& Tower with Radar,47,15,2,26,90,0,13,3,4,20,47,28,5,30,110,0,10,10,120
03/07/2015,ITO,HI,AWP,WE,Combined TRACON& Tower with Radar,36,9,0,8,53,0,152,10,14,176,36,161,10,22,229,4,16,20,249
03/08/2015,ITO,HI,AWP,WE,Combined TRACON& Tower with Radar,39,10,0,2,51,0,51,3,5,59,39,61,3,7,110,2,0,2,112
03/09/2015,ITO,HI,AWP,WE,Combined TRACON& Tower with Radar,48,8,0,4,60,0,2,6,8,16,48,10,6,12,76,16,8,24,100
03/10/2015,ITO,HI,AWP,WE,Combined TRACON& Tower with Radar,49,10,2,3,64,0,178,11,4,193,49,188,13,7,257,0,30,30,287
03/11/2015,ITO,HI,AWP,WE,Combined TRACON& Tower with Radar,47,6,1,4,58,0,131,12,6,149,47,137,13,10,207,14,12,26,233
03/12/2015,ITO,HI,AWP,WE,Combined TRACON& Tower with Radar,46,15,1,12,74,0,105,11,4,120,46,120,12,16,194,25,4,29,223
03/13/2015,ITO,HI,AWP,WE,Combined TRACON& Tower with Radar,54,11,0,0,65,0,140,9,0,149,54,151,9,0,214,18,0,18,232
03/14/2015,ITO,HI,AWP,WE,Combined TRACON& Tower with Radar,39,17,2,9,67,0,114,10,3,127,39,131,12,12,194,6,0,6,200
03/15/2015,ITO,HI,AWP,WE,Combined TRACON& Tower with Radar,35,15,2,0,52,0,89,21,3,113,35,104,23,3,165,4,4,8,173
03/16/2015,ITO,HI,AWP,WE,Combined TRACON& Tower with Radar,44,16,1,17,78,0,146,28,10,184,44,162,29,27,262,8,24,32,294
03/17/2015,ITO,HI,AWP,WE,Combined TRACON& Tower with Radar,47,8,5,14,74,0,208,8,9,225,47,216,13,23,299,66,32,98,397
03/18/2015,ITO,HI,AWP,WE,Combined TRACON& Tower with Radar,44,19,3,8,74,0,123,16,7,146,44,142,19,15,220,18,24,42,262
03/19/2015,ITO,HI,AWP,WE,Combined TRACON& Tower with Radar,55,10,6,17,88,0,138,17,10,165,55,148,23,27,253,24,52,76,329
03/20/2015,ITO,HI,AWP,WE,Combined TRACON& Tower with Radar,47,15,1,17,80,0,110,21,3,134,47,125,22,20,214,17,30,47,261
03/21/2015,ITO,HI,AWP,WE,Combined TRACON& Tower with Radar,37,16,13,0,66,0,115,11,2,128,37,131,24,2,194,0,6,6,200
03/22/2015,ITO,HI,AWP,WE,Combined TRACON& Tower with Radar,38,11,0,0,49,0,92,3,0,95,38,103,3,0,144,2,0,2,146
03/23/2015,ITO,HI,AWP,WE,Combined TRACON& Tower with Radar,41,11,2,11,65,0,146,27,0,173,41,157,29,11,238,20,28,48,286
03/24/2015,ITO,HI,AWP,WE,Combined TRACON& Tower with Radar,41,23,2,29,95,0,143,16,25,184,41,166,18,54,279,18,78,96,375
03/25/2015,ITO,HI,AWP,WE,Combined TRACON& Tower with Radar,43,13,0,11,67,0,166,9,12,187,43,179,9,23,254,18,31,49,303
03/26/2015,ITO,HI,AWP,WE,Combined TRACON& Tower with Radar,47,17,3,7,74,0,134,16,8,158,47,151,19,15,232,4,26,30,262
03/27/2015,ITO,HI,AWP,WE,Combined TRACON& Tower with Radar,46,17,1,3,67,0,141,11,4,156,46,158,12,7,223,8,0,8,231
03/28/2015,ITO,HI,AWP,WE,Combined TRACON& Tower with Radar,37,12,17,3,69,0,119,19,0,138,37,131,36,3,207,34,4,38,245
03/29/2015,ITO,HI,AWP,WE,Combined TRACON& Tower with Radar,36,11,5,1,53,0,126,8,1,135,36,137,13,2,188,42,4,46,234
03/30/2015,ITO,HI,AWP,WE,Combined TRACON& Tower with Radar,47,10,0,0,57,0,144,11,0,155,47,154,11,0,212,22,0,22,234
03/31/2015,ITO,HI,AWP,WE,Combined TRACON& Tower with Radar,50,10,4,3,67,0,176,13,4,193,50,186,17,7,260,6,20,26,286
04/01/2015,ITO,HI,AWP,WE,Combined TRACON& Tower with Radar,43,9,0,6,58,0,140,6,0,146,43,149,6,6,204,0,0,0,204
04/02/2015,ITO,HI,AWP,WE,Combined TRACON& Tower with Radar,47,10,8,20,85,0,129,19,11,159,47,139,27,31,244,12,41,53,297
04/03/2015,ITO,HI,AWP,WE,Combined TRACON& Tower with Radar,48,10,4,7,69,0,190,15,2,207,48,200,19,9,276,16,0,16,292
04/04/2015,ITO,HI,AWP,WE,Combined TRACON& Tower with Radar,40,17,3,6,66,0,133,9,1,143,40,150,12,7,209,0,10,10,219
04/05/2015,ITO,HI,AWP,WE,Combined TRACON& Tower with Radar,36,7,4,2,49,0,91,3,0,94,36,98,7,2,143,2,0,2,145
04/06/2015,ITO,HI,AWP,WE,Combined TRACON& Tower with Radar,47,5,0,3,55,0,139,4,0,143,47,144,4,3,198,28,0,28,226
04/07/2015,ITO,HI,AWP,WE,Combined TRACON& Tower with Radar,45,13,3,2,63,0,129,14,15,158,45,142,17,17,221,8,60,68,289
04/08/2015,ITO,HI,AWP,WE,Combined TRACON& Tower with Radar,58,17,0,9,84,0,113,13,11,137,58,130,13,20,221,8,44,52,273
04/09/2015,ITO,HI,AWP,WE,Combined TRACON& Tower with Radar,44,16,0,2,62,0,59,11,10,80,44,75,11,12,142,6,18,24,166
04/10/2015,ITO,HI,AWP,WE,Combined TRACON& Tower with Radar,49,15,1,5,70,0,53,6,2,61,49,68,7,7,131,1,4,5,136
04/11/2015,ITO,HI,AWP,WE,Combined TRACON& Tower with Radar,40,10,9,7,66,0,117,13,7,137,40,127,22,14,203,12,0,12,215
04/12/2015,ITO,HI,AWP,WE,Combined TRACON& Tower with Radar,60,15,13,6,94,0,63,3,4,70,60,78,16,10,164,0,0,0,164
04/13/2015,ITO,HI,AWP,WE,Combined TRACON& Tower with Radar,51,7,1,1,60,0,49,15,4,68,51,56,16,5,128,8,0,8,136
04/14/2015,ITO,HI,AWP,WE,Combined TRACON& Tower with Radar,45,18,6,2,71,0,181,9,1,191,45,199,15,3,262,4,0,4,266
04/15/2015,ITO,HI,AWP,WE,Combined TRACON& Tower with Radar,46,15,4,16,81,0,17,3,2,22,46,32,7,18,103,2,0,2,105
04/16/2015,ITO,HI,AWP,WE,Combined TRACON& Tower with Radar,47,9,3,21,80,0,96,11,13,120,47,105,14,34,200,0,30,30,230
04/17/2015,ITO,HI,AWP,WE,Combined TRACON& Tower with Radar,48,16,7,5,76,0,63,9,2,74,48,79,16,7,150,8,0,8,158
04/18/2015,ITO,HI,AWP,WE,Combined TRACON& Tower with Radar,39,10,0,1,50,0,123,12,1,136,39,133,12,2,186,0,0,0,186
04/19/2015,ITO,HI,AWP,WE,Combined TRACON& Tower with Radar,38,6,8,0,52,0,63,2,0,65,38,69,10,0,117,0,0,0,117
04/20/2015,ITO,HI,AWP,WE,Combined TRACON& Tower with Radar,44,12,0,18,74,0,85,7,18,110,44,97,7,36,184,2,38,40,224
04/21/2015,ITO,HI,AWP,WE,Combined TRACON& Tower with Radar,50,9,1,10,70,0,177,3,17,197,50,186,4,27,267,4,44,48,315
04/22/2015,ITO,HI,AWP,WE,Combined TRACON& Tower with Radar,47,11,0,8,66,0,119,11,5,135,47,130,11,13,201,16,10,26,227
04/23/2015,ITO,HI,AWP,WE,Combined TRACON& Tower with Radar,50,9,0,8,67,0,115,18,14,147,50,124,18,22,214,4,2,6,220
04/24/2015,ITO,HI,AWP,WE,Combined TRACON& Tower with Radar,47,8,0,10,65,0,113,9,5,127,47,121,9,15,192,2,22,24,216
04/25/2015,ITO,HI,AWP,WE,Combined TRACON& Tower with Radar,37,12,0,0,49,0,129,9,0,138,37,141,9,0,187,0,0,0,187
04/26/2015,ITO,HI,AWP,WE,Combined TRACON& Tower with Radar,35,9,2,0,46,0,72,11,2,85,35,81,13,2,131,0,30,30,161
04/27/2015,ITO,HI,AWP,WE,Combined TRACON& Tower with Radar,45,16,0,3,64,0,90,13,0,103,45,106,13,3,167,0,0,0,167
04/28/2015,ITO,HI,AWP,WE,Combined TRACON& Tower with Radar,46,24,1,8,79,0,178,23,10,211,46,202,24,18,290,0,5,5,295
04/29/2015,ITO,HI,AWP,WE,Combined TRACON& Tower with Radar,50,21,1,15,87,2,101,14,9,126,52,122,15,24,213,22,36,58,271
04/30/2015,ITO,HI,AWP,WE,Combined TRACON& Tower with Radar,48,11,1,24,84,0,85,8,16,109,48,96,9,40,193,2,58,60,253
05/01/2015,ITO,HI,AWP,WE,Combined TRACON& Tower with Radar,50,15,9,6,80,0,55,6,12,73,50,70,15,18,153,8,8,16,169
05/02/2015,ITO,HI,AWP,WE,Combined TRACON& Tower with Radar,40,12,1,4,57,0,96,3,20,119,40,108,4,24,176,0,16,16,192
05/03/2015,ITO,HI,AWP,WE,Combined TRACON& Tower with Radar,36,4,2,12,54,0,99,5,12,116,36,103,7,24,170,0,10,10,180
05/04/2015,ITO,HI,AWP,WE,Combined TRACON& Tower with Radar,52,8,0,14,74,0,106,18,6,130,52,114,18,20,204,0,28,28,232
05/05/2015,ITO,HI,AWP,WE,Combined TRACON& Tower with Radar,50,11,4,10,75,0,106,10,30,146,50,117,14,40,221,4,47,51,272
05/06/2015,ITO,HI,AWP,WE,Combined TRACON& Tower with Radar,45,7,7,28,87,0,138,10,8,156,45,145,17,36,243,10,64,74,317
05/07/2015,ITO,HI,AWP,WE,Combined TRACON& Tower with Radar,47,15,1,5,68,0,128,10,19,157,47,143,11,24,225,0,10,10,235
05/08/2015,ITO,HI,AWP,WE,Combined TRACON& Tower with Radar,47,23,2,12,84,0,80,3,9,92,47,103,5,21,176,2,18,20,196
05/09/2015,ITO,HI,AWP,WE,Combined TRACON& Tower with Radar,40,6,5,0,51,0,101,15,0,116,40,107,20,0,167,2,0,2,169
05/10/2015,ITO,HI,AWP,WE,Combined TRACON& Tower with Radar,35,7,4,1,47,0,66,0,0,66,35,73,4,1,113,0,0,0,113
05/11/2015,ITO,HI,AWP,WE,Combined TRACON& Tower with Radar,46,17,0,4,67,0,68,13,2,83,46,85,13,6,150,14,2,16,166
05/12/2015,ITO,HI,AWP,WE,Combined TRACON& Tower with Radar,50,11,3,14,78,0,161,11,27,199,50,172,14,41,277,12,26,38,315
05/13/2015,ITO,HI,AWP,WE,Combined TRACON& Tower with Radar,44,14,2,5,65,0,117,10,4,131,44,131,12,9,196,1,26,27,223
05/14/2015,ITO,HI,AWP,WE,Combined TRACON& Tower with Radar,46,9,3,24,82,0,77,16,9,102,46,86,19,33,184,10,35,45,229
05/15/2015,ITO,HI,AWP,WE,Combined TRACON& Tower with Radar,52,11,3,10,76,0,123,9,4,136,52,134,12,14,212,0,2,2,214
05/16/2015,ITO,HI,AWP,WE,Combined TRACON& Tower with Radar,38,10,1,1,50,0,79,8,0,87,38,89,9,1,137,2,0,2,139
05/17/2015,ITO,HI,AWP,WE,Combined TRACON& Tower with Radar,35,7,4,4,50,0,61,5,0,66,35,68,9,4,116,0,0,0,116
05/18/2015,ITO,HI,AWP,WE,Combined TRACON& Tower with Radar,48,6,3,7,64,0,104,15,3,122,48,110,18,10,186,6,12,18,204
05/19/2015,ITO,HI,AWP,WE,Combined TRACON& Tower with Radar,46,16,8,17,87,0,154,13,13,180,46,170,21,30,267,4,58,62,329
05/20/2015,ITO,HI,AWP,WE,Combined TRACON& Tower with Radar,43,9,3,18,73,0,182,8,14,204,43,191,11,32,277,0,42,42,319
05/21/2015,ITO,HI,AWP,WE,Combined TRACON& Tower with Radar,48,16,1,17,82,0,127,14,4,145,48,143,15,21,227,2,34,36,263
05/22/2015,ITO,HI,AWP,WE,Combined TRACON& Tower with Radar,46,16,2,6,70,0,117,15,0,132,46,133,17,6,202,6,24,30,232
05/23/2015,ITO,HI,AWP,WE,Combined TRACON& Tower with Radar,36,13,1,0,50,0,100,13,0,113,36,113,14,0,163,14,0,14,177
05/24/2015,ITO,HI,AWP,WE,Combined TRACON& Tower with Radar,34,11,0,6,51,0,114,5,2,121,34,125,5,8,172,6,4,10,182
05/25/2015,ITO,HI,AWP,WE,Combined TRACON& Tower with Radar,42,7,9,0,58,0,130,14,0,144,42,137,23,0,202,10,0,10,212
05/26/2015,ITO,HI,AWP,WE,Combined TRACON& Tower with Radar,40,19,9,18,86,0,172,22,14,208,40,191,31,32,294,6,41,47,341
05/27/2015,ITO,HI,AWP,WE,Combined TRACON& Tower with Radar,45,14,5,24,88,0,9,3,2,14,45,23,8,26,102,0,10,10,112
05/28/2015,ITO,HI,AWP,WE,Combined TRACON& Tower with Radar,47,18,3,16,84,0,100,3,19,122,47,118,6,35,206,2,77,79,285
05/29/2015,ITO,HI,AWP,WE,Combined TRACON& Tower with Radar,46,12,2,6,66,0,130,9,4,143,46,142,11,10,209,0,12,12,221
05/30/2015,ITO,HI,AWP,WE,Combined TRACON& Tower with Radar,40,9,0,11,60,0,94,8,0,102,40,103,8,11,162,4,0,4,166
05/31/2015,ITO,HI,AWP,WE,Combined TRACON& Tower with Radar,37,6,1,4,48,0,105,10,0,115,37,111,11,4,163,30,0,30,193
06/01/2015,ITO,HI,AWP,WE,Combined TRACON& Tower with Radar,43,16,7,11,77,0,22,3,1,26,43,38,10,12,103,0,4,4,107
06/02/2015,ITO,HI,AWP,WE,Combined TRACON& Tower with Radar,47,15,3,11,76,0,142,10,11,163,47,157,13,22,239,0,6,6,245
06/03/2015,ITO,HI,AWP,WE,Combined TRACON& Tower with Radar,44,9,3,17,73,0,34,5,3,42,44,43,8,20,115,6,66,72,187
06/04/2015,ITO,HI,AWP,WE,Combined TRACON& Tower with Radar,50,15,5,19,89,0,160,17,3,180,50,175,22,22,269,8,6,14,283
06/05/2015,ITO,HI,AWP,WE,Combined TRACON& Tower with Radar,47,13,1,3,64,0,135,15,2,152,47,148,16,5,216,16,2,18,234
06/06/2015,ITO,HI,AWP,WE,Combined TRACON& Tower with Radar,38,7,2,5,52,0,131,4,0,135,38,138,6,5,187,24,6,30,217
06/07/2015,ITO,HI,AWP,WE,Combined TRACON& Tower with Radar,39,5,2,4,50,0,50,6,0,56,39,55,8,4,106,2,0,2,108
06/08/2015,ITO,HI,AWP,WE,Combined TRACON& Tower with Radar,49,8,3,23,83,0,120,16,11,147,49,128,19,34,230,40,18,58,288
06/09/2015,ITO,HI,AWP,WE,Combined TRACON& Tower with Radar,47,7,8,9,71,0,172,11,7,190,47,179,19,16,261,30,32,62,323
06/10/2015,ITO,HI,AWP,WE,Combined TRACON& Tower with Radar,47,10,2,8,67,0,143,6,6,155,47,153,8,14,222,1,32,33,255
06/11/2015,ITO,HI,AWP,WE,Combined TRACON& Tower with Radar,50,4,2,15,71,0,144,13,11,168,50,148,15,26,239,20,54,74,313
06/12/2015,ITO,HI,AWP,WE,Combined TRACON& Tower with Radar,46,10,2,10,68,0,146,29,4,179,46,156,31,14,247,21,16,37,284
06/13/2015,ITO,HI,AWP,WE,Combined TRACON& Tower with Radar,40,10,2,0,52,0,117,16,3,136,40,127,18,3,188,2,2,4,192
06/14/2015,ITO,HI,AWP,WE,Combined TRACON& Tower with Radar,37,10,5,0,52,0,103,2,10,115,37,113,7,10,167,6,0,6,173
06/15/2015,ITO,HI,AWP,WE,Combined TRACON& Tower with Radar,46,14,1,12,73,0,91,9,8,108,46,105,10,20,181,2,10,12,193
06/16/2015,ITO,HI,AWP,WE,Combined TRACON& Tower with Radar,43,16,1,7,67,0,170,1,8,179,43,186,2,15,246,24,11,35,281
06/17/2015,ITO,HI,AWP,WE,Combined TRACON& Tower with Radar,48,8,4,15,75,0,83,5,2,90,48,91,9,17,165,6,25,31,196
06/18/2015,ITO,HI,AWP,WE,Combined TRACON& Tower with Radar,50,10,5,16,81,0,124,13,4,141,50,134,18,20,222,22,4,26,248
06/19/2015,ITO,HI,AWP,WE,Combined TRACON& Tower with Radar,50,8,2,12,72,0,144,9,3,156,50,152,11,15,228,34,0,34,262
06/20/2015,ITO,HI,AWP,WE,Combined TRACON& Tower with Radar,38,16,1,0,55,0,139,7,2,148,38,155,8,2,203,18,0,18,221
06/21/2015,ITO,HI,AWP,WE,Combined TRACON& Tower with Radar,39,15,2,0,56,0,109,0,0,109,39,124,2,0,165,8,0,8,173
06/22/2015,ITO,HI,AWP,WE,Combined TRACON& Tower with Radar,43,16,2,5,66,0,144,7,0,151,43,160,9,5,217,10,2,12,229
06/23/2015,ITO,HI,AWP,WE,Combined TRACON& Tower with Radar,44,11,6,15,76,0,162,6,1,169,44,173,12,16,245,4,33,37,282
06/24/2015,ITO,HI,AWP,WE,Combined TRACON& Tower with Radar,45,13,1,12,71,0,101,7,3,111,45,114,8,15,182,6,28,34,216
06/25/2015,ITO,HI,AWP,WE,Combined TRACON& Tower with Radar,46,12,0,15,73,0,150,11,1,162,46,162,11,16,235,2,10,12,247
06/26/2015,ITO,HI,AWP,WE,Combined TRACON& Tower with Radar,54,18,1,25,98,0,151,15,9,175,54,169,16,34,273,8,40,48,321
06/27/2015,ITO,HI,AWP,WE,Combined TRACON& Tower with Radar,39,12,1,2,54,0,134,9,0,143,39,146,10,2,197,2,0,2,199
06/28/2015,ITO,HI,AWP,WE,Combined TRACON& Tower with Radar,36,4,0,1,41,0,118,2,1,121,36,122,2,2,162,6,0,6,168
06/29/2015,ITO,HI,AWP,WE,Combined TRACON& Tower with Radar,43,9,1,6,59,0,121,16,6,143,43,130,17,12,202,0,12,12,214
06/30/2015,ITO,HI,AWP,WE,Combined TRACON& Tower with Radar,51,10,2,9,72,0,200,18,4,222,51,210,20,13,294,4,23,27,321
07/01/2015,ITO,HI,AWP,WE,Combined TRACON& Tower with Radar,45,10,3,20,78,0,148,8,15,171,45,158,11,35,249,0,64,64,313
07/02/2015,ITO,HI,AWP,WE,Combined TRACON& Tower with Radar,47,12,3,6,68,0,150,17,10,177,47,162,20,16,245,5,30,35,280
07/03/2015,ITO,HI,AWP,WE,Combined TRACON& Tower with Radar,48,9,0,1,58,0,155,10,0,165,48,164,10,1,223,0,2,2,225
07/04/2015,ITO,HI,AWP,WE,Combined TRACON& Tower with Radar,39,10,1,0,50,0,132,6,2,140,39,142,7,2,190,14,14,28,218
07/05/2015,ITO,HI,AWP,WE,Combined TRACON& Tower with Radar,40,7,2,0,49,0,136,3,0,139,40,143,5,0,188,0,0,0,188
07/06/2015,ITO,HI,AWP,WE,Combined TRACON& Tower with Radar,43,7,0,1,51,0,142,11,1,154,43,149,11,2,205,2,4,6,211
07/07/2015,ITO,HI,AWP,WE,Combined TRACON& Tower with Radar,45,6,2,6,59,0,170,6,8,184,45,176,8,14,243,22,28,50,293
07/08/2015,ITO,HI,AWP,WE,Combined TRACON& Tower with Radar,46,9,1,9,65,0,182,14,2,198,46,191,15,11,263,10,30,40,303
07/09/2015,ITO,HI,AWP,WE,Combined TRACON& Tower with Radar,52,5,2,10,69,0,141,20,3,164,52,146,22,13,233,6,28,34,267
07/10/2015,ITO,HI,AWP,WE,Combined TRACON& Tower with Radar,46,17,2,7,72,0,122,3,2,127,46,139,5,9,199,2,64,66,265
07/11/2015,ITO,HI,AWP,WE,Combined TRACON& Tower with Radar,38,12,2,2,54,0,147,1,0,148,38,159,3,2,202,0,0,0,202
07/12/2015,ITO,HI,AWP,WE,Combined TRACON& Tower with Radar,40,7,1,1,49,0,116,6,4,126,40,123,7,5,175,10,4,14,189
07/13/2015,ITO,HI,AWP,WE,Combined TRACON& Tower with Radar,45,16,0,6,67,0,94,6,0,100,45,110,6,6,167,2,8,10,177
07/14/2015,ITO,HI,AWP,WE,Combined TRACON& Tower with Radar,46,6,3,11,66,0,199,26,4,229,46,205,29,15,295,12,0,12,307
07/15/2015,ITO,HI,AWP,WE,Combined TRACON& Tower with Radar,47,5,1,11,64,0,169,20,4,193,47,174,21,15,257,4,0,4,261
07/16/2015,ITO,HI,AWP,WE,Combined TRACON& Tower with Radar,45,16,2,7,70,0,144,25,0,169,45,160,27,7,239,20,46,66,305
07/17/2015,ITO,HI,AWP,WE,Combined TRACON& Tower with Radar,46,8,3,13,70,0,125,6,0,131,46,133,9,13,201,6,15,21,222
07/18/2015,ITO,HI,AWP,WE,Combined TRACON& Tower with Radar,37,10,5,0,52,0,160,8,0,168,37,170,13,0,220,0,0,0,220
07/19/2015,ITO,HI,AWP,WE,Combined TRACON& Tower with Radar,41,4,1,0,46,0,100,2,0,102,41,104,3,0,148,4,0,4,152
07/20/2015,ITO,HI,AWP,WE,Combined TRACON& Tower with Radar,44,13,7,0,64,0,127,15,1,143,44,140,22,1,207,12,2,14,221
07/21/2015,ITO,HI,AWP,WE,Combined TRACON& Tower with Radar,46,10,7,15,78,0,171,16,6,193,46,181,23,21,271,2,16,18,289
07/22/2015,ITO,HI,AWP,WE,Combined TRACON& Tower with Radar,45,9,2,15,71,0,134,5,1,140,45,143,7,16,211,0,14,14,225
07/23/2015,ITO,HI,AWP,WE,Combined TRACON& Tower with Radar,49,8,4,10,71,0,162,15,0,177,49,170,19,10,248,2,6,8,256
07/24/2015,ITO,HI,AWP,WE,Combined TRACON& Tower with Radar,47,8,0,5,60,0,154,8,0,162,47,162,8,5,222,2,2,4,226
07/25/2015,ITO,HI,AWP,WE,Combined TRACON& Tower with Radar,38,13,0,1,52,0,156,8,0,164,38,169,8,1,216,8,0,8,224
07/26/2015,ITO,HI,AWP,WE,Combined TRACON& Tower with Radar,38,9,0,0,47,0,146,11,0,157,38,155,11,0,204,4,0,4,208
07/27/2015,ITO,HI,AWP,WE,Combined TRACON& Tower with Radar,49,6,1,2,58,0,130,7,7,144,49,136,8,9,202,4,2,6,208
07/28/2015,ITO,HI,AWP,WE,Combined TRACON& Tower with Radar,49,7,1,5,62,0,180,14,2,196,49,187,15,7,258,4,16,20,278
07/29/2015,ITO,HI,AWP,WE,Combined TRACON& Tower with Radar,44,10,4,9,67,0,179,28,0,207,44,189,32,9,274,6,14,20,294
07/30/2015,ITO,HI,AWP,WE,Combined TRACON& Tower with Radar,47,13,3,8,71,0,114,21,2,137,47,127,24,10,208,6,40,46,254
07/31/2015,ITO,HI,AWP,WE,Combined TRACON& Tower with Radar,48,14,0,7,69,0,143,9,1,153,48,157,9,8,222,2,4,6,228
08/01/2015,ITO,HI,AWP,WE,Combined TRACON& Tower with Radar,56,16,0,6,78,0,32,0,7,39,56,48,0,13,117,0,34,34,151
08/02/2015,ITO,HI,AWP,WE,Combined TRACON& Tower with Radar,40,5,4,7,56,0,0,1,1,2,40,5,5,8,58,0,4,4,62
08/03/2015,ITO,HI,AWP,WE,Combined TRACON& Tower with Radar,43,16,1,16,76,0,6,7,1,14,43,22,8,17,90,12,28,40,130
08/04/2015,ITO,HI,AWP,WE,Combined TRACON& Tower with Radar,45,12,1,17,75,0,143,8,2,153,45,155,9,19,228,0,14,14,242
08/05/2015,ITO,HI,AWP,WE,Combined TRACON& Tower with Radar,46,10,2,6,64,0,100,4,5,109,46,110,6,11,173,0,12,12,185
08/06/2015,ITO,HI,AWP,WE,Combined TRACON& Tower with Radar,50,8,6,0,64,0,195,10,2,207,50,203,16,2,271,12,8,20,291
08/07/2015,ITO,HI,AWP,WE,Combined TRACON& Tower with Radar,46,12,2,9,69,0,167,9,0,176,46,179,11,9,245,2,2,4,249
08/08/2015,ITO,HI,AWP,WE,Combined TRACON& Tower with Radar,38,12,1,2,53,0,158,9,0,167,38,170,10,2,220,0,0,0,220
08/09/2015,ITO,HI,AWP,WE,Combined TRACON& Tower with Radar,36,8,1,3,48,0,129,9,0,138,36,137,10,3,186,0,0,0,186
08/10/2015,ITO,HI,AWP,WE,Combined TRACON& Tower with Radar,46,7,0,6,59,0,116,2,19,137,46,123,2,25,196,6,44,50,246
08/11/2015,ITO,HI,AWP,WE,Combined TRACON& Tower with Radar,46,16,2,2,66,0,186,30,7,223,46,202,32,9,289,0,62,62,351
08/12/2015,ITO,HI,AWP,WE,Combined TRACON& Tower with Radar,47,6,3,17,73,0,145,16,6,167,47,151,19,23,240,2,36,38,278
08/13/2015,ITO,HI,AWP,WE,Combined TRACON& Tower with Radar,51,8,3,0,62,0,10,2,1,13,51,18,5,1,75,2,4,6,81
08/14/2015,ITO,HI,AWP,WE,Combined TRACON& Tower with Radar,46,9,0,8,63,0,8,0,0,8,46,17,0,8,71,0,4,4,75
08/15/2015,ITO,HI,AWP,WE,Combined TRACON& Tower with Radar,38,12,2,0,52,0,171,12,2,185,38,183,14,2,237,0,0,0,237
08/16/2015,ITO,HI,AWP,WE,Combined TRACON& Tower with Radar,37,13,3,1,54,0,128,8,0,136,37,141,11,1,190,6,0,6,196
08/17/2015,ITO,HI,AWP,WE,Combined TRACON& Tower with Radar,47,6,1,2,56,0,121,7,5,133,47,127,8,7,189,14,22,36,225
08/18/2015,ITO,HI,AWP,WE,Combined TRACON& Tower with Radar,45,16,1,2,64,0,132,4,4,140,45,148,5,6,204,0,10,10,214
08/19/2015,ITO,HI,AWP,WE,Combined TRACON& Tower with Radar,47,6,2,3,58,0,164,3,6,173,47,170,5,9,231,0,42,42,273
08/20/2015,ITO,HI,AWP,WE,Combined TRACON& Tower with Radar,47,11,2,13,73,0,134,8,4,146,47,145,10,17,219,12,0,12,231
08/21/2015,ITO,HI,AWP,WE,Combined TRACON& Tower with Radar,52,14,0,8,74,0,145,23,1,169,52,159,23,9,243,8,12,20,263
08/22/2015,ITO,HI,AWP,WE,Combined TRACON& Tower with Radar,35,12,0,1,48,0,116,10,1,127,35,128,10,2,175,0,0,0,175
08/23/2015,ITO,HI,AWP,WE,Combined TRACON& Tower with Radar,39,4,0,0,43,0,59,7,0,66,39,63,7,0,109,2,0,2,111
08/24/2015,ITO,HI,AWP,WE,Combined TRACON& Tower with Radar,50,9,1,8,68,0,0,1,4,5,50,9,2,12,73,0,18,18,91
08/25/2015,ITO,HI,AWP,WE,Combined TRACON& Tower with Radar,49,17,1,8,75,0,126,15,3,144,49,143,16,11,219,2,42,44,263
08/26/2015,ITO,HI,AWP,WE,Combined TRACON& Tower with Radar,46,11,4,6,67,0,123,14,2,139,46,134,18,8,206,4,4,8,214
08/27/2015,ITO,HI,AWP,WE,Combined TRACON& Tower with Radar,49,14,0,0,63,0,118,14,7,139,49,132,14,7,202,0,10,10,212
08/28/2015,ITO,HI,AWP,WE,Combined TRACON& Tower with Radar,50,14,0,6,70,0,106,8,5,119,50,120,8,11,189,10,16,26,215
08/29/2015,ITO,HI,AWP,WE,Combined TRACON& Tower with Radar,36,10,0,0,46,0,106,10,1,117,36,116,10,1,163,8,0,8,171
08/30/2015,ITO,HI,AWP,WE,Combined TRACON& Tower with Radar,36,6,0,0,42,0,85,3,0,88,36,91,3,0,130,14,0,14,144
08/31/2015,ITO,HI,AWP,WE,Combined TRACON& Tower with Radar,49,15,4,11,79,0,63,19,2,84,49,78,23,13,163,12,26,38,201
09/01/2015,ITO,HI,AWP,WE,Combined TRACON& Tower with Radar,48,4,2,5,59,0,50,23,3,76,48,54,25,8,135,0,0,0,135
09/02/2015,ITO,HI,AWP,WE,Combined TRACON& Tower with Radar,42,11,3,10,66,0,155,18,0,173,42,166,21,10,239,0,0,0,239
09/03/2015,ITO,HI,AWP,WE,Combined TRACON& Tower with Radar,46,10,0,1,57,0,89,9,4,102,46,99,9,5,159,16,18,34,193
09/04/2015,ITO,HI,AWP,WE,Combined TRACON& Tower with Radar,50,6,0,0,56,0,104,5,2,111,50,110,5,2,167,0,2,2,169
09/05/2015,ITO,HI,AWP,WE,Combined TRACON& Tower with Radar,36,16,2,4,58,0,87,3,0,90,36,103,5,4,148,4,2,6,154
09/06/2015,ITO,HI,AWP,WE,Combined TRACON& Tower with Radar,32,15,1,0,48,0,102,9,0,111,32,117,10,0,159,6,0,6,165
09/07/2015,ITO,HI,AWP,WE,Combined TRACON& Tower with Radar,39,7,4,0,50,0,94,7,0,101,39,101,11,0,151,46,0,46,197
09/08/2015,ITO,HI,AWP,WE,Combined TRACON& Tower with Radar,40,15,2,7,64,0,145,15,5,165,40,160,17,12,229,0,14,14,243
09/09/2015,ITO,HI,AWP,WE,Combined TRACON& Tower with Radar,40,12,0,5,57,0,97,7,5,109,40,109,7,10,166,2,30,32,198
09/10/2015,ITO,HI,AWP,WE,Combined TRACON& Tower with Radar,46,10,1,1,58,0,86,3,3,92,46,96,4,4,150,10,0,10,160
09/11/2015,ITO,HI,AWP,WE,Combined TRACON& Tower with Radar,48,12,1,1,62,0,100,2,0,102,48,112,3,1,164,7,8,15,179
09/12/2015,ITO,HI,AWP,WE,Combined TRACON& Tower with Radar,35,12,2,4,53,0,51,5,11,67,35,63,7,15,120,2,10,12,132
09/13/2015,ITO,HI,AWP,WE,Combined TRACON& Tower with Radar,30,14,0,8,52,0,60,5,4,69,30,74,5,12,121,0,0,0,121
09/14/2015,ITO,HI,AWP,WE,Combined TRACON& Tower with Radar,43,11,0,5,59,0,115,16,0,131,43,126,16,5,190,10,20,30,220
09/15/2015,ITO,HI,AWP,WE,Combined TRACON& Tower with Radar,39,17,4,23,83,0,114,7,1,122,39,131,11,24,205,0,26,26,231
09/16/2015,ITO,HI,AWP,WE,Combined TRACON& Tower with Radar,40,11,6,20,77,0,139,13,2,154,40,150,19,22,231,4,20,24,255
09/17/2015,ITO,HI,AWP,WE,Combined TRACON& Tower with Radar,48,14,1,7,70,0,163,20,8,191,48,177,21,15,261,0,2,2,263
09/18/2015,ITO,HI,AWP,WE,Combined TRACON& Tower with Radar,49,18,4,7,78,2,114,16,8,140,51,132,20,15,218,4,8,12,230
09/19/2015,ITO,HI,AWP,WE,Combined TRACON& Tower with Radar,35,13,2,4,54,0,112,2,5,119,35,125,4,9,173,4,10,14,187
09/20/2015,ITO,HI,AWP,WE,Combined TRACON& Tower with Radar,33,7,2,0,42,0,2,0,0,2,33,9,2,0,44,0,0,0,44
09/21/2015,ITO,HI,AWP,WE,Combined TRACON& Tower with Radar,43,10,0,12,65,0,151,15,0,166,43,161,15,12,231,0,0,0,231
09/22/2015,ITO,HI,AWP,WE,Combined TRACON& Tower with Radar,45,11,6,5,67,0,176,8,1,185,45,187,14,6,252,2,12,14,266
09/23/2015,ITO,HI,AWP,WE,Combined TRACON& Tower with Radar,47,17,3,6,73,0,118,25,8,151,47,135,28,14,224,14,14,28,252
09/24/2015,ITO,HI,AWP,WE,Combined TRACON& Tower with Radar,41,18,2,27,88,0,127,14,6,147,41,145,16,33,235,0,3,3,238
09/25/2015,ITO,HI,AWP,WE,Combined TRACON& Tower with Radar,44,20,6,6,76,0,135,10,4,149,44,155,16,10,225,2,4,6,231
09/26/2015,ITO,HI,AWP,WE,Combined TRACON& Tower with Radar,38,13,1,0,52,0,84,6,4,94,38,97,7,4,146,4,4,8,154
09/27/2015,ITO,HI,AWP,WE,Combined TRACON& Tower with Radar,33,9,0,4,46,0,16,2,1,19,33,25,2,5,65,0,0,0,65
09/28/2015,ITO,HI,AWP,WE,Combined TRACON& Tower with Radar,46,14,1,5,66,0,147,15,3,165,46,161,16,8,231,0,6,6,237
09/29/2015,ITO,HI,AWP,WE,Combined TRACON& Tower with Radar,41,11,0,9,61,0,191,21,0,212,41,202,21,9,273,0,0,0,273
09/30/2015,ITO,HI,AWP,WE,Combined TRACON& Tower with Radar,40,19,2,10,71,0,145,11,5,161,40,164,13,15,232,4,18,22,254
10/01/2015,ITO,HI,AWP,WE,Combined TRACON& Tower with Radar,44,11,6,8,69,2,163,17,3,185,46,174,23,11,254,14,22,36,290
10/02/2015,ITO,HI,AWP,WE,Combined TRACON& Tower with Radar,45,10,2,7,64,1,101,10,1,113,46,111,12,8,177,4,0,4,181
10/03/2015,ITO,HI,AWP,WE,Combined TRACON& Tower with Radar,33,11,1,4,49,0,42,4,1,47,33,53,5,5,96,10,0,10,106
10/04/2015,ITO,HI,AWP,WE,Combined TRACON& Tower with Radar,32,14,3,2,51,0,120,5,1,126,32,134,8,3,177,4,8,12,189
10/05/2015,ITO,HI,AWP,WE,Combined TRACON& Tower with Radar,41,16,1,1,59,0,93,9,0,102,41,109,10,1,161,10,0,10,171
10/06/2015,ITO,HI,AWP,WE,Combined TRACON& Tower with Radar,41,16,13,12,82,0,102,9,0,111,41,118,22,12,193,12,0,12,205
10/07/2015,ITO,HI,AWP,WE,Combined TRACON& Tower with Radar,40,11,1,6,58,0,131,17,3,151,40,142,18,9,209,0,36,36,245
10/08/2015,ITO,HI,AWP,WE,Combined TRACON& Tower with Radar,42,14,2,5,63,0,169,15,5,189,42,183,17,10,252,6,60,66,318
10/09/2015,ITO,HI,AWP,WE,Combined TRACON& Tower with Radar,40,8,4,22,74,0,133,7,2,142,40,141,11,24,216,8,50,58,274
10/10/2015,ITO,HI,AWP,WE,Combined TRACON& Tower with Radar,34,13,0,10,57,0,34,4,0,38,34,47,4,10,95,4,2,6,101
10/11/2015,ITO,HI,AWP,WE,Combined TRACON& Tower with Radar,35,6,1,0,42,0,98,5,0,103,35,104,6,0,145,8,0,8,153
10/12/2015,ITO,HI,AWP,WE,Combined TRACON& Tower with Radar,44,16,1,1,62,0,149,12,0,161,44,165,13,1,223,20,0,20,243
10/13/2015,ITO,HI,AWP,WE,Combined TRACON& Tower with Radar,41,13,1,25,80,0,173,12,9,194,41,186,13,34,274,10,122,132,406
10/14/2015,ITO,HI,AWP,WE,Combined TRACON& Tower with Radar,40,8,3,27,78,0,152,6,4,162,40,160,9,31,240,0,34,34,274
10/15/2015,ITO,HI,AWP,WE,Combined TRACON& Tower with Radar,46,8,6,4,64,0,90,12,7,109,46,98,18,11,173,0,14,14,187
10/16/2015,ITO,HI,AWP,WE,Combined TRACON& Tower with Radar,44,6,4,2,56,0,44,8,0,52,44,50,12,2,108,10,0,10,118
10/17/2015,ITO,HI,AWP,WE,Combined TRACON& Tower with Radar,34,6,1,0,41,0,106,7,0,113,34,112,8,0,154,2,0,2,156
10/18/2015,ITO,HI,AWP,WE,Combined TRACON& Tower with Radar,34,1,4,0,39,0,90,8,0,98,34,91,12,0,137,14,0,14,151
10/19/2015,ITO,HI,AWP,WE,Combined TRACON& Tower with Radar,45,9,0,0,54,0,137,7,2,146,45,146,7,2,200,0,0,0,200
10/20/2015,ITO,HI,AWP,WE,Combined TRACON& Tower with Radar,40,4,2,14,60,0,164,21,7,192,40,168,23,21,252,6,49,55,307
10/21/2015,ITO,HI,AWP,WE,Combined TRACON& Tower with Radar,40,4,3,4,51,0,93,3,0,96,40,97,6,4,147,72,0,72,219
10/22/2015,ITO,HI,AWP,WE,Combined TRACON& Tower with Radar,42,17,4,13,76,0,121,20,3,144,42,138,24,16,220,4,12,16,236
10/23/2015,ITO,HI,AWP,WE,Combined TRACON& Tower with Radar,46,10,3,11,70,0,134,18,7,159,46,144,21,18,229,30,4,34,263
10/24/2015,ITO,HI,AWP,WE,Combined TRACON& Tower with Radar,39,18,2,0,59,0,135,6,0,141,39,153,8,0,200,66,0,66,266
10/25/2015,ITO,HI,AWP,WE,Combined TRACON& Tower with Radar,32,10,1,0,43,0,93,11,4,108,32,103,12,4,151,28,0,28,179
10/26/2015,ITO,HI,AWP,WE,Combined TRACON& Tower with Radar,43,10,3,10,66,0,148,20,15,183,43,158,23,25,249,2,0,2,251
10/27/2015,ITO,HI,AWP,WE,Combined TRACON& Tower with Radar,39,6,5,6,56,0,139,22,22,183,39,145,27,28,239,0,44,44,283
10/28/2015,ITO,HI,AWP,WE,Combined TRACON& Tower with Radar,43,10,2,21,76,0,121,22,25,168,43,131,24,46,244,71,20,91,335
10/29/2015,ITO,HI,AWP,WE,Combined TRACON& Tower with Radar,44,8,9,12,73,0,103,18,12,133,44,111,27,24,206,30,4,34,240
10/30/2015,ITO,HI,AWP,WE,Combined TRACON& Tower with Radar,46,7,3,13,69,0,73,10,4,87,46,80,13,17,156,118,14,132,288
10/31/2015,ITO,HI,AWP,WE,Combined TRACON& Tower with Radar,29,9,3,0,41,0,65,2,0,67,29,74,5,0,108,120,0,120,228
11/01/2015,ITO,HI,AWP,WE,Combined TRACON& Tower with Radar,30,5,2,0,37,0,58,6,0,64,30,63,8,0,101,24,0,24,125
11/02/2015,ITO,HI,AWP,WE,Combined TRACON& Tower with Radar,42,14,1,20,77,0,75,7,0,82,42,89,8,20,159,0,0,0,159
11/03/2015,ITO,HI,AWP,WE,Combined TRACON& Tower with Radar,44,8,6,13,71,0,162,12,7,181,44,170,18,20,252,10,70,80,332
11/04/2015,ITO,HI,AWP,WE,Combined TRACON& Tower with Radar,40,11,1,14,66,0,91,14,4,109,40,102,15,18,175,4,42,46,221
11/05/2015,ITO,HI,AWP,WE,Combined TRACON& Tower with Radar,41,18,4,22,85,0,14,4,11,29,41,32,8,33,114,22,28,50,164
11/06/2015,ITO,HI,AWP,WE,Combined TRACON& Tower with Radar,42,15,1,41,99,0,91,14,1,106,42,106,15,42,205,0,26,26,231
11/07/2015,ITO,HI,AWP,WE,Combined TRACON& Tower with Radar,35,13,1,6,55,0,84,12,3,99,35,97,13,9,154,2,0,2,156
11/08/2015,ITO,HI,AWP,WE,Combined TRACON& Tower with Radar,32,8,1,2,43,0,81,2,0,83,32,89,3,2,126,0,0,0,126
11/09/2015,ITO,HI,AWP,WE,Combined TRACON& Tower with Radar,40,13,2,8,63,0,73,4,0,77,40,86,6,8,140,14,0,14,154
11/10/2015,ITO,HI,AWP,WE,Combined TRACON& Tower with Radar,41,4,2,19,66,0,145,4,4,153,41,149,6,23,219,0,12,12,231
11/11/2015,ITO,HI,AWP,WE,Combined TRACON& Tower with Radar,37,4,1,0,42,0,107,5,0,112,37,111,6,0,154,2,0,2,156
11/12/2015,ITO,HI,AWP,WE,Combined TRACON& Tower with Radar,41,16,2,9,68,0,43,12,8,63,41,59,14,17,131,12,8,20,151
11/13/2015,ITO,HI,AWP,WE,Combined TRACON& Tower with Radar,44,10,3,10,67,0,77,4,0,81,44,87,7,10,148,2,2,4,152
11/14/2015,ITO,HI,AWP,WE,Combined TRACON& Tower with Radar,33,13,4,0,50,0,96,1,0,97,33,109,5,0,147,12,0,12,159
11/15/2015,ITO,HI,AWP,WE,Combined TRACON& Tower with Radar,31,3,4,0,38,0,77,7,0,84,31,80,11,0,122,0,0,0,122
11/16/2015,ITO,HI,AWP,WE,Combined TRACON& Tower with Radar,45,5,0,10,60,0,102,10,0,112,45,107,10,10,172,10,36,46,218
11/17/2015,ITO,HI,AWP,WE,Combined TRACON& Tower with Radar,42,9,3,13,67,0,127,4,7,138,42,136,7,20,205,2,46,48,253
11/18/2015,ITO,HI,AWP,WE,Combined TRACON& Tower with Radar,42,14,1,15,72,0,86,3,5,94,42,100,4,20,166,6,6,12,178
11/19/2015,ITO,HI,AWP,WE,Combined TRACON& Tower with Radar,37,14,1,18,70,0,2,0,0,2,37,16,1,18,72,2,0,2,74
11/20/2015,ITO,HI,AWP,WE,Combined TRACON& Tower with Radar,44,10,4,10,68,0,9,3,6,18,44,19,7,16,86,0,0,0,86
11/21/2015,ITO,HI,AWP,WE,Combined TRACON& Tower with Radar,34,11,6,0,51,0,121,5,0,126,34,132,11,0,177,14,0,14,191
11/22/2015,ITO,HI,AWP,WE,Combined TRACON& Tower with Radar,32,14,2,2,50,0,57,0,0,57,32,71,2,2,107,10,0,10,117
11/23/2015,ITO,HI,AWP,WE,Combined TRACON& Tower with Radar,43,6,2,9,60,0,84,3,4,91,43,90,5,13,151,30,12,42,193
11/24/2015,ITO,HI,AWP,WE,Combined TRACON& Tower with Radar,42,9,9,15,75,0,171,15,13,199,42,180,24,28,274,16,36,52,326
11/25/2015,ITO,HI,AWP,WE,Combined TRACON& Tower with Radar,49,11,3,4,67,0,161,22,1,184,49,172,25,5,251,0,0,0,251
11/26/2015,ITO,HI,AWP,WE,Combined TRACON& Tower with Radar,38,8,1,0,47,0,75,4,0,79,38,83,5,0,126,4,0,4,130
11/27/2015,ITO,HI,AWP,WE,Combined TRACON& Tower with Radar,37,11,2,0,50,0,73,4,0,77,37,84,6,0,127,16,0,16,143
11/28/2015,ITO,HI,AWP,WE,Combined TRACON& Tower with Radar,34,21,3,0,58,0,91,9,0,100,34,112,12,0,158,4,0,4,162
11/29/2015,ITO,HI,AWP,WE,Combined TRACON& Tower with Radar,36,7,0,0,43,0,80,3,0,83,36,87,3,0,126,16,0,16,142
11/30/2015,ITO,HI,AWP,WE,Combined TRACON& Tower with Radar,40,13,2,8,63,0,109,5,6,120,40,122,7,14,183,4,22,26,209
12/01/2015,ITO,HI,AWP,WE,Combined TRACON& Tower with Radar,51,5,8,11,75,0,130,8,11,149,51,135,16,22,224,12,10,22,246
12/02/2015,ITO,HI,AWP,WE,Combined TRACON& Tower with Radar,44,16,5,5,70,0,96,9,4,109,44,112,14,9,179,6,20,26,205
12/03/2015,ITO,HI,AWP,WE,Combined TRACON& Tower with Radar,42,10,2,5,59,0,109,9,13,131,42,119,11,18,190,18,51,69,259
12/04/2015,ITO,HI,AWP,WE,Combined TRACON& Tower with Radar,42,8,2,10,62,0,89,13,7,109,42,97,15,17,171,12,16,28,199
12/05/2015,ITO,HI,AWP,WE,Combined TRACON& Tower with Radar,37,11,4,7,59,0,87,7,1,95,37,98,11,8,154,0,4,4,158
12/06/2015,ITO,HI,AWP,WE,Combined TRACON& Tower with Radar,31,3,9,6,49,0,53,5,0,58,31,56,14,6,107,14,0,14,121
12/07/2015,ITO,HI,AWP,WE,Combined TRACON& Tower with Radar,48,6,2,17,73,0,131,11,2,144,48,137,13,19,217,2,34,36,253
12/08/2015,ITO,HI,AWP,WE,Combined TRACON& Tower with Radar,41,12,3,4,60,0,137,8,2,147,41,149,11,6,207,6,28,34,241
12/09/2015,ITO,HI,AWP,WE,Combined TRACON& Tower with Radar,40,12,2,17,71,0,104,5,7,116,40,116,7,24,187,14,82,96,283
12/10/2015,ITO,HI,AWP,WE,Combined TRACON& Tower with Radar,45,10,5,9,69,0,49,3,6,58,45,59,8,15,127,0,16,16,143
12/11/2015,ITO,HI,AWP,WE,Combined TRACON& Tower with Radar,47,7,1,4,59,0,81,7,1,89,47,88,8,5,148,12,7,19,167
12/12/2015,ITO,HI,AWP,WE,Combined TRACON& Tower with Radar,35,7,1,0,43,0,88,13,0,101,35,95,14,0,144,0,0,0,144
12/13/2015,ITO,HI,AWP,WE,Combined TRACON& Tower with Radar,33,6,2,0,41,0,57,13,0,70,33,63,15,0,111,4,0,4,115
12/14/2015,ITO,HI,AWP,WE,Combined TRACON& Tower with Radar,46,8,2,6,62,0,41,3,1,45,46,49,5,7,107,74,0,74,181
12/15/2015,ITO,HI,AWP,WE,Combined TRACON& Tower with Radar,45,7,2,13,67,0,125,10,0,135,45,132,12,13,202,4,6,10,212
12/16/2015,ITO,HI,AWP,WE,Combined TRACON& Tower with Radar,44,17,0,16,77,0,120,7,3,130,44,137,7,19,207,40,18,58,265
12/17/2015,ITO,HI,AWP,WE,Combined TRACON& Tower with Radar,46,9,2,13,70,0,82,10,7,99,46,91,12,20,169,6,36,42,211
12/18/2015,ITO,HI,AWP,WE,Combined TRACON& Tower with Radar,46,9,4,10,69,0,94,15,4,113,46,103,19,14,182,2,30,32,214
12/19/2015,ITO,HI,AWP,WE,Combined TRACON& Tower with Radar,37,12,1,3,53,0,27,1,0,28,37,39,2,3,81,18,0,18,99
12/20/2015,ITO,HI,AWP,WE,Combined TRACON& Tower with Radar,34,17,1,0,52,0,105,8,2,115,34,122,9,2,167,4,2,6,173
12/21/2015,ITO,HI,AWP,WE,Combined TRACON& Tower with Radar,49,16,4,4,73,0,85,2,0,87,49,101,6,4,160,0,0,0,160
12/22/2015,ITO,HI,AWP,WE,Combined TRACON& Tower with Radar,47,11,3,16,77,0,108,1,0,109,47,119,4,16,186,0,0,0,186
12/23/2015,ITO,HI,AWP,WE,Combined TRACON& Tower with Radar,49,11,3,12,75,0,204,5,3,212,49,215,8,15,287,0,16,16,303
12/24/2015,ITO,HI,AWP,WE,Combined TRACON& Tower with Radar,45,9,4,2,60,0,156,8,1,165,45,165,12,3,225,6,0,6,231
12/25/2015,ITO,HI,AWP,WE,Combined TRACON& Tower with Radar,46,11,0,0,57,0,126,2,0,128,46,137,2,0,185,2,0,2,187
12/26/2015,ITO,HI,AWP,WE,Combined TRACON& Tower with Radar,34,17,1,5,57,0,142,3,1,146,34,159,4,6,203,6,0,6,209
12/27/2015,ITO,HI,AWP,WE,Combined TRACON& Tower with Radar,36,9,2,5,52,0,192,4,0,196,36,201,6,5,248,0,0,0,248
12/28/2015,ITO,HI,AWP,WE,Combined TRACON& Tower with Radar,50,5,0,2,57,0,183,5,4,192,50,188,5,6,249,2,7,9,258
12/29/2015,ITO,HI,AWP,WE,Combined TRACON& Tower with Radar,50,5,0,11,66,0,249,6,5,260,50,254,6,16,326,0,40,40,366
12/30/2015,ITO,HI,AWP,WE,Combined TRACON& Tower with Radar,49,10,1,3,63,0,258,21,14,293,49,268,22,17,356,6,19,25,381
12/31/2015,ITO,HI,AWP,WE,Combined TRACON& Tower with Radar,48,19,1,0,68,0,163,14,0,177,48,182,15,0,245,12,0,12,257
01/01/2016,ITO,HI,AWP,WE,Combined TRACON& Tower with Radar,40,3,0,0,43,0,136,5,0,141,40,139,5,0,184,0,0,0,184
01/02/2016,ITO,HI,AWP,WE,Combined TRACON& Tower with Radar,36,12,0,3,51,0,142,7,1,150,36,154,7,4,201,0,4,4,205
01/03/2016,ITO,HI,AWP,WE,Combined TRACON& Tower with Radar,38,4,2,1,45,0,100,8,0,108,38,104,10,1,153,12,0,12,165
01/04/2016,ITO,HI,AWP,WE,Combined TRACON& Tower with Radar,40,11,0,4,55,0,144,16,1,161,40,155,16,5,216,2,0,2,218
01/05/2016,ITO,HI,AWP,WE,Combined TRACON& Tower with Radar,40,11,3,24,78,0,236,16,3,255,40,247,19,27,333,8,34,42,375
01/06/2016,ITO,HI,AWP,WE,Combined TRACON& Tower with Radar,40,14,3,7,64,0,130,3,0,133,40,144,6,7,197,0,63,63,260
01/07/2016,ITO,HI,AWP,WE,Combined TRACON& Tower with Radar,42,5,1,1,49,0,140,10,0,150,42,145,11,1,199,6,18,24,223
01/08/2016,ITO,HI,AWP,WE,Combined TRACON& Tower with Radar,48,9,3,4,64,0,120,8,8,136,48,129,11,12,200,20,14,34,234
01/09/2016,ITO,HI,AWP,WE,Combined TRACON& Tower with Radar,37,15,0,4,56,0,109,8,11,128,37,124,8,15,184,0,46,46,230
01/10/2016,ITO,HI,AWP,WE,Combined TRACON& Tower with Radar,31,8,2,6,47,0,143,1,2,146,31,151,3,8,193,0,0,0,193
01/11/2016,ITO,HI,AWP,WE,Combined TRACON& Tower with Radar,44,11,0,23,78,0,114,14,12,140,44,125,14,35,218,8,56,64,282
01/12/2016,ITO,HI,AWP,WE,Combined TRACON& Tower with Radar,45,9,0,16,70,0,181,18,13,212,45,190,18,29,282,6,18,24,306
01/13/2016,ITO,HI,AWP,WE,Combined TRACON& Tower with Radar,40,16,2,8,66,0,133,17,7,157,40,149,19,15,223,0,18,18,241
01/14/2016,ITO,HI,AWP,WE,Combined TRACON& Tower with Radar,41,10,4,9,64,0,139,12,9,160,41,149,16,18,224,0,14,14,238
01/15/2016,ITO,HI,AWP,WE,Combined TRACON& Tower with Radar,41,16,5,0,62,0,109,15,0,124,41,125,20,0,186,14,0,14,200
01/16/2016,ITO,HI,AWP,WE,Combined TRACON& Tower with Radar,31,8,1,0,40,0,87,8,0,95,31,95,9,0,135,0,0,0,135
01/17/2016,ITO,HI,AWP,WE,Combined TRACON& Tower with Radar,31,13,1,0,45,0,82,4,0,86,31,95,5,0,131,2,0,2,133
01/18/2016,ITO,HI,AWP,WE,Combined TRACON& Tower with Radar,39,13,0,0,52,0,115,11,0,126,39,128,11,0,178,0,0,0,178
01/19/2016,ITO,HI,AWP,WE,Combined TRACON& Tower with Radar,41,12,2,12,67,0,171,12,5,188,41,183,14,17,255,10,16,26,281
01/20/2016,ITO,HI,AWP,WE,Combined TRACON& Tower with Radar,45,9,0,13,67,0,125,17,8,150,45,134,17,21,217,0,50,50,267
01/21/2016,ITO,HI,AWP,WE,Combined TRACON& Tower with Radar,42,12,7,12,73,0,63,5,13,81,42,75,12,25,154,0,32,32,186
01/22/2016,ITO,HI,AWP,WE,Combined TRACON& Tower with Radar,44,7,3,6,60,0,103,13,5,121,44,110,16,11,181,2,18,20,201
01/23/2016,ITO,HI,AWP,WE,Combined TRACON& Tower with Radar,37,13,3,0,53,0,129,16,0,145,37,142,19,0,198,4,0,4,202
01/24/2016,ITO,HI,AWP,WE,Combined TRACON& Tower with Radar,31,6,0,0,37,0,124,6,0,130,31,130,6,0,167,0,0,0,167
01/25/2016,ITO,HI,AWP,WE,Combined TRACON& Tower with Radar,40,23,1,11,75,0,152,5,2,159,40,175,6,13,234,15,6,21,255
01/26/2016,ITO,HI,AWP,WE,Combined TRACON& Tower with Radar,41,7,3,20,71,0,143,7,5,155,41,150,10,25,226,2,34,36,262
01/27/2016,ITO,HI,AWP,WE,Combined TRACON& Tower with Radar,45,9,2,6,62,0,124,14,7,145,45,133,16,13,207,6,12,18,225
01/28/2016,ITO,HI,AWP,WE,Combined TRACON& Tower with Radar,48,6,5,4,63,0,116,25,5,146,48,122,30,9,209,10,2,12,221
01/29/2016,ITO,HI,AWP,WE,Combined TRACON& Tower with Radar,44,4,1,7,56,0,116,6,3,125,44,120,7,10,181,2,2,4,185
01/30/2016,ITO,HI,AWP,WE,Combined TRACON& Tower with Radar,35,14,6,0,55,0,99,10,1,110,35,113,16,1,165,16,0,16,181
01/31/2016,ITO,HI,AWP,WE,Combined TRACON& Tower with Radar,32,7,1,0,40,0,72,6,0,78,32,79,7,0,118,6,0,6,124
02/01/2016,ITO,HI,AWP,WE,Combined TRACON& Tower with Radar,43,3,5,3,54,0,90,6,5,101,43,93,11,8,155,8,6,14,169
02/02/2016,ITO,HI,AWP,WE,Combined TRACON& Tower with Radar,41,7,3,5,56,0,167,6,3,176,41,174,9,8,232,0,0,0,232
02/03/2016,ITO,HI,AWP,WE,Combined TRACON& Tower with Radar,44,11,2,6,63,0,116,11,11,138,44,127,13,17,201,0,22,22,223
02/04/2016,ITO,HI,AWP,WE,Combined TRACON& Tower with Radar,49,18,1,17,85,0,112,12,12,136,49,130,13,29,221,6,22,28,249
02/05/2016,ITO,HI,AWP,WE,Combined TRACON& Tower with Radar,47,11,4,6,68,0,102,6,3,111,47,113,10,9,179,0,0,0,179
02/06/2016,ITO,HI,AWP,WE,Combined TRACON& Tower with Radar,34,9,7,0,50,0,120,1,0,121,34,129,8,0,171,0,0,0,171
02/07/2016,ITO,HI,AWP,WE,Combined TRACON& Tower with Radar,31,5,8,0,44,0,72,1,0,73,31,77,9,0,117,2,0,2,119
02/08/2016,ITO,HI,AWP,WE,Combined TRACON& Tower with Radar,43,12,0,17,72,0,196,10,0,206,43,208,10,17,278,10,0,10,288
02/09/2016,ITO,HI,AWP,WE,Combined TRACON& Tower with Radar,41,13,0,2,56,0,214,18,5,237,41,227,18,7,293,20,12,32,325
02/10/2016,ITO,HI,AWP,WE,Combined TRACON& Tower with Radar,42,7,0,1,50,0,199,7,5,211,42,206,7,6,261,10,2,12,273
02/11/2016,ITO,HI,AWP,WE,Combined TRACON& Tower with Radar,44,14,0,10,68,5,139,13,7,164,49,153,13,17,232,27,0,27,259
02/12/2016,ITO,HI,AWP,WE,Combined TRACON& Tower with Radar,41,17,4,2,64,0,122,12,0,134,41,139,16,2,198,2,0,2,200
02/13/2016,ITO,HI,AWP,WE,Combined TRACON& Tower with Radar,38,13,3,0,54,0,120,11,0,131,38,133,14,0,185,34,0,34,219
02/14/2016,ITO,HI,AWP,WE,Combined TRACON& Tower with Radar,35,6,1,1,43,0,145,5,0,150,35,151,6,1,193,0,0,0,193
02/15/2016,ITO,HI,AWP,WE,Combined TRACON& Tower with Radar,39,9,1,0,49,0,142,19,0,161,39,151,20,0,210,50,0,50,260
02/16/2016,ITO,HI,AWP,WE,Combined TRACON& Tower with Radar,44,11,3,16,74,0,150,4,11,165,44,161,7,27,239,24,16,40,279
02/17/2016,ITO,HI,AWP,WE,Combined TRACON& Tower with Radar,35,19,1,13,68,0,71,10,5,86,35,90,11,18,154,2,0,2,156
02/18/2016,ITO,HI,AWP,WE,Combined TRACON& Tower with Radar,43,20,2,18,83,0,119,14,21,154,43,139,16,39,237,23,32,55,292
02/19/2016,ITO,HI,AWP,WE,Combined TRACON& Tower with Radar,45,10,1,18,74,0,192,14,15,221,45,202,15,33,295,64,72,136,431
02/20/2016,ITO,HI,AWP,WE,Combined TRACON& Tower with Radar,36,10,2,10,58,0,153,10,5,168,36,163,12,15,226,0,4,4,230
02/21/2016,ITO,HI,AWP,WE,Combined TRACON& Tower with Radar,31,6,1,7,45,0,119,10,6,135,31,125,11,13,180,2,0,2,182
02/22/2016,ITO,HI,AWP,WE,Combined TRACON& Tower with Radar,43,8,1,14,66,0,121,6,8,135,43,129,7,22,201,8,8,16,217
02/23/2016,ITO,HI,AWP,WE,Combined TRACON& Tower with Radar,40,11,2,23,76,0,85,7,10,102,40,96,9,33,178,0,12,12,190
02/24/2016,ITO,HI,AWP,WE,Combined TRACON& Tower with Radar,41,14,2,15,72,0,123,10,12,145,41,137,12,27,217,0,6,6,223
02/25/2016,ITO,HI,AWP,WE,Combined TRACON& Tower with Radar,41,18,8,9,76,0,86,12,4,102,41,104,20,13,178,0,6,6,184
02/26/2016,ITO,HI,AWP,WE,Combined TRACON& Tower with Radar,42,6,4,5,57,0,131,17,1,149,42,137,21,6,206,2,0,2,208
02/27/2016,ITO,HI,AWP,WE,Combined TRACON& Tower with Radar,34,9,6,0,49,0,91,12,0,103,34,100,18,0,152,4,0,4,156
02/28/2016,ITO,HI,AWP,WE,Combined TRACON& Tower with Radar,33,8,1,0,42,1,92,4,1,98,34,100,5,1,140,10,0,10,150
02/29/2016,ITO,HI,AWP,WE,Combined TRACON& Tower with Radar,41,14,2,11,68,0,102,4,2,108,41,116,6,13,176,2,16,18,194
03/01/2016,ITO,HI,AWP,WE,Combined TRACON& Tower with Radar,42,15,2,19,78,0,118,5,9,132,42,133,7,28,210,0,8,8,218
03/02/2016,ITO,HI,AWP,WE,Combined TRACON& Tower with Radar,42,4,4,7,57,0,96,16,12,124,42,100,20,19,181,0,0,0,181
03/03/2016,ITO,HI,AWP,WE,Combined TRACON& Tower with Radar,44,8,0,12,64,0,99,8,1,108,44,107,8,13,172,0,22,22,194
03/04/2016,ITO,HI,AWP,WE,Combined TRACON& Tower with Radar,40,9,1,2,52,0,121,7,0,128,40,130,8,2,180,0,10,10,190
03/05/2016,ITO,HI,AWP,WE,Combined TRACON& Tower with Radar,35,13,9,8,65,0,89,10,6,105,35,102,19,14,170,4,4,8,178
03/06/2016,ITO,HI,AWP,WE,Combined TRACON& Tower with Radar,32,11,1,5,49,0,80,1,12,93,32,91,2,17,142,1,0,1,143
03/07/2016,ITO,HI,AWP,WE,Combined TRACON& Tower with Radar,42,15,1,9,67,0,94,7,5,106,42,109,8,14,173,4,14,18,191
03/08/2016,ITO,HI,AWP,WE,Combined TRACON& Tower with Radar,43,8,2,14,67,0,132,7,0,139,43,140,9,14,206,0,12,12,218
03/09/2016,ITO,HI,AWP,WE,Combined TRACON& Tower with Radar,42,13,5,28,88,0,44,3,9,56,42,57,8,37,144,0,0,0,144
03/10/2016,ITO,HI,AWP,WE,Combined TRACON& Tower with Radar,42,13,3,4,62,0,111,4,4,119,42,124,7,8,181,2,18,20,201
03/11/2016,ITO,HI,AWP,WE,Combined TRACON& Tower with Radar,43,9,1,3,56,0,65,5,1,71,43,74,6,4,127,0,0,0,127
03/12/2016,ITO,HI,AWP,WE,Combined TRACON& Tower with Radar,36,17,8,0,61,0,48,0,0,48,36,65,8,0,109,0,0,0,109
03/13/2016,ITO,HI,AWP,WE,Combined TRACON& Tower with Radar,36,12,1,0,49,0,19,0,0,19,36,31,1,0,68,35,2,37,105
03/14/2016,ITO,HI,AWP,WE,Combined TRACON& Tower with Radar,42,19,3,17,81,0,118,5,2,125,42,137,8,19,206,0,9,9,215
03/15/2016,ITO,HI,AWP,WE,Combined TRACON& Tower with Radar,42,13,5,12,72,0,118,9,3,130,42,131,14,15,202,0,16,16,218
03/16/2016,ITO,HI,AWP,WE,Combined TRACON& Tower with Radar,41,17,4,13,75,0,126,11,1,138,41,143,15,14,213,0,4,4,217
03/17/2016,ITO,HI,AWP,WE,Combined TRACON& Tower with Radar,44,12,2,7,65,0,139,16,1,156,44,151,18,8,221,0,48,48,269
03/18/2016,ITO,HI,AWP,WE,Combined TRACON& Tower with Radar,44,14,2,11,71,0,140,12,0,152,44,154,14,11,223,0,12,12,235
03/19/2016,ITO,HI,AWP,WE,Combined TRACON& Tower with Radar,36,15,3,3,57,0,82,6,0,88,36,97,9,3,145,4,2,6,151
03/20/2016,ITO,HI,AWP,WE,Combined TRACON& Tower with Radar,36,7,5,0,48,0,99,11,0,110,36,106,16,0,158,10,0,10,168
03/21/2016,ITO,HI,AWP,WE,Combined TRACON& Tower with Radar,42,16,2,2,62,0,179,8,0,187,42,195,10,2,249,8,2,10,259
03/22/2016,ITO,HI,AWP,WE,Combined TRACON& Tower with Radar,45,14,2,0,61,0,192,6,5,203,45,206,8,5,264,10,20,30,294
03/23/2016,ITO,HI,AWP,WE,Combined TRACON& Tower with Radar,45,11,1,4,61,0,125,3,0,128,45,136,4,4,189,0,0,0,189
03/24/2016,ITO,HI,AWP,WE,Combined TRACON& Tower with Radar,46,15,4,6,71,0,156,11,8,175,46,171,15,14,246,8,21,29,275
03/25/2016,ITO,HI,AWP,WE,Combined TRACON& Tower with Radar,46,9,2,2,59,0,131,5,0,136,46,140,7,2,195,4,1,5,200
03/26/2016,ITO,HI,AWP,WE,Combined TRACON& Tower with Radar,38,16,6,5,65,0,142,10,1,153,38,158,16,6,218,0,0,0,218
03/27/2016,ITO,HI,AWP,WE,Combined TRACON& Tower with Radar,34,10,1,0,45,0,83,6,0,89,34,93,7,0,134,0,0,0,134
03/28/2016,ITO,HI,AWP,WE,Combined TRACON& Tower with Radar,41,15,2,0,58,0,170,6,0,176,41,185,8,0,234,4,0,4,238
03/29/2016,ITO,HI,AWP,WE,Combined TRACON& Tower with Radar,43,5,2,7,57,0,166,18,10,194,43,171,20,17,251,14,52,66,317
03/30/2016,ITO,HI,AWP,WE,Combined TRACON& Tower with Radar,47,6,2,8,63,1,188,5,12,206,48,194,7,20,269,0,6,6,275
03/31/2016,ITO,HI,AWP,WE,Combined TRACON& Tower with Radar,47,8,4,11,70,0,181,14,3,198,47,189,18,14,268,8,14,22,290
04/01/2016,ITO,HI,AWP,WE,Combined TRACON& Tower with Radar,44,10,4,6,64,0,126,33,4,163,44,136,37,10,227,12,6,18,245
04/02/2016,ITO,HI,AWP,WE,Combined TRACON& Tower with Radar,35,15,2,6,58,0,119,8,5,132,35,134,10,11,190,0,0,0,190
04/03/2016,ITO,HI,AWP,WE,Combined TRACON& Tower with Radar,47,6,0,4,57,0,86,13,1,100,47,92,13,5,157,4,0,4,161
04/04/2016,ITO,HI,AWP,WE,Combined TRACON& Tower with Radar,44,7,4,27,82,0,135,5,8,148,44,142,9,35,230,2,18,20,250
04/05/2016,ITO,HI,AWP,WE,Combined TRACON& Tower with Radar,42,12,4,6,64,0,195,9,2,206,42,207,13,8,270,12,14,26,296
04/06/2016,ITO,HI,AWP,WE,Combined TRACON& Tower with Radar,36,12,14,7,69,0,74,2,4,80,36,86,16,11,149,4,20,24,173
04/07/2016,ITO,HI,AWP,WE,Combined TRACON& Tower with Radar,43,11,1,29,84,1,81,10,18,110,44,92,11,47,194,2,24,26,220
04/08/2016,ITO,HI,AWP,WE,Combined TRACON& Tower with Radar,44,13,0,1,58,1,93,15,0,109,45,106,15,1,167,12,6,18,185
04/09/2016,ITO,HI,AWP,WE,Combined TRACON& Tower with Radar,37,6,1,2,46,0,131,7,0,138,37,137,8,2,184,2,0,2,186
04/10/2016,ITO,HI,AWP,WE,Combined TRACON& Tower with Radar,34,11,3,3,51,0,95,5,0,100,34,106,8,3,151,2,0,2,153
04/11/2016,ITO,HI,AWP,WE,Combined TRACON& Tower with Radar,44,8,2,1,55,0,68,5,0,73,44,76,7,1,128,6,0,6,134
04/12/2016,ITO,HI,AWP,WE,Combined TRACON& Tower with Radar,47,5,6,10,68,0,145,23,13,181,47,150,29,23,249,2,12,14,263
04/13/2016,ITO,HI,AWP,WE,Combined TRACON& Tower with Radar,37,12,3,16,68,0,47,4,9,60,37,59,7,25,128,16,2,18,146
04/14/2016,ITO,HI,AWP,WE,Combined TRACON& Tower with Radar,43,8,2,22,75,0,120,25,5,150,43,128,27,27,225,13,2,15,240
04/15/2016,ITO,HI,AWP,WE,Combined TRACON& Tower with Radar,40,12,0,14,66,0,123,8,5,136,40,135,8,19,202,8,16,24,226
04/16/2016,ITO,HI,AWP,WE,Combined TRACON& Tower with Radar,31,16,6,0,53,0,108,12,0,120,31,124,18,0,173,40,0,40,213
04/17/2016,ITO,HI,AWP,WE,Combined TRACON& Tower with Radar,37,0,9,0,46,0,89,7,0,96,37,89,16,0,142,2,0,2,144
04/18/2016,ITO,HI,AWP,WE,Combined TRACON& Tower with Radar,42,10,21,4,77,0,3,0,0,3,42,13,21,4,80,6,0,6,86
04/19/2016,ITO,HI,AWP,WE,Combined TRACON& Tower with Radar,42,7,11,2,62,0,22,3,0,25,42,29,14,2,87,8,12,20,107
04/20/2016,ITO,HI,AWP,WE,Combined TRACON& Tower with Radar,40,14,4,9,67,0,158,8,0,166,40,172,12,9,233,0,0,0,233
04/21/2016,ITO,HI,AWP,WE,Combined TRACON& Tower with Radar,48,7,8,9,72,0,115,11,4,130,48,122,19,13,202,0,10,10,212
04/22/2016,ITO,HI,AWP,WE,Combined TRACON& Tower with Radar,46,9,0,7,62,0,146,8,0,154,46,155,8,7,216,0,2,2,218
04/23/2016,ITO,HI,AWP,WE,Combined TRACON& Tower with Radar,35,13,2,1,51,0,64,4,0,68,35,77,6,1,119,0,0,0,119
04/24/2016,ITO,HI,AWP,WE,Combined TRACON& Tower with Radar,35,8,2,0,45,0,96,1,0,97,35,104,3,0,142,0,0,0,142
04/25/2016,ITO,HI,AWP,WE,Combined TRACON& Tower with Radar,41,5,5,9,60,0,132,12,0,144,41,137,17,9,204,6,0,6,210
04/26/2016,ITO,HI,AWP,WE,Combined TRACON& Tower with Radar,45,8,2,10,65,0,157,7,5,169,45,165,9,15,234,10,14,24,258
04/27/2016,ITO,HI,AWP,WE,Combined TRACON& Tower with Radar,36,14,1,1,52,0,108,5,2,115,36,122,6,3,167,4,2,6,173
04/28/2016,ITO,HI,AWP,WE,Combined TRACON& Tower with Radar,41,6,1,7,55,0,111,12,11,134,41,117,13,18,189,12,16,28,217
04/29/2016,ITO,HI,AWP,WE,Combined TRACON& Tower with Radar,44,6,0,9,59,0,102,7,0,109,44,108,7,9,168,29,0,29,197
04/30/2016,ITO,HI,AWP,WE,Combined TRACON& Tower with Radar,37,5,3,0,45,1,156,8,0,165,38,161,11,0,210,8,0,8,218
05/01/2016,ITO,HI,AWP,WE,Combined TRACON& Tower with Radar,34,5,3,0,42,0,43,2,0,45,34,48,5,0,87,6,0,6,93
05/02/2016,ITO,HI,AWP,WE,Combined TRACON& Tower with Radar,44,11,1,16,72,0,86,3,1,90,44,97,4,17,162,10,6,16,178
05/03/2016,ITO,HI,AWP,WE,Combined TRACON& Tower with Radar,43,6,5,16,70,0,147,10,11,168,43,153,15,27,238,12,28,40,278
05/04/2016,ITO,HI,AWP,WE,Combined TRACON& Tower with Radar,40,10,2,8,60,0,76,5,7,88,40,86,7,15,148,2,10,12,160
05/05/2016,ITO,HI,AWP,WE,Combined TRACON& Tower with Radar,42,9,7,19,77,0,140,13,1,154,42,149,20,20,231,2,6,8,239
05/06/2016,ITO,HI,AWP,WE,Combined TRACON& Tower with Radar,45,10,1,9,65,0,76,9,3,88,45,86,10,12,153,24,2,26,179
05/07/2016,ITO,HI,AWP,WE,Combined TRACON& Tower with Radar,36,5,2,0,43,0,73,14,0,87,36,78,16,0,130,14,6,20,150
05/08/2016,ITO,HI,AWP,WE,Combined TRACON& Tower with Radar,35,1,1,0,37,0,128,2,0,130,35,129,3,0,167,2,0,2,169
05/09/2016,ITO,HI,AWP,WE,Combined TRACON& Tower with Radar,43,13,0,12,68,0,113,10,0,123,43,126,10,12,191,20,0,20,211
05/10/2016,ITO,HI,AWP,WE,Combined TRACON& Tower with Radar,48,16,0,16,80,0,146,15,8,169,48,162,15,24,249,32,18,50,299
05/11/2016,ITO,HI,AWP,WE,Combined TRACON& Tower with Radar,41,9,5,23,78,0,72,4,18,94,41,81,9,41,172,12,6,18,190
05/12/2016,ITO,HI,AWP,WE,Combined TRACON& Tower with Radar,42,10,5,19,76,0,19,4,11,34,42,29,9,30,110,3,28,31,141
05/13/2016,ITO,HI,AWP,WE,Combined TRACON& Tower with Radar,44,10,4,5,63,0,72,6,0,78,44,82,10,5,141,2,0,2,143
05/14/2016,ITO,HI,AWP,WE,Combined TRACON& Tower with Radar,37,19,1,11,68,0,102,3,18,123,37,121,4,29,191,8,14,22,213
05/15/2016,ITO,HI,AWP,WE,Combined TRACON& Tower with Radar,34,8,3,2,47,0,99,4,1,104,34,107,7,3,151,13,0,13,164
05/16/2016,ITO,HI,AWP,WE,Combined TRACON& Tower with Radar,43,11,0,5,59,0,90,9,0,99,43,101,9,5,158,20,0,20,178
05/17/2016,ITO,HI,AWP,WE,Combined TRACON& Tower with Radar,42,12,0,18,72,0,141,10,10,161,42,153,10,28,233,18,14,32,265
05/18/2016,ITO,HI,AWP,WE,Combined TRACON& Tower with Radar,41,11,1,6,59,0,192,15,5,212,41,203,16,11,271,96,0,96,367
05/19/2016,ITO,HI,AWP,WE,Combined TRACON& Tower with Radar,46,23,1,12,82,0,183,9,4,196,46,206,10,16,278,46,20,66,344
05/20/2016,ITO,HI,AWP,WE,Combined TRACON& Tower with Radar,44,12,5,6,67,0,104,13,3,120,44,116,18,9,187,0,10,10,197
05/21/2016,ITO,HI,AWP,WE,Combined TRACON& Tower with Radar,36,15,3,0,54,0,76,0,0,76,36,91,3,0,130,38,0,38,168
05/22/2016,ITO,HI,AWP,WE,Combined TRACON& Tower with Radar,36,7,0,0,43,0,91,1,0,92,36,98,1,0,135,21,0,21,156
05/23/2016,ITO,HI,AWP,WE,Combined TRACON& Tower with Radar,44,18,1,13,76,0,87,4,6,97,44,105,5,19,173,16,27,43,216
05/24/2016,ITO,HI,AWP,WE,Combined TRACON& Tower with Radar,42,15,4,4,65,0,171,13,4,188,42,186,17,8,253,4,10,14,267
05/25/2016,ITO,HI,AWP,WE,Combined TRACON& Tower with Radar,44,12,2,1,59,0,130,8,3,141,44,142,10,4,200,64,16,80,280
05/26/2016,ITO,HI,AWP,WE,Combined TRACON& Tower with Radar,48,13,1,12,74,0,166,22,11,199,48,179,23,23,273,46,14,60,333
05/27/2016,ITO,HI,AWP,WE,Combined TRACON& Tower with Radar,43,15,4,8,70,0,116,11,1,128,43,131,15,9,198,36,16,52,250
05/28/2016,ITO,HI,AWP,WE,Combined TRACON& Tower with Radar,35,9,3,0,47,0,151,10,0,161,35,160,13,0,208,90,0,90,298
05/29/2016,ITO,HI,AWP,WE,Combined TRACON& Tower with Radar,34,7,0,0,41,0,116,9,1,126,34,123,9,1,167,38,0,38,205
05/30/2016,ITO,HI,AWP,WE,Combined TRACON& Tower with Radar,44,4,6,0,54,0,113,2,0,115,44,117,8,0,169,10,0,10,179
05/31/2016,ITO,HI,AWP,WE,Combined TRACON& Tower with Radar,44,11,7,2,64,0,194,24,2,220,44,205,31,4,284,8,0,8,292
06/01/2016,ITO,HI,AWP,WE,Combined TRACON& Tower with Radar,40,13,9,22,84,0,14,5,0,19,40,27,14,22,103,0,0,0,103
06/02/2016,ITO,HI,AWP,WE,Combined TRACON& Tower with Radar,42,12,1,8,63,0,125,9,6,140,42,137,10,14,203,2,26,28,231
06/03/2016,ITO,HI,AWP,WE,Combined TRACON& Tower with Radar,43,8,1,2,54,0,135,18,2,155,43,143,19,4,209,6,2,8,217
06/04/2016,ITO,HI,AWP,WE,Combined TRACON& Tower with Radar,41,16,1,3,61,0,109,8,0,117,41,125,9,3,178,6,0,6,184
06/05/2016,ITO,HI,AWP,WE,Combined TRACON& Tower with Radar,38,8,2,2,50,0,107,4,0,111,38,115,6,2,161,0,0,0,161
06/06/2016,ITO,HI,AWP,WE,Combined TRACON& Tower with Radar,44,17,4,9,74,0,27,2,0,29,44,44,6,9,103,6,0,6,109
06/07/2016,ITO,HI,AWP,WE,Combined TRACON& Tower with Radar,47,14,9,13,83,0,92,4,1,97,47,106,13,14,180,16,0,16,196
06/08/2016,ITO,HI,AWP,WE,Combined TRACON& Tower with Radar,39,9,2,10,60,0,196,2,4,202,39,205,4,14,262,28,8,36,298
06/09/2016,ITO,HI,AWP,WE,Combined TRACON& Tower with Radar,44,15,1,9,69,0,115,8,1,124,44,130,9,10,193,13,23,36,229
06/10/2016,ITO,HI,AWP,WE,Combined TRACON& Tower with Radar,45,12,1,12,70,0,134,1,4,139,45,146,2,16,209,0,6,6,215
06/11/2016,ITO,HI,AWP,WE,Combined TRACON& Tower with Radar,36,10,2,2,50,0,140,10,0,150,36,150,12,2,200,4,6,10,210
06/12/2016,ITO,HI,AWP,WE,Combined TRACON& Tower with Radar,35,10,3,0,48,0,74,0,0,74,35,84,3,0,122,0,0,0,122
06/13/2016,ITO,HI,AWP,WE,Combined TRACON& Tower with Radar,44,7,0,6,57,0,113,5,16,134,44,120,5,22,191,2,28,30,221
06/14/2016,ITO,HI,AWP,WE,Combined TRACON& Tower with Radar,43,13,3,20,79,0,13,0,6,19,43,26,3,26,98,2,32,34,132
06/15/2016,ITO,HI,AWP,WE,Combined TRACON& Tower with Radar,42,14,3,28,87,0,154,5,16,175,42,168,8,44,262,45,28,73,335
06/16/2016,ITO,HI,AWP,WE,Combined TRACON& Tower with Radar,43,18,2,22,85,0,143,7,16,166,43,161,9,38,251,24,70,94,345
06/17/2016,ITO,HI,AWP,WE,Combined TRACON& Tower with Radar,44,8,0,11,63,0,124,6,5,135,44,132,6,16,198,8,46,54,252
06/18/2016,ITO,HI,AWP,WE,Combined TRACON& Tower with Radar,33,12,2,8,55,0,176,3,20,199,33,188,5,28,254,20,46,66,320
06/19/2016,ITO,HI,AWP,WE,Combined TRACON& Tower with Radar,37,8,1,4,50,0,88,6,6,100,37,96,7,10,150,20,0,20,170
06/20/2016,ITO,HI,AWP,WE,Combined TRACON& Tower with Radar,46,17,0,10,73,0,118,8,0,126,46,135,8,10,199,16,32,48,247
06/21/2016,ITO,HI,AWP,WE,Combined TRACON& Tower with Radar,42,14,0,8,64,0,159,9,5,173,42,173,9,13,237,22,0,22,259
06/22/2016,ITO,HI,AWP,WE,Combined TRACON& Tower with Radar,42,15,0,30,87,0,161,7,10,178,42,176,7,40,265,24,8,32,297
06/23/2016,ITO,HI,AWP,WE,Combined TRACON& Tower with Radar,45,14,3,14,76,0,122,22,4,148,45,136,25,18,224,6,2,8,232
06/24/2016,ITO,HI,AWP,WE,Combined TRACON& Tower with Radar,51,14,2,1,68,0,133,13,0,146,51,147,15,1,214,14,0,14,228
06/25/2016,ITO,HI,AWP,WE,Combined TRACON& Tower with Radar,37,12,3,0,52,0,104,10,2,116,37,116,13,2,168,0,2,2,170
06/26/2016,ITO,HI,AWP,WE,Combined TRACON& Tower with Radar,36,6,1,0,43,0,116,5,0,121,36,122,6,0,164,4,0,4,168
06/27/2016,ITO,HI,AWP,WE,Combined TRACON& Tower with Radar,46,12,1,12,71,0,147,3,2,152,46,159,4,14,223,14,4,18,241
06/28/2016,ITO,HI,AWP,WE,Combined TRACON& Tower with Radar,42,9,2,8,61,0,190,6,6,202,42,199,8,14,263,18,6,24,287
06/29/2016,ITO,HI,AWP,WE,Combined TRACON& Tower with Radar,43,9,2,1,55,0,147,1,2,150,43,156,3,3,205,26,6,32,237
06/30/2016,ITO,HI,AWP,WE,Combined TRACON& Tower with Radar,44,15,1,1,61,0,158,3,0,161,44,173,4,1,222,2,0,2,224
07/01/2016,ITO,HI,AWP,WE,Combined TRACON& Tower with Radar,45,10,0,0,55,0,194,3,1,198,45,204,3,1,253,12,0,12,265
07/02/2016,ITO,HI,AWP,WE,Combined TRACON& Tower with Radar,39,6,0,0,45,0,164,4,0,168,39,170,4,0,213,0,0,0,213
07/03/2016,ITO,HI,AWP,WE,Combined TRACON& Tower with Radar,36,12,0,2,50,0,157,3,0,160,36,169,3,2,210,0,0,0,210
07/04/2016,ITO,HI,AWP,WE,Combined TRACON& Tower with Radar,41,16,0,0,57,0,123,8,0,131,41,139,8,0,188,4,0,4,192
07/05/2016,ITO,HI,AWP,WE,Combined TRACON& Tower with Radar,44,12,3,15,74,0,224,5,2,231,44,236,8,17,305,18,18,36,341
07/06/2016,ITO,HI,AWP,WE,Combined TRACON& Tower with Radar,44,12,5,24,85,0,193,1,5,199,44,205,6,29,284,9,4,13,297
07/07/2016,ITO,HI,AWP,WE,Combined TRACON& Tower with Radar,44,10,2,11,67,0,212,9,2,223,44,222,11,13,290,2,16,18,308
07/08/2016,ITO,HI,AWP,WE,Combined TRACON& Tower with Radar,43,18,4,10,75,0,191,5,0,196,43,209,9,10,271,0,4,4,275
07/09/2016,ITO,HI,AWP,WE,Combined TRACON& Tower with Radar,37,9,4,4,54,0,171,1,6,178,37,180,5,10,232,0,8,8,240
07/10/2016,ITO,HI,AWP,WE,Combined TRACON& Tower with Radar,36,9,3,9,57,0,146,1,1,148,36,155,4,10,205,4,22,26,231
07/11/2016,ITO,HI,AWP,WE,Combined TRACON& Tower with Radar,44,10,0,8,62,0,158,9,4,171,44,168,9,12,233,16,0,16,249
07/12/2016,ITO,HI,AWP,WE,Combined TRACON& Tower with Radar,44,11,3,14,72,0,196,4,13,213,44,207,7,27,285,12,6,18,303
07/13/2016,ITO,HI,AWP,WE,Combined TRACON& Tower with Radar,45,12,0,9,66,0,176,4,6,186,45,188,4,15,252,4,5,9,261
07/14/2016,ITO,HI,AWP,WE,Combined TRACON& Tower with Radar,42,8,3,11,64,0,175,5,6,186,42,183,8,17,250,10,26,36,286
07/15/2016,ITO,HI,AWP,WE,Combined TRACON& Tower with Radar,48,13,1,5,67,0,169,9,2,180,48,182,10,7,247,0,10,10,257
07/16/2016,ITO,HI,AWP,WE,Combined TRACON& Tower with Radar,37,14,5,2,58,0,154,12,2,168,37,168,17,4,226,14,0,14,240
07/17/2016,ITO,HI,AWP,WE,Combined TRACON& Tower with Radar,37,10,1,1,49,0,170,3,0,173,37,180,4,1,222,4,0,4,226
07/18/2016,ITO,HI,AWP,WE,Combined TRACON& Tower with Radar,45,10,2,0,57,0,158,1,0,159,45,168,3,0,216,2,0,2,218
07/19/2016,ITO,HI,AWP,WE,Combined TRACON& Tower with Radar,42,11,0,21,74,0,149,4,7,160,42,160,4,28,234,35,42,77,311
07/20/2016,ITO,HI,AWP,WE,Combined TRACON& Tower with Radar,45,13,0,3,61,0,212,10,8,230,45,225,10,11,291,34,0,34,325
07/21/2016,ITO,HI,AWP,WE,Combined TRACON& Tower with Radar,44,9,4,6,63,0,159,22,2,183,44,168,26,8,246,22,0,22,268
07/22/2016,ITO,HI,AWP,WE,Combined TRACON& Tower with Radar,46,13,1,1,61,0,166,6,0,172,46,179,7,1,233,4,0,4,237
07/23/2016,ITO,HI,AWP,WE,Combined TRACON& Tower with Radar,38,21,0,2,61,0,0,0,0,0,38,21,0,2,61,0,0,0,61
07/24/2016,ITO,HI,AWP,WE,Combined TRACON& Tower with Radar,41,12,0,0,53,0,7,5,0,12,41,19,5,0,65,5,0,5,70
07/25/2016,ITO,HI,AWP,WE,Combined TRACON& Tower with Radar,58,22,0,2,82,0,170,10,0,180,58,192,10,2,262,6,10,16,278
07/26/2016,ITO,HI,AWP,WE,Combined TRACON& Tower with Radar,47,9,4,8,68,0,209,6,2,217,47,218,10,10,285,4,16,20,305
07/27/2016,ITO,HI,AWP,WE,Combined TRACON& Tower with Radar,46,13,1,11,71,0,182,10,6,198,46,195,11,17,269,26,6,32,301
07/28/2016,ITO,HI,AWP,WE,Combined TRACON& Tower with Radar,45,15,1,7,68,0,157,7,7,171,45,172,8,14,239,14,0,14,253
07/29/2016,ITO,HI,AWP,WE,Combined TRACON& Tower with Radar,47,14,1,2,64,0,157,3,2,162,47,171,4,4,226,0,0,0,226
07/30/2016,ITO,HI,AWP,WE,Combined TRACON& Tower with Radar,35,10,6,5,56,0,182,4,0,186,35,192,10,5,242,0,4,4,246
07/31/2016,ITO,HI,AWP,WE,Combined TRACON& Tower with Radar,41,9,0,2,52,0,146,1,1,148,41,155,1,3,200,2,0,2,202
08/01/2016,ITO,HI,AWP,WE,Combined TRACON& Tower with Radar,49,19,1,7,76,0,187,4,0,191,49,206,5,7,267,9,18,27,294
08/02/2016,ITO,HI,AWP,WE,Combined TRACON& Tower with Radar,45,7,2,9,63,0,220,10,8,238,45,227,12,17,301,2,16,18,319
08/03/2016,ITO,HI,AWP,WE,Combined TRACON& Tower with Radar,46,17,1,10,74,0,159,7,8,174,46,176,8,18,248,6,38,44,292
08/04/2016,ITO,HI,AWP,WE,Combined TRACON& Tower with Radar,43,12,1,5,61,0,180,8,5,193,43,192,9,10,254,14,4,18,272
08/05/2016,ITO,HI,AWP,WE,Combined TRACON& Tower with Radar,49,13,0,5,67,0,181,4,3,188,49,194,4,8,255,8,2,10,265
08/06/2016,ITO,HI,AWP,WE,Combined TRACON& Tower with Radar,38,19,3,5,65,0,150,7,13,170,38,169,10,18,235,2,0,2,237
08/07/2016,ITO,HI,AWP,WE,Combined TRACON& Tower with Radar,42,12,1,6,61,0,170,2,3,175,42,182,3,9,236,6,0,6,242
08/08/2016,ITO,HI,AWP,WE,Combined TRACON& Tower with Radar,48,16,0,3,67,0,178,2,3,183,48,194,2,6,250,24,16,40,290
08/09/2016,ITO,HI,AWP,WE,Combined TRACON& Tower with Radar,45,9,1,7,62,0,187,2,10,199,45,196,3,17,261,18,0,18,279
08/10/2016,ITO,HI,AWP,WE,Combined TRACON& Tower with Radar,44,18,1,10,73,0,198,1,19,218,44,216,2,29,291,15,44,59,350
08/11/2016,ITO,HI,AWP,WE,Combined TRACON& Tower with Radar,44,15,0,17,76,0,155,3,10,168,44,170,3,27,244,20,19,39,283
08/12/2016,ITO,HI,AWP,WE,Combined TRACON& Tower with Radar,48,13,1,4,66,0,158,3,2,163,48,171,4,6,229,2,2,4,233
08/13/2016,ITO,HI,AWP,WE,Combined TRACON& Tower with Radar,38,24,0,3,65,0,35,6,0,41,38,59,6,3,106,0,0,0,106
08/14/2016,ITO,HI,AWP,WE,Combined TRACON& Tower with Radar,41,12,4,0,57,0,188,3,0,191,41,200,7,0,248,18,0,18,266
08/15/2016,ITO,HI,AWP,WE,Combined TRACON& Tower with Radar,48,15,2,6,71,0,165,2,0,167,48,180,4,6,238,6,12,18,256
08/16/2016,ITO,HI,AWP,WE,Combined TRACON& Tower with Radar,44,8,0,19,71,0,197,7,4,208,44,205,7,23,279,18,38,56,335
08/17/2016,ITO,HI,AWP,WE,Combined TRACON& Tower with Radar,44,10,1,9,64,0,204,4,5,213,44,214,5,14,277,6,16,22,299
08/18/2016,ITO,HI,AWP,WE,Combined TRACON& Tower with Radar,45,14,2,6,67,0,164,5,3,172,45,178,7,9,239,22,2,24,263
08/19/2016,ITO,HI,AWP,WE,Combined TRACON& Tower with Radar,50,8,1,9,68,0,169,6,5,180,50,177,7,14,248,17,6,23,271
08/20/2016,ITO,HI,AWP,WE,Combined TRACON& Tower with Radar,38,10,3,0,51,0,182,7,0,189,38,192,10,0,240,0,0,0,240
08/21/2016,ITO,HI,AWP,WE,Combined TRACON& Tower with Radar,42,17,4,0,63,0,148,6,0,154,42,165,10,0,217,14,0,14,231
08/22/2016,ITO,HI,AWP,WE,Combined TRACON& Tower with Radar,50,12,8,4,74,0,2,1,0,3,50,14,9,4,77,0,0,0,77
08/23/2016,ITO,HI,AWP,WE,Combined TRACON& Tower with Radar,48,20,4,11,83,0,4,1,0,5,48,24,5,11,88,2,1,3,91
08/24/2016,ITO,HI,AWP,WE,Combined TRACON& Tower with Radar,43,17,0,14,74,0,193,3,0,196,43,210,3,14,270,30,12,42,312
08/25/2016,ITO,HI,AWP,WE,Combined TRACON& Tower with Radar,45,14,0,7,66,0,187,6,11,204,45,201,6,18,270,24,12,36,306
08/26/2016,ITO,HI,AWP,WE,Combined TRACON& Tower with Radar,50,8,1,11,70,0,215,5,0,220,50,223,6,11,290,2,4,6,296
08/27/2016,ITO,HI,AWP,WE,Combined TRACON& Tower with Radar,39,4,2,0,45,0,165,9,14,188,39,169,11,14,233,4,1,5,238
08/28/2016,ITO,HI,AWP,WE,Combined TRACON& Tower with Radar,40,8,2,0,50,0,128,3,0,131,40,136,5,0,181,12,0,12,193
08/29/2016,ITO,HI,AWP,WE,Combined TRACON& Tower with Radar,48,8,1,2,59,0,159,1,0,160,48,167,2,2,219,22,0,22,241
08/30/2016,ITO,HI,AWP,WE,Combined TRACON& Tower with Radar,46,9,1,2,58,0,111,3,3,117,46,120,4,5,175,8,0,8,183
08/31/2016,ITO,HI,AWP,WE,Combined TRACON& Tower with Radar,45,14,1,3,63,0,2,0,0,2,45,16,1,3,65,4,0,4,69
09/01/2016,ITO,HI,AWP,WE,Combined TRACON& Tower with Radar,48,5,0,5,58,0,44,1,0,45,48,49,1,5,103,8,10,18,121
09/02/2016,ITO,HI,AWP,WE,Combined TRACON& Tower with Radar,53,6,1,9,69,0,139,5,0,144,53,145,6,9,213,0,3,3,216
09/03/2016,ITO,HI,AWP,WE,Combined TRACON& Tower with Radar,39,14,2,0,55,0,125,10,0,135,39,139,12,0,190,8,0,8,198
09/04/2016,ITO,HI,AWP,WE,Combined TRACON& Tower with Radar,36,9,0,0,45,0,67,2,0,69,36,76,2,0,114,2,0,2,116
09/05/2016,ITO,HI,AWP,WE,Combined TRACON& Tower with Radar,47,10,0,0,57,0,118,4,2,124,47,128,4,2,181,6,0,6,187
09/06/2016,ITO,HI,AWP,WE,Combined TRACON& Tower with Radar,44,13,0,0,57,0,211,9,8,228,44,224,9,8,285,6,8,14,299
09/07/2016,ITO,HI,AWP,WE,Combined TRACON& Tower with Radar,46,11,0,7,64,0,133,2,4,139,46,144,2,11,203,14,26,40,243
09/08/2016,ITO,HI,AWP,WE,Combined TRACON& Tower with Radar,43,5,2,10,60,0,127,4,11,142,43,132,6,21,202,14,14,28,230
09/09/2016,ITO,HI,AWP,WE,Combined TRACON& Tower with Radar,48,9,2,19,78,0,111,8,13,132,48,120,10,32,210,2,50,52,262
09/10/2016,ITO,HI,AWP,WE,Combined TRACON& Tower with Radar,38,10,3,15,66,0,122,13,5,140,38,132,16,20,206,6,14,20,226
09/11/2016,ITO,HI,AWP,WE,Combined TRACON& Tower with Radar,33,13,4,2,52,0,101,2,9,112,33,114,6,11,164,10,0,10,174
09/12/2016,ITO,HI,AWP,WE,Combined TRACON& Tower with Radar,43,13,2,3,61,0,139,4,4,147,43,152,6,7,208,12,0,12,220
09/13/2016,ITO,HI,AWP,WE,Combined TRACON& Tower with Radar,44,4,5,8,61,0,133,3,0,136,44,137,8,8,197,26,0,26,223
09/14/2016,ITO,HI,AWP,WE,Combined TRACON& Tower with Radar,43,8,1,4,56,0,144,11,0,155,43,152,12,4,211,26,0,26,237
09/15/2016,ITO,HI,AWP,WE,Combined TRACON& Tower with Radar,48,13,0,2,63,0,9,1,0,10,48,22,1,2,73,0,0,0,73
09/16/2016,ITO,HI,AWP,WE,Combined TRACON& Tower with Radar,47,9,0,4,60,0,177,7,2,186,47,186,7,6,246,5,0,5,251
09/17/2016,ITO,HI,AWP,WE,Combined TRACON& Tower with Radar,37,10,3,0,50,0,197,3,0,200,37,207,6,0,250,6,0,6,256
09/18/2016,ITO,HI,AWP,WE,Combined TRACON& Tower with Radar,34,21,10,0,65,0,130,8,1,139,34,151,18,1,204,12,0,12,216
09/19/2016,ITO,HI,AWP,WE,Combined TRACON& Tower with Radar,44,13,2,7,66,0,158,5,2,165,44,171,7,9,231,16,2,18,249
09/20/2016,ITO,HI,AWP,WE,Combined TRACON& Tower with Radar,42,12,8,6,68,0,171,7,4,182,42,183,15,10,250,6,6,12,262
09/21/2016,ITO,HI,AWP,WE,Combined TRACON& Tower with Radar,41,12,3,3,59,0,148,6,1,155,41,160,9,4,214,18,2,20,234
09/22/2016,ITO,HI,AWP,WE,Combined TRACON& Tower with Radar,44,13,1,1,59,0,155,5,0,160,44,168,6,1,219,26,0,26,245
09/23/2016,ITO,HI,AWP,WE,Combined TRACON& Tower with Radar,50,9,4,1,64,0,178,8,0,186,50,187,12,1,250,10,0,10,260
09/24/2016,ITO,HI,AWP,WE,Combined TRACON& Tower with Radar,41,11,6,11,69,0,137,3,3,143,41,148,9,14,212,16,2,18,230
09/25/2016,ITO,HI,AWP,WE,Combined TRACON& Tower with Radar,33,8,0,0,41,0,103,4,0,107,33,111,4,0,148,6,0,6,154
09/26/2016,ITO,HI,AWP,WE,Combined TRACON& Tower with Radar,45,8,1,9,63,0,128,7,2,137,45,136,8,11,200,14,0,14,214
09/27/2016,ITO,HI,AWP,WE,Combined TRACON& Tower with Radar,43,11,2,8,64,0,167,9,6,182,43,178,11,14,246,28,14,42,288
09/28/2016,ITO,HI,AWP,WE,Combined TRACON& Tower with Radar,42,9,4,2,57,0,160,13,2,175,42,169,17,4,232,10,2,12,244
09/29/2016,ITO,HI,AWP,WE,Combined TRACON& Tower with Radar,45,7,7,5,64,2,127,12,3,144,47,134,19,8,208,10,0,10,218
09/30/2016,ITO,HI,AWP,WE,Combined TRACON& Tower with Radar,46,7,4,0,57,0,154,15,0,169,46,161,19,0,226,6,0,6,232
10/01/2016,ITO,HI,AWP,WE,Combined TRACON& Tower with Radar,39,20,3,7,69,0,56,4,3,63,39,76,7,10,132,0,4,4,136
10/02/2016,ITO,HI,AWP,WE,Combined TRACON& Tower with Radar,33,5,3,5,46,0,114,1,1,116,33,119,4,6,162,0,0,0,162
10/03/2016,ITO,HI,AWP,WE,Combined TRACON& Tower with Radar,46,16,0,0,62,0,41,5,0,46,46,57,5,0,108,3,0,3,111
10/04/2016,ITO,HI,AWP,WE,Combined TRACON& Tower with Radar,43,17,0,4,64,0,111,1,2,114,43,128,1,6,178,14,0,14,192
10/05/2016,ITO,HI,AWP,WE,Combined TRACON& Tower with Radar,44,13,0,3,60,0,169,5,4,178,44,182,5,7,238,0,14,14,252
10/06/2016,ITO,HI,AWP,WE,Combined TRACON& Tower with Radar,43,9,1,4,57,0,160,3,2,165,43,169,4,6,222,18,8,26,248
10/07/2016,ITO,HI,AWP,WE,Combined TRACON& Tower with Radar,49,25,1,1,76,0,124,0,0,124,49,149,1,1,200,8,4,12,212
10/08/2016,ITO,HI,AWP,WE,Combined TRACON& Tower with Radar,36,19,4,0,59,0,144,15,0,159,36,163,19,0,218,26,1,27,245
10/09/2016,ITO,HI,AWP,WE,Combined TRACON& Tower with Radar,34,6,2,0,42,0,151,4,0,155,34,157,6,0,197,14,0,14,211
10/10/2016,ITO,HI,AWP,WE,Combined TRACON& Tower with Radar,48,9,0,2,59,0,169,4,0,173,48,178,4,2,232,4,0,4,236
10/11/2016,ITO,HI,AWP,WE,Combined TRACON& Tower with Radar,45,9,3,7,64,0,173,15,4,192,45,182,18,11,256,14,12,26,282
10/12/2016,ITO,HI,AWP,WE,Combined TRACON& Tower with Radar,42,19,2,8,71,0,108,3,8,119,42,127,5,16,190,30,34,64,254
10/13/2016,ITO,HI,AWP,WE,Combined TRACON& Tower with Radar,47,5,2,2,56,0,150,10,8,168,47,155,12,10,224,20,7,27,251
10/14/2016,ITO,HI,AWP,WE,Combined TRACON& Tower with Radar,52,9,3,4,68,0,143,7,4,154,52,152,10,8,222,25,0,25,247
10/15/2016,ITO,HI,AWP,WE,Combined TRACON& Tower with Radar,37,7,0,4,48,0,140,8,8,156,37,147,8,12,204,6,0,6,210
10/16/2016,ITO,HI,AWP,WE,Combined TRACON& Tower with Radar,37,9,0,4,50,0,110,18,4,132,37,119,18,8,182,36,4,40,222
10/17/2016,ITO,HI,AWP,WE,Combined TRACON& Tower with Radar,50,17,0,3,70,0,123,12,9,144,50,140,12,12,214,30,0,30,244
10/18/2016,ITO,HI,AWP,WE,Combined TRACON& Tower with Radar,44,17,3,7,71,0,181,5,5,191,44,198,8,12,262,50,30,80,342
10/19/2016,ITO,HI,AWP,WE,Combined TRACON& Tower with Radar,42,13,3,12,70,0,37,4,7,48,42,50,7,19,118,16,30,46,164
10/20/2016,ITO,HI,AWP,WE,Combined TRACON& Tower with Radar,48,13,2,8,71,0,140,16,12,168,48,153,18,20,239,10,6,16,255
10/21/2016,ITO,HI,AWP,WE,Combined TRACON& Tower with Radar,53,18,0,1,72,0,150,7,0,157,53,168,7,1,229,6,0,6,235
10/22/2016,ITO,HI,AWP,WE,Combined TRACON& Tower with Radar,38,8,7,4,57,0,107,16,5,128,38,115,23,9,185,20,0,20,205
10/23/2016,ITO,HI,AWP,WE,Combined TRACON& Tower with Radar,34,7,2,3,46,0,131,9,1,141,34,138,11,4,187,62,0,62,249
10/24/2016,ITO,HI,AWP,WE,Combined TRACON& Tower with Radar,46,16,7,1,70,0,116,3,0,119,46,132,10,1,189,14,0,14,203
10/25/2016,ITO,HI,AWP,WE,Combined TRACON& Tower with Radar,43,9,0,9,61,0,147,7,5,159,43,156,7,14,220,36,2,38,258
10/26/2016,ITO,HI,AWP,WE,Combined TRACON& Tower with Radar,42,10,0,8,60,0,149,4,15,168,42,159,4,23,228,26,6,32,260
10/27/2016,ITO,HI,AWP,WE,Combined TRACON& Tower with Radar,44,11,3,2,60,0,154,5,2,161,44,165,8,4,221,14,10,24,245
10/28/2016,ITO,HI,AWP,WE,Combined TRACON& Tower with Radar,48,8,2,0,58,0,101,2,0,103,48,109,4,0,161,45,0,45,206
10/29/2016,ITO,HI,AWP,WE,Combined TRACON& Tower with Radar,35,13,2,0,50,0,53,1,0,54,35,66,3,0,104,26,0,26,130
10/30/2016,ITO,HI,AWP,WE,Combined TRACON& Tower with Radar,33,8,0,0,41,0,57,0,0,57,33,65,0,0,98,8,0,8,106
10/31/2016,ITO,HI,AWP,WE,Combined TRACON& Tower with Radar,42,17,0,8,67,0,118,3,9,130,42,135,3,17,197,18,0,18,215
11/01/2016,ITO,HI,AWP,WE,Combined TRACON& Tower with Radar,39,12,2,4,57,0,160,21,11,192,39,172,23,15,249,16,6,22,271
11/02/2016,ITO,HI,AWP,WE,Combined TRACON& Tower with Radar,46,5,4,4,59,0,118,4,10,132,46,123,8,14,191,26,24,50,241
11/03/2016,ITO,HI,AWP,WE,Combined TRACON& Tower with Radar,42,12,3,7,64,0,105,4,8,117,42,117,7,15,181,10,6,16,197
11/04/2016,ITO,HI,AWP,WE,Combined TRACON& Tower with Radar,45,13,0,4,62,0,111,14,11,136,45,124,14,15,198,20,12,32,230
11/05/2016,ITO,HI,AWP,WE,Combined TRACON& Tower with Radar,40,15,0,2,57,0,113,16,7,136,40,128,16,9,193,38,37,75,268
11/06/2016,ITO,HI,AWP,WE,Combined TRACON& Tower with Radar,36,4,1,8,49,0,98,2,9,109,36,102,3,17,158,10,2,12,170
11/07/2016,ITO,HI,AWP,WE,Combined TRACON& Tower with Radar,45,10,0,1,56,0,111,5,1,117,45,121,5,2,173,4,1,5,178
11/08/2016,ITO,HI,AWP,WE,Combined TRACON& Tower with Radar,45,11,3,4,63,0,84,3,1,88,45,95,6,5,151,20,8,28,179
11/09/2016,ITO,HI,AWP,WE,Combined TRACON& Tower with Radar,45,9,0,11,65,0,139,19,15,173,45,148,19,26,238,26,8,34,272
11/10/2016,ITO,HI,AWP,WE,Combined TRACON& Tower with Radar,49,20,2,6,77,0,114,8,4,126,49,134,10,10,203,16,0,16,219
11/11/2016,ITO,HI,AWP,WE,Combined TRACON& Tower with Radar,48,15,5,0,68,0,120,7,0,127,48,135,12,0,195,24,0,24,219
11/12/2016,ITO,HI,AWP,WE,Combined TRACON& Tower with Radar,35,13,2,0,50,0,124,6,0,130,35,137,8,0,180,4,0,4,184
11/13/2016,ITO,HI,AWP,WE,Combined TRACON& Tower with Radar,34,12,1,0,47,0,114,11,0,125,34,126,12,0,172,2,0,2,174
11/14/2016,ITO,HI,AWP,WE,Combined TRACON& Tower with Radar,43,19,0,6,68,0,47,1,0,48,43,66,1,6,116,0,10,10,126
11/15/2016,ITO,HI,AWP,WE,Combined TRACON& Tower with Radar,47,13,4,4,68,0,32,0,0,32,47,45,4,4,100,14,0,14,114
11/16/2016,ITO,HI,AWP,WE,Combined TRACON& Tower with Radar,44,12,4,17,77,0,143,7,2,152,44,155,11,19,229,14,6,20,249
11/17/2016,ITO,HI,AWP,WE,Combined TRACON& Tower with Radar,50,9,1,6,66,0,149,4,0,153,50,158,5,6,219,12,10,22,241
11/18/2016,ITO,HI,AWP,WE,Combined TRACON& Tower with Radar,50,5,2,12,69,0,95,0,2,97,50,100,2,14,166,2,8,10,176
11/19/2016,ITO,HI,AWP,WE,Combined TRACON& Tower with Radar,36,6,2,1,45,0,129,9,0,138,36,135,11,1,183,0,0,0,183
11/20/2016,ITO,HI,AWP,WE,Combined TRACON& Tower with Radar,36,12,0,0,48,0,86,2,0,88,36,98,2,0,136,0,0,0,136
11/21/2016,ITO,HI,AWP,WE,Combined TRACON& Tower with Radar,43,16,0,10,69,0,39,1,4,44,43,55,1,14,113,0,14,14,127
11/22/2016,ITO,HI,AWP,WE,Combined TRACON& Tower with Radar,46,15,4,12,77,0,195,11,8,214,46,210,15,20,291,8,36,44,335
11/23/2016,ITO,HI,AWP,WE,Combined TRACON& Tower with Radar,48,10,3,5,66,0,177,13,2,192,48,187,16,7,258,20,0,20,278
11/24/2016,ITO,HI,AWP,WE,Combined TRACON& Tower with Radar,42,5,0,0,47,0,89,5,3,97,42,94,5,3,144,4,0,4,148
11/25/2016,ITO,HI,AWP,WE,Combined TRACON& Tower with Radar,44,21,0,0,65,0,142,3,0,145,44,163,3,0,210,25,0,25,235
11/26/2016,ITO,HI,AWP,WE,Combined TRACON& Tower with Radar,42,16,0,0,58,0,155,10,0,165,42,171,10,0,223,34,0,34,257
11/27/2016,ITO,HI,AWP,WE,Combined TRACON& Tower with Radar,36,10,0,0,46,0,100,2,0,102,36,110,2,0,148,24,2,26,174
11/28/2016,ITO,HI,AWP,WE,Combined TRACON& Tower with Radar,48,12,0,6,66,0,137,12,0,149,48,149,12,6,215,46,0,46,261
11/29/2016,ITO,HI,AWP,WE,Combined TRACON& Tower with Radar,45,7,12,8,72,0,141,15,2,158,45,148,27,10,230,38,0,38,268
11/30/2016,ITO,HI,AWP,WE,Combined TRACON& Tower with Radar,44,11,2,15,72,0,114,8,8,130,44,125,10,23,202,20,8,28,230
12/01/2016,ITO,HI,AWP,WE,Combined TRACON& Tower with Radar,52,7,2,18,79,0,4,0,0,4,52,11,2,18,83,1,8,9,92
12/02/2016,ITO,HI,AWP,WE,Combined TRACON& Tower with Radar,49,10,2,4,65,0,0,0,0,0,49,10,2,4,65,0,0,0,65
12/03/2016,ITO,HI,AWP,WE,Combined TRACON& Tower with Radar,38,9,3,3,53,0,27,7,0,34,38,36,10,3,87,24,0,24,111
12/04/2016,ITO,HI,AWP,WE,Combined TRACON& Tower with Radar,37,11,0,5,53,0,94,0,1,95,37,105,0,6,148,12,2,14,162
12/05/2016,ITO,HI,AWP,WE,Combined TRACON& Tower with Radar,57,10,3,3,73,0,66,3,0,69,57,76,6,3,142,20,0,20,162
12/06/2016,ITO,HI,AWP,WE,Combined TRACON& Tower with Radar,44,10,1,10,65,0,175,6,2,183,44,185,7,12,248,14,34,48,296
12/07/2016,ITO,HI,AWP,WE,Combined TRACON& Tower with Radar,45,11,2,9,67,0,70,5,3,78,45,81,7,12,145,8,10,18,163
12/08/2016,ITO,HI,AWP,WE,Combined TRACON& Tower with Radar,52,13,0,2,67,0,111,8,4,123,52,124,8,6,190,12,8,20,210
12/09/2016,ITO,HI,AWP,WE,Combined TRACON& Tower with Radar,48,15,0,2,65,0,96,16,1,113,48,111,16,3,178,24,0,24,202
12/10/2016,ITO,HI,AWP,WE,Combined TRACON& Tower with Radar,42,20,1,1,64,0,98,10,0,108,42,118,11,1,172,12,0,12,184
12/11/2016,ITO,HI,AWP,WE,Combined TRACON& Tower with Radar,36,8,0,0,44,0,73,5,0,78,36,81,5,0,122,22,0,22,144
12/12/2016,ITO,HI,AWP,WE,Combined TRACON& Tower with Radar,43,18,1,8,70,0,81,12,5,98,43,99,13,13,168,21,2,23,191
12/13/2016,ITO,HI,AWP,WE,Combined TRACON& Tower with Radar,47,14,7,13,81,0,137,13,2,152,47,151,20,15,233,44,7,51,284
12/14/2016,ITO,HI,AWP,WE,Combined TRACON& Tower with Radar,46,13,0,16,75,0,112,10,17,139,46,125,10,33,214,10,8,18,232
12/15/2016,ITO,HI,AWP,WE,Combined TRACON& Tower with Radar,43,13,0,8,64,0,120,8,10,138,43,133,8,18,202,10,16,26,228
12/16/2016,ITO,HI,AWP,WE,Combined TRACON& Tower with Radar,51,10,1,11,73,0,89,3,2,94,51,99,4,13,167,14,6,20,187
12/17/2016,ITO,HI,AWP,WE,Combined TRACON& Tower with Radar,47,21,0,1,69,0,119,0,2,121,47,140,0,3,190,22,0,22,212
12/18/2016,ITO,HI,AWP,WE,Combined TRACON& Tower with Radar,42,11,0,2,55,0,0,0,0,0,42,11,0,2,55,0,0,0,55
12/19/2016,ITO,HI,AWP,WE,Combined TRACON& Tower with Radar,54,18,1,12,85,0,115,7,0,122,54,133,8,12,207,34,2,36,243
12/20/2016,ITO,HI,AWP,WE,Combined TRACON& Tower with Radar,54,8,4,16,82,0,197,16,4,217,54,205,20,20,299,48,8,56,355
12/21/2016,ITO,HI,AWP,WE,Combined TRACON& Tower with Radar,46,15,5,21,87,0,142,5,6,153,46,157,10,27,240,24,24,48,288
12/22/2016,ITO,HI,AWP,WE,Combined TRACON& Tower with Radar,53,23,3,8,87,0,90,5,4,99,53,113,8,12,186,30,20,50,236
12/23/2016,ITO,HI,AWP,WE,Combined TRACON& Tower with Radar,56,10,0,2,68,0,189,8,3,200,56,199,8,5,268,4,0,4,272
12/24/2016,ITO,HI,AWP,WE,Combined TRACON& Tower with Radar,45,16,1,2,64,0,173,3,0,176,45,189,4,2,240,22,0,22,262
12/25/2016,ITO,HI,AWP,WE,Combined TRACON& Tower with Radar,37,15,2,0,54,0,113,0,0,113,37,128,2,0,167,6,0,6,173
12/26/2016,ITO,HI,AWP,WE,Combined TRACON& Tower with Radar,43,11,0,0,54,0,182,13,0,195,43,193,13,0,249,6,0,6,255
12/27/2016,ITO,HI,AWP,WE,Combined TRACON& Tower with Radar,52,13,4,7,76,0,266,15,6,287,52,279,19,13,363,28,24,52,415
12/28/2016,ITO,HI,AWP,WE,Combined TRACON& Tower with Radar,49,19,2,15,85,0,196,4,5,205,49,215,6,20,290,36,6,42,332
12/29/2016,ITO,HI,AWP,WE,Combined TRACON& Tower with Radar,51,15,4,9,79,0,129,1,5,135,51,144,5,14,214,16,8,24,238
12/30/2016,ITO,HI,AWP,WE,Combined TRACON& Tower with Radar,49,12,0,0,61,0,264,8,0,272,49,276,8,0,333,0,0,0,333
12/31/2016,ITO,HI,AWP,WE,Combined TRACON& Tower with Radar,44,15,4,0,63,0,206,6,0,212,44,221,10,0,275,0,0,0,275
01/01/2017,ITO,HI,AWP,WE,Combined TRACON& Tower with Radar,40,13,4,0,57,0,92,2,0,94,40,105,6,0,151,10,0,10,161
01/02/2017,ITO,HI,AWP,WE,Combined TRACON& Tower with Radar,46,14,5,3,68,0,194,4,0,198,46,208,9,3,266,14,0,14,280
01/03/2017,ITO,HI,AWP,WE,Combined TRACON& Tower with Radar,50,14,2,14,80,0,235,10,10,255,50,249,12,24,335,16,16,32,367
01/04/2017,ITO,HI,AWP,WE,Combined TRACON& Tower with Radar,42,16,0,11,69,0,180,11,8,199,42,196,11,19,268,28,20,48,316
01/05/2017,ITO,HI,AWP,WE,Combined TRACON& Tower with Radar,47,14,2,14,77,0,168,5,8,181,47,182,7,22,258,7,2,9,267
01/06/2017,ITO,HI,AWP,WE,Combined TRACON& Tower with Radar,51,12,1,9,73,0,166,4,15,185,51,178,5,24,258,10,16,26,284
01/07/2017,ITO,HI,AWP,WE,Combined TRACON& Tower with Radar,41,8,6,9,64,0,128,4,4,136,41,136,10,13,200,16,20,36,236
01/08/2017,ITO,HI,AWP,WE,Combined TRACON& Tower with Radar,40,7,0,13,60,0,114,16,7,137,40,121,16,20,197,6,0,6,203
01/09/2017,ITO,HI,AWP,WE,Combined TRACON& Tower with Radar,42,14,0,21,77,0,142,8,12,162,42,156,8,33,239,20,18,38,277
01/10/2017,ITO,HI,AWP,WE,Combined TRACON& Tower with Radar,43,5,4,11,63,0,188,6,20,214,43,193,10,31,277,20,12,32,309
01/11/2017,ITO,HI,AWP,WE,Combined TRACON& Tower with Radar,44,7,4,4,59,0,132,3,2,137,44,139,7,6,196,26,28,54,250
01/12/2017,ITO,HI,AWP,WE,Combined TRACON& Tower with Radar,44,13,3,8,68,0,144,8,2,154,44,157,11,10,222,72,0,72,294
01/13/2017,ITO,HI,AWP,WE,Combined TRACON& Tower with Radar,50,2,0,0,52,0,160,6,0,166,50,162,6,0,218,4,2,6,224
01/14/2017,ITO,HI,AWP,WE,Combined TRACON& Tower with Radar,42,8,0,2,52,0,165,7,2,174,42,173,7,4,226,14,0,14,240
01/15/2017,ITO,HI,AWP,WE,Combined TRACON& Tower with Radar,37,11,1,0,49,0,127,6,0,133,37,138,7,0,182,18,0,18,200
01/16/2017,ITO,HI,AWP,WE,Combined TRACON& Tower with Radar,39,10,3,2,54,0,140,12,0,152,39,150,15,2,206,16,0,16,222
01/17/2017,ITO,HI,AWP,WE,Combined TRACON& Tower with Radar,47,8,5,10,70,0,157,6,2,165,47,165,11,12,235,22,2,24,259
01/18/2017,ITO,HI,AWP,WE,Combined TRACON& Tower with Radar,45,7,1,8,61,0,165,4,6,175,45,172,5,14,236,10,15,25,261
01/19/2017,ITO,HI,AWP,WE,Combined TRACON& Tower with Radar,42,9,0,0,51,0,191,5,11,207,42,200,5,11,258,8,0,8,266
01/20/2017,ITO,HI,AWP,WE,Combined TRACON& Tower with Radar,49,9,5,1,64,0,159,8,0,167,49,168,13,1,231,2,0,2,233
01/21/2017,ITO,HI,AWP,WE,Combined TRACON& Tower with Radar,43,10,5,4,62,0,114,4,0,118,43,124,9,4,180,42,0,42,222
01/22/2017,ITO,HI,AWP,WE,Combined TRACON& Tower with Radar,37,8,2,3,50,0,118,1,1,120,37,126,3,4,170,32,0,32,202
01/23/2017,ITO,HI,AWP,WE,Combined TRACON& Tower with Radar,47,10,2,10,69,0,39,1,1,41,47,49,3,11,110,16,0,16,126
01/24/2017,ITO,HI,AWP,WE,Combined TRACON& Tower with Radar,43,11,2,11,67,0,1,1,0,2,43,12,3,11,69,6,0,6,75
01/25/2017,ITO,HI,AWP,WE,Combined TRACON& Tower with Radar,41,7,1,6,55,0,183,1,12,196,41,190,2,18,251,20,0,20,271
01/26/2017,ITO,HI,AWP,WE,Combined TRACON& Tower with Radar,49,17,4,4,74,0,209,18,12,239,49,226,22,16,313,14,8,22,335
01/27/2017,ITO,HI,AWP,WE,Combined TRACON& Tower with Radar,48,10,1,14,73,0,196,10,16,222,48,206,11,30,295,12,12,24,319
01/28/2017,ITO,HI,AWP,WE,Combined TRACON& Tower with Radar,39,5,2,8,54,0,159,10,2,171,39,164,12,10,225,18,0,18,243
01/29/2017,ITO,HI,AWP,WE,Combined TRACON& Tower with Radar,37,4,2,2,45,0,133,9,0,142,37,137,11,2,187,22,0,22,209
01/30/2017,ITO,HI,AWP,WE,Combined TRACON& Tower with Radar,45,7,7,6,65,0,167,7,5,179,45,174,14,11,244,18,2,20,264
01/31/2017,ITO,HI,AWP,WE,Combined TRACON& Tower with Radar,44,5,7,4,60,0,161,1,13,175,44,166,8,17,235,18,0,18,253
02/01/2017,ITO,HI,AWP,WE,Combined TRACON& Tower with Radar,42,7,2,7,58,0,189,14,6,209,42,196,16,13,267,28,4,32,299
02/02/2017,ITO,HI,AWP,WE,Combined TRACON& Tower with Radar,43,7,0,4,54,0,146,16,6,168,43,153,16,10,222,34,26,60,282
02/03/2017,ITO,HI,AWP,WE,Combined TRACON& Tower with Radar,47,6,1,4,58,0,186,9,4,199,47,192,10,8,257,10,0,10,267
02/04/2017,ITO,HI,AWP,WE,Combined TRACON& Tower with Radar,40,5,4,0,49,0,147,12,0,159,40,152,16,0,208,6,0,6,214
02/05/2017,ITO,HI,AWP,WE,Combined TRACON& Tower with Radar,36,12,6,0,54,0,172,5,2,179,36,184,11,2,233,2,0,2,235
02/06/2017,ITO,HI,AWP,WE,Combined TRACON& Tower with Radar,45,9,0,4,58,0,134,7,1,142,45,143,7,5,200,14,2,16,216
02/07/2017,ITO,HI,AWP,WE,Combined TRACON& Tower with Radar,41,5,5,15,66,0,129,2,4,135,41,134,7,19,201,32,0,32,233
02/08/2017,ITO,HI,AWP,WE,Combined TRACON& Tower with Radar,44,10,4,17,75,0,93,0,4,97,44,103,4,21,172,20,46,66,238
02/09/2017,ITO,HI,AWP,WE,Combined TRACON& Tower with Radar,45,6,5,5,61,0,146,6,2,154,45,152,11,7,215,26,0,26,241
02/10/2017,ITO,HI,AWP,WE,Combined TRACON& Tower with Radar,46,3,8,2,59,0,195,14,5,214,46,198,22,7,273,36,2,38,311
02/11/2017,ITO,HI,AWP,WE,Combined TRACON& Tower with Radar,42,10,9,5,66,0,168,19,1,188,42,178,28,6,254,20,0,20,274
02/12/2017,ITO,HI,AWP,WE,Combined TRACON& Tower with Radar,36,4,4,6,50,0,157,6,0,163,36,161,10,6,213,8,0,8,221
02/13/2017,ITO,HI,AWP,WE,Combined TRACON& Tower with Radar,45,12,1,13,71,0,188,22,1,211,45,200,23,14,282,26,0,26,308
02/14/2017,ITO,HI,AWP,WE,Combined TRACON& Tower with Radar,44,4,8,16,72,0,226,13,2,241,44,230,21,18,313,14,0,14,327
02/15/2017,ITO,HI,AWP,WE,Combined TRACON& Tower with Radar,50,10,4,10,74,0,152,9,6,167,50,162,13,16,241,63,14,77,318
02/16/2017,ITO,HI,AWP,WE,Combined TRACON& Tower with Radar,48,9,4,7,68,0,204,16,1,221,48,213,20,8,289,4,8,12,301
02/17/2017,ITO,HI,AWP,WE,Combined TRACON& Tower with Radar,52,6,3,0,61,0,183,13,0,196,52,189,16,0,257,28,0,28,285
02/18/2017,ITO,HI,AWP,WE,Combined TRACON& Tower with Radar,42,18,10,0,70,0,108,5,0,113,42,126,15,0,183,28,0,28,211
02/19/2017,ITO,HI,AWP,WE,Combined TRACON& Tower with Radar,38,3,1,0,42,0,18,4,0,22,38,21,5,0,64,22,0,22,86
02/20/2017,ITO,HI,AWP,WE,Combined TRACON& Tower with Radar,42,9,8,0,59,0,167,13,0,180,42,176,21,0,239,18,0,18,257
02/21/2017,ITO,HI,AWP,WE,Combined TRACON& Tower with Radar,47,4,18,4,73,0,206,16,3,225,47,210,34,7,298,24,16,40,338
02/22/2017,ITO,HI,AWP,WE,Combined TRACON& Tower with Radar,43,10,8,2,63,0,219,15,4,238,43,229,23,6,301,14,14,28,329
02/23/2017,ITO,HI,AWP,WE,Combined TRACON& Tower with Radar,50,11,1,4,66,0,168,3,3,174,50,179,4,7,240,30,28,58,298
02/24/2017,ITO,HI,AWP,WE,Combined TRACON& Tower with Radar,48,8,0,2,58,0,199,16,0,215,48,207,16,2,273,14,0,14,287
02/25/2017,ITO,HI,AWP,WE,Combined TRACON& Tower with Radar,48,6,2,1,57,0,179,3,0,182,48,185,5,1,239,18,0,18,257
02/26/2017,ITO,HI,AWP,WE,Combined TRACON& Tower with Radar,34,5,0,2,41,0,185,9,0,194,34,190,9,2,235,36,0,36,271
02/27/2017,ITO,HI,AWP,WE,Combined TRACON& Tower with Radar,43,12,2,6,63,0,2,2,0,4,43,14,4,6,67,4,0,4,71
02/28/2017,ITO,HI,AWP,WE,Combined TRACON& Tower with Radar,44,6,3,9,62,0,31,6,8,45,44,37,9,17,107,4,0,4,111
03/01/2017,ITO,HI,AWP,WE,Combined TRACON& Tower with Radar,45,1,2,1,49,0,128,3,2,133,45,129,5,3,182,25,0,25,207
03/02/2017,ITO,HI,AWP,WE,Combined TRACON& Tower with Radar,47,8,1,9,65,0,210,12,3,225,47,218,13,12,290,0,0,0,290
03/03/2017,ITO,HI,AWP,WE,Combined TRACON& Tower with Radar,49,11,0,12,72,0,190,9,14,213,49,201,9,26,285,12,10,22,307
03/04/2017,ITO,HI,AWP,WE,Combined TRACON& Tower with Radar,39,6,6,1,52,0,203,11,0,214,39,209,17,1,266,4,0,4,270
03/05/2017,ITO,HI,AWP,WE,Combined TRACON& Tower with Radar,37,9,2,4,52,0,159,12,1,172,37,168,14,5,224,0,0,0,224
03/06/2017,ITO,HI,AWP,WE,Combined TRACON& Tower with Radar,44,15,6,6,71,0,180,12,3,195,44,195,18,9,266,18,4,22,288
03/07/2017,ITO,HI,AWP,WE,Combined TRACON& Tower with Radar,45,5,6,7,63,0,192,9,16,217,45,197,15,23,280,4,12,16,296
03/08/2017,ITO,HI,AWP,WE,Combined TRACON& Tower with Radar,46,1,0,5,52,0,158,13,11,182,46,159,13,16,234,24,0,24,258
03/09/2017,ITO,HI,AWP,WE,Combined TRACON& Tower with Radar,50,0,1,5,56,0,146,3,28,177,50,146,4,33,233,12,6,18,251
03/10/2017,ITO,HI,AWP,WE,Combined TRACON& Tower with Radar,49,5,2,4,60,0,113,26,20,159,49,118,28,24,219,19,1,20,239
03/11/2017,ITO,HI,AWP,WE,Combined TRACON& Tower with Radar,36,10,4,0,50,0,137,5,1,143,36,147,9,1,193,16,0,16,209
03/12/2017,ITO,HI,AWP,WE,Combined TRACON& Tower with Radar,36,12,3,0,51,0,126,2,0,128,36,138,5,0,179,18,0,18,197
03/13/2017,ITO,HI,AWP,WE,Combined TRACON& Tower with Radar,44,7,16,2,69,0,186,19,3,208,44,193,35,5,277,42,16,58,335
03/14/2017,ITO,HI,AWP,WE,Combined TRACON& Tower with Radar,47,4,2,6,59,0,187,14,8,209,47,191,16,14,268,40,6,46,314
03/15/2017,ITO,HI,AWP,WE,Combined TRACON& Tower with Radar,44,5,3,5,57,0,171,8,0,179,44,176,11,5,236,45,0,45,281
03/16/2017,ITO,HI,AWP,WE,Combined TRACON& Tower with Radar,45,3,3,4,55,0,178,10,7,195,45,181,13,11,250,28,0,28,278
03/17/2017,ITO,HI,AWP,WE,Combined TRACON& Tower with Radar,53,3,0,0,56,0,175,11,0,186,53,178,11,0,242,32,0,32,274
03/18/2017,ITO,HI,AWP,WE,Combined TRACON& Tower with Radar,42,11,14,0,67,0,147,8,0,155,42,158,22,0,222,44,0,44,266
03/19/2017,ITO,HI,AWP,WE,Combined TRACON& Tower with Radar,37,12,1,0,50,0,208,22,0,230,37,220,23,0,280,28,0,28,308
03/20/2017,ITO,HI,AWP,WE,Combined TRACON& Tower with Radar,46,10,2,4,62,0,172,11,0,183,46,182,13,4,245,26,0,26,271
03/21/2017,ITO,HI,AWP,WE,Combined TRACON& Tower with Radar,47,3,1,8,59,0,178,12,9,199,47,181,13,17,258,23,8,31,289
03/22/2017,ITO,HI,AWP,WE,Combined TRACON& Tower with Radar,49,7,0,0,56,0,172,13,1,186,49,179,13,1,242,38,10,48,290
03/23/2017,ITO,HI,AWP,WE,Combined TRACON& Tower with Radar,45,3,0,3,51,0,151,7,3,161,45,154,7,6,212,20,0,20,232
03/24/2017,ITO,HI,AWP,WE,Combined TRACON& Tower with Radar,49,9,2,1,61,0,136,10,0,146,49,145,12,1,207,0,0,0,207
03/25/2017,ITO,HI,AWP,WE,Combined TRACON& Tower with Radar,41,11,1,0,53,0,167,8,0,175,41,178,9,0,228,32,0,32,260
03/26/2017,ITO,HI,AWP,WE,Combined TRACON& Tower with Radar,37,8,0,1,46,0,150,10,1,161,37,158,10,2,207,14,4,18,225
03/27/2017,ITO,HI,AWP,WE,Combined TRACON& Tower with Radar,50,10,2,10,72,0,151,15,0,166,50,161,17,10,238,22,12,34,272
03/28/2017,ITO,HI,AWP,WE,Combined TRACON& Tower with Radar,49,11,1,6,67,0,210,10,8,228,49,221,11,14,295,36,0,36,331
03/29/2017,ITO,HI,AWP,WE,Combined TRACON& Tower with Radar,44,2,4,6,56,0,152,6,7,165,44,154,10,13,221,10,2,12,233
03/30/2017,ITO,HI,AWP,WE,Combined TRACON& Tower with Radar,51,7,2,1,61,0,222,9,7,238,51,229,11,8,299,10,6,16,315
03/31/2017,ITO,HI,AWP,WE,Combined TRACON& Tower with Radar,48,5,0,6,59,0,172,20,4,196,48,177,20,10,255,20,0,20,275
04/01/2017,ITO,HI,AWP,WE,Combined TRACON& Tower with Radar,43,10,0,8,61,0,117,6,0,123,43,127,6,8,184,10,6,16,200
04/02/2017,ITO,HI,AWP,WE,Combined TRACON& Tower with Radar,40,4,5,4,53,0,112,2,1,115,40,116,7,5,168,10,0,10,178
04/03/2017,ITO,HI,AWP,WE,Combined TRACON& Tower with Radar,44,12,3,5,64,0,142,10,4,156,44,154,13,9,220,20,2,22,242
04/04/2017,ITO,HI,AWP,WE,Combined TRACON& Tower with Radar,49,13,2,9,73,0,193,13,6,212,49,206,15,15,285,24,26,50,335
04/05/2017,ITO,HI,AWP,WE,Combined TRACON& Tower with Radar,52,4,0,0,56,0,170,14,3,187,52,174,14,3,243,12,2,14,257
04/06/2017,ITO,HI,AWP,WE,Combined TRACON& Tower with Radar,45,7,4,2,58,0,165,10,10,185,45,172,14,12,243,44,8,52,295
04/07/2017,ITO,HI,AWP,WE,Combined TRACON& Tower with Radar,50,4,1,0,55,0,181,16,2,199,50,185,17,2,254,10,0,10,264
04/08/2017,ITO,HI,AWP,WE,Combined TRACON& Tower with Radar,42,6,0,0,48,0,152,12,0,164,42,158,12,0,212,97,0,97,309
04/09/2017,ITO,HI,AWP,WE,Combined TRACON& Tower with Radar,35,4,7,0,46,0,141,7,0,148,35,145,14,0,194,84,0,84,278
04/10/2017,ITO,HI,AWP,WE,Combined TRACON& Tower with Radar,44,10,2,1,57,0,154,14,2,170,44,164,16,3,227,37,2,39,266
04/11/2017,ITO,HI,AWP,WE,Combined TRACON& Tower with Radar,46,4,1,4,55,0,209,11,0,220,46,213,12,4,275,18,6,24,299
04/12/2017,ITO,HI,AWP,WE,Combined TRACON& Tower with Radar,41,7,2,2,52,0,38,4,1,43,41,45,6,3,95,18,10,28,123
04/13/2017,ITO,HI,AWP,WE,Combined TRACON& Tower with Radar,48,6,6,6,66,0,154,13,3,170,48,160,19,9,236,18,18,36,272
04/14/2017,ITO,HI,AWP,WE,Combined TRACON& Tower with Radar,50,6,0,2,58,0,193,5,5,203,50,199,5,7,261,30,0,30,291
04/15/2017,ITO,HI,AWP,WE,Combined TRACON& Tower with Radar,37,4,5,0,46,0,177,5,0,182,37,181,10,0,228,32,0,32,260
04/16/2017,ITO,HI,AWP,WE,Combined TRACON& Tower with Radar,37,4,6,0,47,0,139,18,0,157,37,143,24,0,204,68,0,68,272
04/17/2017,ITO,HI,AWP,WE,Combined TRACON& Tower with Radar,47,11,3,0,61,0,63,4,0,67,47,74,7,0,128,96,0,96,224
04/18/2017,ITO,HI,AWP,WE,Combined TRACON& Tower with Radar,48,9,8,3,68,0,2,0,0,2,48,11,8,3,70,0,16,16,86
04/19/2017,ITO,HI,AWP,WE,Combined TRACON& Tower with Radar,52,8,1,10,71,0,61,8,10,79,52,69,9,20,150,65,18,83,233
04/20/2017,ITO,HI,AWP,WE,Combined TRACON& Tower with Radar,47,8,1,2,58,0,181,9,4,194,47,189,10,6,252,57,12,69,321
04/21/2017,ITO,HI,AWP,WE,Combined TRACON& Tower with Radar,50,9,0,1,60,0,169,20,2,191,50,178,20,3,251,36,8,44,295
04/22/2017,ITO,HI,AWP,WE,Combined TRACON& Tower with Radar,42,3,2,0,47,0,143,6,0,149,42,146,8,0,196,24,0,24,220
04/23/2017,ITO,HI,AWP,WE,Combined TRACON& Tower with Radar,50,6,1,0,57,0,154,8,0,162,50,160,9,0,219,24,0,24,243
04/24/2017,ITO,HI,AWP,WE,Combined TRACON& Tower with Radar,48,9,0,3,60,0,122,6,2,130,48,131,6,5,190,24,0,24,214
04/25/2017,ITO,HI,AWP,WE,Combined TRACON& Tower with Radar,45,15,5,4,69,0,196,13,4,213,45,211,18,8,282,26,2,28,310
04/26/2017,ITO,HI,AWP,WE,Combined TRACON& Tower with Radar,47,5,2,8,62,0,146,4,4,154,47,151,6,12,216,22,42,64,280
04/27/2017,ITO,HI,AWP,WE,Combined TRACON& Tower with Radar,52,3,0,6,61,0,186,12,6,204,52,189,12,12,265,12,2,14,279
04/28/2017,ITO,HI,AWP,WE,Combined TRACON& Tower with Radar,47,7,8,5,67,0,158,11,6,175,47,165,19,11,242,16,4,20,262
04/29/2017,ITO,HI,AWP,WE,Combined TRACON& Tower with Radar,44,6,3,0,53,0,148,4,0,152,44,154,7,0,205,0,0,0,205
04/30/2017,ITO,HI,AWP,WE,Combined TRACON& Tower with Radar,39,2,0,0,41,0,0,1,0,1,39,2,1,0,42,0,0,0,42
05/01/2017,ITO,HI,AWP,WE,Combined TRACON& Tower with Radar,46,11,0,1,58,0,126,3,0,129,46,137,3,1,187,8,0,8,195
05/02/2017,ITO,HI,AWP,WE,Combined TRACON& Tower with Radar,43,9,2,2,56,0,199,15,5,219,43,208,17,7,275,38,4,42,317
05/03/2017,ITO,HI,AWP,WE,Combined TRACON& Tower with Radar,46,8,10,4,68,0,163,13,8,184,46,171,23,12,252,16,6,22,274
05/04/2017,ITO,HI,AWP,WE,Combined TRACON& Tower with Radar,46,8,7,7,68,0,160,24,6,190,46,168,31,13,258,22,0,22,280
05/05/2017,ITO,HI,AWP,WE,Combined TRACON& Tower with Radar,49,6,4,2,61,0,160,5,3,168,49,166,9,5,229,20,20,40,269
05/06/2017,ITO,HI,AWP,WE,Combined TRACON& Tower with Radar,43,10,2,8,63,0,172,4,0,176,43,182,6,8,239,12,0,12,251
05/07/2017,ITO,HI,AWP,WE,Combined TRACON& Tower with Radar,40,8,4,12,64,0,100,2,7,109,40,108,6,19,173,16,24,40,213
05/08/2017,ITO,HI,AWP,WE,Combined TRACON& Tower with Radar,46,8,2,2,58,0,172,3,0,175,46,180,5,2,233,4,4,8,241
05/09/2017,ITO,HI,AWP,WE,Combined TRACON& Tower with Radar,48,5,12,7,72,0,187,16,3,206,48,192,28,10,278,24,18,42,320
05/10/2017,ITO,HI,AWP,WE,Combined TRACON& Tower with Radar,47,7,2,7,63,0,159,7,3,169,47,166,9,10,232,16,18,34,266
05/11/2017,ITO,HI,AWP,WE,Combined TRACON& Tower with Radar,50,19,21,3,93,0,137,16,2,155,50,156,37,5,248,14,16,30,278
05/12/2017,ITO,HI,AWP,WE,Combined TRACON& Tower with Radar,52,5,6,0,63,0,107,5,0,112,52,112,11,0,175,16,0,16,191
05/13/2017,ITO,HI,AWP,WE,Combined TRACON& Tower with Radar,42,13,1,0,56,0,124,11,0,135,42,137,12,0,191,4,0,4,195
05/14/2017,ITO,HI,AWP,WE,Combined TRACON& Tower with Radar,38,10,1,0,49,0,91,9,0,100,38,101,10,0,149,2,0,2,151
05/15/2017,ITO,HI,AWP,WE,Combined TRACON& Tower with Radar,47,7,1,8,63,0,56,0,5,61,47,63,1,13,124,16,2,18,142
05/16/2017,ITO,HI,AWP,WE,Combined TRACON& Tower with Radar,51,9,5,7,72,0,131,3,11,145,51,140,8,18,217,26,36,62,279
05/17/2017,ITO,HI,AWP,WE,Combined TRACON& Tower with Radar,44,6,1,3,54,0,159,14,12,185,44,165,15,15,239,12,26,38,277
05/18/2017,ITO,HI,AWP,WE,Combined TRACON& Tower with Radar,52,5,8,6,71,0,171,17,7,195,52,176,25,13,266,4,30,34,300
05/19/2017,ITO,HI,AWP,WE,Combined TRACON& Tower with Radar,50,10,5,3,68,0,172,10,6,188,50,182,15,9,256,6,0,6,262
05/20/2017,ITO,HI,AWP,WE,Combined TRACON& Tower with Radar,42,5,2,0,49,0,144,12,1,157,42,149,14,1,206,29,0,29,235
05/21/2017,ITO,HI,AWP,WE,Combined TRACON& Tower with Radar,37,3,1,0,41,0,109,1,0,110,37,112,2,0,151,14,0,14,165
05/22/2017,ITO,HI,AWP,WE,Combined TRACON& Tower with Radar,47,11,5,3,66,0,88,1,3,92,47,99,6,6,158,26,48,74,232
05/23/2017,ITO,HI,AWP,WE,Combined TRACON& Tower with Radar,46,5,4,16,71,0,211,13,6,230,46,216,17,22,301,2,38,40,341
05/24/2017,ITO,HI,AWP,WE,Combined TRACON& Tower with Radar,46,6,1,8,61,0,159,4,3,166,46,165,5,11,227,34,10,44,271
05/25/2017,ITO,HI,AWP,WE,Combined TRACON& Tower with Radar,54,2,2,7,65,0,165,10,6,181,54,167,12,13,246,30,0,30,276
05/26/2017,ITO,HI,AWP,WE,Combined TRACON& Tower with Radar,52,3,2,4,61,0,156,11,0,167,52,159,13,4,228,0,2,2,230
05/27/2017,ITO,HI,AWP,WE,Combined TRACON& Tower with Radar,42,13,6,0,61,0,163,8,1,172,42,176,14,1,233,14,0,14,247
05/28/2017,ITO,HI,AWP,WE,Combined TRACON& Tower with Radar,38,3,3,0,44,0,107,6,1,114,38,110,9,1,158,12,0,12,170
05/29/2017,ITO,HI,AWP,WE,Combined TRACON& Tower with Radar,44,3,1,10,58,0,181,7,0,188,44,184,8,10,246,18,0,18,264
05/30/2017,ITO,HI,AWP,WE,Combined TRACON& Tower with Radar,45,10,3,6,64,0,224,6,24,254,45,234,9,30,318,8,14,22,340
05/31/2017,ITO,HI,AWP,WE,Combined TRACON& Tower with Radar,44,6,1,2,53,0,147,9,6,162,44,153,10,8,215,16,8,24,239
06/01/2017,ITO,HI,AWP,WE,Combined TRACON& Tower with Radar,49,12,7,8,76,0,182,16,1,199,49,194,23,9,275,12,6,18,293
06/02/2017,ITO,HI,AWP,WE,Combined TRACON& Tower with Radar,50,27,1,4,82,0,165,2,1,168,50,192,3,5,250,2,0,2,252
06/03/2017,ITO,HI,AWP,WE,Combined TRACON& Tower with Radar,41,11,8,5,65,0,124,3,1,128,41,135,11,6,193,4,2,6,199
06/04/2017,ITO,HI,AWP,WE,Combined TRACON& Tower with Radar,39,10,1,4,54,0,104,3,2,109,39,114,4,6,163,8,0,8,171
06/05/2017,ITO,HI,AWP,WE,Combined TRACON& Tower with Radar,46,9,4,7,66,0,153,2,4,159,46,162,6,11,225,18,6,24,249
06/06/2017,ITO,HI,AWP,WE,Combined TRACON& Tower with Radar,43,7,2,9,61,0,138,8,7,153,43,145,10,16,214,38,4,42,256
06/07/2017,ITO,HI,AWP,WE,Combined TRACON& Tower with Radar,44,5,0,4,53,0,157,9,9,175,44,162,9,13,228,10,0,10,238
06/08/2017,ITO,HI,AWP,WE,Combined TRACON& Tower with Radar,48,6,1,8,63,0,147,7,2,156,48,153,8,10,219,34,0,34,253
06/09/2017,ITO,HI,AWP,WE,Combined TRACON& Tower with Radar,48,15,0,2,65,0,137,26,2,165,48,152,26,4,230,8,0,8,238
06/10/2017,ITO,HI,AWP,WE,Combined TRACON& Tower with Radar,42,8,0,5,55,2,153,4,0,159,44,161,4,5,214,18,0,18,232
06/11/2017,ITO,HI,AWP,WE,Combined TRACON& Tower with Radar,38,3,1,2,44,0,136,5,3,144,38,139,6,5,188,30,2,32,220
06/12/2017,ITO,HI,AWP,WE,Combined TRACON& Tower with Radar,47,5,2,3,57,0,126,4,15,145,47,131,6,18,202,36,36,72,274
06/13/2017,ITO,HI,AWP,WE,Combined TRACON& Tower with Radar,45,2,1,6,54,0,215,15,10,240,45,217,16,16,294,26,24,50,344
06/14/2017,ITO,HI,AWP,WE,Combined TRACON& Tower with Radar,48,6,3,2,59,0,152,14,6,172,48,158,17,8,231,16,2,18,249
06/15/2017,ITO,HI,AWP,WE,Combined TRACON& Tower with Radar,54,7,3,11,75,0,146,14,12,172,54,153,17,23,247,62,76,138,385
06/16/2017,ITO,HI,AWP,WE,Combined TRACON& Tower with Radar,49,6,2,3,60,0,157,9,12,178,49,163,11,15,238,12,10,22,260
06/17/2017,ITO,HI,AWP,WE,Combined TRACON& Tower with Radar,43,4,9,0,56,0,149,3,5,157,43,153,12,5,213,22,8,30,243
06/18/2017,ITO,HI,AWP,WE,Combined TRACON& Tower with Radar,40,4,4,8,56,0,156,1,8,165,40,160,5,16,221,26,0,26,247
06/19/2017,ITO,HI,AWP,WE,Combined TRACON& Tower with Radar,49,9,0,3,61,0,136,9,17,162,49,145,9,20,223,10,26,36,259
06/20/2017,ITO,HI,AWP,WE,Combined TRACON& Tower with Radar,44,5,3,3,55,0,219,10,16,245,44,224,13,19,300,24,22,46,346
06/21/2017,ITO,HI,AWP,WE,Combined TRACON& Tower with Radar,48,4,3,1,56,0,141,14,11,166,48,145,17,12,222,12,26,38,260
06/22/2017,ITO,HI,AWP,WE,Combined TRACON& Tower with Radar,50,2,2,6,60,0,167,11,16,194,50,169,13,22,254,20,2,22,276
06/23/2017,ITO,HI,AWP,WE,Combined TRACON& Tower with Radar,48,5,4,1,58,0,127,9,6,142,48,132,13,7,200,36,0,36,236
06/24/2017,ITO,HI,AWP,WE,Combined TRACON& Tower with Radar,42,5,3,1,51,0,181,10,3,194,42,186,13,4,245,24,0,24,269
06/25/2017,ITO,HI,AWP,WE,Combined TRACON& Tower with Radar,40,7,1,10,58,0,176,17,7,200,40,183,18,17,258,8,2,10,268
06/26/2017,ITO,HI,AWP,WE,Combined TRACON& Tower with Radar,44,8,0,0,52,0,172,9,0,181,44,180,9,0,233,12,0,12,245
06/27/2017,ITO,HI,AWP,WE,Combined TRACON& Tower with Radar,44,5,7,11,67,0,225,21,14,260,44,230,28,25,327,10,2,12,339
06/28/2017,ITO,HI,AWP,WE,Combined TRACON& Tower with Radar,48,5,1,5,59,0,157,4,17,178,48,162,5,22,237,12,2,14,251
06/29/2017,ITO,HI,AWP,WE,Combined TRACON& Tower with Radar,48,0,0,12,60,0,155,12,4,171,48,155,12,16,231,16,2,18,249
06/30/2017,ITO,HI,AWP,WE,Combined TRACON& Tower with Radar,47,6,3,5,61,0,175,14,1,190,47,181,17,6,251,40,4,44,295
07/01/2017,ITO,HI,AWP,WE,Combined TRACON& Tower with Radar,41,11,3,0,55,0,65,123,0,188,41,76,126,0,243,34,0,34,277
07/02/2017,ITO,HI,AWP,WE,Combined TRACON& Tower with Radar,41,4,3,0,48,0,113,55,0,168,41,117,58,0,216,48,0,48,264
07/03/2017,ITO,HI,AWP,WE,Combined TRACON& Tower with Radar,47,9,2,2,60,0,148,65,0,213,47,157,67,2,273,16,0,16,289
07/04/2017,ITO,HI,AWP,WE,Combined TRACON& Tower with Radar,40,6,3,0,49,0,42,148,0,190,40,48,151,0,239,40,0,40,279
07/05/2017,ITO,HI,AWP,WE,Combined TRACON& Tower with Radar,42,6,1,3,52,0,119,49,8,176,42,125,50,11,228,37,0,37,265
07/06/2017,ITO,HI,AWP,WE,Combined TRACON& Tower with Radar,48,9,2,1,60,0,137,50,1,188,48,146,52,2,248,64,0,64,312
07/07/2017,ITO,HI,AWP,WE,Combined TRACON& Tower with Radar,49,6,0,15,70,0,178,23,13,214,49,184,23,28,284,36,24,60,344
07/08/2017,ITO,HI,AWP,WE,Combined TRACON& Tower with Radar,46,7,2,2,57,0,120,109,1,230,46,127,111,3,287,30,0,30,317
07/09/2017,ITO,HI,AWP,WE,Combined TRACON& Tower with Radar,39,8,3,3,53,0,123,54,0,177,39,131,57,3,230,13,1,14,244
07/10/2017,ITO,HI,AWP,WE,Combined TRACON& Tower with Radar,47,2,6,3,58,0,97,74,3,174,47,99,80,6,232,30,14,44,276
07/11/2017,ITO,HI,AWP,WE,Combined TRACON& Tower with Radar,45,3,0,4,52,0,117,49,3,169,45,120,49,7,221,55,3,58,279
07/12/2017,ITO,HI,AWP,WE,Combined TRACON& Tower with Radar,48,0,2,6,56,0,172,33,7,212,48,172,35,13,268,26,20,46,314
07/13/2017,ITO,HI,AWP,WE,Combined TRACON& Tower with Radar,49,9,5,10,73,0,116,88,6,210,49,125,93,16,283,16,2,18,301
07/14/2017,ITO,HI,AWP,WE,Combined TRACON& Tower with Radar,51,7,4,10,72,0,163,33,3,199,51,170,37,13,271,16,8,24,295
07/15/2017,ITO,HI,AWP,WE,Combined TRACON& Tower with Radar,48,8,5,0,61,0,158,15,0,173,48,166,20,0,234,20,0,20,254
07/16/2017,ITO,HI,AWP,WE,Combined TRACON& Tower with Radar,40,0,0,1,41,0,167,3,1,171,40,167,3,2,212,16,2,18,230
07/17/2017,ITO,HI,AWP,WE,Combined TRACON& Tower with Radar,46,19,0,1,66,0,134,53,1,188,46,153,53,2,254,16,0,16,270
07/18/2017,ITO,HI,AWP,WE,Combined TRACON& Tower with Radar,47,10,1,3,61,0,67,139,2,208,47,77,140,5,269,30,14,44,313
07/19/2017,ITO,HI,AWP,WE,Combined TRACON& Tower with Radar,48,4,4,7,63,0,31,123,0,154,48,35,127,7,217,31,22,53,270
07/20/2017,ITO,HI,AWP,WE,Combined TRACON& Tower with Radar,46,6,4,16,72,0,55,105,2,162,46,61,109,18,234,55,46,101,335
07/21/2017,ITO,HI,AWP,WE,Combined TRACON& Tower with Radar,50,8,4,38,100,0,84,7,3,94,50,92,11,41,194,42,19,61,255
07/22/2017,ITO,HI,AWP,WE,Combined TRACON& Tower with Radar,41,13,6,6,66,0,160,8,0,168,41,173,14,6,234,34,0,34,268
07/23/2017,ITO,HI,AWP,WE,Combined TRACON& Tower with Radar,40,1,4,0,45,0,112,46,0,158,40,113,50,0,203,30,0,30,233
07/24/2017,ITO,HI,AWP,WE,Combined TRACON& Tower with Radar,52,9,1,2,64,0,95,65,3,163,52,104,66,5,227,40,6,46,273
07/25/2017,ITO,HI,AWP,WE,Combined TRACON& Tower with Radar,44,9,1,4,58,0,71,140,0,211,44,80,141,4,269,40,0,40,309
07/26/2017,ITO,HI,AWP,WE,Combined TRACON& Tower with Radar,48,3,0,0,51,0,161,27,1,189,48,164,27,1,240,20,4,24,264
07/27/2017,ITO,HI,AWP,WE,Combined TRACON& Tower with Radar,51,2,4,3,60,0,140,13,8,161,51,142,17,11,221,32,12,44,265
07/28/2017,ITO,HI,AWP,WE,Combined TRACON& Tower with Radar,48,11,6,2,67,0,16,1,0,17,48,27,7,2,84,4,0,4,88
07/29/2017,ITO,HI,AWP,WE,Combined TRACON& Tower with Radar,39,11,1,0,51,0,0,4,0,4,39,11,5,0,55,0,0,0,55
07/30/2017,ITO,HI,AWP,WE,Combined TRACON& Tower with Radar,41,6,1,0,48,0,191,9,0,200,41,197,10,0,248,38,22,60,308
07/31/2017,ITO,HI,AWP,WE,Combined TRACON& Tower with Radar,47,4,1,0,52,0,150,14,0,164,47,154,15,0,216,32,0,32,248
08/01/2017,ITO,HI,AWP,WE,Combined TRACON& Tower with Radar,46,9,0,1,56,0,232,5,3,240,46,241,5,4,296,40,10,50,346
08/02/2017,ITO,HI,AWP,WE,Combined TRACON& Tower with Radar,48,3,0,2,53,0,169,2,7,178,48,172,2,9,231,28,14,42,273
08/03/2017,ITO,HI,AWP,WE,Combined TRACON& Tower with Radar,51,0,0,0,51,0,209,22,2,233,51,209,22,2,284,28,2,30,314
08/04/2017,ITO,HI,AWP,WE,Combined TRACON& Tower with Radar,48,2,0,4,54,0,155,3,7,165,48,157,3,11,219,28,8,36,255
08/05/2017,ITO,HI,AWP,WE,Combined TRACON& Tower with Radar,44,11,4,3,62,0,164,6,12,182,44,175,10,15,244,36,12,48,292
08/06/2017,ITO,HI,AWP,WE,Combined TRACON& Tower with Radar,40,6,3,2,51,0,159,5,7,171,40,165,8,9,222,30,18,48,270
08/07/2017,ITO,HI,AWP,WE,Combined TRACON& Tower with Radar,46,6,1,3,56,0,149,3,2,154,46,155,4,5,210,32,0,32,242
08/08/2017,ITO,HI,AWP,WE,Combined TRACON& Tower with Radar,45,6,0,5,56,0,208,13,1,222,45,214,13,6,278,42,0,42,320
08/09/2017,ITO,HI,AWP,WE,Combined TRACON& Tower with Radar,53,5,6,6,70,0,211,14,20,245,53,216,20,26,315,26,38,64,379
08/10/2017,ITO,HI,AWP,WE,Combined TRACON& Tower with Radar,54,4,1,9,68,0,176,9,6,191,54,180,10,15,259,22,24,46,305
08/11/2017,ITO,HI,AWP,WE,Combined TRACON& Tower with Radar,51,8,2,3,64,0,57,6,0,63,51,65,8,3,127,24,0,24,151
08/12/2017,ITO,HI,AWP,WE,Combined TRACON& Tower with Radar,45,8,3,0,56,0,206,16,1,223,45,214,19,1,279,24,0,24,303
08/13/2017,ITO,HI,AWP,WE,Combined TRACON& Tower with Radar,42,5,5,2,54,0,179,11,1,191,42,184,16,3,245,26,0,26,271
08/14/2017,ITO,HI,AWP,WE,Combined TRACON& Tower with Radar,49,7,2,0,58,0,164,9,0,173,49,171,11,0,231,22,0,22,253
08/15/2017,ITO,HI,AWP,WE,Combined TRACON& Tower with Radar,46,5,7,4,62,0,186,21,1,208,46,191,28,5,270,44,14,58,328
08/16/2017,ITO,HI,AWP,WE,Combined TRACON& Tower with Radar,47,10,0,7,64,0,140,16,0,156,47,150,16,7,220,50,20,70,290
08/17/2017,ITO,HI,AWP,WE,Combined TRACON& Tower with Radar,55,4,12,10,81,0,195,11,17,223,55,199,23,27,304,40,44,84,388
08/18/2017,ITO,HI,AWP,WE,Combined TRACON& Tower with Radar,50,6,1,0,57,0,172,22,0,194,50,178,23,0,251,36,0,36,287
08/19/2017,ITO,HI,AWP,WE,Combined TRACON& Tower with Radar,41,6,1,0,48,0,154,11,0,165,41,160,12,0,213,32,0,32,245
08/20/2017,ITO,HI,AWP,WE,Combined TRACON& Tower with Radar,45,2,2,0,49,0,27,4,0,31,45,29,6,0,80,22,0,22,102
08/21/2017,ITO,HI,AWP,WE,Combined TRACON& Tower with Radar,51,8,1,3,63,0,107,15,4,126,51,115,16,7,189,38,4,42,231
08/22/2017,ITO,HI,AWP,WE,Combined TRACON& Tower with Radar,49,7,1,4,61,0,156,7,3,166,49,163,8,7,227,26,6,32,259
08/23/2017,ITO,HI,AWP,WE,Combined TRACON& Tower with Radar,45,1,2,2,50,0,164,3,1,168,45,165,5,3,218,22,26,48,266
08/24/2017,ITO,HI,AWP,WE,Combined TRACON& Tower with Radar,48,3,3,10,64,0,177,17,2,196,48,180,20,12,260,32,0,32,292
08/25/2017,ITO,HI,AWP,WE,Combined TRACON& Tower with Radar,49,4,3,0,56,0,147,7,1,155,49,151,10,1,211,8,0,8,219
08/26/2017,ITO,HI,AWP,WE,Combined TRACON& Tower with Radar,41,6,4,1,52,0,114,2,2,118,41,120,6,3,170,16,0,16,186
08/27/2017,ITO,HI,AWP,WE,Combined TRACON& Tower with Radar,40,4,2,0,46,0,87,1,1,89,40,91,3,1,135,22,0,22,157
08/28/2017,ITO,HI,AWP,WE,Combined TRACON& Tower with Radar,49,5,1,0,55,0,135,15,0,150,49,140,16,0,205,22,0,22,227
08/29/2017,ITO,HI,AWP,WE,Combined TRACON& Tower with Radar,45,5,2,10,62,0,102,11,2,115,45,107,13,12,177,38,6,44,221
08/30/2017,ITO,HI,AWP,WE,Combined TRACON& Tower with Radar,49,5,1,15,70,0,155,8,21,184,49,160,9,36,254,26,80,106,360
08/31/2017,ITO,HI,AWP,WE,Combined TRACON& Tower with Radar,52,13,4,7,76,0,156,22,10,188,52,169,26,17,264,26,34,60,324
09/01/2017,ITO,HI,AWP,WE,Combined TRACON& Tower with Radar,49,5,4,6,64,0,121,21,5,147,49,126,25,11,211,28,2,30,241
09/02/2017,ITO,HI,AWP,WE,Combined TRACON& Tower with Radar,39,6,6,0,51,0,119,6,0,125,39,125,12,0,176,26,2,28,204
09/03/2017,ITO,HI,AWP,WE,Combined TRACON& Tower with Radar,43,5,2,0,50,0,135,1,0,136,43,140,3,0,186,4,0,4,190
09/04/2017,ITO,HI,AWP,WE,Combined TRACON& Tower with Radar,41,9,1,0,51,0,117,12,0,129,41,126,13,0,180,20,0,20,200
09/05/2017,ITO,HI,AWP,WE,Combined TRACON& Tower with Radar,46,12,1,4,63,0,184,11,12,207,46,196,12,16,270,22,20,42,312
09/06/2017,ITO,HI,AWP,WE,Combined TRACON& Tower with Radar,44,7,0,11,62,0,124,4,9,137,44,131,4,20,199,17,24,41,240
09/07/2017,ITO,HI,AWP,WE,Combined TRACON& Tower with Radar,48,7,2,15,72,0,124,16,5,145,48,131,18,20,217,30,12,42,259
09/08/2017,ITO,HI,AWP,WE,Combined TRACON& Tower with Radar,50,6,1,7,64,0,124,8,7,139,50,130,9,14,203,50,2,52,255
09/09/2017,ITO,HI,AWP,WE,Combined TRACON& Tower with Radar,43,7,3,7,60,0,125,7,1,133,43,132,10,8,193,40,0,40,233
09/10/2017,ITO,HI,AWP,WE,Combined TRACON& Tower with Radar,38,10,0,3,51,0,101,2,9,112,38,111,2,12,163,34,2,36,199
09/11/2017,ITO,HI,AWP,WE,Combined TRACON& Tower with Radar,47,8,0,0,55,0,130,4,1,135,47,138,4,1,190,22,0,22,212
09/12/2017,ITO,HI,AWP,WE,Combined TRACON& Tower with Radar,45,7,0,5,57,0,196,21,5,222,45,203,21,10,279,50,14,64,343
09/13/2017,ITO,HI,AWP,WE,Combined TRACON& Tower with Radar,42,9,1,3,55,0,41,21,1,63,42,50,22,4,118,44,6,50,168
09/14/2017,ITO,HI,AWP,WE,Combined TRACON& Tower with Radar,50,8,2,3,63,0,130,11,2,143,50,138,13,5,206,12,6,18,224
09/15/2017,ITO,HI,AWP,WE,Combined TRACON& Tower with Radar,49,6,0,0,55,0,154,12,0,166,49,160,12,0,221,26,0,26,247
09/16/2017,ITO,HI,AWP,WE,Combined TRACON& Tower with Radar,43,7,8,6,64,0,155,5,0,160,43,162,13,6,224,36,0,36,260
09/17/2017,ITO,HI,AWP,WE,Combined TRACON& Tower with Radar,38,4,0,0,42,0,116,2,0,118,38,120,2,0,160,24,0,24,184
09/18/2017,ITO,HI,AWP,WE,Combined TRACON& Tower with Radar,47,6,0,3,56,0,117,3,6,126,47,123,3,9,182,30,16,46,228
09/19/2017,ITO,HI,AWP,WE,Combined TRACON& Tower with Radar,44,2,5,8,59,0,181,13,7,201,44,183,18,15,260,38,28,66,326
09/20/2017,ITO,HI,AWP,WE,Combined TRACON& Tower with Radar,41,15,1,8,65,0,115,5,4,124,41,130,6,12,189,46,22,68,257
09/21/2017,ITO,HI,AWP,WE,Combined TRACON& Tower with Radar,49,9,1,3,62,0,113,7,2,122,49,122,8,5,184,24,32,56,240
09/22/2017,ITO,HI,AWP,WE,Combined TRACON& Tower with Radar,50,10,10,0,70,0,133,19,2,154,50,143,29,2,224,24,0,24,248
09/23/2017,ITO,HI,AWP,WE,Combined TRACON& Tower with Radar,44,6,0,0,50,0,121,7,1,129,44,127,7,1,179,38,0,38,217
09/24/2017,ITO,HI,AWP,WE,Combined TRACON& Tower with Radar,36,5,1,0,42,0,112,13,0,125,36,117,14,0,167,34,0,34,201
09/25/2017,ITO,HI,AWP,WE,Combined TRACON& Tower with Radar,46,10,2,0,58,0,120,13,0,133,46,130,15,0,191,28,0,28,219
09/26/2017,ITO,HI,AWP,WE,Combined TRACON& Tower with Radar,43,7,3,4,57,0,193,6,20,219,43,200,9,24,276,45,42,87,363
09/27/2017,ITO,HI,AWP,WE,Combined TRACON& Tower with Radar,41,19,1,3,64,2,161,18,5,186,43,180,19,8,250,28,38,66,316
09/28/2017,ITO,HI,AWP,WE,Combined TRACON& Tower with Radar,45,6,3,1,55,0,167,15,6,188,45,173,18,7,243,30,40,70,313
09/29/2017,ITO,HI,AWP,WE,Combined TRACON& Tower with Radar,48,8,4,1,61,0,108,7,1,116,48,116,11,2,177,26,0,26,203
09/30/2017,ITO,HI,AWP,WE,Combined TRACON& Tower with Radar,44,1,5,0,50,0,130,11,0,141,44,131,16,0,191,28,0,28,219
10/01/2017,ITO,HI,AWP,WE,Combined TRACON& Tower with Radar,38,11,7,0,56,0,141,12,0,153,38,152,19,0,209,22,0,22,231
10/02/2017,ITO,HI,AWP,WE,Combined TRACON& Tower with Radar,45,9,0,0,54,0,142,12,0,154,45,151,12,0,208,34,0,34,242
10/03/2017,ITO,HI,AWP,WE,Combined TRACON& Tower with Radar,52,7,3,5,67,0,164,6,8,178,52,171,9,13,245,18,16,34,279
10/04/2017,ITO,HI,AWP,WE,Combined TRACON& Tower with Radar,39,12,2,6,59,0,168,5,3,176,39,180,7,9,235,56,10,66,301
10/05/2017,ITO,HI,AWP,WE,Combined TRACON& Tower with Radar,49,7,4,0,60,0,129,7,3,139,49,136,11,3,199,36,0,36,235
10/06/2017,ITO,HI,AWP,WE,Combined TRACON& Tower with Radar,48,6,11,0,65,0,152,19,0,171,48,158,30,0,236,26,0,26,262
10/07/2017,ITO,HI,AWP,WE,Combined TRACON& Tower with Radar,45,2,8,3,58,0,168,11,0,179,45,170,19,3,237,34,0,34,271
10/08/2017,ITO,HI,AWP,WE,Combined TRACON& Tower with Radar,40,4,3,0,47,0,123,10,0,133,40,127,13,0,180,14,0,14,194
10/09/2017,ITO,HI,AWP,WE,Combined TRACON& Tower with Radar,42,5,2,0,49,0,161,11,0,172,42,166,13,0,221,16,0,16,237
10/10/2017,ITO,HI,AWP,WE,Combined TRACON& Tower with Radar,48,6,4,2,60,0,175,12,11,198,48,181,16,13,258,74,25,99,357
10/11/2017,ITO,HI,AWP,WE,Combined TRACON& Tower with Radar,43,12,4,12,71,0,146,29,10,185,43,158,33,22,256,110,18,128,384
10/12/2017,ITO,HI,AWP,WE,Combined TRACON& Tower with Radar,51,12,2,3,68,0,48,6,1,55,51,60,8,4,123,24,2,26,149
10/13/2017,ITO,HI,AWP,WE,Combined TRACON& Tower with Radar,49,6,2,2,59,0,25,5,5,35,49,31,7,7,94,52,10,62,156
10/14/2017,ITO,HI,AWP,WE,Combined TRACON& Tower with Radar,44,9,7,8,68,0,90,9,2,101,44,99,16,10,169,24,0,24,193
10/15/2017,ITO,HI,AWP,WE,Combined TRACON& Tower with Radar,37,4,3,4,48,0,103,1,1,105,37,107,4,5,153,36,0,36,189
10/16/2017,ITO,HI,AWP,WE,Combined TRACON& Tower with Radar,43,7,1,7,58,0,120,16,1,137,43,127,17,8,195,54,4,58,253
10/17/2017,ITO,HI,AWP,WE,Combined TRACON& Tower with Radar,42,7,3,7,59,0,161,6,7,174,42,168,9,14,233,66,30,96,329
10/18/2017,ITO,HI,AWP,WE,Combined TRACON& Tower with Radar,45,4,1,10,60,0,149,7,5,161,45,153,8,15,221,28,4,32,253
10/19/2017,ITO,HI,AWP,WE,Combined TRACON& Tower with Radar,48,10,0,1,59,0,155,11,0,166,48,165,11,1,225,6,0,6,231
10/20/2017,ITO,HI,AWP,WE,Combined TRACON& Tower with Radar,49,6,0,2,57,0,110,3,1,114,49,116,3,3,171,10,2,12,183
10/21/2017,ITO,HI,AWP,WE,Combined TRACON& Tower with Radar,43,11,10,0,64,0,93,22,0,115,43,104,32,0,179,86,0,86,265
10/22/2017,ITO,HI,AWP,WE,Combined TRACON& Tower with Radar,38,13,1,1,53,0,109,16,0,125,38,122,17,1,178,38,0,38,216
10/23/2017,ITO,HI,AWP,WE,Combined TRACON& Tower with Radar,44,6,1,8,59,0,125,2,0,127,44,131,3,8,186,16,4,20,206
10/24/2017,ITO,HI,AWP,WE,Combined TRACON& Tower with Radar,52,14,1,0,67,0,0,0,0,0,52,14,1,0,67,0,0,0,67
10/25/2017,ITO,HI,AWP,WE,Combined TRACON& Tower with Radar,43,5,5,5,58,0,5,1,0,6,43,10,6,5,64,6,12,18,82
10/26/2017,ITO,HI,AWP,WE,Combined TRACON& Tower with Radar,51,7,15,11,84,0,30,127,4,161,51,37,142,15,245,36,14,50,295
10/27/2017,ITO,HI,AWP,WE,Combined TRACON& Tower with Radar,50,6,4,4,64,0,52,76,3,131,50,58,80,7,195,28,0,28,223
10/28/2017,ITO,HI,AWP,WE,Combined TRACON& Tower with Radar,42,7,7,2,58,0,31,104,2,137,42,38,111,4,195,54,10,64,259
10/29/2017,ITO,HI,AWP,WE,Combined TRACON& Tower with Radar,39,10,1,2,52,0,14,85,0,99,39,24,86,2,151,26,6,32,183
10/30/2017,ITO,HI,AWP,WE,Combined TRACON& Tower with Radar,46,4,12,1,63,0,3,127,5,135,46,7,139,6,198,58,0,58,256
10/31/2017,ITO,HI,AWP,WE,Combined TRACON& Tower with Radar,43,2,4,7,56,0,42,103,5,150,43,44,107,12,206,26,14,40,246
11/01/2017,ITO,HI,AWP,WE,Combined TRACON& Tower with Radar,42,5,0,3,50,0,51,72,2,125,42,56,72,5,175,26,18,44,219
11/02/2017,ITO,HI,AWP,WE,Combined TRACON& Tower with Radar,49,13,2,10,74,0,10,97,1,108,49,23,99,11,182,40,2,42,224
11/03/2017,ITO,HI,AWP,WE,Combined TRACON& Tower with Radar,53,7,0,3,63,0,5,114,7,126,53,12,114,10,189,58,12,70,259
11/04/2017,ITO,HI,AWP,WE,Combined TRACON& Tower with Radar,44,8,5,2,59,0,2,100,3,105,44,10,105,5,164,36,0,36,200
11/05/2017,ITO,HI,AWP,WE,Combined TRACON& Tower with Radar,42,4,4,2,52,0,1,58,24,83,42,5,62,26,135,34,0,34,169
11/06/2017,ITO,HI,AWP,WE,Combined TRACON& Tower with Radar,44,3,2,3,52,0,1,96,0,97,44,4,98,3,149,18,0,18,167
11/07/2017,ITO,HI,AWP,WE,Combined TRACON& Tower with Radar,45,4,0,2,51,0,0,172,5,177,45,4,172,7,228,53,0,53,281
11/08/2017,ITO,HI,AWP,WE,Combined TRACON& Tower with Radar,41,7,1,12,61,0,3,94,2,99,41,10,95,14,160,38,15,53,213
11/09/2017,ITO,HI,AWP,WE,Combined TRACON& Tower with Radar,55,14,5,10,84,0,2,110,1,113,55,16,115,11,197,54,32,86,283
11/10/2017,ITO,HI,AWP,WE,Combined TRACON& Tower with Radar,46,4,9,0,59,0,0,56,0,56,46,4,65,0,115,30,0,30,145
11/11/2017,ITO,HI,AWP,WE,Combined TRACON& Tower with Radar,38,3,2,0,43,0,0,3,0,3,38,3,5,0,46,2,0,2,48
11/12/2017,ITO,HI,AWP,WE,Combined TRACON& Tower with Radar,41,2,2,4,49,0,2,70,0,72,41,4,72,4,121,40,12,52,173
11/13/2017,ITO,HI,AWP,WE,Combined TRACON& Tower with Radar,49,7,1,4,61,1,1,156,0,158,50,8,157,4,219,24,14,38,257
11/14/2017,ITO,HI,AWP,WE,Combined TRACON& Tower with Radar,42,2,2,4,50,0,0,186,5,191,42,2,188,9,241,62,16,78,319
11/15/2017,ITO,HI,AWP,WE,Combined TRACON& Tower with Radar,43,7,5,17,72,0,0,123,2,125,43,7,128,19,197,32,46,78,275
11/16/2017,ITO,HI,AWP,WE,Combined TRACON& Tower with Radar,50,2,1,11,64,0,0,75,1,76,50,2,76,12,140,32,34,66,206
11/17/2017,ITO,HI,AWP,WE,Combined TRACON& Tower with Radar,51,5,3,10,69,0,2,127,2,131,51,7,130,12,200,48,2,50,250
11/18/2017,ITO,HI,AWP,WE,Combined TRACON& Tower with Radar,40,3,2,2,47,0,1,136,1,138,40,4,138,3,185,38,0,38,223
11/19/2017,ITO,HI,AWP,WE,Combined TRACON& Tower with Radar,40,7,2,6,55,0,0,122,0,122,40,7,124,6,177,50,0,50,227
11/20/2017,ITO,HI,AWP,WE,Combined TRACON& Tower with Radar,49,7,1,7,64,0,0,149,0,149,49,7,150,7,213,26,24,50,263
11/21/2017,ITO,HI,AWP,WE,Combined TRACON& Tower with Radar,47,5,4,4,60,0,0,185,3,188,47,5,189,7,248,52,4,56,304
11/22/2017,ITO,HI,AWP,WE,Combined TRACON& Tower with Radar,48,4,2,0,54,0,3,136,0,139,48,7,138,0,193,30,0,30,223
11/23/2017,ITO,HI,AWP,WE,Combined TRACON& Tower with Radar,38,6,1,4,49,0,2,80,0,82,38,8,81,4,131,36,0,36,167
11/24/2017,ITO,HI,AWP,WE,Combined TRACON& Tower with Radar,46,5,0,1,52,0,2,172,0,174,46,7,172,1,226,44,0,44,270
11/25/2017,ITO,HI,AWP,WE,Combined TRACON& Tower with Radar,41,8,2,11,62,0,0,81,0,81,41,8,83,11,143,52,2,54,197
11/26/2017,ITO,HI,AWP,WE,Combined TRACON& Tower with Radar,40,4,5,0,49,0,1,86,0,87,40,5,91,0,136,26,0,26,162
11/27/2017,ITO,HI,AWP,WE,Combined TRACON& Tower with Radar,47,4,2,5,58,0,0,3,0,3,47,4,5,5,61,0,0,0,61
11/28/2017,ITO,HI,AWP,WE,Combined TRACON& Tower with Radar,48,8,2,2,60,0,3,52,3,58,48,11,54,5,118,28,12,40,158
11/29/2017,ITO,HI,AWP,WE,Combined TRACON& Tower with Radar,40,4,1,0,45,0,0,39,2,41,40,4,40,2,86,148,10,158,244
11/30/2017,ITO,HI,AWP,WE,Combined TRACON& Tower with Radar,54,9,4,3,70,0,0,2,0,2,54,9,6,3,72,12,24,36,108
12/01/2017,ITO,HI,AWP,WE,Combined TRACON& Tower with Radar,57,7,4,8,76,0,3,103,1,107,57,10,107,9,183,176,0,176,359
12/02/2017,ITO,HI,AWP,WE,Combined TRACON& Tower with Radar,49,4,5,3,61,0,0,62,3,65,49,4,67,6,126,140,8,148,274
12/03/2017,ITO,HI,AWP,WE,Combined TRACON& Tower with Radar,39,3,6,3,51,0,5,73,1,79,39,8,79,4,130,50,0,50,180
12/04/2017,ITO,HI,AWP,WE,Combined TRACON& Tower with Radar,55,6,2,2,65,0,0,118,0,118,55,6,120,2,183,50,2,52,235
12/05/2017,ITO,HI,AWP,WE,Combined TRACON& Tower with Radar,45,5,0,0,50,0,1,86,0,87,45,6,86,0,137,26,0,26,163
12/06/2017,ITO,HI,AWP,WE,Combined TRACON& Tower with Radar,41,5,3,1,50,0,1,122,2,125,41,6,125,3,175,30,0,30,205
12/07/2017,ITO,HI,AWP,WE,Combined TRACON& Tower with Radar,52,4,2,0,58,0,5,122,0,127,52,9,124,0,185,42,0,42,227
12/08/2017,ITO,HI,AWP,WE,Combined TRACON& Tower with Radar,50,4,3,0,57,0,0,126,0,126,50,4,129,0,183,48,0,48,231
12/09/2017,ITO,HI,AWP,WE,Combined TRACON& Tower with Radar,44,10,1,5,60,0,1,103,2,106,44,11,104,7,166,32,0,32,198
12/10/2017,ITO,HI,AWP,WE,Combined TRACON& Tower with Radar,43,2,0,0,45,0,1,79,0,80,43,3,79,0,125,36,0,36,161
12/11/2017,ITO,HI,AWP,WE,Combined TRACON& Tower with Radar,50,3,0,11,64,0,0,182,0,182,50,3,182,11,246,58,14,72,318
12/12/2017,ITO,HI,AWP,WE,Combined TRACON& Tower with Radar,44,10,2,14,70,0,1,171,2,174,44,11,173,16,244,83,28,111,355
12/13/2017,ITO,HI,AWP,WE,Combined TRACON& Tower with Radar,44,4,0,18,66,0,3,110,2,115,44,7,110,20,181,60,8,68,249
12/14/2017,ITO,HI,AWP,WE,Combined TRACON& Tower with Radar,48,2,7,2,59,0,4,100,3,107,48,6,107,5,166,24,38,62,228
12/15/2017,ITO,HI,AWP,WE,Combined TRACON& Tower with Radar,49,1,2,4,56,0,3,125,0,128,49,4,127,4,184,50,0,50,234
12/16/2017,ITO,HI,AWP,WE,Combined TRACON& Tower with Radar,46,9,2,0,57,0,3,128,0,131,46,12,130,0,188,42,0,42,230
12/17/2017,ITO,HI,AWP,WE,Combined TRACON& Tower with Radar,43,3,1,1,48,0,0,90,5,95,43,3,91,6,143,28,8,36,179
12/18/2017,ITO,HI,AWP,WE,Combined TRACON& Tower with Radar,49,2,1,2,54,0,1,161,3,165,49,3,162,5,219,32,0,32,251
12/19/2017,ITO,HI,AWP,WE,Combined TRACON& Tower with Radar,46,8,1,2,57,0,0,49,0,49,46,8,50,2,106,38,8,46,152
12/20/2017,ITO,HI,AWP,WE,Combined TRACON& Tower with Radar,46,3,0,2,51,0,0,97,0,97,46,3,97,2,148,28,0,28,176
12/21/2017,ITO,HI,AWP,WE,Combined TRACON& Tower with Radar,49,5,4,2,60,0,4,148,0,152,49,9,152,2,212,36,2,38,250
12/22/2017,ITO,HI,AWP,WE,Combined TRACON& Tower with Radar,49,2,0,1,52,0,0,189,0,189,49,2,189,1,241,48,0,48,289
12/23/2017,ITO,HI,AWP,WE,Combined TRACON& Tower with Radar,50,4,2,5,61,2,4,209,1,216,52,8,211,6,277,58,0,58,335
12/24/2017,ITO,HI,AWP,WE,Combined TRACON& Tower with Radar,41,6,0,0,47,0,0,231,0,231,41,6,231,0,278,34,0,34,312
12/25/2017,ITO,HI,AWP,WE,Combined TRACON& Tower with Radar,46,6,2,0,54,0,3,109,0,112,46,9,111,0,166,22,0,22,188
12/26/2017,ITO,HI,AWP,WE,Combined TRACON& Tower with Radar,47,4,2,5,58,0,0,200,2,202,47,4,202,7,260,44,14,58,318
12/27/2017,ITO,HI,AWP,WE,Combined TRACON& Tower with Radar,51,6,2,12,71,0,25,174,0,199,51,31,176,12,270,101,20,121,391
12/28/2017,ITO,HI,AWP,WE,Combined TRACON& Tower with Radar,46,9,2,0,57,0,3,185,1,189,46,12,187,1,246,44,0,44,290
12/29/2017,ITO,HI,AWP,WE,Combined TRACON& Tower with Radar,56,8,4,3,71,0,2,225,0,227,56,10,229,3,298,49,0,49,347
12/30/2017,ITO,HI,AWP,WE,Combined TRACON& Tower with Radar,46,11,6,0,63,0,0,186,1,187,46,11,192,1,250,50,0,50,300
12/31/2017,ITO,HI,AWP,WE,Combined TRACON& Tower with Radar,38,2,0,0,40,0,1,202,2,205,38,3,202,2,245,40,0,40,285
01/01/2018,ITO,HI,AWP,WE,Combined TRACON& Tower with Radar,46,9,0,0,55,0,0,180,0,180,46,9,180,0,235,36,0,36,271
01/02/2018,ITO,HI,AWP,WE,Combined TRACON& Tower with Radar,50,5,3,0,58,0,6,195,0,201,50,11,198,0,259,48,0,48,307
01/03/2018,ITO,HI,AWP,WE,Combined TRACON& Tower with Radar,47,13,1,1,62,0,0,140,0,140,47,13,141,1,202,50,0,50,252
01/04/2018,ITO,HI,AWP,WE,Combined TRACON& Tower with Radar,49,5,4,8,66,0,4,212,3,219,49,9,216,11,285,66,22,88,373
01/05/2018,ITO,HI,AWP,WE,Combined TRACON& Tower with Radar,55,5,5,0,65,0,0,167,5,172,55,5,172,5,237,46,2,48,285
01/06/2018,ITO,HI,AWP,WE,Combined TRACON& Tower with Radar,41,10,0,4,55,0,0,134,25,159,41,10,134,29,214,52,18,70,284
01/07/2018,ITO,HI,AWP,WE,Combined TRACON& Tower with Radar,41,6,16,8,71,0,0,95,4,99,41,6,111,12,170,46,6,52,222
01/08/2018,ITO,HI,AWP,WE,Combined TRACON& Tower with Radar,51,2,0,0,53,0,0,166,2,168,51,2,166,2,221,58,2,60,281
01/09/2018,ITO,HI,AWP,WE,Combined TRACON& Tower with Radar,44,6,2,19,71,0,0,155,4,159,44,6,157,23,230,37,38,75,305
01/10/2018,ITO,HI,AWP,WE,Combined TRACON& Tower with Radar,47,5,1,2,55,0,0,115,5,120,47,5,116,7,175,28,0,28,203
01/11/2018,ITO,HI,AWP,WE,Combined TRACON& Tower with Radar,47,2,2,0,51,0,0,100,1,101,47,2,102,1,152,68,0,68,220
01/12/2018,ITO,HI,AWP,WE,Combined TRACON& Tower with Radar,52,0,0,0,52,0,0,85,0,85,52,0,85,0,137,52,0,52,189
01/13/2018,ITO,HI,AWP,WE,Combined TRACON& Tower with Radar,41,8,3,1,53,0,17,65,0,82,41,25,68,1,135,32,0,32,167
01/14/2018,ITO,HI,AWP,WE,Combined TRACON& Tower with Radar,37,1,0,0,38,0,0,125,0,125,37,1,125,0,163,54,0,54,217
01/15/2018,ITO,HI,AWP,WE,Combined TRACON& Tower with Radar,42,4,1,1,48,0,1,161,0,162,42,5,162,1,210,32,0,32,242
01/16/2018,ITO,HI,AWP,WE,Combined TRACON& Tower with Radar,48,3,2,2,55,0,3,169,0,172,48,6,171,2,227,46,4,50,277
01/17/2018,ITO,HI,AWP,WE,Combined TRACON& Tower with Radar,46,3,3,4,56,0,0,125,4,129,46,3,128,8,185,22,10,32,217
01/18/2018,ITO,HI,AWP,WE,Combined TRACON& Tower with Radar,48,9,2,2,61,0,1,70,6,77,48,10,72,8,138,28,18,46,184
01/19/2018,ITO,HI,AWP,WE,Combined TRACON& Tower with Radar,52,8,5,8,73,0,0,99,4,103,52,8,104,12,176,58,6,64,240
01/20/2018,ITO,HI,AWP,WE,Combined TRACON& Tower with Radar,39,12,5,0,56,0,0,65,0,65,39,12,70,0,121,48,0,48,169
01/21/2018,ITO,HI,AWP,WE,Combined TRACON& Tower with Radar,39,6,1,0,46,0,0,57,0,57,39,6,58,0,103,28,0,28,131
01/22/2018,ITO,HI,AWP,WE,Combined TRACON& Tower with Radar,48,5,1,2,56,0,1,14,0,15,48,6,15,2,71,0,0,0,71
01/23/2018,ITO,HI,AWP,WE,Combined TRACON& Tower with Radar,43,7,3,0,53,0,0,8,0,8,43,7,11,0,61,0,0,0,61
01/24/2018,ITO,HI,AWP,WE,Combined TRACON& Tower with Radar,45,6,1,0,52,0,2,148,6,156,45,8,149,6,208,26,6,32,240
01/25/2018,ITO,HI,AWP,WE,Combined TRACON& Tower with Radar,51,5,3,7,66,0,0,6,0,6,51,5,9,7,72,0,0,0,72
01/26/2018,ITO,HI,AWP,WE,Combined TRACON& Tower with Radar,51,1,0,4,56,0,4,140,1,145,51,5,140,5,201,46,0,46,247
01/27/2018,ITO,HI,AWP,WE,Combined TRACON& Tower with Radar,43,13,1,0,57,0,0,128,2,130,43,13,129,2,187,48,0,48,235
01/28/2018,ITO,HI,AWP,WE,Combined TRACON& Tower with Radar,37,5,0,0,42,0,0,49,0,49,37,5,49,0,91,18,0,18,109
01/29/2018,ITO,HI,AWP,WE,Combined TRACON& Tower with Radar,47,6,1,1,55,1,0,144,1,146,48,6,145,2,201,46,0,46,247
01/30/2018,ITO,HI,AWP,WE,Combined TRACON& Tower with Radar,50,5,1,5,61,0,2,156,4,162,50,7,157,9,223,52,0,52,275
01/31/2018,ITO,HI,AWP,WE,Combined TRACON& Tower with Radar,47,6,2,1,56,0,0,103,11,114,47,6,105,12,170,26,9,35,205
02/01/2018,ITO,HI,AWP,WE,Combined TRACON& Tower with Radar,49,5,4,8,66,0,1,59,15,75,49,6,63,23,141,44,32,76,217
02/02/2018,ITO,HI,AWP,WE,Combined TRACON& Tower with Radar,53,14,2,3,72,0,0,126,1,127,53,14,128,4,199,52,2,54,253
02/03/2018,ITO,HI,AWP,WE,Combined TRACON& Tower with Radar,41,15,4,7,67,0,0,128,0,128,41,15,132,7,195,30,0,30,225
02/04/2018,ITO,HI,AWP,WE,Combined TRACON& Tower with Radar,38,6,0,1,45,0,1,108,0,109,38,7,108,1,154,30,0,30,184
02/05/2018,ITO,HI,AWP,WE,Combined TRACON& Tower with Radar,50,6,0,1,57,0,0,116,0,116,50,6,116,1,173,32,0,32,205
02/06/2018,ITO,HI,AWP,WE,Combined TRACON& Tower with Radar,44,5,1,0,50,0,0,151,4,155,44,5,152,4,205,24,0,24,229
02/07/2018,ITO,HI,AWP,WE,Combined TRACON& Tower with Radar,51,6,2,19,78,0,3,117,1,121,51,9,119,20,199,48,0,48,247
02/08/2018,ITO,HI,AWP,WE,Combined TRACON& Tower with Radar,48,12,5,11,76,0,2,151,3,156,48,14,156,14,232,48,0,48,280
02/09/2018,ITO,HI,AWP,WE,Combined TRACON& Tower with Radar,50,11,0,1,62,2,1,142,1,146,52,12,142,2,208,42,1,43,251
02/10/2018,ITO,HI,AWP,WE,Combined TRACON& Tower with Radar,43,7,3,2,55,0,1,152,12,165,43,8,155,14,220,76,12,88,308
02/11/2018,ITO,HI,AWP,WE,Combined TRACON& Tower with Radar,39,7,0,2,48,0,20,139,2,161,39,27,139,4,209,44,0,44,253
02/12/2018,ITO,HI,AWP,WE,Combined TRACON& Tower with Radar,50,3,0,2,55,0,1,145,0,146,50,4,145,2,201,16,2,18,219
02/13/2018,ITO,HI,AWP,WE,Combined TRACON& Tower with Radar,45,13,3,3,64,0,1,210,3,214,45,14,213,6,278,32,0,32,310
02/14/2018,ITO,HI,AWP,WE,Combined TRACON& Tower with Radar,46,16,2,5,69,0,0,45,0,45,46,16,47,5,114,24,0,24,138
02/15/2018,ITO,HI,AWP,WE,Combined TRACON& Tower with Radar,51,5,2,0,58,0,0,25,0,25,51,5,27,0,83,38,0,38,121
02/16/2018,ITO,HI,AWP,WE,Combined TRACON& Tower with Radar,58,8,5,0,71,0,0,9,0,9,58,8,14,0,80,40,0,40,120
02/17/2018,ITO,HI,AWP,WE,Combined TRACON& Tower with Radar,43,7,5,1,56,0,0,68,0,68,43,7,73,1,124,16,0,16,140
02/18/2018,ITO,HI,AWP,WE,Combined TRACON& Tower with Radar,41,4,0,2,47,0,1,50,6,57,41,5,50,8,104,97,0,97,201
02/19/2018,ITO,HI,AWP,WE,Combined TRACON& Tower with Radar,48,7,2,0,57,0,0,121,2,123,48,7,123,2,180,60,0,60,240
02/20/2018,ITO,HI,AWP,WE,Combined TRACON& Tower with Radar,50,3,0,7,60,0,2,178,4,184,50,5,178,11,244,38,24,62,306
02/21/2018,ITO,HI,AWP,WE,Combined TRACON& Tower with Radar,46,9,7,11,73,0,1,193,6,200,46,10,200,17,273,38,24,62,335
02/22/2018,ITO,HI,AWP,WE,Combined TRACON& Tower with Radar,49,10,2,3,64,0,0,91,4,95,49,10,93,7,159,34,0,34,193
02/23/2018,ITO,HI,AWP,WE,Combined TRACON& Tower with Radar,53,6,2,2,63,0,0,30,1,31,53,6,32,3,94,30,1,31,125
02/24/2018,ITO,HI,AWP,WE,Combined TRACON& Tower with Radar,42,8,3,0,53,0,0,16,0,16,42,8,19,0,69,23,0,23,92
02/25/2018,ITO,HI,AWP,WE,Combined TRACON& Tower with Radar,42,10,2,0,54,0,0,97,0,97,42,10,99,0,151,54,0,54,205
02/26/2018,ITO,HI,AWP,WE,Combined TRACON& Tower with Radar,48,11,4,5,68,0,0,60,0,60,48,11,64,5,128,12,0,12,140
02/27/2018,ITO,HI,AWP,WE,Combined TRACON& Tower with Radar,48,2,1,3,54,0,0,201,1,202,48,2,202,4,256,28,20,48,304
02/28/2018,ITO,HI,AWP,WE,Combined TRACON& Tower with Radar,46,7,1,4,58,0,0,76,2,78,46,7,77,6,136,16,0,16,152
03/01/2018,ITO,HI,AWP,WE,Combined TRACON& Tower with Radar,47,13,3,4,67,0,0,105,4,109,47,13,108,8,176,28,20,48,224
03/02/2018,ITO,HI,AWP,WE,Combined TRACON& Tower with Radar,48,7,0,0,55,0,4,92,1,97,48,11,92,1,152,32,0,32,184
03/03/2018,ITO,HI,AWP,WE,Combined TRACON& Tower with Radar,38,10,2,4,54,0,0,140,2,142,38,10,142,6,196,50,25,75,271
03/04/2018,ITO,HI,AWP,WE,Combined TRACON& Tower with Radar,39,8,3,2,52,0,18,101,7,126,39,26,104,9,178,64,14,78,256
03/05/2018,ITO,HI,AWP,WE,Combined TRACON& Tower with Radar,49,6,6,3,64,0,3,158,1,162,49,9,164,4,226,38,2,40,266
03/06/2018,ITO,HI,AWP,WE,Combined TRACON& Tower with Radar,43,9,10,3,65,0,0,100,0,100,43,9,110,3,165,18,28,46,211
03/07/2018,ITO,HI,AWP,WE,Combined TRACON& Tower with Radar,45,6,5,9,65,0,0,132,9,141,45,6,137,18,206,68,2,70,276
03/08/2018,ITO,HI,AWP,WE,Combined TRACON& Tower with Radar,45,8,6,1,60,0,1,118,4,123,45,9,124,5,183,46,6,52,235
03/09/2018,ITO,HI,AWP,WE,Combined TRACON& Tower with Radar,50,7,5,0,62,0,0,14,0,14,50,7,19,0,76,6,0,6,82
03/10/2018,ITO,HI,AWP,WE,Combined TRACON& Tower with Radar,39,3,5,8,55,0,3,120,6,129,39,6,125,14,184,48,12,60,244
03/11/2018,ITO,HI,AWP,WE,Combined TRACON& Tower with Radar,42,4,1,1,48,0,1,93,1,95,42,5,94,2,143,20,2,22,165
03/12/2018,ITO,HI,AWP,WE,Combined TRACON& Tower with Radar,48,4,3,3,58,0,0,139,0,139,48,4,142,3,197,56,6,62,259
03/13/2018,ITO,HI,AWP,WE,Combined TRACON& Tower with Radar,50,5,10,4,69,0,0,4,0,4,50,5,14,4,73,2,0,2,75
03/14/2018,ITO,HI,AWP,WE,Combined TRACON& Tower with Radar,48,8,4,2,62,0,0,1,0,1,48,8,5,2,63,2,0,2,65
03/15/2018,ITO,HI,AWP,WE,Combined TRACON& Tower with Radar,49,10,3,2,64,0,1,124,2,127,49,11,127,4,191,68,0,68,259
03/16/2018,ITO,HI,AWP,WE,Combined TRACON& Tower with Radar,52,9,1,1,63,0,0,118,1,119,52,9,119,2,182,46,0,46,228
03/17/2018,ITO,HI,AWP,WE,Combined TRACON& Tower with Radar,39,10,12,0,61,0,0,112,0,112,39,10,124,0,173,54,0,54,227
03/18/2018,ITO,HI,AWP,WE,Combined TRACON& Tower with Radar,41,1,0,0,42,0,0,108,0,108,41,1,108,0,150,60,0,60,210
03/19/2018,ITO,HI,AWP,WE,Combined TRACON& Tower with Radar,47,7,6,1,61,0,0,0,0,0,47,7,6,1,61,0,0,0,61
03/20/2018,ITO,HI,AWP,WE,Combined TRACON& Tower with Radar,48,6,3,4,61,0,0,50,1,51,48,6,53,5,112,37,1,38,150
03/21/2018,ITO,HI,AWP,WE,Combined TRACON& Tower with Radar,54,10,6,8,78,0,0,12,0,12,54,10,18,8,90,0,2,2,92
03/22/2018,ITO,HI,AWP,WE,Combined TRACON& Tower with Radar,50,3,3,1,57,0,0,80,3,83,50,3,83,4,140,56,2,58,198
03/23/2018,ITO,HI,AWP,WE,Combined TRACON& Tower with Radar,55,2,0,3,60,0,0,110,0,110,55,2,110,3,170,64,4,68,238
03/24/2018,ITO,HI,AWP,WE,Combined TRACON& Tower with Radar,42,5,2,2,51,0,0,57,0,57,42,5,59,2,108,38,0,38,146
03/25/2018,ITO,HI,AWP,WE,Combined TRACON& Tower with Radar,44,6,4,0,54,0,0,76,0,76,44,6,80,0,130,68,0,68,198
03/26/2018,ITO,HI,AWP,WE,Combined TRACON& Tower with Radar,50,7,1,2,60,0,0,17,0,17,50,7,18,2,77,20,0,20,97
03/27/2018,ITO,HI,AWP,WE,Combined TRACON& Tower with Radar,50,9,2,0,61,0,0,148,1,149,50,9,150,1,210,50,0,50,260
03/28/2018,ITO,HI,AWP,WE,Combined TRACON& Tower with Radar,48,6,4,1,59,0,0,174,9,183,48,6,178,10,242,60,22,82,324
03/29/2018,ITO,HI,AWP,WE,Combined TRACON& Tower with Radar,57,8,5,0,70,0,1,177,3,181,57,9,182,3,251,80,22,102,353
03/30/2018,ITO,HI,AWP,WE,Combined TRACON& Tower with Radar,57,5,1,2,65,0,0,130,4,134,57,5,131,6,199,38,0,38,237
03/31/2018,ITO,HI,AWP,WE,Combined TRACON& Tower with Radar,42,6,1,0,49,0,0,136,0,136,42,6,137,0,185,46,0,46,231
04/01/2018,ITO,HI,AWP,WE,Combined TRACON& Tower with Radar,43,2,0,0,45,0,0,93,0,93,43,2,93,0,138,52,0,52,190
04/02/2018,ITO,HI,AWP,WE,Combined TRACON& Tower with Radar,47,5,2,4,58,0,0,98,0,98,47,5,100,4,156,28,10,38,194
04/03/2018,ITO,HI,AWP,WE,Combined TRACON& Tower with Radar,50,8,2,4,64,0,0,60,3,63,50,8,62,7,127,42,2,44,171
04/04/2018,ITO,HI,AWP,WE,Combined TRACON& Tower with Radar,54,7,3,1,65,0,0,82,0,82,54,7,85,1,147,24,0,24,171
04/05/2018,ITO,HI,AWP,WE,Combined TRACON& Tower with Radar,47,4,4,1,56,0,0,112,3,115,47,4,116,4,171,62,4,66,237
04/06/2018,ITO,HI,AWP,WE,Combined TRACON& Tower with Radar,49,5,1,0,55,0,1,117,3,121,49,6,118,3,176,46,0,46,222
04/07/2018,ITO,HI,AWP,WE,Combined TRACON& Tower with Radar,42,3,1,4,50,0,1,96,0,97,42,4,97,4,147,76,0,76,223
04/08/2018,ITO,HI,AWP,WE,Combined TRACON& Tower with Radar,60,3,0,5,68,0,0,79,4,83,60,3,79,9,151,40,0,40,191
04/09/2018,ITO,HI,AWP,WE,Combined TRACON& Tower with Radar,46,14,2,5,67,0,0,82,6,88,46,14,84,11,155,28,0,28,183
04/10/2018,ITO,HI,AWP,WE,Combined TRACON& Tower with Radar,44,9,8,4,65,0,1,26,2,29,44,10,34,6,94,22,0,22,116
04/11/2018,ITO,HI,AWP,WE,Combined TRACON& Tower with Radar,46,10,2,2,60,0,1,64,1,66,46,11,66,3,126,42,0,42,168
04/12/2018,ITO,HI,AWP,WE,Combined TRACON& Tower with Radar,45,10,0,0,55,0,1,170,5,176,45,11,170,5,231,76,14,90,321
04/13/2018,ITO,HI,AWP,WE,Combined TRACON& Tower with Radar,52,29,2,0,83,0,4,54,0,58,52,33,56,0,141,24,0,24,165
04/14/2018,ITO,HI,AWP,WE,Combined TRACON& Tower with Radar,42,2,3,0,47,0,1,64,0,65,42,3,67,0,112,38,0,38,150
04/15/2018,ITO,HI,AWP,WE,Combined TRACON& Tower with Radar,44,5,0,0,49,0,1,25,0,26,44,6,25,0,75,10,0,10,85
04/16/2018,ITO,HI,AWP,WE,Combined TRACON& Tower with Radar,43,9,1,5,58,0,1,127,1,129,43,10,128,6,187,50,4,54,241
04/17/2018,ITO,HI,AWP,WE,Combined TRACON& Tower with Radar,47,9,6,4,66,0,1,174,2,177,47,10,180,6,243,42,12,54,297
04/18/2018,ITO,HI,AWP,WE,Combined TRACON& Tower with Radar,48,10,1,4,63,0,1,132,1,134,48,11,133,5,197,36,0,36,233
04/19/2018,ITO,HI,AWP,WE,Combined TRACON& Tower with Radar,47,9,3,0,59,0,2,154,0,156,47,11,157,0,215,25,0,25,240
04/20/2018,ITO,HI,AWP,WE,Combined TRACON& Tower with Radar,52,7,3,8,70,0,0,120,0,120,52,7,123,8,190,32,4,36,226
04/21/2018,ITO,HI,AWP,WE,Combined TRACON& Tower with Radar,44,9,2,0,55,0,0,71,1,72,44,9,73,1,127,26,0,26,153
04/22/2018,ITO,HI,AWP,WE,Combined TRACON& Tower with Radar,42,3,0,0,45,0,0,140,0,140,42,3,140,0,185,34,0,34,219
04/23/2018,ITO,HI,AWP,WE,Combined TRACON& Tower with Radar,47,13,4,1,65,0,0,114,2,116,47,13,118,3,181,26,0,26,207
04/24/2018,ITO,HI,AWP,WE,Combined TRACON& Tower with Radar,44,6,3,1,54,0,0,128,0,128,44,6,131,1,182,51,0,51,233
04/25/2018,ITO,HI,AWP,WE,Combined TRACON& Tower with Radar,44,7,1,0,52,0,0,183,3,186,44,7,184,3,238,26,2,28,266
04/26/2018,ITO,HI,AWP,WE,Combined TRACON& Tower with Radar,47,8,7,5,67,0,0,6,0,6,47,8,13,5,73,4,0,4,77
04/27/2018,ITO,HI,AWP,WE,Combined TRACON& Tower with Radar,50,4,0,0,54,0,0,166,0,166,50,4,166,0,220,40,0,40,260
04/28/2018,ITO,HI,AWP,WE,Combined TRACON& Tower with Radar,45,5,2,1,53,0,0,64,0,64,45,5,66,1,117,14,0,14,131
04/29/2018,ITO,HI,AWP,WE,Combined TRACON& Tower with Radar,42,2,1,0,45,0,0,9,0,9,42,2,10,0,54,37,0,37,91
04/30/2018,ITO,HI,AWP,WE,Combined TRACON& Tower with Radar,47,7,8,7,69,0,0,29,0,29,47,7,37,7,98,8,0,8,106
05/01/2018,ITO,HI,AWP,WE,Combined TRACON& Tower with Radar,46,8,4,8,66,0,0,128,1,129,46,8,132,9,195,14,0,14,209
05/02/2018,ITO,HI,AWP,WE,Combined TRACON& Tower with Radar,45,6,1,9,61,0,0,82,4,86,45,6,83,13,147,38,0,38,185
05/03/2018,ITO,HI,AWP,WE,Combined TRACON& Tower with Radar,54,4,3,2,63,0,0,162,5,167,54,4,165,7,230,40,2,42,272
05/04/2018,ITO,HI,AWP,WE,Combined TRACON& Tower with Radar,48,7,2,1,58,0,0,199,12,211,48,7,201,13,269,50,16,66,335
05/05/2018,ITO,HI,AWP,WE,Combined TRACON& Tower with Radar,43,9,1,7,60,0,3,154,6,163,43,12,155,13,223,48,4,52,275
05/06/2018,ITO,HI,AWP,WE,Combined TRACON& Tower with Radar,42,1,0,9,52,0,0,141,12,153,42,1,141,21,205,22,4,26,231
05/07/2018,ITO,HI,AWP,WE,Combined TRACON& Tower with Radar,48,12,2,4,66,0,0,47,0,47,48,12,49,4,113,18,0,18,131
05/08/2018,ITO,HI,AWP,WE,Combined TRACON& Tower with Radar,46,5,12,0,63,0,1,6,0,7,46,6,18,0,70,2,0,2,72
05/09/2018,ITO,HI,AWP,WE,Combined TRACON& Tower with Radar,45,9,1,5,60,0,1,40,4,45,45,10,41,9,105,18,0,18,123
05/10/2018,ITO,HI,AWP,WE,Combined TRACON& Tower with Radar,54,14,7,2,77,0,0,6,4,10,54,14,13,6,87,8,4,12,99
05/11/2018,ITO,HI,AWP,WE,Combined TRACON& Tower with Radar,52,13,0,0,65,0,2,180,7,189,52,15,180,7,254,136,12,148,402
05/12/2018,ITO,HI,AWP,WE,Combined TRACON& Tower with Radar,45,10,1,0,56,0,1,162,5,168,45,11,163,5,224,38,6,44,268
05/13/2018,ITO,HI,AWP,WE,Combined TRACON& Tower with Radar,44,6,3,0,53,0,2,137,0,139,44,8,140,0,192,160,0,160,352
05/14/2018,ITO,HI,AWP,WE,Combined TRACON& Tower with Radar,46,13,0,12,71,0,0,154,1,155,46,13,154,13,226,70,6,76,302
05/15/2018,ITO,HI,AWP,WE,Combined TRACON& Tower with Radar,52,7,4,1,64,0,1,165,4,170,52,8,169,5,234,58,18,76,310
05/16/2018,ITO,HI,AWP,WE,Combined TRACON& Tower with Radar,49,4,0,6,59,0,0,163,3,166,49,4,163,9,225,72,6,78,303
05/17/2018,ITO,HI,AWP,WE,Combined TRACON& Tower with Radar,48,6,5,1,60,0,3,45,7,55,48,9,50,8,115,60,4,64,179
05/18/2018,ITO,HI,AWP,WE,Combined TRACON& Tower with Radar,51,6,4,1,62,0,1,156,2,159,51,7,160,3,221,154,4,158,379
05/19/2018,ITO,HI,AWP,WE,Combined TRACON& Tower with Radar,44,11,1,0,56,0,5,184,2,191,44,16,185,2,247,86,0,86,333
05/20/2018,ITO,HI,AWP,WE,Combined TRACON& Tower with Radar,42,2,6,6,56,0,2,28,4,34,42,4,34,10,90,45,0,45,135
05/21/2018,ITO,HI,AWP,WE,Combined TRACON& Tower with Radar,50,8,0,0,58,0,0,222,2,224,50,8,222,2,282,68,0,68,350
05/22/2018,ITO,HI,AWP,WE,Combined TRACON& Tower with Radar,42,15,5,7,69,0,0,210,12,222,42,15,215,19,291,68,12,80,371
05/23/2018,ITO,HI,AWP,WE,Combined TRACON& Tower with Radar,46,18,1,2,67,0,7,199,12,218,46,25,200,14,285,50,5,55,340
05/24/2018,ITO,HI,AWP,WE,Combined TRACON& Tower with Radar,52,14,1,0,67,0,3,173,6,182,52,17,174,6,249,82,18,100,349
05/25/2018,ITO,HI,AWP,WE,Combined TRACON& Tower with Radar,53,13,2,0,68,0,0,218,1,219,53,13,220,1,287,55,2,57,344
05/26/2018,ITO,HI,AWP,WE,Combined TRACON& Tower with Radar,42,7,2,0,51,0,3,137,8,148,42,10,139,8,199,38,6,44,243
05/27/2018,ITO,HI,AWP,WE,Combined TRACON& Tower with Radar,42,3,3,2,50,0,1,231,3,235,42,4,234,5,285,38,0,38,323
05/28/2018,ITO,HI,AWP,WE,Combined TRACON& Tower with Radar,46,1,1,0,48,0,0,249,0,249,46,1,250,0,297,28,0,28,325
05/29/2018,ITO,HI,AWP,WE,Combined TRACON& Tower with Radar,45,8,11,5,69,0,1,21,3,25,45,9,32,8,94,20,2,22,116
05/30/2018,ITO,HI,AWP,WE,Combined TRACON& Tower with Radar,43,6,5,1,55,0,0,175,5,180,43,6,180,6,235,24,0,24,259
05/31/2018,ITO,HI,AWP,WE,Combined TRACON& Tower with Radar,46,7,2,0,55,0,1,161,8,170,46,8,163,8,225,47,0,47,272
06/01/2018,ITO,HI,AWP,WE,Combined TRACON& Tower with Radar,48,6,1,8,63,0,4,137,3,144,48,10,138,11,207,48,4,52,259
06/02/2018,ITO,HI,AWP,WE,Combined TRACON& Tower with Radar,41,4,2,2,49,0,1,251,7,259,41,5,253,9,308,40,0,40,348
06/03/2018,ITO,HI,AWP,WE,Combined TRACON& Tower with Radar,46,3,1,5,55,0,1,234,9,244,46,4,235,14,299,35,4,39,338
06/04/2018,ITO,HI,AWP,WE,Combined TRACON& Tower with Radar,53,8,2,0,63,0,2,217,3,222,53,10,219,3,285,53,0,53,338
06/05/2018,ITO,HI,AWP,WE,Combined TRACON& Tower with Radar,46,4,3,0,53,0,0,230,2,232,46,4,233,2,285,66,2,68,353
06/06/2018,ITO,HI,AWP,WE,Combined TRACON& Tower with Radar,46,3,1,2,52,0,0,225,4,229,46,3,226,6,281,37,0,37,318
06/07/2018,ITO,HI,AWP,WE,Combined TRACON& Tower with Radar,45,4,0,2,51,0,5,238,6,249,45,9,238,8,300,30,2,32,332
06/08/2018,ITO,HI,AWP,WE,Combined TRACON& Tower with Radar,48,9,2,0,59,0,0,206,0,206,48,9,208,0,265,42,0,42,307
06/09/2018,ITO,HI,AWP,WE,Combined TRACON& Tower with Radar,42,9,1,2,54,0,0,260,6,266,42,9,261,8,320,48,22,70,390
06/10/2018,ITO,HI,AWP,WE,Combined TRACON& Tower with Radar,40,0,2,2,44,0,0,242,8,250,40,0,244,10,294,80,18,98,392
06/11/2018,ITO,HI,AWP,WE,Combined TRACON& Tower with Radar,43,10,1,1,55,0,2,247,14,263,43,12,248,15,318,58,18,76,394
06/12/2018,ITO,HI,AWP,WE,Combined TRACON& Tower with Radar,47,7,4,7,65,0,0,207,8,215,47,7,211,15,280,66,8,74,354
06/13/2018,ITO,HI,AWP,WE,Combined TRACON& Tower with Radar,46,4,3,3,56,0,2,278,17,297,46,6,281,20,353,36,22,58,411
06/14/2018,ITO,HI,AWP,WE,Combined TRACON& Tower with Radar,42,6,0,3,51,0,3,240,6,249,42,9,240,9,300,46,20,66,366
06/15/2018,ITO,HI,AWP,WE,Combined TRACON& Tower with Radar,48,6,3,1,58,0,3,251,9,263,48,9,254,10,321,64,2,66,387
06/16/2018,ITO,HI,AWP,WE,Combined TRACON& Tower with Radar,42,4,1,6,53,0,3,248,6,257,42,7,249,12,310,60,12,72,382
06/17/2018,ITO,HI,AWP,WE,Combined TRACON& Tower with Radar,44,0,2,1,47,0,3,256,4,263,44,3,258,5,310,42,0,42,352
06/18/2018,ITO,HI,AWP,WE,Combined TRACON& Tower with Radar,42,14,2,0,58,0,6,242,11,259,42,20,244,11,317,50,26,76,393
06/19/2018,ITO,HI,AWP,WE,Combined TRACON& Tower with Radar,44,9,5,2,60,0,1,293,8,302,44,10,298,10,362,66,24,90,452
06/20/2018,ITO,HI,AWP,WE,Combined TRACON& Tower with Radar,48,13,1,14,76,0,4,257,7,268,48,17,258,21,344,46,60,106,450
06/21/2018,ITO,HI,AWP,WE,Combined TRACON& Tower with Radar,46,12,0,12,70,0,3,232,5,240,46,15,232,17,310,74,78,152,462
06/22/2018,ITO,HI,AWP,WE,Combined TRACON& Tower with Radar,48,12,0,2,62,0,4,263,4,271,48,16,263,6,333,50,22,72,405
06/23/2018,ITO,HI,AWP,WE,Combined TRACON& Tower with Radar,43,15,1,17,76,0,0,271,3,274,43,15,272,20,350,48,2,50,400
06/24/2018,ITO,HI,AWP,WE,Combined TRACON& Tower with Radar,40,7,0,0,47,0,0,171,0,171,40,7,171,0,218,50,0,50,268
06/25/2018,ITO,HI,AWP,WE,Combined TRACON& Tower with Radar,45,7,1,1,54,0,2,236,1,239,45,9,237,2,293,40,0,40,333
06/26/2018,ITO,HI,AWP,WE,Combined TRACON& Tower with Radar,47,4,4,0,55,0,4,241,0,245,47,8,245,0,300,40,0,40,340
06/27/2018,ITO,HI,AWP,WE,Combined TRACON& Tower with Radar,45,4,7,5,61,0,2,207,0,209,45,6,214,5,270,38,4,42,312
06/28/2018,ITO,HI,AWP,WE,Combined TRACON& Tower with Radar,43,6,11,6,66,0,0,38,7,45,43,6,49,13,111,20,18,38,149
06/29/2018,ITO,HI,AWP,WE,Combined TRACON& Tower with Radar,47,4,3,6,60,0,1,225,0,226,47,5,228,6,286,74,0,74,360
06/30/2018,ITO,HI,AWP,WE,Combined TRACON& Tower with Radar,43,10,3,0,56,0,1,293,0,294,43,11,296,0,350,52,0,52,402
07/01/2018,ITO,HI,AWP,WE,Combined TRACON& Tower with Radar,42,11,2,14,69,0,6,261,4,271,42,17,263,18,340,63,0,63,403
07/02/2018,ITO,HI,AWP,WE,Combined TRACON& Tower with Radar,42,17,1,2,62,0,0,149,0,149,42,17,150,2,211,38,4,42,253
07/03/2018,ITO,HI,AWP,WE,Combined TRACON& Tower with Radar,44,10,9,14,77,0,1,239,4,244,44,11,248,18,321,34,0,34,355
07/04/2018,ITO,HI,AWP,WE,Combined TRACON& Tower with Radar,38,7,1,0,46,0,0,238,1,239,38,7,239,1,285,48,0,48,333
07/05/2018,ITO,HI,AWP,WE,Combined TRACON& Tower with Radar,41,8,2,2,53,0,3,260,3,266,41,11,262,5,319,64,2,66,385
07/06/2018,ITO,HI,AWP,WE,Combined TRACON& Tower with Radar,48,3,5,2,58,0,3,86,0,89,48,6,91,2,147,54,0,54,201
07/07/2018,ITO,HI,AWP,WE,Combined TRACON& Tower with Radar,40,9,2,12,63,0,1,197,8,206,40,10,199,20,269,72,10,82,351
07/08/2018,ITO,HI,AWP,WE,Combined TRACON& Tower with Radar,38,4,3,3,48,0,0,278,2,280,38,4,281,5,328,34,0,34,362
07/09/2018,ITO,HI,AWP,WE,Combined TRACON& Tower with Radar,42,10,0,1,53,0,0,237,1,238,42,10,237,2,291,56,0,56,347
07/10/2018,ITO,HI,AWP,WE,Combined TRACON& Tower with Radar,46,6,3,3,58,0,3,268,0,271,46,9,271,3,329,40,0,40,369
07/11/2018,ITO,HI,AWP,WE,Combined TRACON& Tower with Radar,43,16,2,0,61,0,2,233,4,239,43,18,235,4,300,44,0,44,344
07/12/2018,ITO,HI,AWP,WE,Combined TRACON& Tower with Radar,41,7,2,0,50,0,3,273,0,276,41,10,275,0,326,85,0,85,411
07/13/2018,ITO,HI,AWP,WE,Combined TRACON& Tower with Radar,47,15,0,2,64,0,0,249,5,254,47,15,249,7,318,52,0,52,370
07/14/2018,ITO,HI,AWP,WE,Combined TRACON& Tower with Radar,40,10,1,3,54,0,0,198,0,198,40,10,199,3,252,52,0,52,304
07/15/2018,ITO,HI,AWP,WE,Combined TRACON& Tower with Radar,40,11,11,3,65,0,2,276,0,278,40,13,287,3,343,84,0,84,427
07/16/2018,ITO,HI,AWP,WE,Combined TRACON& Tower with Radar,45,12,2,5,64,0,5,247,0,252,45,17,249,5,316,70,2,72,388
07/17/2018,ITO,HI,AWP,WE,Combined TRACON& Tower with Radar,44,9,1,3,57,0,3,231,0,234,44,12,232,3,291,44,0,44,335
07/18/2018,ITO,HI,AWP,WE,Combined TRACON& Tower with Radar,46,9,4,4,63,0,0,242,1,243,46,9,246,5,306,48,2,50,356
07/19/2018,ITO,HI,AWP,WE,Combined TRACON& Tower with Radar,42,9,1,1,53,0,5,235,7,247,42,14,236,8,300,77,2,79,379
07/20/2018,ITO,HI,AWP,WE,Combined TRACON& Tower with Radar,44,12,2,6,64,0,0,237,2,239,44,12,239,8,303,58,12,70,373
07/21/2018,ITO,HI,AWP,WE,Combined TRACON& Tower with Radar,40,9,3,2,54,0,0,177,2,179,40,9,180,4,233,46,0,46,279
07/22/2018,ITO,HI,AWP,WE,Combined TRACON& Tower with Radar,39,8,4,0,51,0,0,249,0,249,39,8,253,0,300,40,0,40,340
07/23/2018,ITO,HI,AWP,WE,Combined TRACON& Tower with Radar,42,18,0,1,61,0,0,231,5,236,42,18,231,6,297,44,4,48,345
07/24/2018,ITO,HI,AWP,WE,Combined TRACON& Tower with Radar,46,4,1,3,54,0,1,271,4,276,46,5,272,7,330,50,14,64,394
07/25/2018,ITO,HI,AWP,WE,Combined TRACON& Tower with Radar,42,9,1,7,59,0,3,148,4,155,42,12,149,11,214,32,4,36,250
07/26/2018,ITO,HI,AWP,WE,Combined TRACON& Tower with Radar,41,8,2,1,52,0,4,224,3,231,41,12,226,4,283,62,8,70,353
07/27/2018,ITO,HI,AWP,WE,Combined TRACON& Tower with Radar,45,6,0,3,54,0,1,213,0,214,45,7,213,3,268,48,10,58,326
07/28/2018,ITO,HI,AWP,WE,Combined TRACON& Tower with Radar,41,9,3,0,53,0,0,246,2,248,41,9,249,2,301,68,0,68,369
07/29/2018,ITO,HI,AWP,WE,Combined TRACON& Tower with Radar,38,3,2,0,43,0,1,233,0,234,38,4,235,0,277,50,0,50,327
07/30/2018,ITO,HI,AWP,WE,Combined TRACON& Tower with Radar,42,16,0,4,62,0,0,186,0,186,42,16,186,4,248,46,0,46,294
07/31/2018,ITO,HI,AWP,WE,Combined TRACON& Tower with Radar,43,7,2,1,53,0,0,253,0,253,43,7,255,1,306,38,0,38,344
08/01/2018,ITO,HI,AWP,WE,Combined TRACON& Tower with Radar,42,15,2,2,61,0,0,246,3,249,42,15,248,5,310,56,0,56,366
08/02/2018,ITO,HI,AWP,WE,Combined TRACON& Tower with Radar,45,7,1,0,53,0,1,175,2,178,45,8,176,2,231,48,14,62,293
08/03/2018,ITO,HI,AWP,WE,Combined TRACON& Tower with Radar,48,11,2,6,67,0,0,136,0,136,48,11,138,6,203,54,16,70,273
08/04/2018,ITO,HI,AWP,WE,Combined TRACON& Tower with Radar,44,10,1,4,59,0,0,125,2,127,44,10,126,6,186,52,2,54,240
08/05/2018,ITO,HI,AWP,WE,Combined TRACON& Tower with Radar,38,2,7,0,47,0,2,234,2,238,38,4,241,2,285,72,0,72,357
08/06/2018,ITO,HI,AWP,WE,Combined TRACON& Tower with Radar,46,7,2,2,57,0,1,236,1,238,46,8,238,3,295,62,22,84,379
08/07/2018,ITO,HI,AWP,WE,Combined TRACON& Tower with Radar,55,3,1,1,60,0,3,245,3,251,55,6,246,4,311,42,4,46,357
08/08/2018,ITO,HI,AWP,WE,Combined TRACON& Tower with Radar,40,13,11,2,66,0,2,2,0,4,40,15,13,2,70,0,10,10,80
08/09/2018,ITO,HI,AWP,WE,Combined TRACON& Tower with Radar,51,16,6,10,83,0,2,117,0,119,51,18,123,10,202,26,0,26,228
08/10/2018,ITO,HI,AWP,WE,Combined TRACON& Tower with Radar,46,10,2,16,74,0,2,236,1,239,46,12,238,17,313,54,6,60,373
08/11/2018,ITO,HI,AWP,WE,Combined TRACON& Tower with Radar,40,11,5,2,58,0,0,205,2,207,40,11,210,4,265,48,8,56,321
08/12/2018,ITO,HI,AWP,WE,Combined TRACON& Tower with Radar,38,3,1,0,42,0,1,228,1,230,38,4,229,1,272,46,0,46,318
08/13/2018,ITO,HI,AWP,WE,Combined TRACON& Tower with Radar,45,10,2,4,61,0,1,204,2,207,45,11,206,6,268,42,0,42,310
08/14/2018,ITO,HI,AWP,WE,Combined TRACON& Tower with Radar,47,9,3,2,61,0,0,237,0,237,47,9,240,2,298,30,0,30,328
08/15/2018,ITO,HI,AWP,WE,Combined TRACON& Tower with Radar,40,9,3,2,54,0,0,38,6,44,40,9,41,8,98,24,0,24,122
08/16/2018,ITO,HI,AWP,WE,Combined TRACON& Tower with Radar,42,18,1,1,62,0,3,141,10,154,42,21,142,11,216,87,6,93,309
08/17/2018,ITO,HI,AWP,WE,Combined TRACON& Tower with Radar,47,4,3,0,54,0,0,217,0,217,47,4,220,0,271,44,0,44,315
08/18/2018,ITO,HI,AWP,WE,Combined TRACON& Tower with Radar,45,8,2,1,56,0,0,12,0,12,45,8,14,1,68,6,0,6,74
08/19/2018,ITO,HI,AWP,WE,Combined TRACON& Tower with Radar,38,4,1,0,43,0,1,52,0,53,38,5,53,0,96,40,0,40,136
08/20/2018,ITO,HI,AWP,WE,Combined TRACON& Tower with Radar,44,11,6,0,61,0,0,147,0,147,44,11,153,0,208,41,1,42,250
08/21/2018,ITO,HI,AWP,WE,Combined TRACON& Tower with Radar,43,8,4,0,55,0,0,186,0,186,43,8,190,0,241,44,0,44,285
08/22/2018,ITO,HI,AWP,WE,Combined TRACON& Tower with Radar,45,5,7,1,58,0,0,3,0,3,45,5,10,1,61,0,0,0,61
08/23/2018,ITO,HI,AWP,WE,Combined TRACON& Tower with Radar,53,5,4,4,66,0,0,3,0,3,53,5,7,4,69,0,0,0,69
08/24/2018,ITO,HI,AWP,WE,Combined TRACON& Tower with Radar,31,0,2,1,34,0,0,2,0,2,31,0,4,1,36,0,0,0,36
08/25/2018,ITO,HI,AWP,WE,Combined TRACON& Tower with Radar,51,18,6,10,85,0,0,3,0,3,51,18,9,10,88,0,0,0,88
08/26/2018,ITO,HI,AWP,WE,Combined TRACON& Tower with Radar,40,4,5,7,56,0,0,39,0,39,40,4,44,7,95,8,0,8,103
08/27/2018,ITO,HI,AWP,WE,Combined TRACON& Tower with Radar,44,11,7,1,63,0,0,102,1,103,44,11,109,2,166,36,0,36,202
08/28/2018,ITO,HI,AWP,WE,Combined TRACON& Tower with Radar,50,8,10,0,68,0,0,89,4,93,50,8,99,4,161,68,0,68,229
08/29/2018,ITO,HI,AWP,WE,Combined TRACON& Tower with Radar,45,13,2,3,63,0,1,125,9,135,45,14,127,12,198,20,6,26,224
08/30/2018,ITO,HI,AWP,WE,Combined TRACON& Tower with Radar,45,10,1,6,62,0,1,134,6,141,45,11,135,12,203,52,0,52,255
08/31/2018,ITO,HI,AWP,WE,Combined TRACON& Tower with Radar,48,3,0,0,51,0,2,160,0,162,48,5,160,0,213,56,0,56,269
09/01/2018,ITO,HI,AWP,WE,Combined TRACON& Tower with Radar,39,5,0,0,44,0,2,126,0,128,39,7,126,0,172,48,0,48,220
09/02/2018,ITO,HI,AWP,WE,Combined TRACON& Tower with Radar,36,3,12,3,54,0,0,104,0,104,36,3,116,3,158,32,0,32,190
09/03/2018,ITO,HI,AWP,WE,Combined TRACON& Tower with Radar,39,13,0,0,52,0,0,37,0,37,39,13,37,0,89,16,0,16,105
09/04/2018,ITO,HI,AWP,WE,Combined TRACON& Tower with Radar,40,12,8,0,60,0,2,74,2,78,40,14,82,2,138,36,16,52,190
09/05/2018,ITO,HI,AWP,WE,Combined TRACON& Tower with Radar,43,12,1,1,57,0,0,137,1,138,43,12,138,2,195,44,0,44,239
09/06/2018,ITO,HI,AWP,WE,Combined TRACON& Tower with Radar,49,8,2,0,59,0,4,41,4,49,49,12,43,4,108,8,15,23,131
09/07/2018,ITO,HI,AWP,WE,Combined TRACON& Tower with Radar,45,13,5,0,63,0,0,124,0,124,45,13,129,0,187,62,0,62,249
09/08/2018,ITO,HI,AWP,WE,Combined TRACON& Tower with Radar,38,7,1,4,50,0,1,84,7,92,38,8,85,11,142,64,27,91,233
09/09/2018,ITO,HI,AWP,WE,Combined TRACON& Tower with Radar,34,8,0,2,44,0,1,117,1,119,34,9,117,3,163,24,0,24,187
09/10/2018,ITO,HI,AWP,WE,Combined TRACON& Tower with Radar,48,8,1,0,57,0,0,154,0,154,48,8,155,0,211,44,0,44,255
09/11/2018,ITO,HI,AWP,WE,Combined TRACON& Tower with Radar,43,5,3,0,51,0,0,50,0,50,43,5,53,0,101,18,0,18,119
09/12/2018,ITO,HI,AWP,WE,Combined TRACON& Tower with Radar,42,5,1,0,48,0,0,9,0,9,42,5,10,0,57,0,0,0,57
09/13/2018,ITO,HI,AWP,WE,Combined TRACON& Tower with Radar,46,12,2,0,60,0,0,131,0,131,46,12,133,0,191,48,0,48,239
09/14/2018,ITO,HI,AWP,WE,Combined TRACON& Tower with Radar,51,3,0,0,54,0,3,123,0,126,51,6,123,0,180,48,0,48,228
09/15/2018,ITO,HI,AWP,WE,Combined TRACON& Tower with Radar,37,11,5,1,54,0,0,59,0,59,37,11,64,1,113,40,0,40,153
09/16/2018,ITO,HI,AWP,WE,Combined TRACON& Tower with Radar,35,4,3,2,44,0,0,118,0,118,35,4,121,2,162,78,0,78,240
09/17/2018,ITO,HI,AWP,WE,Combined TRACON& Tower with Radar,44,17,4,1,66,0,0,92,0,92,44,17,96,1,158,28,0,28,186
09/18/2018,ITO,HI,AWP,WE,Combined TRACON& Tower with Radar,46,5,1,2,54,0,0,170,1,171,46,5,171,3,225,44,4,48,273
09/19/2018,ITO,HI,AWP,WE,Combined TRACON& Tower with Radar,45,5,2,3,55,0,1,121,3,125,45,6,123,6,180,62,0,62,242
09/20/2018,ITO,HI,AWP,WE,Combined TRACON& Tower with Radar,42,3,0,2,47,0,4,144,4,152,42,7,144,6,199,42,0,42,241
09/21/2018,ITO,HI,AWP,WE,Combined TRACON& Tower with Radar,35,3,1,2,41,0,3,121,1,125,35,6,122,3,166,24,2,26,192
09/22/2018,ITO,HI,AWP,WE,Combined TRACON& Tower with Radar,35,8,2,7,52,0,3,106,5,114,35,11,108,12,166,32,0,32,198
09/23/2018,ITO,HI,AWP,WE,Combined TRACON& Tower with Radar,35,1,0,0,36,0,0,70,0,70,35,1,70,0,106,31,0,31,137
09/24/2018,ITO,HI,AWP,WE,Combined TRACON& Tower with Radar,45,7,1,0,53,0,1,50,0,51,45,8,51,0,104,16,0,16,120
09/25/2018,ITO,HI,AWP,WE,Combined TRACON& Tower with Radar,48,5,1,3,57,0,0,87,0,87,48,5,88,3,144,38,0,38,182
09/26/2018,ITO,HI,AWP,WE,Combined TRACON& Tower with Radar,42,14,2,3,61,0,0,104,1,105,42,14,106,4,166,34,0,34,200
09/27/2018,ITO,HI,AWP,WE,Combined TRACON& Tower with Radar,45,4,1,0,50,0,2,153,2,157,45,6,154,2,207,34,2,36,243
09/28/2018,ITO,HI,AWP,WE,Combined TRACON& Tower with Radar,49,8,2,2,61,0,1,113,0,114,49,9,115,2,175,48,0,48,223
09/29/2018,ITO,HI,AWP,WE,Combined TRACON& Tower with Radar,38,6,2,0,46,0,3,102,0,105,38,9,104,0,151,26,0,26,177
09/30/2018,ITO,HI,AWP,WE,Combined TRACON& Tower with Radar,34,2,0,0,36,0,0,80,0,80,34,2,80,0,116,22,0,22,138
10/01/2018,ITO,HI,AWP,WE,Combined TRACON& Tower with Radar,42,8,0,15,65,0,1,117,0,118,42,9,117,15,183,34,8,42,225
10/02/2018,ITO,HI,AWP,WE,Combined TRACON& Tower with Radar,44,12,2,0,58,0,0,157,2,159,44,12,159,2,217,46,0,46,263
10/03/2018,ITO,HI,AWP,WE,Combined TRACON& Tower with Radar,41,10,4,0,55,0,1,113,2,116,41,11,117,2,171,32,4,36,207
10/04/2018,ITO,HI,AWP,WE,Combined TRACON& Tower with Radar,45,6,1,0,52,0,0,57,0,57,45,6,58,0,109,26,0,26,135
10/05/2018,ITO,HI,AWP,WE,Combined TRACON& Tower with Radar,48,5,0,0,53,0,0,49,0,49,48,5,49,0,102,18,0,18,120
10/06/2018,ITO,HI,AWP,WE,Combined TRACON& Tower with Radar,44,8,1,4,57,0,0,53,1,54,44,8,54,5,111,26,6,32,143
10/07/2018,ITO,HI,AWP,WE,Combined TRACON& Tower with Radar,38,3,0,0,41,0,0,4,0,4,38,3,4,0,45,2,0,2,47
10/08/2018,ITO,HI,AWP,WE,Combined TRACON& Tower with Radar,45,3,1,0,49,0,0,76,0,76,45,3,77,0,125,26,0,26,151
10/09/2018,ITO,HI,AWP,WE,Combined TRACON& Tower with Radar,45,7,2,0,54,0,0,149,0,149,45,7,151,0,203,28,0,28,231
10/10/2018,ITO,HI,AWP,WE,Combined TRACON& Tower with Radar,44,3,3,8,58,0,1,113,2,116,44,4,116,10,174,34,0,34,208
10/11/2018,ITO,HI,AWP,WE,Combined TRACON& Tower with Radar,44,5,2,4,55,0,2,113,4,119,44,7,115,8,174,42,10,52,226
10/12/2018,ITO,HI,AWP,WE,Combined TRACON& Tower with Radar,49,8,1,2,60,0,0,79,1,80,49,8,80,3,140,28,0,28,168
10/13/2018,ITO,HI,AWP,WE,Combined TRACON& Tower with Radar,36,12,2,4,54,0,0,38,1,39,36,12,40,5,93,18,0,18,111
10/14/2018,ITO,HI,AWP,WE,Combined TRACON& Tower with Radar,38,8,10,4,60,0,0,57,0,57,38,8,67,4,117,22,0,22,139
10/15/2018,ITO,HI,AWP,WE,Combined TRACON& Tower with Radar,43,8,1,0,52,0,1,63,0,64,43,9,64,0,116,14,0,14,130
10/16/2018,ITO,HI,AWP,WE,Combined TRACON& Tower with Radar,43,14,11,0,68,0,0,30,0,30,43,14,41,0,98,8,0,8,106
10/17/2018,ITO,HI,AWP,WE,Combined TRACON& Tower with Radar,43,8,3,3,57,0,0,20,0,20,43,8,23,3,77,8,0,8,85
10/18/2018,ITO,HI,AWP,WE,Combined TRACON& Tower with Radar,46,15,3,0,64,0,0,24,0,24,46,15,27,0,88,14,0,14,102
10/19/2018,ITO,HI,AWP,WE,Combined TRACON& Tower with Radar,51,7,3,0,61,0,0,80,0,80,51,7,83,0,141,32,0,32,173
10/20/2018,ITO,HI,AWP,WE,Combined TRACON& Tower with Radar,45,19,1,1,66,0,0,12,0,12,45,19,13,1,78,12,0,12,90
10/21/2018,ITO,HI,AWP,WE,Combined TRACON& Tower with Radar,35,1,1,0,37,0,0,104,0,104,35,1,105,0,141,30,0,30,171
10/22/2018,ITO,HI,AWP,WE,Combined TRACON& Tower with Radar,43,6,2,4,55,0,0,78,0,78,43,6,80,4,133,32,8,40,173
10/23/2018,ITO,HI,AWP,WE,Combined TRACON& Tower with Radar,45,3,12,2,62,0,0,133,1,134,45,3,145,3,196,34,0,34,230
10/24/2018,ITO,HI,AWP,WE,Combined TRACON& Tower with Radar,37,2,4,0,43,0,0,85,4,89,37,2,89,4,132,30,0,30,162
10/25/2018,ITO,HI,AWP,WE,Combined TRACON& Tower with Radar,45,11,1,0,57,0,0,106,2,108,45,11,107,2,165,40,0,40,205
10/26/2018,ITO,HI,AWP,WE,Combined TRACON& Tower with Radar,49,9,2,0,60,0,1,69,0,70,49,10,71,0,130,54,0,54,184
10/27/2018,ITO,HI,AWP,WE,Combined TRACON& Tower with Radar,41,4,0,5,50,0,2,65,2,69,41,6,65,7,119,57,0,57,176
10/28/2018,ITO,HI,AWP,WE,Combined TRACON& Tower with Radar,36,0,3,9,48,0,1,80,0,81,36,1,83,9,129,32,0,32,161
10/29/2018,ITO,HI,AWP,WE,Combined TRACON& Tower with Radar,43,7,0,2,52,0,0,7,0,7,43,7,7,2,59,28,0,28,87
10/30/2018,ITO,HI,AWP,WE,Combined TRACON& Tower with Radar,41,12,4,0,57,0,0,122,4,126,41,12,126,4,183,38,12,50,233
10/31/2018,ITO,HI,AWP,WE,Combined TRACON& Tower with Radar,35,9,0,1,45,0,0,70,4,74,35,9,70,5,119,26,2,28,147
11/01/2018,ITO,HI,AWP,WE,Combined TRACON& Tower with Radar,46,9,4,9,68,0,0,63,10,73,46,9,67,19,141,42,47,89,230
11/02/2018,ITO,HI,AWP,WE,Combined TRACON& Tower with Radar,47,6,2,15,70,0,1,90,1,92,47,7,92,16,162,40,2,42,204
11/03/2018,ITO,HI,AWP,WE,Combined TRACON& Tower with Radar,37,8,0,6,51,0,0,48,1,49,37,8,48,7,100,18,0,18,118
11/04/2018,ITO,HI,AWP,WE,Combined TRACON& Tower with Radar,36,1,1,7,45,0,0,42,2,44,36,1,43,9,89,20,0,20,109
11/05/2018,ITO,HI,AWP,WE,Combined TRACON& Tower with Radar,41,13,2,1,57,0,1,73,0,74,41,14,75,1,131,16,0,16,147
11/06/2018,ITO,HI,AWP,WE,Combined TRACON& Tower with Radar,45,12,9,0,66,0,0,120,2,122,45,12,129,2,188,70,0,70,258
11/07/2018,ITO,HI,AWP,WE,Combined TRACON& Tower with Radar,38,7,2,3,50,0,1,73,2,76,38,8,75,5,126,44,0,44,170
11/08/2018,ITO,HI,AWP,WE,Combined TRACON& Tower with Radar,47,8,1,2,58,0,1,53,2,56,47,9,54,4,114,34,0,34,148
11/09/2018,ITO,HI,AWP,WE,Combined TRACON& Tower with Radar,52,8,5,0,65,0,1,94,0,95,52,9,99,0,160,30,0,30,190
11/10/2018,ITO,HI,AWP,WE,Combined TRACON& Tower with Radar,42,11,2,0,55,0,0,30,0,30,42,11,32,0,85,28,0,28,113
11/11/2018,ITO,HI,AWP,WE,Combined TRACON& Tower with Radar,36,4,1,0,41,0,4,60,0,64,36,8,61,0,105,20,0,20,125
11/12/2018,ITO,HI,AWP,WE,Combined TRACON& Tower with Radar,48,2,1,0,51,0,0,57,0,57,48,2,58,0,108,14,0,14,122
11/13/2018,ITO,HI,AWP,WE,Combined TRACON& Tower with Radar,42,7,3,0,52,0,0,116,0,116,42,7,119,0,168,50,0,50,218
11/14/2018,ITO,HI,AWP,WE,Combined TRACON& Tower with Radar,39,10,3,0,52,0,0,75,0,75,39,10,78,0,127,18,0,18,145
11/15/2018,ITO,HI,AWP,WE,Combined TRACON& Tower with Radar,42,10,2,0,54,0,1,60,12,73,42,11,62,12,127,18,4,22,149
11/16/2018,ITO,HI,AWP,WE,Combined TRACON& Tower with Radar,43,7,3,2,55,0,0,56,8,64,43,7,59,10,119,24,2,26,145
11/17/2018,ITO,HI,AWP,WE,Combined TRACON& Tower with Radar,42,10,0,0,52,0,0,33,0,33,42,10,33,0,85,26,0,26,111
11/18/2018,ITO,HI,AWP,WE,Combined TRACON& Tower with Radar,43,4,5,0,52,0,0,63,0,63,43,4,68,0,115,29,0,29,144
11/19/2018,ITO,HI,AWP,WE,Combined TRACON& Tower with Radar,42,7,1,3,53,0,0,113,0,113,42,7,114,3,166,30,0,30,196
11/20/2018,ITO,HI,AWP,WE,Combined TRACON& Tower with Radar,42,10,1,7,60,0,1,157,2,160,42,11,158,9,220,30,0,30,250
11/21/2018,ITO,HI,AWP,WE,Combined TRACON& Tower with Radar,50,5,0,4,59,0,0,99,3,102,50,5,99,7,161,20,0,20,181
11/22/2018,ITO,HI,AWP,WE,Combined TRACON& Tower with Radar,41,6,4,0,51,0,0,51,0,51,41,6,55,0,102,22,0,22,124
11/23/2018,ITO,HI,AWP,WE,Combined TRACON& Tower with Radar,48,7,8,2,65,0,2,51,0,53,48,9,59,2,118,20,0,20,138
11/24/2018,ITO,HI,AWP,WE,Combined TRACON& Tower with Radar,43,7,1,0,51,0,2,87,0,89,43,9,88,0,140,36,0,36,176
11/25/2018,ITO,HI,AWP,WE,Combined TRACON& Tower with Radar,43,3,3,0,49,0,2,83,1,86,43,5,86,1,135,30,0,30,165
11/26/2018,ITO,HI,AWP,WE,Combined TRACON& Tower with Radar,44,15,4,0,63,0,0,31,0,31,44,15,35,0,94,18,0,18,112
11/27/2018,ITO,HI,AWP,WE,Combined TRACON& Tower with Radar,48,9,9,2,68,0,0,118,8,126,48,9,127,10,194,24,0,24,218
11/28/2018,ITO,HI,AWP,WE,Combined TRACON& Tower with Radar,42,7,3,2,54,0,0,62,6,68,42,7,65,8,122,22,6,28,150
11/29/2018,ITO,HI,AWP,WE,Combined TRACON& Tower with Radar,44,9,3,3,59,0,0,63,7,70,44,9,66,10,129,14,24,38,167
11/30/2018,ITO,HI,AWP,WE,Combined TRACON& Tower with Radar,53,14,1,6,74,0,0,21,0,21,53,14,22,6,95,17,2,19,114
12/01/2018,ITO,HI,AWP,WE,Combined TRACON& Tower with Radar,45,7,3,5,60,0,3,54,2,59,45,10,57,7,119,22,0,22,141
12/02/2018,ITO,HI,AWP,WE,Combined TRACON& Tower with Radar,42,3,10,2,57,0,0,30,0,30,42,3,40,2,87,10,0,10,97
12/03/2018,ITO,HI,AWP,WE,Combined TRACON& Tower with Radar,52,13,1,1,67,0,3,58,2,63,52,16,59,3,130,30,18,48,178
12/04/2018,ITO,HI,AWP,WE,Combined TRACON& Tower with Radar,43,3,1,4,51,0,0,94,3,97,43,3,95,7,148,36,14,50,198
12/05/2018,ITO,HI,AWP,WE,Combined TRACON& Tower with Radar,42,6,2,0,50,0,4,71,0,75,42,10,73,0,125,74,0,74,199
12/06/2018,ITO,HI,AWP,WE,Combined TRACON& Tower with Radar,47,7,0,4,58,0,6,64,0,70,47,13,64,4,128,52,2,54,182
12/07/2018,ITO,HI,AWP,WE,Combined TRACON& Tower with Radar,55,9,1,2,67,0,0,28,2,30,55,9,29,4,97,74,0,74,171
12/08/2018,ITO,HI,AWP,WE,Combined TRACON& Tower with Radar,41,11,2,0,54,0,2,65,2,69,41,13,67,2,123,22,0,22,145
12/09/2018,ITO,HI,AWP,WE,Combined TRACON& Tower with Radar,38,7,1,0,46,0,2,74,0,76,38,9,75,0,122,48,0,48,170
12/10/2018,ITO,HI,AWP,WE,Combined TRACON& Tower with Radar,45,2,1,12,60,0,1,56,2,59,45,3,57,14,119,36,26,62,181
12/11/2018,ITO,HI,AWP,WE,Combined TRACON& Tower with Radar,48,5,5,5,63,0,0,89,1,90,48,5,94,6,153,32,0,32,185
12/12/2018,ITO,HI,AWP,WE,Combined TRACON& Tower with Radar,46,6,0,1,53,0,0,81,1,82,46,6,81,2,135,48,0,48,183
12/13/2018,ITO,HI,AWP,WE,Combined TRACON& Tower with Radar,49,7,3,0,59,0,0,31,0,31,49,7,34,0,90,28,0,28,118
12/14/2018,ITO,HI,AWP,WE,Combined TRACON& Tower with Radar,55,2,0,1,58,0,0,55,3,58,55,2,55,4,116,22,0,22,138
12/15/2018,ITO,HI,AWP,WE,Combined TRACON& Tower with Radar,44,5,1,0,50,0,0,53,1,54,44,5,54,1,104,14,0,14,118
12/16/2018,ITO,HI,AWP,WE,Combined TRACON& Tower with Radar,38,3,2,1,44,0,0,51,1,52,38,3,53,2,96,14,0,14,110
12/17/2018,ITO,HI,AWP,WE,Combined TRACON& Tower with Radar,50,4,1,0,55,0,0,74,0,74,50,4,75,0,129,44,0,44,173
12/18/2018,ITO,HI,AWP,WE,Combined TRACON& Tower with Radar,43,6,2,1,52,0,0,110,0,110,43,6,112,1,162,40,0,40,202
12/19/2018,ITO,HI,AWP,WE,Combined TRACON& Tower with Radar,49,6,3,6,64,0,0,1,0,1,49,6,4,6,65,0,0,0,65
12/20/2018,ITO,HI,AWP,WE,Combined TRACON& Tower with Radar,55,7,3,2,67,0,2,81,7,90,55,9,84,9,157,20,0,20,177
12/21/2018,ITO,HI,AWP,WE,Combined TRACON& Tower with Radar,55,6,2,6,69,0,0,73,0,73,55,6,75,6,142,22,8,30,172
12/22/2018,ITO,HI,AWP,WE,Combined TRACON& Tower with Radar,50,1,0,0,51,0,0,107,0,107,50,1,107,0,158,36,0,36,194
12/23/2018,ITO,HI,AWP,WE,Combined TRACON& Tower with Radar,41,6,5,0,52,0,1,109,0,110,41,7,114,0,162,36,0,36,198
12/24/2018,ITO,HI,AWP,WE,Combined TRACON& Tower with Radar,46,13,2,0,61,0,0,63,0,63,46,13,65,0,124,18,0,18,142
12/25/2018,ITO,HI,AWP,WE,Combined TRACON& Tower with Radar,39,4,0,0,43,0,0,76,0,76,39,4,76,0,119,12,0,12,131
12/26/2018,ITO,HI,AWP,WE,Combined TRACON& Tower with Radar,45,7,1,6,59,0,0,113,2,115,45,7,114,8,174,36,12,48,222
12/27/2018,ITO,HI,AWP,WE,Combined TRACON& Tower with Radar,44,11,1,5,61,0,0,170,2,172,44,11,171,7,233,54,8,62,295
12/28/2018,ITO,HI,AWP,WE,Combined TRACON& Tower with Radar,55,8,0,2,65,0,4,198,0,202,55,12,198,2,267,38,0,38,305
12/29/2018,ITO,HI,AWP,WE,Combined TRACON& Tower with Radar,45,6,3,2,56,0,2,126,0,128,45,8,129,2,184,87,0,87,271
12/30/2018,ITO,HI,AWP,WE,Combined TRACON& Tower with Radar,39,2,0,2,43,0,0,151,0,151,39,2,151,2,194,42,0,42,236
12/31/2018,ITO,HI,AWP,WE,Combined TRACON& Tower with Radar,46,6,1,1,54,0,1,94,0,95,46,7,95,1,149,50,0,50,199
01/01/2019,ITO,HI,AWP,WE,Combined TRACON& Tower with Radar,37,7,2,0,46,0,0,201,0,201,37,7,203,0,247,34,0,34,281
01/02/2019,ITO,HI,AWP,WE,Combined TRACON& Tower with Radar,41,2,0,0,43,0,3,130,0,133,41,5,130,0,176,28,2,30,206
01/03/2019,ITO,HI,AWP,WE,Combined TRACON& Tower with Radar,48,9,0,0,57,0,1,136,4,141,48,10,136,4,198,44,8,52,250
01/04/2019,ITO,HI,AWP,WE,Combined TRACON& Tower with Radar,47,7,2,2,58,0,0,101,7,108,47,7,103,9,166,76,44,120,286
01/05/2019,ITO,HI,AWP,WE,Combined TRACON& Tower with Radar,46,8,1,1,56,0,4,69,4,77,46,12,70,5,133,16,2,18,151
01/06/2019,ITO,HI,AWP,WE,Combined TRACON& Tower with Radar,38,3,2,4,47,0,0,64,0,64,38,3,66,4,111,34,12,46,157
01/07/2019,ITO,HI,AWP,WE,Combined TRACON& Tower with Radar,38,7,4,5,54,0,6,81,1,88,38,13,85,6,142,30,0,30,172
01/08/2019,ITO,HI,AWP,WE,Combined TRACON& Tower with Radar,39,4,0,9,52,0,1,130,0,131,39,5,130,9,183,38,0,38,221
01/09/2019,ITO,HI,AWP,WE,Combined TRACON& Tower with Radar,38,7,0,0,45,0,0,74,0,74,38,7,74,0,119,22,0,22,141
01/10/2019,ITO,HI,AWP,WE,Combined TRACON& Tower with Radar,55,13,3,10,81,0,1,54,5,60,55,14,57,15,141,16,14,30,171
01/11/2019,ITO,HI,AWP,WE,Combined TRACON& Tower with Radar,43,3,2,1,49,0,1,83,0,84,43,4,85,1,133,52,0,52,185
01/12/2019,ITO,HI,AWP,WE,Combined TRACON& Tower with Radar,31,11,5,2,49,0,3,90,2,95,31,14,95,4,144,42,0,42,186
01/13/2019,ITO,HI,AWP,WE,Combined TRACON& Tower with Radar,37,1,3,3,44,0,3,47,2,52,37,4,50,5,96,53,4,57,153
01/14/2019,ITO,HI,AWP,WE,Combined TRACON& Tower with Radar,42,10,1,4,57,0,1,62,4,67,42,11,63,8,124,32,0,32,156
01/15/2019,ITO,HI,AWP,WE,Combined TRACON& Tower with Radar,37,11,7,0,55,0,1,109,2,112,37,12,116,2,167,64,2,66,233
01/16/2019,ITO,HI,AWP,WE,Combined TRACON& Tower with Radar,38,10,4,12,64,0,0,78,1,79,38,10,82,13,143,26,14,40,183
01/17/2019,ITO,HI,AWP,WE,Combined TRACON& Tower with Radar,40,15,1,6,62,0,7,73,5,85,40,22,74,11,147,68,40,108,255
01/18/2019,ITO,HI,AWP,WE,Combined TRACON& Tower with Radar,51,9,5,1,66,0,1,52,3,56,51,10,57,4,122,22,0,22,144
01/19/2019,ITO,HI,AWP,WE,Combined TRACON& Tower with Radar,31,8,4,2,45,0,1,63,1,65,31,9,67,3,110,38,0,38,148
01/20/2019,ITO,HI,AWP,WE,Combined TRACON& Tower with Radar,34,5,2,0,41,0,0,90,0,90,34,5,92,0,131,30,0,30,161
01/21/2019,ITO,HI,AWP,WE,Combined TRACON& Tower with Radar,36,9,4,0,49,0,2,75,0,77,36,11,79,0,126,18,0,18,144
01/22/2019,ITO,HI,AWP,WE,Combined TRACON& Tower with Radar,42,12,2,0,56,0,0,121,0,121,42,12,123,0,177,38,26,64,241
01/23/2019,ITO,HI,AWP,WE,Combined TRACON& Tower with Radar,39,6,1,10,56,0,1,112,5,118,39,7,113,15,174,60,44,104,278
01/24/2019,ITO,HI,AWP,WE,Combined TRACON& Tower with Radar,44,9,5,0,58,0,2,89,5,96,44,11,94,5,154,62,0,62,216
01/25/2019,ITO,HI,AWP,WE,Combined TRACON& Tower with Radar,46,10,1,0,57,0,2,77,1,80,46,12,78,1,137,50,6,56,193
01/26/2019,ITO,HI,AWP,WE,Combined TRACON& Tower with Radar,29,8,3,0,40,0,4,57,0,61,29,12,60,0,101,18,0,18,119
01/27/2019,ITO,HI,AWP,WE,Combined TRACON& Tower with Radar,34,4,1,0,39,0,0,48,2,50,34,4,49,2,89,44,0,44,133
01/28/2019,ITO,HI,AWP,WE,Combined TRACON& Tower with Radar,40,9,3,1,53,0,2,75,2,79,40,11,78,3,132,64,0,64,196
01/29/2019,ITO,HI,AWP,WE,Combined TRACON& Tower with Radar,40,7,1,3,51,0,2,133,1,136,40,9,134,4,187,58,0,58,245
01/30/2019,ITO,HI,AWP,WE,Combined TRACON& Tower with Radar,40,12,4,5,61,0,0,84,2,86,40,12,88,7,147,74,2,76,223
01/31/2019,ITO,HI,AWP,WE,Combined TRACON& Tower with Radar,36,12,4,8,60,0,0,72,6,78,36,12,76,14,138,100,32,132,270
02/01/2019,ITO,HI,AWP,WE,Combined TRACON& Tower with Radar,44,18,0,0,62,0,0,94,0,94,44,18,94,0,156,32,0,32,188
02/02/2019,ITO,HI,AWP,WE,Combined TRACON& Tower with Radar,30,9,2,0,41,0,1,78,0,79,30,10,80,0,120,20,0,20,140
02/03/2019,ITO,HI,AWP,WE,Combined TRACON& Tower with Radar,36,10,1,0,47,0,0,54,0,54,36,10,55,0,101,28,0,28,129
02/04/2019,ITO,HI,AWP,WE,Combined TRACON& Tower with Radar,39,7,4,0,50,0,2,73,2,77,39,9,77,2,127,66,0,66,193
02/05/2019,ITO,HI,AWP,WE,Combined TRACON& Tower with Radar,41,3,8,1,53,0,3,143,1,147,41,6,151,2,200,32,0,32,232
02/06/2019,ITO,HI,AWP,WE,Combined TRACON& Tower with Radar,38,6,3,12,59,0,0,114,3,117,38,6,117,15,176,36,12,48,224
02/07/2019,ITO,HI,AWP,WE,Combined TRACON& Tower with Radar,36,7,2,7,52,0,2,89,6,97,36,9,91,13,149,36,10,46,195
02/08/2019,ITO,HI,AWP,WE,Combined TRACON& Tower with Radar,47,11,0,3,61,0,3,90,3,96,47,14,90,6,157,56,12,68,225
02/09/2019,ITO,HI,AWP,WE,Combined TRACON& Tower with Radar,32,9,2,7,50,0,2,67,10,79,32,11,69,17,129,30,28,58,187
02/10/2019,ITO,HI,AWP,WE,Combined TRACON& Tower with Radar,33,4,5,13,55,0,1,69,8,78,33,5,74,21,133,22,0,22,155
02/11/2019,ITO,HI,AWP,WE,Combined TRACON& Tower with Radar,39,4,1,3,47,0,2,67,1,70,39,6,68,4,117,26,6,32,149
02/12/2019,ITO,HI,AWP,WE,Combined TRACON& Tower with Radar,37,7,6,5,55,0,1,143,2,146,37,8,149,7,201,36,0,36,237
02/13/2019,ITO,HI,AWP,WE,Combined TRACON& Tower with Radar,42,4,4,2,52,0,0,94,0,94,42,4,98,2,146,28,0,28,174
02/14/2019,ITO,HI,AWP,WE,Combined TRACON& Tower with Radar,46,5,3,0,54,0,1,11,0,12,46,6,14,0,66,8,0,8,74
02/15/2019,ITO,HI,AWP,WE,Combined TRACON& Tower with Radar,48,9,1,0,58,0,0,86,4,90,48,9,87,4,148,62,2,64,212
02/16/2019,ITO,HI,AWP,WE,Combined TRACON& Tower with Radar,31,3,4,0,38,0,4,109,2,115,31,7,113,2,153,48,0,48,201
02/17/2019,ITO,HI,AWP,WE,Combined TRACON& Tower with Radar,27,4,2,0,33,0,0,79,0,79,27,4,81,0,112,34,0,34,146
02/18/2019,ITO,HI,AWP,WE,Combined TRACON& Tower with Radar,40,7,2,4,53,0,6,85,1,92,40,13,87,5,145,68,0,68,213
02/19/2019,ITO,HI,AWP,WE,Combined TRACON& Tower with Radar,38,2,4,3,47,0,0,0,0,0,38,2,4,3,47,0,0,0,47
02/20/2019,ITO,HI,AWP,WE,Combined TRACON& Tower with Radar,38,8,2,7,55,0,2,82,5,89,38,10,84,12,144,30,0,30,174
02/21/2019,ITO,HI,AWP,WE,Combined TRACON& Tower with Radar,42,6,6,0,54,0,2,85,8,95,42,8,91,8,149,38,34,72,221
02/22/2019,ITO,HI,AWP,WE,Combined TRACON& Tower with Radar,48,6,1,8,63,0,1,53,5,59,48,7,54,13,122,18,0,18,140
02/23/2019,ITO,HI,AWP,WE,Combined TRACON& Tower with Radar,31,6,1,0,38,0,1,33,1,35,31,7,34,1,73,14,0,14,87
02/24/2019,ITO,HI,AWP,WE,Combined TRACON& Tower with Radar,33,6,1,0,40,0,0,39,0,39,33,6,40,0,79,10,0,10,89
02/25/2019,ITO,HI,AWP,WE,Combined TRACON& Tower with Radar,40,7,0,6,53,0,2,84,2,88,40,9,84,8,141,24,50,74,215
02/26/2019,ITO,HI,AWP,WE,Combined TRACON& Tower with Radar,40,4,7,2,53,0,1,121,0,122,40,5,128,2,175,34,0,34,209
02/27/2019,ITO,HI,AWP,WE,Combined TRACON& Tower with Radar,39,7,11,0,57,0,1,55,3,59,39,8,66,3,116,18,0,18,134
02/28/2019,ITO,HI,AWP,WE,Combined TRACON& Tower with Radar,45,4,0,0,49,0,3,71,0,74,45,7,71,0,123,24,2,26,149
03/01/2019,ITO,HI,AWP,WE,Combined TRACON& Tower with Radar,45,7,5,2,59,0,3,65,2,70,45,10,70,4,129,74,14,88,217
03/02/2019,ITO,HI,AWP,WE,Combined TRACON& Tower with Radar,37,9,5,4,55,0,6,85,4,95,37,15,90,8,150,36,0,36,186
03/03/2019,ITO,HI,AWP,WE,Combined TRACON& Tower with Radar,38,6,1,4,49,0,0,50,0,50,38,6,51,4,99,18,0,18,117
03/04/2019,ITO,HI,AWP,WE,Combined TRACON& Tower with Radar,39,9,1,8,57,0,1,58,1,60,39,10,59,9,117,34,0,34,151
03/05/2019,ITO,HI,AWP,WE,Combined TRACON& Tower with Radar,38,20,6,0,64,0,1,72,0,73,38,21,78,0,137,22,0,22,159
03/06/2019,ITO,HI,AWP,WE,Combined TRACON& Tower with Radar,37,6,4,3,50,0,0,53,0,53,37,6,57,3,103,12,11,23,126
03/07/2019,ITO,HI,AWP,WE,Combined TRACON& Tower with Radar,41,7,3,6,57,0,2,54,2,58,41,9,57,8,115,38,0,38,153
03/08/2019,ITO,HI,AWP,WE,Combined TRACON& Tower with Radar,44,12,0,0,56,0,1,54,2,57,44,13,54,2,113,24,0,24,137
03/09/2019,ITO,HI,AWP,WE,Combined TRACON& Tower with Radar,29,11,1,0,41,0,0,53,0,53,29,11,54,0,94,12,0,12,106
03/10/2019,ITO,HI,AWP,WE,Combined TRACON& Tower with Radar,34,1,2,0,37,0,0,19,0,19,34,1,21,0,56,12,0,12,68
03/11/2019,ITO,HI,AWP,WE,Combined TRACON& Tower with Radar,39,15,5,2,61,0,1,93,0,94,39,16,98,2,155,22,0,22,177
03/12/2019,ITO,HI,AWP,WE,Combined TRACON& Tower with Radar,41,11,6,6,64,0,0,88,1,89,41,11,94,7,153,28,0,28,181
03/13/2019,ITO,HI,AWP,WE,Combined TRACON& Tower with Radar,40,4,2,2,48,0,1,69,4,74,40,5,71,6,122,53,6,59,181
03/14/2019,ITO,HI,AWP,WE,Combined TRACON& Tower with Radar,42,2,1,0,45,0,1,71,0,72,42,3,72,0,117,16,0,16,133
03/15/2019,ITO,HI,AWP,WE,Combined TRACON& Tower with Radar,49,7,1,0,57,0,0,62,2,64,49,7,63,2,121,26,0,26,147
03/16/2019,ITO,HI,AWP,WE,Combined TRACON& Tower with Radar,43,5,4,0,52,0,2,87,0,89,43,7,91,0,141,36,0,36,177
03/17/2019,ITO,HI,AWP,WE,Combined TRACON& Tower with Radar,44,12,0,0,56,0,0,70,1,71,44,12,70,1,127,24,0,24,151
03/18/2019,ITO,HI,AWP,WE,Combined TRACON& Tower with Radar,45,17,0,2,64,0,4,86,0,90,45,21,86,2,154,18,0,18,172
03/19/2019,ITO,HI,AWP,WE,Combined TRACON& Tower with Radar,44,8,1,1,54,0,4,116,0,120,44,12,117,1,174,27,0,27,201
03/20/2019,ITO,HI,AWP,WE,Combined TRACON& Tower with Radar,45,9,3,3,60,0,0,79,1,80,45,9,82,4,140,34,14,48,188
03/21/2019,ITO,HI,AWP,WE,Combined TRACON& Tower with Radar,46,6,0,2,54,0,1,81,0,82,46,7,81,2,136,18,0,18,154
03/22/2019,ITO,HI,AWP,WE,Combined TRACON& Tower with Radar,52,2,10,2,66,0,1,75,0,76,52,3,85,2,142,42,0,42,184
03/23/2019,ITO,HI,AWP,WE,Combined TRACON& Tower with Radar,42,3,3,0,48,0,1,69,0,70,42,4,72,0,118,16,0,16,134
03/24/2019,ITO,HI,AWP,WE,Combined TRACON& Tower with Radar,44,8,0,2,54,0,0,33,0,33,44,8,33,2,87,12,0,12,99
03/25/2019,ITO,HI,AWP,WE,Combined TRACON& Tower with Radar,47,9,3,3,62,0,2,56,0,58,47,11,59,3,120,14,0,14,134
03/26/2019,ITO,HI,AWP,WE,Combined TRACON& Tower with Radar,43,10,0,0,53,0,3,102,0,105,43,13,102,0,158,28,0,28,186
03/27/2019,ITO,HI,AWP,WE,Combined TRACON& Tower with Radar,38,5,5,0,48,0,1,79,2,82,38,6,84,2,130,20,0,20,150
03/28/2019,ITO,HI,AWP,WE,Combined TRACON& Tower with Radar,40,11,10,1,62,0,4,83,4,91,40,15,93,5,153,34,0,34,187
03/29/2019,ITO,HI,AWP,WE,Combined TRACON& Tower with Radar,46,2,1,0,49,0,2,75,0,77,46,4,76,0,126,42,0,42,168
03/30/2019,ITO,HI,AWP,WE,Combined TRACON& Tower with Radar,33,7,0,0,40,0,0,51,1,52,33,7,51,1,92,20,0,20,112
03/31/2019,ITO,HI,AWP,WE,Combined TRACON& Tower with Radar,35,0,3,1,39,0,0,61,1,62,35,0,64,2,101,26,0,26,127
04/01/2019,ITO,HI,AWP,WE,Combined TRACON& Tower with Radar,47,3,1,6,57,0,0,58,4,62,47,3,59,10,119,20,2,22,141
04/02/2019,ITO,HI,AWP,WE,Combined TRACON& Tower with Radar,43,4,3,1,51,0,1,19,0,20,43,5,22,1,71,16,0,16,87
04/03/2019,ITO,HI,AWP,WE,Combined TRACON& Tower with Radar,44,4,7,6,61,0,2,75,3,80,44,6,82,9,141,42,60,102,243
04/04/2019,ITO,HI,AWP,WE,Combined TRACON& Tower with Radar,44,13,2,7,66,0,3,73,2,78,44,16,75,9,144,26,0,26,170
04/05/2019,ITO,HI,AWP,WE,Combined TRACON& Tower with Radar,50,10,3,4,67,0,2,69,3,74,50,12,72,7,141,24,0,24,165
04/06/2019,ITO,HI,AWP,WE,Combined TRACON& Tower with Radar,39,4,2,2,47,0,1,56,1,58,39,5,58,3,105,28,0,28,133
04/07/2019,ITO,HI,AWP,WE,Combined TRACON& Tower with Radar,36,6,1,3,46,0,0,50,2,52,36,6,51,5,98,34,0,34,132
04/08/2019,ITO,HI,AWP,WE,Combined TRACON& Tower with Radar,48,4,1,2,55,0,4,71,0,75,48,8,72,2,130,28,12,40,170
04/09/2019,ITO,HI,AWP,WE,Combined TRACON& Tower with Radar,42,9,2,0,53,0,2,107,2,111,42,11,109,2,164,20,12,32,196
04/10/2019,ITO,HI,AWP,WE,Combined TRACON& Tower with Radar,42,7,0,7,56,0,2,64,3,69,42,9,64,10,125,38,38,76,201
04/11/2019,ITO,HI,AWP,WE,Combined TRACON& Tower with Radar,46,11,5,2,64,0,0,2,0,2,46,11,7,2,66,4,0,4,70
04/12/2019,ITO,HI,AWP,WE,Combined TRACON& Tower with Radar,47,12,3,2,64,0,0,55,0,55,47,12,58,2,119,16,0,16,135
04/13/2019,ITO,HI,AWP,WE,Combined TRACON& Tower with Radar,39,9,2,0,50,0,1,2,0,3,39,10,4,0,53,2,0,2,55
04/14/2019,ITO,HI,AWP,WE,Combined TRACON& Tower with Radar,38,2,0,0,40,0,0,36,0,36,38,2,36,0,76,14,0,14,90
04/15/2019,ITO,HI,AWP,WE,Combined TRACON& Tower with Radar,46,5,1,8,60,0,3,98,1,102,46,8,99,9,162,50,0,50,212
04/16/2019,ITO,HI,AWP,WE,Combined TRACON& Tower with Radar,44,6,1,7,58,0,1,144,5,150,44,7,145,12,208,60,0,60,268
04/17/2019,ITO,HI,AWP,WE,Combined TRACON& Tower with Radar,40,4,1,2,47,0,0,97,2,99,40,4,98,4,146,76,2,78,224
04/18/2019,ITO,HI,AWP,WE,Combined TRACON& Tower with Radar,47,7,2,2,58,0,0,76,3,79,47,7,78,5,137,32,12,44,181
04/19/2019,ITO,HI,AWP,WE,Combined TRACON& Tower with Radar,47,6,6,0,59,0,4,69,0,73,47,10,75,0,132,36,0,36,168
04/20/2019,ITO,HI,AWP,WE,Combined TRACON& Tower with Radar,38,4,1,0,43,0,4,63,1,68,38,8,64,1,111,32,0,32,143
04/21/2019,ITO,HI,AWP,WE,Combined TRACON& Tower with Radar,36,4,1,0,41,0,1,101,1,103,36,5,102,1,144,32,0,32,176
04/22/2019,ITO,HI,AWP,WE,Combined TRACON& Tower with Radar,43,9,0,2,54,0,5,97,0,102,43,14,97,2,156,48,0,48,204
04/23/2019,ITO,HI,AWP,WE,Combined TRACON& Tower with Radar,43,8,2,4,57,0,2,107,2,111,43,10,109,6,168,24,0,24,192
04/24/2019,ITO,HI,AWP,WE,Combined TRACON& Tower with Radar,50,12,2,10,74,0,1,105,2,108,50,13,107,12,182,28,22,50,232
04/25/2019,ITO,HI,AWP,WE,Combined TRACON& Tower with Radar,52,14,4,3,73,0,1,102,2,105,52,15,106,5,178,82,38,120,298
04/26/2019,ITO,HI,AWP,WE,Combined TRACON& Tower with Radar,50,8,7,0,65,0,1,18,0,19,50,9,25,0,84,16,0,16,100
04/27/2019,ITO,HI,AWP,WE,Combined TRACON& Tower with Radar,39,10,5,0,54,0,2,96,0,98,39,12,101,0,152,38,0,38,190
04/28/2019,ITO,HI,AWP,WE,Combined TRACON& Tower with Radar,51,3,1,0,55,0,4,60,0,64,51,7,61,0,119,59,0,59,178
04/29/2019,ITO,HI,AWP,WE,Combined TRACON& Tower with Radar,45,5,1,1,52,0,0,74,0,74,45,5,75,1,126,34,0,34,160
04/30/2019,ITO,HI,AWP,WE,Combined TRACON& Tower with Radar,49,7,13,2,71,0,0,118,0,118,49,7,131,2,189,48,30,78,267
05/01/2019,ITO,HI,AWP,WE,Combined TRACON& Tower with Radar,43,5,4,3,55,1,0,94,1,96,44,5,98,4,151,42,0,42,193
05/02/2019,ITO,HI,AWP,WE,Combined TRACON& Tower with Radar,45,10,1,5,61,0,3,46,4,53,45,13,47,9,114,104,38,142,256
05/03/2019,ITO,HI,AWP,WE,Combined TRACON& Tower with Radar,52,6,2,0,60,0,3,72,2,77,52,9,74,2,137,38,8,46,183
05/04/2019,ITO,HI,AWP,WE,Combined TRACON& Tower with Radar,38,6,0,2,46,0,0,39,13,52,38,6,39,15,98,118,6,124,222
05/05/2019,ITO,HI,AWP,WE,Combined TRACON& Tower with Radar,36,5,1,2,44,0,0,68,0,68,36,5,69,2,112,28,8,36,148
05/06/2019,ITO,HI,AWP,WE,Combined TRACON& Tower with Radar,49,7,0,2,58,0,0,57,0,57,49,7,57,2,115,40,0,40,155
05/07/2019,ITO,HI,AWP,WE,Combined TRACON& Tower with Radar,42,3,2,4,51,0,1,107,1,109,42,4,109,5,160,62,0,62,222
05/08/2019,ITO,HI,AWP,WE,Combined TRACON& Tower with Radar,41,4,1,14,60,0,0,76,3,79,41,4,77,17,139,35,16,51,190
05/09/2019,ITO,HI,AWP,WE,Combined TRACON& Tower with Radar,46,6,1,3,56,0,2,62,1,65,46,8,63,4,121,26,6,32,153
05/10/2019,ITO,HI,AWP,WE,Combined TRACON& Tower with Radar,47,5,1,4,57,0,1,66,6,73,47,6,67,10,130,56,6,62,192
05/11/2019,ITO,HI,AWP,WE,Combined TRACON& Tower with Radar,37,7,2,0,46,0,9,58,3,70,37,16,60,3,116,22,0,22,138
05/12/2019,ITO,HI,AWP,WE,Combined TRACON& Tower with Radar,36,5,2,0,43,0,5,49,0,54,36,10,51,0,97,32,0,32,129
05/13/2019,ITO,HI,AWP,WE,Combined TRACON& Tower with Radar,47,11,9,10,77,0,1,59,0,60,47,12,68,10,137,22,6,28,165
05/14/2019,ITO,HI,AWP,WE,Combined TRACON& Tower with Radar,45,8,5,2,60,0,2,105,2,109,45,10,110,4,169,36,0,36,205
05/15/2019,ITO,HI,AWP,WE,Combined TRACON& Tower with Radar,38,11,2,2,53,0,3,60,0,63,38,14,62,2,116,30,0,30,146
05/16/2019,ITO,HI,AWP,WE,Combined TRACON& Tower with Radar,43,11,4,1,59,0,1,66,0,67,43,12,70,1,126,28,0,28,154
05/17/2019,ITO,HI,AWP,WE,Combined TRACON& Tower with Radar,48,9,0,1,58,0,0,49,0,49,48,9,49,1,107,20,0,20,127
05/18/2019,ITO,HI,AWP,WE,Combined TRACON& Tower with Radar,40,2,1,0,43,0,4,46,0,50,40,6,47,0,93,16,0,16,109
05/19/2019,ITO,HI,AWP,WE,Combined TRACON& Tower with Radar,36,7,0,0,43,0,2,33,0,35,36,9,33,0,78,16,0,16,94
05/20/2019,ITO,HI,AWP,WE,Combined TRACON& Tower with Radar,47,12,1,4,64,0,2,73,0,75,47,14,74,4,139,18,0,18,157
05/21/2019,ITO,HI,AWP,WE,Combined TRACON& Tower with Radar,41,10,3,1,55,0,0,107,0,107,41,10,110,1,162,20,0,20,182
05/22/2019,ITO,HI,AWP,WE,Combined TRACON& Tower with Radar,39,10,1,3,53,0,3,69,1,73,39,13,70,4,126,38,0,38,164
05/23/2019,ITO,HI,AWP,WE,Combined TRACON& Tower with Radar,44,3,2,1,50,0,1,78,1,80,44,4,80,2,130,70,0,70,200
05/24/2019,ITO,HI,AWP,WE,Combined TRACON& Tower with Radar,46,8,2,1,57,0,5,58,4,67,46,13,60,5,124,22,4,26,150
05/25/2019,ITO,HI,AWP,WE,Combined TRACON& Tower with Radar,39,8,1,2,50,0,0,63,0,63,39,8,64,2,113,24,0,24,137
05/26/2019,ITO,HI,AWP,WE,Combined TRACON& Tower with Radar,35,2,0,0,37,0,0,33,0,33,35,2,33,0,70,32,0,32,102
05/27/2019,ITO,HI,AWP,WE,Combined TRACON& Tower with Radar,41,4,0,0,45,0,2,62,0,64,41,6,62,0,109,72,0,72,181
05/28/2019,ITO,HI,AWP,WE,Combined TRACON& Tower with Radar,43,7,3,0,53,0,1,69,0,70,43,8,72,0,123,36,0,36,159
05/29/2019,ITO,HI,AWP,WE,Combined TRACON& Tower with Radar,44,8,2,1,55,0,1,101,2,104,44,9,103,3,159,24,0,24,183
05/30/2019,ITO,HI,AWP,WE,Combined TRACON& Tower with Radar,46,11,1,1,59,0,3,71,3,77,46,14,72,4,136,24,10,34,170
05/31/2019,ITO,HI,AWP,WE,Combined TRACON& Tower with Radar,54,6,1,3,64,0,2,66,0,68,54,8,67,3,132,14,22,36,168
06/01/2019,ITO,HI,AWP,WE,Combined TRACON& Tower with Radar,42,9,2,3,56,0,0,57,0,57,42,9,59,3,113,56,0,56,169
06/02/2019,ITO,HI,AWP,WE,Combined TRACON& Tower with Radar,40,6,0,7,53,0,0,30,0,30,40,6,30,7,83,36,0,36,119
06/03/2019,ITO,HI,AWP,WE,Combined TRACON& Tower with Radar,45,11,0,3,59,0,0,101,2,103,45,11,101,5,162,32,0,32,194
06/04/2019,ITO,HI,AWP,WE,Combined TRACON& Tower with Radar,45,11,7,2,65,0,0,105,0,105,45,11,112,2,170,32,2,34,204
06/05/2019,ITO,HI,AWP,WE,Combined TRACON& Tower with Radar,43,13,5,11,72,0,1,45,2,48,43,14,50,13,120,46,0,46,166
06/06/2019,ITO,HI,AWP,WE,Combined TRACON& Tower with Radar,45,14,4,2,65,1,1,66,6,74,46,15,70,8,139,58,0,58,197
06/07/2019,ITO,HI,AWP,WE,Combined TRACON& Tower with Radar,47,9,3,2,61,0,0,69,7,76,47,9,72,9,137,56,4,60,197
06/08/2019,ITO,HI,AWP,WE,Combined TRACON& Tower with Radar,40,7,1,0,48,0,4,65,0,69,40,11,66,0,117,110,0,110,227
06/09/2019,ITO,HI,AWP,WE,Combined TRACON& Tower with Radar,40,0,1,3,44,0,0,59,2,61,40,0,60,5,105,110,13,123,228
06/10/2019,ITO,HI,AWP,WE,Combined TRACON& Tower with Radar,47,7,2,8,64,0,2,83,2,87,47,9,85,10,151,20,0,20,171
06/11/2019,ITO,HI,AWP,WE,Combined TRACON& Tower with Radar,45,7,4,3,59,0,0,115,6,121,45,7,119,9,180,30,2,32,212
06/12/2019,ITO,HI,AWP,WE,Combined TRACON& Tower with Radar,48,6,0,5,59,0,1,87,5,93,48,7,87,10,152,20,42,62,214
06/13/2019,ITO,HI,AWP,WE,Combined TRACON& Tower with Radar,54,9,0,5,68,0,1,74,2,77,54,10,74,7,145,115,14,129,274
06/14/2019,ITO,HI,AWP,WE,Combined TRACON& Tower with Radar,46,2,3,8,59,0,2,55,3,60,46,4,58,11,119,70,22,92,211
06/15/2019,ITO,HI,AWP,WE,Combined TRACON& Tower with Radar,41,8,1,0,50,0,2,63,4,69,41,10,64,4,119,22,28,50,169
06/16/2019,ITO,HI,AWP,WE,Combined TRACON& Tower with Radar,42,0,2,0,44,0,0,36,0,36,42,0,38,0,80,12,0,12,92
06/17/2019,ITO,HI,AWP,WE,Combined TRACON& Tower with Radar,43,15,6,2,66,0,0,76,9,85,43,15,82,11,151,41,0,41,192
06/18/2019,ITO,HI,AWP,WE,Combined TRACON& Tower with Radar,44,2,3,2,51,0,0,74,2,76,44,2,77,4,127,22,8,30,157
06/19/2019,ITO,HI,AWP,WE,Combined TRACON& Tower with Radar,41,4,1,18,64,0,1,81,6,88,41,5,82,24,152,47,42,89,241
06/20/2019,ITO,HI,AWP,WE,Combined TRACON& Tower with Radar,50,10,4,7,71,0,2,82,1,85,50,12,86,8,156,28,0,28,184
06/21/2019,ITO,HI,AWP,WE,Combined TRACON& Tower with Radar,44,10,3,4,61,0,1,71,3,75,44,11,74,7,136,22,34,56,192
06/22/2019,ITO,HI,AWP,WE,Combined TRACON& Tower with Radar,40,10,0,0,50,0,3,57,0,60,40,13,57,0,110,30,0,30,140
06/23/2019,ITO,HI,AWP,WE,Combined TRACON& Tower with Radar,39,2,1,0,42,0,3,72,0,75,39,5,73,0,117,22,0,22,139
06/24/2019,ITO,HI,AWP,WE,Combined TRACON& Tower with Radar,43,8,3,13,67,0,3,84,0,87,43,11,87,13,154,24,0,24,178
06/25/2019,ITO,HI,AWP,WE,Combined TRACON& Tower with Radar,43,8,5,1,57,0,1,118,0,119,43,9,123,1,176,28,0,28,204
06/26/2019,ITO,HI,AWP,WE,Combined TRACON& Tower with Radar,47,8,6,0,61,0,0,64,0,64,47,8,70,0,125,42,0,42,167
06/27/2019,ITO,HI,AWP,WE,Combined TRACON& Tower with Radar,47,5,2,4,58,0,1,67,3,71,47,6,69,7,129,48,0,48,177
06/28/2019,ITO,HI,AWP,WE,Combined TRACON& Tower with Radar,48,10,4,0,62,0,0,65,2,67,48,10,69,2,129,34,0,34,163
06/29/2019,ITO,HI,AWP,WE,Combined TRACON& Tower with Radar,42,7,0,0,49,0,2,63,2,67,42,9,63,2,116,22,0,22,138
06/30/2019,ITO,HI,AWP,WE,Combined TRACON& Tower with Radar,41,2,3,0,46,0,1,42,0,43,41,3,45,0,89,16,0,16,105
07/01/2019,ITO,HI,AWP,WE,Combined TRACON& Tower with Radar,44,9,1,8,62,0,3,93,0,96,44,12,94,8,158,24,0,24,182
07/02/2019,ITO,HI,AWP,WE,Combined TRACON& Tower with Radar,45,6,11,9,71,0,0,139,2,141,45,6,150,11,212,44,39,83,295
07/03/2019,ITO,HI,AWP,WE,Combined TRACON& Tower with Radar,43,5,0,11,59,0,0,79,2,81,43,5,79,13,140,16,30,46,186
07/04/2019,ITO,HI,AWP,WE,Combined TRACON& Tower with Radar,34,4,2,0,40,0,0,68,0,68,34,4,70,0,108,20,0,20,128
07/05/2019,ITO,HI,AWP,WE,Combined TRACON& Tower with Radar,43,2,1,0,46,0,2,95,0,97,43,4,96,0,143,41,0,41,184
07/06/2019,ITO,HI,AWP,WE,Combined TRACON& Tower with Radar,37,10,1,7,55,0,3,98,1,102,37,13,99,8,157,26,0,26,183
07/07/2019,ITO,HI,AWP,WE,Combined TRACON& Tower with Radar,38,5,3,0,46,0,0,63,0,63,38,5,66,0,109,22,0,22,131
07/08/2019,ITO,HI,AWP,WE,Combined TRACON& Tower with Radar,49,15,5,0,69,0,4,12,0,16,49,19,17,0,85,29,0,29,114
07/09/2019,ITO,HI,AWP,WE,Combined TRACON& Tower with Radar,42,5,4,3,54,0,1,90,0,91,42,6,94,3,145,38,0,38,183
07/10/2019,ITO,HI,AWP,WE,Combined TRACON& Tower with Radar,43,2,0,16,61,0,3,92,2,97,43,5,92,18,158,26,40,66,224
07/11/2019,ITO,HI,AWP,WE,Combined TRACON& Tower with Radar,50,5,2,4,61,0,0,95,1,96,50,5,97,5,157,54,6,60,217
07/12/2019,ITO,HI,AWP,WE,Combined TRACON& Tower with Radar,45,3,1,2,51,0,2,78,4,84,45,5,79,6,135,18,0,18,153
07/13/2019,ITO,HI,AWP,WE,Combined TRACON& Tower with Radar,41,6,3,3,53,0,5,68,4,77,41,11,71,7,130,32,0,32,162
07/14/2019,ITO,HI,AWP,WE,Combined TRACON& Tower with Radar,40,1,1,2,44,0,0,72,2,74,40,1,73,4,118,18,0,18,136
07/15/2019,ITO,HI,AWP,WE,Combined TRACON& Tower with Radar,42,7,2,0,51,0,1,68,0,69,42,8,70,0,120,24,0,24,144
07/16/2019,ITO,HI,AWP,WE,Combined TRACON& Tower with Radar,44,3,0,5,52,0,0,118,6,124,44,3,118,11,176,16,16,32,208
07/17/2019,ITO,HI,AWP,WE,Combined TRACON& Tower with Radar,41,8,12,0,61,0,0,58,0,58,41,8,70,0,119,22,0,22,141
07/18/2019,ITO,HI,AWP,WE,Combined TRACON& Tower with Radar,47,12,0,2,61,0,3,77,0,80,47,15,77,2,141,26,0,26,167
07/19/2019,ITO,HI,AWP,WE,Combined TRACON& Tower with Radar,47,6,4,0,57,0,1,77,0,78,47,7,81,0,135,22,0,22,157
07/20/2019,ITO,HI,AWP,WE,Combined TRACON& Tower with Radar,38,7,2,0,47,0,3,83,0,86,38,10,85,0,133,14,0,14,147
07/21/2019,ITO,HI,AWP,WE,Combined TRACON& Tower with Radar,43,5,4,0,52,0,0,62,0,62,43,5,66,0,114,22,0,22,136
07/22/2019,ITO,HI,AWP,WE,Combined TRACON& Tower with Radar,44,16,7,3,70,0,0,69,1,70,44,16,76,4,140,24,0,24,164
07/23/2019,ITO,HI,AWP,WE,Combined TRACON& Tower with Radar,42,8,9,0,59,0,1,120,2,123,42,9,129,2,182,28,2,30,212
07/24/2019,ITO,HI,AWP,WE,Combined TRACON& Tower with Radar,42,6,6,4,58,0,0,84,8,92,42,6,90,12,150,24,18,42,192
07/25/2019,ITO,HI,AWP,WE,Combined TRACON& Tower with Radar,44,10,3,0,57,0,1,89,4,94,44,11,92,4,151,20,28,48,199
07/26/2019,ITO,HI,AWP,WE,Combined TRACON& Tower with Radar,44,7,0,0,51,0,1,79,0,80,44,8,79,0,131,34,0,34,165
07/27/2019,ITO,HI,AWP,WE,Combined TRACON& Tower with Radar,44,15,2,0,61,0,6,77,0,83,44,21,79,0,144,55,0,55,199
07/28/2019,ITO,HI,AWP,WE,Combined TRACON& Tower with Radar,41,8,7,2,58,0,4,65,1,70,41,12,72,3,128,26,0,26,154
07/29/2019,ITO,HI,AWP,WE,Combined TRACON& Tower with Radar,44,14,4,4,66,0,0,69,0,69,44,14,73,4,135,26,2,28,163
07/30/2019,ITO,HI,AWP,WE,Combined TRACON& Tower with Radar,41,4,10,3,58,0,2,101,4,107,41,6,111,7,165,64,0,64,229
07/31/2019,ITO,HI,AWP,WE,Combined TRACON& Tower with Radar,42,12,6,3,63,0,0,51,0,51,42,12,57,3,114,18,0,18,132
08/01/2019,ITO,HI,AWP,WE,Combined TRACON& Tower with Radar,44,14,4,0,62,0,5,41,4,50,44,19,45,4,112,24,28,52,164
08/02/2019,ITO,HI,AWP,WE,Combined TRACON& Tower with Radar,45,13,4,0,62,0,1,38,0,39,45,14,42,0,101,20,0,20,121
08/03/2019,ITO,HI,AWP,WE,Combined TRACON& Tower with Radar,39,6,4,2,51,0,1,52,0,53,39,7,56,2,104,24,0,24,128
08/04/2019,ITO,HI,AWP,WE,Combined TRACON& Tower with Radar,40,5,1,2,48,0,0,64,0,64,40,5,65,2,112,20,0,20,132
08/05/2019,ITO,HI,AWP,WE,Combined TRACON& Tower with Radar,48,10,3,0,61,0,0,24,0,24,48,10,27,0,85,16,0,16,101
08/06/2019,ITO,HI,AWP,WE,Combined TRACON& Tower with Radar,43,15,6,0,64,0,0,112,0,112,43,15,118,0,176,40,24,64,240
08/07/2019,ITO,HI,AWP,WE,Combined TRACON& Tower with Radar,42,4,2,5,53,0,0,107,4,111,42,4,109,9,164,34,30,64,228
08/08/2019,ITO,HI,AWP,WE,Combined TRACON& Tower with Radar,52,1,9,2,64,0,4,91,3,98,52,5,100,5,162,28,6,34,196
08/09/2019,ITO,HI,AWP,WE,Combined TRACON& Tower with Radar,45,10,2,3,60,0,4,75,1,80,45,14,77,4,140,32,20,52,192
08/10/2019,ITO,HI,AWP,WE,Combined TRACON& Tower with Radar,39,7,0,0,46,0,3,77,1,81,39,10,77,1,127,28,0,28,155
08/11/2019,ITO,HI,AWP,WE,Combined TRACON& Tower with Radar,39,8,1,0,48,0,0,59,0,59,39,8,60,0,107,26,0,26,133
08/12/2019,ITO,HI,AWP,WE,Combined TRACON& Tower with Radar,44,14,0,1,59,0,2,95,1,98,44,16,95,2,157,24,0,24,181
08/13/2019,ITO,HI,AWP,WE,Combined TRACON& Tower with Radar,41,10,3,5,59,0,2,121,1,124,41,12,124,6,183,28,0,28,211
08/14/2019,ITO,HI,AWP,WE,Combined TRACON& Tower with Radar,43,2,4,2,51,0,0,87,1,88,43,2,91,3,139,28,0,28,167
08/15/2019,ITO,HI,AWP,WE,Combined TRACON& Tower with Radar,51,2,3,0,56,2,4,76,7,89,53,6,79,7,145,18,14,32,177
08/16/2019,ITO,HI,AWP,WE,Combined TRACON& Tower with Radar,44,6,1,2,53,0,7,67,0,74,44,13,68,2,127,26,4,30,157
08/17/2019,ITO,HI,AWP,WE,Combined TRACON& Tower with Radar,40,4,3,0,47,0,5,60,1,66,40,9,63,1,113,20,4,24,137
08/18/2019,ITO,HI,AWP,WE,Combined TRACON& Tower with Radar,45,3,2,2,52,0,0,54,0,54,45,3,56,2,106,16,0,16,122
08/19/2019,ITO,HI,AWP,WE,Combined TRACON& Tower with Radar,42,7,2,2,53,0,1,79,5,85,42,8,81,7,138,30,2,32,170
08/20/2019,ITO,HI,AWP,WE,Combined TRACON& Tower with Radar,43,4,2,3,52,0,2,76,1,79,43,6,78,4,131,26,4,30,161
08/21/2019,ITO,HI,AWP,WE,Combined TRACON& Tower with Radar,42,9,5,10,66,0,1,71,3,75,42,10,76,13,141,18,18,36,177
08/22/2019,ITO,HI,AWP,WE,Combined TRACON& Tower with Radar,45,11,13,0,69,0,5,82,0,87,45,16,95,0,156,26,0,26,182
08/23/2019,ITO,HI,AWP,WE,Combined TRACON& Tower with Radar,46,5,0,0,51,0,2,62,0,64,46,7,62,0,115,22,0,22,137
08/24/2019,ITO,HI,AWP,WE,Combined TRACON& Tower with Radar,40,7,4,0,51,0,1,48,0,49,40,8,52,0,100,22,0,22,122
08/25/2019,ITO,HI,AWP,WE,Combined TRACON& Tower with Radar,38,3,2,0,43,0,1,43,0,44,38,4,45,0,87,20,0,20,107
08/26/2019,ITO,HI,AWP,WE,Combined TRACON& Tower with Radar,44,7,3,0,54,0,0,55,0,55,44,7,58,0,109,14,0,14,123
08/27/2019,ITO,HI,AWP,WE,Combined TRACON& Tower with Radar,41,4,5,1,51,0,1,98,0,99,41,5,103,1,150,16,0,16,166
08/28/2019,ITO,HI,AWP,WE,Combined TRACON& Tower with Radar,46,5,2,10,63,0,0,67,0,67,46,5,69,10,130,14,18,32,162
08/29/2019,ITO,HI,AWP,WE,Combined TRACON& Tower with Radar,38,11,5,10,64,0,6,56,6,68,38,17,61,16,132,20,0,20,152
08/30/2019,ITO,HI,AWP,WE,Combined TRACON& Tower with Radar,47,6,0,0,53,0,0,45,1,46,47,6,45,1,99,22,0,22,121
08/31/2019,ITO,HI,AWP,WE,Combined TRACON& Tower with Radar,36,6,1,0,43,0,7,53,4,64,36,13,54,4,107,24,0,24,131
09/01/2019,ITO,HI,AWP,WE,Combined TRACON& Tower with Radar,32,3,0,0,35,0,0,48,0,48,32,3,48,0,83,32,0,32,115
09/02/2019,ITO,HI,AWP,WE,Combined TRACON& Tower with Radar,49,1,0,0,50,0,0,73,0,73,49,1,73,0,123,22,0,22,145
09/03/2019,ITO,HI,AWP,WE,Combined TRACON& Tower with Radar,42,6,0,0,48,0,1,83,0,84,42,7,83,0,132,24,0,24,156
09/04/2019,ITO,HI,AWP,WE,Combined TRACON& Tower with Radar,41,4,4,0,49,0,0,18,0,18,41,4,22,0,67,14,0,14,81
09/05/2019,ITO,HI,AWP,WE,Combined TRACON& Tower with Radar,52,0,5,7,64,0,4,80,8,92,52,4,85,15,156,16,24,40,196
09/06/2019,ITO,HI,AWP,WE,Combined TRACON& Tower with Radar,46,10,1,1,58,0,1,46,0,47,46,11,47,1,105,12,0,12,117
09/07/2019,ITO,HI,AWP,WE,Combined TRACON& Tower with Radar,37,5,2,11,55,0,2,46,6,54,37,7,48,17,109,22,14,36,145
09/08/2019,ITO,HI,AWP,WE,Combined TRACON& Tower with Radar,38,11,2,2,53,0,0,41,2,43,38,11,43,4,96,12,0,12,108
09/09/2019,ITO,HI,AWP,WE,Combined TRACON& Tower with Radar,51,6,2,10,69,0,1,63,0,64,51,7,65,10,133,18,22,40,173
09/10/2019,ITO,HI,AWP,WE,Combined TRACON& Tower with Radar,44,9,1,2,56,0,0,107,6,113,44,9,108,8,169,28,6,34,203
09/11/2019,ITO,HI,AWP,WE,Combined TRACON& Tower with Radar,45,9,11,1,66,0,1,17,2,20,45,10,28,3,86,8,2,10,96
09/12/2019,ITO,HI,AWP,WE,Combined TRACON& Tower with Radar,50,5,1,2,58,0,1,55,4,60,50,6,56,6,118,24,26,50,168
09/13/2019,ITO,HI,AWP,WE,Combined TRACON& Tower with Radar,45,4,1,2,52,0,1,87,10,98,45,5,88,12,150,24,2,26,176
09/14/2019,ITO,HI,AWP,WE,Combined TRACON& Tower with Radar,39,8,1,0,48,0,2,52,0,54,39,10,53,0,102,14,0,14,116
09/15/2019,ITO,HI,AWP,WE,Combined TRACON& Tower with Radar,40,4,1,0,45,0,0,38,0,38,40,4,39,0,83,20,0,20,103
09/16/2019,ITO,HI,AWP,WE,Combined TRACON& Tower with Radar,48,11,1,4,64,0,5,53,6,64,48,16,54,10,128,18,2,20,148
09/17/2019,ITO,HI,AWP,WE,Combined TRACON& Tower with Radar,44,14,5,2,65,0,0,121,6,127,44,14,126,8,192,26,8,34,226
09/18/2019,ITO,HI,AWP,WE,Combined TRACON& Tower with Radar,44,9,2,11,66,0,0,47,4,51,44,9,49,15,117,40,12,52,169
09/19/2019,ITO,HI,AWP,WE,Combined TRACON& Tower with Radar,44,8,3,9,64,0,2,84,9,95,44,10,87,18,159,38,18,56,215
09/20/2019,ITO,HI,AWP,WE,Combined TRACON& Tower with Radar,47,15,3,7,72,0,1,78,13,92,47,16,81,20,164,34,24,58,222
09/21/2019,ITO,HI,AWP,WE,Combined TRACON& Tower with Radar,39,6,2,0,47,0,3,35,1,39,39,9,37,1,86,22,0,22,108
09/22/2019,ITO,HI,AWP,WE,Combined TRACON& Tower with Radar,40,1,3,0,44,0,0,50,0,50,40,1,53,0,94,8,0,8,102
09/23/2019,ITO,HI,AWP,WE,Combined TRACON& Tower with Radar,45,6,1,0,52,0,0,48,0,48,45,6,49,0,100,24,0,24,124
09/24/2019,ITO,HI,AWP,WE,Combined TRACON& Tower with Radar,43,6,3,3,55,0,0,83,0,83,43,6,86,3,138,22,0,22,160
09/25/2019,ITO,HI,AWP,WE,Combined TRACON& Tower with Radar,41,11,2,4,58,0,0,61,2,63,41,11,63,6,121,26,5,31,152
09/26/2019,ITO,HI,AWP,WE,Combined TRACON& Tower with Radar,42,9,5,1,57,0,0,62,3,65,42,9,67,4,122,18,0,18,140
09/27/2019,ITO,HI,AWP,WE,Combined TRACON& Tower with Radar,46,7,5,0,58,0,0,62,3,65,46,7,67,3,123,22,2,24,147
09/28/2019,ITO,HI,AWP,WE,Combined TRACON& Tower with Radar,37,6,0,1,44,0,0,79,1,80,37,6,79,2,124,26,0,26,150
09/29/2019,ITO,HI,AWP,WE,Combined TRACON& Tower with Radar,42,1,1,0,44,0,0,56,0,56,42,1,57,0,100,24,0,24,124
09/30/2019,ITO,HI,AWP,WE,Combined TRACON& Tower with Radar,46,9,2,0,57,0,1,36,0,37,46,10,38,0,94,16,0,16,110
10/01/2019,ITO,HI,AWP,WE,Combined TRACON& Tower with Radar,42,10,3,2,57,0,0,85,4,89,42,10,88,6,146,28,26,54,200
10/02/2019,ITO,HI,AWP,WE,Combined TRACON& Tower with Radar,39,12,3,9,63,0,0,51,2,53,39,12,54,11,116,24,2,26,142
10/03/2019,ITO,HI,AWP,WE,Combined TRACON& Tower with Radar,47,9,4,5,65,0,1,77,5,83,47,10,81,10,148,28,52,80,228
10/04/2019,ITO,HI,AWP,WE,Combined TRACON& Tower with Radar,43,6,4,0,53,0,1,70,0,71,43,7,74,0,124,22,0,22,146
10/05/2019,ITO,HI,AWP,WE,Combined TRACON& Tower with Radar,41,11,3,3,58,0,1,75,6,82,41,12,78,9,140,24,12,36,176
10/06/2019,ITO,HI,AWP,WE,Combined TRACON& Tower with Radar,42,14,2,3,61,0,0,87,1,88,42,14,89,4,149,26,0,26,175
10/07/2019,ITO,HI,AWP,WE,Combined TRACON& Tower with Radar,48,12,3,0,63,0,0,89,1,90,48,12,92,1,153,18,38,56,209
10/08/2019,ITO,HI,AWP,WE,Combined TRACON& Tower with Radar,44,10,3,7,64,0,2,77,1,80,44,12,80,8,144,28,76,104,248
10/09/2019,ITO,HI,AWP,WE,Combined TRACON& Tower with Radar,44,7,8,2,61,0,0,44,3,47,44,7,52,5,108,18,20,38,146
10/10/2019,ITO,HI,AWP,WE,Combined TRACON& Tower with Radar,49,4,2,14,69,0,0,29,6,35,49,4,31,20,104,18,38,56,160
10/11/2019,ITO,HI,AWP,WE,Combined TRACON& Tower with Radar,44,8,2,0,54,0,0,63,0,63,44,8,65,0,117,20,0,20,137
10/12/2019,ITO,HI,AWP,WE,Combined TRACON& Tower with Radar,43,6,6,0,55,0,4,56,0,60,43,10,62,0,115,18,0,18,133
10/13/2019,ITO,HI,AWP,WE,Combined TRACON& Tower with Radar,39,2,7,0,48,0,2,52,0,54,39,4,59,0,102,12,0,12,114
10/14/2019,ITO,HI,AWP,WE,Combined TRACON& Tower with Radar,47,17,1,0,65,0,0,58,0,58,47,17,59,0,123,16,0,16,139
10/15/2019,ITO,HI,AWP,WE,Combined TRACON& Tower with Radar,42,3,2,5,52,0,2,102,0,104,42,5,104,5,156,24,0,24,180
10/16/2019,ITO,HI,AWP,WE,Combined TRACON& Tower with Radar,42,3,5,5,55,0,2,88,1,91,42,5,93,6,146,62,28,90,236
10/17/2019,ITO,HI,AWP,WE,Combined TRACON& Tower with Radar,42,7,0,0,49,0,2,68,0,70,42,9,68,0,119,24,0,24,143
10/18/2019,ITO,HI,AWP,WE,Combined TRACON& Tower with Radar,49,7,2,0,58,0,0,47,0,47,49,7,49,0,105,14,0,14,119
10/19/2019,ITO,HI,AWP,WE,Combined TRACON& Tower with Radar,43,16,3,0,62,0,0,24,0,24,43,16,27,0,86,24,0,24,110
10/20/2019,ITO,HI,AWP,WE,Combined TRACON& Tower with Radar,39,8,2,0,49,0,0,42,0,42,39,8,44,0,91,30,0,30,121
10/21/2019,ITO,HI,AWP,WE,Combined TRACON& Tower with Radar,48,5,5,3,61,0,0,43,0,43,48,5,48,3,104,26,0,26,130
10/22/2019,ITO,HI,AWP,WE,Combined TRACON& Tower with Radar,45,13,7,1,66,0,0,82,5,87,45,13,89,6,153,26,12,38,191
10/23/2019,ITO,HI,AWP,WE,Combined TRACON& Tower with Radar,47,8,2,0,57,0,0,65,0,65,47,8,67,0,122,22,0,22,144
10/24/2019,ITO,HI,AWP,WE,Combined TRACON& Tower with Radar,53,8,4,6,71,0,1,58,1,60,53,9,62,7,131,12,36,48,179
10/25/2019,ITO,HI,AWP,WE,Combined TRACON& Tower with Radar,43,10,2,2,57,0,3,30,2,35,43,13,32,4,92,44,0,44,136
10/26/2019,ITO,HI,AWP,WE,Combined TRACON& Tower with Radar,40,8,2,0,50,0,0,52,0,52,40,8,54,0,102,14,0,14,116
10/27/2019,ITO,HI,AWP,WE,Combined TRACON& Tower with Radar,38,5,10,0,53,0,1,60,1,62,38,6,70,1,115,25,0,25,140
10/28/2019,ITO,HI,AWP,WE,Combined TRACON& Tower with Radar,48,7,3,1,59,0,0,53,0,53,48,7,56,1,112,12,4,16,128
10/29/2019,ITO,HI,AWP,WE,Combined TRACON& Tower with Radar,44,9,6,3,62,0,0,66,0,66,44,9,72,3,128,18,0,18,146
10/30/2019,ITO,HI,AWP,WE,Combined TRACON& Tower with Radar,41,11,1,3,56,0,0,57,2,59,41,11,58,5,115,28,6,34,149
10/31/2019,ITO,HI,AWP,WE,Combined TRACON& Tower with Radar,40,7,1,2,50,0,0,35,1,36,40,7,36,3,86,16,0,16,102
11/01/2019,ITO,HI,AWP,WE,Combined TRACON& Tower with Radar,46,6,1,4,57,4,17,61,2,84,50,23,62,6,141,24,2,26,167
11/02/2019,ITO,HI,AWP,WE,Combined TRACON& Tower with Radar,35,7,2,3,47,0,1,37,3,41,35,8,39,6,88,24,0,24,112
11/03/2019,ITO,HI,AWP,WE,Combined TRACON& Tower with Radar,35,0,1,2,38,0,0,74,1,75,35,0,75,3,113,33,0,33,146
11/04/2019,ITO,HI,AWP,WE,Combined TRACON& Tower with Radar,47,6,1,3,57,0,0,49,1,50,47,6,50,4,107,26,0,26,133
11/05/2019,ITO,HI,AWP,WE,Combined TRACON& Tower with Radar,46,14,1,1,62,0,0,82,0,82,46,14,83,1,144,30,0,30,174
11/06/2019,ITO,HI,AWP,WE,Combined TRACON& Tower with Radar,46,11,1,7,65,0,0,49,0,49,46,11,50,7,114,16,28,44,158
11/07/2019,ITO,HI,AWP,WE,Combined TRACON& Tower with Radar,41,7,4,4,56,0,0,46,1,47,41,7,50,5,103,18,8,26,129
11/08/2019,ITO,HI,AWP,WE,Combined TRACON& Tower with Radar,53,7,1,1,62,0,0,68,3,71,53,7,69,4,133,30,0,30,163
11/09/2019,ITO,HI,AWP,WE,Combined TRACON& Tower with Radar,37,22,4,0,63,0,0,53,0,53,37,22,57,0,116,78,0,78,194
11/10/2019,ITO,HI,AWP,WE,Combined TRACON& Tower with Radar,33,3,1,0,37,0,0,48,0,48,33,3,49,0,85,12,0,12,97
11/11/2019,ITO,HI,AWP,WE,Combined TRACON& Tower with Radar,43,4,0,0,47,0,0,41,0,41,43,4,41,0,88,16,0,16,104
11/12/2019,ITO,HI,AWP,WE,Combined TRACON& Tower with Radar,45,6,0,1,52,0,0,82,0,82,45,6,82,1,134,18,0,18,152
11/13/2019,ITO,HI,AWP,WE,Combined TRACON& Tower with Radar,42,9,2,13,66,0,0,51,1,52,42,9,53,14,118,10,8,18,136
11/14/2019,ITO,HI,AWP,WE,Combined TRACON& Tower with Radar,40,12,2,2,56,0,0,36,5,41,40,12,38,7,97,18,37,55,152
11/15/2019,ITO,HI,AWP,WE,Combined TRACON& Tower with Radar,47,9,1,13,70,0,0,50,10,60,47,9,51,23,130,30,24,54,184
11/16/2019,ITO,HI,AWP,WE,Combined TRACON& Tower with Radar,35,8,4,2,49,0,0,47,6,53,35,8,51,8,102,28,0,28,130
11/17/2019,ITO,HI,AWP,WE,Combined TRACON& Tower with Radar,36,7,2,0,45,0,1,36,1,38,36,8,38,1,83,18,0,18,101
11/18/2019,ITO,HI,AWP,WE,Combined TRACON& Tower with Radar,43,6,4,10,63,0,1,44,12,57,43,7,48,22,120,8,53,61,181
11/19/2019,ITO,HI,AWP,WE,Combined TRACON& Tower with Radar,45,7,0,2,54,0,0,68,2,70,45,7,68,4,124,22,8,30,154
11/20/2019,ITO,HI,AWP,WE,Combined TRACON& Tower with Radar,45,7,2,3,57,0,0,37,2,39,45,7,39,5,96,10,2,12,108
11/21/2019,ITO,HI,AWP,WE,Combined TRACON& Tower with Radar,45,11,3,7,66,0,2,39,1,42,45,13,42,8,108,24,10,34,142
11/22/2019,ITO,HI,AWP,WE,Combined TRACON& Tower with Radar,50,8,12,0,70,0,0,33,0,33,50,8,45,0,103,20,0,20,123
11/23/2019,ITO,HI,AWP,WE,Combined TRACON& Tower with Radar,36,9,9,0,54,0,0,14,0,14,36,9,23,0,68,26,0,26,94
11/24/2019,ITO,HI,AWP,WE,Combined TRACON& Tower with Radar,41,4,2,1,48,0,0,73,3,76,41,4,75,4,124,18,4,22,146
11/25/2019,ITO,HI,AWP,WE,Combined TRACON& Tower with Radar,48,15,2,4,69,0,1,78,1,80,48,16,80,5,149,20,0,20,169
11/26/2019,ITO,HI,AWP,WE,Combined TRACON& Tower with Radar,41,12,2,1,56,0,0,88,6,94,41,12,90,7,150,34,24,58,208
11/27/2019,ITO,HI,AWP,WE,Combined TRACON& Tower with Radar,48,15,4,3,70,0,0,44,0,44,48,15,48,3,114,16,6,22,136
11/28/2019,ITO,HI,AWP,WE,Combined TRACON& Tower with Radar,39,3,3,0,45,0,0,58,0,58,39,3,61,0,103,26,0,26,129
11/29/2019,ITO,HI,AWP,WE,Combined TRACON& Tower with Radar,44,5,4,0,53,0,0,54,0,54,44,5,58,0,107,22,0,22,129
11/30/2019,ITO,HI,AWP,WE,Combined TRACON& Tower with Radar,37,6,2,0,45,0,1,55,0,56,37,7,57,0,101,20,0,20,121
12/01/2019,ITO,HI,AWP,WE,Combined TRACON& Tower with Radar,45,7,3,0,55,0,0,2,0,2,45,7,5,0,57,0,0,0,57
12/02/2019,ITO,HI,AWP,WE,Combined TRACON& Tower with Radar,49,10,0,0,59,0,0,59,0,59,49,10,59,0,118,16,0,16,134
12/03/2019,ITO,HI,AWP,WE,Combined TRACON& Tower with Radar,46,4,7,1,58,0,2,45,4,51,46,6,52,5,109,20,12,32,141
12/04/2019,ITO,HI,AWP,WE,Combined TRACON& Tower with Radar,45,19,3,9,76,0,0,32,1,33,45,19,35,10,109,34,0,34,143
12/05/2019,ITO,HI,AWP,WE,Combined TRACON& Tower with Radar,45,7,16,2,70,0,1,27,4,32,45,8,43,6,102,18,12,30,132
12/06/2019,ITO,HI,AWP,WE,Combined TRACON& Tower with Radar,49,6,5,3,63,0,0,4,1,5,49,6,9,4,68,6,6,12,80
12/07/2019,ITO,HI,AWP,WE,Combined TRACON& Tower with Radar,38,5,0,1,44,0,0,50,1,51,38,5,50,2,95,24,0,24,119
12/08/2019,ITO,HI,AWP,WE,Combined TRACON& Tower with Radar,45,11,1,1,58,0,4,52,0,56,45,15,53,1,114,32,0,32,146
12/09/2019,ITO,HI,AWP,WE,Combined TRACON& Tower with Radar,54,8,0,0,62,2,0,58,0,60,56,8,58,0,122,30,0,30,152
12/10/2019,ITO,HI,AWP,WE,Combined TRACON& Tower with Radar,45,6,1,2,54,0,0,72,0,72,45,6,73,2,126,24,0,24,150
12/11/2019,ITO,HI,AWP,WE,Combined TRACON& Tower with Radar,48,4,1,6,59,0,0,43,4,47,48,4,44,10,106,12,12,24,130
12/12/2019,ITO,HI,AWP,WE,Combined TRACON& Tower with Radar,50,6,5,0,61,0,0,47,0,47,50,6,52,0,108,26,0,26,134
12/13/2019,ITO,HI,AWP,WE,Combined TRACON& Tower with Radar,51,3,6,4,64,0,0,55,2,57,51,3,61,6,121,22,18,40,161
12/14/2019,ITO,HI,AWP,WE,Combined TRACON& Tower with Radar,43,4,2,0,49,0,0,29,0,29,43,4,31,0,78,55,0,55,133
12/15/2019,ITO,HI,AWP,WE,Combined TRACON& Tower with Radar,40,0,0,0,40,0,2,47,0,49,40,2,47,0,89,18,0,18,107
12/16/2019,ITO,HI,AWP,WE,Combined TRACON& Tower with Radar,51,3,0,1,55,0,0,63,0,63,51,3,63,1,118,26,0,26,144
12/17/2019,ITO,HI,AWP,WE,Combined TRACON& Tower with Radar,48,11,1,2,62,0,0,65,3,68,48,11,66,5,130,24,10,34,164
12/18/2019,ITO,HI,AWP,WE,Combined TRACON& Tower with Radar,42,7,3,3,55,0,0,68,2,70,42,7,71,5,125,22,0,22,147
12/19/2019,ITO,HI,AWP,WE,Combined TRACON& Tower with Radar,44,9,1,5,59,0,0,52,2,54,44,9,53,7,113,20,0,20,133
12/20/2019,ITO,HI,AWP,WE,Combined TRACON& Tower with Radar,61,4,3,3,71,0,0,55,2,57,61,4,58,5,128,16,0,16,144
12/21/2019,ITO,HI,AWP,WE,Combined TRACON& Tower with Radar,41,6,4,4,55,0,2,5,2,9,41,8,9,6,64,3,0,3,67
12/22/2019,ITO,HI,AWP,WE,Combined TRACON& Tower with Radar,45,3,1,6,55,0,3,85,0,88,45,6,86,6,143,28,0,28,171
12/23/2019,ITO,HI,AWP,WE,Combined TRACON& Tower with Radar,51,4,1,0,56,0,0,88,0,88,51,4,89,0,144,21,0,21,165
12/24/2019,ITO,HI,AWP,WE,Combined TRACON& Tower with Radar,48,5,0,0,53,0,1,135,0,136,48,6,135,0,189,26,0,26,215
12/25/2019,ITO,HI,AWP,WE,Combined TRACON& Tower with Radar,39,1,1,0,41,0,0,58,0,58,39,1,59,0,99,16,0,16,115
12/26/2019,ITO,HI,AWP,WE,Combined TRACON& Tower with Radar,46,4,4,3,57,0,1,66,5,72,46,5,70,8,129,34,6,40,169
12/27/2019,ITO,HI,AWP,WE,Combined TRACON& Tower with Radar,53,8,0,6,67,0,1,117,1,119,53,9,117,7,186,20,16,36,222
12/28/2019,ITO,HI,AWP,WE,Combined TRACON& Tower with Radar,43,4,2,0,49,0,0,103,0,103,43,4,105,0,152,22,0,22,174
12/29/2019,ITO,HI,AWP,WE,Combined TRACON& Tower with Radar,44,3,1,0,48,0,1,101,0,102,44,4,102,0,150,22,0,22,172
12/30/2019,ITO,HI,AWP,WE,Combined TRACON& Tower with Radar,51,11,3,8,73,0,0,108,0,108,51,11,111,8,181,44,0,44,225
12/31/2019,ITO,HI,AWP,WE,Combined TRACON& Tower with Radar,45,15,0,0,60,0,1,105,0,106,45,16,105,0,166,42,0,42,208
01/01/2020,ITO,HI,AWP,WE,Combined TRACON& Tower with Radar,39,8,4,0,51,0,0,65,4,69,39,8,69,4,120,30,0,30,150
01/02/2020,ITO,HI,AWP,WE,Combined TRACON& Tower with Radar,45,8,1,3,57,0,0,77,6,83,45,8,78,9,140,24,28,52,192
01/03/2020,ITO,HI,AWP,WE,Combined TRACON& Tower with Radar,50,6,5,8,69,0,0,76,2,78,50,6,81,10,147,30,4,34,181
01/04/2020,ITO,HI,AWP,WE,Combined TRACON& Tower with Radar,40,14,3,0,57,0,0,39,0,39,40,14,42,0,96,14,0,14,110
01/05/2020,ITO,HI,AWP,WE,Combined TRACON& Tower with Radar,39,7,0,0,46,0,2,39,0,41,39,9,39,0,87,20,0,20,107
01/06/2020,ITO,HI,AWP,WE,Combined TRACON& Tower with Radar,48,5,0,1,54,0,0,48,0,48,48,5,48,1,102,18,0,18,120
01/07/2020,ITO,HI,AWP,WE,Combined TRACON& Tower with Radar,44,16,2,1,63,0,3,56,0,59,44,19,58,1,122,42,20,62,184
01/08/2020,ITO,HI,AWP,WE,Combined TRACON& Tower with Radar,40,10,0,8,58,0,0,31,3,34,40,10,31,11,92,20,6,26,118
01/09/2020,ITO,HI,AWP,WE,Combined TRACON& Tower with Radar,51,7,4,3,65,0,1,25,0,26,51,8,29,3,91,10,0,10,101
01/10/2020,ITO,HI,AWP,WE,Combined TRACON& Tower with Radar,44,8,0,0,52,0,0,29,0,29,44,8,29,0,81,14,0,14,95
01/11/2020,ITO,HI,AWP,WE,Combined TRACON& Tower with Radar,34,11,3,2,50,0,1,25,4,30,34,12,28,6,80,14,2,16,96
01/12/2020,ITO,HI,AWP,WE,Combined TRACON& Tower with Radar,37,2,0,3,42,0,0,0,0,0,37,2,0,3,42,0,0,0,42
01/13/2020,ITO,HI,AWP,WE,Combined TRACON& Tower with Radar,40,9,0,0,49,0,0,12,0,12,40,9,12,0,61,14,0,14,75
01/14/2020,ITO,HI,AWP,WE,Combined TRACON& Tower with Radar,40,6,5,6,57,0,1,61,2,64,40,7,66,8,121,52,12,64,185
01/15/2020,ITO,HI,AWP,WE,Combined TRACON& Tower with Radar,40,7,2,3,52,0,0,32,3,35,40,7,34,6,87,18,0,18,105
01/16/2020,ITO,HI,AWP,WE,Combined TRACON& Tower with Radar,43,15,2,1,61,0,2,2,4,8,43,17,4,5,69,0,22,22,91
01/17/2020,ITO,HI,AWP,WE,Combined TRACON& Tower with Radar,43,11,2,1,57,0,0,31,0,31,43,11,33,1,88,28,0,28,116
01/18/2020,ITO,HI,AWP,WE,Combined TRACON& Tower with Radar,32,6,5,1,44,0,4,51,1,56,32,10,56,2,100,38,0,38,138
01/19/2020,ITO,HI,AWP,WE,Combined TRACON& Tower with Radar,39,9,2,0,50,0,0,46,0,46,39,9,48,0,96,28,0,28,124
01/20/2020,ITO,HI,AWP,WE,Combined TRACON& Tower with Radar,50,5,1,1,57,0,1,48,0,49,50,6,49,1,106,16,0,16,122
01/21/2020,ITO,HI,AWP,WE,Combined TRACON& Tower with Radar,45,7,1,1,54,0,0,65,2,67,45,7,66,3,121,24,2,26,147
01/22/2020,ITO,HI,AWP,WE,Combined TRACON& Tower with Radar,49,12,1,5,67,0,0,57,2,59,49,12,58,7,126,24,0,24,150
01/23/2020,ITO,HI,AWP,WE,Combined TRACON& Tower with Radar,51,13,3,2,69,0,0,43,5,48,51,13,46,7,117,14,14,28,145
01/24/2020,ITO,HI,AWP,WE,Combined TRACON& Tower with Radar,58,9,1,0,68,0,0,48,0,48,58,9,49,0,116,26,0,26,142
01/25/2020,ITO,HI,AWP,WE,Combined TRACON& Tower with Radar,41,9,4,4,58,0,0,51,0,51,41,9,55,4,109,22,4,26,135
01/26/2020,ITO,HI,AWP,WE,Combined TRACON& Tower with Radar,46,1,3,0,50,0,1,66,1,68,46,2,69,1,118,24,0,24,142
01/27/2020,ITO,HI,AWP,WE,Combined TRACON& Tower with Radar,47,9,0,2,58,0,0,55,6,61,47,9,55,8,119,14,12,26,145
01/28/2020,ITO,HI,AWP,WE,Combined TRACON& Tower with Radar,49,11,1,4,65,0,0,54,4,58,49,11,55,8,123,34,18,52,175
01/29/2020,ITO,HI,AWP,WE,Combined TRACON& Tower with Radar,46,6,0,8,60,0,1,49,1,51,46,7,49,9,111,24,0,24,135
01/30/2020,ITO,HI,AWP,WE,Combined TRACON& Tower with Radar,52,6,1,5,64,0,0,40,2,42,52,6,41,7,106,22,0,22,128
01/31/2020,ITO,HI,AWP,WE,Combined TRACON& Tower with Radar,56,5,0,0,61,0,0,43,0,43,56,5,43,0,104,16,0,16,120
02/01/2020,ITO,HI,AWP,WE,Combined TRACON& Tower with Radar,43,9,2,0,54,0,1,38,0,39,43,10,40,0,93,16,0,16,109
02/02/2020,ITO,HI,AWP,WE,Combined TRACON& Tower with Radar,43,2,0,0,45,0,0,21,0,21,43,2,21,0,66,27,0,27,93
02/03/2020,ITO,HI,AWP,WE,Combined TRACON& Tower with Radar,51,12,0,2,65,0,0,33,0,33,51,12,33,2,98,34,0,34,132
02/04/2020,ITO,HI,AWP,WE,Combined TRACON& Tower with Radar,48,10,9,3,70,0,0,65,4,69,48,10,74,7,139,24,8,32,171
02/05/2020,ITO,HI,AWP,WE,Combined TRACON& Tower with Radar,48,11,2,0,61,0,3,26,0,29,48,14,28,0,90,12,0,12,102
02/06/2020,ITO,HI,AWP,WE,Combined TRACON& Tower with Radar,49,9,1,12,71,0,0,22,2,24,49,9,23,14,95,46,0,46,141
02/07/2020,ITO,HI,AWP,WE,Combined TRACON& Tower with Radar,52,7,5,2,66,0,0,37,2,39,52,7,42,4,105,48,4,52,157
02/08/2020,ITO,HI,AWP,WE,Combined TRACON& Tower with Radar,49,7,3,2,61,0,2,37,5,44,49,9,40,7,105,24,0,24,129
02/09/2020,ITO,HI,AWP,WE,Combined TRACON& Tower with Radar,43,7,1,3,54,0,0,33,2,35,43,7,34,5,89,20,0,20,109
02/10/2020,ITO,HI,AWP,WE,Combined TRACON& Tower with Radar,52,7,1,0,60,0,0,37,0,37,52,7,38,0,97,32,0,32,129
02/11/2020,ITO,HI,AWP,WE,Combined TRACON& Tower with Radar,50,15,5,0,70,0,0,53,2,55,50,15,58,2,125,46,22,68,193
02/12/2020,ITO,HI,AWP,WE,Combined TRACON& Tower with Radar,48,9,5,2,64,0,0,41,4,45,48,9,46,6,109,12,4,16,125
02/13/2020,ITO,HI,AWP,WE,Combined TRACON& Tower with Radar,46,10,4,5,65,0,0,35,5,40,46,10,39,10,105,4,34,38,143
02/14/2020,ITO,HI,AWP,WE,Combined TRACON& Tower with Radar,55,12,0,2,69,0,0,46,10,56,55,12,46,12,125,18,0,18,143
02/15/2020,ITO,HI,AWP,WE,Combined TRACON& Tower with Radar,40,4,0,0,44,0,0,30,1,31,40,4,30,1,75,16,0,16,91
02/16/2020,ITO,HI,AWP,WE,Combined TRACON& Tower with Radar,41,4,0,0,45,0,0,42,0,42,41,4,42,0,87,46,0,46,133
02/17/2020,ITO,HI,AWP,WE,Combined TRACON& Tower with Radar,56,7,1,0,64,0,2,55,0,57,56,9,56,0,121,30,0,30,151
02/18/2020,ITO,HI,AWP,WE,Combined TRACON& Tower with Radar,47,12,2,1,62,0,0,71,1,72,47,12,73,2,134,18,8,26,160
02/19/2020,ITO,HI,AWP,WE,Combined TRACON& Tower with Radar,51,14,1,3,69,0,0,41,4,45,51,14,42,7,114,22,8,30,144
02/20/2020,ITO,HI,AWP,WE,Combined TRACON& Tower with Radar,51,10,2,0,63,0,0,43,2,45,51,10,45,2,108,18,12,30,138
02/21/2020,ITO,HI,AWP,WE,Combined TRACON& Tower with Radar,55,11,6,0,72,0,2,36,0,38,55,13,42,0,110,20,0,20,130
02/22/2020,ITO,HI,AWP,WE,Combined TRACON& Tower with Radar,40,4,1,0,45,0,2,27,0,29,40,6,28,0,74,14,0,14,88
02/23/2020,ITO,HI,AWP,WE,Combined TRACON& Tower with Radar,43,17,2,0,62,0,2,34,0,36,43,19,36,0,98,16,0,16,114
02/24/2020,ITO,HI,AWP,WE,Combined TRACON& Tower with Radar,50,8,2,0,60,0,0,29,0,29,50,8,31,0,89,12,0,12,101
02/25/2020,ITO,HI,AWP,WE,Combined TRACON& Tower with Radar,50,14,5,4,73,0,0,56,2,58,50,14,61,6,131,18,10,28,159
02/26/2020,ITO,HI,AWP,WE,Combined TRACON& Tower with Radar,49,10,2,8,69,0,0,28,4,32,49,10,30,12,101,16,26,42,143
02/27/2020,ITO,HI,AWP,WE,Combined TRACON& Tower with Radar,46,12,2,5,65,0,0,44,2,46,46,12,46,7,111,40,22,62,173
02/28/2020,ITO,HI,AWP,WE,Combined TRACON& Tower with Radar,54,6,0,2,62,0,0,19,0,19,54,6,19,2,81,14,0,14,95
02/29/2020,ITO,HI,AWP,WE,Combined TRACON& Tower with Radar,40,8,3,1,52,0,2,23,2,27,40,10,26,3,79,24,0,24,103
03/01/2020,ITO,HI,AWP,WE,Combined TRACON& Tower with Radar,43,2,3,1,49,0,0,24,0,24,43,2,27,1,73,18,0,18,91
03/02/2020,ITO,HI,AWP,WE,Combined TRACON& Tower with Radar,52,9,3,0,64,0,0,33,0,33,52,9,36,0,97,30,0,30,127
03/03/2020,ITO,HI,AWP,WE,Combined TRACON& Tower with Radar,55,7,19,5,86,0,0,1,0,1,55,7,20,5,87,16,0,16,103
03/04/2020,ITO,HI,AWP,WE,Combined TRACON& Tower with Radar,50,8,2,5,65,0,1,29,2,32,50,9,31,7,97,54,0,54,151
03/05/2020,ITO,HI,AWP,WE,Combined TRACON& Tower with Radar,53,14,3,0,70,0,2,29,2,33,53,16,32,2,103,46,10,56,159
03/06/2020,ITO,HI,AWP,WE,Combined TRACON& Tower with Radar,58,9,1,4,72,0,0,17,0,17,58,9,18,4,89,28,0,28,117
03/07/2020,ITO,HI,AWP,WE,Combined TRACON& Tower with Radar,44,8,3,2,57,0,0,27,1,28,44,8,30,3,85,30,10,40,125
03/08/2020,ITO,HI,AWP,WE,Combined TRACON& Tower with Radar,40,11,3,2,56,0,0,34,0,34,40,11,37,2,90,10,0,10,100
03/09/2020,ITO,HI,AWP,WE,Combined TRACON& Tower with Radar,57,6,0,3,66,0,0,30,0,30,57,6,30,3,96,38,10,48,144
03/10/2020,ITO,HI,AWP,WE,Combined TRACON& Tower with Radar,54,7,2,9,72,0,0,68,4,72,54,7,70,13,144,36,2,38,182
03/11/2020,ITO,HI,AWP,WE,Combined TRACON& Tower with Radar,49,10,4,3,66,0,0,68,2,70,49,10,72,5,136,34,8,42,178
03/12/2020,ITO,HI,AWP,WE,Combined TRACON& Tower with Radar,56,4,5,8,73,0,0,33,2,35,56,4,38,10,108,40,12,52,160
03/13/2020,ITO,HI,AWP,WE,Combined TRACON& Tower with Radar,56,6,3,0,65,0,0,24,2,26,56,6,27,2,91,26,2,28,119
03/14/2020,ITO,HI,AWP,WE,Combined TRACON& Tower with Radar,42,5,0,7,54,0,0,9,2,11,42,5,9,9,65,22,0,22,87
03/15/2020,ITO,HI,AWP,WE,Combined TRACON& Tower with Radar,42,3,2,0,47,0,0,11,0,11,42,3,13,0,58,20,0,20,78
03/16/2020,ITO,HI,AWP,WE,Combined TRACON& Tower with Radar,52,8,0,5,65,0,1,29,0,30,52,9,29,5,95,36,0,36,131
03/17/2020,ITO,HI,AWP,WE,Combined TRACON& Tower with Radar,58,10,1,0,69,0,0,7,0,7,58,10,8,0,76,30,0,30,106
03/18/2020,ITO,HI,AWP,WE,Combined TRACON& Tower with Radar,55,11,2,1,69,0,4,18,0,22,55,15,20,1,91,16,0,16,107
03/19/2020,ITO,HI,AWP,WE,Combined TRACON& Tower with Radar,52,10,3,2,67,0,0,27,3,30,52,10,30,5,97,14,22,36,133
03/20/2020,ITO,HI,AWP,WE,Combined TRACON& Tower with Radar,54,6,2,6,68,0,0,13,0,13,54,6,15,6,81,8,8,16,97
03/21/2020,ITO,HI,AWP,WE,Combined TRACON& Tower with Radar,43,3,1,0,47,0,0,2,0,2,43,3,3,0,49,0,0,0,49
03/22/2020,ITO,HI,AWP,WE,Combined TRACON& Tower with Radar,41,2,1,0,44,0,2,0,0,2,41,4,1,0,46,2,0,2,48
03/23/2020,ITO,HI,AWP,WE,Combined TRACON& Tower with Radar,50,12,0,0,62,0,0,0,0,0,50,12,0,0,62,2,0,2,64
03/24/2020,ITO,HI,AWP,WE,Combined TRACON& Tower with Radar,45,4,2,4,55,0,0,23,5,28,45,4,25,9,83,10,14,24,107
03/25/2020,ITO,HI,AWP,WE,Combined TRACON& Tower with Radar,47,4,2,1,54,0,0,0,1,1,47,4,2,2,55,0,0,0,55
03/26/2020,ITO,HI,AWP,WE,Combined TRACON& Tower with Radar,45,15,15,4,79,0,0,1,0,1,45,15,16,4,80,0,34,34,114
03/27/2020,ITO,HI,AWP,WE,Combined TRACON& Tower with Radar,40,6,3,0,49,0,0,0,0,0,40,6,3,0,49,0,0,0,49
03/28/2020,ITO,HI,AWP,WE,Combined TRACON& Tower with Radar,25,6,2,0,33,0,0,2,0,2,25,6,4,0,35,0,0,0,35
03/29/2020,ITO,HI,AWP,WE,Combined TRACON& Tower with Radar,32,8,0,0,40,0,0,0,0,0,32,8,0,0,40,0,0,0,40
03/30/2020,ITO,HI,AWP,WE,Combined TRACON& Tower with Radar,38,7,2,0,47,0,0,0,0,0,38,7,2,0,47,0,0,0,47
03/31/2020,ITO,HI,AWP,WE,Combined TRACON& Tower with Radar,32,4,0,6,42,0,0,0,3,3,32,4,0,9,45,4,22,26,71
04/01/2020,ITO,HI,AWP,WE,Combined TRACON& Tower with Radar,23,7,1,9,40,0,0,8,2,10,23,7,9,11,50,6,4,10,60
04/02/2020,ITO,HI,AWP,WE,Combined TRACON& Tower with Radar,19,7,0,0,26,0,0,5,4,9,19,7,5,4,35,2,16,18,53
04/03/2020,ITO,HI,AWP,WE,Combined TRACON& Tower with Radar,28,9,0,3,40,0,0,6,2,8,28,9,6,5,48,8,20,28,76
04/04/2020,ITO,HI,AWP,WE,Combined TRACON& Tower with Radar,20,5,1,0,26,0,0,5,0,5,20,5,6,0,31,18,0,18,49
04/05/2020,ITO,HI,AWP,WE,Combined TRACON& Tower with Radar,13,3,2,0,18,0,0,0,0,0,13,3,2,0,18,0,0,0,18
04/06/2020,ITO,HI,AWP,WE,Combined TRACON& Tower with Radar,26,7,0,0,33,0,0,8,0,8,26,7,8,0,41,0,0,0,41
04/07/2020,ITO,HI,AWP,WE,Combined TRACON& Tower with Radar,20,5,0,5,30,0,0,3,0,3,20,5,3,5,33,0,10,10,43
04/08/2020,ITO,HI,AWP,WE,Combined TRACON& Tower with Radar,20,10,0,0,30,0,0,4,4,8,20,10,4,4,38,0,6,6,44
04/09/2020,ITO,HI,AWP,WE,Combined TRACON& Tower with Radar,20,6,1,0,27,0,0,5,2,7,20,6,6,2,34,0,14,14,48
04/10/2020,ITO,HI,AWP,WE,Combined TRACON& Tower with Radar,20,7,0,1,28,0,1,4,2,7,20,8,4,3,35,14,2,16,51
04/11/2020,ITO,HI,AWP,WE,Combined TRACON& Tower with Radar,17,11,0,0,28,0,0,8,1,9,17,11,8,1,37,14,0,14,51
04/12/2020,ITO,HI,AWP,WE,Combined TRACON& Tower with Radar,12,5,1,0,18,0,0,0,0,0,12,5,1,0,18,0,0,0,18
04/13/2020,ITO,HI,AWP,WE,Combined TRACON& Tower with Radar,22,6,0,0,28,0,0,2,0,2,22,6,2,0,30,0,0,0,30
04/14/2020,ITO,HI,AWP,WE,Combined TRACON& Tower with Radar,20,7,4,1,32,0,1,0,1,2,20,8,4,2,34,0,2,2,36
04/15/2020,ITO,HI,AWP,WE,Combined TRACON& Tower with Radar,21,5,15,6,47,0,0,10,6,16,21,5,25,12,63,2,26,28,91
04/16/2020,ITO,HI,AWP,WE,Combined TRACON& Tower with Radar,29,9,3,3,44,0,0,3,4,7,29,9,6,7,51,10,0,10,61
04/17/2020,ITO,HI,AWP,WE,Combined TRACON& Tower with Radar,21,9,1,2,33,0,0,2,2,4,21,9,3,4,37,0,0,0,37
04/18/2020,ITO,HI,AWP,WE,Combined TRACON& Tower with Radar,16,5,0,0,21,0,2,3,0,5,16,7,3,0,26,12,0,12,38
04/19/2020,ITO,HI,AWP,WE,Combined TRACON& Tower with Radar,14,3,0,0,17,0,2,7,0,9,14,5,7,0,26,8,0,8,34
04/20/2020,ITO,HI,AWP,WE,Combined TRACON& Tower with Radar,19,5,0,0,24,0,0,2,0,2,19,5,2,0,26,12,0,12,38
04/21/2020,ITO,HI,AWP,WE,Combined TRACON& Tower with Radar,23,13,1,4,41,0,0,8,8,16,23,13,9,12,57,6,24,30,87
04/22/2020,ITO,HI,AWP,WE,Combined TRACON& Tower with Radar,21,16,0,0,37,0,2,4,0,6,21,18,4,0,43,0,0,0,43
04/23/2020,ITO,HI,AWP,WE,Combined TRACON& Tower with Radar,20,9,4,2,35,0,0,2,2,4,20,9,6,4,39,0,2,2,41
04/24/2020,ITO,HI,AWP,WE,Combined TRACON& Tower with Radar,21,9,3,5,38,0,0,2,4,6,21,9,5,9,44,0,12,12,56
04/25/2020,ITO,HI,AWP,WE,Combined TRACON& Tower with Radar,15,7,0,2,24,0,2,3,0,5,15,9,3,2,29,0,6,6,35
04/26/2020,ITO,HI,AWP,WE,Combined TRACON& Tower with Radar,14,4,3,0,21,0,0,4,0,4,14,4,7,0,25,0,0,0,25
04/27/2020,ITO,HI,AWP,WE,Combined TRACON& Tower with Radar,20,4,0,0,24,0,0,5,0,5,20,4,5,0,29,6,0,6,35
04/28/2020,ITO,HI,AWP,WE,Combined TRACON& Tower with Radar,20,7,3,6,36,0,0,7,4,11,20,7,10,10,47,2,17,19,66
04/29/2020,ITO,HI,AWP,WE,Combined TRACON& Tower with Radar,23,7,0,1,31,0,0,4,3,7,23,7,4,4,38,0,4,4,42
04/30/2020,ITO,HI,AWP,WE,Combined TRACON& Tower with Radar,20,3,0,6,29,0,0,4,7,11,20,3,4,13,40,2,22,24,64
05/01/2020,ITO,HI,AWP,WE,Combined TRACON& Tower with Radar,23,15,3,2,43,0,0,6,4,10,23,15,9,6,53,0,8,8,61
05/02/2020,ITO,HI,AWP,WE,Combined TRACON& Tower with Radar,17,4,0,1,22,0,2,5,1,8,17,6,5,2,30,10,2,12,42
05/03/2020,ITO,HI,AWP,WE,Combined TRACON& Tower with Radar,11,0,1,0,12,0,0,6,0,6,11,0,7,0,18,0,0,0,18
05/04/2020,ITO,HI,AWP,WE,Combined TRACON& Tower with Radar,26,6,0,0,32,0,0,2,0,2,26,6,2,0,34,19,0,19,53
05/05/2020,ITO,HI,AWP,WE,Combined TRACON& Tower with Radar,23,12,7,7,49,0,0,4,4,8,23,12,11,11,57,10,24,34,91
05/06/2020,ITO,HI,AWP,WE,Combined TRACON& Tower with Radar,22,7,0,0,29,0,0,6,2,8,22,7,6,2,37,2,14,16,53
05/07/2020,ITO,HI,AWP,WE,Combined TRACON& Tower with Radar,24,8,2,1,35,0,0,10,4,14,24,8,12,5,49,12,0,12,61
05/08/2020,ITO,HI,AWP,WE,Combined TRACON& Tower with Radar,20,13,3,3,39,0,2,6,1,9,20,15,9,4,48,2,0,2,50
05/09/2020,ITO,HI,AWP,WE,Combined TRACON& Tower with Radar,18,7,0,0,25,0,0,1,0,1,18,7,1,0,26,10,0,10,36
05/10/2020,ITO,HI,AWP,WE,Combined TRACON& Tower with Radar,13,0,0,0,13,0,0,4,0,4,13,0,4,0,17,0,0,0,17
05/11/2020,ITO,HI,AWP,WE,Combined TRACON& Tower with Radar,20,6,0,4,30,0,0,2,0,2,20,6,2,4,32,16,6,22,54
05/12/2020,ITO,HI,AWP,WE,Combined TRACON& Tower with Radar,19,12,1,2,34,0,0,6,4,10,19,12,7,6,44,12,10,22,66
05/13/2020,ITO,HI,AWP,WE,Combined TRACON& Tower with Radar,19,7,0,2,28,0,0,9,9,18,19,7,9,11,46,48,2,50,96
05/14/2020,ITO,HI,AWP,WE,Combined TRACON& Tower with Radar,24,10,1,5,40,0,0,5,5,10,24,10,6,10,50,2,0,2,52
05/15/2020,ITO,HI,AWP,WE,Combined TRACON& Tower with Radar,21,7,5,8,41,0,2,5,13,20,21,9,10,21,61,2,2,4,65
05/16/2020,ITO,HI,AWP,WE,Combined TRACON& Tower with Radar,18,7,2,0,27,0,0,2,0,2,18,7,4,0,29,0,0,0,29
05/17/2020,ITO,HI,AWP,WE,Combined TRACON& Tower with Radar,14,2,0,2,18,0,0,12,3,15,14,2,12,5,33,8,0,8,41
05/18/2020,ITO,HI,AWP,WE,Combined TRACON& Tower with Radar,26,1,2,8,37,0,3,7,0,10,26,4,9,8,47,16,22,38,85
05/19/2020,ITO,HI,AWP,WE,Combined TRACON& Tower with Radar,22,9,7,11,49,0,0,3,0,3,22,9,10,11,52,28,26,54,106
05/20/2020,ITO,HI,AWP,WE,Combined TRACON& Tower with Radar,23,7,0,5,35,0,2,2,3,7,23,9,2,8,42,12,8,20,62
05/21/2020,ITO,HI,AWP,WE,Combined TRACON& Tower with Radar,23,9,8,6,46,0,1,8,0,9,23,10,16,6,55,0,20,20,75
05/22/2020,ITO,HI,AWP,WE,Combined TRACON& Tower with Radar,22,5,0,0,27,0,1,0,2,3,22,6,0,2,30,2,2,4,34
05/23/2020,ITO,HI,AWP,WE,Combined TRACON& Tower with Radar,21,7,1,4,33,0,2,2,0,4,21,9,3,4,37,0,14,14,51
05/24/2020,ITO,HI,AWP,WE,Combined TRACON& Tower with Radar,15,1,5,0,21,0,2,1,0,3,15,3,6,0,24,0,0,0,24
05/25/2020,ITO,HI,AWP,WE,Combined TRACON& Tower with Radar,16,4,1,0,21,0,0,13,0,13,16,4,14,0,34,46,0,46,80
05/26/2020,ITO,HI,AWP,WE,Combined TRACON& Tower with Radar,31,10,0,5,46,0,1,4,2,7,31,11,4,7,53,0,0,0,53
05/27/2020,ITO,HI,AWP,WE,Combined TRACON& Tower with Radar,19,4,1,8,32,0,1,3,2,6,19,5,4,10,38,22,4,26,64
05/28/2020,ITO,HI,AWP,WE,Combined TRACON& Tower with Radar,24,9,4,9,46,0,1,8,1,10,24,10,12,10,56,6,0,6,62
05/29/2020,ITO,HI,AWP,WE,Combined TRACON& Tower with Radar,21,9,4,1,35,0,0,8,2,10,21,9,12,3,45,0,0,0,45
05/30/2020,ITO,HI,AWP,WE,Combined TRACON& Tower with Radar,20,6,2,2,30,0,0,4,0,4,20,6,6,2,34,0,0,0,34
05/31/2020,ITO,HI,AWP,WE,Combined TRACON& Tower with Radar,18,3,0,0,21,0,3,7,0,10,18,6,7,0,31,0,0,0,31
06/01/2020,ITO,HI,AWP,WE,Combined TRACON& Tower with Radar,23,9,1,4,37,0,0,3,0,3,23,9,4,4,40,16,8,24,64
06/02/2020,ITO,HI,AWP,WE,Combined TRACON& Tower with Radar,20,10,2,6,38,0,0,4,0,4,20,10,6,6,42,0,18,18,60
06/03/2020,ITO,HI,AWP,WE,Combined TRACON& Tower with Radar,20,11,7,7,45,0,2,4,4,10,20,13,11,11,55,6,16,22,77
06/04/2020,ITO,HI,AWP,WE,Combined TRACON& Tower with Radar,23,5,0,3,31,0,0,2,1,3,23,5,2,4,34,42,0,42,76
06/05/2020,ITO,HI,AWP,WE,Combined TRACON& Tower with Radar,24,5,3,4,36,0,0,4,4,8,24,5,7,8,44,30,4,34,78
06/06/2020,ITO,HI,AWP,WE,Combined TRACON& Tower with Radar,19,5,0,0,24,0,0,8,0,8,19,5,8,0,32,10,0,10,42
06/07/2020,ITO,HI,AWP,WE,Combined TRACON& Tower with Radar,17,4,0,0,21,0,2,3,0,5,17,6,3,0,26,0,0,0,26
06/08/2020,ITO,HI,AWP,WE,Combined TRACON& Tower with Radar,22,7,0,3,32,0,2,2,0,4,22,9,2,3,36,0,0,0,36
06/09/2020,ITO,HI,AWP,WE,Combined TRACON& Tower with Radar,24,8,1,6,39,0,1,5,5,11,24,9,6,11,50,18,12,30,80
06/10/2020,ITO,HI,AWP,WE,Combined TRACON& Tower with Radar,23,10,3,3,39,0,0,4,1,5,23,10,7,4,44,30,4,34,78
06/11/2020,ITO,HI,AWP,WE,Combined TRACON& Tower with Radar,23,6,0,9,38,0,0,2,5,7,23,6,2,14,45,0,12,12,57
06/12/2020,ITO,HI,AWP,WE,Combined TRACON& Tower with Radar,23,6,3,3,35,0,0,5,0,5,23,6,8,3,40,6,0,6,46
06/13/2020,ITO,HI,AWP,WE,Combined TRACON& Tower with Radar,24,9,4,2,39,0,0,6,5,11,24,9,10,7,50,0,0,0,50
06/14/2020,ITO,HI,AWP,WE,Combined TRACON& Tower with Radar,21,1,0,7,29,0,2,1,11,14,21,3,1,18,43,0,12,12,55
06/15/2020,ITO,HI,AWP,WE,Combined TRACON& Tower with Radar,22,8,9,8,47,0,3,6,15,24,22,11,15,23,71,12,18,30,101
06/16/2020,ITO,HI,AWP,WE,Combined TRACON& Tower with Radar,24,6,0,7,37,0,0,6,2,8,24,6,6,9,45,2,2,4,49
06/17/2020,ITO,HI,AWP,WE,Combined TRACON& Tower with Radar,32,7,5,6,50,0,0,6,2,8,32,7,11,8,58,16,26,42,100
06/18/2020,ITO,HI,AWP,WE,Combined TRACON& Tower with Radar,28,12,5,7,52,0,0,7,3,10,28,12,12,10,62,8,12,20,82
06/19/2020,ITO,HI,AWP,WE,Combined TRACON& Tower with Radar,30,5,0,1,36,0,0,6,6,12,30,5,6,7,48,6,14,20,68
06/20/2020,ITO,HI,AWP,WE,Combined TRACON& Tower with Radar,24,14,2,0,40,0,1,3,0,4,24,15,5,0,44,0,0,0,44
06/21/2020,ITO,HI,AWP,WE,Combined TRACON& Tower with Radar,21,10,0,0,31,0,2,0,0,2,21,12,0,0,33,4,0,4,37
06/22/2020,ITO,HI,AWP,WE,Combined TRACON& Tower with Radar,28,8,0,0,36,0,2,2,2,6,28,10,2,2,42,0,0,0,42
06/23/2020,ITO,HI,AWP,WE,Combined TRACON& Tower with Radar,24,12,4,1,41,0,5,6,3,14,24,17,10,4,55,0,2,2,57
06/24/2020,ITO,HI,AWP,WE,Combined TRACON& Tower with Radar,23,12,3,2,40,0,0,10,3,13,23,12,13,5,53,6,2,8,61
06/25/2020,ITO,HI,AWP,WE,Combined TRACON& Tower with Radar,28,11,1,3,43,0,1,6,2,9,28,12,7,5,52,0,0,0,52
06/26/2020,ITO,HI,AWP,WE,Combined TRACON& Tower with Radar,28,8,0,0,36,0,1,12,0,13,28,9,12,0,49,12,0,12,61
06/27/2020,ITO,HI,AWP,WE,Combined TRACON& Tower with Radar,20,5,0,0,25,0,0,5,0,5,20,5,5,0,30,0,0,0,30
06/28/2020,ITO,HI,AWP,WE,Combined TRACON& Tower with Radar,27,2,1,1,31,0,0,3,0,3,27,2,4,1,34,0,0,0,34
06/29/2020,ITO,HI,AWP,WE,Combined TRACON& Tower with Radar,29,6,0,6,41,0,7,2,2,11,29,13,2,8,52,0,0,0,52
06/30/2020,ITO,HI,AWP,WE,Combined TRACON& Tower with Radar,26,10,2,8,46,0,6,6,2,14,26,16,8,10,60,6,4,10,70
07/01/2020,ITO,HI,AWP,WE,Combined TRACON& Tower with Radar,29,5,1,3,38,0,0,5,4,9,29,5,6,7,47,6,4,10,57
07/02/2020,ITO,HI,AWP,WE,Combined TRACON& Tower with Radar,37,6,0,1,44,0,2,12,3,17,37,8,12,4,61,0,4,4,65
07/03/2020,ITO,HI,AWP,WE,Combined TRACON& Tower with Radar,35,10,2,0,47,0,0,2,0,2,35,10,4,0,49,8,0,8,57
07/04/2020,ITO,HI,AWP,WE,Combined TRACON& Tower with Radar,27,5,5,0,37,0,0,3,0,3,27,5,8,0,40,0,0,0,40
07/05/2020,ITO,HI,AWP,WE,Combined TRACON& Tower with Radar,35,3,1,0,39,0,4,3,0,7,35,7,4,0,46,4,0,4,50
07/06/2020,ITO,HI,AWP,WE,Combined TRACON& Tower with Radar,30,14,0,6,50,0,6,3,0,9,30,20,3,6,59,24,0,24,83
07/07/2020,ITO,HI,AWP,WE,Combined TRACON& Tower with Radar,32,7,0,8,47,0,0,8,0,8,32,7,8,8,55,8,12,20,75
07/08/2020,ITO,HI,AWP,WE,Combined TRACON& Tower with Radar,32,9,4,8,53,0,0,3,2,5,32,9,7,10,58,8,8,16,74
07/09/2020,ITO,HI,AWP,WE,Combined TRACON& Tower with Radar,35,8,1,1,45,0,1,9,1,11,35,9,10,2,56,0,0,0,56
07/10/2020,ITO,HI,AWP,WE,Combined TRACON& Tower with Radar,34,7,0,1,42,0,0,4,1,5,34,7,4,2,47,0,2,2,49
07/11/2020,ITO,HI,AWP,WE,Combined TRACON& Tower with Radar,23,11,3,3,40,0,1,8,2,11,23,12,11,5,51,10,0,10,61
07/12/2020,ITO,HI,AWP,WE,Combined TRACON& Tower with Radar,26,3,1,3,33,0,2,2,0,4,26,5,3,3,37,0,0,0,37
07/13/2020,ITO,HI,AWP,WE,Combined TRACON& Tower with Radar,31,7,1,2,41,0,3,4,1,8,31,10,5,3,49,0,0,0,49
07/14/2020,ITO,HI,AWP,WE,Combined TRACON& Tower with Radar,30,12,7,0,49,0,0,1,0,1,30,12,8,0,50,4,0,4,54
07/15/2020,ITO,HI,AWP,WE,Combined TRACON& Tower with Radar,32,4,0,1,37,0,0,4,1,5,32,4,4,2,42,0,0,0,42
07/16/2020,ITO,HI,AWP,WE,Combined TRACON& Tower with Radar,37,7,2,2,48,0,3,2,5,10,37,10,4,7,58,0,24,24,82
07/17/2020,ITO,HI,AWP,WE,Combined TRACON& Tower with Radar,38,3,4,3,48,0,0,3,7,10,38,3,7,10,58,0,18,18,76
07/18/2020,ITO,HI,AWP,WE,Combined TRACON& Tower with Radar,25,8,2,6,41,0,1,7,10,18,25,9,9,16,59,14,15,29,88
07/19/2020,ITO,HI,AWP,WE,Combined TRACON& Tower with Radar,30,3,0,0,33,0,0,0,6,6,30,3,0,6,39,0,4,4,43
07/20/2020,ITO,HI,AWP,WE,Combined TRACON& Tower with Radar,36,7,4,0,47,0,0,4,0,4,36,7,8,0,51,0,0,0,51
07/21/2020,ITO,HI,AWP,WE,Combined TRACON& Tower with Radar,36,3,2,0,41,0,0,5,0,5,36,3,7,0,46,4,0,4,50
07/22/2020,ITO,HI,AWP,WE,Combined TRACON& Tower with Radar,34,5,7,14,60,0,0,11,0,11,34,5,18,14,71,24,0,24,95
07/23/2020,ITO,HI,AWP,WE,Combined TRACON& Tower with Radar,34,2,2,6,44,0,0,2,5,7,34,2,4,11,51,10,6,16,67
07/24/2020,ITO,HI,AWP,WE,Combined TRACON& Tower with Radar,37,6,2,4,49,0,3,8,2,13,37,9,10,6,62,6,0,6,68
07/25/2020,ITO,HI,AWP,WE,Combined TRACON& Tower with Radar,24,4,2,2,32,0,2,4,0,6,24,6,6,2,38,2,0,2,40
07/26/2020,ITO,HI,AWP,WE,Combined TRACON& Tower with Radar,2,6,0,1,9,0,2,0,0,2,2,8,0,1,11,0,0,0,11
07/27/2020,ITO,HI,AWP,WE,Combined TRACON& Tower with Radar,31,11,2,0,44,0,1,2,1,4,31,12,4,1,48,6,0,6,54
07/28/2020,ITO,HI,AWP,WE,Combined TRACON& Tower with Radar,33,12,3,8,56,0,0,15,0,15,33,12,18,8,71,0,8,8,79
07/29/2020,ITO,HI,AWP,WE,Combined TRACON& Tower with Radar,32,5,2,0,39,0,0,9,3,12,32,5,11,3,51,2,0,2,53
07/30/2020,ITO,HI,AWP,WE,Combined TRACON& Tower with Radar,33,7,0,1,41,0,2,4,0,6,33,9,4,1,47,10,0,10,57
07/31/2020,ITO,HI,AWP,WE,Combined TRACON& Tower with Radar,33,3,0,1,37,0,0,2,2,4,33,3,2,3,41,4,0,4,45
08/01/2020,ITO,HI,AWP,WE,Combined TRACON& Tower with Radar,26,8,1,2,37,0,0,6,4,10,26,8,7,6,47,0,0,0,47
08/02/2020,ITO,HI,AWP,WE,Combined TRACON& Tower with Radar,29,2,0,0,31,0,4,4,2,10,29,6,4,2,41,0,8,8,49
08/03/2020,ITO,HI,AWP,WE,Combined TRACON& Tower with Radar,35,15,0,3,53,0,2,2,0,4,35,17,2,3,57,2,14,16,73
08/04/2020,ITO,HI,AWP,WE,Combined TRACON& Tower with Radar,33,18,1,8,60,0,0,7,5,12,33,18,8,13,72,2,22,24,96
08/05/2020,ITO,HI,AWP,WE,Combined TRACON& Tower with Radar,38,10,0,1,49,0,0,12,1,13,38,10,12,2,62,22,0,22,84
08/06/2020,ITO,HI,AWP,WE,Combined TRACON& Tower with Radar,38,6,0,9,53,0,0,2,2,4,38,6,2,11,57,0,6,6,63
08/07/2020,ITO,HI,AWP,WE,Combined TRACON& Tower with Radar,36,23,5,5,69,0,0,5,0,5,36,23,10,5,74,24,0,24,98
08/08/2020,ITO,HI,AWP,WE,Combined TRACON& Tower with Radar,28,7,1,0,36,0,0,5,0,5,28,7,6,0,41,4,0,4,45
08/09/2020,ITO,HI,AWP,WE,Combined TRACON& Tower with Radar,28,9,0,0,37,0,3,5,0,8,28,12,5,0,45,12,0,12,57
08/10/2020,ITO,HI,AWP,WE,Combined TRACON& Tower with Radar,37,8,7,0,52,0,2,9,0,11,37,10,16,0,63,8,0,8,71
08/11/2020,ITO,HI,AWP,WE,Combined TRACON& Tower with Radar,34,7,0,1,42,0,0,7,1,8,34,7,7,2,50,0,12,12,62
08/12/2020,ITO,HI,AWP,WE,Combined TRACON& Tower with Radar,24,5,0,1,30,0,0,3,1,4,24,5,3,2,34,10,2,12,46
08/13/2020,ITO,HI,AWP,WE,Combined TRACON& Tower with Radar,27,6,4,2,39,0,1,4,4,9,27,7,8,6,48,0,0,0,48
08/14/2020,ITO,HI,AWP,WE,Combined TRACON& Tower with Radar,27,8,6,0,41,0,0,2,0,2,27,8,8,0,43,0,0,0,43
08/15/2020,ITO,HI,AWP,WE,Combined TRACON& Tower with Radar,23,5,5,0,33,0,0,2,1,3,23,5,7,1,36,0,0,0,36
08/16/2020,ITO,HI,AWP,WE,Combined TRACON& Tower with Radar,21,0,3,0,24,0,0,4,0,4,21,0,7,0,28,8,0,8,36
08/17/2020,ITO,HI,AWP,WE,Combined TRACON& Tower with Radar,32,5,0,2,39,0,0,5,2,7,32,5,5,4,46,2,2,4,50
08/18/2020,ITO,HI,AWP,WE,Combined TRACON& Tower with Radar,28,3,3,0,34,0,0,3,1,4,28,3,6,1,38,2,8,10,48
08/19/2020,ITO,HI,AWP,WE,Combined TRACON& Tower with Radar,24,8,1,1,34,0,0,4,1,5,24,8,5,2,39,32,2,34,73
08/20/2020,ITO,HI,AWP,WE,Combined TRACON& Tower with Radar,22,5,0,1,28,0,0,1,2,3,22,5,1,3,31,0,2,2,33
08/21/2020,ITO,HI,AWP,WE,Combined TRACON& Tower with Radar,29,4,1,0,34,0,0,11,0,11,29,4,12,0,45,0,0,0,45
08/22/2020,ITO,HI,AWP,WE,Combined TRACON& Tower with Radar,23,5,0,1,29,0,0,7,2,9,23,5,7,3,38,2,0,2,40
08/23/2020,ITO,HI,AWP,WE,Combined TRACON& Tower with Radar,22,0,0,1,23,0,1,12,0,13,22,1,12,1,36,50,0,50,86
08/24/2020,ITO,HI,AWP,WE,Combined TRACON& Tower with Radar,25,4,0,0,29,0,0,7,0,7,25,4,7,0,36,2,0,2,38
08/25/2020,ITO,HI,AWP,WE,Combined TRACON& Tower with Radar,24,11,9,4,48,0,0,8,0,8,24,11,17,4,56,6,2,8,64
08/26/2020,ITO,HI,AWP,WE,Combined TRACON& Tower with Radar,21,9,1,5,36,0,1,6,3,10,21,10,7,8,46,28,2,30,76
08/27/2020,ITO,HI,AWP,WE,Combined TRACON& Tower with Radar,23,10,1,0,34,0,0,11,2,13,23,10,12,2,47,8,4,12,59
08/28/2020,ITO,HI,AWP,WE,Combined TRACON& Tower with Radar,26,6,0,0,32,0,0,8,0,8,26,6,8,0,40,0,0,0,40
08/29/2020,ITO,HI,AWP,WE,Combined TRACON& Tower with Radar,22,5,1,0,28,0,0,12,0,12,22,5,13,0,40,0,0,0,40
08/30/2020,ITO,HI,AWP,WE,Combined TRACON& Tower with Radar,20,7,4,0,31,0,2,3,0,5,20,9,7,0,36,28,0,28,64
08/31/2020,ITO,HI,AWP,WE,Combined TRACON& Tower with Radar,24,10,2,3,39,0,0,2,0,2,24,10,4,3,41,14,0,14,55
09/01/2020,ITO,HI,AWP,WE,Combined TRACON& Tower with Radar,22,7,0,14,43,0,0,7,2,9,22,7,7,16,52,0,42,42,94
09/02/2020,ITO,HI,AWP,WE,Combined TRACON& Tower with Radar,24,7,4,1,36,0,0,4,1,5,24,7,8,2,41,2,2,4,45
09/03/2020,ITO,HI,AWP,WE,Combined TRACON& Tower with Radar,30,8,8,7,53,0,3,3,4,10,30,11,11,11,63,10,6,16,79
09/04/2020,ITO,HI,AWP,WE,Combined TRACON& Tower with Radar,23,4,4,1,32,0,0,8,0,8,23,4,12,1,40,0,0,0,40
09/05/2020,ITO,HI,AWP,WE,Combined TRACON& Tower with Radar,19,2,2,0,23,0,4,2,3,9,19,6,4,3,32,0,8,8,40
09/06/2020,ITO,HI,AWP,WE,Combined TRACON& Tower with Radar,15,1,2,0,18,0,0,6,0,6,15,1,8,0,24,2,0,2,26
09/07/2020,ITO,HI,AWP,WE,Combined TRACON& Tower with Radar,18,2,0,0,20,0,2,3,0,5,18,4,3,0,25,16,0,16,41
09/08/2020,ITO,HI,AWP,WE,Combined TRACON& Tower with Radar,23,10,5,0,38,0,0,2,2,4,23,10,7,2,42,0,6,6,48
09/09/2020,ITO,HI,AWP,WE,Combined TRACON& Tower with Radar,22,8,3,2,35,0,0,0,2,2,22,8,3,4,37,0,6,6,43
09/10/2020,ITO,HI,AWP,WE,Combined TRACON& Tower with Radar,27,6,3,3,39,0,0,2,1,3,27,6,5,4,42,0,0,0,42
09/11/2020,ITO,HI,AWP,WE,Combined TRACON& Tower with Radar,21,7,0,2,30,0,0,0,4,4,21,7,0,6,34,0,2,2,36
09/12/2020,ITO,HI,AWP,WE,Combined TRACON& Tower with Radar,17,5,5,0,27,0,0,10,0,10,17,5,15,0,37,6,0,6,43
09/13/2020,ITO,HI,AWP,WE,Combined TRACON& Tower with Radar,15,5,1,0,21,0,1,7,0,8,15,6,8,0,29,0,0,0,29
09/14/2020,ITO,HI,AWP,WE,Combined TRACON& Tower with Radar,21,6,2,0,29,0,0,6,1,7,21,6,8,1,36,2,0,2,38
09/15/2020,ITO,HI,AWP,WE,Combined TRACON& Tower with Radar,21,16,2,1,40,0,0,7,4,11,21,16,9,5,51,20,0,20,71
09/16/2020,ITO,HI,AWP,WE,Combined TRACON& Tower with Radar,20,14,1,13,48,0,1,6,2,9,20,15,7,15,57,4,10,14,71
09/17/2020,ITO,HI,AWP,WE,Combined TRACON& Tower with Radar,22,7,0,9,38,0,0,6,3,9,22,7,6,12,47,0,44,44,91
09/18/2020,ITO,HI,AWP,WE,Combined TRACON& Tower with Radar,22,6,1,0,29,0,0,2,2,4,22,6,3,2,33,2,0,2,35
09/19/2020,ITO,HI,AWP,WE,Combined TRACON& Tower with Radar,19,5,1,0,25,0,0,2,0,2,19,5,3,0,27,10,0,10,37
09/20/2020,ITO,HI,AWP,WE,Combined TRACON& Tower with Radar,16,3,0,0,19,0,1,12,0,13,16,4,12,0,32,2,0,2,34
09/21/2020,ITO,HI,AWP,WE,Combined TRACON& Tower with Radar,20,8,3,12,43,0,0,6,0,6,20,8,9,12,49,0,0,0,49
09/22/2020,ITO,HI,AWP,WE,Combined TRACON& Tower with Radar,21,6,0,4,31,0,1,5,2,8,21,7,5,6,39,0,30,30,69
09/23/2020,ITO,HI,AWP,WE,Combined TRACON& Tower with Radar,20,6,5,4,35,0,1,5,0,6,20,7,10,4,41,0,0,0,41
09/24/2020,ITO,HI,AWP,WE,Combined TRACON& Tower with Radar,23,4,4,7,38,0,0,4,2,6,23,4,8,9,44,20,0,20,64
09/25/2020,ITO,HI,AWP,WE,Combined TRACON& Tower with Radar,25,26,4,2,57,0,0,10,0,10,25,26,14,2,67,0,0,0,67
09/26/2020,ITO,HI,AWP,WE,Combined TRACON& Tower with Radar,16,8,3,0,27,0,0,6,0,6,16,8,9,0,33,0,0,0,33
09/27/2020,ITO,HI,AWP,WE,Combined TRACON& Tower with Radar,14,0,2,4,20,0,0,2,0,2,14,0,4,4,22,14,0,14,36
09/28/2020,ITO,HI,AWP,WE,Combined TRACON& Tower with Radar,21,6,2,2,31,0,0,9,0,9,21,6,11,2,40,18,0,18,58
09/29/2020,ITO,HI,AWP,WE,Combined TRACON& Tower with Radar,20,7,5,3,35,0,0,4,4,8,20,7,9,7,43,0,4,4,47
09/30/2020,ITO,HI,AWP,WE,Combined TRACON& Tower with Radar,19,12,2,1,34,0,0,6,0,6,19,12,8,1,40,8,2,10,50
10/01/2020,ITO,HI,AWP,WE,Combined TRACON& Tower with Radar,19,5,0,0,24,0,0,1,0,1,19,5,1,0,25,0,0,0,25
10/02/2020,ITO,HI,AWP,WE,Combined TRACON& Tower with Radar,22,6,0,3,31,0,0,3,4,7,22,6,3,7,38,0,14,14,52
10/03/2020,ITO,HI,AWP,WE,Combined TRACON& Tower with Radar,17,4,1,4,26,0,0,1,0,1,17,4,2,4,27,8,0,8,35
10/04/2020,ITO,HI,AWP,WE,Combined TRACON& Tower with Radar,14,8,2,0,24,0,0,4,0,4,14,8,6,0,28,0,0,0,28
10/05/2020,ITO,HI,AWP,WE,Combined TRACON& Tower with Radar,25,4,1,4,34,0,0,3,0,3,25,4,4,4,37,4,6,10,47
10/06/2020,ITO,HI,AWP,WE,Combined TRACON& Tower with Radar,18,8,2,1,29,0,0,3,1,4,18,8,5,2,33,0,4,4,37
10/07/2020,ITO,HI,AWP,WE,Combined TRACON& Tower with Radar,18,17,9,6,50,0,0,2,0,2,18,17,11,6,52,3,2,5,57
10/08/2020,ITO,HI,AWP,WE,Combined TRACON& Tower with Radar,22,6,2,2,32,0,0,2,4,6,22,6,4,6,38,2,10,12,50
10/09/2020,ITO,HI,AWP,WE,Combined TRACON& Tower with Radar,24,5,4,5,38,0,0,3,0,3,24,5,7,5,41,0,8,8,49
10/10/2020,ITO,HI,AWP,WE,Combined TRACON& Tower with Radar,25,11,3,0,39,0,0,2,0,2,25,11,5,0,41,4,0,4,45
10/11/2020,ITO,HI,AWP,WE,Combined TRACON& Tower with Radar,14,4,0,0,18,0,0,2,0,2,14,4,2,0,20,0,0,0,20
10/12/2020,ITO,HI,AWP,WE,Combined TRACON& Tower with Radar,21,4,1,0,26,0,0,5,0,5,21,4,6,0,31,5,0,5,36
10/13/2020,ITO,HI,AWP,WE,Combined TRACON& Tower with Radar,24,2,0,2,28,0,0,2,2,4,24,2,2,4,32,0,12,12,44
10/14/2020,ITO,HI,AWP,WE,Combined TRACON& Tower with Radar,21,5,7,16,49,0,0,9,1,10,21,5,16,17,59,2,0,2,61
10/15/2020,ITO,HI,AWP,WE,Combined TRACON& Tower with Radar,27,7,12,3,49,0,2,9,8,19,27,9,21,11,68,0,0,0,68
10/16/2020,ITO,HI,AWP,WE,Combined TRACON& Tower with Radar,32,17,2,0,51,0,0,6,0,6,32,17,8,0,57,0,0,0,57
10/17/2020,ITO,HI,AWP,WE,Combined TRACON& Tower with Radar,26,12,2,1,41,0,0,2,0,2,26,12,4,1,43,10,0,10,53
10/18/2020,ITO,HI,AWP,WE,Combined TRACON& Tower with Radar,21,4,0,0,25,0,0,0,0,0,21,4,0,0,25,0,0,0,25
10/19/2020,ITO,HI,AWP,WE,Combined TRACON& Tower with Radar,26,16,1,4,47,0,0,9,1,10,26,16,10,5,57,16,0,16,73
10/20/2020,ITO,HI,AWP,WE,Combined TRACON& Tower with Radar,28,6,2,1,37,0,0,5,5,10,28,6,7,6,47,0,8,8,55
10/21/2020,ITO,HI,AWP,WE,Combined TRACON& Tower with Radar,27,5,0,6,38,0,2,10,2,14,27,7,10,8,52,0,0,0,52
10/22/2020,ITO,HI,AWP,WE,Combined TRACON& Tower with Radar,28,2,10,1,41,0,3,4,3,10,28,5,14,4,51,0,0,0,51
10/23/2020,ITO,HI,AWP,WE,Combined TRACON& Tower with Radar,30,7,3,8,48,0,0,7,2,9,30,7,10,10,57,2,2,4,61
10/24/2020,ITO,HI,AWP,WE,Combined TRACON& Tower with Radar,27,15,3,1,46,0,0,0,0,0,27,15,3,1,46,0,0,0,46
10/25/2020,ITO,HI,AWP,WE,Combined TRACON& Tower with Radar,21,4,0,0,25,0,0,4,0,4,21,4,4,0,29,0,0,0,29
10/26/2020,ITO,HI,AWP,WE,Combined TRACON& Tower with Radar,27,11,1,2,41,0,0,4,0,4,27,11,5,2,45,0,8,8,53
10/27/2020,ITO,HI,AWP,WE,Combined TRACON& Tower with Radar,27,6,3,1,37,0,0,5,0,5,27,6,8,1,42,10,0,10,52
10/28/2020,ITO,HI,AWP,WE,Combined TRACON& Tower with Radar,29,11,3,0,43,0,0,5,0,5,29,11,8,0,48,2,0,2,50
10/29/2020,ITO,HI,AWP,WE,Combined TRACON& Tower with Radar,26,11,17,3,57,0,0,2,2,4,26,11,19,5,61,0,0,0,61
10/30/2020,ITO,HI,AWP,WE,Combined TRACON& Tower with Radar,28,6,5,11,50,0,0,4,0,4,28,6,9,11,54,0,10,10,64
10/31/2020,ITO,HI,AWP,WE,Combined TRACON& Tower with Radar,24,5,5,4,38,0,0,4,1,5,24,5,9,5,43,0,0,0,43
11/01/2020,ITO,HI,AWP,WE,Combined TRACON& Tower with Radar,22,2,0,0,24,0,0,2,0,2,22,2,2,0,26,0,0,0,26
11/02/2020,ITO,HI,AWP,WE,Combined TRACON& Tower with Radar,30,9,4,0,43,0,0,2,0,2,30,9,6,0,45,0,0,0,45
11/03/2020,ITO,HI,AWP,WE,Combined TRACON& Tower with Radar,29,10,3,0,42,0,6,4,9,19,29,16,7,9,61,0,6,6,67
11/04/2020,ITO,HI,AWP,WE,Combined TRACON& Tower with Radar,27,5,1,2,35,0,0,6,3,9,27,5,7,5,44,0,4,4,48
11/05/2020,ITO,HI,AWP,WE,Combined TRACON& Tower with Radar,35,8,1,0,44,0,0,7,2,9,35,8,8,2,53,20,0,20,73
11/06/2020,ITO,HI,AWP,WE,Combined TRACON& Tower with Radar,30,9,5,0,44,0,0,4,0,4,30,9,9,0,48,0,0,0,48
11/07/2020,ITO,HI,AWP,WE,Combined TRACON& Tower with Radar,25,4,4,1,34,0,0,0,1,1,25,4,4,2,35,0,0,0,35
11/08/2020,ITO,HI,AWP,WE,Combined TRACON& Tower with Radar,23,0,4,0,27,0,0,6,0,6,23,0,10,0,33,2,0,2,35
11/09/2020,ITO,HI,AWP,WE,Combined TRACON& Tower with Radar,30,9,4,0,43,0,0,13,0,13,30,9,17,0,56,2,0,2,58
11/10/2020,ITO,HI,AWP,WE,Combined TRACON& Tower with Radar,29,7,3,1,40,0,0,1,1,2,29,7,4,2,42,0,10,10,52
11/11/2020,ITO,HI,AWP,WE,Combined TRACON& Tower with Radar,29,2,0,0,31,0,1,4,0,5,29,3,4,0,36,0,0,0,36
11/12/2020,ITO,HI,AWP,WE,Combined TRACON& Tower with Radar,34,3,0,6,43,0,0,4,1,5,34,3,4,7,48,0,6,6,54
11/13/2020,ITO,HI,AWP,WE,Combined TRACON& Tower with Radar,33,6,4,6,49,0,0,4,3,7,33,6,8,9,56,2,30,32,88
11/14/2020,ITO,HI,AWP,WE,Combined TRACON& Tower with Radar,31,4,1,2,38,0,0,4,2,6,31,4,5,4,44,0,4,4,48
11/15/2020,ITO,HI,AWP,WE,Combined TRACON& Tower with Radar,22,3,3,0,28,0,1,5,0,6,22,4,8,0,34,8,0,8,42
11/16/2020,ITO,HI,AWP,WE,Combined TRACON& Tower with Radar,28,12,0,4,44,0,2,11,0,13,28,14,11,4,57,2,0,2,59
11/17/2020,ITO,HI,AWP,WE,Combined TRACON& Tower with Radar,30,4,7,11,52,0,0,5,4,9,30,4,12,15,61,2,16,18,79
11/18/2020,ITO,HI,AWP,WE,Combined TRACON& Tower with Radar,32,7,1,8,48,0,1,8,5,14,32,8,9,13,62,0,18,18,80
11/19/2020,ITO,HI,AWP,WE,Combined TRACON& Tower with Radar,36,7,4,2,49,0,0,8,1,9,36,7,12,3,58,0,20,20,78
11/20/2020,ITO,HI,AWP,WE,Combined TRACON& Tower with Radar,33,7,3,0,43,0,0,5,0,5,33,7,8,0,48,0,0,0,48
11/21/2020,ITO,HI,AWP,WE,Combined TRACON& Tower with Radar,29,9,0,4,42,0,8,3,0,11,29,17,3,4,53,8,0,8,61
11/22/2020,ITO,HI,AWP,WE,Combined TRACON& Tower with Radar,31,2,0,0,33,0,0,4,0,4,31,2,4,0,37,4,0,4,41
11/23/2020,ITO,HI,AWP,WE,Combined TRACON& Tower with Radar,34,10,3,3,50,0,0,3,0,3,34,10,6,3,53,6,2,8,61
11/24/2020,ITO,HI,AWP,WE,Combined TRACON& Tower with Radar,38,16,2,9,65,0,0,3,4,7,38,16,5,13,72,0,30,30,102
11/25/2020,ITO,HI,AWP,WE,Combined TRACON& Tower with Radar,36,2,6,3,47,0,0,1,0,1,36,2,7,3,48,0,0,0,48
11/26/2020,ITO,HI,AWP,WE,Combined TRACON& Tower with Radar,30,0,0,0,30,0,0,0,0,0,30,0,0,0,30,0,0,0,30
11/27/2020,ITO,HI,AWP,WE,Combined TRACON& Tower with Radar,36,4,1,0,41,0,0,9,0,9,36,4,10,0,50,0,0,0,50
11/28/2020,ITO,HI,AWP,WE,Combined TRACON& Tower with Radar,32,4,3,0,39,0,0,3,0,3,32,4,6,0,42,2,0,2,44
11/29/2020,ITO,HI,AWP,WE,Combined TRACON& Tower with Radar,30,4,2,3,39,0,0,5,1,6,30,4,7,4,45,0,0,0,45
11/30/2020,ITO,HI,AWP,WE,Combined TRACON& Tower with Radar,42,5,0,2,49,0,0,8,1,9,42,5,8,3,58,4,0,4,62
12/01/2020,ITO,HI,AWP,WE,Combined TRACON& Tower with Radar,36,3,4,2,45,0,0,9,2,11,36,3,13,4,56,0,14,14,70
12/02/2020,ITO,HI,AWP,WE,Combined TRACON& Tower with Radar,40,6,3,1,50,0,0,5,1,6,40,6,8,2,56,0,0,0,56
12/03/2020,ITO,HI,AWP,WE,Combined TRACON& Tower with Radar,37,10,1,5,53,0,3,9,4,16,37,13,10,9,69,26,4,30,99
12/04/2020,ITO,HI,AWP,WE,Combined TRACON& Tower with Radar,35,7,2,0,44,0,2,9,0,11,35,9,11,0,55,0,0,0,55
12/05/2020,ITO,HI,AWP,WE,Combined TRACON& Tower with Radar,30,7,0,11,48,0,2,1,0,3,30,9,1,11,51,8,0,8,59
12/06/2020,ITO,HI,AWP,WE,Combined TRACON& Tower with Radar,32,5,3,0,40,0,0,3,0,3,32,5,6,0,43,0,0,0,43
12/07/2020,ITO,HI,AWP,WE,Combined TRACON& Tower with Radar,40,3,16,0,59,0,0,10,0,10,40,3,26,0,69,0,0,0,69
12/08/2020,ITO,HI,AWP,WE,Combined TRACON& Tower with Radar,35,6,0,0,41,0,0,2,3,5,35,6,2,3,46,0,8,8,54
12/09/2020,ITO,HI,AWP,WE,Combined TRACON& Tower with Radar,38,7,0,2,47,0,1,4,2,7,38,8,4,4,54,0,5,5,59
12/10/2020,ITO,HI,AWP,WE,Combined TRACON& Tower with Radar,36,4,8,0,48,0,2,8,5,15,36,6,16,5,63,2,4,6,69
12/11/2020,ITO,HI,AWP,WE,Combined TRACON& Tower with Radar,33,3,3,3,42,0,0,6,0,6,33,3,9,3,48,6,0,6,54
12/12/2020,ITO,HI,AWP,WE,Combined TRACON& Tower with Radar,29,5,5,1,40,0,0,6,0,6,29,5,11,1,46,0,0,0,46
12/13/2020,ITO,HI,AWP,WE,Combined TRACON& Tower with Radar,35,4,3,3,45,0,0,8,0,8,35,4,11,3,53,0,0,0,53
12/14/2020,ITO,HI,AWP,WE,Combined TRACON& Tower with Radar,40,8,8,0,56,0,0,10,0,10,40,8,18,0,66,0,0,0,66
12/15/2020,ITO,HI,AWP,WE,Combined TRACON& Tower with Radar,38,4,0,0,42,0,0,6,0,6,38,4,6,0,48,0,2,2,50
12/16/2020,ITO,HI,AWP,WE,Combined TRACON& Tower with Radar,32,4,0,2,38,0,0,2,0,2,32,4,2,2,40,18,0,18,58
12/17/2020,ITO,HI,AWP,WE,Combined TRACON& Tower with Radar,34,7,4,0,45,0,0,4,0,4,34,7,8,0,49,0,0,0,49
12/18/2020,ITO,HI,AWP,WE,Combined TRACON& Tower with Radar,35,8,11,0,54,0,0,2,0,2,35,8,13,0,56,2,0,2,58
12/19/2020,ITO,HI,AWP,WE,Combined TRACON& Tower with Radar,27,2,2,0,31,0,0,0,0,0,27,2,2,0,31,0,0,0,31
12/20/2020,ITO,HI,AWP,WE,Combined TRACON& Tower with Radar,26,4,0,4,34,2,0,0,0,2,28,4,0,4,36,0,0,0,36
12/21/2020,ITO,HI,AWP,WE,Combined TRACON& Tower with Radar,32,4,7,1,44,0,2,19,1,22,32,6,26,2,66,20,0,20,86
12/22/2020,ITO,HI,AWP,WE,Combined TRACON& Tower with Radar,32,6,3,0,41,0,3,18,5,26,32,9,21,5,67,10,14,24,91
12/23/2020,ITO,HI,AWP,WE,Combined TRACON& Tower with Radar,30,4,2,0,36,0,2,18,2,22,30,6,20,2,58,12,0,12,70
12/24/2020,ITO,HI,AWP,WE,Combined TRACON& Tower with Radar,31,10,0,0,41,0,0,19,0,19,31,10,19,0,60,2,0,2,62
12/25/2020,ITO,HI,AWP,WE,Combined TRACON& Tower with Radar,22,2,1,0,25,0,0,6,0,6,22,2,7,0,31,0,0,0,31
12/26/2020,ITO,HI,AWP,WE,Combined TRACON& Tower with Radar,25,6,4,2,37,0,0,8,0,8,25,6,12,2,45,0,0,0,45
12/27/2020,ITO,HI,AWP,WE,Combined TRACON& Tower with Radar,25,4,3,0,32,0,2,9,0,11,25,6,12,0,43,2,0,2,45
12/28/2020,ITO,HI,AWP,WE,Combined TRACON& Tower with Radar,32,5,0,0,37,0,0,21,0,21,32,5,21,0,58,4,0,4,62
12/29/2020,ITO,HI,AWP,WE,Combined TRACON& Tower with Radar,32,8,0,0,40,0,6,14,0,20,32,14,14,0,60,10,0,10,70
12/30/2020,ITO,HI,AWP,WE,Combined TRACON& Tower with Radar,40,8,1,6,55,0,3,22,0,25,40,11,23,6,80,4,0,4,84
12/31/2020,ITO,HI,AWP,WE,Combined TRACON& Tower with Radar,38,2,1,0,41,0,1,17,0,18,38,3,18,0,59,4,0,4,63
01/01/2021,ITO,HI,AWP,WE,Combined TRACON& Tower with Radar,25,2,5,0,32,0,2,3,0,5,25,4,8,0,37,6,0,6,43
01/02/2021,ITO,HI,AWP,WE,Combined TRACON& Tower with Radar,21,8,11,0,40,0,0,19,0,19,21,8,30,0,59,16,0,16,75
01/03/2021,ITO,HI,AWP,WE,Combined TRACON& Tower with Radar,21,2,0,0,23,0,10,14,0,24,21,12,14,0,47,6,0,6,53
01/04/2021,ITO,HI,AWP,WE,Combined TRACON& Tower with Radar,34,5,0,0,39,0,0,9,0,9,34,5,9,0,48,10,0,10,58
01/05/2021,ITO,HI,AWP,WE,Combined TRACON& Tower with Radar,31,6,7,2,46,0,0,39,0,39,31,6,46,2,85,16,0,16,101
01/06/2021,ITO,HI,AWP,WE,Combined TRACON& Tower with Radar,33,5,0,4,42,0,0,17,0,17,33,5,17,4,59,2,0,2,61
01/07/2021,ITO,HI,AWP,WE,Combined TRACON& Tower with Radar,34,6,4,0,44,0,1,14,2,17,34,7,18,2,61,0,0,0,61
01/08/2021,ITO,HI,AWP,WE,Combined TRACON& Tower with Radar,34,7,7,2,50,0,0,16,3,19,34,7,23,5,69,4,12,16,85
01/09/2021,ITO,HI,AWP,WE,Combined TRACON& Tower with Radar,26,3,2,0,31,0,0,7,5,12,26,3,9,5,43,10,2,12,55
01/10/2021,ITO,HI,AWP,WE,Combined TRACON& Tower with Radar,25,3,2,0,30,0,0,4,0,4,25,3,6,0,34,0,0,0,34
01/11/2021,ITO,HI,AWP,WE,Combined TRACON& Tower with Radar,32,4,4,0,40,0,0,14,0,14,32,4,18,0,54,4,0,4,58
01/12/2021,ITO,HI,AWP,WE,Combined TRACON& Tower with Radar,31,6,8,0,45,0,0,8,1,9,31,6,16,1,54,0,8,8,62
01/13/2021,ITO,HI,AWP,WE,Combined TRACON& Tower with Radar,29,7,6,6,48,0,0,14,0,14,29,7,20,6,62,4,6,10,72
01/14/2021,ITO,HI,AWP,WE,Combined TRACON& Tower with Radar,31,3,5,1,40,0,1,17,1,19,31,4,22,2,59,4,2,6,65
01/15/2021,ITO,HI,AWP,WE,Combined TRACON& Tower with Radar,43,6,6,3,58,0,2,16,0,18,43,8,22,3,76,24,0,24,100
01/16/2021,ITO,HI,AWP,WE,Combined TRACON& Tower with Radar,27,10,2,0,39,0,1,5,0,6,27,11,7,0,45,6,0,6,51
01/17/2021,ITO,HI,AWP,WE,Combined TRACON& Tower with Radar,25,1,2,0,28,0,6,11,0,17,25,7,13,0,45,0,0,0,45
01/18/2021,ITO,HI,AWP,WE,Combined TRACON& Tower with Radar,32,5,4,5,46,0,0,3,1,4,32,5,7,6,50,4,6,10,60
01/19/2021,ITO,HI,AWP,WE,Combined TRACON& Tower with Radar,32,5,3,0,40,0,0,4,0,4,32,5,7,0,44,4,0,4,48
01/20/2021,ITO,HI,AWP,WE,Combined TRACON& Tower with Radar,36,9,10,0,55,0,0,14,3,17,36,9,24,3,72,12,36,48,120
01/21/2021,ITO,HI,AWP,WE,Combined TRACON& Tower with Radar,30,7,1,8,46,0,0,4,2,6,30,7,5,10,52,4,0,4,56
01/22/2021,ITO,HI,AWP,WE,Combined TRACON& Tower with Radar,38,10,4,2,54,0,0,16,4,20,38,10,20,6,74,0,22,22,96
01/23/2021,ITO,HI,AWP,WE,Combined TRACON& Tower with Radar,23,9,7,0,39,0,0,8,0,8,23,9,15,0,47,0,0,0,47
01/24/2021,ITO,HI,AWP,WE,Combined TRACON& Tower with Radar,23,4,6,0,33,0,0,10,0,10,23,4,16,0,43,14,0,14,57
01/25/2021,ITO,HI,AWP,WE,Combined TRACON& Tower with Radar,38,6,8,2,54,0,0,0,0,0,38,6,8,2,54,26,0,26,80
01/26/2021,ITO,HI,AWP,WE,Combined TRACON& Tower with Radar,29,6,4,5,44,0,0,0,0,0,29,6,4,5,44,6,10,16,60
01/27/2021,ITO,HI,AWP,WE,Combined TRACON& Tower with Radar,31,4,4,2,41,0,0,0,0,0,31,4,4,2,41,4,0,4,45
01/28/2021,ITO,HI,AWP,WE,Combined TRACON& Tower with Radar,30,5,6,12,53,0,0,12,3,15,30,5,18,15,68,50,23,73,141
01/29/2021,ITO,HI,AWP,WE,Combined TRACON& Tower with Radar,30,13,6,0,49,0,0,7,0,7,30,13,13,0,56,8,0,8,64
01/30/2021,ITO,HI,AWP,WE,Combined TRACON& Tower with Radar,21,10,6,0,37,0,0,10,0,10,21,10,16,0,47,30,0,30,77
01/31/2021,ITO,HI,AWP,WE,Combined TRACON& Tower with Radar,24,5,4,0,33,0,2,2,0,4,24,7,6,0,37,0,0,0,37
02/01/2021,ITO,HI,AWP,WE,Combined TRACON& Tower with Radar,31,16,7,0,54,0,3,4,2,9,31,19,11,2,63,4,0,4,67
02/02/2021,ITO,HI,AWP,WE,Combined TRACON& Tower with Radar,28,17,3,2,50,0,0,19,0,19,28,17,22,2,69,42,0,42,111
02/03/2021,ITO,HI,AWP,WE,Combined TRACON& Tower with Radar,28,8,1,0,37,0,0,11,2,13,28,8,12,2,50,4,2,6,56
02/04/2021,ITO,HI,AWP,WE,Combined TRACON& Tower with Radar,28,8,13,2,51,0,0,20,1,21,28,8,33,3,72,10,0,10,82
02/05/2021,ITO,HI,AWP,WE,Combined TRACON& Tower with Radar,28,7,4,3,42,0,0,7,1,8,28,7,11,4,50,12,14,26,76
02/06/2021,ITO,HI,AWP,WE,Combined TRACON& Tower with Radar,21,8,4,0,33,0,0,10,0,10,21,8,14,0,43,74,0,74,117
02/07/2021,ITO,HI,AWP,WE,Combined TRACON& Tower with Radar,25,6,9,0,40,0,1,11,0,12,25,7,20,0,52,12,0,12,64
02/08/2021,ITO,HI,AWP,WE,Combined TRACON& Tower with Radar,24,14,3,0,41,0,0,9,0,9,24,14,12,0,50,2,0,2,52
02/09/2021,ITO,HI,AWP,WE,Combined TRACON& Tower with Radar,31,11,8,0,50,0,0,5,0,5,31,11,13,0,55,10,0,10,65
02/10/2021,ITO,HI,AWP,WE,Combined TRACON& Tower with Radar,27,7,0,9,43,0,3,21,1,25,27,10,21,10,68,38,0,38,106
02/11/2021,ITO,HI,AWP,WE,Combined TRACON& Tower with Radar,25,7,1,5,38,0,1,15,3,19,25,8,16,8,57,14,4,18,75
02/12/2021,ITO,HI,AWP,WE,Combined TRACON& Tower with Radar,35,1,9,0,45,0,0,27,0,27,35,1,36,0,72,28,0,28,100
02/13/2021,ITO,HI,AWP,WE,Combined TRACON& Tower with Radar,23,7,2,0,32,0,1,7,2,10,23,8,9,2,42,0,0,0,42
02/14/2021,ITO,HI,AWP,WE,Combined TRACON& Tower with Radar,23,2,0,0,25,0,0,5,0,5,23,2,5,0,30,2,0,2,32
02/15/2021,ITO,HI,AWP,WE,Combined TRACON& Tower with Radar,26,10,1,0,37,0,0,8,0,8,26,10,9,0,45,6,0,6,51
02/16/2021,ITO,HI,AWP,WE,Combined TRACON& Tower with Radar,29,5,3,2,39,0,2,23,2,27,29,7,26,4,66,22,0,22,88
02/17/2021,ITO,HI,AWP,WE,Combined TRACON& Tower with Radar,28,7,1,2,38,0,0,8,0,8,28,7,9,2,46,16,0,16,62
02/18/2021,ITO,HI,AWP,WE,Combined TRACON& Tower with Radar,39,5,6,4,54,0,0,14,0,14,39,5,20,4,68,2,0,2,70
02/19/2021,ITO,HI,AWP,WE,Combined TRACON& Tower with Radar,29,10,1,0,40,0,0,20,2,22,29,10,21,2,62,8,0,8,70
02/20/2021,ITO,HI,AWP,WE,Combined TRACON& Tower with Radar,25,9,2,0,36,0,0,2,0,2,25,9,4,0,38,0,10,10,48
02/21/2021,ITO,HI,AWP,WE,Combined TRACON& Tower with Radar,25,4,0,0,29,0,0,1,0,1,25,4,1,0,30,10,0,10,40
02/22/2021,ITO,HI,AWP,WE,Combined TRACON& Tower with Radar,28,9,0,1,38,0,0,16,0,16,28,9,16,1,54,4,0,4,58
02/23/2021,ITO,HI,AWP,WE,Combined TRACON& Tower with Radar,32,6,5,7,50,0,1,10,0,11,32,7,15,7,61,2,0,2,63
02/24/2021,ITO,HI,AWP,WE,Combined TRACON& Tower with Radar,31,8,0,9,48,0,0,6,5,11,31,8,6,14,59,4,20,24,83
02/25/2021,ITO,HI,AWP,WE,Combined TRACON& Tower with Radar,32,8,0,11,51,0,0,15,1,16,32,8,15,12,67,6,36,42,109
02/26/2021,ITO,HI,AWP,WE,Combined TRACON& Tower with Radar,31,6,0,8,45,0,2,7,0,9,31,8,7,8,54,6,6,12,66
02/27/2021,ITO,HI,AWP,WE,Combined TRACON& Tower with Radar,30,4,0,0,34,0,0,2,0,2,30,4,2,0,36,0,0,0,36
02/28/2021,ITO,HI,AWP,WE,Combined TRACON& Tower with Radar,30,7,0,5,42,0,0,4,0,4,30,7,4,5,46,0,0,0,46
03/01/2021,ITO,HI,AWP,WE,Combined TRACON& Tower with Radar,29,5,0,0,34,0,0,10,0,10,29,5,10,0,44,10,0,10,54
03/02/2021,ITO,HI,AWP,WE,Combined TRACON& Tower with Radar,31,3,2,6,42,0,0,12,0,12,31,3,14,6,54,10,0,10,64
03/03/2021,ITO,HI,AWP,WE,Combined TRACON& Tower with Radar,33,9,6,1,49,0,2,22,1,25,33,11,28,2,74,4,16,20,94
03/04/2021,ITO,HI,AWP,WE,Combined TRACON& Tower with Radar,29,8,2,6,45,0,0,28,4,32,29,8,30,10,77,8,22,30,107
03/05/2021,ITO,HI,AWP,WE,Combined TRACON& Tower with Radar,31,6,0,0,37,0,0,24,0,24,31,6,24,0,61,6,0,6,67
03/06/2021,ITO,HI,AWP,WE,Combined TRACON& Tower with Radar,27,6,1,0,34,1,0,12,0,13,28,6,13,0,47,2,0,2,49
03/07/2021,ITO,HI,AWP,WE,Combined TRACON& Tower with Radar,27,2,1,0,30,0,0,4,0,4,27,2,5,0,34,0,0,0,34
03/08/2021,ITO,HI,AWP,WE,Combined TRACON& Tower with Radar,28,10,2,0,40,0,0,3,0,3,28,10,5,0,43,2,0,2,45
03/09/2021,ITO,HI,AWP,WE,Combined TRACON& Tower with Radar,33,8,4,0,45,0,0,2,0,2,33,8,6,0,47,0,0,0,47
03/10/2021,ITO,HI,AWP,WE,Combined TRACON& Tower with Radar,29,6,2,1,38,0,0,1,2,3,29,6,3,3,41,0,2,2,43
03/11/2021,ITO,HI,AWP,WE,Combined TRACON& Tower with Radar,29,25,0,3,57,0,0,6,2,8,29,25,6,5,65,8,8,16,81
03/12/2021,ITO,HI,AWP,WE,Combined TRACON& Tower with Radar,35,9,1,12,57,0,0,12,0,12,35,9,13,12,69,8,4,12,81
03/13/2021,ITO,HI,AWP,WE,Combined TRACON& Tower with Radar,23,10,4,2,39,0,1,0,0,1,23,11,4,2,40,0,0,0,40
03/14/2021,ITO,HI,AWP,WE,Combined TRACON& Tower with Radar,29,0,4,4,37,0,1,4,0,5,29,1,8,4,42,2,0,2,44
03/15/2021,ITO,HI,AWP,WE,Combined TRACON& Tower with Radar,28,9,2,2,41,0,0,32,2,34,28,9,34,4,75,10,0,10,85
03/16/2021,ITO,HI,AWP,WE,Combined TRACON& Tower with Radar,32,8,0,2,42,0,1,27,0,28,32,9,27,2,70,8,0,8,78
03/17/2021,ITO,HI,AWP,WE,Combined TRACON& Tower with Radar,32,8,5,6,51,0,0,19,0,19,32,8,24,6,70,12,6,18,88
03/18/2021,ITO,HI,AWP,WE,Combined TRACON& Tower with Radar,31,10,2,4,47,0,0,12,0,12,31,10,14,4,59,4,0,4,63
03/19/2021,ITO,HI,AWP,WE,Combined TRACON& Tower with Radar,32,9,1,0,42,0,0,34,0,34,32,9,35,0,76,6,0,6,82
03/20/2021,ITO,HI,AWP,WE,Combined TRACON& Tower with Radar,25,16,7,3,51,0,0,2,1,3,25,16,9,4,54,0,6,6,60
03/21/2021,ITO,HI,AWP,WE,Combined TRACON& Tower with Radar,27,16,1,0,44,0,15,7,0,22,27,31,8,0,66,4,0,4,70
03/22/2021,ITO,HI,AWP,WE,Combined TRACON& Tower with Radar,31,7,3,3,44,1,0,4,2,7,32,7,7,5,51,4,0,4,55
03/23/2021,ITO,HI,AWP,WE,Combined TRACON& Tower with Radar,34,8,13,2,57,0,0,34,0,34,34,8,47,2,91,14,0,14,105
03/24/2021,ITO,HI,AWP,WE,Combined TRACON& Tower with Radar,31,10,1,0,42,0,0,19,0,19,31,10,20,0,61,8,0,8,69
03/25/2021,ITO,HI,AWP,WE,Combined TRACON& Tower with Radar,33,15,7,2,57,0,1,32,7,40,33,16,39,9,97,8,6,14,111
03/26/2021,ITO,HI,AWP,WE,Combined TRACON& Tower with Radar,31,7,1,3,42,0,0,47,3,50,31,7,48,6,92,10,8,18,110
03/27/2021,ITO,HI,AWP,WE,Combined TRACON& Tower with Radar,31,7,1,1,40,0,0,13,0,13,31,7,14,1,53,4,0,4,57
03/28/2021,ITO,HI,AWP,WE,Combined TRACON& Tower with Radar,28,8,1,0,37,0,0,0,0,0,28,8,1,0,37,0,0,0,37
03/29/2021,ITO,HI,AWP,WE,Combined TRACON& Tower with Radar,33,10,1,0,44,0,2,20,0,22,33,12,21,0,66,8,0,8,74
03/30/2021,ITO,HI,AWP,WE,Combined TRACON& Tower with Radar,37,13,4,2,56,0,2,16,0,18,37,15,20,2,74,6,0,6,80
03/31/2021,ITO,HI,AWP,WE,Combined TRACON& Tower with Radar,32,12,3,2,49,0,0,29,4,33,32,12,32,6,82,18,2,20,102
04/01/2021,ITO,HI,AWP,WE,Combined TRACON& Tower with Radar,35,4,3,2,44,0,0,37,2,39,35,4,40,4,83,12,16,28,111
04/02/2021,ITO,HI,AWP,WE,Combined TRACON& Tower with Radar,36,3,1,0,40,0,1,46,0,47,36,4,47,0,87,14,0,14,101
04/03/2021,ITO,HI,AWP,WE,Combined TRACON& Tower with Radar,27,10,1,1,39,0,0,13,0,13,27,10,14,1,52,14,0,14,66
04/04/2021,ITO,HI,AWP,WE,Combined TRACON& Tower with Radar,30,4,3,2,39,0,0,0,1,1,30,4,3,3,40,0,4,4,44
04/05/2021,ITO,HI,AWP,WE,Combined TRACON& Tower with Radar,34,12,4,1,51,0,0,11,2,13,34,12,15,3,64,8,0,8,72
04/06/2021,ITO,HI,AWP,WE,Combined TRACON& Tower with Radar,34,9,3,0,46,0,0,1,0,1,34,9,4,0,47,0,0,0,47
04/07/2021,ITO,HI,AWP,WE,Combined TRACON& Tower with Radar,41,13,3,1,58,0,0,30,1,31,41,13,33,2,89,8,0,8,97
04/08/2021,ITO,HI,AWP,WE,Combined TRACON& Tower with Radar,40,10,2,0,52,0,0,48,0,48,40,10,50,0,100,12,0,12,112
04/09/2021,ITO,HI,AWP,WE,Combined TRACON& Tower with Radar,42,10,1,2,55,0,0,46,2,48,42,10,47,4,103,12,2,14,117
04/10/2021,ITO,HI,AWP,WE,Combined TRACON& Tower with Radar,31,17,4,2,54,0,1,12,4,17,31,18,16,6,71,2,4,6,77
04/11/2021,ITO,HI,AWP,WE,Combined TRACON& Tower with Radar,35,3,1,4,43,0,0,10,0,10,35,3,11,4,53,2,0,2,55
04/12/2021,ITO,HI,AWP,WE,Combined TRACON& Tower with Radar,39,15,2,4,60,0,2,21,3,26,39,17,23,7,86,8,30,38,124
04/13/2021,ITO,HI,AWP,WE,Combined TRACON& Tower with Radar,38,14,5,4,61,0,0,20,4,24,38,14,25,8,85,42,28,70,155
04/14/2021,ITO,HI,AWP,WE,Combined TRACON& Tower with Radar,41,5,0,4,50,0,0,25,5,30,41,5,25,9,80,10,4,14,94
04/15/2021,ITO,HI,AWP,WE,Combined TRACON& Tower with Radar,42,3,2,1,48,0,0,31,0,31,42,3,33,1,79,14,0,14,93
04/16/2021,ITO,HI,AWP,WE,Combined TRACON& Tower with Radar,44,10,3,0,57,0,1,44,2,47,44,11,47,2,104,24,0,24,128
04/17/2021,ITO,HI,AWP,WE,Combined TRACON& Tower with Radar,33,5,3,7,48,2,0,12,2,16,35,5,15,9,64,16,0,16,80
04/18/2021,ITO,HI,AWP,WE,Combined TRACON& Tower with Radar,30,0,5,2,37,0,4,9,0,13,30,4,14,2,50,4,0,4,54
04/19/2021,ITO,HI,AWP,WE,Combined TRACON& Tower with Radar,39,7,1,1,48,0,6,43,0,49,39,13,44,1,97,8,0,8,105
04/20/2021,ITO,HI,AWP,WE,Combined TRACON& Tower with Radar,37,12,10,2,61,0,7,25,8,40,37,19,35,10,101,44,8,52,153
04/21/2021,ITO,HI,AWP,WE,Combined TRACON& Tower with Radar,36,10,0,0,46,0,5,34,2,41,36,15,34,2,87,12,0,12,99
04/22/2021,ITO,HI,AWP,WE,Combined TRACON& Tower with Radar,42,17,2,0,61,0,5,37,4,46,42,22,39,4,107,14,0,14,121
04/23/2021,ITO,HI,AWP,WE,Combined TRACON& Tower with Radar,44,11,4,0,59,0,3,29,4,36,44,14,33,4,95,16,0,16,111
04/24/2021,ITO,HI,AWP,WE,Combined TRACON& Tower with Radar,29,10,2,5,46,0,0,5,0,5,29,10,7,5,51,0,0,0,51
04/25/2021,ITO,HI,AWP,WE,Combined TRACON& Tower with Radar,32,6,0,0,38,0,3,6,0,9,32,9,6,0,47,0,0,0,47
04/26/2021,ITO,HI,AWP,WE,Combined TRACON& Tower with Radar,40,11,2,2,55,0,3,30,1,34,40,14,32,3,89,10,0,10,99
04/27/2021,ITO,HI,AWP,WE,Combined TRACON& Tower with Radar,33,15,2,10,60,0,5,23,0,28,33,20,25,10,88,12,7,19,107
04/28/2021,ITO,HI,AWP,WE,Combined TRACON& Tower with Radar,38,8,4,7,57,0,6,24,2,32,38,14,28,9,89,24,6,30,119
04/29/2021,ITO,HI,AWP,WE,Combined TRACON& Tower with Radar,40,9,0,0,49,0,1,30,0,31,40,10,30,0,80,27,0,27,107
04/30/2021,ITO,HI,AWP,WE,Combined TRACON& Tower with Radar,46,7,0,3,56,0,2,34,1,37,46,9,34,4,93,12,0,12,105
05/01/2021,ITO,HI,AWP,WE,Combined TRACON& Tower with Radar,29,17,1,9,56,0,1,12,2,15,29,18,13,11,71,2,0,2,73
05/02/2021,ITO,HI,AWP,WE,Combined TRACON& Tower with Radar,32,14,1,4,51,0,3,6,0,9,32,17,7,4,60,0,0,0,60
05/03/2021,ITO,HI,AWP,WE,Combined TRACON& Tower with Radar,42,13,2,9,66,0,8,35,3,46,42,21,37,12,112,10,12,22,134
05/04/2021,ITO,HI,AWP,WE,Combined TRACON& Tower with Radar,35,23,0,11,69,0,7,34,3,44,35,30,34,14,113,22,10,32,145
05/05/2021,ITO,HI,AWP,WE,Combined TRACON& Tower with Radar,37,18,0,11,66,0,4,12,4,20,37,22,12,15,86,4,16,20,106
05/06/2021,ITO,HI,AWP,WE,Combined TRACON& Tower with Radar,35,14,1,1,51,0,4,25,1,30,35,18,26,2,81,22,0,22,103
05/07/2021,ITO,HI,AWP,WE,Combined TRACON& Tower with Radar,44,13,2,0,59,0,3,28,0,31,44,16,30,0,90,14,0,14,104
05/08/2021,ITO,HI,AWP,WE,Combined TRACON& Tower with Radar,34,11,2,2,49,0,3,11,2,16,34,14,13,4,65,6,4,10,75
05/09/2021,ITO,HI,AWP,WE,Combined TRACON& Tower with Radar,32,11,2,5,50,0,4,12,0,16,32,15,14,5,66,2,0,2,68
05/10/2021,ITO,HI,AWP,WE,Combined TRACON& Tower with Radar,41,8,1,0,50,0,4,34,0,38,41,12,35,0,88,16,0,16,104
05/11/2021,ITO,HI,AWP,WE,Combined TRACON& Tower with Radar,36,14,5,5,60,0,6,31,1,38,36,20,36,6,98,16,0,16,114
05/12/2021,ITO,HI,AWP,WE,Combined TRACON& Tower with Radar,34,12,4,1,51,0,5,36,2,43,34,17,40,3,94,8,0,8,102
05/13/2021,ITO,HI,AWP,WE,Combined TRACON& Tower with Radar,46,19,5,2,72,0,1,27,5,33,46,20,32,7,105,10,0,10,115
05/14/2021,ITO,HI,AWP,WE,Combined TRACON& Tower with Radar,43,9,2,0,54,0,2,35,2,39,43,11,37,2,93,18,20,38,131
05/15/2021,ITO,HI,AWP,WE,Combined TRACON& Tower with Radar,32,23,2,0,57,0,5,12,0,17,32,28,14,0,74,0,0,0,74
05/16/2021,ITO,HI,AWP,WE,Combined TRACON& Tower with Radar,35,6,1,1,43,0,4,3,1,8,35,10,4,2,51,0,10,10,61
05/17/2021,ITO,HI,AWP,WE,Combined TRACON& Tower with Radar,36,25,0,0,61,0,7,45,0,52,36,32,45,0,113,26,0,26,139
05/18/2021,ITO,HI,AWP,WE,Combined TRACON& Tower with Radar,35,17,3,0,55,0,3,38,4,45,35,20,41,4,100,10,28,38,138
05/19/2021,ITO,HI,AWP,WE,Combined TRACON& Tower with Radar,44,9,1,6,60,0,6,53,1,60,44,15,54,7,120,22,0,22,142
05/20/2021,ITO,HI,AWP,WE,Combined TRACON& Tower with Radar,39,11,3,0,53,0,3,22,2,27,39,14,25,2,80,26,12,38,118
05/21/2021,ITO,HI,AWP,WE,Combined TRACON& Tower with Radar,51,11,1,0,63,0,0,4,0,4,51,11,5,0,67,4,4,8,75
05/22/2021,ITO,HI,AWP,WE,Combined TRACON& Tower with Radar,30,12,1,0,43,0,6,18,0,24,30,18,19,0,67,10,0,10,77
05/23/2021,ITO,HI,AWP,WE,Combined TRACON& Tower with Radar,32,6,0,0,38,0,6,7,2,15,32,12,7,2,53,0,0,0,53
05/24/2021,ITO,HI,AWP,WE,Combined TRACON& Tower with Radar,37,17,3,0,57,0,8,55,0,63,37,25,58,0,120,24,0,24,144
05/25/2021,ITO,HI,AWP,WE,Combined TRACON& Tower with Radar,38,15,0,1,54,0,5,57,10,72,38,20,57,11,126,17,14,31,157
05/26/2021,ITO,HI,AWP,WE,Combined TRACON& Tower with Radar,33,9,2,1,45,0,5,36,1,42,33,14,38,2,87,10,2,12,99
05/27/2021,ITO,HI,AWP,WE,Combined TRACON& Tower with Radar,38,10,2,4,54,0,6,49,2,57,38,16,51,6,111,24,4,28,139
05/28/2021,ITO,HI,AWP,WE,Combined TRACON& Tower with Radar,41,14,1,0,56,0,5,60,0,65,41,19,61,0,121,18,0,18,139
05/29/2021,ITO,HI,AWP,WE,Combined TRACON& Tower with Radar,31,12,3,0,46,0,5,10,0,15,31,17,13,0,61,0,0,0,61
05/30/2021,ITO,HI,AWP,WE,Combined TRACON& Tower with Radar,33,7,4,0,44,0,7,17,0,24,33,14,21,0,68,10,0,10,78
05/31/2021,ITO,HI,AWP,WE,Combined TRACON& Tower with Radar,33,14,5,2,54,0,3,33,0,36,33,17,38,2,90,12,0,12,102
06/01/2021,ITO,HI,AWP,WE,Combined TRACON& Tower with Radar,41,8,2,2,53,0,6,54,0,60,41,14,56,2,113,14,13,27,140
06/02/2021,ITO,HI,AWP,WE,Combined TRACON& Tower with Radar,42,18,1,3,64,0,4,45,1,50,42,22,46,4,114,12,0,12,126
06/03/2021,ITO,HI,AWP,WE,Combined TRACON& Tower with Radar,41,12,2,0,55,0,6,40,0,46,41,18,42,0,101,12,0,12,113
06/04/2021,ITO,HI,AWP,WE,Combined TRACON& Tower with Radar,51,14,2,1,68,0,11,44,2,57,51,25,46,3,125,55,0,55,180
06/05/2021,ITO,HI,AWP,WE,Combined TRACON& Tower with Radar,37,15,4,3,59,0,7,13,1,21,37,22,17,4,80,22,6,28,108
06/06/2021,ITO,HI,AWP,WE,Combined TRACON& Tower with Radar,37,10,3,2,52,0,5,16,10,31,37,15,19,12,83,0,30,30,113
06/07/2021,ITO,HI,AWP,WE,Combined TRACON& Tower with Radar,41,17,4,2,64,0,4,46,2,52,41,21,50,4,116,28,20,48,164
06/08/2021,ITO,HI,AWP,WE,Combined TRACON& Tower with Radar,42,11,0,2,55,0,5,36,0,41,42,16,36,2,96,40,8,48,144
06/09/2021,ITO,HI,AWP,WE,Combined TRACON& Tower with Radar,41,15,0,7,63,0,3,27,4,34,41,18,27,11,97,14,0,14,111
06/10/2021,ITO,HI,AWP,WE,Combined TRACON& Tower with Radar,48,18,8,2,76,0,2,25,1,28,48,20,33,3,104,12,2,14,118
06/11/2021,ITO,HI,AWP,WE,Combined TRACON& Tower with Radar,45,12,1,1,59,0,6,49,11,66,45,18,50,12,125,39,6,45,170
06/12/2021,ITO,HI,AWP,WE,Combined TRACON& Tower with Radar,32,8,1,2,43,0,2,7,0,9,32,10,8,2,52,16,0,16,68
06/13/2021,ITO,HI,AWP,WE,Combined TRACON& Tower with Radar,35,9,1,2,47,0,4,0,3,7,35,13,1,5,54,0,2,2,56
06/14/2021,ITO,HI,AWP,WE,Combined TRACON& Tower with Radar,43,15,3,1,62,4,4,31,8,47,47,19,34,9,109,12,20,32,141
06/15/2021,ITO,HI,AWP,WE,Combined TRACON& Tower with Radar,45,10,0,4,59,0,13,47,11,71,45,23,47,15,130,28,24,52,182
06/16/2021,ITO,HI,AWP,WE,Combined TRACON& Tower with Radar,41,15,1,5,62,0,1,31,3,35,41,16,32,8,97,16,12,28,125
06/17/2021,ITO,HI,AWP,WE,Combined TRACON& Tower with Radar,42,19,1,1,63,0,0,6,5,11,42,19,7,6,74,6,12,18,92
06/18/2021,ITO,HI,AWP,WE,Combined TRACON& Tower with Radar,40,10,0,2,52,0,3,46,7,56,40,13,46,9,108,20,18,38,146
06/19/2021,ITO,HI,AWP,WE,Combined TRACON& Tower with Radar,35,9,3,0,47,0,6,22,1,29,35,15,25,1,76,6,0,6,82
06/20/2021,ITO,HI,AWP,WE,Combined TRACON& Tower with Radar,41,7,4,1,53,0,6,9,6,21,41,13,13,7,74,2,2,4,78
06/21/2021,ITO,HI,AWP,WE,Combined TRACON& Tower with Radar,38,16,5,9,68,0,7,52,2,61,38,23,57,11,129,18,0,18,147
06/22/2021,ITO,HI,AWP,WE,Combined TRACON& Tower with Radar,39,8,2,2,51,0,11,48,2,61,39,19,50,4,112,18,4,22,134
06/23/2021,ITO,HI,AWP,WE,Combined TRACON& Tower with Radar,46,15,5,11,77,0,3,58,3,64,46,18,63,14,141,20,8,28,169
06/24/2021,ITO,HI,AWP,WE,Combined TRACON& Tower with Radar,45,15,2,9,71,0,4,30,2,36,45,19,32,11,107,20,20,40,147
06/25/2021,ITO,HI,AWP,WE,Combined TRACON& Tower with Radar,46,5,2,7,60,0,6,52,5,63,46,11,54,12,123,12,0,12,135
06/26/2021,ITO,HI,AWP,WE,Combined TRACON& Tower with Radar,39,7,16,0,62,0,7,24,0,31,39,14,40,0,93,4,0,4,97
06/27/2021,ITO,HI,AWP,WE,Combined TRACON& Tower with Radar,42,8,1,0,51,0,2,5,0,7,42,10,6,0,58,0,0,0,58
06/28/2021,ITO,HI,AWP,WE,Combined TRACON& Tower with Radar,42,7,0,0,49,0,8,60,0,68,42,15,60,0,117,20,0,20,137
06/29/2021,ITO,HI,AWP,WE,Combined TRACON& Tower with Radar,44,13,3,0,60,0,4,52,0,56,44,17,55,0,116,8,0,8,124
06/30/2021,ITO,HI,AWP,WE,Combined TRACON& Tower with Radar,45,13,1,1,60,0,5,30,4,39,45,18,31,5,99,14,2,16,115
07/01/2021,ITO,HI,AWP,WE,Combined TRACON& Tower with Radar,42,20,1,0,63,0,3,29,0,32,42,23,30,0,95,12,0,12,107
07/02/2021,ITO,HI,AWP,WE,Combined TRACON& Tower with Radar,43,18,5,0,66,0,5,30,0,35,43,23,35,0,101,18,4,22,123
07/03/2021,ITO,HI,AWP,WE,Combined TRACON& Tower with Radar,37,18,7,0,62,0,5,31,0,36,37,23,38,0,98,4,0,4,102
07/04/2021,ITO,HI,AWP,WE,Combined TRACON& Tower with Radar,28,13,2,0,43,0,5,4,0,9,28,18,6,0,52,0,0,0,52
07/05/2021,ITO,HI,AWP,WE,Combined TRACON& Tower with Radar,35,10,0,2,47,0,4,26,0,30,35,14,26,2,77,12,0,12,89
07/06/2021,ITO,HI,AWP,WE,Combined TRACON& Tower with Radar,41,23,1,0,65,0,4,29,0,33,41,27,30,0,98,18,0,18,116
07/07/2021,ITO,HI,AWP,WE,Combined TRACON& Tower with Radar,39,17,1,2,59,0,2,43,1,46,39,19,44,3,105,20,6,26,131
07/08/2021,ITO,HI,AWP,WE,Combined TRACON& Tower with Radar,38,14,1,7,60,0,4,50,5,59,38,18,51,12,119,39,10,49,168
07/09/2021,ITO,HI,AWP,WE,Combined TRACON& Tower with Radar,42,11,2,2,57,0,4,39,0,43,42,15,41,2,100,12,12,24,124
07/10/2021,ITO,HI,AWP,WE,Combined TRACON& Tower with Radar,39,10,1,2,52,0,6,15,1,22,39,16,16,3,74,8,0,8,82
07/11/2021,ITO,HI,AWP,WE,Combined TRACON& Tower with Radar,34,7,7,4,52,0,4,10,4,18,34,11,17,8,70,10,4,14,84
07/12/2021,ITO,HI,AWP,WE,Combined TRACON& Tower with Radar,40,13,2,0,55,0,5,41,0,46,40,18,43,0,101,18,0,18,119
07/13/2021,ITO,HI,AWP,WE,Combined TRACON& Tower with Radar,43,11,1,0,55,0,3,42,2,47,43,14,43,2,102,14,0,14,116
07/14/2021,ITO,HI,AWP,WE,Combined TRACON& Tower with Radar,39,14,6,0,59,0,7,40,1,48,39,21,46,1,107,10,2,12,119
07/15/2021,ITO,HI,AWP,WE,Combined TRACON& Tower with Radar,44,18,3,6,71,0,4,56,3,63,44,22,59,9,134,14,2,16,150
07/16/2021,ITO,HI,AWP,WE,Combined TRACON& Tower with Radar,44,18,3,4,69,0,3,33,3,39,44,21,36,7,108,10,0,10,118
07/17/2021,ITO,HI,AWP,WE,Combined TRACON& Tower with Radar,29,19,8,5,61,0,7,14,3,24,29,26,22,8,85,6,0,6,91
07/18/2021,ITO,HI,AWP,WE,Combined TRACON& Tower with Radar,35,14,15,2,66,0,1,11,0,12,35,15,26,2,78,12,0,12,90
07/19/2021,ITO,HI,AWP,WE,Combined TRACON& Tower with Radar,43,17,5,5,70,0,1,47,7,55,43,18,52,12,125,18,14,32,157
07/20/2021,ITO,HI,AWP,WE,Combined TRACON& Tower with Radar,39,21,4,0,64,0,38,1,4,43,39,59,5,4,107,12,36,48,155
07/21/2021,ITO,HI,AWP,WE,Combined TRACON& Tower with Radar,44,22,2,13,81,0,37,1,1,39,44,59,3,14,120,12,0,12,132
07/22/2021,ITO,HI,AWP,WE,Combined TRACON& Tower with Radar,36,27,4,1,68,0,29,6,5,40,36,56,10,6,108,22,16,38,146
07/23/2021,ITO,HI,AWP,WE,Combined TRACON& Tower with Radar,42,20,3,0,65,0,28,5,3,36,42,48,8,3,101,12,6,18,119
07/24/2021,ITO,HI,AWP,WE,Combined TRACON& Tower with Radar,30,16,0,1,47,0,16,0,0,16,30,32,0,1,63,4,0,4,67
07/25/2021,ITO,HI,AWP,WE,Combined TRACON& Tower with Radar,32,12,3,0,47,0,4,0,0,4,32,16,3,0,51,0,0,0,51
07/26/2021,ITO,HI,AWP,WE,Combined TRACON& Tower with Radar,43,23,3,0,69,0,3,3,0,6,43,26,6,0,75,11,0,11,86
07/27/2021,ITO,HI,AWP,WE,Combined TRACON& Tower with Radar,38,17,1,2,58,0,26,0,3,29,38,43,1,5,87,8,0,8,95
07/28/2021,ITO,HI,AWP,WE,Combined TRACON& Tower with Radar,37,19,6,1,63,0,37,6,0,43,37,56,12,1,106,28,0,28,134
07/29/2021,ITO,HI,AWP,WE,Combined TRACON& Tower with Radar,40,15,3,0,58,0,43,11,5,59,40,58,14,5,117,20,20,40,157
07/30/2021,ITO,HI,AWP,WE,Combined TRACON& Tower with Radar,40,14,5,6,65,0,22,21,0,43,40,36,26,6,108,8,0,8,116
07/31/2021,ITO,HI,AWP,WE,Combined TRACON& Tower with Radar,32,11,1,0,44,0,22,0,0,22,32,33,1,0,66,25,0,25,91
08/01/2021,ITO,HI,AWP,WE,Combined TRACON& Tower with Radar,37,7,0,2,46,0,10,3,3,16,37,17,3,5,62,0,0,0,62
08/02/2021,ITO,HI,AWP,WE,Combined TRACON& Tower with Radar,43,13,0,5,61,0,34,8,1,43,43,47,8,6,104,18,4,22,126
08/03/2021,ITO,HI,AWP,WE,Combined TRACON& Tower with Radar,39,17,3,4,63,0,38,13,2,53,39,55,16,6,116,26,18,44,160
08/04/2021,ITO,HI,AWP,WE,Combined TRACON& Tower with Radar,41,19,2,4,66,0,39,4,4,47,41,58,6,8,113,16,10,26,139
08/05/2021,ITO,HI,AWP,WE,Combined TRACON& Tower with Radar,41,16,3,8,68,0,45,4,5,54,41,61,7,13,122,12,12,24,146
08/06/2021,ITO,HI,AWP,WE,Combined TRACON& Tower with Radar,41,14,0,4,59,0,48,8,0,56,41,62,8,4,115,30,0,30,145
08/07/2021,ITO,HI,AWP,WE,Combined TRACON& Tower with Radar,33,10,1,3,47,0,23,6,6,35,33,33,7,9,82,4,18,22,104
08/08/2021,ITO,HI,AWP,WE,Combined TRACON& Tower with Radar,33,12,2,4,51,0,5,6,1,12,33,17,8,5,63,0,0,0,63
08/09/2021,ITO,HI,AWP,WE,Combined TRACON& Tower with Radar,46,18,2,1,67,0,45,10,3,58,46,63,12,4,125,40,0,40,165
08/10/2021,ITO,HI,AWP,WE,Combined TRACON& Tower with Radar,39,16,1,2,58,0,30,4,4,38,39,46,5,6,96,14,20,34,130
08/11/2021,ITO,HI,AWP,WE,Combined TRACON& Tower with Radar,41,9,5,3,58,0,21,3,6,30,41,30,8,9,88,10,29,39,127
08/12/2021,ITO,HI,AWP,WE,Combined TRACON& Tower with Radar,47,6,3,4,60,0,42,8,5,55,47,48,11,9,115,36,20,56,171
08/13/2021,ITO,HI,AWP,WE,Combined TRACON& Tower with Radar,42,9,0,4,55,0,46,3,0,49,42,55,3,4,104,56,0,56,160
08/14/2021,ITO,HI,AWP,WE,Combined TRACON& Tower with Radar,37,10,0,3,50,0,20,6,1,27,37,30,6,4,77,14,2,16,93
08/15/2021,ITO,HI,AWP,WE,Combined TRACON& Tower with Radar,38,7,1,0,46,0,16,9,0,25,38,23,10,0,71,12,0,12,83
08/16/2021,ITO,HI,AWP,WE,Combined TRACON& Tower with Radar,41,13,1,0,55,0,36,9,2,47,41,49,10,2,102,14,0,14,116
08/17/2021,ITO,HI,AWP,WE,Combined TRACON& Tower with Radar,40,12,1,1,54,0,39,7,2,48,40,51,8,3,102,8,4,12,114
08/18/2021,ITO,HI,AWP,WE,Combined TRACON& Tower with Radar,41,15,2,6,64,0,20,3,3,26,41,35,5,9,90,10,6,16,106
08/19/2021,ITO,HI,AWP,WE,Combined TRACON& Tower with Radar,42,13,4,8,67,0,35,12,7,54,42,48,16,15,121,46,22,68,189
08/20/2021,ITO,HI,AWP,WE,Combined TRACON& Tower with Radar,45,11,1,3,60,0,61,3,0,64,45,72,4,3,124,36,0,36,160
08/21/2021,ITO,HI,AWP,WE,Combined TRACON& Tower with Radar,40,9,2,3,54,0,19,2,4,25,40,28,4,7,79,4,0,4,83
08/22/2021,ITO,HI,AWP,WE,Combined TRACON& Tower with Radar,32,7,0,1,40,0,4,0,1,5,32,11,0,2,45,0,2,2,47
08/23/2021,ITO,HI,AWP,WE,Combined TRACON& Tower with Radar,40,17,0,0,57,0,8,0,3,11,40,25,0,3,68,12,0,12,80
08/24/2021,ITO,HI,AWP,WE,Combined TRACON& Tower with Radar,41,11,2,7,61,0,31,3,11,45,41,42,5,18,106,12,26,38,144
08/25/2021,ITO,HI,AWP,WE,Combined TRACON& Tower with Radar,39,21,1,9,70,0,43,3,9,55,39,64,4,18,125,36,18,54,179
08/26/2021,ITO,HI,AWP,WE,Combined TRACON& Tower with Radar,35,14,2,6,57,0,28,7,2,37,35,42,9,8,94,24,28,52,146
08/27/2021,ITO,HI,AWP,WE,Combined TRACON& Tower with Radar,43,10,3,0,56,0,23,2,4,29,43,33,5,4,85,14,12,26,111
08/28/2021,ITO,HI,AWP,WE,Combined TRACON& Tower with Radar,35,12,2,0,49,0,23,2,0,25,35,35,4,0,74,9,0,9,83
08/29/2021,ITO,HI,AWP,WE,Combined TRACON& Tower with Radar,29,10,1,0,40,0,13,4,3,20,29,23,5,3,60,18,0,18,78
08/30/2021,ITO,HI,AWP,WE,Combined TRACON& Tower with Radar,36,18,1,4,59,0,18,3,2,23,36,36,4,6,82,18,0,18,100
08/31/2021,ITO,HI,AWP,WE,Combined TRACON& Tower with Radar,41,9,1,1,52,0,28,11,4,43,41,37,12,5,95,32,2,34,129
09/01/2021,ITO,HI,AWP,WE,Combined TRACON& Tower with Radar,39,14,3,5,61,0,29,7,1,37,39,43,10,6,98,16,0,16,114
09/02/2021,ITO,HI,AWP,WE,Combined TRACON& Tower with Radar,39,15,4,2,60,0,24,10,0,34,39,39,14,2,94,16,0,16,110
09/03/2021,ITO,HI,AWP,WE,Combined TRACON& Tower with Radar,41,10,2,0,53,0,29,5,3,37,41,39,7,3,90,31,2,33,123
09/04/2021,ITO,HI,AWP,WE,Combined TRACON& Tower with Radar,36,9,0,4,49,0,28,5,0,33,36,37,5,4,82,4,8,12,94
09/05/2021,ITO,HI,AWP,WE,Combined TRACON& Tower with Radar,35,4,0,2,41,0,2,3,0,5,35,6,3,2,46,0,0,0,46
09/06/2021,ITO,HI,AWP,WE,Combined TRACON& Tower with Radar,39,18,0,4,61,0,38,5,2,45,39,56,5,6,106,34,0,34,140
09/07/2021,ITO,HI,AWP,WE,Combined TRACON& Tower with Radar,38,16,0,7,61,0,34,5,5,44,38,50,5,12,105,22,20,42,147
09/08/2021,ITO,HI,AWP,WE,Combined TRACON& Tower with Radar,40,15,4,8,67,0,28,8,4,40,40,43,12,12,107,8,56,64,171
09/09/2021,ITO,HI,AWP,WE,Combined TRACON& Tower with Radar,37,13,3,1,54,0,28,1,4,33,37,41,4,5,87,14,26,40,127
09/10/2021,ITO,HI,AWP,WE,Combined TRACON& Tower with Radar,38,8,0,7,53,0,32,8,5,45,38,40,8,12,98,28,6,34,132
09/11/2021,ITO,HI,AWP,WE,Combined TRACON& Tower with Radar,36,10,0,0,46,0,16,2,0,18,36,26,2,0,64,6,0,6,70
09/12/2021,ITO,HI,AWP,WE,Combined TRACON& Tower with Radar,30,8,0,1,39,0,3,0,0,3,30,11,0,1,42,0,4,4,46
09/13/2021,ITO,HI,AWP,WE,Combined TRACON& Tower with Radar,39,19,1,10,69,0,25,2,1,28,39,44,3,11,97,34,0,34,131
09/14/2021,ITO,HI,AWP,WE,Combined TRACON& Tower with Radar,41,23,3,3,70,0,31,6,2,39,41,54,9,5,109,22,0,22,131
09/15/2021,ITO,HI,AWP,WE,Combined TRACON& Tower with Radar,41,13,1,3,58,0,26,6,1,33,41,39,7,4,91,14,2,16,107
09/16/2021,ITO,HI,AWP,WE,Combined TRACON& Tower with Radar,39,13,0,5,57,0,19,3,2,24,39,32,3,7,81,10,30,40,121
09/17/2021,ITO,HI,AWP,WE,Combined TRACON& Tower with Radar,40,13,2,5,60,0,34,4,0,38,40,47,6,5,98,24,0,24,122
09/18/2021,ITO,HI,AWP,WE,Combined TRACON& Tower with Radar,32,18,0,1,51,0,17,2,0,19,32,35,2,1,70,4,2,6,76
09/19/2021,ITO,HI,AWP,WE,Combined TRACON& Tower with Radar,31,11,0,0,42,0,4,2,2,8,31,15,2,2,50,10,0,10,60
09/20/2021,ITO,HI,AWP,WE,Combined TRACON& Tower with Radar,44,15,1,5,65,0,18,6,1,25,44,33,7,6,90,18,0,18,108
09/21/2021,ITO,HI,AWP,WE,Combined TRACON& Tower with Radar,38,14,0,11,63,0,1,2,2,5,38,15,2,13,68,4,14,18,86
09/22/2021,ITO,HI,AWP,WE,Combined TRACON& Tower with Radar,39,18,2,4,63,0,36,7,7,50,39,54,9,11,113,30,10,40,153
09/23/2021,ITO,HI,AWP,WE,Combined TRACON& Tower with Radar,42,10,0,4,56,0,37,3,2,42,42,47,3,6,98,28,12,40,138
09/24/2021,ITO,HI,AWP,WE,Combined TRACON& Tower with Radar,39,12,1,4,56,0,20,5,3,28,39,32,6,7,84,12,22,34,118
09/25/2021,ITO,HI,AWP,WE,Combined TRACON& Tower with Radar,33,6,0,2,41,0,22,0,2,24,33,28,0,4,65,14,2,16,81
09/26/2021,ITO,HI,AWP,WE,Combined TRACON& Tower with Radar,31,13,1,3,48,0,0,2,0,2,31,13,3,3,50,0,0,0,50
09/27/2021,ITO,HI,AWP,WE,Combined TRACON& Tower with Radar,44,12,0,6,62,0,24,4,0,28,44,36,4,6,90,14,6,20,110
09/28/2021,ITO,HI,AWP,WE,Combined TRACON& Tower with Radar,43,14,1,9,67,0,8,2,0,10,43,22,3,9,77,16,38,54,131
09/29/2021,ITO,HI,AWP,WE,Combined TRACON& Tower with Radar,41,15,2,4,62,0,29,1,0,30,41,44,3,4,92,24,6,30,122
09/30/2021,ITO,HI,AWP,WE,Combined TRACON& Tower with Radar,44,31,2,6,83,0,0,3,0,3,44,31,5,6,86,0,2,2,88
10/01/2021,ITO,HI,AWP,WE,Combined TRACON& Tower with Radar,37,20,1,0,58,0,32,5,4,41,37,52,6,4,99,18,16,34,133
10/02/2021,ITO,HI,AWP,WE,Combined TRACON& Tower with Radar,30,14,4,2,50,2,17,4,1,24,32,31,8,3,74,12,0,12,86
10/03/2021,ITO,HI,AWP,WE,Combined TRACON& Tower with Radar,26,14,5,2,47,0,7,7,2,16,26,21,12,4,63,12,2,14,77
10/04/2021,ITO,HI,AWP,WE,Combined TRACON& Tower with Radar,39,16,1,1,57,0,39,4,3,46,39,55,5,4,103,48,0,48,151
10/05/2021,ITO,HI,AWP,WE,Combined TRACON& Tower with Radar,38,13,4,1,56,0,45,8,0,53,38,58,12,1,109,54,0,54,163
10/06/2021,ITO,HI,AWP,WE,Combined TRACON& Tower with Radar,39,15,0,6,60,0,38,8,0,46,39,53,8,6,106,34,6,40,146
10/07/2021,ITO,HI,AWP,WE,Combined TRACON& Tower with Radar,42,20,11,5,78,0,37,4,2,43,42,57,15,7,121,20,0,20,141
10/08/2021,ITO,HI,AWP,WE,Combined TRACON& Tower with Radar,36,17,1,0,54,0,29,3,0,32,36,46,4,0,86,8,0,8,94
10/09/2021,ITO,HI,AWP,WE,Combined TRACON& Tower with Radar,33,16,0,2,51,0,6,2,0,8,33,22,2,2,59,4,0,4,63
10/10/2021,ITO,HI,AWP,WE,Combined TRACON& Tower with Radar,25,15,1,0,41,0,4,2,0,6,25,19,3,0,47,2,0,2,49
10/11/2021,ITO,HI,AWP,WE,Combined TRACON& Tower with Radar,42,13,1,0,56,0,23,2,0,25,42,36,3,0,81,8,0,8,89
10/12/2021,ITO,HI,AWP,WE,Combined TRACON& Tower with Radar,39,24,0,3,66,0,8,2,1,11,39,32,2,4,77,4,0,4,81
10/13/2021,ITO,HI,AWP,WE,Combined TRACON& Tower with Radar,36,15,0,12,63,0,18,3,1,22,36,33,3,13,85,10,0,10,95
10/14/2021,ITO,HI,AWP,WE,Combined TRACON& Tower with Radar,34,16,3,3,56,0,28,6,1,35,34,44,9,4,91,14,2,16,107
10/15/2021,ITO,HI,AWP,WE,Combined TRACON& Tower with Radar,38,18,2,0,58,0,28,4,0,32,38,46,6,0,90,20,0,20,110
10/16/2021,ITO,HI,AWP,WE,Combined TRACON& Tower with Radar,31,15,5,0,51,0,10,3,5,18,31,25,8,5,69,4,22,26,95
10/17/2021,ITO,HI,AWP,WE,Combined TRACON& Tower with Radar,30,10,4,0,44,0,16,2,0,18,30,26,6,0,62,4,0,4,66
10/18/2021,ITO,HI,AWP,WE,Combined TRACON& Tower with Radar,36,16,4,0,56,0,41,7,0,48,36,57,11,0,104,16,0,16,120
10/19/2021,ITO,HI,AWP,WE,Combined TRACON& Tower with Radar,35,17,5,0,57,0,46,5,2,53,35,63,10,2,110,18,2,20,130
10/20/2021,ITO,HI,AWP,WE,Combined TRACON& Tower with Radar,38,18,5,0,61,0,49,15,3,67,38,67,20,3,128,12,2,14,142
10/21/2021,ITO,HI,AWP,WE,Combined TRACON& Tower with Radar,37,10,4,4,55,0,48,15,5,68,37,58,19,9,123,10,16,26,149
10/22/2021,ITO,HI,AWP,WE,Combined TRACON& Tower with Radar,36,13,3,4,56,0,42,7,1,50,36,55,10,5,106,18,0,18,124
10/23/2021,ITO,HI,AWP,WE,Combined TRACON& Tower with Radar,37,15,3,0,55,0,27,8,0,35,37,42,11,0,90,34,0,34,124
10/24/2021,ITO,HI,AWP,WE,Combined TRACON& Tower with Radar,29,16,2,0,47,0,16,1,0,17,29,32,3,0,64,8,0,8,72
10/25/2021,ITO,HI,AWP,WE,Combined TRACON& Tower with Radar,37,15,1,0,53,0,37,0,0,37,37,52,1,0,90,12,0,12,102
10/26/2021,ITO,HI,AWP,WE,Combined TRACON& Tower with Radar,36,19,4,0,59,0,40,3,2,45,36,59,7,2,104,12,4,16,120
10/27/2021,ITO,HI,AWP,WE,Combined TRACON& Tower with Radar,35,13,2,6,56,0,39,6,8,53,35,52,8,14,109,20,10,30,139
10/28/2021,ITO,HI,AWP,WE,Combined TRACON& Tower with Radar,37,14,5,2,58,0,33,12,2,47,37,47,17,4,105,32,8,40,145
10/29/2021,ITO,HI,AWP,WE,Combined TRACON& Tower with Radar,37,17,1,0,55,0,32,9,0,41,37,49,10,0,96,26,0,26,122
10/30/2021,ITO,HI,AWP,WE,Combined TRACON& Tower with Radar,35,16,3,0,54,0,23,5,0,28,35,39,8,0,82,23,0,23,105
10/31/2021,ITO,HI,AWP,WE,Combined TRACON& Tower with Radar,25,12,5,0,42,0,17,4,0,21,25,29,9,0,63,4,0,4,67
11/01/2021,ITO,HI,AWP,WE,Combined TRACON& Tower with Radar,40,17,1,1,59,0,33,2,2,37,40,50,3,3,96,8,2,10,106
11/02/2021,ITO,HI,AWP,WE,Combined TRACON& Tower with Radar,38,13,6,2,59,0,27,9,2,38,38,40,15,4,97,26,0,26,123
11/03/2021,ITO,HI,AWP,WE,Combined TRACON& Tower with Radar,37,20,1,1,59,0,37,5,4,46,37,57,6,5,105,12,0,12,117
11/04/2021,ITO,HI,AWP,WE,Combined TRACON& Tower with Radar,36,18,3,9,66,0,39,5,6,50,36,57,8,15,116,30,0,30,146
11/05/2021,ITO,HI,AWP,WE,Combined TRACON& Tower with Radar,38,15,1,4,58,0,41,7,5,53,38,56,8,9,111,10,10,20,131
11/06/2021,ITO,HI,AWP,WE,Combined TRACON& Tower with Radar,33,12,1,2,48,0,26,1,2,29,33,38,2,4,77,6,0,6,83
11/07/2021,ITO,HI,AWP,WE,Combined TRACON& Tower with Radar,27,17,4,3,51,0,7,5,0,12,27,24,9,3,63,0,0,0,63
11/08/2021,ITO,HI,AWP,WE,Combined TRACON& Tower with Radar,38,14,2,2,56,0,42,5,6,53,38,56,7,8,109,20,2,22,131
11/09/2021,ITO,HI,AWP,WE,Combined TRACON& Tower with Radar,38,20,3,2,63,0,53,7,2,62,38,73,10,4,125,16,0,16,141
11/10/2021,ITO,HI,AWP,WE,Combined TRACON& Tower with Radar,38,13,3,4,58,0,41,8,1,50,38,54,11,5,108,12,0,12,120
11/11/2021,ITO,HI,AWP,WE,Combined TRACON& Tower with Radar,36,16,3,0,55,0,49,7,0,56,36,65,10,0,111,18,0,18,129
11/12/2021,ITO,HI,AWP,WE,Combined TRACON& Tower with Radar,36,13,2,1,52,0,47,7,0,54,36,60,9,1,106,12,0,12,118
11/13/2021,ITO,HI,AWP,WE,Combined TRACON& Tower with Radar,34,13,3,0,50,0,6,0,0,6,34,19,3,0,56,4,0,4,60
11/14/2021,ITO,HI,AWP,WE,Combined TRACON& Tower with Radar,28,14,2,0,44,0,3,3,0,6,28,17,5,0,50,10,0,10,60
11/15/2021,ITO,HI,AWP,WE,Combined TRACON& Tower with Radar,44,12,3,0,59,0,9,0,0,9,44,21,3,0,68,12,0,12,80
11/16/2021,ITO,HI,AWP,WE,Combined TRACON& Tower with Radar,35,23,1,2,61,0,28,10,1,39,35,51,11,3,100,26,0,26,126
11/17/2021,ITO,HI,AWP,WE,Combined TRACON& Tower with Radar,37,19,3,4,63,0,10,7,1,18,37,29,10,5,81,36,8,44,125
11/18/2021,ITO,HI,AWP,WE,Combined TRACON& Tower with Radar,35,17,3,7,62,0,28,3,2,33,35,45,6,9,95,24,6,30,125
11/19/2021,ITO,HI,AWP,WE,Combined TRACON& Tower with Radar,42,15,3,0,60,0,61,6,0,67,42,76,9,0,127,36,0,36,163
11/20/2021,ITO,HI,AWP,WE,Combined TRACON& Tower with Radar,34,12,2,0,48,0,38,1,0,39,34,50,3,0,87,12,0,12,99
11/21/2021,ITO,HI,AWP,WE,Combined TRACON& Tower with Radar,29,10,0,0,39,0,37,7,0,44,29,47,7,0,83,14,0,14,97
11/22/2021,ITO,HI,AWP,WE,Combined TRACON& Tower with Radar,40,12,5,0,57,0,42,6,0,48,40,54,11,0,105,16,0,16,121
11/23/2021,ITO,HI,AWP,WE,Combined TRACON& Tower with Radar,36,17,1,5,59,0,58,9,5,72,36,75,10,10,131,22,2,24,155
11/24/2021,ITO,HI,AWP,WE,Combined TRACON& Tower with Radar,38,14,0,2,54,0,46,7,2,55,38,60,7,4,109,28,2,30,139
11/25/2021,ITO,HI,AWP,WE,Combined TRACON& Tower with Radar,31,14,1,0,46,0,2,4,0,6,31,16,5,0,52,6,0,6,58
11/26/2021,ITO,HI,AWP,WE,Combined TRACON& Tower with Radar,36,14,7,0,57,0,46,6,0,52,36,60,13,0,109,14,0,14,123
11/27/2021,ITO,HI,AWP,WE,Combined TRACON& Tower with Radar,36,15,4,0,55,0,28,4,0,32,36,43,8,0,87,2,0,2,89
11/28/2021,ITO,HI,AWP,WE,Combined TRACON& Tower with Radar,31,7,2,2,42,0,9,4,2,15,31,16,6,4,57,14,0,14,71
11/29/2021,ITO,HI,AWP,WE,Combined TRACON& Tower with Radar,40,20,0,2,62,0,37,2,0,39,40,57,2,2,101,18,10,28,129
11/30/2021,ITO,HI,AWP,WE,Combined TRACON& Tower with Radar,35,19,0,1,55,2,27,3,0,32,37,46,3,1,87,12,0,12,99
12/01/2021,ITO,HI,AWP,WE,Combined TRACON& Tower with Radar,41,17,3,4,65,0,14,2,0,16,41,31,5,4,81,14,0,14,95
12/02/2021,ITO,HI,AWP,WE,Combined TRACON& Tower with Radar,41,15,2,4,62,0,30,5,1,36,41,45,7,5,98,26,4,30,128
12/03/2021,ITO,HI,AWP,WE,Combined TRACON& Tower with Radar,42,19,3,0,64,0,25,7,4,36,42,44,10,4,100,12,6,18,118
12/04/2021,ITO,HI,AWP,WE,Combined TRACON& Tower with Radar,38,19,5,2,64,0,0,3,0,3,38,19,8,2,67,0,0,0,67
12/05/2021,ITO,HI,AWP,WE,Combined TRACON& Tower with Radar,30,10,3,2,45,0,0,0,0,0,30,10,3,2,45,0,0,0,45
12/06/2021,ITO,HI,AWP,WE,Combined TRACON& Tower with Radar,39,11,1,0,51,0,0,1,0,1,39,11,2,0,52,0,0,0,52
12/07/2021,ITO,HI,AWP,WE,Combined TRACON& Tower with Radar,37,13,0,0,50,0,21,3,2,26,37,34,3,2,76,12,42,54,130
12/08/2021,ITO,HI,AWP,WE,Combined TRACON& Tower with Radar,38,22,3,5,68,0,6,8,1,15,38,28,11,6,83,8,36,44,127
12/09/2021,ITO,HI,AWP,WE,Combined TRACON& Tower with Radar,37,16,9,18,80,0,44,5,3,52,37,60,14,21,132,26,38,64,196
12/10/2021,ITO,HI,AWP,WE,Combined TRACON& Tower with Radar,40,14,2,3,59,0,30,5,2,37,40,44,7,5,96,8,2,10,106
12/11/2021,ITO,HI,AWP,WE,Combined TRACON& Tower with Radar,41,14,3,0,58,0,23,3,0,26,41,37,6,0,84,4,0,4,88
12/12/2021,ITO,HI,AWP,WE,Combined TRACON& Tower with Radar,29,18,1,2,50,0,16,1,1,18,29,34,2,3,68,2,0,2,70
12/13/2021,ITO,HI,AWP,WE,Combined TRACON& Tower with Radar,43,24,10,8,85,0,36,6,0,42,43,60,16,8,127,10,0,10,137
12/14/2021,ITO,HI,AWP,WE,Combined TRACON& Tower with Radar,42,23,3,2,70,0,34,25,3,62,42,57,28,5,132,18,2,20,152
12/15/2021,ITO,HI,AWP,WE,Combined TRACON& Tower with Radar,43,17,2,3,65,0,40,1,0,41,43,57,3,3,106,22,14,36,142
12/16/2021,ITO,HI,AWP,WE,Combined TRACON& Tower with Radar,46,22,0,1,69,0,38,5,5,48,46,60,5,6,117,18,2,20,137
12/17/2021,ITO,HI,AWP,WE,Combined TRACON& Tower with Radar,46,22,1,1,70,0,36,4,0,40,46,58,5,1,110,26,0,26,136
12/18/2021,ITO,HI,AWP,WE,Combined TRACON& Tower with Radar,43,9,1,1,54,0,31,2,0,33,43,40,3,1,87,28,0,28,115
12/19/2021,ITO,HI,AWP,WE,Combined TRACON& Tower with Radar,37,8,1,0,46,0,15,1,0,16,37,23,2,0,62,8,0,8,70
12/20/2021,ITO,HI,AWP,WE,Combined TRACON& Tower with Radar,45,20,3,0,68,0,40,4,1,45,45,60,7,1,113,16,8,24,137
12/21/2021,ITO,HI,AWP,WE,Combined TRACON& Tower with Radar,45,17,6,3,71,0,0,1,0,1,45,17,7,3,72,0,0,0,72
12/22/2021,ITO,HI,AWP,WE,Combined TRACON& Tower with Radar,40,18,3,0,61,0,0,0,0,0,40,18,3,0,61,0,0,0,61
12/23/2021,ITO,HI,AWP,WE,Combined TRACON& Tower with Radar,44,23,1,0,68,0,31,1,0,32,44,54,2,0,100,10,0,10,110
12/24/2021,ITO,HI,AWP,WE,Combined TRACON& Tower with Radar,45,20,0,0,65,0,56,9,0,65,45,76,9,0,130,42,0,42,172
12/25/2021,ITO,HI,AWP,WE,Combined TRACON& Tower with Radar,38,5,1,0,44,0,27,5,0,32,38,32,6,0,76,6,0,6,82
12/26/2021,ITO,HI,AWP,WE,Combined TRACON& Tower with Radar,39,7,4,0,50,0,27,6,0,33,39,34,10,0,83,6,0,6,89
12/27/2021,ITO,HI,AWP,WE,Combined TRACON& Tower with Radar,38,17,2,1,58,0,60,6,0,66,38,77,8,1,124,12,0,12,136
12/28/2021,ITO,HI,AWP,WE,Combined TRACON& Tower with Radar,44,18,4,0,66,0,36,13,2,51,44,54,17,2,117,10,0,10,127
12/29/2021,ITO,HI,AWP,WE,Combined TRACON& Tower with Radar,39,19,2,4,64,0,27,6,4,37,39,46,8,8,101,6,2,8,109
12/30/2021,ITO,HI,AWP,WE,Combined TRACON& Tower with Radar,35,24,3,0,62,0,0,1,0,1,35,24,4,0,63,0,0,0,63
12/31/2021,ITO,HI,AWP,WE,Combined TRACON& Tower with Radar,46,15,1,0,62,0,2,1,0,3,46,17,2,0,65,0,0,0,65
01/01/2022,ITO,HI,AWP,WE,Combined TRACON& Tower with Radar,30,7,2,0,39,0,30,0,0,30,30,37,2,0,69,12,0,12,81
01/02/2022,ITO,HI,AWP,WE,Combined TRACON& Tower with Radar,32,11,2,0,45,0,34,8,0,42,32,45,10,0,87,18,0,18,105
01/03/2022,ITO,HI,AWP,WE,Combined TRACON& Tower with Radar,51,13,0,2,66,0,39,10,0,49,51,52,10,2,115,12,0,12,127
01/04/2022,ITO,HI,AWP,WE,Combined TRACON& Tower with Radar,43,14,5,2,64,0,53,11,0,64,43,67,16,2,128,26,0,26,154
01/05/2022,ITO,HI,AWP,WE,Combined TRACON& Tower with Radar,38,12,0,9,59,0,59,11,2,72,38,71,11,11,131,28,16,44,175
01/06/2022,ITO,HI,AWP,WE,Combined TRACON& Tower with Radar,37,14,1,3,55,0,43,8,1,52,37,57,9,4,107,14,6,20,127
01/07/2022,ITO,HI,AWP,WE,Combined TRACON& Tower with Radar,38,11,0,9,58,0,40,5,0,45,38,51,5,9,103,10,32,42,145
01/08/2022,ITO,HI,AWP,WE,Combined TRACON& Tower with Radar,31,10,6,1,48,0,31,7,5,43,31,41,13,6,91,12,12,24,115
01/09/2022,ITO,HI,AWP,WE,Combined TRACON& Tower with Radar,32,14,4,4,54,0,26,6,1,33,32,40,10,5,87,16,0,16,103
01/10/2022,ITO,HI,AWP,WE,Combined TRACON& Tower with Radar,38,16,0,4,58,0,32,14,0,46,38,48,14,4,104,12,0,12,116
01/11/2022,ITO,HI,AWP,WE,Combined TRACON& Tower with Radar,36,22,7,2,67,0,51,6,4,61,36,73,13,6,128,10,0,10,138
01/12/2022,ITO,HI,AWP,WE,Combined TRACON& Tower with Radar,37,15,1,7,60,0,41,6,2,49,37,56,7,9,109,12,0,12,121
01/13/2022,ITO,HI,AWP,WE,Combined TRACON& Tower with Radar,38,16,2,3,59,0,35,4,6,45,38,51,6,9,104,30,16,46,150
01/14/2022,ITO,HI,AWP,WE,Combined TRACON& Tower with Radar,36,9,3,0,48,0,38,7,0,45,36,47,10,0,93,10,0,10,103
01/15/2022,ITO,HI,AWP,WE,Combined TRACON& Tower with Radar,32,18,0,1,51,0,23,5,1,29,32,41,5,2,80,8,2,10,90
01/16/2022,ITO,HI,AWP,WE,Combined TRACON& Tower with Radar,25,8,0,3,36,0,16,7,0,23,25,24,7,3,59,12,0,12,71
01/17/2022,ITO,HI,AWP,WE,Combined TRACON& Tower with Radar,32,6,0,0,38,0,44,11,0,55,32,50,11,0,93,10,0,10,103
01/18/2022,ITO,HI,AWP,WE,Combined TRACON& Tower with Radar,35,15,0,1,51,0,33,10,2,45,35,48,10,3,96,22,10,32,128
01/19/2022,ITO,HI,AWP,WE,Combined TRACON& Tower with Radar,33,16,1,14,64,0,22,3,2,27,33,38,4,16,91,10,0,10,101
01/20/2022,ITO,HI,AWP,WE,Combined TRACON& Tower with Radar,47,19,0,19,85,0,1,2,8,11,47,20,2,27,96,4,52,56,152
01/21/2022,ITO,HI,AWP,WE,Combined TRACON& Tower with Radar,36,11,3,1,51,0,35,4,3,42,36,46,7,4,93,26,0,26,119
01/22/2022,ITO,HI,AWP,WE,Combined TRACON& Tower with Radar,30,13,1,0,44,0,38,4,0,42,30,51,5,0,86,12,0,12,98
01/23/2022,ITO,HI,AWP,WE,Combined TRACON& Tower with Radar,28,11,4,2,45,0,33,7,9,49,28,44,11,11,94,8,2,10,104
01/24/2022,ITO,HI,AWP,WE,Combined TRACON& Tower with Radar,38,15,2,0,55,0,35,5,2,42,38,50,7,2,97,20,0,20,117
01/25/2022,ITO,HI,AWP,WE,Combined TRACON& Tower with Radar,34,17,1,2,54,0,25,4,3,32,34,42,5,5,86,12,0,12,98
01/26/2022,ITO,HI,AWP,WE,Combined TRACON& Tower with Radar,38,12,0,0,50,0,40,7,2,49,38,52,7,2,99,34,0,34,133
01/27/2022,ITO,HI,AWP,WE,Combined TRACON& Tower with Radar,38,14,2,4,58,0,31,6,3,40,38,45,8,7,98,22,13,35,133
01/28/2022,ITO,HI,AWP,WE,Combined TRACON& Tower with Radar,39,11,3,0,53,0,29,2,0,31,39,40,5,0,84,12,0,12,96
01/29/2022,ITO,HI,AWP,WE,Combined TRACON& Tower with Radar,27,7,1,1,36,0,23,7,1,31,27,30,8,2,67,46,0,46,113
01/30/2022,ITO,HI,AWP,WE,Combined TRACON& Tower with Radar,30,4,0,0,34,0,25,3,0,28,30,29,3,0,62,57,0,57,119
01/31/2022,ITO,HI,AWP,WE,Combined TRACON& Tower with Radar,35,18,3,0,56,0,31,4,2,37,35,49,7,2,93,14,0,14,107
02/01/2022,ITO,HI,AWP,WE,Combined TRACON& Tower with Radar,32,11,5,3,51,0,19,3,3,25,32,30,8,6,76,10,32,42,118
02/02/2022,ITO,HI,AWP,WE,Combined TRACON& Tower with Radar,32,9,3,2,46,0,49,5,6,60,32,58,8,8,106,26,40,66,172
02/03/2022,ITO,HI,AWP,WE,Combined TRACON& Tower with Radar,34,12,5,1,52,0,46,1,2,49,34,58,6,3,101,12,0,12,113
02/04/2022,ITO,HI,AWP,WE,Combined TRACON& Tower with Radar,35,7,1,2,45,0,22,6,3,31,35,29,7,5,76,34,0,34,110
02/05/2022,ITO,HI,AWP,WE,Combined TRACON& Tower with Radar,33,11,4,5,53,0,29,3,10,42,33,40,7,15,95,18,32,50,145
02/06/2022,ITO,HI,AWP,WE,Combined TRACON& Tower with Radar,24,13,21,3,61,0,21,5,0,26,24,34,26,3,87,26,2,28,115
02/07/2022,ITO,HI,AWP,WE,Combined TRACON& Tower with Radar,35,11,0,0,46,0,28,6,0,34,35,39,6,0,80,12,0,12,92
02/08/2022,ITO,HI,AWP,WE,Combined TRACON& Tower with Radar,31,13,6,8,58,0,20,12,8,40,31,33,18,16,98,50,18,68,166
02/09/2022,ITO,HI,AWP,WE,Combined TRACON& Tower with Radar,31,16,3,14,64,0,42,11,5,58,31,58,14,19,122,54,8,62,184
02/10/2022,ITO,HI,AWP,WE,Combined TRACON& Tower with Radar,33,13,2,3,51,0,40,16,4,60,33,53,18,7,111,14,34,48,159
02/11/2022,ITO,HI,AWP,WE,Combined TRACON& Tower with Radar,33,12,0,7,52,0,41,11,6,58,33,53,11,13,110,16,40,56,166
02/12/2022,ITO,HI,AWP,WE,Combined TRACON& Tower with Radar,29,7,1,1,38,0,34,8,0,42,29,41,9,1,80,12,0,12,92
02/13/2022,ITO,HI,AWP,WE,Combined TRACON& Tower with Radar,22,9,2,0,33,0,26,4,0,30,22,35,6,0,63,8,0,8,71
02/14/2022,ITO,HI,AWP,WE,Combined TRACON& Tower with Radar,34,13,3,2,52,0,41,7,2,50,34,54,10,4,102,12,4,16,118
02/15/2022,ITO,HI,AWP,WE,Combined TRACON& Tower with Radar,33,20,3,5,61,0,42,6,5,53,33,62,9,10,114,38,18,56,170
02/16/2022,ITO,HI,AWP,WE,Combined TRACON& Tower with Radar,39,18,7,6,70,0,50,10,2,62,39,68,17,8,132,16,30,46,178
02/17/2022,ITO,HI,AWP,WE,Combined TRACON& Tower with Radar,33,15,0,4,52,0,17,5,0,22,33,32,5,4,74,12,0,12,86
02/18/2022,ITO,HI,AWP,WE,Combined TRACON& Tower with Radar,36,13,1,0,50,0,44,3,0,47,36,57,4,0,97,20,0,20,117
02/19/2022,ITO,HI,AWP,WE,Combined TRACON& Tower with Radar,32,9,0,0,41,0,20,1,0,21,32,29,1,0,62,4,0,4,66
02/20/2022,ITO,HI,AWP,WE,Combined TRACON& Tower with Radar,24,8,1,2,35,0,26,4,0,30,24,34,5,2,65,4,0,4,69
02/21/2022,ITO,HI,AWP,WE,Combined TRACON& Tower with Radar,33,11,1,0,45,0,58,7,0,65,33,69,8,0,110,16,0,16,126
02/22/2022,ITO,HI,AWP,WE,Combined TRACON& Tower with Radar,35,13,0,3,51,0,39,5,1,45,35,52,5,4,96,48,22,70,166
02/23/2022,ITO,HI,AWP,WE,Combined TRACON& Tower with Radar,36,14,2,6,58,0,54,8,1,63,36,68,10,7,121,18,2,20,141
02/24/2022,ITO,HI,AWP,WE,Combined TRACON& Tower with Radar,34,16,1,4,55,0,48,1,6,55,34,64,2,10,110,12,8,20,130
02/25/2022,ITO,HI,AWP,WE,Combined TRACON& Tower with Radar,35,12,3,0,50,0,44,6,2,52,35,56,9,2,102,12,8,20,122
02/26/2022,ITO,HI,AWP,WE,Combined TRACON& Tower with Radar,31,8,1,3,43,0,35,6,1,42,31,43,7,4,85,6,12,18,103
02/27/2022,ITO,HI,AWP,WE,Combined TRACON& Tower with Radar,24,12,4,0,40,0,22,4,3,29,24,34,8,3,69,6,0,6,75
02/28/2022,ITO,HI,AWP,WE,Combined TRACON& Tower with Radar,30,13,2,5,50,0,26,11,0,37,30,39,13,5,87,6,0,6,93
03/01/2022,ITO,HI,AWP,WE,Combined TRACON& Tower with Radar,30,12,5,4,51,0,52,14,0,66,30,64,19,4,117,38,0,38,155
03/02/2022,ITO,HI,AWP,WE,Combined TRACON& Tower with Radar,35,12,2,0,49,0,33,8,0,41,35,45,10,0,90,12,18,30,120
03/03/2022,ITO,HI,AWP,WE,Combined TRACON& Tower with Radar,35,13,0,9,57,0,36,1,0,37,35,49,1,9,94,10,0,10,104
03/04/2022,ITO,HI,AWP,WE,Combined TRACON& Tower with Radar,36,14,2,14,66,0,22,6,0,28,36,36,8,14,94,14,0,14,108
03/05/2022,ITO,HI,AWP,WE,Combined TRACON& Tower with Radar,33,14,2,6,55,0,19,5,4,28,33,33,7,10,83,8,0,8,91
03/06/2022,ITO,HI,AWP,WE,Combined TRACON& Tower with Radar,27,3,4,2,36,0,14,2,0,16,27,17,6,2,52,30,0,30,82
03/07/2022,ITO,HI,AWP,WE,Combined TRACON& Tower with Radar,35,14,2,5,56,0,49,12,1,62,35,63,14,6,118,18,2,20,138
03/08/2022,ITO,HI,AWP,WE,Combined TRACON& Tower with Radar,33,11,1,7,52,0,50,9,4,63,33,61,10,11,115,20,8,28,143
03/09/2022,ITO,HI,AWP,WE,Combined TRACON& Tower with Radar,35,14,2,6,57,0,33,6,1,40,35,47,8,7,97,8,4,12,109
03/10/2022,ITO,HI,AWP,WE,Combined TRACON& Tower with Radar,33,19,9,5,66,0,33,4,6,43,33,52,13,11,109,14,38,52,161
03/11/2022,ITO,HI,AWP,WE,Combined TRACON& Tower with Radar,35,18,3,3,59,0,42,10,2,54,35,60,13,5,113,20,0,20,133
03/12/2022,ITO,HI,AWP,WE,Combined TRACON& Tower with Radar,27,9,3,0,39,0,21,3,0,24,27,30,6,0,63,4,0,4,67
03/13/2022,ITO,HI,AWP,WE,Combined TRACON& Tower with Radar,37,7,3,3,50,0,30,4,0,34,37,37,7,3,84,28,4,32,116
03/14/2022,ITO,HI,AWP,WE,Combined TRACON& Tower with Radar,44,17,1,0,62,0,39,7,0,46,44,56,8,0,108,14,0,14,122
03/15/2022,ITO,HI,AWP,WE,Combined TRACON& Tower with Radar,41,19,3,0,63,0,22,6,0,28,41,41,9,0,91,24,0,24,115
03/16/2022,ITO,HI,AWP,WE,Combined TRACON& Tower with Radar,40,16,2,3,61,0,12,6,3,21,40,28,8,6,82,8,0,8,90
03/17/2022,ITO,HI,AWP,WE,Combined TRACON& Tower with Radar,41,17,0,3,61,0,44,4,5,53,41,61,4,8,114,12,6,18,132
03/18/2022,ITO,HI,AWP,WE,Combined TRACON& Tower with Radar,41,19,5,0,65,0,49,5,0,54,41,68,10,0,119,10,0,10,129
03/19/2022,ITO,HI,AWP,WE,Combined TRACON& Tower with Radar,34,11,0,0,45,0,42,2,0,44,34,53,2,0,89,14,0,14,103
03/20/2022,ITO,HI,AWP,WE,Combined TRACON& Tower with Radar,31,9,4,0,44,0,30,4,0,34,31,39,8,0,78,6,0,6,84
03/21/2022,ITO,HI,AWP,WE,Combined TRACON& Tower with Radar,45,16,2,0,63,0,57,8,0,65,45,73,10,0,128,18,0,18,146
03/22/2022,ITO,HI,AWP,WE,Combined TRACON& Tower with Radar,40,16,2,2,60,0,50,6,5,61,40,66,8,7,121,18,36,54,175
03/23/2022,ITO,HI,AWP,WE,Combined TRACON& Tower with Radar,40,15,1,2,58,0,27,3,2,32,40,42,4,4,90,10,4,14,104
03/24/2022,ITO,HI,AWP,WE,Combined TRACON& Tower with Radar,40,16,2,2,60,0,44,4,4,52,40,60,6,6,112,6,34,40,152
03/25/2022,ITO,HI,AWP,WE,Combined TRACON& Tower with Radar,43,16,1,0,60,0,45,7,2,54,43,61,8,2,114,30,28,58,172
03/26/2022,ITO,HI,AWP,WE,Combined TRACON& Tower with Radar,33,13,10,0,56,0,38,1,0,39,33,51,11,0,95,10,0,10,105
03/27/2022,ITO,HI,AWP,WE,Combined TRACON& Tower with Radar,32,9,0,0,41,0,28,8,0,36,32,37,8,0,77,34,0,34,111
03/28/2022,ITO,HI,AWP,WE,Combined TRACON& Tower with Radar,42,13,3,0,58,0,44,4,2,50,42,57,7,2,108,14,0,14,122
03/29/2022,ITO,HI,AWP,WE,Combined TRACON& Tower with Radar,42,12,0,2,56,0,45,3,0,48,42,57,3,2,104,14,4,18,122
03/30/2022,ITO,HI,AWP,WE,Combined TRACON& Tower with Radar,41,14,1,3,59,0,41,3,2,46,41,55,4,5,105,14,2,16,121
03/31/2022,ITO,HI,AWP,WE,Combined TRACON& Tower with Radar,37,11,2,0,50,0,43,7,0,50,37,54,9,0,100,8,0,8,108
04/01/2022,ITO,HI,AWP,WE,Combined TRACON& Tower with Radar,40,14,0,3,57,0,35,6,1,42,40,49,6,4,99,18,4,22,121
04/02/2022,ITO,HI,AWP,WE,Combined TRACON& Tower with Radar,33,18,2,0,53,0,28,0,0,28,33,46,2,0,81,6,0,6,87
04/03/2022,ITO,HI,AWP,WE,Combined TRACON& Tower with Radar,34,14,5,7,60,0,12,4,1,17,34,26,9,8,77,14,0,14,91
04/04/2022,ITO,HI,AWP,WE,Combined TRACON& Tower with Radar,41,15,0,18,74,0,32,4,2,38,41,47,4,20,112,14,2,16,128
04/05/2022,ITO,HI,AWP,WE,Combined TRACON& Tower with Radar,43,14,0,4,61,0,23,7,1,31,43,37,7,5,92,12,0,12,104
04/06/2022,ITO,HI,AWP,WE,Combined TRACON& Tower with Radar,38,12,3,6,59,0,2,2,0,4,38,14,5,6,63,4,10,14,77
04/07/2022,ITO,HI,AWP,WE,Combined TRACON& Tower with Radar,40,15,3,7,65,0,34,2,5,41,40,49,5,12,106,14,4,18,124
04/08/2022,ITO,HI,AWP,WE,Combined TRACON& Tower with Radar,34,15,3,0,52,0,0,1,0,1,34,15,4,0,53,0,0,0,53
04/09/2022,ITO,HI,AWP,WE,Combined TRACON& Tower with Radar,34,15,4,2,55,0,23,0,0,23,34,38,4,2,78,4,0,4,82
04/10/2022,ITO,HI,AWP,WE,Combined TRACON& Tower with Radar,35,11,4,3,53,0,5,0,0,5,35,16,4,3,58,10,0,10,68
04/11/2022,ITO,HI,AWP,WE,Combined TRACON& Tower with Radar,45,21,3,3,72,0,37,2,2,41,45,58,5,5,113,20,22,42,155
04/12/2022,ITO,HI,AWP,WE,Combined TRACON& Tower with Radar,41,18,3,0,62,0,20,4,0,24,41,38,7,0,86,36,18,54,140
04/13/2022,ITO,HI,AWP,WE,Combined TRACON& Tower with Radar,42,20,1,1,64,0,54,1,2,57,42,74,2,3,121,24,0,24,145
04/14/2022,ITO,HI,AWP,WE,Combined TRACON& Tower with Radar,43,19,1,16,79,0,47,7,3,57,43,66,8,19,136,22,30,52,188
04/15/2022,ITO,HI,AWP,WE,Combined TRACON& Tower with Radar,36,14,4,3,57,0,41,5,0,46,36,55,9,3,103,18,0,18,121
04/16/2022,ITO,HI,AWP,WE,Combined TRACON& Tower with Radar,36,14,5,0,55,0,0,0,0,0,36,14,5,0,55,0,0,0,55
04/17/2022,ITO,HI,AWP,WE,Combined TRACON& Tower with Radar,35,14,3,0,52,0,16,3,0,19,35,30,6,0,71,12,0,12,83
04/18/2022,ITO,HI,AWP,WE,Combined TRACON& Tower with Radar,41,17,4,2,64,0,54,5,0,59,41,71,9,2,123,32,4,36,159
04/19/2022,ITO,HI,AWP,WE,Combined TRACON& Tower with Radar,42,19,3,2,66,0,61,9,0,70,42,80,12,2,136,14,0,14,150
04/20/2022,ITO,HI,AWP,WE,Combined TRACON& Tower with Radar,39,16,5,2,62,0,56,8,0,64,39,72,13,2,126,20,0,20,146
04/21/2022,ITO,HI,AWP,WE,Combined TRACON& Tower with Radar,41,17,1,0,59,0,45,1,4,50,41,62,2,4,109,14,2,16,125
04/22/2022,ITO,HI,AWP,WE,Combined TRACON& Tower with Radar,43,16,3,0,62,0,29,1,0,30,43,45,4,0,92,44,0,44,136
04/23/2022,ITO,HI,AWP,WE,Combined TRACON& Tower with Radar,37,10,5,1,53,0,24,0,0,24,37,34,5,1,77,14,0,14,91
04/24/2022,ITO,HI,AWP,WE,Combined TRACON& Tower with Radar,37,10,3,0,50,0,4,0,0,4,37,14,3,0,54,4,0,4,58
04/25/2022,ITO,HI,AWP,WE,Combined TRACON& Tower with Radar,41,22,0,0,63,0,35,5,0,40,41,57,5,0,103,20,0,20,123
04/26/2022,ITO,HI,AWP,WE,Combined TRACON& Tower with Radar,41,15,0,1,57,0,44,6,2,52,41,59,6,3,109,38,14,52,161
04/27/2022,ITO,HI,AWP,WE,Combined TRACON& Tower with Radar,40,14,4,5,63,0,24,1,1,26,40,38,5,6,89,22,0,22,111
04/28/2022,ITO,HI,AWP,WE,Combined TRACON& Tower with Radar,31,16,1,3,51,0,35,11,2,48,31,51,12,5,99,14,8,22,121
04/29/2022,ITO,HI,AWP,WE,Combined TRACON& Tower with Radar,39,14,6,3,62,0,28,4,3,35,39,42,10,6,97,16,0,16,113
04/30/2022,ITO,HI,AWP,WE,Combined TRACON& Tower with Radar,33,13,8,2,56,0,22,2,1,25,33,35,10,3,81,12,0,12,93
05/01/2022,ITO,HI,AWP,WE,Combined TRACON& Tower with Radar,33,19,1,0,53,0,3,0,2,5,33,22,1,2,58,2,0,2,60
05/02/2022,ITO,HI,AWP,WE,Combined TRACON& Tower with Radar,43,17,3,0,63,0,6,0,0,6,43,23,3,0,69,10,0,10,79
05/03/2022,ITO,HI,AWP,WE,Combined TRACON& Tower with Radar,38,17,15,0,70,0,2,0,0,2,38,19,15,0,72,4,0,4,76
05/04/2022,ITO,HI,AWP,WE,Combined TRACON& Tower with Radar,37,18,2,0,57,0,21,0,0,21,37,39,2,0,78,18,0,18,96
05/05/2022,ITO,HI,AWP,WE,Combined TRACON& Tower with Radar,40,16,1,2,59,0,2,3,0,5,40,18,4,2,64,20,0,20,84
05/06/2022,ITO,HI,AWP,WE,Combined TRACON& Tower with Radar,41,12,2,7,62,1,19,1,1,22,42,31,3,8,84,8,0,8,92
05/07/2022,ITO,HI,AWP,WE,Combined TRACON& Tower with Radar,36,12,1,0,49,0,16,0,0,16,36,28,1,0,65,8,0,8,73
05/08/2022,ITO,HI,AWP,WE,Combined TRACON& Tower with Radar,31,15,0,0,46,0,35,2,1,38,31,50,2,1,84,4,0,4,88
05/09/2022,ITO,HI,AWP,WE,Combined TRACON& Tower with Radar,40,13,0,0,53,0,51,4,2,57,40,64,4,2,110,16,8,24,134
05/10/2022,ITO,HI,AWP,WE,Combined TRACON& Tower with Radar,39,11,12,0,62,0,54,5,4,63,39,65,17,4,125,19,2,21,146
05/11/2022,ITO,HI,AWP,WE,Combined TRACON& Tower with Radar,42,18,4,18,82,0,39,10,5,54,42,57,14,23,136,42,22,64,200
05/12/2022,ITO,HI,AWP,WE,Combined TRACON& Tower with Radar,39,15,4,2,60,0,40,23,3,66,39,55,27,5,126,60,2,62,188
05/13/2022,ITO,HI,AWP,WE,Combined TRACON& Tower with Radar,41,20,2,3,66,0,39,7,1,47,41,59,9,4,113,12,0,12,125
05/14/2022,ITO,HI,AWP,WE,Combined TRACON& Tower with Radar,34,12,0,11,57,0,27,5,8,40,34,39,5,19,97,32,18,50,147
05/15/2022,ITO,HI,AWP,WE,Combined TRACON& Tower with Radar,33,16,2,5,56,0,29,6,2,37,33,45,8,7,93,36,0,36,129
05/16/2022,ITO,HI,AWP,WE,Combined TRACON& Tower with Radar,44,18,4,3,69,0,35,7,3,45,44,53,11,6,114,46,0,46,160
05/17/2022,ITO,HI,AWP,WE,Combined TRACON& Tower with Radar,41,18,2,4,65,0,30,9,3,42,41,48,11,7,107,90,2,92,199
05/18/2022,ITO,HI,AWP,WE,Combined TRACON& Tower with Radar,37,20,1,4,62,0,62,7,1,70,37,82,8,5,132,50,2,52,184
05/19/2022,ITO,HI,AWP,WE,Combined TRACON& Tower with Radar,43,24,5,5,77,0,18,9,2,29,43,42,14,7,106,26,14,40,146
05/20/2022,ITO,HI,AWP,WE,Combined TRACON& Tower with Radar,40,9,2,0,51,0,28,7,0,35,40,37,9,0,86,26,0,26,112
05/21/2022,ITO,HI,AWP,WE,Combined TRACON& Tower with Radar,33,8,1,0,42,0,38,4,0,42,33,46,5,0,84,12,0,12,96
05/22/2022,ITO,HI,AWP,WE,Combined TRACON& Tower with Radar,34,10,5,0,49,0,27,6,0,33,34,37,11,0,82,8,0,8,90
05/23/2022,ITO,HI,AWP,WE,Combined TRACON& Tower with Radar,42,14,2,0,58,0,37,6,0,43,42,51,8,0,101,26,0,26,127
05/24/2022,ITO,HI,AWP,WE,Combined TRACON& Tower with Radar,42,8,2,6,58,0,39,11,2,52,42,47,13,8,110,28,28,56,166
05/25/2022,ITO,HI,AWP,WE,Combined TRACON& Tower with Radar,37,14,1,6,58,0,43,14,2,59,37,57,15,8,117,22,16,38,155
05/26/2022,ITO,HI,AWP,WE,Combined TRACON& Tower with Radar,41,9,1,0,51,0,38,6,4,48,41,47,7,4,99,24,10,34,133
05/27/2022,ITO,HI,AWP,WE,Combined TRACON& Tower with Radar,41,14,2,0,57,0,47,7,0,54,41,61,9,0,111,14,0,14,125
05/28/2022,ITO,HI,AWP,WE,Combined TRACON& Tower with Radar,34,17,1,1,53,0,26,2,1,29,34,43,3,2,82,52,8,60,142
05/29/2022,ITO,HI,AWP,WE,Combined TRACON& Tower with Radar,33,14,4,2,53,0,11,2,0,13,33,25,6,2,66,4,0,4,70
05/30/2022,ITO,HI,AWP,WE,Combined TRACON& Tower with Radar,41,14,1,0,56,0,51,6,0,57,41,65,7,0,113,16,0,16,129
05/31/2022,ITO,HI,AWP,WE,Combined TRACON& Tower with Radar,42,17,2,4,65,0,53,8,2,63,42,70,10,6,128,24,24,48,176
06/01/2022,ITO,HI,AWP,WE,Combined TRACON& Tower with Radar,41,20,1,1,63,0,62,8,1,71,41,82,9,2,134,16,2,18,152
06/02/2022,ITO,HI,AWP,WE,Combined TRACON& Tower with Radar,42,14,2,1,59,0,35,3,0,38,42,49,5,1,97,10,26,36,133
06/03/2022,ITO,HI,AWP,WE,Combined TRACON& Tower with Radar,39,21,4,2,66,0,41,9,0,50,39,62,13,2,116,12,0,12,128
06/04/2022,ITO,HI,AWP,WE,Combined TRACON& Tower with Radar,35,15,0,7,57,0,6,0,7,13,35,21,0,14,70,10,60,70,140
06/05/2022,ITO,HI,AWP,WE,Combined TRACON& Tower with Radar,36,8,3,4,51,0,11,0,2,13,36,19,3,6,64,4,24,28,92
06/06/2022,ITO,HI,AWP,WE,Combined TRACON& Tower with Radar,43,14,2,1,60,0,62,10,0,72,43,76,12,1,132,22,0,22,154
06/07/2022,ITO,HI,AWP,WE,Combined TRACON& Tower with Radar,41,9,5,1,56,0,56,7,3,66,41,65,12,4,122,10,10,20,142
06/08/2022,ITO,HI,AWP,WE,Combined TRACON& Tower with Radar,42,15,4,2,63,0,61,4,1,66,42,76,8,3,129,28,0,28,157
06/09/2022,ITO,HI,AWP,WE,Combined TRACON& Tower with Radar,42,20,0,1,63,0,18,6,4,28,42,38,6,5,91,12,28,40,131
06/10/2022,ITO,HI,AWP,WE,Combined TRACON& Tower with Radar,42,14,4,0,60,0,26,10,4,40,42,40,14,4,100,22,22,44,144
06/11/2022,ITO,HI,AWP,WE,Combined TRACON& Tower with Radar,36,11,5,3,55,0,19,4,6,29,36,30,9,9,84,4,2,6,90
06/12/2022,ITO,HI,AWP,WE,Combined TRACON& Tower with Radar,34,16,12,6,68,0,17,3,0,20,34,33,15,6,88,20,16,36,124
06/13/2022,ITO,HI,AWP,WE,Combined TRACON& Tower with Radar,44,25,8,0,77,0,53,6,3,62,44,78,14,3,139,8,2,10,149
06/14/2022,ITO,HI,AWP,WE,Combined TRACON& Tower with Radar,44,14,3,5,66,0,48,8,6,62,44,62,11,11,128,30,54,84,212
06/15/2022,ITO,HI,AWP,WE,Combined TRACON& Tower with Radar,42,16,1,4,63,0,43,1,2,46,42,59,2,6,109,6,4,10,119
06/16/2022,ITO,HI,AWP,WE,Combined TRACON& Tower with Radar,44,15,1,1,61,0,29,3,5,37,44,44,4,6,98,16,18,34,132
06/17/2022,ITO,HI,AWP,WE,Combined TRACON& Tower with Radar,43,22,6,8,79,0,29,1,2,32,43,51,7,10,111,18,6,24,135
06/18/2022,ITO,HI,AWP,WE,Combined TRACON& Tower with Radar,37,9,4,2,52,0,44,0,1,45,37,53,4,3,97,8,0,8,105
06/19/2022,ITO,HI,AWP,WE,Combined TRACON& Tower with Radar,35,9,4,3,51,0,26,0,0,26,35,35,4,3,77,4,0,4,81
06/20/2022,ITO,HI,AWP,WE,Combined TRACON& Tower with Radar,47,13,1,0,61,0,39,2,0,41,47,52,3,0,102,16,0,16,118
06/21/2022,ITO,HI,AWP,WE,Combined TRACON& Tower with Radar,50,16,1,10,77,0,62,2,1,65,50,78,3,11,142,18,34,52,194
06/22/2022,ITO,HI,AWP,WE,Combined TRACON& Tower with Radar,40,16,1,9,66,0,45,3,1,49,40,61,4,10,115,42,18,60,175
06/23/2022,ITO,HI,AWP,WE,Combined TRACON& Tower with Radar,41,12,0,7,60,0,20,10,2,32,41,32,10,9,92,12,58,70,162
06/24/2022,ITO,HI,AWP,WE,Combined TRACON& Tower with Radar,41,19,1,0,61,0,36,8,2,46,41,55,9,2,107,25,7,32,139
06/25/2022,ITO,HI,AWP,WE,Combined TRACON& Tower with Radar,36,11,2,3,52,0,17,4,0,21,36,28,6,3,73,14,8,22,95
06/26/2022,ITO,HI,AWP,WE,Combined TRACON& Tower with Radar,38,5,3,0,46,0,20,7,0,27,38,25,10,0,73,8,0,8,81
06/27/2022,ITO,HI,AWP,WE,Combined TRACON& Tower with Radar,45,23,5,2,75,0,42,13,0,55,45,65,18,2,130,32,0,32,162
06/28/2022,ITO,HI,AWP,WE,Combined TRACON& Tower with Radar,42,13,1,3,59,0,52,2,0,54,42,65,3,3,113,28,2,30,143
06/29/2022,ITO,HI,AWP,WE,Combined TRACON& Tower with Radar,39,14,1,8,62,0,53,5,1,59,39,67,6,9,121,40,10,50,171
06/30/2022,ITO,HI,AWP,WE,Combined TRACON& Tower with Radar,46,17,1,3,67,0,56,4,4,64,46,73,5,7,131,42,14,56,187
07/01/2022,ITO,HI,AWP,WE,Combined TRACON& Tower with Radar,41,15,4,0,60,0,59,3,0,62,41,74,7,0,122,22,0,22,144
07/02/2022,ITO,HI,AWP,WE,Combined TRACON& Tower with Radar,38,10,4,3,55,0,22,4,1,27,38,32,8,4,82,2,4,6,88
07/03/2022,ITO,HI,AWP,WE,Combined TRACON& Tower with Radar,31,8,1,1,41,0,15,0,0,15,31,23,1,1,56,0,0,0,56
07/04/2022,ITO,HI,AWP,WE,Combined TRACON& Tower with Radar,21,5,1,0,27,0,27,0,0,27,21,32,1,0,54,10,0,10,64
07/05/2022,ITO,HI,AWP,WE,Combined TRACON& Tower with Radar,66,32,5,1,104,0,60,5,2,67,66,92,10,3,171,18,46,64,235
07/06/2022,ITO,HI,AWP,WE,Combined TRACON& Tower with Radar,44,12,0,2,58,0,60,9,5,74,44,72,9,7,132,28,18,46,178
07/07/2022,ITO,HI,AWP,WE,Combined TRACON& Tower with Radar,47,17,0,7,71,0,63,12,3,78,47,80,12,10,149,19,4,23,172
07/08/2022,ITO,HI,AWP,WE,Combined TRACON& Tower with Radar,38,14,3,3,58,0,45,7,5,57,38,59,10,8,115,14,14,28,143
07/09/2022,ITO,HI,AWP,WE,Combined TRACON& Tower with Radar,39,14,7,2,62,0,26,2,0,28,39,40,9,2,90,4,0,4,94
07/10/2022,ITO,HI,AWP,WE,Combined TRACON& Tower with Radar,36,10,3,4,53,0,12,6,0,18,36,22,9,4,71,10,0,10,81
07/11/2022,ITO,HI,AWP,WE,Combined TRACON& Tower with Radar,49,17,1,1,68,0,50,11,0,61,49,67,12,1,129,20,0,20,149
07/12/2022,ITO,HI,AWP,WE,Combined TRACON& Tower with Radar,42,21,0,4,67,0,75,5,6,86,42,96,5,10,153,20,30,50,203
07/13/2022,ITO,HI,AWP,WE,Combined TRACON& Tower with Radar,45,21,3,2,71,0,1,1,1,3,45,22,4,3,74,14,2,16,90
07/14/2022,ITO,HI,AWP,WE,Combined TRACON& Tower with Radar,44,13,1,0,58,0,84,24,42,150,44,97,25,42,208,50,38,88,296
07/15/2022,ITO,HI,AWP,WE,Combined TRACON& Tower with Radar,46,17,0,0,63,0,48,1,0,49,46,65,1,0,112,38,36,74,186
07/16/2022,ITO,HI,AWP,WE,Combined TRACON& Tower with Radar,40,13,6,1,60,0,3,0,0,3,40,16,6,1,63,8,0,8,71
07/17/2022,ITO,HI,AWP,WE,Combined TRACON& Tower with Radar,36,11,2,2,51,0,20,5,3,28,36,31,7,5,79,4,2,6,85
07/18/2022,ITO,HI,AWP,WE,Combined TRACON& Tower with Radar,49,12,4,0,65,0,58,7,3,68,49,70,11,3,133,52,2,54,187
07/19/2022,ITO,HI,AWP,WE,Combined TRACON& Tower with Radar,45,17,2,11,75,0,73,5,9,87,45,90,7,20,162,32,52,84,246
07/20/2022,ITO,HI,AWP,WE,Combined TRACON& Tower with Radar,43,13,1,8,65,0,53,1,2,56,43,66,2,10,121,24,20,44,165
07/21/2022,ITO,HI,AWP,WE,Combined TRACON& Tower with Radar,48,19,1,9,77,0,9,3,2,14,48,28,4,11,91,12,16,28,119
07/22/2022,ITO,HI,AWP,WE,Combined TRACON& Tower with Radar,45,17,3,4,69,0,48,5,4,57,45,65,8,8,126,24,4,28,154
07/23/2022,ITO,HI,AWP,WE,Combined TRACON& Tower with Radar,36,14,8,0,58,0,6,0,0,6,36,20,8,0,64,6,0,6,70
07/24/2022,ITO,HI,AWP,WE,Combined TRACON& Tower with Radar,35,9,2,0,46,0,37,6,1,44,35,46,8,1,90,24,0,24,114
07/25/2022,ITO,HI,AWP,WE,Combined TRACON& Tower with Radar,55,16,2,2,75,0,69,5,6,80,55,85,7,8,155,22,2,24,179
07/26/2022,ITO,HI,AWP,WE,Combined TRACON& Tower with Radar,44,13,1,9,67,0,13,3,5,21,44,26,4,14,88,20,18,38,126
07/27/2022,ITO,HI,AWP,WE,Combined TRACON& Tower with Radar,43,13,2,5,63,0,73,6,2,81,43,86,8,7,144,26,6,32,176
07/28/2022,ITO,HI,AWP,WE,Combined TRACON& Tower with Radar,43,8,0,1,52,0,73,8,1,82,43,81,8,2,134,22,0,22,156
07/29/2022,ITO,HI,AWP,WE,Combined TRACON& Tower with Radar,45,11,1,6,63,0,60,7,1,68,45,71,8,7,131,22,0,22,153
07/30/2022,ITO,HI,AWP,WE,Combined TRACON& Tower with Radar,37,8,2,3,50,0,41,2,6,49,37,49,4,9,99,8,8,16,115
07/31/2022,ITO,HI,AWP,WE,Combined TRACON& Tower with Radar,39,7,0,1,47,0,28,1,7,36,39,35,1,8,83,8,16,24,107
08/01/2022,ITO,HI,AWP,WE,Combined TRACON& Tower with Radar,45,20,2,10,77,0,56,4,7,67,45,76,6,17,144,20,13,33,177
08/02/2022,ITO,HI,AWP,WE,Combined TRACON& Tower with Radar,40,14,1,12,67,0,58,4,4,66,40,72,5,16,133,38,32,70,203
08/03/2022,ITO,HI,AWP,WE,Combined TRACON& Tower with Radar,43,5,0,4,52,0,59,6,10,75,43,64,6,14,127,26,28,54,181
08/04/2022,ITO,HI,AWP,WE,Combined TRACON& Tower with Radar,44,8,2,13,67,0,63,10,6,79,44,71,12,19,146,48,12,60,206
08/05/2022,ITO,HI,AWP,WE,Combined TRACON& Tower with Radar,44,9,0,13,66,0,33,0,13,46,44,42,0,26,112,24,44,68,180
08/06/2022,ITO,HI,AWP,WE,Combined TRACON& Tower with Radar,35,8,1,5,49,0,41,1,11,53,35,49,2,16,102,36,8,44,146
08/07/2022,ITO,HI,AWP,WE,Combined TRACON& Tower with Radar,36,1,0,5,42,0,33,4,11,48,36,34,4,16,90,4,30,34,124
08/08/2022,ITO,HI,AWP,WE,Combined TRACON& Tower with Radar,50,15,0,11,76,0,15,9,3,27,50,30,9,14,103,36,43,79,182
08/09/2022,ITO,HI,AWP,WE,Combined TRACON& Tower with Radar,39,12,0,7,58,0,67,4,5,76,39,79,4,12,134,28,0,28,162
08/10/2022,ITO,HI,AWP,WE,Combined TRACON& Tower with Radar,41,11,0,8,60,0,63,3,6,72,41,74,3,14,132,74,18,92,224
08/11/2022,ITO,HI,AWP,WE,Combined TRACON& Tower with Radar,45,14,0,6,65,0,62,5,5,72,45,76,5,11,137,24,6,30,167
08/12/2022,ITO,HI,AWP,WE,Combined TRACON& Tower with Radar,44,7,1,0,52,0,56,10,0,66,44,63,11,0,118,40,0,40,158
08/13/2022,ITO,HI,AWP,WE,Combined TRACON& Tower with Radar,36,9,1,0,46,0,43,4,0,47,36,52,5,0,93,8,0,8,101
08/14/2022,ITO,HI,AWP,WE,Combined TRACON& Tower with Radar,38,7,2,2,49,0,33,3,1,37,38,40,5,3,86,16,0,16,102
08/15/2022,ITO,HI,AWP,WE,Combined TRACON& Tower with Radar,48,11,0,8,67,0,53,11,7,71,48,64,11,15,138,20,16,36,174
08/16/2022,ITO,HI,AWP,WE,Combined TRACON& Tower with Radar,41,15,5,0,61,0,65,8,3,76,41,80,13,3,137,42,0,42,179
08/17/2022,ITO,HI,AWP,WE,Combined TRACON& Tower with Radar,42,14,3,8,67,0,48,14,3,65,42,62,17,11,132,63,2,65,197
08/18/2022,ITO,HI,AWP,WE,Combined TRACON& Tower with Radar,43,12,1,4,60,0,46,11,3,60,43,58,12,7,120,60,0,60,180
08/19/2022,ITO,HI,AWP,WE,Combined TRACON& Tower with Radar,42,11,0,2,55,0,31,4,7,42,42,42,4,9,97,58,0,58,155
08/20/2022,ITO,HI,AWP,WE,Combined TRACON& Tower with Radar,37,9,1,0,47,0,41,3,0,44,37,50,4,0,91,28,0,28,119
08/21/2022,ITO,HI,AWP,WE,Combined TRACON& Tower with Radar,37,7,0,0,44,0,38,9,0,47,37,45,9,0,91,8,0,8,99
08/22/2022,ITO,HI,AWP,WE,Combined TRACON& Tower with Radar,47,14,1,2,64,0,37,8,1,46,47,51,9,3,110,20,0,20,130
08/23/2022,ITO,HI,AWP,WE,Combined TRACON& Tower with Radar,43,12,3,3,61,0,9,2,1,12,43,21,5,4,73,20,16,36,109
08/24/2022,ITO,HI,AWP,WE,Combined TRACON& Tower with Radar,42,8,2,4,56,0,57,6,1,64,42,65,8,5,120,40,0,40,160
08/25/2022,ITO,HI,AWP,WE,Combined TRACON& Tower with Radar,42,9,0,0,51,0,43,10,4,57,42,52,10,4,108,25,39,64,172
08/26/2022,ITO,HI,AWP,WE,Combined TRACON& Tower with Radar,44,13,0,6,63,0,37,2,0,39,44,50,2,6,102,38,16,54,156
08/27/2022,ITO,HI,AWP,WE,Combined TRACON& Tower with Radar,36,7,2,1,46,0,28,14,0,42,36,35,16,1,88,12,0,12,100
08/28/2022,ITO,HI,AWP,WE,Combined TRACON& Tower with Radar,38,13,3,1,55,0,31,11,0,42,38,44,14,1,97,9,0,9,106
08/29/2022,ITO,HI,AWP,WE,Combined TRACON& Tower with Radar,43,15,1,0,59,0,48,9,0,57,43,63,10,0,116,26,0,26,142
08/30/2022,ITO,HI,AWP,WE,Combined TRACON& Tower with Radar,39,9,3,0,51,0,32,10,2,44,39,41,13,2,95,60,10,70,165
08/31/2022,ITO,HI,AWP,WE,Combined TRACON& Tower with Radar,41,13,1,5,60,0,52,12,12,76,41,65,13,17,136,66,2,68,204
09/01/2022,ITO,HI,AWP,WE,Combined TRACON& Tower with Radar,41,20,2,4,67,0,33,5,4,42,41,53,7,8,109,32,4,36,145
09/02/2022,ITO,HI,AWP,WE,Combined TRACON& Tower with Radar,44,11,4,0,59,0,44,7,2,53,44,55,11,2,112,34,0,34,146
09/03/2022,ITO,HI,AWP,WE,Combined TRACON& Tower with Radar,37,5,1,0,43,0,25,3,0,28,37,30,4,0,71,8,0,8,79
09/04/2022,ITO,HI,AWP,WE,Combined TRACON& Tower with Radar,38,8,4,0,50,0,28,2,0,30,38,36,6,0,80,12,0,12,92
09/05/2022,ITO,HI,AWP,WE,Combined TRACON& Tower with Radar,40,14,3,0,57,0,54,0,0,54,40,68,3,0,111,16,0,16,127
09/06/2022,ITO,HI,AWP,WE,Combined TRACON& Tower with Radar,42,13,2,0,57,0,53,2,2,57,42,66,4,2,114,20,2,22,136
09/07/2022,ITO,HI,AWP,WE,Combined TRACON& Tower with Radar,38,9,1,2,50,0,52,8,2,62,38,61,9,4,112,22,0,22,134
09/08/2022,ITO,HI,AWP,WE,Combined TRACON& Tower with Radar,40,13,3,3,59,0,53,3,3,59,40,66,6,6,118,20,2,22,140
09/09/2022,ITO,HI,AWP,WE,Combined TRACON& Tower with Radar,42,12,2,10,66,0,41,18,1,60,42,53,20,11,126,12,7,19,145
09/10/2022,ITO,HI,AWP,WE,Combined TRACON& Tower with Radar,36,12,0,3,51,0,18,5,9,32,36,30,5,12,83,40,0,40,123
09/11/2022,ITO,HI,AWP,WE,Combined TRACON& Tower with Radar,38,8,1,2,49,0,28,10,2,40,38,36,11,4,89,20,0,20,109
09/12/2022,ITO,HI,AWP,WE,Combined TRACON& Tower with Radar,42,18,1,6,67,0,53,7,0,60,42,71,8,6,127,26,0,26,153
09/13/2022,ITO,HI,AWP,WE,Combined TRACON& Tower with Radar,41,15,2,2,60,0,41,14,2,57,41,56,16,4,117,58,2,60,177
09/14/2022,ITO,HI,AWP,WE,Combined TRACON& Tower with Radar,40,11,0,3,54,0,38,2,3,43,40,49,2,6,97,10,18,28,125
09/15/2022,ITO,HI,AWP,WE,Combined TRACON& Tower with Radar,39,15,7,4,65,0,7,3,4,14,39,22,10,8,79,4,4,8,87
09/16/2022,ITO,HI,AWP,WE,Combined TRACON& Tower with Radar,43,18,1,0,62,0,49,11,0,60,43,67,12,0,122,46,0,46,168
09/17/2022,ITO,HI,AWP,WE,Combined TRACON& Tower with Radar,38,7,3,1,49,0,32,7,3,42,38,39,10,4,91,18,0,18,109
09/18/2022,ITO,HI,AWP,WE,Combined TRACON& Tower with Radar,33,7,3,1,44,0,18,1,0,19,33,25,4,1,63,12,0,12,75
09/19/2022,ITO,HI,AWP,WE,Combined TRACON& Tower with Radar,43,12,12,2,69,0,27,3,0,30,43,39,15,2,99,12,0,12,111
09/20/2022,ITO,HI,AWP,WE,Combined TRACON& Tower with Radar,39,10,0,4,53,0,61,5,0,66,39,71,5,4,119,50,18,68,187
09/21/2022,ITO,HI,AWP,WE,Combined TRACON& Tower with Radar,39,12,2,2,55,0,51,6,3,60,39,63,8,5,115,26,2,28,143
09/22/2022,ITO,HI,AWP,WE,Combined TRACON& Tower with Radar,41,17,0,5,63,0,41,3,9,53,41,58,3,14,116,24,0,24,140
09/23/2022,ITO,HI,AWP,WE,Combined TRACON& Tower with Radar,42,12,5,9,68,0,34,10,0,44,42,46,15,9,112,38,0,38,150
09/24/2022,ITO,HI,AWP,WE,Combined TRACON& Tower with Radar,41,8,6,1,56,0,21,2,0,23,41,29,8,1,79,22,0,22,101
09/25/2022,ITO,HI,AWP,WE,Combined TRACON& Tower with Radar,36,5,5,0,46,0,18,11,0,29,36,23,16,0,75,20,0,20,95
09/26/2022,ITO,HI,AWP,WE,Combined TRACON& Tower with Radar,41,10,5,3,59,0,54,18,0,72,41,64,23,3,131,28,0,28,159
09/27/2022,ITO,HI,AWP,WE,Combined TRACON& Tower with Radar,45,17,5,4,71,0,60,8,5,73,45,77,13,9,144,38,6,44,188
09/28/2022,ITO,HI,AWP,WE,Combined TRACON& Tower with Radar,40,13,3,15,71,0,56,11,4,71,40,69,14,19,142,30,8,38,180
09/29/2022,ITO,HI,AWP,WE,Combined TRACON& Tower with Radar,39,11,2,5,57,0,48,12,3,63,39,59,14,8,120,14,20,34,154
09/30/2022,ITO,HI,AWP,WE,Combined TRACON& Tower with Radar,43,7,3,2,55,0,36,6,0,42,43,43,9,2,97,24,0,24,121
10/01/2022,ITO,HI,AWP,WE,Combined TRACON& Tower with Radar,38,8,1,3,50,0,25,5,0,30,38,33,6,3,80,6,0,6,86
10/02/2022,ITO,HI,AWP,WE,Combined TRACON& Tower with Radar,36,6,2,3,47,0,38,8,0,46,36,44,10,3,93,36,0,36,129
10/03/2022,ITO,HI,AWP,WE,Combined TRACON& Tower with Radar,40,14,0,0,54,0,42,5,0,47,40,56,5,0,101,14,0,14,115
10/04/2022,ITO,HI,AWP,WE,Combined TRACON& Tower with Radar,40,9,1,0,50,0,45,1,5,51,40,54,2,5,101,20,28,48,149
10/05/2022,ITO,HI,AWP,WE,Combined TRACON& Tower with Radar,41,11,1,6,59,0,41,3,1,45,41,52,4,7,104,40,0,40,144
10/06/2022,ITO,HI,AWP,WE,Combined TRACON& Tower with Radar,40,12,2,1,55,0,38,10,1,49,40,50,12,2,104,46,2,48,152
10/07/2022,ITO,HI,AWP,WE,Combined TRACON& Tower with Radar,42,9,1,2,54,0,46,7,0,53,42,55,8,2,107,14,0,14,121
10/08/2022,ITO,HI,AWP,WE,Combined TRACON& Tower with Radar,37,8,2,0,47,0,24,5,1,30,37,32,7,1,77,8,0,8,85
10/09/2022,ITO,HI,AWP,WE,Combined TRACON& Tower with Radar,36,9,4,0,49,0,26,3,0,29,36,35,7,0,78,8,0,8,86
10/10/2022,ITO,HI,AWP,WE,Combined TRACON& Tower with Radar,40,12,3,0,55,0,44,9,0,53,40,56,12,0,108,22,0,22,130
10/11/2022,ITO,HI,AWP,WE,Combined TRACON& Tower with Radar,40,9,1,0,50,0,57,10,2,69,40,66,11,2,119,24,0,24,143
10/12/2022,ITO,HI,AWP,WE,Combined TRACON& Tower with Radar,39,8,0,2,49,0,50,7,3,60,39,58,7,5,109,32,2,34,143
10/13/2022,ITO,HI,AWP,WE,Combined TRACON& Tower with Radar,41,7,3,5,56,0,40,4,3,47,41,47,7,8,103,14,10,24,127
10/14/2022,ITO,HI,AWP,WE,Combined TRACON& Tower with Radar,42,5,1,3,51,0,37,2,3,42,42,42,3,6,93,14,2,16,109
10/15/2022,ITO,HI,AWP,WE,Combined TRACON& Tower with Radar,38,10,1,2,51,0,7,0,0,7,38,17,1,2,58,4,31,35,93
10/16/2022,ITO,HI,AWP,WE,Combined TRACON& Tower with Radar,36,7,0,2,45,0,33,5,0,38,36,40,5,2,83,14,0,14,97
10/17/2022,ITO,HI,AWP,WE,Combined TRACON& Tower with Radar,47,9,2,2,60,0,51,2,1,54,47,60,4,3,114,12,0,12,126
10/18/2022,ITO,HI,AWP,WE,Combined TRACON& Tower with Radar,42,13,2,1,58,0,47,2,1,50,42,60,4,2,108,20,0,20,128
10/19/2022,ITO,HI,AWP,WE,Combined TRACON& Tower with Radar,39,7,0,3,49,0,40,7,0,47,39,47,7,3,96,24,0,24,120
10/20/2022,ITO,HI,AWP,WE,Combined TRACON& Tower with Radar,40,6,2,5,53,0,47,4,0,51,40,53,6,5,104,14,0,14,118
10/21/2022,ITO,HI,AWP,WE,Combined TRACON& Tower with Radar,43,7,0,3,53,0,38,2,0,40,43,45,2,3,93,42,0,42,135
10/22/2022,ITO,HI,AWP,WE,Combined TRACON& Tower with Radar,37,11,2,0,50,0,34,1,2,37,37,45,3,2,87,16,0,16,103
10/23/2022,ITO,HI,AWP,WE,Combined TRACON& Tower with Radar,36,7,2,0,45,0,14,2,0,16,36,21,4,0,61,18,0,18,79
10/24/2022,ITO,HI,AWP,WE,Combined TRACON& Tower with Radar,42,9,2,0,53,0,53,7,0,60,42,62,9,0,113,22,0,22,135
10/25/2022,ITO,HI,AWP,WE,Combined TRACON& Tower with Radar,40,9,1,6,56,0,45,3,5,53,40,54,4,11,109,14,10,24,133
10/26/2022,ITO,HI,AWP,WE,Combined TRACON& Tower with Radar,39,10,4,3,56,0,50,5,1,56,39,60,9,4,112,18,6,24,136
10/27/2022,ITO,HI,AWP,WE,Combined TRACON& Tower with Radar,40,6,0,0,46,0,43,3,2,48,40,49,3,2,94,32,18,50,144
10/28/2022,ITO,HI,AWP,WE,Combined TRACON& Tower with Radar,44,12,0,17,73,0,36,4,6,46,44,48,4,23,119,24,10,34,153
10/29/2022,ITO,HI,AWP,WE,Combined TRACON& Tower with Radar,37,10,4,6,57,0,22,3,0,25,37,32,7,6,82,24,0,24,106
10/30/2022,ITO,HI,AWP,WE,Combined TRACON& Tower with Radar,40,5,2,1,48,0,19,8,1,28,40,24,10,2,76,8,0,8,84
10/31/2022,ITO,HI,AWP,WE,Combined TRACON& Tower with Radar,38,6,0,4,48,0,26,6,1,33,38,32,6,5,81,16,0,16,97
11/01/2022,ITO,HI,AWP,WE,Combined TRACON& Tower with Radar,43,8,9,10,70,0,39,7,7,53,43,47,16,17,123,28,10,38,161
11/02/2022,ITO,HI,AWP,WE,Combined TRACON& Tower with Radar,37,4,2,8,51,0,34,9,6,49,37,38,11,14,100,16,2,18,118
11/03/2022,ITO,HI,AWP,WE,Combined TRACON& Tower with Radar,41,8,1,3,53,0,1,3,0,4,41,9,4,3,57,0,0,0,57
11/04/2022,ITO,HI,AWP,WE,Combined TRACON& Tower with Radar,45,13,3,4,65,0,5,1,0,6,45,18,4,4,71,4,0,4,75
11/05/2022,ITO,HI,AWP,WE,Combined TRACON& Tower with Radar,37,14,2,11,64,0,25,6,2,33,37,39,8,13,97,14,0,14,111
11/06/2022,ITO,HI,AWP,WE,Combined TRACON& Tower with Radar,39,5,4,5,53,0,32,11,2,45,39,37,15,7,98,30,4,34,132
11/07/2022,ITO,HI,AWP,WE,Combined TRACON& Tower with Radar,38,6,3,4,51,0,45,5,4,54,38,51,8,8,105,28,4,32,137
11/08/2022,ITO,HI,AWP,WE,Combined TRACON& Tower with Radar,45,4,12,3,64,0,45,5,0,50,45,49,17,3,114,30,26,56,170
11/09/2022,ITO,HI,AWP,WE,Combined TRACON& Tower with Radar,42,11,2,6,61,0,49,3,0,52,42,60,5,6,113,20,8,28,141
11/10/2022,ITO,HI,AWP,WE,Combined TRACON& Tower with Radar,46,19,2,10,77,0,33,16,5,54,46,52,18,15,131,16,18,34,165
11/11/2022,ITO,HI,AWP,WE,Combined TRACON& Tower with Radar,43,8,2,0,53,0,31,9,2,42,43,39,11,2,95,16,0,16,111
11/12/2022,ITO,HI,AWP,WE,Combined TRACON& Tower with Radar,44,8,0,2,54,0,35,6,0,41,44,43,6,2,95,48,0,48,143
11/13/2022,ITO,HI,AWP,WE,Combined TRACON& Tower with Radar,39,8,3,0,50,0,39,8,0,47,39,47,11,0,97,40,0,40,137
11/14/2022,ITO,HI,AWP,WE,Combined TRACON& Tower with Radar,40,9,1,0,50,0,35,10,0,45,40,44,11,0,95,26,0,26,121
11/15/2022,ITO,HI,AWP,WE,Combined TRACON& Tower with Radar,42,9,2,1,54,0,45,3,2,50,42,54,5,3,104,78,6,84,188
11/16/2022,ITO,HI,AWP,WE,Combined TRACON& Tower with Radar,44,9,0,2,55,0,42,9,6,57,44,51,9,8,112,32,12,44,156
11/17/2022,ITO,HI,AWP,WE,Combined TRACON& Tower with Radar,46,16,2,0,64,0,30,5,5,40,46,46,7,5,104,24,0,24,128
11/18/2022,ITO,HI,AWP,WE,Combined TRACON& Tower with Radar,46,11,1,4,62,0,32,11,5,48,46,43,12,9,110,10,0,10,120
11/19/2022,ITO,HI,AWP,WE,Combined TRACON& Tower with Radar,40,3,1,1,45,0,31,7,3,41,40,34,8,4,86,30,6,36,122
11/20/2022,ITO,HI,AWP,WE,Combined TRACON& Tower with Radar,43,6,2,0,51,0,27,10,2,39,43,33,12,2,90,26,0,26,116
11/21/2022,ITO,HI,AWP,WE,Combined TRACON& Tower with Radar,47,15,5,7,74,0,44,7,6,57,47,59,12,13,131,40,0,40,171
11/22/2022,ITO,HI,AWP,WE,Combined TRACON& Tower with Radar,42,9,3,5,59,0,33,4,3,40,42,42,7,8,99,12,16,28,127
11/23/2022,ITO,HI,AWP,WE,Combined TRACON& Tower with Radar,46,14,1,1,62,0,39,3,0,42,46,53,4,1,104,12,0,12,116
11/24/2022,ITO,HI,AWP,WE,Combined TRACON& Tower with Radar,37,14,5,1,57,0,21,0,0,21,37,35,5,1,78,18,0,18,96
11/25/2022,ITO,HI,AWP,WE,Combined TRACON& Tower with Radar,45,11,1,1,58,0,38,0,0,38,45,49,1,1,96,14,0,14,110
11/26/2022,ITO,HI,AWP,WE,Combined TRACON& Tower with Radar,43,8,1,8,60,0,32,7,0,39,43,40,8,8,99,20,0,20,119
11/27/2022,ITO,HI,AWP,WE,Combined TRACON& Tower with Radar,41,5,1,0,47,0,27,9,0,36,41,32,10,0,83,58,0,58,141
11/28/2022,ITO,HI,AWP,WE,Combined TRACON& Tower with Radar,33,14,1,2,50,0,12,4,2,18,33,26,5,4,68,48,0,48,116
11/29/2022,ITO,HI,AWP,WE,Combined TRACON& Tower with Radar,46,10,2,1,59,0,33,6,0,39,46,43,8,1,98,16,0,16,114
11/30/2022,ITO,HI,AWP,WE,Combined TRACON& Tower with Radar,46,9,4,11,70,0,27,11,3,41,46,36,15,14,111,24,6,30,141
12/01/2022,ITO,HI,AWP,WE,Combined TRACON& Tower with Radar,46,8,0,2,56,0,34,7,1,42,46,42,7,3,98,14,0,14,112
12/02/2022,ITO,HI,AWP,WE,Combined TRACON& Tower with Radar,44,10,5,0,59,0,12,10,0,22,44,22,15,0,81,8,0,8,89
12/03/2022,ITO,HI,AWP,WE,Combined TRACON& Tower with Radar,41,11,1,3,56,0,4,2,4,10,41,15,3,7,66,4,4,8,74
12/04/2022,ITO,HI,AWP,WE,Combined TRACON& Tower with Radar,38,9,3,2,52,3,24,17,3,47,41,33,20,5,99,14,0,14,113
12/05/2022,ITO,HI,AWP,WE,Combined TRACON& Tower with Radar,44,15,2,0,61,0,31,9,4,44,44,46,11,4,105,10,0,10,115
12/06/2022,ITO,HI,AWP,WE,Combined TRACON& Tower with Radar,42,18,2,6,68,0,4,5,0,9,42,22,7,6,77,22,4,26,103
12/07/2022,ITO,HI,AWP,WE,Combined TRACON& Tower with Radar,44,19,2,7,72,0,30,8,1,39,44,49,10,8,111,6,4,10,121
12/08/2022,ITO,HI,AWP,WE,Combined TRACON& Tower with Radar,41,15,3,4,63,0,29,17,9,55,41,44,20,13,118,28,8,36,154
12/09/2022,ITO,HI,AWP,WE,Combined TRACON& Tower with Radar,49,8,1,5,63,0,34,4,6,44,49,42,5,11,107,6,6,12,119
12/10/2022,ITO,HI,AWP,WE,Combined TRACON& Tower with Radar,37,10,2,0,49,0,22,4,2,28,37,32,6,2,77,8,0,8,85
12/11/2022,ITO,HI,AWP,WE,Combined TRACON& Tower with Radar,40,10,2,0,52,0,25,9,2,36,40,35,11,2,88,16,0,16,104
12/12/2022,ITO,HI,AWP,WE,Combined TRACON& Tower with Radar,48,14,2,2,66,0,9,5,2,16,48,23,7,4,82,12,0,12,94
12/13/2022,ITO,HI,AWP,WE,Combined TRACON& Tower with Radar,40,17,6,8,71,0,26,4,1,31,40,43,10,9,102,8,0,8,110
12/14/2022,ITO,HI,AWP,WE,Combined TRACON& Tower with Radar,44,12,2,1,59,0,40,3,1,44,44,52,5,2,103,20,4,24,127
12/15/2022,ITO,HI,AWP,WE,Combined TRACON& Tower with Radar,45,15,2,3,65,0,43,22,3,68,45,58,24,6,133,16,0,16,149
12/16/2022,ITO,HI,AWP,WE,Combined TRACON& Tower with Radar,47,12,0,2,61,0,40,3,0,43,47,52,3,2,104,26,0,26,130
12/17/2022,ITO,HI,AWP,WE,Combined TRACON& Tower with Radar,42,10,0,0,52,0,32,3,0,35,42,42,3,0,87,10,0,10,97
12/18/2022,ITO,HI,AWP,WE,Combined TRACON& Tower with Radar,34,1,0,0,35,0,30,2,0,32,34,31,2,0,67,6,0,6,73
12/19/2022,ITO,HI,AWP,WE,Combined TRACON& Tower with Radar,43,13,0,0,56,0,0,0,0,0,43,13,0,0,56,0,0,0,56
12/20/2022,ITO,HI,AWP,WE,Combined TRACON& Tower with Radar,47,16,1,3,67,0,54,13,2,69,47,70,14,5,136,32,24,56,192
12/21/2022,ITO,HI,AWP,WE,Combined TRACON& Tower with Radar,57,16,0,1,74,0,50,16,2,68,57,66,16,3,142,24,0,24,166
12/22/2022,ITO,HI,AWP,WE,Combined TRACON& Tower with Radar,50,12,1,3,66,0,87,13,0,100,50,99,14,3,166,38,0,38,204
12/23/2022,ITO,HI,AWP,WE,Combined TRACON& Tower with Radar,50,6,0,0,56,0,58,7,0,65,50,64,7,0,121,20,0,20,141
12/24/2022,ITO,HI,AWP,WE,Combined TRACON& Tower with Radar,42,2,0,0,44,0,60,9,0,69,42,62,9,0,113,14,0,14,127
12/25/2022,ITO,HI,AWP,WE,Combined TRACON& Tower with Radar,31,3,0,0,34,0,5,2,0,7,31,8,2,0,41,0,0,0,41
12/26/2022,ITO,HI,AWP,WE,Combined TRACON& Tower with Radar,51,5,3,0,59,0,60,6,0,66,51,65,9,0,125,46,0,46,171
12/27/2022,ITO,HI,AWP,WE,Combined TRACON& Tower with Radar,49,11,8,5,73,0,79,9,2,90,49,90,17,7,163,24,30,54,217
12/28/2022,ITO,HI,AWP,WE,Combined TRACON& Tower with Radar,48,14,0,2,64,0,70,6,6,82,48,84,6,8,146,16,10,26,172
12/29/2022,ITO,HI,AWP,WE,Combined TRACON& Tower with Radar,50,17,3,0,70,0,58,7,1,66,50,75,10,1,136,14,0,14,150
12/30/2022,ITO,HI,AWP,WE,Combined TRACON& Tower with Radar,49,9,2,0,60,0,67,8,2,77,49,76,10,2,137,16,0,16,153
12/31/2022,ITO,HI,AWP,WE,Combined TRACON& Tower with Radar,44,5,4,0,53,0,56,0,0,56,44,61,4,0,109,16,0,16,125
01/01/2023,ITO,HI,AWP,WE,Combined TRACON& Tower with Radar,47,9,2,1,59,0,54,0,0,54,47,63,2,1,113,8,0,8,121
01/02/2023,ITO,HI,AWP,WE,Combined TRACON& Tower with Radar,51,9,5,0,65,0,75,12,0,87,51,84,17,0,152,10,0,10,162
01/03/2023,ITO,HI,AWP,WE,Combined TRACON& Tower with Radar,46,10,4,0,60,0,46,4,2,52,46,56,8,2,112,14,16,30,142
01/04/2023,ITO,HI,AWP,WE,Combined TRACON& Tower with Radar,49,9,0,6,64,0,54,6,1,61,49,63,6,7,125,10,0,10,135
01/05/2023,ITO,HI,AWP,WE,Combined TRACON& Tower with Radar,46,14,1,5,66,0,48,11,2,61,46,62,12,7,127,22,26,48,175
01/06/2023,ITO,HI,AWP,WE,Combined TRACON& Tower with Radar,46,5,4,7,62,0,41,10,0,51,46,46,14,7,113,16,0,16,129
01/07/2023,ITO,HI,AWP,WE,Combined TRACON& Tower with Radar,40,10,5,3,58,0,60,23,5,88,40,70,28,8,146,16,4,20,166
01/08/2023,ITO,HI,AWP,WE,Combined TRACON& Tower with Radar,38,4,0,4,46,0,48,10,0,58,38,52,10,4,104,32,0,32,136
01/09/2023,ITO,HI,AWP,WE,Combined TRACON& Tower with Radar,48,7,0,0,55,0,58,17,0,75,48,65,17,0,130,26,0,26,156
01/10/2023,ITO,HI,AWP,WE,Combined TRACON& Tower with Radar,37,11,0,3,51,0,61,12,1,74,37,72,12,4,125,18,0,18,143
01/11/2023,ITO,HI,AWP,WE,Combined TRACON& Tower with Radar,43,5,1,6,55,0,39,8,1,48,43,44,9,7,103,22,6,28,131
01/12/2023,ITO,HI,AWP,WE,Combined TRACON& Tower with Radar,48,9,3,3,63,0,56,9,2,67,48,65,12,5,130,20,2,22,152
01/13/2023,ITO,HI,AWP,WE,Combined TRACON& Tower with Radar,44,3,3,1,51,0,54,8,0,62,44,57,11,1,113,18,0,18,131
01/14/2023,ITO,HI,AWP,WE,Combined TRACON& Tower with Radar,41,10,2,0,53,0,47,6,4,57,41,57,8,4,110,16,2,18,128
01/15/2023,ITO,HI,AWP,WE,Combined TRACON& Tower with Radar,35,7,2,0,44,0,46,4,0,50,35,53,6,0,94,10,0,10,104
01/16/2023,ITO,HI,AWP,WE,Combined TRACON& Tower with Radar,45,5,2,0,52,0,61,4,0,65,45,66,6,0,117,10,0,10,127
01/17/2023,ITO,HI,AWP,WE,Combined TRACON& Tower with Radar,38,12,2,1,53,0,43,5,0,48,38,55,7,1,101,16,0,16,117
01/18/2023,ITO,HI,AWP,WE,Combined TRACON& Tower with Radar,41,7,1,8,57,0,51,10,2,63,41,58,11,10,120,24,2,26,146
01/19/2023,ITO,HI,AWP,WE,Combined TRACON& Tower with Radar,43,18,4,2,67,0,66,8,0,74,43,84,12,2,141,34,8,42,183
01/20/2023,ITO,HI,AWP,WE,Combined TRACON& Tower with Radar,48,13,3,8,72,0,30,13,4,47,48,43,16,12,119,22,6,28,147
01/21/2023,ITO,HI,AWP,WE,Combined TRACON& Tower with Radar,41,10,5,0,56,0,42,4,8,54,41,52,9,8,110,10,2,12,122
01/22/2023,ITO,HI,AWP,WE,Combined TRACON& Tower with Radar,37,5,1,1,44,0,37,6,8,51,37,42,7,9,95,8,0,8,103
01/23/2023,ITO,HI,AWP,WE,Combined TRACON& Tower with Radar,45,4,2,1,52,0,45,6,3,54,45,49,8,4,106,48,0,48,154
01/24/2023,ITO,HI,AWP,WE,Combined TRACON& Tower with Radar,39,6,3,2,50,0,55,10,0,65,39,61,13,2,115,51,0,51,166
01/25/2023,ITO,HI,AWP,WE,Combined TRACON& Tower with Radar,42,16,7,0,65,0,46,6,0,52,42,62,13,0,117,26,0,26,143
01/26/2023,ITO,HI,AWP,WE,Combined TRACON& Tower with Radar,45,16,2,9,72,0,35,5,1,41,45,51,7,10,113,8,22,30,143
01/27/2023,ITO,HI,AWP,WE,Combined TRACON& Tower with Radar,45,19,2,13,79,0,37,5,0,42,45,56,7,13,121,32,6,38,159
01/28/2023,ITO,HI,AWP,WE,Combined TRACON& Tower with Radar,38,11,4,0,53,0,16,2,0,18,38,27,6,0,71,4,0,4,75
01/29/2023,ITO,HI,AWP,WE,Combined TRACON& Tower with Radar,36,8,0,0,44,0,12,2,0,14,36,20,2,0,58,12,0,12,70
01/30/2023,ITO,HI,AWP,WE,Combined TRACON& Tower with Radar,44,15,0,0,59,0,2,0,0,2,44,17,0,0,61,0,0,0,61
01/31/2023,ITO,HI,AWP,WE,Combined TRACON& Tower with Radar,37,15,3,7,62,0,9,13,1,23,37,24,16,8,85,4,2,6,91
02/01/2023,ITO,HI,AWP,WE,Combined TRACON& Tower with Radar,41,14,4,1,60,0,50,11,1,62,41,64,15,2,122,36,0,36,158
02/02/2023,ITO,HI,AWP,WE,Combined TRACON& Tower with Radar,38,7,1,4,50,0,38,10,2,50,38,45,11,6,100,18,2,20,120
02/03/2023,ITO,HI,AWP,WE,Combined TRACON& Tower with Radar,46,8,2,2,58,0,33,12,1,46,46,41,14,3,104,31,0,31,135
02/04/2023,ITO,HI,AWP,WE,Combined TRACON& Tower with Radar,33,11,3,2,49,0,17,0,0,17,33,28,3,2,66,8,4,12,78
02/05/2023,ITO,HI,AWP,WE,Combined TRACON& Tower with Radar,37,7,0,2,46,0,16,0,0,16,37,23,0,2,62,8,2,10,72
02/06/2023,ITO,HI,AWP,WE,Combined TRACON& Tower with Radar,46,10,1,7,64,0,21,6,0,27,46,31,7,7,91,10,0,10,101
02/07/2023,ITO,HI,AWP,WE,Combined TRACON& Tower with Radar,41,10,2,5,58,0,9,6,0,15,41,19,8,5,73,2,0,2,75
02/08/2023,ITO,HI,AWP,WE,Combined TRACON& Tower with Radar,44,11,2,3,60,0,35,4,1,40,44,46,6,4,100,16,0,16,116
02/09/2023,ITO,HI,AWP,WE,Combined TRACON& Tower with Radar,44,12,0,17,73,0,19,3,1,23,44,31,3,18,96,10,12,22,118
02/10/2023,ITO,HI,AWP,WE,Combined TRACON& Tower with Radar,46,19,1,1,67,0,14,9,0,23,46,33,10,1,90,10,0,10,100
02/11/2023,ITO,HI,AWP,WE,Combined TRACON& Tower with Radar,38,8,7,0,53,0,4,2,0,6,38,12,9,0,59,14,0,14,73
02/12/2023,ITO,HI,AWP,WE,Combined TRACON& Tower with Radar,37,6,0,0,43,0,1,2,0,3,37,7,2,0,46,2,0,2,48
02/13/2023,ITO,HI,AWP,WE,Combined TRACON& Tower with Radar,44,10,0,2,56,0,33,2,0,35,44,43,2,2,91,28,0,28,119
02/14/2023,ITO,HI,AWP,WE,Combined TRACON& Tower with Radar,38,13,7,7,65,0,39,9,3,51,38,52,16,10,116,14,0,14,130
02/15/2023,ITO,HI,AWP,WE,Combined TRACON& Tower with Radar,42,5,3,11,61,0,33,10,4,47,42,38,13,15,108,26,20,46,154
02/16/2023,ITO,HI,AWP,WE,Combined TRACON& Tower with Radar,52,11,2,4,69,0,0,5,0,5,52,11,7,4,74,74,0,74,148
02/17/2023,ITO,HI,AWP,WE,Combined TRACON& Tower with Radar,45,4,0,0,49,0,0,0,0,0,45,4,0,0,49,2,0,2,51
02/18/2023,ITO,HI,AWP,WE,Combined TRACON& Tower with Radar,35,10,0,1,46,0,0,0,0,0,35,10,0,1,46,0,0,0,46
02/19/2023,ITO,HI,AWP,WE,Combined TRACON& Tower with Radar,41,8,1,0,50,0,2,1,0,3,41,10,2,0,53,2,0,2,55
02/20/2023,ITO,HI,AWP,WE,Combined TRACON& Tower with Radar,48,6,2,0,56,0,0,9,0,9,48,6,11,0,65,0,0,0,65
02/21/2023,ITO,HI,AWP,WE,Combined TRACON& Tower with Radar,42,9,1,11,63,0,19,10,0,29,42,28,11,11,92,12,2,14,106
02/22/2023,ITO,HI,AWP,WE,Combined TRACON& Tower with Radar,42,11,1,2,56,0,2,4,0,6,42,13,5,2,62,4,0,4,66
02/23/2023,ITO,HI,AWP,WE,Combined TRACON& Tower with Radar,47,25,1,8,81,0,6,3,0,9,47,31,4,8,90,12,6,18,108
02/24/2023,ITO,HI,AWP,WE,Combined TRACON& Tower with Radar,43,6,0,4,53,0,9,6,0,15,43,15,6,4,68,10,0,10,78
02/25/2023,ITO,HI,AWP,WE,Combined TRACON& Tower with Radar,39,3,1,0,43,0,28,6,0,34,39,31,7,0,77,18,0,18,95
02/26/2023,ITO,HI,AWP,WE,Combined TRACON& Tower with Radar,39,2,2,0,43,0,22,2,0,24,39,24,4,0,67,14,0,14,81
02/27/2023,ITO,HI,AWP,WE,Combined TRACON& Tower with Radar,42,5,0,5,52,0,23,9,0,32,42,28,9,5,84,28,0,28,112
02/28/2023,ITO,HI,AWP,WE,Combined TRACON& Tower with Radar,48,9,0,8,65,0,6,2,0,8,48,15,2,8,73,6,18,24,97
03/01/2023,ITO,HI,AWP,WE,Combined TRACON& Tower with Radar,48,11,0,9,68,0,12,2,1,15,48,23,2,10,83,12,0,12,95
03/02/2023,ITO,HI,AWP,WE,Combined TRACON& Tower with Radar,45,8,0,5,58,0,9,1,0,10,45,17,1,5,68,2,0,2,70
03/03/2023,ITO,HI,AWP,WE,Combined TRACON& Tower with Radar,47,5,2,3,57,0,9,2,0,11,47,14,4,3,68,4,0,4,72
03/04/2023,ITO,HI,AWP,WE,Combined TRACON& Tower with Radar,40,6,1,2,49,0,22,2,9,33,40,28,3,11,82,12,10,22,104
03/05/2023,ITO,HI,AWP,WE,Combined TRACON& Tower with Radar,36,4,6,4,50,0,37,13,1,51,36,41,19,5,101,22,12,34,135
03/06/2023,ITO,HI,AWP,WE,Combined TRACON& Tower with Radar,45,12,0,0,57,0,46,10,0,56,45,58,10,0,113,29,1,30,143
03/07/2023,ITO,HI,AWP,WE,Combined TRACON& Tower with Radar,39,10,4,2,55,0,42,6,4,52,39,52,10,6,107,18,0,18,125
03/08/2023,ITO,HI,AWP,WE,Combined TRACON& Tower with Radar,42,5,1,0,48,0,25,3,2,30,42,30,4,2,78,8,4,12,90
03/09/2023,ITO,HI,AWP,WE,Combined TRACON& Tower with Radar,45,7,4,5,61,0,30,5,5,40,45,37,9,10,101,12,6,18,119
03/10/2023,ITO,HI,AWP,WE,Combined TRACON& Tower with Radar,45,10,1,1,57,0,39,12,0,51,45,49,13,1,108,12,0,12,120
03/11/2023,ITO,HI,AWP,WE,Combined TRACON& Tower with Radar,41,6,3,3,53,0,24,10,2,36,41,30,13,5,89,22,0,22,111
03/12/2023,ITO,HI,AWP,WE,Combined TRACON& Tower with Radar,39,5,2,4,50,0,12,3,0,15,39,17,5,4,65,14,0,14,79
03/13/2023,ITO,HI,AWP,WE,Combined TRACON& Tower with Radar,48,9,2,1,60,0,19,6,0,25,48,28,8,1,85,20,0,20,105
03/14/2023,ITO,HI,AWP,WE,Combined TRACON& Tower with Radar,44,6,5,4,59,0,57,8,1,66,44,63,13,5,125,38,0,38,163
03/15/2023,ITO,HI,AWP,WE,Combined TRACON& Tower with Radar,42,9,2,0,53,0,51,24,2,77,42,60,26,2,130,24,0,24,154
03/16/2023,ITO,HI,AWP,WE,Combined TRACON& Tower with Radar,46,12,0,1,59,0,59,4,0,63,46,71,4,1,122,18,0,18,140
03/17/2023,ITO,HI,AWP,WE,Combined TRACON& Tower with Radar,50,7,4,0,61,0,51,9,0,60,50,58,13,0,121,12,0,12,133
03/18/2023,ITO,HI,AWP,WE,Combined TRACON& Tower with Radar,40,6,2,1,49,0,31,10,0,41,40,37,12,1,90,69,0,69,159
03/19/2023,ITO,HI,AWP,WE,Combined TRACON& Tower with Radar,38,3,0,4,45,0,35,0,2,37,38,38,0,6,82,10,0,10,92
03/20/2023,ITO,HI,AWP,WE,Combined TRACON& Tower with Radar,43,7,0,0,50,0,36,5,0,41,43,43,5,0,91,20,0,20,111
03/21/2023,ITO,HI,AWP,WE,Combined TRACON& Tower with Radar,46,10,1,0,57,0,47,7,0,54,46,57,8,0,111,22,24,46,157
03/22/2023,ITO,HI,AWP,WE,Combined TRACON& Tower with Radar,45,7,0,3,55,0,0,4,0,4,45,7,4,3,59,0,0,0,59
03/23/2023,ITO,HI,AWP,WE,Combined TRACON& Tower with Radar,49,5,2,0,56,0,10,6,2,18,49,15,8,2,74,20,16,36,110
03/24/2023,ITO,HI,AWP,WE,Combined TRACON& Tower with Radar,47,5,3,0,55,0,39,3,0,42,47,44,6,0,97,18,0,18,115
03/25/2023,ITO,HI,AWP,WE,Combined TRACON& Tower with Radar,43,8,2,0,53,0,29,1,0,30,43,37,3,0,83,14,0,14,97
03/26/2023,ITO,HI,AWP,WE,Combined TRACON& Tower with Radar,40,2,1,1,44,0,24,5,0,29,40,26,6,1,73,49,0,49,122
03/27/2023,ITO,HI,AWP,WE,Combined TRACON& Tower with Radar,44,8,2,0,54,0,33,11,0,44,44,41,13,0,98,22,0,22,120
03/28/2023,ITO,HI,AWP,WE,Combined TRACON& Tower with Radar,47,10,1,6,64,0,27,6,2,35,47,37,7,8,99,18,4,22,121
03/29/2023,ITO,HI,AWP,WE,Combined TRACON& Tower with Radar,48,2,4,0,54,0,10,2,0,12,48,12,6,0,66,28,0,28,94
03/30/2023,ITO,HI,AWP,WE,Combined TRACON& Tower with Radar,46,9,4,3,62,0,17,1,0,18,46,26,5,3,80,12,20,32,112
03/31/2023,ITO,HI,AWP,WE,Combined TRACON& Tower with Radar,50,10,2,2,64,0,37,7,0,44,50,47,9,2,108,10,0,10,118
04/01/2023,ITO,HI,AWP,WE,Combined TRACON& Tower with Radar,40,5,0,2,47,0,30,3,0,33,40,35,3,2,80,14,0,14,94
04/02/2023,ITO,HI,AWP,WE,Combined TRACON& Tower with Radar,38,3,4,2,47,0,4,1,0,5,38,7,5,2,52,8,0,8,60
04/03/2023,ITO,HI,AWP,WE,Combined TRACON& Tower with Radar,46,4,1,4,55,0,29,3,0,32,46,33,4,4,87,34,8,42,129
04/04/2023,ITO,HI,AWP,WE,Combined TRACON& Tower with Radar,42,6,6,4,58,0,41,2,9,52,42,47,8,13,110,36,10,46,156
04/05/2023,ITO,HI,AWP,WE,Combined TRACON& Tower with Radar,49,10,0,4,63,0,24,4,7,35,49,34,4,11,98,10,30,40,138
04/06/2023,ITO,HI,AWP,WE,Combined TRACON& Tower with Radar,49,4,0,10,63,0,20,5,6,31,49,24,5,16,94,10,20,30,124
04/07/2023,ITO,HI,AWP,WE,Combined TRACON& Tower with Radar,57,5,4,1,67,0,31,4,0,35,57,36,8,1,102,42,0,42,144
04/08/2023,ITO,HI,AWP,WE,Combined TRACON& Tower with Radar,38,3,0,0,41,0,20,6,0,26,38,23,6,0,67,34,0,34,101
04/09/2023,ITO,HI,AWP,WE,Combined TRACON& Tower with Radar,40,0,0,0,40,0,13,4,0,17,40,13,4,0,57,6,0,6,63
04/10/2023,ITO,HI,AWP,WE,Combined TRACON& Tower with Radar,46,3,4,1,54,0,31,12,1,44,46,34,16,2,98,66,0,66,164
04/11/2023,ITO,HI,AWP,WE,Combined TRACON& Tower with Radar,49,11,2,1,63,0,38,7,1,46,49,49,9,2,109,10,24,34,143
04/12/2023,ITO,HI,AWP,WE,Combined TRACON& Tower with Radar,60,10,1,2,73,0,35,13,3,51,60,45,14,5,124,28,26,54,178
04/13/2023,ITO,HI,AWP,WE,Combined TRACON& Tower with Radar,56,10,7,0,73,0,9,4,0,13,56,19,11,0,86,20,0,20,106
04/14/2023,ITO,HI,AWP,WE,Combined TRACON& Tower with Radar,52,3,1,1,57,0,37,10,6,53,52,40,11,7,110,14,28,42,152
04/15/2023,ITO,HI,AWP,WE,Combined TRACON& Tower with Radar,45,7,1,0,53,0,28,16,3,47,45,35,17,3,100,42,18,60,160
04/16/2023,ITO,HI,AWP,WE,Combined TRACON& Tower with Radar,64,7,4,1,76,0,18,8,1,27,64,25,12,2,103,8,0,8,111
04/17/2023,ITO,HI,AWP,WE,Combined TRACON& Tower with Radar,56,7,6,3,72,0,32,13,1,46,56,39,19,4,118,24,6,30,148
04/18/2023,ITO,HI,AWP,WE,Combined TRACON& Tower with Radar,44,4,4,1,53,0,34,2,2,38,44,38,6,3,91,14,0,14,105
04/19/2023,ITO,HI,AWP,WE,Combined TRACON& Tower with Radar,43,17,1,8,69,0,0,3,0,3,43,17,4,8,72,0,12,12,84
04/20/2023,ITO,HI,AWP,WE,Combined TRACON& Tower with Radar,49,6,3,8,66,0,29,10,14,53,49,35,13,22,119,16,56,72,191
04/21/2023,ITO,HI,AWP,WE,Combined TRACON& Tower with Radar,52,10,3,6,71,0,20,10,0,30,52,30,13,6,101,36,0,36,137
04/22/2023,ITO,HI,AWP,WE,Combined TRACON& Tower with Radar,40,8,3,3,54,0,23,18,1,42,40,31,21,4,96,61,0,61,157
04/23/2023,ITO,HI,AWP,WE,Combined TRACON& Tower with Radar,39,1,0,3,43,0,14,10,2,26,39,15,10,5,69,8,10,18,87
04/24/2023,ITO,HI,AWP,WE,Combined TRACON& Tower with Radar,50,6,0,3,59,0,30,6,1,37,50,36,6,4,96,10,2,12,108
04/25/2023,ITO,HI,AWP,WE,Combined TRACON& Tower with Radar,40,9,2,0,51,0,33,14,3,50,40,42,16,3,101,12,32,44,145
04/26/2023,ITO,HI,AWP,WE,Combined TRACON& Tower with Radar,44,5,1,7,57,0,42,9,1,52,44,47,10,8,109,18,0,18,127
04/27/2023,ITO,HI,AWP,WE,Combined TRACON& Tower with Radar,50,6,2,5,63,0,35,16,7,58,50,41,18,12,121,12,40,52,173
04/28/2023,ITO,HI,AWP,WE,Combined TRACON& Tower with Radar,51,7,1,6,65,0,34,9,12,55,51,41,10,18,120,16,4,20,140
04/29/2023,ITO,HI,AWP,WE,Combined TRACON& Tower with Radar,50,7,3,1,61,0,3,2,1,6,50,10,5,2,67,0,0,0,67
04/30/2023,ITO,HI,AWP,WE,Combined TRACON& Tower with Radar,42,6,0,0,48,0,21,5,0,26,42,27,5,0,74,65,0,65,139
05/01/2023,ITO,HI,AWP,WE,Combined TRACON& Tower with Radar,42,9,0,0,51,0,26,11,0,37,42,35,11,0,88,40,0,40,128
05/02/2023,ITO,HI,AWP,WE,Combined TRACON& Tower with Radar,47,4,0,4,55,0,45,6,0,51,47,49,6,4,106,16,0,16,122
05/03/2023,ITO,HI,AWP,WE,Combined TRACON& Tower with Radar,47,7,0,4,58,0,35,13,2,50,47,42,13,6,108,10,0,10,118
05/04/2023,ITO,HI,AWP,WE,Combined TRACON& Tower with Radar,49,1,0,6,56,0,19,7,4,30,49,20,7,10,86,20,2,22,108
05/05/2023,ITO,HI,AWP,WE,Combined TRACON& Tower with Radar,47,6,0,5,58,0,26,4,2,32,47,32,4,7,90,8,0,8,98
05/06/2023,ITO,HI,AWP,WE,Combined TRACON& Tower with Radar,41,6,0,2,49,0,24,3,0,27,41,30,3,2,76,12,0,12,88
05/07/2023,ITO,HI,AWP,WE,Combined TRACON& Tower with Radar,40,6,0,4,50,0,16,8,0,24,40,22,8,4,74,10,0,10,84
05/08/2023,ITO,HI,AWP,WE,Combined TRACON& Tower with Radar,51,3,0,0,54,0,32,9,3,44,51,35,9,3,98,12,0,12,110
05/09/2023,ITO,HI,AWP,WE,Combined TRACON& Tower with Radar,41,11,2,3,57,0,9,2,3,14,41,20,4,6,71,4,20,24,95
05/10/2023,ITO,HI,AWP,WE,Combined TRACON& Tower with Radar,45,15,2,6,68,0,34,3,4,41,45,49,5,10,109,66,8,74,183
05/11/2023,ITO,HI,AWP,WE,Combined TRACON& Tower with Radar,50,6,0,7,63,0,27,3,3,33,50,33,3,10,96,12,0,12,108
05/12/2023,ITO,HI,AWP,WE,Combined TRACON& Tower with Radar,48,7,0,1,56,0,36,8,3,47,48,43,8,4,103,28,0,28,131
05/13/2023,ITO,HI,AWP,WE,Combined TRACON& Tower with Radar,46,9,0,0,55,0,15,6,0,21,46,24,6,0,76,28,0,28,104
05/14/2023,ITO,HI,AWP,WE,Combined TRACON& Tower with Radar,41,5,1,0,47,0,24,3,0,27,41,29,4,0,74,22,0,22,96
05/15/2023,ITO,HI,AWP,WE,Combined TRACON& Tower with Radar,47,20,6,1,74,0,6,4,0,10,47,26,10,1,84,8,0,8,92
05/16/2023,ITO,HI,AWP,WE,Combined TRACON& Tower with Radar,43,19,8,2,72,0,30,10,0,40,43,49,18,2,112,22,0,22,134
05/17/2023,ITO,HI,AWP,WE,Combined TRACON& Tower with Radar,51,6,1,6,64,0,9,6,0,15,51,15,7,6,79,2,0,2,81
05/18/2023,ITO,HI,AWP,WE,Combined TRACON& Tower with Radar,50,6,0,3,59,0,29,13,1,43,50,35,13,4,102,14,2,16,118
05/19/2023,ITO,HI,AWP,WE,Combined TRACON& Tower with Radar,50,4,3,1,58,0,23,6,0,29,50,27,9,1,87,18,0,18,105
05/20/2023,ITO,HI,AWP,WE,Combined TRACON& Tower with Radar,44,4,4,0,52,0,18,11,0,29,44,22,15,0,81,10,0,10,91
05/21/2023,ITO,HI,AWP,WE,Combined TRACON& Tower with Radar,43,7,7,0,57,0,21,2,0,23,43,28,9,0,80,9,0,9,89
05/22/2023,ITO,HI,AWP,WE,Combined TRACON& Tower with Radar,46,2,1,0,49,0,10,4,0,14,46,12,5,0,63,18,0,18,81
05/23/2023,ITO,HI,AWP,WE,Combined TRACON& Tower with Radar,42,12,2,4,60,0,37,5,4,46,42,49,7,8,106,26,0,26,132
05/24/2023,ITO,HI,AWP,WE,Combined TRACON& Tower with Radar,47,10,2,5,64,0,40,13,0,53,47,50,15,5,117,14,0,14,131
05/25/2023,ITO,HI,AWP,WE,Combined TRACON& Tower with Radar,42,10,1,3,56,0,30,6,2,38,42,40,7,5,94,14,0,14,108
05/26/2023,ITO,HI,AWP,WE,Combined TRACON& Tower with Radar,53,8,3,2,66,0,24,4,0,28,53,32,7,2,94,26,0,26,120
05/27/2023,ITO,HI,AWP,WE,Combined TRACON& Tower with Radar,46,9,2,0,57,0,33,4,0,37,46,42,6,0,94,14,0,14,108
05/28/2023,ITO,HI,AWP,WE,Combined TRACON& Tower with Radar,41,3,0,0,44,0,13,10,0,23,41,16,10,0,67,20,0,20,87
05/29/2023,ITO,HI,AWP,WE,Combined TRACON& Tower with Radar,48,4,5,0,57,0,34,7,0,41,48,38,12,0,98,12,0,12,110
05/30/2023,ITO,HI,AWP,WE,Combined TRACON& Tower with Radar,47,13,3,2,65,0,33,12,3,48,47,46,15,5,113,18,8,26,139
05/31/2023,ITO,HI,AWP,WE,Combined TRACON& Tower with Radar,47,7,1,0,55,0,26,6,2,34,47,33,7,2,89,44,2,46,135
06/01/2023,ITO,HI,AWP,WE,Combined TRACON& Tower with Radar,52,11,1,2,66,0,12,8,0,20,52,23,9,2,86,8,0,8,94
06/02/2023,ITO,HI,AWP,WE,Combined TRACON& Tower with Radar,52,7,2,5,66,0,36,3,0,39,52,43,5,5,105,16,0,16,121
06/03/2023,ITO,HI,AWP,WE,Combined TRACON& Tower with Radar,46,4,1,6,57,0,49,7,0,56,46,53,8,6,113,16,0,16,129
06/04/2023,ITO,HI,AWP,WE,Combined TRACON& Tower with Radar,44,5,2,3,54,0,26,5,0,31,44,31,7,3,85,6,0,6,91
06/05/2023,ITO,HI,AWP,WE,Combined TRACON& Tower with Radar,46,4,0,0,50,0,34,17,0,51,46,38,17,0,101,32,0,32,133
06/06/2023,ITO,HI,AWP,WE,Combined TRACON& Tower with Radar,47,11,2,4,64,0,45,11,3,59,47,56,13,7,123,20,0,20,143
06/07/2023,ITO,HI,AWP,WE,Combined TRACON& Tower with Radar,42,6,3,2,53,0,50,12,1,63,42,56,15,3,116,34,4,38,154
06/08/2023,ITO,HI,AWP,WE,Combined TRACON& Tower with Radar,55,7,2,4,68,0,47,9,0,56,55,54,11,4,124,26,0,26,150
06/09/2023,ITO,HI,AWP,WE,Combined TRACON& Tower with Radar,52,8,3,0,63,0,60,13,0,73,52,68,16,0,136,59,0,59,195
06/10/2023,ITO,HI,AWP,WE,Combined TRACON& Tower with Radar,47,3,1,1,52,0,47,8,0,55,47,50,9,1,107,12,0,12,119
06/11/2023,ITO,HI,AWP,WE,Combined TRACON& Tower with Radar,44,2,0,1,47,0,25,3,2,30,44,27,3,3,77,8,0,8,85
06/12/2023,ITO,HI,AWP,WE,Combined TRACON& Tower with Radar,51,8,0,0,59,0,44,7,0,51,51,52,7,0,110,22,0,22,132
06/13/2023,ITO,HI,AWP,WE,Combined TRACON& Tower with Radar,41,11,2,2,56,0,63,12,0,75,41,74,14,2,131,70,0,70,201
06/14/2023,ITO,HI,AWP,WE,Combined TRACON& Tower with Radar,45,7,2,9,63,0,56,13,7,76,45,63,15,16,139,52,0,52,191
06/15/2023,ITO,HI,AWP,WE,Combined TRACON& Tower with Radar,49,4,1,2,56,0,62,10,0,72,49,66,11,2,128,14,0,14,142
06/16/2023,ITO,HI,AWP,WE,Combined TRACON& Tower with Radar,51,9,0,0,60,0,42,10,0,52,51,51,10,0,112,22,0,22,134
06/17/2023,ITO,HI,AWP,WE,Combined TRACON& Tower with Radar,46,12,2,0,60,0,66,4,0,70,46,78,6,0,130,22,0,22,152
06/18/2023,ITO,HI,AWP,WE,Combined TRACON& Tower with Radar,45,1,0,0,46,0,19,16,0,35,45,20,16,0,81,6,0,6,87
06/19/2023,ITO,HI,AWP,WE,Combined TRACON& Tower with Radar,56,6,2,0,64,0,39,8,0,47,56,45,10,0,111,32,0,32,143
06/20/2023,ITO,HI,AWP,WE,Combined TRACON& Tower with Radar,46,8,9,2,65,0,62,5,0,67,46,70,14,2,132,20,0,20,152
06/21/2023,ITO,HI,AWP,WE,Combined TRACON& Tower with Radar,45,9,2,2,58,0,56,13,1,70,45,65,15,3,128,34,0,34,162
06/22/2023,ITO,HI,AWP,WE,Combined TRACON& Tower with Radar,55,6,1,0,62,0,64,4,0,68,55,70,5,0,130,46,0,46,176
06/23/2023,ITO,HI,AWP,WE,Combined TRACON& Tower with Radar,58,7,0,2,67,0,39,6,0,45,58,46,6,2,112,42,0,42,154
06/24/2023,ITO,HI,AWP,WE,Combined TRACON& Tower with Radar,44,4,1,0,49,0,42,2,0,44,44,46,3,0,93,20,0,20,113
06/25/2023,ITO,HI,AWP,WE,Combined TRACON& Tower with Radar,40,0,3,0,43,0,17,5,0,22,40,17,8,0,65,4,0,4,69
06/26/2023,ITO,HI,AWP,WE,Combined TRACON& Tower with Radar,50,5,0,0,55,0,41,5,0,46,50,46,5,0,101,18,0,18,119
06/27/2023,ITO,HI,AWP,WE,Combined TRACON& Tower with Radar,49,6,3,8,66,0,16,6,3,25,49,22,9,11,91,28,6,34,125
06/28/2023,ITO,HI,AWP,WE,Combined TRACON& Tower with Radar,47,3,0,2,52,0,56,6,0,62,47,59,6,2,114,22,0,22,136
06/29/2023,ITO,HI,AWP,WE,Combined TRACON& Tower with Radar,56,8,1,7,72,0,57,2,1,60,56,65,3,8,132,16,14,30,162
06/30/2023,ITO,HI,AWP,WE,Combined TRACON& Tower with Radar,58,5,1,6,70,0,36,9,0,45,58,41,10,6,115,18,0,18,133
07/01/2023,ITO,HI,AWP,WE,Combined TRACON& Tower with Radar,46,3,0,0,49,0,43,2,0,45,46,46,2,0,94,8,0,8,102
07/02/2023,ITO,HI,AWP,WE,Combined TRACON& Tower with Radar,44,7,2,1,54,0,28,4,2,34,44,35,6,3,88,22,0,22,110
07/03/2023,ITO,HI,AWP,WE,Combined TRACON& Tower with Radar,49,5,0,4,58,0,40,2,0,42,49,45,2,4,100,16,0,16,116
07/04/2023,ITO,HI,AWP,WE,Combined TRACON& Tower with Radar,44,6,2,0,52,0,59,0,0,59,44,65,2,0,111,12,0,12,123
07/05/2023,ITO,HI,AWP,WE,Combined TRACON& Tower with Radar,43,10,1,4,58,0,49,12,1,62,43,59,13,5,120,16,2,18,138
07/06/2023,ITO,HI,AWP,WE,Combined TRACON& Tower with Radar,56,7,2,2,67,0,27,11,0,38,56,34,13,2,105,18,0,18,123
07/07/2023,ITO,HI,AWP,WE,Combined TRACON& Tower with Radar,56,15,5,2,78,0,37,1,0,38,56,52,6,2,116,10,0,10,126
07/08/2023,ITO,HI,AWP,WE,Combined TRACON& Tower with Radar,40,11,1,4,56,0,19,1,0,20,40,30,2,4,76,12,0,12,88
07/09/2023,ITO,HI,AWP,WE,Combined TRACON& Tower with Radar,44,5,4,1,54,0,34,4,2,40,44,39,8,3,94,22,2,24,118
07/10/2023,ITO,HI,AWP,WE,Combined TRACON& Tower with Radar,51,9,0,4,64,0,44,14,8,66,51,53,14,12,130,20,0,20,150
07/11/2023,ITO,HI,AWP,WE,Combined TRACON& Tower with Radar,47,10,4,6,67,0,44,9,5,58,47,54,13,11,125,18,0,18,143
07/12/2023,ITO,HI,AWP,WE,Combined TRACON& Tower with Radar,49,11,2,9,71,0,61,8,8,77,49,72,10,17,148,16,0,16,164
07/13/2023,ITO,HI,AWP,WE,Combined TRACON& Tower with Radar,53,13,2,2,70,0,27,2,2,31,53,40,4,4,101,10,0,10,111
07/14/2023,ITO,HI,AWP,WE,Combined TRACON& Tower with Radar,53,4,0,4,61,0,43,15,3,61,53,47,15,7,122,6,2,8,130
07/15/2023,ITO,HI,AWP,WE,Combined TRACON& Tower with Radar,46,10,1,2,59,0,43,2,4,49,46,53,3,6,108,12,0,12,120
07/16/2023,ITO,HI,AWP,WE,Combined TRACON& Tower with Radar,45,2,7,0,54,0,36,3,2,41,45,38,10,2,95,8,0,8,103
07/17/2023,ITO,HI,AWP,WE,Combined TRACON& Tower with Radar,55,7,0,12,74,0,45,8,1,54,55,52,8,13,128,28,2,30,158
07/18/2023,ITO,HI,AWP,WE,Combined TRACON& Tower with Radar,51,4,8,3,66,0,33,0,0,33,51,37,8,3,99,36,4,40,139
07/19/2023,ITO,HI,AWP,WE,Combined TRACON& Tower with Radar,51,6,0,2,59,0,0,0,0,0,51,6,0,2,59,0,0,0,59
07/20/2023,ITO,HI,AWP,WE,Combined TRACON& Tower with Radar,56,14,3,8,81,0,23,11,0,34,56,37,14,8,115,32,0,32,147
07/21/2023,ITO,HI,AWP,WE,Combined TRACON& Tower with Radar,53,10,1,1,65,0,53,14,0,67,53,63,15,1,132,16,0,16,148
07/22/2023,ITO,HI,AWP,WE,Combined TRACON& Tower with Radar,46,5,1,2,54,0,37,4,0,41,46,42,5,2,95,12,0,12,107
07/23/2023,ITO,HI,AWP,WE,Combined TRACON& Tower with Radar,47,1,0,4,52,0,26,2,1,29,47,27,2,5,81,6,0,6,87
07/24/2023,ITO,HI,AWP,WE,Combined TRACON& Tower with Radar,53,4,2,4,63,0,48,10,0,58,53,52,12,4,121,10,0,10,131
07/25/2023,ITO,HI,AWP,WE,Combined TRACON& Tower with Radar,46,8,0,0,54,0,52,10,0,62,46,60,10,0,116,52,0,52,168
07/26/2023,ITO,HI,AWP,WE,Combined TRACON& Tower with Radar,49,6,2,2,59,0,48,5,0,53,49,54,7,2,112,38,0,38,150
07/27/2023,ITO,HI,AWP,WE,Combined TRACON& Tower with Radar,54,9,1,10,74,0,44,9,3,56,54,53,10,13,130,62,16,78,208
07/28/2023,ITO,HI,AWP,WE,Combined TRACON& Tower with Radar,59,5,4,1,69,0,42,11,1,54,59,47,15,2,123,54,22,76,199
07/29/2023,ITO,HI,AWP,WE,Combined TRACON& Tower with Radar,51,5,4,2,62,0,41,6,2,49,51,46,10,4,111,10,0,10,121
07/30/2023,ITO,HI,AWP,WE,Combined TRACON& Tower with Radar,45,2,1,0,48,0,31,4,9,44,45,33,5,9,92,20,0,20,112
07/31/2023,ITO,HI,AWP,WE,Combined TRACON& Tower with Radar,44,3,2,1,50,0,41,13,0,54,44,44,15,1,104,28,0,28,132
08/01/2023,ITO,HI,AWP,WE,Combined TRACON& Tower with Radar,50,7,1,2,60,0,56,9,2,67,50,63,10,4,127,34,4,38,165
08/02/2023,ITO,HI,AWP,WE,Combined TRACON& Tower with Radar,50,7,4,9,70,0,35,12,0,47,50,42,16,9,117,36,0,36,153
08/03/2023,ITO,HI,AWP,WE,Combined TRACON& Tower with Radar,52,6,1,3,62,0,44,9,0,53,52,50,10,3,115,18,0,18,133
08/04/2023,ITO,HI,AWP,WE,Combined TRACON& Tower with Radar,57,6,4,2,69,0,35,15,0,50,57,41,19,2,119,22,0,22,141
08/05/2023,ITO,HI,AWP,WE,Combined TRACON& Tower with Radar,50,6,1,10,67,0,28,7,0,35,50,34,8,10,102,18,0,18,120
08/06/2023,ITO,HI,AWP,WE,Combined TRACON& Tower with Radar,48,2,0,6,56,0,26,4,0,30,48,28,4,6,86,10,0,10,96
08/07/2023,ITO,HI,AWP,WE,Combined TRACON& Tower with Radar,53,10,1,3,67,0,36,8,2,46,53,46,9,5,113,46,2,48,161
08/08/2023,ITO,HI,AWP,WE,Combined TRACON& Tower with Radar,53,2,1,5,61,0,44,10,9,63,53,46,11,14,124,42,0,42,166
08/09/2023,ITO,HI,AWP,WE,Combined TRACON& Tower with Radar,50,7,1,4,62,0,32,6,6,44,50,39,7,10,106,24,0,24,130
08/10/2023,ITO,HI,AWP,WE,Combined TRACON& Tower with Radar,51,5,4,8,68,0,38,7,0,45,51,43,11,8,113,32,2,34,147
08/11/2023,ITO,HI,AWP,WE,Combined TRACON& Tower with Radar,53,8,0,4,65,0,21,4,8,33,53,29,4,12,98,85,0,85,183
08/12/2023,ITO,HI,AWP,WE,Combined TRACON& Tower with Radar,51,2,1,2,56,0,37,12,7,56,51,39,13,9,112,48,0,48,160
08/13/2023,ITO,HI,AWP,WE,Combined TRACON& Tower with Radar,49,5,3,4,61,0,21,10,0,31,49,26,13,4,92,18,0,18,110
08/14/2023,ITO,HI,AWP,WE,Combined TRACON& Tower with Radar,53,6,1,6,66,0,46,12,0,58,53,52,13,6,124,68,0,68,192
08/15/2023,ITO,HI,AWP,WE,Combined TRACON& Tower with Radar,46,3,8,6,63,0,46,6,0,52,46,49,14,6,115,58,0,58,173
08/16/2023,ITO,HI,AWP,WE,Combined TRACON& Tower with Radar,47,6,0,1,54,0,42,8,0,50,47,48,8,1,104,64,0,64,168
08/17/2023,ITO,HI,AWP,WE,Combined TRACON& Tower with Radar,54,13,2,1,70,0,40,11,3,54,54,53,13,4,124,50,10,60,184
08/18/2023,ITO,HI,AWP,WE,Combined TRACON& Tower with Radar,50,3,2,1,56,0,36,8,0,44,50,39,10,1,100,48,0,48,148
08/19/2023,ITO,HI,AWP,WE,Combined TRACON& Tower with Radar,43,5,0,0,48,0,26,12,1,39,43,31,12,1,87,16,0,16,103
08/20/2023,ITO,HI,AWP,WE,Combined TRACON& Tower with Radar,43,1,3,0,47,0,15,6,0,21,43,16,9,0,68,28,0,28,96
08/21/2023,ITO,HI,AWP,WE,Combined TRACON& Tower with Radar,49,3,3,8,63,0,10,7,0,17,49,13,10,8,80,18,0,18,98
08/22/2023,ITO,HI,AWP,WE,Combined TRACON& Tower with Radar,54,17,3,6,80,0,45,11,1,57,54,62,14,7,137,34,50,84,221
08/23/2023,ITO,HI,AWP,WE,Combined TRACON& Tower with Radar,46,9,1,5,61,4,22,6,2,34,50,31,7,7,95,37,0,37,132
08/24/2023,ITO,HI,AWP,WE,Combined TRACON& Tower with Radar,52,5,1,4,62,0,23,12,0,35,52,28,13,4,97,60,0,60,157
08/25/2023,ITO,HI,AWP,WE,Combined TRACON& Tower with Radar,56,5,0,2,63,0,43,6,0,49,56,48,6,2,112,36,0,36,148
08/26/2023,ITO,HI,AWP,WE,Combined TRACON& Tower with Radar,45,9,1,2,57,0,15,13,0,28,45,24,14,2,85,24,0,24,109
08/27/2023,ITO,HI,AWP,WE,Combined TRACON& Tower with Radar,46,4,2,0,52,0,21,4,0,25,46,25,6,0,77,22,0,22,99
08/28/2023,ITO,HI,AWP,WE,Combined TRACON& Tower with Radar,52,3,0,2,57,0,15,4,0,19,52,18,4,2,76,13,0,13,89
08/29/2023,ITO,HI,AWP,WE,Combined TRACON& Tower with Radar,50,7,1,0,58,0,31,12,0,43,50,38,13,0,101,48,0,48,149
08/30/2023,ITO,HI,AWP,WE,Combined TRACON& Tower with Radar,50,10,2,5,67,0,33,5,6,44,50,43,7,11,111,18,18,36,147
08/31/2023,ITO,HI,AWP,WE,Combined TRACON& Tower with Radar,58,5,0,0,63,0,30,14,0,44,58,35,14,0,107,18,0,18,125
