01/01/2000,IWA,AZ,AWP,WE,Federal Contract Tower,0,1,7,0,8,0,16,18,0,34,0,17,25,0,42,34,0,34,76
01/02/2000,IWA,AZ,AWP,WE,Federal Contract Tower,0,1,8,0,9,0,6,41,0,47,0,7,49,0,56,10,0,10,66
01/03/2000,IWA,AZ,AWP,WE,Federal Contract Tower,0,1,50,10,61,0,16,95,2,113,0,17,145,12,174,377,36,413,587
01/04/2000,IWA,AZ,AWP,WE,Federal Contract Tower,2,3,79,6,90,0,6,55,0,61,2,9,134,6,151,425,51,476,627
01/05/2000,IWA,AZ,AWP,WE,Federal Contract Tower,2,3,100,19,124,0,2,72,8,82,2,5,172,27,206,542,71,613,819
01/06/2000,IWA,AZ,AWP,WE,Federal Contract Tower,3,1,54,11,69,4,13,56,2,75,7,14,110,13,144,240,45,285,429
01/07/2000,IWA,AZ,AWP,WE,Federal Contract Tower,2,1,42,9,54,3,12,93,15,123,5,13,135,24,177,272,44,316,493
01/08/2000,IWA,AZ,AWP,WE,Federal Contract Tower,0,2,76,12,90,0,17,82,0,99,0,19,158,12,189,343,10,353,542
01/09/2000,IWA,AZ,AWP,WE,Federal Contract Tower,2,1,45,9,57,3,2,84,1,90,5,3,129,10,147,326,8,334,481
01/10/2000,IWA,AZ,AWP,WE,Federal Contract Tower,1,1,74,10,86,0,12,50,0,62,1,13,124,10,148,288,29,317,465
01/11/2000,IWA,AZ,AWP,WE,Federal Contract Tower,3,1,102,2,108,0,9,63,0,72,3,10,165,2,180,511,0,511,691
01/12/2000,IWA,AZ,AWP,WE,Federal Contract Tower,2,0,68,14,84,2,13,93,16,124,4,13,161,30,208,394,25,419,627
01/13/2000,IWA,AZ,AWP,WE,Federal Contract Tower,3,2,97,20,122,6,15,89,1,111,9,17,186,21,233,458,98,556,789
01/14/2000,IWA,AZ,AWP,WE,Federal Contract Tower,3,0,70,14,87,1,15,125,9,150,4,15,195,23,237,342,60,402,639
01/15/2000,IWA,AZ,AWP,WE,Federal Contract Tower,1,0,36,7,44,7,7,90,13,117,8,7,126,20,161,225,8,233,394
01/16/2000,IWA,AZ,AWP,WE,Federal Contract Tower,3,0,60,12,75,0,9,47,4,60,3,9,107,16,135,191,35,226,361
01/17/2000,IWA,AZ,AWP,WE,Federal Contract Tower,0,0,64,13,77,0,3,92,0,95,0,3,156,13,172,353,31,384,556
01/18/2000,IWA,AZ,AWP,WE,Federal Contract Tower,3,2,94,12,111,1,9,40,0,50,4,11,134,12,161,429,38,467,628
01/19/2000,IWA,AZ,AWP,WE,Federal Contract Tower,1,0,68,13,82,0,8,39,0,47,1,8,107,13,129,461,23,484,613
01/20/2000,IWA,AZ,AWP,WE,Federal Contract Tower,2,0,49,10,61,0,13,55,0,68,2,13,104,10,129,448,31,479,608
01/21/2000,IWA,AZ,AWP,WE,Federal Contract Tower,1,0,36,7,44,3,18,91,15,127,4,18,127,22,171,304,15,319,490
01/22/2000,IWA,AZ,AWP,WE,Federal Contract Tower,0,0,21,5,26,0,3,121,1,125,0,3,142,6,151,276,0,276,427
01/23/2000,IWA,AZ,AWP,WE,Federal Contract Tower,1,0,31,6,38,2,8,80,1,91,3,8,111,7,129,235,8,243,372
01/24/2000,IWA,AZ,AWP,WE,Federal Contract Tower,2,2,74,10,88,0,10,41,0,51,2,12,115,10,139,327,48,375,514
01/25/2000,IWA,AZ,AWP,WE,Federal Contract Tower,2,0,61,6,69,1,18,89,0,108,3,18,150,6,177,392,13,405,582
01/26/2000,IWA,AZ,AWP,WE,Federal Contract Tower,3,2,75,13,93,2,12,43,3,60,5,14,118,16,153,398,7,405,558
01/27/2000,IWA,AZ,AWP,WE,Federal Contract Tower,1,0,30,6,37,4,9,114,11,138,5,9,144,17,175,416,42,458,633
01/28/2000,IWA,AZ,AWP,WE,Federal Contract Tower,1,0,48,7,56,3,50,104,0,157,4,50,152,7,213,388,6,394,607
01/29/2000,IWA,AZ,AWP,WE,Federal Contract Tower,1,0,36,3,40,1,17,62,0,80,2,17,98,3,120,234,0,234,354
01/30/2000,IWA,AZ,AWP,WE,Federal Contract Tower,0,0,26,0,26,0,7,63,0,70,0,7,89,0,96,150,0,150,246
01/31/2000,IWA,AZ,AWP,WE,Federal Contract Tower,0,0,0,0,0,2,8,100,8,118,2,8,100,8,118,324,53,377,495
02/01/2000,IWA,AZ,AWP,WE,Federal Contract Tower,0,0,23,3,26,0,6,92,0,98,0,6,115,3,124,280,6,286,410
02/02/2000,IWA,AZ,AWP,WE,Federal Contract Tower,0,0,32,2,34,0,11,118,0,129,0,11,150,2,163,340,8,348,511
02/03/2000,IWA,AZ,AWP,WE,Federal Contract Tower,0,0,28,3,31,0,7,101,2,110,0,7,129,5,141,303,18,321,462
02/04/2000,IWA,AZ,AWP,WE,Federal Contract Tower,4,1,54,7,66,0,15,98,23,136,4,16,152,30,202,415,22,437,639
02/05/2000,IWA,AZ,AWP,WE,Federal Contract Tower,2,0,36,6,44,2,7,68,5,82,4,7,104,11,126,299,25,324,450
02/06/2000,IWA,AZ,AWP,WE,Federal Contract Tower,2,1,43,6,52,12,12,49,0,73,14,13,92,6,125,257,12,269,394
02/07/2000,IWA,AZ,AWP,WE,Federal Contract Tower,0,1,2,0,3,5,20,109,2,136,5,21,111,2,139,49,0,49,188
02/08/2000,IWA,AZ,AWP,WE,Federal Contract Tower,0,1,10,2,13,8,20,118,15,161,8,21,128,17,174,78,0,78,252
02/09/2000,IWA,AZ,AWP,WE,Federal Contract Tower,0,1,5,0,6,5,22,175,8,210,5,23,180,8,216,74,0,74,290
02/10/2000,IWA,AZ,AWP,WE,Federal Contract Tower,0,1,7,1,9,10,10,102,17,139,10,11,109,18,148,113,1,114,262
02/11/2000,IWA,AZ,AWP,WE,Federal Contract Tower,0,0,0,0,0,4,14,115,12,145,4,14,115,12,145,68,4,72,217
02/12/2000,IWA,AZ,AWP,WE,Federal Contract Tower,0,0,0,0,0,2,13,47,9,71,2,13,47,9,71,96,0,96,167
02/13/2000,IWA,AZ,AWP,WE,Federal Contract Tower,0,0,0,0,0,0,9,73,2,84,0,9,73,2,84,30,0,30,114
02/14/2000,IWA,AZ,AWP,WE,Federal Contract Tower,0,1,39,7,47,0,16,70,5,91,0,17,109,12,138,302,13,315,453
02/15/2000,IWA,AZ,AWP,WE,Federal Contract Tower,2,2,60,10,74,2,14,90,0,106,4,16,150,10,180,313,1,314,494
02/16/2000,IWA,AZ,AWP,WE,Federal Contract Tower,0,1,14,3,18,7,10,150,0,167,7,11,164,3,185,429,8,437,622
02/17/2000,IWA,AZ,AWP,WE,Federal Contract Tower,1,1,29,3,34,4,20,105,3,132,5,21,134,6,166,325,7,332,498
02/18/2000,IWA,AZ,AWP,WE,Federal Contract Tower,2,1,45,6,54,2,12,86,32,132,4,13,131,38,186,374,68,442,628
02/19/2000,IWA,AZ,AWP,WE,Federal Contract Tower,1,1,37,5,44,1,8,79,1,89,2,9,116,6,133,262,4,266,399
02/20/2000,IWA,AZ,AWP,WE,Federal Contract Tower,0,1,22,3,26,2,6,29,0,37,2,7,51,3,63,86,17,103,166
02/21/2000,IWA,AZ,AWP,WE,Federal Contract Tower,0,0,29,4,33,0,9,59,0,68,0,9,88,4,101,185,0,185,286
02/22/2000,IWA,AZ,AWP,WE,Federal Contract Tower,0,1,55,8,64,0,10,67,12,89,0,11,122,20,153,467,22,489,642
02/23/2000,IWA,AZ,AWP,WE,Federal Contract Tower,0,1,58,5,64,0,6,67,0,73,0,7,125,5,137,341,8,349,486
02/24/2000,IWA,AZ,AWP,WE,Federal Contract Tower,0,1,66,11,78,0,7,52,0,59,0,8,118,11,137,335,27,362,499
02/25/2000,IWA,AZ,AWP,WE,Federal Contract Tower,1,0,46,8,55,1,22,87,14,124,2,22,133,22,179,305,34,339,518
02/26/2000,IWA,AZ,AWP,WE,Federal Contract Tower,0,0,32,5,37,0,17,62,5,84,0,17,94,10,121,209,4,213,334
02/27/2000,IWA,AZ,AWP,WE,Federal Contract Tower,0,0,49,5,54,0,16,28,0,44,0,16,77,5,98,181,0,181,279
02/28/2000,IWA,AZ,AWP,WE,Federal Contract Tower,0,0,33,4,37,0,7,69,0,76,0,7,102,4,113,241,9,250,363
02/29/2000,IWA,AZ,AWP,WE,Federal Contract Tower,1,0,37,6,44,2,6,96,14,118,3,6,133,20,162,482,31,513,675
03/01/2000,IWA,AZ,AWP,WE,Federal Contract Tower,4,2,63,10,79,1,4,35,12,52,5,6,98,22,131,322,16,338,469
03/02/2000,IWA,AZ,AWP,WE,Federal Contract Tower,2,1,46,8,57,0,3,113,1,117,2,4,159,9,174,495,17,512,686
03/03/2000,IWA,AZ,AWP,WE,Federal Contract Tower,3,1,41,6,51,2,9,96,8,115,5,10,137,14,166,395,61,456,622
03/04/2000,IWA,AZ,AWP,WE,Federal Contract Tower,2,1,48,8,59,0,9,36,18,63,2,10,84,26,122,226,23,249,371
03/05/2000,IWA,AZ,AWP,WE,Federal Contract Tower,0,1,44,7,52,0,12,4,10,26,0,13,48,17,78,68,0,68,146
03/06/2000,IWA,AZ,AWP,WE,Federal Contract Tower,0,1,37,6,44,0,6,22,2,30,0,7,59,8,74,120,0,120,194
03/07/2000,IWA,AZ,AWP,WE,Federal Contract Tower,4,1,50,8,63,0,3,27,11,41,4,4,77,19,104,148,9,157,261
03/08/2000,IWA,AZ,AWP,WE,Federal Contract Tower,3,2,54,9,68,9,13,128,7,157,12,15,182,16,225,414,26,440,665
03/09/2000,IWA,AZ,AWP,WE,Federal Contract Tower,3,3,62,9,77,4,22,80,29,135,7,25,142,38,212,409,10,419,631
03/10/2000,IWA,AZ,AWP,WE,Federal Contract Tower,1,4,96,15,116,0,14,78,9,101,1,18,174,24,217,438,55,493,710
03/11/2000,IWA,AZ,AWP,WE,Federal Contract Tower,3,2,52,4,61,1,16,90,0,107,4,18,142,4,168,274,0,274,442
03/12/2000,IWA,AZ,AWP,WE,Federal Contract Tower,2,2,43,7,54,1,15,36,11,63,3,17,79,18,117,153,49,202,319
03/13/2000,IWA,AZ,AWP,WE,Federal Contract Tower,3,2,58,9,72,0,5,122,10,137,3,7,180,19,209,410,0,410,619
03/14/2000,IWA,AZ,AWP,WE,Federal Contract Tower,2,2,50,8,62,2,10,108,20,140,4,12,158,28,202,486,4,490,692
03/15/2000,IWA,AZ,AWP,WE,Federal Contract Tower,3,3,63,9,78,7,8,80,16,111,10,11,143,25,189,348,11,359,548
03/16/2000,IWA,AZ,AWP,WE,Federal Contract Tower,2,2,42,6,52,5,8,101,35,149,7,10,143,41,201,354,6,360,561
03/17/2000,IWA,AZ,AWP,WE,Federal Contract Tower,3,3,62,8,76,1,13,81,17,112,4,16,143,25,188,354,30,384,572
03/18/2000,IWA,AZ,AWP,WE,Federal Contract Tower,3,2,53,7,65,0,10,50,3,63,3,12,103,10,128,284,4,288,416
03/19/2000,IWA,AZ,AWP,WE,Federal Contract Tower,0,1,17,2,20,0,3,101,29,133,0,4,118,31,153,158,1,159,312
03/20/2000,IWA,AZ,AWP,WE,Federal Contract Tower,1,2,37,5,45,4,9,44,51,108,5,11,81,56,153,138,6,144,297
03/21/2000,IWA,AZ,AWP,WE,Federal Contract Tower,2,2,47,7,58,3,12,97,0,112,5,14,144,7,170,366,18,384,554
03/22/2000,IWA,AZ,AWP,WE,Federal Contract Tower,2,2,47,7,58,4,6,108,18,136,6,8,155,25,194,364,43,407,601
03/23/2000,IWA,AZ,AWP,WE,Federal Contract Tower,1,2,31,4,38,2,32,116,26,176,3,34,147,30,214,350,24,374,588
03/24/2000,IWA,AZ,AWP,WE,Federal Contract Tower,2,1,48,8,59,0,13,101,15,129,2,14,149,23,188,374,27,401,589
03/25/2000,IWA,AZ,AWP,WE,Federal Contract Tower,1,0,26,2,29,8,6,104,0,118,9,6,130,2,147,318,14,332,479
03/26/2000,IWA,AZ,AWP,WE,Federal Contract Tower,0,0,22,3,25,0,14,78,10,102,0,14,100,13,127,151,12,163,290
03/27/2000,IWA,AZ,AWP,WE,Federal Contract Tower,1,0,22,3,26,1,5,102,1,109,2,5,124,4,135,432,8,440,575
03/28/2000,IWA,AZ,AWP,WE,Federal Contract Tower,2,0,26,3,31,1,9,104,0,114,3,9,130,3,145,330,39,369,514
03/29/2000,IWA,AZ,AWP,WE,Federal Contract Tower,2,1,47,7,57,0,19,108,38,165,2,20,155,45,222,403,52,455,677
03/30/2000,IWA,AZ,AWP,WE,Federal Contract Tower,2,0,26,4,32,4,19,108,47,178,6,19,134,51,210,330,22,352,562
03/31/2000,IWA,AZ,AWP,WE,Federal Contract Tower,0,0,20,3,23,5,14,90,6,115,5,14,110,9,138,252,2,254,392
04/01/2000,IWA,AZ,AWP,WE,Federal Contract Tower,0,1,4,0,5,4,15,85,4,108,4,16,89,4,113,147,6,153,266
04/02/2000,IWA,AZ,AWP,WE,Federal Contract Tower,2,1,29,0,32,1,10,62,0,73,3,11,91,0,105,215,0,215,320
04/03/2000,IWA,AZ,AWP,WE,Federal Contract Tower,2,1,27,5,35,1,15,93,4,113,3,16,120,9,148,453,38,491,639
04/04/2000,IWA,AZ,AWP,WE,Federal Contract Tower,1,1,26,5,33,0,15,89,9,113,1,16,115,14,146,344,50,394,540
04/05/2000,IWA,AZ,AWP,WE,Federal Contract Tower,2,1,32,5,40,0,23,130,3,156,2,24,162,8,196,434,0,434,630
04/06/2000,IWA,AZ,AWP,WE,Federal Contract Tower,0,0,10,2,12,4,2,82,36,124,4,2,92,38,136,189,35,224,360
04/07/2000,IWA,AZ,AWP,WE,Federal Contract Tower,0,0,5,0,5,1,12,26,9,48,1,12,31,9,53,88,2,90,143
04/08/2000,IWA,AZ,AWP,WE,Federal Contract Tower,0,0,0,0,0,0,6,22,6,34,0,6,22,6,34,12,30,42,76
04/09/2000,IWA,AZ,AWP,WE,Federal Contract Tower,0,0,0,0,0,0,4,30,6,40,0,4,30,6,40,12,0,12,52
04/10/2000,IWA,AZ,AWP,WE,Federal Contract Tower,0,0,14,3,17,5,15,99,32,151,5,15,113,35,168,313,23,336,504
04/11/2000,IWA,AZ,AWP,WE,Federal Contract Tower,3,0,41,6,50,0,13,90,2,105,3,13,131,8,155,346,12,358,513
04/12/2000,IWA,AZ,AWP,WE,Federal Contract Tower,2,0,35,6,43,3,13,120,3,139,5,13,155,9,182,363,20,383,565
04/13/2000,IWA,AZ,AWP,WE,Federal Contract Tower,3,0,32,5,40,1,19,101,16,137,4,19,133,21,177,428,19,447,624
04/14/2000,IWA,AZ,AWP,WE,Federal Contract Tower,2,0,26,4,32,0,32,117,5,154,2,32,143,9,186,344,16,360,546
04/15/2000,IWA,AZ,AWP,WE,Federal Contract Tower,2,0,24,3,29,4,5,53,7,69,6,5,77,10,98,279,9,288,386
04/16/2000,IWA,AZ,AWP,WE,Federal Contract Tower,0,0,13,2,15,1,16,71,8,96,1,16,84,10,111,196,12,208,319
04/17/2000,IWA,AZ,AWP,WE,Federal Contract Tower,2,0,19,1,22,0,13,95,5,113,2,13,114,6,135,274,22,296,431
04/18/2000,IWA,AZ,AWP,WE,Federal Contract Tower,4,0,53,7,64,0,17,77,4,98,4,17,130,11,162,308,51,359,521
04/19/2000,IWA,AZ,AWP,WE,Federal Contract Tower,2,0,42,6,50,1,13,97,0,111,3,13,139,6,161,326,8,334,495
04/20/2000,IWA,AZ,AWP,WE,Federal Contract Tower,2,0,43,7,52,0,7,109,0,116,2,7,152,7,168,347,0,347,515
04/21/2000,IWA,AZ,AWP,WE,Federal Contract Tower,0,0,16,3,19,0,22,106,12,140,0,22,122,15,159,279,41,320,479
04/22/2000,IWA,AZ,AWP,WE,Federal Contract Tower,0,0,23,3,26,0,10,122,7,139,0,10,145,10,165,340,6,346,511
04/23/2000,IWA,AZ,AWP,WE,Federal Contract Tower,0,0,15,2,17,0,9,42,0,51,0,9,57,2,68,94,7,101,169
04/24/2000,IWA,AZ,AWP,WE,Federal Contract Tower,1,0,33,3,37,3,13,64,0,80,4,13,97,3,117,316,8,324,441
04/25/2000,IWA,AZ,AWP,WE,Federal Contract Tower,2,0,42,6,50,0,16,140,0,156,2,16,182,6,206,388,6,394,600
04/26/2000,IWA,AZ,AWP,WE,Federal Contract Tower,2,0,45,4,51,5,0,77,0,82,7,0,122,4,133,325,0,325,458
04/27/2000,IWA,AZ,AWP,WE,Federal Contract Tower,2,5,75,3,85,0,0,40,1,41,2,5,115,4,126,309,13,322,448
04/28/2000,IWA,AZ,AWP,WE,Federal Contract Tower,0,0,56,9,65,0,8,53,5,66,0,8,109,14,131,267,55,322,453
04/29/2000,IWA,AZ,AWP,WE,Federal Contract Tower,0,0,31,4,35,0,20,53,0,73,0,20,84,4,108,167,14,181,289
04/30/2000,IWA,AZ,AWP,WE,Federal Contract Tower,1,0,38,5,44,0,9,43,1,53,1,9,81,6,97,146,11,157,254
05/01/2000,IWA,AZ,AWP,WE,Federal Contract Tower,3,0,67,8,78,4,13,52,0,69,7,13,119,8,147,203,0,203,350
05/02/2000,IWA,AZ,AWP,WE,Federal Contract Tower,2,0,75,6,83,0,6,43,0,49,2,6,118,6,132,205,21,226,358
05/03/2000,IWA,AZ,AWP,WE,Federal Contract Tower,3,0,59,7,69,0,13,100,2,115,3,13,159,9,184,318,23,341,525
05/04/2000,IWA,AZ,AWP,WE,Federal Contract Tower,3,0,61,8,72,0,5,88,2,95,3,5,149,10,167,298,16,314,481
05/05/2000,IWA,AZ,AWP,WE,Federal Contract Tower,2,0,67,8,77,0,5,90,26,121,2,5,157,34,198,233,39,272,470
05/06/2000,IWA,AZ,AWP,WE,Federal Contract Tower,2,0,42,6,50,0,7,51,3,61,2,7,93,9,111,183,0,183,294
05/07/2000,IWA,AZ,AWP,WE,Federal Contract Tower,0,0,42,5,47,0,14,16,13,43,0,14,58,18,90,114,21,135,225
05/08/2000,IWA,AZ,AWP,WE,Federal Contract Tower,3,0,62,2,67,1,18,45,0,64,4,18,107,2,131,185,23,208,339
05/09/2000,IWA,AZ,AWP,WE,Federal Contract Tower,3,0,57,7,67,0,20,88,14,122,3,20,145,21,189,234,75,309,498
05/10/2000,IWA,AZ,AWP,WE,Federal Contract Tower,2,0,54,7,63,0,8,40,6,54,2,8,94,13,117,218,10,228,345
05/11/2000,IWA,AZ,AWP,WE,Federal Contract Tower,3,0,67,9,79,0,11,28,5,44,3,11,95,14,123,156,89,245,368
05/12/2000,IWA,AZ,AWP,WE,Federal Contract Tower,2,0,62,8,72,0,16,69,2,87,2,16,131,10,159,271,14,285,444
05/13/2000,IWA,AZ,AWP,WE,Federal Contract Tower,0,0,40,5,45,0,6,46,17,69,0,6,86,22,114,175,19,194,308
05/14/2000,IWA,AZ,AWP,WE,Federal Contract Tower,0,0,43,2,45,0,4,26,0,30,0,4,69,2,75,152,0,152,227
05/15/2000,IWA,AZ,AWP,WE,Federal Contract Tower,2,1,66,4,73,1,15,94,0,110,3,16,160,4,183,379,11,390,573
05/16/2000,IWA,AZ,AWP,WE,Federal Contract Tower,2,1,61,3,67,0,16,50,0,66,2,17,111,3,133,200,1,201,334
05/17/2000,IWA,AZ,AWP,WE,Federal Contract Tower,1,1,43,2,47,1,11,76,0,88,2,12,119,2,135,209,20,229,364
05/18/2000,IWA,AZ,AWP,WE,Federal Contract Tower,1,1,40,4,46,1,11,84,5,101,2,12,124,9,147,211,16,227,374
05/19/2000,IWA,AZ,AWP,WE,Federal Contract Tower,1,1,55,6,63,1,5,79,35,120,2,6,134,41,183,260,60,320,503
05/20/2000,IWA,AZ,AWP,WE,Federal Contract Tower,0,1,48,5,54,0,13,56,76,145,0,14,104,81,199,139,72,211,410
05/21/2000,IWA,AZ,AWP,WE,Federal Contract Tower,1,1,38,4,44,0,14,62,3,79,1,15,100,7,123,157,0,157,280
05/22/2000,IWA,AZ,AWP,WE,Federal Contract Tower,1,1,50,6,58,3,8,76,11,98,4,9,126,17,156,293,1,294,450
05/23/2000,IWA,AZ,AWP,WE,Federal Contract Tower,2,1,61,2,66,4,13,74,0,91,6,14,135,2,157,345,0,345,502
05/24/2000,IWA,AZ,AWP,WE,Federal Contract Tower,1,1,54,6,62,1,11,91,3,106,2,12,145,9,168,375,68,443,611
05/25/2000,IWA,AZ,AWP,WE,Federal Contract Tower,1,0,53,7,61,1,9,70,2,82,2,9,123,9,143,345,10,355,498
05/26/2000,IWA,AZ,AWP,WE,Federal Contract Tower,2,0,64,8,74,0,3,76,21,100,2,3,140,29,174,319,4,323,497
05/27/2000,IWA,AZ,AWP,WE,Federal Contract Tower,0,0,33,3,36,0,14,50,0,64,0,14,83,3,100,185,0,185,285
05/28/2000,IWA,AZ,AWP,WE,Federal Contract Tower,0,0,24,0,24,0,3,27,0,30,0,3,51,0,54,80,0,80,134
05/29/2000,IWA,AZ,AWP,WE,Federal Contract Tower,0,0,21,3,24,0,12,71,0,83,0,12,92,3,107,185,0,185,292
05/30/2000,IWA,AZ,AWP,WE,Federal Contract Tower,0,0,27,4,31,6,12,79,0,97,6,12,106,4,128,165,0,165,293
05/31/2000,IWA,AZ,AWP,WE,Federal Contract Tower,1,0,37,4,42,1,11,71,4,87,2,11,108,8,129,240,8,248,377
06/01/2000,IWA,AZ,AWP,WE,Federal Contract Tower,3,0,48,9,60,1,10,64,2,77,4,10,112,11,137,227,35,262,399
06/02/2000,IWA,AZ,AWP,WE,Federal Contract Tower,0,0,62,11,73,0,9,52,0,61,0,9,114,11,134,185,15,200,334
06/03/2000,IWA,AZ,AWP,WE,Federal Contract Tower,2,1,35,1,39,2,4,62,0,68,4,5,97,1,107,206,2,208,315
06/04/2000,IWA,AZ,AWP,WE,Federal Contract Tower,0,1,42,7,50,0,5,37,0,42,0,6,79,7,92,206,13,219,311
06/05/2000,IWA,AZ,AWP,WE,Federal Contract Tower,3,1,54,3,61,0,5,58,0,63,3,6,112,3,124,277,10,287,411
06/06/2000,IWA,AZ,AWP,WE,Federal Contract Tower,2,1,37,5,45,0,8,69,0,77,2,9,106,5,122,264,32,296,418
06/07/2000,IWA,AZ,AWP,WE,Federal Contract Tower,0,1,36,6,43,0,19,96,4,119,0,20,132,10,162,282,0,282,444
06/08/2000,IWA,AZ,AWP,WE,Federal Contract Tower,2,1,64,11,78,0,5,68,0,73,2,6,132,11,151,292,14,306,457
06/09/2000,IWA,AZ,AWP,WE,Federal Contract Tower,1,1,41,8,51,1,14,101,2,118,2,15,142,10,169,273,27,300,469
06/10/2000,IWA,AZ,AWP,WE,Federal Contract Tower,3,1,66,12,82,1,14,59,6,80,4,15,125,18,162,263,19,282,444
06/11/2000,IWA,AZ,AWP,WE,Federal Contract Tower,0,1,35,6,42,0,6,35,0,41,0,7,70,6,83,125,11,136,219
06/12/2000,IWA,AZ,AWP,WE,Federal Contract Tower,1,1,38,1,41,1,16,105,0,122,2,17,143,1,163,373,3,376,539
06/13/2000,IWA,AZ,AWP,WE,Federal Contract Tower,1,1,49,8,59,0,7,65,9,81,1,8,114,17,140,355,7,362,502
06/14/2000,IWA,AZ,AWP,WE,Federal Contract Tower,0,1,36,5,42,0,12,68,7,87,0,13,104,12,129,247,26,273,402
06/15/2000,IWA,AZ,AWP,WE,Federal Contract Tower,2,1,51,7,61,0,11,50,0,61,2,12,101,7,122,287,29,316,438
06/16/2000,IWA,AZ,AWP,WE,Federal Contract Tower,0,1,33,5,39,0,11,65,12,88,0,12,98,17,127,296,20,316,443
06/17/2000,IWA,AZ,AWP,WE,Federal Contract Tower,0,1,24,3,28,0,7,68,0,75,0,8,92,3,103,237,6,243,346
06/18/2000,IWA,AZ,AWP,WE,Federal Contract Tower,0,1,18,3,22,0,9,39,5,53,0,10,57,8,75,86,0,86,161
06/19/2000,IWA,AZ,AWP,WE,Federal Contract Tower,0,1,27,4,32,0,22,63,10,95,0,23,90,14,127,350,25,375,502
06/20/2000,IWA,AZ,AWP,WE,Federal Contract Tower,1,1,36,5,43,1,12,54,4,71,2,13,90,9,114,366,18,384,498
06/21/2000,IWA,AZ,AWP,WE,Federal Contract Tower,1,0,33,3,37,2,18,94,0,114,3,18,127,3,151,463,8,471,622
06/22/2000,IWA,AZ,AWP,WE,Federal Contract Tower,1,0,37,7,45,1,9,78,2,90,2,9,115,9,135,420,29,449,584
06/23/2000,IWA,AZ,AWP,WE,Federal Contract Tower,1,0,42,8,51,0,33,100,37,170,1,33,142,45,221,435,80,515,736
06/24/2000,IWA,AZ,AWP,WE,Federal Contract Tower,1,0,30,5,36,3,13,67,0,83,4,13,97,5,119,207,10,217,336
06/25/2000,IWA,AZ,AWP,WE,Federal Contract Tower,0,0,53,10,63,0,8,26,1,35,0,8,79,11,98,225,24,249,347
06/26/2000,IWA,AZ,AWP,WE,Federal Contract Tower,1,0,40,5,46,1,6,72,0,79,2,6,112,5,125,396,37,433,558
06/27/2000,IWA,AZ,AWP,WE,Federal Contract Tower,1,0,43,8,52,1,16,66,0,83,2,16,109,8,135,254,17,271,406
06/28/2000,IWA,AZ,AWP,WE,Federal Contract Tower,2,0,45,8,55,0,12,70,0,82,2,12,115,8,137,223,0,223,360
06/29/2000,IWA,AZ,AWP,WE,Federal Contract Tower,1,0,49,9,59,0,5,55,4,64,1,5,104,13,123,190,12,202,325
06/30/2000,IWA,AZ,AWP,WE,Federal Contract Tower,0,0,40,8,48,0,5,80,13,98,0,5,120,21,146,170,37,207,353
07/01/2000,IWA,AZ,AWP,WE,Federal Contract Tower,0,0,39,0,39,0,6,64,0,70,0,6,103,0,109,264,0,264,373
07/02/2000,IWA,AZ,AWP,WE,Federal Contract Tower,0,0,33,4,37,0,11,21,0,32,0,11,54,4,69,125,4,129,198
07/03/2000,IWA,AZ,AWP,WE,Federal Contract Tower,0,0,44,4,48,0,9,61,0,70,0,9,105,4,118,263,0,263,381
07/04/2000,IWA,AZ,AWP,WE,Federal Contract Tower,0,0,22,0,22,0,2,35,0,37,0,2,57,0,59,76,0,76,135
07/05/2000,IWA,AZ,AWP,WE,Federal Contract Tower,2,0,50,6,58,0,10,72,0,82,2,10,122,6,140,238,4,242,382
07/06/2000,IWA,AZ,AWP,WE,Federal Contract Tower,2,0,36,2,40,0,8,63,0,71,2,8,99,2,111,211,8,219,330
07/07/2000,IWA,AZ,AWP,WE,Federal Contract Tower,0,0,56,8,64,0,10,38,2,50,0,10,94,10,114,145,17,162,276
07/08/2000,IWA,AZ,AWP,WE,Federal Contract Tower,0,0,38,6,44,0,8,60,7,75,0,8,98,13,119,152,26,178,297
07/09/2000,IWA,AZ,AWP,WE,Federal Contract Tower,0,0,41,7,48,0,8,107,13,128,0,8,148,20,176,269,53,322,498
07/10/2000,IWA,AZ,AWP,WE,Federal Contract Tower,3,0,58,2,63,1,17,26,0,44,4,17,84,2,107,193,0,193,300
07/11/2000,IWA,AZ,AWP,WE,Federal Contract Tower,2,1,63,5,71,2,7,64,0,73,4,8,127,5,144,234,6,240,384
07/12/2000,IWA,AZ,AWP,WE,Federal Contract Tower,1,1,36,5,43,2,12,72,0,86,3,13,108,5,129,159,20,179,308
07/13/2000,IWA,AZ,AWP,WE,Federal Contract Tower,1,1,41,6,49,4,16,89,2,111,5,17,130,8,160,313,7,320,480
07/14/2000,IWA,AZ,AWP,WE,Federal Contract Tower,0,1,26,4,31,3,5,76,9,93,3,6,102,13,124,265,41,306,430
07/15/2000,IWA,AZ,AWP,WE,Federal Contract Tower,0,1,41,6,48,0,10,57,0,67,0,11,98,6,115,188,2,190,305
07/16/2000,IWA,AZ,AWP,WE,Federal Contract Tower,0,0,46,7,53,0,0,20,23,43,0,0,66,30,96,110,6,116,212
07/17/2000,IWA,AZ,AWP,WE,Federal Contract Tower,2,1,71,9,83,1,8,33,0,42,3,9,104,9,125,276,9,285,410
07/18/2000,IWA,AZ,AWP,WE,Federal Contract Tower,1,1,42,6,50,1,10,80,1,92,2,11,122,7,142,342,1,343,485
07/19/2000,IWA,AZ,AWP,WE,Federal Contract Tower,1,1,31,3,36,3,0,78,4,85,4,1,109,7,121,392,28,420,541
07/20/2000,IWA,AZ,AWP,WE,Federal Contract Tower,1,1,29,3,34,2,15,85,6,108,3,16,114,9,142,336,16,352,494
07/21/2000,IWA,AZ,AWP,WE,Federal Contract Tower,3,1,74,10,88,0,6,61,12,79,3,7,135,22,167,257,33,290,457
07/22/2000,IWA,AZ,AWP,WE,Federal Contract Tower,0,1,21,3,25,2,3,44,1,50,2,4,65,4,75,147,28,175,250
07/23/2000,IWA,AZ,AWP,WE,Federal Contract Tower,0,0,44,5,49,0,1,24,0,25,0,1,68,5,74,166,7,173,247
07/24/2000,IWA,AZ,AWP,WE,Federal Contract Tower,1,0,43,4,48,2,13,75,0,90,3,13,118,4,138,164,6,170,308
07/25/2000,IWA,AZ,AWP,WE,Federal Contract Tower,2,0,65,10,77,1,8,69,0,78,3,8,134,10,155,240,23,263,418
07/26/2000,IWA,AZ,AWP,WE,Federal Contract Tower,2,0,66,10,78,0,1,42,0,43,2,1,108,10,121,216,16,232,353
07/27/2000,IWA,AZ,AWP,WE,Federal Contract Tower,0,0,16,2,18,3,10,105,1,119,3,10,121,3,137,234,0,234,371
07/28/2000,IWA,AZ,AWP,WE,Federal Contract Tower,1,0,43,7,51,2,11,90,1,104,3,11,133,8,155,288,43,331,486
07/29/2000,IWA,AZ,AWP,WE,Federal Contract Tower,0,0,0,0,0,2,14,81,1,98,2,14,81,1,98,111,10,121,219
07/30/2000,IWA,AZ,AWP,WE,Federal Contract Tower,0,0,37,5,42,0,5,30,1,36,0,5,67,6,78,96,1,97,175
07/31/2000,IWA,AZ,AWP,WE,Federal Contract Tower,1,0,31,4,36,0,10,63,2,75,1,10,94,6,111,171,15,186,297
08/01/2000,IWA,AZ,AWP,WE,Federal Contract Tower,3,1,45,3,52,1,10,75,0,86,4,11,120,3,138,232,19,251,389
08/02/2000,IWA,AZ,AWP,WE,Federal Contract Tower,2,0,24,3,29,1,16,97,4,118,3,16,121,7,147,302,16,318,465
08/03/2000,IWA,AZ,AWP,WE,Federal Contract Tower,3,1,46,4,54,0,5,80,0,85,3,6,126,4,139,304,20,324,463
08/04/2000,IWA,AZ,AWP,WE,Federal Contract Tower,3,1,48,6,58,2,21,81,13,117,5,22,129,19,175,342,22,364,539
08/05/2000,IWA,AZ,AWP,WE,Federal Contract Tower,0,0,21,3,24,0,10,47,1,58,0,10,68,4,82,135,0,135,217
08/06/2000,IWA,AZ,AWP,WE,Federal Contract Tower,0,0,33,5,38,0,10,33,2,45,0,10,66,7,83,127,2,129,212
08/07/2000,IWA,AZ,AWP,WE,Federal Contract Tower,0,1,64,2,67,0,10,66,0,76,0,11,130,2,143,210,6,216,359
08/08/2000,IWA,AZ,AWP,WE,Federal Contract Tower,3,1,52,2,58,0,30,105,0,135,3,31,157,2,193,401,18,419,612
08/09/2000,IWA,AZ,AWP,WE,Federal Contract Tower,4,1,58,0,63,1,20,110,0,131,5,21,168,0,194,351,0,351,545
08/10/2000,IWA,AZ,AWP,WE,Federal Contract Tower,1,1,26,4,32,1,8,112,1,122,2,9,138,5,154,288,31,319,473
08/11/2000,IWA,AZ,AWP,WE,Federal Contract Tower,2,2,45,6,55,1,8,69,3,81,3,10,114,9,136,277,2,279,415
08/12/2000,IWA,AZ,AWP,WE,Federal Contract Tower,0,2,46,0,48,0,7,38,0,45,0,9,84,0,93,180,0,180,273
08/13/2000,IWA,AZ,AWP,WE,Federal Contract Tower,2,2,48,7,59,0,3,15,14,32,2,5,63,21,91,87,0,87,178
08/14/2000,IWA,AZ,AWP,WE,Federal Contract Tower,2,2,55,8,67,2,14,67,1,84,4,16,122,9,151,141,5,146,297
08/15/2000,IWA,AZ,AWP,WE,Federal Contract Tower,2,2,41,4,49,1,9,52,0,62,3,11,93,4,111,223,34,257,368
08/16/2000,IWA,AZ,AWP,WE,Federal Contract Tower,2,2,45,6,55,1,6,91,6,104,3,8,136,12,159,198,55,253,412
08/17/2000,IWA,AZ,AWP,WE,Federal Contract Tower,2,2,43,4,51,2,7,83,6,98,4,9,126,10,149,320,60,380,529
08/18/2000,IWA,AZ,AWP,WE,Federal Contract Tower,1,1,34,4,40,2,22,80,7,111,3,23,114,11,151,211,35,246,397
08/19/2000,IWA,AZ,AWP,WE,Federal Contract Tower,2,2,50,2,56,0,10,66,0,76,2,12,116,2,132,235,0,235,367
08/20/2000,IWA,AZ,AWP,WE,Federal Contract Tower,0,2,53,6,61,0,4,11,0,15,0,6,64,6,76,99,2,101,177
08/21/2000,IWA,AZ,AWP,WE,Federal Contract Tower,3,2,61,6,72,2,4,50,0,56,5,6,111,6,128,266,36,302,430
08/22/2000,IWA,AZ,AWP,WE,Federal Contract Tower,4,1,76,10,91,3,5,94,2,104,7,6,170,12,195,297,13,310,505
08/23/2000,IWA,AZ,AWP,WE,Federal Contract Tower,2,1,53,4,60,0,14,41,0,55,2,15,94,4,115,280,3,283,398
08/24/2000,IWA,AZ,AWP,WE,Federal Contract Tower,2,1,52,7,62,0,10,57,7,74,2,11,109,14,136,308,42,350,486
08/25/2000,IWA,AZ,AWP,WE,Federal Contract Tower,4,1,77,10,92,0,16,34,14,64,4,17,111,24,156,239,64,303,459
08/26/2000,IWA,AZ,AWP,WE,Federal Contract Tower,2,1,65,9,77,0,2,25,1,28,2,3,90,10,105,221,3,224,329
08/27/2000,IWA,AZ,AWP,WE,Federal Contract Tower,2,1,40,5,48,2,13,32,4,51,4,14,72,9,99,146,0,146,245
08/28/2000,IWA,AZ,AWP,WE,Federal Contract Tower,3,2,83,7,95,0,20,19,0,39,3,22,102,7,134,242,25,267,401
08/29/2000,IWA,AZ,AWP,WE,Federal Contract Tower,2,1,50,7,60,1,16,64,16,97,3,17,114,23,157,220,60,280,437
08/30/2000,IWA,AZ,AWP,WE,Federal Contract Tower,2,1,49,6,58,1,5,32,4,42,3,6,81,10,100,244,51,295,395
08/31/2000,IWA,AZ,AWP,WE,Federal Contract Tower,2,1,45,3,51,2,9,78,0,89,4,10,123,3,140,261,5,266,406
09/01/2000,IWA,AZ,AWP,WE,Federal Contract Tower,3,0,45,11,59,1,10,102,24,137,4,10,147,35,196,218,33,251,447
09/02/2000,IWA,AZ,AWP,WE,Federal Contract Tower,0,0,33,5,38,0,9,49,0,58,0,9,82,5,96,202,57,259,355
09/03/2000,IWA,AZ,AWP,WE,Federal Contract Tower,0,0,26,6,32,0,10,40,7,57,0,10,66,13,89,127,21,148,237
09/04/2000,IWA,AZ,AWP,WE,Federal Contract Tower,0,0,35,8,43,0,14,56,0,70,0,14,91,8,113,113,4,117,230
09/05/2000,IWA,AZ,AWP,WE,Federal Contract Tower,3,0,47,0,50,1,13,59,0,73,4,13,106,0,123,118,0,118,241
09/06/2000,IWA,AZ,AWP,WE,Federal Contract Tower,1,0,3,0,4,0,16,130,5,151,1,16,133,5,155,282,10,292,447
09/07/2000,IWA,AZ,AWP,WE,Federal Contract Tower,2,0,35,9,46,0,15,67,4,86,2,15,102,13,132,342,6,348,480
09/08/2000,IWA,AZ,AWP,WE,Federal Contract Tower,3,2,63,13,81,0,27,42,0,69,3,29,105,13,150,250,6,256,406
09/09/2000,IWA,AZ,AWP,WE,Federal Contract Tower,0,2,64,14,80,0,14,23,0,37,0,16,87,14,117,204,33,237,354
09/10/2000,IWA,AZ,AWP,WE,Federal Contract Tower,1,1,29,7,38,0,5,42,0,47,1,6,71,7,85,71,16,87,172
09/11/2000,IWA,AZ,AWP,WE,Federal Contract Tower,3,1,45,8,57,0,8,111,0,119,3,9,156,8,176,355,24,379,555
09/12/2000,IWA,AZ,AWP,WE,Federal Contract Tower,2,1,40,6,49,0,8,98,0,106,2,9,138,6,155,198,6,204,359
09/13/2000,IWA,AZ,AWP,WE,Federal Contract Tower,3,2,58,4,67,0,10,86,0,96,3,12,144,4,163,292,86,378,541
09/14/2000,IWA,AZ,AWP,WE,Federal Contract Tower,3,1,51,11,66,0,7,84,2,93,3,8,135,13,159,352,22,374,533
09/15/2000,IWA,AZ,AWP,WE,Federal Contract Tower,2,1,43,10,56,0,10,84,2,96,2,11,127,12,152,241,33,274,426
09/16/2000,IWA,AZ,AWP,WE,Federal Contract Tower,0,1,15,3,19,0,6,57,7,70,0,7,72,10,89,169,36,205,294
09/17/2000,IWA,AZ,AWP,WE,Federal Contract Tower,3,1,44,10,58,0,3,0,4,7,3,4,44,14,65,131,6,137,202
09/18/2000,IWA,AZ,AWP,WE,Federal Contract Tower,0,1,19,4,24,4,10,102,3,119,4,11,121,7,143,292,6,298,441
09/19/2000,IWA,AZ,AWP,WE,Federal Contract Tower,1,1,32,7,41,2,8,82,1,93,3,9,114,8,134,242,40,282,416
09/20/2000,IWA,AZ,AWP,WE,Federal Contract Tower,1,1,36,0,38,2,7,94,0,103,3,8,130,0,141,233,0,233,374
09/21/2000,IWA,AZ,AWP,WE,Federal Contract Tower,1,1,30,5,37,1,12,83,0,96,2,13,113,5,133,279,0,279,412
09/22/2000,IWA,AZ,AWP,WE,Federal Contract Tower,2,1,36,8,47,2,1,51,46,100,4,2,87,54,147,274,75,349,496
09/23/2000,IWA,AZ,AWP,WE,Federal Contract Tower,0,1,44,10,55,0,7,28,19,54,0,8,72,29,109,218,31,249,358
09/24/2000,IWA,AZ,AWP,WE,Federal Contract Tower,0,2,59,13,74,0,4,25,12,41,0,6,84,25,115,181,41,222,337
09/25/2000,IWA,AZ,AWP,WE,Federal Contract Tower,1,0,35,9,45,3,12,97,9,121,4,12,132,18,166,348,44,392,558
09/26/2000,IWA,AZ,AWP,WE,Federal Contract Tower,2,0,47,11,60,0,5,70,4,79,2,5,117,15,139,217,13,230,369
09/27/2000,IWA,AZ,AWP,WE,Federal Contract Tower,2,0,41,7,50,0,15,116,0,131,2,15,157,7,181,319,20,339,520
09/28/2000,IWA,AZ,AWP,WE,Federal Contract Tower,1,0,24,6,31,3,11,103,0,117,4,11,127,6,148,347,2,349,497
09/29/2000,IWA,AZ,AWP,WE,Federal Contract Tower,1,0,27,7,35,2,6,84,5,97,3,6,111,12,132,340,15,355,487
09/30/2000,IWA,AZ,AWP,WE,Federal Contract Tower,0,0,11,2,13,0,8,107,0,115,0,8,118,2,128,297,0,297,425
10/01/2000,IWA,AZ,AWP,WE,Federal Contract Tower,0,0,35,6,41,0,11,43,9,63,0,11,78,15,104,194,10,204,308
10/02/2000,IWA,AZ,AWP,WE,Federal Contract Tower,3,0,20,0,23,0,8,140,0,148,3,8,160,0,171,584,0,584,755
10/03/2000,IWA,AZ,AWP,WE,Federal Contract Tower,2,1,62,2,67,0,8,41,0,49,2,9,103,2,116,399,31,430,546
10/04/2000,IWA,AZ,AWP,WE,Federal Contract Tower,1,0,33,1,35,0,7,33,0,40,1,7,66,1,75,64,8,72,147
10/05/2000,IWA,AZ,AWP,WE,Federal Contract Tower,3,1,66,10,80,0,14,121,0,135,3,15,187,10,215,503,33,536,751
10/06/2000,IWA,AZ,AWP,WE,Federal Contract Tower,0,0,0,0,0,1,4,37,0,42,1,4,37,0,42,121,0,121,163
10/07/2000,IWA,AZ,AWP,WE,Federal Contract Tower,0,0,35,6,41,0,5,59,2,66,0,5,94,8,107,337,17,354,461
10/08/2000,IWA,AZ,AWP,WE,Federal Contract Tower,0,0,10,1,11,0,8,24,0,32,0,8,34,1,43,76,9,85,128
10/09/2000,IWA,AZ,AWP,WE,Federal Contract Tower,1,0,50,9,60,0,12,68,15,95,1,12,118,24,155,380,8,388,543
10/10/2000,IWA,AZ,AWP,WE,Federal Contract Tower,3,1,46,8,58,7,11,34,16,68,10,12,80,24,126,207,34,241,367
10/11/2000,IWA,AZ,AWP,WE,Federal Contract Tower,4,2,58,4,68,0,2,116,0,118,4,4,174,4,186,574,6,580,766
10/12/2000,IWA,AZ,AWP,WE,Federal Contract Tower,2,1,27,5,35,0,7,299,16,322,2,8,326,21,357,486,0,486,843
10/13/2000,IWA,AZ,AWP,WE,Federal Contract Tower,0,1,11,2,14,6,20,312,5,343,6,21,323,7,357,159,2,161,518
10/14/2000,IWA,AZ,AWP,WE,Federal Contract Tower,0,0,0,0,0,0,11,583,2,596,0,11,583,2,596,48,2,50,646
10/15/2000,IWA,AZ,AWP,WE,Federal Contract Tower,0,1,6,0,7,0,7,306,3,316,0,8,312,3,323,28,0,28,351
10/16/2000,IWA,AZ,AWP,WE,Federal Contract Tower,2,1,38,5,46,4,11,137,0,152,6,12,175,5,198,401,4,405,603
10/17/2000,IWA,AZ,AWP,WE,Federal Contract Tower,4,2,78,3,87,0,11,109,0,120,4,13,187,3,207,400,9,409,616
10/18/2000,IWA,AZ,AWP,WE,Federal Contract Tower,2,1,34,4,41,2,8,95,0,105,4,9,129,4,146,486,38,524,670
10/19/2000,IWA,AZ,AWP,WE,Federal Contract Tower,2,1,36,1,40,0,10,67,0,77,2,11,103,1,117,178,9,187,304
10/20/2000,IWA,AZ,AWP,WE,Federal Contract Tower,3,1,52,8,64,0,12,122,4,138,3,13,174,12,202,509,54,563,765
10/21/2000,IWA,AZ,AWP,WE,Federal Contract Tower,0,0,0,0,0,0,5,55,20,80,0,5,55,20,80,110,48,158,238
10/22/2000,IWA,AZ,AWP,WE,Federal Contract Tower,1,1,16,1,19,0,3,11,1,15,1,4,27,2,34,10,0,10,44
10/23/2000,IWA,AZ,AWP,WE,Federal Contract Tower,3,2,53,6,64,0,10,69,0,79,3,12,122,6,143,301,0,301,444
10/24/2000,IWA,AZ,AWP,WE,Federal Contract Tower,4,2,61,6,73,5,11,63,0,79,9,13,124,6,152,383,20,403,555
10/25/2000,IWA,AZ,AWP,WE,Federal Contract Tower,3,0,49,9,61,0,7,96,10,113,3,7,145,19,174,333,38,371,545
10/26/2000,IWA,AZ,AWP,WE,Federal Contract Tower,1,0,22,4,27,2,12,112,12,138,3,12,134,16,165,439,38,477,642
10/27/2000,IWA,AZ,AWP,WE,Federal Contract Tower,0,0,10,2,12,4,6,40,2,52,4,6,50,4,64,210,8,218,282
10/28/2000,IWA,AZ,AWP,WE,Federal Contract Tower,0,0,33,6,39,0,120,44,6,170,0,120,77,12,209,158,0,158,367
10/29/2000,IWA,AZ,AWP,WE,Federal Contract Tower,0,1,53,4,58,0,8,88,0,96,0,9,141,4,154,300,2,302,456
10/30/2000,IWA,AZ,AWP,WE,Federal Contract Tower,1,0,20,3,24,2,4,101,2,109,3,4,121,5,133,235,12,247,380
10/31/2000,IWA,AZ,AWP,WE,Federal Contract Tower,2,1,65,1,69,0,8,147,0,155,2,9,212,1,224,594,1,595,819
11/01/2000,IWA,AZ,AWP,WE,Federal Contract Tower,3,2,90,0,95,0,11,110,0,121,3,13,200,0,216,675,0,675,891
11/02/2000,IWA,AZ,AWP,WE,Federal Contract Tower,2,1,60,0,63,0,8,105,0,113,2,9,165,0,176,542,4,546,722
11/03/2000,IWA,AZ,AWP,WE,Federal Contract Tower,3,2,104,27,136,0,8,93,1,102,3,10,197,28,238,778,43,821,1059
11/04/2000,IWA,AZ,AWP,WE,Federal Contract Tower,0,1,60,4,65,0,8,6,0,14,0,9,66,4,79,255,28,283,362
11/05/2000,IWA,AZ,AWP,WE,Federal Contract Tower,0,1,37,9,47,0,9,42,5,56,0,10,79,14,103,211,10,221,324
11/06/2000,IWA,AZ,AWP,WE,Federal Contract Tower,2,0,31,7,40,2,4,21,0,27,4,4,52,7,67,208,16,224,291
11/07/2000,IWA,AZ,AWP,WE,Federal Contract Tower,3,1,59,4,67,0,11,91,0,102,3,12,150,4,169,487,8,495,664
11/08/2000,IWA,AZ,AWP,WE,Federal Contract Tower,3,1,52,6,62,4,9,115,0,128,7,10,167,6,190,763,8,771,961
11/09/2000,IWA,AZ,AWP,WE,Federal Contract Tower,1,0,26,7,34,9,16,154,19,198,10,16,180,26,232,804,8,812,1044
11/10/2000,IWA,AZ,AWP,WE,Federal Contract Tower,0,1,41,2,44,0,16,89,0,105,0,17,130,2,149,643,9,652,801
11/11/2000,IWA,AZ,AWP,WE,Federal Contract Tower,0,2,59,13,74,0,17,60,0,77,0,19,119,13,151,413,2,415,566
11/12/2000,IWA,AZ,AWP,WE,Federal Contract Tower,0,2,59,10,71,0,5,20,0,25,0,7,79,10,96,312,2,314,410
11/13/2000,IWA,AZ,AWP,WE,Federal Contract Tower,1,1,28,5,35,2,23,125,0,150,3,24,153,5,185,482,21,503,688
11/14/2000,IWA,AZ,AWP,WE,Federal Contract Tower,0,1,13,4,18,3,17,132,7,159,3,18,145,11,177,383,0,383,560
11/15/2000,IWA,AZ,AWP,WE,Federal Contract Tower,1,2,43,12,58,2,13,132,11,158,3,15,175,23,216,521,12,533,749
11/16/2000,IWA,AZ,AWP,WE,Federal Contract Tower,1,2,39,10,52,2,7,80,14,103,3,9,119,24,155,339,27,366,521
11/17/2000,IWA,AZ,AWP,WE,Federal Contract Tower,3,3,81,21,108,0,1,53,20,74,3,4,134,41,182,406,52,458,640
11/18/2000,IWA,AZ,AWP,WE,Federal Contract Tower,0,2,58,15,75,0,11,66,27,104,0,13,124,42,179,204,71,275,454
11/19/2000,IWA,AZ,AWP,WE,Federal Contract Tower,1,2,51,12,66,0,11,58,8,77,1,13,109,20,143,316,0,316,459
11/20/2000,IWA,AZ,AWP,WE,Federal Contract Tower,2,2,60,14,78,4,21,93,0,118,6,23,153,14,196,344,16,360,556
11/21/2000,IWA,AZ,AWP,WE,Federal Contract Tower,1,2,49,10,62,1,14,83,0,98,2,16,132,10,160,344,15,359,519
11/22/2000,IWA,AZ,AWP,WE,Federal Contract Tower,1,1,32,7,41,4,37,70,1,112,5,38,102,8,153,268,13,281,434
11/23/2000,IWA,AZ,AWP,WE,Federal Contract Tower,0,0,2,0,2,0,11,22,4,37,0,11,24,4,39,45,0,45,84
11/24/2000,IWA,AZ,AWP,WE,Federal Contract Tower,0,1,29,2,32,0,14,59,0,73,0,15,88,2,105,224,0,224,329
11/25/2000,IWA,AZ,AWP,WE,Federal Contract Tower,0,1,25,6,32,1,10,60,1,72,1,11,85,7,104,154,7,161,265
11/26/2000,IWA,AZ,AWP,WE,Federal Contract Tower,0,1,35,4,40,0,13,60,0,73,0,14,95,4,113,241,3,244,357
11/27/2000,IWA,AZ,AWP,WE,Federal Contract Tower,0,1,48,3,52,0,7,155,0,162,0,8,203,3,214,363,12,375,589
11/28/2000,IWA,AZ,AWP,WE,Federal Contract Tower,1,1,38,3,43,4,17,124,0,145,5,18,162,3,188,317,0,317,505
11/29/2000,IWA,AZ,AWP,WE,Federal Contract Tower,2,0,35,2,39,0,9,150,0,159,2,9,185,2,198,346,16,362,560
11/30/2000,IWA,AZ,AWP,WE,Federal Contract Tower,2,1,53,13,69,3,14,151,0,168,5,15,204,13,237,317,0,317,554
12/01/2000,IWA,AZ,AWP,WE,Federal Contract Tower,4,0,66,11,81,0,15,154,23,192,4,15,220,34,273,478,8,486,759
12/02/2000,IWA,AZ,AWP,WE,Federal Contract Tower,1,0,32,2,35,0,8,69,0,77,1,8,101,2,112,211,0,211,323
12/03/2000,IWA,AZ,AWP,WE,Federal Contract Tower,1,0,35,6,42,0,5,42,8,55,1,5,77,14,97,234,0,234,331
12/04/2000,IWA,AZ,AWP,WE,Federal Contract Tower,3,0,51,3,57,0,13,120,0,133,3,13,171,3,190,469,30,499,689
12/05/2000,IWA,AZ,AWP,WE,Federal Contract Tower,3,1,76,12,92,0,9,102,3,114,3,10,178,15,206,398,34,432,638
12/06/2000,IWA,AZ,AWP,WE,Federal Contract Tower,3,0,46,8,57,0,11,156,10,177,3,11,202,18,234,325,22,347,581
12/07/2000,IWA,AZ,AWP,WE,Federal Contract Tower,3,0,51,8,62,0,12,127,7,146,3,12,178,15,208,285,0,285,493
12/08/2000,IWA,AZ,AWP,WE,Federal Contract Tower,2,1,65,10,78,0,13,127,19,159,2,14,192,29,237,333,39,372,609
12/09/2000,IWA,AZ,AWP,WE,Federal Contract Tower,1,1,29,5,36,3,21,83,0,107,4,22,112,5,143,232,16,248,391
12/10/2000,IWA,AZ,AWP,WE,Federal Contract Tower,0,1,8,1,10,5,9,58,3,75,5,10,66,4,85,190,0,190,275
12/11/2000,IWA,AZ,AWP,WE,Federal Contract Tower,1,1,30,5,37,2,11,84,18,115,3,12,114,23,152,203,11,214,366
12/12/2000,IWA,AZ,AWP,WE,Federal Contract Tower,0,1,14,2,17,2,5,71,0,78,2,6,85,2,95,150,36,186,281
12/13/2000,IWA,AZ,AWP,WE,Federal Contract Tower,3,1,51,8,63,0,7,66,11,84,3,8,117,19,147,301,13,314,461
12/14/2000,IWA,AZ,AWP,WE,Federal Contract Tower,2,1,42,7,52,1,5,85,2,93,3,6,127,9,145,289,23,312,457
12/15/2000,IWA,AZ,AWP,WE,Federal Contract Tower,1,1,31,4,37,2,12,64,3,81,3,13,95,7,118,191,6,197,315
12/16/2000,IWA,AZ,AWP,WE,Federal Contract Tower,0,1,26,2,29,0,6,62,0,68,0,7,88,2,97,216,14,230,327
12/17/2000,IWA,AZ,AWP,WE,Federal Contract Tower,0,1,33,4,38,0,7,23,7,37,0,8,56,11,75,128,2,130,205
12/18/2000,IWA,AZ,AWP,WE,Federal Contract Tower,2,1,40,5,48,3,19,27,2,51,5,20,67,7,99,182,10,192,291
12/19/2000,IWA,AZ,AWP,WE,Federal Contract Tower,1,1,22,2,26,1,5,73,4,83,2,6,95,6,109,281,5,286,395
12/20/2000,IWA,AZ,AWP,WE,Federal Contract Tower,1,1,32,4,38,2,13,78,12,105,3,14,110,16,143,233,4,237,380
12/21/2000,IWA,AZ,AWP,WE,Federal Contract Tower,1,1,25,3,30,3,8,54,24,89,4,9,79,27,119,267,2,269,388
12/22/2000,IWA,AZ,AWP,WE,Federal Contract Tower,1,0,29,2,32,0,17,57,0,74,1,17,86,2,106,235,12,247,353
12/23/2000,IWA,AZ,AWP,WE,Federal Contract Tower,0,0,27,0,27,0,15,25,0,40,0,15,52,0,67,194,0,194,261
12/24/2000,IWA,AZ,AWP,WE,Federal Contract Tower,0,0,0,0,0,0,9,27,0,36,0,9,27,0,36,54,0,54,90
12/25/2000,IWA,AZ,AWP,WE,Federal Contract Tower,0,0,4,0,4,0,3,12,0,15,0,3,16,0,19,13,0,13,32
12/26/2000,IWA,AZ,AWP,WE,Federal Contract Tower,0,0,1,0,1,1,8,57,1,67,1,8,58,1,68,142,0,142,210
12/27/2000,IWA,AZ,AWP,WE,Federal Contract Tower,1,0,34,5,40,1,15,63,0,79,2,15,97,5,119,198,21,219,338
12/28/2000,IWA,AZ,AWP,WE,Federal Contract Tower,2,0,46,7,55,1,8,44,29,82,3,8,90,36,137,285,96,381,518
12/29/2000,IWA,AZ,AWP,WE,Federal Contract Tower,1,0,40,4,45,0,15,49,0,64,1,15,89,4,109,258,31,289,398
12/30/2000,IWA,AZ,AWP,WE,Federal Contract Tower,0,0,13,0,13,0,7,66,0,73,0,7,79,0,86,151,0,151,237
12/31/2000,IWA,AZ,AWP,WE,Federal Contract Tower,0,0,5,0,5,0,10,32,0,42,0,10,37,0,47,106,0,106,153
01/01/2001,IWA,AZ,AWP,WE,Federal Contract Tower,0,0,0,0,0,0,14,44,0,58,0,14,44,0,58,61,0,61,119
01/02/2001,IWA,AZ,AWP,WE,Federal Contract Tower,0,0,16,3,19,0,18,45,0,63,0,18,61,3,82,129,7,136,218
01/03/2001,IWA,AZ,AWP,WE,Federal Contract Tower,3,0,25,4,32,0,20,59,0,79,3,20,84,4,111,166,26,192,303
01/04/2001,IWA,AZ,AWP,WE,Federal Contract Tower,2,0,24,10,36,0,13,85,24,122,2,13,109,34,158,157,16,173,331
01/05/2001,IWA,AZ,AWP,WE,Federal Contract Tower,3,3,56,20,82,0,14,27,0,41,3,17,83,20,123,199,34,233,356
01/06/2001,IWA,AZ,AWP,WE,Federal Contract Tower,1,2,35,6,44,0,7,28,0,35,1,9,63,6,79,94,24,118,197
01/07/2001,IWA,AZ,AWP,WE,Federal Contract Tower,3,0,24,10,37,0,6,43,8,57,3,6,67,18,94,167,22,189,283
01/08/2001,IWA,AZ,AWP,WE,Federal Contract Tower,2,2,28,6,38,0,7,76,0,83,2,9,104,6,121,175,27,202,323
01/09/2001,IWA,AZ,AWP,WE,Federal Contract Tower,1,2,49,3,55,0,7,40,0,47,1,9,89,3,102,201,22,223,325
01/10/2001,IWA,AZ,AWP,WE,Federal Contract Tower,4,2,28,10,44,0,8,69,3,80,4,10,97,13,124,176,6,182,306
01/11/2001,IWA,AZ,AWP,WE,Federal Contract Tower,4,2,39,14,59,0,7,71,3,81,4,9,110,17,140,168,26,194,334
01/12/2001,IWA,AZ,AWP,WE,Federal Contract Tower,3,2,23,11,39,0,0,0,13,13,3,2,23,24,52,21,2,23,75
01/13/2001,IWA,AZ,AWP,WE,Federal Contract Tower,0,3,42,16,61,0,10,65,4,79,0,13,107,20,140,161,35,196,336
01/14/2001,IWA,AZ,AWP,WE,Federal Contract Tower,0,3,30,10,43,0,9,56,1,66,0,12,86,11,109,182,0,182,291
01/15/2001,IWA,AZ,AWP,WE,Federal Contract Tower,0,0,0,0,0,0,5,118,29,152,0,5,118,29,152,278,12,290,442
01/16/2001,IWA,AZ,AWP,WE,Federal Contract Tower,1,0,16,6,23,0,8,25,0,33,1,8,41,6,56,124,0,124,180
01/17/2001,IWA,AZ,AWP,WE,Federal Contract Tower,1,0,11,4,16,3,13,148,2,166,4,13,159,6,182,221,2,223,405
01/18/2001,IWA,AZ,AWP,WE,Federal Contract Tower,1,0,17,7,25,4,24,168,21,217,5,24,185,28,242,247,29,276,518
01/19/2001,IWA,AZ,AWP,WE,Federal Contract Tower,1,0,16,7,24,2,8,139,13,162,3,8,155,20,186,261,20,281,467
01/20/2001,IWA,AZ,AWP,WE,Federal Contract Tower,0,0,10,4,14,0,7,92,11,110,0,7,102,15,124,230,38,268,392
01/21/2001,IWA,AZ,AWP,WE,Federal Contract Tower,0,0,10,3,13,0,6,84,13,103,0,6,94,16,116,226,14,240,356
01/22/2001,IWA,AZ,AWP,WE,Federal Contract Tower,0,0,2,0,2,2,9,117,7,135,2,9,119,7,137,208,40,248,385
01/23/2001,IWA,AZ,AWP,WE,Federal Contract Tower,0,0,8,4,12,6,18,150,4,178,6,18,158,8,190,426,9,435,625
01/24/2001,IWA,AZ,AWP,WE,Federal Contract Tower,0,0,9,4,13,3,22,180,9,214,3,22,189,13,227,396,32,428,655
01/25/2001,IWA,AZ,AWP,WE,Federal Contract Tower,1,0,12,4,17,1,10,216,0,227,2,10,228,4,244,330,10,340,584
01/26/2001,IWA,AZ,AWP,WE,Federal Contract Tower,0,0,8,3,11,6,21,175,1,203,6,21,183,4,214,200,10,210,424
01/27/2001,IWA,AZ,AWP,WE,Federal Contract Tower,0,0,6,2,8,0,7,11,0,18,0,7,17,2,26,28,0,28,54
01/28/2001,IWA,AZ,AWP,WE,Federal Contract Tower,0,0,8,1,9,0,11,54,0,65,0,11,62,1,74,215,12,227,301
01/29/2001,IWA,AZ,AWP,WE,Federal Contract Tower,0,0,5,2,7,3,17,77,1,98,3,17,82,3,105,212,53,265,370
01/30/2001,IWA,AZ,AWP,WE,Federal Contract Tower,0,0,6,1,7,2,9,129,0,140,2,9,135,1,147,293,0,293,440
01/31/2001,IWA,AZ,AWP,WE,Federal Contract Tower,1,0,12,5,18,1,11,178,6,196,2,11,190,11,214,317,20,337,551
02/01/2001,IWA,AZ,AWP,WE,Federal Contract Tower,1,1,4,4,10,2,5,158,0,165,3,6,162,4,175,254,8,262,437
02/02/2001,IWA,AZ,AWP,WE,Federal Contract Tower,3,2,7,13,25,0,15,185,1,201,3,17,192,14,226,285,6,291,517
02/03/2001,IWA,AZ,AWP,WE,Federal Contract Tower,0,1,5,11,17,0,13,163,7,183,0,14,168,18,200,347,67,414,614
02/04/2001,IWA,AZ,AWP,WE,Federal Contract Tower,2,1,3,8,14,0,10,85,3,98,2,11,88,11,112,286,0,286,398
02/05/2001,IWA,AZ,AWP,WE,Federal Contract Tower,0,1,1,3,5,3,7,178,1,189,3,8,179,4,194,374,2,376,570
02/06/2001,IWA,AZ,AWP,WE,Federal Contract Tower,0,1,3,7,11,0,6,158,0,164,0,7,161,7,175,253,34,287,462
02/07/2001,IWA,AZ,AWP,WE,Federal Contract Tower,2,1,3,5,11,2,19,95,1,117,4,20,98,6,128,154,21,175,303
02/08/2001,IWA,AZ,AWP,WE,Federal Contract Tower,3,1,7,6,17,1,5,95,0,101,4,6,102,6,118,218,25,243,361
02/09/2001,IWA,AZ,AWP,WE,Federal Contract Tower,2,1,5,6,14,0,6,157,6,169,2,7,162,12,183,340,17,357,540
02/10/2001,IWA,AZ,AWP,WE,Federal Contract Tower,0,1,7,9,17,0,18,150,9,177,0,19,157,18,194,357,23,380,574
02/11/2001,IWA,AZ,AWP,WE,Federal Contract Tower,0,0,0,0,0,0,4,113,9,126,0,4,113,9,126,282,8,290,416
02/12/2001,IWA,AZ,AWP,WE,Federal Contract Tower,1,1,4,6,12,0,8,136,1,145,1,9,140,7,157,308,11,319,476
02/13/2001,IWA,AZ,AWP,WE,Federal Contract Tower,2,1,3,3,9,2,14,47,5,68,4,15,50,8,77,77,12,89,166
02/14/2001,IWA,AZ,AWP,WE,Federal Contract Tower,2,1,4,3,10,0,4,80,0,84,2,5,84,3,94,123,0,123,217
02/15/2001,IWA,AZ,AWP,WE,Federal Contract Tower,4,1,8,13,26,1,17,157,3,178,5,18,165,16,204,326,28,354,558
02/16/2001,IWA,AZ,AWP,WE,Federal Contract Tower,2,2,14,23,41,0,19,182,21,222,2,21,196,44,263,272,28,300,563
02/17/2001,IWA,AZ,AWP,WE,Federal Contract Tower,0,0,5,8,13,0,16,161,12,189,0,16,166,20,202,332,7,339,541
02/18/2001,IWA,AZ,AWP,WE,Federal Contract Tower,0,0,2,4,6,0,13,94,22,129,0,13,96,26,135,228,27,255,390
02/19/2001,IWA,AZ,AWP,WE,Federal Contract Tower,0,0,3,5,8,0,5,120,7,132,0,5,123,12,140,336,4,340,480
02/20/2001,IWA,AZ,AWP,WE,Federal Contract Tower,2,0,6,8,16,2,9,168,0,179,4,9,174,8,195,295,10,305,500
02/21/2001,IWA,AZ,AWP,WE,Federal Contract Tower,2,0,4,6,12,2,9,171,0,182,4,9,175,6,194,402,7,409,603
02/22/2001,IWA,AZ,AWP,WE,Federal Contract Tower,2,0,5,9,16,5,15,181,3,204,7,15,186,12,220,233,38,271,491
02/23/2001,IWA,AZ,AWP,WE,Federal Contract Tower,1,2,9,15,27,0,5,170,7,182,1,7,179,22,209,247,48,295,504
02/24/2001,IWA,AZ,AWP,WE,Federal Contract Tower,0,2,8,12,22,0,3,127,10,140,0,5,135,22,162,429,52,481,643
02/25/2001,IWA,AZ,AWP,WE,Federal Contract Tower,1,0,3,5,9,0,13,82,4,99,1,13,85,9,108,227,0,227,335
02/26/2001,IWA,AZ,AWP,WE,Federal Contract Tower,1,0,4,5,10,4,11,130,0,145,5,11,134,5,155,346,25,371,526
02/27/2001,IWA,AZ,AWP,WE,Federal Contract Tower,2,0,4,4,10,0,11,179,0,190,2,11,183,4,200,563,8,571,771
02/28/2001,IWA,AZ,AWP,WE,Federal Contract Tower,2,0,6,3,11,3,13,94,0,110,5,13,100,3,121,576,11,587,708
03/01/2001,IWA,AZ,AWP,WE,Federal Contract Tower,3,0,8,13,24,0,10,208,2,220,3,10,216,15,244,653,78,731,975
03/02/2001,IWA,AZ,AWP,WE,Federal Contract Tower,4,1,12,19,36,0,16,133,7,156,4,17,145,26,192,271,41,312,504
03/03/2001,IWA,AZ,AWP,WE,Federal Contract Tower,0,1,7,11,19,0,8,154,7,169,0,9,161,18,188,292,16,308,496
03/04/2001,IWA,AZ,AWP,WE,Federal Contract Tower,0,1,1,0,2,0,7,179,0,186,0,8,180,0,188,179,13,192,380
03/05/2001,IWA,AZ,AWP,WE,Federal Contract Tower,2,1,5,4,12,0,16,100,0,116,2,17,105,4,128,267,6,273,401
03/06/2001,IWA,AZ,AWP,WE,Federal Contract Tower,3,2,9,12,26,0,5,99,0,104,3,7,108,12,130,281,42,323,453
03/07/2001,IWA,AZ,AWP,WE,Federal Contract Tower,3,2,14,4,23,0,6,43,0,49,3,8,57,4,72,85,50,135,207
03/08/2001,IWA,AZ,AWP,WE,Federal Contract Tower,3,2,13,9,27,0,4,122,0,126,3,6,135,9,153,322,0,322,475
03/09/2001,IWA,AZ,AWP,WE,Federal Contract Tower,2,2,14,19,37,0,6,144,30,180,2,8,158,49,217,451,41,492,709
03/10/2001,IWA,AZ,AWP,WE,Federal Contract Tower,0,1,2,0,3,0,23,93,0,116,0,24,95,0,119,107,0,107,226
03/11/2001,IWA,AZ,AWP,WE,Federal Contract Tower,0,1,3,2,6,0,15,56,12,83,0,16,59,14,89,160,0,160,249
03/12/2001,IWA,AZ,AWP,WE,Federal Contract Tower,2,1,5,6,14,1,21,145,4,171,3,22,150,10,185,358,16,374,559
03/13/2001,IWA,AZ,AWP,WE,Federal Contract Tower,2,1,4,5,12,1,16,166,5,188,3,17,170,10,200,285,24,309,509
03/14/2001,IWA,AZ,AWP,WE,Federal Contract Tower,3,1,8,11,23,0,28,117,43,188,3,29,125,54,211,294,29,323,534
03/15/2001,IWA,AZ,AWP,WE,Federal Contract Tower,2,1,8,10,21,1,11,103,24,139,3,12,111,34,160,142,40,182,342
03/16/2001,IWA,AZ,AWP,WE,Federal Contract Tower,2,2,9,13,26,0,16,56,28,100,2,18,65,41,126,75,18,93,219
03/17/2001,IWA,AZ,AWP,WE,Federal Contract Tower,0,1,0,0,1,0,10,47,1,58,0,11,47,1,59,37,4,41,100
03/18/2001,IWA,AZ,AWP,WE,Federal Contract Tower,0,1,1,2,4,0,7,62,9,78,0,8,63,11,82,5,0,5,87
03/19/2001,IWA,AZ,AWP,WE,Federal Contract Tower,0,0,0,2,2,0,18,116,21,155,0,18,116,23,157,311,14,325,482
03/20/2001,IWA,AZ,AWP,WE,Federal Contract Tower,1,0,5,8,14,2,13,173,4,192,3,13,178,12,206,349,6,355,561
03/21/2001,IWA,AZ,AWP,WE,Federal Contract Tower,3,1,8,14,26,0,8,170,24,202,3,9,178,38,228,540,50,590,818
03/22/2001,IWA,AZ,AWP,WE,Federal Contract Tower,2,0,7,11,20,4,8,144,19,175,6,8,151,30,195,694,30,724,919
03/23/2001,IWA,AZ,AWP,WE,Federal Contract Tower,3,0,9,13,25,0,9,162,13,184,3,9,171,26,209,538,11,549,758
03/24/2001,IWA,AZ,AWP,WE,Federal Contract Tower,0,0,8,9,17,0,8,86,0,94,0,8,94,9,111,298,33,331,442
03/25/2001,IWA,AZ,AWP,WE,Federal Contract Tower,2,0,8,11,21,0,7,56,16,79,2,7,64,27,100,164,0,164,264
03/26/2001,IWA,AZ,AWP,WE,Federal Contract Tower,1,0,3,5,9,1,12,104,2,119,2,12,107,7,128,633,10,643,771
03/27/2001,IWA,AZ,AWP,WE,Federal Contract Tower,1,0,3,6,10,2,32,152,2,188,3,32,155,8,198,724,21,745,943
03/28/2001,IWA,AZ,AWP,WE,Federal Contract Tower,1,0,5,1,7,0,13,156,0,169,1,13,161,1,176,664,0,664,840
03/29/2001,IWA,AZ,AWP,WE,Federal Contract Tower,2,0,6,8,16,9,6,145,0,160,11,6,151,8,176,542,22,564,740
03/30/2001,IWA,AZ,AWP,WE,Federal Contract Tower,3,0,8,12,23,0,10,155,8,173,3,10,163,20,196,431,23,454,650
03/31/2001,IWA,AZ,AWP,WE,Federal Contract Tower,2,0,6,10,18,0,18,140,4,162,2,18,146,14,180,352,18,370,550
04/01/2001,IWA,AZ,AWP,WE,Federal Contract Tower,0,0,2,6,8,0,8,84,10,102,0,8,86,16,110,205,0,205,315
04/02/2001,IWA,AZ,AWP,WE,Federal Contract Tower,2,2,2,1,7,1,13,117,0,131,3,15,119,1,138,334,0,334,472
04/03/2001,IWA,AZ,AWP,WE,Federal Contract Tower,2,3,0,8,13,0,6,146,0,152,2,9,146,8,165,260,6,266,431
04/04/2001,IWA,AZ,AWP,WE,Federal Contract Tower,4,2,10,11,27,0,10,196,1,207,4,12,206,12,234,348,8,356,590
04/05/2001,IWA,AZ,AWP,WE,Federal Contract Tower,3,3,12,4,22,0,5,100,10,115,3,8,112,14,137,218,4,222,359
04/06/2001,IWA,AZ,AWP,WE,Federal Contract Tower,2,0,20,13,35,2,11,44,0,57,4,11,64,13,92,231,0,231,323
04/07/2001,IWA,AZ,AWP,WE,Federal Contract Tower,1,0,3,8,12,11,22,113,19,165,12,22,116,27,177,281,7,288,465
04/08/2001,IWA,AZ,AWP,WE,Federal Contract Tower,0,0,5,14,19,10,13,62,1,86,10,13,67,15,105,205,20,225,330
04/09/2001,IWA,AZ,AWP,WE,Federal Contract Tower,4,3,2,15,24,0,5,133,0,138,4,8,135,15,162,467,8,475,637
04/10/2001,IWA,AZ,AWP,WE,Federal Contract Tower,2,0,5,0,7,0,8,52,0,60,2,8,57,0,67,75,0,75,142
04/11/2001,IWA,AZ,AWP,WE,Federal Contract Tower,4,1,6,6,17,1,9,187,4,201,5,10,193,10,218,303,14,317,535
04/12/2001,IWA,AZ,AWP,WE,Federal Contract Tower,4,0,11,5,20,0,13,202,4,219,4,13,213,9,239,373,0,373,612
04/13/2001,IWA,AZ,AWP,WE,Federal Contract Tower,2,0,10,6,18,1,11,191,5,208,3,11,201,11,226,396,21,417,643
04/14/2001,IWA,AZ,AWP,WE,Federal Contract Tower,0,0,5,1,6,0,7,136,0,143,0,7,141,1,149,342,0,342,491
04/15/2001,IWA,AZ,AWP,WE,Federal Contract Tower,0,0,3,4,7,0,8,40,0,48,0,8,43,4,55,88,12,100,155
04/16/2001,IWA,AZ,AWP,WE,Federal Contract Tower,1,0,5,4,10,1,11,126,0,138,2,11,131,4,148,300,23,323,471
04/17/2001,IWA,AZ,AWP,WE,Federal Contract Tower,3,3,10,2,18,0,9,176,4,189,3,12,186,6,207,422,0,422,629
04/18/2001,IWA,AZ,AWP,WE,Federal Contract Tower,5,4,3,2,14,0,11,166,1,178,5,15,169,3,192,333,5,338,530
04/19/2001,IWA,AZ,AWP,WE,Federal Contract Tower,3,4,9,10,26,0,11,155,13,179,3,15,164,23,205,298,0,298,503
04/20/2001,IWA,AZ,AWP,WE,Federal Contract Tower,7,0,5,15,27,8,10,160,14,192,15,10,165,29,219,325,19,344,563
04/21/2001,IWA,AZ,AWP,WE,Federal Contract Tower,0,1,11,2,14,1,16,79,1,97,1,17,90,3,111,267,0,267,378
04/22/2001,IWA,AZ,AWP,WE,Federal Contract Tower,0,2,11,13,26,0,14,108,10,132,0,16,119,23,158,209,17,226,384
04/23/2001,IWA,AZ,AWP,WE,Federal Contract Tower,3,4,3,2,12,2,8,195,1,206,5,12,198,3,218,396,13,409,627
04/24/2001,IWA,AZ,AWP,WE,Federal Contract Tower,3,1,4,6,14,0,6,138,0,144,3,7,142,6,158,389,2,391,549
04/25/2001,IWA,AZ,AWP,WE,Federal Contract Tower,3,0,1,5,9,2,33,138,48,221,5,33,139,53,230,192,6,198,428
04/26/2001,IWA,AZ,AWP,WE,Federal Contract Tower,3,1,8,4,16,0,10,140,12,162,3,11,148,16,178,314,27,341,519
04/27/2001,IWA,AZ,AWP,WE,Federal Contract Tower,1,1,9,5,16,0,18,147,9,174,1,19,156,14,190,326,0,326,516
04/28/2001,IWA,AZ,AWP,WE,Federal Contract Tower,0,0,6,13,19,0,15,109,4,128,0,15,115,17,147,288,34,322,469
04/29/2001,IWA,AZ,AWP,WE,Federal Contract Tower,0,0,4,7,11,0,8,79,6,93,0,8,83,13,104,130,2,132,236
04/30/2001,IWA,AZ,AWP,WE,Federal Contract Tower,0,0,2,2,4,3,18,132,3,156,3,18,134,5,160,332,3,335,495
05/01/2001,IWA,AZ,AWP,WE,Federal Contract Tower,2,0,1,1,4,0,14,172,0,186,2,14,173,1,190,309,8,317,507
05/02/2001,IWA,AZ,AWP,WE,Federal Contract Tower,4,2,1,6,13,0,11,203,3,217,4,13,204,9,230,244,6,250,480
05/03/2001,IWA,AZ,AWP,WE,Federal Contract Tower,2,3,3,15,23,1,22,107,8,138,3,25,110,23,161,352,30,382,543
05/04/2001,IWA,AZ,AWP,WE,Federal Contract Tower,4,3,1,18,26,0,12,157,17,186,4,15,158,35,212,424,1,425,637
05/05/2001,IWA,AZ,AWP,WE,Federal Contract Tower,2,0,4,0,6,0,3,105,2,110,2,3,109,2,116,277,2,279,395
05/06/2001,IWA,AZ,AWP,WE,Federal Contract Tower,0,0,3,4,7,0,9,62,0,71,0,9,65,4,78,262,0,262,340
05/07/2001,IWA,AZ,AWP,WE,Federal Contract Tower,3,2,3,7,15,0,10,281,0,291,3,12,284,7,306,414,13,427,733
05/08/2001,IWA,AZ,AWP,WE,Federal Contract Tower,3,0,3,2,8,0,4,128,0,132,3,4,131,2,140,281,0,281,421
05/09/2001,IWA,AZ,AWP,WE,Federal Contract Tower,4,1,6,1,12,10,14,129,0,153,14,15,135,1,165,462,16,478,643
05/10/2001,IWA,AZ,AWP,WE,Federal Contract Tower,4,6,4,2,16,0,15,101,0,116,4,21,105,2,132,284,0,284,416
05/11/2001,IWA,AZ,AWP,WE,Federal Contract Tower,4,2,5,3,14,0,15,127,0,142,4,17,132,3,156,249,16,265,421
05/12/2001,IWA,AZ,AWP,WE,Federal Contract Tower,0,1,2,4,7,0,11,94,2,107,0,12,96,6,114,120,0,120,234
05/13/2001,IWA,AZ,AWP,WE,Federal Contract Tower,0,2,6,5,13,0,10,64,1,75,0,12,70,6,88,87,0,87,175
05/14/2001,IWA,AZ,AWP,WE,Federal Contract Tower,3,2,1,6,12,0,9,117,0,126,3,11,118,6,138,296,2,298,436
05/15/2001,IWA,AZ,AWP,WE,Federal Contract Tower,3,3,4,2,12,2,15,161,1,179,5,18,165,3,191,289,0,289,480
05/16/2001,IWA,AZ,AWP,WE,Federal Contract Tower,3,2,5,2,12,0,5,107,1,113,3,7,112,3,125,296,17,313,438
05/17/2001,IWA,AZ,AWP,WE,Federal Contract Tower,5,3,3,9,20,0,5,129,6,140,5,8,132,15,160,433,29,462,622
05/18/2001,IWA,AZ,AWP,WE,Federal Contract Tower,4,2,7,7,20,0,8,82,0,90,4,10,89,7,110,165,30,195,305
05/19/2001,IWA,AZ,AWP,WE,Federal Contract Tower,0,1,2,12,15,0,7,130,2,139,0,8,132,14,154,179,28,207,361
05/20/2001,IWA,AZ,AWP,WE,Federal Contract Tower,0,1,3,6,10,0,5,76,1,82,0,6,79,7,92,214,0,214,306
05/21/2001,IWA,AZ,AWP,WE,Federal Contract Tower,3,16,2,4,25,0,8,143,0,151,3,24,145,4,176,325,4,329,505
05/22/2001,IWA,AZ,AWP,WE,Federal Contract Tower,3,0,1,6,10,0,10,172,0,182,3,10,173,6,192,295,45,340,532
05/23/2001,IWA,AZ,AWP,WE,Federal Contract Tower,4,1,4,0,9,9,17,146,3,175,13,18,150,3,184,344,15,359,543
05/24/2001,IWA,AZ,AWP,WE,Federal Contract Tower,4,0,2,4,10,0,17,153,14,184,4,17,155,18,194,346,3,349,543
05/25/2001,IWA,AZ,AWP,WE,Federal Contract Tower,4,0,1,35,40,0,21,130,6,157,4,21,131,41,197,402,20,422,619
05/26/2001,IWA,AZ,AWP,WE,Federal Contract Tower,0,0,5,11,16,0,18,100,5,123,0,18,105,16,139,285,8,293,432
05/27/2001,IWA,AZ,AWP,WE,Federal Contract Tower,0,1,5,3,9,0,5,60,2,67,0,6,65,5,76,180,7,187,263
05/28/2001,IWA,AZ,AWP,WE,Federal Contract Tower,2,0,3,9,14,0,12,76,0,88,2,12,79,9,102,112,0,112,214
05/29/2001,IWA,AZ,AWP,WE,Federal Contract Tower,3,2,3,5,13,0,10,178,1,189,3,12,181,6,202,299,2,301,503
05/30/2001,IWA,AZ,AWP,WE,Federal Contract Tower,4,6,5,6,21,0,18,126,7,151,4,24,131,13,172,242,2,244,416
05/31/2001,IWA,AZ,AWP,WE,Federal Contract Tower,3,5,7,6,21,3,18,134,5,160,6,23,141,11,181,265,11,276,457
06/01/2001,IWA,AZ,AWP,WE,Federal Contract Tower,4,0,5,18,27,1,11,97,0,109,5,11,102,18,136,347,37,384,520
06/02/2001,IWA,AZ,AWP,WE,Federal Contract Tower,0,0,3,4,7,0,10,98,5,113,0,10,101,9,120,209,0,209,329
06/03/2001,IWA,AZ,AWP,WE,Federal Contract Tower,0,0,4,9,13,0,10,38,12,60,0,10,42,21,73,138,10,148,221
06/04/2001,IWA,AZ,AWP,WE,Federal Contract Tower,3,4,4,2,13,1,9,123,0,133,4,13,127,2,146,393,0,393,539
06/05/2001,IWA,AZ,AWP,WE,Federal Contract Tower,3,3,7,7,20,0,13,123,0,136,3,16,130,7,156,428,15,443,599
06/06/2001,IWA,AZ,AWP,WE,Federal Contract Tower,3,1,0,4,8,0,11,138,22,171,3,12,138,26,179,448,0,448,627
06/07/2001,IWA,AZ,AWP,WE,Federal Contract Tower,4,2,4,0,10,1,8,141,3,153,5,10,145,3,163,437,20,457,620
06/08/2001,IWA,AZ,AWP,WE,Federal Contract Tower,2,0,3,14,19,0,10,112,14,136,2,10,115,28,155,278,18,296,451
06/09/2001,IWA,AZ,AWP,WE,Federal Contract Tower,0,0,2,3,5,0,36,74,0,110,0,36,76,3,115,205,0,205,320
06/10/2001,IWA,AZ,AWP,WE,Federal Contract Tower,0,2,5,11,18,0,12,54,0,66,0,14,59,11,84,165,13,178,262
06/11/2001,IWA,AZ,AWP,WE,Federal Contract Tower,6,0,4,6,16,0,11,150,8,169,6,11,154,14,185,257,10,267,452
06/12/2001,IWA,AZ,AWP,WE,Federal Contract Tower,4,1,10,14,29,0,7,121,3,131,4,8,131,17,160,330,8,338,498
06/13/2001,IWA,AZ,AWP,WE,Federal Contract Tower,3,1,4,1,9,1,11,116,5,133,4,12,120,6,142,264,5,269,411
06/14/2001,IWA,AZ,AWP,WE,Federal Contract Tower,2,4,8,13,27,0,7,158,3,168,2,11,166,16,195,372,16,388,583
06/15/2001,IWA,AZ,AWP,WE,Federal Contract Tower,3,1,4,21,29,0,10,113,0,123,3,11,117,21,152,349,48,397,549
06/16/2001,IWA,AZ,AWP,WE,Federal Contract Tower,0,1,7,8,16,0,9,78,0,87,0,10,85,8,103,164,32,196,299
06/17/2001,IWA,AZ,AWP,WE,Federal Contract Tower,0,2,11,11,24,0,13,69,5,87,0,15,80,16,111,148,6,154,265
06/18/2001,IWA,AZ,AWP,WE,Federal Contract Tower,3,0,6,10,19,0,10,146,0,156,3,10,152,10,175,249,3,252,427
06/19/2001,IWA,AZ,AWP,WE,Federal Contract Tower,3,0,3,4,10,0,7,141,0,148,3,7,144,4,158,278,8,286,444
06/20/2001,IWA,AZ,AWP,WE,Federal Contract Tower,3,2,5,5,15,1,11,113,2,127,4,13,118,7,142,335,0,335,477
06/21/2001,IWA,AZ,AWP,WE,Federal Contract Tower,3,0,2,9,14,0,13,133,2,148,3,13,135,11,162,337,8,345,507
06/22/2001,IWA,AZ,AWP,WE,Federal Contract Tower,4,1,6,27,38,0,15,133,8,156,4,16,139,35,194,308,21,329,523
06/23/2001,IWA,AZ,AWP,WE,Federal Contract Tower,0,1,3,2,6,0,14,71,5,90,0,15,74,7,96,154,8,162,258
06/24/2001,IWA,AZ,AWP,WE,Federal Contract Tower,0,1,5,21,27,0,23,74,11,108,0,24,79,32,135,136,17,153,288
06/25/2001,IWA,AZ,AWP,WE,Federal Contract Tower,4,2,5,7,18,0,11,114,1,126,4,13,119,8,144,201,29,230,374
06/26/2001,IWA,AZ,AWP,WE,Federal Contract Tower,4,1,9,1,15,1,14,133,2,150,5,15,142,3,165,241,0,241,406
06/27/2001,IWA,AZ,AWP,WE,Federal Contract Tower,3,1,4,6,14,0,5,150,0,155,3,6,154,6,169,241,0,241,410
06/28/2001,IWA,AZ,AWP,WE,Federal Contract Tower,3,1,3,3,10,0,11,128,1,140,3,12,131,4,150,351,2,353,503
06/29/2001,IWA,AZ,AWP,WE,Federal Contract Tower,4,4,3,21,32,0,9,112,13,134,4,13,115,34,166,254,49,303,469
06/30/2001,IWA,AZ,AWP,WE,Federal Contract Tower,0,2,0,11,13,0,8,88,0,96,0,10,88,11,109,165,17,182,291
07/01/2001,IWA,AZ,AWP,WE,Federal Contract Tower,0,1,0,11,12,0,10,48,0,58,0,11,48,11,70,34,2,36,106
07/02/2001,IWA,AZ,AWP,WE,Federal Contract Tower,3,1,3,5,12,0,10,113,1,124,3,11,116,6,136,118,0,118,254
07/03/2001,IWA,AZ,AWP,WE,Federal Contract Tower,3,0,11,2,16,0,9,132,0,141,3,9,143,2,157,175,0,175,332
07/04/2001,IWA,AZ,AWP,WE,Federal Contract Tower,0,0,5,0,5,0,9,54,2,65,0,9,59,2,70,130,2,132,202
07/05/2001,IWA,AZ,AWP,WE,Federal Contract Tower,3,0,1,0,4,0,6,80,0,86,3,6,81,0,90,215,0,215,305
07/06/2001,IWA,AZ,AWP,WE,Federal Contract Tower,1,0,4,22,27,1,11,105,10,127,2,11,109,32,154,174,0,174,328
07/07/2001,IWA,AZ,AWP,WE,Federal Contract Tower,0,1,5,5,11,0,10,106,4,120,0,11,111,9,131,193,33,226,357
07/08/2001,IWA,AZ,AWP,WE,Federal Contract Tower,0,0,7,10,17,0,11,64,0,75,0,11,71,10,92,124,6,130,222
07/09/2001,IWA,AZ,AWP,WE,Federal Contract Tower,3,0,4,3,10,0,18,137,4,159,3,18,141,7,169,370,0,370,539
07/10/2001,IWA,AZ,AWP,WE,Federal Contract Tower,2,0,3,2,7,0,8,116,0,124,2,8,119,2,131,450,6,456,587
07/11/2001,IWA,AZ,AWP,WE,Federal Contract Tower,3,0,5,0,8,0,15,119,5,139,3,15,124,5,147,412,8,420,567
07/12/2001,IWA,AZ,AWP,WE,Federal Contract Tower,3,3,2,2,10,0,9,160,6,175,3,12,162,8,185,406,19,425,610
07/13/2001,IWA,AZ,AWP,WE,Federal Contract Tower,4,0,1,8,13,0,58,140,14,212,4,58,141,22,225,333,4,337,562
07/14/2001,IWA,AZ,AWP,WE,Federal Contract Tower,0,3,3,2,8,0,12,84,5,101,0,15,87,7,109,245,8,253,362
07/15/2001,IWA,AZ,AWP,WE,Federal Contract Tower,0,0,1,11,12,0,5,60,0,65,0,5,61,11,77,315,10,325,402
07/16/2001,IWA,AZ,AWP,WE,Federal Contract Tower,3,1,1,7,12,0,8,110,7,125,3,9,111,14,137,320,33,353,490
07/17/2001,IWA,AZ,AWP,WE,Federal Contract Tower,3,2,3,2,10,0,12,133,1,146,3,14,136,3,156,407,6,413,569
07/18/2001,IWA,AZ,AWP,WE,Federal Contract Tower,5,4,4,2,15,0,13,147,4,164,5,17,151,6,179,459,19,478,657
07/19/2001,IWA,AZ,AWP,WE,Federal Contract Tower,3,1,3,2,9,0,6,130,5,141,3,7,133,7,150,407,8,415,565
07/20/2001,IWA,AZ,AWP,WE,Federal Contract Tower,3,1,5,9,18,0,14,143,8,165,3,15,148,17,183,356,8,364,547
07/21/2001,IWA,AZ,AWP,WE,Federal Contract Tower,0,0,2,0,2,0,13,76,0,89,0,13,78,0,91,288,0,288,379
07/22/2001,IWA,AZ,AWP,WE,Federal Contract Tower,0,0,0,21,21,0,7,88,2,97,0,7,88,23,118,145,7,152,270
07/23/2001,IWA,AZ,AWP,WE,Federal Contract Tower,3,0,9,5,17,0,8,161,3,172,3,8,170,8,189,478,0,478,667
07/24/2001,IWA,AZ,AWP,WE,Federal Contract Tower,3,1,6,2,12,0,7,126,12,145,3,8,132,14,157,387,44,431,588
07/25/2001,IWA,AZ,AWP,WE,Federal Contract Tower,0,0,0,0,0,3,2,165,9,179,3,2,165,9,179,326,0,326,505
07/26/2001,IWA,AZ,AWP,WE,Federal Contract Tower,3,0,3,6,12,0,10,173,2,185,3,10,176,8,197,422,7,429,626
07/27/2001,IWA,AZ,AWP,WE,Federal Contract Tower,6,1,6,25,38,0,5,186,24,215,6,6,192,49,253,371,46,417,670
07/28/2001,IWA,AZ,AWP,WE,Federal Contract Tower,3,0,1,4,8,0,12,75,2,89,3,12,76,6,97,292,11,303,400
07/29/2001,IWA,AZ,AWP,WE,Federal Contract Tower,0,1,0,17,18,0,18,97,17,132,0,19,97,34,150,120,3,123,273
07/30/2001,IWA,AZ,AWP,WE,Federal Contract Tower,3,0,4,0,7,1,31,93,20,145,4,31,97,20,152,462,0,462,614
07/31/2001,IWA,AZ,AWP,WE,Federal Contract Tower,3,0,15,3,21,0,19,126,0,145,3,19,141,3,166,476,0,476,642
08/01/2001,IWA,AZ,AWP,WE,Federal Contract Tower,3,1,4,1,9,0,12,126,0,138,3,13,130,1,147,322,0,322,469
08/02/2001,IWA,AZ,AWP,WE,Federal Contract Tower,3,1,1,5,10,0,31,139,0,170,3,32,140,5,180,246,10,256,436
08/03/2001,IWA,AZ,AWP,WE,Federal Contract Tower,3,0,6,13,22,1,21,145,4,171,4,21,151,17,193,256,0,256,449
08/04/2001,IWA,AZ,AWP,WE,Federal Contract Tower,2,0,4,0,6,0,10,82,2,94,2,10,86,2,100,208,0,208,308
08/05/2001,IWA,AZ,AWP,WE,Federal Contract Tower,0,0,2,10,12,0,23,61,0,84,0,23,63,10,96,94,2,96,192
08/06/2001,IWA,AZ,AWP,WE,Federal Contract Tower,2,0,2,8,12,1,23,156,0,180,3,23,158,8,192,195,16,211,403
08/07/2001,IWA,AZ,AWP,WE,Federal Contract Tower,3,0,3,6,12,0,6,99,3,108,3,6,102,9,120,260,15,275,395
08/08/2001,IWA,AZ,AWP,WE,Federal Contract Tower,3,1,2,5,11,0,13,132,0,145,3,14,134,5,156,400,4,404,560
08/09/2001,IWA,AZ,AWP,WE,Federal Contract Tower,2,1,2,14,19,0,12,142,3,157,2,13,144,17,176,314,2,316,492
08/10/2001,IWA,AZ,AWP,WE,Federal Contract Tower,3,0,3,16,22,0,18,20,86,124,3,18,23,102,146,229,11,240,386
08/11/2001,IWA,AZ,AWP,WE,Federal Contract Tower,0,1,2,3,6,0,15,69,7,91,0,16,71,10,97,225,0,225,322
08/12/2001,IWA,AZ,AWP,WE,Federal Contract Tower,0,0,9,17,26,0,19,99,3,121,0,19,108,20,147,120,15,135,282
08/13/2001,IWA,AZ,AWP,WE,Federal Contract Tower,3,0,3,13,19,0,10,130,2,142,3,10,133,15,161,185,10,195,356
08/14/2001,IWA,AZ,AWP,WE,Federal Contract Tower,3,0,7,6,16,1,10,122,0,133,4,10,129,6,149,265,2,267,416
08/15/2001,IWA,AZ,AWP,WE,Federal Contract Tower,3,0,2,3,8,1,6,156,6,169,4,6,158,9,177,331,14,345,522
08/16/2001,IWA,AZ,AWP,WE,Federal Contract Tower,3,1,5,7,16,0,8,140,2,150,3,9,145,9,166,254,3,257,423
08/17/2001,IWA,AZ,AWP,WE,Federal Contract Tower,4,0,6,13,23,0,29,154,0,183,4,29,160,13,206,266,8,274,480
08/18/2001,IWA,AZ,AWP,WE,Federal Contract Tower,0,1,4,1,6,0,14,92,0,106,0,15,96,1,112,277,0,277,389
08/19/2001,IWA,AZ,AWP,WE,Federal Contract Tower,2,0,5,10,17,2,9,97,0,108,4,9,102,10,125,188,15,203,328
08/20/2001,IWA,AZ,AWP,WE,Federal Contract Tower,3,0,5,12,20,0,23,158,0,181,3,23,163,12,201,223,3,226,427
08/21/2001,IWA,AZ,AWP,WE,Federal Contract Tower,3,5,6,1,15,0,12,141,8,161,3,17,147,9,176,275,4,279,455
08/22/2001,IWA,AZ,AWP,WE,Federal Contract Tower,3,0,7,2,12,0,10,195,4,209,3,10,202,6,221,304,0,304,525
08/23/2001,IWA,AZ,AWP,WE,Federal Contract Tower,3,1,6,9,19,0,13,159,2,174,3,14,165,11,193,362,4,366,559
08/24/2001,IWA,AZ,AWP,WE,Federal Contract Tower,4,0,4,9,17,0,22,155,7,184,4,22,159,16,201,246,20,266,467
08/25/2001,IWA,AZ,AWP,WE,Federal Contract Tower,0,0,1,6,7,0,15,141,5,161,0,15,142,11,168,326,1,327,495
08/26/2001,IWA,AZ,AWP,WE,Federal Contract Tower,0,0,3,5,8,0,1,79,2,82,0,1,82,7,90,246,8,254,344
08/27/2001,IWA,AZ,AWP,WE,Federal Contract Tower,3,0,5,6,14,0,10,127,2,139,3,10,132,8,153,268,15,283,436
08/28/2001,IWA,AZ,AWP,WE,Federal Contract Tower,3,0,2,5,10,0,17,161,0,178,3,17,163,5,188,230,25,255,443
08/29/2001,IWA,AZ,AWP,WE,Federal Contract Tower,3,2,5,5,15,0,10,203,0,213,3,12,208,5,228,251,14,265,493
08/30/2001,IWA,AZ,AWP,WE,Federal Contract Tower,3,1,4,2,10,0,12,198,8,218,3,13,202,10,228,269,10,279,507
08/31/2001,IWA,AZ,AWP,WE,Federal Contract Tower,4,1,1,6,12,0,17,174,4,195,4,18,175,10,207,278,8,286,493
09/01/2001,IWA,AZ,AWP,WE,Federal Contract Tower,0,0,3,4,7,0,30,108,0,138,0,30,111,4,145,191,3,194,339
09/02/2001,IWA,AZ,AWP,WE,Federal Contract Tower,0,0,2,7,9,0,33,90,0,123,0,33,92,7,132,165,0,165,297
09/03/2001,IWA,AZ,AWP,WE,Federal Contract Tower,0,0,2,5,7,0,10,146,0,156,0,10,148,5,163,258,0,258,421
09/04/2001,IWA,AZ,AWP,WE,Federal Contract Tower,3,0,0,6,9,0,13,160,0,173,3,13,160,6,182,321,8,329,511
09/05/2001,IWA,AZ,AWP,WE,Federal Contract Tower,3,1,4,7,15,2,13,172,0,187,5,14,176,7,202,292,6,298,500
09/06/2001,IWA,AZ,AWP,WE,Federal Contract Tower,3,4,13,6,26,0,9,189,9,207,3,13,202,15,233,420,8,428,661
09/07/2001,IWA,AZ,AWP,WE,Federal Contract Tower,3,1,10,23,37,0,19,197,2,218,3,20,207,25,255,371,15,386,641
09/08/2001,IWA,AZ,AWP,WE,Federal Contract Tower,0,0,12,10,22,0,19,180,0,199,0,19,192,10,221,301,0,301,522
09/09/2001,IWA,AZ,AWP,WE,Federal Contract Tower,0,0,7,6,13,0,13,100,0,113,0,13,107,6,126,242,16,258,384
09/10/2001,IWA,AZ,AWP,WE,Federal Contract Tower,2,0,4,10,16,0,19,130,6,155,2,19,134,16,171,316,21,337,508
09/11/2001,IWA,AZ,AWP,WE,Federal Contract Tower,2,0,0,0,2,0,8,15,0,23,2,8,15,0,25,2,0,2,27
09/12/2001,IWA,AZ,AWP,WE,Federal Contract Tower,1,5,0,0,6,0,1,0,0,1,1,6,0,0,7,0,0,0,7
09/13/2001,IWA,AZ,AWP,WE,Federal Contract Tower,1,8,0,1,10,0,2,0,0,2,1,10,0,1,12,0,0,0,12
09/14/2001,IWA,AZ,AWP,WE,Federal Contract Tower,0,5,4,4,13,0,12,0,0,12,0,17,4,4,25,0,0,0,25
09/15/2001,IWA,AZ,AWP,WE,Federal Contract Tower,0,2,9,2,13,0,8,0,0,8,0,10,9,2,21,0,0,0,21
09/16/2001,IWA,AZ,AWP,WE,Federal Contract Tower,0,6,6,1,13,0,6,0,0,6,0,12,6,1,19,0,0,0,19
09/17/2001,IWA,AZ,AWP,WE,Federal Contract Tower,3,4,29,6,42,0,9,0,0,9,3,13,29,6,51,0,17,17,68
09/18/2001,IWA,AZ,AWP,WE,Federal Contract Tower,0,6,26,10,42,4,10,0,2,16,4,16,26,12,58,11,15,26,84
09/19/2001,IWA,AZ,AWP,WE,Federal Contract Tower,3,6,29,10,48,0,3,7,6,16,3,9,36,16,64,2,17,19,83
09/20/2001,IWA,AZ,AWP,WE,Federal Contract Tower,3,2,22,10,37,0,9,0,9,18,3,11,22,19,55,10,5,15,70
09/21/2001,IWA,AZ,AWP,WE,Federal Contract Tower,4,2,18,27,51,0,8,4,2,14,4,10,22,29,65,0,20,20,85
09/22/2001,IWA,AZ,AWP,WE,Federal Contract Tower,2,0,14,3,19,0,14,70,6,90,2,14,84,9,109,106,0,106,215
09/23/2001,IWA,AZ,AWP,WE,Federal Contract Tower,1,2,19,11,33,0,3,17,1,21,1,5,36,12,54,83,1,84,138
09/24/2001,IWA,AZ,AWP,WE,Federal Contract Tower,5,2,14,6,27,1,8,88,0,97,6,10,102,6,124,172,8,180,304
09/25/2001,IWA,AZ,AWP,WE,Federal Contract Tower,3,9,7,5,24,0,11,126,2,139,3,20,133,7,163,282,6,288,451
09/26/2001,IWA,AZ,AWP,WE,Federal Contract Tower,3,2,17,2,24,0,11,94,3,108,3,13,111,5,132,190,2,192,324
09/27/2001,IWA,AZ,AWP,WE,Federal Contract Tower,4,1,38,18,61,0,7,69,20,96,4,8,107,38,157,271,40,311,468
09/28/2001,IWA,AZ,AWP,WE,Federal Contract Tower,4,1,16,7,28,0,14,80,5,99,4,15,96,12,127,205,0,205,332
09/29/2001,IWA,AZ,AWP,WE,Federal Contract Tower,0,0,6,3,9,0,7,90,0,97,0,7,96,3,106,197,0,197,303
09/30/2001,IWA,AZ,AWP,WE,Federal Contract Tower,0,1,7,4,12,0,12,29,9,50,0,13,36,13,62,48,0,48,110
10/01/2001,IWA,AZ,AWP,WE,Federal Contract Tower,3,0,9,0,12,0,7,107,0,114,3,7,116,0,126,215,0,215,341
10/02/2001,IWA,AZ,AWP,WE,Federal Contract Tower,3,7,11,7,28,0,7,133,1,141,3,14,144,8,169,291,8,299,468
10/03/2001,IWA,AZ,AWP,WE,Federal Contract Tower,3,8,14,11,36,0,14,134,9,157,3,22,148,20,193,184,55,239,432
10/04/2001,IWA,AZ,AWP,WE,Federal Contract Tower,3,6,7,13,29,0,12,197,3,212,3,18,204,16,241,335,30,365,606
10/05/2001,IWA,AZ,AWP,WE,Federal Contract Tower,5,0,9,19,33,0,10,182,2,194,5,10,191,21,227,331,27,358,585
10/06/2001,IWA,AZ,AWP,WE,Federal Contract Tower,0,0,3,4,7,0,13,98,1,112,0,13,101,5,119,158,26,184,303
10/07/2001,IWA,AZ,AWP,WE,Federal Contract Tower,0,0,6,13,19,0,12,23,0,35,0,12,29,13,54,61,5,66,120
10/08/2001,IWA,AZ,AWP,WE,Federal Contract Tower,0,2,8,0,10,0,3,141,2,146,0,5,149,2,156,287,0,287,443
10/09/2001,IWA,AZ,AWP,WE,Federal Contract Tower,5,4,21,7,37,0,9,147,0,156,5,13,168,7,193,385,15,400,593
10/10/2001,IWA,AZ,AWP,WE,Federal Contract Tower,3,4,9,3,19,0,11,191,0,202,3,15,200,3,221,306,8,314,535
10/11/2001,IWA,AZ,AWP,WE,Federal Contract Tower,3,4,9,11,27,0,15,147,5,167,3,19,156,16,194,403,17,420,614
10/12/2001,IWA,AZ,AWP,WE,Federal Contract Tower,3,4,6,21,34,0,10,195,0,205,3,14,201,21,239,363,22,385,624
10/13/2001,IWA,AZ,AWP,WE,Federal Contract Tower,0,0,13,11,24,0,22,108,2,132,0,22,121,13,156,223,2,225,381
10/14/2001,IWA,AZ,AWP,WE,Federal Contract Tower,0,0,6,7,13,0,9,79,1,89,0,9,85,8,102,100,51,151,253
10/15/2001,IWA,AZ,AWP,WE,Federal Contract Tower,1,0,11,11,23,0,11,131,0,142,1,11,142,11,165,372,19,391,556
10/16/2001,IWA,AZ,AWP,WE,Federal Contract Tower,3,4,3,3,13,0,12,138,5,155,3,16,141,8,168,353,0,353,521
10/17/2001,IWA,AZ,AWP,WE,Federal Contract Tower,3,6,5,13,27,0,5,198,3,206,3,11,203,16,233,368,7,375,608
10/18/2001,IWA,AZ,AWP,WE,Federal Contract Tower,3,6,3,20,32,0,13,160,15,188,3,19,163,35,220,411,22,433,653
10/19/2001,IWA,AZ,AWP,WE,Federal Contract Tower,3,0,4,19,26,1,12,163,16,192,4,12,167,35,218,350,40,390,608
10/20/2001,IWA,AZ,AWP,WE,Federal Contract Tower,0,0,5,5,10,0,9,94,5,108,0,9,99,10,118,233,44,277,395
10/21/2001,IWA,AZ,AWP,WE,Federal Contract Tower,0,0,7,9,16,0,10,78,4,92,0,10,85,13,108,165,6,171,279
10/22/2001,IWA,AZ,AWP,WE,Federal Contract Tower,5,0,11,6,22,0,8,144,0,152,5,8,155,6,174,279,3,282,456
10/23/2001,IWA,AZ,AWP,WE,Federal Contract Tower,3,4,16,3,26,3,8,131,3,145,6,12,147,6,171,531,7,538,709
10/24/2001,IWA,AZ,AWP,WE,Federal Contract Tower,2,5,4,1,12,0,6,164,1,171,2,11,168,2,183,357,8,365,548
10/25/2001,IWA,AZ,AWP,WE,Federal Contract Tower,1,6,13,13,33,0,11,161,4,176,1,17,174,17,209,286,50,336,545
10/26/2001,IWA,AZ,AWP,WE,Federal Contract Tower,2,4,7,9,22,0,21,233,0,254,2,25,240,9,276,418,12,430,706
10/27/2001,IWA,AZ,AWP,WE,Federal Contract Tower,0,2,15,2,19,0,2,54,0,56,0,4,69,2,75,0,0,0,75
10/28/2001,IWA,AZ,AWP,WE,Federal Contract Tower,0,0,17,6,23,0,15,40,0,55,0,15,57,6,78,136,12,148,226
10/29/2001,IWA,AZ,AWP,WE,Federal Contract Tower,1,0,17,8,26,0,1,174,6,181,1,1,191,14,207,380,13,393,600
10/30/2001,IWA,AZ,AWP,WE,Federal Contract Tower,3,4,9,5,21,0,5,195,11,211,3,9,204,16,232,502,19,521,753
10/31/2001,IWA,AZ,AWP,WE,Federal Contract Tower,3,4,5,4,16,0,8,146,0,154,3,12,151,4,170,406,5,411,581
11/01/2001,IWA,AZ,AWP,WE,Federal Contract Tower,7,0,6,6,19,0,13,170,2,185,7,13,176,8,204,597,33,630,834
11/02/2001,IWA,AZ,AWP,WE,Federal Contract Tower,4,0,0,13,17,0,13,213,0,226,4,13,213,13,243,500,21,521,764
11/03/2001,IWA,AZ,AWP,WE,Federal Contract Tower,0,3,10,8,21,0,14,101,0,115,0,17,111,8,136,247,48,295,431
11/04/2001,IWA,AZ,AWP,WE,Federal Contract Tower,0,0,9,5,14,0,4,19,1,24,0,4,28,6,38,35,8,43,81
11/05/2001,IWA,AZ,AWP,WE,Federal Contract Tower,3,0,10,2,15,0,0,96,2,98,3,0,106,4,113,251,2,253,366
11/06/2001,IWA,AZ,AWP,WE,Federal Contract Tower,3,5,5,6,19,0,6,182,28,216,3,11,187,34,235,561,11,572,807
11/07/2001,IWA,AZ,AWP,WE,Federal Contract Tower,3,7,10,10,30,0,7,166,0,173,3,14,176,10,203,522,17,539,742
11/08/2001,IWA,AZ,AWP,WE,Federal Contract Tower,4,0,9,4,17,0,21,162,2,185,4,21,171,6,202,576,25,601,803
11/09/2001,IWA,AZ,AWP,WE,Federal Contract Tower,3,0,2,19,24,0,25,133,1,159,3,25,135,20,183,296,74,370,553
11/10/2001,IWA,AZ,AWP,WE,Federal Contract Tower,1,0,4,2,7,0,29,131,0,160,1,29,135,2,167,262,8,270,437
11/11/2001,IWA,AZ,AWP,WE,Federal Contract Tower,0,0,6,7,13,0,17,77,1,95,0,17,83,8,108,317,21,338,446
11/12/2001,IWA,AZ,AWP,WE,Federal Contract Tower,0,0,7,6,13,0,14,236,3,253,0,14,243,9,266,664,4,668,934
11/13/2001,IWA,AZ,AWP,WE,Federal Contract Tower,3,5,19,7,34,0,14,182,0,196,3,19,201,7,230,426,43,469,699
11/14/2001,IWA,AZ,AWP,WE,Federal Contract Tower,3,6,9,3,21,0,15,206,0,221,3,21,215,3,242,375,5,380,622
11/15/2001,IWA,AZ,AWP,WE,Federal Contract Tower,2,2,7,0,11,0,26,249,15,290,2,28,256,15,301,430,28,458,759
11/16/2001,IWA,AZ,AWP,WE,Federal Contract Tower,4,0,6,23,33,0,21,214,2,237,4,21,220,25,270,308,30,338,608
11/17/2001,IWA,AZ,AWP,WE,Federal Contract Tower,0,0,15,11,26,0,6,136,2,144,0,6,151,13,170,296,3,299,469
11/18/2001,IWA,AZ,AWP,WE,Federal Contract Tower,0,0,4,9,13,0,13,85,7,105,0,13,89,16,118,280,6,286,404
11/19/2001,IWA,AZ,AWP,WE,Federal Contract Tower,1,2,0,2,5,0,11,172,0,183,1,13,172,2,188,390,3,393,581
11/20/2001,IWA,AZ,AWP,WE,Federal Contract Tower,3,0,9,4,16,0,11,202,2,215,3,11,211,6,231,556,10,566,797
11/21/2001,IWA,AZ,AWP,WE,Federal Contract Tower,1,2,2,4,9,0,16,207,0,223,1,18,209,4,232,264,12,276,508
11/22/2001,IWA,AZ,AWP,WE,Federal Contract Tower,1,1,1,2,5,0,10,24,0,34,1,11,25,2,39,48,0,48,87
11/23/2001,IWA,AZ,AWP,WE,Federal Contract Tower,0,1,3,2,6,0,19,173,0,192,0,20,176,2,198,420,0,420,618
11/24/2001,IWA,AZ,AWP,WE,Federal Contract Tower,1,0,1,0,2,0,9,97,0,106,1,9,98,0,108,222,0,222,330
11/25/2001,IWA,AZ,AWP,WE,Federal Contract Tower,0,2,5,0,7,0,6,44,0,50,0,8,49,0,57,146,0,146,203
11/26/2001,IWA,AZ,AWP,WE,Federal Contract Tower,1,0,8,4,13,0,15,137,0,152,1,15,145,4,165,342,2,344,509
11/27/2001,IWA,AZ,AWP,WE,Federal Contract Tower,3,6,7,4,20,0,4,186,7,197,3,10,193,11,217,374,29,403,620
11/28/2001,IWA,AZ,AWP,WE,Federal Contract Tower,3,5,6,2,16,0,16,227,5,248,3,21,233,7,264,291,9,300,564
11/29/2001,IWA,AZ,AWP,WE,Federal Contract Tower,3,4,5,5,17,0,14,172,1,187,3,18,177,6,204,340,27,367,571
11/30/2001,IWA,AZ,AWP,WE,Federal Contract Tower,4,3,3,26,36,0,31,193,3,227,4,34,196,29,263,423,28,451,714
12/01/2001,IWA,AZ,AWP,WE,Federal Contract Tower,0,0,6,2,8,1,8,87,38,134,1,8,93,40,142,296,0,296,438
12/02/2001,IWA,AZ,AWP,WE,Federal Contract Tower,0,0,0,8,8,0,8,84,8,100,0,8,84,16,108,238,9,247,355
12/03/2001,IWA,AZ,AWP,WE,Federal Contract Tower,1,0,1,1,3,0,5,198,1,204,1,5,199,2,207,351,0,351,558
12/04/2001,IWA,AZ,AWP,WE,Federal Contract Tower,2,11,32,3,48,1,3,8,0,12,3,14,40,3,60,14,0,14,74
12/05/2001,IWA,AZ,AWP,WE,Federal Contract Tower,3,5,8,13,29,0,10,225,0,235,3,15,233,13,264,333,14,347,611
12/06/2001,IWA,AZ,AWP,WE,Federal Contract Tower,3,2,4,12,21,0,16,211,6,233,3,18,215,18,254,378,19,397,651
12/07/2001,IWA,AZ,AWP,WE,Federal Contract Tower,4,1,2,24,31,0,15,269,2,286,4,16,271,26,317,515,37,552,869
12/08/2001,IWA,AZ,AWP,WE,Federal Contract Tower,0,1,1,7,9,0,9,138,4,151,0,10,139,11,160,240,24,264,424
12/09/2001,IWA,AZ,AWP,WE,Federal Contract Tower,0,0,5,19,24,0,11,81,1,93,0,11,86,20,117,248,23,271,388
12/10/2001,IWA,AZ,AWP,WE,Federal Contract Tower,1,0,0,9,10,0,13,104,0,117,1,13,104,9,127,226,10,236,363
12/11/2001,IWA,AZ,AWP,WE,Federal Contract Tower,3,11,29,4,47,0,0,32,0,32,3,11,61,4,79,202,9,211,290
12/12/2001,IWA,AZ,AWP,WE,Federal Contract Tower,2,9,11,12,34,0,9,113,0,122,2,18,124,12,156,174,19,193,349
12/13/2001,IWA,AZ,AWP,WE,Federal Contract Tower,3,3,3,10,19,0,16,186,0,202,3,19,189,10,221,279,5,284,505
12/14/2001,IWA,AZ,AWP,WE,Federal Contract Tower,2,2,8,26,38,0,30,195,0,225,2,32,203,26,263,539,21,560,823
12/15/2001,IWA,AZ,AWP,WE,Federal Contract Tower,0,0,1,0,1,0,9,115,0,124,0,9,116,0,125,367,0,367,492
12/16/2001,IWA,AZ,AWP,WE,Federal Contract Tower,0,3,10,18,31,0,14,71,20,105,0,17,81,38,136,183,7,190,326
12/17/2001,IWA,AZ,AWP,WE,Federal Contract Tower,2,3,8,14,27,0,2,159,1,162,2,5,167,15,189,387,20,407,596
12/18/2001,IWA,AZ,AWP,WE,Federal Contract Tower,2,3,8,14,27,0,11,160,6,177,2,14,168,20,204,363,24,387,591
12/19/2001,IWA,AZ,AWP,WE,Federal Contract Tower,3,4,7,8,22,0,11,214,7,232,3,15,221,15,254,250,11,261,515
12/20/2001,IWA,AZ,AWP,WE,Federal Contract Tower,4,3,5,7,19,0,22,163,0,185,4,25,168,7,204,308,30,338,542
12/21/2001,IWA,AZ,AWP,WE,Federal Contract Tower,4,0,3,10,17,0,5,144,0,149,4,5,147,10,166,261,22,283,449
12/22/2001,IWA,AZ,AWP,WE,Federal Contract Tower,0,3,4,4,11,0,6,100,0,106,0,9,104,4,117,131,0,131,248
12/23/2001,IWA,AZ,AWP,WE,Federal Contract Tower,0,0,0,2,2,0,6,40,0,46,0,6,40,2,48,53,0,53,101
12/24/2001,IWA,AZ,AWP,WE,Federal Contract Tower,0,0,2,0,2,0,10,34,0,44,0,10,36,0,46,46,0,46,92
12/25/2001,IWA,AZ,AWP,WE,Federal Contract Tower,0,0,0,0,0,0,4,10,0,14,0,4,10,0,14,28,0,28,42
12/26/2001,IWA,AZ,AWP,WE,Federal Contract Tower,0,1,1,0,2,0,5,94,0,99,0,6,95,0,101,138,0,138,239
12/27/2001,IWA,AZ,AWP,WE,Federal Contract Tower,2,0,5,10,17,0,15,155,0,170,2,15,160,10,187,193,11,204,391
12/28/2001,IWA,AZ,AWP,WE,Federal Contract Tower,2,0,8,25,35,0,12,132,9,153,2,12,140,34,188,166,54,220,408
12/29/2001,IWA,AZ,AWP,WE,Federal Contract Tower,0,0,4,3,7,0,10,95,1,106,0,10,99,4,113,159,0,159,272
12/30/2001,IWA,AZ,AWP,WE,Federal Contract Tower,0,0,3,8,11,0,13,56,1,70,0,13,59,9,81,157,17,174,255
12/31/2001,IWA,AZ,AWP,WE,Federal Contract Tower,0,0,2,0,2,0,13,74,0,87,0,13,76,0,89,107,0,107,196
01/01/2002,IWA,AZ,AWP,WE,Federal Contract Tower,0,1,2,0,3,0,15,44,0,59,0,16,46,0,62,63,0,63,125
01/02/2002,IWA,AZ,AWP,WE,Federal Contract Tower,0,2,6,0,8,0,14,156,0,170,0,16,162,0,178,389,0,389,567
01/03/2002,IWA,AZ,AWP,WE,Federal Contract Tower,3,2,3,14,22,0,17,152,1,170,3,19,155,15,192,479,23,502,694
01/04/2002,IWA,AZ,AWP,WE,Federal Contract Tower,2,6,5,19,32,0,7,130,9,146,2,13,135,28,178,266,22,288,466
01/05/2002,IWA,AZ,AWP,WE,Federal Contract Tower,0,0,5,7,12,1,7,118,0,126,1,7,123,7,138,194,17,211,349
01/06/2002,IWA,AZ,AWP,WE,Federal Contract Tower,0,0,1,1,2,0,10,100,0,110,0,10,101,1,112,211,0,211,323
01/07/2002,IWA,AZ,AWP,WE,Federal Contract Tower,1,3,2,5,11,0,4,148,5,157,1,7,150,10,168,381,28,409,577
01/08/2002,IWA,AZ,AWP,WE,Federal Contract Tower,3,4,4,16,27,0,9,156,0,165,3,13,160,16,192,322,36,358,550
01/09/2002,IWA,AZ,AWP,WE,Federal Contract Tower,3,3,4,6,16,2,11,180,7,200,5,14,184,13,216,336,30,366,582
01/10/2002,IWA,AZ,AWP,WE,Federal Contract Tower,3,4,2,8,17,0,10,179,9,198,3,14,181,17,215,264,26,290,505
01/11/2002,IWA,AZ,AWP,WE,Federal Contract Tower,4,0,4,33,41,0,13,129,0,142,4,13,133,33,183,346,52,398,581
01/12/2002,IWA,AZ,AWP,WE,Federal Contract Tower,0,0,3,12,15,0,9,134,0,143,0,9,137,12,158,258,3,261,419
01/13/2002,IWA,AZ,AWP,WE,Federal Contract Tower,0,1,4,13,18,0,8,61,2,71,0,9,65,15,89,175,16,191,280
01/14/2002,IWA,AZ,AWP,WE,Federal Contract Tower,1,0,3,9,13,0,16,140,0,156,1,16,143,9,169,395,45,440,609
01/15/2002,IWA,AZ,AWP,WE,Federal Contract Tower,3,8,5,11,27,0,9,179,0,188,3,17,184,11,215,312,31,343,558
01/16/2002,IWA,AZ,AWP,WE,Federal Contract Tower,3,5,7,21,36,0,14,192,0,206,3,19,199,21,242,357,43,400,642
01/17/2002,IWA,AZ,AWP,WE,Federal Contract Tower,3,4,15,5,27,0,7,180,20,207,3,11,195,25,234,433,1,434,668
01/18/2002,IWA,AZ,AWP,WE,Federal Contract Tower,3,0,5,50,58,0,9,131,0,140,3,9,136,50,198,416,60,476,674
01/19/2002,IWA,AZ,AWP,WE,Federal Contract Tower,0,0,5,9,14,0,6,151,2,159,0,6,156,11,173,269,6,275,448
01/20/2002,IWA,AZ,AWP,WE,Federal Contract Tower,0,0,4,13,17,0,9,106,13,128,0,9,110,26,145,235,30,265,410
01/21/2002,IWA,AZ,AWP,WE,Federal Contract Tower,0,4,9,19,32,0,2,178,2,182,0,6,187,21,214,538,38,576,790
01/22/2002,IWA,AZ,AWP,WE,Federal Contract Tower,3,10,11,10,34,0,6,125,0,131,3,16,136,10,165,441,12,453,618
01/23/2002,IWA,AZ,AWP,WE,Federal Contract Tower,3,6,8,13,30,0,5,177,0,182,3,11,185,13,212,472,35,507,719
01/24/2002,IWA,AZ,AWP,WE,Federal Contract Tower,4,8,4,2,18,0,4,157,2,163,4,12,161,4,181,374,7,381,562
01/25/2002,IWA,AZ,AWP,WE,Federal Contract Tower,2,2,12,13,29,0,15,184,0,199,2,17,196,13,228,576,23,599,827
01/26/2002,IWA,AZ,AWP,WE,Federal Contract Tower,1,0,6,4,11,0,7,100,0,107,1,7,106,4,118,339,12,351,469
01/27/2002,IWA,AZ,AWP,WE,Federal Contract Tower,0,0,5,7,12,0,14,97,0,111,0,14,102,7,123,335,7,342,465
01/28/2002,IWA,AZ,AWP,WE,Federal Contract Tower,1,0,8,1,10,0,14,146,2,162,1,14,154,3,172,513,0,513,685
01/29/2002,IWA,AZ,AWP,WE,Federal Contract Tower,3,5,4,4,16,0,20,156,0,176,3,25,160,4,192,416,10,426,618
01/30/2002,IWA,AZ,AWP,WE,Federal Contract Tower,2,8,5,2,17,0,5,25,0,30,2,13,30,2,47,115,12,127,174
01/31/2002,IWA,AZ,AWP,WE,Federal Contract Tower,3,8,3,7,21,0,12,126,5,143,3,20,129,12,164,337,34,371,535
02/01/2002,IWA,AZ,AWP,WE,Federal Contract Tower,0,2,6,11,19,3,15,136,0,154,3,17,142,11,173,429,19,448,621
02/02/2002,IWA,AZ,AWP,WE,Federal Contract Tower,0,2,4,1,7,0,1,152,0,153,0,3,156,1,160,371,10,381,541
02/03/2002,IWA,AZ,AWP,WE,Federal Contract Tower,0,0,0,0,0,0,5,78,0,83,0,5,78,0,83,280,0,280,363
02/04/2002,IWA,AZ,AWP,WE,Federal Contract Tower,2,0,7,6,15,1,12,169,0,182,3,12,176,6,197,361,18,379,576
02/05/2002,IWA,AZ,AWP,WE,Federal Contract Tower,3,4,9,5,21,1,10,177,0,188,4,14,186,5,209,384,17,401,610
02/06/2002,IWA,AZ,AWP,WE,Federal Contract Tower,2,7,6,9,24,1,9,240,4,254,3,16,246,13,278,446,49,495,773
02/07/2002,IWA,AZ,AWP,WE,Federal Contract Tower,3,3,4,1,11,0,10,215,12,237,3,13,219,13,248,492,47,539,787
02/08/2002,IWA,AZ,AWP,WE,Federal Contract Tower,2,0,4,23,29,0,57,161,65,283,2,57,165,88,312,322,11,333,645
02/09/2002,IWA,AZ,AWP,WE,Federal Contract Tower,0,0,4,6,10,0,4,80,1,85,0,4,84,7,95,291,0,291,386
02/10/2002,IWA,AZ,AWP,WE,Federal Contract Tower,0,2,1,13,16,0,5,63,6,74,0,7,64,19,90,128,4,132,222
02/11/2002,IWA,AZ,AWP,WE,Federal Contract Tower,1,3,4,7,15,0,6,180,1,187,1,9,184,8,202,402,54,456,658
02/12/2002,IWA,AZ,AWP,WE,Federal Contract Tower,3,4,3,8,18,0,11,190,31,232,3,15,193,39,250,310,58,368,618
02/13/2002,IWA,AZ,AWP,WE,Federal Contract Tower,3,6,3,5,17,0,4,235,4,243,3,10,238,9,260,584,17,601,861
02/14/2002,IWA,AZ,AWP,WE,Federal Contract Tower,2,5,2,7,16,0,8,166,1,175,2,13,168,8,191,468,34,502,693
02/15/2002,IWA,AZ,AWP,WE,Federal Contract Tower,2,2,5,25,34,0,8,150,3,161,2,10,155,28,195,413,34,447,642
02/16/2002,IWA,AZ,AWP,WE,Federal Contract Tower,0,0,4,13,17,0,11,89,7,107,0,11,93,20,124,294,4,298,422
02/17/2002,IWA,AZ,AWP,WE,Federal Contract Tower,0,0,0,13,13,0,1,98,12,111,0,1,98,25,124,234,12,246,370
02/18/2002,IWA,AZ,AWP,WE,Federal Contract Tower,0,3,5,12,20,0,10,120,9,139,0,13,125,21,159,455,27,482,641
02/19/2002,IWA,AZ,AWP,WE,Federal Contract Tower,3,5,2,6,16,0,5,187,0,192,3,10,189,6,208,655,15,670,878
02/20/2002,IWA,AZ,AWP,WE,Federal Contract Tower,4,5,6,12,27,0,9,172,0,181,4,14,178,12,208,582,41,623,831
02/21/2002,IWA,AZ,AWP,WE,Federal Contract Tower,4,4,2,12,22,0,6,127,1,134,4,10,129,13,156,384,24,408,564
02/22/2002,IWA,AZ,AWP,WE,Federal Contract Tower,3,0,5,28,36,0,16,139,16,171,3,16,144,44,207,571,75,646,853
02/23/2002,IWA,AZ,AWP,WE,Federal Contract Tower,0,0,6,11,17,0,6,109,7,122,0,6,115,18,139,357,23,380,519
02/24/2002,IWA,AZ,AWP,WE,Federal Contract Tower,0,0,5,19,24,0,10,108,4,122,0,10,113,23,146,238,0,238,384
02/25/2002,IWA,AZ,AWP,WE,Federal Contract Tower,1,0,3,2,6,0,8,157,1,166,1,8,160,3,172,471,3,474,646
02/26/2002,IWA,AZ,AWP,WE,Federal Contract Tower,3,3,5,6,17,0,7,209,1,217,3,10,214,7,234,445,13,458,692
02/27/2002,IWA,AZ,AWP,WE,Federal Contract Tower,3,4,7,5,19,0,13,175,0,188,3,17,182,5,207,519,1,520,727
02/28/2002,IWA,AZ,AWP,WE,Federal Contract Tower,2,6,8,12,28,0,11,125,8,144,2,17,133,20,172,489,36,525,697
03/01/2002,IWA,AZ,AWP,WE,Federal Contract Tower,3,0,12,56,71,0,5,169,5,179,3,5,181,61,250,263,30,293,543
03/02/2002,IWA,AZ,AWP,WE,Federal Contract Tower,0,1,7,4,12,0,5,81,6,92,0,6,88,10,104,214,2,216,320
03/03/2002,IWA,AZ,AWP,WE,Federal Contract Tower,0,1,3,26,30,0,8,98,17,123,0,9,101,43,153,240,11,251,404
03/04/2002,IWA,AZ,AWP,WE,Federal Contract Tower,1,0,3,2,6,0,11,145,0,156,1,11,148,2,162,548,8,556,718
03/05/2002,IWA,AZ,AWP,WE,Federal Contract Tower,3,4,6,4,17,0,16,167,3,186,3,20,173,7,203,406,21,427,630
03/06/2002,IWA,AZ,AWP,WE,Federal Contract Tower,3,5,3,11,22,1,10,160,4,175,4,15,163,15,197,394,30,424,621
03/07/2002,IWA,AZ,AWP,WE,Federal Contract Tower,3,5,14,8,30,0,10,186,8,204,3,15,200,16,234,360,38,398,632
03/08/2002,IWA,AZ,AWP,WE,Federal Contract Tower,4,4,1,50,59,1,6,146,7,160,5,10,147,57,219,268,37,305,524
03/09/2002,IWA,AZ,AWP,WE,Federal Contract Tower,0,0,3,19,22,0,9,156,0,165,0,9,159,19,187,213,60,273,460
03/10/2002,IWA,AZ,AWP,WE,Federal Contract Tower,0,0,5,0,5,0,8,71,0,79,0,8,76,0,84,162,2,164,248
03/11/2002,IWA,AZ,AWP,WE,Federal Contract Tower,3,0,8,22,33,0,15,176,0,191,3,15,184,22,224,280,38,318,542
03/12/2002,IWA,AZ,AWP,WE,Federal Contract Tower,3,6,4,1,14,0,16,194,9,219,3,22,198,10,233,435,16,451,684
03/13/2002,IWA,AZ,AWP,WE,Federal Contract Tower,2,4,3,17,26,0,13,132,5,150,2,17,135,22,176,299,54,353,529
03/14/2002,IWA,AZ,AWP,WE,Federal Contract Tower,2,4,4,10,20,0,8,114,0,122,2,12,118,10,142,121,12,133,275
03/15/2002,IWA,AZ,AWP,WE,Federal Contract Tower,3,0,4,21,28,0,11,86,4,101,3,11,90,25,129,150,35,185,314
03/16/2002,IWA,AZ,AWP,WE,Federal Contract Tower,0,1,0,2,3,0,2,33,0,35,0,3,33,2,38,10,0,10,48
03/17/2002,IWA,AZ,AWP,WE,Federal Contract Tower,0,0,5,10,15,0,6,59,4,69,0,6,64,14,84,10,8,18,102
03/18/2002,IWA,AZ,AWP,WE,Federal Contract Tower,3,3,4,28,38,0,11,131,0,142,3,14,135,28,180,324,20,344,524
03/19/2002,IWA,AZ,AWP,WE,Federal Contract Tower,3,4,4,6,17,0,16,211,3,230,3,20,215,9,247,370,4,374,621
03/20/2002,IWA,AZ,AWP,WE,Federal Contract Tower,2,5,5,10,22,0,10,255,8,273,2,15,260,18,295,414,44,458,753
03/21/2002,IWA,AZ,AWP,WE,Federal Contract Tower,3,6,8,13,30,0,10,127,0,137,3,16,135,13,167,356,53,409,576
03/22/2002,IWA,AZ,AWP,WE,Federal Contract Tower,5,1,5,26,37,0,14,176,3,193,5,15,181,29,230,239,36,275,505
03/23/2002,IWA,AZ,AWP,WE,Federal Contract Tower,0,0,3,7,10,0,13,112,0,125,0,13,115,7,135,281,30,311,446
03/24/2002,IWA,AZ,AWP,WE,Federal Contract Tower,0,0,6,11,17,0,10,118,0,128,0,10,124,11,145,195,8,203,348
03/25/2002,IWA,AZ,AWP,WE,Federal Contract Tower,3,0,7,4,14,0,11,203,0,214,3,11,210,4,228,583,26,609,837
03/26/2002,IWA,AZ,AWP,WE,Federal Contract Tower,3,6,9,6,24,0,6,205,2,213,3,12,214,8,237,517,11,528,765
03/27/2002,IWA,AZ,AWP,WE,Federal Contract Tower,3,4,4,9,20,1,9,238,63,311,4,13,242,72,331,444,0,444,775
03/28/2002,IWA,AZ,AWP,WE,Federal Contract Tower,3,4,3,8,18,0,11,177,0,188,3,15,180,8,206,323,21,344,550
03/29/2002,IWA,AZ,AWP,WE,Federal Contract Tower,3,0,7,4,14,0,10,185,19,214,3,10,192,23,228,413,35,448,676
03/30/2002,IWA,AZ,AWP,WE,Federal Contract Tower,2,0,4,1,7,0,10,153,3,166,2,10,157,4,173,312,4,316,489
03/31/2002,IWA,AZ,AWP,WE,Federal Contract Tower,0,0,6,11,17,0,11,59,4,74,0,11,65,15,91,160,17,177,268
04/01/2002,IWA,AZ,AWP,WE,Federal Contract Tower,3,1,8,4,16,0,10,150,9,169,3,11,158,13,185,470,16,486,671
04/02/2002,IWA,AZ,AWP,WE,Federal Contract Tower,3,5,13,6,27,0,10,207,7,224,3,15,220,13,251,405,34,439,690
04/03/2002,IWA,AZ,AWP,WE,Federal Contract Tower,3,4,6,12,25,1,1,199,4,205,4,5,205,16,230,415,43,458,688
04/04/2002,IWA,AZ,AWP,WE,Federal Contract Tower,2,3,3,16,24,1,8,199,2,210,3,11,202,18,234,428,59,487,721
04/05/2002,IWA,AZ,AWP,WE,Federal Contract Tower,3,0,10,12,25,0,8,134,10,152,3,8,144,22,177,299,85,384,561
04/06/2002,IWA,AZ,AWP,WE,Federal Contract Tower,0,0,2,4,6,0,6,93,0,99,0,6,95,4,105,144,4,148,253
04/07/2002,IWA,AZ,AWP,WE,Federal Contract Tower,0,0,6,13,19,0,9,115,0,124,0,9,121,13,143,325,17,342,485
04/08/2002,IWA,AZ,AWP,WE,Federal Contract Tower,3,1,3,9,16,0,8,178,4,190,3,9,181,13,206,364,94,458,664
04/09/2002,IWA,AZ,AWP,WE,Federal Contract Tower,4,7,5,10,26,0,16,212,8,236,4,23,217,18,262,418,87,505,767
04/10/2002,IWA,AZ,AWP,WE,Federal Contract Tower,4,6,7,12,29,0,16,188,18,222,4,22,195,30,251,409,100,509,760
04/11/2002,IWA,AZ,AWP,WE,Federal Contract Tower,3,6,3,10,22,0,11,162,4,177,3,17,165,14,199,383,52,435,634
04/12/2002,IWA,AZ,AWP,WE,Federal Contract Tower,3,5,6,23,37,0,4,181,19,204,3,9,187,42,241,258,47,305,546
04/13/2002,IWA,AZ,AWP,WE,Federal Contract Tower,0,0,3,8,11,0,9,142,6,157,0,9,145,14,168,354,13,367,535
04/14/2002,IWA,AZ,AWP,WE,Federal Contract Tower,0,1,9,3,13,0,8,119,4,131,0,9,128,7,144,344,18,362,506
04/15/2002,IWA,AZ,AWP,WE,Federal Contract Tower,2,3,7,11,23,1,9,72,8,90,3,12,79,19,113,265,2,267,380
04/16/2002,IWA,AZ,AWP,WE,Federal Contract Tower,5,6,11,12,34,0,9,196,5,210,5,15,207,17,244,502,13,515,759
04/17/2002,IWA,AZ,AWP,WE,Federal Contract Tower,3,5,0,9,17,3,14,172,1,190,6,19,172,10,207,496,50,546,753
04/18/2002,IWA,AZ,AWP,WE,Federal Contract Tower,3,6,6,7,22,0,12,202,2,216,3,18,208,9,238,527,4,531,769
04/19/2002,IWA,AZ,AWP,WE,Federal Contract Tower,3,2,5,30,40,0,11,153,1,165,3,13,158,31,205,302,17,319,524
04/20/2002,IWA,AZ,AWP,WE,Federal Contract Tower,2,1,3,14,20,0,14,135,0,149,2,15,138,14,169,297,39,336,505
04/21/2002,IWA,AZ,AWP,WE,Federal Contract Tower,0,3,6,7,16,0,10,149,0,159,0,13,155,7,175,267,12,279,454
04/22/2002,IWA,AZ,AWP,WE,Federal Contract Tower,3,12,12,4,31,1,8,165,0,174,4,20,177,4,205,388,0,388,593
04/23/2002,IWA,AZ,AWP,WE,Federal Contract Tower,3,15,8,7,33,0,4,155,0,159,3,19,163,7,192,425,18,443,635
04/24/2002,IWA,AZ,AWP,WE,Federal Contract Tower,3,10,2,6,21,0,14,252,1,267,3,24,254,7,288,473,10,483,771
04/25/2002,IWA,AZ,AWP,WE,Federal Contract Tower,3,11,5,6,25,0,15,130,8,153,3,26,135,14,178,331,22,353,531
04/26/2002,IWA,AZ,AWP,WE,Federal Contract Tower,3,6,4,26,39,3,21,81,26,131,6,27,85,52,170,152,23,175,345
04/27/2002,IWA,AZ,AWP,WE,Federal Contract Tower,0,0,6,11,17,0,14,128,6,148,0,14,134,17,165,269,8,277,442
04/28/2002,IWA,AZ,AWP,WE,Federal Contract Tower,0,18,9,24,51,0,16,111,1,128,0,34,120,25,179,187,10,197,376
04/29/2002,IWA,AZ,AWP,WE,Federal Contract Tower,3,7,7,5,22,0,11,111,0,122,3,18,118,5,144,268,7,275,419
04/30/2002,IWA,AZ,AWP,WE,Federal Contract Tower,3,7,9,3,22,0,10,135,1,146,3,17,144,4,168,278,34,312,480
05/01/2002,IWA,AZ,AWP,WE,Federal Contract Tower,4,8,9,13,34,1,4,163,0,168,5,12,172,13,202,348,32,380,582
05/02/2002,IWA,AZ,AWP,WE,Federal Contract Tower,4,10,5,10,29,1,10,158,0,169,5,20,163,10,198,302,58,360,558
05/03/2002,IWA,AZ,AWP,WE,Federal Contract Tower,2,10,13,15,40,1,9,122,0,132,3,19,135,15,172,294,19,313,485
05/04/2002,IWA,AZ,AWP,WE,Federal Contract Tower,0,0,3,3,6,0,19,114,3,136,0,19,117,6,142,279,1,280,422
05/05/2002,IWA,AZ,AWP,WE,Federal Contract Tower,0,0,5,7,12,0,5,90,5,100,0,5,95,12,112,177,0,177,289
05/06/2002,IWA,AZ,AWP,WE,Federal Contract Tower,3,10,7,11,31,0,15,144,0,159,3,25,151,11,190,431,30,461,651
05/07/2002,IWA,AZ,AWP,WE,Federal Contract Tower,3,12,6,6,27,0,6,144,0,150,3,18,150,6,177,217,23,240,417
05/08/2002,IWA,AZ,AWP,WE,Federal Contract Tower,4,10,10,10,34,0,8,160,0,168,4,18,170,10,202,285,31,316,518
05/09/2002,IWA,AZ,AWP,WE,Federal Contract Tower,3,7,2,8,20,0,4,190,0,194,3,11,192,8,214,367,17,384,598
05/10/2002,IWA,AZ,AWP,WE,Federal Contract Tower,3,6,2,11,22,0,9,111,5,125,3,15,113,16,147,257,50,307,454
05/11/2002,IWA,AZ,AWP,WE,Federal Contract Tower,0,1,2,6,9,0,1,77,5,83,0,2,79,11,92,179,12,191,283
05/12/2002,IWA,AZ,AWP,WE,Federal Contract Tower,0,8,6,13,27,0,0,75,11,86,0,8,81,24,113,185,4,189,302
05/13/2002,IWA,AZ,AWP,WE,Federal Contract Tower,4,6,1,3,14,1,11,129,6,147,5,17,130,9,161,292,7,299,460
05/14/2002,IWA,AZ,AWP,WE,Federal Contract Tower,4,9,2,5,20,0,16,155,0,171,4,25,157,5,191,339,17,356,547
05/15/2002,IWA,AZ,AWP,WE,Federal Contract Tower,6,10,2,7,25,0,17,135,0,152,6,27,137,7,177,364,14,378,555
05/16/2002,IWA,AZ,AWP,WE,Federal Contract Tower,3,9,3,13,28,1,22,183,3,209,4,31,186,16,237,424,21,445,682
05/17/2002,IWA,AZ,AWP,WE,Federal Contract Tower,4,7,5,38,54,1,7,164,0,172,5,14,169,38,226,290,31,321,547
05/18/2002,IWA,AZ,AWP,WE,Federal Contract Tower,0,0,7,4,11,0,12,116,2,130,0,12,123,6,141,249,0,249,390
05/19/2002,IWA,AZ,AWP,WE,Federal Contract Tower,0,0,8,13,21,0,15,79,2,96,0,15,87,15,117,200,2,202,319
05/20/2002,IWA,AZ,AWP,WE,Federal Contract Tower,3,7,7,15,32,0,10,55,0,65,3,17,62,15,97,186,9,195,292
05/21/2002,IWA,AZ,AWP,WE,Federal Contract Tower,3,9,3,9,24,0,25,168,0,193,3,34,171,9,217,397,11,408,625
05/22/2002,IWA,AZ,AWP,WE,Federal Contract Tower,3,10,9,10,32,0,9,177,5,191,3,19,186,15,223,341,28,369,592
05/23/2002,IWA,AZ,AWP,WE,Federal Contract Tower,3,11,5,12,31,0,8,188,1,197,3,19,193,13,228,369,31,400,628
05/24/2002,IWA,AZ,AWP,WE,Federal Contract Tower,3,11,6,12,32,0,18,141,2,161,3,29,147,14,193,217,6,223,416
05/25/2002,IWA,AZ,AWP,WE,Federal Contract Tower,0,0,4,4,8,0,14,120,9,143,0,14,124,13,151,202,0,202,353
05/26/2002,IWA,AZ,AWP,WE,Federal Contract Tower,0,1,0,6,7,0,6,45,15,66,0,7,45,21,73,123,0,123,196
05/27/2002,IWA,AZ,AWP,WE,Federal Contract Tower,0,3,3,3,9,0,8,67,13,88,0,11,70,16,97,192,10,202,299
05/28/2002,IWA,AZ,AWP,WE,Federal Contract Tower,3,7,9,8,27,0,8,122,14,144,3,15,131,22,171,334,7,341,512
05/29/2002,IWA,AZ,AWP,WE,Federal Contract Tower,2,8,5,9,24,0,11,114,3,128,2,19,119,12,152,303,18,321,473
05/30/2002,IWA,AZ,AWP,WE,Federal Contract Tower,3,10,6,10,29,2,27,110,1,140,5,37,116,11,169,295,48,343,512
05/31/2002,IWA,AZ,AWP,WE,Federal Contract Tower,8,6,9,13,36,0,8,139,3,150,8,14,148,16,186,242,9,251,437
06/01/2002,IWA,AZ,AWP,WE,Federal Contract Tower,0,2,6,1,9,0,7,83,2,92,0,9,89,3,101,308,0,308,409
06/02/2002,IWA,AZ,AWP,WE,Federal Contract Tower,0,0,2,12,14,1,6,53,0,60,1,6,55,12,74,215,0,215,289
06/03/2002,IWA,AZ,AWP,WE,Federal Contract Tower,1,8,5,12,26,0,13,96,1,110,1,21,101,13,136,292,90,382,518
06/04/2002,IWA,AZ,AWP,WE,Federal Contract Tower,4,8,12,7,31,1,4,139,0,144,5,12,151,7,175,399,0,399,574
06/05/2002,IWA,AZ,AWP,WE,Federal Contract Tower,3,8,10,5,26,0,11,176,34,221,3,19,186,39,247,333,10,343,590
06/06/2002,IWA,AZ,AWP,WE,Federal Contract Tower,3,8,6,8,25,0,4,164,0,168,3,12,170,8,193,318,23,341,534
06/07/2002,IWA,AZ,AWP,WE,Federal Contract Tower,5,6,3,19,33,1,23,184,9,217,6,29,187,28,250,249,8,257,507
06/08/2002,IWA,AZ,AWP,WE,Federal Contract Tower,0,0,1,3,4,0,17,118,2,137,0,17,119,5,141,155,17,172,313
06/09/2002,IWA,AZ,AWP,WE,Federal Contract Tower,0,0,5,10,15,0,6,64,6,76,0,6,69,16,91,113,10,123,214
06/10/2002,IWA,AZ,AWP,WE,Federal Contract Tower,3,7,6,10,26,0,11,133,7,151,3,18,139,17,177,235,59,294,471
06/11/2002,IWA,AZ,AWP,WE,Federal Contract Tower,3,8,2,2,15,0,13,138,0,151,3,21,140,2,166,213,9,222,388
06/12/2002,IWA,AZ,AWP,WE,Federal Contract Tower,2,8,7,5,22,0,47,140,3,190,2,55,147,8,212,269,17,286,498
06/13/2002,IWA,AZ,AWP,WE,Federal Contract Tower,3,10,7,3,23,0,8,145,10,163,3,18,152,13,186,260,2,262,448
06/14/2002,IWA,AZ,AWP,WE,Federal Contract Tower,3,6,3,25,37,1,10,147,1,159,4,16,150,26,196,179,34,213,409
06/15/2002,IWA,AZ,AWP,WE,Federal Contract Tower,0,0,3,1,4,0,11,77,8,96,0,11,80,9,100,75,0,75,175
06/16/2002,IWA,AZ,AWP,WE,Federal Contract Tower,0,0,4,15,19,0,2,63,2,67,0,2,67,17,86,128,1,129,215
06/17/2002,IWA,AZ,AWP,WE,Federal Contract Tower,3,7,5,8,23,0,18,128,0,146,3,25,133,8,169,296,2,298,467
06/18/2002,IWA,AZ,AWP,WE,Federal Contract Tower,3,9,2,0,14,0,18,123,1,142,3,27,125,1,156,254,8,262,418
06/19/2002,IWA,AZ,AWP,WE,Federal Contract Tower,3,9,2,6,20,0,7,107,0,114,3,16,109,6,134,372,16,388,522
06/20/2002,IWA,AZ,AWP,WE,Federal Contract Tower,3,9,2,10,24,0,18,110,4,132,3,27,112,14,156,211,12,223,379
06/21/2002,IWA,AZ,AWP,WE,Federal Contract Tower,3,7,0,13,23,0,10,123,9,142,3,17,123,22,165,201,8,209,374
06/22/2002,IWA,AZ,AWP,WE,Federal Contract Tower,1,0,5,10,16,0,10,103,1,114,1,10,108,11,130,168,15,183,313
06/23/2002,IWA,AZ,AWP,WE,Federal Contract Tower,0,0,3,10,13,0,11,107,1,119,0,11,110,11,132,160,0,160,292
06/24/2002,IWA,AZ,AWP,WE,Federal Contract Tower,3,6,7,7,23,0,13,126,1,140,3,19,133,8,163,233,4,237,400
06/25/2002,IWA,AZ,AWP,WE,Federal Contract Tower,3,8,4,10,25,0,12,123,0,135,3,20,127,10,160,315,22,337,497
06/26/2002,IWA,AZ,AWP,WE,Federal Contract Tower,2,10,7,14,33,0,17,107,0,124,2,27,114,14,157,209,13,222,379
06/27/2002,IWA,AZ,AWP,WE,Federal Contract Tower,3,13,3,2,21,0,11,170,4,185,3,24,173,6,206,342,17,359,565
06/28/2002,IWA,AZ,AWP,WE,Federal Contract Tower,3,7,4,18,32,0,16,199,11,226,3,23,203,29,258,272,39,311,569
06/29/2002,IWA,AZ,AWP,WE,Federal Contract Tower,0,0,9,5,14,0,20,77,8,105,0,20,86,13,119,219,12,231,350
06/30/2002,IWA,AZ,AWP,WE,Federal Contract Tower,0,0,4,4,8,0,10,64,3,77,0,10,68,7,85,89,0,89,174
07/01/2002,IWA,AZ,AWP,WE,Federal Contract Tower,3,6,7,0,16,0,7,91,1,99,3,13,98,1,115,132,0,132,247
07/02/2002,IWA,AZ,AWP,WE,Federal Contract Tower,4,9,2,5,20,0,6,114,2,122,4,15,116,7,142,170,25,195,337
07/03/2002,IWA,AZ,AWP,WE,Federal Contract Tower,3,11,6,5,25,0,13,136,0,149,3,24,142,5,174,165,19,184,358
07/04/2002,IWA,AZ,AWP,WE,Federal Contract Tower,0,0,4,6,10,0,9,83,6,98,0,9,87,12,108,110,0,110,218
07/05/2002,IWA,AZ,AWP,WE,Federal Contract Tower,0,0,4,5,9,0,17,116,2,135,0,17,120,7,144,131,10,141,285
07/06/2002,IWA,AZ,AWP,WE,Federal Contract Tower,0,0,4,0,4,0,5,97,0,102,0,5,101,0,106,186,0,186,292
07/07/2002,IWA,AZ,AWP,WE,Federal Contract Tower,0,1,5,0,6,0,7,77,0,84,0,8,82,0,90,159,0,159,249
07/08/2002,IWA,AZ,AWP,WE,Federal Contract Tower,1,6,3,5,15,0,18,105,0,123,1,24,108,5,138,131,12,143,281
07/09/2002,IWA,AZ,AWP,WE,Federal Contract Tower,3,8,5,9,25,0,4,110,2,116,3,12,115,11,141,262,11,273,414
07/10/2002,IWA,AZ,AWP,WE,Federal Contract Tower,2,9,5,9,25,0,7,120,0,127,2,16,125,9,152,295,28,323,475
07/11/2002,IWA,AZ,AWP,WE,Federal Contract Tower,3,8,9,11,31,0,102,132,10,244,3,110,141,21,275,164,29,193,468
07/12/2002,IWA,AZ,AWP,WE,Federal Contract Tower,3,7,8,49,67,0,16,159,19,194,3,23,167,68,261,233,76,309,570
07/13/2002,IWA,AZ,AWP,WE,Federal Contract Tower,0,0,2,7,9,0,4,131,5,140,0,4,133,12,149,145,3,148,297
07/14/2002,IWA,AZ,AWP,WE,Federal Contract Tower,0,1,3,30,34,0,0,70,0,70,0,1,73,30,104,131,10,141,245
07/15/2002,IWA,AZ,AWP,WE,Federal Contract Tower,2,9,5,5,21,0,18,107,1,126,2,27,112,6,147,226,8,234,381
07/16/2002,IWA,AZ,AWP,WE,Federal Contract Tower,2,11,1,7,21,0,12,116,2,130,2,23,117,9,151,216,8,224,375
07/17/2002,IWA,AZ,AWP,WE,Federal Contract Tower,3,8,2,10,23,0,16,152,0,168,3,24,154,10,191,232,22,254,445
07/18/2002,IWA,AZ,AWP,WE,Federal Contract Tower,3,10,2,6,21,0,11,132,4,147,3,21,134,10,168,171,8,179,347
07/19/2002,IWA,AZ,AWP,WE,Federal Contract Tower,3,6,5,6,20,0,13,150,6,169,3,19,155,12,189,174,1,175,364
07/20/2002,IWA,AZ,AWP,WE,Federal Contract Tower,0,0,4,2,6,0,16,121,0,137,0,16,125,2,143,197,0,197,340
07/21/2002,IWA,AZ,AWP,WE,Federal Contract Tower,0,3,0,0,3,0,10,59,1,70,0,13,59,1,73,156,0,156,229
07/22/2002,IWA,AZ,AWP,WE,Federal Contract Tower,3,6,2,5,16,0,12,95,0,107,3,18,97,5,123,195,0,195,318
07/23/2002,IWA,AZ,AWP,WE,Federal Contract Tower,3,7,13,6,29,0,14,101,1,116,3,21,114,7,145,267,19,286,431
07/24/2002,IWA,AZ,AWP,WE,Federal Contract Tower,4,8,3,6,21,0,18,138,0,156,4,26,141,6,177,317,40,357,534
07/25/2002,IWA,AZ,AWP,WE,Federal Contract Tower,5,8,1,7,21,0,22,134,0,156,5,30,135,7,177,194,36,230,407
07/26/2002,IWA,AZ,AWP,WE,Federal Contract Tower,2,6,3,22,33,0,16,137,16,169,2,22,140,38,202,188,25,213,415
07/27/2002,IWA,AZ,AWP,WE,Federal Contract Tower,0,0,7,9,16,0,11,99,4,114,0,11,106,13,130,132,4,136,266
07/28/2002,IWA,AZ,AWP,WE,Federal Contract Tower,0,0,1,14,15,0,2,49,3,54,0,2,50,17,69,103,2,105,174
07/29/2002,IWA,AZ,AWP,WE,Federal Contract Tower,1,6,5,2,14,0,10,139,4,153,1,16,144,6,167,209,4,213,380
07/30/2002,IWA,AZ,AWP,WE,Federal Contract Tower,3,12,3,2,20,0,1,184,0,185,3,13,187,2,205,293,4,297,502
07/31/2002,IWA,AZ,AWP,WE,Federal Contract Tower,3,9,7,17,36,0,6,160,0,166,3,15,167,17,202,266,13,279,481
08/01/2002,IWA,AZ,AWP,WE,Federal Contract Tower,3,9,5,10,27,0,19,152,9,180,3,28,157,19,207,272,57,329,536
08/02/2002,IWA,AZ,AWP,WE,Federal Contract Tower,3,7,5,8,23,0,9,149,0,158,3,16,154,8,181,286,23,309,490
08/03/2002,IWA,AZ,AWP,WE,Federal Contract Tower,0,0,2,0,2,0,12,88,0,100,0,12,90,0,102,150,0,150,252
08/04/2002,IWA,AZ,AWP,WE,Federal Contract Tower,0,1,2,2,5,0,7,48,0,55,0,8,50,2,60,92,0,92,152
08/05/2002,IWA,AZ,AWP,WE,Federal Contract Tower,2,5,2,7,16,0,8,87,1,96,2,13,89,8,112,159,32,191,303
08/06/2002,IWA,AZ,AWP,WE,Federal Contract Tower,2,15,3,8,28,0,22,102,8,132,2,37,105,16,160,144,14,158,318
08/07/2002,IWA,AZ,AWP,WE,Federal Contract Tower,3,10,4,4,21,0,5,140,2,147,3,15,144,6,168,179,13,192,360
08/08/2002,IWA,AZ,AWP,WE,Federal Contract Tower,5,9,4,10,28,0,11,147,2,160,5,20,151,12,188,291,18,309,497
08/09/2002,IWA,AZ,AWP,WE,Federal Contract Tower,3,7,10,27,47,0,15,155,8,178,3,22,165,35,225,260,58,318,543
08/10/2002,IWA,AZ,AWP,WE,Federal Contract Tower,0,0,1,2,3,0,16,134,9,159,0,16,135,11,162,196,8,204,366
08/11/2002,IWA,AZ,AWP,WE,Federal Contract Tower,0,0,5,11,16,0,7,73,1,81,0,7,78,12,97,102,0,102,199
08/12/2002,IWA,AZ,AWP,WE,Federal Contract Tower,1,6,3,7,17,0,12,99,6,117,1,18,102,13,134,192,11,203,337
08/13/2002,IWA,AZ,AWP,WE,Federal Contract Tower,3,8,8,10,29,0,11,134,2,147,3,19,142,12,176,298,19,317,493
08/14/2002,IWA,AZ,AWP,WE,Federal Contract Tower,3,8,16,10,37,0,13,170,0,183,3,21,186,10,220,200,22,222,442
08/15/2002,IWA,AZ,AWP,WE,Federal Contract Tower,3,9,9,6,27,0,8,159,10,177,3,17,168,16,204,200,16,216,420
08/16/2002,IWA,AZ,AWP,WE,Federal Contract Tower,3,2,6,16,27,0,12,158,5,175,3,14,164,21,202,232,52,284,486
08/17/2002,IWA,AZ,AWP,WE,Federal Contract Tower,0,0,4,16,20,2,12,129,7,150,2,12,133,23,170,181,4,185,355
08/18/2002,IWA,AZ,AWP,WE,Federal Contract Tower,0,0,7,19,26,0,13,51,0,64,0,13,58,19,90,76,5,81,171
08/19/2002,IWA,AZ,AWP,WE,Federal Contract Tower,1,6,3,26,36,0,9,120,0,129,1,15,123,26,165,146,0,146,311
08/20/2002,IWA,AZ,AWP,WE,Federal Contract Tower,4,8,11,7,30,3,35,159,0,197,7,43,170,7,227,243,28,271,498
08/21/2002,IWA,AZ,AWP,WE,Federal Contract Tower,3,9,4,4,20,1,17,143,5,166,4,26,147,9,186,261,6,267,453
08/22/2002,IWA,AZ,AWP,WE,Federal Contract Tower,3,13,5,12,33,0,8,148,3,159,3,21,153,15,192,251,24,275,467
08/23/2002,IWA,AZ,AWP,WE,Federal Contract Tower,3,6,6,16,31,0,26,149,6,181,3,32,155,22,212,203,6,209,421
08/24/2002,IWA,AZ,AWP,WE,Federal Contract Tower,1,2,3,6,12,0,19,120,4,143,1,21,123,10,155,194,0,194,349
08/25/2002,IWA,AZ,AWP,WE,Federal Contract Tower,1,1,6,3,11,0,21,83,1,105,1,22,89,4,116,106,2,108,224
08/26/2002,IWA,AZ,AWP,WE,Federal Contract Tower,3,6,1,4,14,0,30,114,4,148,3,36,115,8,162,229,4,233,395
08/27/2002,IWA,AZ,AWP,WE,Federal Contract Tower,5,8,2,7,22,0,3,115,2,120,5,11,117,9,142,256,26,282,424
08/28/2002,IWA,AZ,AWP,WE,Federal Contract Tower,3,9,3,0,15,0,4,134,9,147,3,13,137,9,162,195,2,197,359
08/29/2002,IWA,AZ,AWP,WE,Federal Contract Tower,3,0,4,3,10,0,20,106,7,133,3,20,110,10,143,150,2,152,295
08/30/2002,IWA,AZ,AWP,WE,Federal Contract Tower,4,0,6,22,32,0,19,172,5,196,4,19,178,27,228,208,23,231,459
08/31/2002,IWA,AZ,AWP,WE,Federal Contract Tower,3,0,5,7,15,0,7,152,1,160,3,7,157,8,175,166,0,166,341
09/01/2002,IWA,AZ,AWP,WE,Federal Contract Tower,0,0,0,10,10,0,22,37,0,59,0,22,37,10,69,53,0,53,122
09/02/2002,IWA,AZ,AWP,WE,Federal Contract Tower,0,0,2,13,15,0,12,58,6,76,0,12,60,19,91,208,1,209,300
09/03/2002,IWA,AZ,AWP,WE,Federal Contract Tower,3,1,6,4,14,2,10,114,0,126,5,11,120,4,140,207,0,207,347
09/04/2002,IWA,AZ,AWP,WE,Federal Contract Tower,6,1,11,4,22,0,12,163,14,189,6,13,174,18,211,224,26,250,461
09/05/2002,IWA,AZ,AWP,WE,Federal Contract Tower,4,6,4,4,18,0,11,158,5,174,4,17,162,9,192,366,13,379,571
09/06/2002,IWA,AZ,AWP,WE,Federal Contract Tower,4,6,5,11,26,0,10,133,8,151,4,16,138,19,177,156,0,156,333
09/07/2002,IWA,AZ,AWP,WE,Federal Contract Tower,0,0,2,3,5,0,15,107,4,126,0,15,109,7,131,111,28,139,270
09/08/2002,IWA,AZ,AWP,WE,Federal Contract Tower,0,4,7,2,13,0,8,53,0,61,0,12,60,2,74,155,0,155,229
09/09/2002,IWA,AZ,AWP,WE,Federal Contract Tower,3,6,4,4,17,0,14,83,1,98,3,20,87,5,115,147,7,154,269
09/10/2002,IWA,AZ,AWP,WE,Federal Contract Tower,3,7,2,8,20,0,15,115,0,130,3,22,117,8,150,220,6,226,376
09/11/2002,IWA,AZ,AWP,WE,Federal Contract Tower,3,7,7,5,22,0,12,106,8,126,3,19,113,13,148,272,1,273,421
09/12/2002,IWA,AZ,AWP,WE,Federal Contract Tower,3,9,4,24,40,0,10,153,2,165,3,19,157,26,205,247,14,261,466
09/13/2002,IWA,AZ,AWP,WE,Federal Contract Tower,4,6,7,20,37,0,21,179,1,201,4,27,186,21,238,327,11,338,576
09/14/2002,IWA,AZ,AWP,WE,Federal Contract Tower,0,0,8,12,20,0,4,92,1,97,0,4,100,13,117,188,30,218,335
09/15/2002,IWA,AZ,AWP,WE,Federal Contract Tower,0,1,0,15,16,0,9,58,0,67,0,10,58,15,83,92,0,92,175
09/16/2002,IWA,AZ,AWP,WE,Federal Contract Tower,3,7,6,6,22,0,13,107,1,121,3,20,113,7,143,266,18,284,427
09/17/2002,IWA,AZ,AWP,WE,Federal Contract Tower,3,6,4,7,20,0,17,143,1,161,3,23,147,8,181,360,37,397,578
09/18/2002,IWA,AZ,AWP,WE,Federal Contract Tower,3,8,7,6,24,2,4,170,0,176,5,12,177,6,200,349,9,358,558
09/19/2002,IWA,AZ,AWP,WE,Federal Contract Tower,2,10,3,7,22,2,50,201,5,258,4,60,204,12,280,280,3,283,563
09/20/2002,IWA,AZ,AWP,WE,Federal Contract Tower,2,9,6,23,40,0,11,221,11,243,2,20,227,34,283,334,14,348,631
09/21/2002,IWA,AZ,AWP,WE,Federal Contract Tower,0,0,9,15,24,0,11,172,6,189,0,11,181,21,213,230,22,252,465
09/22/2002,IWA,AZ,AWP,WE,Federal Contract Tower,0,0,4,17,21,0,23,100,5,128,0,23,104,22,149,147,0,147,296
09/23/2002,IWA,AZ,AWP,WE,Federal Contract Tower,3,6,4,6,19,0,13,175,2,190,3,19,179,8,209,270,4,274,483
09/24/2002,IWA,AZ,AWP,WE,Federal Contract Tower,3,6,4,8,21,0,11,159,0,170,3,17,163,8,191,193,4,197,388
09/25/2002,IWA,AZ,AWP,WE,Federal Contract Tower,3,8,5,2,18,0,11,172,4,187,3,19,177,6,205,293,19,312,517
09/26/2002,IWA,AZ,AWP,WE,Federal Contract Tower,3,6,3,2,14,0,16,241,10,267,3,22,244,12,281,310,3,313,594
09/27/2002,IWA,AZ,AWP,WE,Federal Contract Tower,4,6,6,4,20,0,26,219,16,261,4,32,225,20,281,316,0,316,597
09/28/2002,IWA,AZ,AWP,WE,Federal Contract Tower,0,1,4,9,14,0,14,145,11,170,0,15,149,20,184,303,9,312,496
09/29/2002,IWA,AZ,AWP,WE,Federal Contract Tower,0,1,9,5,15,0,18,108,6,132,0,19,117,11,147,47,0,47,194
09/30/2002,IWA,AZ,AWP,WE,Federal Contract Tower,4,7,9,8,28,2,21,166,1,190,6,28,175,9,218,231,6,237,455
10/01/2002,IWA,AZ,AWP,WE,Federal Contract Tower,3,8,8,7,26,1,17,157,2,177,4,25,165,9,203,180,16,196,399
10/02/2002,IWA,AZ,AWP,WE,Federal Contract Tower,3,8,5,8,24,0,27,175,7,209,3,35,180,15,233,288,15,303,536
10/03/2002,IWA,AZ,AWP,WE,Federal Contract Tower,3,8,7,10,28,0,18,228,7,253,3,26,235,17,281,414,12,426,707
10/04/2002,IWA,AZ,AWP,WE,Federal Contract Tower,3,7,9,28,47,0,22,249,14,285,3,29,258,42,332,295,48,343,675
10/05/2002,IWA,AZ,AWP,WE,Federal Contract Tower,0,0,5,18,23,0,10,223,4,237,0,10,228,22,260,327,8,335,595
10/06/2002,IWA,AZ,AWP,WE,Federal Contract Tower,0,0,4,10,14,0,13,140,8,161,0,13,144,18,175,191,0,191,366
10/07/2002,IWA,AZ,AWP,WE,Federal Contract Tower,4,7,7,13,31,0,19,132,4,155,4,26,139,17,186,378,21,399,585
10/08/2002,IWA,AZ,AWP,WE,Federal Contract Tower,3,6,4,10,23,0,9,210,12,231,3,15,214,22,254,382,19,401,655
10/09/2002,IWA,AZ,AWP,WE,Federal Contract Tower,2,7,6,0,15,0,4,225,8,237,2,11,231,8,252,371,11,382,634
10/10/2002,IWA,AZ,AWP,WE,Federal Contract Tower,3,4,4,12,23,0,13,236,11,260,3,17,240,23,283,465,21,486,769
10/11/2002,IWA,AZ,AWP,WE,Federal Contract Tower,6,7,4,21,38,2,24,243,11,280,8,31,247,32,318,301,8,309,627
10/12/2002,IWA,AZ,AWP,WE,Federal Contract Tower,0,2,4,8,14,0,17,205,6,228,0,19,209,14,242,260,36,296,538
10/13/2002,IWA,AZ,AWP,WE,Federal Contract Tower,0,0,4,12,16,0,23,114,0,137,0,23,118,12,153,128,0,128,281
10/14/2002,IWA,AZ,AWP,WE,Federal Contract Tower,2,7,7,4,20,0,14,139,0,153,2,21,146,4,173,257,0,257,430
10/15/2002,IWA,AZ,AWP,WE,Federal Contract Tower,3,9,5,7,24,0,13,216,7,236,3,22,221,14,260,322,14,336,596
10/16/2002,IWA,AZ,AWP,WE,Federal Contract Tower,5,9,11,4,29,6,10,204,3,223,11,19,215,7,252,329,17,346,598
10/17/2002,IWA,AZ,AWP,WE,Federal Contract Tower,5,5,17,4,31,1,35,178,7,221,6,40,195,11,252,263,0,263,515
10/18/2002,IWA,AZ,AWP,WE,Federal Contract Tower,8,6,9,21,44,0,9,247,1,257,8,15,256,22,301,487,21,508,809
10/19/2002,IWA,AZ,AWP,WE,Federal Contract Tower,1,0,3,16,20,0,16,177,7,200,1,16,180,23,220,204,8,212,432
10/20/2002,IWA,AZ,AWP,WE,Federal Contract Tower,4,2,5,19,30,0,11,126,2,139,4,13,131,21,169,154,3,157,326
10/21/2002,IWA,AZ,AWP,WE,Federal Contract Tower,1,8,15,24,48,0,14,173,4,191,1,22,188,28,239,312,39,351,590
10/22/2002,IWA,AZ,AWP,WE,Federal Contract Tower,3,7,12,6,28,1,18,158,9,186,4,25,170,15,214,452,65,517,731
10/23/2002,IWA,AZ,AWP,WE,Federal Contract Tower,5,7,9,5,26,2,21,206,8,237,7,28,215,13,263,453,6,459,722
10/24/2002,IWA,AZ,AWP,WE,Federal Contract Tower,3,8,7,8,26,2,19,225,3,249,5,27,232,11,275,393,28,421,696
10/25/2002,IWA,AZ,AWP,WE,Federal Contract Tower,4,10,13,22,49,0,14,198,17,229,4,24,211,39,278,350,37,387,665
10/26/2002,IWA,AZ,AWP,WE,Federal Contract Tower,3,0,4,3,10,0,14,99,0,113,3,14,103,3,123,177,0,177,300
10/27/2002,IWA,AZ,AWP,WE,Federal Contract Tower,0,2,7,0,9,0,10,135,4,149,0,12,142,4,158,191,0,191,349
10/28/2002,IWA,AZ,AWP,WE,Federal Contract Tower,4,4,5,5,18,1,14,219,9,243,5,18,224,14,261,300,28,328,589
10/29/2002,IWA,AZ,AWP,WE,Federal Contract Tower,4,7,2,6,19,0,6,204,6,216,4,13,206,12,235,328,40,368,603
10/30/2002,IWA,AZ,AWP,WE,Federal Contract Tower,3,6,3,8,20,0,33,193,12,238,3,39,196,20,258,350,81,431,689
10/31/2002,IWA,AZ,AWP,WE,Federal Contract Tower,4,6,9,4,23,1,19,267,5,292,5,25,276,9,315,450,10,460,775
11/01/2002,IWA,AZ,AWP,WE,Federal Contract Tower,7,7,6,16,36,0,10,235,4,249,7,17,241,20,285,378,11,389,674
11/02/2002,IWA,AZ,AWP,WE,Federal Contract Tower,0,0,6,12,18,0,10,225,0,235,0,10,231,12,253,358,34,392,645
11/03/2002,IWA,AZ,AWP,WE,Federal Contract Tower,0,0,6,9,15,0,14,155,0,169,0,14,161,9,184,127,0,127,311
11/04/2002,IWA,AZ,AWP,WE,Federal Contract Tower,3,6,5,18,32,0,11,204,0,215,3,17,209,18,247,379,31,410,657
11/05/2002,IWA,AZ,AWP,WE,Federal Contract Tower,3,4,13,7,27,0,21,247,6,274,3,25,260,13,301,439,11,450,751
11/06/2002,IWA,AZ,AWP,WE,Federal Contract Tower,3,6,8,17,34,0,19,250,0,269,3,25,258,17,303,499,47,546,849
11/07/2002,IWA,AZ,AWP,WE,Federal Contract Tower,3,6,6,2,17,2,14,264,8,288,5,20,270,10,305,485,61,546,851
11/08/2002,IWA,AZ,AWP,WE,Federal Contract Tower,0,0,0,0,0,3,16,223,20,262,3,16,223,20,262,398,43,441,703
11/09/2002,IWA,AZ,AWP,WE,Federal Contract Tower,0,2,7,5,14,0,13,179,6,198,0,15,186,11,212,266,0,266,478
11/10/2002,IWA,AZ,AWP,WE,Federal Contract Tower,0,0,9,2,11,0,7,147,0,154,0,7,156,2,165,122,2,124,289
11/11/2002,IWA,AZ,AWP,WE,Federal Contract Tower,0,7,3,9,19,0,14,236,10,260,0,21,239,19,279,395,34,429,708
11/12/2002,IWA,AZ,AWP,WE,Federal Contract Tower,3,7,17,7,34,0,10,257,5,272,3,17,274,12,306,453,50,503,809
11/13/2002,IWA,AZ,AWP,WE,Federal Contract Tower,3,6,7,8,24,1,26,219,1,247,4,32,226,9,271,428,16,444,715
11/14/2002,IWA,AZ,AWP,WE,Federal Contract Tower,3,6,9,12,30,1,13,215,0,229,4,19,224,12,259,405,27,432,691
11/15/2002,IWA,AZ,AWP,WE,Federal Contract Tower,3,7,8,17,35,0,22,244,1,267,3,29,252,18,302,422,25,447,749
11/16/2002,IWA,AZ,AWP,WE,Federal Contract Tower,2,0,4,1,7,0,12,231,3,246,2,12,235,4,253,225,1,226,479
11/17/2002,IWA,AZ,AWP,WE,Federal Contract Tower,1,0,8,5,14,0,6,188,2,196,1,6,196,7,210,244,1,245,455
11/18/2002,IWA,AZ,AWP,WE,Federal Contract Tower,3,4,15,14,36,1,13,209,0,223,4,17,224,14,259,315,36,351,610
11/19/2002,IWA,AZ,AWP,WE,Federal Contract Tower,3,6,9,11,29,0,11,229,8,248,3,17,238,19,277,322,19,341,618
11/20/2002,IWA,AZ,AWP,WE,Federal Contract Tower,3,6,11,10,30,0,11,225,6,242,3,17,236,16,272,450,58,508,780
11/21/2002,IWA,AZ,AWP,WE,Federal Contract Tower,3,10,14,5,32,1,7,262,12,282,4,17,276,17,314,437,18,455,769
11/22/2002,IWA,AZ,AWP,WE,Federal Contract Tower,3,7,12,25,47,0,7,227,16,250,3,14,239,41,297,426,13,439,736
11/23/2002,IWA,AZ,AWP,WE,Federal Contract Tower,0,0,7,5,12,0,28,205,2,235,0,28,212,7,247,336,12,348,595
11/24/2002,IWA,AZ,AWP,WE,Federal Contract Tower,0,0,7,12,19,0,8,186,2,196,0,8,193,14,215,158,0,158,373
11/25/2002,IWA,AZ,AWP,WE,Federal Contract Tower,3,0,11,13,27,0,8,202,0,210,3,8,213,13,237,440,36,476,713
11/26/2002,IWA,AZ,AWP,WE,Federal Contract Tower,3,1,12,3,19,0,20,154,5,179,3,21,166,8,198,267,14,281,479
11/27/2002,IWA,AZ,AWP,WE,Federal Contract Tower,2,1,15,4,22,0,13,165,10,188,2,14,180,14,210,295,9,304,514
11/28/2002,IWA,AZ,AWP,WE,Federal Contract Tower,0,0,0,0,0,0,11,46,0,57,0,11,46,0,57,2,0,2,59
11/29/2002,IWA,AZ,AWP,WE,Federal Contract Tower,0,1,4,1,6,0,19,139,5,163,0,20,143,6,169,177,12,189,358
11/30/2002,IWA,AZ,AWP,WE,Federal Contract Tower,0,0,17,0,17,0,6,109,0,115,0,6,126,0,132,182,0,182,314
12/01/2002,IWA,AZ,AWP,WE,Federal Contract Tower,0,0,7,14,21,0,14,139,2,155,0,14,146,16,176,154,0,154,330
12/02/2002,IWA,AZ,AWP,WE,Federal Contract Tower,1,7,15,6,29,0,27,174,1,202,1,34,189,7,231,249,10,259,490
12/03/2002,IWA,AZ,AWP,WE,Federal Contract Tower,3,6,16,3,28,0,11,160,5,176,3,17,176,8,204,344,3,347,551
12/04/2002,IWA,AZ,AWP,WE,Federal Contract Tower,2,11,15,8,36,1,10,223,2,236,3,21,238,10,272,340,41,381,653
12/05/2002,IWA,AZ,AWP,WE,Federal Contract Tower,3,6,11,13,33,0,19,261,8,288,3,25,272,21,321,381,22,403,724
12/06/2002,IWA,AZ,AWP,WE,Federal Contract Tower,3,6,11,11,31,1,13,257,6,277,4,19,268,17,308,396,23,419,727
12/07/2002,IWA,AZ,AWP,WE,Federal Contract Tower,0,1,10,17,28,0,4,223,4,231,0,5,233,21,259,307,30,337,596
12/08/2002,IWA,AZ,AWP,WE,Federal Contract Tower,0,0,4,0,4,0,11,166,3,180,0,11,170,3,184,128,0,128,312
12/09/2002,IWA,AZ,AWP,WE,Federal Contract Tower,1,9,18,8,36,0,14,213,6,233,1,23,231,14,269,285,12,297,566
12/10/2002,IWA,AZ,AWP,WE,Federal Contract Tower,5,8,20,4,37,0,11,149,17,177,5,19,169,21,214,271,9,280,494
12/11/2002,IWA,AZ,AWP,WE,Federal Contract Tower,3,10,8,4,25,0,19,255,0,274,3,29,263,4,299,174,149,323,622
12/12/2002,IWA,AZ,AWP,WE,Federal Contract Tower,3,7,4,10,24,0,26,261,9,296,3,33,265,19,320,266,12,278,598
12/13/2002,IWA,AZ,AWP,WE,Federal Contract Tower,3,6,9,12,30,0,16,238,1,255,3,22,247,13,285,294,21,315,600
12/14/2002,IWA,AZ,AWP,WE,Federal Contract Tower,2,0,6,14,22,0,31,226,2,259,2,31,232,16,281,366,14,380,661
12/15/2002,IWA,AZ,AWP,WE,Federal Contract Tower,0,0,7,4,11,0,23,164,6,193,0,23,171,10,204,316,0,316,520
12/16/2002,IWA,AZ,AWP,WE,Federal Contract Tower,1,9,13,13,36,0,14,225,0,239,1,23,238,13,275,364,34,398,673
12/17/2002,IWA,AZ,AWP,WE,Federal Contract Tower,3,8,22,11,44,1,28,140,2,171,4,36,162,13,215,317,34,351,566
12/18/2002,IWA,AZ,AWP,WE,Federal Contract Tower,3,6,3,10,22,0,28,225,0,253,3,34,228,10,275,266,21,287,562
12/19/2002,IWA,AZ,AWP,WE,Federal Contract Tower,3,6,3,7,19,0,22,222,12,256,3,28,225,19,275,323,15,338,613
12/20/2002,IWA,AZ,AWP,WE,Federal Contract Tower,2,4,5,11,22,0,11,146,1,158,2,15,151,12,180,168,48,216,396
12/21/2002,IWA,AZ,AWP,WE,Federal Contract Tower,4,0,3,0,7,0,17,154,0,171,4,17,157,0,178,243,0,243,421
12/22/2002,IWA,AZ,AWP,WE,Federal Contract Tower,0,1,0,4,5,0,4,80,2,86,0,5,80,6,91,67,0,67,158
12/23/2002,IWA,AZ,AWP,WE,Federal Contract Tower,2,1,37,1,41,0,2,6,0,8,2,3,43,1,49,31,0,31,80
12/24/2002,IWA,AZ,AWP,WE,Federal Contract Tower,0,0,0,0,0,0,7,99,0,106,0,7,99,0,106,86,0,86,192
12/25/2002,IWA,AZ,AWP,WE,Federal Contract Tower,0,0,1,0,1,0,8,27,0,35,0,8,28,0,36,11,0,11,47
12/26/2002,IWA,AZ,AWP,WE,Federal Contract Tower,0,1,4,0,5,0,6,193,0,199,0,7,197,0,204,310,0,310,514
12/27/2002,IWA,AZ,AWP,WE,Federal Contract Tower,1,1,5,0,7,0,10,152,2,164,1,11,157,2,171,184,0,184,355
12/28/2002,IWA,AZ,AWP,WE,Federal Contract Tower,0,0,4,2,6,0,3,99,10,112,0,3,103,12,118,129,6,135,253
12/29/2002,IWA,AZ,AWP,WE,Federal Contract Tower,0,0,3,0,3,0,16,122,1,139,0,16,125,1,142,101,0,101,243
12/30/2002,IWA,AZ,AWP,WE,Federal Contract Tower,1,0,8,6,15,0,15,177,0,192,1,15,185,6,207,279,17,296,503
12/31/2002,IWA,AZ,AWP,WE,Federal Contract Tower,0,1,3,0,4,0,16,146,0,162,0,17,149,0,166,157,0,157,323
01/01/2003,IWA,AZ,AWP,WE,Federal Contract Tower,0,0,9,0,9,0,16,87,0,103,0,16,96,0,112,119,0,119,231
01/02/2003,IWA,AZ,AWP,WE,Federal Contract Tower,0,0,9,5,14,0,13,191,2,206,0,13,200,7,220,221,10,231,451
01/03/2003,IWA,AZ,AWP,WE,Federal Contract Tower,4,2,15,6,27,0,17,180,7,204,4,19,195,13,231,242,38,280,511
01/04/2003,IWA,AZ,AWP,WE,Federal Contract Tower,0,0,2,6,8,0,4,184,11,199,0,4,186,17,207,287,10,297,504
01/05/2003,IWA,AZ,AWP,WE,Federal Contract Tower,0,0,8,1,9,0,13,166,2,181,0,13,174,3,190,162,0,162,352
01/06/2003,IWA,AZ,AWP,WE,Federal Contract Tower,1,6,6,11,24,0,22,140,2,164,1,28,146,13,188,224,2,226,414
01/07/2003,IWA,AZ,AWP,WE,Federal Contract Tower,3,6,22,8,39,0,16,171,1,188,3,22,193,9,227,303,29,332,559
01/08/2003,IWA,AZ,AWP,WE,Federal Contract Tower,3,9,15,8,35,2,9,104,1,116,5,18,119,9,151,163,4,167,318
01/09/2003,IWA,AZ,AWP,WE,Federal Contract Tower,5,7,28,4,44,0,21,102,11,134,5,28,130,15,178,163,0,163,341
01/10/2003,IWA,AZ,AWP,WE,Federal Contract Tower,4,7,20,21,52,0,10,284,7,301,4,17,304,28,353,327,22,349,702
01/11/2003,IWA,AZ,AWP,WE,Federal Contract Tower,2,0,17,7,26,0,12,138,9,159,2,12,155,16,185,387,24,411,596
01/12/2003,IWA,AZ,AWP,WE,Federal Contract Tower,0,1,6,6,13,0,10,132,6,148,0,11,138,12,161,185,0,185,346
01/13/2003,IWA,AZ,AWP,WE,Federal Contract Tower,1,6,18,1,26,0,22,240,12,274,1,28,258,13,300,411,15,426,726
01/14/2003,IWA,AZ,AWP,WE,Federal Contract Tower,3,6,13,8,30,0,18,284,6,308,3,24,297,14,338,428,19,447,785
01/15/2003,IWA,AZ,AWP,WE,Federal Contract Tower,3,6,12,6,27,0,17,217,5,239,3,23,229,11,266,444,22,466,732
01/16/2003,IWA,AZ,AWP,WE,Federal Contract Tower,3,6,24,13,46,0,10,288,4,302,3,16,312,17,348,379,9,388,736
01/17/2003,IWA,AZ,AWP,WE,Federal Contract Tower,3,6,22,16,47,0,8,197,12,217,3,14,219,28,264,416,31,447,711
01/18/2003,IWA,AZ,AWP,WE,Federal Contract Tower,0,0,5,5,10,0,17,231,4,252,0,17,236,9,262,289,14,303,565
01/19/2003,IWA,AZ,AWP,WE,Federal Contract Tower,0,1,7,11,19,0,6,148,1,155,0,7,155,12,174,164,40,204,378
01/20/2003,IWA,AZ,AWP,WE,Federal Contract Tower,0,8,8,2,18,0,14,161,3,178,0,22,169,5,196,291,3,294,490
01/21/2003,IWA,AZ,AWP,WE,Federal Contract Tower,1,6,14,7,28,0,6,194,4,204,1,12,208,11,232,402,26,428,660
01/22/2003,IWA,AZ,AWP,WE,Federal Contract Tower,3,11,17,14,45,0,9,207,7,223,3,20,224,21,268,391,31,422,690
01/23/2003,IWA,AZ,AWP,WE,Federal Contract Tower,3,9,21,17,50,0,14,212,5,231,3,23,233,22,281,433,42,475,756
01/24/2003,IWA,AZ,AWP,WE,Federal Contract Tower,2,8,29,20,59,0,16,174,11,201,2,24,203,31,260,283,30,313,573
01/25/2003,IWA,AZ,AWP,WE,Federal Contract Tower,2,1,17,2,22,0,25,205,2,232,2,26,222,4,254,323,0,323,577
01/26/2003,IWA,AZ,AWP,WE,Federal Contract Tower,0,1,10,5,16,0,25,149,0,174,0,26,159,5,190,181,0,181,371
01/27/2003,IWA,AZ,AWP,WE,Federal Contract Tower,3,9,12,5,29,0,8,178,9,195,3,17,190,14,224,293,40,333,557
01/28/2003,IWA,AZ,AWP,WE,Federal Contract Tower,3,7,13,3,26,0,15,234,3,252,3,22,247,6,278,390,4,394,672
01/29/2003,IWA,AZ,AWP,WE,Federal Contract Tower,3,7,18,8,36,0,22,270,5,297,3,29,288,13,333,493,34,527,860
01/30/2003,IWA,AZ,AWP,WE,Federal Contract Tower,4,6,15,5,30,0,9,210,14,233,4,15,225,19,263,376,26,402,665
01/31/2003,IWA,AZ,AWP,WE,Federal Contract Tower,3,6,12,32,53,0,10,208,5,223,3,16,220,37,276,416,11,427,703
02/01/2003,IWA,AZ,AWP,WE,Federal Contract Tower,0,0,12,5,17,0,16,182,2,200,0,16,194,7,217,272,5,277,494
02/02/2003,IWA,AZ,AWP,WE,Federal Contract Tower,0,0,4,7,11,0,13,118,3,134,0,13,122,10,145,110,0,110,255
02/03/2003,IWA,AZ,AWP,WE,Federal Contract Tower,3,6,8,5,22,0,5,184,0,189,3,11,192,5,211,409,10,419,630
02/04/2003,IWA,AZ,AWP,WE,Federal Contract Tower,3,7,12,4,26,0,19,194,3,216,3,26,206,7,242,350,16,366,608
02/05/2003,IWA,AZ,AWP,WE,Federal Contract Tower,3,7,22,10,42,0,7,202,1,210,3,14,224,11,252,401,25,426,678
02/06/2003,IWA,AZ,AWP,WE,Federal Contract Tower,3,6,9,15,33,0,14,251,6,271,3,20,260,21,304,389,21,410,714
02/07/2003,IWA,AZ,AWP,WE,Federal Contract Tower,2,8,18,12,40,0,7,211,3,221,2,15,229,15,261,426,22,448,709
02/08/2003,IWA,AZ,AWP,WE,Federal Contract Tower,1,0,13,3,17,1,18,152,1,172,2,18,165,4,189,259,15,274,463
02/09/2003,IWA,AZ,AWP,WE,Federal Contract Tower,0,2,5,9,16,0,24,156,5,185,0,26,161,14,201,220,2,222,423
02/10/2003,IWA,AZ,AWP,WE,Federal Contract Tower,3,9,15,4,31,0,18,255,4,277,3,27,270,8,308,345,2,347,655
02/11/2003,IWA,AZ,AWP,WE,Federal Contract Tower,5,6,6,6,23,0,18,200,5,223,5,24,206,11,246,252,9,261,507
02/12/2003,IWA,AZ,AWP,WE,Federal Contract Tower,4,9,14,3,30,0,7,147,4,158,4,16,161,7,188,298,9,307,495
02/13/2003,IWA,AZ,AWP,WE,Federal Contract Tower,3,6,8,2,19,0,11,40,4,55,3,17,48,6,74,40,0,40,114
02/14/2003,IWA,AZ,AWP,WE,Federal Contract Tower,0,14,37,2,53,1,11,37,2,51,1,25,74,4,104,153,0,153,257
02/15/2003,IWA,AZ,AWP,WE,Federal Contract Tower,0,3,21,6,30,0,15,108,3,126,0,18,129,9,156,136,11,147,303
02/16/2003,IWA,AZ,AWP,WE,Federal Contract Tower,0,2,6,4,12,0,20,195,3,218,0,22,201,7,230,208,11,219,449
02/17/2003,IWA,AZ,AWP,WE,Federal Contract Tower,0,2,18,3,23,0,16,286,2,304,0,18,304,5,327,487,1,488,815
02/18/2003,IWA,AZ,AWP,WE,Federal Contract Tower,3,8,22,9,42,0,9,238,1,248,3,17,260,10,290,396,3,399,689
02/19/2003,IWA,AZ,AWP,WE,Federal Contract Tower,3,6,20,3,32,0,18,337,14,369,3,24,357,17,401,511,7,518,919
02/20/2003,IWA,AZ,AWP,WE,Federal Contract Tower,3,8,18,6,35,0,10,224,13,247,3,18,242,19,282,441,6,447,729
02/21/2003,IWA,AZ,AWP,WE,Federal Contract Tower,3,7,27,28,65,0,15,234,11,260,3,22,261,39,325,377,21,398,723
02/22/2003,IWA,AZ,AWP,WE,Federal Contract Tower,1,0,18,10,29,0,17,260,2,279,1,17,278,12,308,372,0,372,680
02/23/2003,IWA,AZ,AWP,WE,Federal Contract Tower,3,0,5,11,19,0,20,188,2,210,3,20,193,13,229,187,8,195,424
02/24/2003,IWA,AZ,AWP,WE,Federal Contract Tower,4,7,18,6,35,0,15,203,1,219,4,22,221,7,254,376,0,376,630
02/25/2003,IWA,AZ,AWP,WE,Federal Contract Tower,3,8,34,5,50,0,11,48,5,64,3,19,82,10,114,129,0,129,243
02/26/2003,IWA,AZ,AWP,WE,Federal Contract Tower,5,9,16,5,35,0,8,100,1,109,5,17,116,6,144,249,23,272,416
02/27/2003,IWA,AZ,AWP,WE,Federal Contract Tower,3,8,13,6,30,0,8,109,13,130,3,16,122,19,160,221,4,225,385
02/28/2003,IWA,AZ,AWP,WE,Federal Contract Tower,3,9,17,21,50,0,5,175,0,180,3,14,192,21,230,191,45,236,466
03/01/2003,IWA,AZ,AWP,WE,Federal Contract Tower,0,0,18,3,21,0,7,153,10,170,0,7,171,13,191,360,16,376,567
03/02/2003,IWA,AZ,AWP,WE,Federal Contract Tower,0,1,4,4,9,0,19,130,7,156,0,20,134,11,165,165,0,165,330
03/03/2003,IWA,AZ,AWP,WE,Federal Contract Tower,3,6,14,2,25,0,14,206,4,224,3,20,220,6,249,407,6,413,662
03/04/2003,IWA,AZ,AWP,WE,Federal Contract Tower,3,6,16,1,26,0,19,218,3,240,3,25,234,4,266,425,15,440,706
03/05/2003,IWA,AZ,AWP,WE,Federal Contract Tower,3,6,14,6,29,0,11,278,1,290,3,17,292,7,319,413,9,422,741
03/06/2003,IWA,AZ,AWP,WE,Federal Contract Tower,3,6,17,14,40,0,17,183,5,205,3,23,200,19,245,366,22,388,633
03/07/2003,IWA,AZ,AWP,WE,Federal Contract Tower,4,7,13,19,43,0,5,218,8,231,4,12,231,27,274,370,12,382,656
03/08/2003,IWA,AZ,AWP,WE,Federal Contract Tower,0,1,4,2,7,2,13,170,4,189,2,14,174,6,196,273,68,341,537
03/09/2003,IWA,AZ,AWP,WE,Federal Contract Tower,0,1,3,7,11,0,25,190,2,217,0,26,193,9,228,199,4,203,431
03/10/2003,IWA,AZ,AWP,WE,Federal Contract Tower,3,6,5,8,22,0,17,211,23,251,3,23,216,31,273,251,49,300,573
03/11/2003,IWA,AZ,AWP,WE,Federal Contract Tower,3,7,14,12,36,0,21,265,9,295,3,28,279,21,331,327,14,341,672
03/12/2003,IWA,AZ,AWP,WE,Federal Contract Tower,2,3,11,8,24,1,17,246,1,265,3,20,257,9,289,382,8,390,679
03/13/2003,IWA,AZ,AWP,WE,Federal Contract Tower,3,7,8,15,33,0,13,311,7,331,3,20,319,22,364,390,17,407,771
03/14/2003,IWA,AZ,AWP,WE,Federal Contract Tower,2,7,7,18,34,0,14,253,11,278,2,21,260,29,312,220,27,247,559
03/15/2003,IWA,AZ,AWP,WE,Federal Contract Tower,0,1,5,5,11,0,11,182,7,200,0,12,187,12,211,275,15,290,501
03/16/2003,IWA,AZ,AWP,WE,Federal Contract Tower,0,2,15,3,20,0,1,62,2,65,0,3,77,5,85,63,2,65,150
03/17/2003,IWA,AZ,AWP,WE,Federal Contract Tower,3,6,12,0,21,0,16,103,2,121,3,22,115,2,142,186,0,186,328
03/18/2003,IWA,AZ,AWP,WE,Federal Contract Tower,3,6,10,11,30,0,14,190,12,216,3,20,200,23,246,207,14,221,467
03/19/2003,IWA,AZ,AWP,WE,Federal Contract Tower,3,5,10,16,34,0,9,207,0,216,3,14,217,16,250,395,22,417,667
03/20/2003,IWA,AZ,AWP,WE,Federal Contract Tower,4,6,21,7,38,0,14,145,7,166,4,20,166,14,204,320,31,351,555
03/21/2003,IWA,AZ,AWP,WE,Federal Contract Tower,4,6,18,11,39,0,25,184,0,209,4,31,202,11,248,370,0,370,618
03/22/2003,IWA,AZ,AWP,WE,Federal Contract Tower,0,0,6,1,7,0,12,161,0,173,0,12,167,1,180,263,0,263,443
03/23/2003,IWA,AZ,AWP,WE,Federal Contract Tower,1,0,8,2,11,0,21,147,0,168,1,21,155,2,179,159,0,159,338
03/24/2003,IWA,AZ,AWP,WE,Federal Contract Tower,3,2,16,7,28,0,12,195,12,219,3,14,211,19,247,345,25,370,617
03/25/2003,IWA,AZ,AWP,WE,Federal Contract Tower,3,5,14,5,27,0,12,245,0,257,3,17,259,5,284,402,16,418,702
03/26/2003,IWA,AZ,AWP,WE,Federal Contract Tower,3,5,16,4,28,0,11,215,0,226,3,16,231,4,254,407,2,409,663
03/27/2003,IWA,AZ,AWP,WE,Federal Contract Tower,5,7,12,10,34,0,20,145,1,166,5,27,157,11,200,265,15,280,480
03/28/2003,IWA,AZ,AWP,WE,Federal Contract Tower,3,7,14,19,43,0,9,175,15,199,3,16,189,34,242,183,23,206,448
03/29/2003,IWA,AZ,AWP,WE,Federal Contract Tower,0,0,2,1,3,0,12,148,3,163,0,12,150,4,166,121,0,121,287
03/30/2003,IWA,AZ,AWP,WE,Federal Contract Tower,3,0,1,8,12,0,12,145,1,158,3,12,146,9,170,159,0,159,329
03/31/2003,IWA,AZ,AWP,WE,Federal Contract Tower,6,6,14,6,32,0,7,245,12,264,6,13,259,18,296,345,8,353,649
04/01/2003,IWA,AZ,AWP,WE,Federal Contract Tower,5,6,9,6,26,1,16,209,3,229,6,22,218,9,255,249,16,265,520
04/02/2003,IWA,AZ,AWP,WE,Federal Contract Tower,5,6,11,12,34,0,5,172,0,177,5,11,183,12,211,229,16,245,456
04/03/2003,IWA,AZ,AWP,WE,Federal Contract Tower,3,5,8,6,22,0,8,223,4,235,3,13,231,10,257,317,24,341,598
04/04/2003,IWA,AZ,AWP,WE,Federal Contract Tower,2,6,14,15,37,0,4,233,3,240,2,10,247,18,277,278,17,295,572
04/05/2003,IWA,AZ,AWP,WE,Federal Contract Tower,0,5,12,10,27,0,14,141,0,155,0,19,153,10,182,209,21,230,412
04/06/2003,IWA,AZ,AWP,WE,Federal Contract Tower,0,0,7,9,16,0,13,159,5,177,0,13,166,14,193,222,8,230,423
04/07/2003,IWA,AZ,AWP,WE,Federal Contract Tower,1,6,14,6,27,0,14,191,2,207,1,20,205,8,234,374,6,380,614
04/08/2003,IWA,AZ,AWP,WE,Federal Contract Tower,2,6,11,7,26,0,5,204,4,213,2,11,215,11,239,319,25,344,583
04/09/2003,IWA,AZ,AWP,WE,Federal Contract Tower,2,6,7,15,30,0,16,204,9,229,2,22,211,24,259,371,62,433,692
04/10/2003,IWA,AZ,AWP,WE,Federal Contract Tower,2,4,11,10,27,2,16,214,5,237,4,20,225,15,264,331,28,359,623
04/11/2003,IWA,AZ,AWP,WE,Federal Contract Tower,3,6,10,29,48,0,7,216,6,229,3,13,226,35,277,320,17,337,614
04/12/2003,IWA,AZ,AWP,WE,Federal Contract Tower,0,0,7,7,14,0,12,162,3,177,0,12,169,10,191,354,12,366,557
04/13/2003,IWA,AZ,AWP,WE,Federal Contract Tower,0,0,5,21,26,0,15,144,0,159,0,15,149,21,185,143,0,143,328
04/14/2003,IWA,AZ,AWP,WE,Federal Contract Tower,1,6,9,4,20,0,13,157,2,172,1,19,166,6,192,206,6,212,404
04/15/2003,IWA,AZ,AWP,WE,Federal Contract Tower,3,6,9,4,22,0,14,153,9,176,3,20,162,13,198,201,20,221,419
04/16/2003,IWA,AZ,AWP,WE,Federal Contract Tower,3,5,11,11,30,0,18,220,0,238,3,23,231,11,268,360,14,374,642
04/17/2003,IWA,AZ,AWP,WE,Federal Contract Tower,4,6,3,7,20,0,20,156,5,181,4,26,159,12,201,209,13,222,423
04/18/2003,IWA,AZ,AWP,WE,Federal Contract Tower,2,6,9,10,27,0,6,212,3,221,2,12,221,13,248,391,14,405,653
04/19/2003,IWA,AZ,AWP,WE,Federal Contract Tower,0,0,5,3,8,0,12,133,0,145,0,12,138,3,153,169,0,169,322
04/20/2003,IWA,AZ,AWP,WE,Federal Contract Tower,0,0,1,0,1,0,16,94,1,111,0,16,95,1,112,54,0,54,166
04/21/2003,IWA,AZ,AWP,WE,Federal Contract Tower,3,8,11,8,30,0,12,211,0,223,3,20,222,8,253,360,6,366,619
04/22/2003,IWA,AZ,AWP,WE,Federal Contract Tower,3,6,15,2,26,0,11,203,7,221,3,17,218,9,247,259,18,277,524
04/23/2003,IWA,AZ,AWP,WE,Federal Contract Tower,2,6,16,10,34,0,12,204,7,223,2,18,220,17,257,342,39,381,638
04/24/2003,IWA,AZ,AWP,WE,Federal Contract Tower,3,6,16,8,33,0,9,199,2,210,3,15,215,10,243,329,12,341,584
04/25/2003,IWA,AZ,AWP,WE,Federal Contract Tower,2,6,18,11,37,0,18,178,4,200,2,24,196,15,237,292,38,330,567
04/26/2003,IWA,AZ,AWP,WE,Federal Contract Tower,0,0,10,1,11,0,11,144,0,155,0,11,154,1,166,219,0,219,385
04/27/2003,IWA,AZ,AWP,WE,Federal Contract Tower,0,0,3,10,13,0,27,158,4,189,0,27,161,14,202,193,14,207,409
04/28/2003,IWA,AZ,AWP,WE,Federal Contract Tower,3,8,12,4,27,0,13,203,2,218,3,21,215,6,245,410,0,410,655
04/29/2003,IWA,AZ,AWP,WE,Federal Contract Tower,3,7,14,4,28,4,9,186,6,205,7,16,200,10,233,307,20,327,560
04/30/2003,IWA,AZ,AWP,WE,Federal Contract Tower,3,6,10,10,29,0,15,220,2,237,3,21,230,12,266,343,20,363,629
05/01/2003,IWA,AZ,AWP,WE,Federal Contract Tower,4,6,16,14,40,0,15,211,7,233,4,21,227,21,273,229,44,273,546
05/02/2003,IWA,AZ,AWP,WE,Federal Contract Tower,2,5,17,32,56,0,10,196,1,207,2,15,213,33,263,274,17,291,554
05/03/2003,IWA,AZ,AWP,WE,Federal Contract Tower,0,1,4,3,8,0,23,128,4,155,0,24,132,7,163,163,0,163,326
05/04/2003,IWA,AZ,AWP,WE,Federal Contract Tower,0,1,5,0,6,0,11,150,9,170,0,12,155,9,176,180,0,180,356
05/05/2003,IWA,AZ,AWP,WE,Federal Contract Tower,1,8,15,3,27,0,8,234,4,246,1,16,249,7,273,275,12,287,560
05/06/2003,IWA,AZ,AWP,WE,Federal Contract Tower,3,7,14,1,25,0,30,187,11,228,3,37,201,12,253,207,13,220,473
05/07/2003,IWA,AZ,AWP,WE,Federal Contract Tower,3,6,17,6,32,0,14,206,8,228,3,20,223,14,260,190,18,208,468
05/08/2003,IWA,AZ,AWP,WE,Federal Contract Tower,3,6,19,15,43,0,13,224,6,243,3,19,243,21,286,118,9,127,413
05/09/2003,IWA,AZ,AWP,WE,Federal Contract Tower,3,6,12,13,34,0,4,181,1,186,3,10,193,14,220,186,22,208,428
05/10/2003,IWA,AZ,AWP,WE,Federal Contract Tower,0,2,6,6,14,0,9,181,0,190,0,11,187,6,204,225,0,225,429
05/11/2003,IWA,AZ,AWP,WE,Federal Contract Tower,0,0,3,3,6,0,16,124,3,143,0,16,127,6,149,81,0,81,230
05/12/2003,IWA,AZ,AWP,WE,Federal Contract Tower,3,6,5,6,20,0,6,198,2,206,3,12,203,8,226,304,8,312,538
05/13/2003,IWA,AZ,AWP,WE,Federal Contract Tower,4,6,3,8,21,0,14,202,8,224,4,20,205,16,245,242,15,257,502
05/14/2003,IWA,AZ,AWP,WE,Federal Contract Tower,3,7,12,3,25,0,15,202,9,226,3,22,214,12,251,235,10,245,496
05/15/2003,IWA,AZ,AWP,WE,Federal Contract Tower,3,6,6,9,24,0,9,226,7,242,3,15,232,16,266,175,19,194,460
05/16/2003,IWA,AZ,AWP,WE,Federal Contract Tower,2,6,4,12,24,0,9,258,0,267,2,15,262,12,291,208,19,227,518
05/17/2003,IWA,AZ,AWP,WE,Federal Contract Tower,2,0,3,7,12,0,10,145,7,162,2,10,148,14,174,142,26,168,342
05/18/2003,IWA,AZ,AWP,WE,Federal Contract Tower,1,0,4,10,15,0,18,125,0,143,1,18,129,10,158,86,4,90,248
05/19/2003,IWA,AZ,AWP,WE,Federal Contract Tower,3,6,10,8,27,1,10,160,2,173,4,16,170,10,200,246,1,247,447
05/20/2003,IWA,AZ,AWP,WE,Federal Contract Tower,2,8,12,8,30,0,12,187,3,202,2,20,199,11,232,226,15,241,473
05/21/2003,IWA,AZ,AWP,WE,Federal Contract Tower,1,2,6,6,15,2,15,196,1,214,3,17,202,7,229,159,14,173,402
05/22/2003,IWA,AZ,AWP,WE,Federal Contract Tower,5,10,9,5,29,0,11,250,4,265,5,21,259,9,294,228,20,248,542
05/23/2003,IWA,AZ,AWP,WE,Federal Contract Tower,2,6,8,14,30,1,14,178,0,193,3,20,186,14,223,242,36,278,501
05/24/2003,IWA,AZ,AWP,WE,Federal Contract Tower,0,0,8,2,10,0,16,182,3,201,0,16,190,5,211,210,4,214,425
05/25/2003,IWA,AZ,AWP,WE,Federal Contract Tower,2,0,0,4,6,0,5,126,0,131,2,5,126,4,137,142,0,142,279
05/26/2003,IWA,AZ,AWP,WE,Federal Contract Tower,0,0,3,14,17,0,10,151,3,164,0,10,154,17,181,259,0,259,440
05/27/2003,IWA,AZ,AWP,WE,Federal Contract Tower,5,6,0,7,18,0,13,201,4,218,5,19,201,11,236,238,46,284,520
05/28/2003,IWA,AZ,AWP,WE,Federal Contract Tower,4,6,0,1,11,2,21,145,3,171,6,27,145,4,182,174,20,194,376
05/29/2003,IWA,AZ,AWP,WE,Federal Contract Tower,4,6,7,9,26,0,16,167,6,189,4,22,174,15,215,188,24,212,427
05/30/2003,IWA,AZ,AWP,WE,Federal Contract Tower,4,7,3,10,24,0,10,177,2,189,4,17,180,12,213,175,8,183,396
05/31/2003,IWA,AZ,AWP,WE,Federal Contract Tower,2,0,4,7,13,0,11,144,4,159,2,11,148,11,172,152,2,154,326
06/01/2003,IWA,AZ,AWP,WE,Federal Contract Tower,0,2,3,0,5,0,8,144,0,152,0,10,147,0,157,107,0,107,264
06/02/2003,IWA,AZ,AWP,WE,Federal Contract Tower,3,6,2,2,13,0,14,187,6,207,3,20,189,8,220,233,10,243,463
06/03/2003,IWA,AZ,AWP,WE,Federal Contract Tower,3,9,5,8,25,0,10,200,15,225,3,19,205,23,250,281,16,297,547
06/04/2003,IWA,AZ,AWP,WE,Federal Contract Tower,4,8,5,5,22,0,5,197,4,206,4,13,202,9,228,241,14,255,483
06/05/2003,IWA,AZ,AWP,WE,Federal Contract Tower,3,6,1,3,13,0,12,190,4,206,3,18,191,7,219,353,10,363,582
06/06/2003,IWA,AZ,AWP,WE,Federal Contract Tower,3,6,9,16,34,0,9,186,9,204,3,15,195,25,238,369,3,372,610
06/07/2003,IWA,AZ,AWP,WE,Federal Contract Tower,1,0,5,1,7,0,13,151,0,164,1,13,156,1,171,176,0,176,347
06/08/2003,IWA,AZ,AWP,WE,Federal Contract Tower,1,0,0,7,8,0,11,122,7,140,1,11,122,14,148,106,0,106,254
06/09/2003,IWA,AZ,AWP,WE,Federal Contract Tower,1,6,5,6,18,0,11,164,1,176,1,17,169,7,194,237,3,240,434
06/10/2003,IWA,AZ,AWP,WE,Federal Contract Tower,3,6,5,12,26,0,9,162,4,175,3,15,167,16,201,216,35,251,452
06/11/2003,IWA,AZ,AWP,WE,Federal Contract Tower,3,9,4,6,22,0,13,189,0,202,3,22,193,6,224,229,18,247,471
06/12/2003,IWA,AZ,AWP,WE,Federal Contract Tower,4,11,6,4,25,0,5,189,6,200,4,16,195,10,225,349,4,353,578
06/13/2003,IWA,AZ,AWP,WE,Federal Contract Tower,2,9,14,12,37,0,17,148,2,167,2,26,162,14,204,283,8,291,495
06/14/2003,IWA,AZ,AWP,WE,Federal Contract Tower,0,0,9,4,13,0,21,132,2,155,0,21,141,6,168,284,3,287,455
06/15/2003,IWA,AZ,AWP,WE,Federal Contract Tower,0,1,2,4,7,0,17,110,1,128,0,18,112,5,135,101,0,101,236
06/16/2003,IWA,AZ,AWP,WE,Federal Contract Tower,1,6,8,13,28,0,20,192,4,216,1,26,200,17,244,255,40,295,539
06/17/2003,IWA,AZ,AWP,WE,Federal Contract Tower,3,6,13,6,28,0,4,173,7,184,3,10,186,13,212,246,2,248,460
06/18/2003,IWA,AZ,AWP,WE,Federal Contract Tower,4,6,4,5,19,0,13,235,5,253,4,19,239,10,272,320,29,349,621
06/19/2003,IWA,AZ,AWP,WE,Federal Contract Tower,4,8,6,19,37,0,7,201,10,218,4,15,207,29,255,267,21,288,543
06/20/2003,IWA,AZ,AWP,WE,Federal Contract Tower,2,6,11,27,46,0,15,188,2,205,2,21,199,29,251,150,50,200,451
06/21/2003,IWA,AZ,AWP,WE,Federal Contract Tower,0,0,5,6,11,0,3,140,4,147,0,3,145,10,158,143,0,143,301
06/22/2003,IWA,AZ,AWP,WE,Federal Contract Tower,0,0,4,15,19,0,18,137,0,155,0,18,141,15,174,125,2,127,301
06/23/2003,IWA,AZ,AWP,WE,Federal Contract Tower,3,6,10,5,24,0,9,213,0,222,3,15,223,5,246,328,3,331,577
06/24/2003,IWA,AZ,AWP,WE,Federal Contract Tower,3,7,7,11,28,0,18,168,0,186,3,25,175,11,214,279,33,312,526
06/25/2003,IWA,AZ,AWP,WE,Federal Contract Tower,4,6,13,11,34,0,15,187,0,202,4,21,200,11,236,307,45,352,588
06/26/2003,IWA,AZ,AWP,WE,Federal Contract Tower,3,6,10,6,25,0,22,190,4,216,3,28,200,10,241,406,6,412,653
06/27/2003,IWA,AZ,AWP,WE,Federal Contract Tower,3,6,14,11,34,0,20,142,9,171,3,26,156,20,205,194,58,252,457
06/28/2003,IWA,AZ,AWP,WE,Federal Contract Tower,1,0,10,1,12,0,7,170,2,179,1,7,180,3,191,235,2,237,428
06/29/2003,IWA,AZ,AWP,WE,Federal Contract Tower,0,0,1,5,6,0,13,115,4,132,0,13,116,9,138,145,12,157,295
06/30/2003,IWA,AZ,AWP,WE,Federal Contract Tower,1,6,3,15,25,0,13,187,4,204,1,19,190,19,229,244,64,308,537
07/01/2003,IWA,AZ,AWP,WE,Federal Contract Tower,4,7,8,8,27,0,13,212,13,238,4,20,220,21,265,275,21,296,561
07/02/2003,IWA,AZ,AWP,WE,Federal Contract Tower,3,6,10,10,29,0,26,156,0,182,3,32,166,10,211,204,16,220,431
07/03/2003,IWA,AZ,AWP,WE,Federal Contract Tower,4,1,7,8,20,0,17,205,0,222,4,18,212,8,242,201,8,209,451
07/04/2003,IWA,AZ,AWP,WE,Federal Contract Tower,0,1,4,1,6,0,4,103,1,108,0,5,107,2,114,130,0,130,244
07/05/2003,IWA,AZ,AWP,WE,Federal Contract Tower,0,0,3,2,5,0,20,98,0,118,0,20,101,2,123,96,0,96,219
07/06/2003,IWA,AZ,AWP,WE,Federal Contract Tower,0,0,7,5,12,0,7,75,0,82,0,7,82,5,94,41,0,41,135
07/07/2003,IWA,AZ,AWP,WE,Federal Contract Tower,3,8,6,6,23,0,10,176,0,186,3,18,182,6,209,229,2,231,440
07/08/2003,IWA,AZ,AWP,WE,Federal Contract Tower,4,6,9,9,28,0,7,192,5,204,4,13,201,14,232,235,14,249,481
07/09/2003,IWA,AZ,AWP,WE,Federal Contract Tower,3,6,11,3,23,0,14,172,6,192,3,20,183,9,215,311,7,318,533
07/10/2003,IWA,AZ,AWP,WE,Federal Contract Tower,3,6,16,8,33,0,25,198,8,231,3,31,214,16,264,305,47,352,616
07/11/2003,IWA,AZ,AWP,WE,Federal Contract Tower,3,7,14,18,42,0,18,207,10,235,3,25,221,28,277,222,15,237,514
07/12/2003,IWA,AZ,AWP,WE,Federal Contract Tower,0,0,3,13,16,0,5,140,2,147,0,5,143,15,163,111,12,123,286
07/13/2003,IWA,AZ,AWP,WE,Federal Contract Tower,0,0,1,8,9,0,10,133,1,144,0,10,134,9,153,69,2,71,224
07/14/2003,IWA,AZ,AWP,WE,Federal Contract Tower,7,8,8,3,26,0,25,227,4,256,7,33,235,7,282,267,2,269,551
07/15/2003,IWA,AZ,AWP,WE,Federal Contract Tower,3,6,10,7,26,0,7,232,0,239,3,13,242,7,265,209,11,220,485
07/16/2003,IWA,AZ,AWP,WE,Federal Contract Tower,3,6,9,9,27,0,9,216,3,228,3,15,225,12,255,296,1,297,552
07/17/2003,IWA,AZ,AWP,WE,Federal Contract Tower,3,6,4,5,18,0,11,158,6,175,3,17,162,11,193,162,28,190,383
07/18/2003,IWA,AZ,AWP,WE,Federal Contract Tower,3,7,4,3,17,0,21,205,3,229,3,28,209,6,246,150,6,156,402
07/19/2003,IWA,AZ,AWP,WE,Federal Contract Tower,0,1,0,0,1,0,14,111,0,125,0,15,111,0,126,150,0,150,276
07/20/2003,IWA,AZ,AWP,WE,Federal Contract Tower,0,1,7,7,15,0,14,105,6,125,0,15,112,13,140,124,0,124,264
07/21/2003,IWA,AZ,AWP,WE,Federal Contract Tower,3,7,13,7,30,0,11,160,0,171,3,18,173,7,201,250,10,260,461
07/22/2003,IWA,AZ,AWP,WE,Federal Contract Tower,3,5,11,10,29,0,21,133,5,159,3,26,144,15,188,152,14,166,354
07/23/2003,IWA,AZ,AWP,WE,Federal Contract Tower,3,7,9,6,25,0,12,156,8,176,3,19,165,14,201,188,16,204,405
07/24/2003,IWA,AZ,AWP,WE,Federal Contract Tower,4,6,6,7,23,0,13,153,14,180,4,19,159,21,203,162,18,180,383
07/25/2003,IWA,AZ,AWP,WE,Federal Contract Tower,5,6,12,20,43,0,6,169,6,181,5,12,181,26,224,277,13,290,514
07/26/2003,IWA,AZ,AWP,WE,Federal Contract Tower,0,0,11,10,21,0,1,154,2,157,0,1,165,12,178,140,0,140,318
07/27/2003,IWA,AZ,AWP,WE,Federal Contract Tower,2,0,4,7,13,0,15,112,1,128,2,15,116,8,141,66,2,68,209
07/28/2003,IWA,AZ,AWP,WE,Federal Contract Tower,0,6,13,5,24,0,4,128,2,134,0,10,141,7,158,184,4,188,346
07/29/2003,IWA,AZ,AWP,WE,Federal Contract Tower,4,7,14,13,38,0,7,119,0,126,4,14,133,13,164,120,6,126,290
07/30/2003,IWA,AZ,AWP,WE,Federal Contract Tower,3,6,6,8,23,0,18,175,8,201,3,24,181,16,224,234,22,256,480
07/31/2003,IWA,AZ,AWP,WE,Federal Contract Tower,3,6,15,11,35,0,16,160,14,190,3,22,175,25,225,213,39,252,477
08/01/2003,IWA,AZ,AWP,WE,Federal Contract Tower,3,9,4,17,33,0,15,141,4,160,3,24,145,21,193,204,21,225,418
08/02/2003,IWA,AZ,AWP,WE,Federal Contract Tower,0,0,7,3,10,0,11,133,6,150,0,11,140,9,160,206,8,214,374
08/03/2003,IWA,AZ,AWP,WE,Federal Contract Tower,0,0,0,7,7,0,16,138,2,156,0,16,138,9,163,90,0,90,253
08/04/2003,IWA,AZ,AWP,WE,Federal Contract Tower,1,7,15,5,28,0,15,151,3,169,1,22,166,8,197,145,5,150,347
08/05/2003,IWA,AZ,AWP,WE,Federal Contract Tower,4,8,13,6,31,0,19,216,3,238,4,27,229,9,269,200,14,214,483
08/06/2003,IWA,AZ,AWP,WE,Federal Contract Tower,3,7,10,2,22,0,23,221,2,246,3,30,231,4,268,213,0,213,481
08/07/2003,IWA,AZ,AWP,WE,Federal Contract Tower,3,6,15,7,31,0,13,171,14,198,3,19,186,21,229,196,31,227,456
08/08/2003,IWA,AZ,AWP,WE,Federal Contract Tower,3,6,11,21,41,0,13,111,7,131,3,19,122,28,172,130,22,152,324
08/09/2003,IWA,AZ,AWP,WE,Federal Contract Tower,0,0,9,10,19,0,24,125,11,160,0,24,134,21,179,134,11,145,324
08/10/2003,IWA,AZ,AWP,WE,Federal Contract Tower,0,0,4,5,9,0,11,81,3,95,0,11,85,8,104,58,0,58,162
08/11/2003,IWA,AZ,AWP,WE,Federal Contract Tower,3,6,3,11,23,0,6,132,0,138,3,12,135,11,161,193,3,196,357
08/12/2003,IWA,AZ,AWP,WE,Federal Contract Tower,4,6,5,5,20,0,21,167,16,204,4,27,172,21,224,196,19,215,439
08/13/2003,IWA,AZ,AWP,WE,Federal Contract Tower,6,6,6,5,23,0,20,146,5,171,6,26,152,10,194,235,14,249,443
08/14/2003,IWA,AZ,AWP,WE,Federal Contract Tower,4,7,9,6,26,0,3,126,5,134,4,10,135,11,160,89,12,101,261
08/15/2003,IWA,AZ,AWP,WE,Federal Contract Tower,2,6,8,11,27,0,25,175,15,215,2,31,183,26,242,182,32,214,456
08/16/2003,IWA,AZ,AWP,WE,Federal Contract Tower,0,0,4,9,13,0,14,135,0,149,0,14,139,9,162,207,0,207,369
08/17/2003,IWA,AZ,AWP,WE,Federal Contract Tower,0,0,5,3,8,0,7,101,0,108,0,7,106,3,116,71,0,71,187
08/18/2003,IWA,AZ,AWP,WE,Federal Contract Tower,2,6,10,6,24,0,23,115,4,142,2,29,125,10,166,134,8,142,308
08/19/2003,IWA,AZ,AWP,WE,Federal Contract Tower,3,6,7,0,16,0,11,133,10,154,3,17,140,10,170,184,2,186,356
08/20/2003,IWA,AZ,AWP,WE,Federal Contract Tower,3,6,8,4,21,0,14,184,0,198,3,20,192,4,219,290,10,300,519
08/21/2003,IWA,AZ,AWP,WE,Federal Contract Tower,3,7,1,6,17,0,11,183,14,208,3,18,184,20,225,308,6,314,539
08/22/2003,IWA,AZ,AWP,WE,Federal Contract Tower,3,8,2,22,35,1,8,139,5,153,4,16,141,27,188,156,29,185,373
08/23/2003,IWA,AZ,AWP,WE,Federal Contract Tower,0,0,3,12,15,0,14,113,0,127,0,14,116,12,142,96,18,114,256
08/24/2003,IWA,AZ,AWP,WE,Federal Contract Tower,0,0,1,9,10,0,5,114,1,120,0,5,115,10,130,83,4,87,217
08/25/2003,IWA,AZ,AWP,WE,Federal Contract Tower,1,6,14,5,26,0,11,121,11,143,1,17,135,16,169,184,6,190,359
08/26/2003,IWA,AZ,AWP,WE,Federal Contract Tower,3,10,12,4,29,0,7,118,16,141,3,17,130,20,170,171,20,191,361
08/27/2003,IWA,AZ,AWP,WE,Federal Contract Tower,3,6,15,16,40,0,16,177,0,193,3,22,192,16,233,272,35,307,540
08/28/2003,IWA,AZ,AWP,WE,Federal Contract Tower,4,6,12,22,44,0,13,157,14,184,4,19,169,36,228,201,11,212,440
08/29/2003,IWA,AZ,AWP,WE,Federal Contract Tower,2,0,13,10,25,0,10,163,5,178,2,10,176,15,203,228,14,242,445
08/30/2003,IWA,AZ,AWP,WE,Federal Contract Tower,0,0,7,2,9,0,13,155,7,175,0,13,162,9,184,192,0,192,376
08/31/2003,IWA,AZ,AWP,WE,Federal Contract Tower,1,0,4,7,12,0,8,107,0,115,1,8,111,7,127,83,0,83,210
09/01/2003,IWA,AZ,AWP,WE,Federal Contract Tower,0,2,2,2,6,0,15,142,0,157,0,17,144,2,163,214,0,214,377
09/02/2003,IWA,AZ,AWP,WE,Federal Contract Tower,3,6,12,5,26,0,21,147,0,168,3,27,159,5,194,193,2,195,389
09/03/2003,IWA,AZ,AWP,WE,Federal Contract Tower,2,8,10,1,21,0,4,188,5,197,2,12,198,6,218,273,0,273,491
09/04/2003,IWA,AZ,AWP,WE,Federal Contract Tower,2,7,16,13,38,0,12,137,10,159,2,19,153,23,197,152,28,180,377
09/05/2003,IWA,AZ,AWP,WE,Federal Contract Tower,3,6,17,22,48,0,8,159,4,171,3,14,176,26,219,259,5,264,483
09/06/2003,IWA,AZ,AWP,WE,Federal Contract Tower,0,0,14,8,22,0,14,129,3,146,0,14,143,11,168,111,0,111,279
09/07/2003,IWA,AZ,AWP,WE,Federal Contract Tower,0,0,4,18,22,0,7,111,13,131,0,7,115,31,153,103,0,103,256
09/08/2003,IWA,AZ,AWP,WE,Federal Contract Tower,4,6,14,12,36,0,6,134,3,143,4,12,148,15,179,191,14,205,384
09/09/2003,IWA,AZ,AWP,WE,Federal Contract Tower,4,7,7,9,27,0,10,104,14,128,4,17,111,23,155,141,19,160,315
09/10/2003,IWA,AZ,AWP,WE,Federal Contract Tower,3,6,19,6,34,0,16,157,4,177,3,22,176,10,211,256,15,271,482
09/11/2003,IWA,AZ,AWP,WE,Federal Contract Tower,5,5,14,10,34,0,16,179,3,198,5,21,193,13,232,324,30,354,586
09/12/2003,IWA,AZ,AWP,WE,Federal Contract Tower,4,6,4,26,40,0,7,172,5,184,4,13,176,31,224,306,20,326,550
09/13/2003,IWA,AZ,AWP,WE,Federal Contract Tower,0,0,5,11,16,0,11,179,14,204,0,11,184,25,220,180,0,180,400
09/14/2003,IWA,AZ,AWP,WE,Federal Contract Tower,0,0,1,13,14,0,15,124,8,147,0,15,125,21,161,144,0,144,305
09/15/2003,IWA,AZ,AWP,WE,Federal Contract Tower,1,6,11,7,25,0,6,157,3,166,1,12,168,10,191,270,2,272,463
09/16/2003,IWA,AZ,AWP,WE,Federal Contract Tower,4,6,15,15,40,1,11,148,3,163,5,17,163,18,203,330,7,337,540
09/17/2003,IWA,AZ,AWP,WE,Federal Contract Tower,4,8,17,4,33,0,18,196,1,215,4,26,213,5,248,318,0,318,566
09/18/2003,IWA,AZ,AWP,WE,Federal Contract Tower,3,7,26,8,44,0,22,187,6,215,3,29,213,14,259,352,11,363,622
09/19/2003,IWA,AZ,AWP,WE,Federal Contract Tower,3,10,5,6,24,0,18,214,17,249,3,28,219,23,273,278,0,278,551
09/20/2003,IWA,AZ,AWP,WE,Federal Contract Tower,0,1,8,4,13,0,21,182,9,212,0,22,190,13,225,217,0,217,442
09/21/2003,IWA,AZ,AWP,WE,Federal Contract Tower,0,0,5,12,17,0,23,135,17,175,0,23,140,29,192,221,0,221,413
09/22/2003,IWA,AZ,AWP,WE,Federal Contract Tower,3,5,25,6,39,0,18,149,2,169,3,23,174,8,208,306,6,312,520
09/23/2003,IWA,AZ,AWP,WE,Federal Contract Tower,3,6,22,9,40,0,8,172,14,194,3,14,194,23,234,376,8,384,618
09/24/2003,IWA,AZ,AWP,WE,Federal Contract Tower,3,5,32,5,45,0,13,156,8,177,3,18,188,13,222,337,2,339,561
09/25/2003,IWA,AZ,AWP,WE,Federal Contract Tower,3,6,23,7,39,0,19,162,15,196,3,25,185,22,235,320,31,351,586
09/26/2003,IWA,AZ,AWP,WE,Federal Contract Tower,3,6,12,10,31,0,9,213,1,223,3,15,225,11,254,340,9,349,603
09/27/2003,IWA,AZ,AWP,WE,Federal Contract Tower,0,0,8,0,8,0,25,182,2,209,0,25,190,2,217,243,0,243,460
09/28/2003,IWA,AZ,AWP,WE,Federal Contract Tower,0,0,0,4,4,0,17,114,3,134,0,17,114,7,138,97,0,97,235
09/29/2003,IWA,AZ,AWP,WE,Federal Contract Tower,1,6,9,13,29,0,12,197,0,209,1,18,206,13,238,374,8,382,620
09/30/2003,IWA,AZ,AWP,WE,Federal Contract Tower,3,6,10,1,20,0,17,205,3,225,3,23,215,4,245,434,10,444,689
10/01/2003,IWA,AZ,AWP,WE,Federal Contract Tower,3,6,16,7,32,0,4,249,0,253,3,10,265,7,285,312,0,312,597
10/02/2003,IWA,AZ,AWP,WE,Federal Contract Tower,3,5,14,13,35,0,27,209,6,242,3,32,223,19,277,287,17,304,581
10/03/2003,IWA,AZ,AWP,WE,Federal Contract Tower,2,4,12,9,27,0,19,179,9,207,2,23,191,18,234,331,26,357,591
10/04/2003,IWA,AZ,AWP,WE,Federal Contract Tower,0,0,1,1,2,0,20,166,5,191,0,20,167,6,193,348,0,348,541
10/05/2003,IWA,AZ,AWP,WE,Federal Contract Tower,0,2,5,5,12,0,10,142,14,166,0,12,147,19,178,151,0,151,329
10/06/2003,IWA,AZ,AWP,WE,Federal Contract Tower,1,6,16,14,37,0,16,175,1,192,1,22,191,15,229,323,6,329,558
10/07/2003,IWA,AZ,AWP,WE,Federal Contract Tower,3,5,15,13,36,0,13,217,6,236,3,18,232,19,272,431,0,431,703
10/08/2003,IWA,AZ,AWP,WE,Federal Contract Tower,3,7,21,18,49,0,11,232,5,248,3,18,253,23,297,419,27,446,743
10/09/2003,IWA,AZ,AWP,WE,Federal Contract Tower,2,4,11,9,26,1,5,210,3,219,3,9,221,12,245,320,26,346,591
10/10/2003,IWA,AZ,AWP,WE,Federal Contract Tower,3,7,20,17,47,0,9,155,10,174,3,16,175,27,221,287,34,321,542
10/11/2003,IWA,AZ,AWP,WE,Federal Contract Tower,0,2,6,4,12,0,5,188,11,204,0,7,194,15,216,249,0,249,465
10/12/2003,IWA,AZ,AWP,WE,Federal Contract Tower,0,3,9,8,20,0,11,137,4,152,0,14,146,12,172,141,0,141,313
10/13/2003,IWA,AZ,AWP,WE,Federal Contract Tower,2,5,14,3,24,0,12,200,0,212,2,17,214,3,236,366,6,372,608
10/14/2003,IWA,AZ,AWP,WE,Federal Contract Tower,3,6,18,9,36,0,20,204,0,224,3,26,222,9,260,474,0,474,734
10/15/2003,IWA,AZ,AWP,WE,Federal Contract Tower,2,7,16,14,39,2,17,187,16,222,4,24,203,30,261,349,36,385,646
10/16/2003,IWA,AZ,AWP,WE,Federal Contract Tower,3,7,17,14,41,0,13,275,3,291,3,20,292,17,332,443,3,446,778
10/17/2003,IWA,AZ,AWP,WE,Federal Contract Tower,3,10,27,22,62,0,13,231,14,258,3,23,258,36,320,296,10,306,626
10/18/2003,IWA,AZ,AWP,WE,Federal Contract Tower,0,2,5,3,10,0,6,184,12,202,0,8,189,15,212,280,15,295,507
10/19/2003,IWA,AZ,AWP,WE,Federal Contract Tower,1,4,10,6,21,1,5,153,5,164,2,9,163,11,185,165,10,175,360
10/20/2003,IWA,AZ,AWP,WE,Federal Contract Tower,2,5,13,9,29,0,12,180,7,199,2,17,193,16,228,273,0,273,501
10/21/2003,IWA,AZ,AWP,WE,Federal Contract Tower,4,9,24,17,54,0,7,174,15,196,4,16,198,32,250,303,35,338,588
10/22/2003,IWA,AZ,AWP,WE,Federal Contract Tower,2,5,14,10,31,1,14,233,0,248,3,19,247,10,279,374,32,406,685
10/23/2003,IWA,AZ,AWP,WE,Federal Contract Tower,2,4,13,10,29,1,21,230,14,266,3,25,243,24,295,436,22,458,753
10/24/2003,IWA,AZ,AWP,WE,Federal Contract Tower,3,8,23,18,52,0,9,219,9,237,3,17,242,27,289,461,5,466,755
10/25/2003,IWA,AZ,AWP,WE,Federal Contract Tower,0,2,7,6,15,0,14,165,21,200,0,16,172,27,215,214,6,220,435
10/26/2003,IWA,AZ,AWP,WE,Federal Contract Tower,0,1,4,2,7,0,18,121,18,157,0,19,125,20,164,82,5,87,251
10/27/2003,IWA,AZ,AWP,WE,Federal Contract Tower,2,4,13,6,25,2,16,189,0,207,4,20,202,6,232,321,0,321,553
10/28/2003,IWA,AZ,AWP,WE,Federal Contract Tower,2,4,13,9,28,2,11,228,4,245,4,15,241,13,273,436,17,453,726
10/29/2003,IWA,AZ,AWP,WE,Federal Contract Tower,2,4,12,5,23,2,19,224,0,245,4,23,236,5,268,348,0,348,616
10/30/2003,IWA,AZ,AWP,WE,Federal Contract Tower,2,5,14,11,32,2,17,153,2,174,4,22,167,13,206,221,6,227,433
10/31/2003,IWA,AZ,AWP,WE,Federal Contract Tower,1,4,10,8,23,1,10,154,9,174,2,14,164,17,197,274,21,295,492
11/01/2003,IWA,AZ,AWP,WE,Federal Contract Tower,0,1,6,5,12,0,12,128,1,141,0,13,134,6,153,183,15,198,351
11/02/2003,IWA,AZ,AWP,WE,Federal Contract Tower,1,2,2,3,8,1,20,157,6,184,2,22,159,9,192,172,0,172,364
11/03/2003,IWA,AZ,AWP,WE,Federal Contract Tower,3,3,13,5,24,0,13,190,0,203,3,16,203,5,227,330,22,352,579
11/04/2003,IWA,AZ,AWP,WE,Federal Contract Tower,4,6,18,15,43,1,13,211,9,234,5,19,229,24,277,487,10,497,774
11/05/2003,IWA,AZ,AWP,WE,Federal Contract Tower,3,4,12,2,21,1,14,272,0,287,4,18,284,2,308,450,5,455,763
11/06/2003,IWA,AZ,AWP,WE,Federal Contract Tower,4,8,23,18,53,0,18,226,4,248,4,26,249,22,301,387,14,401,702
11/07/2003,IWA,AZ,AWP,WE,Federal Contract Tower,3,7,23,18,51,0,12,211,19,242,3,19,234,37,293,359,51,410,703
11/08/2003,IWA,AZ,AWP,WE,Federal Contract Tower,0,3,7,5,15,0,7,217,20,244,0,10,224,25,259,239,2,241,500
11/09/2003,IWA,AZ,AWP,WE,Federal Contract Tower,0,2,6,3,11,0,9,179,19,207,0,11,185,22,218,159,2,161,379
11/10/2003,IWA,AZ,AWP,WE,Federal Contract Tower,1,3,6,4,14,0,12,179,4,195,1,15,185,8,209,355,9,364,573
11/11/2003,IWA,AZ,AWP,WE,Federal Contract Tower,1,6,17,1,25,0,3,199,0,202,1,9,216,1,227,385,0,385,612
11/12/2003,IWA,AZ,AWP,WE,Federal Contract Tower,2,4,12,4,22,1,12,104,0,117,3,16,116,4,139,198,0,198,337
11/13/2003,IWA,AZ,AWP,WE,Federal Contract Tower,5,7,25,17,54,0,19,141,11,171,5,26,166,28,225,273,24,297,522
11/14/2003,IWA,AZ,AWP,WE,Federal Contract Tower,2,7,29,21,59,0,7,194,30,231,2,14,223,51,290,336,67,403,693
11/15/2003,IWA,AZ,AWP,WE,Federal Contract Tower,1,3,12,8,24,1,9,199,14,223,2,12,211,22,247,235,9,244,491
11/16/2003,IWA,AZ,AWP,WE,Federal Contract Tower,0,2,11,8,21,0,19,169,22,210,0,21,180,30,231,159,8,167,398
11/17/2003,IWA,AZ,AWP,WE,Federal Contract Tower,3,6,23,17,49,0,12,190,7,209,3,18,213,24,258,420,16,436,694
11/18/2003,IWA,AZ,AWP,WE,Federal Contract Tower,3,5,19,13,40,1,15,218,1,235,4,20,237,14,275,347,7,354,629
11/19/2003,IWA,AZ,AWP,WE,Federal Contract Tower,2,4,17,12,35,3,26,237,25,291,5,30,254,37,326,392,20,412,738
11/20/2003,IWA,AZ,AWP,WE,Federal Contract Tower,2,4,17,12,35,2,19,225,4,250,4,23,242,16,285,424,41,465,750
11/21/2003,IWA,AZ,AWP,WE,Federal Contract Tower,3,8,28,20,59,0,15,275,11,301,3,23,303,31,360,336,15,351,711
11/22/2003,IWA,AZ,AWP,WE,Federal Contract Tower,1,2,9,7,19,2,9,93,10,114,3,11,102,17,133,161,0,161,294
11/23/2003,IWA,AZ,AWP,WE,Federal Contract Tower,0,3,10,7,20,0,0,172,20,192,0,3,182,27,212,228,2,230,442
11/24/2003,IWA,AZ,AWP,WE,Federal Contract Tower,2,3,13,7,25,1,20,241,0,262,3,23,254,7,287,409,0,409,696
11/25/2003,IWA,AZ,AWP,WE,Federal Contract Tower,1,1,7,5,14,2,9,138,2,151,3,10,145,7,165,250,15,265,430
11/26/2003,IWA,AZ,AWP,WE,Federal Contract Tower,1,2,9,6,18,2,29,236,63,330,3,31,245,69,348,335,15,350,698
11/27/2003,IWA,AZ,AWP,WE,Federal Contract Tower,0,0,2,0,2,0,19,59,0,78,0,19,61,0,80,53,0,53,133
11/28/2003,IWA,AZ,AWP,WE,Federal Contract Tower,0,0,1,0,1,0,14,158,4,176,0,14,159,4,177,263,0,263,440
11/29/2003,IWA,AZ,AWP,WE,Federal Contract Tower,0,0,4,3,7,0,8,203,2,213,0,8,207,5,220,226,1,227,447
11/30/2003,IWA,AZ,AWP,WE,Federal Contract Tower,0,0,4,2,6,0,12,188,0,200,0,12,192,2,206,203,0,203,409
12/01/2003,IWA,AZ,AWP,WE,Federal Contract Tower,1,4,11,8,24,0,17,159,0,176,1,21,170,8,200,311,37,348,548
12/02/2003,IWA,AZ,AWP,WE,Federal Contract Tower,4,6,17,20,47,0,21,244,5,270,4,27,261,25,317,542,38,580,897
12/03/2003,IWA,AZ,AWP,WE,Federal Contract Tower,4,4,12,15,35,0,14,220,13,247,4,18,232,28,282,402,10,412,694
12/04/2003,IWA,AZ,AWP,WE,Federal Contract Tower,3,5,12,15,35,0,24,238,14,276,3,29,250,29,311,333,104,437,748
12/05/2003,IWA,AZ,AWP,WE,Federal Contract Tower,2,7,20,22,51,0,18,233,29,280,2,25,253,51,331,494,41,535,866
12/06/2003,IWA,AZ,AWP,WE,Federal Contract Tower,0,1,5,5,11,0,7,216,4,227,0,8,221,9,238,314,0,314,552
12/07/2003,IWA,AZ,AWP,WE,Federal Contract Tower,0,3,10,10,23,0,6,192,12,210,0,9,202,22,233,220,10,230,463
12/08/2003,IWA,AZ,AWP,WE,Federal Contract Tower,1,4,12,13,30,0,11,153,1,165,1,15,165,14,195,353,36,389,584
12/09/2003,IWA,AZ,AWP,WE,Federal Contract Tower,3,6,13,15,37,1,7,215,7,230,4,13,228,22,267,479,14,493,760
12/10/2003,IWA,AZ,AWP,WE,Federal Contract Tower,3,6,15,17,41,0,12,218,6,236,3,18,233,23,277,551,46,597,874
12/11/2003,IWA,AZ,AWP,WE,Federal Contract Tower,2,5,13,14,34,1,7,240,0,248,3,12,253,14,282,439,11,450,732
12/12/2003,IWA,AZ,AWP,WE,Federal Contract Tower,3,8,21,24,56,0,11,209,6,226,3,19,230,30,282,360,15,375,657
12/13/2003,IWA,AZ,AWP,WE,Federal Contract Tower,2,5,13,12,32,2,14,182,19,217,4,19,195,31,249,206,2,208,457
12/14/2003,IWA,AZ,AWP,WE,Federal Contract Tower,0,1,3,1,5,1,6,177,0,184,1,7,180,1,189,247,0,247,436
12/15/2003,IWA,AZ,AWP,WE,Federal Contract Tower,3,6,16,15,40,1,4,197,0,202,4,10,213,15,242,360,19,379,621
12/16/2003,IWA,AZ,AWP,WE,Federal Contract Tower,3,6,14,15,38,2,16,206,7,231,5,22,220,22,269,336,18,354,623
12/17/2003,IWA,AZ,AWP,WE,Federal Contract Tower,2,5,14,14,35,3,17,206,6,232,5,22,220,20,267,420,14,434,701
12/18/2003,IWA,AZ,AWP,WE,Federal Contract Tower,2,5,14,11,32,2,8,242,0,252,4,13,256,11,284,448,5,453,737
12/19/2003,IWA,AZ,AWP,WE,Federal Contract Tower,2,4,11,11,28,1,19,214,7,241,3,23,225,18,269,341,27,368,637
12/20/2003,IWA,AZ,AWP,WE,Federal Contract Tower,0,2,4,3,9,1,5,133,9,148,1,7,137,12,157,278,14,292,449
12/21/2003,IWA,AZ,AWP,WE,Federal Contract Tower,0,2,4,3,9,0,6,161,1,168,0,8,165,4,177,258,0,258,435
12/22/2003,IWA,AZ,AWP,WE,Federal Contract Tower,1,3,8,7,19,1,12,247,6,266,2,15,255,13,285,430,6,436,721
12/23/2003,IWA,AZ,AWP,WE,Federal Contract Tower,2,5,13,13,33,1,7,187,15,210,3,12,200,28,243,281,22,303,546
12/24/2003,IWA,AZ,AWP,WE,Federal Contract Tower,0,1,1,1,3,0,20,156,3,179,0,21,157,4,182,151,0,151,333
12/25/2003,IWA,AZ,AWP,WE,Federal Contract Tower,0,1,3,0,4,0,12,39,0,51,0,13,42,0,55,11,0,11,66
12/26/2003,IWA,AZ,AWP,WE,Federal Contract Tower,0,0,0,0,0,0,6,104,0,110,0,6,104,0,110,236,0,236,346
12/27/2003,IWA,AZ,AWP,WE,Federal Contract Tower,0,0,2,0,2,0,15,164,0,179,0,15,166,0,181,292,0,292,473
12/28/2003,IWA,AZ,AWP,WE,Federal Contract Tower,0,0,2,2,4,0,19,159,0,178,0,19,161,2,182,212,0,212,394
12/29/2003,IWA,AZ,AWP,WE,Federal Contract Tower,0,1,5,5,11,3,8,205,5,221,3,9,210,10,232,346,24,370,602
12/30/2003,IWA,AZ,AWP,WE,Federal Contract Tower,1,2,6,4,13,2,5,173,0,180,3,7,179,4,193,382,0,382,575
12/31/2003,IWA,AZ,AWP,WE,Federal Contract Tower,0,0,3,3,6,1,13,190,0,204,1,13,193,3,210,390,4,394,604
01/01/2004,IWA,AZ,AWP,WE,Federal Contract Tower,0,2,3,0,5,3,14,65,0,82,3,16,68,0,87,138,0,138,225
01/02/2004,IWA,AZ,AWP,WE,Federal Contract Tower,0,3,2,0,5,0,17,191,0,208,0,20,193,0,213,380,0,380,593
01/03/2004,IWA,AZ,AWP,WE,Federal Contract Tower,0,3,3,0,6,2,15,114,0,131,2,18,117,0,137,220,0,220,357
01/04/2004,IWA,AZ,AWP,WE,Federal Contract Tower,0,1,3,0,4,0,8,140,0,148,0,9,143,0,152,299,0,299,451
01/05/2004,IWA,AZ,AWP,WE,Federal Contract Tower,2,4,8,6,20,1,15,201,0,217,3,19,209,6,237,241,16,257,494
01/06/2004,IWA,AZ,AWP,WE,Federal Contract Tower,2,4,11,8,25,3,14,194,4,215,5,18,205,12,240,340,10,350,590
01/07/2004,IWA,AZ,AWP,WE,Federal Contract Tower,3,7,20,15,45,0,3,206,15,224,3,10,226,30,269,442,63,505,774
01/08/2004,IWA,AZ,AWP,WE,Federal Contract Tower,3,5,17,14,39,0,16,209,13,238,3,21,226,27,277,410,34,444,721
01/09/2004,IWA,AZ,AWP,WE,Federal Contract Tower,3,9,28,22,62,0,15,209,21,245,3,24,237,43,307,459,20,479,786
01/10/2004,IWA,AZ,AWP,WE,Federal Contract Tower,0,2,7,5,14,0,16,177,11,204,0,18,184,16,218,323,7,330,548
01/11/2004,IWA,AZ,AWP,WE,Federal Contract Tower,2,3,11,9,25,1,21,124,11,157,3,24,135,20,182,277,2,279,461
01/12/2004,IWA,AZ,AWP,WE,Federal Contract Tower,4,6,20,16,46,1,9,203,2,215,5,15,223,18,261,548,18,566,827
01/13/2004,IWA,AZ,AWP,WE,Federal Contract Tower,3,4,14,12,33,3,9,209,9,230,6,13,223,21,263,433,15,448,711
01/14/2004,IWA,AZ,AWP,WE,Federal Contract Tower,3,5,15,10,33,1,19,206,0,226,4,24,221,10,259,355,22,377,636
01/15/2004,IWA,AZ,AWP,WE,Federal Contract Tower,3,5,16,13,37,0,17,178,12,207,3,22,194,25,244,427,30,457,701
01/16/2004,IWA,AZ,AWP,WE,Federal Contract Tower,4,8,27,21,60,0,11,226,22,259,4,19,253,43,319,476,51,527,846
01/17/2004,IWA,AZ,AWP,WE,Federal Contract Tower,0,3,12,9,24,0,11,207,15,233,0,14,219,24,257,458,4,462,719
01/18/2004,IWA,AZ,AWP,WE,Federal Contract Tower,0,2,9,6,17,0,16,160,15,191,0,18,169,21,208,279,0,279,487
01/19/2004,IWA,AZ,AWP,WE,Federal Contract Tower,0,5,16,12,33,0,12,234,2,248,0,17,250,14,281,450,13,463,744
01/20/2004,IWA,AZ,AWP,WE,Federal Contract Tower,3,4,15,10,32,0,20,217,5,242,3,24,232,15,274,538,22,560,834
01/21/2004,IWA,AZ,AWP,WE,Federal Contract Tower,3,3,12,5,23,0,13,112,0,125,3,16,124,5,148,215,2,217,365
01/22/2004,IWA,AZ,AWP,WE,Federal Contract Tower,2,5,14,10,31,1,11,152,11,175,3,16,166,21,206,226,29,255,461
01/23/2004,IWA,AZ,AWP,WE,Federal Contract Tower,3,7,22,16,48,0,18,182,25,225,3,25,204,41,273,553,35,588,861
01/24/2004,IWA,AZ,AWP,WE,Federal Contract Tower,0,5,17,8,30,0,8,109,0,117,0,13,126,8,147,394,0,394,541
01/25/2004,IWA,AZ,AWP,WE,Federal Contract Tower,0,4,15,11,30,0,19,68,1,88,0,23,83,12,118,185,2,187,305
01/26/2004,IWA,AZ,AWP,WE,Federal Contract Tower,3,5,20,15,43,2,17,233,2,254,5,22,253,17,297,720,20,740,1037
01/27/2004,IWA,AZ,AWP,WE,Federal Contract Tower,1,3,11,8,23,1,13,191,9,214,2,16,202,17,237,484,17,501,738
01/28/2004,IWA,AZ,AWP,WE,Federal Contract Tower,2,4,15,11,32,2,16,179,5,202,4,20,194,16,234,554,7,561,795
01/29/2004,IWA,AZ,AWP,WE,Federal Contract Tower,2,4,15,11,32,1,24,227,9,261,3,28,242,20,293,493,35,528,821
01/30/2004,IWA,AZ,AWP,WE,Federal Contract Tower,2,3,13,10,28,1,21,194,8,224,3,24,207,18,252,434,8,442,694
01/31/2004,IWA,AZ,AWP,WE,Federal Contract Tower,2,4,14,10,30,2,9,120,26,157,4,13,134,36,187,333,24,357,544
02/01/2004,IWA,AZ,AWP,WE,Federal Contract Tower,0,2,2,5,9,0,6,150,13,169,0,8,152,18,178,317,3,320,498
02/02/2004,IWA,AZ,AWP,WE,Federal Contract Tower,1,4,6,12,23,0,13,239,4,256,1,17,245,16,279,501,0,501,780
02/03/2004,IWA,AZ,AWP,WE,Federal Contract Tower,3,6,10,9,28,0,1,140,0,141,3,7,150,9,169,457,17,474,643
02/04/2004,IWA,AZ,AWP,WE,Federal Contract Tower,3,4,8,5,20,2,24,187,0,213,5,28,195,5,233,451,10,461,694
02/05/2004,IWA,AZ,AWP,WE,Federal Contract Tower,3,5,8,11,27,0,15,188,0,203,3,20,196,11,230,474,9,483,713
02/06/2004,IWA,AZ,AWP,WE,Federal Contract Tower,2,11,21,30,64,0,19,198,37,254,2,30,219,67,318,508,55,563,881
02/07/2004,IWA,AZ,AWP,WE,Federal Contract Tower,0,3,5,8,16,0,8,204,25,237,0,11,209,33,253,449,10,459,712
02/08/2004,IWA,AZ,AWP,WE,Federal Contract Tower,1,6,12,17,36,0,3,159,28,190,1,9,171,45,226,293,1,294,520
02/09/2004,IWA,AZ,AWP,WE,Federal Contract Tower,2,3,8,9,22,0,34,201,2,237,2,37,209,11,259,488,37,525,784
02/10/2004,IWA,AZ,AWP,WE,Federal Contract Tower,3,4,9,13,29,0,16,226,21,263,3,20,235,34,292,479,0,479,771
02/11/2004,IWA,AZ,AWP,WE,Federal Contract Tower,3,4,9,10,26,1,27,231,0,259,4,31,240,10,285,539,19,558,843
02/12/2004,IWA,AZ,AWP,WE,Federal Contract Tower,3,4,11,14,32,0,18,186,7,211,3,22,197,21,243,459,17,476,719
02/13/2004,IWA,AZ,AWP,WE,Federal Contract Tower,4,5,13,17,39,0,13,231,7,251,4,18,244,24,290,333,22,355,645
02/14/2004,IWA,AZ,AWP,WE,Federal Contract Tower,0,4,9,12,25,0,8,197,16,221,0,12,206,28,246,437,30,467,713
02/15/2004,IWA,AZ,AWP,WE,Federal Contract Tower,0,2,3,4,9,2,10,126,4,142,2,12,129,8,151,308,0,308,459
02/16/2004,IWA,AZ,AWP,WE,Federal Contract Tower,0,2,6,4,12,0,16,253,0,269,0,18,259,4,281,674,0,674,955
02/17/2004,IWA,AZ,AWP,WE,Federal Contract Tower,3,5,12,17,37,0,15,250,4,269,3,20,262,21,306,693,44,737,1043
02/18/2004,IWA,AZ,AWP,WE,Federal Contract Tower,3,6,14,17,40,2,43,199,0,244,5,49,213,17,284,710,42,752,1036
02/19/2004,IWA,AZ,AWP,WE,Federal Contract Tower,3,5,11,14,33,1,15,192,0,208,4,20,203,14,241,671,17,688,929
02/20/2004,IWA,AZ,AWP,WE,Federal Contract Tower,3,5,13,18,39,2,16,240,17,275,5,21,253,35,314,544,44,588,902
02/21/2004,IWA,AZ,AWP,WE,Federal Contract Tower,0,1,4,5,10,1,13,198,12,224,1,14,202,17,234,535,3,538,772
02/22/2004,IWA,AZ,AWP,WE,Federal Contract Tower,1,2,7,10,20,1,26,126,5,158,2,28,133,15,178,347,22,369,547
02/23/2004,IWA,AZ,AWP,WE,Federal Contract Tower,1,5,13,14,33,0,39,71,0,110,1,44,84,14,143,255,7,262,405
02/24/2004,IWA,AZ,AWP,WE,Federal Contract Tower,2,4,9,11,26,1,8,174,0,183,3,12,183,11,209,542,30,572,781
02/25/2004,IWA,AZ,AWP,WE,Federal Contract Tower,2,4,11,15,32,1,19,207,9,236,3,23,218,24,268,578,9,587,855
02/26/2004,IWA,AZ,AWP,WE,Federal Contract Tower,3,5,14,19,41,2,12,193,17,224,5,17,207,36,265,537,61,598,863
02/27/2004,IWA,AZ,AWP,WE,Federal Contract Tower,2,4,11,15,32,2,24,114,10,150,4,28,125,25,182,411,24,435,617
02/28/2004,IWA,AZ,AWP,WE,Federal Contract Tower,0,1,4,5,10,2,14,193,1,210,2,15,197,6,220,387,16,403,623
02/29/2004,IWA,AZ,AWP,WE,Federal Contract Tower,1,2,5,7,15,1,14,128,9,152,2,16,133,16,167,339,0,339,506
03/01/2004,IWA,AZ,AWP,WE,Federal Contract Tower,4,5,11,15,35,0,19,185,0,204,4,24,196,15,239,528,4,532,771
03/02/2004,IWA,AZ,AWP,WE,Federal Contract Tower,3,4,9,13,29,0,12,122,9,143,3,16,131,22,172,362,42,404,576
03/03/2004,IWA,AZ,AWP,WE,Federal Contract Tower,6,6,15,17,44,3,25,137,0,165,9,31,152,17,209,445,17,462,671
03/04/2004,IWA,AZ,AWP,WE,Federal Contract Tower,4,10,22,2,38,0,2,51,0,53,4,12,73,2,91,5,0,5,96
03/05/2004,IWA,AZ,AWP,WE,Federal Contract Tower,6,9,21,29,65,0,12,133,5,150,6,21,154,34,215,393,24,417,632
03/06/2004,IWA,AZ,AWP,WE,Federal Contract Tower,0,1,2,4,7,0,11,263,10,284,0,12,265,14,291,434,0,434,725
03/07/2004,IWA,AZ,AWP,WE,Federal Contract Tower,1,1,3,4,9,0,18,168,19,205,1,19,171,23,214,304,0,304,518
03/08/2004,IWA,AZ,AWP,WE,Federal Contract Tower,4,7,17,23,51,0,16,223,6,245,4,23,240,29,296,489,71,560,856
03/09/2004,IWA,AZ,AWP,WE,Federal Contract Tower,3,4,10,13,30,1,13,261,3,278,4,17,271,16,308,472,18,490,798
03/10/2004,IWA,AZ,AWP,WE,Federal Contract Tower,4,6,15,20,45,0,20,279,2,301,4,26,294,22,346,509,38,547,893
03/11/2004,IWA,AZ,AWP,WE,Federal Contract Tower,3,3,7,11,24,1,15,249,2,267,4,18,256,13,291,392,31,423,714
03/12/2004,IWA,AZ,AWP,WE,Federal Contract Tower,4,6,16,22,48,0,20,243,12,275,4,26,259,34,323,425,33,458,781
03/13/2004,IWA,AZ,AWP,WE,Federal Contract Tower,0,2,5,6,13,0,5,139,9,153,0,7,144,15,166,336,39,375,541
03/14/2004,IWA,AZ,AWP,WE,Federal Contract Tower,0,2,8,9,19,0,6,162,14,182,0,8,170,23,201,332,4,336,537
03/15/2004,IWA,AZ,AWP,WE,Federal Contract Tower,1,6,12,16,35,0,19,170,9,198,1,25,182,25,233,482,66,548,781
03/16/2004,IWA,AZ,AWP,WE,Federal Contract Tower,3,6,14,16,39,0,19,254,8,281,3,25,268,24,320,475,24,499,819
03/17/2004,IWA,AZ,AWP,WE,Federal Contract Tower,3,6,12,11,32,2,7,235,0,244,5,13,247,11,276,589,57,646,922
03/18/2004,IWA,AZ,AWP,WE,Federal Contract Tower,2,5,11,13,31,2,27,216,2,247,4,32,227,15,278,557,48,605,883
03/19/2004,IWA,AZ,AWP,WE,Federal Contract Tower,4,7,16,20,47,0,16,247,20,283,4,23,263,40,330,504,11,515,845
03/20/2004,IWA,AZ,AWP,WE,Federal Contract Tower,1,2,5,5,13,0,16,184,11,211,1,18,189,16,224,358,14,372,596
03/21/2004,IWA,AZ,AWP,WE,Federal Contract Tower,1,4,8,10,23,0,15,132,20,167,1,19,140,30,190,118,7,125,315
03/22/2004,IWA,AZ,AWP,WE,Federal Contract Tower,2,5,11,12,30,1,32,209,10,252,3,37,220,22,282,397,58,455,737
03/23/2004,IWA,AZ,AWP,WE,Federal Contract Tower,3,6,13,16,38,1,18,293,12,324,4,24,306,28,362,463,34,497,859
03/24/2004,IWA,AZ,AWP,WE,Federal Contract Tower,3,5,12,14,34,1,15,261,0,277,4,20,273,14,311,498,5,503,814
03/25/2004,IWA,AZ,AWP,WE,Federal Contract Tower,1,3,8,9,21,2,19,252,6,279,3,22,260,15,300,514,11,525,825
03/26/2004,IWA,AZ,AWP,WE,Federal Contract Tower,3,7,17,20,47,0,10,158,20,188,3,17,175,40,235,270,39,309,544
03/27/2004,IWA,AZ,AWP,WE,Federal Contract Tower,0,4,7,8,19,0,10,213,21,244,0,14,220,29,263,366,18,384,647
03/28/2004,IWA,AZ,AWP,WE,Federal Contract Tower,0,3,7,7,17,0,20,175,24,219,0,23,182,31,236,258,8,266,502
03/29/2004,IWA,AZ,AWP,WE,Federal Contract Tower,2,3,10,13,28,1,26,195,1,223,3,29,205,14,251,457,28,485,736
03/30/2004,IWA,AZ,AWP,WE,Federal Contract Tower,2,4,12,15,33,1,16,206,7,230,3,20,218,22,263,334,20,354,617
03/31/2004,IWA,AZ,AWP,WE,Federal Contract Tower,2,5,11,14,32,4,16,212,2,234,6,21,223,16,266,429,33,462,728
04/01/2004,IWA,AZ,AWP,WE,Federal Contract Tower,2,3,6,7,18,1,13,194,0,208,3,16,200,7,226,390,6,396,622
04/02/2004,IWA,AZ,AWP,WE,Federal Contract Tower,3,3,5,8,19,0,12,32,0,44,3,15,37,8,63,148,0,148,211
04/03/2004,IWA,AZ,AWP,WE,Federal Contract Tower,0,2,1,4,7,0,10,175,16,201,0,12,176,20,208,393,6,399,607
04/04/2004,IWA,AZ,AWP,WE,Federal Contract Tower,2,3,6,10,21,0,8,151,16,175,2,11,157,26,196,269,0,269,465
04/05/2004,IWA,AZ,AWP,WE,Federal Contract Tower,4,3,6,10,23,0,8,251,5,264,4,11,257,15,287,582,17,599,886
04/06/2004,IWA,AZ,AWP,WE,Federal Contract Tower,4,4,7,11,26,0,5,271,5,281,4,9,278,16,307,602,10,612,919
04/07/2004,IWA,AZ,AWP,WE,Federal Contract Tower,3,3,6,9,21,0,8,200,9,217,3,11,206,18,238,535,19,554,792
04/08/2004,IWA,AZ,AWP,WE,Federal Contract Tower,3,3,8,10,24,0,14,252,4,270,3,17,260,14,294,512,31,543,837
04/09/2004,IWA,AZ,AWP,WE,Federal Contract Tower,3,6,12,15,36,0,10,158,8,176,3,16,170,23,212,502,8,510,722
04/10/2004,IWA,AZ,AWP,WE,Federal Contract Tower,0,1,2,2,5,0,19,151,2,172,0,20,153,4,177,241,0,241,418
04/11/2004,IWA,AZ,AWP,WE,Federal Contract Tower,0,2,2,3,7,0,11,89,3,103,0,13,91,6,110,219,0,219,329
04/12/2004,IWA,AZ,AWP,WE,Federal Contract Tower,3,8,14,19,44,0,12,202,20,234,3,20,216,39,278,607,52,659,937
04/13/2004,IWA,AZ,AWP,WE,Federal Contract Tower,2,5,9,12,28,1,10,211,17,239,3,15,220,29,267,602,6,608,875
04/14/2004,IWA,AZ,AWP,WE,Federal Contract Tower,2,6,10,13,31,2,12,240,4,258,4,18,250,17,289,644,6,650,939
04/15/2004,IWA,AZ,AWP,WE,Federal Contract Tower,3,7,13,18,41,0,25,210,11,246,3,32,223,29,287,516,19,535,822
04/16/2004,IWA,AZ,AWP,WE,Federal Contract Tower,2,7,13,17,39,0,17,191,1,209,2,24,204,18,248,466,29,495,743
04/17/2004,IWA,AZ,AWP,WE,Federal Contract Tower,0,1,2,2,5,1,16,97,12,126,1,17,99,14,131,212,2,214,345
04/18/2004,IWA,AZ,AWP,WE,Federal Contract Tower,0,1,2,4,7,0,15,171,6,192,0,16,173,10,199,430,11,441,640
04/19/2004,IWA,AZ,AWP,WE,Federal Contract Tower,2,5,10,11,28,1,15,214,0,230,3,20,224,11,258,655,5,660,918
04/20/2004,IWA,AZ,AWP,WE,Federal Contract Tower,3,5,12,16,36,0,7,207,5,219,3,12,219,21,255,555,21,576,831
04/21/2004,IWA,AZ,AWP,WE,Federal Contract Tower,3,5,10,12,30,1,34,226,0,261,4,39,236,12,291,498,20,518,809
04/22/2004,IWA,AZ,AWP,WE,Federal Contract Tower,3,5,10,16,34,1,13,165,13,192,4,18,175,29,226,283,8,291,517
04/23/2004,IWA,AZ,AWP,WE,Federal Contract Tower,4,8,17,23,52,0,10,259,5,274,4,18,276,28,326,595,9,604,930
04/24/2004,IWA,AZ,AWP,WE,Federal Contract Tower,1,2,5,7,15,0,18,143,13,174,1,20,148,20,189,364,24,388,577
04/25/2004,IWA,AZ,AWP,WE,Federal Contract Tower,0,2,4,6,12,0,11,140,5,156,0,13,144,11,168,370,0,370,538
04/26/2004,IWA,AZ,AWP,WE,Federal Contract Tower,0,5,11,16,32,0,20,166,3,189,0,25,177,19,221,481,63,544,765
04/27/2004,IWA,AZ,AWP,WE,Federal Contract Tower,3,6,12,17,38,0,16,224,12,252,3,22,236,29,290,751,18,769,1059
04/28/2004,IWA,AZ,AWP,WE,Federal Contract Tower,2,4,10,14,30,2,34,168,6,210,4,38,178,20,240,318,48,366,606
04/29/2004,IWA,AZ,AWP,WE,Federal Contract Tower,2,5,9,13,29,1,16,77,13,107,3,21,86,26,136,116,11,127,263
04/30/2004,IWA,AZ,AWP,WE,Federal Contract Tower,4,8,17,23,52,1,23,206,23,253,5,31,223,46,305,579,51,630,935
05/01/2004,IWA,AZ,AWP,WE,Federal Contract Tower,3,2,8,10,23,2,25,135,15,177,5,27,143,25,200,430,11,441,641
05/02/2004,IWA,AZ,AWP,WE,Federal Contract Tower,1,2,8,9,20,0,12,114,12,138,1,14,122,21,158,298,4,302,460
05/03/2004,IWA,AZ,AWP,WE,Federal Contract Tower,5,5,14,8,32,2,18,166,0,186,7,23,180,8,218,516,37,553,771
05/04/2004,IWA,AZ,AWP,WE,Federal Contract Tower,3,4,11,11,29,0,11,215,0,226,3,15,226,11,255,649,7,656,911
05/05/2004,IWA,AZ,AWP,WE,Federal Contract Tower,3,3,8,6,20,0,23,217,0,240,3,26,225,6,260,522,6,528,788
05/06/2004,IWA,AZ,AWP,WE,Federal Contract Tower,4,3,10,11,28,0,13,215,5,233,4,16,225,16,261,525,9,534,795
05/07/2004,IWA,AZ,AWP,WE,Federal Contract Tower,3,4,11,9,27,0,22,218,0,240,3,26,229,9,267,670,11,681,948
05/08/2004,IWA,AZ,AWP,WE,Federal Contract Tower,0,0,4,1,5,0,13,143,6,162,0,13,147,7,167,400,4,404,571
05/09/2004,IWA,AZ,AWP,WE,Federal Contract Tower,0,2,6,5,13,0,2,64,10,76,0,4,70,15,89,332,3,335,424
05/10/2004,IWA,AZ,AWP,WE,Federal Contract Tower,3,6,15,6,30,0,17,162,0,179,3,23,177,6,209,294,20,314,523
05/11/2004,IWA,AZ,AWP,WE,Federal Contract Tower,2,5,12,12,31,2,10,183,4,199,4,15,195,16,230,346,16,362,592
05/12/2004,IWA,AZ,AWP,WE,Federal Contract Tower,3,5,13,13,34,0,15,212,2,229,3,20,225,15,263,442,14,456,719
05/13/2004,IWA,AZ,AWP,WE,Federal Contract Tower,2,5,13,12,32,1,11,211,0,223,3,16,224,12,255,562,24,586,841
05/14/2004,IWA,AZ,AWP,WE,Federal Contract Tower,3,6,15,15,39,0,25,224,11,260,3,31,239,26,299,623,10,633,932
05/15/2004,IWA,AZ,AWP,WE,Federal Contract Tower,0,2,4,3,9,2,2,203,11,218,2,4,207,14,227,354,13,367,594
05/16/2004,IWA,AZ,AWP,WE,Federal Contract Tower,0,2,6,5,13,0,11,105,14,130,0,13,111,19,143,309,0,309,452
05/17/2004,IWA,AZ,AWP,WE,Federal Contract Tower,2,2,9,10,23,1,11,193,1,206,3,13,202,11,229,530,30,560,789
05/18/2004,IWA,AZ,AWP,WE,Federal Contract Tower,3,5,17,19,44,0,11,252,5,268,3,16,269,24,312,635,24,659,971
05/19/2004,IWA,AZ,AWP,WE,Federal Contract Tower,3,5,16,17,41,0,17,202,3,222,3,22,218,20,263,373,24,397,660
05/20/2004,IWA,AZ,AWP,WE,Federal Contract Tower,2,4,12,13,31,2,10,201,1,214,4,14,213,14,245,388,16,404,649
05/21/2004,IWA,AZ,AWP,WE,Federal Contract Tower,5,8,27,29,69,0,10,217,17,244,5,18,244,46,313,357,28,385,698
05/22/2004,IWA,AZ,AWP,WE,Federal Contract Tower,0,3,8,9,20,0,6,238,4,248,0,9,246,13,268,391,14,405,673
05/23/2004,IWA,AZ,AWP,WE,Federal Contract Tower,2,2,9,10,23,0,3,120,11,134,2,5,129,21,157,316,0,316,473
05/24/2004,IWA,AZ,AWP,WE,Federal Contract Tower,2,3,9,11,25,1,19,202,3,225,3,22,211,14,250,447,24,471,721
05/25/2004,IWA,AZ,AWP,WE,Federal Contract Tower,2,3,9,11,25,1,9,220,28,258,3,12,229,39,283,564,2,566,849
05/26/2004,IWA,AZ,AWP,WE,Federal Contract Tower,3,5,15,16,39,0,11,183,13,207,3,16,198,29,246,474,53,527,773
05/27/2004,IWA,AZ,AWP,WE,Federal Contract Tower,2,4,11,12,29,1,8,225,6,240,3,12,236,18,269,662,27,689,958
05/28/2004,IWA,AZ,AWP,WE,Federal Contract Tower,2,4,11,12,29,1,1,211,17,230,3,5,222,29,259,528,8,536,795
05/29/2004,IWA,AZ,AWP,WE,Federal Contract Tower,0,1,5,6,12,0,24,150,0,174,0,25,155,6,186,205,0,205,391
05/30/2004,IWA,AZ,AWP,WE,Federal Contract Tower,0,0,0,2,2,0,17,113,2,132,0,17,113,4,134,319,0,319,453
05/31/2004,IWA,AZ,AWP,WE,Federal Contract Tower,0,0,1,1,2,0,13,141,0,154,0,13,142,1,156,335,0,335,491
06/01/2004,IWA,AZ,AWP,WE,Federal Contract Tower,3,3,10,9,25,0,24,206,3,233,3,27,216,12,258,382,31,413,671
06/02/2004,IWA,AZ,AWP,WE,Federal Contract Tower,4,3,9,9,25,0,10,202,7,219,4,13,211,16,244,440,0,440,684
06/03/2004,IWA,AZ,AWP,WE,Federal Contract Tower,3,4,10,10,27,0,22,232,10,264,3,26,242,20,291,304,22,326,617
06/04/2004,IWA,AZ,AWP,WE,Federal Contract Tower,3,3,9,9,24,0,17,168,7,192,3,20,177,16,216,385,12,397,613
06/05/2004,IWA,AZ,AWP,WE,Federal Contract Tower,0,3,3,2,8,0,9,173,8,190,0,12,176,10,198,285,0,285,483
06/06/2004,IWA,AZ,AWP,WE,Federal Contract Tower,0,1,4,3,8,0,7,112,7,126,0,8,116,10,134,138,4,142,276
06/07/2004,IWA,AZ,AWP,WE,Federal Contract Tower,3,4,12,9,28,0,33,146,0,179,3,37,158,9,207,323,7,330,537
06/08/2004,IWA,AZ,AWP,WE,Federal Contract Tower,3,3,8,6,20,0,12,193,17,222,3,15,201,23,242,365,31,396,638
06/09/2004,IWA,AZ,AWP,WE,Federal Contract Tower,3,5,10,9,27,0,17,192,0,209,3,22,202,9,236,346,0,346,582
06/10/2004,IWA,AZ,AWP,WE,Federal Contract Tower,3,8,19,16,46,0,19,202,33,254,3,27,221,49,300,483,39,522,822
06/11/2004,IWA,AZ,AWP,WE,Federal Contract Tower,5,8,19,17,49,1,9,247,5,262,6,17,266,22,311,339,59,398,709
06/12/2004,IWA,AZ,AWP,WE,Federal Contract Tower,1,3,6,3,13,5,12,166,17,200,6,15,172,20,213,311,4,315,528
06/13/2004,IWA,AZ,AWP,WE,Federal Contract Tower,0,2,5,3,10,0,16,138,10,164,0,18,143,13,174,278,0,278,452
06/14/2004,IWA,AZ,AWP,WE,Federal Contract Tower,2,4,10,7,23,1,13,182,1,197,3,17,192,8,220,411,7,418,638
06/15/2004,IWA,AZ,AWP,WE,Federal Contract Tower,2,6,11,8,27,1,5,164,5,175,3,11,175,13,202,427,18,445,647
06/16/2004,IWA,AZ,AWP,WE,Federal Contract Tower,3,5,13,7,28,1,16,191,0,208,4,21,204,7,236,448,0,448,684
06/17/2004,IWA,AZ,AWP,WE,Federal Contract Tower,2,4,9,5,20,1,18,221,0,240,3,22,230,5,260,416,0,416,676
06/18/2004,IWA,AZ,AWP,WE,Federal Contract Tower,3,6,15,11,35,0,43,212,22,277,3,49,227,33,312,305,6,311,623
06/19/2004,IWA,AZ,AWP,WE,Federal Contract Tower,0,3,5,3,11,0,14,177,9,200,0,17,182,12,211,196,11,207,418
06/20/2004,IWA,AZ,AWP,WE,Federal Contract Tower,0,1,3,1,5,0,6,131,17,154,0,7,134,18,159,157,0,157,316
06/21/2004,IWA,AZ,AWP,WE,Federal Contract Tower,3,4,12,8,27,0,23,181,0,204,3,27,193,8,231,356,0,356,587
06/22/2004,IWA,AZ,AWP,WE,Federal Contract Tower,4,6,16,13,39,2,6,192,6,206,6,12,208,19,245,467,4,471,716
06/23/2004,IWA,AZ,AWP,WE,Federal Contract Tower,2,5,11,5,23,0,9,204,0,213,2,14,215,5,236,356,12,368,604
06/24/2004,IWA,AZ,AWP,WE,Federal Contract Tower,2,4,12,10,28,2,17,224,8,251,4,21,236,18,279,369,4,373,652
06/25/2004,IWA,AZ,AWP,WE,Federal Contract Tower,4,6,18,14,42,0,11,181,36,228,4,17,199,50,270,259,10,269,539
06/26/2004,IWA,AZ,AWP,WE,Federal Contract Tower,0,2,6,5,13,0,11,141,14,166,0,13,147,19,179,269,0,269,448
06/27/2004,IWA,AZ,AWP,WE,Federal Contract Tower,2,4,11,9,26,0,3,93,39,135,2,7,104,48,161,156,83,239,400
06/28/2004,IWA,AZ,AWP,WE,Federal Contract Tower,3,4,12,10,29,1,9,162,8,180,4,13,174,18,209,355,21,376,585
06/29/2004,IWA,AZ,AWP,WE,Federal Contract Tower,3,5,13,11,32,0,9,205,2,216,3,14,218,13,248,440,24,464,712
06/30/2004,IWA,AZ,AWP,WE,Federal Contract Tower,3,5,14,11,33,0,12,197,33,242,3,17,211,44,275,292,6,298,573
07/01/2004,IWA,AZ,AWP,WE,Federal Contract Tower,3,0,15,7,25,2,18,194,0,214,5,18,209,7,239,539,13,552,791
07/02/2004,IWA,AZ,AWP,WE,Federal Contract Tower,3,0,12,8,23,0,16,247,31,294,3,16,259,39,317,559,0,559,876
07/03/2004,IWA,AZ,AWP,WE,Federal Contract Tower,1,0,2,2,5,1,28,187,32,248,2,28,189,34,253,289,0,289,542
07/04/2004,IWA,AZ,AWP,WE,Federal Contract Tower,0,0,0,0,0,0,8,115,33,156,0,8,115,33,156,150,0,150,306
07/05/2004,IWA,AZ,AWP,WE,Federal Contract Tower,0,0,1,0,1,0,21,145,35,201,0,21,146,35,202,349,0,349,551
07/06/2004,IWA,AZ,AWP,WE,Federal Contract Tower,2,0,11,8,21,1,15,161,46,223,3,15,172,54,244,451,17,468,712
07/07/2004,IWA,AZ,AWP,WE,Federal Contract Tower,3,0,13,8,24,0,18,189,63,270,3,18,202,71,294,357,16,373,667
07/08/2004,IWA,AZ,AWP,WE,Federal Contract Tower,3,0,19,11,33,0,22,219,1,242,3,22,238,12,275,486,8,494,769
07/09/2004,IWA,AZ,AWP,WE,Federal Contract Tower,3,0,22,14,39,0,55,189,30,274,3,55,211,44,313,391,7,398,711
07/10/2004,IWA,AZ,AWP,WE,Federal Contract Tower,1,0,3,2,6,0,9,185,11,205,1,9,188,13,211,449,0,449,660
07/11/2004,IWA,AZ,AWP,WE,Federal Contract Tower,1,0,5,4,10,1,9,140,9,159,2,9,145,13,169,327,0,327,496
07/12/2004,IWA,AZ,AWP,WE,Federal Contract Tower,1,0,15,10,26,0,23,131,1,155,1,23,146,11,181,266,16,282,463
07/13/2004,IWA,AZ,AWP,WE,Federal Contract Tower,3,0,16,10,29,0,8,164,10,182,3,8,180,20,211,424,9,433,644
07/14/2004,IWA,AZ,AWP,WE,Federal Contract Tower,5,0,29,18,52,0,19,161,1,181,5,19,190,19,233,413,0,413,646
07/15/2004,IWA,AZ,AWP,WE,Federal Contract Tower,3,1,26,17,47,0,10,215,11,236,3,11,241,28,283,517,9,526,809
07/16/2004,IWA,AZ,AWP,WE,Federal Contract Tower,3,0,26,16,45,0,0,176,8,184,3,0,202,24,229,335,45,380,609
07/17/2004,IWA,AZ,AWP,WE,Federal Contract Tower,0,1,15,8,24,0,11,156,11,178,0,12,171,19,202,393,0,393,595
07/18/2004,IWA,AZ,AWP,WE,Federal Contract Tower,0,1,6,2,9,0,9,101,10,120,0,10,107,12,129,270,0,270,399
07/19/2004,IWA,AZ,AWP,WE,Federal Contract Tower,3,1,20,11,35,0,13,220,1,234,3,14,240,12,269,384,10,394,663
07/20/2004,IWA,AZ,AWP,WE,Federal Contract Tower,3,1,25,14,43,0,5,180,10,195,3,6,205,24,238,495,17,512,750
07/21/2004,IWA,AZ,AWP,WE,Federal Contract Tower,2,1,15,7,25,1,7,177,1,186,3,8,192,8,211,485,7,492,703
07/22/2004,IWA,AZ,AWP,WE,Federal Contract Tower,3,0,21,12,36,0,11,209,10,230,3,11,230,22,266,319,8,327,593
07/23/2004,IWA,AZ,AWP,WE,Federal Contract Tower,4,0,26,16,46,0,13,198,16,227,4,13,224,32,273,315,25,340,613
07/24/2004,IWA,AZ,AWP,WE,Federal Contract Tower,0,0,6,3,9,0,10,156,2,168,0,10,162,5,177,241,2,243,420
07/25/2004,IWA,AZ,AWP,WE,Federal Contract Tower,1,0,10,6,17,2,7,96,15,120,3,7,106,21,137,222,7,229,366
07/26/2004,IWA,AZ,AWP,WE,Federal Contract Tower,2,0,15,9,26,2,4,163,0,169,4,4,178,9,195,342,14,356,551
07/27/2004,IWA,AZ,AWP,WE,Federal Contract Tower,2,0,13,6,21,1,18,192,0,211,3,18,205,6,232,464,3,467,699
07/28/2004,IWA,AZ,AWP,WE,Federal Contract Tower,3,0,22,13,38,1,18,191,1,211,4,18,213,14,249,543,19,562,811
07/29/2004,IWA,AZ,AWP,WE,Federal Contract Tower,3,0,22,13,38,0,6,226,0,232,3,6,248,13,270,359,23,382,652
07/30/2004,IWA,AZ,AWP,WE,Federal Contract Tower,2,0,17,11,30,1,23,197,10,231,3,23,214,21,261,377,22,399,660
07/31/2004,IWA,AZ,AWP,WE,Federal Contract Tower,0,0,3,2,5,0,10,124,3,137,0,10,127,5,142,249,0,249,391
08/01/2004,IWA,AZ,AWP,WE,Federal Contract Tower,0,1,2,3,6,0,11,83,8,102,0,12,85,11,108,194,2,196,304
08/02/2004,IWA,AZ,AWP,WE,Federal Contract Tower,3,3,6,8,20,0,22,143,1,166,3,25,149,9,186,410,9,419,605
08/03/2004,IWA,AZ,AWP,WE,Federal Contract Tower,4,4,8,8,24,0,6,191,9,206,4,10,199,17,230,579,24,603,833
08/04/2004,IWA,AZ,AWP,WE,Federal Contract Tower,3,3,7,6,19,0,14,160,0,174,3,17,167,6,193,429,3,432,625
08/05/2004,IWA,AZ,AWP,WE,Federal Contract Tower,4,4,9,6,23,2,17,175,0,194,6,21,184,6,217,566,0,566,783
08/06/2004,IWA,AZ,AWP,WE,Federal Contract Tower,4,5,10,9,28,0,4,133,10,147,4,9,143,19,175,338,25,363,538
08/07/2004,IWA,AZ,AWP,WE,Federal Contract Tower,0,1,3,4,8,0,20,156,4,180,0,21,159,8,188,275,2,277,465
08/08/2004,IWA,AZ,AWP,WE,Federal Contract Tower,2,1,4,4,11,0,7,155,0,162,2,8,159,4,173,197,0,197,370
08/09/2004,IWA,AZ,AWP,WE,Federal Contract Tower,3,3,8,9,23,0,21,134,1,156,3,24,142,10,179,313,10,323,502
08/10/2004,IWA,AZ,AWP,WE,Federal Contract Tower,3,3,9,7,22,0,16,177,0,193,3,19,186,7,215,334,30,364,579
08/11/2004,IWA,AZ,AWP,WE,Federal Contract Tower,3,4,11,11,29,0,18,156,3,177,3,22,167,14,206,299,14,313,519
08/12/2004,IWA,AZ,AWP,WE,Federal Contract Tower,3,3,9,10,25,0,15,148,6,169,3,18,157,16,194,192,24,216,410
08/13/2004,IWA,AZ,AWP,WE,Federal Contract Tower,3,3,10,10,26,0,9,127,3,139,3,12,137,13,165,329,43,372,537
08/14/2004,IWA,AZ,AWP,WE,Federal Contract Tower,0,0,2,0,2,0,5,163,2,170,0,5,165,2,172,332,0,332,504
08/15/2004,IWA,AZ,AWP,WE,Federal Contract Tower,0,0,3,3,6,0,6,118,9,133,0,6,121,12,139,234,0,234,373
08/16/2004,IWA,AZ,AWP,WE,Federal Contract Tower,3,2,6,4,15,0,21,129,0,150,3,23,135,4,165,302,12,314,479
08/17/2004,IWA,AZ,AWP,WE,Federal Contract Tower,3,5,11,12,31,1,9,197,8,215,4,14,208,20,246,422,41,463,709
08/18/2004,IWA,AZ,AWP,WE,Federal Contract Tower,3,4,9,9,25,1,13,163,3,180,4,17,172,12,205,235,0,235,440
08/19/2004,IWA,AZ,AWP,WE,Federal Contract Tower,2,3,7,7,19,1,17,185,9,212,3,20,192,16,231,515,30,545,776
08/20/2004,IWA,AZ,AWP,WE,Federal Contract Tower,5,7,18,15,45,1,31,135,16,183,6,38,153,31,228,499,45,544,772
08/21/2004,IWA,AZ,AWP,WE,Federal Contract Tower,0,4,10,7,21,0,18,130,19,167,0,22,140,26,188,268,5,273,461
08/22/2004,IWA,AZ,AWP,WE,Federal Contract Tower,1,3,6,4,14,0,18,159,16,193,1,21,165,20,207,254,0,254,461
08/23/2004,IWA,AZ,AWP,WE,Federal Contract Tower,2,4,9,8,23,1,12,157,6,176,3,16,166,14,199,444,7,451,650
08/24/2004,IWA,AZ,AWP,WE,Federal Contract Tower,3,4,10,9,26,1,20,160,17,198,4,24,170,26,224,387,3,390,614
08/25/2004,IWA,AZ,AWP,WE,Federal Contract Tower,3,3,10,8,24,0,24,184,10,218,3,27,194,18,242,367,23,390,632
08/26/2004,IWA,AZ,AWP,WE,Federal Contract Tower,3,4,12,9,28,1,10,229,0,240,4,14,241,9,268,462,13,475,743
08/27/2004,IWA,AZ,AWP,WE,Federal Contract Tower,4,4,14,13,35,0,17,217,10,244,4,21,231,23,279,410,13,423,702
08/28/2004,IWA,AZ,AWP,WE,Federal Contract Tower,0,0,3,2,5,0,10,168,4,182,0,10,171,6,187,277,5,282,469
08/29/2004,IWA,AZ,AWP,WE,Federal Contract Tower,0,1,4,2,7,0,5,139,2,146,0,6,143,4,153,308,0,308,461
08/30/2004,IWA,AZ,AWP,WE,Federal Contract Tower,4,4,13,8,29,1,24,157,0,182,5,28,170,8,211,339,9,348,559
08/31/2004,IWA,AZ,AWP,WE,Federal Contract Tower,3,3,10,10,26,0,16,203,9,228,3,19,213,19,254,532,33,565,819
09/01/2004,IWA,AZ,AWP,WE,Federal Contract Tower,4,6,10,12,32,2,11,207,0,220,6,17,217,12,252,597,10,607,859
09/02/2004,IWA,AZ,AWP,WE,Federal Contract Tower,3,6,9,11,29,0,22,201,0,223,3,28,210,11,252,511,42,553,805
09/03/2004,IWA,AZ,AWP,WE,Federal Contract Tower,4,5,9,13,31,0,9,110,3,122,4,14,119,16,153,279,18,297,450
09/04/2004,IWA,AZ,AWP,WE,Federal Contract Tower,2,1,3,3,9,1,14,115,0,130,3,15,118,3,139,254,0,254,393
09/05/2004,IWA,AZ,AWP,WE,Federal Contract Tower,0,0,1,1,2,0,13,120,0,133,0,13,121,1,135,254,0,254,389
09/06/2004,IWA,AZ,AWP,WE,Federal Contract Tower,0,1,2,3,6,0,5,146,0,151,0,6,148,3,157,345,0,345,502
09/07/2004,IWA,AZ,AWP,WE,Federal Contract Tower,2,3,6,8,19,0,20,158,7,185,2,23,164,15,204,457,33,490,694
09/08/2004,IWA,AZ,AWP,WE,Federal Contract Tower,3,4,8,10,25,1,16,207,3,227,4,20,215,13,252,511,13,524,776
09/09/2004,IWA,AZ,AWP,WE,Federal Contract Tower,3,4,7,10,24,2,11,180,0,193,5,15,187,10,217,463,76,539,756
09/10/2004,IWA,AZ,AWP,WE,Federal Contract Tower,3,6,14,17,40,0,17,181,15,213,3,23,195,32,253,450,29,479,732
09/11/2004,IWA,AZ,AWP,WE,Federal Contract Tower,2,2,5,7,16,2,8,170,2,182,4,10,175,9,198,427,0,427,625
09/12/2004,IWA,AZ,AWP,WE,Federal Contract Tower,0,4,10,10,24,0,8,93,14,115,0,12,103,24,139,290,0,290,429
09/13/2004,IWA,AZ,AWP,WE,Federal Contract Tower,1,4,8,9,22,0,21,182,5,208,1,25,190,14,230,357,9,366,596
09/14/2004,IWA,AZ,AWP,WE,Federal Contract Tower,2,3,5,5,15,1,6,223,4,234,3,9,228,9,249,616,8,624,873
09/15/2004,IWA,AZ,AWP,WE,Federal Contract Tower,3,4,8,8,23,0,20,198,0,218,3,24,206,8,241,528,9,537,778
09/16/2004,IWA,AZ,AWP,WE,Federal Contract Tower,3,3,7,8,21,0,18,207,4,229,3,21,214,12,250,560,21,581,831
09/17/2004,IWA,AZ,AWP,WE,Federal Contract Tower,3,6,13,14,36,0,34,167,17,218,3,40,180,31,254,616,17,633,887
09/18/2004,IWA,AZ,AWP,WE,Federal Contract Tower,1,2,4,3,10,1,15,128,5,149,2,17,132,8,159,356,0,356,515
09/19/2004,IWA,AZ,AWP,WE,Federal Contract Tower,1,4,5,5,15,0,7,44,4,55,1,11,49,9,70,249,0,249,319
09/20/2004,IWA,AZ,AWP,WE,Federal Contract Tower,2,4,8,4,18,3,28,191,0,222,5,32,199,4,240,423,0,423,663
09/21/2004,IWA,AZ,AWP,WE,Federal Contract Tower,2,5,9,9,25,1,19,230,1,251,3,24,239,10,276,548,12,560,836
09/22/2004,IWA,AZ,AWP,WE,Federal Contract Tower,3,8,14,16,41,0,4,199,5,208,3,12,213,21,249,607,36,643,892
09/23/2004,IWA,AZ,AWP,WE,Federal Contract Tower,3,5,10,10,28,4,14,253,1,272,7,19,263,11,300,621,3,624,924
09/24/2004,IWA,AZ,AWP,WE,Federal Contract Tower,3,6,14,17,40,0,16,190,7,213,3,22,204,24,253,611,55,666,919
09/25/2004,IWA,AZ,AWP,WE,Federal Contract Tower,0,1,3,3,7,1,21,217,10,249,1,22,220,13,256,565,0,565,821
09/26/2004,IWA,AZ,AWP,WE,Federal Contract Tower,0,3,7,9,19,0,5,159,8,172,0,8,166,17,191,421,5,426,617
09/27/2004,IWA,AZ,AWP,WE,Federal Contract Tower,1,4,8,10,23,0,37,182,0,219,1,41,190,10,242,361,29,390,632
09/28/2004,IWA,AZ,AWP,WE,Federal Contract Tower,1,2,5,6,14,2,15,175,5,197,3,17,180,11,211,453,31,484,695
09/29/2004,IWA,AZ,AWP,WE,Federal Contract Tower,2,3,8,9,22,2,21,211,0,234,4,24,219,9,256,380,5,385,641
09/30/2004,IWA,AZ,AWP,WE,Federal Contract Tower,4,5,13,15,37,1,22,228,7,258,5,27,241,22,295,434,19,453,748
10/01/2004,IWA,AZ,AWP,WE,Federal Contract Tower,5,4,1,7,17,0,13,269,6,288,5,17,270,13,305,476,20,496,801
10/02/2004,IWA,AZ,AWP,WE,Federal Contract Tower,2,0,2,1,5,0,40,196,4,240,2,40,198,5,245,468,0,468,713
10/03/2004,IWA,AZ,AWP,WE,Federal Contract Tower,1,0,6,13,20,0,6,138,0,144,1,6,144,13,164,267,6,273,437
10/04/2004,IWA,AZ,AWP,WE,Federal Contract Tower,6,7,4,8,25,0,19,229,3,251,6,26,233,11,276,375,12,387,663
10/05/2004,IWA,AZ,AWP,WE,Federal Contract Tower,3,4,7,4,18,0,2,271,3,276,3,6,278,7,294,784,42,826,1120
10/06/2004,IWA,AZ,AWP,WE,Federal Contract Tower,3,6,10,3,22,0,20,216,2,238,3,26,226,5,260,528,9,537,797
10/07/2004,IWA,AZ,AWP,WE,Federal Contract Tower,3,4,3,3,13,0,18,233,7,258,3,22,236,10,271,705,16,721,992
10/08/2004,IWA,AZ,AWP,WE,Federal Contract Tower,3,6,6,16,31,0,51,242,4,297,3,57,248,20,328,484,15,499,827
10/09/2004,IWA,AZ,AWP,WE,Federal Contract Tower,1,0,3,9,13,0,15,161,1,177,1,15,164,10,190,361,20,381,571
10/10/2004,IWA,AZ,AWP,WE,Federal Contract Tower,0,0,5,11,16,0,20,170,3,193,0,20,175,14,209,249,2,251,460
10/11/2004,IWA,AZ,AWP,WE,Federal Contract Tower,2,6,12,7,27,0,8,210,0,218,2,14,222,7,245,516,0,516,761
10/12/2004,IWA,AZ,AWP,WE,Federal Contract Tower,4,8,10,8,30,2,23,146,0,171,6,31,156,8,201,300,12,312,513
10/13/2004,IWA,AZ,AWP,WE,Federal Contract Tower,3,9,25,5,42,0,10,28,4,42,3,19,53,9,84,0,1,1,85
10/14/2004,IWA,AZ,AWP,WE,Federal Contract Tower,5,9,18,15,47,0,15,213,4,232,5,24,231,19,279,548,55,603,882
10/15/2004,IWA,AZ,AWP,WE,Federal Contract Tower,4,8,13,14,39,0,12,310,10,332,4,20,323,24,371,579,10,589,960
10/16/2004,IWA,AZ,AWP,WE,Federal Contract Tower,0,0,2,5,7,0,22,232,8,262,0,22,234,13,269,359,5,364,633
10/17/2004,IWA,AZ,AWP,WE,Federal Contract Tower,2,0,4,11,17,0,11,148,13,172,2,11,152,24,189,248,5,253,442
10/18/2004,IWA,AZ,AWP,WE,Federal Contract Tower,3,6,0,12,21,0,12,201,2,215,3,18,201,14,236,429,30,459,695
10/19/2004,IWA,AZ,AWP,WE,Federal Contract Tower,4,6,14,4,28,3,8,252,6,269,7,14,266,10,297,512,32,544,841
10/20/2004,IWA,AZ,AWP,WE,Federal Contract Tower,3,9,3,10,25,0,10,217,3,230,3,19,220,13,255,377,33,410,665
10/21/2004,IWA,AZ,AWP,WE,Federal Contract Tower,4,5,11,9,29,0,6,110,2,118,4,11,121,11,147,262,21,283,430
10/22/2004,IWA,AZ,AWP,WE,Federal Contract Tower,2,6,7,22,37,0,20,228,8,256,2,26,235,30,293,458,59,517,810
10/23/2004,IWA,AZ,AWP,WE,Federal Contract Tower,1,0,9,4,14,0,17,197,12,226,1,17,206,16,240,442,2,444,684
10/24/2004,IWA,AZ,AWP,WE,Federal Contract Tower,0,0,7,15,22,0,8,136,6,150,0,8,143,21,172,192,0,192,364
10/25/2004,IWA,AZ,AWP,WE,Federal Contract Tower,3,7,4,7,21,0,32,211,1,244,3,39,215,8,265,358,11,369,634
10/26/2004,IWA,AZ,AWP,WE,Federal Contract Tower,3,6,6,12,27,0,17,207,0,224,3,23,213,12,251,590,25,615,866
10/27/2004,IWA,AZ,AWP,WE,Federal Contract Tower,3,6,9,6,24,0,15,178,1,194,3,21,187,7,218,207,8,215,433
10/28/2004,IWA,AZ,AWP,WE,Federal Contract Tower,3,6,81,6,96,0,1,33,0,34,3,7,114,6,130,116,0,116,246
10/29/2004,IWA,AZ,AWP,WE,Federal Contract Tower,3,6,16,16,41,0,17,249,1,267,3,23,265,17,308,650,14,664,972
10/30/2004,IWA,AZ,AWP,WE,Federal Contract Tower,4,0,1,6,11,0,18,212,3,233,4,18,213,9,244,566,0,566,810
10/31/2004,IWA,AZ,AWP,WE,Federal Contract Tower,0,0,5,5,10,0,6,153,0,159,0,6,158,5,169,273,0,273,442
11/01/2004,IWA,AZ,AWP,WE,Federal Contract Tower,3,6,10,6,25,0,10,200,3,213,3,16,210,9,238,456,26,482,720
11/02/2004,IWA,AZ,AWP,WE,Federal Contract Tower,3,4,10,9,26,0,13,209,24,246,3,17,219,33,272,503,8,511,783
11/03/2004,IWA,AZ,AWP,WE,Federal Contract Tower,3,6,14,12,35,0,8,224,14,246,3,14,238,26,281,402,31,433,714
11/04/2004,IWA,AZ,AWP,WE,Federal Contract Tower,4,6,14,7,31,0,13,281,0,294,4,19,295,7,325,636,12,648,973
11/05/2004,IWA,AZ,AWP,WE,Federal Contract Tower,2,6,15,15,38,0,13,256,3,272,2,19,271,18,310,702,2,704,1014
11/06/2004,IWA,AZ,AWP,WE,Federal Contract Tower,1,0,10,7,18,0,20,243,8,271,1,20,253,15,289,357,0,357,646
11/07/2004,IWA,AZ,AWP,WE,Federal Contract Tower,0,0,7,5,12,0,5,108,0,113,0,5,115,5,125,329,0,329,454
11/08/2004,IWA,AZ,AWP,WE,Federal Contract Tower,5,6,13,3,27,0,18,143,1,162,5,24,156,4,189,433,0,433,622
11/09/2004,IWA,AZ,AWP,WE,Federal Contract Tower,4,4,7,13,28,0,6,235,2,243,4,10,242,15,271,640,23,663,934
11/10/2004,IWA,AZ,AWP,WE,Federal Contract Tower,5,6,15,10,36,0,13,245,4,262,5,19,260,14,298,501,20,521,819
11/11/2004,IWA,AZ,AWP,WE,Federal Contract Tower,2,4,4,8,18,0,22,211,5,238,2,26,215,13,256,712,32,744,1000
11/12/2004,IWA,AZ,AWP,WE,Federal Contract Tower,4,6,14,18,42,0,21,192,0,213,4,27,206,18,255,465,61,526,781
11/13/2004,IWA,AZ,AWP,WE,Federal Contract Tower,0,0,7,7,14,0,29,195,0,224,0,29,202,7,238,536,0,536,774
11/14/2004,IWA,AZ,AWP,WE,Federal Contract Tower,0,1,3,5,9,0,11,108,4,123,0,12,111,9,132,167,0,167,299
11/15/2004,IWA,AZ,AWP,WE,Federal Contract Tower,4,7,8,11,30,0,14,198,2,214,4,21,206,13,244,423,9,432,676
11/16/2004,IWA,AZ,AWP,WE,Federal Contract Tower,4,4,8,7,23,0,3,234,0,237,4,7,242,7,260,428,20,448,708
11/17/2004,IWA,AZ,AWP,WE,Federal Contract Tower,3,6,4,7,20,0,21,244,10,275,3,27,248,17,295,424,5,429,724
11/18/2004,IWA,AZ,AWP,WE,Federal Contract Tower,6,4,13,7,30,0,7,271,1,279,6,11,284,8,309,520,6,526,835
11/19/2004,IWA,AZ,AWP,WE,Federal Contract Tower,7,8,12,12,39,0,18,230,2,250,7,26,242,14,289,498,15,513,802
11/20/2004,IWA,AZ,AWP,WE,Federal Contract Tower,0,0,5,11,16,0,13,215,23,251,0,13,220,34,267,559,11,570,837
11/21/2004,IWA,AZ,AWP,WE,Federal Contract Tower,0,1,6,12,19,0,13,81,3,97,0,14,87,15,116,140,5,145,261
11/22/2004,IWA,AZ,AWP,WE,Federal Contract Tower,4,2,14,8,28,0,0,27,0,27,4,2,41,8,55,93,4,97,152
11/23/2004,IWA,AZ,AWP,WE,Federal Contract Tower,3,0,15,11,29,0,16,222,0,238,3,16,237,11,267,524,8,532,799
11/24/2004,IWA,AZ,AWP,WE,Federal Contract Tower,6,1,7,0,14,1,18,225,1,245,7,19,232,1,259,509,0,509,768
11/25/2004,IWA,AZ,AWP,WE,Federal Contract Tower,2,0,2,0,4,0,6,94,0,100,2,6,96,0,104,39,0,39,143
11/26/2004,IWA,AZ,AWP,WE,Federal Contract Tower,1,0,2,1,4,0,7,222,0,229,1,7,224,1,233,345,0,345,578
11/27/2004,IWA,AZ,AWP,WE,Federal Contract Tower,2,0,3,5,10,0,27,223,0,250,2,27,226,5,260,236,0,236,496
11/28/2004,IWA,AZ,AWP,WE,Federal Contract Tower,2,0,2,2,6,0,10,77,0,87,2,10,79,2,93,109,0,109,202
11/29/2004,IWA,AZ,AWP,WE,Federal Contract Tower,3,6,9,12,30,0,8,196,1,205,3,14,205,13,235,349,8,357,592
11/30/2004,IWA,AZ,AWP,WE,Federal Contract Tower,3,3,19,5,30,0,17,273,5,295,3,20,292,10,325,516,77,593,918
12/01/2004,IWA,AZ,AWP,WE,Federal Contract Tower,2,6,17,16,41,0,25,229,7,261,2,31,246,23,302,514,34,548,850
12/02/2004,IWA,AZ,AWP,WE,Federal Contract Tower,2,6,11,20,39,1,12,233,9,255,3,18,244,29,294,506,20,526,820
12/03/2004,IWA,AZ,AWP,WE,Federal Contract Tower,6,6,17,22,51,0,21,339,26,386,6,27,356,48,437,552,48,600,1037
12/04/2004,IWA,AZ,AWP,WE,Federal Contract Tower,2,3,5,9,19,0,7,168,2,177,2,10,173,11,196,187,2,189,385
12/05/2004,IWA,AZ,AWP,WE,Federal Contract Tower,1,3,4,19,27,0,6,94,0,100,1,9,98,19,127,388,0,388,515
12/06/2004,IWA,AZ,AWP,WE,Federal Contract Tower,5,8,41,7,61,0,7,75,0,82,5,15,116,7,143,124,8,132,275
12/07/2004,IWA,AZ,AWP,WE,Federal Contract Tower,2,4,17,9,32,1,13,340,9,363,3,17,357,18,395,780,38,818,1213
12/08/2004,IWA,AZ,AWP,WE,Federal Contract Tower,3,8,17,11,39,0,8,260,6,274,3,16,277,17,313,590,34,624,937
12/09/2004,IWA,AZ,AWP,WE,Federal Contract Tower,5,6,16,12,39,0,17,330,0,347,5,23,346,12,386,612,15,627,1013
12/10/2004,IWA,AZ,AWP,WE,Federal Contract Tower,5,6,12,8,31,0,18,273,3,294,5,24,285,11,325,533,14,547,872
12/11/2004,IWA,AZ,AWP,WE,Federal Contract Tower,3,0,12,5,20,0,22,264,6,292,3,22,276,11,312,455,0,455,767
12/12/2004,IWA,AZ,AWP,WE,Federal Contract Tower,0,0,3,13,16,0,14,191,7,212,0,14,194,20,228,312,0,312,540
12/13/2004,IWA,AZ,AWP,WE,Federal Contract Tower,2,6,12,5,25,0,11,248,4,263,2,17,260,9,288,379,4,383,671
12/14/2004,IWA,AZ,AWP,WE,Federal Contract Tower,2,4,15,5,26,0,18,278,5,301,2,22,293,10,327,481,23,504,831
12/15/2004,IWA,AZ,AWP,WE,Federal Contract Tower,5,6,7,12,30,0,9,304,0,313,5,15,311,12,343,506,28,534,877
12/16/2004,IWA,AZ,AWP,WE,Federal Contract Tower,4,8,11,12,35,0,16,185,5,206,4,24,196,17,241,195,2,197,438
12/17/2004,IWA,AZ,AWP,WE,Federal Contract Tower,5,5,14,11,35,0,16,288,15,319,5,21,302,26,354,593,35,628,982
12/18/2004,IWA,AZ,AWP,WE,Federal Contract Tower,0,0,8,3,11,0,18,280,13,311,0,18,288,16,322,399,0,399,721
12/19/2004,IWA,AZ,AWP,WE,Federal Contract Tower,1,2,8,2,13,0,9,162,7,178,1,11,170,9,191,342,6,348,539
12/20/2004,IWA,AZ,AWP,WE,Federal Contract Tower,3,0,8,9,20,0,14,255,1,270,3,14,263,10,290,570,2,572,862
12/21/2004,IWA,AZ,AWP,WE,Federal Contract Tower,3,0,15,13,31,0,7,273,1,281,3,7,288,14,312,451,50,501,813
12/22/2004,IWA,AZ,AWP,WE,Federal Contract Tower,3,0,14,8,25,0,16,260,6,282,3,16,274,14,307,576,45,621,928
12/23/2004,IWA,AZ,AWP,WE,Federal Contract Tower,0,0,5,7,12,0,13,206,4,223,0,13,211,11,235,253,9,262,497
12/24/2004,IWA,AZ,AWP,WE,Federal Contract Tower,0,0,1,0,1,0,10,112,0,122,0,10,113,0,123,143,0,143,266
12/25/2004,IWA,AZ,AWP,WE,Federal Contract Tower,0,2,0,0,2,0,13,22,0,35,0,15,22,0,37,7,0,7,44
12/26/2004,IWA,AZ,AWP,WE,Federal Contract Tower,0,0,3,0,3,0,7,97,0,104,0,7,100,0,107,95,0,95,202
12/27/2004,IWA,AZ,AWP,WE,Federal Contract Tower,2,3,2,6,13,0,14,189,0,203,2,17,191,6,216,316,17,333,549
12/28/2004,IWA,AZ,AWP,WE,Federal Contract Tower,5,1,3,1,10,0,20,205,0,225,5,21,208,1,235,439,23,462,697
12/29/2004,IWA,AZ,AWP,WE,Federal Contract Tower,3,0,21,12,36,0,6,47,0,53,3,6,68,12,89,107,12,119,208
12/30/2004,IWA,AZ,AWP,WE,Federal Contract Tower,0,0,25,7,32,0,13,187,0,200,0,13,212,7,232,559,26,585,817
12/31/2004,IWA,AZ,AWP,WE,Federal Contract Tower,0,2,7,1,10,0,14,198,0,212,0,16,205,1,222,368,0,368,590
01/01/2005,IWA,AZ,AWP,WE,Federal Contract Tower,0,0,2,0,2,0,8,84,0,92,0,8,86,0,94,88,0,88,182
01/02/2005,IWA,AZ,AWP,WE,Federal Contract Tower,0,1,13,1,15,0,4,124,0,128,0,5,137,1,143,347,4,351,494
01/03/2005,IWA,AZ,AWP,WE,Federal Contract Tower,3,1,10,0,14,0,6,61,0,67,3,7,71,0,81,139,0,139,220
01/04/2005,IWA,AZ,AWP,WE,Federal Contract Tower,3,0,3,0,6,0,4,39,0,43,3,4,42,0,49,31,0,31,80
01/05/2005,IWA,AZ,AWP,WE,Federal Contract Tower,3,0,17,5,25,0,7,282,0,289,3,7,299,5,314,550,38,588,902
01/06/2005,IWA,AZ,AWP,WE,Federal Contract Tower,3,0,14,14,31,0,13,283,4,300,3,13,297,18,331,484,31,515,846
01/07/2005,IWA,AZ,AWP,WE,Federal Contract Tower,3,1,13,11,28,0,19,266,0,285,3,20,279,11,313,451,20,471,784
01/08/2005,IWA,AZ,AWP,WE,Federal Contract Tower,5,0,7,7,19,0,20,166,0,186,5,20,173,7,205,412,2,414,619
01/09/2005,IWA,AZ,AWP,WE,Federal Contract Tower,0,0,5,3,8,0,3,176,5,184,0,3,181,8,192,317,0,317,509
01/10/2005,IWA,AZ,AWP,WE,Federal Contract Tower,3,9,10,13,35,0,21,161,6,188,3,30,171,19,223,438,15,453,676
01/11/2005,IWA,AZ,AWP,WE,Federal Contract Tower,3,5,7,4,19,0,19,180,0,199,3,24,187,4,218,313,14,327,545
01/12/2005,IWA,AZ,AWP,WE,Federal Contract Tower,3,7,16,9,35,0,27,320,4,351,3,34,336,13,386,530,43,573,959
01/13/2005,IWA,AZ,AWP,WE,Federal Contract Tower,3,10,22,7,42,0,6,298,5,309,3,16,320,12,351,383,48,431,782
01/14/2005,IWA,AZ,AWP,WE,Federal Contract Tower,3,6,15,16,40,0,14,287,12,313,3,20,302,28,353,598,18,616,969
01/15/2005,IWA,AZ,AWP,WE,Federal Contract Tower,0,0,7,4,11,0,18,216,5,239,0,18,223,9,250,471,14,485,735
01/16/2005,IWA,AZ,AWP,WE,Federal Contract Tower,0,0,10,7,17,0,12,129,6,147,0,12,139,13,164,369,5,374,538
01/17/2005,IWA,AZ,AWP,WE,Federal Contract Tower,0,6,16,16,38,0,7,248,13,268,0,13,264,29,306,408,10,418,724
01/18/2005,IWA,AZ,AWP,WE,Federal Contract Tower,3,8,23,26,60,0,10,289,5,304,3,18,312,31,364,620,55,675,1039
01/19/2005,IWA,AZ,AWP,WE,Federal Contract Tower,3,6,10,3,22,0,3,258,7,268,3,9,268,10,290,748,26,774,1064
01/20/2005,IWA,AZ,AWP,WE,Federal Contract Tower,3,4,7,13,27,0,20,237,9,266,3,24,244,22,293,470,42,512,805
01/21/2005,IWA,AZ,AWP,WE,Federal Contract Tower,1,6,9,30,46,0,14,226,5,245,1,20,235,35,291,599,29,628,919
01/22/2005,IWA,AZ,AWP,WE,Federal Contract Tower,0,0,7,7,14,0,8,192,13,213,0,8,199,20,227,549,16,565,792
01/23/2005,IWA,AZ,AWP,WE,Federal Contract Tower,1,0,10,10,21,0,19,176,8,203,1,19,186,18,224,318,0,318,542
01/24/2005,IWA,AZ,AWP,WE,Federal Contract Tower,4,8,6,6,24,0,16,236,2,254,4,24,242,8,278,444,25,469,747
01/25/2005,IWA,AZ,AWP,WE,Federal Contract Tower,3,4,11,4,22,0,20,231,5,256,3,24,242,9,278,590,24,614,892
01/26/2005,IWA,AZ,AWP,WE,Federal Contract Tower,3,8,28,10,49,0,13,74,4,91,3,21,102,14,140,145,11,156,296
01/27/2005,IWA,AZ,AWP,WE,Federal Contract Tower,5,4,22,11,42,0,18,124,6,148,5,22,146,17,190,447,10,457,647
01/28/2005,IWA,AZ,AWP,WE,Federal Contract Tower,5,4,12,30,51,0,9,303,11,323,5,13,315,41,374,608,71,679,1053
01/29/2005,IWA,AZ,AWP,WE,Federal Contract Tower,0,0,5,5,10,0,12,126,8,146,0,12,131,13,156,238,18,256,412
01/30/2005,IWA,AZ,AWP,WE,Federal Contract Tower,0,0,6,11,17,0,0,176,10,186,0,0,182,21,203,303,5,308,511
01/31/2005,IWA,AZ,AWP,WE,Federal Contract Tower,3,4,10,7,24,0,3,260,4,267,3,7,270,11,291,583,12,595,886
02/01/2005,IWA,AZ,AWP,WE,Federal Contract Tower,2,7,4,25,38,0,10,251,2,263,2,17,255,27,301,578,56,634,935
02/02/2005,IWA,AZ,AWP,WE,Federal Contract Tower,2,4,11,3,20,0,25,220,1,246,2,29,231,4,266,359,15,374,640
02/03/2005,IWA,AZ,AWP,WE,Federal Contract Tower,5,6,8,13,32,0,12,144,9,165,5,18,152,22,197,175,14,189,386
02/04/2005,IWA,AZ,AWP,WE,Federal Contract Tower,3,4,8,27,42,0,11,237,2,250,3,15,245,29,292,618,17,635,927
02/05/2005,IWA,AZ,AWP,WE,Federal Contract Tower,0,0,10,9,19,0,16,278,6,300,0,16,288,15,319,479,9,488,807
02/06/2005,IWA,AZ,AWP,WE,Federal Contract Tower,0,0,4,7,11,0,14,154,1,169,0,14,158,8,180,285,0,285,465
02/07/2005,IWA,AZ,AWP,WE,Federal Contract Tower,1,4,4,19,28,0,13,226,0,239,1,17,230,19,267,656,6,662,929
02/08/2005,IWA,AZ,AWP,WE,Federal Contract Tower,3,6,13,10,32,0,20,291,3,314,3,26,304,13,346,580,18,598,944
02/09/2005,IWA,AZ,AWP,WE,Federal Contract Tower,3,8,5,15,31,0,13,327,4,344,3,21,332,19,375,564,64,628,1003
02/10/2005,IWA,AZ,AWP,WE,Federal Contract Tower,2,8,13,8,31,1,19,191,10,221,3,27,204,18,252,385,14,399,651
02/11/2005,IWA,AZ,AWP,WE,Federal Contract Tower,2,8,23,7,40,0,3,50,2,55,2,11,73,9,95,225,0,225,320
02/12/2005,IWA,AZ,AWP,WE,Federal Contract Tower,0,4,31,11,46,0,17,24,0,41,0,21,55,11,87,52,0,52,139
02/13/2005,IWA,AZ,AWP,WE,Federal Contract Tower,0,0,26,9,35,0,36,173,9,218,0,36,199,18,253,348,0,348,601
02/14/2005,IWA,AZ,AWP,WE,Federal Contract Tower,3,4,9,8,24,0,19,289,5,313,3,23,298,13,337,552,15,567,904
02/15/2005,IWA,AZ,AWP,WE,Federal Contract Tower,3,6,7,4,20,0,8,363,21,392,3,14,370,25,412,771,19,790,1202
02/16/2005,IWA,AZ,AWP,WE,Federal Contract Tower,3,9,11,9,32,0,22,333,11,366,3,31,344,20,398,680,36,716,1114
02/17/2005,IWA,AZ,AWP,WE,Federal Contract Tower,3,6,7,3,19,0,13,303,12,328,3,19,310,15,347,647,8,655,1002
02/18/2005,IWA,AZ,AWP,WE,Federal Contract Tower,1,4,11,11,27,0,7,171,16,194,1,11,182,27,221,365,41,406,627
02/19/2005,IWA,AZ,AWP,WE,Federal Contract Tower,0,0,8,21,29,0,10,60,10,80,0,10,68,31,109,274,0,274,383
02/20/2005,IWA,AZ,AWP,WE,Federal Contract Tower,0,0,21,11,32,0,19,135,9,163,0,19,156,20,195,351,34,385,580
02/21/2005,IWA,AZ,AWP,WE,Federal Contract Tower,0,0,9,2,11,0,18,318,3,339,0,18,327,5,350,456,0,456,806
02/22/2005,IWA,AZ,AWP,WE,Federal Contract Tower,1,6,3,16,26,0,21,186,6,213,1,27,189,22,239,479,87,566,805
02/23/2005,IWA,AZ,AWP,WE,Federal Contract Tower,5,6,14,7,32,0,20,292,3,315,5,26,306,10,347,513,45,558,905
02/24/2005,IWA,AZ,AWP,WE,Federal Contract Tower,5,6,17,7,35,0,20,314,7,341,5,26,331,14,376,629,40,669,1045
02/25/2005,IWA,AZ,AWP,WE,Federal Contract Tower,3,5,20,10,38,0,25,306,1,332,3,30,326,11,370,535,2,537,907
02/26/2005,IWA,AZ,AWP,WE,Federal Contract Tower,0,0,6,6,12,0,12,238,4,254,0,12,244,10,266,441,4,445,711
02/27/2005,IWA,AZ,AWP,WE,Federal Contract Tower,1,0,6,4,11,0,19,256,6,281,1,19,262,10,292,399,23,422,714
02/28/2005,IWA,AZ,AWP,WE,Federal Contract Tower,3,4,13,12,32,0,24,250,3,277,3,28,263,15,309,571,43,614,923
03/01/2005,IWA,AZ,AWP,WE,Federal Contract Tower,3,6,13,11,33,0,12,319,4,335,3,18,332,15,368,595,31,626,994
03/02/2005,IWA,AZ,AWP,WE,Federal Contract Tower,5,6,16,14,41,0,24,296,3,323,5,30,312,17,364,574,47,621,985
03/03/2005,IWA,AZ,AWP,WE,Federal Contract Tower,3,7,9,13,32,0,18,285,7,310,3,25,294,20,342,650,21,671,1013
03/04/2005,IWA,AZ,AWP,WE,Federal Contract Tower,3,7,16,15,41,0,11,345,3,359,3,18,361,18,400,521,22,543,943
03/05/2005,IWA,AZ,AWP,WE,Federal Contract Tower,0,0,13,5,18,0,12,138,3,153,0,12,151,8,171,289,0,289,460
03/06/2005,IWA,AZ,AWP,WE,Federal Contract Tower,0,1,11,14,26,0,5,162,31,198,0,6,173,45,224,364,0,364,588
03/07/2005,IWA,AZ,AWP,WE,Federal Contract Tower,3,5,20,2,30,0,7,291,6,304,3,12,311,8,334,554,0,554,888
03/08/2005,IWA,AZ,AWP,WE,Federal Contract Tower,3,6,12,8,29,0,10,284,3,297,3,16,296,11,326,587,22,609,935
03/09/2005,IWA,AZ,AWP,WE,Federal Contract Tower,3,6,15,2,26,0,28,368,7,403,3,34,383,9,429,623,0,623,1052
03/10/2005,IWA,AZ,AWP,WE,Federal Contract Tower,3,7,13,7,30,0,22,366,7,395,3,29,379,14,425,736,9,745,1170
03/11/2005,IWA,AZ,AWP,WE,Federal Contract Tower,3,5,11,21,40,0,19,330,3,352,3,24,341,24,392,473,25,498,890
03/12/2005,IWA,AZ,AWP,WE,Federal Contract Tower,0,0,11,7,18,0,13,278,11,302,0,13,289,18,320,518,0,518,838
03/13/2005,IWA,AZ,AWP,WE,Federal Contract Tower,0,0,14,8,22,0,18,224,7,249,0,18,238,15,271,453,4,457,728
03/14/2005,IWA,AZ,AWP,WE,Federal Contract Tower,3,4,16,4,27,0,14,213,3,230,3,18,229,7,257,411,15,426,683
03/15/2005,IWA,AZ,AWP,WE,Federal Contract Tower,3,5,20,17,45,0,14,275,5,294,3,19,295,22,339,465,47,512,851
03/16/2005,IWA,AZ,AWP,WE,Federal Contract Tower,3,6,12,6,27,0,17,308,4,329,3,23,320,10,356,646,59,705,1061
03/17/2005,IWA,AZ,AWP,WE,Federal Contract Tower,3,8,12,3,26,0,8,315,2,325,3,16,327,5,351,644,8,652,1003
03/18/2005,IWA,AZ,AWP,WE,Federal Contract Tower,1,4,9,22,36,0,10,267,5,282,1,14,276,27,318,555,28,583,901
03/19/2005,IWA,AZ,AWP,WE,Federal Contract Tower,0,0,14,8,22,0,16,162,2,180,0,16,176,10,202,334,22,356,558
03/20/2005,IWA,AZ,AWP,WE,Federal Contract Tower,0,5,18,3,26,0,14,147,10,171,0,19,165,13,197,175,0,175,372
03/21/2005,IWA,AZ,AWP,WE,Federal Contract Tower,3,4,19,8,34,0,11,269,1,281,3,15,288,9,315,483,35,518,833
03/22/2005,IWA,AZ,AWP,WE,Federal Contract Tower,3,8,18,7,36,0,26,312,10,348,3,34,330,17,384,753,23,776,1160
03/23/2005,IWA,AZ,AWP,WE,Federal Contract Tower,3,6,18,6,33,0,14,188,1,203,3,20,206,7,236,297,26,323,559
03/24/2005,IWA,AZ,AWP,WE,Federal Contract Tower,2,6,22,10,40,0,11,307,1,319,2,17,329,11,359,632,24,656,1015
03/25/2005,IWA,AZ,AWP,WE,Federal Contract Tower,1,4,24,14,43,0,8,254,4,266,1,12,278,18,309,548,33,581,890
03/26/2005,IWA,AZ,AWP,WE,Federal Contract Tower,2,0,10,3,15,0,19,268,2,289,2,19,278,5,304,465,0,465,769
03/27/2005,IWA,AZ,AWP,WE,Federal Contract Tower,0,2,5,2,9,0,16,153,3,172,0,18,158,5,181,289,0,289,470
03/28/2005,IWA,AZ,AWP,WE,Federal Contract Tower,4,4,19,14,41,0,11,240,2,253,4,15,259,16,294,373,38,411,705
03/29/2005,IWA,AZ,AWP,WE,Federal Contract Tower,3,6,22,11,42,1,16,275,2,294,4,22,297,13,336,537,12,549,885
03/30/2005,IWA,AZ,AWP,WE,Federal Contract Tower,3,5,26,12,46,0,14,255,3,272,3,19,281,15,318,427,2,429,747
03/31/2005,IWA,AZ,AWP,WE,Federal Contract Tower,3,6,16,14,39,0,22,198,0,220,3,28,214,14,259,269,28,297,556
04/01/2005,IWA,AZ,AWP,WE,Federal Contract Tower,1,4,22,18,45,0,12,141,3,156,1,16,163,21,201,265,32,297,498
04/02/2005,IWA,AZ,AWP,WE,Federal Contract Tower,1,0,5,8,14,0,26,246,3,275,1,26,251,11,289,451,19,470,759
04/03/2005,IWA,AZ,AWP,WE,Federal Contract Tower,0,0,5,8,13,0,22,174,14,210,0,22,179,22,223,215,0,215,438
04/04/2005,IWA,AZ,AWP,WE,Federal Contract Tower,3,4,14,7,28,0,12,141,0,153,3,16,155,7,181,197,4,201,382
04/05/2005,IWA,AZ,AWP,WE,Federal Contract Tower,3,8,9,9,29,0,23,319,0,342,3,31,328,9,371,617,9,626,997
04/06/2005,IWA,AZ,AWP,WE,Federal Contract Tower,4,6,17,2,29,0,23,289,12,324,4,29,306,14,353,540,25,565,918
04/07/2005,IWA,AZ,AWP,WE,Federal Contract Tower,3,6,23,14,46,0,14,233,3,250,3,20,256,17,296,566,24,590,886
04/08/2005,IWA,AZ,AWP,WE,Federal Contract Tower,3,6,12,20,41,0,8,225,12,245,3,14,237,32,286,405,58,463,749
04/09/2005,IWA,AZ,AWP,WE,Federal Contract Tower,1,0,4,3,8,0,21,197,7,225,1,21,201,10,233,396,0,396,629
04/10/2005,IWA,AZ,AWP,WE,Federal Contract Tower,0,0,7,17,24,0,17,160,3,180,0,17,167,20,204,247,0,247,451
04/11/2005,IWA,AZ,AWP,WE,Federal Contract Tower,3,4,13,6,26,0,17,226,0,243,3,21,239,6,269,503,18,521,790
04/12/2005,IWA,AZ,AWP,WE,Federal Contract Tower,3,6,12,18,39,0,14,324,1,339,3,20,336,19,378,633,24,657,1035
04/13/2005,IWA,AZ,AWP,WE,Federal Contract Tower,3,7,10,6,26,0,18,288,1,307,3,25,298,7,333,591,4,595,928
04/14/2005,IWA,AZ,AWP,WE,Federal Contract Tower,2,6,6,9,23,0,15,343,6,364,2,21,349,15,387,461,35,496,883
04/15/2005,IWA,AZ,AWP,WE,Federal Contract Tower,3,4,8,8,23,0,24,289,2,315,3,28,297,10,338,524,17,541,879
04/16/2005,IWA,AZ,AWP,WE,Federal Contract Tower,2,0,5,11,18,0,12,221,12,245,2,12,226,23,263,448,3,451,714
04/17/2005,IWA,AZ,AWP,WE,Federal Contract Tower,0,0,5,15,20,0,7,144,4,155,0,7,149,19,175,269,5,274,449
04/18/2005,IWA,AZ,AWP,WE,Federal Contract Tower,3,4,10,12,29,0,18,232,0,250,3,22,242,12,279,421,3,424,703
04/19/2005,IWA,AZ,AWP,WE,Federal Contract Tower,3,6,4,7,20,0,11,223,0,234,3,17,227,7,254,395,12,407,661
04/20/2005,IWA,AZ,AWP,WE,Federal Contract Tower,3,8,16,16,43,1,9,338,0,348,4,17,354,16,391,519,18,537,928
04/21/2005,IWA,AZ,AWP,WE,Federal Contract Tower,3,6,10,14,33,0,20,321,2,343,3,26,331,16,376,554,33,587,963
04/22/2005,IWA,AZ,AWP,WE,Federal Contract Tower,3,4,9,13,29,0,23,290,0,313,3,27,299,13,342,480,20,500,842
04/23/2005,IWA,AZ,AWP,WE,Federal Contract Tower,0,2,5,5,12,0,27,200,6,233,0,29,205,11,245,286,9,295,540
04/24/2005,IWA,AZ,AWP,WE,Federal Contract Tower,0,0,5,16,21,0,11,128,7,146,0,11,133,23,167,130,11,141,308
04/25/2005,IWA,AZ,AWP,WE,Federal Contract Tower,2,6,11,8,27,0,28,260,6,294,2,34,271,14,321,418,12,430,751
04/26/2005,IWA,AZ,AWP,WE,Federal Contract Tower,2,6,6,12,26,0,9,269,7,285,2,15,275,19,311,500,41,541,852
04/27/2005,IWA,AZ,AWP,WE,Federal Contract Tower,3,7,13,14,37,0,20,274,19,313,3,27,287,33,350,288,59,347,697
04/28/2005,IWA,AZ,AWP,WE,Federal Contract Tower,3,6,11,9,29,0,28,218,7,253,3,34,229,16,282,530,27,557,839
04/29/2005,IWA,AZ,AWP,WE,Federal Contract Tower,3,4,17,5,29,0,29,277,11,317,3,33,294,16,346,437,34,471,817
04/30/2005,IWA,AZ,AWP,WE,Federal Contract Tower,0,0,9,9,18,0,7,295,11,313,0,7,304,20,331,552,34,586,917
05/01/2005,IWA,AZ,AWP,WE,Federal Contract Tower,0,0,4,11,15,0,7,146,6,159,0,7,150,17,174,314,3,317,491
05/02/2005,IWA,AZ,AWP,WE,Federal Contract Tower,5,4,10,5,24,0,22,273,1,296,5,26,283,6,320,427,0,427,747
05/03/2005,IWA,AZ,AWP,WE,Federal Contract Tower,4,6,21,3,34,0,14,321,2,337,4,20,342,5,371,644,6,650,1021
05/04/2005,IWA,AZ,AWP,WE,Federal Contract Tower,3,6,16,3,28,0,13,257,0,270,3,19,273,3,298,740,15,755,1053
05/05/2005,IWA,AZ,AWP,WE,Federal Contract Tower,3,6,9,3,21,0,14,244,7,265,3,20,253,10,286,345,5,350,636
05/06/2005,IWA,AZ,AWP,WE,Federal Contract Tower,5,4,12,11,32,0,18,245,29,292,5,22,257,40,324,421,51,472,796
05/07/2005,IWA,AZ,AWP,WE,Federal Contract Tower,0,0,13,2,15,0,16,281,4,301,0,16,294,6,316,512,20,532,848
05/08/2005,IWA,AZ,AWP,WE,Federal Contract Tower,0,0,3,6,9,0,14,149,4,167,0,14,152,10,176,439,0,439,615
05/09/2005,IWA,AZ,AWP,WE,Federal Contract Tower,3,4,16,8,31,1,22,227,1,251,4,26,243,9,282,409,0,409,691
05/10/2005,IWA,AZ,AWP,WE,Federal Contract Tower,3,6,10,7,26,0,25,256,3,284,3,31,266,10,310,589,8,597,907
05/11/2005,IWA,AZ,AWP,WE,Federal Contract Tower,3,8,12,3,26,0,8,281,9,298,3,16,293,12,324,674,33,707,1031
05/12/2005,IWA,AZ,AWP,WE,Federal Contract Tower,3,6,12,6,27,0,9,232,4,245,3,15,244,10,272,499,13,512,784
05/13/2005,IWA,AZ,AWP,WE,Federal Contract Tower,3,6,6,3,18,0,7,238,17,262,3,13,244,20,280,489,6,495,775
05/14/2005,IWA,AZ,AWP,WE,Federal Contract Tower,1,0,10,2,13,0,4,273,17,294,1,4,283,19,307,414,0,414,721
05/15/2005,IWA,AZ,AWP,WE,Federal Contract Tower,0,0,10,8,18,0,11,248,11,270,0,11,258,19,288,248,0,248,536
05/16/2005,IWA,AZ,AWP,WE,Federal Contract Tower,3,6,7,12,28,0,18,178,6,202,3,24,185,18,230,319,17,336,566
05/17/2005,IWA,AZ,AWP,WE,Federal Contract Tower,1,6,10,9,26,0,12,257,2,271,1,18,267,11,297,580,43,623,920
05/18/2005,IWA,AZ,AWP,WE,Federal Contract Tower,4,11,2,8,25,0,10,271,0,281,4,21,273,8,306,514,4,518,824
05/19/2005,IWA,AZ,AWP,WE,Federal Contract Tower,3,6,10,5,24,0,20,278,3,301,3,26,288,8,325,453,14,467,792
05/20/2005,IWA,AZ,AWP,WE,Federal Contract Tower,2,4,4,6,16,0,23,251,5,279,2,27,255,11,295,407,16,423,718
05/21/2005,IWA,AZ,AWP,WE,Federal Contract Tower,3,0,5,6,14,0,18,223,11,252,3,18,228,17,266,322,0,322,588
05/22/2005,IWA,AZ,AWP,WE,Federal Contract Tower,0,0,5,3,8,0,19,165,10,194,0,19,170,13,202,193,0,193,395
05/23/2005,IWA,AZ,AWP,WE,Federal Contract Tower,3,4,6,2,15,0,20,198,0,218,3,24,204,2,233,195,0,195,428
05/24/2005,IWA,AZ,AWP,WE,Federal Contract Tower,4,7,3,7,21,0,14,250,3,267,4,21,253,10,288,445,15,460,748
05/25/2005,IWA,AZ,AWP,WE,Federal Contract Tower,3,7,15,7,32,0,15,276,1,292,3,22,291,8,324,480,25,505,829
05/26/2005,IWA,AZ,AWP,WE,Federal Contract Tower,3,6,6,8,23,0,19,267,3,289,3,25,273,11,312,431,6,437,749
05/27/2005,IWA,AZ,AWP,WE,Federal Contract Tower,3,0,15,7,25,0,32,181,3,216,3,32,196,10,241,289,14,303,544
05/28/2005,IWA,AZ,AWP,WE,Federal Contract Tower,0,0,6,0,6,0,11,173,6,190,0,11,179,6,196,247,0,247,443
05/29/2005,IWA,AZ,AWP,WE,Federal Contract Tower,0,0,7,2,9,0,14,106,0,120,0,14,113,2,129,190,8,198,327
05/30/2005,IWA,AZ,AWP,WE,Federal Contract Tower,0,0,3,4,7,0,29,202,0,231,0,29,205,4,238,279,0,279,517
05/31/2005,IWA,AZ,AWP,WE,Federal Contract Tower,3,6,8,4,21,0,16,221,2,239,3,22,229,6,260,596,28,624,884
06/01/2005,IWA,AZ,AWP,WE,Federal Contract Tower,3,6,2,3,14,0,32,253,1,286,3,38,255,4,300,303,10,313,613
06/02/2005,IWA,AZ,AWP,WE,Federal Contract Tower,3,6,1,11,21,0,19,213,10,242,3,25,214,21,263,374,28,402,665
06/03/2005,IWA,AZ,AWP,WE,Federal Contract Tower,2,5,10,11,28,0,32,217,3,252,2,37,227,14,280,335,4,339,619
06/04/2005,IWA,AZ,AWP,WE,Federal Contract Tower,1,1,9,5,16,0,14,189,13,216,1,15,198,18,232,369,15,384,616
06/05/2005,IWA,AZ,AWP,WE,Federal Contract Tower,0,0,4,7,11,0,16,174,22,212,0,16,178,29,223,374,9,383,606
06/06/2005,IWA,AZ,AWP,WE,Federal Contract Tower,3,4,6,3,16,0,18,257,2,277,3,22,263,5,293,532,2,534,827
06/07/2005,IWA,AZ,AWP,WE,Federal Contract Tower,3,6,8,5,22,0,20,286,2,308,3,26,294,7,330,524,13,537,867
06/08/2005,IWA,AZ,AWP,WE,Federal Contract Tower,3,6,4,8,21,0,22,263,2,287,3,28,267,10,308,470,14,484,792
06/09/2005,IWA,AZ,AWP,WE,Federal Contract Tower,3,6,6,8,23,0,15,252,3,270,3,21,258,11,293,487,8,495,788
06/10/2005,IWA,AZ,AWP,WE,Federal Contract Tower,3,9,9,16,37,0,24,246,10,280,3,33,255,26,317,526,34,560,877
06/11/2005,IWA,AZ,AWP,WE,Federal Contract Tower,0,0,6,12,18,0,10,204,20,234,0,10,210,32,252,349,6,355,607
06/12/2005,IWA,AZ,AWP,WE,Federal Contract Tower,0,0,4,11,15,0,18,196,14,228,0,18,200,25,243,308,0,308,551
06/13/2005,IWA,AZ,AWP,WE,Federal Contract Tower,0,5,8,11,24,0,13,304,0,317,0,18,312,11,341,476,47,523,864
06/14/2005,IWA,AZ,AWP,WE,Federal Contract Tower,3,6,12,1,22,0,19,240,2,261,3,25,252,3,283,481,0,481,764
06/15/2005,IWA,AZ,AWP,WE,Federal Contract Tower,3,6,7,5,21,0,18,251,3,272,3,24,258,8,293,292,28,320,613
06/16/2005,IWA,AZ,AWP,WE,Federal Contract Tower,3,8,10,14,35,0,19,272,7,298,3,27,282,21,333,508,21,529,862
06/17/2005,IWA,AZ,AWP,WE,Federal Contract Tower,3,6,8,13,30,0,11,214,16,241,3,17,222,29,271,334,58,392,663
06/18/2005,IWA,AZ,AWP,WE,Federal Contract Tower,2,2,8,7,19,0,13,200,2,215,2,15,208,9,234,292,0,292,526
06/19/2005,IWA,AZ,AWP,WE,Federal Contract Tower,0,0,2,2,4,0,8,156,2,166,0,8,158,4,170,239,0,239,409
06/20/2005,IWA,AZ,AWP,WE,Federal Contract Tower,3,4,2,6,15,0,10,180,4,194,3,14,182,10,209,401,22,423,632
06/21/2005,IWA,AZ,AWP,WE,Federal Contract Tower,3,7,7,7,24,0,27,204,5,236,3,34,211,12,260,264,49,313,573
06/22/2005,IWA,AZ,AWP,WE,Federal Contract Tower,3,6,3,4,16,0,14,236,2,252,3,20,239,6,268,229,1,230,498
06/23/2005,IWA,AZ,AWP,WE,Federal Contract Tower,7,6,5,4,22,0,13,231,10,254,7,19,236,14,276,329,18,347,623
06/24/2005,IWA,AZ,AWP,WE,Federal Contract Tower,4,4,2,17,27,0,15,317,5,337,4,19,319,22,364,378,7,385,749
06/25/2005,IWA,AZ,AWP,WE,Federal Contract Tower,0,0,5,5,10,0,21,247,10,278,0,21,252,15,288,351,6,357,645
06/26/2005,IWA,AZ,AWP,WE,Federal Contract Tower,1,0,4,12,17,0,36,239,14,289,1,36,243,26,306,336,0,336,642
06/27/2005,IWA,AZ,AWP,WE,Federal Contract Tower,3,5,6,18,32,0,16,274,8,298,3,21,280,26,330,412,11,423,753
06/28/2005,IWA,AZ,AWP,WE,Federal Contract Tower,3,7,10,11,31,0,29,255,4,288,3,36,265,15,319,471,67,538,857
06/29/2005,IWA,AZ,AWP,WE,Federal Contract Tower,3,6,10,5,24,0,18,388,8,414,3,24,398,13,438,446,12,458,896
06/30/2005,IWA,AZ,AWP,WE,Federal Contract Tower,3,6,5,29,43,0,16,248,9,273,3,22,253,38,316,362,21,383,699
07/01/2005,IWA,AZ,AWP,WE,Federal Contract Tower,3,5,13,11,32,0,20,311,14,345,3,25,324,25,377,333,0,333,710
07/02/2005,IWA,AZ,AWP,WE,Federal Contract Tower,1,0,6,6,13,0,25,286,8,319,1,25,292,14,332,278,0,278,610
07/03/2005,IWA,AZ,AWP,WE,Federal Contract Tower,0,0,1,0,1,0,20,136,0,156,0,20,137,0,157,234,0,234,391
07/04/2005,IWA,AZ,AWP,WE,Federal Contract Tower,0,0,3,0,3,0,23,102,39,164,0,23,105,39,167,215,0,215,382
07/05/2005,IWA,AZ,AWP,WE,Federal Contract Tower,1,0,6,1,8,0,9,208,2,219,1,9,214,3,227,355,0,355,582
07/06/2005,IWA,AZ,AWP,WE,Federal Contract Tower,3,0,12,7,22,0,19,264,9,292,3,19,276,16,314,428,12,440,754
07/07/2005,IWA,AZ,AWP,WE,Federal Contract Tower,3,0,10,2,15,0,14,228,8,250,3,14,238,10,265,290,15,305,570
07/08/2005,IWA,AZ,AWP,WE,Federal Contract Tower,3,0,12,18,33,2,26,224,14,266,5,26,236,32,299,421,49,470,769
07/09/2005,IWA,AZ,AWP,WE,Federal Contract Tower,0,0,5,5,10,0,25,183,8,216,0,25,188,13,226,354,0,354,580
07/10/2005,IWA,AZ,AWP,WE,Federal Contract Tower,0,1,4,2,7,0,15,169,4,188,0,16,173,6,195,301,0,301,496
07/11/2005,IWA,AZ,AWP,WE,Federal Contract Tower,4,4,9,5,22,0,13,241,2,256,4,17,250,7,278,391,87,478,756
07/12/2005,IWA,AZ,AWP,WE,Federal Contract Tower,3,6,10,5,24,0,28,268,6,302,3,34,278,11,326,314,3,317,643
07/13/2005,IWA,AZ,AWP,WE,Federal Contract Tower,5,6,5,6,22,1,10,195,2,208,6,16,200,8,230,303,9,312,542
07/14/2005,IWA,AZ,AWP,WE,Federal Contract Tower,3,6,9,6,24,0,21,210,24,255,3,27,219,30,279,302,10,312,591
07/15/2005,IWA,AZ,AWP,WE,Federal Contract Tower,3,4,4,18,29,0,7,245,4,256,3,11,249,22,285,394,3,397,682
07/16/2005,IWA,AZ,AWP,WE,Federal Contract Tower,0,0,5,7,12,0,10,220,2,232,0,10,225,9,244,418,0,418,662
07/17/2005,IWA,AZ,AWP,WE,Federal Contract Tower,0,0,4,14,18,0,16,252,6,274,0,16,256,20,292,310,0,310,602
07/18/2005,IWA,AZ,AWP,WE,Federal Contract Tower,7,4,7,5,23,0,12,197,0,209,7,16,204,5,232,382,5,387,619
07/19/2005,IWA,AZ,AWP,WE,Federal Contract Tower,5,6,9,8,28,0,24,339,5,368,5,30,348,13,396,350,30,380,776
07/20/2005,IWA,AZ,AWP,WE,Federal Contract Tower,3,6,7,10,26,0,13,268,3,284,3,19,275,13,310,362,35,397,707
07/21/2005,IWA,AZ,AWP,WE,Federal Contract Tower,4,6,12,9,31,0,26,235,5,266,4,32,247,14,297,393,3,396,693
07/22/2005,IWA,AZ,AWP,WE,Federal Contract Tower,3,4,9,14,30,0,23,241,11,275,3,27,250,25,305,291,32,323,628
07/23/2005,IWA,AZ,AWP,WE,Federal Contract Tower,1,0,9,3,13,0,25,198,19,242,1,25,207,22,255,405,18,423,678
07/24/2005,IWA,AZ,AWP,WE,Federal Contract Tower,2,0,16,5,23,0,28,177,11,216,2,28,193,16,239,335,8,343,582
07/25/2005,IWA,AZ,AWP,WE,Federal Contract Tower,4,4,11,11,30,46,27,207,2,282,50,31,218,13,312,408,15,423,735
07/26/2005,IWA,AZ,AWP,WE,Federal Contract Tower,5,8,11,14,38,0,12,272,7,291,5,20,283,21,329,608,12,620,949
07/27/2005,IWA,AZ,AWP,WE,Federal Contract Tower,5,8,7,9,29,0,18,222,5,245,5,26,229,14,274,424,14,438,712
07/28/2005,IWA,AZ,AWP,WE,Federal Contract Tower,3,8,6,16,33,0,12,275,9,296,3,20,281,25,329,419,25,444,773
07/29/2005,IWA,AZ,AWP,WE,Federal Contract Tower,3,10,3,8,24,0,14,220,1,235,3,24,223,9,259,407,20,427,686
07/30/2005,IWA,AZ,AWP,WE,Federal Contract Tower,6,0,4,1,11,0,18,181,5,204,6,18,185,6,215,317,0,317,532
07/31/2005,IWA,AZ,AWP,WE,Federal Contract Tower,0,0,2,0,2,0,11,204,4,219,0,11,206,4,221,283,0,283,504
08/01/2005,IWA,AZ,AWP,WE,Federal Contract Tower,2,4,17,1,24,0,29,220,3,252,2,33,237,4,276,396,3,399,675
08/02/2005,IWA,AZ,AWP,WE,Federal Contract Tower,4,6,7,12,29,0,24,241,4,269,4,30,248,16,298,476,9,485,783
08/03/2005,IWA,AZ,AWP,WE,Federal Contract Tower,3,11,10,7,31,0,10,310,2,322,3,21,320,9,353,582,6,588,941
08/04/2005,IWA,AZ,AWP,WE,Federal Contract Tower,3,7,6,13,29,0,21,234,4,259,3,28,240,17,288,606,46,652,940
08/05/2005,IWA,AZ,AWP,WE,Federal Contract Tower,4,4,5,12,25,0,17,223,8,248,4,21,228,20,273,508,22,530,803
08/06/2005,IWA,AZ,AWP,WE,Federal Contract Tower,0,0,12,5,17,0,13,223,5,241,0,13,235,10,258,519,3,522,780
08/07/2005,IWA,AZ,AWP,WE,Federal Contract Tower,0,0,8,6,14,0,14,145,3,162,0,14,153,9,176,293,0,293,469
08/08/2005,IWA,AZ,AWP,WE,Federal Contract Tower,3,4,16,3,26,0,17,153,1,171,3,21,169,4,197,217,4,221,418
08/09/2005,IWA,AZ,AWP,WE,Federal Contract Tower,3,6,7,9,25,0,11,270,0,281,3,17,277,9,306,404,41,445,751
08/10/2005,IWA,AZ,AWP,WE,Federal Contract Tower,3,7,10,3,23,0,27,234,1,262,3,34,244,4,285,538,25,563,848
08/11/2005,IWA,AZ,AWP,WE,Federal Contract Tower,5,8,16,13,42,1,18,297,11,327,6,26,313,24,369,494,27,521,890
08/12/2005,IWA,AZ,AWP,WE,Federal Contract Tower,2,4,10,14,30,0,17,287,12,316,2,21,297,26,346,328,24,352,698
08/13/2005,IWA,AZ,AWP,WE,Federal Contract Tower,0,0,6,3,9,0,16,256,9,281,0,16,262,12,290,399,0,399,689
08/14/2005,IWA,AZ,AWP,WE,Federal Contract Tower,0,2,3,2,7,0,17,98,5,120,0,19,101,7,127,173,0,173,300
08/15/2005,IWA,AZ,AWP,WE,Federal Contract Tower,5,4,10,8,27,0,19,270,4,293,5,23,280,12,320,620,10,630,950
08/16/2005,IWA,AZ,AWP,WE,Federal Contract Tower,3,6,18,7,34,0,10,298,6,314,3,16,316,13,348,492,27,519,867
08/17/2005,IWA,AZ,AWP,WE,Federal Contract Tower,4,6,12,4,26,0,19,305,0,324,4,25,317,4,350,434,0,434,784
08/18/2005,IWA,AZ,AWP,WE,Federal Contract Tower,3,6,18,14,41,0,25,262,10,297,3,31,280,24,338,531,50,581,919
08/19/2005,IWA,AZ,AWP,WE,Federal Contract Tower,5,4,11,19,39,0,25,216,7,248,5,29,227,26,287,329,17,346,633
08/20/2005,IWA,AZ,AWP,WE,Federal Contract Tower,0,0,8,5,13,0,16,228,14,258,0,16,236,19,271,427,6,433,704
08/21/2005,IWA,AZ,AWP,WE,Federal Contract Tower,0,0,14,4,18,0,21,174,7,202,0,21,188,11,220,336,0,336,556
08/22/2005,IWA,AZ,AWP,WE,Federal Contract Tower,2,4,11,3,20,0,27,196,5,228,2,31,207,8,248,407,0,407,655
08/23/2005,IWA,AZ,AWP,WE,Federal Contract Tower,3,6,5,5,19,0,20,241,4,265,3,26,246,9,284,367,8,375,659
08/24/2005,IWA,AZ,AWP,WE,Federal Contract Tower,3,5,15,9,32,0,15,256,6,277,3,20,271,15,309,594,4,598,907
08/25/2005,IWA,AZ,AWP,WE,Federal Contract Tower,3,6,12,4,25,0,5,276,13,294,3,11,288,17,319,594,21,615,934
08/26/2005,IWA,AZ,AWP,WE,Federal Contract Tower,3,4,11,16,34,0,24,246,11,281,3,28,257,27,315,387,48,435,750
08/27/2005,IWA,AZ,AWP,WE,Federal Contract Tower,2,0,9,8,19,0,15,211,11,237,2,15,220,19,256,372,6,378,634
08/28/2005,IWA,AZ,AWP,WE,Federal Contract Tower,0,0,10,6,16,0,14,148,2,164,0,14,158,8,180,357,0,357,537
08/29/2005,IWA,AZ,AWP,WE,Federal Contract Tower,4,4,10,11,29,0,20,230,7,257,4,24,240,18,286,438,9,447,733
08/30/2005,IWA,AZ,AWP,WE,Federal Contract Tower,3,6,12,11,32,0,18,296,13,327,3,24,308,24,359,509,44,553,912
08/31/2005,IWA,AZ,AWP,WE,Federal Contract Tower,3,6,7,3,19,0,30,264,3,297,3,36,271,6,316,562,23,585,901
09/01/2005,IWA,AZ,AWP,WE,Federal Contract Tower,3,6,13,8,30,0,13,243,0,256,3,19,256,8,286,399,0,399,685
09/02/2005,IWA,AZ,AWP,WE,Federal Contract Tower,3,0,13,16,32,0,9,298,2,309,3,9,311,18,341,393,7,400,741
09/03/2005,IWA,AZ,AWP,WE,Federal Contract Tower,3,0,5,12,20,0,16,210,4,230,3,16,215,16,250,274,31,305,555
09/04/2005,IWA,AZ,AWP,WE,Federal Contract Tower,1,0,10,16,27,1,9,113,3,126,2,9,123,19,153,162,8,170,323
09/05/2005,IWA,AZ,AWP,WE,Federal Contract Tower,0,0,5,11,16,0,20,175,0,195,0,20,180,11,211,370,4,374,585
09/06/2005,IWA,AZ,AWP,WE,Federal Contract Tower,1,6,9,6,22,1,27,335,3,366,2,33,344,9,388,614,0,614,1002
09/07/2005,IWA,AZ,AWP,WE,Federal Contract Tower,4,6,4,2,16,0,23,261,2,286,4,29,265,4,302,491,2,493,795
09/08/2005,IWA,AZ,AWP,WE,Federal Contract Tower,3,6,5,11,25,0,27,227,15,269,3,33,232,26,294,466,57,523,817
09/09/2005,IWA,AZ,AWP,WE,Federal Contract Tower,7,4,14,7,32,0,24,239,6,269,7,28,253,13,301,326,0,326,627
09/10/2005,IWA,AZ,AWP,WE,Federal Contract Tower,0,1,13,3,17,0,15,209,8,232,0,16,222,11,249,354,9,363,612
09/11/2005,IWA,AZ,AWP,WE,Federal Contract Tower,0,0,6,6,12,0,23,215,14,252,0,23,221,20,264,357,0,357,621
09/12/2005,IWA,AZ,AWP,WE,Federal Contract Tower,3,4,4,6,17,0,21,268,0,289,3,25,272,6,306,505,4,509,815
09/13/2005,IWA,AZ,AWP,WE,Federal Contract Tower,3,6,6,6,21,0,6,252,31,289,3,12,258,37,310,574,16,590,900
09/14/2005,IWA,AZ,AWP,WE,Federal Contract Tower,5,6,11,4,26,0,17,308,0,325,5,23,319,4,351,674,13,687,1038
09/15/2005,IWA,AZ,AWP,WE,Federal Contract Tower,3,6,7,10,26,0,8,308,5,321,3,14,315,15,347,657,0,657,1004
09/16/2005,IWA,AZ,AWP,WE,Federal Contract Tower,4,4,12,13,33,0,30,263,17,310,4,34,275,30,343,488,29,517,860
09/17/2005,IWA,AZ,AWP,WE,Federal Contract Tower,2,0,3,3,8,0,20,243,7,270,2,20,246,10,278,371,0,371,649
09/18/2005,IWA,AZ,AWP,WE,Federal Contract Tower,0,0,12,13,25,0,23,152,4,179,0,23,164,17,204,303,2,305,509
09/19/2005,IWA,AZ,AWP,WE,Federal Contract Tower,3,4,7,7,21,0,17,250,1,268,3,21,257,8,289,561,0,561,850
09/20/2005,IWA,AZ,AWP,WE,Federal Contract Tower,6,6,7,6,25,0,18,328,5,351,6,24,335,11,376,681,5,686,1062
09/21/2005,IWA,AZ,AWP,WE,Federal Contract Tower,5,6,10,4,25,0,18,330,2,350,5,24,340,6,375,664,18,682,1057
09/22/2005,IWA,AZ,AWP,WE,Federal Contract Tower,7,6,10,5,28,0,14,315,14,343,7,20,325,19,371,469,35,504,875
09/23/2005,IWA,AZ,AWP,WE,Federal Contract Tower,3,4,2,10,19,0,27,252,10,289,3,31,254,20,308,536,18,554,862
09/24/2005,IWA,AZ,AWP,WE,Federal Contract Tower,2,0,3,0,5,0,18,214,10,242,2,18,217,10,247,360,0,360,607
09/25/2005,IWA,AZ,AWP,WE,Federal Contract Tower,0,0,6,7,13,0,18,178,3,199,0,18,184,10,212,300,0,300,512
09/26/2005,IWA,AZ,AWP,WE,Federal Contract Tower,5,7,0,4,16,0,20,231,0,251,5,27,231,4,267,578,6,584,851
09/27/2005,IWA,AZ,AWP,WE,Federal Contract Tower,3,6,7,4,20,0,19,319,6,344,3,25,326,10,364,650,12,662,1026
09/28/2005,IWA,AZ,AWP,WE,Federal Contract Tower,5,6,4,2,17,0,12,375,2,389,5,18,379,4,406,582,23,605,1011
09/29/2005,IWA,AZ,AWP,WE,Federal Contract Tower,3,6,14,1,24,0,23,290,1,314,3,29,304,2,338,575,6,581,919
09/30/2005,IWA,AZ,AWP,WE,Federal Contract Tower,3,4,6,6,19,0,24,378,19,421,3,28,384,25,440,690,10,700,1140
10/01/2005,IWA,AZ,AWP,WE,Federal Contract Tower,1,0,7,5,13,0,20,275,11,306,1,20,282,16,319,382,2,384,703
10/02/2005,IWA,AZ,AWP,WE,Federal Contract Tower,0,0,2,6,8,0,19,206,10,235,0,19,208,16,243,390,7,397,640
10/03/2005,IWA,AZ,AWP,WE,Federal Contract Tower,4,4,1,13,22,0,25,279,2,306,4,29,280,15,328,467,12,479,807
10/04/2005,IWA,AZ,AWP,WE,Federal Contract Tower,3,6,9,7,25,0,19,302,7,328,3,25,311,14,353,617,17,634,987
10/05/2005,IWA,AZ,AWP,WE,Federal Contract Tower,5,8,4,5,22,0,25,377,6,408,5,33,381,11,430,652,10,662,1092
10/06/2005,IWA,AZ,AWP,WE,Federal Contract Tower,3,6,4,8,21,0,9,397,2,408,3,15,401,10,429,526,12,538,967
10/07/2005,IWA,AZ,AWP,WE,Federal Contract Tower,1,5,7,11,24,0,15,322,17,354,1,20,329,28,378,522,6,528,906
10/08/2005,IWA,AZ,AWP,WE,Federal Contract Tower,0,0,7,2,9,0,22,273,14,309,0,22,280,16,318,321,3,324,642
10/09/2005,IWA,AZ,AWP,WE,Federal Contract Tower,0,0,3,3,6,0,14,165,3,182,0,14,168,6,188,239,0,239,427
10/10/2005,IWA,AZ,AWP,WE,Federal Contract Tower,0,4,1,6,11,0,23,284,1,308,0,27,285,7,319,688,4,692,1011
10/11/2005,IWA,AZ,AWP,WE,Federal Contract Tower,3,8,10,6,27,0,21,291,3,315,3,29,301,9,342,579,17,596,938
10/12/2005,IWA,AZ,AWP,WE,Federal Contract Tower,4,6,9,8,27,0,19,353,3,375,4,25,362,11,402,844,12,856,1258
10/13/2005,IWA,AZ,AWP,WE,Federal Contract Tower,3,6,11,7,27,0,16,350,5,371,3,22,361,12,398,617,34,651,1049
10/14/2005,IWA,AZ,AWP,WE,Federal Contract Tower,4,4,14,14,36,0,20,277,0,297,4,24,291,14,333,319,29,348,681
10/15/2005,IWA,AZ,AWP,WE,Federal Contract Tower,2,0,5,2,9,0,21,259,0,280,2,21,264,2,289,411,0,411,700
10/16/2005,IWA,AZ,AWP,WE,Federal Contract Tower,3,0,1,11,15,0,16,191,4,211,3,16,192,15,226,267,3,270,496
10/17/2005,IWA,AZ,AWP,WE,Federal Contract Tower,5,6,7,8,26,0,5,236,1,242,5,11,243,9,268,499,6,505,773
10/18/2005,IWA,AZ,AWP,WE,Federal Contract Tower,3,6,10,6,25,0,12,142,3,157,3,18,152,9,182,385,0,385,567
10/19/2005,IWA,AZ,AWP,WE,Federal Contract Tower,5,6,6,7,24,0,27,380,8,415,5,33,386,15,439,919,4,923,1362
10/20/2005,IWA,AZ,AWP,WE,Federal Contract Tower,3,6,12,9,30,0,33,320,11,364,3,39,332,20,394,746,29,775,1169
10/21/2005,IWA,AZ,AWP,WE,Federal Contract Tower,7,4,9,7,27,0,25,367,6,398,7,29,376,13,425,740,40,780,1205
10/22/2005,IWA,AZ,AWP,WE,Federal Contract Tower,0,0,12,2,14,0,18,332,4,354,0,18,344,6,368,456,0,456,824
10/23/2005,IWA,AZ,AWP,WE,Federal Contract Tower,0,0,7,5,12,0,9,207,7,223,0,9,214,12,235,427,0,427,662
10/24/2005,IWA,AZ,AWP,WE,Federal Contract Tower,3,4,16,7,30,0,32,301,10,343,3,36,317,17,373,627,20,647,1020
10/25/2005,IWA,AZ,AWP,WE,Federal Contract Tower,3,9,7,3,22,0,27,279,0,306,3,36,286,3,328,451,12,463,791
10/26/2005,IWA,AZ,AWP,WE,Federal Contract Tower,3,6,10,11,30,0,25,322,7,354,3,31,332,18,384,718,42,760,1144
10/27/2005,IWA,AZ,AWP,WE,Federal Contract Tower,5,6,12,14,37,0,18,310,0,328,5,24,322,14,365,570,11,581,946
10/28/2005,IWA,AZ,AWP,WE,Federal Contract Tower,4,10,5,17,36,1,11,287,10,309,5,21,292,27,345,557,106,663,1008
10/29/2005,IWA,AZ,AWP,WE,Federal Contract Tower,2,0,11,16,29,0,24,221,11,256,2,24,232,27,285,414,7,421,706
10/30/2005,IWA,AZ,AWP,WE,Federal Contract Tower,0,0,4,5,9,0,14,227,5,246,0,14,231,10,255,502,2,504,759
10/31/2005,IWA,AZ,AWP,WE,Federal Contract Tower,3,4,8,8,23,0,27,230,5,262,3,31,238,13,285,453,29,482,767
11/01/2005,IWA,AZ,AWP,WE,Federal Contract Tower,3,6,4,3,16,0,29,254,4,287,3,35,258,7,303,454,26,480,783
11/02/2005,IWA,AZ,AWP,WE,Federal Contract Tower,3,8,11,7,29,0,13,254,10,277,3,21,265,17,306,546,54,600,906
11/03/2005,IWA,AZ,AWP,WE,Federal Contract Tower,5,8,17,10,40,0,33,310,11,354,5,41,327,21,394,517,47,564,958
11/04/2005,IWA,AZ,AWP,WE,Federal Contract Tower,3,4,16,16,39,0,24,308,9,341,3,28,324,25,380,559,2,561,941
11/05/2005,IWA,AZ,AWP,WE,Federal Contract Tower,0,0,21,4,25,0,15,343,7,365,0,15,364,11,390,570,8,578,968
11/06/2005,IWA,AZ,AWP,WE,Federal Contract Tower,0,1,6,6,13,0,24,225,13,262,0,25,231,19,275,458,0,458,733
11/07/2005,IWA,AZ,AWP,WE,Federal Contract Tower,4,4,6,11,25,0,7,265,9,281,4,11,271,20,306,479,94,573,879
11/08/2005,IWA,AZ,AWP,WE,Federal Contract Tower,3,6,9,10,28,3,33,357,3,396,6,39,366,13,424,711,68,779,1203
11/09/2005,IWA,AZ,AWP,WE,Federal Contract Tower,3,6,9,6,24,0,18,308,14,340,3,24,317,20,364,735,10,745,1109
11/10/2005,IWA,AZ,AWP,WE,Federal Contract Tower,5,6,8,10,29,2,46,371,12,431,7,52,379,22,460,690,20,710,1170
11/11/2005,IWA,AZ,AWP,WE,Federal Contract Tower,0,6,11,3,20,0,28,306,10,344,0,34,317,13,364,645,2,647,1011
11/12/2005,IWA,AZ,AWP,WE,Federal Contract Tower,0,0,8,5,13,0,24,291,3,318,0,24,299,8,331,530,4,534,865
11/13/2005,IWA,AZ,AWP,WE,Federal Contract Tower,0,0,8,8,16,0,11,213,4,228,0,11,221,12,244,344,0,344,588
11/14/2005,IWA,AZ,AWP,WE,Federal Contract Tower,3,6,8,12,29,0,10,276,0,286,3,16,284,12,315,559,10,569,884
11/15/2005,IWA,AZ,AWP,WE,Federal Contract Tower,3,6,5,15,29,0,11,310,6,327,3,17,315,21,356,564,16,580,936
11/16/2005,IWA,AZ,AWP,WE,Federal Contract Tower,5,6,11,19,41,0,19,373,8,400,5,25,384,27,441,671,19,690,1131
11/17/2005,IWA,AZ,AWP,WE,Federal Contract Tower,5,6,21,15,47,0,12,306,13,331,5,18,327,28,378,526,66,592,970
11/18/2005,IWA,AZ,AWP,WE,Federal Contract Tower,3,4,8,26,41,0,37,209,21,267,3,41,217,47,308,262,43,305,613
11/19/2005,IWA,AZ,AWP,WE,Federal Contract Tower,0,0,13,17,30,0,28,290,8,326,0,28,303,25,356,523,1,524,880
11/20/2005,IWA,AZ,AWP,WE,Federal Contract Tower,1,0,12,11,24,0,14,170,0,184,1,14,182,11,208,301,3,304,512
11/21/2005,IWA,AZ,AWP,WE,Federal Contract Tower,2,0,3,13,18,0,25,296,3,324,2,25,299,16,342,516,52,568,910
11/22/2005,IWA,AZ,AWP,WE,Federal Contract Tower,3,0,9,15,27,0,18,323,2,343,3,18,332,17,370,630,52,682,1052
11/23/2005,IWA,AZ,AWP,WE,Federal Contract Tower,5,0,6,5,16,0,23,264,10,297,5,23,270,15,313,412,10,422,735
11/24/2005,IWA,AZ,AWP,WE,Federal Contract Tower,0,0,1,0,1,0,18,56,0,74,0,18,57,0,75,27,0,27,102
11/25/2005,IWA,AZ,AWP,WE,Federal Contract Tower,0,2,4,0,6,0,11,180,0,191,0,13,184,0,197,433,0,433,630
11/26/2005,IWA,AZ,AWP,WE,Federal Contract Tower,0,1,7,1,9,0,5,230,0,235,0,6,237,1,244,271,0,271,515
11/27/2005,IWA,AZ,AWP,WE,Federal Contract Tower,0,0,6,0,6,0,16,135,0,151,0,16,141,0,157,104,0,104,261
11/28/2005,IWA,AZ,AWP,WE,Federal Contract Tower,5,5,8,7,25,0,13,171,1,185,5,18,179,8,210,408,10,418,628
11/29/2005,IWA,AZ,AWP,WE,Federal Contract Tower,3,6,12,14,35,0,20,272,8,300,3,26,284,22,335,785,47,832,1167
11/30/2005,IWA,AZ,AWP,WE,Federal Contract Tower,3,9,11,10,33,0,21,294,0,315,3,30,305,10,348,714,25,739,1087
12/01/2005,IWA,AZ,AWP,WE,Federal Contract Tower,3,9,4,3,19,0,22,326,4,352,3,31,330,7,371,817,14,831,1202
12/02/2005,IWA,AZ,AWP,WE,Federal Contract Tower,3,4,4,26,37,0,8,290,16,314,3,12,294,42,351,659,49,708,1059
12/03/2005,IWA,AZ,AWP,WE,Federal Contract Tower,0,1,7,10,18,0,29,345,4,378,0,30,352,14,396,594,23,617,1013
12/04/2005,IWA,AZ,AWP,WE,Federal Contract Tower,0,0,4,18,22,0,20,260,9,289,0,20,264,27,311,441,1,442,753
12/05/2005,IWA,AZ,AWP,WE,Federal Contract Tower,3,5,15,8,31,0,20,300,4,324,3,25,315,12,355,609,19,628,983
12/06/2005,IWA,AZ,AWP,WE,Federal Contract Tower,5,7,13,12,37,1,27,339,11,378,6,34,352,23,415,803,14,817,1232
12/07/2005,IWA,AZ,AWP,WE,Federal Contract Tower,3,6,13,12,34,0,15,317,2,334,3,21,330,14,368,666,2,668,1036
12/08/2005,IWA,AZ,AWP,WE,Federal Contract Tower,5,6,9,5,25,0,18,318,4,340,5,24,327,9,365,635,2,637,1002
12/09/2005,IWA,AZ,AWP,WE,Federal Contract Tower,4,4,14,16,38,1,22,345,16,384,5,26,359,32,422,509,27,536,958
12/10/2005,IWA,AZ,AWP,WE,Federal Contract Tower,1,0,4,12,17,0,15,268,19,302,1,15,272,31,319,449,7,456,775
12/11/2005,IWA,AZ,AWP,WE,Federal Contract Tower,3,0,3,7,13,0,22,259,7,288,3,22,262,14,301,591,0,591,892
12/12/2005,IWA,AZ,AWP,WE,Federal Contract Tower,3,4,7,7,21,0,17,328,11,356,3,21,335,18,377,467,4,471,848
12/13/2005,IWA,AZ,AWP,WE,Federal Contract Tower,3,6,7,8,24,0,8,362,17,387,3,14,369,25,411,664,25,689,1100
12/14/2005,IWA,AZ,AWP,WE,Federal Contract Tower,5,6,9,6,26,0,18,340,9,367,5,24,349,15,393,657,16,673,1066
12/15/2005,IWA,AZ,AWP,WE,Federal Contract Tower,3,6,10,9,28,0,21,298,0,319,3,27,308,9,347,486,50,536,883
12/16/2005,IWA,AZ,AWP,WE,Federal Contract Tower,5,4,7,19,35,0,9,305,12,326,5,13,312,31,361,429,37,466,827
12/17/2005,IWA,AZ,AWP,WE,Federal Contract Tower,2,1,8,19,30,0,6,245,0,251,2,7,253,19,281,426,5,431,712
12/18/2005,IWA,AZ,AWP,WE,Federal Contract Tower,0,0,8,1,9,0,13,188,0,201,0,13,196,1,210,455,0,455,665
12/19/2005,IWA,AZ,AWP,WE,Federal Contract Tower,3,2,6,9,20,0,16,274,8,298,3,18,280,17,318,549,11,560,878
12/20/2005,IWA,AZ,AWP,WE,Federal Contract Tower,5,4,7,6,22,0,33,310,11,354,5,37,317,17,376,694,28,722,1098
12/21/2005,IWA,AZ,AWP,WE,Federal Contract Tower,3,5,3,9,20,0,22,278,24,324,3,27,281,33,344,554,39,593,937
12/22/2005,IWA,AZ,AWP,WE,Federal Contract Tower,3,0,4,5,12,0,12,277,5,294,3,12,281,10,306,355,14,369,675
12/23/2005,IWA,AZ,AWP,WE,Federal Contract Tower,3,0,1,0,4,0,19,225,0,244,3,19,226,0,248,209,0,209,457
12/24/2005,IWA,AZ,AWP,WE,Federal Contract Tower,0,0,4,0,4,0,15,93,0,108,0,15,97,0,112,138,0,138,250
12/25/2005,IWA,AZ,AWP,WE,Federal Contract Tower,0,0,2,0,2,0,24,38,0,62,0,24,40,0,64,24,0,24,88
12/26/2005,IWA,AZ,AWP,WE,Federal Contract Tower,0,0,3,0,3,0,21,158,0,179,0,21,161,0,182,282,0,282,464
12/27/2005,IWA,AZ,AWP,WE,Federal Contract Tower,3,0,5,3,11,0,21,205,2,228,3,21,210,5,239,330,29,359,598
12/28/2005,IWA,AZ,AWP,WE,Federal Contract Tower,4,3,4,4,15,0,20,220,0,240,4,23,224,4,255,374,15,389,644
12/29/2005,IWA,AZ,AWP,WE,Federal Contract Tower,3,0,1,6,10,0,24,206,3,233,3,24,207,9,243,375,23,398,641
12/30/2005,IWA,AZ,AWP,WE,Federal Contract Tower,3,0,0,6,9,0,19,201,4,224,3,19,201,10,233,288,19,307,540
12/31/2005,IWA,AZ,AWP,WE,Federal Contract Tower,0,0,4,2,6,0,28,119,0,147,0,28,123,2,153,231,0,231,384
01/01/2006,IWA,AZ,AWP,WE,Federal Contract Tower,0,0,3,0,3,0,14,54,0,68,0,14,57,0,71,14,0,14,85
01/02/2006,IWA,AZ,AWP,WE,Federal Contract Tower,0,0,4,0,4,0,17,123,0,140,0,17,127,0,144,322,0,322,466
01/03/2006,IWA,AZ,AWP,WE,Federal Contract Tower,3,0,3,10,16,0,18,189,0,207,3,18,192,10,223,475,12,487,710
01/04/2006,IWA,AZ,AWP,WE,Federal Contract Tower,3,0,4,3,10,0,26,197,7,230,3,26,201,10,240,286,15,301,541
01/05/2006,IWA,AZ,AWP,WE,Federal Contract Tower,4,0,7,6,17,0,27,256,4,287,4,27,263,10,304,539,33,572,876
01/06/2006,IWA,AZ,AWP,WE,Federal Contract Tower,4,1,0,7,12,1,27,150,12,190,5,28,150,19,202,370,44,414,616
01/07/2006,IWA,AZ,AWP,WE,Federal Contract Tower,0,1,3,10,14,0,17,211,0,228,0,18,214,10,242,437,9,446,688
01/08/2006,IWA,AZ,AWP,WE,Federal Contract Tower,0,2,7,9,18,0,19,158,5,182,0,21,165,14,200,375,14,389,589
01/09/2006,IWA,AZ,AWP,WE,Federal Contract Tower,3,4,4,8,19,1,12,259,7,279,4,16,263,15,298,585,23,608,906
01/10/2006,IWA,AZ,AWP,WE,Federal Contract Tower,5,6,9,9,29,0,18,314,1,333,5,24,323,10,362,621,19,640,1002
01/11/2006,IWA,AZ,AWP,WE,Federal Contract Tower,3,6,18,13,40,0,15,270,4,289,3,21,288,17,329,486,39,525,854
01/12/2006,IWA,AZ,AWP,WE,Federal Contract Tower,3,6,4,10,23,2,25,313,8,348,5,31,317,18,371,465,18,483,854
01/13/2006,IWA,AZ,AWP,WE,Federal Contract Tower,5,4,12,12,33,1,28,308,13,350,6,32,320,25,383,510,12,522,905
01/14/2006,IWA,AZ,AWP,WE,Federal Contract Tower,0,0,11,11,22,0,22,280,34,336,0,22,291,45,358,531,22,553,911
01/15/2006,IWA,AZ,AWP,WE,Federal Contract Tower,0,0,5,4,9,0,22,168,10,200,0,22,173,14,209,360,2,362,571
01/16/2006,IWA,AZ,AWP,WE,Federal Contract Tower,1,5,6,3,15,0,13,265,12,290,1,18,271,15,305,415,1,416,721
01/17/2006,IWA,AZ,AWP,WE,Federal Contract Tower,3,8,5,15,31,0,10,296,13,319,3,18,301,28,350,504,26,530,880
01/18/2006,IWA,AZ,AWP,WE,Federal Contract Tower,3,6,9,17,35,0,16,283,1,300,3,22,292,18,335,464,15,479,814
01/19/2006,IWA,AZ,AWP,WE,Federal Contract Tower,3,5,7,17,32,0,15,280,0,295,3,20,287,17,327,441,21,462,789
01/20/2006,IWA,AZ,AWP,WE,Federal Contract Tower,3,4,9,16,32,0,11,290,16,317,3,15,299,32,349,545,42,587,936
01/21/2006,IWA,AZ,AWP,WE,Federal Contract Tower,0,2,0,4,6,0,4,330,0,334,0,6,330,4,340,586,0,586,926
01/22/2006,IWA,AZ,AWP,WE,Federal Contract Tower,0,0,6,7,13,0,21,224,0,245,0,21,230,7,258,275,0,275,533
01/23/2006,IWA,AZ,AWP,WE,Federal Contract Tower,3,4,6,17,30,1,20,198,4,223,4,24,204,21,253,386,27,413,666
01/24/2006,IWA,AZ,AWP,WE,Federal Contract Tower,3,6,6,7,22,0,12,145,3,160,3,18,151,10,182,313,4,317,499
01/25/2006,IWA,AZ,AWP,WE,Federal Contract Tower,3,7,14,18,42,0,11,332,4,347,3,18,346,22,389,640,29,669,1058
01/26/2006,IWA,AZ,AWP,WE,Federal Contract Tower,3,6,10,4,23,0,19,353,5,377,3,25,363,9,400,695,9,704,1104
01/27/2006,IWA,AZ,AWP,WE,Federal Contract Tower,5,4,10,11,30,0,17,246,12,275,5,21,256,23,305,440,11,451,756
01/28/2006,IWA,AZ,AWP,WE,Federal Contract Tower,0,0,5,1,6,0,11,230,7,248,0,11,235,8,254,513,0,513,767
01/29/2006,IWA,AZ,AWP,WE,Federal Contract Tower,0,0,7,6,13,0,16,228,4,248,0,16,235,10,261,378,12,390,651
01/30/2006,IWA,AZ,AWP,WE,Federal Contract Tower,3,4,6,7,20,0,14,272,6,292,3,18,278,13,312,601,3,604,916
01/31/2006,IWA,AZ,AWP,WE,Federal Contract Tower,3,6,15,5,29,1,17,275,10,303,4,23,290,15,332,614,6,620,952
02/01/2006,IWA,AZ,AWP,WE,Federal Contract Tower,3,6,5,4,18,0,18,295,3,316,3,24,300,7,334,567,20,587,921
02/02/2006,IWA,AZ,AWP,WE,Federal Contract Tower,6,6,12,7,31,0,31,274,6,311,6,37,286,13,342,573,6,579,921
02/03/2006,IWA,AZ,AWP,WE,Federal Contract Tower,2,6,6,17,31,0,20,266,19,305,2,26,272,36,336,429,26,455,791
02/04/2006,IWA,AZ,AWP,WE,Federal Contract Tower,1,1,8,29,39,0,25,282,16,323,1,26,290,45,362,421,30,451,813
02/05/2006,IWA,AZ,AWP,WE,Federal Contract Tower,0,0,6,7,13,0,17,159,9,185,0,17,165,16,198,220,0,220,418
02/06/2006,IWA,AZ,AWP,WE,Federal Contract Tower,3,4,6,20,33,0,19,181,15,215,3,23,187,35,248,390,23,413,661
02/07/2006,IWA,AZ,AWP,WE,Federal Contract Tower,3,7,3,9,22,0,23,276,11,310,3,30,279,20,332,445,15,460,792
02/08/2006,IWA,AZ,AWP,WE,Federal Contract Tower,3,9,5,4,21,0,18,314,4,336,3,27,319,8,357,507,35,542,899
02/09/2006,IWA,AZ,AWP,WE,Federal Contract Tower,3,6,5,10,24,0,21,220,6,247,3,27,225,16,271,310,33,343,614
02/10/2006,IWA,AZ,AWP,WE,Federal Contract Tower,3,5,11,24,43,0,25,268,17,310,3,30,279,41,353,401,49,450,803
02/11/2006,IWA,AZ,AWP,WE,Federal Contract Tower,0,0,6,7,13,0,22,264,7,293,0,22,270,14,306,404,7,411,717
02/12/2006,IWA,AZ,AWP,WE,Federal Contract Tower,0,2,7,6,15,0,31,220,1,252,0,33,227,7,267,304,0,304,571
02/13/2006,IWA,AZ,AWP,WE,Federal Contract Tower,3,4,9,3,19,0,24,268,2,294,3,28,277,5,313,569,21,590,903
02/14/2006,IWA,AZ,AWP,WE,Federal Contract Tower,3,6,13,10,32,0,24,307,8,339,3,30,320,18,371,514,6,520,891
02/15/2006,IWA,AZ,AWP,WE,Federal Contract Tower,3,6,4,8,21,0,25,257,1,283,3,31,261,9,304,513,29,542,846
02/16/2006,IWA,AZ,AWP,WE,Federal Contract Tower,3,8,7,3,21,0,22,313,14,349,3,30,320,17,370,451,50,501,871
02/17/2006,IWA,AZ,AWP,WE,Federal Contract Tower,5,4,5,11,25,0,27,280,5,312,5,31,285,16,337,467,0,467,804
02/18/2006,IWA,AZ,AWP,WE,Federal Contract Tower,0,0,4,14,18,0,14,236,19,269,0,14,240,33,287,311,7,318,605
02/19/2006,IWA,AZ,AWP,WE,Federal Contract Tower,0,0,7,4,11,0,23,197,5,225,0,23,204,9,236,312,0,312,548
02/20/2006,IWA,AZ,AWP,WE,Federal Contract Tower,0,2,4,7,13,0,13,277,1,291,0,15,281,8,304,378,0,378,682
02/21/2006,IWA,AZ,AWP,WE,Federal Contract Tower,3,8,9,13,33,0,22,307,2,331,3,30,316,15,364,614,42,656,1020
02/22/2006,IWA,AZ,AWP,WE,Federal Contract Tower,3,6,16,6,31,1,20,299,1,321,4,26,315,7,352,379,4,383,735
02/23/2006,IWA,AZ,AWP,WE,Federal Contract Tower,3,7,6,13,29,0,37,335,12,384,3,44,341,25,413,535,63,598,1011
02/24/2006,IWA,AZ,AWP,WE,Federal Contract Tower,5,2,10,36,53,0,17,283,13,313,5,19,293,49,366,472,56,528,894
02/25/2006,IWA,AZ,AWP,WE,Federal Contract Tower,5,0,13,9,27,0,20,194,9,223,5,20,207,18,250,352,3,355,605
02/26/2006,IWA,AZ,AWP,WE,Federal Contract Tower,2,0,6,16,24,0,16,182,10,208,2,16,188,26,232,296,8,304,536
02/27/2006,IWA,AZ,AWP,WE,Federal Contract Tower,4,3,8,12,27,0,17,195,14,226,4,20,203,26,253,461,33,494,747
02/28/2006,IWA,AZ,AWP,WE,Federal Contract Tower,3,6,7,9,25,0,20,293,11,324,3,26,300,20,349,398,24,422,771
03/01/2006,IWA,AZ,AWP,WE,Federal Contract Tower,7,5,10,8,30,1,35,289,9,334,8,40,299,17,364,430,18,448,812
03/02/2006,IWA,AZ,AWP,WE,Federal Contract Tower,3,6,9,11,29,0,21,259,9,289,3,27,268,20,318,497,18,515,833
03/03/2006,IWA,AZ,AWP,WE,Federal Contract Tower,3,5,8,21,37,0,16,220,0,236,3,21,228,21,273,387,41,428,701
03/04/2006,IWA,AZ,AWP,WE,Federal Contract Tower,3,0,6,11,20,0,17,238,10,265,3,17,244,21,285,326,11,337,622
03/05/2006,IWA,AZ,AWP,WE,Federal Contract Tower,0,1,11,9,21,0,19,166,5,190,0,20,177,14,211,171,7,178,389
03/06/2006,IWA,AZ,AWP,WE,Federal Contract Tower,5,4,3,5,17,0,33,239,0,272,5,37,242,5,289,389,0,389,678
03/07/2006,IWA,AZ,AWP,WE,Federal Contract Tower,3,6,10,7,26,1,30,248,0,279,4,36,258,7,305,396,34,430,735
03/08/2006,IWA,AZ,AWP,WE,Federal Contract Tower,3,6,8,12,29,0,16,162,2,180,3,22,170,14,209,293,19,312,521
03/09/2006,IWA,AZ,AWP,WE,Federal Contract Tower,3,6,7,4,20,0,22,286,8,316,3,28,293,12,336,400,0,400,736
03/10/2006,IWA,AZ,AWP,WE,Federal Contract Tower,5,4,12,10,31,0,14,97,8,119,5,18,109,18,150,74,14,88,238
03/11/2006,IWA,AZ,AWP,WE,Federal Contract Tower,3,0,11,2,16,0,0,11,0,11,3,0,22,2,27,0,0,0,27
03/12/2006,IWA,AZ,AWP,WE,Federal Contract Tower,0,1,5,13,19,0,19,143,16,178,0,20,148,29,197,171,8,179,376
03/13/2006,IWA,AZ,AWP,WE,Federal Contract Tower,3,8,13,10,34,0,30,214,1,245,3,38,227,11,279,410,12,422,701
03/14/2006,IWA,AZ,AWP,WE,Federal Contract Tower,3,9,15,7,34,0,27,276,6,309,3,36,291,13,343,431,23,454,797
03/15/2006,IWA,AZ,AWP,WE,Federal Contract Tower,3,6,8,5,22,0,25,238,3,266,3,31,246,8,288,428,12,440,728
03/16/2006,IWA,AZ,AWP,WE,Federal Contract Tower,5,8,18,10,41,0,39,242,9,290,5,47,260,19,331,530,8,538,869
03/17/2006,IWA,AZ,AWP,WE,Federal Contract Tower,2,4,9,10,25,0,7,214,23,244,2,11,223,33,269,263,10,273,542
03/18/2006,IWA,AZ,AWP,WE,Federal Contract Tower,1,0,2,6,9,0,38,138,10,186,1,38,140,16,195,115,4,119,314
03/19/2006,IWA,AZ,AWP,WE,Federal Contract Tower,0,3,9,10,22,0,22,38,0,60,0,25,47,10,82,89,0,89,171
03/20/2006,IWA,AZ,AWP,WE,Federal Contract Tower,5,6,6,8,25,0,6,228,2,236,5,12,234,10,261,442,21,463,724
03/21/2006,IWA,AZ,AWP,WE,Federal Contract Tower,5,6,8,12,31,0,30,200,3,233,5,36,208,15,264,338,63,401,665
03/22/2006,IWA,AZ,AWP,WE,Federal Contract Tower,3,6,7,10,26,0,22,273,1,296,3,28,280,11,322,709,9,718,1040
03/23/2006,IWA,AZ,AWP,WE,Federal Contract Tower,3,6,5,9,23,0,25,269,6,300,3,31,274,15,323,508,2,510,833
03/24/2006,IWA,AZ,AWP,WE,Federal Contract Tower,3,4,9,18,34,0,31,286,19,336,3,35,295,37,370,511,19,530,900
03/25/2006,IWA,AZ,AWP,WE,Federal Contract Tower,2,2,6,6,16,0,24,255,14,293,2,26,261,20,309,491,4,495,804
03/26/2006,IWA,AZ,AWP,WE,Federal Contract Tower,4,0,7,14,25,0,11,168,3,182,4,11,175,17,207,335,8,343,550
03/27/2006,IWA,AZ,AWP,WE,Federal Contract Tower,3,6,10,8,27,0,23,207,2,232,3,29,217,10,259,623,22,645,904
03/28/2006,IWA,AZ,AWP,WE,Federal Contract Tower,3,8,2,4,17,0,4,179,4,187,3,12,181,8,204,357,36,393,597
03/29/2006,IWA,AZ,AWP,WE,Federal Contract Tower,5,6,2,11,24,0,30,164,5,199,5,36,166,16,223,261,16,277,500
03/30/2006,IWA,AZ,AWP,WE,Federal Contract Tower,3,6,5,12,26,0,36,306,7,349,3,42,311,19,375,672,14,686,1061
03/31/2006,IWA,AZ,AWP,WE,Federal Contract Tower,7,4,9,9,29,0,37,241,11,289,7,41,250,20,318,429,15,444,762
04/01/2006,IWA,AZ,AWP,WE,Federal Contract Tower,0,1,4,9,14,0,30,340,1,371,0,31,344,10,385,404,0,404,789
04/02/2006,IWA,AZ,AWP,WE,Federal Contract Tower,1,1,13,3,18,0,20,153,0,173,1,21,166,3,191,388,1,389,580
04/03/2006,IWA,AZ,AWP,WE,Federal Contract Tower,3,4,6,7,20,0,27,216,0,243,3,31,222,7,263,424,0,424,687
04/04/2006,IWA,AZ,AWP,WE,Federal Contract Tower,2,6,6,3,17,0,16,206,3,225,2,22,212,6,242,499,12,511,753
04/05/2006,IWA,AZ,AWP,WE,Federal Contract Tower,2,8,6,5,21,0,10,105,0,115,2,18,111,5,136,166,32,198,334
04/06/2006,IWA,AZ,AWP,WE,Federal Contract Tower,5,8,8,8,29,0,17,256,1,274,5,25,264,9,303,538,22,560,863
04/07/2006,IWA,AZ,AWP,WE,Federal Contract Tower,3,5,7,21,36,2,25,265,0,292,5,30,272,21,328,538,20,558,886
04/08/2006,IWA,AZ,AWP,WE,Federal Contract Tower,0,0,6,1,7,0,26,226,0,252,0,26,232,1,259,456,0,456,715
04/09/2006,IWA,AZ,AWP,WE,Federal Contract Tower,0,0,6,11,17,0,18,128,0,146,0,18,134,11,163,314,0,314,477
04/10/2006,IWA,AZ,AWP,WE,Federal Contract Tower,3,4,9,5,21,0,12,184,0,196,3,16,193,5,217,571,13,584,801
04/11/2006,IWA,AZ,AWP,WE,Federal Contract Tower,3,6,12,6,27,0,5,197,18,220,3,11,209,24,247,534,35,569,816
04/12/2006,IWA,AZ,AWP,WE,Federal Contract Tower,0,6,11,4,21,0,35,239,7,281,0,41,250,11,302,648,6,654,956
04/13/2006,IWA,AZ,AWP,WE,Federal Contract Tower,3,7,9,15,34,0,12,226,4,242,3,19,235,19,276,509,18,527,803
04/14/2006,IWA,AZ,AWP,WE,Federal Contract Tower,4,6,8,20,38,0,27,167,9,203,4,33,175,29,241,382,27,409,650
04/15/2006,IWA,AZ,AWP,WE,Federal Contract Tower,0,0,3,2,5,0,12,216,13,241,0,12,219,15,246,564,2,566,812
04/16/2006,IWA,AZ,AWP,WE,Federal Contract Tower,0,1,4,6,11,0,19,127,0,146,0,20,131,6,157,192,0,192,349
04/17/2006,IWA,AZ,AWP,WE,Federal Contract Tower,5,6,0,8,19,0,21,192,6,219,5,27,192,14,238,468,9,477,715
04/18/2006,IWA,AZ,AWP,WE,Federal Contract Tower,2,9,8,8,27,0,11,242,5,258,2,20,250,13,285,643,24,667,952
04/19/2006,IWA,AZ,AWP,WE,Federal Contract Tower,3,6,2,5,16,0,9,317,8,334,3,15,319,13,350,744,2,746,1096
04/20/2006,IWA,AZ,AWP,WE,Federal Contract Tower,3,7,9,3,22,0,22,296,8,326,3,29,305,11,348,739,35,774,1122
04/21/2006,IWA,AZ,AWP,WE,Federal Contract Tower,5,10,7,14,36,0,14,269,5,288,5,24,276,19,324,626,6,632,956
04/22/2006,IWA,AZ,AWP,WE,Federal Contract Tower,3,0,6,3,12,1,15,181,9,206,4,15,187,12,218,303,6,309,527
04/23/2006,IWA,AZ,AWP,WE,Federal Contract Tower,0,2,4,3,9,0,13,126,4,143,0,15,130,7,152,135,0,135,287
04/24/2006,IWA,AZ,AWP,WE,Federal Contract Tower,3,10,8,12,33,0,25,220,4,249,3,35,228,16,282,652,39,691,973
04/25/2006,IWA,AZ,AWP,WE,Federal Contract Tower,3,6,12,13,34,0,26,230,12,268,3,32,242,25,302,788,19,807,1109
04/26/2006,IWA,AZ,AWP,WE,Federal Contract Tower,2,6,5,11,24,0,20,214,0,234,2,26,219,11,258,575,20,595,853
04/27/2006,IWA,AZ,AWP,WE,Federal Contract Tower,8,10,8,9,35,0,17,206,2,225,8,27,214,11,260,507,7,514,774
04/28/2006,IWA,AZ,AWP,WE,Federal Contract Tower,3,4,11,10,28,0,26,245,6,277,3,30,256,16,305,594,22,616,921
04/29/2006,IWA,AZ,AWP,WE,Federal Contract Tower,3,0,7,6,16,0,51,261,2,314,3,51,268,8,330,482,19,501,831
04/30/2006,IWA,AZ,AWP,WE,Federal Contract Tower,1,1,6,2,10,0,27,181,6,214,1,28,187,8,224,523,0,523,747
05/01/2006,IWA,AZ,AWP,WE,Federal Contract Tower,3,4,12,5,24,0,16,183,6,205,3,20,195,11,229,633,3,636,865
05/02/2006,IWA,AZ,AWP,WE,Federal Contract Tower,2,6,7,12,27,0,9,213,0,222,2,15,220,12,249,540,46,586,835
05/03/2006,IWA,AZ,AWP,WE,Federal Contract Tower,4,6,4,4,18,0,12,251,11,274,4,18,255,15,292,503,34,537,829
05/04/2006,IWA,AZ,AWP,WE,Federal Contract Tower,6,8,6,7,27,0,31,220,9,260,6,39,226,16,287,353,2,355,642
05/05/2006,IWA,AZ,AWP,WE,Federal Contract Tower,5,7,9,28,49,0,26,228,8,262,5,33,237,36,311,394,20,414,725
05/06/2006,IWA,AZ,AWP,WE,Federal Contract Tower,2,0,12,16,30,0,14,205,11,230,2,14,217,27,260,461,58,519,779
05/07/2006,IWA,AZ,AWP,WE,Federal Contract Tower,0,2,7,11,20,0,25,188,5,218,0,27,195,16,238,260,2,262,500
05/08/2006,IWA,AZ,AWP,WE,Federal Contract Tower,3,6,7,14,30,0,30,214,0,244,3,36,221,14,274,212,15,227,501
05/09/2006,IWA,AZ,AWP,WE,Federal Contract Tower,3,8,4,11,26,0,20,225,1,246,3,28,229,12,272,351,12,363,635
05/10/2006,IWA,AZ,AWP,WE,Federal Contract Tower,3,6,1,5,15,0,23,231,4,258,3,29,232,9,273,225,4,229,502
05/11/2006,IWA,AZ,AWP,WE,Federal Contract Tower,3,8,2,8,21,0,21,253,19,293,3,29,255,27,314,332,43,375,689
05/12/2006,IWA,AZ,AWP,WE,Federal Contract Tower,4,7,8,14,33,0,16,253,8,277,4,23,261,22,310,323,25,348,658
05/13/2006,IWA,AZ,AWP,WE,Federal Contract Tower,1,0,2,1,4,0,9,250,6,265,1,9,252,7,269,163,0,163,432
05/14/2006,IWA,AZ,AWP,WE,Federal Contract Tower,2,2,4,4,12,0,17,93,3,113,2,19,97,7,125,139,0,139,264
05/15/2006,IWA,AZ,AWP,WE,Federal Contract Tower,3,6,5,3,17,0,14,208,3,225,3,20,213,6,242,375,0,375,617
05/16/2006,IWA,AZ,AWP,WE,Federal Contract Tower,3,6,1,6,16,0,17,216,8,241,3,23,217,14,257,301,31,332,589
05/17/2006,IWA,AZ,AWP,WE,Federal Contract Tower,6,6,1,4,17,0,23,216,3,242,6,29,217,7,259,443,11,454,713
05/18/2006,IWA,AZ,AWP,WE,Federal Contract Tower,6,11,8,6,31,0,29,281,17,327,6,40,289,23,358,500,22,522,880
05/19/2006,IWA,AZ,AWP,WE,Federal Contract Tower,5,8,6,13,32,0,12,248,3,263,5,20,254,16,295,451,35,486,781
05/20/2006,IWA,AZ,AWP,WE,Federal Contract Tower,3,0,5,3,11,0,35,200,1,236,3,35,205,4,247,364,22,386,633
05/21/2006,IWA,AZ,AWP,WE,Federal Contract Tower,0,2,8,5,15,0,15,173,4,192,0,17,181,9,207,189,0,189,396
05/22/2006,IWA,AZ,AWP,WE,Federal Contract Tower,3,6,3,4,16,0,20,128,0,148,3,26,131,4,164,187,2,189,353
05/23/2006,IWA,AZ,AWP,WE,Federal Contract Tower,3,6,5,7,21,0,24,277,11,312,3,30,282,18,333,411,16,427,760
05/24/2006,IWA,AZ,AWP,WE,Federal Contract Tower,3,6,7,13,29,0,17,250,9,276,3,23,257,22,305,683,25,708,1013
05/25/2006,IWA,AZ,AWP,WE,Federal Contract Tower,7,8,6,7,28,0,15,260,12,287,7,23,266,19,315,412,11,423,738
05/26/2006,IWA,AZ,AWP,WE,Federal Contract Tower,5,2,3,5,15,1,40,260,0,301,6,42,263,5,316,479,8,487,803
05/27/2006,IWA,AZ,AWP,WE,Federal Contract Tower,0,0,1,0,1,0,27,159,0,186,0,27,160,0,187,251,0,251,438
05/28/2006,IWA,AZ,AWP,WE,Federal Contract Tower,2,2,7,1,12,0,29,182,0,211,2,31,189,1,223,212,4,216,439
05/29/2006,IWA,AZ,AWP,WE,Federal Contract Tower,0,2,6,2,10,0,19,200,0,219,0,21,206,2,229,509,0,509,738
05/30/2006,IWA,AZ,AWP,WE,Federal Contract Tower,3,9,6,7,25,0,17,193,8,218,3,26,199,15,243,492,22,514,757
05/31/2006,IWA,AZ,AWP,WE,Federal Contract Tower,5,6,7,6,24,0,12,201,4,217,5,18,208,10,241,623,6,629,870
06/01/2006,IWA,AZ,AWP,WE,Federal Contract Tower,3,8,6,10,27,0,25,238,11,274,3,33,244,21,301,393,8,401,702
06/02/2006,IWA,AZ,AWP,WE,Federal Contract Tower,4,8,10,5,27,0,36,209,4,249,4,44,219,9,276,388,0,388,664
06/03/2006,IWA,AZ,AWP,WE,Federal Contract Tower,2,0,6,4,12,0,22,195,10,227,2,22,201,14,239,390,24,414,653
06/04/2006,IWA,AZ,AWP,WE,Federal Contract Tower,0,2,8,10,20,0,19,111,11,141,0,21,119,21,161,231,0,231,392
06/05/2006,IWA,AZ,AWP,WE,Federal Contract Tower,4,6,5,4,19,0,17,177,2,196,4,23,182,6,215,351,0,351,566
06/06/2006,IWA,AZ,AWP,WE,Federal Contract Tower,3,6,8,0,17,1,25,171,4,201,4,31,179,4,218,345,4,349,567
06/07/2006,IWA,AZ,AWP,WE,Federal Contract Tower,8,6,11,5,30,0,26,172,7,205,8,32,183,12,235,392,2,394,629
06/08/2006,IWA,AZ,AWP,WE,Federal Contract Tower,3,8,10,7,28,0,13,250,15,278,3,21,260,22,306,419,5,424,730
06/09/2006,IWA,AZ,AWP,WE,Federal Contract Tower,4,6,12,7,29,0,32,243,18,293,4,38,255,25,322,502,3,505,827
06/10/2006,IWA,AZ,AWP,WE,Federal Contract Tower,2,0,3,1,6,0,14,210,0,224,2,14,213,1,230,440,0,440,670
06/11/2006,IWA,AZ,AWP,WE,Federal Contract Tower,0,2,9,5,16,0,22,168,2,192,0,24,177,7,208,283,0,283,491
06/12/2006,IWA,AZ,AWP,WE,Federal Contract Tower,3,4,19,6,32,0,8,182,12,202,3,12,201,18,234,399,2,401,635
06/13/2006,IWA,AZ,AWP,WE,Federal Contract Tower,3,7,3,6,19,0,13,251,7,271,3,20,254,13,290,468,14,482,772
06/14/2006,IWA,AZ,AWP,WE,Federal Contract Tower,3,6,7,3,19,0,26,224,10,260,3,32,231,13,279,521,0,521,800
06/15/2006,IWA,AZ,AWP,WE,Federal Contract Tower,3,8,7,2,20,0,28,261,20,309,3,36,268,22,329,334,1,335,664
06/16/2006,IWA,AZ,AWP,WE,Federal Contract Tower,5,8,5,12,30,0,24,246,0,270,5,32,251,12,300,573,9,582,882
06/17/2006,IWA,AZ,AWP,WE,Federal Contract Tower,3,3,9,8,23,0,20,185,2,207,3,23,194,10,230,478,12,490,720
06/18/2006,IWA,AZ,AWP,WE,Federal Contract Tower,0,6,10,4,20,0,25,131,5,161,0,31,141,9,181,292,0,292,473
06/19/2006,IWA,AZ,AWP,WE,Federal Contract Tower,3,11,11,2,27,0,21,219,5,245,3,32,230,7,272,457,8,465,737
06/20/2006,IWA,AZ,AWP,WE,Federal Contract Tower,3,10,18,4,35,0,6,231,6,243,3,16,249,10,278,421,16,437,715
06/21/2006,IWA,AZ,AWP,WE,Federal Contract Tower,6,12,13,8,39,0,16,209,9,234,6,28,222,17,273,504,7,511,784
06/22/2006,IWA,AZ,AWP,WE,Federal Contract Tower,3,16,13,11,43,0,19,241,6,266,3,35,254,17,309,363,21,384,693
06/23/2006,IWA,AZ,AWP,WE,Federal Contract Tower,4,12,16,18,50,0,10,192,26,228,4,22,208,44,278,449,20,469,747
06/24/2006,IWA,AZ,AWP,WE,Federal Contract Tower,1,7,8,2,18,0,7,161,16,184,1,14,169,18,202,268,2,270,472
06/25/2006,IWA,AZ,AWP,WE,Federal Contract Tower,0,9,5,9,23,0,19,131,6,156,0,28,136,15,179,93,0,93,272
06/26/2006,IWA,AZ,AWP,WE,Federal Contract Tower,3,15,10,6,34,0,13,197,13,223,3,28,207,19,257,351,7,358,615
06/27/2006,IWA,AZ,AWP,WE,Federal Contract Tower,3,14,3,0,20,0,8,223,18,249,3,22,226,18,269,250,4,254,523
06/28/2006,IWA,AZ,AWP,WE,Federal Contract Tower,2,13,8,4,27,0,21,222,7,250,2,34,230,11,277,383,5,388,665
06/29/2006,IWA,AZ,AWP,WE,Federal Contract Tower,4,11,8,3,26,0,3,236,25,264,4,14,244,28,290,554,0,554,844
06/30/2006,IWA,AZ,AWP,WE,Federal Contract Tower,5,7,9,8,29,0,16,188,39,243,5,23,197,47,272,436,20,456,728
07/01/2006,IWA,AZ,AWP,WE,Federal Contract Tower,2,0,5,0,7,0,26,238,8,272,2,26,243,8,279,407,0,407,686
07/02/2006,IWA,AZ,AWP,WE,Federal Contract Tower,2,2,3,3,10,0,49,138,6,193,2,51,141,9,203,287,0,287,490
07/03/2006,IWA,AZ,AWP,WE,Federal Contract Tower,2,2,2,3,9,0,48,215,0,263,2,50,217,3,272,356,0,356,628
07/04/2006,IWA,AZ,AWP,WE,Federal Contract Tower,0,0,14,0,14,0,26,149,0,175,0,26,163,0,189,290,0,290,479
07/05/2006,IWA,AZ,AWP,WE,Federal Contract Tower,4,4,5,8,21,1,21,186,10,218,5,25,191,18,239,418,14,432,671
07/06/2006,IWA,AZ,AWP,WE,Federal Contract Tower,3,5,9,14,31,0,40,188,7,235,3,45,197,21,266,617,22,639,905
07/07/2006,IWA,AZ,AWP,WE,Federal Contract Tower,6,4,3,20,33,0,35,176,6,217,6,39,179,26,250,385,39,424,674
07/08/2006,IWA,AZ,AWP,WE,Federal Contract Tower,0,0,5,9,14,0,10,270,20,300,0,10,275,29,314,578,12,590,904
07/09/2006,IWA,AZ,AWP,WE,Federal Contract Tower,0,3,6,9,18,0,16,139,4,159,0,19,145,13,177,251,0,251,428
07/10/2006,IWA,AZ,AWP,WE,Federal Contract Tower,5,6,7,15,33,0,38,236,6,280,5,44,243,21,313,420,5,425,738
07/11/2006,IWA,AZ,AWP,WE,Federal Contract Tower,3,4,2,6,15,0,30,236,6,272,3,34,238,12,287,515,21,536,823
07/12/2006,IWA,AZ,AWP,WE,Federal Contract Tower,3,6,5,7,21,0,30,237,1,268,3,36,242,8,289,572,15,587,876
07/13/2006,IWA,AZ,AWP,WE,Federal Contract Tower,3,6,5,6,20,0,31,237,2,270,3,37,242,8,290,485,10,495,785
07/14/2006,IWA,AZ,AWP,WE,Federal Contract Tower,5,8,7,13,33,0,25,224,5,254,5,33,231,18,287,604,17,621,908
07/15/2006,IWA,AZ,AWP,WE,Federal Contract Tower,0,0,2,0,2,0,25,201,0,226,0,25,203,0,228,206,0,206,434
07/16/2006,IWA,AZ,AWP,WE,Federal Contract Tower,0,2,8,3,13,0,19,150,1,170,0,21,158,4,183,317,2,319,502
07/17/2006,IWA,AZ,AWP,WE,Federal Contract Tower,3,6,7,2,18,0,27,245,0,272,3,33,252,2,290,647,0,647,937
07/18/2006,IWA,AZ,AWP,WE,Federal Contract Tower,2,5,2,6,15,0,9,213,6,228,2,14,215,12,243,401,15,416,659
07/19/2006,IWA,AZ,AWP,WE,Federal Contract Tower,1,7,9,4,21,0,15,183,0,198,1,22,192,4,219,324,18,342,561
07/20/2006,IWA,AZ,AWP,WE,Federal Contract Tower,5,8,6,10,29,0,23,182,6,211,5,31,188,16,240,363,38,401,641
07/21/2006,IWA,AZ,AWP,WE,Federal Contract Tower,3,10,10,15,38,0,19,221,4,244,3,29,231,19,282,484,28,512,794
07/22/2006,IWA,AZ,AWP,WE,Federal Contract Tower,1,2,11,5,19,0,42,179,1,222,1,44,190,6,241,317,8,325,566
07/23/2006,IWA,AZ,AWP,WE,Federal Contract Tower,0,3,7,7,17,0,29,175,8,212,0,32,182,15,229,223,0,223,452
07/24/2006,IWA,AZ,AWP,WE,Federal Contract Tower,3,6,9,6,24,0,16,186,3,205,3,22,195,9,229,547,22,569,798
07/25/2006,IWA,AZ,AWP,WE,Federal Contract Tower,4,6,12,9,31,0,19,222,13,254,4,25,234,22,285,552,30,582,867
07/26/2006,IWA,AZ,AWP,WE,Federal Contract Tower,5,6,6,10,27,0,18,248,3,269,5,24,254,13,296,571,11,582,878
07/27/2006,IWA,AZ,AWP,WE,Federal Contract Tower,3,8,19,6,36,0,15,138,10,163,3,23,157,16,199,254,8,262,461
07/28/2006,IWA,AZ,AWP,WE,Federal Contract Tower,4,6,12,11,33,0,23,216,8,247,4,29,228,19,280,431,14,445,725
07/29/2006,IWA,AZ,AWP,WE,Federal Contract Tower,1,0,17,3,21,0,16,167,2,185,1,16,184,5,206,402,3,405,611
07/30/2006,IWA,AZ,AWP,WE,Federal Contract Tower,0,2,19,2,23,0,20,141,0,161,0,22,160,2,184,353,0,353,537
07/31/2006,IWA,AZ,AWP,WE,Federal Contract Tower,5,7,12,2,26,0,25,179,4,208,5,32,191,6,234,376,2,378,612
08/01/2006,IWA,AZ,AWP,WE,Federal Contract Tower,2,6,13,4,25,2,25,204,4,235,4,31,217,8,260,428,2,430,690
08/02/2006,IWA,AZ,AWP,WE,Federal Contract Tower,4,6,7,4,21,0,33,221,4,258,4,39,228,8,279,410,0,410,689
08/03/2006,IWA,AZ,AWP,WE,Federal Contract Tower,5,10,8,4,27,0,25,195,9,229,5,35,203,13,256,394,20,414,670
08/04/2006,IWA,AZ,AWP,WE,Federal Contract Tower,3,9,9,5,26,0,43,227,6,276,3,52,236,11,302,522,11,533,835
08/05/2006,IWA,AZ,AWP,WE,Federal Contract Tower,1,0,5,1,7,0,14,206,1,221,1,14,211,2,228,464,0,464,692
08/06/2006,IWA,AZ,AWP,WE,Federal Contract Tower,1,5,16,5,27,0,17,159,21,197,1,22,175,26,224,350,0,350,574
08/07/2006,IWA,AZ,AWP,WE,Federal Contract Tower,3,7,7,5,22,0,16,204,0,220,3,23,211,5,242,304,7,311,553
08/08/2006,IWA,AZ,AWP,WE,Federal Contract Tower,5,8,7,5,25,0,26,163,8,197,5,34,170,13,222,385,74,459,681
08/09/2006,IWA,AZ,AWP,WE,Federal Contract Tower,5,7,10,16,38,0,22,194,1,217,5,29,204,17,255,541,14,555,810
08/10/2006,IWA,AZ,AWP,WE,Federal Contract Tower,5,10,5,6,26,0,20,170,2,192,5,30,175,8,218,362,34,396,614
08/11/2006,IWA,AZ,AWP,WE,Federal Contract Tower,5,8,10,15,38,0,13,262,7,282,5,21,272,22,320,448,20,468,788
08/12/2006,IWA,AZ,AWP,WE,Federal Contract Tower,3,0,10,4,17,0,31,232,3,266,3,31,242,7,283,532,10,542,825
08/13/2006,IWA,AZ,AWP,WE,Federal Contract Tower,1,4,7,5,17,0,27,143,6,176,1,31,150,11,193,319,0,319,512
08/14/2006,IWA,AZ,AWP,WE,Federal Contract Tower,3,6,7,8,24,0,9,175,0,184,3,15,182,8,208,442,16,458,666
08/15/2006,IWA,AZ,AWP,WE,Federal Contract Tower,3,6,14,3,26,0,18,248,6,272,3,24,262,9,298,640,11,651,949
08/16/2006,IWA,AZ,AWP,WE,Federal Contract Tower,5,6,5,5,21,0,18,247,7,272,5,24,252,12,293,628,5,633,926
08/17/2006,IWA,AZ,AWP,WE,Federal Contract Tower,9,8,5,14,36,0,20,243,3,266,9,28,248,17,302,506,61,567,869
08/18/2006,IWA,AZ,AWP,WE,Federal Contract Tower,3,7,9,21,40,0,19,207,6,232,3,26,216,27,272,477,6,483,755
08/19/2006,IWA,AZ,AWP,WE,Federal Contract Tower,2,0,8,5,15,0,33,187,1,221,2,33,195,6,236,327,2,329,565
08/20/2006,IWA,AZ,AWP,WE,Federal Contract Tower,2,2,3,14,21,0,21,133,0,154,2,23,136,14,175,279,6,285,460
08/21/2006,IWA,AZ,AWP,WE,Federal Contract Tower,5,4,10,2,21,0,18,161,2,181,5,22,171,4,202,374,8,382,584
08/22/2006,IWA,AZ,AWP,WE,Federal Contract Tower,7,8,10,2,27,0,22,153,8,183,7,30,163,10,210,440,5,445,655
08/23/2006,IWA,AZ,AWP,WE,Federal Contract Tower,5,8,10,3,26,0,26,217,7,250,5,34,227,10,276,505,20,525,801
08/24/2006,IWA,AZ,AWP,WE,Federal Contract Tower,5,8,9,1,23,0,21,138,7,166,5,29,147,8,189,287,6,293,482
08/25/2006,IWA,AZ,AWP,WE,Federal Contract Tower,4,6,13,12,35,0,23,266,7,296,4,29,279,19,331,640,4,644,975
08/26/2006,IWA,AZ,AWP,WE,Federal Contract Tower,1,0,12,7,20,0,31,233,8,272,1,31,245,15,292,498,6,504,796
08/27/2006,IWA,AZ,AWP,WE,Federal Contract Tower,4,2,10,4,20,0,17,176,2,195,4,19,186,6,215,311,0,311,526
08/28/2006,IWA,AZ,AWP,WE,Federal Contract Tower,3,6,12,5,26,0,9,191,3,203,3,15,203,8,229,519,0,519,748
08/29/2006,IWA,AZ,AWP,WE,Federal Contract Tower,3,8,15,9,35,0,29,238,3,270,3,37,253,12,305,536,54,590,895
08/30/2006,IWA,AZ,AWP,WE,Federal Contract Tower,7,6,6,11,30,0,26,209,0,235,7,32,215,11,265,592,7,599,864
08/31/2006,IWA,AZ,AWP,WE,Federal Contract Tower,5,10,8,4,27,0,27,239,6,272,5,37,247,10,299,611,34,645,944
09/01/2006,IWA,AZ,AWP,WE,Federal Contract Tower,4,2,5,4,15,0,20,185,3,208,4,22,190,7,223,461,10,471,694
09/02/2006,IWA,AZ,AWP,WE,Federal Contract Tower,4,0,6,0,10,0,19,176,0,195,4,19,182,0,205,370,0,370,575
09/03/2006,IWA,AZ,AWP,WE,Federal Contract Tower,0,2,4,0,6,1,16,149,0,166,1,18,153,0,172,315,0,315,487
09/04/2006,IWA,AZ,AWP,WE,Federal Contract Tower,2,3,9,0,14,0,20,183,6,209,2,23,192,6,223,375,0,375,598
09/05/2006,IWA,AZ,AWP,WE,Federal Contract Tower,3,7,11,5,26,1,17,214,14,246,4,24,225,19,272,622,18,640,912
09/06/2006,IWA,AZ,AWP,WE,Federal Contract Tower,5,7,8,4,24,0,28,294,10,332,5,35,302,14,356,745,32,777,1133
09/07/2006,IWA,AZ,AWP,WE,Federal Contract Tower,6,8,14,4,32,0,24,248,1,273,6,32,262,5,305,663,22,685,990
09/08/2006,IWA,AZ,AWP,WE,Federal Contract Tower,3,8,19,9,39,2,19,258,11,290,5,27,277,20,329,739,41,780,1109
09/09/2006,IWA,AZ,AWP,WE,Federal Contract Tower,4,0,3,2,9,0,25,243,0,268,4,25,246,2,277,326,0,326,603
09/10/2006,IWA,AZ,AWP,WE,Federal Contract Tower,0,3,5,3,11,0,16,217,3,236,0,19,222,6,247,488,0,488,735
09/11/2006,IWA,AZ,AWP,WE,Federal Contract Tower,2,9,9,9,29,0,15,318,4,337,2,24,327,13,366,705,9,714,1080
09/12/2006,IWA,AZ,AWP,WE,Federal Contract Tower,5,6,7,8,26,0,8,238,9,255,5,14,245,17,281,382,22,404,685
09/13/2006,IWA,AZ,AWP,WE,Federal Contract Tower,5,7,7,5,24,0,34,280,0,314,5,41,287,5,338,773,24,797,1135
09/14/2006,IWA,AZ,AWP,WE,Federal Contract Tower,5,8,12,3,28,0,13,311,4,328,5,21,323,7,356,504,16,520,876
09/15/2006,IWA,AZ,AWP,WE,Federal Contract Tower,4,6,9,17,36,1,14,237,23,275,5,20,246,40,311,653,44,697,1008
09/16/2006,IWA,AZ,AWP,WE,Federal Contract Tower,4,0,8,1,13,0,6,281,7,294,4,6,289,8,307,570,0,570,877
09/17/2006,IWA,AZ,AWP,WE,Federal Contract Tower,0,4,5,0,9,0,15,195,7,217,0,19,200,7,226,352,0,352,578
09/18/2006,IWA,AZ,AWP,WE,Federal Contract Tower,2,7,8,5,22,1,19,229,2,251,3,26,237,7,273,644,20,664,937
09/19/2006,IWA,AZ,AWP,WE,Federal Contract Tower,5,7,5,6,23,0,19,277,5,301,5,26,282,11,324,690,30,720,1044
09/20/2006,IWA,AZ,AWP,WE,Federal Contract Tower,5,8,12,11,36,0,20,238,4,262,5,28,250,15,298,466,35,501,799
09/21/2006,IWA,AZ,AWP,WE,Federal Contract Tower,3,8,12,13,36,0,20,338,10,368,3,28,350,23,404,761,13,774,1178
09/22/2006,IWA,AZ,AWP,WE,Federal Contract Tower,4,9,10,8,31,2,23,283,10,318,6,32,293,18,349,281,24,305,654
09/23/2006,IWA,AZ,AWP,WE,Federal Contract Tower,1,0,13,5,19,0,27,286,5,318,1,27,299,10,337,532,6,538,875
09/24/2006,IWA,AZ,AWP,WE,Federal Contract Tower,0,2,9,2,13,0,12,250,5,267,0,14,259,7,280,543,0,543,823
09/25/2006,IWA,AZ,AWP,WE,Federal Contract Tower,5,6,9,13,33,0,20,269,3,292,5,26,278,16,325,545,14,559,884
09/26/2006,IWA,AZ,AWP,WE,Federal Contract Tower,3,8,14,8,33,0,19,318,9,346,3,27,332,17,379,754,30,784,1163
09/27/2006,IWA,AZ,AWP,WE,Federal Contract Tower,3,6,18,4,31,0,21,338,7,366,3,27,356,11,397,954,11,965,1362
09/28/2006,IWA,AZ,AWP,WE,Federal Contract Tower,5,8,8,2,23,1,22,330,11,364,6,30,338,13,387,691,2,693,1080
09/29/2006,IWA,AZ,AWP,WE,Federal Contract Tower,4,6,14,1,25,1,13,320,0,334,5,19,334,1,359,569,0,569,928
09/30/2006,IWA,AZ,AWP,WE,Federal Contract Tower,1,0,14,3,18,0,19,196,1,216,1,19,210,4,234,541,0,541,775
10/01/2006,IWA,AZ,AWP,WE,Federal Contract Tower,0,2,4,2,8,0,24,216,1,241,0,26,220,3,249,356,0,356,605
10/02/2006,IWA,AZ,AWP,WE,Federal Contract Tower,6,8,20,3,37,0,12,294,1,307,6,20,314,4,344,556,6,562,906
10/03/2006,IWA,AZ,AWP,WE,Federal Contract Tower,6,6,19,6,37,0,7,252,7,266,6,13,271,13,303,520,3,523,826
10/04/2006,IWA,AZ,AWP,WE,Federal Contract Tower,3,10,14,11,38,0,25,263,5,293,3,35,277,16,331,498,3,501,832
10/05/2006,IWA,AZ,AWP,WE,Federal Contract Tower,5,11,9,17,42,0,23,252,13,288,5,34,261,30,330,649,37,686,1016
10/06/2006,IWA,AZ,AWP,WE,Federal Contract Tower,2,8,4,12,26,0,11,166,3,180,2,19,170,15,206,352,23,375,581
10/07/2006,IWA,AZ,AWP,WE,Federal Contract Tower,3,12,0,1,16,0,21,280,6,307,3,33,280,7,323,608,1,609,932
10/08/2006,IWA,AZ,AWP,WE,Federal Contract Tower,0,3,6,0,9,0,22,181,4,207,0,25,187,4,216,307,0,307,523
10/09/2006,IWA,AZ,AWP,WE,Federal Contract Tower,0,6,7,2,15,0,11,231,2,244,0,17,238,4,259,617,9,626,885
10/10/2006,IWA,AZ,AWP,WE,Federal Contract Tower,5,7,11,8,31,0,29,349,11,389,5,36,360,19,420,794,56,850,1270
10/11/2006,IWA,AZ,AWP,WE,Federal Contract Tower,5,6,10,9,30,0,32,424,11,467,5,38,434,20,497,849,22,871,1368
10/12/2006,IWA,AZ,AWP,WE,Federal Contract Tower,5,10,15,15,45,0,24,365,8,397,5,34,380,23,442,735,31,766,1208
10/13/2006,IWA,AZ,AWP,WE,Federal Contract Tower,3,6,10,18,37,0,24,283,4,311,3,30,293,22,348,548,16,564,912
10/14/2006,IWA,AZ,AWP,WE,Federal Contract Tower,2,0,8,6,16,0,21,183,4,208,2,21,191,10,224,388,4,392,616
10/15/2006,IWA,AZ,AWP,WE,Federal Contract Tower,2,4,7,7,20,0,21,238,3,262,2,25,245,10,282,484,0,484,766
10/16/2006,IWA,AZ,AWP,WE,Federal Contract Tower,2,9,10,12,33,0,22,277,4,303,2,31,287,16,336,476,0,476,812
10/17/2006,IWA,AZ,AWP,WE,Federal Contract Tower,4,7,9,14,34,0,18,273,5,296,4,25,282,19,330,346,28,374,704
10/18/2006,IWA,AZ,AWP,WE,Federal Contract Tower,5,8,10,17,40,0,8,348,3,359,5,16,358,20,399,568,38,606,1005
10/19/2006,IWA,AZ,AWP,WE,Federal Contract Tower,3,9,10,20,42,0,11,326,12,349,3,20,336,32,391,541,34,575,966
10/20/2006,IWA,AZ,AWP,WE,Federal Contract Tower,4,6,7,19,36,0,19,330,0,349,4,25,337,19,385,750,41,791,1176
10/21/2006,IWA,AZ,AWP,WE,Federal Contract Tower,1,0,3,10,14,0,11,269,0,280,1,11,272,10,294,570,23,593,887
10/22/2006,IWA,AZ,AWP,WE,Federal Contract Tower,0,3,4,4,11,0,17,199,0,216,0,20,203,4,227,485,0,485,712
10/23/2006,IWA,AZ,AWP,WE,Federal Contract Tower,5,8,9,5,27,0,3,272,3,278,5,11,281,8,305,730,15,745,1050
10/24/2006,IWA,AZ,AWP,WE,Federal Contract Tower,1,11,9,5,26,0,29,231,3,263,1,40,240,8,289,605,26,631,920
10/25/2006,IWA,AZ,AWP,WE,Federal Contract Tower,3,6,13,10,32,0,25,331,13,369,3,31,344,23,401,704,10,714,1115
10/26/2006,IWA,AZ,AWP,WE,Federal Contract Tower,7,10,7,23,47,0,17,377,27,421,7,27,384,50,468,817,26,843,1311
10/27/2006,IWA,AZ,AWP,WE,Federal Contract Tower,4,6,7,17,34,0,14,366,24,404,4,20,373,41,438,733,18,751,1189
10/28/2006,IWA,AZ,AWP,WE,Federal Contract Tower,1,0,11,5,17,0,23,323,7,353,1,23,334,12,370,573,2,575,945
10/29/2006,IWA,AZ,AWP,WE,Federal Contract Tower,2,2,7,2,13,0,24,182,9,215,2,26,189,11,228,496,0,496,724
10/30/2006,IWA,AZ,AWP,WE,Federal Contract Tower,5,6,8,6,25,0,24,271,1,296,5,30,279,7,321,736,8,744,1065
10/31/2006,IWA,AZ,AWP,WE,Federal Contract Tower,3,6,14,10,33,0,17,305,7,329,3,23,319,17,362,854,19,873,1235
11/01/2006,IWA,AZ,AWP,WE,Federal Contract Tower,3,8,6,8,25,0,9,370,4,383,3,17,376,12,408,865,43,908,1316
11/02/2006,IWA,AZ,AWP,WE,Federal Contract Tower,5,8,11,16,40,0,34,350,0,384,5,42,361,16,424,942,10,952,1376
11/03/2006,IWA,AZ,AWP,WE,Federal Contract Tower,2,6,16,8,32,0,27,258,4,289,2,33,274,12,321,760,14,774,1095
11/04/2006,IWA,AZ,AWP,WE,Federal Contract Tower,1,0,13,15,29,0,13,291,3,307,1,13,304,18,336,564,46,610,946
11/05/2006,IWA,AZ,AWP,WE,Federal Contract Tower,1,2,16,3,22,0,18,148,1,167,1,20,164,4,189,523,2,525,714
11/06/2006,IWA,AZ,AWP,WE,Federal Contract Tower,3,5,11,14,33,0,15,263,5,283,3,20,274,19,316,856,16,872,1188
11/07/2006,IWA,AZ,AWP,WE,Federal Contract Tower,3,7,12,14,36,0,14,304,3,321,3,21,316,17,357,770,13,783,1140
11/08/2006,IWA,AZ,AWP,WE,Federal Contract Tower,5,6,11,13,35,0,16,291,2,309,5,22,302,15,344,820,74,894,1238
11/09/2006,IWA,AZ,AWP,WE,Federal Contract Tower,7,8,6,14,35,0,14,293,7,314,7,22,299,21,349,978,9,987,1336
11/10/2006,IWA,AZ,AWP,WE,Federal Contract Tower,0,6,10,5,21,0,29,285,9,323,0,35,295,14,344,755,0,755,1099
11/11/2006,IWA,AZ,AWP,WE,Federal Contract Tower,0,0,8,2,10,0,26,216,1,243,0,26,224,3,253,566,2,568,821
11/12/2006,IWA,AZ,AWP,WE,Federal Contract Tower,1,2,11,4,18,0,28,160,0,188,1,30,171,4,206,612,0,612,818
11/13/2006,IWA,AZ,AWP,WE,Federal Contract Tower,8,11,8,10,37,0,27,313,0,340,8,38,321,10,377,917,13,930,1307
11/14/2006,IWA,AZ,AWP,WE,Federal Contract Tower,3,10,6,9,28,0,14,288,9,311,3,24,294,18,339,650,13,663,1002
11/15/2006,IWA,AZ,AWP,WE,Federal Contract Tower,3,8,9,8,28,0,16,309,12,337,3,24,318,20,365,846,8,854,1219
11/16/2006,IWA,AZ,AWP,WE,Federal Contract Tower,7,7,14,18,46,0,19,284,6,309,7,26,298,24,355,662,46,708,1063
11/17/2006,IWA,AZ,AWP,WE,Federal Contract Tower,2,6,13,18,39,1,7,310,9,327,3,13,323,27,366,757,76,833,1199
11/18/2006,IWA,AZ,AWP,WE,Federal Contract Tower,3,0,5,3,11,0,15,247,8,270,3,15,252,11,281,687,6,693,974
11/19/2006,IWA,AZ,AWP,WE,Federal Contract Tower,1,3,13,6,23,0,21,216,0,237,1,24,229,6,260,648,4,652,912
11/20/2006,IWA,AZ,AWP,WE,Federal Contract Tower,3,4,9,6,22,0,15,231,2,248,3,19,240,8,270,631,8,639,909
11/21/2006,IWA,AZ,AWP,WE,Federal Contract Tower,5,1,19,11,36,0,23,282,5,310,5,24,301,16,346,759,2,761,1107
11/22/2006,IWA,AZ,AWP,WE,Federal Contract Tower,5,0,10,2,17,0,17,282,1,300,5,17,292,3,317,649,8,657,974
11/23/2006,IWA,AZ,AWP,WE,Federal Contract Tower,0,2,1,0,3,0,8,62,0,70,0,10,63,0,73,19,0,19,92
11/24/2006,IWA,AZ,AWP,WE,Federal Contract Tower,2,2,5,0,9,0,20,205,9,234,2,22,210,9,243,387,0,387,630
11/25/2006,IWA,AZ,AWP,WE,Federal Contract Tower,0,1,11,0,12,0,27,173,0,200,0,28,184,0,212,550,0,550,762
11/26/2006,IWA,AZ,AWP,WE,Federal Contract Tower,0,4,10,0,14,0,7,141,1,149,0,11,151,1,163,407,0,407,570
11/27/2006,IWA,AZ,AWP,WE,Federal Contract Tower,4,7,10,6,27,0,14,219,1,234,4,21,229,7,261,519,3,522,783
11/28/2006,IWA,AZ,AWP,WE,Federal Contract Tower,4,7,21,7,39,0,19,187,9,215,4,26,208,16,254,751,2,753,1007
11/29/2006,IWA,AZ,AWP,WE,Federal Contract Tower,5,6,7,13,31,0,19,182,11,212,5,25,189,24,243,368,2,370,613
11/30/2006,IWA,AZ,AWP,WE,Federal Contract Tower,3,10,15,11,39,0,16,224,10,250,3,26,239,21,289,581,14,595,884
12/01/2006,IWA,AZ,AWP,WE,Federal Contract Tower,3,6,19,12,40,0,12,274,11,297,3,18,293,23,337,663,11,674,1011
12/02/2006,IWA,AZ,AWP,WE,Federal Contract Tower,2,2,12,8,24,0,19,283,6,308,2,21,295,14,332,509,6,515,847
12/03/2006,IWA,AZ,AWP,WE,Federal Contract Tower,0,3,11,4,18,0,14,113,6,133,0,17,124,10,151,278,12,290,441
12/04/2006,IWA,AZ,AWP,WE,Federal Contract Tower,3,6,13,6,28,0,13,247,3,263,3,19,260,9,291,671,0,671,962
12/05/2006,IWA,AZ,AWP,WE,Federal Contract Tower,3,6,18,6,33,0,18,272,9,299,3,24,290,15,332,807,33,840,1172
12/06/2006,IWA,AZ,AWP,WE,Federal Contract Tower,5,7,12,13,37,1,18,268,9,296,6,25,280,22,333,829,18,847,1180
12/07/2006,IWA,AZ,AWP,WE,Federal Contract Tower,5,8,18,9,40,0,11,221,6,238,5,19,239,15,278,526,33,559,837
12/08/2006,IWA,AZ,AWP,WE,Federal Contract Tower,5,8,12,20,45,0,19,262,13,294,5,27,274,33,339,802,16,818,1157
12/09/2006,IWA,AZ,AWP,WE,Federal Contract Tower,2,0,15,10,27,0,19,225,6,250,2,19,240,16,277,627,12,639,916
12/10/2006,IWA,AZ,AWP,WE,Federal Contract Tower,2,6,16,12,36,0,16,139,3,158,2,22,155,15,194,362,0,362,556
12/11/2006,IWA,AZ,AWP,WE,Federal Contract Tower,3,9,11,2,25,0,17,231,6,254,3,26,242,8,279,697,8,705,984
12/12/2006,IWA,AZ,AWP,WE,Federal Contract Tower,3,6,8,8,25,0,11,288,1,300,3,17,296,9,325,738,21,759,1084
12/13/2006,IWA,AZ,AWP,WE,Federal Contract Tower,7,9,13,7,36,0,15,297,5,317,7,24,310,12,353,877,16,893,1246
12/14/2006,IWA,AZ,AWP,WE,Federal Contract Tower,4,6,7,14,31,0,19,245,4,268,4,25,252,18,299,657,21,678,977
12/15/2006,IWA,AZ,AWP,WE,Federal Contract Tower,8,9,11,12,40,0,9,231,10,250,8,18,242,22,290,447,25,472,762
12/16/2006,IWA,AZ,AWP,WE,Federal Contract Tower,2,0,11,3,16,0,24,168,3,195,2,24,179,6,211,257,0,257,468
12/17/2006,IWA,AZ,AWP,WE,Federal Contract Tower,0,2,8,8,18,0,25,122,2,149,0,27,130,10,167,439,0,439,606
12/18/2006,IWA,AZ,AWP,WE,Federal Contract Tower,7,4,13,13,37,0,22,216,5,243,7,26,229,18,280,700,62,762,1042
12/19/2006,IWA,AZ,AWP,WE,Federal Contract Tower,3,4,8,10,25,0,13,243,6,262,3,17,251,16,287,513,9,522,809
12/20/2006,IWA,AZ,AWP,WE,Federal Contract Tower,5,6,6,11,28,0,30,238,9,277,5,36,244,20,305,627,16,643,948
12/21/2006,IWA,AZ,AWP,WE,Federal Contract Tower,5,9,11,4,29,0,24,235,5,264,5,33,246,9,293,588,0,588,881
12/22/2006,IWA,AZ,AWP,WE,Federal Contract Tower,4,3,6,0,13,0,15,155,0,170,4,18,161,0,183,379,2,381,564
12/23/2006,IWA,AZ,AWP,WE,Federal Contract Tower,1,0,13,0,14,0,11,50,0,61,1,11,63,0,75,233,0,233,308
12/24/2006,IWA,AZ,AWP,WE,Federal Contract Tower,0,2,4,0,6,0,19,62,0,81,0,21,66,0,87,233,0,233,320
12/25/2006,IWA,AZ,AWP,WE,Federal Contract Tower,2,0,2,0,4,0,14,37,0,51,2,14,39,0,55,2,0,2,57
12/26/2006,IWA,AZ,AWP,WE,Federal Contract Tower,3,0,0,0,3,0,13,148,0,161,3,13,148,0,164,470,0,470,634
12/27/2006,IWA,AZ,AWP,WE,Federal Contract Tower,6,1,6,2,15,0,16,210,0,226,6,17,216,2,241,459,7,466,707
12/28/2006,IWA,AZ,AWP,WE,Federal Contract Tower,4,1,33,0,38,0,12,73,4,89,4,13,106,4,127,596,0,596,723
12/29/2006,IWA,AZ,AWP,WE,Federal Contract Tower,9,2,11,0,22,2,16,188,0,206,11,18,199,0,228,715,0,715,943
12/30/2006,IWA,AZ,AWP,WE,Federal Contract Tower,0,2,8,0,10,0,17,195,4,216,0,19,203,4,226,521,0,521,747
12/31/2006,IWA,AZ,AWP,WE,Federal Contract Tower,0,2,5,0,7,0,15,112,0,127,0,17,117,0,134,338,0,338,472
01/01/2007,IWA,AZ,AWP,WE,Federal Contract Tower,4,2,2,0,8,0,20,81,0,101,4,22,83,0,109,77,0,77,186
01/02/2007,IWA,AZ,AWP,WE,Federal Contract Tower,6,0,6,0,12,0,18,223,0,241,6,18,229,0,253,633,0,633,886
01/03/2007,IWA,AZ,AWP,WE,Federal Contract Tower,3,0,13,10,26,0,34,253,11,298,3,34,266,21,324,715,32,747,1071
01/04/2007,IWA,AZ,AWP,WE,Federal Contract Tower,3,0,13,22,38,0,33,218,9,260,3,33,231,31,298,558,30,588,886
01/05/2007,IWA,AZ,AWP,WE,Federal Contract Tower,5,4,16,19,44,0,10,170,11,191,5,14,186,30,235,552,14,566,801
01/06/2007,IWA,AZ,AWP,WE,Federal Contract Tower,2,0,10,9,21,0,11,240,2,253,2,11,250,11,274,639,10,649,923
01/07/2007,IWA,AZ,AWP,WE,Federal Contract Tower,2,2,5,4,13,0,15,152,1,168,2,17,157,5,181,507,0,507,688
01/08/2007,IWA,AZ,AWP,WE,Federal Contract Tower,5,6,5,7,23,1,3,209,8,221,6,9,214,15,244,552,22,574,818
01/09/2007,IWA,AZ,AWP,WE,Federal Contract Tower,13,6,14,1,34,0,24,194,10,228,13,30,208,11,262,519,5,524,786
01/10/2007,IWA,AZ,AWP,WE,Federal Contract Tower,5,6,6,6,23,0,20,272,10,302,5,26,278,16,325,763,0,763,1088
01/11/2007,IWA,AZ,AWP,WE,Federal Contract Tower,7,6,11,6,30,0,19,257,4,280,7,25,268,10,310,540,8,548,858
01/12/2007,IWA,AZ,AWP,WE,Federal Contract Tower,6,6,4,11,27,0,17,174,2,193,6,23,178,13,220,512,9,521,741
01/13/2007,IWA,AZ,AWP,WE,Federal Contract Tower,2,0,7,13,22,0,14,197,1,212,2,14,204,14,234,486,0,486,720
01/14/2007,IWA,AZ,AWP,WE,Federal Contract Tower,2,5,18,0,25,0,18,196,4,218,2,23,214,4,243,479,0,479,722
01/15/2007,IWA,AZ,AWP,WE,Federal Contract Tower,2,6,13,0,21,0,20,232,1,253,2,26,245,1,274,518,0,518,792
01/16/2007,IWA,AZ,AWP,WE,Federal Contract Tower,3,5,6,12,26,0,23,246,0,269,3,28,252,12,295,483,16,499,794
01/17/2007,IWA,AZ,AWP,WE,Federal Contract Tower,5,6,5,5,21,0,33,303,16,352,5,39,308,21,373,670,4,674,1047
01/18/2007,IWA,AZ,AWP,WE,Federal Contract Tower,5,8,4,8,25,0,21,267,18,306,5,29,271,26,331,519,23,542,873
01/19/2007,IWA,AZ,AWP,WE,Federal Contract Tower,6,10,30,7,53,0,26,106,9,141,6,36,136,16,194,376,50,426,620
01/20/2007,IWA,AZ,AWP,WE,Federal Contract Tower,1,1,10,5,17,0,6,160,0,166,1,7,170,5,183,745,27,772,955
01/21/2007,IWA,AZ,AWP,WE,Federal Contract Tower,2,3,15,8,28,0,0,70,0,70,2,3,85,8,98,178,0,178,276
01/22/2007,IWA,AZ,AWP,WE,Federal Contract Tower,7,6,10,10,33,0,14,216,4,234,7,20,226,14,267,631,8,639,906
01/23/2007,IWA,AZ,AWP,WE,Federal Contract Tower,3,8,17,13,41,0,16,321,12,349,3,24,338,25,390,760,45,805,1195
01/24/2007,IWA,AZ,AWP,WE,Federal Contract Tower,5,6,11,18,40,0,32,323,10,365,5,38,334,28,405,675,15,690,1095
01/25/2007,IWA,AZ,AWP,WE,Federal Contract Tower,5,6,10,13,34,0,16,290,13,319,5,22,300,26,353,681,47,728,1081
01/26/2007,IWA,AZ,AWP,WE,Federal Contract Tower,11,8,14,6,39,0,7,271,12,290,11,15,285,18,329,688,0,688,1017
01/27/2007,IWA,AZ,AWP,WE,Federal Contract Tower,0,1,9,2,12,0,24,312,11,347,0,25,321,13,359,669,8,677,1036
01/28/2007,IWA,AZ,AWP,WE,Federal Contract Tower,2,4,9,1,16,0,8,206,4,218,2,12,215,5,234,417,0,417,651
01/29/2007,IWA,AZ,AWP,WE,Federal Contract Tower,7,5,12,5,29,0,16,228,13,257,7,21,240,18,286,514,8,522,808
01/30/2007,IWA,AZ,AWP,WE,Federal Contract Tower,2,6,15,3,26,0,19,160,8,187,2,25,175,11,213,645,33,678,891
01/31/2007,IWA,AZ,AWP,WE,Federal Contract Tower,4,8,19,3,34,0,27,124,4,155,4,35,143,7,189,433,4,437,626
02/01/2007,IWA,AZ,AWP,WE,Federal Contract Tower,9,7,18,6,40,0,15,286,7,308,9,22,304,13,348,658,18,676,1024
02/02/2007,IWA,AZ,AWP,WE,Federal Contract Tower,6,8,19,15,48,0,14,285,0,299,6,22,304,15,347,651,26,677,1024
02/03/2007,IWA,AZ,AWP,WE,Federal Contract Tower,3,2,15,2,22,0,9,269,10,288,3,11,284,12,310,514,4,518,828
02/04/2007,IWA,AZ,AWP,WE,Federal Contract Tower,2,5,10,3,20,1,22,165,5,193,3,27,175,8,213,421,0,421,634
02/05/2007,IWA,AZ,AWP,WE,Federal Contract Tower,7,4,18,21,50,0,15,240,0,255,7,19,258,21,305,633,49,682,987
02/06/2007,IWA,AZ,AWP,WE,Federal Contract Tower,5,6,12,14,37,2,43,266,27,338,7,49,278,41,375,662,37,699,1074
02/07/2007,IWA,AZ,AWP,WE,Federal Contract Tower,4,8,11,10,33,0,21,282,11,314,4,29,293,21,347,735,12,747,1094
02/08/2007,IWA,AZ,AWP,WE,Federal Contract Tower,9,8,12,8,37,0,19,268,10,297,9,27,280,18,334,782,43,825,1159
02/09/2007,IWA,AZ,AWP,WE,Federal Contract Tower,8,6,11,35,60,0,28,276,9,313,8,34,287,44,373,823,36,859,1232
02/10/2007,IWA,AZ,AWP,WE,Federal Contract Tower,2,0,7,11,20,0,7,278,12,297,2,7,285,23,317,386,16,402,719
02/11/2007,IWA,AZ,AWP,WE,Federal Contract Tower,2,3,4,11,20,0,17,142,5,164,2,20,146,16,184,336,4,340,524
02/12/2007,IWA,AZ,AWP,WE,Federal Contract Tower,7,6,19,14,46,0,23,270,8,301,7,29,289,22,347,681,23,704,1051
02/13/2007,IWA,AZ,AWP,WE,Federal Contract Tower,4,8,13,4,29,0,22,219,4,245,4,30,232,8,274,515,1,516,790
02/14/2007,IWA,AZ,AWP,WE,Federal Contract Tower,5,6,13,4,28,0,19,271,3,293,5,25,284,7,321,663,25,688,1009
02/15/2007,IWA,AZ,AWP,WE,Federal Contract Tower,3,8,14,9,34,0,13,274,1,288,3,21,288,10,322,791,35,826,1148
02/16/2007,IWA,AZ,AWP,WE,Federal Contract Tower,8,2,9,20,39,0,21,333,9,363,8,23,342,29,402,701,5,706,1108
02/17/2007,IWA,AZ,AWP,WE,Federal Contract Tower,0,0,8,4,12,0,24,235,22,281,0,24,243,26,293,441,0,441,734
02/18/2007,IWA,AZ,AWP,WE,Federal Contract Tower,0,2,12,17,31,0,14,200,5,219,0,16,212,22,250,451,45,496,746
02/19/2007,IWA,AZ,AWP,WE,Federal Contract Tower,2,1,11,4,18,0,21,95,4,120,2,22,106,8,138,232,0,232,370
02/20/2007,IWA,AZ,AWP,WE,Federal Contract Tower,4,6,7,7,24,0,25,277,14,316,4,31,284,21,340,813,77,890,1230
02/21/2007,IWA,AZ,AWP,WE,Federal Contract Tower,6,6,9,13,34,0,26,307,3,336,6,32,316,16,370,705,23,728,1098
02/22/2007,IWA,AZ,AWP,WE,Federal Contract Tower,4,6,12,18,40,0,24,315,2,341,4,30,327,20,381,773,56,829,1210
02/23/2007,IWA,AZ,AWP,WE,Federal Contract Tower,6,9,8,23,46,0,14,217,11,242,6,23,225,34,288,368,29,397,685
02/24/2007,IWA,AZ,AWP,WE,Federal Contract Tower,0,0,11,23,34,0,20,267,7,294,0,20,278,30,328,630,51,681,1009
02/25/2007,IWA,AZ,AWP,WE,Federal Contract Tower,1,2,14,9,26,0,20,184,10,214,1,22,198,19,240,543,3,546,786
02/26/2007,IWA,AZ,AWP,WE,Federal Contract Tower,5,6,4,3,18,0,24,238,2,264,5,30,242,5,282,827,2,829,1111
02/27/2007,IWA,AZ,AWP,WE,Federal Contract Tower,4,6,20,5,35,0,16,242,7,265,4,22,262,12,300,551,3,554,854
02/28/2007,IWA,AZ,AWP,WE,Federal Contract Tower,7,7,18,10,42,0,30,317,3,350,7,37,335,13,392,505,22,527,919
03/01/2007,IWA,AZ,AWP,WE,Federal Contract Tower,3,6,14,9,32,0,22,241,5,268,3,28,255,14,300,753,16,769,1069
03/02/2007,IWA,AZ,AWP,WE,Federal Contract Tower,6,7,13,6,32,0,29,272,12,313,6,36,285,18,345,650,24,674,1019
03/03/2007,IWA,AZ,AWP,WE,Federal Contract Tower,2,0,11,11,24,0,28,235,9,272,2,28,246,20,296,310,34,344,640
03/04/2007,IWA,AZ,AWP,WE,Federal Contract Tower,0,2,7,3,12,0,19,181,8,208,0,21,188,11,220,315,0,315,535
03/05/2007,IWA,AZ,AWP,WE,Federal Contract Tower,7,3,5,7,22,0,21,221,4,246,7,24,226,11,268,596,6,602,870
03/06/2007,IWA,AZ,AWP,WE,Federal Contract Tower,4,6,6,10,26,0,19,305,11,335,4,25,311,21,361,704,37,741,1102
03/07/2007,IWA,AZ,AWP,WE,Federal Contract Tower,4,6,14,4,28,0,33,292,11,336,4,39,306,15,364,845,3,848,1212
03/08/2007,IWA,AZ,AWP,WE,Federal Contract Tower,6,6,18,7,37,0,23,292,1,316,6,29,310,8,353,723,12,735,1088
03/09/2007,IWA,AZ,AWP,WE,Federal Contract Tower,7,12,17,12,48,0,19,321,17,357,7,31,338,29,405,698,22,720,1125
03/10/2007,IWA,AZ,AWP,WE,Federal Contract Tower,0,3,10,5,18,0,26,295,4,325,0,29,305,9,343,774,10,784,1127
03/11/2007,IWA,AZ,AWP,WE,Federal Contract Tower,0,3,12,5,20,0,27,179,2,208,0,30,191,7,228,403,0,403,631
03/12/2007,IWA,AZ,AWP,WE,Federal Contract Tower,7,6,7,4,24,0,22,203,6,231,7,28,210,10,255,743,0,743,998
03/13/2007,IWA,AZ,AWP,WE,Federal Contract Tower,6,10,11,8,35,0,18,261,12,291,6,28,272,20,326,587,34,621,947
03/14/2007,IWA,AZ,AWP,WE,Federal Contract Tower,7,8,10,11,36,0,10,307,1,318,7,18,317,12,354,764,6,770,1124
03/15/2007,IWA,AZ,AWP,WE,Federal Contract Tower,7,8,11,8,34,0,17,308,4,329,7,25,319,12,363,630,10,640,1003
03/16/2007,IWA,AZ,AWP,WE,Federal Contract Tower,6,7,11,21,45,0,17,284,17,318,6,24,295,38,363,647,54,701,1064
03/17/2007,IWA,AZ,AWP,WE,Federal Contract Tower,1,0,12,9,22,0,14,198,6,218,1,14,210,15,240,490,8,498,738
03/18/2007,IWA,AZ,AWP,WE,Federal Contract Tower,0,4,19,12,35,0,19,144,2,165,0,23,163,14,200,415,0,415,615
03/19/2007,IWA,AZ,AWP,WE,Federal Contract Tower,4,4,7,7,22,0,18,263,0,281,4,22,270,7,303,579,0,579,882
03/20/2007,IWA,AZ,AWP,WE,Federal Contract Tower,5,10,13,10,38,0,28,314,17,359,5,38,327,27,397,639,38,677,1074
03/21/2007,IWA,AZ,AWP,WE,Federal Contract Tower,6,7,11,5,29,0,22,240,9,271,6,29,251,14,300,424,2,426,726
03/22/2007,IWA,AZ,AWP,WE,Federal Contract Tower,4,9,5,1,19,0,13,101,2,116,4,22,106,3,135,118,0,118,253
03/23/2007,IWA,AZ,AWP,WE,Federal Contract Tower,5,11,20,3,39,0,14,135,7,156,5,25,155,10,195,472,0,472,667
03/24/2007,IWA,AZ,AWP,WE,Federal Contract Tower,2,0,14,5,21,0,32,218,1,251,2,32,232,6,272,624,12,636,908
03/25/2007,IWA,AZ,AWP,WE,Federal Contract Tower,0,6,4,4,14,0,26,270,0,296,0,32,274,4,310,666,0,666,976
03/26/2007,IWA,AZ,AWP,WE,Federal Contract Tower,2,4,6,12,24,1,27,312,6,346,3,31,318,18,370,628,13,641,1011
03/27/2007,IWA,AZ,AWP,WE,Federal Contract Tower,5,6,5,3,19,0,15,158,17,190,5,21,163,20,209,390,8,398,607
03/28/2007,IWA,AZ,AWP,WE,Federal Contract Tower,6,6,8,11,31,0,18,275,18,311,6,24,283,29,342,562,15,577,919
03/29/2007,IWA,AZ,AWP,WE,Federal Contract Tower,5,6,9,8,28,0,24,293,5,322,5,30,302,13,350,681,11,692,1042
03/30/2007,IWA,AZ,AWP,WE,Federal Contract Tower,8,6,14,12,40,0,16,319,8,343,8,22,333,20,383,873,23,896,1279
03/31/2007,IWA,AZ,AWP,WE,Federal Contract Tower,4,0,16,2,22,0,51,263,13,327,4,51,279,15,349,604,10,614,963
04/01/2007,IWA,AZ,AWP,WE,Federal Contract Tower,2,1,12,11,26,0,13,189,4,206,2,14,201,15,232,417,9,426,658
04/02/2007,IWA,AZ,AWP,WE,Federal Contract Tower,5,5,9,5,24,0,22,243,2,267,5,27,252,7,291,735,0,735,1026
04/03/2007,IWA,AZ,AWP,WE,Federal Contract Tower,3,12,10,3,28,0,26,289,9,324,3,38,299,12,352,866,26,892,1244
04/04/2007,IWA,AZ,AWP,WE,Federal Contract Tower,4,7,14,4,29,0,32,299,6,337,4,39,313,10,366,757,25,782,1148
04/05/2007,IWA,AZ,AWP,WE,Federal Contract Tower,4,6,15,17,42,0,46,301,8,355,4,52,316,25,397,713,66,779,1176
04/06/2007,IWA,AZ,AWP,WE,Federal Contract Tower,9,8,10,4,31,0,17,252,5,274,9,25,262,9,305,577,10,587,892
04/07/2007,IWA,AZ,AWP,WE,Federal Contract Tower,0,0,17,1,18,0,24,244,0,268,0,24,261,1,286,432,2,434,720
04/08/2007,IWA,AZ,AWP,WE,Federal Contract Tower,0,2,11,2,15,0,16,85,4,105,0,18,96,6,120,147,0,147,267
04/09/2007,IWA,AZ,AWP,WE,Federal Contract Tower,7,4,12,9,32,0,16,305,4,325,7,20,317,13,357,574,8,582,939
04/10/2007,IWA,AZ,AWP,WE,Federal Contract Tower,5,6,21,15,47,0,22,271,12,305,5,28,292,27,352,680,8,688,1040
04/11/2007,IWA,AZ,AWP,WE,Federal Contract Tower,7,8,4,15,34,0,18,257,7,282,7,26,261,22,316,408,8,416,732
04/12/2007,IWA,AZ,AWP,WE,Federal Contract Tower,3,6,17,10,36,0,20,114,7,141,3,26,131,17,177,152,19,171,348
04/13/2007,IWA,AZ,AWP,WE,Federal Contract Tower,6,6,17,33,62,0,14,360,6,380,6,20,377,39,442,603,40,643,1085
04/14/2007,IWA,AZ,AWP,WE,Federal Contract Tower,3,0,10,4,17,0,28,322,17,367,3,28,332,21,384,427,24,451,835
04/15/2007,IWA,AZ,AWP,WE,Federal Contract Tower,2,3,2,13,20,0,22,84,0,106,2,25,86,13,126,109,2,111,237
04/16/2007,IWA,AZ,AWP,WE,Federal Contract Tower,7,6,14,13,40,0,20,226,4,250,7,26,240,17,290,279,12,291,581
04/17/2007,IWA,AZ,AWP,WE,Federal Contract Tower,3,6,12,11,32,0,19,314,14,347,3,25,326,25,379,625,18,643,1022
04/18/2007,IWA,AZ,AWP,WE,Federal Contract Tower,8,7,8,15,38,0,24,187,1,212,8,31,195,16,250,238,19,257,507
04/19/2007,IWA,AZ,AWP,WE,Federal Contract Tower,8,7,11,18,44,0,10,313,8,331,8,17,324,26,375,469,51,520,895
04/20/2007,IWA,AZ,AWP,WE,Federal Contract Tower,6,6,8,18,38,0,22,198,19,239,6,28,206,37,277,443,5,448,725
04/21/2007,IWA,AZ,AWP,WE,Federal Contract Tower,0,2,19,27,48,0,27,136,18,181,0,29,155,45,229,197,48,245,474
04/22/2007,IWA,AZ,AWP,WE,Federal Contract Tower,0,4,11,15,30,0,12,168,0,180,0,16,179,15,210,335,0,335,545
04/23/2007,IWA,AZ,AWP,WE,Federal Contract Tower,5,4,8,4,21,0,27,274,4,305,5,31,282,8,326,348,4,352,678
04/24/2007,IWA,AZ,AWP,WE,Federal Contract Tower,3,6,15,11,35,0,26,284,13,323,3,32,299,24,358,608,20,628,986
04/25/2007,IWA,AZ,AWP,WE,Federal Contract Tower,8,6,11,8,33,0,26,330,4,360,8,32,341,12,393,779,15,794,1187
04/26/2007,IWA,AZ,AWP,WE,Federal Contract Tower,3,6,10,13,32,0,25,349,10,384,3,31,359,23,416,722,38,760,1176
04/27/2007,IWA,AZ,AWP,WE,Federal Contract Tower,5,10,10,24,49,0,21,342,9,372,5,31,352,33,421,554,19,573,994
04/28/2007,IWA,AZ,AWP,WE,Federal Contract Tower,3,4,12,3,22,0,6,199,5,210,3,10,211,8,232,361,0,361,593
04/29/2007,IWA,AZ,AWP,WE,Federal Contract Tower,0,2,10,4,16,0,14,169,6,189,0,16,179,10,205,286,4,290,495
04/30/2007,IWA,AZ,AWP,WE,Federal Contract Tower,7,4,10,10,31,0,25,272,6,303,7,29,282,16,334,528,24,552,886
05/01/2007,IWA,AZ,AWP,WE,Federal Contract Tower,7,6,13,10,36,0,15,253,12,280,7,21,266,22,316,396,5,401,717
05/02/2007,IWA,AZ,AWP,WE,Federal Contract Tower,6,8,10,6,30,0,22,336,20,378,6,30,346,26,408,582,0,582,990
05/03/2007,IWA,AZ,AWP,WE,Federal Contract Tower,4,10,9,4,27,0,8,288,11,307,4,18,297,15,334,485,10,495,829
05/04/2007,IWA,AZ,AWP,WE,Federal Contract Tower,5,6,4,13,28,0,14,180,19,213,5,20,184,32,241,331,27,358,599
05/05/2007,IWA,AZ,AWP,WE,Federal Contract Tower,1,1,4,19,25,0,14,178,4,196,1,15,182,23,221,236,38,274,495
05/06/2007,IWA,AZ,AWP,WE,Federal Contract Tower,0,2,10,5,17,0,22,203,7,232,0,24,213,12,249,242,2,244,493
05/07/2007,IWA,AZ,AWP,WE,Federal Contract Tower,4,4,5,8,21,0,31,283,5,319,4,35,288,13,340,637,8,645,985
05/08/2007,IWA,AZ,AWP,WE,Federal Contract Tower,6,7,12,4,29,0,23,313,12,348,6,30,325,16,377,523,15,538,915
05/09/2007,IWA,AZ,AWP,WE,Federal Contract Tower,5,6,12,8,31,0,18,315,15,348,5,24,327,23,379,692,17,709,1088
05/10/2007,IWA,AZ,AWP,WE,Federal Contract Tower,6,6,11,11,34,0,30,320,9,359,6,36,331,20,393,659,10,669,1062
05/11/2007,IWA,AZ,AWP,WE,Federal Contract Tower,4,6,10,14,34,0,28,276,2,306,4,34,286,16,340,596,14,610,950
05/12/2007,IWA,AZ,AWP,WE,Federal Contract Tower,2,0,21,0,23,0,28,250,6,284,2,28,271,6,307,317,0,317,624
05/13/2007,IWA,AZ,AWP,WE,Federal Contract Tower,0,4,17,2,23,0,29,174,4,207,0,33,191,6,230,391,0,391,621
05/14/2007,IWA,AZ,AWP,WE,Federal Contract Tower,3,10,5,11,29,1,30,305,3,339,4,40,310,14,368,502,25,527,895
05/15/2007,IWA,AZ,AWP,WE,Federal Contract Tower,5,6,11,5,27,0,20,296,13,329,5,26,307,18,356,734,14,748,1104
05/16/2007,IWA,AZ,AWP,WE,Federal Contract Tower,6,8,9,5,28,0,19,242,3,264,6,27,251,8,292,514,8,522,814
05/17/2007,IWA,AZ,AWP,WE,Federal Contract Tower,4,6,15,2,27,0,18,307,6,331,4,24,322,8,358,520,2,522,880
05/18/2007,IWA,AZ,AWP,WE,Federal Contract Tower,4,8,13,21,46,0,12,248,8,268,4,20,261,29,314,460,31,491,805
05/19/2007,IWA,AZ,AWP,WE,Federal Contract Tower,3,0,7,6,16,0,19,263,6,288,3,19,270,12,304,396,6,402,706
05/20/2007,IWA,AZ,AWP,WE,Federal Contract Tower,0,4,12,12,28,1,15,171,7,194,1,19,183,19,222,352,0,352,574
05/21/2007,IWA,AZ,AWP,WE,Federal Contract Tower,6,4,7,8,25,0,5,194,14,213,6,9,201,22,238,448,47,495,733
05/22/2007,IWA,AZ,AWP,WE,Federal Contract Tower,4,11,9,12,36,0,17,259,15,291,4,28,268,27,327,582,27,609,936
05/23/2007,IWA,AZ,AWP,WE,Federal Contract Tower,5,6,24,12,47,0,17,359,4,380,5,23,383,16,427,545,37,582,1009
05/24/2007,IWA,AZ,AWP,WE,Federal Contract Tower,4,4,14,9,31,0,29,301,12,342,4,33,315,21,373,615,26,641,1014
05/25/2007,IWA,AZ,AWP,WE,Federal Contract Tower,8,4,8,9,29,0,26,268,0,294,8,30,276,9,323,439,0,439,762
05/26/2007,IWA,AZ,AWP,WE,Federal Contract Tower,2,0,8,3,13,0,20,236,1,257,2,20,244,4,270,515,2,517,787
05/27/2007,IWA,AZ,AWP,WE,Federal Contract Tower,0,2,8,3,13,0,23,208,0,231,0,25,216,3,244,427,2,429,673
05/28/2007,IWA,AZ,AWP,WE,Federal Contract Tower,0,0,8,0,8,0,27,159,0,186,0,27,167,0,194,500,0,500,694
05/29/2007,IWA,AZ,AWP,WE,Federal Contract Tower,7,6,9,5,27,0,27,298,13,338,7,33,307,18,365,539,15,554,919
05/30/2007,IWA,AZ,AWP,WE,Federal Contract Tower,5,8,8,11,32,0,20,284,13,317,5,28,292,24,349,605,16,621,970
05/31/2007,IWA,AZ,AWP,WE,Federal Contract Tower,4,6,16,9,35,0,13,282,10,305,4,19,298,19,340,560,24,584,924
06/01/2007,IWA,AZ,AWP,WE,Federal Contract Tower,3,6,11,5,25,0,36,244,4,284,3,42,255,9,309,450,2,452,761
06/02/2007,IWA,AZ,AWP,WE,Federal Contract Tower,4,0,7,1,12,0,17,192,5,214,4,17,199,6,226,330,8,338,564
06/03/2007,IWA,AZ,AWP,WE,Federal Contract Tower,2,2,9,3,16,0,15,166,3,184,2,17,175,6,200,308,8,316,516
06/04/2007,IWA,AZ,AWP,WE,Federal Contract Tower,5,4,12,3,24,0,25,228,2,255,5,29,240,5,279,430,0,430,709
06/05/2007,IWA,AZ,AWP,WE,Federal Contract Tower,8,6,13,4,31,0,27,223,2,252,8,33,236,6,283,377,12,389,672
06/06/2007,IWA,AZ,AWP,WE,Federal Contract Tower,3,6,3,5,17,0,18,117,15,150,3,24,120,20,167,110,6,116,283
06/07/2007,IWA,AZ,AWP,WE,Federal Contract Tower,5,9,15,19,48,0,24,337,15,376,5,33,352,34,424,622,12,634,1058
06/08/2007,IWA,AZ,AWP,WE,Federal Contract Tower,4,11,18,10,43,0,35,266,19,320,4,46,284,29,363,564,16,580,943
06/09/2007,IWA,AZ,AWP,WE,Federal Contract Tower,2,0,18,6,26,0,41,227,0,268,2,41,245,6,294,372,39,411,705
06/10/2007,IWA,AZ,AWP,WE,Federal Contract Tower,0,4,11,11,26,0,12,198,5,215,0,16,209,16,241,419,2,421,662
06/11/2007,IWA,AZ,AWP,WE,Federal Contract Tower,3,4,13,4,24,0,4,212,9,225,3,8,225,13,249,343,4,347,596
06/12/2007,IWA,AZ,AWP,WE,Federal Contract Tower,2,6,19,14,41,0,30,323,17,370,2,36,342,31,411,645,11,656,1067
06/13/2007,IWA,AZ,AWP,WE,Federal Contract Tower,5,6,9,7,27,0,14,269,13,296,5,20,278,20,323,546,0,546,869
06/14/2007,IWA,AZ,AWP,WE,Federal Contract Tower,4,7,14,6,31,0,17,240,12,269,4,24,254,18,300,411,10,421,721
06/15/2007,IWA,AZ,AWP,WE,Federal Contract Tower,4,4,13,5,26,0,25,220,15,260,4,29,233,20,286,334,8,342,628
06/16/2007,IWA,AZ,AWP,WE,Federal Contract Tower,4,0,7,5,16,0,10,203,7,220,4,10,210,12,236,345,10,355,591
06/17/2007,IWA,AZ,AWP,WE,Federal Contract Tower,2,2,14,3,21,0,31,149,3,183,2,33,163,6,204,344,0,344,548
06/18/2007,IWA,AZ,AWP,WE,Federal Contract Tower,4,8,13,3,28,0,25,275,9,309,4,33,288,12,337,580,4,584,921
06/19/2007,IWA,AZ,AWP,WE,Federal Contract Tower,6,10,17,5,38,0,21,292,15,328,6,31,309,20,366,578,8,586,952
06/20/2007,IWA,AZ,AWP,WE,Federal Contract Tower,7,6,18,4,35,0,31,248,8,287,7,37,266,12,322,549,0,549,871
06/21/2007,IWA,AZ,AWP,WE,Federal Contract Tower,6,13,13,7,39,0,7,220,3,230,6,20,233,10,269,488,4,492,761
06/22/2007,IWA,AZ,AWP,WE,Federal Contract Tower,6,7,18,3,34,0,16,211,8,235,6,23,229,11,269,471,2,473,742
06/23/2007,IWA,AZ,AWP,WE,Federal Contract Tower,4,0,12,4,20,0,32,203,7,242,4,32,215,11,262,402,0,402,664
06/24/2007,IWA,AZ,AWP,WE,Federal Contract Tower,2,2,13,4,21,0,20,200,4,224,2,22,213,8,245,312,6,318,563
06/25/2007,IWA,AZ,AWP,WE,Federal Contract Tower,5,2,16,5,28,0,21,211,7,239,5,23,227,12,267,466,11,477,744
06/26/2007,IWA,AZ,AWP,WE,Federal Contract Tower,5,3,16,11,35,0,19,237,5,261,5,22,253,16,296,378,18,396,692
06/27/2007,IWA,AZ,AWP,WE,Federal Contract Tower,5,3,15,7,30,0,18,288,6,312,5,21,303,13,342,458,2,460,802
06/28/2007,IWA,AZ,AWP,WE,Federal Contract Tower,5,0,18,6,29,0,22,225,15,262,5,22,243,21,291,394,15,409,700
06/29/2007,IWA,AZ,AWP,WE,Federal Contract Tower,7,4,19,4,34,0,10,213,16,239,7,14,232,20,273,430,46,476,749
06/30/2007,IWA,AZ,AWP,WE,Federal Contract Tower,4,1,18,3,26,0,22,200,22,244,4,23,218,25,270,299,0,299,569
07/01/2007,IWA,AZ,AWP,WE,Federal Contract Tower,0,2,17,0,19,0,22,146,14,182,0,24,163,14,201,316,4,320,521
07/02/2007,IWA,AZ,AWP,WE,Federal Contract Tower,4,1,19,5,29,0,13,210,2,225,4,14,229,7,254,370,0,370,624
07/03/2007,IWA,AZ,AWP,WE,Federal Contract Tower,5,0,16,9,30,0,20,216,7,243,5,20,232,16,273,392,33,425,698
07/04/2007,IWA,AZ,AWP,WE,Federal Contract Tower,0,0,9,0,9,0,12,111,0,123,0,12,120,0,132,306,0,306,438
07/05/2007,IWA,AZ,AWP,WE,Federal Contract Tower,4,0,12,0,16,0,20,154,4,178,4,20,166,4,194,257,0,257,451
07/06/2007,IWA,AZ,AWP,WE,Federal Contract Tower,6,2,16,5,29,1,16,164,5,186,7,18,180,10,215,218,15,233,448
07/07/2007,IWA,AZ,AWP,WE,Federal Contract Tower,2,0,17,1,20,0,14,192,3,209,2,14,209,4,229,294,0,294,523
07/08/2007,IWA,AZ,AWP,WE,Federal Contract Tower,0,3,16,2,21,0,17,152,5,174,0,20,168,7,195,235,0,235,430
07/09/2007,IWA,AZ,AWP,WE,Federal Contract Tower,4,7,10,11,32,0,8,236,13,257,4,15,246,24,289,410,40,450,739
07/10/2007,IWA,AZ,AWP,WE,Federal Contract Tower,5,11,13,3,32,0,7,257,12,276,5,18,270,15,308,435,6,441,749
07/11/2007,IWA,AZ,AWP,WE,Federal Contract Tower,4,6,10,11,31,0,15,237,9,261,4,21,247,20,292,462,27,489,781
07/12/2007,IWA,AZ,AWP,WE,Federal Contract Tower,7,6,15,8,36,0,14,241,12,267,7,20,256,20,303,408,17,425,728
07/13/2007,IWA,AZ,AWP,WE,Federal Contract Tower,7,6,13,18,44,0,29,250,38,317,7,35,263,56,361,373,41,414,775
07/14/2007,IWA,AZ,AWP,WE,Federal Contract Tower,2,0,16,4,22,0,26,193,29,248,2,26,209,33,270,306,0,306,576
07/15/2007,IWA,AZ,AWP,WE,Federal Contract Tower,0,2,19,2,23,0,9,127,4,140,0,11,146,6,163,383,0,383,546
07/16/2007,IWA,AZ,AWP,WE,Federal Contract Tower,5,4,23,7,39,0,32,211,6,249,5,36,234,13,288,433,7,440,728
07/17/2007,IWA,AZ,AWP,WE,Federal Contract Tower,5,5,14,14,38,0,10,202,13,225,5,15,216,27,263,470,8,478,741
07/18/2007,IWA,AZ,AWP,WE,Federal Contract Tower,5,6,23,6,40,0,21,200,3,224,5,27,223,9,264,313,12,325,589
07/19/2007,IWA,AZ,AWP,WE,Federal Contract Tower,10,7,22,6,45,0,24,235,13,272,10,31,257,19,317,406,10,416,733
07/20/2007,IWA,AZ,AWP,WE,Federal Contract Tower,3,8,18,9,38,0,19,227,8,254,3,27,245,17,292,350,16,366,658
07/21/2007,IWA,AZ,AWP,WE,Federal Contract Tower,2,1,9,8,20,0,12,171,15,198,2,13,180,23,218,346,1,347,565
07/22/2007,IWA,AZ,AWP,WE,Federal Contract Tower,0,3,10,14,27,0,8,153,9,170,0,11,163,23,197,416,4,420,617
07/23/2007,IWA,AZ,AWP,WE,Federal Contract Tower,3,5,10,3,21,0,15,181,2,198,3,20,191,5,219,516,5,521,740
07/24/2007,IWA,AZ,AWP,WE,Federal Contract Tower,8,6,14,2,30,0,14,197,8,219,8,20,211,10,249,551,0,551,800
07/25/2007,IWA,AZ,AWP,WE,Federal Contract Tower,5,6,20,4,35,0,15,205,5,225,5,21,225,9,260,498,3,501,761
07/26/2007,IWA,AZ,AWP,WE,Federal Contract Tower,7,6,11,6,30,0,11,264,5,280,7,17,275,11,310,552,12,564,874
07/27/2007,IWA,AZ,AWP,WE,Federal Contract Tower,4,6,15,8,33,0,15,251,10,276,4,21,266,18,309,431,18,449,758
07/28/2007,IWA,AZ,AWP,WE,Federal Contract Tower,1,2,11,2,16,0,25,199,12,236,1,27,210,14,252,461,0,461,713
07/29/2007,IWA,AZ,AWP,WE,Federal Contract Tower,1,2,12,4,19,0,11,181,7,199,1,13,193,11,218,456,2,458,676
07/30/2007,IWA,AZ,AWP,WE,Federal Contract Tower,8,4,6,4,22,0,11,236,12,259,8,15,242,16,281,395,27,422,703
07/31/2007,IWA,AZ,AWP,WE,Federal Contract Tower,5,8,7,7,27,0,5,253,12,270,5,13,260,19,297,486,28,514,811
08/01/2007,IWA,AZ,AWP,WE,Federal Contract Tower,4,7,6,8,25,0,25,226,12,263,4,32,232,20,288,377,12,389,677
08/02/2007,IWA,AZ,AWP,WE,Federal Contract Tower,3,6,11,5,25,0,12,225,18,255,3,18,236,23,280,532,8,540,820
08/03/2007,IWA,AZ,AWP,WE,Federal Contract Tower,6,6,11,14,37,0,19,234,13,266,6,25,245,27,303,444,27,471,774
08/04/2007,IWA,AZ,AWP,WE,Federal Contract Tower,3,0,10,9,22,0,16,194,8,218,3,16,204,17,240,351,12,363,603
08/05/2007,IWA,AZ,AWP,WE,Federal Contract Tower,2,2,8,4,16,0,21,158,2,181,2,23,166,6,197,422,0,422,619
08/06/2007,IWA,AZ,AWP,WE,Federal Contract Tower,6,4,16,0,26,0,13,216,3,232,6,17,232,3,258,471,0,471,729
08/07/2007,IWA,AZ,AWP,WE,Federal Contract Tower,12,8,14,2,36,0,3,229,18,250,12,11,243,20,286,563,32,595,881
08/08/2007,IWA,AZ,AWP,WE,Federal Contract Tower,8,6,11,2,27,0,17,260,10,287,8,23,271,12,314,533,8,541,855
08/09/2007,IWA,AZ,AWP,WE,Federal Contract Tower,1,8,10,4,23,0,20,264,10,294,1,28,274,14,317,317,6,323,640
08/10/2007,IWA,AZ,AWP,WE,Federal Contract Tower,6,7,6,10,29,0,13,230,19,262,6,20,236,29,291,406,45,451,742
08/11/2007,IWA,AZ,AWP,WE,Federal Contract Tower,5,0,9,1,15,0,10,201,12,223,5,10,210,13,238,451,0,451,689
08/12/2007,IWA,AZ,AWP,WE,Federal Contract Tower,2,2,7,9,20,0,10,134,6,150,2,12,141,15,170,418,2,420,590
08/13/2007,IWA,AZ,AWP,WE,Federal Contract Tower,7,6,18,2,33,0,17,203,8,228,7,23,221,10,261,288,0,288,549
08/14/2007,IWA,AZ,AWP,WE,Federal Contract Tower,7,8,16,3,34,0,14,225,6,245,7,22,241,9,279,387,17,404,683
08/15/2007,IWA,AZ,AWP,WE,Federal Contract Tower,11,6,17,2,36,0,27,270,8,305,11,33,287,10,341,427,4,431,772
08/16/2007,IWA,AZ,AWP,WE,Federal Contract Tower,14,7,11,4,36,0,12,197,16,225,14,19,208,20,261,450,20,470,731
08/17/2007,IWA,AZ,AWP,WE,Federal Contract Tower,8,6,9,9,32,3,20,238,7,268,11,26,247,16,300,443,12,455,755
08/18/2007,IWA,AZ,AWP,WE,Federal Contract Tower,0,0,17,2,19,0,21,137,2,160,0,21,154,4,179,340,0,340,519
08/19/2007,IWA,AZ,AWP,WE,Federal Contract Tower,4,2,10,3,19,0,26,122,0,148,4,28,132,3,167,288,0,288,455
08/20/2007,IWA,AZ,AWP,WE,Federal Contract Tower,5,4,17,4,30,0,16,179,3,198,5,20,196,7,228,370,6,376,604
08/21/2007,IWA,AZ,AWP,WE,Federal Contract Tower,5,8,17,3,33,0,16,236,9,261,5,24,253,12,294,547,4,551,845
08/22/2007,IWA,AZ,AWP,WE,Federal Contract Tower,3,7,7,0,17,0,24,214,13,251,3,31,221,13,268,415,0,415,683
08/23/2007,IWA,AZ,AWP,WE,Federal Contract Tower,11,9,24,8,52,0,21,195,19,235,11,30,219,27,287,354,15,369,656
08/24/2007,IWA,AZ,AWP,WE,Federal Contract Tower,8,7,10,1,26,0,11,162,13,186,8,18,172,14,212,331,17,348,560
08/25/2007,IWA,AZ,AWP,WE,Federal Contract Tower,5,2,5,4,16,0,8,135,1,144,5,10,140,5,160,384,3,387,547
08/26/2007,IWA,AZ,AWP,WE,Federal Contract Tower,0,3,6,4,13,0,13,175,7,195,0,16,181,11,208,359,0,359,567
08/27/2007,IWA,AZ,AWP,WE,Federal Contract Tower,7,5,6,2,20,0,18,218,0,236,7,23,224,2,256,502,0,502,758
08/28/2007,IWA,AZ,AWP,WE,Federal Contract Tower,6,8,7,2,23,0,18,281,10,309,6,26,288,12,332,489,12,501,833
08/29/2007,IWA,AZ,AWP,WE,Federal Contract Tower,8,7,7,4,26,0,23,192,12,227,8,30,199,16,253,323,6,329,582
08/30/2007,IWA,AZ,AWP,WE,Federal Contract Tower,8,8,5,2,23,0,30,291,11,332,8,38,296,13,355,494,2,496,851
08/31/2007,IWA,AZ,AWP,WE,Federal Contract Tower,7,5,3,3,18,0,30,195,1,226,7,35,198,4,244,286,14,300,544
09/01/2007,IWA,AZ,AWP,WE,Federal Contract Tower,0,3,10,0,13,0,17,206,4,227,0,20,216,4,240,322,0,322,562
09/02/2007,IWA,AZ,AWP,WE,Federal Contract Tower,0,3,10,2,15,0,4,138,0,142,0,7,148,2,157,252,0,252,409
09/03/2007,IWA,AZ,AWP,WE,Federal Contract Tower,1,0,9,0,10,0,9,131,1,141,1,9,140,1,151,319,1,320,471
09/04/2007,IWA,AZ,AWP,WE,Federal Contract Tower,9,7,11,2,29,0,27,195,8,230,9,34,206,10,259,604,12,616,875
09/05/2007,IWA,AZ,AWP,WE,Federal Contract Tower,5,7,5,2,19,0,32,235,7,274,5,39,240,9,293,400,4,404,697
09/06/2007,IWA,AZ,AWP,WE,Federal Contract Tower,9,10,10,1,30,0,16,215,15,246,9,26,225,16,276,438,0,438,714
09/07/2007,IWA,AZ,AWP,WE,Federal Contract Tower,9,7,10,6,32,0,18,291,0,309,9,25,301,6,341,595,4,599,940
09/08/2007,IWA,AZ,AWP,WE,Federal Contract Tower,0,0,6,6,12,0,40,179,10,229,0,40,185,16,241,484,7,491,732
09/09/2007,IWA,AZ,AWP,WE,Federal Contract Tower,0,2,8,6,16,0,27,154,1,182,0,29,162,7,198,432,0,432,630
09/10/2007,IWA,AZ,AWP,WE,Federal Contract Tower,6,6,7,0,19,0,16,239,6,261,6,22,246,6,280,533,8,541,821
09/11/2007,IWA,AZ,AWP,WE,Federal Contract Tower,6,6,10,2,24,0,22,220,24,266,6,28,230,26,290,479,18,497,787
09/12/2007,IWA,AZ,AWP,WE,Federal Contract Tower,6,11,15,3,35,0,24,254,21,299,6,35,269,24,334,403,21,424,758
09/13/2007,IWA,AZ,AWP,WE,Federal Contract Tower,4,7,17,7,35,0,14,228,12,254,4,21,245,19,289,486,12,498,787
09/14/2007,IWA,AZ,AWP,WE,Federal Contract Tower,8,7,10,7,32,0,19,276,8,303,8,26,286,15,335,621,12,633,968
09/15/2007,IWA,AZ,AWP,WE,Federal Contract Tower,2,0,10,1,13,0,33,188,14,235,2,33,198,15,248,572,2,574,822
09/16/2007,IWA,AZ,AWP,WE,Federal Contract Tower,0,2,8,5,15,0,18,192,10,220,0,20,200,15,235,397,0,397,632
09/17/2007,IWA,AZ,AWP,WE,Federal Contract Tower,3,4,9,5,21,0,11,305,10,326,3,15,314,15,347,512,43,555,902
09/18/2007,IWA,AZ,AWP,WE,Federal Contract Tower,5,8,3,4,20,0,26,318,7,351,5,34,321,11,371,700,2,702,1073
09/19/2007,IWA,AZ,AWP,WE,Federal Contract Tower,8,10,9,3,30,0,13,250,16,279,8,23,259,19,309,494,2,496,805
09/20/2007,IWA,AZ,AWP,WE,Federal Contract Tower,11,4,12,6,33,0,13,227,6,246,11,17,239,12,279,533,19,552,831
09/21/2007,IWA,AZ,AWP,WE,Federal Contract Tower,6,6,18,4,34,0,12,267,4,283,6,18,285,8,317,808,0,808,1125
09/22/2007,IWA,AZ,AWP,WE,Federal Contract Tower,3,0,7,5,15,0,32,166,0,198,3,32,173,5,213,337,20,357,570
09/23/2007,IWA,AZ,AWP,WE,Federal Contract Tower,0,2,13,11,26,0,7,195,4,206,0,9,208,15,232,442,13,455,687
09/24/2007,IWA,AZ,AWP,WE,Federal Contract Tower,7,4,32,5,48,0,30,295,3,328,7,34,327,8,376,754,6,760,1136
09/25/2007,IWA,AZ,AWP,WE,Federal Contract Tower,5,6,15,2,28,0,18,272,11,301,5,24,287,13,329,597,16,613,942
09/26/2007,IWA,AZ,AWP,WE,Federal Contract Tower,7,6,18,0,31,0,23,305,13,341,7,29,323,13,372,653,2,655,1027
09/27/2007,IWA,AZ,AWP,WE,Federal Contract Tower,7,6,26,3,42,0,14,284,12,310,7,20,310,15,352,531,0,531,883
09/28/2007,IWA,AZ,AWP,WE,Federal Contract Tower,7,6,22,2,37,0,27,279,3,309,7,33,301,5,346,682,0,682,1028
09/29/2007,IWA,AZ,AWP,WE,Federal Contract Tower,1,0,9,13,23,0,6,295,2,303,1,6,304,15,326,422,0,422,748
09/30/2007,IWA,AZ,AWP,WE,Federal Contract Tower,1,2,17,0,20,0,28,167,4,199,1,30,184,4,219,397,0,397,616
10/01/2007,IWA,AZ,AWP,WE,Federal Contract Tower,3,6,9,3,21,0,19,316,1,336,3,25,325,4,357,796,18,814,1171
10/02/2007,IWA,AZ,AWP,WE,Federal Contract Tower,8,7,13,2,30,0,13,231,14,258,8,20,244,16,288,538,2,540,828
10/03/2007,IWA,AZ,AWP,WE,Federal Contract Tower,5,10,10,9,34,0,14,260,19,293,5,24,270,28,327,594,74,668,995
10/04/2007,IWA,AZ,AWP,WE,Federal Contract Tower,5,11,21,6,43,0,25,256,13,294,5,36,277,19,337,437,6,443,780
10/05/2007,IWA,AZ,AWP,WE,Federal Contract Tower,5,4,11,12,32,0,16,158,25,199,5,20,169,37,231,270,9,279,510
10/06/2007,IWA,AZ,AWP,WE,Federal Contract Tower,0,1,11,7,19,0,12,295,13,320,0,13,306,20,339,539,0,539,878
10/07/2007,IWA,AZ,AWP,WE,Federal Contract Tower,0,0,12,0,12,0,18,236,0,254,0,18,248,0,266,461,0,461,727
10/08/2007,IWA,AZ,AWP,WE,Federal Contract Tower,1,8,14,0,23,0,33,301,1,335,1,41,315,1,358,903,0,903,1261
10/09/2007,IWA,AZ,AWP,WE,Federal Contract Tower,5,6,20,3,34,0,12,275,14,301,5,18,295,17,335,509,18,527,862
10/10/2007,IWA,AZ,AWP,WE,Federal Contract Tower,7,6,20,7,40,0,28,277,29,334,7,34,297,36,374,638,22,660,1034
10/11/2007,IWA,AZ,AWP,WE,Federal Contract Tower,6,6,18,2,32,0,15,314,18,347,6,21,332,20,379,684,8,692,1071
10/12/2007,IWA,AZ,AWP,WE,Federal Contract Tower,11,6,14,12,43,0,29,305,7,341,11,35,319,19,384,670,7,677,1061
10/13/2007,IWA,AZ,AWP,WE,Federal Contract Tower,3,0,8,13,24,0,19,254,3,276,3,19,262,16,300,450,16,466,766
10/14/2007,IWA,AZ,AWP,WE,Federal Contract Tower,0,2,14,18,34,0,7,128,5,140,0,9,142,23,174,295,1,296,470
10/15/2007,IWA,AZ,AWP,WE,Federal Contract Tower,7,4,11,16,38,0,14,299,8,321,7,18,310,24,359,617,26,643,1002
10/16/2007,IWA,AZ,AWP,WE,Federal Contract Tower,8,8,9,8,33,0,14,224,7,245,8,22,233,15,278,454,15,469,747
10/17/2007,IWA,AZ,AWP,WE,Federal Contract Tower,7,8,13,4,32,0,24,309,3,336,7,32,322,7,368,624,17,641,1009
10/18/2007,IWA,AZ,AWP,WE,Federal Contract Tower,5,8,13,15,41,0,15,299,2,316,5,23,312,17,357,722,6,728,1085
10/19/2007,IWA,AZ,AWP,WE,Federal Contract Tower,6,8,12,7,33,0,22,312,8,342,6,30,324,15,375,773,26,799,1174
10/20/2007,IWA,AZ,AWP,WE,Federal Contract Tower,3,0,8,3,14,0,31,266,0,297,3,31,274,3,311,745,0,745,1056
10/21/2007,IWA,AZ,AWP,WE,Federal Contract Tower,0,2,3,7,12,0,22,93,0,115,0,24,96,7,127,36,0,36,163
10/22/2007,IWA,AZ,AWP,WE,Federal Contract Tower,5,4,4,2,15,0,17,254,0,271,5,21,258,2,286,529,0,529,815
10/23/2007,IWA,AZ,AWP,WE,Federal Contract Tower,6,6,13,7,32,0,26,296,14,336,6,32,309,21,368,778,2,780,1148
10/24/2007,IWA,AZ,AWP,WE,Federal Contract Tower,5,6,12,7,30,0,19,221,2,242,5,25,233,9,272,307,0,307,579
10/25/2007,IWA,AZ,AWP,WE,Federal Contract Tower,10,10,12,3,35,0,22,375,16,413,10,32,387,19,448,632,20,652,1100
10/26/2007,IWA,AZ,AWP,WE,Federal Contract Tower,14,7,8,7,36,0,16,390,13,419,14,23,398,20,455,726,23,749,1204
10/27/2007,IWA,AZ,AWP,WE,Federal Contract Tower,7,2,8,2,19,0,13,318,2,333,7,15,326,4,352,765,0,765,1117
10/28/2007,IWA,AZ,AWP,WE,Federal Contract Tower,5,4,9,2,20,0,15,188,2,205,5,19,197,4,225,518,0,518,743
10/29/2007,IWA,AZ,AWP,WE,Federal Contract Tower,8,5,8,3,24,0,12,279,7,298,8,17,287,10,322,789,10,799,1121
10/30/2007,IWA,AZ,AWP,WE,Federal Contract Tower,3,8,13,4,28,0,17,366,16,399,3,25,379,20,427,722,18,740,1167
10/31/2007,IWA,AZ,AWP,WE,Federal Contract Tower,12,6,5,6,29,0,21,374,13,408,12,27,379,19,437,879,48,927,1364
11/01/2007,IWA,AZ,AWP,WE,Federal Contract Tower,8,7,16,1,32,0,19,367,8,394,8,26,383,9,426,825,0,825,1251
11/02/2007,IWA,AZ,AWP,WE,Federal Contract Tower,11,7,18,5,41,0,31,321,5,357,11,38,339,10,398,734,16,750,1148
11/03/2007,IWA,AZ,AWP,WE,Federal Contract Tower,6,1,10,1,18,0,32,367,18,417,6,33,377,19,435,655,2,657,1092
11/04/2007,IWA,AZ,AWP,WE,Federal Contract Tower,3,3,13,5,24,0,37,197,7,241,3,40,210,12,265,534,0,534,799
11/05/2007,IWA,AZ,AWP,WE,Federal Contract Tower,11,4,9,2,26,2,14,271,1,288,13,18,280,3,314,919,0,919,1233
11/06/2007,IWA,AZ,AWP,WE,Federal Contract Tower,5,8,6,5,24,0,30,311,12,353,5,38,317,17,377,722,24,746,1123
11/07/2007,IWA,AZ,AWP,WE,Federal Contract Tower,5,5,12,9,31,0,11,355,0,366,5,16,367,9,397,932,10,942,1339
11/08/2007,IWA,AZ,AWP,WE,Federal Contract Tower,8,9,15,2,34,0,16,260,4,280,8,25,275,6,314,694,0,694,1008
11/09/2007,IWA,AZ,AWP,WE,Federal Contract Tower,9,9,20,7,45,0,19,236,1,256,9,28,256,8,301,712,14,726,1027
11/10/2007,IWA,AZ,AWP,WE,Federal Contract Tower,7,0,16,0,23,2,21,226,0,249,9,21,242,0,272,817,1,818,1090
11/11/2007,IWA,AZ,AWP,WE,Federal Contract Tower,5,0,19,0,24,0,12,147,1,160,5,12,166,1,184,570,0,570,754
11/12/2007,IWA,AZ,AWP,WE,Federal Contract Tower,8,6,16,11,41,0,13,211,2,226,8,19,227,13,267,744,22,766,1033
11/13/2007,IWA,AZ,AWP,WE,Federal Contract Tower,5,6,12,2,25,0,26,287,0,313,5,32,299,2,338,744,0,744,1082
11/14/2007,IWA,AZ,AWP,WE,Federal Contract Tower,9,7,15,2,33,0,21,296,0,317,9,28,311,2,350,873,4,877,1227
11/15/2007,IWA,AZ,AWP,WE,Federal Contract Tower,11,15,24,2,52,0,5,109,2,116,11,20,133,4,168,467,0,467,635
11/16/2007,IWA,AZ,AWP,WE,Federal Contract Tower,13,6,18,16,53,0,21,271,2,294,13,27,289,18,347,733,17,750,1097
11/17/2007,IWA,AZ,AWP,WE,Federal Contract Tower,10,1,17,6,34,0,14,259,8,281,10,15,276,14,315,829,0,829,1144
11/18/2007,IWA,AZ,AWP,WE,Federal Contract Tower,6,2,14,7,29,0,15,221,9,245,6,17,235,16,274,488,4,492,766
11/19/2007,IWA,AZ,AWP,WE,Federal Contract Tower,15,0,11,3,29,0,14,261,1,276,15,14,272,4,305,797,4,801,1106
11/20/2007,IWA,AZ,AWP,WE,Federal Contract Tower,5,0,6,2,13,0,19,269,7,295,5,19,275,9,308,801,18,819,1127
11/21/2007,IWA,AZ,AWP,WE,Federal Contract Tower,13,2,8,1,24,0,17,201,1,219,13,19,209,2,243,680,12,692,935
11/22/2007,IWA,AZ,AWP,WE,Federal Contract Tower,6,1,6,0,13,0,19,37,0,56,6,20,43,0,69,25,0,25,94
11/23/2007,IWA,AZ,AWP,WE,Federal Contract Tower,14,2,8,0,24,0,18,165,0,183,14,20,173,0,207,511,0,511,718
11/24/2007,IWA,AZ,AWP,WE,Federal Contract Tower,11,0,3,0,14,0,9,92,0,101,11,9,95,0,115,245,0,245,360
11/25/2007,IWA,AZ,AWP,WE,Federal Contract Tower,6,3,21,0,30,0,5,175,0,180,6,8,196,0,210,480,0,480,690
11/26/2007,IWA,AZ,AWP,WE,Federal Contract Tower,14,4,11,2,31,0,12,219,3,234,14,16,230,5,265,833,17,850,1115
11/27/2007,IWA,AZ,AWP,WE,Federal Contract Tower,7,9,6,2,24,0,12,269,3,284,7,21,275,5,308,732,2,734,1042
11/28/2007,IWA,AZ,AWP,WE,Federal Contract Tower,11,6,14,9,40,0,12,260,0,272,11,18,274,9,312,827,4,831,1143
11/29/2007,IWA,AZ,AWP,WE,Federal Contract Tower,11,7,14,2,34,0,24,196,4,224,11,31,210,6,258,651,18,669,927
11/30/2007,IWA,AZ,AWP,WE,Federal Contract Tower,16,11,33,5,65,0,11,57,0,68,16,22,90,5,133,339,0,339,472
12/01/2007,IWA,AZ,AWP,WE,Federal Contract Tower,10,3,12,1,26,0,6,19,1,26,10,9,31,2,52,30,0,30,82
12/02/2007,IWA,AZ,AWP,WE,Federal Contract Tower,9,3,13,6,31,0,18,190,8,216,9,21,203,14,247,519,10,529,776
12/03/2007,IWA,AZ,AWP,WE,Federal Contract Tower,11,4,11,2,28,1,20,310,0,331,12,24,321,2,359,654,0,654,1013
12/04/2007,IWA,AZ,AWP,WE,Federal Contract Tower,4,13,19,7,43,0,7,235,6,248,4,20,254,13,291,796,102,898,1189
12/05/2007,IWA,AZ,AWP,WE,Federal Contract Tower,10,7,12,2,31,0,11,322,3,336,10,18,334,5,367,882,12,894,1261
12/06/2007,IWA,AZ,AWP,WE,Federal Contract Tower,11,6,12,0,29,0,19,254,3,276,11,25,266,3,305,687,0,687,992
12/07/2007,IWA,AZ,AWP,WE,Federal Contract Tower,13,15,8,6,42,0,5,77,0,82,13,20,85,6,124,183,0,183,307
12/08/2007,IWA,AZ,AWP,WE,Federal Contract Tower,9,7,4,7,27,0,9,140,0,149,9,16,144,7,176,543,17,560,736
12/09/2007,IWA,AZ,AWP,WE,Federal Contract Tower,7,7,13,3,30,0,16,162,0,178,7,23,175,3,208,553,0,553,761
12/10/2007,IWA,AZ,AWP,WE,Federal Contract Tower,11,12,27,2,52,0,3,58,0,61,11,15,85,2,113,306,2,308,421
12/11/2007,IWA,AZ,AWP,WE,Federal Contract Tower,6,7,16,4,33,0,14,105,2,121,6,21,121,6,154,471,2,473,627
12/12/2007,IWA,AZ,AWP,WE,Federal Contract Tower,11,8,26,6,51,0,9,123,0,132,11,17,149,6,183,391,1,392,575
12/13/2007,IWA,AZ,AWP,WE,Federal Contract Tower,11,7,15,2,35,0,18,307,3,328,11,25,322,5,363,700,3,703,1066
12/14/2007,IWA,AZ,AWP,WE,Federal Contract Tower,14,7,9,15,45,0,20,278,0,298,14,27,287,15,343,607,8,615,958
12/15/2007,IWA,AZ,AWP,WE,Federal Contract Tower,10,0,17,3,30,0,18,237,0,255,10,18,254,3,285,575,5,580,865
12/16/2007,IWA,AZ,AWP,WE,Federal Contract Tower,7,3,20,2,32,0,7,147,0,154,7,10,167,2,186,554,0,554,740
12/17/2007,IWA,AZ,AWP,WE,Federal Contract Tower,14,1,15,1,31,0,29,264,2,295,14,30,279,3,326,616,0,616,942
12/18/2007,IWA,AZ,AWP,WE,Federal Contract Tower,5,0,20,4,29,0,18,209,4,231,5,18,229,8,260,593,6,599,859
12/19/2007,IWA,AZ,AWP,WE,Federal Contract Tower,11,6,24,6,47,0,17,213,5,235,11,23,237,11,282,683,0,683,965
12/20/2007,IWA,AZ,AWP,WE,Federal Contract Tower,13,5,15,5,38,0,13,237,10,260,13,18,252,15,298,567,6,573,871
12/21/2007,IWA,AZ,AWP,WE,Federal Contract Tower,12,3,12,10,37,0,12,121,5,138,12,15,133,15,175,249,5,254,429
12/22/2007,IWA,AZ,AWP,WE,Federal Contract Tower,14,3,6,0,23,0,9,143,5,157,14,12,149,5,180,445,0,445,625
12/23/2007,IWA,AZ,AWP,WE,Federal Contract Tower,8,3,6,0,17,0,7,100,0,107,8,10,106,0,124,341,0,341,465
12/24/2007,IWA,AZ,AWP,WE,Federal Contract Tower,9,0,1,0,10,0,2,79,0,81,9,2,80,0,91,329,0,329,420
12/25/2007,IWA,AZ,AWP,WE,Federal Contract Tower,1,0,0,0,1,0,12,12,0,24,1,12,12,0,25,4,0,4,29
12/26/2007,IWA,AZ,AWP,WE,Federal Contract Tower,9,2,4,1,16,0,15,115,3,133,9,17,119,4,149,421,24,445,594
12/27/2007,IWA,AZ,AWP,WE,Federal Contract Tower,16,0,14,8,38,0,15,120,6,141,16,15,134,14,179,473,8,481,660
12/28/2007,IWA,AZ,AWP,WE,Federal Contract Tower,14,0,18,6,38,0,17,182,9,208,14,17,200,15,246,525,16,541,787
12/29/2007,IWA,AZ,AWP,WE,Federal Contract Tower,10,0,18,0,28,0,22,190,1,213,10,22,208,1,241,514,0,514,755
12/30/2007,IWA,AZ,AWP,WE,Federal Contract Tower,8,0,8,0,16,0,18,142,0,160,8,18,150,0,176,378,0,378,554
12/31/2007,IWA,AZ,AWP,WE,Federal Contract Tower,10,0,13,0,23,0,15,125,0,140,10,15,138,0,163,530,0,530,693
01/01/2008,IWA,AZ,AWP,WE,Federal Contract Tower,0,2,5,0,7,0,13,26,0,39,0,15,31,0,46,21,0,21,67
01/02/2008,IWA,AZ,AWP,WE,Federal Contract Tower,11,0,13,0,24,0,14,107,0,121,11,14,120,0,145,367,0,367,512
01/03/2008,IWA,AZ,AWP,WE,Federal Contract Tower,10,1,15,8,34,0,12,222,2,236,10,13,237,10,270,486,14,500,770
01/04/2008,IWA,AZ,AWP,WE,Federal Contract Tower,15,0,18,4,37,0,23,194,1,218,15,23,212,5,255,491,10,501,756
01/05/2008,IWA,AZ,AWP,WE,Federal Contract Tower,8,2,8,8,26,0,10,162,1,173,8,12,170,9,199,577,0,577,776
01/06/2008,IWA,AZ,AWP,WE,Federal Contract Tower,6,2,16,4,28,0,13,45,6,64,6,15,61,10,92,336,0,336,428
01/07/2008,IWA,AZ,AWP,WE,Federal Contract Tower,12,5,6,3,26,0,5,19,0,24,12,10,25,3,50,266,0,266,316
01/08/2008,IWA,AZ,AWP,WE,Federal Contract Tower,7,8,12,1,28,0,10,220,2,232,7,18,232,3,260,632,9,641,901
01/09/2008,IWA,AZ,AWP,WE,Federal Contract Tower,12,6,14,9,41,0,10,226,3,239,12,16,240,12,280,809,62,871,1151
01/10/2008,IWA,AZ,AWP,WE,Federal Contract Tower,15,6,12,1,34,0,15,202,7,224,15,21,214,8,258,780,41,821,1079
01/11/2008,IWA,AZ,AWP,WE,Federal Contract Tower,12,4,18,26,60,0,21,227,22,270,12,25,245,48,330,642,33,675,1005
01/12/2008,IWA,AZ,AWP,WE,Federal Contract Tower,8,0,10,8,26,0,13,179,8,200,8,13,189,16,226,548,7,555,781
01/13/2008,IWA,AZ,AWP,WE,Federal Contract Tower,8,0,14,6,28,0,16,148,4,168,8,16,162,10,196,411,0,411,607
01/14/2008,IWA,AZ,AWP,WE,Federal Contract Tower,14,4,13,1,32,0,25,194,4,223,14,29,207,5,255,376,0,376,631
01/15/2008,IWA,AZ,AWP,WE,Federal Contract Tower,4,6,13,7,30,0,29,195,2,226,4,35,208,9,256,675,20,695,951
01/16/2008,IWA,AZ,AWP,WE,Federal Contract Tower,12,8,16,7,43,0,8,270,0,278,12,16,286,7,321,541,6,547,868
01/17/2008,IWA,AZ,AWP,WE,Federal Contract Tower,11,8,17,0,36,0,22,246,4,272,11,30,263,4,308,379,0,379,687
01/18/2008,IWA,AZ,AWP,WE,Federal Contract Tower,16,4,19,5,44,0,8,234,12,254,16,12,253,17,298,533,6,539,837
01/19/2008,IWA,AZ,AWP,WE,Federal Contract Tower,14,1,14,7,36,0,42,188,12,242,14,43,202,19,278,713,2,715,993
01/20/2008,IWA,AZ,AWP,WE,Federal Contract Tower,6,0,14,8,28,0,18,107,4,129,6,18,121,12,157,515,0,515,672
01/21/2008,IWA,AZ,AWP,WE,Federal Contract Tower,10,4,11,0,25,0,18,220,0,238,10,22,231,0,263,704,0,704,967
01/22/2008,IWA,AZ,AWP,WE,Federal Contract Tower,5,6,14,2,27,0,9,227,0,236,5,15,241,2,263,706,0,706,969
01/23/2008,IWA,AZ,AWP,WE,Federal Contract Tower,11,9,15,8,43,0,6,254,2,262,11,15,269,10,305,682,16,698,1003
01/24/2008,IWA,AZ,AWP,WE,Federal Contract Tower,11,8,9,2,30,0,18,148,0,166,11,26,157,2,196,602,0,602,798
01/25/2008,IWA,AZ,AWP,WE,Federal Contract Tower,13,5,20,8,46,0,17,238,4,259,13,22,258,12,305,664,17,681,986
01/26/2008,IWA,AZ,AWP,WE,Federal Contract Tower,9,0,14,0,23,0,15,204,0,219,9,15,218,0,242,758,0,758,1000
01/27/2008,IWA,AZ,AWP,WE,Federal Contract Tower,6,8,29,5,48,0,6,13,0,19,6,14,42,5,67,359,0,359,426
01/28/2008,IWA,AZ,AWP,WE,Federal Contract Tower,14,5,15,1,35,0,18,166,4,188,14,23,181,5,223,442,14,456,679
01/29/2008,IWA,AZ,AWP,WE,Federal Contract Tower,7,8,24,7,46,0,23,194,3,220,7,31,218,10,266,767,13,780,1046
01/30/2008,IWA,AZ,AWP,WE,Federal Contract Tower,11,6,14,7,38,0,10,208,2,220,11,16,222,9,258,702,4,706,964
01/31/2008,IWA,AZ,AWP,WE,Federal Contract Tower,13,10,21,11,55,0,25,250,2,277,13,35,271,13,332,782,16,798,1130
02/01/2008,IWA,AZ,AWP,WE,Federal Contract Tower,18,9,19,4,50,0,17,145,3,165,18,26,164,7,215,703,2,705,920
02/02/2008,IWA,AZ,AWP,WE,Federal Contract Tower,11,4,16,3,34,0,17,106,0,123,11,21,122,3,157,468,0,468,625
02/03/2008,IWA,AZ,AWP,WE,Federal Contract Tower,9,6,29,1,45,0,9,38,0,47,9,15,67,1,92,20,0,20,112
02/04/2008,IWA,AZ,AWP,WE,Federal Contract Tower,14,11,35,0,60,0,12,20,0,32,14,23,55,0,92,77,0,77,169
02/05/2008,IWA,AZ,AWP,WE,Federal Contract Tower,5,8,16,5,34,0,3,174,6,183,5,11,190,11,217,352,32,384,601
02/06/2008,IWA,AZ,AWP,WE,Federal Contract Tower,12,10,14,2,38,0,14,235,4,253,12,24,249,6,291,507,26,533,824
02/07/2008,IWA,AZ,AWP,WE,Federal Contract Tower,13,7,13,5,38,0,6,289,5,300,13,13,302,10,338,548,35,583,921
02/08/2008,IWA,AZ,AWP,WE,Federal Contract Tower,14,4,23,16,57,0,24,233,9,266,14,28,256,25,323,514,12,526,849
02/09/2008,IWA,AZ,AWP,WE,Federal Contract Tower,11,1,17,5,34,0,10,203,5,218,11,11,220,10,252,382,0,382,634
02/10/2008,IWA,AZ,AWP,WE,Federal Contract Tower,6,0,17,7,30,0,10,131,2,143,6,10,148,9,173,271,0,271,444
02/11/2008,IWA,AZ,AWP,WE,Federal Contract Tower,12,4,13,5,34,0,10,228,2,240,12,14,241,7,274,474,6,480,754
02/12/2008,IWA,AZ,AWP,WE,Federal Contract Tower,3,6,20,5,34,0,12,220,1,233,3,18,240,6,267,493,5,498,765
02/13/2008,IWA,AZ,AWP,WE,Federal Contract Tower,11,11,22,2,46,0,21,219,0,240,11,32,241,2,286,400,4,404,690
02/14/2008,IWA,AZ,AWP,WE,Federal Contract Tower,11,7,10,2,30,0,11,187,1,199,11,18,197,3,229,268,18,286,515
02/15/2008,IWA,AZ,AWP,WE,Federal Contract Tower,17,9,21,4,51,0,2,28,0,30,17,11,49,4,81,90,6,96,177
02/16/2008,IWA,AZ,AWP,WE,Federal Contract Tower,10,5,15,10,40,0,13,95,1,109,10,18,110,11,149,253,0,253,402
02/17/2008,IWA,AZ,AWP,WE,Federal Contract Tower,6,1,14,0,21,0,10,121,5,136,6,11,135,5,157,217,0,217,374
02/18/2008,IWA,AZ,AWP,WE,Federal Contract Tower,9,0,18,2,29,0,8,222,0,230,9,8,240,2,259,347,0,347,606
02/19/2008,IWA,AZ,AWP,WE,Federal Contract Tower,3,6,8,4,21,0,18,238,0,256,3,24,246,4,277,397,6,403,680
02/20/2008,IWA,AZ,AWP,WE,Federal Contract Tower,11,9,15,7,42,0,22,208,2,232,11,31,223,9,274,443,7,450,724
02/21/2008,IWA,AZ,AWP,WE,Federal Contract Tower,11,9,17,6,43,0,14,215,7,236,11,23,232,13,279,560,11,571,850
02/22/2008,IWA,AZ,AWP,WE,Federal Contract Tower,13,7,12,11,43,0,10,174,8,192,13,17,186,19,235,262,33,295,530
02/23/2008,IWA,AZ,AWP,WE,Federal Contract Tower,11,1,19,7,38,0,17,161,17,195,11,18,180,24,233,221,0,221,454
02/24/2008,IWA,AZ,AWP,WE,Federal Contract Tower,7,3,19,7,36,0,12,115,12,139,7,15,134,19,175,216,0,216,391
02/25/2008,IWA,AZ,AWP,WE,Federal Contract Tower,14,4,14,4,36,0,17,204,5,226,14,21,218,9,262,472,12,484,746
02/26/2008,IWA,AZ,AWP,WE,Federal Contract Tower,5,6,14,7,32,0,16,223,0,239,5,22,237,7,271,452,50,502,773
02/27/2008,IWA,AZ,AWP,WE,Federal Contract Tower,13,8,17,13,51,0,23,216,0,239,13,31,233,13,290,456,11,467,757
02/28/2008,IWA,AZ,AWP,WE,Federal Contract Tower,13,6,15,3,37,0,9,224,2,235,13,15,239,5,272,522,0,522,794
02/29/2008,IWA,AZ,AWP,WE,Federal Contract Tower,14,5,16,15,50,0,17,210,9,236,14,22,226,24,286,477,11,488,774
03/01/2008,IWA,AZ,AWP,WE,Federal Contract Tower,12,0,7,19,38,0,7,178,9,194,12,7,185,28,232,257,20,277,509
03/02/2008,IWA,AZ,AWP,WE,Federal Contract Tower,9,0,8,10,27,0,4,71,37,112,9,4,79,47,139,190,7,197,336
03/03/2008,IWA,AZ,AWP,WE,Federal Contract Tower,12,4,17,2,35,0,10,156,7,173,12,14,173,9,208,381,8,389,597
03/04/2008,IWA,AZ,AWP,WE,Federal Contract Tower,10,6,10,8,34,0,11,249,0,260,10,17,259,8,294,540,7,547,841
03/05/2008,IWA,AZ,AWP,WE,Federal Contract Tower,13,8,8,2,31,0,11,254,10,275,13,19,262,12,306,587,0,587,893
03/06/2008,IWA,AZ,AWP,WE,Federal Contract Tower,13,9,12,15,49,0,17,264,10,291,13,26,276,25,340,509,1,510,850
03/07/2008,IWA,AZ,AWP,WE,Federal Contract Tower,16,4,9,12,41,0,18,295,8,321,16,22,304,20,362,472,4,476,838
03/08/2008,IWA,AZ,AWP,WE,Federal Contract Tower,11,0,13,6,30,0,9,186,5,200,11,9,199,11,230,419,4,423,653
03/09/2008,IWA,AZ,AWP,WE,Federal Contract Tower,8,0,12,17,37,0,15,135,0,150,8,15,147,17,187,276,4,280,467
03/10/2008,IWA,AZ,AWP,WE,Federal Contract Tower,11,4,16,9,40,0,15,224,4,243,11,19,240,13,283,436,0,436,719
03/11/2008,IWA,AZ,AWP,WE,Federal Contract Tower,10,6,12,2,30,0,16,226,0,242,10,22,238,2,272,516,0,516,788
03/12/2008,IWA,AZ,AWP,WE,Federal Contract Tower,13,7,16,4,40,0,13,248,0,261,13,20,264,4,301,338,0,338,639
03/13/2008,IWA,AZ,AWP,WE,Federal Contract Tower,14,9,12,1,36,0,8,213,1,222,14,17,225,2,258,452,4,456,714
03/14/2008,IWA,AZ,AWP,WE,Federal Contract Tower,14,6,15,9,44,0,17,169,3,189,14,23,184,12,233,334,7,341,574
03/15/2008,IWA,AZ,AWP,WE,Federal Contract Tower,15,0,16,10,41,0,10,113,1,124,15,10,129,11,165,210,4,214,379
03/16/2008,IWA,AZ,AWP,WE,Federal Contract Tower,10,2,7,5,24,0,12,50,5,67,10,14,57,10,91,75,4,79,170
03/17/2008,IWA,AZ,AWP,WE,Federal Contract Tower,13,4,14,5,36,0,9,196,0,205,13,13,210,5,241,513,2,515,756
03/18/2008,IWA,AZ,AWP,WE,Federal Contract Tower,13,8,22,2,45,0,11,245,4,260,13,19,267,6,305,597,4,601,906
03/19/2008,IWA,AZ,AWP,WE,Federal Contract Tower,17,6,33,14,70,0,11,278,3,292,17,17,311,17,362,556,20,576,938
03/20/2008,IWA,AZ,AWP,WE,Federal Contract Tower,15,6,30,5,56,0,18,246,2,266,15,24,276,7,322,535,25,560,882
03/21/2008,IWA,AZ,AWP,WE,Federal Contract Tower,12,4,17,6,39,0,14,234,0,248,12,18,251,6,287,685,6,691,978
03/22/2008,IWA,AZ,AWP,WE,Federal Contract Tower,12,1,15,3,31,0,21,155,2,178,12,22,170,5,209,311,2,313,522
03/23/2008,IWA,AZ,AWP,WE,Federal Contract Tower,11,2,10,6,29,0,12,67,3,82,11,14,77,9,111,94,0,94,205
03/24/2008,IWA,AZ,AWP,WE,Federal Contract Tower,15,8,19,0,42,0,5,218,0,223,15,13,237,0,265,384,0,384,649
03/25/2008,IWA,AZ,AWP,WE,Federal Contract Tower,9,10,23,12,54,0,13,257,1,271,9,23,280,13,325,469,2,471,796
03/26/2008,IWA,AZ,AWP,WE,Federal Contract Tower,14,8,33,5,60,0,12,230,2,244,14,20,263,7,304,445,22,467,771
03/27/2008,IWA,AZ,AWP,WE,Federal Contract Tower,15,8,25,6,54,0,8,213,2,223,15,16,238,8,277,460,4,464,741
03/28/2008,IWA,AZ,AWP,WE,Federal Contract Tower,15,5,26,15,61,0,18,212,27,257,15,23,238,42,318,387,20,407,725
03/29/2008,IWA,AZ,AWP,WE,Federal Contract Tower,11,0,21,19,51,0,10,156,13,179,11,10,177,32,230,294,28,322,552
03/30/2008,IWA,AZ,AWP,WE,Federal Contract Tower,9,3,21,11,44,0,5,108,1,114,9,8,129,12,158,120,0,120,278
03/31/2008,IWA,AZ,AWP,WE,Federal Contract Tower,15,6,17,1,39,0,4,190,3,197,15,10,207,4,236,467,4,471,707
04/01/2008,IWA,AZ,AWP,WE,Federal Contract Tower,5,6,16,6,33,0,15,269,6,290,5,21,285,12,323,617,12,629,952
04/02/2008,IWA,AZ,AWP,WE,Federal Contract Tower,10,6,19,1,36,0,10,244,9,263,10,16,263,10,299,460,12,472,771
04/03/2008,IWA,AZ,AWP,WE,Federal Contract Tower,15,7,14,4,40,0,7,274,5,286,15,14,288,9,326,573,5,578,904
04/04/2008,IWA,AZ,AWP,WE,Federal Contract Tower,15,7,23,12,57,0,20,247,1,268,15,27,270,13,325,568,30,598,923
04/05/2008,IWA,AZ,AWP,WE,Federal Contract Tower,9,1,11,3,24,0,7,150,10,167,9,8,161,13,191,206,6,212,403
04/06/2008,IWA,AZ,AWP,WE,Federal Contract Tower,11,0,12,4,27,0,18,141,2,161,11,18,153,6,188,198,0,198,386
04/07/2008,IWA,AZ,AWP,WE,Federal Contract Tower,13,4,9,5,31,0,18,210,1,229,13,22,219,6,260,308,0,308,568
04/08/2008,IWA,AZ,AWP,WE,Federal Contract Tower,5,7,17,1,30,0,8,218,1,227,5,15,235,2,257,453,8,461,718
04/09/2008,IWA,AZ,AWP,WE,Federal Contract Tower,12,9,19,13,53,0,10,214,1,225,12,19,233,14,278,408,12,420,698
04/10/2008,IWA,AZ,AWP,WE,Federal Contract Tower,13,6,16,6,41,0,17,254,8,279,13,23,270,14,320,399,25,424,744
04/11/2008,IWA,AZ,AWP,WE,Federal Contract Tower,13,5,28,12,58,0,9,264,3,276,13,14,292,15,334,413,31,444,778
04/12/2008,IWA,AZ,AWP,WE,Federal Contract Tower,9,2,24,4,39,0,4,184,3,191,9,6,208,7,230,396,2,398,628
04/13/2008,IWA,AZ,AWP,WE,Federal Contract Tower,8,0,21,10,39,0,9,106,0,115,8,9,127,10,154,235,0,235,389
04/14/2008,IWA,AZ,AWP,WE,Federal Contract Tower,13,4,22,5,44,0,7,200,3,210,13,11,222,8,254,512,36,548,802
04/15/2008,IWA,AZ,AWP,WE,Federal Contract Tower,3,6,8,8,25,0,14,220,1,235,3,20,228,9,260,422,0,422,682
04/16/2008,IWA,AZ,AWP,WE,Federal Contract Tower,12,6,19,23,60,0,15,202,3,220,12,21,221,26,280,365,20,385,665
04/17/2008,IWA,AZ,AWP,WE,Federal Contract Tower,15,6,13,12,46,0,19,264,6,289,15,25,277,18,335,601,16,617,952
04/18/2008,IWA,AZ,AWP,WE,Federal Contract Tower,13,7,11,5,36,0,10,265,3,278,13,17,276,8,314,574,4,578,892
04/19/2008,IWA,AZ,AWP,WE,Federal Contract Tower,10,0,13,2,25,0,15,144,2,161,10,15,157,4,186,216,0,216,402
04/20/2008,IWA,AZ,AWP,WE,Federal Contract Tower,8,0,13,0,21,0,9,146,4,159,8,9,159,4,180,229,4,233,413
04/21/2008,IWA,AZ,AWP,WE,Federal Contract Tower,11,4,9,3,27,0,9,176,0,185,11,13,185,3,212,458,0,458,670
04/22/2008,IWA,AZ,AWP,WE,Federal Contract Tower,6,9,12,2,29,0,14,227,0,241,6,23,239,2,270,599,0,599,869
04/23/2008,IWA,AZ,AWP,WE,Federal Contract Tower,13,7,18,5,43,0,23,183,1,207,13,30,201,6,250,558,0,558,808
04/24/2008,IWA,AZ,AWP,WE,Federal Contract Tower,13,6,13,4,36,0,9,291,0,300,13,15,304,4,336,650,4,654,990
04/25/2008,IWA,AZ,AWP,WE,Federal Contract Tower,15,6,19,8,48,0,10,258,1,269,15,16,277,9,317,651,2,653,970
04/26/2008,IWA,AZ,AWP,WE,Federal Contract Tower,10,0,17,0,27,0,10,184,1,195,10,10,201,1,222,375,0,375,597
04/27/2008,IWA,AZ,AWP,WE,Federal Contract Tower,10,0,10,3,23,0,16,87,0,103,10,16,97,3,126,191,0,191,317
04/28/2008,IWA,AZ,AWP,WE,Federal Contract Tower,13,4,22,7,46,1,15,195,0,211,14,19,217,7,257,324,7,331,588
04/29/2008,IWA,AZ,AWP,WE,Federal Contract Tower,4,7,15,2,28,0,16,215,2,233,4,23,230,4,261,393,4,397,658
04/30/2008,IWA,AZ,AWP,WE,Federal Contract Tower,12,7,5,4,28,0,10,198,4,212,12,17,203,8,240,293,6,299,539
05/01/2008,IWA,AZ,AWP,WE,Federal Contract Tower,12,6,14,9,41,0,12,197,0,209,12,18,211,9,250,372,23,395,645
05/02/2008,IWA,AZ,AWP,WE,Federal Contract Tower,13,7,21,13,54,0,13,243,2,258,13,20,264,15,312,476,36,512,824
05/03/2008,IWA,AZ,AWP,WE,Federal Contract Tower,8,0,15,3,26,0,7,189,2,198,8,7,204,5,224,237,0,237,461
05/04/2008,IWA,AZ,AWP,WE,Federal Contract Tower,9,0,10,9,28,0,5,125,3,133,9,5,135,12,161,161,0,161,322
05/05/2008,IWA,AZ,AWP,WE,Federal Contract Tower,11,4,11,3,29,0,7,171,1,179,11,11,182,4,208,294,0,294,502
05/06/2008,IWA,AZ,AWP,WE,Federal Contract Tower,5,10,12,4,31,0,9,201,2,212,5,19,213,6,243,386,0,386,629
05/07/2008,IWA,AZ,AWP,WE,Federal Contract Tower,12,8,14,0,34,0,2,252,0,254,12,10,266,0,288,584,0,584,872
05/08/2008,IWA,AZ,AWP,WE,Federal Contract Tower,13,6,18,1,38,0,10,220,2,232,13,16,238,3,270,469,6,475,745
05/09/2008,IWA,AZ,AWP,WE,Federal Contract Tower,13,4,13,20,50,0,20,220,3,243,13,24,233,23,293,394,24,418,711
05/10/2008,IWA,AZ,AWP,WE,Federal Contract Tower,8,0,10,13,31,0,16,171,3,190,8,16,181,16,221,216,0,216,437
05/11/2008,IWA,AZ,AWP,WE,Federal Contract Tower,8,1,12,1,22,0,6,118,5,129,8,7,130,6,151,219,0,219,370
05/12/2008,IWA,AZ,AWP,WE,Federal Contract Tower,12,4,11,7,34,0,11,168,1,180,12,15,179,8,214,383,38,421,635
05/13/2008,IWA,AZ,AWP,WE,Federal Contract Tower,5,9,16,7,37,0,15,154,1,170,5,24,170,8,207,322,0,322,529
05/14/2008,IWA,AZ,AWP,WE,Federal Contract Tower,13,10,15,6,44,0,8,229,13,250,13,18,244,19,294,620,28,648,942
05/15/2008,IWA,AZ,AWP,WE,Federal Contract Tower,13,6,12,4,35,0,13,197,10,220,13,19,209,14,255,443,1,444,699
05/16/2008,IWA,AZ,AWP,WE,Federal Contract Tower,15,4,18,14,51,0,12,178,4,194,15,16,196,18,245,300,20,320,565
05/17/2008,IWA,AZ,AWP,WE,Federal Contract Tower,10,4,16,6,36,0,11,161,1,173,10,15,177,7,209,448,2,450,659
05/18/2008,IWA,AZ,AWP,WE,Federal Contract Tower,8,0,15,5,28,0,9,81,0,90,8,9,96,5,118,188,0,188,306
05/19/2008,IWA,AZ,AWP,WE,Federal Contract Tower,13,4,22,0,39,0,7,155,0,162,13,11,177,0,201,396,0,396,597
05/20/2008,IWA,AZ,AWP,WE,Federal Contract Tower,5,7,15,8,35,0,19,248,7,274,5,26,263,15,309,508,12,520,829
05/21/2008,IWA,AZ,AWP,WE,Federal Contract Tower,14,8,7,2,31,0,7,106,7,120,14,15,113,9,151,115,4,119,270
05/22/2008,IWA,AZ,AWP,WE,Federal Contract Tower,13,9,3,6,31,0,16,52,0,68,13,25,55,6,99,156,1,157,256
05/23/2008,IWA,AZ,AWP,WE,Federal Contract Tower,13,3,20,5,41,0,6,76,3,85,13,9,96,8,126,422,0,422,548
05/24/2008,IWA,AZ,AWP,WE,Federal Contract Tower,7,2,21,0,30,0,7,132,1,140,7,9,153,1,170,325,0,325,495
05/25/2008,IWA,AZ,AWP,WE,Federal Contract Tower,7,0,17,0,24,0,7,122,0,129,7,7,139,0,153,238,0,238,391
05/26/2008,IWA,AZ,AWP,WE,Federal Contract Tower,8,3,21,0,32,0,8,143,0,151,8,11,164,0,183,329,0,329,512
05/27/2008,IWA,AZ,AWP,WE,Federal Contract Tower,3,8,12,7,30,0,9,151,2,162,3,17,163,9,192,365,10,375,567
05/28/2008,IWA,AZ,AWP,WE,Federal Contract Tower,12,9,24,6,51,0,16,272,5,293,12,25,296,11,344,473,20,493,837
05/29/2008,IWA,AZ,AWP,WE,Federal Contract Tower,14,6,22,3,45,0,18,216,0,234,14,24,238,3,279,468,7,475,754
05/30/2008,IWA,AZ,AWP,WE,Federal Contract Tower,14,6,16,3,39,0,14,218,3,235,14,20,234,6,274,433,20,453,727
05/31/2008,IWA,AZ,AWP,WE,Federal Contract Tower,10,1,22,1,34,0,15,183,0,198,10,16,205,1,232,243,0,243,475
06/01/2008,IWA,AZ,AWP,WE,Federal Contract Tower,8,2,12,7,29,0,19,98,1,118,8,21,110,8,147,166,6,172,319
06/02/2008,IWA,AZ,AWP,WE,Federal Contract Tower,11,4,11,7,33,0,7,172,4,183,11,11,183,11,216,361,29,390,606
06/03/2008,IWA,AZ,AWP,WE,Federal Contract Tower,3,7,12,4,26,0,14,227,2,243,3,21,239,6,269,367,24,391,660
06/04/2008,IWA,AZ,AWP,WE,Federal Contract Tower,12,10,9,2,33,0,17,147,0,164,12,27,156,2,197,270,4,274,471
06/05/2008,IWA,AZ,AWP,WE,Federal Contract Tower,12,6,21,2,41,0,9,284,0,293,12,15,305,2,334,550,2,552,886
06/06/2008,IWA,AZ,AWP,WE,Federal Contract Tower,12,7,16,10,45,0,2,204,3,209,12,9,220,13,254,518,3,521,775
06/07/2008,IWA,AZ,AWP,WE,Federal Contract Tower,7,0,9,8,24,0,8,138,6,152,7,8,147,14,176,240,7,247,423
06/08/2008,IWA,AZ,AWP,WE,Federal Contract Tower,7,2,14,9,32,0,9,109,4,122,7,11,123,13,154,209,12,221,375
06/09/2008,IWA,AZ,AWP,WE,Federal Contract Tower,11,5,14,7,37,0,24,174,0,198,11,29,188,7,235,524,28,552,787
06/10/2008,IWA,AZ,AWP,WE,Federal Contract Tower,5,6,10,1,22,0,12,205,0,217,5,18,215,1,239,471,0,471,710
06/11/2008,IWA,AZ,AWP,WE,Federal Contract Tower,12,8,13,0,33,0,15,200,0,215,12,23,213,0,248,366,0,366,614
06/12/2008,IWA,AZ,AWP,WE,Federal Contract Tower,13,8,15,4,40,0,11,176,0,187,13,19,191,4,227,603,6,609,836
06/13/2008,IWA,AZ,AWP,WE,Federal Contract Tower,15,6,12,4,37,0,10,257,0,267,15,16,269,4,304,351,2,353,657
06/14/2008,IWA,AZ,AWP,WE,Federal Contract Tower,9,0,15,3,27,0,13,153,0,166,9,13,168,3,193,221,6,227,420
06/15/2008,IWA,AZ,AWP,WE,Federal Contract Tower,7,2,6,4,19,0,26,106,2,134,7,28,112,6,153,206,4,210,363
06/16/2008,IWA,AZ,AWP,WE,Federal Contract Tower,11,5,14,1,31,0,8,190,1,199,11,13,204,2,230,400,0,400,630
06/17/2008,IWA,AZ,AWP,WE,Federal Contract Tower,5,5,8,2,20,0,9,193,7,209,5,14,201,9,229,392,10,402,631
06/18/2008,IWA,AZ,AWP,WE,Federal Contract Tower,14,8,18,4,44,0,17,195,4,216,14,25,213,8,260,501,1,502,762
06/19/2008,IWA,AZ,AWP,WE,Federal Contract Tower,14,8,18,8,48,0,22,209,5,236,14,30,227,13,284,422,4,426,710
06/20/2008,IWA,AZ,AWP,WE,Federal Contract Tower,13,15,224,13,265,0,0,0,0,0,13,15,224,13,265,493,0,493,758
06/21/2008,IWA,AZ,AWP,WE,Federal Contract Tower,9,0,13,2,24,0,18,130,2,150,9,18,143,4,174,245,0,245,419
06/22/2008,IWA,AZ,AWP,WE,Federal Contract Tower,8,2,13,2,25,0,12,65,0,77,8,14,78,2,102,150,0,150,252
06/23/2008,IWA,AZ,AWP,WE,Federal Contract Tower,13,4,15,2,34,0,15,132,2,149,13,19,147,4,183,411,7,418,601
06/24/2008,IWA,AZ,AWP,WE,Federal Contract Tower,4,11,11,9,35,0,8,187,0,195,4,19,198,9,230,518,13,531,761
06/25/2008,IWA,AZ,AWP,WE,Federal Contract Tower,16,8,12,8,44,0,18,126,2,146,16,26,138,10,190,338,0,338,528
06/26/2008,IWA,AZ,AWP,WE,Federal Contract Tower,18,9,15,8,50,0,11,175,21,207,18,20,190,29,257,369,2,371,628
06/27/2008,IWA,AZ,AWP,WE,Federal Contract Tower,14,5,10,6,35,0,19,171,8,198,14,24,181,14,233,476,0,476,709
06/28/2008,IWA,AZ,AWP,WE,Federal Contract Tower,17,0,13,1,31,0,20,180,4,204,17,20,193,5,235,236,0,236,471
06/29/2008,IWA,AZ,AWP,WE,Federal Contract Tower,7,2,5,2,16,0,4,83,0,87,7,6,88,2,103,168,0,168,271
06/30/2008,IWA,AZ,AWP,WE,Federal Contract Tower,11,0,10,4,25,0,19,179,2,200,11,19,189,6,225,448,0,448,673
07/01/2008,IWA,AZ,AWP,WE,Federal Contract Tower,5,0,9,5,19,0,18,103,2,123,5,18,112,7,142,250,16,266,408
07/02/2008,IWA,AZ,AWP,WE,Federal Contract Tower,11,0,12,3,26,0,10,197,7,214,11,10,209,10,240,411,6,417,657
07/03/2008,IWA,AZ,AWP,WE,Federal Contract Tower,13,2,17,1,33,0,18,183,3,204,13,20,200,4,237,389,0,389,626
07/04/2008,IWA,AZ,AWP,WE,Federal Contract Tower,4,0,9,0,13,0,15,65,0,80,4,15,74,0,93,155,0,155,248
07/05/2008,IWA,AZ,AWP,WE,Federal Contract Tower,4,2,7,0,13,0,6,87,0,93,4,8,94,0,106,182,0,182,288
07/06/2008,IWA,AZ,AWP,WE,Federal Contract Tower,9,3,6,0,18,0,12,95,0,107,9,15,101,0,125,267,0,267,392
07/07/2008,IWA,AZ,AWP,WE,Federal Contract Tower,6,4,11,6,27,0,14,150,1,165,6,18,161,7,192,405,15,420,612
07/08/2008,IWA,AZ,AWP,WE,Federal Contract Tower,4,6,10,5,25,0,15,184,2,201,4,21,194,7,226,341,20,361,587
07/09/2008,IWA,AZ,AWP,WE,Federal Contract Tower,15,7,10,2,34,0,11,197,0,208,15,18,207,2,242,464,0,464,706
07/10/2008,IWA,AZ,AWP,WE,Federal Contract Tower,12,11,17,12,52,0,12,172,8,192,12,23,189,20,244,378,55,433,677
07/11/2008,IWA,AZ,AWP,WE,Federal Contract Tower,17,5,26,7,55,0,13,115,3,131,17,18,141,10,186,412,22,434,620
07/12/2008,IWA,AZ,AWP,WE,Federal Contract Tower,6,0,12,1,19,0,19,201,1,221,6,19,213,2,240,331,0,331,571
07/13/2008,IWA,AZ,AWP,WE,Federal Contract Tower,8,2,16,3,29,0,17,84,0,101,8,19,100,3,130,247,0,247,377
07/14/2008,IWA,AZ,AWP,WE,Federal Contract Tower,4,4,20,1,29,0,11,174,1,186,4,15,194,2,215,484,0,484,699
07/15/2008,IWA,AZ,AWP,WE,Federal Contract Tower,7,7,19,4,37,0,5,187,6,198,7,12,206,10,235,409,12,421,656
07/16/2008,IWA,AZ,AWP,WE,Federal Contract Tower,15,8,19,0,42,0,4,202,0,206,15,12,221,0,248,477,0,477,725
07/17/2008,IWA,AZ,AWP,WE,Federal Contract Tower,13,11,21,3,48,0,11,241,2,254,13,22,262,5,302,366,0,366,668
07/18/2008,IWA,AZ,AWP,WE,Federal Contract Tower,8,5,24,9,46,0,24,238,25,287,8,29,262,34,333,335,37,372,705
07/19/2008,IWA,AZ,AWP,WE,Federal Contract Tower,8,2,10,5,25,0,10,146,7,163,8,12,156,12,188,350,0,350,538
07/20/2008,IWA,AZ,AWP,WE,Federal Contract Tower,9,3,14,1,27,0,12,132,3,147,9,15,146,4,174,226,8,234,408
07/21/2008,IWA,AZ,AWP,WE,Federal Contract Tower,8,4,22,4,38,0,8,209,5,222,8,12,231,9,260,405,16,421,681
07/22/2008,IWA,AZ,AWP,WE,Federal Contract Tower,5,7,21,0,33,0,15,204,1,220,5,22,225,1,253,526,0,526,779
07/23/2008,IWA,AZ,AWP,WE,Federal Contract Tower,10,6,23,2,41,0,11,242,1,254,10,17,265,3,295,749,0,749,1044
07/24/2008,IWA,AZ,AWP,WE,Federal Contract Tower,10,8,23,0,41,0,5,205,5,215,10,13,228,5,256,420,0,420,676
07/25/2008,IWA,AZ,AWP,WE,Federal Contract Tower,11,4,27,3,45,0,14,213,4,231,11,18,240,7,276,559,0,559,835
07/26/2008,IWA,AZ,AWP,WE,Federal Contract Tower,9,2,14,1,26,0,16,163,7,186,9,18,177,8,212,272,0,272,484
07/27/2008,IWA,AZ,AWP,WE,Federal Contract Tower,6,2,9,4,21,0,15,104,1,120,6,17,113,5,141,368,1,369,510
07/28/2008,IWA,AZ,AWP,WE,Federal Contract Tower,10,4,11,1,26,0,20,223,2,245,10,24,234,3,271,539,1,540,811
07/29/2008,IWA,AZ,AWP,WE,Federal Contract Tower,5,8,17,2,32,0,11,238,0,249,5,19,255,2,281,547,0,547,828
07/30/2008,IWA,AZ,AWP,WE,Federal Contract Tower,9,8,10,3,30,0,14,166,2,182,9,22,176,5,212,518,5,523,735
07/31/2008,IWA,AZ,AWP,WE,Federal Contract Tower,17,11,9,5,42,0,13,175,2,190,17,24,184,7,232,423,44,467,699
08/01/2008,IWA,AZ,AWP,WE,Federal Contract Tower,12,5,11,5,33,0,19,159,0,178,12,24,170,5,211,387,4,391,602
08/02/2008,IWA,AZ,AWP,WE,Federal Contract Tower,8,0,20,2,30,0,11,173,0,184,8,11,193,2,214,295,0,295,509
08/03/2008,IWA,AZ,AWP,WE,Federal Contract Tower,8,3,11,2,24,0,9,128,0,137,8,12,139,2,161,168,0,168,329
08/04/2008,IWA,AZ,AWP,WE,Federal Contract Tower,6,5,15,7,33,0,8,186,0,194,6,13,201,7,227,453,13,466,693
08/05/2008,IWA,AZ,AWP,WE,Federal Contract Tower,3,6,10,5,24,0,21,172,0,193,3,27,182,5,217,369,4,373,590
08/06/2008,IWA,AZ,AWP,WE,Federal Contract Tower,9,6,14,7,36,0,10,185,2,197,9,16,199,9,233,445,21,466,699
08/07/2008,IWA,AZ,AWP,WE,Federal Contract Tower,12,8,17,3,40,0,9,152,0,161,12,17,169,3,201,391,0,391,592
08/08/2008,IWA,AZ,AWP,WE,Federal Contract Tower,11,4,18,10,43,0,8,204,0,212,11,12,222,10,255,529,14,543,798
08/09/2008,IWA,AZ,AWP,WE,Federal Contract Tower,7,0,16,9,32,0,11,181,5,197,7,11,197,14,229,223,6,229,458
08/10/2008,IWA,AZ,AWP,WE,Federal Contract Tower,10,3,20,7,40,0,15,114,0,129,10,18,134,7,169,136,0,136,305
08/11/2008,IWA,AZ,AWP,WE,Federal Contract Tower,8,4,13,5,30,0,12,177,0,189,8,16,190,5,219,483,0,483,702
08/12/2008,IWA,AZ,AWP,WE,Federal Contract Tower,7,6,15,4,32,0,14,184,5,203,7,20,199,9,235,612,10,622,857
08/13/2008,IWA,AZ,AWP,WE,Federal Contract Tower,8,7,11,2,28,1,14,211,2,228,9,21,222,4,256,466,0,466,722
08/14/2008,IWA,AZ,AWP,WE,Federal Contract Tower,15,8,6,6,35,0,17,184,0,201,15,25,190,6,236,256,8,264,500
08/15/2008,IWA,AZ,AWP,WE,Federal Contract Tower,8,4,19,11,42,0,11,182,2,195,8,15,201,13,237,424,10,434,671
08/16/2008,IWA,AZ,AWP,WE,Federal Contract Tower,6,2,18,23,49,0,12,133,0,145,6,14,151,23,194,223,22,245,439
08/17/2008,IWA,AZ,AWP,WE,Federal Contract Tower,6,2,10,3,21,0,5,146,0,151,6,7,156,3,172,176,0,176,348
08/18/2008,IWA,AZ,AWP,WE,Federal Contract Tower,8,4,29,8,49,0,15,195,0,210,8,19,224,8,259,417,4,421,680
08/19/2008,IWA,AZ,AWP,WE,Federal Contract Tower,6,7,21,5,39,0,13,183,2,198,6,20,204,7,237,482,5,487,724
08/20/2008,IWA,AZ,AWP,WE,Federal Contract Tower,12,7,20,7,46,0,15,210,0,225,12,22,230,7,271,519,0,519,790
08/21/2008,IWA,AZ,AWP,WE,Federal Contract Tower,11,8,15,11,45,0,17,179,8,204,11,25,194,19,249,372,36,408,657
08/22/2008,IWA,AZ,AWP,WE,Federal Contract Tower,13,6,17,13,49,0,15,181,5,201,13,21,198,18,250,494,5,499,749
08/23/2008,IWA,AZ,AWP,WE,Federal Contract Tower,8,0,15,6,29,0,8,121,9,138,8,8,136,15,167,212,0,212,379
08/24/2008,IWA,AZ,AWP,WE,Federal Contract Tower,11,2,18,4,35,0,5,120,7,132,11,7,138,11,167,164,0,164,331
08/25/2008,IWA,AZ,AWP,WE,Federal Contract Tower,10,4,15,10,39,0,13,142,0,155,10,17,157,10,194,271,2,273,467
08/26/2008,IWA,AZ,AWP,WE,Federal Contract Tower,7,6,15,8,36,0,8,166,2,176,7,14,181,10,212,473,4,477,689
08/27/2008,IWA,AZ,AWP,WE,Federal Contract Tower,11,6,8,3,28,0,10,151,0,161,11,16,159,3,189,354,12,366,555
08/28/2008,IWA,AZ,AWP,WE,Federal Contract Tower,13,6,13,2,34,0,12,228,0,240,13,18,241,2,274,371,0,371,645
08/29/2008,IWA,AZ,AWP,WE,Federal Contract Tower,8,0,14,1,23,0,15,222,6,243,8,15,236,7,266,300,0,300,566
08/30/2008,IWA,AZ,AWP,WE,Federal Contract Tower,6,0,9,6,21,0,13,132,12,157,6,13,141,18,178,216,1,217,395
08/31/2008,IWA,AZ,AWP,WE,Federal Contract Tower,6,0,15,7,28,0,12,131,8,151,6,12,146,15,179,143,8,151,330
09/01/2008,IWA,AZ,AWP,WE,Federal Contract Tower,4,0,9,2,15,0,11,140,8,159,4,11,149,10,174,212,0,212,386
09/02/2008,IWA,AZ,AWP,WE,Federal Contract Tower,5,9,13,1,28,0,3,205,4,212,5,12,218,5,240,324,0,324,564
09/03/2008,IWA,AZ,AWP,WE,Federal Contract Tower,10,9,13,2,34,1,4,212,2,219,11,13,225,4,253,403,18,421,674
09/04/2008,IWA,AZ,AWP,WE,Federal Contract Tower,13,5,12,2,32,0,4,241,0,245,13,9,253,2,277,478,2,480,757
09/05/2008,IWA,AZ,AWP,WE,Federal Contract Tower,11,4,23,5,43,0,9,257,3,269,11,13,280,8,312,509,1,510,822
09/06/2008,IWA,AZ,AWP,WE,Federal Contract Tower,7,2,11,3,23,0,12,209,11,232,7,14,220,14,255,268,0,268,523
09/07/2008,IWA,AZ,AWP,WE,Federal Contract Tower,6,0,12,6,24,0,8,117,9,134,6,8,129,15,158,171,0,171,329
09/08/2008,IWA,AZ,AWP,WE,Federal Contract Tower,10,4,14,1,29,0,2,25,0,27,10,6,39,1,56,519,2,521,577
09/09/2008,IWA,AZ,AWP,WE,Federal Contract Tower,5,6,19,4,34,0,20,238,5,263,5,26,257,9,297,555,12,567,864
09/10/2008,IWA,AZ,AWP,WE,Federal Contract Tower,9,6,10,14,39,0,12,222,9,243,9,18,232,23,282,514,22,536,818
09/11/2008,IWA,AZ,AWP,WE,Federal Contract Tower,12,7,16,13,48,0,4,279,4,287,12,11,295,17,335,463,4,467,802
09/12/2008,IWA,AZ,AWP,WE,Federal Contract Tower,9,4,7,27,47,0,12,316,17,345,9,16,323,44,392,563,25,588,980
09/13/2008,IWA,AZ,AWP,WE,Federal Contract Tower,9,0,13,12,34,0,8,172,11,191,9,8,185,23,225,328,4,332,557
09/14/2008,IWA,AZ,AWP,WE,Federal Contract Tower,6,0,11,5,22,0,19,139,9,167,6,19,150,14,189,140,0,140,329
09/15/2008,IWA,AZ,AWP,WE,Federal Contract Tower,6,4,10,5,25,0,8,193,6,207,6,12,203,11,232,505,17,522,754
09/16/2008,IWA,AZ,AWP,WE,Federal Contract Tower,5,7,9,3,24,0,14,248,4,266,5,21,257,7,290,590,0,590,880
09/17/2008,IWA,AZ,AWP,WE,Federal Contract Tower,11,7,12,1,31,0,6,343,0,349,11,13,355,1,380,654,0,654,1034
09/18/2008,IWA,AZ,AWP,WE,Federal Contract Tower,11,10,10,0,31,0,6,222,1,229,11,16,232,1,260,535,0,535,795
09/19/2008,IWA,AZ,AWP,WE,Federal Contract Tower,9,5,15,6,35,0,17,234,4,255,9,22,249,10,290,424,9,433,723
09/20/2008,IWA,AZ,AWP,WE,Federal Contract Tower,7,0,16,1,24,0,7,144,13,164,7,7,160,14,188,205,0,205,393
09/21/2008,IWA,AZ,AWP,WE,Federal Contract Tower,6,0,12,5,23,0,9,141,1,151,6,9,153,6,174,184,0,184,358
09/22/2008,IWA,AZ,AWP,WE,Federal Contract Tower,9,5,13,7,34,0,5,226,0,231,9,10,239,7,265,336,0,336,601
09/23/2008,IWA,AZ,AWP,WE,Federal Contract Tower,5,6,16,1,28,12,4,247,0,263,17,10,263,1,291,378,0,378,669
09/24/2008,IWA,AZ,AWP,WE,Federal Contract Tower,9,8,15,6,38,0,9,229,0,238,9,17,244,6,276,512,3,515,791
09/25/2008,IWA,AZ,AWP,WE,Federal Contract Tower,13,6,18,0,37,0,8,209,4,221,13,14,227,4,258,340,2,342,600
09/26/2008,IWA,AZ,AWP,WE,Federal Contract Tower,10,3,14,6,33,0,15,220,3,238,10,18,234,9,271,394,11,405,676
09/27/2008,IWA,AZ,AWP,WE,Federal Contract Tower,6,4,9,2,21,0,7,165,8,180,6,11,174,10,201,284,0,284,485
09/28/2008,IWA,AZ,AWP,WE,Federal Contract Tower,6,0,10,0,16,0,3,106,0,109,6,3,116,0,125,125,0,125,250
09/29/2008,IWA,AZ,AWP,WE,Federal Contract Tower,11,4,17,4,36,1,9,164,0,174,12,13,181,4,210,327,0,327,537
09/30/2008,IWA,AZ,AWP,WE,Federal Contract Tower,11,5,22,5,43,0,10,236,0,246,11,15,258,5,289,540,0,540,829
10/01/2008,IWA,AZ,AWP,WE,Federal Contract Tower,9,8,18,6,41,0,11,260,1,272,9,19,278,7,313,595,29,624,937
10/02/2008,IWA,AZ,AWP,WE,Federal Contract Tower,11,7,13,7,38,0,14,257,4,275,11,21,270,11,313,461,20,481,794
10/03/2008,IWA,AZ,AWP,WE,Federal Contract Tower,14,5,16,14,49,0,1,241,3,245,14,6,257,17,294,371,16,387,681
10/04/2008,IWA,AZ,AWP,WE,Federal Contract Tower,8,3,10,6,27,0,4,100,1,105,8,7,110,7,132,188,10,198,330
10/05/2008,IWA,AZ,AWP,WE,Federal Contract Tower,6,4,11,13,34,0,6,96,0,102,6,10,107,13,136,201,4,205,341
10/06/2008,IWA,AZ,AWP,WE,Federal Contract Tower,9,6,18,11,44,0,11,267,0,278,9,17,285,11,322,460,0,460,782
10/07/2008,IWA,AZ,AWP,WE,Federal Contract Tower,6,6,14,6,32,0,6,232,0,238,6,12,246,6,270,481,12,493,763
10/08/2008,IWA,AZ,AWP,WE,Federal Contract Tower,11,8,12,2,33,0,17,248,1,266,11,25,260,3,299,456,0,456,755
10/09/2008,IWA,AZ,AWP,WE,Federal Contract Tower,13,6,16,3,38,0,14,237,2,253,13,20,253,5,291,318,2,320,611
10/10/2008,IWA,AZ,AWP,WE,Federal Contract Tower,11,4,6,4,25,0,13,187,0,200,11,17,193,4,225,245,6,251,476
10/11/2008,IWA,AZ,AWP,WE,Federal Contract Tower,8,0,4,12,24,0,4,106,7,117,8,4,110,19,141,102,8,110,251
10/12/2008,IWA,AZ,AWP,WE,Federal Contract Tower,10,2,11,0,23,0,6,116,7,129,10,8,127,7,152,163,0,163,315
10/13/2008,IWA,AZ,AWP,WE,Federal Contract Tower,7,6,24,10,47,0,11,241,2,254,7,17,265,12,301,455,0,455,756
10/14/2008,IWA,AZ,AWP,WE,Federal Contract Tower,3,6,15,8,32,0,12,232,4,248,3,18,247,12,280,445,40,485,765
10/15/2008,IWA,AZ,AWP,WE,Federal Contract Tower,11,6,9,6,32,0,2,258,0,260,11,8,267,6,292,471,2,473,765
10/16/2008,IWA,AZ,AWP,WE,Federal Contract Tower,14,6,20,8,48,0,5,260,3,268,14,11,280,11,316,463,9,472,788
10/17/2008,IWA,AZ,AWP,WE,Federal Contract Tower,9,4,12,14,39,0,10,269,1,280,9,14,281,15,319,551,1,552,871
10/18/2008,IWA,AZ,AWP,WE,Federal Contract Tower,8,0,19,1,28,0,11,191,6,208,8,11,210,7,236,338,0,338,574
10/19/2008,IWA,AZ,AWP,WE,Federal Contract Tower,10,1,24,5,40,0,11,139,0,150,10,12,163,5,190,144,0,144,334
10/20/2008,IWA,AZ,AWP,WE,Federal Contract Tower,10,4,20,2,36,1,5,224,6,236,11,9,244,8,272,488,0,488,760
10/21/2008,IWA,AZ,AWP,WE,Federal Contract Tower,8,7,16,2,33,0,16,212,2,230,8,23,228,4,263,619,2,621,884
10/22/2008,IWA,AZ,AWP,WE,Federal Contract Tower,14,6,12,3,35,0,20,207,1,228,14,26,219,4,263,502,8,510,773
10/23/2008,IWA,AZ,AWP,WE,Federal Contract Tower,19,6,11,8,44,0,10,248,2,260,19,16,259,10,304,448,3,451,755
10/24/2008,IWA,AZ,AWP,WE,Federal Contract Tower,14,4,11,8,37,1,3,233,14,251,15,7,244,22,288,535,8,543,831
10/25/2008,IWA,AZ,AWP,WE,Federal Contract Tower,9,0,13,1,23,0,7,217,5,229,9,7,230,6,252,255,0,255,507
10/26/2008,IWA,AZ,AWP,WE,Federal Contract Tower,9,0,11,4,24,0,7,151,2,160,9,7,162,6,184,318,2,320,504
10/27/2008,IWA,AZ,AWP,WE,Federal Contract Tower,12,4,15,4,35,0,15,154,0,169,12,19,169,4,204,304,0,304,508
10/28/2008,IWA,AZ,AWP,WE,Federal Contract Tower,5,8,10,9,32,0,3,280,2,285,5,11,290,11,317,532,33,565,882
10/29/2008,IWA,AZ,AWP,WE,Federal Contract Tower,12,9,6,12,39,0,13,244,14,271,12,22,250,26,310,542,50,592,902
10/30/2008,IWA,AZ,AWP,WE,Federal Contract Tower,17,8,15,7,47,0,5,275,7,287,17,13,290,14,334,499,28,527,861
10/31/2008,IWA,AZ,AWP,WE,Federal Contract Tower,15,6,11,5,37,0,15,182,5,202,15,21,193,10,239,385,44,429,668
11/01/2008,IWA,AZ,AWP,WE,Federal Contract Tower,10,3,6,0,19,0,8,212,4,224,10,11,218,4,243,237,0,237,480
11/02/2008,IWA,AZ,AWP,WE,Federal Contract Tower,13,0,6,2,21,0,12,182,2,196,13,12,188,4,217,202,14,216,433
11/03/2008,IWA,AZ,AWP,WE,Federal Contract Tower,12,4,8,5,29,0,17,151,5,173,12,21,159,10,202,257,3,260,462
11/04/2008,IWA,AZ,AWP,WE,Federal Contract Tower,11,7,8,2,28,0,15,181,0,196,11,22,189,2,224,239,6,245,469
11/05/2008,IWA,AZ,AWP,WE,Federal Contract Tower,14,8,7,17,46,0,12,268,1,281,14,20,275,18,327,306,12,318,645
11/06/2008,IWA,AZ,AWP,WE,Federal Contract Tower,16,8,15,9,48,0,10,269,0,279,16,18,284,9,327,381,14,395,722
11/07/2008,IWA,AZ,AWP,WE,Federal Contract Tower,13,4,12,12,41,0,12,260,2,274,13,16,272,14,315,455,17,472,787
11/08/2008,IWA,AZ,AWP,WE,Federal Contract Tower,9,0,13,0,22,0,6,157,5,168,9,6,170,5,190,208,2,210,400
11/09/2008,IWA,AZ,AWP,WE,Federal Contract Tower,11,5,6,7,29,0,11,36,0,47,11,16,42,7,76,120,0,120,196
11/10/2008,IWA,AZ,AWP,WE,Federal Contract Tower,11,6,6,0,23,0,11,249,2,262,11,17,255,2,285,399,0,399,684
11/11/2008,IWA,AZ,AWP,WE,Federal Contract Tower,5,5,14,0,24,0,7,253,1,261,5,12,267,1,285,366,0,366,651
11/12/2008,IWA,AZ,AWP,WE,Federal Contract Tower,17,8,10,9,44,0,6,289,5,300,17,14,299,14,344,439,11,450,794
11/13/2008,IWA,AZ,AWP,WE,Federal Contract Tower,16,8,11,7,42,0,8,256,8,272,16,16,267,15,314,447,15,462,776
11/14/2008,IWA,AZ,AWP,WE,Federal Contract Tower,13,4,12,8,37,0,9,253,10,272,13,13,265,18,309,352,10,362,671
11/15/2008,IWA,AZ,AWP,WE,Federal Contract Tower,11,0,9,10,30,0,4,74,13,91,11,4,83,23,121,130,0,130,251
11/16/2008,IWA,AZ,AWP,WE,Federal Contract Tower,12,3,18,13,46,0,12,147,8,167,12,15,165,21,213,183,0,183,396
11/17/2008,IWA,AZ,AWP,WE,Federal Contract Tower,11,4,19,1,35,0,8,197,3,208,11,12,216,4,243,472,0,472,715
11/18/2008,IWA,AZ,AWP,WE,Federal Contract Tower,12,7,16,2,37,0,13,216,4,233,12,20,232,6,270,469,7,476,746
11/19/2008,IWA,AZ,AWP,WE,Federal Contract Tower,13,6,17,8,44,0,16,249,0,265,13,22,266,8,309,545,24,569,878
11/20/2008,IWA,AZ,AWP,WE,Federal Contract Tower,17,8,22,4,51,0,11,244,2,257,17,19,266,6,308,338,16,354,662
11/21/2008,IWA,AZ,AWP,WE,Federal Contract Tower,14,4,12,8,38,0,12,126,2,140,14,16,138,10,178,348,12,360,538
11/22/2008,IWA,AZ,AWP,WE,Federal Contract Tower,11,0,10,3,24,0,14,177,11,202,11,14,187,14,226,300,9,309,535
11/23/2008,IWA,AZ,AWP,WE,Federal Contract Tower,12,2,15,4,33,0,10,129,7,146,12,12,144,11,179,303,5,308,487
11/24/2008,IWA,AZ,AWP,WE,Federal Contract Tower,14,0,12,7,33,0,24,162,5,191,14,24,174,12,224,591,27,618,842
11/25/2008,IWA,AZ,AWP,WE,Federal Contract Tower,10,4,9,4,27,0,13,159,2,174,10,17,168,6,201,324,13,337,538
11/26/2008,IWA,AZ,AWP,WE,Federal Contract Tower,16,3,16,0,35,0,9,82,0,91,16,12,98,0,126,137,0,137,263
11/27/2008,IWA,AZ,AWP,WE,Federal Contract Tower,12,2,5,0,19,0,9,6,0,15,12,11,11,0,34,4,0,4,38
11/28/2008,IWA,AZ,AWP,WE,Federal Contract Tower,18,2,7,0,27,0,7,130,0,137,18,9,137,0,164,293,0,293,457
11/29/2008,IWA,AZ,AWP,WE,Federal Contract Tower,15,1,10,0,26,0,12,130,0,142,15,13,140,0,168,254,0,254,422
11/30/2008,IWA,AZ,AWP,WE,Federal Contract Tower,10,2,13,0,25,0,11,133,0,144,10,13,146,0,169,164,0,164,333
12/01/2008,IWA,AZ,AWP,WE,Federal Contract Tower,11,4,12,2,29,0,6,173,2,181,11,10,185,4,210,422,0,422,632
12/02/2008,IWA,AZ,AWP,WE,Federal Contract Tower,7,6,14,14,41,0,13,210,5,228,7,19,224,19,269,458,18,476,745
12/03/2008,IWA,AZ,AWP,WE,Federal Contract Tower,12,6,16,10,44,0,11,266,0,277,12,17,282,10,321,375,16,391,712
12/04/2008,IWA,AZ,AWP,WE,Federal Contract Tower,19,7,12,6,44,0,10,244,0,254,19,17,256,6,298,468,10,478,776
12/05/2008,IWA,AZ,AWP,WE,Federal Contract Tower,15,4,12,10,41,0,23,239,6,268,15,27,251,16,309,245,18,263,572
12/06/2008,IWA,AZ,AWP,WE,Federal Contract Tower,9,0,6,3,18,0,2,184,3,189,9,2,190,6,207,313,0,313,520
12/07/2008,IWA,AZ,AWP,WE,Federal Contract Tower,10,2,12,11,35,0,14,143,4,161,10,16,155,15,196,190,0,190,386
12/08/2008,IWA,AZ,AWP,WE,Federal Contract Tower,11,4,7,28,50,0,6,201,6,213,11,10,208,34,263,449,0,449,712
12/09/2008,IWA,AZ,AWP,WE,Federal Contract Tower,7,6,8,5,26,0,9,257,13,279,7,15,265,18,305,426,30,456,761
12/10/2008,IWA,AZ,AWP,WE,Federal Contract Tower,10,6,10,3,29,0,0,231,2,233,10,6,241,5,262,501,6,507,769
12/11/2008,IWA,AZ,AWP,WE,Federal Contract Tower,18,7,7,5,37,0,17,242,6,265,18,24,249,11,302,509,16,525,827
12/12/2008,IWA,AZ,AWP,WE,Federal Contract Tower,16,4,17,6,43,0,8,206,0,214,16,12,223,6,257,405,7,412,669
12/13/2008,IWA,AZ,AWP,WE,Federal Contract Tower,11,0,9,0,20,0,3,129,0,132,11,3,138,0,152,222,0,222,374
12/14/2008,IWA,AZ,AWP,WE,Federal Contract Tower,9,6,12,4,31,0,22,108,0,130,9,28,120,4,161,187,0,187,348
12/15/2008,IWA,AZ,AWP,WE,Federal Contract Tower,14,3,6,4,27,0,4,132,2,138,14,7,138,6,165,293,2,295,460
12/16/2008,IWA,AZ,AWP,WE,Federal Contract Tower,15,9,30,2,56,0,1,14,6,21,15,10,44,8,77,89,10,99,176
12/17/2008,IWA,AZ,AWP,WE,Federal Contract Tower,13,5,11,2,31,0,6,132,0,138,13,11,143,2,169,413,16,429,598
12/18/2008,IWA,AZ,AWP,WE,Federal Contract Tower,16,3,21,3,43,0,11,202,0,213,16,14,223,3,256,295,2,297,553
12/19/2008,IWA,AZ,AWP,WE,Federal Contract Tower,15,3,23,6,47,0,7,188,1,196,15,10,211,7,243,344,4,348,591
12/20/2008,IWA,AZ,AWP,WE,Federal Contract Tower,15,1,14,4,34,0,6,174,0,180,15,7,188,4,214,297,6,303,517
12/21/2008,IWA,AZ,AWP,WE,Federal Contract Tower,10,0,12,4,26,0,10,117,0,127,10,10,129,4,153,64,0,64,217
12/22/2008,IWA,AZ,AWP,WE,Federal Contract Tower,14,0,12,3,29,1,10,102,0,113,15,10,114,3,142,133,4,137,279
12/23/2008,IWA,AZ,AWP,WE,Federal Contract Tower,13,0,6,4,23,0,8,129,2,139,13,8,135,6,162,243,4,247,409
12/24/2008,IWA,AZ,AWP,WE,Federal Contract Tower,13,0,1,0,14,0,9,84,0,93,13,9,85,0,107,97,0,97,204
12/25/2008,IWA,AZ,AWP,WE,Federal Contract Tower,9,0,0,0,9,0,1,3,0,4,9,1,3,0,13,0,0,0,13
12/26/2008,IWA,AZ,AWP,WE,Federal Contract Tower,12,2,6,0,20,0,7,76,0,83,12,9,82,0,103,140,0,140,243
12/27/2008,IWA,AZ,AWP,WE,Federal Contract Tower,15,0,5,0,20,0,7,118,0,125,15,7,123,0,145,135,0,135,280
12/28/2008,IWA,AZ,AWP,WE,Federal Contract Tower,9,3,5,0,17,0,10,53,0,63,9,13,58,0,80,38,0,38,118
12/29/2008,IWA,AZ,AWP,WE,Federal Contract Tower,13,0,10,0,23,0,16,152,0,168,13,16,162,0,191,267,0,267,458
12/30/2008,IWA,AZ,AWP,WE,Federal Contract Tower,18,0,14,2,34,0,10,155,0,165,18,10,169,2,199,208,0,208,407
12/31/2008,IWA,AZ,AWP,WE,Federal Contract Tower,11,0,8,2,21,0,14,130,2,146,11,14,138,4,167,83,0,83,250
01/01/2009,IWA,AZ,AWP,WE,Federal Contract Tower,11,2,0,0,13,0,5,29,0,34,11,7,29,0,47,27,0,27,74
01/02/2009,IWA,AZ,AWP,WE,Federal Contract Tower,14,0,16,0,30,0,11,153,0,164,14,11,169,0,194,176,0,176,370
01/03/2009,IWA,AZ,AWP,WE,Federal Contract Tower,15,1,12,0,28,0,16,140,0,156,15,17,152,0,184,171,0,171,355
01/04/2009,IWA,AZ,AWP,WE,Federal Contract Tower,12,8,13,2,35,0,1,26,0,27,12,9,39,2,62,113,6,119,181
01/05/2009,IWA,AZ,AWP,WE,Federal Contract Tower,14,7,9,8,38,0,8,125,13,146,14,15,134,21,184,213,19,232,416
01/06/2009,IWA,AZ,AWP,WE,Federal Contract Tower,10,6,14,10,40,0,8,166,18,192,10,14,180,28,232,336,26,362,594
01/07/2009,IWA,AZ,AWP,WE,Federal Contract Tower,12,7,7,3,29,0,16,189,13,218,12,23,196,16,247,376,18,394,641
01/08/2009,IWA,AZ,AWP,WE,Federal Contract Tower,21,9,14,4,48,0,14,230,5,249,21,23,244,9,297,373,10,383,680
01/09/2009,IWA,AZ,AWP,WE,Federal Contract Tower,16,7,14,8,45,0,14,265,14,293,16,21,279,22,338,361,13,374,712
01/10/2009,IWA,AZ,AWP,WE,Federal Contract Tower,10,1,16,4,31,0,10,162,8,180,10,11,178,12,211,288,22,310,521
01/11/2009,IWA,AZ,AWP,WE,Federal Contract Tower,12,4,18,9,43,0,16,151,1,168,12,20,169,10,211,177,0,177,388
01/12/2009,IWA,AZ,AWP,WE,Federal Contract Tower,11,8,18,2,39,0,5,241,3,249,11,13,259,5,288,394,3,397,685
01/13/2009,IWA,AZ,AWP,WE,Federal Contract Tower,5,8,10,3,26,0,11,197,4,212,5,19,207,7,238,306,20,326,564
01/14/2009,IWA,AZ,AWP,WE,Federal Contract Tower,14,9,22,7,52,0,8,255,0,263,14,17,277,7,315,378,50,428,743
01/15/2009,IWA,AZ,AWP,WE,Federal Contract Tower,16,16,16,13,61,0,6,222,4,232,16,22,238,17,293,334,62,396,689
01/16/2009,IWA,AZ,AWP,WE,Federal Contract Tower,12,8,15,19,54,0,15,227,10,252,12,23,242,29,306,417,47,464,770
01/17/2009,IWA,AZ,AWP,WE,Federal Contract Tower,13,3,9,8,33,0,12,163,4,179,13,15,172,12,212,336,40,376,588
01/18/2009,IWA,AZ,AWP,WE,Federal Contract Tower,13,3,10,3,29,0,11,119,2,132,13,14,129,5,161,116,8,124,285
01/19/2009,IWA,AZ,AWP,WE,Federal Contract Tower,10,9,13,9,41,0,9,183,0,192,10,18,196,9,233,337,22,359,592
01/20/2009,IWA,AZ,AWP,WE,Federal Contract Tower,9,6,11,4,30,0,2,231,0,233,9,8,242,4,263,319,8,327,590
01/21/2009,IWA,AZ,AWP,WE,Federal Contract Tower,12,11,16,3,42,0,19,252,0,271,12,30,268,3,313,385,4,389,702
01/22/2009,IWA,AZ,AWP,WE,Federal Contract Tower,17,8,17,8,50,0,8,200,5,213,17,16,217,13,263,391,24,415,678
01/23/2009,IWA,AZ,AWP,WE,Federal Contract Tower,14,8,20,21,63,0,10,170,1,181,14,18,190,22,244,315,1,316,560
01/24/2009,IWA,AZ,AWP,WE,Federal Contract Tower,13,1,12,2,28,0,14,168,7,189,13,15,180,9,217,403,0,403,620
01/25/2009,IWA,AZ,AWP,WE,Federal Contract Tower,11,6,10,13,40,0,14,139,13,166,11,20,149,26,206,185,1,186,392
01/26/2009,IWA,AZ,AWP,WE,Federal Contract Tower,11,6,11,4,32,0,13,180,2,195,11,19,191,6,227,280,9,289,516
01/27/2009,IWA,AZ,AWP,WE,Federal Contract Tower,7,8,6,5,26,0,7,217,3,227,7,15,223,8,253,386,12,398,651
01/28/2009,IWA,AZ,AWP,WE,Federal Contract Tower,13,9,10,6,38,0,10,226,8,244,13,19,236,14,282,318,2,320,602
01/29/2009,IWA,AZ,AWP,WE,Federal Contract Tower,20,9,13,6,48,0,7,217,13,237,20,16,230,19,285,264,6,270,555
01/30/2009,IWA,AZ,AWP,WE,Federal Contract Tower,15,6,8,6,35,0,9,220,6,235,15,15,228,12,270,296,5,301,571
01/31/2009,IWA,AZ,AWP,WE,Federal Contract Tower,12,4,4,2,22,0,9,196,14,219,12,13,200,16,241,323,0,323,564
02/01/2009,IWA,AZ,AWP,WE,Federal Contract Tower,11,2,4,3,20,0,16,83,8,107,11,18,87,11,127,125,0,125,252
02/02/2009,IWA,AZ,AWP,WE,Federal Contract Tower,12,7,10,2,31,0,16,192,2,210,12,23,202,4,241,283,0,283,524
02/03/2009,IWA,AZ,AWP,WE,Federal Contract Tower,10,8,12,7,37,0,8,230,8,246,10,16,242,15,283,370,6,376,659
02/04/2009,IWA,AZ,AWP,WE,Federal Contract Tower,11,9,17,7,44,0,5,240,0,245,11,14,257,7,289,336,9,345,634
02/05/2009,IWA,AZ,AWP,WE,Federal Contract Tower,17,9,21,8,55,0,13,261,0,274,17,22,282,8,329,260,16,276,605
02/06/2009,IWA,AZ,AWP,WE,Federal Contract Tower,17,5,11,2,35,0,13,275,7,295,17,18,286,9,330,278,2,280,610
02/07/2009,IWA,AZ,AWP,WE,Federal Contract Tower,12,3,16,5,36,0,8,146,7,161,12,11,162,12,197,175,0,175,372
02/08/2009,IWA,AZ,AWP,WE,Federal Contract Tower,10,4,12,13,39,0,9,48,1,58,10,13,60,14,97,51,0,51,148
02/09/2009,IWA,AZ,AWP,WE,Federal Contract Tower,12,5,13,0,30,0,12,82,2,96,12,17,95,2,126,172,0,172,298
02/10/2009,IWA,AZ,AWP,WE,Federal Contract Tower,11,9,9,13,42,0,4,253,0,257,11,13,262,13,299,323,13,336,635
02/11/2009,IWA,AZ,AWP,WE,Federal Contract Tower,14,10,15,14,53,0,19,258,4,281,14,29,273,18,334,375,9,384,718
02/12/2009,IWA,AZ,AWP,WE,Federal Contract Tower,18,10,19,4,51,0,13,265,2,280,18,23,284,6,331,389,5,394,725
02/13/2009,IWA,AZ,AWP,WE,Federal Contract Tower,16,1,28,9,54,0,12,222,7,241,16,13,250,16,295,393,21,414,709
02/14/2009,IWA,AZ,AWP,WE,Federal Contract Tower,13,3,13,8,37,0,11,152,1,164,13,14,165,9,201,273,20,293,494
02/15/2009,IWA,AZ,AWP,WE,Federal Contract Tower,11,4,11,2,28,0,16,105,2,123,11,20,116,4,151,111,2,113,264
02/16/2009,IWA,AZ,AWP,WE,Federal Contract Tower,9,8,16,2,35,0,11,165,0,176,9,19,181,2,211,314,0,314,525
02/17/2009,IWA,AZ,AWP,WE,Federal Contract Tower,16,15,18,0,49,0,14,63,0,77,16,29,81,0,126,153,0,153,279
02/18/2009,IWA,AZ,AWP,WE,Federal Contract Tower,19,13,25,11,68,0,12,132,6,150,19,25,157,17,218,206,3,209,427
02/19/2009,IWA,AZ,AWP,WE,Federal Contract Tower,16,13,19,7,55,0,5,250,0,255,16,18,269,7,310,381,0,381,691
02/20/2009,IWA,AZ,AWP,WE,Federal Contract Tower,15,8,19,24,66,0,10,215,6,231,15,18,234,30,297,296,18,314,611
02/21/2009,IWA,AZ,AWP,WE,Federal Contract Tower,13,2,12,4,31,0,9,207,4,220,13,11,219,8,251,378,6,384,635
02/22/2009,IWA,AZ,AWP,WE,Federal Contract Tower,12,4,12,10,38,0,11,121,6,138,12,15,133,16,176,109,0,109,285
02/23/2009,IWA,AZ,AWP,WE,Federal Contract Tower,14,4,12,4,34,0,5,226,0,231,14,9,238,4,265,458,2,460,725
02/24/2009,IWA,AZ,AWP,WE,Federal Contract Tower,12,9,17,6,44,0,11,262,6,279,12,20,279,12,323,475,12,487,810
02/25/2009,IWA,AZ,AWP,WE,Federal Contract Tower,21,8,16,11,56,0,10,257,2,269,21,18,273,13,325,451,20,471,796
02/26/2009,IWA,AZ,AWP,WE,Federal Contract Tower,18,8,14,3,43,0,14,270,0,284,18,22,284,3,327,400,17,417,744
02/27/2009,IWA,AZ,AWP,WE,Federal Contract Tower,15,7,22,9,53,0,12,291,3,306,15,19,313,12,359,490,15,505,864
02/28/2009,IWA,AZ,AWP,WE,Federal Contract Tower,13,3,11,0,27,0,9,234,9,252,13,12,245,9,279,337,0,337,616
03/01/2009,IWA,AZ,AWP,WE,Federal Contract Tower,11,3,9,2,25,0,10,145,2,157,11,13,154,4,182,131,0,131,313
03/02/2009,IWA,AZ,AWP,WE,Federal Contract Tower,14,5,12,3,34,0,9,254,0,263,14,14,266,3,297,348,12,360,657
03/03/2009,IWA,AZ,AWP,WE,Federal Contract Tower,12,8,15,7,42,0,4,231,0,235,12,12,246,7,277,257,12,269,546
03/04/2009,IWA,AZ,AWP,WE,Federal Contract Tower,19,8,14,15,56,0,10,269,3,282,19,18,283,18,338,311,17,328,666
03/05/2009,IWA,AZ,AWP,WE,Federal Contract Tower,18,8,21,3,50,0,5,251,2,258,18,13,272,5,308,254,13,267,575
03/06/2009,IWA,AZ,AWP,WE,Federal Contract Tower,18,4,17,9,48,0,8,277,12,297,18,12,294,21,345,405,0,405,750
03/07/2009,IWA,AZ,AWP,WE,Federal Contract Tower,14,1,17,4,36,0,10,225,18,253,14,11,242,22,289,284,0,284,573
03/08/2009,IWA,AZ,AWP,WE,Federal Contract Tower,15,1,21,12,49,0,3,142,14,159,15,4,163,26,208,131,0,131,339
03/09/2009,IWA,AZ,AWP,WE,Federal Contract Tower,17,13,9,3,42,0,4,206,1,211,17,17,215,4,253,265,3,268,521
03/10/2009,IWA,AZ,AWP,WE,Federal Contract Tower,10,7,12,0,29,0,17,251,3,271,10,24,263,3,300,348,1,349,649
03/11/2009,IWA,AZ,AWP,WE,Federal Contract Tower,27,9,24,2,62,0,7,318,4,329,27,16,342,6,391,419,27,446,837
03/12/2009,IWA,AZ,AWP,WE,Federal Contract Tower,23,8,21,12,64,0,10,274,7,291,23,18,295,19,355,349,14,363,718
03/13/2009,IWA,AZ,AWP,WE,Federal Contract Tower,19,9,30,29,87,0,11,259,12,282,19,20,289,41,369,350,23,373,742
03/14/2009,IWA,AZ,AWP,WE,Federal Contract Tower,17,6,12,0,35,0,11,149,8,168,17,17,161,8,203,241,0,241,444
03/15/2009,IWA,AZ,AWP,WE,Federal Contract Tower,14,4,18,10,46,0,7,146,4,157,14,11,164,14,203,126,0,126,329
03/16/2009,IWA,AZ,AWP,WE,Federal Contract Tower,19,8,13,8,48,0,3,223,4,230,19,11,236,12,278,334,4,338,616
03/17/2009,IWA,AZ,AWP,WE,Federal Contract Tower,18,8,19,3,48,0,9,166,2,177,18,17,185,5,225,217,4,221,446
03/18/2009,IWA,AZ,AWP,WE,Federal Contract Tower,19,10,18,3,50,0,8,200,6,214,19,18,218,9,264,393,30,423,687
03/19/2009,IWA,AZ,AWP,WE,Federal Contract Tower,19,6,17,9,51,0,11,294,1,306,19,17,311,10,357,399,18,417,774
03/20/2009,IWA,AZ,AWP,WE,Federal Contract Tower,20,6,15,6,47,1,6,254,0,261,21,12,269,6,308,329,0,329,637
03/21/2009,IWA,AZ,AWP,WE,Federal Contract Tower,15,3,13,1,32,0,12,151,3,166,15,15,164,4,198,230,0,230,428
03/22/2009,IWA,AZ,AWP,WE,Federal Contract Tower,14,1,13,1,29,0,4,50,0,54,14,5,63,1,83,61,0,61,144
03/23/2009,IWA,AZ,AWP,WE,Federal Contract Tower,13,5,13,8,39,0,12,196,0,208,13,17,209,8,247,317,0,317,564
03/24/2009,IWA,AZ,AWP,WE,Federal Contract Tower,15,10,18,3,46,0,5,251,2,258,15,15,269,5,304,390,4,394,698
03/25/2009,IWA,AZ,AWP,WE,Federal Contract Tower,25,8,30,3,66,0,17,284,2,303,25,25,314,5,369,437,15,452,821
03/26/2009,IWA,AZ,AWP,WE,Federal Contract Tower,22,9,8,4,43,1,4,105,17,127,23,13,113,21,170,182,12,194,364
03/27/2009,IWA,AZ,AWP,WE,Federal Contract Tower,20,7,18,17,62,0,27,216,17,260,20,34,234,34,322,379,36,415,737
03/28/2009,IWA,AZ,AWP,WE,Federal Contract Tower,17,2,8,5,32,0,8,178,6,192,17,10,186,11,224,282,0,282,506
03/29/2009,IWA,AZ,AWP,WE,Federal Contract Tower,11,5,16,7,39,2,6,125,3,136,13,11,141,10,175,76,19,95,270
03/30/2009,IWA,AZ,AWP,WE,Federal Contract Tower,15,7,9,4,35,0,6,239,0,245,15,13,248,4,280,234,0,234,514
03/31/2009,IWA,AZ,AWP,WE,Federal Contract Tower,15,11,18,3,47,0,14,282,0,296,15,25,300,3,343,375,5,380,723
04/01/2009,IWA,AZ,AWP,WE,Federal Contract Tower,22,12,22,3,59,0,7,225,0,232,22,19,247,3,291,278,6,284,575
04/02/2009,IWA,AZ,AWP,WE,Federal Contract Tower,18,7,12,9,46,0,2,256,1,259,18,9,268,10,305,319,19,338,643
04/03/2009,IWA,AZ,AWP,WE,Federal Contract Tower,16,7,15,2,40,0,15,134,2,151,16,22,149,4,191,175,4,179,370
04/04/2009,IWA,AZ,AWP,WE,Federal Contract Tower,15,4,8,8,35,0,2,162,8,172,15,6,170,16,207,257,12,269,476
04/05/2009,IWA,AZ,AWP,WE,Federal Contract Tower,16,10,11,2,39,0,8,129,2,139,16,18,140,4,178,97,6,103,281
04/06/2009,IWA,AZ,AWP,WE,Federal Contract Tower,17,6,11,3,37,0,5,214,0,219,17,11,225,3,256,269,0,269,525
04/07/2009,IWA,AZ,AWP,WE,Federal Contract Tower,14,8,14,6,42,0,11,239,4,254,14,19,253,10,296,431,28,459,755
04/08/2009,IWA,AZ,AWP,WE,Federal Contract Tower,19,10,16,6,51,0,14,239,0,253,19,24,255,6,304,346,37,383,687
04/09/2009,IWA,AZ,AWP,WE,Federal Contract Tower,18,9,23,3,53,0,8,248,11,267,18,17,271,14,320,417,4,421,741
04/10/2009,IWA,AZ,AWP,WE,Federal Contract Tower,17,9,14,8,48,0,12,171,11,194,17,21,185,19,242,253,7,260,502
04/11/2009,IWA,AZ,AWP,WE,Federal Contract Tower,16,3,21,4,44,0,7,65,0,72,16,10,86,4,116,70,2,72,188
04/12/2009,IWA,AZ,AWP,WE,Federal Contract Tower,14,4,17,2,37,0,9,142,5,156,14,13,159,7,193,136,2,138,331
04/13/2009,IWA,AZ,AWP,WE,Federal Contract Tower,19,9,13,15,56,0,5,269,3,277,19,14,282,18,333,321,0,321,654
04/14/2009,IWA,AZ,AWP,WE,Federal Contract Tower,13,9,5,2,29,0,9,172,3,184,13,18,177,5,213,215,6,221,434
04/15/2009,IWA,AZ,AWP,WE,Federal Contract Tower,10,8,4,15,37,0,17,137,6,160,10,25,141,21,197,152,24,176,373
04/16/2009,IWA,AZ,AWP,WE,Federal Contract Tower,16,9,16,9,50,0,6,309,1,316,16,15,325,10,366,302,12,314,680
04/17/2009,IWA,AZ,AWP,WE,Federal Contract Tower,18,8,10,9,45,1,19,220,5,245,19,27,230,14,290,396,4,400,690
04/18/2009,IWA,AZ,AWP,WE,Federal Contract Tower,10,4,10,6,30,0,15,201,2,218,10,19,211,8,248,204,1,205,453
04/19/2009,IWA,AZ,AWP,WE,Federal Contract Tower,11,2,10,4,27,0,9,159,0,168,11,11,169,4,195,126,0,126,321
04/20/2009,IWA,AZ,AWP,WE,Federal Contract Tower,13,8,7,4,32,0,11,235,1,247,13,19,242,5,279,312,2,314,593
04/21/2009,IWA,AZ,AWP,WE,Federal Contract Tower,12,8,5,8,33,0,9,233,6,248,12,17,238,14,281,264,2,266,547
04/22/2009,IWA,AZ,AWP,WE,Federal Contract Tower,10,8,16,2,36,0,10,266,4,280,10,18,282,6,316,408,15,423,739
04/23/2009,IWA,AZ,AWP,WE,Federal Contract Tower,15,8,13,11,47,0,18,198,6,222,15,26,211,17,269,386,25,411,680
04/24/2009,IWA,AZ,AWP,WE,Federal Contract Tower,17,5,12,7,41,0,10,269,4,283,17,15,281,11,324,375,3,378,702
04/25/2009,IWA,AZ,AWP,WE,Federal Contract Tower,10,3,10,4,27,0,6,161,1,168,10,9,171,5,195,137,6,143,338
04/26/2009,IWA,AZ,AWP,WE,Federal Contract Tower,11,5,16,4,36,0,13,171,0,184,11,18,187,4,220,228,0,228,448
04/27/2009,IWA,AZ,AWP,WE,Federal Contract Tower,13,5,9,2,29,0,22,197,1,220,13,27,206,3,249,254,0,254,503
04/28/2009,IWA,AZ,AWP,WE,Federal Contract Tower,10,7,14,3,34,0,12,250,3,265,10,19,264,6,299,198,34,232,531
04/29/2009,IWA,AZ,AWP,WE,Federal Contract Tower,12,7,15,8,42,0,8,263,4,275,12,15,278,12,317,240,11,251,568
04/30/2009,IWA,AZ,AWP,WE,Federal Contract Tower,17,13,17,8,55,0,9,298,2,309,17,22,315,10,364,317,6,323,687
05/01/2009,IWA,AZ,AWP,WE,Federal Contract Tower,13,6,19,5,43,0,6,295,22,323,13,12,314,27,366,312,0,312,678
05/02/2009,IWA,AZ,AWP,WE,Federal Contract Tower,11,3,10,11,35,0,12,170,18,200,11,15,180,29,235,121,0,121,356
05/03/2009,IWA,AZ,AWP,WE,Federal Contract Tower,11,5,7,9,32,0,8,158,8,174,11,13,165,17,206,130,0,130,336
05/04/2009,IWA,AZ,AWP,WE,Federal Contract Tower,15,8,19,7,49,0,9,253,2,264,15,17,272,9,313,405,9,414,727
05/05/2009,IWA,AZ,AWP,WE,Federal Contract Tower,12,8,12,10,42,0,7,249,5,261,12,15,261,15,303,349,55,404,707
05/06/2009,IWA,AZ,AWP,WE,Federal Contract Tower,11,9,18,7,45,0,9,267,8,284,11,18,285,15,329,449,14,463,792
05/07/2009,IWA,AZ,AWP,WE,Federal Contract Tower,20,7,11,2,40,0,10,254,4,268,20,17,265,6,308,404,5,409,717
05/08/2009,IWA,AZ,AWP,WE,Federal Contract Tower,17,5,19,5,46,0,16,266,5,287,17,21,285,10,333,369,0,369,702
05/09/2009,IWA,AZ,AWP,WE,Federal Contract Tower,11,2,13,11,37,0,13,178,3,194,11,15,191,14,231,263,0,263,494
05/10/2009,IWA,AZ,AWP,WE,Federal Contract Tower,11,1,16,2,30,0,7,162,4,173,11,8,178,6,203,230,0,230,433
05/11/2009,IWA,AZ,AWP,WE,Federal Contract Tower,12,5,9,4,30,0,14,220,5,239,12,19,229,9,269,321,29,350,619
05/12/2009,IWA,AZ,AWP,WE,Federal Contract Tower,12,8,12,4,36,0,13,269,4,286,12,21,281,8,322,378,11,389,711
05/13/2009,IWA,AZ,AWP,WE,Federal Contract Tower,11,9,19,4,43,0,13,171,0,184,11,22,190,4,227,372,15,387,614
05/14/2009,IWA,AZ,AWP,WE,Federal Contract Tower,19,7,17,7,50,0,10,314,1,325,19,17,331,8,375,439,0,439,814
05/15/2009,IWA,AZ,AWP,WE,Federal Contract Tower,14,7,11,7,39,0,6,333,5,344,14,13,344,12,383,590,0,590,973
05/16/2009,IWA,AZ,AWP,WE,Federal Contract Tower,13,1,9,15,38,0,11,183,6,200,13,12,192,21,238,284,2,286,524
05/17/2009,IWA,AZ,AWP,WE,Federal Contract Tower,8,5,7,5,25,0,24,109,3,136,8,29,116,8,161,137,0,137,298
05/18/2009,IWA,AZ,AWP,WE,Federal Contract Tower,15,5,17,3,40,0,18,179,5,202,15,23,196,8,242,254,2,256,498
05/19/2009,IWA,AZ,AWP,WE,Federal Contract Tower,11,7,16,5,39,0,9,201,9,219,11,16,217,14,258,286,10,296,554
05/20/2009,IWA,AZ,AWP,WE,Federal Contract Tower,14,8,16,4,42,0,12,215,0,227,14,20,231,4,269,245,4,249,518
05/21/2009,IWA,AZ,AWP,WE,Federal Contract Tower,17,9,17,5,48,0,11,198,6,215,17,20,215,11,263,338,16,354,617
05/22/2009,IWA,AZ,AWP,WE,Federal Contract Tower,18,9,28,21,76,0,9,159,9,177,18,18,187,30,253,250,11,261,514
05/23/2009,IWA,AZ,AWP,WE,Federal Contract Tower,12,3,14,1,30,0,12,167,10,189,12,15,181,11,219,147,0,147,366
05/24/2009,IWA,AZ,AWP,WE,Federal Contract Tower,11,3,12,1,27,0,16,143,9,168,11,19,155,10,195,102,0,102,297
05/25/2009,IWA,AZ,AWP,WE,Federal Contract Tower,10,1,13,9,33,0,10,147,5,162,10,11,160,14,195,255,0,255,450
05/26/2009,IWA,AZ,AWP,WE,Federal Contract Tower,11,7,19,4,41,0,15,178,3,196,11,22,197,7,237,334,11,345,582
05/27/2009,IWA,AZ,AWP,WE,Federal Contract Tower,12,11,14,13,50,0,6,197,7,210,12,17,211,20,260,248,12,260,520
05/28/2009,IWA,AZ,AWP,WE,Federal Contract Tower,20,9,10,11,50,0,14,208,5,227,20,23,218,16,277,352,20,372,649
05/29/2009,IWA,AZ,AWP,WE,Federal Contract Tower,14,7,16,9,46,0,9,202,4,215,14,16,218,13,261,211,11,222,483
05/30/2009,IWA,AZ,AWP,WE,Federal Contract Tower,14,1,7,0,22,0,8,125,7,140,14,9,132,7,162,165,0,165,327
05/31/2009,IWA,AZ,AWP,WE,Federal Contract Tower,15,3,5,0,23,0,4,110,5,119,15,7,115,5,142,97,0,97,239
06/01/2009,IWA,AZ,AWP,WE,Federal Contract Tower,12,7,17,3,39,0,14,169,7,190,12,21,186,10,229,220,6,226,455
06/02/2009,IWA,AZ,AWP,WE,Federal Contract Tower,11,10,14,5,40,0,11,189,2,202,11,21,203,7,242,158,14,172,414
06/03/2009,IWA,AZ,AWP,WE,Federal Contract Tower,15,11,13,2,41,0,4,181,2,187,15,15,194,4,228,159,23,182,410
06/04/2009,IWA,AZ,AWP,WE,Federal Contract Tower,23,9,8,11,51,0,9,134,6,149,23,18,142,17,200,185,39,224,424
06/05/2009,IWA,AZ,AWP,WE,Federal Contract Tower,16,8,14,5,43,0,15,151,2,168,16,23,165,7,211,189,7,196,407
06/06/2009,IWA,AZ,AWP,WE,Federal Contract Tower,14,2,8,3,27,0,8,79,2,89,14,10,87,5,116,104,2,106,222
06/07/2009,IWA,AZ,AWP,WE,Federal Contract Tower,13,2,7,3,25,0,2,63,3,68,13,4,70,6,93,85,0,85,178
06/08/2009,IWA,AZ,AWP,WE,Federal Contract Tower,11,9,11,5,36,0,11,110,0,121,11,20,121,5,157,216,2,218,375
06/09/2009,IWA,AZ,AWP,WE,Federal Contract Tower,14,8,11,3,36,0,5,129,4,138,14,13,140,7,174,201,17,218,392
06/10/2009,IWA,AZ,AWP,WE,Federal Contract Tower,12,12,11,2,37,0,11,129,1,141,12,23,140,3,178,267,0,267,445
06/11/2009,IWA,AZ,AWP,WE,Federal Contract Tower,22,9,7,4,42,1,13,118,3,135,23,22,125,7,177,238,10,248,425
06/12/2009,IWA,AZ,AWP,WE,Federal Contract Tower,14,5,7,2,28,0,7,124,4,135,14,12,131,6,163,233,21,254,417
06/13/2009,IWA,AZ,AWP,WE,Federal Contract Tower,13,5,9,1,28,0,8,93,6,107,13,13,102,7,135,211,0,211,346
06/14/2009,IWA,AZ,AWP,WE,Federal Contract Tower,12,2,7,4,25,0,5,91,1,97,12,7,98,5,122,165,0,165,287
06/15/2009,IWA,AZ,AWP,WE,Federal Contract Tower,10,7,11,2,30,0,16,116,0,132,10,23,127,2,162,233,0,233,395
06/16/2009,IWA,AZ,AWP,WE,Federal Contract Tower,14,7,5,2,28,0,13,134,2,149,14,20,139,4,177,232,16,248,425
06/17/2009,IWA,AZ,AWP,WE,Federal Contract Tower,15,7,7,4,33,0,7,148,2,157,15,14,155,6,190,230,18,248,438
06/18/2009,IWA,AZ,AWP,WE,Federal Contract Tower,22,9,24,4,59,0,9,175,0,184,22,18,199,4,243,265,18,283,526
06/19/2009,IWA,AZ,AWP,WE,Federal Contract Tower,15,6,11,2,34,0,22,174,3,199,15,28,185,5,233,188,2,190,423
06/20/2009,IWA,AZ,AWP,WE,Federal Contract Tower,11,5,3,0,19,0,14,182,7,203,11,19,185,7,222,190,0,190,412
06/21/2009,IWA,AZ,AWP,WE,Federal Contract Tower,10,3,9,6,28,0,9,114,8,131,10,12,123,14,159,136,0,136,295
06/22/2009,IWA,AZ,AWP,WE,Federal Contract Tower,12,10,14,2,38,0,11,202,0,213,12,21,216,2,251,290,8,298,549
06/23/2009,IWA,AZ,AWP,WE,Federal Contract Tower,16,8,8,3,35,0,6,253,2,261,16,14,261,5,296,335,8,343,639
06/24/2009,IWA,AZ,AWP,WE,Federal Contract Tower,15,9,13,9,46,0,3,212,2,217,15,12,225,11,263,254,18,272,535
06/25/2009,IWA,AZ,AWP,WE,Federal Contract Tower,20,11,13,5,49,0,11,214,5,230,20,22,227,10,279,348,18,366,645
06/26/2009,IWA,AZ,AWP,WE,Federal Contract Tower,16,9,8,4,37,0,5,275,3,283,16,14,283,7,320,355,0,355,675
06/27/2009,IWA,AZ,AWP,WE,Federal Contract Tower,14,2,4,1,21,0,11,145,0,156,14,13,149,1,177,186,0,186,363
06/28/2009,IWA,AZ,AWP,WE,Federal Contract Tower,12,4,8,3,27,0,9,102,1,112,12,13,110,4,139,64,0,64,203
06/29/2009,IWA,AZ,AWP,WE,Federal Contract Tower,14,4,9,0,27,0,13,181,0,194,14,17,190,0,221,296,0,296,517
06/30/2009,IWA,AZ,AWP,WE,Federal Contract Tower,15,2,9,5,31,0,13,203,2,218,15,15,212,7,249,205,0,205,454
07/01/2009,IWA,AZ,AWP,WE,Federal Contract Tower,15,3,16,0,34,0,6,176,0,182,15,9,192,0,216,137,0,137,353
07/02/2009,IWA,AZ,AWP,WE,Federal Contract Tower,16,2,15,6,39,0,4,218,1,223,16,6,233,7,262,208,2,210,472
07/03/2009,IWA,AZ,AWP,WE,Federal Contract Tower,13,2,10,0,25,0,5,162,0,167,13,7,172,0,192,289,0,289,481
07/04/2009,IWA,AZ,AWP,WE,Federal Contract Tower,13,3,2,0,18,0,5,58,0,63,13,8,60,0,81,24,0,24,105
07/05/2009,IWA,AZ,AWP,WE,Federal Contract Tower,11,5,4,2,22,0,9,91,0,100,11,14,95,2,122,123,0,123,245
07/06/2009,IWA,AZ,AWP,WE,Federal Contract Tower,13,6,10,0,29,0,10,136,23,169,13,16,146,23,198,133,0,133,331
07/07/2009,IWA,AZ,AWP,WE,Federal Contract Tower,15,10,9,3,37,0,14,183,4,201,15,24,192,7,238,154,0,154,392
07/08/2009,IWA,AZ,AWP,WE,Federal Contract Tower,15,8,7,5,35,0,6,176,1,183,15,14,183,6,218,211,11,222,440
07/09/2009,IWA,AZ,AWP,WE,Federal Contract Tower,18,6,11,0,35,0,14,207,4,225,18,20,218,4,260,333,1,334,594
07/10/2009,IWA,AZ,AWP,WE,Federal Contract Tower,13,8,9,5,35,0,10,231,31,272,13,18,240,36,307,241,0,241,548
07/11/2009,IWA,AZ,AWP,WE,Federal Contract Tower,15,1,3,3,22,0,24,138,9,171,15,25,141,12,193,179,0,179,372
07/12/2009,IWA,AZ,AWP,WE,Federal Contract Tower,12,7,3,3,25,0,7,131,0,138,12,14,134,3,163,108,0,108,271
07/13/2009,IWA,AZ,AWP,WE,Federal Contract Tower,13,11,8,1,33,0,7,161,3,171,13,18,169,4,204,295,2,297,501
07/14/2009,IWA,AZ,AWP,WE,Federal Contract Tower,14,9,13,2,38,0,19,176,1,196,14,28,189,3,234,222,0,222,456
07/15/2009,IWA,AZ,AWP,WE,Federal Contract Tower,16,9,15,0,40,0,11,195,2,208,16,20,210,2,248,417,0,417,665
07/16/2009,IWA,AZ,AWP,WE,Federal Contract Tower,16,7,8,0,31,0,7,170,0,177,16,14,178,0,208,187,0,187,395
07/17/2009,IWA,AZ,AWP,WE,Federal Contract Tower,18,5,13,2,38,0,9,140,0,149,18,14,153,2,187,177,0,177,364
07/18/2009,IWA,AZ,AWP,WE,Federal Contract Tower,14,2,8,0,24,0,5,98,2,105,14,7,106,2,129,204,0,204,333
07/19/2009,IWA,AZ,AWP,WE,Federal Contract Tower,9,2,15,0,26,0,4,76,1,81,9,6,91,1,107,45,0,45,152
07/20/2009,IWA,AZ,AWP,WE,Federal Contract Tower,9,10,15,1,35,0,5,168,3,176,9,15,183,4,211,159,2,161,372
07/21/2009,IWA,AZ,AWP,WE,Federal Contract Tower,17,9,17,0,43,0,5,157,0,162,17,14,174,0,205,153,0,153,358
07/22/2009,IWA,AZ,AWP,WE,Federal Contract Tower,17,9,13,2,41,0,9,272,0,281,17,18,285,2,322,331,2,333,655
07/23/2009,IWA,AZ,AWP,WE,Federal Contract Tower,21,7,7,0,35,0,9,182,1,192,21,16,189,1,227,275,6,281,508
07/24/2009,IWA,AZ,AWP,WE,Federal Contract Tower,13,6,16,13,48,0,14,187,0,201,13,20,203,13,249,282,7,289,538
07/25/2009,IWA,AZ,AWP,WE,Federal Contract Tower,15,2,11,0,28,0,17,111,0,128,15,19,122,0,156,198,0,198,354
07/26/2009,IWA,AZ,AWP,WE,Federal Contract Tower,11,2,15,3,31,0,3,131,0,134,11,5,146,3,165,121,0,121,286
07/27/2009,IWA,AZ,AWP,WE,Federal Contract Tower,10,5,13,1,29,0,8,148,0,156,10,13,161,1,185,216,4,220,405
07/28/2009,IWA,AZ,AWP,WE,Federal Contract Tower,15,10,20,2,47,0,2,135,7,144,15,12,155,9,191,121,0,121,312
07/29/2009,IWA,AZ,AWP,WE,Federal Contract Tower,15,7,11,5,38,0,13,178,8,199,15,20,189,13,237,217,0,217,454
07/30/2009,IWA,AZ,AWP,WE,Federal Contract Tower,20,11,15,2,48,0,12,173,3,188,20,23,188,5,236,216,0,216,452
07/31/2009,IWA,AZ,AWP,WE,Federal Contract Tower,15,10,12,11,48,0,17,188,2,207,15,27,200,13,255,273,0,273,528
08/01/2009,IWA,AZ,AWP,WE,Federal Contract Tower,13,3,6,1,23,0,8,104,2,114,13,11,110,3,137,109,4,113,250
08/02/2009,IWA,AZ,AWP,WE,Federal Contract Tower,11,3,6,1,21,0,11,90,0,101,11,14,96,1,122,57,0,57,179
08/03/2009,IWA,AZ,AWP,WE,Federal Contract Tower,10,8,19,4,41,0,6,145,0,151,10,14,164,4,192,188,0,188,380
08/04/2009,IWA,AZ,AWP,WE,Federal Contract Tower,13,7,13,2,35,0,10,165,0,175,13,17,178,2,210,217,0,217,427
08/05/2009,IWA,AZ,AWP,WE,Federal Contract Tower,11,8,18,11,48,0,7,152,0,159,11,15,170,11,207,259,13,272,479
08/06/2009,IWA,AZ,AWP,WE,Federal Contract Tower,16,11,13,2,42,0,24,163,7,194,16,35,176,9,236,194,0,194,430
08/07/2009,IWA,AZ,AWP,WE,Federal Contract Tower,16,6,20,3,45,0,14,200,4,218,16,20,220,7,263,126,0,126,389
08/08/2009,IWA,AZ,AWP,WE,Federal Contract Tower,14,2,5,0,21,0,10,135,4,149,14,12,140,4,170,158,0,158,328
08/09/2009,IWA,AZ,AWP,WE,Federal Contract Tower,11,3,11,4,29,0,10,94,0,104,11,13,105,4,133,87,0,87,220
08/10/2009,IWA,AZ,AWP,WE,Federal Contract Tower,11,6,5,2,24,0,5,131,0,136,11,11,136,2,160,215,0,215,375
08/11/2009,IWA,AZ,AWP,WE,Federal Contract Tower,10,11,7,3,31,0,19,171,2,192,10,30,178,5,223,276,4,280,503
08/12/2009,IWA,AZ,AWP,WE,Federal Contract Tower,14,9,7,1,31,0,5,196,2,203,14,14,203,3,234,285,18,303,537
08/13/2009,IWA,AZ,AWP,WE,Federal Contract Tower,18,14,4,4,40,0,9,167,3,179,18,23,171,7,219,238,2,240,459
08/14/2009,IWA,AZ,AWP,WE,Federal Contract Tower,14,6,14,12,46,0,10,178,3,191,14,16,192,15,237,192,14,206,443
08/15/2009,IWA,AZ,AWP,WE,Federal Contract Tower,12,4,6,0,22,0,5,118,1,124,12,9,124,1,146,187,0,187,333
08/16/2009,IWA,AZ,AWP,WE,Federal Contract Tower,13,5,11,2,31,0,4,21,0,25,13,9,32,2,56,9,0,9,65
08/17/2009,IWA,AZ,AWP,WE,Federal Contract Tower,15,8,17,3,43,0,6,72,2,80,15,14,89,5,123,79,11,90,213
08/18/2009,IWA,AZ,AWP,WE,Federal Contract Tower,6,9,15,0,30,0,11,182,2,195,6,20,197,2,225,281,0,281,506
08/19/2009,IWA,AZ,AWP,WE,Federal Contract Tower,10,7,14,5,36,0,14,210,11,235,10,21,224,16,271,275,12,287,558
08/20/2009,IWA,AZ,AWP,WE,Federal Contract Tower,19,10,7,10,46,0,21,198,8,227,19,31,205,18,273,242,12,254,527
08/21/2009,IWA,AZ,AWP,WE,Federal Contract Tower,15,7,17,12,51,0,9,151,7,167,15,16,168,19,218,253,19,272,490
08/22/2009,IWA,AZ,AWP,WE,Federal Contract Tower,7,7,13,1,28,0,5,95,11,111,7,12,108,12,139,168,0,168,307
08/23/2009,IWA,AZ,AWP,WE,Federal Contract Tower,11,6,6,6,29,0,13,110,6,129,11,19,116,12,158,131,0,131,289
08/24/2009,IWA,AZ,AWP,WE,Federal Contract Tower,11,8,17,0,36,2,8,163,2,175,13,16,180,2,211,264,8,272,483
08/25/2009,IWA,AZ,AWP,WE,Federal Contract Tower,7,8,19,1,35,0,6,230,0,236,7,14,249,1,271,373,0,373,644
08/26/2009,IWA,AZ,AWP,WE,Federal Contract Tower,10,8,13,2,33,2,11,202,5,220,12,19,215,7,253,373,2,375,628
08/27/2009,IWA,AZ,AWP,WE,Federal Contract Tower,18,8,16,3,45,0,7,249,2,258,18,15,265,5,303,364,3,367,670
08/28/2009,IWA,AZ,AWP,WE,Federal Contract Tower,11,5,19,7,42,0,14,171,7,192,11,19,190,14,234,149,6,155,389
08/29/2009,IWA,AZ,AWP,WE,Federal Contract Tower,7,0,9,5,21,0,3,143,3,149,7,3,152,8,170,188,10,198,368
08/30/2009,IWA,AZ,AWP,WE,Federal Contract Tower,11,2,7,5,25,0,12,96,3,111,11,14,103,8,136,58,4,62,198
08/31/2009,IWA,AZ,AWP,WE,Federal Contract Tower,10,4,3,2,19,0,10,162,5,177,10,14,165,7,196,302,0,302,498
09/01/2009,IWA,AZ,AWP,WE,Federal Contract Tower,6,8,23,3,40,0,6,236,6,248,6,14,259,9,288,253,2,255,543
09/02/2009,IWA,AZ,AWP,WE,Federal Contract Tower,9,10,8,0,27,0,10,256,2,268,9,20,264,2,295,297,0,297,592
09/03/2009,IWA,AZ,AWP,WE,Federal Contract Tower,19,11,14,2,46,0,5,196,3,204,19,16,210,5,250,262,0,262,512
09/04/2009,IWA,AZ,AWP,WE,Federal Contract Tower,15,1,19,5,40,0,8,234,1,243,15,9,253,6,283,430,11,441,724
09/05/2009,IWA,AZ,AWP,WE,Federal Contract Tower,9,2,4,0,15,0,10,42,0,52,9,12,46,0,67,25,0,25,92
09/06/2009,IWA,AZ,AWP,WE,Federal Contract Tower,11,5,4,0,20,0,10,90,0,100,11,15,94,0,120,143,0,143,263
09/07/2009,IWA,AZ,AWP,WE,Federal Contract Tower,12,6,3,1,22,0,15,148,0,163,12,21,151,1,185,204,0,204,389
09/08/2009,IWA,AZ,AWP,WE,Federal Contract Tower,5,8,5,3,21,0,6,220,2,228,5,14,225,5,249,294,13,307,556
09/09/2009,IWA,AZ,AWP,WE,Federal Contract Tower,12,7,9,10,38,0,8,233,1,242,12,15,242,11,280,261,5,266,546
09/10/2009,IWA,AZ,AWP,WE,Federal Contract Tower,20,8,8,10,46,0,5,256,5,266,20,13,264,15,312,416,14,430,742
09/11/2009,IWA,AZ,AWP,WE,Federal Contract Tower,14,5,8,18,45,0,11,211,8,230,14,16,219,26,275,276,15,291,566
09/12/2009,IWA,AZ,AWP,WE,Federal Contract Tower,10,2,11,8,31,0,6,152,4,162,10,8,163,12,193,116,45,161,354
09/13/2009,IWA,AZ,AWP,WE,Federal Contract Tower,11,1,6,14,32,0,12,116,3,131,11,13,122,17,163,146,0,146,309
09/14/2009,IWA,AZ,AWP,WE,Federal Contract Tower,13,7,12,3,35,0,9,206,4,219,13,16,218,7,254,272,4,276,530
09/15/2009,IWA,AZ,AWP,WE,Federal Contract Tower,6,12,12,2,32,0,13,235,2,250,6,25,247,4,282,409,13,422,704
09/16/2009,IWA,AZ,AWP,WE,Federal Contract Tower,10,10,18,4,42,0,24,230,3,257,10,34,248,7,299,405,21,426,725
09/17/2009,IWA,AZ,AWP,WE,Federal Contract Tower,18,9,4,6,37,0,8,215,0,223,18,17,219,6,260,284,4,288,548
09/18/2009,IWA,AZ,AWP,WE,Federal Contract Tower,16,4,11,8,39,0,19,219,15,253,16,23,230,23,292,439,1,440,732
09/19/2009,IWA,AZ,AWP,WE,Federal Contract Tower,8,1,5,2,16,0,18,119,6,143,8,19,124,8,159,230,0,230,389
09/20/2009,IWA,AZ,AWP,WE,Federal Contract Tower,11,3,7,8,29,0,17,122,0,139,11,20,129,8,168,135,0,135,303
09/21/2009,IWA,AZ,AWP,WE,Federal Contract Tower,12,4,13,0,29,0,13,221,0,234,12,17,234,0,263,323,0,323,586
09/22/2009,IWA,AZ,AWP,WE,Federal Contract Tower,8,8,7,3,26,0,10,228,0,238,8,18,235,3,264,376,7,383,647
09/23/2009,IWA,AZ,AWP,WE,Federal Contract Tower,10,5,12,4,31,0,14,197,0,211,10,19,209,4,242,250,18,268,510
09/24/2009,IWA,AZ,AWP,WE,Federal Contract Tower,16,11,10,3,40,0,12,215,8,235,16,23,225,11,275,348,2,350,625
09/25/2009,IWA,AZ,AWP,WE,Federal Contract Tower,15,5,8,7,35,0,11,216,10,237,15,16,224,17,272,434,24,458,730
09/26/2009,IWA,AZ,AWP,WE,Federal Contract Tower,8,3,8,5,24,0,10,143,2,155,8,13,151,7,179,191,0,191,370
09/27/2009,IWA,AZ,AWP,WE,Federal Contract Tower,14,1,6,3,24,0,0,101,2,103,14,1,107,5,127,173,0,173,300
09/28/2009,IWA,AZ,AWP,WE,Federal Contract Tower,11,5,13,7,36,0,5,144,2,151,11,10,157,9,187,272,0,272,459
09/29/2009,IWA,AZ,AWP,WE,Federal Contract Tower,7,9,11,7,34,0,17,227,2,246,7,26,238,9,280,404,0,404,684
09/30/2009,IWA,AZ,AWP,WE,Federal Contract Tower,10,7,19,5,41,0,10,204,0,214,10,17,223,5,255,387,8,395,650
10/01/2009,IWA,AZ,AWP,WE,Federal Contract Tower,19,9,21,7,56,0,15,249,5,269,19,24,270,12,325,349,32,381,706
10/02/2009,IWA,AZ,AWP,WE,Federal Contract Tower,17,7,11,6,41,0,8,227,26,261,17,15,238,32,302,485,14,499,801
10/03/2009,IWA,AZ,AWP,WE,Federal Contract Tower,8,2,9,6,25,0,4,112,16,132,8,6,121,22,157,205,10,215,372
10/04/2009,IWA,AZ,AWP,WE,Federal Contract Tower,11,2,6,7,26,0,11,73,3,87,11,13,79,10,113,104,5,109,222
10/05/2009,IWA,AZ,AWP,WE,Federal Contract Tower,10,8,9,4,31,0,6,220,16,242,10,14,229,20,273,288,3,291,564
10/06/2009,IWA,AZ,AWP,WE,Federal Contract Tower,5,12,14,20,51,0,8,224,8,240,5,20,238,28,291,339,52,391,682
10/07/2009,IWA,AZ,AWP,WE,Federal Contract Tower,14,8,12,12,46,0,14,250,12,276,14,22,262,24,322,460,12,472,794
10/08/2009,IWA,AZ,AWP,WE,Federal Contract Tower,23,9,8,14,54,0,7,158,17,182,23,16,166,31,236,301,32,333,569
10/09/2009,IWA,AZ,AWP,WE,Federal Contract Tower,17,5,14,18,54,0,14,145,10,169,17,19,159,28,223,245,15,260,483
10/10/2009,IWA,AZ,AWP,WE,Federal Contract Tower,10,2,8,7,27,0,5,136,8,149,10,7,144,15,176,245,3,248,424
10/11/2009,IWA,AZ,AWP,WE,Federal Contract Tower,13,2,6,11,32,0,12,107,13,132,13,14,113,24,164,134,8,142,306
10/12/2009,IWA,AZ,AWP,WE,Federal Contract Tower,9,6,16,11,42,0,12,138,20,170,9,18,154,31,212,154,16,170,382
10/13/2009,IWA,AZ,AWP,WE,Federal Contract Tower,7,10,8,1,26,0,10,174,0,184,7,20,182,1,210,365,0,365,575
10/14/2009,IWA,AZ,AWP,WE,Federal Contract Tower,16,7,11,9,43,0,5,242,12,259,16,12,253,21,302,406,8,414,716
10/15/2009,IWA,AZ,AWP,WE,Federal Contract Tower,16,7,17,4,44,0,13,222,2,237,16,20,239,6,281,390,0,390,671
10/16/2009,IWA,AZ,AWP,WE,Federal Contract Tower,17,6,22,12,57,0,1,187,0,188,17,7,209,12,245,349,0,349,594
10/17/2009,IWA,AZ,AWP,WE,Federal Contract Tower,11,2,9,5,27,0,10,128,0,138,11,12,137,5,165,229,0,229,394
10/18/2009,IWA,AZ,AWP,WE,Federal Contract Tower,11,4,10,4,29,0,7,98,1,106,11,11,108,5,135,105,0,105,240
10/19/2009,IWA,AZ,AWP,WE,Federal Contract Tower,14,6,13,0,33,0,16,157,2,175,14,22,170,2,208,238,24,262,470
10/20/2009,IWA,AZ,AWP,WE,Federal Contract Tower,5,13,16,0,34,0,12,218,0,230,5,25,234,0,264,494,0,494,758
10/21/2009,IWA,AZ,AWP,WE,Federal Contract Tower,16,9,12,0,37,0,9,252,4,265,16,18,264,4,302,495,4,499,801
10/22/2009,IWA,AZ,AWP,WE,Federal Contract Tower,18,8,24,7,57,0,17,252,0,269,18,25,276,7,326,507,0,507,833
10/23/2009,IWA,AZ,AWP,WE,Federal Contract Tower,16,6,13,13,48,0,12,210,15,237,16,18,223,28,285,466,44,510,795
10/24/2009,IWA,AZ,AWP,WE,Federal Contract Tower,12,5,17,2,36,0,3,178,1,182,12,8,195,3,218,366,0,366,584
10/25/2009,IWA,AZ,AWP,WE,Federal Contract Tower,11,4,11,7,33,0,9,124,5,138,11,13,135,12,171,120,8,128,299
10/26/2009,IWA,AZ,AWP,WE,Federal Contract Tower,10,5,12,3,30,0,12,212,4,228,10,17,224,7,258,306,1,307,565
10/27/2009,IWA,AZ,AWP,WE,Federal Contract Tower,8,10,21,8,47,1,3,94,0,98,9,13,115,8,145,124,0,124,269
10/28/2009,IWA,AZ,AWP,WE,Federal Contract Tower,15,6,14,12,47,0,11,196,6,213,15,17,210,18,260,286,20,306,566
10/29/2009,IWA,AZ,AWP,WE,Federal Contract Tower,20,10,13,12,55,0,11,239,4,254,20,21,252,16,309,560,0,560,869
10/30/2009,IWA,AZ,AWP,WE,Federal Contract Tower,17,5,9,3,34,0,8,260,0,268,17,13,269,3,302,447,20,467,769
10/31/2009,IWA,AZ,AWP,WE,Federal Contract Tower,10,1,12,0,23,0,4,133,1,138,10,5,145,1,161,229,0,229,390
11/01/2009,IWA,AZ,AWP,WE,Federal Contract Tower,12,4,10,2,28,0,6,131,0,137,12,10,141,2,165,249,0,249,414
11/02/2009,IWA,AZ,AWP,WE,Federal Contract Tower,9,5,12,8,34,0,12,254,5,271,9,17,266,13,305,490,0,490,795
11/03/2009,IWA,AZ,AWP,WE,Federal Contract Tower,5,12,16,9,42,0,18,192,3,213,5,30,208,12,255,504,14,518,773
11/04/2009,IWA,AZ,AWP,WE,Federal Contract Tower,14,5,18,6,43,0,10,245,0,255,14,15,263,6,298,436,0,436,734
11/05/2009,IWA,AZ,AWP,WE,Federal Contract Tower,17,9,21,3,50,0,6,225,2,233,17,15,246,5,283,429,7,436,719
11/06/2009,IWA,AZ,AWP,WE,Federal Contract Tower,14,8,17,5,44,0,6,224,1,231,14,14,241,6,275,402,0,402,677
11/07/2009,IWA,AZ,AWP,WE,Federal Contract Tower,10,2,13,0,25,0,8,188,2,198,10,10,201,2,223,252,0,252,475
11/08/2009,IWA,AZ,AWP,WE,Federal Contract Tower,10,4,19,3,36,0,10,103,2,115,10,14,122,5,151,169,0,169,320
11/09/2009,IWA,AZ,AWP,WE,Federal Contract Tower,12,8,18,6,44,0,2,150,0,152,12,10,168,6,196,305,4,309,505
11/10/2009,IWA,AZ,AWP,WE,Federal Contract Tower,7,10,16,0,33,0,9,263,4,276,7,19,279,4,309,456,12,468,777
11/11/2009,IWA,AZ,AWP,WE,Federal Contract Tower,11,8,16,5,40,0,6,222,3,231,11,14,238,8,271,462,0,462,733
11/12/2009,IWA,AZ,AWP,WE,Federal Contract Tower,17,12,22,2,53,0,11,249,0,260,17,23,271,2,313,490,0,490,803
11/13/2009,IWA,AZ,AWP,WE,Federal Contract Tower,19,11,9,20,59,0,6,183,2,191,19,17,192,22,250,337,5,342,592
11/14/2009,IWA,AZ,AWP,WE,Federal Contract Tower,14,1,5,5,25,0,14,175,4,193,14,15,180,9,218,385,15,400,618
11/15/2009,IWA,AZ,AWP,WE,Federal Contract Tower,10,4,13,11,38,0,2,122,6,130,10,6,135,17,168,210,0,210,378
11/16/2009,IWA,AZ,AWP,WE,Federal Contract Tower,14,7,6,4,31,0,6,200,0,206,14,13,206,4,237,331,11,342,579
11/17/2009,IWA,AZ,AWP,WE,Federal Contract Tower,8,9,7,4,28,0,4,244,0,248,8,13,251,4,276,453,5,458,734
11/18/2009,IWA,AZ,AWP,WE,Federal Contract Tower,13,9,19,7,48,0,8,233,0,241,13,17,252,7,289,492,7,499,788
11/19/2009,IWA,AZ,AWP,WE,Federal Contract Tower,21,7,24,6,58,0,14,256,7,277,21,21,280,13,335,384,4,388,723
11/20/2009,IWA,AZ,AWP,WE,Federal Contract Tower,19,8,16,9,52,0,12,243,6,261,19,20,259,15,313,392,2,394,707
11/21/2009,IWA,AZ,AWP,WE,Federal Contract Tower,16,3,12,2,33,0,8,174,2,184,16,11,186,4,217,242,2,244,461
11/22/2009,IWA,AZ,AWP,WE,Federal Contract Tower,12,3,10,14,39,0,8,148,1,157,12,11,158,15,196,261,4,265,461
11/23/2009,IWA,AZ,AWP,WE,Federal Contract Tower,21,2,14,3,40,0,15,225,3,243,21,17,239,6,283,292,4,296,579
11/24/2009,IWA,AZ,AWP,WE,Federal Contract Tower,19,0,19,5,43,0,8,246,2,256,19,8,265,7,299,308,10,318,617
11/25/2009,IWA,AZ,AWP,WE,Federal Contract Tower,21,3,16,6,46,0,17,167,0,184,21,20,183,6,230,266,11,277,507
11/26/2009,IWA,AZ,AWP,WE,Federal Contract Tower,10,1,2,0,13,0,4,21,0,25,10,5,23,0,38,12,0,12,50
11/27/2009,IWA,AZ,AWP,WE,Federal Contract Tower,17,2,2,0,21,0,12,113,1,126,17,14,115,1,147,172,0,172,319
11/28/2009,IWA,AZ,AWP,WE,Federal Contract Tower,18,4,5,0,27,0,11,81,4,96,18,15,86,4,123,30,0,30,153
11/29/2009,IWA,AZ,AWP,WE,Federal Contract Tower,19,4,14,0,37,0,7,94,2,103,19,11,108,2,140,156,0,156,296
11/30/2009,IWA,AZ,AWP,WE,Federal Contract Tower,20,9,7,0,36,0,7,113,1,121,20,16,120,1,157,255,0,255,412
12/01/2009,IWA,AZ,AWP,WE,Federal Contract Tower,13,7,6,3,29,0,10,188,7,205,13,17,194,10,234,365,13,378,612
12/02/2009,IWA,AZ,AWP,WE,Federal Contract Tower,17,6,18,3,44,0,8,239,2,249,17,14,257,5,293,325,0,325,618
12/03/2009,IWA,AZ,AWP,WE,Federal Contract Tower,20,8,10,4,42,0,14,224,1,239,20,22,234,5,281,317,11,328,609
12/04/2009,IWA,AZ,AWP,WE,Federal Contract Tower,18,8,13,13,52,0,11,220,1,232,18,19,233,14,284,255,3,258,542
12/05/2009,IWA,AZ,AWP,WE,Federal Contract Tower,14,2,11,1,28,0,6,174,1,181,14,8,185,2,209,215,0,215,424
12/06/2009,IWA,AZ,AWP,WE,Federal Contract Tower,15,3,11,9,38,0,5,113,7,125,15,8,124,16,163,123,0,123,286
12/07/2009,IWA,AZ,AWP,WE,Federal Contract Tower,13,14,16,2,45,0,5,37,2,44,13,19,53,4,89,123,8,131,220
12/08/2009,IWA,AZ,AWP,WE,Federal Contract Tower,5,11,18,6,40,0,7,208,3,218,5,18,226,9,258,388,6,394,652
12/09/2009,IWA,AZ,AWP,WE,Federal Contract Tower,11,7,16,4,38,0,23,248,0,271,11,30,264,4,309,414,3,417,726
12/10/2009,IWA,AZ,AWP,WE,Federal Contract Tower,20,9,13,5,47,0,18,276,1,295,20,27,289,6,342,357,3,360,702
12/11/2009,IWA,AZ,AWP,WE,Federal Contract Tower,16,9,11,4,40,0,10,189,7,206,16,19,200,11,246,416,6,422,668
12/12/2009,IWA,AZ,AWP,WE,Federal Contract Tower,10,4,12,2,28,0,3,209,1,213,10,7,221,3,241,297,0,297,538
12/13/2009,IWA,AZ,AWP,WE,Federal Contract Tower,17,3,13,6,39,0,11,101,3,115,17,14,114,9,154,144,4,148,302
12/14/2009,IWA,AZ,AWP,WE,Federal Contract Tower,15,7,16,4,42,0,9,248,0,257,15,16,264,4,299,417,0,417,716
12/15/2009,IWA,AZ,AWP,WE,Federal Contract Tower,7,9,18,4,38,0,5,242,2,249,7,14,260,6,287,355,0,355,642
12/16/2009,IWA,AZ,AWP,WE,Federal Contract Tower,13,5,21,8,47,0,6,267,3,276,13,11,288,11,323,445,27,472,795
12/17/2009,IWA,AZ,AWP,WE,Federal Contract Tower,19,8,8,4,39,0,5,260,0,265,19,13,268,4,304,322,0,322,626
12/18/2009,IWA,AZ,AWP,WE,Federal Contract Tower,22,7,15,8,52,0,5,239,4,248,22,12,254,12,300,321,14,335,635
12/19/2009,IWA,AZ,AWP,WE,Federal Contract Tower,21,1,8,10,40,0,3,170,5,178,21,4,178,15,218,182,0,182,400
12/20/2009,IWA,AZ,AWP,WE,Federal Contract Tower,18,4,15,1,38,0,4,106,5,115,18,8,121,6,153,163,0,163,316
12/21/2009,IWA,AZ,AWP,WE,Federal Contract Tower,24,11,14,10,59,0,9,154,0,163,24,20,168,10,222,234,10,244,466
12/22/2009,IWA,AZ,AWP,WE,Federal Contract Tower,24,4,13,4,45,0,5,122,0,127,24,9,135,4,172,144,2,146,318
12/23/2009,IWA,AZ,AWP,WE,Federal Contract Tower,24,1,6,4,35,0,15,187,0,202,24,16,193,4,237,337,0,337,574
12/24/2009,IWA,AZ,AWP,WE,Federal Contract Tower,17,1,2,2,22,0,11,112,0,123,17,12,114,2,145,108,0,108,253
12/25/2009,IWA,AZ,AWP,WE,Federal Contract Tower,10,6,1,0,17,0,10,14,0,24,10,16,15,0,41,15,0,15,56
12/26/2009,IWA,AZ,AWP,WE,Federal Contract Tower,21,7,7,0,35,0,12,79,0,91,21,19,86,0,126,84,0,84,210
12/27/2009,IWA,AZ,AWP,WE,Federal Contract Tower,23,14,9,0,46,0,8,66,0,74,23,22,75,0,120,97,0,97,217
12/28/2009,IWA,AZ,AWP,WE,Federal Contract Tower,22,9,10,3,44,0,10,119,0,129,22,19,129,3,173,154,0,154,327
12/29/2009,IWA,AZ,AWP,WE,Federal Contract Tower,28,10,13,2,53,0,4,177,1,182,28,14,190,3,235,362,8,370,605
12/30/2009,IWA,AZ,AWP,WE,Federal Contract Tower,21,4,15,0,40,0,13,179,0,192,21,17,194,0,232,240,0,240,472
12/31/2009,IWA,AZ,AWP,WE,Federal Contract Tower,21,5,10,12,48,0,5,163,0,168,21,10,173,12,216,120,3,123,339
01/01/2010,IWA,AZ,AWP,WE,Federal Contract Tower,18,7,3,0,28,0,10,22,0,32,18,17,25,0,60,13,0,13,73
01/02/2010,IWA,AZ,AWP,WE,Federal Contract Tower,18,3,9,2,32,0,9,157,0,166,18,12,166,2,198,181,0,181,379
01/03/2010,IWA,AZ,AWP,WE,Federal Contract Tower,27,4,8,0,39,0,7,116,0,123,27,11,124,0,162,169,0,169,331
01/04/2010,IWA,AZ,AWP,WE,Federal Contract Tower,24,5,9,7,45,0,3,132,0,135,24,8,141,7,180,183,7,190,370
01/05/2010,IWA,AZ,AWP,WE,Federal Contract Tower,22,13,15,13,63,0,18,173,2,193,22,31,188,15,256,313,18,331,587
01/06/2010,IWA,AZ,AWP,WE,Federal Contract Tower,12,11,21,5,49,0,10,220,1,231,12,21,241,6,280,421,1,422,702
01/07/2010,IWA,AZ,AWP,WE,Federal Contract Tower,21,11,20,4,56,0,11,223,4,238,21,22,243,8,294,322,21,343,637
01/08/2010,IWA,AZ,AWP,WE,Federal Contract Tower,19,11,14,12,56,0,10,212,5,227,19,21,226,17,283,280,12,292,575
01/09/2010,IWA,AZ,AWP,WE,Federal Contract Tower,10,5,8,6,29,0,9,179,10,198,10,14,187,16,227,208,4,212,439
01/10/2010,IWA,AZ,AWP,WE,Federal Contract Tower,11,2,9,11,33,0,9,132,10,151,11,11,141,21,184,258,0,258,442
01/11/2010,IWA,AZ,AWP,WE,Federal Contract Tower,13,7,7,3,30,0,9,207,1,217,13,16,214,4,247,298,0,298,545
01/12/2010,IWA,AZ,AWP,WE,Federal Contract Tower,5,9,12,2,28,0,12,266,0,278,5,21,278,2,306,372,8,380,686
01/13/2010,IWA,AZ,AWP,WE,Federal Contract Tower,12,8,17,6,43,0,11,273,0,284,12,19,290,6,327,322,12,334,661
01/14/2010,IWA,AZ,AWP,WE,Federal Contract Tower,19,17,21,6,63,0,5,261,2,268,19,22,282,8,331,354,8,362,693
01/15/2010,IWA,AZ,AWP,WE,Federal Contract Tower,17,9,21,11,58,0,22,215,21,258,17,31,236,32,316,260,24,284,600
01/16/2010,IWA,AZ,AWP,WE,Federal Contract Tower,10,7,13,18,48,0,7,181,17,205,10,14,194,35,253,214,3,217,470
01/17/2010,IWA,AZ,AWP,WE,Federal Contract Tower,12,2,12,4,30,0,9,109,5,123,12,11,121,9,153,146,0,146,299
01/18/2010,IWA,AZ,AWP,WE,Federal Contract Tower,13,4,12,8,37,0,3,160,7,170,13,7,172,15,207,249,27,276,483
01/19/2010,IWA,AZ,AWP,WE,Federal Contract Tower,7,8,9,5,29,0,4,171,6,181,7,12,180,11,210,283,4,287,497
01/20/2010,IWA,AZ,AWP,WE,Federal Contract Tower,13,5,5,7,30,0,15,207,3,225,13,20,212,10,255,409,33,442,697
01/21/2010,IWA,AZ,AWP,WE,Federal Contract Tower,18,9,9,0,36,0,0,5,0,5,18,9,14,0,41,6,0,6,47
01/22/2010,IWA,AZ,AWP,WE,Federal Contract Tower,15,11,22,10,58,0,7,71,0,78,15,18,93,10,136,84,2,86,222
01/23/2010,IWA,AZ,AWP,WE,Federal Contract Tower,10,3,29,2,44,0,4,174,6,184,10,7,203,8,228,218,0,218,446
01/24/2010,IWA,AZ,AWP,WE,Federal Contract Tower,12,4,25,7,48,0,32,151,9,192,12,36,176,16,240,194,0,194,434
01/25/2010,IWA,AZ,AWP,WE,Federal Contract Tower,16,7,15,0,38,2,24,240,4,270,18,31,255,4,308,295,0,295,603
01/26/2010,IWA,AZ,AWP,WE,Federal Contract Tower,5,8,15,9,37,0,9,223,3,235,5,17,238,12,272,241,12,253,525
01/27/2010,IWA,AZ,AWP,WE,Federal Contract Tower,13,8,10,6,37,0,15,312,4,331,13,23,322,10,368,346,10,356,724
01/28/2010,IWA,AZ,AWP,WE,Federal Contract Tower,17,22,24,11,74,0,12,117,0,129,17,34,141,11,203,192,36,228,431
01/29/2010,IWA,AZ,AWP,WE,Federal Contract Tower,16,12,12,20,60,0,15,192,3,210,16,27,204,23,270,273,50,323,593
01/30/2010,IWA,AZ,AWP,WE,Federal Contract Tower,12,10,8,11,41,0,8,122,9,139,12,18,130,20,180,181,0,181,361
01/31/2010,IWA,AZ,AWP,WE,Federal Contract Tower,12,10,8,16,46,0,7,125,18,150,12,17,133,34,196,125,0,125,321
02/01/2010,IWA,AZ,AWP,WE,Federal Contract Tower,13,9,16,5,43,0,6,201,0,207,13,15,217,5,250,314,0,314,564
02/02/2010,IWA,AZ,AWP,WE,Federal Contract Tower,13,11,14,5,43,0,2,167,3,172,13,13,181,8,215,193,5,198,413
02/03/2010,IWA,AZ,AWP,WE,Federal Contract Tower,11,7,15,3,36,0,11,186,0,197,11,18,201,3,233,228,6,234,467
02/04/2010,IWA,AZ,AWP,WE,Federal Contract Tower,19,11,14,6,50,0,12,194,0,206,19,23,208,6,256,231,0,231,487
02/05/2010,IWA,AZ,AWP,WE,Federal Contract Tower,19,8,15,18,60,0,12,193,8,213,19,20,208,26,273,232,4,236,509
02/06/2010,IWA,AZ,AWP,WE,Federal Contract Tower,14,8,7,3,32,0,22,187,7,216,14,30,194,10,248,315,0,315,563
02/07/2010,IWA,AZ,AWP,WE,Federal Contract Tower,15,4,5,17,41,0,14,53,4,71,15,18,58,21,112,63,0,63,175
02/08/2010,IWA,AZ,AWP,WE,Federal Contract Tower,15,7,13,4,39,0,5,223,1,229,15,12,236,5,268,228,0,228,496
02/09/2010,IWA,AZ,AWP,WE,Federal Contract Tower,13,13,12,5,43,0,12,279,0,291,13,25,291,5,334,309,24,333,667
02/10/2010,IWA,AZ,AWP,WE,Federal Contract Tower,15,10,10,0,35,0,9,229,0,238,15,19,239,0,273,360,0,360,633
02/11/2010,IWA,AZ,AWP,WE,Federal Contract Tower,22,9,21,0,52,0,15,222,1,238,22,24,243,1,290,448,0,448,738
02/12/2010,IWA,AZ,AWP,WE,Federal Contract Tower,18,2,18,16,54,0,14,263,8,285,18,16,281,24,339,332,0,332,671
02/13/2010,IWA,AZ,AWP,WE,Federal Contract Tower,16,7,16,11,50,0,16,228,9,253,16,23,244,20,303,307,12,319,622
02/14/2010,IWA,AZ,AWP,WE,Federal Contract Tower,19,4,19,4,46,0,13,98,4,115,19,17,117,8,161,173,0,173,334
02/15/2010,IWA,AZ,AWP,WE,Federal Contract Tower,13,7,27,12,59,0,15,175,3,193,13,22,202,15,252,284,14,298,550
02/16/2010,IWA,AZ,AWP,WE,Federal Contract Tower,12,18,19,5,54,0,9,245,6,260,12,27,264,11,314,319,16,335,649
02/17/2010,IWA,AZ,AWP,WE,Federal Contract Tower,18,6,21,4,49,0,17,285,0,302,18,23,306,4,351,426,0,426,777
02/18/2010,IWA,AZ,AWP,WE,Federal Contract Tower,23,11,19,6,59,0,9,212,1,222,23,20,231,7,281,340,0,340,621
02/19/2010,IWA,AZ,AWP,WE,Federal Contract Tower,19,7,22,10,58,0,8,194,17,219,19,15,216,27,277,238,4,242,519
02/20/2010,IWA,AZ,AWP,WE,Federal Contract Tower,15,5,13,8,41,0,3,81,11,95,15,8,94,19,136,116,2,118,254
02/21/2010,IWA,AZ,AWP,WE,Federal Contract Tower,17,3,14,16,50,0,0,47,5,52,17,3,61,21,102,86,0,86,188
02/22/2010,IWA,AZ,AWP,WE,Federal Contract Tower,19,9,14,6,48,0,6,53,2,61,19,15,67,8,109,113,2,115,224
02/23/2010,IWA,AZ,AWP,WE,Federal Contract Tower,16,13,18,3,50,0,9,223,4,236,16,22,241,7,286,417,1,418,704
02/24/2010,IWA,AZ,AWP,WE,Federal Contract Tower,18,11,19,2,50,0,12,317,4,333,18,23,336,6,383,649,18,667,1050
02/25/2010,IWA,AZ,AWP,WE,Federal Contract Tower,21,14,17,7,59,0,5,259,0,264,21,19,276,7,323,465,13,478,801
02/26/2010,IWA,AZ,AWP,WE,Federal Contract Tower,21,9,17,11,58,0,17,216,16,249,21,26,233,27,307,387,18,405,712
02/27/2010,IWA,AZ,AWP,WE,Federal Contract Tower,15,7,15,6,43,0,10,138,8,156,15,17,153,14,199,245,0,245,444
02/28/2010,IWA,AZ,AWP,WE,Federal Contract Tower,17,3,20,2,42,0,3,15,4,22,17,6,35,6,64,37,0,37,101
03/01/2010,IWA,AZ,AWP,WE,Federal Contract Tower,15,10,19,7,51,0,10,215,2,227,15,20,234,9,278,362,16,378,656
03/02/2010,IWA,AZ,AWP,WE,Federal Contract Tower,15,8,15,6,44,0,11,225,5,241,15,19,240,11,285,407,25,432,717
03/03/2010,IWA,AZ,AWP,WE,Federal Contract Tower,19,7,15,5,46,0,7,270,9,286,19,14,285,14,332,501,12,513,845
03/04/2010,IWA,AZ,AWP,WE,Federal Contract Tower,23,12,17,8,60,0,13,225,2,240,23,25,242,10,300,359,0,359,659
03/05/2010,IWA,AZ,AWP,WE,Federal Contract Tower,18,9,16,15,58,0,14,236,3,253,18,23,252,18,311,406,16,422,733
03/06/2010,IWA,AZ,AWP,WE,Federal Contract Tower,17,2,17,11,47,0,17,175,6,198,17,19,192,17,245,332,0,332,577
03/07/2010,IWA,AZ,AWP,WE,Federal Contract Tower,17,5,10,6,38,0,3,24,0,27,17,8,34,6,65,30,4,34,99
03/08/2010,IWA,AZ,AWP,WE,Federal Contract Tower,21,11,31,7,70,0,2,47,1,50,21,13,78,8,120,128,23,151,271
03/09/2010,IWA,AZ,AWP,WE,Federal Contract Tower,19,15,12,2,48,0,11,146,16,173,19,26,158,18,221,164,6,170,391
03/10/2010,IWA,AZ,AWP,WE,Federal Contract Tower,26,10,14,6,56,0,20,283,0,303,26,30,297,6,359,448,8,456,815
03/11/2010,IWA,AZ,AWP,WE,Federal Contract Tower,24,16,15,12,67,0,15,273,2,290,24,31,288,14,357,358,26,384,741
03/12/2010,IWA,AZ,AWP,WE,Federal Contract Tower,22,8,23,23,76,0,15,279,17,311,22,23,302,40,387,317,0,317,704
03/13/2010,IWA,AZ,AWP,WE,Federal Contract Tower,20,3,19,10,52,0,4,153,23,180,20,7,172,33,232,293,8,301,533
03/14/2010,IWA,AZ,AWP,WE,Federal Contract Tower,18,8,23,8,57,0,12,132,25,169,18,20,155,33,226,207,0,207,433
03/15/2010,IWA,AZ,AWP,WE,Federal Contract Tower,20,8,14,6,48,0,22,172,4,198,20,30,186,10,246,370,13,383,629
03/16/2010,IWA,AZ,AWP,WE,Federal Contract Tower,22,8,15,3,48,0,18,268,0,286,22,26,283,3,334,473,0,473,807
03/17/2010,IWA,AZ,AWP,WE,Federal Contract Tower,24,8,12,10,54,0,8,204,3,215,24,16,216,13,269,202,23,225,494
03/18/2010,IWA,AZ,AWP,WE,Federal Contract Tower,25,6,8,3,42,0,11,189,1,201,25,17,197,4,243,304,7,311,554
03/19/2010,IWA,AZ,AWP,WE,Federal Contract Tower,27,9,23,11,70,0,8,148,9,165,27,17,171,20,235,223,10,233,468
03/20/2010,IWA,AZ,AWP,WE,Federal Contract Tower,21,7,13,9,50,0,13,143,16,172,21,20,156,25,222,251,8,259,481
03/21/2010,IWA,AZ,AWP,WE,Federal Contract Tower,18,5,15,8,46,0,28,103,10,141,18,33,118,18,187,114,0,114,301
03/22/2010,IWA,AZ,AWP,WE,Federal Contract Tower,24,8,11,1,44,0,7,201,1,209,24,15,212,2,253,256,0,256,509
03/23/2010,IWA,AZ,AWP,WE,Federal Contract Tower,23,9,21,2,55,0,2,187,0,189,23,11,208,2,244,360,8,368,612
03/24/2010,IWA,AZ,AWP,WE,Federal Contract Tower,26,8,19,4,57,0,9,271,0,280,26,17,290,4,337,411,18,429,766
03/25/2010,IWA,AZ,AWP,WE,Federal Contract Tower,27,9,16,7,59,0,8,260,0,268,27,17,276,7,327,379,1,380,707
03/26/2010,IWA,AZ,AWP,WE,Federal Contract Tower,23,6,21,5,55,0,7,152,9,168,23,13,173,14,223,213,25,238,461
03/27/2010,IWA,AZ,AWP,WE,Federal Contract Tower,23,5,9,13,50,0,13,150,14,177,23,18,159,27,227,195,2,197,424
03/28/2010,IWA,AZ,AWP,WE,Federal Contract Tower,20,4,11,6,41,0,9,147,12,168,20,13,158,18,209,136,0,136,345
03/29/2010,IWA,AZ,AWP,WE,Federal Contract Tower,19,9,10,11,49,0,7,230,0,237,19,16,240,11,286,391,9,400,686
03/30/2010,IWA,AZ,AWP,WE,Federal Contract Tower,26,8,12,1,47,0,6,220,2,228,26,14,232,3,275,254,0,254,529
03/31/2010,IWA,AZ,AWP,WE,Federal Contract Tower,20,11,8,4,43,0,15,136,4,155,20,26,144,8,198,188,2,190,388
04/01/2010,IWA,AZ,AWP,WE,Federal Contract Tower,23,7,10,3,43,0,7,203,6,216,23,14,213,9,259,252,1,253,512
04/02/2010,IWA,AZ,AWP,WE,Federal Contract Tower,24,15,15,12,66,0,16,219,4,239,24,31,234,16,305,435,12,447,752
04/03/2010,IWA,AZ,AWP,WE,Federal Contract Tower,22,4,6,8,40,0,0,158,8,166,22,4,164,16,206,343,4,347,553
04/04/2010,IWA,AZ,AWP,WE,Federal Contract Tower,17,3,4,1,25,0,5,84,0,89,17,8,88,1,114,61,0,61,175
04/05/2010,IWA,AZ,AWP,WE,Federal Contract Tower,19,9,13,0,41,0,14,170,0,184,19,23,183,0,225,308,0,308,533
04/06/2010,IWA,AZ,AWP,WE,Federal Contract Tower,18,8,21,7,54,0,8,229,12,249,18,16,250,19,303,433,6,439,742
04/07/2010,IWA,AZ,AWP,WE,Federal Contract Tower,19,7,11,5,42,0,14,170,37,221,19,21,181,42,263,374,0,374,637
04/08/2010,IWA,AZ,AWP,WE,Federal Contract Tower,25,12,18,8,63,0,10,190,11,211,25,22,208,19,274,364,6,370,644
04/09/2010,IWA,AZ,AWP,WE,Federal Contract Tower,25,8,13,18,64,0,15,242,10,267,25,23,255,28,331,237,17,254,585
04/10/2010,IWA,AZ,AWP,WE,Federal Contract Tower,19,1,9,1,30,0,11,157,20,188,19,12,166,21,218,188,0,188,406
04/11/2010,IWA,AZ,AWP,WE,Federal Contract Tower,14,3,11,10,38,0,18,84,17,119,14,21,95,27,157,206,1,207,364
04/12/2010,IWA,AZ,AWP,WE,Federal Contract Tower,21,8,17,5,51,0,15,159,3,177,21,23,176,8,228,161,6,167,395
04/13/2010,IWA,AZ,AWP,WE,Federal Contract Tower,15,10,11,1,37,1,12,206,4,223,16,22,217,5,260,329,0,329,589
04/14/2010,IWA,AZ,AWP,WE,Federal Contract Tower,14,8,11,5,38,0,5,256,2,263,14,13,267,7,301,482,7,489,790
04/15/2010,IWA,AZ,AWP,WE,Federal Contract Tower,22,10,13,3,48,0,16,228,5,249,22,26,241,8,297,405,1,406,703
04/16/2010,IWA,AZ,AWP,WE,Federal Contract Tower,21,8,18,17,64,0,26,239,16,281,21,34,257,33,345,492,8,500,845
04/17/2010,IWA,AZ,AWP,WE,Federal Contract Tower,14,3,6,5,28,0,24,166,3,193,14,27,172,8,221,204,0,204,425
04/18/2010,IWA,AZ,AWP,WE,Federal Contract Tower,13,5,13,4,35,0,17,132,1,150,13,22,145,5,185,347,2,349,534
04/19/2010,IWA,AZ,AWP,WE,Federal Contract Tower,26,7,26,5,64,0,5,202,3,210,26,12,228,8,274,347,0,347,621
04/20/2010,IWA,AZ,AWP,WE,Federal Contract Tower,15,8,12,7,42,0,9,218,6,233,15,17,230,13,275,292,31,323,598
04/21/2010,IWA,AZ,AWP,WE,Federal Contract Tower,10,7,10,8,35,0,14,130,2,146,10,21,140,10,181,216,18,234,415
04/22/2010,IWA,AZ,AWP,WE,Federal Contract Tower,22,11,8,5,46,0,17,240,5,262,22,28,248,10,308,308,19,327,635
04/23/2010,IWA,AZ,AWP,WE,Federal Contract Tower,23,8,13,8,52,0,17,216,4,237,23,25,229,12,289,370,22,392,681
04/24/2010,IWA,AZ,AWP,WE,Federal Contract Tower,10,0,9,1,20,0,16,171,6,193,10,16,180,7,213,256,28,284,497
04/25/2010,IWA,AZ,AWP,WE,Federal Contract Tower,15,2,13,6,36,0,9,94,2,105,15,11,107,8,141,148,3,151,292
04/26/2010,IWA,AZ,AWP,WE,Federal Contract Tower,19,8,13,7,47,0,11,171,0,182,19,19,184,7,229,268,12,280,509
04/27/2010,IWA,AZ,AWP,WE,Federal Contract Tower,14,6,15,8,43,0,5,212,7,224,14,11,227,15,267,287,16,303,570
04/28/2010,IWA,AZ,AWP,WE,Federal Contract Tower,12,10,17,2,41,0,3,154,0,157,12,13,171,2,198,162,2,164,362
04/29/2010,IWA,AZ,AWP,WE,Federal Contract Tower,25,11,29,6,71,0,8,124,2,134,25,19,153,8,205,107,4,111,316
04/30/2010,IWA,AZ,AWP,WE,Federal Contract Tower,20,13,13,15,61,0,25,210,2,237,20,38,223,17,298,267,1,268,566
05/01/2010,IWA,AZ,AWP,WE,Federal Contract Tower,11,3,14,4,32,0,11,137,0,148,11,14,151,4,180,131,2,133,313
05/02/2010,IWA,AZ,AWP,WE,Federal Contract Tower,13,8,6,12,39,0,9,51,1,61,13,17,57,13,100,55,0,55,155
05/03/2010,IWA,AZ,AWP,WE,Federal Contract Tower,18,6,16,5,45,0,14,216,0,230,18,20,232,5,275,385,0,385,660
05/04/2010,IWA,AZ,AWP,WE,Federal Contract Tower,15,8,9,10,42,0,17,209,4,230,15,25,218,14,272,272,10,282,554
05/05/2010,IWA,AZ,AWP,WE,Federal Contract Tower,14,8,10,4,36,0,8,224,0,232,14,16,234,4,268,267,10,277,545
05/06/2010,IWA,AZ,AWP,WE,Federal Contract Tower,23,8,14,4,49,0,10,220,2,232,23,18,234,6,281,411,4,415,696
05/07/2010,IWA,AZ,AWP,WE,Federal Contract Tower,17,7,9,8,41,0,26,176,9,211,17,33,185,17,252,285,18,303,555
05/08/2010,IWA,AZ,AWP,WE,Federal Contract Tower,11,3,5,0,19,0,12,139,2,153,11,15,144,2,172,165,0,165,337
05/09/2010,IWA,AZ,AWP,WE,Federal Contract Tower,15,3,7,7,32,0,3,71,2,76,15,6,78,9,108,122,0,122,230
05/10/2010,IWA,AZ,AWP,WE,Federal Contract Tower,19,8,10,5,42,0,15,150,5,170,19,23,160,10,212,234,14,248,460
05/11/2010,IWA,AZ,AWP,WE,Federal Contract Tower,16,7,11,4,38,0,12,156,3,171,16,19,167,7,209,226,1,227,436
05/12/2010,IWA,AZ,AWP,WE,Federal Contract Tower,17,4,13,10,44,0,17,247,3,267,17,21,260,13,311,454,5,459,770
05/13/2010,IWA,AZ,AWP,WE,Federal Contract Tower,22,10,13,6,51,0,15,209,4,228,22,25,222,10,279,341,21,362,641
05/14/2010,IWA,AZ,AWP,WE,Federal Contract Tower,20,5,11,7,43,0,25,208,3,236,20,30,219,10,279,205,10,215,494
05/15/2010,IWA,AZ,AWP,WE,Federal Contract Tower,13,1,5,0,19,0,2,151,3,156,13,3,156,3,175,164,8,172,347
05/16/2010,IWA,AZ,AWP,WE,Federal Contract Tower,14,7,11,3,35,0,7,113,0,120,14,14,124,3,155,145,0,145,300
05/17/2010,IWA,AZ,AWP,WE,Federal Contract Tower,17,4,6,4,31,0,9,159,1,169,17,13,165,5,200,109,0,109,309
05/18/2010,IWA,AZ,AWP,WE,Federal Contract Tower,15,10,12,0,37,0,9,177,2,188,15,19,189,2,225,301,12,313,538
05/19/2010,IWA,AZ,AWP,WE,Federal Contract Tower,13,8,16,7,44,0,14,194,1,209,13,22,210,8,253,279,19,298,551
05/20/2010,IWA,AZ,AWP,WE,Federal Contract Tower,19,10,12,0,41,0,17,200,1,218,19,27,212,1,259,275,0,275,534
05/21/2010,IWA,AZ,AWP,WE,Federal Contract Tower,20,5,8,2,35,0,7,221,5,233,20,12,229,7,268,295,22,317,585
05/22/2010,IWA,AZ,AWP,WE,Federal Contract Tower,14,7,2,3,26,2,18,130,8,158,16,25,132,11,184,133,11,144,328
05/23/2010,IWA,AZ,AWP,WE,Federal Contract Tower,15,5,18,10,48,6,6,73,0,85,21,11,91,10,133,75,0,75,208
05/24/2010,IWA,AZ,AWP,WE,Federal Contract Tower,18,8,11,6,43,8,8,166,1,183,26,16,177,7,226,211,23,234,460
05/25/2010,IWA,AZ,AWP,WE,Federal Contract Tower,15,11,7,3,36,0,19,211,1,231,15,30,218,4,267,228,22,250,517
05/26/2010,IWA,AZ,AWP,WE,Federal Contract Tower,19,9,8,11,47,0,19,221,2,242,19,28,229,13,289,412,14,426,715
05/27/2010,IWA,AZ,AWP,WE,Federal Contract Tower,23,7,13,6,49,0,16,243,0,259,23,23,256,6,308,408,0,408,716
05/28/2010,IWA,AZ,AWP,WE,Federal Contract Tower,17,2,17,9,45,0,11,166,0,177,17,13,183,9,222,254,4,258,480
05/29/2010,IWA,AZ,AWP,WE,Federal Contract Tower,16,4,12,1,33,0,19,162,0,181,16,23,174,1,214,169,0,169,383
05/30/2010,IWA,AZ,AWP,WE,Federal Contract Tower,15,2,7,0,24,0,15,107,0,122,15,17,114,0,146,166,0,166,312
05/31/2010,IWA,AZ,AWP,WE,Federal Contract Tower,15,1,7,3,26,0,21,139,0,160,15,22,146,3,186,197,0,197,383
06/01/2010,IWA,AZ,AWP,WE,Federal Contract Tower,15,12,15,16,58,0,9,182,3,194,15,21,197,19,252,291,2,293,545
06/02/2010,IWA,AZ,AWP,WE,Federal Contract Tower,21,6,9,15,51,0,7,179,5,191,21,13,188,20,242,278,28,306,548
06/03/2010,IWA,AZ,AWP,WE,Federal Contract Tower,21,12,11,8,52,0,19,219,0,238,21,31,230,8,290,264,14,278,568
06/04/2010,IWA,AZ,AWP,WE,Federal Contract Tower,21,7,7,12,47,0,10,200,9,219,21,17,207,21,266,284,24,308,574
06/05/2010,IWA,AZ,AWP,WE,Federal Contract Tower,16,5,6,6,33,0,19,152,12,183,16,24,158,18,216,171,14,185,401
06/06/2010,IWA,AZ,AWP,WE,Federal Contract Tower,12,6,7,3,28,0,8,102,10,120,12,14,109,13,148,87,0,87,235
06/07/2010,IWA,AZ,AWP,WE,Federal Contract Tower,21,8,10,4,43,0,8,126,2,136,21,16,136,6,179,219,8,227,406
06/08/2010,IWA,AZ,AWP,WE,Federal Contract Tower,16,11,14,6,47,0,8,169,2,179,16,19,183,8,226,326,22,348,574
06/09/2010,IWA,AZ,AWP,WE,Federal Contract Tower,22,5,12,5,44,0,12,174,2,188,22,17,186,7,232,284,6,290,522
06/10/2010,IWA,AZ,AWP,WE,Federal Contract Tower,24,10,19,1,54,0,20,193,0,213,24,30,212,1,267,284,0,284,551
06/11/2010,IWA,AZ,AWP,WE,Federal Contract Tower,22,7,12,10,51,0,13,171,9,193,22,20,183,19,244,139,13,152,396
06/12/2010,IWA,AZ,AWP,WE,Federal Contract Tower,16,2,7,2,27,0,9,109,4,122,16,11,116,6,149,84,0,84,233
06/13/2010,IWA,AZ,AWP,WE,Federal Contract Tower,12,2,6,3,23,0,10,106,5,121,12,12,112,8,144,165,0,165,309
06/14/2010,IWA,AZ,AWP,WE,Federal Contract Tower,24,8,7,1,40,0,9,147,4,160,24,17,154,5,200,260,0,260,460
06/15/2010,IWA,AZ,AWP,WE,Federal Contract Tower,16,13,13,15,57,0,17,167,21,205,16,30,180,36,262,322,48,370,632
06/16/2010,IWA,AZ,AWP,WE,Federal Contract Tower,22,6,8,8,44,0,15,142,14,171,22,21,150,22,215,207,21,228,443
06/17/2010,IWA,AZ,AWP,WE,Federal Contract Tower,22,13,15,9,59,0,20,187,8,215,22,33,202,17,274,284,29,313,587
06/18/2010,IWA,AZ,AWP,WE,Federal Contract Tower,20,6,5,9,40,0,12,161,2,175,20,18,166,11,215,187,7,194,409
06/19/2010,IWA,AZ,AWP,WE,Federal Contract Tower,15,1,10,3,29,0,2,144,0,146,15,3,154,3,175,90,0,90,265
06/20/2010,IWA,AZ,AWP,WE,Federal Contract Tower,18,3,8,11,40,0,4,91,2,97,18,7,99,13,137,45,0,45,182
06/21/2010,IWA,AZ,AWP,WE,Federal Contract Tower,25,7,5,6,43,0,4,119,0,123,25,11,124,6,166,157,0,157,323
06/22/2010,IWA,AZ,AWP,WE,Federal Contract Tower,20,9,16,5,50,0,15,180,0,195,20,24,196,5,245,230,6,236,481
06/23/2010,IWA,AZ,AWP,WE,Federal Contract Tower,25,11,9,7,52,0,15,166,2,183,25,26,175,9,235,279,1,280,515
06/24/2010,IWA,AZ,AWP,WE,Federal Contract Tower,23,11,5,3,42,0,14,200,2,216,23,25,205,5,258,229,7,236,494
06/25/2010,IWA,AZ,AWP,WE,Federal Contract Tower,24,9,12,10,55,0,18,169,5,192,24,27,181,15,247,202,10,212,459
06/26/2010,IWA,AZ,AWP,WE,Federal Contract Tower,19,4,10,2,35,0,9,153,10,172,19,13,163,12,207,164,1,165,372
06/27/2010,IWA,AZ,AWP,WE,Federal Contract Tower,16,8,4,10,38,0,14,104,14,132,16,22,108,24,170,117,0,117,287
06/28/2010,IWA,AZ,AWP,WE,Federal Contract Tower,19,5,6,6,36,0,16,126,2,144,19,21,132,8,180,173,0,173,353
06/29/2010,IWA,AZ,AWP,WE,Federal Contract Tower,18,3,12,4,37,0,9,121,0,130,18,12,133,4,167,181,2,183,350
06/30/2010,IWA,AZ,AWP,WE,Federal Contract Tower,25,3,9,7,44,0,15,122,2,139,25,18,131,9,183,193,16,209,392
07/01/2010,IWA,AZ,AWP,WE,Federal Contract Tower,20,4,4,1,29,0,2,111,3,116,20,6,115,4,145,177,0,177,322
07/02/2010,IWA,AZ,AWP,WE,Federal Contract Tower,26,4,6,5,41,0,11,119,3,133,26,15,125,8,174,126,13,139,313
07/03/2010,IWA,AZ,AWP,WE,Federal Contract Tower,24,2,6,1,33,0,4,129,0,133,24,6,135,1,166,106,0,106,272
07/04/2010,IWA,AZ,AWP,WE,Federal Contract Tower,16,3,5,1,25,0,2,91,0,93,16,5,96,1,118,36,0,36,154
07/05/2010,IWA,AZ,AWP,WE,Federal Contract Tower,17,1,5,1,24,0,6,119,3,128,17,7,124,4,152,118,0,118,270
07/06/2010,IWA,AZ,AWP,WE,Federal Contract Tower,15,9,14,5,43,0,14,119,4,137,15,23,133,9,180,157,0,157,337
07/07/2010,IWA,AZ,AWP,WE,Federal Contract Tower,20,7,11,7,45,0,13,161,1,175,20,20,172,8,220,257,2,259,479
07/08/2010,IWA,AZ,AWP,WE,Federal Contract Tower,23,8,6,2,39,0,12,131,2,145,23,20,137,4,184,107,2,109,293
07/09/2010,IWA,AZ,AWP,WE,Federal Contract Tower,21,4,12,12,49,1,7,133,6,147,22,11,145,18,196,145,0,145,341
07/10/2010,IWA,AZ,AWP,WE,Federal Contract Tower,24,1,10,4,39,0,6,121,3,130,24,7,131,7,169,166,0,166,335
07/11/2010,IWA,AZ,AWP,WE,Federal Contract Tower,18,2,4,5,29,0,6,94,1,101,18,8,98,6,130,76,2,78,208
07/12/2010,IWA,AZ,AWP,WE,Federal Contract Tower,24,5,11,0,40,0,10,129,2,141,24,15,140,2,181,159,0,159,340
07/13/2010,IWA,AZ,AWP,WE,Federal Contract Tower,19,7,14,0,40,0,6,141,0,147,19,13,155,0,187,174,0,174,361
07/14/2010,IWA,AZ,AWP,WE,Federal Contract Tower,22,5,15,2,44,0,11,134,0,145,22,16,149,2,189,251,1,252,441
07/15/2010,IWA,AZ,AWP,WE,Federal Contract Tower,23,9,6,1,39,0,9,130,4,143,23,18,136,5,182,257,0,257,439
07/16/2010,IWA,AZ,AWP,WE,Federal Contract Tower,20,8,4,7,39,0,8,108,2,118,20,16,112,9,157,170,15,185,342
07/17/2010,IWA,AZ,AWP,WE,Federal Contract Tower,23,6,8,1,38,0,8,136,1,145,23,14,144,2,183,180,0,180,363
07/18/2010,IWA,AZ,AWP,WE,Federal Contract Tower,17,1,9,9,36,0,2,78,0,80,17,3,87,9,116,75,22,97,213
07/19/2010,IWA,AZ,AWP,WE,Federal Contract Tower,26,7,6,7,46,0,11,178,2,191,26,18,184,9,237,228,7,235,472
07/20/2010,IWA,AZ,AWP,WE,Federal Contract Tower,20,9,15,10,54,0,14,143,2,159,20,23,158,12,213,205,12,217,430
07/21/2010,IWA,AZ,AWP,WE,Federal Contract Tower,24,7,5,1,37,0,12,90,0,102,24,19,95,1,139,164,0,164,303
07/22/2010,IWA,AZ,AWP,WE,Federal Contract Tower,24,6,7,4,41,0,5,154,0,159,24,11,161,4,200,241,4,245,445
07/23/2010,IWA,AZ,AWP,WE,Federal Contract Tower,24,8,10,15,57,6,16,130,5,157,30,24,140,20,214,288,9,297,511
07/24/2010,IWA,AZ,AWP,WE,Federal Contract Tower,23,1,5,6,35,0,12,116,13,141,23,13,121,19,176,95,16,111,287
07/25/2010,IWA,AZ,AWP,WE,Federal Contract Tower,16,3,8,2,29,0,12,104,7,123,16,15,112,9,152,102,0,102,254
07/26/2010,IWA,AZ,AWP,WE,Federal Contract Tower,24,11,13,0,48,0,19,163,3,185,24,30,176,3,233,156,0,156,389
07/27/2010,IWA,AZ,AWP,WE,Federal Contract Tower,20,12,10,2,44,0,24,126,1,151,20,36,136,3,195,180,9,189,384
07/28/2010,IWA,AZ,AWP,WE,Federal Contract Tower,25,10,15,5,55,0,16,149,2,167,25,26,164,7,222,204,13,217,439
07/29/2010,IWA,AZ,AWP,WE,Federal Contract Tower,23,9,12,1,45,0,21,128,5,154,23,30,140,6,199,237,0,237,436
07/30/2010,IWA,AZ,AWP,WE,Federal Contract Tower,24,8,11,2,45,0,25,131,4,160,24,33,142,6,205,268,9,277,482
07/31/2010,IWA,AZ,AWP,WE,Federal Contract Tower,26,12,12,3,53,0,15,70,12,97,26,27,82,15,150,170,0,170,320
08/01/2010,IWA,AZ,AWP,WE,Federal Contract Tower,16,5,7,5,33,0,11,112,1,124,16,16,119,6,157,172,0,172,329
08/02/2010,IWA,AZ,AWP,WE,Federal Contract Tower,23,9,7,0,39,0,14,142,0,156,23,23,149,0,195,244,0,244,439
08/03/2010,IWA,AZ,AWP,WE,Federal Contract Tower,21,6,9,0,36,0,11,158,0,169,21,17,167,0,205,256,0,256,461
08/04/2010,IWA,AZ,AWP,WE,Federal Contract Tower,20,6,10,2,38,0,11,184,7,202,20,17,194,9,240,216,4,220,460
08/05/2010,IWA,AZ,AWP,WE,Federal Contract Tower,21,9,9,4,43,0,5,185,2,192,21,14,194,6,235,233,0,233,468
08/06/2010,IWA,AZ,AWP,WE,Federal Contract Tower,20,7,9,3,39,0,7,160,3,170,20,14,169,6,209,177,0,177,386
08/07/2010,IWA,AZ,AWP,WE,Federal Contract Tower,18,1,7,2,28,0,5,106,5,116,18,6,113,7,144,178,2,180,324
08/08/2010,IWA,AZ,AWP,WE,Federal Contract Tower,14,1,5,4,24,0,6,78,9,93,14,7,83,13,117,100,0,100,217
08/09/2010,IWA,AZ,AWP,WE,Federal Contract Tower,21,7,11,0,39,0,27,111,2,140,21,34,122,2,179,165,0,165,344
08/10/2010,IWA,AZ,AWP,WE,Federal Contract Tower,16,8,12,2,38,0,16,184,0,200,16,24,196,2,238,275,0,275,513
08/11/2010,IWA,AZ,AWP,WE,Federal Contract Tower,23,6,12,0,41,0,7,164,6,177,23,13,176,6,218,281,10,291,509
08/12/2010,IWA,AZ,AWP,WE,Federal Contract Tower,25,7,12,4,48,0,9,184,4,197,25,16,196,8,245,240,17,257,502
08/13/2010,IWA,AZ,AWP,WE,Federal Contract Tower,25,8,5,4,42,0,17,161,3,181,25,25,166,7,223,193,12,205,428
08/14/2010,IWA,AZ,AWP,WE,Federal Contract Tower,16,6,12,5,39,0,18,102,3,123,16,24,114,8,162,116,0,116,278
08/15/2010,IWA,AZ,AWP,WE,Federal Contract Tower,17,2,6,6,31,0,12,79,7,98,17,14,85,13,129,98,2,100,229
08/16/2010,IWA,AZ,AWP,WE,Federal Contract Tower,18,7,13,7,45,0,15,124,0,139,18,22,137,7,184,237,13,250,434
08/17/2010,IWA,AZ,AWP,WE,Federal Contract Tower,17,7,9,2,35,4,18,131,0,153,21,25,140,2,188,252,0,252,440
08/18/2010,IWA,AZ,AWP,WE,Federal Contract Tower,19,9,16,2,46,0,11,176,0,187,19,20,192,2,233,410,0,410,643
08/19/2010,IWA,AZ,AWP,WE,Federal Contract Tower,22,9,12,3,46,0,23,187,7,217,22,32,199,10,263,295,0,295,558
08/20/2010,IWA,AZ,AWP,WE,Federal Contract Tower,21,8,18,7,54,0,9,172,7,188,21,17,190,14,242,201,8,209,451
08/21/2010,IWA,AZ,AWP,WE,Federal Contract Tower,11,2,13,3,29,0,22,80,3,105,11,24,93,6,134,196,0,196,330
08/22/2010,IWA,AZ,AWP,WE,Federal Contract Tower,18,5,10,10,43,0,13,79,2,94,18,18,89,12,137,134,4,138,275
08/23/2010,IWA,AZ,AWP,WE,Federal Contract Tower,18,5,17,3,43,0,25,93,0,118,18,30,110,3,161,260,0,260,421
08/24/2010,IWA,AZ,AWP,WE,Federal Contract Tower,15,8,8,1,32,0,14,116,0,130,15,22,124,1,162,217,0,217,379
08/25/2010,IWA,AZ,AWP,WE,Federal Contract Tower,17,8,8,2,35,0,31,107,0,138,17,39,115,2,173,239,1,240,413
08/26/2010,IWA,AZ,AWP,WE,Federal Contract Tower,26,12,8,2,48,0,15,81,1,97,26,27,89,3,145,141,0,141,286
08/27/2010,IWA,AZ,AWP,WE,Federal Contract Tower,17,9,26,12,64,0,15,114,9,138,17,24,140,21,202,277,47,324,526
08/28/2010,IWA,AZ,AWP,WE,Federal Contract Tower,16,4,5,0,25,0,19,109,5,133,16,23,114,5,158,196,0,196,354
08/29/2010,IWA,AZ,AWP,WE,Federal Contract Tower,16,8,5,5,34,0,8,57,5,70,16,16,62,10,104,88,2,90,194
08/30/2010,IWA,AZ,AWP,WE,Federal Contract Tower,20,10,12,6,48,0,24,129,2,155,20,34,141,8,203,189,9,198,401
08/31/2010,IWA,AZ,AWP,WE,Federal Contract Tower,13,8,8,3,32,0,22,166,1,189,13,30,174,4,221,332,2,334,555
09/01/2010,IWA,AZ,AWP,WE,Federal Contract Tower,21,6,16,4,47,0,22,173,6,201,21,28,189,10,248,316,20,336,584
09/02/2010,IWA,AZ,AWP,WE,Federal Contract Tower,22,9,18,6,55,0,25,170,11,206,22,34,188,17,261,279,33,312,573
09/03/2010,IWA,AZ,AWP,WE,Federal Contract Tower,22,7,13,5,47,0,21,133,17,171,22,28,146,22,218,306,21,327,545
09/04/2010,IWA,AZ,AWP,WE,Federal Contract Tower,11,1,13,11,36,0,21,106,11,138,11,22,119,22,174,153,12,165,339
09/05/2010,IWA,AZ,AWP,WE,Federal Contract Tower,12,1,7,6,26,0,6,45,9,60,12,7,52,15,86,74,2,76,162
09/06/2010,IWA,AZ,AWP,WE,Federal Contract Tower,14,2,3,12,31,0,16,72,6,94,14,18,75,18,125,161,0,161,286
09/07/2010,IWA,AZ,AWP,WE,Federal Contract Tower,12,9,11,5,37,0,28,142,7,177,12,37,153,12,214,316,3,319,533
09/08/2010,IWA,AZ,AWP,WE,Federal Contract Tower,18,9,6,7,40,0,13,162,2,177,18,22,168,9,217,291,0,291,508
09/09/2010,IWA,AZ,AWP,WE,Federal Contract Tower,21,9,8,7,45,0,22,154,1,177,21,31,162,8,222,382,6,388,610
09/10/2010,IWA,AZ,AWP,WE,Federal Contract Tower,23,9,9,9,50,0,17,139,1,157,23,26,148,10,207,399,13,412,619
09/11/2010,IWA,AZ,AWP,WE,Federal Contract Tower,11,3,7,3,24,0,21,130,5,156,11,24,137,8,180,181,0,181,361
09/12/2010,IWA,AZ,AWP,WE,Federal Contract Tower,16,2,6,2,26,0,6,102,2,110,16,8,108,4,136,195,0,195,331
09/13/2010,IWA,AZ,AWP,WE,Federal Contract Tower,16,5,18,4,43,0,19,162,4,185,16,24,180,8,228,252,4,256,484
09/14/2010,IWA,AZ,AWP,WE,Federal Contract Tower,10,7,11,9,37,0,22,174,5,201,10,29,185,14,238,395,27,422,660
09/15/2010,IWA,AZ,AWP,WE,Federal Contract Tower,15,8,9,14,46,0,20,146,11,177,15,28,155,25,223,365,49,414,637
09/16/2010,IWA,AZ,AWP,WE,Federal Contract Tower,23,8,16,11,58,0,18,170,24,212,23,26,186,35,270,246,22,268,538
09/17/2010,IWA,AZ,AWP,WE,Federal Contract Tower,20,8,19,8,55,0,16,195,2,213,20,24,214,10,268,261,10,271,539
09/18/2010,IWA,AZ,AWP,WE,Federal Contract Tower,13,3,14,3,33,0,15,134,1,150,13,18,148,4,183,164,0,164,347
09/19/2010,IWA,AZ,AWP,WE,Federal Contract Tower,17,7,9,4,37,0,8,76,0,84,17,15,85,4,121,118,0,118,239
09/20/2010,IWA,AZ,AWP,WE,Federal Contract Tower,20,7,15,7,49,0,17,161,2,180,20,24,176,9,229,166,12,178,407
09/21/2010,IWA,AZ,AWP,WE,Federal Contract Tower,10,10,14,4,38,0,23,170,4,197,10,33,184,8,235,312,14,326,561
09/22/2010,IWA,AZ,AWP,WE,Federal Contract Tower,20,11,13,3,47,0,18,149,0,167,20,29,162,3,214,199,0,199,413
09/23/2010,IWA,AZ,AWP,WE,Federal Contract Tower,25,6,16,1,48,0,22,169,4,195,25,28,185,5,243,400,0,400,643
09/24/2010,IWA,AZ,AWP,WE,Federal Contract Tower,21,5,11,3,40,0,21,185,8,214,21,26,196,11,254,389,1,390,644
09/25/2010,IWA,AZ,AWP,WE,Federal Contract Tower,14,1,12,6,33,2,16,142,5,165,16,17,154,11,198,159,0,159,357
09/26/2010,IWA,AZ,AWP,WE,Federal Contract Tower,16,0,11,5,32,0,12,72,2,86,16,12,83,7,118,78,0,78,196
09/27/2010,IWA,AZ,AWP,WE,Federal Contract Tower,21,9,12,1,43,0,14,176,0,190,21,23,188,1,233,396,0,396,629
09/28/2010,IWA,AZ,AWP,WE,Federal Contract Tower,10,9,8,2,29,0,20,175,0,195,10,29,183,2,224,391,0,391,615
09/29/2010,IWA,AZ,AWP,WE,Federal Contract Tower,24,10,7,1,42,0,21,199,4,224,24,31,206,5,266,256,6,262,528
09/30/2010,IWA,AZ,AWP,WE,Federal Contract Tower,27,8,12,0,47,0,20,210,13,243,27,28,222,13,290,306,31,337,627
10/01/2010,IWA,AZ,AWP,WE,Federal Contract Tower,22,4,7,12,45,0,23,143,26,192,22,27,150,38,237,335,22,357,594
10/02/2010,IWA,AZ,AWP,WE,Federal Contract Tower,12,4,8,5,29,0,15,107,42,164,12,19,115,47,193,258,0,258,451
10/03/2010,IWA,AZ,AWP,WE,Federal Contract Tower,17,3,7,3,30,0,5,93,3,101,17,8,100,6,131,143,0,143,274
10/04/2010,IWA,AZ,AWP,WE,Federal Contract Tower,21,8,12,7,48,0,8,124,17,149,21,16,136,24,197,240,0,240,437
10/05/2010,IWA,AZ,AWP,WE,Federal Contract Tower,5,10,6,2,23,0,4,55,2,61,5,14,61,4,84,108,6,114,198
10/06/2010,IWA,AZ,AWP,WE,Federal Contract Tower,17,6,17,0,40,0,16,182,2,200,17,22,199,2,240,385,6,391,631
10/07/2010,IWA,AZ,AWP,WE,Federal Contract Tower,22,9,21,5,57,0,15,210,5,230,22,24,231,10,287,356,12,368,655
10/08/2010,IWA,AZ,AWP,WE,Federal Contract Tower,21,7,20,7,55,0,30,203,0,233,21,37,223,7,288,323,2,325,613
10/09/2010,IWA,AZ,AWP,WE,Federal Contract Tower,13,2,6,2,23,0,21,141,0,162,13,23,147,2,185,298,0,298,483
10/10/2010,IWA,AZ,AWP,WE,Federal Contract Tower,17,2,13,0,32,1,8,103,0,112,18,10,116,0,144,177,0,177,321
10/11/2010,IWA,AZ,AWP,WE,Federal Contract Tower,18,5,12,7,42,0,21,172,2,195,18,26,184,9,237,361,8,369,606
10/12/2010,IWA,AZ,AWP,WE,Federal Contract Tower,6,12,12,2,32,0,23,193,19,235,6,35,205,21,267,295,0,295,562
10/13/2010,IWA,AZ,AWP,WE,Federal Contract Tower,15,7,10,2,34,0,22,209,0,231,15,29,219,2,265,423,0,423,688
10/14/2010,IWA,AZ,AWP,WE,Federal Contract Tower,22,8,11,8,49,0,21,207,3,231,22,29,218,11,280,395,25,420,700
10/15/2010,IWA,AZ,AWP,WE,Federal Contract Tower,22,7,16,12,57,0,32,187,2,221,22,39,203,14,278,372,9,381,659
10/16/2010,IWA,AZ,AWP,WE,Federal Contract Tower,13,4,8,3,28,0,18,157,6,181,13,22,165,9,209,284,0,284,493
10/17/2010,IWA,AZ,AWP,WE,Federal Contract Tower,17,5,15,4,41,0,6,105,6,117,17,11,120,10,158,228,0,228,386
10/18/2010,IWA,AZ,AWP,WE,Federal Contract Tower,21,8,11,5,45,0,21,176,1,198,21,29,187,6,243,212,17,229,472
10/19/2010,IWA,AZ,AWP,WE,Federal Contract Tower,5,8,16,5,34,0,25,218,4,247,5,33,234,9,281,451,22,473,754
10/20/2010,IWA,AZ,AWP,WE,Federal Contract Tower,16,9,11,7,43,0,20,206,3,229,16,29,217,10,272,402,33,435,707
10/21/2010,IWA,AZ,AWP,WE,Federal Contract Tower,22,13,12,2,49,0,30,232,5,267,22,43,244,7,316,444,26,470,786
10/22/2010,IWA,AZ,AWP,WE,Federal Contract Tower,21,12,16,12,61,0,14,181,3,198,21,26,197,15,259,369,9,378,637
10/23/2010,IWA,AZ,AWP,WE,Federal Contract Tower,12,3,9,2,26,0,12,131,3,146,12,15,140,5,172,250,0,250,422
10/24/2010,IWA,AZ,AWP,WE,Federal Contract Tower,16,0,9,3,28,0,16,133,0,149,16,16,142,3,177,227,0,227,404
10/25/2010,IWA,AZ,AWP,WE,Federal Contract Tower,24,8,4,9,45,0,28,192,0,220,24,36,196,9,265,242,2,244,509
10/26/2010,IWA,AZ,AWP,WE,Federal Contract Tower,5,9,9,2,25,0,23,194,2,219,5,32,203,4,244,420,12,432,676
10/27/2010,IWA,AZ,AWP,WE,Federal Contract Tower,14,6,16,6,42,0,27,219,6,252,14,33,235,12,294,484,21,505,799
10/28/2010,IWA,AZ,AWP,WE,Federal Contract Tower,21,10,13,3,47,0,29,184,16,229,21,39,197,19,276,373,18,391,667
10/29/2010,IWA,AZ,AWP,WE,Federal Contract Tower,21,8,18,8,55,0,23,226,5,254,21,31,244,13,309,395,25,420,729
10/30/2010,IWA,AZ,AWP,WE,Federal Contract Tower,14,1,9,1,25,0,24,147,1,172,14,25,156,2,197,188,0,188,385
10/31/2010,IWA,AZ,AWP,WE,Federal Contract Tower,16,3,4,7,30,1,12,130,0,143,17,15,134,7,173,287,0,287,460
11/01/2010,IWA,AZ,AWP,WE,Federal Contract Tower,20,4,14,16,54,0,12,230,0,242,20,16,244,16,296,508,7,515,811
11/02/2010,IWA,AZ,AWP,WE,Federal Contract Tower,5,9,19,16,49,0,25,175,10,210,5,34,194,26,259,319,25,344,603
11/03/2010,IWA,AZ,AWP,WE,Federal Contract Tower,14,9,11,12,46,0,26,272,3,301,14,35,283,15,347,588,10,598,945
11/04/2010,IWA,AZ,AWP,WE,Federal Contract Tower,21,17,25,17,80,0,24,174,5,203,21,41,199,22,283,490,13,503,786
11/05/2010,IWA,AZ,AWP,WE,Federal Contract Tower,22,5,25,9,61,0,24,251,1,276,22,29,276,10,337,389,12,401,738
11/06/2010,IWA,AZ,AWP,WE,Federal Contract Tower,13,2,15,1,31,0,26,156,2,184,13,28,171,3,215,284,14,298,513
11/07/2010,IWA,AZ,AWP,WE,Federal Contract Tower,17,5,19,2,43,0,7,122,0,129,17,12,141,2,172,157,0,157,329
11/08/2010,IWA,AZ,AWP,WE,Federal Contract Tower,22,12,14,3,51,0,15,229,2,246,22,27,243,5,297,404,0,404,701
11/09/2010,IWA,AZ,AWP,WE,Federal Contract Tower,4,11,21,2,38,0,40,228,3,271,4,51,249,5,309,387,0,387,696
11/10/2010,IWA,AZ,AWP,WE,Federal Contract Tower,15,8,14,10,47,0,26,192,4,222,15,34,206,14,269,300,2,302,571
11/11/2010,IWA,AZ,AWP,WE,Federal Contract Tower,18,10,14,5,47,0,29,220,19,268,18,39,234,24,315,408,2,410,725
11/12/2010,IWA,AZ,AWP,WE,Federal Contract Tower,27,4,12,29,72,0,24,210,13,247,27,28,222,42,319,401,0,401,720
11/13/2010,IWA,AZ,AWP,WE,Federal Contract Tower,12,1,13,7,33,0,16,158,15,189,12,17,171,22,222,367,0,367,589
11/14/2010,IWA,AZ,AWP,WE,Federal Contract Tower,15,7,8,5,35,0,29,118,14,161,15,36,126,19,196,226,7,233,429
11/15/2010,IWA,AZ,AWP,WE,Federal Contract Tower,23,5,13,11,52,0,32,213,2,247,23,37,226,13,299,499,5,504,803
11/16/2010,IWA,AZ,AWP,WE,Federal Contract Tower,3,8,9,6,26,1,44,191,3,239,4,52,200,9,265,507,4,511,776
11/17/2010,IWA,AZ,AWP,WE,Federal Contract Tower,15,5,18,2,40,0,32,197,0,229,15,37,215,2,269,435,0,435,704
11/18/2010,IWA,AZ,AWP,WE,Federal Contract Tower,24,12,26,6,68,0,35,244,7,286,24,47,270,13,354,643,8,651,1005
11/19/2010,IWA,AZ,AWP,WE,Federal Contract Tower,28,9,20,14,71,0,24,203,17,244,28,33,223,31,315,476,45,521,836
11/20/2010,IWA,AZ,AWP,WE,Federal Contract Tower,16,5,11,9,41,0,23,109,22,154,16,28,120,31,195,189,133,322,517
11/21/2010,IWA,AZ,AWP,WE,Federal Contract Tower,18,10,17,7,52,0,16,46,13,75,18,26,63,20,127,115,3,118,245
11/22/2010,IWA,AZ,AWP,WE,Federal Contract Tower,28,6,12,7,53,0,14,242,3,259,28,20,254,10,312,352,17,369,681
11/23/2010,IWA,AZ,AWP,WE,Federal Contract Tower,17,1,15,7,40,0,35,243,3,281,17,36,258,10,321,365,17,382,703
11/24/2010,IWA,AZ,AWP,WE,Federal Contract Tower,21,9,19,3,52,0,32,160,0,192,21,41,179,3,244,308,0,308,552
11/25/2010,IWA,AZ,AWP,WE,Federal Contract Tower,15,1,4,2,22,0,4,26,0,30,15,5,30,2,52,25,0,25,77
11/26/2010,IWA,AZ,AWP,WE,Federal Contract Tower,25,3,4,5,37,0,17,140,0,157,25,20,144,5,194,210,6,216,410
11/27/2010,IWA,AZ,AWP,WE,Federal Contract Tower,13,4,12,4,33,0,13,115,0,128,13,17,127,4,161,192,0,192,353
11/28/2010,IWA,AZ,AWP,WE,Federal Contract Tower,23,6,15,0,44,0,8,92,0,100,23,14,107,0,144,126,0,126,270
11/29/2010,IWA,AZ,AWP,WE,Federal Contract Tower,28,9,14,7,58,0,12,198,0,210,28,21,212,7,268,215,0,215,483
11/30/2010,IWA,AZ,AWP,WE,Federal Contract Tower,11,12,12,4,39,0,28,210,2,240,11,40,222,6,279,381,16,397,676
12/01/2010,IWA,AZ,AWP,WE,Federal Contract Tower,17,8,15,11,51,0,24,199,1,224,17,32,214,12,275,402,25,427,702
12/02/2010,IWA,AZ,AWP,WE,Federal Contract Tower,22,9,14,4,49,0,30,195,0,225,22,39,209,4,274,349,2,351,625
12/03/2010,IWA,AZ,AWP,WE,Federal Contract Tower,26,8,17,23,74,0,18,221,2,241,26,26,238,25,315,400,27,427,742
12/04/2010,IWA,AZ,AWP,WE,Federal Contract Tower,15,3,10,5,33,0,19,137,11,167,15,22,147,16,200,320,2,322,522
12/05/2010,IWA,AZ,AWP,WE,Federal Contract Tower,20,1,8,11,40,0,5,102,20,127,20,6,110,31,167,141,0,141,308
12/06/2010,IWA,AZ,AWP,WE,Federal Contract Tower,24,10,15,7,56,0,19,127,3,149,24,29,142,10,205,298,10,308,513
12/07/2010,IWA,AZ,AWP,WE,Federal Contract Tower,4,9,11,5,29,0,11,136,2,149,4,20,147,7,178,385,0,385,563
12/08/2010,IWA,AZ,AWP,WE,Federal Contract Tower,18,7,7,3,35,0,27,152,19,198,18,34,159,22,233,328,2,330,563
12/09/2010,IWA,AZ,AWP,WE,Federal Contract Tower,19,11,16,12,58,0,23,143,6,172,19,34,159,18,230,387,15,402,632
12/10/2010,IWA,AZ,AWP,WE,Federal Contract Tower,24,6,10,34,74,0,23,170,6,199,24,29,180,40,273,384,30,414,687
12/11/2010,IWA,AZ,AWP,WE,Federal Contract Tower,14,1,10,3,28,0,27,123,4,154,14,28,133,7,182,294,0,294,476
12/12/2010,IWA,AZ,AWP,WE,Federal Contract Tower,18,2,12,18,50,0,9,111,4,124,18,11,123,22,174,337,0,337,511
12/13/2010,IWA,AZ,AWP,WE,Federal Contract Tower,27,9,14,5,55,0,20,139,3,162,27,29,153,8,217,380,22,402,619
12/14/2010,IWA,AZ,AWP,WE,Federal Contract Tower,4,7,13,4,28,0,22,156,0,178,4,29,169,4,206,416,0,416,622
12/15/2010,IWA,AZ,AWP,WE,Federal Contract Tower,17,12,14,2,45,0,22,149,2,173,17,34,163,4,218,467,0,467,685
12/16/2010,IWA,AZ,AWP,WE,Federal Contract Tower,22,14,16,9,61,0,26,100,2,128,22,40,116,11,189,246,4,250,439
12/17/2010,IWA,AZ,AWP,WE,Federal Contract Tower,24,9,14,8,55,0,11,83,1,95,24,20,97,9,150,113,14,127,277
12/18/2010,IWA,AZ,AWP,WE,Federal Contract Tower,12,3,19,11,45,0,26,123,10,159,12,29,142,21,204,288,127,415,619
12/19/2010,IWA,AZ,AWP,WE,Federal Contract Tower,21,4,6,9,40,0,6,57,8,71,21,10,63,17,111,180,4,184,295
12/20/2010,IWA,AZ,AWP,WE,Federal Contract Tower,27,6,9,7,49,0,17,83,0,100,27,23,92,7,149,193,5,198,347
12/21/2010,IWA,AZ,AWP,WE,Federal Contract Tower,21,2,17,5,45,0,17,112,4,133,21,19,129,9,178,343,25,368,546
12/22/2010,IWA,AZ,AWP,WE,Federal Contract Tower,20,7,6,4,37,0,18,81,3,102,20,25,87,7,139,142,9,151,290
12/23/2010,IWA,AZ,AWP,WE,Federal Contract Tower,27,4,6,3,40,1,17,55,0,73,28,21,61,3,113,144,0,144,257
12/24/2010,IWA,AZ,AWP,WE,Federal Contract Tower,22,1,1,0,24,0,12,54,0,66,22,13,55,0,90,56,0,56,146
12/25/2010,IWA,AZ,AWP,WE,Federal Contract Tower,17,10,2,0,29,0,16,14,0,30,17,26,16,0,59,2,0,2,61
12/26/2010,IWA,AZ,AWP,WE,Federal Contract Tower,23,1,4,0,28,0,5,65,0,70,23,6,69,0,98,47,0,47,145
12/27/2010,IWA,AZ,AWP,WE,Federal Contract Tower,28,9,13,2,52,0,20,69,0,89,28,29,82,2,141,177,0,177,318
12/28/2010,IWA,AZ,AWP,WE,Federal Contract Tower,29,5,15,6,55,0,16,96,0,112,29,21,111,6,167,283,22,305,472
12/29/2010,IWA,AZ,AWP,WE,Federal Contract Tower,21,10,14,0,45,0,8,61,0,69,21,18,75,0,114,140,0,140,254
12/30/2010,IWA,AZ,AWP,WE,Federal Contract Tower,26,6,6,2,40,0,14,29,0,43,26,20,35,2,83,109,5,114,197
12/31/2010,IWA,AZ,AWP,WE,Federal Contract Tower,27,10,13,0,50,0,12,81,0,93,27,22,94,0,143,91,0,91,234
01/01/2011,IWA,AZ,AWP,WE,Federal Contract Tower,17,5,2,0,24,0,6,19,1,26,17,11,21,1,50,17,0,17,67
01/02/2011,IWA,AZ,AWP,WE,Federal Contract Tower,22,3,11,0,36,0,20,60,1,81,22,23,71,1,117,132,0,132,249
01/03/2011,IWA,AZ,AWP,WE,Federal Contract Tower,30,11,10,1,52,0,27,148,0,175,30,38,158,1,227,351,0,351,578
01/04/2011,IWA,AZ,AWP,WE,Federal Contract Tower,9,8,9,5,31,0,33,157,1,191,9,41,166,6,222,263,0,263,485
01/05/2011,IWA,AZ,AWP,WE,Federal Contract Tower,16,7,13,2,38,0,30,159,2,191,16,37,172,4,229,329,0,329,558
01/06/2011,IWA,AZ,AWP,WE,Federal Contract Tower,22,10,23,2,57,0,11,152,13,176,22,21,175,15,233,295,4,299,532
01/07/2011,IWA,AZ,AWP,WE,Federal Contract Tower,24,11,19,17,71,0,7,154,47,208,24,18,173,64,279,256,5,261,540
01/08/2011,IWA,AZ,AWP,WE,Federal Contract Tower,18,4,13,5,40,0,2,149,16,167,18,6,162,21,207,257,0,257,464
01/09/2011,IWA,AZ,AWP,WE,Federal Contract Tower,22,7,10,11,50,0,23,121,10,154,22,30,131,21,204,255,2,257,461
01/10/2011,IWA,AZ,AWP,WE,Federal Contract Tower,26,6,13,3,48,0,13,157,0,170,26,19,170,3,218,235,0,235,453
01/11/2011,IWA,AZ,AWP,WE,Federal Contract Tower,14,12,17,3,46,0,17,177,7,201,14,29,194,10,247,391,0,391,638
01/12/2011,IWA,AZ,AWP,WE,Federal Contract Tower,17,12,13,2,44,0,7,148,2,157,17,19,161,4,201,336,0,336,537
01/13/2011,IWA,AZ,AWP,WE,Federal Contract Tower,22,10,13,4,49,0,9,208,7,224,22,19,221,11,273,443,0,443,716
01/14/2011,IWA,AZ,AWP,WE,Federal Contract Tower,26,14,12,3,55,0,26,177,5,208,26,40,189,8,263,372,4,376,639
01/15/2011,IWA,AZ,AWP,WE,Federal Contract Tower,14,2,9,6,31,0,17,143,14,174,14,19,152,20,205,264,4,268,473
01/16/2011,IWA,AZ,AWP,WE,Federal Contract Tower,19,6,15,3,43,0,9,130,9,148,19,15,145,12,191,206,0,206,397
01/17/2011,IWA,AZ,AWP,WE,Federal Contract Tower,21,8,8,5,42,0,12,203,4,219,21,20,211,9,261,366,0,366,627
01/18/2011,IWA,AZ,AWP,WE,Federal Contract Tower,4,14,12,3,33,0,22,212,4,238,4,36,224,7,271,341,0,341,612
01/19/2011,IWA,AZ,AWP,WE,Federal Contract Tower,17,12,9,10,48,0,15,190,3,208,17,27,199,13,256,485,4,489,745
01/20/2011,IWA,AZ,AWP,WE,Federal Contract Tower,19,11,17,14,61,0,14,196,5,215,19,25,213,19,276,373,9,382,658
01/21/2011,IWA,AZ,AWP,WE,Federal Contract Tower,25,12,18,10,65,0,16,197,8,221,25,28,215,18,286,245,8,253,539
01/22/2011,IWA,AZ,AWP,WE,Federal Contract Tower,14,7,14,10,45,0,10,136,8,154,14,17,150,18,199,264,8,272,471
01/23/2011,IWA,AZ,AWP,WE,Federal Contract Tower,19,2,8,10,39,0,16,82,5,103,19,18,90,15,142,157,4,161,303
01/24/2011,IWA,AZ,AWP,WE,Federal Contract Tower,27,7,16,9,59,0,29,160,2,191,27,36,176,11,250,284,3,287,537
01/25/2011,IWA,AZ,AWP,WE,Federal Contract Tower,4,10,13,2,29,1,7,198,3,209,5,17,211,5,238,288,0,288,526
01/26/2011,IWA,AZ,AWP,WE,Federal Contract Tower,16,6,8,8,38,0,43,159,15,217,16,49,167,23,255,309,28,337,592
01/27/2011,IWA,AZ,AWP,WE,Federal Contract Tower,22,12,16,6,56,0,8,202,16,226,22,20,218,22,282,273,27,300,582
01/28/2011,IWA,AZ,AWP,WE,Federal Contract Tower,24,4,15,18,61,0,12,204,8,224,24,16,219,26,285,289,24,313,598
01/29/2011,IWA,AZ,AWP,WE,Federal Contract Tower,12,4,8,8,32,0,16,185,4,205,12,20,193,12,237,184,1,185,422
01/30/2011,IWA,AZ,AWP,WE,Federal Contract Tower,20,4,7,4,35,0,3,94,0,97,20,7,101,4,132,106,0,106,238
01/31/2011,IWA,AZ,AWP,WE,Federal Contract Tower,23,16,11,7,57,0,26,143,0,169,23,42,154,7,226,205,0,205,431
02/01/2011,IWA,AZ,AWP,WE,Federal Contract Tower,7,12,16,5,40,0,22,131,2,155,7,34,147,7,195,171,0,171,366
02/02/2011,IWA,AZ,AWP,WE,Federal Contract Tower,19,10,14,0,43,0,23,82,4,109,19,33,96,4,152,71,0,71,223
02/03/2011,IWA,AZ,AWP,WE,Federal Contract Tower,21,9,11,0,41,0,30,202,6,238,21,39,213,6,279,199,16,215,494
02/04/2011,IWA,AZ,AWP,WE,Federal Contract Tower,26,6,18,3,53,0,22,236,11,269,26,28,254,14,322,326,0,326,648
02/05/2011,IWA,AZ,AWP,WE,Federal Contract Tower,16,2,19,4,41,0,19,173,10,202,16,21,192,14,243,200,24,224,467
02/06/2011,IWA,AZ,AWP,WE,Federal Contract Tower,14,3,6,8,31,0,1,81,2,84,14,4,87,10,115,149,0,149,264
02/07/2011,IWA,AZ,AWP,WE,Federal Contract Tower,23,9,29,3,64,0,25,161,0,186,23,34,190,3,250,305,0,305,555
02/08/2011,IWA,AZ,AWP,WE,Federal Contract Tower,7,7,10,8,32,0,9,221,7,237,7,16,231,15,269,287,2,289,558
02/09/2011,IWA,AZ,AWP,WE,Federal Contract Tower,17,4,26,5,52,0,26,246,2,274,17,30,272,7,326,293,0,293,619
02/10/2011,IWA,AZ,AWP,WE,Federal Contract Tower,24,9,11,4,48,0,15,286,5,306,24,24,297,9,354,388,6,394,748
02/11/2011,IWA,AZ,AWP,WE,Federal Contract Tower,25,7,33,19,84,0,28,266,7,301,25,35,299,26,385,370,3,373,758
02/12/2011,IWA,AZ,AWP,WE,Federal Contract Tower,16,2,10,10,38,0,19,159,8,186,16,21,169,18,224,246,17,263,487
02/13/2011,IWA,AZ,AWP,WE,Federal Contract Tower,14,3,10,5,32,0,7,114,5,126,14,10,124,10,158,189,2,191,349
02/14/2011,IWA,AZ,AWP,WE,Federal Contract Tower,25,6,16,11,58,0,21,189,5,215,25,27,205,16,273,318,4,322,595
02/15/2011,IWA,AZ,AWP,WE,Federal Contract Tower,8,11,16,6,41,0,32,202,2,236,8,43,218,8,277,367,0,367,644
02/16/2011,IWA,AZ,AWP,WE,Federal Contract Tower,22,6,18,6,52,0,18,199,0,217,22,24,217,6,269,342,0,342,611
02/17/2011,IWA,AZ,AWP,WE,Federal Contract Tower,23,13,16,8,60,0,25,243,0,268,23,38,259,8,328,407,15,422,750
02/18/2011,IWA,AZ,AWP,WE,Federal Contract Tower,26,2,19,4,51,0,13,181,3,197,26,15,200,7,248,420,2,422,670
02/19/2011,IWA,AZ,AWP,WE,Federal Contract Tower,19,9,6,2,36,0,5,34,0,39,19,14,40,2,75,35,0,35,110
02/20/2011,IWA,AZ,AWP,WE,Federal Contract Tower,17,10,11,8,46,0,4,50,3,57,17,14,61,11,103,152,4,156,259
02/21/2011,IWA,AZ,AWP,WE,Federal Contract Tower,27,4,14,2,47,0,17,179,4,200,27,21,193,6,247,500,26,526,773
02/22/2011,IWA,AZ,AWP,WE,Federal Contract Tower,11,13,15,10,49,0,16,208,7,231,11,29,223,17,280,471,9,480,760
02/23/2011,IWA,AZ,AWP,WE,Federal Contract Tower,22,7,14,8,51,0,25,248,0,273,22,32,262,8,324,300,0,300,624
02/24/2011,IWA,AZ,AWP,WE,Federal Contract Tower,22,14,14,3,53,0,20,160,5,185,22,34,174,8,238,404,21,425,663
02/25/2011,IWA,AZ,AWP,WE,Federal Contract Tower,26,7,16,12,61,0,16,222,9,247,26,23,238,21,308,365,23,388,696
02/26/2011,IWA,AZ,AWP,WE,Federal Contract Tower,18,3,4,4,29,0,22,89,0,111,18,25,93,4,140,210,14,224,364
02/27/2011,IWA,AZ,AWP,WE,Federal Contract Tower,19,6,6,2,33,0,12,61,0,73,19,18,67,2,106,171,0,171,277
02/28/2011,IWA,AZ,AWP,WE,Federal Contract Tower,28,9,15,8,60,0,20,143,1,164,28,29,158,9,224,283,0,283,507
03/01/2011,IWA,AZ,AWP,WE,Federal Contract Tower,9,10,8,8,35,0,17,131,8,156,9,27,139,16,191,340,3,343,534
03/02/2011,IWA,AZ,AWP,WE,Federal Contract Tower,24,10,15,7,56,1,13,177,4,195,25,23,192,11,251,388,13,401,652
03/03/2011,IWA,AZ,AWP,WE,Federal Contract Tower,26,9,12,7,54,0,26,213,2,241,26,35,225,9,295,451,1,452,747
03/04/2011,IWA,AZ,AWP,WE,Federal Contract Tower,26,9,13,21,69,0,31,176,6,213,26,40,189,27,282,394,6,400,682
03/05/2011,IWA,AZ,AWP,WE,Federal Contract Tower,22,3,10,6,41,0,15,132,6,153,22,18,142,12,194,398,0,398,592
03/06/2011,IWA,AZ,AWP,WE,Federal Contract Tower,24,6,14,11,55,0,3,89,14,106,24,9,103,25,161,202,9,211,372
03/07/2011,IWA,AZ,AWP,WE,Federal Contract Tower,28,7,9,2,46,0,14,53,0,67,28,21,62,2,113,61,0,61,174
03/08/2011,IWA,AZ,AWP,WE,Federal Contract Tower,12,11,16,1,40,0,6,145,3,154,12,17,161,4,194,287,2,289,483
03/09/2011,IWA,AZ,AWP,WE,Federal Contract Tower,24,7,15,11,57,0,21,184,2,207,24,28,199,13,264,427,16,443,707
03/10/2011,IWA,AZ,AWP,WE,Federal Contract Tower,23,11,21,2,57,0,21,168,0,189,23,32,189,2,246,345,0,345,591
03/11/2011,IWA,AZ,AWP,WE,Federal Contract Tower,32,7,18,16,73,0,28,179,7,214,32,35,197,23,287,328,30,358,645
03/12/2011,IWA,AZ,AWP,WE,Federal Contract Tower,25,0,8,5,38,0,10,166,29,205,25,10,174,34,243,361,4,365,608
03/13/2011,IWA,AZ,AWP,WE,Federal Contract Tower,22,8,7,15,52,0,6,85,3,94,22,14,92,18,146,157,10,167,313
03/14/2011,IWA,AZ,AWP,WE,Federal Contract Tower,27,10,20,5,62,0,23,185,4,212,27,33,205,9,274,249,30,279,553
03/15/2011,IWA,AZ,AWP,WE,Federal Contract Tower,18,10,11,6,45,0,49,161,14,224,18,59,172,20,269,398,43,441,710
03/16/2011,IWA,AZ,AWP,WE,Federal Contract Tower,27,7,15,1,50,0,25,210,4,239,27,32,225,5,289,446,6,452,741
03/17/2011,IWA,AZ,AWP,WE,Federal Contract Tower,29,12,23,17,81,0,41,195,1,237,29,53,218,18,318,310,1,311,629
03/18/2011,IWA,AZ,AWP,WE,Federal Contract Tower,29,10,23,13,75,0,24,163,2,189,29,34,186,15,264,401,41,442,706
03/19/2011,IWA,AZ,AWP,WE,Federal Contract Tower,20,3,16,6,45,0,9,125,4,138,20,12,141,10,183,206,6,212,395
03/20/2011,IWA,AZ,AWP,WE,Federal Contract Tower,21,4,13,12,50,0,9,88,0,97,21,13,101,12,147,135,3,138,285
03/21/2011,IWA,AZ,AWP,WE,Federal Contract Tower,30,10,14,5,59,0,8,4,0,12,30,18,18,5,71,17,8,25,96
03/22/2011,IWA,AZ,AWP,WE,Federal Contract Tower,21,14,24,0,59,0,24,235,1,260,21,38,259,1,319,463,0,463,782
03/23/2011,IWA,AZ,AWP,WE,Federal Contract Tower,28,8,16,10,62,0,25,209,3,237,28,33,225,13,299,524,21,545,844
03/24/2011,IWA,AZ,AWP,WE,Federal Contract Tower,28,8,13,4,53,0,17,241,0,258,28,25,254,4,311,502,0,502,813
03/25/2011,IWA,AZ,AWP,WE,Federal Contract Tower,33,7,17,25,82,0,24,163,0,187,33,31,180,25,269,295,0,295,564
03/26/2011,IWA,AZ,AWP,WE,Federal Contract Tower,21,6,14,10,51,0,7,110,0,117,21,13,124,10,168,192,1,193,361
03/27/2011,IWA,AZ,AWP,WE,Federal Contract Tower,23,3,15,22,63,0,11,105,1,117,23,14,120,23,180,300,2,302,482
03/28/2011,IWA,AZ,AWP,WE,Federal Contract Tower,34,6,16,8,64,0,26,132,2,160,34,32,148,10,224,375,0,375,599
03/29/2011,IWA,AZ,AWP,WE,Federal Contract Tower,20,7,12,7,46,0,32,202,0,234,20,39,214,7,280,395,32,427,707
03/30/2011,IWA,AZ,AWP,WE,Federal Contract Tower,25,8,19,8,60,0,28,175,0,203,25,36,194,8,263,415,8,423,686
03/31/2011,IWA,AZ,AWP,WE,Federal Contract Tower,25,7,16,6,54,0,21,189,3,213,25,28,205,9,267,487,15,502,769
04/01/2011,IWA,AZ,AWP,WE,Federal Contract Tower,34,10,21,10,75,0,13,173,1,187,34,23,194,11,262,349,0,349,611
04/02/2011,IWA,AZ,AWP,WE,Federal Contract Tower,21,5,11,4,41,0,15,135,0,150,21,20,146,4,191,196,12,208,399
04/03/2011,IWA,AZ,AWP,WE,Federal Contract Tower,24,4,5,1,34,0,13,76,0,89,24,17,81,1,123,159,0,159,282
04/04/2011,IWA,AZ,AWP,WE,Federal Contract Tower,31,6,16,7,60,0,18,139,6,163,31,24,155,13,223,191,0,191,414
04/05/2011,IWA,AZ,AWP,WE,Federal Contract Tower,15,11,11,9,46,0,12,153,5,170,15,23,164,14,216,378,17,395,611
04/06/2011,IWA,AZ,AWP,WE,Federal Contract Tower,23,9,25,8,65,1,16,147,0,164,24,25,172,8,229,320,12,332,561
04/07/2011,IWA,AZ,AWP,WE,Federal Contract Tower,19,9,11,8,47,0,30,165,4,199,19,39,176,12,246,320,10,330,576
04/08/2011,IWA,AZ,AWP,WE,Federal Contract Tower,26,8,12,17,63,0,14,101,10,125,26,22,113,27,188,176,16,192,380
04/09/2011,IWA,AZ,AWP,WE,Federal Contract Tower,18,4,18,6,46,0,8,2,0,10,18,12,20,6,56,6,0,6,62
04/10/2011,IWA,AZ,AWP,WE,Federal Contract Tower,18,7,14,1,40,0,11,127,0,138,18,18,141,1,178,167,0,167,345
04/11/2011,IWA,AZ,AWP,WE,Federal Contract Tower,26,6,23,8,63,0,27,153,1,181,26,33,176,9,244,332,30,362,606
04/12/2011,IWA,AZ,AWP,WE,Federal Contract Tower,11,9,12,14,46,0,22,213,9,244,11,31,225,23,290,347,7,354,644
04/13/2011,IWA,AZ,AWP,WE,Federal Contract Tower,21,7,22,27,77,0,23,152,2,177,21,30,174,29,254,312,16,328,582
04/14/2011,IWA,AZ,AWP,WE,Federal Contract Tower,18,11,18,12,59,0,17,173,4,194,18,28,191,16,253,304,16,320,573
04/15/2011,IWA,AZ,AWP,WE,Federal Contract Tower,26,10,17,5,58,0,19,160,2,181,26,29,177,7,239,364,16,380,619
04/16/2011,IWA,AZ,AWP,WE,Federal Contract Tower,15,1,15,1,32,0,5,116,0,121,15,6,131,1,153,141,0,141,294
04/17/2011,IWA,AZ,AWP,WE,Federal Contract Tower,15,3,21,7,46,0,15,112,0,127,15,18,133,7,173,156,0,156,329
04/18/2011,IWA,AZ,AWP,WE,Federal Contract Tower,28,7,8,12,55,0,17,139,0,156,28,24,147,12,211,269,24,293,504
04/19/2011,IWA,AZ,AWP,WE,Federal Contract Tower,13,11,17,10,51,0,12,175,3,190,13,23,192,13,241,349,31,380,621
04/20/2011,IWA,AZ,AWP,WE,Federal Contract Tower,20,6,20,7,53,0,12,166,10,188,20,18,186,17,241,303,29,332,573
04/21/2011,IWA,AZ,AWP,WE,Federal Contract Tower,20,10,9,12,51,0,19,181,3,203,20,29,190,15,254,357,2,359,613
04/22/2011,IWA,AZ,AWP,WE,Federal Contract Tower,28,10,17,10,65,0,9,159,7,175,28,19,176,17,240,445,8,453,693
04/23/2011,IWA,AZ,AWP,WE,Federal Contract Tower,23,5,18,6,52,0,14,136,10,160,23,19,154,16,212,180,4,184,396
04/24/2011,IWA,AZ,AWP,WE,Federal Contract Tower,15,5,11,3,34,0,6,74,5,85,15,11,85,8,119,60,1,61,180
04/25/2011,IWA,AZ,AWP,WE,Federal Contract Tower,30,7,16,20,73,0,26,151,4,181,30,33,167,24,254,328,44,372,626
04/26/2011,IWA,AZ,AWP,WE,Federal Contract Tower,13,9,18,14,54,0,28,133,3,164,13,37,151,17,218,238,33,271,489
04/27/2011,IWA,AZ,AWP,WE,Federal Contract Tower,19,6,15,7,47,0,19,163,2,184,19,25,178,9,231,297,31,328,559
04/28/2011,IWA,AZ,AWP,WE,Federal Contract Tower,19,9,25,4,57,0,9,209,5,223,19,18,234,9,280,346,24,370,650
04/29/2011,IWA,AZ,AWP,WE,Federal Contract Tower,25,5,22,19,71,0,24,166,1,191,25,29,188,20,262,331,0,331,593
04/30/2011,IWA,AZ,AWP,WE,Federal Contract Tower,15,4,14,22,55,0,36,153,6,195,15,40,167,28,250,225,48,273,523
05/01/2011,IWA,AZ,AWP,WE,Federal Contract Tower,15,7,8,6,36,0,15,132,2,149,15,22,140,8,185,231,0,231,416
05/02/2011,IWA,AZ,AWP,WE,Federal Contract Tower,28,6,12,5,51,0,26,141,0,167,28,32,153,5,218,169,8,177,395
05/03/2011,IWA,AZ,AWP,WE,Federal Contract Tower,9,9,8,0,26,0,15,150,2,167,9,24,158,2,193,299,30,329,522
05/04/2011,IWA,AZ,AWP,WE,Federal Contract Tower,22,9,14,4,49,0,15,184,4,203,22,24,198,8,252,324,57,381,633
05/05/2011,IWA,AZ,AWP,WE,Federal Contract Tower,18,9,10,9,46,0,21,179,7,207,18,30,189,16,253,322,15,337,590
05/06/2011,IWA,AZ,AWP,WE,Federal Contract Tower,28,4,28,6,66,0,30,239,2,271,28,34,267,8,337,304,0,304,641
05/07/2011,IWA,AZ,AWP,WE,Federal Contract Tower,15,0,10,4,29,0,6,148,0,154,15,6,158,4,183,252,0,252,435
05/08/2011,IWA,AZ,AWP,WE,Federal Contract Tower,13,3,4,1,21,0,4,122,5,131,13,7,126,6,152,123,0,123,275
05/09/2011,IWA,AZ,AWP,WE,Federal Contract Tower,24,7,22,2,55,0,18,120,1,139,24,25,142,3,194,128,0,128,322
05/10/2011,IWA,AZ,AWP,WE,Federal Contract Tower,10,9,11,7,37,0,20,191,4,215,10,29,202,11,252,352,22,374,626
05/11/2011,IWA,AZ,AWP,WE,Federal Contract Tower,20,6,11,6,43,0,26,184,6,216,20,32,195,12,259,398,46,444,703
05/12/2011,IWA,AZ,AWP,WE,Federal Contract Tower,20,9,16,3,48,0,31,199,0,230,20,40,215,3,278,381,1,382,660
05/13/2011,IWA,AZ,AWP,WE,Federal Contract Tower,30,7,24,6,67,0,21,190,0,211,30,28,214,6,278,329,0,329,607
05/14/2011,IWA,AZ,AWP,WE,Federal Contract Tower,17,2,5,8,32,0,14,131,2,147,17,16,136,10,179,170,1,171,350
05/15/2011,IWA,AZ,AWP,WE,Federal Contract Tower,13,4,7,6,30,0,9,116,0,125,13,13,123,6,155,151,0,151,306
05/16/2011,IWA,AZ,AWP,WE,Federal Contract Tower,28,5,18,5,56,0,21,186,2,209,28,26,204,7,265,184,0,184,449
05/17/2011,IWA,AZ,AWP,WE,Federal Contract Tower,8,7,10,2,27,0,25,223,0,248,8,32,233,2,275,375,0,375,650
05/18/2011,IWA,AZ,AWP,WE,Federal Contract Tower,14,6,11,3,34,0,19,74,6,99,14,25,85,9,133,118,14,132,265
05/19/2011,IWA,AZ,AWP,WE,Federal Contract Tower,22,9,21,9,61,0,16,213,3,232,22,25,234,12,293,312,5,317,610
05/20/2011,IWA,AZ,AWP,WE,Federal Contract Tower,30,5,12,10,57,0,16,232,4,252,30,21,244,14,309,280,0,280,589
05/21/2011,IWA,AZ,AWP,WE,Federal Contract Tower,11,4,6,6,27,0,6,155,1,162,11,10,161,7,189,243,2,245,434
05/22/2011,IWA,AZ,AWP,WE,Federal Contract Tower,16,4,12,2,34,0,9,92,2,103,16,13,104,4,137,170,0,170,307
05/23/2011,IWA,AZ,AWP,WE,Federal Contract Tower,25,7,5,6,43,0,19,167,7,193,25,26,172,13,236,217,6,223,459
05/24/2011,IWA,AZ,AWP,WE,Federal Contract Tower,7,9,14,4,34,0,26,264,6,296,7,35,278,10,330,311,24,335,665
05/25/2011,IWA,AZ,AWP,WE,Federal Contract Tower,14,4,9,5,32,0,23,205,6,234,14,27,214,11,266,332,10,342,608
05/26/2011,IWA,AZ,AWP,WE,Federal Contract Tower,26,11,9,2,48,0,22,215,7,244,26,33,224,9,292,308,3,311,603
05/27/2011,IWA,AZ,AWP,WE,Federal Contract Tower,29,0,13,2,44,0,21,201,3,225,29,21,214,5,269,317,0,317,586
05/28/2011,IWA,AZ,AWP,WE,Federal Contract Tower,10,2,4,2,18,0,6,108,0,114,10,8,112,2,132,158,0,158,290
05/29/2011,IWA,AZ,AWP,WE,Federal Contract Tower,18,0,2,3,23,0,13,84,0,97,18,13,86,3,120,70,0,70,190
05/30/2011,IWA,AZ,AWP,WE,Federal Contract Tower,28,2,11,0,41,0,8,140,0,148,28,10,151,0,189,117,0,117,306
05/31/2011,IWA,AZ,AWP,WE,Federal Contract Tower,11,9,12,0,32,0,22,175,4,201,11,31,187,4,233,245,6,251,484
06/01/2011,IWA,AZ,AWP,WE,Federal Contract Tower,16,6,13,8,43,0,44,161,2,207,16,50,174,10,250,193,26,219,469
06/02/2011,IWA,AZ,AWP,WE,Federal Contract Tower,26,10,11,0,47,0,28,217,1,246,26,38,228,1,293,262,1,263,556
06/03/2011,IWA,AZ,AWP,WE,Federal Contract Tower,30,7,9,1,47,0,20,192,0,212,30,27,201,1,259,269,10,279,538
06/04/2011,IWA,AZ,AWP,WE,Federal Contract Tower,12,4,8,2,26,0,22,120,3,145,12,26,128,5,171,188,2,190,361
06/05/2011,IWA,AZ,AWP,WE,Federal Contract Tower,15,2,6,0,23,0,19,78,2,99,15,21,84,2,122,108,4,112,234
06/06/2011,IWA,AZ,AWP,WE,Federal Contract Tower,26,9,10,2,47,0,25,182,0,207,26,34,192,2,254,259,0,259,513
06/07/2011,IWA,AZ,AWP,WE,Federal Contract Tower,14,10,14,4,42,0,19,119,0,138,14,29,133,4,180,146,4,150,330
06/08/2011,IWA,AZ,AWP,WE,Federal Contract Tower,28,11,11,2,52,0,27,222,0,249,28,38,233,2,301,266,34,300,601
06/09/2011,IWA,AZ,AWP,WE,Federal Contract Tower,24,7,16,6,53,0,22,185,3,210,24,29,201,9,263,358,20,378,641
06/10/2011,IWA,AZ,AWP,WE,Federal Contract Tower,34,5,14,6,59,0,17,245,1,263,34,22,259,7,322,281,1,282,604
06/11/2011,IWA,AZ,AWP,WE,Federal Contract Tower,11,4,9,0,24,0,13,142,2,157,11,17,151,2,181,221,0,221,402
06/12/2011,IWA,AZ,AWP,WE,Federal Contract Tower,20,3,11,2,36,0,18,92,0,110,20,21,103,2,146,136,0,136,282
06/13/2011,IWA,AZ,AWP,WE,Federal Contract Tower,28,10,11,3,52,0,26,183,5,214,28,36,194,8,266,191,12,203,469
06/14/2011,IWA,AZ,AWP,WE,Federal Contract Tower,14,7,15,7,43,0,14,218,1,233,14,21,233,8,276,267,0,267,543
06/15/2011,IWA,AZ,AWP,WE,Federal Contract Tower,26,5,16,1,48,0,8,179,8,195,26,13,195,9,243,265,30,295,538
06/16/2011,IWA,AZ,AWP,WE,Federal Contract Tower,27,8,11,5,51,0,33,164,7,204,27,41,175,12,255,167,11,178,433
06/17/2011,IWA,AZ,AWP,WE,Federal Contract Tower,28,9,16,2,55,0,7,176,6,189,28,16,192,8,244,220,0,220,464
06/18/2011,IWA,AZ,AWP,WE,Federal Contract Tower,16,3,12,3,34,0,30,128,3,161,16,33,140,6,195,169,0,169,364
06/19/2011,IWA,AZ,AWP,WE,Federal Contract Tower,20,2,4,2,28,0,9,54,2,65,20,11,58,4,93,97,3,100,193
06/20/2011,IWA,AZ,AWP,WE,Federal Contract Tower,33,9,15,8,65,0,41,186,9,236,33,50,201,17,301,201,10,211,512
06/21/2011,IWA,AZ,AWP,WE,Federal Contract Tower,14,9,14,5,42,0,35,199,1,235,14,44,213,6,277,280,40,320,597
06/22/2011,IWA,AZ,AWP,WE,Federal Contract Tower,25,5,13,2,45,0,31,186,1,218,25,36,199,3,263,245,0,245,508
06/23/2011,IWA,AZ,AWP,WE,Federal Contract Tower,26,11,9,2,48,0,27,184,5,216,26,38,193,7,264,203,6,209,473
06/24/2011,IWA,AZ,AWP,WE,Federal Contract Tower,30,6,14,13,63,0,24,169,4,197,30,30,183,17,260,221,11,232,492
06/25/2011,IWA,AZ,AWP,WE,Federal Contract Tower,20,4,10,0,34,0,13,139,0,152,20,17,149,0,186,166,0,166,352
06/26/2011,IWA,AZ,AWP,WE,Federal Contract Tower,18,2,15,4,39,0,12,63,0,75,18,14,78,4,114,79,0,79,193
06/27/2011,IWA,AZ,AWP,WE,Federal Contract Tower,35,7,12,0,54,0,33,163,0,196,35,40,175,0,250,214,0,214,464
06/28/2011,IWA,AZ,AWP,WE,Federal Contract Tower,20,15,15,4,54,0,27,184,5,216,20,42,199,9,270,178,4,182,452
06/29/2011,IWA,AZ,AWP,WE,Federal Contract Tower,27,5,16,0,48,0,23,175,4,202,27,28,191,4,250,226,0,226,476
06/30/2011,IWA,AZ,AWP,WE,Federal Contract Tower,26,11,17,3,57,0,17,160,2,179,26,28,177,5,236,138,0,138,374
07/01/2011,IWA,AZ,AWP,WE,Federal Contract Tower,31,10,14,8,63,0,20,140,3,163,31,30,154,11,226,286,7,293,519
07/02/2011,IWA,AZ,AWP,WE,Federal Contract Tower,19,3,8,0,30,0,50,78,0,128,19,53,86,0,158,103,0,103,261
07/03/2011,IWA,AZ,AWP,WE,Federal Contract Tower,22,3,6,0,31,0,20,76,0,96,22,23,82,0,127,94,0,94,221
07/04/2011,IWA,AZ,AWP,WE,Federal Contract Tower,28,4,4,1,37,0,8,78,0,86,28,12,82,1,123,91,0,91,214
07/05/2011,IWA,AZ,AWP,WE,Federal Contract Tower,13,3,13,3,32,0,24,126,30,180,13,27,139,33,212,91,10,101,313
07/06/2011,IWA,AZ,AWP,WE,Federal Contract Tower,30,4,10,2,46,0,18,129,17,164,30,22,139,19,210,150,32,182,392
07/07/2011,IWA,AZ,AWP,WE,Federal Contract Tower,27,4,7,10,48,0,20,126,3,149,27,24,133,13,197,233,10,243,440
07/08/2011,IWA,AZ,AWP,WE,Federal Contract Tower,34,2,16,5,57,0,13,154,0,167,34,15,170,5,224,215,13,228,452
07/09/2011,IWA,AZ,AWP,WE,Federal Contract Tower,19,1,8,0,28,0,16,132,1,149,19,17,140,1,177,137,0,137,314
07/10/2011,IWA,AZ,AWP,WE,Federal Contract Tower,23,9,11,4,47,0,10,102,0,112,23,19,113,4,159,223,0,223,382
07/11/2011,IWA,AZ,AWP,WE,Federal Contract Tower,26,5,10,1,42,0,11,140,0,151,26,16,150,1,193,196,0,196,389
07/12/2011,IWA,AZ,AWP,WE,Federal Contract Tower,20,9,7,1,37,0,19,169,0,188,20,28,176,1,225,191,0,191,416
07/13/2011,IWA,AZ,AWP,WE,Federal Contract Tower,27,10,14,12,63,0,30,175,6,211,27,40,189,18,274,226,2,228,502
07/14/2011,IWA,AZ,AWP,WE,Federal Contract Tower,30,9,12,3,54,0,25,179,4,208,30,34,191,7,262,238,0,238,500
07/15/2011,IWA,AZ,AWP,WE,Federal Contract Tower,33,10,12,9,64,0,21,148,4,173,33,31,160,13,237,260,0,260,497
07/16/2011,IWA,AZ,AWP,WE,Federal Contract Tower,18,2,9,3,32,0,10,151,7,168,18,12,160,10,200,168,0,168,368
07/17/2011,IWA,AZ,AWP,WE,Federal Contract Tower,19,5,5,0,29,0,3,60,2,65,19,8,65,2,94,117,0,117,211
07/18/2011,IWA,AZ,AWP,WE,Federal Contract Tower,29,11,9,4,53,0,3,71,0,74,29,14,80,4,127,90,0,90,217
07/19/2011,IWA,AZ,AWP,WE,Federal Contract Tower,19,9,17,1,46,0,10,155,0,165,19,19,172,1,211,236,0,236,447
07/20/2011,IWA,AZ,AWP,WE,Federal Contract Tower,28,12,13,2,55,0,5,175,2,182,28,17,188,4,237,185,16,201,438
07/21/2011,IWA,AZ,AWP,WE,Federal Contract Tower,24,13,21,1,59,0,20,173,4,197,24,33,194,5,256,315,12,327,583
07/22/2011,IWA,AZ,AWP,WE,Federal Contract Tower,33,9,22,30,94,0,16,149,5,170,33,25,171,35,264,222,10,232,496
07/23/2011,IWA,AZ,AWP,WE,Federal Contract Tower,21,1,8,2,32,0,7,126,0,133,21,8,134,2,165,178,0,178,343
07/24/2011,IWA,AZ,AWP,WE,Federal Contract Tower,20,6,9,6,41,0,8,85,0,93,20,14,94,6,134,80,0,80,214
07/25/2011,IWA,AZ,AWP,WE,Federal Contract Tower,32,9,5,9,55,0,20,95,4,119,32,29,100,13,174,202,8,210,384
07/26/2011,IWA,AZ,AWP,WE,Federal Contract Tower,17,6,15,8,46,0,13,172,2,187,17,19,187,10,233,158,17,175,408
07/27/2011,IWA,AZ,AWP,WE,Federal Contract Tower,26,8,15,1,50,0,23,170,19,212,26,31,185,20,262,185,0,185,447
07/28/2011,IWA,AZ,AWP,WE,Federal Contract Tower,25,13,7,2,47,0,24,160,12,196,25,37,167,14,243,126,10,136,379
07/29/2011,IWA,AZ,AWP,WE,Federal Contract Tower,34,4,16,4,58,0,17,149,0,166,34,21,165,4,224,252,15,267,491
07/30/2011,IWA,AZ,AWP,WE,Federal Contract Tower,18,3,5,0,26,0,7,150,0,157,18,10,155,0,183,195,0,195,378
07/31/2011,IWA,AZ,AWP,WE,Federal Contract Tower,20,3,7,2,32,0,1,68,0,69,20,4,75,2,101,81,0,81,182
08/01/2011,IWA,AZ,AWP,WE,Federal Contract Tower,32,7,5,0,44,0,9,117,2,128,32,16,122,2,172,241,2,243,415
08/02/2011,IWA,AZ,AWP,WE,Federal Contract Tower,15,11,12,0,38,0,11,145,2,158,15,22,157,2,196,208,0,208,404
08/03/2011,IWA,AZ,AWP,WE,Federal Contract Tower,25,12,9,4,50,0,12,158,3,173,25,24,167,7,223,268,4,272,495
08/04/2011,IWA,AZ,AWP,WE,Federal Contract Tower,24,11,9,3,47,0,25,168,4,197,24,36,177,7,244,205,16,221,465
08/05/2011,IWA,AZ,AWP,WE,Federal Contract Tower,32,7,5,3,47,0,14,191,0,205,32,21,196,3,252,270,0,270,522
08/06/2011,IWA,AZ,AWP,WE,Federal Contract Tower,18,9,5,3,35,0,11,119,0,130,18,20,124,3,165,102,0,102,267
08/07/2011,IWA,AZ,AWP,WE,Federal Contract Tower,19,4,15,6,44,0,5,73,1,79,19,9,88,7,123,92,0,92,215
08/08/2011,IWA,AZ,AWP,WE,Federal Contract Tower,30,9,13,2,54,0,27,126,1,154,30,36,139,3,208,157,0,157,365
08/09/2011,IWA,AZ,AWP,WE,Federal Contract Tower,12,6,9,8,35,0,16,181,2,199,12,22,190,10,234,188,4,192,426
08/10/2011,IWA,AZ,AWP,WE,Federal Contract Tower,19,6,5,2,32,0,16,196,2,214,19,22,201,4,246,251,6,257,503
08/11/2011,IWA,AZ,AWP,WE,Federal Contract Tower,26,9,8,1,44,0,26,158,1,185,26,35,166,2,229,242,0,242,471
08/12/2011,IWA,AZ,AWP,WE,Federal Contract Tower,28,8,14,2,52,0,18,149,0,167,28,26,163,2,219,182,0,182,401
08/13/2011,IWA,AZ,AWP,WE,Federal Contract Tower,16,1,8,3,28,0,17,120,10,147,16,18,128,13,175,132,16,148,323
08/14/2011,IWA,AZ,AWP,WE,Federal Contract Tower,16,2,8,3,29,0,6,99,4,109,16,8,107,7,138,78,1,79,217
08/15/2011,IWA,AZ,AWP,WE,Federal Contract Tower,30,8,12,1,51,0,28,83,0,111,30,36,95,1,162,56,0,56,218
08/16/2011,IWA,AZ,AWP,WE,Federal Contract Tower,13,6,13,0,32,0,21,155,4,180,13,27,168,4,212,196,23,219,431
08/17/2011,IWA,AZ,AWP,WE,Federal Contract Tower,13,7,10,0,30,0,20,96,4,120,13,27,106,4,150,137,24,161,311
08/18/2011,IWA,AZ,AWP,WE,Federal Contract Tower,24,9,14,1,48,0,10,122,0,132,24,19,136,1,180,183,0,183,363
08/19/2011,IWA,AZ,AWP,WE,Federal Contract Tower,25,7,8,9,49,0,19,146,8,173,25,26,154,17,222,206,42,248,470
08/20/2011,IWA,AZ,AWP,WE,Federal Contract Tower,10,2,8,0,20,0,6,92,8,106,10,8,100,8,126,196,0,196,322
08/21/2011,IWA,AZ,AWP,WE,Federal Contract Tower,21,3,13,14,51,0,9,85,3,97,21,12,98,17,148,111,0,111,259
08/22/2011,IWA,AZ,AWP,WE,Federal Contract Tower,25,6,12,1,44,0,13,97,2,112,25,19,109,3,156,208,0,208,364
08/23/2011,IWA,AZ,AWP,WE,Federal Contract Tower,9,13,16,1,39,0,11,130,0,141,9,24,146,1,180,212,0,212,392
08/24/2011,IWA,AZ,AWP,WE,Federal Contract Tower,17,8,4,2,31,0,16,154,5,175,17,24,158,7,206,189,11,200,406
08/25/2011,IWA,AZ,AWP,WE,Federal Contract Tower,23,10,13,1,47,0,12,105,2,119,23,22,118,3,166,145,0,145,311
08/26/2011,IWA,AZ,AWP,WE,Federal Contract Tower,27,13,22,9,71,0,19,118,14,151,27,32,140,23,222,105,5,110,332
08/27/2011,IWA,AZ,AWP,WE,Federal Contract Tower,8,4,6,0,18,0,21,91,6,118,8,25,97,6,136,80,0,80,216
08/28/2011,IWA,AZ,AWP,WE,Federal Contract Tower,22,3,8,2,35,0,16,85,13,114,22,19,93,15,149,124,0,124,273
08/29/2011,IWA,AZ,AWP,WE,Federal Contract Tower,27,10,10,7,54,0,31,125,1,157,27,41,135,8,211,150,10,160,371
08/30/2011,IWA,AZ,AWP,WE,Federal Contract Tower,6,9,4,7,26,0,21,175,0,196,6,30,179,7,222,195,0,195,417
08/31/2011,IWA,AZ,AWP,WE,Federal Contract Tower,16,6,14,3,39,0,23,191,2,216,16,29,205,5,255,210,8,218,473
09/01/2011,IWA,AZ,AWP,WE,Federal Contract Tower,29,11,10,0,50,0,18,174,2,194,29,29,184,2,244,158,0,158,402
09/02/2011,IWA,AZ,AWP,WE,Federal Contract Tower,29,8,8,11,56,0,23,149,4,176,29,31,157,15,232,203,8,211,443
09/03/2011,IWA,AZ,AWP,WE,Federal Contract Tower,6,3,8,0,17,0,20,91,4,115,6,23,99,4,132,123,3,126,258
09/04/2011,IWA,AZ,AWP,WE,Federal Contract Tower,23,6,8,0,37,0,10,72,5,87,23,16,80,5,124,86,0,86,210
09/05/2011,IWA,AZ,AWP,WE,Federal Contract Tower,23,4,8,1,36,0,11,72,4,87,23,15,80,5,123,75,0,75,198
09/06/2011,IWA,AZ,AWP,WE,Federal Contract Tower,7,8,14,3,32,0,18,151,6,175,7,26,165,9,207,184,4,188,395
09/07/2011,IWA,AZ,AWP,WE,Federal Contract Tower,12,7,9,0,28,0,27,186,7,220,12,34,195,7,248,244,30,274,522
09/08/2011,IWA,AZ,AWP,WE,Federal Contract Tower,30,12,11,8,61,0,34,150,15,199,30,46,161,23,260,170,8,178,438
09/09/2011,IWA,AZ,AWP,WE,Federal Contract Tower,26,4,10,10,50,0,19,71,5,95,26,23,81,15,145,122,4,126,271
09/10/2011,IWA,AZ,AWP,WE,Federal Contract Tower,8,1,3,3,15,0,14,82,5,101,8,15,85,8,116,176,0,176,292
09/11/2011,IWA,AZ,AWP,WE,Federal Contract Tower,24,2,13,8,47,0,17,120,2,139,24,19,133,10,186,221,0,221,407
09/12/2011,IWA,AZ,AWP,WE,Federal Contract Tower,26,5,14,4,49,0,24,109,8,141,26,29,123,12,190,134,10,144,334
09/13/2011,IWA,AZ,AWP,WE,Federal Contract Tower,6,11,9,11,37,0,17,139,4,160,6,28,148,15,197,302,19,321,518
09/14/2011,IWA,AZ,AWP,WE,Federal Contract Tower,11,5,11,1,28,0,25,158,2,185,11,30,169,3,213,357,6,363,576
09/15/2011,IWA,AZ,AWP,WE,Federal Contract Tower,29,7,16,3,55,0,16,217,4,237,29,23,233,7,292,407,20,427,719
09/16/2011,IWA,AZ,AWP,WE,Federal Contract Tower,26,12,14,3,55,0,12,162,10,184,26,24,176,13,239,293,15,308,547
09/17/2011,IWA,AZ,AWP,WE,Federal Contract Tower,6,3,15,3,27,0,12,112,14,138,6,15,127,17,165,257,8,265,430
09/18/2011,IWA,AZ,AWP,WE,Federal Contract Tower,26,2,11,6,45,0,16,92,8,116,26,18,103,14,161,193,0,193,354
09/19/2011,IWA,AZ,AWP,WE,Federal Contract Tower,29,4,6,0,39,0,22,131,0,153,29,26,137,0,192,280,0,280,472
09/20/2011,IWA,AZ,AWP,WE,Federal Contract Tower,8,6,16,0,30,0,18,191,0,209,8,24,207,0,239,299,0,299,538
09/21/2011,IWA,AZ,AWP,WE,Federal Contract Tower,11,7,10,2,30,0,36,214,7,257,11,43,224,9,287,419,20,439,726
09/22/2011,IWA,AZ,AWP,WE,Federal Contract Tower,28,7,17,0,52,0,10,186,20,216,28,17,203,20,268,328,29,357,625
09/23/2011,IWA,AZ,AWP,WE,Federal Contract Tower,28,5,12,10,55,0,24,154,26,204,28,29,166,36,259,415,29,444,703
09/24/2011,IWA,AZ,AWP,WE,Federal Contract Tower,4,4,14,2,24,0,14,110,15,139,4,18,124,17,163,222,0,222,385
09/25/2011,IWA,AZ,AWP,WE,Federal Contract Tower,24,3,16,4,47,0,15,99,8,122,24,18,115,12,169,175,0,175,344
09/26/2011,IWA,AZ,AWP,WE,Federal Contract Tower,26,5,19,0,50,1,31,154,0,186,27,36,173,0,236,365,0,365,601
09/27/2011,IWA,AZ,AWP,WE,Federal Contract Tower,6,10,23,3,42,0,22,181,4,207,6,32,204,7,249,304,3,307,556
09/28/2011,IWA,AZ,AWP,WE,Federal Contract Tower,11,7,20,0,38,0,25,182,0,207,11,32,202,0,245,347,0,347,592
09/29/2011,IWA,AZ,AWP,WE,Federal Contract Tower,30,10,15,3,58,1,19,217,3,240,31,29,232,6,298,374,9,383,681
09/30/2011,IWA,AZ,AWP,WE,Federal Contract Tower,27,9,11,6,53,0,12,127,2,141,27,21,138,8,194,228,7,235,429
10/01/2011,IWA,AZ,AWP,WE,Federal Contract Tower,8,2,6,1,17,0,24,116,0,140,8,26,122,1,157,201,0,201,358
10/02/2011,IWA,AZ,AWP,WE,Federal Contract Tower,23,3,4,8,38,0,21,121,0,142,23,24,125,8,180,239,7,246,426
10/03/2011,IWA,AZ,AWP,WE,Federal Contract Tower,25,4,9,5,43,0,17,129,0,146,25,21,138,5,189,373,2,375,564
10/04/2011,IWA,AZ,AWP,WE,Federal Contract Tower,7,7,7,4,25,0,13,90,0,103,7,20,97,4,128,147,2,149,277
10/05/2011,IWA,AZ,AWP,WE,Federal Contract Tower,11,8,13,6,38,0,30,192,6,228,11,38,205,12,266,417,20,437,703
10/06/2011,IWA,AZ,AWP,WE,Federal Contract Tower,33,12,15,10,70,0,3,106,16,125,33,15,121,26,195,305,18,323,518
10/07/2011,IWA,AZ,AWP,WE,Federal Contract Tower,26,4,9,8,47,0,35,162,14,211,26,39,171,22,258,326,0,326,584
10/08/2011,IWA,AZ,AWP,WE,Federal Contract Tower,8,2,6,4,20,6,17,126,6,155,14,19,132,10,175,308,2,310,485
10/09/2011,IWA,AZ,AWP,WE,Federal Contract Tower,23,2,10,3,38,0,13,108,0,121,23,15,118,3,159,206,0,206,365
10/10/2011,IWA,AZ,AWP,WE,Federal Contract Tower,21,10,10,5,46,0,23,168,2,193,21,33,178,7,239,342,6,348,587
10/11/2011,IWA,AZ,AWP,WE,Federal Contract Tower,7,10,13,5,35,0,30,174,13,217,7,40,187,18,252,330,27,357,609
10/12/2011,IWA,AZ,AWP,WE,Federal Contract Tower,12,14,11,3,40,0,34,198,22,254,12,48,209,25,294,351,10,361,655
10/13/2011,IWA,AZ,AWP,WE,Federal Contract Tower,32,9,6,14,61,0,30,223,23,276,32,39,229,37,337,275,34,309,646
10/14/2011,IWA,AZ,AWP,WE,Federal Contract Tower,29,7,11,7,54,1,28,156,10,195,30,35,167,17,249,318,4,322,571
10/15/2011,IWA,AZ,AWP,WE,Federal Contract Tower,9,2,11,1,23,0,16,103,5,124,9,18,114,6,147,175,0,175,322
10/16/2011,IWA,AZ,AWP,WE,Federal Contract Tower,24,5,13,7,49,0,12,90,4,106,24,17,103,11,155,138,0,138,293
10/17/2011,IWA,AZ,AWP,WE,Federal Contract Tower,24,13,2,4,43,0,19,127,4,150,24,32,129,8,193,240,26,266,459
10/18/2011,IWA,AZ,AWP,WE,Federal Contract Tower,11,12,9,5,37,0,25,140,6,171,11,37,149,11,208,349,2,351,559
10/19/2011,IWA,AZ,AWP,WE,Federal Contract Tower,11,10,10,5,36,0,25,144,4,173,11,35,154,9,209,318,4,322,531
10/20/2011,IWA,AZ,AWP,WE,Federal Contract Tower,31,10,18,4,63,0,25,166,0,191,31,35,184,4,254,346,0,346,600
10/21/2011,IWA,AZ,AWP,WE,Federal Contract Tower,27,8,7,14,56,0,32,153,16,201,27,40,160,30,257,363,12,375,632
10/22/2011,IWA,AZ,AWP,WE,Federal Contract Tower,9,3,9,4,25,0,14,105,6,125,9,17,114,10,150,211,0,211,361
10/23/2011,IWA,AZ,AWP,WE,Federal Contract Tower,27,3,10,6,46,0,18,96,2,116,27,21,106,8,162,355,0,355,517
10/24/2011,IWA,AZ,AWP,WE,Federal Contract Tower,27,5,11,6,49,0,36,130,1,167,27,41,141,7,216,257,0,257,473
10/25/2011,IWA,AZ,AWP,WE,Federal Contract Tower,10,6,7,1,24,0,31,112,8,151,10,37,119,9,175,247,28,275,450
10/26/2011,IWA,AZ,AWP,WE,Federal Contract Tower,11,5,7,1,24,0,24,166,2,192,11,29,173,3,216,312,6,318,534
10/27/2011,IWA,AZ,AWP,WE,Federal Contract Tower,34,7,11,2,54,0,21,169,4,194,34,28,180,6,248,263,18,281,529
10/28/2011,IWA,AZ,AWP,WE,Federal Contract Tower,29,5,14,4,52,0,27,134,11,172,29,32,148,15,224,298,8,306,530
10/29/2011,IWA,AZ,AWP,WE,Federal Contract Tower,6,0,9,7,22,0,8,130,14,152,6,8,139,21,174,160,23,183,357
10/30/2011,IWA,AZ,AWP,WE,Federal Contract Tower,25,3,8,0,36,0,9,99,4,112,25,12,107,4,148,206,0,206,354
10/31/2011,IWA,AZ,AWP,WE,Federal Contract Tower,28,12,13,7,60,0,24,123,0,147,28,36,136,7,207,245,18,263,470
11/01/2011,IWA,AZ,AWP,WE,Federal Contract Tower,11,9,19,18,57,0,22,167,3,192,11,31,186,21,249,297,6,303,552
11/02/2011,IWA,AZ,AWP,WE,Federal Contract Tower,12,9,15,4,40,0,16,181,11,208,12,25,196,15,248,275,10,285,533
11/03/2011,IWA,AZ,AWP,WE,Federal Contract Tower,29,10,16,5,60,0,18,136,2,156,29,28,152,7,216,276,0,276,492
11/04/2011,IWA,AZ,AWP,WE,Federal Contract Tower,25,8,10,4,47,0,17,37,7,61,25,25,47,11,108,85,12,97,205
11/05/2011,IWA,AZ,AWP,WE,Federal Contract Tower,7,6,9,1,23,0,10,62,4,76,7,16,71,5,99,196,0,196,295
11/06/2011,IWA,AZ,AWP,WE,Federal Contract Tower,22,4,15,4,45,0,9,97,2,108,22,13,112,6,153,105,0,105,258
11/07/2011,IWA,AZ,AWP,WE,Federal Contract Tower,22,14,20,1,57,0,19,68,2,89,22,33,88,3,146,115,0,115,261
11/08/2011,IWA,AZ,AWP,WE,Federal Contract Tower,10,10,18,12,50,0,21,179,1,201,10,31,197,13,251,209,17,226,477
11/09/2011,IWA,AZ,AWP,WE,Federal Contract Tower,17,10,16,1,44,0,20,171,0,191,17,30,187,1,235,360,0,360,595
11/10/2011,IWA,AZ,AWP,WE,Federal Contract Tower,31,12,20,2,65,0,15,78,6,99,31,27,98,8,164,153,4,157,321
11/11/2011,IWA,AZ,AWP,WE,Federal Contract Tower,25,7,14,13,59,0,26,111,0,137,25,33,125,13,196,340,0,340,536
11/12/2011,IWA,AZ,AWP,WE,Federal Contract Tower,6,5,19,2,32,0,16,74,4,94,6,21,93,6,126,214,0,214,340
11/13/2011,IWA,AZ,AWP,WE,Federal Contract Tower,22,8,12,4,46,0,12,40,0,52,22,20,52,4,98,83,0,83,181
11/14/2011,IWA,AZ,AWP,WE,Federal Contract Tower,28,7,9,5,49,0,23,136,12,171,28,30,145,17,220,412,6,418,638
11/15/2011,IWA,AZ,AWP,WE,Federal Contract Tower,8,8,8,10,34,0,27,165,11,203,8,35,173,21,237,274,1,275,512
11/16/2011,IWA,AZ,AWP,WE,Federal Contract Tower,13,11,9,22,55,0,27,172,8,207,13,38,181,30,262,362,23,385,647
11/17/2011,IWA,AZ,AWP,WE,Federal Contract Tower,33,11,11,5,60,0,21,209,6,236,33,32,220,11,296,355,13,368,664
11/18/2011,IWA,AZ,AWP,WE,Federal Contract Tower,30,7,16,4,57,0,21,161,0,182,30,28,177,4,239,380,0,380,619
11/19/2011,IWA,AZ,AWP,WE,Federal Contract Tower,7,2,6,3,18,0,10,120,2,132,7,12,126,5,150,207,0,207,357
11/20/2011,IWA,AZ,AWP,WE,Federal Contract Tower,26,3,14,4,47,0,12,118,0,130,26,15,132,4,177,186,0,186,363
11/21/2011,IWA,AZ,AWP,WE,Federal Contract Tower,27,3,13,3,46,0,19,141,8,168,27,22,154,11,214,343,31,374,588
11/22/2011,IWA,AZ,AWP,WE,Federal Contract Tower,28,1,16,4,49,3,33,202,4,242,31,34,218,8,291,339,12,351,642
11/23/2011,IWA,AZ,AWP,WE,Federal Contract Tower,35,5,12,5,57,0,29,182,5,216,35,34,194,10,273,143,0,143,416
11/24/2011,IWA,AZ,AWP,WE,Federal Contract Tower,20,2,3,3,28,0,8,9,2,19,20,10,12,5,47,10,0,10,57
11/25/2011,IWA,AZ,AWP,WE,Federal Contract Tower,18,2,3,4,27,0,18,105,8,131,18,20,108,12,158,120,0,120,278
11/26/2011,IWA,AZ,AWP,WE,Federal Contract Tower,28,0,19,6,53,0,16,123,8,147,28,16,142,14,200,244,0,244,444
11/27/2011,IWA,AZ,AWP,WE,Federal Contract Tower,29,6,28,0,63,0,11,134,4,149,29,17,162,4,212,317,0,317,529
11/28/2011,IWA,AZ,AWP,WE,Federal Contract Tower,28,8,21,6,63,0,19,180,7,206,28,27,201,13,269,266,20,286,555
11/29/2011,IWA,AZ,AWP,WE,Federal Contract Tower,17,8,21,5,51,0,29,186,3,218,17,37,207,8,269,426,7,433,702
11/30/2011,IWA,AZ,AWP,WE,Federal Contract Tower,10,9,19,6,44,0,22,183,2,207,10,31,202,8,251,334,7,341,592
12/01/2011,IWA,AZ,AWP,WE,Federal Contract Tower,36,8,8,5,57,0,19,133,8,160,36,27,141,13,217,321,31,352,569
12/02/2011,IWA,AZ,AWP,WE,Federal Contract Tower,31,7,11,8,57,1,12,181,0,194,32,19,192,8,251,388,2,390,641
12/03/2011,IWA,AZ,AWP,WE,Federal Contract Tower,6,0,6,2,14,0,13,70,3,86,6,13,76,5,100,176,0,176,276
12/04/2011,IWA,AZ,AWP,WE,Federal Contract Tower,25,5,11,9,50,0,9,54,3,66,25,14,65,12,116,84,0,84,200
12/05/2011,IWA,AZ,AWP,WE,Federal Contract Tower,25,13,10,6,54,1,24,122,1,148,26,37,132,7,202,329,18,347,549
12/06/2011,IWA,AZ,AWP,WE,Federal Contract Tower,8,11,13,7,39,0,42,186,37,265,8,53,199,44,304,313,81,394,698
12/07/2011,IWA,AZ,AWP,WE,Federal Contract Tower,12,9,10,3,34,0,23,248,20,291,12,32,258,23,325,427,102,529,854
12/08/2011,IWA,AZ,AWP,WE,Federal Contract Tower,32,12,15,3,62,0,16,213,24,253,32,28,228,27,315,367,48,415,730
12/09/2011,IWA,AZ,AWP,WE,Federal Contract Tower,33,8,14,22,77,0,23,197,25,245,33,31,211,47,322,338,20,358,680
12/10/2011,IWA,AZ,AWP,WE,Federal Contract Tower,5,5,16,6,32,0,6,158,4,168,5,11,174,10,200,196,20,216,416
12/11/2011,IWA,AZ,AWP,WE,Federal Contract Tower,28,2,14,11,55,0,2,103,10,115,28,4,117,21,170,199,0,199,369
12/12/2011,IWA,AZ,AWP,WE,Federal Contract Tower,28,9,7,10,54,0,6,34,0,40,28,15,41,10,94,106,6,112,206
12/13/2011,IWA,AZ,AWP,WE,Federal Contract Tower,6,8,16,2,32,0,6,14,4,24,6,14,30,6,56,40,2,42,98
12/14/2011,IWA,AZ,AWP,WE,Federal Contract Tower,21,11,20,4,56,0,46,159,13,218,21,57,179,17,274,387,43,430,704
12/15/2011,IWA,AZ,AWP,WE,Federal Contract Tower,32,14,22,2,70,0,28,216,6,250,32,42,238,8,320,278,10,288,608
12/16/2011,IWA,AZ,AWP,WE,Federal Contract Tower,32,7,19,7,65,0,22,126,6,154,32,29,145,13,219,228,0,228,447
12/17/2011,IWA,AZ,AWP,WE,Federal Contract Tower,11,2,5,4,22,0,20,157,9,186,11,22,162,13,208,305,0,305,513
12/18/2011,IWA,AZ,AWP,WE,Federal Contract Tower,29,5,19,10,63,0,11,35,1,47,29,16,54,11,110,50,0,50,160
12/19/2011,IWA,AZ,AWP,WE,Federal Contract Tower,29,4,12,6,51,0,9,45,10,64,29,13,57,16,115,87,7,94,209
12/20/2011,IWA,AZ,AWP,WE,Federal Contract Tower,14,7,9,0,30,0,23,224,0,247,14,30,233,0,277,355,0,355,632
12/21/2011,IWA,AZ,AWP,WE,Federal Contract Tower,26,2,10,2,40,0,18,216,2,236,26,20,226,4,276,391,9,400,676
12/22/2011,IWA,AZ,AWP,WE,Federal Contract Tower,39,0,17,4,60,0,6,190,1,197,39,6,207,5,257,214,21,235,492
12/23/2011,IWA,AZ,AWP,WE,Federal Contract Tower,36,4,11,4,55,0,9,111,0,120,36,13,122,4,175,72,18,90,265
12/24/2011,IWA,AZ,AWP,WE,Federal Contract Tower,26,1,1,0,28,0,12,25,0,37,26,13,26,0,65,19,0,19,84
12/25/2011,IWA,AZ,AWP,WE,Federal Contract Tower,23,1,1,0,25,0,3,15,0,18,23,4,16,0,43,18,0,18,61
12/26/2011,IWA,AZ,AWP,WE,Federal Contract Tower,30,7,12,0,49,0,3,66,0,69,30,10,78,0,118,67,0,67,185
12/27/2011,IWA,AZ,AWP,WE,Federal Contract Tower,26,4,15,0,45,0,12,104,0,116,26,16,119,0,161,137,0,137,298
12/28/2011,IWA,AZ,AWP,WE,Federal Contract Tower,31,5,24,2,62,0,19,151,0,170,31,24,175,2,232,248,3,251,483
12/29/2011,IWA,AZ,AWP,WE,Federal Contract Tower,36,7,18,7,68,1,10,146,2,159,37,17,164,9,227,352,9,361,588
12/30/2011,IWA,AZ,AWP,WE,Federal Contract Tower,36,2,12,4,54,0,14,154,0,168,36,16,166,4,222,281,3,284,506
12/31/2011,IWA,AZ,AWP,WE,Federal Contract Tower,28,2,16,0,46,0,13,60,0,73,28,15,76,0,119,93,0,93,212
01/01/2012,IWA,AZ,AWP,WE,Federal Contract Tower,20,3,3,0,26,0,8,27,0,35,20,11,30,0,61,14,0,14,75
01/02/2012,IWA,AZ,AWP,WE,Federal Contract Tower,34,5,25,1,65,0,13,102,0,115,34,18,127,1,180,168,0,168,348
01/03/2012,IWA,AZ,AWP,WE,Federal Contract Tower,29,8,27,0,64,0,13,179,4,196,29,21,206,4,260,297,0,297,557
01/04/2012,IWA,AZ,AWP,WE,Federal Contract Tower,15,6,17,2,40,0,10,216,19,245,15,16,233,21,285,275,5,280,565
01/05/2012,IWA,AZ,AWP,WE,Federal Contract Tower,31,11,15,8,65,0,31,174,23,228,31,42,189,31,293,273,10,283,576
01/06/2012,IWA,AZ,AWP,WE,Federal Contract Tower,34,7,18,9,68,0,8,180,4,192,34,15,198,13,260,302,0,302,562
01/07/2012,IWA,AZ,AWP,WE,Federal Contract Tower,7,1,13,6,27,0,13,117,6,136,7,14,130,12,163,192,0,192,355
01/08/2012,IWA,AZ,AWP,WE,Federal Contract Tower,26,2,16,16,60,0,8,82,14,104,26,10,98,30,164,154,22,176,340
01/09/2012,IWA,AZ,AWP,WE,Federal Contract Tower,31,5,16,13,65,0,27,157,2,186,31,32,173,15,251,297,13,310,561
01/10/2012,IWA,AZ,AWP,WE,Federal Contract Tower,9,14,18,2,43,0,29,177,2,208,9,43,195,4,251,200,2,202,453
01/11/2012,IWA,AZ,AWP,WE,Federal Contract Tower,17,16,9,3,45,0,18,144,1,163,17,34,153,4,208,240,0,240,448
01/12/2012,IWA,AZ,AWP,WE,Federal Contract Tower,33,14,20,6,73,0,16,187,4,207,33,30,207,10,280,277,0,277,557
01/13/2012,IWA,AZ,AWP,WE,Federal Contract Tower,31,7,23,24,85,0,21,183,9,213,31,28,206,33,298,298,40,338,636
01/14/2012,IWA,AZ,AWP,WE,Federal Contract Tower,14,6,17,1,38,0,12,157,0,169,14,18,174,1,207,257,0,257,464
01/15/2012,IWA,AZ,AWP,WE,Federal Contract Tower,28,3,17,0,48,0,6,67,0,73,28,9,84,0,121,192,0,192,313
01/16/2012,IWA,AZ,AWP,WE,Federal Contract Tower,28,9,17,1,55,0,16,112,1,129,28,25,129,2,184,143,4,147,331
01/17/2012,IWA,AZ,AWP,WE,Federal Contract Tower,11,12,20,4,47,0,16,212,3,231,11,28,232,7,278,271,7,278,556
01/18/2012,IWA,AZ,AWP,WE,Federal Contract Tower,20,8,18,0,46,0,9,199,16,224,20,17,217,16,270,279,52,331,601
01/19/2012,IWA,AZ,AWP,WE,Federal Contract Tower,39,9,17,5,70,0,14,215,8,237,39,23,232,13,307,277,1,278,585
01/20/2012,IWA,AZ,AWP,WE,Federal Contract Tower,36,6,19,20,81,0,5,229,38,272,36,11,248,58,353,308,3,311,664
01/21/2012,IWA,AZ,AWP,WE,Federal Contract Tower,14,5,14,6,39,0,6,115,5,126,14,11,129,11,165,127,0,127,292
01/22/2012,IWA,AZ,AWP,WE,Federal Contract Tower,32,3,23,2,60,0,4,83,4,91,32,7,106,6,151,94,1,95,246
01/23/2012,IWA,AZ,AWP,WE,Federal Contract Tower,33,8,15,9,65,0,17,146,3,166,33,25,161,12,231,288,7,295,526
01/24/2012,IWA,AZ,AWP,WE,Federal Contract Tower,9,17,20,8,54,0,13,221,2,236,9,30,241,10,290,302,11,313,603
01/25/2012,IWA,AZ,AWP,WE,Federal Contract Tower,21,8,8,3,40,0,23,166,6,195,21,31,174,9,235,236,5,241,476
01/26/2012,IWA,AZ,AWP,WE,Federal Contract Tower,38,9,28,4,79,0,23,225,6,254,38,32,253,10,333,272,2,274,607
01/27/2012,IWA,AZ,AWP,WE,Federal Contract Tower,35,7,17,6,65,0,22,145,13,180,35,29,162,19,245,304,12,316,561
01/28/2012,IWA,AZ,AWP,WE,Federal Contract Tower,16,3,19,1,39,0,12,144,8,164,16,15,163,9,203,164,0,164,367
01/29/2012,IWA,AZ,AWP,WE,Federal Contract Tower,33,5,13,0,51,0,4,106,4,114,33,9,119,4,165,174,0,174,339
01/30/2012,IWA,AZ,AWP,WE,Federal Contract Tower,32,12,11,5,60,0,23,135,5,163,32,35,146,10,223,242,8,250,473
01/31/2012,IWA,AZ,AWP,WE,Federal Contract Tower,9,9,19,8,45,0,24,194,15,233,9,33,213,23,278,206,20,226,504
02/01/2012,IWA,AZ,AWP,WE,Federal Contract Tower,20,17,20,1,58,0,23,214,18,255,20,40,234,19,313,234,22,256,569
02/02/2012,IWA,AZ,AWP,WE,Federal Contract Tower,36,8,19,2,65,0,29,171,8,208,36,37,190,10,273,265,0,265,538
02/03/2012,IWA,AZ,AWP,WE,Federal Contract Tower,34,13,15,10,72,0,24,213,7,244,34,37,228,17,316,284,0,284,600
02/04/2012,IWA,AZ,AWP,WE,Federal Contract Tower,16,1,18,4,39,0,33,189,9,231,16,34,207,13,270,210,0,210,480
02/05/2012,IWA,AZ,AWP,WE,Federal Contract Tower,31,5,14,11,61,0,4,71,2,77,31,9,85,13,138,82,0,82,220
02/06/2012,IWA,AZ,AWP,WE,Federal Contract Tower,33,7,21,9,70,0,39,130,2,171,33,46,151,11,241,215,6,221,462
02/07/2012,IWA,AZ,AWP,WE,Federal Contract Tower,9,13,15,1,38,0,25,180,23,228,9,38,195,24,266,303,81,384,650
02/08/2012,IWA,AZ,AWP,WE,Federal Contract Tower,21,6,14,6,47,0,20,165,16,201,21,26,179,22,248,353,75,428,676
02/09/2012,IWA,AZ,AWP,WE,Federal Contract Tower,40,11,24,7,82,0,15,182,19,216,40,26,206,26,298,223,57,280,578
02/10/2012,IWA,AZ,AWP,WE,Federal Contract Tower,37,4,21,5,67,0,16,154,15,185,37,20,175,20,252,219,22,241,493
02/11/2012,IWA,AZ,AWP,WE,Federal Contract Tower,17,4,17,6,44,0,19,113,2,134,17,23,130,8,178,226,11,237,415
02/12/2012,IWA,AZ,AWP,WE,Federal Contract Tower,34,4,14,3,55,0,6,81,4,91,34,10,95,7,146,171,9,180,326
02/13/2012,IWA,AZ,AWP,WE,Federal Contract Tower,37,7,15,2,61,0,27,112,5,144,37,34,127,7,205,322,10,332,537
02/14/2012,IWA,AZ,AWP,WE,Federal Contract Tower,12,8,12,7,39,0,13,86,3,102,12,21,98,10,141,94,12,106,247
02/15/2012,IWA,AZ,AWP,WE,Federal Contract Tower,29,13,12,4,58,0,20,202,1,223,29,33,214,5,281,446,0,446,727
02/16/2012,IWA,AZ,AWP,WE,Federal Contract Tower,42,13,18,0,73,0,31,222,2,255,42,44,240,2,328,373,2,375,703
02/17/2012,IWA,AZ,AWP,WE,Federal Contract Tower,44,6,19,14,83,0,32,206,20,258,44,38,225,34,341,343,16,359,700
02/18/2012,IWA,AZ,AWP,WE,Federal Contract Tower,21,2,21,8,52,0,25,95,4,124,21,27,116,12,176,227,0,227,403
02/19/2012,IWA,AZ,AWP,WE,Federal Contract Tower,40,3,16,6,65,0,9,94,4,107,40,12,110,10,172,153,0,153,325
02/20/2012,IWA,AZ,AWP,WE,Federal Contract Tower,34,4,21,3,62,0,22,132,3,157,34,26,153,6,219,338,0,338,557
02/21/2012,IWA,AZ,AWP,WE,Federal Contract Tower,26,12,17,10,65,0,22,207,2,231,26,34,224,12,296,376,0,376,672
02/22/2012,IWA,AZ,AWP,WE,Federal Contract Tower,25,9,22,4,60,0,30,200,3,233,25,39,222,7,293,471,13,484,777
02/23/2012,IWA,AZ,AWP,WE,Federal Contract Tower,47,16,23,5,91,0,14,160,0,174,47,30,183,5,265,283,0,283,548
02/24/2012,IWA,AZ,AWP,WE,Federal Contract Tower,44,14,19,19,96,0,36,177,11,224,44,50,196,30,320,312,24,336,656
02/25/2012,IWA,AZ,AWP,WE,Federal Contract Tower,23,8,9,6,46,0,18,146,13,177,23,26,155,19,223,221,17,238,461
02/26/2012,IWA,AZ,AWP,WE,Federal Contract Tower,37,8,13,4,62,0,11,85,3,99,37,19,98,7,161,94,0,94,255
02/27/2012,IWA,AZ,AWP,WE,Federal Contract Tower,44,15,16,6,81,0,16,48,2,66,44,31,64,8,147,65,4,69,216
02/28/2012,IWA,AZ,AWP,WE,Federal Contract Tower,22,8,12,9,51,0,36,154,4,194,22,44,166,13,245,317,7,324,569
02/29/2012,IWA,AZ,AWP,WE,Federal Contract Tower,24,5,19,6,54,0,41,216,0,257,24,46,235,6,311,369,4,373,684
03/01/2012,IWA,AZ,AWP,WE,Federal Contract Tower,42,8,22,4,76,0,27,173,2,202,42,35,195,6,278,293,8,301,579
03/02/2012,IWA,AZ,AWP,WE,Federal Contract Tower,43,11,20,10,84,0,20,126,7,153,43,31,146,17,237,246,23,269,506
03/03/2012,IWA,AZ,AWP,WE,Federal Contract Tower,26,0,10,1,37,0,30,176,15,221,26,30,186,16,258,242,0,242,500
03/04/2012,IWA,AZ,AWP,WE,Federal Contract Tower,38,3,11,9,61,0,12,84,6,102,38,15,95,15,163,167,12,179,342
03/05/2012,IWA,AZ,AWP,WE,Federal Contract Tower,41,6,19,1,67,0,24,181,0,205,41,30,200,1,272,258,0,258,530
03/06/2012,IWA,AZ,AWP,WE,Federal Contract Tower,23,9,4,2,38,0,19,113,5,137,23,28,117,7,175,143,25,168,343
03/07/2012,IWA,AZ,AWP,WE,Federal Contract Tower,35,10,18,3,66,0,23,154,1,178,35,33,172,4,244,249,12,261,505
03/08/2012,IWA,AZ,AWP,WE,Federal Contract Tower,45,7,17,1,70,0,24,216,1,241,45,31,233,2,311,371,0,371,682
03/09/2012,IWA,AZ,AWP,WE,Federal Contract Tower,44,9,27,22,102,0,14,137,13,164,44,23,164,35,266,242,17,259,525
03/10/2012,IWA,AZ,AWP,WE,Federal Contract Tower,35,9,21,0,65,0,20,147,3,170,35,29,168,3,235,212,0,212,447
03/11/2012,IWA,AZ,AWP,WE,Federal Contract Tower,40,9,22,16,87,0,15,102,6,123,40,24,124,22,210,158,0,158,368
03/12/2012,IWA,AZ,AWP,WE,Federal Contract Tower,41,8,18,9,76,0,33,121,6,160,41,41,139,15,236,318,19,337,573
03/13/2012,IWA,AZ,AWP,WE,Federal Contract Tower,36,12,14,0,62,0,23,218,3,244,36,35,232,3,306,386,0,386,692
03/14/2012,IWA,AZ,AWP,WE,Federal Contract Tower,28,7,13,7,55,0,22,164,1,187,28,29,177,8,242,379,4,383,625
03/15/2012,IWA,AZ,AWP,WE,Federal Contract Tower,44,9,23,6,82,0,17,166,7,190,44,26,189,13,272,320,8,328,600
03/16/2012,IWA,AZ,AWP,WE,Federal Contract Tower,47,15,19,9,90,0,16,173,26,215,47,31,192,35,305,323,1,324,629
03/17/2012,IWA,AZ,AWP,WE,Federal Contract Tower,37,3,7,7,54,0,13,56,8,77,37,16,63,15,131,120,4,124,255
03/18/2012,IWA,AZ,AWP,WE,Federal Contract Tower,41,9,10,6,66,0,0,4,1,5,41,9,14,7,71,27,0,27,98
03/19/2012,IWA,AZ,AWP,WE,Federal Contract Tower,42,8,20,10,80,0,13,106,1,120,42,21,126,11,200,253,0,253,453
03/20/2012,IWA,AZ,AWP,WE,Federal Contract Tower,37,11,22,3,73,0,28,215,4,247,37,39,237,7,320,409,24,433,753
03/21/2012,IWA,AZ,AWP,WE,Federal Contract Tower,24,7,25,0,56,0,25,214,1,240,24,32,239,1,296,296,0,296,592
03/22/2012,IWA,AZ,AWP,WE,Federal Contract Tower,45,10,18,4,77,0,21,204,6,231,45,31,222,10,308,412,17,429,737
03/23/2012,IWA,AZ,AWP,WE,Federal Contract Tower,45,12,28,10,95,0,23,124,13,160,45,35,152,23,255,273,0,273,528
03/24/2012,IWA,AZ,AWP,WE,Federal Contract Tower,34,5,13,14,66,0,15,107,21,143,34,20,120,35,209,159,0,159,368
03/25/2012,IWA,AZ,AWP,WE,Federal Contract Tower,39,5,8,6,58,0,10,80,18,108,39,15,88,24,166,153,0,153,319
03/26/2012,IWA,AZ,AWP,WE,Federal Contract Tower,46,9,15,2,72,0,12,125,1,138,46,21,140,3,210,254,0,254,464
03/27/2012,IWA,AZ,AWP,WE,Federal Contract Tower,33,10,15,1,59,0,33,197,4,234,33,43,212,5,293,470,0,470,763
03/28/2012,IWA,AZ,AWP,WE,Federal Contract Tower,31,10,23,2,66,0,28,121,0,149,31,38,144,2,215,393,0,393,608
03/29/2012,IWA,AZ,AWP,WE,Federal Contract Tower,45,11,18,0,74,3,19,204,5,231,48,30,222,5,305,279,8,287,592
03/30/2012,IWA,AZ,AWP,WE,Federal Contract Tower,43,10,18,4,75,1,30,175,15,221,44,40,193,19,296,264,0,264,560
03/31/2012,IWA,AZ,AWP,WE,Federal Contract Tower,34,3,17,5,59,0,29,116,11,156,34,32,133,16,215,236,4,240,455
04/01/2012,IWA,AZ,AWP,WE,Federal Contract Tower,40,5,13,13,71,0,8,59,1,68,40,13,72,14,139,75,0,75,214
04/02/2012,IWA,AZ,AWP,WE,Federal Contract Tower,37,7,16,3,63,0,10,87,0,97,37,17,103,3,160,161,0,161,321
04/03/2012,IWA,AZ,AWP,WE,Federal Contract Tower,30,14,11,3,58,0,14,178,0,192,30,28,189,3,250,412,0,412,662
04/04/2012,IWA,AZ,AWP,WE,Federal Contract Tower,29,6,18,3,56,0,28,197,4,229,29,34,215,7,285,470,2,472,757
04/05/2012,IWA,AZ,AWP,WE,Federal Contract Tower,39,8,18,2,67,0,28,181,10,219,39,36,199,12,286,336,16,352,638
04/06/2012,IWA,AZ,AWP,WE,Federal Contract Tower,38,5,19,7,69,0,9,204,2,215,38,14,223,9,284,244,14,258,542
04/07/2012,IWA,AZ,AWP,WE,Federal Contract Tower,27,5,12,4,48,0,8,187,0,195,27,13,199,4,243,212,0,212,455
04/08/2012,IWA,AZ,AWP,WE,Federal Contract Tower,37,2,6,0,45,0,5,54,7,66,37,7,60,7,111,62,0,62,173
04/09/2012,IWA,AZ,AWP,WE,Federal Contract Tower,37,5,14,18,74,0,21,123,23,167,37,26,137,41,241,208,57,265,506
04/10/2012,IWA,AZ,AWP,WE,Federal Contract Tower,29,11,18,8,66,0,22,176,18,216,29,33,194,26,282,258,0,258,540
04/11/2012,IWA,AZ,AWP,WE,Federal Contract Tower,20,8,13,5,46,0,23,154,5,182,20,31,167,10,228,267,10,277,505
04/12/2012,IWA,AZ,AWP,WE,Federal Contract Tower,38,15,26,7,86,0,34,183,2,219,38,49,209,9,305,312,3,315,620
04/13/2012,IWA,AZ,AWP,WE,Federal Contract Tower,36,8,11,12,67,0,27,150,7,184,36,35,161,19,251,239,2,241,492
04/14/2012,IWA,AZ,AWP,WE,Federal Contract Tower,18,3,10,2,33,0,5,75,0,80,18,8,85,2,113,110,30,140,253
04/15/2012,IWA,AZ,AWP,WE,Federal Contract Tower,37,6,15,4,62,0,32,102,0,134,37,38,117,4,196,246,0,246,442
04/16/2012,IWA,AZ,AWP,WE,Federal Contract Tower,39,7,18,14,78,0,28,137,3,168,39,35,155,17,246,242,0,242,488
04/17/2012,IWA,AZ,AWP,WE,Federal Contract Tower,22,8,19,8,57,0,25,142,0,167,22,33,161,8,224,309,8,317,541
04/18/2012,IWA,AZ,AWP,WE,Federal Contract Tower,19,6,21,9,55,0,26,167,0,193,19,32,188,9,248,316,0,316,564
04/19/2012,IWA,AZ,AWP,WE,Federal Contract Tower,40,8,17,9,74,0,16,219,5,240,40,24,236,14,314,364,7,371,685
04/20/2012,IWA,AZ,AWP,WE,Federal Contract Tower,41,10,22,13,86,0,20,220,4,244,41,30,242,17,330,401,1,402,732
04/21/2012,IWA,AZ,AWP,WE,Federal Contract Tower,16,3,8,2,29,0,15,141,0,156,16,18,149,2,185,234,0,234,419
04/22/2012,IWA,AZ,AWP,WE,Federal Contract Tower,34,4,21,3,62,0,1,88,0,89,34,5,109,3,151,199,0,199,350
04/23/2012,IWA,AZ,AWP,WE,Federal Contract Tower,37,5,18,8,68,0,16,130,0,146,37,21,148,8,214,232,11,243,457
04/24/2012,IWA,AZ,AWP,WE,Federal Contract Tower,12,6,31,6,55,0,24,229,0,253,12,30,260,6,308,476,0,476,784
04/25/2012,IWA,AZ,AWP,WE,Federal Contract Tower,19,8,14,6,47,0,29,225,4,258,19,37,239,10,305,417,23,440,745
04/26/2012,IWA,AZ,AWP,WE,Federal Contract Tower,39,12,12,2,65,0,17,97,2,116,39,29,109,4,181,149,0,149,330
04/27/2012,IWA,AZ,AWP,WE,Federal Contract Tower,39,8,16,13,76,0,47,202,6,255,39,55,218,19,331,334,17,351,682
04/28/2012,IWA,AZ,AWP,WE,Federal Contract Tower,13,0,7,2,22,0,27,151,5,183,13,27,158,7,205,291,0,291,496
04/29/2012,IWA,AZ,AWP,WE,Federal Contract Tower,36,6,14,0,56,0,12,85,3,100,36,18,99,3,156,123,0,123,279
04/30/2012,IWA,AZ,AWP,WE,Federal Contract Tower,34,9,11,4,58,0,13,137,2,152,34,22,148,6,210,286,12,298,508
05/01/2012,IWA,AZ,AWP,WE,Federal Contract Tower,11,9,8,1,29,0,22,208,0,230,11,31,216,1,259,406,10,416,675
05/02/2012,IWA,AZ,AWP,WE,Federal Contract Tower,26,10,23,4,63,0,45,173,3,221,26,55,196,7,284,418,18,436,720
05/03/2012,IWA,AZ,AWP,WE,Federal Contract Tower,41,9,13,6,69,0,23,218,1,242,41,32,231,7,311,357,36,393,704
05/04/2012,IWA,AZ,AWP,WE,Federal Contract Tower,38,11,12,8,69,0,38,198,7,243,38,49,210,15,312,190,15,205,517
05/05/2012,IWA,AZ,AWP,WE,Federal Contract Tower,8,0,3,0,11,0,31,108,5,144,8,31,111,5,155,188,2,190,345
05/06/2012,IWA,AZ,AWP,WE,Federal Contract Tower,30,6,8,3,47,0,10,74,3,87,30,16,82,6,134,112,0,112,246
05/07/2012,IWA,AZ,AWP,WE,Federal Contract Tower,33,4,12,5,54,0,23,120,7,150,33,27,132,12,204,140,10,150,354
05/08/2012,IWA,AZ,AWP,WE,Federal Contract Tower,11,9,7,8,35,0,25,157,4,186,11,34,164,12,221,312,6,318,539
05/09/2012,IWA,AZ,AWP,WE,Federal Contract Tower,19,8,12,10,49,0,22,89,3,114,19,30,101,13,163,147,12,159,322
05/10/2012,IWA,AZ,AWP,WE,Federal Contract Tower,33,10,13,6,62,0,46,172,6,224,33,56,185,12,286,138,6,144,430
05/11/2012,IWA,AZ,AWP,WE,Federal Contract Tower,39,7,15,17,78,0,36,152,4,192,39,43,167,21,270,232,2,234,504
05/12/2012,IWA,AZ,AWP,WE,Federal Contract Tower,8,1,10,7,26,0,22,116,2,140,8,23,126,9,166,264,0,264,430
05/13/2012,IWA,AZ,AWP,WE,Federal Contract Tower,31,3,8,7,49,0,8,93,0,101,31,11,101,7,150,75,32,107,257
05/14/2012,IWA,AZ,AWP,WE,Federal Contract Tower,33,10,21,14,78,0,10,90,1,101,33,20,111,15,179,81,9,90,269
05/15/2012,IWA,AZ,AWP,WE,Federal Contract Tower,11,12,9,4,36,0,15,100,15,130,11,27,109,19,166,120,70,190,356
05/16/2012,IWA,AZ,AWP,WE,Federal Contract Tower,14,7,9,6,36,0,18,172,14,204,14,25,181,20,240,137,67,204,444
05/17/2012,IWA,AZ,AWP,WE,Federal Contract Tower,46,9,11,5,71,1,14,188,10,213,47,23,199,15,284,192,34,226,510
05/18/2012,IWA,AZ,AWP,WE,Federal Contract Tower,39,8,16,4,67,0,6,198,34,238,39,14,214,38,305,130,36,166,471
05/19/2012,IWA,AZ,AWP,WE,Federal Contract Tower,6,0,12,2,20,0,3,123,8,134,6,3,135,10,154,163,0,163,317
05/20/2012,IWA,AZ,AWP,WE,Federal Contract Tower,36,0,10,12,58,0,8,97,9,114,36,8,107,21,172,85,0,85,257
05/21/2012,IWA,AZ,AWP,WE,Federal Contract Tower,35,7,13,6,61,0,18,168,14,200,35,25,181,20,261,132,26,158,419
05/22/2012,IWA,AZ,AWP,WE,Federal Contract Tower,12,10,8,10,40,0,12,154,8,174,12,22,162,18,214,249,39,288,502
05/23/2012,IWA,AZ,AWP,WE,Federal Contract Tower,12,6,13,12,43,0,25,163,7,195,12,31,176,19,238,179,10,189,427
05/24/2012,IWA,AZ,AWP,WE,Federal Contract Tower,42,12,12,15,81,0,9,150,1,160,42,21,162,16,241,166,5,171,412
05/25/2012,IWA,AZ,AWP,WE,Federal Contract Tower,41,4,7,5,57,0,16,92,4,112,41,20,99,9,169,127,9,136,305
05/26/2012,IWA,AZ,AWP,WE,Federal Contract Tower,8,7,17,2,34,0,12,86,1,99,8,19,103,3,133,69,0,69,202
05/27/2012,IWA,AZ,AWP,WE,Federal Contract Tower,38,1,9,2,50,0,5,71,0,76,38,6,80,2,126,83,0,83,209
05/28/2012,IWA,AZ,AWP,WE,Federal Contract Tower,36,4,7,5,52,0,10,82,1,93,36,14,89,6,145,141,0,141,286
05/29/2012,IWA,AZ,AWP,WE,Federal Contract Tower,15,8,10,4,37,0,19,155,3,177,15,27,165,7,214,167,18,185,399
05/30/2012,IWA,AZ,AWP,WE,Federal Contract Tower,11,6,21,5,43,0,18,191,3,212,11,24,212,8,255,278,20,298,553
05/31/2012,IWA,AZ,AWP,WE,Federal Contract Tower,41,10,19,2,72,0,8,194,3,205,41,18,213,5,277,296,31,327,604
06/01/2012,IWA,AZ,AWP,WE,Federal Contract Tower,38,5,16,6,65,0,26,146,9,181,38,31,162,15,246,312,48,360,606
06/02/2012,IWA,AZ,AWP,WE,Federal Contract Tower,5,6,9,4,24,0,12,103,2,117,5,18,112,6,141,168,0,168,309
06/03/2012,IWA,AZ,AWP,WE,Federal Contract Tower,33,3,8,3,47,0,2,62,1,65,33,5,70,4,112,45,0,45,157
06/04/2012,IWA,AZ,AWP,WE,Federal Contract Tower,38,5,18,5,66,0,14,98,2,114,38,19,116,7,180,167,6,173,353
06/05/2012,IWA,AZ,AWP,WE,Federal Contract Tower,6,12,14,9,41,0,19,226,4,249,6,31,240,13,290,276,0,276,566
06/06/2012,IWA,AZ,AWP,WE,Federal Contract Tower,15,7,19,5,46,0,11,191,14,216,15,18,210,19,262,265,46,311,573
06/07/2012,IWA,AZ,AWP,WE,Federal Contract Tower,45,11,11,7,74,0,10,208,12,230,45,21,219,19,304,204,41,245,549
06/08/2012,IWA,AZ,AWP,WE,Federal Contract Tower,40,4,10,7,61,0,11,232,20,263,40,15,242,27,324,175,32,207,531
06/09/2012,IWA,AZ,AWP,WE,Federal Contract Tower,8,2,6,3,19,0,8,150,1,159,8,10,156,4,178,218,0,218,396
06/10/2012,IWA,AZ,AWP,WE,Federal Contract Tower,40,7,3,5,55,0,7,112,3,122,40,14,115,8,177,176,0,176,353
06/11/2012,IWA,AZ,AWP,WE,Federal Contract Tower,41,8,8,2,59,0,19,163,9,191,41,27,171,11,250,314,8,322,572
06/12/2012,IWA,AZ,AWP,WE,Federal Contract Tower,7,9,10,1,27,1,13,240,10,264,8,22,250,11,291,234,24,258,549
06/13/2012,IWA,AZ,AWP,WE,Federal Contract Tower,13,8,9,0,30,0,5,149,9,163,13,13,158,9,193,272,19,291,484
06/14/2012,IWA,AZ,AWP,WE,Federal Contract Tower,41,8,9,10,68,0,17,158,1,176,41,25,167,11,244,189,0,189,433
06/15/2012,IWA,AZ,AWP,WE,Federal Contract Tower,45,11,14,2,72,0,10,183,0,193,45,21,197,2,265,242,0,242,507
06/16/2012,IWA,AZ,AWP,WE,Federal Contract Tower,5,0,5,0,10,0,3,130,0,133,5,3,135,0,143,146,0,146,289
06/17/2012,IWA,AZ,AWP,WE,Federal Contract Tower,37,3,7,2,49,0,12,73,3,88,37,15,80,5,137,169,0,169,306
06/18/2012,IWA,AZ,AWP,WE,Federal Contract Tower,38,7,12,0,57,0,7,112,0,119,38,14,124,0,176,259,0,259,435
06/19/2012,IWA,AZ,AWP,WE,Federal Contract Tower,9,12,12,2,35,0,11,221,0,232,9,23,233,2,267,252,1,253,520
06/20/2012,IWA,AZ,AWP,WE,Federal Contract Tower,13,6,9,2,30,0,15,218,3,236,13,21,227,5,266,308,0,308,574
06/21/2012,IWA,AZ,AWP,WE,Federal Contract Tower,42,11,5,0,58,0,15,221,8,244,42,26,226,8,302,252,6,258,560
06/22/2012,IWA,AZ,AWP,WE,Federal Contract Tower,40,8,19,3,70,0,8,210,6,224,40,16,229,9,294,298,1,299,593
06/23/2012,IWA,AZ,AWP,WE,Federal Contract Tower,9,5,8,0,22,0,2,162,4,168,9,7,170,4,190,261,0,261,451
06/24/2012,IWA,AZ,AWP,WE,Federal Contract Tower,36,1,5,2,44,0,3,74,3,80,36,4,79,5,124,108,0,108,232
06/25/2012,IWA,AZ,AWP,WE,Federal Contract Tower,38,7,14,0,59,0,14,128,2,144,38,21,142,2,203,213,0,213,416
06/26/2012,IWA,AZ,AWP,WE,Federal Contract Tower,10,13,11,0,34,0,11,163,0,174,10,24,174,0,208,233,0,233,441
06/27/2012,IWA,AZ,AWP,WE,Federal Contract Tower,24,12,16,2,54,0,16,144,14,174,24,28,160,16,228,141,76,217,445
06/28/2012,IWA,AZ,AWP,WE,Federal Contract Tower,38,9,22,2,71,0,10,171,16,197,38,19,193,18,268,242,100,342,610
06/29/2012,IWA,AZ,AWP,WE,Federal Contract Tower,41,11,16,4,72,0,10,223,30,263,41,21,239,34,335,253,48,301,636
06/30/2012,IWA,AZ,AWP,WE,Federal Contract Tower,14,3,10,0,27,0,10,180,5,195,14,13,190,5,222,190,0,190,412
07/01/2012,IWA,AZ,AWP,WE,Federal Contract Tower,31,2,10,0,43,0,9,115,0,124,31,11,125,0,167,177,0,177,344
07/02/2012,IWA,AZ,AWP,WE,Federal Contract Tower,43,2,17,6,68,0,14,227,16,257,43,16,244,22,325,186,40,226,551
07/03/2012,IWA,AZ,AWP,WE,Federal Contract Tower,10,4,13,1,28,0,8,224,14,246,10,12,237,15,274,130,26,156,430
07/04/2012,IWA,AZ,AWP,WE,Federal Contract Tower,17,5,5,0,27,0,13,34,1,48,17,18,39,1,75,87,0,87,162
07/05/2012,IWA,AZ,AWP,WE,Federal Contract Tower,38,2,10,5,55,0,16,138,15,169,38,18,148,20,224,253,23,276,500
07/06/2012,IWA,AZ,AWP,WE,Federal Contract Tower,43,4,13,14,74,0,20,173,18,211,43,24,186,32,285,185,2,187,472
07/07/2012,IWA,AZ,AWP,WE,Federal Contract Tower,14,2,4,3,23,0,6,129,9,144,14,8,133,12,167,129,2,131,298
07/08/2012,IWA,AZ,AWP,WE,Federal Contract Tower,39,5,9,3,56,0,1,76,6,83,39,6,85,9,139,120,9,129,268
07/09/2012,IWA,AZ,AWP,WE,Federal Contract Tower,37,13,19,0,69,0,15,138,0,153,37,28,157,0,222,161,0,161,383
07/10/2012,IWA,AZ,AWP,WE,Federal Contract Tower,12,14,18,0,44,0,11,171,0,182,12,25,189,0,226,161,0,161,387
07/11/2012,IWA,AZ,AWP,WE,Federal Contract Tower,20,7,13,4,44,0,22,172,2,196,20,29,185,6,240,213,6,219,459
07/12/2012,IWA,AZ,AWP,WE,Federal Contract Tower,42,10,19,8,79,0,8,165,0,173,42,18,184,8,252,153,0,153,405
07/13/2012,IWA,AZ,AWP,WE,Federal Contract Tower,43,6,16,16,81,0,15,215,4,234,43,21,231,20,315,200,1,201,516
07/14/2012,IWA,AZ,AWP,WE,Federal Contract Tower,12,1,5,1,19,0,9,77,9,95,12,10,82,10,114,126,0,126,240
07/15/2012,IWA,AZ,AWP,WE,Federal Contract Tower,40,3,12,0,55,0,12,68,10,90,40,15,80,10,145,127,0,127,272
07/16/2012,IWA,AZ,AWP,WE,Federal Contract Tower,35,6,13,8,62,0,19,86,1,106,35,25,99,9,168,139,2,141,309
07/17/2012,IWA,AZ,AWP,WE,Federal Contract Tower,8,12,21,9,50,0,26,195,2,223,8,38,216,11,273,165,14,179,452
07/18/2012,IWA,AZ,AWP,WE,Federal Contract Tower,19,7,29,14,69,0,17,179,3,199,19,24,208,17,268,210,13,223,491
07/19/2012,IWA,AZ,AWP,WE,Federal Contract Tower,40,10,18,4,72,0,15,226,13,254,40,25,244,17,326,244,48,292,618
07/20/2012,IWA,AZ,AWP,WE,Federal Contract Tower,39,10,6,2,57,0,20,116,24,160,39,30,122,26,217,196,62,258,475
07/21/2012,IWA,AZ,AWP,WE,Federal Contract Tower,9,2,5,3,19,0,12,60,4,76,9,14,65,7,95,159,0,159,254
07/22/2012,IWA,AZ,AWP,WE,Federal Contract Tower,37,2,10,4,53,0,13,45,0,58,37,15,55,4,111,74,0,74,185
07/23/2012,IWA,AZ,AWP,WE,Federal Contract Tower,38,9,12,2,61,0,9,89,12,110,38,18,101,14,171,129,26,155,326
07/24/2012,IWA,AZ,AWP,WE,Federal Contract Tower,9,11,9,2,31,0,22,114,2,138,9,33,123,4,169,245,2,247,416
07/25/2012,IWA,AZ,AWP,WE,Federal Contract Tower,19,9,17,2,47,0,14,186,11,211,19,23,203,13,258,321,10,331,589
07/26/2012,IWA,AZ,AWP,WE,Federal Contract Tower,40,8,15,2,65,0,11,168,17,196,40,19,183,19,261,327,11,338,599
07/27/2012,IWA,AZ,AWP,WE,Federal Contract Tower,43,8,13,7,71,0,12,158,5,175,43,20,171,12,246,159,8,167,413
07/28/2012,IWA,AZ,AWP,WE,Federal Contract Tower,9,3,11,5,28,0,10,89,1,100,9,13,100,6,128,119,0,119,247
07/29/2012,IWA,AZ,AWP,WE,Federal Contract Tower,36,2,5,0,43,0,6,80,1,87,36,8,85,1,130,171,1,172,302
07/30/2012,IWA,AZ,AWP,WE,Federal Contract Tower,37,11,5,0,53,0,15,88,0,103,37,26,93,0,156,202,1,203,359
07/31/2012,IWA,AZ,AWP,WE,Federal Contract Tower,12,10,5,2,29,0,26,157,3,186,12,36,162,5,215,122,4,126,341
08/01/2012,IWA,AZ,AWP,WE,Federal Contract Tower,14,9,8,1,32,0,12,167,1,180,14,21,175,2,212,301,0,301,513
08/02/2012,IWA,AZ,AWP,WE,Federal Contract Tower,39,8,9,6,62,0,13,190,2,205,39,21,199,8,267,278,16,294,561
08/03/2012,IWA,AZ,AWP,WE,Federal Contract Tower,39,7,16,3,65,0,11,130,1,142,39,18,146,4,207,207,0,207,414
08/04/2012,IWA,AZ,AWP,WE,Federal Contract Tower,6,6,11,1,24,0,15,113,0,128,6,21,124,1,152,145,0,145,297
08/05/2012,IWA,AZ,AWP,WE,Federal Contract Tower,37,5,13,3,58,0,1,88,1,90,37,6,101,4,148,53,0,53,201
08/06/2012,IWA,AZ,AWP,WE,Federal Contract Tower,36,7,10,2,55,0,14,107,3,124,36,21,117,5,179,154,4,158,337
08/07/2012,IWA,AZ,AWP,WE,Federal Contract Tower,8,7,14,2,31,0,14,163,0,177,8,21,177,2,208,138,23,161,369
08/08/2012,IWA,AZ,AWP,WE,Federal Contract Tower,11,9,12,0,32,0,20,177,1,198,11,29,189,1,230,90,0,90,320
08/09/2012,IWA,AZ,AWP,WE,Federal Contract Tower,43,8,11,4,66,0,12,182,20,214,43,20,193,24,280,126,51,177,457
08/10/2012,IWA,AZ,AWP,WE,Federal Contract Tower,39,9,13,7,68,0,23,181,19,223,39,32,194,26,291,129,96,225,516
08/11/2012,IWA,AZ,AWP,WE,Federal Contract Tower,8,2,6,0,16,0,4,118,0,122,8,6,124,0,138,156,0,156,294
08/12/2012,IWA,AZ,AWP,WE,Federal Contract Tower,37,1,3,2,43,0,14,80,0,94,37,15,83,2,137,106,0,106,243
08/13/2012,IWA,AZ,AWP,WE,Federal Contract Tower,39,4,6,2,51,0,18,96,15,129,39,22,102,17,180,118,43,161,341
08/14/2012,IWA,AZ,AWP,WE,Federal Contract Tower,9,9,8,1,27,0,12,143,7,162,9,21,151,8,189,169,11,180,369
08/15/2012,IWA,AZ,AWP,WE,Federal Contract Tower,15,10,17,1,43,0,20,177,19,216,15,30,194,20,259,241,29,270,529
08/16/2012,IWA,AZ,AWP,WE,Federal Contract Tower,32,7,4,20,63,0,8,166,12,186,32,15,170,32,249,232,56,288,537
08/17/2012,IWA,AZ,AWP,WE,Federal Contract Tower,35,6,16,8,65,0,16,153,10,179,35,22,169,18,244,176,17,193,437
08/18/2012,IWA,AZ,AWP,WE,Federal Contract Tower,7,4,19,8,38,0,7,120,0,127,7,11,139,8,165,96,4,100,265
08/19/2012,IWA,AZ,AWP,WE,Federal Contract Tower,28,6,7,6,47,0,2,105,5,112,28,8,112,11,159,48,0,48,207
08/20/2012,IWA,AZ,AWP,WE,Federal Contract Tower,37,10,6,3,56,0,16,102,2,120,37,26,108,5,176,113,0,113,289
08/21/2012,IWA,AZ,AWP,WE,Federal Contract Tower,7,10,9,1,27,0,7,168,7,182,7,17,177,8,209,153,11,164,373
08/22/2012,IWA,AZ,AWP,WE,Federal Contract Tower,13,7,8,3,31,0,11,121,3,135,13,18,129,6,166,163,0,163,329
08/23/2012,IWA,AZ,AWP,WE,Federal Contract Tower,32,12,7,10,61,0,7,115,5,127,32,19,122,15,188,158,5,163,351
08/24/2012,IWA,AZ,AWP,WE,Federal Contract Tower,42,11,17,3,73,0,12,80,2,94,42,23,97,5,167,122,0,122,289
08/25/2012,IWA,AZ,AWP,WE,Federal Contract Tower,7,1,8,0,16,0,7,120,7,134,7,8,128,7,150,120,0,120,270
08/26/2012,IWA,AZ,AWP,WE,Federal Contract Tower,33,2,7,6,48,0,5,50,4,59,33,7,57,10,107,53,0,53,160
08/27/2012,IWA,AZ,AWP,WE,Federal Contract Tower,36,5,9,2,52,0,25,110,0,135,36,30,119,2,187,227,0,227,414
08/28/2012,IWA,AZ,AWP,WE,Federal Contract Tower,7,8,10,7,32,0,11,85,0,96,7,19,95,7,128,203,12,215,343
08/29/2012,IWA,AZ,AWP,WE,Federal Contract Tower,12,10,11,0,33,0,28,133,2,163,12,38,144,2,196,231,0,231,427
08/30/2012,IWA,AZ,AWP,WE,Federal Contract Tower,35,10,18,0,63,0,22,157,12,191,35,32,175,12,254,181,36,217,471
08/31/2012,IWA,AZ,AWP,WE,Federal Contract Tower,40,7,14,2,63,0,23,124,18,165,40,30,138,20,228,266,52,318,546
09/01/2012,IWA,AZ,AWP,WE,Federal Contract Tower,10,4,4,0,18,0,14,104,1,119,10,18,108,1,137,128,0,128,265
09/02/2012,IWA,AZ,AWP,WE,Federal Contract Tower,29,1,5,0,35,0,10,59,5,74,29,11,64,5,109,60,0,60,169
09/03/2012,IWA,AZ,AWP,WE,Federal Contract Tower,34,2,16,0,52,0,14,72,4,90,34,16,88,4,142,160,0,160,302
09/04/2012,IWA,AZ,AWP,WE,Federal Contract Tower,7,5,14,0,26,0,13,119,17,149,7,18,133,17,175,230,29,259,434
09/05/2012,IWA,AZ,AWP,WE,Federal Contract Tower,13,6,8,12,39,0,34,199,20,253,13,40,207,32,292,224,31,255,547
09/06/2012,IWA,AZ,AWP,WE,Federal Contract Tower,30,8,6,0,44,0,18,126,7,151,30,26,132,7,195,171,8,179,374
09/07/2012,IWA,AZ,AWP,WE,Federal Contract Tower,36,5,13,11,65,0,3,78,3,84,36,8,91,14,149,166,0,166,315
09/08/2012,IWA,AZ,AWP,WE,Federal Contract Tower,8,3,10,0,21,0,13,72,6,91,8,16,82,6,112,115,0,115,227
09/09/2012,IWA,AZ,AWP,WE,Federal Contract Tower,31,7,8,2,48,0,6,42,0,48,31,13,50,2,96,66,0,66,162
09/10/2012,IWA,AZ,AWP,WE,Federal Contract Tower,32,5,14,2,53,0,22,97,8,127,32,27,111,10,180,220,3,223,403
09/11/2012,IWA,AZ,AWP,WE,Federal Contract Tower,8,6,8,0,22,0,15,121,9,145,8,21,129,9,167,263,2,265,432
09/12/2012,IWA,AZ,AWP,WE,Federal Contract Tower,14,8,9,10,41,0,36,211,1,248,14,44,220,11,289,375,7,382,671
09/13/2012,IWA,AZ,AWP,WE,Federal Contract Tower,31,7,10,14,62,0,19,150,3,172,31,26,160,17,234,269,11,280,514
09/14/2012,IWA,AZ,AWP,WE,Federal Contract Tower,38,6,19,9,72,0,35,104,2,141,38,41,123,11,213,219,26,245,458
09/15/2012,IWA,AZ,AWP,WE,Federal Contract Tower,8,3,9,0,20,0,30,89,4,123,8,33,98,4,143,232,0,232,375
09/16/2012,IWA,AZ,AWP,WE,Federal Contract Tower,25,0,16,5,46,0,10,83,0,93,25,10,99,5,139,212,0,212,351
09/17/2012,IWA,AZ,AWP,WE,Federal Contract Tower,31,6,9,0,46,0,31,83,0,114,31,37,92,0,160,307,0,307,467
09/18/2012,IWA,AZ,AWP,WE,Federal Contract Tower,8,9,11,3,31,0,33,144,6,183,8,42,155,9,214,256,8,264,478
09/19/2012,IWA,AZ,AWP,WE,Federal Contract Tower,15,6,14,5,40,0,37,177,2,216,15,43,191,7,256,340,10,350,606
09/20/2012,IWA,AZ,AWP,WE,Federal Contract Tower,34,10,18,0,62,0,17,143,9,169,34,27,161,9,231,311,15,326,557
09/21/2012,IWA,AZ,AWP,WE,Federal Contract Tower,38,9,10,2,59,0,25,126,10,161,38,34,136,12,220,233,4,237,457
09/22/2012,IWA,AZ,AWP,WE,Federal Contract Tower,7,1,10,1,19,0,12,108,5,125,7,13,118,6,144,166,18,184,328
09/23/2012,IWA,AZ,AWP,WE,Federal Contract Tower,26,8,10,1,45,0,5,64,0,69,26,13,74,1,114,141,2,143,257
09/24/2012,IWA,AZ,AWP,WE,Federal Contract Tower,34,8,16,2,60,0,23,105,0,128,34,31,121,2,188,264,0,264,452
09/25/2012,IWA,AZ,AWP,WE,Federal Contract Tower,7,9,9,0,25,0,30,145,15,190,7,39,154,15,215,206,30,236,451
09/26/2012,IWA,AZ,AWP,WE,Federal Contract Tower,12,7,11,0,30,0,27,155,16,198,12,34,166,16,228,315,40,355,583
09/27/2012,IWA,AZ,AWP,WE,Federal Contract Tower,34,9,9,4,56,0,26,121,23,170,34,35,130,27,226,256,47,303,529
09/28/2012,IWA,AZ,AWP,WE,Federal Contract Tower,41,7,6,0,54,0,29,151,24,204,41,36,157,24,258,284,27,311,569
09/29/2012,IWA,AZ,AWP,WE,Federal Contract Tower,10,3,10,0,23,0,22,98,3,123,10,25,108,3,146,262,0,262,408
09/30/2012,IWA,AZ,AWP,WE,Federal Contract Tower,32,1,5,3,41,0,12,73,1,86,32,13,78,4,127,82,0,82,209
10/01/2012,IWA,AZ,AWP,WE,Federal Contract Tower,32,5,6,0,43,0,18,123,8,149,32,23,129,8,192,256,8,264,456
10/02/2012,IWA,AZ,AWP,WE,Federal Contract Tower,7,8,12,7,34,0,19,163,16,198,7,27,175,23,232,280,23,303,535
10/03/2012,IWA,AZ,AWP,WE,Federal Contract Tower,18,5,12,4,39,0,26,152,19,197,18,31,164,23,236,257,0,257,493
10/04/2012,IWA,AZ,AWP,WE,Federal Contract Tower,33,10,16,8,67,0,17,158,19,194,33,27,174,27,261,248,45,293,554
10/05/2012,IWA,AZ,AWP,WE,Federal Contract Tower,39,8,11,2,60,0,27,135,2,164,39,35,146,4,224,232,3,235,459
10/06/2012,IWA,AZ,AWP,WE,Federal Contract Tower,4,2,4,2,12,0,18,103,2,123,4,20,107,4,135,302,0,302,437
10/07/2012,IWA,AZ,AWP,WE,Federal Contract Tower,31,0,12,0,43,0,7,59,0,66,31,7,71,0,109,116,0,116,225
10/08/2012,IWA,AZ,AWP,WE,Federal Contract Tower,31,9,13,0,53,0,23,97,1,121,31,32,110,1,174,306,0,306,480
10/09/2012,IWA,AZ,AWP,WE,Federal Contract Tower,9,10,14,12,45,0,22,130,10,162,9,32,144,22,207,223,7,230,437
10/10/2012,IWA,AZ,AWP,WE,Federal Contract Tower,13,5,13,7,38,0,26,119,7,152,13,31,132,14,190,320,10,330,520
10/11/2012,IWA,AZ,AWP,WE,Federal Contract Tower,34,7,15,3,59,0,19,97,16,132,34,26,112,19,191,217,36,253,444
10/12/2012,IWA,AZ,AWP,WE,Federal Contract Tower,39,9,6,11,65,0,20,144,15,179,39,29,150,26,244,274,10,284,528
10/13/2012,IWA,AZ,AWP,WE,Federal Contract Tower,7,3,13,0,23,0,23,95,59,177,7,26,108,59,200,101,1,102,302
10/14/2012,IWA,AZ,AWP,WE,Federal Contract Tower,32,4,11,6,53,0,3,94,3,100,32,7,105,9,153,119,0,119,272
10/15/2012,IWA,AZ,AWP,WE,Federal Contract Tower,37,9,16,3,65,0,25,99,3,127,37,34,115,6,192,140,0,140,332
10/16/2012,IWA,AZ,AWP,WE,Federal Contract Tower,8,14,12,0,34,0,18,136,2,156,8,32,148,2,190,356,0,356,546
10/17/2012,IWA,AZ,AWP,WE,Federal Contract Tower,14,5,17,9,45,0,27,164,7,198,14,32,181,16,243,242,32,274,517
10/18/2012,IWA,AZ,AWP,WE,Federal Contract Tower,37,11,10,0,58,0,15,136,6,157,37,26,146,6,215,270,8,278,493
10/19/2012,IWA,AZ,AWP,WE,Federal Contract Tower,39,7,7,8,61,0,26,147,2,175,39,33,154,10,236,186,2,188,424
10/20/2012,IWA,AZ,AWP,WE,Federal Contract Tower,7,5,13,3,28,0,19,90,0,109,7,24,103,3,137,167,0,167,304
10/21/2012,IWA,AZ,AWP,WE,Federal Contract Tower,37,2,21,4,64,0,10,70,4,84,37,12,91,8,148,179,0,179,327
10/22/2012,IWA,AZ,AWP,WE,Federal Contract Tower,38,6,13,5,62,0,28,98,0,126,38,34,111,5,188,251,0,251,439
10/23/2012,IWA,AZ,AWP,WE,Federal Contract Tower,10,8,14,4,36,0,18,135,3,156,10,26,149,7,192,307,10,317,509
10/24/2012,IWA,AZ,AWP,WE,Federal Contract Tower,12,9,13,8,42,0,30,130,5,165,12,39,143,13,207,246,6,252,459
10/25/2012,IWA,AZ,AWP,WE,Federal Contract Tower,37,10,16,3,66,0,20,165,2,187,37,30,181,5,253,293,4,297,550
10/26/2012,IWA,AZ,AWP,WE,Federal Contract Tower,38,9,19,11,77,0,27,157,4,188,38,36,176,15,265,340,0,340,605
10/27/2012,IWA,AZ,AWP,WE,Federal Contract Tower,6,2,8,3,19,0,19,99,12,130,6,21,107,15,149,229,0,229,378
10/28/2012,IWA,AZ,AWP,WE,Federal Contract Tower,33,5,12,5,55,0,16,89,2,107,33,21,101,7,162,160,1,161,323
10/29/2012,IWA,AZ,AWP,WE,Federal Contract Tower,36,7,10,5,58,0,28,94,1,123,36,35,104,6,181,216,13,229,410
10/30/2012,IWA,AZ,AWP,WE,Federal Contract Tower,10,10,12,0,32,0,25,136,2,163,10,35,148,2,195,270,0,270,465
10/31/2012,IWA,AZ,AWP,WE,Federal Contract Tower,11,7,13,3,34,0,37,132,5,174,11,44,145,8,208,270,0,270,478
11/01/2012,IWA,AZ,AWP,WE,Federal Contract Tower,38,9,13,8,68,0,24,142,4,170,38,33,155,12,238,290,18,308,546
11/02/2012,IWA,AZ,AWP,WE,Federal Contract Tower,41,9,14,14,78,0,10,112,7,129,41,19,126,21,207,236,10,246,453
11/03/2012,IWA,AZ,AWP,WE,Federal Contract Tower,6,3,11,0,20,0,14,115,0,129,6,17,126,0,149,126,0,126,275
11/04/2012,IWA,AZ,AWP,WE,Federal Contract Tower,30,2,16,18,66,0,7,90,2,99,30,9,106,20,165,110,18,128,293
11/05/2012,IWA,AZ,AWP,WE,Federal Contract Tower,35,7,17,3,62,0,21,91,2,114,35,28,108,5,176,145,0,145,321
11/06/2012,IWA,AZ,AWP,WE,Federal Contract Tower,10,10,11,4,35,0,14,117,5,136,10,24,128,9,171,179,10,189,360
11/07/2012,IWA,AZ,AWP,WE,Federal Contract Tower,13,7,8,6,34,0,26,147,13,186,13,33,155,19,220,220,20,240,460
11/08/2012,IWA,AZ,AWP,WE,Federal Contract Tower,33,10,24,2,69,0,31,119,0,150,33,41,143,2,219,150,0,150,369
11/09/2012,IWA,AZ,AWP,WE,Federal Contract Tower,37,9,10,6,62,0,20,113,0,133,37,29,123,6,195,263,17,280,475
11/10/2012,IWA,AZ,AWP,WE,Federal Contract Tower,8,2,10,0,20,0,4,109,1,114,8,6,119,1,134,128,0,128,262
11/11/2012,IWA,AZ,AWP,WE,Federal Contract Tower,29,6,5,5,45,0,12,64,0,76,29,18,69,5,121,89,0,89,210
11/12/2012,IWA,AZ,AWP,WE,Federal Contract Tower,30,6,13,4,53,0,15,82,2,99,30,21,95,6,152,171,0,171,323
11/13/2012,IWA,AZ,AWP,WE,Federal Contract Tower,13,8,14,2,37,0,13,97,25,135,13,21,111,27,172,181,10,191,363
11/14/2012,IWA,AZ,AWP,WE,Federal Contract Tower,15,5,16,7,43,0,30,111,8,149,15,35,127,15,192,234,11,245,437
11/15/2012,IWA,AZ,AWP,WE,Federal Contract Tower,36,10,13,11,70,0,26,153,3,182,36,36,166,14,252,326,13,339,591
11/16/2012,IWA,AZ,AWP,WE,Federal Contract Tower,40,8,14,9,71,0,29,122,13,164,40,37,136,22,235,298,32,330,565
11/17/2012,IWA,AZ,AWP,WE,Federal Contract Tower,8,3,15,2,28,0,18,104,1,123,8,21,119,3,151,262,0,262,413
11/18/2012,IWA,AZ,AWP,WE,Federal Contract Tower,34,6,10,3,53,0,3,64,1,68,34,9,74,4,121,205,0,205,326
11/19/2012,IWA,AZ,AWP,WE,Federal Contract Tower,39,4,13,0,56,0,17,99,23,139,39,21,112,23,195,118,3,121,316
11/20/2012,IWA,AZ,AWP,WE,Federal Contract Tower,28,5,18,4,55,0,26,152,5,183,28,31,170,9,238,152,6,158,396
11/21/2012,IWA,AZ,AWP,WE,Federal Contract Tower,45,0,15,0,60,0,14,94,19,127,45,14,109,19,187,227,13,240,427
11/22/2012,IWA,AZ,AWP,WE,Federal Contract Tower,22,5,0,0,27,0,8,8,4,20,22,13,8,4,47,20,0,20,67
11/23/2012,IWA,AZ,AWP,WE,Federal Contract Tower,14,1,2,2,19,0,13,38,3,54,14,14,40,5,73,49,3,52,125
11/24/2012,IWA,AZ,AWP,WE,Federal Contract Tower,31,6,8,0,45,0,19,25,4,48,31,25,33,4,93,67,0,67,160
11/25/2012,IWA,AZ,AWP,WE,Federal Contract Tower,37,4,9,0,50,0,12,85,3,100,37,16,94,3,150,87,0,87,237
11/26/2012,IWA,AZ,AWP,WE,Federal Contract Tower,30,6,12,5,53,0,23,100,1,124,30,29,112,6,177,159,1,160,337
11/27/2012,IWA,AZ,AWP,WE,Federal Contract Tower,11,15,22,3,51,0,38,131,2,171,11,53,153,5,222,244,0,244,466
11/28/2012,IWA,AZ,AWP,WE,Federal Contract Tower,11,11,19,8,49,0,24,141,8,173,11,35,160,16,222,276,64,340,562
11/29/2012,IWA,AZ,AWP,WE,Federal Contract Tower,40,10,12,8,70,0,35,125,7,167,40,45,137,15,237,266,30,296,533
11/30/2012,IWA,AZ,AWP,WE,Federal Contract Tower,41,8,18,14,81,0,30,126,7,163,41,38,144,21,244,131,9,140,384
12/01/2012,IWA,AZ,AWP,WE,Federal Contract Tower,8,1,7,6,22,0,15,115,8,138,8,16,122,14,160,254,0,254,414
12/02/2012,IWA,AZ,AWP,WE,Federal Contract Tower,31,2,13,9,55,0,8,97,10,115,31,10,110,19,170,188,0,188,358
12/03/2012,IWA,AZ,AWP,WE,Federal Contract Tower,37,6,16,0,59,0,19,91,2,112,37,25,107,2,171,149,4,153,324
12/04/2012,IWA,AZ,AWP,WE,Federal Contract Tower,11,9,12,1,33,0,17,90,0,107,11,26,102,1,140,206,1,207,347
12/05/2012,IWA,AZ,AWP,WE,Federal Contract Tower,13,7,12,5,37,0,16,119,3,138,13,23,131,8,175,188,37,225,400
12/06/2012,IWA,AZ,AWP,WE,Federal Contract Tower,36,13,11,7,67,0,22,108,7,137,36,35,119,14,204,173,60,233,437
12/07/2012,IWA,AZ,AWP,WE,Federal Contract Tower,42,10,9,11,72,0,24,97,8,129,42,34,106,19,201,140,39,179,380
12/08/2012,IWA,AZ,AWP,WE,Federal Contract Tower,7,2,12,2,23,0,21,82,3,106,7,23,94,5,129,198,6,204,333
12/09/2012,IWA,AZ,AWP,WE,Federal Contract Tower,32,1,10,13,56,0,8,65,6,79,32,9,75,19,135,145,9,154,289
12/10/2012,IWA,AZ,AWP,WE,Federal Contract Tower,34,7,21,6,68,0,25,82,1,108,34,32,103,7,176,153,0,153,329
12/11/2012,IWA,AZ,AWP,WE,Federal Contract Tower,13,7,12,2,34,0,26,102,0,128,13,33,114,2,162,114,0,114,276
12/12/2012,IWA,AZ,AWP,WE,Federal Contract Tower,21,6,13,2,42,0,34,141,0,175,21,40,154,2,217,189,0,189,406
12/13/2012,IWA,AZ,AWP,WE,Federal Contract Tower,38,9,15,5,67,0,27,122,4,153,38,36,137,9,220,250,12,262,482
12/14/2012,IWA,AZ,AWP,WE,Federal Contract Tower,41,9,14,4,68,0,11,50,15,76,41,20,64,19,144,89,16,105,249
12/15/2012,IWA,AZ,AWP,WE,Federal Contract Tower,12,1,7,5,25,0,6,41,19,66,12,7,48,24,91,69,34,103,194
12/16/2012,IWA,AZ,AWP,WE,Federal Contract Tower,32,5,20,0,57,0,15,68,5,88,32,20,88,5,145,219,0,219,364
12/17/2012,IWA,AZ,AWP,WE,Federal Contract Tower,39,5,21,14,79,0,36,94,7,137,39,41,115,21,216,241,76,317,533
12/18/2012,IWA,AZ,AWP,WE,Federal Contract Tower,11,9,8,1,29,0,22,122,1,145,11,31,130,2,174,250,0,250,424
12/19/2012,IWA,AZ,AWP,WE,Federal Contract Tower,30,9,26,2,67,0,30,100,5,135,30,39,126,7,202,229,32,261,463
12/20/2012,IWA,AZ,AWP,WE,Federal Contract Tower,39,8,20,2,69,0,28,86,4,118,39,36,106,6,187,171,0,171,358
12/21/2012,IWA,AZ,AWP,WE,Federal Contract Tower,40,9,17,4,70,0,16,94,0,110,40,25,111,4,180,124,0,124,304
12/22/2012,IWA,AZ,AWP,WE,Federal Contract Tower,35,3,4,2,44,0,23,88,0,111,35,26,92,2,155,149,0,149,304
12/23/2012,IWA,AZ,AWP,WE,Federal Contract Tower,35,3,5,0,43,0,6,35,0,41,35,9,40,0,84,60,0,60,144
12/24/2012,IWA,AZ,AWP,WE,Federal Contract Tower,37,3,3,0,43,0,9,41,0,50,37,12,44,0,93,19,0,19,112
12/25/2012,IWA,AZ,AWP,WE,Federal Contract Tower,4,5,4,0,13,0,8,3,0,11,4,13,7,0,24,0,0,0,24
12/26/2012,IWA,AZ,AWP,WE,Federal Contract Tower,43,6,12,0,61,0,13,30,0,43,43,19,42,0,104,58,0,58,162
12/27/2012,IWA,AZ,AWP,WE,Federal Contract Tower,40,14,10,7,71,0,10,51,3,64,40,24,61,10,135,102,24,126,261
12/28/2012,IWA,AZ,AWP,WE,Federal Contract Tower,40,4,13,2,59,19,94,1,0,114,59,98,14,2,173,192,6,198,371
12/29/2012,IWA,AZ,AWP,WE,Federal Contract Tower,37,4,4,0,45,0,26,81,0,107,37,30,85,0,152,178,0,178,330
12/30/2012,IWA,AZ,AWP,WE,Federal Contract Tower,39,3,6,0,48,0,5,47,0,52,39,8,53,0,100,79,0,79,179
12/31/2012,IWA,AZ,AWP,WE,Federal Contract Tower,37,2,5,0,44,0,3,41,0,44,37,5,46,0,88,42,0,42,130
01/01/2013,IWA,AZ,AWP,WE,Federal Contract Tower,13,3,8,1,25,0,3,26,0,29,13,6,34,1,54,15,0,15,69
01/02/2013,IWA,AZ,AWP,WE,Federal Contract Tower,37,1,3,2,43,0,6,69,2,77,37,7,72,4,120,167,14,181,301
01/03/2013,IWA,AZ,AWP,WE,Federal Contract Tower,45,3,11,4,63,0,9,86,0,95,45,12,97,4,158,125,0,125,283
01/04/2013,IWA,AZ,AWP,WE,Federal Contract Tower,44,1,19,12,76,0,16,88,13,117,44,17,107,25,193,228,18,246,439
01/05/2013,IWA,AZ,AWP,WE,Federal Contract Tower,24,2,16,0,42,0,13,89,7,109,24,15,105,7,151,163,0,163,314
01/06/2013,IWA,AZ,AWP,WE,Federal Contract Tower,37,3,10,5,55,0,7,66,6,79,37,10,76,11,134,109,0,109,243
01/07/2013,IWA,AZ,AWP,WE,Federal Contract Tower,36,4,10,6,56,0,18,72,11,101,36,22,82,17,157,184,50,234,391
01/08/2013,IWA,AZ,AWP,WE,Federal Contract Tower,14,1,6,4,25,0,23,76,23,122,14,24,82,27,147,187,8,195,342
01/09/2013,IWA,AZ,AWP,WE,Federal Contract Tower,24,1,13,11,49,0,12,137,13,162,24,13,150,24,211,223,24,247,458
01/10/2013,IWA,AZ,AWP,WE,Federal Contract Tower,33,6,16,7,62,0,25,133,2,160,33,31,149,9,222,126,18,144,366
01/11/2013,IWA,AZ,AWP,WE,Federal Contract Tower,36,4,23,7,70,0,13,174,2,189,36,17,197,9,259,205,34,239,498
01/12/2013,IWA,AZ,AWP,WE,Federal Contract Tower,17,3,6,6,32,0,16,139,1,156,17,19,145,7,188,192,10,202,390
01/13/2013,IWA,AZ,AWP,WE,Federal Contract Tower,36,5,9,4,54,0,7,84,2,93,36,12,93,6,147,125,0,125,272
01/14/2013,IWA,AZ,AWP,WE,Federal Contract Tower,39,4,13,3,59,0,9,117,2,128,39,13,130,5,187,206,2,208,395
01/15/2013,IWA,AZ,AWP,WE,Federal Contract Tower,14,3,17,2,36,0,4,158,8,170,14,7,175,10,206,273,16,289,495
01/16/2013,IWA,AZ,AWP,WE,Federal Contract Tower,24,3,13,12,52,0,16,167,5,188,24,19,180,17,240,213,9,222,462
01/17/2013,IWA,AZ,AWP,WE,Federal Contract Tower,37,8,19,6,70,0,15,165,9,189,37,23,184,15,259,187,0,187,446
01/18/2013,IWA,AZ,AWP,WE,Federal Contract Tower,39,0,24,1,64,0,28,178,0,206,39,28,202,1,270,272,0,272,542
01/19/2013,IWA,AZ,AWP,WE,Federal Contract Tower,15,1,8,2,26,0,15,150,1,166,15,16,158,3,192,265,0,265,457
01/20/2013,IWA,AZ,AWP,WE,Federal Contract Tower,32,2,10,39,83,0,9,75,2,86,32,11,85,41,169,165,0,165,334
01/21/2013,IWA,AZ,AWP,WE,Federal Contract Tower,37,1,15,4,57,0,19,131,0,150,37,20,146,4,207,231,0,231,438
01/22/2013,IWA,AZ,AWP,WE,Federal Contract Tower,14,4,32,3,53,0,28,168,2,198,14,32,200,5,251,201,0,201,452
01/23/2013,IWA,AZ,AWP,WE,Federal Contract Tower,22,0,14,8,44,0,17,195,2,214,22,17,209,10,258,276,24,300,558
01/24/2013,IWA,AZ,AWP,WE,Federal Contract Tower,35,7,18,4,64,0,21,170,6,197,35,28,188,10,261,216,4,220,481
01/25/2013,IWA,AZ,AWP,WE,Federal Contract Tower,37,6,18,9,70,0,27,188,2,217,37,33,206,11,287,302,5,307,594
01/26/2013,IWA,AZ,AWP,WE,Federal Contract Tower,14,21,20,2,57,0,0,1,0,1,14,21,21,2,58,1,0,1,59
01/27/2013,IWA,AZ,AWP,WE,Federal Contract Tower,31,10,24,6,71,0,4,24,2,30,31,14,48,8,101,46,0,46,147
01/28/2013,IWA,AZ,AWP,WE,Federal Contract Tower,37,2,15,0,54,0,24,118,4,146,37,26,133,4,200,163,4,167,367
01/29/2013,IWA,AZ,AWP,WE,Federal Contract Tower,14,4,24,9,51,0,24,180,4,208,14,28,204,13,259,258,2,260,519
01/30/2013,IWA,AZ,AWP,WE,Federal Contract Tower,21,7,14,3,45,0,27,221,1,249,21,34,235,4,294,269,0,269,563
01/31/2013,IWA,AZ,AWP,WE,Federal Contract Tower,36,4,20,5,65,0,30,186,1,217,36,34,206,6,282,216,0,216,498
02/01/2013,IWA,AZ,AWP,WE,Federal Contract Tower,35,5,25,10,75,0,42,203,12,257,35,47,228,22,332,343,35,378,710
02/02/2013,IWA,AZ,AWP,WE,Federal Contract Tower,15,2,17,4,38,0,20,163,15,198,15,22,180,19,236,366,0,366,602
02/03/2013,IWA,AZ,AWP,WE,Federal Contract Tower,33,0,9,4,46,0,12,118,9,139,33,12,127,13,185,88,0,88,273
02/04/2013,IWA,AZ,AWP,WE,Federal Contract Tower,36,4,22,8,70,0,25,162,6,193,36,29,184,14,263,227,0,227,490
02/05/2013,IWA,AZ,AWP,WE,Federal Contract Tower,12,2,15,6,35,0,22,176,0,198,12,24,191,6,233,270,32,302,535
02/06/2013,IWA,AZ,AWP,WE,Federal Contract Tower,20,4,17,6,47,0,32,198,3,233,20,36,215,9,280,400,6,406,686
02/07/2013,IWA,AZ,AWP,WE,Federal Contract Tower,35,7,30,0,72,0,24,186,14,224,35,31,216,14,296,340,6,346,642
02/08/2013,IWA,AZ,AWP,WE,Federal Contract Tower,39,5,18,7,69,0,24,157,19,200,39,29,175,26,269,182,29,211,480
02/09/2013,IWA,AZ,AWP,WE,Federal Contract Tower,15,1,9,1,26,0,14,143,9,166,15,15,152,10,192,166,2,168,360
02/10/2013,IWA,AZ,AWP,WE,Federal Contract Tower,32,6,7,5,50,0,7,132,8,147,32,13,139,13,197,145,0,145,342
02/11/2013,IWA,AZ,AWP,WE,Federal Contract Tower,41,5,24,9,79,0,15,100,28,143,41,20,124,37,222,182,118,300,522
02/12/2013,IWA,AZ,AWP,WE,Federal Contract Tower,15,5,22,8,50,0,25,187,12,224,15,30,209,20,274,289,42,331,605
02/13/2013,IWA,AZ,AWP,WE,Federal Contract Tower,29,3,20,10,62,0,16,228,27,271,29,19,248,37,333,241,34,275,608
02/14/2013,IWA,AZ,AWP,WE,Federal Contract Tower,40,3,28,7,78,0,15,242,14,271,40,18,270,21,349,270,3,273,622
02/15/2013,IWA,AZ,AWP,WE,Federal Contract Tower,40,3,25,3,71,0,29,206,12,247,40,32,231,15,318,234,12,246,564
02/16/2013,IWA,AZ,AWP,WE,Federal Contract Tower,23,3,17,0,43,0,20,107,11,138,23,23,124,11,181,156,0,156,337
02/17/2013,IWA,AZ,AWP,WE,Federal Contract Tower,37,6,10,1,54,0,8,116,6,130,37,14,126,7,184,181,0,181,365
02/18/2013,IWA,AZ,AWP,WE,Federal Contract Tower,35,1,16,2,54,0,21,125,1,147,35,22,141,3,201,298,0,298,499
02/19/2013,IWA,AZ,AWP,WE,Federal Contract Tower,16,5,18,9,48,0,29,112,1,142,16,34,130,10,190,183,10,193,383
02/20/2013,IWA,AZ,AWP,WE,Federal Contract Tower,26,4,17,0,47,0,9,33,1,43,26,13,50,1,90,105,0,105,195
02/21/2013,IWA,AZ,AWP,WE,Federal Contract Tower,46,5,22,3,76,1,26,144,4,175,47,31,166,7,251,321,25,346,597
02/22/2013,IWA,AZ,AWP,WE,Federal Contract Tower,45,6,12,0,63,0,29,150,8,187,45,35,162,8,250,313,0,313,563
02/23/2013,IWA,AZ,AWP,WE,Federal Contract Tower,22,4,21,1,48,0,29,205,10,244,22,33,226,11,292,194,0,194,486
02/24/2013,IWA,AZ,AWP,WE,Federal Contract Tower,38,6,13,2,59,0,12,73,4,89,38,18,86,6,148,101,0,101,249
02/25/2013,IWA,AZ,AWP,WE,Federal Contract Tower,33,4,17,14,68,0,23,145,2,170,33,27,162,16,238,245,23,268,506
02/26/2013,IWA,AZ,AWP,WE,Federal Contract Tower,21,4,22,6,53,0,17,157,0,174,21,21,179,6,227,321,0,321,548
02/27/2013,IWA,AZ,AWP,WE,Federal Contract Tower,24,6,18,6,54,0,17,182,3,202,24,23,200,9,256,250,2,252,508
02/28/2013,IWA,AZ,AWP,WE,Federal Contract Tower,42,4,23,0,69,0,23,192,8,223,42,27,215,8,292,237,0,237,529
03/01/2013,IWA,AZ,AWP,WE,Federal Contract Tower,42,1,19,6,68,0,24,254,18,296,42,25,273,24,364,230,0,230,594
03/02/2013,IWA,AZ,AWP,WE,Federal Contract Tower,24,3,9,5,41,0,17,205,16,238,24,20,214,21,279,199,0,199,478
03/03/2013,IWA,AZ,AWP,WE,Federal Contract Tower,36,3,18,3,60,0,8,206,8,222,36,11,224,11,282,243,3,246,528
03/04/2013,IWA,AZ,AWP,WE,Federal Contract Tower,36,2,15,8,61,0,19,163,9,191,36,21,178,17,252,269,4,273,525
03/05/2013,IWA,AZ,AWP,WE,Federal Contract Tower,20,4,19,20,63,0,21,193,13,227,20,25,212,33,290,229,83,312,602
03/06/2013,IWA,AZ,AWP,WE,Federal Contract Tower,26,3,19,6,54,0,26,225,23,274,26,29,244,29,328,331,121,452,780
03/07/2013,IWA,AZ,AWP,WE,Federal Contract Tower,41,1,15,13,70,0,36,213,4,253,41,37,228,17,323,231,24,255,578
03/08/2013,IWA,AZ,AWP,WE,Federal Contract Tower,43,4,22,4,73,0,1,23,2,26,43,5,45,6,99,16,0,16,115
03/09/2013,IWA,AZ,AWP,WE,Federal Contract Tower,29,3,15,7,54,0,8,146,5,159,29,11,161,12,213,334,17,351,564
03/10/2013,IWA,AZ,AWP,WE,Federal Contract Tower,38,4,13,22,77,0,8,108,11,127,38,12,121,33,204,242,0,242,446
03/11/2013,IWA,AZ,AWP,WE,Federal Contract Tower,47,4,17,6,74,0,14,144,16,174,47,18,161,22,248,362,0,362,610
03/12/2013,IWA,AZ,AWP,WE,Federal Contract Tower,28,2,14,7,51,1,15,184,16,216,29,17,198,23,267,349,25,374,641
03/13/2013,IWA,AZ,AWP,WE,Federal Contract Tower,33,3,12,0,48,0,26,230,3,259,33,29,242,3,307,343,17,360,667
03/14/2013,IWA,AZ,AWP,WE,Federal Contract Tower,48,3,14,10,75,0,29,224,0,253,48,32,238,10,328,211,5,216,544
03/15/2013,IWA,AZ,AWP,WE,Federal Contract Tower,50,3,22,0,75,0,29,211,7,247,50,32,233,7,322,278,4,282,604
03/16/2013,IWA,AZ,AWP,WE,Federal Contract Tower,33,6,14,0,53,0,26,138,9,173,33,32,152,9,226,192,0,192,418
03/17/2013,IWA,AZ,AWP,WE,Federal Contract Tower,38,5,12,4,59,0,6,109,10,125,38,11,121,14,184,163,0,163,347
03/18/2013,IWA,AZ,AWP,WE,Federal Contract Tower,51,2,17,4,74,0,7,155,2,164,51,9,172,6,238,177,2,179,417
03/19/2013,IWA,AZ,AWP,WE,Federal Contract Tower,28,4,16,0,48,0,12,234,2,248,28,16,250,2,296,324,0,324,620
03/20/2013,IWA,AZ,AWP,WE,Federal Contract Tower,35,1,19,2,57,0,19,251,8,278,35,20,270,10,335,290,6,296,631
03/21/2013,IWA,AZ,AWP,WE,Federal Contract Tower,46,5,17,6,74,0,16,215,4,235,46,21,232,10,309,357,7,364,673
03/22/2013,IWA,AZ,AWP,WE,Federal Contract Tower,48,3,20,15,86,0,21,233,2,256,48,24,253,17,342,200,2,202,544
03/23/2013,IWA,AZ,AWP,WE,Federal Contract Tower,34,4,8,7,53,0,26,140,8,174,34,30,148,15,227,162,2,164,391
03/24/2013,IWA,AZ,AWP,WE,Federal Contract Tower,40,4,19,3,66,0,10,139,0,149,40,14,158,3,215,186,0,186,401
03/25/2013,IWA,AZ,AWP,WE,Federal Contract Tower,45,2,21,5,73,0,20,199,6,225,45,22,220,11,298,345,3,348,646
03/26/2013,IWA,AZ,AWP,WE,Federal Contract Tower,21,5,22,2,50,0,18,164,23,205,21,23,186,25,255,216,79,295,550
03/27/2013,IWA,AZ,AWP,WE,Federal Contract Tower,33,2,22,5,62,0,9,192,14,215,33,11,214,19,277,204,58,262,539
03/28/2013,IWA,AZ,AWP,WE,Federal Contract Tower,43,6,27,7,83,0,24,202,9,235,43,30,229,16,318,260,36,296,614
03/29/2013,IWA,AZ,AWP,WE,Federal Contract Tower,45,4,25,4,78,0,18,202,18,238,45,22,227,22,316,300,8,308,624
03/30/2013,IWA,AZ,AWP,WE,Federal Contract Tower,39,2,15,5,61,0,11,164,2,177,39,13,179,7,238,196,1,197,435
03/31/2013,IWA,AZ,AWP,WE,Federal Contract Tower,42,1,9,0,52,0,8,96,0,104,42,9,105,0,156,99,0,99,255
04/01/2013,IWA,AZ,AWP,WE,Federal Contract Tower,42,1,12,11,66,0,29,186,10,225,42,30,198,21,291,198,6,204,495
04/02/2013,IWA,AZ,AWP,WE,Federal Contract Tower,23,2,15,0,40,0,39,220,18,277,23,41,235,18,317,277,10,287,604
04/03/2013,IWA,AZ,AWP,WE,Federal Contract Tower,33,5,18,16,72,0,36,211,0,247,33,41,229,16,319,330,20,350,669
04/04/2013,IWA,AZ,AWP,WE,Federal Contract Tower,44,1,30,13,88,0,22,212,7,241,44,23,242,20,329,287,13,300,629
04/05/2013,IWA,AZ,AWP,WE,Federal Contract Tower,45,7,14,20,86,0,21,217,9,247,45,28,231,29,333,328,4,332,665
04/06/2013,IWA,AZ,AWP,WE,Federal Contract Tower,29,4,7,5,45,0,43,164,15,222,29,47,171,20,267,173,0,173,440
04/07/2013,IWA,AZ,AWP,WE,Federal Contract Tower,43,9,6,5,63,0,15,137,8,160,43,24,143,13,223,225,0,225,448
04/08/2013,IWA,AZ,AWP,WE,Federal Contract Tower,40,7,9,1,57,0,2,17,2,21,40,9,26,3,78,19,2,21,99
04/09/2013,IWA,AZ,AWP,WE,Federal Contract Tower,23,8,24,6,61,0,9,209,0,218,23,17,233,6,279,308,13,321,600
04/10/2013,IWA,AZ,AWP,WE,Federal Contract Tower,23,6,20,18,67,0,31,208,4,243,23,37,228,22,310,339,21,360,670
04/11/2013,IWA,AZ,AWP,WE,Federal Contract Tower,37,2,19,0,58,0,33,208,2,243,37,35,227,2,301,302,9,311,612
04/12/2013,IWA,AZ,AWP,WE,Federal Contract Tower,51,5,16,19,91,0,17,178,2,197,51,22,194,21,288,259,0,259,547
04/13/2013,IWA,AZ,AWP,WE,Federal Contract Tower,12,2,16,2,32,0,18,162,7,187,12,20,178,9,219,216,0,216,435
04/14/2013,IWA,AZ,AWP,WE,Federal Contract Tower,35,5,13,7,60,0,1,116,0,117,35,6,129,7,177,108,1,109,286
04/15/2013,IWA,AZ,AWP,WE,Federal Contract Tower,42,2,15,2,61,0,18,157,0,175,42,20,172,2,236,241,0,241,477
04/16/2013,IWA,AZ,AWP,WE,Federal Contract Tower,11,1,32,1,45,0,9,224,2,235,11,10,256,3,280,181,1,182,462
04/17/2013,IWA,AZ,AWP,WE,Federal Contract Tower,15,2,18,9,44,0,9,228,3,240,15,11,246,12,284,193,0,193,477
04/18/2013,IWA,AZ,AWP,WE,Federal Contract Tower,39,5,24,1,69,0,28,266,2,296,39,33,290,3,365,319,1,320,685
04/19/2013,IWA,AZ,AWP,WE,Federal Contract Tower,40,4,26,10,80,0,19,177,6,202,40,23,203,16,282,233,28,261,543
04/20/2013,IWA,AZ,AWP,WE,Federal Contract Tower,10,2,7,3,22,0,16,143,0,159,10,18,150,3,181,214,0,214,395
04/21/2013,IWA,AZ,AWP,WE,Federal Contract Tower,37,4,16,6,63,0,0,152,4,156,37,4,168,10,219,252,0,252,471
04/22/2013,IWA,AZ,AWP,WE,Federal Contract Tower,39,0,19,0,58,0,21,185,0,206,39,21,204,0,264,207,0,207,471
04/23/2013,IWA,AZ,AWP,WE,Federal Contract Tower,10,4,19,6,39,0,20,236,2,258,10,24,255,8,297,268,0,268,565
04/24/2013,IWA,AZ,AWP,WE,Federal Contract Tower,14,2,28,9,53,0,24,213,5,242,14,26,241,14,295,377,38,415,710
04/25/2013,IWA,AZ,AWP,WE,Federal Contract Tower,36,2,14,3,55,0,15,186,2,203,36,17,200,5,258,152,6,158,416
04/26/2013,IWA,AZ,AWP,WE,Federal Contract Tower,37,1,16,5,59,0,23,213,5,241,37,24,229,10,300,271,6,277,577
04/27/2013,IWA,AZ,AWP,WE,Federal Contract Tower,8,1,8,4,21,0,16,181,2,199,8,17,189,6,220,279,0,279,499
04/28/2013,IWA,AZ,AWP,WE,Federal Contract Tower,36,2,17,1,56,0,10,142,4,156,36,12,159,5,212,163,0,163,375
04/29/2013,IWA,AZ,AWP,WE,Federal Contract Tower,33,3,24,0,60,0,11,219,2,232,33,14,243,2,292,205,0,205,497
04/30/2013,IWA,AZ,AWP,WE,Federal Contract Tower,10,5,12,2,29,0,26,216,0,242,10,31,228,2,271,190,0,190,461
05/01/2013,IWA,AZ,AWP,WE,Federal Contract Tower,12,9,12,6,39,0,23,288,0,311,12,32,300,6,350,212,6,218,568
05/02/2013,IWA,AZ,AWP,WE,Federal Contract Tower,40,10,12,4,66,0,8,75,1,84,40,18,87,5,150,136,11,147,297
05/03/2013,IWA,AZ,AWP,WE,Federal Contract Tower,40,5,12,2,59,0,16,152,2,170,40,21,164,4,229,305,0,305,534
05/04/2013,IWA,AZ,AWP,WE,Federal Contract Tower,9,3,10,0,22,0,12,155,10,177,9,15,165,10,199,172,1,173,372
05/05/2013,IWA,AZ,AWP,WE,Federal Contract Tower,35,4,10,7,56,0,0,144,5,149,35,4,154,12,205,108,0,108,313
05/06/2013,IWA,AZ,AWP,WE,Federal Contract Tower,38,10,14,9,71,0,28,136,2,166,38,38,150,11,237,209,14,223,460
05/07/2013,IWA,AZ,AWP,WE,Federal Contract Tower,12,8,7,2,29,0,18,212,2,232,12,26,219,4,261,240,23,263,524
05/08/2013,IWA,AZ,AWP,WE,Federal Contract Tower,16,10,11,0,37,0,29,249,34,312,16,39,260,34,349,388,2,390,739
05/09/2013,IWA,AZ,AWP,WE,Federal Contract Tower,40,11,4,3,58,0,28,245,2,275,40,39,249,5,333,454,10,464,797
05/10/2013,IWA,AZ,AWP,WE,Federal Contract Tower,41,8,17,5,71,0,15,218,0,233,41,23,235,5,304,302,0,302,606
05/11/2013,IWA,AZ,AWP,WE,Federal Contract Tower,8,0,13,0,21,0,15,108,2,125,8,15,121,2,146,212,0,212,358
05/12/2013,IWA,AZ,AWP,WE,Federal Contract Tower,38,1,10,9,58,0,18,146,0,164,38,19,156,9,222,230,0,230,452
05/13/2013,IWA,AZ,AWP,WE,Federal Contract Tower,39,4,8,7,58,0,17,171,1,189,39,21,179,8,247,311,10,321,568
05/14/2013,IWA,AZ,AWP,WE,Federal Contract Tower,9,6,24,3,42,0,23,206,1,230,9,29,230,4,272,269,14,283,555
05/15/2013,IWA,AZ,AWP,WE,Federal Contract Tower,15,8,11,9,43,0,25,201,6,232,15,33,212,15,275,241,4,245,520
05/16/2013,IWA,AZ,AWP,WE,Federal Contract Tower,41,10,11,3,65,0,15,185,2,202,41,25,196,5,267,188,0,188,455
05/17/2013,IWA,AZ,AWP,WE,Federal Contract Tower,38,9,8,6,61,0,35,253,9,297,38,44,261,15,358,253,0,253,611
05/18/2013,IWA,AZ,AWP,WE,Federal Contract Tower,6,1,2,1,10,0,25,182,4,211,6,26,184,5,221,213,0,213,434
05/19/2013,IWA,AZ,AWP,WE,Federal Contract Tower,42,3,5,4,54,0,10,174,1,185,42,13,179,5,239,156,0,156,395
05/20/2013,IWA,AZ,AWP,WE,Federal Contract Tower,34,7,14,3,58,0,24,203,2,229,34,31,217,5,287,171,0,171,458
05/21/2013,IWA,AZ,AWP,WE,Federal Contract Tower,10,7,8,4,29,0,32,275,0,307,10,39,283,4,336,312,30,342,678
05/22/2013,IWA,AZ,AWP,WE,Federal Contract Tower,15,8,17,0,40,0,22,226,0,248,15,30,243,0,288,310,0,310,598
05/23/2013,IWA,AZ,AWP,WE,Federal Contract Tower,40,8,15,13,76,0,24,218,7,249,40,32,233,20,325,237,26,263,588
05/24/2013,IWA,AZ,AWP,WE,Federal Contract Tower,39,3,14,2,58,0,25,235,8,268,39,28,249,10,326,292,2,294,620
05/25/2013,IWA,AZ,AWP,WE,Federal Contract Tower,10,1,8,3,22,0,25,226,7,258,10,26,234,10,280,285,0,285,565
05/26/2013,IWA,AZ,AWP,WE,Federal Contract Tower,38,0,6,1,45,0,4,169,0,173,38,4,175,1,218,139,0,139,357
05/27/2013,IWA,AZ,AWP,WE,Federal Contract Tower,32,2,13,0,47,0,6,89,0,95,32,8,102,0,142,245,0,245,387
05/28/2013,IWA,AZ,AWP,WE,Federal Contract Tower,15,8,8,4,35,0,46,209,3,258,15,54,217,7,293,327,17,344,637
05/29/2013,IWA,AZ,AWP,WE,Federal Contract Tower,13,5,11,17,46,0,35,218,3,256,13,40,229,20,302,290,0,290,592
05/30/2013,IWA,AZ,AWP,WE,Federal Contract Tower,40,7,9,1,57,0,37,237,10,284,40,44,246,11,341,413,8,421,762
05/31/2013,IWA,AZ,AWP,WE,Federal Contract Tower,42,6,13,16,77,0,45,201,0,246,42,51,214,16,323,304,7,311,634
06/01/2013,IWA,AZ,AWP,WE,Federal Contract Tower,7,2,4,9,22,0,33,157,2,192,7,35,161,11,214,210,0,210,424
06/02/2013,IWA,AZ,AWP,WE,Federal Contract Tower,38,7,9,0,54,0,6,86,2,94,38,13,95,2,148,122,0,122,270
06/03/2013,IWA,AZ,AWP,WE,Federal Contract Tower,33,6,7,7,53,0,29,148,0,177,33,35,155,7,230,259,0,259,489
06/04/2013,IWA,AZ,AWP,WE,Federal Contract Tower,16,9,13,5,43,0,48,223,3,274,16,57,236,8,317,456,4,460,777
06/05/2013,IWA,AZ,AWP,WE,Federal Contract Tower,16,6,16,6,44,0,23,228,5,256,16,29,244,11,300,343,10,353,653
06/06/2013,IWA,AZ,AWP,WE,Federal Contract Tower,40,11,9,4,64,0,40,217,2,259,40,51,226,6,323,510,0,510,833
06/07/2013,IWA,AZ,AWP,WE,Federal Contract Tower,40,6,21,4,71,0,48,171,5,224,40,54,192,9,295,517,0,517,812
06/08/2013,IWA,AZ,AWP,WE,Federal Contract Tower,1,4,6,2,13,0,25,179,6,210,1,29,185,8,223,288,0,288,511
06/09/2013,IWA,AZ,AWP,WE,Federal Contract Tower,37,2,8,2,49,0,9,121,0,130,37,11,129,2,179,82,0,82,261
06/10/2013,IWA,AZ,AWP,WE,Federal Contract Tower,38,7,12,6,63,0,43,183,0,226,38,50,195,6,289,561,6,567,856
06/11/2013,IWA,AZ,AWP,WE,Federal Contract Tower,15,10,12,9,46,0,35,166,4,205,15,45,178,13,251,612,4,616,867
06/12/2013,IWA,AZ,AWP,WE,Federal Contract Tower,18,7,10,7,42,0,16,205,4,225,18,23,215,11,267,610,16,626,893
06/13/2013,IWA,AZ,AWP,WE,Federal Contract Tower,40,11,11,0,62,0,44,182,0,226,40,55,193,0,288,471,0,471,759
06/14/2013,IWA,AZ,AWP,WE,Federal Contract Tower,40,7,13,4,64,0,25,164,1,190,40,32,177,5,254,324,0,324,578
06/15/2013,IWA,AZ,AWP,WE,Federal Contract Tower,4,3,19,0,26,0,28,148,7,183,4,31,167,7,209,265,2,267,476
06/16/2013,IWA,AZ,AWP,WE,Federal Contract Tower,36,5,12,2,55,0,9,126,2,137,36,14,138,4,192,184,0,184,376
06/17/2013,IWA,AZ,AWP,WE,Federal Contract Tower,43,4,11,0,58,0,24,197,0,221,43,28,208,0,279,430,0,430,709
06/18/2013,IWA,AZ,AWP,WE,Federal Contract Tower,12,8,8,0,28,0,28,166,5,199,12,36,174,5,227,383,20,403,630
06/19/2013,IWA,AZ,AWP,WE,Federal Contract Tower,18,8,18,2,46,0,37,202,6,245,18,45,220,8,291,481,36,517,808
06/20/2013,IWA,AZ,AWP,WE,Federal Contract Tower,40,6,14,0,60,0,43,232,0,275,40,49,246,0,335,336,0,336,671
06/21/2013,IWA,AZ,AWP,WE,Federal Contract Tower,41,10,19,13,83,0,42,243,2,287,41,52,262,15,370,420,8,428,798
06/22/2013,IWA,AZ,AWP,WE,Federal Contract Tower,8,5,20,0,33,0,24,154,0,178,8,29,174,0,211,167,0,167,378
06/23/2013,IWA,AZ,AWP,WE,Federal Contract Tower,36,6,21,3,66,0,12,173,0,185,36,18,194,3,251,205,0,205,456
06/24/2013,IWA,AZ,AWP,WE,Federal Contract Tower,41,5,18,6,70,0,36,189,0,225,41,41,207,6,295,306,8,314,609
06/25/2013,IWA,AZ,AWP,WE,Federal Contract Tower,15,7,17,2,41,0,40,195,0,235,15,47,212,2,276,429,7,436,712
06/26/2013,IWA,AZ,AWP,WE,Federal Contract Tower,22,6,11,0,39,0,35,218,6,259,22,41,229,6,298,479,20,499,797
06/27/2013,IWA,AZ,AWP,WE,Federal Contract Tower,38,8,22,6,74,0,49,176,2,227,38,57,198,8,301,385,6,391,692
06/28/2013,IWA,AZ,AWP,WE,Federal Contract Tower,41,14,17,6,78,0,47,138,5,190,41,61,155,11,268,228,16,244,512
06/29/2013,IWA,AZ,AWP,WE,Federal Contract Tower,13,3,7,7,30,0,29,109,10,148,13,32,116,17,178,209,0,209,387
06/30/2013,IWA,AZ,AWP,WE,Federal Contract Tower,38,1,12,5,56,0,9,120,1,130,38,10,132,6,186,83,0,83,269
07/01/2013,IWA,AZ,AWP,WE,Federal Contract Tower,39,5,10,5,59,0,31,153,3,187,39,36,163,8,246,276,20,296,542
07/02/2013,IWA,AZ,AWP,WE,Federal Contract Tower,16,1,8,3,28,0,23,150,5,178,16,24,158,8,206,262,0,262,468
07/03/2013,IWA,AZ,AWP,WE,Federal Contract Tower,25,3,11,4,43,0,33,185,4,222,25,36,196,8,265,212,8,220,485
07/04/2013,IWA,AZ,AWP,WE,Federal Contract Tower,34,3,15,0,52,0,6,158,1,165,34,9,173,1,217,94,0,94,311
07/05/2013,IWA,AZ,AWP,WE,Federal Contract Tower,43,2,11,0,56,0,14,138,0,152,43,16,149,0,208,121,0,121,329
07/06/2013,IWA,AZ,AWP,WE,Federal Contract Tower,13,5,14,0,32,0,18,123,2,143,13,23,137,2,175,138,1,139,314
07/07/2013,IWA,AZ,AWP,WE,Federal Contract Tower,37,3,8,8,56,0,26,88,5,119,37,29,96,13,175,134,0,134,309
07/08/2013,IWA,AZ,AWP,WE,Federal Contract Tower,32,6,9,10,57,0,28,138,10,176,32,34,147,20,233,100,22,122,355
07/09/2013,IWA,AZ,AWP,WE,Federal Contract Tower,19,13,19,7,58,0,19,214,15,248,19,32,233,22,306,183,0,183,489
07/10/2013,IWA,AZ,AWP,WE,Federal Contract Tower,23,7,13,5,48,0,17,256,17,290,23,24,269,22,338,286,8,294,632
07/11/2013,IWA,AZ,AWP,WE,Federal Contract Tower,36,10,9,17,72,0,38,197,16,251,36,48,206,33,323,258,4,262,585
07/12/2013,IWA,AZ,AWP,WE,Federal Contract Tower,45,10,20,10,85,0,39,125,1,165,45,49,145,11,250,257,0,257,507
07/13/2013,IWA,AZ,AWP,WE,Federal Contract Tower,11,1,13,3,28,0,27,121,2,150,11,28,134,5,178,148,0,148,326
07/14/2013,IWA,AZ,AWP,WE,Federal Contract Tower,37,7,14,7,65,0,10,105,3,118,37,17,119,10,183,159,0,159,342
07/15/2013,IWA,AZ,AWP,WE,Federal Contract Tower,35,9,17,2,63,0,30,117,0,147,35,39,134,2,210,148,0,148,358
07/16/2013,IWA,AZ,AWP,WE,Federal Contract Tower,9,12,17,2,40,0,30,83,0,113,9,42,100,2,153,225,0,225,378
07/17/2013,IWA,AZ,AWP,WE,Federal Contract Tower,23,9,12,0,44,0,58,196,3,257,23,67,208,3,301,308,0,308,609
07/18/2013,IWA,AZ,AWP,WE,Federal Contract Tower,41,9,13,10,73,0,35,106,4,145,41,44,119,14,218,197,41,238,456
07/19/2013,IWA,AZ,AWP,WE,Federal Contract Tower,42,11,11,2,66,0,31,143,1,175,42,42,154,3,241,201,0,201,442
07/20/2013,IWA,AZ,AWP,WE,Federal Contract Tower,9,1,14,0,24,0,7,117,2,126,9,8,131,2,150,161,0,161,311
07/21/2013,IWA,AZ,AWP,WE,Federal Contract Tower,38,11,14,1,64,0,16,79,0,95,38,27,93,1,159,122,0,122,281
07/22/2013,IWA,AZ,AWP,WE,Federal Contract Tower,38,6,16,0,60,0,42,141,0,183,38,48,157,0,243,309,0,309,552
07/23/2013,IWA,AZ,AWP,WE,Federal Contract Tower,14,9,11,8,42,0,51,207,4,262,14,60,218,12,304,307,9,316,620
07/24/2013,IWA,AZ,AWP,WE,Federal Contract Tower,18,8,10,12,48,0,48,194,8,250,18,56,204,20,298,282,6,288,586
07/25/2013,IWA,AZ,AWP,WE,Federal Contract Tower,38,9,14,5,66,0,41,165,3,209,38,50,179,8,275,201,41,242,517
07/26/2013,IWA,AZ,AWP,WE,Federal Contract Tower,44,6,20,12,82,0,30,134,3,167,44,36,154,15,249,291,6,297,546
07/27/2013,IWA,AZ,AWP,WE,Federal Contract Tower,11,1,14,3,29,0,26,108,0,134,11,27,122,3,163,266,0,266,429
07/28/2013,IWA,AZ,AWP,WE,Federal Contract Tower,37,3,11,6,57,0,33,136,0,169,37,36,147,6,226,223,0,223,449
07/29/2013,IWA,AZ,AWP,WE,Federal Contract Tower,33,8,9,4,54,0,43,198,6,247,33,51,207,10,301,360,17,377,678
07/30/2013,IWA,AZ,AWP,WE,Federal Contract Tower,20,12,14,14,60,0,59,205,3,267,20,71,219,17,327,255,52,307,634
07/31/2013,IWA,AZ,AWP,WE,Federal Contract Tower,16,12,22,4,54,0,42,193,2,237,16,54,215,6,291,337,0,337,628
08/01/2013,IWA,AZ,AWP,WE,Federal Contract Tower,40,14,13,4,71,0,55,75,9,139,40,69,88,13,210,244,14,258,468
08/02/2013,IWA,AZ,AWP,WE,Federal Contract Tower,41,8,15,6,70,0,37,124,4,165,41,45,139,10,235,219,1,220,455
08/03/2013,IWA,AZ,AWP,WE,Federal Contract Tower,6,4,17,4,31,0,31,112,1,144,6,35,129,5,175,184,0,184,359
08/04/2013,IWA,AZ,AWP,WE,Federal Contract Tower,36,8,15,4,63,0,22,106,0,128,36,30,121,4,191,149,0,149,340
08/05/2013,IWA,AZ,AWP,WE,Federal Contract Tower,37,10,16,11,74,0,32,116,8,156,37,42,132,19,230,224,37,261,491
08/06/2013,IWA,AZ,AWP,WE,Federal Contract Tower,7,11,11,2,31,0,34,85,3,122,7,45,96,5,153,151,10,161,314
08/07/2013,IWA,AZ,AWP,WE,Federal Contract Tower,10,11,16,4,41,0,60,201,8,269,10,71,217,12,310,300,4,304,614
08/08/2013,IWA,AZ,AWP,WE,Federal Contract Tower,40,7,18,10,75,0,55,164,9,228,40,62,182,19,303,323,46,369,672
08/09/2013,IWA,AZ,AWP,WE,Federal Contract Tower,44,7,12,0,63,0,62,188,4,254,44,69,200,4,317,217,10,227,544
08/10/2013,IWA,AZ,AWP,WE,Federal Contract Tower,1,1,9,6,17,0,23,119,2,144,1,24,128,8,161,180,0,180,341
08/11/2013,IWA,AZ,AWP,WE,Federal Contract Tower,40,8,4,5,57,0,19,96,0,115,40,27,100,5,172,89,0,89,261
08/12/2013,IWA,AZ,AWP,WE,Federal Contract Tower,39,7,10,0,56,0,43,140,0,183,39,50,150,0,239,170,0,170,409
08/13/2013,IWA,AZ,AWP,WE,Federal Contract Tower,13,14,11,4,42,0,40,159,3,202,13,54,170,7,244,248,3,251,495
08/14/2013,IWA,AZ,AWP,WE,Federal Contract Tower,6,8,11,2,27,0,29,145,6,180,6,37,156,8,207,263,36,299,506
08/15/2013,IWA,AZ,AWP,WE,Federal Contract Tower,41,11,12,1,65,0,29,138,6,173,41,40,150,7,238,233,0,233,471
08/16/2013,IWA,AZ,AWP,WE,Federal Contract Tower,25,8,16,4,53,0,6,112,3,121,25,14,128,7,174,102,26,128,302
08/17/2013,IWA,AZ,AWP,WE,Federal Contract Tower,3,3,13,0,19,0,11,95,0,106,3,14,108,0,125,171,0,171,296
08/18/2013,IWA,AZ,AWP,WE,Federal Contract Tower,37,1,7,2,47,0,5,132,5,142,37,6,139,7,189,73,0,73,262
08/19/2013,IWA,AZ,AWP,WE,Federal Contract Tower,23,9,11,0,43,0,23,210,2,235,23,32,221,2,278,299,2,301,579
08/20/2013,IWA,AZ,AWP,WE,Federal Contract Tower,5,9,10,0,24,0,34,148,4,186,5,43,158,4,210,227,2,229,439
08/21/2013,IWA,AZ,AWP,WE,Federal Contract Tower,9,13,9,0,31,0,44,186,0,230,9,57,195,0,261,426,1,427,688
08/22/2013,IWA,AZ,AWP,WE,Federal Contract Tower,37,10,11,4,62,0,41,152,13,206,37,51,163,17,268,274,4,278,546
08/23/2013,IWA,AZ,AWP,WE,Federal Contract Tower,27,8,9,9,53,0,39,147,6,192,27,47,156,15,245,205,0,205,450
08/24/2013,IWA,AZ,AWP,WE,Federal Contract Tower,5,2,10,1,18,0,26,111,9,146,5,28,121,10,164,141,0,141,305
08/25/2013,IWA,AZ,AWP,WE,Federal Contract Tower,36,4,8,8,56,0,2,121,0,123,36,6,129,8,179,65,0,65,244
08/26/2013,IWA,AZ,AWP,WE,Federal Contract Tower,26,6,10,0,42,0,25,103,0,128,26,31,113,0,170,202,0,202,372
08/27/2013,IWA,AZ,AWP,WE,Federal Contract Tower,5,7,9,2,23,0,44,156,0,200,5,51,165,2,223,233,0,233,456
08/28/2013,IWA,AZ,AWP,WE,Federal Contract Tower,8,7,14,4,33,0,34,98,0,132,8,41,112,4,165,187,10,197,362
08/29/2013,IWA,AZ,AWP,WE,Federal Contract Tower,39,10,15,5,69,0,46,154,10,210,39,56,169,15,279,248,24,272,551
08/30/2013,IWA,AZ,AWP,WE,Federal Contract Tower,27,5,8,1,41,0,25,154,2,181,27,30,162,3,222,236,0,236,458
08/31/2013,IWA,AZ,AWP,WE,Federal Contract Tower,4,3,9,0,16,0,32,202,1,235,4,35,211,1,251,247,0,247,498
09/01/2013,IWA,AZ,AWP,WE,Federal Contract Tower,38,5,6,0,49,0,17,124,0,141,38,22,130,0,190,130,0,130,320
09/02/2013,IWA,AZ,AWP,WE,Federal Contract Tower,19,6,7,0,32,0,23,99,0,122,19,29,106,0,154,133,0,133,287
09/03/2013,IWA,AZ,AWP,WE,Federal Contract Tower,4,6,12,6,28,0,29,161,1,191,4,35,173,7,219,220,1,221,440
09/04/2013,IWA,AZ,AWP,WE,Federal Contract Tower,8,5,9,4,26,0,43,166,2,211,8,48,175,6,237,258,6,264,501
09/05/2013,IWA,AZ,AWP,WE,Federal Contract Tower,38,7,6,1,52,0,37,104,1,142,38,44,110,2,194,219,0,219,413
09/06/2013,IWA,AZ,AWP,WE,Federal Contract Tower,27,8,8,5,48,0,31,87,2,120,27,39,95,7,168,138,8,146,314
09/07/2013,IWA,AZ,AWP,WE,Federal Contract Tower,3,5,16,7,31,0,42,153,9,204,3,47,169,16,235,180,26,206,441
09/08/2013,IWA,AZ,AWP,WE,Federal Contract Tower,37,6,10,3,56,0,6,127,1,134,37,12,137,4,190,57,0,57,247
09/09/2013,IWA,AZ,AWP,WE,Federal Contract Tower,25,20,12,4,61,0,16,91,2,109,25,36,103,6,170,156,4,160,330
09/10/2013,IWA,AZ,AWP,WE,Federal Contract Tower,6,9,14,2,31,0,35,198,11,244,6,44,212,13,275,247,26,273,548
09/11/2013,IWA,AZ,AWP,WE,Federal Contract Tower,7,7,11,6,31,0,60,217,2,279,7,67,228,8,310,291,0,291,601
09/12/2013,IWA,AZ,AWP,WE,Federal Contract Tower,37,9,11,8,65,0,46,207,6,259,37,55,218,14,324,273,43,316,640
09/13/2013,IWA,AZ,AWP,WE,Federal Contract Tower,28,9,18,8,63,0,39,164,7,210,28,48,182,15,273,159,2,161,434
09/14/2013,IWA,AZ,AWP,WE,Federal Contract Tower,4,2,9,2,17,0,33,176,8,217,4,35,185,10,234,203,0,203,437
09/15/2013,IWA,AZ,AWP,WE,Federal Contract Tower,39,2,8,1,50,0,21,144,4,169,39,23,152,5,219,169,0,169,388
09/16/2013,IWA,AZ,AWP,WE,Federal Contract Tower,34,7,10,3,54,0,32,129,4,165,34,39,139,7,219,223,2,225,444
09/17/2013,IWA,AZ,AWP,WE,Federal Contract Tower,8,6,6,2,22,0,38,154,0,192,8,44,160,2,214,298,0,298,512
09/18/2013,IWA,AZ,AWP,WE,Federal Contract Tower,9,6,7,1,23,0,39,227,8,274,9,45,234,9,297,331,8,339,636
09/19/2013,IWA,AZ,AWP,WE,Federal Contract Tower,37,7,12,4,60,0,56,236,4,296,37,63,248,8,356,365,10,375,731
09/20/2013,IWA,AZ,AWP,WE,Federal Contract Tower,24,7,9,2,42,0,40,253,4,297,24,47,262,6,339,429,4,433,772
09/21/2013,IWA,AZ,AWP,WE,Federal Contract Tower,3,2,4,4,13,0,33,183,0,216,3,35,187,4,229,448,0,448,677
09/22/2013,IWA,AZ,AWP,WE,Federal Contract Tower,30,3,8,0,41,0,5,118,0,123,30,8,126,0,164,155,0,155,319
09/23/2013,IWA,AZ,AWP,WE,Federal Contract Tower,25,7,4,3,39,0,49,171,8,228,25,56,175,11,267,506,0,506,773
09/24/2013,IWA,AZ,AWP,WE,Federal Contract Tower,7,10,13,2,32,0,60,242,14,316,7,70,255,16,348,394,20,414,762
09/25/2013,IWA,AZ,AWP,WE,Federal Contract Tower,7,8,11,3,29,0,55,226,10,291,7,63,237,13,320,461,20,481,801
09/26/2013,IWA,AZ,AWP,WE,Federal Contract Tower,37,8,11,2,58,0,14,152,4,170,37,22,163,6,228,231,6,237,465
09/27/2013,IWA,AZ,AWP,WE,Federal Contract Tower,24,6,15,0,45,0,38,240,4,282,24,44,255,4,327,349,0,349,676
09/28/2013,IWA,AZ,AWP,WE,Federal Contract Tower,4,1,6,1,12,0,35,251,6,292,4,36,257,7,304,330,3,333,637
09/29/2013,IWA,AZ,AWP,WE,Federal Contract Tower,38,1,9,2,50,0,13,175,2,190,38,14,184,4,240,154,0,154,394
09/30/2013,IWA,AZ,AWP,WE,Federal Contract Tower,25,5,12,0,42,0,29,191,2,222,25,34,203,2,264,429,2,431,695
10/01/2013,IWA,AZ,AWP,WE,Federal Contract Tower,7,8,11,0,26,0,37,200,0,237,7,45,211,0,263,360,0,360,623
10/02/2013,IWA,AZ,AWP,WE,Federal Contract Tower,10,8,11,2,31,0,47,250,2,299,10,55,261,4,330,449,8,457,787
10/03/2013,IWA,AZ,AWP,WE,Federal Contract Tower,43,6,6,1,56,0,32,227,1,260,43,38,233,2,316,552,2,554,870
10/04/2013,IWA,AZ,AWP,WE,Federal Contract Tower,27,12,15,6,60,0,33,240,1,274,27,45,255,7,334,222,0,222,556
10/05/2013,IWA,AZ,AWP,WE,Federal Contract Tower,6,3,13,7,29,0,16,163,9,188,6,19,176,16,217,309,0,309,526
10/06/2013,IWA,AZ,AWP,WE,Federal Contract Tower,37,4,13,1,55,0,25,144,5,174,37,29,157,6,229,241,1,242,471
10/07/2013,IWA,AZ,AWP,WE,Federal Contract Tower,30,13,21,1,65,0,34,160,0,194,30,47,181,1,259,355,0,355,614
10/08/2013,IWA,AZ,AWP,WE,Federal Contract Tower,7,8,15,1,31,0,40,182,2,224,7,48,197,3,255,471,8,479,734
10/09/2013,IWA,AZ,AWP,WE,Federal Contract Tower,7,12,11,1,31,0,14,93,4,111,7,26,104,5,142,161,0,161,303
10/10/2013,IWA,AZ,AWP,WE,Federal Contract Tower,38,8,22,0,68,0,25,180,0,205,38,33,202,0,273,334,0,334,607
10/11/2013,IWA,AZ,AWP,WE,Federal Contract Tower,33,10,22,14,79,0,30,190,1,221,33,40,212,15,300,465,0,465,765
10/12/2013,IWA,AZ,AWP,WE,Federal Contract Tower,2,4,14,10,30,0,28,173,11,212,2,32,187,21,242,252,0,252,494
10/13/2013,IWA,AZ,AWP,WE,Federal Contract Tower,37,6,18,0,61,0,5,114,0,119,37,11,132,0,180,138,0,138,318
10/14/2013,IWA,AZ,AWP,WE,Federal Contract Tower,31,7,12,6,56,0,22,156,1,179,31,29,168,7,235,333,0,333,568
10/15/2013,IWA,AZ,AWP,WE,Federal Contract Tower,7,7,15,0,29,0,28,211,0,239,7,35,226,0,268,452,0,452,720
10/16/2013,IWA,AZ,AWP,WE,Federal Contract Tower,5,8,12,2,27,0,36,245,2,283,5,44,257,4,310,457,0,457,767
10/17/2013,IWA,AZ,AWP,WE,Federal Contract Tower,39,11,19,2,71,0,30,265,2,297,39,41,284,4,368,478,0,478,846
10/18/2013,IWA,AZ,AWP,WE,Federal Contract Tower,33,8,13,5,59,0,32,208,4,244,33,40,221,9,303,299,19,318,621
10/19/2013,IWA,AZ,AWP,WE,Federal Contract Tower,2,2,6,0,10,0,15,178,1,194,2,17,184,1,204,251,0,251,455
10/20/2013,IWA,AZ,AWP,WE,Federal Contract Tower,37,6,5,0,48,0,4,110,0,114,37,10,115,0,162,150,0,150,312
10/21/2013,IWA,AZ,AWP,WE,Federal Contract Tower,33,5,20,0,58,1,42,144,0,187,34,47,164,0,245,240,0,240,485
10/22/2013,IWA,AZ,AWP,WE,Federal Contract Tower,6,9,7,2,24,0,39,204,2,245,6,48,211,4,269,505,0,505,774
10/23/2013,IWA,AZ,AWP,WE,Federal Contract Tower,5,7,10,0,22,0,44,179,1,224,5,51,189,1,246,311,0,311,557
10/24/2013,IWA,AZ,AWP,WE,Federal Contract Tower,40,10,21,4,75,0,39,319,14,372,40,49,340,18,447,326,28,354,801
10/25/2013,IWA,AZ,AWP,WE,Federal Contract Tower,34,11,16,26,87,0,23,229,5,257,34,34,245,31,344,324,6,330,674
10/26/2013,IWA,AZ,AWP,WE,Federal Contract Tower,2,2,8,3,15,0,14,250,11,275,2,16,258,14,290,319,0,319,609
10/27/2013,IWA,AZ,AWP,WE,Federal Contract Tower,36,3,8,13,60,0,5,164,3,172,36,8,172,16,232,249,0,249,481
10/28/2013,IWA,AZ,AWP,WE,Federal Contract Tower,32,8,16,5,61,0,28,148,11,187,32,36,164,16,248,227,16,243,491
10/29/2013,IWA,AZ,AWP,WE,Federal Contract Tower,9,11,15,10,45,0,39,274,12,325,9,50,289,22,370,431,12,443,813
10/30/2013,IWA,AZ,AWP,WE,Federal Contract Tower,10,7,15,6,38,0,58,275,10,343,10,65,290,16,381,510,24,534,915
10/31/2013,IWA,AZ,AWP,WE,Federal Contract Tower,32,13,11,3,59,0,35,187,2,224,32,48,198,5,283,500,0,500,783
11/01/2013,IWA,AZ,AWP,WE,Federal Contract Tower,35,8,18,13,74,0,64,241,12,317,35,72,259,25,391,356,5,361,752
11/02/2013,IWA,AZ,AWP,WE,Federal Contract Tower,4,8,9,3,24,0,36,179,8,223,4,44,188,11,247,348,0,348,595
11/03/2013,IWA,AZ,AWP,WE,Federal Contract Tower,32,5,8,2,47,0,11,145,1,157,32,16,153,3,204,252,0,252,456
11/04/2013,IWA,AZ,AWP,WE,Federal Contract Tower,36,10,25,5,76,0,36,168,6,210,36,46,193,11,286,168,20,188,474
11/05/2013,IWA,AZ,AWP,WE,Federal Contract Tower,7,8,19,7,41,0,52,208,6,266,7,60,227,13,307,283,16,299,606
11/06/2013,IWA,AZ,AWP,WE,Federal Contract Tower,12,8,12,7,39,0,55,246,7,308,12,63,258,14,347,298,18,316,663
11/07/2013,IWA,AZ,AWP,WE,Federal Contract Tower,37,7,19,9,72,0,42,185,11,238,37,49,204,20,310,485,28,513,823
11/08/2013,IWA,AZ,AWP,WE,Federal Contract Tower,36,10,23,10,79,0,44,194,4,242,36,54,217,14,321,447,16,463,784
11/09/2013,IWA,AZ,AWP,WE,Federal Contract Tower,4,4,15,3,26,0,47,222,2,271,4,51,237,5,297,316,0,316,613
11/10/2013,IWA,AZ,AWP,WE,Federal Contract Tower,36,6,15,3,60,0,19,162,0,181,36,25,177,3,241,242,0,242,483
11/11/2013,IWA,AZ,AWP,WE,Federal Contract Tower,33,12,8,1,54,0,44,212,1,257,33,56,220,2,311,411,0,411,722
11/12/2013,IWA,AZ,AWP,WE,Federal Contract Tower,8,10,10,2,30,0,36,140,0,176,8,46,150,2,206,503,0,503,709
11/13/2013,IWA,AZ,AWP,WE,Federal Contract Tower,12,12,13,5,42,0,39,164,6,209,12,51,177,11,251,533,37,570,821
11/14/2013,IWA,AZ,AWP,WE,Federal Contract Tower,38,14,19,0,71,0,63,218,3,284,38,77,237,3,355,461,0,461,816
11/15/2013,IWA,AZ,AWP,WE,Federal Contract Tower,41,10,18,11,80,0,14,123,4,141,41,24,141,15,221,361,0,361,582
11/16/2013,IWA,AZ,AWP,WE,Federal Contract Tower,4,8,11,5,28,0,54,202,13,269,4,62,213,18,297,319,2,321,618
11/17/2013,IWA,AZ,AWP,WE,Federal Contract Tower,34,6,8,1,49,0,7,160,10,177,34,13,168,11,226,351,2,353,579
11/18/2013,IWA,AZ,AWP,WE,Federal Contract Tower,38,8,8,0,54,0,53,213,0,266,38,61,221,0,320,339,0,339,659
11/19/2013,IWA,AZ,AWP,WE,Federal Contract Tower,9,17,10,0,36,0,45,214,4,263,9,62,224,4,299,369,2,371,670
11/20/2013,IWA,AZ,AWP,WE,Federal Contract Tower,12,18,14,0,44,0,54,258,2,314,12,72,272,2,358,543,6,549,907
11/21/2013,IWA,AZ,AWP,WE,Federal Contract Tower,36,12,15,2,65,0,40,147,2,189,36,52,162,4,254,378,0,378,632
11/22/2013,IWA,AZ,AWP,WE,Federal Contract Tower,40,26,28,10,104,0,0,2,0,2,40,26,30,10,106,0,0,0,106
11/23/2013,IWA,AZ,AWP,WE,Federal Contract Tower,4,3,9,7,23,0,10,62,5,77,4,13,71,12,100,116,0,116,216
11/24/2013,IWA,AZ,AWP,WE,Federal Contract Tower,39,5,16,4,64,0,8,76,3,87,39,13,92,7,151,415,0,415,566
11/25/2013,IWA,AZ,AWP,WE,Federal Contract Tower,34,3,26,0,63,0,40,222,3,265,34,43,248,3,328,321,4,325,653
11/26/2013,IWA,AZ,AWP,WE,Federal Contract Tower,30,11,14,4,59,0,38,175,0,213,30,49,189,4,272,297,0,297,569
11/27/2013,IWA,AZ,AWP,WE,Federal Contract Tower,45,10,11,0,66,0,30,81,6,117,45,40,92,6,183,138,4,142,325
11/28/2013,IWA,AZ,AWP,WE,Federal Contract Tower,20,5,0,0,25,0,0,11,8,19,20,5,11,8,44,0,0,0,44
11/29/2013,IWA,AZ,AWP,WE,Federal Contract Tower,9,6,5,0,20,0,22,71,12,105,9,28,76,12,125,131,0,131,256
11/30/2013,IWA,AZ,AWP,WE,Federal Contract Tower,34,19,14,0,67,0,23,110,0,133,34,42,124,0,200,213,0,213,413
12/01/2013,IWA,AZ,AWP,WE,Federal Contract Tower,40,8,17,1,66,0,12,158,0,170,40,20,175,1,236,294,0,294,530
12/02/2013,IWA,AZ,AWP,WE,Federal Contract Tower,30,13,10,3,56,0,46,128,3,177,30,59,138,6,233,246,6,252,485
12/03/2013,IWA,AZ,AWP,WE,Federal Contract Tower,15,11,18,4,48,0,45,159,7,211,15,56,177,11,259,256,0,256,515
12/04/2013,IWA,AZ,AWP,WE,Federal Contract Tower,11,10,18,7,46,0,27,149,4,180,11,37,167,11,226,243,2,245,471
12/05/2013,IWA,AZ,AWP,WE,Federal Contract Tower,31,15,16,3,65,0,42,212,10,264,31,57,228,13,329,366,7,373,702
12/06/2013,IWA,AZ,AWP,WE,Federal Contract Tower,39,13,20,10,82,0,42,239,8,289,39,55,259,18,371,379,1,380,751
12/07/2013,IWA,AZ,AWP,WE,Federal Contract Tower,11,10,13,2,36,0,30,168,12,210,11,40,181,14,246,339,0,339,585
12/08/2013,IWA,AZ,AWP,WE,Federal Contract Tower,30,7,18,0,55,0,13,133,6,152,30,20,151,6,207,153,0,153,360
12/09/2013,IWA,AZ,AWP,WE,Federal Contract Tower,32,9,13,0,54,0,49,163,1,213,32,58,176,1,267,417,0,417,684
12/10/2013,IWA,AZ,AWP,WE,Federal Contract Tower,4,12,13,2,31,0,44,206,2,252,4,56,219,4,283,438,16,454,737
12/11/2013,IWA,AZ,AWP,WE,Federal Contract Tower,16,10,16,3,45,0,36,215,6,257,16,46,231,9,302,399,15,414,716
12/12/2013,IWA,AZ,AWP,WE,Federal Contract Tower,31,15,9,3,58,0,48,174,3,225,31,63,183,6,283,457,4,461,744
12/13/2013,IWA,AZ,AWP,WE,Federal Contract Tower,36,11,21,10,78,0,34,209,5,248,36,45,230,15,326,366,3,369,695
12/14/2013,IWA,AZ,AWP,WE,Federal Contract Tower,10,4,13,10,37,0,33,203,14,250,10,37,216,24,287,294,0,294,581
12/15/2013,IWA,AZ,AWP,WE,Federal Contract Tower,30,2,13,1,46,0,20,166,4,190,30,22,179,5,236,292,0,292,528
12/16/2013,IWA,AZ,AWP,WE,Federal Contract Tower,31,8,14,2,55,0,37,172,0,209,31,45,186,2,264,323,0,323,587
12/17/2013,IWA,AZ,AWP,WE,Federal Contract Tower,4,10,15,1,30,0,56,227,0,283,4,66,242,1,313,294,0,294,607
12/18/2013,IWA,AZ,AWP,WE,Federal Contract Tower,18,8,19,4,49,0,57,198,7,262,18,65,217,11,311,354,8,362,673
12/19/2013,IWA,AZ,AWP,WE,Federal Contract Tower,35,11,10,5,61,0,37,166,2,205,35,48,176,7,266,342,2,344,610
12/20/2013,IWA,AZ,AWP,WE,Federal Contract Tower,38,7,7,0,52,0,36,120,8,164,38,43,127,8,216,342,0,342,558
12/21/2013,IWA,AZ,AWP,WE,Federal Contract Tower,37,3,15,0,55,0,51,151,1,203,37,54,166,1,258,285,0,285,543
12/22/2013,IWA,AZ,AWP,WE,Federal Contract Tower,38,8,3,0,49,0,28,72,0,100,38,36,75,0,149,113,0,113,262
12/23/2013,IWA,AZ,AWP,WE,Federal Contract Tower,40,8,10,0,58,0,46,77,0,123,40,54,87,0,181,239,0,239,420
12/24/2013,IWA,AZ,AWP,WE,Federal Contract Tower,38,3,4,0,45,0,23,34,0,57,38,26,38,0,102,66,0,66,168
12/25/2013,IWA,AZ,AWP,WE,Federal Contract Tower,6,2,2,0,10,0,10,9,0,19,6,12,11,0,29,12,0,12,41
12/26/2013,IWA,AZ,AWP,WE,Federal Contract Tower,44,3,8,0,55,0,38,32,0,70,44,41,40,0,125,85,0,85,210
12/27/2013,IWA,AZ,AWP,WE,Federal Contract Tower,42,11,12,0,65,0,32,105,0,137,42,43,117,0,202,309,0,309,511
12/28/2013,IWA,AZ,AWP,WE,Federal Contract Tower,39,5,11,0,55,0,37,136,0,173,39,42,147,0,228,352,0,352,580
12/29/2013,IWA,AZ,AWP,WE,Federal Contract Tower,43,2,11,0,56,0,15,107,0,122,43,17,118,0,178,226,0,226,404
12/30/2013,IWA,AZ,AWP,WE,Federal Contract Tower,37,5,15,1,58,0,54,117,2,173,37,59,132,3,231,351,2,353,584
12/31/2013,IWA,AZ,AWP,WE,Federal Contract Tower,23,3,8,0,34,0,33,133,8,174,23,36,141,8,208,172,0,172,380
01/01/2014,IWA,AZ,AWP,WE,Federal Contract Tower,22,2,4,0,28,0,6,31,0,37,22,8,35,0,65,10,0,10,75
01/02/2014,IWA,AZ,AWP,WE,Federal Contract Tower,39,2,15,6,62,0,24,149,2,175,39,26,164,8,237,239,0,239,476
01/03/2014,IWA,AZ,AWP,WE,Federal Contract Tower,39,3,7,2,51,0,42,180,0,222,39,45,187,2,273,275,0,275,548
01/04/2014,IWA,AZ,AWP,WE,Federal Contract Tower,32,3,12,0,47,0,24,155,0,179,32,27,167,0,226,257,0,257,483
01/05/2014,IWA,AZ,AWP,WE,Federal Contract Tower,32,3,8,1,44,0,3,141,1,145,32,6,149,2,189,160,0,160,349
01/06/2014,IWA,AZ,AWP,WE,Federal Contract Tower,35,9,15,12,71,0,42,206,7,255,35,51,221,19,326,419,4,423,749
01/07/2014,IWA,AZ,AWP,WE,Federal Contract Tower,9,8,12,7,36,0,34,197,20,251,9,42,209,27,287,325,33,358,645
01/08/2014,IWA,AZ,AWP,WE,Federal Contract Tower,21,11,18,5,55,0,47,206,5,258,21,58,224,10,313,425,15,440,753
01/09/2014,IWA,AZ,AWP,WE,Federal Contract Tower,38,10,22,0,70,0,39,141,6,186,38,49,163,6,256,260,0,260,516
01/10/2014,IWA,AZ,AWP,WE,Federal Contract Tower,40,11,13,10,74,0,32,171,14,217,40,43,184,24,291,364,12,376,667
01/11/2014,IWA,AZ,AWP,WE,Federal Contract Tower,14,0,13,4,31,0,40,236,19,295,14,40,249,23,326,358,0,358,684
01/12/2014,IWA,AZ,AWP,WE,Federal Contract Tower,35,2,5,3,45,0,25,155,12,192,35,27,160,15,237,263,0,263,500
01/13/2014,IWA,AZ,AWP,WE,Federal Contract Tower,31,6,18,6,61,0,23,112,3,138,31,29,130,9,199,238,0,238,437
01/14/2014,IWA,AZ,AWP,WE,Federal Contract Tower,8,12,17,1,38,0,37,175,6,218,8,49,192,7,256,302,3,305,561
01/15/2014,IWA,AZ,AWP,WE,Federal Contract Tower,18,8,12,14,52,0,41,190,1,232,18,49,202,15,284,363,0,363,647
01/16/2014,IWA,AZ,AWP,WE,Federal Contract Tower,35,14,12,0,61,0,47,211,4,262,35,61,223,4,323,300,0,300,623
01/17/2014,IWA,AZ,AWP,WE,Federal Contract Tower,38,11,17,5,71,0,50,169,4,223,38,61,186,9,294,331,0,331,625
01/18/2014,IWA,AZ,AWP,WE,Federal Contract Tower,14,5,27,7,53,0,34,177,1,212,14,39,204,8,265,339,0,339,604
01/19/2014,IWA,AZ,AWP,WE,Federal Contract Tower,29,4,9,3,45,0,10,95,2,107,29,14,104,5,152,177,0,177,329
01/20/2014,IWA,AZ,AWP,WE,Federal Contract Tower,41,10,17,2,70,0,40,172,0,212,41,50,189,2,282,343,1,344,626
01/21/2014,IWA,AZ,AWP,WE,Federal Contract Tower,7,11,9,9,36,0,32,136,10,178,7,43,145,19,214,377,51,428,642
01/22/2014,IWA,AZ,AWP,WE,Federal Contract Tower,19,16,14,8,57,0,43,227,0,270,19,59,241,8,327,433,10,443,770
01/23/2014,IWA,AZ,AWP,WE,Federal Contract Tower,33,18,16,10,77,0,53,237,9,299,33,71,253,19,376,542,20,562,938
01/24/2014,IWA,AZ,AWP,WE,Federal Contract Tower,40,6,12,12,70,0,51,245,7,303,40,57,257,19,373,608,48,656,1029
01/25/2014,IWA,AZ,AWP,WE,Federal Contract Tower,12,3,24,1,40,0,38,212,7,257,12,41,236,8,297,343,0,343,640
01/26/2014,IWA,AZ,AWP,WE,Federal Contract Tower,31,3,16,6,56,0,31,174,8,213,31,34,190,14,269,334,0,334,603
01/27/2014,IWA,AZ,AWP,WE,Federal Contract Tower,41,16,23,2,82,0,45,251,3,299,41,61,274,5,381,363,8,371,752
01/28/2014,IWA,AZ,AWP,WE,Federal Contract Tower,10,11,16,2,39,0,49,290,6,345,10,60,306,8,384,607,28,635,1019
01/29/2014,IWA,AZ,AWP,WE,Federal Contract Tower,18,8,11,14,51,0,52,287,2,341,18,60,298,16,392,507,46,553,945
01/30/2014,IWA,AZ,AWP,WE,Federal Contract Tower,38,13,18,15,84,0,29,269,11,309,38,42,287,26,393,368,28,396,789
01/31/2014,IWA,AZ,AWP,WE,Federal Contract Tower,38,9,14,6,67,0,30,258,3,291,38,39,272,9,358,258,2,260,618
02/01/2014,IWA,AZ,AWP,WE,Federal Contract Tower,17,4,14,0,35,0,45,211,2,258,17,49,225,2,293,316,0,316,609
02/02/2014,IWA,AZ,AWP,WE,Federal Contract Tower,34,3,11,0,48,0,25,134,0,159,34,28,145,0,207,262,0,262,469
02/03/2014,IWA,AZ,AWP,WE,Federal Contract Tower,41,9,17,4,71,0,58,189,0,247,41,67,206,4,318,410,8,418,736
02/04/2014,IWA,AZ,AWP,WE,Federal Contract Tower,7,10,20,0,37,0,68,186,4,258,7,78,206,4,295,453,22,475,770
02/05/2014,IWA,AZ,AWP,WE,Federal Contract Tower,19,13,15,0,47,0,61,225,7,293,19,74,240,7,340,353,52,405,745
02/06/2014,IWA,AZ,AWP,WE,Federal Contract Tower,39,9,8,0,56,0,53,221,2,276,39,62,229,2,332,480,8,488,820
02/07/2014,IWA,AZ,AWP,WE,Federal Contract Tower,41,10,34,10,95,0,38,211,8,257,41,48,245,18,352,398,4,402,754
02/08/2014,IWA,AZ,AWP,WE,Federal Contract Tower,12,4,20,4,40,0,45,201,6,252,12,49,221,10,292,480,0,480,772
02/09/2014,IWA,AZ,AWP,WE,Federal Contract Tower,35,2,15,3,55,0,23,153,5,181,35,25,168,8,236,332,26,358,594
02/10/2014,IWA,AZ,AWP,WE,Federal Contract Tower,39,7,16,1,63,0,35,202,4,241,39,42,218,5,304,418,6,424,728
02/11/2014,IWA,AZ,AWP,WE,Federal Contract Tower,7,13,20,6,46,0,55,295,9,359,7,68,315,15,405,589,4,593,998
02/12/2014,IWA,AZ,AWP,WE,Federal Contract Tower,37,8,23,10,78,0,39,327,5,371,37,47,350,15,449,547,10,557,1006
02/13/2014,IWA,AZ,AWP,WE,Federal Contract Tower,37,12,20,1,70,0,51,253,4,308,37,63,273,5,378,398,22,420,798
02/14/2014,IWA,AZ,AWP,WE,Federal Contract Tower,38,8,17,8,71,0,44,278,6,328,38,52,295,14,399,0,0,0,399
02/15/2014,IWA,AZ,AWP,WE,Federal Contract Tower,20,7,14,1,42,0,51,158,11,220,20,58,172,12,262,387,0,387,649
02/16/2014,IWA,AZ,AWP,WE,Federal Contract Tower,35,4,13,3,55,0,18,102,4,124,35,22,115,7,179,250,0,250,429
02/17/2014,IWA,AZ,AWP,WE,Federal Contract Tower,36,5,24,1,66,0,43,246,0,289,36,48,270,1,355,375,0,375,730
02/18/2014,IWA,AZ,AWP,WE,Federal Contract Tower,17,11,23,5,56,0,53,269,14,336,17,64,292,19,392,478,0,478,870
02/19/2014,IWA,AZ,AWP,WE,Federal Contract Tower,35,6,11,5,57,0,32,253,6,291,35,38,264,11,348,634,19,653,1001
02/20/2014,IWA,AZ,AWP,WE,Federal Contract Tower,32,15,21,7,75,0,51,227,6,284,32,66,248,13,359,640,9,649,1008
02/21/2014,IWA,AZ,AWP,WE,Federal Contract Tower,38,6,16,4,64,0,46,219,7,272,38,52,235,11,336,423,2,425,761
02/22/2014,IWA,AZ,AWP,WE,Federal Contract Tower,25,5,13,5,48,0,27,171,28,226,25,32,184,33,274,396,0,396,670
02/23/2014,IWA,AZ,AWP,WE,Federal Contract Tower,39,2,20,2,63,0,14,149,29,192,39,16,169,31,255,210,2,212,467
02/24/2014,IWA,AZ,AWP,WE,Federal Contract Tower,35,9,20,3,67,0,58,205,2,265,35,67,225,5,332,469,0,469,801
02/25/2014,IWA,AZ,AWP,WE,Federal Contract Tower,18,11,26,7,62,0,55,228,5,288,18,66,254,12,350,403,15,418,768
02/26/2014,IWA,AZ,AWP,WE,Federal Contract Tower,39,7,11,0,57,0,64,208,1,273,39,71,219,1,330,446,0,446,776
02/27/2014,IWA,AZ,AWP,WE,Federal Contract Tower,41,12,12,4,69,0,39,164,9,212,41,51,176,13,281,407,14,421,702
02/28/2014,IWA,AZ,AWP,WE,Federal Contract Tower,47,6,17,4,74,0,44,166,12,222,47,50,183,16,296,438,4,442,738
03/01/2014,IWA,AZ,AWP,WE,Federal Contract Tower,19,9,13,9,50,0,0,39,1,40,19,9,52,10,90,80,0,80,170
03/02/2014,IWA,AZ,AWP,WE,Federal Contract Tower,42,6,30,8,86,0,18,147,11,176,42,24,177,19,262,340,0,340,602
03/03/2014,IWA,AZ,AWP,WE,Federal Contract Tower,38,9,15,5,67,0,53,210,1,264,38,62,225,6,331,511,0,511,842
03/04/2014,IWA,AZ,AWP,WE,Federal Contract Tower,18,8,24,4,54,0,49,231,4,284,18,57,255,8,338,522,10,532,870
03/05/2014,IWA,AZ,AWP,WE,Federal Contract Tower,38,12,12,4,66,0,43,278,9,330,38,55,290,13,396,567,24,591,987
03/06/2014,IWA,AZ,AWP,WE,Federal Contract Tower,33,13,19,7,72,0,26,290,2,318,33,39,309,9,390,678,24,702,1092
03/07/2014,IWA,AZ,AWP,WE,Federal Contract Tower,46,9,27,12,94,0,31,206,11,248,46,40,233,23,342,404,2,406,748
03/08/2014,IWA,AZ,AWP,WE,Federal Contract Tower,32,10,21,33,96,0,28,172,13,213,32,38,193,46,309,102,0,102,411
03/09/2014,IWA,AZ,AWP,WE,Federal Contract Tower,44,5,24,5,78,0,15,106,9,130,44,20,130,14,208,185,0,185,393
03/10/2014,IWA,AZ,AWP,WE,Federal Contract Tower,42,12,19,9,82,0,48,167,2,217,42,60,186,11,299,436,31,467,766
03/11/2014,IWA,AZ,AWP,WE,Federal Contract Tower,21,11,20,7,59,0,56,215,0,271,21,67,235,7,330,428,22,450,780
03/12/2014,IWA,AZ,AWP,WE,Federal Contract Tower,39,6,18,9,72,0,63,250,5,318,39,69,268,14,390,620,45,665,1055
03/13/2014,IWA,AZ,AWP,WE,Federal Contract Tower,38,10,15,3,66,0,52,148,3,203,38,62,163,6,269,443,10,453,722
03/14/2014,IWA,AZ,AWP,WE,Federal Contract Tower,45,12,15,14,86,0,33,215,15,263,45,45,230,29,349,455,84,539,888
03/15/2014,IWA,AZ,AWP,WE,Federal Contract Tower,33,3,11,5,52,0,21,118,0,139,33,24,129,5,191,324,0,324,515
03/16/2014,IWA,AZ,AWP,WE,Federal Contract Tower,43,7,12,6,68,0,28,141,7,176,43,35,153,13,244,251,1,252,496
03/17/2014,IWA,AZ,AWP,WE,Federal Contract Tower,36,10,16,4,66,0,35,152,1,188,36,45,168,5,254,299,0,299,553
03/18/2014,IWA,AZ,AWP,WE,Federal Contract Tower,24,9,12,0,45,0,44,303,6,353,24,53,315,6,398,476,26,502,900
03/19/2014,IWA,AZ,AWP,WE,Federal Contract Tower,44,8,26,3,81,0,35,232,16,283,44,43,258,19,364,442,54,496,860
03/20/2014,IWA,AZ,AWP,WE,Federal Contract Tower,37,8,15,6,66,0,22,241,10,273,37,30,256,16,339,483,27,510,849
03/21/2014,IWA,AZ,AWP,WE,Federal Contract Tower,43,10,19,20,92,0,56,216,7,279,43,66,235,27,371,450,5,455,826
03/22/2014,IWA,AZ,AWP,WE,Federal Contract Tower,40,3,25,11,79,0,33,203,3,239,40,36,228,14,318,356,0,356,674
03/23/2014,IWA,AZ,AWP,WE,Federal Contract Tower,46,5,15,4,70,0,16,139,0,155,46,21,154,4,225,226,1,227,452
03/24/2014,IWA,AZ,AWP,WE,Federal Contract Tower,40,9,9,0,58,0,41,198,4,243,40,50,207,4,301,298,6,304,605
03/25/2014,IWA,AZ,AWP,WE,Federal Contract Tower,21,13,26,3,63,0,46,166,6,218,21,59,192,9,281,284,4,288,569
03/26/2014,IWA,AZ,AWP,WE,Federal Contract Tower,43,7,14,4,68,0,47,137,2,186,43,54,151,6,254,263,11,274,528
03/27/2014,IWA,AZ,AWP,WE,Federal Contract Tower,36,12,13,1,62,0,52,248,3,303,36,64,261,4,365,448,0,448,813
03/28/2014,IWA,AZ,AWP,WE,Federal Contract Tower,42,11,15,12,80,0,31,233,5,269,42,42,248,17,349,418,4,422,771
03/29/2014,IWA,AZ,AWP,WE,Federal Contract Tower,33,3,16,2,54,0,46,213,6,265,33,49,229,8,319,417,0,417,736
03/30/2014,IWA,AZ,AWP,WE,Federal Contract Tower,41,3,10,12,66,0,14,125,2,141,41,17,135,14,207,230,0,230,437
03/31/2014,IWA,AZ,AWP,WE,Federal Contract Tower,29,7,25,1,62,0,30,168,1,199,29,37,193,2,261,413,0,413,674
04/01/2014,IWA,AZ,AWP,WE,Federal Contract Tower,23,9,8,0,40,0,31,198,7,236,23,40,206,7,276,287,7,294,570
04/02/2014,IWA,AZ,AWP,WE,Federal Contract Tower,27,10,22,6,65,0,15,199,4,218,27,25,221,10,283,174,16,190,473
04/03/2014,IWA,AZ,AWP,WE,Federal Contract Tower,36,10,21,7,74,0,38,222,3,263,36,48,243,10,337,439,0,439,776
04/04/2014,IWA,AZ,AWP,WE,Federal Contract Tower,43,9,20,14,86,0,53,243,4,300,43,62,263,18,386,470,6,476,862
04/05/2014,IWA,AZ,AWP,WE,Federal Contract Tower,20,5,11,8,44,0,24,195,8,227,20,29,206,16,271,376,0,376,647
04/06/2014,IWA,AZ,AWP,WE,Federal Contract Tower,39,5,19,7,70,0,7,152,5,164,39,12,171,12,234,363,0,363,597
04/07/2014,IWA,AZ,AWP,WE,Federal Contract Tower,34,6,11,4,55,0,32,172,37,241,34,38,183,41,296,541,3,544,840
04/08/2014,IWA,AZ,AWP,WE,Federal Contract Tower,14,7,15,18,54,0,47,194,3,244,14,54,209,21,298,489,14,503,801
04/09/2014,IWA,AZ,AWP,WE,Federal Contract Tower,19,6,18,2,45,0,74,188,4,266,19,80,206,6,311,536,26,562,873
04/10/2014,IWA,AZ,AWP,WE,Federal Contract Tower,35,7,14,12,68,0,26,189,2,217,35,33,203,14,285,358,22,380,665
04/11/2014,IWA,AZ,AWP,WE,Federal Contract Tower,41,9,20,2,72,0,50,186,20,256,41,59,206,22,328,379,14,393,721
04/12/2014,IWA,AZ,AWP,WE,Federal Contract Tower,8,2,17,0,27,1,65,126,16,208,9,67,143,16,235,285,27,312,547
04/13/2014,IWA,AZ,AWP,WE,Federal Contract Tower,35,3,16,2,56,0,27,127,8,162,35,30,143,10,218,244,1,245,463
04/14/2014,IWA,AZ,AWP,WE,Federal Contract Tower,33,6,16,0,55,0,43,146,2,191,33,49,162,2,246,299,32,331,577
04/15/2014,IWA,AZ,AWP,WE,Federal Contract Tower,10,10,22,8,50,0,40,181,4,225,10,50,203,12,275,393,76,469,744
04/16/2014,IWA,AZ,AWP,WE,Federal Contract Tower,19,7,28,9,63,0,63,185,7,255,19,70,213,16,318,367,9,376,694
04/17/2014,IWA,AZ,AWP,WE,Federal Contract Tower,36,13,18,2,69,0,68,170,13,251,36,81,188,15,320,275,16,291,611
04/18/2014,IWA,AZ,AWP,WE,Federal Contract Tower,38,10,20,7,75,0,48,149,19,216,38,58,169,26,291,237,9,246,537
04/19/2014,IWA,AZ,AWP,WE,Federal Contract Tower,8,4,16,0,28,0,29,105,0,134,8,33,121,0,162,287,0,287,449
04/20/2014,IWA,AZ,AWP,WE,Federal Contract Tower,38,4,15,0,57,0,29,107,0,136,38,33,122,0,193,215,0,215,408
04/21/2014,IWA,AZ,AWP,WE,Federal Contract Tower,35,8,14,1,58,0,51,184,3,238,35,59,198,4,296,377,14,391,687
04/22/2014,IWA,AZ,AWP,WE,Federal Contract Tower,8,10,16,11,45,0,55,162,15,232,8,65,178,26,277,389,12,401,678
04/23/2014,IWA,AZ,AWP,WE,Federal Contract Tower,20,10,25,1,56,0,54,194,2,250,20,64,219,3,306,411,0,411,717
04/24/2014,IWA,AZ,AWP,WE,Federal Contract Tower,34,9,18,11,72,0,71,168,15,254,34,80,186,26,326,323,18,341,667
04/25/2014,IWA,AZ,AWP,WE,Federal Contract Tower,38,5,23,9,75,0,43,156,5,204,38,48,179,14,279,232,4,236,515
04/26/2014,IWA,AZ,AWP,WE,Federal Contract Tower,6,3,12,0,21,0,17,56,0,73,6,20,68,0,94,105,0,105,199
04/27/2014,IWA,AZ,AWP,WE,Federal Contract Tower,34,5,18,1,58,0,31,119,2,152,34,36,137,3,210,307,0,307,517
04/28/2014,IWA,AZ,AWP,WE,Federal Contract Tower,32,13,16,17,78,0,70,150,0,220,32,83,166,17,298,456,0,456,754
04/29/2014,IWA,AZ,AWP,WE,Federal Contract Tower,5,12,8,0,25,0,36,101,12,149,5,48,109,12,174,77,0,77,251
04/30/2014,IWA,AZ,AWP,WE,Federal Contract Tower,16,11,1,7,35,0,25,95,0,120,16,36,96,7,155,133,0,133,288
05/01/2014,IWA,AZ,AWP,WE,Federal Contract Tower,33,9,12,13,67,0,40,98,3,141,33,49,110,16,208,355,14,369,577
05/02/2014,IWA,AZ,AWP,WE,Federal Contract Tower,35,8,14,4,61,0,84,206,32,322,35,92,220,36,383,823,4,827,1210
05/03/2014,IWA,AZ,AWP,WE,Federal Contract Tower,9,3,14,0,26,0,74,146,42,262,9,77,160,42,288,723,3,726,1014
05/04/2014,IWA,AZ,AWP,WE,Federal Contract Tower,38,4,17,8,67,0,28,156,29,213,38,32,173,37,280,475,0,475,755
05/05/2014,IWA,AZ,AWP,WE,Federal Contract Tower,36,7,11,6,60,0,65,125,3,193,36,72,136,9,253,366,8,374,627
05/06/2014,IWA,AZ,AWP,WE,Federal Contract Tower,8,11,9,0,28,0,60,119,10,189,8,71,128,10,217,192,4,196,413
05/07/2014,IWA,AZ,AWP,WE,Federal Contract Tower,17,10,11,12,50,0,80,231,6,317,17,90,242,18,367,684,14,698,1065
05/08/2014,IWA,AZ,AWP,WE,Federal Contract Tower,30,13,18,4,65,0,98,192,1,291,30,111,210,5,356,650,12,662,1018
05/09/2014,IWA,AZ,AWP,WE,Federal Contract Tower,46,7,21,3,77,0,75,162,7,244,46,82,183,10,321,542,16,558,879
05/10/2014,IWA,AZ,AWP,WE,Federal Contract Tower,8,1,14,4,27,0,46,220,25,291,8,47,234,29,318,364,0,364,682
05/11/2014,IWA,AZ,AWP,WE,Federal Contract Tower,36,6,14,0,56,0,12,41,7,60,36,18,55,7,116,23,0,23,139
05/12/2014,IWA,AZ,AWP,WE,Federal Contract Tower,36,5,11,6,58,0,46,173,5,224,36,51,184,11,282,415,7,422,704
05/13/2014,IWA,AZ,AWP,WE,Federal Contract Tower,7,9,13,2,31,0,43,77,2,122,7,52,90,4,153,230,2,232,385
05/14/2014,IWA,AZ,AWP,WE,Federal Contract Tower,16,6,26,8,56,0,24,95,13,132,16,30,121,21,188,224,35,259,447
05/15/2014,IWA,AZ,AWP,WE,Federal Contract Tower,37,9,21,1,68,0,96,193,2,291,37,105,214,3,359,654,0,654,1013
05/16/2014,IWA,AZ,AWP,WE,Federal Contract Tower,39,7,10,7,63,0,52,183,6,241,39,59,193,13,304,614,26,640,944
05/17/2014,IWA,AZ,AWP,WE,Federal Contract Tower,6,1,20,0,27,0,62,100,11,173,6,63,120,11,200,350,0,350,550
05/18/2014,IWA,AZ,AWP,WE,Federal Contract Tower,42,4,11,2,59,0,42,116,16,174,42,46,127,18,233,287,0,287,520
05/19/2014,IWA,AZ,AWP,WE,Federal Contract Tower,36,4,18,3,61,0,54,83,1,138,36,58,101,4,199,342,0,342,541
05/20/2014,IWA,AZ,AWP,WE,Federal Contract Tower,6,9,15,6,36,0,81,166,14,261,6,90,181,20,297,439,19,458,755
05/21/2014,IWA,AZ,AWP,WE,Federal Contract Tower,17,12,22,9,60,0,104,157,9,270,17,116,179,18,330,467,45,512,842
05/22/2014,IWA,AZ,AWP,WE,Federal Contract Tower,38,9,11,10,68,0,93,188,10,291,38,102,199,20,359,606,3,609,968
05/23/2014,IWA,AZ,AWP,WE,Federal Contract Tower,44,7,9,2,62,0,80,148,4,232,44,87,157,6,294,591,3,594,888
05/24/2014,IWA,AZ,AWP,WE,Federal Contract Tower,10,4,9,1,24,0,65,127,0,192,10,69,136,1,216,512,0,512,728
05/25/2014,IWA,AZ,AWP,WE,Federal Contract Tower,38,1,7,0,46,0,60,108,0,168,38,61,115,0,214,442,0,442,656
05/26/2014,IWA,AZ,AWP,WE,Federal Contract Tower,41,4,14,0,59,0,40,130,0,170,41,44,144,0,229,376,0,376,605
05/27/2014,IWA,AZ,AWP,WE,Federal Contract Tower,13,7,16,5,41,0,93,192,0,285,13,100,208,5,326,534,0,534,860
05/28/2014,IWA,AZ,AWP,WE,Federal Contract Tower,17,10,16,7,50,0,114,187,7,308,17,124,203,14,358,632,14,646,1004
05/29/2014,IWA,AZ,AWP,WE,Federal Contract Tower,40,9,19,5,73,0,77,83,4,164,40,86,102,9,237,483,0,483,720
05/30/2014,IWA,AZ,AWP,WE,Federal Contract Tower,44,10,11,15,80,0,79,160,1,240,44,89,171,16,320,519,6,525,845
05/31/2014,IWA,AZ,AWP,WE,Federal Contract Tower,4,3,12,1,20,0,48,126,7,181,4,51,138,8,201,365,0,365,566
06/01/2014,IWA,AZ,AWP,WE,Federal Contract Tower,40,5,15,0,60,0,35,72,10,117,40,40,87,10,177,221,0,221,398
06/02/2014,IWA,AZ,AWP,WE,Federal Contract Tower,43,11,7,4,65,0,81,137,1,219,43,92,144,5,284,441,3,444,728
06/03/2014,IWA,AZ,AWP,WE,Federal Contract Tower,8,9,19,0,36,0,100,164,4,268,8,109,183,4,304,387,8,395,699
06/04/2014,IWA,AZ,AWP,WE,Federal Contract Tower,19,7,17,8,51,0,88,188,1,277,19,95,205,9,328,390,44,434,762
06/05/2014,IWA,AZ,AWP,WE,Federal Contract Tower,35,10,16,0,61,0,101,144,0,245,35,111,160,0,306,383,0,383,689
06/06/2014,IWA,AZ,AWP,WE,Federal Contract Tower,38,8,13,14,73,0,66,150,1,217,38,74,163,15,290,358,3,361,651
06/07/2014,IWA,AZ,AWP,WE,Federal Contract Tower,4,1,12,1,18,0,48,91,1,140,4,49,103,2,158,216,6,222,380
06/08/2014,IWA,AZ,AWP,WE,Federal Contract Tower,39,1,11,7,58,0,38,54,0,92,39,39,65,7,150,81,0,81,231
06/09/2014,IWA,AZ,AWP,WE,Federal Contract Tower,41,10,11,0,62,0,76,130,4,210,41,86,141,4,272,316,0,316,588
06/10/2014,IWA,AZ,AWP,WE,Federal Contract Tower,8,13,12,0,33,0,72,170,4,246,8,85,182,4,279,307,4,311,590
06/11/2014,IWA,AZ,AWP,WE,Federal Contract Tower,25,9,15,4,53,0,99,181,0,280,25,108,196,4,333,348,0,348,681
06/12/2014,IWA,AZ,AWP,WE,Federal Contract Tower,40,18,8,8,74,0,63,178,2,243,40,81,186,10,317,425,4,429,746
06/13/2014,IWA,AZ,AWP,WE,Federal Contract Tower,38,9,11,2,60,0,80,166,4,250,38,89,177,6,310,408,0,408,718
06/14/2014,IWA,AZ,AWP,WE,Federal Contract Tower,7,4,21,11,43,0,66,110,10,186,7,70,131,21,229,236,8,244,473
06/15/2014,IWA,AZ,AWP,WE,Federal Contract Tower,40,2,11,2,55,0,81,63,8,152,40,83,74,10,207,315,2,317,524
06/16/2014,IWA,AZ,AWP,WE,Federal Contract Tower,37,5,11,0,53,0,69,132,0,201,37,74,143,0,254,359,0,359,613
06/17/2014,IWA,AZ,AWP,WE,Federal Contract Tower,14,10,13,4,41,0,65,181,4,250,14,75,194,8,291,542,0,542,833
06/18/2014,IWA,AZ,AWP,WE,Federal Contract Tower,31,8,14,0,53,0,82,166,5,253,31,90,180,5,306,389,2,391,697
06/19/2014,IWA,AZ,AWP,WE,Federal Contract Tower,41,7,14,0,62,0,70,153,2,225,41,77,167,2,287,554,18,572,859
06/20/2014,IWA,AZ,AWP,WE,Federal Contract Tower,42,10,16,0,68,0,58,171,3,232,42,68,187,3,300,666,0,666,966
06/21/2014,IWA,AZ,AWP,WE,Federal Contract Tower,12,9,9,0,30,0,57,120,11,188,12,66,129,11,218,352,0,352,570
06/22/2014,IWA,AZ,AWP,WE,Federal Contract Tower,32,4,12,0,48,0,45,114,11,170,32,49,126,11,218,254,0,254,472
06/23/2014,IWA,AZ,AWP,WE,Federal Contract Tower,46,7,11,0,64,0,75,149,4,228,46,82,160,4,292,424,12,436,728
06/24/2014,IWA,AZ,AWP,WE,Federal Contract Tower,13,11,15,4,43,0,99,135,5,239,13,110,150,9,282,477,3,480,762
06/25/2014,IWA,AZ,AWP,WE,Federal Contract Tower,31,8,10,3,52,0,91,151,16,258,31,99,161,19,310,518,76,594,904
06/26/2014,IWA,AZ,AWP,WE,Federal Contract Tower,41,7,16,0,64,0,76,146,0,222,41,83,162,0,286,407,0,407,693
06/27/2014,IWA,AZ,AWP,WE,Federal Contract Tower,42,8,16,10,76,0,61,195,9,265,42,69,211,19,341,396,0,396,737
06/28/2014,IWA,AZ,AWP,WE,Federal Contract Tower,15,1,10,2,28,0,60,83,15,158,15,61,93,17,186,260,2,262,448
06/29/2014,IWA,AZ,AWP,WE,Federal Contract Tower,39,0,13,1,53,0,33,87,9,129,39,33,100,10,182,214,0,214,396
06/30/2014,IWA,AZ,AWP,WE,Federal Contract Tower,39,3,16,0,58,0,43,147,2,192,39,46,163,2,250,357,0,357,607
07/01/2014,IWA,AZ,AWP,WE,Federal Contract Tower,16,8,43,2,69,0,77,124,1,202,16,85,167,3,271,380,8,388,659
07/02/2014,IWA,AZ,AWP,WE,Federal Contract Tower,28,16,51,7,102,0,51,150,8,209,28,67,201,15,311,394,14,408,719
07/03/2014,IWA,AZ,AWP,WE,Federal Contract Tower,37,4,41,8,90,0,42,89,3,134,37,46,130,11,224,228,27,255,479
07/04/2014,IWA,AZ,AWP,WE,Federal Contract Tower,37,4,24,0,65,0,5,54,0,59,37,9,78,0,124,51,0,51,175
07/05/2014,IWA,AZ,AWP,WE,Federal Contract Tower,23,5,13,0,41,0,42,42,0,84,23,47,55,0,125,127,0,127,252
07/06/2014,IWA,AZ,AWP,WE,Federal Contract Tower,36,4,15,1,56,0,37,65,0,102,36,41,80,1,158,172,0,172,330
07/07/2014,IWA,AZ,AWP,WE,Federal Contract Tower,38,15,27,2,82,0,59,97,0,156,38,74,124,2,238,239,10,249,487
07/08/2014,IWA,AZ,AWP,WE,Federal Contract Tower,17,15,34,11,77,0,64,123,14,201,17,79,157,25,278,329,58,387,665
07/09/2014,IWA,AZ,AWP,WE,Federal Contract Tower,25,10,48,27,110,0,69,129,36,234,25,79,177,63,344,288,63,351,695
07/10/2014,IWA,AZ,AWP,WE,Federal Contract Tower,39,19,45,16,119,0,76,115,7,198,39,95,160,23,317,362,11,373,690
07/11/2014,IWA,AZ,AWP,WE,Federal Contract Tower,42,17,47,15,121,0,52,109,4,165,42,69,156,19,286,293,25,318,604
07/12/2014,IWA,AZ,AWP,WE,Federal Contract Tower,16,6,13,0,35,0,50,54,11,115,16,56,67,11,150,211,0,211,361
07/13/2014,IWA,AZ,AWP,WE,Federal Contract Tower,40,2,15,1,58,0,25,48,13,86,40,27,63,14,144,145,0,145,289
07/14/2014,IWA,AZ,AWP,WE,Federal Contract Tower,37,11,40,7,95,0,33,98,1,132,37,44,138,8,227,233,4,237,464
07/15/2014,IWA,AZ,AWP,WE,Federal Contract Tower,13,10,11,2,36,0,68,96,0,164,13,78,107,2,200,380,0,380,580
07/16/2014,IWA,AZ,AWP,WE,Federal Contract Tower,26,16,39,2,83,0,65,113,4,182,26,81,152,6,265,242,8,250,515
07/17/2014,IWA,AZ,AWP,WE,Federal Contract Tower,40,14,36,1,91,0,70,140,6,216,40,84,176,7,307,296,40,336,643
07/18/2014,IWA,AZ,AWP,WE,Federal Contract Tower,40,11,28,14,93,0,52,137,4,193,40,63,165,18,286,346,0,346,632
07/19/2014,IWA,AZ,AWP,WE,Federal Contract Tower,16,8,16,6,46,0,59,83,6,148,16,67,99,12,194,318,0,318,512
07/20/2014,IWA,AZ,AWP,WE,Federal Contract Tower,35,3,23,0,61,0,52,68,6,126,35,55,91,6,187,222,0,222,409
07/21/2014,IWA,AZ,AWP,WE,Federal Contract Tower,37,11,21,6,75,0,67,101,1,169,37,78,122,7,244,322,0,322,566
07/22/2014,IWA,AZ,AWP,WE,Federal Contract Tower,10,14,27,2,53,0,75,126,7,208,10,89,153,9,261,382,60,442,703
07/23/2014,IWA,AZ,AWP,WE,Federal Contract Tower,18,8,23,10,59,0,46,107,7,160,18,54,130,17,219,268,67,335,554
07/24/2014,IWA,AZ,AWP,WE,Federal Contract Tower,36,10,14,18,78,0,46,92,14,152,36,56,106,32,230,220,109,329,559
07/25/2014,IWA,AZ,AWP,WE,Federal Contract Tower,45,8,21,7,81,0,40,93,3,136,45,48,114,10,217,201,26,227,444
07/26/2014,IWA,AZ,AWP,WE,Federal Contract Tower,11,5,17,4,37,0,53,84,3,140,11,58,101,7,177,237,0,237,414
07/27/2014,IWA,AZ,AWP,WE,Federal Contract Tower,36,0,21,4,61,0,21,36,0,57,36,21,57,4,118,57,0,57,175
07/28/2014,IWA,AZ,AWP,WE,Federal Contract Tower,39,8,29,2,78,0,62,115,0,177,39,70,144,2,255,429,0,429,684
07/29/2014,IWA,AZ,AWP,WE,Federal Contract Tower,10,13,33,4,60,0,60,134,2,196,10,73,167,6,256,335,57,392,648
07/30/2014,IWA,AZ,AWP,WE,Federal Contract Tower,19,9,26,8,62,0,68,131,2,201,19,77,157,10,263,257,28,285,548
07/31/2014,IWA,AZ,AWP,WE,Federal Contract Tower,37,12,28,5,82,0,54,106,2,162,37,66,134,7,244,293,0,293,537
08/01/2014,IWA,AZ,AWP,WE,Federal Contract Tower,45,8,19,5,77,0,52,99,1,152,45,60,118,6,229,286,48,334,563
08/02/2014,IWA,AZ,AWP,WE,Federal Contract Tower,4,2,13,3,22,0,25,40,4,69,4,27,53,7,91,75,0,75,166
08/03/2014,IWA,AZ,AWP,WE,Federal Contract Tower,38,2,7,1,48,0,35,48,3,86,38,37,55,4,134,171,0,171,305
08/04/2014,IWA,AZ,AWP,WE,Federal Contract Tower,35,11,27,8,81,0,57,72,3,132,35,68,99,11,213,231,112,343,556
08/05/2014,IWA,AZ,AWP,WE,Federal Contract Tower,7,17,31,11,66,0,63,106,7,176,7,80,137,18,242,262,108,370,612
08/06/2014,IWA,AZ,AWP,WE,Federal Contract Tower,16,9,31,5,61,0,68,118,4,190,16,77,149,9,251,240,4,244,495
08/07/2014,IWA,AZ,AWP,WE,Federal Contract Tower,38,14,30,5,87,0,49,94,5,148,38,63,124,10,235,300,39,339,574
08/08/2014,IWA,AZ,AWP,WE,Federal Contract Tower,42,5,37,2,86,0,47,102,3,152,42,52,139,5,238,199,37,236,474
08/09/2014,IWA,AZ,AWP,WE,Federal Contract Tower,5,4,23,3,35,0,26,83,5,114,5,30,106,8,149,178,0,178,327
08/10/2014,IWA,AZ,AWP,WE,Federal Contract Tower,42,4,24,1,71,0,22,67,11,100,42,26,91,12,171,95,0,95,266
08/11/2014,IWA,AZ,AWP,WE,Federal Contract Tower,37,9,25,3,74,0,64,47,4,115,37,73,72,7,189,262,39,301,490
08/12/2014,IWA,AZ,AWP,WE,Federal Contract Tower,8,9,22,4,43,0,54,70,4,128,8,63,92,8,171,244,18,262,433
08/13/2014,IWA,AZ,AWP,WE,Federal Contract Tower,9,15,44,12,80,0,55,99,7,161,9,70,143,19,241,329,72,401,642
08/14/2014,IWA,AZ,AWP,WE,Federal Contract Tower,41,10,33,5,89,0,87,103,2,192,41,97,136,7,281,434,42,476,757
08/15/2014,IWA,AZ,AWP,WE,Federal Contract Tower,27,8,36,8,79,0,74,89,1,164,27,82,125,9,243,461,29,490,733
08/16/2014,IWA,AZ,AWP,WE,Federal Contract Tower,5,4,29,9,47,0,41,63,8,112,5,45,92,17,159,277,4,281,440
08/17/2014,IWA,AZ,AWP,WE,Federal Contract Tower,36,3,31,0,70,0,38,47,2,87,36,41,78,2,157,206,0,206,363
08/18/2014,IWA,AZ,AWP,WE,Federal Contract Tower,37,10,38,4,89,0,60,64,0,124,37,70,102,4,213,320,22,342,555
08/19/2014,IWA,AZ,AWP,WE,Federal Contract Tower,5,11,26,1,43,0,41,41,2,84,5,52,67,3,127,243,12,255,382
08/20/2014,IWA,AZ,AWP,WE,Federal Contract Tower,8,15,66,16,105,0,73,148,8,229,8,88,214,24,334,323,73,396,730
08/21/2014,IWA,AZ,AWP,WE,Federal Contract Tower,39,10,29,15,93,0,53,71,4,128,39,63,100,19,221,170,49,219,440
08/22/2014,IWA,AZ,AWP,WE,Federal Contract Tower,32,6,54,6,98,0,75,114,14,203,32,81,168,20,301,305,12,317,618
08/23/2014,IWA,AZ,AWP,WE,Federal Contract Tower,3,6,23,9,41,0,58,84,23,165,3,64,107,32,206,171,0,171,377
08/24/2014,IWA,AZ,AWP,WE,Federal Contract Tower,38,6,19,6,69,0,30,65,4,99,38,36,84,10,168,116,0,116,284
08/25/2014,IWA,AZ,AWP,WE,Federal Contract Tower,29,10,32,6,77,1,61,69,2,133,30,71,101,8,210,290,47,337,547
08/26/2014,IWA,AZ,AWP,WE,Federal Contract Tower,5,10,30,9,54,0,71,99,8,178,5,81,129,17,232,397,80,477,709
08/27/2014,IWA,AZ,AWP,WE,Federal Contract Tower,5,7,30,11,53,0,78,122,7,207,5,85,152,18,260,445,66,511,771
08/28/2014,IWA,AZ,AWP,WE,Federal Contract Tower,42,13,40,12,107,0,113,133,1,247,42,126,173,13,354,480,39,519,873
08/29/2014,IWA,AZ,AWP,WE,Federal Contract Tower,34,12,62,14,122,0,86,130,4,220,34,98,192,18,342,255,0,255,597
08/30/2014,IWA,AZ,AWP,WE,Federal Contract Tower,5,5,19,5,34,0,75,92,0,167,5,80,111,5,201,303,0,303,504
08/31/2014,IWA,AZ,AWP,WE,Federal Contract Tower,42,2,38,0,82,0,26,79,0,105,42,28,117,0,187,207,0,207,394
09/01/2014,IWA,AZ,AWP,WE,Federal Contract Tower,31,4,27,3,65,0,18,86,0,104,31,22,113,3,169,219,0,219,388
09/02/2014,IWA,AZ,AWP,WE,Federal Contract Tower,3,12,26,2,43,0,91,103,0,194,3,103,129,2,237,462,14,476,713
09/03/2014,IWA,AZ,AWP,WE,Federal Contract Tower,11,13,48,3,75,0,94,148,1,243,11,107,196,4,318,531,6,537,855
09/04/2014,IWA,AZ,AWP,WE,Federal Contract Tower,40,12,44,2,98,0,60,121,2,183,40,72,165,4,281,356,10,366,647
09/05/2014,IWA,AZ,AWP,WE,Federal Contract Tower,29,22,30,9,90,0,94,155,3,252,29,116,185,12,342,474,0,474,816
09/06/2014,IWA,AZ,AWP,WE,Federal Contract Tower,4,17,29,1,51,0,81,74,3,158,4,98,103,4,209,412,11,423,632
09/07/2014,IWA,AZ,AWP,WE,Federal Contract Tower,32,7,12,0,51,0,48,64,0,112,32,55,76,0,163,258,0,258,421
09/08/2014,IWA,AZ,AWP,WE,Federal Contract Tower,24,14,13,2,53,0,9,14,0,23,24,23,27,2,76,72,0,72,148
09/09/2014,IWA,AZ,AWP,WE,Federal Contract Tower,13,17,35,10,75,1,88,114,9,212,14,105,149,19,287,439,47,486,773
09/10/2014,IWA,AZ,AWP,WE,Federal Contract Tower,14,11,48,28,101,0,61,197,15,273,14,72,245,43,374,579,65,644,1018
09/11/2014,IWA,AZ,AWP,WE,Federal Contract Tower,36,17,32,26,111,0,82,128,16,226,36,99,160,42,337,355,57,412,749
09/12/2014,IWA,AZ,AWP,WE,Federal Contract Tower,27,8,40,19,94,0,85,140,10,235,27,93,180,29,329,346,62,408,737
09/13/2014,IWA,AZ,AWP,WE,Federal Contract Tower,5,2,6,11,24,0,57,89,6,152,5,59,95,17,176,250,41,291,467
09/14/2014,IWA,AZ,AWP,WE,Federal Contract Tower,36,2,11,5,54,0,32,53,0,85,36,34,64,5,139,138,9,147,286
09/15/2014,IWA,AZ,AWP,WE,Federal Contract Tower,27,13,22,7,69,0,48,90,1,139,27,61,112,8,208,203,7,210,418
09/16/2014,IWA,AZ,AWP,WE,Federal Contract Tower,4,15,22,0,41,0,73,83,3,159,4,88,105,3,200,390,12,402,602
09/17/2014,IWA,AZ,AWP,WE,Federal Contract Tower,11,14,40,3,68,0,58,108,2,168,11,72,148,5,236,325,25,350,586
09/18/2014,IWA,AZ,AWP,WE,Federal Contract Tower,36,16,50,16,118,0,76,139,3,218,36,92,189,19,336,440,11,451,787
09/19/2014,IWA,AZ,AWP,WE,Federal Contract Tower,28,23,48,15,114,0,61,139,0,200,28,84,187,15,314,440,0,440,754
09/20/2014,IWA,AZ,AWP,WE,Federal Contract Tower,4,4,35,12,55,0,50,103,4,157,4,54,138,16,212,281,0,281,493
09/21/2014,IWA,AZ,AWP,WE,Federal Contract Tower,36,12,44,5,97,0,37,120,0,157,36,49,164,5,254,219,0,219,473
09/22/2014,IWA,AZ,AWP,WE,Federal Contract Tower,26,7,38,2,73,0,62,94,0,156,26,69,132,2,229,319,0,319,548
09/23/2014,IWA,AZ,AWP,WE,Federal Contract Tower,5,18,41,10,74,0,87,114,0,201,5,105,155,10,275,511,1,512,787
09/24/2014,IWA,AZ,AWP,WE,Federal Contract Tower,9,15,61,3,88,0,85,188,3,276,9,100,249,6,364,463,9,472,836
09/25/2014,IWA,AZ,AWP,WE,Federal Contract Tower,36,13,50,2,101,0,62,151,7,220,36,75,201,9,321,359,26,385,706
09/26/2014,IWA,AZ,AWP,WE,Federal Contract Tower,30,16,29,1,76,0,61,129,0,190,30,77,158,1,266,458,0,458,724
09/27/2014,IWA,AZ,AWP,WE,Federal Contract Tower,8,4,6,4,22,0,26,43,0,69,8,30,49,4,91,243,0,243,334
09/28/2014,IWA,AZ,AWP,WE,Federal Contract Tower,38,6,35,3,82,0,30,66,0,96,38,36,101,3,178,275,0,275,453
09/29/2014,IWA,AZ,AWP,WE,Federal Contract Tower,27,21,34,0,82,0,78,110,0,188,27,99,144,0,270,419,0,419,689
09/30/2014,IWA,AZ,AWP,WE,Federal Contract Tower,9,29,35,1,74,0,64,141,3,208,9,93,176,4,282,427,4,431,713
10/01/2014,IWA,AZ,AWP,WE,Federal Contract Tower,12,13,49,0,74,0,71,164,0,235,12,84,213,0,309,306,0,306,615
10/02/2014,IWA,AZ,AWP,WE,Federal Contract Tower,38,16,68,4,126,0,66,146,2,214,38,82,214,6,340,570,1,571,911
10/03/2014,IWA,AZ,AWP,WE,Federal Contract Tower,26,16,35,26,103,0,62,119,2,183,26,78,154,28,286,403,16,419,705
10/04/2014,IWA,AZ,AWP,WE,Federal Contract Tower,4,8,49,11,72,0,39,109,20,168,4,47,158,31,240,373,0,373,613
10/05/2014,IWA,AZ,AWP,WE,Federal Contract Tower,38,4,27,9,78,0,25,78,1,104,38,29,105,10,182,384,0,384,566
10/06/2014,IWA,AZ,AWP,WE,Federal Contract Tower,25,11,58,12,106,0,51,118,11,180,25,62,176,23,286,424,8,432,718
10/07/2014,IWA,AZ,AWP,WE,Federal Contract Tower,5,25,53,17,100,0,74,140,8,222,5,99,193,25,322,442,49,491,813
10/08/2014,IWA,AZ,AWP,WE,Federal Contract Tower,15,47,32,4,98,0,34,48,4,86,15,81,80,8,184,207,29,236,420
10/09/2014,IWA,AZ,AWP,WE,Federal Contract Tower,47,38,76,5,166,0,52,106,9,167,47,90,182,14,333,521,27,548,881
10/10/2014,IWA,AZ,AWP,WE,Federal Contract Tower,39,26,59,4,128,0,85,137,5,227,39,111,196,9,355,437,9,446,801
10/11/2014,IWA,AZ,AWP,WE,Federal Contract Tower,2,15,48,0,65,0,63,112,0,175,2,78,160,0,240,238,0,238,478
10/12/2014,IWA,AZ,AWP,WE,Federal Contract Tower,39,6,39,2,86,0,24,93,0,117,39,30,132,2,203,364,0,364,567
10/13/2014,IWA,AZ,AWP,WE,Federal Contract Tower,37,20,61,6,124,0,71,130,1,202,37,91,191,7,326,504,14,518,844
10/14/2014,IWA,AZ,AWP,WE,Federal Contract Tower,9,29,63,2,103,0,78,146,1,225,9,107,209,3,328,540,9,549,877
10/15/2014,IWA,AZ,AWP,WE,Federal Contract Tower,15,25,69,6,115,0,83,187,3,273,15,108,256,9,388,634,6,640,1028
10/16/2014,IWA,AZ,AWP,WE,Federal Contract Tower,40,23,48,4,115,1,65,151,4,221,41,88,199,8,336,434,3,437,773
10/17/2014,IWA,AZ,AWP,WE,Federal Contract Tower,33,14,37,6,90,0,59,150,0,209,33,73,187,6,299,527,72,599,898
10/18/2014,IWA,AZ,AWP,WE,Federal Contract Tower,6,14,40,9,69,0,35,127,6,168,6,49,167,15,237,477,9,486,723
10/19/2014,IWA,AZ,AWP,WE,Federal Contract Tower,40,10,28,7,85,0,26,84,0,110,40,36,112,7,195,297,0,297,492
10/20/2014,IWA,AZ,AWP,WE,Federal Contract Tower,34,21,43,2,100,0,48,118,0,166,34,69,161,2,266,418,0,418,684
10/21/2014,IWA,AZ,AWP,WE,Federal Contract Tower,7,18,42,4,71,0,66,141,6,213,7,84,183,10,284,634,21,655,939
10/22/2014,IWA,AZ,AWP,WE,Federal Contract Tower,14,18,63,4,99,0,73,191,0,264,14,91,254,4,363,439,49,488,851
10/23/2014,IWA,AZ,AWP,WE,Federal Contract Tower,48,11,10,9,78,0,58,121,4,183,48,69,131,13,261,189,55,244,505
10/24/2014,IWA,AZ,AWP,WE,Federal Contract Tower,37,16,51,20,124,0,53,164,0,217,37,69,215,20,341,443,77,520,861
10/25/2014,IWA,AZ,AWP,WE,Federal Contract Tower,7,14,51,5,77,0,61,136,2,199,7,75,187,7,276,561,12,573,849
10/26/2014,IWA,AZ,AWP,WE,Federal Contract Tower,38,10,51,3,102,0,40,130,1,171,38,50,181,4,273,381,0,381,654
10/27/2014,IWA,AZ,AWP,WE,Federal Contract Tower,34,20,56,7,117,0,59,134,1,194,34,79,190,8,311,423,28,451,762
10/28/2014,IWA,AZ,AWP,WE,Federal Contract Tower,11,26,46,3,86,0,62,163,5,230,11,88,209,8,316,533,20,553,869
10/29/2014,IWA,AZ,AWP,WE,Federal Contract Tower,17,23,59,25,124,0,73,205,6,284,17,96,264,31,408,494,38,532,940
10/30/2014,IWA,AZ,AWP,WE,Federal Contract Tower,35,21,68,6,130,0,54,174,3,231,35,75,242,9,361,420,18,438,799
10/31/2014,IWA,AZ,AWP,WE,Federal Contract Tower,33,9,6,6,54,0,65,137,6,208,33,74,143,12,262,291,41,332,594
11/01/2014,IWA,AZ,AWP,WE,Federal Contract Tower,6,7,40,5,58,0,30,112,1,143,6,37,152,6,201,168,26,194,395
11/02/2014,IWA,AZ,AWP,WE,Federal Contract Tower,37,6,47,4,94,0,30,92,2,124,37,36,139,6,218,171,5,176,394
11/03/2014,IWA,AZ,AWP,WE,Federal Contract Tower,30,12,42,6,90,0,42,141,2,185,30,54,183,8,275,323,6,329,604
11/04/2014,IWA,AZ,AWP,WE,Federal Contract Tower,6,22,43,10,81,0,54,126,4,184,6,76,169,14,265,214,26,240,505
11/05/2014,IWA,AZ,AWP,WE,Federal Contract Tower,18,16,41,12,87,0,67,159,5,231,18,83,200,17,318,283,19,302,620
11/06/2014,IWA,AZ,AWP,WE,Federal Contract Tower,38,17,19,1,75,0,60,122,6,188,38,77,141,7,263,341,0,341,604
11/07/2014,IWA,AZ,AWP,WE,Federal Contract Tower,40,16,66,7,129,0,52,140,7,199,40,68,206,14,328,274,12,286,614
11/08/2014,IWA,AZ,AWP,WE,Federal Contract Tower,5,7,47,3,62,0,56,110,6,172,5,63,157,9,234,293,0,293,527
11/09/2014,IWA,AZ,AWP,WE,Federal Contract Tower,37,8,39,0,84,0,25,84,0,109,37,33,123,0,193,235,0,235,428
11/10/2014,IWA,AZ,AWP,WE,Federal Contract Tower,31,19,38,0,88,0,54,111,0,165,31,73,149,0,253,303,0,303,556
11/11/2014,IWA,AZ,AWP,WE,Federal Contract Tower,4,14,43,0,61,0,39,153,0,192,4,53,196,0,253,430,0,430,683
11/12/2014,IWA,AZ,AWP,WE,Federal Contract Tower,16,19,69,18,122,0,78,158,2,238,16,97,227,20,360,398,26,424,784
11/13/2014,IWA,AZ,AWP,WE,Federal Contract Tower,39,18,47,4,108,0,66,137,4,207,39,84,184,8,315,277,18,295,610
11/14/2014,IWA,AZ,AWP,WE,Federal Contract Tower,37,16,58,18,129,0,95,168,2,265,37,111,226,20,394,355,12,367,761
11/15/2014,IWA,AZ,AWP,WE,Federal Contract Tower,7,14,51,7,79,0,65,183,18,266,7,79,234,25,345,384,13,397,742
11/16/2014,IWA,AZ,AWP,WE,Federal Contract Tower,38,1,20,22,81,0,43,46,13,102,38,44,66,35,183,308,14,322,505
11/17/2014,IWA,AZ,AWP,WE,Federal Contract Tower,32,17,44,4,97,0,64,137,1,202,32,81,181,5,299,305,63,368,667
11/18/2014,IWA,AZ,AWP,WE,Federal Contract Tower,5,21,83,2,111,0,75,150,1,226,5,96,233,3,337,308,0,308,645
11/19/2014,IWA,AZ,AWP,WE,Federal Contract Tower,11,14,61,8,94,0,93,176,0,269,11,107,237,8,363,512,19,531,894
11/20/2014,IWA,AZ,AWP,WE,Federal Contract Tower,37,18,54,0,109,0,86,177,2,265,37,104,231,2,374,366,10,376,750
11/21/2014,IWA,AZ,AWP,WE,Federal Contract Tower,42,19,43,17,121,0,75,162,2,239,42,94,205,19,360,406,56,462,822
11/22/2014,IWA,AZ,AWP,WE,Federal Contract Tower,5,8,35,29,77,0,76,110,3,189,5,84,145,32,266,415,8,423,689
11/23/2014,IWA,AZ,AWP,WE,Federal Contract Tower,38,5,41,16,100,0,38,89,3,130,38,43,130,19,230,213,0,213,443
11/24/2014,IWA,AZ,AWP,WE,Federal Contract Tower,35,6,39,9,89,0,65,132,1,198,35,71,171,10,287,254,55,309,596
11/25/2014,IWA,AZ,AWP,WE,Federal Contract Tower,28,13,50,1,92,0,78,173,7,258,28,91,223,8,350,397,8,405,755
11/26/2014,IWA,AZ,AWP,WE,Federal Contract Tower,43,12,41,4,100,0,56,116,13,185,43,68,157,17,285,229,8,237,522
11/27/2014,IWA,AZ,AWP,WE,Federal Contract Tower,20,5,0,0,25,0,5,22,17,44,20,10,22,17,69,4,0,4,73
11/28/2014,IWA,AZ,AWP,WE,Federal Contract Tower,11,6,23,0,40,0,40,51,12,103,11,46,74,12,143,80,0,80,223
11/29/2014,IWA,AZ,AWP,WE,Federal Contract Tower,34,6,23,0,63,0,44,96,0,140,34,50,119,0,203,218,0,218,421
11/30/2014,IWA,AZ,AWP,WE,Federal Contract Tower,43,6,23,0,72,0,45,67,0,112,43,51,90,0,184,190,0,190,374
12/01/2014,IWA,AZ,AWP,WE,Federal Contract Tower,39,15,58,6,118,0,68,143,0,211,39,83,201,6,329,292,27,319,648
12/02/2014,IWA,AZ,AWP,WE,Federal Contract Tower,13,9,42,1,65,0,74,169,2,245,13,83,211,3,310,362,19,381,691
12/03/2014,IWA,AZ,AWP,WE,Federal Contract Tower,9,22,49,1,81,0,65,159,6,230,9,87,208,7,311,353,7,360,671
12/04/2014,IWA,AZ,AWP,WE,Federal Contract Tower,38,19,35,3,95,0,10,40,1,51,38,29,75,4,146,87,11,98,244
12/05/2014,IWA,AZ,AWP,WE,Federal Contract Tower,43,19,51,2,115,0,64,170,1,235,43,83,221,3,350,396,1,397,747
12/06/2014,IWA,AZ,AWP,WE,Federal Contract Tower,5,7,44,1,57,1,64,128,4,197,6,71,172,5,254,338,0,338,592
12/07/2014,IWA,AZ,AWP,WE,Federal Contract Tower,35,5,52,3,95,0,59,112,5,176,35,64,164,8,271,348,0,348,619
12/08/2014,IWA,AZ,AWP,WE,Federal Contract Tower,37,14,53,4,108,0,56,144,1,201,37,70,197,5,309,343,13,356,665
12/09/2014,IWA,AZ,AWP,WE,Federal Contract Tower,1,13,74,15,103,0,75,164,5,244,1,88,238,20,347,410,17,427,774
12/10/2014,IWA,AZ,AWP,WE,Federal Contract Tower,9,13,83,28,133,0,66,168,9,243,9,79,251,37,376,394,6,400,776
12/11/2014,IWA,AZ,AWP,WE,Federal Contract Tower,39,4,55,11,109,0,78,128,4,210,39,82,183,15,319,358,8,366,685
12/12/2014,IWA,AZ,AWP,WE,Federal Contract Tower,39,6,19,5,69,0,61,104,3,168,39,67,123,8,237,226,7,233,470
12/13/2014,IWA,AZ,AWP,WE,Federal Contract Tower,4,5,26,9,44,0,37,24,5,66,4,42,50,14,110,173,3,176,286
12/14/2014,IWA,AZ,AWP,WE,Federal Contract Tower,37,3,53,1,94,0,53,105,1,159,37,56,158,2,253,181,0,181,434
12/15/2014,IWA,AZ,AWP,WE,Federal Contract Tower,33,8,69,1,111,0,85,121,0,206,33,93,190,1,317,330,0,330,647
12/16/2014,IWA,AZ,AWP,WE,Federal Contract Tower,3,18,68,8,97,0,95,148,1,244,3,113,216,9,341,361,6,367,708
12/17/2014,IWA,AZ,AWP,WE,Federal Contract Tower,22,22,48,7,99,0,31,62,4,97,22,53,110,11,196,237,5,242,438
12/18/2014,IWA,AZ,AWP,WE,Federal Contract Tower,40,19,65,7,131,0,106,151,2,259,40,125,216,9,390,330,25,355,745
12/19/2014,IWA,AZ,AWP,WE,Federal Contract Tower,40,11,60,4,115,0,74,160,14,248,40,85,220,18,363,289,15,304,667
12/20/2014,IWA,AZ,AWP,WE,Federal Contract Tower,36,3,34,5,78,0,50,120,25,195,36,53,154,30,273,167,12,179,452
12/21/2014,IWA,AZ,AWP,WE,Federal Contract Tower,40,9,30,5,84,0,48,31,5,84,40,57,61,10,168,268,7,275,443
12/22/2014,IWA,AZ,AWP,WE,Federal Contract Tower,37,8,34,2,81,0,61,73,0,134,37,69,107,2,215,201,0,201,416
12/23/2014,IWA,AZ,AWP,WE,Federal Contract Tower,29,4,12,0,45,0,59,36,4,99,29,63,48,4,144,144,3,147,291
12/24/2014,IWA,AZ,AWP,WE,Federal Contract Tower,35,2,8,0,45,0,36,24,0,60,35,38,32,0,105,117,0,117,222
12/25/2014,IWA,AZ,AWP,WE,Federal Contract Tower,20,3,3,0,26,10,10,0,0,20,30,13,3,0,46,2,0,2,48
12/26/2014,IWA,AZ,AWP,WE,Federal Contract Tower,43,11,26,0,80,0,48,35,0,83,43,59,61,0,163,157,0,157,320
12/27/2014,IWA,AZ,AWP,WE,Federal Contract Tower,37,6,22,3,68,0,57,55,0,112,37,63,77,3,180,133,2,135,315
12/28/2014,IWA,AZ,AWP,WE,Federal Contract Tower,38,5,13,1,57,0,41,32,0,73,38,46,45,1,130,131,0,131,261
12/29/2014,IWA,AZ,AWP,WE,Federal Contract Tower,44,7,38,1,90,0,77,80,0,157,44,84,118,1,247,285,0,285,532
12/30/2014,IWA,AZ,AWP,WE,Federal Contract Tower,26,7,47,6,86,0,68,106,1,175,26,75,153,7,261,429,8,437,698
12/31/2014,IWA,AZ,AWP,WE,Federal Contract Tower,39,1,4,0,44,0,22,12,3,37,39,23,16,3,81,39,0,39,120
01/01/2015,IWA,AZ,AWP,WE,Federal Contract Tower,24,2,7,0,33,0,21,15,2,38,24,23,22,2,71,20,2,22,93
01/02/2015,IWA,AZ,AWP,WE,Federal Contract Tower,48,12,40,11,111,0,67,108,0,175,48,79,148,11,286,561,0,561,847
01/03/2015,IWA,AZ,AWP,WE,Federal Contract Tower,30,4,39,0,73,0,56,74,0,130,30,60,113,0,203,315,0,315,518
01/04/2015,IWA,AZ,AWP,WE,Federal Contract Tower,43,4,41,0,88,0,60,75,0,135,43,64,116,0,223,207,0,207,430
01/05/2015,IWA,AZ,AWP,WE,Federal Contract Tower,39,13,53,9,114,0,82,93,13,188,39,95,146,22,302,323,0,323,625
01/06/2015,IWA,AZ,AWP,WE,Federal Contract Tower,3,10,48,32,93,0,79,132,21,232,3,89,180,53,325,316,8,324,649
01/07/2015,IWA,AZ,AWP,WE,Federal Contract Tower,21,10,53,3,87,0,77,98,9,184,21,87,151,12,271,306,0,306,577
01/08/2015,IWA,AZ,AWP,WE,Federal Contract Tower,38,11,26,1,76,0,43,48,0,91,38,54,74,1,167,233,0,233,400
01/09/2015,IWA,AZ,AWP,WE,Federal Contract Tower,41,13,46,14,114,0,63,110,6,179,41,76,156,20,293,282,92,374,667
01/10/2015,IWA,AZ,AWP,WE,Federal Contract Tower,15,8,37,14,74,0,50,79,9,138,15,58,116,23,212,242,19,261,473
01/11/2015,IWA,AZ,AWP,WE,Federal Contract Tower,39,8,31,3,81,0,29,60,2,91,39,37,91,5,172,258,0,258,430
01/12/2015,IWA,AZ,AWP,WE,Federal Contract Tower,35,18,51,6,110,0,63,83,0,146,35,81,134,6,256,383,0,383,639
01/13/2015,IWA,AZ,AWP,WE,Federal Contract Tower,5,16,37,4,62,0,50,67,2,119,5,66,104,6,181,249,23,272,453
01/14/2015,IWA,AZ,AWP,WE,Federal Contract Tower,17,12,63,7,99,0,81,98,1,180,17,93,161,8,279,459,21,480,759
01/15/2015,IWA,AZ,AWP,WE,Federal Contract Tower,38,17,51,10,116,0,71,114,3,188,38,88,165,13,304,264,11,275,579
01/16/2015,IWA,AZ,AWP,WE,Federal Contract Tower,39,12,48,42,141,0,37,129,10,176,39,49,177,52,317,189,6,195,512
01/17/2015,IWA,AZ,AWP,WE,Federal Contract Tower,12,5,40,9,66,0,75,109,1,185,12,80,149,10,251,441,0,441,692
01/18/2015,IWA,AZ,AWP,WE,Federal Contract Tower,37,11,63,1,112,0,54,101,3,158,37,65,164,4,270,280,13,293,563
01/19/2015,IWA,AZ,AWP,WE,Federal Contract Tower,37,20,42,5,104,0,35,125,0,160,37,55,167,5,264,416,0,416,680
01/20/2015,IWA,AZ,AWP,WE,Federal Contract Tower,5,11,69,7,92,0,81,162,4,247,5,92,231,11,339,465,42,507,846
01/21/2015,IWA,AZ,AWP,WE,Federal Contract Tower,21,12,57,11,101,0,78,121,7,206,21,90,178,18,307,462,35,497,804
01/22/2015,IWA,AZ,AWP,WE,Federal Contract Tower,42,13,65,15,135,0,66,118,7,191,42,79,183,22,326,236,44,280,606
01/23/2015,IWA,AZ,AWP,WE,Federal Contract Tower,40,8,66,31,145,0,87,144,15,246,40,95,210,46,391,507,8,515,906
01/24/2015,IWA,AZ,AWP,WE,Federal Contract Tower,13,9,39,4,65,0,78,98,15,191,13,87,137,19,256,218,10,228,484
01/25/2015,IWA,AZ,AWP,WE,Federal Contract Tower,35,9,47,8,99,0,40,103,7,150,35,49,150,15,249,241,0,241,490
01/26/2015,IWA,AZ,AWP,WE,Federal Contract Tower,33,16,40,14,103,0,97,98,1,196,33,113,138,15,299,375,14,389,688
01/27/2015,IWA,AZ,AWP,WE,Federal Contract Tower,8,18,83,6,115,0,101,158,2,261,8,119,241,8,376,348,43,391,767
01/28/2015,IWA,AZ,AWP,WE,Federal Contract Tower,19,18,65,4,106,0,97,165,29,291,19,115,230,33,397,428,23,451,848
01/29/2015,IWA,AZ,AWP,WE,Federal Contract Tower,36,22,51,3,112,0,77,140,1,218,36,99,191,4,330,353,4,357,687
01/30/2015,IWA,AZ,AWP,WE,Federal Contract Tower,41,39,54,0,134,0,2,0,0,2,41,41,54,0,136,0,0,0,136
01/31/2015,IWA,AZ,AWP,WE,Federal Contract Tower,13,17,25,4,59,0,16,39,0,55,13,33,64,4,114,155,26,181,295
02/01/2015,IWA,AZ,AWP,WE,Federal Contract Tower,33,20,34,4,91,0,8,19,1,28,33,28,53,5,119,20,0,20,139
02/02/2015,IWA,AZ,AWP,WE,Federal Contract Tower,40,20,60,5,125,0,60,95,3,158,40,80,155,8,283,300,62,362,645
02/03/2015,IWA,AZ,AWP,WE,Federal Contract Tower,3,14,67,9,93,0,98,189,25,312,3,112,256,34,405,428,63,491,896
02/04/2015,IWA,AZ,AWP,WE,Federal Contract Tower,21,26,50,5,102,0,104,192,0,296,21,130,242,5,398,585,16,601,999
02/05/2015,IWA,AZ,AWP,WE,Federal Contract Tower,36,14,81,2,133,0,105,192,7,304,36,119,273,9,437,552,2,554,991
02/06/2015,IWA,AZ,AWP,WE,Federal Contract Tower,38,15,72,11,136,6,75,183,11,275,44,90,255,22,411,407,14,421,832
02/07/2015,IWA,AZ,AWP,WE,Federal Contract Tower,12,15,35,14,76,0,69,96,7,172,12,84,131,21,248,265,0,265,513
02/08/2015,IWA,AZ,AWP,WE,Federal Contract Tower,36,10,49,8,103,0,35,103,0,138,36,45,152,8,241,240,5,245,486
02/09/2015,IWA,AZ,AWP,WE,Federal Contract Tower,35,20,67,2,124,0,77,169,0,246,35,97,236,2,370,433,0,433,803
02/10/2015,IWA,AZ,AWP,WE,Federal Contract Tower,5,17,69,11,102,0,80,174,0,254,5,97,243,11,356,400,67,467,823
02/11/2015,IWA,AZ,AWP,WE,Federal Contract Tower,31,7,43,3,84,0,93,163,4,260,31,100,206,7,344,448,50,498,842
02/12/2015,IWA,AZ,AWP,WE,Federal Contract Tower,34,12,20,22,88,0,69,120,2,191,34,81,140,24,279,464,14,478,757
02/13/2015,IWA,AZ,AWP,WE,Federal Contract Tower,40,11,30,21,102,0,74,147,11,232,40,85,177,32,334,493,0,493,827
02/14/2015,IWA,AZ,AWP,WE,Federal Contract Tower,24,13,49,4,90,0,49,98,3,150,24,62,147,7,240,200,0,200,440
02/15/2015,IWA,AZ,AWP,WE,Federal Contract Tower,37,12,51,9,109,0,50,123,4,177,37,62,174,13,286,204,0,204,490
02/16/2015,IWA,AZ,AWP,WE,Federal Contract Tower,35,18,35,2,90,0,31,140,1,172,35,49,175,3,262,286,0,286,548
02/17/2015,IWA,AZ,AWP,WE,Federal Contract Tower,11,22,69,6,108,0,105,210,4,319,11,127,279,10,427,455,26,481,908
02/18/2015,IWA,AZ,AWP,WE,Federal Contract Tower,30,19,61,12,122,0,116,242,18,376,30,135,303,30,498,553,90,643,1141
02/19/2015,IWA,AZ,AWP,WE,Federal Contract Tower,35,24,72,5,136,0,87,227,11,325,35,111,299,16,461,355,16,371,832
02/20/2015,IWA,AZ,AWP,WE,Federal Contract Tower,40,13,51,13,117,0,83,208,5,296,40,96,259,18,413,548,12,560,973
02/21/2015,IWA,AZ,AWP,WE,Federal Contract Tower,29,8,40,4,81,0,77,161,8,246,29,85,201,12,327,401,0,401,728
02/22/2015,IWA,AZ,AWP,WE,Federal Contract Tower,36,21,52,3,112,0,35,129,1,165,36,56,181,4,277,175,8,183,460
02/23/2015,IWA,AZ,AWP,WE,Federal Contract Tower,37,23,40,2,102,0,49,114,2,165,37,72,154,4,267,339,18,357,624
02/24/2015,IWA,AZ,AWP,WE,Federal Contract Tower,12,24,78,1,115,0,67,209,2,278,12,91,287,3,393,478,6,484,877
02/25/2015,IWA,AZ,AWP,WE,Federal Contract Tower,34,18,68,13,133,0,78,213,10,301,34,96,281,23,434,536,79,615,1049
02/26/2015,IWA,AZ,AWP,WE,Federal Contract Tower,37,19,96,4,156,0,92,245,5,342,37,111,341,9,498,474,16,490,988
02/27/2015,IWA,AZ,AWP,WE,Federal Contract Tower,41,8,52,29,130,0,83,179,7,269,41,91,231,36,399,413,6,419,818
02/28/2015,IWA,AZ,AWP,WE,Federal Contract Tower,31,11,31,8,81,0,44,66,2,112,31,55,97,10,193,198,26,224,417
03/01/2015,IWA,AZ,AWP,WE,Federal Contract Tower,38,1,18,4,61,0,35,60,0,95,38,36,78,4,156,177,0,177,333
03/02/2015,IWA,AZ,AWP,WE,Federal Contract Tower,34,10,36,2,82,0,17,9,0,26,34,27,45,2,108,120,4,124,232
03/03/2015,IWA,AZ,AWP,WE,Federal Contract Tower,24,20,84,11,139,0,84,138,10,232,24,104,222,21,371,588,2,590,961
03/04/2015,IWA,AZ,AWP,WE,Federal Contract Tower,39,23,68,5,135,0,82,177,5,264,39,105,245,10,399,514,2,516,915
03/05/2015,IWA,AZ,AWP,WE,Federal Contract Tower,39,21,71,10,141,0,84,173,1,258,39,105,244,11,399,498,0,498,897
03/06/2015,IWA,AZ,AWP,WE,Federal Contract Tower,44,13,16,22,95,0,78,102,1,181,44,91,118,23,276,352,8,360,636
03/07/2015,IWA,AZ,AWP,WE,Federal Contract Tower,32,5,18,23,78,0,91,93,11,195,32,96,111,34,273,302,0,302,575
03/08/2015,IWA,AZ,AWP,WE,Federal Contract Tower,42,6,49,4,101,0,34,78,0,112,42,40,127,4,213,205,0,205,418
03/09/2015,IWA,AZ,AWP,WE,Federal Contract Tower,41,15,54,18,128,0,84,145,5,234,41,99,199,23,362,437,63,500,862
03/10/2015,IWA,AZ,AWP,WE,Federal Contract Tower,19,24,66,6,115,0,108,124,5,237,19,132,190,11,352,513,4,517,869
03/11/2015,IWA,AZ,AWP,WE,Federal Contract Tower,37,22,48,9,116,0,73,126,3,202,37,95,174,12,318,310,19,329,647
03/12/2015,IWA,AZ,AWP,WE,Federal Contract Tower,44,21,52,11,128,0,87,159,10,256,44,108,211,21,384,383,18,401,785
03/13/2015,IWA,AZ,AWP,WE,Federal Contract Tower,44,8,39,16,107,0,28,82,6,116,44,36,121,22,223,250,5,255,478
03/14/2015,IWA,AZ,AWP,WE,Federal Contract Tower,35,4,22,2,63,0,47,98,10,155,35,51,120,12,218,180,0,180,398
03/15/2015,IWA,AZ,AWP,WE,Federal Contract Tower,41,7,13,8,69,0,36,35,3,74,41,43,48,11,143,99,0,99,242
03/16/2015,IWA,AZ,AWP,WE,Federal Contract Tower,37,7,48,6,98,0,79,109,2,190,37,86,157,8,288,286,8,294,582
03/17/2015,IWA,AZ,AWP,WE,Federal Contract Tower,26,16,62,2,106,0,70,128,2,200,26,86,190,4,306,443,8,451,757
03/18/2015,IWA,AZ,AWP,WE,Federal Contract Tower,41,23,32,4,100,0,49,131,4,184,41,72,163,8,284,373,39,412,696
03/19/2015,IWA,AZ,AWP,WE,Federal Contract Tower,43,23,65,15,146,0,68,121,6,195,43,91,186,21,341,656,16,672,1013
03/20/2015,IWA,AZ,AWP,WE,Federal Contract Tower,44,17,63,18,142,0,66,144,6,216,44,83,207,24,358,460,4,464,822
03/21/2015,IWA,AZ,AWP,WE,Federal Contract Tower,41,5,47,7,100,57,120,4,0,181,98,125,51,7,281,420,18,438,719
03/22/2015,IWA,AZ,AWP,WE,Federal Contract Tower,42,11,48,10,111,0,34,99,1,134,42,45,147,11,245,155,0,155,400
03/23/2015,IWA,AZ,AWP,WE,Federal Contract Tower,43,18,58,0,119,0,82,144,2,228,43,100,202,2,347,688,10,698,1045
03/24/2015,IWA,AZ,AWP,WE,Federal Contract Tower,28,16,55,2,101,0,106,146,0,252,28,122,201,2,353,688,11,699,1052
03/25/2015,IWA,AZ,AWP,WE,Federal Contract Tower,35,8,82,0,125,0,82,192,9,283,35,90,274,9,408,429,10,439,847
03/26/2015,IWA,AZ,AWP,WE,Federal Contract Tower,42,20,72,5,139,1,99,159,4,263,43,119,231,9,402,529,10,539,941
03/27/2015,IWA,AZ,AWP,WE,Federal Contract Tower,44,12,68,11,135,0,80,152,8,240,44,92,220,19,375,549,15,564,939
03/28/2015,IWA,AZ,AWP,WE,Federal Contract Tower,33,7,40,0,80,0,70,93,3,166,33,77,133,3,246,373,0,373,619
03/29/2015,IWA,AZ,AWP,WE,Federal Contract Tower,42,8,36,7,93,0,41,83,3,127,42,49,119,10,220,267,0,267,487
03/30/2015,IWA,AZ,AWP,WE,Federal Contract Tower,37,11,58,7,113,0,92,116,5,213,37,103,174,12,326,306,6,312,638
03/31/2015,IWA,AZ,AWP,WE,Federal Contract Tower,23,20,67,2,112,0,94,146,13,253,23,114,213,15,365,455,22,477,842
04/01/2015,IWA,AZ,AWP,WE,Federal Contract Tower,21,10,67,2,100,0,82,135,13,230,21,92,202,15,330,410,4,414,744
04/02/2015,IWA,AZ,AWP,WE,Federal Contract Tower,34,21,60,3,118,0,99,170,8,277,34,120,230,11,395,635,0,635,1030
04/03/2015,IWA,AZ,AWP,WE,Federal Contract Tower,37,14,52,11,114,0,101,158,6,265,37,115,210,17,379,302,0,302,681
04/04/2015,IWA,AZ,AWP,WE,Federal Contract Tower,26,4,35,2,67,0,77,104,1,182,26,81,139,3,249,338,0,338,587
04/05/2015,IWA,AZ,AWP,WE,Federal Contract Tower,35,7,37,2,81,0,55,58,2,115,35,62,95,4,196,108,7,115,311
04/06/2015,IWA,AZ,AWP,WE,Federal Contract Tower,35,16,61,20,132,0,68,124,10,202,35,84,185,30,334,437,7,444,778
04/07/2015,IWA,AZ,AWP,WE,Federal Contract Tower,17,11,50,31,109,0,79,163,22,264,17,90,213,53,373,516,42,558,931
04/08/2015,IWA,AZ,AWP,WE,Federal Contract Tower,20,12,88,12,132,0,91,182,2,275,20,103,270,14,407,521,0,521,928
04/09/2015,IWA,AZ,AWP,WE,Federal Contract Tower,36,17,66,12,131,0,103,162,7,272,36,120,228,19,403,344,36,380,783
04/10/2015,IWA,AZ,AWP,WE,Federal Contract Tower,41,14,46,16,117,0,107,129,9,245,41,121,175,25,362,310,14,324,686
04/11/2015,IWA,AZ,AWP,WE,Federal Contract Tower,17,9,34,1,61,0,80,103,4,187,17,89,137,5,248,270,0,270,518
04/12/2015,IWA,AZ,AWP,WE,Federal Contract Tower,33,5,41,6,85,0,36,75,2,113,33,41,116,8,198,172,0,172,370
04/13/2015,IWA,AZ,AWP,WE,Federal Contract Tower,33,12,62,5,112,0,120,145,0,265,33,132,207,5,377,496,0,496,873
04/14/2015,IWA,AZ,AWP,WE,Federal Contract Tower,9,10,41,10,70,0,93,142,5,240,9,103,183,15,310,347,35,382,692
04/15/2015,IWA,AZ,AWP,WE,Federal Contract Tower,12,13,72,6,103,0,60,148,3,211,12,73,220,9,314,317,27,344,658
04/16/2015,IWA,AZ,AWP,WE,Federal Contract Tower,40,11,59,4,114,0,63,180,2,245,40,74,239,6,359,469,2,471,830
04/17/2015,IWA,AZ,AWP,WE,Federal Contract Tower,42,9,69,10,130,0,74,200,5,279,42,83,269,15,409,497,0,497,906
04/18/2015,IWA,AZ,AWP,WE,Federal Contract Tower,16,4,49,23,92,0,72,128,6,206,16,76,177,29,298,364,1,365,663
04/19/2015,IWA,AZ,AWP,WE,Federal Contract Tower,35,6,36,3,80,0,39,80,3,122,35,45,116,6,202,120,0,120,322
04/20/2015,IWA,AZ,AWP,WE,Federal Contract Tower,40,11,43,2,96,0,61,126,0,187,40,72,169,2,283,411,0,411,694
04/21/2015,IWA,AZ,AWP,WE,Federal Contract Tower,6,26,45,2,79,0,77,162,2,241,6,103,207,4,320,572,12,584,904
04/22/2015,IWA,AZ,AWP,WE,Federal Contract Tower,12,15,67,3,97,0,81,189,3,273,12,96,256,6,370,375,0,375,745
04/23/2015,IWA,AZ,AWP,WE,Federal Contract Tower,35,19,50,4,108,0,58,146,5,209,35,77,196,9,317,307,25,332,649
04/24/2015,IWA,AZ,AWP,WE,Federal Contract Tower,42,13,19,20,94,0,43,94,1,138,42,56,113,21,232,91,46,137,369
04/25/2015,IWA,AZ,AWP,WE,Federal Contract Tower,14,4,34,7,59,0,45,88,0,133,14,49,122,7,192,282,0,282,474
04/26/2015,IWA,AZ,AWP,WE,Federal Contract Tower,34,6,33,9,82,0,11,35,0,46,34,17,68,9,128,67,0,67,195
04/27/2015,IWA,AZ,AWP,WE,Federal Contract Tower,37,23,56,2,118,0,99,123,3,225,37,122,179,5,343,340,14,354,697
04/28/2015,IWA,AZ,AWP,WE,Federal Contract Tower,3,11,9,0,23,0,66,121,0,187,3,77,130,0,210,463,0,463,673
04/29/2015,IWA,AZ,AWP,WE,Federal Contract Tower,8,12,30,7,57,0,82,110,12,204,8,94,140,19,261,308,0,308,569
04/30/2015,IWA,AZ,AWP,WE,Federal Contract Tower,36,23,65,10,134,0,84,145,6,235,36,107,210,16,369,521,24,545,914
05/01/2015,IWA,AZ,AWP,WE,Federal Contract Tower,42,12,39,9,102,0,97,109,3,209,42,109,148,12,311,392,6,398,709
05/02/2015,IWA,AZ,AWP,WE,Federal Contract Tower,9,2,31,0,42,0,46,85,0,131,9,48,116,0,173,222,0,222,395
05/03/2015,IWA,AZ,AWP,WE,Federal Contract Tower,32,6,40,2,80,0,37,50,3,90,32,43,90,5,170,197,8,205,375
05/04/2015,IWA,AZ,AWP,WE,Federal Contract Tower,38,9,41,2,90,0,41,77,3,121,38,50,118,5,211,301,0,301,512
05/05/2015,IWA,AZ,AWP,WE,Federal Contract Tower,4,12,12,8,36,0,74,112,0,186,4,86,124,8,222,501,15,516,738
05/06/2015,IWA,AZ,AWP,WE,Federal Contract Tower,18,11,47,4,80,0,91,185,6,282,18,102,232,10,362,563,10,573,935
05/07/2015,IWA,AZ,AWP,WE,Federal Contract Tower,32,11,19,6,68,0,74,114,6,194,32,85,133,12,262,336,5,341,603
05/08/2015,IWA,AZ,AWP,WE,Federal Contract Tower,41,13,35,27,116,0,63,109,2,174,41,76,144,29,290,345,47,392,682
05/09/2015,IWA,AZ,AWP,WE,Federal Contract Tower,10,5,25,8,48,0,57,76,0,133,10,62,101,8,181,295,0,295,476
05/10/2015,IWA,AZ,AWP,WE,Federal Contract Tower,32,2,25,3,62,0,34,50,0,84,32,36,75,3,146,208,0,208,354
05/11/2015,IWA,AZ,AWP,WE,Federal Contract Tower,30,15,33,5,83,0,84,112,4,200,30,99,145,9,283,471,0,471,754
05/12/2015,IWA,AZ,AWP,WE,Federal Contract Tower,9,11,15,4,39,0,77,76,1,154,9,88,91,5,193,249,8,257,450
05/13/2015,IWA,AZ,AWP,WE,Federal Contract Tower,18,17,16,0,51,0,87,122,2,211,18,104,138,2,262,433,2,435,697
05/14/2015,IWA,AZ,AWP,WE,Federal Contract Tower,31,9,36,7,83,0,55,80,7,142,31,64,116,14,225,186,16,202,427
05/15/2015,IWA,AZ,AWP,WE,Federal Contract Tower,41,7,9,2,59,0,34,63,5,102,41,41,72,7,161,146,0,146,307
05/16/2015,IWA,AZ,AWP,WE,Federal Contract Tower,10,22,29,16,77,0,50,57,8,115,10,72,86,24,192,297,30,327,519
05/17/2015,IWA,AZ,AWP,WE,Federal Contract Tower,32,11,34,1,78,0,39,68,5,112,32,50,102,6,190,120,0,120,310
05/18/2015,IWA,AZ,AWP,WE,Federal Contract Tower,34,27,43,6,110,0,66,87,3,156,34,93,130,9,266,293,5,298,564
05/19/2015,IWA,AZ,AWP,WE,Federal Contract Tower,5,25,59,14,103,15,72,130,4,221,20,97,189,18,324,432,5,437,761
05/20/2015,IWA,AZ,AWP,WE,Federal Contract Tower,21,12,22,12,67,0,67,117,4,188,21,79,139,16,255,365,40,405,660
05/21/2015,IWA,AZ,AWP,WE,Federal Contract Tower,32,13,36,10,91,0,53,111,0,164,32,66,147,10,255,288,0,288,543
05/22/2015,IWA,AZ,AWP,WE,Federal Contract Tower,38,10,22,0,70,0,77,113,0,190,38,87,135,0,260,365,0,365,625
05/23/2015,IWA,AZ,AWP,WE,Federal Contract Tower,16,8,24,3,51,0,74,80,0,154,16,82,104,3,205,333,0,333,538
05/24/2015,IWA,AZ,AWP,WE,Federal Contract Tower,31,5,36,0,72,0,27,78,1,106,31,32,114,1,178,131,0,131,309
05/25/2015,IWA,AZ,AWP,WE,Federal Contract Tower,34,5,37,0,76,0,15,82,0,97,34,20,119,0,173,101,0,101,274
05/26/2015,IWA,AZ,AWP,WE,Federal Contract Tower,10,20,56,2,88,0,107,127,2,236,10,127,183,4,324,388,9,397,721
05/27/2015,IWA,AZ,AWP,WE,Federal Contract Tower,19,16,41,14,90,0,97,130,10,237,19,113,171,24,327,426,24,450,777
05/28/2015,IWA,AZ,AWP,WE,Federal Contract Tower,30,20,38,3,91,0,85,108,12,205,30,105,146,15,296,331,14,345,641
05/29/2015,IWA,AZ,AWP,WE,Federal Contract Tower,38,19,43,10,110,0,76,111,8,195,38,95,154,18,305,232,4,236,541
05/30/2015,IWA,AZ,AWP,WE,Federal Contract Tower,16,6,24,6,52,0,58,84,4,146,16,64,108,10,198,163,0,163,361
05/31/2015,IWA,AZ,AWP,WE,Federal Contract Tower,35,4,20,3,62,0,27,66,3,96,35,31,86,6,158,145,0,145,303
06/01/2015,IWA,AZ,AWP,WE,Federal Contract Tower,35,13,35,11,94,0,51,110,1,162,35,64,145,12,256,330,46,376,632
06/02/2015,IWA,AZ,AWP,WE,Federal Contract Tower,7,26,34,11,78,0,84,144,7,235,7,110,178,18,313,332,27,359,672
06/03/2015,IWA,AZ,AWP,WE,Federal Contract Tower,27,38,36,4,105,1,105,122,3,231,28,143,158,7,336,454,0,454,790
06/04/2015,IWA,AZ,AWP,WE,Federal Contract Tower,33,16,12,8,69,0,63,84,6,153,33,79,96,14,222,229,0,229,451
06/05/2015,IWA,AZ,AWP,WE,Federal Contract Tower,38,9,11,9,67,0,16,51,6,73,38,25,62,15,140,50,0,50,190
06/06/2015,IWA,AZ,AWP,WE,Federal Contract Tower,17,11,12,9,49,0,56,100,14,170,17,67,112,23,219,190,21,211,430
06/07/2015,IWA,AZ,AWP,WE,Federal Contract Tower,34,5,28,15,82,0,30,64,4,98,34,35,92,19,180,173,12,185,365
06/08/2015,IWA,AZ,AWP,WE,Federal Contract Tower,40,21,55,3,119,0,82,92,5,179,40,103,147,8,298,365,0,365,663
06/09/2015,IWA,AZ,AWP,WE,Federal Contract Tower,8,22,47,7,84,0,68,95,5,168,8,90,142,12,252,244,0,244,496
06/10/2015,IWA,AZ,AWP,WE,Federal Contract Tower,33,24,59,7,123,0,79,96,5,180,33,103,155,12,303,350,23,373,676
06/11/2015,IWA,AZ,AWP,WE,Federal Contract Tower,37,29,63,13,142,2,79,113,7,201,39,108,176,20,343,294,14,308,651
06/12/2015,IWA,AZ,AWP,WE,Federal Contract Tower,45,22,31,6,104,0,70,108,12,190,45,92,139,18,294,250,0,250,544
06/13/2015,IWA,AZ,AWP,WE,Federal Contract Tower,16,13,18,9,56,0,45,83,11,139,16,58,101,20,195,195,0,195,390
06/14/2015,IWA,AZ,AWP,WE,Federal Contract Tower,33,4,25,5,67,0,36,49,0,85,33,40,74,5,152,148,0,148,300
06/15/2015,IWA,AZ,AWP,WE,Federal Contract Tower,31,11,59,5,106,0,66,94,0,160,31,77,153,5,266,304,19,323,589
06/16/2015,IWA,AZ,AWP,WE,Federal Contract Tower,8,20,48,9,85,0,88,109,6,203,8,108,157,15,288,282,0,282,570
06/17/2015,IWA,AZ,AWP,WE,Federal Contract Tower,29,20,50,4,103,0,62,125,6,193,29,82,175,10,296,237,26,263,559
06/18/2015,IWA,AZ,AWP,WE,Federal Contract Tower,34,16,40,9,99,0,51,133,5,189,34,67,173,14,288,249,20,269,557
06/19/2015,IWA,AZ,AWP,WE,Federal Contract Tower,42,15,24,6,87,0,89,114,5,208,42,104,138,11,295,212,3,215,510
06/20/2015,IWA,AZ,AWP,WE,Federal Contract Tower,18,4,12,2,36,0,50,81,8,139,18,54,93,10,175,220,0,220,395
06/21/2015,IWA,AZ,AWP,WE,Federal Contract Tower,33,6,12,2,53,0,40,51,14,105,33,46,63,16,158,164,0,164,322
06/22/2015,IWA,AZ,AWP,WE,Federal Contract Tower,37,19,35,0,91,0,77,111,0,188,37,96,146,0,279,195,0,195,474
06/23/2015,IWA,AZ,AWP,WE,Federal Contract Tower,13,19,35,10,77,0,86,108,7,201,13,105,143,17,278,211,16,227,505
06/24/2015,IWA,AZ,AWP,WE,Federal Contract Tower,34,7,21,6,68,0,78,117,10,205,34,85,138,16,273,254,3,257,530
06/25/2015,IWA,AZ,AWP,WE,Federal Contract Tower,33,10,29,0,72,0,101,170,15,286,33,111,199,15,358,263,9,272,630
06/26/2015,IWA,AZ,AWP,WE,Federal Contract Tower,42,16,36,10,104,0,75,131,0,206,42,91,167,10,310,313,0,313,623
06/27/2015,IWA,AZ,AWP,WE,Federal Contract Tower,19,9,24,3,55,0,53,78,4,135,19,62,102,7,190,183,0,183,373
06/28/2015,IWA,AZ,AWP,WE,Federal Contract Tower,34,2,23,3,62,0,36,47,2,85,34,38,70,5,147,120,0,120,267
06/29/2015,IWA,AZ,AWP,WE,Federal Contract Tower,34,11,38,0,83,0,76,111,1,188,34,87,149,1,271,298,0,298,569
06/30/2015,IWA,AZ,AWP,WE,Federal Contract Tower,15,7,39,3,64,0,66,114,7,187,15,73,153,10,251,276,4,280,531
07/01/2015,IWA,AZ,AWP,WE,Federal Contract Tower,31,11,41,16,99,0,55,105,1,161,31,66,146,17,260,192,0,192,452
07/02/2015,IWA,AZ,AWP,WE,Federal Contract Tower,34,4,56,9,103,1,37,96,1,135,35,41,152,10,238,157,1,158,396
07/03/2015,IWA,AZ,AWP,WE,Federal Contract Tower,40,12,23,1,76,0,20,52,0,72,40,32,75,1,148,218,0,218,366
07/04/2015,IWA,AZ,AWP,WE,Federal Contract Tower,22,4,12,0,38,0,14,41,0,55,22,18,53,0,93,49,0,49,142
07/05/2015,IWA,AZ,AWP,WE,Federal Contract Tower,32,0,20,0,52,0,22,43,3,68,32,22,63,3,120,110,0,110,230
07/06/2015,IWA,AZ,AWP,WE,Federal Contract Tower,27,13,35,9,84,0,66,101,0,167,27,79,136,9,251,266,25,291,542
07/07/2015,IWA,AZ,AWP,WE,Federal Contract Tower,23,15,51,9,98,0,91,106,4,201,23,106,157,13,299,329,7,336,635
07/08/2015,IWA,AZ,AWP,WE,Federal Contract Tower,33,7,36,14,90,0,62,104,17,183,33,69,140,31,273,290,13,303,576
07/09/2015,IWA,AZ,AWP,WE,Federal Contract Tower,31,12,23,7,73,1,67,83,12,163,32,79,106,19,236,186,0,186,422
07/10/2015,IWA,AZ,AWP,WE,Federal Contract Tower,37,9,18,5,69,0,82,109,4,195,37,91,127,9,264,184,0,184,448
07/11/2015,IWA,AZ,AWP,WE,Federal Contract Tower,24,10,20,3,57,0,83,91,9,183,24,93,111,12,240,215,0,215,455
07/12/2015,IWA,AZ,AWP,WE,Federal Contract Tower,35,4,18,3,60,0,53,45,11,109,35,57,63,14,169,163,0,163,332
07/13/2015,IWA,AZ,AWP,WE,Federal Contract Tower,33,8,31,1,73,0,100,103,1,204,33,108,134,2,277,355,0,355,632
07/14/2015,IWA,AZ,AWP,WE,Federal Contract Tower,18,19,37,5,79,0,81,88,16,185,18,100,125,21,264,230,5,235,499
07/15/2015,IWA,AZ,AWP,WE,Federal Contract Tower,38,4,28,2,72,0,44,89,10,143,38,48,117,12,215,234,10,244,459
07/16/2015,IWA,AZ,AWP,WE,Federal Contract Tower,35,12,33,0,80,0,99,115,4,218,35,111,148,4,298,315,16,331,629
07/17/2015,IWA,AZ,AWP,WE,Federal Contract Tower,38,4,9,2,53,0,74,65,3,142,38,78,74,5,195,255,4,259,454
07/18/2015,IWA,AZ,AWP,WE,Federal Contract Tower,20,5,10,6,41,0,73,57,1,131,20,78,67,7,172,249,4,253,425
07/19/2015,IWA,AZ,AWP,WE,Federal Contract Tower,33,0,27,5,65,0,40,47,7,94,33,40,74,12,159,125,18,143,302
07/20/2015,IWA,AZ,AWP,WE,Federal Contract Tower,33,21,57,9,120,0,76,111,1,188,33,97,168,10,308,204,16,220,528
07/21/2015,IWA,AZ,AWP,WE,Federal Contract Tower,15,19,40,5,79,0,82,87,9,178,15,101,127,14,257,322,12,334,591
07/22/2015,IWA,AZ,AWP,WE,Federal Contract Tower,27,13,58,2,100,0,92,109,1,202,27,105,167,3,302,397,1,398,700
07/23/2015,IWA,AZ,AWP,WE,Federal Contract Tower,34,15,50,4,103,0,78,109,5,192,34,93,159,9,295,300,1,301,596
07/24/2015,IWA,AZ,AWP,WE,Federal Contract Tower,40,10,52,10,112,0,67,110,14,191,40,77,162,24,303,413,0,413,716
07/25/2015,IWA,AZ,AWP,WE,Federal Contract Tower,18,6,28,5,57,0,52,82,4,138,18,58,110,9,195,126,0,126,321
07/26/2015,IWA,AZ,AWP,WE,Federal Contract Tower,35,9,20,1,65,0,41,53,1,95,35,50,73,2,160,104,1,105,265
07/27/2015,IWA,AZ,AWP,WE,Federal Contract Tower,37,11,62,0,110,0,72,84,2,158,37,83,146,2,268,316,20,336,604
07/28/2015,IWA,AZ,AWP,WE,Federal Contract Tower,20,15,55,0,90,0,70,82,4,156,20,85,137,4,246,190,0,190,436
07/29/2015,IWA,AZ,AWP,WE,Federal Contract Tower,24,13,25,0,62,0,74,92,0,166,24,87,117,0,228,263,0,263,491
07/30/2015,IWA,AZ,AWP,WE,Federal Contract Tower,31,21,28,3,83,0,69,84,5,158,31,90,112,8,241,311,7,318,559
07/31/2015,IWA,AZ,AWP,WE,Federal Contract Tower,37,6,13,9,65,0,64,90,2,156,37,70,103,11,221,216,0,216,437
08/01/2015,IWA,AZ,AWP,WE,Federal Contract Tower,15,6,30,4,55,0,57,79,2,138,15,63,109,6,193,228,0,228,421
08/02/2015,IWA,AZ,AWP,WE,Federal Contract Tower,31,6,8,3,48,0,22,33,2,57,31,28,41,5,105,65,22,87,192
08/03/2015,IWA,AZ,AWP,WE,Federal Contract Tower,33,17,23,0,73,0,71,50,0,121,33,88,73,0,194,216,0,216,410
08/04/2015,IWA,AZ,AWP,WE,Federal Contract Tower,12,16,18,5,51,0,66,87,2,155,12,82,105,7,206,220,0,220,426
08/05/2015,IWA,AZ,AWP,WE,Federal Contract Tower,16,11,11,4,42,0,80,119,2,201,16,91,130,6,243,329,20,349,592
08/06/2015,IWA,AZ,AWP,WE,Federal Contract Tower,34,12,4,3,53,0,86,75,3,164,34,98,79,6,217,320,0,320,537
08/07/2015,IWA,AZ,AWP,WE,Federal Contract Tower,41,8,18,15,82,0,58,56,2,116,41,66,74,17,198,148,0,148,346
08/08/2015,IWA,AZ,AWP,WE,Federal Contract Tower,16,6,12,0,34,0,48,77,7,132,16,54,89,7,166,155,0,155,321
08/09/2015,IWA,AZ,AWP,WE,Federal Contract Tower,34,5,15,10,64,0,27,52,2,81,34,32,67,12,145,99,0,99,244
08/10/2015,IWA,AZ,AWP,WE,Federal Contract Tower,41,15,11,1,68,0,55,81,1,137,41,70,92,2,205,335,0,335,540
08/11/2015,IWA,AZ,AWP,WE,Federal Contract Tower,8,12,14,0,34,0,36,33,0,69,8,48,47,0,103,140,0,140,243
08/12/2015,IWA,AZ,AWP,WE,Federal Contract Tower,26,8,12,2,48,0,45,76,2,123,26,53,88,4,171,189,0,189,360
08/13/2015,IWA,AZ,AWP,WE,Federal Contract Tower,35,13,34,2,84,0,52,99,1,152,35,65,133,3,236,195,0,195,431
08/14/2015,IWA,AZ,AWP,WE,Federal Contract Tower,41,11,13,3,68,0,65,86,3,154,41,76,99,6,222,212,4,216,438
08/15/2015,IWA,AZ,AWP,WE,Federal Contract Tower,13,9,10,1,33,0,51,51,10,112,13,60,61,11,145,138,0,138,283
08/16/2015,IWA,AZ,AWP,WE,Federal Contract Tower,33,10,10,0,53,0,22,33,12,67,33,32,43,12,120,71,0,71,191
08/17/2015,IWA,AZ,AWP,WE,Federal Contract Tower,35,13,23,0,71,0,57,62,0,119,35,70,85,0,190,166,0,166,356
08/18/2015,IWA,AZ,AWP,WE,Federal Contract Tower,6,16,15,2,39,0,79,80,7,166,6,95,95,9,205,285,11,296,501
08/19/2015,IWA,AZ,AWP,WE,Federal Contract Tower,7,11,13,4,35,0,44,97,3,144,7,55,110,7,179,215,12,227,406
08/20/2015,IWA,AZ,AWP,WE,Federal Contract Tower,35,14,32,2,83,0,54,97,5,156,35,68,129,7,239,231,16,247,486
08/21/2015,IWA,AZ,AWP,WE,Federal Contract Tower,37,15,13,3,68,0,69,97,8,174,37,84,110,11,242,275,0,275,517
08/22/2015,IWA,AZ,AWP,WE,Federal Contract Tower,9,6,10,3,28,0,0,3,0,3,9,6,13,3,31,83,0,83,114
08/23/2015,IWA,AZ,AWP,WE,Federal Contract Tower,31,5,14,1,51,0,20,62,6,88,31,25,76,7,139,114,0,114,253
08/24/2015,IWA,AZ,AWP,WE,Federal Contract Tower,35,9,18,2,64,0,56,81,3,140,35,65,99,5,204,195,0,195,399
08/25/2015,IWA,AZ,AWP,WE,Federal Contract Tower,4,14,18,1,37,0,50,80,0,130,4,64,98,1,167,137,2,139,306
08/26/2015,IWA,AZ,AWP,WE,Federal Contract Tower,7,13,26,4,50,0,63,117,3,183,7,76,143,7,233,241,6,247,480
08/27/2015,IWA,AZ,AWP,WE,Federal Contract Tower,33,16,18,5,72,0,65,88,6,159,33,81,106,11,231,247,25,272,503
08/28/2015,IWA,AZ,AWP,WE,Federal Contract Tower,36,23,23,9,91,0,79,97,11,187,36,102,120,20,278,404,32,436,714
08/29/2015,IWA,AZ,AWP,WE,Federal Contract Tower,6,5,21,9,41,0,42,69,7,118,6,47,90,16,159,151,3,154,313
08/30/2015,IWA,AZ,AWP,WE,Federal Contract Tower,32,6,19,15,72,0,36,63,0,99,32,42,82,15,171,128,14,142,313
08/31/2015,IWA,AZ,AWP,WE,Federal Contract Tower,28,6,13,0,47,0,89,93,0,182,28,95,106,0,229,226,0,226,455
09/01/2015,IWA,AZ,AWP,WE,Federal Contract Tower,3,14,22,0,39,0,66,111,2,179,3,80,133,2,218,266,0,266,484
09/02/2015,IWA,AZ,AWP,WE,Federal Contract Tower,7,8,12,3,30,0,99,110,2,211,7,107,122,5,241,398,8,406,647
09/03/2015,IWA,AZ,AWP,WE,Federal Contract Tower,28,16,25,4,73,0,64,87,1,152,28,80,112,5,225,326,18,344,569
09/04/2015,IWA,AZ,AWP,WE,Federal Contract Tower,37,9,12,2,60,0,91,103,3,197,37,100,115,5,257,318,11,329,586
09/05/2015,IWA,AZ,AWP,WE,Federal Contract Tower,7,6,5,0,18,0,76,85,0,161,7,82,90,0,179,262,0,262,441
09/06/2015,IWA,AZ,AWP,WE,Federal Contract Tower,30,4,10,0,44,0,41,62,0,103,30,45,72,0,147,267,0,267,414
09/07/2015,IWA,AZ,AWP,WE,Federal Contract Tower,30,5,8,0,43,0,15,74,4,93,30,20,82,4,136,204,0,204,340
09/08/2015,IWA,AZ,AWP,WE,Federal Contract Tower,5,11,24,5,45,0,99,89,10,198,5,110,113,15,243,354,0,354,597
09/09/2015,IWA,AZ,AWP,WE,Federal Contract Tower,8,12,36,6,62,0,120,125,10,255,8,132,161,16,317,392,0,392,709
09/10/2015,IWA,AZ,AWP,WE,Federal Contract Tower,29,20,29,2,80,0,90,97,25,212,29,110,126,27,292,399,8,407,699
09/11/2015,IWA,AZ,AWP,WE,Federal Contract Tower,35,23,23,15,96,0,111,126,21,258,35,134,149,36,354,585,18,603,957
09/12/2015,IWA,AZ,AWP,WE,Federal Contract Tower,7,4,14,3,28,0,53,86,1,140,7,57,100,4,168,355,8,363,531
09/13/2015,IWA,AZ,AWP,WE,Federal Contract Tower,35,8,19,4,66,0,25,81,9,115,35,33,100,13,181,182,0,182,363
09/14/2015,IWA,AZ,AWP,WE,Federal Contract Tower,30,19,17,3,69,0,83,102,1,186,30,102,119,4,255,555,2,557,812
09/15/2015,IWA,AZ,AWP,WE,Federal Contract Tower,3,15,24,6,48,0,72,120,1,193,3,87,144,7,241,433,2,435,676
09/16/2015,IWA,AZ,AWP,WE,Federal Contract Tower,12,11,21,3,47,0,76,116,7,199,12,87,137,10,246,482,22,504,750
09/17/2015,IWA,AZ,AWP,WE,Federal Contract Tower,36,20,22,4,82,0,83,130,4,217,36,103,152,8,299,455,9,464,763
09/18/2015,IWA,AZ,AWP,WE,Federal Contract Tower,42,14,22,6,84,0,80,142,9,231,42,94,164,15,315,494,0,494,809
09/19/2015,IWA,AZ,AWP,WE,Federal Contract Tower,9,16,32,0,57,0,59,77,0,136,9,75,109,0,193,358,0,358,551
09/20/2015,IWA,AZ,AWP,WE,Federal Contract Tower,30,10,13,2,55,0,23,89,0,112,30,33,102,2,167,110,0,110,277
09/21/2015,IWA,AZ,AWP,WE,Federal Contract Tower,26,22,9,0,57,0,66,49,0,115,26,88,58,0,172,368,0,368,540
09/22/2015,IWA,AZ,AWP,WE,Federal Contract Tower,3,19,19,0,41,0,52,91,2,145,3,71,110,2,186,514,12,526,712
09/23/2015,IWA,AZ,AWP,WE,Federal Contract Tower,5,16,35,2,58,0,104,168,4,276,5,120,203,6,334,548,10,558,892
09/24/2015,IWA,AZ,AWP,WE,Federal Contract Tower,29,15,37,3,84,0,104,125,8,237,29,119,162,11,321,457,17,474,795
09/25/2015,IWA,AZ,AWP,WE,Federal Contract Tower,38,18,24,1,81,0,64,104,0,168,38,82,128,1,249,278,0,278,527
09/26/2015,IWA,AZ,AWP,WE,Federal Contract Tower,12,10,16,0,38,0,44,75,0,119,12,54,91,0,157,146,0,146,303
09/27/2015,IWA,AZ,AWP,WE,Federal Contract Tower,31,11,15,4,61,0,21,65,1,87,31,32,80,5,148,214,0,214,362
09/28/2015,IWA,AZ,AWP,WE,Federal Contract Tower,29,13,32,1,75,0,92,90,2,184,29,105,122,3,259,392,14,406,665
09/29/2015,IWA,AZ,AWP,WE,Federal Contract Tower,3,14,25,6,48,0,90,97,2,189,3,104,122,8,237,442,6,448,685
09/30/2015,IWA,AZ,AWP,WE,Federal Contract Tower,7,14,26,0,47,0,108,129,0,237,7,122,155,0,284,371,0,371,655
10/01/2015,IWA,AZ,AWP,WE,Federal Contract Tower,31,17,26,4,78,0,72,115,1,188,31,89,141,5,266,413,0,413,679
10/02/2015,IWA,AZ,AWP,WE,Federal Contract Tower,36,22,30,8,96,0,90,136,13,239,36,112,166,21,335,511,0,511,846
10/03/2015,IWA,AZ,AWP,WE,Federal Contract Tower,12,10,9,2,33,0,42,66,6,114,12,52,75,8,147,243,0,243,390
10/04/2015,IWA,AZ,AWP,WE,Federal Contract Tower,30,5,6,3,44,0,19,20,0,39,30,24,26,3,83,82,0,82,165
10/05/2015,IWA,AZ,AWP,WE,Federal Contract Tower,28,14,23,3,68,0,39,66,0,105,28,53,89,3,173,241,0,241,414
10/06/2015,IWA,AZ,AWP,WE,Federal Contract Tower,4,11,22,7,44,0,37,89,6,132,4,48,111,13,176,304,4,308,484
10/07/2015,IWA,AZ,AWP,WE,Federal Contract Tower,18,20,25,21,84,0,103,115,30,248,18,123,140,51,332,497,4,501,833
10/08/2015,IWA,AZ,AWP,WE,Federal Contract Tower,31,19,35,18,103,0,91,135,5,231,31,110,170,23,334,404,6,410,744
10/09/2015,IWA,AZ,AWP,WE,Federal Contract Tower,37,14,14,8,73,0,61,109,4,174,37,75,123,12,247,257,20,277,524
10/10/2015,IWA,AZ,AWP,WE,Federal Contract Tower,13,9,9,2,33,0,85,67,0,152,13,94,76,2,185,228,0,228,413
10/11/2015,IWA,AZ,AWP,WE,Federal Contract Tower,33,3,12,2,50,0,29,38,0,67,33,32,50,2,117,120,0,120,237
10/12/2015,IWA,AZ,AWP,WE,Federal Contract Tower,31,19,20,4,74,0,76,98,2,176,31,95,118,6,250,426,0,426,676
10/13/2015,IWA,AZ,AWP,WE,Federal Contract Tower,8,17,35,9,69,0,101,142,11,254,8,118,177,20,323,393,10,403,726
10/14/2015,IWA,AZ,AWP,WE,Federal Contract Tower,18,17,41,0,76,0,84,167,1,252,18,101,208,1,328,445,0,445,773
10/15/2015,IWA,AZ,AWP,WE,Federal Contract Tower,34,15,20,3,72,0,78,125,3,206,34,93,145,6,278,363,0,363,641
10/16/2015,IWA,AZ,AWP,WE,Federal Contract Tower,37,14,6,16,73,0,39,105,8,152,37,53,111,24,225,257,0,257,482
10/17/2015,IWA,AZ,AWP,WE,Federal Contract Tower,13,4,8,2,27,0,22,30,3,55,13,26,38,5,82,35,18,53,135
10/18/2015,IWA,AZ,AWP,WE,Federal Contract Tower,35,1,8,4,48,0,27,13,0,40,35,28,21,4,88,54,0,54,142
10/19/2015,IWA,AZ,AWP,WE,Federal Contract Tower,30,13,32,2,77,0,80,135,0,215,30,93,167,2,292,438,0,438,730
10/20/2015,IWA,AZ,AWP,WE,Federal Contract Tower,7,20,35,2,64,0,55,118,0,173,7,75,153,2,237,316,0,316,553
10/21/2015,IWA,AZ,AWP,WE,Federal Contract Tower,16,18,14,1,49,0,98,139,2,239,16,116,153,3,288,548,4,552,840
10/22/2015,IWA,AZ,AWP,WE,Federal Contract Tower,33,22,47,2,104,0,93,197,9,299,33,115,244,11,403,469,16,485,888
10/23/2015,IWA,AZ,AWP,WE,Federal Contract Tower,40,19,28,14,101,0,108,178,15,301,40,127,206,29,402,525,32,557,959
10/24/2015,IWA,AZ,AWP,WE,Federal Contract Tower,12,5,20,2,39,0,66,86,5,157,12,71,106,7,196,292,0,292,488
10/25/2015,IWA,AZ,AWP,WE,Federal Contract Tower,35,3,22,5,65,0,32,43,0,75,35,35,65,5,140,162,0,162,302
10/26/2015,IWA,AZ,AWP,WE,Federal Contract Tower,33,23,36,1,93,0,89,83,2,174,33,112,119,3,267,540,2,542,809
10/27/2015,IWA,AZ,AWP,WE,Federal Contract Tower,3,17,30,0,50,0,87,154,6,247,3,104,184,6,297,725,14,739,1036
10/28/2015,IWA,AZ,AWP,WE,Federal Contract Tower,20,24,21,3,68,0,108,133,9,250,20,132,154,12,318,563,19,582,900
10/29/2015,IWA,AZ,AWP,WE,Federal Contract Tower,33,11,27,18,89,0,35,85,6,126,33,46,112,24,215,318,24,342,557
10/30/2015,IWA,AZ,AWP,WE,Federal Contract Tower,40,37,76,16,169,0,113,162,22,297,40,150,238,38,466,563,2,565,1031
10/31/2015,IWA,AZ,AWP,WE,Federal Contract Tower,13,11,38,12,74,0,73,91,7,171,13,84,129,19,245,310,4,314,559
11/01/2015,IWA,AZ,AWP,WE,Federal Contract Tower,34,3,32,3,72,0,25,36,0,61,34,28,68,3,133,74,0,74,207
11/02/2015,IWA,AZ,AWP,WE,Federal Contract Tower,32,12,17,10,71,0,102,112,10,224,32,114,129,20,295,647,2,649,944
11/03/2015,IWA,AZ,AWP,WE,Federal Contract Tower,5,19,38,13,75,0,41,121,6,168,5,60,159,19,243,273,29,302,545
11/04/2015,IWA,AZ,AWP,WE,Federal Contract Tower,20,28,71,11,130,0,95,166,6,267,20,123,237,17,397,586,2,588,985
11/05/2015,IWA,AZ,AWP,WE,Federal Contract Tower,33,44,63,10,150,0,145,184,8,337,33,189,247,18,487,732,0,732,1219
11/06/2015,IWA,AZ,AWP,WE,Federal Contract Tower,39,21,103,13,176,0,118,228,9,355,39,139,331,22,531,525,25,550,1081
11/07/2015,IWA,AZ,AWP,WE,Federal Contract Tower,12,15,80,0,107,0,91,150,1,242,12,106,230,1,349,283,0,283,632
11/08/2015,IWA,AZ,AWP,WE,Federal Contract Tower,34,6,28,2,70,0,29,48,0,77,34,35,76,2,147,82,0,82,229
11/09/2015,IWA,AZ,AWP,WE,Federal Contract Tower,35,18,58,6,117,0,98,158,5,261,35,116,216,11,378,517,0,517,895
11/10/2015,IWA,AZ,AWP,WE,Federal Contract Tower,7,19,86,4,116,0,64,131,8,203,7,83,217,12,319,378,8,386,705
11/11/2015,IWA,AZ,AWP,WE,Federal Contract Tower,19,38,63,5,125,0,53,168,11,232,19,91,231,16,357,487,0,487,844
11/12/2015,IWA,AZ,AWP,WE,Federal Contract Tower,40,33,59,2,134,0,109,139,3,251,40,142,198,5,385,480,0,480,865
11/13/2015,IWA,AZ,AWP,WE,Federal Contract Tower,41,36,93,13,183,0,130,199,7,336,41,166,292,20,519,564,35,599,1118
11/14/2015,IWA,AZ,AWP,WE,Federal Contract Tower,11,12,51,8,82,0,59,101,7,167,11,71,152,15,249,152,5,157,406
11/15/2015,IWA,AZ,AWP,WE,Federal Contract Tower,36,5,21,4,66,0,44,32,5,81,36,49,53,9,147,203,0,203,350
11/16/2015,IWA,AZ,AWP,WE,Federal Contract Tower,31,35,82,2,150,0,52,62,5,119,31,87,144,7,269,292,10,302,571
11/17/2015,IWA,AZ,AWP,WE,Federal Contract Tower,6,21,76,5,108,0,133,180,13,326,6,154,256,18,434,533,11,544,978
11/18/2015,IWA,AZ,AWP,WE,Federal Contract Tower,14,28,53,6,101,0,104,149,5,258,14,132,202,11,359,514,40,554,913
11/19/2015,IWA,AZ,AWP,WE,Federal Contract Tower,34,28,67,10,139,0,102,147,14,263,34,130,214,24,402,390,26,416,818
11/20/2015,IWA,AZ,AWP,WE,Federal Contract Tower,41,27,84,16,168,0,127,151,14,292,41,154,235,30,460,415,28,443,903
11/21/2015,IWA,AZ,AWP,WE,Federal Contract Tower,9,9,68,7,93,0,68,129,11,208,9,77,197,18,301,426,0,426,727
11/22/2015,IWA,AZ,AWP,WE,Federal Contract Tower,32,10,36,2,80,0,58,74,7,139,32,68,110,9,219,263,0,263,482
11/23/2015,IWA,AZ,AWP,WE,Federal Contract Tower,32,11,64,11,118,0,88,103,3,194,32,99,167,14,312,387,14,401,713
11/24/2015,IWA,AZ,AWP,WE,Federal Contract Tower,27,7,17,14,65,0,93,93,4,190,27,100,110,18,255,417,10,427,682
11/25/2015,IWA,AZ,AWP,WE,Federal Contract Tower,43,12,28,8,91,0,84,75,2,161,43,96,103,10,252,223,1,224,476
11/26/2015,IWA,AZ,AWP,WE,Federal Contract Tower,21,3,3,0,27,0,11,11,2,24,21,14,14,2,51,11,0,11,62
11/27/2015,IWA,AZ,AWP,WE,Federal Contract Tower,17,0,17,0,34,0,14,33,3,50,17,14,50,3,84,14,0,14,98
11/28/2015,IWA,AZ,AWP,WE,Federal Contract Tower,38,11,28,1,78,0,75,63,1,139,38,86,91,2,217,262,0,262,479
11/29/2015,IWA,AZ,AWP,WE,Federal Contract Tower,40,23,34,2,99,0,86,35,0,121,40,109,69,2,220,294,0,294,514
11/30/2015,IWA,AZ,AWP,WE,Federal Contract Tower,35,17,44,12,108,1,84,117,6,208,36,101,161,18,316,567,25,592,908
12/01/2015,IWA,AZ,AWP,WE,Federal Contract Tower,7,27,65,6,105,0,101,128,1,230,7,128,193,7,335,426,16,442,777
12/02/2015,IWA,AZ,AWP,WE,Federal Contract Tower,4,27,54,1,86,0,108,156,1,265,4,135,210,2,351,568,0,568,919
12/03/2015,IWA,AZ,AWP,WE,Federal Contract Tower,35,50,51,3,139,0,118,138,5,261,35,168,189,8,400,590,2,592,992
12/04/2015,IWA,AZ,AWP,WE,Federal Contract Tower,38,26,71,9,144,0,96,172,12,280,38,122,243,21,424,497,22,519,943
12/05/2015,IWA,AZ,AWP,WE,Federal Contract Tower,10,27,37,5,79,0,91,96,9,196,10,118,133,14,275,451,9,460,735
12/06/2015,IWA,AZ,AWP,WE,Federal Contract Tower,32,8,12,5,57,0,51,49,2,102,32,59,61,7,159,194,2,196,355
12/07/2015,IWA,AZ,AWP,WE,Federal Contract Tower,37,19,55,2,113,0,69,115,0,184,37,88,170,2,297,508,2,510,807
12/08/2015,IWA,AZ,AWP,WE,Federal Contract Tower,1,21,84,3,109,0,93,157,0,250,1,114,241,3,359,407,1,408,767
12/09/2015,IWA,AZ,AWP,WE,Federal Contract Tower,4,22,71,13,110,0,88,155,1,244,4,110,226,14,354,309,10,319,673
12/10/2015,IWA,AZ,AWP,WE,Federal Contract Tower,37,36,45,10,128,0,111,140,15,266,37,147,185,25,394,568,30,598,992
12/11/2015,IWA,AZ,AWP,WE,Federal Contract Tower,36,15,16,9,76,0,69,111,9,189,36,84,127,18,265,228,15,243,508
12/12/2015,IWA,AZ,AWP,WE,Federal Contract Tower,11,14,39,5,69,0,55,52,5,112,11,69,91,10,181,188,5,193,374
12/13/2015,IWA,AZ,AWP,WE,Federal Contract Tower,32,7,9,5,53,0,49,56,5,110,32,56,65,10,163,192,0,192,355
12/14/2015,IWA,AZ,AWP,WE,Federal Contract Tower,30,25,39,0,94,0,66,41,3,110,30,91,80,3,204,219,1,220,424
12/15/2015,IWA,AZ,AWP,WE,Federal Contract Tower,7,41,51,11,110,0,86,133,13,232,7,127,184,24,342,383,24,407,749
12/16/2015,IWA,AZ,AWP,WE,Federal Contract Tower,23,30,40,8,101,0,71,146,8,225,23,101,186,16,326,346,33,379,705
12/17/2015,IWA,AZ,AWP,WE,Federal Contract Tower,42,33,46,2,123,0,90,143,6,239,42,123,189,8,362,330,7,337,699
12/18/2015,IWA,AZ,AWP,WE,Federal Contract Tower,49,20,40,5,114,1,68,125,10,204,50,88,165,15,318,299,5,304,622
12/19/2015,IWA,AZ,AWP,WE,Federal Contract Tower,35,5,30,0,70,0,75,72,4,151,35,80,102,4,221,192,0,192,413
12/20/2015,IWA,AZ,AWP,WE,Federal Contract Tower,40,10,39,6,95,0,53,56,1,110,40,63,95,7,205,175,0,175,380
12/21/2015,IWA,AZ,AWP,WE,Federal Contract Tower,41,22,39,4,106,0,73,90,2,165,41,95,129,6,271,317,6,323,594
12/22/2015,IWA,AZ,AWP,WE,Federal Contract Tower,39,2,18,12,71,0,56,57,0,113,39,58,75,12,184,285,0,285,469
12/23/2015,IWA,AZ,AWP,WE,Federal Contract Tower,41,13,28,6,88,0,43,35,0,78,41,56,63,6,166,256,0,256,422
12/24/2015,IWA,AZ,AWP,WE,Federal Contract Tower,49,4,7,0,60,0,29,19,0,48,49,33,26,0,108,104,0,104,212
12/25/2015,IWA,AZ,AWP,WE,Federal Contract Tower,16,3,0,0,19,0,11,2,0,13,16,14,2,0,32,0,0,0,32
12/26/2015,IWA,AZ,AWP,WE,Federal Contract Tower,37,10,16,0,63,0,32,28,0,60,37,42,44,0,123,37,0,37,160
12/27/2015,IWA,AZ,AWP,WE,Federal Contract Tower,42,13,26,0,81,0,38,28,0,66,42,51,54,0,147,78,0,78,225
12/28/2015,IWA,AZ,AWP,WE,Federal Contract Tower,45,21,24,0,90,0,84,59,0,143,45,105,83,0,233,212,0,212,445
12/29/2015,IWA,AZ,AWP,WE,Federal Contract Tower,39,23,57,3,122,0,99,116,1,216,39,122,173,4,338,236,2,238,576
12/30/2015,IWA,AZ,AWP,WE,Federal Contract Tower,42,14,47,4,107,0,111,90,0,201,42,125,137,4,308,305,0,305,613
12/31/2015,IWA,AZ,AWP,WE,Federal Contract Tower,47,4,30,0,81,0,48,68,0,116,47,52,98,0,197,203,0,203,400
01/01/2016,IWA,AZ,AWP,WE,Federal Contract Tower,5,5,8,0,18,0,14,28,1,43,5,19,36,1,61,4,0,4,65
01/02/2016,IWA,AZ,AWP,WE,Federal Contract Tower,36,5,18,0,59,0,78,24,0,102,36,83,42,0,161,237,0,237,398
01/03/2016,IWA,AZ,AWP,WE,Federal Contract Tower,45,7,14,0,66,0,50,26,0,76,45,57,40,0,142,115,0,115,257
01/04/2016,IWA,AZ,AWP,WE,Federal Contract Tower,40,29,7,0,76,0,23,18,4,45,40,52,25,4,121,113,0,113,234
01/05/2016,IWA,AZ,AWP,WE,Federal Contract Tower,13,11,17,12,53,0,10,23,0,33,13,21,40,12,86,168,0,168,254
01/06/2016,IWA,AZ,AWP,WE,Federal Contract Tower,19,25,42,12,98,0,46,95,12,153,19,71,137,24,251,389,14,403,654
01/07/2016,IWA,AZ,AWP,WE,Federal Contract Tower,38,10,11,9,68,0,14,10,0,24,38,24,21,9,92,53,0,53,145
01/08/2016,IWA,AZ,AWP,WE,Federal Contract Tower,38,17,50,18,123,0,84,74,9,167,38,101,124,27,290,300,13,313,603
01/09/2016,IWA,AZ,AWP,WE,Federal Contract Tower,23,8,27,9,67,0,71,78,39,188,23,79,105,48,255,0,0,0,255
01/10/2016,IWA,AZ,AWP,WE,Federal Contract Tower,36,12,30,12,90,0,57,53,12,122,36,69,83,24,212,199,0,199,411
01/11/2016,IWA,AZ,AWP,WE,Federal Contract Tower,37,20,54,0,111,0,91,93,0,184,37,111,147,0,295,262,0,262,557
01/12/2016,IWA,AZ,AWP,WE,Federal Contract Tower,18,19,58,13,108,0,98,108,1,207,18,117,166,14,315,401,6,407,722
01/13/2016,IWA,AZ,AWP,WE,Federal Contract Tower,17,17,56,16,106,0,94,149,1,244,17,111,205,17,350,316,0,316,666
01/14/2016,IWA,AZ,AWP,WE,Federal Contract Tower,38,27,69,4,138,0,112,139,0,251,38,139,208,4,389,366,8,374,763
01/15/2016,IWA,AZ,AWP,WE,Federal Contract Tower,38,8,62,25,133,0,29,167,3,199,38,37,229,28,332,275,0,275,607
01/16/2016,IWA,AZ,AWP,WE,Federal Contract Tower,15,13,33,7,68,0,78,85,2,165,15,91,118,9,233,223,0,223,456
01/17/2016,IWA,AZ,AWP,WE,Federal Contract Tower,34,4,21,4,63,0,50,42,2,94,34,54,63,6,157,157,0,157,314
01/18/2016,IWA,AZ,AWP,WE,Federal Contract Tower,40,9,29,0,78,0,17,105,0,122,40,26,134,0,200,187,0,187,387
01/19/2016,IWA,AZ,AWP,WE,Federal Contract Tower,9,18,41,3,71,0,85,136,5,226,9,103,177,8,297,441,0,441,738
01/20/2016,IWA,AZ,AWP,WE,Federal Contract Tower,16,13,55,11,95,0,86,193,27,306,16,99,248,38,401,366,41,407,808
01/21/2016,IWA,AZ,AWP,WE,Federal Contract Tower,33,20,56,0,109,0,94,148,1,243,33,114,204,1,352,338,2,340,692
01/22/2016,IWA,AZ,AWP,WE,Federal Contract Tower,42,14,55,23,134,0,75,185,15,275,42,89,240,38,409,530,12,542,951
01/23/2016,IWA,AZ,AWP,WE,Federal Contract Tower,15,10,26,1,52,0,73,122,3,198,15,83,148,4,250,316,0,316,566
01/24/2016,IWA,AZ,AWP,WE,Federal Contract Tower,36,5,31,8,80,0,58,53,0,111,36,63,84,8,191,257,0,257,448
01/25/2016,IWA,AZ,AWP,WE,Federal Contract Tower,34,11,47,0,92,0,77,103,0,180,34,88,150,0,272,480,1,481,753
01/26/2016,IWA,AZ,AWP,WE,Federal Contract Tower,14,20,60,0,94,0,114,142,1,257,14,134,202,1,351,411,0,411,762
01/27/2016,IWA,AZ,AWP,WE,Federal Contract Tower,22,18,56,14,110,1,95,180,6,282,23,113,236,20,392,470,13,483,875
01/28/2016,IWA,AZ,AWP,WE,Federal Contract Tower,35,13,32,2,82,0,90,160,16,266,35,103,192,18,348,467,0,467,815
01/29/2016,IWA,AZ,AWP,WE,Federal Contract Tower,41,11,32,12,96,2,104,171,5,282,43,115,203,17,378,480,14,494,872
01/30/2016,IWA,AZ,AWP,WE,Federal Contract Tower,18,0,31,10,59,0,97,65,2,164,18,97,96,12,223,424,12,436,659
01/31/2016,IWA,AZ,AWP,WE,Federal Contract Tower,36,4,25,7,72,0,26,35,0,61,36,30,60,7,133,131,0,131,264
02/01/2016,IWA,AZ,AWP,WE,Federal Contract Tower,30,16,26,0,72,0,13,20,0,33,30,29,46,0,105,131,0,131,236
02/02/2016,IWA,AZ,AWP,WE,Federal Contract Tower,17,19,50,3,89,0,65,131,2,198,17,84,181,5,287,464,1,465,752
02/03/2016,IWA,AZ,AWP,WE,Federal Contract Tower,27,16,57,11,111,0,112,144,0,256,27,128,201,11,367,589,2,591,958
02/04/2016,IWA,AZ,AWP,WE,Federal Contract Tower,36,16,63,2,117,0,87,129,1,217,36,103,192,3,334,518,0,518,852
02/05/2016,IWA,AZ,AWP,WE,Federal Contract Tower,39,8,27,4,78,0,81,120,0,201,39,89,147,4,279,308,0,308,587
02/06/2016,IWA,AZ,AWP,WE,Federal Contract Tower,18,5,18,1,42,0,82,67,14,163,18,87,85,15,205,293,0,293,498
02/07/2016,IWA,AZ,AWP,WE,Federal Contract Tower,35,6,15,2,58,0,43,28,4,75,35,49,43,6,133,134,0,134,267
02/08/2016,IWA,AZ,AWP,WE,Federal Contract Tower,37,13,43,3,96,0,107,108,1,216,37,120,151,4,312,609,5,614,926
02/09/2016,IWA,AZ,AWP,WE,Federal Contract Tower,15,20,48,7,90,0,118,158,0,276,15,138,206,7,366,500,1,501,867
02/10/2016,IWA,AZ,AWP,WE,Federal Contract Tower,22,7,62,3,94,0,96,170,1,267,22,103,232,4,361,468,17,485,846
02/11/2016,IWA,AZ,AWP,WE,Federal Contract Tower,36,14,45,4,99,0,109,137,7,253,36,123,182,11,352,422,0,422,774
02/12/2016,IWA,AZ,AWP,WE,Federal Contract Tower,39,9,41,7,96,0,102,138,11,251,39,111,179,18,347,401,6,407,754
02/13/2016,IWA,AZ,AWP,WE,Federal Contract Tower,20,12,33,11,76,0,84,91,10,185,20,96,124,21,261,345,2,347,608
02/14/2016,IWA,AZ,AWP,WE,Federal Contract Tower,35,6,26,0,67,0,36,50,2,88,35,42,76,2,155,184,7,191,346
02/15/2016,IWA,AZ,AWP,WE,Federal Contract Tower,28,10,54,4,96,0,78,136,0,214,28,88,190,4,310,511,21,532,842
02/16/2016,IWA,AZ,AWP,WE,Federal Contract Tower,18,16,31,18,83,0,101,163,3,267,18,117,194,21,350,629,14,643,993
02/17/2016,IWA,AZ,AWP,WE,Federal Contract Tower,37,11,38,1,87,0,108,182,1,291,37,119,220,2,378,691,3,694,1072
02/18/2016,IWA,AZ,AWP,WE,Federal Contract Tower,39,12,29,5,85,0,96,150,0,246,39,108,179,5,331,539,1,540,871
02/19/2016,IWA,AZ,AWP,WE,Federal Contract Tower,46,13,31,0,90,0,127,188,1,316,46,140,219,1,406,632,0,632,1038
02/20/2016,IWA,AZ,AWP,WE,Federal Contract Tower,29,5,22,4,60,0,97,111,14,222,29,102,133,18,282,381,4,385,667
02/21/2016,IWA,AZ,AWP,WE,Federal Contract Tower,30,5,18,9,62,0,58,72,3,133,30,63,90,12,195,448,0,448,643
02/22/2016,IWA,AZ,AWP,WE,Federal Contract Tower,41,11,56,2,110,0,93,161,1,255,41,104,217,3,365,426,0,426,791
02/23/2016,IWA,AZ,AWP,WE,Federal Contract Tower,20,13,50,4,87,0,118,199,1,318,20,131,249,5,405,505,7,512,917
02/24/2016,IWA,AZ,AWP,WE,Federal Contract Tower,39,9,56,3,107,0,118,236,3,357,39,127,292,6,464,488,0,488,952
02/25/2016,IWA,AZ,AWP,WE,Federal Contract Tower,35,15,47,9,106,0,118,219,10,347,35,133,266,19,453,569,4,573,1026
02/26/2016,IWA,AZ,AWP,WE,Federal Contract Tower,55,9,45,12,121,0,145,167,16,328,55,154,212,28,449,572,0,572,1021
02/27/2016,IWA,AZ,AWP,WE,Federal Contract Tower,40,6,29,4,79,0,83,95,12,190,40,89,124,16,269,344,0,344,613
02/28/2016,IWA,AZ,AWP,WE,Federal Contract Tower,36,11,29,3,79,0,33,86,2,121,36,44,115,5,200,230,0,230,430
02/29/2016,IWA,AZ,AWP,WE,Federal Contract Tower,40,8,66,1,115,0,91,147,3,241,40,99,213,4,356,372,2,374,730
03/01/2016,IWA,AZ,AWP,WE,Federal Contract Tower,20,25,46,0,91,0,96,154,2,252,20,121,200,2,343,513,0,513,856
03/02/2016,IWA,AZ,AWP,WE,Federal Contract Tower,48,16,41,3,108,0,88,192,1,281,48,104,233,4,389,604,0,604,993
03/03/2016,IWA,AZ,AWP,WE,Federal Contract Tower,33,16,49,20,118,0,96,192,3,291,33,112,241,23,409,317,8,325,734
03/04/2016,IWA,AZ,AWP,WE,Federal Contract Tower,48,12,55,17,132,0,128,173,12,313,48,140,228,29,445,535,4,539,984
03/05/2016,IWA,AZ,AWP,WE,Federal Contract Tower,38,13,32,3,86,0,95,75,10,180,38,108,107,13,266,382,6,388,654
03/06/2016,IWA,AZ,AWP,WE,Federal Contract Tower,39,16,25,4,84,0,41,54,8,103,39,57,79,12,187,147,2,149,336
03/07/2016,IWA,AZ,AWP,WE,Federal Contract Tower,41,16,58,5,120,0,95,105,12,212,41,111,163,17,332,454,9,463,795
03/08/2016,IWA,AZ,AWP,WE,Federal Contract Tower,24,21,51,11,107,0,95,142,9,246,24,116,193,20,353,467,12,479,832
03/09/2016,IWA,AZ,AWP,WE,Federal Contract Tower,47,28,55,3,133,0,97,164,6,267,47,125,219,9,400,489,2,491,891
03/10/2016,IWA,AZ,AWP,WE,Federal Contract Tower,37,17,46,13,113,0,121,175,3,299,37,138,221,16,412,495,2,497,909
03/11/2016,IWA,AZ,AWP,WE,Federal Contract Tower,46,11,41,18,116,0,79,152,15,246,46,90,193,33,362,472,12,484,846
03/12/2016,IWA,AZ,AWP,WE,Federal Contract Tower,42,5,24,4,75,0,31,118,4,153,42,36,142,8,228,321,0,321,549
03/13/2016,IWA,AZ,AWP,WE,Federal Contract Tower,39,7,39,6,91,0,55,69,7,131,39,62,108,13,222,195,0,195,417
03/14/2016,IWA,AZ,AWP,WE,Federal Contract Tower,45,11,47,3,106,0,93,133,2,228,45,104,180,5,334,517,6,523,857
03/15/2016,IWA,AZ,AWP,WE,Federal Contract Tower,21,19,50,4,94,0,101,160,3,264,21,120,210,7,358,507,0,507,865
03/16/2016,IWA,AZ,AWP,WE,Federal Contract Tower,46,24,60,4,134,0,105,152,2,259,46,129,212,6,393,481,13,494,887
03/17/2016,IWA,AZ,AWP,WE,Federal Contract Tower,39,18,45,3,105,0,78,146,4,228,39,96,191,7,333,450,1,451,784
03/18/2016,IWA,AZ,AWP,WE,Federal Contract Tower,50,12,44,14,120,0,93,158,10,261,50,105,202,24,381,493,1,494,875
03/19/2016,IWA,AZ,AWP,WE,Federal Contract Tower,47,6,24,10,87,0,56,62,15,133,47,62,86,25,220,358,2,360,580
03/20/2016,IWA,AZ,AWP,WE,Federal Contract Tower,40,2,16,1,59,0,25,42,2,69,40,27,58,3,128,206,0,206,334
03/21/2016,IWA,AZ,AWP,WE,Federal Contract Tower,45,8,42,6,101,0,74,125,2,201,45,82,167,8,302,339,23,362,664
03/22/2016,IWA,AZ,AWP,WE,Federal Contract Tower,25,24,46,11,106,0,65,110,6,181,25,89,156,17,287,229,9,238,525
03/23/2016,IWA,AZ,AWP,WE,Federal Contract Tower,34,19,86,14,153,0,80,197,5,282,34,99,283,19,435,394,23,417,852
03/24/2016,IWA,AZ,AWP,WE,Federal Contract Tower,36,14,63,11,124,0,101,200,2,303,36,115,263,13,427,622,10,632,1059
03/25/2016,IWA,AZ,AWP,WE,Federal Contract Tower,44,15,52,4,115,0,82,190,7,279,44,97,242,11,394,544,13,557,951
03/26/2016,IWA,AZ,AWP,WE,Federal Contract Tower,40,10,32,0,82,0,79,84,6,169,40,89,116,6,251,361,4,365,616
03/27/2016,IWA,AZ,AWP,WE,Federal Contract Tower,45,5,21,1,72,0,29,50,6,85,45,34,71,7,157,181,0,181,338
03/28/2016,IWA,AZ,AWP,WE,Federal Contract Tower,39,15,36,2,92,0,51,51,0,102,39,66,87,2,194,229,18,247,441
03/29/2016,IWA,AZ,AWP,WE,Federal Contract Tower,29,27,59,5,120,0,77,100,14,191,29,104,159,19,311,369,0,369,680
03/30/2016,IWA,AZ,AWP,WE,Federal Contract Tower,41,30,37,5,113,0,111,208,25,344,41,141,245,30,457,732,6,738,1195
03/31/2016,IWA,AZ,AWP,WE,Federal Contract Tower,34,16,66,6,122,0,101,161,18,280,34,117,227,24,402,387,9,396,798
04/01/2016,IWA,AZ,AWP,WE,Federal Contract Tower,50,13,47,3,113,0,105,170,11,286,50,118,217,14,399,635,1,636,1035
04/02/2016,IWA,AZ,AWP,WE,Federal Contract Tower,43,11,18,6,78,0,67,70,4,141,43,78,88,10,219,230,0,230,449
04/03/2016,IWA,AZ,AWP,WE,Federal Contract Tower,39,6,34,3,82,0,31,41,0,72,39,37,75,3,154,335,2,337,491
04/04/2016,IWA,AZ,AWP,WE,Federal Contract Tower,38,12,45,0,95,0,87,122,0,209,38,99,167,0,304,428,0,428,732
04/05/2016,IWA,AZ,AWP,WE,Federal Contract Tower,13,20,64,11,108,0,102,154,0,256,13,122,218,11,364,471,20,491,855
04/06/2016,IWA,AZ,AWP,WE,Federal Contract Tower,27,14,63,2,106,0,107,166,2,275,27,121,229,4,381,459,4,463,844
04/07/2016,IWA,AZ,AWP,WE,Federal Contract Tower,32,21,34,13,100,0,85,115,9,209,32,106,149,22,309,419,11,430,739
04/08/2016,IWA,AZ,AWP,WE,Federal Contract Tower,45,14,31,2,92,0,74,86,0,160,45,88,117,2,252,378,0,378,630
04/09/2016,IWA,AZ,AWP,WE,Federal Contract Tower,22,3,24,6,55,0,61,62,0,123,22,64,86,6,178,295,0,295,473
04/10/2016,IWA,AZ,AWP,WE,Federal Contract Tower,34,5,8,0,47,0,15,4,0,19,34,20,12,0,66,45,0,45,111
04/11/2016,IWA,AZ,AWP,WE,Federal Contract Tower,34,17,62,4,117,0,100,122,0,222,34,117,184,4,339,515,24,539,878
04/12/2016,IWA,AZ,AWP,WE,Federal Contract Tower,10,26,94,14,144,0,105,161,1,267,10,131,255,15,411,545,5,550,961
04/13/2016,IWA,AZ,AWP,WE,Federal Contract Tower,27,22,63,3,115,0,84,178,3,265,27,106,241,6,380,517,0,517,897
04/14/2016,IWA,AZ,AWP,WE,Federal Contract Tower,28,17,64,9,118,0,84,178,4,266,28,101,242,13,384,511,0,511,895
04/15/2016,IWA,AZ,AWP,WE,Federal Contract Tower,42,13,42,20,117,0,52,106,12,170,42,65,148,32,287,190,3,193,480
04/16/2016,IWA,AZ,AWP,WE,Federal Contract Tower,22,7,32,7,68,0,44,62,10,116,22,51,94,17,184,259,0,259,443
04/17/2016,IWA,AZ,AWP,WE,Federal Contract Tower,30,5,28,1,64,0,34,48,6,88,30,39,76,7,152,172,0,172,324
04/18/2016,IWA,AZ,AWP,WE,Federal Contract Tower,29,13,32,8,82,0,96,109,2,207,29,109,141,10,289,490,6,496,785
04/19/2016,IWA,AZ,AWP,WE,Federal Contract Tower,10,19,72,3,104,0,114,165,4,283,10,133,237,7,387,649,22,671,1058
04/20/2016,IWA,AZ,AWP,WE,Federal Contract Tower,24,16,57,6,103,0,100,180,2,282,24,116,237,8,385,608,8,616,1001
04/21/2016,IWA,AZ,AWP,WE,Federal Contract Tower,31,21,61,5,118,0,101,165,5,271,31,122,226,10,389,654,18,672,1061
04/22/2016,IWA,AZ,AWP,WE,Federal Contract Tower,43,15,46,4,108,0,87,138,8,233,43,102,184,12,341,420,0,420,761
04/23/2016,IWA,AZ,AWP,WE,Federal Contract Tower,18,7,18,3,46,0,56,63,22,141,18,63,81,25,187,157,2,159,346
04/24/2016,IWA,AZ,AWP,WE,Federal Contract Tower,31,11,19,1,62,0,61,53,12,126,31,72,72,13,188,227,4,231,419
04/25/2016,IWA,AZ,AWP,WE,Federal Contract Tower,36,9,19,0,64,0,34,44,2,80,36,43,63,2,144,136,1,137,281
04/26/2016,IWA,AZ,AWP,WE,Federal Contract Tower,9,14,47,3,73,0,105,158,6,269,9,119,205,9,342,577,0,577,919
04/27/2016,IWA,AZ,AWP,WE,Federal Contract Tower,28,16,36,3,83,0,99,178,2,279,28,115,214,5,362,581,7,588,950
04/28/2016,IWA,AZ,AWP,WE,Federal Contract Tower,28,23,54,7,112,0,67,114,14,195,28,90,168,21,307,270,96,366,673
04/29/2016,IWA,AZ,AWP,WE,Federal Contract Tower,39,24,43,9,115,0,100,158,16,274,39,124,201,25,389,381,59,440,829
04/30/2016,IWA,AZ,AWP,WE,Federal Contract Tower,21,4,10,2,37,0,52,35,4,91,21,56,45,6,128,240,9,249,377
05/01/2016,IWA,AZ,AWP,WE,Federal Contract Tower,31,13,20,4,68,0,44,45,3,92,31,57,65,7,160,208,0,208,368
05/02/2016,IWA,AZ,AWP,WE,Federal Contract Tower,38,15,17,5,75,0,86,104,4,194,38,101,121,9,269,317,0,317,586
05/03/2016,IWA,AZ,AWP,WE,Federal Contract Tower,5,14,39,8,66,0,89,158,16,263,5,103,197,24,329,682,0,682,1011
05/04/2016,IWA,AZ,AWP,WE,Federal Contract Tower,31,16,18,4,69,0,68,108,4,180,31,84,126,8,249,351,21,372,621
05/05/2016,IWA,AZ,AWP,WE,Federal Contract Tower,29,9,9,8,55,0,55,103,4,162,29,64,112,12,217,297,14,311,528
05/06/2016,IWA,AZ,AWP,WE,Federal Contract Tower,36,7,20,4,67,0,51,100,1,152,36,58,120,5,219,210,3,213,432
05/07/2016,IWA,AZ,AWP,WE,Federal Contract Tower,19,9,18,2,48,0,67,65,13,145,19,76,83,15,193,321,3,324,517
05/08/2016,IWA,AZ,AWP,WE,Federal Contract Tower,31,3,21,2,57,0,29,34,7,70,31,32,55,9,127,179,6,185,312
05/09/2016,IWA,AZ,AWP,WE,Federal Contract Tower,36,14,38,0,88,0,81,138,2,221,36,95,176,2,309,478,0,478,787
05/10/2016,IWA,AZ,AWP,WE,Federal Contract Tower,5,28,35,7,75,0,126,146,0,272,5,154,181,7,347,665,7,672,1019
05/11/2016,IWA,AZ,AWP,WE,Federal Contract Tower,27,18,42,6,93,0,93,135,8,236,27,111,177,14,329,546,0,546,875
05/12/2016,IWA,AZ,AWP,WE,Federal Contract Tower,29,11,35,2,77,0,90,155,5,250,29,101,190,7,327,449,12,461,788
05/13/2016,IWA,AZ,AWP,WE,Federal Contract Tower,38,15,32,4,89,0,68,115,0,183,38,83,147,4,272,387,0,387,659
05/14/2016,IWA,AZ,AWP,WE,Federal Contract Tower,21,6,14,0,41,0,51,41,0,92,21,57,55,0,133,308,0,308,441
05/15/2016,IWA,AZ,AWP,WE,Federal Contract Tower,34,7,18,4,63,0,35,39,0,74,34,42,57,4,137,112,0,112,249
05/16/2016,IWA,AZ,AWP,WE,Federal Contract Tower,33,20,31,3,87,0,90,80,4,174,33,110,111,7,261,531,0,531,792
05/17/2016,IWA,AZ,AWP,WE,Federal Contract Tower,11,24,32,6,73,0,98,104,0,202,11,122,136,6,275,430,0,430,705
05/18/2016,IWA,AZ,AWP,WE,Federal Contract Tower,28,12,18,2,60,0,96,115,4,215,28,108,133,6,275,529,7,536,811
05/19/2016,IWA,AZ,AWP,WE,Federal Contract Tower,33,18,31,4,86,0,97,116,4,217,33,115,147,8,303,414,0,414,717
05/20/2016,IWA,AZ,AWP,WE,Federal Contract Tower,41,7,11,5,64,0,73,100,3,176,41,80,111,8,240,276,1,277,517
05/21/2016,IWA,AZ,AWP,WE,Federal Contract Tower,18,3,12,1,34,0,34,49,2,85,18,37,61,3,119,80,2,82,201
05/22/2016,IWA,AZ,AWP,WE,Federal Contract Tower,33,10,13,0,56,0,26,54,2,82,33,36,67,2,138,154,0,154,292
05/23/2016,IWA,AZ,AWP,WE,Federal Contract Tower,39,23,36,6,104,0,103,137,1,241,39,126,173,7,345,521,38,559,904
05/24/2016,IWA,AZ,AWP,WE,Federal Contract Tower,14,16,27,1,58,0,112,121,1,234,14,128,148,2,292,507,0,507,799
05/25/2016,IWA,AZ,AWP,WE,Federal Contract Tower,33,12,41,0,86,0,81,130,2,213,33,93,171,2,299,377,2,379,678
05/26/2016,IWA,AZ,AWP,WE,Federal Contract Tower,36,18,34,1,89,0,113,158,8,279,36,131,192,9,368,520,5,525,893
05/27/2016,IWA,AZ,AWP,WE,Federal Contract Tower,43,8,26,2,79,0,94,124,6,224,43,102,150,8,303,301,0,301,604
05/28/2016,IWA,AZ,AWP,WE,Federal Contract Tower,21,12,16,0,49,0,58,47,16,121,21,70,63,16,170,165,1,166,336
05/29/2016,IWA,AZ,AWP,WE,Federal Contract Tower,37,11,11,0,59,0,26,52,17,95,37,37,63,17,154,80,0,80,234
05/30/2016,IWA,AZ,AWP,WE,Federal Contract Tower,39,6,22,1,68,0,50,77,8,135,39,56,99,9,203,205,0,205,408
05/31/2016,IWA,AZ,AWP,WE,Federal Contract Tower,13,18,42,5,78,0,102,99,4,205,13,120,141,9,283,373,0,373,656
06/01/2016,IWA,AZ,AWP,WE,Federal Contract Tower,35,12,46,2,95,0,99,116,0,215,35,111,162,2,310,523,0,523,833
06/02/2016,IWA,AZ,AWP,WE,Federal Contract Tower,37,18,27,2,84,0,91,118,1,210,37,109,145,3,294,451,0,451,745
06/03/2016,IWA,AZ,AWP,WE,Federal Contract Tower,41,12,38,13,104,0,70,107,11,188,41,82,145,24,292,242,2,244,536
06/04/2016,IWA,AZ,AWP,WE,Federal Contract Tower,24,0,14,15,53,0,62,94,3,159,24,62,108,18,212,192,0,192,404
06/05/2016,IWA,AZ,AWP,WE,Federal Contract Tower,35,7,12,0,54,0,21,36,0,57,35,28,48,0,111,246,0,246,357
06/06/2016,IWA,AZ,AWP,WE,Federal Contract Tower,37,11,33,4,85,0,73,120,1,194,37,84,153,5,279,423,0,423,702
06/07/2016,IWA,AZ,AWP,WE,Federal Contract Tower,15,21,47,4,87,0,78,173,0,251,15,99,220,4,338,389,0,389,727
06/08/2016,IWA,AZ,AWP,WE,Federal Contract Tower,30,24,35,2,91,0,92,174,15,281,30,116,209,17,372,456,0,456,828
06/09/2016,IWA,AZ,AWP,WE,Federal Contract Tower,34,15,48,4,101,0,103,161,5,269,34,118,209,9,370,441,0,441,811
06/10/2016,IWA,AZ,AWP,WE,Federal Contract Tower,36,16,55,5,112,0,74,168,5,247,36,90,223,10,359,354,2,356,715
06/11/2016,IWA,AZ,AWP,WE,Federal Contract Tower,33,10,35,4,82,0,67,85,4,156,33,77,120,8,238,391,0,391,629
06/12/2016,IWA,AZ,AWP,WE,Federal Contract Tower,38,8,33,3,82,0,30,43,2,75,38,38,76,5,157,150,0,150,307
06/13/2016,IWA,AZ,AWP,WE,Federal Contract Tower,40,25,61,1,127,0,96,117,0,213,40,121,178,1,340,298,0,298,638
06/14/2016,IWA,AZ,AWP,WE,Federal Contract Tower,21,16,57,5,99,0,98,134,4,236,21,114,191,9,335,415,1,416,751
06/15/2016,IWA,AZ,AWP,WE,Federal Contract Tower,31,32,69,3,135,0,93,145,0,238,31,125,214,3,373,375,0,375,748
06/16/2016,IWA,AZ,AWP,WE,Federal Contract Tower,33,21,61,7,122,0,82,137,2,221,33,103,198,9,343,331,59,390,733
06/17/2016,IWA,AZ,AWP,WE,Federal Contract Tower,44,23,53,2,122,0,83,129,0,212,44,106,182,2,334,460,0,460,794
06/18/2016,IWA,AZ,AWP,WE,Federal Contract Tower,32,11,39,1,83,0,68,101,0,169,32,79,140,1,252,323,0,323,575
06/19/2016,IWA,AZ,AWP,WE,Federal Contract Tower,32,7,20,3,62,0,16,56,2,74,32,23,76,5,136,103,0,103,239
06/20/2016,IWA,AZ,AWP,WE,Federal Contract Tower,36,13,32,2,83,0,64,83,0,147,36,77,115,2,230,234,0,234,464
06/21/2016,IWA,AZ,AWP,WE,Federal Contract Tower,25,25,57,3,110,0,79,143,0,222,25,104,200,3,332,463,0,463,795
06/22/2016,IWA,AZ,AWP,WE,Federal Contract Tower,33,19,59,2,113,0,84,137,2,223,33,103,196,4,336,285,0,285,621
06/23/2016,IWA,AZ,AWP,WE,Federal Contract Tower,34,14,28,8,84,0,66,117,11,194,34,80,145,19,278,275,10,285,563
06/24/2016,IWA,AZ,AWP,WE,Federal Contract Tower,42,11,41,6,100,0,76,121,11,208,42,87,162,17,308,250,2,252,560
06/25/2016,IWA,AZ,AWP,WE,Federal Contract Tower,34,10,49,0,93,0,52,100,1,153,34,62,149,1,246,264,0,264,510
06/26/2016,IWA,AZ,AWP,WE,Federal Contract Tower,38,5,21,2,66,0,20,59,0,79,38,25,80,2,145,150,6,156,301
06/27/2016,IWA,AZ,AWP,WE,Federal Contract Tower,34,11,49,6,100,0,81,126,4,211,34,92,175,10,311,326,30,356,667
06/28/2016,IWA,AZ,AWP,WE,Federal Contract Tower,30,16,41,0,87,0,77,158,2,237,30,93,199,2,324,461,2,463,787
06/29/2016,IWA,AZ,AWP,WE,Federal Contract Tower,35,12,26,0,73,0,83,122,0,205,35,95,148,0,278,439,0,439,717
06/30/2016,IWA,AZ,AWP,WE,Federal Contract Tower,35,19,36,2,92,0,122,117,0,239,35,141,153,2,331,551,0,551,882
07/01/2016,IWA,AZ,AWP,WE,Federal Contract Tower,39,12,33,2,86,0,81,78,0,159,39,93,111,2,245,355,0,355,600
07/02/2016,IWA,AZ,AWP,WE,Federal Contract Tower,32,6,26,0,64,0,57,71,1,129,32,63,97,1,193,153,0,153,346
07/03/2016,IWA,AZ,AWP,WE,Federal Contract Tower,31,4,32,0,67,0,41,48,0,89,31,45,80,0,156,170,0,170,326
07/04/2016,IWA,AZ,AWP,WE,Federal Contract Tower,37,4,27,0,68,0,15,68,0,83,37,19,95,0,151,109,0,109,260
07/05/2016,IWA,AZ,AWP,WE,Federal Contract Tower,28,11,58,2,99,0,59,131,0,190,28,70,189,2,289,286,0,286,575
07/06/2016,IWA,AZ,AWP,WE,Federal Contract Tower,32,26,43,4,105,0,105,116,6,227,32,131,159,10,332,498,12,510,842
07/07/2016,IWA,AZ,AWP,WE,Federal Contract Tower,38,15,60,2,115,0,106,142,2,250,38,121,202,4,365,476,0,476,841
07/08/2016,IWA,AZ,AWP,WE,Federal Contract Tower,42,19,63,4,128,0,82,118,4,204,42,101,181,8,332,242,0,242,574
07/09/2016,IWA,AZ,AWP,WE,Federal Contract Tower,26,22,42,1,91,0,77,83,0,160,26,99,125,1,251,333,0,333,584
07/10/2016,IWA,AZ,AWP,WE,Federal Contract Tower,34,14,37,0,85,0,47,43,0,90,34,61,80,0,175,89,0,89,264
07/11/2016,IWA,AZ,AWP,WE,Federal Contract Tower,39,17,44,0,100,0,64,88,3,155,39,81,132,3,255,350,0,350,605
07/12/2016,IWA,AZ,AWP,WE,Federal Contract Tower,24,15,43,2,84,0,89,120,8,217,24,104,163,10,301,426,0,426,727
07/13/2016,IWA,AZ,AWP,WE,Federal Contract Tower,30,13,50,9,102,0,74,150,5,229,30,87,200,14,331,376,4,380,711
07/14/2016,IWA,AZ,AWP,WE,Federal Contract Tower,38,15,57,4,114,0,81,136,6,223,38,96,193,10,337,448,13,461,798
07/15/2016,IWA,AZ,AWP,WE,Federal Contract Tower,35,21,58,4,118,0,93,104,8,205,35,114,162,12,323,311,1,312,635
07/16/2016,IWA,AZ,AWP,WE,Federal Contract Tower,34,18,48,1,101,0,70,50,3,123,34,88,98,4,224,227,0,227,451
07/17/2016,IWA,AZ,AWP,WE,Federal Contract Tower,38,8,27,3,76,0,35,35,5,75,38,43,62,8,151,122,0,122,273
07/18/2016,IWA,AZ,AWP,WE,Federal Contract Tower,33,14,34,2,83,0,80,93,10,183,33,94,127,12,266,315,2,317,583
07/19/2016,IWA,AZ,AWP,WE,Federal Contract Tower,26,16,45,5,92,0,91,111,3,205,26,107,156,8,297,293,10,303,600
07/20/2016,IWA,AZ,AWP,WE,Federal Contract Tower,33,25,59,3,120,0,104,137,3,244,33,129,196,6,364,294,6,300,664
07/21/2016,IWA,AZ,AWP,WE,Federal Contract Tower,39,20,64,2,125,0,73,133,3,209,39,93,197,5,334,293,33,326,660
07/22/2016,IWA,AZ,AWP,WE,Federal Contract Tower,43,35,57,4,139,0,53,111,10,174,43,88,168,14,313,311,2,313,626
07/23/2016,IWA,AZ,AWP,WE,Federal Contract Tower,25,17,46,4,92,0,65,86,7,158,25,82,132,11,250,163,9,172,422
07/24/2016,IWA,AZ,AWP,WE,Federal Contract Tower,50,8,56,1,115,0,33,61,4,98,50,41,117,5,213,96,0,96,309
07/25/2016,IWA,AZ,AWP,WE,Federal Contract Tower,33,12,47,1,93,0,76,118,3,197,33,88,165,4,290,280,7,287,577
07/26/2016,IWA,AZ,AWP,WE,Federal Contract Tower,23,20,64,1,108,0,92,132,1,225,23,112,196,2,333,390,1,391,724
07/27/2016,IWA,AZ,AWP,WE,Federal Contract Tower,26,16,51,3,96,0,81,111,0,192,26,97,162,3,288,338,16,354,642
07/28/2016,IWA,AZ,AWP,WE,Federal Contract Tower,40,23,46,0,109,0,125,127,2,254,40,148,173,2,363,539,0,539,902
07/29/2016,IWA,AZ,AWP,WE,Federal Contract Tower,37,17,48,1,103,0,55,121,2,178,37,72,169,3,281,403,8,411,692
07/30/2016,IWA,AZ,AWP,WE,Federal Contract Tower,27,15,35,2,79,0,86,70,0,156,27,101,105,2,235,297,0,297,532
07/31/2016,IWA,AZ,AWP,WE,Federal Contract Tower,35,10,38,5,88,0,49,46,3,98,35,59,84,8,186,157,0,157,343
08/01/2016,IWA,AZ,AWP,WE,Federal Contract Tower,32,20,55,0,107,0,80,110,1,191,32,100,165,1,298,372,1,373,671
08/02/2016,IWA,AZ,AWP,WE,Federal Contract Tower,15,23,33,4,75,0,78,82,11,171,15,101,115,15,246,358,6,364,610
08/03/2016,IWA,AZ,AWP,WE,Federal Contract Tower,21,24,38,10,93,0,96,126,7,229,21,120,164,17,322,477,2,479,801
08/04/2016,IWA,AZ,AWP,WE,Federal Contract Tower,36,18,16,5,75,0,92,102,6,200,36,110,118,11,275,422,9,431,706
08/05/2016,IWA,AZ,AWP,WE,Federal Contract Tower,40,15,34,2,91,0,74,98,1,173,40,89,132,3,264,337,12,349,613
08/06/2016,IWA,AZ,AWP,WE,Federal Contract Tower,22,10,25,2,59,0,83,76,0,159,22,93,101,2,218,326,1,327,545
08/07/2016,IWA,AZ,AWP,WE,Federal Contract Tower,37,7,44,0,88,0,38,76,3,117,37,45,120,3,205,144,0,144,349
08/08/2016,IWA,AZ,AWP,WE,Federal Contract Tower,34,11,51,0,96,0,60,119,0,179,34,71,170,0,275,345,0,345,620
08/09/2016,IWA,AZ,AWP,WE,Federal Contract Tower,13,18,26,0,57,0,72,79,0,151,13,90,105,0,208,303,8,311,519
08/10/2016,IWA,AZ,AWP,WE,Federal Contract Tower,27,21,57,4,109,1,87,138,4,230,28,108,195,8,339,431,23,454,793
08/11/2016,IWA,AZ,AWP,WE,Federal Contract Tower,31,12,35,0,78,0,78,70,1,149,31,90,105,1,227,396,0,396,623
08/12/2016,IWA,AZ,AWP,WE,Federal Contract Tower,46,22,54,10,132,0,96,140,6,242,46,118,194,16,374,492,13,505,879
08/13/2016,IWA,AZ,AWP,WE,Federal Contract Tower,22,6,37,2,67,0,40,71,0,111,22,46,108,2,178,355,0,355,533
08/14/2016,IWA,AZ,AWP,WE,Federal Contract Tower,35,5,21,4,65,0,48,38,0,86,35,53,59,4,151,185,0,185,336
08/15/2016,IWA,AZ,AWP,WE,Federal Contract Tower,36,17,49,0,102,0,96,119,0,215,36,113,168,0,317,365,0,365,682
08/16/2016,IWA,AZ,AWP,WE,Federal Contract Tower,12,18,32,1,63,0,61,134,0,195,12,79,166,1,258,320,0,320,578
08/17/2016,IWA,AZ,AWP,WE,Federal Contract Tower,11,20,29,6,66,0,85,141,3,229,11,105,170,9,295,355,2,357,652
08/18/2016,IWA,AZ,AWP,WE,Federal Contract Tower,36,30,59,13,138,0,70,126,0,196,36,100,185,13,334,333,7,340,674
08/19/2016,IWA,AZ,AWP,WE,Federal Contract Tower,38,10,68,13,129,0,52,146,4,202,38,62,214,17,331,280,11,291,622
08/20/2016,IWA,AZ,AWP,WE,Federal Contract Tower,12,6,26,5,49,0,41,49,8,98,12,47,75,13,147,202,0,202,349
08/21/2016,IWA,AZ,AWP,WE,Federal Contract Tower,33,16,25,1,75,0,53,33,0,86,33,69,58,1,161,198,0,198,359
08/22/2016,IWA,AZ,AWP,WE,Federal Contract Tower,34,21,67,2,124,0,73,145,0,218,34,94,212,2,342,470,0,470,812
08/23/2016,IWA,AZ,AWP,WE,Federal Contract Tower,5,36,58,0,99,0,80,178,0,258,5,116,236,0,357,351,0,351,708
08/24/2016,IWA,AZ,AWP,WE,Federal Contract Tower,13,17,46,4,80,0,78,147,2,227,13,95,193,6,307,334,12,346,653
08/25/2016,IWA,AZ,AWP,WE,Federal Contract Tower,37,24,50,1,112,0,78,149,0,227,37,102,199,1,339,318,0,318,657
08/26/2016,IWA,AZ,AWP,WE,Federal Contract Tower,36,13,34,8,91,0,96,157,1,254,36,109,191,9,345,288,39,327,672
08/27/2016,IWA,AZ,AWP,WE,Federal Contract Tower,12,13,67,6,98,0,64,98,7,169,12,77,165,13,267,301,0,301,568
08/28/2016,IWA,AZ,AWP,WE,Federal Contract Tower,38,10,34,0,82,0,63,47,0,110,38,73,81,0,192,100,0,100,292
08/29/2016,IWA,AZ,AWP,WE,Federal Contract Tower,28,12,20,0,60,0,79,131,0,210,28,91,151,0,270,338,0,338,608
08/30/2016,IWA,AZ,AWP,WE,Federal Contract Tower,6,13,11,7,37,0,69,119,3,191,6,82,130,10,228,406,20,426,654
08/31/2016,IWA,AZ,AWP,WE,Federal Contract Tower,10,9,23,2,44,0,114,148,2,264,10,123,171,4,308,508,0,508,816
09/01/2016,IWA,AZ,AWP,WE,Federal Contract Tower,39,15,31,7,92,0,102,144,6,252,39,117,175,13,344,435,44,479,823
09/02/2016,IWA,AZ,AWP,WE,Federal Contract Tower,37,24,72,1,134,0,105,181,0,286,37,129,253,1,420,497,0,497,917
09/03/2016,IWA,AZ,AWP,WE,Federal Contract Tower,19,4,46,0,69,0,77,77,0,154,19,81,123,0,223,348,0,348,571
09/04/2016,IWA,AZ,AWP,WE,Federal Contract Tower,33,8,26,0,67,0,49,64,0,113,33,57,90,0,180,146,0,146,326
09/05/2016,IWA,AZ,AWP,WE,Federal Contract Tower,26,12,49,2,89,0,38,91,2,131,26,50,140,4,220,325,0,325,545
09/06/2016,IWA,AZ,AWP,WE,Federal Contract Tower,5,25,56,3,89,0,113,136,1,250,5,138,192,4,339,514,0,514,853
09/07/2016,IWA,AZ,AWP,WE,Federal Contract Tower,10,21,65,6,102,0,63,116,3,182,10,84,181,9,284,417,16,433,717
09/08/2016,IWA,AZ,AWP,WE,Federal Contract Tower,38,18,59,8,123,0,85,167,3,255,38,103,226,11,378,458,12,470,848
09/09/2016,IWA,AZ,AWP,WE,Federal Contract Tower,37,26,58,4,125,0,114,167,1,282,37,140,225,5,407,473,2,475,882
09/10/2016,IWA,AZ,AWP,WE,Federal Contract Tower,13,13,61,6,93,0,86,84,2,172,13,99,145,8,265,239,0,239,504
09/11/2016,IWA,AZ,AWP,WE,Federal Contract Tower,38,11,31,4,84,0,41,50,2,93,38,52,81,6,177,154,0,154,331
09/12/2016,IWA,AZ,AWP,WE,Federal Contract Tower,26,15,31,3,75,0,86,148,1,235,26,101,179,4,310,587,14,601,911
09/13/2016,IWA,AZ,AWP,WE,Federal Contract Tower,5,19,35,4,63,0,78,143,5,226,5,97,178,9,289,370,34,404,693
09/14/2016,IWA,AZ,AWP,WE,Federal Contract Tower,12,25,69,6,112,0,100,191,2,293,12,125,260,8,405,452,25,477,882
09/15/2016,IWA,AZ,AWP,WE,Federal Contract Tower,38,32,55,8,133,0,136,192,4,332,38,168,247,12,465,571,14,585,1050
09/16/2016,IWA,AZ,AWP,WE,Federal Contract Tower,33,25,64,7,129,0,108,155,2,265,33,133,219,9,394,504,2,506,900
09/17/2016,IWA,AZ,AWP,WE,Federal Contract Tower,15,7,54,9,85,0,67,53,0,120,15,74,107,9,205,315,9,324,529
09/18/2016,IWA,AZ,AWP,WE,Federal Contract Tower,38,4,45,2,89,0,28,57,0,85,38,32,102,2,174,164,0,164,338
09/19/2016,IWA,AZ,AWP,WE,Federal Contract Tower,26,17,71,7,121,0,80,167,0,247,26,97,238,7,368,437,13,450,818
09/20/2016,IWA,AZ,AWP,WE,Federal Contract Tower,7,24,73,12,116,0,95,160,2,257,7,119,233,14,373,572,9,581,954
09/21/2016,IWA,AZ,AWP,WE,Federal Contract Tower,19,19,57,4,99,0,117,195,2,314,19,136,252,6,413,466,0,466,879
09/22/2016,IWA,AZ,AWP,WE,Federal Contract Tower,40,17,42,0,99,0,70,113,0,183,40,87,155,0,282,531,0,531,813
09/23/2016,IWA,AZ,AWP,WE,Federal Contract Tower,35,30,105,6,176,0,102,206,2,310,35,132,311,8,486,712,0,712,1198
09/24/2016,IWA,AZ,AWP,WE,Federal Contract Tower,20,11,66,0,97,0,76,86,0,162,20,87,152,0,259,318,0,318,577
09/25/2016,IWA,AZ,AWP,WE,Federal Contract Tower,40,3,37,4,84,0,20,60,0,80,40,23,97,4,164,67,0,67,231
09/26/2016,IWA,AZ,AWP,WE,Federal Contract Tower,26,13,27,1,67,0,34,103,3,140,26,47,130,4,207,393,2,395,602
09/27/2016,IWA,AZ,AWP,WE,Federal Contract Tower,5,13,23,3,44,0,56,120,3,179,5,69,143,6,223,389,3,392,615
09/28/2016,IWA,AZ,AWP,WE,Federal Contract Tower,17,14,24,4,59,0,113,181,1,295,17,127,205,5,354,691,12,703,1057
09/29/2016,IWA,AZ,AWP,WE,Federal Contract Tower,31,23,60,0,114,0,88,145,3,236,31,111,205,3,350,490,6,496,846
09/30/2016,IWA,AZ,AWP,WE,Federal Contract Tower,37,14,51,7,109,0,79,177,1,257,37,93,228,8,366,591,38,629,995
10/01/2016,IWA,AZ,AWP,WE,Federal Contract Tower,18,8,62,6,94,0,66,86,0,152,18,74,148,6,246,362,0,362,608
10/02/2016,IWA,AZ,AWP,WE,Federal Contract Tower,36,5,26,0,67,0,25,49,0,74,36,30,75,0,141,130,0,130,271
10/03/2016,IWA,AZ,AWP,WE,Federal Contract Tower,28,12,74,5,119,0,72,128,0,200,28,84,202,5,319,632,7,639,958
10/04/2016,IWA,AZ,AWP,WE,Federal Contract Tower,6,31,85,3,125,0,109,190,3,302,6,140,275,6,427,673,32,705,1132
10/05/2016,IWA,AZ,AWP,WE,Federal Contract Tower,27,19,44,6,96,0,108,160,1,269,27,127,204,7,365,589,7,596,961
10/06/2016,IWA,AZ,AWP,WE,Federal Contract Tower,32,17,61,0,110,0,81,156,4,241,32,98,217,4,351,616,0,616,967
10/07/2016,IWA,AZ,AWP,WE,Federal Contract Tower,38,21,42,12,113,0,101,138,9,248,38,122,180,21,361,562,5,567,928
10/08/2016,IWA,AZ,AWP,WE,Federal Contract Tower,24,1,26,6,57,0,53,67,21,141,24,54,93,27,198,229,0,229,427
10/09/2016,IWA,AZ,AWP,WE,Federal Contract Tower,41,2,15,0,58,0,38,46,0,84,41,40,61,0,142,130,0,130,272
10/10/2016,IWA,AZ,AWP,WE,Federal Contract Tower,35,33,59,1,128,0,86,136,1,223,35,119,195,2,351,468,12,480,831
10/11/2016,IWA,AZ,AWP,WE,Federal Contract Tower,15,29,82,3,129,0,79,189,5,273,15,108,271,8,402,598,1,599,1001
10/12/2016,IWA,AZ,AWP,WE,Federal Contract Tower,26,30,70,14,140,0,90,180,5,275,26,120,250,19,415,542,1,543,958
10/13/2016,IWA,AZ,AWP,WE,Federal Contract Tower,36,23,65,9,133,0,101,144,1,246,36,124,209,10,379,395,0,395,774
10/14/2016,IWA,AZ,AWP,WE,Federal Contract Tower,39,33,72,11,155,0,115,144,6,265,39,148,216,17,420,318,0,318,738
10/15/2016,IWA,AZ,AWP,WE,Federal Contract Tower,29,16,45,11,101,0,78,86,28,192,29,94,131,39,293,363,8,371,664
10/16/2016,IWA,AZ,AWP,WE,Federal Contract Tower,41,13,30,3,87,0,55,42,2,99,41,68,72,5,186,175,2,177,363
10/17/2016,IWA,AZ,AWP,WE,Federal Contract Tower,33,45,67,2,147,0,106,137,0,243,33,151,204,2,390,516,0,516,906
10/18/2016,IWA,AZ,AWP,WE,Federal Contract Tower,10,37,59,2,108,0,112,169,2,283,10,149,228,4,391,645,5,650,1041
10/19/2016,IWA,AZ,AWP,WE,Federal Contract Tower,25,33,58,0,116,0,134,193,4,331,25,167,251,4,447,608,6,614,1061
10/20/2016,IWA,AZ,AWP,WE,Federal Contract Tower,38,10,31,0,79,0,102,167,3,272,38,112,198,3,351,562,0,562,913
10/21/2016,IWA,AZ,AWP,WE,Federal Contract Tower,42,12,30,13,97,0,65,143,2,210,42,77,173,15,307,423,26,449,756
10/22/2016,IWA,AZ,AWP,WE,Federal Contract Tower,24,12,47,2,85,0,64,101,0,165,24,76,148,2,250,284,0,284,534
10/23/2016,IWA,AZ,AWP,WE,Federal Contract Tower,37,8,25,4,74,0,49,48,0,97,37,57,73,4,171,215,0,215,386
10/24/2016,IWA,AZ,AWP,WE,Federal Contract Tower,33,19,27,4,83,0,96,139,0,235,33,115,166,4,318,605,0,605,923
10/25/2016,IWA,AZ,AWP,WE,Federal Contract Tower,10,37,68,3,118,0,115,217,5,337,10,152,285,8,455,625,2,627,1082
10/26/2016,IWA,AZ,AWP,WE,Federal Contract Tower,26,17,66,9,118,0,76,187,6,269,26,93,253,15,387,570,0,570,957
10/27/2016,IWA,AZ,AWP,WE,Federal Contract Tower,40,18,31,5,94,0,94,191,15,300,40,112,222,20,394,733,14,747,1141
10/28/2016,IWA,AZ,AWP,WE,Federal Contract Tower,40,25,47,8,120,0,93,164,20,277,40,118,211,28,397,695,3,698,1095
10/29/2016,IWA,AZ,AWP,WE,Federal Contract Tower,21,9,34,9,73,0,71,70,9,150,21,80,104,18,223,198,0,198,421
10/30/2016,IWA,AZ,AWP,WE,Federal Contract Tower,39,8,31,0,78,0,38,44,2,84,39,46,75,2,162,216,0,216,378
10/31/2016,IWA,AZ,AWP,WE,Federal Contract Tower,34,29,49,1,113,0,81,142,1,224,34,110,191,2,337,616,3,619,956
11/01/2016,IWA,AZ,AWP,WE,Federal Contract Tower,7,38,72,2,119,0,82,167,1,250,7,120,239,3,369,666,4,670,1039
11/02/2016,IWA,AZ,AWP,WE,Federal Contract Tower,30,26,55,10,121,0,77,181,4,262,30,103,236,14,383,533,0,533,916
11/03/2016,IWA,AZ,AWP,WE,Federal Contract Tower,34,19,18,4,75,0,43,66,8,117,34,62,84,12,192,159,0,159,351
11/04/2016,IWA,AZ,AWP,WE,Federal Contract Tower,40,30,56,5,131,0,91,133,1,225,40,121,189,6,356,613,18,631,987
11/05/2016,IWA,AZ,AWP,WE,Federal Contract Tower,28,16,37,1,82,0,99,89,2,190,28,115,126,3,272,467,0,467,739
11/06/2016,IWA,AZ,AWP,WE,Federal Contract Tower,39,10,32,1,82,0,66,58,0,124,39,76,90,1,206,297,0,297,503
11/07/2016,IWA,AZ,AWP,WE,Federal Contract Tower,35,31,70,4,140,0,114,170,4,288,35,145,240,8,428,456,10,466,894
11/08/2016,IWA,AZ,AWP,WE,Federal Contract Tower,7,11,20,0,38,0,94,117,2,213,7,105,137,2,251,598,2,600,851
11/09/2016,IWA,AZ,AWP,WE,Federal Contract Tower,25,12,28,2,67,0,80,105,3,188,25,92,133,5,255,541,0,541,796
11/10/2016,IWA,AZ,AWP,WE,Federal Contract Tower,35,12,31,6,84,0,83,103,3,189,35,95,134,9,273,497,9,506,779
11/11/2016,IWA,AZ,AWP,WE,Federal Contract Tower,46,8,21,3,78,0,105,152,5,262,46,113,173,8,340,736,8,744,1084
11/12/2016,IWA,AZ,AWP,WE,Federal Contract Tower,20,5,21,0,46,0,73,72,0,145,20,78,93,0,191,390,0,390,581
11/13/2016,IWA,AZ,AWP,WE,Federal Contract Tower,37,9,47,5,98,0,62,43,7,112,37,71,90,12,210,282,0,282,492
11/14/2016,IWA,AZ,AWP,WE,Federal Contract Tower,38,40,60,0,138,0,121,156,7,284,38,161,216,7,422,654,40,694,1116
11/15/2016,IWA,AZ,AWP,WE,Federal Contract Tower,10,44,60,5,119,0,122,188,5,315,10,166,248,10,434,894,54,948,1382
11/16/2016,IWA,AZ,AWP,WE,Federal Contract Tower,29,28,33,12,102,0,106,181,23,310,29,134,214,35,412,797,69,866,1278
11/17/2016,IWA,AZ,AWP,WE,Federal Contract Tower,35,30,76,4,145,0,113,178,11,302,35,143,254,15,447,828,41,869,1316
11/18/2016,IWA,AZ,AWP,WE,Federal Contract Tower,39,24,67,2,132,0,90,176,7,273,39,114,243,9,405,835,33,868,1273
11/19/2016,IWA,AZ,AWP,WE,Federal Contract Tower,20,7,25,3,55,0,75,63,1,139,20,82,88,4,194,391,0,391,585
11/20/2016,IWA,AZ,AWP,WE,Federal Contract Tower,40,8,35,4,87,0,41,60,0,101,40,49,95,4,188,245,0,245,433
11/21/2016,IWA,AZ,AWP,WE,Federal Contract Tower,28,16,27,10,81,0,43,86,8,137,28,59,113,18,218,407,62,469,687
11/22/2016,IWA,AZ,AWP,WE,Federal Contract Tower,41,20,61,2,124,0,101,182,10,293,41,121,243,12,417,703,83,786,1203
11/23/2016,IWA,AZ,AWP,WE,Federal Contract Tower,41,21,38,1,101,0,125,140,12,277,41,146,178,13,378,591,60,651,1029
11/24/2016,IWA,AZ,AWP,WE,Federal Contract Tower,29,0,6,0,35,0,3,19,0,22,29,3,25,0,57,59,0,59,116
11/25/2016,IWA,AZ,AWP,WE,Federal Contract Tower,30,1,5,0,36,0,63,58,0,121,30,64,63,0,157,212,0,212,369
11/26/2016,IWA,AZ,AWP,WE,Federal Contract Tower,38,10,11,0,59,0,83,53,0,136,38,93,64,0,195,378,0,378,573
11/27/2016,IWA,AZ,AWP,WE,Federal Contract Tower,43,18,22,0,83,0,23,42,0,65,43,41,64,0,148,146,0,146,294
11/28/2016,IWA,AZ,AWP,WE,Federal Contract Tower,35,20,13,9,77,0,107,95,10,212,35,127,108,19,289,671,73,744,1033
11/29/2016,IWA,AZ,AWP,WE,Federal Contract Tower,8,38,75,5,126,0,134,193,14,341,8,172,268,19,467,800,62,862,1329
11/30/2016,IWA,AZ,AWP,WE,Federal Contract Tower,18,29,69,3,119,0,110,194,20,324,18,139,263,23,443,650,56,706,1149
12/01/2016,IWA,AZ,AWP,WE,Federal Contract Tower,36,25,61,4,126,0,109,177,10,296,36,134,238,14,422,624,28,652,1074
12/02/2016,IWA,AZ,AWP,WE,Federal Contract Tower,37,36,42,12,127,0,116,198,7,321,37,152,240,19,448,463,21,484,932
12/03/2016,IWA,AZ,AWP,WE,Federal Contract Tower,10,17,45,2,74,0,88,70,9,167,10,105,115,11,241,257,5,262,503
12/04/2016,IWA,AZ,AWP,WE,Federal Contract Tower,38,15,47,3,103,0,61,64,4,129,38,76,111,7,232,362,0,362,594
12/05/2016,IWA,AZ,AWP,WE,Federal Contract Tower,30,28,49,2,109,0,109,169,2,280,30,137,218,4,389,593,1,594,983
12/06/2016,IWA,AZ,AWP,WE,Federal Contract Tower,6,36,59,0,101,0,118,192,1,311,6,154,251,1,412,574,0,574,986
12/07/2016,IWA,AZ,AWP,WE,Federal Contract Tower,27,17,78,1,123,0,106,203,1,310,27,123,281,2,433,786,0,786,1219
12/08/2016,IWA,AZ,AWP,WE,Federal Contract Tower,38,36,70,2,146,0,100,185,6,291,38,136,255,8,437,607,6,613,1050
12/09/2016,IWA,AZ,AWP,WE,Federal Contract Tower,39,30,77,3,149,0,93,197,3,293,39,123,274,6,442,802,0,802,1244
12/10/2016,IWA,AZ,AWP,WE,Federal Contract Tower,12,9,27,2,50,0,77,80,3,160,12,86,107,5,210,341,0,341,551
12/11/2016,IWA,AZ,AWP,WE,Federal Contract Tower,38,11,36,1,86,0,52,43,1,96,38,63,79,2,182,195,0,195,377
12/12/2016,IWA,AZ,AWP,WE,Federal Contract Tower,37,24,63,0,124,1,106,164,4,275,38,130,227,4,399,667,8,675,1074
12/13/2016,IWA,AZ,AWP,WE,Federal Contract Tower,11,29,72,2,114,0,123,175,8,306,11,152,247,10,420,563,12,575,995
12/14/2016,IWA,AZ,AWP,WE,Federal Contract Tower,21,27,47,2,97,0,85,167,3,255,21,112,214,5,352,600,20,620,972
12/15/2016,IWA,AZ,AWP,WE,Federal Contract Tower,31,25,60,6,122,0,122,162,4,288,31,147,222,10,410,631,21,652,1062
12/16/2016,IWA,AZ,AWP,WE,Federal Contract Tower,41,11,25,3,80,0,108,98,1,207,41,119,123,4,287,524,0,524,811
12/17/2016,IWA,AZ,AWP,WE,Federal Contract Tower,22,15,44,0,81,0,79,76,0,155,22,94,120,0,236,290,0,290,526
12/18/2016,IWA,AZ,AWP,WE,Federal Contract Tower,40,7,52,1,100,0,64,68,0,132,40,71,120,1,232,307,0,307,539
12/19/2016,IWA,AZ,AWP,WE,Federal Contract Tower,34,24,48,3,109,0,100,111,17,228,34,124,159,20,337,514,24,538,875
12/20/2016,IWA,AZ,AWP,WE,Federal Contract Tower,16,38,75,8,137,0,115,159,8,282,16,153,234,16,419,659,22,681,1100
12/21/2016,IWA,AZ,AWP,WE,Federal Contract Tower,36,22,38,8,104,0,73,86,4,163,36,95,124,12,267,475,18,493,760
12/22/2016,IWA,AZ,AWP,WE,Federal Contract Tower,41,29,17,2,89,0,28,25,1,54,41,57,42,3,143,118,5,123,266
12/23/2016,IWA,AZ,AWP,WE,Federal Contract Tower,40,28,19,0,87,0,25,15,0,40,40,53,34,0,127,130,0,130,257
12/24/2016,IWA,AZ,AWP,WE,Federal Contract Tower,42,0,0,0,42,0,9,8,0,17,42,9,8,0,59,47,0,47,106
12/25/2016,IWA,AZ,AWP,WE,Federal Contract Tower,24,1,2,0,27,0,0,1,0,1,24,1,3,0,28,0,0,0,28
12/26/2016,IWA,AZ,AWP,WE,Federal Contract Tower,38,8,16,0,62,0,70,37,0,107,38,78,53,0,169,243,0,243,412
12/27/2016,IWA,AZ,AWP,WE,Federal Contract Tower,39,15,40,0,94,0,71,87,0,158,39,86,127,0,252,351,0,351,603
12/28/2016,IWA,AZ,AWP,WE,Federal Contract Tower,48,16,42,1,107,0,92,72,1,165,48,108,114,2,272,402,0,402,674
12/29/2016,IWA,AZ,AWP,WE,Federal Contract Tower,46,21,19,2,88,0,101,92,0,193,46,122,111,2,281,482,4,486,767
12/30/2016,IWA,AZ,AWP,WE,Federal Contract Tower,41,20,30,0,91,0,87,54,0,141,41,107,84,0,232,375,0,375,607
12/31/2016,IWA,AZ,AWP,WE,Federal Contract Tower,36,9,2,0,47,0,4,7,0,11,36,13,9,0,58,45,0,45,103
01/01/2017,IWA,AZ,AWP,WE,Federal Contract Tower,34,3,2,0,39,0,6,3,0,9,34,9,5,0,48,18,0,18,66
01/02/2017,IWA,AZ,AWP,WE,Federal Contract Tower,35,9,25,0,69,0,71,76,0,147,35,80,101,0,216,400,0,400,616
01/03/2017,IWA,AZ,AWP,WE,Federal Contract Tower,42,28,37,0,107,0,90,158,0,248,42,118,195,0,355,546,0,546,901
01/04/2017,IWA,AZ,AWP,WE,Federal Contract Tower,34,13,38,6,91,0,88,187,29,304,34,101,225,35,395,590,72,662,1057
01/05/2017,IWA,AZ,AWP,WE,Federal Contract Tower,30,19,60,6,115,0,112,139,12,263,30,131,199,18,378,642,90,732,1110
01/06/2017,IWA,AZ,AWP,WE,Federal Contract Tower,42,24,64,0,130,0,75,143,11,229,42,99,207,11,359,513,82,595,954
01/07/2017,IWA,AZ,AWP,WE,Federal Contract Tower,22,22,58,2,104,0,76,93,10,179,22,98,151,12,283,346,13,359,642
01/08/2017,IWA,AZ,AWP,WE,Federal Contract Tower,37,19,48,2,106,0,45,51,5,101,37,64,99,7,207,181,0,181,388
01/09/2017,IWA,AZ,AWP,WE,Federal Contract Tower,32,34,71,11,148,0,91,129,23,243,32,125,200,34,391,429,78,507,898
01/10/2017,IWA,AZ,AWP,WE,Federal Contract Tower,13,40,73,12,138,0,59,182,19,260,13,99,255,31,398,423,100,523,921
01/11/2017,IWA,AZ,AWP,WE,Federal Contract Tower,27,23,74,4,128,0,89,176,23,288,27,112,250,27,416,617,158,775,1191
01/12/2017,IWA,AZ,AWP,WE,Federal Contract Tower,31,25,67,4,127,0,62,147,18,227,31,87,214,22,354,408,128,536,890
01/13/2017,IWA,AZ,AWP,WE,Federal Contract Tower,36,12,86,26,160,0,25,179,4,208,36,37,265,30,368,393,116,509,877
01/14/2017,IWA,AZ,AWP,WE,Federal Contract Tower,18,24,22,2,66,0,67,76,0,143,18,91,98,2,209,170,0,170,379
01/15/2017,IWA,AZ,AWP,WE,Federal Contract Tower,33,26,35,2,96,0,19,36,0,55,33,45,71,2,151,267,0,267,418
01/16/2017,IWA,AZ,AWP,WE,Federal Contract Tower,28,24,62,6,120,0,75,101,10,186,28,99,163,16,306,537,128,665,971
01/17/2017,IWA,AZ,AWP,WE,Federal Contract Tower,21,40,97,0,158,0,82,205,12,299,21,122,302,12,457,469,62,531,988
01/18/2017,IWA,AZ,AWP,WE,Federal Contract Tower,29,51,86,4,170,0,80,212,28,320,29,131,298,32,490,420,107,527,1017
01/19/2017,IWA,AZ,AWP,WE,Federal Contract Tower,36,17,25,15,93,0,61,66,26,153,36,78,91,41,246,467,89,556,802
01/20/2017,IWA,AZ,AWP,WE,Federal Contract Tower,42,28,25,12,107,0,11,29,0,40,42,39,54,12,147,212,0,212,359
01/21/2017,IWA,AZ,AWP,WE,Federal Contract Tower,23,23,27,9,82,0,39,44,2,85,23,62,71,11,167,59,0,59,226
01/22/2017,IWA,AZ,AWP,WE,Federal Contract Tower,37,9,24,5,75,0,53,59,1,113,37,62,83,6,188,272,0,272,460
01/23/2017,IWA,AZ,AWP,WE,Federal Contract Tower,35,27,32,12,106,0,51,51,5,107,35,78,83,17,213,308,39,347,560
01/24/2017,IWA,AZ,AWP,WE,Federal Contract Tower,13,36,113,5,167,0,125,181,13,319,13,161,294,18,486,636,27,663,1149
01/25/2017,IWA,AZ,AWP,WE,Federal Contract Tower,31,49,68,14,162,0,79,170,6,255,31,128,238,20,417,567,20,587,1004
01/26/2017,IWA,AZ,AWP,WE,Federal Contract Tower,36,41,80,2,159,0,86,191,16,293,36,127,271,18,452,696,12,708,1160
01/27/2017,IWA,AZ,AWP,WE,Federal Contract Tower,36,33,39,3,111,0,75,118,4,197,36,108,157,7,308,427,15,442,750
01/28/2017,IWA,AZ,AWP,WE,Federal Contract Tower,19,22,55,8,104,0,62,114,0,176,19,84,169,8,280,407,0,407,687
01/29/2017,IWA,AZ,AWP,WE,Federal Contract Tower,36,6,34,2,78,0,55,38,0,93,36,61,72,2,171,239,0,239,410
01/30/2017,IWA,AZ,AWP,WE,Federal Contract Tower,37,34,71,3,145,0,90,144,5,239,37,124,215,8,384,768,0,768,1152
01/31/2017,IWA,AZ,AWP,WE,Federal Contract Tower,13,27,68,4,112,0,119,170,4,293,13,146,238,8,405,639,33,672,1077
02/01/2017,IWA,AZ,AWP,WE,Federal Contract Tower,30,28,73,10,141,0,79,158,2,239,30,107,231,12,380,488,40,528,908
02/02/2017,IWA,AZ,AWP,WE,Federal Contract Tower,38,26,70,2,136,0,104,184,8,296,38,130,254,10,432,658,75,733,1165
02/03/2017,IWA,AZ,AWP,WE,Federal Contract Tower,39,28,69,13,149,0,93,187,6,286,39,121,256,19,435,574,38,612,1047
02/04/2017,IWA,AZ,AWP,WE,Federal Contract Tower,23,19,44,7,93,0,58,85,3,146,23,77,129,10,239,232,7,239,478
02/05/2017,IWA,AZ,AWP,WE,Federal Contract Tower,31,7,32,4,74,0,36,59,0,95,31,43,91,4,169,201,0,201,370
02/06/2017,IWA,AZ,AWP,WE,Federal Contract Tower,36,30,52,6,124,0,78,117,4,199,36,108,169,10,323,692,25,717,1040
02/07/2017,IWA,AZ,AWP,WE,Federal Contract Tower,14,27,86,4,131,0,96,193,8,297,14,123,279,12,428,564,35,599,1027
02/08/2017,IWA,AZ,AWP,WE,Federal Contract Tower,30,23,65,3,121,0,93,185,8,286,30,116,250,11,407,559,17,576,983
02/09/2017,IWA,AZ,AWP,WE,Federal Contract Tower,39,24,69,4,136,0,115,190,4,309,39,139,259,8,445,677,4,681,1126
02/10/2017,IWA,AZ,AWP,WE,Federal Contract Tower,46,23,45,6,120,0,113,149,2,264,46,136,194,8,384,693,10,703,1087
02/11/2017,IWA,AZ,AWP,WE,Federal Contract Tower,26,3,57,1,87,0,73,121,1,195,26,76,178,2,282,434,3,437,719
02/12/2017,IWA,AZ,AWP,WE,Federal Contract Tower,37,11,57,0,105,0,46,52,2,100,37,57,109,2,205,171,8,179,384
02/13/2017,IWA,AZ,AWP,WE,Federal Contract Tower,36,17,80,2,135,0,85,156,0,241,36,102,236,2,376,523,0,523,899
02/14/2017,IWA,AZ,AWP,WE,Federal Contract Tower,18,19,74,9,120,0,98,140,6,244,18,117,214,15,364,566,8,574,938
02/15/2017,IWA,AZ,AWP,WE,Federal Contract Tower,35,17,40,5,97,0,70,133,1,204,35,87,173,6,301,406,0,406,707
02/16/2017,IWA,AZ,AWP,WE,Federal Contract Tower,44,39,93,5,181,0,112,174,7,293,44,151,267,12,474,659,0,659,1133
02/17/2017,IWA,AZ,AWP,WE,Federal Contract Tower,48,5,39,8,100,0,66,102,18,186,48,71,141,26,286,250,0,250,536
02/18/2017,IWA,AZ,AWP,WE,Federal Contract Tower,32,11,13,11,67,0,29,28,0,57,32,40,41,11,124,149,0,149,273
02/19/2017,IWA,AZ,AWP,WE,Federal Contract Tower,42,5,27,1,75,0,2,10,1,13,42,7,37,2,88,55,0,55,143
02/20/2017,IWA,AZ,AWP,WE,Federal Contract Tower,35,15,70,1,121,0,86,168,0,254,35,101,238,1,375,488,0,488,863
02/21/2017,IWA,AZ,AWP,WE,Federal Contract Tower,28,37,76,3,144,0,119,192,4,315,28,156,268,7,459,573,10,583,1042
02/22/2017,IWA,AZ,AWP,WE,Federal Contract Tower,39,43,99,4,185,0,118,209,2,329,39,161,308,6,514,598,24,622,1136
02/23/2017,IWA,AZ,AWP,WE,Federal Contract Tower,43,40,75,15,173,0,93,180,7,280,43,133,255,22,453,604,15,619,1072
02/24/2017,IWA,AZ,AWP,WE,Federal Contract Tower,48,26,83,7,164,0,91,130,7,228,48,117,213,14,392,591,36,627,1019
02/25/2017,IWA,AZ,AWP,WE,Federal Contract Tower,38,20,54,3,115,0,65,115,0,180,38,85,169,3,295,445,0,445,740
02/26/2017,IWA,AZ,AWP,WE,Federal Contract Tower,44,15,36,12,107,0,72,100,0,172,44,87,136,12,279,351,0,351,630
02/27/2017,IWA,AZ,AWP,WE,Federal Contract Tower,37,22,24,6,89,0,93,105,0,198,37,115,129,6,287,514,3,517,804
02/28/2017,IWA,AZ,AWP,WE,Federal Contract Tower,27,41,57,9,134,0,54,101,3,158,27,95,158,12,292,328,22,350,642
03/01/2017,IWA,AZ,AWP,WE,Federal Contract Tower,48,30,75,3,156,0,103,244,3,350,48,133,319,6,506,614,6,620,1126
03/02/2017,IWA,AZ,AWP,WE,Federal Contract Tower,42,23,61,6,132,0,99,164,9,272,42,122,225,15,404,762,21,783,1187
03/03/2017,IWA,AZ,AWP,WE,Federal Contract Tower,47,13,33,12,105,0,85,134,13,232,47,98,167,25,337,659,10,669,1006
03/04/2017,IWA,AZ,AWP,WE,Federal Contract Tower,37,15,37,1,90,0,56,91,2,149,37,71,128,3,239,354,2,356,595
03/05/2017,IWA,AZ,AWP,WE,Federal Contract Tower,44,9,29,1,83,0,33,58,0,91,44,42,87,1,174,221,0,221,395
03/06/2017,IWA,AZ,AWP,WE,Federal Contract Tower,36,29,88,1,154,0,83,189,1,273,36,112,277,2,427,703,0,703,1130
03/07/2017,IWA,AZ,AWP,WE,Federal Contract Tower,32,26,79,3,140,0,53,164,5,222,32,79,243,8,362,597,10,607,969
03/08/2017,IWA,AZ,AWP,WE,Federal Contract Tower,46,18,58,4,126,0,101,159,7,267,46,119,217,11,393,646,2,648,1041
03/09/2017,IWA,AZ,AWP,WE,Federal Contract Tower,42,24,63,6,135,0,87,175,6,268,42,111,238,12,403,666,2,668,1071
03/10/2017,IWA,AZ,AWP,WE,Federal Contract Tower,47,19,65,5,136,0,95,163,4,262,47,114,228,9,398,501,5,506,904
03/11/2017,IWA,AZ,AWP,WE,Federal Contract Tower,41,9,41,7,98,0,71,86,4,161,41,80,127,11,259,535,0,535,794
03/12/2017,IWA,AZ,AWP,WE,Federal Contract Tower,44,8,35,11,98,0,33,68,6,107,44,41,103,17,205,214,2,216,421
03/13/2017,IWA,AZ,AWP,WE,Federal Contract Tower,39,16,63,5,123,0,90,161,13,264,39,106,224,18,387,542,8,550,937
03/14/2017,IWA,AZ,AWP,WE,Federal Contract Tower,36,22,76,4,138,0,81,153,9,243,36,103,229,13,381,632,26,658,1039
03/15/2017,IWA,AZ,AWP,WE,Federal Contract Tower,47,23,71,13,154,0,94,178,15,287,47,117,249,28,441,695,35,730,1171
03/16/2017,IWA,AZ,AWP,WE,Federal Contract Tower,48,31,93,5,177,0,103,196,20,319,48,134,289,25,496,513,13,526,1022
03/17/2017,IWA,AZ,AWP,WE,Federal Contract Tower,46,22,86,15,169,0,94,176,11,281,46,116,262,26,450,514,5,519,969
03/18/2017,IWA,AZ,AWP,WE,Federal Contract Tower,45,16,37,0,98,0,65,69,0,134,45,81,106,0,232,252,0,252,484
03/19/2017,IWA,AZ,AWP,WE,Federal Contract Tower,44,14,48,2,108,0,38,61,0,99,44,52,109,2,207,239,0,239,446
03/20/2017,IWA,AZ,AWP,WE,Federal Contract Tower,38,22,79,5,144,0,89,153,1,243,38,111,232,6,387,451,0,451,838
03/21/2017,IWA,AZ,AWP,WE,Federal Contract Tower,37,33,62,4,136,0,108,145,4,257,37,141,207,8,393,718,5,723,1116
03/22/2017,IWA,AZ,AWP,WE,Federal Contract Tower,42,31,58,2,133,0,128,192,3,323,42,159,250,5,456,483,0,483,939
03/23/2017,IWA,AZ,AWP,WE,Federal Contract Tower,43,44,55,5,147,0,58,105,3,166,43,102,160,8,313,407,18,425,738
03/24/2017,IWA,AZ,AWP,WE,Federal Contract Tower,51,26,56,5,138,0,103,174,1,278,51,129,230,6,416,535,17,552,968
03/25/2017,IWA,AZ,AWP,WE,Federal Contract Tower,41,14,42,1,98,0,78,95,1,174,41,92,137,2,272,329,3,332,604
03/26/2017,IWA,AZ,AWP,WE,Federal Contract Tower,47,11,43,0,101,0,57,82,0,139,47,68,125,0,240,285,0,285,525
03/27/2017,IWA,AZ,AWP,WE,Federal Contract Tower,41,35,53,2,131,0,80,127,2,209,41,115,180,4,340,409,0,409,749
03/28/2017,IWA,AZ,AWP,WE,Federal Contract Tower,36,31,90,10,167,0,98,143,4,245,36,129,233,14,412,494,19,513,925
03/29/2017,IWA,AZ,AWP,WE,Federal Contract Tower,38,25,57,8,128,0,100,191,3,294,38,125,248,11,422,597,13,610,1032
03/30/2017,IWA,AZ,AWP,WE,Federal Contract Tower,45,20,40,3,108,0,76,111,4,191,45,96,151,7,299,540,0,540,839
03/31/2017,IWA,AZ,AWP,WE,Federal Contract Tower,49,24,79,2,154,0,61,138,4,203,49,85,217,6,357,333,20,353,710
04/01/2017,IWA,AZ,AWP,WE,Federal Contract Tower,42,10,37,1,90,0,84,95,4,183,42,94,132,5,273,419,14,433,706
04/02/2017,IWA,AZ,AWP,WE,Federal Contract Tower,45,19,66,0,130,0,63,82,2,147,45,82,148,2,277,245,10,255,532
04/03/2017,IWA,AZ,AWP,WE,Federal Contract Tower,43,24,69,4,140,0,74,106,0,180,43,98,175,4,320,505,0,505,825
04/04/2017,IWA,AZ,AWP,WE,Federal Contract Tower,33,40,107,2,182,0,119,204,10,333,33,159,311,12,515,740,34,774,1289
04/05/2017,IWA,AZ,AWP,WE,Federal Contract Tower,37,29,79,4,149,0,106,181,5,292,37,135,260,9,441,780,30,810,1251
04/06/2017,IWA,AZ,AWP,WE,Federal Contract Tower,36,29,82,8,155,0,117,193,3,313,36,146,275,11,468,618,22,640,1108
04/07/2017,IWA,AZ,AWP,WE,Federal Contract Tower,46,22,72,5,145,0,103,172,2,277,46,125,244,7,422,466,15,481,903
04/08/2017,IWA,AZ,AWP,WE,Federal Contract Tower,30,11,51,0,92,0,68,78,0,146,30,79,129,0,238,326,0,326,564
04/09/2017,IWA,AZ,AWP,WE,Federal Contract Tower,39,12,62,0,113,0,39,75,0,114,39,51,137,0,227,165,0,165,392
04/10/2017,IWA,AZ,AWP,WE,Federal Contract Tower,33,23,87,1,144,0,105,128,1,234,33,128,215,2,378,543,0,543,921
04/11/2017,IWA,AZ,AWP,WE,Federal Contract Tower,20,17,94,7,138,0,86,182,6,274,20,103,276,13,412,715,10,725,1137
04/12/2017,IWA,AZ,AWP,WE,Federal Contract Tower,25,15,126,5,171,0,79,199,11,289,25,94,325,16,460,531,18,549,1009
04/13/2017,IWA,AZ,AWP,WE,Federal Contract Tower,42,25,68,0,135,0,110,169,4,283,42,135,237,4,418,560,7,567,985
04/14/2017,IWA,AZ,AWP,WE,Federal Contract Tower,40,19,61,0,120,0,78,192,0,270,40,97,253,0,390,329,0,329,719
04/15/2017,IWA,AZ,AWP,WE,Federal Contract Tower,30,15,31,0,76,0,67,118,0,185,30,82,149,0,261,403,0,403,664
04/16/2017,IWA,AZ,AWP,WE,Federal Contract Tower,41,5,21,0,67,0,48,56,0,104,41,53,77,0,171,253,0,253,424
04/17/2017,IWA,AZ,AWP,WE,Federal Contract Tower,31,27,67,1,126,0,111,162,0,273,31,138,229,1,399,587,0,587,986
04/18/2017,IWA,AZ,AWP,WE,Federal Contract Tower,17,19,59,4,99,0,78,164,0,242,17,97,223,4,341,536,0,536,877
04/19/2017,IWA,AZ,AWP,WE,Federal Contract Tower,31,23,84,1,139,0,79,202,0,281,31,102,286,1,420,512,0,512,932
04/20/2017,IWA,AZ,AWP,WE,Federal Contract Tower,36,23,68,1,128,0,97,144,2,243,36,120,212,3,371,453,0,453,824
04/21/2017,IWA,AZ,AWP,WE,Federal Contract Tower,45,27,79,3,154,1,115,166,6,288,46,142,245,9,442,334,1,335,777
04/22/2017,IWA,AZ,AWP,WE,Federal Contract Tower,31,14,40,0,85,0,79,84,3,166,31,93,124,3,251,376,0,376,627
04/23/2017,IWA,AZ,AWP,WE,Federal Contract Tower,38,7,33,0,78,0,58,60,2,120,38,65,93,2,198,262,0,262,460
04/24/2017,IWA,AZ,AWP,WE,Federal Contract Tower,31,28,63,2,124,0,102,142,0,244,31,130,205,2,368,507,0,507,875
04/25/2017,IWA,AZ,AWP,WE,Federal Contract Tower,10,31,59,7,107,0,71,104,3,178,10,102,163,10,285,317,20,337,622
04/26/2017,IWA,AZ,AWP,WE,Federal Contract Tower,31,30,90,1,152,0,116,184,0,300,31,146,274,1,452,578,1,579,1031
04/27/2017,IWA,AZ,AWP,WE,Federal Contract Tower,37,17,42,2,98,0,89,132,1,222,37,106,174,3,320,498,0,498,818
04/28/2017,IWA,AZ,AWP,WE,Federal Contract Tower,40,25,73,19,157,0,74,126,3,203,40,99,199,22,360,304,3,307,667
04/29/2017,IWA,AZ,AWP,WE,Federal Contract Tower,22,18,44,0,84,0,70,84,3,157,22,88,128,3,241,300,0,300,541
04/30/2017,IWA,AZ,AWP,WE,Federal Contract Tower,33,5,54,8,100,0,72,58,0,130,33,77,112,8,230,292,1,293,523
05/01/2017,IWA,AZ,AWP,WE,Federal Contract Tower,32,22,89,0,143,0,101,124,6,231,32,123,213,6,374,573,3,576,950
05/02/2017,IWA,AZ,AWP,WE,Federal Contract Tower,9,22,75,4,110,0,111,148,2,261,9,133,223,6,371,595,9,604,975
05/03/2017,IWA,AZ,AWP,WE,Federal Contract Tower,28,28,80,12,148,0,97,164,9,270,28,125,244,21,418,585,2,587,1005
05/04/2017,IWA,AZ,AWP,WE,Federal Contract Tower,29,22,56,0,107,0,101,163,0,264,29,123,219,0,371,726,0,726,1097
05/05/2017,IWA,AZ,AWP,WE,Federal Contract Tower,36,11,57,4,108,0,75,139,7,221,36,86,196,11,329,635,4,639,968
05/06/2017,IWA,AZ,AWP,WE,Federal Contract Tower,15,3,12,0,30,0,30,45,0,75,15,33,57,0,105,119,1,120,225
05/07/2017,IWA,AZ,AWP,WE,Federal Contract Tower,34,11,49,0,94,0,36,50,2,88,34,47,99,2,182,236,0,236,418
05/08/2017,IWA,AZ,AWP,WE,Federal Contract Tower,34,25,66,1,126,0,87,112,1,200,34,112,178,2,326,712,0,712,1038
05/09/2017,IWA,AZ,AWP,WE,Federal Contract Tower,8,19,79,4,110,0,80,127,2,209,8,99,206,6,319,706,0,706,1025
05/10/2017,IWA,AZ,AWP,WE,Federal Contract Tower,24,36,80,8,148,0,106,175,17,298,24,142,255,25,446,646,48,694,1140
05/11/2017,IWA,AZ,AWP,WE,Federal Contract Tower,35,28,100,5,168,0,104,133,7,244,35,132,233,12,412,561,4,565,977
05/12/2017,IWA,AZ,AWP,WE,Federal Contract Tower,38,11,67,4,120,0,45,147,2,194,38,56,214,6,314,357,0,357,671
05/13/2017,IWA,AZ,AWP,WE,Federal Contract Tower,14,14,26,0,54,0,76,56,6,138,14,90,82,6,192,199,3,202,394
05/14/2017,IWA,AZ,AWP,WE,Federal Contract Tower,35,2,23,1,61,0,22,41,8,71,35,24,64,9,132,163,2,165,297
05/15/2017,IWA,AZ,AWP,WE,Federal Contract Tower,30,20,36,3,89,0,61,82,4,147,30,81,118,7,236,309,24,333,569
05/16/2017,IWA,AZ,AWP,WE,Federal Contract Tower,8,37,97,1,143,0,101,194,10,305,8,138,291,11,448,611,19,630,1078
05/17/2017,IWA,AZ,AWP,WE,Federal Contract Tower,35,23,69,7,134,0,78,181,6,265,35,101,250,13,399,591,6,597,996
05/18/2017,IWA,AZ,AWP,WE,Federal Contract Tower,32,33,52,0,117,0,79,133,0,212,32,112,185,0,329,545,0,545,874
05/19/2017,IWA,AZ,AWP,WE,Federal Contract Tower,41,47,86,5,179,0,109,164,2,275,41,156,250,7,454,565,0,565,1019
05/20/2017,IWA,AZ,AWP,WE,Federal Contract Tower,23,10,51,1,85,0,56,71,6,133,23,66,122,7,218,274,0,274,492
05/21/2017,IWA,AZ,AWP,WE,Federal Contract Tower,30,8,35,3,76,0,42,48,13,103,30,50,83,16,179,169,0,169,348
05/22/2017,IWA,AZ,AWP,WE,Federal Contract Tower,30,40,82,4,156,0,84,154,2,240,30,124,236,6,396,535,0,535,931
05/23/2017,IWA,AZ,AWP,WE,Federal Contract Tower,21,28,74,2,125,0,89,147,6,242,21,117,221,8,367,519,36,555,922
05/24/2017,IWA,AZ,AWP,WE,Federal Contract Tower,32,35,74,4,145,0,99,185,4,288,32,134,259,8,433,466,8,474,907
05/25/2017,IWA,AZ,AWP,WE,Federal Contract Tower,30,45,52,1,128,0,104,135,25,264,30,149,187,26,392,359,0,359,751
05/26/2017,IWA,AZ,AWP,WE,Federal Contract Tower,38,28,65,0,131,0,80,137,4,221,38,108,202,4,352,281,0,281,633
05/27/2017,IWA,AZ,AWP,WE,Federal Contract Tower,28,20,30,2,80,0,68,84,14,166,28,88,114,16,246,423,0,423,669
05/28/2017,IWA,AZ,AWP,WE,Federal Contract Tower,33,11,23,0,67,0,46,46,10,102,33,57,69,10,169,188,0,188,357
05/29/2017,IWA,AZ,AWP,WE,Federal Contract Tower,28,21,46,0,95,0,69,95,10,174,28,90,141,10,269,576,0,576,845
05/30/2017,IWA,AZ,AWP,WE,Federal Contract Tower,24,21,59,2,106,0,96,123,4,223,24,117,182,6,329,416,0,416,745
05/31/2017,IWA,AZ,AWP,WE,Federal Contract Tower,32,39,57,5,133,0,101,164,4,269,32,140,221,9,402,569,12,581,983
06/01/2017,IWA,AZ,AWP,WE,Federal Contract Tower,34,33,54,8,129,0,87,157,2,246,34,120,211,10,375,326,24,350,725
06/02/2017,IWA,AZ,AWP,WE,Federal Contract Tower,38,34,80,7,159,0,96,147,1,244,38,130,227,8,403,331,8,339,742
06/03/2017,IWA,AZ,AWP,WE,Federal Contract Tower,28,21,33,2,84,0,79,94,2,175,28,100,127,4,259,307,4,311,570
06/04/2017,IWA,AZ,AWP,WE,Federal Contract Tower,32,16,47,3,98,0,51,58,4,113,32,67,105,7,211,241,31,272,483
06/05/2017,IWA,AZ,AWP,WE,Federal Contract Tower,33,36,55,0,124,0,83,148,0,231,33,119,203,0,355,432,0,432,787
06/06/2017,IWA,AZ,AWP,WE,Federal Contract Tower,20,36,67,3,126,0,94,140,8,242,20,130,207,11,368,492,19,511,879
06/07/2017,IWA,AZ,AWP,WE,Federal Contract Tower,33,42,66,9,150,0,106,160,5,271,33,148,226,14,421,516,26,542,963
06/08/2017,IWA,AZ,AWP,WE,Federal Contract Tower,34,41,63,5,143,0,110,168,4,282,34,151,231,9,425,502,18,520,945
06/09/2017,IWA,AZ,AWP,WE,Federal Contract Tower,36,22,69,3,130,0,77,132,5,214,36,99,201,8,344,404,7,411,755
06/10/2017,IWA,AZ,AWP,WE,Federal Contract Tower,27,16,52,1,96,0,54,89,1,144,27,70,141,2,240,173,0,173,413
06/11/2017,IWA,AZ,AWP,WE,Federal Contract Tower,30,10,25,0,65,0,41,88,3,132,30,51,113,3,197,244,0,244,441
06/12/2017,IWA,AZ,AWP,WE,Federal Contract Tower,28,34,79,10,151,0,79,128,0,207,28,113,207,10,358,360,12,372,730
06/13/2017,IWA,AZ,AWP,WE,Federal Contract Tower,29,43,82,7,161,0,93,156,2,251,29,136,238,9,412,571,9,580,992
06/14/2017,IWA,AZ,AWP,WE,Federal Contract Tower,38,43,65,6,152,0,101,136,4,241,38,144,201,10,393,349,8,357,750
06/15/2017,IWA,AZ,AWP,WE,Federal Contract Tower,33,33,73,4,143,0,80,142,13,235,33,113,215,17,378,450,9,459,837
06/16/2017,IWA,AZ,AWP,WE,Federal Contract Tower,35,22,74,1,132,0,84,158,2,244,35,106,232,3,376,340,0,340,716
06/17/2017,IWA,AZ,AWP,WE,Federal Contract Tower,27,13,44,1,85,0,52,83,2,137,27,65,127,3,222,263,0,263,485
06/18/2017,IWA,AZ,AWP,WE,Federal Contract Tower,32,9,21,0,62,0,25,57,3,85,32,34,78,3,147,95,0,95,242
06/19/2017,IWA,AZ,AWP,WE,Federal Contract Tower,32,23,38,0,93,0,50,92,2,144,32,73,130,2,237,420,0,420,657
06/20/2017,IWA,AZ,AWP,WE,Federal Contract Tower,26,16,16,6,64,0,75,94,2,171,26,91,110,8,235,435,6,441,676
06/21/2017,IWA,AZ,AWP,WE,Federal Contract Tower,32,21,39,1,93,0,87,119,10,216,32,108,158,11,309,343,30,373,682
06/22/2017,IWA,AZ,AWP,WE,Federal Contract Tower,29,28,39,5,101,0,89,138,5,232,29,117,177,10,333,378,33,411,744
06/23/2017,IWA,AZ,AWP,WE,Federal Contract Tower,39,18,68,2,127,0,58,137,1,196,39,76,205,3,323,357,10,367,690
06/24/2017,IWA,AZ,AWP,WE,Federal Contract Tower,28,20,23,3,74,0,64,73,0,137,28,84,96,3,211,241,0,241,452
06/25/2017,IWA,AZ,AWP,WE,Federal Contract Tower,30,9,19,0,58,0,34,38,0,72,30,43,57,0,130,170,0,170,300
06/26/2017,IWA,AZ,AWP,WE,Federal Contract Tower,33,29,55,6,123,0,72,107,2,181,33,101,162,8,304,397,4,401,705
06/27/2017,IWA,AZ,AWP,WE,Federal Contract Tower,30,27,69,0,126,0,70,160,3,233,30,97,229,3,359,374,10,384,743
06/28/2017,IWA,AZ,AWP,WE,Federal Contract Tower,35,31,83,3,152,0,68,216,12,296,35,99,299,15,448,539,14,553,1001
06/29/2017,IWA,AZ,AWP,WE,Federal Contract Tower,35,33,78,8,154,0,102,148,3,253,35,135,226,11,407,480,10,490,897
06/30/2017,IWA,AZ,AWP,WE,Federal Contract Tower,36,27,52,11,126,0,80,178,3,261,36,107,230,14,387,427,3,430,817
07/01/2017,IWA,AZ,AWP,WE,Federal Contract Tower,27,21,34,0,82,0,77,103,0,180,27,98,137,0,262,174,0,174,436
07/02/2017,IWA,AZ,AWP,WE,Federal Contract Tower,33,23,29,0,85,0,49,80,0,129,33,72,109,0,214,174,0,174,388
07/03/2017,IWA,AZ,AWP,WE,Federal Contract Tower,32,22,78,2,134,0,90,130,0,220,32,112,208,2,354,367,0,367,721
07/04/2017,IWA,AZ,AWP,WE,Federal Contract Tower,22,4,34,0,60,0,7,104,0,111,22,11,138,0,171,220,0,220,391
07/05/2017,IWA,AZ,AWP,WE,Federal Contract Tower,30,16,70,3,119,0,72,142,0,214,30,88,212,3,333,445,0,445,778
07/06/2017,IWA,AZ,AWP,WE,Federal Contract Tower,30,23,48,6,107,0,80,130,4,214,30,103,178,10,321,457,18,475,796
07/07/2017,IWA,AZ,AWP,WE,Federal Contract Tower,36,7,24,0,67,0,46,123,3,172,36,53,147,3,239,296,0,296,535
07/08/2017,IWA,AZ,AWP,WE,Federal Contract Tower,28,24,25,0,77,0,57,60,1,118,28,81,85,1,195,199,0,199,394
07/09/2017,IWA,AZ,AWP,WE,Federal Contract Tower,32,15,35,3,85,0,50,47,0,97,32,65,82,3,182,271,0,271,453
07/10/2017,IWA,AZ,AWP,WE,Federal Contract Tower,34,24,80,6,144,0,65,147,2,214,34,89,227,8,358,473,4,477,835
07/11/2017,IWA,AZ,AWP,WE,Federal Contract Tower,26,18,65,2,111,0,62,156,0,218,26,80,221,2,329,536,0,536,865
07/12/2017,IWA,AZ,AWP,WE,Federal Contract Tower,31,21,71,2,125,0,68,165,2,235,31,89,236,4,360,494,0,494,854
07/13/2017,IWA,AZ,AWP,WE,Federal Contract Tower,32,24,56,1,113,0,87,150,5,242,32,111,206,6,355,510,6,516,871
07/14/2017,IWA,AZ,AWP,WE,Federal Contract Tower,38,22,59,3,122,0,76,114,6,196,38,98,173,9,318,359,7,366,684
07/15/2017,IWA,AZ,AWP,WE,Federal Contract Tower,30,13,22,3,68,0,57,49,0,106,30,70,71,3,174,194,0,194,368
07/16/2017,IWA,AZ,AWP,WE,Federal Contract Tower,34,11,32,0,77,0,51,43,0,94,34,62,75,0,171,185,0,185,356
07/17/2017,IWA,AZ,AWP,WE,Federal Contract Tower,32,23,72,5,132,0,87,115,3,205,32,110,187,8,337,580,1,581,918
07/18/2017,IWA,AZ,AWP,WE,Federal Contract Tower,21,12,41,0,74,0,71,124,0,195,21,83,165,0,269,346,0,346,615
07/19/2017,IWA,AZ,AWP,WE,Federal Contract Tower,29,27,46,1,103,0,74,148,6,228,29,101,194,7,331,481,0,481,812
07/20/2017,IWA,AZ,AWP,WE,Federal Contract Tower,31,26,53,6,116,0,85,152,1,238,31,111,205,7,354,544,0,544,898
07/21/2017,IWA,AZ,AWP,WE,Federal Contract Tower,39,37,60,4,140,0,81,160,6,247,39,118,220,10,387,448,12,460,847
07/22/2017,IWA,AZ,AWP,WE,Federal Contract Tower,23,16,39,0,78,0,59,77,2,138,23,75,116,2,216,298,4,302,518
07/23/2017,IWA,AZ,AWP,WE,Federal Contract Tower,29,14,24,0,67,0,42,25,6,73,29,56,49,6,140,190,0,190,330
07/24/2017,IWA,AZ,AWP,WE,Federal Contract Tower,35,28,49,0,112,0,26,55,1,82,35,54,104,1,194,197,0,197,391
07/25/2017,IWA,AZ,AWP,WE,Federal Contract Tower,19,19,76,5,119,0,105,155,17,277,19,124,231,22,396,590,29,619,1015
07/26/2017,IWA,AZ,AWP,WE,Federal Contract Tower,29,45,70,7,151,0,117,159,17,293,29,162,229,24,444,608,48,656,1100
07/27/2017,IWA,AZ,AWP,WE,Federal Contract Tower,31,25,58,11,125,0,83,149,14,246,31,108,207,25,371,451,60,511,882
07/28/2017,IWA,AZ,AWP,WE,Federal Contract Tower,38,25,47,6,116,0,73,105,12,190,38,98,152,18,306,423,98,521,827
07/29/2017,IWA,AZ,AWP,WE,Federal Contract Tower,20,23,26,1,70,0,64,48,4,116,20,87,74,5,186,356,0,356,542
07/30/2017,IWA,AZ,AWP,WE,Federal Contract Tower,31,10,25,1,67,0,61,33,3,97,31,71,58,4,164,287,0,287,451
07/31/2017,IWA,AZ,AWP,WE,Federal Contract Tower,29,19,47,1,96,0,102,84,5,191,29,121,131,6,287,516,30,546,833
08/01/2017,IWA,AZ,AWP,WE,Federal Contract Tower,17,15,42,2,76,0,83,99,3,185,17,98,141,5,261,460,10,470,731
08/02/2017,IWA,AZ,AWP,WE,Federal Contract Tower,25,13,25,2,65,0,90,98,3,191,25,103,123,5,256,441,17,458,714
08/03/2017,IWA,AZ,AWP,WE,Federal Contract Tower,31,9,36,2,78,0,81,106,11,198,31,90,142,13,276,346,70,416,692
08/04/2017,IWA,AZ,AWP,WE,Federal Contract Tower,39,22,67,10,138,1,83,157,8,249,40,105,224,18,387,529,72,601,988
08/05/2017,IWA,AZ,AWP,WE,Federal Contract Tower,23,17,36,2,78,0,94,66,5,165,23,111,102,7,243,249,14,263,506
08/06/2017,IWA,AZ,AWP,WE,Federal Contract Tower,33,4,32,0,69,0,54,44,2,100,33,58,76,2,169,142,0,142,311
08/07/2017,IWA,AZ,AWP,WE,Federal Contract Tower,40,14,60,0,114,0,66,106,9,181,40,80,166,9,295,436,62,498,793
08/08/2017,IWA,AZ,AWP,WE,Federal Contract Tower,13,25,68,1,107,0,83,144,13,240,13,108,212,14,347,565,62,627,974
08/09/2017,IWA,AZ,AWP,WE,Federal Contract Tower,24,23,46,4,97,0,89,134,7,230,24,112,180,11,327,611,32,643,970
08/10/2017,IWA,AZ,AWP,WE,Federal Contract Tower,31,10,56,2,99,0,64,119,12,195,31,74,175,14,294,455,92,547,841
08/11/2017,IWA,AZ,AWP,WE,Federal Contract Tower,42,24,66,4,136,0,87,143,8,238,42,111,209,12,374,510,30,540,914
08/12/2017,IWA,AZ,AWP,WE,Federal Contract Tower,19,5,27,0,51,0,46,65,3,114,19,51,92,3,165,220,0,220,385
08/13/2017,IWA,AZ,AWP,WE,Federal Contract Tower,36,7,42,3,88,0,41,53,8,102,36,48,95,11,190,189,0,189,379
08/14/2017,IWA,AZ,AWP,WE,Federal Contract Tower,34,18,72,5,129,0,81,112,3,196,34,99,184,8,325,491,0,491,816
08/15/2017,IWA,AZ,AWP,WE,Federal Contract Tower,13,25,63,6,107,0,70,120,6,196,13,95,183,12,303,577,2,579,882
08/16/2017,IWA,AZ,AWP,WE,Federal Contract Tower,20,14,41,3,78,0,67,131,3,201,20,81,172,6,279,494,8,502,781
08/17/2017,IWA,AZ,AWP,WE,Federal Contract Tower,30,13,56,4,103,9,81,124,0,214,39,94,180,4,317,513,0,513,830
08/18/2017,IWA,AZ,AWP,WE,Federal Contract Tower,33,14,75,0,122,6,69,131,2,208,39,83,206,2,330,519,4,523,853
08/19/2017,IWA,AZ,AWP,WE,Federal Contract Tower,17,13,39,0,69,0,65,65,0,130,17,78,104,0,199,295,0,295,494
08/20/2017,IWA,AZ,AWP,WE,Federal Contract Tower,31,7,38,0,76,0,32,54,0,86,31,39,92,0,162,279,0,279,441
08/21/2017,IWA,AZ,AWP,WE,Federal Contract Tower,27,16,66,3,112,0,89,98,3,190,27,105,164,6,302,444,0,444,746
08/22/2017,IWA,AZ,AWP,WE,Federal Contract Tower,7,19,36,0,62,0,73,120,0,193,7,92,156,0,255,412,0,412,667
08/23/2017,IWA,AZ,AWP,WE,Federal Contract Tower,22,23,48,1,94,0,46,123,3,172,22,69,171,4,266,381,0,381,647
08/24/2017,IWA,AZ,AWP,WE,Federal Contract Tower,31,19,70,2,122,0,116,188,2,306,31,135,258,4,428,720,4,724,1152
08/25/2017,IWA,AZ,AWP,WE,Federal Contract Tower,35,31,56,3,125,0,89,205,16,310,35,120,261,19,435,605,32,637,1072
08/26/2017,IWA,AZ,AWP,WE,Federal Contract Tower,19,13,35,1,68,0,85,73,1,159,19,98,108,2,227,237,0,237,464
08/27/2017,IWA,AZ,AWP,WE,Federal Contract Tower,30,9,34,1,74,0,26,56,2,84,30,35,90,3,158,151,0,151,309
08/28/2017,IWA,AZ,AWP,WE,Federal Contract Tower,23,10,39,3,75,0,92,127,0,219,23,102,166,3,294,502,0,502,796
08/29/2017,IWA,AZ,AWP,WE,Federal Contract Tower,10,16,50,7,83,0,105,130,0,235,10,121,180,7,318,551,11,562,880
08/30/2017,IWA,AZ,AWP,WE,Federal Contract Tower,20,17,41,2,80,1,90,177,4,272,21,107,218,6,352,533,4,537,889
08/31/2017,IWA,AZ,AWP,WE,Federal Contract Tower,37,14,24,2,77,0,102,157,2,261,37,116,181,4,338,622,2,624,962
09/01/2017,IWA,AZ,AWP,WE,Federal Contract Tower,33,5,30,1,69,0,88,150,3,241,33,93,180,4,310,565,0,565,875
09/02/2017,IWA,AZ,AWP,WE,Federal Contract Tower,18,15,29,1,63,0,86,60,0,146,18,101,89,1,209,382,0,382,591
09/03/2017,IWA,AZ,AWP,WE,Federal Contract Tower,32,14,26,0,72,0,54,53,6,113,32,68,79,6,185,201,0,201,386
09/04/2017,IWA,AZ,AWP,WE,Federal Contract Tower,25,11,42,0,78,0,48,113,0,161,25,59,155,0,239,336,0,336,575
09/05/2017,IWA,AZ,AWP,WE,Federal Contract Tower,10,25,69,11,115,0,105,177,1,283,10,130,246,12,398,563,7,570,968
09/06/2017,IWA,AZ,AWP,WE,Federal Contract Tower,14,8,34,4,60,0,95,164,2,261,14,103,198,6,321,608,14,622,943
09/07/2017,IWA,AZ,AWP,WE,Federal Contract Tower,32,12,40,1,85,0,92,156,1,249,32,104,196,2,334,654,0,654,988
09/08/2017,IWA,AZ,AWP,WE,Federal Contract Tower,29,13,42,14,98,0,91,176,0,267,29,104,218,14,365,523,0,523,888
09/09/2017,IWA,AZ,AWP,WE,Federal Contract Tower,23,22,55,1,101,0,93,108,0,201,23,115,163,1,302,338,0,338,640
09/10/2017,IWA,AZ,AWP,WE,Federal Contract Tower,33,5,48,0,86,0,33,63,0,96,33,38,111,0,182,113,0,113,295
09/11/2017,IWA,AZ,AWP,WE,Federal Contract Tower,25,11,58,6,100,0,80,125,0,205,25,91,183,6,305,703,1,704,1009
09/12/2017,IWA,AZ,AWP,WE,Federal Contract Tower,7,26,68,2,103,0,96,145,2,243,7,122,213,4,346,670,15,685,1031
09/13/2017,IWA,AZ,AWP,WE,Federal Contract Tower,13,25,68,6,112,0,93,167,1,261,13,118,235,7,373,565,8,573,946
09/14/2017,IWA,AZ,AWP,WE,Federal Contract Tower,26,20,55,3,104,0,70,133,0,203,26,90,188,3,307,555,0,555,862
09/15/2017,IWA,AZ,AWP,WE,Federal Contract Tower,33,35,53,8,129,0,101,151,1,253,33,136,204,9,382,542,0,542,924
09/16/2017,IWA,AZ,AWP,WE,Federal Contract Tower,18,10,39,0,67,0,77,103,3,183,18,87,142,3,250,442,0,442,692
09/17/2017,IWA,AZ,AWP,WE,Federal Contract Tower,36,21,43,3,103,0,67,71,3,141,36,88,114,6,244,261,0,261,505
09/18/2017,IWA,AZ,AWP,WE,Federal Contract Tower,25,20,74,1,120,0,90,148,3,241,25,110,222,4,361,935,30,965,1326
09/19/2017,IWA,AZ,AWP,WE,Federal Contract Tower,5,23,59,8,95,0,93,159,9,261,5,116,218,17,356,530,28,558,914
09/20/2017,IWA,AZ,AWP,WE,Federal Contract Tower,16,19,61,1,97,0,76,170,6,252,16,95,231,7,349,652,32,684,1033
09/21/2017,IWA,AZ,AWP,WE,Federal Contract Tower,32,14,50,8,104,0,79,166,1,246,32,93,216,9,350,551,0,551,901
09/22/2017,IWA,AZ,AWP,WE,Federal Contract Tower,35,33,67,5,140,0,85,168,2,255,35,118,235,7,395,530,0,530,925
09/23/2017,IWA,AZ,AWP,WE,Federal Contract Tower,18,21,58,0,97,0,90,116,2,208,18,111,174,2,305,438,0,438,743
09/24/2017,IWA,AZ,AWP,WE,Federal Contract Tower,39,17,53,0,109,0,52,74,0,126,39,69,127,0,235,400,0,400,635
09/25/2017,IWA,AZ,AWP,WE,Federal Contract Tower,27,31,68,0,126,0,121,147,2,270,27,152,215,2,396,778,0,778,1174
09/26/2017,IWA,AZ,AWP,WE,Federal Contract Tower,6,24,72,1,103,0,94,154,5,253,6,118,226,6,356,819,10,829,1185
09/27/2017,IWA,AZ,AWP,WE,Federal Contract Tower,16,24,98,2,140,0,108,188,3,299,16,132,286,5,439,670,8,678,1117
09/28/2017,IWA,AZ,AWP,WE,Federal Contract Tower,30,18,80,2,130,0,87,192,0,279,30,105,272,2,409,736,0,736,1145
09/29/2017,IWA,AZ,AWP,WE,Federal Contract Tower,34,24,59,5,122,0,117,158,5,280,34,141,217,10,402,541,0,541,943
09/30/2017,IWA,AZ,AWP,WE,Federal Contract Tower,17,10,50,1,78,0,68,93,0,161,17,78,143,1,239,396,0,396,635
10/01/2017,IWA,AZ,AWP,WE,Federal Contract Tower,32,12,39,2,85,0,61,81,3,145,32,73,120,5,230,271,0,271,501
10/02/2017,IWA,AZ,AWP,WE,Federal Contract Tower,26,28,61,4,119,0,112,131,9,252,26,140,192,13,371,671,23,694,1065
10/03/2017,IWA,AZ,AWP,WE,Federal Contract Tower,12,13,46,2,73,0,118,186,2,306,12,131,232,4,379,767,4,771,1150
10/04/2017,IWA,AZ,AWP,WE,Federal Contract Tower,39,32,63,2,136,0,109,192,4,305,39,141,255,6,441,713,0,713,1154
10/05/2017,IWA,AZ,AWP,WE,Federal Contract Tower,29,26,95,5,155,0,105,176,3,284,29,131,271,8,439,715,12,727,1166
10/06/2017,IWA,AZ,AWP,WE,Federal Contract Tower,35,25,82,0,142,0,118,160,5,283,35,143,242,5,425,790,7,797,1222
10/07/2017,IWA,AZ,AWP,WE,Federal Contract Tower,30,23,48,0,101,0,98,104,3,205,30,121,152,3,306,389,0,389,695
10/08/2017,IWA,AZ,AWP,WE,Federal Contract Tower,32,17,34,2,85,0,71,66,0,137,32,88,100,2,222,202,66,268,490
10/09/2017,IWA,AZ,AWP,WE,Federal Contract Tower,29,20,56,0,105,0,108,126,0,234,29,128,182,0,339,663,0,663,1002
10/10/2017,IWA,AZ,AWP,WE,Federal Contract Tower,13,16,49,2,80,0,103,156,1,260,13,119,205,3,340,582,0,582,922
10/11/2017,IWA,AZ,AWP,WE,Federal Contract Tower,36,38,64,7,145,0,120,178,6,304,36,158,242,13,449,494,6,500,949
10/12/2017,IWA,AZ,AWP,WE,Federal Contract Tower,31,27,64,2,124,0,143,165,4,312,31,170,229,6,436,789,2,791,1227
10/13/2017,IWA,AZ,AWP,WE,Federal Contract Tower,35,18,65,2,120,0,145,164,9,318,35,163,229,11,438,698,1,699,1137
10/14/2017,IWA,AZ,AWP,WE,Federal Contract Tower,30,17,57,1,105,0,96,121,7,224,30,113,178,8,329,360,14,374,703
10/15/2017,IWA,AZ,AWP,WE,Federal Contract Tower,32,13,49,1,95,0,46,65,0,111,32,59,114,1,206,182,0,182,388
10/16/2017,IWA,AZ,AWP,WE,Federal Contract Tower,30,17,36,0,83,0,132,156,0,288,30,149,192,0,371,609,0,609,980
10/17/2017,IWA,AZ,AWP,WE,Federal Contract Tower,15,37,82,2,136,0,133,193,0,326,15,170,275,2,462,804,0,804,1266
10/18/2017,IWA,AZ,AWP,WE,Federal Contract Tower,35,40,76,6,157,0,152,242,8,402,35,192,318,14,559,803,20,823,1382
10/19/2017,IWA,AZ,AWP,WE,Federal Contract Tower,31,18,54,7,110,0,135,179,7,321,31,153,233,14,431,722,22,744,1175
10/20/2017,IWA,AZ,AWP,WE,Federal Contract Tower,35,22,69,12,138,0,97,156,3,256,35,119,225,15,394,792,9,801,1195
10/21/2017,IWA,AZ,AWP,WE,Federal Contract Tower,29,25,38,1,93,0,110,81,1,192,29,135,119,2,285,597,0,597,882
10/22/2017,IWA,AZ,AWP,WE,Federal Contract Tower,35,18,36,6,95,0,85,70,1,156,35,103,106,7,251,224,0,224,475
10/23/2017,IWA,AZ,AWP,WE,Federal Contract Tower,32,23,76,2,133,0,130,169,2,301,32,153,245,4,434,749,0,749,1183
10/24/2017,IWA,AZ,AWP,WE,Federal Contract Tower,12,8,22,5,47,0,126,137,2,265,12,134,159,7,312,594,10,604,916
10/25/2017,IWA,AZ,AWP,WE,Federal Contract Tower,34,12,32,5,83,0,107,179,8,294,34,119,211,13,377,684,26,710,1087
10/26/2017,IWA,AZ,AWP,WE,Federal Contract Tower,32,24,59,3,118,0,118,184,3,305,32,142,243,6,423,817,9,826,1249
10/27/2017,IWA,AZ,AWP,WE,Federal Contract Tower,37,14,48,6,105,0,121,179,8,308,37,135,227,14,413,669,15,684,1097
10/28/2017,IWA,AZ,AWP,WE,Federal Contract Tower,29,20,35,3,87,0,102,97,12,211,29,122,132,15,298,508,0,508,806
10/29/2017,IWA,AZ,AWP,WE,Federal Contract Tower,37,17,28,1,83,0,71,51,4,126,37,88,79,5,209,392,0,392,601
10/30/2017,IWA,AZ,AWP,WE,Federal Contract Tower,32,11,33,4,80,0,116,152,2,270,32,127,185,6,350,716,19,735,1085
10/31/2017,IWA,AZ,AWP,WE,Federal Contract Tower,8,14,72,3,97,0,127,164,9,300,8,141,236,12,397,703,8,711,1108
11/01/2017,IWA,AZ,AWP,WE,Federal Contract Tower,35,42,71,17,165,0,119,208,13,340,35,161,279,30,505,649,4,653,1158
11/02/2017,IWA,AZ,AWP,WE,Federal Contract Tower,36,30,69,20,155,0,131,152,28,311,36,161,221,48,466,664,28,692,1158
11/03/2017,IWA,AZ,AWP,WE,Federal Contract Tower,36,30,68,15,149,0,111,170,8,289,36,141,238,23,438,666,5,671,1109
11/04/2017,IWA,AZ,AWP,WE,Federal Contract Tower,31,15,51,3,100,0,107,102,3,212,31,122,153,6,312,405,1,406,718
11/05/2017,IWA,AZ,AWP,WE,Federal Contract Tower,35,21,54,5,115,0,63,73,1,137,35,84,127,6,252,455,0,455,707
11/06/2017,IWA,AZ,AWP,WE,Federal Contract Tower,30,24,48,4,106,0,135,168,0,303,30,159,216,4,409,903,0,903,1312
11/07/2017,IWA,AZ,AWP,WE,Federal Contract Tower,11,33,76,6,126,0,101,223,6,330,11,134,299,12,456,759,40,799,1255
11/08/2017,IWA,AZ,AWP,WE,Federal Contract Tower,41,20,78,2,141,0,123,216,2,341,41,143,294,4,482,870,0,870,1352
11/09/2017,IWA,AZ,AWP,WE,Federal Contract Tower,36,38,90,13,177,0,136,214,2,352,36,174,304,15,529,816,0,816,1345
11/10/2017,IWA,AZ,AWP,WE,Federal Contract Tower,36,42,68,1,147,0,114,173,0,287,36,156,241,1,434,722,1,723,1157
11/11/2017,IWA,AZ,AWP,WE,Federal Contract Tower,30,27,45,2,104,0,107,71,2,180,30,134,116,4,284,188,0,188,472
11/12/2017,IWA,AZ,AWP,WE,Federal Contract Tower,33,11,37,1,82,0,66,46,0,112,33,77,83,1,194,382,25,407,601
11/13/2017,IWA,AZ,AWP,WE,Federal Contract Tower,31,42,93,2,168,0,86,156,1,243,31,128,249,3,411,656,19,675,1086
11/14/2017,IWA,AZ,AWP,WE,Federal Contract Tower,12,33,76,8,129,0,115,156,6,277,12,148,232,14,406,738,32,770,1176
11/15/2017,IWA,AZ,AWP,WE,Federal Contract Tower,33,30,86,5,154,0,132,183,2,317,33,162,269,7,471,560,8,568,1039
11/16/2017,IWA,AZ,AWP,WE,Federal Contract Tower,40,24,75,9,148,0,140,157,3,300,40,164,232,12,448,550,4,554,1002
11/17/2017,IWA,AZ,AWP,WE,Federal Contract Tower,40,37,70,14,161,0,119,200,15,334,40,156,270,29,495,677,37,714,1209
11/18/2017,IWA,AZ,AWP,WE,Federal Contract Tower,26,16,73,11,126,0,104,148,43,295,26,120,221,54,421,412,0,412,833
11/19/2017,IWA,AZ,AWP,WE,Federal Contract Tower,39,28,55,11,133,0,84,85,17,186,39,112,140,28,319,416,0,416,735
11/20/2017,IWA,AZ,AWP,WE,Federal Contract Tower,35,21,95,16,167,0,118,176,0,294,35,139,271,16,461,519,6,525,986
11/21/2017,IWA,AZ,AWP,WE,Federal Contract Tower,40,36,99,4,179,0,116,176,4,296,40,152,275,8,475,409,35,444,919
11/22/2017,IWA,AZ,AWP,WE,Federal Contract Tower,44,13,58,6,121,0,92,142,6,240,44,105,200,12,361,457,0,457,818
11/23/2017,IWA,AZ,AWP,WE,Federal Contract Tower,28,7,4,0,39,0,6,15,16,37,28,13,19,16,76,6,8,14,90
11/24/2017,IWA,AZ,AWP,WE,Federal Contract Tower,31,10,39,0,80,0,68,71,25,164,31,78,110,25,244,301,4,305,549
11/25/2017,IWA,AZ,AWP,WE,Federal Contract Tower,39,21,46,0,106,0,102,59,12,173,39,123,105,12,279,296,0,296,575
11/26/2017,IWA,AZ,AWP,WE,Federal Contract Tower,44,11,45,0,100,0,76,62,7,145,44,87,107,7,245,195,0,195,440
11/27/2017,IWA,AZ,AWP,WE,Federal Contract Tower,37,45,85,5,172,0,111,147,3,261,37,156,232,8,433,545,19,564,997
11/28/2017,IWA,AZ,AWP,WE,Federal Contract Tower,8,28,83,9,128,0,109,197,7,313,8,137,280,16,441,632,33,665,1106
11/29/2017,IWA,AZ,AWP,WE,Federal Contract Tower,29,36,100,8,173,0,121,206,0,327,29,157,306,8,500,673,0,673,1173
11/30/2017,IWA,AZ,AWP,WE,Federal Contract Tower,41,56,91,7,195,0,138,182,4,324,41,194,273,11,519,540,11,551,1070
12/01/2017,IWA,AZ,AWP,WE,Federal Contract Tower,42,25,75,7,149,0,107,161,2,270,42,132,236,9,419,545,8,553,972
12/02/2017,IWA,AZ,AWP,WE,Federal Contract Tower,27,27,67,0,121,0,88,129,2,219,27,115,196,2,340,343,0,343,683
12/03/2017,IWA,AZ,AWP,WE,Federal Contract Tower,36,14,48,9,107,0,67,63,4,134,36,81,111,13,241,382,0,382,623
12/04/2017,IWA,AZ,AWP,WE,Federal Contract Tower,36,35,70,0,141,0,108,121,0,229,36,143,191,0,370,521,0,521,891
12/05/2017,IWA,AZ,AWP,WE,Federal Contract Tower,15,39,100,19,173,0,106,164,5,275,15,145,264,24,448,526,8,534,982
12/06/2017,IWA,AZ,AWP,WE,Federal Contract Tower,27,33,81,9,150,0,102,178,3,283,27,135,259,12,433,404,6,410,843
12/07/2017,IWA,AZ,AWP,WE,Federal Contract Tower,40,33,58,10,141,0,73,107,4,184,40,106,165,14,325,207,11,218,543
12/08/2017,IWA,AZ,AWP,WE,Federal Contract Tower,42,33,68,9,152,0,107,227,0,334,42,140,295,9,486,541,8,549,1035
12/09/2017,IWA,AZ,AWP,WE,Federal Contract Tower,27,26,36,3,92,0,86,100,3,189,27,112,136,6,281,402,0,402,683
12/10/2017,IWA,AZ,AWP,WE,Federal Contract Tower,39,6,17,3,65,0,38,33,3,74,39,44,50,6,139,181,0,181,320
12/11/2017,IWA,AZ,AWP,WE,Federal Contract Tower,38,35,78,5,156,0,119,135,0,254,38,154,213,5,410,490,2,492,902
12/12/2017,IWA,AZ,AWP,WE,Federal Contract Tower,11,18,38,0,67,0,82,113,2,197,11,100,151,2,264,568,4,572,836
12/13/2017,IWA,AZ,AWP,WE,Federal Contract Tower,29,48,72,3,152,0,95,172,3,270,29,143,244,6,422,398,0,398,820
12/14/2017,IWA,AZ,AWP,WE,Federal Contract Tower,35,32,77,5,149,0,82,161,3,246,35,114,238,8,395,512,3,515,910
12/15/2017,IWA,AZ,AWP,WE,Federal Contract Tower,40,26,39,21,126,0,90,123,15,228,40,116,162,36,354,389,0,389,743
12/16/2017,IWA,AZ,AWP,WE,Federal Contract Tower,32,17,28,7,84,0,100,48,16,164,32,117,76,23,248,262,1,263,511
12/17/2017,IWA,AZ,AWP,WE,Federal Contract Tower,36,9,9,15,69,0,38,25,9,72,36,47,34,24,141,82,0,82,223
12/18/2017,IWA,AZ,AWP,WE,Federal Contract Tower,33,32,95,3,163,0,125,171,0,296,33,157,266,3,459,592,0,592,1051
12/19/2017,IWA,AZ,AWP,WE,Federal Contract Tower,30,26,57,5,118,1,77,142,1,221,31,103,199,6,339,497,4,501,840
12/20/2017,IWA,AZ,AWP,WE,Federal Contract Tower,35,34,69,2,140,0,106,142,7,255,35,140,211,9,395,451,0,451,846
12/21/2017,IWA,AZ,AWP,WE,Federal Contract Tower,36,43,88,6,173,0,87,129,4,220,36,130,217,10,393,244,35,279,672
12/22/2017,IWA,AZ,AWP,WE,Federal Contract Tower,37,32,65,0,134,1,101,99,1,202,38,133,164,1,336,466,0,466,802
12/23/2017,IWA,AZ,AWP,WE,Federal Contract Tower,35,17,38,0,90,0,77,67,0,144,35,94,105,0,234,306,0,306,540
12/24/2017,IWA,AZ,AWP,WE,Federal Contract Tower,38,1,15,0,54,0,9,19,0,28,38,10,34,0,82,16,0,16,98
12/25/2017,IWA,AZ,AWP,WE,Federal Contract Tower,34,1,4,0,39,0,3,14,0,17,34,4,18,0,56,38,0,38,94
12/26/2017,IWA,AZ,AWP,WE,Federal Contract Tower,42,15,40,0,97,0,64,42,0,106,42,79,82,0,203,148,0,148,351
12/27/2017,IWA,AZ,AWP,WE,Federal Contract Tower,39,28,46,0,113,0,74,77,0,151,39,102,123,0,264,216,0,216,480
12/28/2017,IWA,AZ,AWP,WE,Federal Contract Tower,42,31,47,1,121,0,56,71,3,130,42,87,118,4,251,190,0,190,441
12/29/2017,IWA,AZ,AWP,WE,Federal Contract Tower,43,38,39,3,123,0,85,75,8,168,43,123,114,11,291,273,0,273,564
12/30/2017,IWA,AZ,AWP,WE,Federal Contract Tower,37,13,23,0,73,0,66,53,0,119,37,79,76,0,192,264,0,264,456
12/31/2017,IWA,AZ,AWP,WE,Federal Contract Tower,36,10,20,0,66,0,13,31,0,44,36,23,51,0,110,21,0,21,131
01/01/2018,IWA,AZ,AWP,WE,Federal Contract Tower,35,7,17,0,59,0,14,20,0,34,35,21,37,0,93,0,0,0,93
01/02/2018,IWA,AZ,AWP,WE,Federal Contract Tower,40,28,77,0,145,0,77,109,0,186,40,105,186,0,331,295,0,295,626
01/03/2018,IWA,AZ,AWP,WE,Federal Contract Tower,33,9,39,0,81,0,73,73,2,148,33,82,112,2,229,286,6,292,521
01/04/2018,IWA,AZ,AWP,WE,Federal Contract Tower,40,27,66,3,136,0,115,143,3,261,40,142,209,6,397,419,6,425,822
01/05/2018,IWA,AZ,AWP,WE,Federal Contract Tower,38,11,30,1,80,0,99,104,4,207,38,110,134,5,287,0,0,0,287
01/06/2018,IWA,AZ,AWP,WE,Federal Contract Tower,34,28,51,0,113,0,77,112,15,204,34,105,163,15,317,337,1,338,655
01/07/2018,IWA,AZ,AWP,WE,Federal Contract Tower,36,7,55,3,101,0,50,65,10,125,36,57,120,13,226,187,0,187,413
01/08/2018,IWA,AZ,AWP,WE,Federal Contract Tower,41,33,76,3,153,0,87,119,10,216,41,120,195,13,369,352,23,375,744
01/09/2018,IWA,AZ,AWP,WE,Federal Contract Tower,12,18,31,6,67,0,57,82,14,153,12,75,113,20,220,312,30,342,562
01/10/2018,IWA,AZ,AWP,WE,Federal Contract Tower,29,42,57,4,132,0,58,124,6,188,29,100,181,10,320,404,14,418,738
01/11/2018,IWA,AZ,AWP,WE,Federal Contract Tower,36,24,79,2,141,0,78,200,15,293,36,102,279,17,434,346,0,346,780
01/12/2018,IWA,AZ,AWP,WE,Federal Contract Tower,45,22,57,0,124,0,86,174,3,263,45,108,231,3,387,320,0,320,707
01/13/2018,IWA,AZ,AWP,WE,Federal Contract Tower,30,25,51,0,106,0,84,108,0,192,30,109,159,0,298,264,1,265,563
01/14/2018,IWA,AZ,AWP,WE,Federal Contract Tower,37,20,46,8,111,0,54,82,1,137,37,74,128,9,248,153,2,155,403
01/15/2018,IWA,AZ,AWP,WE,Federal Contract Tower,35,36,83,0,154,0,94,150,0,244,35,130,233,0,398,383,0,383,781
01/16/2018,IWA,AZ,AWP,WE,Federal Contract Tower,14,16,37,8,75,0,70,117,0,187,14,86,154,8,262,477,35,512,774
01/17/2018,IWA,AZ,AWP,WE,Federal Contract Tower,30,34,87,20,171,0,86,194,17,297,30,120,281,37,468,379,93,472,940
01/18/2018,IWA,AZ,AWP,WE,Federal Contract Tower,36,28,52,7,123,0,118,165,10,293,36,146,217,17,416,595,32,627,1043
01/19/2018,IWA,AZ,AWP,WE,Federal Contract Tower,43,34,48,12,137,0,118,175,11,304,43,152,223,23,441,530,44,574,1015
01/20/2018,IWA,AZ,AWP,WE,Federal Contract Tower,32,14,26,0,72,0,22,39,17,78,32,36,65,17,150,95,0,95,245
01/21/2018,IWA,AZ,AWP,WE,Federal Contract Tower,37,17,51,6,111,0,41,73,1,115,37,58,124,7,226,192,0,192,418
01/22/2018,IWA,AZ,AWP,WE,Federal Contract Tower,34,50,82,0,166,0,114,139,7,260,34,164,221,7,426,514,58,572,998
01/23/2018,IWA,AZ,AWP,WE,Federal Contract Tower,13,39,88,2,142,0,116,196,0,312,13,155,284,2,454,549,0,549,1003
01/24/2018,IWA,AZ,AWP,WE,Federal Contract Tower,26,12,30,0,68,0,131,183,3,317,26,143,213,3,385,685,0,685,1070
01/25/2018,IWA,AZ,AWP,WE,Federal Contract Tower,35,31,57,5,128,0,136,184,6,326,35,167,241,11,454,755,22,777,1231
01/26/2018,IWA,AZ,AWP,WE,Federal Contract Tower,42,38,70,31,181,0,138,225,12,375,42,176,295,43,556,683,10,693,1249
01/27/2018,IWA,AZ,AWP,WE,Federal Contract Tower,30,34,54,21,139,0,116,91,6,213,30,150,145,27,352,409,2,411,763
01/28/2018,IWA,AZ,AWP,WE,Federal Contract Tower,38,22,45,20,125,0,63,87,13,163,38,85,132,33,288,267,2,269,557
01/29/2018,IWA,AZ,AWP,WE,Federal Contract Tower,34,16,26,0,76,0,84,93,1,178,34,100,119,1,254,343,0,343,597
01/30/2018,IWA,AZ,AWP,WE,Federal Contract Tower,13,27,73,1,114,0,112,184,5,301,13,139,257,6,415,566,18,584,999
01/31/2018,IWA,AZ,AWP,WE,Federal Contract Tower,34,34,101,13,182,0,150,207,4,361,34,184,308,17,543,686,5,691,1234
02/01/2018,IWA,AZ,AWP,WE,Federal Contract Tower,37,50,95,4,186,0,129,200,5,334,37,179,295,9,520,630,5,635,1155
02/02/2018,IWA,AZ,AWP,WE,Federal Contract Tower,42,31,69,13,155,0,124,180,2,306,42,155,249,15,461,748,9,757,1218
02/03/2018,IWA,AZ,AWP,WE,Federal Contract Tower,31,16,43,0,90,0,91,76,10,177,31,107,119,10,267,503,0,503,770
02/04/2018,IWA,AZ,AWP,WE,Federal Contract Tower,38,14,39,7,98,0,62,66,10,138,38,76,105,17,236,318,0,318,554
02/05/2018,IWA,AZ,AWP,WE,Federal Contract Tower,36,27,61,3,127,0,118,136,4,258,36,145,197,7,385,580,0,580,965
02/06/2018,IWA,AZ,AWP,WE,Federal Contract Tower,16,32,88,3,139,0,108,143,1,252,16,140,231,4,391,582,0,582,973
02/07/2018,IWA,AZ,AWP,WE,Federal Contract Tower,34,36,82,5,157,0,114,182,2,298,34,150,264,7,455,458,0,458,913
02/08/2018,IWA,AZ,AWP,WE,Federal Contract Tower,35,27,76,1,139,0,128,144,1,273,35,155,220,2,412,427,16,443,855
02/09/2018,IWA,AZ,AWP,WE,Federal Contract Tower,43,25,74,1,143,0,135,162,3,300,43,160,236,4,443,702,0,702,1145
02/10/2018,IWA,AZ,AWP,WE,Federal Contract Tower,38,19,51,3,111,0,126,61,10,197,38,145,112,13,308,287,24,311,619
02/11/2018,IWA,AZ,AWP,WE,Federal Contract Tower,37,6,50,0,93,0,73,52,12,137,37,79,102,12,230,228,10,238,468
02/12/2018,IWA,AZ,AWP,WE,Federal Contract Tower,37,18,34,3,92,0,71,47,1,119,37,89,81,4,211,326,1,327,538
02/13/2018,IWA,AZ,AWP,WE,Federal Contract Tower,17,24,62,0,103,0,159,136,1,296,17,183,198,1,399,785,0,785,1184
02/14/2018,IWA,AZ,AWP,WE,Federal Contract Tower,40,41,46,11,138,0,123,111,6,240,40,164,157,17,378,560,7,567,945
02/15/2018,IWA,AZ,AWP,WE,Federal Contract Tower,43,47,71,13,174,0,39,46,11,96,43,86,117,24,270,317,16,333,603
02/16/2018,IWA,AZ,AWP,WE,Federal Contract Tower,43,22,92,20,177,0,98,150,7,255,43,120,242,27,432,624,0,624,1056
02/17/2018,IWA,AZ,AWP,WE,Federal Contract Tower,37,17,48,29,131,0,94,93,29,216,37,111,141,58,347,539,5,544,891
02/18/2018,IWA,AZ,AWP,WE,Federal Contract Tower,42,16,44,3,105,0,72,77,4,153,42,88,121,7,258,305,0,305,563
02/19/2018,IWA,AZ,AWP,WE,Federal Contract Tower,34,5,41,3,83,0,23,20,0,43,34,28,61,3,126,144,0,144,270
02/20/2018,IWA,AZ,AWP,WE,Federal Contract Tower,33,30,87,16,166,0,130,184,10,324,33,160,271,26,490,692,24,716,1206
02/21/2018,IWA,AZ,AWP,WE,Federal Contract Tower,42,52,60,6,160,0,155,221,1,377,42,207,281,7,537,792,0,792,1329
02/22/2018,IWA,AZ,AWP,WE,Federal Contract Tower,42,23,63,10,138,0,131,200,5,336,42,154,263,15,474,550,6,556,1030
02/23/2018,IWA,AZ,AWP,WE,Federal Contract Tower,41,22,49,29,141,0,89,162,12,263,41,111,211,41,404,380,18,398,802
02/24/2018,IWA,AZ,AWP,WE,Federal Contract Tower,40,17,64,13,134,0,86,107,19,212,40,103,171,32,346,395,3,398,744
02/25/2018,IWA,AZ,AWP,WE,Federal Contract Tower,38,21,48,13,120,0,69,67,4,140,38,90,115,17,260,302,0,302,562
02/26/2018,IWA,AZ,AWP,WE,Federal Contract Tower,37,34,40,2,113,0,111,168,4,283,37,145,208,6,396,581,2,583,979
02/27/2018,IWA,AZ,AWP,WE,Federal Contract Tower,33,23,58,6,120,0,80,204,4,288,33,103,262,10,408,461,7,468,876
02/28/2018,IWA,AZ,AWP,WE,Federal Contract Tower,45,30,72,3,150,0,120,168,6,294,45,150,240,9,444,563,7,570,1014
03/01/2018,IWA,AZ,AWP,WE,Federal Contract Tower,43,25,60,1,129,0,145,164,6,315,43,170,224,7,444,751,31,782,1226
03/02/2018,IWA,AZ,AWP,WE,Federal Contract Tower,50,29,68,5,152,0,118,190,0,308,50,147,258,5,460,668,0,668,1128
03/03/2018,IWA,AZ,AWP,WE,Federal Contract Tower,43,14,52,4,113,0,103,141,2,246,43,117,193,6,359,516,0,516,875
03/04/2018,IWA,AZ,AWP,WE,Federal Contract Tower,44,29,36,2,111,0,67,61,3,131,44,96,97,5,242,294,0,294,536
03/05/2018,IWA,AZ,AWP,WE,Federal Contract Tower,41,38,99,4,182,0,113,171,17,301,41,151,270,21,483,502,4,506,989
03/06/2018,IWA,AZ,AWP,WE,Federal Contract Tower,41,29,75,9,154,0,117,156,22,295,41,146,231,31,449,558,63,621,1070
03/07/2018,IWA,AZ,AWP,WE,Federal Contract Tower,53,30,79,5,167,0,113,183,3,299,53,143,262,8,466,648,0,648,1114
03/08/2018,IWA,AZ,AWP,WE,Federal Contract Tower,44,31,78,4,157,0,140,191,13,344,44,171,269,17,501,634,0,634,1135
03/09/2018,IWA,AZ,AWP,WE,Federal Contract Tower,48,27,58,8,141,0,112,169,17,298,48,139,227,25,439,498,8,506,945
03/10/2018,IWA,AZ,AWP,WE,Federal Contract Tower,45,8,25,2,80,0,77,68,10,155,45,85,93,12,235,391,0,391,626
03/11/2018,IWA,AZ,AWP,WE,Federal Contract Tower,44,22,43,14,123,0,49,47,11,107,44,71,90,25,230,413,0,413,643
03/12/2018,IWA,AZ,AWP,WE,Federal Contract Tower,43,25,34,5,107,0,102,162,7,271,43,127,196,12,378,555,24,579,957
03/13/2018,IWA,AZ,AWP,WE,Federal Contract Tower,39,31,63,1,134,0,119,199,10,328,39,150,262,11,462,524,14,538,1000
03/14/2018,IWA,AZ,AWP,WE,Federal Contract Tower,54,25,72,5,156,0,132,227,7,366,54,157,299,12,522,640,20,660,1182
03/15/2018,IWA,AZ,AWP,WE,Federal Contract Tower,42,21,98,6,167,0,58,199,11,268,42,79,297,17,435,486,22,508,943
03/16/2018,IWA,AZ,AWP,WE,Federal Contract Tower,47,15,52,14,128,0,138,128,2,268,47,153,180,16,396,650,15,665,1061
03/17/2018,IWA,AZ,AWP,WE,Federal Contract Tower,49,13,32,1,95,0,83,84,2,169,49,96,116,3,264,380,2,382,646
03/18/2018,IWA,AZ,AWP,WE,Federal Contract Tower,44,19,39,10,112,0,49,59,5,113,44,68,98,15,225,288,2,290,515
03/19/2018,IWA,AZ,AWP,WE,Federal Contract Tower,38,33,52,0,123,2,135,170,8,315,40,168,222,8,438,707,4,711,1149
03/20/2018,IWA,AZ,AWP,WE,Federal Contract Tower,45,40,75,6,166,0,167,187,4,358,45,207,262,10,524,691,1,692,1216
03/21/2018,IWA,AZ,AWP,WE,Federal Contract Tower,50,40,51,4,145,0,156,178,6,340,50,196,229,10,485,716,49,765,1250
03/22/2018,IWA,AZ,AWP,WE,Federal Contract Tower,42,28,54,2,126,0,150,149,4,303,42,178,203,6,429,756,0,756,1185
03/23/2018,IWA,AZ,AWP,WE,Federal Contract Tower,47,41,81,9,178,0,121,150,8,279,47,162,231,17,457,359,6,365,822
03/24/2018,IWA,AZ,AWP,WE,Federal Contract Tower,48,9,24,2,83,1,73,38,2,114,49,82,62,4,197,207,0,207,404
03/25/2018,IWA,AZ,AWP,WE,Federal Contract Tower,45,18,49,0,112,0,68,72,0,140,45,86,121,0,252,315,0,315,567
03/26/2018,IWA,AZ,AWP,WE,Federal Contract Tower,42,36,51,3,132,0,132,108,0,240,42,168,159,3,372,585,11,596,968
03/27/2018,IWA,AZ,AWP,WE,Federal Contract Tower,45,26,60,4,135,0,135,145,2,282,45,161,205,6,417,571,8,579,996
03/28/2018,IWA,AZ,AWP,WE,Federal Contract Tower,40,33,61,27,161,0,143,179,13,335,40,176,240,40,496,664,28,692,1188
03/29/2018,IWA,AZ,AWP,WE,Federal Contract Tower,43,36,43,5,127,0,146,173,8,327,43,182,216,13,454,758,0,758,1212
03/30/2018,IWA,AZ,AWP,WE,Federal Contract Tower,43,30,67,0,140,0,98,178,14,290,43,128,245,14,430,615,8,623,1053
03/31/2018,IWA,AZ,AWP,WE,Federal Contract Tower,44,14,37,2,97,0,113,86,0,199,44,127,123,2,296,318,0,318,614
04/01/2018,IWA,AZ,AWP,WE,Federal Contract Tower,43,7,18,0,68,0,46,36,0,82,43,53,54,0,150,202,0,202,352
04/02/2018,IWA,AZ,AWP,WE,Federal Contract Tower,41,31,61,2,135,0,112,135,0,247,41,143,196,2,382,571,0,571,953
04/03/2018,IWA,AZ,AWP,WE,Federal Contract Tower,44,28,44,3,119,0,115,138,0,253,44,143,182,3,372,263,15,278,650
04/04/2018,IWA,AZ,AWP,WE,Federal Contract Tower,41,31,54,9,135,0,114,181,1,296,41,145,235,10,431,683,22,705,1136
04/05/2018,IWA,AZ,AWP,WE,Federal Contract Tower,37,30,60,1,128,0,105,193,2,300,37,135,253,3,428,636,10,646,1074
04/06/2018,IWA,AZ,AWP,WE,Federal Contract Tower,40,17,66,11,134,0,99,158,26,283,40,116,224,37,417,652,9,661,1078
04/07/2018,IWA,AZ,AWP,WE,Federal Contract Tower,33,29,55,5,122,0,79,90,11,180,33,108,145,16,302,365,20,385,687
04/08/2018,IWA,AZ,AWP,WE,Federal Contract Tower,39,11,57,0,107,0,49,60,5,114,39,60,117,5,221,312,2,314,535
04/09/2018,IWA,AZ,AWP,WE,Federal Contract Tower,31,20,57,6,114,0,106,126,12,244,31,126,183,18,358,627,8,635,993
04/10/2018,IWA,AZ,AWP,WE,Federal Contract Tower,31,24,58,3,116,0,114,153,8,275,31,138,211,11,391,623,41,664,1055
04/11/2018,IWA,AZ,AWP,WE,Federal Contract Tower,31,26,61,2,120,0,140,160,0,300,31,166,221,2,420,818,0,818,1238
04/12/2018,IWA,AZ,AWP,WE,Federal Contract Tower,38,11,29,0,78,0,21,58,2,81,38,32,87,2,159,148,12,160,319
04/13/2018,IWA,AZ,AWP,WE,Federal Contract Tower,34,27,46,21,128,0,50,105,2,157,34,77,151,23,285,307,0,307,592
04/14/2018,IWA,AZ,AWP,WE,Federal Contract Tower,25,36,63,0,124,0,104,91,1,196,25,140,154,1,320,398,0,398,718
04/15/2018,IWA,AZ,AWP,WE,Federal Contract Tower,39,13,45,2,99,0,92,91,0,183,39,105,136,2,282,300,0,300,582
04/16/2018,IWA,AZ,AWP,WE,Federal Contract Tower,31,28,48,0,107,0,108,146,6,260,31,136,194,6,367,552,4,556,923
04/17/2018,IWA,AZ,AWP,WE,Federal Contract Tower,28,25,68,5,126,0,112,166,2,280,28,137,234,7,406,414,0,414,820
04/18/2018,IWA,AZ,AWP,WE,Federal Contract Tower,29,18,54,2,103,0,177,200,0,377,29,195,254,2,480,504,0,504,984
04/19/2018,IWA,AZ,AWP,WE,Federal Contract Tower,41,18,36,6,101,0,62,126,11,199,41,80,162,17,300,122,7,129,429
04/20/2018,IWA,AZ,AWP,WE,Federal Contract Tower,41,37,75,0,153,0,125,182,13,320,41,162,257,13,473,421,0,421,894
04/21/2018,IWA,AZ,AWP,WE,Federal Contract Tower,25,15,60,0,100,0,98,142,5,245,25,113,202,5,345,296,0,296,641
04/22/2018,IWA,AZ,AWP,WE,Federal Contract Tower,40,8,50,0,98,0,56,88,0,144,40,64,138,0,242,400,0,400,642
04/23/2018,IWA,AZ,AWP,WE,Federal Contract Tower,36,45,71,0,152,0,156,203,4,363,36,201,274,4,515,581,2,583,1098
04/24/2018,IWA,AZ,AWP,WE,Federal Contract Tower,29,30,81,6,146,0,146,177,2,325,29,176,258,8,471,733,14,747,1218
04/25/2018,IWA,AZ,AWP,WE,Federal Contract Tower,29,36,73,10,148,0,170,169,1,340,29,206,242,11,488,700,23,723,1211
04/26/2018,IWA,AZ,AWP,WE,Federal Contract Tower,39,30,55,0,124,0,140,172,3,315,39,170,227,3,439,573,0,573,1012
04/27/2018,IWA,AZ,AWP,WE,Federal Contract Tower,37,36,57,1,131,0,128,168,5,301,37,164,225,6,432,634,1,635,1067
04/28/2018,IWA,AZ,AWP,WE,Federal Contract Tower,28,17,41,0,86,0,96,84,3,183,28,113,125,3,269,362,0,362,631
04/29/2018,IWA,AZ,AWP,WE,Federal Contract Tower,40,20,34,0,94,1,51,58,0,110,41,71,92,0,204,156,0,156,360
04/30/2018,IWA,AZ,AWP,WE,Federal Contract Tower,30,29,56,3,118,0,106,172,3,281,30,135,228,6,399,549,6,555,954
05/01/2018,IWA,AZ,AWP,WE,Federal Contract Tower,18,16,58,3,95,0,82,145,4,231,18,98,203,7,326,348,5,353,679
05/02/2018,IWA,AZ,AWP,WE,Federal Contract Tower,24,35,59,6,124,0,123,136,3,262,24,158,195,9,386,379,16,395,781
05/03/2018,IWA,AZ,AWP,WE,Federal Contract Tower,36,36,66,5,143,0,138,181,8,327,36,174,247,13,470,752,4,756,1226
05/04/2018,IWA,AZ,AWP,WE,Federal Contract Tower,35,29,53,4,121,0,122,176,5,303,35,151,229,9,424,522,0,522,946
05/05/2018,IWA,AZ,AWP,WE,Federal Contract Tower,20,13,35,6,74,0,81,79,11,171,20,94,114,17,245,365,0,365,610
05/06/2018,IWA,AZ,AWP,WE,Federal Contract Tower,36,6,33,6,81,0,55,81,3,139,36,61,114,9,220,227,0,227,447
05/07/2018,IWA,AZ,AWP,WE,Federal Contract Tower,30,43,55,7,135,0,141,153,8,302,30,184,208,15,437,720,0,720,1157
05/08/2018,IWA,AZ,AWP,WE,Federal Contract Tower,15,46,56,3,120,1,122,192,12,327,16,168,248,15,447,643,6,649,1096
05/09/2018,IWA,AZ,AWP,WE,Federal Contract Tower,30,43,49,2,124,0,142,208,2,352,30,185,257,4,476,615,18,633,1109
05/10/2018,IWA,AZ,AWP,WE,Federal Contract Tower,36,40,58,7,141,0,130,141,1,272,36,170,199,8,413,446,6,452,865
05/11/2018,IWA,AZ,AWP,WE,Federal Contract Tower,36,13,36,3,88,0,53,79,6,138,36,66,115,9,226,296,4,300,526
05/12/2018,IWA,AZ,AWP,WE,Federal Contract Tower,24,3,26,0,53,0,43,65,10,118,24,46,91,10,171,128,4,132,303
05/13/2018,IWA,AZ,AWP,WE,Federal Contract Tower,35,18,27,0,80,0,62,85,3,150,35,80,112,3,230,199,5,204,434
05/14/2018,IWA,AZ,AWP,WE,Federal Contract Tower,30,39,58,2,129,0,122,131,2,255,30,161,189,4,384,470,6,476,860
05/15/2018,IWA,AZ,AWP,WE,Federal Contract Tower,19,25,60,4,108,0,117,182,5,304,19,142,242,9,412,492,4,496,908
05/16/2018,IWA,AZ,AWP,WE,Federal Contract Tower,25,48,58,2,133,0,126,156,4,286,25,174,214,6,419,464,19,483,902
05/17/2018,IWA,AZ,AWP,WE,Federal Contract Tower,36,43,74,4,157,0,99,132,4,235,36,142,206,8,392,500,0,500,892
05/18/2018,IWA,AZ,AWP,WE,Federal Contract Tower,37,41,73,0,151,0,132,179,11,322,37,173,252,11,473,544,2,546,1019
05/19/2018,IWA,AZ,AWP,WE,Federal Contract Tower,24,23,47,1,95,0,107,81,4,192,24,130,128,5,287,310,7,317,604
05/20/2018,IWA,AZ,AWP,WE,Federal Contract Tower,37,8,43,1,89,0,58,86,1,145,37,66,129,2,234,207,0,207,441
05/21/2018,IWA,AZ,AWP,WE,Federal Contract Tower,34,24,57,3,118,0,109,144,1,254,34,133,201,4,372,404,18,422,794
05/22/2018,IWA,AZ,AWP,WE,Federal Contract Tower,21,28,39,2,90,0,119,152,7,278,21,147,191,9,368,663,14,677,1045
05/23/2018,IWA,AZ,AWP,WE,Federal Contract Tower,29,32,52,5,118,0,119,193,2,314,29,151,245,7,432,690,6,696,1128
05/24/2018,IWA,AZ,AWP,WE,Federal Contract Tower,35,29,53,1,118,0,117,148,2,267,35,146,201,3,385,628,16,644,1029
05/25/2018,IWA,AZ,AWP,WE,Federal Contract Tower,39,33,49,0,121,0,116,122,10,248,39,149,171,10,369,446,0,446,815
05/26/2018,IWA,AZ,AWP,WE,Federal Contract Tower,28,18,33,3,82,0,69,77,4,150,28,87,110,7,232,240,0,240,472
05/27/2018,IWA,AZ,AWP,WE,Federal Contract Tower,37,18,41,0,96,0,48,72,0,120,37,66,113,0,216,203,0,203,419
05/28/2018,IWA,AZ,AWP,WE,Federal Contract Tower,34,15,36,1,86,0,87,65,7,159,34,102,101,8,245,462,0,462,707
05/29/2018,IWA,AZ,AWP,WE,Federal Contract Tower,24,33,62,0,119,0,136,123,10,269,24,169,185,10,388,566,44,610,998
05/30/2018,IWA,AZ,AWP,WE,Federal Contract Tower,32,22,59,0,113,0,121,136,9,266,32,143,195,9,379,541,10,551,930
05/31/2018,IWA,AZ,AWP,WE,Federal Contract Tower,36,40,46,4,126,0,111,116,3,230,36,151,162,7,356,385,0,385,741
06/01/2018,IWA,AZ,AWP,WE,Federal Contract Tower,42,34,46,2,124,0,123,123,4,250,42,157,169,6,374,505,0,505,879
06/02/2018,IWA,AZ,AWP,WE,Federal Contract Tower,32,33,38,0,103,0,89,69,2,160,32,122,107,2,263,160,0,160,423
06/03/2018,IWA,AZ,AWP,WE,Federal Contract Tower,30,17,38,1,86,0,58,62,2,122,30,75,100,3,208,159,0,159,367
06/04/2018,IWA,AZ,AWP,WE,Federal Contract Tower,35,25,41,2,103,0,90,114,3,207,35,115,155,5,310,415,0,415,725
06/05/2018,IWA,AZ,AWP,WE,Federal Contract Tower,20,26,57,4,107,0,86,126,8,220,20,112,183,12,327,384,15,399,726
06/06/2018,IWA,AZ,AWP,WE,Federal Contract Tower,34,29,58,2,123,0,103,135,6,244,34,132,193,8,367,434,7,441,808
06/07/2018,IWA,AZ,AWP,WE,Federal Contract Tower,36,26,48,6,116,0,122,123,2,247,36,148,171,8,363,463,20,483,846
06/08/2018,IWA,AZ,AWP,WE,Federal Contract Tower,42,29,56,9,136,0,114,132,8,254,42,143,188,17,390,493,0,493,883
06/09/2018,IWA,AZ,AWP,WE,Federal Contract Tower,32,27,47,9,115,0,104,76,22,202,32,131,123,31,317,195,50,245,562
06/10/2018,IWA,AZ,AWP,WE,Federal Contract Tower,39,13,31,2,85,0,52,52,20,124,39,65,83,22,209,198,34,232,441
06/11/2018,IWA,AZ,AWP,WE,Federal Contract Tower,34,41,61,0,136,0,106,134,2,242,34,147,195,2,378,443,10,453,831
06/12/2018,IWA,AZ,AWP,WE,Federal Contract Tower,26,38,74,5,143,0,133,160,1,294,26,171,234,6,437,584,0,584,1021
06/13/2018,IWA,AZ,AWP,WE,Federal Contract Tower,29,42,62,0,133,0,136,181,1,318,29,178,243,1,451,538,0,538,989
06/14/2018,IWA,AZ,AWP,WE,Federal Contract Tower,33,53,77,10,173,0,134,131,2,267,33,187,208,12,440,268,12,280,720
06/15/2018,IWA,AZ,AWP,WE,Federal Contract Tower,39,47,62,9,157,0,111,108,0,219,39,158,170,9,376,410,0,410,786
06/16/2018,IWA,AZ,AWP,WE,Federal Contract Tower,32,15,10,1,58,0,21,23,0,44,32,36,33,1,102,113,0,113,215
06/17/2018,IWA,AZ,AWP,WE,Federal Contract Tower,37,8,42,2,89,0,43,68,1,112,37,51,110,3,201,193,10,203,404
06/18/2018,IWA,AZ,AWP,WE,Federal Contract Tower,29,42,55,0,126,0,133,115,0,248,29,175,170,0,374,367,0,367,741
06/19/2018,IWA,AZ,AWP,WE,Federal Contract Tower,27,43,69,3,142,0,143,146,4,293,27,186,215,7,435,445,22,467,902
06/20/2018,IWA,AZ,AWP,WE,Federal Contract Tower,35,44,82,0,161,0,134,169,2,305,35,178,251,2,466,403,14,417,883
06/21/2018,IWA,AZ,AWP,WE,Federal Contract Tower,37,38,47,7,129,0,121,141,11,273,37,159,188,18,402,444,8,452,854
06/22/2018,IWA,AZ,AWP,WE,Federal Contract Tower,37,34,55,2,128,0,128,118,3,249,37,162,173,5,377,369,0,369,746
06/23/2018,IWA,AZ,AWP,WE,Federal Contract Tower,30,22,33,0,85,0,86,89,0,175,30,108,122,0,260,277,0,277,537
06/24/2018,IWA,AZ,AWP,WE,Federal Contract Tower,42,21,31,0,94,0,71,55,2,128,42,92,86,2,222,217,0,217,439
06/25/2018,IWA,AZ,AWP,WE,Federal Contract Tower,32,34,67,5,138,0,103,140,6,249,32,137,207,11,387,422,14,436,823
06/26/2018,IWA,AZ,AWP,WE,Federal Contract Tower,28,42,50,3,123,0,136,157,9,302,28,178,207,12,425,463,6,469,894
06/27/2018,IWA,AZ,AWP,WE,Federal Contract Tower,36,46,56,4,142,0,135,166,4,305,36,181,222,8,447,383,15,398,845
06/28/2018,IWA,AZ,AWP,WE,Federal Contract Tower,31,41,59,1,132,0,115,150,2,267,31,156,209,3,399,300,0,300,699
06/30/2018,IWA,AZ,AWP,WE,Federal Contract Tower,38,19,39,2,98,0,82,61,0,143,38,101,100,2,241,303,0,303,544
07/01/2018,IWA,AZ,AWP,WE,Federal Contract Tower,39,12,63,0,114,0,66,67,0,133,39,78,130,0,247,213,1,214,461
07/02/2018,IWA,AZ,AWP,WE,Federal Contract Tower,32,36,75,2,145,0,99,125,2,226,32,135,200,4,371,415,10,425,796
07/03/2018,IWA,AZ,AWP,WE,Federal Contract Tower,38,24,46,5,113,0,94,119,3,216,38,118,165,8,329,393,0,393,722
07/04/2018,IWA,AZ,AWP,WE,Federal Contract Tower,31,3,30,0,64,0,10,72,0,82,31,13,102,0,146,220,0,220,366
07/05/2018,IWA,AZ,AWP,WE,Federal Contract Tower,38,9,14,0,61,0,60,79,13,152,38,69,93,13,213,355,14,369,582
07/06/2018,IWA,AZ,AWP,WE,Federal Contract Tower,34,11,14,7,66,0,81,58,14,153,34,92,72,21,219,183,0,183,402
07/07/2018,IWA,AZ,AWP,WE,Federal Contract Tower,35,5,14,0,54,0,88,54,7,149,35,93,68,7,203,271,0,271,474
07/08/2018,IWA,AZ,AWP,WE,Federal Contract Tower,30,8,16,0,54,0,69,52,4,125,30,77,68,4,179,247,0,247,426
07/09/2018,IWA,AZ,AWP,WE,Federal Contract Tower,35,34,40,3,112,0,94,130,4,228,35,128,170,7,340,306,6,312,652
07/10/2018,IWA,AZ,AWP,WE,Federal Contract Tower,32,19,55,0,106,0,126,99,3,228,32,145,154,3,334,391,7,398,732
07/11/2018,IWA,AZ,AWP,WE,Federal Contract Tower,34,15,30,3,82,0,87,83,5,175,34,102,113,8,257,275,0,275,532
07/12/2018,IWA,AZ,AWP,WE,Federal Contract Tower,31,23,51,1,106,0,168,115,5,288,31,191,166,6,394,469,5,474,868
07/13/2018,IWA,AZ,AWP,WE,Federal Contract Tower,36,30,67,0,133,1,105,125,1,232,37,135,192,1,365,364,0,364,729
07/14/2018,IWA,AZ,AWP,WE,Federal Contract Tower,33,8,18,0,59,0,57,59,1,117,33,65,77,1,176,266,0,266,442
07/15/2018,IWA,AZ,AWP,WE,Federal Contract Tower,35,9,25,1,70,0,33,51,0,84,35,42,76,1,154,214,0,214,368
07/16/2018,IWA,AZ,AWP,WE,Federal Contract Tower,30,25,50,0,105,0,94,121,1,216,30,119,171,1,321,406,0,406,727
07/17/2018,IWA,AZ,AWP,WE,Federal Contract Tower,28,32,42,8,110,0,123,130,7,260,28,155,172,15,370,500,12,512,882
07/18/2018,IWA,AZ,AWP,WE,Federal Contract Tower,33,28,37,2,100,0,112,188,23,323,33,140,225,25,423,349,6,355,778
07/19/2018,IWA,AZ,AWP,WE,Federal Contract Tower,36,41,89,2,168,0,80,133,8,221,36,121,222,10,389,432,16,448,837
07/20/2018,IWA,AZ,AWP,WE,Federal Contract Tower,32,30,68,2,132,0,93,107,0,200,32,123,175,2,332,371,0,371,703
07/21/2018,IWA,AZ,AWP,WE,Federal Contract Tower,37,17,39,2,95,0,77,63,2,142,37,94,102,4,237,299,0,299,536
07/22/2018,IWA,AZ,AWP,WE,Federal Contract Tower,33,15,58,0,106,0,61,87,1,149,33,76,145,1,255,177,0,177,432
07/23/2018,IWA,AZ,AWP,WE,Federal Contract Tower,28,39,75,4,146,0,105,160,17,282,28,144,235,21,428,337,12,349,777
07/24/2018,IWA,AZ,AWP,WE,Federal Contract Tower,23,15,36,0,74,0,70,116,2,188,23,85,152,2,262,373,0,373,635
07/25/2018,IWA,AZ,AWP,WE,Federal Contract Tower,32,25,48,3,108,0,84,144,6,234,32,109,192,9,342,415,6,421,763
07/26/2018,IWA,AZ,AWP,WE,Federal Contract Tower,34,32,80,0,146,0,116,154,4,274,34,148,234,4,420,417,0,417,837
07/27/2018,IWA,AZ,AWP,WE,Federal Contract Tower,38,17,29,3,87,0,104,101,4,209,38,121,130,7,296,324,0,324,620
07/28/2018,IWA,AZ,AWP,WE,Federal Contract Tower,28,18,22,5,73,0,89,49,4,142,28,107,71,9,215,239,0,239,454
07/29/2018,IWA,AZ,AWP,WE,Federal Contract Tower,33,22,28,7,90,0,80,55,4,139,33,102,83,11,229,158,0,158,387
07/30/2018,IWA,AZ,AWP,WE,Federal Contract Tower,30,33,57,0,120,0,98,109,2,209,30,131,166,2,329,301,40,341,670
07/31/2018,IWA,AZ,AWP,WE,Federal Contract Tower,24,32,66,4,126,0,117,141,2,260,24,149,207,6,386,349,12,361,747
08/01/2018,IWA,AZ,AWP,WE,Federal Contract Tower,23,33,69,0,125,0,127,137,5,269,23,160,206,5,394,415,10,425,819
08/02/2018,IWA,AZ,AWP,WE,Federal Contract Tower,36,30,47,1,114,0,107,137,6,250,36,137,184,7,364,425,20,445,809
08/03/2018,IWA,AZ,AWP,WE,Federal Contract Tower,36,26,93,1,156,0,137,187,5,329,36,163,280,6,485,485,33,518,1003
08/04/2018,IWA,AZ,AWP,WE,Federal Contract Tower,21,20,44,1,86,0,81,69,12,162,21,101,113,13,248,245,22,267,515
08/05/2018,IWA,AZ,AWP,WE,Federal Contract Tower,41,20,45,1,107,0,66,60,1,127,41,86,105,2,234,169,0,169,403
08/06/2018,IWA,AZ,AWP,WE,Federal Contract Tower,33,42,73,2,150,1,91,132,3,227,34,133,205,5,377,411,32,443,820
08/07/2018,IWA,AZ,AWP,WE,Federal Contract Tower,20,35,68,0,123,0,84,165,2,251,20,119,233,2,374,395,19,414,788
08/08/2018,IWA,AZ,AWP,WE,Federal Contract Tower,24,37,59,0,120,1,112,155,0,268,25,149,214,0,388,553,0,553,941
08/09/2018,IWA,AZ,AWP,WE,Federal Contract Tower,34,37,76,0,147,0,120,161,2,283,34,157,237,2,430,494,0,494,924
08/10/2018,IWA,AZ,AWP,WE,Federal Contract Tower,52,33,94,0,179,0,119,148,14,281,52,152,242,14,460,437,1,438,898
08/11/2018,IWA,AZ,AWP,WE,Federal Contract Tower,14,15,60,1,90,0,85,95,6,186,14,100,155,7,276,362,0,362,638
08/12/2018,IWA,AZ,AWP,WE,Federal Contract Tower,39,7,28,2,76,0,50,44,1,95,39,57,72,3,171,199,0,199,370
08/13/2018,IWA,AZ,AWP,WE,Federal Contract Tower,29,32,55,20,136,0,96,119,4,219,29,128,174,24,355,369,0,369,724
08/14/2018,IWA,AZ,AWP,WE,Federal Contract Tower,19,26,53,1,99,0,132,157,4,293,19,158,210,5,392,485,33,518,910
08/15/2018,IWA,AZ,AWP,WE,Federal Contract Tower,21,48,84,6,159,0,161,167,1,329,21,209,251,7,488,777,4,781,1269
08/16/2018,IWA,AZ,AWP,WE,Federal Contract Tower,39,38,90,10,177,0,94,140,3,237,39,132,230,13,414,518,67,585,999
08/17/2018,IWA,AZ,AWP,WE,Federal Contract Tower,34,29,90,8,161,0,103,138,6,247,34,132,228,14,408,504,0,504,912
08/18/2018,IWA,AZ,AWP,WE,Federal Contract Tower,13,16,41,0,70,0,74,62,2,138,13,90,103,2,208,236,0,236,444
08/19/2018,IWA,AZ,AWP,WE,Federal Contract Tower,37,25,43,0,105,0,77,65,1,143,37,102,108,1,248,222,0,222,470
08/20/2018,IWA,AZ,AWP,WE,Federal Contract Tower,34,25,57,3,119,0,97,113,4,214,34,122,170,7,333,440,2,442,775
08/21/2018,IWA,AZ,AWP,WE,Federal Contract Tower,15,19,61,0,95,0,101,113,0,214,15,120,174,0,309,420,0,420,729
08/22/2018,IWA,AZ,AWP,WE,Federal Contract Tower,21,19,49,2,91,0,86,106,3,195,21,105,155,5,286,412,12,424,710
08/23/2018,IWA,AZ,AWP,WE,Federal Contract Tower,34,35,36,4,109,0,101,100,2,203,34,136,136,6,312,406,4,410,722
08/24/2018,IWA,AZ,AWP,WE,Federal Contract Tower,69,26,62,7,164,0,125,121,7,253,69,151,183,14,417,323,17,340,757
08/25/2018,IWA,AZ,AWP,WE,Federal Contract Tower,17,22,37,1,77,0,72,57,0,129,17,94,94,1,206,238,0,238,444
08/26/2018,IWA,AZ,AWP,WE,Federal Contract Tower,35,15,43,10,103,0,45,54,10,109,35,60,97,20,212,206,1,207,419
08/27/2018,IWA,AZ,AWP,WE,Federal Contract Tower,31,31,75,4,141,0,134,143,0,277,31,165,218,4,418,544,0,544,962
08/28/2018,IWA,AZ,AWP,WE,Federal Contract Tower,15,35,87,0,137,0,149,164,4,317,15,184,251,4,454,553,3,556,1010
08/29/2018,IWA,AZ,AWP,WE,Federal Contract Tower,11,31,74,2,118,0,139,161,0,300,11,170,235,2,418,676,0,676,1094
08/30/2018,IWA,AZ,AWP,WE,Federal Contract Tower,36,36,66,3,141,0,145,135,3,283,36,181,201,6,424,613,0,613,1037
08/31/2018,IWA,AZ,AWP,WE,Federal Contract Tower,33,28,81,0,142,0,133,127,3,263,33,161,208,3,405,603,12,615,1020
09/01/2018,IWA,AZ,AWP,WE,Federal Contract Tower,14,14,20,0,48,0,97,41,0,138,14,111,61,0,186,273,0,273,459
09/02/2018,IWA,AZ,AWP,WE,Federal Contract Tower,33,8,5,0,46,0,45,18,0,63,33,53,23,0,109,164,0,164,273
09/03/2018,IWA,AZ,AWP,WE,Federal Contract Tower,33,21,39,0,93,0,94,109,1,204,33,115,148,1,297,487,1,488,785
09/04/2018,IWA,AZ,AWP,WE,Federal Contract Tower,11,29,71,0,111,0,102,148,0,250,11,131,219,0,361,604,0,604,965
09/05/2018,IWA,AZ,AWP,WE,Federal Contract Tower,10,24,65,3,102,0,98,152,1,251,10,122,217,4,353,446,0,446,799
09/06/2018,IWA,AZ,AWP,WE,Federal Contract Tower,34,21,54,8,117,0,117,150,13,280,34,138,204,21,397,580,18,598,995
09/07/2018,IWA,AZ,AWP,WE,Federal Contract Tower,36,32,63,20,151,0,131,154,10,295,36,163,217,30,446,556,8,564,1010
09/08/2018,IWA,AZ,AWP,WE,Federal Contract Tower,14,22,53,1,90,0,84,107,8,199,14,106,160,9,289,340,22,362,651
09/09/2018,IWA,AZ,AWP,WE,Federal Contract Tower,33,21,50,10,114,0,70,75,1,146,33,91,125,11,260,253,0,253,513
09/10/2018,IWA,AZ,AWP,WE,Federal Contract Tower,26,25,62,6,119,0,120,135,4,259,26,145,197,10,378,596,21,617,995
09/11/2018,IWA,AZ,AWP,WE,Federal Contract Tower,10,24,73,2,109,0,139,151,6,296,10,163,224,8,405,629,32,661,1066
09/12/2018,IWA,AZ,AWP,WE,Federal Contract Tower,11,23,83,27,144,1,115,173,14,303,12,138,256,41,447,469,20,489,936
09/13/2018,IWA,AZ,AWP,WE,Federal Contract Tower,32,27,86,5,150,0,127,170,3,300,32,154,256,8,450,521,24,545,995
09/14/2018,IWA,AZ,AWP,WE,Federal Contract Tower,35,42,68,15,160,0,136,147,4,287,35,178,215,19,447,548,28,576,1023
09/15/2018,IWA,AZ,AWP,WE,Federal Contract Tower,18,14,36,2,70,0,112,97,0,209,18,126,133,2,279,315,0,315,594
09/16/2018,IWA,AZ,AWP,WE,Federal Contract Tower,35,13,44,3,95,0,50,66,1,117,35,63,110,4,212,218,0,218,430
09/17/2018,IWA,AZ,AWP,WE,Federal Contract Tower,27,39,81,12,159,0,106,178,9,293,27,145,259,21,452,473,20,493,945
09/18/2018,IWA,AZ,AWP,WE,Federal Contract Tower,8,28,82,5,123,0,110,217,3,330,8,138,299,8,453,536,46,582,1035
09/19/2018,IWA,AZ,AWP,WE,Federal Contract Tower,11,26,47,4,88,0,57,98,2,157,11,83,145,6,245,267,20,287,532
09/20/2018,IWA,AZ,AWP,WE,Federal Contract Tower,39,32,72,0,143,0,89,138,1,228,39,121,210,1,371,538,1,539,910
09/21/2018,IWA,AZ,AWP,WE,Federal Contract Tower,39,29,90,1,159,0,160,235,0,395,39,189,325,1,554,565,0,565,1119
09/22/2018,IWA,AZ,AWP,WE,Federal Contract Tower,20,7,20,2,49,0,93,62,2,157,20,100,82,4,206,401,0,401,607
09/23/2018,IWA,AZ,AWP,WE,Federal Contract Tower,34,5,19,1,59,0,56,66,4,126,34,61,85,5,185,248,0,248,433
09/24/2018,IWA,AZ,AWP,WE,Federal Contract Tower,28,27,81,4,140,0,119,177,5,301,28,146,258,9,441,507,10,517,958
09/25/2018,IWA,AZ,AWP,WE,Federal Contract Tower,9,25,107,3,144,0,114,241,3,358,9,139,348,6,502,484,6,490,992
09/26/2018,IWA,AZ,AWP,WE,Federal Contract Tower,9,24,42,2,77,0,128,187,0,315,9,152,229,2,392,517,0,517,909
09/27/2018,IWA,AZ,AWP,WE,Federal Contract Tower,33,23,61,8,125,0,113,176,0,289,33,136,237,8,414,714,0,714,1128
09/28/2018,IWA,AZ,AWP,WE,Federal Contract Tower,35,26,74,5,140,0,121,157,1,279,35,147,231,6,419,557,0,557,976
09/29/2018,IWA,AZ,AWP,WE,Federal Contract Tower,22,11,61,0,94,0,115,94,0,209,22,126,155,0,303,343,0,343,646
09/30/2018,IWA,AZ,AWP,WE,Federal Contract Tower,33,19,25,0,77,0,64,57,0,121,33,83,82,0,198,227,0,227,425
10/01/2018,IWA,AZ,AWP,WE,Federal Contract Tower,33,43,46,7,129,0,33,40,2,75,33,76,86,9,204,276,6,282,486
10/02/2018,IWA,AZ,AWP,WE,Federal Contract Tower,8,23,34,3,68,0,5,9,2,16,8,28,43,5,84,48,4,52,136
10/03/2018,IWA,AZ,AWP,WE,Federal Contract Tower,31,55,91,5,182,0,71,76,3,150,31,126,167,8,332,494,16,510,842
10/04/2018,IWA,AZ,AWP,WE,Federal Contract Tower,35,32,87,6,160,0,142,210,3,355,35,174,297,9,515,686,6,692,1207
10/05/2018,IWA,AZ,AWP,WE,Federal Contract Tower,36,37,83,6,162,0,161,217,7,385,36,198,300,13,547,743,26,769,1316
10/06/2018,IWA,AZ,AWP,WE,Federal Contract Tower,26,11,40,1,78,0,91,108,3,202,26,102,148,4,280,291,0,291,571
10/07/2018,IWA,AZ,AWP,WE,Federal Contract Tower,39,5,15,0,59,0,11,28,0,39,39,16,43,0,98,111,0,111,209
10/08/2018,IWA,AZ,AWP,WE,Federal Contract Tower,33,29,53,3,118,0,115,133,3,251,33,144,186,6,369,560,2,562,931
10/09/2018,IWA,AZ,AWP,WE,Federal Contract Tower,18,25,79,9,131,0,111,177,4,292,18,136,256,13,423,535,10,545,968
10/10/2018,IWA,AZ,AWP,WE,Federal Contract Tower,37,32,42,2,113,0,156,200,2,358,37,188,242,4,471,631,10,641,1112
10/11/2018,IWA,AZ,AWP,WE,Federal Contract Tower,34,25,41,5,105,0,94,134,7,235,34,119,175,12,340,655,12,667,1007
10/12/2018,IWA,AZ,AWP,WE,Federal Contract Tower,38,20,41,3,102,0,87,96,1,184,38,107,137,4,286,607,0,607,893
10/13/2018,IWA,AZ,AWP,WE,Federal Contract Tower,27,10,16,2,55,0,3,3,0,6,27,13,19,2,61,0,0,0,61
10/14/2018,IWA,AZ,AWP,WE,Federal Contract Tower,36,18,45,8,107,0,67,54,5,126,36,85,99,13,233,187,0,187,420
10/15/2018,IWA,AZ,AWP,WE,Federal Contract Tower,28,13,19,3,63,0,111,145,6,262,28,124,164,9,325,423,0,423,748
10/16/2018,IWA,AZ,AWP,WE,Federal Contract Tower,23,8,28,1,60,0,104,151,5,260,23,112,179,6,320,471,13,484,804
10/17/2018,IWA,AZ,AWP,WE,Federal Contract Tower,36,15,17,2,70,0,98,136,5,239,36,113,153,7,309,467,10,477,786
10/18/2018,IWA,AZ,AWP,WE,Federal Contract Tower,33,15,43,0,91,0,72,154,2,228,33,87,197,2,319,498,16,514,833
10/19/2018,IWA,AZ,AWP,WE,Federal Contract Tower,37,12,24,0,73,0,2,2,4,8,37,14,26,4,81,6,0,6,87
10/20/2018,IWA,AZ,AWP,WE,Federal Contract Tower,27,4,15,0,46,0,75,38,1,114,27,79,53,1,160,191,0,191,351
10/21/2018,IWA,AZ,AWP,WE,Federal Contract Tower,38,4,14,0,56,0,32,18,0,50,38,36,32,0,106,100,0,100,206
10/22/2018,IWA,AZ,AWP,WE,Federal Contract Tower,29,26,49,0,104,0,116,138,0,254,29,142,187,0,358,675,0,675,1033
10/23/2018,IWA,AZ,AWP,WE,Federal Contract Tower,21,13,44,1,79,0,59,105,2,166,21,72,149,3,245,524,2,526,771
10/24/2018,IWA,AZ,AWP,WE,Federal Contract Tower,33,30,61,4,128,0,153,203,6,362,33,183,264,10,490,723,17,740,1230
10/25/2018,IWA,AZ,AWP,WE,Federal Contract Tower,32,28,57,3,120,0,125,177,1,303,32,153,234,4,423,783,1,784,1207
10/26/2018,IWA,AZ,AWP,WE,Federal Contract Tower,40,24,80,5,149,0,112,173,5,290,40,136,253,10,439,761,1,762,1201
10/27/2018,IWA,AZ,AWP,WE,Federal Contract Tower,29,13,61,0,103,0,93,95,7,195,29,106,156,7,298,311,1,312,610
10/28/2018,IWA,AZ,AWP,WE,Federal Contract Tower,38,13,70,0,121,0,67,72,0,139,38,80,142,0,260,264,0,264,524
10/29/2018,IWA,AZ,AWP,WE,Federal Contract Tower,28,24,63,10,125,0,120,166,2,288,28,144,229,12,413,694,10,704,1117
10/30/2018,IWA,AZ,AWP,WE,Federal Contract Tower,20,22,86,5,133,0,110,147,0,257,20,132,233,5,390,754,0,754,1144
10/31/2018,IWA,AZ,AWP,WE,Federal Contract Tower,33,26,47,5,111,0,105,129,6,240,33,131,176,11,351,796,0,796,1147
11/01/2018,IWA,AZ,AWP,WE,Federal Contract Tower,39,24,85,16,164,0,109,174,7,290,39,133,259,23,454,609,1,610,1064
11/02/2018,IWA,AZ,AWP,WE,Federal Contract Tower,38,40,123,1,202,0,110,228,3,341,38,150,351,4,543,791,0,791,1334
11/03/2018,IWA,AZ,AWP,WE,Federal Contract Tower,28,24,52,13,117,0,91,95,11,197,28,115,147,24,314,315,42,357,671
11/04/2018,IWA,AZ,AWP,WE,Federal Contract Tower,41,15,43,5,104,0,54,91,3,148,41,69,134,8,252,230,0,230,482
11/05/2018,IWA,AZ,AWP,WE,Federal Contract Tower,36,24,48,4,112,0,124,144,2,270,36,148,192,6,382,527,0,527,909
11/06/2018,IWA,AZ,AWP,WE,Federal Contract Tower,27,26,83,6,142,0,124,198,8,330,27,150,281,14,472,607,16,623,1095
11/07/2018,IWA,AZ,AWP,WE,Federal Contract Tower,32,32,88,5,157,0,122,176,4,302,32,154,264,9,459,551,22,573,1032
11/08/2018,IWA,AZ,AWP,WE,Federal Contract Tower,39,27,69,6,141,0,101,201,3,305,39,128,270,9,446,657,0,657,1103
11/09/2018,IWA,AZ,AWP,WE,Federal Contract Tower,44,21,54,5,124,0,104,179,3,286,44,125,233,8,410,538,0,538,948
11/10/2018,IWA,AZ,AWP,WE,Federal Contract Tower,36,11,37,2,86,0,80,89,9,178,36,91,126,11,264,359,0,359,623
11/11/2018,IWA,AZ,AWP,WE,Federal Contract Tower,39,17,50,1,107,0,65,107,18,190,39,82,157,19,297,442,0,442,739
11/12/2018,IWA,AZ,AWP,WE,Federal Contract Tower,34,16,15,1,66,0,65,58,10,133,34,81,73,11,199,365,0,365,564
11/13/2018,IWA,AZ,AWP,WE,Federal Contract Tower,22,24,24,6,76,0,139,126,26,291,22,163,150,32,367,530,21,551,918
11/14/2018,IWA,AZ,AWP,WE,Federal Contract Tower,32,21,31,0,84,1,155,147,8,311,33,176,178,8,395,790,0,790,1185
11/15/2018,IWA,AZ,AWP,WE,Federal Contract Tower,38,38,78,9,163,0,111,232,3,346,38,149,310,12,509,811,0,811,1320
11/16/2018,IWA,AZ,AWP,WE,Federal Contract Tower,41,29,69,10,149,0,135,206,9,350,41,164,275,19,499,665,0,665,1164
11/17/2018,IWA,AZ,AWP,WE,Federal Contract Tower,28,17,59,0,104,0,132,123,6,261,28,149,182,6,365,540,0,540,905
11/18/2018,IWA,AZ,AWP,WE,Federal Contract Tower,42,16,61,9,128,0,62,119,0,181,42,78,180,9,309,290,0,290,599
11/19/2018,IWA,AZ,AWP,WE,Federal Contract Tower,37,24,69,5,135,0,124,211,9,344,37,148,280,14,479,689,21,710,1189
11/20/2018,IWA,AZ,AWP,WE,Federal Contract Tower,35,37,69,2,143,0,147,173,3,323,35,184,242,5,466,714,12,726,1192
11/21/2018,IWA,AZ,AWP,WE,Federal Contract Tower,48,29,53,0,130,0,126,122,10,258,48,155,175,10,388,637,0,637,1025
11/22/2018,IWA,AZ,AWP,WE,Federal Contract Tower,29,5,4,0,38,0,7,11,5,23,29,12,15,5,61,12,5,17,78
11/23/2018,IWA,AZ,AWP,WE,Federal Contract Tower,33,17,47,0,97,0,82,56,9,147,33,99,103,9,244,201,0,201,445
11/24/2018,IWA,AZ,AWP,WE,Federal Contract Tower,36,23,44,2,105,0,104,81,10,195,36,127,125,12,300,322,0,322,622
11/25/2018,IWA,AZ,AWP,WE,Federal Contract Tower,36,19,38,3,96,0,67,49,7,123,36,86,87,10,219,209,0,209,428
11/26/2018,IWA,AZ,AWP,WE,Federal Contract Tower,35,51,68,1,155,0,129,152,0,281,35,180,220,1,436,669,2,671,1107
11/27/2018,IWA,AZ,AWP,WE,Federal Contract Tower,8,50,79,10,147,0,145,237,2,384,8,195,316,12,531,840,9,849,1380
11/28/2018,IWA,AZ,AWP,WE,Federal Contract Tower,31,27,47,5,110,0,122,186,0,308,31,149,233,5,418,685,0,685,1103
11/29/2018,IWA,AZ,AWP,WE,Federal Contract Tower,35,33,46,6,120,1,131,143,2,277,36,164,189,8,397,781,4,785,1182
11/30/2018,IWA,AZ,AWP,WE,Federal Contract Tower,41,33,54,20,148,0,119,98,8,225,41,152,152,28,373,624,1,625,998
12/01/2018,IWA,AZ,AWP,WE,Federal Contract Tower,32,24,47,18,121,0,72,109,6,187,32,96,156,24,308,491,0,491,799
12/02/2018,IWA,AZ,AWP,WE,Federal Contract Tower,38,16,45,11,110,0,50,60,3,113,38,66,105,14,223,273,0,273,496
12/03/2018,IWA,AZ,AWP,WE,Federal Contract Tower,30,49,91,2,172,0,113,184,0,297,30,162,275,2,469,828,0,828,1297
12/04/2018,IWA,AZ,AWP,WE,Federal Contract Tower,19,49,74,3,145,0,125,157,0,282,19,174,231,3,427,645,5,650,1077
12/05/2018,IWA,AZ,AWP,WE,Federal Contract Tower,24,30,68,1,123,0,149,187,2,338,24,179,255,3,461,736,1,737,1198
12/06/2018,IWA,AZ,AWP,WE,Federal Contract Tower,39,21,38,2,100,0,77,106,4,187,39,98,144,6,287,712,16,728,1015
12/07/2018,IWA,AZ,AWP,WE,Federal Contract Tower,42,35,67,0,144,0,73,116,0,189,42,108,183,0,333,544,0,544,877
12/08/2018,IWA,AZ,AWP,WE,Federal Contract Tower,29,29,56,0,114,0,39,49,0,88,29,68,105,0,202,200,0,200,402
12/09/2018,IWA,AZ,AWP,WE,Federal Contract Tower,41,20,74,0,135,0,55,98,0,153,41,75,172,0,288,216,0,216,504
12/10/2018,IWA,AZ,AWP,WE,Federal Contract Tower,37,31,74,0,142,0,136,190,4,330,37,167,264,4,472,621,1,622,1094
12/11/2018,IWA,AZ,AWP,WE,Federal Contract Tower,16,34,104,2,156,0,119,175,6,300,16,153,279,8,456,704,7,711,1167
12/12/2018,IWA,AZ,AWP,WE,Federal Contract Tower,33,35,69,5,142,0,103,181,3,287,33,138,250,8,429,722,10,732,1161
12/13/2018,IWA,AZ,AWP,WE,Federal Contract Tower,41,48,64,0,153,0,106,154,2,262,41,154,218,2,415,646,1,647,1062
12/14/2018,IWA,AZ,AWP,WE,Federal Contract Tower,45,26,57,16,144,0,116,162,2,280,45,142,219,18,424,755,2,757,1181
12/15/2018,IWA,AZ,AWP,WE,Federal Contract Tower,35,30,53,11,129,0,111,105,0,216,35,141,158,11,345,409,0,409,754
12/16/2018,IWA,AZ,AWP,WE,Federal Contract Tower,41,10,48,8,107,0,94,79,0,173,41,104,127,8,280,321,0,321,601
12/17/2018,IWA,AZ,AWP,WE,Federal Contract Tower,32,32,74,0,138,0,101,159,2,262,32,133,233,2,400,509,6,515,915
12/18/2018,IWA,AZ,AWP,WE,Federal Contract Tower,14,27,58,2,101,0,107,188,0,295,14,134,246,2,396,694,4,698,1094
12/19/2018,IWA,AZ,AWP,WE,Federal Contract Tower,38,38,86,0,162,0,126,183,1,310,38,164,269,1,472,536,2,538,1010
12/20/2018,IWA,AZ,AWP,WE,Federal Contract Tower,44,28,68,2,142,0,116,157,2,275,44,144,225,4,417,604,21,625,1042
12/21/2018,IWA,AZ,AWP,WE,Federal Contract Tower,44,24,52,2,122,0,100,96,3,199,44,124,148,5,321,426,22,448,769
12/22/2018,IWA,AZ,AWP,WE,Federal Contract Tower,40,30,44,0,114,0,91,61,0,152,40,121,105,0,266,208,0,208,474
12/23/2018,IWA,AZ,AWP,WE,Federal Contract Tower,40,9,36,0,85,0,59,46,0,105,40,68,82,0,190,127,0,127,317
12/24/2018,IWA,AZ,AWP,WE,Federal Contract Tower,32,7,14,0,53,0,22,40,0,62,32,29,54,0,115,70,0,70,185
12/25/2018,IWA,AZ,AWP,WE,Federal Contract Tower,29,1,3,2,35,0,11,2,0,13,29,12,5,2,48,0,6,6,54
12/26/2018,IWA,AZ,AWP,WE,Federal Contract Tower,45,6,16,0,67,0,39,29,0,68,45,45,45,0,135,151,0,151,286
12/27/2018,IWA,AZ,AWP,WE,Federal Contract Tower,44,24,38,0,106,0,85,65,5,155,44,109,103,5,261,134,0,134,395
12/28/2018,IWA,AZ,AWP,WE,Federal Contract Tower,47,17,57,1,122,0,80,77,3,160,47,97,134,4,282,230,0,230,512
12/29/2018,IWA,AZ,AWP,WE,Federal Contract Tower,36,15,10,0,61,0,46,37,0,83,36,61,47,0,144,105,0,105,249
12/30/2018,IWA,AZ,AWP,WE,Federal Contract Tower,42,14,36,0,92,0,56,60,0,116,42,70,96,0,208,166,0,166,374
12/31/2018,IWA,AZ,AWP,WE,Federal Contract Tower,36,7,7,0,50,0,33,21,0,54,36,40,28,0,104,80,0,80,184
01/01/2019,IWA,AZ,AWP,WE,Federal Contract Tower,31,9,5,0,45,0,4,16,0,20,31,13,21,0,65,78,0,78,143
01/02/2019,IWA,AZ,AWP,WE,Federal Contract Tower,44,28,66,0,138,0,95,137,0,232,44,123,203,0,370,485,0,485,855
01/03/2019,IWA,AZ,AWP,WE,Federal Contract Tower,43,35,45,16,139,0,101,130,3,234,43,136,175,19,373,424,6,430,803
01/04/2019,IWA,AZ,AWP,WE,Federal Contract Tower,46,28,47,2,123,0,112,115,0,227,46,140,162,2,350,652,0,652,1002
01/05/2019,IWA,AZ,AWP,WE,Federal Contract Tower,48,28,75,0,151,0,99,80,2,181,48,127,155,2,332,316,0,316,648
01/06/2019,IWA,AZ,AWP,WE,Federal Contract Tower,47,11,18,2,78,0,1,3,0,4,47,12,21,2,82,34,0,34,116
01/07/2019,IWA,AZ,AWP,WE,Federal Contract Tower,35,33,61,9,138,0,131,173,13,317,35,164,234,22,455,528,3,531,986
01/08/2019,IWA,AZ,AWP,WE,Federal Contract Tower,14,26,60,5,105,0,152,203,0,355,14,178,263,5,460,83,6,89,549
01/09/2019,IWA,AZ,AWP,WE,Federal Contract Tower,27,20,58,6,111,0,113,175,2,290,27,133,233,8,401,81,0,81,482
01/10/2019,IWA,AZ,AWP,WE,Federal Contract Tower,46,17,50,6,119,0,116,183,0,299,46,133,233,6,418,122,1,123,541
01/11/2019,IWA,AZ,AWP,WE,Federal Contract Tower,45,14,76,1,136,0,30,176,0,206,45,44,252,1,342,203,0,203,545
01/12/2019,IWA,AZ,AWP,WE,Federal Contract Tower,38,13,24,0,75,0,108,82,1,191,38,121,106,1,266,382,0,382,648
01/13/2019,IWA,AZ,AWP,WE,Federal Contract Tower,44,10,41,2,97,0,21,44,0,65,44,31,85,2,162,96,0,96,258
01/14/2019,IWA,AZ,AWP,WE,Federal Contract Tower,37,17,31,0,85,0,130,174,0,304,37,147,205,0,389,221,0,221,610
01/15/2019,IWA,AZ,AWP,WE,Federal Contract Tower,14,17,34,3,68,0,93,130,4,227,14,110,164,7,295,233,0,233,528
01/16/2019,IWA,AZ,AWP,WE,Federal Contract Tower,27,23,68,4,122,0,113,169,2,284,27,136,237,6,406,333,0,333,739
01/17/2019,IWA,AZ,AWP,WE,Federal Contract Tower,41,15,42,1,99,0,110,210,3,323,41,125,252,4,422,148,0,148,570
01/18/2019,IWA,AZ,AWP,WE,Federal Contract Tower,47,22,70,2,141,0,138,204,0,342,47,160,274,2,483,236,1,237,720
01/19/2019,IWA,AZ,AWP,WE,Federal Contract Tower,37,15,43,1,96,0,66,107,2,175,37,81,150,3,271,183,0,183,454
01/20/2019,IWA,AZ,AWP,WE,Federal Contract Tower,45,11,33,0,89,0,57,86,0,143,45,68,119,0,232,88,0,88,320
01/21/2019,IWA,AZ,AWP,WE,Federal Contract Tower,36,13,57,0,106,0,112,141,4,257,36,125,198,4,363,195,0,195,558
01/22/2019,IWA,AZ,AWP,WE,Federal Contract Tower,17,31,58,6,112,0,167,185,2,354,17,198,243,8,466,223,0,223,689
01/23/2019,IWA,AZ,AWP,WE,Federal Contract Tower,28,31,71,0,130,0,166,204,2,372,28,197,275,2,502,283,0,283,785
01/24/2019,IWA,AZ,AWP,WE,Federal Contract Tower,44,31,39,9,123,0,141,198,3,342,44,172,237,12,465,187,5,192,657
01/25/2019,IWA,AZ,AWP,WE,Federal Contract Tower,44,28,54,0,126,0,155,184,5,344,44,183,238,5,470,113,0,113,583
01/26/2019,IWA,AZ,AWP,WE,Federal Contract Tower,39,15,55,0,109,0,118,124,0,242,39,133,179,0,351,306,0,306,657
01/27/2019,IWA,AZ,AWP,WE,Federal Contract Tower,42,8,45,0,95,0,54,103,0,157,42,62,148,0,252,326,0,326,578
01/28/2019,IWA,AZ,AWP,WE,Federal Contract Tower,38,29,80,0,147,0,120,162,0,282,38,149,242,0,429,204,0,204,633
01/29/2019,IWA,AZ,AWP,WE,Federal Contract Tower,12,34,73,4,123,0,140,201,7,348,12,174,274,11,471,404,2,406,877
01/30/2019,IWA,AZ,AWP,WE,Federal Contract Tower,28,31,67,5,131,0,129,184,2,315,28,160,251,7,446,231,2,233,679
01/31/2019,IWA,AZ,AWP,WE,Federal Contract Tower,41,26,45,6,118,0,97,175,7,279,41,123,220,13,397,258,0,258,655
02/01/2019,IWA,AZ,AWP,WE,Federal Contract Tower,46,17,38,4,105,0,124,132,2,258,46,141,170,6,363,395,0,395,758
02/02/2019,IWA,AZ,AWP,WE,Federal Contract Tower,39,12,24,2,77,0,81,72,0,153,39,93,96,2,230,275,0,275,505
02/03/2019,IWA,AZ,AWP,WE,Federal Contract Tower,42,13,20,2,77,0,0,2,0,2,42,13,22,2,79,12,0,12,91
02/04/2019,IWA,AZ,AWP,WE,Federal Contract Tower,40,32,28,2,102,0,78,54,0,132,40,110,82,2,234,258,0,258,492
02/05/2019,IWA,AZ,AWP,WE,Federal Contract Tower,30,13,18,5,66,0,87,73,0,160,30,100,91,5,226,176,3,179,405
02/06/2019,IWA,AZ,AWP,WE,Federal Contract Tower,29,25,55,4,113,0,145,194,3,342,29,170,249,7,455,238,0,238,693
02/07/2019,IWA,AZ,AWP,WE,Federal Contract Tower,39,15,37,9,100,0,120,194,2,316,39,135,231,11,416,83,0,83,499
02/08/2019,IWA,AZ,AWP,WE,Federal Contract Tower,44,14,35,15,108,0,114,154,8,276,44,128,189,23,384,204,2,206,590
02/09/2019,IWA,AZ,AWP,WE,Federal Contract Tower,39,7,38,11,95,0,88,84,2,174,39,95,122,13,269,328,0,328,597
02/10/2019,IWA,AZ,AWP,WE,Federal Contract Tower,40,18,56,10,124,0,83,92,1,176,40,101,148,11,300,283,0,283,583
02/11/2019,IWA,AZ,AWP,WE,Federal Contract Tower,33,31,55,7,126,0,144,188,1,333,33,175,243,8,459,333,0,333,792
02/12/2019,IWA,AZ,AWP,WE,Federal Contract Tower,21,30,54,1,106,0,124,160,1,285,21,154,214,2,391,221,1,222,613
02/13/2019,IWA,AZ,AWP,WE,Federal Contract Tower,47,36,80,5,168,0,165,213,4,382,47,201,293,9,550,307,0,307,857
02/14/2019,IWA,AZ,AWP,WE,Federal Contract Tower,49,28,52,1,130,0,47,57,0,104,49,75,109,1,234,315,0,315,549
02/15/2019,IWA,AZ,AWP,WE,Federal Contract Tower,46,36,109,11,202,0,109,136,3,248,46,145,245,14,450,219,0,219,669
02/16/2019,IWA,AZ,AWP,WE,Federal Contract Tower,54,19,54,8,135,0,73,102,7,182,54,92,156,15,317,230,2,232,549
02/17/2019,IWA,AZ,AWP,WE,Federal Contract Tower,49,10,26,6,91,0,20,67,5,92,49,30,93,11,183,144,0,144,327
02/18/2019,IWA,AZ,AWP,WE,Federal Contract Tower,38,9,44,3,94,0,48,68,1,117,38,57,112,4,211,356,0,356,567
02/19/2019,IWA,AZ,AWP,WE,Federal Contract Tower,46,24,75,8,153,0,76,196,3,275,46,100,271,11,428,369,5,374,802
02/20/2019,IWA,AZ,AWP,WE,Federal Contract Tower,44,15,47,5,111,0,78,191,0,269,44,93,238,5,380,126,0,126,506
02/21/2019,IWA,AZ,AWP,WE,Federal Contract Tower,46,15,30,0,91,0,5,2,0,7,46,20,32,0,98,2,0,2,100
02/22/2019,IWA,AZ,AWP,WE,Federal Contract Tower,48,13,35,3,99,0,1,9,0,10,48,14,44,3,109,34,0,34,143
02/23/2019,IWA,AZ,AWP,WE,Federal Contract Tower,52,11,55,3,121,0,95,146,1,242,52,106,201,4,363,233,6,239,602
02/24/2019,IWA,AZ,AWP,WE,Federal Contract Tower,44,19,70,9,142,0,71,123,3,197,44,90,193,12,339,271,0,271,610
02/25/2019,IWA,AZ,AWP,WE,Federal Contract Tower,41,32,71,5,149,0,110,233,5,348,41,142,304,10,497,291,10,301,798
02/26/2019,IWA,AZ,AWP,WE,Federal Contract Tower,48,37,73,2,160,0,135,268,2,405,48,172,341,4,565,281,1,282,847
02/27/2019,IWA,AZ,AWP,WE,Federal Contract Tower,48,20,46,8,122,0,112,231,3,346,48,132,277,11,468,296,6,302,770
02/28/2019,IWA,AZ,AWP,WE,Federal Contract Tower,45,24,73,8,150,0,134,237,3,374,45,158,310,11,524,253,7,260,784
03/01/2019,IWA,AZ,AWP,WE,Federal Contract Tower,46,21,59,9,135,0,114,237,0,351,46,135,296,9,486,246,5,251,737
03/02/2019,IWA,AZ,AWP,WE,Federal Contract Tower,68,27,42,0,137,0,80,122,2,204,68,107,164,2,341,295,0,295,636
03/03/2019,IWA,AZ,AWP,WE,Federal Contract Tower,48,11,51,2,112,0,71,99,0,170,48,82,150,2,282,227,0,227,509
03/04/2019,IWA,AZ,AWP,WE,Federal Contract Tower,38,24,59,8,129,0,116,207,0,323,38,140,266,8,452,266,0,266,718
03/05/2019,IWA,AZ,AWP,WE,Federal Contract Tower,42,31,77,6,156,0,126,214,2,342,42,157,291,8,498,340,1,341,839
03/06/2019,IWA,AZ,AWP,WE,Federal Contract Tower,53,19,60,5,137,0,143,202,4,349,53,162,262,9,486,176,0,176,662
03/07/2019,IWA,AZ,AWP,WE,Federal Contract Tower,50,19,61,8,138,0,165,234,1,400,50,184,295,9,538,310,0,310,848
03/08/2019,IWA,AZ,AWP,WE,Federal Contract Tower,52,20,50,11,133,0,52,131,1,184,52,72,181,12,317,178,0,178,495
03/09/2019,IWA,AZ,AWP,WE,Federal Contract Tower,67,21,44,7,139,0,84,112,2,198,67,105,156,9,337,250,0,250,587
03/10/2019,IWA,AZ,AWP,WE,Federal Contract Tower,53,4,43,8,108,0,60,110,1,171,53,64,153,9,279,248,15,263,542
03/11/2019,IWA,AZ,AWP,WE,Federal Contract Tower,45,30,43,4,122,0,116,174,0,290,45,146,217,4,412,333,16,349,761
03/12/2019,IWA,AZ,AWP,WE,Federal Contract Tower,47,14,26,1,88,0,16,61,3,80,47,30,87,4,168,156,2,158,326
03/13/2019,IWA,AZ,AWP,WE,Federal Contract Tower,54,18,19,4,95,0,22,56,5,83,54,40,75,9,178,26,0,26,204
03/14/2019,IWA,AZ,AWP,WE,Federal Contract Tower,45,25,58,4,132,0,162,239,3,404,45,187,297,7,536,100,0,100,636
03/15/2019,IWA,AZ,AWP,WE,Federal Contract Tower,51,19,28,6,104,0,146,139,1,286,51,165,167,7,390,382,0,382,772
03/16/2019,IWA,AZ,AWP,WE,Federal Contract Tower,78,13,23,0,114,0,106,99,1,206,78,119,122,1,320,226,0,226,546
03/17/2019,IWA,AZ,AWP,WE,Federal Contract Tower,50,11,28,3,92,0,77,84,1,162,50,88,112,4,254,296,0,296,550
03/18/2019,IWA,AZ,AWP,WE,Federal Contract Tower,44,23,51,0,118,0,153,175,0,328,44,176,226,0,446,553,0,553,999
03/19/2019,IWA,AZ,AWP,WE,Federal Contract Tower,48,25,50,0,123,0,150,184,2,336,48,175,234,2,459,478,0,478,937
03/20/2019,IWA,AZ,AWP,WE,Federal Contract Tower,63,24,47,0,134,0,150,197,0,347,63,174,244,0,481,227,0,227,708
03/21/2019,IWA,AZ,AWP,WE,Federal Contract Tower,49,34,45,1,129,0,144,205,3,352,49,178,250,4,481,415,2,417,898
03/22/2019,IWA,AZ,AWP,WE,Federal Contract Tower,49,19,49,4,121,0,163,221,11,395,49,182,270,15,516,464,3,467,983
03/23/2019,IWA,AZ,AWP,WE,Federal Contract Tower,81,11,25,0,117,0,109,105,3,217,81,120,130,3,334,378,0,378,712
03/24/2019,IWA,AZ,AWP,WE,Federal Contract Tower,51,13,39,0,103,0,95,71,5,171,51,108,110,5,274,224,0,224,498
03/25/2019,IWA,AZ,AWP,WE,Federal Contract Tower,41,31,67,5,144,0,135,179,1,315,41,166,246,6,459,445,2,447,906
03/26/2019,IWA,AZ,AWP,WE,Federal Contract Tower,48,24,69,2,143,0,152,163,1,316,48,176,232,3,459,450,5,455,914
03/27/2019,IWA,AZ,AWP,WE,Federal Contract Tower,52,26,60,1,139,0,160,188,1,349,52,186,248,2,488,455,0,455,943
03/28/2019,IWA,AZ,AWP,WE,Federal Contract Tower,46,16,67,0,129,0,158,164,0,322,46,174,231,0,451,556,0,556,1007
03/29/2019,IWA,AZ,AWP,WE,Federal Contract Tower,50,20,46,13,129,0,118,197,4,319,50,138,243,17,448,536,5,541,989
03/30/2019,IWA,AZ,AWP,WE,Federal Contract Tower,79,12,32,2,125,0,109,94,11,214,79,121,126,13,339,258,6,264,603
03/31/2019,IWA,AZ,AWP,WE,Federal Contract Tower,51,6,28,8,93,0,69,67,0,136,51,75,95,8,229,216,0,216,445
04/01/2019,IWA,AZ,AWP,WE,Federal Contract Tower,46,15,39,3,103,0,140,143,0,283,46,155,182,3,386,266,0,266,652
04/02/2019,IWA,AZ,AWP,WE,Federal Contract Tower,46,12,33,4,95,0,137,160,5,302,46,149,193,9,397,257,0,257,654
04/03/2019,IWA,AZ,AWP,WE,Federal Contract Tower,46,39,72,5,162,0,152,235,7,394,46,191,307,12,556,417,0,417,973
04/04/2019,IWA,AZ,AWP,WE,Federal Contract Tower,47,18,43,5,113,0,133,162,4,299,47,151,205,9,412,363,0,363,775
04/05/2019,IWA,AZ,AWP,WE,Federal Contract Tower,52,16,45,11,124,0,127,163,1,291,52,143,208,12,415,320,18,338,753
04/06/2019,IWA,AZ,AWP,WE,Federal Contract Tower,69,6,26,11,112,0,108,113,8,229,69,114,139,19,341,224,2,226,567
04/07/2019,IWA,AZ,AWP,WE,Federal Contract Tower,46,13,30,8,97,0,92,70,1,163,46,105,100,9,260,245,0,245,505
04/08/2019,IWA,AZ,AWP,WE,Federal Contract Tower,44,27,54,2,127,0,187,173,0,360,44,214,227,2,487,434,0,434,921
04/09/2019,IWA,AZ,AWP,WE,Federal Contract Tower,44,14,33,7,98,0,80,116,11,207,44,94,149,18,305,135,0,135,440
04/10/2019,IWA,AZ,AWP,WE,Federal Contract Tower,35,16,34,10,95,0,34,73,4,111,35,50,107,14,206,112,8,120,326
04/11/2019,IWA,AZ,AWP,WE,Federal Contract Tower,43,30,74,1,148,0,132,206,1,339,43,162,280,2,487,334,0,334,821
04/12/2019,IWA,AZ,AWP,WE,Federal Contract Tower,50,17,31,7,105,0,122,176,2,300,50,139,207,9,405,452,1,453,858
04/13/2019,IWA,AZ,AWP,WE,Federal Contract Tower,54,4,35,6,99,0,120,125,2,247,54,124,160,8,346,330,2,332,678
04/14/2019,IWA,AZ,AWP,WE,Federal Contract Tower,44,11,32,5,92,0,74,88,3,165,44,85,120,8,257,259,0,259,516
04/15/2019,IWA,AZ,AWP,WE,Federal Contract Tower,46,19,53,2,120,0,127,175,2,304,46,146,228,4,424,349,7,356,780
04/16/2019,IWA,AZ,AWP,WE,Federal Contract Tower,28,10,32,4,74,0,69,145,0,214,28,79,177,4,288,155,0,155,443
04/17/2019,IWA,AZ,AWP,WE,Federal Contract Tower,31,27,49,6,113,0,149,205,1,355,31,176,254,7,468,417,6,423,891
04/18/2019,IWA,AZ,AWP,WE,Federal Contract Tower,40,14,39,0,93,0,131,201,0,332,40,145,240,0,425,399,0,399,824
04/19/2019,IWA,AZ,AWP,WE,Federal Contract Tower,47,26,45,6,124,0,137,152,0,289,47,163,197,6,413,401,0,401,814
04/20/2019,IWA,AZ,AWP,WE,Federal Contract Tower,61,7,27,4,99,0,74,73,4,151,61,81,100,8,250,171,0,171,421
04/21/2019,IWA,AZ,AWP,WE,Federal Contract Tower,44,7,32,0,83,0,46,69,3,118,44,53,101,3,201,207,1,208,409
04/22/2019,IWA,AZ,AWP,WE,Federal Contract Tower,44,22,41,2,109,0,140,163,0,303,44,162,204,2,412,602,0,602,1014
04/23/2019,IWA,AZ,AWP,WE,Federal Contract Tower,27,9,34,0,70,0,74,144,0,218,27,83,178,0,288,351,0,351,639
04/24/2019,IWA,AZ,AWP,WE,Federal Contract Tower,33,28,63,0,124,0,167,224,0,391,33,195,287,0,515,642,0,642,1157
04/25/2019,IWA,AZ,AWP,WE,Federal Contract Tower,38,21,48,6,113,0,142,202,0,344,38,163,250,6,457,397,0,397,854
04/26/2019,IWA,AZ,AWP,WE,Federal Contract Tower,38,13,32,4,87,0,142,141,0,283,38,155,173,4,370,474,0,474,844
04/27/2019,IWA,AZ,AWP,WE,Federal Contract Tower,46,19,51,1,117,0,78,105,10,193,46,97,156,11,310,290,0,290,600
04/28/2019,IWA,AZ,AWP,WE,Federal Contract Tower,38,4,39,0,81,0,35,74,0,109,38,39,113,0,190,225,0,225,415
04/29/2019,IWA,AZ,AWP,WE,Federal Contract Tower,46,9,41,4,100,0,80,118,3,201,46,89,159,7,301,198,0,198,499
04/30/2019,IWA,AZ,AWP,WE,Federal Contract Tower,12,20,62,2,96,0,166,213,2,381,12,186,275,4,477,543,0,543,1020
05/01/2019,IWA,AZ,AWP,WE,Federal Contract Tower,23,21,47,1,92,0,148,209,0,357,23,169,256,1,449,509,0,509,958
05/02/2019,IWA,AZ,AWP,WE,Federal Contract Tower,37,15,60,0,112,0,115,141,2,258,37,130,201,2,370,500,0,500,870
05/03/2019,IWA,AZ,AWP,WE,Federal Contract Tower,39,28,58,29,154,0,107,143,3,253,39,135,201,32,407,386,1,387,794
05/04/2019,IWA,AZ,AWP,WE,Federal Contract Tower,35,15,45,39,134,0,103,126,1,230,35,118,171,40,364,428,9,437,801
05/05/2019,IWA,AZ,AWP,WE,Federal Contract Tower,35,3,57,10,105,0,68,116,1,185,35,71,173,11,290,308,0,308,598
05/06/2019,IWA,AZ,AWP,WE,Federal Contract Tower,28,37,73,7,145,0,121,194,0,315,28,158,267,7,460,528,0,528,988
05/07/2019,IWA,AZ,AWP,WE,Federal Contract Tower,17,15,55,0,87,0,112,180,2,294,17,127,235,2,381,581,0,581,962
05/08/2019,IWA,AZ,AWP,WE,Federal Contract Tower,23,17,34,4,78,0,113,132,1,246,23,130,166,5,324,446,0,446,770
05/09/2019,IWA,AZ,AWP,WE,Federal Contract Tower,38,27,49,3,117,0,174,218,2,394,38,201,267,5,511,471,0,471,982
05/10/2019,IWA,AZ,AWP,WE,Federal Contract Tower,39,28,88,5,160,0,115,174,0,289,39,143,262,5,449,588,3,591,1040
05/11/2019,IWA,AZ,AWP,WE,Federal Contract Tower,28,18,47,0,93,0,88,81,3,172,28,106,128,3,265,329,0,329,594
05/12/2019,IWA,AZ,AWP,WE,Federal Contract Tower,40,6,29,0,75,0,31,46,0,77,40,37,75,0,152,171,0,171,323
05/13/2019,IWA,AZ,AWP,WE,Federal Contract Tower,33,22,54,1,110,0,135,183,1,319,33,157,237,2,429,726,0,726,1155
05/14/2019,IWA,AZ,AWP,WE,Federal Contract Tower,11,35,79,4,129,0,122,185,0,307,11,157,264,4,436,631,0,631,1067
05/15/2019,IWA,AZ,AWP,WE,Federal Contract Tower,27,19,55,12,113,0,113,158,8,279,27,132,213,20,392,485,0,485,877
05/16/2019,IWA,AZ,AWP,WE,Federal Contract Tower,35,10,15,9,69,0,49,91,3,143,35,59,106,12,212,228,0,228,440
05/17/2019,IWA,AZ,AWP,WE,Federal Contract Tower,40,28,43,9,120,0,143,193,4,340,40,171,236,13,460,567,0,567,1027
05/18/2019,IWA,AZ,AWP,WE,Federal Contract Tower,29,10,54,5,98,0,115,98,3,216,29,125,152,8,314,522,0,522,836
05/19/2019,IWA,AZ,AWP,WE,Federal Contract Tower,41,18,30,8,97,0,36,58,3,97,41,54,88,11,194,224,0,224,418
05/20/2019,IWA,AZ,AWP,WE,Federal Contract Tower,33,18,59,0,110,0,101,131,3,235,33,119,190,3,345,459,0,459,804
05/21/2019,IWA,AZ,AWP,WE,Federal Contract Tower,26,26,36,3,91,0,83,105,7,195,26,109,141,10,286,383,0,383,669
05/22/2019,IWA,AZ,AWP,WE,Federal Contract Tower,36,28,60,4,128,0,112,141,8,261,36,140,201,12,389,506,8,514,903
05/23/2019,IWA,AZ,AWP,WE,Federal Contract Tower,36,28,48,2,114,0,130,157,6,293,36,158,205,8,407,799,0,799,1206
05/24/2019,IWA,AZ,AWP,WE,Federal Contract Tower,44,21,59,1,125,0,140,157,2,299,44,161,216,3,424,581,1,582,1006
05/25/2019,IWA,AZ,AWP,WE,Federal Contract Tower,33,17,44,0,94,0,89,119,0,208,33,106,163,0,302,361,0,361,663
05/26/2019,IWA,AZ,AWP,WE,Federal Contract Tower,40,11,19,0,70,0,19,35,1,55,40,30,54,1,125,72,0,72,197
05/27/2019,IWA,AZ,AWP,WE,Federal Contract Tower,36,23,50,0,109,0,127,135,2,264,36,150,185,2,373,317,0,317,690
05/28/2019,IWA,AZ,AWP,WE,Federal Contract Tower,24,30,79,2,135,0,169,167,6,342,24,199,246,8,477,644,12,656,1133
05/29/2019,IWA,AZ,AWP,WE,Federal Contract Tower,32,35,64,0,131,0,148,156,5,309,32,183,220,5,440,565,0,565,1005
05/30/2019,IWA,AZ,AWP,WE,Federal Contract Tower,37,27,65,2,131,0,150,175,6,331,37,177,240,8,462,744,6,750,1212
05/31/2019,IWA,AZ,AWP,WE,Federal Contract Tower,40,20,42,3,105,0,119,161,3,283,40,139,203,6,388,532,0,532,920
06/01/2019,IWA,AZ,AWP,WE,Federal Contract Tower,35,13,38,3,89,0,116,82,2,200,35,129,120,5,289,488,0,488,777
06/02/2019,IWA,AZ,AWP,WE,Federal Contract Tower,44,12,43,0,99,0,36,76,4,116,44,48,119,4,215,251,0,251,466
06/03/2019,IWA,AZ,AWP,WE,Federal Contract Tower,36,15,72,1,124,0,149,170,3,322,36,164,242,4,446,645,0,645,1091
06/04/2019,IWA,AZ,AWP,WE,Federal Contract Tower,29,33,71,3,136,0,178,193,2,373,29,211,264,5,509,546,8,554,1063
06/05/2019,IWA,AZ,AWP,WE,Federal Contract Tower,32,17,54,3,106,0,143,143,0,286,32,160,197,3,392,518,0,518,910
06/06/2019,IWA,AZ,AWP,WE,Federal Contract Tower,42,24,45,4,115,0,129,177,7,313,42,153,222,11,428,668,23,691,1119
06/07/2019,IWA,AZ,AWP,WE,Federal Contract Tower,45,21,47,4,117,0,115,174,3,292,45,136,221,7,409,511,0,511,920
06/08/2019,IWA,AZ,AWP,WE,Federal Contract Tower,29,12,22,3,66,0,119,130,0,249,29,131,152,3,315,385,0,385,700
06/09/2019,IWA,AZ,AWP,WE,Federal Contract Tower,40,6,21,2,69,0,61,84,0,145,40,67,105,2,214,194,0,194,408
06/10/2019,IWA,AZ,AWP,WE,Federal Contract Tower,34,11,21,0,66,0,131,128,1,260,34,142,149,1,326,572,0,572,898
06/11/2019,IWA,AZ,AWP,WE,Federal Contract Tower,31,18,67,4,120,0,136,170,0,306,31,154,237,4,426,675,0,675,1101
06/12/2019,IWA,AZ,AWP,WE,Federal Contract Tower,36,18,47,1,102,0,155,149,2,306,36,173,196,3,408,763,0,763,1171
06/13/2019,IWA,AZ,AWP,WE,Federal Contract Tower,41,31,66,0,138,0,156,138,21,315,41,187,204,21,453,533,1,534,987
06/14/2019,IWA,AZ,AWP,WE,Federal Contract Tower,41,23,37,2,103,0,105,151,0,256,41,128,188,2,359,478,0,478,837
06/15/2019,IWA,AZ,AWP,WE,Federal Contract Tower,30,8,65,0,103,0,95,93,2,190,30,103,158,2,293,509,0,509,802
06/16/2019,IWA,AZ,AWP,WE,Federal Contract Tower,40,14,31,4,89,0,42,86,1,129,40,56,117,5,218,328,0,328,546
06/17/2019,IWA,AZ,AWP,WE,Federal Contract Tower,35,23,61,0,119,0,149,170,1,320,35,172,231,1,439,582,0,582,1021
06/18/2019,IWA,AZ,AWP,WE,Federal Contract Tower,35,32,57,3,127,0,148,167,2,317,35,180,224,5,444,620,0,620,1064
06/19/2019,IWA,AZ,AWP,WE,Federal Contract Tower,34,30,79,1,144,0,174,197,0,371,34,204,276,1,515,631,0,631,1146
06/20/2019,IWA,AZ,AWP,WE,Federal Contract Tower,38,29,43,0,110,0,135,153,1,289,38,164,196,1,399,450,0,450,849
06/21/2019,IWA,AZ,AWP,WE,Federal Contract Tower,41,34,61,2,138,0,135,131,4,270,41,169,192,6,408,444,0,444,852
06/22/2019,IWA,AZ,AWP,WE,Federal Contract Tower,29,13,36,0,78,0,108,103,0,211,29,121,139,0,289,355,0,355,644
06/23/2019,IWA,AZ,AWP,WE,Federal Contract Tower,34,15,49,1,99,0,37,96,8,141,34,52,145,9,240,235,0,235,475
06/24/2019,IWA,AZ,AWP,WE,Federal Contract Tower,43,26,71,9,149,0,120,183,0,303,43,146,254,9,452,449,0,449,901
06/25/2019,IWA,AZ,AWP,WE,Federal Contract Tower,34,25,59,3,121,0,152,207,4,363,34,177,266,7,484,503,8,511,995
06/26/2019,IWA,AZ,AWP,WE,Federal Contract Tower,36,32,47,6,121,0,133,152,5,290,36,165,199,11,411,575,6,581,992
06/27/2019,IWA,AZ,AWP,WE,Federal Contract Tower,37,20,59,5,121,0,152,162,4,318,37,172,221,9,439,518,7,525,964
06/28/2019,IWA,AZ,AWP,WE,Federal Contract Tower,42,20,40,12,114,0,99,107,2,208,42,119,147,14,322,515,15,530,852
06/29/2019,IWA,AZ,AWP,WE,Federal Contract Tower,31,21,40,1,93,0,77,95,3,175,31,98,135,4,268,376,1,377,645
06/30/2019,IWA,AZ,AWP,WE,Federal Contract Tower,39,15,37,0,91,0,50,75,0,125,39,65,112,0,216,213,0,213,429
07/01/2019,IWA,AZ,AWP,WE,Federal Contract Tower,34,29,52,0,115,0,147,165,2,314,34,176,217,2,429,434,0,434,863
07/02/2019,IWA,AZ,AWP,WE,Federal Contract Tower,39,24,60,2,125,0,130,158,4,292,39,154,218,6,417,481,10,491,908
07/03/2019,IWA,AZ,AWP,WE,Federal Contract Tower,35,13,63,9,120,0,146,148,2,296,35,159,211,11,416,418,9,427,843
07/04/2019,IWA,AZ,AWP,WE,Federal Contract Tower,33,8,30,0,71,0,9,95,0,104,33,17,125,0,175,208,0,208,383
07/05/2019,IWA,AZ,AWP,WE,Federal Contract Tower,42,21,20,0,83,0,122,107,1,230,42,143,127,1,313,540,0,540,853
07/06/2019,IWA,AZ,AWP,WE,Federal Contract Tower,26,21,30,0,77,0,133,88,4,225,26,154,118,4,302,262,0,262,564
07/07/2019,IWA,AZ,AWP,WE,Federal Contract Tower,43,14,20,0,77,0,48,91,3,142,43,62,111,3,219,251,0,251,470
07/08/2019,IWA,AZ,AWP,WE,Federal Contract Tower,35,29,41,4,109,0,148,139,2,289,35,177,180,6,398,410,0,410,808
07/09/2019,IWA,AZ,AWP,WE,Federal Contract Tower,33,23,36,4,96,0,161,174,2,337,33,184,210,6,433,686,2,688,1121
07/10/2019,IWA,AZ,AWP,WE,Federal Contract Tower,32,27,69,10,138,0,108,149,8,265,32,135,218,18,403,525,1,526,929
07/11/2019,IWA,AZ,AWP,WE,Federal Contract Tower,39,20,53,4,116,0,126,115,3,244,39,146,168,7,360,417,22,439,799
07/12/2019,IWA,AZ,AWP,WE,Federal Contract Tower,40,25,37,0,102,0,118,83,0,201,40,143,120,0,303,388,0,388,691
07/13/2019,IWA,AZ,AWP,WE,Federal Contract Tower,29,13,43,0,85,0,82,86,0,168,29,95,129,0,253,302,0,302,555
07/14/2019,IWA,AZ,AWP,WE,Federal Contract Tower,40,18,43,4,105,0,35,49,0,84,40,53,92,4,189,158,0,158,347
07/15/2019,IWA,AZ,AWP,WE,Federal Contract Tower,37,19,65,2,123,0,123,127,6,256,37,142,192,8,379,523,23,546,925
07/16/2019,IWA,AZ,AWP,WE,Federal Contract Tower,37,14,42,3,96,0,106,157,0,263,37,120,199,3,359,388,6,394,753
07/17/2019,IWA,AZ,AWP,WE,Federal Contract Tower,37,24,55,2,118,0,130,154,4,288,37,154,209,6,406,444,0,444,850
07/18/2019,IWA,AZ,AWP,WE,Federal Contract Tower,36,37,72,3,148,0,150,161,6,317,36,187,233,9,465,359,10,369,834
07/19/2019,IWA,AZ,AWP,WE,Federal Contract Tower,41,27,58,0,126,0,125,170,6,301,41,152,228,6,427,474,18,492,919
07/20/2019,IWA,AZ,AWP,WE,Federal Contract Tower,33,15,30,2,80,0,92,117,2,211,33,107,147,4,291,338,1,339,630
07/21/2019,IWA,AZ,AWP,WE,Federal Contract Tower,39,12,41,0,92,0,46,92,0,138,39,58,133,0,230,224,0,224,454
07/22/2019,IWA,AZ,AWP,WE,Federal Contract Tower,33,19,35,2,89,0,95,140,0,235,33,114,175,2,324,364,0,364,688
07/23/2019,IWA,AZ,AWP,WE,Federal Contract Tower,40,15,29,0,84,0,99,101,2,202,40,114,130,2,286,405,2,407,693
07/24/2019,IWA,AZ,AWP,WE,Federal Contract Tower,37,46,77,0,160,0,125,135,6,266,37,171,212,6,426,438,18,456,882
07/25/2019,IWA,AZ,AWP,WE,Federal Contract Tower,36,36,61,0,133,0,131,116,0,247,36,167,177,0,380,410,1,411,791
07/26/2019,IWA,AZ,AWP,WE,Federal Contract Tower,37,49,77,12,175,0,138,121,6,265,37,187,198,18,440,436,2,438,878
07/27/2019,IWA,AZ,AWP,WE,Federal Contract Tower,33,23,39,5,100,0,100,114,3,217,33,123,153,8,317,305,1,306,623
07/28/2019,IWA,AZ,AWP,WE,Federal Contract Tower,38,11,42,0,91,0,38,69,1,108,38,49,111,1,199,155,0,155,354
07/29/2019,IWA,AZ,AWP,WE,Federal Contract Tower,40,30,73,1,144,0,103,154,3,260,40,133,227,4,404,473,0,473,877
07/30/2019,IWA,AZ,AWP,WE,Federal Contract Tower,35,16,53,6,110,0,98,151,8,257,35,114,204,14,367,404,10,414,781
07/31/2019,IWA,AZ,AWP,WE,Federal Contract Tower,26,14,28,2,70,0,90,71,2,163,26,104,99,4,233,397,22,419,652
08/01/2019,IWA,AZ,AWP,WE,Federal Contract Tower,43,33,66,0,142,0,149,160,5,314,43,182,226,5,456,654,6,660,1116
08/02/2019,IWA,AZ,AWP,WE,Federal Contract Tower,38,35,43,3,119,0,117,127,3,247,38,152,170,6,366,499,0,499,865
08/03/2019,IWA,AZ,AWP,WE,Federal Contract Tower,28,19,31,2,80,0,78,86,5,169,28,97,117,7,249,242,0,242,491
08/04/2019,IWA,AZ,AWP,WE,Federal Contract Tower,40,19,30,0,89,0,30,89,0,119,40,49,119,0,208,243,0,243,451
08/05/2019,IWA,AZ,AWP,WE,Federal Contract Tower,32,18,33,0,83,0,80,134,3,217,32,98,167,3,300,283,6,289,589
08/06/2019,IWA,AZ,AWP,WE,Federal Contract Tower,24,21,45,9,99,0,140,144,6,290,24,161,189,15,389,520,40,560,949
08/07/2019,IWA,AZ,AWP,WE,Federal Contract Tower,22,34,46,6,108,0,111,131,3,245,22,145,177,9,353,415,0,415,768
08/08/2019,IWA,AZ,AWP,WE,Federal Contract Tower,38,38,56,2,134,0,146,128,6,280,38,184,184,8,414,306,6,312,726
08/09/2019,IWA,AZ,AWP,WE,Federal Contract Tower,39,20,52,0,111,0,109,125,3,237,39,129,177,3,348,562,1,563,911
08/10/2019,IWA,AZ,AWP,WE,Federal Contract Tower,26,11,35,0,72,0,76,90,4,170,26,87,125,4,242,257,0,257,499
08/11/2019,IWA,AZ,AWP,WE,Federal Contract Tower,40,14,41,1,96,0,38,84,4,126,40,52,125,5,222,229,0,229,451
08/12/2019,IWA,AZ,AWP,WE,Federal Contract Tower,33,35,71,1,140,0,138,158,0,296,33,173,229,1,436,370,0,370,806
08/13/2019,IWA,AZ,AWP,WE,Federal Contract Tower,12,33,79,4,128,0,133,164,3,300,12,166,243,7,428,441,5,446,874
08/14/2019,IWA,AZ,AWP,WE,Federal Contract Tower,14,39,50,1,104,0,110,110,5,225,14,149,160,6,329,366,2,368,697
08/15/2019,IWA,AZ,AWP,WE,Federal Contract Tower,37,37,51,2,127,0,91,125,0,216,37,128,176,2,343,299,0,299,642
08/16/2019,IWA,AZ,AWP,WE,Federal Contract Tower,34,19,51,4,108,0,70,134,0,204,34,89,185,4,312,367,0,367,679
08/17/2019,IWA,AZ,AWP,WE,Federal Contract Tower,17,20,29,0,66,0,65,63,1,129,17,85,92,1,195,334,0,334,529
08/18/2019,IWA,AZ,AWP,WE,Federal Contract Tower,35,12,44,2,93,0,42,97,0,139,35,54,141,2,232,241,0,241,473
08/19/2019,IWA,AZ,AWP,WE,Federal Contract Tower,26,29,67,3,125,0,106,145,4,255,26,135,212,7,380,424,0,424,804
08/20/2019,IWA,AZ,AWP,WE,Federal Contract Tower,13,35,55,1,104,0,95,142,6,243,13,130,197,7,347,341,0,341,688
08/21/2019,IWA,AZ,AWP,WE,Federal Contract Tower,16,25,46,0,87,0,104,111,2,217,16,129,157,2,304,346,0,346,650
08/22/2019,IWA,AZ,AWP,WE,Federal Contract Tower,39,25,32,1,97,0,115,104,4,223,39,140,136,5,320,432,0,432,752
08/23/2019,IWA,AZ,AWP,WE,Federal Contract Tower,34,27,60,7,128,0,136,96,0,232,34,163,156,7,360,456,2,458,818
08/24/2019,IWA,AZ,AWP,WE,Federal Contract Tower,6,22,56,1,85,0,86,85,0,171,6,108,141,1,256,269,0,269,525
08/25/2019,IWA,AZ,AWP,WE,Federal Contract Tower,37,16,58,0,111,0,43,72,1,116,37,59,130,1,227,173,0,173,400
08/26/2019,IWA,AZ,AWP,WE,Federal Contract Tower,24,32,61,3,120,0,131,135,1,267,24,163,196,4,387,452,0,452,839
08/27/2019,IWA,AZ,AWP,WE,Federal Contract Tower,12,35,63,5,115,1,131,156,3,291,13,166,219,8,406,503,0,503,909
08/28/2019,IWA,AZ,AWP,WE,Federal Contract Tower,17,49,67,4,137,0,159,156,1,316,17,208,223,5,453,539,10,549,1002
08/29/2019,IWA,AZ,AWP,WE,Federal Contract Tower,38,26,70,0,134,0,138,182,2,322,38,164,252,2,456,494,13,507,963
08/30/2019,IWA,AZ,AWP,WE,Federal Contract Tower,35,24,50,2,111,0,118,127,1,246,35,142,177,3,357,291,0,291,648
08/31/2019,IWA,AZ,AWP,WE,Federal Contract Tower,12,24,48,1,85,0,109,89,1,199,12,133,137,2,284,234,0,234,518
09/01/2019,IWA,AZ,AWP,WE,Federal Contract Tower,35,7,10,0,52,0,31,45,0,76,35,38,55,0,128,228,0,228,356
09/02/2019,IWA,AZ,AWP,WE,Federal Contract Tower,34,26,58,0,118,0,108,95,0,203,34,134,153,0,321,330,0,330,651
09/03/2019,IWA,AZ,AWP,WE,Federal Contract Tower,12,41,62,0,115,0,160,137,0,297,12,201,199,0,412,681,0,681,1093
09/04/2019,IWA,AZ,AWP,WE,Federal Contract Tower,11,14,31,2,58,0,130,146,5,281,11,144,177,7,339,559,12,571,910
09/05/2019,IWA,AZ,AWP,WE,Federal Contract Tower,37,34,43,3,117,0,113,157,3,273,37,147,200,6,390,521,3,524,914
09/06/2019,IWA,AZ,AWP,WE,Federal Contract Tower,35,30,51,2,118,0,131,163,0,294,35,161,214,2,412,579,0,579,991
09/07/2019,IWA,AZ,AWP,WE,Federal Contract Tower,6,18,35,0,59,0,91,102,0,193,6,109,137,0,252,291,0,291,543
09/08/2019,IWA,AZ,AWP,WE,Federal Contract Tower,34,12,32,0,78,0,57,96,0,153,34,69,128,0,231,267,0,267,498
09/09/2019,IWA,AZ,AWP,WE,Federal Contract Tower,31,31,74,0,136,0,153,176,2,331,31,184,250,2,467,653,0,653,1120
09/10/2019,IWA,AZ,AWP,WE,Federal Contract Tower,12,16,55,0,83,0,101,137,0,238,12,117,192,0,321,451,0,451,772
09/11/2019,IWA,AZ,AWP,WE,Federal Contract Tower,13,51,118,0,182,0,156,197,2,355,13,207,315,2,537,515,18,533,1070
09/12/2019,IWA,AZ,AWP,WE,Federal Contract Tower,37,34,68,1,140,0,161,164,6,331,37,195,232,7,471,609,2,611,1082
09/13/2019,IWA,AZ,AWP,WE,Federal Contract Tower,30,32,67,4,133,0,135,170,7,312,30,167,237,11,445,891,1,892,1337
09/14/2019,IWA,AZ,AWP,WE,Federal Contract Tower,6,8,19,0,33,0,49,76,0,125,6,57,95,0,158,379,0,379,537
09/15/2019,IWA,AZ,AWP,WE,Federal Contract Tower,36,6,34,2,78,0,29,78,0,107,36,35,112,2,185,178,0,178,363
09/16/2019,IWA,AZ,AWP,WE,Federal Contract Tower,31,20,25,4,80,0,83,108,0,191,31,103,133,4,271,407,0,407,678
09/17/2019,IWA,AZ,AWP,WE,Federal Contract Tower,12,31,68,4,115,0,161,181,2,344,12,192,249,6,459,732,10,742,1201
09/18/2019,IWA,AZ,AWP,WE,Federal Contract Tower,11,48,77,7,143,0,184,198,1,383,11,232,275,8,526,728,0,728,1254
09/19/2019,IWA,AZ,AWP,WE,Federal Contract Tower,38,29,66,2,135,0,112,152,2,266,38,141,218,4,401,590,2,592,993
09/20/2019,IWA,AZ,AWP,WE,Federal Contract Tower,33,31,50,3,117,0,118,147,1,266,33,149,197,4,383,682,1,683,1066
09/21/2019,IWA,AZ,AWP,WE,Federal Contract Tower,5,12,40,0,57,0,81,109,0,190,5,93,149,0,247,532,0,532,779
09/22/2019,IWA,AZ,AWP,WE,Federal Contract Tower,36,16,51,1,104,0,45,94,2,141,36,61,145,3,245,211,0,211,456
09/23/2019,IWA,AZ,AWP,WE,Federal Contract Tower,35,17,25,0,77,0,16,27,0,43,35,33,52,0,120,137,0,137,257
09/24/2019,IWA,AZ,AWP,WE,Federal Contract Tower,12,12,25,0,49,0,127,77,0,204,12,139,102,0,253,717,0,717,970
09/25/2019,IWA,AZ,AWP,WE,Federal Contract Tower,11,16,17,2,46,0,153,146,4,303,11,169,163,6,349,827,10,837,1186
09/26/2019,IWA,AZ,AWP,WE,Federal Contract Tower,36,23,26,4,89,0,120,114,5,239,36,143,140,9,328,756,10,766,1094
09/27/2019,IWA,AZ,AWP,WE,Federal Contract Tower,32,42,84,3,161,0,134,176,0,310,32,176,260,3,471,709,1,710,1181
09/28/2019,IWA,AZ,AWP,WE,Federal Contract Tower,6,30,41,0,77,0,110,143,1,254,6,140,184,1,331,564,0,564,895
09/29/2019,IWA,AZ,AWP,WE,Federal Contract Tower,39,18,72,2,131,0,45,85,0,130,39,63,157,2,261,297,0,297,558
09/30/2019,IWA,AZ,AWP,WE,Federal Contract Tower,29,55,86,8,178,0,207,170,3,380,29,262,256,11,558,926,0,926,1484
10/01/2019,IWA,AZ,AWP,WE,Federal Contract Tower,11,20,53,9,93,0,159,155,18,332,11,179,208,27,425,796,3,799,1224
10/02/2019,IWA,AZ,AWP,WE,Federal Contract Tower,21,30,54,1,106,0,188,190,7,385,21,218,244,8,491,1124,0,1124,1615
10/03/2019,IWA,AZ,AWP,WE,Federal Contract Tower,41,41,100,2,184,0,173,226,1,400,41,214,326,3,584,957,1,958,1542
10/04/2019,IWA,AZ,AWP,WE,Federal Contract Tower,41,32,69,4,146,0,149,187,0,336,41,181,256,4,482,696,0,696,1178
10/05/2019,IWA,AZ,AWP,WE,Federal Contract Tower,33,12,52,0,97,0,78,95,0,173,33,90,147,0,270,437,0,437,707
10/06/2019,IWA,AZ,AWP,WE,Federal Contract Tower,43,14,57,0,114,0,63,105,0,168,43,77,162,0,282,221,0,221,503
10/07/2019,IWA,AZ,AWP,WE,Federal Contract Tower,34,21,77,3,135,0,162,191,1,354,34,183,268,4,489,702,0,702,1191
10/08/2019,IWA,AZ,AWP,WE,Federal Contract Tower,27,30,71,3,131,0,118,164,1,283,27,148,235,4,414,798,1,799,1213
10/09/2019,IWA,AZ,AWP,WE,Federal Contract Tower,38,34,76,11,159,0,175,198,0,373,38,209,274,11,532,764,0,764,1296
10/10/2019,IWA,AZ,AWP,WE,Federal Contract Tower,42,36,74,5,157,0,180,209,2,391,42,216,283,7,548,904,24,928,1476
10/11/2019,IWA,AZ,AWP,WE,Federal Contract Tower,40,18,63,9,130,0,136,136,7,279,40,154,199,16,409,734,10,744,1153
10/12/2019,IWA,AZ,AWP,WE,Federal Contract Tower,31,30,48,4,113,0,98,112,0,210,31,128,160,4,323,313,0,313,636
10/13/2019,IWA,AZ,AWP,WE,Federal Contract Tower,40,23,63,0,126,0,47,98,0,145,40,70,161,0,271,275,0,275,546
10/14/2019,IWA,AZ,AWP,WE,Federal Contract Tower,36,28,107,2,173,0,156,221,0,377,36,184,328,2,550,756,1,757,1307
10/15/2019,IWA,AZ,AWP,WE,Federal Contract Tower,29,35,79,10,153,0,164,199,0,363,29,199,278,10,516,976,1,977,1493
10/16/2019,IWA,AZ,AWP,WE,Federal Contract Tower,40,13,37,1,91,0,170,174,2,346,40,183,211,3,437,1061,4,1065,1502
10/17/2019,IWA,AZ,AWP,WE,Federal Contract Tower,44,30,74,5,153,0,147,190,13,350,44,177,264,18,503,748,9,757,1260
10/18/2019,IWA,AZ,AWP,WE,Federal Contract Tower,41,28,72,1,142,0,147,185,0,332,41,175,257,1,474,821,0,821,1295
10/19/2019,IWA,AZ,AWP,WE,Federal Contract Tower,31,24,44,19,118,0,80,125,1,206,31,104,169,20,324,661,0,661,985
10/20/2019,IWA,AZ,AWP,WE,Federal Contract Tower,39,12,51,3,105,1,74,101,1,177,40,86,152,4,282,445,0,445,727
10/21/2019,IWA,AZ,AWP,WE,Federal Contract Tower,37,22,60,2,121,0,177,236,0,413,37,199,296,2,534,865,0,865,1399
10/22/2019,IWA,AZ,AWP,WE,Federal Contract Tower,23,18,61,1,103,0,134,203,2,339,23,152,264,3,442,824,0,824,1266
10/23/2019,IWA,AZ,AWP,WE,Federal Contract Tower,27,23,58,6,114,0,147,204,2,353,27,170,262,8,467,845,0,845,1312
10/24/2019,IWA,AZ,AWP,WE,Federal Contract Tower,40,20,34,2,96,0,92,150,4,246,40,112,184,6,342,295,0,295,637
10/25/2019,IWA,AZ,AWP,WE,Federal Contract Tower,43,15,19,4,81,0,115,138,6,259,43,130,157,10,340,480,0,480,820
10/26/2019,IWA,AZ,AWP,WE,Federal Contract Tower,27,11,32,0,70,0,104,125,0,229,27,115,157,0,299,585,0,585,884
10/27/2019,IWA,AZ,AWP,WE,Federal Contract Tower,46,16,34,0,96,0,35,70,0,105,46,51,104,0,201,336,0,336,537
10/28/2019,IWA,AZ,AWP,WE,Federal Contract Tower,31,41,80,2,154,0,155,168,1,324,31,196,248,3,478,826,7,833,1311
10/29/2019,IWA,AZ,AWP,WE,Federal Contract Tower,18,31,61,5,115,0,181,190,2,373,18,212,251,7,488,782,0,782,1270
10/30/2019,IWA,AZ,AWP,WE,Federal Contract Tower,25,30,54,1,110,0,148,146,0,294,25,178,200,1,404,606,0,606,1010
10/31/2019,IWA,AZ,AWP,WE,Federal Contract Tower,43,18,45,2,108,0,178,164,11,353,43,196,209,13,461,818,6,824,1285
11/01/2019,IWA,AZ,AWP,WE,Federal Contract Tower,41,24,52,21,138,0,143,162,24,329,41,167,214,45,467,674,0,674,1141
11/02/2019,IWA,AZ,AWP,WE,Federal Contract Tower,23,10,25,2,60,0,84,117,4,205,23,94,142,6,265,593,0,593,858
11/03/2019,IWA,AZ,AWP,WE,Federal Contract Tower,46,11,35,0,92,0,75,96,0,171,46,86,131,0,263,434,0,434,697
11/04/2019,IWA,AZ,AWP,WE,Federal Contract Tower,34,26,70,2,132,0,196,211,4,411,34,222,281,6,543,848,1,849,1392
11/05/2019,IWA,AZ,AWP,WE,Federal Contract Tower,14,33,54,6,107,0,137,184,0,321,14,170,238,6,428,686,0,686,1114
11/06/2019,IWA,AZ,AWP,WE,Federal Contract Tower,29,26,49,0,104,0,149,203,2,354,29,175,252,2,458,739,18,757,1215
11/07/2019,IWA,AZ,AWP,WE,Federal Contract Tower,43,27,45,1,116,0,155,193,2,350,43,182,238,3,466,864,20,884,1350
11/08/2019,IWA,AZ,AWP,WE,Federal Contract Tower,37,20,36,8,101,0,140,190,0,330,37,160,226,8,431,712,14,726,1157
11/09/2019,IWA,AZ,AWP,WE,Federal Contract Tower,29,11,25,8,73,0,92,116,5,213,29,103,141,13,286,702,2,704,990
11/10/2019,IWA,AZ,AWP,WE,Federal Contract Tower,43,13,45,11,112,0,81,90,0,171,43,94,135,11,283,469,0,469,752
11/11/2019,IWA,AZ,AWP,WE,Federal Contract Tower,34,30,64,3,131,0,161,181,8,350,34,191,245,11,481,735,0,735,1216
11/12/2019,IWA,AZ,AWP,WE,Federal Contract Tower,17,20,25,4,66,0,142,209,1,352,17,162,234,5,418,746,0,746,1164
11/13/2019,IWA,AZ,AWP,WE,Federal Contract Tower,38,16,37,0,91,0,159,214,1,374,38,175,251,1,465,908,0,908,1373
11/14/2019,IWA,AZ,AWP,WE,Federal Contract Tower,47,26,49,4,126,0,119,191,0,310,47,145,240,4,436,744,0,744,1180
11/15/2019,IWA,AZ,AWP,WE,Federal Contract Tower,44,26,39,3,112,0,145,160,1,306,44,171,199,4,418,657,4,661,1079
11/16/2019,IWA,AZ,AWP,WE,Federal Contract Tower,33,25,52,0,110,0,101,169,3,273,33,126,221,3,383,556,0,556,939
11/17/2019,IWA,AZ,AWP,WE,Federal Contract Tower,45,17,60,0,122,0,60,109,1,170,45,77,169,1,292,438,0,438,730
11/18/2019,IWA,AZ,AWP,WE,Federal Contract Tower,38,23,51,3,115,0,171,174,0,345,38,194,225,3,460,650,0,650,1110
11/19/2019,IWA,AZ,AWP,WE,Federal Contract Tower,15,7,34,1,57,0,93,101,4,198,15,100,135,5,255,308,1,309,564
11/20/2019,IWA,AZ,AWP,WE,Federal Contract Tower,41,18,21,2,82,0,3,21,0,24,41,21,42,2,106,72,0,72,178
11/21/2019,IWA,AZ,AWP,WE,Federal Contract Tower,49,23,21,3,96,0,25,65,4,94,49,48,86,7,190,198,4,202,392
11/22/2019,IWA,AZ,AWP,WE,Federal Contract Tower,48,12,36,6,102,0,183,182,4,369,48,195,218,10,471,507,9,516,987
11/23/2019,IWA,AZ,AWP,WE,Federal Contract Tower,32,9,21,3,65,0,128,158,12,298,32,137,179,15,363,321,0,321,684
11/24/2019,IWA,AZ,AWP,WE,Federal Contract Tower,43,8,21,2,74,0,96,108,3,207,43,104,129,5,281,312,0,312,593
11/25/2019,IWA,AZ,AWP,WE,Federal Contract Tower,32,14,25,3,74,0,147,149,0,296,32,161,174,3,370,264,0,264,634
11/26/2019,IWA,AZ,AWP,WE,Federal Contract Tower,50,22,50,2,124,0,170,167,10,347,50,192,217,12,471,328,0,328,799
11/27/2019,IWA,AZ,AWP,WE,Federal Contract Tower,49,10,22,0,81,0,113,99,24,236,49,123,121,24,317,256,0,256,573
11/28/2019,IWA,AZ,AWP,WE,Federal Contract Tower,35,4,3,0,42,0,4,7,0,11,35,8,10,0,53,0,0,0,53
11/29/2019,IWA,AZ,AWP,WE,Federal Contract Tower,24,8,6,0,38,0,9,24,0,33,24,17,30,0,71,63,0,63,134
11/30/2019,IWA,AZ,AWP,WE,Federal Contract Tower,31,10,14,2,57,0,115,70,0,185,31,125,84,2,242,276,0,276,518
12/01/2019,IWA,AZ,AWP,WE,Federal Contract Tower,45,7,23,0,75,0,88,64,0,152,45,95,87,0,227,167,0,167,394
12/02/2019,IWA,AZ,AWP,WE,Federal Contract Tower,47,12,20,4,83,0,160,155,4,319,47,172,175,8,402,303,0,303,705
12/03/2019,IWA,AZ,AWP,WE,Federal Contract Tower,11,15,36,4,66,0,188,198,9,395,11,203,234,13,461,429,20,449,910
12/04/2019,IWA,AZ,AWP,WE,Federal Contract Tower,32,21,34,1,88,0,140,178,4,322,32,161,212,5,410,282,7,289,699
12/05/2019,IWA,AZ,AWP,WE,Federal Contract Tower,47,10,36,1,94,0,193,175,4,372,47,203,211,5,466,288,0,288,754
12/06/2019,IWA,AZ,AWP,WE,Federal Contract Tower,41,15,37,10,103,0,153,187,3,343,41,168,224,13,446,244,6,250,696
12/07/2019,IWA,AZ,AWP,WE,Federal Contract Tower,26,11,28,3,68,0,119,109,3,231,26,130,137,6,299,388,0,388,687
12/08/2019,IWA,AZ,AWP,WE,Federal Contract Tower,45,11,28,6,90,0,29,46,0,75,45,40,74,6,165,300,0,300,465
12/09/2019,IWA,AZ,AWP,WE,Federal Contract Tower,38,14,25,2,79,0,19,26,0,45,38,33,51,2,124,55,16,71,195
12/10/2019,IWA,AZ,AWP,WE,Federal Contract Tower,10,21,29,2,62,0,187,224,4,415,10,208,253,6,477,434,4,438,915
12/11/2019,IWA,AZ,AWP,WE,Federal Contract Tower,28,12,34,2,76,0,195,196,4,395,28,207,230,6,471,433,30,463,934
12/12/2019,IWA,AZ,AWP,WE,Federal Contract Tower,48,10,36,4,98,0,169,175,0,344,48,179,211,4,442,417,0,417,859
12/13/2019,IWA,AZ,AWP,WE,Federal Contract Tower,43,23,34,16,116,0,132,159,0,291,43,155,193,16,407,375,1,376,783
12/14/2019,IWA,AZ,AWP,WE,Federal Contract Tower,27,3,27,8,65,0,99,142,9,250,27,102,169,17,315,455,0,455,770
12/15/2019,IWA,AZ,AWP,WE,Federal Contract Tower,47,17,66,13,143,0,52,117,0,169,47,69,183,13,312,270,0,270,582
12/16/2019,IWA,AZ,AWP,WE,Federal Contract Tower,40,16,26,11,93,0,150,145,1,296,40,166,171,12,389,438,5,443,832
12/17/2019,IWA,AZ,AWP,WE,Federal Contract Tower,12,15,17,6,50,0,117,155,0,272,12,132,172,6,322,382,13,395,717
12/18/2019,IWA,AZ,AWP,WE,Federal Contract Tower,35,10,25,7,77,0,101,99,3,203,35,111,124,10,280,368,0,368,648
12/19/2019,IWA,AZ,AWP,WE,Federal Contract Tower,52,23,34,2,111,0,141,171,4,316,52,164,205,6,427,462,13,475,902
12/20/2019,IWA,AZ,AWP,WE,Federal Contract Tower,46,24,49,0,119,0,160,128,0,288,46,184,177,0,407,343,0,343,750
12/21/2019,IWA,AZ,AWP,WE,Federal Contract Tower,47,9,7,0,63,0,106,66,0,172,47,115,73,0,235,356,0,356,591
12/22/2019,IWA,AZ,AWP,WE,Federal Contract Tower,52,10,16,0,78,0,91,63,0,154,52,101,79,0,232,449,0,449,681
12/23/2019,IWA,AZ,AWP,WE,Federal Contract Tower,47,8,17,0,72,0,96,55,0,151,47,104,72,0,223,180,0,180,403
12/24/2019,IWA,AZ,AWP,WE,Federal Contract Tower,45,0,6,0,51,0,0,7,0,7,45,0,13,0,58,0,0,0,58
12/25/2019,IWA,AZ,AWP,WE,Federal Contract Tower,35,2,2,0,39,0,0,4,0,4,35,2,6,0,43,4,0,4,47
12/26/2019,IWA,AZ,AWP,WE,Federal Contract Tower,54,10,9,0,73,0,53,64,0,117,54,63,73,0,190,224,0,224,414
12/27/2019,IWA,AZ,AWP,WE,Federal Contract Tower,56,9,17,0,82,0,1,6,1,8,56,10,23,1,90,32,0,32,122
12/28/2019,IWA,AZ,AWP,WE,Federal Contract Tower,48,14,53,0,115,0,63,54,0,117,48,77,107,0,232,184,0,184,416
12/29/2019,IWA,AZ,AWP,WE,Federal Contract Tower,56,9,18,0,83,0,74,50,0,124,56,83,68,0,207,208,1,209,416
12/30/2019,IWA,AZ,AWP,WE,Federal Contract Tower,47,14,25,2,88,0,115,65,0,180,47,129,90,2,268,290,0,290,558
12/31/2019,IWA,AZ,AWP,WE,Federal Contract Tower,43,2,8,0,53,0,60,59,0,119,43,62,67,0,172,128,0,128,300
01/01/2020,IWA,AZ,AWP,WE,Federal Contract Tower,29,1,10,0,40,0,5,26,0,31,29,6,36,0,71,117,0,117,188
01/02/2020,IWA,AZ,AWP,WE,Federal Contract Tower,52,21,41,0,114,0,144,93,0,237,52,165,134,0,351,56,0,56,407
01/03/2020,IWA,AZ,AWP,WE,Federal Contract Tower,42,15,27,0,84,0,145,110,0,255,42,160,137,0,339,363,0,363,702
01/04/2020,IWA,AZ,AWP,WE,Federal Contract Tower,42,8,23,0,73,0,156,86,0,242,42,164,109,0,315,292,0,292,607
01/05/2020,IWA,AZ,AWP,WE,Federal Contract Tower,52,6,24,0,82,0,75,82,1,158,52,81,106,1,240,276,1,277,517
01/06/2020,IWA,AZ,AWP,WE,Federal Contract Tower,45,23,42,3,113,0,154,114,7,275,45,177,156,10,388,332,0,332,720
01/07/2020,IWA,AZ,AWP,WE,Federal Contract Tower,10,16,32,9,67,0,141,151,6,298,10,157,183,15,365,434,0,434,799
01/08/2020,IWA,AZ,AWP,WE,Federal Contract Tower,30,26,21,2,79,0,125,146,3,274,30,151,167,5,353,446,4,450,803
01/09/2020,IWA,AZ,AWP,WE,Federal Contract Tower,51,20,36,1,108,0,145,119,6,270,51,165,155,7,378,347,48,395,773
01/10/2020,IWA,AZ,AWP,WE,Federal Contract Tower,42,12,27,13,94,0,110,137,3,250,42,122,164,16,344,234,27,261,605
01/11/2020,IWA,AZ,AWP,WE,Federal Contract Tower,30,9,20,10,69,0,142,87,1,230,30,151,107,11,299,407,2,409,708
01/12/2020,IWA,AZ,AWP,WE,Federal Contract Tower,46,8,31,5,90,0,61,79,4,144,46,69,110,9,234,236,0,236,470
01/13/2020,IWA,AZ,AWP,WE,Federal Contract Tower,40,18,26,0,84,0,157,122,4,283,40,175,148,4,367,307,0,307,674
01/14/2020,IWA,AZ,AWP,WE,Federal Contract Tower,10,11,27,2,50,0,150,117,0,267,10,161,144,2,317,456,0,456,773
01/15/2020,IWA,AZ,AWP,WE,Federal Contract Tower,25,15,26,1,67,0,154,127,0,281,25,169,153,1,348,508,0,508,856
01/16/2020,IWA,AZ,AWP,WE,Federal Contract Tower,52,7,23,11,93,0,102,81,4,187,52,109,104,15,280,353,18,371,651
01/17/2020,IWA,AZ,AWP,WE,Federal Contract Tower,40,13,37,4,94,0,197,173,3,373,40,210,210,7,467,467,2,469,936
01/18/2020,IWA,AZ,AWP,WE,Federal Contract Tower,29,10,26,2,67,0,125,102,6,233,29,135,128,8,300,476,0,476,776
01/19/2020,IWA,AZ,AWP,WE,Federal Contract Tower,48,7,15,1,71,0,67,72,12,151,48,74,87,13,222,303,8,311,533
01/20/2020,IWA,AZ,AWP,WE,Federal Contract Tower,38,11,38,4,91,0,161,153,11,325,38,172,191,15,416,575,1,576,992
01/21/2020,IWA,AZ,AWP,WE,Federal Contract Tower,16,25,52,7,100,0,16,41,0,57,16,41,93,7,157,145,4,149,306
01/22/2020,IWA,AZ,AWP,WE,Federal Contract Tower,26,32,56,2,116,0,95,101,0,196,26,127,157,2,312,453,0,453,765
01/23/2020,IWA,AZ,AWP,WE,Federal Contract Tower,50,7,34,3,94,0,189,176,6,371,50,196,210,9,465,550,10,560,1025
01/24/2020,IWA,AZ,AWP,WE,Federal Contract Tower,45,12,40,15,112,0,177,208,9,394,45,189,248,24,506,473,14,487,993
01/25/2020,IWA,AZ,AWP,WE,Federal Contract Tower,30,8,13,6,57,0,151,121,14,286,30,159,134,20,343,442,0,442,785
01/26/2020,IWA,AZ,AWP,WE,Federal Contract Tower,53,7,11,15,86,0,108,93,6,207,53,115,104,21,293,505,0,505,798
01/27/2020,IWA,AZ,AWP,WE,Federal Contract Tower,44,31,50,2,127,0,167,175,1,343,44,198,225,3,470,548,0,548,1018
01/28/2020,IWA,AZ,AWP,WE,Federal Contract Tower,14,17,40,2,73,0,181,201,7,389,14,198,241,9,462,535,15,550,1012
01/29/2020,IWA,AZ,AWP,WE,Federal Contract Tower,31,25,46,4,106,0,167,169,0,336,31,192,215,4,442,495,6,501,943
01/30/2020,IWA,AZ,AWP,WE,Federal Contract Tower,54,42,67,1,164,0,220,138,3,361,54,262,205,4,525,401,2,403,928
01/31/2020,IWA,AZ,AWP,WE,Federal Contract Tower,47,22,70,5,144,0,203,209,13,425,47,225,279,18,569,368,2,370,939
02/01/2020,IWA,AZ,AWP,CE,Federal Contract Tower,34,9,19,4,66,0,152,124,0,276,34,161,143,4,342,495,0,495,837
02/02/2020,IWA,AZ,AWP,CE,Federal Contract Tower,46,8,21,2,77,0,69,81,12,162,46,77,102,14,239,276,0,276,515
02/03/2020,IWA,AZ,AWP,CE,Federal Contract Tower,44,43,40,5,132,0,153,111,0,264,44,196,151,5,396,356,0,356,752
02/04/2020,IWA,AZ,AWP,CE,Federal Contract Tower,14,16,26,6,62,0,214,162,2,378,14,230,188,8,440,552,0,552,992
02/05/2020,IWA,AZ,AWP,CE,Federal Contract Tower,29,21,38,3,91,0,157,159,5,321,29,178,197,8,412,555,4,559,971
02/06/2020,IWA,AZ,AWP,CE,Federal Contract Tower,47,16,38,12,113,0,179,182,5,366,47,195,220,17,479,493,19,512,991
02/07/2020,IWA,AZ,AWP,CE,Federal Contract Tower,46,14,26,9,95,0,185,151,8,344,46,199,177,17,439,615,0,615,1054
02/08/2020,IWA,AZ,AWP,CE,Federal Contract Tower,34,13,26,4,77,0,141,134,14,289,34,154,160,18,366,504,0,504,870
02/09/2020,IWA,AZ,AWP,CE,Federal Contract Tower,48,10,33,4,95,0,79,94,6,179,48,89,127,10,274,347,0,347,621
02/10/2020,IWA,AZ,AWP,CE,Federal Contract Tower,40,9,14,1,64,0,109,94,5,208,40,118,108,6,272,469,0,469,741
02/11/2020,IWA,AZ,AWP,CE,Federal Contract Tower,16,21,35,6,78,0,116,98,3,217,16,137,133,9,295,509,18,527,822
02/12/2020,IWA,AZ,AWP,CE,Federal Contract Tower,43,23,34,1,101,0,203,139,0,342,43,226,173,1,443,501,0,501,944
02/13/2020,IWA,AZ,AWP,CE,Federal Contract Tower,53,32,61,2,148,0,178,153,4,335,53,210,214,6,483,508,0,508,991
02/14/2020,IWA,AZ,AWP,CE,Federal Contract Tower,60,12,38,1,111,0,115,131,8,254,60,127,169,9,365,667,9,676,1041
02/15/2020,IWA,AZ,AWP,CE,Federal Contract Tower,38,9,25,5,77,0,125,129,6,260,38,134,154,11,337,487,2,489,826
02/16/2020,IWA,AZ,AWP,CE,Federal Contract Tower,54,8,16,2,80,0,105,94,4,203,54,113,110,6,283,335,4,339,622
02/17/2020,IWA,AZ,AWP,CE,Federal Contract Tower,49,12,36,0,97,0,192,152,3,347,49,204,188,3,444,600,0,600,1044
02/18/2020,IWA,AZ,AWP,CE,Federal Contract Tower,34,19,23,1,77,0,190,182,3,375,34,209,205,4,452,599,0,599,1051
02/19/2020,IWA,AZ,AWP,CE,Federal Contract Tower,42,15,35,3,95,0,115,124,1,240,42,130,159,4,335,513,0,513,848
02/20/2020,IWA,AZ,AWP,CE,Federal Contract Tower,55,39,56,8,158,0,171,189,3,363,55,210,245,11,521,607,8,615,1136
02/21/2020,IWA,AZ,AWP,CE,Federal Contract Tower,58,15,36,5,114,0,110,113,0,223,58,125,149,5,337,355,0,355,692
02/22/2020,IWA,AZ,AWP,CE,Federal Contract Tower,38,12,31,4,85,0,0,2,0,2,38,12,33,4,87,0,0,0,87
02/23/2020,IWA,AZ,AWP,CE,Federal Contract Tower,53,10,37,11,111,0,115,155,1,271,53,125,192,12,382,505,0,505,887
02/24/2020,IWA,AZ,AWP,CE,Federal Contract Tower,58,18,54,3,133,0,216,184,4,404,58,234,238,7,537,706,0,706,1243
02/25/2020,IWA,AZ,AWP,CE,Federal Contract Tower,28,16,48,16,108,0,94,106,12,212,28,110,154,28,320,306,0,306,626
02/26/2020,IWA,AZ,AWP,CE,Federal Contract Tower,49,17,33,8,107,0,183,235,13,431,49,200,268,21,538,431,12,443,981
02/27/2020,IWA,AZ,AWP,CE,Federal Contract Tower,59,18,34,0,111,0,197,216,4,417,59,215,250,4,528,468,0,468,996
02/28/2020,IWA,AZ,AWP,CE,Federal Contract Tower,53,20,35,7,115,0,219,177,2,398,53,239,212,9,513,507,0,507,1020
02/29/2020,IWA,AZ,AWP,CE,Federal Contract Tower,46,14,30,2,92,0,136,108,1,245,46,150,138,3,337,485,2,487,824
03/01/2020,IWA,AZ,AWP,CE,Federal Contract Tower,60,6,36,2,104,0,96,89,1,186,60,102,125,3,290,295,0,295,585
03/02/2020,IWA,AZ,AWP,CE,Federal Contract Tower,55,17,32,0,104,0,148,165,3,316,55,165,197,3,420,466,0,466,886
03/04/2020,IWA,AZ,AWP,CE,Federal Contract Tower,74,29,35,2,140,0,158,190,3,351,74,187,225,5,491,481,8,489,980
03/05/2020,IWA,AZ,AWP,CE,Federal Contract Tower,56,19,35,6,116,0,174,155,4,333,56,193,190,10,449,483,12,495,944
03/06/2020,IWA,AZ,AWP,CE,Federal Contract Tower,60,15,39,7,121,0,117,116,4,237,60,132,155,11,358,304,7,311,669
03/07/2020,IWA,AZ,AWP,CE,Federal Contract Tower,65,6,16,0,87,0,73,73,1,147,65,79,89,1,234,121,3,124,358
03/08/2020,IWA,AZ,AWP,CE,Federal Contract Tower,58,17,21,6,102,0,49,87,1,137,58,66,108,7,239,278,4,282,521
03/09/2020,IWA,AZ,AWP,CE,Federal Contract Tower,53,27,29,2,111,0,176,163,1,340,53,203,192,3,451,497,1,498,949
03/10/2020,IWA,AZ,AWP,CE,Federal Contract Tower,43,29,37,1,110,0,90,119,1,210,43,119,156,2,320,402,0,402,722
03/11/2020,IWA,AZ,AWP,CE,Federal Contract Tower,77,40,43,0,160,0,29,24,2,55,77,69,67,2,215,86,0,86,301
03/12/2020,IWA,AZ,AWP,CE,Federal Contract Tower,57,18,28,2,105,0,47,41,2,90,57,65,69,4,195,362,0,362,557
03/13/2020,IWA,AZ,AWP,CE,Federal Contract Tower,56,21,40,0,117,0,56,60,0,116,56,77,100,0,233,174,0,174,407
03/14/2020,IWA,AZ,AWP,CE,Federal Contract Tower,77,17,24,0,118,0,170,109,0,279,77,187,133,0,397,412,0,412,809
03/15/2020,IWA,AZ,AWP,CE,Federal Contract Tower,60,7,35,0,102,0,91,106,4,201,60,98,141,4,303,420,0,420,723
03/16/2020,IWA,AZ,AWP,CE,Federal Contract Tower,55,12,25,0,92,0,203,148,0,351,55,215,173,0,443,552,0,552,995
03/17/2020,IWA,AZ,AWP,CE,Federal Contract Tower,50,31,34,0,115,0,161,153,0,314,50,192,187,0,429,473,0,473,902
03/18/2020,IWA,AZ,AWP,CE,Federal Contract Tower,69,9,19,3,100,25,35,0,0,60,94,44,19,3,160,75,0,75,235
03/19/2020,IWA,AZ,AWP,CE,Federal Contract Tower,51,16,41,2,110,0,99,86,2,187,51,115,127,4,297,463,4,467,764
03/20/2020,IWA,AZ,AWP,CE,Federal Contract Tower,46,13,43,6,108,0,170,146,0,316,46,183,189,6,424,580,0,580,1004
03/21/2020,IWA,AZ,AWP,CE,Federal Contract Tower,65,8,43,0,116,0,137,110,0,247,65,145,153,0,363,331,0,331,694
03/22/2020,IWA,AZ,AWP,CE,Federal Contract Tower,49,2,30,0,81,0,59,84,0,143,49,61,114,0,224,304,0,304,528
03/23/2020,IWA,AZ,AWP,CE,Federal Contract Tower,42,20,41,0,103,0,137,86,2,225,42,157,127,2,328,396,0,396,724
03/24/2020,IWA,AZ,AWP,CE,Federal Contract Tower,35,12,50,2,99,0,160,127,4,291,35,172,177,6,390,323,16,339,729
03/25/2020,IWA,AZ,AWP,CE,Federal Contract Tower,27,16,24,1,68,0,173,124,1,298,27,189,148,2,366,415,0,415,781
03/26/2020,IWA,AZ,AWP,CE,Federal Contract Tower,22,19,75,3,119,0,156,144,2,302,22,175,219,5,421,444,18,462,883
03/27/2020,IWA,AZ,AWP,CE,Federal Contract Tower,20,16,39,0,75,0,95,94,15,204,20,111,133,15,279,218,0,218,497
03/28/2020,IWA,AZ,AWP,CE,Federal Contract Tower,27,8,39,0,74,0,111,105,0,216,27,119,144,0,290,409,0,409,699
03/29/2020,IWA,AZ,AWP,CE,Federal Contract Tower,11,11,30,0,52,0,65,90,0,155,11,76,120,0,207,395,0,395,602
03/30/2020,IWA,AZ,AWP,CE,Federal Contract Tower,7,22,50,0,79,0,135,112,0,247,7,157,162,0,326,513,0,513,839
03/31/2020,IWA,AZ,AWP,CE,Federal Contract Tower,16,23,36,4,79,0,99,112,0,211,16,122,148,4,290,461,5,466,756
04/01/2020,IWA,AZ,AWP,CE,Federal Contract Tower,0,21,42,0,63,0,71,100,5,176,0,92,142,5,239,330,8,338,577
04/02/2020,IWA,AZ,AWP,CE,Federal Contract Tower,19,22,47,0,88,0,104,117,2,223,19,126,164,2,311,386,0,386,697
04/03/2020,IWA,AZ,AWP,CE,Federal Contract Tower,14,13,45,2,74,0,95,107,2,204,14,108,152,4,278,265,0,265,543
04/04/2020,IWA,AZ,AWP,CE,Federal Contract Tower,11,13,28,0,52,0,96,81,0,177,11,109,109,0,229,200,0,200,429
04/05/2020,IWA,AZ,AWP,CE,Federal Contract Tower,8,10,41,0,59,0,50,77,0,127,8,60,118,0,186,303,0,303,489
04/06/2020,IWA,AZ,AWP,CE,Federal Contract Tower,4,22,39,0,65,0,97,99,2,198,4,119,138,2,263,331,4,335,598
04/07/2020,IWA,AZ,AWP,CE,Federal Contract Tower,3,10,46,10,69,0,106,119,2,227,3,116,165,12,296,366,1,367,663
04/08/2020,IWA,AZ,AWP,CE,Federal Contract Tower,4,13,11,5,33,0,47,66,1,114,4,60,77,6,147,215,19,234,381
04/09/2020,IWA,AZ,AWP,CE,Federal Contract Tower,12,21,56,8,97,0,99,141,2,242,12,120,197,10,339,455,0,455,794
04/10/2020,IWA,AZ,AWP,CE,Federal Contract Tower,16,12,51,2,81,0,19,110,1,130,16,31,161,3,211,196,0,196,407
04/11/2020,IWA,AZ,AWP,CE,Federal Contract Tower,3,8,3,0,14,0,28,45,0,73,3,36,48,0,87,216,0,216,303
04/12/2020,IWA,AZ,AWP,CE,Federal Contract Tower,1,18,9,0,28,0,12,59,0,71,1,30,68,0,99,116,0,116,215
04/13/2020,IWA,AZ,AWP,CE,Federal Contract Tower,5,13,32,1,51,0,71,85,2,158,5,84,117,3,209,265,0,265,474
04/14/2020,IWA,AZ,AWP,CE,Federal Contract Tower,0,21,42,0,63,0,71,100,5,176,0,92,142,5,239,330,8,338,577
04/15/2020,IWA,AZ,AWP,CE,Federal Contract Tower,4,16,48,0,68,0,77,130,4,211,4,93,178,4,279,435,12,447,726
04/16/2020,IWA,AZ,AWP,CE,Federal Contract Tower,13,21,38,0,72,0,82,103,0,185,13,103,141,0,257,344,0,344,601
04/17/2020,IWA,AZ,AWP,CE,Federal Contract Tower,5,6,18,0,29,0,74,98,3,175,5,80,116,3,204,219,18,237,441
04/18/2020,IWA,AZ,AWP,CE,Federal Contract Tower,12,16,32,0,60,0,55,94,2,151,12,71,126,2,211,236,8,244,455
04/19/2020,IWA,AZ,AWP,CE,Federal Contract Tower,10,12,32,0,54,0,14,90,0,104,10,26,122,0,158,271,0,271,429
04/20/2020,IWA,AZ,AWP,CE,Federal Contract Tower,0,25,35,2,62,0,85,89,0,174,0,110,124,2,236,440,0,440,676
04/21/2020,IWA,AZ,AWP,CE,Federal Contract Tower,7,24,46,3,80,0,98,126,0,224,7,122,172,3,304,371,12,383,687
04/22/2020,IWA,AZ,AWP,CE,Federal Contract Tower,8,37,44,2,91,0,101,128,8,237,8,138,172,10,328,433,6,439,767
04/23/2020,IWA,AZ,AWP,CE,Federal Contract Tower,15,19,40,4,78,0,89,100,5,194,15,108,140,9,272,433,0,433,705
04/24/2020,IWA,AZ,AWP,CE,Federal Contract Tower,10,33,56,0,99,0,92,106,0,198,10,125,162,0,297,313,0,313,610
04/25/2020,IWA,AZ,AWP,CE,Federal Contract Tower,9,10,28,0,47,0,77,76,1,154,9,87,104,1,201,283,0,283,484
04/26/2020,IWA,AZ,AWP,CE,Federal Contract Tower,13,10,13,0,36,0,14,72,0,86,13,24,85,0,122,226,0,226,348
04/27/2020,IWA,AZ,AWP,CE,Federal Contract Tower,7,19,29,8,63,0,86,95,0,181,7,105,124,8,244,371,0,371,615
04/28/2020,IWA,AZ,AWP,CE,Federal Contract Tower,6,18,49,3,76,0,109,110,4,223,6,127,159,7,299,359,31,390,689
04/29/2020,IWA,AZ,AWP,CE,Federal Contract Tower,9,26,30,2,67,0,123,82,4,209,9,149,112,6,276,421,14,435,711
04/30/2020,IWA,AZ,AWP,CE,Federal Contract Tower,19,25,49,9,102,0,108,92,0,200,19,133,141,9,302,381,1,382,684
05/01/2020,IWA,AZ,AWP,CE,Federal Contract Tower,14,23,39,0,76,0,96,107,0,203,14,119,146,0,279,320,0,320,599
05/02/2020,IWA,AZ,AWP,CE,Federal Contract Tower,14,18,24,1,57,0,77,88,3,168,14,95,112,4,225,285,0,285,510
05/03/2020,IWA,AZ,AWP,CE,Federal Contract Tower,23,10,15,0,48,0,30,64,0,94,23,40,79,0,142,256,0,256,398
05/04/2020,IWA,AZ,AWP,CE,Federal Contract Tower,10,36,35,2,83,0,132,88,0,220,10,168,123,2,303,469,0,469,772
05/05/2020,IWA,AZ,AWP,CE,Federal Contract Tower,4,22,34,0,60,0,55,79,1,135,4,77,113,1,195,193,0,193,388
05/06/2020,IWA,AZ,AWP,CE,Federal Contract Tower,4,20,31,2,57,0,105,123,4,232,4,125,154,6,289,306,8,314,603
05/07/2020,IWA,AZ,AWP,CE,Federal Contract Tower,27,32,25,0,84,0,94,99,4,197,27,126,124,4,281,378,4,382,663
05/08/2020,IWA,AZ,AWP,CE,Federal Contract Tower,18,26,25,0,69,0,123,94,0,217,18,149,119,0,286,371,0,371,657
05/09/2020,IWA,AZ,AWP,CE,Federal Contract Tower,18,17,22,0,57,0,71,86,0,157,18,88,108,0,214,247,0,247,461
05/10/2020,IWA,AZ,AWP,CE,Federal Contract Tower,30,15,7,0,52,0,26,28,0,54,30,41,35,0,106,246,0,246,352
05/11/2020,IWA,AZ,AWP,CE,Federal Contract Tower,15,29,21,0,65,0,119,96,1,216,15,148,117,1,281,338,0,338,619
05/12/2020,IWA,AZ,AWP,CE,Federal Contract Tower,4,25,42,0,71,0,104,119,5,228,4,129,161,5,299,409,6,415,714
05/13/2020,IWA,AZ,AWP,CE,Federal Contract Tower,6,31,44,5,86,0,128,94,6,228,6,159,138,11,314,442,16,458,772
05/14/2020,IWA,AZ,AWP,CE,Federal Contract Tower,28,33,39,2,102,0,121,116,0,237,28,154,155,2,339,408,0,408,747
05/15/2020,IWA,AZ,AWP,CE,Federal Contract Tower,28,32,30,0,90,0,125,113,1,239,28,157,143,1,329,353,0,353,682
05/16/2020,IWA,AZ,AWP,CE,Federal Contract Tower,27,29,21,0,77,0,93,67,0,160,27,122,88,0,237,295,0,295,532
05/17/2020,IWA,AZ,AWP,CE,Federal Contract Tower,28,20,12,0,60,0,59,47,0,106,28,79,59,0,166,160,0,160,326
05/18/2020,IWA,AZ,AWP,CE,Federal Contract Tower,23,23,27,6,79,0,150,91,5,246,23,173,118,11,325,410,1,411,736
05/19/2020,IWA,AZ,AWP,CE,Federal Contract Tower,3,53,24,1,81,0,113,80,3,196,3,166,104,4,277,367,0,367,644
05/20/2020,IWA,AZ,AWP,CE,Federal Contract Tower,6,43,40,0,89,0,151,141,10,302,6,194,181,10,391,562,0,562,953
05/21/2020,IWA,AZ,AWP,CE,Federal Contract Tower,31,33,44,2,110,0,140,116,5,261,31,173,160,7,371,494,0,494,865
05/22/2020,IWA,AZ,AWP,CE,Federal Contract Tower,38,25,26,2,91,0,129,94,0,223,38,154,120,2,314,523,0,523,837
05/23/2020,IWA,AZ,AWP,CE,Federal Contract Tower,28,22,17,0,67,0,71,77,0,148,28,93,94,0,215,333,0,333,548
05/24/2020,IWA,AZ,AWP,CE,Federal Contract Tower,27,14,14,2,57,0,48,47,0,95,27,62,61,2,152,203,0,203,355
05/25/2020,IWA,AZ,AWP,CE,Federal Contract Tower,32,14,19,0,65,0,117,111,0,228,32,131,130,0,293,506,0,506,799
05/26/2020,IWA,AZ,AWP,CE,Federal Contract Tower,2,34,40,5,81,0,116,104,5,225,2,150,144,10,306,464,20,484,790
05/27/2020,IWA,AZ,AWP,CE,Federal Contract Tower,3,42,30,4,79,0,136,110,2,248,3,178,140,6,327,404,0,404,731
05/28/2020,IWA,AZ,AWP,CE,Federal Contract Tower,34,33,32,1,100,0,138,109,1,248,34,171,141,2,348,524,12,536,884
05/29/2020,IWA,AZ,AWP,CE,Federal Contract Tower,32,20,30,4,86,0,105,118,1,224,32,125,148,5,310,380,10,390,700
05/30/2020,IWA,AZ,AWP,CE,Federal Contract Tower,25,5,17,3,50,0,69,78,0,147,25,74,95,3,197,280,0,280,477
05/31/2020,IWA,AZ,AWP,CE,Federal Contract Tower,32,4,12,2,50,0,46,96,3,145,32,50,108,5,195,126,6,132,327
06/01/2020,IWA,AZ,AWP,CE,Federal Contract Tower,32,26,47,4,109,0,108,115,5,228,32,134,162,9,337,493,28,521,858
06/02/2020,IWA,AZ,AWP,CE,Federal Contract Tower,10,22,47,8,87,0,122,137,6,265,10,144,184,14,352,475,30,505,857
06/03/2020,IWA,AZ,AWP,CE,Federal Contract Tower,17,29,36,5,87,0,120,115,0,235,17,149,151,5,322,495,0,495,817
06/04/2020,IWA,AZ,AWP,CE,Federal Contract Tower,32,29,38,2,101,0,144,111,2,257,32,173,149,4,358,471,12,483,841
06/05/2020,IWA,AZ,AWP,CE,Federal Contract Tower,38,24,23,1,86,0,98,103,10,211,38,122,126,11,297,392,2,394,691
06/06/2020,IWA,AZ,AWP,CE,Federal Contract Tower,36,18,12,2,68,0,77,112,6,195,36,95,124,8,263,239,0,239,502
06/07/2020,IWA,AZ,AWP,CE,Federal Contract Tower,29,15,12,0,56,0,51,110,3,164,29,66,122,3,220,221,0,221,441
06/08/2020,IWA,AZ,AWP,CE,Federal Contract Tower,32,34,37,1,104,0,107,136,2,245,32,141,173,3,349,441,0,441,790
06/09/2020,IWA,AZ,AWP,CE,Federal Contract Tower,5,38,32,4,79,0,141,125,2,268,5,179,157,6,347,587,11,598,945
06/10/2020,IWA,AZ,AWP,CE,Federal Contract Tower,19,40,40,2,101,0,119,119,0,238,19,159,159,2,339,547,0,547,886
06/11/2020,IWA,AZ,AWP,CE,Federal Contract Tower,32,38,23,0,93,0,123,97,1,221,32,161,120,1,314,430,0,430,744
06/12/2020,IWA,AZ,AWP,CE,Federal Contract Tower,41,23,17,0,81,0,98,41,0,139,41,121,58,0,220,218,0,218,438
06/13/2020,IWA,AZ,AWP,CE,Federal Contract Tower,36,26,10,4,76,0,74,62,0,136,36,100,72,4,212,175,0,175,387
06/14/2020,IWA,AZ,AWP,CE,Federal Contract Tower,32,18,12,0,62,0,53,44,0,97,32,71,56,0,159,64,0,64,223
06/15/2020,IWA,AZ,AWP,CE,Federal Contract Tower,35,21,23,0,79,0,119,53,1,173,35,140,76,1,252,217,0,217,469
06/16/2020,IWA,AZ,AWP,CE,Federal Contract Tower,9,31,26,3,69,0,102,65,14,181,9,133,91,17,250,410,2,412,662
06/17/2020,IWA,AZ,AWP,CE,Federal Contract Tower,20,35,26,2,83,0,93,79,0,172,20,128,105,2,255,327,8,335,590
06/18/2020,IWA,AZ,AWP,CE,Federal Contract Tower,33,30,26,0,89,0,92,100,4,196,33,122,126,4,285,532,15,547,832
06/19/2020,IWA,AZ,AWP,CE,Federal Contract Tower,42,40,29,0,111,0,121,98,0,219,42,161,127,0,330,423,0,423,753
06/20/2020,IWA,AZ,AWP,CE,Federal Contract Tower,39,23,21,0,83,0,58,94,0,152,39,81,115,0,235,352,0,352,587
06/21/2020,IWA,AZ,AWP,CE,Federal Contract Tower,29,14,18,0,61,0,45,81,0,126,29,59,99,0,187,129,0,129,316
06/22/2020,IWA,AZ,AWP,CE,Federal Contract Tower,35,40,45,2,122,0,143,94,3,240,35,183,139,5,362,582,0,582,944
06/23/2020,IWA,AZ,AWP,CE,Federal Contract Tower,8,31,27,4,70,0,87,99,6,192,8,118,126,10,262,343,9,352,614
06/24/2020,IWA,AZ,AWP,CE,Federal Contract Tower,22,30,55,4,111,0,122,122,4,248,22,152,177,8,359,576,13,589,948
06/25/2020,IWA,AZ,AWP,CE,Federal Contract Tower,32,42,38,2,114,0,125,123,9,257,32,167,161,11,371,433,14,447,818
06/26/2020,IWA,AZ,AWP,CE,Federal Contract Tower,39,32,45,5,121,0,110,110,4,224,39,142,155,9,345,370,0,370,715
06/27/2020,IWA,AZ,AWP,CE,Federal Contract Tower,38,32,12,0,82,0,78,78,0,156,38,110,90,0,238,386,0,386,624
06/28/2020,IWA,AZ,AWP,CE,Federal Contract Tower,31,10,9,0,50,0,48,64,0,112,31,58,73,0,162,214,0,214,376
06/29/2020,IWA,AZ,AWP,CE,Federal Contract Tower,37,32,33,4,106,0,85,78,0,163,37,117,111,4,269,368,0,368,637
06/30/2020,IWA,AZ,AWP,CE,Federal Contract Tower,10,33,31,4,78,0,136,118,1,255,10,169,149,5,333,517,5,522,855
07/01/2020,IWA,AZ,AWP,CE,Federal Contract Tower,31,36,35,1,103,0,111,103,1,215,31,147,138,2,318,317,0,317,635
07/02/2020,IWA,AZ,AWP,CE,Federal Contract Tower,35,38,47,0,120,0,118,110,0,228,35,156,157,0,348,369,1,370,718
07/03/2020,IWA,AZ,AWP,CE,Federal Contract Tower,38,35,28,0,101,0,99,105,0,204,38,134,133,0,305,402,0,402,707
07/04/2020,IWA,AZ,AWP,CE,Federal Contract Tower,30,18,9,0,57,0,24,38,0,62,30,42,47,0,119,44,0,44,163
07/05/2020,IWA,AZ,AWP,CE,Federal Contract Tower,33,13,7,0,53,0,35,73,0,108,33,48,80,0,161,78,0,78,239
07/06/2020,IWA,AZ,AWP,CE,Federal Contract Tower,34,41,32,1,108,0,96,76,2,174,34,137,108,3,282,269,0,269,551
07/07/2020,IWA,AZ,AWP,CE,Federal Contract Tower,28,25,44,1,98,0,86,96,2,184,28,111,140,3,282,319,2,321,603
07/08/2020,IWA,AZ,AWP,CE,Federal Contract Tower,28,29,42,8,107,0,106,93,2,201,28,135,135,10,308,380,6,386,694
07/09/2020,IWA,AZ,AWP,CE,Federal Contract Tower,35,42,43,3,123,0,98,97,0,195,35,140,140,3,318,415,0,415,733
07/10/2020,IWA,AZ,AWP,CE,Federal Contract Tower,41,32,33,0,106,0,97,82,3,182,41,129,115,3,288,285,0,285,573
07/11/2020,IWA,AZ,AWP,CE,Federal Contract Tower,28,28,24,0,80,0,52,56,0,108,28,80,80,0,188,120,0,120,308
07/12/2020,IWA,AZ,AWP,CE,Federal Contract Tower,34,13,9,2,58,0,35,36,0,71,34,48,45,2,129,132,0,132,261
07/13/2020,IWA,AZ,AWP,CE,Federal Contract Tower,37,24,32,2,95,0,128,139,6,273,37,152,171,8,368,321,1,322,690
07/14/2020,IWA,AZ,AWP,CE,Federal Contract Tower,11,27,16,0,54,0,120,124,0,244,11,147,140,0,298,329,0,329,627
07/15/2020,IWA,AZ,AWP,CE,Federal Contract Tower,32,19,19,0,70,0,145,102,2,249,32,164,121,2,319,399,0,399,718
07/16/2020,IWA,AZ,AWP,CE,Federal Contract Tower,38,26,27,0,91,0,124,76,0,200,38,150,103,0,291,296,0,296,587
07/17/2020,IWA,AZ,AWP,CE,Federal Contract Tower,35,40,25,2,102,0,110,103,3,216,35,150,128,5,318,410,9,419,737
07/18/2020,IWA,AZ,AWP,CE,Federal Contract Tower,31,32,26,0,89,0,88,60,0,148,31,120,86,0,237,208,0,208,445
07/19/2020,IWA,AZ,AWP,CE,Federal Contract Tower,35,23,20,0,78,0,38,37,0,75,35,61,57,0,153,71,0,71,224
07/20/2020,IWA,AZ,AWP,CE,Federal Contract Tower,40,45,30,0,115,0,119,90,0,209,40,164,120,0,324,373,0,373,697
07/21/2020,IWA,AZ,AWP,CE,Federal Contract Tower,9,42,37,2,90,0,110,110,4,224,9,152,147,6,314,482,19,501,815
07/22/2020,IWA,AZ,AWP,CE,Federal Contract Tower,31,34,21,3,89,0,96,85,2,183,31,130,106,5,272,372,5,377,649
07/23/2020,IWA,AZ,AWP,CE,Federal Contract Tower,39,9,18,6,72,0,60,67,1,128,39,69,85,7,200,261,0,261,461
07/24/2020,IWA,AZ,AWP,CE,Federal Contract Tower,34,23,22,2,81,0,113,123,0,236,34,136,145,2,317,394,8,402,719
07/25/2020,IWA,AZ,AWP,CE,Federal Contract Tower,30,16,15,8,69,0,74,77,0,151,30,90,92,8,220,228,0,228,448
07/26/2020,IWA,AZ,AWP,CE,Federal Contract Tower,35,25,14,0,74,0,57,49,0,106,35,82,63,0,180,107,0,107,287
07/27/2020,IWA,AZ,AWP,CE,Federal Contract Tower,39,21,21,7,88,0,112,79,0,191,39,133,100,7,279,407,10,417,696
07/28/2020,IWA,AZ,AWP,CE,Federal Contract Tower,8,32,29,0,69,0,120,120,5,245,8,152,149,5,314,395,0,395,709
07/29/2020,IWA,AZ,AWP,CE,Federal Contract Tower,28,56,30,1,115,0,134,110,6,250,28,190,140,7,365,441,0,441,806
07/30/2020,IWA,AZ,AWP,CE,Federal Contract Tower,34,30,40,9,113,0,126,94,4,224,34,156,134,13,337,385,6,391,728
07/31/2020,IWA,AZ,AWP,CE,Federal Contract Tower,34,21,41,0,96,0,86,83,1,170,34,107,124,1,266,320,0,320,586
08/01/2020,IWA,AZ,AWP,CE,Federal Contract Tower,32,23,24,0,79,0,48,50,0,98,32,71,74,0,177,156,0,156,333
08/02/2020,IWA,AZ,AWP,CE,Federal Contract Tower,34,15,13,0,62,0,49,46,0,95,34,64,59,0,157,161,0,161,318
08/03/2020,IWA,AZ,AWP,CE,Federal Contract Tower,41,16,19,2,78,0,71,122,1,194,41,87,141,3,272,336,0,336,608
08/04/2020,IWA,AZ,AWP,CE,Federal Contract Tower,14,40,31,5,90,0,91,116,1,208,14,131,147,6,298,419,3,422,720
08/05/2020,IWA,AZ,AWP,CE,Federal Contract Tower,26,15,20,6,67,0,61,99,7,167,26,76,119,13,234,442,12,454,688
08/06/2020,IWA,AZ,AWP,CE,Federal Contract Tower,40,48,39,1,128,0,96,131,3,230,40,144,170,4,358,314,0,314,672
08/07/2020,IWA,AZ,AWP,CE,Federal Contract Tower,40,35,30,2,107,0,82,120,2,204,40,117,150,4,311,261,0,261,572
08/08/2020,IWA,AZ,AWP,CE,Federal Contract Tower,40,20,24,0,84,0,43,63,5,111,40,63,87,5,195,223,0,223,418
08/09/2020,IWA,AZ,AWP,CE,Federal Contract Tower,34,15,11,0,60,0,25,41,2,68,34,40,52,2,128,177,0,177,305
08/10/2020,IWA,AZ,AWP,CE,Federal Contract Tower,43,38,32,9,122,0,99,128,16,243,43,137,160,25,365,284,8,292,657
08/11/2020,IWA,AZ,AWP,CE,Federal Contract Tower,12,29,28,0,69,0,120,121,0,241,12,149,149,0,310,291,0,291,601
08/12/2020,IWA,AZ,AWP,CE,Federal Contract Tower,23,48,28,2,101,0,150,121,2,273,23,198,149,4,374,366,6,372,746
08/13/2020,IWA,AZ,AWP,CE,Federal Contract Tower,39,36,28,0,103,0,131,139,6,276,39,167,167,6,379,358,8,366,745
08/14/2020,IWA,AZ,AWP,CE,Federal Contract Tower,36,28,34,0,98,0,150,107,6,263,36,178,141,6,361,370,1,371,732
08/15/2020,IWA,AZ,AWP,CE,Federal Contract Tower,38,25,26,0,89,0,111,74,16,201,38,136,100,16,290,278,0,278,568
08/16/2020,IWA,AZ,AWP,CE,Federal Contract Tower,35,12,8,0,55,0,58,49,4,111,35,70,57,4,166,153,0,153,319
08/17/2020,IWA,AZ,AWP,CE,Federal Contract Tower,39,9,16,1,65,0,109,102,1,212,39,118,118,2,277,189,0,189,466
08/18/2020,IWA,AZ,AWP,CE,Federal Contract Tower,19,17,32,0,68,0,128,127,5,260,19,145,159,5,328,407,2,409,737
08/19/2020,IWA,AZ,AWP,CE,Federal Contract Tower,6,39,36,3,84,0,180,141,2,323,6,219,177,5,407,515,6,521,928
08/20/2020,IWA,AZ,AWP,CE,Federal Contract Tower,44,25,30,0,99,0,97,105,0,202,44,122,135,0,301,294,0,294,595
08/21/2020,IWA,AZ,AWP,CE,Federal Contract Tower,34,55,52,1,142,0,176,167,2,345,34,231,219,3,487,274,0,274,761
08/22/2020,IWA,AZ,AWP,CE,Federal Contract Tower,6,28,28,1,63,0,123,111,8,242,6,151,139,9,305,337,0,337,642
08/23/2020,IWA,AZ,AWP,CE,Federal Contract Tower,43,21,16,1,81,0,78,58,6,142,43,99,74,7,223,255,0,255,478
08/24/2020,IWA,AZ,AWP,CE,Federal Contract Tower,26,17,16,1,60,0,129,139,0,268,26,146,155,1,328,431,0,431,759
08/25/2020,IWA,AZ,AWP,CE,Federal Contract Tower,15,23,36,6,80,0,120,161,1,282,15,143,197,7,362,452,5,457,819
08/26/2020,IWA,AZ,AWP,CE,Federal Contract Tower,9,25,43,7,84,0,153,166,3,322,9,178,209,10,406,473,4,477,883
08/27/2020,IWA,AZ,AWP,CE,Federal Contract Tower,39,25,57,11,132,0,133,134,1,268,39,158,191,12,400,247,11,258,658
08/28/2020,IWA,AZ,AWP,CE,Federal Contract Tower,31,38,38,0,107,0,161,152,7,320,31,199,190,7,427,479,0,479,906
08/29/2020,IWA,AZ,AWP,CE,Federal Contract Tower,4,24,30,2,60,0,106,133,8,247,4,130,163,10,307,322,0,322,629
08/30/2020,IWA,AZ,AWP,CE,Federal Contract Tower,40,23,17,0,80,0,56,49,15,120,40,79,66,15,200,187,0,187,387
08/31/2020,IWA,AZ,AWP,CE,Federal Contract Tower,29,29,39,6,103,0,194,151,1,346,29,223,190,7,449,564,0,564,1013
09/01/2020,IWA,AZ,AWP,CE,Federal Contract Tower,8,52,38,3,101,0,231,145,1,377,8,283,183,4,478,660,12,672,1150
09/02/2020,IWA,AZ,AWP,CE,Federal Contract Tower,10,57,44,2,113,0,243,127,5,375,10,300,171,7,488,595,2,597,1085
09/03/2020,IWA,AZ,AWP,CE,Federal Contract Tower,38,51,40,3,132,0,223,130,0,353,38,274,170,3,485,583,2,585,1070
09/04/2020,IWA,AZ,AWP,CE,Federal Contract Tower,33,23,46,5,107,0,151,124,2,277,33,174,170,7,384,330,0,330,714
09/05/2020,IWA,AZ,AWP,CE,Federal Contract Tower,10,10,15,0,35,0,88,67,2,157,10,98,82,2,192,271,0,271,463
09/06/2020,IWA,AZ,AWP,CE,Federal Contract Tower,35,25,12,0,72,0,83,56,0,139,35,108,68,0,211,168,0,168,379
09/07/2020,IWA,AZ,AWP,CE,Federal Contract Tower,36,30,42,1,109,0,154,120,5,279,36,184,162,6,388,325,0,325,713
09/08/2020,IWA,AZ,AWP,CE,Federal Contract Tower,7,30,28,1,66,0,149,74,1,224,7,179,102,2,290,410,0,410,700
09/09/2020,IWA,AZ,AWP,CE,Federal Contract Tower,12,32,44,8,96,0,230,180,17,427,12,262,224,25,523,758,0,758,1281
09/10/2020,IWA,AZ,AWP,CE,Federal Contract Tower,33,35,32,2,102,0,211,124,0,335,33,246,156,2,437,675,8,683,1120
09/11/2020,IWA,AZ,AWP,CE,Federal Contract Tower,32,40,45,2,119,0,172,124,7,303,32,212,169,9,422,480,3,483,905
09/12/2020,IWA,AZ,AWP,CE,Federal Contract Tower,6,25,24,4,59,0,117,83,13,213,6,142,107,17,272,362,0,362,634
09/13/2020,IWA,AZ,AWP,CE,Federal Contract Tower,32,7,13,0,52,0,76,83,6,165,32,83,96,6,217,477,0,477,694
09/14/2020,IWA,AZ,AWP,CE,Federal Contract Tower,29,12,24,0,65,0,109,109,0,218,29,121,133,0,283,452,0,452,735
09/15/2020,IWA,AZ,AWP,CE,Federal Contract Tower,7,50,43,2,102,0,180,182,0,362,7,230,225,2,464,582,0,582,1046
09/16/2020,IWA,AZ,AWP,CE,Federal Contract Tower,7,34,47,0,88,0,184,170,0,354,7,218,217,0,442,641,0,641,1083
09/17/2020,IWA,AZ,AWP,CE,Federal Contract Tower,40,30,45,9,124,0,187,124,0,311,40,217,169,9,435,673,0,673,1108
09/18/2020,IWA,AZ,AWP,CE,Federal Contract Tower,32,18,32,0,82,0,151,114,0,265,32,169,146,0,347,515,0,515,862
09/19/2020,IWA,AZ,AWP,CE,Federal Contract Tower,7,9,20,0,36,0,90,55,0,145,7,99,75,0,181,286,0,286,467
09/20/2020,IWA,AZ,AWP,CE,Federal Contract Tower,37,14,28,0,79,0,54,56,0,110,37,68,84,0,189,224,0,224,413
09/21/2020,IWA,AZ,AWP,CE,Federal Contract Tower,27,40,57,2,126,0,189,158,3,350,27,229,215,5,476,559,18,577,1053
09/22/2020,IWA,AZ,AWP,CE,Federal Contract Tower,10,51,44,2,107,0,202,159,4,365,10,253,203,6,472,766,0,766,1238
09/23/2020,IWA,AZ,AWP,CE,Federal Contract Tower,8,37,51,10,106,0,145,111,1,257,8,182,162,11,363,689,0,689,1052
09/24/2020,IWA,AZ,AWP,CE,Federal Contract Tower,39,45,28,8,120,0,147,181,4,332,39,192,209,12,452,690,11,701,1153
09/25/2020,IWA,AZ,AWP,CE,Federal Contract Tower,33,31,50,2,116,0,156,160,4,320,33,187,210,6,436,652,0,652,1088
09/26/2020,IWA,AZ,AWP,CE,Federal Contract Tower,9,22,31,1,63,0,91,120,3,214,9,113,151,4,277,362,0,362,639
09/27/2020,IWA,AZ,AWP,CE,Federal Contract Tower,36,22,20,1,79,0,58,75,1,134,36,80,95,2,213,318,0,318,531
09/28/2020,IWA,AZ,AWP,CE,Federal Contract Tower,32,24,33,5,94,0,143,106,1,250,32,167,139,6,344,595,0,595,939
09/29/2020,IWA,AZ,AWP,CE,Federal Contract Tower,11,24,41,0,76,0,165,155,1,321,11,189,196,1,397,698,0,698,1095
09/30/2020,IWA,AZ,AWP,CE,Federal Contract Tower,15,30,52,7,104,0,147,126,4,277,15,177,178,11,381,662,5,667,1048
10/01/2020,IWA,AZ,AWP,CE,Federal Contract Tower,41,32,40,4,117,0,145,111,2,258,41,177,151,6,375,695,10,705,1080
10/02/2020,IWA,AZ,AWP,CE,Federal Contract Tower,34,35,58,2,129,0,149,193,5,347,34,184,251,7,476,606,0,606,1082
10/03/2020,IWA,AZ,AWP,CE,Federal Contract Tower,17,23,22,0,62,0,92,61,3,156,17,115,83,3,218,265,0,265,483
10/04/2020,IWA,AZ,AWP,CE,Federal Contract Tower,43,17,17,2,79,0,45,44,0,89,43,62,61,2,168,284,0,284,452
10/05/2020,IWA,AZ,AWP,CE,Federal Contract Tower,34,27,44,0,105,0,153,125,2,280,34,180,169,2,385,753,0,753,1138
10/06/2020,IWA,AZ,AWP,CE,Federal Contract Tower,22,29,46,9,106,0,169,111,1,281,22,198,157,10,387,812,0,812,1199
10/07/2020,IWA,AZ,AWP,CE,Federal Contract Tower,26,27,39,2,94,0,153,122,2,277,26,180,161,4,371,716,14,730,1101
10/08/2020,IWA,AZ,AWP,CE,Federal Contract Tower,43,31,34,0,108,0,164,96,6,266,43,195,130,6,374,637,6,643,1017
10/09/2020,IWA,AZ,AWP,CE,Federal Contract Tower,33,20,33,1,87,0,146,118,3,267,33,166,151,4,354,580,1,581,935
10/10/2020,IWA,AZ,AWP,CE,Federal Contract Tower,22,21,20,4,67,0,108,106,7,221,22,129,126,11,288,336,4,340,628
10/11/2020,IWA,AZ,AWP,CE,Federal Contract Tower,45,14,21,0,80,0,63,73,0,136,45,77,94,0,216,303,0,303,519
10/12/2020,IWA,AZ,AWP,CE,Federal Contract Tower,32,24,40,3,99,0,171,95,0,266,32,195,135,3,365,490,0,490,855
10/13/2020,IWA,AZ,AWP,CE,Federal Contract Tower,18,33,55,3,109,0,145,126,0,271,18,178,181,3,380,663,0,663,1043
10/14/2020,IWA,AZ,AWP,CE,Federal Contract Tower,25,37,19,4,85,0,158,106,5,269,25,195,125,9,354,668,6,674,1028
10/15/2020,IWA,AZ,AWP,CE,Federal Contract Tower,42,30,51,9,132,0,159,178,4,341,42,189,229,13,473,754,7,761,1234
10/16/2020,IWA,AZ,AWP,CE,Federal Contract Tower,33,26,36,2,97,0,135,178,0,313,33,161,214,2,410,311,0,311,721
10/17/2020,IWA,AZ,AWP,CE,Federal Contract Tower,21,19,23,2,65,0,95,111,4,210,21,114,134,6,275,323,8,331,606
10/18/2020,IWA,AZ,AWP,CE,Federal Contract Tower,41,18,26,2,87,0,75,74,0,149,41,93,100,2,236,328,0,328,564
10/19/2020,IWA,AZ,AWP,CE,Federal Contract Tower,29,22,28,5,84,0,74,125,0,199,29,96,153,5,283,453,0,453,736
10/20/2020,IWA,AZ,AWP,CE,Federal Contract Tower,19,29,44,4,96,0,203,156,2,361,19,232,200,6,457,852,13,865,1322
10/21/2020,IWA,AZ,AWP,CE,Federal Contract Tower,20,32,40,1,93,0,180,173,1,354,20,212,213,2,447,917,18,935,1382
10/22/2020,IWA,AZ,AWP,CE,Federal Contract Tower,43,30,44,3,120,0,176,158,7,341,43,206,202,10,461,561,44,605,1066
10/23/2020,IWA,AZ,AWP,CE,Federal Contract Tower,32,31,50,3,116,0,151,145,4,300,32,182,195,7,416,444,14,458,874
10/24/2020,IWA,AZ,AWP,CE,Federal Contract Tower,21,21,22,0,64,0,113,85,2,200,21,134,107,2,264,425,0,425,689
10/25/2020,IWA,AZ,AWP,CE,Federal Contract Tower,44,20,20,3,87,0,66,52,2,120,44,86,72,5,207,252,4,256,463
10/26/2020,IWA,AZ,AWP,CE,Federal Contract Tower,29,24,49,0,102,0,138,98,0,236,29,162,147,0,338,435,0,435,773
10/27/2020,IWA,AZ,AWP,CE,Federal Contract Tower,18,21,50,5,94,0,166,148,1,315,18,187,198,6,409,768,19,787,1196
10/28/2020,IWA,AZ,AWP,CE,Federal Contract Tower,15,19,42,5,81,0,164,144,0,308,15,183,186,5,389,589,0,589,978
10/29/2020,IWA,AZ,AWP,CE,Federal Contract Tower,48,22,45,2,117,0,157,138,3,298,48,179,183,5,415,793,3,796,1211
10/30/2020,IWA,AZ,AWP,CE,Federal Contract Tower,40,28,40,3,111,0,160,131,1,292,40,188,171,4,403,656,0,656,1059
10/31/2020,IWA,AZ,AWP,CE,Federal Contract Tower,21,22,25,2,70,0,69,94,6,169,21,91,119,8,239,415,19,434,673
11/01/2020,IWA,AZ,AWP,CE,Federal Contract Tower,44,6,13,0,63,0,43,76,3,122,44,49,89,3,185,194,0,194,379
11/02/2020,IWA,AZ,AWP,CE,Federal Contract Tower,32,8,33,2,75,0,137,124,0,261,32,145,157,2,336,571,0,571,907
11/03/2020,IWA,AZ,AWP,CE,Federal Contract Tower,14,30,31,1,76,0,217,141,2,360,14,247,172,3,436,549,0,549,985
11/04/2020,IWA,AZ,AWP,CE,Federal Contract Tower,20,33,59,2,114,0,178,144,1,323,20,211,203,3,437,737,0,737,1174
11/05/2020,IWA,AZ,AWP,CE,Federal Contract Tower,43,14,24,6,87,0,138,144,0,282,43,152,168,6,369,509,6,515,884
11/06/2020,IWA,AZ,AWP,CE,Federal Contract Tower,32,30,44,0,106,0,147,127,1,275,32,177,171,1,381,747,4,751,1132
11/07/2020,IWA,AZ,AWP,CE,Federal Contract Tower,18,6,9,2,35,0,16,28,0,44,18,22,37,2,79,105,0,105,184
11/08/2020,IWA,AZ,AWP,CE,Federal Contract Tower,42,18,28,3,91,0,45,87,1,133,42,63,115,4,224,357,0,357,581
11/09/2020,IWA,AZ,AWP,CE,Federal Contract Tower,28,37,58,3,126,0,142,124,0,266,28,179,182,3,392,625,7,632,1024
11/10/2020,IWA,AZ,AWP,CE,Federal Contract Tower,10,33,33,0,76,0,162,146,0,308,10,195,179,0,384,820,0,820,1204
11/11/2020,IWA,AZ,AWP,CE,Federal Contract Tower,20,33,46,0,99,0,171,152,2,325,20,204,198,2,424,656,0,656,1080
11/12/2020,IWA,AZ,AWP,CE,Federal Contract Tower,46,40,30,6,122,0,163,143,3,309,46,203,173,9,431,773,0,773,1204
11/13/2020,IWA,AZ,AWP,CE,Federal Contract Tower,32,32,42,5,111,0,148,153,2,303,32,180,195,7,414,962,1,963,1377
11/14/2020,IWA,AZ,AWP,CE,Federal Contract Tower,22,32,37,2,93,0,99,83,3,185,22,131,120,5,278,526,2,528,806
11/15/2020,IWA,AZ,AWP,CE,Federal Contract Tower,45,14,10,2,71,0,55,88,0,143,45,69,98,2,214,377,0,377,591
11/16/2020,IWA,AZ,AWP,CE,Federal Contract Tower,29,22,16,1,68,0,148,148,1,297,29,170,164,2,365,590,0,590,955
11/17/2020,IWA,AZ,AWP,CE,Federal Contract Tower,10,29,23,0,62,0,149,151,1,301,10,178,174,1,363,660,0,660,1023
11/18/2020,IWA,AZ,AWP,CE,Federal Contract Tower,15,42,30,1,88,0,141,165,2,308,15,183,195,3,396,612,0,612,1008
11/19/2020,IWA,AZ,AWP,CE,Federal Contract Tower,40,37,28,3,108,0,146,123,3,272,40,183,151,6,380,597,2,599,979
11/20/2020,IWA,AZ,AWP,CE,Federal Contract Tower,37,38,45,3,123,0,143,145,1,289,37,181,190,4,412,569,0,569,981
11/21/2020,IWA,AZ,AWP,CE,Federal Contract Tower,22,31,39,0,92,0,102,82,5,189,22,133,121,5,281,352,0,352,633
11/22/2020,IWA,AZ,AWP,CE,Federal Contract Tower,46,15,16,0,77,0,57,72,5,134,46,72,88,5,211,264,0,264,475
11/23/2020,IWA,AZ,AWP,CE,Federal Contract Tower,31,43,41,3,118,0,158,124,0,282,31,201,165,3,400,470,0,470,870
11/24/2020,IWA,AZ,AWP,CE,Federal Contract Tower,58,48,41,3,150,0,129,93,3,225,58,177,134,6,375,533,5,538,913
11/25/2020,IWA,AZ,AWP,CE,Federal Contract Tower,48,35,36,2,121,0,140,82,0,222,48,175,118,2,343,347,0,347,690
11/26/2020,IWA,AZ,AWP,CE,Federal Contract Tower,22,11,5,0,38,0,6,21,0,27,22,17,26,0,65,49,0,49,114
11/27/2020,IWA,AZ,AWP,CE,Federal Contract Tower,29,22,20,0,71,0,91,46,0,137,29,113,66,0,208,318,0,318,526
11/28/2020,IWA,AZ,AWP,CE,Federal Contract Tower,42,27,21,0,90,0,92,62,0,154,42,119,83,0,244,330,0,330,574
11/29/2020,IWA,AZ,AWP,CE,Federal Contract Tower,52,30,22,0,104,0,56,67,3,126,52,86,89,3,230,255,0,255,485
11/30/2020,IWA,AZ,AWP,CE,Federal Contract Tower,40,25,32,0,97,0,124,96,3,223,40,149,128,3,320,444,0,444,764
12/01/2020,IWA,AZ,AWP,CE,Federal Contract Tower,7,39,30,6,82,0,155,111,0,266,7,194,141,6,348,680,0,680,1028
12/02/2020,IWA,AZ,AWP,CE,Federal Contract Tower,12,29,44,5,90,0,122,120,3,245,12,151,164,8,335,473,14,487,822
12/03/2020,IWA,AZ,AWP,CE,Federal Contract Tower,42,33,40,2,117,0,130,95,0,225,42,163,135,2,342,501,0,501,843
12/04/2020,IWA,AZ,AWP,CE,Federal Contract Tower,42,45,62,1,150,0,128,142,0,270,42,173,204,1,420,565,0,565,985
12/05/2020,IWA,AZ,AWP,CE,Federal Contract Tower,16,49,32,1,98,0,94,74,0,168,16,143,106,1,266,253,0,253,519
12/06/2020,IWA,AZ,AWP,CE,Federal Contract Tower,50,18,24,0,92,0,61,87,4,152,50,79,111,4,244,359,0,359,603
12/07/2020,IWA,AZ,AWP,CE,Federal Contract Tower,28,19,26,0,73,0,92,100,0,192,28,111,126,0,265,394,0,394,659
12/08/2020,IWA,AZ,AWP,CE,Federal Contract Tower,6,19,32,1,58,0,104,119,3,226,6,123,151,4,284,348,12,360,644
12/09/2020,IWA,AZ,AWP,CE,Federal Contract Tower,15,37,39,2,93,0,106,124,7,237,15,143,163,9,330,480,14,494,824
12/10/2020,IWA,AZ,AWP,CE,Federal Contract Tower,42,46,33,2,123,0,7,8,6,21,42,53,41,8,144,45,0,45,189
12/11/2020,IWA,AZ,AWP,CE,Federal Contract Tower,30,36,45,4,115,0,128,116,4,248,30,164,161,8,363,523,0,523,886
12/12/2020,IWA,AZ,AWP,CE,Federal Contract Tower,15,30,19,0,64,0,71,68,0,139,15,101,87,0,203,290,0,290,493
12/13/2020,IWA,AZ,AWP,CE,Federal Contract Tower,40,14,21,0,75,0,55,54,0,109,40,69,75,0,184,150,0,150,334
12/14/2020,IWA,AZ,AWP,CE,Federal Contract Tower,26,32,44,4,106,0,121,109,0,230,26,153,153,4,336,339,0,339,675
12/15/2020,IWA,AZ,AWP,CE,Federal Contract Tower,10,52,30,0,92,0,118,116,0,234,10,170,146,0,326,256,0,256,582
12/16/2020,IWA,AZ,AWP,CE,Federal Contract Tower,7,44,52,0,103,0,116,92,4,212,7,160,144,4,315,483,8,491,806
12/17/2020,IWA,AZ,AWP,CE,Federal Contract Tower,24,34,34,5,97,0,92,92,4,188,24,126,126,9,285,420,15,435,720
12/18/2020,IWA,AZ,AWP,CE,Federal Contract Tower,40,45,29,3,117,0,140,91,6,237,40,185,120,9,354,296,12,308,662
12/19/2020,IWA,AZ,AWP,CE,Federal Contract Tower,44,21,17,0,82,0,97,60,9,166,44,118,77,9,248,258,6,264,512
12/20/2020,IWA,AZ,AWP,CE,Federal Contract Tower,40,13,7,0,60,0,42,26,4,72,40,55,33,4,132,260,0,260,392
12/21/2020,IWA,AZ,AWP,CE,Federal Contract Tower,48,15,20,0,83,0,90,56,3,149,48,105,76,3,232,330,0,330,562
12/22/2020,IWA,AZ,AWP,CE,Federal Contract Tower,39,31,23,4,97,0,80,55,3,138,39,111,78,7,235,314,28,342,577
12/23/2020,IWA,AZ,AWP,CE,Federal Contract Tower,47,20,21,0,88,0,50,40,0,90,47,70,61,0,178,107,0,107,285
12/24/2020,IWA,AZ,AWP,CE,Federal Contract Tower,49,19,8,0,76,0,40,32,0,72,49,59,40,0,148,82,0,82,230
12/25/2020,IWA,AZ,AWP,CE,Federal Contract Tower,9,9,1,0,19,0,6,18,0,24,9,15,19,0,43,10,0,10,53
12/26/2020,IWA,AZ,AWP,CE,Federal Contract Tower,42,17,18,0,77,0,68,36,0,104,42,85,54,0,181,131,0,131,312
12/27/2020,IWA,AZ,AWP,CE,Federal Contract Tower,42,19,12,0,73,0,60,22,1,83,42,79,34,1,156,77,0,77,233
12/28/2020,IWA,AZ,AWP,CE,Federal Contract Tower,49,24,18,4,95,0,84,33,1,118,49,108,51,5,213,91,0,91,304
12/29/2020,IWA,AZ,AWP,CE,Federal Contract Tower,37,28,26,0,91,0,121,46,5,172,37,149,72,5,263,382,0,382,645
12/30/2020,IWA,AZ,AWP,CE,Federal Contract Tower,44,28,40,2,114,0,88,46,7,141,44,116,86,9,255,129,0,129,384
12/31/2020,IWA,AZ,AWP,CE,Federal Contract Tower,51,22,17,0,90,0,92,33,0,125,51,114,50,0,215,371,0,371,586
01/01/2021,IWA,AZ,AWP,CE,Federal Contract Tower,6,13,11,0,30,0,10,25,0,35,6,23,36,0,65,123,0,123,188
01/02/2021,IWA,AZ,AWP,CE,Federal Contract Tower,45,24,27,0,96,0,86,45,0,131,45,110,72,0,227,197,0,197,424
01/03/2021,IWA,AZ,AWP,CE,Federal Contract Tower,44,20,15,0,79,0,55,39,0,94,44,75,54,0,173,118,0,118,291
01/04/2021,IWA,AZ,AWP,CE,Federal Contract Tower,39,42,34,4,119,0,126,56,0,182,39,168,90,4,301,267,0,267,568
01/05/2021,IWA,AZ,AWP,CE,Federal Contract Tower,6,38,38,2,84,0,112,89,2,203,6,150,127,4,287,379,0,379,666
01/06/2021,IWA,AZ,AWP,CE,Federal Contract Tower,18,35,41,4,98,0,100,81,6,187,18,135,122,10,285,409,20,429,714
01/07/2021,IWA,AZ,AWP,CE,Federal Contract Tower,39,34,41,2,116,0,93,98,0,191,39,127,139,2,307,469,4,473,780
01/08/2021,IWA,AZ,AWP,CE,Federal Contract Tower,38,28,40,2,108,0,82,91,0,173,38,110,131,2,281,349,0,349,630
01/09/2021,IWA,AZ,AWP,CE,Federal Contract Tower,26,31,29,2,88,0,51,37,2,90,26,82,66,4,178,118,0,118,296
01/10/2021,IWA,AZ,AWP,CE,Federal Contract Tower,43,19,19,0,81,0,32,48,3,83,43,51,67,3,164,209,0,209,373
01/11/2021,IWA,AZ,AWP,CE,Federal Contract Tower,34,22,40,29,125,0,61,116,9,186,34,83,156,38,311,390,3,393,704
01/12/2021,IWA,AZ,AWP,CE,Federal Contract Tower,6,28,36,2,72,0,71,144,1,216,6,99,180,3,288,458,9,467,755
01/13/2021,IWA,AZ,AWP,CE,Federal Contract Tower,18,22,46,5,91,0,91,155,6,252,18,113,201,11,343,473,9,482,825
01/14/2021,IWA,AZ,AWP,CE,Federal Contract Tower,35,21,56,2,114,0,70,126,0,196,35,91,182,2,310,565,0,565,875
01/15/2021,IWA,AZ,AWP,CE,Federal Contract Tower,36,19,43,2,100,0,72,150,2,224,36,91,193,4,324,487,5,492,816
01/16/2021,IWA,AZ,AWP,CE,Federal Contract Tower,24,31,30,0,85,0,64,80,3,147,24,95,110,3,232,327,0,327,559
01/17/2021,IWA,AZ,AWP,CE,Federal Contract Tower,44,20,22,0,86,0,48,51,3,102,44,68,73,3,188,136,0,136,324
01/18/2021,IWA,AZ,AWP,CE,Federal Contract Tower,30,25,27,0,82,0,91,131,0,222,30,116,158,0,304,438,0,438,742
01/19/2021,IWA,AZ,AWP,CE,Federal Contract Tower,6,16,22,5,49,0,43,78,0,121,6,59,100,5,170,524,18,542,712
01/20/2021,IWA,AZ,AWP,CE,Federal Contract Tower,18,14,21,2,55,0,60,100,0,160,18,74,121,2,215,436,7,443,658
01/21/2021,IWA,AZ,AWP,CE,Federal Contract Tower,41,15,34,0,90,0,72,97,0,169,41,87,131,0,259,566,0,566,825
01/22/2021,IWA,AZ,AWP,CE,Federal Contract Tower,26,13,36,4,79,0,80,134,4,218,26,93,170,8,297,439,0,439,736
01/23/2021,IWA,AZ,AWP,CE,Federal Contract Tower,21,8,24,3,56,0,37,55,10,102,21,45,79,13,158,239,0,239,397
01/24/2021,IWA,AZ,AWP,CE,Federal Contract Tower,39,10,16,6,71,0,5,17,1,23,39,15,33,7,94,19,0,19,113
01/25/2021,IWA,AZ,AWP,CE,Federal Contract Tower,32,7,7,0,46,0,16,16,0,32,32,23,23,0,78,27,0,27,105
01/26/2021,IWA,AZ,AWP,CE,Federal Contract Tower,5,38,19,5,67,0,76,66,0,142,5,114,85,5,209,439,0,439,648
01/27/2021,IWA,AZ,AWP,CE,Federal Contract Tower,17,20,29,3,69,0,153,162,0,315,17,173,191,3,384,645,0,645,1029
01/28/2021,IWA,AZ,AWP,CE,Federal Contract Tower,39,10,31,2,82,0,122,147,0,269,39,132,178,2,351,721,0,721,1072
01/29/2021,IWA,AZ,AWP,CE,Federal Contract Tower,35,19,22,5,81,0,63,73,1,137,35,82,95,6,218,333,0,333,551
01/30/2021,IWA,AZ,AWP,CE,Federal Contract Tower,23,15,28,0,66,0,117,85,11,213,23,132,113,11,279,342,2,344,623
01/31/2021,IWA,AZ,AWP,CE,Federal Contract Tower,39,22,24,0,85,0,69,87,6,162,39,91,111,6,247,189,0,189,436
02/01/2021,IWA,AZ,AWP,CE,Federal Contract Tower,28,26,43,5,102,0,153,104,2,259,28,179,147,7,361,549,17,566,927
02/02/2021,IWA,AZ,AWP,CE,Federal Contract Tower,6,30,46,6,88,0,179,147,3,329,6,209,193,9,417,735,8,743,1160
02/03/2021,IWA,AZ,AWP,CE,Federal Contract Tower,18,25,41,0,84,0,138,125,0,263,18,163,166,0,347,560,0,560,907
02/04/2021,IWA,AZ,AWP,CE,Federal Contract Tower,40,27,47,10,124,0,140,123,0,263,40,167,170,10,387,558,21,579,966
02/05/2021,IWA,AZ,AWP,CE,Federal Contract Tower,34,20,45,2,101,0,156,143,2,301,34,176,188,4,402,408,0,408,810
02/06/2021,IWA,AZ,AWP,CE,Federal Contract Tower,21,25,35,3,84,0,69,63,1,133,21,94,98,4,217,284,0,284,501
02/07/2021,IWA,AZ,AWP,CE,Federal Contract Tower,41,11,27,0,79,0,46,58,0,104,41,57,85,0,183,180,0,180,363
02/08/2021,IWA,AZ,AWP,CE,Federal Contract Tower,32,19,54,2,107,0,134,166,0,300,32,153,220,2,407,479,0,479,886
02/09/2021,IWA,AZ,AWP,CE,Federal Contract Tower,5,24,36,2,67,0,148,121,6,275,5,172,157,8,342,478,25,503,845
02/10/2021,IWA,AZ,AWP,CE,Federal Contract Tower,37,24,39,28,128,0,153,141,7,301,37,177,180,35,429,354,74,428,857
02/11/2021,IWA,AZ,AWP,CE,Federal Contract Tower,49,29,47,25,150,0,161,143,17,321,49,190,190,42,471,562,56,618,1089
02/12/2021,IWA,AZ,AWP,CE,Federal Contract Tower,53,13,39,18,123,0,124,127,12,263,53,137,166,30,386,421,24,445,831
02/13/2021,IWA,AZ,AWP,CE,Federal Contract Tower,40,12,15,2,69,0,56,73,13,142,40,68,88,15,211,169,1,170,381
02/14/2021,IWA,AZ,AWP,CE,Federal Contract Tower,53,18,18,7,96,0,58,74,8,140,53,76,92,15,236,170,20,190,426
02/15/2021,IWA,AZ,AWP,CE,Federal Contract Tower,42,21,38,5,106,0,139,156,8,303,42,160,194,13,409,464,45,509,918
02/16/2021,IWA,AZ,AWP,CE,Federal Contract Tower,30,22,46,6,104,0,102,154,4,260,30,124,200,10,364,450,17,467,831
02/17/2021,IWA,AZ,AWP,CE,Federal Contract Tower,35,31,51,8,125,0,115,140,5,260,35,146,191,13,385,412,9,421,806
02/18/2021,IWA,AZ,AWP,CE,Federal Contract Tower,48,35,46,7,136,0,132,146,4,282,48,167,192,11,418,540,29,569,987
02/19/2021,IWA,AZ,AWP,CE,Federal Contract Tower,59,35,54,14,162,0,106,144,8,258,59,141,198,22,420,477,34,511,931
02/20/2021,IWA,AZ,AWP,CE,Federal Contract Tower,37,12,36,6,91,0,73,64,11,148,37,85,100,17,239,254,36,290,529
02/21/2021,IWA,AZ,AWP,CE,Federal Contract Tower,54,22,35,5,116,0,38,85,4,127,54,60,120,9,243,235,72,307,550
02/22/2021,IWA,AZ,AWP,CE,Federal Contract Tower,56,18,59,5,138,0,124,143,4,271,56,142,202,9,409,500,1,501,910
02/23/2021,IWA,AZ,AWP,CE,Federal Contract Tower,31,37,45,8,121,0,164,145,0,309,31,201,190,8,430,667,25,692,1122
02/24/2021,IWA,AZ,AWP,CE,Federal Contract Tower,36,36,50,1,123,0,139,179,4,322,36,175,229,5,445,525,14,539,984
02/25/2021,IWA,AZ,AWP,CE,Federal Contract Tower,52,23,36,9,120,0,132,138,1,271,52,155,174,10,391,530,0,530,921
02/26/2021,IWA,AZ,AWP,CE,Federal Contract Tower,57,32,51,14,154,0,115,143,11,269,57,147,194,25,423,464,1,465,888
02/27/2021,IWA,AZ,AWP,CE,Federal Contract Tower,49,21,29,15,114,0,65,98,7,170,49,86,127,22,284,387,0,387,671
02/28/2021,IWA,AZ,AWP,CE,Federal Contract Tower,60,20,27,11,118,5,28,54,6,93,65,48,81,17,211,88,15,103,314
03/01/2021,IWA,AZ,AWP,CE,Federal Contract Tower,50,27,32,9,118,0,145,150,3,298,50,172,182,12,416,422,0,422,838
03/02/2021,IWA,AZ,AWP,CE,Federal Contract Tower,28,8,40,3,79,0,128,114,18,260,28,136,154,21,339,385,2,387,726
03/03/2021,IWA,AZ,AWP,CE,Federal Contract Tower,58,13,33,0,104,0,73,108,4,185,58,86,141,4,289,278,0,278,567
03/04/2021,IWA,AZ,AWP,CE,Federal Contract Tower,60,30,54,2,146,2,146,198,3,349,62,176,252,5,495,458,5,463,958
03/05/2021,IWA,AZ,AWP,CE,Federal Contract Tower,57,42,60,15,174,0,150,155,10,315,57,192,215,25,489,485,17,502,991
03/06/2021,IWA,AZ,AWP,CE,Federal Contract Tower,64,11,14,4,93,0,49,46,7,102,64,60,60,11,195,187,3,190,385
03/07/2021,IWA,AZ,AWP,CE,Federal Contract Tower,54,11,15,18,98,0,50,60,1,111,54,61,75,19,209,354,1,355,564
03/08/2021,IWA,AZ,AWP,CE,Federal Contract Tower,53,32,47,5,137,0,113,121,0,234,53,145,168,5,371,383,0,383,754
03/09/2021,IWA,AZ,AWP,CE,Federal Contract Tower,41,23,44,0,108,0,81,86,0,167,41,104,130,0,275,337,0,337,612
03/10/2021,IWA,AZ,AWP,CE,Federal Contract Tower,60,41,48,0,149,0,159,148,0,307,60,200,196,0,456,410,0,410,866
03/11/2021,IWA,AZ,AWP,CE,Federal Contract Tower,51,25,37,15,128,0,155,173,4,332,51,180,210,19,460,558,11,569,1029
03/12/2021,IWA,AZ,AWP,CE,Federal Contract Tower,58,12,26,5,101,0,53,58,3,114,58,65,84,8,215,325,8,333,548
03/13/2021,IWA,AZ,AWP,CE,Federal Contract Tower,76,17,17,2,112,0,49,34,2,85,76,66,51,4,197,166,0,166,363
03/14/2021,IWA,AZ,AWP,CE,Federal Contract Tower,54,22,37,9,122,0,47,69,0,116,54,69,106,9,238,217,0,217,455
03/15/2021,IWA,AZ,AWP,CE,Federal Contract Tower,47,25,34,11,117,0,104,145,2,251,47,129,179,13,368,522,4,526,894
03/16/2021,IWA,AZ,AWP,CE,Federal Contract Tower,50,31,55,3,139,0,104,145,0,249,50,135,200,3,388,634,0,634,1022
03/17/2021,IWA,AZ,AWP,CE,Federal Contract Tower,59,33,56,5,153,0,112,147,1,260,59,145,203,6,413,508,0,508,921
03/18/2021,IWA,AZ,AWP,CE,Federal Contract Tower,51,35,53,9,148,0,118,152,1,271,51,153,205,10,419,650,14,664,1083
03/19/2021,IWA,AZ,AWP,CE,Federal Contract Tower,57,37,48,8,150,0,126,164,2,292,57,163,212,10,442,568,19,587,1029
03/20/2021,IWA,AZ,AWP,CE,Federal Contract Tower,80,23,24,1,128,0,73,63,0,136,80,96,87,1,264,308,0,308,572
03/21/2021,IWA,AZ,AWP,CE,Federal Contract Tower,57,27,19,5,108,0,53,56,0,109,57,80,75,5,217,292,0,292,509
03/22/2021,IWA,AZ,AWP,CE,Federal Contract Tower,52,43,50,2,147,0,123,122,3,248,52,166,172,5,395,374,8,382,777
03/23/2021,IWA,AZ,AWP,CE,Federal Contract Tower,42,22,51,12,127,0,88,132,3,223,42,110,183,15,350,452,22,474,824
03/24/2021,IWA,AZ,AWP,CE,Federal Contract Tower,52,31,38,5,126,0,125,156,5,286,52,156,194,10,412,663,0,663,1075
03/25/2021,IWA,AZ,AWP,CE,Federal Contract Tower,54,16,20,4,94,0,51,85,1,137,54,67,105,5,231,250,26,276,507
03/26/2021,IWA,AZ,AWP,CE,Federal Contract Tower,54,28,42,3,127,0,67,102,0,169,54,95,144,3,296,430,19,449,745
03/27/2021,IWA,AZ,AWP,CE,Federal Contract Tower,62,29,40,4,135,0,74,87,0,161,62,103,127,4,296,397,0,397,693
03/28/2021,IWA,AZ,AWP,CE,Federal Contract Tower,54,16,44,5,119,0,61,88,1,150,54,77,132,6,269,297,5,302,571
03/29/2021,IWA,AZ,AWP,CE,Federal Contract Tower,44,40,62,6,152,0,104,134,2,240,44,144,196,8,392,598,8,606,998
03/30/2021,IWA,AZ,AWP,CE,Federal Contract Tower,30,41,54,6,131,0,122,172,3,297,30,163,226,9,428,773,14,787,1215
03/31/2021,IWA,AZ,AWP,CE,Federal Contract Tower,41,38,59,4,142,0,110,165,7,282,41,148,224,11,424,663,0,663,1087
04/01/2021,IWA,AZ,AWP,CE,Federal Contract Tower,56,13,23,4,96,0,43,81,2,126,56,56,104,6,222,322,14,336,558
04/02/2021,IWA,AZ,AWP,CE,Federal Contract Tower,59,34,50,6,149,0,91,142,0,233,59,125,192,6,382,549,2,551,933
04/03/2021,IWA,AZ,AWP,CE,Federal Contract Tower,50,17,18,3,88,0,43,100,0,143,50,60,118,3,231,269,28,297,528
04/04/2021,IWA,AZ,AWP,CE,Federal Contract Tower,52,8,20,1,81,0,21,44,0,65,52,29,64,1,146,47,0,47,193
04/05/2021,IWA,AZ,AWP,CE,Federal Contract Tower,51,30,49,7,137,0,86,123,0,209,51,116,172,7,346,354,0,354,700
04/06/2021,IWA,AZ,AWP,CE,Federal Contract Tower,25,25,65,1,116,0,92,147,1,240,25,117,212,2,356,480,0,480,836
04/07/2021,IWA,AZ,AWP,CE,Federal Contract Tower,45,31,46,0,122,0,122,183,2,307,45,153,229,2,429,690,0,690,1119
04/08/2021,IWA,AZ,AWP,CE,Federal Contract Tower,50,45,51,2,148,0,107,150,0,257,50,152,201,2,405,493,6,499,904
04/09/2021,IWA,AZ,AWP,CE,Federal Contract Tower,52,33,49,10,144,0,101,121,0,222,52,134,170,10,366,369,12,381,747
04/10/2021,IWA,AZ,AWP,CE,Federal Contract Tower,42,20,30,2,94,0,70,86,11,167,42,90,116,13,261,283,2,285,546
04/11/2021,IWA,AZ,AWP,CE,Federal Contract Tower,52,15,27,4,98,0,42,52,7,101,52,57,79,11,199,170,0,170,369
04/12/2021,IWA,AZ,AWP,CE,Federal Contract Tower,52,31,54,18,155,0,105,142,24,271,52,136,196,42,426,636,4,640,1066
04/13/2021,IWA,AZ,AWP,CE,Federal Contract Tower,16,27,45,26,114,0,125,124,19,268,16,152,169,45,382,430,66,496,878
04/14/2021,IWA,AZ,AWP,CE,Federal Contract Tower,18,29,42,44,133,0,79,142,27,248,18,108,184,71,381,410,24,434,815
04/15/2021,IWA,AZ,AWP,CE,Federal Contract Tower,44,30,40,29,143,0,103,131,8,242,44,133,171,37,385,582,33,615,1000
04/16/2021,IWA,AZ,AWP,CE,Federal Contract Tower,42,48,42,20,152,0,110,142,8,260,42,158,184,28,412,587,12,599,1011
04/17/2021,IWA,AZ,AWP,CE,Federal Contract Tower,26,30,31,15,102,0,69,85,8,162,26,99,116,23,264,386,4,390,654
04/18/2021,IWA,AZ,AWP,CE,Federal Contract Tower,40,5,14,5,64,0,26,34,5,65,40,31,48,10,129,80,0,80,209
04/19/2021,IWA,AZ,AWP,CE,Federal Contract Tower,41,27,50,12,130,0,117,153,1,271,41,144,203,13,401,434,0,434,835
04/20/2021,IWA,AZ,AWP,CE,Federal Contract Tower,11,37,39,15,102,0,108,119,4,231,11,145,158,19,333,564,22,586,919
04/21/2021,IWA,AZ,AWP,CE,Federal Contract Tower,20,10,22,10,62,0,46,81,2,129,20,56,103,12,191,185,9,194,385
04/22/2021,IWA,AZ,AWP,CE,Federal Contract Tower,39,29,47,17,132,0,108,140,11,259,39,137,187,28,391,574,19,593,984
04/23/2021,IWA,AZ,AWP,CE,Federal Contract Tower,43,35,45,21,144,0,90,127,3,220,43,125,172,24,364,423,7,430,794
04/24/2021,IWA,AZ,AWP,CE,Federal Contract Tower,20,25,34,8,87,0,74,93,7,174,20,99,127,15,261,298,1,299,560
04/25/2021,IWA,AZ,AWP,CE,Federal Contract Tower,44,12,31,2,89,0,45,90,0,135,44,57,121,2,224,201,0,201,425
04/26/2021,IWA,AZ,AWP,CE,Federal Contract Tower,39,26,54,7,126,0,120,97,8,225,39,146,151,15,351,385,0,385,736
04/27/2021,IWA,AZ,AWP,CE,Federal Contract Tower,14,32,32,3,81,0,125,103,2,230,14,157,135,5,311,676,0,676,987
04/28/2021,IWA,AZ,AWP,CE,Federal Contract Tower,17,17,25,14,73,0,97,94,10,201,17,114,119,24,274,467,14,481,755
04/29/2021,IWA,AZ,AWP,CE,Federal Contract Tower,41,18,52,10,121,0,94,98,2,194,41,112,150,12,315,486,0,486,801
04/30/2021,IWA,AZ,AWP,CE,Federal Contract Tower,45,15,36,5,101,0,102,90,0,192,45,117,126,5,293,350,0,350,643
05/01/2021,IWA,AZ,AWP,CE,Federal Contract Tower,18,24,20,2,64,0,114,53,7,174,18,138,73,9,238,279,14,293,531
05/02/2021,IWA,AZ,AWP,CE,Federal Contract Tower,40,16,21,2,79,0,40,72,0,112,40,56,93,2,191,121,0,121,312
05/03/2021,IWA,AZ,AWP,CE,Federal Contract Tower,46,47,29,0,122,0,133,96,0,229,46,180,125,0,351,534,0,534,885
05/04/2021,IWA,AZ,AWP,CE,Federal Contract Tower,12,48,47,4,111,0,145,123,1,269,12,193,170,5,380,433,0,433,813
05/05/2021,IWA,AZ,AWP,CE,Federal Contract Tower,17,32,44,6,99,0,112,128,4,244,17,144,172,10,343,407,20,427,770
05/06/2021,IWA,AZ,AWP,CE,Federal Contract Tower,42,35,33,2,112,0,118,118,3,239,42,153,151,5,351,535,7,542,893
05/07/2021,IWA,AZ,AWP,CE,Federal Contract Tower,57,44,48,6,155,0,140,102,1,243,57,184,150,7,398,371,6,377,775
05/08/2021,IWA,AZ,AWP,CE,Federal Contract Tower,19,35,23,0,77,0,106,91,1,198,19,141,114,1,275,339,0,339,614
05/09/2021,IWA,AZ,AWP,CE,Federal Contract Tower,39,28,19,1,87,0,51,79,0,130,39,79,98,1,217,148,0,148,365
05/10/2021,IWA,AZ,AWP,CE,Federal Contract Tower,43,40,43,16,142,0,135,103,1,239,43,175,146,17,381,436,33,469,850
05/11/2021,IWA,AZ,AWP,CE,Federal Contract Tower,15,32,34,4,85,0,134,113,2,249,15,166,147,6,334,386,156,542,876
05/12/2021,IWA,AZ,AWP,CE,Federal Contract Tower,19,39,48,6,112,0,106,96,1,203,19,145,144,7,315,509,0,509,824
05/13/2021,IWA,AZ,AWP,CE,Federal Contract Tower,41,25,30,4,100,0,87,76,0,163,41,112,106,4,263,506,0,506,769
05/14/2021,IWA,AZ,AWP,CE,Federal Contract Tower,48,32,28,24,132,0,118,115,2,235,48,150,143,26,367,533,8,541,908
05/15/2021,IWA,AZ,AWP,CE,Federal Contract Tower,19,21,16,1,57,0,53,45,2,100,19,74,61,3,157,131,0,131,288
05/16/2021,IWA,AZ,AWP,CE,Federal Contract Tower,43,11,12,4,70,0,47,45,0,92,43,58,57,4,162,238,0,238,400
05/17/2021,IWA,AZ,AWP,CE,Federal Contract Tower,44,16,35,10,105,0,70,131,4,205,44,86,166,14,310,382,0,382,692
05/18/2021,IWA,AZ,AWP,CE,Federal Contract Tower,13,31,48,22,114,0,88,127,8,223,13,119,175,30,337,465,10,475,812
05/19/2021,IWA,AZ,AWP,CE,Federal Contract Tower,18,36,49,13,116,0,145,118,2,265,18,181,167,15,381,425,23,448,829
05/20/2021,IWA,AZ,AWP,CE,Federal Contract Tower,39,21,31,16,107,0,110,103,2,215,39,131,134,18,322,424,9,433,755
05/21/2021,IWA,AZ,AWP,CE,Federal Contract Tower,41,28,32,12,113,1,84,65,5,155,42,112,97,17,268,287,0,287,555
05/22/2021,IWA,AZ,AWP,CE,Federal Contract Tower,17,16,23,3,59,0,78,75,5,158,17,94,98,8,217,276,1,277,494
05/23/2021,IWA,AZ,AWP,CE,Federal Contract Tower,47,17,34,3,101,0,58,93,2,153,47,75,127,5,254,280,6,286,540
05/24/2021,IWA,AZ,AWP,CE,Federal Contract Tower,41,38,34,6,119,0,109,113,0,222,41,147,147,6,341,457,8,465,806
05/25/2021,IWA,AZ,AWP,CE,Federal Contract Tower,11,33,31,4,79,0,141,143,6,290,11,174,174,10,369,628,0,628,997
05/26/2021,IWA,AZ,AWP,CE,Federal Contract Tower,31,29,42,0,102,0,117,126,4,247,31,146,168,4,349,432,0,432,781
05/27/2021,IWA,AZ,AWP,CE,Federal Contract Tower,33,30,55,3,121,0,109,91,3,203,33,139,146,6,324,536,21,557,881
05/28/2021,IWA,AZ,AWP,CE,Federal Contract Tower,45,20,38,2,105,0,67,118,0,185,45,87,156,2,290,301,0,301,591
05/29/2021,IWA,AZ,AWP,CE,Federal Contract Tower,38,15,10,1,64,0,56,48,0,104,38,71,58,1,168,142,0,142,310
05/30/2021,IWA,AZ,AWP,CE,Federal Contract Tower,42,11,11,2,66,0,21,46,0,67,42,32,57,2,133,143,0,143,276
05/31/2021,IWA,AZ,AWP,CE,Federal Contract Tower,41,24,22,0,87,0,75,52,0,127,41,99,74,0,214,227,0,227,441
06/01/2021,IWA,AZ,AWP,CE,Federal Contract Tower,18,32,27,11,88,2,88,76,2,168,20,120,103,13,256,415,28,443,699
06/02/2021,IWA,AZ,AWP,CE,Federal Contract Tower,38,37,34,2,111,2,111,127,4,244,40,148,161,6,355,365,10,375,730
06/03/2021,IWA,AZ,AWP,CE,Federal Contract Tower,38,23,27,3,91,6,96,102,8,212,44,119,129,11,303,517,4,521,824
06/04/2021,IWA,AZ,AWP,CE,Federal Contract Tower,48,35,35,3,121,0,124,145,1,270,48,159,180,4,391,486,0,486,877
06/05/2021,IWA,AZ,AWP,CE,Federal Contract Tower,40,21,28,1,90,7,76,123,1,207,47,97,151,2,297,231,0,231,528
06/06/2021,IWA,AZ,AWP,CE,Federal Contract Tower,43,8,13,2,66,7,37,100,2,146,50,45,113,4,212,143,14,157,369
06/07/2021,IWA,AZ,AWP,CE,Federal Contract Tower,42,16,19,0,77,0,76,145,0,221,42,92,164,0,298,416,0,416,714
06/08/2021,IWA,AZ,AWP,CE,Federal Contract Tower,28,20,29,5,82,17,108,149,1,275,45,128,178,6,357,512,14,526,883
06/09/2021,IWA,AZ,AWP,CE,Federal Contract Tower,37,24,30,2,93,34,123,131,1,289,71,147,161,3,382,437,6,443,825
06/10/2021,IWA,AZ,AWP,CE,Federal Contract Tower,37,28,28,5,98,13,117,167,1,298,50,145,195,6,396,387,0,387,783
06/11/2021,IWA,AZ,AWP,CE,Federal Contract Tower,41,26,35,2,104,3,96,144,0,243,44,122,179,2,347,432,0,432,779
06/12/2021,IWA,AZ,AWP,CE,Federal Contract Tower,44,19,16,2,81,0,86,90,0,176,44,105,106,2,257,221,0,221,478
06/13/2021,IWA,AZ,AWP,CE,Federal Contract Tower,39,5,15,3,62,0,28,61,0,89,39,33,76,3,151,123,0,123,274
06/14/2021,IWA,AZ,AWP,CE,Federal Contract Tower,40,19,29,4,92,0,98,132,5,235,40,117,161,9,327,240,0,240,567
06/15/2021,IWA,AZ,AWP,CE,Federal Contract Tower,29,10,26,3,68,0,109,106,5,220,29,119,132,8,288,303,10,313,601
06/16/2021,IWA,AZ,AWP,CE,Federal Contract Tower,38,21,31,1,91,30,92,143,3,268,68,113,174,4,359,349,0,349,708
06/17/2021,IWA,AZ,AWP,CE,Federal Contract Tower,37,19,22,2,80,3,73,103,3,182,40,92,125,5,262,481,6,487,749
06/18/2021,IWA,AZ,AWP,CE,Federal Contract Tower,41,18,25,0,84,10,68,106,3,187,51,86,131,3,271,345,0,345,616
06/19/2021,IWA,AZ,AWP,CE,Federal Contract Tower,45,21,16,0,82,13,69,62,0,144,58,90,78,0,226,205,0,205,431
06/20/2021,IWA,AZ,AWP,CE,Federal Contract Tower,40,10,16,0,66,14,43,50,0,107,54,53,66,0,173,119,0,119,292
06/21/2021,IWA,AZ,AWP,CE,Federal Contract Tower,39,24,37,2,102,15,100,106,1,222,54,124,143,3,324,302,2,304,628
06/22/2021,IWA,AZ,AWP,CE,Federal Contract Tower,24,31,23,4,82,3,72,107,1,183,27,103,130,5,265,461,2,463,728
06/23/2021,IWA,AZ,AWP,CE,Federal Contract Tower,41,30,24,0,95,1,90,77,2,170,42,120,101,2,265,437,0,437,702
06/24/2021,IWA,AZ,AWP,CE,Federal Contract Tower,34,29,32,3,98,1,106,145,2,254,35,135,177,5,352,563,8,571,923
06/25/2021,IWA,AZ,AWP,CE,Federal Contract Tower,47,32,28,3,110,12,82,100,0,194,59,114,128,3,304,454,0,454,758
06/26/2021,IWA,AZ,AWP,CE,Federal Contract Tower,45,16,20,2,83,2,49,54,0,105,47,65,74,2,188,305,0,305,493
06/27/2021,IWA,AZ,AWP,CE,Federal Contract Tower,39,11,18,2,70,2,29,60,0,91,41,40,78,2,161,148,0,148,309
06/28/2021,IWA,AZ,AWP,CE,Federal Contract Tower,39,16,11,2,68,0,90,53,4,147,39,106,64,6,215,127,5,132,347
06/29/2021,IWA,AZ,AWP,CE,Federal Contract Tower,32,17,27,2,78,0,71,113,1,185,32,88,140,3,263,495,0,495,758
06/30/2021,IWA,AZ,AWP,CE,Federal Contract Tower,42,24,35,2,103,7,98,105,2,212,49,122,140,4,315,447,2,449,764
07/01/2021,IWA,AZ,AWP,CE,Federal Contract Tower,36,27,27,7,97,10,88,111,1,210,46,115,138,8,307,425,0,425,732
07/02/2021,IWA,AZ,AWP,CE,Federal Contract Tower,43,21,25,2,91,0,50,72,0,122,43,71,97,2,213,278,0,278,491
07/03/2021,IWA,AZ,AWP,CE,Federal Contract Tower,47,7,20,1,75,3,27,60,0,90,50,34,80,1,165,114,0,114,279
07/04/2021,IWA,AZ,AWP,CE,Federal Contract Tower,37,4,3,0,44,0,20,39,0,59,37,24,42,0,103,99,0,99,202
07/05/2021,IWA,AZ,AWP,CE,Federal Contract Tower,38,11,27,0,76,0,50,83,0,133,38,61,110,0,209,305,0,305,514
07/06/2021,IWA,AZ,AWP,CE,Federal Contract Tower,30,12,20,1,63,4,54,108,0,166,34,66,128,1,229,497,0,497,726
07/07/2021,IWA,AZ,AWP,CE,Federal Contract Tower,42,17,41,6,106,1,108,105,0,214,43,125,146,6,320,380,4,384,704
07/08/2021,IWA,AZ,AWP,CE,Federal Contract Tower,36,29,42,15,122,1,70,98,33,202,37,99,140,48,324,492,0,492,816
07/09/2021,IWA,AZ,AWP,CE,Federal Contract Tower,45,29,33,7,114,0,78,100,8,186,45,107,133,15,300,463,19,482,782
07/10/2021,IWA,AZ,AWP,CE,Federal Contract Tower,44,10,19,0,73,0,15,73,2,90,44,25,92,2,163,290,0,290,453
07/11/2021,IWA,AZ,AWP,CE,Federal Contract Tower,39,9,17,3,68,0,21,54,0,75,39,30,71,3,143,172,0,172,315
07/12/2021,IWA,AZ,AWP,CE,Federal Contract Tower,39,20,31,4,94,0,28,85,2,115,39,48,116,6,209,333,4,337,546
07/13/2021,IWA,AZ,AWP,CE,Federal Contract Tower,32,14,35,7,88,0,57,79,0,136,32,71,114,7,224,280,0,280,504
07/14/2021,IWA,AZ,AWP,CE,Federal Contract Tower,39,21,19,3,82,0,44,42,2,88,39,65,61,5,170,413,5,418,588
07/15/2021,IWA,AZ,AWP,CE,Federal Contract Tower,34,21,23,0,78,0,76,96,3,175,34,97,119,3,253,457,6,463,716
07/16/2021,IWA,AZ,AWP,CE,Federal Contract Tower,42,20,28,1,91,0,52,54,1,107,42,72,82,2,198,242,0,242,440
07/17/2021,IWA,AZ,AWP,CE,Federal Contract Tower,40,15,22,1,78,0,79,82,0,161,40,94,104,1,239,305,0,305,544
07/18/2021,IWA,AZ,AWP,CE,Federal Contract Tower,35,8,22,2,67,0,13,43,0,56,35,21,65,2,123,188,0,188,311
07/19/2021,IWA,AZ,AWP,CE,Federal Contract Tower,35,26,27,2,90,0,82,101,0,183,35,108,128,2,273,514,0,514,787
07/20/2021,IWA,AZ,AWP,CE,Federal Contract Tower,30,22,29,9,90,0,86,106,2,194,30,108,135,11,284,494,7,501,785
07/21/2021,IWA,AZ,AWP,CE,Federal Contract Tower,41,18,27,5,91,0,72,133,0,205,41,90,160,5,296,463,9,472,768
07/22/2021,IWA,AZ,AWP,CE,Federal Contract Tower,35,26,35,5,101,0,97,81,0,178,35,123,116,5,279,353,74,427,706
07/23/2021,IWA,AZ,AWP,CE,Federal Contract Tower,34,10,27,0,71,0,14,13,2,29,34,24,40,2,100,98,0,98,198
07/24/2021,IWA,AZ,AWP,CE,Federal Contract Tower,39,25,17,2,83,0,14,15,0,29,39,39,32,2,112,88,0,88,200
07/25/2021,IWA,AZ,AWP,CE,Federal Contract Tower,38,14,24,2,78,0,7,14,2,23,38,21,38,4,101,55,0,55,156
07/26/2021,IWA,AZ,AWP,CE,Federal Contract Tower,38,26,45,2,111,0,124,116,0,240,38,150,161,2,351,381,0,381,732
07/27/2021,IWA,AZ,AWP,CE,Federal Contract Tower,25,25,44,5,99,0,100,90,5,195,25,125,134,10,294,419,16,435,729
07/28/2021,IWA,AZ,AWP,CE,Federal Contract Tower,39,26,28,9,102,0,131,144,15,290,39,157,172,24,392,540,38,578,970
07/29/2021,IWA,AZ,AWP,CE,Federal Contract Tower,37,17,35,4,93,0,83,79,0,162,37,100,114,4,255,525,0,525,780
07/30/2021,IWA,AZ,AWP,CE,Federal Contract Tower,47,16,25,6,94,0,69,83,2,154,47,85,108,8,248,406,10,416,664
07/31/2021,IWA,AZ,AWP,CE,Federal Contract Tower,44,19,18,0,81,0,74,59,0,133,44,93,77,0,214,301,0,301,515
08/01/2021,IWA,AZ,AWP,CE,Federal Contract Tower,39,16,20,1,76,0,29,24,0,53,39,45,44,1,129,156,0,156,285
08/02/2021,IWA,AZ,AWP,CE,Federal Contract Tower,41,23,27,0,91,0,82,83,0,165,41,105,110,0,256,427,0,427,683
08/03/2021,IWA,AZ,AWP,CE,Federal Contract Tower,20,15,22,0,57,0,86,90,7,183,20,101,112,7,240,406,6,412,652
08/04/2021,IWA,AZ,AWP,CE,Federal Contract Tower,32,17,26,7,82,0,65,93,2,160,32,82,119,9,242,356,4,360,602
08/05/2021,IWA,AZ,AWP,CE,Federal Contract Tower,36,15,40,4,95,0,88,77,7,172,36,103,117,11,267,398,6,404,671
08/06/2021,IWA,AZ,AWP,CE,Federal Contract Tower,46,19,24,0,89,0,110,84,0,194,46,129,108,0,283,375,0,375,658
08/07/2021,IWA,AZ,AWP,CE,Federal Contract Tower,37,21,19,9,86,0,76,53,3,132,37,97,72,12,218,216,3,219,437
08/08/2021,IWA,AZ,AWP,CE,Federal Contract Tower,40,17,18,2,77,0,61,36,0,97,40,78,54,2,174,137,0,137,311
08/09/2021,IWA,AZ,AWP,CE,Federal Contract Tower,38,18,21,0,77,0,42,71,0,113,38,60,92,0,190,374,0,374,564
08/10/2021,IWA,AZ,AWP,CE,Federal Contract Tower,14,9,27,2,52,0,50,78,4,132,14,59,105,6,184,397,2,399,583
08/11/2021,IWA,AZ,AWP,CE,Federal Contract Tower,31,26,31,4,92,0,71,88,2,161,31,97,119,6,253,353,2,355,608
08/12/2021,IWA,AZ,AWP,CE,Federal Contract Tower,41,21,39,5,106,0,62,85,2,149,41,83,124,7,255,560,4,564,819
08/13/2021,IWA,AZ,AWP,CE,Federal Contract Tower,41,18,28,2,89,0,85,131,0,216,41,103,159,2,305,435,0,435,740
08/14/2021,IWA,AZ,AWP,CE,Federal Contract Tower,32,11,23,1,67,0,38,53,1,92,32,49,76,2,159,374,0,374,533
08/15/2021,IWA,AZ,AWP,CE,Federal Contract Tower,36,7,19,3,65,0,32,46,0,78,36,39,65,3,143,218,0,218,361
08/16/2021,IWA,AZ,AWP,CE,Federal Contract Tower,36,15,27,0,78,0,89,112,0,201,36,104,139,0,279,366,0,366,645
08/17/2021,IWA,AZ,AWP,CE,Federal Contract Tower,8,10,28,0,46,0,72,104,0,176,8,82,132,0,222,679,0,679,901
08/18/2021,IWA,AZ,AWP,CE,Federal Contract Tower,11,18,32,2,63,0,48,59,2,109,11,66,91,4,172,274,0,274,446
08/19/2021,IWA,AZ,AWP,CE,Federal Contract Tower,46,16,32,2,96,0,60,106,2,168,46,76,138,4,264,462,4,466,730
08/20/2021,IWA,AZ,AWP,CE,Federal Contract Tower,35,11,25,0,71,0,66,113,0,179,35,77,138,0,250,465,0,465,715
08/21/2021,IWA,AZ,AWP,CE,Federal Contract Tower,14,11,15,0,40,0,50,65,2,117,14,61,80,2,157,210,0,210,367
08/22/2021,IWA,AZ,AWP,CE,Federal Contract Tower,45,4,24,0,73,0,26,48,0,74,45,30,72,0,147,204,0,204,351
08/23/2021,IWA,AZ,AWP,CE,Federal Contract Tower,33,16,25,3,77,0,67,87,2,156,33,83,112,5,233,358,0,358,591
08/24/2021,IWA,AZ,AWP,CE,Federal Contract Tower,13,23,25,1,62,0,97,123,1,221,13,120,148,2,283,468,0,468,751
08/25/2021,IWA,AZ,AWP,CE,Federal Contract Tower,12,17,24,7,60,0,93,113,1,207,12,110,137,8,267,347,0,347,614
08/26/2021,IWA,AZ,AWP,CE,Federal Contract Tower,48,14,34,1,97,1,81,85,5,172,49,95,119,6,269,355,16,371,640
08/27/2021,IWA,AZ,AWP,CE,Federal Contract Tower,33,6,28,19,86,0,85,111,0,196,33,91,139,19,282,387,0,387,669
08/28/2021,IWA,AZ,AWP,CE,Federal Contract Tower,15,8,12,0,35,0,63,65,0,128,15,71,77,0,163,321,0,321,484
08/29/2021,IWA,AZ,AWP,CE,Federal Contract Tower,47,6,12,0,65,0,27,40,0,67,47,33,52,0,132,102,0,102,234
08/30/2021,IWA,AZ,AWP,CE,Federal Contract Tower,32,31,23,0,86,0,122,104,0,226,32,153,127,0,312,512,0,512,824
08/31/2021,IWA,AZ,AWP,CE,Federal Contract Tower,14,18,23,3,58,0,104,109,3,216,14,122,132,6,274,324,31,355,629
09/01/2021,IWA,AZ,AWP,CE,Federal Contract Tower,14,24,47,2,87,0,65,76,0,141,14,89,123,2,228,270,6,276,504
09/02/2021,IWA,AZ,AWP,CE,Federal Contract Tower,47,22,40,5,114,0,121,99,3,223,47,143,139,8,337,432,6,438,775
09/03/2021,IWA,AZ,AWP,CE,Federal Contract Tower,35,26,28,3,92,0,112,103,5,220,35,138,131,8,312,264,0,264,576
09/04/2021,IWA,AZ,AWP,CE,Federal Contract Tower,12,18,22,0,52,0,86,83,0,169,12,104,105,0,221,449,0,449,670
09/05/2021,IWA,AZ,AWP,CE,Federal Contract Tower,44,9,16,0,69,0,32,104,0,136,44,41,120,0,205,153,0,153,358
09/06/2021,IWA,AZ,AWP,CE,Federal Contract Tower,40,5,12,1,58,0,81,81,0,162,40,86,93,1,220,290,0,290,510
09/07/2021,IWA,AZ,AWP,CE,Federal Contract Tower,11,24,43,2,80,0,109,106,6,221,11,133,149,8,301,493,35,528,829
09/08/2021,IWA,AZ,AWP,CE,Federal Contract Tower,17,29,35,2,83,0,142,144,2,288,17,171,179,4,371,578,0,578,949
09/09/2021,IWA,AZ,AWP,CE,Federal Contract Tower,42,15,25,0,82,0,99,96,0,195,42,114,121,0,277,416,0,416,693
09/10/2021,IWA,AZ,AWP,CE,Federal Contract Tower,32,6,37,0,75,0,79,86,1,166,32,85,123,1,241,322,0,322,563
09/11/2021,IWA,AZ,AWP,CE,Federal Contract Tower,13,18,18,0,49,0,72,82,0,154,13,90,100,0,203,351,0,351,554
09/12/2021,IWA,AZ,AWP,CE,Federal Contract Tower,48,13,15,0,76,0,27,53,0,80,48,40,68,0,156,120,0,120,276
09/13/2021,IWA,AZ,AWP,CE,Federal Contract Tower,27,20,24,5,76,0,80,107,1,188,27,100,131,6,264,573,0,573,837
09/14/2021,IWA,AZ,AWP,CE,Federal Contract Tower,12,22,21,0,55,0,89,112,0,201,12,111,133,0,256,646,0,646,902
09/15/2021,IWA,AZ,AWP,CE,Federal Contract Tower,11,35,35,0,81,0,97,116,0,213,11,132,151,0,294,503,0,503,797
09/16/2021,IWA,AZ,AWP,CE,Federal Contract Tower,51,13,35,2,101,0,81,130,2,213,51,94,165,4,314,536,4,540,854
09/17/2021,IWA,AZ,AWP,CE,Federal Contract Tower,37,21,25,0,83,0,75,122,2,199,37,96,147,2,282,476,6,482,764
09/18/2021,IWA,AZ,AWP,CE,Federal Contract Tower,13,5,23,0,41,0,33,62,0,95,13,38,85,0,136,309,0,309,445
09/19/2021,IWA,AZ,AWP,CE,Federal Contract Tower,44,17,24,0,85,0,39,41,0,80,44,56,65,0,165,307,0,307,472
09/20/2021,IWA,AZ,AWP,CE,Federal Contract Tower,33,24,29,0,86,0,76,147,0,223,33,100,176,0,309,512,0,512,821
09/21/2021,IWA,AZ,AWP,CE,Federal Contract Tower,12,25,24,0,61,0,103,120,1,224,12,128,144,1,285,640,0,640,925
09/22/2021,IWA,AZ,AWP,CE,Federal Contract Tower,13,24,20,7,64,0,97,109,1,207,13,121,129,8,271,384,0,384,655
09/23/2021,IWA,AZ,AWP,CE,Federal Contract Tower,46,15,13,23,97,0,89,113,6,208,46,104,126,29,305,458,0,458,763
09/24/2021,IWA,AZ,AWP,CE,Federal Contract Tower,38,18,27,18,101,0,52,53,1,106,38,70,80,19,207,168,0,168,375
09/25/2021,IWA,AZ,AWP,CE,Federal Contract Tower,13,12,21,0,46,0,41,76,0,117,13,53,97,0,163,340,0,340,503
09/26/2021,IWA,AZ,AWP,CE,Federal Contract Tower,44,7,12,0,63,0,3,8,0,11,44,10,20,0,74,0,0,0,74
09/27/2021,IWA,AZ,AWP,CE,Federal Contract Tower,32,27,30,0,89,0,87,111,0,198,32,114,141,0,287,641,0,641,928
09/28/2021,IWA,AZ,AWP,CE,Federal Contract Tower,14,19,26,6,65,0,68,135,2,205,14,87,161,8,270,569,0,569,839
09/29/2021,IWA,AZ,AWP,CE,Federal Contract Tower,18,29,31,12,90,0,95,150,0,245,18,124,181,12,335,536,14,550,885
09/30/2021,IWA,AZ,AWP,CE,Federal Contract Tower,48,15,27,2,92,0,74,106,4,184,48,89,133,6,276,517,0,517,793
10/01/2021,IWA,AZ,AWP,CE,Federal Contract Tower,40,27,30,13,110,0,94,143,3,240,40,121,173,16,350,537,4,541,891
10/02/2021,IWA,AZ,AWP,CE,Federal Contract Tower,22,11,33,3,69,0,53,88,4,145,22,64,121,7,214,317,0,317,531
10/03/2021,IWA,AZ,AWP,CE,Federal Contract Tower,46,6,16,9,77,0,13,63,14,90,46,19,79,23,167,247,0,247,414
10/04/2021,IWA,AZ,AWP,CE,Federal Contract Tower,32,20,20,8,80,0,62,88,23,173,32,82,108,31,253,465,0,465,718
10/05/2021,IWA,AZ,AWP,CE,Federal Contract Tower,18,19,34,0,71,0,56,73,0,129,18,75,107,0,200,503,0,503,703
10/06/2021,IWA,AZ,AWP,CE,Federal Contract Tower,26,41,40,2,109,0,106,152,5,263,26,147,192,7,372,685,0,685,1057
10/07/2021,IWA,AZ,AWP,CE,Federal Contract Tower,53,27,29,9,118,0,93,130,8,231,53,120,159,17,349,592,19,611,960
10/08/2021,IWA,AZ,AWP,CE,Federal Contract Tower,35,21,38,2,96,0,69,134,0,203,35,90,172,2,299,626,0,626,925
10/09/2021,IWA,AZ,AWP,CE,Federal Contract Tower,33,7,13,0,53,0,47,74,1,122,33,54,87,1,175,429,0,429,604
10/10/2021,IWA,AZ,AWP,CE,Federal Contract Tower,48,3,23,0,74,0,23,67,3,93,48,26,90,3,167,338,0,338,505
10/11/2021,IWA,AZ,AWP,CE,Federal Contract Tower,33,9,22,2,66,0,62,73,2,137,33,71,95,4,203,308,14,322,525
10/12/2021,IWA,AZ,AWP,CE,Federal Contract Tower,25,28,37,3,93,0,82,73,1,156,25,110,110,4,249,439,0,439,688
10/13/2021,IWA,AZ,AWP,CE,Federal Contract Tower,25,25,27,8,85,1,106,153,16,276,26,131,180,24,361,643,0,643,1004
10/14/2021,IWA,AZ,AWP,CE,Federal Contract Tower,51,28,40,8,127,0,126,141,17,284,51,154,181,25,411,682,0,682,1093
10/15/2021,IWA,AZ,AWP,CE,Federal Contract Tower,33,31,25,2,91,0,78,124,0,202,33,109,149,2,293,322,0,322,615
10/16/2021,IWA,AZ,AWP,CE,Federal Contract Tower,36,7,14,0,57,0,24,92,21,137,36,31,106,21,194,268,1,269,463
10/17/2021,IWA,AZ,AWP,CE,Federal Contract Tower,46,18,20,4,88,0,44,79,0,123,46,62,99,4,211,285,0,285,496
10/18/2021,IWA,AZ,AWP,CE,Federal Contract Tower,31,18,30,0,79,0,72,96,0,168,31,90,126,0,247,318,0,318,565
10/19/2021,IWA,AZ,AWP,CE,Federal Contract Tower,23,35,33,3,94,0,100,123,4,227,23,135,156,7,321,763,0,763,1084
10/20/2021,IWA,AZ,AWP,CE,Federal Contract Tower,23,36,36,4,99,0,112,149,0,261,23,148,185,4,360,603,0,603,963
10/21/2021,IWA,AZ,AWP,CE,Federal Contract Tower,49,34,40,0,123,0,95,146,5,246,49,129,186,5,369,425,8,433,802
10/22/2021,IWA,AZ,AWP,CE,Federal Contract Tower,37,27,41,3,108,0,61,144,2,207,37,88,185,5,315,627,3,630,945
10/23/2021,IWA,AZ,AWP,CE,Federal Contract Tower,29,5,26,0,60,0,38,90,1,129,29,43,116,1,189,380,0,380,569
10/24/2021,IWA,AZ,AWP,CE,Federal Contract Tower,39,9,27,0,75,0,37,90,0,127,39,46,117,0,202,127,0,127,329
10/25/2021,IWA,AZ,AWP,CE,Federal Contract Tower,35,24,20,2,81,0,68,87,2,157,35,92,107,4,238,371,0,371,609
10/26/2021,IWA,AZ,AWP,CE,Federal Contract Tower,20,31,40,3,94,0,84,131,3,218,20,115,171,6,312,579,2,581,893
10/27/2021,IWA,AZ,AWP,CE,Federal Contract Tower,25,34,27,3,89,0,123,158,4,285,25,157,185,7,374,628,9,637,1011
10/28/2021,IWA,AZ,AWP,CE,Federal Contract Tower,51,29,38,2,120,0,72,139,6,217,51,101,177,8,337,548,16,564,901
10/29/2021,IWA,AZ,AWP,CE,Federal Contract Tower,36,10,27,0,73,0,67,114,1,182,36,77,141,1,255,486,0,486,741
10/30/2021,IWA,AZ,AWP,CE,Federal Contract Tower,29,12,32,0,73,0,32,96,1,129,29,44,128,1,202,336,0,336,538
10/31/2021,IWA,AZ,AWP,CE,Federal Contract Tower,41,16,25,0,82,0,44,54,0,98,41,60,79,0,180,273,0,273,453
11/01/2021,IWA,AZ,AWP,CE,Federal Contract Tower,34,18,33,4,89,0,74,98,0,172,34,92,131,4,261,588,1,589,850
11/02/2021,IWA,AZ,AWP,CE,Federal Contract Tower,22,32,40,5,99,0,82,179,2,263,22,114,219,7,362,565,0,565,927
11/03/2021,IWA,AZ,AWP,CE,Federal Contract Tower,25,32,27,0,84,0,112,145,2,259,25,144,172,2,343,491,14,505,848
11/04/2021,IWA,AZ,AWP,CE,Federal Contract Tower,47,8,36,2,93,0,95,119,0,214,47,103,155,2,307,420,0,420,727
11/05/2021,IWA,AZ,AWP,CE,Federal Contract Tower,39,23,51,7,120,0,68,155,0,223,39,91,206,7,343,374,0,374,717
11/06/2021,IWA,AZ,AWP,CE,Federal Contract Tower,23,16,22,0,61,0,64,73,2,139,23,80,95,2,200,253,0,253,453
11/07/2021,IWA,AZ,AWP,CE,Federal Contract Tower,45,12,34,4,95,0,31,63,2,96,45,43,97,6,191,251,0,251,442
11/08/2021,IWA,AZ,AWP,CE,Federal Contract Tower,34,23,35,4,96,0,94,126,0,220,34,117,161,4,316,546,0,546,862
11/09/2021,IWA,AZ,AWP,CE,Federal Contract Tower,22,26,52,7,107,0,84,140,4,228,22,110,192,11,335,600,4,604,939
11/10/2021,IWA,AZ,AWP,CE,Federal Contract Tower,20,28,44,6,98,0,83,140,3,226,20,111,184,9,324,530,9,539,863
11/11/2021,IWA,AZ,AWP,CE,Federal Contract Tower,45,35,45,4,129,0,75,122,2,199,45,110,167,6,328,469,0,469,797
11/12/2021,IWA,AZ,AWP,CE,Federal Contract Tower,36,25,30,3,94,0,72,123,2,197,36,97,153,5,291,522,0,522,813
11/13/2021,IWA,AZ,AWP,CE,Federal Contract Tower,22,11,23,4,60,0,52,95,0,147,22,63,118,4,207,278,0,278,485
11/14/2021,IWA,AZ,AWP,CE,Federal Contract Tower,49,7,30,0,86,0,37,98,0,135,49,44,128,0,221,127,0,127,348
11/15/2021,IWA,AZ,AWP,CE,Federal Contract Tower,36,21,38,4,99,0,69,127,0,196,36,90,165,4,295,489,8,497,792
11/16/2021,IWA,AZ,AWP,CE,Federal Contract Tower,21,26,28,2,77,0,79,129,0,208,21,105,157,2,285,564,28,592,877
11/17/2021,IWA,AZ,AWP,CE,Federal Contract Tower,19,33,37,3,92,0,91,138,2,231,19,124,175,5,323,508,38,546,869
11/18/2021,IWA,AZ,AWP,CE,Federal Contract Tower,54,22,43,11,130,0,77,133,2,212,54,99,176,13,342,461,13,474,816
11/19/2021,IWA,AZ,AWP,CE,Federal Contract Tower,42,12,34,3,91,0,76,108,1,185,42,88,142,4,276,545,4,549,825
11/20/2021,IWA,AZ,AWP,CE,Federal Contract Tower,22,17,31,1,71,0,40,91,0,131,22,57,122,1,202,365,0,365,567
11/21/2021,IWA,AZ,AWP,CE,Federal Contract Tower,54,15,27,5,101,0,44,49,0,93,54,59,76,5,194,129,8,137,331
11/22/2021,IWA,AZ,AWP,CE,Federal Contract Tower,47,10,26,7,90,0,73,118,2,193,47,83,144,9,283,462,18,480,763
11/23/2021,IWA,AZ,AWP,CE,Federal Contract Tower,60,19,51,0,130,0,92,100,0,192,60,111,151,0,322,538,0,538,860
11/24/2021,IWA,AZ,AWP,CE,Federal Contract Tower,59,17,33,2,111,0,77,96,0,173,59,94,129,2,284,470,0,470,754
11/25/2021,IWA,AZ,AWP,CE,Federal Contract Tower,29,2,3,0,34,0,4,9,0,13,29,6,12,0,47,0,0,0,47
11/26/2021,IWA,AZ,AWP,CE,Federal Contract Tower,31,6,16,0,53,0,45,56,0,101,31,51,72,0,154,156,0,156,310
11/27/2021,IWA,AZ,AWP,CE,Federal Contract Tower,43,9,21,0,73,0,45,47,0,92,43,54,68,0,165,255,0,255,420
11/28/2021,IWA,AZ,AWP,CE,Federal Contract Tower,53,7,32,0,92,0,22,76,0,98,53,29,108,0,190,209,0,209,399
11/29/2021,IWA,AZ,AWP,CE,Federal Contract Tower,62,25,28,0,115,0,91,141,0,232,62,116,169,0,347,408,0,408,755
11/30/2021,IWA,AZ,AWP,CE,Federal Contract Tower,12,19,21,2,54,0,77,93,2,172,12,96,114,4,226,507,0,507,733
12/01/2021,IWA,AZ,AWP,CE,Federal Contract Tower,9,24,35,6,74,0,86,118,3,207,9,110,153,9,281,532,10,542,823
12/02/2021,IWA,AZ,AWP,CE,Federal Contract Tower,53,18,39,2,112,0,89,96,1,186,53,107,135,3,298,542,0,542,840
12/03/2021,IWA,AZ,AWP,CE,Federal Contract Tower,39,17,38,5,99,0,74,142,0,216,39,91,180,5,315,486,0,486,801
12/04/2021,IWA,AZ,AWP,CE,Federal Contract Tower,20,13,36,2,71,0,35,82,0,117,20,48,118,2,188,330,0,330,518
12/05/2021,IWA,AZ,AWP,CE,Federal Contract Tower,54,6,27,6,93,0,30,76,4,110,54,36,103,10,203,241,0,241,444
12/06/2021,IWA,AZ,AWP,CE,Federal Contract Tower,47,25,36,1,109,0,76,113,2,191,47,101,149,3,300,473,0,473,773
12/07/2021,IWA,AZ,AWP,CE,Federal Contract Tower,12,13,32,2,59,0,95,126,0,221,12,108,158,2,280,720,0,720,1000
12/08/2021,IWA,AZ,AWP,CE,Federal Contract Tower,13,26,55,4,98,0,79,125,0,204,13,105,180,4,302,574,0,574,876
12/09/2021,IWA,AZ,AWP,CE,Federal Contract Tower,45,11,46,3,105,0,62,98,6,166,45,73,144,9,271,400,0,400,671
12/10/2021,IWA,AZ,AWP,CE,Federal Contract Tower,44,20,33,3,100,0,66,88,0,154,44,86,121,3,254,343,6,349,603
12/11/2021,IWA,AZ,AWP,CE,Federal Contract Tower,26,4,18,3,51,0,29,98,3,130,26,33,116,6,181,419,3,422,603
12/12/2021,IWA,AZ,AWP,CE,Federal Contract Tower,54,4,32,6,96,0,28,74,3,105,54,32,106,9,201,281,0,281,482
12/13/2021,IWA,AZ,AWP,CE,Federal Contract Tower,42,12,27,2,83,0,55,110,2,167,42,67,137,4,250,423,0,423,673
12/14/2021,IWA,AZ,AWP,CE,Federal Contract Tower,12,17,29,2,60,0,88,88,7,183,12,105,117,9,243,412,24,436,679
12/15/2021,IWA,AZ,AWP,CE,Federal Contract Tower,23,13,36,7,79,0,78,112,4,194,23,91,148,11,273,530,10,540,813
12/16/2021,IWA,AZ,AWP,CE,Federal Contract Tower,56,13,45,14,128,0,80,126,1,207,56,93,171,15,335,450,2,452,787
12/17/2021,IWA,AZ,AWP,CE,Federal Contract Tower,58,20,34,7,119,0,76,140,2,218,58,96,174,9,337,483,4,487,824
12/18/2021,IWA,AZ,AWP,CE,Federal Contract Tower,38,12,29,1,80,0,35,73,2,110,38,47,102,3,190,251,0,251,441
12/19/2021,IWA,AZ,AWP,CE,Federal Contract Tower,58,15,34,6,113,0,42,55,4,101,58,57,89,10,214,286,0,286,500
12/20/2021,IWA,AZ,AWP,CE,Federal Contract Tower,59,15,36,3,113,0,82,71,3,156,59,97,107,6,269,420,0,420,689
12/21/2021,IWA,AZ,AWP,CE,Federal Contract Tower,43,12,38,2,95,0,76,86,1,163,43,88,124,3,258,395,2,397,655
12/22/2021,IWA,AZ,AWP,CE,Federal Contract Tower,61,18,32,2,113,0,90,79,0,169,61,108,111,2,282,354,0,354,636
12/23/2021,IWA,AZ,AWP,CE,Federal Contract Tower,57,18,39,2,116,0,39,64,3,106,57,57,103,5,222,185,6,191,413
12/24/2021,IWA,AZ,AWP,CE,Federal Contract Tower,55,9,6,0,70,0,0,1,0,1,55,9,7,0,71,0,0,0,71
12/25/2021,IWA,AZ,AWP,CE,Federal Contract Tower,22,4,3,0,29,0,11,0,0,11,22,15,3,0,40,0,0,0,40
12/26/2021,IWA,AZ,AWP,CE,Federal Contract Tower,51,1,11,0,63,0,14,23,0,37,51,15,34,0,100,57,0,57,157
12/27/2021,IWA,AZ,AWP,CE,Federal Contract Tower,49,7,19,0,75,0,29,37,0,66,49,36,56,0,141,128,0,128,269
12/28/2021,IWA,AZ,AWP,CE,Federal Contract Tower,45,6,21,5,77,0,26,17,3,46,45,32,38,8,123,249,0,249,372
12/29/2021,IWA,AZ,AWP,CE,Federal Contract Tower,51,8,17,1,77,0,21,53,6,80,51,29,70,7,157,203,0,203,360
12/30/2021,IWA,AZ,AWP,CE,Federal Contract Tower,48,4,19,2,73,0,21,45,0,66,48,25,64,2,139,135,0,135,274
12/31/2021,IWA,AZ,AWP,CE,Federal Contract Tower,48,3,12,0,63,0,3,6,0,9,48,6,18,0,72,20,0,20,92
01/01/2022,IWA,AZ,AWP,CE,Federal Contract Tower,29,5,7,0,41,0,18,22,0,40,29,23,29,0,81,40,0,40,121
01/02/2022,IWA,AZ,AWP,CE,Federal Contract Tower,49,9,14,0,72,0,28,44,0,72,49,37,58,0,144,98,0,98,242
01/03/2022,IWA,AZ,AWP,CE,Federal Contract Tower,53,10,29,0,92,0,45,76,0,121,53,55,105,0,213,415,0,415,628
01/04/2022,IWA,AZ,AWP,CE,Federal Contract Tower,11,19,27,1,58,0,58,81,2,141,11,77,108,3,199,285,0,285,484
01/05/2022,IWA,AZ,AWP,CE,Federal Contract Tower,27,20,29,2,78,0,67,71,0,138,27,87,100,2,216,411,15,426,642
01/06/2022,IWA,AZ,AWP,CE,Federal Contract Tower,47,17,23,2,89,0,56,97,2,155,47,73,120,4,244,258,0,258,502
01/07/2022,IWA,AZ,AWP,CE,Federal Contract Tower,51,21,28,5,105,0,57,114,0,171,51,78,142,5,276,449,5,454,730
01/08/2022,IWA,AZ,AWP,CE,Federal Contract Tower,29,12,20,4,65,0,36,56,1,93,29,48,76,5,158,180,0,180,338
01/09/2022,IWA,AZ,AWP,CE,Federal Contract Tower,53,15,14,10,92,0,14,50,17,81,53,29,64,27,173,112,0,112,285
01/10/2022,IWA,AZ,AWP,CE,Federal Contract Tower,57,9,22,10,98,0,52,84,36,172,57,61,106,46,270,297,24,321,591
01/11/2022,IWA,AZ,AWP,CE,Federal Contract Tower,9,14,40,1,64,0,72,101,0,173,9,86,141,1,237,434,0,434,671
01/12/2022,IWA,AZ,AWP,CE,Federal Contract Tower,25,13,35,2,75,0,82,160,4,246,25,95,195,6,321,546,20,566,887
01/13/2022,IWA,AZ,AWP,CE,Federal Contract Tower,53,15,38,8,114,0,72,103,11,186,53,87,141,19,300,390,3,393,693
01/14/2022,IWA,AZ,AWP,CE,Federal Contract Tower,51,6,35,6,98,0,28,105,11,144,51,34,140,17,242,407,8,415,657
01/15/2022,IWA,AZ,AWP,CE,Federal Contract Tower,29,6,27,0,62,0,39,62,14,115,29,45,89,14,177,233,0,233,410
01/16/2022,IWA,AZ,AWP,CE,Federal Contract Tower,55,4,28,4,91,0,33,66,19,118,55,37,94,23,209,255,1,256,465
01/17/2022,IWA,AZ,AWP,CE,Federal Contract Tower,43,11,32,0,86,0,55,80,15,150,43,66,112,15,236,306,0,306,542
01/18/2022,IWA,AZ,AWP,CE,Federal Contract Tower,16,17,31,5,69,0,52,98,11,161,16,69,129,16,230,492,10,502,732
01/19/2022,IWA,AZ,AWP,CE,Federal Contract Tower,26,16,35,2,79,0,83,118,2,203,26,99,153,4,282,584,0,584,866
01/20/2022,IWA,AZ,AWP,CE,Federal Contract Tower,50,15,27,6,98,0,75,115,2,192,50,90,142,8,290,365,4,369,659
01/21/2022,IWA,AZ,AWP,CE,Federal Contract Tower,50,9,36,10,105,0,85,149,2,236,50,94,185,12,341,419,0,419,760
01/22/2022,IWA,AZ,AWP,CE,Federal Contract Tower,28,2,25,0,55,0,34,62,0,96,28,36,87,0,151,246,0,246,397
01/23/2022,IWA,AZ,AWP,CE,Federal Contract Tower,57,3,30,4,94,0,16,123,3,142,57,19,153,7,236,320,0,320,556
01/24/2022,IWA,AZ,AWP,CE,Federal Contract Tower,53,13,49,4,119,0,96,111,0,207,53,109,160,4,326,497,2,499,825
01/25/2022,IWA,AZ,AWP,CE,Federal Contract Tower,17,19,33,1,70,1,98,106,3,208,18,117,139,4,278,663,0,663,941
01/26/2022,IWA,AZ,AWP,CE,Federal Contract Tower,26,24,39,4,93,0,79,124,7,210,26,103,163,11,303,518,0,518,821
01/27/2022,IWA,AZ,AWP,CE,Federal Contract Tower,57,18,48,7,130,0,64,113,4,181,57,82,161,11,311,519,13,532,843
01/28/2022,IWA,AZ,AWP,CE,Federal Contract Tower,51,11,21,6,89,0,48,40,19,107,51,59,61,25,196,155,3,158,354
01/29/2022,IWA,AZ,AWP,CE,Federal Contract Tower,34,5,20,3,62,0,45,97,26,168,34,50,117,29,230,268,2,270,500
01/30/2022,IWA,AZ,AWP,CE,Federal Contract Tower,56,10,28,1,95,0,38,95,0,133,56,48,123,1,228,434,0,434,662
01/31/2022,IWA,AZ,AWP,CE,Federal Contract Tower,55,16,45,0,116,0,112,130,2,244,55,128,175,2,360,531,14,545,905
02/01/2022,IWA,AZ,AWP,CE,Federal Contract Tower,17,16,29,19,81,0,135,137,7,279,17,151,166,26,360,621,21,642,1002
02/02/2022,IWA,AZ,AWP,CE,Federal Contract Tower,32,16,30,34,112,0,99,94,11,204,32,115,124,45,316,374,14,388,704
02/03/2022,IWA,AZ,AWP,CE,Federal Contract Tower,47,23,33,13,116,0,114,142,1,257,47,137,175,14,373,618,0,618,991
02/04/2022,IWA,AZ,AWP,CE,Federal Contract Tower,52,10,27,33,122,1,87,154,17,259,53,97,181,50,381,504,83,587,968
02/05/2022,IWA,AZ,AWP,CE,Federal Contract Tower,30,16,37,30,113,0,71,97,20,188,30,87,134,50,301,309,32,341,642
02/06/2022,IWA,AZ,AWP,CE,Federal Contract Tower,62,11,34,35,142,0,30,73,24,127,62,41,107,59,269,278,14,292,561
02/07/2022,IWA,AZ,AWP,CE,Federal Contract Tower,55,9,20,26,110,0,86,101,16,203,55,95,121,42,313,455,21,476,789
02/08/2022,IWA,AZ,AWP,CE,Federal Contract Tower,23,21,44,31,119,0,101,113,15,229,23,122,157,46,348,782,29,811,1159
02/09/2022,IWA,AZ,AWP,CE,Federal Contract Tower,25,21,30,42,118,0,86,157,12,255,25,107,187,54,373,683,20,703,1076
02/10/2022,IWA,AZ,AWP,CE,Federal Contract Tower,61,15,28,25,129,0,79,133,20,232,61,94,161,45,361,550,31,581,942
02/11/2022,IWA,AZ,AWP,CE,Federal Contract Tower,54,20,48,6,128,0,94,166,0,260,54,114,214,6,388,618,0,618,1006
02/12/2022,IWA,AZ,AWP,CE,Federal Contract Tower,30,14,32,20,96,0,49,64,19,132,30,63,96,39,228,296,31,327,555
02/13/2022,IWA,AZ,AWP,CE,Federal Contract Tower,56,2,22,25,105,0,31,65,18,114,56,33,87,43,219,169,33,202,421
02/14/2022,IWA,AZ,AWP,CE,Federal Contract Tower,57,23,31,28,139,1,64,121,26,212,58,87,152,54,351,407,45,452,803
02/15/2022,IWA,AZ,AWP,CE,Federal Contract Tower,21,15,27,28,91,0,67,64,20,151,21,82,91,48,242,340,55,395,637
02/16/2022,IWA,AZ,AWP,CE,Federal Contract Tower,47,16,26,6,95,0,58,74,7,139,47,74,100,13,234,722,9,731,965
02/17/2022,IWA,AZ,AWP,CE,Federal Contract Tower,50,18,35,40,143,0,78,145,22,245,50,96,180,62,388,461,54,515,903
02/18/2022,IWA,AZ,AWP,CE,Federal Contract Tower,50,20,39,28,137,0,105,137,0,242,50,125,176,28,379,538,1,539,918
02/19/2022,IWA,AZ,AWP,CE,Federal Contract Tower,50,11,22,0,83,0,28,96,0,124,50,39,118,0,207,283,0,283,490
02/20/2022,IWA,AZ,AWP,CE,Federal Contract Tower,53,3,63,3,122,0,19,76,4,99,53,22,139,7,221,175,0,175,396
02/21/2022,IWA,AZ,AWP,CE,Federal Contract Tower,47,8,31,2,88,0,45,99,1,145,47,53,130,3,233,276,0,276,509
02/22/2022,IWA,AZ,AWP,CE,Federal Contract Tower,38,10,23,2,73,0,56,84,1,141,38,66,107,3,214,353,0,353,567
02/23/2022,IWA,AZ,AWP,CE,Federal Contract Tower,52,11,11,0,74,0,11,13,1,25,52,22,24,1,99,21,0,21,120
02/24/2022,IWA,AZ,AWP,CE,Federal Contract Tower,49,20,47,1,117,0,89,155,0,244,49,109,202,1,361,624,0,624,985
02/25/2022,IWA,AZ,AWP,CE,Federal Contract Tower,46,27,41,9,123,0,84,177,7,268,46,111,218,16,391,647,10,657,1048
02/26/2022,IWA,AZ,AWP,CE,Federal Contract Tower,62,17,35,4,118,0,42,104,0,146,62,59,139,4,264,349,0,349,613
02/27/2022,IWA,AZ,AWP,CE,Federal Contract Tower,52,12,35,0,99,0,31,82,0,113,52,43,117,0,212,247,0,247,459
02/28/2022,IWA,AZ,AWP,CE,Federal Contract Tower,52,28,34,2,116,0,111,118,1,230,52,139,152,3,346,615,0,615,961
03/01/2022,IWA,AZ,AWP,CE,Federal Contract Tower,36,21,33,6,96,0,117,184,2,303,36,138,217,8,399,488,0,488,887
03/02/2022,IWA,AZ,AWP,CE,Federal Contract Tower,54,24,40,8,126,0,113,182,3,298,54,137,222,11,424,570,3,573,997
03/03/2022,IWA,AZ,AWP,CE,Federal Contract Tower,60,16,24,6,106,0,112,141,0,253,60,128,165,6,359,522,0,522,881
03/04/2022,IWA,AZ,AWP,CE,Federal Contract Tower,52,12,30,6,100,0,45,83,0,128,52,57,113,6,228,145,8,153,381
03/05/2022,IWA,AZ,AWP,CE,Federal Contract Tower,80,9,19,3,111,0,62,96,0,158,80,71,115,3,269,254,0,254,523
03/06/2022,IWA,AZ,AWP,CE,Federal Contract Tower,50,12,30,12,104,0,50,81,1,132,50,62,111,13,236,234,0,234,470
03/07/2022,IWA,AZ,AWP,CE,Federal Contract Tower,50,30,30,4,114,0,117,111,0,228,50,147,141,4,342,463,0,463,805
03/08/2022,IWA,AZ,AWP,CE,Federal Contract Tower,28,34,31,4,97,0,110,140,6,256,28,144,171,10,353,646,8,654,1007
03/09/2022,IWA,AZ,AWP,CE,Federal Contract Tower,54,19,41,3,117,0,129,151,1,281,54,148,192,4,398,644,1,645,1043
03/10/2022,IWA,AZ,AWP,CE,Federal Contract Tower,60,23,32,11,126,0,81,127,0,208,60,104,159,11,334,409,17,426,760
03/11/2022,IWA,AZ,AWP,CE,Federal Contract Tower,56,24,54,9,143,0,108,174,0,282,56,132,228,9,425,789,1,790,1215
03/12/2022,IWA,AZ,AWP,CE,Federal Contract Tower,87,20,22,0,129,0,75,91,1,167,87,95,113,1,296,294,0,294,590
03/13/2022,IWA,AZ,AWP,CE,Federal Contract Tower,52,16,32,11,111,0,49,73,6,128,52,65,105,17,239,232,0,232,471
03/14/2022,IWA,AZ,AWP,CE,Federal Contract Tower,47,18,28,9,102,0,145,164,4,313,47,163,192,13,415,752,0,752,1167
03/15/2022,IWA,AZ,AWP,CE,Federal Contract Tower,33,21,36,9,99,0,151,168,6,325,33,172,204,15,424,939,0,939,1363
03/16/2022,IWA,AZ,AWP,CE,Federal Contract Tower,61,17,39,9,126,0,96,153,6,255,61,113,192,15,381,566,25,591,972
03/17/2022,IWA,AZ,AWP,CE,Federal Contract Tower,57,26,64,0,147,0,101,180,0,281,57,127,244,0,428,473,0,473,901
03/18/2022,IWA,AZ,AWP,CE,Federal Contract Tower,57,21,57,1,136,0,120,143,3,266,57,141,200,4,402,708,0,708,1110
03/19/2022,IWA,AZ,AWP,CE,Federal Contract Tower,89,11,21,0,121,0,58,90,0,148,89,69,111,0,269,345,0,345,614
03/20/2022,IWA,AZ,AWP,CE,Federal Contract Tower,48,11,26,2,87,0,23,51,0,74,48,34,77,2,161,220,0,220,381
03/21/2022,IWA,AZ,AWP,CE,Federal Contract Tower,51,28,48,6,133,0,88,136,2,226,51,116,184,8,359,508,1,509,868
03/22/2022,IWA,AZ,AWP,CE,Federal Contract Tower,26,37,29,3,95,0,124,144,3,271,26,161,173,6,366,666,2,668,1034
03/23/2022,IWA,AZ,AWP,CE,Federal Contract Tower,57,38,52,0,147,0,136,147,4,287,57,174,199,4,434,652,0,652,1086
03/24/2022,IWA,AZ,AWP,CE,Federal Contract Tower,54,33,36,4,127,0,125,131,2,258,54,158,167,6,385,666,6,672,1057
03/25/2022,IWA,AZ,AWP,CE,Federal Contract Tower,56,14,50,15,135,1,85,147,0,233,57,99,197,15,368,644,2,646,1014
03/26/2022,IWA,AZ,AWP,CE,Federal Contract Tower,70,18,29,3,120,0,66,81,0,147,70,84,110,3,267,404,0,404,671
03/27/2022,IWA,AZ,AWP,CE,Federal Contract Tower,54,14,23,2,93,0,51,54,0,105,54,65,77,2,198,394,0,394,592
03/28/2022,IWA,AZ,AWP,CE,Federal Contract Tower,48,14,14,3,79,0,103,76,7,186,48,117,90,10,265,319,10,329,594
03/29/2022,IWA,AZ,AWP,CE,Federal Contract Tower,26,25,33,3,87,0,59,56,3,118,26,84,89,6,205,100,0,100,305
03/30/2022,IWA,AZ,AWP,CE,Federal Contract Tower,52,31,47,4,134,0,117,158,4,279,52,148,205,8,413,644,7,651,1064
03/31/2022,IWA,AZ,AWP,CE,Federal Contract Tower,51,22,36,6,115,0,102,152,2,256,51,124,188,8,371,762,0,762,1133
04/01/2022,IWA,AZ,AWP,CE,Federal Contract Tower,39,17,36,2,94,0,117,147,1,265,39,134,183,3,359,597,4,601,960
04/02/2022,IWA,AZ,AWP,CE,Federal Contract Tower,58,2,33,0,93,0,102,101,0,203,58,104,134,0,296,214,0,214,510
04/03/2022,IWA,AZ,AWP,CE,Federal Contract Tower,50,14,22,0,86,0,25,94,0,119,50,39,116,0,205,238,0,238,443
04/04/2022,IWA,AZ,AWP,CE,Federal Contract Tower,39,26,47,5,117,0,124,143,2,269,39,150,190,7,386,673,0,673,1059
04/05/2022,IWA,AZ,AWP,CE,Federal Contract Tower,22,38,32,9,101,0,117,139,4,260,22,155,171,13,361,648,10,658,1019
04/06/2022,IWA,AZ,AWP,CE,Federal Contract Tower,51,25,44,14,134,0,110,165,7,282,51,135,209,21,416,545,25,570,986
04/07/2022,IWA,AZ,AWP,CE,Federal Contract Tower,59,11,28,6,104,0,87,111,1,199,59,98,139,7,303,245,15,260,563
04/08/2022,IWA,AZ,AWP,CE,Federal Contract Tower,42,14,34,3,93,0,91,135,0,226,42,105,169,3,319,372,0,372,691
04/09/2022,IWA,AZ,AWP,CE,Federal Contract Tower,51,17,27,3,98,0,47,65,10,122,51,64,92,13,220,289,0,289,509
04/10/2022,IWA,AZ,AWP,CE,Federal Contract Tower,50,20,30,0,100,0,46,67,0,113,50,66,97,0,213,130,0,130,343
04/11/2022,IWA,AZ,AWP,CE,Federal Contract Tower,31,30,43,4,108,0,86,86,7,179,31,116,129,11,287,262,5,267,554
04/12/2022,IWA,AZ,AWP,CE,Federal Contract Tower,15,26,45,15,101,0,59,92,3,154,15,85,137,18,255,301,14,315,570
04/13/2022,IWA,AZ,AWP,CE,Federal Contract Tower,43,25,45,2,115,0,120,193,1,314,43,145,238,3,429,668,0,668,1097
04/14/2022,IWA,AZ,AWP,CE,Federal Contract Tower,50,28,58,5,141,0,110,193,0,303,50,138,251,5,444,544,3,547,991
04/15/2022,IWA,AZ,AWP,CE,Federal Contract Tower,38,24,44,4,110,0,89,181,0,270,38,113,225,4,380,576,0,576,956
04/16/2022,IWA,AZ,AWP,CE,Federal Contract Tower,54,14,28,0,96,0,68,91,0,159,54,82,119,0,255,282,0,282,537
04/17/2022,IWA,AZ,AWP,CE,Federal Contract Tower,42,20,22,0,84,0,39,65,0,104,42,59,87,0,188,240,0,240,428
04/18/2022,IWA,AZ,AWP,CE,Federal Contract Tower,35,25,65,4,129,4,98,145,2,249,39,123,210,6,378,584,11,595,973
04/19/2022,IWA,AZ,AWP,CE,Federal Contract Tower,21,32,32,9,94,0,109,111,1,221,21,141,143,10,315,513,6,519,834
04/20/2022,IWA,AZ,AWP,CE,Federal Contract Tower,48,28,55,8,139,0,120,142,0,262,48,148,197,8,401,446,0,446,847
04/21/2022,IWA,AZ,AWP,CE,Federal Contract Tower,46,25,66,9,146,0,111,140,3,254,46,136,206,12,400,535,4,539,939
04/22/2022,IWA,AZ,AWP,CE,Federal Contract Tower,37,12,34,8,91,1,62,75,1,139,38,74,109,9,230,190,0,190,420
04/23/2022,IWA,AZ,AWP,CE,Federal Contract Tower,50,16,40,3,109,0,81,93,11,185,50,97,133,14,294,603,0,603,897
04/24/2022,IWA,AZ,AWP,CE,Federal Contract Tower,46,21,31,10,108,0,57,98,3,158,46,78,129,13,266,326,0,326,592
04/25/2022,IWA,AZ,AWP,CE,Federal Contract Tower,35,25,46,12,118,0,122,164,6,292,35,147,210,18,410,583,0,583,993
04/26/2022,IWA,AZ,AWP,CE,Federal Contract Tower,16,26,34,11,87,0,113,125,9,247,16,139,159,20,334,624,0,624,958
04/27/2022,IWA,AZ,AWP,CE,Federal Contract Tower,40,27,63,5,135,0,89,152,9,250,40,116,215,14,385,517,6,523,908
04/28/2022,IWA,AZ,AWP,CE,Federal Contract Tower,40,19,30,6,95,1,93,131,5,230,41,112,161,11,325,476,2,478,803
04/29/2022,IWA,AZ,AWP,CE,Federal Contract Tower,39,24,55,8,126,0,82,177,4,263,39,106,232,12,389,506,21,527,916
04/30/2022,IWA,AZ,AWP,CE,Federal Contract Tower,50,11,41,7,109,0,59,102,2,163,50,70,143,9,272,314,6,320,592
05/01/2022,IWA,AZ,AWP,CE,Federal Contract Tower,38,14,20,7,79,0,39,77,1,117,38,53,97,8,196,218,14,232,428
05/02/2022,IWA,AZ,AWP,CE,Federal Contract Tower,42,33,41,7,123,7,96,108,6,217,49,129,149,13,340,552,6,558,898
05/03/2022,IWA,AZ,AWP,CE,Federal Contract Tower,14,27,54,3,98,0,97,96,6,199,14,124,150,9,297,416,0,416,713
05/04/2022,IWA,AZ,AWP,CE,Federal Contract Tower,36,21,54,5,116,0,95,165,3,263,36,116,219,8,379,585,0,585,964
05/05/2022,IWA,AZ,AWP,CE,Federal Contract Tower,38,23,51,6,118,0,112,140,2,254,38,135,191,8,372,636,1,637,1009
05/06/2022,IWA,AZ,AWP,CE,Federal Contract Tower,38,17,45,6,106,0,75,128,3,206,38,92,173,9,312,532,0,532,844
05/07/2022,IWA,AZ,AWP,CE,Federal Contract Tower,33,18,19,2,72,0,56,61,0,117,33,74,80,2,189,336,0,336,525
05/08/2022,IWA,AZ,AWP,CE,Federal Contract Tower,35,13,13,0,61,0,34,54,0,88,35,47,67,0,149,153,0,153,302
05/09/2022,IWA,AZ,AWP,CE,Federal Contract Tower,33,13,55,3,104,0,100,107,1,208,33,113,162,4,312,382,0,382,694
05/10/2022,IWA,AZ,AWP,CE,Federal Contract Tower,12,34,49,6,101,0,125,125,0,250,12,159,174,6,351,540,0,540,891
05/11/2022,IWA,AZ,AWP,CE,Federal Contract Tower,29,37,48,8,122,0,116,131,1,248,29,153,179,9,370,553,0,553,923
05/12/2022,IWA,AZ,AWP,CE,Federal Contract Tower,38,30,39,3,110,0,104,143,4,251,38,134,182,7,361,494,2,496,857
05/13/2022,IWA,AZ,AWP,CE,Federal Contract Tower,35,18,47,4,104,0,95,125,1,221,35,113,172,5,325,400,1,401,726
05/14/2022,IWA,AZ,AWP,CE,Federal Contract Tower,32,6,17,1,56,1,54,73,0,128,33,60,90,1,184,366,0,366,550
05/15/2022,IWA,AZ,AWP,CE,Federal Contract Tower,37,13,39,3,92,0,44,86,0,130,37,57,125,3,222,120,0,120,342
05/16/2022,IWA,AZ,AWP,CE,Federal Contract Tower,36,29,55,0,120,0,73,131,0,204,36,102,186,0,324,457,0,457,781
05/17/2022,IWA,AZ,AWP,CE,Federal Contract Tower,12,22,44,2,80,0,135,97,4,236,12,157,141,6,316,570,2,572,888
05/18/2022,IWA,AZ,AWP,CE,Federal Contract Tower,24,23,54,0,101,0,109,129,5,243,24,132,183,5,344,529,0,529,873
05/19/2022,IWA,AZ,AWP,CE,Federal Contract Tower,37,33,44,0,114,0,87,112,1,200,37,120,156,1,314,456,0,456,770
05/20/2022,IWA,AZ,AWP,CE,Federal Contract Tower,36,16,37,3,92,0,37,66,0,103,36,53,103,3,195,259,0,259,454
05/21/2022,IWA,AZ,AWP,CE,Federal Contract Tower,28,14,24,4,70,0,66,85,0,151,28,80,109,4,221,247,0,247,468
05/22/2022,IWA,AZ,AWP,CE,Federal Contract Tower,34,20,27,1,82,0,24,67,5,96,34,44,94,6,178,142,53,195,373
05/23/2022,IWA,AZ,AWP,CE,Federal Contract Tower,37,23,45,0,105,0,90,100,0,190,37,113,145,0,295,342,0,342,637
05/24/2022,IWA,AZ,AWP,CE,Federal Contract Tower,19,30,38,5,92,0,98,94,4,196,19,128,132,9,288,612,20,632,920
05/25/2022,IWA,AZ,AWP,CE,Federal Contract Tower,27,28,44,2,101,0,85,138,4,227,27,113,182,6,328,359,9,368,696
05/26/2022,IWA,AZ,AWP,CE,Federal Contract Tower,37,17,41,9,104,0,98,93,3,194,37,115,134,12,298,379,6,385,683
05/27/2022,IWA,AZ,AWP,CE,Federal Contract Tower,41,16,34,0,91,0,71,108,1,180,41,87,142,1,271,558,0,558,829
05/28/2022,IWA,AZ,AWP,CE,Federal Contract Tower,33,21,20,0,74,0,60,69,0,129,33,81,89,0,203,299,0,299,502
05/29/2022,IWA,AZ,AWP,CE,Federal Contract Tower,41,20,19,2,82,0,28,37,0,65,41,48,56,2,147,93,0,93,240
05/30/2022,IWA,AZ,AWP,CE,Federal Contract Tower,43,15,19,0,77,7,83,72,1,163,50,98,91,1,240,295,0,295,535
05/31/2022,IWA,AZ,AWP,CE,Federal Contract Tower,20,39,43,2,104,0,89,102,0,191,20,128,145,2,295,416,0,416,711
06/01/2022,IWA,AZ,AWP,CE,Federal Contract Tower,28,22,42,6,98,0,115,121,0,236,28,137,163,6,334,642,0,642,976
06/02/2022,IWA,AZ,AWP,CE,Federal Contract Tower,37,20,43,2,102,1,89,127,7,224,38,109,170,9,326,456,4,460,786
06/03/2022,IWA,AZ,AWP,CE,Federal Contract Tower,35,23,32,5,95,0,83,100,2,185,35,106,132,7,280,324,0,324,604
06/04/2022,IWA,AZ,AWP,CE,Federal Contract Tower,34,16,17,2,69,0,76,69,2,147,34,92,86,4,216,169,0,169,385
06/05/2022,IWA,AZ,AWP,CE,Federal Contract Tower,35,15,31,0,81,0,43,49,0,92,35,58,80,0,173,173,0,173,346
06/06/2022,IWA,AZ,AWP,CE,Federal Contract Tower,26,27,36,2,91,0,97,112,2,211,26,124,148,4,302,292,16,308,610
06/07/2022,IWA,AZ,AWP,CE,Federal Contract Tower,16,27,30,1,74,0,101,120,3,224,16,128,150,4,298,505,0,505,803
06/08/2022,IWA,AZ,AWP,CE,Federal Contract Tower,28,23,24,0,75,0,107,86,1,194,28,130,110,1,269,500,0,500,769
06/09/2022,IWA,AZ,AWP,CE,Federal Contract Tower,34,39,37,4,114,0,112,96,4,212,34,151,133,8,326,550,14,564,890
06/10/2022,IWA,AZ,AWP,CE,Federal Contract Tower,30,43,34,2,109,0,109,117,0,226,30,152,151,2,335,626,0,626,961
06/11/2022,IWA,AZ,AWP,CE,Federal Contract Tower,34,19,20,1,74,0,83,63,0,146,34,102,83,1,220,337,0,337,557
06/12/2022,IWA,AZ,AWP,CE,Federal Contract Tower,31,13,17,3,64,0,78,44,2,124,31,91,61,5,188,150,0,150,338
06/13/2022,IWA,AZ,AWP,CE,Federal Contract Tower,29,25,23,5,82,0,98,103,3,204,29,123,126,8,286,327,0,327,613
06/14/2022,IWA,AZ,AWP,CE,Federal Contract Tower,17,30,13,3,63,6,121,135,6,268,23,151,148,9,331,627,0,627,958
06/15/2022,IWA,AZ,AWP,CE,Federal Contract Tower,33,30,42,7,112,2,143,114,1,260,35,173,156,8,372,645,0,645,1017
06/16/2022,IWA,AZ,AWP,CE,Federal Contract Tower,32,30,34,9,105,0,140,155,2,297,32,170,189,11,402,514,11,525,927
06/17/2022,IWA,AZ,AWP,CE,Federal Contract Tower,33,3,21,3,60,0,96,121,1,218,33,99,142,4,278,427,0,427,705
06/19/2022,IWA,AZ,AWP,CE,Federal Contract Tower,32,21,21,0,74,0,66,73,0,139,32,87,94,0,213,211,0,211,424
06/20/2022,IWA,AZ,AWP,CE,Federal Contract Tower,31,17,30,1,79,3,122,104,1,230,34,139,134,2,309,454,0,454,763
06/21/2022,IWA,AZ,AWP,CE,Federal Contract Tower,17,20,23,10,70,4,84,76,4,168,21,104,99,14,238,597,23,620,858
06/22/2022,IWA,AZ,AWP,CE,Federal Contract Tower,36,25,42,12,115,0,112,113,4,229,36,137,155,16,344,523,0,523,867
06/23/2022,IWA,AZ,AWP,CE,Federal Contract Tower,32,21,22,1,76,0,70,97,1,168,32,91,119,2,244,436,0,436,680
06/24/2022,IWA,AZ,AWP,CE,Federal Contract Tower,32,15,36,9,92,0,57,83,3,143,32,72,119,12,235,205,7,212,447
06/25/2022,IWA,AZ,AWP,CE,Federal Contract Tower,29,18,19,2,68,0,82,72,0,154,29,100,91,2,222,455,0,455,677
06/26/2022,IWA,AZ,AWP,CE,Federal Contract Tower,33,12,16,3,64,0,28,51,1,80,33,40,67,4,144,155,0,155,299
06/27/2022,IWA,AZ,AWP,CE,Federal Contract Tower,31,10,26,2,69,0,102,97,2,201,31,112,123,4,270,569,37,606,876
06/28/2022,IWA,AZ,AWP,CE,Federal Contract Tower,13,11,23,1,48,0,100,88,3,191,13,111,111,4,239,699,2,701,940
06/29/2022,IWA,AZ,AWP,CE,Federal Contract Tower,32,22,13,0,67,0,91,97,3,191,32,113,110,3,258,479,0,479,737
06/30/2022,IWA,AZ,AWP,CE,Federal Contract Tower,32,31,27,0,90,0,172,74,0,246,32,203,101,0,336,525,0,525,861
07/01/2022,IWA,AZ,AWP,CE,Federal Contract Tower,38,18,29,0,85,0,66,82,0,148,38,84,111,0,233,405,0,405,638
07/02/2022,IWA,AZ,AWP,CE,Federal Contract Tower,32,13,26,0,71,0,93,60,0,153,32,106,86,0,224,522,0,522,746
07/03/2022,IWA,AZ,AWP,CE,Federal Contract Tower,35,6,9,0,50,0,46,33,0,79,35,52,42,0,129,232,0,232,361
07/04/2022,IWA,AZ,AWP,CE,Federal Contract Tower,31,10,22,0,63,0,37,52,0,89,31,47,74,0,152,284,0,284,436
07/05/2022,IWA,AZ,AWP,CE,Federal Contract Tower,30,17,34,0,81,0,99,87,0,186,30,116,121,0,267,649,0,649,916
07/06/2022,IWA,AZ,AWP,CE,Federal Contract Tower,35,24,37,1,97,0,113,89,15,217,35,137,126,16,314,488,1,489,803
07/07/2022,IWA,AZ,AWP,CE,Federal Contract Tower,37,17,34,9,97,0,95,103,21,219,37,112,137,30,316,563,11,574,890
07/08/2022,IWA,AZ,AWP,CE,Federal Contract Tower,36,21,30,0,87,0,80,78,1,159,36,101,108,1,246,444,0,444,690
07/09/2022,IWA,AZ,AWP,CE,Federal Contract Tower,34,11,24,2,71,0,58,65,0,123,34,69,89,2,194,345,4,349,543
07/10/2022,IWA,AZ,AWP,CE,Federal Contract Tower,35,14,29,0,78,0,49,50,2,101,35,63,79,2,179,303,0,303,482
07/11/2022,IWA,AZ,AWP,CE,Federal Contract Tower,35,25,34,2,96,0,61,91,5,157,35,86,125,7,253,363,12,375,628
07/12/2022,IWA,AZ,AWP,CE,Federal Contract Tower,13,14,15,7,49,0,89,122,0,211,13,103,137,7,260,599,13,612,872
07/13/2022,IWA,AZ,AWP,CE,Federal Contract Tower,28,23,20,0,71,0,67,93,0,160,28,90,113,0,231,447,0,447,678
07/14/2022,IWA,AZ,AWP,CE,Federal Contract Tower,34,32,53,2,121,0,84,93,0,177,34,116,146,2,298,486,0,486,784
07/15/2022,IWA,AZ,AWP,CE,Federal Contract Tower,37,21,23,1,82,0,97,87,0,184,37,118,110,1,266,423,0,423,689
07/16/2022,IWA,AZ,AWP,CE,Federal Contract Tower,39,17,17,0,73,0,60,59,0,119,39,77,76,0,192,287,0,287,479
07/17/2022,IWA,AZ,AWP,CE,Federal Contract Tower,33,12,25,2,72,0,46,64,2,112,33,58,89,4,184,214,0,214,398
07/18/2022,IWA,AZ,AWP,CE,Federal Contract Tower,34,48,58,1,141,0,92,83,1,176,34,140,141,2,317,545,1,546,863
07/19/2022,IWA,AZ,AWP,CE,Federal Contract Tower,12,20,40,1,73,0,94,93,1,188,12,114,133,2,261,538,0,538,799
07/20/2022,IWA,AZ,AWP,CE,Federal Contract Tower,34,47,44,0,125,0,96,87,4,187,34,143,131,4,312,515,0,515,827
07/21/2022,IWA,AZ,AWP,CE,Federal Contract Tower,36,29,35,2,102,0,83,107,3,193,36,112,142,5,295,510,2,512,807
07/22/2022,IWA,AZ,AWP,CE,Federal Contract Tower,34,23,30,1,88,0,90,106,0,196,34,113,136,1,284,433,0,433,717
07/23/2022,IWA,AZ,AWP,CE,Federal Contract Tower,34,16,20,0,70,0,37,44,0,81,34,53,64,0,151,259,0,259,410
07/24/2022,IWA,AZ,AWP,CE,Federal Contract Tower,33,14,17,0,64,0,19,19,0,38,33,33,36,0,102,235,0,235,337
07/25/2022,IWA,AZ,AWP,CE,Federal Contract Tower,36,21,25,4,86,0,79,88,0,167,36,100,113,4,253,538,0,538,791
07/26/2022,IWA,AZ,AWP,CE,Federal Contract Tower,14,21,23,4,62,0,91,63,0,154,14,112,86,4,216,779,10,789,1005
07/27/2022,IWA,AZ,AWP,CE,Federal Contract Tower,32,35,25,7,99,0,69,69,0,138,32,104,94,7,237,535,0,535,772
07/28/2022,IWA,AZ,AWP,CE,Federal Contract Tower,36,4,18,3,61,0,60,76,11,147,36,64,94,14,208,488,39,527,735
07/29/2022,IWA,AZ,AWP,CE,Federal Contract Tower,32,21,30,0,83,0,70,119,1,190,32,91,149,1,273,669,0,669,942
07/30/2022,IWA,AZ,AWP,CE,Federal Contract Tower,32,18,22,0,72,0,37,50,0,87,32,55,72,0,159,285,0,285,444
07/31/2022,IWA,AZ,AWP,CE,Federal Contract Tower,39,4,14,4,61,0,44,81,5,130,39,48,95,9,191,285,0,285,476
08/01/2022,IWA,AZ,AWP,CE,Federal Contract Tower,32,37,42,1,112,0,90,98,4,192,32,127,140,5,304,521,8,529,833
08/02/2022,IWA,AZ,AWP,CE,Federal Contract Tower,20,31,43,0,94,0,95,136,8,239,20,126,179,8,333,629,0,629,962
08/03/2022,IWA,AZ,AWP,CE,Federal Contract Tower,30,27,9,3,69,0,59,76,9,144,30,86,85,12,213,373,26,399,612
08/04/2022,IWA,AZ,AWP,CE,Federal Contract Tower,35,15,32,5,87,0,77,89,4,170,35,92,121,9,257,476,25,501,758
08/05/2022,IWA,AZ,AWP,CE,Federal Contract Tower,33,20,34,7,94,0,94,129,5,228,33,114,163,12,322,458,4,462,784
08/06/2022,IWA,AZ,AWP,CE,Federal Contract Tower,32,18,19,1,70,0,52,58,1,111,32,70,77,2,181,304,0,304,485
08/07/2022,IWA,AZ,AWP,CE,Federal Contract Tower,31,11,26,0,68,0,25,36,1,62,31,36,62,1,130,163,0,163,293
08/08/2022,IWA,AZ,AWP,CE,Federal Contract Tower,32,24,33,4,93,0,82,92,15,189,32,106,125,19,282,260,12,272,554
08/09/2022,IWA,AZ,AWP,CE,Federal Contract Tower,14,22,25,0,61,0,69,101,14,184,14,91,126,14,245,522,17,539,784
08/10/2022,IWA,AZ,AWP,CE,Federal Contract Tower,28,22,32,1,83,0,67,92,10,169,28,89,124,11,252,369,3,372,624
08/11/2022,IWA,AZ,AWP,CE,Federal Contract Tower,34,15,20,5,74,0,83,135,10,228,34,98,155,15,302,433,30,463,765
08/12/2022,IWA,AZ,AWP,CE,Federal Contract Tower,33,16,12,3,64,0,64,82,3,149,33,80,94,6,213,426,0,426,639
08/13/2022,IWA,AZ,AWP,CE,Federal Contract Tower,30,17,28,0,75,0,45,78,0,123,30,62,106,0,198,228,0,228,426
08/14/2022,IWA,AZ,AWP,CE,Federal Contract Tower,32,20,36,0,88,0,16,38,0,54,32,36,74,0,142,189,0,189,331
08/15/2022,IWA,AZ,AWP,CE,Federal Contract Tower,35,20,31,4,90,0,85,88,2,175,35,105,119,6,265,520,6,526,791
08/16/2022,IWA,AZ,AWP,CE,Federal Contract Tower,20,24,25,9,78,0,98,90,0,188,20,122,115,9,266,578,37,615,881
08/17/2022,IWA,AZ,AWP,CE,Federal Contract Tower,16,27,31,4,78,0,79,81,2,162,16,106,112,6,240,384,3,387,627
08/18/2022,IWA,AZ,AWP,CE,Federal Contract Tower,40,20,46,8,114,0,74,93,0,167,40,94,139,8,281,341,0,341,622
08/19/2022,IWA,AZ,AWP,CE,Federal Contract Tower,33,26,23,2,84,0,41,68,2,111,33,67,91,4,195,297,0,297,492
08/20/2022,IWA,AZ,AWP,CE,Federal Contract Tower,12,5,10,2,29,0,32,32,0,64,12,37,42,2,93,351,0,351,444
08/21/2022,IWA,AZ,AWP,CE,Federal Contract Tower,31,14,24,1,70,0,31,58,0,89,31,45,82,1,159,286,0,286,445
08/22/2022,IWA,AZ,AWP,CE,Federal Contract Tower,33,20,35,5,93,0,69,130,10,209,33,89,165,15,302,465,12,477,779
08/23/2022,IWA,AZ,AWP,CE,Federal Contract Tower,15,10,12,9,46,0,83,110,8,201,15,93,122,17,247,602,38,640,887
08/24/2022,IWA,AZ,AWP,CE,Federal Contract Tower,14,14,19,4,51,0,108,127,7,242,14,122,146,11,293,421,0,421,714
08/25/2022,IWA,AZ,AWP,CE,Federal Contract Tower,36,16,27,2,81,0,78,122,0,200,36,94,149,2,281,558,0,558,839
08/26/2022,IWA,AZ,AWP,CE,Federal Contract Tower,32,15,35,9,91,0,108,133,3,244,32,123,168,12,335,475,22,497,832
08/27/2022,IWA,AZ,AWP,CE,Federal Contract Tower,11,14,24,0,49,0,46,82,0,128,11,60,106,0,177,355,0,355,532
08/28/2022,IWA,AZ,AWP,CE,Federal Contract Tower,36,6,14,2,58,0,26,83,0,109,36,32,97,2,167,91,0,91,258
08/29/2022,IWA,AZ,AWP,CE,Federal Contract Tower,28,9,15,0,52,0,88,158,2,248,28,97,173,2,300,16,0,16,316
08/30/2022,IWA,AZ,AWP,CE,Federal Contract Tower,19,14,21,2,56,0,113,144,1,258,19,127,165,3,314,130,0,130,444
08/31/2022,IWA,AZ,AWP,CE,Federal Contract Tower,12,21,22,8,63,0,116,143,9,268,12,137,165,17,331,216,2,218,549
09/01/2022,IWA,AZ,AWP,CE,Federal Contract Tower,29,12,24,11,76,0,130,125,5,260,29,142,149,16,336,341,4,345,681
09/02/2022,IWA,AZ,AWP,CE,Federal Contract Tower,42,12,28,7,89,0,110,128,9,247,42,122,156,16,336,412,1,413,749
09/03/2022,IWA,AZ,AWP,CE,Federal Contract Tower,17,2,10,1,30,0,63,88,1,152,17,65,98,2,182,270,0,270,452
09/04/2022,IWA,AZ,AWP,CE,Federal Contract Tower,35,3,15,2,55,0,35,51,2,88,35,38,66,4,143,161,0,161,304
09/05/2022,IWA,AZ,AWP,CE,Federal Contract Tower,39,7,17,5,68,0,116,121,6,243,39,123,138,11,311,600,2,602,913
09/06/2022,IWA,AZ,AWP,CE,Federal Contract Tower,26,10,23,10,69,0,141,96,0,237,26,151,119,10,306,588,0,588,894
09/07/2022,IWA,AZ,AWP,CE,Federal Contract Tower,14,19,31,2,66,0,146,110,0,256,14,165,141,2,322,439,0,439,761
09/08/2022,IWA,AZ,AWP,CE,Federal Contract Tower,39,14,21,8,82,0,139,170,0,309,39,153,191,8,391,443,1,444,835
09/09/2022,IWA,AZ,AWP,CE,Federal Contract Tower,43,17,14,2,76,0,100,143,1,244,43,117,157,3,320,603,0,603,923
09/10/2022,IWA,AZ,AWP,CE,Federal Contract Tower,16,8,25,0,49,0,81,94,0,175,16,89,119,0,224,376,0,376,600
09/11/2022,IWA,AZ,AWP,CE,Federal Contract Tower,34,8,20,1,63,0,32,82,1,115,34,40,102,2,178,177,0,177,355
09/12/2022,IWA,AZ,AWP,CE,Federal Contract Tower,36,21,37,2,96,0,119,109,3,231,36,140,146,5,327,546,0,546,873
09/13/2022,IWA,AZ,AWP,CE,Federal Contract Tower,16,20,18,4,58,0,151,137,2,290,16,171,155,6,348,748,26,774,1122
09/14/2022,IWA,AZ,AWP,CE,Federal Contract Tower,13,21,28,2,64,0,112,146,0,258,13,133,174,2,322,678,0,678,1000
09/15/2022,IWA,AZ,AWP,CE,Federal Contract Tower,39,10,36,3,88,0,129,141,4,274,39,139,177,7,362,523,0,523,885
09/16/2022,IWA,AZ,AWP,CE,Federal Contract Tower,36,16,36,9,97,0,117,150,0,267,36,133,186,9,364,591,0,591,955
09/17/2022,IWA,AZ,AWP,CE,Federal Contract Tower,16,9,19,0,44,0,53,99,1,153,16,62,118,1,197,426,0,426,623
09/18/2022,IWA,AZ,AWP,CE,Federal Contract Tower,34,10,33,7,84,0,53,79,5,137,34,63,112,12,221,410,2,412,633
09/19/2022,IWA,AZ,AWP,CE,Federal Contract Tower,33,14,27,4,78,0,124,114,0,238,33,138,141,4,316,754,2,756,1072
09/20/2022,IWA,AZ,AWP,CE,Federal Contract Tower,16,31,32,0,79,0,123,116,0,239,16,154,148,0,318,692,0,692,1010
09/21/2022,IWA,AZ,AWP,CE,Federal Contract Tower,14,26,17,0,57,0,75,100,0,175,14,101,117,0,232,561,0,561,793
09/22/2022,IWA,AZ,AWP,CE,Federal Contract Tower,42,7,35,4,88,0,148,114,3,265,42,155,149,7,353,739,0,739,1092
09/23/2022,IWA,AZ,AWP,CE,Federal Contract Tower,38,24,28,11,101,0,123,116,3,242,38,147,144,14,343,508,0,508,851
09/24/2022,IWA,AZ,AWP,CE,Federal Contract Tower,13,13,21,0,47,0,81,116,0,197,13,94,137,0,244,438,0,438,682
09/25/2022,IWA,AZ,AWP,CE,Federal Contract Tower,40,13,25,3,81,0,44,63,0,107,40,57,88,3,188,361,0,361,549
09/26/2022,IWA,AZ,AWP,CE,Federal Contract Tower,31,12,30,7,80,0,89,115,0,204,31,101,145,7,284,412,0,412,696
09/27/2022,IWA,AZ,AWP,CE,Federal Contract Tower,17,16,15,0,48,0,129,123,0,252,17,145,138,0,300,640,0,640,940
09/28/2022,IWA,AZ,AWP,CE,Federal Contract Tower,16,20,18,6,60,87,135,1,0,223,103,155,19,6,283,461,0,461,744
09/29/2022,IWA,AZ,AWP,CE,Federal Contract Tower,38,13,8,6,65,0,150,174,2,326,38,163,182,8,391,851,0,851,1242
09/30/2022,IWA,AZ,AWP,CE,Federal Contract Tower,32,18,35,2,87,0,111,167,3,281,32,129,202,5,368,613,0,613,981
10/01/2022,IWA,AZ,AWP,CE,Federal Contract Tower,16,13,19,0,48,0,93,126,0,219,16,106,145,0,267,660,0,660,927
10/02/2022,IWA,AZ,AWP,CE,Federal Contract Tower,37,5,18,0,60,0,39,83,0,122,37,44,101,0,182,369,0,369,551
10/03/2022,IWA,AZ,AWP,CE,Federal Contract Tower,32,7,33,8,80,0,65,123,4,192,32,72,156,12,272,472,6,478,750
10/04/2022,IWA,AZ,AWP,CE,Federal Contract Tower,20,13,18,2,53,0,135,114,0,249,20,148,132,2,302,698,0,698,1000
10/05/2022,IWA,AZ,AWP,CE,Federal Contract Tower,35,22,28,3,88,0,123,139,3,265,35,145,167,6,353,613,11,624,977
10/06/2022,IWA,AZ,AWP,CE,Federal Contract Tower,45,16,19,3,83,0,101,114,0,215,45,117,133,3,298,496,0,496,794
10/07/2022,IWA,AZ,AWP,CE,Federal Contract Tower,39,8,17,2,66,0,85,111,1,197,39,93,128,3,263,554,0,554,817
10/08/2022,IWA,AZ,AWP,CE,Federal Contract Tower,29,10,18,0,57,0,93,86,0,179,29,103,104,0,236,377,0,377,613
10/09/2022,IWA,AZ,AWP,CE,Federal Contract Tower,41,15,32,0,88,0,42,51,0,93,41,57,83,0,181,342,0,342,523
10/10/2022,IWA,AZ,AWP,CE,Federal Contract Tower,38,11,28,2,79,0,112,124,0,236,38,123,152,2,315,510,0,510,825
10/11/2022,IWA,AZ,AWP,CE,Federal Contract Tower,19,14,26,7,66,0,97,150,21,268,19,111,176,28,334,725,20,745,1079
10/12/2022,IWA,AZ,AWP,CE,Federal Contract Tower,24,20,24,10,78,0,120,135,14,269,24,140,159,24,347,666,43,709,1056
10/13/2022,IWA,AZ,AWP,CE,Federal Contract Tower,36,29,31,9,105,0,116,124,8,248,36,145,155,17,353,497,21,518,871
10/14/2022,IWA,AZ,AWP,CE,Federal Contract Tower,35,20,29,2,86,0,123,136,2,261,35,143,165,4,347,504,2,506,853
10/15/2022,IWA,AZ,AWP,CE,Federal Contract Tower,25,8,13,3,49,0,13,28,4,45,25,21,41,7,94,150,0,150,244
10/16/2022,IWA,AZ,AWP,CE,Federal Contract Tower,33,7,14,2,56,0,4,11,0,15,33,11,25,2,71,49,0,49,120
10/17/2022,IWA,AZ,AWP,CE,Federal Contract Tower,33,20,34,3,90,0,130,137,2,269,33,150,171,5,359,684,0,684,1043
10/18/2022,IWA,AZ,AWP,CE,Federal Contract Tower,20,18,20,2,60,0,95,113,11,219,20,113,133,13,279,448,4,452,731
10/19/2022,IWA,AZ,AWP,CE,Federal Contract Tower,24,19,18,6,67,0,120,115,1,236,24,139,133,7,303,518,0,518,821
10/20/2022,IWA,AZ,AWP,CE,Federal Contract Tower,35,18,22,3,78,0,146,114,1,261,35,164,136,4,339,802,5,807,1146
10/21/2022,IWA,AZ,AWP,CE,Federal Contract Tower,33,21,17,17,88,0,111,102,5,218,33,132,119,22,306,594,1,595,901
10/22/2022,IWA,AZ,AWP,CE,Federal Contract Tower,28,6,13,6,53,0,37,91,2,130,28,43,104,8,183,297,6,303,486
10/23/2022,IWA,AZ,AWP,CE,Federal Contract Tower,32,20,20,14,86,0,45,54,7,106,32,65,74,21,192,171,2,173,365
10/24/2022,IWA,AZ,AWP,CE,Federal Contract Tower,33,17,17,5,72,0,110,116,8,234,33,127,133,13,306,766,0,766,1072
10/25/2022,IWA,AZ,AWP,CE,Federal Contract Tower,19,20,19,7,65,0,126,125,5,256,19,146,144,12,321,749,0,749,1070
10/26/2022,IWA,AZ,AWP,CE,Federal Contract Tower,27,19,31,2,79,0,120,114,0,234,27,139,145,2,313,481,0,481,794
10/27/2022,IWA,AZ,AWP,CE,Federal Contract Tower,41,15,24,4,84,0,104,122,3,229,41,119,146,7,313,618,0,618,931
10/28/2022,IWA,AZ,AWP,CE,Federal Contract Tower,29,11,18,13,71,0,99,138,2,239,29,110,156,15,310,651,0,651,961
10/29/2022,IWA,AZ,AWP,CE,Federal Contract Tower,25,6,10,3,44,0,77,110,8,195,25,83,120,11,239,446,0,446,685
10/30/2022,IWA,AZ,AWP,CE,Federal Contract Tower,35,5,18,12,70,0,32,76,0,108,35,37,94,12,178,320,0,320,498
10/31/2022,IWA,AZ,AWP,CE,Federal Contract Tower,30,14,23,2,69,0,81,105,0,186,30,95,128,2,255,654,0,654,909
11/01/2022,IWA,AZ,AWP,CE,Federal Contract Tower,23,19,27,2,71,0,102,98,1,201,23,121,125,3,272,614,0,614,886
11/02/2022,IWA,AZ,AWP,CE,Federal Contract Tower,29,18,20,8,75,0,61,108,1,170,29,79,128,9,245,460,0,460,705
11/03/2022,IWA,AZ,AWP,CE,Federal Contract Tower,38,8,28,12,86,0,52,55,3,110,38,60,83,15,196,199,13,212,408
11/04/2022,IWA,AZ,AWP,CE,Federal Contract Tower,33,15,36,10,94,0,115,138,2,255,33,130,174,12,349,655,7,662,1011
11/05/2022,IWA,AZ,AWP,CE,Federal Contract Tower,22,7,14,5,48,0,70,112,1,183,22,77,126,6,231,609,0,609,840
11/06/2022,IWA,AZ,AWP,CE,Federal Contract Tower,31,15,15,8,69,0,53,67,0,120,31,68,82,8,189,487,0,487,676
11/07/2022,IWA,AZ,AWP,CE,Federal Contract Tower,33,15,30,10,88,0,83,124,0,207,33,98,154,10,295,608,0,608,903
11/08/2022,IWA,AZ,AWP,CE,Federal Contract Tower,24,12,19,8,63,0,100,123,2,225,24,112,142,10,288,625,0,625,913
11/09/2022,IWA,AZ,AWP,CE,Federal Contract Tower,30,20,20,6,76,0,35,53,0,88,30,55,73,6,164,180,0,180,344
11/10/2022,IWA,AZ,AWP,CE,Federal Contract Tower,44,24,30,6,104,0,115,162,0,277,44,139,192,6,381,598,0,598,979
11/11/2022,IWA,AZ,AWP,CE,Federal Contract Tower,36,12,20,0,68,0,103,131,0,234,36,115,151,0,302,483,0,483,785
11/12/2022,IWA,AZ,AWP,CE,Federal Contract Tower,30,7,15,0,52,0,78,123,0,201,30,85,138,0,253,368,0,368,621
11/13/2022,IWA,AZ,AWP,CE,Federal Contract Tower,38,9,15,1,63,0,50,89,0,139,38,59,104,1,202,244,0,244,446
11/14/2022,IWA,AZ,AWP,CE,Federal Contract Tower,33,13,15,8,69,0,105,107,1,213,33,118,122,9,282,620,7,627,909
11/15/2022,IWA,AZ,AWP,CE,Federal Contract Tower,27,14,18,10,69,0,95,120,0,215,27,109,138,10,284,560,1,561,845
11/16/2022,IWA,AZ,AWP,CE,Federal Contract Tower,29,25,12,12,78,0,55,100,2,157,29,80,112,14,235,329,5,334,569
11/17/2022,IWA,AZ,AWP,CE,Federal Contract Tower,38,20,36,6,100,0,73,109,1,183,38,93,145,7,283,584,0,584,867
11/18/2022,IWA,AZ,AWP,CE,Federal Contract Tower,39,16,28,13,96,0,82,149,4,235,39,98,177,17,331,661,0,661,992
11/19/2022,IWA,AZ,AWP,CE,Federal Contract Tower,30,16,13,2,61,0,74,113,0,187,30,90,126,2,248,391,0,391,639
11/20/2022,IWA,AZ,AWP,CE,Federal Contract Tower,37,11,16,9,73,0,50,78,1,129,37,61,94,10,202,328,0,328,530
11/21/2022,IWA,AZ,AWP,CE,Federal Contract Tower,40,11,29,2,82,0,77,126,0,203,40,88,155,2,285,374,0,374,659
11/22/2022,IWA,AZ,AWP,CE,Federal Contract Tower,49,11,37,1,98,0,75,116,1,192,49,86,153,2,290,413,11,424,714
11/23/2022,IWA,AZ,AWP,CE,Federal Contract Tower,48,11,24,0,83,0,71,106,0,177,48,82,130,0,260,438,0,438,698
11/24/2022,IWA,AZ,AWP,CE,Federal Contract Tower,25,6,8,0,39,0,15,21,0,36,25,21,29,0,75,12,0,12,87
11/25/2022,IWA,AZ,AWP,CE,Federal Contract Tower,23,9,7,0,39,0,54,45,0,99,23,63,52,0,138,242,0,242,380
11/26/2022,IWA,AZ,AWP,CE,Federal Contract Tower,19,10,14,0,43,0,41,53,0,94,19,51,67,0,137,2,0,2,139
11/27/2022,IWA,AZ,AWP,CE,Federal Contract Tower,45,13,32,0,90,0,23,66,0,89,45,36,98,0,179,202,0,202,381
11/28/2022,IWA,AZ,AWP,CE,Federal Contract Tower,49,12,21,6,88,0,58,88,0,146,49,70,109,6,234,360,2,362,596
11/29/2022,IWA,AZ,AWP,CE,Federal Contract Tower,19,6,21,9,55,0,73,88,2,163,19,79,109,11,218,349,22,371,589
11/30/2022,IWA,AZ,AWP,CE,Federal Contract Tower,27,16,13,8,64,0,89,96,0,185,27,105,109,8,249,397,6,403,652
12/01/2022,IWA,AZ,AWP,CE,Federal Contract Tower,42,16,20,6,84,0,107,131,0,238,42,123,151,6,322,493,3,496,818
12/02/2022,IWA,AZ,AWP,CE,Federal Contract Tower,43,10,13,10,76,0,100,149,2,251,43,110,162,12,327,368,0,368,695
12/03/2022,IWA,AZ,AWP,CE,Federal Contract Tower,28,11,28,0,67,0,19,41,2,62,28,30,69,2,129,168,0,168,297
12/04/2022,IWA,AZ,AWP,CE,Federal Contract Tower,45,22,32,5,104,0,1,13,0,14,45,23,45,5,118,79,0,79,197
12/05/2022,IWA,AZ,AWP,CE,Federal Contract Tower,37,25,30,6,98,0,50,81,0,131,37,75,111,6,229,242,0,242,471
12/06/2022,IWA,AZ,AWP,CE,Federal Contract Tower,12,7,26,14,59,0,81,131,3,215,12,88,157,17,274,453,12,465,739
12/07/2022,IWA,AZ,AWP,CE,Federal Contract Tower,19,13,20,15,67,1,86,127,12,226,20,99,147,27,293,408,14,422,715
12/08/2022,IWA,AZ,AWP,CE,Federal Contract Tower,43,10,22,20,95,0,86,135,15,236,43,96,157,35,331,494,52,546,877
12/09/2022,IWA,AZ,AWP,CE,Federal Contract Tower,48,20,26,21,115,0,82,155,7,244,48,102,181,28,359,433,10,443,802
12/10/2022,IWA,AZ,AWP,CE,Federal Contract Tower,30,6,21,2,59,0,38,98,2,138,30,44,119,4,197,310,0,310,507
12/11/2022,IWA,AZ,AWP,CE,Federal Contract Tower,39,6,15,20,80,0,32,98,2,132,39,38,113,22,212,329,0,329,541
12/12/2022,IWA,AZ,AWP,CE,Federal Contract Tower,42,11,19,4,76,0,18,56,1,75,42,29,75,5,151,419,0,419,570
12/13/2022,IWA,AZ,AWP,CE,Federal Contract Tower,15,11,18,9,53,0,59,55,0,114,15,70,73,9,167,362,0,362,529
12/14/2022,IWA,AZ,AWP,CE,Federal Contract Tower,9,18,25,6,58,0,80,102,4,186,9,98,127,10,244,353,10,363,607
12/15/2022,IWA,AZ,AWP,CE,Federal Contract Tower,34,10,31,5,80,0,90,106,0,196,34,100,137,5,276,327,3,330,606
12/16/2022,IWA,AZ,AWP,CE,Federal Contract Tower,42,7,31,11,91,0,85,127,5,217,42,92,158,16,308,339,10,349,657
12/17/2022,IWA,AZ,AWP,CE,Federal Contract Tower,41,5,13,11,70,0,41,90,6,137,41,46,103,17,207,278,18,296,503
12/18/2022,IWA,AZ,AWP,CE,Federal Contract Tower,49,3,10,8,70,0,32,74,4,110,49,35,84,12,180,189,0,189,369
12/19/2022,IWA,AZ,AWP,CE,Federal Contract Tower,40,17,25,3,85,0,60,96,1,157,40,77,121,4,242,353,0,353,595
12/20/2022,IWA,AZ,AWP,CE,Federal Contract Tower,45,9,30,6,90,0,82,111,0,193,45,91,141,6,283,312,1,313,596
12/21/2022,IWA,AZ,AWP,CE,Federal Contract Tower,52,14,16,2,84,0,95,96,1,192,52,109,112,3,276,381,9,390,666
12/22/2022,IWA,AZ,AWP,CE,Federal Contract Tower,35,14,19,5,73,0,72,78,0,150,35,86,97,5,223,339,0,339,562
12/23/2022,IWA,AZ,AWP,CE,Federal Contract Tower,34,12,20,1,67,0,90,42,0,132,34,102,62,1,199,230,0,230,429
12/24/2022,IWA,AZ,AWP,CE,Federal Contract Tower,31,5,5,0,41,0,12,11,0,23,31,17,16,0,64,24,0,24,88
12/25/2022,IWA,AZ,AWP,CE,Federal Contract Tower,35,1,0,0,36,0,8,5,0,13,35,9,5,0,49,0,0,0,49
12/26/2022,IWA,AZ,AWP,CE,Federal Contract Tower,46,6,23,0,75,0,44,29,0,73,46,50,52,0,148,119,0,119,267
12/27/2022,IWA,AZ,AWP,CE,Federal Contract Tower,47,1,19,2,69,0,62,57,1,120,47,63,76,3,189,202,0,202,391
12/28/2022,IWA,AZ,AWP,CE,Federal Contract Tower,45,16,22,0,83,0,4,0,0,4,45,20,22,0,87,8,0,8,95
12/29/2022,IWA,AZ,AWP,CE,Federal Contract Tower,47,13,11,1,72,0,58,54,0,112,47,71,65,1,184,304,4,308,492
12/30/2022,IWA,AZ,AWP,CE,Federal Contract Tower,49,14,25,0,88,0,9,11,0,20,49,23,36,0,108,77,0,77,185
12/31/2022,IWA,AZ,AWP,CE,Federal Contract Tower,45,3,9,0,57,0,11,56,0,67,45,14,65,0,124,203,0,203,327
01/01/2023,IWA,AZ,AWP,CE,Federal Contract Tower,41,5,9,0,55,0,0,0,0,0,41,5,9,0,55,0,0,0,55
01/02/2023,IWA,AZ,AWP,CE,Federal Contract Tower,43,2,9,0,54,0,56,34,0,90,43,58,43,0,144,287,0,287,431
01/03/2023,IWA,AZ,AWP,CE,Federal Contract Tower,41,5,19,2,67,0,65,81,5,151,41,70,100,7,218,583,14,597,815
01/04/2023,IWA,AZ,AWP,CE,Federal Contract Tower,34,13,25,5,77,0,97,135,3,235,34,110,160,8,312,394,0,394,706
01/05/2023,IWA,AZ,AWP,CE,Federal Contract Tower,38,12,23,2,75,0,93,125,0,218,38,105,148,2,293,415,0,415,708
01/06/2023,IWA,AZ,AWP,CE,Federal Contract Tower,40,13,28,3,84,0,77,151,1,229,40,90,179,4,313,462,2,464,777
01/07/2023,IWA,AZ,AWP,CE,Federal Contract Tower,26,10,22,11,69,0,63,90,2,155,26,73,112,13,224,398,8,406,630
01/08/2023,IWA,AZ,AWP,CE,Federal Contract Tower,39,6,31,5,81,0,33,84,3,120,39,39,115,8,201,264,1,265,466
01/09/2023,IWA,AZ,AWP,CE,Federal Contract Tower,39,11,26,10,86,0,80,143,6,229,39,91,169,16,315,396,0,396,711
01/10/2023,IWA,AZ,AWP,CE,Federal Contract Tower,20,10,40,4,74,0,79,147,2,228,20,89,187,6,302,598,0,598,900
01/11/2023,IWA,AZ,AWP,CE,Federal Contract Tower,31,15,25,6,77,0,86,119,3,208,31,101,144,9,285,479,36,515,800
01/12/2023,IWA,AZ,AWP,CE,Federal Contract Tower,44,11,29,3,87,0,90,150,0,240,44,101,179,3,327,582,0,582,909
01/13/2023,IWA,AZ,AWP,CE,Federal Contract Tower,44,9,29,8,90,0,75,158,1,234,44,84,187,9,324,301,10,311,635
01/14/2023,IWA,AZ,AWP,CE,Federal Contract Tower,30,10,22,2,64,0,45,113,2,160,30,55,135,4,224,486,0,486,710
01/15/2023,IWA,AZ,AWP,CE,Federal Contract Tower,37,11,14,2,64,0,6,15,1,22,37,17,29,3,86,70,0,70,156
01/16/2023,IWA,AZ,AWP,CE,Federal Contract Tower,39,10,12,0,61,0,9,13,0,22,39,19,25,0,83,30,0,30,113
01/17/2023,IWA,AZ,AWP,CE,Federal Contract Tower,14,18,18,5,55,0,66,135,0,201,14,84,153,5,256,346,2,348,604
01/18/2023,IWA,AZ,AWP,CE,Federal Contract Tower,34,21,30,3,88,0,84,158,0,242,34,105,188,3,330,559,3,562,892
01/19/2023,IWA,AZ,AWP,CE,Federal Contract Tower,39,10,22,7,78,0,104,181,1,286,39,114,203,8,364,599,0,599,963
01/20/2023,IWA,AZ,AWP,CE,Federal Contract Tower,39,13,37,1,90,0,102,200,2,304,39,115,237,3,394,527,0,527,921
01/21/2023,IWA,AZ,AWP,CE,Federal Contract Tower,26,4,26,0,56,0,48,117,1,166,26,52,143,1,222,429,0,429,651
01/22/2023,IWA,AZ,AWP,CE,Federal Contract Tower,39,5,24,1,69,0,34,100,0,134,39,39,124,1,203,438,0,438,641
01/23/2023,IWA,AZ,AWP,CE,Federal Contract Tower,42,7,18,6,73,0,87,130,0,217,42,94,148,6,290,554,0,554,844
01/24/2023,IWA,AZ,AWP,CE,Federal Contract Tower,18,10,28,6,62,0,113,144,6,263,18,123,172,12,325,482,1,483,808
01/25/2023,IWA,AZ,AWP,CE,Federal Contract Tower,35,13,26,4,78,0,139,186,0,325,35,152,212,4,403,690,0,690,1093
01/26/2023,IWA,AZ,AWP,CE,Federal Contract Tower,40,20,24,7,91,0,92,85,10,187,40,112,109,17,278,140,10,150,428
01/27/2023,IWA,AZ,AWP,CE,Federal Contract Tower,39,14,30,15,98,0,135,191,3,329,39,149,221,18,427,616,2,618,1045
01/28/2023,IWA,AZ,AWP,CE,Federal Contract Tower,32,2,20,2,56,0,87,160,2,249,32,89,180,4,305,546,0,546,851
01/29/2023,IWA,AZ,AWP,CE,Federal Contract Tower,38,5,14,14,71,0,40,90,3,133,38,45,104,17,204,394,0,394,598
01/30/2023,IWA,AZ,AWP,CE,Federal Contract Tower,41,8,23,4,76,0,81,116,2,199,41,89,139,6,275,422,0,422,697
01/31/2023,IWA,AZ,AWP,CE,Federal Contract Tower,17,10,23,19,69,0,102,106,2,210,17,112,129,21,279,677,9,686,965
02/01/2023,IWA,AZ,AWP,CE,Federal Contract Tower,35,18,39,8,100,0,132,140,1,273,35,150,179,9,373,504,11,515,888
02/02/2023,IWA,AZ,AWP,CE,Federal Contract Tower,44,16,25,6,91,0,125,168,0,293,44,141,193,6,384,485,0,485,869
02/03/2023,IWA,AZ,AWP,CE,Federal Contract Tower,39,12,44,15,110,0,96,137,4,237,39,108,181,19,347,442,4,446,793
02/04/2023,IWA,AZ,AWP,CE,Federal Contract Tower,30,7,26,3,66,0,61,101,0,162,30,68,127,3,228,409,1,410,638
02/05/2023,IWA,AZ,AWP,CE,Federal Contract Tower,42,5,15,17,79,0,42,96,6,144,42,47,111,23,223,210,0,210,433
02/06/2023,IWA,AZ,AWP,CE,Federal Contract Tower,42,11,23,10,86,0,117,112,2,231,42,128,135,12,317,426,10,436,753
02/07/2023,IWA,AZ,AWP,CE,Federal Contract Tower,21,14,27,4,66,0,91,98,3,192,21,105,125,7,258,459,10,469,727
02/08/2023,IWA,AZ,AWP,CE,Federal Contract Tower,33,14,26,5,78,0,134,111,0,245,33,148,137,5,323,471,9,480,803
02/09/2023,IWA,AZ,AWP,CE,Federal Contract Tower,47,13,23,0,83,0,47,65,5,117,47,60,88,5,200,145,0,145,345
02/10/2023,IWA,AZ,AWP,CE,Federal Contract Tower,42,4,52,2,100,0,67,69,0,136,42,71,121,2,236,202,0,202,438
02/11/2023,IWA,AZ,AWP,CE,Federal Contract Tower,27,7,23,0,57,0,32,42,0,74,27,39,65,0,131,86,0,86,217
02/12/2023,IWA,AZ,AWP,CE,Federal Contract Tower,48,17,33,0,98,0,7,33,0,40,48,24,66,0,138,87,0,87,225
02/13/2023,IWA,AZ,AWP,CE,Federal Contract Tower,42,19,80,0,141,0,27,44,0,71,42,46,124,0,212,148,0,148,360
02/14/2023,IWA,AZ,AWP,CE,Federal Contract Tower,22,9,32,0,63,0,4,22,0,26,22,13,54,0,89,142,0,142,231
02/15/2023,IWA,AZ,AWP,CE,Federal Contract Tower,33,20,27,0,80,0,135,125,0,260,33,155,152,0,340,481,0,481,821
02/16/2023,IWA,AZ,AWP,CE,Federal Contract Tower,48,17,42,6,113,0,125,140,2,267,48,142,182,8,380,427,1,428,808
02/17/2023,IWA,AZ,AWP,CE,Federal Contract Tower,40,4,31,4,79,0,77,89,1,167,40,81,120,5,246,576,0,576,822
02/18/2023,IWA,AZ,AWP,CE,Federal Contract Tower,40,5,27,0,72,0,94,134,0,228,40,99,161,0,300,517,0,517,817
02/19/2023,IWA,AZ,AWP,CE,Federal Contract Tower,43,6,27,0,76,0,47,98,0,145,43,53,125,0,221,435,0,435,656
02/20/2023,IWA,AZ,AWP,CE,Federal Contract Tower,41,11,32,1,85,0,117,153,0,270,41,128,185,1,355,503,4,507,862
02/21/2023,IWA,AZ,AWP,CE,Federal Contract Tower,26,20,32,5,83,0,30,71,0,101,26,50,103,5,184,539,13,552,736
02/22/2023,IWA,AZ,AWP,CE,Federal Contract Tower,30,16,17,0,63,0,7,1,0,8,30,23,18,0,71,19,0,19,90
02/23/2023,IWA,AZ,AWP,CE,Federal Contract Tower,46,6,31,7,90,0,113,129,1,243,46,119,160,8,333,525,2,527,860
02/24/2023,IWA,AZ,AWP,CE,Federal Contract Tower,41,15,22,8,86,0,116,146,0,262,41,131,168,8,348,584,25,609,957
02/25/2023,IWA,AZ,AWP,CE,Federal Contract Tower,40,8,22,2,72,0,85,131,0,216,40,93,153,2,288,407,0,407,695
02/26/2023,IWA,AZ,AWP,CE,Federal Contract Tower,44,15,20,1,80,0,10,35,0,45,44,25,55,1,125,100,0,100,225
02/27/2023,IWA,AZ,AWP,CE,Federal Contract Tower,41,19,28,4,92,0,160,182,0,342,41,179,210,4,434,482,0,482,916
02/28/2023,IWA,AZ,AWP,CE,Federal Contract Tower,27,14,35,11,87,0,127,142,0,269,27,141,177,11,356,584,0,584,940
03/01/2023,IWA,AZ,AWP,CE,Federal Contract Tower,36,18,11,0,65,0,57,71,0,128,36,75,82,0,193,357,0,357,550
03/02/2023,IWA,AZ,AWP,CE,Federal Contract Tower,48,26,19,1,94,0,85,111,2,198,48,111,130,3,292,628,8,636,928
03/03/2023,IWA,AZ,AWP,CE,Federal Contract Tower,44,14,34,3,95,0,127,209,7,343,44,141,243,10,438,467,4,471,909
03/04/2023,IWA,AZ,AWP,CE,Federal Contract Tower,39,16,19,3,77,0,96,108,0,204,39,112,127,3,281,428,0,428,709
03/05/2023,IWA,AZ,AWP,CE,Federal Contract Tower,41,13,42,0,96,0,73,100,0,173,41,86,142,0,269,423,0,423,692
03/06/2023,IWA,AZ,AWP,CE,Federal Contract Tower,46,11,27,5,89,0,133,187,0,320,46,144,214,5,409,565,0,565,974
03/07/2023,IWA,AZ,AWP,CE,Federal Contract Tower,26,23,29,2,80,0,113,144,0,257,26,136,173,2,337,558,0,558,895
03/08/2023,IWA,AZ,AWP,CE,Federal Contract Tower,42,25,24,3,94,0,115,129,0,244,42,140,153,3,338,414,0,414,752
03/09/2023,IWA,AZ,AWP,CE,Federal Contract Tower,47,36,21,8,112,0,150,134,1,285,47,186,155,9,397,559,0,559,956
03/10/2023,IWA,AZ,AWP,CE,Federal Contract Tower,44,17,17,5,83,0,163,122,0,285,44,180,139,5,368,506,0,506,874
03/11/2023,IWA,AZ,AWP,CE,Federal Contract Tower,57,17,11,0,85,0,65,49,2,116,57,82,60,2,201,329,2,331,532
03/12/2023,IWA,AZ,AWP,CE,Federal Contract Tower,47,23,13,4,87,0,66,54,3,123,47,89,67,7,210,292,4,296,506
03/13/2023,IWA,AZ,AWP,CE,Federal Contract Tower,46,24,14,4,88,0,147,119,5,271,46,171,133,9,359,422,0,422,781
03/14/2023,IWA,AZ,AWP,CE,Federal Contract Tower,29,18,17,4,68,0,116,114,0,230,29,134,131,4,298,499,10,509,807
03/15/2023,IWA,AZ,AWP,CE,Federal Contract Tower,42,23,15,1,81,0,48,63,2,113,42,71,78,3,194,398,0,398,592
03/16/2023,IWA,AZ,AWP,CE,Federal Contract Tower,46,35,31,4,116,0,103,113,0,216,46,138,144,4,332,651,0,651,983
03/17/2023,IWA,AZ,AWP,CE,Federal Contract Tower,43,22,32,0,97,0,165,81,1,247,43,187,113,1,344,389,0,389,733
03/18/2023,IWA,AZ,AWP,CE,Federal Contract Tower,59,22,20,1,102,0,79,44,1,124,59,101,64,2,226,157,3,160,386
03/19/2023,IWA,AZ,AWP,CE,Federal Contract Tower,53,18,21,5,97,0,59,31,0,90,53,77,52,5,187,202,0,202,389
03/20/2023,IWA,AZ,AWP,CE,Federal Contract Tower,45,20,20,5,90,0,163,72,2,237,45,183,92,7,327,612,15,627,954
03/21/2023,IWA,AZ,AWP,CE,Federal Contract Tower,25,8,20,5,58,0,54,49,0,103,25,62,69,5,161,336,19,355,516
03/22/2023,IWA,AZ,AWP,CE,Federal Contract Tower,42,17,15,0,74,0,61,45,2,108,42,78,60,2,182,320,0,320,502
03/23/2023,IWA,AZ,AWP,CE,Federal Contract Tower,45,20,15,3,83,0,194,138,4,336,45,214,153,7,419,670,23,693,1112
03/24/2023,IWA,AZ,AWP,CE,Federal Contract Tower,46,28,17,5,96,0,156,55,1,212,46,184,72,6,308,590,0,590,898
03/25/2023,IWA,AZ,AWP,CE,Federal Contract Tower,49,25,23,2,99,0,121,47,3,171,49,146,70,5,270,352,0,352,622
03/26/2023,IWA,AZ,AWP,CE,Federal Contract Tower,44,14,17,5,80,0,74,36,0,110,44,88,53,5,190,292,0,292,482
03/27/2023,IWA,AZ,AWP,CE,Federal Contract Tower,41,20,20,4,85,0,175,76,2,253,41,195,96,6,338,531,16,547,885
03/28/2023,IWA,AZ,AWP,CE,Federal Contract Tower,24,25,17,2,68,0,195,57,0,252,24,220,74,2,320,526,0,526,846
03/29/2023,IWA,AZ,AWP,CE,Federal Contract Tower,39,21,21,1,82,0,191,59,0,250,39,212,80,1,332,425,0,425,757
03/30/2023,IWA,AZ,AWP,CE,Federal Contract Tower,51,7,23,5,86,0,95,39,0,134,51,102,62,5,220,180,4,184,404
03/31/2023,IWA,AZ,AWP,CE,Federal Contract Tower,35,31,18,7,91,0,202,52,2,256,35,233,70,9,347,437,8,445,792
04/01/2023,IWA,AZ,AWP,CE,Federal Contract Tower,46,21,16,4,87,0,174,29,0,203,46,195,45,4,290,371,0,371,661
04/02/2023,IWA,AZ,AWP,CE,Federal Contract Tower,44,20,21,6,91,0,119,44,0,163,44,139,65,6,254,280,0,280,534
04/03/2023,IWA,AZ,AWP,CE,Federal Contract Tower,32,6,23,4,65,0,75,29,0,104,32,81,52,4,169,191,1,192,361
04/04/2023,IWA,AZ,AWP,CE,Federal Contract Tower,25,17,15,6,63,0,97,52,6,155,25,114,67,12,218,179,8,187,405
04/05/2023,IWA,AZ,AWP,CE,Federal Contract Tower,41,38,20,1,100,0,215,54,2,271,41,253,74,3,371,596,0,596,967
04/06/2023,IWA,AZ,AWP,CE,Federal Contract Tower,47,43,21,4,115,0,203,33,1,237,47,246,54,5,352,534,0,534,886
04/07/2023,IWA,AZ,AWP,CE,Federal Contract Tower,33,31,12,0,76,0,173,53,0,226,33,204,65,0,302,534,3,537,839
04/08/2023,IWA,AZ,AWP,CE,Federal Contract Tower,45,25,15,2,87,0,106,27,0,133,45,131,42,2,220,364,67,431,651
04/09/2023,IWA,AZ,AWP,CE,Federal Contract Tower,48,9,7,0,64,0,67,17,0,84,48,76,24,0,148,183,0,183,331
04/10/2023,IWA,AZ,AWP,CE,Federal Contract Tower,41,20,18,0,79,0,168,27,0,195,41,188,45,0,274,413,0,413,687
04/11/2023,IWA,AZ,AWP,CE,Federal Contract Tower,18,25,12,0,55,0,189,25,9,223,18,214,37,9,278,436,16,452,730
04/12/2023,IWA,AZ,AWP,CE,Federal Contract Tower,39,30,12,4,85,0,167,38,0,205,39,197,50,4,290,357,14,371,661
04/13/2023,IWA,AZ,AWP,CE,Federal Contract Tower,43,13,11,3,70,0,147,30,5,182,43,160,41,8,252,119,17,136,388
04/14/2023,IWA,AZ,AWP,CE,Federal Contract Tower,33,27,19,2,81,0,246,42,0,288,33,273,61,2,369,303,8,311,680
04/15/2023,IWA,AZ,AWP,CE,Federal Contract Tower,34,14,12,1,61,0,130,28,0,158,34,144,40,1,219,385,0,385,604
04/16/2023,IWA,AZ,AWP,CE,Federal Contract Tower,43,14,14,1,72,0,99,25,0,124,43,113,39,1,196,321,0,321,517
04/17/2023,IWA,AZ,AWP,CE,Federal Contract Tower,36,20,21,0,77,0,180,30,0,210,36,200,51,0,287,460,0,460,747
04/18/2023,IWA,AZ,AWP,CE,Federal Contract Tower,13,20,17,5,55,0,155,36,1,192,13,175,53,6,247,440,2,442,689
04/19/2023,IWA,AZ,AWP,CE,Federal Contract Tower,33,17,18,1,69,0,152,24,0,176,33,169,42,1,245,339,0,339,584
04/20/2023,IWA,AZ,AWP,CE,Federal Contract Tower,43,31,21,6,101,0,190,53,4,247,43,221,74,10,348,547,0,547,895
04/21/2023,IWA,AZ,AWP,CE,Federal Contract Tower,29,26,14,3,72,0,175,56,0,231,29,201,70,3,303,339,0,339,642
04/22/2023,IWA,AZ,AWP,CE,Federal Contract Tower,30,32,14,1,77,0,123,37,0,160,30,155,51,1,237,180,0,180,417
04/23/2023,IWA,AZ,AWP,CE,Federal Contract Tower,43,23,16,4,86,0,95,21,1,117,43,118,37,5,203,247,0,247,450
04/24/2023,IWA,AZ,AWP,CE,Federal Contract Tower,31,26,16,0,73,0,178,26,0,204,31,204,42,0,277,380,0,380,657
04/25/2023,IWA,AZ,AWP,CE,Federal Contract Tower,13,17,20,9,59,0,175,41,4,220,13,192,61,13,279,410,0,410,689
04/26/2023,IWA,AZ,AWP,CE,Federal Contract Tower,32,12,16,1,61,0,200,30,0,230,32,212,46,1,291,456,0,456,747
04/27/2023,IWA,AZ,AWP,CE,Federal Contract Tower,47,20,18,2,87,0,172,46,2,220,47,192,64,4,307,527,0,527,834
04/28/2023,IWA,AZ,AWP,CE,Federal Contract Tower,37,25,31,8,101,0,174,42,0,216,37,199,73,8,317,615,16,631,948
04/29/2023,IWA,AZ,AWP,CE,Federal Contract Tower,26,29,11,12,78,0,116,31,6,153,26,145,42,18,231,474,16,490,721
04/30/2023,IWA,AZ,AWP,CE,Federal Contract Tower,34,29,21,9,93,0,106,20,3,129,34,135,41,12,222,262,3,265,487
05/01/2023,IWA,AZ,AWP,CE,Federal Contract Tower,31,11,22,4,68,0,96,33,1,130,31,107,55,5,198,267,0,267,465
05/02/2023,IWA,AZ,AWP,CE,Federal Contract Tower,10,18,17,3,48,0,190,48,0,238,10,208,65,3,286,425,19,444,730
05/03/2023,IWA,AZ,AWP,CE,Federal Contract Tower,26,27,16,1,70,0,158,60,4,222,26,185,76,5,292,432,3,435,727
05/04/2023,IWA,AZ,AWP,CE,Federal Contract Tower,39,13,14,0,66,0,130,48,1,179,39,143,62,1,245,402,0,402,647
05/05/2023,IWA,AZ,AWP,CE,Federal Contract Tower,33,17,18,7,75,0,170,63,2,235,33,187,81,9,310,565,2,567,877
05/06/2023,IWA,AZ,AWP,CE,Federal Contract Tower,26,12,8,0,46,0,141,36,0,177,26,153,44,0,223,268,0,268,491
05/07/2023,IWA,AZ,AWP,CE,Federal Contract Tower,37,20,7,4,68,0,121,29,2,152,37,141,36,6,220,420,0,420,640
05/08/2023,IWA,AZ,AWP,CE,Federal Contract Tower,29,17,18,3,67,0,195,78,2,275,29,212,96,5,342,548,0,548,890
05/09/2023,IWA,AZ,AWP,CE,Federal Contract Tower,11,27,13,3,54,0,200,59,0,259,11,227,72,3,313,626,0,626,939
05/10/2023,IWA,AZ,AWP,CE,Federal Contract Tower,28,18,13,6,65,0,167,54,0,221,28,185,67,6,286,518,5,523,809
05/11/2023,IWA,AZ,AWP,CE,Federal Contract Tower,37,19,14,2,72,0,192,36,3,231,37,211,50,5,303,532,0,532,835
05/12/2023,IWA,AZ,AWP,CE,Federal Contract Tower,33,22,18,2,75,0,171,33,0,204,33,193,51,2,279,440,3,443,722
05/13/2023,IWA,AZ,AWP,CE,Federal Contract Tower,24,22,17,16,79,0,93,22,0,115,24,115,39,16,194,280,52,332,526
05/14/2023,IWA,AZ,AWP,CE,Federal Contract Tower,38,17,11,10,76,0,36,19,1,56,38,53,30,11,132,140,0,140,272
05/15/2023,IWA,AZ,AWP,CE,Federal Contract Tower,30,7,12,0,49,0,101,33,2,136,30,108,45,2,185,215,0,215,400
05/16/2023,IWA,AZ,AWP,CE,Federal Contract Tower,11,13,16,0,40,0,135,32,0,167,11,148,48,0,207,358,0,358,565
05/17/2023,IWA,AZ,AWP,CE,Federal Contract Tower,23,26,20,12,81,0,216,36,0,252,23,242,56,12,333,489,0,489,822
05/18/2023,IWA,AZ,AWP,CE,Federal Contract Tower,27,18,17,2,64,0,176,54,0,230,27,194,71,2,294,533,0,533,827
05/19/2023,IWA,AZ,AWP,CE,Federal Contract Tower,27,22,17,3,69,0,167,53,2,222,27,189,70,5,291,386,0,386,677
05/20/2023,IWA,AZ,AWP,CE,Federal Contract Tower,19,31,11,1,62,0,133,18,1,152,19,164,29,2,214,339,0,339,553
05/21/2023,IWA,AZ,AWP,CE,Federal Contract Tower,27,27,4,2,60,0,65,11,1,77,27,92,15,3,137,207,0,207,344
05/22/2023,IWA,AZ,AWP,CE,Federal Contract Tower,25,10,23,3,61,0,160,24,3,187,25,170,47,6,248,397,0,397,645
05/23/2023,IWA,AZ,AWP,CE,Federal Contract Tower,20,10,24,6,60,0,191,77,2,270,20,201,101,8,330,492,14,506,836
05/24/2023,IWA,AZ,AWP,CE,Federal Contract Tower,27,26,26,2,81,0,204,38,3,245,27,230,64,5,326,435,10,445,771
05/25/2023,IWA,AZ,AWP,CE,Federal Contract Tower,30,20,22,2,74,0,163,37,1,201,30,183,59,3,275,351,6,357,632
05/26/2023,IWA,AZ,AWP,CE,Federal Contract Tower,32,20,11,0,63,0,141,50,0,191,32,161,61,0,254,350,0,350,604
05/27/2023,IWA,AZ,AWP,CE,Federal Contract Tower,20,10,3,0,33,0,124,20,0,144,20,134,23,0,177,398,0,398,575
05/28/2023,IWA,AZ,AWP,CE,Federal Contract Tower,27,18,5,0,50,0,58,20,0,78,27,76,25,0,128,84,0,84,212
05/29/2023,IWA,AZ,AWP,CE,Federal Contract Tower,27,14,10,0,51,0,139,11,0,150,27,153,21,0,201,307,0,307,508
05/30/2023,IWA,AZ,AWP,CE,Federal Contract Tower,24,14,27,1,66,0,128,44,0,172,24,142,71,1,238,447,16,463,701
05/31/2023,IWA,AZ,AWP,CE,Federal Contract Tower,32,15,25,2,74,0,165,26,0,191,32,180,51,2,265,268,0,268,533
06/01/2023,IWA,AZ,AWP,CE,Federal Contract Tower,31,18,14,6,69,0,214,38,0,252,31,232,52,6,321,497,18,515,836
06/02/2023,IWA,AZ,AWP,CE,Federal Contract Tower,30,22,13,2,67,0,182,42,1,225,30,204,55,3,292,471,0,471,763
06/03/2023,IWA,AZ,AWP,CE,Federal Contract Tower,24,10,8,1,43,0,137,29,11,177,24,147,37,12,220,406,0,406,626
06/04/2023,IWA,AZ,AWP,CE,Federal Contract Tower,26,8,6,0,40,0,119,31,0,150,26,127,37,0,190,297,0,297,487
06/05/2023,IWA,AZ,AWP,CE,Federal Contract Tower,28,12,17,0,57,0,215,41,0,256,28,227,58,0,313,488,0,488,801
06/06/2023,IWA,AZ,AWP,CE,Federal Contract Tower,18,20,12,2,52,0,224,44,3,271,18,244,56,5,323,450,0,450,773
06/07/2023,IWA,AZ,AWP,CE,Federal Contract Tower,28,26,20,0,74,0,214,37,0,251,28,240,57,0,325,613,0,613,938
06/08/2023,IWA,AZ,AWP,CE,Federal Contract Tower,30,22,21,0,73,0,203,41,0,244,30,225,62,0,317,452,0,452,769
06/09/2023,IWA,AZ,AWP,CE,Federal Contract Tower,30,12,10,4,56,0,218,24,0,242,30,230,34,4,298,592,10,602,900
06/10/2023,IWA,AZ,AWP,CE,Federal Contract Tower,23,10,5,15,53,0,137,19,4,160,23,147,24,19,213,396,13,409,622
06/11/2023,IWA,AZ,AWP,CE,Federal Contract Tower,26,10,13,0,49,0,66,8,0,74,26,76,21,0,123,254,0,254,377
06/12/2023,IWA,AZ,AWP,CE,Federal Contract Tower,25,19,24,4,72,0,219,42,2,263,25,238,66,6,335,596,7,603,938
06/13/2023,IWA,AZ,AWP,CE,Federal Contract Tower,19,16,23,4,62,0,179,57,2,238,19,195,80,6,300,629,0,629,929
06/14/2023,IWA,AZ,AWP,CE,Federal Contract Tower,35,24,24,0,83,0,208,54,0,262,35,232,78,0,345,739,0,739,1084
06/15/2023,IWA,AZ,AWP,CE,Federal Contract Tower,31,25,15,2,73,0,216,65,1,282,31,241,80,3,355,642,4,646,1001
06/16/2023,IWA,AZ,AWP,CE,Federal Contract Tower,28,17,15,2,62,0,185,49,8,242,28,202,64,10,304,464,8,472,776
06/17/2023,IWA,AZ,AWP,CE,Federal Contract Tower,25,14,11,0,50,0,169,35,2,206,25,183,46,2,256,468,0,468,724
06/18/2023,IWA,AZ,AWP,CE,Federal Contract Tower,26,12,9,0,47,0,92,17,1,110,26,104,26,1,157,202,2,204,361
06/19/2023,IWA,AZ,AWP,CE,Federal Contract Tower,31,24,15,0,70,0,196,38,0,234,31,220,53,0,304,423,0,423,727
06/20/2023,IWA,AZ,AWP,CE,Federal Contract Tower,16,23,20,2,61,0,208,57,1,266,16,231,77,3,327,365,0,365,692
06/21/2023,IWA,AZ,AWP,CE,Federal Contract Tower,26,15,25,0,66,0,217,44,0,261,26,232,69,0,327,536,0,536,863
06/22/2023,IWA,AZ,AWP,CE,Federal Contract Tower,29,22,14,2,67,0,220,51,2,273,29,242,65,4,340,592,0,592,932
06/23/2023,IWA,AZ,AWP,CE,Federal Contract Tower,33,27,16,1,77,0,203,55,0,258,33,230,71,1,335,574,3,577,912
06/24/2023,IWA,AZ,AWP,CE,Federal Contract Tower,28,18,8,0,54,0,143,28,1,172,28,161,36,1,226,297,0,297,523
06/25/2023,IWA,AZ,AWP,CE,Federal Contract Tower,27,18,7,2,54,0,74,30,0,104,27,92,37,2,158,94,0,94,252
06/26/2023,IWA,AZ,AWP,CE,Federal Contract Tower,29,17,15,5,66,0,159,34,2,195,29,176,49,7,261,388,11,399,660
06/27/2023,IWA,AZ,AWP,CE,Federal Contract Tower,19,19,18,0,56,0,184,61,1,246,19,203,79,1,302,399,15,414,716
06/28/2023,IWA,AZ,AWP,CE,Federal Contract Tower,30,16,23,4,73,0,173,40,6,219,30,189,63,10,292,368,18,386,678
06/29/2023,IWA,AZ,AWP,CE,Federal Contract Tower,33,34,22,2,91,0,215,29,12,256,33,249,51,14,347,433,2,435,782
06/30/2023,IWA,AZ,AWP,CE,Federal Contract Tower,34,16,7,0,57,0,213,26,0,239,34,229,33,0,296,405,0,405,701
07/01/2023,IWA,AZ,AWP,CE,Federal Contract Tower,26,20,6,0,52,0,112,24,0,136,26,132,30,0,188,167,0,167,355
07/02/2023,IWA,AZ,AWP,CE,Federal Contract Tower,26,8,3,1,38,0,74,14,0,88,26,82,17,1,126,101,0,101,227
07/03/2023,IWA,AZ,AWP,CE,Federal Contract Tower,26,14,12,0,52,0,176,20,0,196,26,190,32,0,248,274,0,274,522
07/04/2023,IWA,AZ,AWP,CE,Federal Contract Tower,12,8,1,0,21,0,54,14,0,68,12,62,15,0,89,118,0,118,207
07/05/2023,IWA,AZ,AWP,CE,Federal Contract Tower,26,26,12,2,66,0,158,59,2,219,26,184,71,4,285,455,22,477,762
07/06/2023,IWA,AZ,AWP,CE,Federal Contract Tower,24,13,13,2,52,0,188,64,2,254,24,201,77,4,306,579,26,605,911
07/07/2023,IWA,AZ,AWP,CE,Federal Contract Tower,26,20,14,2,62,0,201,43,0,244,26,221,57,2,306,444,10,454,760
07/08/2023,IWA,AZ,AWP,CE,Federal Contract Tower,33,13,7,0,53,0,153,6,0,159,33,166,13,0,212,416,0,416,628
07/09/2023,IWA,AZ,AWP,CE,Federal Contract Tower,25,7,8,0,40,0,90,9,2,101,25,97,17,2,141,218,0,218,359
07/10/2023,IWA,AZ,AWP,CE,Federal Contract Tower,26,20,17,4,67,0,182,33,11,226,26,202,50,15,293,462,8,470,763
07/11/2023,IWA,AZ,AWP,CE,Federal Contract Tower,20,17,10,8,55,0,200,30,18,248,20,217,40,26,303,415,2,417,720
07/12/2023,IWA,AZ,AWP,CE,Federal Contract Tower,34,21,14,4,73,0,199,22,0,221,34,220,36,4,294,371,0,371,665
07/13/2023,IWA,AZ,AWP,CE,Federal Contract Tower,30,17,16,0,63,0,165,22,0,187,30,182,38,0,250,350,1,351,601
07/14/2023,IWA,AZ,AWP,CE,Federal Contract Tower,31,22,13,0,66,0,146,36,1,183,31,168,49,1,249,331,4,335,584
07/15/2023,IWA,AZ,AWP,CE,Federal Contract Tower,28,12,11,0,51,0,107,13,0,120,28,119,24,0,171,257,0,257,428
07/16/2023,IWA,AZ,AWP,CE,Federal Contract Tower,23,12,9,1,45,0,77,22,0,99,23,89,31,1,144,274,0,274,418
07/17/2023,IWA,AZ,AWP,CE,Federal Contract Tower,33,8,13,1,55,0,147,16,1,164,33,155,29,2,219,276,2,278,497
07/18/2023,IWA,AZ,AWP,CE,Federal Contract Tower,18,19,17,4,58,0,159,22,0,181,18,178,39,4,239,421,0,421,660
07/19/2023,IWA,AZ,AWP,CE,Federal Contract Tower,32,17,18,0,67,0,170,33,3,206,32,187,51,3,273,360,0,360,633
07/20/2023,IWA,AZ,AWP,CE,Federal Contract Tower,30,16,11,0,57,0,123,32,2,157,30,139,43,2,214,431,0,431,645
07/21/2023,IWA,AZ,AWP,CE,Federal Contract Tower,28,13,13,3,57,0,152,15,0,167,28,165,28,3,224,437,0,437,661
07/22/2023,IWA,AZ,AWP,CE,Federal Contract Tower,34,13,10,1,58,0,116,2,0,118,34,129,12,1,176,214,0,214,390
07/23/2023,IWA,AZ,AWP,CE,Federal Contract Tower,25,10,14,0,49,0,114,17,0,131,25,124,31,0,180,113,0,113,293
07/24/2023,IWA,AZ,AWP,CE,Federal Contract Tower,34,16,15,5,70,0,148,29,3,180,34,164,44,8,250,432,0,432,682
07/25/2023,IWA,AZ,AWP,CE,Federal Contract Tower,23,16,12,2,53,0,176,31,12,219,23,192,43,14,272,296,0,296,568
07/26/2023,IWA,AZ,AWP,CE,Federal Contract Tower,30,30,14,0,74,0,153,20,3,176,30,183,34,3,250,262,0,262,512
07/27/2023,IWA,AZ,AWP,CE,Federal Contract Tower,29,21,13,0,63,0,149,34,2,185,29,170,47,2,248,299,0,299,547
07/28/2023,IWA,AZ,AWP,CE,Federal Contract Tower,31,25,22,1,79,0,148,62,2,212,31,173,84,3,291,384,0,384,675
07/29/2023,IWA,AZ,AWP,CE,Federal Contract Tower,29,15,6,0,50,0,145,26,0,171,29,160,32,0,221,258,0,258,479
07/30/2023,IWA,AZ,AWP,CE,Federal Contract Tower,27,10,7,0,44,0,29,5,0,34,27,39,12,0,78,107,0,107,185
07/31/2023,IWA,AZ,AWP,CE,Federal Contract Tower,32,14,12,4,62,0,114,41,2,157,32,128,53,6,219,262,0,262,481
08/01/2023,IWA,AZ,AWP,CE,Federal Contract Tower,18,26,21,0,65,0,118,32,0,150,18,144,53,0,215,366,0,366,581
08/02/2023,IWA,AZ,AWP,CE,Federal Contract Tower,30,14,17,2,63,0,124,33,0,157,30,138,50,2,220,361,0,361,581
08/03/2023,IWA,AZ,AWP,CE,Federal Contract Tower,27,19,18,1,65,0,166,41,5,212,27,185,59,6,277,426,0,426,703
08/04/2023,IWA,AZ,AWP,CE,Federal Contract Tower,28,17,13,2,60,0,143,42,2,187,28,160,55,4,247,365,0,365,612
08/05/2023,IWA,AZ,AWP,CE,Federal Contract Tower,31,15,16,3,65,0,118,23,0,141,31,133,39,3,206,234,0,234,440
08/06/2023,IWA,AZ,AWP,CE,Federal Contract Tower,27,16,7,0,50,0,84,25,0,109,27,100,32,0,159,246,0,246,405
08/07/2023,IWA,AZ,AWP,CE,Federal Contract Tower,29,18,13,0,60,0,152,22,2,176,29,170,35,2,236,329,0,329,565
08/08/2023,IWA,AZ,AWP,CE,Federal Contract Tower,19,11,11,0,41,0,82,22,0,104,19,93,33,0,145,222,0,222,367
08/09/2023,IWA,AZ,AWP,CE,Federal Contract Tower,29,26,22,0,77,0,165,25,1,191,29,191,47,1,268,380,0,380,648
08/10/2023,IWA,AZ,AWP,CE,Federal Contract Tower,35,25,14,2,76,0,170,29,0,199,35,195,43,2,275,368,11,379,654
08/11/2023,IWA,AZ,AWP,CE,Federal Contract Tower,33,13,11,1,58,0,139,49,3,191,33,152,60,4,249,402,0,402,651
08/12/2023,IWA,AZ,AWP,CE,Federal Contract Tower,29,13,11,0,53,0,103,24,0,127,29,116,35,0,180,384,0,384,564
08/13/2023,IWA,AZ,AWP,CE,Federal Contract Tower,28,18,6,1,53,0,73,8,0,81,28,91,14,1,134,193,0,193,327
08/14/2023,IWA,AZ,AWP,CE,Federal Contract Tower,34,18,11,0,63,0,154,32,1,187,34,172,43,1,250,456,8,464,714
08/15/2023,IWA,AZ,AWP,CE,Federal Contract Tower,16,6,16,3,41,0,161,43,0,204,16,167,59,3,245,500,0,500,745
08/16/2023,IWA,AZ,AWP,CE,Federal Contract Tower,13,7,9,3,32,0,150,29,0,179,13,157,38,3,211,551,4,555,766
08/17/2023,IWA,AZ,AWP,CE,Federal Contract Tower,32,12,18,1,63,0,149,17,0,166,32,161,35,1,229,459,0,459,688
08/18/2023,IWA,AZ,AWP,CE,Federal Contract Tower,31,8,21,1,61,0,93,30,1,124,31,101,51,2,185,229,0,229,414
08/19/2023,IWA,AZ,AWP,CE,Federal Contract Tower,12,16,9,2,39,0,135,35,0,170,12,151,44,2,209,487,0,487,696
08/20/2023,IWA,AZ,AWP,CE,Federal Contract Tower,38,6,3,0,47,0,35,12,0,47,38,41,15,0,94,101,0,101,195
08/21/2023,IWA,AZ,AWP,CE,Federal Contract Tower,26,19,12,4,61,0,99,28,8,135,26,118,40,12,196,345,0,345,541
08/22/2023,IWA,AZ,AWP,CE,Federal Contract Tower,20,27,15,2,64,0,257,34,4,295,20,284,49,6,359,706,6,712,1071
08/23/2023,IWA,AZ,AWP,CE,Federal Contract Tower,14,9,16,5,44,0,217,26,1,244,14,226,42,6,288,569,24,593,881
08/24/2023,IWA,AZ,AWP,CE,Federal Contract Tower,44,23,27,2,96,0,318,29,0,347,44,341,56,2,443,793,0,793,1236
08/25/2023,IWA,AZ,AWP,CE,Federal Contract Tower,35,19,17,3,74,0,265,22,0,287,35,284,39,3,361,791,0,791,1152
08/26/2023,IWA,AZ,AWP,CE,Federal Contract Tower,11,13,3,3,30,0,153,13,1,167,11,166,16,4,197,353,0,353,550
08/27/2023,IWA,AZ,AWP,CE,Federal Contract Tower,37,13,4,4,58,0,89,9,1,99,37,102,13,5,157,292,0,292,449
08/28/2023,IWA,AZ,AWP,CE,Federal Contract Tower,30,21,18,1,70,0,229,45,0,274,30,250,63,1,344,563,0,563,907
08/29/2023,IWA,AZ,AWP,CE,Federal Contract Tower,18,13,19,1,51,0,250,40,0,290,18,263,59,1,341,532,0,532,873
08/30/2023,IWA,AZ,AWP,CE,Federal Contract Tower,15,25,14,6,60,0,286,39,0,325,15,311,53,6,385,733,17,750,1135
08/31/2023,IWA,AZ,AWP,CE,Federal Contract Tower,39,14,14,5,72,0,222,34,0,256,39,236,48,5,328,473,5,478,806
