10/01/2000,IXD,KS,ACE,CE,Federal Contract Tower,0,1,10,0,11,0,0,62,0,62,0,1,72,0,73,68,0,68,141
10/02/2000,IXD,KS,ACE,CE,Federal Contract Tower,0,2,12,0,14,0,0,70,4,74,0,2,82,4,88,104,0,104,192
10/03/2000,IXD,KS,ACE,CE,Federal Contract Tower,0,4,32,1,37,0,3,57,7,67,0,7,89,8,104,103,32,135,239
10/04/2000,IXD,KS,ACE,CE,Federal Contract Tower,0,3,47,0,50,0,0,1,0,1,0,3,48,0,51,29,0,29,80
10/05/2000,IXD,KS,ACE,CE,Federal Contract Tower,0,3,42,0,45,0,0,0,0,0,0,3,42,0,45,14,0,14,59
10/06/2000,IXD,KS,ACE,CE,Federal Contract Tower,0,2,28,1,31,0,0,38,1,39,0,2,66,2,70,70,0,70,140
10/07/2000,IXD,KS,ACE,CE,Federal Contract Tower,0,0,11,0,11,0,0,38,0,38,0,0,49,0,49,74,0,74,123
10/08/2000,IXD,KS,ACE,CE,Federal Contract Tower,0,0,15,0,15,0,0,58,0,58,0,0,73,0,73,136,0,136,209
10/09/2000,IXD,KS,ACE,CE,Federal Contract Tower,0,0,28,0,28,0,0,60,0,60,0,0,88,0,88,139,0,139,227
10/10/2000,IXD,KS,ACE,CE,Federal Contract Tower,0,2,27,1,30,0,0,70,6,76,0,2,97,7,106,77,31,108,214
10/11/2000,IXD,KS,ACE,CE,Federal Contract Tower,0,1,19,1,21,0,0,75,1,76,0,1,94,2,97,120,29,149,246
10/12/2000,IXD,KS,ACE,CE,Federal Contract Tower,0,2,31,0,33,0,3,71,0,74,0,5,102,0,107,38,0,38,145
10/13/2000,IXD,KS,ACE,CE,Federal Contract Tower,0,1,21,0,22,0,2,40,5,47,0,3,61,5,69,30,6,36,105
10/14/2000,IXD,KS,ACE,CE,Federal Contract Tower,0,0,10,0,10,0,1,36,0,37,0,1,46,0,47,40,0,40,87
10/15/2000,IXD,KS,ACE,CE,Federal Contract Tower,0,0,32,0,32,0,0,9,3,12,0,0,41,3,44,46,0,46,90
10/16/2000,IXD,KS,ACE,CE,Federal Contract Tower,0,1,23,0,24,0,0,50,2,52,0,1,73,2,76,116,0,116,192
10/17/2000,IXD,KS,ACE,CE,Federal Contract Tower,0,2,34,0,36,0,0,46,6,52,0,2,80,6,88,120,18,138,226
10/18/2000,IXD,KS,ACE,CE,Federal Contract Tower,0,2,31,0,33,0,1,87,8,96,0,3,118,8,129,142,32,174,303
10/19/2000,IXD,KS,ACE,CE,Federal Contract Tower,0,2,28,0,30,0,4,68,8,80,0,6,96,8,110,110,8,118,228
10/20/2000,IXD,KS,ACE,CE,Federal Contract Tower,0,2,31,0,33,0,2,62,4,68,0,4,93,4,101,124,4,128,229
10/21/2000,IXD,KS,ACE,CE,Federal Contract Tower,0,0,20,0,20,0,0,35,8,43,0,0,55,8,63,90,16,106,169
10/22/2000,IXD,KS,ACE,CE,Federal Contract Tower,0,0,19,0,19,0,0,20,4,24,0,0,39,4,43,36,12,48,91
10/23/2000,IXD,KS,ACE,CE,Federal Contract Tower,0,2,25,0,27,0,4,3,2,9,0,6,28,2,36,60,0,60,96
10/24/2000,IXD,KS,ACE,CE,Federal Contract Tower,0,3,36,0,39,0,1,38,2,41,0,4,74,2,80,94,8,102,182
10/25/2000,IXD,KS,ACE,CE,Federal Contract Tower,0,3,37,0,40,0,0,22,2,24,0,3,59,2,64,84,0,84,148
10/26/2000,IXD,KS,ACE,CE,Federal Contract Tower,0,3,39,0,42,0,0,23,2,25,0,3,62,2,67,102,4,106,173
10/27/2000,IXD,KS,ACE,CE,Federal Contract Tower,0,0,21,0,21,0,0,31,4,35,0,0,52,4,56,56,0,56,112
10/28/2000,IXD,KS,ACE,CE,Federal Contract Tower,0,0,30,0,30,0,0,23,0,23,0,0,53,0,53,76,0,76,129
10/29/2000,IXD,KS,ACE,CE,Federal Contract Tower,0,2,21,0,23,0,0,0,0,0,0,2,21,0,23,42,0,42,65
10/30/2000,IXD,KS,ACE,CE,Federal Contract Tower,0,0,42,0,42,0,0,66,3,69,0,0,108,3,111,112,0,112,223
10/31/2000,IXD,KS,ACE,CE,Federal Contract Tower,0,2,30,0,32,0,4,26,2,32,0,6,56,2,64,44,2,46,110
11/01/2000,IXD,KS,ACE,CE,Federal Contract Tower,0,0,19,0,19,0,0,5,0,5,0,0,24,0,24,11,0,11,35
11/02/2000,IXD,KS,ACE,CE,Federal Contract Tower,0,0,19,0,19,0,1,131,4,136,0,1,150,4,155,172,0,172,327
11/03/2000,IXD,KS,ACE,CE,Federal Contract Tower,0,1,56,1,58,0,0,93,2,95,0,1,149,3,153,150,10,160,313
11/04/2000,IXD,KS,ACE,CE,Federal Contract Tower,0,0,15,1,16,0,3,160,11,174,0,3,175,12,190,164,44,208,398
11/05/2000,IXD,KS,ACE,CE,Federal Contract Tower,0,1,23,1,25,0,1,1,7,9,0,2,24,8,34,32,10,42,76
11/06/2000,IXD,KS,ACE,CE,Federal Contract Tower,0,4,32,1,37,0,0,0,0,0,0,4,32,1,37,14,0,14,51
11/07/2000,IXD,KS,ACE,CE,Federal Contract Tower,0,1,27,1,29,1,0,55,5,61,1,1,82,6,90,91,14,105,195
11/08/2000,IXD,KS,ACE,CE,Federal Contract Tower,0,2,16,0,18,0,3,2,0,5,0,5,18,0,23,2,0,2,25
11/09/2000,IXD,KS,ACE,CE,Federal Contract Tower,0,5,46,0,51,0,2,9,0,11,0,7,55,0,62,36,0,36,98
11/10/2000,IXD,KS,ACE,CE,Federal Contract Tower,0,2,57,2,61,0,0,4,0,4,0,2,61,2,65,38,0,38,103
11/11/2000,IXD,KS,ACE,CE,Federal Contract Tower,0,1,15,0,16,0,0,3,0,3,0,1,18,0,19,4,0,4,23
11/12/2000,IXD,KS,ACE,CE,Federal Contract Tower,0,1,18,0,19,0,0,9,0,9,0,1,27,0,28,58,0,58,86
11/13/2000,IXD,KS,ACE,CE,Federal Contract Tower,0,2,22,1,25,0,0,56,4,60,0,2,78,5,85,56,0,56,141
11/14/2000,IXD,KS,ACE,CE,Federal Contract Tower,0,2,40,1,43,0,0,73,11,84,0,2,113,12,127,130,6,136,263
11/15/2000,IXD,KS,ACE,CE,Federal Contract Tower,0,4,37,1,42,0,0,37,1,38,0,4,74,2,80,76,2,78,158
11/16/2000,IXD,KS,ACE,CE,Federal Contract Tower,0,4,38,1,43,0,5,24,11,40,0,9,62,12,83,74,6,80,163
11/17/2000,IXD,KS,ACE,CE,Federal Contract Tower,0,3,33,1,37,0,0,85,1,86,0,3,118,2,123,154,0,154,277
11/18/2000,IXD,KS,ACE,CE,Federal Contract Tower,0,3,25,1,29,0,4,84,0,88,0,7,109,1,117,155,0,155,272
11/19/2000,IXD,KS,ACE,CE,Federal Contract Tower,0,1,10,1,12,0,1,31,0,32,0,2,41,1,44,36,0,36,80
11/20/2000,IXD,KS,ACE,CE,Federal Contract Tower,0,0,26,0,26,0,0,37,6,43,0,0,63,6,69,24,18,42,111
11/21/2000,IXD,KS,ACE,CE,Federal Contract Tower,0,1,32,0,33,0,0,80,6,86,0,1,112,6,119,145,22,167,286
11/22/2000,IXD,KS,ACE,CE,Federal Contract Tower,0,4,31,0,35,0,3,57,4,64,0,7,88,4,99,117,7,124,223
11/23/2000,IXD,KS,ACE,CE,Federal Contract Tower,0,0,8,0,8,0,1,29,0,30,0,1,37,0,38,18,0,18,56
11/24/2000,IXD,KS,ACE,CE,Federal Contract Tower,0,1,18,0,19,0,0,44,0,44,0,1,62,0,63,162,0,162,225
11/25/2000,IXD,KS,ACE,CE,Federal Contract Tower,0,1,14,0,15,0,1,41,0,42,0,2,55,0,57,140,0,140,197
11/26/2000,IXD,KS,ACE,CE,Federal Contract Tower,0,0,31,0,31,0,0,29,0,29,0,0,60,0,60,74,0,74,134
11/27/2000,IXD,KS,ACE,CE,Federal Contract Tower,0,2,23,0,25,0,1,69,0,70,0,3,92,0,95,140,0,140,235
11/28/2000,IXD,KS,ACE,CE,Federal Contract Tower,0,4,31,0,35,1,4,57,18,80,1,8,88,18,115,126,24,150,265
11/29/2000,IXD,KS,ACE,CE,Federal Contract Tower,0,2,28,0,30,2,0,54,5,61,2,2,82,5,91,74,0,74,165
11/30/2000,IXD,KS,ACE,CE,Federal Contract Tower,0,0,26,0,26,1,0,49,8,58,1,0,75,8,84,180,32,212,296
12/01/2000,IXD,KS,ACE,CE,Federal Contract Tower,0,1,18,0,19,0,3,19,2,24,0,4,37,2,43,51,0,51,94
12/02/2000,IXD,KS,ACE,CE,Federal Contract Tower,0,0,13,0,13,0,0,50,2,52,0,0,63,2,65,178,0,178,243
12/03/2000,IXD,KS,ACE,CE,Federal Contract Tower,0,0,23,0,23,0,0,79,4,83,0,0,102,4,106,106,0,106,212
12/04/2000,IXD,KS,ACE,CE,Federal Contract Tower,1,4,40,0,45,1,1,58,2,62,2,5,98,2,107,109,0,109,216
12/05/2000,IXD,KS,ACE,CE,Federal Contract Tower,0,3,33,0,36,0,1,39,7,47,0,4,72,7,83,122,0,122,205
12/06/2000,IXD,KS,ACE,CE,Federal Contract Tower,0,2,46,0,48,0,0,39,0,39,0,2,85,0,87,126,0,126,213
12/07/2000,IXD,KS,ACE,CE,Federal Contract Tower,0,4,33,0,37,2,0,73,6,81,2,4,106,6,118,135,0,135,253
12/08/2000,IXD,KS,ACE,CE,Federal Contract Tower,0,0,37,0,37,0,0,52,0,52,0,0,89,0,89,120,0,120,209
12/09/2000,IXD,KS,ACE,CE,Federal Contract Tower,0,0,17,1,18,0,0,27,2,29,0,0,44,3,47,76,0,76,123
12/10/2000,IXD,KS,ACE,CE,Federal Contract Tower,0,0,17,1,18,0,0,0,0,0,0,0,17,1,18,8,0,8,26
12/11/2000,IXD,KS,ACE,CE,Federal Contract Tower,0,0,8,0,8,0,1,1,0,2,0,1,9,0,10,0,0,0,10
12/12/2000,IXD,KS,ACE,CE,Federal Contract Tower,0,0,10,1,11,0,0,12,0,12,0,0,22,1,23,2,0,2,25
12/13/2000,IXD,KS,ACE,CE,Federal Contract Tower,0,0,3,0,3,0,0,1,0,1,0,0,4,0,4,0,0,0,4
12/14/2000,IXD,KS,ACE,CE,Federal Contract Tower,0,0,30,1,31,1,0,4,0,5,1,0,34,1,36,24,0,24,60
12/15/2000,IXD,KS,ACE,CE,Federal Contract Tower,0,1,12,0,13,0,0,1,0,1,0,1,13,0,14,0,0,0,14
12/16/2000,IXD,KS,ACE,CE,Federal Contract Tower,0,0,1,0,1,0,0,2,0,2,0,0,3,0,3,0,0,0,3
12/17/2000,IXD,KS,ACE,CE,Federal Contract Tower,0,0,9,0,9,0,0,27,0,27,0,0,36,0,36,22,0,22,58
12/18/2000,IXD,KS,ACE,CE,Federal Contract Tower,0,1,18,0,19,2,0,0,0,2,2,1,18,0,21,0,0,0,21
12/19/2000,IXD,KS,ACE,CE,Federal Contract Tower,0,0,31,0,31,0,0,39,7,46,0,0,70,7,77,86,14,100,177
12/20/2000,IXD,KS,ACE,CE,Federal Contract Tower,0,2,24,0,26,0,3,0,4,7,0,5,24,4,33,11,3,14,47
12/21/2000,IXD,KS,ACE,CE,Federal Contract Tower,0,0,19,0,19,0,0,26,0,26,0,0,45,0,45,20,0,20,65
12/22/2000,IXD,KS,ACE,CE,Federal Contract Tower,0,1,14,0,15,0,2,27,0,29,0,3,41,0,44,59,0,59,103
12/23/2000,IXD,KS,ACE,CE,Federal Contract Tower,0,0,11,0,11,0,3,22,0,25,0,3,33,0,36,58,0,58,94
12/24/2000,IXD,KS,ACE,CE,Federal Contract Tower,0,0,3,0,3,0,0,15,0,15,0,0,18,0,18,20,0,20,38
12/25/2000,IXD,KS,ACE,CE,Federal Contract Tower,0,0,4,0,4,0,0,7,0,7,0,0,11,0,11,18,0,18,29
12/26/2000,IXD,KS,ACE,CE,Federal Contract Tower,0,0,10,0,10,0,0,2,2,4,0,0,12,2,14,16,4,20,34
12/27/2000,IXD,KS,ACE,CE,Federal Contract Tower,0,0,21,0,21,0,0,33,0,33,0,0,54,0,54,82,0,82,136
12/28/2000,IXD,KS,ACE,CE,Federal Contract Tower,0,0,11,0,11,0,5,1,17,23,0,5,12,17,34,22,5,27,61
12/29/2000,IXD,KS,ACE,CE,Federal Contract Tower,0,2,19,0,21,1,0,14,0,15,1,2,33,0,36,40,0,40,76
12/30/2000,IXD,KS,ACE,CE,Federal Contract Tower,0,1,13,0,14,0,2,17,0,19,0,3,30,0,33,36,0,36,69
12/31/2000,IXD,KS,ACE,CE,Federal Contract Tower,0,0,3,0,3,0,1,21,0,22,0,1,24,0,25,44,0,44,69
01/01/2001,IXD,KS,ACE,CE,Federal Contract Tower,0,2,10,0,12,0,0,15,0,15,0,2,25,0,27,60,0,60,87
01/02/2001,IXD,KS,ACE,CE,Federal Contract Tower,0,2,27,0,29,0,0,25,0,25,0,2,52,0,54,52,0,52,106
01/03/2001,IXD,KS,ACE,CE,Federal Contract Tower,0,2,20,0,22,0,0,35,4,39,0,2,55,4,61,68,0,68,129
01/04/2001,IXD,KS,ACE,CE,Federal Contract Tower,0,1,18,0,19,0,0,62,0,62,0,1,80,0,81,112,0,112,193
01/05/2001,IXD,KS,ACE,CE,Federal Contract Tower,0,3,27,1,31,0,0,60,3,63,0,3,87,4,94,66,0,66,160
01/06/2001,IXD,KS,ACE,CE,Federal Contract Tower,0,0,33,0,33,0,0,90,0,90,0,0,123,0,123,296,0,296,419
01/07/2001,IXD,KS,ACE,CE,Federal Contract Tower,0,2,11,1,14,0,0,27,6,33,0,2,38,7,47,56,0,56,103
01/08/2001,IXD,KS,ACE,CE,Federal Contract Tower,0,2,26,0,28,0,2,33,0,35,0,4,59,0,63,21,0,21,84
01/09/2001,IXD,KS,ACE,CE,Federal Contract Tower,0,3,38,1,42,0,0,56,1,57,0,3,94,2,99,178,0,178,277
01/10/2001,IXD,KS,ACE,CE,Federal Contract Tower,0,2,37,1,40,0,0,66,4,70,0,2,103,5,110,176,8,184,294
01/11/2001,IXD,KS,ACE,CE,Federal Contract Tower,0,2,31,1,34,0,0,0,1,1,0,2,31,2,35,24,4,28,63
01/12/2001,IXD,KS,ACE,CE,Federal Contract Tower,0,2,36,0,38,0,0,1,0,1,0,2,37,0,39,26,0,26,65
01/13/2001,IXD,KS,ACE,CE,Federal Contract Tower,0,1,12,0,13,0,7,0,0,7,0,8,12,0,20,16,0,16,36
01/14/2001,IXD,KS,ACE,CE,Federal Contract Tower,0,0,11,0,11,0,0,9,0,9,0,0,20,0,20,20,0,20,40
01/15/2001,IXD,KS,ACE,CE,Federal Contract Tower,0,3,36,0,39,0,2,57,0,59,0,5,93,0,98,134,0,134,232
01/16/2001,IXD,KS,ACE,CE,Federal Contract Tower,0,3,33,0,36,0,0,0,6,6,0,3,33,6,42,24,22,46,88
01/17/2001,IXD,KS,ACE,CE,Federal Contract Tower,0,0,27,0,27,0,0,49,2,51,0,0,76,2,78,43,13,56,134
01/18/2001,IXD,KS,ACE,CE,Federal Contract Tower,0,3,30,0,33,0,4,66,4,74,0,7,96,4,107,159,7,166,273
01/19/2001,IXD,KS,ACE,CE,Federal Contract Tower,0,1,20,0,21,0,1,22,4,27,0,2,42,4,48,19,11,30,78
01/20/2001,IXD,KS,ACE,CE,Federal Contract Tower,0,2,23,0,25,0,1,21,20,42,0,3,44,20,67,173,68,241,308
01/21/2001,IXD,KS,ACE,CE,Federal Contract Tower,0,2,20,0,22,0,0,58,5,63,0,2,78,5,85,202,8,210,295
01/22/2001,IXD,KS,ACE,CE,Federal Contract Tower,0,2,23,0,25,0,3,38,3,44,0,5,61,3,69,38,7,45,114
01/23/2001,IXD,KS,ACE,CE,Federal Contract Tower,0,1,30,0,31,0,0,62,7,69,0,1,92,7,100,76,12,88,188
01/24/2001,IXD,KS,ACE,CE,Federal Contract Tower,0,1,19,0,20,0,0,68,0,68,0,1,87,0,88,36,0,36,124
01/25/2001,IXD,KS,ACE,CE,Federal Contract Tower,0,2,34,0,36,0,0,58,6,64,0,2,92,6,100,124,14,138,238
01/26/2001,IXD,KS,ACE,CE,Federal Contract Tower,0,1,16,0,17,0,1,6,2,9,0,2,22,2,26,2,2,4,30
01/27/2001,IXD,KS,ACE,CE,Federal Contract Tower,0,1,17,0,18,0,0,92,9,101,0,1,109,9,119,190,8,198,317
01/28/2001,IXD,KS,ACE,CE,Federal Contract Tower,0,0,2,0,2,0,0,0,0,0,0,0,2,0,2,0,0,0,2
01/29/2001,IXD,KS,ACE,CE,Federal Contract Tower,0,0,7,0,7,0,0,0,0,0,0,0,7,0,7,4,0,4,11
01/30/2001,IXD,KS,ACE,CE,Federal Contract Tower,0,2,28,0,30,0,0,16,6,22,0,2,44,6,52,20,14,34,86
01/31/2001,IXD,KS,ACE,CE,Federal Contract Tower,0,2,22,0,24,0,0,42,4,46,0,2,64,4,70,94,0,94,164
02/01/2001,IXD,KS,ACE,CE,Federal Contract Tower,0,4,38,0,42,0,0,40,2,42,0,4,78,2,84,80,0,80,164
02/02/2001,IXD,KS,ACE,CE,Federal Contract Tower,1,4,36,0,41,1,2,49,3,55,2,6,85,3,96,116,2,118,214
02/03/2001,IXD,KS,ACE,CE,Federal Contract Tower,0,0,14,0,14,0,0,57,0,57,0,0,71,0,71,155,0,155,226
02/04/2001,IXD,KS,ACE,CE,Federal Contract Tower,0,1,10,0,11,0,1,26,5,32,0,2,36,5,43,64,2,66,109
02/05/2001,IXD,KS,ACE,CE,Federal Contract Tower,0,0,27,0,27,0,0,52,3,55,0,0,79,3,82,60,0,60,142
02/06/2001,IXD,KS,ACE,CE,Federal Contract Tower,0,1,37,0,38,0,0,60,8,68,0,1,97,8,106,112,22,134,240
02/07/2001,IXD,KS,ACE,CE,Federal Contract Tower,1,2,29,0,32,0,0,19,0,19,1,2,48,0,51,64,0,64,115
02/08/2001,IXD,KS,ACE,CE,Federal Contract Tower,0,0,13,0,13,2,0,0,0,2,2,0,13,0,15,0,0,0,15
02/09/2001,IXD,KS,ACE,CE,Federal Contract Tower,0,0,5,0,5,0,0,1,0,1,0,0,6,0,6,0,0,0,6
02/10/2001,IXD,KS,ACE,CE,Federal Contract Tower,0,0,9,0,9,0,0,19,0,19,0,0,28,0,28,20,0,20,48
02/11/2001,IXD,KS,ACE,CE,Federal Contract Tower,0,0,9,0,9,0,0,6,0,6,0,0,15,0,15,92,0,92,107
02/12/2001,IXD,KS,ACE,CE,Federal Contract Tower,0,1,22,0,23,0,0,1,0,1,0,1,23,0,24,4,0,4,28
02/13/2001,IXD,KS,ACE,CE,Federal Contract Tower,0,1,16,0,17,0,0,1,0,1,0,1,17,0,18,0,0,0,18
02/14/2001,IXD,KS,ACE,CE,Federal Contract Tower,0,2,19,0,21,0,4,0,0,4,0,6,19,0,25,0,0,0,25
02/15/2001,IXD,KS,ACE,CE,Federal Contract Tower,0,4,29,0,33,0,5,0,0,5,0,9,29,0,38,8,0,8,46
02/16/2001,IXD,KS,ACE,CE,Federal Contract Tower,0,3,40,0,43,2,0,45,5,52,2,3,85,5,95,63,10,73,168
02/17/2001,IXD,KS,ACE,CE,Federal Contract Tower,0,0,30,0,30,0,0,48,0,48,0,0,78,0,78,148,0,148,226
02/18/2001,IXD,KS,ACE,CE,Federal Contract Tower,0,2,20,0,22,0,0,38,1,39,0,2,58,1,61,120,1,121,182
02/19/2001,IXD,KS,ACE,CE,Federal Contract Tower,0,3,30,0,33,0,4,54,0,58,0,7,84,0,91,106,0,106,197
02/20/2001,IXD,KS,ACE,CE,Federal Contract Tower,0,0,38,0,38,0,0,33,6,39,0,0,71,6,77,98,36,134,211
02/21/2001,IXD,KS,ACE,CE,Federal Contract Tower,0,0,18,0,18,0,0,11,4,15,0,0,29,4,33,22,0,22,55
02/22/2001,IXD,KS,ACE,CE,Federal Contract Tower,0,0,35,0,35,0,0,62,7,69,0,0,97,7,104,108,26,134,238
02/23/2001,IXD,KS,ACE,CE,Federal Contract Tower,0,0,1,0,1,0,0,0,14,14,0,0,1,14,15,10,0,10,25
02/24/2001,IXD,KS,ACE,CE,Federal Contract Tower,0,0,4,0,4,0,2,0,0,2,0,2,4,0,6,0,0,0,6
02/25/2001,IXD,KS,ACE,CE,Federal Contract Tower,0,0,16,0,16,0,0,34,4,38,0,0,50,4,54,104,0,104,158
02/26/2001,IXD,KS,ACE,CE,Federal Contract Tower,0,4,36,0,40,0,5,70,0,75,0,9,106,0,115,114,0,114,229
02/27/2001,IXD,KS,ACE,CE,Federal Contract Tower,0,0,14,0,14,0,0,1,0,1,0,0,15,0,15,0,0,0,15
02/28/2001,IXD,KS,ACE,CE,Federal Contract Tower,0,2,20,0,22,0,3,30,0,33,0,5,50,0,55,36,0,36,91
03/01/2001,IXD,KS,ACE,CE,Federal Contract Tower,0,0,15,0,15,0,0,4,0,4,0,0,19,0,19,10,0,10,29
03/02/2001,IXD,KS,ACE,CE,Federal Contract Tower,0,5,44,0,49,0,0,23,1,24,0,5,67,1,73,42,0,42,115
03/03/2001,IXD,KS,ACE,CE,Federal Contract Tower,0,1,23,0,24,0,0,52,3,55,0,1,75,3,79,224,2,226,305
03/04/2001,IXD,KS,ACE,CE,Federal Contract Tower,0,3,19,0,22,0,0,49,0,49,0,3,68,0,71,130,0,130,201
03/05/2001,IXD,KS,ACE,CE,Federal Contract Tower,0,3,47,5,55,0,5,30,1,36,0,8,77,6,91,136,16,152,243
03/06/2001,IXD,KS,ACE,CE,Federal Contract Tower,0,0,41,1,42,0,0,57,5,62,0,0,98,6,104,118,28,146,250
03/07/2001,IXD,KS,ACE,CE,Federal Contract Tower,0,3,43,1,47,0,0,41,4,45,0,3,84,5,92,66,4,70,162
03/08/2001,IXD,KS,ACE,CE,Federal Contract Tower,0,2,28,1,31,0,0,44,4,48,0,2,72,5,79,106,33,139,218
03/09/2001,IXD,KS,ACE,CE,Federal Contract Tower,0,0,25,1,26,0,0,56,3,59,0,0,81,4,85,132,1,133,218
03/10/2001,IXD,KS,ACE,CE,Federal Contract Tower,0,0,15,1,16,0,0,66,13,79,0,0,81,14,95,129,18,147,242
03/11/2001,IXD,KS,ACE,CE,Federal Contract Tower,0,0,24,1,25,0,0,18,1,19,0,0,42,2,44,13,0,13,57
03/12/2001,IXD,KS,ACE,CE,Federal Contract Tower,0,1,12,1,14,0,3,57,1,61,0,4,69,2,75,55,1,56,131
03/13/2001,IXD,KS,ACE,CE,Federal Contract Tower,0,3,26,0,29,0,2,80,0,82,0,5,106,0,111,94,0,94,205
03/14/2001,IXD,KS,ACE,CE,Federal Contract Tower,0,1,26,1,28,0,0,58,5,63,0,1,84,6,91,84,0,84,175
03/15/2001,IXD,KS,ACE,CE,Federal Contract Tower,0,0,11,0,11,0,0,2,0,2,0,0,13,0,13,0,0,0,13
03/16/2001,IXD,KS,ACE,CE,Federal Contract Tower,0,0,26,1,27,0,0,32,0,32,0,0,58,1,59,52,0,52,111
03/17/2001,IXD,KS,ACE,CE,Federal Contract Tower,0,4,28,0,32,0,4,74,0,78,0,8,102,0,110,206,0,206,316
03/18/2001,IXD,KS,ACE,CE,Federal Contract Tower,0,2,25,0,27,0,0,51,1,52,0,2,76,1,79,86,0,86,165
03/19/2001,IXD,KS,ACE,CE,Federal Contract Tower,0,5,36,0,41,0,2,54,2,58,0,7,90,2,99,90,0,90,189
03/20/2001,IXD,KS,ACE,CE,Federal Contract Tower,0,2,33,0,35,0,0,123,1,124,0,2,156,1,159,210,0,210,369
03/21/2001,IXD,KS,ACE,CE,Federal Contract Tower,0,3,25,0,28,2,2,45,1,50,2,5,70,1,78,96,0,96,174
03/22/2001,IXD,KS,ACE,CE,Federal Contract Tower,0,5,41,0,46,2,10,51,0,63,2,15,92,0,109,150,0,150,259
03/23/2001,IXD,KS,ACE,CE,Federal Contract Tower,0,3,27,0,30,0,1,51,0,52,0,4,78,0,82,92,0,92,174
03/24/2001,IXD,KS,ACE,CE,Federal Contract Tower,0,1,30,0,31,0,0,30,0,30,0,1,60,0,61,116,0,116,177
03/25/2001,IXD,KS,ACE,CE,Federal Contract Tower,0,6,44,0,50,0,4,53,1,58,0,10,97,1,108,100,0,100,208
03/26/2001,IXD,KS,ACE,CE,Federal Contract Tower,0,6,44,0,50,0,2,41,6,49,0,8,85,6,99,80,2,82,181
03/27/2001,IXD,KS,ACE,CE,Federal Contract Tower,0,2,16,0,18,0,1,81,0,82,0,3,97,0,100,136,0,136,236
03/28/2001,IXD,KS,ACE,CE,Federal Contract Tower,0,2,33,0,35,0,0,5,3,8,0,2,38,3,43,43,0,43,86
03/29/2001,IXD,KS,ACE,CE,Federal Contract Tower,0,5,43,0,48,0,0,53,3,56,0,5,96,3,104,204,0,204,308
03/30/2001,IXD,KS,ACE,CE,Federal Contract Tower,0,4,53,4,61,0,10,54,4,68,0,14,107,8,129,202,10,212,341
03/31/2001,IXD,KS,ACE,CE,Federal Contract Tower,0,1,13,0,14,0,2,23,0,25,0,3,36,0,39,110,0,110,149
04/01/2001,IXD,KS,ACE,CE,Federal Contract Tower,0,2,19,0,21,0,1,38,4,43,0,3,57,4,64,136,2,138,202
04/02/2001,IXD,KS,ACE,CE,Federal Contract Tower,0,4,25,0,29,0,3,26,2,31,0,7,51,2,60,80,0,80,140
04/03/2001,IXD,KS,ACE,CE,Federal Contract Tower,0,0,23,4,27,0,2,0,1,3,0,2,23,5,30,6,0,6,36
04/04/2001,IXD,KS,ACE,CE,Federal Contract Tower,0,0,29,1,30,0,0,1,1,2,0,0,30,2,32,38,2,40,72
04/05/2001,IXD,KS,ACE,CE,Federal Contract Tower,0,2,34,0,36,0,1,22,4,27,0,3,56,4,63,136,2,138,201
04/06/2001,IXD,KS,ACE,CE,Federal Contract Tower,0,3,19,0,22,0,0,29,0,29,0,3,48,0,51,48,0,48,99
04/07/2001,IXD,KS,ACE,CE,Federal Contract Tower,0,0,3,0,3,0,0,83,0,83,0,0,86,0,86,37,0,37,123
04/08/2001,IXD,KS,ACE,CE,Federal Contract Tower,0,4,16,0,20,0,1,15,0,16,0,5,31,0,36,21,0,21,57
04/09/2001,IXD,KS,ACE,CE,Federal Contract Tower,0,2,21,0,23,0,0,81,2,83,0,2,102,2,106,159,0,159,265
04/10/2001,IXD,KS,ACE,CE,Federal Contract Tower,0,2,15,0,17,0,0,12,0,12,0,2,27,0,29,34,0,34,63
04/11/2001,IXD,KS,ACE,CE,Federal Contract Tower,1,4,17,0,22,0,7,8,0,15,1,11,25,0,37,14,0,14,51
04/12/2001,IXD,KS,ACE,CE,Federal Contract Tower,0,8,39,2,49,3,0,99,2,104,3,8,138,4,153,244,2,246,399
04/13/2001,IXD,KS,ACE,CE,Federal Contract Tower,0,4,28,2,34,0,0,143,1,144,0,4,171,3,178,192,0,192,370
04/14/2001,IXD,KS,ACE,CE,Federal Contract Tower,0,3,14,4,21,0,0,117,0,117,0,3,131,4,138,170,0,170,308
04/15/2001,IXD,KS,ACE,CE,Federal Contract Tower,0,1,5,0,6,0,0,16,0,16,0,1,21,0,22,29,0,29,51
04/16/2001,IXD,KS,ACE,CE,Federal Contract Tower,0,3,17,1,21,0,0,45,4,49,0,3,62,5,70,102,18,120,190
04/17/2001,IXD,KS,ACE,CE,Federal Contract Tower,0,7,34,1,42,0,0,80,12,92,0,7,114,13,134,268,26,294,428
04/18/2001,IXD,KS,ACE,CE,Federal Contract Tower,0,9,36,1,46,0,11,121,3,135,0,20,157,4,181,224,20,244,425
04/19/2001,IXD,KS,ACE,CE,Federal Contract Tower,0,3,18,2,23,0,0,49,0,49,0,3,67,2,72,76,0,76,148
04/20/2001,IXD,KS,ACE,CE,Federal Contract Tower,0,5,25,2,32,2,2,57,2,63,2,7,82,4,95,75,4,79,174
04/21/2001,IXD,KS,ACE,CE,Federal Contract Tower,0,4,24,0,28,0,0,20,5,25,0,4,44,5,53,108,0,108,161
04/22/2001,IXD,KS,ACE,CE,Federal Contract Tower,0,0,9,0,9,0,0,21,1,22,0,0,30,1,31,17,2,19,50
04/23/2001,IXD,KS,ACE,CE,Federal Contract Tower,0,2,12,0,14,0,3,28,2,33,0,5,40,2,47,36,0,36,83
04/24/2001,IXD,KS,ACE,CE,Federal Contract Tower,0,3,37,2,42,6,0,118,9,133,6,3,155,11,175,258,24,282,457
04/25/2001,IXD,KS,ACE,CE,Federal Contract Tower,0,9,49,2,60,2,3,113,8,126,2,12,162,10,186,202,10,212,398
04/26/2001,IXD,KS,ACE,CE,Federal Contract Tower,0,4,25,1,30,0,0,96,5,101,0,4,121,6,131,170,14,184,315
04/27/2001,IXD,KS,ACE,CE,Federal Contract Tower,0,5,26,1,32,0,6,96,6,108,0,11,122,7,140,176,0,176,316
04/28/2001,IXD,KS,ACE,CE,Federal Contract Tower,0,4,20,0,24,0,0,123,2,125,0,4,143,2,149,240,0,240,389
04/29/2001,IXD,KS,ACE,CE,Federal Contract Tower,0,6,7,0,13,0,3,64,0,67,0,9,71,0,80,138,0,138,218
04/30/2001,IXD,KS,ACE,CE,Federal Contract Tower,0,5,15,0,20,0,0,41,0,41,0,5,56,0,61,108,0,108,169
05/01/2001,IXD,KS,ACE,CE,Federal Contract Tower,2,8,16,0,26,0,1,55,4,60,2,9,71,4,86,72,16,88,174
05/02/2001,IXD,KS,ACE,CE,Federal Contract Tower,0,6,40,0,46,0,0,53,3,56,0,6,93,3,102,124,2,126,228
05/03/2001,IXD,KS,ACE,CE,Federal Contract Tower,1,7,20,0,28,1,0,32,3,36,2,7,52,3,64,54,6,60,124
05/04/2001,IXD,KS,ACE,CE,Federal Contract Tower,0,2,29,2,33,0,0,39,0,39,0,2,68,2,72,128,0,128,200
05/05/2001,IXD,KS,ACE,CE,Federal Contract Tower,0,4,22,0,26,0,0,10,7,17,0,4,32,7,43,56,0,56,99
05/06/2001,IXD,KS,ACE,CE,Federal Contract Tower,0,6,21,0,27,0,3,29,0,32,0,9,50,0,59,104,0,104,163
05/07/2001,IXD,KS,ACE,CE,Federal Contract Tower,0,7,25,0,32,0,1,79,4,84,0,8,104,4,116,68,10,78,194
05/08/2001,IXD,KS,ACE,CE,Federal Contract Tower,0,4,28,0,32,0,1,78,10,89,0,5,106,10,121,192,8,200,321
05/09/2001,IXD,KS,ACE,CE,Federal Contract Tower,0,5,32,0,37,6,1,68,11,86,6,6,100,11,123,216,0,216,339
05/10/2001,IXD,KS,ACE,CE,Federal Contract Tower,0,4,27,0,31,0,2,63,2,67,0,6,90,2,98,190,4,194,292
05/11/2001,IXD,KS,ACE,CE,Federal Contract Tower,0,5,32,0,37,2,0,13,0,15,2,5,45,0,52,80,0,80,132
05/12/2001,IXD,KS,ACE,CE,Federal Contract Tower,0,2,27,0,29,0,0,138,5,143,0,2,165,5,172,282,4,286,458
05/13/2001,IXD,KS,ACE,CE,Federal Contract Tower,0,0,20,2,22,0,0,33,5,38,0,0,53,7,60,112,0,112,172
05/14/2001,IXD,KS,ACE,CE,Federal Contract Tower,0,2,28,0,30,0,0,55,2,57,0,2,83,2,87,98,0,98,185
05/15/2001,IXD,KS,ACE,CE,Federal Contract Tower,0,1,32,5,38,0,1,58,9,68,0,2,90,14,106,82,40,122,228
05/16/2001,IXD,KS,ACE,CE,Federal Contract Tower,0,9,41,2,52,0,10,76,4,90,0,19,117,6,142,158,12,170,312
05/17/2001,IXD,KS,ACE,CE,Federal Contract Tower,0,2,24,1,27,0,1,55,1,57,0,3,79,2,84,112,4,116,200
05/18/2001,IXD,KS,ACE,CE,Federal Contract Tower,0,1,30,0,31,0,0,56,14,70,0,1,86,14,101,98,52,150,251
05/19/2001,IXD,KS,ACE,CE,Federal Contract Tower,0,0,20,0,20,0,0,95,8,103,0,0,115,8,123,158,14,172,295
05/20/2001,IXD,KS,ACE,CE,Federal Contract Tower,0,0,13,0,13,0,0,8,4,12,0,0,21,4,25,32,6,38,63
05/21/2001,IXD,KS,ACE,CE,Federal Contract Tower,0,4,27,0,31,0,0,29,2,31,0,4,56,2,62,86,0,86,148
05/22/2001,IXD,KS,ACE,CE,Federal Contract Tower,0,3,26,3,32,0,0,44,6,50,0,3,70,9,82,54,16,70,152
05/23/2001,IXD,KS,ACE,CE,Federal Contract Tower,0,1,33,0,34,0,0,38,5,43,0,1,71,5,77,94,0,94,171
05/24/2001,IXD,KS,ACE,CE,Federal Contract Tower,0,7,30,0,37,0,0,43,2,45,0,7,73,2,82,100,0,100,182
05/25/2001,IXD,KS,ACE,CE,Federal Contract Tower,2,4,28,2,36,0,0,45,0,45,2,4,73,2,81,110,0,110,191
05/26/2001,IXD,KS,ACE,CE,Federal Contract Tower,0,2,8,0,10,0,3,51,0,54,0,5,59,0,64,94,0,94,158
05/27/2001,IXD,KS,ACE,CE,Federal Contract Tower,0,0,11,0,11,1,0,35,1,37,1,0,46,1,48,110,0,110,158
05/28/2001,IXD,KS,ACE,CE,Federal Contract Tower,0,4,24,0,28,0,0,60,0,60,0,4,84,0,88,92,0,92,180
05/29/2001,IXD,KS,ACE,CE,Federal Contract Tower,0,4,33,0,37,0,0,37,2,39,0,4,70,2,76,114,0,114,190
05/30/2001,IXD,KS,ACE,CE,Federal Contract Tower,0,1,40,0,41,0,0,0,1,1,0,1,40,1,42,44,0,44,86
05/31/2001,IXD,KS,ACE,CE,Federal Contract Tower,0,5,62,0,67,0,0,12,2,14,0,5,74,2,81,68,0,68,149
06/01/2001,IXD,KS,ACE,CE,Federal Contract Tower,0,0,32,1,33,0,1,91,2,94,0,1,123,3,127,122,0,122,249
06/02/2001,IXD,KS,ACE,CE,Federal Contract Tower,0,0,29,0,29,0,0,179,0,179,0,0,208,0,208,190,0,190,398
06/03/2001,IXD,KS,ACE,CE,Federal Contract Tower,0,1,11,0,12,0,0,0,0,0,0,1,11,0,12,24,0,24,36
06/04/2001,IXD,KS,ACE,CE,Federal Contract Tower,0,3,38,0,41,0,0,15,5,20,0,3,53,5,61,110,0,110,171
06/05/2001,IXD,KS,ACE,CE,Federal Contract Tower,0,3,22,0,25,0,1,34,4,39,0,4,56,4,64,108,0,108,172
06/06/2001,IXD,KS,ACE,CE,Federal Contract Tower,0,6,35,0,41,0,1,61,6,68,0,7,96,6,109,160,0,160,269
06/07/2001,IXD,KS,ACE,CE,Federal Contract Tower,0,5,33,0,38,0,1,62,18,81,0,6,95,18,119,200,4,204,323
06/08/2001,IXD,KS,ACE,CE,Federal Contract Tower,0,4,48,0,52,0,2,76,7,85,0,6,124,7,137,156,0,156,293
06/09/2001,IXD,KS,ACE,CE,Federal Contract Tower,0,2,15,0,17,0,0,116,1,117,0,2,131,1,134,226,0,226,360
06/10/2001,IXD,KS,ACE,CE,Federal Contract Tower,0,3,14,0,17,0,0,54,3,57,0,3,68,3,74,140,2,142,216
06/11/2001,IXD,KS,ACE,CE,Federal Contract Tower,0,11,15,0,26,0,0,76,0,76,0,11,91,0,102,218,0,218,320
06/12/2001,IXD,KS,ACE,CE,Federal Contract Tower,0,5,27,0,32,0,2,130,1,133,0,7,157,1,165,194,0,194,359
06/13/2001,IXD,KS,ACE,CE,Federal Contract Tower,0,4,37,1,42,0,2,45,8,55,0,6,82,9,97,50,0,50,147
06/14/2001,IXD,KS,ACE,CE,Federal Contract Tower,0,2,18,0,20,0,2,9,4,15,0,4,27,4,35,32,0,32,67
06/15/2001,IXD,KS,ACE,CE,Federal Contract Tower,0,3,37,0,40,0,0,102,6,108,0,3,139,6,148,210,0,210,358
06/16/2001,IXD,KS,ACE,CE,Federal Contract Tower,0,3,15,0,18,0,0,99,14,113,0,3,114,14,131,180,2,182,313
06/17/2001,IXD,KS,ACE,CE,Federal Contract Tower,0,4,15,0,19,0,1,53,1,55,0,5,68,1,74,88,0,88,162
06/18/2001,IXD,KS,ACE,CE,Federal Contract Tower,0,10,25,0,35,0,1,39,0,40,0,11,64,0,75,76,0,76,151
06/19/2001,IXD,KS,ACE,CE,Federal Contract Tower,0,3,34,1,38,0,0,17,7,24,0,3,51,8,62,20,36,56,118
06/20/2001,IXD,KS,ACE,CE,Federal Contract Tower,1,14,33,1,49,1,0,31,5,37,2,14,64,6,86,114,16,130,216
06/21/2001,IXD,KS,ACE,CE,Federal Contract Tower,5,10,54,4,73,0,0,78,3,81,5,10,132,7,154,188,10,198,352
06/22/2001,IXD,KS,ACE,CE,Federal Contract Tower,2,14,40,0,56,0,0,119,2,121,2,14,159,2,177,174,2,176,353
06/23/2001,IXD,KS,ACE,CE,Federal Contract Tower,0,3,17,4,24,0,0,72,13,85,0,3,89,17,109,110,42,152,261
06/24/2001,IXD,KS,ACE,CE,Federal Contract Tower,0,2,12,0,14,0,0,49,4,53,0,2,61,4,67,106,2,108,175
06/25/2001,IXD,KS,ACE,CE,Federal Contract Tower,0,2,12,0,14,0,5,67,9,81,0,7,79,9,95,146,0,146,241
06/26/2001,IXD,KS,ACE,CE,Federal Contract Tower,0,5,26,1,32,0,0,85,0,85,0,5,111,1,117,140,10,150,267
06/27/2001,IXD,KS,ACE,CE,Federal Contract Tower,0,6,34,1,41,0,0,48,2,50,0,6,82,3,91,164,0,164,255
06/28/2001,IXD,KS,ACE,CE,Federal Contract Tower,0,7,46,0,53,0,1,79,3,83,0,8,125,3,136,202,2,204,340
06/29/2001,IXD,KS,ACE,CE,Federal Contract Tower,0,3,32,1,36,0,2,95,6,103,0,5,127,7,139,104,28,132,271
06/30/2001,IXD,KS,ACE,CE,Federal Contract Tower,0,1,21,0,22,0,2,75,4,81,0,3,96,4,103,146,22,168,271
07/01/2001,IXD,KS,ACE,CE,Federal Contract Tower,0,2,25,0,27,0,0,51,7,58,0,2,76,7,85,108,0,108,193
07/02/2001,IXD,KS,ACE,CE,Federal Contract Tower,0,1,31,0,32,0,0,47,0,47,0,1,78,0,79,124,0,124,203
07/03/2001,IXD,KS,ACE,CE,Federal Contract Tower,0,4,33,0,37,0,0,74,5,79,0,4,107,5,116,206,10,216,332
07/04/2001,IXD,KS,ACE,CE,Federal Contract Tower,0,0,8,0,8,0,4,33,2,39,0,4,41,2,47,240,4,244,291
07/05/2001,IXD,KS,ACE,CE,Federal Contract Tower,0,9,15,0,24,0,1,54,0,55,0,10,69,0,79,124,0,124,203
07/06/2001,IXD,KS,ACE,CE,Federal Contract Tower,2,0,24,0,26,0,0,68,2,70,2,0,92,2,96,206,0,206,302
07/07/2001,IXD,KS,ACE,CE,Federal Contract Tower,0,4,18,0,22,0,0,72,6,78,0,4,90,6,100,116,8,124,224
07/08/2001,IXD,KS,ACE,CE,Federal Contract Tower,0,2,13,0,15,0,2,35,0,37,0,4,48,0,52,136,0,136,188
07/09/2001,IXD,KS,ACE,CE,Federal Contract Tower,0,5,27,0,32,0,0,60,0,60,0,5,87,0,92,102,0,102,194
07/10/2001,IXD,KS,ACE,CE,Federal Contract Tower,0,9,24,1,34,0,0,63,15,78,0,9,87,16,112,106,8,114,226
07/11/2001,IXD,KS,ACE,CE,Federal Contract Tower,2,10,53,0,65,0,2,84,2,88,2,12,137,2,153,148,0,148,301
07/12/2001,IXD,KS,ACE,CE,Federal Contract Tower,2,0,55,0,57,0,0,13,1,14,2,0,68,1,71,114,0,114,185
07/13/2001,IXD,KS,ACE,CE,Federal Contract Tower,0,6,20,4,30,0,3,82,6,91,0,9,102,10,121,156,34,190,311
07/14/2001,IXD,KS,ACE,CE,Federal Contract Tower,0,1,9,1,11,0,0,83,7,90,0,1,92,8,101,200,22,222,323
07/15/2001,IXD,KS,ACE,CE,Federal Contract Tower,0,2,21,0,23,0,0,40,6,46,0,2,61,6,69,86,0,86,155
07/16/2001,IXD,KS,ACE,CE,Federal Contract Tower,0,6,27,0,33,0,0,58,3,61,0,6,85,3,94,124,14,138,232
07/17/2001,IXD,KS,ACE,CE,Federal Contract Tower,0,5,29,0,34,0,0,69,11,80,0,5,98,11,114,126,4,130,244
07/18/2001,IXD,KS,ACE,CE,Federal Contract Tower,0,0,48,0,48,0,0,67,2,69,0,0,115,2,117,98,0,98,215
07/19/2001,IXD,KS,ACE,CE,Federal Contract Tower,0,0,42,0,42,0,0,63,5,68,0,0,105,5,110,174,18,192,302
07/20/2001,IXD,KS,ACE,CE,Federal Contract Tower,2,6,26,3,37,0,1,79,9,89,2,7,105,12,126,212,22,234,360
07/21/2001,IXD,KS,ACE,CE,Federal Contract Tower,0,1,16,0,17,0,0,54,3,57,0,1,70,3,74,248,0,248,322
07/22/2001,IXD,KS,ACE,CE,Federal Contract Tower,0,2,21,2,25,0,0,41,1,42,0,2,62,3,67,84,10,94,161
07/23/2001,IXD,KS,ACE,CE,Federal Contract Tower,0,3,35,1,39,0,0,54,3,57,0,3,89,4,96,100,9,109,205
07/24/2001,IXD,KS,ACE,CE,Federal Contract Tower,0,4,42,3,49,0,0,58,11,69,0,4,100,14,118,118,24,142,260
07/25/2001,IXD,KS,ACE,CE,Federal Contract Tower,0,8,40,0,48,0,0,48,3,51,0,8,88,3,99,66,2,68,167
07/26/2001,IXD,KS,ACE,CE,Federal Contract Tower,0,2,49,1,52,0,0,9,6,15,0,2,58,7,67,84,10,94,161
07/27/2001,IXD,KS,ACE,CE,Federal Contract Tower,0,2,21,0,23,0,0,35,0,35,0,2,56,0,58,108,0,108,166
07/28/2001,IXD,KS,ACE,CE,Federal Contract Tower,0,3,26,1,30,0,0,19,1,20,0,3,45,2,50,62,0,62,112
07/29/2001,IXD,KS,ACE,CE,Federal Contract Tower,0,1,27,0,28,0,0,33,3,36,0,1,60,3,64,104,0,104,168
07/30/2001,IXD,KS,ACE,CE,Federal Contract Tower,0,7,18,0,25,0,0,65,4,69,0,7,83,4,94,138,0,138,232
07/31/2001,IXD,KS,ACE,CE,Federal Contract Tower,0,10,33,2,45,0,2,64,12,78,0,12,97,14,123,182,12,194,317
08/01/2001,IXD,KS,ACE,CE,Federal Contract Tower,0,3,36,0,39,0,0,80,7,87,0,3,116,7,126,182,2,184,310
08/02/2001,IXD,KS,ACE,CE,Federal Contract Tower,0,0,20,3,23,0,1,88,11,100,0,1,108,14,123,146,2,148,271
08/03/2001,IXD,KS,ACE,CE,Federal Contract Tower,0,11,30,2,43,0,0,61,9,70,0,11,91,11,113,100,6,106,219
08/04/2001,IXD,KS,ACE,CE,Federal Contract Tower,0,5,21,0,26,0,0,72,0,72,0,5,93,0,98,184,0,184,282
08/05/2001,IXD,KS,ACE,CE,Federal Contract Tower,0,1,26,0,27,0,0,30,3,33,0,1,56,3,60,124,2,126,186
08/06/2001,IXD,KS,ACE,CE,Federal Contract Tower,0,2,22,1,25,0,0,73,5,78,0,2,95,6,103,190,2,192,295
08/07/2001,IXD,KS,ACE,CE,Federal Contract Tower,0,2,31,3,36,0,0,86,6,92,0,2,117,9,128,142,8,150,278
08/08/2001,IXD,KS,ACE,CE,Federal Contract Tower,0,2,44,0,46,0,0,78,7,85,0,2,122,7,131,192,2,194,325
08/09/2001,IXD,KS,ACE,CE,Federal Contract Tower,0,1,27,0,28,0,0,77,6,83,0,1,104,6,111,142,14,156,267
08/10/2001,IXD,KS,ACE,CE,Federal Contract Tower,0,1,33,2,36,0,1,56,3,60,0,2,89,5,96,112,0,112,208
08/11/2001,IXD,KS,ACE,CE,Federal Contract Tower,0,2,17,0,19,0,1,87,0,88,0,3,104,0,107,144,2,146,253
08/12/2001,IXD,KS,ACE,CE,Federal Contract Tower,0,1,11,0,12,0,1,63,0,64,0,2,74,0,76,146,0,146,222
08/13/2001,IXD,KS,ACE,CE,Federal Contract Tower,0,1,30,0,31,0,0,64,4,68,0,1,94,4,99,124,0,124,223
08/14/2001,IXD,KS,ACE,CE,Federal Contract Tower,0,4,35,2,41,0,1,79,7,87,0,5,114,9,128,208,52,260,388
08/15/2001,IXD,KS,ACE,CE,Federal Contract Tower,0,0,30,0,30,0,0,40,2,42,0,0,70,2,72,56,4,60,132
08/16/2001,IXD,KS,ACE,CE,Federal Contract Tower,0,5,28,5,38,0,2,79,11,92,0,7,107,16,130,160,16,176,306
08/17/2001,IXD,KS,ACE,CE,Federal Contract Tower,0,5,28,0,33,0,3,54,2,59,0,8,82,2,92,116,2,118,210
08/18/2001,IXD,KS,ACE,CE,Federal Contract Tower,0,0,20,0,20,0,0,48,2,50,0,0,68,2,70,120,0,120,190
08/19/2001,IXD,KS,ACE,CE,Federal Contract Tower,0,1,17,0,18,0,0,66,3,69,0,1,83,3,87,140,0,140,227
08/20/2001,IXD,KS,ACE,CE,Federal Contract Tower,0,2,28,0,30,0,2,71,1,74,0,4,99,1,104,162,12,174,278
08/21/2001,IXD,KS,ACE,CE,Federal Contract Tower,0,6,35,2,43,0,0,78,10,88,0,6,113,12,131,154,40,194,325
08/22/2001,IXD,KS,ACE,CE,Federal Contract Tower,0,3,25,0,28,0,2,74,2,78,0,5,99,2,106,72,6,78,184
08/23/2001,IXD,KS,ACE,CE,Federal Contract Tower,0,4,30,1,35,0,0,47,2,49,0,4,77,3,84,79,10,89,173
08/24/2001,IXD,KS,ACE,CE,Federal Contract Tower,2,2,29,2,35,0,2,44,3,49,2,4,73,5,84,165,4,169,253
08/25/2001,IXD,KS,ACE,CE,Federal Contract Tower,0,3,16,0,19,0,1,73,2,76,0,4,89,2,95,264,22,286,381
08/26/2001,IXD,KS,ACE,CE,Federal Contract Tower,0,2,23,2,27,0,0,86,2,88,0,2,109,4,115,208,0,208,323
08/27/2001,IXD,KS,ACE,CE,Federal Contract Tower,0,4,39,1,44,1,4,72,4,81,1,8,111,5,125,256,10,266,391
08/28/2001,IXD,KS,ACE,CE,Federal Contract Tower,0,7,42,2,51,0,0,121,10,131,0,7,163,12,182,262,30,292,474
08/29/2001,IXD,KS,ACE,CE,Federal Contract Tower,0,1,24,2,27,0,1,82,2,85,0,2,106,4,112,92,0,92,204
08/30/2001,IXD,KS,ACE,CE,Federal Contract Tower,0,6,33,2,41,0,2,56,1,59,0,8,89,3,100,98,2,100,200
08/31/2001,IXD,KS,ACE,CE,Federal Contract Tower,0,2,22,2,26,0,0,89,1,90,0,2,111,3,116,184,0,184,300
09/01/2001,IXD,KS,ACE,CE,Federal Contract Tower,0,0,19,0,19,0,0,47,2,49,0,0,66,2,68,102,0,102,170
09/02/2001,IXD,KS,ACE,CE,Federal Contract Tower,0,0,10,0,10,0,0,47,0,47,0,0,57,0,57,86,0,86,143
09/03/2001,IXD,KS,ACE,CE,Federal Contract Tower,0,1,15,0,16,0,2,53,1,56,0,3,68,1,72,126,0,126,198
09/04/2001,IXD,KS,ACE,CE,Federal Contract Tower,0,4,29,0,33,0,0,67,8,75,0,4,96,8,108,100,28,128,236
09/05/2001,IXD,KS,ACE,CE,Federal Contract Tower,0,3,29,0,32,0,0,77,11,88,0,3,106,11,120,124,22,146,266
09/06/2001,IXD,KS,ACE,CE,Federal Contract Tower,0,8,44,2,54,0,0,35,1,36,0,8,79,3,90,98,0,98,188
09/07/2001,IXD,KS,ACE,CE,Federal Contract Tower,0,0,35,2,37,0,2,12,2,16,0,2,47,4,53,52,0,52,105
09/08/2001,IXD,KS,ACE,CE,Federal Contract Tower,0,0,22,5,27,0,2,14,10,26,0,2,36,15,53,88,18,106,159
09/09/2001,IXD,KS,ACE,CE,Federal Contract Tower,0,3,8,0,11,0,1,39,8,48,0,4,47,8,59,122,2,124,183
09/10/2001,IXD,KS,ACE,CE,Federal Contract Tower,0,4,23,2,29,0,1,89,0,90,0,5,112,2,119,126,0,126,245
09/11/2001,IXD,KS,ACE,CE,Federal Contract Tower,0,0,10,0,10,0,0,1,0,1,0,0,11,0,11,0,0,0,11
09/12/2001,IXD,KS,ACE,CE,Federal Contract Tower,0,0,0,0,0,0,0,0,0,0,0,0,0,0,0,0,0,0,0
09/13/2001,IXD,KS,ACE,CE,Federal Contract Tower,0,0,0,0,0,0,0,3,0,3,0,0,3,0,3,0,0,0,3
09/14/2001,IXD,KS,ACE,CE,Federal Contract Tower,0,0,0,0,0,0,0,3,0,3,0,0,3,0,3,0,0,0,3
09/15/2001,IXD,KS,ACE,CE,Federal Contract Tower,0,1,17,1,19,0,0,0,0,0,0,1,17,1,19,0,0,0,19
09/16/2001,IXD,KS,ACE,CE,Federal Contract Tower,0,1,15,0,16,0,0,0,2,2,0,1,15,2,18,6,14,20,38
09/17/2001,IXD,KS,ACE,CE,Federal Contract Tower,0,8,15,0,23,0,0,0,0,0,0,8,15,0,23,10,0,10,33
09/18/2001,IXD,KS,ACE,CE,Federal Contract Tower,0,3,22,0,25,0,0,0,0,0,0,3,22,0,25,22,0,22,47
09/19/2001,IXD,KS,ACE,CE,Federal Contract Tower,0,4,62,4,70,0,0,0,1,1,0,4,62,5,71,12,14,26,97
09/20/2001,IXD,KS,ACE,CE,Federal Contract Tower,0,5,42,0,47,0,0,28,3,31,0,5,70,3,78,16,0,16,94
09/21/2001,IXD,KS,ACE,CE,Federal Contract Tower,0,8,35,4,47,0,0,67,0,67,0,8,102,4,114,46,0,46,160
09/22/2001,IXD,KS,ACE,CE,Federal Contract Tower,0,1,30,0,31,0,0,44,2,46,0,1,74,2,77,170,0,170,247
09/23/2001,IXD,KS,ACE,CE,Federal Contract Tower,0,6,37,0,43,0,0,10,0,10,0,6,47,0,53,56,0,56,109
09/24/2001,IXD,KS,ACE,CE,Federal Contract Tower,0,1,52,0,53,0,0,49,1,50,0,1,101,1,103,138,0,138,241
09/25/2001,IXD,KS,ACE,CE,Federal Contract Tower,0,8,40,4,52,0,0,85,2,87,0,8,125,6,139,166,12,178,317
09/26/2001,IXD,KS,ACE,CE,Federal Contract Tower,0,6,34,3,43,0,2,95,7,104,0,8,129,10,147,234,2,236,383
09/27/2001,IXD,KS,ACE,CE,Federal Contract Tower,0,6,49,7,62,0,1,101,0,102,0,7,150,7,164,234,4,238,402
09/28/2001,IXD,KS,ACE,CE,Federal Contract Tower,0,2,22,3,27,0,3,100,1,104,0,5,122,4,131,160,8,168,299
09/29/2001,IXD,KS,ACE,CE,Federal Contract Tower,0,0,48,0,48,0,0,65,0,65,0,0,113,0,113,228,0,228,341
09/30/2001,IXD,KS,ACE,CE,Federal Contract Tower,0,8,35,1,44,0,0,64,1,65,0,8,99,2,109,114,0,114,223
10/01/2001,IXD,KS,ACE,CE,Federal Contract Tower,0,2,37,0,39,0,0,92,1,93,0,2,129,1,132,122,0,122,254
10/02/2001,IXD,KS,ACE,CE,Federal Contract Tower,0,0,30,4,34,0,0,74,0,74,0,0,104,4,108,148,14,162,270
10/03/2001,IXD,KS,ACE,CE,Federal Contract Tower,0,3,49,6,58,0,0,74,2,76,0,3,123,8,134,184,4,188,322
10/04/2001,IXD,KS,ACE,CE,Federal Contract Tower,0,13,34,0,47,0,0,87,0,87,0,13,121,0,134,206,0,206,340
10/05/2001,IXD,KS,ACE,CE,Federal Contract Tower,0,5,47,4,56,0,0,35,0,35,0,5,82,4,91,112,0,112,203
10/06/2001,IXD,KS,ACE,CE,Federal Contract Tower,0,1,26,0,27,0,3,127,0,130,0,4,153,0,157,126,0,126,283
10/07/2001,IXD,KS,ACE,CE,Federal Contract Tower,0,3,31,0,34,0,1,66,0,67,0,4,97,0,101,118,0,118,219
10/08/2001,IXD,KS,ACE,CE,Federal Contract Tower,0,7,27,0,34,0,1,61,0,62,0,8,88,0,96,154,0,154,250
10/09/2001,IXD,KS,ACE,CE,Federal Contract Tower,0,5,29,2,36,0,2,15,0,17,0,7,44,2,53,42,0,42,95
10/10/2001,IXD,KS,ACE,CE,Federal Contract Tower,0,7,59,0,66,0,1,26,2,29,0,8,85,2,95,142,22,164,259
10/11/2001,IXD,KS,ACE,CE,Federal Contract Tower,0,1,32,0,33,0,0,100,0,100,0,1,132,0,133,202,0,202,335
10/12/2001,IXD,KS,ACE,CE,Federal Contract Tower,0,0,44,1,45,0,0,9,0,9,0,0,53,1,54,78,0,78,132
10/13/2001,IXD,KS,ACE,CE,Federal Contract Tower,0,0,29,4,33,0,0,11,0,11,0,0,40,4,44,62,2,64,108
10/14/2001,IXD,KS,ACE,CE,Federal Contract Tower,0,3,28,2,33,0,0,41,3,44,0,3,69,5,77,48,2,50,127
10/15/2001,IXD,KS,ACE,CE,Federal Contract Tower,0,7,20,0,27,0,0,26,0,26,0,7,46,0,53,44,0,44,97
10/16/2001,IXD,KS,ACE,CE,Federal Contract Tower,0,5,43,7,55,0,0,100,4,104,0,5,143,11,159,166,0,166,325
10/17/2001,IXD,KS,ACE,CE,Federal Contract Tower,0,7,27,2,36,0,0,72,2,74,0,7,99,4,110,95,0,95,205
10/18/2001,IXD,KS,ACE,CE,Federal Contract Tower,0,2,37,2,41,0,1,68,2,71,0,3,105,4,112,146,0,146,258
10/19/2001,IXD,KS,ACE,CE,Federal Contract Tower,0,2,35,2,39,0,0,118,0,118,0,2,153,2,157,184,0,184,341
10/20/2001,IXD,KS,ACE,CE,Federal Contract Tower,0,2,29,0,31,0,3,57,0,60,0,5,86,0,91,168,0,168,259
10/21/2001,IXD,KS,ACE,CE,Federal Contract Tower,0,7,30,1,38,0,0,35,2,37,0,7,65,3,75,126,2,128,203
10/22/2001,IXD,KS,ACE,CE,Federal Contract Tower,0,7,42,0,49,0,1,32,0,33,0,8,74,0,82,138,0,138,220
10/23/2001,IXD,KS,ACE,CE,Federal Contract Tower,0,5,55,4,64,0,3,20,0,23,0,8,75,4,87,220,2,222,309
10/24/2001,IXD,KS,ACE,CE,Federal Contract Tower,0,5,35,0,40,0,2,45,0,47,0,7,80,0,87,88,0,88,175
10/25/2001,IXD,KS,ACE,CE,Federal Contract Tower,0,13,29,0,42,0,0,44,2,46,0,13,73,2,88,46,0,46,134
10/26/2001,IXD,KS,ACE,CE,Federal Contract Tower,0,7,29,4,40,0,1,81,9,91,0,8,110,13,131,146,20,166,297
10/27/2001,IXD,KS,ACE,CE,Federal Contract Tower,0,3,17,0,20,0,0,172,0,172,0,3,189,0,192,224,0,224,416
10/28/2001,IXD,KS,ACE,CE,Federal Contract Tower,0,8,10,0,18,0,0,37,0,37,0,8,47,0,55,70,0,70,125
10/29/2001,IXD,KS,ACE,CE,Federal Contract Tower,0,4,41,0,45,0,3,80,0,83,0,7,121,0,128,222,0,222,350
10/30/2001,IXD,KS,ACE,CE,Federal Contract Tower,0,3,44,0,47,0,3,78,0,81,0,6,122,0,128,196,2,198,326
10/31/2001,IXD,KS,ACE,CE,Federal Contract Tower,0,4,26,2,32,0,0,19,0,19,0,4,45,2,51,16,0,16,67
11/01/2001,IXD,KS,ACE,CE,Federal Contract Tower,0,4,39,0,43,0,3,64,0,67,0,7,103,0,110,182,0,182,292
11/02/2001,IXD,KS,ACE,CE,Federal Contract Tower,0,3,45,0,48,0,5,55,10,70,0,8,100,10,118,192,14,206,324
11/03/2001,IXD,KS,ACE,CE,Federal Contract Tower,0,0,26,0,26,0,0,36,5,41,0,0,62,5,67,170,0,170,237
11/04/2001,IXD,KS,ACE,CE,Federal Contract Tower,0,1,30,2,33,0,3,27,0,30,0,4,57,2,63,102,4,106,169
11/05/2001,IXD,KS,ACE,CE,Federal Contract Tower,0,1,58,0,59,0,3,35,0,38,0,4,93,0,97,154,0,154,251
11/06/2001,IXD,KS,ACE,CE,Federal Contract Tower,0,0,60,5,65,0,5,40,3,48,0,5,100,8,113,182,12,194,307
11/07/2001,IXD,KS,ACE,CE,Federal Contract Tower,0,1,3,1,5,0,0,105,0,105,0,1,108,1,110,158,12,170,280
11/08/2001,IXD,KS,ACE,CE,Federal Contract Tower,0,10,30,2,42,0,2,38,2,42,0,12,68,4,84,66,26,92,176
11/09/2001,IXD,KS,ACE,CE,Federal Contract Tower,0,1,36,1,38,0,5,56,5,66,0,6,92,6,104,144,0,144,248
11/10/2001,IXD,KS,ACE,CE,Federal Contract Tower,0,0,21,0,21,0,4,57,0,61,0,4,78,0,82,134,0,134,216
11/11/2001,IXD,KS,ACE,CE,Federal Contract Tower,0,0,15,0,15,0,2,62,2,66,0,2,77,2,81,126,2,128,209
11/12/2001,IXD,KS,ACE,CE,Federal Contract Tower,0,0,52,1,53,0,1,17,0,18,0,1,69,1,71,176,0,176,247
11/13/2001,IXD,KS,ACE,CE,Federal Contract Tower,0,0,78,4,82,0,0,13,4,17,0,0,91,8,99,136,8,144,243
11/14/2001,IXD,KS,ACE,CE,Federal Contract Tower,0,0,45,3,48,0,3,44,0,47,0,3,89,3,95,148,8,156,251
11/15/2001,IXD,KS,ACE,CE,Federal Contract Tower,2,0,38,0,40,0,1,58,2,61,2,1,96,2,101,196,10,206,307
11/16/2001,IXD,KS,ACE,CE,Federal Contract Tower,0,1,48,2,51,0,3,73,0,76,0,4,121,2,127,172,0,172,299
11/17/2001,IXD,KS,ACE,CE,Federal Contract Tower,0,2,32,1,35,0,0,65,1,66,0,2,97,2,101,164,0,164,265
11/18/2001,IXD,KS,ACE,CE,Federal Contract Tower,0,1,32,0,33,0,1,0,0,1,0,2,32,0,34,64,0,64,98
11/19/2001,IXD,KS,ACE,CE,Federal Contract Tower,0,3,28,1,32,0,1,49,1,51,0,4,77,2,83,114,0,114,197
11/20/2001,IXD,KS,ACE,CE,Federal Contract Tower,0,1,38,0,39,0,3,89,4,96,0,4,127,4,135,148,8,156,291
11/21/2001,IXD,KS,ACE,CE,Federal Contract Tower,0,1,23,0,24,0,1,93,0,94,0,2,116,0,118,128,0,128,246
11/22/2001,IXD,KS,ACE,CE,Federal Contract Tower,0,1,15,0,16,0,1,43,0,44,0,2,58,0,60,54,0,54,114
11/23/2001,IXD,KS,ACE,CE,Federal Contract Tower,0,4,19,0,23,0,1,0,0,1,0,5,19,0,24,56,0,56,80
11/24/2001,IXD,KS,ACE,CE,Federal Contract Tower,0,1,20,0,21,0,1,0,0,1,0,2,20,0,22,26,0,26,48
11/25/2001,IXD,KS,ACE,CE,Federal Contract Tower,0,0,28,0,28,0,0,91,0,91,0,0,119,0,119,152,0,152,271
11/26/2001,IXD,KS,ACE,CE,Federal Contract Tower,0,3,21,2,26,0,1,35,0,36,0,4,56,2,62,68,0,68,130
11/27/2001,IXD,KS,ACE,CE,Federal Contract Tower,0,9,29,2,40,0,1,39,8,48,0,10,68,10,88,136,24,160,248
11/28/2001,IXD,KS,ACE,CE,Federal Contract Tower,0,3,27,2,32,0,2,29,0,31,0,5,56,2,63,32,0,32,95
11/29/2001,IXD,KS,ACE,CE,Federal Contract Tower,0,13,51,0,64,0,1,0,0,1,0,14,51,0,65,32,0,32,97
11/30/2001,IXD,KS,ACE,CE,Federal Contract Tower,0,5,49,11,65,0,3,6,0,9,0,8,55,11,74,84,6,90,164
12/01/2001,IXD,KS,ACE,CE,Federal Contract Tower,0,1,37,0,38,0,1,106,0,107,0,2,143,0,145,190,0,190,335
12/02/2001,IXD,KS,ACE,CE,Federal Contract Tower,0,4,13,0,17,0,1,59,0,60,0,5,72,0,77,98,0,98,175
12/03/2001,IXD,KS,ACE,CE,Federal Contract Tower,0,2,48,0,50,0,2,0,4,6,0,4,48,4,56,100,16,116,172
12/04/2001,IXD,KS,ACE,CE,Federal Contract Tower,0,9,48,2,59,0,0,4,5,9,0,9,52,7,68,52,34,86,154
12/05/2001,IXD,KS,ACE,CE,Federal Contract Tower,0,7,42,0,49,0,0,29,0,29,0,7,71,0,78,72,0,72,150
12/06/2001,IXD,KS,ACE,CE,Federal Contract Tower,0,6,49,4,59,0,2,87,0,89,0,8,136,4,148,188,10,198,346
12/07/2001,IXD,KS,ACE,CE,Federal Contract Tower,2,1,28,2,33,0,3,120,0,123,2,4,148,2,156,150,0,150,306
12/08/2001,IXD,KS,ACE,CE,Federal Contract Tower,0,1,23,4,28,0,0,79,1,80,0,1,102,5,108,146,4,150,258
12/09/2001,IXD,KS,ACE,CE,Federal Contract Tower,0,1,18,1,20,0,1,52,1,54,0,2,70,2,74,134,0,134,208
12/10/2001,IXD,KS,ACE,CE,Federal Contract Tower,0,1,37,0,38,0,1,65,0,66,0,2,102,0,104,158,0,158,262
12/11/2001,IXD,KS,ACE,CE,Federal Contract Tower,0,8,40,2,50,0,0,69,4,73,0,8,109,6,123,156,28,184,307
12/12/2001,IXD,KS,ACE,CE,Federal Contract Tower,0,6,24,8,38,0,0,0,0,0,0,6,24,8,38,2,9,11,49
12/13/2001,IXD,KS,ACE,CE,Federal Contract Tower,0,3,65,2,70,0,1,12,1,14,0,4,77,3,84,102,0,102,186
12/14/2001,IXD,KS,ACE,CE,Federal Contract Tower,0,2,52,4,58,0,0,0,0,0,0,2,52,4,58,60,0,60,118
12/15/2001,IXD,KS,ACE,CE,Federal Contract Tower,0,0,26,0,26,0,5,80,0,85,0,5,106,0,111,154,0,154,265
12/16/2001,IXD,KS,ACE,CE,Federal Contract Tower,0,2,13,0,15,0,0,0,0,0,0,2,13,0,15,20,0,20,35
12/17/2001,IXD,KS,ACE,CE,Federal Contract Tower,0,7,52,4,63,0,1,63,0,64,0,8,115,4,127,134,0,134,261
12/18/2001,IXD,KS,ACE,CE,Federal Contract Tower,0,5,42,0,47,0,0,99,10,109,0,5,141,10,156,160,28,188,344
12/19/2001,IXD,KS,ACE,CE,Federal Contract Tower,0,3,37,6,46,0,1,73,6,80,0,4,110,12,126,148,10,158,284
12/20/2001,IXD,KS,ACE,CE,Federal Contract Tower,0,2,48,2,52,0,2,115,0,117,0,4,163,2,169,152,0,152,321
12/21/2001,IXD,KS,ACE,CE,Federal Contract Tower,0,2,34,0,36,0,0,75,0,75,0,2,109,0,111,134,0,134,245
12/22/2001,IXD,KS,ACE,CE,Federal Contract Tower,0,0,11,0,11,0,0,34,0,34,0,0,45,0,45,46,0,46,91
12/23/2001,IXD,KS,ACE,CE,Federal Contract Tower,0,0,14,0,14,0,0,24,0,24,0,0,38,0,38,42,0,42,80
12/24/2001,IXD,KS,ACE,CE,Federal Contract Tower,0,0,18,0,18,0,0,11,0,11,0,0,29,0,29,50,0,50,79
12/25/2001,IXD,KS,ACE,CE,Federal Contract Tower,0,0,3,0,3,0,0,9,0,9,0,0,12,0,12,2,0,2,14
12/26/2001,IXD,KS,ACE,CE,Federal Contract Tower,0,2,24,0,26,0,0,44,0,44,0,2,68,0,70,100,0,100,170
12/27/2001,IXD,KS,ACE,CE,Federal Contract Tower,0,3,47,0,50,0,0,43,0,43,0,3,90,0,93,114,0,114,207
12/28/2001,IXD,KS,ACE,CE,Federal Contract Tower,0,0,53,0,53,0,0,39,0,39,0,0,92,0,92,98,0,98,190
12/29/2001,IXD,KS,ACE,CE,Federal Contract Tower,0,2,8,0,10,0,1,58,0,59,0,3,66,0,69,130,0,130,199
12/30/2001,IXD,KS,ACE,CE,Federal Contract Tower,0,0,15,0,15,0,0,35,0,35,0,0,50,0,50,74,0,74,124
12/31/2001,IXD,KS,ACE,CE,Federal Contract Tower,0,0,9,0,9,0,0,38,0,38,0,0,47,0,47,80,0,80,127
01/01/2002,IXD,KS,ACE,CE,Federal Contract Tower,0,2,13,0,15,0,0,18,0,18,0,2,31,0,33,30,0,30,63
01/02/2002,IXD,KS,ACE,CE,Federal Contract Tower,0,5,25,2,32,0,0,12,0,12,0,5,37,2,44,38,2,40,84
01/03/2002,IXD,KS,ACE,CE,Federal Contract Tower,0,8,22,0,30,0,2,53,0,55,0,10,75,0,85,80,0,80,165
01/04/2002,IXD,KS,ACE,CE,Federal Contract Tower,0,4,16,3,23,0,0,68,16,84,0,4,84,19,107,154,28,182,289
01/05/2002,IXD,KS,ACE,CE,Federal Contract Tower,0,0,0,0,0,0,0,2,13,15,0,0,2,13,15,2,14,16,31
01/06/2002,IXD,KS,ACE,CE,Federal Contract Tower,0,3,12,0,15,0,2,8,0,10,0,5,20,0,25,8,0,8,33
01/07/2002,IXD,KS,ACE,CE,Federal Contract Tower,2,3,35,3,43,0,1,65,2,68,2,4,100,5,111,110,4,114,225
01/08/2002,IXD,KS,ACE,CE,Federal Contract Tower,0,6,37,2,45,0,0,70,4,74,0,6,107,6,119,116,20,136,255
01/09/2002,IXD,KS,ACE,CE,Federal Contract Tower,0,3,30,2,35,0,0,73,4,77,0,3,103,6,112,106,22,128,240
01/10/2002,IXD,KS,ACE,CE,Federal Contract Tower,0,2,40,2,44,0,0,75,12,87,0,2,115,14,131,136,20,156,287
01/11/2002,IXD,KS,ACE,CE,Federal Contract Tower,0,4,35,2,41,0,7,58,1,66,0,11,93,3,107,110,0,110,217
01/12/2002,IXD,KS,ACE,CE,Federal Contract Tower,0,2,20,0,22,0,0,64,6,70,0,2,84,6,92,104,0,104,196
01/13/2002,IXD,KS,ACE,CE,Federal Contract Tower,0,3,19,0,22,0,1,36,4,41,0,4,55,4,63,80,19,99,162
01/14/2002,IXD,KS,ACE,CE,Federal Contract Tower,0,1,25,0,26,0,0,29,2,31,0,1,54,2,57,22,0,22,79
01/15/2002,IXD,KS,ACE,CE,Federal Contract Tower,0,7,27,1,35,0,0,90,4,94,0,7,117,5,129,112,12,124,253
01/16/2002,IXD,KS,ACE,CE,Federal Contract Tower,0,3,37,0,40,0,0,23,7,30,0,3,60,7,70,116,0,116,186
01/17/2002,IXD,KS,ACE,CE,Federal Contract Tower,0,4,39,3,46,0,2,70,0,72,0,6,109,3,118,149,2,151,269
01/18/2002,IXD,KS,ACE,CE,Federal Contract Tower,0,5,42,0,47,0,3,18,3,24,0,8,60,3,71,92,2,94,165
01/19/2002,IXD,KS,ACE,CE,Federal Contract Tower,0,1,12,1,14,0,0,8,1,9,0,1,20,2,23,30,8,38,61
01/20/2002,IXD,KS,ACE,CE,Federal Contract Tower,0,4,24,0,28,0,0,18,0,18,0,4,42,0,46,88,0,88,134
01/21/2002,IXD,KS,ACE,CE,Federal Contract Tower,0,0,29,0,29,0,1,68,0,69,0,1,97,0,98,172,0,172,270
01/22/2002,IXD,KS,ACE,CE,Federal Contract Tower,2,2,24,0,28,0,0,56,2,58,2,2,80,2,86,74,0,74,160
01/23/2002,IXD,KS,ACE,CE,Federal Contract Tower,0,3,45,2,50,0,0,4,1,5,0,3,49,3,55,92,0,92,147
01/24/2002,IXD,KS,ACE,CE,Federal Contract Tower,0,6,31,2,39,0,0,112,0,112,0,6,143,2,151,176,2,178,329
01/25/2002,IXD,KS,ACE,CE,Federal Contract Tower,0,2,36,0,38,0,0,120,2,122,0,2,156,2,160,150,0,150,310
01/26/2002,IXD,KS,ACE,CE,Federal Contract Tower,0,2,18,0,20,0,0,75,0,75,0,2,93,0,95,132,0,132,227
01/27/2002,IXD,KS,ACE,CE,Federal Contract Tower,0,1,25,0,26,0,1,48,0,49,0,2,73,0,75,120,0,120,195
01/28/2002,IXD,KS,ACE,CE,Federal Contract Tower,0,3,53,0,56,0,0,30,1,31,0,3,83,1,87,142,2,144,231
01/29/2002,IXD,KS,ACE,CE,Federal Contract Tower,0,3,19,0,22,0,0,0,0,0,0,3,19,0,22,6,0,6,28
01/30/2002,IXD,KS,ACE,CE,Federal Contract Tower,0,0,1,0,1,0,0,0,0,0,0,0,1,0,1,0,0,0,1
01/31/2002,IXD,KS,ACE,CE,Federal Contract Tower,0,0,3,0,3,0,0,0,0,0,0,0,3,0,3,0,0,0,3
02/01/2002,IXD,KS,ACE,CE,Federal Contract Tower,0,3,19,0,22,0,0,30,3,33,0,3,49,3,55,32,0,32,87
02/02/2002,IXD,KS,ACE,CE,Federal Contract Tower,0,2,12,0,14,0,0,25,6,31,0,2,37,6,45,60,28,88,133
02/03/2002,IXD,KS,ACE,CE,Federal Contract Tower,0,0,7,0,7,0,0,29,8,37,0,0,36,8,44,76,6,82,126
02/04/2002,IXD,KS,ACE,CE,Federal Contract Tower,0,4,23,2,29,0,0,39,1,40,0,4,62,3,69,68,0,68,137
02/05/2002,IXD,KS,ACE,CE,Federal Contract Tower,0,7,14,3,24,0,1,51,9,61,0,8,65,12,85,90,42,132,217
02/06/2002,IXD,KS,ACE,CE,Federal Contract Tower,0,9,27,0,36,0,0,5,2,7,0,9,32,2,43,22,0,22,65
02/07/2002,IXD,KS,ACE,CE,Federal Contract Tower,0,3,39,0,42,0,0,40,1,41,0,3,79,1,83,76,0,76,159
02/08/2002,IXD,KS,ACE,CE,Federal Contract Tower,0,6,19,0,25,0,0,68,0,68,0,6,87,0,93,122,0,122,215
02/09/2002,IXD,KS,ACE,CE,Federal Contract Tower,0,2,7,0,9,0,3,14,1,18,0,5,21,1,27,62,0,62,89
02/10/2002,IXD,KS,ACE,CE,Federal Contract Tower,0,6,11,0,17,0,0,16,2,18,0,6,27,2,35,26,0,26,61
02/11/2002,IXD,KS,ACE,CE,Federal Contract Tower,0,1,9,0,10,0,2,69,6,77,0,3,78,6,87,96,2,98,185
02/12/2002,IXD,KS,ACE,CE,Federal Contract Tower,0,7,27,2,36,0,3,62,12,77,0,10,89,14,113,114,18,132,245
02/13/2002,IXD,KS,ACE,CE,Federal Contract Tower,0,0,41,0,41,0,0,69,2,71,0,0,110,2,112,188,0,188,300
02/14/2002,IXD,KS,ACE,CE,Federal Contract Tower,2,4,21,0,27,0,0,20,2,22,2,4,41,2,49,42,6,48,97
02/15/2002,IXD,KS,ACE,CE,Federal Contract Tower,0,2,42,0,44,0,1,39,5,45,0,3,81,5,89,114,2,116,205
02/16/2002,IXD,KS,ACE,CE,Federal Contract Tower,0,3,30,0,33,0,1,68,0,69,0,4,98,0,102,162,0,162,264
02/17/2002,IXD,KS,ACE,CE,Federal Contract Tower,0,0,16,0,16,0,2,70,0,72,0,2,86,0,88,122,0,122,210
02/18/2002,IXD,KS,ACE,CE,Federal Contract Tower,0,1,31,0,32,0,1,23,0,24,0,2,54,0,56,46,0,46,102
02/19/2002,IXD,KS,ACE,CE,Federal Contract Tower,0,2,25,0,27,0,0,6,0,6,0,2,31,0,33,32,0,32,65
02/20/2002,IXD,KS,ACE,CE,Federal Contract Tower,0,1,35,0,36,0,0,47,4,51,0,1,82,4,87,100,6,106,193
02/21/2002,IXD,KS,ACE,CE,Federal Contract Tower,0,3,26,0,29,0,0,53,3,56,0,3,79,3,85,78,2,80,165
02/22/2002,IXD,KS,ACE,CE,Federal Contract Tower,0,3,24,0,27,0,0,88,4,92,0,3,112,4,119,190,6,196,315
02/23/2002,IXD,KS,ACE,CE,Federal Contract Tower,0,2,12,0,14,0,1,81,0,82,0,3,93,0,96,156,0,156,252
02/24/2002,IXD,KS,ACE,CE,Federal Contract Tower,0,1,12,0,13,3,0,24,0,27,3,1,36,0,40,88,0,88,128
02/25/2002,IXD,KS,ACE,CE,Federal Contract Tower,0,1,28,0,29,0,0,13,0,13,0,1,41,0,42,44,0,44,86
02/26/2002,IXD,KS,ACE,CE,Federal Contract Tower,0,5,33,0,38,0,2,9,6,17,0,7,42,6,55,26,32,58,113
02/27/2002,IXD,KS,ACE,CE,Federal Contract Tower,2,6,33,0,41,0,1,53,0,54,2,7,86,0,95,51,0,51,146
02/28/2002,IXD,KS,ACE,CE,Federal Contract Tower,0,6,28,2,36,0,1,90,3,94,0,7,118,5,130,162,0,162,292
03/01/2002,IXD,KS,ACE,CE,Federal Contract Tower,0,3,41,1,45,0,0,1,0,1,0,3,42,1,46,15,0,15,61
03/02/2002,IXD,KS,ACE,CE,Federal Contract Tower,0,0,2,2,4,0,0,1,0,1,0,0,3,2,5,2,0,2,7
03/03/2002,IXD,KS,ACE,CE,Federal Contract Tower,0,3,12,0,15,0,0,21,1,22,0,3,33,1,37,72,0,72,109
03/04/2002,IXD,KS,ACE,CE,Federal Contract Tower,0,3,27,0,30,0,0,38,1,39,0,3,65,1,69,114,0,114,183
03/05/2002,IXD,KS,ACE,CE,Federal Contract Tower,0,0,17,0,17,0,0,93,2,95,0,0,110,2,112,140,4,144,256
03/06/2002,IXD,KS,ACE,CE,Federal Contract Tower,0,1,24,0,25,0,0,77,6,83,0,1,101,6,108,158,2,160,268
03/07/2002,IXD,KS,ACE,CE,Federal Contract Tower,0,4,37,1,42,0,0,6,1,7,0,4,43,2,49,74,6,80,129
03/08/2002,IXD,KS,ACE,CE,Federal Contract Tower,0,4,22,1,27,0,0,3,0,3,0,4,25,1,30,38,2,40,70
03/09/2002,IXD,KS,ACE,CE,Federal Contract Tower,0,3,14,0,17,0,0,12,0,12,0,3,26,0,29,14,0,14,43
03/10/2002,IXD,KS,ACE,CE,Federal Contract Tower,0,2,23,0,25,0,3,102,0,105,0,5,125,0,130,236,0,236,366
03/11/2002,IXD,KS,ACE,CE,Federal Contract Tower,0,7,31,2,40,0,0,50,1,51,0,7,81,3,91,108,0,108,199
03/12/2002,IXD,KS,ACE,CE,Federal Contract Tower,0,4,30,2,36,0,0,68,0,68,0,4,98,2,104,122,2,124,228
03/13/2002,IXD,KS,ACE,CE,Federal Contract Tower,0,3,33,0,36,0,0,90,3,93,0,3,123,3,129,148,0,148,277
03/14/2002,IXD,KS,ACE,CE,Federal Contract Tower,0,3,31,2,36,0,0,17,0,17,0,3,48,2,53,8,0,8,61
03/15/2002,IXD,KS,ACE,CE,Federal Contract Tower,0,9,18,0,27,0,0,51,0,51,0,9,69,0,78,148,0,148,226
03/16/2002,IXD,KS,ACE,CE,Federal Contract Tower,0,3,26,0,29,0,2,67,0,69,0,5,93,0,98,164,0,164,262
03/17/2002,IXD,KS,ACE,CE,Federal Contract Tower,0,3,17,1,21,0,0,57,0,57,0,3,74,1,78,114,1,115,193
03/18/2002,IXD,KS,ACE,CE,Federal Contract Tower,0,5,19,0,24,0,0,17,0,17,0,5,36,0,41,58,0,58,99
03/19/2002,IXD,KS,ACE,CE,Federal Contract Tower,2,1,46,0,49,0,0,0,0,0,2,1,46,0,49,94,0,94,143
03/20/2002,IXD,KS,ACE,CE,Federal Contract Tower,0,0,42,0,42,0,0,60,0,60,0,0,102,0,102,144,0,144,246
03/21/2002,IXD,KS,ACE,CE,Federal Contract Tower,0,2,15,1,18,0,0,37,0,37,0,2,52,1,55,62,0,62,117
03/22/2002,IXD,KS,ACE,CE,Federal Contract Tower,0,6,40,3,49,0,1,55,0,56,0,7,95,3,105,122,4,126,231
03/23/2002,IXD,KS,ACE,CE,Federal Contract Tower,0,0,16,0,16,0,1,128,0,129,0,1,144,0,145,4,0,4,149
03/24/2002,IXD,KS,ACE,CE,Federal Contract Tower,0,0,9,0,9,0,1,13,0,14,0,1,22,0,23,22,0,22,45
03/25/2002,IXD,KS,ACE,CE,Federal Contract Tower,0,0,9,0,9,0,0,0,0,0,0,0,9,0,9,0,0,0,9
03/26/2002,IXD,KS,ACE,CE,Federal Contract Tower,0,3,23,0,26,0,0,63,1,64,0,3,86,1,90,152,1,153,243
03/27/2002,IXD,KS,ACE,CE,Federal Contract Tower,0,4,20,0,24,0,0,70,0,70,0,4,90,0,94,154,0,154,248
03/28/2002,IXD,KS,ACE,CE,Federal Contract Tower,0,2,31,0,33,0,0,79,1,80,0,2,110,1,113,156,0,156,269
03/29/2002,IXD,KS,ACE,CE,Federal Contract Tower,0,1,40,0,41,0,0,43,0,43,0,1,83,0,84,96,0,96,180
03/30/2002,IXD,KS,ACE,CE,Federal Contract Tower,0,1,34,0,35,0,0,73,0,73,0,1,107,0,108,187,0,187,295
03/31/2002,IXD,KS,ACE,CE,Federal Contract Tower,0,3,20,0,23,0,0,39,0,39,0,3,59,0,62,30,0,30,92
04/01/2002,IXD,KS,ACE,CE,Federal Contract Tower,0,3,19,0,22,0,0,20,0,20,0,3,39,0,42,14,0,14,56
04/02/2002,IXD,KS,ACE,CE,Federal Contract Tower,0,4,29,0,33,0,1,12,2,15,0,5,41,2,48,68,0,68,116
04/03/2002,IXD,KS,ACE,CE,Federal Contract Tower,0,6,25,0,31,0,1,74,0,75,0,7,99,0,106,168,0,168,274
04/04/2002,IXD,KS,ACE,CE,Federal Contract Tower,0,6,35,1,42,0,2,84,1,87,0,8,119,2,129,164,6,170,299
04/05/2002,IXD,KS,ACE,CE,Federal Contract Tower,0,0,19,0,19,0,1,97,1,99,0,1,116,1,118,158,2,160,278
04/06/2002,IXD,KS,ACE,CE,Federal Contract Tower,0,2,13,0,15,0,0,101,0,101,0,2,114,0,116,134,0,134,250
04/07/2002,IXD,KS,ACE,CE,Federal Contract Tower,0,4,21,0,25,0,0,0,0,0,0,4,21,0,25,20,0,20,45
04/08/2002,IXD,KS,ACE,CE,Federal Contract Tower,0,3,19,0,22,0,0,0,0,0,0,3,19,0,22,8,0,8,30
04/09/2002,IXD,KS,ACE,CE,Federal Contract Tower,0,3,24,0,27,0,0,80,4,84,0,3,104,4,111,148,0,148,259
04/10/2002,IXD,KS,ACE,CE,Federal Contract Tower,0,4,31,0,35,0,0,74,1,75,0,4,105,1,110,110,0,110,220
04/11/2002,IXD,KS,ACE,CE,Federal Contract Tower,0,1,16,0,17,0,1,38,3,42,0,2,54,3,59,94,1,95,154
04/12/2002,IXD,KS,ACE,CE,Federal Contract Tower,0,2,37,0,39,0,0,33,0,33,0,2,70,0,72,62,0,62,134
04/13/2002,IXD,KS,ACE,CE,Federal Contract Tower,0,4,28,0,32,0,1,46,2,49,0,5,74,2,81,160,2,162,243
04/14/2002,IXD,KS,ACE,CE,Federal Contract Tower,0,2,10,2,14,0,0,26,0,26,0,2,36,2,40,30,2,32,72
04/15/2002,IXD,KS,ACE,CE,Federal Contract Tower,0,2,31,0,33,0,0,45,0,45,0,2,76,0,78,72,0,72,150
04/16/2002,IXD,KS,ACE,CE,Federal Contract Tower,2,0,33,0,35,0,0,6,2,8,2,0,39,2,43,42,2,44,87
04/17/2002,IXD,KS,ACE,CE,Federal Contract Tower,0,2,46,0,48,0,1,86,0,87,0,3,132,0,135,162,0,162,297
04/18/2002,IXD,KS,ACE,CE,Federal Contract Tower,0,0,40,0,40,0,1,29,0,30,0,1,69,0,70,94,0,94,164
04/19/2002,IXD,KS,ACE,CE,Federal Contract Tower,0,2,46,2,50,0,2,34,8,44,0,4,80,10,94,132,40,172,266
04/20/2002,IXD,KS,ACE,CE,Federal Contract Tower,0,2,33,0,35,0,0,5,2,7,0,2,38,2,42,118,6,124,166
04/21/2002,IXD,KS,ACE,CE,Federal Contract Tower,0,2,14,0,16,0,0,29,2,31,0,2,43,2,47,98,4,102,149
04/22/2002,IXD,KS,ACE,CE,Federal Contract Tower,0,4,26,2,32,0,1,96,3,100,0,5,122,5,132,190,2,192,324
04/23/2002,IXD,KS,ACE,CE,Federal Contract Tower,0,1,34,3,38,0,0,65,10,75,0,1,99,13,113,156,24,180,293
04/24/2002,IXD,KS,ACE,CE,Federal Contract Tower,0,2,24,0,26,0,0,16,0,16,0,2,40,0,42,14,0,14,56
04/25/2002,IXD,KS,ACE,CE,Federal Contract Tower,0,1,32,3,36,0,0,149,4,153,0,1,181,7,189,220,0,220,409
04/26/2002,IXD,KS,ACE,CE,Federal Contract Tower,2,4,31,0,37,0,0,45,2,47,2,4,76,2,84,95,0,95,179
04/27/2002,IXD,KS,ACE,CE,Federal Contract Tower,0,5,4,0,9,0,0,4,0,4,0,5,8,0,13,8,0,8,21
04/28/2002,IXD,KS,ACE,CE,Federal Contract Tower,0,3,34,2,39,0,0,36,3,39,0,3,70,5,78,68,2,70,148
04/29/2002,IXD,KS,ACE,CE,Federal Contract Tower,0,6,37,0,43,0,0,72,4,76,0,6,109,4,119,114,28,142,261
04/30/2002,IXD,KS,ACE,CE,Federal Contract Tower,0,7,36,0,43,0,0,56,12,68,0,7,92,12,111,134,14,148,259
05/01/2002,IXD,KS,ACE,CE,Federal Contract Tower,0,9,32,2,43,0,0,0,0,0,0,9,32,2,43,22,2,24,67
05/02/2002,IXD,KS,ACE,CE,Federal Contract Tower,0,2,19,0,21,0,0,123,4,127,0,2,142,4,148,206,20,226,374
05/03/2002,IXD,KS,ACE,CE,Federal Contract Tower,0,4,25,0,29,0,1,59,3,63,0,5,84,3,92,174,0,174,266
05/04/2002,IXD,KS,ACE,CE,Federal Contract Tower,0,2,18,0,20,0,2,105,13,120,0,4,123,13,140,202,14,216,356
05/05/2002,IXD,KS,ACE,CE,Federal Contract Tower,0,7,25,0,32,0,1,49,12,62,0,8,74,12,94,84,10,94,188
05/06/2002,IXD,KS,ACE,CE,Federal Contract Tower,0,6,31,0,37,0,0,30,3,33,0,6,61,3,70,60,16,76,146
05/07/2002,IXD,KS,ACE,CE,Federal Contract Tower,0,0,33,0,33,0,0,29,0,29,0,0,62,0,62,40,0,40,102
05/08/2002,IXD,KS,ACE,CE,Federal Contract Tower,0,7,23,5,35,0,2,34,0,36,0,9,57,5,71,64,4,68,139
05/09/2002,IXD,KS,ACE,CE,Federal Contract Tower,0,9,34,1,44,0,2,94,11,107,0,11,128,12,151,210,18,228,379
05/10/2002,IXD,KS,ACE,CE,Federal Contract Tower,0,3,22,0,25,0,0,70,0,70,0,3,92,0,95,48,0,48,143
05/11/2002,IXD,KS,ACE,CE,Federal Contract Tower,0,3,11,0,14,0,0,0,0,0,0,3,11,0,14,22,0,22,36
05/12/2002,IXD,KS,ACE,CE,Federal Contract Tower,0,5,23,2,30,0,0,0,0,0,0,5,23,2,30,16,4,20,50
05/13/2002,IXD,KS,ACE,CE,Federal Contract Tower,0,3,33,0,36,0,0,93,0,93,0,3,126,0,129,200,0,200,329
05/14/2002,IXD,KS,ACE,CE,Federal Contract Tower,0,1,47,1,49,0,0,89,2,91,0,1,136,3,140,224,12,236,376
05/15/2002,IXD,KS,ACE,CE,Federal Contract Tower,0,1,23,0,24,0,1,35,2,38,0,2,58,2,62,46,12,58,120
05/16/2002,IXD,KS,ACE,CE,Federal Contract Tower,0,3,45,5,53,0,1,34,2,37,0,4,79,7,90,130,22,152,242
05/17/2002,IXD,KS,ACE,CE,Federal Contract Tower,0,7,15,2,24,0,2,62,0,64,0,9,77,2,88,148,0,148,236
05/18/2002,IXD,KS,ACE,CE,Federal Contract Tower,0,7,23,0,30,0,0,90,4,94,0,7,113,4,124,194,10,204,328
05/19/2002,IXD,KS,ACE,CE,Federal Contract Tower,0,5,29,0,34,0,0,51,0,51,0,5,80,0,85,118,0,118,203
05/20/2002,IXD,KS,ACE,CE,Federal Contract Tower,0,7,47,0,54,0,7,78,0,85,0,14,125,0,139,192,0,192,331
05/21/2002,IXD,KS,ACE,CE,Federal Contract Tower,0,4,29,0,33,0,0,70,6,76,0,4,99,6,109,124,14,138,247
05/22/2002,IXD,KS,ACE,CE,Federal Contract Tower,0,2,26,0,28,0,0,12,0,12,0,2,38,0,40,46,0,46,86
05/23/2002,IXD,KS,ACE,CE,Federal Contract Tower,0,3,29,0,32,0,0,26,5,31,0,3,55,5,63,20,10,30,93
05/24/2002,IXD,KS,ACE,CE,Federal Contract Tower,0,3,16,0,19,0,0,43,3,46,0,3,59,3,65,146,8,154,219
05/25/2002,IXD,KS,ACE,CE,Federal Contract Tower,0,1,29,1,31,0,0,53,3,56,0,1,82,4,87,124,4,128,215
05/26/2002,IXD,KS,ACE,CE,Federal Contract Tower,0,0,10,1,11,0,0,64,2,66,0,0,74,3,77,94,0,94,171
05/27/2002,IXD,KS,ACE,CE,Federal Contract Tower,0,1,7,0,8,0,0,53,0,53,0,1,60,0,61,102,0,102,163
05/28/2002,IXD,KS,ACE,CE,Federal Contract Tower,2,9,30,0,41,0,0,60,4,64,2,9,90,4,105,166,8,174,279
05/29/2002,IXD,KS,ACE,CE,Federal Contract Tower,0,5,39,2,46,0,0,69,4,73,0,5,108,6,119,150,10,160,279
05/30/2002,IXD,KS,ACE,CE,Federal Contract Tower,0,6,30,5,41,0,4,71,4,79,0,10,101,9,120,192,2,194,314
05/31/2002,IXD,KS,ACE,CE,Federal Contract Tower,0,2,56,0,58,0,0,105,2,107,0,2,161,2,165,264,0,264,429
06/01/2002,IXD,KS,ACE,CE,Federal Contract Tower,0,2,16,0,18,0,0,204,3,207,0,2,220,3,225,232,2,234,459
06/02/2002,IXD,KS,ACE,CE,Federal Contract Tower,0,1,25,0,26,0,0,172,1,173,0,1,197,1,199,266,0,266,465
06/03/2002,IXD,KS,ACE,CE,Federal Contract Tower,0,4,22,0,26,0,0,50,1,51,0,4,72,1,77,94,0,94,171
06/04/2002,IXD,KS,ACE,CE,Federal Contract Tower,0,4,28,0,32,0,0,17,5,22,0,4,45,5,54,42,24,66,120
06/05/2002,IXD,KS,ACE,CE,Federal Contract Tower,0,3,41,0,44,0,1,58,2,61,0,4,99,2,105,92,0,92,197
06/06/2002,IXD,KS,ACE,CE,Federal Contract Tower,0,3,26,0,29,2,1,81,5,89,2,4,107,5,118,136,6,142,260
06/07/2002,IXD,KS,ACE,CE,Federal Contract Tower,0,3,27,0,30,0,0,72,1,73,0,3,99,1,103,142,4,146,249
06/08/2002,IXD,KS,ACE,CE,Federal Contract Tower,0,0,9,0,9,0,0,66,2,68,0,0,75,2,77,82,0,82,159
06/09/2002,IXD,KS,ACE,CE,Federal Contract Tower,0,5,11,0,16,0,0,18,0,18,0,5,29,0,34,50,18,68,102
06/10/2002,IXD,KS,ACE,CE,Federal Contract Tower,0,4,26,0,30,0,0,25,5,30,0,4,51,5,60,82,4,86,146
06/11/2002,IXD,KS,ACE,CE,Federal Contract Tower,2,5,24,0,31,0,0,24,9,33,2,5,48,9,64,56,7,63,127
06/12/2002,IXD,KS,ACE,CE,Federal Contract Tower,0,2,45,1,48,0,0,23,7,30,0,2,68,8,78,118,12,130,208
06/13/2002,IXD,KS,ACE,CE,Federal Contract Tower,2,1,72,0,75,0,2,0,8,10,2,3,72,8,85,108,12,120,205
06/14/2002,IXD,KS,ACE,CE,Federal Contract Tower,0,3,55,0,58,0,3,65,4,72,0,6,120,4,130,110,12,122,252
06/15/2002,IXD,KS,ACE,CE,Federal Contract Tower,0,0,32,0,32,0,0,69,2,71,0,0,101,2,103,144,12,156,259
06/16/2002,IXD,KS,ACE,CE,Federal Contract Tower,0,2,22,0,24,0,0,52,7,59,0,2,74,7,83,66,22,88,171
06/17/2002,IXD,KS,ACE,CE,Federal Contract Tower,0,0,22,0,22,0,0,87,5,92,0,0,109,5,114,138,2,140,254
06/18/2002,IXD,KS,ACE,CE,Federal Contract Tower,0,2,38,0,40,0,1,47,10,58,0,3,85,10,98,56,28,84,182
06/19/2002,IXD,KS,ACE,CE,Federal Contract Tower,0,4,47,3,54,0,2,54,3,59,0,6,101,6,113,110,16,126,239
06/20/2002,IXD,KS,ACE,CE,Federal Contract Tower,0,1,39,1,41,0,2,46,9,57,0,3,85,10,98,56,28,84,182
06/21/2002,IXD,KS,ACE,CE,Federal Contract Tower,0,11,42,0,53,0,0,77,0,77,0,11,119,0,130,154,0,154,284
06/22/2002,IXD,KS,ACE,CE,Federal Contract Tower,2,2,20,0,24,0,0,56,0,56,2,2,76,0,80,144,0,144,224
06/23/2002,IXD,KS,ACE,CE,Federal Contract Tower,0,10,29,0,39,0,0,29,0,29,0,10,58,0,68,110,0,110,178
06/24/2002,IXD,KS,ACE,CE,Federal Contract Tower,0,6,28,0,34,0,2,57,2,61,0,8,85,2,95,130,12,142,237
06/25/2002,IXD,KS,ACE,CE,Federal Contract Tower,2,4,25,0,31,0,0,68,6,74,2,4,93,6,105,134,18,152,257
06/26/2002,IXD,KS,ACE,CE,Federal Contract Tower,0,2,42,0,44,0,0,83,2,85,0,2,125,2,129,98,2,100,229
06/27/2002,IXD,KS,ACE,CE,Federal Contract Tower,2,8,34,0,44,0,0,88,5,93,2,8,122,5,137,120,10,130,267
06/28/2002,IXD,KS,ACE,CE,Federal Contract Tower,0,4,34,3,41,0,0,54,2,56,0,4,88,5,97,98,0,98,195
06/29/2002,IXD,KS,ACE,CE,Federal Contract Tower,0,4,13,0,17,0,0,45,2,47,0,4,58,2,64,52,0,52,116
06/30/2002,IXD,KS,ACE,CE,Federal Contract Tower,0,1,31,0,32,0,0,33,3,36,0,1,64,3,68,60,2,62,130
07/01/2002,IXD,KS,ACE,CE,Federal Contract Tower,0,8,26,0,34,0,1,55,0,56,0,9,81,0,90,104,0,104,194
07/02/2002,IXD,KS,ACE,CE,Federal Contract Tower,0,5,27,5,37,0,2,44,5,51,0,7,71,10,88,156,6,162,250
07/03/2002,IXD,KS,ACE,CE,Federal Contract Tower,0,5,34,0,39,0,2,30,0,32,0,7,64,0,71,72,0,72,143
07/04/2002,IXD,KS,ACE,CE,Federal Contract Tower,0,1,11,2,14,0,0,21,0,21,0,1,32,2,35,20,0,20,55
07/05/2002,IXD,KS,ACE,CE,Federal Contract Tower,0,3,25,0,28,0,0,32,0,32,0,3,57,0,60,78,0,78,138
07/06/2002,IXD,KS,ACE,CE,Federal Contract Tower,0,3,21,0,24,0,0,20,0,20,0,3,41,0,44,96,0,96,140
07/07/2002,IXD,KS,ACE,CE,Federal Contract Tower,0,2,19,2,23,0,0,33,2,35,0,2,52,4,58,20,2,22,80
07/08/2002,IXD,KS,ACE,CE,Federal Contract Tower,0,8,27,2,37,0,3,33,0,36,0,11,60,2,73,102,0,102,175
07/09/2002,IXD,KS,ACE,CE,Federal Contract Tower,0,3,34,2,39,0,1,40,12,53,0,4,74,14,92,68,28,96,188
07/10/2002,IXD,KS,ACE,CE,Federal Contract Tower,0,2,20,0,22,0,0,34,14,48,0,2,54,14,70,121,42,163,233
07/11/2002,IXD,KS,ACE,CE,Federal Contract Tower,0,2,30,1,33,0,0,55,12,67,0,2,85,13,100,110,58,168,268
07/12/2002,IXD,KS,ACE,CE,Federal Contract Tower,0,2,31,0,33,0,0,56,10,66,0,2,87,10,99,108,38,146,245
07/13/2002,IXD,KS,ACE,CE,Federal Contract Tower,0,4,31,0,35,0,0,73,7,80,0,4,104,7,115,182,0,182,297
07/14/2002,IXD,KS,ACE,CE,Federal Contract Tower,0,2,20,0,22,0,0,42,2,44,0,2,62,2,66,93,10,103,169
07/15/2002,IXD,KS,ACE,CE,Federal Contract Tower,0,3,28,0,31,0,0,69,5,74,0,3,97,5,105,116,28,144,249
07/16/2002,IXD,KS,ACE,CE,Federal Contract Tower,0,2,23,4,29,0,1,63,8,72,0,3,86,12,101,92,22,114,215
07/17/2002,IXD,KS,ACE,CE,Federal Contract Tower,0,2,42,0,44,0,0,83,8,91,0,2,125,8,135,256,18,274,409
07/18/2002,IXD,KS,ACE,CE,Federal Contract Tower,0,1,39,1,41,0,0,35,10,45,0,1,74,11,86,66,14,80,166
07/19/2002,IXD,KS,ACE,CE,Federal Contract Tower,0,6,30,0,36,0,3,47,3,53,0,9,77,3,89,70,6,76,165
07/20/2002,IXD,KS,ACE,CE,Federal Contract Tower,0,2,11,0,13,0,2,78,3,83,0,4,89,3,96,122,0,122,218
07/21/2002,IXD,KS,ACE,CE,Federal Contract Tower,0,0,16,3,19,0,0,71,3,74,0,0,87,6,93,74,0,74,167
07/22/2002,IXD,KS,ACE,CE,Federal Contract Tower,0,2,35,2,39,0,2,44,0,46,0,4,79,2,85,82,8,90,175
07/23/2002,IXD,KS,ACE,CE,Federal Contract Tower,0,3,29,4,36,0,0,90,9,99,0,3,119,13,135,76,34,110,245
07/24/2002,IXD,KS,ACE,CE,Federal Contract Tower,0,3,27,2,32,0,3,62,10,75,0,6,89,12,107,152,22,174,281
07/25/2002,IXD,KS,ACE,CE,Federal Contract Tower,0,3,27,1,31,0,0,66,1,67,0,3,93,2,98,112,8,120,218
07/26/2002,IXD,KS,ACE,CE,Federal Contract Tower,0,4,28,0,32,0,0,47,3,50,0,4,75,3,82,54,4,58,140
07/27/2002,IXD,KS,ACE,CE,Federal Contract Tower,0,6,7,0,13,0,0,52,0,52,0,6,59,0,65,95,0,95,160
07/28/2002,IXD,KS,ACE,CE,Federal Contract Tower,0,0,17,0,17,0,2,25,0,27,0,2,42,0,44,44,0,44,88
07/29/2002,IXD,KS,ACE,CE,Federal Contract Tower,2,0,48,1,51,0,0,31,3,34,2,0,79,4,85,144,7,151,236
07/30/2002,IXD,KS,ACE,CE,Federal Contract Tower,2,4,43,0,49,0,0,67,6,73,2,4,110,6,122,160,6,166,288
07/31/2002,IXD,KS,ACE,CE,Federal Contract Tower,0,12,31,1,44,0,0,66,2,68,0,12,97,3,112,160,6,166,278
08/01/2002,IXD,KS,ACE,CE,Federal Contract Tower,0,0,36,1,37,0,0,48,0,48,0,0,84,1,85,106,0,106,191
08/02/2002,IXD,KS,ACE,CE,Federal Contract Tower,0,2,53,3,58,0,0,71,3,74,0,2,124,6,132,122,10,132,264
08/03/2002,IXD,KS,ACE,CE,Federal Contract Tower,0,4,9,1,14,0,0,61,9,70,0,4,70,10,84,100,16,116,200
08/04/2002,IXD,KS,ACE,CE,Federal Contract Tower,0,4,21,4,29,0,0,55,3,58,0,4,76,7,87,98,24,122,209
08/05/2002,IXD,KS,ACE,CE,Federal Contract Tower,0,3,16,3,22,0,0,46,7,53,0,3,62,10,75,118,6,124,199
08/06/2002,IXD,KS,ACE,CE,Federal Contract Tower,0,1,37,0,38,0,0,46,16,62,0,1,83,16,100,98,20,118,218
08/07/2002,IXD,KS,ACE,CE,Federal Contract Tower,0,6,29,2,37,0,1,98,9,108,0,7,127,11,145,167,34,201,346
08/08/2002,IXD,KS,ACE,CE,Federal Contract Tower,2,3,25,0,30,2,3,82,10,97,4,6,107,10,127,167,6,173,300
08/09/2002,IXD,KS,ACE,CE,Federal Contract Tower,0,3,38,2,43,0,1,75,3,79,0,4,113,5,122,95,2,97,219
08/10/2002,IXD,KS,ACE,CE,Federal Contract Tower,0,1,21,0,22,2,0,58,4,64,2,1,79,4,86,104,0,104,190
08/11/2002,IXD,KS,ACE,CE,Federal Contract Tower,0,3,21,2,26,0,0,19,0,19,0,3,40,2,45,21,0,21,66
08/12/2002,IXD,KS,ACE,CE,Federal Contract Tower,0,7,24,0,31,0,0,66,0,66,0,7,90,0,97,170,0,170,267
08/13/2002,IXD,KS,ACE,CE,Federal Contract Tower,2,5,50,2,59,0,0,11,2,13,2,5,61,4,72,66,8,74,146
08/14/2002,IXD,KS,ACE,CE,Federal Contract Tower,1,5,34,0,40,0,0,78,5,83,1,5,112,5,123,102,4,106,229
08/15/2002,IXD,KS,ACE,CE,Federal Contract Tower,0,3,35,1,39,1,0,36,4,41,1,3,71,5,80,118,2,120,200
08/16/2002,IXD,KS,ACE,CE,Federal Contract Tower,0,1,33,2,36,0,0,38,2,40,0,1,71,4,76,102,0,102,178
08/17/2002,IXD,KS,ACE,CE,Federal Contract Tower,0,3,10,0,13,0,0,23,0,23,0,3,33,0,36,32,0,32,68
08/18/2002,IXD,KS,ACE,CE,Federal Contract Tower,0,7,23,0,30,0,0,39,4,43,0,7,62,4,73,23,1,24,97
08/19/2002,IXD,KS,ACE,CE,Federal Contract Tower,0,3,17,1,21,0,0,60,0,60,0,3,77,1,81,114,0,114,195
08/20/2002,IXD,KS,ACE,CE,Federal Contract Tower,0,3,27,2,32,0,0,60,6,66,0,3,87,8,98,102,6,108,206
08/21/2002,IXD,KS,ACE,CE,Federal Contract Tower,0,2,14,1,17,0,5,65,0,70,0,7,79,1,87,82,4,86,173
08/22/2002,IXD,KS,ACE,CE,Federal Contract Tower,0,3,29,2,34,0,2,73,1,76,0,5,102,3,110,124,2,126,236
08/23/2002,IXD,KS,ACE,CE,Federal Contract Tower,0,4,29,2,35,0,1,73,2,76,0,5,102,4,111,134,0,134,245
08/24/2002,IXD,KS,ACE,CE,Federal Contract Tower,0,3,14,0,17,1,0,60,0,61,1,3,74,0,78,166,0,166,244
08/25/2002,IXD,KS,ACE,CE,Federal Contract Tower,0,11,24,0,35,0,0,56,0,56,0,11,80,0,91,68,0,68,159
08/26/2002,IXD,KS,ACE,CE,Federal Contract Tower,0,6,32,0,38,0,3,58,7,68,0,9,90,7,106,114,18,132,238
08/27/2002,IXD,KS,ACE,CE,Federal Contract Tower,0,10,32,0,42,0,5,97,11,113,0,15,129,11,155,150,2,152,307
08/28/2002,IXD,KS,ACE,CE,Federal Contract Tower,2,2,38,0,42,0,0,93,2,95,2,2,131,2,137,256,0,256,393
08/29/2002,IXD,KS,ACE,CE,Federal Contract Tower,0,0,54,0,54,0,1,103,2,106,0,1,157,2,160,224,0,224,384
08/30/2002,IXD,KS,ACE,CE,Federal Contract Tower,0,3,27,0,30,0,0,115,0,115,0,3,142,0,145,150,0,150,295
08/31/2002,IXD,KS,ACE,CE,Federal Contract Tower,0,3,25,0,28,0,0,42,4,46,0,3,67,4,74,128,6,134,208
09/01/2002,IXD,KS,ACE,CE,Federal Contract Tower,0,2,7,0,9,0,2,36,0,38,0,4,43,0,47,64,0,64,111
09/02/2002,IXD,KS,ACE,CE,Federal Contract Tower,0,4,14,0,18,0,0,35,0,35,0,4,49,0,53,20,0,20,73
09/03/2002,IXD,KS,ACE,CE,Federal Contract Tower,0,3,22,0,25,0,0,30,2,32,0,3,52,2,57,92,4,96,153
09/04/2002,IXD,KS,ACE,CE,Federal Contract Tower,0,3,35,0,38,0,1,68,4,73,0,4,103,4,111,92,6,98,209
09/05/2002,IXD,KS,ACE,CE,Federal Contract Tower,0,2,37,2,41,0,1,71,6,78,0,3,108,8,119,226,2,228,347
09/06/2002,IXD,KS,ACE,CE,Federal Contract Tower,0,4,20,0,24,0,0,80,0,80,0,4,100,0,104,152,0,152,256
09/07/2002,IXD,KS,ACE,CE,Federal Contract Tower,0,4,15,0,19,0,0,47,0,47,0,4,62,0,66,142,0,142,208
09/08/2002,IXD,KS,ACE,CE,Federal Contract Tower,0,5,25,1,31,0,1,35,0,36,0,6,60,1,67,106,4,110,177
09/09/2002,IXD,KS,ACE,CE,Federal Contract Tower,0,7,29,0,36,0,1,68,0,69,0,8,97,0,105,116,0,116,221
09/10/2002,IXD,KS,ACE,CE,Federal Contract Tower,0,3,32,0,35,0,1,40,0,41,0,4,72,0,76,64,0,64,140
09/11/2002,IXD,KS,ACE,CE,Federal Contract Tower,0,1,52,2,55,0,0,54,5,59,0,1,106,7,114,68,8,76,190
09/12/2002,IXD,KS,ACE,CE,Federal Contract Tower,0,8,49,0,57,0,0,56,0,56,0,8,105,0,113,136,0,136,249
09/13/2002,IXD,KS,ACE,CE,Federal Contract Tower,0,5,19,2,26,0,0,68,0,68,0,5,87,2,94,134,4,138,232
09/14/2002,IXD,KS,ACE,CE,Federal Contract Tower,0,2,29,2,33,0,2,0,0,2,0,4,29,2,35,42,2,44,79
09/15/2002,IXD,KS,ACE,CE,Federal Contract Tower,0,6,25,0,31,0,0,47,0,47,0,6,72,0,78,96,0,96,174
09/16/2002,IXD,KS,ACE,CE,Federal Contract Tower,0,10,23,2,35,0,0,56,0,56,0,10,79,2,91,78,0,78,169
09/17/2002,IXD,KS,ACE,CE,Federal Contract Tower,0,0,55,1,56,0,0,15,4,19,0,0,70,5,75,94,6,100,175
09/18/2002,IXD,KS,ACE,CE,Federal Contract Tower,2,1,31,2,36,0,0,33,2,35,2,1,64,4,71,34,0,34,105
09/19/2002,IXD,KS,ACE,CE,Federal Contract Tower,0,2,45,1,48,0,0,0,2,2,0,2,45,3,50,34,0,34,84
09/20/2002,IXD,KS,ACE,CE,Federal Contract Tower,0,7,46,0,53,0,0,89,1,90,0,7,135,1,143,148,0,148,291
09/21/2002,IXD,KS,ACE,CE,Federal Contract Tower,0,1,5,2,8,0,0,53,0,53,0,1,58,2,61,74,2,76,137
09/22/2002,IXD,KS,ACE,CE,Federal Contract Tower,2,2,17,2,23,0,0,47,0,47,2,2,64,2,70,82,2,84,154
09/23/2002,IXD,KS,ACE,CE,Federal Contract Tower,0,5,28,3,36,0,0,75,0,75,0,5,103,3,111,76,0,76,187
09/24/2002,IXD,KS,ACE,CE,Federal Contract Tower,0,12,19,0,31,0,0,90,0,90,0,12,109,0,121,142,0,142,263
09/25/2002,IXD,KS,ACE,CE,Federal Contract Tower,0,4,32,2,38,0,0,70,0,70,0,4,102,2,108,136,0,136,244
09/26/2002,IXD,KS,ACE,CE,Federal Contract Tower,0,8,38,6,52,0,0,85,0,85,0,8,123,6,137,78,0,78,215
09/27/2002,IXD,KS,ACE,CE,Federal Contract Tower,0,3,41,1,45,0,0,59,1,60,0,3,100,2,105,84,0,84,189
09/28/2002,IXD,KS,ACE,CE,Federal Contract Tower,0,0,33,3,36,0,0,32,4,36,0,0,65,7,72,62,0,62,134
09/29/2002,IXD,KS,ACE,CE,Federal Contract Tower,0,1,36,7,44,0,0,60,3,63,0,1,96,10,107,58,2,60,167
09/30/2002,IXD,KS,ACE,CE,Federal Contract Tower,0,4,16,0,20,0,0,45,0,45,0,4,61,0,65,42,0,42,107
10/01/2002,IXD,KS,ACE,CE,Federal Contract Tower,0,4,18,0,22,0,0,46,10,56,0,4,64,10,78,114,14,128,206
10/02/2002,IXD,KS,ACE,CE,Federal Contract Tower,0,1,31,0,32,0,0,9,0,9,0,1,40,0,41,34,0,34,75
10/03/2002,IXD,KS,ACE,CE,Federal Contract Tower,0,2,44,0,46,0,0,0,0,0,0,2,44,0,46,50,0,50,96
10/04/2002,IXD,KS,ACE,CE,Federal Contract Tower,0,5,22,0,27,0,1,33,3,37,0,6,55,3,64,24,0,24,88
10/05/2002,IXD,KS,ACE,CE,Federal Contract Tower,0,2,25,2,29,0,0,64,0,64,0,2,89,2,93,202,2,204,297
10/06/2002,IXD,KS,ACE,CE,Federal Contract Tower,0,2,12,0,14,0,0,15,0,15,0,2,27,0,29,32,0,32,61
10/07/2002,IXD,KS,ACE,CE,Federal Contract Tower,0,7,18,0,25,0,0,53,1,54,0,7,71,1,79,102,0,102,181
10/08/2002,IXD,KS,ACE,CE,Federal Contract Tower,0,1,13,2,16,0,0,71,1,72,0,1,84,3,88,132,44,176,264
10/09/2002,IXD,KS,ACE,CE,Federal Contract Tower,0,4,23,0,27,0,0,78,0,78,0,4,101,0,105,98,0,98,203
10/10/2002,IXD,KS,ACE,CE,Federal Contract Tower,0,2,52,0,54,0,0,40,2,42,0,2,92,2,96,100,0,100,196
10/11/2002,IXD,KS,ACE,CE,Federal Contract Tower,0,2,48,0,50,0,0,19,3,22,0,2,67,3,72,116,0,116,188
10/12/2002,IXD,KS,ACE,CE,Federal Contract Tower,0,2,21,2,25,0,0,0,0,0,0,2,21,2,25,34,2,36,61
10/13/2002,IXD,KS,ACE,CE,Federal Contract Tower,0,1,19,0,20,0,0,73,0,73,0,1,92,0,93,90,0,90,183
10/14/2002,IXD,KS,ACE,CE,Federal Contract Tower,0,4,23,0,27,0,0,61,0,61,0,4,84,0,88,136,0,136,224
10/15/2002,IXD,KS,ACE,CE,Federal Contract Tower,0,1,27,0,28,0,0,64,10,74,0,1,91,10,102,132,16,148,250
10/16/2002,IXD,KS,ACE,CE,Federal Contract Tower,0,8,42,3,53,0,1,21,0,22,0,9,63,3,75,76,2,78,153
10/17/2002,IXD,KS,ACE,CE,Federal Contract Tower,0,4,56,0,60,0,2,22,11,35,0,6,78,11,95,88,22,110,205
10/18/2002,IXD,KS,ACE,CE,Federal Contract Tower,0,3,31,0,34,0,0,53,5,58,0,3,84,5,92,104,0,104,196
10/19/2002,IXD,KS,ACE,CE,Federal Contract Tower,0,2,26,0,28,0,0,46,3,49,0,2,72,3,77,126,2,128,205
10/20/2002,IXD,KS,ACE,CE,Federal Contract Tower,0,3,21,0,24,0,0,59,0,59,0,3,80,0,83,82,4,86,169
10/21/2002,IXD,KS,ACE,CE,Federal Contract Tower,0,6,24,1,31,0,0,61,2,63,0,6,85,3,94,88,12,100,194
10/22/2002,IXD,KS,ACE,CE,Federal Contract Tower,0,8,48,2,58,0,0,12,8,20,0,8,60,10,78,114,32,146,224
10/23/2002,IXD,KS,ACE,CE,Federal Contract Tower,0,2,43,2,47,0,0,0,2,2,0,2,43,4,49,28,16,44,93
10/24/2002,IXD,KS,ACE,CE,Federal Contract Tower,0,0,34,0,34,0,0,0,0,0,0,0,34,0,34,20,0,20,54
10/25/2002,IXD,KS,ACE,CE,Federal Contract Tower,0,4,45,0,49,0,0,6,0,6,0,4,51,0,55,2,0,2,57
10/26/2002,IXD,KS,ACE,CE,Federal Contract Tower,0,0,39,0,39,0,0,0,0,0,0,0,39,0,39,90,0,90,129
10/27/2002,IXD,KS,ACE,CE,Federal Contract Tower,0,4,21,0,25,0,0,2,0,2,0,4,23,0,27,2,0,2,29
10/28/2002,IXD,KS,ACE,CE,Federal Contract Tower,0,5,24,0,29,0,0,0,0,0,0,5,24,0,29,2,0,2,31
10/29/2002,IXD,KS,ACE,CE,Federal Contract Tower,0,2,31,0,33,0,0,0,0,0,0,2,31,0,33,4,0,4,37
10/30/2002,IXD,KS,ACE,CE,Federal Contract Tower,0,6,44,4,54,0,2,0,1,3,0,8,44,5,57,24,10,34,91
10/31/2002,IXD,KS,ACE,CE,Federal Contract Tower,0,1,17,3,21,0,0,0,2,2,0,1,17,5,23,6,6,12,35
11/01/2002,IXD,KS,ACE,CE,Federal Contract Tower,0,3,48,5,56,0,0,83,8,91,0,3,131,13,147,122,8,130,277
11/02/2002,IXD,KS,ACE,CE,Federal Contract Tower,0,2,15,1,18,0,0,27,0,27,0,2,42,1,45,54,0,54,99
11/03/2002,IXD,KS,ACE,CE,Federal Contract Tower,0,2,18,2,22,0,0,0,2,2,0,2,18,4,24,20,14,34,58
11/04/2002,IXD,KS,ACE,CE,Federal Contract Tower,0,4,29,1,34,0,0,53,4,57,0,4,82,5,91,108,4,112,203
11/05/2002,IXD,KS,ACE,CE,Federal Contract Tower,0,3,23,0,26,0,0,10,6,16,0,3,33,6,42,18,22,40,82
11/06/2002,IXD,KS,ACE,CE,Federal Contract Tower,0,4,31,2,37,0,1,64,2,67,0,5,95,4,104,180,16,196,300
11/07/2002,IXD,KS,ACE,CE,Federal Contract Tower,0,3,55,0,58,0,0,41,9,50,0,3,96,9,108,200,16,216,324
11/08/2002,IXD,KS,ACE,CE,Federal Contract Tower,0,0,23,0,23,0,0,66,0,66,0,0,89,0,89,112,0,112,201
11/09/2002,IXD,KS,ACE,CE,Federal Contract Tower,0,3,17,0,20,0,0,66,0,66,0,3,83,0,86,88,0,88,174
11/10/2002,IXD,KS,ACE,CE,Federal Contract Tower,0,3,25,0,28,0,0,20,0,20,0,3,45,0,48,66,0,66,114
11/11/2002,IXD,KS,ACE,CE,Federal Contract Tower,0,7,35,0,42,0,0,74,0,74,0,7,109,0,116,82,0,82,198
11/12/2002,IXD,KS,ACE,CE,Federal Contract Tower,0,4,40,0,44,0,1,53,3,57,0,5,93,3,101,128,0,128,229
11/13/2002,IXD,KS,ACE,CE,Federal Contract Tower,0,2,30,0,32,0,0,53,2,55,0,2,83,2,87,100,0,100,187
11/14/2002,IXD,KS,ACE,CE,Federal Contract Tower,0,4,63,1,68,0,0,27,9,36,0,4,90,10,104,52,8,60,164
11/15/2002,IXD,KS,ACE,CE,Federal Contract Tower,0,1,36,1,38,0,0,58,7,65,0,1,94,8,103,112,16,128,231
11/16/2002,IXD,KS,ACE,CE,Federal Contract Tower,0,1,30,0,31,0,0,30,6,36,0,1,60,6,67,156,38,194,261
11/17/2002,IXD,KS,ACE,CE,Federal Contract Tower,0,3,12,0,15,0,0,36,0,36,0,3,48,0,51,98,0,98,149
11/18/2002,IXD,KS,ACE,CE,Federal Contract Tower,0,5,28,0,33,0,2,23,0,25,0,7,51,0,58,90,0,90,148
11/19/2002,IXD,KS,ACE,CE,Federal Contract Tower,0,8,25,0,33,0,0,41,5,46,0,8,66,5,79,86,24,110,189
11/20/2002,IXD,KS,ACE,CE,Federal Contract Tower,0,7,31,0,38,0,0,56,4,60,0,7,87,4,98,182,0,182,280
11/21/2002,IXD,KS,ACE,CE,Federal Contract Tower,0,4,24,0,28,1,0,36,7,44,1,4,60,7,72,62,16,78,150
11/22/2002,IXD,KS,ACE,CE,Federal Contract Tower,0,2,34,0,36,0,0,72,2,74,0,2,106,2,110,94,0,94,204
11/23/2002,IXD,KS,ACE,CE,Federal Contract Tower,0,4,42,0,46,0,0,81,0,81,0,4,123,0,127,106,0,106,233
11/24/2002,IXD,KS,ACE,CE,Federal Contract Tower,0,3,16,0,19,0,0,8,1,9,0,3,24,1,28,31,0,31,59
11/25/2002,IXD,KS,ACE,CE,Federal Contract Tower,0,5,37,0,42,0,0,18,2,20,0,5,55,2,62,38,1,39,101
11/26/2002,IXD,KS,ACE,CE,Federal Contract Tower,0,6,25,2,33,0,0,26,11,37,0,6,51,13,70,84,16,100,170
11/27/2002,IXD,KS,ACE,CE,Federal Contract Tower,0,3,37,0,40,0,0,31,3,34,0,3,68,3,74,62,0,62,136
11/28/2002,IXD,KS,ACE,CE,Federal Contract Tower,0,2,4,0,6,0,0,21,0,21,0,2,25,0,27,26,0,26,53
11/29/2002,IXD,KS,ACE,CE,Federal Contract Tower,0,2,22,0,24,0,0,60,0,60,0,2,82,0,84,130,0,130,214
11/30/2002,IXD,KS,ACE,CE,Federal Contract Tower,0,7,15,0,22,0,2,50,0,52,0,9,65,0,74,98,0,98,172
12/01/2002,IXD,KS,ACE,CE,Federal Contract Tower,0,3,12,0,15,0,0,33,0,33,0,3,45,0,48,48,0,48,96
12/02/2002,IXD,KS,ACE,CE,Federal Contract Tower,0,0,36,0,36,0,0,40,2,42,0,0,76,2,78,48,0,48,126
12/03/2002,IXD,KS,ACE,CE,Federal Contract Tower,0,2,34,2,38,0,0,18,8,26,0,2,52,10,64,60,14,74,138
12/04/2002,IXD,KS,ACE,CE,Federal Contract Tower,1,1,13,2,17,0,0,22,0,22,1,1,35,2,39,64,0,64,103
12/05/2002,IXD,KS,ACE,CE,Federal Contract Tower,1,2,41,0,44,0,0,60,1,61,1,2,101,1,105,76,6,82,187
12/06/2002,IXD,KS,ACE,CE,Federal Contract Tower,0,3,31,2,36,0,0,49,2,51,0,3,80,4,87,90,18,108,195
12/07/2002,IXD,KS,ACE,CE,Federal Contract Tower,0,5,23,2,30,0,0,70,2,72,0,5,93,4,102,80,2,82,184
12/08/2002,IXD,KS,ACE,CE,Federal Contract Tower,0,3,19,0,22,0,0,37,8,45,0,3,56,8,67,128,34,162,229
12/09/2002,IXD,KS,ACE,CE,Federal Contract Tower,0,2,29,2,33,0,0,60,0,60,0,2,89,2,93,76,2,78,171
12/10/2002,IXD,KS,ACE,CE,Federal Contract Tower,0,0,30,2,32,0,0,0,0,0,0,0,30,2,32,7,4,11,43
12/11/2002,IXD,KS,ACE,CE,Federal Contract Tower,0,2,57,0,59,0,0,0,4,4,0,2,57,4,63,84,20,104,167
12/12/2002,IXD,KS,ACE,CE,Federal Contract Tower,0,1,63,2,66,0,0,13,7,20,0,1,76,9,86,64,4,68,154
12/13/2002,IXD,KS,ACE,CE,Federal Contract Tower,2,4,29,2,37,0,1,32,2,35,2,5,61,4,72,102,4,106,178
12/14/2002,IXD,KS,ACE,CE,Federal Contract Tower,0,1,20,0,21,0,0,96,6,102,0,1,116,6,123,242,18,260,383
12/15/2002,IXD,KS,ACE,CE,Federal Contract Tower,0,8,14,2,24,0,0,94,0,94,0,8,108,2,118,168,2,170,288
12/16/2002,IXD,KS,ACE,CE,Federal Contract Tower,0,3,36,2,41,0,0,0,0,0,0,3,36,2,41,24,0,24,65
12/17/2002,IXD,KS,ACE,CE,Federal Contract Tower,0,0,27,1,28,0,0,16,5,21,0,0,43,6,49,40,10,50,99
12/18/2002,IXD,KS,ACE,CE,Federal Contract Tower,0,5,28,2,35,0,0,111,4,115,0,5,139,6,150,130,5,135,285
12/19/2002,IXD,KS,ACE,CE,Federal Contract Tower,0,5,53,0,58,0,0,79,2,81,0,5,132,2,139,94,0,94,233
12/20/2002,IXD,KS,ACE,CE,Federal Contract Tower,0,7,24,0,31,0,0,50,4,54,0,7,74,4,85,16,0,16,101
12/21/2002,IXD,KS,ACE,CE,Federal Contract Tower,0,2,17,0,19,0,0,31,1,32,0,2,48,1,51,77,0,77,128
12/22/2002,IXD,KS,ACE,CE,Federal Contract Tower,0,3,35,0,38,0,0,26,0,26,0,3,61,0,64,82,0,82,146
12/23/2002,IXD,KS,ACE,CE,Federal Contract Tower,0,3,26,1,30,0,0,36,5,41,0,3,62,6,71,59,2,61,132
12/24/2002,IXD,KS,ACE,CE,Federal Contract Tower,0,2,18,0,20,0,1,3,0,4,0,3,21,0,24,32,0,32,56
12/25/2002,IXD,KS,ACE,CE,Federal Contract Tower,0,2,10,0,12,0,0,11,0,11,0,2,21,0,23,7,0,7,30
12/26/2002,IXD,KS,ACE,CE,Federal Contract Tower,0,1,23,0,24,0,0,27,0,27,0,1,50,0,51,73,0,73,124
12/27/2002,IXD,KS,ACE,CE,Federal Contract Tower,0,4,29,0,33,0,4,29,0,33,0,8,58,0,66,64,0,64,130
12/28/2002,IXD,KS,ACE,CE,Federal Contract Tower,0,2,20,0,22,0,0,73,0,73,0,2,93,0,95,152,0,152,247
12/29/2002,IXD,KS,ACE,CE,Federal Contract Tower,0,6,11,0,17,0,0,39,0,39,0,6,50,0,56,68,0,68,124
12/30/2002,IXD,KS,ACE,CE,Federal Contract Tower,0,4,16,0,20,0,1,60,1,62,0,5,76,1,82,80,2,82,164
12/31/2002,IXD,KS,ACE,CE,Federal Contract Tower,0,4,18,0,22,0,1,54,3,58,0,5,72,3,80,104,0,104,184
01/01/2003,IXD,KS,ACE,CE,Federal Contract Tower,0,4,8,0,12,0,0,26,0,26,0,4,34,0,38,10,0,10,48
01/02/2003,IXD,KS,ACE,CE,Federal Contract Tower,0,3,18,0,21,0,0,23,0,23,0,3,41,0,44,40,0,40,84
01/03/2003,IXD,KS,ACE,CE,Federal Contract Tower,0,3,16,2,21,0,0,61,1,62,0,3,77,3,83,110,0,110,193
01/04/2003,IXD,KS,ACE,CE,Federal Contract Tower,0,0,13,0,13,0,0,79,0,79,0,0,92,0,92,86,0,86,178
01/05/2003,IXD,KS,ACE,CE,Federal Contract Tower,0,4,17,0,21,0,0,43,0,43,0,4,60,0,64,84,0,84,148
01/06/2003,IXD,KS,ACE,CE,Federal Contract Tower,0,4,23,2,29,0,0,18,3,21,0,4,41,5,50,34,6,40,90
01/07/2003,IXD,KS,ACE,CE,Federal Contract Tower,0,2,22,0,24,0,0,65,4,69,0,2,87,4,93,47,40,87,180
01/08/2003,IXD,KS,ACE,CE,Federal Contract Tower,0,2,27,0,29,0,0,59,7,66,0,2,86,7,95,110,12,122,217
01/09/2003,IXD,KS,ACE,CE,Federal Contract Tower,0,5,40,2,47,0,0,40,6,46,0,5,80,8,93,68,0,68,161
01/10/2003,IXD,KS,ACE,CE,Federal Contract Tower,0,1,19,0,20,0,0,59,0,59,0,1,78,0,79,16,0,16,95
01/11/2003,IXD,KS,ACE,CE,Federal Contract Tower,0,2,20,2,24,0,0,36,0,36,0,2,56,2,60,98,2,100,160
01/12/2003,IXD,KS,ACE,CE,Federal Contract Tower,0,3,17,0,20,0,0,36,4,40,0,3,53,4,60,56,0,56,116
01/13/2003,IXD,KS,ACE,CE,Federal Contract Tower,0,3,44,0,47,0,0,19,0,19,0,3,63,0,66,30,0,30,96
01/14/2003,IXD,KS,ACE,CE,Federal Contract Tower,0,2,33,0,35,0,0,49,5,54,0,2,82,5,89,94,14,108,197
01/15/2003,IXD,KS,ACE,CE,Federal Contract Tower,0,0,25,0,25,0,0,13,2,15,0,0,38,2,40,38,0,38,78
01/16/2003,IXD,KS,ACE,CE,Federal Contract Tower,0,2,8,0,10,0,0,4,0,4,0,2,12,0,14,10,0,10,24
01/17/2003,IXD,KS,ACE,CE,Federal Contract Tower,0,1,28,0,29,0,0,44,0,44,0,1,72,0,73,18,0,18,91
01/18/2003,IXD,KS,ACE,CE,Federal Contract Tower,0,1,18,0,19,0,1,18,0,19,0,2,36,0,38,54,0,54,92
01/19/2003,IXD,KS,ACE,CE,Federal Contract Tower,0,3,5,0,8,0,1,35,0,36,0,4,40,0,44,94,0,94,138
01/20/2003,IXD,KS,ACE,CE,Federal Contract Tower,0,1,20,0,21,0,0,58,0,58,0,1,78,0,79,82,0,82,161
01/21/2003,IXD,KS,ACE,CE,Federal Contract Tower,2,0,36,0,38,0,0,44,2,46,2,0,80,2,84,56,0,56,140
01/22/2003,IXD,KS,ACE,CE,Federal Contract Tower,0,2,23,0,25,0,0,9,0,9,0,2,32,0,34,10,0,10,44
01/23/2003,IXD,KS,ACE,CE,Federal Contract Tower,2,0,28,0,30,0,0,30,0,30,2,0,58,0,60,29,0,29,89
01/24/2003,IXD,KS,ACE,CE,Federal Contract Tower,0,0,27,0,27,0,0,35,3,38,0,0,62,3,65,50,44,94,159
01/25/2003,IXD,KS,ACE,CE,Federal Contract Tower,0,0,20,1,21,0,0,53,4,57,0,0,73,5,78,164,20,184,262
01/26/2003,IXD,KS,ACE,CE,Federal Contract Tower,0,2,19,0,21,0,0,16,0,16,0,2,35,0,37,56,0,56,93
01/27/2003,IXD,KS,ACE,CE,Federal Contract Tower,2,4,32,0,38,0,0,18,7,25,2,4,50,7,63,62,26,88,151
01/28/2003,IXD,KS,ACE,CE,Federal Contract Tower,2,0,42,2,46,0,0,0,2,2,2,0,42,4,48,22,4,26,74
01/29/2003,IXD,KS,ACE,CE,Federal Contract Tower,0,4,30,1,35,0,0,16,7,23,0,4,46,8,58,60,10,70,128
01/30/2003,IXD,KS,ACE,CE,Federal Contract Tower,0,6,34,0,40,0,0,53,8,61,0,6,87,8,101,72,6,78,179
01/31/2003,IXD,KS,ACE,CE,Federal Contract Tower,0,2,32,0,34,0,2,42,4,48,0,4,74,4,82,54,20,74,156
02/01/2003,IXD,KS,ACE,CE,Federal Contract Tower,0,5,24,0,29,0,0,85,2,87,0,5,109,2,116,106,16,122,238
02/02/2003,IXD,KS,ACE,CE,Federal Contract Tower,0,6,15,0,21,0,1,51,3,55,0,7,66,3,76,106,12,118,194
02/03/2003,IXD,KS,ACE,CE,Federal Contract Tower,0,1,3,2,6,0,0,0,0,0,0,1,3,2,6,0,0,0,6
02/04/2003,IXD,KS,ACE,CE,Federal Contract Tower,0,2,28,2,32,0,0,29,2,31,0,2,57,4,63,96,22,118,181
02/05/2003,IXD,KS,ACE,CE,Federal Contract Tower,0,1,38,0,39,0,0,25,0,25,0,1,63,0,64,57,8,65,129
02/06/2003,IXD,KS,ACE,CE,Federal Contract Tower,0,4,7,0,11,0,0,6,0,6,0,4,13,0,17,10,22,32,49
02/07/2003,IXD,KS,ACE,CE,Federal Contract Tower,0,2,41,0,43,0,0,37,3,40,0,2,78,3,83,96,0,96,179
02/08/2003,IXD,KS,ACE,CE,Federal Contract Tower,0,3,34,0,37,0,0,13,0,13,0,3,47,0,50,166,0,166,216
02/09/2003,IXD,KS,ACE,CE,Federal Contract Tower,0,1,21,0,22,0,0,1,0,1,0,1,22,0,23,60,0,60,83
02/10/2003,IXD,KS,ACE,CE,Federal Contract Tower,0,2,40,0,42,0,1,28,0,29,0,3,68,0,71,108,0,108,179
02/11/2003,IXD,KS,ACE,CE,Federal Contract Tower,0,5,46,0,51,0,0,33,1,34,0,5,79,1,85,114,0,114,199
02/12/2003,IXD,KS,ACE,CE,Federal Contract Tower,0,6,47,2,55,0,0,30,0,30,0,6,77,2,85,86,0,86,171
02/13/2003,IXD,KS,ACE,CE,Federal Contract Tower,0,1,29,0,30,0,0,47,0,47,0,1,76,0,77,76,0,76,153
02/14/2003,IXD,KS,ACE,CE,Federal Contract Tower,0,0,11,2,13,0,0,0,0,0,0,0,11,2,13,6,2,8,21
02/15/2003,IXD,KS,ACE,CE,Federal Contract Tower,0,2,1,0,3,0,0,0,0,0,0,2,1,0,3,0,0,0,3
02/16/2003,IXD,KS,ACE,CE,Federal Contract Tower,0,1,11,0,12,0,0,20,0,20,0,1,31,0,32,62,0,62,94
02/17/2003,IXD,KS,ACE,CE,Federal Contract Tower,0,0,22,0,22,0,0,48,1,49,0,0,70,1,71,104,0,104,175
02/18/2003,IXD,KS,ACE,CE,Federal Contract Tower,2,7,31,2,42,0,0,51,0,51,2,7,82,2,93,108,0,108,201
02/19/2003,IXD,KS,ACE,CE,Federal Contract Tower,2,1,35,2,40,0,0,59,0,59,2,1,94,2,99,126,0,126,225
02/20/2003,IXD,KS,ACE,CE,Federal Contract Tower,2,4,35,0,41,0,0,74,2,76,2,4,109,2,117,104,0,104,221
02/21/2003,IXD,KS,ACE,CE,Federal Contract Tower,0,3,50,2,55,0,0,52,0,52,0,3,102,2,107,80,0,80,187
02/22/2003,IXD,KS,ACE,CE,Federal Contract Tower,0,1,13,0,14,0,0,2,0,2,0,1,15,0,16,2,0,2,18
02/23/2003,IXD,KS,ACE,CE,Federal Contract Tower,0,1,9,0,10,0,0,0,0,0,0,1,9,0,10,26,0,26,36
02/24/2003,IXD,KS,ACE,CE,Federal Contract Tower,2,5,28,2,37,0,0,22,0,22,2,5,50,2,59,12,8,20,79
02/25/2003,IXD,KS,ACE,CE,Federal Contract Tower,0,2,28,5,35,0,2,37,3,42,0,4,65,8,77,62,30,92,169
02/26/2003,IXD,KS,ACE,CE,Federal Contract Tower,2,4,18,0,24,0,0,37,9,46,2,4,55,9,70,46,32,78,148
02/27/2003,IXD,KS,ACE,CE,Federal Contract Tower,0,0,19,0,19,0,0,13,2,15,0,0,32,2,34,4,0,4,38
02/28/2003,IXD,KS,ACE,CE,Federal Contract Tower,0,3,47,2,52,0,0,0,0,0,0,3,47,2,52,50,0,50,102
03/01/2003,IXD,KS,ACE,CE,Federal Contract Tower,0,2,17,0,19,0,0,2,0,2,0,2,19,0,21,4,0,4,25
03/02/2003,IXD,KS,ACE,CE,Federal Contract Tower,0,2,31,0,33,0,0,58,4,62,0,2,89,4,95,174,8,182,277
03/03/2003,IXD,KS,ACE,CE,Federal Contract Tower,0,3,27,1,31,0,0,43,8,51,0,3,70,9,82,104,10,114,196
03/04/2003,IXD,KS,ACE,CE,Federal Contract Tower,0,0,16,0,16,0,0,5,2,7,0,0,21,2,23,14,0,14,37
03/05/2003,IXD,KS,ACE,CE,Federal Contract Tower,0,5,22,0,27,0,0,2,2,4,0,5,24,2,31,4,2,6,37
03/06/2003,IXD,KS,ACE,CE,Federal Contract Tower,0,9,35,0,44,0,2,29,1,32,0,11,64,1,76,106,0,106,182
03/07/2003,IXD,KS,ACE,CE,Federal Contract Tower,2,5,40,0,47,0,0,91,1,92,2,5,131,1,139,133,0,133,272
03/08/2003,IXD,KS,ACE,CE,Federal Contract Tower,0,0,28,0,28,0,0,15,0,15,0,0,43,0,43,54,0,54,97
03/09/2003,IXD,KS,ACE,CE,Federal Contract Tower,0,1,18,0,19,0,0,47,0,47,0,1,65,0,66,86,0,86,152
03/10/2003,IXD,KS,ACE,CE,Federal Contract Tower,0,2,18,0,20,0,0,56,0,56,0,2,74,0,76,64,0,64,140
03/11/2003,IXD,KS,ACE,CE,Federal Contract Tower,0,1,42,0,43,0,0,39,3,42,0,1,81,3,85,84,0,84,169
03/12/2003,IXD,KS,ACE,CE,Federal Contract Tower,0,0,57,1,58,0,0,0,1,1,0,0,57,2,59,72,0,72,131
03/13/2003,IXD,KS,ACE,CE,Federal Contract Tower,0,0,65,0,65,0,1,44,3,48,0,1,109,3,113,84,18,102,215
03/14/2003,IXD,KS,ACE,CE,Federal Contract Tower,0,5,37,0,42,0,0,29,0,29,0,5,66,0,71,86,0,86,157
03/15/2003,IXD,KS,ACE,CE,Federal Contract Tower,0,4,15,4,23,2,5,77,0,84,2,9,92,4,107,170,12,182,289
03/16/2003,IXD,KS,ACE,CE,Federal Contract Tower,0,0,20,1,21,0,0,59,0,59,0,0,79,1,80,160,0,160,240
03/17/2003,IXD,KS,ACE,CE,Federal Contract Tower,0,1,28,0,29,0,2,32,8,42,0,3,60,8,71,94,28,122,193
03/18/2003,IXD,KS,ACE,CE,Federal Contract Tower,0,6,24,2,32,0,0,26,3,29,0,6,50,5,61,32,6,38,99
03/19/2003,IXD,KS,ACE,CE,Federal Contract Tower,0,2,26,0,28,0,0,0,0,0,0,2,26,0,28,28,0,28,56
03/20/2003,IXD,KS,ACE,CE,Federal Contract Tower,0,1,25,2,28,0,2,0,2,4,0,3,25,4,32,20,12,32,64
03/21/2003,IXD,KS,ACE,CE,Federal Contract Tower,2,3,44,0,49,0,1,56,0,57,2,4,100,0,106,88,0,88,194
03/22/2003,IXD,KS,ACE,CE,Federal Contract Tower,0,4,34,6,44,0,0,61,0,61,0,4,95,6,105,122,0,122,227
03/23/2003,IXD,KS,ACE,CE,Federal Contract Tower,0,3,29,0,32,0,0,56,0,56,0,3,85,0,88,175,0,175,263
03/24/2003,IXD,KS,ACE,CE,Federal Contract Tower,0,3,28,0,31,0,2,28,4,34,0,5,56,4,65,76,10,86,151
03/25/2003,IXD,KS,ACE,CE,Federal Contract Tower,0,3,37,0,40,0,0,18,4,22,0,3,55,4,62,98,10,108,170
03/26/2003,IXD,KS,ACE,CE,Federal Contract Tower,0,5,47,0,52,0,0,25,0,25,0,5,72,0,77,128,0,128,205
03/27/2003,IXD,KS,ACE,CE,Federal Contract Tower,0,3,21,0,24,0,4,8,2,14,0,7,29,2,38,52,10,62,100
03/28/2003,IXD,KS,ACE,CE,Federal Contract Tower,0,2,13,0,15,0,0,16,0,16,0,2,29,0,31,82,0,82,113
03/29/2003,IXD,KS,ACE,CE,Federal Contract Tower,0,1,51,0,52,0,0,11,0,11,0,1,62,0,63,98,0,98,161
03/30/2003,IXD,KS,ACE,CE,Federal Contract Tower,0,5,27,0,32,0,0,71,0,71,0,5,98,0,103,104,0,104,207
03/31/2003,IXD,KS,ACE,CE,Federal Contract Tower,0,1,27,0,28,0,0,49,2,51,0,1,76,2,79,88,0,88,167
04/01/2003,IXD,KS,ACE,CE,Federal Contract Tower,0,4,28,2,34,0,0,61,3,64,0,4,89,5,98,80,2,82,180
04/02/2003,IXD,KS,ACE,CE,Federal Contract Tower,0,5,19,1,25,0,1,12,2,15,0,6,31,3,40,62,0,62,102
04/03/2003,IXD,KS,ACE,CE,Federal Contract Tower,0,5,33,0,38,0,2,17,4,23,0,7,50,4,61,38,18,56,117
04/04/2003,IXD,KS,ACE,CE,Federal Contract Tower,0,7,39,0,46,0,0,0,3,3,0,7,39,3,49,24,2,26,75
04/05/2003,IXD,KS,ACE,CE,Federal Contract Tower,0,0,20,0,20,0,3,64,6,73,0,3,84,6,93,122,20,142,235
04/06/2003,IXD,KS,ACE,CE,Federal Contract Tower,0,1,11,0,12,0,0,0,0,0,0,1,11,0,12,0,0,0,12
04/07/2003,IXD,KS,ACE,CE,Federal Contract Tower,0,3,18,1,22,0,0,8,6,14,0,3,26,7,36,30,6,36,72
04/08/2003,IXD,KS,ACE,CE,Federal Contract Tower,0,7,63,0,70,0,0,6,5,11,0,7,69,5,81,53,9,62,143
04/09/2003,IXD,KS,ACE,CE,Federal Contract Tower,0,5,55,2,62,0,0,58,4,62,0,5,113,6,124,102,16,118,242
04/10/2003,IXD,KS,ACE,CE,Federal Contract Tower,0,3,40,2,45,0,0,68,1,69,0,3,108,3,114,174,0,174,288
04/11/2003,IXD,KS,ACE,CE,Federal Contract Tower,0,1,28,2,31,0,1,77,2,80,0,2,105,4,111,186,2,188,299
04/12/2003,IXD,KS,ACE,CE,Federal Contract Tower,0,4,24,0,28,0,0,63,3,66,0,4,87,3,94,144,0,144,238
04/13/2003,IXD,KS,ACE,CE,Federal Contract Tower,0,2,31,2,35,0,0,47,4,51,0,2,78,6,86,78,0,78,164
04/14/2003,IXD,KS,ACE,CE,Federal Contract Tower,0,9,24,0,33,0,2,28,1,31,0,11,52,1,64,40,0,40,104
04/15/2003,IXD,KS,ACE,CE,Federal Contract Tower,0,3,17,0,20,0,0,26,1,27,0,3,43,1,47,88,0,88,135
04/16/2003,IXD,KS,ACE,CE,Federal Contract Tower,0,5,21,0,26,0,2,0,1,3,0,7,21,1,29,24,0,24,53
04/17/2003,IXD,KS,ACE,CE,Federal Contract Tower,0,4,63,0,67,0,0,29,0,29,0,4,92,0,96,90,0,90,186
04/18/2003,IXD,KS,ACE,CE,Federal Contract Tower,0,0,18,0,18,0,0,29,0,29,0,0,47,0,47,12,0,12,59
04/19/2003,IXD,KS,ACE,CE,Federal Contract Tower,0,0,4,0,4,0,0,0,0,0,0,0,4,0,4,12,0,12,16
04/20/2003,IXD,KS,ACE,CE,Federal Contract Tower,0,2,8,0,10,0,0,14,0,14,0,2,22,0,24,8,0,8,32
04/21/2003,IXD,KS,ACE,CE,Federal Contract Tower,0,3,27,0,30,0,0,32,0,32,0,3,59,0,62,80,0,80,142
04/22/2003,IXD,KS,ACE,CE,Federal Contract Tower,0,2,65,0,67,0,0,34,0,34,0,2,99,0,101,186,4,190,291
04/23/2003,IXD,KS,ACE,CE,Federal Contract Tower,0,2,30,1,33,0,0,21,4,25,0,2,51,5,58,80,2,82,140
04/24/2003,IXD,KS,ACE,CE,Federal Contract Tower,0,4,31,1,36,0,0,7,0,7,0,4,38,1,43,22,0,22,65
04/25/2003,IXD,KS,ACE,CE,Federal Contract Tower,0,4,29,6,39,0,3,9,0,12,0,7,38,6,51,58,2,60,111
04/26/2003,IXD,KS,ACE,CE,Federal Contract Tower,0,2,21,0,23,0,0,80,0,80,0,2,101,0,103,218,0,218,321
04/27/2003,IXD,KS,ACE,CE,Federal Contract Tower,0,5,23,1,29,0,0,46,0,46,0,5,69,1,75,130,1,131,206
04/28/2003,IXD,KS,ACE,CE,Federal Contract Tower,0,3,21,0,24,0,5,49,0,54,0,8,70,0,78,94,0,94,172
04/29/2003,IXD,KS,ACE,CE,Federal Contract Tower,0,7,22,0,29,0,2,28,4,34,0,9,50,4,63,92,1,93,156
04/30/2003,IXD,KS,ACE,CE,Federal Contract Tower,0,5,34,0,39,0,0,18,0,18,0,5,52,0,57,70,0,70,127
05/01/2003,IXD,KS,ACE,CE,Federal Contract Tower,0,7,49,0,56,0,0,24,0,24,0,7,73,0,80,26,0,26,106
05/02/2003,IXD,KS,ACE,CE,Federal Contract Tower,0,6,31,0,37,0,0,48,1,49,0,6,79,1,86,154,0,154,240
05/03/2003,IXD,KS,ACE,CE,Federal Contract Tower,0,2,2,0,4,2,62,0,0,64,2,64,2,0,68,72,0,72,140
05/04/2003,IXD,KS,ACE,CE,Federal Contract Tower,0,3,12,0,15,0,0,2,0,2,0,3,14,0,17,0,0,0,17
05/05/2003,IXD,KS,ACE,CE,Federal Contract Tower,0,3,24,0,27,0,0,30,2,32,0,3,54,2,59,132,0,132,191
05/06/2003,IXD,KS,ACE,CE,Federal Contract Tower,2,2,23,0,27,0,0,8,4,12,2,2,31,4,39,96,2,98,137
05/07/2003,IXD,KS,ACE,CE,Federal Contract Tower,0,1,61,2,64,0,0,47,2,49,0,1,108,4,113,114,0,114,227
05/08/2003,IXD,KS,ACE,CE,Federal Contract Tower,2,5,10,0,17,0,0,0,0,0,2,5,10,0,17,16,0,16,33
05/09/2003,IXD,KS,ACE,CE,Federal Contract Tower,0,7,36,0,43,0,0,58,1,59,0,7,94,1,102,114,0,114,216
05/10/2003,IXD,KS,ACE,CE,Federal Contract Tower,0,2,15,0,17,0,0,11,0,11,0,2,26,0,28,56,1,57,85
05/11/2003,IXD,KS,ACE,CE,Federal Contract Tower,0,5,15,0,20,0,3,30,2,35,0,8,45,2,55,44,0,44,99
05/12/2003,IXD,KS,ACE,CE,Federal Contract Tower,0,7,24,3,34,0,0,74,0,74,0,7,98,3,108,184,0,184,292
05/13/2003,IXD,KS,ACE,CE,Federal Contract Tower,0,7,29,0,36,0,6,20,3,29,0,13,49,3,65,88,0,88,153
05/14/2003,IXD,KS,ACE,CE,Federal Contract Tower,0,3,36,0,39,0,0,85,0,85,0,3,121,0,124,182,0,182,306
05/15/2003,IXD,KS,ACE,CE,Federal Contract Tower,0,7,39,0,46,0,4,56,3,63,0,11,95,3,109,142,0,142,251
05/16/2003,IXD,KS,ACE,CE,Federal Contract Tower,0,2,26,0,28,0,0,0,0,0,0,2,26,0,28,14,0,14,42
05/17/2003,IXD,KS,ACE,CE,Federal Contract Tower,0,9,28,0,37,0,5,75,0,80,0,14,103,0,117,130,0,130,247
05/18/2003,IXD,KS,ACE,CE,Federal Contract Tower,0,2,24,2,28,0,0,35,0,35,0,2,59,2,63,60,0,60,123
05/19/2003,IXD,KS,ACE,CE,Federal Contract Tower,0,2,33,2,37,0,0,12,2,14,0,2,45,4,51,24,0,24,75
05/20/2003,IXD,KS,ACE,CE,Federal Contract Tower,0,6,34,0,40,0,0,39,1,40,0,6,73,1,80,162,6,168,248
05/21/2003,IXD,KS,ACE,CE,Federal Contract Tower,0,3,55,0,58,0,0,50,5,55,0,3,105,5,113,94,2,96,209
05/22/2003,IXD,KS,ACE,CE,Federal Contract Tower,0,5,57,1,63,0,0,45,3,48,0,5,102,4,111,160,0,160,271
05/23/2003,IXD,KS,ACE,CE,Federal Contract Tower,0,3,41,0,44,0,0,57,0,57,0,3,98,0,101,106,0,106,207
05/24/2003,IXD,KS,ACE,CE,Federal Contract Tower,0,2,19,0,21,0,0,16,2,18,0,2,35,2,39,42,0,42,81
05/25/2003,IXD,KS,ACE,CE,Federal Contract Tower,0,6,16,0,22,0,0,42,1,43,0,6,58,1,65,64,1,65,130
05/26/2003,IXD,KS,ACE,CE,Federal Contract Tower,0,3,28,0,31,0,1,68,0,69,0,4,96,0,100,126,0,126,226
05/27/2003,IXD,KS,ACE,CE,Federal Contract Tower,0,5,42,1,48,0,6,55,5,66,0,11,97,6,114,184,12,196,310
05/28/2003,IXD,KS,ACE,CE,Federal Contract Tower,0,4,60,0,64,0,0,35,2,37,0,4,95,2,101,178,0,178,279
05/29/2003,IXD,KS,ACE,CE,Federal Contract Tower,0,0,59,2,61,0,1,51,2,54,0,1,110,4,115,186,4,190,305
05/30/2003,IXD,KS,ACE,CE,Federal Contract Tower,0,2,15,0,17,0,0,41,0,41,0,2,56,0,58,86,0,86,144
05/31/2003,IXD,KS,ACE,CE,Federal Contract Tower,0,0,14,0,14,0,0,44,0,44,0,0,58,0,58,46,0,46,104
06/01/2003,IXD,KS,ACE,CE,Federal Contract Tower,0,3,16,0,19,0,1,54,1,56,0,4,70,1,75,72,0,72,147
06/02/2003,IXD,KS,ACE,CE,Federal Contract Tower,0,4,36,0,40,0,0,0,0,0,0,4,36,0,40,42,0,42,82
06/03/2003,IXD,KS,ACE,CE,Federal Contract Tower,0,6,42,0,48,0,0,8,2,10,0,6,50,2,58,56,0,56,114
06/04/2003,IXD,KS,ACE,CE,Federal Contract Tower,0,3,40,4,47,0,0,69,4,73,0,3,109,8,120,106,0,106,226
06/05/2003,IXD,KS,ACE,CE,Federal Contract Tower,0,2,56,2,60,0,0,77,0,77,0,2,133,2,137,158,14,172,309
06/06/2003,IXD,KS,ACE,CE,Federal Contract Tower,0,2,42,2,46,0,0,54,2,56,0,2,96,4,102,52,6,58,160
06/07/2003,IXD,KS,ACE,CE,Federal Contract Tower,0,0,54,0,54,0,0,45,6,51,0,0,99,6,105,116,0,116,221
06/08/2003,IXD,KS,ACE,CE,Federal Contract Tower,0,5,41,2,48,0,0,53,3,56,0,5,94,5,104,78,4,82,186
06/09/2003,IXD,KS,ACE,CE,Federal Contract Tower,0,3,15,1,19,0,1,56,2,59,0,4,71,3,78,38,0,38,116
06/10/2003,IXD,KS,ACE,CE,Federal Contract Tower,0,4,39,0,43,0,0,66,2,68,0,4,105,2,111,66,0,66,177
06/11/2003,IXD,KS,ACE,CE,Federal Contract Tower,0,7,41,2,50,0,2,18,1,21,0,9,59,3,71,72,2,74,145
06/12/2003,IXD,KS,ACE,CE,Federal Contract Tower,0,4,24,0,28,0,0,66,2,68,0,4,90,2,96,60,0,60,156
06/13/2003,IXD,KS,ACE,CE,Federal Contract Tower,0,2,16,0,18,0,0,96,0,96,0,2,112,0,114,72,0,72,186
06/14/2003,IXD,KS,ACE,CE,Federal Contract Tower,0,0,6,0,6,0,0,60,0,60,0,0,66,0,66,112,0,112,178
06/15/2003,IXD,KS,ACE,CE,Federal Contract Tower,0,2,15,0,17,0,0,57,0,57,0,2,72,0,74,74,0,74,148
06/16/2003,IXD,KS,ACE,CE,Federal Contract Tower,0,5,32,0,37,0,0,57,0,57,0,5,89,0,94,70,0,70,164
06/17/2003,IXD,KS,ACE,CE,Federal Contract Tower,0,4,30,0,34,0,0,116,0,116,0,4,146,0,150,116,0,116,266
06/18/2003,IXD,KS,ACE,CE,Federal Contract Tower,2,8,45,0,55,0,0,84,0,84,2,8,129,0,139,190,0,190,329
06/19/2003,IXD,KS,ACE,CE,Federal Contract Tower,0,6,68,0,74,0,0,48,0,48,0,6,116,0,122,104,0,104,226
06/20/2003,IXD,KS,ACE,CE,Federal Contract Tower,0,1,40,0,41,0,0,81,0,81,0,1,121,0,122,92,0,92,214
06/21/2003,IXD,KS,ACE,CE,Federal Contract Tower,0,5,32,0,37,0,0,65,0,65,0,5,97,0,102,106,0,106,208
06/22/2003,IXD,KS,ACE,CE,Federal Contract Tower,0,3,13,0,16,0,0,26,0,26,0,3,39,0,42,20,0,20,62
06/23/2003,IXD,KS,ACE,CE,Federal Contract Tower,0,8,23,0,31,0,0,29,0,29,0,8,52,0,60,84,0,84,144
06/24/2003,IXD,KS,ACE,CE,Federal Contract Tower,0,7,48,0,55,0,0,42,0,42,0,7,90,0,97,130,2,132,229
06/25/2003,IXD,KS,ACE,CE,Federal Contract Tower,0,6,21,0,27,0,0,35,2,37,0,6,56,2,64,80,0,80,144
06/26/2003,IXD,KS,ACE,CE,Federal Contract Tower,0,5,34,2,41,0,1,109,0,110,0,6,143,2,151,198,0,198,349
06/27/2003,IXD,KS,ACE,CE,Federal Contract Tower,0,4,43,2,49,0,1,103,0,104,0,5,146,2,153,158,2,160,313
06/28/2003,IXD,KS,ACE,CE,Federal Contract Tower,0,2,22,0,24,0,2,74,0,76,0,4,96,0,100,118,0,118,218
06/29/2003,IXD,KS,ACE,CE,Federal Contract Tower,0,5,16,0,21,0,0,50,0,50,0,5,66,0,71,80,0,80,151
06/30/2003,IXD,KS,ACE,CE,Federal Contract Tower,0,4,30,0,34,0,1,50,2,53,0,5,80,2,87,98,0,98,185
07/01/2003,IXD,KS,ACE,CE,Federal Contract Tower,0,4,24,3,31,0,0,76,4,80,0,4,100,7,111,130,0,130,241
07/02/2003,IXD,KS,ACE,CE,Federal Contract Tower,0,3,24,0,27,0,0,87,2,89,0,3,111,2,116,94,0,94,210
07/03/2003,IXD,KS,ACE,CE,Federal Contract Tower,0,4,19,0,23,0,0,79,1,80,0,4,98,1,103,89,0,89,192
07/04/2003,IXD,KS,ACE,CE,Federal Contract Tower,0,0,1,0,1,0,0,26,0,26,0,0,27,0,27,90,0,90,117
07/05/2003,IXD,KS,ACE,CE,Federal Contract Tower,0,1,20,0,21,0,0,42,1,43,0,1,62,1,64,100,0,100,164
07/06/2003,IXD,KS,ACE,CE,Federal Contract Tower,0,3,26,0,29,0,2,0,1,3,0,5,26,1,32,76,2,78,110
07/07/2003,IXD,KS,ACE,CE,Federal Contract Tower,0,1,19,0,20,0,1,57,0,58,0,2,76,0,78,144,6,150,228
07/08/2003,IXD,KS,ACE,CE,Federal Contract Tower,0,5,31,0,36,0,1,86,0,87,0,6,117,0,123,152,0,152,275
07/09/2003,IXD,KS,ACE,CE,Federal Contract Tower,0,9,17,0,26,0,0,51,0,51,0,9,68,0,77,102,0,102,179
07/10/2003,IXD,KS,ACE,CE,Federal Contract Tower,0,4,29,0,33,0,0,88,0,88,0,4,117,0,121,134,0,134,255
07/11/2003,IXD,KS,ACE,CE,Federal Contract Tower,0,1,29,0,30,0,0,80,2,82,0,1,109,2,112,174,6,180,292
07/12/2003,IXD,KS,ACE,CE,Federal Contract Tower,0,3,7,0,10,0,0,59,1,60,0,3,66,1,70,138,0,138,208
07/13/2003,IXD,KS,ACE,CE,Federal Contract Tower,0,2,19,0,21,0,0,50,4,54,0,2,69,4,75,96,0,96,171
07/14/2003,IXD,KS,ACE,CE,Federal Contract Tower,0,1,30,0,31,0,1,57,0,58,0,2,87,0,89,80,0,80,169
07/15/2003,IXD,KS,ACE,CE,Federal Contract Tower,0,1,31,2,34,0,0,155,2,157,0,1,186,4,191,216,16,232,423
07/16/2003,IXD,KS,ACE,CE,Federal Contract Tower,0,9,24,0,33,0,1,113,9,123,0,10,137,9,156,136,12,148,304
07/17/2003,IXD,KS,ACE,CE,Federal Contract Tower,0,3,48,0,51,0,0,45,0,45,0,3,93,0,96,94,0,94,190
07/18/2003,IXD,KS,ACE,CE,Federal Contract Tower,0,6,24,0,30,0,0,86,0,86,0,6,110,0,116,130,0,130,246
07/19/2003,IXD,KS,ACE,CE,Federal Contract Tower,0,2,62,0,64,0,0,56,0,56,0,2,118,0,120,234,0,234,354
07/20/2003,IXD,KS,ACE,CE,Federal Contract Tower,0,3,41,0,44,0,0,99,0,99,0,3,140,0,143,332,0,332,475
07/21/2003,IXD,KS,ACE,CE,Federal Contract Tower,0,6,61,0,67,0,0,37,0,37,0,6,98,0,104,160,0,160,264
07/22/2003,IXD,KS,ACE,CE,Federal Contract Tower,0,6,52,0,58,0,3,104,4,111,0,9,156,4,169,144,30,174,343
07/23/2003,IXD,KS,ACE,CE,Federal Contract Tower,0,4,45,0,49,0,0,89,0,89,0,4,134,0,138,120,0,120,258
07/24/2003,IXD,KS,ACE,CE,Federal Contract Tower,0,14,46,0,60,0,0,61,4,65,0,14,107,4,125,108,8,116,241
07/25/2003,IXD,KS,ACE,CE,Federal Contract Tower,0,2,30,2,34,0,1,52,0,53,0,3,82,2,87,40,16,56,143
07/26/2003,IXD,KS,ACE,CE,Federal Contract Tower,0,1,7,1,9,0,0,60,0,60,0,1,67,1,69,106,6,112,181
07/27/2003,IXD,KS,ACE,CE,Federal Contract Tower,0,1,16,2,19,0,0,37,0,37,0,1,53,2,56,74,6,80,136
07/28/2003,IXD,KS,ACE,CE,Federal Contract Tower,0,3,36,0,39,0,0,107,2,109,0,3,143,2,148,88,0,88,236
07/29/2003,IXD,KS,ACE,CE,Federal Contract Tower,0,1,55,4,60,0,2,93,0,95,0,3,148,4,155,90,10,100,255
07/30/2003,IXD,KS,ACE,CE,Federal Contract Tower,0,6,37,3,46,0,0,58,0,58,0,6,95,3,104,122,0,122,226
07/31/2003,IXD,KS,ACE,CE,Federal Contract Tower,0,0,43,5,48,0,1,94,6,101,0,1,137,11,149,136,0,136,285
08/01/2003,IXD,KS,ACE,CE,Federal Contract Tower,0,1,42,0,43,0,0,29,2,31,0,1,71,2,74,80,4,84,158
08/02/2003,IXD,KS,ACE,CE,Federal Contract Tower,0,3,21,0,24,0,0,31,0,31,0,3,52,0,55,90,0,90,145
08/03/2003,IXD,KS,ACE,CE,Federal Contract Tower,0,1,15,1,17,0,0,27,0,27,0,1,42,1,44,32,0,32,76
08/04/2003,IXD,KS,ACE,CE,Federal Contract Tower,0,8,53,0,61,0,0,67,0,67,0,8,120,0,128,110,0,110,238
08/05/2003,IXD,KS,ACE,CE,Federal Contract Tower,0,5,49,0,54,0,0,73,8,81,0,5,122,8,135,28,4,32,167
08/06/2003,IXD,KS,ACE,CE,Federal Contract Tower,0,5,50,0,55,0,0,68,2,70,0,5,118,2,125,104,0,104,229
08/07/2003,IXD,KS,ACE,CE,Federal Contract Tower,0,4,26,0,30,0,0,100,0,100,0,4,126,0,130,96,0,96,226
08/08/2003,IXD,KS,ACE,CE,Federal Contract Tower,0,1,39,2,42,0,6,88,0,94,0,7,127,2,136,114,0,114,250
08/09/2003,IXD,KS,ACE,CE,Federal Contract Tower,0,2,14,3,19,0,0,74,1,75,0,2,88,4,94,112,14,126,220
08/10/2003,IXD,KS,ACE,CE,Federal Contract Tower,0,3,17,3,23,0,0,34,1,35,0,3,51,4,58,64,0,64,122
08/11/2003,IXD,KS,ACE,CE,Federal Contract Tower,0,2,31,0,33,0,1,58,1,60,0,3,89,1,93,112,0,112,205
08/12/2003,IXD,KS,ACE,CE,Federal Contract Tower,0,6,20,0,26,0,0,73,6,79,0,6,93,6,105,108,28,136,241
08/13/2003,IXD,KS,ACE,CE,Federal Contract Tower,0,8,30,4,42,0,2,64,2,68,0,10,94,6,110,132,0,132,242
08/14/2003,IXD,KS,ACE,CE,Federal Contract Tower,0,4,30,0,34,0,0,44,0,44,0,4,74,0,78,102,18,120,198
08/15/2003,IXD,KS,ACE,CE,Federal Contract Tower,0,5,37,0,42,0,4,74,2,80,0,9,111,2,122,156,2,158,280
08/16/2003,IXD,KS,ACE,CE,Federal Contract Tower,0,2,15,0,17,0,0,63,0,63,0,2,78,0,80,62,0,62,142
08/17/2003,IXD,KS,ACE,CE,Federal Contract Tower,0,10,11,1,22,0,0,50,0,50,0,10,61,1,72,82,0,82,154
08/18/2003,IXD,KS,ACE,CE,Federal Contract Tower,0,0,38,0,38,0,0,76,0,76,0,0,114,0,114,76,0,76,190
08/19/2003,IXD,KS,ACE,CE,Federal Contract Tower,0,3,45,0,48,0,0,50,4,54,0,3,95,4,102,82,2,84,186
08/20/2003,IXD,KS,ACE,CE,Federal Contract Tower,0,3,28,0,31,0,0,19,0,19,0,3,47,0,50,92,0,92,142
08/21/2003,IXD,KS,ACE,CE,Federal Contract Tower,0,0,32,0,32,0,0,46,0,46,0,0,78,0,78,66,0,66,144
08/22/2003,IXD,KS,ACE,CE,Federal Contract Tower,0,2,23,0,25,0,0,53,0,53,0,2,76,0,78,82,0,82,160
08/23/2003,IXD,KS,ACE,CE,Federal Contract Tower,0,4,18,0,22,0,0,53,0,53,0,4,71,0,75,124,0,124,199
08/24/2003,IXD,KS,ACE,CE,Federal Contract Tower,0,5,13,0,18,0,0,28,0,28,0,5,41,0,46,102,0,102,148
08/25/2003,IXD,KS,ACE,CE,Federal Contract Tower,0,0,19,0,19,0,0,53,0,53,0,0,72,0,72,130,0,130,202
08/26/2003,IXD,KS,ACE,CE,Federal Contract Tower,0,0,17,0,17,0,0,43,6,49,0,0,60,6,66,76,12,88,154
08/27/2003,IXD,KS,ACE,CE,Federal Contract Tower,0,0,19,2,21,2,0,63,4,69,2,0,82,6,90,208,0,208,298
08/28/2003,IXD,KS,ACE,CE,Federal Contract Tower,0,1,23,0,24,0,1,47,2,50,0,2,70,2,74,52,8,60,134
08/29/2003,IXD,KS,ACE,CE,Federal Contract Tower,0,7,49,0,56,0,1,49,0,50,0,8,98,0,106,14,0,14,120
08/30/2003,IXD,KS,ACE,CE,Federal Contract Tower,0,1,10,0,11,0,0,0,0,0,0,1,10,0,11,10,0,10,21
08/31/2003,IXD,KS,ACE,CE,Federal Contract Tower,0,4,11,0,15,0,0,0,0,0,0,4,11,0,15,4,0,4,19
09/01/2003,IXD,KS,ACE,CE,Federal Contract Tower,0,3,58,0,61,0,0,3,0,3,0,3,61,0,64,48,0,48,112
09/02/2003,IXD,KS,ACE,CE,Federal Contract Tower,0,4,24,0,28,0,0,102,0,102,0,4,126,0,130,226,0,226,356
09/03/2003,IXD,KS,ACE,CE,Federal Contract Tower,0,6,41,0,47,0,3,103,2,108,0,9,144,2,155,148,0,148,303
09/04/2003,IXD,KS,ACE,CE,Federal Contract Tower,0,11,36,1,48,0,0,34,7,41,0,11,70,8,89,62,6,68,157
09/05/2003,IXD,KS,ACE,CE,Federal Contract Tower,0,7,34,0,41,0,0,133,3,136,0,7,167,3,177,72,0,72,249
09/06/2003,IXD,KS,ACE,CE,Federal Contract Tower,0,0,6,0,6,0,0,55,2,57,0,0,61,2,63,72,0,72,135
09/07/2003,IXD,KS,ACE,CE,Federal Contract Tower,0,4,22,0,26,0,0,34,0,34,0,4,56,0,60,96,0,96,156
09/08/2003,IXD,KS,ACE,CE,Federal Contract Tower,0,2,20,3,25,0,0,74,1,75,0,2,94,4,100,82,2,84,184
09/09/2003,IXD,KS,ACE,CE,Federal Contract Tower,0,0,23,2,25,0,0,82,3,85,0,0,105,5,110,116,2,118,228
09/10/2003,IXD,KS,ACE,CE,Federal Contract Tower,0,3,11,0,14,0,8,104,1,113,0,11,115,1,127,186,0,186,313
09/11/2003,IXD,KS,ACE,CE,Federal Contract Tower,0,7,33,0,40,0,0,29,0,29,0,7,62,0,69,72,0,72,141
09/12/2003,IXD,KS,ACE,CE,Federal Contract Tower,0,3,51,1,55,0,0,68,0,68,0,3,119,1,123,44,0,44,167
09/13/2003,IXD,KS,ACE,CE,Federal Contract Tower,0,1,10,1,12,0,0,4,0,4,0,1,14,1,16,14,0,14,30
09/14/2003,IXD,KS,ACE,CE,Federal Contract Tower,0,4,20,0,24,0,0,55,2,57,0,4,75,2,81,92,2,94,175
09/15/2003,IXD,KS,ACE,CE,Federal Contract Tower,0,2,27,0,29,0,0,53,1,54,0,2,80,1,83,70,1,71,154
09/16/2003,IXD,KS,ACE,CE,Federal Contract Tower,0,7,21,0,28,0,0,65,2,67,0,7,86,2,95,120,1,121,216
09/17/2003,IXD,KS,ACE,CE,Federal Contract Tower,0,7,29,0,36,0,0,39,0,39,0,7,68,0,75,66,0,66,141
09/18/2003,IXD,KS,ACE,CE,Federal Contract Tower,0,4,43,6,53,0,0,26,0,26,0,4,69,6,79,114,8,122,201
09/19/2003,IXD,KS,ACE,CE,Federal Contract Tower,0,1,27,6,34,0,1,161,5,167,0,2,188,11,201,116,14,130,331
09/20/2003,IXD,KS,ACE,CE,Federal Contract Tower,0,5,7,0,12,0,0,74,0,74,0,5,81,0,86,74,0,74,160
09/21/2003,IXD,KS,ACE,CE,Federal Contract Tower,0,9,22,0,31,0,0,24,0,24,0,9,46,0,55,38,0,38,93
09/22/2003,IXD,KS,ACE,CE,Federal Contract Tower,0,0,24,2,26,0,0,35,3,38,0,0,59,5,64,30,2,32,96
09/23/2003,IXD,KS,ACE,CE,Federal Contract Tower,0,6,28,0,34,0,0,115,2,117,0,6,143,2,151,128,0,128,279
09/24/2003,IXD,KS,ACE,CE,Federal Contract Tower,0,6,22,3,31,0,0,85,10,95,0,6,107,13,126,108,60,168,294
09/25/2003,IXD,KS,ACE,CE,Federal Contract Tower,0,4,33,2,39,0,0,129,4,133,0,4,162,6,172,238,20,258,430
09/26/2003,IXD,KS,ACE,CE,Federal Contract Tower,0,3,50,1,54,0,0,36,3,39,0,3,86,4,93,46,2,48,141
09/27/2003,IXD,KS,ACE,CE,Federal Contract Tower,0,4,18,2,24,0,0,38,0,38,0,4,56,2,62,108,0,108,170
09/28/2003,IXD,KS,ACE,CE,Federal Contract Tower,0,2,22,0,24,0,0,20,0,20,0,2,42,0,44,98,0,98,142
09/29/2003,IXD,KS,ACE,CE,Federal Contract Tower,0,1,33,1,35,0,0,97,3,100,0,1,130,4,135,136,14,150,285
09/30/2003,IXD,KS,ACE,CE,Federal Contract Tower,0,4,48,0,52,0,0,0,0,0,0,4,48,0,52,16,0,16,68
10/01/2003,IXD,KS,ACE,CE,Federal Contract Tower,0,3,37,0,40,0,0,92,3,95,0,3,129,3,135,120,0,120,255
10/02/2003,IXD,KS,ACE,CE,Federal Contract Tower,0,7,45,0,52,0,0,118,6,124,0,7,163,6,176,134,0,134,310
10/03/2003,IXD,KS,ACE,CE,Federal Contract Tower,0,3,27,0,30,0,0,61,4,65,0,3,88,4,95,62,0,62,157
10/04/2003,IXD,KS,ACE,CE,Federal Contract Tower,0,3,22,0,25,0,0,38,5,43,0,3,60,5,68,50,0,50,118
10/05/2003,IXD,KS,ACE,CE,Federal Contract Tower,0,5,32,1,38,0,3,57,5,65,0,8,89,6,103,38,0,38,141
10/06/2003,IXD,KS,ACE,CE,Federal Contract Tower,0,4,24,0,28,0,4,46,0,50,0,8,70,0,78,96,0,96,174
10/07/2003,IXD,KS,ACE,CE,Federal Contract Tower,0,7,50,1,58,0,0,82,2,84,0,7,132,3,142,105,4,109,251
10/08/2003,IXD,KS,ACE,CE,Federal Contract Tower,0,1,40,1,42,0,0,69,3,72,0,1,109,4,114,114,0,114,228
10/09/2003,IXD,KS,ACE,CE,Federal Contract Tower,0,6,42,0,48,0,1,65,0,66,0,7,107,0,114,60,0,60,174
10/10/2003,IXD,KS,ACE,CE,Federal Contract Tower,0,6,39,1,46,0,3,44,1,48,0,9,83,2,94,84,0,84,178
10/11/2003,IXD,KS,ACE,CE,Federal Contract Tower,0,5,30,0,35,0,2,17,0,19,0,7,47,0,54,46,1,47,101
10/12/2003,IXD,KS,ACE,CE,Federal Contract Tower,0,1,17,0,18,0,0,50,0,50,0,1,67,0,68,100,0,100,168
10/13/2003,IXD,KS,ACE,CE,Federal Contract Tower,0,4,27,0,31,0,1,67,0,68,0,5,94,0,99,46,0,46,145
10/14/2003,IXD,KS,ACE,CE,Federal Contract Tower,0,4,26,1,31,0,0,74,10,84,0,4,100,11,115,52,28,80,195
10/15/2003,IXD,KS,ACE,CE,Federal Contract Tower,0,3,18,1,22,0,1,92,4,97,0,4,110,5,119,102,0,102,221
10/16/2003,IXD,KS,ACE,CE,Federal Contract Tower,0,3,19,0,22,0,0,85,6,91,0,3,104,6,113,120,21,141,254
10/17/2003,IXD,KS,ACE,CE,Federal Contract Tower,0,3,22,0,25,0,0,99,3,102,0,3,121,3,127,126,1,127,254
10/18/2003,IXD,KS,ACE,CE,Federal Contract Tower,0,0,9,0,9,0,0,154,2,156,0,0,163,2,165,194,2,196,361
10/19/2003,IXD,KS,ACE,CE,Federal Contract Tower,0,1,12,0,13,0,6,45,3,54,0,7,57,3,67,124,2,126,193
10/20/2003,IXD,KS,ACE,CE,Federal Contract Tower,0,5,34,0,39,0,2,53,0,55,0,7,87,0,94,90,0,90,184
10/21/2003,IXD,KS,ACE,CE,Federal Contract Tower,0,7,49,0,56,0,2,59,1,62,0,9,108,1,118,86,0,86,204
10/22/2003,IXD,KS,ACE,CE,Federal Contract Tower,0,4,33,0,37,0,0,77,4,81,0,4,110,4,118,88,0,88,206
10/23/2003,IXD,KS,ACE,CE,Federal Contract Tower,0,5,36,0,41,0,2,116,8,126,0,7,152,8,167,64,16,80,247
10/24/2003,IXD,KS,ACE,CE,Federal Contract Tower,0,3,19,0,22,0,0,73,1,74,0,3,92,1,96,82,0,82,178
10/25/2003,IXD,KS,ACE,CE,Federal Contract Tower,0,1,22,0,23,0,0,58,0,58,0,1,80,0,81,96,0,96,177
10/26/2003,IXD,KS,ACE,CE,Federal Contract Tower,0,1,15,0,16,0,0,63,0,63,0,1,78,0,79,40,0,40,119
10/27/2003,IXD,KS,ACE,CE,Federal Contract Tower,0,3,19,0,22,0,5,60,0,65,0,8,79,0,87,60,0,60,147
10/28/2003,IXD,KS,ACE,CE,Federal Contract Tower,0,4,31,0,35,0,0,55,7,62,0,4,86,7,97,48,4,52,149
10/29/2003,IXD,KS,ACE,CE,Federal Contract Tower,0,4,26,0,30,0,1,95,4,100,0,5,121,4,130,48,0,48,178
10/30/2003,IXD,KS,ACE,CE,Federal Contract Tower,0,5,37,0,42,0,1,68,1,70,0,6,105,1,112,52,2,54,166
10/31/2003,IXD,KS,ACE,CE,Federal Contract Tower,0,0,41,0,41,0,0,23,2,25,0,0,64,2,66,16,2,18,84
11/01/2003,IXD,KS,ACE,CE,Federal Contract Tower,0,0,12,1,13,0,0,4,1,5,0,0,16,2,18,18,0,18,36
11/02/2003,IXD,KS,ACE,CE,Federal Contract Tower,0,5,30,1,36,0,2,15,0,17,0,7,45,1,53,16,0,16,69
11/03/2003,IXD,KS,ACE,CE,Federal Contract Tower,0,6,45,1,52,0,2,49,2,53,0,8,94,3,105,10,14,24,129
11/04/2003,IXD,KS,ACE,CE,Federal Contract Tower,0,5,44,0,49,0,0,4,0,4,0,5,48,0,53,12,0,12,65
11/05/2003,IXD,KS,ACE,CE,Federal Contract Tower,0,3,30,0,33,0,0,52,0,52,0,3,82,0,85,22,0,22,107
11/06/2003,IXD,KS,ACE,CE,Federal Contract Tower,0,3,26,1,30,0,0,86,1,87,0,3,112,2,117,100,0,100,217
11/07/2003,IXD,KS,ACE,CE,Federal Contract Tower,0,3,30,0,33,0,0,71,0,71,0,3,101,0,104,208,10,218,322
11/08/2003,IXD,KS,ACE,CE,Federal Contract Tower,0,0,14,0,14,0,0,79,0,79,0,0,93,0,93,176,0,176,269
11/09/2003,IXD,KS,ACE,CE,Federal Contract Tower,0,3,27,1,31,0,0,30,1,31,0,3,57,2,62,84,12,96,158
11/10/2003,IXD,KS,ACE,CE,Federal Contract Tower,0,2,27,0,29,0,0,9,0,9,0,2,36,0,38,4,0,4,42
11/11/2003,IXD,KS,ACE,CE,Federal Contract Tower,0,2,39,1,42,0,0,0,1,1,0,2,39,2,43,18,0,18,61
11/12/2003,IXD,KS,ACE,CE,Federal Contract Tower,0,3,24,1,28,0,3,44,1,48,0,6,68,2,76,22,4,26,102
11/13/2003,IXD,KS,ACE,CE,Federal Contract Tower,0,5,38,1,44,0,1,79,3,83,0,6,117,4,127,116,0,116,243
11/14/2003,IXD,KS,ACE,CE,Federal Contract Tower,0,4,37,0,41,0,0,34,0,34,0,4,71,0,75,46,0,46,121
11/15/2003,IXD,KS,ACE,CE,Federal Contract Tower,0,0,38,0,38,0,0,31,0,31,0,0,69,0,69,100,1,101,170
11/16/2003,IXD,KS,ACE,CE,Federal Contract Tower,0,0,16,0,16,0,0,108,0,108,0,0,124,0,124,190,0,190,314
11/17/2003,IXD,KS,ACE,CE,Federal Contract Tower,0,0,11,0,11,0,0,3,0,3,0,0,14,0,14,0,0,0,14
11/18/2003,IXD,KS,ACE,CE,Federal Contract Tower,0,0,14,0,14,0,0,35,2,37,0,0,49,2,51,24,0,24,75
11/19/2003,IXD,KS,ACE,CE,Federal Contract Tower,0,3,26,0,29,0,1,101,0,102,0,4,127,0,131,104,10,114,245
11/20/2003,IXD,KS,ACE,CE,Federal Contract Tower,0,0,25,0,25,0,0,119,9,128,0,0,144,9,153,93,8,101,254
11/21/2003,IXD,KS,ACE,CE,Federal Contract Tower,0,0,36,0,36,0,0,137,6,143,0,0,173,6,179,109,6,115,294
11/22/2003,IXD,KS,ACE,CE,Federal Contract Tower,0,2,23,0,25,0,0,30,0,30,0,2,53,0,55,80,0,80,135
11/23/2003,IXD,KS,ACE,CE,Federal Contract Tower,0,2,22,0,24,0,2,8,0,10,0,4,30,0,34,44,3,47,81
11/24/2003,IXD,KS,ACE,CE,Federal Contract Tower,0,0,11,0,11,0,0,36,0,36,0,0,47,0,47,64,0,64,111
11/25/2003,IXD,KS,ACE,CE,Federal Contract Tower,0,4,32,0,36,0,0,95,5,100,0,4,127,5,136,72,0,72,208
11/26/2003,IXD,KS,ACE,CE,Federal Contract Tower,0,5,44,0,49,0,1,60,2,63,0,6,104,2,112,62,0,62,174
11/27/2003,IXD,KS,ACE,CE,Federal Contract Tower,0,0,5,0,5,0,1,13,0,14,0,1,18,0,19,20,0,20,39
11/28/2003,IXD,KS,ACE,CE,Federal Contract Tower,0,1,12,0,13,0,1,49,0,50,0,2,61,0,63,36,0,36,99
11/29/2003,IXD,KS,ACE,CE,Federal Contract Tower,0,1,10,0,11,0,2,31,0,33,0,3,41,0,44,12,0,12,56
11/30/2003,IXD,KS,ACE,CE,Federal Contract Tower,0,3,25,0,28,0,1,39,1,41,0,4,64,1,69,82,0,82,151
12/01/2003,IXD,KS,ACE,CE,Federal Contract Tower,0,2,18,0,20,0,0,90,2,92,0,2,108,2,112,96,2,98,210
12/02/2003,IXD,KS,ACE,CE,Federal Contract Tower,0,0,16,0,16,0,0,55,1,56,0,0,71,1,72,79,0,79,151
12/03/2003,IXD,KS,ACE,CE,Federal Contract Tower,0,2,27,0,29,0,0,8,0,8,0,2,35,0,37,0,0,0,37
12/04/2003,IXD,KS,ACE,CE,Federal Contract Tower,0,3,21,0,24,0,2,9,0,11,0,5,30,0,35,15,0,15,50
12/05/2003,IXD,KS,ACE,CE,Federal Contract Tower,0,2,15,0,17,0,2,19,0,21,0,4,34,0,38,0,6,6,44
12/06/2003,IXD,KS,ACE,CE,Federal Contract Tower,0,1,21,0,22,0,0,27,4,31,0,1,48,4,53,32,12,44,97
12/07/2003,IXD,KS,ACE,CE,Federal Contract Tower,0,3,25,0,28,0,1,26,2,29,0,4,51,2,57,94,0,94,151
12/08/2003,IXD,KS,ACE,CE,Federal Contract Tower,0,3,29,0,32,0,0,72,5,77,0,3,101,5,109,114,4,118,227
12/09/2003,IXD,KS,ACE,CE,Federal Contract Tower,0,3,21,0,24,0,0,6,0,6,0,3,27,0,30,0,0,0,30
12/10/2003,IXD,KS,ACE,CE,Federal Contract Tower,0,1,18,0,19,0,0,26,0,26,0,1,44,0,45,6,0,6,51
12/11/2003,IXD,KS,ACE,CE,Federal Contract Tower,0,0,23,0,23,0,0,56,8,64,0,0,79,8,87,50,8,58,145
12/12/2003,IXD,KS,ACE,CE,Federal Contract Tower,0,0,28,1,29,0,0,54,5,59,0,0,82,6,88,62,0,62,150
12/13/2003,IXD,KS,ACE,CE,Federal Contract Tower,0,0,4,0,4,0,2,0,0,2,0,2,4,0,6,0,0,0,6
12/14/2003,IXD,KS,ACE,CE,Federal Contract Tower,0,1,11,0,12,0,3,0,0,3,0,4,11,0,15,0,0,0,15
12/15/2003,IXD,KS,ACE,CE,Federal Contract Tower,0,0,23,1,24,0,0,55,1,56,0,0,78,2,80,14,0,14,94
12/16/2003,IXD,KS,ACE,CE,Federal Contract Tower,0,0,13,1,14,0,0,34,1,35,0,0,47,2,49,6,2,8,57
12/17/2003,IXD,KS,ACE,CE,Federal Contract Tower,0,0,37,0,37,0,0,71,11,82,0,0,108,11,119,64,25,89,208
12/18/2003,IXD,KS,ACE,CE,Federal Contract Tower,0,0,36,0,36,0,0,64,0,64,0,0,100,0,100,46,0,46,146
12/19/2003,IXD,KS,ACE,CE,Federal Contract Tower,0,3,28,0,31,0,8,74,0,82,0,11,102,0,113,61,0,61,174
12/20/2003,IXD,KS,ACE,CE,Federal Contract Tower,0,0,12,0,12,0,0,59,0,59,0,0,71,0,71,88,0,88,159
12/21/2003,IXD,KS,ACE,CE,Federal Contract Tower,0,0,8,0,8,0,1,36,0,37,0,1,44,0,45,75,0,75,120
12/22/2003,IXD,KS,ACE,CE,Federal Contract Tower,0,3,30,0,33,0,0,28,0,28,0,3,58,0,61,8,0,8,69
12/23/2003,IXD,KS,ACE,CE,Federal Contract Tower,0,2,21,0,23,0,0,30,2,32,0,2,51,2,55,14,4,18,73
12/24/2003,IXD,KS,ACE,CE,Federal Contract Tower,0,0,10,0,10,0,0,44,0,44,0,0,54,0,54,26,0,26,80
12/25/2003,IXD,KS,ACE,CE,Federal Contract Tower,0,0,7,0,7,0,3,3,0,6,0,3,10,0,13,0,0,0,13
12/26/2003,IXD,KS,ACE,CE,Federal Contract Tower,0,2,21,0,23,0,4,65,0,69,0,6,86,0,92,108,0,108,200
12/27/2003,IXD,KS,ACE,CE,Federal Contract Tower,0,0,10,0,10,0,1,5,0,6,0,1,15,0,16,28,0,28,44
12/28/2003,IXD,KS,ACE,CE,Federal Contract Tower,0,1,18,0,19,0,0,60,0,60,0,1,78,0,79,108,0,108,187
12/29/2003,IXD,KS,ACE,CE,Federal Contract Tower,0,1,15,0,16,0,0,99,7,106,0,1,114,7,122,60,24,84,206
12/30/2003,IXD,KS,ACE,CE,Federal Contract Tower,0,1,13,0,14,0,2,79,1,82,0,3,92,1,96,49,7,56,152
12/31/2003,IXD,KS,ACE,CE,Federal Contract Tower,0,0,9,0,9,0,0,64,0,64,0,0,73,0,73,87,0,87,160
01/01/2004,IXD,KS,ACE,CE,Federal Contract Tower,0,0,8,0,8,0,0,3,0,3,0,0,11,0,11,28,0,28,39
01/02/2004,IXD,KS,ACE,CE,Federal Contract Tower,0,3,13,0,16,0,3,38,0,41,0,6,51,0,57,33,2,35,92
01/03/2004,IXD,KS,ACE,CE,Federal Contract Tower,0,2,14,0,16,0,0,18,0,18,0,2,32,0,34,47,0,47,81
01/04/2004,IXD,KS,ACE,CE,Federal Contract Tower,0,0,1,0,1,0,0,1,0,1,0,0,2,0,2,0,0,0,2
01/05/2004,IXD,KS,ACE,CE,Federal Contract Tower,0,0,5,0,5,0,1,8,0,9,0,1,13,0,14,4,0,4,18
01/06/2004,IXD,KS,ACE,CE,Federal Contract Tower,0,0,3,0,3,0,2,1,0,3,0,2,4,0,6,18,0,18,24
01/07/2004,IXD,KS,ACE,CE,Federal Contract Tower,0,2,13,0,15,0,0,34,0,34,0,2,47,0,49,22,0,22,71
01/08/2004,IXD,KS,ACE,CE,Federal Contract Tower,0,5,29,1,35,0,0,74,1,75,0,5,103,2,110,46,12,58,168
01/09/2004,IXD,KS,ACE,CE,Federal Contract Tower,0,6,33,1,40,0,0,46,5,51,0,6,79,6,91,22,0,22,113
01/10/2004,IXD,KS,ACE,CE,Federal Contract Tower,0,0,19,1,20,0,0,41,7,48,0,0,60,8,68,64,0,64,132
01/11/2004,IXD,KS,ACE,CE,Federal Contract Tower,0,2,7,1,10,0,0,40,4,44,0,2,47,5,54,112,8,120,174
01/12/2004,IXD,KS,ACE,CE,Federal Contract Tower,0,4,20,0,24,0,0,113,2,115,0,4,133,2,139,54,0,54,193
01/13/2004,IXD,KS,ACE,CE,Federal Contract Tower,0,5,32,0,37,0,1,144,5,150,0,6,176,5,187,78,8,86,273
01/14/2004,IXD,KS,ACE,CE,Federal Contract Tower,0,2,28,0,30,0,0,160,13,173,0,2,188,13,203,54,4,58,261
01/15/2004,IXD,KS,ACE,CE,Federal Contract Tower,0,5,32,0,37,0,1,124,3,128,0,6,156,3,165,35,0,35,200
01/16/2004,IXD,KS,ACE,CE,Federal Contract Tower,0,4,26,0,30,0,0,0,2,2,0,4,26,2,32,6,8,14,46
01/17/2004,IXD,KS,ACE,CE,Federal Contract Tower,0,1,10,0,11,0,1,0,0,1,0,2,10,0,12,0,0,0,12
01/18/2004,IXD,KS,ACE,CE,Federal Contract Tower,0,1,15,0,16,0,0,43,0,43,0,1,58,0,59,28,0,28,87
01/19/2004,IXD,KS,ACE,CE,Federal Contract Tower,0,4,21,0,25,0,1,74,0,75,0,5,95,0,100,94,0,94,194
01/20/2004,IXD,KS,ACE,CE,Federal Contract Tower,0,4,26,0,30,0,1,98,2,101,0,5,124,2,131,102,0,102,233
01/21/2004,IXD,KS,ACE,CE,Federal Contract Tower,0,3,18,0,21,0,0,53,0,53,0,3,71,0,74,57,0,57,131
01/22/2004,IXD,KS,ACE,CE,Federal Contract Tower,0,7,38,0,45,0,0,59,2,61,0,7,97,2,106,68,0,68,174
01/23/2004,IXD,KS,ACE,CE,Federal Contract Tower,0,2,13,0,15,0,2,40,0,42,0,4,53,0,57,48,0,48,105
01/24/2004,IXD,KS,ACE,CE,Federal Contract Tower,0,1,10,0,11,0,0,32,2,34,0,1,42,2,45,148,0,148,193
01/25/2004,IXD,KS,ACE,CE,Federal Contract Tower,0,0,3,0,3,0,0,3,0,3,0,0,6,0,6,0,0,0,6
01/26/2004,IXD,KS,ACE,CE,Federal Contract Tower,0,1,9,0,10,0,0,0,0,0,0,1,9,0,10,4,0,4,14
01/27/2004,IXD,KS,ACE,CE,Federal Contract Tower,0,4,26,0,30,0,7,49,0,56,0,11,75,0,86,26,0,26,112
01/28/2004,IXD,KS,ACE,CE,Federal Contract Tower,0,6,36,0,42,0,0,92,8,100,0,6,128,8,142,94,14,108,250
01/29/2004,IXD,KS,ACE,CE,Federal Contract Tower,0,1,21,0,22,0,0,28,4,32,0,1,49,4,54,14,0,14,68
01/30/2004,IXD,KS,ACE,CE,Federal Contract Tower,0,2,26,0,28,0,0,132,3,135,0,2,158,3,163,54,0,54,217
01/31/2004,IXD,KS,ACE,CE,Federal Contract Tower,0,0,10,0,10,0,0,7,0,7,0,0,17,0,17,30,0,30,47
02/01/2004,IXD,KS,ACE,CE,Federal Contract Tower,0,0,4,0,4,0,0,1,0,1,0,0,5,0,5,0,0,0,5
02/02/2004,IXD,KS,ACE,CE,Federal Contract Tower,0,1,7,0,8,0,3,4,0,7,0,4,11,0,15,0,0,0,15
02/03/2004,IXD,KS,ACE,CE,Federal Contract Tower,0,3,19,0,22,0,1,88,0,89,0,4,107,0,111,58,0,58,169
02/04/2004,IXD,KS,ACE,CE,Federal Contract Tower,0,2,20,0,22,0,0,30,0,30,0,2,50,0,52,38,0,38,90
02/05/2004,IXD,KS,ACE,CE,Federal Contract Tower,0,2,10,0,12,0,2,0,0,2,0,4,10,0,14,0,0,0,14
02/06/2004,IXD,KS,ACE,CE,Federal Contract Tower,0,1,9,0,10,0,1,9,0,10,0,2,18,0,20,0,2,2,22
02/07/2004,IXD,KS,ACE,CE,Federal Contract Tower,0,1,7,0,8,0,2,10,2,14,0,3,17,2,22,70,16,86,108
02/08/2004,IXD,KS,ACE,CE,Federal Contract Tower,0,1,11,0,12,0,1,10,4,15,0,2,21,4,27,54,0,54,81
02/09/2004,IXD,KS,ACE,CE,Federal Contract Tower,0,3,18,0,21,0,2,105,4,111,0,5,123,4,132,104,0,104,236
02/10/2004,IXD,KS,ACE,CE,Federal Contract Tower,0,5,30,0,35,0,1,142,2,145,0,6,172,2,180,62,0,62,242
02/11/2004,IXD,KS,ACE,CE,Federal Contract Tower,0,2,19,0,21,0,0,77,1,78,0,2,96,1,99,62,2,64,163
02/12/2004,IXD,KS,ACE,CE,Federal Contract Tower,0,5,42,1,48,0,0,94,0,94,0,5,136,1,142,104,0,104,246
02/13/2004,IXD,KS,ACE,CE,Federal Contract Tower,0,4,22,0,26,0,2,113,0,115,0,6,135,0,141,84,0,84,225
02/14/2004,IXD,KS,ACE,CE,Federal Contract Tower,0,2,19,0,21,0,0,79,2,81,0,2,98,2,102,106,0,106,208
02/15/2004,IXD,KS,ACE,CE,Federal Contract Tower,0,2,11,0,13,0,0,47,0,47,0,2,58,0,60,68,0,68,128
02/16/2004,IXD,KS,ACE,CE,Federal Contract Tower,0,4,22,0,26,0,1,76,2,79,0,5,98,2,105,52,2,54,159
02/17/2004,IXD,KS,ACE,CE,Federal Contract Tower,0,2,27,0,29,0,0,48,2,50,0,2,75,2,79,22,0,22,101
02/18/2004,IXD,KS,ACE,CE,Federal Contract Tower,0,6,33,0,39,0,4,52,0,56,0,10,85,0,95,106,0,106,201
02/19/2004,IXD,KS,ACE,CE,Federal Contract Tower,0,4,25,0,29,0,2,26,5,33,0,6,51,5,62,18,0,18,80
02/20/2004,IXD,KS,ACE,CE,Federal Contract Tower,0,3,33,0,36,0,0,25,0,25,0,3,58,0,61,32,0,32,93
02/21/2004,IXD,KS,ACE,CE,Federal Contract Tower,0,2,21,0,23,0,0,52,2,54,0,2,73,2,77,158,0,158,235
02/22/2004,IXD,KS,ACE,CE,Federal Contract Tower,0,3,17,0,20,0,1,14,0,15,0,4,31,0,35,74,0,74,109
02/23/2004,IXD,KS,ACE,CE,Federal Contract Tower,0,1,36,0,37,0,0,50,6,56,0,1,86,6,93,88,2,90,183
02/24/2004,IXD,KS,ACE,CE,Federal Contract Tower,0,6,34,0,40,0,0,50,0,50,0,6,84,0,90,28,0,28,118
02/25/2004,IXD,KS,ACE,CE,Federal Contract Tower,0,0,30,0,30,0,0,75,4,79,0,0,105,4,109,74,6,80,189
02/26/2004,IXD,KS,ACE,CE,Federal Contract Tower,0,2,32,0,34,0,0,120,1,121,0,2,152,1,155,168,2,170,325
02/27/2004,IXD,KS,ACE,CE,Federal Contract Tower,0,4,25,0,29,0,2,107,6,115,0,6,132,6,144,184,0,184,328
02/28/2004,IXD,KS,ACE,CE,Federal Contract Tower,0,2,14,0,16,0,0,56,2,58,0,2,70,2,74,118,0,118,192
02/29/2004,IXD,KS,ACE,CE,Federal Contract Tower,0,1,8,0,9,0,1,7,0,8,0,2,15,0,17,6,0,6,23
03/01/2004,IXD,KS,ACE,CE,Federal Contract Tower,0,2,24,1,27,0,1,56,2,59,0,3,80,3,86,0,0,0,86
03/02/2004,IXD,KS,ACE,CE,Federal Contract Tower,0,1,51,2,54,0,0,148,3,151,0,1,199,5,205,89,0,89,294
03/03/2004,IXD,KS,ACE,CE,Federal Contract Tower,0,4,37,1,42,0,0,17,1,18,0,4,54,2,60,12,0,12,72
03/04/2004,IXD,KS,ACE,CE,Federal Contract Tower,0,2,23,0,25,0,0,2,0,2,0,2,25,0,27,0,0,0,27
03/05/2004,IXD,KS,ACE,CE,Federal Contract Tower,0,2,44,2,48,0,0,24,9,33,0,2,68,11,81,48,2,50,131
03/06/2004,IXD,KS,ACE,CE,Federal Contract Tower,0,0,12,1,13,0,0,130,11,141,0,0,142,12,154,126,18,144,298
03/07/2004,IXD,KS,ACE,CE,Federal Contract Tower,0,1,11,1,13,0,2,32,3,37,0,3,43,4,50,34,0,34,84
03/08/2004,IXD,KS,ACE,CE,Federal Contract Tower,0,2,19,1,22,0,0,72,1,73,0,2,91,2,95,106,2,108,203
03/09/2004,IXD,KS,ACE,CE,Federal Contract Tower,0,4,30,1,35,0,1,109,0,110,0,5,139,1,145,92,2,94,239
03/10/2004,IXD,KS,ACE,CE,Federal Contract Tower,0,4,32,1,37,0,3,62,2,67,0,7,94,3,104,48,2,50,154
03/11/2004,IXD,KS,ACE,CE,Federal Contract Tower,0,2,27,0,29,0,0,82,0,82,0,2,109,0,111,44,2,46,157
03/12/2004,IXD,KS,ACE,CE,Federal Contract Tower,0,1,24,1,26,0,0,52,2,54,0,1,76,3,80,64,0,64,144
03/13/2004,IXD,KS,ACE,CE,Federal Contract Tower,0,3,20,1,24,0,1,18,7,26,0,4,38,8,50,74,0,74,124
03/14/2004,IXD,KS,ACE,CE,Federal Contract Tower,0,2,16,0,18,0,1,65,0,66,0,3,81,0,84,85,0,85,169
03/15/2004,IXD,KS,ACE,CE,Federal Contract Tower,0,1,12,0,13,0,3,3,0,6,0,4,15,0,19,2,0,2,21
03/16/2004,IXD,KS,ACE,CE,Federal Contract Tower,0,2,31,1,34,0,0,49,3,52,0,2,80,4,86,4,0,4,90
03/17/2004,IXD,KS,ACE,CE,Federal Contract Tower,0,2,33,0,35,0,0,70,0,70,0,2,103,0,105,22,0,22,127
03/18/2004,IXD,KS,ACE,CE,Federal Contract Tower,0,2,35,1,38,0,0,78,1,79,0,2,113,2,117,49,0,49,166
03/19/2004,IXD,KS,ACE,CE,Federal Contract Tower,0,5,39,0,44,0,5,52,0,57,0,10,91,0,101,120,0,120,221
03/20/2004,IXD,KS,ACE,CE,Federal Contract Tower,0,2,28,0,30,0,0,14,0,14,0,2,42,0,44,68,0,68,112
03/21/2004,IXD,KS,ACE,CE,Federal Contract Tower,0,2,14,0,16,0,2,69,0,71,0,4,83,0,87,114,0,114,201
03/22/2004,IXD,KS,ACE,CE,Federal Contract Tower,0,2,20,0,22,0,2,99,5,106,0,4,119,5,128,114,0,114,242
03/23/2004,IXD,KS,ACE,CE,Federal Contract Tower,0,3,27,0,30,0,2,107,2,111,0,5,134,2,141,106,10,116,257
03/24/2004,IXD,KS,ACE,CE,Federal Contract Tower,0,4,40,1,45,0,4,35,7,46,0,8,75,8,91,34,14,48,139
03/25/2004,IXD,KS,ACE,CE,Federal Contract Tower,0,4,41,1,46,0,0,16,11,27,0,4,57,12,73,56,2,58,131
03/26/2004,IXD,KS,ACE,CE,Federal Contract Tower,0,0,34,0,34,0,0,56,0,56,0,0,90,0,90,66,2,68,158
03/27/2004,IXD,KS,ACE,CE,Federal Contract Tower,0,1,12,0,13,0,1,8,0,9,0,2,20,0,22,12,0,12,34
03/28/2004,IXD,KS,ACE,CE,Federal Contract Tower,0,4,28,0,32,0,6,27,3,36,0,10,55,3,68,122,0,122,190
03/29/2004,IXD,KS,ACE,CE,Federal Contract Tower,0,1,22,0,23,0,0,38,1,39,0,1,60,1,62,36,0,36,98
03/30/2004,IXD,KS,ACE,CE,Federal Contract Tower,0,4,32,0,36,0,0,121,2,123,0,4,153,2,159,71,2,73,232
03/31/2004,IXD,KS,ACE,CE,Federal Contract Tower,0,0,26,0,26,0,0,64,0,64,0,0,90,0,90,84,0,84,174
04/01/2004,IXD,KS,ACE,CE,Federal Contract Tower,0,0,20,0,20,0,0,72,0,72,0,0,92,0,92,70,0,70,162
04/02/2004,IXD,KS,ACE,CE,Federal Contract Tower,0,2,30,0,32,0,0,90,2,92,0,2,120,2,124,118,0,118,242
04/03/2004,IXD,KS,ACE,CE,Federal Contract Tower,0,3,15,0,18,0,0,37,0,37,0,3,52,0,55,106,0,106,161
04/04/2004,IXD,KS,ACE,CE,Federal Contract Tower,0,3,17,0,20,0,4,63,0,67,0,7,80,0,87,186,0,186,273
04/05/2004,IXD,KS,ACE,CE,Federal Contract Tower,0,3,18,0,21,0,2,73,2,77,0,5,91,2,98,164,0,164,262
04/06/2004,IXD,KS,ACE,CE,Federal Contract Tower,0,4,22,0,26,0,0,111,3,114,0,4,133,3,140,106,6,112,252
04/07/2004,IXD,KS,ACE,CE,Federal Contract Tower,0,3,45,0,48,0,0,1,0,1,0,3,46,0,49,74,0,74,123
04/08/2004,IXD,KS,ACE,CE,Federal Contract Tower,0,2,32,0,34,0,0,118,0,118,0,2,150,0,152,80,0,80,232
04/09/2004,IXD,KS,ACE,CE,Federal Contract Tower,0,0,17,1,18,0,0,50,1,51,0,0,67,2,69,74,0,74,143
04/10/2004,IXD,KS,ACE,CE,Federal Contract Tower,0,1,11,0,12,0,1,12,0,13,0,2,23,0,25,28,0,28,53
04/11/2004,IXD,KS,ACE,CE,Federal Contract Tower,0,1,8,0,9,0,3,36,0,39,0,4,44,0,48,60,0,60,108
04/12/2004,IXD,KS,ACE,CE,Federal Contract Tower,0,2,26,0,28,0,0,92,0,92,0,2,118,0,120,162,0,162,282
04/13/2004,IXD,KS,ACE,CE,Federal Contract Tower,0,0,20,0,20,0,0,78,2,80,0,0,98,2,100,55,0,55,155
04/14/2004,IXD,KS,ACE,CE,Federal Contract Tower,0,5,33,0,38,0,1,46,3,50,0,6,79,3,88,101,5,106,194
04/15/2004,IXD,KS,ACE,CE,Federal Contract Tower,0,3,20,0,23,0,2,46,0,48,0,5,66,0,71,8,0,8,79
04/16/2004,IXD,KS,ACE,CE,Federal Contract Tower,0,4,27,0,31,0,2,48,7,57,0,6,75,7,88,41,0,41,129
04/17/2004,IXD,KS,ACE,CE,Federal Contract Tower,0,1,17,0,18,0,0,36,2,38,0,1,53,2,56,128,0,128,184
04/18/2004,IXD,KS,ACE,CE,Federal Contract Tower,0,1,10,0,11,0,1,56,0,57,0,2,66,0,68,28,0,28,96
04/19/2004,IXD,KS,ACE,CE,Federal Contract Tower,0,3,24,0,27,0,1,42,0,43,0,4,66,0,70,100,0,100,170
04/20/2004,IXD,KS,ACE,CE,Federal Contract Tower,0,3,19,0,22,0,2,0,0,2,0,5,19,0,24,46,0,46,70
04/21/2004,IXD,KS,ACE,CE,Federal Contract Tower,0,5,35,0,40,0,3,75,2,80,0,8,110,2,120,102,0,102,222
04/22/2004,IXD,KS,ACE,CE,Federal Contract Tower,0,4,51,0,55,0,0,3,0,3,0,4,54,0,58,30,0,30,88
04/23/2004,IXD,KS,ACE,CE,Federal Contract Tower,0,5,33,0,38,0,2,26,2,30,0,7,59,2,68,44,2,46,114
04/24/2004,IXD,KS,ACE,CE,Federal Contract Tower,0,4,21,0,25,0,1,0,0,1,0,5,21,0,26,12,0,12,38
04/25/2004,IXD,KS,ACE,CE,Federal Contract Tower,0,3,22,0,25,0,3,20,0,23,0,6,42,0,48,66,0,66,114
04/26/2004,IXD,KS,ACE,CE,Federal Contract Tower,0,4,33,0,37,0,0,70,0,70,0,4,103,0,107,112,0,112,219
04/27/2004,IXD,KS,ACE,CE,Federal Contract Tower,0,3,21,0,24,0,2,84,1,87,0,5,105,1,111,218,4,222,333
04/28/2004,IXD,KS,ACE,CE,Federal Contract Tower,0,3,31,0,34,2,0,18,1,21,2,3,49,1,55,30,0,30,85
04/29/2004,IXD,KS,ACE,CE,Federal Contract Tower,0,4,34,0,38,0,0,21,0,21,0,4,55,0,59,22,0,22,81
04/30/2004,IXD,KS,ACE,CE,Federal Contract Tower,0,2,24,0,26,0,0,1,0,1,0,2,25,0,27,2,0,2,29
05/01/2004,IXD,KS,ACE,CE,Federal Contract Tower,0,0,14,0,14,0,0,69,0,69,0,0,83,0,83,73,0,73,156
05/02/2004,IXD,KS,ACE,CE,Federal Contract Tower,0,3,20,0,23,0,2,38,4,44,0,5,58,4,67,44,6,50,117
05/03/2004,IXD,KS,ACE,CE,Federal Contract Tower,0,7,32,1,40,0,9,65,1,75,0,16,97,2,115,118,0,118,233
05/04/2004,IXD,KS,ACE,CE,Federal Contract Tower,0,4,22,0,26,0,1,23,0,24,0,5,45,0,50,48,0,48,98
05/05/2004,IXD,KS,ACE,CE,Federal Contract Tower,0,5,23,1,29,0,2,74,2,78,0,7,97,3,107,94,2,96,203
05/06/2004,IXD,KS,ACE,CE,Federal Contract Tower,0,6,30,0,36,0,3,63,0,66,0,9,93,0,102,34,0,34,136
05/07/2004,IXD,KS,ACE,CE,Federal Contract Tower,0,3,26,1,30,2,0,54,1,57,2,3,80,2,87,98,0,98,185
05/08/2004,IXD,KS,ACE,CE,Federal Contract Tower,0,1,6,0,7,0,0,64,0,64,0,1,70,0,71,66,0,66,137
05/09/2004,IXD,KS,ACE,CE,Federal Contract Tower,0,1,19,0,20,0,0,21,0,21,0,1,40,0,41,16,0,16,57
05/10/2004,IXD,KS,ACE,CE,Federal Contract Tower,0,7,32,0,39,0,4,9,0,13,0,11,41,0,52,76,0,76,128
05/11/2004,IXD,KS,ACE,CE,Federal Contract Tower,0,2,26,1,29,0,0,76,4,80,0,2,102,5,109,76,8,84,193
05/12/2004,IXD,KS,ACE,CE,Federal Contract Tower,0,6,41,1,48,0,0,11,1,12,0,6,52,2,60,24,0,24,84
05/13/2004,IXD,KS,ACE,CE,Federal Contract Tower,0,4,21,0,25,0,0,10,0,10,0,4,31,0,35,0,0,0,35
05/14/2004,IXD,KS,ACE,CE,Federal Contract Tower,0,4,40,1,45,0,0,32,0,32,0,4,72,1,77,69,0,69,146
05/15/2004,IXD,KS,ACE,CE,Federal Contract Tower,0,3,20,1,24,0,0,64,3,67,0,3,84,4,91,122,0,122,213
05/16/2004,IXD,KS,ACE,CE,Federal Contract Tower,0,3,14,1,18,0,0,14,5,19,0,3,28,6,37,16,0,16,53
05/17/2004,IXD,KS,ACE,CE,Federal Contract Tower,0,4,19,0,23,0,3,44,2,49,0,7,63,2,72,76,1,77,149
05/18/2004,IXD,KS,ACE,CE,Federal Contract Tower,0,5,24,0,29,0,3,1,0,4,0,8,25,0,33,4,0,4,37
05/19/2004,IXD,KS,ACE,CE,Federal Contract Tower,0,5,29,0,34,0,0,13,2,15,0,5,42,2,49,62,2,64,113
05/20/2004,IXD,KS,ACE,CE,Federal Contract Tower,0,2,38,0,40,0,0,75,4,79,0,2,113,4,119,118,4,122,241
05/21/2004,IXD,KS,ACE,CE,Federal Contract Tower,0,5,27,0,32,0,4,27,1,32,0,9,54,1,64,28,0,28,92
05/22/2004,IXD,KS,ACE,CE,Federal Contract Tower,0,1,10,0,11,0,3,19,0,22,0,4,29,0,33,34,0,34,67
05/23/2004,IXD,KS,ACE,CE,Federal Contract Tower,0,3,18,0,21,0,4,31,0,35,0,7,49,0,56,56,0,56,112
05/24/2004,IXD,KS,ACE,CE,Federal Contract Tower,0,5,28,0,33,0,1,28,0,29,0,6,56,0,62,68,0,68,130
05/25/2004,IXD,KS,ACE,CE,Federal Contract Tower,0,4,33,0,37,0,0,20,0,20,0,4,53,0,57,120,0,120,177
05/26/2004,IXD,KS,ACE,CE,Federal Contract Tower,0,6,43,0,49,0,0,13,0,13,0,6,56,0,62,52,0,52,114
05/27/2004,IXD,KS,ACE,CE,Federal Contract Tower,0,3,32,0,35,0,0,60,5,65,0,3,92,5,100,102,4,106,206
05/28/2004,IXD,KS,ACE,CE,Federal Contract Tower,0,5,34,0,39,0,0,72,4,76,0,5,106,4,115,74,10,84,199
05/29/2004,IXD,KS,ACE,CE,Federal Contract Tower,0,0,7,0,7,0,0,36,1,37,0,0,43,1,44,23,30,53,97
05/30/2004,IXD,KS,ACE,CE,Federal Contract Tower,0,0,8,0,8,0,0,15,0,15,0,0,23,0,23,30,0,30,53
05/31/2004,IXD,KS,ACE,CE,Federal Contract Tower,0,2,16,0,18,0,0,66,0,66,0,2,82,0,84,86,0,86,170
06/01/2004,IXD,KS,ACE,CE,Federal Contract Tower,0,5,32,0,37,0,0,46,0,46,0,5,78,0,83,65,5,70,153
06/02/2004,IXD,KS,ACE,CE,Federal Contract Tower,0,5,26,0,31,0,2,60,5,67,0,7,86,5,98,90,2,92,190
06/03/2004,IXD,KS,ACE,CE,Federal Contract Tower,0,6,33,1,40,0,6,36,13,55,0,12,69,14,95,96,8,104,199
06/04/2004,IXD,KS,ACE,CE,Federal Contract Tower,0,4,28,0,32,0,0,61,1,62,0,4,89,1,94,75,0,75,169
06/05/2004,IXD,KS,ACE,CE,Federal Contract Tower,0,2,12,0,14,0,0,35,0,35,0,2,47,0,49,44,0,44,93
06/06/2004,IXD,KS,ACE,CE,Federal Contract Tower,0,0,27,0,27,0,0,62,0,62,0,0,89,0,89,78,0,78,167
06/07/2004,IXD,KS,ACE,CE,Federal Contract Tower,0,1,16,1,18,0,0,32,0,32,0,1,48,1,50,46,0,46,96
06/08/2004,IXD,KS,ACE,CE,Federal Contract Tower,0,3,31,2,36,0,0,55,0,55,0,3,86,2,91,80,2,82,173
06/09/2004,IXD,KS,ACE,CE,Federal Contract Tower,0,5,33,2,40,0,1,8,5,14,0,6,41,7,54,20,2,22,76
06/10/2004,IXD,KS,ACE,CE,Federal Contract Tower,0,3,33,2,38,0,0,8,0,8,0,3,41,2,46,34,0,34,80
06/11/2004,IXD,KS,ACE,CE,Federal Contract Tower,0,2,25,0,27,0,0,51,0,51,0,2,76,0,78,58,0,58,136
06/12/2004,IXD,KS,ACE,CE,Federal Contract Tower,0,2,16,1,19,0,3,43,2,48,0,5,59,3,67,92,0,92,159
06/13/2004,IXD,KS,ACE,CE,Federal Contract Tower,0,1,8,0,9,0,2,27,0,29,0,3,35,0,38,30,0,30,68
06/14/2004,IXD,KS,ACE,CE,Federal Contract Tower,0,4,33,2,39,0,8,44,0,52,0,12,77,2,91,26,0,26,117
06/15/2004,IXD,KS,ACE,CE,Federal Contract Tower,0,4,31,0,35,0,0,38,0,38,0,4,69,0,73,58,0,58,131
06/16/2004,IXD,KS,ACE,CE,Federal Contract Tower,0,4,30,1,35,0,0,46,3,49,0,4,76,4,84,72,0,72,156
06/17/2004,IXD,KS,ACE,CE,Federal Contract Tower,0,2,27,1,30,0,0,70,2,72,0,2,97,3,102,90,0,90,192
06/18/2004,IXD,KS,ACE,CE,Federal Contract Tower,0,1,28,0,29,0,0,26,0,26,0,1,54,0,55,26,0,26,81
06/19/2004,IXD,KS,ACE,CE,Federal Contract Tower,0,2,15,0,17,0,2,50,0,52,0,4,65,0,69,194,0,194,263
06/20/2004,IXD,KS,ACE,CE,Federal Contract Tower,0,2,14,0,16,0,1,29,0,30,0,3,43,0,46,28,0,28,74
06/21/2004,IXD,KS,ACE,CE,Federal Contract Tower,0,3,21,0,24,0,1,32,0,33,0,4,53,0,57,56,0,56,113
06/22/2004,IXD,KS,ACE,CE,Federal Contract Tower,0,4,34,1,39,0,5,68,2,75,0,9,102,3,114,132,10,142,256
06/23/2004,IXD,KS,ACE,CE,Federal Contract Tower,0,5,39,1,45,0,3,110,9,122,0,8,149,10,167,146,8,154,321
06/24/2004,IXD,KS,ACE,CE,Federal Contract Tower,0,1,34,1,36,0,0,69,1,70,0,1,103,2,106,120,0,120,226
06/25/2004,IXD,KS,ACE,CE,Federal Contract Tower,0,2,42,1,45,0,0,83,2,85,0,2,125,3,130,52,0,52,182
06/26/2004,IXD,KS,ACE,CE,Federal Contract Tower,0,3,23,0,26,0,2,52,0,54,0,5,75,0,80,76,2,78,158
06/27/2004,IXD,KS,ACE,CE,Federal Contract Tower,0,2,14,0,16,0,6,14,0,20,0,8,28,0,36,20,0,20,56
06/28/2004,IXD,KS,ACE,CE,Federal Contract Tower,0,1,43,1,45,0,0,90,8,98,0,1,133,9,143,45,4,49,192
06/29/2004,IXD,KS,ACE,CE,Federal Contract Tower,0,6,44,0,50,0,0,99,0,99,0,6,143,0,149,170,2,172,321
06/30/2004,IXD,KS,ACE,CE,Federal Contract Tower,0,7,50,1,58,0,3,85,3,91,0,10,135,4,149,102,2,104,253
07/01/2004,IXD,KS,ACE,CE,Federal Contract Tower,0,9,42,0,51,0,2,19,0,21,0,11,61,0,72,56,0,56,128
07/02/2004,IXD,KS,ACE,CE,Federal Contract Tower,0,1,25,0,26,0,0,24,0,24,0,1,49,0,50,30,0,30,80
07/03/2004,IXD,KS,ACE,CE,Federal Contract Tower,0,5,25,1,31,0,2,30,0,32,0,7,55,1,63,98,0,98,161
07/04/2004,IXD,KS,ACE,CE,Federal Contract Tower,0,2,15,1,18,0,2,39,1,42,0,4,54,2,60,22,0,22,82
07/05/2004,IXD,KS,ACE,CE,Federal Contract Tower,0,1,11,0,12,0,0,40,0,40,0,1,51,0,52,78,0,78,130
07/06/2004,IXD,KS,ACE,CE,Federal Contract Tower,0,2,10,1,13,0,0,38,3,41,0,2,48,4,54,66,0,66,120
07/07/2004,IXD,KS,ACE,CE,Federal Contract Tower,0,5,27,1,33,0,2,81,2,85,0,7,108,3,118,96,0,96,214
07/08/2004,IXD,KS,ACE,CE,Federal Contract Tower,0,6,31,1,38,0,0,65,7,72,0,6,96,8,110,72,8,80,190
07/09/2004,IXD,KS,ACE,CE,Federal Contract Tower,0,3,20,1,24,0,2,60,0,62,0,5,80,1,86,96,0,96,182
07/10/2004,IXD,KS,ACE,CE,Federal Contract Tower,0,0,14,1,15,0,0,69,0,69,0,0,83,1,84,88,0,88,172
07/11/2004,IXD,KS,ACE,CE,Federal Contract Tower,0,4,23,1,28,0,0,92,0,92,0,4,115,1,120,148,0,148,268
07/12/2004,IXD,KS,ACE,CE,Federal Contract Tower,0,2,26,1,29,0,0,81,4,85,0,2,107,5,114,54,4,58,172
07/13/2004,IXD,KS,ACE,CE,Federal Contract Tower,0,4,21,1,26,0,4,61,5,70,0,8,82,6,96,26,0,26,122
07/14/2004,IXD,KS,ACE,CE,Federal Contract Tower,0,3,30,1,34,0,0,179,13,192,0,3,209,14,226,42,2,44,270
07/15/2004,IXD,KS,ACE,CE,Federal Contract Tower,0,5,28,1,34,0,6,81,2,89,0,11,109,3,123,72,6,78,201
07/16/2004,IXD,KS,ACE,CE,Federal Contract Tower,0,7,42,0,49,0,0,89,1,90,0,7,131,1,139,90,2,92,231
07/17/2004,IXD,KS,ACE,CE,Federal Contract Tower,0,4,23,0,27,0,0,62,0,62,0,4,85,0,89,130,0,130,219
07/18/2004,IXD,KS,ACE,CE,Federal Contract Tower,0,2,13,0,15,0,2,52,0,54,0,4,65,0,69,60,0,60,129
07/19/2004,IXD,KS,ACE,CE,Federal Contract Tower,0,2,16,0,18,0,0,49,5,54,0,2,65,5,72,90,2,92,164
07/20/2004,IXD,KS,ACE,CE,Federal Contract Tower,0,3,21,0,24,0,0,50,4,54,0,3,71,4,78,106,2,108,186
07/21/2004,IXD,KS,ACE,CE,Federal Contract Tower,0,6,35,0,41,0,2,62,2,66,0,8,97,2,107,62,0,62,169
07/22/2004,IXD,KS,ACE,CE,Federal Contract Tower,0,4,29,0,33,0,0,66,1,67,0,4,95,1,100,81,0,81,181
07/23/2004,IXD,KS,ACE,CE,Federal Contract Tower,0,2,31,0,33,0,0,99,0,99,0,2,130,0,132,44,0,44,176
07/24/2004,IXD,KS,ACE,CE,Federal Contract Tower,0,1,7,0,8,0,1,4,0,5,0,2,11,0,13,26,0,26,39
07/25/2004,IXD,KS,ACE,CE,Federal Contract Tower,0,3,21,0,24,0,1,228,0,229,0,4,249,0,253,278,0,278,531
07/26/2004,IXD,KS,ACE,CE,Federal Contract Tower,0,0,25,0,25,0,0,80,0,80,0,0,105,0,105,87,0,87,192
07/27/2004,IXD,KS,ACE,CE,Federal Contract Tower,0,4,25,0,29,0,0,104,5,109,0,4,129,5,138,112,0,112,250
07/28/2004,IXD,KS,ACE,CE,Federal Contract Tower,0,5,32,0,37,0,0,90,4,94,0,5,122,4,131,56,2,58,189
07/29/2004,IXD,KS,ACE,CE,Federal Contract Tower,0,5,30,0,35,0,0,53,4,57,0,5,83,4,92,86,0,86,178
07/30/2004,IXD,KS,ACE,CE,Federal Contract Tower,0,7,36,0,43,0,0,33,6,39,0,7,69,6,82,50,0,50,132
07/31/2004,IXD,KS,ACE,CE,Federal Contract Tower,0,2,14,0,16,0,1,61,2,64,0,3,75,2,80,92,2,94,174
08/01/2004,IXD,KS,ACE,CE,Federal Contract Tower,0,2,15,0,17,0,2,30,5,37,0,4,45,5,54,58,0,58,112
08/02/2004,IXD,KS,ACE,CE,Federal Contract Tower,0,0,20,0,20,0,0,72,5,77,0,0,92,5,97,58,0,58,155
08/03/2004,IXD,KS,ACE,CE,Federal Contract Tower,0,5,31,1,37,0,5,31,0,36,0,10,62,1,73,44,0,44,117
08/04/2004,IXD,KS,ACE,CE,Federal Contract Tower,0,3,32,2,37,0,0,27,2,29,0,3,59,4,66,84,0,84,150
08/05/2004,IXD,KS,ACE,CE,Federal Contract Tower,0,4,33,2,39,0,0,99,3,102,0,4,132,5,141,110,2,112,253
08/06/2004,IXD,KS,ACE,CE,Federal Contract Tower,0,0,24,0,24,0,0,82,1,83,0,0,106,1,107,88,0,88,195
08/07/2004,IXD,KS,ACE,CE,Federal Contract Tower,0,0,4,0,4,0,0,94,6,100,0,0,98,6,104,120,2,122,226
08/08/2004,IXD,KS,ACE,CE,Federal Contract Tower,0,3,17,0,20,0,2,27,10,39,0,5,44,10,59,46,4,50,109
08/09/2004,IXD,KS,ACE,CE,Federal Contract Tower,0,5,22,1,28,0,2,45,5,52,0,7,67,6,80,38,0,38,118
08/10/2004,IXD,KS,ACE,CE,Federal Contract Tower,0,2,26,1,29,0,0,42,9,51,0,2,68,10,80,62,20,82,162
08/11/2004,IXD,KS,ACE,CE,Federal Contract Tower,0,5,40,3,48,0,0,56,15,71,0,5,96,18,119,70,12,82,201
08/12/2004,IXD,KS,ACE,CE,Federal Contract Tower,0,3,35,3,41,0,0,85,13,98,0,3,120,16,139,99,0,99,238
08/13/2004,IXD,KS,ACE,CE,Federal Contract Tower,0,2,23,1,26,0,0,82,7,89,0,2,105,8,115,20,17,37,152
08/14/2004,IXD,KS,ACE,CE,Federal Contract Tower,0,0,12,0,12,0,0,101,0,101,0,0,113,0,113,102,0,102,215
08/15/2004,IXD,KS,ACE,CE,Federal Contract Tower,0,3,17,0,20,0,4,78,0,82,0,7,95,0,102,82,1,83,185
08/16/2004,IXD,KS,ACE,CE,Federal Contract Tower,0,0,17,1,18,0,0,42,10,52,0,0,59,11,70,88,6,94,164
08/17/2004,IXD,KS,ACE,CE,Federal Contract Tower,0,6,32,2,40,0,0,53,6,59,0,6,85,8,99,124,6,130,229
08/18/2004,IXD,KS,ACE,CE,Federal Contract Tower,0,4,21,1,26,0,4,48,17,69,0,8,69,18,95,130,8,138,233
08/19/2004,IXD,KS,ACE,CE,Federal Contract Tower,0,4,25,0,29,0,0,28,18,46,0,4,53,18,75,66,4,70,145
08/20/2004,IXD,KS,ACE,CE,Federal Contract Tower,0,2,29,1,32,0,0,33,8,41,0,2,62,9,73,48,4,52,125
08/21/2004,IXD,KS,ACE,CE,Federal Contract Tower,0,2,27,0,29,0,0,4,2,6,0,2,31,2,35,36,0,36,71
08/22/2004,IXD,KS,ACE,CE,Federal Contract Tower,0,2,11,0,13,0,0,68,2,70,0,2,79,2,83,116,0,116,199
08/23/2004,IXD,KS,ACE,CE,Federal Contract Tower,0,5,30,1,36,0,8,9,2,19,0,13,39,3,55,40,4,44,99
08/24/2004,IXD,KS,ACE,CE,Federal Contract Tower,0,4,20,0,24,0,0,56,7,63,0,4,76,7,87,82,2,84,171
08/25/2004,IXD,KS,ACE,CE,Federal Contract Tower,0,5,26,0,31,0,1,37,7,45,0,6,63,7,76,58,2,60,136
08/26/2004,IXD,KS,ACE,CE,Federal Contract Tower,0,6,31,1,38,0,5,84,11,100,0,11,115,12,138,72,4,76,214
08/27/2004,IXD,KS,ACE,CE,Federal Contract Tower,0,1,29,1,31,0,0,69,17,86,0,1,98,18,117,86,2,88,205
08/28/2004,IXD,KS,ACE,CE,Federal Contract Tower,0,1,18,0,19,0,0,48,0,48,0,1,66,0,67,44,0,44,111
08/29/2004,IXD,KS,ACE,CE,Federal Contract Tower,0,4,18,0,22,0,4,63,0,67,0,8,81,0,89,38,0,38,127
08/30/2004,IXD,KS,ACE,CE,Federal Contract Tower,0,5,29,1,35,0,1,55,10,66,0,6,84,11,101,92,6,98,199
08/31/2004,IXD,KS,ACE,CE,Federal Contract Tower,0,3,18,0,21,0,1,68,0,69,0,4,86,0,90,152,0,152,242
09/01/2004,IXD,KS,ACE,CE,Federal Contract Tower,0,3,24,1,28,0,5,64,2,71,0,8,88,3,99,108,0,108,207
09/02/2004,IXD,KS,ACE,CE,Federal Contract Tower,0,2,22,1,25,0,3,55,4,62,0,5,77,5,87,76,4,80,167
09/03/2004,IXD,KS,ACE,CE,Federal Contract Tower,0,6,38,1,45,0,14,58,3,75,0,20,96,4,120,66,2,68,188
09/04/2004,IXD,KS,ACE,CE,Federal Contract Tower,0,1,13,0,14,0,0,55,0,55,0,1,68,0,69,32,0,32,101
09/05/2004,IXD,KS,ACE,CE,Federal Contract Tower,0,3,13,0,16,0,5,14,0,19,0,8,27,0,35,26,0,26,61
09/06/2004,IXD,KS,ACE,CE,Federal Contract Tower,0,2,14,0,16,0,0,40,0,40,0,2,54,0,56,40,0,40,96
09/07/2004,IXD,KS,ACE,CE,Federal Contract Tower,0,4,33,2,39,0,0,51,1,52,0,4,84,3,91,48,0,48,139
09/08/2004,IXD,KS,ACE,CE,Federal Contract Tower,0,6,32,2,40,0,2,38,1,41,0,8,70,3,81,66,0,66,147
09/09/2004,IXD,KS,ACE,CE,Federal Contract Tower,0,7,33,2,42,0,3,88,13,104,0,10,121,15,146,93,4,97,243
09/10/2004,IXD,KS,ACE,CE,Federal Contract Tower,0,0,21,2,23,0,0,98,2,100,0,0,119,4,123,92,6,98,221
09/11/2004,IXD,KS,ACE,CE,Federal Contract Tower,0,1,13,1,15,0,0,71,9,80,0,1,84,10,95,74,8,82,177
09/12/2004,IXD,KS,ACE,CE,Federal Contract Tower,0,4,18,1,23,0,1,56,4,61,0,5,74,5,84,48,9,57,141
09/13/2004,IXD,KS,ACE,CE,Federal Contract Tower,0,6,29,0,35,0,2,56,0,58,0,8,85,0,93,30,0,30,123
09/14/2004,IXD,KS,ACE,CE,Federal Contract Tower,0,4,22,2,28,0,0,64,2,66,0,4,86,4,94,48,14,62,156
09/15/2004,IXD,KS,ACE,CE,Federal Contract Tower,0,0,29,2,31,0,0,42,4,46,0,0,71,6,77,50,4,54,131
09/16/2004,IXD,KS,ACE,CE,Federal Contract Tower,0,3,20,2,25,1,5,65,9,80,1,8,85,11,105,86,6,92,197
09/17/2004,IXD,KS,ACE,CE,Federal Contract Tower,0,1,24,2,27,0,0,64,8,72,0,1,88,10,99,88,10,98,197
09/18/2004,IXD,KS,ACE,CE,Federal Contract Tower,0,1,6,0,7,0,2,11,0,13,0,3,17,0,20,30,0,30,50
09/19/2004,IXD,KS,ACE,CE,Federal Contract Tower,0,3,21,2,26,0,0,29,1,30,0,3,50,3,56,56,0,56,112
09/20/2004,IXD,KS,ACE,CE,Federal Contract Tower,0,4,17,0,21,0,3,49,3,55,0,7,66,3,76,68,0,68,144
09/21/2004,IXD,KS,ACE,CE,Federal Contract Tower,0,7,38,1,46,0,0,61,7,68,0,7,99,8,114,120,4,124,238
09/22/2004,IXD,KS,ACE,CE,Federal Contract Tower,0,4,26,1,31,0,1,95,7,103,0,5,121,8,134,108,0,108,242
09/23/2004,IXD,KS,ACE,CE,Federal Contract Tower,0,1,43,2,46,0,0,52,14,66,0,1,95,16,112,124,0,124,236
09/24/2004,IXD,KS,ACE,CE,Federal Contract Tower,0,7,47,2,56,0,0,78,4,82,0,7,125,6,138,166,4,170,308
09/25/2004,IXD,KS,ACE,CE,Federal Contract Tower,0,1,15,0,16,0,0,135,0,135,0,1,150,0,151,110,0,110,261
09/26/2004,IXD,KS,ACE,CE,Federal Contract Tower,0,4,23,0,27,0,1,83,0,84,0,5,106,0,111,76,0,76,187
09/27/2004,IXD,KS,ACE,CE,Federal Contract Tower,0,3,31,1,35,0,0,87,5,92,0,3,118,6,127,90,0,90,217
09/28/2004,IXD,KS,ACE,CE,Federal Contract Tower,0,5,33,1,39,0,0,94,11,105,0,5,127,12,144,52,0,52,196
09/29/2004,IXD,KS,ACE,CE,Federal Contract Tower,0,2,27,1,30,2,0,98,1,101,2,2,125,2,131,72,0,72,203
09/30/2004,IXD,KS,ACE,CE,Federal Contract Tower,0,8,48,0,56,0,0,59,0,59,0,8,107,0,115,90,4,94,209
10/01/2004,IXD,KS,ACE,CE,Federal Contract Tower,0,3,27,0,30,0,0,22,2,24,0,3,49,2,54,16,0,16,70
10/02/2004,IXD,KS,ACE,CE,Federal Contract Tower,0,3,18,0,21,0,0,75,8,83,0,3,93,8,104,58,0,58,162
10/03/2004,IXD,KS,ACE,CE,Federal Contract Tower,0,3,13,0,16,0,0,38,14,52,0,3,51,14,68,84,0,84,152
10/04/2004,IXD,KS,ACE,CE,Federal Contract Tower,0,1,30,0,31,0,0,52,0,52,0,1,82,0,83,102,0,102,185
10/05/2004,IXD,KS,ACE,CE,Federal Contract Tower,0,8,17,0,25,0,3,48,0,51,0,11,65,0,76,50,0,50,126
10/06/2004,IXD,KS,ACE,CE,Federal Contract Tower,0,4,31,5,40,0,0,42,2,44,0,4,73,7,84,42,6,48,132
10/07/2004,IXD,KS,ACE,CE,Federal Contract Tower,0,9,39,0,48,0,0,13,1,14,0,9,52,1,62,2,0,2,64
10/08/2004,IXD,KS,ACE,CE,Federal Contract Tower,0,6,59,0,65,0,0,37,0,37,0,6,96,0,102,42,0,42,144
10/09/2004,IXD,KS,ACE,CE,Federal Contract Tower,0,3,27,1,31,0,0,73,0,73,0,3,100,1,104,86,4,90,194
10/10/2004,IXD,KS,ACE,CE,Federal Contract Tower,0,3,31,0,34,0,0,53,2,55,0,3,84,2,89,84,0,84,173
10/11/2004,IXD,KS,ACE,CE,Federal Contract Tower,0,9,40,2,51,0,2,24,0,26,0,11,64,2,77,34,0,34,111
10/12/2004,IXD,KS,ACE,CE,Federal Contract Tower,0,10,39,1,50,0,0,4,0,4,0,10,43,1,54,28,0,28,82
10/13/2004,IXD,KS,ACE,CE,Federal Contract Tower,0,8,22,0,30,0,1,51,2,54,0,9,73,2,84,18,0,18,102
10/14/2004,IXD,KS,ACE,CE,Federal Contract Tower,0,2,27,2,31,0,0,73,2,75,0,2,100,4,106,38,0,38,144
10/15/2004,IXD,KS,ACE,CE,Federal Contract Tower,0,8,21,0,29,0,0,34,5,39,0,8,55,5,68,48,0,48,116
10/16/2004,IXD,KS,ACE,CE,Federal Contract Tower,0,2,19,0,21,0,0,52,2,54,0,2,71,2,75,64,0,64,139
10/17/2004,IXD,KS,ACE,CE,Federal Contract Tower,0,5,21,0,26,0,0,49,0,49,0,5,70,0,75,54,0,54,129
10/18/2004,IXD,KS,ACE,CE,Federal Contract Tower,0,12,34,0,46,0,0,10,0,10,0,12,44,0,56,12,0,12,68
10/19/2004,IXD,KS,ACE,CE,Federal Contract Tower,0,0,36,1,37,0,0,1,1,2,0,0,37,2,39,4,0,4,43
10/20/2004,IXD,KS,ACE,CE,Federal Contract Tower,0,5,47,4,56,0,0,0,0,0,0,5,47,4,56,16,0,16,72
10/21/2004,IXD,KS,ACE,CE,Federal Contract Tower,0,5,22,1,28,0,0,0,0,0,0,5,22,1,28,4,0,4,32
10/22/2004,IXD,KS,ACE,CE,Federal Contract Tower,0,2,30,1,33,0,0,6,0,6,0,2,36,1,39,10,0,10,49
10/23/2004,IXD,KS,ACE,CE,Federal Contract Tower,0,1,23,0,24,0,0,80,0,80,0,1,103,0,104,89,0,89,193
10/24/2004,IXD,KS,ACE,CE,Federal Contract Tower,0,8,11,0,19,0,0,54,0,54,0,8,65,0,73,102,0,102,175
10/25/2004,IXD,KS,ACE,CE,Federal Contract Tower,0,7,37,1,45,0,1,55,0,56,0,8,92,1,101,102,0,102,203
10/26/2004,IXD,KS,ACE,CE,Federal Contract Tower,0,7,9,1,17,0,0,10,0,10,0,7,19,1,27,32,0,32,59
10/27/2004,IXD,KS,ACE,CE,Federal Contract Tower,0,7,25,0,32,0,0,3,0,3,0,7,28,0,35,0,0,0,35
10/28/2004,IXD,KS,ACE,CE,Federal Contract Tower,0,3,32,2,37,0,0,14,6,20,0,3,46,8,57,13,10,23,80
10/29/2004,IXD,KS,ACE,CE,Federal Contract Tower,0,1,34,4,39,0,0,10,0,10,0,1,44,4,49,22,2,24,73
10/30/2004,IXD,KS,ACE,CE,Federal Contract Tower,0,3,18,0,21,0,0,32,0,32,0,3,50,0,53,74,0,74,127
10/31/2004,IXD,KS,ACE,CE,Federal Contract Tower,0,1,22,0,23,0,0,89,0,89,0,1,111,0,112,70,0,70,182
11/01/2004,IXD,KS,ACE,CE,Federal Contract Tower,0,3,22,0,25,0,0,0,0,0,0,3,22,0,25,2,0,2,27
11/02/2004,IXD,KS,ACE,CE,Federal Contract Tower,0,4,30,0,34,0,0,39,2,41,0,4,69,2,75,60,0,60,135
11/03/2004,IXD,KS,ACE,CE,Federal Contract Tower,0,4,29,0,33,0,0,8,0,8,0,4,37,0,41,40,0,40,81
11/04/2004,IXD,KS,ACE,CE,Federal Contract Tower,0,6,31,2,39,0,0,55,1,56,0,6,86,3,95,122,0,122,217
11/05/2004,IXD,KS,ACE,CE,Federal Contract Tower,0,7,20,0,27,0,0,84,0,84,0,7,104,0,111,100,0,100,211
11/06/2004,IXD,KS,ACE,CE,Federal Contract Tower,0,2,12,0,14,0,0,64,3,67,0,2,76,3,81,102,0,102,183
11/07/2004,IXD,KS,ACE,CE,Federal Contract Tower,0,2,20,0,22,0,0,56,8,64,0,2,76,8,86,136,0,136,222
11/08/2004,IXD,KS,ACE,CE,Federal Contract Tower,0,8,15,0,23,0,0,50,2,52,0,8,65,2,75,78,0,78,153
11/09/2004,IXD,KS,ACE,CE,Federal Contract Tower,0,2,21,0,23,0,0,62,4,66,0,2,83,4,89,42,6,48,137
11/10/2004,IXD,KS,ACE,CE,Federal Contract Tower,0,7,32,0,39,0,0,38,1,39,0,7,70,1,78,54,0,54,132
11/11/2004,IXD,KS,ACE,CE,Federal Contract Tower,0,9,30,1,40,0,0,4,5,9,0,9,34,6,49,36,2,38,87
11/12/2004,IXD,KS,ACE,CE,Federal Contract Tower,0,6,22,1,29,0,0,57,0,57,0,6,79,1,86,58,2,60,146
11/13/2004,IXD,KS,ACE,CE,Federal Contract Tower,0,1,20,0,21,0,0,46,0,46,0,1,66,0,67,76,0,76,143
11/14/2004,IXD,KS,ACE,CE,Federal Contract Tower,0,3,20,0,23,0,0,31,0,31,0,3,51,0,54,79,0,79,133
11/15/2004,IXD,KS,ACE,CE,Federal Contract Tower,0,4,34,1,39,0,0,26,0,26,0,4,60,1,65,26,0,26,91
11/16/2004,IXD,KS,ACE,CE,Federal Contract Tower,0,2,40,1,43,0,0,19,3,22,0,2,59,4,65,4,0,4,69
11/17/2004,IXD,KS,ACE,CE,Federal Contract Tower,0,2,34,0,36,0,0,82,4,86,0,2,116,4,122,78,6,84,206
11/18/2004,IXD,KS,ACE,CE,Federal Contract Tower,0,4,40,0,44,0,0,0,1,1,0,4,40,1,45,35,4,39,84
11/19/2004,IXD,KS,ACE,CE,Federal Contract Tower,0,1,35,0,36,0,0,0,0,0,0,1,35,0,36,30,0,30,66
11/20/2004,IXD,KS,ACE,CE,Federal Contract Tower,0,6,21,0,27,0,0,32,1,33,0,6,53,1,60,62,4,66,126
11/21/2004,IXD,KS,ACE,CE,Federal Contract Tower,0,1,21,0,22,0,0,21,0,21,0,1,42,0,43,48,0,48,91
11/22/2004,IXD,KS,ACE,CE,Federal Contract Tower,0,3,43,2,48,0,0,0,0,0,0,3,43,2,48,10,0,10,58
11/23/2004,IXD,KS,ACE,CE,Federal Contract Tower,0,3,43,0,46,0,0,9,2,11,0,3,52,2,57,18,0,18,75
11/24/2004,IXD,KS,ACE,CE,Federal Contract Tower,0,2,25,0,27,0,0,6,0,6,0,2,31,0,33,20,0,20,53
11/25/2004,IXD,KS,ACE,CE,Federal Contract Tower,0,2,8,0,10,0,0,11,0,11,0,2,19,0,21,4,0,4,25
11/26/2004,IXD,KS,ACE,CE,Federal Contract Tower,0,3,11,0,14,0,0,26,0,26,0,3,37,0,40,84,0,84,124
11/27/2004,IXD,KS,ACE,CE,Federal Contract Tower,0,3,10,0,13,0,0,9,1,10,0,3,19,1,23,8,2,10,33
11/28/2004,IXD,KS,ACE,CE,Federal Contract Tower,0,4,20,0,24,0,0,42,0,42,0,4,62,0,66,62,0,62,128
11/29/2004,IXD,KS,ACE,CE,Federal Contract Tower,0,1,11,3,15,0,0,0,14,14,0,1,11,17,29,0,0,0,29
11/30/2004,IXD,KS,ACE,CE,Federal Contract Tower,0,4,22,0,26,0,0,19,0,19,0,4,41,0,45,0,0,0,45
12/01/2004,IXD,KS,ACE,CE,Federal Contract Tower,0,5,32,1,38,0,0,61,5,66,0,5,93,6,104,24,0,24,128
12/02/2004,IXD,KS,ACE,CE,Federal Contract Tower,0,5,47,0,52,0,0,99,0,99,0,5,146,0,151,18,0,18,169
12/03/2004,IXD,KS,ACE,CE,Federal Contract Tower,0,5,12,3,20,0,0,70,9,79,0,5,82,12,99,118,27,145,244
12/04/2004,IXD,KS,ACE,CE,Federal Contract Tower,0,0,18,1,19,0,0,77,1,78,0,0,95,2,97,90,6,96,193
12/05/2004,IXD,KS,ACE,CE,Federal Contract Tower,0,2,13,0,15,0,0,3,0,3,0,2,16,0,18,22,0,22,40
12/06/2004,IXD,KS,ACE,CE,Federal Contract Tower,0,10,28,0,38,0,0,12,0,12,0,10,40,0,50,6,0,6,56
12/07/2004,IXD,KS,ACE,CE,Federal Contract Tower,0,6,30,2,38,0,0,43,10,53,0,6,73,12,91,26,0,26,117
12/08/2004,IXD,KS,ACE,CE,Federal Contract Tower,0,5,22,1,28,0,0,48,19,67,0,5,70,20,95,48,6,54,149
12/09/2004,IXD,KS,ACE,CE,Federal Contract Tower,0,10,28,2,40,0,0,58,10,68,0,10,86,12,108,76,0,76,184
12/10/2004,IXD,KS,ACE,CE,Federal Contract Tower,0,1,30,0,31,0,1,7,4,12,0,2,37,4,43,2,0,2,45
12/11/2004,IXD,KS,ACE,CE,Federal Contract Tower,0,6,26,0,32,0,0,35,0,35,0,6,61,0,67,114,0,114,181
12/12/2004,IXD,KS,ACE,CE,Federal Contract Tower,0,3,22,0,25,0,0,31,0,31,0,3,53,0,56,88,0,88,144
12/13/2004,IXD,KS,ACE,CE,Federal Contract Tower,0,2,33,1,36,0,0,65,0,65,0,2,98,1,101,26,9,35,136
12/14/2004,IXD,KS,ACE,CE,Federal Contract Tower,0,4,48,0,52,0,0,87,6,93,0,4,135,6,145,63,4,67,212
12/15/2004,IXD,KS,ACE,CE,Federal Contract Tower,0,0,35,1,36,0,0,47,3,50,0,0,82,4,86,24,0,24,110
12/16/2004,IXD,KS,ACE,CE,Federal Contract Tower,4,8,37,0,49,0,0,43,2,45,4,8,80,2,94,54,0,54,148
12/17/2004,IXD,KS,ACE,CE,Federal Contract Tower,0,3,21,0,24,0,0,80,5,85,0,3,101,5,109,100,8,108,217
12/18/2004,IXD,KS,ACE,CE,Federal Contract Tower,0,2,25,0,27,0,0,24,0,24,0,2,49,0,51,112,0,112,163
12/19/2004,IXD,KS,ACE,CE,Federal Contract Tower,0,7,14,0,21,0,0,44,0,44,0,7,58,0,65,64,0,64,129
12/20/2004,IXD,KS,ACE,CE,Federal Contract Tower,0,0,16,0,16,0,0,67,5,72,0,0,83,5,88,10,0,10,98
12/21/2004,IXD,KS,ACE,CE,Federal Contract Tower,0,3,36,0,39,0,0,43,10,53,0,3,79,10,92,26,0,26,118
12/22/2004,IXD,KS,ACE,CE,Federal Contract Tower,0,2,18,0,20,0,1,26,8,35,0,3,44,8,55,18,0,18,73
12/23/2004,IXD,KS,ACE,CE,Federal Contract Tower,2,4,13,2,21,0,0,14,1,15,2,4,27,3,36,56,2,58,94
12/24/2004,IXD,KS,ACE,CE,Federal Contract Tower,0,0,6,0,6,0,0,30,0,30,0,0,36,0,36,52,0,52,88
12/25/2004,IXD,KS,ACE,CE,Federal Contract Tower,0,1,5,0,6,0,0,13,0,13,0,1,18,0,19,16,0,16,35
12/26/2004,IXD,KS,ACE,CE,Federal Contract Tower,0,2,14,0,16,0,0,48,0,48,0,2,62,0,64,70,0,70,134
12/27/2004,IXD,KS,ACE,CE,Federal Contract Tower,0,10,13,0,23,0,0,61,0,61,0,10,74,0,84,28,0,28,112
12/28/2004,IXD,KS,ACE,CE,Federal Contract Tower,0,0,18,0,18,0,0,38,2,40,0,0,56,2,58,80,0,80,138
12/29/2004,IXD,KS,ACE,CE,Federal Contract Tower,0,2,19,0,21,0,2,17,2,21,0,4,36,2,42,22,0,22,64
12/30/2004,IXD,KS,ACE,CE,Federal Contract Tower,0,6,11,0,17,0,0,17,0,17,0,6,28,0,34,4,0,4,38
12/31/2004,IXD,KS,ACE,CE,Federal Contract Tower,0,3,31,0,34,0,0,61,0,61,0,3,92,0,95,164,0,164,259
01/01/2005,IXD,KS,ACE,CE,Federal Contract Tower,0,0,8,0,8,0,0,0,0,0,0,0,8,0,8,16,0,16,24
01/02/2005,IXD,KS,ACE,CE,Federal Contract Tower,0,1,14,0,15,0,0,0,0,0,0,1,14,0,15,4,0,4,19
01/03/2005,IXD,KS,ACE,CE,Federal Contract Tower,0,0,18,0,18,0,0,0,0,0,0,0,18,0,18,0,0,0,18
01/04/2005,IXD,KS,ACE,CE,Federal Contract Tower,0,0,8,0,8,0,0,1,0,1,0,0,9,0,9,0,0,0,9
01/05/2005,IXD,KS,ACE,CE,Federal Contract Tower,0,2,10,0,12,0,0,0,2,2,0,2,10,2,14,0,0,0,14
01/06/2005,IXD,KS,ACE,CE,Federal Contract Tower,0,3,13,1,17,0,0,4,4,8,0,3,17,5,25,6,0,6,31
01/07/2005,IXD,KS,ACE,CE,Federal Contract Tower,0,2,32,0,34,0,0,4,0,4,0,2,36,0,38,8,0,8,46
01/08/2005,IXD,KS,ACE,CE,Federal Contract Tower,0,3,10,0,13,0,1,0,0,1,0,4,10,0,14,10,0,10,24
01/09/2005,IXD,KS,ACE,CE,Federal Contract Tower,0,0,23,0,23,0,1,6,0,7,0,1,29,0,30,24,0,24,54
01/10/2005,IXD,KS,ACE,CE,Federal Contract Tower,0,2,10,1,13,0,0,0,0,0,0,2,10,1,13,0,0,0,13
01/11/2005,IXD,KS,ACE,CE,Federal Contract Tower,0,0,14,1,15,0,2,0,0,2,0,2,14,1,17,0,0,0,17
01/12/2005,IXD,KS,ACE,CE,Federal Contract Tower,0,6,11,0,17,0,0,0,0,0,0,6,11,0,17,0,0,0,17
01/13/2005,IXD,KS,ACE,CE,Federal Contract Tower,0,8,35,2,45,0,0,35,17,52,0,8,70,19,97,26,2,28,125
01/14/2005,IXD,KS,ACE,CE,Federal Contract Tower,0,6,26,0,32,0,0,42,2,44,0,6,68,2,76,58,0,58,134
01/15/2005,IXD,KS,ACE,CE,Federal Contract Tower,0,3,19,0,22,0,0,1,0,1,0,3,20,0,23,58,0,58,81
01/16/2005,IXD,KS,ACE,CE,Federal Contract Tower,0,12,6,0,18,0,0,5,0,5,0,12,11,0,23,30,0,30,53
01/17/2005,IXD,KS,ACE,CE,Federal Contract Tower,0,6,13,0,19,0,0,10,0,10,0,6,23,0,29,30,0,30,59
01/18/2005,IXD,KS,ACE,CE,Federal Contract Tower,0,3,15,0,18,0,0,46,2,48,0,3,61,2,66,34,16,50,116
01/19/2005,IXD,KS,ACE,CE,Federal Contract Tower,0,5,29,4,38,0,0,50,2,52,0,5,79,6,90,66,0,66,156
01/20/2005,IXD,KS,ACE,CE,Federal Contract Tower,0,4,44,2,50,0,1,69,5,75,0,5,113,7,125,58,0,58,183
01/21/2005,IXD,KS,ACE,CE,Federal Contract Tower,0,1,5,0,6,0,0,0,0,0,0,1,5,0,6,4,0,4,10
01/22/2005,IXD,KS,ACE,CE,Federal Contract Tower,0,2,3,0,5,0,0,8,0,8,0,2,11,0,13,8,0,8,21
01/23/2005,IXD,KS,ACE,CE,Federal Contract Tower,0,4,10,0,14,0,0,34,0,34,0,4,44,0,48,72,0,72,120
01/24/2005,IXD,KS,ACE,CE,Federal Contract Tower,0,5,20,2,27,0,2,75,3,80,0,7,95,5,107,113,0,113,220
01/25/2005,IXD,KS,ACE,CE,Federal Contract Tower,0,1,48,6,55,0,0,108,2,110,0,1,156,8,165,148,0,148,313
01/26/2005,IXD,KS,ACE,CE,Federal Contract Tower,0,3,34,0,37,0,0,30,6,36,0,3,64,6,73,80,0,80,153
01/27/2005,IXD,KS,ACE,CE,Federal Contract Tower,0,6,19,2,27,0,0,33,6,39,0,6,52,8,66,8,0,8,74
01/28/2005,IXD,KS,ACE,CE,Federal Contract Tower,0,0,27,1,28,0,2,34,1,37,0,2,61,2,65,20,12,32,97
01/29/2005,IXD,KS,ACE,CE,Federal Contract Tower,0,1,12,0,13,0,0,0,0,0,0,1,12,0,13,12,0,12,25
01/30/2005,IXD,KS,ACE,CE,Federal Contract Tower,0,3,11,0,14,0,0,0,0,0,0,3,11,0,14,14,0,14,28
01/31/2005,IXD,KS,ACE,CE,Federal Contract Tower,0,2,19,0,21,0,0,0,0,0,0,2,19,0,21,4,0,4,25
02/01/2005,IXD,KS,ACE,CE,Federal Contract Tower,0,3,26,0,29,0,0,27,0,27,0,3,53,0,56,74,0,74,130
02/02/2005,IXD,KS,ACE,CE,Federal Contract Tower,0,6,35,1,42,0,0,39,4,43,0,6,74,5,85,56,0,56,141
02/03/2005,IXD,KS,ACE,CE,Federal Contract Tower,0,5,24,0,29,0,0,73,4,77,0,5,97,4,106,60,0,60,166
02/04/2005,IXD,KS,ACE,CE,Federal Contract Tower,0,3,44,0,47,0,0,60,20,80,0,3,104,20,127,116,0,116,243
02/05/2005,IXD,KS,ACE,CE,Federal Contract Tower,0,3,14,4,21,0,0,65,18,83,0,3,79,22,104,145,2,147,251
02/06/2005,IXD,KS,ACE,CE,Federal Contract Tower,0,7,9,0,16,0,0,0,0,0,0,7,9,0,16,2,0,2,18
02/07/2005,IXD,KS,ACE,CE,Federal Contract Tower,0,3,11,1,15,0,0,0,0,0,0,3,11,1,15,0,0,0,15
02/08/2005,IXD,KS,ACE,CE,Federal Contract Tower,0,2,6,0,8,0,0,2,2,4,0,2,8,2,12,0,8,8,20
02/09/2005,IXD,KS,ACE,CE,Federal Contract Tower,0,0,15,1,16,0,0,34,19,53,0,0,49,20,69,16,4,20,89
02/10/2005,IXD,KS,ACE,CE,Federal Contract Tower,0,3,38,2,43,0,0,52,8,60,0,3,90,10,103,29,0,29,132
02/11/2005,IXD,KS,ACE,CE,Federal Contract Tower,0,3,25,2,30,0,1,67,1,69,0,4,92,3,99,150,2,152,251
02/12/2005,IXD,KS,ACE,CE,Federal Contract Tower,0,4,15,1,20,0,0,29,3,32,0,4,44,4,52,84,0,84,136
02/13/2005,IXD,KS,ACE,CE,Federal Contract Tower,0,3,7,0,10,0,0,0,0,0,0,3,7,0,10,0,0,0,10
02/14/2005,IXD,KS,ACE,CE,Federal Contract Tower,0,3,35,1,39,0,0,76,2,78,0,3,111,3,117,76,2,78,195
02/15/2005,IXD,KS,ACE,CE,Federal Contract Tower,0,9,33,0,42,0,3,68,1,72,0,12,101,1,114,94,0,94,208
02/16/2005,IXD,KS,ACE,CE,Federal Contract Tower,0,8,33,0,41,0,0,61,7,68,0,8,94,7,109,104,0,104,213
02/17/2005,IXD,KS,ACE,CE,Federal Contract Tower,0,4,34,0,38,0,0,37,6,43,0,4,71,6,81,78,2,80,161
02/18/2005,IXD,KS,ACE,CE,Federal Contract Tower,0,2,38,0,40,0,0,61,1,62,0,2,99,1,102,104,0,104,206
02/19/2005,IXD,KS,ACE,CE,Federal Contract Tower,0,3,12,0,15,0,0,2,0,2,0,3,14,0,17,0,0,0,17
02/20/2005,IXD,KS,ACE,CE,Federal Contract Tower,0,3,13,0,16,0,0,14,0,14,0,3,27,0,30,42,0,42,72
02/21/2005,IXD,KS,ACE,CE,Federal Contract Tower,0,0,24,0,24,0,0,0,0,0,0,0,24,0,24,4,0,4,28
02/22/2005,IXD,KS,ACE,CE,Federal Contract Tower,0,5,42,0,47,0,1,23,2,26,0,6,65,2,73,60,18,78,151
02/23/2005,IXD,KS,ACE,CE,Federal Contract Tower,2,5,25,0,32,0,1,34,0,35,2,6,59,0,67,26,0,26,93
02/24/2005,IXD,KS,ACE,CE,Federal Contract Tower,0,1,32,0,33,0,0,24,21,45,0,1,56,21,78,80,10,90,168
02/25/2005,IXD,KS,ACE,CE,Federal Contract Tower,0,6,23,0,29,0,0,59,3,62,0,6,82,3,91,162,0,162,253
02/26/2005,IXD,KS,ACE,CE,Federal Contract Tower,0,0,29,0,29,0,0,47,0,47,0,0,76,0,76,155,0,155,231
02/27/2005,IXD,KS,ACE,CE,Federal Contract Tower,0,3,11,0,14,0,0,0,0,0,0,3,11,0,14,18,0,18,32
02/28/2005,IXD,KS,ACE,CE,Federal Contract Tower,0,0,20,3,23,0,0,17,1,18,0,0,37,4,41,8,4,12,53
03/01/2005,IXD,KS,ACE,CE,Federal Contract Tower,0,4,27,0,31,0,0,67,2,69,0,4,94,2,100,66,0,66,166
03/02/2005,IXD,KS,ACE,CE,Federal Contract Tower,0,7,15,2,24,0,0,66,1,67,0,7,81,3,91,114,0,114,205
03/03/2005,IXD,KS,ACE,CE,Federal Contract Tower,0,6,28,0,34,0,2,53,8,63,0,8,81,8,97,34,6,40,137
03/04/2005,IXD,KS,ACE,CE,Federal Contract Tower,0,4,41,0,45,0,0,49,9,58,0,4,90,9,103,130,11,141,244
03/05/2005,IXD,KS,ACE,CE,Federal Contract Tower,0,0,18,0,18,0,0,60,15,75,0,0,78,15,93,136,2,138,231
03/06/2005,IXD,KS,ACE,CE,Federal Contract Tower,0,2,16,3,21,0,0,31,7,38,0,2,47,10,59,118,0,118,177
03/07/2005,IXD,KS,ACE,CE,Federal Contract Tower,0,2,17,1,20,0,0,25,12,37,0,2,42,13,57,66,10,76,133
03/08/2005,IXD,KS,ACE,CE,Federal Contract Tower,2,5,35,3,45,0,0,28,2,30,2,5,63,5,75,74,0,74,149
03/09/2005,IXD,KS,ACE,CE,Federal Contract Tower,0,9,26,0,35,0,0,53,7,60,0,9,79,7,95,136,0,136,231
03/10/2005,IXD,KS,ACE,CE,Federal Contract Tower,0,7,33,0,40,0,0,21,4,25,0,7,54,4,65,28,0,28,93
03/11/2005,IXD,KS,ACE,CE,Federal Contract Tower,0,3,23,0,26,0,0,48,6,54,0,3,71,6,80,10,0,10,90
03/12/2005,IXD,KS,ACE,CE,Federal Contract Tower,0,6,26,0,32,0,0,56,2,58,0,6,82,2,90,140,0,140,230
03/13/2005,IXD,KS,ACE,CE,Federal Contract Tower,0,2,16,0,18,0,0,40,0,40,0,2,56,0,58,62,0,62,120
03/14/2005,IXD,KS,ACE,CE,Federal Contract Tower,0,3,18,0,21,0,0,50,6,56,0,3,68,6,77,44,0,44,121
03/15/2005,IXD,KS,ACE,CE,Federal Contract Tower,0,1,24,1,26,0,0,48,4,52,0,1,72,5,78,50,44,94,172
03/16/2005,IXD,KS,ACE,CE,Federal Contract Tower,0,9,21,0,30,0,1,50,6,57,0,10,71,6,87,68,8,76,163
03/17/2005,IXD,KS,ACE,CE,Federal Contract Tower,0,5,12,2,19,0,0,53,12,65,0,5,65,14,84,94,12,106,190
03/18/2005,IXD,KS,ACE,CE,Federal Contract Tower,0,2,22,0,24,0,0,26,0,26,0,2,48,0,50,20,0,20,70
03/19/2005,IXD,KS,ACE,CE,Federal Contract Tower,0,3,15,0,18,0,0,43,3,46,0,3,58,3,64,52,4,56,120
03/20/2005,IXD,KS,ACE,CE,Federal Contract Tower,0,8,19,1,28,0,0,30,1,31,0,8,49,2,59,74,0,74,133
03/21/2005,IXD,KS,ACE,CE,Federal Contract Tower,0,11,15,1,27,0,0,4,5,9,0,11,19,6,36,10,0,10,46
03/22/2005,IXD,KS,ACE,CE,Federal Contract Tower,0,3,17,0,20,0,0,0,0,0,0,3,17,0,20,0,0,0,20
03/23/2005,IXD,KS,ACE,CE,Federal Contract Tower,0,4,34,1,39,0,0,14,5,19,0,4,48,6,58,110,4,114,172
03/24/2005,IXD,KS,ACE,CE,Federal Contract Tower,0,3,37,4,44,0,0,1,0,1,0,3,38,4,45,34,15,49,94
03/25/2005,IXD,KS,ACE,CE,Federal Contract Tower,0,1,23,2,26,0,0,0,0,0,0,1,23,2,26,0,0,0,26
03/26/2005,IXD,KS,ACE,CE,Federal Contract Tower,0,1,27,0,28,0,0,11,1,12,0,1,38,1,40,32,0,32,72
03/27/2005,IXD,KS,ACE,CE,Federal Contract Tower,0,3,14,0,17,0,0,27,0,27,0,3,41,0,44,52,0,52,96
03/28/2005,IXD,KS,ACE,CE,Federal Contract Tower,0,1,30,6,37,0,0,76,2,78,0,1,106,8,115,165,2,167,282
03/29/2005,IXD,KS,ACE,CE,Federal Contract Tower,0,3,18,0,21,0,0,43,0,43,0,3,61,0,64,48,2,50,114
03/30/2005,IXD,KS,ACE,CE,Federal Contract Tower,0,5,18,0,23,0,0,12,0,12,0,5,30,0,35,16,0,16,51
03/31/2005,IXD,KS,ACE,CE,Federal Contract Tower,0,3,36,1,40,0,0,87,6,93,0,3,123,7,133,94,0,94,227
04/01/2005,IXD,KS,ACE,CE,Federal Contract Tower,0,7,22,2,31,0,0,50,10,60,0,7,72,12,91,66,4,70,161
04/02/2005,IXD,KS,ACE,CE,Federal Contract Tower,0,10,31,1,42,0,0,58,3,61,0,10,89,4,103,154,8,162,265
04/03/2005,IXD,KS,ACE,CE,Federal Contract Tower,0,3,21,0,24,0,0,40,10,50,0,3,61,10,74,104,0,104,178
04/04/2005,IXD,KS,ACE,CE,Federal Contract Tower,0,5,27,0,32,0,0,59,4,63,0,5,86,4,95,78,4,82,177
04/05/2005,IXD,KS,ACE,CE,Federal Contract Tower,0,9,19,1,29,0,0,30,2,32,0,9,49,3,61,38,0,38,99
04/06/2005,IXD,KS,ACE,CE,Federal Contract Tower,0,5,21,3,29,0,0,47,0,47,0,5,68,3,76,52,0,52,128
04/07/2005,IXD,KS,ACE,CE,Federal Contract Tower,0,10,48,0,58,0,0,16,3,19,0,10,64,3,77,20,0,20,97
04/08/2005,IXD,KS,ACE,CE,Federal Contract Tower,0,6,27,0,33,0,0,90,0,90,0,6,117,0,123,98,0,98,221
04/09/2005,IXD,KS,ACE,CE,Federal Contract Tower,0,9,13,0,22,0,0,70,0,70,0,9,83,0,92,126,0,126,218
04/10/2005,IXD,KS,ACE,CE,Federal Contract Tower,0,4,11,0,15,0,0,28,0,28,0,4,39,0,43,100,0,100,143
04/11/2005,IXD,KS,ACE,CE,Federal Contract Tower,0,0,19,0,19,0,0,25,0,25,0,0,44,0,44,32,0,32,76
04/12/2005,IXD,KS,ACE,CE,Federal Contract Tower,0,6,35,0,41,0,0,8,0,8,0,6,43,0,49,26,0,26,75
04/13/2005,IXD,KS,ACE,CE,Federal Contract Tower,1,8,32,0,41,0,0,36,1,37,1,8,68,1,78,73,0,73,151
04/14/2005,IXD,KS,ACE,CE,Federal Contract Tower,1,8,35,3,47,0,1,146,2,149,1,9,181,5,196,54,0,54,250
04/15/2005,IXD,KS,ACE,CE,Federal Contract Tower,0,1,18,0,19,0,0,94,3,97,0,1,112,3,116,75,8,83,199
04/16/2005,IXD,KS,ACE,CE,Federal Contract Tower,0,0,8,0,8,0,0,78,5,83,0,0,86,5,91,60,0,60,151
04/17/2005,IXD,KS,ACE,CE,Federal Contract Tower,0,2,14,0,16,0,0,34,4,38,0,2,48,4,54,66,0,66,120
04/18/2005,IXD,KS,ACE,CE,Federal Contract Tower,0,4,28,0,32,0,0,28,1,29,0,4,56,1,61,40,0,40,101
04/19/2005,IXD,KS,ACE,CE,Federal Contract Tower,1,5,30,2,38,0,0,51,0,51,1,5,81,2,89,74,44,118,207
04/20/2005,IXD,KS,ACE,CE,Federal Contract Tower,0,7,43,0,50,0,0,94,2,96,0,7,137,2,146,54,0,54,200
04/21/2005,IXD,KS,ACE,CE,Federal Contract Tower,0,6,27,0,33,0,1,50,0,51,0,7,77,0,84,10,0,10,94
04/22/2005,IXD,KS,ACE,CE,Federal Contract Tower,0,6,27,0,33,0,0,43,0,43,0,6,70,0,76,16,0,16,92
04/23/2005,IXD,KS,ACE,CE,Federal Contract Tower,0,9,11,0,20,0,0,41,2,43,0,9,52,2,63,48,0,48,111
04/24/2005,IXD,KS,ACE,CE,Federal Contract Tower,0,7,19,0,26,0,0,65,3,68,0,7,84,3,94,98,0,98,192
04/25/2005,IXD,KS,ACE,CE,Federal Contract Tower,0,4,24,0,28,0,0,12,0,12,0,4,36,0,40,24,0,24,64
04/26/2005,IXD,KS,ACE,CE,Federal Contract Tower,0,3,28,0,31,0,0,61,6,67,0,3,89,6,98,70,0,70,168
04/27/2005,IXD,KS,ACE,CE,Federal Contract Tower,0,7,30,0,37,0,0,132,2,134,0,7,162,2,171,76,0,76,247
04/28/2005,IXD,KS,ACE,CE,Federal Contract Tower,0,8,50,0,58,0,0,84,0,84,0,8,134,0,142,54,0,54,196
04/29/2005,IXD,KS,ACE,CE,Federal Contract Tower,0,11,27,0,38,0,0,23,3,26,0,11,50,3,64,24,0,24,88
04/30/2005,IXD,KS,ACE,CE,Federal Contract Tower,0,2,24,0,26,0,0,121,0,121,0,2,145,0,147,124,0,124,271
05/01/2005,IXD,KS,ACE,CE,Federal Contract Tower,0,8,27,0,35,0,0,31,0,31,0,8,58,0,66,78,0,78,144
05/02/2005,IXD,KS,ACE,CE,Federal Contract Tower,2,2,30,0,34,0,0,61,0,61,2,2,91,0,95,68,0,68,163
05/03/2005,IXD,KS,ACE,CE,Federal Contract Tower,0,2,30,0,32,0,0,85,4,89,0,2,115,4,121,180,0,180,301
05/04/2005,IXD,KS,ACE,CE,Federal Contract Tower,0,5,33,0,38,0,0,67,2,69,0,5,100,2,107,88,2,90,197
05/05/2005,IXD,KS,ACE,CE,Federal Contract Tower,0,2,35,1,38,0,0,98,0,98,0,2,133,1,136,32,0,32,168
05/06/2005,IXD,KS,ACE,CE,Federal Contract Tower,0,9,24,0,33,0,0,50,3,53,0,9,74,3,86,58,0,58,144
05/07/2005,IXD,KS,ACE,CE,Federal Contract Tower,0,0,5,0,5,0,0,45,12,57,0,0,50,12,62,50,0,50,112
05/08/2005,IXD,KS,ACE,CE,Federal Contract Tower,0,3,9,0,12,0,0,11,7,18,0,3,20,7,30,20,0,20,50
05/09/2005,IXD,KS,ACE,CE,Federal Contract Tower,0,6,34,2,42,0,1,49,3,53,0,7,83,5,95,148,0,148,243
05/10/2005,IXD,KS,ACE,CE,Federal Contract Tower,0,3,21,0,24,0,0,52,4,56,0,3,73,4,80,92,0,92,172
05/11/2005,IXD,KS,ACE,CE,Federal Contract Tower,0,9,30,0,39,0,0,56,7,63,0,9,86,7,102,40,0,40,142
05/12/2005,IXD,KS,ACE,CE,Federal Contract Tower,0,5,24,2,31,0,0,40,0,40,0,5,64,2,71,90,0,90,161
05/13/2005,IXD,KS,ACE,CE,Federal Contract Tower,0,3,20,0,23,0,0,24,0,24,0,3,44,0,47,42,0,42,89
05/14/2005,IXD,KS,ACE,CE,Federal Contract Tower,0,2,17,0,19,0,0,71,2,73,0,2,88,2,92,94,0,94,186
05/15/2005,IXD,KS,ACE,CE,Federal Contract Tower,0,1,16,0,17,0,0,51,0,51,0,1,67,0,68,166,0,166,234
05/16/2005,IXD,KS,ACE,CE,Federal Contract Tower,0,8,21,0,29,0,1,37,0,38,0,9,58,0,67,86,0,86,153
05/17/2005,IXD,KS,ACE,CE,Federal Contract Tower,0,5,19,0,24,0,0,58,1,59,0,5,77,1,83,42,0,42,125
05/18/2005,IXD,KS,ACE,CE,Federal Contract Tower,0,2,39,0,41,0,0,63,0,63,0,2,102,0,104,50,0,50,154
05/19/2005,IXD,KS,ACE,CE,Federal Contract Tower,2,2,39,0,43,0,0,79,4,83,2,2,118,4,126,186,2,188,314
05/20/2005,IXD,KS,ACE,CE,Federal Contract Tower,0,0,16,1,17,0,0,63,2,65,0,0,79,3,82,158,0,158,240
05/21/2005,IXD,KS,ACE,CE,Federal Contract Tower,0,4,11,0,15,0,0,85,3,88,0,4,96,3,103,112,0,112,215
05/22/2005,IXD,KS,ACE,CE,Federal Contract Tower,0,4,12,1,17,0,0,63,1,64,0,4,75,2,81,76,2,78,159
05/23/2005,IXD,KS,ACE,CE,Federal Contract Tower,0,5,31,0,36,0,0,75,2,77,0,5,106,2,113,124,0,124,237
05/24/2005,IXD,KS,ACE,CE,Federal Contract Tower,0,5,32,2,39,0,0,69,0,69,0,5,101,2,108,126,0,126,234
05/25/2005,IXD,KS,ACE,CE,Federal Contract Tower,0,5,40,0,45,0,0,82,0,82,0,5,122,0,127,94,0,94,221
05/26/2005,IXD,KS,ACE,CE,Federal Contract Tower,2,0,29,1,32,0,1,80,3,84,2,1,109,4,116,161,0,161,277
05/27/2005,IXD,KS,ACE,CE,Federal Contract Tower,0,1,29,0,30,0,0,69,1,70,0,1,98,1,100,104,14,118,218
05/28/2005,IXD,KS,ACE,CE,Federal Contract Tower,0,0,10,0,10,0,0,67,0,67,0,0,77,0,77,110,0,110,187
05/29/2005,IXD,KS,ACE,CE,Federal Contract Tower,0,0,10,0,10,0,0,26,0,26,0,0,36,0,36,68,0,68,104
05/30/2005,IXD,KS,ACE,CE,Federal Contract Tower,0,2,11,0,13,0,0,43,0,43,0,2,54,0,56,110,0,110,166
05/31/2005,IXD,KS,ACE,CE,Federal Contract Tower,0,6,22,0,28,0,0,38,2,40,0,6,60,2,68,52,0,52,120
06/01/2005,IXD,KS,ACE,CE,Federal Contract Tower,0,4,22,0,26,0,7,31,2,40,0,11,53,2,66,36,0,36,102
06/02/2005,IXD,KS,ACE,CE,Federal Contract Tower,0,6,19,0,25,0,0,113,3,116,0,6,132,3,141,98,0,98,239
06/03/2005,IXD,KS,ACE,CE,Federal Contract Tower,0,4,20,0,24,0,0,19,0,19,0,4,39,0,43,18,0,18,61
06/04/2005,IXD,KS,ACE,CE,Federal Contract Tower,0,0,11,0,11,0,0,51,2,53,0,0,62,2,64,18,0,18,82
06/05/2005,IXD,KS,ACE,CE,Federal Contract Tower,0,6,14,3,23,0,1,58,10,69,0,7,72,13,92,154,4,158,250
06/06/2005,IXD,KS,ACE,CE,Federal Contract Tower,0,3,32,0,35,0,0,81,0,81,0,3,113,0,116,126,0,126,242
06/07/2005,IXD,KS,ACE,CE,Federal Contract Tower,0,2,27,0,29,0,0,71,2,73,0,2,98,2,102,106,0,106,208
06/08/2005,IXD,KS,ACE,CE,Federal Contract Tower,0,16,26,0,42,0,0,62,0,62,0,16,88,0,104,56,0,56,160
06/09/2005,IXD,KS,ACE,CE,Federal Contract Tower,0,7,29,0,36,0,0,34,1,35,0,7,63,1,71,72,0,72,143
06/10/2005,IXD,KS,ACE,CE,Federal Contract Tower,0,7,32,0,39,0,0,63,3,66,0,7,95,3,105,68,0,68,173
06/11/2005,IXD,KS,ACE,CE,Federal Contract Tower,0,1,7,0,8,0,0,24,1,25,0,1,31,1,33,90,0,90,123
06/12/2005,IXD,KS,ACE,CE,Federal Contract Tower,0,16,18,1,35,0,0,23,2,25,0,16,41,3,60,26,0,26,86
06/13/2005,IXD,KS,ACE,CE,Federal Contract Tower,0,13,34,0,47,0,0,55,1,56,0,13,89,1,103,44,0,44,147
06/14/2005,IXD,KS,ACE,CE,Federal Contract Tower,0,6,40,0,46,0,0,66,0,66,0,6,106,0,112,80,0,80,192
06/15/2005,IXD,KS,ACE,CE,Federal Contract Tower,0,9,21,0,30,0,0,107,4,111,0,9,128,4,141,60,0,60,201
06/16/2005,IXD,KS,ACE,CE,Federal Contract Tower,0,7,49,1,57,0,0,76,2,78,0,7,125,3,135,54,0,54,189
06/17/2005,IXD,KS,ACE,CE,Federal Contract Tower,0,4,29,0,33,0,0,60,2,62,0,4,89,2,95,42,0,42,137
06/18/2005,IXD,KS,ACE,CE,Federal Contract Tower,0,0,9,0,9,0,0,84,1,85,0,0,93,1,94,64,0,64,158
06/19/2005,IXD,KS,ACE,CE,Federal Contract Tower,0,2,12,0,14,0,1,32,0,33,0,3,44,0,47,39,0,39,86
06/20/2005,IXD,KS,ACE,CE,Federal Contract Tower,0,0,23,0,23,0,1,68,4,73,0,1,91,4,96,98,0,98,194
06/21/2005,IXD,KS,ACE,CE,Federal Contract Tower,0,8,29,0,37,0,1,43,2,46,0,9,72,2,83,30,0,30,113
06/22/2005,IXD,KS,ACE,CE,Federal Contract Tower,0,9,20,0,29,0,0,75,0,75,0,9,95,0,104,16,0,16,120
06/23/2005,IXD,KS,ACE,CE,Federal Contract Tower,0,11,28,1,40,0,0,62,6,68,0,11,90,7,108,54,0,54,162
06/24/2005,IXD,KS,ACE,CE,Federal Contract Tower,0,2,18,0,20,0,1,62,4,67,0,3,80,4,87,21,4,25,112
06/25/2005,IXD,KS,ACE,CE,Federal Contract Tower,0,0,14,0,14,0,0,57,0,57,0,0,71,0,71,54,0,54,125
06/26/2005,IXD,KS,ACE,CE,Federal Contract Tower,0,4,2,0,6,0,0,39,0,39,0,4,41,0,45,104,0,104,149
06/27/2005,IXD,KS,ACE,CE,Federal Contract Tower,0,3,27,0,30,0,2,44,0,46,0,5,71,0,76,46,0,46,122
06/28/2005,IXD,KS,ACE,CE,Federal Contract Tower,0,6,23,0,29,0,0,38,0,38,0,6,61,0,67,4,0,4,71
06/29/2005,IXD,KS,ACE,CE,Federal Contract Tower,0,5,27,0,32,0,0,64,0,64,0,5,91,0,96,34,0,34,130
06/30/2005,IXD,KS,ACE,CE,Federal Contract Tower,0,7,18,0,25,0,0,31,0,31,0,7,49,0,56,4,0,4,60
07/01/2005,IXD,KS,ACE,CE,Federal Contract Tower,0,7,35,2,44,0,0,81,1,82,0,7,116,3,126,22,2,24,150
07/02/2005,IXD,KS,ACE,CE,Federal Contract Tower,0,5,12,0,17,0,0,45,1,46,0,5,57,1,63,28,0,28,91
07/03/2005,IXD,KS,ACE,CE,Federal Contract Tower,0,2,2,0,4,0,0,9,0,9,0,2,11,0,13,18,0,18,31
07/04/2005,IXD,KS,ACE,CE,Federal Contract Tower,0,2,3,0,5,0,0,29,0,29,0,2,32,0,34,26,0,26,60
07/05/2005,IXD,KS,ACE,CE,Federal Contract Tower,0,2,24,0,26,0,0,81,0,81,0,2,105,0,107,40,0,40,147
07/06/2005,IXD,KS,ACE,CE,Federal Contract Tower,0,7,15,0,22,0,0,73,0,73,0,7,88,0,95,10,0,10,105
07/07/2005,IXD,KS,ACE,CE,Federal Contract Tower,0,6,36,0,42,0,1,40,4,45,0,7,76,4,87,4,0,4,91
07/08/2005,IXD,KS,ACE,CE,Federal Contract Tower,0,4,25,0,29,0,1,36,1,38,0,5,61,1,67,28,0,28,95
07/09/2005,IXD,KS,ACE,CE,Federal Contract Tower,0,1,10,0,11,0,0,49,4,53,0,1,59,4,64,70,4,74,138
07/10/2005,IXD,KS,ACE,CE,Federal Contract Tower,0,3,17,1,21,0,0,18,7,25,0,3,35,8,46,22,0,22,68
07/11/2005,IXD,KS,ACE,CE,Federal Contract Tower,0,5,26,4,35,0,0,30,4,34,0,5,56,8,69,64,8,72,141
07/12/2005,IXD,KS,ACE,CE,Federal Contract Tower,0,7,17,0,24,0,0,67,2,69,0,7,84,2,93,34,0,34,127
07/13/2005,IXD,KS,ACE,CE,Federal Contract Tower,0,6,19,0,25,0,0,73,0,73,0,6,92,0,98,18,0,18,116
07/14/2005,IXD,KS,ACE,CE,Federal Contract Tower,0,3,26,3,32,0,0,90,8,98,0,3,116,11,130,52,16,68,198
07/15/2005,IXD,KS,ACE,CE,Federal Contract Tower,0,0,30,0,30,0,0,52,1,53,0,0,82,1,83,26,0,26,109
07/16/2005,IXD,KS,ACE,CE,Federal Contract Tower,0,0,12,0,12,0,0,166,2,168,0,0,178,2,180,138,0,138,318
07/17/2005,IXD,KS,ACE,CE,Federal Contract Tower,0,3,11,0,14,0,0,99,0,99,0,3,110,0,113,168,0,168,281
07/18/2005,IXD,KS,ACE,CE,Federal Contract Tower,0,1,17,0,18,0,0,61,0,61,0,1,78,0,79,12,0,12,91
07/19/2005,IXD,KS,ACE,CE,Federal Contract Tower,0,2,22,0,24,0,0,43,2,45,0,2,65,2,69,24,0,24,93
07/20/2005,IXD,KS,ACE,CE,Federal Contract Tower,0,5,49,0,54,0,0,65,2,67,0,5,114,2,121,20,0,20,141
07/21/2005,IXD,KS,ACE,CE,Federal Contract Tower,0,4,32,1,37,0,1,63,1,65,0,5,95,2,102,74,0,74,176
07/22/2005,IXD,KS,ACE,CE,Federal Contract Tower,0,0,17,1,18,0,0,77,2,79,0,0,94,3,97,2,0,2,99
07/23/2005,IXD,KS,ACE,CE,Federal Contract Tower,0,0,14,0,14,0,0,71,2,73,0,0,85,2,87,64,0,64,151
07/24/2005,IXD,KS,ACE,CE,Federal Contract Tower,0,0,18,0,18,0,0,31,0,31,0,0,49,0,49,28,0,28,77
07/25/2005,IXD,KS,ACE,CE,Federal Contract Tower,0,0,13,1,14,0,0,45,4,49,0,0,58,5,63,18,0,18,81
07/26/2005,IXD,KS,ACE,CE,Federal Contract Tower,0,0,29,0,29,0,0,27,4,31,0,0,56,4,60,0,0,0,60
07/27/2005,IXD,KS,ACE,CE,Federal Contract Tower,0,0,34,0,34,0,0,33,4,37,0,0,67,4,71,8,0,8,79
07/28/2005,IXD,KS,ACE,CE,Federal Contract Tower,0,0,26,0,26,0,0,61,5,66,0,0,87,5,92,22,0,22,114
07/29/2005,IXD,KS,ACE,CE,Federal Contract Tower,0,2,35,2,39,0,0,44,5,49,0,2,79,7,88,20,14,34,122
07/30/2005,IXD,KS,ACE,CE,Federal Contract Tower,0,6,8,0,14,0,1,57,2,60,0,7,65,2,74,32,0,32,106
07/31/2005,IXD,KS,ACE,CE,Federal Contract Tower,0,2,16,0,18,0,0,56,1,57,0,2,72,1,75,26,0,26,101
08/01/2005,IXD,KS,ACE,CE,Federal Contract Tower,0,4,13,0,17,0,0,49,0,49,0,4,62,0,66,10,0,10,76
08/02/2005,IXD,KS,ACE,CE,Federal Contract Tower,0,0,19,0,19,0,0,46,0,46,0,0,65,0,65,36,6,42,107
08/03/2005,IXD,KS,ACE,CE,Federal Contract Tower,0,5,29,0,34,0,0,54,2,56,0,5,83,2,90,10,0,10,100
08/04/2005,IXD,KS,ACE,CE,Federal Contract Tower,0,3,26,0,29,0,0,46,2,48,0,3,72,2,77,12,6,18,95
08/05/2005,IXD,KS,ACE,CE,Federal Contract Tower,0,3,17,2,22,0,0,33,4,37,0,3,50,6,59,14,10,24,83
08/06/2005,IXD,KS,ACE,CE,Federal Contract Tower,0,2,11,0,13,0,0,52,9,61,0,2,63,9,74,38,4,42,116
08/07/2005,IXD,KS,ACE,CE,Federal Contract Tower,0,2,8,0,10,0,0,30,2,32,0,2,38,2,42,20,0,20,62
08/08/2005,IXD,KS,ACE,CE,Federal Contract Tower,0,3,16,0,19,0,0,51,1,52,0,3,67,1,71,4,0,4,75
08/09/2005,IXD,KS,ACE,CE,Federal Contract Tower,0,4,35,0,39,0,0,51,7,58,0,4,86,7,97,10,0,10,107
08/10/2005,IXD,KS,ACE,CE,Federal Contract Tower,0,2,33,0,35,0,0,31,7,38,0,2,64,7,73,14,4,18,91
08/11/2005,IXD,KS,ACE,CE,Federal Contract Tower,0,3,16,0,19,0,0,82,4,86,0,3,98,4,105,28,4,32,137
08/12/2005,IXD,KS,ACE,CE,Federal Contract Tower,0,2,11,0,13,0,0,27,5,32,0,2,38,5,45,6,2,8,53
08/13/2005,IXD,KS,ACE,CE,Federal Contract Tower,0,0,3,0,3,0,0,7,0,7,0,0,10,0,10,2,0,2,12
08/14/2005,IXD,KS,ACE,CE,Federal Contract Tower,0,0,9,0,9,0,0,13,0,13,0,0,22,0,22,40,0,40,62
08/15/2005,IXD,KS,ACE,CE,Federal Contract Tower,0,3,19,0,22,0,0,9,15,24,0,3,28,15,46,16,0,16,62
08/16/2005,IXD,KS,ACE,CE,Federal Contract Tower,0,1,28,0,29,0,0,47,0,47,0,1,75,0,76,18,0,18,94
08/17/2005,IXD,KS,ACE,CE,Federal Contract Tower,0,5,31,2,38,0,0,55,0,55,0,5,86,2,93,48,0,48,141
08/18/2005,IXD,KS,ACE,CE,Federal Contract Tower,0,2,25,1,28,0,0,55,2,57,0,2,80,3,85,24,0,24,109
08/19/2005,IXD,KS,ACE,CE,Federal Contract Tower,0,0,12,0,12,0,0,39,4,43,0,0,51,4,55,12,0,12,67
08/20/2005,IXD,KS,ACE,CE,Federal Contract Tower,0,1,3,0,4,0,1,35,4,40,0,2,38,4,44,28,2,30,74
08/21/2005,IXD,KS,ACE,CE,Federal Contract Tower,0,0,9,0,9,0,0,46,0,46,0,0,55,0,55,62,0,62,117
08/22/2005,IXD,KS,ACE,CE,Federal Contract Tower,0,0,17,0,17,0,0,43,4,47,0,0,60,4,64,48,0,48,112
08/23/2005,IXD,KS,ACE,CE,Federal Contract Tower,0,5,26,3,34,0,0,11,0,11,0,5,37,3,45,20,0,20,65
08/24/2005,IXD,KS,ACE,CE,Federal Contract Tower,0,2,41,1,44,0,0,18,1,19,0,2,59,2,63,16,2,18,81
08/25/2005,IXD,KS,ACE,CE,Federal Contract Tower,0,1,16,0,17,0,0,12,1,13,0,1,28,1,30,10,0,10,40
08/26/2005,IXD,KS,ACE,CE,Federal Contract Tower,0,1,25,0,26,0,0,29,0,29,0,1,54,0,55,14,0,14,69
08/27/2005,IXD,KS,ACE,CE,Federal Contract Tower,0,0,6,0,6,0,0,56,1,57,0,0,62,1,63,40,0,40,103
08/28/2005,IXD,KS,ACE,CE,Federal Contract Tower,0,0,15,0,15,0,0,35,0,35,0,0,50,0,50,18,0,18,68
08/29/2005,IXD,KS,ACE,CE,Federal Contract Tower,0,0,26,0,26,0,0,54,1,55,0,0,80,1,81,34,0,34,115
08/30/2005,IXD,KS,ACE,CE,Federal Contract Tower,0,2,24,0,26,0,0,68,3,71,0,2,92,3,97,22,0,22,119
08/31/2005,IXD,KS,ACE,CE,Federal Contract Tower,0,1,23,0,24,0,0,68,2,70,0,1,91,2,94,10,0,10,104
09/01/2005,IXD,KS,ACE,CE,Federal Contract Tower,0,0,20,0,20,0,0,43,2,45,0,0,63,2,65,26,0,26,91
09/02/2005,IXD,KS,ACE,CE,Federal Contract Tower,0,7,37,1,45,0,1,67,0,68,0,8,104,1,113,16,0,16,129
09/03/2005,IXD,KS,ACE,CE,Federal Contract Tower,0,1,12,0,13,0,0,41,0,41,0,1,53,0,54,14,0,14,68
09/04/2005,IXD,KS,ACE,CE,Federal Contract Tower,0,1,10,0,11,0,0,28,0,28,0,1,38,0,39,16,0,16,55
09/05/2005,IXD,KS,ACE,CE,Federal Contract Tower,0,4,10,2,16,0,0,76,0,76,0,4,86,2,92,6,0,6,98
09/06/2005,IXD,KS,ACE,CE,Federal Contract Tower,0,0,2,0,2,0,0,15,2,17,0,0,17,2,19,4,0,4,23
09/07/2005,IXD,KS,ACE,CE,Federal Contract Tower,0,0,0,1,1,0,0,0,18,18,0,0,0,19,19,2,2,4,23
09/08/2005,IXD,KS,ACE,CE,Federal Contract Tower,0,0,0,1,1,0,0,0,18,18,0,0,0,19,19,2,2,4,23
09/09/2005,IXD,KS,ACE,CE,Federal Contract Tower,0,0,0,1,1,0,0,2,6,8,0,0,2,7,9,0,0,0,9
09/10/2005,IXD,KS,ACE,CE,Federal Contract Tower,0,0,0,0,0,0,0,0,0,0,0,0,0,0,0,0,0,0,0
09/11/2005,IXD,KS,ACE,CE,Federal Contract Tower,0,0,0,0,0,0,0,4,10,14,0,0,4,10,14,0,0,0,14
09/12/2005,IXD,KS,ACE,CE,Federal Contract Tower,0,4,35,2,41,0,0,55,2,57,0,4,90,4,98,4,0,4,102
09/13/2005,IXD,KS,ACE,CE,Federal Contract Tower,0,4,17,0,21,0,0,41,1,42,0,4,58,1,63,16,0,16,79
09/14/2005,IXD,KS,ACE,CE,Federal Contract Tower,0,4,29,4,37,0,0,67,1,68,0,4,96,5,105,4,0,4,109
09/15/2005,IXD,KS,ACE,CE,Federal Contract Tower,0,7,24,0,31,0,1,2,0,3,0,8,26,0,34,4,0,4,38
09/16/2005,IXD,KS,ACE,CE,Federal Contract Tower,0,2,18,0,20,0,0,84,14,98,0,2,102,14,118,24,0,24,142
09/17/2005,IXD,KS,ACE,CE,Federal Contract Tower,0,2,9,0,11,0,0,60,0,60,0,2,69,0,71,18,0,18,89
09/18/2005,IXD,KS,ACE,CE,Federal Contract Tower,0,12,13,0,25,0,0,32,1,33,0,12,45,1,58,14,0,14,72
09/19/2005,IXD,KS,ACE,CE,Federal Contract Tower,0,3,20,0,23,0,0,30,2,32,0,3,50,2,55,8,2,10,65
09/20/2005,IXD,KS,ACE,CE,Federal Contract Tower,0,1,21,2,24,0,0,51,7,58,0,1,72,9,82,46,10,56,138
09/21/2005,IXD,KS,ACE,CE,Federal Contract Tower,0,8,25,2,35,0,0,93,1,94,0,8,118,3,129,20,2,22,151
09/22/2005,IXD,KS,ACE,CE,Federal Contract Tower,0,4,48,0,52,0,0,79,3,82,0,4,127,3,134,12,0,12,146
09/23/2005,IXD,KS,ACE,CE,Federal Contract Tower,0,4,29,5,38,0,0,15,0,15,0,4,44,5,53,6,0,6,59
09/24/2005,IXD,KS,ACE,CE,Federal Contract Tower,0,0,10,2,12,0,0,17,0,17,0,0,27,2,29,14,0,14,43
09/25/2005,IXD,KS,ACE,CE,Federal Contract Tower,0,3,15,3,21,0,0,27,0,27,0,3,42,3,48,54,0,54,102
09/26/2005,IXD,KS,ACE,CE,Federal Contract Tower,0,4,37,1,42,0,0,49,4,53,0,4,86,5,95,26,0,26,121
09/27/2005,IXD,KS,ACE,CE,Federal Contract Tower,0,7,31,0,38,0,0,86,0,86,0,7,117,0,124,22,0,22,146
09/28/2005,IXD,KS,ACE,CE,Federal Contract Tower,0,1,40,1,42,0,0,15,0,15,0,1,55,1,57,0,0,0,57
09/29/2005,IXD,KS,ACE,CE,Federal Contract Tower,0,4,37,0,41,0,0,100,1,101,0,4,137,1,142,32,0,32,174
09/30/2005,IXD,KS,ACE,CE,Federal Contract Tower,0,7,25,0,32,0,0,52,1,53,0,7,77,1,85,6,0,6,91
10/01/2005,IXD,KS,ACE,CE,Federal Contract Tower,0,6,7,1,14,0,0,36,1,37,0,6,43,2,51,14,0,14,65
10/02/2005,IXD,KS,ACE,CE,Federal Contract Tower,0,8,5,2,15,0,0,13,1,14,0,8,18,3,29,14,0,14,43
10/03/2005,IXD,KS,ACE,CE,Federal Contract Tower,0,2,27,0,29,0,0,31,0,31,0,2,58,0,60,4,0,4,64
10/04/2005,IXD,KS,ACE,CE,Federal Contract Tower,0,0,24,1,25,0,0,49,2,51,0,0,73,3,76,24,0,24,100
10/05/2005,IXD,KS,ACE,CE,Federal Contract Tower,0,4,22,0,26,0,0,23,2,25,0,4,45,2,51,26,0,26,77
10/06/2005,IXD,KS,ACE,CE,Federal Contract Tower,0,5,34,0,39,0,0,56,5,61,0,5,90,5,100,48,0,48,148
10/07/2005,IXD,KS,ACE,CE,Federal Contract Tower,0,6,17,1,24,0,1,75,0,76,0,7,92,1,100,48,0,48,148
10/08/2005,IXD,KS,ACE,CE,Federal Contract Tower,0,0,13,0,13,0,0,48,2,50,0,0,61,2,63,60,6,66,129
10/09/2005,IXD,KS,ACE,CE,Federal Contract Tower,0,0,22,1,23,0,0,42,9,51,0,0,64,10,74,0,0,0,74
10/10/2005,IXD,KS,ACE,CE,Federal Contract Tower,0,2,16,0,18,0,0,47,0,47,0,2,63,0,65,24,0,24,89
10/11/2005,IXD,KS,ACE,CE,Federal Contract Tower,0,0,28,0,28,0,0,27,0,27,0,0,55,0,55,20,0,20,75
10/12/2005,IXD,KS,ACE,CE,Federal Contract Tower,0,5,29,0,34,0,0,34,0,34,0,5,63,0,68,32,0,32,100
10/13/2005,IXD,KS,ACE,CE,Federal Contract Tower,0,1,22,1,24,0,0,54,1,55,0,1,76,2,79,16,0,16,95
10/14/2005,IXD,KS,ACE,CE,Federal Contract Tower,0,7,14,0,21,0,0,55,0,55,0,7,69,0,76,56,0,56,132
10/15/2005,IXD,KS,ACE,CE,Federal Contract Tower,0,6,11,0,17,0,0,30,0,30,0,6,41,0,47,30,0,30,77
10/16/2005,IXD,KS,ACE,CE,Federal Contract Tower,0,4,5,2,11,0,0,44,0,44,0,4,49,2,55,14,0,14,69
10/17/2005,IXD,KS,ACE,CE,Federal Contract Tower,0,2,39,0,41,0,0,32,2,34,0,2,71,2,75,32,0,32,107
10/18/2005,IXD,KS,ACE,CE,Federal Contract Tower,0,3,12,0,15,0,0,44,0,44,0,3,56,0,59,16,0,16,75
10/19/2005,IXD,KS,ACE,CE,Federal Contract Tower,0,10,16,1,27,0,0,26,0,26,0,10,42,1,53,10,0,10,63
10/20/2005,IXD,KS,ACE,CE,Federal Contract Tower,0,1,5,0,6,0,0,1,0,1,0,1,6,0,7,0,0,0,7
10/21/2005,IXD,KS,ACE,CE,Federal Contract Tower,0,5,24,4,33,0,1,51,0,52,0,6,75,4,85,60,0,60,145
10/22/2005,IXD,KS,ACE,CE,Federal Contract Tower,0,0,4,2,6,0,0,39,0,39,0,0,43,2,45,42,0,42,87
10/23/2005,IXD,KS,ACE,CE,Federal Contract Tower,0,5,15,2,22,0,0,16,0,16,0,5,31,2,38,16,0,16,54
10/24/2005,IXD,KS,ACE,CE,Federal Contract Tower,0,1,17,2,20,0,0,52,0,52,0,1,69,2,72,22,0,22,94
10/25/2005,IXD,KS,ACE,CE,Federal Contract Tower,0,4,13,0,17,0,0,65,0,65,0,4,78,0,82,24,0,24,106
10/26/2005,IXD,KS,ACE,CE,Federal Contract Tower,0,2,25,0,27,0,2,60,0,62,0,4,85,0,89,32,0,32,121
10/27/2005,IXD,KS,ACE,CE,Federal Contract Tower,0,6,20,0,26,0,0,55,0,55,0,6,75,0,81,50,0,50,131
10/28/2005,IXD,KS,ACE,CE,Federal Contract Tower,0,5,10,2,17,0,0,62,0,62,0,5,72,2,79,36,0,36,115
10/29/2005,IXD,KS,ACE,CE,Federal Contract Tower,0,0,5,4,9,0,0,59,4,63,0,0,64,8,72,42,0,42,114
10/30/2005,IXD,KS,ACE,CE,Federal Contract Tower,0,7,16,0,23,0,0,15,0,15,0,7,31,0,38,20,0,20,58
10/31/2005,IXD,KS,ACE,CE,Federal Contract Tower,0,3,23,1,27,0,0,40,0,40,0,3,63,1,67,44,0,44,111
11/01/2005,IXD,KS,ACE,CE,Federal Contract Tower,0,6,19,1,26,0,0,63,1,64,0,6,82,2,90,46,0,46,136
11/02/2005,IXD,KS,ACE,CE,Federal Contract Tower,0,14,20,2,36,0,0,61,0,61,0,14,81,2,97,32,0,32,129
11/03/2005,IXD,KS,ACE,CE,Federal Contract Tower,0,5,17,2,24,0,0,31,0,31,0,5,48,2,55,12,0,12,67
11/04/2005,IXD,KS,ACE,CE,Federal Contract Tower,0,5,22,0,27,0,0,64,0,64,0,5,86,0,91,44,0,44,135
11/05/2005,IXD,KS,ACE,CE,Federal Contract Tower,0,2,16,0,18,0,0,44,2,46,0,2,60,2,64,82,4,86,150
11/06/2005,IXD,KS,ACE,CE,Federal Contract Tower,0,5,25,0,30,0,0,32,5,37,0,5,57,5,67,62,8,70,137
11/07/2005,IXD,KS,ACE,CE,Federal Contract Tower,0,4,29,0,33,0,0,52,2,54,0,4,81,2,87,68,0,68,155
11/08/2005,IXD,KS,ACE,CE,Federal Contract Tower,0,5,37,0,42,0,0,68,0,68,0,5,105,0,110,38,0,38,148
11/09/2005,IXD,KS,ACE,CE,Federal Contract Tower,0,5,31,0,36,0,0,45,1,46,0,5,76,1,82,32,0,32,114
11/10/2005,IXD,KS,ACE,CE,Federal Contract Tower,0,5,35,5,45,0,0,47,0,47,0,5,82,5,92,84,6,90,182
11/11/2005,IXD,KS,ACE,CE,Federal Contract Tower,0,4,21,0,25,0,0,48,2,50,0,4,69,2,75,68,0,68,143
11/12/2005,IXD,KS,ACE,CE,Federal Contract Tower,0,1,8,0,9,0,0,6,0,6,0,1,14,0,15,26,0,26,41
11/13/2005,IXD,KS,ACE,CE,Federal Contract Tower,0,5,16,3,24,0,0,29,2,31,0,5,45,5,55,49,0,49,104
11/14/2005,IXD,KS,ACE,CE,Federal Contract Tower,0,13,28,0,41,0,0,40,0,40,0,13,68,0,81,34,0,34,115
11/15/2005,IXD,KS,ACE,CE,Federal Contract Tower,0,4,19,0,23,0,0,0,0,0,0,4,19,0,23,4,0,4,27
11/16/2005,IXD,KS,ACE,CE,Federal Contract Tower,0,10,40,0,50,0,0,45,2,47,0,10,85,2,97,41,0,41,138
11/17/2005,IXD,KS,ACE,CE,Federal Contract Tower,0,10,36,1,47,0,0,38,0,38,0,10,74,1,85,42,0,42,127
11/18/2005,IXD,KS,ACE,CE,Federal Contract Tower,0,1,23,0,24,0,1,49,0,50,0,2,72,0,74,68,0,68,142
11/19/2005,IXD,KS,ACE,CE,Federal Contract Tower,0,0,7,0,7,0,0,22,2,24,0,0,29,2,31,72,0,72,103
11/20/2005,IXD,KS,ACE,CE,Federal Contract Tower,0,4,18,0,22,0,0,18,1,19,0,4,36,1,41,50,0,50,91
11/21/2005,IXD,KS,ACE,CE,Federal Contract Tower,0,2,33,0,35,0,0,52,0,52,0,2,85,0,87,76,0,76,163
11/22/2005,IXD,KS,ACE,CE,Federal Contract Tower,0,2,27,0,29,0,0,45,4,49,0,2,72,4,78,32,0,32,110
11/23/2005,IXD,KS,ACE,CE,Federal Contract Tower,0,1,29,0,30,0,0,57,4,61,0,1,86,4,91,68,0,68,159
11/24/2005,IXD,KS,ACE,CE,Federal Contract Tower,0,3,9,0,12,0,1,11,0,12,0,4,20,0,24,18,0,18,42
11/25/2005,IXD,KS,ACE,CE,Federal Contract Tower,0,1,12,0,13,0,4,21,0,25,0,5,33,0,38,76,0,76,114
11/26/2005,IXD,KS,ACE,CE,Federal Contract Tower,0,2,6,0,8,0,0,39,0,39,0,2,45,0,47,60,0,60,107
11/27/2005,IXD,KS,ACE,CE,Federal Contract Tower,0,3,14,0,17,0,0,3,0,3,0,3,17,0,20,2,0,2,22
11/28/2005,IXD,KS,ACE,CE,Federal Contract Tower,0,2,13,2,17,0,0,0,0,0,0,2,13,2,17,4,0,4,21
11/29/2005,IXD,KS,ACE,CE,Federal Contract Tower,0,5,29,0,34,0,0,22,0,22,0,5,51,0,56,18,0,18,74
11/30/2005,IXD,KS,ACE,CE,Federal Contract Tower,0,9,30,0,39,0,0,38,0,38,0,9,68,0,77,86,0,86,163
12/01/2005,IXD,KS,ACE,CE,Federal Contract Tower,0,7,22,2,31,0,0,43,0,43,0,7,65,2,74,20,0,20,94
12/02/2005,IXD,KS,ACE,CE,Federal Contract Tower,0,5,24,0,29,0,0,39,1,40,0,5,63,1,69,18,0,18,87
12/03/2005,IXD,KS,ACE,CE,Federal Contract Tower,0,1,11,0,12,0,0,3,6,9,0,1,14,6,21,48,0,48,69
12/04/2005,IXD,KS,ACE,CE,Federal Contract Tower,0,4,13,0,17,0,0,11,0,11,0,4,24,0,28,18,0,18,46
12/05/2005,IXD,KS,ACE,CE,Federal Contract Tower,0,9,10,0,19,0,0,40,0,40,0,9,50,0,59,44,0,44,103
12/06/2005,IXD,KS,ACE,CE,Federal Contract Tower,0,2,17,0,19,0,0,18,0,18,0,2,35,0,37,14,0,14,51
12/07/2005,IXD,KS,ACE,CE,Federal Contract Tower,0,8,19,0,27,0,0,0,0,0,0,8,19,0,27,0,0,0,27
12/08/2005,IXD,KS,ACE,CE,Federal Contract Tower,0,4,17,0,21,0,0,42,2,44,0,4,59,2,65,30,0,30,95
12/09/2005,IXD,KS,ACE,CE,Federal Contract Tower,0,1,25,0,26,0,0,35,0,35,0,1,60,0,61,6,0,6,67
12/10/2005,IXD,KS,ACE,CE,Federal Contract Tower,0,0,19,0,19,0,0,29,2,31,0,0,48,2,50,44,0,44,94
12/11/2005,IXD,KS,ACE,CE,Federal Contract Tower,0,6,13,0,19,0,0,22,0,22,0,6,35,0,41,44,0,44,85
12/12/2005,IXD,KS,ACE,CE,Federal Contract Tower,0,5,29,0,34,0,0,41,1,42,0,5,70,1,76,32,2,34,110
12/13/2005,IXD,KS,ACE,CE,Federal Contract Tower,0,5,38,1,44,0,0,47,1,48,0,5,85,2,92,16,0,16,108
12/14/2005,IXD,KS,ACE,CE,Federal Contract Tower,0,1,25,0,26,0,0,31,1,32,0,1,56,1,58,30,0,30,88
12/15/2005,IXD,KS,ACE,CE,Federal Contract Tower,0,8,25,0,33,0,0,36,0,36,0,8,61,0,69,20,0,20,89
12/16/2005,IXD,KS,ACE,CE,Federal Contract Tower,0,6,29,1,36,0,0,51,1,52,0,6,80,2,88,48,0,48,136
12/17/2005,IXD,KS,ACE,CE,Federal Contract Tower,0,0,4,0,4,0,0,0,0,0,0,0,4,0,4,0,0,0,4
12/18/2005,IXD,KS,ACE,CE,Federal Contract Tower,0,5,3,0,8,0,1,0,0,1,0,6,3,0,9,8,0,8,17
12/19/2005,IXD,KS,ACE,CE,Federal Contract Tower,0,1,36,1,38,0,0,48,3,51,0,1,84,4,89,20,0,20,109
12/20/2005,IXD,KS,ACE,CE,Federal Contract Tower,0,4,25,2,31,0,0,25,2,27,0,4,50,4,58,10,0,10,68
12/21/2005,IXD,KS,ACE,CE,Federal Contract Tower,0,7,30,2,39,0,0,41,0,41,0,7,71,2,80,34,0,34,114
12/22/2005,IXD,KS,ACE,CE,Federal Contract Tower,0,4,32,2,38,0,0,66,3,69,0,4,98,5,107,76,2,78,185
12/23/2005,IXD,KS,ACE,CE,Federal Contract Tower,0,7,20,0,27,0,1,33,0,34,0,8,53,0,61,58,0,58,119
12/24/2005,IXD,KS,ACE,CE,Federal Contract Tower,0,3,3,0,6,0,0,0,0,0,0,3,3,0,6,6,0,6,12
12/25/2005,IXD,KS,ACE,CE,Federal Contract Tower,0,5,4,0,9,0,0,1,0,1,0,5,5,0,10,0,0,0,10
12/26/2005,IXD,KS,ACE,CE,Federal Contract Tower,0,7,28,0,35,0,1,45,0,46,0,8,73,0,81,70,0,70,151
12/27/2005,IXD,KS,ACE,CE,Federal Contract Tower,0,8,30,0,38,0,0,56,0,56,0,8,86,0,94,90,0,90,184
12/28/2005,IXD,KS,ACE,CE,Federal Contract Tower,0,2,14,0,16,0,0,6,0,6,0,2,20,0,22,0,0,0,22
12/29/2005,IXD,KS,ACE,CE,Federal Contract Tower,0,1,20,0,21,0,0,9,0,9,0,1,29,0,30,32,0,32,62
12/30/2005,IXD,KS,ACE,CE,Federal Contract Tower,0,0,15,0,15,0,0,47,0,47,0,0,62,0,62,52,0,52,114
12/31/2005,IXD,KS,ACE,CE,Federal Contract Tower,0,0,9,0,9,0,3,67,1,71,0,3,76,1,80,56,0,56,136
01/01/2006,IXD,KS,ACE,CE,Federal Contract Tower,0,2,8,0,10,0,1,27,0,28,0,3,35,0,38,40,0,40,78
01/02/2006,IXD,KS,ACE,CE,Federal Contract Tower,0,1,17,0,18,0,1,0,0,1,0,2,17,0,19,10,0,10,29
01/03/2006,IXD,KS,ACE,CE,Federal Contract Tower,0,7,11,0,18,0,0,36,0,36,0,7,47,0,54,34,0,34,88
01/04/2006,IXD,KS,ACE,CE,Federal Contract Tower,0,11,33,0,44,0,0,45,0,45,0,11,78,0,89,75,0,75,164
01/05/2006,IXD,KS,ACE,CE,Federal Contract Tower,0,5,34,0,39,0,2,39,0,41,0,7,73,0,80,30,0,30,110
01/06/2006,IXD,KS,ACE,CE,Federal Contract Tower,0,7,40,0,47,0,0,22,0,22,0,7,62,0,69,38,0,38,107
01/07/2006,IXD,KS,ACE,CE,Federal Contract Tower,0,2,14,0,16,0,0,53,5,58,0,2,67,5,74,126,8,134,208
01/08/2006,IXD,KS,ACE,CE,Federal Contract Tower,0,5,13,3,21,0,0,50,2,52,0,5,63,5,73,100,4,104,177
01/09/2006,IXD,KS,ACE,CE,Federal Contract Tower,0,1,12,0,13,0,0,10,0,10,0,1,22,0,23,0,0,0,23
01/10/2006,IXD,KS,ACE,CE,Federal Contract Tower,0,1,18,1,20,0,0,0,1,1,0,1,18,2,21,0,16,16,37
01/11/2006,IXD,KS,ACE,CE,Federal Contract Tower,0,5,38,2,45,0,0,65,6,71,0,5,103,8,116,40,6,46,162
01/12/2006,IXD,KS,ACE,CE,Federal Contract Tower,0,8,17,2,27,0,1,44,2,47,0,9,61,4,74,46,0,46,120
01/13/2006,IXD,KS,ACE,CE,Federal Contract Tower,0,3,17,0,20,0,0,50,1,51,0,3,67,1,71,16,0,16,87
01/14/2006,IXD,KS,ACE,CE,Federal Contract Tower,0,0,11,0,11,0,0,95,0,95,0,0,106,0,106,94,0,94,200
01/15/2006,IXD,KS,ACE,CE,Federal Contract Tower,0,2,8,0,10,0,0,46,0,46,0,2,54,0,56,92,0,92,148
01/16/2006,IXD,KS,ACE,CE,Federal Contract Tower,0,3,22,0,25,0,0,61,0,61,0,3,83,0,86,42,0,42,128
01/17/2006,IXD,KS,ACE,CE,Federal Contract Tower,0,4,21,0,25,0,0,48,0,48,0,4,69,0,73,50,0,50,123
01/18/2006,IXD,KS,ACE,CE,Federal Contract Tower,0,11,35,0,46,0,1,107,2,110,0,12,142,2,156,56,0,56,212
01/19/2006,IXD,KS,ACE,CE,Federal Contract Tower,0,2,28,0,30,0,0,84,6,90,0,2,112,6,120,34,0,34,154
01/20/2006,IXD,KS,ACE,CE,Federal Contract Tower,0,4,19,0,23,0,0,0,0,0,0,4,19,0,23,2,0,2,25
01/21/2006,IXD,KS,ACE,CE,Federal Contract Tower,0,1,25,1,27,0,0,5,0,5,0,1,30,1,32,34,0,34,66
01/22/2006,IXD,KS,ACE,CE,Federal Contract Tower,0,1,14,0,15,0,1,57,0,58,0,2,71,0,73,84,0,84,157
01/23/2006,IXD,KS,ACE,CE,Federal Contract Tower,0,4,13,0,17,0,1,14,8,23,0,5,27,8,40,12,0,12,52
01/24/2006,IXD,KS,ACE,CE,Federal Contract Tower,0,4,26,0,30,0,0,59,1,60,0,4,85,1,90,52,0,52,142
01/25/2006,IXD,KS,ACE,CE,Federal Contract Tower,0,10,38,0,48,0,1,124,0,125,0,11,162,0,173,94,0,94,267
01/26/2006,IXD,KS,ACE,CE,Federal Contract Tower,0,3,26,1,30,0,0,76,0,76,0,3,102,1,106,68,0,68,174
01/27/2006,IXD,KS,ACE,CE,Federal Contract Tower,0,3,27,0,30,0,0,74,1,75,0,3,101,1,105,137,9,146,251
01/28/2006,IXD,KS,ACE,CE,Federal Contract Tower,0,1,15,0,16,0,0,0,0,0,0,1,15,0,16,12,0,12,28
01/29/2006,IXD,KS,ACE,CE,Federal Contract Tower,0,4,16,0,20,0,5,33,0,38,0,9,49,0,58,34,0,34,92
01/30/2006,IXD,KS,ACE,CE,Federal Contract Tower,0,4,20,0,24,0,0,49,0,49,0,4,69,0,73,74,0,74,147
01/31/2006,IXD,KS,ACE,CE,Federal Contract Tower,0,6,27,1,34,0,0,70,1,71,0,6,97,2,105,68,0,68,173
02/01/2006,IXD,KS,ACE,CE,Federal Contract Tower,0,7,27,0,34,0,0,72,1,73,0,7,99,1,107,84,4,88,195
02/02/2006,IXD,KS,ACE,CE,Federal Contract Tower,0,8,30,0,38,0,1,92,2,95,0,9,122,2,133,132,0,132,265
02/03/2006,IXD,KS,ACE,CE,Federal Contract Tower,0,6,22,0,28,0,0,81,0,81,0,6,103,0,109,66,0,66,175
02/04/2006,IXD,KS,ACE,CE,Federal Contract Tower,0,1,11,0,12,0,0,60,4,64,0,1,71,4,76,52,0,52,128
02/05/2006,IXD,KS,ACE,CE,Federal Contract Tower,0,2,8,1,11,0,0,44,0,44,0,2,52,1,55,72,6,78,133
02/06/2006,IXD,KS,ACE,CE,Federal Contract Tower,0,2,20,0,22,0,0,76,0,76,0,2,96,0,98,114,0,114,212
02/07/2006,IXD,KS,ACE,CE,Federal Contract Tower,0,3,28,0,31,0,0,47,4,51,0,3,75,4,82,62,0,62,144
02/08/2006,IXD,KS,ACE,CE,Federal Contract Tower,0,8,38,0,46,0,0,24,1,25,0,8,62,1,71,66,0,66,137
02/09/2006,IXD,KS,ACE,CE,Federal Contract Tower,0,4,22,0,26,0,0,92,0,92,0,4,114,0,118,62,4,66,184
02/10/2006,IXD,KS,ACE,CE,Federal Contract Tower,0,8,28,0,36,0,0,95,0,95,0,8,123,0,131,60,0,60,191
02/11/2006,IXD,KS,ACE,CE,Federal Contract Tower,0,0,6,0,6,0,0,4,2,6,0,0,10,2,12,0,0,0,12
02/12/2006,IXD,KS,ACE,CE,Federal Contract Tower,0,6,23,0,29,0,0,44,0,44,0,6,67,0,73,68,0,68,141
02/13/2006,IXD,KS,ACE,CE,Federal Contract Tower,0,2,27,0,29,0,0,52,0,52,0,2,79,0,81,86,0,86,167
02/14/2006,IXD,KS,ACE,CE,Federal Contract Tower,0,1,24,1,26,0,0,77,1,78,0,1,101,2,104,46,2,48,152
02/15/2006,IXD,KS,ACE,CE,Federal Contract Tower,0,0,36,0,36,0,0,50,1,51,0,0,86,1,87,76,0,76,163
02/16/2006,IXD,KS,ACE,CE,Federal Contract Tower,0,6,16,0,22,0,2,6,0,8,0,8,22,0,30,0,0,0,30
02/17/2006,IXD,KS,ACE,CE,Federal Contract Tower,0,5,29,0,34,0,0,47,0,47,0,5,76,0,81,20,0,20,101
02/18/2006,IXD,KS,ACE,CE,Federal Contract Tower,0,0,8,0,8,0,0,27,0,27,0,0,35,0,35,58,0,58,93
02/19/2006,IXD,KS,ACE,CE,Federal Contract Tower,0,1,3,0,4,0,0,32,0,32,0,1,35,0,36,22,0,22,58
02/20/2006,IXD,KS,ACE,CE,Federal Contract Tower,0,6,22,0,28,0,1,59,0,60,0,7,81,0,88,112,0,112,200
02/21/2006,IXD,KS,ACE,CE,Federal Contract Tower,0,10,44,0,54,0,0,42,0,42,0,10,86,0,96,132,10,142,238
02/22/2006,IXD,KS,ACE,CE,Federal Contract Tower,0,3,37,0,40,0,0,67,11,78,0,3,104,11,118,50,0,50,168
02/23/2006,IXD,KS,ACE,CE,Federal Contract Tower,0,11,31,0,42,0,0,138,6,144,0,11,169,6,186,88,10,98,284
02/24/2006,IXD,KS,ACE,CE,Federal Contract Tower,0,3,25,1,29,0,0,52,7,59,0,3,77,8,88,34,0,34,122
02/25/2006,IXD,KS,ACE,CE,Federal Contract Tower,0,5,18,1,24,0,2,56,2,60,0,7,74,3,84,110,2,112,196
02/26/2006,IXD,KS,ACE,CE,Federal Contract Tower,0,7,16,0,23,0,0,82,2,84,0,7,98,2,107,146,0,146,253
02/27/2006,IXD,KS,ACE,CE,Federal Contract Tower,0,2,24,0,26,0,0,48,0,48,0,2,72,0,74,30,0,30,104
02/28/2006,IXD,KS,ACE,CE,Federal Contract Tower,0,5,28,0,33,0,0,91,0,91,0,5,119,0,124,88,0,88,212
03/01/2006,IXD,KS,ACE,CE,Federal Contract Tower,0,9,30,0,39,0,0,91,0,91,0,9,121,0,130,66,0,66,196
03/02/2006,IXD,KS,ACE,CE,Federal Contract Tower,0,4,40,0,44,0,0,52,0,52,0,4,92,0,96,86,0,86,182
03/03/2006,IXD,KS,ACE,CE,Federal Contract Tower,0,4,31,3,38,0,0,89,1,90,0,4,120,4,128,62,2,64,192
03/04/2006,IXD,KS,ACE,CE,Federal Contract Tower,0,2,9,0,11,0,0,0,1,1,0,2,9,1,12,4,0,4,16
03/05/2006,IXD,KS,ACE,CE,Federal Contract Tower,0,7,22,0,29,0,0,61,12,73,0,7,83,12,102,64,0,64,166
03/06/2006,IXD,KS,ACE,CE,Federal Contract Tower,0,5,32,0,37,0,1,71,3,75,0,6,103,3,112,92,0,92,204
03/07/2006,IXD,KS,ACE,CE,Federal Contract Tower,0,4,31,0,35,0,0,66,0,66,0,4,97,0,101,32,0,32,133
03/08/2006,IXD,KS,ACE,CE,Federal Contract Tower,0,8,44,0,52,0,0,35,0,35,0,8,79,0,87,8,0,8,95
03/09/2006,IXD,KS,ACE,CE,Federal Contract Tower,0,10,47,0,57,0,0,16,3,19,0,10,63,3,76,16,0,16,92
03/10/2006,IXD,KS,ACE,CE,Federal Contract Tower,0,5,43,0,48,0,0,67,0,67,0,5,110,0,115,36,0,36,151
03/11/2006,IXD,KS,ACE,CE,Federal Contract Tower,0,2,16,0,18,0,0,81,0,81,0,2,97,0,99,84,0,84,183
03/12/2006,IXD,KS,ACE,CE,Federal Contract Tower,0,8,19,0,27,0,0,12,0,12,0,8,31,0,39,0,0,0,39
03/13/2006,IXD,KS,ACE,CE,Federal Contract Tower,0,3,34,0,37,0,0,20,0,20,0,3,54,0,57,18,0,18,75
03/14/2006,IXD,KS,ACE,CE,Federal Contract Tower,0,5,49,0,54,0,0,65,0,65,0,5,114,0,119,104,4,108,227
03/15/2006,IXD,KS,ACE,CE,Federal Contract Tower,0,7,51,0,58,0,0,56,0,56,0,7,107,0,114,72,0,72,186
03/16/2006,IXD,KS,ACE,CE,Federal Contract Tower,0,6,28,0,34,0,1,44,0,45,0,7,72,0,79,16,0,16,95
03/17/2006,IXD,KS,ACE,CE,Federal Contract Tower,0,13,22,1,36,0,5,39,0,44,0,18,61,1,80,74,6,80,160
03/18/2006,IXD,KS,ACE,CE,Federal Contract Tower,0,9,18,0,27,0,1,14,1,16,0,10,32,1,43,58,0,58,101
03/19/2006,IXD,KS,ACE,CE,Federal Contract Tower,0,9,11,1,21,0,0,9,0,9,0,9,20,1,30,22,0,22,52
03/20/2006,IXD,KS,ACE,CE,Federal Contract Tower,0,3,6,1,10,0,0,0,1,1,0,3,6,2,11,2,0,2,13
03/21/2006,IXD,KS,ACE,CE,Federal Contract Tower,0,9,28,0,37,0,0,15,0,15,0,9,43,0,52,12,0,12,64
03/22/2006,IXD,KS,ACE,CE,Federal Contract Tower,0,10,49,0,59,0,0,53,6,59,0,10,102,6,118,82,2,84,202
03/23/2006,IXD,KS,ACE,CE,Federal Contract Tower,0,6,71,0,77,0,0,80,5,85,0,6,151,5,162,64,0,64,226
03/24/2006,IXD,KS,ACE,CE,Federal Contract Tower,0,7,32,0,39,0,0,76,2,78,0,7,108,2,117,42,0,42,159
03/25/2006,IXD,KS,ACE,CE,Federal Contract Tower,0,2,16,0,18,0,0,91,0,91,0,2,107,0,109,138,0,138,247
03/26/2006,IXD,KS,ACE,CE,Federal Contract Tower,0,6,16,0,22,0,0,32,0,32,0,6,48,0,54,36,0,36,90
03/27/2006,IXD,KS,ACE,CE,Federal Contract Tower,0,14,46,0,60,0,0,18,0,18,0,14,64,0,78,28,0,28,106
03/28/2006,IXD,KS,ACE,CE,Federal Contract Tower,0,7,39,0,46,0,0,43,0,43,0,7,82,0,89,36,0,36,125
03/29/2006,IXD,KS,ACE,CE,Federal Contract Tower,0,6,45,0,51,0,0,94,2,96,0,6,139,2,147,112,0,112,259
03/30/2006,IXD,KS,ACE,CE,Federal Contract Tower,0,8,29,0,37,0,0,14,0,14,0,8,43,0,51,4,0,4,55
03/31/2006,IXD,KS,ACE,CE,Federal Contract Tower,0,8,61,0,69,0,0,83,0,83,0,8,144,0,152,100,0,100,252
04/01/2006,IXD,KS,ACE,CE,Federal Contract Tower,0,1,26,0,27,0,0,96,5,101,0,1,122,5,128,124,0,124,252
04/02/2006,IXD,KS,ACE,CE,Federal Contract Tower,0,4,16,0,20,0,0,8,0,8,0,4,24,0,28,18,0,18,46
04/03/2006,IXD,KS,ACE,CE,Federal Contract Tower,0,6,34,0,40,0,0,52,0,52,0,6,86,0,92,86,0,86,178
04/04/2006,IXD,KS,ACE,CE,Federal Contract Tower,0,9,47,0,56,0,0,72,0,72,0,9,119,0,128,150,0,150,278
04/05/2006,IXD,KS,ACE,CE,Federal Contract Tower,0,9,44,0,53,0,1,31,0,32,0,10,75,0,85,30,0,30,115
04/06/2006,IXD,KS,ACE,CE,Federal Contract Tower,0,2,34,2,38,0,1,34,0,35,0,3,68,2,73,26,0,26,99
04/07/2006,IXD,KS,ACE,CE,Federal Contract Tower,0,8,40,0,48,0,0,54,0,54,0,8,94,0,102,38,0,38,140
04/08/2006,IXD,KS,ACE,CE,Federal Contract Tower,0,2,23,1,26,0,2,110,0,112,0,4,133,1,138,102,0,102,240
04/09/2006,IXD,KS,ACE,CE,Federal Contract Tower,0,9,33,1,43,0,0,64,0,64,0,9,97,1,107,62,0,62,169
04/10/2006,IXD,KS,ACE,CE,Federal Contract Tower,0,10,47,0,57,0,0,71,0,71,0,10,118,0,128,106,0,106,234
04/11/2006,IXD,KS,ACE,CE,Federal Contract Tower,0,3,50,2,55,0,0,53,0,53,0,3,103,2,108,40,2,42,150
04/12/2006,IXD,KS,ACE,CE,Federal Contract Tower,0,8,64,0,72,0,1,121,2,124,0,9,185,2,196,106,0,106,302
04/13/2006,IXD,KS,ACE,CE,Federal Contract Tower,0,15,49,0,64,0,2,71,1,74,0,17,120,1,138,40,0,40,178
04/14/2006,IXD,KS,ACE,CE,Federal Contract Tower,0,5,31,0,36,0,0,71,2,73,0,5,102,2,109,44,0,44,153
04/15/2006,IXD,KS,ACE,CE,Federal Contract Tower,0,1,7,0,8,0,0,56,0,56,0,1,63,0,64,66,0,66,130
04/16/2006,IXD,KS,ACE,CE,Federal Contract Tower,0,13,15,0,28,0,0,29,0,29,0,13,44,0,57,12,0,12,69
04/17/2006,IXD,KS,ACE,CE,Federal Contract Tower,0,12,72,0,84,0,0,47,7,54,0,12,119,7,138,92,4,96,234
04/18/2006,IXD,KS,ACE,CE,Federal Contract Tower,0,16,40,0,56,0,0,50,2,52,0,16,90,2,108,74,0,74,182
04/19/2006,IXD,KS,ACE,CE,Federal Contract Tower,0,6,67,2,75,0,0,81,1,82,0,6,148,3,157,212,0,212,369
04/20/2006,IXD,KS,ACE,CE,Federal Contract Tower,0,6,66,2,74,0,1,129,0,130,0,7,195,2,204,142,0,142,346
04/21/2006,IXD,KS,ACE,CE,Federal Contract Tower,0,3,37,2,42,0,1,94,14,109,0,4,131,16,151,60,4,64,215
04/22/2006,IXD,KS,ACE,CE,Federal Contract Tower,0,9,36,0,45,0,1,85,0,86,0,10,121,0,131,84,0,84,215
04/23/2006,IXD,KS,ACE,CE,Federal Contract Tower,0,9,34,0,43,0,1,69,0,70,0,10,103,0,113,94,0,94,207
04/24/2006,IXD,KS,ACE,CE,Federal Contract Tower,0,10,29,0,39,0,0,16,0,16,0,10,45,0,55,0,10,10,65
04/25/2006,IXD,KS,ACE,CE,Federal Contract Tower,0,6,48,0,54,0,0,9,0,9,0,6,57,0,63,28,0,28,91
04/26/2006,IXD,KS,ACE,CE,Federal Contract Tower,0,11,79,1,91,0,1,49,0,50,0,12,128,1,141,80,2,82,223
04/27/2006,IXD,KS,ACE,CE,Federal Contract Tower,0,9,49,1,59,0,2,91,0,93,0,11,140,1,152,122,2,124,276
04/28/2006,IXD,KS,ACE,CE,Federal Contract Tower,0,3,16,1,20,0,0,3,0,3,0,3,19,1,23,2,0,2,25
04/29/2006,IXD,KS,ACE,CE,Federal Contract Tower,0,4,19,0,23,0,0,0,1,1,0,4,19,1,24,25,0,25,49
04/30/2006,IXD,KS,ACE,CE,Federal Contract Tower,0,4,20,0,24,0,0,31,0,31,0,4,51,0,55,48,0,48,103
05/01/2006,IXD,KS,ACE,CE,Federal Contract Tower,0,7,53,0,60,0,0,84,1,85,0,7,137,1,145,94,0,94,239
05/02/2006,IXD,KS,ACE,CE,Federal Contract Tower,0,2,32,0,34,0,0,118,0,118,0,2,150,0,152,102,0,102,254
05/03/2006,IXD,KS,ACE,CE,Federal Contract Tower,0,12,41,0,53,0,0,43,0,43,0,12,84,0,96,36,0,36,132
05/04/2006,IXD,KS,ACE,CE,Federal Contract Tower,0,10,68,4,82,0,0,71,1,72,0,10,139,5,154,72,0,72,226
05/05/2006,IXD,KS,ACE,CE,Federal Contract Tower,0,13,46,0,59,0,0,70,0,70,0,13,116,0,129,66,0,66,195
05/06/2006,IXD,KS,ACE,CE,Federal Contract Tower,0,5,20,0,25,0,0,45,0,45,0,5,65,0,70,94,0,94,164
05/07/2006,IXD,KS,ACE,CE,Federal Contract Tower,0,8,47,2,57,0,0,12,0,12,0,8,59,2,69,32,10,42,111
05/08/2006,IXD,KS,ACE,CE,Federal Contract Tower,0,6,37,0,43,0,0,41,0,41,0,6,78,0,84,54,0,54,138
05/09/2006,IXD,KS,ACE,CE,Federal Contract Tower,0,4,33,1,38,0,0,62,2,64,0,4,95,3,102,98,2,100,202
05/10/2006,IXD,KS,ACE,CE,Federal Contract Tower,0,2,65,1,68,0,2,70,4,76,0,4,135,5,144,98,26,124,268
05/11/2006,IXD,KS,ACE,CE,Federal Contract Tower,0,7,52,0,59,0,0,50,0,50,0,7,102,0,109,6,4,10,119
05/12/2006,IXD,KS,ACE,CE,Federal Contract Tower,0,2,32,0,34,0,2,84,1,87,0,4,116,1,121,40,0,40,161
05/13/2006,IXD,KS,ACE,CE,Federal Contract Tower,0,2,22,0,24,0,1,96,1,98,0,3,118,1,122,74,0,74,196
05/14/2006,IXD,KS,ACE,CE,Federal Contract Tower,0,3,23,1,27,0,0,60,0,60,0,3,83,1,87,22,0,22,109
05/15/2006,IXD,KS,ACE,CE,Federal Contract Tower,0,2,35,0,37,0,0,48,2,50,0,2,83,2,87,46,2,48,135
05/16/2006,IXD,KS,ACE,CE,Federal Contract Tower,0,13,41,1,55,0,0,94,0,94,0,13,135,1,149,92,20,112,261
05/17/2006,IXD,KS,ACE,CE,Federal Contract Tower,0,3,56,0,59,0,2,123,1,126,0,5,179,1,185,72,0,72,257
05/18/2006,IXD,KS,ACE,CE,Federal Contract Tower,0,11,43,3,57,0,2,110,23,135,0,13,153,26,192,114,6,120,312
05/19/2006,IXD,KS,ACE,CE,Federal Contract Tower,0,5,29,0,34,0,0,130,2,132,0,5,159,2,166,78,0,78,244
05/20/2006,IXD,KS,ACE,CE,Federal Contract Tower,0,3,26,0,29,0,0,73,2,75,0,3,99,2,104,112,2,114,218
05/21/2006,IXD,KS,ACE,CE,Federal Contract Tower,0,10,21,0,31,0,0,77,0,77,0,10,98,0,108,68,0,68,176
05/22/2006,IXD,KS,ACE,CE,Federal Contract Tower,0,2,45,0,47,0,0,82,0,82,0,2,127,0,129,138,0,138,267
05/23/2006,IXD,KS,ACE,CE,Federal Contract Tower,0,13,42,1,56,0,0,80,1,81,0,13,122,2,137,90,0,90,227
05/24/2006,IXD,KS,ACE,CE,Federal Contract Tower,0,14,48,0,62,0,0,92,0,92,0,14,140,0,154,36,0,36,190
05/25/2006,IXD,KS,ACE,CE,Federal Contract Tower,0,14,41,0,55,0,0,91,8,99,0,14,132,8,154,36,0,36,190
05/26/2006,IXD,KS,ACE,CE,Federal Contract Tower,0,6,38,1,45,0,0,69,0,69,0,6,107,1,114,100,4,104,218
05/27/2006,IXD,KS,ACE,CE,Federal Contract Tower,0,0,14,0,14,0,0,28,0,28,0,0,42,0,42,60,0,60,102
05/28/2006,IXD,KS,ACE,CE,Federal Contract Tower,0,3,14,0,17,0,0,19,0,19,0,3,33,0,36,18,0,18,54
05/29/2006,IXD,KS,ACE,CE,Federal Contract Tower,0,3,12,1,16,0,1,34,0,35,0,4,46,1,51,88,0,88,139
05/30/2006,IXD,KS,ACE,CE,Federal Contract Tower,0,3,35,0,38,0,0,53,0,53,0,3,88,0,91,84,0,84,175
05/31/2006,IXD,KS,ACE,CE,Federal Contract Tower,0,7,35,0,42,0,0,56,6,62,0,7,91,6,104,94,0,94,198
06/01/2006,IXD,KS,ACE,CE,Federal Contract Tower,0,7,54,0,61,0,0,54,4,58,0,7,108,4,119,162,0,162,281
06/02/2006,IXD,KS,ACE,CE,Federal Contract Tower,0,9,36,0,45,0,1,108,3,112,0,10,144,3,157,128,0,128,285
06/03/2006,IXD,KS,ACE,CE,Federal Contract Tower,0,1,20,2,23,0,0,108,0,108,0,1,128,2,131,84,2,86,217
06/04/2006,IXD,KS,ACE,CE,Federal Contract Tower,0,5,26,4,35,0,0,57,5,62,0,5,83,9,97,46,0,46,143
06/05/2006,IXD,KS,ACE,CE,Federal Contract Tower,0,11,29,0,40,0,1,76,1,78,0,12,105,1,118,58,0,58,176
06/06/2006,IXD,KS,ACE,CE,Federal Contract Tower,0,6,33,1,40,0,0,70,0,70,0,6,103,1,110,76,0,76,186
06/07/2006,IXD,KS,ACE,CE,Federal Contract Tower,0,7,52,0,59,0,0,101,0,101,0,7,153,0,160,98,0,98,258
06/08/2006,IXD,KS,ACE,CE,Federal Contract Tower,0,6,31,0,37,0,0,94,2,96,0,6,125,2,133,78,0,78,211
06/09/2006,IXD,KS,ACE,CE,Federal Contract Tower,0,3,35,1,39,0,0,110,0,110,0,3,145,1,149,100,0,100,249
06/10/2006,IXD,KS,ACE,CE,Federal Contract Tower,0,6,25,0,31,0,0,54,2,56,0,6,79,2,87,110,0,110,197
06/11/2006,IXD,KS,ACE,CE,Federal Contract Tower,0,6,36,0,42,0,0,37,0,37,0,6,73,0,79,108,0,108,187
06/12/2006,IXD,KS,ACE,CE,Federal Contract Tower,0,8,45,0,53,0,0,83,0,83,0,8,128,0,136,30,0,30,166
06/13/2006,IXD,KS,ACE,CE,Federal Contract Tower,0,9,42,0,51,0,0,58,5,63,0,9,100,5,114,90,0,90,204
06/14/2006,IXD,KS,ACE,CE,Federal Contract Tower,0,12,35,0,47,0,0,87,9,96,0,12,122,9,143,78,0,78,221
06/15/2006,IXD,KS,ACE,CE,Federal Contract Tower,0,1,24,0,25,0,0,52,2,54,0,1,76,2,79,80,0,80,159
06/16/2006,IXD,KS,ACE,CE,Federal Contract Tower,0,5,14,0,19,0,0,84,4,88,0,5,98,4,107,60,0,60,167
06/17/2006,IXD,KS,ACE,CE,Federal Contract Tower,0,4,12,0,16,0,0,40,0,40,0,4,52,0,56,106,0,106,162
06/18/2006,IXD,KS,ACE,CE,Federal Contract Tower,0,5,24,2,31,0,0,65,0,65,0,5,89,2,96,46,0,46,142
06/19/2006,IXD,KS,ACE,CE,Federal Contract Tower,0,9,41,0,50,0,0,105,0,105,0,9,146,0,155,130,0,130,285
06/20/2006,IXD,KS,ACE,CE,Federal Contract Tower,0,9,29,0,38,0,2,76,0,78,0,11,105,0,116,128,0,128,244
06/21/2006,IXD,KS,ACE,CE,Federal Contract Tower,0,9,31,0,40,0,0,83,1,84,0,9,114,1,124,90,0,90,214
06/22/2006,IXD,KS,ACE,CE,Federal Contract Tower,2,7,21,1,31,0,0,56,6,62,2,7,77,7,93,44,14,58,151
06/23/2006,IXD,KS,ACE,CE,Federal Contract Tower,0,8,29,0,37,0,1,90,2,93,0,9,119,2,130,84,0,84,214
06/24/2006,IXD,KS,ACE,CE,Federal Contract Tower,0,5,24,0,29,0,0,62,4,66,0,5,86,4,95,109,0,109,204
06/25/2006,IXD,KS,ACE,CE,Federal Contract Tower,0,4,22,0,26,0,0,67,0,67,0,4,89,0,93,84,0,84,177
06/26/2006,IXD,KS,ACE,CE,Federal Contract Tower,0,2,21,0,23,0,0,38,0,38,0,2,59,0,61,56,0,56,117
06/27/2006,IXD,KS,ACE,CE,Federal Contract Tower,0,2,46,0,48,0,0,74,4,78,0,2,120,4,126,98,0,98,224
06/28/2006,IXD,KS,ACE,CE,Federal Contract Tower,0,8,33,0,41,0,0,67,0,67,0,8,100,0,108,98,0,98,206
06/29/2006,IXD,KS,ACE,CE,Federal Contract Tower,0,12,37,0,49,0,0,108,3,111,0,12,145,3,160,110,0,110,270
06/30/2006,IXD,KS,ACE,CE,Federal Contract Tower,0,11,35,0,46,0,0,122,0,122,0,11,157,0,168,106,0,106,274
07/01/2006,IXD,KS,ACE,CE,Federal Contract Tower,0,0,15,0,15,0,0,68,0,68,0,0,83,0,83,96,0,96,179
07/02/2006,IXD,KS,ACE,CE,Federal Contract Tower,0,4,11,1,16,0,7,29,1,37,0,11,40,2,53,52,0,52,105
07/03/2006,IXD,KS,ACE,CE,Federal Contract Tower,0,5,23,0,28,0,2,61,0,63,0,7,84,0,91,90,0,90,181
07/04/2006,IXD,KS,ACE,CE,Federal Contract Tower,0,2,17,0,19,0,0,33,0,33,0,2,50,0,52,0,46,46,98
07/05/2006,IXD,KS,ACE,CE,Federal Contract Tower,0,6,30,0,36,0,0,54,2,56,0,6,84,2,92,70,0,70,162
07/06/2006,IXD,KS,ACE,CE,Federal Contract Tower,0,4,34,0,38,0,0,116,4,120,0,4,150,4,158,52,0,52,210
07/07/2006,IXD,KS,ACE,CE,Federal Contract Tower,0,2,27,3,32,0,0,100,5,105,0,2,127,8,137,52,0,52,189
07/08/2006,IXD,KS,ACE,CE,Federal Contract Tower,0,2,17,0,19,0,1,79,2,82,0,3,96,2,101,87,0,87,188
07/09/2006,IXD,KS,ACE,CE,Federal Contract Tower,0,3,33,0,36,0,0,12,0,12,0,3,45,0,48,18,0,18,66
07/10/2006,IXD,KS,ACE,CE,Federal Contract Tower,0,11,34,0,45,0,0,21,0,21,0,11,55,0,66,14,0,14,80
07/11/2006,IXD,KS,ACE,CE,Federal Contract Tower,0,2,25,0,27,0,0,35,0,35,0,2,60,0,62,58,0,58,120
07/12/2006,IXD,KS,ACE,CE,Federal Contract Tower,0,5,35,0,40,0,1,70,2,73,0,6,105,2,113,92,2,94,207
07/13/2006,IXD,KS,ACE,CE,Federal Contract Tower,0,8,43,0,51,0,0,91,8,99,0,8,134,8,150,56,4,60,210
07/14/2006,IXD,KS,ACE,CE,Federal Contract Tower,0,5,36,0,41,0,0,76,0,76,0,5,112,0,117,58,0,58,175
07/15/2006,IXD,KS,ACE,CE,Federal Contract Tower,0,11,41,0,52,0,0,98,0,98,0,11,139,0,150,158,0,158,308
07/16/2006,IXD,KS,ACE,CE,Federal Contract Tower,0,3,29,1,33,0,1,71,0,72,0,4,100,1,105,72,0,72,177
07/17/2006,IXD,KS,ACE,CE,Federal Contract Tower,0,6,34,0,40,0,2,58,8,68,0,8,92,8,108,104,0,104,212
07/18/2006,IXD,KS,ACE,CE,Federal Contract Tower,0,3,34,2,39,0,0,83,1,84,0,3,117,3,123,94,0,94,217
07/19/2006,IXD,KS,ACE,CE,Federal Contract Tower,0,5,47,1,53,0,0,56,2,58,0,5,103,3,111,72,0,72,183
07/20/2006,IXD,KS,ACE,CE,Federal Contract Tower,0,17,39,0,56,0,0,99,0,99,0,17,138,0,155,34,0,34,189
07/21/2006,IXD,KS,ACE,CE,Federal Contract Tower,0,12,23,0,35,0,1,78,0,79,0,13,101,0,114,70,0,70,184
07/22/2006,IXD,KS,ACE,CE,Federal Contract Tower,0,3,12,0,15,0,1,153,0,154,0,4,165,0,169,416,0,416,585
07/23/2006,IXD,KS,ACE,CE,Federal Contract Tower,0,8,20,0,28,0,0,133,0,133,0,8,153,0,161,356,0,356,517
07/24/2006,IXD,KS,ACE,CE,Federal Contract Tower,0,4,16,1,21,2,0,81,1,84,2,4,97,2,105,46,0,46,151
07/25/2006,IXD,KS,ACE,CE,Federal Contract Tower,0,2,26,0,28,0,0,54,2,56,0,2,80,2,84,42,0,42,126
07/26/2006,IXD,KS,ACE,CE,Federal Contract Tower,0,12,36,3,51,0,0,66,8,74,0,12,102,11,125,88,0,88,213
07/27/2006,IXD,KS,ACE,CE,Federal Contract Tower,0,7,30,2,39,0,0,25,3,28,0,7,55,5,67,44,12,56,123
07/28/2006,IXD,KS,ACE,CE,Federal Contract Tower,0,5,44,0,49,0,0,70,1,71,0,5,114,1,120,82,0,82,202
07/29/2006,IXD,KS,ACE,CE,Federal Contract Tower,0,1,15,0,16,0,0,67,6,73,0,1,82,6,89,58,0,58,147
07/30/2006,IXD,KS,ACE,CE,Federal Contract Tower,0,1,27,0,28,0,1,52,0,53,0,2,79,0,81,36,0,36,117
07/31/2006,IXD,KS,ACE,CE,Federal Contract Tower,0,5,33,0,38,0,1,53,0,54,0,6,86,0,92,54,0,54,146
08/01/2006,IXD,KS,ACE,CE,Federal Contract Tower,0,0,26,0,26,0,0,51,2,53,0,0,77,2,79,20,0,20,99
08/02/2006,IXD,KS,ACE,CE,Federal Contract Tower,0,9,30,2,41,0,2,39,1,42,0,11,69,3,83,20,34,54,137
08/03/2006,IXD,KS,ACE,CE,Federal Contract Tower,0,8,40,0,48,0,0,68,2,70,0,8,108,2,118,60,0,60,178
08/04/2006,IXD,KS,ACE,CE,Federal Contract Tower,0,2,19,0,21,0,0,83,3,86,0,2,102,3,107,30,0,30,137
08/05/2006,IXD,KS,ACE,CE,Federal Contract Tower,0,9,16,0,25,0,4,53,3,60,0,13,69,3,85,98,0,98,183
08/06/2006,IXD,KS,ACE,CE,Federal Contract Tower,0,1,14,0,15,0,0,36,1,37,0,1,50,1,52,88,0,88,140
08/07/2006,IXD,KS,ACE,CE,Federal Contract Tower,0,2,13,1,16,0,4,51,1,56,0,6,64,2,72,52,2,54,126
08/08/2006,IXD,KS,ACE,CE,Federal Contract Tower,0,1,28,0,29,0,0,70,3,73,0,1,98,3,102,118,0,118,220
08/09/2006,IXD,KS,ACE,CE,Federal Contract Tower,0,0,27,0,27,0,0,87,1,88,0,0,114,1,115,68,0,68,183
08/10/2006,IXD,KS,ACE,CE,Federal Contract Tower,0,10,35,2,47,0,0,73,2,75,0,10,108,4,122,34,4,38,160
08/11/2006,IXD,KS,ACE,CE,Federal Contract Tower,0,6,33,0,39,0,0,112,0,112,0,6,145,0,151,38,0,38,189
08/12/2006,IXD,KS,ACE,CE,Federal Contract Tower,0,7,21,0,28,0,0,59,0,59,0,7,80,0,87,28,0,28,115
08/13/2006,IXD,KS,ACE,CE,Federal Contract Tower,0,4,21,0,25,0,0,42,0,42,0,4,63,0,67,112,0,112,179
08/14/2006,IXD,KS,ACE,CE,Federal Contract Tower,0,6,38,0,44,0,0,25,0,25,0,6,63,0,69,34,0,34,103
08/15/2006,IXD,KS,ACE,CE,Federal Contract Tower,0,8,32,0,40,0,0,75,0,75,0,8,107,0,115,82,2,84,199
08/16/2006,IXD,KS,ACE,CE,Federal Contract Tower,0,7,35,0,42,0,0,99,0,99,0,7,134,0,141,62,0,62,203
08/17/2006,IXD,KS,ACE,CE,Federal Contract Tower,0,2,32,0,34,0,0,80,0,80,0,2,112,0,114,80,0,80,194
08/18/2006,IXD,KS,ACE,CE,Federal Contract Tower,0,5,18,0,23,0,0,53,0,53,0,5,71,0,76,64,0,64,140
08/19/2006,IXD,KS,ACE,CE,Federal Contract Tower,0,2,31,2,35,0,1,44,0,45,0,3,75,2,80,94,14,108,188
08/20/2006,IXD,KS,ACE,CE,Federal Contract Tower,0,4,20,0,24,0,2,55,0,57,0,6,75,0,81,44,0,44,125
08/21/2006,IXD,KS,ACE,CE,Federal Contract Tower,0,4,31,0,35,0,0,57,0,57,0,4,88,0,92,42,9,51,143
08/22/2006,IXD,KS,ACE,CE,Federal Contract Tower,2,11,56,0,69,0,0,87,0,87,2,11,143,0,156,56,0,56,212
08/23/2006,IXD,KS,ACE,CE,Federal Contract Tower,0,16,34,0,50,0,0,111,0,111,0,16,145,0,161,64,0,64,225
08/24/2006,IXD,KS,ACE,CE,Federal Contract Tower,0,4,34,0,38,0,0,112,0,112,0,4,146,0,150,62,0,62,212
08/25/2006,IXD,KS,ACE,CE,Federal Contract Tower,0,7,30,1,38,0,0,38,1,39,0,7,68,2,77,18,0,18,95
08/26/2006,IXD,KS,ACE,CE,Federal Contract Tower,0,0,13,0,13,0,0,26,1,27,0,0,39,1,40,30,0,30,70
08/27/2006,IXD,KS,ACE,CE,Federal Contract Tower,0,4,9,2,15,0,0,9,0,9,0,4,18,2,24,26,0,26,50
08/28/2006,IXD,KS,ACE,CE,Federal Contract Tower,0,0,51,2,53,0,0,16,1,17,0,0,67,3,70,56,0,56,126
08/29/2006,IXD,KS,ACE,CE,Federal Contract Tower,0,4,30,0,34,0,0,50,0,50,0,4,80,0,84,42,0,42,126
08/30/2006,IXD,KS,ACE,CE,Federal Contract Tower,0,4,41,0,45,0,0,93,0,93,0,4,134,0,138,54,0,54,192
08/31/2006,IXD,KS,ACE,CE,Federal Contract Tower,0,5,15,0,20,0,0,85,1,86,0,5,100,1,106,18,0,18,124
09/01/2006,IXD,KS,ACE,CE,Federal Contract Tower,0,3,18,0,21,0,0,64,0,64,0,3,82,0,85,54,0,54,139
09/02/2006,IXD,KS,ACE,CE,Federal Contract Tower,0,4,29,0,33,0,0,57,0,57,0,4,86,0,90,70,0,70,160
09/03/2006,IXD,KS,ACE,CE,Federal Contract Tower,0,1,10,2,13,0,0,43,0,43,0,1,53,2,56,64,0,64,120
09/04/2006,IXD,KS,ACE,CE,Federal Contract Tower,0,8,14,0,22,0,0,47,0,47,0,8,61,0,69,76,0,76,145
09/05/2006,IXD,KS,ACE,CE,Federal Contract Tower,0,9,30,0,39,0,0,55,14,69,0,9,85,14,108,104,0,104,212
09/06/2006,IXD,KS,ACE,CE,Federal Contract Tower,0,15,29,1,45,0,0,76,2,78,0,15,105,3,123,130,4,134,257
09/07/2006,IXD,KS,ACE,CE,Federal Contract Tower,0,6,32,1,39,0,0,52,0,52,0,6,84,1,91,116,0,116,207
09/08/2006,IXD,KS,ACE,CE,Federal Contract Tower,0,0,57,0,57,0,0,40,0,40,0,0,97,0,97,20,0,20,117
09/09/2006,IXD,KS,ACE,CE,Federal Contract Tower,0,0,15,0,15,0,0,75,1,76,0,0,90,1,91,70,0,70,161
09/10/2006,IXD,KS,ACE,CE,Federal Contract Tower,0,5,18,0,23,0,0,19,0,19,0,5,37,0,42,16,0,16,58
09/11/2006,IXD,KS,ACE,CE,Federal Contract Tower,0,4,32,0,36,0,2,11,0,13,0,6,43,0,49,32,0,32,81
09/12/2006,IXD,KS,ACE,CE,Federal Contract Tower,0,5,35,0,40,0,0,55,0,55,0,5,90,0,95,74,0,74,169
09/13/2006,IXD,KS,ACE,CE,Federal Contract Tower,0,17,30,0,47,0,0,126,18,144,0,17,156,18,191,78,14,92,283
09/14/2006,IXD,KS,ACE,CE,Federal Contract Tower,0,9,34,3,46,0,0,97,1,98,0,9,131,4,144,116,0,116,260
09/15/2006,IXD,KS,ACE,CE,Federal Contract Tower,0,5,38,4,47,0,0,96,1,97,0,5,134,5,144,81,26,107,251
09/16/2006,IXD,KS,ACE,CE,Federal Contract Tower,0,2,16,1,19,0,0,24,1,25,0,2,40,2,44,20,0,20,64
09/17/2006,IXD,KS,ACE,CE,Federal Contract Tower,0,1,19,7,27,0,0,21,0,21,0,1,40,7,48,20,0,20,68
09/18/2006,IXD,KS,ACE,CE,Federal Contract Tower,0,6,25,1,32,0,3,65,0,68,0,9,90,1,100,26,0,26,126
09/19/2006,IXD,KS,ACE,CE,Federal Contract Tower,0,4,52,0,56,0,0,108,0,108,0,4,160,0,164,42,0,42,206
09/20/2006,IXD,KS,ACE,CE,Federal Contract Tower,0,10,35,0,45,0,0,80,0,80,0,10,115,0,125,38,0,38,163
09/21/2006,IXD,KS,ACE,CE,Federal Contract Tower,0,10,28,2,40,0,0,7,0,7,0,10,35,2,47,6,0,6,53
09/22/2006,IXD,KS,ACE,CE,Federal Contract Tower,0,6,17,0,23,0,0,49,0,49,0,6,66,0,72,72,0,72,144
09/23/2006,IXD,KS,ACE,CE,Federal Contract Tower,0,2,11,0,13,0,0,48,0,48,0,2,59,0,61,84,0,84,145
09/24/2006,IXD,KS,ACE,CE,Federal Contract Tower,0,2,27,0,29,0,0,39,0,39,0,2,66,0,68,82,0,82,150
09/25/2006,IXD,KS,ACE,CE,Federal Contract Tower,0,5,17,0,22,0,0,46,0,46,0,5,63,0,68,22,0,22,90
09/26/2006,IXD,KS,ACE,CE,Federal Contract Tower,0,10,19,0,29,0,2,81,0,83,0,12,100,0,112,103,0,103,215
09/27/2006,IXD,KS,ACE,CE,Federal Contract Tower,0,14,22,1,37,0,7,120,0,127,0,21,142,1,164,112,2,114,278
09/28/2006,IXD,KS,ACE,CE,Federal Contract Tower,0,10,42,1,53,0,0,59,0,59,0,10,101,1,112,100,2,102,214
09/29/2006,IXD,KS,ACE,CE,Federal Contract Tower,0,10,35,0,45,0,0,66,0,66,0,10,101,0,111,64,0,64,175
09/30/2006,IXD,KS,ACE,CE,Federal Contract Tower,0,7,20,0,27,0,2,72,0,74,0,9,92,0,101,80,0,80,181
10/01/2006,IXD,KS,ACE,CE,Federal Contract Tower,0,2,35,0,37,0,0,54,0,54,0,2,89,0,91,8,0,8,99
10/02/2006,IXD,KS,ACE,CE,Federal Contract Tower,0,9,26,0,35,0,0,45,0,45,0,9,71,0,80,63,0,63,143
10/03/2006,IXD,KS,ACE,CE,Federal Contract Tower,0,5,24,0,29,0,0,59,2,61,0,5,83,2,90,42,0,42,132
10/04/2006,IXD,KS,ACE,CE,Federal Contract Tower,0,6,49,2,57,0,0,43,4,47,0,6,92,6,104,30,0,30,134
10/05/2006,IXD,KS,ACE,CE,Federal Contract Tower,0,5,48,0,53,0,0,96,3,99,0,5,144,3,152,48,0,48,200
10/06/2006,IXD,KS,ACE,CE,Federal Contract Tower,0,9,26,0,35,0,1,156,2,159,0,10,182,2,194,70,0,70,264
10/07/2006,IXD,KS,ACE,CE,Federal Contract Tower,0,0,14,0,14,0,0,150,0,150,0,0,164,0,164,30,0,30,194
10/08/2006,IXD,KS,ACE,CE,Federal Contract Tower,0,5,15,0,20,0,0,45,0,45,0,5,60,0,65,72,0,72,137
10/09/2006,IXD,KS,ACE,CE,Federal Contract Tower,0,4,9,0,13,0,0,72,0,72,0,4,81,0,85,66,0,66,151
10/10/2006,IXD,KS,ACE,CE,Federal Contract Tower,0,3,39,0,42,0,0,26,0,26,0,3,65,0,68,14,0,14,82
10/11/2006,IXD,KS,ACE,CE,Federal Contract Tower,0,10,58,0,68,0,0,64,2,66,0,10,122,2,134,6,0,6,140
10/12/2006,IXD,KS,ACE,CE,Federal Contract Tower,0,11,28,2,41,0,0,74,0,74,0,11,102,2,115,52,0,52,167
10/13/2006,IXD,KS,ACE,CE,Federal Contract Tower,0,0,46,3,49,0,0,88,3,91,0,0,134,6,140,70,0,70,210
10/14/2006,IXD,KS,ACE,CE,Federal Contract Tower,0,2,23,2,27,0,0,68,4,72,0,2,91,6,99,134,14,148,247
10/15/2006,IXD,KS,ACE,CE,Federal Contract Tower,0,6,32,0,38,0,0,15,0,15,0,6,47,0,53,36,0,36,89
10/16/2006,IXD,KS,ACE,CE,Federal Contract Tower,0,4,34,0,38,0,0,0,0,0,0,4,34,0,38,2,0,2,40
10/17/2006,IXD,KS,ACE,CE,Federal Contract Tower,0,2,53,0,55,0,0,37,0,37,0,2,90,0,92,40,0,40,132
10/18/2006,IXD,KS,ACE,CE,Federal Contract Tower,0,6,47,0,53,0,0,15,0,15,0,6,62,0,68,18,0,18,86
10/19/2006,IXD,KS,ACE,CE,Federal Contract Tower,0,16,44,0,60,0,0,60,0,60,0,16,104,0,120,94,0,94,214
10/20/2006,IXD,KS,ACE,CE,Federal Contract Tower,0,7,34,0,41,0,0,107,0,107,0,7,141,0,148,76,0,76,224
10/21/2006,IXD,KS,ACE,CE,Federal Contract Tower,0,2,34,0,36,0,0,0,0,0,0,2,34,0,36,24,0,24,60
10/22/2006,IXD,KS,ACE,CE,Federal Contract Tower,0,6,27,0,33,0,0,27,0,27,0,6,54,0,60,60,0,60,120
10/23/2006,IXD,KS,ACE,CE,Federal Contract Tower,0,4,24,1,29,0,0,62,0,62,0,4,86,1,91,70,0,70,161
10/24/2006,IXD,KS,ACE,CE,Federal Contract Tower,0,4,43,2,49,0,0,86,1,87,0,4,129,3,136,24,4,28,164
10/25/2006,IXD,KS,ACE,CE,Federal Contract Tower,0,5,39,0,44,0,0,0,0,0,0,5,39,0,44,14,0,14,58
10/26/2006,IXD,KS,ACE,CE,Federal Contract Tower,0,4,19,0,23,0,0,0,0,0,0,4,19,0,23,0,0,0,23
10/27/2006,IXD,KS,ACE,CE,Federal Contract Tower,0,5,62,0,67,0,0,45,0,45,0,5,107,0,112,20,0,20,132
10/28/2006,IXD,KS,ACE,CE,Federal Contract Tower,0,7,15,0,22,0,0,117,0,117,0,7,132,0,139,80,0,80,219
10/29/2006,IXD,KS,ACE,CE,Federal Contract Tower,0,6,13,0,19,0,0,51,0,51,0,6,64,0,70,108,0,108,178
10/30/2006,IXD,KS,ACE,CE,Federal Contract Tower,0,7,24,1,32,0,0,31,0,31,0,7,55,1,63,30,0,30,93
10/31/2006,IXD,KS,ACE,CE,Federal Contract Tower,0,3,18,0,21,0,0,58,1,59,0,3,76,1,80,78,0,78,158
11/01/2006,IXD,KS,ACE,CE,Federal Contract Tower,0,4,33,4,41,0,0,142,2,144,0,4,175,6,185,78,0,78,263
11/02/2006,IXD,KS,ACE,CE,Federal Contract Tower,0,6,34,2,42,0,0,109,2,111,0,6,143,4,153,94,4,98,251
11/03/2006,IXD,KS,ACE,CE,Federal Contract Tower,0,10,23,1,34,0,0,90,0,90,0,10,113,1,124,56,2,58,182
11/04/2006,IXD,KS,ACE,CE,Federal Contract Tower,0,4,21,0,25,0,0,70,1,71,0,4,91,1,96,64,0,64,160
11/05/2006,IXD,KS,ACE,CE,Federal Contract Tower,0,6,39,2,47,0,0,43,2,45,0,6,82,4,92,128,0,128,220
11/06/2006,IXD,KS,ACE,CE,Federal Contract Tower,0,7,33,1,41,0,0,7,0,7,0,7,40,1,48,22,0,22,70
11/07/2006,IXD,KS,ACE,CE,Federal Contract Tower,0,9,33,0,42,0,3,74,3,80,0,12,107,3,122,118,0,118,240
11/08/2006,IXD,KS,ACE,CE,Federal Contract Tower,0,3,36,4,43,0,1,111,3,115,0,4,147,7,158,54,8,62,220
11/09/2006,IXD,KS,ACE,CE,Federal Contract Tower,0,2,35,2,39,0,0,72,0,72,0,2,107,2,111,122,4,126,237
11/10/2006,IXD,KS,ACE,CE,Federal Contract Tower,0,6,20,0,26,0,5,7,3,15,0,11,27,3,41,2,2,4,45
11/11/2006,IXD,KS,ACE,CE,Federal Contract Tower,0,1,15,0,16,0,0,77,0,77,0,1,92,0,93,94,0,94,187
11/12/2006,IXD,KS,ACE,CE,Federal Contract Tower,0,3,22,0,25,0,0,33,0,33,0,3,55,0,58,16,0,16,74
11/13/2006,IXD,KS,ACE,CE,Federal Contract Tower,0,13,37,0,50,0,3,54,0,57,0,16,91,0,107,28,9,37,144
11/14/2006,IXD,KS,ACE,CE,Federal Contract Tower,0,15,54,2,71,0,0,67,0,67,0,15,121,2,138,54,0,54,192
11/15/2006,IXD,KS,ACE,CE,Federal Contract Tower,0,14,17,5,36,0,0,10,2,12,0,14,27,7,48,4,0,4,52
11/16/2006,IXD,KS,ACE,CE,Federal Contract Tower,0,12,34,0,46,0,0,58,2,60,0,12,92,2,106,108,0,108,214
11/17/2006,IXD,KS,ACE,CE,Federal Contract Tower,0,3,37,0,40,0,0,94,0,94,0,3,131,0,134,66,0,66,200
11/18/2006,IXD,KS,ACE,CE,Federal Contract Tower,0,6,24,0,30,0,0,62,0,62,0,6,86,0,92,100,0,100,192
11/19/2006,IXD,KS,ACE,CE,Federal Contract Tower,0,6,13,0,19,0,0,32,0,32,0,6,45,0,51,58,0,58,109
11/20/2006,IXD,KS,ACE,CE,Federal Contract Tower,0,2,30,0,32,0,0,52,0,52,0,2,82,0,84,16,0,16,100
11/21/2006,IXD,KS,ACE,CE,Federal Contract Tower,0,7,18,0,25,0,0,89,0,89,0,7,107,0,114,44,0,44,158
11/22/2006,IXD,KS,ACE,CE,Federal Contract Tower,0,2,22,0,24,0,0,119,9,128,0,2,141,9,152,44,0,44,196
11/23/2006,IXD,KS,ACE,CE,Federal Contract Tower,0,2,8,0,10,0,0,34,0,34,0,2,42,0,44,32,0,32,76
11/24/2006,IXD,KS,ACE,CE,Federal Contract Tower,0,5,16,0,21,0,0,122,0,122,0,5,138,0,143,74,0,74,217
11/25/2006,IXD,KS,ACE,CE,Federal Contract Tower,0,2,26,0,28,0,0,54,0,54,0,2,80,0,82,63,0,63,145
11/26/2006,IXD,KS,ACE,CE,Federal Contract Tower,0,8,23,0,31,0,0,16,0,16,0,8,39,0,47,32,0,32,79
11/27/2006,IXD,KS,ACE,CE,Federal Contract Tower,0,3,24,0,27,0,0,17,0,17,0,3,41,0,44,14,0,14,58
11/28/2006,IXD,KS,ACE,CE,Federal Contract Tower,0,9,17,0,26,0,0,63,2,65,0,9,80,2,91,16,0,16,107
11/29/2006,IXD,KS,ACE,CE,Federal Contract Tower,0,2,11,0,13,0,0,0,0,0,0,2,11,0,13,0,0,0,13
11/30/2006,IXD,KS,ACE,CE,Federal Contract Tower,0,1,10,0,11,0,0,3,0,3,0,1,13,0,14,0,0,0,14
12/01/2006,IXD,KS,ACE,CE,Federal Contract Tower,0,2,16,0,18,0,0,23,0,23,0,2,39,0,41,12,0,12,53
12/02/2006,IXD,KS,ACE,CE,Federal Contract Tower,0,5,7,0,12,0,0,36,0,36,0,5,43,0,48,50,0,50,98
12/03/2006,IXD,KS,ACE,CE,Federal Contract Tower,0,4,8,0,12,0,0,18,0,18,0,4,26,0,30,16,0,16,46
12/04/2006,IXD,KS,ACE,CE,Federal Contract Tower,0,6,31,0,37,0,0,32,2,34,0,6,63,2,71,26,0,26,97
12/05/2006,IXD,KS,ACE,CE,Federal Contract Tower,0,7,28,2,37,0,0,59,7,66,0,7,87,9,103,64,2,66,169
12/06/2006,IXD,KS,ACE,CE,Federal Contract Tower,0,9,33,2,44,0,0,59,7,66,0,9,92,9,110,28,0,28,138
12/07/2006,IXD,KS,ACE,CE,Federal Contract Tower,0,7,39,0,46,0,0,48,14,62,0,7,87,14,108,62,0,62,170
12/08/2006,IXD,KS,ACE,CE,Federal Contract Tower,0,4,29,0,33,0,0,67,0,67,0,4,96,0,100,24,26,50,150
12/09/2006,IXD,KS,ACE,CE,Federal Contract Tower,0,7,10,7,24,0,0,47,1,48,0,7,57,8,72,54,0,54,126
12/10/2006,IXD,KS,ACE,CE,Federal Contract Tower,0,0,13,0,13,0,0,33,0,33,0,0,46,0,46,4,0,4,50
12/11/2006,IXD,KS,ACE,CE,Federal Contract Tower,0,2,30,0,32,0,0,16,0,16,0,2,46,0,48,0,0,0,48
12/12/2006,IXD,KS,ACE,CE,Federal Contract Tower,0,5,29,0,34,0,0,22,0,22,0,5,51,0,56,36,0,36,92
12/13/2006,IXD,KS,ACE,CE,Federal Contract Tower,0,6,37,2,45,0,0,86,8,94,0,6,123,10,139,52,28,80,219
12/14/2006,IXD,KS,ACE,CE,Federal Contract Tower,0,9,29,2,40,0,0,72,0,72,0,9,101,2,112,76,2,78,190
12/15/2006,IXD,KS,ACE,CE,Federal Contract Tower,0,7,32,3,42,0,0,118,3,121,0,7,150,6,163,40,8,48,211
12/16/2006,IXD,KS,ACE,CE,Federal Contract Tower,0,4,16,0,20,0,0,20,0,20,0,4,36,0,40,80,0,80,120
12/17/2006,IXD,KS,ACE,CE,Federal Contract Tower,0,2,13,0,15,0,0,12,0,12,0,2,25,0,27,44,0,44,71
12/18/2006,IXD,KS,ACE,CE,Federal Contract Tower,0,4,38,2,44,0,0,41,0,41,0,4,79,2,85,84,0,84,169
12/19/2006,IXD,KS,ACE,CE,Federal Contract Tower,0,7,41,0,48,0,0,55,6,61,0,7,96,6,109,114,0,114,223
12/20/2006,IXD,KS,ACE,CE,Federal Contract Tower,0,10,21,0,31,0,0,0,0,0,0,10,21,0,31,6,0,6,37
12/21/2006,IXD,KS,ACE,CE,Federal Contract Tower,0,4,21,1,26,0,0,54,4,58,0,4,75,5,84,16,0,16,100
12/22/2006,IXD,KS,ACE,CE,Federal Contract Tower,0,4,36,0,40,0,0,3,0,3,0,4,39,0,43,2,0,2,45
12/23/2006,IXD,KS,ACE,CE,Federal Contract Tower,0,4,13,0,17,0,1,47,0,48,0,5,60,0,65,66,0,66,131
12/24/2006,IXD,KS,ACE,CE,Federal Contract Tower,0,3,17,0,20,0,0,33,0,33,0,3,50,0,53,28,0,28,81
12/25/2006,IXD,KS,ACE,CE,Federal Contract Tower,0,2,4,0,6,0,0,7,0,7,0,2,11,0,13,16,0,16,29
12/26/2006,IXD,KS,ACE,CE,Federal Contract Tower,0,7,44,0,51,0,1,105,0,106,0,8,149,0,157,36,0,36,193
12/27/2006,IXD,KS,ACE,CE,Federal Contract Tower,0,3,16,0,19,0,0,93,1,94,0,3,109,1,113,38,0,38,151
12/28/2006,IXD,KS,ACE,CE,Federal Contract Tower,0,5,29,0,34,0,0,68,0,68,0,5,97,0,102,54,0,54,156
12/29/2006,IXD,KS,ACE,CE,Federal Contract Tower,0,10,10,0,20,0,2,43,0,45,0,12,53,0,65,38,0,38,103
12/30/2006,IXD,KS,ACE,CE,Federal Contract Tower,0,1,19,0,20,0,0,2,9,11,0,1,21,9,31,36,0,36,67
12/31/2006,IXD,KS,ACE,CE,Federal Contract Tower,0,4,2,0,6,0,0,2,0,2,0,4,4,0,8,0,0,0,8
01/01/2007,IXD,KS,ACE,CE,Federal Contract Tower,0,1,16,0,17,0,1,51,0,52,0,2,67,0,69,72,0,72,141
01/02/2007,IXD,KS,ACE,CE,Federal Contract Tower,0,4,16,0,20,0,0,63,0,63,0,4,79,0,83,64,0,64,147
01/03/2007,IXD,KS,ACE,CE,Federal Contract Tower,0,9,19,0,28,0,0,73,0,73,0,9,92,0,101,34,0,34,135
01/04/2007,IXD,KS,ACE,CE,Federal Contract Tower,0,0,27,0,27,0,0,26,0,26,0,0,53,0,53,18,0,18,71
01/05/2007,IXD,KS,ACE,CE,Federal Contract Tower,0,7,23,5,35,0,0,6,0,6,0,7,29,5,41,14,4,18,59
01/06/2007,IXD,KS,ACE,CE,Federal Contract Tower,0,8,24,0,32,0,0,62,7,69,0,8,86,7,101,102,5,107,208
01/07/2007,IXD,KS,ACE,CE,Federal Contract Tower,0,11,10,0,21,0,0,47,6,53,0,11,57,6,74,50,0,50,124
01/08/2007,IXD,KS,ACE,CE,Federal Contract Tower,0,3,20,0,23,0,1,32,4,37,0,4,52,4,60,62,0,62,122
01/09/2007,IXD,KS,ACE,CE,Federal Contract Tower,0,4,28,0,32,0,0,46,0,46,0,4,74,0,78,74,0,74,152
01/10/2007,IXD,KS,ACE,CE,Federal Contract Tower,0,9,28,2,39,0,0,47,2,49,0,9,75,4,88,44,4,48,136
01/11/2007,IXD,KS,ACE,CE,Federal Contract Tower,0,10,21,0,31,0,0,37,6,43,0,10,58,6,74,20,0,20,94
01/12/2007,IXD,KS,ACE,CE,Federal Contract Tower,0,3,9,0,12,0,0,0,0,0,0,3,9,0,12,0,0,0,12
01/13/2007,IXD,KS,ACE,CE,Federal Contract Tower,0,0,3,0,3,0,0,1,0,1,0,0,4,0,4,0,0,0,4
01/14/2007,IXD,KS,ACE,CE,Federal Contract Tower,0,2,1,0,3,0,0,0,0,0,0,2,1,0,3,0,0,0,3
01/15/2007,IXD,KS,ACE,CE,Federal Contract Tower,0,3,13,0,16,0,0,0,0,0,0,3,13,0,16,0,0,0,16
01/16/2007,IXD,KS,ACE,CE,Federal Contract Tower,0,4,16,2,22,0,2,49,0,51,0,6,65,2,73,45,4,49,122
01/17/2007,IXD,KS,ACE,CE,Federal Contract Tower,0,2,27,0,29,0,0,36,2,38,0,2,63,2,67,16,0,16,83
01/18/2007,IXD,KS,ACE,CE,Federal Contract Tower,0,9,28,0,37,0,0,36,7,43,0,9,64,7,80,38,4,42,122
01/19/2007,IXD,KS,ACE,CE,Federal Contract Tower,0,1,26,5,32,0,0,80,14,94,0,1,106,19,126,20,12,32,158
01/20/2007,IXD,KS,ACE,CE,Federal Contract Tower,0,2,16,0,18,0,0,16,4,20,0,2,32,4,38,48,0,48,86
01/21/2007,IXD,KS,ACE,CE,Federal Contract Tower,0,4,5,1,10,0,0,0,0,0,0,4,5,1,10,2,0,2,12
01/22/2007,IXD,KS,ACE,CE,Federal Contract Tower,0,2,23,2,27,0,0,8,4,12,0,2,31,6,39,6,0,6,45
01/23/2007,IXD,KS,ACE,CE,Federal Contract Tower,0,8,33,5,46,0,0,38,3,41,0,8,71,8,87,71,4,75,162
01/24/2007,IXD,KS,ACE,CE,Federal Contract Tower,0,4,55,0,59,0,1,30,2,33,0,5,85,2,92,86,0,86,178
01/25/2007,IXD,KS,ACE,CE,Federal Contract Tower,0,0,37,0,37,0,0,19,6,25,0,0,56,6,62,12,6,18,80
01/26/2007,IXD,KS,ACE,CE,Federal Contract Tower,0,2,27,3,32,0,0,68,4,72,0,2,95,7,104,60,14,74,178
01/27/2007,IXD,KS,ACE,CE,Federal Contract Tower,0,2,12,0,14,0,0,20,2,22,0,2,32,2,36,44,0,44,80
01/28/2007,IXD,KS,ACE,CE,Federal Contract Tower,0,2,7,0,9,0,0,32,2,34,0,2,39,2,43,46,0,46,89
01/29/2007,IXD,KS,ACE,CE,Federal Contract Tower,0,1,18,1,20,0,0,11,9,20,0,1,29,10,40,48,14,62,102
01/30/2007,IXD,KS,ACE,CE,Federal Contract Tower,0,5,19,1,25,0,0,36,8,44,0,5,55,9,69,10,0,10,79
01/31/2007,IXD,KS,ACE,CE,Federal Contract Tower,0,10,17,0,27,0,0,2,4,6,0,10,19,4,33,6,4,10,43
02/01/2007,IXD,KS,ACE,CE,Federal Contract Tower,0,11,26,0,37,0,0,29,7,36,0,11,55,7,73,8,0,8,81
02/02/2007,IXD,KS,ACE,CE,Federal Contract Tower,0,5,19,0,24,0,1,40,0,41,0,6,59,0,65,14,0,14,79
02/03/2007,IXD,KS,ACE,CE,Federal Contract Tower,0,3,13,0,16,0,0,30,2,32,0,3,43,2,48,28,0,28,76
02/04/2007,IXD,KS,ACE,CE,Federal Contract Tower,0,4,11,0,15,0,0,14,0,14,0,4,25,0,29,20,0,20,49
02/05/2007,IXD,KS,ACE,CE,Federal Contract Tower,0,4,28,0,32,0,0,16,1,17,0,4,44,1,49,76,2,78,127
02/06/2007,IXD,KS,ACE,CE,Federal Contract Tower,0,6,21,0,27,0,0,74,1,75,0,6,95,1,102,60,0,60,162
02/07/2007,IXD,KS,ACE,CE,Federal Contract Tower,0,11,35,2,48,0,0,53,6,59,0,11,88,8,107,46,2,48,155
02/08/2007,IXD,KS,ACE,CE,Federal Contract Tower,0,10,48,0,58,0,0,56,3,59,0,10,104,3,117,84,0,84,201
02/09/2007,IXD,KS,ACE,CE,Federal Contract Tower,0,8,26,2,36,0,0,36,3,39,0,8,62,5,75,18,0,18,93
02/10/2007,IXD,KS,ACE,CE,Federal Contract Tower,0,5,12,2,19,0,0,44,2,46,0,5,56,4,65,68,0,68,133
02/11/2007,IXD,KS,ACE,CE,Federal Contract Tower,0,4,14,6,24,0,1,23,0,24,0,5,37,6,48,60,0,60,108
02/12/2007,IXD,KS,ACE,CE,Federal Contract Tower,0,2,25,0,27,0,0,0,0,0,0,2,25,0,27,0,0,0,27
02/13/2007,IXD,KS,ACE,CE,Federal Contract Tower,0,0,14,0,14,0,0,0,0,0,0,0,14,0,14,0,0,0,14
02/14/2007,IXD,KS,ACE,CE,Federal Contract Tower,0,3,31,0,34,0,0,34,6,40,0,3,65,6,74,24,0,24,98
02/15/2007,IXD,KS,ACE,CE,Federal Contract Tower,0,7,36,0,43,0,1,34,2,37,0,8,70,2,80,64,0,64,144
02/16/2007,IXD,KS,ACE,CE,Federal Contract Tower,0,0,28,0,28,0,0,46,0,46,0,0,74,0,74,4,0,4,78
02/17/2007,IXD,KS,ACE,CE,Federal Contract Tower,0,0,9,0,9,0,0,5,0,5,0,0,14,0,14,0,0,0,14
02/18/2007,IXD,KS,ACE,CE,Federal Contract Tower,0,5,9,0,14,0,0,40,0,40,0,5,49,0,54,68,0,68,122
02/19/2007,IXD,KS,ACE,CE,Federal Contract Tower,0,2,30,0,32,0,0,47,0,47,0,2,77,0,79,54,0,54,133
02/20/2007,IXD,KS,ACE,CE,Federal Contract Tower,0,3,27,2,32,0,0,44,0,44,0,3,71,2,76,84,2,86,162
02/21/2007,IXD,KS,ACE,CE,Federal Contract Tower,0,10,35,0,45,0,0,80,2,82,0,10,115,2,127,78,2,80,207
02/22/2007,IXD,KS,ACE,CE,Federal Contract Tower,0,9,39,0,48,0,0,84,10,94,0,9,123,10,142,114,0,114,256
02/23/2007,IXD,KS,ACE,CE,Federal Contract Tower,0,6,20,0,26,0,1,37,6,44,0,7,57,6,70,22,0,22,92
02/24/2007,IXD,KS,ACE,CE,Federal Contract Tower,0,2,6,1,9,0,0,0,1,1,0,2,6,2,10,0,2,2,12
02/25/2007,IXD,KS,ACE,CE,Federal Contract Tower,0,2,8,0,10,0,0,4,0,4,0,2,12,0,14,12,0,12,26
02/26/2007,IXD,KS,ACE,CE,Federal Contract Tower,0,3,36,0,39,0,1,51,2,54,0,4,87,2,93,74,0,74,167
02/27/2007,IXD,KS,ACE,CE,Federal Contract Tower,0,13,31,1,45,0,0,99,5,104,0,13,130,6,149,67,0,67,216
02/28/2007,IXD,KS,ACE,CE,Federal Contract Tower,0,3,22,0,25,0,0,38,4,42,0,3,60,4,67,20,0,20,87
03/01/2007,IXD,KS,ACE,CE,Federal Contract Tower,0,4,24,0,28,0,0,15,0,15,0,4,39,0,43,2,0,2,45
03/02/2007,IXD,KS,ACE,CE,Federal Contract Tower,0,3,29,0,32,0,0,53,6,59,0,3,82,6,91,10,0,10,101
03/03/2007,IXD,KS,ACE,CE,Federal Contract Tower,0,2,15,0,17,0,0,12,1,13,0,2,27,1,30,42,10,52,82
03/04/2007,IXD,KS,ACE,CE,Federal Contract Tower,0,3,16,0,19,0,0,72,3,75,0,3,88,3,94,130,0,130,224
03/05/2007,IXD,KS,ACE,CE,Federal Contract Tower,0,1,22,0,23,0,0,70,1,71,0,1,92,1,94,56,0,56,150
03/06/2007,IXD,KS,ACE,CE,Federal Contract Tower,0,4,34,0,38,0,0,50,4,54,0,4,84,4,92,48,0,48,140
03/07/2007,IXD,KS,ACE,CE,Federal Contract Tower,0,8,49,0,57,0,0,76,3,79,0,8,125,3,136,126,0,126,262
03/08/2007,IXD,KS,ACE,CE,Federal Contract Tower,0,5,19,0,24,0,0,74,10,84,0,5,93,10,108,70,0,70,178
03/09/2007,IXD,KS,ACE,CE,Federal Contract Tower,0,2,13,0,15,0,0,55,3,58,0,2,68,3,73,26,10,36,109
03/10/2007,IXD,KS,ACE,CE,Federal Contract Tower,0,3,17,0,20,0,0,110,0,110,0,3,127,0,130,144,0,144,274
03/11/2007,IXD,KS,ACE,CE,Federal Contract Tower,0,4,13,0,17,0,0,26,0,26,0,4,39,0,43,44,0,44,87
03/12/2007,IXD,KS,ACE,CE,Federal Contract Tower,0,2,26,0,28,0,0,56,8,64,0,2,82,8,92,50,0,50,142
03/13/2007,IXD,KS,ACE,CE,Federal Contract Tower,0,6,27,0,33,0,0,60,3,63,0,6,87,3,96,90,0,90,186
03/14/2007,IXD,KS,ACE,CE,Federal Contract Tower,0,9,31,2,42,0,0,54,3,57,0,9,85,5,99,134,2,136,235
03/15/2007,IXD,KS,ACE,CE,Federal Contract Tower,0,7,50,1,58,0,0,45,15,60,0,7,95,16,118,82,8,90,208
03/16/2007,IXD,KS,ACE,CE,Federal Contract Tower,0,4,38,3,45,0,0,80,1,81,0,4,118,4,126,46,0,46,172
03/17/2007,IXD,KS,ACE,CE,Federal Contract Tower,0,2,5,0,7,0,0,61,5,66,0,2,66,5,73,56,0,56,129
03/18/2007,IXD,KS,ACE,CE,Federal Contract Tower,0,4,18,0,22,0,0,44,0,44,0,4,62,0,66,38,0,38,104
03/19/2007,IXD,KS,ACE,CE,Federal Contract Tower,0,3,23,2,28,0,0,19,2,21,0,3,42,4,49,90,0,90,139
03/20/2007,IXD,KS,ACE,CE,Federal Contract Tower,0,4,23,0,27,0,0,2,0,2,0,4,25,0,29,0,0,0,29
03/21/2007,IXD,KS,ACE,CE,Federal Contract Tower,0,3,17,0,20,0,0,110,0,110,0,3,127,0,130,144,0,144,274
03/22/2007,IXD,KS,ACE,CE,Federal Contract Tower,0,2,19,0,21,0,0,3,2,5,0,2,22,2,26,10,0,10,36
03/23/2007,IXD,KS,ACE,CE,Federal Contract Tower,0,6,35,0,41,0,0,23,6,29,0,6,58,6,70,6,12,18,88
03/24/2007,IXD,KS,ACE,CE,Federal Contract Tower,0,4,6,0,10,0,0,17,2,19,0,4,23,2,29,61,0,61,90
03/25/2007,IXD,KS,ACE,CE,Federal Contract Tower,0,3,16,0,19,0,0,29,2,31,0,3,45,2,50,40,0,40,90
03/26/2007,IXD,KS,ACE,CE,Federal Contract Tower,0,5,24,4,33,0,1,17,0,18,0,6,41,4,51,8,0,8,59
03/27/2007,IXD,KS,ACE,CE,Federal Contract Tower,0,6,32,0,38,0,0,51,2,53,0,6,83,2,91,95,0,95,186
03/28/2007,IXD,KS,ACE,CE,Federal Contract Tower,0,8,42,4,54,0,0,55,2,57,0,8,97,6,111,60,0,60,171
03/29/2007,IXD,KS,ACE,CE,Federal Contract Tower,0,6,27,0,33,0,0,49,3,52,0,6,76,3,85,106,0,106,191
03/30/2007,IXD,KS,ACE,CE,Federal Contract Tower,0,4,33,2,39,0,0,44,5,49,0,4,77,7,88,60,6,66,154
03/31/2007,IXD,KS,ACE,CE,Federal Contract Tower,0,3,26,0,29,0,0,1,2,3,0,3,27,2,32,12,0,12,44
04/01/2007,IXD,KS,ACE,CE,Federal Contract Tower,0,5,13,0,18,0,0,50,0,50,0,5,63,0,68,74,0,74,142
04/02/2007,IXD,KS,ACE,CE,Federal Contract Tower,0,3,27,3,33,0,0,67,1,68,0,3,94,4,101,94,0,94,195
04/03/2007,IXD,KS,ACE,CE,Federal Contract Tower,0,2,17,0,19,0,0,28,0,28,0,2,45,0,47,6,0,6,53
04/04/2007,IXD,KS,ACE,CE,Federal Contract Tower,0,10,48,0,58,0,0,92,4,96,0,10,140,4,154,90,0,90,244
04/05/2007,IXD,KS,ACE,CE,Federal Contract Tower,0,5,35,0,40,0,0,59,3,62,0,5,94,3,102,24,3,27,129
04/06/2007,IXD,KS,ACE,CE,Federal Contract Tower,0,4,25,0,29,0,0,57,0,57,0,4,82,0,86,14,0,14,100
04/07/2007,IXD,KS,ACE,CE,Federal Contract Tower,0,3,6,0,9,0,0,46,0,46,0,3,52,0,55,69,0,69,124
04/08/2007,IXD,KS,ACE,CE,Federal Contract Tower,0,3,10,0,13,0,0,25,0,25,0,3,35,0,38,24,0,24,62
04/09/2007,IXD,KS,ACE,CE,Federal Contract Tower,0,4,36,0,40,0,0,33,0,33,0,4,69,0,73,104,0,104,177
04/10/2007,IXD,KS,ACE,CE,Federal Contract Tower,0,2,19,0,21,0,0,5,0,5,0,2,24,0,26,28,0,28,54
04/11/2007,IXD,KS,ACE,CE,Federal Contract Tower,0,11,31,0,42,0,0,19,0,19,0,11,50,0,61,10,0,10,71
04/12/2007,IXD,KS,ACE,CE,Federal Contract Tower,0,12,46,4,62,0,0,53,6,59,0,12,99,10,121,60,2,62,183
04/13/2007,IXD,KS,ACE,CE,Federal Contract Tower,0,4,26,0,30,0,0,12,0,12,0,4,38,0,42,52,9,61,103
04/14/2007,IXD,KS,ACE,CE,Federal Contract Tower,0,1,18,0,19,0,0,4,3,7,0,1,22,3,26,52,0,52,78
04/15/2007,IXD,KS,ACE,CE,Federal Contract Tower,0,1,11,1,13,0,0,104,6,110,0,1,115,7,123,156,0,156,279
04/16/2007,IXD,KS,ACE,CE,Federal Contract Tower,0,3,27,0,30,0,0,86,4,90,0,3,113,4,120,108,0,108,228
04/17/2007,IXD,KS,ACE,CE,Federal Contract Tower,0,6,29,0,35,0,0,70,3,73,0,6,99,3,108,70,0,70,178
04/18/2007,IXD,KS,ACE,CE,Federal Contract Tower,0,4,31,0,35,0,0,93,2,95,0,4,124,2,130,224,0,224,354
04/19/2007,IXD,KS,ACE,CE,Federal Contract Tower,0,8,28,0,36,0,0,91,2,93,0,8,119,2,129,82,0,82,211
04/20/2007,IXD,KS,ACE,CE,Federal Contract Tower,0,4,39,2,45,0,0,97,0,97,0,4,136,2,142,111,0,111,253
04/21/2007,IXD,KS,ACE,CE,Federal Contract Tower,0,3,16,0,19,0,0,119,0,119,0,3,135,0,138,94,0,94,232
04/22/2007,IXD,KS,ACE,CE,Federal Contract Tower,0,1,8,0,9,0,0,17,0,17,0,1,25,0,26,24,0,24,50
04/23/2007,IXD,KS,ACE,CE,Federal Contract Tower,0,7,37,0,44,0,0,62,0,62,0,7,99,0,106,220,0,220,326
04/24/2007,IXD,KS,ACE,CE,Federal Contract Tower,0,2,21,0,23,0,0,18,0,18,0,2,39,0,41,50,5,55,96
04/25/2007,IXD,KS,ACE,CE,Federal Contract Tower,0,6,47,0,53,0,0,0,1,1,0,6,47,1,54,9,0,9,63
04/26/2007,IXD,KS,ACE,CE,Federal Contract Tower,0,4,37,1,42,0,0,35,10,45,0,4,72,11,87,62,0,62,149
04/27/2007,IXD,KS,ACE,CE,Federal Contract Tower,0,4,28,1,33,0,0,77,9,86,0,4,105,10,119,64,10,74,193
04/28/2007,IXD,KS,ACE,CE,Federal Contract Tower,0,3,22,0,25,0,0,70,6,76,0,3,92,6,101,144,2,146,247
04/29/2007,IXD,KS,ACE,CE,Federal Contract Tower,0,7,10,0,17,0,0,80,1,81,0,7,90,1,98,128,0,128,226
04/30/2007,IXD,KS,ACE,CE,Federal Contract Tower,0,3,21,4,28,0,0,91,0,91,0,3,112,4,119,170,8,178,297
05/01/2007,IXD,KS,ACE,CE,Federal Contract Tower,0,7,21,0,28,0,0,50,1,51,0,7,71,1,79,142,0,142,221
05/02/2007,IXD,KS,ACE,CE,Federal Contract Tower,0,12,74,2,88,0,0,1,0,1,0,12,75,2,89,0,4,4,93
05/03/2007,IXD,KS,ACE,CE,Federal Contract Tower,0,6,40,2,48,0,0,0,1,1,0,6,40,3,49,6,0,6,55
05/04/2007,IXD,KS,ACE,CE,Federal Contract Tower,0,7,45,2,54,0,0,56,8,64,0,7,101,10,118,72,2,74,192
05/05/2007,IXD,KS,ACE,CE,Federal Contract Tower,0,0,14,0,14,0,0,20,4,24,0,0,34,4,38,68,0,68,106
05/06/2007,IXD,KS,ACE,CE,Federal Contract Tower,0,0,11,0,11,0,0,0,0,0,0,0,11,0,11,0,0,0,11
05/07/2007,IXD,KS,ACE,CE,Federal Contract Tower,0,6,16,1,23,0,0,40,2,42,0,6,56,3,65,50,0,50,115
05/08/2007,IXD,KS,ACE,CE,Federal Contract Tower,0,4,15,6,25,0,2,58,0,60,0,6,73,6,85,74,12,86,171
05/09/2007,IXD,KS,ACE,CE,Federal Contract Tower,0,8,15,1,24,0,0,32,2,34,0,8,47,3,58,80,0,80,138
05/10/2007,IXD,KS,ACE,CE,Federal Contract Tower,0,5,30,0,35,0,0,67,5,72,0,5,97,5,107,92,0,92,199
05/11/2007,IXD,KS,ACE,CE,Federal Contract Tower,0,1,19,0,20,0,0,107,1,108,0,1,126,1,128,86,0,86,214
05/12/2007,IXD,KS,ACE,CE,Federal Contract Tower,0,2,14,0,16,0,0,87,0,87,0,2,101,0,103,140,0,140,243
05/13/2007,IXD,KS,ACE,CE,Federal Contract Tower,0,2,10,0,12,0,0,14,1,15,0,2,24,1,27,60,0,60,87
05/14/2007,IXD,KS,ACE,CE,Federal Contract Tower,0,7,26,0,33,0,0,78,3,81,0,7,104,3,114,54,0,54,168
05/15/2007,IXD,KS,ACE,CE,Federal Contract Tower,0,5,33,0,38,0,0,8,0,8,0,5,41,0,46,34,0,34,80
05/16/2007,IXD,KS,ACE,CE,Federal Contract Tower,0,1,41,1,43,0,0,101,2,103,0,1,142,3,146,162,0,162,308
05/17/2007,IXD,KS,ACE,CE,Federal Contract Tower,0,4,21,0,25,0,0,92,3,95,0,4,113,3,120,114,2,116,236
05/18/2007,IXD,KS,ACE,CE,Federal Contract Tower,0,3,19,0,22,0,3,130,3,136,0,6,149,3,158,143,0,143,301
05/19/2007,IXD,KS,ACE,CE,Federal Contract Tower,0,3,18,0,21,0,0,99,0,99,0,3,117,0,120,56,0,56,176
05/20/2007,IXD,KS,ACE,CE,Federal Contract Tower,0,3,15,0,18,0,0,53,1,54,0,3,68,1,72,44,0,44,116
05/21/2007,IXD,KS,ACE,CE,Federal Contract Tower,0,2,21,2,25,0,0,79,4,83,0,2,100,6,108,80,2,82,190
05/22/2007,IXD,KS,ACE,CE,Federal Contract Tower,0,2,38,3,43,0,0,44,6,50,0,2,82,9,93,96,0,96,189
05/23/2007,IXD,KS,ACE,CE,Federal Contract Tower,0,9,28,0,37,0,0,49,0,49,0,9,77,0,86,136,0,136,222
05/24/2007,IXD,KS,ACE,CE,Federal Contract Tower,0,5,39,7,51,0,0,21,0,21,0,5,60,7,72,42,32,74,146
05/25/2007,IXD,KS,ACE,CE,Federal Contract Tower,0,7,48,0,55,0,1,59,1,61,0,8,107,1,116,68,0,68,184
05/26/2007,IXD,KS,ACE,CE,Federal Contract Tower,0,2,15,0,17,0,2,17,1,20,0,4,32,1,37,46,0,46,83
05/27/2007,IXD,KS,ACE,CE,Federal Contract Tower,0,0,10,0,10,0,0,6,0,6,0,0,16,0,16,52,0,52,68
05/28/2007,IXD,KS,ACE,CE,Federal Contract Tower,0,3,21,0,24,0,0,23,2,25,0,3,44,2,49,54,0,54,103
05/29/2007,IXD,KS,ACE,CE,Federal Contract Tower,0,4,34,0,38,0,0,55,11,66,0,4,89,11,104,100,0,100,204
05/30/2007,IXD,KS,ACE,CE,Federal Contract Tower,0,2,33,0,35,0,0,18,2,20,0,2,51,2,55,52,0,52,107
05/31/2007,IXD,KS,ACE,CE,Federal Contract Tower,0,8,27,0,35,0,0,65,3,68,0,8,92,3,103,120,2,122,225
06/01/2007,IXD,KS,ACE,CE,Federal Contract Tower,0,6,18,0,24,0,0,41,5,46,0,6,59,5,70,72,0,72,142
06/02/2007,IXD,KS,ACE,CE,Federal Contract Tower,0,1,28,2,31,0,0,17,4,21,0,1,45,6,52,140,0,140,192
06/03/2007,IXD,KS,ACE,CE,Federal Contract Tower,0,3,28,0,31,0,0,30,2,32,0,3,58,2,63,50,0,50,113
06/04/2007,IXD,KS,ACE,CE,Federal Contract Tower,0,8,31,3,42,0,0,66,3,69,0,8,97,6,111,142,4,146,257
06/05/2007,IXD,KS,ACE,CE,Federal Contract Tower,0,1,37,0,38,0,0,98,2,100,0,1,135,2,138,130,9,139,277
06/06/2007,IXD,KS,ACE,CE,Federal Contract Tower,0,7,12,0,19,0,0,44,1,45,0,7,56,1,64,54,0,54,118
06/07/2007,IXD,KS,ACE,CE,Federal Contract Tower,0,2,37,0,39,0,0,38,2,40,0,2,75,2,79,0,0,0,79
06/08/2007,IXD,KS,ACE,CE,Federal Contract Tower,0,2,51,9,62,0,0,126,11,137,0,2,177,20,199,54,0,54,253
06/09/2007,IXD,KS,ACE,CE,Federal Contract Tower,0,1,19,0,20,0,0,107,8,115,0,1,126,8,135,116,0,116,251
06/10/2007,IXD,KS,ACE,CE,Federal Contract Tower,0,3,15,4,22,0,0,31,5,36,0,3,46,9,58,30,4,34,92
06/11/2007,IXD,KS,ACE,CE,Federal Contract Tower,0,0,47,0,47,0,0,33,6,39,0,0,80,6,86,86,0,86,172
06/12/2007,IXD,KS,ACE,CE,Federal Contract Tower,0,3,39,0,42,0,0,58,5,63,0,3,97,5,105,110,0,110,215
06/13/2007,IXD,KS,ACE,CE,Federal Contract Tower,0,14,39,3,56,0,0,110,2,112,0,14,149,5,168,175,22,197,365
06/14/2007,IXD,KS,ACE,CE,Federal Contract Tower,0,4,53,2,59,0,0,107,4,111,0,4,160,6,170,141,8,149,319
06/15/2007,IXD,KS,ACE,CE,Federal Contract Tower,0,9,41,10,60,0,0,95,6,101,0,9,136,16,161,86,0,86,247
06/16/2007,IXD,KS,ACE,CE,Federal Contract Tower,0,0,6,0,6,0,0,74,5,79,0,0,80,5,85,38,0,38,123
06/17/2007,IXD,KS,ACE,CE,Federal Contract Tower,0,3,12,1,16,0,0,67,3,70,0,3,79,4,86,48,2,50,136
06/18/2007,IXD,KS,ACE,CE,Federal Contract Tower,0,7,19,0,26,0,0,9,0,9,0,7,28,0,35,14,0,14,49
06/19/2007,IXD,KS,ACE,CE,Federal Contract Tower,0,4,34,0,38,0,0,119,5,124,0,4,153,5,162,232,0,232,394
06/20/2007,IXD,KS,ACE,CE,Federal Contract Tower,0,11,34,0,45,0,1,117,4,122,0,12,151,4,167,122,0,122,289
06/21/2007,IXD,KS,ACE,CE,Federal Contract Tower,0,6,43,0,49,0,0,95,5,100,0,6,138,5,149,92,0,92,241
06/22/2007,IXD,KS,ACE,CE,Federal Contract Tower,0,9,41,1,51,0,0,130,6,136,0,9,171,7,187,98,0,98,285
06/23/2007,IXD,KS,ACE,CE,Federal Contract Tower,0,1,23,1,25,0,0,65,2,67,0,1,88,3,92,84,0,84,176
06/24/2007,IXD,KS,ACE,CE,Federal Contract Tower,0,9,19,3,31,0,0,71,2,73,0,9,90,5,104,110,0,110,214
06/25/2007,IXD,KS,ACE,CE,Federal Contract Tower,0,7,15,0,22,0,0,88,0,88,0,7,103,0,110,98,0,98,208
06/26/2007,IXD,KS,ACE,CE,Federal Contract Tower,0,2,39,2,43,0,0,71,2,73,0,2,110,4,116,92,2,94,210
06/27/2007,IXD,KS,ACE,CE,Federal Contract Tower,0,6,52,0,58,0,0,34,2,36,0,6,86,2,94,52,0,52,146
06/28/2007,IXD,KS,ACE,CE,Federal Contract Tower,0,7,35,1,43,0,0,39,1,40,0,7,74,2,83,36,12,48,131
06/29/2007,IXD,KS,ACE,CE,Federal Contract Tower,0,3,25,0,28,0,0,2,0,2,0,3,27,0,30,8,0,8,38
06/30/2007,IXD,KS,ACE,CE,Federal Contract Tower,0,1,16,0,17,0,0,0,0,0,0,1,16,0,17,2,0,2,19
07/01/2007,IXD,KS,ACE,CE,Federal Contract Tower,0,2,25,0,27,0,0,56,0,56,0,2,81,0,83,54,0,54,137
07/02/2007,IXD,KS,ACE,CE,Federal Contract Tower,0,3,45,0,48,0,0,105,4,109,0,3,150,4,157,76,0,76,233
07/03/2007,IXD,KS,ACE,CE,Federal Contract Tower,0,0,26,0,26,0,0,76,2,78,0,0,102,2,104,42,0,42,146
07/04/2007,IXD,KS,ACE,CE,Federal Contract Tower,0,0,8,0,8,0,0,66,6,72,0,0,74,6,80,60,0,60,140
07/05/2007,IXD,KS,ACE,CE,Federal Contract Tower,0,5,40,0,45,0,0,99,3,102,0,5,139,3,147,184,0,184,331
07/06/2007,IXD,KS,ACE,CE,Federal Contract Tower,0,6,42,0,48,0,0,132,1,133,0,6,174,1,181,80,0,80,261
07/07/2007,IXD,KS,ACE,CE,Federal Contract Tower,0,0,22,0,22,0,0,82,2,84,0,0,104,2,106,142,0,142,248
07/08/2007,IXD,KS,ACE,CE,Federal Contract Tower,0,2,23,0,25,0,0,65,1,66,0,2,88,1,91,62,0,62,153
07/09/2007,IXD,KS,ACE,CE,Federal Contract Tower,0,9,22,0,31,0,0,49,0,49,0,9,71,0,80,82,0,82,162
07/10/2007,IXD,KS,ACE,CE,Federal Contract Tower,0,7,32,4,43,0,0,109,6,115,0,7,141,10,158,58,12,70,228
07/11/2007,IXD,KS,ACE,CE,Federal Contract Tower,0,5,33,0,38,0,0,96,8,104,0,5,129,8,142,126,0,126,268
07/12/2007,IXD,KS,ACE,CE,Federal Contract Tower,0,17,33,2,52,0,0,110,6,116,0,17,143,8,168,96,0,96,264
07/13/2007,IXD,KS,ACE,CE,Federal Contract Tower,0,11,38,0,49,0,0,142,2,144,0,11,180,2,193,106,0,106,299
07/14/2007,IXD,KS,ACE,CE,Federal Contract Tower,0,0,17,2,19,0,0,80,23,103,0,0,97,25,122,166,0,166,288
07/15/2007,IXD,KS,ACE,CE,Federal Contract Tower,0,3,12,3,18,0,0,92,8,100,0,3,104,11,118,104,0,104,222
07/16/2007,IXD,KS,ACE,CE,Federal Contract Tower,0,10,33,3,46,0,0,105,2,107,0,10,138,5,153,80,4,84,237
07/17/2007,IXD,KS,ACE,CE,Federal Contract Tower,0,5,37,0,42,0,0,106,7,113,0,5,143,7,155,136,18,154,309
07/18/2007,IXD,KS,ACE,CE,Federal Contract Tower,0,6,37,0,43,0,0,78,1,79,0,6,115,1,122,82,12,94,216
07/19/2007,IXD,KS,ACE,CE,Federal Contract Tower,0,2,23,0,25,0,0,76,14,90,0,2,99,14,115,60,18,78,193
07/20/2007,IXD,KS,ACE,CE,Federal Contract Tower,0,0,42,15,57,0,0,123,3,126,0,0,165,18,183,82,12,94,277
07/21/2007,IXD,KS,ACE,CE,Federal Contract Tower,0,2,27,0,29,0,0,134,0,134,0,2,161,0,163,256,0,256,419
07/22/2007,IXD,KS,ACE,CE,Federal Contract Tower,0,4,25,0,29,0,0,155,1,156,0,4,180,1,185,342,0,342,527
07/23/2007,IXD,KS,ACE,CE,Federal Contract Tower,0,3,11,0,14,0,0,51,8,59,0,3,62,8,73,62,0,62,135
07/24/2007,IXD,KS,ACE,CE,Federal Contract Tower,0,2,36,2,40,0,0,102,3,105,0,2,138,5,145,142,16,158,303
07/25/2007,IXD,KS,ACE,CE,Federal Contract Tower,0,5,28,2,35,0,0,67,0,67,0,5,95,2,102,92,12,104,206
07/26/2007,IXD,KS,ACE,CE,Federal Contract Tower,0,5,24,2,31,0,0,101,15,116,0,5,125,17,147,86,0,86,233
07/27/2007,IXD,KS,ACE,CE,Federal Contract Tower,0,5,20,3,28,0,0,117,4,121,0,5,137,7,149,40,0,40,189
07/28/2007,IXD,KS,ACE,CE,Federal Contract Tower,0,6,21,0,27,0,0,60,4,64,0,6,81,4,91,124,0,124,215
07/29/2007,IXD,KS,ACE,CE,Federal Contract Tower,0,5,14,0,19,0,0,32,1,33,0,5,46,1,52,64,0,64,116
07/30/2007,IXD,KS,ACE,CE,Federal Contract Tower,0,5,36,0,41,0,0,36,1,37,0,5,72,1,78,64,0,64,142
07/31/2007,IXD,KS,ACE,CE,Federal Contract Tower,0,3,20,2,25,0,0,100,1,101,0,3,120,3,126,182,0,182,308
08/01/2007,IXD,KS,ACE,CE,Federal Contract Tower,0,6,33,2,41,0,0,94,2,96,0,6,127,4,137,130,0,130,267
08/02/2007,IXD,KS,ACE,CE,Federal Contract Tower,0,3,28,9,40,0,0,68,8,76,0,3,96,17,116,50,8,58,174
08/03/2007,IXD,KS,ACE,CE,Federal Contract Tower,0,4,32,0,36,0,0,79,1,80,0,4,111,1,116,98,0,98,214
08/04/2007,IXD,KS,ACE,CE,Federal Contract Tower,0,2,12,0,14,0,0,59,2,61,0,2,71,2,75,34,0,34,109
08/05/2007,IXD,KS,ACE,CE,Federal Contract Tower,0,1,13,1,15,0,0,56,5,61,0,1,69,6,76,40,0,40,116
08/06/2007,IXD,KS,ACE,CE,Federal Contract Tower,0,6,20,1,27,0,0,60,2,62,0,6,80,3,89,26,0,26,115
08/07/2007,IXD,KS,ACE,CE,Federal Contract Tower,0,1,28,0,29,0,0,89,7,96,0,1,117,7,125,55,4,59,184
08/08/2007,IXD,KS,ACE,CE,Federal Contract Tower,0,4,30,0,34,0,0,85,1,86,0,4,115,1,120,58,2,60,180
08/09/2007,IXD,KS,ACE,CE,Federal Contract Tower,0,9,31,0,40,0,0,109,8,117,0,9,140,8,157,50,4,54,211
08/10/2007,IXD,KS,ACE,CE,Federal Contract Tower,0,7,32,0,39,0,0,126,4,130,0,7,158,4,169,38,0,38,207
08/11/2007,IXD,KS,ACE,CE,Federal Contract Tower,0,6,10,0,16,0,0,52,4,56,0,6,62,4,72,58,0,58,130
08/12/2007,IXD,KS,ACE,CE,Federal Contract Tower,0,3,13,1,17,0,0,65,10,75,0,3,78,11,92,100,0,100,192
08/13/2007,IXD,KS,ACE,CE,Federal Contract Tower,0,3,23,0,26,0,0,75,6,81,0,3,98,6,107,120,0,120,227
08/14/2007,IXD,KS,ACE,CE,Federal Contract Tower,0,2,38,0,40,0,0,68,0,68,0,2,106,0,108,82,6,88,196
08/15/2007,IXD,KS,ACE,CE,Federal Contract Tower,0,10,48,2,60,0,0,96,0,96,0,10,144,2,156,90,2,92,248
08/16/2007,IXD,KS,ACE,CE,Federal Contract Tower,0,11,40,0,51,0,1,49,3,53,0,12,89,3,104,42,0,42,146
08/17/2007,IXD,KS,ACE,CE,Federal Contract Tower,0,17,33,7,57,0,2,100,3,105,0,19,133,10,162,78,14,92,254
08/18/2007,IXD,KS,ACE,CE,Federal Contract Tower,0,1,15,0,16,0,0,116,0,116,0,1,131,0,132,62,0,62,194
08/19/2007,IXD,KS,ACE,CE,Federal Contract Tower,0,6,17,1,24,0,0,47,1,48,0,6,64,2,72,108,0,108,180
08/20/2007,IXD,KS,ACE,CE,Federal Contract Tower,0,8,47,0,55,0,0,69,1,70,0,8,116,1,125,40,0,40,165
08/21/2007,IXD,KS,ACE,CE,Federal Contract Tower,0,3,40,1,44,0,0,85,2,87,0,3,125,3,131,80,8,88,219
08/22/2007,IXD,KS,ACE,CE,Federal Contract Tower,0,7,83,1,91,0,0,40,1,41,0,7,123,2,132,32,0,32,164
08/23/2007,IXD,KS,ACE,CE,Federal Contract Tower,0,4,57,0,61,0,0,79,5,84,0,4,136,5,145,78,12,90,235
08/24/2007,IXD,KS,ACE,CE,Federal Contract Tower,0,2,60,1,63,0,0,38,1,39,0,2,98,2,102,36,0,36,138
08/25/2007,IXD,KS,ACE,CE,Federal Contract Tower,0,0,37,0,37,0,0,63,4,67,0,0,100,4,104,86,0,86,190
08/26/2007,IXD,KS,ACE,CE,Federal Contract Tower,0,0,29,2,31,0,0,62,1,63,0,0,91,3,94,116,0,116,210
08/27/2007,IXD,KS,ACE,CE,Federal Contract Tower,0,5,27,0,32,0,0,66,2,68,0,5,93,2,100,58,0,58,158
08/28/2007,IXD,KS,ACE,CE,Federal Contract Tower,0,7,39,0,46,0,0,100,6,106,0,7,139,6,152,156,0,156,308
08/29/2007,IXD,KS,ACE,CE,Federal Contract Tower,0,7,56,2,65,0,0,69,1,70,0,7,125,3,135,72,0,72,207
08/30/2007,IXD,KS,ACE,CE,Federal Contract Tower,0,5,77,0,82,0,0,141,5,146,0,5,218,5,228,102,0,102,330
08/31/2007,IXD,KS,ACE,CE,Federal Contract Tower,0,6,49,0,55,0,0,128,0,128,0,6,177,0,183,64,0,64,247
09/01/2007,IXD,KS,ACE,CE,Federal Contract Tower,0,4,19,0,23,0,0,99,2,101,0,4,118,2,124,58,0,58,182
09/02/2007,IXD,KS,ACE,CE,Federal Contract Tower,0,4,11,0,15,0,0,46,0,46,0,4,57,0,61,20,0,20,81
09/03/2007,IXD,KS,ACE,CE,Federal Contract Tower,0,13,7,0,20,0,0,89,2,91,0,13,96,2,111,52,0,52,163
09/04/2007,IXD,KS,ACE,CE,Federal Contract Tower,0,3,50,0,53,0,0,57,3,60,0,3,107,3,113,50,0,50,163
09/05/2007,IXD,KS,ACE,CE,Federal Contract Tower,0,11,46,3,60,0,0,36,6,42,0,11,82,9,102,40,0,40,142
09/06/2007,IXD,KS,ACE,CE,Federal Contract Tower,0,6,45,0,51,0,0,47,4,51,0,6,92,4,102,12,0,12,114
09/07/2007,IXD,KS,ACE,CE,Federal Contract Tower,0,6,34,1,41,0,0,134,10,144,0,6,168,11,185,24,0,24,209
09/08/2007,IXD,KS,ACE,CE,Federal Contract Tower,0,3,21,0,24,0,0,133,4,137,0,3,154,4,161,38,0,38,199
09/09/2007,IXD,KS,ACE,CE,Federal Contract Tower,0,10,27,0,37,0,3,29,1,33,0,13,56,1,70,62,0,62,132
09/10/2007,IXD,KS,ACE,CE,Federal Contract Tower,0,6,54,1,61,0,0,50,7,57,0,6,104,8,118,66,0,66,184
09/11/2007,IXD,KS,ACE,CE,Federal Contract Tower,0,11,39,0,50,0,0,92,2,94,0,11,131,2,144,88,0,88,232
09/12/2007,IXD,KS,ACE,CE,Federal Contract Tower,0,7,36,1,44,0,0,98,10,108,0,7,134,11,152,90,0,90,242
09/13/2007,IXD,KS,ACE,CE,Federal Contract Tower,0,8,41,0,49,0,0,110,6,116,0,8,151,6,165,72,0,72,237
09/14/2007,IXD,KS,ACE,CE,Federal Contract Tower,0,7,35,3,45,0,0,118,10,128,0,7,153,13,173,32,0,32,205
09/15/2007,IXD,KS,ACE,CE,Federal Contract Tower,0,5,21,14,40,0,0,49,2,51,0,5,70,16,91,116,14,130,221
09/16/2007,IXD,KS,ACE,CE,Federal Contract Tower,0,12,19,1,32,0,0,44,0,44,0,12,63,1,76,30,0,30,106
09/17/2007,IXD,KS,ACE,CE,Federal Contract Tower,0,15,30,2,47,0,0,47,0,47,0,15,77,2,94,8,0,8,102
09/18/2007,IXD,KS,ACE,CE,Federal Contract Tower,0,8,34,0,42,0,0,48,0,48,0,8,82,0,90,2,0,2,92
09/19/2007,IXD,KS,ACE,CE,Federal Contract Tower,0,10,44,8,62,0,0,85,3,88,0,10,129,11,150,14,0,14,164
09/20/2007,IXD,KS,ACE,CE,Federal Contract Tower,0,15,38,2,55,0,0,107,5,112,0,15,145,7,167,56,8,64,231
09/21/2007,IXD,KS,ACE,CE,Federal Contract Tower,0,22,37,5,64,0,0,130,3,133,0,22,167,8,197,92,0,92,289
09/22/2007,IXD,KS,ACE,CE,Federal Contract Tower,0,6,21,2,29,0,0,91,4,95,0,6,112,6,124,90,0,90,214
09/23/2007,IXD,KS,ACE,CE,Federal Contract Tower,0,9,20,4,33,0,0,97,2,99,0,9,117,6,132,20,0,20,152
09/24/2007,IXD,KS,ACE,CE,Federal Contract Tower,0,4,20,2,26,0,0,82,0,82,0,4,102,2,108,56,2,58,166
09/25/2007,IXD,KS,ACE,CE,Federal Contract Tower,0,4,45,0,49,0,0,1,0,1,0,4,46,0,50,0,0,0,50
09/26/2007,IXD,KS,ACE,CE,Federal Contract Tower,0,1,58,6,65,0,0,115,0,115,0,1,173,6,180,80,0,80,260
09/27/2007,IXD,KS,ACE,CE,Federal Contract Tower,0,4,56,2,62,0,1,117,14,132,0,5,173,16,194,52,0,52,246
09/28/2007,IXD,KS,ACE,CE,Federal Contract Tower,0,2,39,0,41,0,0,163,0,163,0,2,202,0,204,112,0,112,316
09/29/2007,IXD,KS,ACE,CE,Federal Contract Tower,0,0,31,0,31,0,0,63,2,65,0,0,94,2,96,30,0,30,126
09/30/2007,IXD,KS,ACE,CE,Federal Contract Tower,0,3,28,0,31,0,0,29,0,29,0,3,57,0,60,16,0,16,76
10/01/2007,IXD,KS,ACE,CE,Federal Contract Tower,0,2,31,0,33,0,0,72,0,72,0,2,103,0,105,56,0,56,161
10/02/2007,IXD,KS,ACE,CE,Federal Contract Tower,0,3,25,0,28,0,0,32,0,32,0,3,57,0,60,63,0,63,123
10/03/2007,IXD,KS,ACE,CE,Federal Contract Tower,0,8,39,0,47,0,0,72,8,80,0,8,111,8,127,138,4,142,269
10/04/2007,IXD,KS,ACE,CE,Federal Contract Tower,0,3,42,2,47,0,0,45,2,47,0,3,87,4,94,48,0,48,142
10/05/2007,IXD,KS,ACE,CE,Federal Contract Tower,0,3,42,1,46,0,0,73,7,80,0,3,115,8,126,32,2,34,160
10/06/2007,IXD,KS,ACE,CE,Federal Contract Tower,0,4,22,0,26,0,0,36,0,36,0,4,58,0,62,46,0,46,108
10/07/2007,IXD,KS,ACE,CE,Federal Contract Tower,0,3,18,0,21,0,0,13,0,13,0,3,31,0,34,6,0,6,40
10/08/2007,IXD,KS,ACE,CE,Federal Contract Tower,0,5,29,2,36,0,0,38,0,38,0,5,67,2,74,24,0,24,98
10/09/2007,IXD,KS,ACE,CE,Federal Contract Tower,0,2,34,0,36,0,0,89,2,91,0,2,123,2,127,106,0,106,233
10/10/2007,IXD,KS,ACE,CE,Federal Contract Tower,0,6,36,0,42,0,0,73,4,77,0,6,109,4,119,48,0,48,167
10/11/2007,IXD,KS,ACE,CE,Federal Contract Tower,0,6,36,0,42,0,0,93,0,93,0,6,129,0,135,90,0,90,225
10/12/2007,IXD,KS,ACE,CE,Federal Contract Tower,0,3,14,0,17,0,1,78,10,89,0,4,92,10,106,66,0,66,172
10/13/2007,IXD,KS,ACE,CE,Federal Contract Tower,0,4,8,0,12,0,0,3,0,3,0,4,11,0,15,0,0,0,15
10/14/2007,IXD,KS,ACE,CE,Federal Contract Tower,0,3,21,2,26,0,0,21,8,29,0,3,42,10,55,20,0,20,75
10/15/2007,IXD,KS,ACE,CE,Federal Contract Tower,0,6,30,1,37,0,0,11,1,12,0,6,41,2,49,36,2,38,87
10/16/2007,IXD,KS,ACE,CE,Federal Contract Tower,0,1,26,3,30,0,0,62,5,67,0,1,88,8,97,44,2,46,143
10/17/2007,IXD,KS,ACE,CE,Federal Contract Tower,0,9,19,0,28,0,0,3,0,3,0,9,22,0,31,4,0,4,35
10/18/2007,IXD,KS,ACE,CE,Federal Contract Tower,0,3,27,0,30,0,0,52,2,54,0,3,79,2,84,18,0,18,102
10/19/2007,IXD,KS,ACE,CE,Federal Contract Tower,0,6,32,2,40,0,0,117,2,119,0,6,149,4,159,44,2,46,205
10/20/2007,IXD,KS,ACE,CE,Federal Contract Tower,0,2,15,1,18,0,0,61,0,61,0,2,76,1,79,44,0,44,123
10/21/2007,IXD,KS,ACE,CE,Federal Contract Tower,0,7,17,0,24,0,0,27,4,31,0,7,44,4,55,22,0,22,77
10/22/2007,IXD,KS,ACE,CE,Federal Contract Tower,0,3,23,0,26,0,0,14,2,16,0,3,37,2,42,4,0,4,46
10/23/2007,IXD,KS,ACE,CE,Federal Contract Tower,0,5,32,0,37,0,0,77,6,83,0,5,109,6,120,76,0,76,196
10/24/2007,IXD,KS,ACE,CE,Federal Contract Tower,0,11,46,0,57,0,2,77,1,80,0,13,123,1,137,68,0,68,205
10/25/2007,IXD,KS,ACE,CE,Federal Contract Tower,0,3,31,1,35,0,4,76,8,88,0,7,107,9,123,70,2,72,195
10/26/2007,IXD,KS,ACE,CE,Federal Contract Tower,0,3,37,0,40,0,0,34,1,35,0,3,71,1,75,12,0,12,87
10/27/2007,IXD,KS,ACE,CE,Federal Contract Tower,0,2,13,0,15,0,0,76,0,76,0,2,89,0,91,132,0,132,223
10/28/2007,IXD,KS,ACE,CE,Federal Contract Tower,0,3,27,0,30,0,1,89,0,90,0,4,116,0,120,102,0,102,222
10/29/2007,IXD,KS,ACE,CE,Federal Contract Tower,0,6,29,0,35,0,0,131,0,131,0,6,160,0,166,130,0,130,296
10/30/2007,IXD,KS,ACE,CE,Federal Contract Tower,0,7,30,0,37,0,0,77,0,77,0,7,107,0,114,58,0,58,172
10/31/2007,IXD,KS,ACE,CE,Federal Contract Tower,0,8,29,0,37,0,0,75,3,78,0,8,104,3,115,60,0,60,175
11/01/2007,IXD,KS,ACE,CE,Federal Contract Tower,0,8,25,0,33,0,0,62,3,65,0,8,87,3,98,94,0,94,192
11/02/2007,IXD,KS,ACE,CE,Federal Contract Tower,0,8,18,1,27,0,0,90,0,90,0,8,108,1,117,42,2,44,161
11/03/2007,IXD,KS,ACE,CE,Federal Contract Tower,0,2,24,2,28,0,0,97,2,99,0,2,121,4,127,70,0,70,197
11/04/2007,IXD,KS,ACE,CE,Federal Contract Tower,0,3,15,4,22,0,0,90,4,94,0,3,105,8,116,64,2,66,182
11/05/2007,IXD,KS,ACE,CE,Federal Contract Tower,0,3,18,0,21,0,0,63,0,63,0,3,81,0,84,12,0,12,96
11/06/2007,IXD,KS,ACE,CE,Federal Contract Tower,0,3,29,0,32,0,0,65,2,67,0,3,94,2,99,56,0,56,155
11/07/2007,IXD,KS,ACE,CE,Federal Contract Tower,0,12,13,0,25,0,1,73,3,77,0,13,86,3,102,46,0,46,148
11/08/2007,IXD,KS,ACE,CE,Federal Contract Tower,0,4,40,0,44,0,0,78,5,83,0,4,118,5,127,68,0,68,195
11/09/2007,IXD,KS,ACE,CE,Federal Contract Tower,0,2,27,0,29,0,2,125,0,127,0,4,152,0,156,66,0,66,222
11/10/2007,IXD,KS,ACE,CE,Federal Contract Tower,0,5,18,0,23,0,0,76,0,76,0,5,94,0,99,54,0,54,153
11/11/2007,IXD,KS,ACE,CE,Federal Contract Tower,0,2,19,0,21,0,0,21,0,21,0,2,40,0,42,14,0,14,56
11/12/2007,IXD,KS,ACE,CE,Federal Contract Tower,0,7,47,0,54,0,0,22,0,22,0,7,69,0,76,24,0,24,100
11/13/2007,IXD,KS,ACE,CE,Federal Contract Tower,0,0,34,0,34,0,1,73,0,74,0,1,107,0,108,40,0,40,148
11/14/2007,IXD,KS,ACE,CE,Federal Contract Tower,0,5,29,1,35,0,0,62,2,64,0,5,91,3,99,40,0,40,139
11/15/2007,IXD,KS,ACE,CE,Federal Contract Tower,0,6,22,0,28,0,0,157,2,159,0,6,179,2,187,68,0,68,255
11/16/2007,IXD,KS,ACE,CE,Federal Contract Tower,0,6,22,0,28,0,0,153,4,157,0,6,175,4,185,64,7,71,256
11/17/2007,IXD,KS,ACE,CE,Federal Contract Tower,0,9,9,0,18,0,0,91,3,94,0,9,100,3,112,30,0,30,142
11/18/2007,IXD,KS,ACE,CE,Federal Contract Tower,0,3,18,0,21,0,0,74,2,76,0,3,92,2,97,36,0,36,133
11/19/2007,IXD,KS,ACE,CE,Federal Contract Tower,0,6,22,1,29,0,0,38,5,43,0,6,60,6,72,68,0,68,140
11/20/2007,IXD,KS,ACE,CE,Federal Contract Tower,0,2,48,0,50,0,5,51,5,61,0,7,99,5,111,18,2,20,131
11/21/2007,IXD,KS,ACE,CE,Federal Contract Tower,0,12,18,0,30,0,0,0,0,0,0,12,18,0,30,0,0,0,30
11/22/2007,IXD,KS,ACE,CE,Federal Contract Tower,0,0,9,0,9,0,0,27,0,27,0,0,36,0,36,4,0,4,40
11/23/2007,IXD,KS,ACE,CE,Federal Contract Tower,0,2,12,1,15,8,2,84,1,95,8,4,96,2,110,44,8,52,162
11/24/2007,IXD,KS,ACE,CE,Federal Contract Tower,0,2,8,0,10,0,0,5,0,5,0,2,13,0,15,6,0,6,21
11/25/2007,IXD,KS,ACE,CE,Federal Contract Tower,0,0,15,1,16,0,0,87,1,88,0,0,102,2,104,56,6,62,166
11/26/2007,IXD,KS,ACE,CE,Federal Contract Tower,0,6,25,0,31,0,0,92,0,92,0,6,117,0,123,92,0,92,215
11/27/2007,IXD,KS,ACE,CE,Federal Contract Tower,0,8,23,0,31,0,5,87,8,100,0,13,110,8,131,91,0,91,222
11/28/2007,IXD,KS,ACE,CE,Federal Contract Tower,0,6,25,0,31,0,4,63,11,78,0,10,88,11,109,12,10,22,131
11/29/2007,IXD,KS,ACE,CE,Federal Contract Tower,0,1,28,0,29,0,0,150,2,152,0,1,178,2,181,18,0,18,199
11/30/2007,IXD,KS,ACE,CE,Federal Contract Tower,0,4,26,0,30,0,0,116,0,116,0,4,142,0,146,36,0,36,182
12/01/2007,IXD,KS,ACE,CE,Federal Contract Tower,0,0,4,0,4,0,0,0,0,0,0,0,4,0,4,2,0,2,6
12/02/2007,IXD,KS,ACE,CE,Federal Contract Tower,0,7,11,0,18,0,0,5,0,5,0,7,16,0,23,12,0,12,35
12/03/2007,IXD,KS,ACE,CE,Federal Contract Tower,0,4,26,0,30,0,0,76,3,79,0,4,102,3,109,22,0,22,131
12/04/2007,IXD,KS,ACE,CE,Federal Contract Tower,0,7,27,0,34,0,0,125,4,129,0,7,152,4,163,6,0,6,169
12/05/2007,IXD,KS,ACE,CE,Federal Contract Tower,0,8,40,0,48,0,0,22,2,24,0,8,62,2,72,56,0,56,128
12/06/2007,IXD,KS,ACE,CE,Federal Contract Tower,0,10,21,0,31,0,0,7,0,7,0,10,28,0,38,8,0,8,46
12/07/2007,IXD,KS,ACE,CE,Federal Contract Tower,0,3,24,2,29,0,0,4,1,5,0,3,28,3,34,4,0,4,38
12/08/2007,IXD,KS,ACE,CE,Federal Contract Tower,0,1,2,0,3,0,0,2,0,2,0,1,4,0,5,0,0,0,5
12/09/2007,IXD,KS,ACE,CE,Federal Contract Tower,0,3,11,0,14,0,0,0,0,0,0,3,11,0,14,4,0,4,18
12/10/2007,IXD,KS,ACE,CE,Federal Contract Tower,0,1,14,2,17,0,0,0,1,1,0,1,14,3,18,0,2,2,20
12/11/2007,IXD,KS,ACE,CE,Federal Contract Tower,0,0,2,0,2,0,0,0,0,0,0,0,2,0,2,0,0,0,2
12/12/2007,IXD,KS,ACE,CE,Federal Contract Tower,0,0,5,0,5,0,0,0,0,0,0,0,5,0,5,0,0,0,5
12/13/2007,IXD,KS,ACE,CE,Federal Contract Tower,0,8,25,0,33,0,0,34,3,37,0,8,59,3,70,44,5,49,119
12/14/2007,IXD,KS,ACE,CE,Federal Contract Tower,0,1,21,0,22,0,0,76,1,77,0,1,97,1,99,51,0,51,150
12/15/2007,IXD,KS,ACE,CE,Federal Contract Tower,0,0,4,0,4,0,0,0,0,0,0,0,4,0,4,0,0,0,4
12/16/2007,IXD,KS,ACE,CE,Federal Contract Tower,0,0,13,1,14,0,0,62,0,62,0,0,75,1,76,58,0,58,134
12/17/2007,IXD,KS,ACE,CE,Federal Contract Tower,0,0,28,2,30,0,0,82,3,85,0,0,110,5,115,52,0,52,167
12/18/2007,IXD,KS,ACE,CE,Federal Contract Tower,0,0,2,0,2,0,174,0,0,174,0,174,2,0,176,12,0,12,188
12/19/2007,IXD,KS,ACE,CE,Federal Contract Tower,0,0,29,0,29,0,0,110,0,110,0,0,139,0,139,54,0,54,193
12/20/2007,IXD,KS,ACE,CE,Federal Contract Tower,0,6,32,0,38,0,0,131,4,135,0,6,163,4,173,74,15,89,262
12/21/2007,IXD,KS,ACE,CE,Federal Contract Tower,0,5,21,0,26,0,0,106,0,106,0,5,127,0,132,38,0,38,170
12/22/2007,IXD,KS,ACE,CE,Federal Contract Tower,0,0,4,0,4,0,0,0,0,0,0,0,4,0,4,0,0,0,4
12/23/2007,IXD,KS,ACE,CE,Federal Contract Tower,0,4,13,0,17,0,0,46,0,46,0,4,59,0,63,28,0,28,91
12/24/2007,IXD,KS,ACE,CE,Federal Contract Tower,0,2,9,0,11,0,0,42,0,42,0,2,51,0,53,2,0,2,55
12/25/2007,IXD,KS,ACE,CE,Federal Contract Tower,0,0,3,0,3,0,0,14,0,14,0,0,17,0,17,0,0,0,17
12/26/2007,IXD,KS,ACE,CE,Federal Contract Tower,0,3,13,0,16,0,0,23,0,23,0,3,36,0,39,30,0,30,69
12/27/2007,IXD,KS,ACE,CE,Federal Contract Tower,0,0,20,0,20,0,0,0,0,0,0,0,20,0,20,0,0,0,20
12/28/2007,IXD,KS,ACE,CE,Federal Contract Tower,0,0,15,1,16,0,0,20,1,21,0,0,35,2,37,0,0,0,37
12/29/2007,IXD,KS,ACE,CE,Federal Contract Tower,0,1,24,0,25,0,0,34,0,34,0,1,58,0,59,64,0,64,123
12/30/2007,IXD,KS,ACE,CE,Federal Contract Tower,0,3,11,0,14,0,0,45,0,45,0,3,56,0,59,30,0,30,89
12/31/2007,IXD,KS,ACE,CE,Federal Contract Tower,0,1,9,0,10,0,0,49,5,54,0,1,58,5,64,28,0,28,92
01/01/2008,IXD,KS,ACE,CE,Federal Contract Tower,0,0,4,0,4,0,0,22,0,22,0,0,26,0,26,0,0,0,26
01/02/2008,IXD,KS,ACE,CE,Federal Contract Tower,0,13,36,0,49,0,0,65,0,65,0,13,101,0,114,3,2,5,119
01/03/2008,IXD,KS,ACE,CE,Federal Contract Tower,0,0,26,0,26,0,0,65,1,66,0,0,91,1,92,30,6,36,128
01/04/2008,IXD,KS,ACE,CE,Federal Contract Tower,0,1,25,1,27,0,0,93,1,94,0,1,118,2,121,18,4,22,143
01/05/2008,IXD,KS,ACE,CE,Federal Contract Tower,0,1,18,0,19,0,0,41,0,41,0,1,59,0,60,101,0,101,161
01/06/2008,IXD,KS,ACE,CE,Federal Contract Tower,0,2,6,0,8,0,0,51,0,51,0,2,57,0,59,75,0,75,134
01/07/2008,IXD,KS,ACE,CE,Federal Contract Tower,0,7,13,0,20,0,0,27,0,27,0,7,40,0,47,22,0,22,69
01/08/2008,IXD,KS,ACE,CE,Federal Contract Tower,0,3,23,0,26,0,0,10,0,10,0,3,33,0,36,0,12,12,48
01/09/2008,IXD,KS,ACE,CE,Federal Contract Tower,0,9,24,2,35,0,0,88,0,88,0,9,112,2,123,34,0,34,157
01/10/2008,IXD,KS,ACE,CE,Federal Contract Tower,0,9,14,2,25,0,0,9,0,9,0,9,23,2,34,0,2,2,36
01/11/2008,IXD,KS,ACE,CE,Federal Contract Tower,0,5,39,1,45,0,0,149,0,149,0,5,188,1,194,84,0,84,278
01/12/2008,IXD,KS,ACE,CE,Federal Contract Tower,0,2,17,0,19,0,0,94,2,96,0,2,111,2,115,80,4,84,199
01/13/2008,IXD,KS,ACE,CE,Federal Contract Tower,0,6,14,0,20,0,2,85,6,93,0,8,99,6,113,76,0,76,189
01/14/2008,IXD,KS,ACE,CE,Federal Contract Tower,0,1,14,0,15,0,0,66,7,73,0,1,80,7,88,42,0,42,130
01/15/2008,IXD,KS,ACE,CE,Federal Contract Tower,0,0,16,3,19,0,0,77,1,78,0,0,93,4,97,32,0,32,129
01/16/2008,IXD,KS,ACE,CE,Federal Contract Tower,0,7,17,0,24,0,0,10,3,13,0,7,27,3,37,0,8,8,45
01/17/2008,IXD,KS,ACE,CE,Federal Contract Tower,0,4,25,1,30,0,0,69,5,74,0,4,94,6,104,4,6,10,114
01/18/2008,IXD,KS,ACE,CE,Federal Contract Tower,0,8,22,1,31,0,0,42,1,43,0,8,64,2,74,22,1,23,97
01/19/2008,IXD,KS,ACE,CE,Federal Contract Tower,0,2,15,0,17,0,0,51,0,51,0,2,66,0,68,59,0,59,127
01/20/2008,IXD,KS,ACE,CE,Federal Contract Tower,0,0,20,0,20,0,0,31,0,31,0,0,51,0,51,32,0,32,83
01/21/2008,IXD,KS,ACE,CE,Federal Contract Tower,0,9,14,0,23,0,0,25,0,25,0,9,39,0,48,20,0,20,68
01/22/2008,IXD,KS,ACE,CE,Federal Contract Tower,0,2,28,0,30,0,0,46,1,47,0,2,74,1,77,86,4,90,167
01/23/2008,IXD,KS,ACE,CE,Federal Contract Tower,0,2,17,0,19,0,0,63,1,64,0,2,80,1,83,20,5,25,108
01/24/2008,IXD,KS,ACE,CE,Federal Contract Tower,0,7,25,0,32,0,0,94,6,100,0,7,119,6,132,28,4,32,164
01/25/2008,IXD,KS,ACE,CE,Federal Contract Tower,0,3,15,0,18,0,0,38,2,40,0,3,53,2,58,28,0,28,86
01/26/2008,IXD,KS,ACE,CE,Federal Contract Tower,0,0,21,0,21,0,0,93,0,93,0,0,114,0,114,38,1,39,153
01/27/2008,IXD,KS,ACE,CE,Federal Contract Tower,0,2,10,0,12,0,0,88,4,92,0,2,98,4,104,37,0,37,141
01/28/2008,IXD,KS,ACE,CE,Federal Contract Tower,0,2,16,0,18,0,0,40,5,45,0,2,56,5,63,10,0,10,73
01/29/2008,IXD,KS,ACE,CE,Federal Contract Tower,0,0,19,0,19,0,0,10,0,10,0,0,29,0,29,0,0,0,29
01/30/2008,IXD,KS,ACE,CE,Federal Contract Tower,0,4,23,0,27,0,0,106,10,116,0,4,129,10,143,30,0,30,173
01/31/2008,IXD,KS,ACE,CE,Federal Contract Tower,0,7,20,0,27,0,0,49,4,53,0,7,69,4,80,28,0,28,108
02/01/2008,IXD,KS,ACE,CE,Federal Contract Tower,0,4,39,0,43,0,0,45,2,47,0,4,84,2,90,12,0,12,102
02/02/2008,IXD,KS,ACE,CE,Federal Contract Tower,0,2,27,0,29,0,0,114,2,116,0,2,141,2,145,78,0,78,223
02/03/2008,IXD,KS,ACE,CE,Federal Contract Tower,0,5,2,0,7,0,0,8,0,8,0,5,10,0,15,0,0,0,15
02/04/2008,IXD,KS,ACE,CE,Federal Contract Tower,0,5,27,0,32,0,0,67,0,67,0,5,94,0,99,74,0,74,173
02/05/2008,IXD,KS,ACE,CE,Federal Contract Tower,0,6,13,0,19,0,0,0,0,0,0,6,13,0,19,0,0,0,19
02/06/2008,IXD,KS,ACE,CE,Federal Contract Tower,0,6,28,0,34,0,0,28,2,30,0,6,56,2,64,0,0,0,64
02/07/2008,IXD,KS,ACE,CE,Federal Contract Tower,0,3,40,1,44,0,0,72,8,80,0,3,112,9,124,98,0,98,222
02/08/2008,IXD,KS,ACE,CE,Federal Contract Tower,0,4,26,0,30,0,0,154,4,158,0,4,180,4,188,62,0,62,250
02/09/2008,IXD,KS,ACE,CE,Federal Contract Tower,0,0,11,0,11,0,0,118,14,132,0,0,129,14,143,100,5,105,248
02/10/2008,IXD,KS,ACE,CE,Federal Contract Tower,0,0,10,0,10,0,0,46,4,50,0,0,56,4,60,78,0,78,138
02/11/2008,IXD,KS,ACE,CE,Federal Contract Tower,0,4,9,0,13,0,0,8,2,10,0,4,17,2,23,0,0,0,23
02/12/2008,IXD,KS,ACE,CE,Federal Contract Tower,0,3,21,0,24,0,0,68,0,68,0,3,89,0,92,8,0,8,100
02/13/2008,IXD,KS,ACE,CE,Federal Contract Tower,0,3,28,0,31,0,0,74,2,76,0,3,102,2,107,62,0,62,169
02/14/2008,IXD,KS,ACE,CE,Federal Contract Tower,0,5,24,0,29,0,0,70,3,73,0,5,94,3,102,10,1,11,113
02/15/2008,IXD,KS,ACE,CE,Federal Contract Tower,0,11,11,0,22,0,0,72,2,74,0,11,83,2,96,62,0,62,158
02/16/2008,IXD,KS,ACE,CE,Federal Contract Tower,0,0,14,0,14,0,0,29,0,29,0,0,43,0,43,12,0,12,55
02/17/2008,IXD,KS,ACE,CE,Federal Contract Tower,0,4,1,0,5,0,0,3,0,3,0,4,4,0,8,14,0,14,22
02/18/2008,IXD,KS,ACE,CE,Federal Contract Tower,0,7,30,0,37,0,0,59,2,61,0,7,89,2,98,81,0,81,179
02/19/2008,IXD,KS,ACE,CE,Federal Contract Tower,0,5,23,0,28,0,0,78,16,94,0,5,101,16,122,112,0,112,234
02/20/2008,IXD,KS,ACE,CE,Federal Contract Tower,0,10,42,0,52,0,0,95,2,97,0,10,137,2,149,52,0,52,201
02/21/2008,IXD,KS,ACE,CE,Federal Contract Tower,0,6,8,0,14,0,0,0,0,0,0,6,8,0,14,0,0,0,14
02/22/2008,IXD,KS,ACE,CE,Federal Contract Tower,0,6,12,0,18,0,0,0,20,20,0,6,12,20,38,10,0,10,48
02/23/2008,IXD,KS,ACE,CE,Federal Contract Tower,0,3,10,0,13,0,0,8,4,12,0,3,18,4,25,4,0,4,29
02/24/2008,IXD,KS,ACE,CE,Federal Contract Tower,0,2,17,0,19,0,0,9,0,9,0,2,26,0,28,0,0,0,28
02/25/2008,IXD,KS,ACE,CE,Federal Contract Tower,0,3,14,2,19,0,0,18,2,20,0,3,32,4,39,45,0,45,84
02/26/2008,IXD,KS,ACE,CE,Federal Contract Tower,0,4,15,0,19,0,0,58,14,72,0,4,73,14,91,22,0,22,113
02/27/2008,IXD,KS,ACE,CE,Federal Contract Tower,0,2,20,0,22,0,0,112,4,116,0,2,132,4,138,34,3,37,175
02/28/2008,IXD,KS,ACE,CE,Federal Contract Tower,0,3,24,0,27,0,0,94,4,98,0,3,118,4,125,100,0,100,225
02/29/2008,IXD,KS,ACE,CE,Federal Contract Tower,0,6,42,0,48,0,0,127,1,128,0,6,169,1,176,98,5,103,279
03/01/2008,IXD,KS,ACE,CE,Federal Contract Tower,0,1,5,0,6,0,0,103,5,108,0,1,108,5,114,22,6,28,142
03/02/2008,IXD,KS,ACE,CE,Federal Contract Tower,0,6,3,1,10,0,0,8,5,13,0,6,11,6,23,4,6,10,33
03/03/2008,IXD,KS,ACE,CE,Federal Contract Tower,0,3,10,0,13,0,0,19,2,21,0,3,29,2,34,0,0,0,34
03/04/2008,IXD,KS,ACE,CE,Federal Contract Tower,0,3,23,1,27,0,0,144,5,149,0,3,167,6,176,42,1,43,219
03/05/2008,IXD,KS,ACE,CE,Federal Contract Tower,0,2,30,0,32,0,0,34,2,36,0,2,64,2,68,44,0,44,112
03/06/2008,IXD,KS,ACE,CE,Federal Contract Tower,0,5,46,1,52,0,0,130,8,138,0,5,176,9,190,85,0,85,275
03/07/2008,IXD,KS,ACE,CE,Federal Contract Tower,0,5,24,0,29,0,0,12,0,12,0,5,36,0,41,0,0,0,41
03/08/2008,IXD,KS,ACE,CE,Federal Contract Tower,0,3,21,1,25,0,0,59,0,59,0,3,80,1,84,54,0,54,138
03/09/2008,IXD,KS,ACE,CE,Federal Contract Tower,0,1,15,0,16,0,0,92,0,92,0,1,107,0,108,74,0,74,182
03/10/2008,IXD,KS,ACE,CE,Federal Contract Tower,0,3,28,0,31,0,1,99,2,102,0,4,127,2,133,72,0,72,205
03/11/2008,IXD,KS,ACE,CE,Federal Contract Tower,0,2,18,0,20,0,0,114,2,116,0,2,132,2,136,139,2,141,277
03/12/2008,IXD,KS,ACE,CE,Federal Contract Tower,0,4,17,0,21,0,0,116,4,120,0,4,133,4,141,110,0,110,251
03/13/2008,IXD,KS,ACE,CE,Federal Contract Tower,0,3,22,3,28,0,0,97,4,101,0,3,119,7,129,72,0,72,201
03/14/2008,IXD,KS,ACE,CE,Federal Contract Tower,0,8,42,0,50,0,0,103,0,103,0,8,145,0,153,76,0,76,229
03/15/2008,IXD,KS,ACE,CE,Federal Contract Tower,0,4,10,0,14,0,0,14,0,14,0,4,24,0,28,20,0,20,48
03/16/2008,IXD,KS,ACE,CE,Federal Contract Tower,0,0,33,0,33,0,0,51,0,51,0,0,84,0,84,44,0,44,128
03/17/2008,IXD,KS,ACE,CE,Federal Contract Tower,0,2,9,1,12,0,0,6,0,6,0,2,15,1,18,0,0,0,18
03/18/2008,IXD,KS,ACE,CE,Federal Contract Tower,0,7,50,0,57,0,0,26,0,26,0,7,76,0,83,92,0,92,175
03/19/2008,IXD,KS,ACE,CE,Federal Contract Tower,0,7,33,4,44,0,0,105,2,107,0,7,138,6,151,172,0,172,323
03/20/2008,IXD,KS,ACE,CE,Federal Contract Tower,0,4,25,2,31,0,0,181,1,182,0,4,206,3,213,101,2,103,316
03/21/2008,IXD,KS,ACE,CE,Federal Contract Tower,0,2,24,0,26,0,0,110,2,112,0,2,134,2,138,20,0,20,158
03/22/2008,IXD,KS,ACE,CE,Federal Contract Tower,0,3,17,0,20,0,0,92,2,94,0,3,109,2,114,128,0,128,242
03/23/2008,IXD,KS,ACE,CE,Federal Contract Tower,0,3,6,0,9,0,0,37,0,37,0,3,43,0,46,24,0,24,70
03/24/2008,IXD,KS,ACE,CE,Federal Contract Tower,0,4,33,0,37,0,1,78,2,81,0,5,111,2,118,30,0,30,148
03/25/2008,IXD,KS,ACE,CE,Federal Contract Tower,0,5,34,2,41,0,0,158,6,164,0,5,192,8,205,50,0,50,255
03/26/2008,IXD,KS,ACE,CE,Federal Contract Tower,0,16,29,0,45,0,0,79,2,81,0,16,108,2,126,0,0,0,126
03/27/2008,IXD,KS,ACE,CE,Federal Contract Tower,0,4,26,0,30,0,0,0,0,0,0,4,26,0,30,6,0,6,36
03/28/2008,IXD,KS,ACE,CE,Federal Contract Tower,0,4,42,1,47,0,0,181,3,184,0,4,223,4,231,178,5,183,414
03/29/2008,IXD,KS,ACE,CE,Federal Contract Tower,0,0,28,0,28,0,0,89,1,90,0,0,117,1,118,49,7,56,174
03/30/2008,IXD,KS,ACE,CE,Federal Contract Tower,0,2,12,0,14,0,0,8,0,8,0,2,20,0,22,28,0,28,50
03/31/2008,IXD,KS,ACE,CE,Federal Contract Tower,0,4,12,0,16,0,0,14,0,14,0,4,26,0,30,0,0,0,30
04/01/2008,IXD,KS,ACE,CE,Federal Contract Tower,0,17,24,0,41,0,0,101,9,110,0,17,125,9,151,94,0,94,245
04/02/2008,IXD,KS,ACE,CE,Federal Contract Tower,0,7,22,0,29,0,0,154,3,157,0,7,176,3,186,72,0,72,258
04/03/2008,IXD,KS,ACE,CE,Federal Contract Tower,0,9,20,0,29,0,0,0,0,0,0,9,20,0,29,4,0,4,33
04/04/2008,IXD,KS,ACE,CE,Federal Contract Tower,0,8,66,4,78,0,0,144,0,144,0,8,210,4,222,88,8,96,318
04/05/2008,IXD,KS,ACE,CE,Federal Contract Tower,0,2,23,1,26,0,0,162,1,163,0,2,185,2,189,118,2,120,309
04/06/2008,IXD,KS,ACE,CE,Federal Contract Tower,0,6,15,0,21,0,0,47,10,57,0,6,62,10,78,96,0,96,174
04/07/2008,IXD,KS,ACE,CE,Federal Contract Tower,0,7,8,0,15,0,0,96,0,96,0,7,104,0,111,104,0,104,215
04/08/2008,IXD,KS,ACE,CE,Federal Contract Tower,0,16,33,1,50,0,0,4,0,4,0,16,37,1,54,0,0,0,54
04/09/2008,IXD,KS,ACE,CE,Federal Contract Tower,0,12,24,2,38,0,0,73,4,77,0,12,97,6,115,54,9,63,178
04/10/2008,IXD,KS,ACE,CE,Federal Contract Tower,0,8,21,1,30,0,0,6,0,6,0,8,27,1,36,0,0,0,36
04/11/2008,IXD,KS,ACE,CE,Federal Contract Tower,0,2,11,0,13,0,0,1,0,1,0,2,12,0,14,0,0,0,14
04/12/2008,IXD,KS,ACE,CE,Federal Contract Tower,0,3,13,0,16,0,0,9,0,9,0,3,22,0,25,0,0,0,25
04/13/2008,IXD,KS,ACE,CE,Federal Contract Tower,0,3,14,0,17,0,0,55,7,62,0,3,69,7,79,114,0,114,193
04/14/2008,IXD,KS,ACE,CE,Federal Contract Tower,0,4,30,0,34,0,0,154,2,156,0,4,184,2,190,148,0,148,338
04/15/2008,IXD,KS,ACE,CE,Federal Contract Tower,0,4,30,0,34,0,0,77,3,80,0,4,107,3,114,48,0,48,162
04/16/2008,IXD,KS,ACE,CE,Federal Contract Tower,0,11,25,0,36,0,0,70,0,70,0,11,95,0,106,40,0,40,146
04/17/2008,IXD,KS,ACE,CE,Federal Contract Tower,0,3,19,0,22,0,0,55,0,55,0,3,74,0,77,67,0,67,144
04/18/2008,IXD,KS,ACE,CE,Federal Contract Tower,0,3,23,2,28,0,0,16,0,16,0,3,39,2,44,24,4,28,72
04/19/2008,IXD,KS,ACE,CE,Federal Contract Tower,0,2,22,0,24,0,1,126,0,127,0,3,148,0,151,84,0,84,235
04/20/2008,IXD,KS,ACE,CE,Federal Contract Tower,0,3,11,1,15,0,0,84,0,84,0,3,95,1,99,97,2,99,198
04/21/2008,IXD,KS,ACE,CE,Federal Contract Tower,0,3,21,0,24,0,0,92,1,93,0,3,113,1,117,64,0,64,181
04/22/2008,IXD,KS,ACE,CE,Federal Contract Tower,0,2,36,0,38,0,0,55,0,55,0,2,91,0,93,70,0,70,163
04/23/2008,IXD,KS,ACE,CE,Federal Contract Tower,0,5,29,0,34,0,0,43,1,44,0,5,72,1,78,56,0,56,134
04/24/2008,IXD,KS,ACE,CE,Federal Contract Tower,0,8,30,0,38,0,0,63,3,66,0,8,93,3,104,96,0,96,200
04/25/2008,IXD,KS,ACE,CE,Federal Contract Tower,0,10,18,1,29,0,0,64,0,64,0,10,82,1,93,24,0,24,117
04/26/2008,IXD,KS,ACE,CE,Federal Contract Tower,0,3,14,1,18,0,0,191,0,191,0,3,205,1,209,132,2,134,343
04/27/2008,IXD,KS,ACE,CE,Federal Contract Tower,0,3,23,0,26,0,0,86,0,86,0,3,109,0,112,97,0,97,209
04/28/2008,IXD,KS,ACE,CE,Federal Contract Tower,0,7,12,0,19,0,0,91,2,93,0,7,103,2,112,108,0,108,220
04/29/2008,IXD,KS,ACE,CE,Federal Contract Tower,0,4,18,0,22,0,0,122,4,126,0,4,140,4,148,56,0,56,204
04/30/2008,IXD,KS,ACE,CE,Federal Contract Tower,0,8,35,1,44,0,0,73,4,77,0,8,108,5,121,40,0,40,161
05/01/2008,IXD,KS,ACE,CE,Federal Contract Tower,0,13,19,0,32,0,0,74,2,76,0,13,93,2,108,26,0,26,134
05/02/2008,IXD,KS,ACE,CE,Federal Contract Tower,0,6,29,2,37,0,0,63,3,66,0,6,92,5,103,16,0,16,119
05/03/2008,IXD,KS,ACE,CE,Federal Contract Tower,0,0,6,0,6,0,0,56,8,64,0,0,62,8,70,26,4,30,100
05/04/2008,IXD,KS,ACE,CE,Federal Contract Tower,0,4,15,0,19,0,0,88,10,98,0,4,103,10,117,134,0,134,251
05/05/2008,IXD,KS,ACE,CE,Federal Contract Tower,0,2,25,0,27,0,0,88,3,91,0,2,113,3,118,86,0,86,204
05/06/2008,IXD,KS,ACE,CE,Federal Contract Tower,0,1,30,0,31,0,0,30,7,37,0,1,60,7,68,42,0,42,110
05/07/2008,IXD,KS,ACE,CE,Federal Contract Tower,0,11,20,0,31,0,0,17,0,17,0,11,37,0,48,52,2,54,102
05/08/2008,IXD,KS,ACE,CE,Federal Contract Tower,0,4,29,1,34,0,0,162,12,174,0,4,191,13,208,182,0,182,390
05/09/2008,IXD,KS,ACE,CE,Federal Contract Tower,0,7,50,0,57,0,0,50,0,50,0,7,100,0,107,98,0,98,205
05/10/2008,IXD,KS,ACE,CE,Federal Contract Tower,0,1,17,0,18,0,0,13,0,13,0,1,30,0,31,0,0,0,31
05/11/2008,IXD,KS,ACE,CE,Federal Contract Tower,0,3,12,0,15,0,0,45,0,45,0,3,57,0,60,18,0,18,78
05/12/2008,IXD,KS,ACE,CE,Federal Contract Tower,0,6,14,0,20,0,0,60,1,61,0,6,74,1,81,80,6,86,167
05/13/2008,IXD,KS,ACE,CE,Federal Contract Tower,0,9,30,0,39,0,0,43,4,47,0,9,73,4,86,16,0,16,102
05/14/2008,IXD,KS,ACE,CE,Federal Contract Tower,0,13,33,2,48,0,0,151,8,159,0,13,184,10,207,48,10,58,265
05/15/2008,IXD,KS,ACE,CE,Federal Contract Tower,0,6,38,3,47,0,0,114,15,129,0,6,152,18,176,108,4,112,288
05/16/2008,IXD,KS,ACE,CE,Federal Contract Tower,0,11,22,3,36,0,0,136,0,136,0,11,158,3,172,102,10,112,284
05/17/2008,IXD,KS,ACE,CE,Federal Contract Tower,0,4,8,0,12,0,0,130,3,133,0,4,138,3,145,76,6,82,227
05/18/2008,IXD,KS,ACE,CE,Federal Contract Tower,0,3,12,4,19,0,0,116,2,118,0,3,128,6,137,32,4,36,173
05/19/2008,IXD,KS,ACE,CE,Federal Contract Tower,0,3,26,0,29,0,1,65,0,66,0,4,91,0,95,54,0,54,149
05/20/2008,IXD,KS,ACE,CE,Federal Contract Tower,0,7,22,1,30,0,0,104,10,114,0,7,126,11,144,50,30,80,224
05/21/2008,IXD,KS,ACE,CE,Federal Contract Tower,0,14,21,0,35,0,0,111,6,117,0,14,132,6,152,76,0,76,228
05/22/2008,IXD,KS,ACE,CE,Federal Contract Tower,0,6,20,0,26,0,0,47,6,53,0,6,67,6,79,24,0,24,103
05/23/2008,IXD,KS,ACE,CE,Federal Contract Tower,0,10,29,0,39,0,0,71,0,71,0,10,100,0,110,86,0,86,196
05/24/2008,IXD,KS,ACE,CE,Federal Contract Tower,0,2,11,0,13,0,0,23,0,23,0,2,34,0,36,8,0,8,44
05/25/2008,IXD,KS,ACE,CE,Federal Contract Tower,0,1,6,2,9,0,0,34,0,34,0,1,40,2,43,12,0,12,55
05/26/2008,IXD,KS,ACE,CE,Federal Contract Tower,0,3,9,2,14,0,0,14,1,15,0,3,23,3,29,2,0,2,31
05/27/2008,IXD,KS,ACE,CE,Federal Contract Tower,0,9,23,1,33,0,0,49,1,50,0,9,72,2,83,42,0,42,125
05/28/2008,IXD,KS,ACE,CE,Federal Contract Tower,0,8,32,2,42,0,0,57,1,58,0,8,89,3,100,92,8,100,200
05/29/2008,IXD,KS,ACE,CE,Federal Contract Tower,0,6,27,4,37,0,0,59,2,61,0,6,86,6,98,22,0,22,120
05/30/2008,IXD,KS,ACE,CE,Federal Contract Tower,0,8,38,2,48,0,0,67,7,74,0,8,105,9,122,70,0,70,192
05/31/2008,IXD,KS,ACE,CE,Federal Contract Tower,0,4,9,0,13,0,0,61,5,66,0,4,70,5,79,118,0,118,197
06/01/2008,IXD,KS,ACE,CE,Federal Contract Tower,0,0,9,0,9,0,0,60,1,61,0,0,69,1,70,114,0,114,184
06/02/2008,IXD,KS,ACE,CE,Federal Contract Tower,0,7,6,0,13,0,0,22,0,22,0,7,28,0,35,36,0,36,71
06/03/2008,IXD,KS,ACE,CE,Federal Contract Tower,0,6,19,0,25,0,0,56,9,65,0,6,75,9,90,74,0,74,164
06/04/2008,IXD,KS,ACE,CE,Federal Contract Tower,0,3,18,0,21,0,0,23,0,23,0,3,41,0,44,30,0,30,74
06/05/2008,IXD,KS,ACE,CE,Federal Contract Tower,0,10,23,0,33,0,0,59,2,61,0,10,82,2,94,68,0,68,162
06/06/2008,IXD,KS,ACE,CE,Federal Contract Tower,0,6,19,2,27,0,0,89,4,93,0,6,108,6,120,50,0,50,170
06/07/2008,IXD,KS,ACE,CE,Federal Contract Tower,0,0,13,0,13,0,0,14,3,17,0,0,27,3,30,4,0,4,34
06/08/2008,IXD,KS,ACE,CE,Federal Contract Tower,0,2,7,1,10,0,0,16,5,21,0,2,23,6,31,28,0,28,59
06/09/2008,IXD,KS,ACE,CE,Federal Contract Tower,0,7,30,0,37,0,0,22,5,27,0,7,52,5,64,52,0,52,116
06/10/2008,IXD,KS,ACE,CE,Federal Contract Tower,0,3,26,0,29,0,0,115,1,116,0,3,141,1,145,106,0,106,251
06/11/2008,IXD,KS,ACE,CE,Federal Contract Tower,0,6,31,0,37,0,0,79,1,80,0,6,110,1,117,22,0,22,139
06/12/2008,IXD,KS,ACE,CE,Federal Contract Tower,0,7,19,0,26,0,0,57,3,60,0,7,76,3,86,110,0,110,196
06/13/2008,IXD,KS,ACE,CE,Federal Contract Tower,0,9,29,0,38,0,0,84,4,88,0,9,113,4,126,106,6,112,238
06/14/2008,IXD,KS,ACE,CE,Federal Contract Tower,0,0,21,0,21,0,0,156,0,156,0,0,177,0,177,196,0,196,373
06/15/2008,IXD,KS,ACE,CE,Federal Contract Tower,0,5,14,1,20,0,0,26,0,26,0,5,40,1,46,40,0,40,86
06/16/2008,IXD,KS,ACE,CE,Federal Contract Tower,0,6,16,0,22,0,0,81,0,81,0,6,97,0,103,68,0,68,171
06/17/2008,IXD,KS,ACE,CE,Federal Contract Tower,0,8,19,0,27,0,0,120,0,120,0,8,139,0,147,102,0,102,249
06/18/2008,IXD,KS,ACE,CE,Federal Contract Tower,0,5,28,0,33,0,0,148,4,152,0,5,176,4,185,90,4,94,279
06/19/2008,IXD,KS,ACE,CE,Federal Contract Tower,0,5,38,0,43,0,0,66,0,66,0,5,104,0,109,56,0,56,165
06/20/2008,IXD,KS,ACE,CE,Federal Contract Tower,0,7,43,0,50,0,0,111,3,114,0,7,154,3,164,132,1,133,297
06/21/2008,IXD,KS,ACE,CE,Federal Contract Tower,0,5,12,0,17,0,0,146,4,150,0,5,158,4,167,98,0,98,265
06/22/2008,IXD,KS,ACE,CE,Federal Contract Tower,0,3,6,1,10,0,0,105,1,106,0,3,111,2,116,78,0,78,194
06/23/2008,IXD,KS,ACE,CE,Federal Contract Tower,0,7,23,0,30,0,1,97,2,100,0,8,120,2,130,110,2,112,242
06/24/2008,IXD,KS,ACE,CE,Federal Contract Tower,0,6,32,0,38,0,0,107,0,107,0,6,139,0,145,86,0,86,231
06/25/2008,IXD,KS,ACE,CE,Federal Contract Tower,0,8,30,0,38,0,0,126,3,129,0,8,156,3,167,84,0,84,251
06/26/2008,IXD,KS,ACE,CE,Federal Contract Tower,0,11,36,0,47,0,0,105,6,111,0,11,141,6,158,140,0,140,298
06/27/2008,IXD,KS,ACE,CE,Federal Contract Tower,0,9,49,0,58,0,0,65,0,65,0,9,114,0,123,166,0,166,289
06/28/2008,IXD,KS,ACE,CE,Federal Contract Tower,0,3,9,1,13,0,0,144,2,146,0,3,153,3,159,124,10,134,293
06/29/2008,IXD,KS,ACE,CE,Federal Contract Tower,0,5,12,1,18,0,0,75,0,75,0,5,87,1,93,76,0,76,169
06/30/2008,IXD,KS,ACE,CE,Federal Contract Tower,0,4,20,0,24,0,0,128,6,134,0,4,148,6,158,138,2,140,298
07/01/2008,IXD,KS,ACE,CE,Federal Contract Tower,0,4,26,0,30,0,0,110,5,115,0,4,136,5,145,96,0,96,241
07/02/2008,IXD,KS,ACE,CE,Federal Contract Tower,0,5,21,1,27,0,0,64,0,64,0,5,85,1,91,64,0,64,155
07/03/2008,IXD,KS,ACE,CE,Federal Contract Tower,0,5,26,1,32,0,2,75,3,80,0,7,101,4,112,80,0,80,192
07/04/2008,IXD,KS,ACE,CE,Federal Contract Tower,0,0,6,0,6,0,0,62,2,64,0,0,68,2,70,52,2,54,124
07/05/2008,IXD,KS,ACE,CE,Federal Contract Tower,0,0,17,0,17,0,0,56,0,56,0,0,73,0,73,144,0,144,217
07/06/2008,IXD,KS,ACE,CE,Federal Contract Tower,0,3,14,0,17,0,0,64,0,64,0,3,78,0,81,54,0,54,135
07/07/2008,IXD,KS,ACE,CE,Federal Contract Tower,0,5,21,0,26,0,0,54,4,58,0,5,75,4,84,50,4,54,138
07/08/2008,IXD,KS,ACE,CE,Federal Contract Tower,0,10,8,1,19,0,0,31,4,35,0,10,39,5,54,8,12,20,74
07/09/2008,IXD,KS,ACE,CE,Federal Contract Tower,0,13,25,2,40,0,0,46,0,46,0,13,71,2,86,40,0,40,126
07/10/2008,IXD,KS,ACE,CE,Federal Contract Tower,0,6,39,0,45,0,1,92,4,97,0,7,131,4,142,70,10,80,222
07/11/2008,IXD,KS,ACE,CE,Federal Contract Tower,0,2,20,5,27,0,0,105,7,112,0,2,125,12,139,98,4,102,241
07/12/2008,IXD,KS,ACE,CE,Federal Contract Tower,0,3,14,1,18,0,0,93,8,101,0,3,107,9,119,100,0,100,219
07/13/2008,IXD,KS,ACE,CE,Federal Contract Tower,0,9,27,0,36,0,0,231,0,231,0,9,258,0,267,372,3,375,642
07/14/2008,IXD,KS,ACE,CE,Federal Contract Tower,0,13,16,0,29,0,5,67,8,80,0,18,83,8,109,38,16,54,163
07/15/2008,IXD,KS,ACE,CE,Federal Contract Tower,0,6,27,0,33,0,0,103,6,109,0,6,130,6,142,80,6,86,228
07/16/2008,IXD,KS,ACE,CE,Federal Contract Tower,0,8,37,4,49,0,0,97,2,99,0,8,134,6,148,88,2,90,238
07/17/2008,IXD,KS,ACE,CE,Federal Contract Tower,0,6,19,0,25,0,3,69,0,72,0,9,88,0,97,80,4,84,181
07/18/2008,IXD,KS,ACE,CE,Federal Contract Tower,0,5,22,0,27,0,0,75,0,75,0,5,97,0,102,86,0,86,188
07/19/2008,IXD,KS,ACE,CE,Federal Contract Tower,0,2,10,0,12,0,1,94,4,99,0,3,104,4,111,240,2,242,353
07/20/2008,IXD,KS,ACE,CE,Federal Contract Tower,0,4,10,0,14,0,0,59,5,64,0,4,69,5,78,77,7,84,162
07/21/2008,IXD,KS,ACE,CE,Federal Contract Tower,0,11,19,0,30,0,0,53,0,53,0,11,72,0,83,42,0,42,125
07/22/2008,IXD,KS,ACE,CE,Federal Contract Tower,0,8,21,1,30,0,0,47,3,50,0,8,68,4,80,40,4,44,124
07/23/2008,IXD,KS,ACE,CE,Federal Contract Tower,0,11,26,2,39,0,0,64,2,66,0,11,90,4,105,124,0,124,229
07/24/2008,IXD,KS,ACE,CE,Federal Contract Tower,0,12,23,3,38,0,0,76,6,82,0,12,99,9,120,104,6,110,230
07/25/2008,IXD,KS,ACE,CE,Federal Contract Tower,0,7,24,4,35,0,0,55,11,66,0,7,79,15,101,84,2,86,187
07/26/2008,IXD,KS,ACE,CE,Federal Contract Tower,0,6,17,0,23,0,0,12,1,13,0,6,29,1,36,90,0,90,126
07/27/2008,IXD,KS,ACE,CE,Federal Contract Tower,0,1,17,2,20,0,0,59,2,61,0,1,76,4,81,82,0,82,163
07/28/2008,IXD,KS,ACE,CE,Federal Contract Tower,0,9,15,2,26,0,2,29,2,33,0,11,44,4,59,16,2,18,77
07/29/2008,IXD,KS,ACE,CE,Federal Contract Tower,0,5,25,0,30,0,0,41,0,41,0,5,66,0,71,10,0,10,81
07/30/2008,IXD,KS,ACE,CE,Federal Contract Tower,0,11,46,2,59,0,0,23,2,25,0,11,69,4,84,2,0,2,86
07/31/2008,IXD,KS,ACE,CE,Federal Contract Tower,0,14,34,1,49,0,0,36,0,36,0,14,70,1,85,54,0,54,139
08/01/2008,IXD,KS,ACE,CE,Federal Contract Tower,0,6,31,4,41,0,3,54,4,61,0,9,85,8,102,100,11,111,213
08/02/2008,IXD,KS,ACE,CE,Federal Contract Tower,0,3,8,0,11,0,5,51,4,60,0,8,59,4,71,46,0,46,117
08/03/2008,IXD,KS,ACE,CE,Federal Contract Tower,0,5,15,4,24,0,1,50,6,57,0,6,65,10,81,42,6,48,129
08/04/2008,IXD,KS,ACE,CE,Federal Contract Tower,0,8,16,1,25,0,3,71,3,77,0,11,87,4,102,4,2,6,108
08/05/2008,IXD,KS,ACE,CE,Federal Contract Tower,0,11,17,0,28,0,0,63,3,66,0,11,80,3,94,16,2,18,112
08/06/2008,IXD,KS,ACE,CE,Federal Contract Tower,0,10,34,0,44,0,0,32,5,37,0,10,66,5,81,66,4,70,151
08/07/2008,IXD,KS,ACE,CE,Federal Contract Tower,0,9,21,0,30,0,0,53,3,56,0,9,74,3,86,78,2,80,166
08/08/2008,IXD,KS,ACE,CE,Federal Contract Tower,0,14,23,0,37,0,9,69,2,80,0,23,92,2,117,66,0,66,183
08/09/2008,IXD,KS,ACE,CE,Federal Contract Tower,0,5,8,0,13,0,0,13,2,15,0,5,21,2,28,32,0,32,60
08/10/2008,IXD,KS,ACE,CE,Federal Contract Tower,0,7,15,0,22,0,0,46,2,48,0,7,61,2,70,22,2,24,94
08/11/2008,IXD,KS,ACE,CE,Federal Contract Tower,0,10,23,0,33,0,1,69,0,70,0,11,92,0,103,20,0,20,123
08/12/2008,IXD,KS,ACE,CE,Federal Contract Tower,0,14,24,0,38,0,0,51,4,55,0,14,75,4,93,80,8,88,181
08/13/2008,IXD,KS,ACE,CE,Federal Contract Tower,0,8,36,0,44,0,0,63,8,71,0,8,99,8,115,48,20,68,183
08/14/2008,IXD,KS,ACE,CE,Federal Contract Tower,0,14,28,1,43,0,0,37,8,45,0,14,65,9,88,28,11,39,127
08/15/2008,IXD,KS,ACE,CE,Federal Contract Tower,0,7,23,5,35,0,0,94,8,102,0,7,117,13,137,159,8,167,304
08/16/2008,IXD,KS,ACE,CE,Federal Contract Tower,0,5,22,0,27,0,0,51,0,51,0,5,73,0,78,163,0,163,241
08/17/2008,IXD,KS,ACE,CE,Federal Contract Tower,0,8,20,3,31,0,0,72,1,73,0,8,92,4,104,104,2,106,210
08/18/2008,IXD,KS,ACE,CE,Federal Contract Tower,0,15,27,1,43,0,1,86,4,91,0,16,113,5,134,126,6,132,266
08/19/2008,IXD,KS,ACE,CE,Federal Contract Tower,0,9,23,2,34,0,1,67,6,74,0,10,90,8,108,90,2,92,200
08/20/2008,IXD,KS,ACE,CE,Federal Contract Tower,0,10,27,6,43,0,0,44,11,55,0,10,71,17,98,54,28,82,180
08/21/2008,IXD,KS,ACE,CE,Federal Contract Tower,0,11,43,0,54,0,8,25,3,36,0,19,68,3,90,33,18,51,141
08/22/2008,IXD,KS,ACE,CE,Federal Contract Tower,0,13,24,0,37,0,4,34,3,41,0,17,58,3,78,80,8,88,166
08/23/2008,IXD,KS,ACE,CE,Federal Contract Tower,0,2,11,1,14,0,1,26,0,27,0,3,37,1,41,38,0,38,79
08/24/2008,IXD,KS,ACE,CE,Federal Contract Tower,0,5,24,5,34,0,0,80,0,80,0,5,104,5,114,44,0,44,158
08/25/2008,IXD,KS,ACE,CE,Federal Contract Tower,0,8,24,0,32,0,0,95,5,100,0,8,119,5,132,56,24,80,212
08/26/2008,IXD,KS,ACE,CE,Federal Contract Tower,0,9,25,0,34,0,0,100,0,100,0,9,125,0,134,56,0,56,190
08/27/2008,IXD,KS,ACE,CE,Federal Contract Tower,0,10,16,0,26,0,0,77,4,81,0,10,93,4,107,64,0,64,171
08/28/2008,IXD,KS,ACE,CE,Federal Contract Tower,0,6,18,1,25,0,2,40,6,48,0,8,58,7,73,76,0,76,149
08/29/2008,IXD,KS,ACE,CE,Federal Contract Tower,0,7,37,2,46,0,3,90,3,96,0,10,127,5,142,58,2,60,202
08/30/2008,IXD,KS,ACE,CE,Federal Contract Tower,0,0,8,3,11,0,0,52,1,53,0,0,60,4,64,88,0,88,152
08/31/2008,IXD,KS,ACE,CE,Federal Contract Tower,0,2,10,0,12,0,0,48,0,48,0,2,58,0,60,22,0,22,82
09/01/2008,IXD,KS,ACE,CE,Federal Contract Tower,0,1,12,4,17,0,0,48,2,50,0,1,60,6,67,40,6,46,113
09/02/2008,IXD,KS,ACE,CE,Federal Contract Tower,0,5,11,0,16,0,0,49,0,49,0,5,60,0,65,14,2,16,81
09/03/2008,IXD,KS,ACE,CE,Federal Contract Tower,0,10,38,3,51,0,0,2,0,2,0,10,40,3,53,6,0,6,59
09/04/2008,IXD,KS,ACE,CE,Federal Contract Tower,0,7,45,2,54,0,0,3,8,11,0,7,48,10,65,42,0,42,107
09/05/2008,IXD,KS,ACE,CE,Federal Contract Tower,0,3,20,0,23,0,0,239,10,249,0,3,259,10,272,390,0,390,662
09/06/2008,IXD,KS,ACE,CE,Federal Contract Tower,0,3,14,0,17,0,0,70,6,76,0,3,84,6,93,100,12,112,205
09/07/2008,IXD,KS,ACE,CE,Federal Contract Tower,0,5,32,0,37,0,0,6,3,9,0,5,38,3,46,0,6,6,52
09/08/2008,IXD,KS,ACE,CE,Federal Contract Tower,0,15,18,0,33,0,0,1,0,1,0,15,19,0,34,16,0,16,50
09/09/2008,IXD,KS,ACE,CE,Federal Contract Tower,0,6,18,6,30,0,0,83,1,84,0,6,101,7,114,80,18,98,212
09/10/2008,IXD,KS,ACE,CE,Federal Contract Tower,0,11,33,2,46,0,0,14,0,14,0,11,47,2,60,34,0,34,94
09/11/2008,IXD,KS,ACE,CE,Federal Contract Tower,0,13,19,1,33,0,0,0,0,0,0,13,19,1,33,6,0,6,39
09/12/2008,IXD,KS,ACE,CE,Federal Contract Tower,0,12,20,1,33,0,0,4,2,6,0,12,24,3,39,6,2,8,47
09/13/2008,IXD,KS,ACE,CE,Federal Contract Tower,0,3,15,0,18,0,0,4,0,4,0,3,19,0,22,34,0,34,56
09/14/2008,IXD,KS,ACE,CE,Federal Contract Tower,0,5,16,0,21,0,0,13,0,13,0,5,29,0,34,20,0,20,54
09/15/2008,IXD,KS,ACE,CE,Federal Contract Tower,0,10,30,0,40,0,2,106,0,108,0,12,136,0,148,72,2,74,222
09/16/2008,IXD,KS,ACE,CE,Federal Contract Tower,0,17,51,2,70,0,0,161,0,161,0,17,212,2,231,160,2,162,393
09/17/2008,IXD,KS,ACE,CE,Federal Contract Tower,0,11,39,2,52,0,0,102,0,102,0,11,141,2,154,86,0,86,240
09/18/2008,IXD,KS,ACE,CE,Federal Contract Tower,0,9,23,0,32,0,2,89,12,103,0,11,112,12,135,128,0,128,263
09/19/2008,IXD,KS,ACE,CE,Federal Contract Tower,0,1,33,2,36,0,1,82,2,85,0,2,115,4,121,66,0,66,187
09/20/2008,IXD,KS,ACE,CE,Federal Contract Tower,0,2,15,0,17,0,0,33,4,37,0,2,48,4,54,62,0,62,116
09/21/2008,IXD,KS,ACE,CE,Federal Contract Tower,0,2,15,0,17,0,0,39,0,39,0,2,54,0,56,46,0,46,102
09/22/2008,IXD,KS,ACE,CE,Federal Contract Tower,0,2,22,0,24,0,0,35,7,42,0,2,57,7,66,26,2,28,94
09/23/2008,IXD,KS,ACE,CE,Federal Contract Tower,0,6,33,0,39,0,0,89,0,89,0,6,122,0,128,38,0,38,166
09/24/2008,IXD,KS,ACE,CE,Federal Contract Tower,0,8,29,0,37,0,0,60,5,65,0,8,89,5,102,66,0,66,168
09/25/2008,IXD,KS,ACE,CE,Federal Contract Tower,0,18,35,0,53,0,1,82,25,108,0,19,117,25,161,100,0,100,261
09/26/2008,IXD,KS,ACE,CE,Federal Contract Tower,0,12,19,1,32,0,0,83,7,90,0,12,102,8,122,178,0,178,300
09/27/2008,IXD,KS,ACE,CE,Federal Contract Tower,0,5,14,0,19,0,0,52,2,54,0,5,66,2,73,60,0,60,133
09/28/2008,IXD,KS,ACE,CE,Federal Contract Tower,0,8,20,2,30,0,0,77,19,96,0,8,97,21,126,36,0,36,162
09/29/2008,IXD,KS,ACE,CE,Federal Contract Tower,0,7,19,0,26,0,1,35,10,46,0,8,54,10,72,32,2,34,106
09/30/2008,IXD,KS,ACE,CE,Federal Contract Tower,0,7,37,0,44,0,0,94,4,98,0,7,131,4,142,48,2,50,192
10/01/2008,IXD,KS,ACE,CE,Federal Contract Tower,0,10,31,1,42,0,0,83,9,92,0,10,114,10,134,116,2,118,252
10/02/2008,IXD,KS,ACE,CE,Federal Contract Tower,0,11,37,0,48,0,0,78,6,84,0,11,115,6,132,124,0,124,256
10/03/2008,IXD,KS,ACE,CE,Federal Contract Tower,0,10,29,1,40,0,0,82,7,89,0,10,111,8,129,116,0,116,245
10/04/2008,IXD,KS,ACE,CE,Federal Contract Tower,0,3,7,0,10,0,0,61,14,75,0,3,68,14,85,73,0,73,158
10/05/2008,IXD,KS,ACE,CE,Federal Contract Tower,0,7,15,0,22,0,0,48,8,56,0,7,63,8,78,14,0,14,92
10/06/2008,IXD,KS,ACE,CE,Federal Contract Tower,0,17,17,0,34,0,6,23,0,29,0,23,40,0,63,2,0,2,65
10/07/2008,IXD,KS,ACE,CE,Federal Contract Tower,0,4,32,0,36,0,0,6,4,10,0,4,38,4,46,20,18,38,84
10/08/2008,IXD,KS,ACE,CE,Federal Contract Tower,0,11,24,0,35,0,0,93,9,102,0,11,117,9,137,72,0,72,209
10/09/2008,IXD,KS,ACE,CE,Federal Contract Tower,0,12,36,2,50,0,0,70,26,96,0,12,106,28,146,50,0,50,196
10/10/2008,IXD,KS,ACE,CE,Federal Contract Tower,0,3,24,2,29,0,0,68,8,76,0,3,92,10,105,64,18,82,187
10/11/2008,IXD,KS,ACE,CE,Federal Contract Tower,0,2,4,0,6,0,0,27,3,30,0,2,31,3,36,62,14,76,112
10/12/2008,IXD,KS,ACE,CE,Federal Contract Tower,0,3,10,0,13,0,0,41,0,41,0,3,51,0,54,30,0,30,84
10/13/2008,IXD,KS,ACE,CE,Federal Contract Tower,0,18,23,0,41,0,0,11,0,11,0,18,34,0,52,34,0,34,86
10/14/2008,IXD,KS,ACE,CE,Federal Contract Tower,0,15,33,0,48,0,0,19,4,23,0,15,52,4,71,12,0,12,83
10/15/2008,IXD,KS,ACE,CE,Federal Contract Tower,0,12,39,5,56,0,1,19,0,20,0,13,58,5,76,18,0,18,94
10/16/2008,IXD,KS,ACE,CE,Federal Contract Tower,0,13,16,2,31,0,4,73,0,77,0,17,89,2,108,86,0,86,194
10/17/2008,IXD,KS,ACE,CE,Federal Contract Tower,0,6,32,0,38,0,0,46,6,52,0,6,78,6,90,90,2,92,182
10/18/2008,IXD,KS,ACE,CE,Federal Contract Tower,0,2,21,0,23,0,0,54,0,54,0,2,75,0,77,112,0,112,189
10/19/2008,IXD,KS,ACE,CE,Federal Contract Tower,0,10,21,0,31,0,0,44,4,48,0,10,65,4,79,48,0,48,127
10/20/2008,IXD,KS,ACE,CE,Federal Contract Tower,0,7,24,0,31,0,0,62,3,65,0,7,86,3,96,98,0,98,194
10/21/2008,IXD,KS,ACE,CE,Federal Contract Tower,0,6,41,0,47,0,0,55,5,60,0,6,96,5,107,18,0,18,125
10/22/2008,IXD,KS,ACE,CE,Federal Contract Tower,0,7,9,0,16,0,0,1,0,1,0,7,10,0,17,0,0,0,17
10/23/2008,IXD,KS,ACE,CE,Federal Contract Tower,0,2,26,2,30,0,0,18,10,28,0,2,44,12,58,48,0,48,106
10/24/2008,IXD,KS,ACE,CE,Federal Contract Tower,0,5,24,0,29,0,2,25,9,36,0,7,49,9,65,38,0,38,103
10/25/2008,IXD,KS,ACE,CE,Federal Contract Tower,0,2,6,0,8,0,0,63,2,65,0,2,69,2,73,140,0,140,213
10/26/2008,IXD,KS,ACE,CE,Federal Contract Tower,0,7,10,0,17,0,0,28,4,32,0,7,38,4,49,30,2,32,81
10/27/2008,IXD,KS,ACE,CE,Federal Contract Tower,0,6,27,4,37,0,0,43,0,43,0,6,70,4,80,6,0,6,86
10/28/2008,IXD,KS,ACE,CE,Federal Contract Tower,0,6,24,2,32,0,0,59,14,73,0,6,83,16,105,48,6,54,159
10/29/2008,IXD,KS,ACE,CE,Federal Contract Tower,0,14,42,1,57,0,0,74,9,83,0,14,116,10,140,42,6,48,188
10/30/2008,IXD,KS,ACE,CE,Federal Contract Tower,0,8,20,0,28,0,0,67,6,73,0,8,87,6,101,94,0,94,195
10/31/2008,IXD,KS,ACE,CE,Federal Contract Tower,0,9,28,4,41,0,0,105,4,109,0,9,133,8,150,46,10,56,206
11/01/2008,IXD,KS,ACE,CE,Federal Contract Tower,0,2,17,4,23,0,0,51,2,53,0,2,68,6,76,98,2,100,176
11/02/2008,IXD,KS,ACE,CE,Federal Contract Tower,0,4,15,0,19,0,0,61,5,66,0,4,76,5,85,164,0,164,249
11/03/2008,IXD,KS,ACE,CE,Federal Contract Tower,0,5,19,1,25,0,0,54,3,57,0,5,73,4,82,24,2,26,108
11/04/2008,IXD,KS,ACE,CE,Federal Contract Tower,0,6,19,0,25,0,0,44,0,44,0,6,63,0,69,16,0,16,85
11/05/2008,IXD,KS,ACE,CE,Federal Contract Tower,0,5,15,0,20,0,0,17,0,17,0,5,32,0,37,0,0,0,37
11/06/2008,IXD,KS,ACE,CE,Federal Contract Tower,0,13,19,0,32,0,0,46,5,51,0,13,65,5,83,48,0,48,131
11/07/2008,IXD,KS,ACE,CE,Federal Contract Tower,0,5,21,0,26,0,0,52,2,54,0,5,73,2,80,46,0,46,126
11/08/2008,IXD,KS,ACE,CE,Federal Contract Tower,0,5,12,0,17,0,0,22,0,22,0,5,34,0,39,28,0,28,67
11/09/2008,IXD,KS,ACE,CE,Federal Contract Tower,0,5,20,0,25,0,0,85,0,85,0,5,105,0,110,46,0,46,156
11/10/2008,IXD,KS,ACE,CE,Federal Contract Tower,0,3,18,1,22,0,0,21,3,24,0,3,39,4,46,4,6,10,56
11/11/2008,IXD,KS,ACE,CE,Federal Contract Tower,0,7,15,0,22,0,0,0,0,0,0,7,15,0,22,0,0,0,22
11/12/2008,IXD,KS,ACE,CE,Federal Contract Tower,0,13,26,0,39,0,0,74,10,84,0,13,100,10,123,54,0,54,177
11/13/2008,IXD,KS,ACE,CE,Federal Contract Tower,0,8,18,0,26,0,0,58,10,68,0,8,76,10,94,70,0,70,164
11/14/2008,IXD,KS,ACE,CE,Federal Contract Tower,0,4,16,0,20,0,0,25,2,27,0,4,41,2,47,86,0,86,133
11/15/2008,IXD,KS,ACE,CE,Federal Contract Tower,0,3,6,0,9,0,2,9,3,14,0,5,15,3,23,24,0,24,47
11/16/2008,IXD,KS,ACE,CE,Federal Contract Tower,0,3,20,0,23,0,0,78,3,81,0,3,98,3,104,98,0,98,202
11/17/2008,IXD,KS,ACE,CE,Federal Contract Tower,0,2,19,0,21,0,0,47,3,50,0,2,66,3,71,48,18,66,137
11/18/2008,IXD,KS,ACE,CE,Federal Contract Tower,0,8,15,2,25,0,0,49,7,56,0,8,64,9,81,132,0,132,213
11/19/2008,IXD,KS,ACE,CE,Federal Contract Tower,0,12,24,0,36,0,0,42,9,51,0,12,66,9,87,76,0,76,163
11/20/2008,IXD,KS,ACE,CE,Federal Contract Tower,0,9,17,0,26,0,0,12,4,16,0,9,29,4,42,17,2,19,61
11/21/2008,IXD,KS,ACE,CE,Federal Contract Tower,0,2,23,0,25,0,0,60,6,66,0,2,83,6,91,100,0,100,191
11/22/2008,IXD,KS,ACE,CE,Federal Contract Tower,0,2,7,0,9,0,0,28,0,28,0,2,35,0,37,93,0,93,130
11/23/2008,IXD,KS,ACE,CE,Federal Contract Tower,0,5,17,0,22,0,0,25,0,25,0,5,42,0,47,66,0,66,113
11/24/2008,IXD,KS,ACE,CE,Federal Contract Tower,0,7,31,0,38,0,0,73,2,75,0,7,104,2,113,52,0,52,165
11/25/2008,IXD,KS,ACE,CE,Federal Contract Tower,0,9,22,1,32,0,0,75,3,78,0,9,97,4,110,86,2,88,198
11/26/2008,IXD,KS,ACE,CE,Federal Contract Tower,0,3,26,0,29,0,0,74,2,76,0,3,100,2,105,94,0,94,199
11/27/2008,IXD,KS,ACE,CE,Federal Contract Tower,0,2,6,0,8,0,0,10,0,10,0,2,16,0,18,12,0,12,30
11/28/2008,IXD,KS,ACE,CE,Federal Contract Tower,0,3,21,0,24,0,0,36,0,36,0,3,57,0,60,28,0,28,88
11/29/2008,IXD,KS,ACE,CE,Federal Contract Tower,0,2,8,0,10,0,0,0,0,0,0,2,8,0,10,0,0,0,10
11/30/2008,IXD,KS,ACE,CE,Federal Contract Tower,0,5,15,0,20,0,0,0,0,0,0,5,15,0,20,0,0,0,20
12/01/2008,IXD,KS,ACE,CE,Federal Contract Tower,0,7,32,0,39,0,0,26,2,28,0,7,58,2,67,30,4,34,101
12/02/2008,IXD,KS,ACE,CE,Federal Contract Tower,0,12,20,0,32,0,0,68,0,68,0,12,88,0,100,36,0,36,136
12/03/2008,IXD,KS,ACE,CE,Federal Contract Tower,0,7,14,0,21,0,0,21,0,21,0,7,35,0,42,20,0,20,62
12/04/2008,IXD,KS,ACE,CE,Federal Contract Tower,0,10,34,0,44,0,0,47,12,59,0,10,81,12,103,22,0,22,125
12/05/2008,IXD,KS,ACE,CE,Federal Contract Tower,0,7,27,7,41,0,1,50,14,65,0,8,77,21,106,60,36,96,202
12/06/2008,IXD,KS,ACE,CE,Federal Contract Tower,0,2,8,0,10,0,2,25,1,28,0,4,33,1,38,30,2,32,70
12/07/2008,IXD,KS,ACE,CE,Federal Contract Tower,0,4,7,0,11,0,0,43,2,45,0,4,50,2,56,62,0,62,118
12/08/2008,IXD,KS,ACE,CE,Federal Contract Tower,0,5,19,1,25,0,0,41,17,58,0,5,60,18,83,8,2,10,93
12/09/2008,IXD,KS,ACE,CE,Federal Contract Tower,0,3,3,0,6,0,0,0,0,0,0,3,3,0,6,0,0,0,6
12/10/2008,IXD,KS,ACE,CE,Federal Contract Tower,0,8,14,2,24,0,0,39,2,41,0,8,53,4,65,16,0,16,81
12/11/2008,IXD,KS,ACE,CE,Federal Contract Tower,0,8,11,1,20,0,1,39,0,40,0,9,50,1,60,128,12,140,200
12/12/2008,IXD,KS,ACE,CE,Federal Contract Tower,0,7,22,2,31,0,12,96,23,131,0,19,118,25,162,112,18,130,292
12/13/2008,IXD,KS,ACE,CE,Federal Contract Tower,0,3,9,0,12,0,0,3,0,3,0,3,12,0,15,36,0,36,51
12/14/2008,IXD,KS,ACE,CE,Federal Contract Tower,0,3,10,0,13,0,1,4,1,6,0,4,14,1,19,10,0,10,29
12/15/2008,IXD,KS,ACE,CE,Federal Contract Tower,0,6,8,0,14,0,0,25,6,31,0,6,33,6,45,12,0,12,57
12/16/2008,IXD,KS,ACE,CE,Federal Contract Tower,0,3,6,0,9,0,0,0,0,0,0,3,6,0,9,0,0,0,9
12/17/2008,IXD,KS,ACE,CE,Federal Contract Tower,0,7,46,0,53,0,0,26,1,27,0,7,72,1,80,56,4,60,140
12/18/2008,IXD,KS,ACE,CE,Federal Contract Tower,0,3,5,1,9,0,0,0,0,0,0,3,5,1,9,0,0,0,9
12/19/2008,IXD,KS,ACE,CE,Federal Contract Tower,0,4,48,0,52,0,4,33,0,37,0,8,81,0,89,83,0,83,172
12/20/2008,IXD,KS,ACE,CE,Federal Contract Tower,0,1,8,1,10,0,0,3,0,3,0,1,11,1,13,2,0,2,15
12/21/2008,IXD,KS,ACE,CE,Federal Contract Tower,0,5,9,0,14,0,0,9,0,9,0,5,18,0,23,5,0,5,28
12/22/2008,IXD,KS,ACE,CE,Federal Contract Tower,0,6,17,0,23,0,0,39,0,39,0,6,56,0,62,32,0,32,94
12/23/2008,IXD,KS,ACE,CE,Federal Contract Tower,0,3,4,0,7,0,0,5,0,5,0,3,9,0,12,4,0,4,16
12/24/2008,IXD,KS,ACE,CE,Federal Contract Tower,0,3,14,0,17,0,0,6,0,6,0,3,20,0,23,4,0,4,27
12/25/2008,IXD,KS,ACE,CE,Federal Contract Tower,0,2,2,0,4,0,0,2,0,2,0,2,4,0,6,5,0,5,11
12/26/2008,IXD,KS,ACE,CE,Federal Contract Tower,0,5,14,0,19,0,0,0,0,0,0,5,14,0,19,12,0,12,31
12/27/2008,IXD,KS,ACE,CE,Federal Contract Tower,0,7,5,0,12,0,0,1,0,1,0,7,6,0,13,0,0,0,13
12/28/2008,IXD,KS,ACE,CE,Federal Contract Tower,0,5,10,0,15,0,0,47,0,47,0,5,57,0,62,76,0,76,138
12/29/2008,IXD,KS,ACE,CE,Federal Contract Tower,0,1,15,0,16,0,1,108,0,109,0,2,123,0,125,142,0,142,267
12/30/2008,IXD,KS,ACE,CE,Federal Contract Tower,0,5,25,1,31,0,0,45,0,45,0,5,70,1,76,90,8,98,174
12/31/2008,IXD,KS,ACE,CE,Federal Contract Tower,0,5,6,0,11,0,0,60,0,60,0,5,66,0,71,86,0,86,157
01/01/2009,IXD,KS,ACE,CE,Federal Contract Tower,0,1,7,0,8,0,0,15,2,17,0,1,22,2,25,52,0,52,77
01/02/2009,IXD,KS,ACE,CE,Federal Contract Tower,0,8,10,0,18,0,2,40,0,42,0,10,50,0,60,46,0,46,106
01/03/2009,IXD,KS,ACE,CE,Federal Contract Tower,0,2,9,0,11,0,0,11,0,11,0,2,20,0,22,36,0,36,58
01/04/2009,IXD,KS,ACE,CE,Federal Contract Tower,0,1,14,0,15,0,0,17,0,17,0,1,31,0,32,34,0,34,66
01/05/2009,IXD,KS,ACE,CE,Federal Contract Tower,0,9,18,0,27,0,0,35,4,39,0,9,53,4,66,32,0,32,98
01/06/2009,IXD,KS,ACE,CE,Federal Contract Tower,0,7,17,2,26,0,0,32,2,34,0,7,49,4,60,34,0,34,94
01/07/2009,IXD,KS,ACE,CE,Federal Contract Tower,0,10,17,0,27,0,0,46,1,47,0,10,63,1,74,46,0,46,120
01/08/2009,IXD,KS,ACE,CE,Federal Contract Tower,0,6,14,1,21,0,4,45,6,55,0,10,59,7,76,52,2,54,130
01/09/2009,IXD,KS,ACE,CE,Federal Contract Tower,0,9,14,0,23,0,1,68,7,76,0,10,82,7,99,68,8,76,175
01/10/2009,IXD,KS,ACE,CE,Federal Contract Tower,0,1,3,0,4,0,0,10,4,14,0,1,13,4,18,14,0,14,32
01/11/2009,IXD,KS,ACE,CE,Federal Contract Tower,0,8,16,0,24,0,0,54,5,59,0,8,70,5,83,96,0,96,179
01/12/2009,IXD,KS,ACE,CE,Federal Contract Tower,0,8,17,0,25,0,0,41,6,47,0,8,58,6,72,26,6,32,104
01/13/2009,IXD,KS,ACE,CE,Federal Contract Tower,0,7,26,0,33,0,0,49,3,52,0,7,75,3,85,52,0,52,137
01/14/2009,IXD,KS,ACE,CE,Federal Contract Tower,0,6,12,4,22,0,0,28,4,32,0,6,40,8,54,20,0,20,74
01/15/2009,IXD,KS,ACE,CE,Federal Contract Tower,0,14,13,0,27,0,0,41,4,45,0,14,54,4,72,16,6,22,94
01/16/2009,IXD,KS,ACE,CE,Federal Contract Tower,0,4,16,0,20,0,0,23,2,25,0,4,39,2,45,22,0,22,67
01/17/2009,IXD,KS,ACE,CE,Federal Contract Tower,0,0,4,0,4,0,0,46,0,46,0,0,50,0,50,26,0,26,76
01/18/2009,IXD,KS,ACE,CE,Federal Contract Tower,0,4,3,0,7,0,0,31,0,31,0,4,34,0,38,20,0,20,58
01/19/2009,IXD,KS,ACE,CE,Federal Contract Tower,0,6,30,0,36,0,0,78,0,78,0,6,108,0,114,42,0,42,156
01/20/2009,IXD,KS,ACE,CE,Federal Contract Tower,0,4,16,0,20,0,0,11,2,13,0,4,27,2,33,6,0,6,39
01/21/2009,IXD,KS,ACE,CE,Federal Contract Tower,0,3,33,0,36,0,0,79,2,81,0,3,112,2,117,54,28,82,199
01/22/2009,IXD,KS,ACE,CE,Federal Contract Tower,0,9,36,1,46,0,6,83,2,91,0,15,119,3,137,134,0,134,271
01/23/2009,IXD,KS,ACE,CE,Federal Contract Tower,0,4,28,1,33,0,0,30,8,38,0,4,58,9,71,28,12,40,111
01/24/2009,IXD,KS,ACE,CE,Federal Contract Tower,0,2,7,0,9,0,0,14,2,16,0,2,21,2,25,28,0,28,53
01/25/2009,IXD,KS,ACE,CE,Federal Contract Tower,0,1,5,0,6,0,0,12,0,12,0,1,17,0,18,20,0,20,38
01/26/2009,IXD,KS,ACE,CE,Federal Contract Tower,0,10,11,0,21,0,0,18,5,23,0,10,29,5,44,20,0,20,64
01/27/2009,IXD,KS,ACE,CE,Federal Contract Tower,0,8,8,0,16,0,0,0,0,0,0,8,8,0,16,0,0,0,16
01/28/2009,IXD,KS,ACE,CE,Federal Contract Tower,0,11,13,0,24,0,0,53,0,53,0,11,66,0,77,58,0,58,135
01/29/2009,IXD,KS,ACE,CE,Federal Contract Tower,0,8,19,1,28,0,1,73,8,82,0,9,92,9,110,116,0,116,226
01/30/2009,IXD,KS,ACE,CE,Federal Contract Tower,0,7,15,0,22,0,1,60,3,64,0,8,75,3,86,32,0,32,118
01/31/2009,IXD,KS,ACE,CE,Federal Contract Tower,0,3,6,0,9,0,0,48,4,52,0,3,54,4,61,14,0,14,75
02/01/2009,IXD,KS,ACE,CE,Federal Contract Tower,0,0,23,0,23,0,0,29,0,29,0,0,52,0,52,78,0,78,130
02/02/2009,IXD,KS,ACE,CE,Federal Contract Tower,0,13,13,0,26,0,0,64,0,64,0,13,77,0,90,48,0,48,138
02/03/2009,IXD,KS,ACE,CE,Federal Contract Tower,0,4,31,0,35,0,0,45,0,45,0,4,76,0,80,64,0,64,144
02/04/2009,IXD,KS,ACE,CE,Federal Contract Tower,0,13,24,0,37,0,0,41,11,52,0,13,65,11,89,38,2,40,129
02/05/2009,IXD,KS,ACE,CE,Federal Contract Tower,0,10,16,2,28,0,7,61,4,72,0,17,77,6,100,92,0,92,192
02/06/2009,IXD,KS,ACE,CE,Federal Contract Tower,0,8,28,0,36,0,3,66,18,87,0,11,94,18,123,86,6,92,215
02/07/2009,IXD,KS,ACE,CE,Federal Contract Tower,0,3,15,0,18,0,0,73,2,75,0,3,88,2,93,130,12,142,235
02/08/2009,IXD,KS,ACE,CE,Federal Contract Tower,0,8,11,0,19,0,0,29,3,32,0,8,40,3,51,80,3,83,134
02/09/2009,IXD,KS,ACE,CE,Federal Contract Tower,0,8,8,0,16,0,0,10,0,10,0,8,18,0,26,2,0,2,28
02/10/2009,IXD,KS,ACE,CE,Federal Contract Tower,0,8,36,0,44,0,0,66,1,67,0,8,102,1,111,98,0,98,209
02/11/2009,IXD,KS,ACE,CE,Federal Contract Tower,0,12,20,0,32,0,0,18,1,19,0,12,38,1,51,86,0,86,137
02/12/2009,IXD,KS,ACE,CE,Federal Contract Tower,0,7,21,1,29,0,0,69,4,73,0,7,90,5,102,124,4,128,230
02/13/2009,IXD,KS,ACE,CE,Federal Contract Tower,0,11,12,0,23,0,2,34,0,36,0,13,46,0,59,52,0,52,111
02/14/2009,IXD,KS,ACE,CE,Federal Contract Tower,0,5,12,0,17,0,0,25,0,25,0,5,37,0,42,74,0,74,116
02/15/2009,IXD,KS,ACE,CE,Federal Contract Tower,0,3,15,0,18,0,0,53,0,53,0,3,68,0,71,80,0,80,151
02/16/2009,IXD,KS,ACE,CE,Federal Contract Tower,0,6,15,0,21,0,0,48,2,50,0,6,63,2,71,115,0,115,186
02/17/2009,IXD,KS,ACE,CE,Federal Contract Tower,0,6,24,0,30,0,0,30,3,33,0,6,54,3,63,92,2,94,157
02/18/2009,IXD,KS,ACE,CE,Federal Contract Tower,0,10,22,0,32,0,0,28,0,28,0,10,50,0,60,98,0,98,158
02/19/2009,IXD,KS,ACE,CE,Federal Contract Tower,0,8,28,0,36,0,0,52,8,60,0,8,80,8,96,96,0,96,192
02/20/2009,IXD,KS,ACE,CE,Federal Contract Tower,0,7,18,0,25,0,1,62,5,68,0,8,80,5,93,136,2,138,231
02/21/2009,IXD,KS,ACE,CE,Federal Contract Tower,0,1,7,0,8,0,0,22,2,24,0,1,29,2,32,100,2,102,134
02/22/2009,IXD,KS,ACE,CE,Federal Contract Tower,0,3,17,0,20,0,0,50,1,51,0,3,67,1,71,126,0,126,197
02/23/2009,IXD,KS,ACE,CE,Federal Contract Tower,0,7,25,2,34,0,0,52,2,54,0,7,77,4,88,42,6,48,136
02/24/2009,IXD,KS,ACE,CE,Federal Contract Tower,0,7,36,0,43,0,0,42,3,45,0,7,78,3,88,44,0,44,132
02/25/2009,IXD,KS,ACE,CE,Federal Contract Tower,0,4,16,0,20,0,72,6,0,78,0,76,22,0,98,100,2,102,200
02/26/2009,IXD,KS,ACE,CE,Federal Contract Tower,0,7,19,2,28,0,0,1,0,1,0,7,20,2,29,10,8,18,47
02/27/2009,IXD,KS,ACE,CE,Federal Contract Tower,0,3,34,2,39,0,0,21,0,21,0,3,55,2,60,42,8,50,110
02/28/2009,IXD,KS,ACE,CE,Federal Contract Tower,0,4,2,0,6,0,0,1,0,1,0,4,3,0,7,0,0,0,7
03/01/2009,IXD,KS,ACE,CE,Federal Contract Tower,0,2,26,0,28,0,0,26,0,26,0,2,52,0,54,24,0,24,78
03/02/2009,IXD,KS,ACE,CE,Federal Contract Tower,0,6,28,0,34,0,1,24,0,25,0,7,52,0,59,24,1,25,84
03/03/2009,IXD,KS,ACE,CE,Federal Contract Tower,0,8,16,0,24,0,0,37,4,41,0,8,53,4,65,82,4,86,151
03/04/2009,IXD,KS,ACE,CE,Federal Contract Tower,0,17,22,0,39,0,1,67,4,72,0,18,89,4,111,102,0,102,213
03/05/2009,IXD,KS,ACE,CE,Federal Contract Tower,0,5,13,0,18,0,0,32,2,34,0,5,45,2,52,56,12,68,120
03/06/2009,IXD,KS,ACE,CE,Federal Contract Tower,0,5,51,3,59,0,0,77,10,87,0,5,128,13,146,94,0,94,240
03/07/2009,IXD,KS,ACE,CE,Federal Contract Tower,0,2,3,0,5,0,0,12,4,16,0,2,15,4,21,14,0,14,35
03/08/2009,IXD,KS,ACE,CE,Federal Contract Tower,0,1,10,0,11,0,0,23,11,34,0,1,33,11,45,12,6,18,63
03/09/2009,IXD,KS,ACE,CE,Federal Contract Tower,0,5,16,0,21,0,0,24,4,28,0,5,40,4,49,14,0,14,63
03/10/2009,IXD,KS,ACE,CE,Federal Contract Tower,0,3,9,0,12,0,0,1,0,1,0,3,10,0,13,0,0,0,13
03/11/2009,IXD,KS,ACE,CE,Federal Contract Tower,0,8,24,2,34,0,0,47,1,48,0,8,71,3,82,56,0,56,138
03/12/2009,IXD,KS,ACE,CE,Federal Contract Tower,0,6,30,0,36,0,0,46,4,50,0,6,76,4,86,128,8,136,222
03/13/2009,IXD,KS,ACE,CE,Federal Contract Tower,0,8,20,0,28,0,0,31,0,31,0,8,51,0,59,38,2,40,99
03/14/2009,IXD,KS,ACE,CE,Federal Contract Tower,0,1,14,0,15,0,0,44,0,44,0,1,58,0,59,110,0,110,169
03/15/2009,IXD,KS,ACE,CE,Federal Contract Tower,0,1,23,0,24,0,0,43,0,43,0,1,66,0,67,76,0,76,143
03/16/2009,IXD,KS,ACE,CE,Federal Contract Tower,0,5,29,0,34,0,0,44,4,48,0,5,73,4,82,66,0,66,148
03/17/2009,IXD,KS,ACE,CE,Federal Contract Tower,0,6,11,0,17,0,0,56,9,65,0,6,67,9,82,22,6,28,110
03/18/2009,IXD,KS,ACE,CE,Federal Contract Tower,0,12,22,0,34,0,0,57,2,59,0,12,79,2,93,74,0,74,167
03/19/2009,IXD,KS,ACE,CE,Federal Contract Tower,0,5,20,0,25,0,0,49,0,49,0,5,69,0,74,40,4,44,118
03/20/2009,IXD,KS,ACE,CE,Federal Contract Tower,0,5,33,0,38,0,0,29,0,29,0,5,62,0,67,62,0,62,129
03/21/2009,IXD,KS,ACE,CE,Federal Contract Tower,0,2,6,0,8,0,0,10,0,10,0,2,16,0,18,62,0,62,80
03/22/2009,IXD,KS,ACE,CE,Federal Contract Tower,0,6,12,0,18,0,0,16,0,16,0,6,28,0,34,18,0,18,52
03/23/2009,IXD,KS,ACE,CE,Federal Contract Tower,0,11,15,0,26,0,0,5,0,5,0,11,20,0,31,0,0,0,31
03/24/2009,IXD,KS,ACE,CE,Federal Contract Tower,0,9,13,0,22,0,0,11,2,13,0,9,24,2,35,40,0,40,75
03/25/2009,IXD,KS,ACE,CE,Federal Contract Tower,0,12,40,0,52,0,0,51,0,51,0,12,91,0,103,102,0,102,205
03/26/2009,IXD,KS,ACE,CE,Federal Contract Tower,0,7,21,1,29,0,0,32,0,32,0,7,53,1,61,58,3,61,122
03/27/2009,IXD,KS,ACE,CE,Federal Contract Tower,0,9,11,1,21,0,0,3,0,3,0,9,14,1,24,0,0,0,24
03/28/2009,IXD,KS,ACE,CE,Federal Contract Tower,0,0,0,0,0,0,0,0,0,0,0,0,0,0,0,0,0,0,0
03/29/2009,IXD,KS,ACE,CE,Federal Contract Tower,0,0,18,2,20,0,0,27,2,29,0,0,45,4,49,10,0,10,59
03/30/2009,IXD,KS,ACE,CE,Federal Contract Tower,0,10,19,0,29,0,0,23,0,23,0,10,42,0,52,22,0,22,74
03/31/2009,IXD,KS,ACE,CE,Federal Contract Tower,0,6,14,0,20,0,0,34,2,36,0,6,48,2,56,22,0,22,78
04/01/2009,IXD,KS,ACE,CE,Federal Contract Tower,0,5,23,2,30,0,0,67,0,67,0,5,90,2,97,56,0,56,153
04/02/2009,IXD,KS,ACE,CE,Federal Contract Tower,0,8,24,0,32,0,0,2,0,2,0,8,26,0,34,22,0,22,56
04/03/2009,IXD,KS,ACE,CE,Federal Contract Tower,0,7,27,0,34,0,0,68,14,82,0,7,95,14,116,118,0,118,234
04/04/2009,IXD,KS,ACE,CE,Federal Contract Tower,0,0,16,0,16,0,0,21,1,22,0,0,37,1,38,18,0,18,56
04/05/2009,IXD,KS,ACE,CE,Federal Contract Tower,0,1,3,0,4,0,0,0,0,0,0,1,3,0,4,0,0,0,4
04/06/2009,IXD,KS,ACE,CE,Federal Contract Tower,0,4,25,0,29,0,0,13,4,17,0,4,38,4,46,14,0,14,60
04/07/2009,IXD,KS,ACE,CE,Federal Contract Tower,0,2,26,2,30,0,0,67,6,73,0,2,93,8,103,70,0,70,173
04/08/2009,IXD,KS,ACE,CE,Federal Contract Tower,0,6,32,0,38,0,0,76,6,82,0,6,108,6,120,70,0,70,190
04/09/2009,IXD,KS,ACE,CE,Federal Contract Tower,0,4,18,0,22,0,0,26,1,27,0,4,44,1,49,20,0,20,69
04/10/2009,IXD,KS,ACE,CE,Federal Contract Tower,0,2,30,0,32,0,0,5,0,5,0,2,35,0,37,22,0,22,59
04/11/2009,IXD,KS,ACE,CE,Federal Contract Tower,0,3,15,0,18,0,0,66,0,66,0,3,81,0,84,125,0,125,209
04/12/2009,IXD,KS,ACE,CE,Federal Contract Tower,0,0,10,0,10,0,0,4,0,4,0,0,14,0,14,4,0,4,18
04/13/2009,IXD,KS,ACE,CE,Federal Contract Tower,0,4,16,0,20,0,0,5,2,7,0,4,21,2,27,0,0,0,27
04/14/2009,IXD,KS,ACE,CE,Federal Contract Tower,0,8,23,0,31,0,0,71,6,77,0,8,94,6,108,72,0,72,180
04/15/2009,IXD,KS,ACE,CE,Federal Contract Tower,0,8,32,0,40,0,0,55,1,56,0,8,87,1,96,86,0,86,182
04/16/2009,IXD,KS,ACE,CE,Federal Contract Tower,0,10,29,0,39,0,0,38,0,38,0,10,67,0,77,76,0,76,153
04/17/2009,IXD,KS,ACE,CE,Federal Contract Tower,0,6,14,0,20,0,3,43,2,48,0,9,57,2,68,114,1,115,183
04/18/2009,IXD,KS,ACE,CE,Federal Contract Tower,0,0,14,0,14,0,0,4,3,7,0,0,18,3,21,10,0,10,31
04/19/2009,IXD,KS,ACE,CE,Federal Contract Tower,0,5,19,4,28,0,0,3,0,3,0,5,22,4,31,0,0,0,31
04/20/2009,IXD,KS,ACE,CE,Federal Contract Tower,0,5,24,0,29,0,0,30,8,38,0,5,54,8,67,18,0,18,85
04/21/2009,IXD,KS,ACE,CE,Federal Contract Tower,0,7,22,0,29,0,0,46,3,49,0,7,68,3,78,42,0,42,120
04/22/2009,IXD,KS,ACE,CE,Federal Contract Tower,0,10,42,3,55,0,0,73,1,74,0,10,115,4,129,74,28,102,231
04/23/2009,IXD,KS,ACE,CE,Federal Contract Tower,0,10,23,0,33,0,2,17,9,28,0,12,40,9,61,106,3,109,170
04/24/2009,IXD,KS,ACE,CE,Federal Contract Tower,0,6,16,2,24,0,4,46,1,51,0,10,62,3,75,20,0,20,95
04/25/2009,IXD,KS,ACE,CE,Federal Contract Tower,0,1,6,0,7,0,2,13,0,15,0,3,19,0,22,12,0,12,34
04/26/2009,IXD,KS,ACE,CE,Federal Contract Tower,0,3,6,0,9,0,0,12,0,12,0,3,18,0,21,12,0,12,33
04/27/2009,IXD,KS,ACE,CE,Federal Contract Tower,0,9,20,1,30,0,0,0,0,0,0,9,20,1,30,6,0,6,36
04/28/2009,IXD,KS,ACE,CE,Federal Contract Tower,0,7,21,0,28,0,0,68,0,68,0,7,89,0,96,158,0,158,254
04/29/2009,IXD,KS,ACE,CE,Federal Contract Tower,0,3,16,0,19,0,0,2,0,2,0,3,18,0,21,0,0,0,21
04/30/2009,IXD,KS,ACE,CE,Federal Contract Tower,0,10,32,0,42,0,0,7,4,11,0,10,39,4,53,36,2,38,91
05/01/2009,IXD,KS,ACE,CE,Federal Contract Tower,0,18,33,0,51,0,2,43,0,45,0,20,76,0,96,106,2,108,204
05/02/2009,IXD,KS,ACE,CE,Federal Contract Tower,0,2,24,0,26,0,0,39,2,41,0,2,63,2,67,146,0,146,213
05/03/2009,IXD,KS,ACE,CE,Federal Contract Tower,0,4,7,0,11,0,0,25,4,29,0,4,32,4,40,56,0,56,96
05/04/2009,IXD,KS,ACE,CE,Federal Contract Tower,0,7,27,0,34,0,0,27,4,31,0,7,54,4,65,70,2,72,137
05/05/2009,IXD,KS,ACE,CE,Federal Contract Tower,0,8,41,0,49,0,0,45,0,45,0,8,86,0,94,56,0,56,150
05/06/2009,IXD,KS,ACE,CE,Federal Contract Tower,0,5,39,0,44,0,0,43,0,43,0,5,82,0,87,78,0,78,165
05/07/2009,IXD,KS,ACE,CE,Federal Contract Tower,0,6,27,0,33,0,0,38,2,40,0,6,65,2,73,74,0,74,147
05/08/2009,IXD,KS,ACE,CE,Federal Contract Tower,0,8,20,6,34,0,0,40,0,40,0,8,60,6,74,80,14,94,168
05/09/2009,IXD,KS,ACE,CE,Federal Contract Tower,0,1,9,1,11,0,0,36,0,36,0,1,45,1,47,26,0,26,73
05/10/2009,IXD,KS,ACE,CE,Federal Contract Tower,0,0,14,2,16,0,0,11,0,11,0,0,25,2,27,8,0,8,35
05/11/2009,IXD,KS,ACE,CE,Federal Contract Tower,0,11,20,1,32,0,1,68,4,73,0,12,88,5,105,78,2,80,185
05/12/2009,IXD,KS,ACE,CE,Federal Contract Tower,0,7,30,0,37,0,0,17,0,17,0,7,47,0,54,6,0,6,60
05/13/2009,IXD,KS,ACE,CE,Federal Contract Tower,0,10,51,0,61,0,0,49,4,53,0,10,100,4,114,52,0,52,166
05/14/2009,IXD,KS,ACE,CE,Federal Contract Tower,0,23,57,0,80,0,0,153,6,159,0,23,210,6,239,212,0,212,451
05/15/2009,IXD,KS,ACE,CE,Federal Contract Tower,2,10,15,1,28,0,0,30,4,34,2,10,45,5,62,42,0,42,104
05/16/2009,IXD,KS,ACE,CE,Federal Contract Tower,0,4,37,0,41,0,0,119,5,124,0,4,156,5,165,82,2,84,249
05/17/2009,IXD,KS,ACE,CE,Federal Contract Tower,0,3,14,1,18,0,0,45,4,49,0,3,59,5,67,74,0,74,141
05/18/2009,IXD,KS,ACE,CE,Federal Contract Tower,0,5,12,0,17,0,0,50,5,55,0,5,62,5,72,18,0,18,90
05/19/2009,IXD,KS,ACE,CE,Federal Contract Tower,0,5,18,4,27,0,0,57,4,61,0,5,75,8,88,84,0,84,172
05/20/2009,IXD,KS,ACE,CE,Federal Contract Tower,0,7,51,2,60,0,0,77,3,80,0,7,128,5,140,96,0,96,236
05/21/2009,IXD,KS,ACE,CE,Federal Contract Tower,0,12,51,4,67,0,0,64,2,66,0,12,115,6,133,154,10,164,297
05/22/2009,IXD,KS,ACE,CE,Federal Contract Tower,0,9,27,1,37,0,2,36,7,45,0,11,63,8,82,90,2,92,174
05/23/2009,IXD,KS,ACE,CE,Federal Contract Tower,0,2,14,0,16,0,0,21,1,22,0,2,35,1,38,30,0,30,68
05/24/2009,IXD,KS,ACE,CE,Federal Contract Tower,0,1,8,0,9,0,0,18,0,18,0,1,26,0,27,14,0,14,41
05/25/2009,IXD,KS,ACE,CE,Federal Contract Tower,0,5,15,0,20,0,0,3,0,3,0,5,18,0,23,2,0,2,25
05/26/2009,IXD,KS,ACE,CE,Federal Contract Tower,0,5,24,0,29,0,0,12,0,12,0,5,36,0,41,38,0,38,79
05/27/2009,IXD,KS,ACE,CE,Federal Contract Tower,0,9,27,0,36,0,0,5,0,5,0,9,32,0,41,24,2,26,67
05/28/2009,IXD,KS,ACE,CE,Federal Contract Tower,0,11,49,1,61,0,0,43,5,48,0,11,92,6,109,114,0,114,223
05/29/2009,IXD,KS,ACE,CE,Federal Contract Tower,0,7,14,0,21,0,1,47,1,49,0,8,61,1,70,78,0,78,148
05/30/2009,IXD,KS,ACE,CE,Federal Contract Tower,0,2,14,0,16,0,0,36,0,36,0,2,50,0,52,116,0,116,168
05/31/2009,IXD,KS,ACE,CE,Federal Contract Tower,0,6,12,1,19,0,0,29,6,35,0,6,41,7,54,42,0,42,96
06/01/2009,IXD,KS,ACE,CE,Federal Contract Tower,0,10,14,0,24,0,0,36,0,36,0,10,50,0,60,30,0,30,90
06/02/2009,IXD,KS,ACE,CE,Federal Contract Tower,0,6,24,0,30,0,0,23,0,23,0,6,47,0,53,0,0,0,53
06/03/2009,IXD,KS,ACE,CE,Federal Contract Tower,0,13,37,1,51,0,1,75,1,77,0,14,112,2,128,42,2,44,172
06/04/2009,IXD,KS,ACE,CE,Federal Contract Tower,0,13,39,2,54,0,0,62,4,66,0,13,101,6,120,66,0,66,186
06/05/2009,IXD,KS,ACE,CE,Federal Contract Tower,0,7,11,0,18,0,0,60,0,60,0,7,71,0,78,46,0,46,124
06/06/2009,IXD,KS,ACE,CE,Federal Contract Tower,0,1,19,2,22,0,0,19,0,19,0,1,38,2,41,52,0,52,93
06/07/2009,IXD,KS,ACE,CE,Federal Contract Tower,0,3,12,0,15,0,0,24,0,24,0,3,36,0,39,34,0,34,73
06/08/2009,IXD,KS,ACE,CE,Federal Contract Tower,0,7,38,0,45,0,0,26,5,31,0,7,64,5,76,14,0,14,90
06/09/2009,IXD,KS,ACE,CE,Federal Contract Tower,0,5,27,0,32,0,0,11,0,11,0,5,38,0,43,8,0,8,51
06/10/2009,IXD,KS,ACE,CE,Federal Contract Tower,0,11,36,1,48,0,0,3,0,3,0,11,39,1,51,28,0,28,79
06/11/2009,IXD,KS,ACE,CE,Federal Contract Tower,0,8,27,3,38,0,0,17,3,20,0,8,44,6,58,8,0,8,66
06/12/2009,IXD,KS,ACE,CE,Federal Contract Tower,0,4,17,0,21,0,4,59,0,63,0,8,76,0,84,89,0,89,173
06/13/2009,IXD,KS,ACE,CE,Federal Contract Tower,0,0,23,0,23,0,1,16,1,18,0,1,39,1,41,22,0,22,63
06/14/2009,IXD,KS,ACE,CE,Federal Contract Tower,0,1,11,2,14,0,0,16,0,16,0,1,27,2,30,36,0,36,66
06/15/2009,IXD,KS,ACE,CE,Federal Contract Tower,0,4,28,0,32,0,0,17,2,19,0,4,45,2,51,30,0,30,81
06/16/2009,IXD,KS,ACE,CE,Federal Contract Tower,0,10,15,2,27,0,0,44,2,46,0,10,59,4,73,38,6,44,117
06/17/2009,IXD,KS,ACE,CE,Federal Contract Tower,0,13,25,2,40,0,0,38,4,42,0,13,63,6,82,34,0,34,116
06/18/2009,IXD,KS,ACE,CE,Federal Contract Tower,0,11,14,0,25,0,0,44,3,47,0,11,58,3,72,66,10,76,148
06/19/2009,IXD,KS,ACE,CE,Federal Contract Tower,0,7,22,2,31,0,2,33,9,44,0,9,55,11,75,56,4,60,135
06/20/2009,IXD,KS,ACE,CE,Federal Contract Tower,0,2,17,0,19,0,0,18,0,18,0,2,35,0,37,40,0,40,77
06/21/2009,IXD,KS,ACE,CE,Federal Contract Tower,0,4,16,0,20,0,0,24,0,24,0,4,40,0,44,26,0,26,70
06/22/2009,IXD,KS,ACE,CE,Federal Contract Tower,0,6,31,0,37,0,1,32,7,40,0,7,63,7,77,48,4,52,129
06/23/2009,IXD,KS,ACE,CE,Federal Contract Tower,0,3,28,0,31,0,0,52,2,54,0,3,80,2,85,64,2,66,151
06/24/2009,IXD,KS,ACE,CE,Federal Contract Tower,0,12,28,0,40,0,0,60,0,60,0,12,88,0,100,60,0,60,160
06/25/2009,IXD,KS,ACE,CE,Federal Contract Tower,0,5,54,0,59,0,2,39,1,42,0,7,93,1,101,100,6,106,207
06/26/2009,IXD,KS,ACE,CE,Federal Contract Tower,0,3,33,0,36,0,4,68,0,72,0,7,101,0,108,136,0,136,244
06/27/2009,IXD,KS,ACE,CE,Federal Contract Tower,0,1,13,0,14,0,0,10,0,10,0,1,23,0,24,4,0,4,28
06/28/2009,IXD,KS,ACE,CE,Federal Contract Tower,0,6,21,2,29,0,0,46,2,48,0,6,67,4,77,58,2,60,137
06/29/2009,IXD,KS,ACE,CE,Federal Contract Tower,0,6,20,0,26,0,0,53,1,54,0,6,73,1,80,50,0,50,130
06/30/2009,IXD,KS,ACE,CE,Federal Contract Tower,0,6,15,0,21,0,0,67,0,67,0,6,82,0,88,80,0,80,168
07/01/2009,IXD,KS,ACE,CE,Federal Contract Tower,0,17,29,2,48,0,0,71,0,71,0,17,100,2,119,26,0,26,145
07/02/2009,IXD,KS,ACE,CE,Federal Contract Tower,0,9,17,0,26,0,2,32,2,36,0,11,49,2,62,88,1,89,151
07/03/2009,IXD,KS,ACE,CE,Federal Contract Tower,0,4,25,0,29,0,0,23,0,23,0,4,48,0,52,32,0,32,84
07/04/2009,IXD,KS,ACE,CE,Federal Contract Tower,0,0,3,0,3,0,0,3,1,4,0,0,6,1,7,4,0,4,11
07/05/2009,IXD,KS,ACE,CE,Federal Contract Tower,0,2,13,0,15,0,0,27,0,27,0,2,40,0,42,12,0,12,54
07/06/2009,IXD,KS,ACE,CE,Federal Contract Tower,0,7,23,0,30,0,0,38,5,43,0,7,61,5,73,52,4,56,129
07/07/2009,IXD,KS,ACE,CE,Federal Contract Tower,0,8,18,0,26,0,0,56,14,70,0,8,74,14,96,62,16,78,174
07/08/2009,IXD,KS,ACE,CE,Federal Contract Tower,0,11,30,0,41,0,0,67,5,72,0,11,97,5,113,72,14,86,199
07/09/2009,IXD,KS,ACE,CE,Federal Contract Tower,0,4,30,1,35,0,2,45,7,54,0,6,75,8,89,62,15,77,166
07/10/2009,IXD,KS,ACE,CE,Federal Contract Tower,0,6,26,2,34,0,0,32,4,36,0,6,58,6,70,56,3,59,129
07/11/2009,IXD,KS,ACE,CE,Federal Contract Tower,0,2,12,1,15,0,1,136,9,146,0,3,148,10,161,210,4,214,375
07/12/2009,IXD,KS,ACE,CE,Federal Contract Tower,0,0,13,0,13,0,0,75,0,75,0,0,88,0,88,124,0,124,212
07/13/2009,IXD,KS,ACE,CE,Federal Contract Tower,0,6,30,1,37,0,0,24,9,33,0,6,54,10,70,36,0,36,106
07/14/2009,IXD,KS,ACE,CE,Federal Contract Tower,0,5,23,0,28,0,0,42,14,56,0,5,65,14,84,52,12,64,148
07/15/2009,IXD,KS,ACE,CE,Federal Contract Tower,0,7,21,0,28,0,0,43,12,55,0,7,64,12,83,46,14,60,143
07/16/2009,IXD,KS,ACE,CE,Federal Contract Tower,0,14,38,3,55,0,0,56,1,57,0,14,94,4,112,180,22,202,314
07/17/2009,IXD,KS,ACE,CE,Federal Contract Tower,0,3,38,3,44,0,0,85,7,92,0,3,123,10,136,114,12,126,262
07/18/2009,IXD,KS,ACE,CE,Federal Contract Tower,0,0,10,0,10,0,0,69,6,75,0,0,79,6,85,126,0,126,211
07/19/2009,IXD,KS,ACE,CE,Federal Contract Tower,0,2,13,1,16,0,0,57,0,57,0,2,70,1,73,88,0,88,161
07/20/2009,IXD,KS,ACE,CE,Federal Contract Tower,0,6,22,0,28,0,0,37,2,39,0,6,59,2,67,68,14,82,149
07/21/2009,IXD,KS,ACE,CE,Federal Contract Tower,0,5,42,0,47,0,0,13,6,19,0,5,55,6,66,38,10,48,114
07/22/2009,IXD,KS,ACE,CE,Federal Contract Tower,0,4,36,2,42,0,0,68,3,71,0,4,104,5,113,118,0,118,231
07/23/2009,IXD,KS,ACE,CE,Federal Contract Tower,0,10,29,3,42,0,0,54,3,57,0,10,83,6,99,100,16,116,215
07/24/2009,IXD,KS,ACE,CE,Federal Contract Tower,0,4,28,12,44,0,0,58,6,64,0,4,86,18,108,112,4,116,224
07/25/2009,IXD,KS,ACE,CE,Federal Contract Tower,0,0,21,0,21,0,0,45,0,45,0,0,66,0,66,112,0,112,178
07/26/2009,IXD,KS,ACE,CE,Federal Contract Tower,0,2,27,1,30,0,0,43,0,43,0,2,70,1,73,34,6,40,113
07/27/2009,IXD,KS,ACE,CE,Federal Contract Tower,0,6,21,1,28,0,0,43,4,47,0,6,64,5,75,82,40,122,197
07/28/2009,IXD,KS,ACE,CE,Federal Contract Tower,0,16,24,0,40,0,0,27,0,27,0,16,51,0,67,2,0,2,69
07/29/2009,IXD,KS,ACE,CE,Federal Contract Tower,0,7,43,0,50,0,0,56,9,65,0,7,99,9,115,72,12,84,199
07/30/2009,IXD,KS,ACE,CE,Federal Contract Tower,0,9,38,4,51,0,0,54,9,63,0,9,92,13,114,120,0,120,234
07/31/2009,IXD,KS,ACE,CE,Federal Contract Tower,0,3,42,4,49,0,0,56,14,70,0,3,98,18,119,54,0,54,173
08/01/2009,IXD,KS,ACE,CE,Federal Contract Tower,0,6,2,5,13,0,0,18,0,18,0,6,20,5,31,22,16,38,69
08/02/2009,IXD,KS,ACE,CE,Federal Contract Tower,0,2,18,1,21,0,0,86,5,91,0,2,104,6,112,136,2,138,250
08/03/2009,IXD,KS,ACE,CE,Federal Contract Tower,0,7,23,4,34,0,0,30,0,30,0,7,53,4,64,64,0,64,128
08/04/2009,IXD,KS,ACE,CE,Federal Contract Tower,0,3,15,0,18,0,0,19,5,24,0,3,34,5,42,2,4,6,48
08/05/2009,IXD,KS,ACE,CE,Federal Contract Tower,0,10,16,2,28,0,0,35,1,36,0,10,51,3,64,48,0,48,112
08/06/2009,IXD,KS,ACE,CE,Federal Contract Tower,0,8,24,1,33,0,0,38,1,39,0,8,62,2,72,86,0,86,158
08/07/2009,IXD,KS,ACE,CE,Federal Contract Tower,0,7,25,1,33,0,0,34,0,34,0,7,59,1,67,48,0,48,115
08/08/2009,IXD,KS,ACE,CE,Federal Contract Tower,0,5,7,0,12,0,0,51,2,53,0,5,58,2,65,40,8,48,113
08/09/2009,IXD,KS,ACE,CE,Federal Contract Tower,0,1,7,0,8,0,0,35,0,35,0,1,42,0,43,66,0,66,109
08/10/2009,IXD,KS,ACE,CE,Federal Contract Tower,0,7,19,0,26,0,0,35,3,38,0,7,54,3,64,62,0,62,126
08/11/2009,IXD,KS,ACE,CE,Federal Contract Tower,0,7,24,0,31,0,0,49,0,49,0,7,73,0,80,46,0,46,126
08/12/2009,IXD,KS,ACE,CE,Federal Contract Tower,0,10,40,0,50,0,0,81,2,83,0,10,121,2,133,90,0,90,223
08/13/2009,IXD,KS,ACE,CE,Federal Contract Tower,0,13,31,0,44,0,2,46,4,52,0,15,77,4,96,34,2,36,132
08/14/2009,IXD,KS,ACE,CE,Federal Contract Tower,0,3,32,0,35,0,0,54,6,60,0,3,86,6,95,138,0,138,233
08/15/2009,IXD,KS,ACE,CE,Federal Contract Tower,0,3,12,0,15,0,0,24,0,24,0,3,36,0,39,34,0,34,73
08/16/2009,IXD,KS,ACE,CE,Federal Contract Tower,0,3,19,0,22,0,0,31,2,33,0,3,50,2,55,42,4,46,101
08/17/2009,IXD,KS,ACE,CE,Federal Contract Tower,0,10,8,0,18,0,0,15,2,17,0,10,23,2,35,2,0,2,37
08/18/2009,IXD,KS,ACE,CE,Federal Contract Tower,0,11,19,1,31,0,0,38,3,41,0,11,57,4,72,50,10,60,132
08/19/2009,IXD,KS,ACE,CE,Federal Contract Tower,0,8,18,0,26,0,0,17,2,19,0,8,35,2,45,8,0,8,53
08/20/2009,IXD,KS,ACE,CE,Federal Contract Tower,0,12,21,0,33,0,0,42,2,44,0,12,63,2,77,100,6,106,183
08/21/2009,IXD,KS,ACE,CE,Federal Contract Tower,0,6,36,0,42,0,0,80,15,95,0,6,116,15,137,76,2,78,215
08/22/2009,IXD,KS,ACE,CE,Federal Contract Tower,0,1,21,4,26,0,0,43,2,45,0,1,64,6,71,44,0,44,115
08/23/2009,IXD,KS,ACE,CE,Federal Contract Tower,0,4,13,1,18,0,0,34,6,40,0,4,47,7,58,24,0,24,82
08/24/2009,IXD,KS,ACE,CE,Federal Contract Tower,0,4,23,0,27,0,0,44,7,51,0,4,67,7,78,80,18,98,176
08/25/2009,IXD,KS,ACE,CE,Federal Contract Tower,0,10,19,2,31,0,0,39,4,43,0,10,58,6,74,36,6,42,116
08/26/2009,IXD,KS,ACE,CE,Federal Contract Tower,0,8,9,0,17,0,0,17,4,21,0,8,26,4,38,26,0,26,64
08/27/2009,IXD,KS,ACE,CE,Federal Contract Tower,0,11,37,0,48,0,15,4,0,19,0,26,41,0,67,38,0,38,105
08/28/2009,IXD,KS,ACE,CE,Federal Contract Tower,0,10,44,4,58,0,0,17,0,17,0,10,61,4,75,68,2,70,145
08/29/2009,IXD,KS,ACE,CE,Federal Contract Tower,0,4,17,0,21,0,0,61,0,61,0,4,78,0,82,114,0,114,196
08/30/2009,IXD,KS,ACE,CE,Federal Contract Tower,0,5,18,0,23,0,0,43,0,43,0,5,61,0,66,72,0,72,138
08/31/2009,IXD,KS,ACE,CE,Federal Contract Tower,0,6,29,2,37,0,0,39,2,41,0,6,68,4,78,96,28,124,202
09/01/2009,IXD,KS,ACE,CE,Federal Contract Tower,0,12,26,2,40,0,0,67,3,70,0,12,93,5,110,144,0,144,254
09/02/2009,IXD,KS,ACE,CE,Federal Contract Tower,0,11,31,0,42,0,0,63,3,66,0,11,94,3,108,70,8,78,186
09/03/2009,IXD,KS,ACE,CE,Federal Contract Tower,0,13,21,0,34,0,0,34,0,34,0,13,55,0,68,96,5,101,169
09/04/2009,IXD,KS,ACE,CE,Federal Contract Tower,0,10,39,0,49,0,0,21,0,21,0,10,60,0,70,34,0,34,104
09/05/2009,IXD,KS,ACE,CE,Federal Contract Tower,0,5,14,0,19,0,0,166,0,166,0,5,180,0,185,46,0,46,231
09/06/2009,IXD,KS,ACE,CE,Federal Contract Tower,0,1,14,0,15,0,0,55,0,55,0,1,69,0,70,10,0,10,80
09/07/2009,IXD,KS,ACE,CE,Federal Contract Tower,0,6,22,0,28,0,0,28,0,28,0,6,50,0,56,64,0,64,120
09/08/2009,IXD,KS,ACE,CE,Federal Contract Tower,0,3,25,0,28,0,0,23,2,25,0,3,48,2,53,72,0,72,125
09/09/2009,IXD,KS,ACE,CE,Federal Contract Tower,0,8,25,0,33,0,0,16,1,17,0,8,41,1,50,10,4,14,64
09/10/2009,IXD,KS,ACE,CE,Federal Contract Tower,0,9,26,0,35,0,1,40,2,43,0,10,66,2,78,74,24,98,176
09/11/2009,IXD,KS,ACE,CE,Federal Contract Tower,0,5,32,0,37,0,0,56,9,65,0,5,88,9,102,144,8,152,254
09/12/2009,IXD,KS,ACE,CE,Federal Contract Tower,0,3,16,1,20,0,0,48,2,50,0,3,64,3,70,108,12,120,190
09/13/2009,IXD,KS,ACE,CE,Federal Contract Tower,0,1,30,0,31,0,0,37,6,43,0,1,67,6,74,28,10,38,112
09/14/2009,IXD,KS,ACE,CE,Federal Contract Tower,0,3,30,0,33,0,0,40,7,47,0,3,70,7,80,32,22,54,134
09/15/2009,IXD,KS,ACE,CE,Federal Contract Tower,0,8,11,0,19,0,0,34,8,42,0,8,45,8,61,108,16,124,185
09/16/2009,IXD,KS,ACE,CE,Federal Contract Tower,0,6,31,0,37,0,0,47,12,59,0,6,78,12,96,84,8,92,188
09/17/2009,IXD,KS,ACE,CE,Federal Contract Tower,0,14,31,0,45,0,4,27,10,41,0,18,58,10,86,74,16,90,176
09/18/2009,IXD,KS,ACE,CE,Federal Contract Tower,0,6,19,2,27,0,0,37,8,45,0,6,56,10,72,78,0,78,150
09/19/2009,IXD,KS,ACE,CE,Federal Contract Tower,0,2,20,0,22,0,0,47,0,47,0,2,67,0,69,18,0,18,87
09/20/2009,IXD,KS,ACE,CE,Federal Contract Tower,0,6,18,0,24,0,0,18,0,18,0,6,36,0,42,28,0,28,70
09/21/2009,IXD,KS,ACE,CE,Federal Contract Tower,0,10,7,0,17,0,0,0,4,4,0,10,7,4,21,0,0,0,21
09/22/2009,IXD,KS,ACE,CE,Federal Contract Tower,0,7,21,2,30,0,0,43,12,55,0,7,64,14,85,38,0,38,123
09/23/2009,IXD,KS,ACE,CE,Federal Contract Tower,0,11,29,0,40,0,0,40,7,47,0,11,69,7,87,26,0,26,113
09/24/2009,IXD,KS,ACE,CE,Federal Contract Tower,0,3,25,2,30,0,0,32,2,34,0,3,57,4,64,112,4,116,180
09/25/2009,IXD,KS,ACE,CE,Federal Contract Tower,0,11,29,0,40,0,0,49,6,55,0,11,78,6,95,82,46,128,223
09/26/2009,IXD,KS,ACE,CE,Federal Contract Tower,0,2,11,2,15,0,0,37,6,43,0,2,48,8,58,38,2,40,98
09/27/2009,IXD,KS,ACE,CE,Federal Contract Tower,0,1,23,2,26,0,0,55,0,55,0,1,78,2,81,44,0,44,125
09/28/2009,IXD,KS,ACE,CE,Federal Contract Tower,0,9,30,1,40,0,0,56,1,57,0,9,86,2,97,148,10,158,255
09/29/2009,IXD,KS,ACE,CE,Federal Contract Tower,0,4,12,0,16,0,0,56,4,60,0,4,68,4,76,102,52,154,230
09/30/2009,IXD,KS,ACE,CE,Federal Contract Tower,0,12,35,0,47,0,0,51,8,59,0,12,86,8,106,106,20,126,232
10/01/2009,IXD,KS,ACE,CE,Federal Contract Tower,0,10,35,0,45,0,0,4,0,4,0,10,39,0,49,26,36,62,111
10/02/2009,IXD,KS,ACE,CE,Federal Contract Tower,0,12,8,0,20,0,0,19,3,22,0,12,27,3,42,68,0,68,110
10/03/2009,IXD,KS,ACE,CE,Federal Contract Tower,0,4,16,0,20,0,0,36,0,36,0,4,52,0,56,48,0,48,104
10/04/2009,IXD,KS,ACE,CE,Federal Contract Tower,0,3,37,2,42,0,0,35,2,37,0,3,72,4,79,48,0,48,127
10/05/2009,IXD,KS,ACE,CE,Federal Contract Tower,0,2,22,0,24,0,0,34,3,37,0,2,56,3,61,80,4,84,145
10/06/2009,IXD,KS,ACE,CE,Federal Contract Tower,0,11,27,0,38,0,0,20,13,33,0,11,47,13,71,12,0,12,83
10/07/2009,IXD,KS,ACE,CE,Federal Contract Tower,0,11,36,0,47,0,0,71,17,88,0,11,107,17,135,98,6,104,239
10/08/2009,IXD,KS,ACE,CE,Federal Contract Tower,0,7,7,0,14,0,0,0,0,0,0,7,7,0,14,0,0,0,14
10/09/2009,IXD,KS,ACE,CE,Federal Contract Tower,0,3,23,0,26,0,0,42,2,44,0,3,65,2,70,116,2,118,188
10/10/2009,IXD,KS,ACE,CE,Federal Contract Tower,0,7,28,0,35,0,0,9,0,9,0,7,37,0,44,28,0,28,72
10/11/2009,IXD,KS,ACE,CE,Federal Contract Tower,0,1,13,0,14,0,0,15,0,15,0,1,28,0,29,56,0,56,85
10/12/2009,IXD,KS,ACE,CE,Federal Contract Tower,0,14,29,0,43,0,0,0,0,0,0,14,29,0,43,0,0,0,43
10/13/2009,IXD,KS,ACE,CE,Federal Contract Tower,0,12,24,0,36,0,0,4,2,6,0,12,28,2,42,4,0,4,46
10/14/2009,IXD,KS,ACE,CE,Federal Contract Tower,0,19,33,1,53,0,0,0,1,1,0,19,33,2,54,0,0,0,54
10/15/2009,IXD,KS,ACE,CE,Federal Contract Tower,0,9,34,1,44,0,0,10,4,14,0,9,44,5,58,18,0,18,76
10/16/2009,IXD,KS,ACE,CE,Federal Contract Tower,0,9,18,0,27,0,0,22,4,26,0,9,40,4,53,54,0,54,107
10/17/2009,IXD,KS,ACE,CE,Federal Contract Tower,0,0,23,0,23,0,0,30,0,30,0,0,53,0,53,46,0,46,99
10/18/2009,IXD,KS,ACE,CE,Federal Contract Tower,0,1,12,0,13,0,0,40,0,40,0,1,52,0,53,68,0,68,121
10/19/2009,IXD,KS,ACE,CE,Federal Contract Tower,0,13,20,0,33,0,0,69,11,80,0,13,89,11,113,68,0,68,181
10/20/2009,IXD,KS,ACE,CE,Federal Contract Tower,0,5,14,0,19,0,0,26,6,32,0,5,40,6,51,34,0,34,85
10/21/2009,IXD,KS,ACE,CE,Federal Contract Tower,0,10,20,0,30,0,0,17,5,22,0,10,37,5,52,28,10,38,90
10/22/2009,IXD,KS,ACE,CE,Federal Contract Tower,0,13,25,0,38,0,0,0,0,0,0,13,25,0,38,6,0,6,44
10/23/2009,IXD,KS,ACE,CE,Federal Contract Tower,0,5,32,10,47,0,0,11,6,17,0,5,43,16,64,24,0,24,88
10/24/2009,IXD,KS,ACE,CE,Federal Contract Tower,0,8,13,1,22,0,68,1,0,69,0,76,14,1,91,132,0,132,223
10/25/2009,IXD,KS,ACE,CE,Federal Contract Tower,0,2,14,1,17,0,0,13,0,13,0,2,27,1,30,22,0,22,52
10/26/2009,IXD,KS,ACE,CE,Federal Contract Tower,0,8,22,0,30,0,0,47,7,54,0,8,69,7,84,96,0,96,180
10/27/2009,IXD,KS,ACE,CE,Federal Contract Tower,0,9,18,0,27,0,0,36,29,65,0,9,54,29,92,88,0,88,180
10/28/2009,IXD,KS,ACE,CE,Federal Contract Tower,0,9,20,0,29,0,0,36,27,63,0,9,56,27,92,44,0,44,136
10/29/2009,IXD,KS,ACE,CE,Federal Contract Tower,0,3,9,0,12,0,0,0,0,0,0,3,9,0,12,0,0,0,12
10/30/2009,IXD,KS,ACE,CE,Federal Contract Tower,0,7,21,0,28,0,1,44,6,51,0,8,65,6,79,58,26,84,163
10/31/2009,IXD,KS,ACE,CE,Federal Contract Tower,0,0,23,0,23,0,0,57,0,57,0,0,80,0,80,88,0,88,168
11/01/2009,IXD,KS,ACE,CE,Federal Contract Tower,0,1,21,0,22,0,0,44,0,44,0,1,65,0,66,40,0,40,106
11/02/2009,IXD,KS,ACE,CE,Federal Contract Tower,0,14,26,0,40,0,0,9,4,13,0,14,35,4,53,30,0,30,83
11/03/2009,IXD,KS,ACE,CE,Federal Contract Tower,0,8,19,0,27,0,0,63,9,72,0,8,82,9,99,90,0,90,189
11/04/2009,IXD,KS,ACE,CE,Federal Contract Tower,0,7,29,2,38,0,0,57,18,75,0,7,86,20,113,86,0,86,199
11/05/2009,IXD,KS,ACE,CE,Federal Contract Tower,0,8,21,1,30,0,0,52,6,58,0,8,73,7,88,60,19,79,167
11/06/2009,IXD,KS,ACE,CE,Federal Contract Tower,0,8,14,0,22,0,0,42,12,54,0,8,56,12,76,56,2,58,134
11/07/2009,IXD,KS,ACE,CE,Federal Contract Tower,0,1,17,0,18,0,0,54,0,54,0,1,71,0,72,56,12,68,140
11/08/2009,IXD,KS,ACE,CE,Federal Contract Tower,0,1,17,0,18,0,0,29,4,33,0,1,46,4,51,42,4,46,97
11/09/2009,IXD,KS,ACE,CE,Federal Contract Tower,0,7,38,0,45,0,0,12,7,19,0,7,50,7,64,16,13,29,93
11/10/2009,IXD,KS,ACE,CE,Federal Contract Tower,0,8,21,6,35,0,0,30,5,35,0,8,51,11,70,114,6,120,190
11/11/2009,IXD,KS,ACE,CE,Federal Contract Tower,0,8,25,0,33,0,0,56,0,56,0,8,81,0,89,46,0,46,135
11/12/2009,IXD,KS,ACE,CE,Federal Contract Tower,0,9,43,3,55,0,0,37,12,49,0,9,80,15,104,19,6,25,129
11/13/2009,IXD,KS,ACE,CE,Federal Contract Tower,0,5,22,4,31,0,0,41,7,48,0,5,63,11,79,60,0,60,139
11/14/2009,IXD,KS,ACE,CE,Federal Contract Tower,0,0,21,1,22,0,0,0,0,0,0,0,21,1,22,4,0,4,26
11/15/2009,IXD,KS,ACE,CE,Federal Contract Tower,0,0,8,2,10,0,0,1,0,1,0,0,9,2,11,0,0,0,11
11/16/2009,IXD,KS,ACE,CE,Federal Contract Tower,0,18,11,0,29,0,0,0,0,0,0,18,11,0,29,0,0,0,29
11/17/2009,IXD,KS,ACE,CE,Federal Contract Tower,0,7,18,0,25,0,0,0,0,0,0,7,18,0,25,0,0,0,25
11/18/2009,IXD,KS,ACE,CE,Federal Contract Tower,0,11,36,4,51,0,0,0,0,0,0,11,36,4,51,0,0,0,51
11/19/2009,IXD,KS,ACE,CE,Federal Contract Tower,0,8,30,3,41,0,0,47,18,65,0,8,77,21,106,68,1,69,175
11/20/2009,IXD,KS,ACE,CE,Federal Contract Tower,0,6,41,4,51,0,2,61,8,71,0,8,102,12,122,60,0,60,182
11/21/2009,IXD,KS,ACE,CE,Federal Contract Tower,0,1,27,0,28,0,0,34,0,34,0,1,61,0,62,58,0,58,120
11/22/2009,IXD,KS,ACE,CE,Federal Contract Tower,0,4,9,0,13,0,0,26,4,30,0,4,35,4,43,16,0,16,59
11/23/2009,IXD,KS,ACE,CE,Federal Contract Tower,0,5,40,0,45,0,0,31,7,38,0,5,71,7,83,100,4,104,187
11/24/2009,IXD,KS,ACE,CE,Federal Contract Tower,0,9,21,0,30,0,0,7,15,22,0,9,28,15,52,8,14,22,74
11/25/2009,IXD,KS,ACE,CE,Federal Contract Tower,0,3,22,0,25,0,0,28,10,38,0,3,50,10,63,56,0,56,119
11/26/2009,IXD,KS,ACE,CE,Federal Contract Tower,0,0,8,0,8,0,0,10,0,10,0,0,18,0,18,8,0,8,26
11/27/2009,IXD,KS,ACE,CE,Federal Contract Tower,0,2,21,0,23,0,0,24,2,26,0,2,45,2,49,62,0,62,111
11/28/2009,IXD,KS,ACE,CE,Federal Contract Tower,0,4,19,0,23,0,0,56,0,56,0,4,75,0,79,76,0,76,155
11/29/2009,IXD,KS,ACE,CE,Federal Contract Tower,0,8,25,0,33,0,0,8,0,8,0,8,33,0,41,0,0,0,41
11/30/2009,IXD,KS,ACE,CE,Federal Contract Tower,0,4,34,1,39,0,0,26,5,31,0,4,60,6,70,48,0,48,118
12/01/2009,IXD,KS,ACE,CE,Federal Contract Tower,0,8,21,1,30,0,0,53,13,66,0,8,74,14,96,58,8,66,162
12/02/2009,IXD,KS,ACE,CE,Federal Contract Tower,0,4,25,0,29,0,0,18,20,38,0,4,43,20,67,4,0,4,71
12/03/2009,IXD,KS,ACE,CE,Federal Contract Tower,0,10,31,2,43,0,0,28,2,30,0,10,59,4,73,32,48,80,153
12/04/2009,IXD,KS,ACE,CE,Federal Contract Tower,0,4,30,0,34,0,0,50,4,54,0,4,80,4,88,24,0,24,112
12/05/2009,IXD,KS,ACE,CE,Federal Contract Tower,0,2,15,0,17,0,0,55,0,55,0,2,70,0,72,82,0,82,154
12/06/2009,IXD,KS,ACE,CE,Federal Contract Tower,0,6,12,0,18,0,0,5,0,5,0,6,17,0,23,28,0,28,51
12/07/2009,IXD,KS,ACE,CE,Federal Contract Tower,0,10,12,8,30,0,0,3,6,9,0,10,15,14,39,0,8,8,47
12/08/2009,IXD,KS,ACE,CE,Federal Contract Tower,0,3,3,0,6,0,0,0,0,0,0,3,3,0,6,0,0,0,6
12/09/2009,IXD,KS,ACE,CE,Federal Contract Tower,0,6,12,0,18,0,0,6,0,6,0,6,18,0,24,4,0,4,28
12/10/2009,IXD,KS,ACE,CE,Federal Contract Tower,0,10,10,0,20,0,0,25,3,28,0,10,35,3,48,18,6,24,72
12/11/2009,IXD,KS,ACE,CE,Federal Contract Tower,0,10,25,1,36,0,0,42,3,45,0,10,67,4,81,36,0,36,117
12/12/2009,IXD,KS,ACE,CE,Federal Contract Tower,0,1,8,1,10,0,0,20,0,20,0,1,28,1,30,28,8,36,66
12/13/2009,IXD,KS,ACE,CE,Federal Contract Tower,0,1,13,0,14,0,0,2,0,2,0,1,15,0,16,0,0,0,16
12/14/2009,IXD,KS,ACE,CE,Federal Contract Tower,0,5,24,0,29,0,0,7,5,12,0,5,31,5,41,0,6,6,47
12/15/2009,IXD,KS,ACE,CE,Federal Contract Tower,0,7,34,0,41,0,0,45,11,56,0,7,79,11,97,62,2,64,161
12/16/2009,IXD,KS,ACE,CE,Federal Contract Tower,0,11,29,1,41,0,0,50,9,59,0,11,79,10,100,54,4,58,158
12/17/2009,IXD,KS,ACE,CE,Federal Contract Tower,0,4,14,0,18,0,0,42,2,44,0,4,56,2,62,48,0,48,110
12/18/2009,IXD,KS,ACE,CE,Federal Contract Tower,0,11,34,0,45,0,0,23,0,23,0,11,57,0,68,16,4,20,88
12/19/2009,IXD,KS,ACE,CE,Federal Contract Tower,0,0,8,3,11,0,0,0,0,0,0,0,8,3,11,0,0,0,11
12/20/2009,IXD,KS,ACE,CE,Federal Contract Tower,0,0,11,0,11,0,0,33,3,36,0,0,44,3,47,44,2,46,93
12/21/2009,IXD,KS,ACE,CE,Federal Contract Tower,0,3,33,0,36,0,0,38,2,40,0,3,71,2,76,20,0,20,96
12/22/2009,IXD,KS,ACE,CE,Federal Contract Tower,0,5,24,0,29,0,0,25,5,30,0,5,49,5,59,44,10,54,113
12/23/2009,IXD,KS,ACE,CE,Federal Contract Tower,0,5,8,0,13,0,0,1,0,1,0,5,9,0,14,12,0,12,26
12/24/2009,IXD,KS,ACE,CE,Federal Contract Tower,0,2,5,0,7,0,0,0,0,0,0,2,5,0,7,0,0,0,7
12/25/2009,IXD,KS,ACE,CE,Federal Contract Tower,0,0,0,0,0,0,0,0,0,0,0,0,0,0,0,0,0,0,0
12/26/2009,IXD,KS,ACE,CE,Federal Contract Tower,0,1,7,0,8,0,0,0,0,0,0,1,7,0,8,0,0,0,8
12/27/2009,IXD,KS,ACE,CE,Federal Contract Tower,0,0,12,0,12,0,0,16,0,16,0,0,28,0,28,2,0,2,30
12/28/2009,IXD,KS,ACE,CE,Federal Contract Tower,0,3,8,2,13,0,0,30,3,33,0,3,38,5,46,4,4,8,54
12/29/2009,IXD,KS,ACE,CE,Federal Contract Tower,0,4,21,0,25,0,0,0,4,4,0,4,21,4,29,2,16,18,47
12/30/2009,IXD,KS,ACE,CE,Federal Contract Tower,0,2,8,0,10,0,0,0,0,0,0,2,8,0,10,0,0,0,10
12/31/2009,IXD,KS,ACE,CE,Federal Contract Tower,0,3,18,0,21,0,0,26,0,26,0,3,44,0,47,26,0,26,73
01/01/2010,IXD,KS,ACE,CE,Federal Contract Tower,0,0,8,0,8,0,0,13,2,15,0,0,21,2,23,20,0,20,43
01/02/2010,IXD,KS,ACE,CE,Federal Contract Tower,0,0,10,0,10,0,0,10,0,10,0,0,20,0,20,46,0,46,66
01/03/2010,IXD,KS,ACE,CE,Federal Contract Tower,0,0,5,0,5,0,0,1,0,1,0,0,6,0,6,0,0,0,6
01/04/2010,IXD,KS,ACE,CE,Federal Contract Tower,0,2,14,0,16,0,0,27,5,32,0,2,41,5,48,10,0,10,58
01/05/2010,IXD,KS,ACE,CE,Federal Contract Tower,0,6,18,0,24,0,0,40,4,44,0,6,58,4,68,48,4,52,120
01/06/2010,IXD,KS,ACE,CE,Federal Contract Tower,0,5,10,0,15,0,0,2,0,2,0,5,12,0,17,0,0,0,17
01/07/2010,IXD,KS,ACE,CE,Federal Contract Tower,0,4,11,0,15,0,0,4,0,4,0,4,15,0,19,0,0,0,19
01/08/2010,IXD,KS,ACE,CE,Federal Contract Tower,0,10,9,0,19,0,0,6,0,6,0,10,15,0,25,0,0,0,25
01/09/2010,IXD,KS,ACE,CE,Federal Contract Tower,0,0,7,0,7,0,0,15,0,15,0,0,22,0,22,14,0,14,36
01/10/2010,IXD,KS,ACE,CE,Federal Contract Tower,0,1,11,0,12,0,0,7,11,18,0,1,18,11,30,90,14,104,134
01/11/2010,IXD,KS,ACE,CE,Federal Contract Tower,0,11,18,2,31,0,1,24,3,28,0,12,42,5,59,38,4,42,101
01/12/2010,IXD,KS,ACE,CE,Federal Contract Tower,0,2,20,0,22,0,0,20,0,20,0,2,40,0,42,24,0,24,66
01/13/2010,IXD,KS,ACE,CE,Federal Contract Tower,0,2,33,0,35,0,0,46,6,52,0,2,79,6,87,74,12,86,173
01/14/2010,IXD,KS,ACE,CE,Federal Contract Tower,0,9,29,4,42,0,0,1,2,3,0,9,30,6,45,16,2,18,63
01/15/2010,IXD,KS,ACE,CE,Federal Contract Tower,0,2,6,0,8,0,0,0,0,0,0,2,6,0,8,0,0,0,8
01/16/2010,IXD,KS,ACE,CE,Federal Contract Tower,0,0,5,0,5,0,0,0,0,0,0,0,5,0,5,0,0,0,5
01/17/2010,IXD,KS,ACE,CE,Federal Contract Tower,0,1,6,0,7,0,0,0,0,0,0,1,6,0,7,0,0,0,7
01/18/2010,IXD,KS,ACE,CE,Federal Contract Tower,0,1,7,0,8,0,0,0,0,0,0,1,7,0,8,0,0,0,8
01/19/2010,IXD,KS,ACE,CE,Federal Contract Tower,0,6,31,0,37,0,0,0,0,0,0,6,31,0,37,4,0,4,41
01/20/2010,IXD,KS,ACE,CE,Federal Contract Tower,0,5,29,0,34,0,0,0,0,0,0,5,29,0,34,0,0,0,34
01/21/2010,IXD,KS,ACE,CE,Federal Contract Tower,0,5,20,0,25,0,0,2,0,2,0,5,22,0,27,0,0,0,27
01/22/2010,IXD,KS,ACE,CE,Federal Contract Tower,0,16,24,0,40,0,0,0,1,1,0,16,24,1,41,0,0,0,41
01/23/2010,IXD,KS,ACE,CE,Federal Contract Tower,0,0,9,0,9,0,0,12,0,12,0,0,21,0,21,32,0,32,53
01/24/2010,IXD,KS,ACE,CE,Federal Contract Tower,0,4,16,2,22,0,0,26,4,30,0,4,42,6,52,30,0,30,82
01/25/2010,IXD,KS,ACE,CE,Federal Contract Tower,0,17,12,0,29,0,0,17,4,21,0,17,29,4,50,26,6,32,82
01/26/2010,IXD,KS,ACE,CE,Federal Contract Tower,0,6,30,2,38,0,0,54,0,54,0,6,84,2,92,50,0,50,142
01/27/2010,IXD,KS,ACE,CE,Federal Contract Tower,0,13,20,6,39,0,0,36,0,36,0,13,56,6,75,34,0,34,109
01/28/2010,IXD,KS,ACE,CE,Federal Contract Tower,0,10,12,0,22,0,0,22,0,22,0,10,34,0,44,56,8,64,108
01/29/2010,IXD,KS,ACE,CE,Federal Contract Tower,0,14,13,0,27,0,0,5,0,5,0,14,18,0,32,18,0,18,50
01/30/2010,IXD,KS,ACE,CE,Federal Contract Tower,0,0,10,0,10,0,0,23,0,23,0,0,33,0,33,76,0,76,109
01/31/2010,IXD,KS,ACE,CE,Federal Contract Tower,0,5,24,0,29,0,0,23,0,23,0,5,47,0,52,36,0,36,88
02/01/2010,IXD,KS,ACE,CE,Federal Contract Tower,0,12,10,0,22,0,0,3,0,3,0,12,13,0,25,10,0,10,35
02/02/2010,IXD,KS,ACE,CE,Federal Contract Tower,0,9,17,2,28,0,0,47,0,47,0,9,64,2,75,62,0,62,137
02/03/2010,IXD,KS,ACE,CE,Federal Contract Tower,0,7,44,0,51,0,0,38,0,38,0,7,82,0,89,156,0,156,245
02/04/2010,IXD,KS,ACE,CE,Federal Contract Tower,0,8,17,0,25,0,0,19,0,19,0,8,36,0,44,40,0,40,84
02/05/2010,IXD,KS,ACE,CE,Federal Contract Tower,0,11,12,0,23,0,0,0,0,0,0,11,12,0,23,0,0,0,23
02/06/2010,IXD,KS,ACE,CE,Federal Contract Tower,0,4,20,0,24,0,0,0,0,0,0,4,20,0,24,22,0,22,46
02/07/2010,IXD,KS,ACE,CE,Federal Contract Tower,0,4,11,0,15,0,0,0,0,0,0,4,11,0,15,0,0,0,15
02/08/2010,IXD,KS,ACE,CE,Federal Contract Tower,0,10,13,0,23,0,0,1,0,1,0,10,14,0,24,0,0,0,24
02/09/2010,IXD,KS,ACE,CE,Federal Contract Tower,0,6,35,1,42,0,0,1,4,5,0,6,36,5,47,8,2,10,57
02/10/2010,IXD,KS,ACE,CE,Federal Contract Tower,0,9,21,4,34,0,0,24,3,27,0,9,45,7,61,58,0,58,119
02/11/2010,IXD,KS,ACE,CE,Federal Contract Tower,0,4,16,6,26,0,0,40,14,54,0,4,56,20,80,32,4,36,116
02/12/2010,IXD,KS,ACE,CE,Federal Contract Tower,0,15,43,0,58,0,0,36,2,38,0,15,79,2,96,112,6,118,214
02/13/2010,IXD,KS,ACE,CE,Federal Contract Tower,0,1,7,0,8,0,0,3,0,3,0,1,10,0,11,0,0,0,11
02/14/2010,IXD,KS,ACE,CE,Federal Contract Tower,0,1,5,0,6,0,0,0,0,0,0,1,5,0,6,0,0,0,6
02/15/2010,IXD,KS,ACE,CE,Federal Contract Tower,0,8,12,0,20,0,0,7,0,7,0,8,19,0,27,38,0,38,65
02/16/2010,IXD,KS,ACE,CE,Federal Contract Tower,0,9,29,2,40,0,0,47,8,55,0,9,76,10,95,54,0,54,149
02/17/2010,IXD,KS,ACE,CE,Federal Contract Tower,0,6,36,2,44,0,0,55,1,56,0,6,91,3,100,126,0,126,226
02/18/2010,IXD,KS,ACE,CE,Federal Contract Tower,0,11,34,0,45,0,0,34,12,46,0,11,68,12,91,126,20,146,237
02/19/2010,IXD,KS,ACE,CE,Federal Contract Tower,0,12,7,0,19,0,0,4,1,5,0,12,11,1,24,0,0,0,24
02/20/2010,IXD,KS,ACE,CE,Federal Contract Tower,0,0,4,0,4,0,0,0,0,0,0,0,4,0,4,0,0,0,4
02/21/2010,IXD,KS,ACE,CE,Federal Contract Tower,0,0,2,0,2,0,0,0,0,0,0,0,2,0,2,0,0,0,2
02/22/2010,IXD,KS,ACE,CE,Federal Contract Tower,0,5,22,0,27,0,0,7,2,9,0,5,29,2,36,22,0,22,58
02/23/2010,IXD,KS,ACE,CE,Federal Contract Tower,0,6,26,0,32,0,0,45,2,47,0,6,71,2,79,54,0,54,133
02/24/2010,IXD,KS,ACE,CE,Federal Contract Tower,0,4,34,0,38,0,0,58,12,70,0,4,92,12,108,94,8,102,210
02/25/2010,IXD,KS,ACE,CE,Federal Contract Tower,0,4,29,2,35,0,0,47,1,48,0,4,76,3,83,66,0,66,149
02/26/2010,IXD,KS,ACE,CE,Federal Contract Tower,0,9,32,1,42,0,0,48,4,52,0,9,80,5,94,82,6,88,182
02/27/2010,IXD,KS,ACE,CE,Federal Contract Tower,0,0,25,0,25,0,0,37,1,38,0,0,62,1,63,54,12,66,129
02/28/2010,IXD,KS,ACE,CE,Federal Contract Tower,0,5,19,0,24,0,0,24,0,24,0,5,43,0,48,48,0,48,96
03/01/2010,IXD,KS,ACE,CE,Federal Contract Tower,0,1,23,0,24,0,0,18,4,22,0,1,41,4,46,44,0,44,90
03/02/2010,IXD,KS,ACE,CE,Federal Contract Tower,0,7,27,0,34,0,0,38,3,41,0,7,65,3,75,30,8,38,113
03/03/2010,IXD,KS,ACE,CE,Federal Contract Tower,0,13,28,7,48,0,0,66,6,72,0,13,94,13,120,108,10,118,238
03/04/2010,IXD,KS,ACE,CE,Federal Contract Tower,0,5,32,0,37,0,0,77,29,106,0,5,109,29,143,86,42,128,271
03/05/2010,IXD,KS,ACE,CE,Federal Contract Tower,0,8,20,1,29,0,0,62,17,79,0,8,82,18,108,52,2,54,162
03/06/2010,IXD,KS,ACE,CE,Federal Contract Tower,0,0,17,2,19,0,0,24,10,34,0,0,41,12,53,32,6,38,91
03/07/2010,IXD,KS,ACE,CE,Federal Contract Tower,0,3,9,2,14,0,0,41,8,49,0,3,50,10,63,90,0,90,153
03/08/2010,IXD,KS,ACE,CE,Federal Contract Tower,0,11,31,0,42,0,0,27,6,33,0,11,58,6,75,30,0,30,105
03/09/2010,IXD,KS,ACE,CE,Federal Contract Tower,0,6,12,0,18,0,0,3,4,7,0,6,15,4,25,8,10,18,43
03/10/2010,IXD,KS,ACE,CE,Federal Contract Tower,0,7,29,2,38,0,0,28,9,37,0,7,57,11,75,58,14,72,147
03/11/2010,IXD,KS,ACE,CE,Federal Contract Tower,0,5,26,2,33,0,0,12,12,24,0,5,38,14,57,8,8,16,73
03/12/2010,IXD,KS,ACE,CE,Federal Contract Tower,0,6,25,5,36,0,0,10,10,20,0,6,35,15,56,4,6,10,66
03/13/2010,IXD,KS,ACE,CE,Federal Contract Tower,0,0,20,0,20,0,0,0,0,0,0,0,20,0,20,18,0,18,38
03/14/2010,IXD,KS,ACE,CE,Federal Contract Tower,0,0,37,1,38,0,0,0,0,0,0,0,37,1,38,0,0,0,38
03/15/2010,IXD,KS,ACE,CE,Federal Contract Tower,0,4,26,3,33,0,0,7,0,7,0,4,33,3,40,12,0,12,52
03/16/2010,IXD,KS,ACE,CE,Federal Contract Tower,0,7,22,0,29,0,0,0,0,0,0,7,22,0,29,6,0,6,35
03/17/2010,IXD,KS,ACE,CE,Federal Contract Tower,0,13,19,2,34,0,0,6,2,8,0,13,25,4,42,30,0,30,72
03/18/2010,IXD,KS,ACE,CE,Federal Contract Tower,0,3,26,2,31,0,0,113,13,126,0,3,139,15,157,110,10,120,277
03/19/2010,IXD,KS,ACE,CE,Federal Contract Tower,0,6,14,0,20,0,0,30,19,49,0,6,44,19,69,52,10,62,131
03/20/2010,IXD,KS,ACE,CE,Federal Contract Tower,0,4,1,0,5,0,0,0,0,0,0,4,1,0,5,0,0,0,5
03/21/2010,IXD,KS,ACE,CE,Federal Contract Tower,0,2,9,0,11,0,0,4,0,4,0,2,13,0,15,4,0,4,19
03/22/2010,IXD,KS,ACE,CE,Federal Contract Tower,0,5,26,0,31,0,0,49,7,56,0,5,75,7,87,66,0,66,153
03/23/2010,IXD,KS,ACE,CE,Federal Contract Tower,0,8,21,1,30,0,0,81,11,92,0,8,102,12,122,122,10,132,254
03/24/2010,IXD,KS,ACE,CE,Federal Contract Tower,0,3,39,2,44,0,0,39,12,51,0,3,78,14,95,28,2,30,125
03/25/2010,IXD,KS,ACE,CE,Federal Contract Tower,0,9,33,3,45,0,0,21,8,29,0,9,54,11,74,74,0,74,148
03/26/2010,IXD,KS,ACE,CE,Federal Contract Tower,0,8,16,4,28,0,0,61,13,74,0,8,77,17,102,32,16,48,150
03/27/2010,IXD,KS,ACE,CE,Federal Contract Tower,0,2,5,0,7,0,0,26,0,26,0,2,31,0,33,54,0,54,87
03/28/2010,IXD,KS,ACE,CE,Federal Contract Tower,0,1,22,1,24,0,0,7,0,7,0,1,29,1,31,0,0,0,31
03/29/2010,IXD,KS,ACE,CE,Federal Contract Tower,0,6,31,2,39,0,0,76,10,86,0,6,107,12,125,112,2,114,239
03/30/2010,IXD,KS,ACE,CE,Federal Contract Tower,0,7,34,0,41,0,0,64,12,76,0,7,98,12,117,38,0,38,155
03/31/2010,IXD,KS,ACE,CE,Federal Contract Tower,0,13,27,0,40,0,0,58,7,65,0,13,85,7,105,80,0,80,185
04/01/2010,IXD,KS,ACE,CE,Federal Contract Tower,0,27,26,0,53,0,0,34,15,49,0,27,60,15,102,20,8,28,130
04/02/2010,IXD,KS,ACE,CE,Federal Contract Tower,0,6,11,0,17,0,0,8,0,8,0,6,19,0,25,20,0,20,45
04/03/2010,IXD,KS,ACE,CE,Federal Contract Tower,0,0,14,0,14,0,0,49,0,49,0,0,63,0,63,102,0,102,165
04/04/2010,IXD,KS,ACE,CE,Federal Contract Tower,0,3,6,0,9,0,0,11,0,11,0,3,17,0,20,12,0,12,32
04/05/2010,IXD,KS,ACE,CE,Federal Contract Tower,0,13,11,0,24,0,0,9,14,23,0,13,20,14,47,2,14,16,63
04/06/2010,IXD,KS,ACE,CE,Federal Contract Tower,0,13,7,0,20,0,0,8,0,8,0,13,15,0,28,20,0,20,48
04/07/2010,IXD,KS,ACE,CE,Federal Contract Tower,0,13,22,0,35,0,0,20,31,51,0,13,42,31,86,14,2,16,102
04/08/2010,IXD,KS,ACE,CE,Federal Contract Tower,0,7,28,3,38,0,4,60,28,92,0,11,88,31,130,72,24,96,226
04/09/2010,IXD,KS,ACE,CE,Federal Contract Tower,0,8,32,0,40,0,0,78,10,88,0,8,110,10,128,76,14,90,218
04/10/2010,IXD,KS,ACE,CE,Federal Contract Tower,0,3,12,0,15,0,0,47,0,47,0,3,59,0,62,116,0,116,178
04/11/2010,IXD,KS,ACE,CE,Federal Contract Tower,0,2,15,2,19,0,0,47,5,52,0,2,62,7,71,88,7,95,166
04/12/2010,IXD,KS,ACE,CE,Federal Contract Tower,0,6,37,0,43,0,0,29,24,53,0,6,66,24,96,46,6,52,148
04/13/2010,IXD,KS,ACE,CE,Federal Contract Tower,0,9,21,2,32,0,0,27,7,34,0,9,48,9,66,26,0,26,92
04/14/2010,IXD,KS,ACE,CE,Federal Contract Tower,0,9,20,2,31,0,0,69,25,94,0,9,89,27,125,90,10,100,225
04/15/2010,IXD,KS,ACE,CE,Federal Contract Tower,0,6,21,0,27,0,0,44,8,52,0,6,65,8,79,87,22,109,188
04/16/2010,IXD,KS,ACE,CE,Federal Contract Tower,0,16,24,0,40,0,0,24,4,28,0,16,48,4,68,78,2,80,148
04/17/2010,IXD,KS,ACE,CE,Federal Contract Tower,0,0,12,1,13,0,0,94,4,98,0,0,106,5,111,102,0,102,213
04/18/2010,IXD,KS,ACE,CE,Federal Contract Tower,0,1,15,3,19,0,0,18,0,18,0,1,33,3,37,50,0,50,87
04/19/2010,IXD,KS,ACE,CE,Federal Contract Tower,0,10,26,0,36,0,0,35,19,54,0,10,61,19,90,114,6,120,210
04/20/2010,IXD,KS,ACE,CE,Federal Contract Tower,0,2,21,0,23,0,0,55,14,69,0,2,76,14,92,114,10,124,216
04/21/2010,IXD,KS,ACE,CE,Federal Contract Tower,0,2,23,0,25,0,0,39,13,52,0,2,62,13,77,50,0,50,127
04/22/2010,IXD,KS,ACE,CE,Federal Contract Tower,0,6,19,0,25,0,0,5,0,5,0,6,24,0,30,4,0,4,34
04/23/2010,IXD,KS,ACE,CE,Federal Contract Tower,0,15,19,0,34,0,0,32,0,32,0,15,51,0,66,62,0,62,128
04/24/2010,IXD,KS,ACE,CE,Federal Contract Tower,0,2,16,2,20,0,0,9,5,14,0,2,25,7,34,36,6,42,76
04/25/2010,IXD,KS,ACE,CE,Federal Contract Tower,0,4,16,1,21,0,0,9,8,17,0,4,25,9,38,0,4,4,42
04/26/2010,IXD,KS,ACE,CE,Federal Contract Tower,0,10,48,0,58,0,0,21,3,24,0,10,69,3,82,36,6,42,124
04/27/2010,IXD,KS,ACE,CE,Federal Contract Tower,0,7,26,0,33,0,0,38,3,41,0,7,64,3,74,68,0,68,142
04/28/2010,IXD,KS,ACE,CE,Federal Contract Tower,0,10,24,3,37,0,0,53,6,59,0,10,77,9,96,30,0,30,126
04/29/2010,IXD,KS,ACE,CE,Federal Contract Tower,0,14,30,2,46,0,0,26,8,34,0,14,56,10,80,36,0,36,116
04/30/2010,IXD,KS,ACE,CE,Federal Contract Tower,0,11,20,0,31,0,0,13,0,13,0,11,33,0,44,16,0,16,60
05/01/2010,IXD,KS,ACE,CE,Federal Contract Tower,0,6,16,2,24,0,0,49,2,51,0,6,65,4,75,138,0,138,213
05/02/2010,IXD,KS,ACE,CE,Federal Contract Tower,0,5,28,0,33,0,0,31,1,32,0,5,59,1,65,34,0,34,99
05/03/2010,IXD,KS,ACE,CE,Federal Contract Tower,0,10,20,2,32,0,0,40,12,52,0,10,60,14,84,70,1,71,155
05/04/2010,IXD,KS,ACE,CE,Federal Contract Tower,0,6,19,0,25,0,0,38,13,51,0,6,57,13,76,86,0,86,162
05/05/2010,IXD,KS,ACE,CE,Federal Contract Tower,0,13,29,0,42,0,0,61,10,71,0,13,90,10,113,108,6,114,227
05/06/2010,IXD,KS,ACE,CE,Federal Contract Tower,0,14,24,1,39,0,0,47,14,61,0,14,71,15,100,78,0,78,178
05/07/2010,IXD,KS,ACE,CE,Federal Contract Tower,0,4,26,0,30,0,0,21,3,24,0,4,47,3,54,28,0,28,82
05/08/2010,IXD,KS,ACE,CE,Federal Contract Tower,0,0,14,0,14,0,0,57,0,57,0,0,71,0,71,70,0,70,141
05/09/2010,IXD,KS,ACE,CE,Federal Contract Tower,0,0,11,0,11,0,0,17,0,17,0,0,28,0,28,42,0,42,70
05/10/2010,IXD,KS,ACE,CE,Federal Contract Tower,0,11,20,0,31,0,0,0,0,0,0,11,20,0,31,0,0,0,31
05/11/2010,IXD,KS,ACE,CE,Federal Contract Tower,0,4,64,0,68,0,0,42,32,74,0,4,106,32,142,86,0,86,228
05/12/2010,IXD,KS,ACE,CE,Federal Contract Tower,0,3,19,0,22,0,0,3,2,5,0,3,22,2,27,0,0,0,27
05/13/2010,IXD,KS,ACE,CE,Federal Contract Tower,0,9,38,0,47,0,0,23,3,26,0,9,61,3,73,60,24,84,157
05/14/2010,IXD,KS,ACE,CE,Federal Contract Tower,0,10,41,3,54,0,0,66,8,74,0,10,107,11,128,150,50,200,328
05/15/2010,IXD,KS,ACE,CE,Federal Contract Tower,0,0,18,3,21,0,0,0,0,0,0,0,18,3,21,4,0,4,25
05/16/2010,IXD,KS,ACE,CE,Federal Contract Tower,0,5,12,0,17,0,0,0,0,0,0,5,12,0,17,0,0,0,17
05/17/2010,IXD,KS,ACE,CE,Federal Contract Tower,0,11,51,2,64,0,0,3,1,4,0,11,54,3,68,30,8,38,106
05/18/2010,IXD,KS,ACE,CE,Federal Contract Tower,0,6,38,1,45,0,0,70,9,79,0,6,108,10,124,104,12,116,240
05/19/2010,IXD,KS,ACE,CE,Federal Contract Tower,0,13,26,1,40,0,0,12,22,34,0,13,38,23,74,16,2,18,92
05/20/2010,IXD,KS,ACE,CE,Federal Contract Tower,0,6,24,1,31,0,3,4,0,7,0,9,28,1,38,0,0,0,38
05/21/2010,IXD,KS,ACE,CE,Federal Contract Tower,0,12,40,3,55,0,0,56,7,63,0,12,96,10,118,120,44,164,282
05/22/2010,IXD,KS,ACE,CE,Federal Contract Tower,0,0,16,0,16,0,0,64,0,64,0,0,80,0,80,70,0,70,150
05/23/2010,IXD,KS,ACE,CE,Federal Contract Tower,0,5,18,0,23,0,0,30,0,30,0,5,48,0,53,36,0,36,89
05/24/2010,IXD,KS,ACE,CE,Federal Contract Tower,0,9,40,0,49,0,0,36,6,42,0,9,76,6,91,70,0,70,161
05/25/2010,IXD,KS,ACE,CE,Federal Contract Tower,0,3,26,0,29,0,0,28,2,30,0,3,54,2,59,78,0,78,137
05/26/2010,IXD,KS,ACE,CE,Federal Contract Tower,0,7,23,2,32,0,1,29,4,34,0,8,52,6,66,24,0,24,90
05/27/2010,IXD,KS,ACE,CE,Federal Contract Tower,0,4,23,1,28,0,0,63,5,68,0,4,86,6,96,70,0,70,166
05/28/2010,IXD,KS,ACE,CE,Federal Contract Tower,0,12,29,2,43,0,0,60,0,60,0,12,89,2,103,84,0,84,187
05/29/2010,IXD,KS,ACE,CE,Federal Contract Tower,0,1,7,0,8,0,0,47,0,47,0,1,54,0,55,52,0,52,107
05/30/2010,IXD,KS,ACE,CE,Federal Contract Tower,0,3,5,1,9,0,0,31,0,31,0,3,36,1,40,56,0,56,96
05/31/2010,IXD,KS,ACE,CE,Federal Contract Tower,0,5,12,0,17,0,0,24,2,26,0,5,36,2,43,30,0,30,73
06/01/2010,IXD,KS,ACE,CE,Federal Contract Tower,0,13,24,0,37,0,0,34,10,44,0,13,58,10,81,84,4,88,169
06/02/2010,IXD,KS,ACE,CE,Federal Contract Tower,0,17,20,0,37,0,0,39,14,53,0,17,59,14,90,74,0,74,164
06/03/2010,IXD,KS,ACE,CE,Federal Contract Tower,0,8,34,0,42,0,0,114,20,134,0,8,148,20,176,158,0,158,334
06/04/2010,IXD,KS,ACE,CE,Federal Contract Tower,0,4,19,0,23,0,0,38,9,47,0,4,57,9,70,92,8,100,170
06/05/2010,IXD,KS,ACE,CE,Federal Contract Tower,0,0,24,1,25,0,0,64,10,74,0,0,88,11,99,74,0,74,173
06/06/2010,IXD,KS,ACE,CE,Federal Contract Tower,0,4,14,1,19,0,0,63,2,65,0,4,77,3,84,102,0,102,186
06/07/2010,IXD,KS,ACE,CE,Federal Contract Tower,0,10,24,0,34,0,0,30,5,35,0,10,54,5,69,60,2,62,131
06/08/2010,IXD,KS,ACE,CE,Federal Contract Tower,0,5,31,0,36,0,0,8,3,11,0,5,39,3,47,10,2,12,59
06/09/2010,IXD,KS,ACE,CE,Federal Contract Tower,0,10,30,2,42,0,0,45,8,53,0,10,75,10,95,90,0,90,185
06/10/2010,IXD,KS,ACE,CE,Federal Contract Tower,0,8,40,1,49,0,0,40,7,47,0,8,80,8,96,116,2,118,214
06/11/2010,IXD,KS,ACE,CE,Federal Contract Tower,0,4,24,3,31,0,0,33,2,35,0,4,57,5,66,48,2,50,116
06/12/2010,IXD,KS,ACE,CE,Federal Contract Tower,0,2,8,0,10,0,0,15,0,15,0,2,23,0,25,38,0,38,63
06/13/2010,IXD,KS,ACE,CE,Federal Contract Tower,0,2,13,1,16,0,0,33,0,33,0,2,46,1,49,10,2,12,61
06/14/2010,IXD,KS,ACE,CE,Federal Contract Tower,0,15,17,3,35,0,0,25,4,29,0,15,42,7,64,28,0,28,92
06/15/2010,IXD,KS,ACE,CE,Federal Contract Tower,0,4,25,0,29,0,0,47,6,53,0,4,72,6,82,80,4,84,166
06/16/2010,IXD,KS,ACE,CE,Federal Contract Tower,0,3,30,0,33,0,0,44,5,49,0,3,74,5,82,76,0,76,158
06/17/2010,IXD,KS,ACE,CE,Federal Contract Tower,0,8,36,3,47,0,0,41,1,42,0,8,77,4,89,102,4,106,195
06/18/2010,IXD,KS,ACE,CE,Federal Contract Tower,0,4,19,2,25,0,0,59,4,63,0,4,78,6,88,46,4,50,138
06/19/2010,IXD,KS,ACE,CE,Federal Contract Tower,0,2,15,0,17,0,0,93,0,93,0,2,108,0,110,44,2,46,156
06/20/2010,IXD,KS,ACE,CE,Federal Contract Tower,0,4,13,0,17,0,0,91,0,91,0,4,104,0,108,34,0,34,142
06/21/2010,IXD,KS,ACE,CE,Federal Contract Tower,0,12,21,2,35,0,0,30,0,30,0,12,51,2,65,38,0,38,103
06/22/2010,IXD,KS,ACE,CE,Federal Contract Tower,0,9,31,0,40,0,0,38,1,39,0,9,69,1,79,38,0,38,117
06/23/2010,IXD,KS,ACE,CE,Federal Contract Tower,0,14,29,0,43,0,0,30,3,33,0,14,59,3,76,18,0,18,94
06/24/2010,IXD,KS,ACE,CE,Federal Contract Tower,0,20,32,0,52,0,0,65,11,76,0,20,97,11,128,116,0,116,244
06/25/2010,IXD,KS,ACE,CE,Federal Contract Tower,0,9,34,0,43,0,0,60,5,65,0,9,94,5,108,18,0,18,126
06/26/2010,IXD,KS,ACE,CE,Federal Contract Tower,0,3,8,0,11,0,0,69,4,73,0,3,77,4,84,46,0,46,130
06/27/2010,IXD,KS,ACE,CE,Federal Contract Tower,0,4,11,0,15,0,0,11,2,13,0,4,22,2,28,38,0,38,66
06/28/2010,IXD,KS,ACE,CE,Federal Contract Tower,0,13,27,2,42,0,0,38,12,50,0,13,65,14,92,30,0,30,122
06/29/2010,IXD,KS,ACE,CE,Federal Contract Tower,0,5,19,0,24,0,0,26,3,29,0,5,45,3,53,18,4,22,75
06/30/2010,IXD,KS,ACE,CE,Federal Contract Tower,0,9,36,2,47,0,0,57,2,59,0,9,93,4,106,68,0,68,174
07/01/2010,IXD,KS,ACE,CE,Federal Contract Tower,0,12,32,0,44,0,0,51,7,58,0,12,83,7,102,16,2,18,120
07/02/2010,IXD,KS,ACE,CE,Federal Contract Tower,0,6,20,1,27,0,0,64,0,64,0,6,84,1,91,74,0,74,165
07/03/2010,IXD,KS,ACE,CE,Federal Contract Tower,0,4,9,0,13,0,0,38,0,38,0,4,47,0,51,42,0,42,93
07/04/2010,IXD,KS,ACE,CE,Federal Contract Tower,0,0,4,0,4,0,0,2,2,4,0,0,6,2,8,2,0,2,10
07/05/2010,IXD,KS,ACE,CE,Federal Contract Tower,0,4,23,0,27,0,0,19,0,19,0,4,42,0,46,28,0,28,74
07/06/2010,IXD,KS,ACE,CE,Federal Contract Tower,0,11,25,0,36,0,0,3,0,3,0,11,28,0,39,6,0,6,45
07/07/2010,IXD,KS,ACE,CE,Federal Contract Tower,0,8,19,2,29,0,0,30,2,32,0,8,49,4,61,36,0,36,97
07/08/2010,IXD,KS,ACE,CE,Federal Contract Tower,0,14,21,0,35,0,0,11,5,16,0,14,32,5,51,8,0,8,59
07/09/2010,IXD,KS,ACE,CE,Federal Contract Tower,0,10,42,2,54,0,4,74,6,84,0,14,116,8,138,112,0,112,250
07/10/2010,IXD,KS,ACE,CE,Federal Contract Tower,0,5,13,0,18,0,0,181,0,181,0,5,194,0,199,130,0,130,329
07/11/2010,IXD,KS,ACE,CE,Federal Contract Tower,0,0,16,1,17,0,0,23,1,24,0,0,39,2,41,32,0,32,73
07/12/2010,IXD,KS,ACE,CE,Federal Contract Tower,0,7,28,0,35,0,0,33,3,36,0,7,61,3,71,28,0,28,99
07/13/2010,IXD,KS,ACE,CE,Federal Contract Tower,0,9,33,2,44,0,2,41,2,45,0,11,74,4,89,22,0,22,111
07/14/2010,IXD,KS,ACE,CE,Federal Contract Tower,0,11,28,0,39,0,0,31,2,33,0,11,59,2,72,24,0,24,96
07/15/2010,IXD,KS,ACE,CE,Federal Contract Tower,0,6,37,1,44,0,0,36,0,36,0,6,73,1,80,46,0,46,126
07/16/2010,IXD,KS,ACE,CE,Federal Contract Tower,0,10,40,2,52,0,0,80,0,80,0,10,120,2,132,88,0,88,220
07/17/2010,IXD,KS,ACE,CE,Federal Contract Tower,0,0,15,0,15,0,0,175,0,175,0,0,190,0,190,252,0,252,442
07/18/2010,IXD,KS,ACE,CE,Federal Contract Tower,0,4,19,0,23,0,0,116,1,117,0,4,135,1,140,162,0,162,302
07/19/2010,IXD,KS,ACE,CE,Federal Contract Tower,0,23,34,0,57,0,0,37,6,43,0,23,71,6,100,36,0,36,136
07/20/2010,IXD,KS,ACE,CE,Federal Contract Tower,0,7,21,0,28,0,0,32,0,32,0,7,53,0,60,12,0,12,72
07/21/2010,IXD,KS,ACE,CE,Federal Contract Tower,0,13,38,0,51,0,0,70,0,70,0,13,108,0,121,104,0,104,225
07/22/2010,IXD,KS,ACE,CE,Federal Contract Tower,0,18,24,0,42,0,0,38,4,42,0,18,62,4,84,46,0,46,130
07/23/2010,IXD,KS,ACE,CE,Federal Contract Tower,0,3,20,4,27,0,0,37,2,39,0,3,57,6,66,18,0,18,84
07/24/2010,IXD,KS,ACE,CE,Federal Contract Tower,0,3,17,2,22,0,0,38,4,42,0,3,55,6,64,32,0,32,96
07/25/2010,IXD,KS,ACE,CE,Federal Contract Tower,0,1,17,0,18,0,0,55,1,56,0,1,72,1,74,24,0,24,98
07/26/2010,IXD,KS,ACE,CE,Federal Contract Tower,0,24,9,0,33,0,0,39,1,40,0,24,48,1,73,32,0,32,105
07/27/2010,IXD,KS,ACE,CE,Federal Contract Tower,0,10,22,0,32,0,0,49,2,51,0,10,71,2,83,40,0,40,123
07/28/2010,IXD,KS,ACE,CE,Federal Contract Tower,0,15,31,4,50,0,0,50,3,53,0,15,81,7,103,52,0,52,155
07/29/2010,IXD,KS,ACE,CE,Federal Contract Tower,0,12,35,6,53,0,0,42,5,47,0,12,77,11,100,48,0,48,148
07/30/2010,IXD,KS,ACE,CE,Federal Contract Tower,0,6,17,0,23,0,0,31,4,35,0,6,48,4,58,40,0,40,98
07/31/2010,IXD,KS,ACE,CE,Federal Contract Tower,0,6,19,0,25,0,0,27,0,27,0,6,46,0,52,12,0,12,64
08/01/2010,IXD,KS,ACE,CE,Federal Contract Tower,0,4,21,0,25,0,0,41,0,41,0,4,62,0,66,18,0,18,84
08/02/2010,IXD,KS,ACE,CE,Federal Contract Tower,0,6,21,0,27,0,0,45,6,51,0,6,66,6,78,24,0,24,102
08/03/2010,IXD,KS,ACE,CE,Federal Contract Tower,0,8,14,2,24,0,0,43,5,48,0,8,57,7,72,46,0,46,118
08/04/2010,IXD,KS,ACE,CE,Federal Contract Tower,0,16,27,0,43,0,0,33,5,38,0,16,60,5,81,26,16,42,123
08/05/2010,IXD,KS,ACE,CE,Federal Contract Tower,0,9,29,0,38,0,0,58,2,60,0,9,87,2,98,28,0,28,126
08/06/2010,IXD,KS,ACE,CE,Federal Contract Tower,0,4,17,3,24,0,0,63,2,65,0,4,80,5,89,58,0,58,147
08/07/2010,IXD,KS,ACE,CE,Federal Contract Tower,0,8,12,0,20,0,0,46,0,46,0,8,58,0,66,32,0,32,98
08/08/2010,IXD,KS,ACE,CE,Federal Contract Tower,0,6,27,0,33,0,0,38,0,38,0,6,65,0,71,20,0,20,91
08/09/2010,IXD,KS,ACE,CE,Federal Contract Tower,0,8,17,2,27,0,0,16,2,18,0,8,33,4,45,16,0,16,61
08/10/2010,IXD,KS,ACE,CE,Federal Contract Tower,0,9,18,2,29,0,0,41,7,48,0,9,59,9,77,68,8,76,153
08/11/2010,IXD,KS,ACE,CE,Federal Contract Tower,0,9,25,1,35,0,0,45,4,49,0,9,70,5,84,42,0,42,126
08/12/2010,IXD,KS,ACE,CE,Federal Contract Tower,0,10,30,1,41,0,0,54,2,56,0,10,84,3,97,78,0,78,175
08/13/2010,IXD,KS,ACE,CE,Federal Contract Tower,0,5,40,0,45,0,0,52,2,54,0,5,92,2,99,80,0,80,179
08/14/2010,IXD,KS,ACE,CE,Federal Contract Tower,0,5,21,9,35,0,0,27,12,39,0,5,48,21,74,50,6,56,130
08/15/2010,IXD,KS,ACE,CE,Federal Contract Tower,0,1,25,0,26,0,0,36,2,38,0,1,61,2,64,48,2,50,114
08/16/2010,IXD,KS,ACE,CE,Federal Contract Tower,0,16,28,2,46,0,0,55,4,59,0,16,83,6,105,57,0,57,162
08/17/2010,IXD,KS,ACE,CE,Federal Contract Tower,0,6,22,1,29,0,0,12,4,16,0,6,34,5,45,8,0,8,53
08/18/2010,IXD,KS,ACE,CE,Federal Contract Tower,0,6,51,1,58,0,0,49,2,51,0,6,100,3,109,56,0,56,165
08/19/2010,IXD,KS,ACE,CE,Federal Contract Tower,0,9,36,0,45,0,0,67,14,81,0,9,103,14,126,24,0,24,150
08/20/2010,IXD,KS,ACE,CE,Federal Contract Tower,0,7,24,3,34,0,0,28,9,37,0,7,52,12,71,40,18,58,129
08/21/2010,IXD,KS,ACE,CE,Federal Contract Tower,0,0,23,0,23,0,0,70,0,70,0,0,93,0,93,78,0,78,171
08/22/2010,IXD,KS,ACE,CE,Federal Contract Tower,0,2,17,4,23,0,0,21,4,25,0,2,38,8,48,32,0,32,80
08/23/2010,IXD,KS,ACE,CE,Federal Contract Tower,0,6,21,0,27,0,0,41,4,45,0,6,62,4,72,44,0,44,116
08/24/2010,IXD,KS,ACE,CE,Federal Contract Tower,0,4,20,0,24,0,0,25,3,28,0,4,45,3,52,8,0,8,60
08/25/2010,IXD,KS,ACE,CE,Federal Contract Tower,0,8,28,0,36,0,0,66,5,71,0,8,94,5,107,52,2,54,161
08/26/2010,IXD,KS,ACE,CE,Federal Contract Tower,0,16,29,0,45,0,2,52,8,62,0,18,81,8,107,66,12,78,185
08/27/2010,IXD,KS,ACE,CE,Federal Contract Tower,0,12,34,0,46,0,0,125,5,130,0,12,159,5,176,119,0,119,295
08/28/2010,IXD,KS,ACE,CE,Federal Contract Tower,0,0,7,0,7,0,0,165,0,165,0,0,172,0,172,58,2,60,232
08/29/2010,IXD,KS,ACE,CE,Federal Contract Tower,0,6,14,0,20,0,0,147,0,147,0,6,161,0,167,50,0,50,217
08/30/2010,IXD,KS,ACE,CE,Federal Contract Tower,0,16,9,6,31,0,0,36,8,44,0,16,45,14,75,12,18,30,105
08/31/2010,IXD,KS,ACE,CE,Federal Contract Tower,0,4,20,4,28,0,0,27,0,27,0,4,47,4,55,68,7,75,130
09/01/2010,IXD,KS,ACE,CE,Federal Contract Tower,0,11,30,0,41,0,0,11,0,11,0,11,41,0,52,24,18,42,94
09/02/2010,IXD,KS,ACE,CE,Federal Contract Tower,0,16,37,0,53,0,0,19,7,26,0,16,56,7,79,6,6,12,91
09/03/2010,IXD,KS,ACE,CE,Federal Contract Tower,0,6,27,4,37,0,0,56,1,57,0,6,83,5,94,40,2,42,136
09/04/2010,IXD,KS,ACE,CE,Federal Contract Tower,0,2,17,0,19,0,0,48,1,49,0,2,65,1,68,60,0,60,128
09/05/2010,IXD,KS,ACE,CE,Federal Contract Tower,0,3,8,0,11,0,0,11,0,11,0,3,19,0,22,0,0,0,22
09/06/2010,IXD,KS,ACE,CE,Federal Contract Tower,0,8,19,0,27,0,0,11,0,11,0,8,30,0,38,18,0,18,56
09/07/2010,IXD,KS,ACE,CE,Federal Contract Tower,0,9,34,3,46,0,2,66,5,73,0,11,100,8,119,106,10,116,235
09/08/2010,IXD,KS,ACE,CE,Federal Contract Tower,0,14,32,1,47,0,0,61,2,63,0,14,93,3,110,44,10,54,164
09/09/2010,IXD,KS,ACE,CE,Federal Contract Tower,0,11,35,1,47,0,0,1,0,1,0,11,36,1,48,0,0,0,48
09/10/2010,IXD,KS,ACE,CE,Federal Contract Tower,0,9,31,0,40,0,0,10,7,17,0,9,41,7,57,36,8,44,101
09/11/2010,IXD,KS,ACE,CE,Federal Contract Tower,0,0,21,2,23,0,0,60,1,61,0,0,81,3,84,106,0,106,190
09/12/2010,IXD,KS,ACE,CE,Federal Contract Tower,0,8,21,0,29,0,0,47,4,51,0,8,68,4,80,80,0,80,160
09/13/2010,IXD,KS,ACE,CE,Federal Contract Tower,0,9,36,0,45,0,0,37,3,40,0,9,73,3,85,42,0,42,127
09/14/2010,IXD,KS,ACE,CE,Federal Contract Tower,0,2,31,2,35,0,0,34,4,38,0,2,65,6,73,72,13,85,158
09/15/2010,IXD,KS,ACE,CE,Federal Contract Tower,0,16,13,0,29,0,0,4,0,4,0,16,17,0,33,0,0,0,33
09/16/2010,IXD,KS,ACE,CE,Federal Contract Tower,0,24,47,4,75,0,0,40,8,48,0,24,87,12,123,74,0,74,197
09/17/2010,IXD,KS,ACE,CE,Federal Contract Tower,0,13,40,0,53,0,0,77,6,83,0,13,117,6,136,60,0,60,196
09/18/2010,IXD,KS,ACE,CE,Federal Contract Tower,0,0,10,0,10,0,0,37,0,37,0,0,47,0,47,168,0,168,215
09/19/2010,IXD,KS,ACE,CE,Federal Contract Tower,0,7,22,0,29,0,0,24,8,32,0,7,46,8,61,6,0,6,67
09/20/2010,IXD,KS,ACE,CE,Federal Contract Tower,0,11,44,0,55,0,0,42,1,43,0,11,86,1,98,8,34,42,140
09/21/2010,IXD,KS,ACE,CE,Federal Contract Tower,0,15,27,0,42,0,0,32,4,36,0,15,59,4,78,32,30,62,140
09/22/2010,IXD,KS,ACE,CE,Federal Contract Tower,0,14,23,0,37,0,0,32,0,32,0,14,55,0,69,32,16,48,117
09/23/2010,IXD,KS,ACE,CE,Federal Contract Tower,0,5,18,5,28,0,0,13,3,16,0,5,31,8,44,12,2,14,58
09/24/2010,IXD,KS,ACE,CE,Federal Contract Tower,0,5,38,1,44,0,0,43,2,45,0,5,81,3,89,72,8,80,169
09/25/2010,IXD,KS,ACE,CE,Federal Contract Tower,0,4,11,2,17,0,0,32,2,34,0,4,43,4,51,48,0,48,99
09/26/2010,IXD,KS,ACE,CE,Federal Contract Tower,0,5,34,1,40,0,0,37,0,37,0,5,71,1,77,38,0,38,115
09/27/2010,IXD,KS,ACE,CE,Federal Contract Tower,0,5,35,0,40,0,0,50,10,60,0,5,85,10,100,20,44,64,164
09/28/2010,IXD,KS,ACE,CE,Federal Contract Tower,0,17,14,0,31,0,0,41,11,52,0,17,55,11,83,20,12,32,115
09/29/2010,IXD,KS,ACE,CE,Federal Contract Tower,0,9,22,0,31,0,0,68,3,71,0,9,90,3,102,68,10,78,180
09/30/2010,IXD,KS,ACE,CE,Federal Contract Tower,0,13,20,2,35,0,0,60,4,64,0,13,80,6,99,66,8,74,173
10/01/2010,IXD,KS,ACE,CE,Federal Contract Tower,0,7,22,0,29,0,0,59,16,75,0,7,81,16,104,14,0,14,118
10/02/2010,IXD,KS,ACE,CE,Federal Contract Tower,0,1,5,2,8,0,0,35,6,41,0,1,40,8,49,90,0,90,139
10/03/2010,IXD,KS,ACE,CE,Federal Contract Tower,0,11,18,3,32,0,0,60,4,64,0,11,78,7,96,50,0,50,146
10/04/2010,IXD,KS,ACE,CE,Federal Contract Tower,0,6,17,0,23,0,0,43,2,45,0,6,60,2,68,48,0,48,116
10/05/2010,IXD,KS,ACE,CE,Federal Contract Tower,0,3,18,6,27,0,0,35,4,39,0,3,53,10,66,32,2,34,100
10/06/2010,IXD,KS,ACE,CE,Federal Contract Tower,0,11,23,0,34,0,0,38,2,40,0,11,61,2,74,44,0,44,118
10/07/2010,IXD,KS,ACE,CE,Federal Contract Tower,0,11,41,0,52,0,0,55,5,60,0,11,96,5,112,64,0,64,176
10/08/2010,IXD,KS,ACE,CE,Federal Contract Tower,0,9,27,1,37,0,0,57,6,63,0,9,84,7,100,60,0,60,160
10/09/2010,IXD,KS,ACE,CE,Federal Contract Tower,0,3,7,0,10,0,2,37,0,39,0,5,44,0,49,58,0,58,107
10/10/2010,IXD,KS,ACE,CE,Federal Contract Tower,0,7,9,0,16,0,0,43,0,43,0,7,52,0,59,40,0,40,99
10/11/2010,IXD,KS,ACE,CE,Federal Contract Tower,0,19,33,0,52,0,0,10,0,10,0,19,43,0,62,10,0,10,72
10/12/2010,IXD,KS,ACE,CE,Federal Contract Tower,0,10,34,2,46,0,0,33,1,34,0,10,67,3,80,18,0,18,98
10/13/2010,IXD,KS,ACE,CE,Federal Contract Tower,0,11,44,0,55,0,0,49,7,56,0,11,93,7,111,74,8,82,193
10/14/2010,IXD,KS,ACE,CE,Federal Contract Tower,0,11,27,0,38,0,0,56,18,74,0,11,83,18,112,34,0,34,146
10/15/2010,IXD,KS,ACE,CE,Federal Contract Tower,0,9,36,3,48,0,0,55,6,61,0,9,91,9,109,46,6,52,161
10/16/2010,IXD,KS,ACE,CE,Federal Contract Tower,0,3,13,0,16,0,0,38,0,38,0,3,51,0,54,26,0,26,80
10/17/2010,IXD,KS,ACE,CE,Federal Contract Tower,0,4,15,0,19,0,0,42,0,42,0,4,57,0,61,20,0,20,81
10/18/2010,IXD,KS,ACE,CE,Federal Contract Tower,0,13,21,0,34,0,0,30,8,38,0,13,51,8,72,0,0,0,72
10/19/2010,IXD,KS,ACE,CE,Federal Contract Tower,0,9,27,1,37,0,0,40,6,46,0,9,67,7,83,62,6,68,151
10/20/2010,IXD,KS,ACE,CE,Federal Contract Tower,0,7,29,3,39,0,0,31,8,39,0,7,60,11,78,46,2,48,126
10/21/2010,IXD,KS,ACE,CE,Federal Contract Tower,0,10,28,3,41,0,0,59,21,80,0,10,87,24,121,62,2,64,185
10/22/2010,IXD,KS,ACE,CE,Federal Contract Tower,0,10,26,2,38,0,0,23,11,34,0,10,49,13,72,64,2,66,138
10/23/2010,IXD,KS,ACE,CE,Federal Contract Tower,0,1,4,0,5,0,0,61,0,61,0,1,65,0,66,2,0,2,68
10/24/2010,IXD,KS,ACE,CE,Federal Contract Tower,0,5,19,0,24,0,0,10,0,10,0,5,29,0,34,8,0,8,42
10/25/2010,IXD,KS,ACE,CE,Federal Contract Tower,0,10,16,6,32,0,0,17,2,19,0,10,33,8,51,4,0,4,55
10/26/2010,IXD,KS,ACE,CE,Federal Contract Tower,0,8,26,0,34,0,0,23,0,23,0,8,49,0,57,20,0,20,77
10/27/2010,IXD,KS,ACE,CE,Federal Contract Tower,0,7,18,0,25,0,0,26,1,27,0,7,44,1,52,32,2,34,86
10/28/2010,IXD,KS,ACE,CE,Federal Contract Tower,0,12,18,2,32,0,0,53,2,55,0,12,71,4,87,12,0,12,99
10/29/2010,IXD,KS,ACE,CE,Federal Contract Tower,0,14,17,2,33,0,0,50,3,53,0,14,67,5,86,42,0,42,128
10/30/2010,IXD,KS,ACE,CE,Federal Contract Tower,0,2,6,0,8,0,0,36,2,38,0,2,42,2,46,32,0,32,78
10/31/2010,IXD,KS,ACE,CE,Federal Contract Tower,0,4,4,0,8,0,0,20,0,20,0,4,24,0,28,28,0,28,56
11/01/2010,IXD,KS,ACE,CE,Federal Contract Tower,0,7,22,0,29,0,0,18,5,23,0,7,40,5,52,34,4,38,90
11/02/2010,IXD,KS,ACE,CE,Federal Contract Tower,0,9,17,0,26,0,0,26,2,28,0,9,43,2,54,26,8,34,88
11/03/2010,IXD,KS,ACE,CE,Federal Contract Tower,0,10,19,0,29,0,0,36,4,40,0,10,55,4,69,40,6,46,115
11/04/2010,IXD,KS,ACE,CE,Federal Contract Tower,0,7,15,3,25,0,0,34,8,42,0,7,49,11,67,16,0,16,83
11/05/2010,IXD,KS,ACE,CE,Federal Contract Tower,0,3,23,0,26,0,0,37,3,40,0,3,60,3,66,60,0,60,126
11/06/2010,IXD,KS,ACE,CE,Federal Contract Tower,0,0,20,0,20,0,0,49,4,53,0,0,69,4,73,22,0,22,95
11/07/2010,IXD,KS,ACE,CE,Federal Contract Tower,0,4,10,0,14,0,0,26,2,28,0,4,36,2,42,18,4,22,64
11/08/2010,IXD,KS,ACE,CE,Federal Contract Tower,0,10,13,1,24,0,0,35,6,41,0,10,48,7,65,30,2,32,97
11/09/2010,IXD,KS,ACE,CE,Federal Contract Tower,0,8,15,0,23,0,0,31,8,39,0,8,46,8,62,16,6,22,84
11/10/2010,IXD,KS,ACE,CE,Federal Contract Tower,0,14,18,3,35,0,0,19,8,27,0,14,37,11,62,30,12,42,104
11/11/2010,IXD,KS,ACE,CE,Federal Contract Tower,0,7,25,0,32,0,0,29,0,29,0,7,54,0,61,52,2,54,115
11/12/2010,IXD,KS,ACE,CE,Federal Contract Tower,0,1,13,0,14,0,0,0,0,0,0,1,13,0,14,0,0,0,14
11/13/2010,IXD,KS,ACE,CE,Federal Contract Tower,0,0,5,1,6,0,0,38,2,40,0,0,43,3,46,24,0,24,70
11/14/2010,IXD,KS,ACE,CE,Federal Contract Tower,0,6,14,0,20,0,0,38,0,38,0,6,52,0,58,42,0,42,100
11/15/2010,IXD,KS,ACE,CE,Federal Contract Tower,0,5,24,0,29,0,0,46,8,54,0,5,70,8,83,20,18,38,121
11/16/2010,IXD,KS,ACE,CE,Federal Contract Tower,0,10,21,0,31,0,0,51,12,63,0,10,72,12,94,66,0,66,160
11/17/2010,IXD,KS,ACE,CE,Federal Contract Tower,0,4,20,0,24,0,0,12,0,12,0,4,32,0,36,0,0,0,36
11/18/2010,IXD,KS,ACE,CE,Federal Contract Tower,0,15,30,0,45,0,0,32,29,61,0,15,62,29,106,16,0,16,122
11/19/2010,IXD,KS,ACE,CE,Federal Contract Tower,0,6,20,1,27,0,0,30,18,48,0,6,50,19,75,40,0,40,115
11/20/2010,IXD,KS,ACE,CE,Federal Contract Tower,0,4,10,0,14,0,1,37,0,38,0,5,47,0,52,34,0,34,86
11/21/2010,IXD,KS,ACE,CE,Federal Contract Tower,0,2,7,2,11,0,0,16,0,16,0,2,23,2,27,2,0,2,29
11/22/2010,IXD,KS,ACE,CE,Federal Contract Tower,0,9,25,2,36,0,0,6,5,11,0,9,31,7,47,6,4,10,57
11/23/2010,IXD,KS,ACE,CE,Federal Contract Tower,0,5,35,0,40,0,0,0,0,0,0,5,35,0,40,46,0,46,86
11/24/2010,IXD,KS,ACE,CE,Federal Contract Tower,0,5,3,0,8,0,0,8,0,8,0,5,11,0,16,0,0,0,16
11/25/2010,IXD,KS,ACE,CE,Federal Contract Tower,0,0,7,0,7,0,0,5,0,5,0,0,12,0,12,0,0,0,12
11/26/2010,IXD,KS,ACE,CE,Federal Contract Tower,0,2,8,0,10,0,0,16,0,16,0,2,24,0,26,0,44,44,70
11/27/2010,IXD,KS,ACE,CE,Federal Contract Tower,0,2,10,0,12,0,0,40,0,40,0,2,50,0,52,42,0,42,94
11/28/2010,IXD,KS,ACE,CE,Federal Contract Tower,0,4,16,0,20,0,0,10,0,10,0,4,26,0,30,0,0,0,30
11/29/2010,IXD,KS,ACE,CE,Federal Contract Tower,0,8,15,0,23,0,0,16,10,26,0,8,31,10,49,30,0,30,79
11/30/2010,IXD,KS,ACE,CE,Federal Contract Tower,0,10,18,2,30,0,0,27,10,37,0,10,45,12,67,62,6,68,135
12/01/2010,IXD,KS,ACE,CE,Federal Contract Tower,0,7,18,3,28,0,0,28,18,46,0,7,46,21,74,12,6,18,92
12/02/2010,IXD,KS,ACE,CE,Federal Contract Tower,0,10,39,2,51,0,0,31,7,38,0,10,70,9,89,12,2,14,103
12/03/2010,IXD,KS,ACE,CE,Federal Contract Tower,0,6,13,0,19,0,0,56,10,66,0,6,69,10,85,8,2,10,95
12/04/2010,IXD,KS,ACE,CE,Federal Contract Tower,0,3,8,2,13,0,0,10,1,11,0,3,18,3,24,44,0,44,68
12/05/2010,IXD,KS,ACE,CE,Federal Contract Tower,0,5,14,0,19,0,0,21,0,21,0,5,35,0,40,8,0,8,48
12/06/2010,IXD,KS,ACE,CE,Federal Contract Tower,0,11,16,1,28,0,0,39,12,51,0,11,55,13,79,56,0,56,135
12/07/2010,IXD,KS,ACE,CE,Federal Contract Tower,0,7,12,0,19,0,0,38,0,38,0,7,50,0,57,6,0,6,63
12/08/2010,IXD,KS,ACE,CE,Federal Contract Tower,0,9,27,0,36,0,2,40,15,57,0,11,67,15,93,52,0,52,145
12/09/2010,IXD,KS,ACE,CE,Federal Contract Tower,0,8,33,3,44,0,2,28,8,38,0,10,61,11,82,58,6,64,146
12/10/2010,IXD,KS,ACE,CE,Federal Contract Tower,0,12,26,0,38,0,0,49,0,49,0,12,75,0,87,70,0,70,157
12/11/2010,IXD,KS,ACE,CE,Federal Contract Tower,0,0,6,0,6,0,0,0,0,0,0,0,6,0,6,0,0,0,6
12/12/2010,IXD,KS,ACE,CE,Federal Contract Tower,0,2,15,0,17,0,0,7,0,7,0,2,22,0,24,0,0,0,24
12/13/2010,IXD,KS,ACE,CE,Federal Contract Tower,0,11,18,0,29,0,0,33,8,41,0,11,51,8,70,12,0,12,82
12/14/2010,IXD,KS,ACE,CE,Federal Contract Tower,0,6,29,2,37,0,0,44,16,60,0,6,73,18,97,80,0,80,177
12/15/2010,IXD,KS,ACE,CE,Federal Contract Tower,0,6,19,0,25,0,0,5,2,7,0,6,24,2,32,2,0,2,34
12/16/2010,IXD,KS,ACE,CE,Federal Contract Tower,0,6,25,0,31,0,0,43,0,43,0,6,68,0,74,62,0,62,136
12/17/2010,IXD,KS,ACE,CE,Federal Contract Tower,0,3,24,0,27,0,0,13,2,15,0,3,37,2,42,14,0,14,56
12/18/2010,IXD,KS,ACE,CE,Federal Contract Tower,0,1,13,0,14,0,0,21,0,21,0,1,34,0,35,32,0,32,67
12/19/2010,IXD,KS,ACE,CE,Federal Contract Tower,0,1,7,0,8,0,0,43,0,43,0,1,50,0,51,48,0,48,99
12/20/2010,IXD,KS,ACE,CE,Federal Contract Tower,0,6,25,0,31,0,0,34,0,34,0,6,59,0,65,38,0,38,103
12/21/2010,IXD,KS,ACE,CE,Federal Contract Tower,0,3,25,1,29,0,0,26,0,26,0,3,51,1,55,22,0,22,77
12/22/2010,IXD,KS,ACE,CE,Federal Contract Tower,0,6,40,0,46,0,0,13,0,13,0,6,53,0,59,14,0,14,73
12/23/2010,IXD,KS,ACE,CE,Federal Contract Tower,0,3,17,0,20,0,0,15,0,15,0,3,32,0,35,26,0,26,61
12/24/2010,IXD,KS,ACE,CE,Federal Contract Tower,0,4,2,0,6,0,0,0,0,0,0,4,2,0,6,0,0,0,6
12/25/2010,IXD,KS,ACE,CE,Federal Contract Tower,0,1,5,0,6,0,0,0,0,0,0,1,5,0,6,0,0,0,6
12/26/2010,IXD,KS,ACE,CE,Federal Contract Tower,0,4,4,0,8,0,0,5,0,5,0,4,9,0,13,10,0,10,23
12/27/2010,IXD,KS,ACE,CE,Federal Contract Tower,0,7,10,0,17,0,0,22,0,22,0,7,32,0,39,34,0,34,73
12/28/2010,IXD,KS,ACE,CE,Federal Contract Tower,0,6,21,0,27,0,0,47,0,47,0,6,68,0,74,40,0,40,114
12/29/2010,IXD,KS,ACE,CE,Federal Contract Tower,0,4,6,0,10,0,0,0,0,0,0,4,6,0,10,0,0,0,10
12/30/2010,IXD,KS,ACE,CE,Federal Contract Tower,0,6,11,1,18,0,0,21,6,27,0,6,32,7,45,4,2,6,51
12/31/2010,IXD,KS,ACE,CE,Federal Contract Tower,0,2,6,0,8,0,0,2,0,2,0,2,8,0,10,2,0,2,12
01/01/2011,IXD,KS,ACE,CE,Federal Contract Tower,0,4,3,0,7,0,0,10,0,10,0,4,13,0,17,8,0,8,25
01/02/2011,IXD,KS,ACE,CE,Federal Contract Tower,0,5,5,0,10,0,0,14,0,14,0,5,19,0,24,54,0,54,78
01/03/2011,IXD,KS,ACE,CE,Federal Contract Tower,0,10,23,3,36,0,0,41,3,44,0,10,64,6,80,24,0,24,104
01/04/2011,IXD,KS,ACE,CE,Federal Contract Tower,0,11,30,6,47,0,0,38,0,38,0,11,68,6,85,36,0,36,121
01/05/2011,IXD,KS,ACE,CE,Federal Contract Tower,0,6,23,0,29,0,0,38,0,38,0,6,61,0,67,28,0,28,95
01/06/2011,IXD,KS,ACE,CE,Federal Contract Tower,0,9,13,0,22,0,0,35,0,35,0,9,48,0,57,28,0,28,85
01/07/2011,IXD,KS,ACE,CE,Federal Contract Tower,0,3,14,0,17,0,0,33,0,33,0,3,47,0,50,30,0,30,80
01/08/2011,IXD,KS,ACE,CE,Federal Contract Tower,0,0,8,0,8,0,0,42,0,42,0,0,50,0,50,72,0,72,122
01/09/2011,IXD,KS,ACE,CE,Federal Contract Tower,0,2,10,0,12,0,0,8,0,8,0,2,18,0,20,0,0,0,20
01/10/2011,IXD,KS,ACE,CE,Federal Contract Tower,0,4,0,0,4,0,0,0,0,0,0,4,0,0,4,0,0,0,4
01/11/2011,IXD,KS,ACE,CE,Federal Contract Tower,0,3,9,2,14,0,0,3,0,3,0,3,12,2,17,0,0,0,17
01/12/2011,IXD,KS,ACE,CE,Federal Contract Tower,0,9,16,1,26,0,0,24,8,32,0,9,40,9,58,4,0,4,62
01/13/2011,IXD,KS,ACE,CE,Federal Contract Tower,0,9,21,2,32,0,0,13,15,28,0,9,34,17,60,36,26,62,122
01/14/2011,IXD,KS,ACE,CE,Federal Contract Tower,0,7,10,1,18,0,0,38,8,46,0,7,48,9,64,26,0,26,90
01/15/2011,IXD,KS,ACE,CE,Federal Contract Tower,0,2,8,1,11,0,0,29,0,29,0,2,37,1,40,30,0,30,70
01/16/2011,IXD,KS,ACE,CE,Federal Contract Tower,0,3,3,0,6,0,0,5,0,5,0,3,8,0,11,8,0,8,19
01/17/2011,IXD,KS,ACE,CE,Federal Contract Tower,0,1,15,0,16,0,0,1,0,1,0,1,16,0,17,0,0,0,17
01/18/2011,IXD,KS,ACE,CE,Federal Contract Tower,0,10,26,0,36,0,0,5,6,11,0,10,31,6,47,30,8,38,85
01/19/2011,IXD,KS,ACE,CE,Federal Contract Tower,0,2,20,0,22,0,0,3,0,3,0,2,23,0,25,0,0,0,25
01/20/2011,IXD,KS,ACE,CE,Federal Contract Tower,0,3,13,0,16,0,0,12,0,12,0,3,25,0,28,6,0,6,34
01/21/2011,IXD,KS,ACE,CE,Federal Contract Tower,0,8,18,0,26,0,0,6,16,22,0,8,24,16,48,8,14,22,70
01/22/2011,IXD,KS,ACE,CE,Federal Contract Tower,0,2,7,2,11,0,0,20,3,23,0,2,27,5,34,38,2,40,74
01/23/2011,IXD,KS,ACE,CE,Federal Contract Tower,0,2,6,0,8,0,0,2,1,3,0,2,8,1,11,0,0,0,11
01/24/2011,IXD,KS,ACE,CE,Federal Contract Tower,0,11,19,0,30,0,0,18,8,26,0,11,37,8,56,2,6,8,64
01/25/2011,IXD,KS,ACE,CE,Federal Contract Tower,0,5,31,2,38,0,0,36,17,53,0,5,67,19,91,14,0,14,105
01/26/2011,IXD,KS,ACE,CE,Federal Contract Tower,0,8,18,0,26,0,0,34,0,34,0,8,52,0,60,12,0,12,72
01/27/2011,IXD,KS,ACE,CE,Federal Contract Tower,0,8,12,3,23,0,0,31,9,40,0,8,43,12,63,14,0,14,77
01/28/2011,IXD,KS,ACE,CE,Federal Contract Tower,0,7,16,4,27,0,0,59,10,69,0,7,75,14,96,22,4,26,122
01/29/2011,IXD,KS,ACE,CE,Federal Contract Tower,0,2,20,1,23,0,0,50,1,51,0,2,70,2,74,62,0,62,136
01/30/2011,IXD,KS,ACE,CE,Federal Contract Tower,0,6,15,1,22,0,0,34,1,35,0,6,49,2,57,28,0,28,85
01/31/2011,IXD,KS,ACE,CE,Federal Contract Tower,0,4,2,0,6,0,0,0,0,0,0,4,2,0,6,0,0,0,6
02/01/2011,IXD,KS,ACE,CE,Federal Contract Tower,0,0,0,0,0,0,0,0,0,0,0,0,0,0,0,0,0,0,0
02/02/2011,IXD,KS,ACE,CE,Federal Contract Tower,0,7,5,1,13,0,0,6,0,6,0,7,11,1,19,0,0,0,19
02/03/2011,IXD,KS,ACE,CE,Federal Contract Tower,0,9,16,0,25,0,0,23,9,32,0,9,39,9,57,0,2,2,59
02/04/2011,IXD,KS,ACE,CE,Federal Contract Tower,0,5,17,0,22,0,0,38,4,42,0,5,55,4,64,18,0,18,82
02/05/2011,IXD,KS,ACE,CE,Federal Contract Tower,0,0,7,0,7,0,0,40,2,42,0,0,47,2,49,28,0,28,77
02/06/2011,IXD,KS,ACE,CE,Federal Contract Tower,0,0,2,0,2,0,0,0,0,0,0,0,2,0,2,0,0,0,2
02/07/2011,IXD,KS,ACE,CE,Federal Contract Tower,0,11,15,2,28,0,0,25,8,33,0,11,40,10,61,38,8,46,107
02/08/2011,IXD,KS,ACE,CE,Federal Contract Tower,0,8,12,0,20,0,1,7,2,10,0,9,19,2,30,0,0,0,30
02/09/2011,IXD,KS,ACE,CE,Federal Contract Tower,0,8,16,2,26,0,0,8,10,18,0,8,24,12,44,4,0,4,48
02/10/2011,IXD,KS,ACE,CE,Federal Contract Tower,0,12,19,0,31,0,1,38,16,55,0,13,57,16,86,34,24,58,144
02/11/2011,IXD,KS,ACE,CE,Federal Contract Tower,0,11,19,1,31,0,0,54,3,57,0,11,73,4,88,44,0,44,132
02/12/2011,IXD,KS,ACE,CE,Federal Contract Tower,0,2,4,1,7,0,0,44,1,45,0,2,48,2,52,66,0,66,118
02/13/2011,IXD,KS,ACE,CE,Federal Contract Tower,0,8,23,0,31,0,0,57,1,58,0,8,80,1,89,60,0,60,149
02/14/2011,IXD,KS,ACE,CE,Federal Contract Tower,0,3,19,4,26,0,0,47,6,53,0,3,66,10,79,86,0,86,165
02/15/2011,IXD,KS,ACE,CE,Federal Contract Tower,0,2,32,3,37,0,0,11,3,14,0,2,43,6,51,52,0,52,103
02/16/2011,IXD,KS,ACE,CE,Federal Contract Tower,0,4,16,0,20,0,0,6,3,9,0,4,22,3,29,4,0,4,33
02/17/2011,IXD,KS,ACE,CE,Federal Contract Tower,0,10,23,0,33,0,1,35,6,42,0,11,58,6,75,60,0,60,135
02/18/2011,IXD,KS,ACE,CE,Federal Contract Tower,0,0,19,4,23,0,0,70,0,70,0,0,89,4,93,64,0,64,157
02/19/2011,IXD,KS,ACE,CE,Federal Contract Tower,0,0,9,0,9,0,0,20,0,20,0,0,29,0,29,40,0,40,69
02/20/2011,IXD,KS,ACE,CE,Federal Contract Tower,0,3,19,1,23,0,0,6,0,6,0,3,25,1,29,8,0,8,37
02/21/2011,IXD,KS,ACE,CE,Federal Contract Tower,0,5,11,0,16,0,0,26,0,26,0,5,37,0,42,20,0,20,62
02/22/2011,IXD,KS,ACE,CE,Federal Contract Tower,0,1,22,0,23,0,0,65,0,65,0,1,87,0,88,88,0,88,176
02/23/2011,IXD,KS,ACE,CE,Federal Contract Tower,0,5,22,0,27,0,2,44,2,48,0,7,66,2,75,50,0,50,125
02/24/2011,IXD,KS,ACE,CE,Federal Contract Tower,0,4,6,0,10,0,0,0,0,0,0,4,6,0,10,0,0,0,10
02/25/2011,IXD,KS,ACE,CE,Federal Contract Tower,0,5,22,0,27,0,0,5,1,6,0,5,27,1,33,12,0,12,45
02/26/2011,IXD,KS,ACE,CE,Federal Contract Tower,0,0,8,0,8,0,0,0,0,0,0,0,8,0,8,0,0,0,8
02/27/2011,IXD,KS,ACE,CE,Federal Contract Tower,0,2,2,0,4,0,0,0,0,0,0,2,2,0,4,0,0,0,4
02/28/2011,IXD,KS,ACE,CE,Federal Contract Tower,0,12,43,1,56,0,0,27,3,30,0,12,70,4,86,58,2,60,146
03/01/2011,IXD,KS,ACE,CE,Federal Contract Tower,0,8,27,1,36,0,1,50,0,51,0,9,77,1,87,96,0,96,183
03/02/2011,IXD,KS,ACE,CE,Federal Contract Tower,0,8,26,6,40,0,0,42,5,47,0,8,68,11,87,22,0,22,109
03/03/2011,IXD,KS,ACE,CE,Federal Contract Tower,0,14,27,0,41,0,0,60,1,61,0,14,87,1,102,80,0,80,182
03/04/2011,IXD,KS,ACE,CE,Federal Contract Tower,0,0,29,1,30,0,0,15,2,17,0,0,44,3,47,34,0,34,81
03/05/2011,IXD,KS,ACE,CE,Federal Contract Tower,0,0,4,1,5,0,0,40,4,44,0,0,44,5,49,96,0,96,145
03/06/2011,IXD,KS,ACE,CE,Federal Contract Tower,0,9,12,0,21,0,6,38,0,44,0,15,50,0,65,84,0,84,149
03/07/2011,IXD,KS,ACE,CE,Federal Contract Tower,0,9,25,0,34,0,0,39,5,44,0,9,64,5,78,50,0,50,128
03/08/2011,IXD,KS,ACE,CE,Federal Contract Tower,0,10,12,0,22,0,0,0,2,2,0,10,12,2,24,0,0,0,24
03/09/2011,IXD,KS,ACE,CE,Federal Contract Tower,0,8,30,2,40,0,0,12,4,16,0,8,42,6,56,16,0,16,72
03/10/2011,IXD,KS,ACE,CE,Federal Contract Tower,0,12,25,0,37,0,0,45,4,49,0,12,70,4,86,118,0,118,204
03/11/2011,IXD,KS,ACE,CE,Federal Contract Tower,0,8,32,9,49,0,0,46,0,46,0,8,78,9,95,58,0,58,153
03/12/2011,IXD,KS,ACE,CE,Federal Contract Tower,0,1,20,1,22,0,0,60,0,60,0,1,80,1,82,130,0,130,212
03/13/2011,IXD,KS,ACE,CE,Federal Contract Tower,0,4,21,6,31,0,0,26,0,26,0,4,47,6,57,80,0,80,137
03/14/2011,IXD,KS,ACE,CE,Federal Contract Tower,0,8,10,0,18,0,0,7,0,7,0,8,17,0,25,4,0,4,29
03/15/2011,IXD,KS,ACE,CE,Federal Contract Tower,0,4,26,0,30,0,0,52,0,52,0,4,78,0,82,82,0,82,164
03/16/2011,IXD,KS,ACE,CE,Federal Contract Tower,0,6,25,0,31,0,0,39,2,41,0,6,64,2,72,82,0,82,154
03/17/2011,IXD,KS,ACE,CE,Federal Contract Tower,0,3,28,0,31,0,1,19,1,21,0,4,47,1,52,26,0,26,78
03/18/2011,IXD,KS,ACE,CE,Federal Contract Tower,0,3,13,0,16,0,0,44,13,57,0,3,57,13,73,40,0,40,113
03/19/2011,IXD,KS,ACE,CE,Federal Contract Tower,0,1,11,0,12,0,0,11,0,11,0,1,22,0,23,2,0,2,25
03/20/2011,IXD,KS,ACE,CE,Federal Contract Tower,0,11,13,0,24,0,0,30,10,40,0,11,43,10,64,50,20,70,134
03/21/2011,IXD,KS,ACE,CE,Federal Contract Tower,0,9,35,0,44,0,0,49,2,51,0,9,84,2,95,56,0,56,151
03/22/2011,IXD,KS,ACE,CE,Federal Contract Tower,0,5,26,0,31,0,0,25,0,25,0,5,51,0,56,28,0,28,84
03/23/2011,IXD,KS,ACE,CE,Federal Contract Tower,0,7,21,0,28,0,4,30,3,37,0,11,51,3,65,8,0,8,73
03/24/2011,IXD,KS,ACE,CE,Federal Contract Tower,0,8,23,0,31,0,0,36,0,36,0,8,59,0,67,64,0,64,131
03/25/2011,IXD,KS,ACE,CE,Federal Contract Tower,0,8,50,0,58,0,0,18,0,18,0,8,68,0,76,34,0,34,110
03/26/2011,IXD,KS,ACE,CE,Federal Contract Tower,0,2,1,0,3,0,0,0,0,0,0,2,1,0,3,0,0,0,3
03/27/2011,IXD,KS,ACE,CE,Federal Contract Tower,0,1,15,0,16,0,0,14,0,14,0,1,29,0,30,44,0,44,74
03/28/2011,IXD,KS,ACE,CE,Federal Contract Tower,0,9,32,1,42,0,0,24,5,29,0,9,56,6,71,66,0,66,137
03/29/2011,IXD,KS,ACE,CE,Federal Contract Tower,0,4,32,0,36,0,0,23,0,23,0,4,55,0,59,74,0,74,133
03/30/2011,IXD,KS,ACE,CE,Federal Contract Tower,0,8,16,1,25,0,0,28,8,36,0,8,44,9,61,98,0,98,159
03/31/2011,IXD,KS,ACE,CE,Federal Contract Tower,0,8,29,0,37,0,0,10,2,12,0,8,39,2,49,26,0,26,75
04/01/2011,IXD,KS,ACE,CE,Federal Contract Tower,0,3,15,0,18,0,0,44,0,44,0,3,59,0,62,66,0,66,128
04/02/2011,IXD,KS,ACE,CE,Federal Contract Tower,0,1,14,0,15,0,0,79,2,81,0,1,93,2,96,132,0,132,228
04/03/2011,IXD,KS,ACE,CE,Federal Contract Tower,0,0,5,0,5,0,0,5,0,5,0,0,10,0,10,0,0,0,10
04/04/2011,IXD,KS,ACE,CE,Federal Contract Tower,0,10,15,0,25,0,0,10,0,10,0,10,25,0,35,2,0,2,37
04/05/2011,IXD,KS,ACE,CE,Federal Contract Tower,0,5,21,0,26,0,0,52,0,52,0,5,73,0,78,48,0,48,126
04/06/2011,IXD,KS,ACE,CE,Federal Contract Tower,0,7,24,2,33,0,0,63,3,66,0,7,87,5,99,88,0,88,187
04/07/2011,IXD,KS,ACE,CE,Federal Contract Tower,0,5,19,2,26,0,0,37,18,55,0,5,56,20,81,24,0,24,105
04/08/2011,IXD,KS,ACE,CE,Federal Contract Tower,0,10,11,0,21,0,0,28,1,29,0,10,39,1,50,36,0,36,86
04/09/2011,IXD,KS,ACE,CE,Federal Contract Tower,0,3,18,0,21,0,0,37,0,37,0,3,55,0,58,76,0,76,134
04/10/2011,IXD,KS,ACE,CE,Federal Contract Tower,0,2,7,0,9,0,0,7,0,7,0,2,14,0,16,2,0,2,18
04/11/2011,IXD,KS,ACE,CE,Federal Contract Tower,0,9,21,0,30,0,0,37,0,37,0,9,58,0,67,38,0,38,105
04/12/2011,IXD,KS,ACE,CE,Federal Contract Tower,0,7,23,0,30,0,0,81,0,81,0,7,104,0,111,96,0,96,207
04/13/2011,IXD,KS,ACE,CE,Federal Contract Tower,0,9,29,2,40,0,0,49,0,49,0,9,78,2,89,94,0,94,183
04/14/2011,IXD,KS,ACE,CE,Federal Contract Tower,0,7,14,0,21,0,0,11,0,11,0,7,25,0,32,0,0,0,32
04/15/2011,IXD,KS,ACE,CE,Federal Contract Tower,0,9,19,1,29,0,0,0,0,0,0,9,19,1,29,0,0,0,29
04/16/2011,IXD,KS,ACE,CE,Federal Contract Tower,0,3,15,0,18,0,2,31,0,33,0,5,46,0,51,24,0,24,75
04/17/2011,IXD,KS,ACE,CE,Federal Contract Tower,0,5,7,1,13,0,0,32,0,32,0,5,39,1,45,94,0,94,139
04/18/2011,IXD,KS,ACE,CE,Federal Contract Tower,0,10,24,0,34,0,0,57,0,57,0,10,81,0,91,62,0,62,153
04/19/2011,IXD,KS,ACE,CE,Federal Contract Tower,0,2,10,0,12,0,0,0,0,0,0,2,10,0,12,0,0,0,12
04/20/2011,IXD,KS,ACE,CE,Federal Contract Tower,0,6,23,0,29,0,0,52,0,52,0,6,75,0,81,70,0,70,151
04/21/2011,IXD,KS,ACE,CE,Federal Contract Tower,0,14,13,1,28,0,1,13,0,14,0,15,26,1,42,8,0,8,50
04/22/2011,IXD,KS,ACE,CE,Federal Contract Tower,0,4,10,0,14,0,0,1,0,1,0,4,11,0,15,10,0,10,25
04/23/2011,IXD,KS,ACE,CE,Federal Contract Tower,0,0,27,0,27,0,0,91,2,93,0,0,118,2,120,98,0,98,218
04/24/2011,IXD,KS,ACE,CE,Federal Contract Tower,0,1,10,0,11,0,0,11,0,11,0,1,21,0,22,22,0,22,44
04/25/2011,IXD,KS,ACE,CE,Federal Contract Tower,0,8,20,0,28,0,0,0,0,0,0,8,20,0,28,0,0,0,28
04/26/2011,IXD,KS,ACE,CE,Federal Contract Tower,0,6,36,0,42,0,0,28,0,28,0,6,64,0,70,54,0,54,124
04/27/2011,IXD,KS,ACE,CE,Federal Contract Tower,0,10,21,1,32,0,0,42,0,42,0,10,63,1,74,56,2,58,132
04/28/2011,IXD,KS,ACE,CE,Federal Contract Tower,0,11,33,2,46,0,1,44,0,45,0,12,77,2,91,26,0,26,117
04/29/2011,IXD,KS,ACE,CE,Federal Contract Tower,0,6,20,0,26,0,0,36,0,36,0,6,56,0,62,44,0,44,106
04/30/2011,IXD,KS,ACE,CE,Federal Contract Tower,0,0,23,0,23,0,0,86,0,86,0,0,109,0,109,92,0,92,201
05/01/2011,IXD,KS,ACE,CE,Federal Contract Tower,0,4,21,0,25,0,0,44,6,50,0,4,65,6,75,32,0,32,107
05/02/2011,IXD,KS,ACE,CE,Federal Contract Tower,0,8,24,0,32,0,0,39,0,39,0,8,63,0,71,70,0,70,141
05/03/2011,IXD,KS,ACE,CE,Federal Contract Tower,0,7,23,8,38,0,0,45,0,45,0,7,68,8,83,32,10,42,125
05/04/2011,IXD,KS,ACE,CE,Federal Contract Tower,0,8,28,1,37,0,0,37,1,38,0,8,65,2,75,62,8,70,145
05/05/2011,IXD,KS,ACE,CE,Federal Contract Tower,0,5,13,2,20,0,0,17,0,17,0,5,30,2,37,16,0,16,53
05/06/2011,IXD,KS,ACE,CE,Federal Contract Tower,0,7,25,5,37,0,0,68,2,70,0,7,93,7,107,32,4,36,143
05/07/2011,IXD,KS,ACE,CE,Federal Contract Tower,0,0,23,1,24,0,0,50,0,50,0,0,73,1,74,86,0,86,160
05/08/2011,IXD,KS,ACE,CE,Federal Contract Tower,0,11,6,2,19,0,0,18,1,19,0,11,24,3,38,20,0,20,58
05/09/2011,IXD,KS,ACE,CE,Federal Contract Tower,0,8,26,1,35,0,0,40,0,40,0,8,66,1,75,20,0,20,95
05/10/2011,IXD,KS,ACE,CE,Federal Contract Tower,0,7,19,5,31,0,0,43,4,47,0,7,62,9,78,44,22,66,144
05/11/2011,IXD,KS,ACE,CE,Federal Contract Tower,0,3,23,5,31,0,0,27,6,33,0,3,50,11,64,36,16,52,116
05/12/2011,IXD,KS,ACE,CE,Federal Contract Tower,0,6,32,2,40,0,0,18,2,20,0,6,50,4,60,34,0,34,94
05/13/2011,IXD,KS,ACE,CE,Federal Contract Tower,0,9,21,0,30,0,0,10,1,11,0,9,31,1,41,22,0,22,63
05/14/2011,IXD,KS,ACE,CE,Federal Contract Tower,0,2,10,2,14,0,0,34,0,34,0,2,44,2,48,46,0,46,94
05/15/2011,IXD,KS,ACE,CE,Federal Contract Tower,0,0,14,0,14,0,0,19,0,19,0,0,33,0,33,12,0,12,45
05/16/2011,IXD,KS,ACE,CE,Federal Contract Tower,0,4,49,0,53,0,0,55,0,55,0,4,104,0,108,176,0,176,284
05/17/2011,IXD,KS,ACE,CE,Federal Contract Tower,0,6,18,1,25,0,0,59,2,61,0,6,77,3,86,100,20,120,206
05/18/2011,IXD,KS,ACE,CE,Federal Contract Tower,0,6,26,0,32,0,2,26,0,28,0,8,52,0,60,94,0,94,154
05/19/2011,IXD,KS,ACE,CE,Federal Contract Tower,0,13,17,1,31,0,0,2,2,4,0,13,19,3,35,22,0,22,57
05/20/2011,IXD,KS,ACE,CE,Federal Contract Tower,0,12,21,1,34,0,0,14,0,14,0,12,35,1,48,26,0,26,74
05/21/2011,IXD,KS,ACE,CE,Federal Contract Tower,0,1,11,2,14,0,0,57,0,57,0,1,68,2,71,154,0,154,225
05/22/2011,IXD,KS,ACE,CE,Federal Contract Tower,0,9,9,0,18,0,0,21,0,21,0,9,30,0,39,80,0,80,119
05/23/2011,IXD,KS,ACE,CE,Federal Contract Tower,0,17,27,4,48,0,0,53,0,53,0,17,80,4,101,56,0,56,157
05/24/2011,IXD,KS,ACE,CE,Federal Contract Tower,0,4,31,0,35,0,0,26,0,26,0,4,57,0,61,71,0,71,132
05/25/2011,IXD,KS,ACE,CE,Federal Contract Tower,0,5,33,2,40,0,0,5,0,5,0,5,38,2,45,6,0,6,51
05/26/2011,IXD,KS,ACE,CE,Federal Contract Tower,0,7,33,1,41,0,0,62,0,62,0,7,95,1,103,54,0,54,157
05/27/2011,IXD,KS,ACE,CE,Federal Contract Tower,0,7,32,1,40,0,0,25,8,33,0,7,57,9,73,24,0,24,97
05/28/2011,IXD,KS,ACE,CE,Federal Contract Tower,0,2,25,0,27,0,0,10,0,10,0,2,35,0,37,36,0,36,73
05/29/2011,IXD,KS,ACE,CE,Federal Contract Tower,0,2,8,0,10,0,0,18,0,18,0,2,26,0,28,32,0,32,60
05/30/2011,IXD,KS,ACE,CE,Federal Contract Tower,0,3,9,0,12,0,0,12,0,12,0,3,21,0,24,40,0,40,64
05/31/2011,IXD,KS,ACE,CE,Federal Contract Tower,0,6,31,0,37,0,0,62,0,62,0,6,93,0,99,154,0,154,253
06/01/2011,IXD,KS,ACE,CE,Federal Contract Tower,0,5,35,0,40,0,1,46,0,47,0,6,81,0,87,124,0,124,211
06/02/2011,IXD,KS,ACE,CE,Federal Contract Tower,0,2,26,4,32,0,0,43,2,45,0,2,69,6,77,68,0,68,145
06/03/2011,IXD,KS,ACE,CE,Federal Contract Tower,0,4,18,2,24,0,0,34,0,34,0,4,52,2,58,76,0,76,134
06/04/2011,IXD,KS,ACE,CE,Federal Contract Tower,0,1,18,0,19,0,0,64,0,64,0,1,82,0,83,238,0,238,321
06/05/2011,IXD,KS,ACE,CE,Federal Contract Tower,0,0,22,0,22,0,0,48,0,48,0,0,70,0,70,64,0,64,134
06/06/2011,IXD,KS,ACE,CE,Federal Contract Tower,0,5,20,0,25,0,0,27,0,27,0,5,47,0,52,46,0,46,98
06/07/2011,IXD,KS,ACE,CE,Federal Contract Tower,0,3,16,0,19,0,0,41,0,41,0,3,57,0,60,40,0,40,100
06/08/2011,IXD,KS,ACE,CE,Federal Contract Tower,0,6,23,0,29,0,0,59,0,59,0,6,82,0,88,110,0,110,198
06/09/2011,IXD,KS,ACE,CE,Federal Contract Tower,0,6,21,0,27,0,0,38,0,38,0,6,59,0,65,64,0,64,129
06/10/2011,IXD,KS,ACE,CE,Federal Contract Tower,0,4,26,0,30,0,0,29,0,29,0,4,55,0,59,30,0,30,89
06/11/2011,IXD,KS,ACE,CE,Federal Contract Tower,0,3,20,0,23,0,0,45,0,45,0,3,65,0,68,142,0,142,210
06/12/2011,IXD,KS,ACE,CE,Federal Contract Tower,0,3,15,0,18,0,0,17,0,17,0,3,32,0,35,54,0,54,89
06/13/2011,IXD,KS,ACE,CE,Federal Contract Tower,0,6,16,2,24,0,0,34,0,34,0,6,50,2,58,104,0,104,162
06/14/2011,IXD,KS,ACE,CE,Federal Contract Tower,0,5,10,0,15,0,0,33,0,33,0,5,43,0,48,42,0,42,90
06/15/2011,IXD,KS,ACE,CE,Federal Contract Tower,0,3,19,5,27,0,0,77,0,77,0,3,96,5,104,200,4,204,308
06/16/2011,IXD,KS,ACE,CE,Federal Contract Tower,0,4,21,0,25,0,0,29,0,29,0,4,50,0,54,34,0,34,88
06/17/2011,IXD,KS,ACE,CE,Federal Contract Tower,0,4,19,1,24,0,0,38,0,38,0,4,57,1,62,114,0,114,176
06/18/2011,IXD,KS,ACE,CE,Federal Contract Tower,0,3,27,0,30,0,0,109,0,109,0,3,136,0,139,164,0,164,303
06/19/2011,IXD,KS,ACE,CE,Federal Contract Tower,0,2,32,1,35,0,0,47,0,47,0,2,79,1,82,170,0,170,252
06/20/2011,IXD,KS,ACE,CE,Federal Contract Tower,0,7,23,0,30,0,0,39,0,39,0,7,62,0,69,124,0,124,193
06/21/2011,IXD,KS,ACE,CE,Federal Contract Tower,0,6,18,0,24,0,0,29,4,33,0,6,47,4,57,54,0,54,111
06/22/2011,IXD,KS,ACE,CE,Federal Contract Tower,0,13,14,2,29,0,0,76,1,77,0,13,90,3,106,104,0,104,210
06/23/2011,IXD,KS,ACE,CE,Federal Contract Tower,0,7,31,2,40,0,0,70,4,74,0,7,101,6,114,78,0,78,192
06/24/2011,IXD,KS,ACE,CE,Federal Contract Tower,0,25,8,0,33,0,0,74,2,76,0,25,82,2,109,112,0,112,221
06/25/2011,IXD,KS,ACE,CE,Federal Contract Tower,0,2,7,0,9,0,0,40,0,40,0,2,47,0,49,62,0,62,111
06/26/2011,IXD,KS,ACE,CE,Federal Contract Tower,0,1,13,0,14,0,6,49,0,55,0,7,62,0,69,66,0,66,135
06/27/2011,IXD,KS,ACE,CE,Federal Contract Tower,0,4,31,4,39,0,0,42,2,44,0,4,73,6,83,114,0,114,197
06/28/2011,IXD,KS,ACE,CE,Federal Contract Tower,0,4,36,0,40,0,0,72,0,72,0,4,108,0,112,106,0,106,218
06/29/2011,IXD,KS,ACE,CE,Federal Contract Tower,0,7,20,2,29,0,0,49,0,49,0,7,69,2,78,34,0,34,112
06/30/2011,IXD,KS,ACE,CE,Federal Contract Tower,0,11,11,0,22,0,0,76,3,79,0,11,87,3,101,58,0,58,159
07/01/2011,IXD,KS,ACE,CE,Federal Contract Tower,0,6,25,0,31,0,0,44,0,44,0,6,69,0,75,54,0,54,129
07/02/2011,IXD,KS,ACE,CE,Federal Contract Tower,0,2,21,0,23,0,0,54,0,54,0,2,75,0,77,30,0,30,107
07/03/2011,IXD,KS,ACE,CE,Federal Contract Tower,0,1,7,0,8,0,0,10,0,10,0,1,17,0,18,34,0,34,52
07/04/2011,IXD,KS,ACE,CE,Federal Contract Tower,0,2,14,0,16,0,0,29,0,29,0,2,43,0,45,14,0,14,59
07/05/2011,IXD,KS,ACE,CE,Federal Contract Tower,0,5,21,0,26,0,0,44,0,44,0,5,65,0,70,56,0,56,126
07/06/2011,IXD,KS,ACE,CE,Federal Contract Tower,0,12,13,0,25,0,0,42,0,42,0,12,55,0,67,74,0,74,141
07/07/2011,IXD,KS,ACE,CE,Federal Contract Tower,0,10,15,0,25,0,0,26,0,26,0,10,41,0,51,26,0,26,77
07/08/2011,IXD,KS,ACE,CE,Federal Contract Tower,0,6,35,2,43,0,0,72,2,74,0,6,107,4,117,74,0,74,191
07/09/2011,IXD,KS,ACE,CE,Federal Contract Tower,0,2,12,0,14,0,0,44,0,44,0,2,56,0,58,100,0,100,158
07/10/2011,IXD,KS,ACE,CE,Federal Contract Tower,0,2,10,0,12,0,1,51,0,52,0,3,61,0,64,36,0,36,100
07/11/2011,IXD,KS,ACE,CE,Federal Contract Tower,0,4,18,2,24,0,0,38,0,38,0,4,56,2,62,68,0,68,130
07/12/2011,IXD,KS,ACE,CE,Federal Contract Tower,0,5,12,2,19,0,0,33,2,35,0,5,45,4,54,60,0,60,114
07/13/2011,IXD,KS,ACE,CE,Federal Contract Tower,0,6,30,2,38,0,0,45,0,45,0,6,75,2,83,120,4,124,207
07/14/2011,IXD,KS,ACE,CE,Federal Contract Tower,0,10,30,2,42,0,0,60,1,61,0,10,90,3,103,82,0,82,185
07/15/2011,IXD,KS,ACE,CE,Federal Contract Tower,0,8,18,1,27,0,0,101,1,102,0,8,119,2,129,50,0,50,179
07/16/2011,IXD,KS,ACE,CE,Federal Contract Tower,0,0,2,2,4,0,0,202,0,202,0,0,204,2,206,164,0,164,370
07/17/2011,IXD,KS,ACE,CE,Federal Contract Tower,0,3,13,0,16,0,0,134,0,134,0,3,147,0,150,128,0,128,278
07/18/2011,IXD,KS,ACE,CE,Federal Contract Tower,0,14,25,0,39,0,0,45,0,45,0,14,70,0,84,44,0,44,128
07/19/2011,IXD,KS,ACE,CE,Federal Contract Tower,0,7,19,1,27,0,0,58,0,58,0,7,77,1,85,36,0,36,121
07/20/2011,IXD,KS,ACE,CE,Federal Contract Tower,0,11,20,2,33,0,0,59,0,59,0,11,79,2,92,54,0,54,146
07/21/2011,IXD,KS,ACE,CE,Federal Contract Tower,0,4,18,0,22,0,0,70,2,72,0,4,88,2,94,36,0,36,130
07/22/2011,IXD,KS,ACE,CE,Federal Contract Tower,0,7,9,1,17,0,0,61,0,61,0,7,70,1,78,60,0,60,138
07/23/2011,IXD,KS,ACE,CE,Federal Contract Tower,0,4,14,1,19,0,0,70,0,70,0,4,84,1,89,64,0,64,153
07/24/2011,IXD,KS,ACE,CE,Federal Contract Tower,0,1,21,1,23,0,0,26,0,26,0,1,47,1,49,116,0,116,165
07/25/2011,IXD,KS,ACE,CE,Federal Contract Tower,0,7,24,1,32,0,0,39,0,39,0,7,63,1,71,32,0,32,103
07/26/2011,IXD,KS,ACE,CE,Federal Contract Tower,0,7,16,0,23,0,0,76,0,76,0,7,92,0,99,86,0,86,185
07/27/2011,IXD,KS,ACE,CE,Federal Contract Tower,0,4,23,0,27,0,0,37,0,37,0,4,60,0,64,70,0,70,134
07/28/2011,IXD,KS,ACE,CE,Federal Contract Tower,0,6,33,0,39,0,0,55,0,55,0,6,88,0,94,48,0,48,142
07/29/2011,IXD,KS,ACE,CE,Federal Contract Tower,0,5,24,0,29,0,0,22,0,22,0,5,46,0,51,28,0,28,79
07/30/2011,IXD,KS,ACE,CE,Federal Contract Tower,0,8,11,0,19,0,0,46,0,46,0,8,57,0,65,70,0,70,135
07/31/2011,IXD,KS,ACE,CE,Federal Contract Tower,0,8,25,0,33,0,0,57,0,57,0,8,82,0,90,92,0,92,182
08/01/2011,IXD,KS,ACE,CE,Federal Contract Tower,0,8,19,0,27,0,0,52,0,52,0,8,71,0,79,80,0,80,159
08/02/2011,IXD,KS,ACE,CE,Federal Contract Tower,0,9,9,0,18,0,0,38,0,38,0,9,47,0,56,6,0,6,62
08/03/2011,IXD,KS,ACE,CE,Federal Contract Tower,0,11,26,0,37,0,0,49,0,49,0,11,75,0,86,56,0,56,142
08/04/2011,IXD,KS,ACE,CE,Federal Contract Tower,0,4,13,0,17,0,0,26,0,26,0,4,39,0,43,56,0,56,99
08/05/2011,IXD,KS,ACE,CE,Federal Contract Tower,0,7,35,2,44,0,0,42,2,44,0,7,77,4,88,42,0,42,130
08/06/2011,IXD,KS,ACE,CE,Federal Contract Tower,0,2,10,2,14,0,0,52,0,52,0,2,62,2,66,76,0,76,142
08/07/2011,IXD,KS,ACE,CE,Federal Contract Tower,0,3,18,2,23,0,0,28,2,30,0,3,46,4,53,36,2,38,91
08/08/2011,IXD,KS,ACE,CE,Federal Contract Tower,0,9,30,0,39,0,0,23,0,23,0,9,53,0,62,58,0,58,120
08/09/2011,IXD,KS,ACE,CE,Federal Contract Tower,0,7,25,2,34,0,0,76,0,76,0,7,101,2,110,118,0,118,228
08/10/2011,IXD,KS,ACE,CE,Federal Contract Tower,0,7,26,2,35,0,0,33,0,33,0,7,59,2,68,70,0,70,138
08/11/2011,IXD,KS,ACE,CE,Federal Contract Tower,0,15,22,0,37,0,0,68,0,68,0,15,90,0,105,130,0,130,235
08/12/2011,IXD,KS,ACE,CE,Federal Contract Tower,0,7,24,3,34,0,0,24,1,25,0,7,48,4,59,56,4,60,119
08/13/2011,IXD,KS,ACE,CE,Federal Contract Tower,0,6,9,2,17,0,0,57,4,61,0,6,66,6,78,148,2,150,228
08/14/2011,IXD,KS,ACE,CE,Federal Contract Tower,0,3,26,19,48,0,0,47,0,47,0,3,73,19,95,44,0,44,139
08/15/2011,IXD,KS,ACE,CE,Federal Contract Tower,0,8,19,1,28,0,0,15,0,15,0,8,34,1,43,22,0,22,65
08/16/2011,IXD,KS,ACE,CE,Federal Contract Tower,0,15,33,3,51,0,0,38,7,45,0,15,71,10,96,96,4,100,196
08/17/2011,IXD,KS,ACE,CE,Federal Contract Tower,0,7,32,4,43,0,0,66,2,68,0,7,98,6,111,24,0,24,135
08/18/2011,IXD,KS,ACE,CE,Federal Contract Tower,0,9,18,8,35,0,0,71,4,75,0,9,89,12,110,132,2,134,244
08/19/2011,IXD,KS,ACE,CE,Federal Contract Tower,0,7,29,2,38,0,0,60,4,64,0,7,89,6,102,34,0,34,136
08/20/2011,IXD,KS,ACE,CE,Federal Contract Tower,0,4,18,0,22,0,0,48,1,49,0,4,66,1,71,42,0,42,113
08/21/2011,IXD,KS,ACE,CE,Federal Contract Tower,0,0,19,1,20,0,0,47,0,47,0,0,66,1,67,80,0,80,147
08/22/2011,IXD,KS,ACE,CE,Federal Contract Tower,0,10,15,0,25,0,0,36,4,40,0,10,51,4,65,34,0,34,99
08/23/2011,IXD,KS,ACE,CE,Federal Contract Tower,0,4,19,0,23,0,0,56,0,56,0,4,75,0,79,60,0,60,139
08/24/2011,IXD,KS,ACE,CE,Federal Contract Tower,0,7,19,0,26,0,0,67,0,67,0,7,86,0,93,68,0,68,161
08/25/2011,IXD,KS,ACE,CE,Federal Contract Tower,0,11,37,0,48,0,0,65,1,66,0,11,102,1,114,104,0,104,218
08/26/2011,IXD,KS,ACE,CE,Federal Contract Tower,0,5,13,0,18,0,0,121,2,123,0,5,134,2,141,92,0,92,233
08/27/2011,IXD,KS,ACE,CE,Federal Contract Tower,0,0,10,0,10,0,0,150,0,150,0,0,160,0,160,336,0,336,496
08/28/2011,IXD,KS,ACE,CE,Federal Contract Tower,0,0,14,2,16,0,0,96,0,96,0,0,110,2,112,244,0,244,356
08/29/2011,IXD,KS,ACE,CE,Federal Contract Tower,0,2,20,0,22,0,0,35,0,35,0,2,55,0,57,78,0,78,135
08/30/2011,IXD,KS,ACE,CE,Federal Contract Tower,0,7,8,0,15,0,0,45,2,47,0,7,53,2,62,74,0,74,136
08/31/2011,IXD,KS,ACE,CE,Federal Contract Tower,0,7,32,2,41,0,0,45,5,50,0,7,77,7,91,58,2,60,151
09/01/2011,IXD,KS,ACE,CE,Federal Contract Tower,0,4,29,0,33,0,0,51,0,51,0,4,80,0,84,42,0,42,126
09/02/2011,IXD,KS,ACE,CE,Federal Contract Tower,0,10,20,0,30,0,1,53,0,54,0,11,73,0,84,68,0,68,152
09/03/2011,IXD,KS,ACE,CE,Federal Contract Tower,0,2,10,0,12,0,0,32,3,35,0,2,42,3,47,38,0,38,85
09/04/2011,IXD,KS,ACE,CE,Federal Contract Tower,0,1,19,0,20,0,0,26,0,26,0,1,45,0,46,32,0,32,78
09/05/2011,IXD,KS,ACE,CE,Federal Contract Tower,0,3,15,0,18,0,0,39,3,42,0,3,54,3,60,84,0,84,144
09/06/2011,IXD,KS,ACE,CE,Federal Contract Tower,0,5,19,0,24,0,0,60,0,60,0,5,79,0,84,86,0,86,170
09/07/2011,IXD,KS,ACE,CE,Federal Contract Tower,0,7,24,0,31,0,0,70,0,70,0,7,94,0,101,60,0,60,161
09/08/2011,IXD,KS,ACE,CE,Federal Contract Tower,0,7,36,0,43,0,0,52,0,52,0,7,88,0,95,40,0,40,135
09/09/2011,IXD,KS,ACE,CE,Federal Contract Tower,0,8,31,0,39,0,0,34,1,35,0,8,65,1,74,32,0,32,106
09/10/2011,IXD,KS,ACE,CE,Federal Contract Tower,0,0,13,2,15,0,0,32,5,37,0,0,45,7,52,64,0,64,116
09/11/2011,IXD,KS,ACE,CE,Federal Contract Tower,0,14,18,3,35,0,0,46,5,51,0,14,64,8,86,70,4,74,160
09/12/2011,IXD,KS,ACE,CE,Federal Contract Tower,0,8,19,2,29,0,0,54,1,55,0,8,73,3,84,32,0,32,116
09/13/2011,IXD,KS,ACE,CE,Federal Contract Tower,0,5,29,0,34,0,0,51,0,51,0,5,80,0,85,56,0,56,141
09/14/2011,IXD,KS,ACE,CE,Federal Contract Tower,0,5,28,2,35,0,0,32,2,34,0,5,60,4,69,40,0,40,109
09/15/2011,IXD,KS,ACE,CE,Federal Contract Tower,0,6,29,0,35,0,0,30,2,32,0,6,59,2,67,116,0,116,183
09/16/2011,IXD,KS,ACE,CE,Federal Contract Tower,0,5,19,0,24,0,1,33,0,34,0,6,52,0,58,98,0,98,156
09/17/2011,IXD,KS,ACE,CE,Federal Contract Tower,0,1,23,0,24,0,0,0,0,0,0,1,23,0,24,10,0,10,34
09/18/2011,IXD,KS,ACE,CE,Federal Contract Tower,0,8,10,4,22,0,0,5,0,5,0,8,15,4,27,2,0,2,29
09/19/2011,IXD,KS,ACE,CE,Federal Contract Tower,0,9,24,0,33,0,0,37,0,37,0,9,61,0,70,60,0,60,130
09/20/2011,IXD,KS,ACE,CE,Federal Contract Tower,0,5,16,2,23,0,0,33,2,35,0,5,49,4,58,32,4,36,94
09/21/2011,IXD,KS,ACE,CE,Federal Contract Tower,0,8,21,2,31,0,0,46,0,46,0,8,67,2,77,32,0,32,109
09/22/2011,IXD,KS,ACE,CE,Federal Contract Tower,0,8,21,2,31,0,2,61,0,63,0,10,82,2,94,70,0,70,164
09/23/2011,IXD,KS,ACE,CE,Federal Contract Tower,0,12,21,0,33,0,0,79,0,79,0,12,100,0,112,164,0,164,276
09/24/2011,IXD,KS,ACE,CE,Federal Contract Tower,0,5,13,0,18,0,0,80,0,80,0,5,93,0,98,92,0,92,190
09/25/2011,IXD,KS,ACE,CE,Federal Contract Tower,0,4,13,0,17,0,0,84,0,84,0,4,97,0,101,72,0,72,173
09/26/2011,IXD,KS,ACE,CE,Federal Contract Tower,0,12,18,0,30,0,0,46,0,46,0,12,64,0,76,34,0,34,110
09/27/2011,IXD,KS,ACE,CE,Federal Contract Tower,0,5,47,0,52,0,0,44,0,44,0,5,91,0,96,52,0,52,148
09/28/2011,IXD,KS,ACE,CE,Federal Contract Tower,0,7,40,0,47,0,0,38,0,38,0,7,78,0,85,50,0,50,135
09/29/2011,IXD,KS,ACE,CE,Federal Contract Tower,0,11,25,0,36,0,0,47,1,48,0,11,72,1,84,54,0,54,138
09/30/2011,IXD,KS,ACE,CE,Federal Contract Tower,0,15,33,3,51,0,0,50,0,50,0,15,83,3,101,42,0,42,143
10/01/2011,IXD,KS,ACE,CE,Federal Contract Tower,0,0,12,0,12,0,0,51,0,51,0,0,63,0,63,92,0,92,155
10/02/2011,IXD,KS,ACE,CE,Federal Contract Tower,0,6,22,0,28,0,0,37,4,41,0,6,59,4,69,50,0,50,119
10/03/2011,IXD,KS,ACE,CE,Federal Contract Tower,0,9,24,3,36,0,0,50,0,50,0,9,74,3,86,98,0,98,184
10/04/2011,IXD,KS,ACE,CE,Federal Contract Tower,0,5,21,0,26,0,0,47,0,47,0,5,68,0,73,112,0,112,185
10/05/2011,IXD,KS,ACE,CE,Federal Contract Tower,0,9,33,0,42,0,0,55,4,59,0,9,88,4,101,86,4,90,191
10/06/2011,IXD,KS,ACE,CE,Federal Contract Tower,0,5,25,3,33,0,0,39,0,39,0,5,64,3,72,52,0,52,124
10/07/2011,IXD,KS,ACE,CE,Federal Contract Tower,0,3,28,0,31,0,0,12,0,12,0,3,40,0,43,4,0,4,47
10/08/2011,IXD,KS,ACE,CE,Federal Contract Tower,0,0,9,0,9,0,0,26,0,26,0,0,35,0,35,50,0,50,85
10/09/2011,IXD,KS,ACE,CE,Federal Contract Tower,0,0,25,0,25,0,0,26,0,26,0,0,51,0,51,70,0,70,121
10/10/2011,IXD,KS,ACE,CE,Federal Contract Tower,0,4,21,0,25,0,0,25,0,25,0,4,46,0,50,22,0,22,72
10/11/2011,IXD,KS,ACE,CE,Federal Contract Tower,0,3,33,0,36,0,0,36,0,36,0,3,69,0,72,60,0,60,132
10/12/2011,IXD,KS,ACE,CE,Federal Contract Tower,0,8,28,0,36,0,0,23,0,23,0,8,51,0,59,22,0,22,81
10/13/2011,IXD,KS,ACE,CE,Federal Contract Tower,0,3,28,0,31,0,2,53,0,55,0,5,81,0,86,30,0,30,116
10/14/2011,IXD,KS,ACE,CE,Federal Contract Tower,0,10,32,0,42,0,0,53,0,53,0,10,85,0,95,56,0,56,151
10/15/2011,IXD,KS,ACE,CE,Federal Contract Tower,0,0,14,0,14,0,0,85,0,85,0,0,99,0,99,110,0,110,209
10/16/2011,IXD,KS,ACE,CE,Federal Contract Tower,0,2,22,0,24,0,0,42,0,42,0,2,64,0,66,50,0,50,116
10/17/2011,IXD,KS,ACE,CE,Federal Contract Tower,0,16,24,2,42,0,0,24,1,25,0,16,48,3,67,50,0,50,117
10/18/2011,IXD,KS,ACE,CE,Federal Contract Tower,0,6,14,0,20,0,0,12,0,12,0,6,26,0,32,12,0,12,44
10/19/2011,IXD,KS,ACE,CE,Federal Contract Tower,0,7,20,1,28,0,0,38,2,40,0,7,58,3,68,22,0,22,90
10/20/2011,IXD,KS,ACE,CE,Federal Contract Tower,0,12,14,0,26,0,0,38,0,38,0,12,52,0,64,34,0,34,98
10/21/2011,IXD,KS,ACE,CE,Federal Contract Tower,0,9,28,2,39,0,0,81,4,85,0,9,109,6,124,74,0,74,198
10/22/2011,IXD,KS,ACE,CE,Federal Contract Tower,0,5,24,0,29,0,0,51,0,51,0,5,75,0,80,42,0,42,122
10/23/2011,IXD,KS,ACE,CE,Federal Contract Tower,0,5,10,3,18,0,0,40,0,40,0,5,50,3,58,16,0,16,74
10/24/2011,IXD,KS,ACE,CE,Federal Contract Tower,0,7,13,0,20,0,0,38,0,38,0,7,51,0,58,44,0,44,102
10/25/2011,IXD,KS,ACE,CE,Federal Contract Tower,0,4,25,0,29,0,0,17,0,17,0,4,42,0,46,14,0,14,60
10/26/2011,IXD,KS,ACE,CE,Federal Contract Tower,0,10,22,2,34,0,0,28,1,29,0,10,50,3,63,16,0,16,79
10/27/2011,IXD,KS,ACE,CE,Federal Contract Tower,0,8,35,0,43,0,0,37,0,37,0,8,72,0,80,44,0,44,124
10/28/2011,IXD,KS,ACE,CE,Federal Contract Tower,0,3,24,0,27,0,0,46,0,46,0,3,70,0,73,48,0,48,121
10/29/2011,IXD,KS,ACE,CE,Federal Contract Tower,0,0,13,0,13,0,0,60,0,60,0,0,73,0,73,62,0,62,135
10/30/2011,IXD,KS,ACE,CE,Federal Contract Tower,0,2,18,0,20,0,0,21,0,21,0,2,39,0,41,62,0,62,103
10/31/2011,IXD,KS,ACE,CE,Federal Contract Tower,0,5,21,0,26,0,0,39,0,39,0,5,60,0,65,90,0,90,155
11/01/2011,IXD,KS,ACE,CE,Federal Contract Tower,0,7,26,1,34,0,0,46,0,46,0,7,72,1,80,44,0,44,124
11/02/2011,IXD,KS,ACE,CE,Federal Contract Tower,0,4,27,8,39,0,0,12,0,12,0,4,39,8,51,18,0,18,69
11/03/2011,IXD,KS,ACE,CE,Federal Contract Tower,0,10,29,0,39,0,0,27,1,28,0,10,56,1,67,36,0,36,103
11/04/2011,IXD,KS,ACE,CE,Federal Contract Tower,0,9,40,1,50,0,0,71,0,71,0,9,111,1,121,128,0,128,249
11/05/2011,IXD,KS,ACE,CE,Federal Contract Tower,0,2,16,0,18,0,0,17,0,17,0,2,33,0,35,24,0,24,59
11/06/2011,IXD,KS,ACE,CE,Federal Contract Tower,0,6,14,0,20,0,0,18,0,18,0,6,32,0,38,28,0,28,66
11/07/2011,IXD,KS,ACE,CE,Federal Contract Tower,0,16,29,0,45,0,0,2,0,2,0,16,31,0,47,0,0,0,47
11/08/2011,IXD,KS,ACE,CE,Federal Contract Tower,0,4,8,2,14,0,0,0,0,0,0,4,8,2,14,0,0,0,14
11/09/2011,IXD,KS,ACE,CE,Federal Contract Tower,0,2,23,0,25,0,0,0,0,0,0,2,23,0,25,44,0,44,69
11/10/2011,IXD,KS,ACE,CE,Federal Contract Tower,0,5,39,0,44,0,0,56,5,61,0,5,95,5,105,68,0,68,173
11/11/2011,IXD,KS,ACE,CE,Federal Contract Tower,0,8,28,0,36,0,2,54,0,56,0,10,82,0,92,66,0,66,158
11/12/2011,IXD,KS,ACE,CE,Federal Contract Tower,0,2,11,0,13,0,0,28,0,28,0,2,39,0,41,72,0,72,113
11/13/2011,IXD,KS,ACE,CE,Federal Contract Tower,0,9,16,0,25,0,0,44,0,44,0,9,60,0,69,46,0,46,115
11/14/2011,IXD,KS,ACE,CE,Federal Contract Tower,0,9,27,0,36,0,0,43,0,43,0,9,70,0,79,110,0,110,189
11/15/2011,IXD,KS,ACE,CE,Federal Contract Tower,0,7,27,0,34,0,0,41,0,41,0,7,68,0,75,40,0,40,115
11/16/2011,IXD,KS,ACE,CE,Federal Contract Tower,0,14,30,0,44,0,0,26,6,32,0,14,56,6,76,94,0,94,170
11/17/2011,IXD,KS,ACE,CE,Federal Contract Tower,0,5,27,0,32,0,0,43,0,43,0,5,70,0,75,66,0,66,141
11/18/2011,IXD,KS,ACE,CE,Federal Contract Tower,0,7,24,0,31,0,0,21,0,21,0,7,45,0,52,24,0,24,76
11/19/2011,IXD,KS,ACE,CE,Federal Contract Tower,0,2,17,0,19,0,0,6,18,24,0,2,23,18,43,8,0,8,51
11/20/2011,IXD,KS,ACE,CE,Federal Contract Tower,0,1,20,0,21,0,0,23,0,23,0,1,43,0,44,48,0,48,92
11/21/2011,IXD,KS,ACE,CE,Federal Contract Tower,0,12,39,0,51,0,0,4,0,4,0,12,43,0,55,14,0,14,69
11/22/2011,IXD,KS,ACE,CE,Federal Contract Tower,0,11,39,0,50,0,0,2,0,2,0,11,41,0,52,2,0,2,54
11/23/2011,IXD,KS,ACE,CE,Federal Contract Tower,0,15,21,0,36,0,0,69,2,71,0,15,90,2,107,56,0,56,163
11/24/2011,IXD,KS,ACE,CE,Federal Contract Tower,0,1,5,0,6,0,0,7,0,7,0,1,12,0,13,4,0,4,17
11/25/2011,IXD,KS,ACE,CE,Federal Contract Tower,0,4,9,0,13,0,0,4,0,4,0,4,13,0,17,0,0,0,17
11/26/2011,IXD,KS,ACE,CE,Federal Contract Tower,0,4,1,0,5,0,0,0,0,0,0,4,1,0,5,0,0,0,5
11/27/2011,IXD,KS,ACE,CE,Federal Contract Tower,0,9,23,0,32,0,0,11,0,11,0,9,34,0,43,26,0,26,69
11/28/2011,IXD,KS,ACE,CE,Federal Contract Tower,0,15,29,0,44,0,0,46,6,52,0,15,75,6,96,94,0,94,190
11/29/2011,IXD,KS,ACE,CE,Federal Contract Tower,0,8,20,0,28,0,0,40,2,42,0,8,60,2,70,66,0,66,136
11/30/2011,IXD,KS,ACE,CE,Federal Contract Tower,0,9,20,3,32,0,0,65,6,71,0,9,85,9,103,80,0,80,183
12/01/2011,IXD,KS,ACE,CE,Federal Contract Tower,0,3,19,0,22,0,0,59,2,61,0,3,78,2,83,42,0,42,125
12/02/2011,IXD,KS,ACE,CE,Federal Contract Tower,0,3,28,0,31,0,0,32,0,32,0,3,60,0,63,50,0,50,113
12/03/2011,IXD,KS,ACE,CE,Federal Contract Tower,0,2,9,0,11,0,0,15,0,15,0,2,24,0,26,2,0,2,28
12/04/2011,IXD,KS,ACE,CE,Federal Contract Tower,0,2,6,0,8,0,0,17,0,17,0,2,23,0,25,50,0,50,75
12/05/2011,IXD,KS,ACE,CE,Federal Contract Tower,0,11,31,1,43,0,0,18,0,18,0,11,49,1,61,20,0,20,81
12/06/2011,IXD,KS,ACE,CE,Federal Contract Tower,0,8,14,0,22,0,0,8,0,8,0,8,22,0,30,0,0,0,30
12/07/2011,IXD,KS,ACE,CE,Federal Contract Tower,0,0,32,3,35,0,0,49,0,49,0,0,81,3,84,74,0,74,158
12/08/2011,IXD,KS,ACE,CE,Federal Contract Tower,0,9,25,0,34,0,0,22,0,22,0,9,47,0,56,42,0,42,98
12/09/2011,IXD,KS,ACE,CE,Federal Contract Tower,0,13,21,0,34,0,0,41,0,41,0,13,62,0,75,66,0,66,141
12/10/2011,IXD,KS,ACE,CE,Federal Contract Tower,0,0,13,0,13,0,0,61,0,61,0,0,74,0,74,78,0,78,152
12/11/2011,IXD,KS,ACE,CE,Federal Contract Tower,0,5,14,0,19,0,0,37,0,37,0,5,51,0,56,54,0,54,110
12/12/2011,IXD,KS,ACE,CE,Federal Contract Tower,0,7,21,0,28,0,0,25,0,25,0,7,46,0,53,78,0,78,131
12/13/2011,IXD,KS,ACE,CE,Federal Contract Tower,0,8,30,0,38,0,0,1,0,1,0,8,31,0,39,0,0,0,39
12/14/2011,IXD,KS,ACE,CE,Federal Contract Tower,0,3,32,0,35,0,0,0,0,0,0,3,32,0,35,0,0,0,35
12/15/2011,IXD,KS,ACE,CE,Federal Contract Tower,0,11,26,0,37,0,0,70,3,73,0,11,96,3,110,48,0,48,158
12/16/2011,IXD,KS,ACE,CE,Federal Contract Tower,0,16,17,0,33,0,2,62,0,64,0,18,79,0,97,92,0,92,189
12/17/2011,IXD,KS,ACE,CE,Federal Contract Tower,0,5,22,0,27,0,0,55,0,55,0,5,77,0,82,64,0,64,146
12/18/2011,IXD,KS,ACE,CE,Federal Contract Tower,0,4,15,0,19,0,0,18,0,18,0,4,33,0,37,20,0,20,57
12/19/2011,IXD,KS,ACE,CE,Federal Contract Tower,0,2,34,0,36,0,0,10,0,10,0,2,44,0,46,14,0,14,60
12/20/2011,IXD,KS,ACE,CE,Federal Contract Tower,0,10,22,0,32,0,0,0,0,0,0,10,22,0,32,0,0,0,32
12/21/2011,IXD,KS,ACE,CE,Federal Contract Tower,0,14,16,0,30,0,0,72,0,72,0,14,88,0,102,154,0,154,256
12/22/2011,IXD,KS,ACE,CE,Federal Contract Tower,0,6,11,0,17,0,0,16,0,16,0,6,27,0,33,4,0,4,37
12/23/2011,IXD,KS,ACE,CE,Federal Contract Tower,0,3,14,0,17,0,0,38,0,38,0,3,52,0,55,52,0,52,107
12/24/2011,IXD,KS,ACE,CE,Federal Contract Tower,0,0,7,0,7,0,0,28,0,28,0,0,35,0,35,4,0,4,39
12/25/2011,IXD,KS,ACE,CE,Federal Contract Tower,0,2,4,0,6,0,0,13,0,13,0,2,17,0,19,16,0,16,35
12/26/2011,IXD,KS,ACE,CE,Federal Contract Tower,0,4,20,0,24,0,0,39,0,39,0,4,59,0,63,20,0,20,83
12/27/2011,IXD,KS,ACE,CE,Federal Contract Tower,0,2,15,3,20,0,0,38,2,40,0,2,53,5,60,46,10,56,116
12/28/2011,IXD,KS,ACE,CE,Federal Contract Tower,0,9,9,0,18,0,2,60,0,62,0,11,69,0,80,64,0,64,144
12/29/2011,IXD,KS,ACE,CE,Federal Contract Tower,0,7,11,0,18,0,0,42,0,42,0,7,53,0,60,26,0,26,86
12/30/2011,IXD,KS,ACE,CE,Federal Contract Tower,0,18,8,0,26,0,0,33,0,33,0,18,41,0,59,18,0,18,77
12/31/2011,IXD,KS,ACE,CE,Federal Contract Tower,0,1,11,0,12,0,0,18,0,18,0,1,29,0,30,22,0,22,52
01/01/2012,IXD,KS,ACE,CE,Federal Contract Tower,0,3,5,0,8,0,0,8,0,8,0,3,13,0,16,0,0,0,16
01/02/2012,IXD,KS,ACE,CE,Federal Contract Tower,0,3,9,0,12,0,0,23,0,23,0,3,32,0,35,38,0,38,73
01/03/2012,IXD,KS,ACE,CE,Federal Contract Tower,0,8,15,2,25,0,0,32,0,32,0,8,47,2,57,22,0,22,79
01/04/2012,IXD,KS,ACE,CE,Federal Contract Tower,0,11,20,0,31,0,0,44,0,44,0,11,64,0,75,42,0,42,117
01/05/2012,IXD,KS,ACE,CE,Federal Contract Tower,0,10,27,0,37,0,0,51,0,51,0,10,78,0,88,84,0,84,172
01/06/2012,IXD,KS,ACE,CE,Federal Contract Tower,0,6,38,0,44,0,0,104,0,104,0,6,142,0,148,122,0,122,270
01/07/2012,IXD,KS,ACE,CE,Federal Contract Tower,0,2,26,0,28,0,0,51,0,51,0,2,77,0,79,106,0,106,185
01/08/2012,IXD,KS,ACE,CE,Federal Contract Tower,0,5,8,0,13,0,0,25,1,26,0,5,33,1,39,36,1,37,76
01/09/2012,IXD,KS,ACE,CE,Federal Contract Tower,0,2,21,2,25,0,0,44,8,52,0,2,65,10,77,56,6,62,139
01/10/2012,IXD,KS,ACE,CE,Federal Contract Tower,0,3,28,0,31,0,1,49,14,64,0,4,77,14,95,128,0,128,223
01/11/2012,IXD,KS,ACE,CE,Federal Contract Tower,0,4,34,0,38,0,1,36,2,39,0,5,70,2,77,18,0,18,95
01/12/2012,IXD,KS,ACE,CE,Federal Contract Tower,0,6,19,0,25,0,0,6,0,6,0,6,25,0,31,8,0,8,39
01/13/2012,IXD,KS,ACE,CE,Federal Contract Tower,0,2,23,0,25,0,0,35,0,35,0,2,58,0,60,32,0,32,92
01/14/2012,IXD,KS,ACE,CE,Federal Contract Tower,0,0,13,0,13,0,0,25,0,25,0,0,38,0,38,32,0,32,70
01/15/2012,IXD,KS,ACE,CE,Federal Contract Tower,0,1,5,0,6,0,0,27,0,27,0,1,32,0,33,4,0,4,37
01/16/2012,IXD,KS,ACE,CE,Federal Contract Tower,0,5,13,0,18,0,0,21,0,21,0,5,34,0,39,18,0,18,57
01/17/2012,IXD,KS,ACE,CE,Federal Contract Tower,0,6,11,0,17,0,1,25,0,26,0,7,36,0,43,28,0,28,71
01/18/2012,IXD,KS,ACE,CE,Federal Contract Tower,0,9,12,0,21,0,1,24,0,25,0,10,36,0,46,24,0,24,70
01/19/2012,IXD,KS,ACE,CE,Federal Contract Tower,0,7,23,0,30,0,0,34,0,34,0,7,57,0,64,70,0,70,134
01/20/2012,IXD,KS,ACE,CE,Federal Contract Tower,0,6,13,1,20,0,2,23,4,29,0,8,36,5,49,6,0,6,55
01/21/2012,IXD,KS,ACE,CE,Federal Contract Tower,0,2,6,2,10,0,4,21,2,27,0,6,27,4,37,26,0,26,63
01/22/2012,IXD,KS,ACE,CE,Federal Contract Tower,0,1,9,0,10,0,0,13,0,13,0,1,22,0,23,20,0,20,43
01/23/2012,IXD,KS,ACE,CE,Federal Contract Tower,0,2,21,2,25,0,0,18,2,20,0,2,39,4,45,18,12,30,75
01/24/2012,IXD,KS,ACE,CE,Federal Contract Tower,0,2,14,0,16,0,0,47,0,47,0,2,61,0,63,58,0,58,121
01/25/2012,IXD,KS,ACE,CE,Federal Contract Tower,0,5,15,0,20,0,0,36,2,38,0,5,51,2,58,30,0,30,88
01/26/2012,IXD,KS,ACE,CE,Federal Contract Tower,0,6,26,0,32,0,0,49,0,49,0,6,75,0,81,58,0,58,139
01/27/2012,IXD,KS,ACE,CE,Federal Contract Tower,0,8,17,2,27,0,0,15,1,16,0,8,32,3,43,8,0,8,51
01/28/2012,IXD,KS,ACE,CE,Federal Contract Tower,0,1,6,0,7,0,0,36,0,36,0,1,42,0,43,84,0,84,127
01/29/2012,IXD,KS,ACE,CE,Federal Contract Tower,0,0,9,0,9,0,0,41,0,41,0,0,50,0,50,62,0,62,112
01/30/2012,IXD,KS,ACE,CE,Federal Contract Tower,0,8,17,0,25,0,0,33,1,34,0,8,50,1,59,34,0,34,93
01/31/2012,IXD,KS,ACE,CE,Federal Contract Tower,0,4,21,0,25,0,2,36,0,38,0,6,57,0,63,50,0,50,113
02/01/2012,IXD,KS,ACE,CE,Federal Contract Tower,0,9,28,1,38,0,0,53,0,53,0,9,81,1,91,72,0,72,163
02/02/2012,IXD,KS,ACE,CE,Federal Contract Tower,0,8,38,1,47,0,0,53,11,64,0,8,91,12,111,44,0,44,155
02/03/2012,IXD,KS,ACE,CE,Federal Contract Tower,0,6,13,0,19,0,0,0,0,0,0,6,13,0,19,0,0,0,19
02/04/2012,IXD,KS,ACE,CE,Federal Contract Tower,0,2,2,0,4,0,0,0,0,0,0,2,2,0,4,0,0,0,4
02/05/2012,IXD,KS,ACE,CE,Federal Contract Tower,0,3,22,0,25,0,0,29,0,29,0,3,51,0,54,38,0,38,92
02/06/2012,IXD,KS,ACE,CE,Federal Contract Tower,0,9,31,0,40,0,0,24,0,24,0,9,55,0,64,40,0,40,104
02/07/2012,IXD,KS,ACE,CE,Federal Contract Tower,0,2,13,9,24,0,0,5,1,6,0,2,18,10,30,4,10,14,44
02/08/2012,IXD,KS,ACE,CE,Federal Contract Tower,0,3,27,2,32,0,0,12,0,12,0,3,39,2,44,34,0,34,78
02/09/2012,IXD,KS,ACE,CE,Federal Contract Tower,0,13,26,5,44,0,0,24,4,28,0,13,50,9,72,36,2,38,110
02/10/2012,IXD,KS,ACE,CE,Federal Contract Tower,0,8,36,0,44,0,0,23,0,23,0,8,59,0,67,6,0,6,73
02/11/2012,IXD,KS,ACE,CE,Federal Contract Tower,0,2,18,0,20,0,0,48,0,48,0,2,66,0,68,60,0,60,128
02/12/2012,IXD,KS,ACE,CE,Federal Contract Tower,0,0,13,0,13,0,0,31,0,31,0,0,44,0,44,16,0,16,60
02/13/2012,IXD,KS,ACE,CE,Federal Contract Tower,0,1,12,0,13,0,0,0,0,0,0,1,12,0,13,0,0,0,13
02/14/2012,IXD,KS,ACE,CE,Federal Contract Tower,0,6,18,2,26,0,0,37,2,39,0,6,55,4,65,70,0,70,135
02/15/2012,IXD,KS,ACE,CE,Federal Contract Tower,0,7,17,0,24,0,0,0,0,0,0,7,17,0,24,0,0,0,24
02/16/2012,IXD,KS,ACE,CE,Federal Contract Tower,0,5,21,7,33,0,0,51,23,74,0,5,72,30,107,44,0,44,151
02/17/2012,IXD,KS,ACE,CE,Federal Contract Tower,0,4,29,2,35,0,4,63,4,71,0,8,92,6,106,64,4,68,174
02/18/2012,IXD,KS,ACE,CE,Federal Contract Tower,0,1,18,4,23,0,0,42,0,42,0,1,60,4,65,86,0,86,151
02/19/2012,IXD,KS,ACE,CE,Federal Contract Tower,0,3,19,0,22,0,0,52,2,54,0,3,71,2,76,40,0,40,116
02/20/2012,IXD,KS,ACE,CE,Federal Contract Tower,0,6,16,0,22,0,0,7,0,7,0,6,23,0,29,4,0,4,33
02/21/2012,IXD,KS,ACE,CE,Federal Contract Tower,0,8,19,6,33,0,0,36,2,38,0,8,55,8,71,34,2,36,107
02/22/2012,IXD,KS,ACE,CE,Federal Contract Tower,0,9,17,0,26,0,1,45,4,50,0,10,62,4,76,62,0,62,138
02/23/2012,IXD,KS,ACE,CE,Federal Contract Tower,0,7,15,0,22,0,0,27,0,27,0,7,42,0,49,52,0,52,101
02/24/2012,IXD,KS,ACE,CE,Federal Contract Tower,0,8,16,2,26,0,0,31,0,31,0,8,47,2,57,2,0,2,59
02/25/2012,IXD,KS,ACE,CE,Federal Contract Tower,0,4,12,0,16,0,2,41,0,43,0,6,53,0,59,62,0,62,121
02/26/2012,IXD,KS,ACE,CE,Federal Contract Tower,0,3,8,0,11,0,0,37,0,37,0,3,45,0,48,30,0,30,78
02/27/2012,IXD,KS,ACE,CE,Federal Contract Tower,0,7,17,2,26,0,0,37,0,37,0,7,54,2,63,20,0,20,83
02/28/2012,IXD,KS,ACE,CE,Federal Contract Tower,0,5,16,1,22,0,0,9,0,9,0,5,25,1,31,20,0,20,51
02/29/2012,IXD,KS,ACE,CE,Federal Contract Tower,0,6,15,0,21,0,0,20,0,20,0,6,35,0,41,14,0,14,55
03/01/2012,IXD,KS,ACE,CE,Federal Contract Tower,0,19,17,1,37,0,0,37,3,40,0,19,54,4,77,18,2,20,97
03/02/2012,IXD,KS,ACE,CE,Federal Contract Tower,0,8,21,0,29,0,0,10,1,11,0,8,31,1,40,10,0,10,50
03/03/2012,IXD,KS,ACE,CE,Federal Contract Tower,0,0,18,0,18,0,0,27,1,28,0,0,45,1,46,44,0,44,90
03/04/2012,IXD,KS,ACE,CE,Federal Contract Tower,0,10,17,0,27,0,0,21,4,25,0,10,38,4,52,4,0,4,56
03/05/2012,IXD,KS,ACE,CE,Federal Contract Tower,0,2,13,0,15,0,0,44,6,50,0,2,57,6,65,38,0,38,103
03/06/2012,IXD,KS,ACE,CE,Federal Contract Tower,0,5,17,0,22,0,0,23,0,23,0,5,40,0,45,0,0,0,45
03/07/2012,IXD,KS,ACE,CE,Federal Contract Tower,0,4,34,4,42,0,0,14,0,14,0,4,48,4,56,4,0,4,60
03/08/2012,IXD,KS,ACE,CE,Federal Contract Tower,0,5,11,0,16,0,0,33,0,33,0,5,44,0,49,68,0,68,117
03/09/2012,IXD,KS,ACE,CE,Federal Contract Tower,0,12,20,0,32,0,0,72,3,75,0,12,92,3,107,110,0,110,217
03/10/2012,IXD,KS,ACE,CE,Federal Contract Tower,0,1,14,0,15,0,0,60,0,60,0,1,74,0,75,54,0,54,129
03/11/2012,IXD,KS,ACE,CE,Federal Contract Tower,0,3,14,0,17,0,0,0,0,0,0,3,14,0,17,0,0,0,17
03/12/2012,IXD,KS,ACE,CE,Federal Contract Tower,0,8,12,0,20,0,0,38,0,38,0,8,50,0,58,28,0,28,86
03/13/2012,IXD,KS,ACE,CE,Federal Contract Tower,0,4,29,5,38,0,0,54,0,54,0,4,83,5,92,58,0,58,150
03/14/2012,IXD,KS,ACE,CE,Federal Contract Tower,0,6,32,2,40,0,0,40,2,42,0,6,72,4,82,10,2,12,94
03/15/2012,IXD,KS,ACE,CE,Federal Contract Tower,0,7,9,0,16,0,0,39,0,39,0,7,48,0,55,54,0,54,109
03/16/2012,IXD,KS,ACE,CE,Federal Contract Tower,0,6,30,6,42,0,0,34,12,46,0,6,64,18,88,44,0,44,132
03/17/2012,IXD,KS,ACE,CE,Federal Contract Tower,0,4,12,0,16,0,0,17,0,17,0,4,29,0,33,42,0,42,75
03/18/2012,IXD,KS,ACE,CE,Federal Contract Tower,0,2,15,2,19,0,0,16,0,16,0,2,31,2,35,26,0,26,61
03/19/2012,IXD,KS,ACE,CE,Federal Contract Tower,0,7,12,1,20,0,0,3,0,3,0,7,15,1,23,0,0,0,23
03/20/2012,IXD,KS,ACE,CE,Federal Contract Tower,0,8,28,0,36,0,0,1,0,1,0,8,29,0,37,0,0,0,37
03/21/2012,IXD,KS,ACE,CE,Federal Contract Tower,0,4,30,2,36,0,0,8,0,8,0,4,38,2,44,2,0,2,46
03/22/2012,IXD,KS,ACE,CE,Federal Contract Tower,4,9,29,0,42,0,0,7,0,7,4,9,36,0,49,26,0,26,75
03/23/2012,IXD,KS,ACE,CE,Federal Contract Tower,0,7,25,2,34,0,0,20,0,20,0,7,45,2,54,68,0,68,122
03/24/2012,IXD,KS,ACE,CE,Federal Contract Tower,0,3,15,0,18,0,0,59,0,59,0,3,74,0,77,126,0,126,203
03/25/2012,IXD,KS,ACE,CE,Federal Contract Tower,0,2,18,0,20,0,0,65,0,65,0,2,83,0,85,128,0,128,213
03/26/2012,IXD,KS,ACE,CE,Federal Contract Tower,0,9,28,0,37,0,0,64,16,80,0,9,92,16,117,76,0,76,193
03/27/2012,IXD,KS,ACE,CE,Federal Contract Tower,0,2,18,0,20,0,0,26,0,26,0,2,44,0,46,64,0,64,110
03/28/2012,IXD,KS,ACE,CE,Federal Contract Tower,0,4,22,0,26,0,0,42,14,56,0,4,64,14,82,138,0,138,220
03/29/2012,IXD,KS,ACE,CE,Federal Contract Tower,0,6,16,0,22,0,0,29,0,29,0,6,45,0,51,62,0,62,113
03/30/2012,IXD,KS,ACE,CE,Federal Contract Tower,0,7,25,0,32,0,0,60,0,60,0,7,85,0,92,60,0,60,152
03/31/2012,IXD,KS,ACE,CE,Federal Contract Tower,0,3,13,0,16,0,0,68,0,68,0,3,81,0,84,62,0,62,146
04/01/2012,IXD,KS,ACE,CE,Federal Contract Tower,0,3,12,0,15,0,0,22,0,22,0,3,34,0,37,40,0,40,77
04/02/2012,IXD,KS,ACE,CE,Federal Contract Tower,0,7,29,4,40,0,0,32,0,32,0,7,61,4,72,4,0,4,76
04/03/2012,IXD,KS,ACE,CE,Federal Contract Tower,0,10,22,0,32,0,0,21,0,21,0,10,43,0,53,40,0,40,93
04/04/2012,IXD,KS,ACE,CE,Federal Contract Tower,0,3,15,0,18,0,0,20,0,20,0,3,35,0,38,54,0,54,92
04/05/2012,IXD,KS,ACE,CE,Federal Contract Tower,0,10,22,0,32,0,0,27,0,27,0,10,49,0,59,20,0,20,79
04/06/2012,IXD,KS,ACE,CE,Federal Contract Tower,0,3,28,0,31,0,0,69,2,71,0,3,97,2,102,126,0,126,228
04/07/2012,IXD,KS,ACE,CE,Federal Contract Tower,0,0,10,0,10,0,0,23,0,23,0,0,33,0,33,42,0,42,75
04/08/2012,IXD,KS,ACE,CE,Federal Contract Tower,0,4,10,0,14,0,0,26,3,29,0,4,36,3,43,52,0,52,95
04/09/2012,IXD,KS,ACE,CE,Federal Contract Tower,0,2,14,0,16,0,0,36,6,42,0,2,50,6,58,60,2,62,120
04/10/2012,IXD,KS,ACE,CE,Federal Contract Tower,0,3,25,0,28,0,0,67,0,67,0,3,92,0,95,132,0,132,227
04/11/2012,IXD,KS,ACE,CE,Federal Contract Tower,0,6,27,0,33,0,0,54,4,58,0,6,81,4,91,116,0,116,207
04/12/2012,IXD,KS,ACE,CE,Federal Contract Tower,0,10,17,2,29,0,0,11,0,11,0,10,28,2,40,26,0,26,66
04/13/2012,IXD,KS,ACE,CE,Federal Contract Tower,0,2,21,0,23,0,2,22,0,24,0,4,43,0,47,60,0,60,107
04/14/2012,IXD,KS,ACE,CE,Federal Contract Tower,0,2,1,0,3,0,0,34,0,34,0,2,35,0,37,42,0,42,79
04/15/2012,IXD,KS,ACE,CE,Federal Contract Tower,0,9,5,0,14,0,0,9,1,10,0,9,14,1,24,4,0,4,28
04/16/2012,IXD,KS,ACE,CE,Federal Contract Tower,0,9,21,8,38,0,1,28,2,31,0,10,49,10,69,40,4,44,113
04/17/2012,IXD,KS,ACE,CE,Federal Contract Tower,0,10,33,0,43,0,1,71,0,72,0,11,104,0,115,78,0,78,193
04/18/2012,IXD,KS,ACE,CE,Federal Contract Tower,0,9,21,2,32,0,0,73,0,73,0,9,94,2,105,140,0,140,245
04/19/2012,IXD,KS,ACE,CE,Federal Contract Tower,0,5,25,2,32,0,2,29,21,52,0,7,54,23,84,56,0,56,140
04/20/2012,IXD,KS,ACE,CE,Federal Contract Tower,0,6,20,3,29,0,0,51,0,51,0,6,71,3,80,74,0,74,154
04/21/2012,IXD,KS,ACE,CE,Federal Contract Tower,0,0,23,0,23,0,0,74,0,74,0,0,97,0,97,210,0,210,307
04/22/2012,IXD,KS,ACE,CE,Federal Contract Tower,0,10,0,19,29,0,0,31,0,31,0,10,31,19,60,30,0,30,90
04/23/2012,IXD,KS,ACE,CE,Federal Contract Tower,0,5,27,1,33,0,0,48,1,49,0,5,75,2,82,110,0,110,192
04/24/2012,IXD,KS,ACE,CE,Federal Contract Tower,0,2,31,0,33,0,0,57,2,59,0,2,88,2,92,36,0,36,128
04/25/2012,IXD,KS,ACE,CE,Federal Contract Tower,0,6,33,0,39,0,0,76,3,79,0,6,109,3,118,74,0,74,192
04/26/2012,IXD,KS,ACE,CE,Federal Contract Tower,0,2,33,0,35,0,0,52,5,57,0,2,85,5,92,46,0,46,138
04/27/2012,IXD,KS,ACE,CE,Federal Contract Tower,0,4,14,0,18,0,0,17,14,31,0,4,31,14,49,0,0,0,49
04/28/2012,IXD,KS,ACE,CE,Federal Contract Tower,0,3,10,0,13,0,0,132,0,132,0,3,142,0,145,118,0,118,263
04/29/2012,IXD,KS,ACE,CE,Federal Contract Tower,0,6,24,1,31,0,0,5,1,6,0,6,29,2,37,4,0,4,41
04/30/2012,IXD,KS,ACE,CE,Federal Contract Tower,0,11,35,1,47,0,0,6,0,6,0,11,41,1,53,34,0,34,87
05/01/2012,IXD,KS,ACE,CE,Federal Contract Tower,0,2,15,0,17,0,2,49,0,51,0,4,64,0,68,56,0,56,124
05/02/2012,IXD,KS,ACE,CE,Federal Contract Tower,0,5,31,0,36,0,0,49,0,49,0,5,80,0,85,50,0,50,135
05/03/2012,IXD,KS,ACE,CE,Federal Contract Tower,0,15,33,7,55,0,0,64,0,64,0,15,97,7,119,72,0,72,191
05/04/2012,IXD,KS,ACE,CE,Federal Contract Tower,0,0,29,1,30,0,0,37,0,37,0,0,66,1,67,64,2,66,133
05/05/2012,IXD,KS,ACE,CE,Federal Contract Tower,0,2,18,0,20,0,0,47,0,47,0,2,65,0,67,110,0,110,177
05/06/2012,IXD,KS,ACE,CE,Federal Contract Tower,0,1,29,1,31,0,0,12,0,12,0,1,41,1,43,44,0,44,87
05/07/2012,IXD,KS,ACE,CE,Federal Contract Tower,0,5,23,0,28,0,0,35,0,35,0,5,58,0,63,90,0,90,153
05/08/2012,IXD,KS,ACE,CE,Federal Contract Tower,0,4,22,12,38,0,0,42,2,44,0,4,64,14,82,56,0,56,138
05/09/2012,IXD,KS,ACE,CE,Federal Contract Tower,0,5,30,0,35,0,0,52,2,54,0,5,82,2,89,28,0,28,117
05/10/2012,IXD,KS,ACE,CE,Federal Contract Tower,0,9,30,1,40,0,0,68,3,71,0,9,98,4,111,116,0,116,227
05/11/2012,IXD,KS,ACE,CE,Federal Contract Tower,0,5,15,1,21,0,0,43,0,43,0,5,58,1,64,106,0,106,170
05/12/2012,IXD,KS,ACE,CE,Federal Contract Tower,0,0,24,0,24,0,0,64,0,64,0,0,88,0,88,114,0,114,202
05/13/2012,IXD,KS,ACE,CE,Federal Contract Tower,0,3,13,0,16,0,0,21,0,21,0,3,34,0,37,30,0,30,67
05/14/2012,IXD,KS,ACE,CE,Federal Contract Tower,0,9,18,0,27,0,0,60,1,61,0,9,78,1,88,78,0,78,166
05/15/2012,IXD,KS,ACE,CE,Federal Contract Tower,0,8,14,0,22,0,0,58,1,59,0,8,72,1,81,42,0,42,123
05/16/2012,IXD,KS,ACE,CE,Federal Contract Tower,0,1,20,0,21,0,0,54,1,55,0,1,74,1,76,30,0,30,106
05/17/2012,IXD,KS,ACE,CE,Federal Contract Tower,0,3,24,0,27,0,0,65,0,65,0,3,89,0,92,122,0,122,214
05/18/2012,IXD,KS,ACE,CE,Federal Contract Tower,0,12,17,0,29,0,0,50,0,50,0,12,67,0,79,46,0,46,125
05/19/2012,IXD,KS,ACE,CE,Federal Contract Tower,0,3,10,0,13,0,0,23,0,23,0,3,33,0,36,38,0,38,74
05/20/2012,IXD,KS,ACE,CE,Federal Contract Tower,0,3,22,0,25,0,0,25,0,25,0,3,47,0,50,60,0,60,110
05/21/2012,IXD,KS,ACE,CE,Federal Contract Tower,0,2,9,0,11,0,0,54,2,56,0,2,63,2,67,36,0,36,103
05/22/2012,IXD,KS,ACE,CE,Federal Contract Tower,0,2,21,0,23,0,0,45,0,45,0,2,66,0,68,48,0,48,116
05/23/2012,IXD,KS,ACE,CE,Federal Contract Tower,0,2,18,0,20,0,0,28,0,28,0,2,46,0,48,10,0,10,58
05/24/2012,IXD,KS,ACE,CE,Federal Contract Tower,0,4,16,0,20,0,0,47,2,49,0,4,63,2,69,76,0,76,145
05/25/2012,IXD,KS,ACE,CE,Federal Contract Tower,0,9,19,0,28,0,0,26,0,26,0,9,45,0,54,66,0,66,120
05/26/2012,IXD,KS,ACE,CE,Federal Contract Tower,0,3,15,0,18,0,0,38,0,38,0,3,53,0,56,176,0,176,232
05/27/2012,IXD,KS,ACE,CE,Federal Contract Tower,0,0,6,0,6,0,0,24,0,24,0,0,30,0,30,28,0,28,58
05/28/2012,IXD,KS,ACE,CE,Federal Contract Tower,0,4,15,0,19,0,0,45,0,45,0,4,60,0,64,92,0,92,156
05/29/2012,IXD,KS,ACE,CE,Federal Contract Tower,0,14,19,0,33,0,0,57,0,57,0,14,76,0,90,112,0,112,202
05/30/2012,IXD,KS,ACE,CE,Federal Contract Tower,0,17,28,0,45,0,0,65,0,65,0,17,93,0,110,104,0,104,214
05/31/2012,IXD,KS,ACE,CE,Federal Contract Tower,0,5,28,0,33,0,0,27,0,27,0,5,55,0,60,56,0,56,116
06/01/2012,IXD,KS,ACE,CE,Federal Contract Tower,0,11,22,1,34,0,0,50,4,54,0,11,72,5,88,90,0,90,178
06/02/2012,IXD,KS,ACE,CE,Federal Contract Tower,0,3,3,0,6,0,0,40,0,40,0,3,43,0,46,114,0,114,160
06/03/2012,IXD,KS,ACE,CE,Federal Contract Tower,0,3,20,0,23,0,0,26,0,26,0,3,46,0,49,116,0,116,165
06/04/2012,IXD,KS,ACE,CE,Federal Contract Tower,0,6,14,2,22,0,0,30,5,35,0,6,44,7,57,18,8,26,83
06/05/2012,IXD,KS,ACE,CE,Federal Contract Tower,0,5,24,1,30,0,0,47,0,47,0,5,71,1,77,50,0,50,127
06/06/2012,IXD,KS,ACE,CE,Federal Contract Tower,0,8,12,0,20,0,0,46,5,51,0,8,58,5,71,106,0,106,177
06/07/2012,IXD,KS,ACE,CE,Federal Contract Tower,0,8,19,0,27,0,0,68,2,70,0,8,87,2,97,70,0,70,167
06/08/2012,IXD,KS,ACE,CE,Federal Contract Tower,0,3,12,3,18,0,0,33,5,38,0,3,45,8,56,28,0,28,84
06/09/2012,IXD,KS,ACE,CE,Federal Contract Tower,0,2,9,0,11,0,0,43,0,43,0,2,52,0,54,110,0,110,164
06/10/2012,IXD,KS,ACE,CE,Federal Contract Tower,0,6,7,1,14,0,0,11,0,11,0,6,18,1,25,18,0,18,43
06/11/2012,IXD,KS,ACE,CE,Federal Contract Tower,0,5,15,0,20,0,0,34,2,36,0,5,49,2,56,78,0,78,134
06/12/2012,IXD,KS,ACE,CE,Federal Contract Tower,0,3,23,0,26,0,0,60,0,60,0,3,83,0,86,84,0,84,170
06/13/2012,IXD,KS,ACE,CE,Federal Contract Tower,0,4,28,0,32,0,0,61,2,63,0,4,89,2,95,70,2,72,167
06/14/2012,IXD,KS,ACE,CE,Federal Contract Tower,0,5,18,0,23,0,0,37,7,44,0,5,55,7,67,86,0,86,153
06/15/2012,IXD,KS,ACE,CE,Federal Contract Tower,0,12,26,1,39,0,0,47,4,51,0,12,73,5,90,94,0,94,184
06/16/2012,IXD,KS,ACE,CE,Federal Contract Tower,0,1,14,0,15,0,0,34,0,34,0,1,48,0,49,72,0,72,121
06/17/2012,IXD,KS,ACE,CE,Federal Contract Tower,0,6,25,1,32,0,0,33,2,35,0,6,58,3,67,42,0,42,109
06/18/2012,IXD,KS,ACE,CE,Federal Contract Tower,0,7,23,0,30,0,0,39,4,43,0,7,62,4,73,14,0,14,87
06/19/2012,IXD,KS,ACE,CE,Federal Contract Tower,0,3,15,2,20,0,0,37,0,37,0,3,52,2,57,22,0,22,79
06/20/2012,IXD,KS,ACE,CE,Federal Contract Tower,0,8,18,0,26,0,0,28,4,32,0,8,46,4,58,30,0,30,88
06/21/2012,IXD,KS,ACE,CE,Federal Contract Tower,0,7,29,1,37,0,0,48,2,50,0,7,77,3,87,118,0,118,205
06/22/2012,IXD,KS,ACE,CE,Federal Contract Tower,0,0,30,2,32,0,0,64,2,66,0,0,94,4,98,150,0,150,248
06/23/2012,IXD,KS,ACE,CE,Federal Contract Tower,0,5,6,0,11,0,0,47,0,47,0,5,53,0,58,60,0,60,118
06/24/2012,IXD,KS,ACE,CE,Federal Contract Tower,0,3,14,2,19,0,0,39,3,42,0,3,53,5,61,50,0,50,111
06/25/2012,IXD,KS,ACE,CE,Federal Contract Tower,0,3,37,0,40,0,0,46,0,46,0,3,83,0,86,88,0,88,174
06/26/2012,IXD,KS,ACE,CE,Federal Contract Tower,0,12,20,0,32,0,0,56,1,57,0,12,76,1,89,126,0,126,215
06/27/2012,IXD,KS,ACE,CE,Federal Contract Tower,0,1,16,0,17,0,0,37,3,40,0,1,53,3,57,98,0,98,155
06/28/2012,IXD,KS,ACE,CE,Federal Contract Tower,0,10,19,1,30,0,0,30,4,34,0,10,49,5,64,72,0,72,136
06/29/2012,IXD,KS,ACE,CE,Federal Contract Tower,0,7,13,2,22,0,0,43,2,45,0,7,56,4,67,68,0,68,135
06/30/2012,IXD,KS,ACE,CE,Federal Contract Tower,0,6,17,0,23,0,0,43,0,43,0,6,60,0,66,58,0,58,124
07/01/2012,IXD,KS,ACE,CE,Federal Contract Tower,0,3,11,0,14,0,0,15,0,15,0,3,26,0,29,36,0,36,65
07/02/2012,IXD,KS,ACE,CE,Federal Contract Tower,0,3,21,0,24,0,0,32,0,32,0,3,53,0,56,58,0,58,114
07/03/2012,IXD,KS,ACE,CE,Federal Contract Tower,0,1,14,0,15,0,0,28,0,28,0,1,42,0,43,76,0,76,119
07/04/2012,IXD,KS,ACE,CE,Federal Contract Tower,0,0,7,0,7,0,0,42,0,42,0,0,49,0,49,38,0,38,87
07/05/2012,IXD,KS,ACE,CE,Federal Contract Tower,0,2,9,0,11,0,0,48,0,48,0,2,57,0,59,50,0,50,109
07/06/2012,IXD,KS,ACE,CE,Federal Contract Tower,0,4,6,2,12,0,0,52,0,52,0,4,58,2,64,44,0,44,108
07/07/2012,IXD,KS,ACE,CE,Federal Contract Tower,0,2,10,0,12,0,0,36,0,36,0,2,46,0,48,72,0,72,120
07/08/2012,IXD,KS,ACE,CE,Federal Contract Tower,0,4,16,2,22,0,0,18,0,18,0,4,34,2,40,38,0,38,78
07/09/2012,IXD,KS,ACE,CE,Federal Contract Tower,0,7,21,0,28,0,0,32,4,36,0,7,53,4,64,62,4,66,130
07/10/2012,IXD,KS,ACE,CE,Federal Contract Tower,0,4,19,1,24,0,0,72,3,75,0,4,91,4,99,137,0,137,236
07/11/2012,IXD,KS,ACE,CE,Federal Contract Tower,0,2,22,2,26,0,0,52,0,52,0,2,74,2,78,38,0,38,116
07/12/2012,IXD,KS,ACE,CE,Federal Contract Tower,0,7,18,0,25,0,0,73,2,75,0,7,91,2,100,102,0,102,202
07/13/2012,IXD,KS,ACE,CE,Federal Contract Tower,0,3,34,2,39,0,0,66,18,84,0,3,100,20,123,106,0,106,229
07/14/2012,IXD,KS,ACE,CE,Federal Contract Tower,0,3,3,0,6,0,0,179,0,179,0,3,182,0,185,158,0,158,343
07/15/2012,IXD,KS,ACE,CE,Federal Contract Tower,0,2,13,1,16,0,0,160,3,163,0,2,173,4,179,174,0,174,353
07/16/2012,IXD,KS,ACE,CE,Federal Contract Tower,0,4,16,1,21,0,0,41,5,46,0,4,57,6,67,64,6,70,137
07/17/2012,IXD,KS,ACE,CE,Federal Contract Tower,0,7,19,0,26,0,0,56,4,60,0,7,75,4,86,60,0,60,146
07/18/2012,IXD,KS,ACE,CE,Federal Contract Tower,0,5,22,2,29,0,0,44,7,51,0,5,66,9,80,92,0,92,172
07/19/2012,IXD,KS,ACE,CE,Federal Contract Tower,0,5,21,2,28,0,3,79,6,88,0,8,100,8,116,162,0,162,278
07/20/2012,IXD,KS,ACE,CE,Federal Contract Tower,0,5,26,7,38,0,0,63,13,76,0,5,89,20,114,98,0,98,212
07/21/2012,IXD,KS,ACE,CE,Federal Contract Tower,0,0,15,1,16,0,0,68,3,71,0,0,83,4,87,88,0,88,175
07/22/2012,IXD,KS,ACE,CE,Federal Contract Tower,0,0,9,1,10,0,0,40,1,41,0,0,49,2,51,36,0,36,87
07/23/2012,IXD,KS,ACE,CE,Federal Contract Tower,0,3,43,0,46,0,0,32,4,36,0,3,75,4,82,66,0,66,148
07/24/2012,IXD,KS,ACE,CE,Federal Contract Tower,0,6,26,4,36,0,0,32,4,36,0,6,58,8,72,78,6,84,156
07/25/2012,IXD,KS,ACE,CE,Federal Contract Tower,0,5,21,2,28,0,0,38,1,39,0,5,59,3,67,66,0,66,133
07/26/2012,IXD,KS,ACE,CE,Federal Contract Tower,0,5,32,0,37,0,0,44,10,54,0,5,76,10,91,176,0,176,267
07/27/2012,IXD,KS,ACE,CE,Federal Contract Tower,0,4,17,0,21,0,0,25,3,28,0,4,42,3,49,58,0,58,107
07/28/2012,IXD,KS,ACE,CE,Federal Contract Tower,0,3,6,0,9,0,0,58,0,58,0,3,64,0,67,46,0,46,113
07/29/2012,IXD,KS,ACE,CE,Federal Contract Tower,0,7,18,0,25,0,0,45,0,45,0,7,63,0,70,26,0,26,96
07/30/2012,IXD,KS,ACE,CE,Federal Contract Tower,0,8,42,0,50,0,0,42,3,45,0,8,84,3,95,70,0,70,165
07/31/2012,IXD,KS,ACE,CE,Federal Contract Tower,0,5,11,0,16,0,0,42,4,46,0,5,53,4,62,14,0,14,76
08/01/2012,IXD,KS,ACE,CE,Federal Contract Tower,0,6,17,0,23,0,0,30,0,30,0,6,47,0,53,4,0,4,57
08/02/2012,IXD,KS,ACE,CE,Federal Contract Tower,0,2,19,0,21,0,0,13,2,15,0,2,32,2,36,56,0,56,92
08/03/2012,IXD,KS,ACE,CE,Federal Contract Tower,0,3,34,3,40,0,0,36,9,45,0,3,70,12,85,32,10,42,127
08/04/2012,IXD,KS,ACE,CE,Federal Contract Tower,0,2,11,1,14,0,0,59,1,60,0,2,70,2,74,66,0,66,140
08/05/2012,IXD,KS,ACE,CE,Federal Contract Tower,0,12,15,0,27,0,0,49,8,57,0,12,64,8,84,118,0,118,202
08/06/2012,IXD,KS,ACE,CE,Federal Contract Tower,0,6,10,0,16,0,0,32,5,37,0,6,42,5,53,26,0,26,79
08/07/2012,IXD,KS,ACE,CE,Federal Contract Tower,0,2,11,3,16,0,0,32,3,35,0,2,43,6,51,36,0,36,87
08/08/2012,IXD,KS,ACE,CE,Federal Contract Tower,0,1,12,0,13,0,0,39,3,42,0,1,51,3,55,46,0,46,101
08/09/2012,IXD,KS,ACE,CE,Federal Contract Tower,0,11,19,2,32,0,0,45,10,55,0,11,64,12,87,8,0,8,95
08/10/2012,IXD,KS,ACE,CE,Federal Contract Tower,0,6,18,1,25,0,0,57,6,63,0,6,75,7,88,58,2,60,148
08/11/2012,IXD,KS,ACE,CE,Federal Contract Tower,0,0,16,0,16,0,0,76,2,78,0,0,92,2,94,124,0,124,218
08/12/2012,IXD,KS,ACE,CE,Federal Contract Tower,0,14,20,1,35,0,0,29,0,29,0,14,49,1,64,68,0,68,132
08/13/2012,IXD,KS,ACE,CE,Federal Contract Tower,0,3,19,0,22,0,0,13,0,13,0,3,32,0,35,34,0,34,69
08/14/2012,IXD,KS,ACE,CE,Federal Contract Tower,0,2,15,0,17,0,0,28,0,28,0,2,43,0,45,40,0,40,85
08/15/2012,IXD,KS,ACE,CE,Federal Contract Tower,0,6,16,0,22,0,0,34,0,34,0,6,50,0,56,66,0,66,122
08/16/2012,IXD,KS,ACE,CE,Federal Contract Tower,0,2,21,0,23,0,0,34,1,35,0,2,55,1,58,34,0,34,92
08/17/2012,IXD,KS,ACE,CE,Federal Contract Tower,0,5,28,3,36,0,0,153,2,155,0,5,181,5,191,26,0,26,217
08/18/2012,IXD,KS,ACE,CE,Federal Contract Tower,0,1,8,0,9,0,0,159,1,160,0,1,167,1,169,8,0,8,177
08/19/2012,IXD,KS,ACE,CE,Federal Contract Tower,0,4,22,1,27,0,0,137,0,137,0,4,159,1,164,62,0,62,226
08/20/2012,IXD,KS,ACE,CE,Federal Contract Tower,0,12,10,1,23,0,0,45,0,45,0,12,55,1,68,58,0,58,126
08/21/2012,IXD,KS,ACE,CE,Federal Contract Tower,0,9,13,2,24,0,0,42,4,46,0,9,55,6,70,46,0,46,116
08/22/2012,IXD,KS,ACE,CE,Federal Contract Tower,0,0,21,2,23,0,0,40,5,45,0,0,61,7,68,42,12,54,122
08/23/2012,IXD,KS,ACE,CE,Federal Contract Tower,0,7,31,2,40,0,0,41,0,41,0,7,72,2,81,124,0,124,205
08/24/2012,IXD,KS,ACE,CE,Federal Contract Tower,0,3,21,1,25,0,0,42,6,48,0,3,63,7,73,50,0,50,123
08/25/2012,IXD,KS,ACE,CE,Federal Contract Tower,0,3,14,0,17,0,0,11,1,12,0,3,25,1,29,38,0,38,67
08/26/2012,IXD,KS,ACE,CE,Federal Contract Tower,0,2,34,1,37,0,0,19,0,19,0,2,53,1,56,16,0,16,72
08/27/2012,IXD,KS,ACE,CE,Federal Contract Tower,0,4,34,0,38,0,0,46,4,50,0,4,80,4,88,126,0,126,214
08/28/2012,IXD,KS,ACE,CE,Federal Contract Tower,0,6,27,0,33,0,0,50,13,63,0,6,77,13,96,84,0,84,180
08/29/2012,IXD,KS,ACE,CE,Federal Contract Tower,0,2,39,1,42,0,2,39,2,43,0,4,78,3,85,88,0,88,173
08/30/2012,IXD,KS,ACE,CE,Federal Contract Tower,0,4,29,1,34,0,0,50,8,58,0,4,79,9,92,142,6,148,240
08/31/2012,IXD,KS,ACE,CE,Federal Contract Tower,0,6,21,2,29,0,1,10,0,11,0,7,31,2,40,26,0,26,66
09/01/2012,IXD,KS,ACE,CE,Federal Contract Tower,0,2,5,0,7,0,0,11,0,11,0,2,16,0,18,10,0,10,28
09/02/2012,IXD,KS,ACE,CE,Federal Contract Tower,0,0,7,0,7,0,0,40,4,44,0,0,47,4,51,68,0,68,119
09/03/2012,IXD,KS,ACE,CE,Federal Contract Tower,0,0,15,0,15,0,0,33,0,33,0,0,48,0,48,46,0,46,94
09/04/2012,IXD,KS,ACE,CE,Federal Contract Tower,0,7,17,0,24,0,0,29,0,29,0,7,46,0,53,50,0,50,103
09/05/2012,IXD,KS,ACE,CE,Federal Contract Tower,0,4,28,0,32,0,0,47,1,48,0,4,75,1,80,48,0,48,128
09/06/2012,IXD,KS,ACE,CE,Federal Contract Tower,0,13,24,0,37,0,0,58,7,65,0,13,82,7,102,118,0,118,220
09/07/2012,IXD,KS,ACE,CE,Federal Contract Tower,0,7,19,2,28,0,0,16,3,19,0,7,35,5,47,68,0,68,115
09/08/2012,IXD,KS,ACE,CE,Federal Contract Tower,0,5,20,0,25,0,0,68,4,72,0,5,88,4,97,48,0,48,145
09/09/2012,IXD,KS,ACE,CE,Federal Contract Tower,0,4,26,2,32,0,1,51,2,54,0,5,77,4,86,100,0,100,186
09/10/2012,IXD,KS,ACE,CE,Federal Contract Tower,0,7,17,2,26,0,1,29,0,30,0,8,46,2,56,32,0,32,88
09/11/2012,IXD,KS,ACE,CE,Federal Contract Tower,0,2,25,3,30,0,0,40,1,41,0,2,65,4,71,44,0,44,115
09/12/2012,IXD,KS,ACE,CE,Federal Contract Tower,0,9,21,0,30,0,0,29,2,31,0,9,50,2,61,28,0,28,89
09/13/2012,IXD,KS,ACE,CE,Federal Contract Tower,0,7,27,2,36,0,0,0,0,0,0,7,27,2,36,18,0,18,54
09/14/2012,IXD,KS,ACE,CE,Federal Contract Tower,0,8,35,2,45,0,0,51,0,51,0,8,86,2,96,78,0,78,174
09/15/2012,IXD,KS,ACE,CE,Federal Contract Tower,0,1,7,0,8,0,0,38,0,38,0,1,45,0,46,112,0,112,158
09/16/2012,IXD,KS,ACE,CE,Federal Contract Tower,0,2,26,0,28,0,0,29,2,31,0,2,55,2,59,38,0,38,97
09/17/2012,IXD,KS,ACE,CE,Federal Contract Tower,0,12,39,2,53,0,0,29,0,29,0,12,68,2,82,30,0,30,112
09/18/2012,IXD,KS,ACE,CE,Federal Contract Tower,0,5,17,2,24,0,0,63,2,65,0,5,80,4,89,56,0,56,145
09/19/2012,IXD,KS,ACE,CE,Federal Contract Tower,0,3,21,2,26,0,0,47,4,51,0,3,68,6,77,39,0,39,116
09/20/2012,IXD,KS,ACE,CE,Federal Contract Tower,0,12,29,0,41,0,0,49,0,49,0,12,78,0,90,126,0,126,216
09/21/2012,IXD,KS,ACE,CE,Federal Contract Tower,0,5,23,0,28,0,0,48,4,52,0,5,71,4,80,72,0,72,152
09/22/2012,IXD,KS,ACE,CE,Federal Contract Tower,0,4,9,0,13,0,0,49,0,49,0,4,58,0,62,96,0,96,158
09/23/2012,IXD,KS,ACE,CE,Federal Contract Tower,0,7,22,0,29,0,0,47,2,49,0,7,69,2,78,54,0,54,132
09/24/2012,IXD,KS,ACE,CE,Federal Contract Tower,0,7,20,0,27,0,0,40,1,41,0,7,60,1,68,54,0,54,122
09/25/2012,IXD,KS,ACE,CE,Federal Contract Tower,0,12,28,0,40,0,0,29,0,29,0,12,57,0,69,94,0,94,163
09/26/2012,IXD,KS,ACE,CE,Federal Contract Tower,0,8,27,0,35,0,0,45,3,48,0,8,72,3,83,30,0,30,113
09/27/2012,IXD,KS,ACE,CE,Federal Contract Tower,0,5,40,0,45,0,0,13,4,17,0,5,53,4,62,22,0,22,84
09/28/2012,IXD,KS,ACE,CE,Federal Contract Tower,0,5,46,2,53,0,0,31,2,33,0,5,77,4,86,56,4,60,146
09/29/2012,IXD,KS,ACE,CE,Federal Contract Tower,0,2,14,0,16,0,0,73,0,73,0,2,87,0,89,90,0,90,179
09/30/2012,IXD,KS,ACE,CE,Federal Contract Tower,0,6,22,0,28,0,0,31,0,31,0,6,53,0,59,38,0,38,97
10/01/2012,IXD,KS,ACE,CE,Federal Contract Tower,0,5,17,0,22,0,0,33,0,33,0,5,50,0,55,28,0,28,83
10/02/2012,IXD,KS,ACE,CE,Federal Contract Tower,0,3,16,0,19,0,0,39,3,42,0,3,55,3,61,28,0,28,89
10/03/2012,IXD,KS,ACE,CE,Federal Contract Tower,0,10,26,0,36,0,0,39,0,39,0,10,65,0,75,60,0,60,135
10/04/2012,IXD,KS,ACE,CE,Federal Contract Tower,0,13,49,2,64,0,0,38,2,40,0,13,87,4,104,84,6,90,194
10/05/2012,IXD,KS,ACE,CE,Federal Contract Tower,0,6,25,0,31,0,0,108,0,108,0,6,133,0,139,90,0,90,229
10/06/2012,IXD,KS,ACE,CE,Federal Contract Tower,0,3,17,0,20,0,0,134,0,134,0,3,151,0,154,118,0,118,272
10/07/2012,IXD,KS,ACE,CE,Federal Contract Tower,0,3,24,0,27,0,2,88,0,90,0,5,112,0,117,42,0,42,159
10/08/2012,IXD,KS,ACE,CE,Federal Contract Tower,0,6,11,0,17,0,0,28,0,28,0,6,39,0,45,32,0,32,77
10/09/2012,IXD,KS,ACE,CE,Federal Contract Tower,0,5,28,0,33,0,0,18,2,20,0,5,46,2,53,18,2,20,73
10/10/2012,IXD,KS,ACE,CE,Federal Contract Tower,0,1,22,2,25,0,0,52,3,55,0,1,74,5,80,70,2,72,152
10/11/2012,IXD,KS,ACE,CE,Federal Contract Tower,0,3,30,4,37,0,2,59,5,66,0,5,89,9,103,90,4,94,197
10/12/2012,IXD,KS,ACE,CE,Federal Contract Tower,0,9,42,1,52,0,0,42,2,44,0,9,84,3,96,60,0,60,156
10/13/2012,IXD,KS,ACE,CE,Federal Contract Tower,0,3,35,0,38,0,0,15,0,15,0,3,50,0,53,0,0,0,53
10/14/2012,IXD,KS,ACE,CE,Federal Contract Tower,0,6,35,1,42,0,0,69,1,70,0,6,104,2,112,48,0,48,160
10/15/2012,IXD,KS,ACE,CE,Federal Contract Tower,0,0,36,4,40,0,0,62,3,65,0,0,98,7,105,154,0,154,259
10/16/2012,IXD,KS,ACE,CE,Federal Contract Tower,0,4,19,0,23,0,0,40,2,42,0,4,59,2,65,122,0,122,187
10/17/2012,IXD,KS,ACE,CE,Federal Contract Tower,0,7,21,0,28,0,0,33,2,35,0,7,54,2,63,48,0,48,111
10/18/2012,IXD,KS,ACE,CE,Federal Contract Tower,0,2,32,0,34,0,0,13,1,14,0,2,45,1,48,2,0,2,50
10/19/2012,IXD,KS,ACE,CE,Federal Contract Tower,0,8,39,3,50,0,0,31,6,37,0,8,70,9,87,70,0,70,157
10/20/2012,IXD,KS,ACE,CE,Federal Contract Tower,0,1,22,1,24,0,0,91,0,91,0,1,113,1,115,92,0,92,207
10/21/2012,IXD,KS,ACE,CE,Federal Contract Tower,0,7,23,2,32,0,0,30,0,30,0,7,53,2,62,64,0,64,126
10/22/2012,IXD,KS,ACE,CE,Federal Contract Tower,0,5,35,3,43,0,0,23,2,25,0,5,58,5,68,66,0,66,134
10/23/2012,IXD,KS,ACE,CE,Federal Contract Tower,0,7,20,0,27,0,0,29,1,30,0,7,49,1,57,72,0,72,129
10/24/2012,IXD,KS,ACE,CE,Federal Contract Tower,0,7,18,0,25,0,0,46,2,48,0,7,64,2,73,62,0,62,135
10/25/2012,IXD,KS,ACE,CE,Federal Contract Tower,0,10,31,0,41,0,0,5,0,5,0,10,36,0,46,0,0,0,46
10/26/2012,IXD,KS,ACE,CE,Federal Contract Tower,0,8,17,0,25,0,0,46,3,49,0,8,63,3,74,124,0,124,198
10/27/2012,IXD,KS,ACE,CE,Federal Contract Tower,0,2,27,0,29,0,0,42,0,42,0,2,69,0,71,76,0,76,147
10/28/2012,IXD,KS,ACE,CE,Federal Contract Tower,0,9,17,2,28,0,0,59,0,59,0,9,76,2,87,102,0,102,189
10/29/2012,IXD,KS,ACE,CE,Federal Contract Tower,0,9,23,0,32,0,0,31,2,33,0,9,54,2,65,80,0,80,145
10/30/2012,IXD,KS,ACE,CE,Federal Contract Tower,0,7,15,2,24,0,0,44,0,44,0,7,59,2,68,88,0,88,156
10/31/2012,IXD,KS,ACE,CE,Federal Contract Tower,0,6,39,2,47,0,0,29,2,31,0,6,68,4,78,124,2,126,204
11/01/2012,IXD,KS,ACE,CE,Federal Contract Tower,0,7,36,2,45,0,0,32,5,37,0,7,68,7,82,72,0,72,154
11/02/2012,IXD,KS,ACE,CE,Federal Contract Tower,0,0,25,0,25,0,2,45,0,47,0,2,70,0,72,72,0,72,144
11/03/2012,IXD,KS,ACE,CE,Federal Contract Tower,0,3,14,0,17,0,0,43,0,43,0,3,57,0,60,80,0,80,140
11/04/2012,IXD,KS,ACE,CE,Federal Contract Tower,0,0,33,2,35,0,0,40,4,44,0,0,73,6,79,104,0,104,183
11/05/2012,IXD,KS,ACE,CE,Federal Contract Tower,0,4,30,0,34,0,0,2,0,2,0,4,32,0,36,2,0,2,38
11/06/2012,IXD,KS,ACE,CE,Federal Contract Tower,0,8,14,0,22,0,0,35,5,40,0,8,49,5,62,14,0,14,76
11/07/2012,IXD,KS,ACE,CE,Federal Contract Tower,0,5,26,2,33,0,0,68,1,69,0,5,94,3,102,86,0,86,188
11/08/2012,IXD,KS,ACE,CE,Federal Contract Tower,0,2,33,1,36,0,1,45,7,53,0,3,78,8,89,76,0,76,165
11/09/2012,IXD,KS,ACE,CE,Federal Contract Tower,0,6,18,0,24,0,0,52,0,52,0,6,70,0,76,70,0,70,146
11/10/2012,IXD,KS,ACE,CE,Federal Contract Tower,0,4,14,0,18,0,0,16,0,16,0,4,30,0,34,34,0,34,68
11/11/2012,IXD,KS,ACE,CE,Federal Contract Tower,0,2,6,0,8,0,0,2,0,2,0,2,8,0,10,0,0,0,10
11/12/2012,IXD,KS,ACE,CE,Federal Contract Tower,0,4,24,0,28,0,0,58,0,58,0,4,82,0,86,28,0,28,114
11/13/2012,IXD,KS,ACE,CE,Federal Contract Tower,0,8,18,0,26,0,0,37,6,43,0,8,55,6,69,78,0,78,147
11/14/2012,IXD,KS,ACE,CE,Federal Contract Tower,0,2,30,0,32,0,0,55,6,61,0,2,85,6,93,40,0,40,133
11/15/2012,IXD,KS,ACE,CE,Federal Contract Tower,0,6,14,0,20,0,0,53,12,65,0,6,67,12,85,62,6,68,153
11/16/2012,IXD,KS,ACE,CE,Federal Contract Tower,0,6,15,0,21,0,0,79,0,79,0,6,94,0,100,48,0,48,148
11/17/2012,IXD,KS,ACE,CE,Federal Contract Tower,0,1,9,0,10,0,0,54,2,56,0,1,63,2,66,92,0,92,158
11/18/2012,IXD,KS,ACE,CE,Federal Contract Tower,0,4,17,4,25,0,0,44,4,48,0,4,61,8,73,90,4,94,167
11/19/2012,IXD,KS,ACE,CE,Federal Contract Tower,0,7,16,0,23,0,0,26,2,28,0,7,42,2,51,22,0,22,73
11/20/2012,IXD,KS,ACE,CE,Federal Contract Tower,0,4,33,0,37,0,0,38,4,42,0,4,71,4,79,42,0,42,121
11/21/2012,IXD,KS,ACE,CE,Federal Contract Tower,0,11,21,0,32,0,0,38,0,38,0,11,59,0,70,44,0,44,114
11/22/2012,IXD,KS,ACE,CE,Federal Contract Tower,0,4,8,0,12,0,0,5,0,5,0,4,13,0,17,10,0,10,27
11/23/2012,IXD,KS,ACE,CE,Federal Contract Tower,0,1,8,0,9,0,0,19,0,19,0,1,27,0,28,38,0,38,66
11/24/2012,IXD,KS,ACE,CE,Federal Contract Tower,0,1,16,0,17,0,0,47,0,47,0,1,63,0,64,118,0,118,182
11/25/2012,IXD,KS,ACE,CE,Federal Contract Tower,0,7,13,0,20,0,0,41,0,41,0,7,54,0,61,74,0,74,135
11/26/2012,IXD,KS,ACE,CE,Federal Contract Tower,0,7,14,0,21,0,0,33,3,36,0,7,47,3,57,58,0,58,115
11/27/2012,IXD,KS,ACE,CE,Federal Contract Tower,0,6,19,0,25,0,0,25,4,29,0,6,44,4,54,36,0,36,90
11/28/2012,IXD,KS,ACE,CE,Federal Contract Tower,0,6,25,0,31,0,0,72,0,72,0,6,97,0,103,88,0,88,191
11/29/2012,IXD,KS,ACE,CE,Federal Contract Tower,0,6,22,0,28,0,0,55,8,63,0,6,77,8,91,26,4,30,121
11/30/2012,IXD,KS,ACE,CE,Federal Contract Tower,0,0,11,10,21,0,0,49,3,52,0,0,60,13,73,80,8,88,161
12/01/2012,IXD,KS,ACE,CE,Federal Contract Tower,0,5,16,1,22,0,0,17,1,18,0,5,33,2,40,28,0,28,68
12/02/2012,IXD,KS,ACE,CE,Federal Contract Tower,0,4,14,1,19,0,0,28,1,29,0,4,42,2,48,55,1,56,104
12/03/2012,IXD,KS,ACE,CE,Federal Contract Tower,0,4,14,4,22,0,0,26,4,30,0,4,40,8,52,8,2,10,62
12/04/2012,IXD,KS,ACE,CE,Federal Contract Tower,0,3,18,1,22,0,1,55,3,59,0,4,73,4,81,86,0,86,167
12/05/2012,IXD,KS,ACE,CE,Federal Contract Tower,0,4,25,2,31,0,0,28,3,31,0,4,53,5,62,86,0,86,148
12/06/2012,IXD,KS,ACE,CE,Federal Contract Tower,0,9,26,2,37,0,0,25,16,41,0,9,51,18,78,22,6,28,106
12/07/2012,IXD,KS,ACE,CE,Federal Contract Tower,0,8,26,0,34,0,0,6,4,10,0,8,32,4,44,0,0,0,44
12/08/2012,IXD,KS,ACE,CE,Federal Contract Tower,0,0,28,0,28,0,0,23,0,23,0,0,51,0,51,48,0,48,99
12/09/2012,IXD,KS,ACE,CE,Federal Contract Tower,0,4,14,0,18,0,0,4,0,4,0,4,18,0,22,14,0,14,36
12/10/2012,IXD,KS,ACE,CE,Federal Contract Tower,0,8,19,3,30,0,0,22,5,27,0,8,41,8,57,84,10,94,151
12/11/2012,IXD,KS,ACE,CE,Federal Contract Tower,0,8,7,1,16,0,0,41,1,42,0,8,48,2,58,24,0,24,82
12/12/2012,IXD,KS,ACE,CE,Federal Contract Tower,0,8,31,2,41,0,0,41,4,45,0,8,72,6,86,58,0,58,144
12/13/2012,IXD,KS,ACE,CE,Federal Contract Tower,0,10,18,4,32,0,0,28,10,38,0,10,46,14,70,32,2,34,104
12/14/2012,IXD,KS,ACE,CE,Federal Contract Tower,0,2,32,0,34,0,0,47,0,47,0,2,79,0,81,84,0,84,165
12/15/2012,IXD,KS,ACE,CE,Federal Contract Tower,0,1,13,0,14,0,0,22,4,26,0,1,35,4,40,106,0,106,146
12/16/2012,IXD,KS,ACE,CE,Federal Contract Tower,0,0,3,0,3,0,0,0,0,0,0,0,3,0,3,0,0,0,3
12/17/2012,IXD,KS,ACE,CE,Federal Contract Tower,0,5,29,1,35,0,0,31,2,33,0,5,60,3,68,62,4,66,134
12/18/2012,IXD,KS,ACE,CE,Federal Contract Tower,0,5,25,2,32,0,0,62,4,66,0,5,87,6,98,124,0,124,222
12/19/2012,IXD,KS,ACE,CE,Federal Contract Tower,0,2,27,0,29,0,0,20,4,24,0,2,47,4,53,14,8,22,75
12/20/2012,IXD,KS,ACE,CE,Federal Contract Tower,0,7,4,0,11,0,0,2,0,2,0,7,6,0,13,4,0,4,17
12/21/2012,IXD,KS,ACE,CE,Federal Contract Tower,0,6,22,0,28,0,0,61,0,61,0,6,83,0,89,94,0,94,183
12/22/2012,IXD,KS,ACE,CE,Federal Contract Tower,0,10,20,0,30,0,0,51,0,51,0,10,71,0,81,82,0,82,163
12/23/2012,IXD,KS,ACE,CE,Federal Contract Tower,0,3,9,1,13,0,0,20,2,22,0,3,29,3,35,37,1,38,73
12/24/2012,IXD,KS,ACE,CE,Federal Contract Tower,0,2,7,0,9,0,0,3,0,3,0,2,10,0,12,4,0,4,16
12/25/2012,IXD,KS,ACE,CE,Federal Contract Tower,0,3,4,0,7,0,0,2,0,2,0,3,6,0,9,0,0,0,9
12/26/2012,IXD,KS,ACE,CE,Federal Contract Tower,0,4,28,0,32,0,0,28,0,28,0,4,56,0,60,42,0,42,102
12/27/2012,IXD,KS,ACE,CE,Federal Contract Tower,0,5,17,0,22,0,0,59,0,59,0,5,76,0,81,68,0,68,149
12/28/2012,IXD,KS,ACE,CE,Federal Contract Tower,0,5,30,0,35,0,0,10,0,10,0,5,40,0,45,16,0,16,61
12/29/2012,IXD,KS,ACE,CE,Federal Contract Tower,0,3,13,0,16,0,0,32,0,32,0,3,45,0,48,10,0,10,58
12/30/2012,IXD,KS,ACE,CE,Federal Contract Tower,0,3,5,0,8,0,0,32,0,32,0,3,37,0,40,54,0,54,94
12/31/2012,IXD,KS,ACE,CE,Federal Contract Tower,0,0,0,0,0,0,0,0,0,0,0,0,0,0,0,0,0,0,0
01/01/2013,IXD,KS,ACE,CE,Federal Contract Tower,0,3,2,0,5,0,0,6,0,6,0,3,8,0,11,8,0,8,19
01/02/2013,IXD,KS,ACE,CE,Federal Contract Tower,0,10,7,0,17,0,0,22,0,22,0,10,29,0,39,12,0,12,51
01/03/2013,IXD,KS,ACE,CE,Federal Contract Tower,0,3,13,5,21,0,0,28,9,37,0,3,41,14,58,44,0,44,102
01/04/2013,IXD,KS,ACE,CE,Federal Contract Tower,0,1,18,3,22,0,0,30,14,44,0,1,48,17,66,10,6,16,82
01/05/2013,IXD,KS,ACE,CE,Federal Contract Tower,0,0,4,5,9,0,0,14,12,26,0,0,18,17,35,82,12,94,129
01/06/2013,IXD,KS,ACE,CE,Federal Contract Tower,0,4,7,1,12,0,0,22,11,33,0,4,29,12,45,44,0,44,89
01/07/2013,IXD,KS,ACE,CE,Federal Contract Tower,0,4,20,2,26,0,0,35,1,36,0,4,55,3,62,16,0,16,78
01/08/2013,IXD,KS,ACE,CE,Federal Contract Tower,0,6,23,1,30,0,0,25,1,26,0,6,48,2,56,20,0,20,76
01/09/2013,IXD,KS,ACE,CE,Federal Contract Tower,0,0,19,2,21,0,0,34,6,40,0,0,53,8,61,48,0,48,109
01/10/2013,IXD,KS,ACE,CE,Federal Contract Tower,0,8,35,10,53,0,0,0,0,0,0,8,35,10,53,0,0,0,53
01/11/2013,IXD,KS,ACE,CE,Federal Contract Tower,0,2,23,1,26,0,0,51,3,54,0,2,74,4,80,22,0,22,102
01/12/2013,IXD,KS,ACE,CE,Federal Contract Tower,0,2,12,0,14,0,0,27,1,28,0,2,39,1,42,68,0,68,110
01/13/2013,IXD,KS,ACE,CE,Federal Contract Tower,0,0,10,1,11,0,0,20,1,21,0,0,30,2,32,16,0,16,48
01/14/2013,IXD,KS,ACE,CE,Federal Contract Tower,0,9,28,0,37,0,0,45,0,45,0,9,73,0,82,130,0,130,212
01/15/2013,IXD,KS,ACE,CE,Federal Contract Tower,0,10,28,4,42,0,0,37,5,42,0,10,65,9,84,44,0,44,128
01/16/2013,IXD,KS,ACE,CE,Federal Contract Tower,0,4,24,2,30,0,0,49,0,49,0,4,73,2,79,48,0,48,127
01/17/2013,IXD,KS,ACE,CE,Federal Contract Tower,0,8,28,4,40,0,0,56,10,66,0,8,84,14,106,54,0,54,160
01/18/2013,IXD,KS,ACE,CE,Federal Contract Tower,0,3,16,1,20,1,0,46,0,47,1,3,62,1,67,24,0,24,91
01/19/2013,IXD,KS,ACE,CE,Federal Contract Tower,0,0,17,0,17,0,0,90,2,92,0,0,107,2,109,102,8,110,219
01/20/2013,IXD,KS,ACE,CE,Federal Contract Tower,0,4,6,0,10,0,0,40,0,40,0,4,46,0,50,68,0,68,118
01/21/2013,IXD,KS,ACE,CE,Federal Contract Tower,0,3,15,0,18,0,0,44,0,44,0,3,59,0,62,42,0,42,104
01/22/2013,IXD,KS,ACE,CE,Federal Contract Tower,0,3,27,0,30,0,0,25,0,25,0,3,52,0,55,16,0,16,71
01/23/2013,IXD,KS,ACE,CE,Federal Contract Tower,0,4,29,2,35,0,0,39,4,43,0,4,68,6,78,28,0,28,106
01/24/2013,IXD,KS,ACE,CE,Federal Contract Tower,0,5,27,6,38,0,0,39,6,45,0,5,66,12,83,44,0,44,127
01/25/2013,IXD,KS,ACE,CE,Federal Contract Tower,0,4,21,2,27,0,0,52,3,55,0,4,73,5,82,46,0,46,128
01/26/2013,IXD,KS,ACE,CE,Federal Contract Tower,0,0,19,2,21,0,2,58,2,62,0,2,77,4,83,122,4,126,209
01/27/2013,IXD,KS,ACE,CE,Federal Contract Tower,0,5,11,2,18,0,0,3,0,3,0,5,14,2,21,8,0,8,29
01/28/2013,IXD,KS,ACE,CE,Federal Contract Tower,0,7,33,0,40,0,0,27,0,27,0,7,60,0,67,98,0,98,165
01/29/2013,IXD,KS,ACE,CE,Federal Contract Tower,0,3,26,0,29,0,0,0,0,0,0,3,26,0,29,0,0,0,29
01/30/2013,IXD,KS,ACE,CE,Federal Contract Tower,0,2,19,0,21,0,0,4,0,4,0,2,23,0,25,0,0,0,25
01/31/2013,IXD,KS,ACE,CE,Federal Contract Tower,0,12,31,1,44,0,0,31,10,41,0,12,62,11,85,8,0,8,93
02/01/2013,IXD,KS,ACE,CE,Federal Contract Tower,0,9,23,1,33,0,0,30,0,30,0,9,53,1,63,50,0,50,113
02/02/2013,IXD,KS,ACE,CE,Federal Contract Tower,0,3,17,1,21,0,0,46,0,46,0,3,63,1,67,52,0,52,119
02/03/2013,IXD,KS,ACE,CE,Federal Contract Tower,0,5,9,0,14,0,0,63,0,63,0,5,72,0,77,124,0,124,201
02/04/2013,IXD,KS,ACE,CE,Federal Contract Tower,0,5,21,0,26,0,0,34,7,41,0,5,55,7,67,52,0,52,119
02/05/2013,IXD,KS,ACE,CE,Federal Contract Tower,0,5,22,0,27,0,0,45,0,45,0,5,67,0,72,18,0,18,90
02/06/2013,IXD,KS,ACE,CE,Federal Contract Tower,0,5,31,2,38,0,0,63,4,67,0,5,94,6,105,72,0,72,177
02/07/2013,IXD,KS,ACE,CE,Federal Contract Tower,0,6,30,0,36,0,0,16,10,26,0,6,46,10,62,28,2,30,92
02/08/2013,IXD,KS,ACE,CE,Federal Contract Tower,0,11,31,2,44,0,0,50,0,50,0,11,81,2,94,24,2,26,120
02/09/2013,IXD,KS,ACE,CE,Federal Contract Tower,0,6,12,0,18,0,0,34,0,34,0,6,46,0,52,98,0,98,150
02/10/2013,IXD,KS,ACE,CE,Federal Contract Tower,0,0,6,0,6,0,0,1,0,1,0,0,7,0,7,0,0,0,7
02/11/2013,IXD,KS,ACE,CE,Federal Contract Tower,0,2,18,5,25,0,0,40,5,45,0,2,58,10,70,70,0,70,140
02/12/2013,IXD,KS,ACE,CE,Federal Contract Tower,0,1,20,1,22,0,0,34,1,35,0,1,54,2,57,36,0,36,93
02/13/2013,IXD,KS,ACE,CE,Federal Contract Tower,0,3,23,1,27,0,0,73,4,77,0,3,96,5,104,26,0,26,130
02/14/2013,IXD,KS,ACE,CE,Federal Contract Tower,0,4,23,3,30,0,0,32,3,35,0,4,55,6,65,76,0,76,141
02/15/2013,IXD,KS,ACE,CE,Federal Contract Tower,0,8,18,3,29,0,0,40,2,42,0,8,58,5,71,30,0,30,101
02/16/2013,IXD,KS,ACE,CE,Federal Contract Tower,0,0,19,2,21,0,3,60,1,64,0,3,79,3,85,172,0,172,257
02/17/2013,IXD,KS,ACE,CE,Federal Contract Tower,0,4,14,0,18,0,0,57,0,57,0,4,71,0,75,122,0,122,197
02/18/2013,IXD,KS,ACE,CE,Federal Contract Tower,0,6,18,0,24,0,0,11,0,11,0,6,29,0,35,6,0,6,41
02/19/2013,IXD,KS,ACE,CE,Federal Contract Tower,0,2,25,0,27,0,0,45,2,47,0,2,70,2,74,38,0,38,112
02/20/2013,IXD,KS,ACE,CE,Federal Contract Tower,0,5,21,0,26,0,0,22,5,27,0,5,43,5,53,36,0,36,89
02/21/2013,IXD,KS,ACE,CE,Federal Contract Tower,0,0,0,0,0,0,0,0,0,0,0,0,0,0,0,0,0,0,0
02/22/2013,IXD,KS,ACE,CE,Federal Contract Tower,0,2,15,0,17,0,0,6,0,6,0,2,21,0,23,0,0,0,23
02/23/2013,IXD,KS,ACE,CE,Federal Contract Tower,0,0,22,0,22,0,0,31,0,31,0,0,53,0,53,124,0,124,177
02/24/2013,IXD,KS,ACE,CE,Federal Contract Tower,0,3,19,0,22,0,0,35,0,35,0,3,54,0,57,36,0,36,93
02/25/2013,IXD,KS,ACE,CE,Federal Contract Tower,0,3,8,0,11,0,0,10,0,10,0,3,18,0,21,56,0,56,77
02/26/2013,IXD,KS,ACE,CE,Federal Contract Tower,0,0,0,0,0,0,0,0,0,0,0,0,0,0,0,0,0,0,0
02/27/2013,IXD,KS,ACE,CE,Federal Contract Tower,0,3,22,0,25,0,0,4,0,4,0,3,26,0,29,0,0,0,29
02/28/2013,IXD,KS,ACE,CE,Federal Contract Tower,0,4,30,0,34,0,0,10,12,22,0,4,40,12,56,6,18,24,80
03/01/2013,IXD,KS,ACE,CE,Federal Contract Tower,0,13,34,4,51,0,0,13,4,17,0,13,47,8,68,10,0,10,78
03/02/2013,IXD,KS,ACE,CE,Federal Contract Tower,0,3,20,0,23,0,0,38,0,38,0,3,58,0,61,108,0,108,169
03/03/2013,IXD,KS,ACE,CE,Federal Contract Tower,0,6,17,0,23,0,0,30,4,34,0,6,47,4,57,94,0,94,151
03/04/2013,IXD,KS,ACE,CE,Federal Contract Tower,0,3,15,1,19,0,0,34,4,38,0,3,49,5,57,130,0,130,187
03/05/2013,IXD,KS,ACE,CE,Federal Contract Tower,0,5,8,0,13,0,0,16,2,18,0,5,24,2,31,8,0,8,39
03/06/2013,IXD,KS,ACE,CE,Federal Contract Tower,0,3,35,0,38,0,0,45,2,47,0,3,80,2,85,58,0,58,143
03/07/2013,IXD,KS,ACE,CE,Federal Contract Tower,0,4,35,0,39,0,0,76,9,85,0,4,111,9,124,36,0,36,160
03/08/2013,IXD,KS,ACE,CE,Federal Contract Tower,0,5,34,0,39,0,0,55,8,63,0,5,89,8,102,52,0,52,154
03/09/2013,IXD,KS,ACE,CE,Federal Contract Tower,0,3,9,0,12,0,0,10,0,10,0,3,19,0,22,68,0,68,90
03/10/2013,IXD,KS,ACE,CE,Federal Contract Tower,0,0,8,2,10,0,0,0,0,0,0,0,8,2,10,0,0,0,10
03/11/2013,IXD,KS,ACE,CE,Federal Contract Tower,0,4,24,0,28,0,0,23,0,23,0,4,47,0,51,44,0,44,95
03/12/2013,IXD,KS,ACE,CE,Federal Contract Tower,0,1,22,0,23,0,0,53,0,53,0,1,75,0,76,8,0,8,84
03/13/2013,IXD,KS,ACE,CE,Federal Contract Tower,0,7,40,0,47,0,0,58,4,62,0,7,98,4,109,62,0,62,171
03/14/2013,IXD,KS,ACE,CE,Federal Contract Tower,0,8,39,3,50,0,0,59,4,63,0,8,98,7,113,88,2,90,203
03/15/2013,IXD,KS,ACE,CE,Federal Contract Tower,0,10,22,0,32,0,0,58,2,60,0,10,80,2,92,92,0,92,184
03/16/2013,IXD,KS,ACE,CE,Federal Contract Tower,0,0,12,0,12,0,0,26,1,27,0,0,38,1,39,138,0,138,177
03/17/2013,IXD,KS,ACE,CE,Federal Contract Tower,0,5,7,0,12,0,0,1,0,1,0,5,8,0,13,0,4,4,17
03/18/2013,IXD,KS,ACE,CE,Federal Contract Tower,0,9,20,0,29,0,0,34,0,34,0,9,54,0,63,44,0,44,107
03/19/2013,IXD,KS,ACE,CE,Federal Contract Tower,0,2,16,2,20,0,0,19,0,19,0,2,35,2,39,20,0,20,59
03/20/2013,IXD,KS,ACE,CE,Federal Contract Tower,0,9,31,0,40,0,0,73,2,75,0,9,104,2,115,40,0,40,155
03/21/2013,IXD,KS,ACE,CE,Federal Contract Tower,0,3,20,0,23,0,0,10,0,10,0,3,30,0,33,0,0,0,33
03/22/2013,IXD,KS,ACE,CE,Federal Contract Tower,0,4,21,0,25,0,0,0,0,0,0,4,21,0,25,0,0,0,25
03/23/2013,IXD,KS,ACE,CE,Federal Contract Tower,0,6,6,0,12,0,0,2,0,2,0,6,8,0,14,4,0,4,18
03/24/2013,IXD,KS,ACE,CE,Federal Contract Tower,0,3,14,0,17,0,0,24,1,25,0,3,38,1,42,43,1,44,86
03/25/2013,IXD,KS,ACE,CE,Federal Contract Tower,0,4,18,0,22,0,0,9,1,10,0,4,27,1,32,0,0,0,32
03/26/2013,IXD,KS,ACE,CE,Federal Contract Tower,0,4,28,0,32,0,0,47,3,50,0,4,75,3,82,58,0,58,140
03/27/2013,IXD,KS,ACE,CE,Federal Contract Tower,0,7,30,0,37,0,0,35,4,39,0,7,65,4,76,36,4,40,116
03/28/2013,IXD,KS,ACE,CE,Federal Contract Tower,0,10,44,0,54,0,0,58,8,66,0,10,102,8,120,94,4,98,218
03/29/2013,IXD,KS,ACE,CE,Federal Contract Tower,0,9,16,0,25,0,0,52,2,54,0,9,68,2,79,118,0,118,197
03/30/2013,IXD,KS,ACE,CE,Federal Contract Tower,0,4,20,0,24,0,0,12,0,12,0,4,32,0,36,32,0,32,68
03/31/2013,IXD,KS,ACE,CE,Federal Contract Tower,0,3,16,0,19,0,0,44,0,44,0,3,60,0,63,42,0,42,105
04/01/2013,IXD,KS,ACE,CE,Federal Contract Tower,0,0,31,0,31,0,0,31,1,32,0,0,62,1,63,56,0,56,119
04/02/2013,IXD,KS,ACE,CE,Federal Contract Tower,0,9,22,0,31,0,0,41,0,41,0,9,63,0,72,32,0,32,104
04/03/2013,IXD,KS,ACE,CE,Federal Contract Tower,0,4,30,0,34,0,0,41,1,42,0,4,71,1,76,42,0,42,118
04/04/2013,IXD,KS,ACE,CE,Federal Contract Tower,0,4,34,0,38,0,0,59,5,64,0,4,93,5,102,56,0,56,158
04/05/2013,IXD,KS,ACE,CE,Federal Contract Tower,0,5,26,0,31,0,0,67,4,71,0,5,93,4,102,136,0,136,238
04/06/2013,IXD,KS,ACE,CE,Federal Contract Tower,0,5,11,2,18,0,0,39,0,39,0,5,50,2,57,44,0,44,101
04/07/2013,IXD,KS,ACE,CE,Federal Contract Tower,0,1,22,0,23,0,0,32,5,37,0,1,54,5,60,50,2,52,112
04/08/2013,IXD,KS,ACE,CE,Federal Contract Tower,0,7,33,0,40,0,0,12,0,12,0,7,45,0,52,26,0,26,78
04/09/2013,IXD,KS,ACE,CE,Federal Contract Tower,0,0,32,2,34,0,0,25,0,25,0,0,57,2,59,34,0,34,93
04/10/2013,IXD,KS,ACE,CE,Federal Contract Tower,0,3,12,0,15,0,0,0,0,0,0,3,12,0,15,0,0,0,15
04/11/2013,IXD,KS,ACE,CE,Federal Contract Tower,0,7,30,0,37,0,0,20,5,25,0,7,50,5,62,6,0,6,68
04/12/2013,IXD,KS,ACE,CE,Federal Contract Tower,0,2,35,2,39,0,0,64,0,64,0,2,99,2,103,86,0,86,189
04/13/2013,IXD,KS,ACE,CE,Federal Contract Tower,0,7,15,0,22,0,0,92,8,100,0,7,107,8,122,105,0,105,227
04/14/2013,IXD,KS,ACE,CE,Federal Contract Tower,0,3,4,0,7,0,0,6,0,6,0,3,10,0,13,2,0,2,15
04/15/2013,IXD,KS,ACE,CE,Federal Contract Tower,0,0,27,0,27,0,0,36,0,36,0,0,63,0,63,46,0,46,109
04/16/2013,IXD,KS,ACE,CE,Federal Contract Tower,0,3,19,0,22,0,0,19,0,19,0,3,38,0,41,34,0,34,75
04/17/2013,IXD,KS,ACE,CE,Federal Contract Tower,0,2,12,0,14,0,0,0,0,0,0,2,12,0,14,0,0,0,14
04/18/2013,IXD,KS,ACE,CE,Federal Contract Tower,0,8,25,0,33,0,0,11,0,11,0,8,36,0,44,0,0,0,44
04/19/2013,IXD,KS,ACE,CE,Federal Contract Tower,0,2,35,5,42,0,0,50,15,65,0,2,85,20,107,68,0,68,175
04/20/2013,IXD,KS,ACE,CE,Federal Contract Tower,0,0,31,0,31,0,0,70,0,70,0,0,101,0,101,94,0,94,195
04/21/2013,IXD,KS,ACE,CE,Federal Contract Tower,0,6,19,1,26,0,0,22,5,27,0,6,41,6,53,24,0,24,77
04/22/2013,IXD,KS,ACE,CE,Federal Contract Tower,0,6,23,0,29,0,0,27,0,27,0,6,50,0,56,70,0,70,126
04/23/2013,IXD,KS,ACE,CE,Federal Contract Tower,0,9,7,0,16,0,0,0,0,0,0,9,7,0,16,6,0,6,22
04/24/2013,IXD,KS,ACE,CE,Federal Contract Tower,0,2,42,0,44,0,0,61,5,66,0,2,103,5,110,102,6,108,218
04/25/2013,IXD,KS,ACE,CE,Federal Contract Tower,0,4,42,1,47,0,0,63,1,64,0,4,105,2,111,130,0,130,241
04/26/2013,IXD,KS,ACE,CE,Federal Contract Tower,0,8,41,0,49,0,0,32,0,32,0,8,73,0,81,72,0,72,153
04/27/2013,IXD,KS,ACE,CE,Federal Contract Tower,0,8,28,2,38,0,0,45,0,45,0,8,73,2,83,2,0,2,85
04/28/2013,IXD,KS,ACE,CE,Federal Contract Tower,0,5,22,0,27,0,0,182,0,182,0,5,204,0,209,170,0,170,379
04/29/2013,IXD,KS,ACE,CE,Federal Contract Tower,0,5,44,0,49,0,0,66,3,69,0,5,110,3,118,94,0,94,212
04/30/2013,IXD,KS,ACE,CE,Federal Contract Tower,0,6,27,0,33,0,0,37,2,39,0,6,64,2,72,70,0,70,142
05/01/2013,IXD,KS,ACE,CE,Federal Contract Tower,0,6,28,0,34,0,0,36,2,38,0,6,64,2,72,20,0,20,92
05/02/2013,IXD,KS,ACE,CE,Federal Contract Tower,0,3,17,0,20,0,0,0,0,0,0,3,17,0,20,0,2,2,22
05/03/2013,IXD,KS,ACE,CE,Federal Contract Tower,0,10,26,0,36,0,0,2,0,2,0,10,28,0,38,0,0,0,38
05/04/2013,IXD,KS,ACE,CE,Federal Contract Tower,0,0,7,0,7,0,0,0,0,0,0,0,7,0,7,0,0,0,7
05/05/2013,IXD,KS,ACE,CE,Federal Contract Tower,0,2,13,0,15,0,0,6,0,6,0,2,19,0,21,2,0,2,23
05/06/2013,IXD,KS,ACE,CE,Federal Contract Tower,0,20,27,0,47,0,0,24,0,24,0,20,51,0,71,56,0,56,127
05/07/2013,IXD,KS,ACE,CE,Federal Contract Tower,0,7,38,0,45,0,0,55,2,57,0,7,93,2,102,92,0,92,194
05/08/2013,IXD,KS,ACE,CE,Federal Contract Tower,0,7,16,0,23,0,0,30,2,32,0,7,46,2,55,30,0,30,85
05/09/2013,IXD,KS,ACE,CE,Federal Contract Tower,0,6,24,0,30,0,0,16,0,16,0,6,40,0,46,34,0,34,80
05/10/2013,IXD,KS,ACE,CE,Federal Contract Tower,0,3,50,0,53,0,0,10,0,10,0,3,60,0,63,14,0,14,77
05/11/2013,IXD,KS,ACE,CE,Federal Contract Tower,0,3,11,0,14,0,0,45,0,45,0,3,56,0,59,92,0,92,151
05/12/2013,IXD,KS,ACE,CE,Federal Contract Tower,0,7,9,1,17,0,0,38,0,38,0,7,47,1,55,46,0,46,101
05/13/2013,IXD,KS,ACE,CE,Federal Contract Tower,0,5,26,1,32,0,0,54,2,56,0,5,80,3,88,156,0,156,244
05/14/2013,IXD,KS,ACE,CE,Federal Contract Tower,0,2,34,3,39,0,0,28,1,29,0,2,62,4,68,24,0,24,92
05/15/2013,IXD,KS,ACE,CE,Federal Contract Tower,0,10,39,2,51,0,0,29,4,33,0,10,68,6,84,62,0,62,146
05/16/2013,IXD,KS,ACE,CE,Federal Contract Tower,0,5,47,1,53,0,0,55,4,59,0,5,102,5,112,52,2,54,166
05/17/2013,IXD,KS,ACE,CE,Federal Contract Tower,0,1,34,0,35,0,0,37,0,37,0,1,71,0,72,124,0,124,196
05/18/2013,IXD,KS,ACE,CE,Federal Contract Tower,0,5,14,0,19,0,0,68,0,68,0,5,82,0,87,132,0,132,219
05/19/2013,IXD,KS,ACE,CE,Federal Contract Tower,0,0,12,0,12,0,0,8,0,8,0,0,20,0,20,14,0,14,34
05/20/2013,IXD,KS,ACE,CE,Federal Contract Tower,0,3,20,0,23,0,0,16,2,18,0,3,36,2,41,88,0,88,129
05/21/2013,IXD,KS,ACE,CE,Federal Contract Tower,0,3,26,1,30,0,0,26,0,26,0,3,52,1,56,54,0,54,110
05/22/2013,IXD,KS,ACE,CE,Federal Contract Tower,0,3,23,6,32,0,0,34,6,40,0,3,57,12,72,74,0,74,146
05/23/2013,IXD,KS,ACE,CE,Federal Contract Tower,0,5,38,2,45,0,0,63,4,67,0,5,101,6,112,80,0,80,192
05/24/2013,IXD,KS,ACE,CE,Federal Contract Tower,0,5,17,0,22,0,0,61,0,61,0,5,78,0,83,52,0,52,135
05/25/2013,IXD,KS,ACE,CE,Federal Contract Tower,0,1,13,0,14,0,0,51,1,52,0,1,64,1,66,154,0,154,220
05/26/2013,IXD,KS,ACE,CE,Federal Contract Tower,0,4,6,0,10,0,0,17,0,17,0,4,23,0,27,4,0,4,31
05/27/2013,IXD,KS,ACE,CE,Federal Contract Tower,0,5,11,0,16,0,0,5,0,5,0,5,16,0,21,0,0,0,21
05/28/2013,IXD,KS,ACE,CE,Federal Contract Tower,0,3,22,0,25,0,0,9,0,9,0,3,31,0,34,40,0,40,74
05/29/2013,IXD,KS,ACE,CE,Federal Contract Tower,0,3,25,0,28,0,0,24,2,26,0,3,49,2,54,56,0,56,110
05/30/2013,IXD,KS,ACE,CE,Federal Contract Tower,0,5,21,0,26,0,0,21,0,21,0,5,42,0,47,90,0,90,137
05/31/2013,IXD,KS,ACE,CE,Federal Contract Tower,0,10,21,0,31,0,0,17,0,17,0,10,38,0,48,98,0,98,146
06/01/2013,IXD,KS,ACE,CE,Federal Contract Tower,0,4,8,0,12,0,0,49,0,49,0,4,57,0,61,26,0,26,87
06/02/2013,IXD,KS,ACE,CE,Federal Contract Tower,0,5,13,0,18,0,0,34,0,34,0,5,47,0,52,60,0,60,112
06/03/2013,IXD,KS,ACE,CE,Federal Contract Tower,0,5,30,0,35,0,0,61,0,61,0,5,91,0,96,118,0,118,214
06/04/2013,IXD,KS,ACE,CE,Federal Contract Tower,0,7,27,0,34,0,0,16,0,16,0,7,43,0,50,24,0,24,74
06/05/2013,IXD,KS,ACE,CE,Federal Contract Tower,0,6,42,0,48,0,0,13,0,13,0,6,55,0,61,10,0,10,71
06/06/2013,IXD,KS,ACE,CE,Federal Contract Tower,0,4,40,0,44,0,0,64,1,65,0,4,104,1,109,130,0,130,239
06/07/2013,IXD,KS,ACE,CE,Federal Contract Tower,0,11,42,0,53,0,0,65,4,69,0,11,107,4,122,160,0,160,282
06/08/2013,IXD,KS,ACE,CE,Federal Contract Tower,0,6,11,0,17,0,0,74,2,76,0,6,85,2,93,90,0,90,183
06/09/2013,IXD,KS,ACE,CE,Federal Contract Tower,0,6,9,0,15,0,0,24,0,24,0,6,33,0,39,20,0,20,59
06/10/2013,IXD,KS,ACE,CE,Federal Contract Tower,0,15,35,2,52,0,0,60,2,62,0,15,95,4,114,140,0,140,254
06/11/2013,IXD,KS,ACE,CE,Federal Contract Tower,0,6,19,0,25,0,0,39,0,39,0,6,58,0,64,74,0,74,138
06/12/2013,IXD,KS,ACE,CE,Federal Contract Tower,0,3,21,0,24,0,3,32,3,38,0,6,53,3,62,42,0,42,104
06/13/2013,IXD,KS,ACE,CE,Federal Contract Tower,0,2,26,2,30,0,0,60,2,62,0,2,86,4,92,156,0,156,248
06/14/2013,IXD,KS,ACE,CE,Federal Contract Tower,0,5,21,1,27,0,0,52,0,52,0,5,73,1,79,84,0,84,163
06/15/2013,IXD,KS,ACE,CE,Federal Contract Tower,0,0,12,0,12,0,0,51,0,51,0,0,63,0,63,54,0,54,117
06/16/2013,IXD,KS,ACE,CE,Federal Contract Tower,0,0,21,0,21,0,0,15,0,15,0,0,36,0,36,20,0,20,56
06/17/2013,IXD,KS,ACE,CE,Federal Contract Tower,0,2,28,0,30,0,0,28,2,30,0,2,56,2,60,36,0,36,96
06/18/2013,IXD,KS,ACE,CE,Federal Contract Tower,0,10,15,0,25,0,2,48,0,50,0,12,63,0,75,56,0,56,131
06/19/2013,IXD,KS,ACE,CE,Federal Contract Tower,0,7,29,0,36,0,0,68,1,69,0,7,97,1,105,144,0,144,249
06/20/2013,IXD,KS,ACE,CE,Federal Contract Tower,0,6,13,2,21,0,0,55,0,55,0,6,68,2,76,72,0,72,148
06/21/2013,IXD,KS,ACE,CE,Federal Contract Tower,0,0,29,0,29,0,0,53,0,53,0,0,82,0,82,48,0,48,130
06/22/2013,IXD,KS,ACE,CE,Federal Contract Tower,0,0,12,0,12,0,0,68,2,70,0,0,80,2,82,122,2,124,206
06/23/2013,IXD,KS,ACE,CE,Federal Contract Tower,0,5,15,1,21,0,0,27,1,28,0,5,42,2,49,28,0,28,77
06/24/2013,IXD,KS,ACE,CE,Federal Contract Tower,0,9,16,0,25,0,0,44,6,50,0,9,60,6,75,90,0,90,165
06/25/2013,IXD,KS,ACE,CE,Federal Contract Tower,0,8,20,0,28,0,1,29,1,31,0,9,49,1,59,44,0,44,103
06/26/2013,IXD,KS,ACE,CE,Federal Contract Tower,0,3,22,3,28,0,1,62,2,65,0,4,84,5,93,62,0,62,155
06/27/2013,IXD,KS,ACE,CE,Federal Contract Tower,0,5,33,0,38,0,0,42,6,48,0,5,75,6,86,34,0,34,120
06/28/2013,IXD,KS,ACE,CE,Federal Contract Tower,0,7,27,2,36,0,0,55,1,56,0,7,82,3,92,66,0,66,158
06/29/2013,IXD,KS,ACE,CE,Federal Contract Tower,0,3,8,0,11,0,0,41,0,41,0,3,49,0,52,8,0,8,60
06/30/2013,IXD,KS,ACE,CE,Federal Contract Tower,0,0,16,0,16,0,0,35,0,35,0,0,51,0,51,28,0,28,79
07/01/2013,IXD,KS,ACE,CE,Federal Contract Tower,0,7,11,0,18,0,0,42,0,42,0,7,53,0,60,80,0,80,140
07/02/2013,IXD,KS,ACE,CE,Federal Contract Tower,0,11,25,0,36,0,2,56,0,58,0,13,81,0,94,84,0,84,178
07/03/2013,IXD,KS,ACE,CE,Federal Contract Tower,0,5,14,2,21,0,0,52,3,55,0,5,66,5,76,38,0,38,114
07/04/2013,IXD,KS,ACE,CE,Federal Contract Tower,0,2,11,0,13,0,0,40,0,40,0,2,51,0,53,54,0,54,107
07/05/2013,IXD,KS,ACE,CE,Federal Contract Tower,0,3,5,0,8,0,0,26,4,30,0,3,31,4,38,48,0,48,86
07/06/2013,IXD,KS,ACE,CE,Federal Contract Tower,0,4,11,0,15,0,0,31,0,31,0,4,42,0,46,30,0,30,76
07/07/2013,IXD,KS,ACE,CE,Federal Contract Tower,0,14,15,0,29,0,0,23,0,23,0,14,38,0,52,18,0,18,70
07/08/2013,IXD,KS,ACE,CE,Federal Contract Tower,0,8,14,1,23,0,0,39,1,40,0,8,53,2,63,66,0,66,129
07/09/2013,IXD,KS,ACE,CE,Federal Contract Tower,0,10,20,1,31,0,3,49,3,55,0,13,69,4,86,68,0,68,154
07/10/2013,IXD,KS,ACE,CE,Federal Contract Tower,0,8,27,0,35,0,3,54,4,61,0,11,81,4,96,62,4,66,162
07/11/2013,IXD,KS,ACE,CE,Federal Contract Tower,0,12,27,0,39,0,0,57,0,57,0,12,84,0,96,66,0,66,162
07/12/2013,IXD,KS,ACE,CE,Federal Contract Tower,0,7,22,1,30,0,2,48,1,51,0,9,70,2,81,44,0,44,125
07/13/2013,IXD,KS,ACE,CE,Federal Contract Tower,0,1,8,0,9,0,0,82,0,82,0,1,90,0,91,68,0,68,159
07/14/2013,IXD,KS,ACE,CE,Federal Contract Tower,0,12,20,0,32,0,0,35,0,35,0,12,55,0,67,24,0,24,91
07/15/2013,IXD,KS,ACE,CE,Federal Contract Tower,0,4,18,0,22,0,0,40,0,40,0,4,58,0,62,48,0,48,110
07/16/2013,IXD,KS,ACE,CE,Federal Contract Tower,0,3,13,1,17,0,2,53,3,58,0,5,66,4,75,102,0,102,177
07/17/2013,IXD,KS,ACE,CE,Federal Contract Tower,0,2,19,0,21,0,0,50,4,54,0,2,69,4,75,70,0,70,145
07/18/2013,IXD,KS,ACE,CE,Federal Contract Tower,0,10,22,4,36,0,0,47,7,54,0,10,69,11,90,50,4,54,144
07/19/2013,IXD,KS,ACE,CE,Federal Contract Tower,0,7,21,1,29,0,0,48,0,48,0,7,69,1,77,84,0,84,161
07/20/2013,IXD,KS,ACE,CE,Federal Contract Tower,0,0,11,0,11,0,0,46,0,46,0,0,57,0,57,90,0,90,147
07/21/2013,IXD,KS,ACE,CE,Federal Contract Tower,0,11,17,0,28,0,0,39,0,39,0,11,56,0,67,88,0,88,155
07/22/2013,IXD,KS,ACE,CE,Federal Contract Tower,0,5,15,0,20,0,0,50,0,50,0,5,65,0,70,72,0,72,142
07/23/2013,IXD,KS,ACE,CE,Federal Contract Tower,0,4,23,3,30,0,0,39,6,45,0,4,62,9,75,88,0,88,163
07/24/2013,IXD,KS,ACE,CE,Federal Contract Tower,0,11,28,0,39,0,0,57,5,62,0,11,85,5,101,86,0,86,187
07/25/2013,IXD,KS,ACE,CE,Federal Contract Tower,0,3,27,1,31,0,0,42,3,45,0,3,69,4,76,40,0,40,116
07/26/2013,IXD,KS,ACE,CE,Federal Contract Tower,0,13,24,2,39,0,0,39,0,39,0,13,63,2,78,80,0,80,158
07/27/2013,IXD,KS,ACE,CE,Federal Contract Tower,0,2,8,0,10,0,2,68,0,70,0,4,76,0,80,122,0,122,202
07/28/2013,IXD,KS,ACE,CE,Federal Contract Tower,0,4,31,0,35,0,0,27,0,27,0,4,58,0,62,40,0,40,102
07/29/2013,IXD,KS,ACE,CE,Federal Contract Tower,0,9,12,0,21,0,0,12,4,16,0,9,24,4,37,4,0,4,41
07/30/2013,IXD,KS,ACE,CE,Federal Contract Tower,0,6,38,0,44,0,0,14,0,14,0,6,52,0,58,20,0,20,78
07/31/2013,IXD,KS,ACE,CE,Federal Contract Tower,0,3,29,2,34,0,0,42,5,47,0,3,71,7,81,34,0,34,115
08/01/2013,IXD,KS,ACE,CE,Federal Contract Tower,0,2,16,0,18,0,0,40,4,44,0,2,56,4,62,40,8,48,110
08/02/2013,IXD,KS,ACE,CE,Federal Contract Tower,0,9,28,0,37,0,0,29,5,34,0,9,57,5,71,108,0,108,179
08/03/2013,IXD,KS,ACE,CE,Federal Contract Tower,0,4,21,0,25,0,0,34,4,38,0,4,55,4,63,82,0,82,145
08/04/2013,IXD,KS,ACE,CE,Federal Contract Tower,0,2,28,1,31,0,0,1,2,3,0,2,29,3,34,0,0,0,34
08/05/2013,IXD,KS,ACE,CE,Federal Contract Tower,0,11,28,4,43,0,0,15,1,16,0,11,43,5,59,92,0,92,151
08/06/2013,IXD,KS,ACE,CE,Federal Contract Tower,0,0,29,2,31,0,0,45,2,47,0,0,74,4,78,92,2,94,172
08/07/2013,IXD,KS,ACE,CE,Federal Contract Tower,0,3,20,0,23,0,0,38,0,38,0,3,58,0,61,30,0,30,91
08/08/2013,IXD,KS,ACE,CE,Federal Contract Tower,0,11,22,4,37,0,0,34,10,44,0,11,56,14,81,90,4,94,175
08/09/2013,IXD,KS,ACE,CE,Federal Contract Tower,0,8,18,0,26,0,0,58,1,59,0,8,76,1,85,60,0,60,145
08/10/2013,IXD,KS,ACE,CE,Federal Contract Tower,0,6,17,0,23,0,0,84,5,89,0,6,101,5,112,150,4,154,266
08/11/2013,IXD,KS,ACE,CE,Federal Contract Tower,0,8,17,0,25,0,0,31,0,31,0,8,48,0,56,54,0,54,110
08/12/2013,IXD,KS,ACE,CE,Federal Contract Tower,0,7,25,0,32,0,0,46,0,46,0,7,71,0,78,38,0,38,116
08/13/2013,IXD,KS,ACE,CE,Federal Contract Tower,0,3,25,0,28,0,0,46,5,51,0,3,71,5,79,40,2,42,121
08/14/2013,IXD,KS,ACE,CE,Federal Contract Tower,0,6,32,6,44,0,0,60,6,66,0,6,92,12,110,102,2,104,214
08/15/2013,IXD,KS,ACE,CE,Federal Contract Tower,0,8,17,0,25,0,0,43,13,56,0,8,60,13,81,126,0,126,207
08/16/2013,IXD,KS,ACE,CE,Federal Contract Tower,0,4,25,0,29,0,2,57,6,65,0,6,82,6,94,100,10,110,204
08/17/2013,IXD,KS,ACE,CE,Federal Contract Tower,0,4,9,0,13,0,0,58,2,60,0,4,67,2,73,60,0,60,133
08/18/2013,IXD,KS,ACE,CE,Federal Contract Tower,0,0,11,1,12,0,0,44,9,53,0,0,55,10,65,92,4,96,161
08/19/2013,IXD,KS,ACE,CE,Federal Contract Tower,0,2,20,2,24,0,0,59,4,63,0,2,79,6,87,78,2,80,167
08/20/2013,IXD,KS,ACE,CE,Federal Contract Tower,0,2,22,2,26,0,0,54,4,58,0,2,76,6,84,34,0,34,118
08/21/2013,IXD,KS,ACE,CE,Federal Contract Tower,0,3,26,2,31,0,0,48,4,52,0,3,74,6,83,34,2,36,119
08/22/2013,IXD,KS,ACE,CE,Federal Contract Tower,0,7,33,1,41,0,0,46,4,50,0,7,79,5,91,142,0,142,233
08/23/2013,IXD,KS,ACE,CE,Federal Contract Tower,0,8,28,2,38,0,0,93,2,95,0,8,121,4,133,190,2,192,325
08/24/2013,IXD,KS,ACE,CE,Federal Contract Tower,0,4,8,0,12,0,0,214,0,214,0,4,222,0,226,218,0,218,444
08/25/2013,IXD,KS,ACE,CE,Federal Contract Tower,0,9,19,0,28,0,0,139,0,139,0,9,158,0,167,132,0,132,299
08/26/2013,IXD,KS,ACE,CE,Federal Contract Tower,0,5,29,1,35,0,0,48,3,51,0,5,77,4,86,98,0,98,184
08/27/2013,IXD,KS,ACE,CE,Federal Contract Tower,0,0,28,2,30,0,0,59,4,63,0,0,87,6,93,94,0,94,187
08/28/2013,IXD,KS,ACE,CE,Federal Contract Tower,0,2,22,3,27,0,0,50,4,54,0,2,72,7,81,70,0,70,151
08/29/2013,IXD,KS,ACE,CE,Federal Contract Tower,0,12,23,1,36,0,0,54,9,63,0,12,77,10,99,74,6,80,179
08/30/2013,IXD,KS,ACE,CE,Federal Contract Tower,0,6,22,2,30,0,0,66,2,68,0,6,88,4,98,96,0,96,194
08/31/2013,IXD,KS,ACE,CE,Federal Contract Tower,0,4,11,0,15,0,0,67,0,67,0,4,78,0,82,102,0,102,184
09/01/2013,IXD,KS,ACE,CE,Federal Contract Tower,0,2,9,0,11,0,0,15,0,15,0,2,24,0,26,14,0,14,40
09/02/2013,IXD,KS,ACE,CE,Federal Contract Tower,0,2,15,0,17,0,0,52,0,52,0,2,67,0,69,46,0,46,115
09/03/2013,IXD,KS,ACE,CE,Federal Contract Tower,0,2,11,0,13,0,0,55,2,57,0,2,66,2,70,46,0,46,116
09/04/2013,IXD,KS,ACE,CE,Federal Contract Tower,0,3,13,0,16,0,2,46,3,51,0,5,59,3,67,48,0,48,115
09/05/2013,IXD,KS,ACE,CE,Federal Contract Tower,0,6,16,0,22,0,0,55,7,62,0,6,71,7,84,40,6,46,130
09/06/2013,IXD,KS,ACE,CE,Federal Contract Tower,0,3,22,3,28,0,0,77,10,87,0,3,99,13,115,130,0,130,245
09/07/2013,IXD,KS,ACE,CE,Federal Contract Tower,0,2,9,1,12,0,1,55,14,70,0,3,64,15,82,12,6,18,100
09/08/2013,IXD,KS,ACE,CE,Federal Contract Tower,0,1,9,5,15,0,0,34,10,44,0,1,43,15,59,36,0,36,95
09/09/2013,IXD,KS,ACE,CE,Federal Contract Tower,0,7,19,0,26,0,0,31,2,33,0,7,50,2,59,44,0,44,103
09/10/2013,IXD,KS,ACE,CE,Federal Contract Tower,0,6,27,1,34,0,5,39,1,45,0,11,66,2,79,16,0,16,95
09/11/2013,IXD,KS,ACE,CE,Federal Contract Tower,0,5,28,0,33,0,1,43,0,44,0,6,71,0,77,68,0,68,145
09/12/2013,IXD,KS,ACE,CE,Federal Contract Tower,0,13,26,0,39,0,3,29,4,36,0,16,55,4,75,30,0,30,105
09/13/2013,IXD,KS,ACE,CE,Federal Contract Tower,0,8,32,0,40,0,1,61,2,64,0,9,93,2,104,26,0,26,130
09/14/2013,IXD,KS,ACE,CE,Federal Contract Tower,0,3,11,0,14,0,1,96,0,97,0,4,107,0,111,172,0,172,283
09/15/2013,IXD,KS,ACE,CE,Federal Contract Tower,0,10,11,0,21,0,0,26,0,26,0,10,37,0,47,10,0,10,57
09/16/2013,IXD,KS,ACE,CE,Federal Contract Tower,0,4,30,0,34,0,0,4,0,4,0,4,34,0,38,0,0,0,38
09/17/2013,IXD,KS,ACE,CE,Federal Contract Tower,0,10,33,0,43,0,6,7,0,13,0,16,40,0,56,14,0,14,70
09/18/2013,IXD,KS,ACE,CE,Federal Contract Tower,0,6,25,0,31,0,3,30,0,33,0,9,55,0,64,36,0,36,100
09/19/2013,IXD,KS,ACE,CE,Federal Contract Tower,0,7,19,0,26,0,1,23,0,24,0,8,42,0,50,52,0,52,102
09/20/2013,IXD,KS,ACE,CE,Federal Contract Tower,0,2,28,1,31,0,0,47,1,48,0,2,75,2,79,38,4,42,121
09/21/2013,IXD,KS,ACE,CE,Federal Contract Tower,0,3,17,0,20,0,1,58,0,59,0,4,75,0,79,44,0,44,123
09/22/2013,IXD,KS,ACE,CE,Federal Contract Tower,0,3,23,0,26,0,0,36,0,36,0,3,59,0,62,22,0,22,84
09/23/2013,IXD,KS,ACE,CE,Federal Contract Tower,0,8,34,0,42,0,0,31,2,33,0,8,65,2,75,52,0,52,127
09/24/2013,IXD,KS,ACE,CE,Federal Contract Tower,0,9,33,1,43,0,9,35,1,45,0,18,68,2,88,42,0,42,130
09/25/2013,IXD,KS,ACE,CE,Federal Contract Tower,0,12,39,2,53,0,1,59,2,62,0,13,98,4,115,52,0,52,167
09/26/2013,IXD,KS,ACE,CE,Federal Contract Tower,0,3,36,3,42,0,2,54,4,60,0,5,90,7,102,68,0,68,170
09/27/2013,IXD,KS,ACE,CE,Federal Contract Tower,0,15,23,0,38,0,3,53,0,56,0,18,76,0,94,106,0,106,200
09/28/2013,IXD,KS,ACE,CE,Federal Contract Tower,0,4,7,0,11,0,0,6,0,6,0,4,13,0,17,10,0,10,27
09/29/2013,IXD,KS,ACE,CE,Federal Contract Tower,0,13,16,0,29,0,0,47,0,47,0,13,63,0,76,48,0,48,124
09/30/2013,IXD,KS,ACE,CE,Federal Contract Tower,0,7,26,0,33,0,0,59,0,59,0,7,85,0,92,62,0,62,154
10/01/2013,IXD,KS,ACE,CE,Federal Contract Tower,0,4,28,0,32,0,2,35,0,37,0,6,63,0,69,26,0,26,95
10/02/2013,IXD,KS,ACE,CE,Federal Contract Tower,0,4,27,0,31,0,1,32,0,33,0,5,59,0,64,52,0,52,116
10/03/2013,IXD,KS,ACE,CE,Federal Contract Tower,0,7,26,0,33,0,1,24,0,25,0,8,50,0,58,30,0,30,88
10/04/2013,IXD,KS,ACE,CE,Federal Contract Tower,0,2,21,0,23,0,0,47,0,47,0,2,68,0,70,26,0,26,96
10/05/2013,IXD,KS,ACE,CE,Federal Contract Tower,0,2,12,0,14,0,0,34,0,34,0,2,46,0,48,70,0,70,118
10/06/2013,IXD,KS,ACE,CE,Federal Contract Tower,0,0,16,2,18,0,0,19,0,19,0,0,35,2,37,22,0,22,59
10/07/2013,IXD,KS,ACE,CE,Federal Contract Tower,0,3,28,0,31,0,0,61,0,61,0,3,89,0,92,148,0,148,240
10/08/2013,IXD,KS,ACE,CE,Federal Contract Tower,0,5,15,3,23,0,0,40,0,40,0,5,55,3,63,62,0,62,125
10/09/2013,IXD,KS,ACE,CE,Federal Contract Tower,0,3,37,0,40,0,0,66,0,66,0,3,103,0,106,146,0,146,252
10/10/2013,IXD,KS,ACE,CE,Federal Contract Tower,0,9,35,0,44,0,0,59,0,59,0,9,94,0,103,94,0,94,197
10/11/2013,IXD,KS,ACE,CE,Federal Contract Tower,0,11,30,0,41,0,0,65,0,65,0,11,95,0,106,130,0,130,236
10/12/2013,IXD,KS,ACE,CE,Federal Contract Tower,0,2,12,0,14,0,0,94,0,94,0,2,106,0,108,132,0,132,240
10/13/2013,IXD,KS,ACE,CE,Federal Contract Tower,0,0,15,0,15,0,0,45,0,45,0,0,60,0,60,42,0,42,102
10/14/2013,IXD,KS,ACE,CE,Federal Contract Tower,0,7,15,0,22,0,0,17,0,17,0,7,32,0,39,74,0,74,113
10/15/2013,IXD,KS,ACE,CE,Federal Contract Tower,0,2,26,0,28,0,0,42,0,42,0,2,68,0,70,40,0,40,110
10/16/2013,IXD,KS,ACE,CE,Federal Contract Tower,0,4,32,2,38,0,0,76,0,76,0,4,108,2,114,72,0,72,186
10/17/2013,IXD,KS,ACE,CE,Federal Contract Tower,0,11,43,0,54,0,0,65,2,67,0,11,108,2,121,100,0,100,221
10/18/2013,IXD,KS,ACE,CE,Federal Contract Tower,0,6,32,0,38,0,0,17,0,17,0,6,49,0,55,16,0,16,71
10/19/2013,IXD,KS,ACE,CE,Federal Contract Tower,0,1,14,1,16,0,0,48,0,48,0,1,62,1,64,70,0,70,134
10/20/2013,IXD,KS,ACE,CE,Federal Contract Tower,0,6,8,0,14,0,0,46,0,46,0,6,54,0,60,64,0,64,124
10/21/2013,IXD,KS,ACE,CE,Federal Contract Tower,0,9,21,0,30,0,1,58,0,59,0,10,79,0,89,62,0,62,151
10/22/2013,IXD,KS,ACE,CE,Federal Contract Tower,0,2,22,0,24,0,0,24,0,24,0,2,46,0,48,36,0,36,84
10/23/2013,IXD,KS,ACE,CE,Federal Contract Tower,0,7,28,0,35,0,0,45,1,46,0,7,73,1,81,102,0,102,183
10/24/2013,IXD,KS,ACE,CE,Federal Contract Tower,0,4,39,0,43,0,0,61,0,61,0,4,100,0,104,56,0,56,160
10/25/2013,IXD,KS,ACE,CE,Federal Contract Tower,0,3,36,0,39,0,3,45,0,48,0,6,81,0,87,40,0,40,127
10/26/2013,IXD,KS,ACE,CE,Federal Contract Tower,0,2,9,0,11,0,0,60,0,60,0,2,69,0,71,68,0,68,139
10/27/2013,IXD,KS,ACE,CE,Federal Contract Tower,0,4,17,0,21,0,0,54,0,54,0,4,71,0,75,90,0,90,165
10/28/2013,IXD,KS,ACE,CE,Federal Contract Tower,0,3,21,0,24,0,0,53,4,57,0,3,74,4,81,96,0,96,177
10/29/2013,IXD,KS,ACE,CE,Federal Contract Tower,0,0,22,3,25,0,0,0,0,0,0,0,22,3,25,0,0,0,25
10/30/2013,IXD,KS,ACE,CE,Federal Contract Tower,0,4,17,0,21,0,0,1,1,2,0,4,18,1,23,0,0,0,23
10/31/2013,IXD,KS,ACE,CE,Federal Contract Tower,0,9,37,1,47,0,0,13,1,14,0,9,50,2,61,64,0,64,125
11/01/2013,IXD,KS,ACE,CE,Federal Contract Tower,0,8,34,1,43,0,0,66,15,81,0,8,100,16,124,50,2,52,176
11/02/2013,IXD,KS,ACE,CE,Federal Contract Tower,0,2,21,0,23,0,0,55,0,55,0,2,76,0,78,104,0,104,182
11/03/2013,IXD,KS,ACE,CE,Federal Contract Tower,0,4,13,2,19,0,0,21,0,21,0,4,34,2,40,16,0,16,56
11/04/2013,IXD,KS,ACE,CE,Federal Contract Tower,0,8,30,0,38,0,0,45,2,47,0,8,75,2,85,82,0,82,167
11/05/2013,IXD,KS,ACE,CE,Federal Contract Tower,0,4,17,0,21,0,0,0,0,0,0,4,17,0,21,0,0,0,21
11/06/2013,IXD,KS,ACE,CE,Federal Contract Tower,0,2,42,1,45,0,0,27,11,38,0,2,69,12,83,32,10,42,125
11/07/2013,IXD,KS,ACE,CE,Federal Contract Tower,0,5,28,0,33,0,0,71,5,76,0,5,99,5,109,128,0,128,237
11/08/2013,IXD,KS,ACE,CE,Federal Contract Tower,0,4,28,2,34,0,0,43,0,43,0,4,71,2,77,10,0,10,87
11/09/2013,IXD,KS,ACE,CE,Federal Contract Tower,0,2,18,0,20,0,1,72,0,73,0,3,90,0,93,144,0,144,237
11/10/2013,IXD,KS,ACE,CE,Federal Contract Tower,0,5,18,2,25,0,0,64,0,64,0,5,82,2,89,68,0,68,157
11/11/2013,IXD,KS,ACE,CE,Federal Contract Tower,0,3,23,0,26,0,0,13,0,13,0,3,36,0,39,26,0,26,65
11/12/2013,IXD,KS,ACE,CE,Federal Contract Tower,0,3,30,0,33,0,0,54,0,54,0,3,84,0,87,58,0,58,145
11/13/2013,IXD,KS,ACE,CE,Federal Contract Tower,0,7,17,0,24,0,0,49,17,66,0,7,66,17,90,42,2,44,134
11/14/2013,IXD,KS,ACE,CE,Federal Contract Tower,0,7,23,0,30,0,0,51,8,59,0,7,74,8,89,84,0,84,173
11/15/2013,IXD,KS,ACE,CE,Federal Contract Tower,0,5,27,6,38,0,0,74,1,75,0,5,101,7,113,40,0,40,153
11/16/2013,IXD,KS,ACE,CE,Federal Contract Tower,0,1,4,0,5,0,0,3,0,3,0,1,7,0,8,0,0,0,8
11/17/2013,IXD,KS,ACE,CE,Federal Contract Tower,0,8,9,10,27,0,0,10,0,10,0,8,19,10,37,6,6,12,49
11/18/2013,IXD,KS,ACE,CE,Federal Contract Tower,0,11,28,2,41,0,0,73,4,77,0,11,101,6,118,66,0,66,184
11/19/2013,IXD,KS,ACE,CE,Federal Contract Tower,0,4,24,2,30,0,2,51,7,60,0,6,75,9,90,48,0,48,138
11/20/2013,IXD,KS,ACE,CE,Federal Contract Tower,0,2,15,3,20,0,4,28,7,39,0,6,43,10,59,38,8,46,105
11/21/2013,IXD,KS,ACE,CE,Federal Contract Tower,0,5,19,0,24,0,0,0,0,0,0,5,19,0,24,0,0,0,24
11/22/2013,IXD,KS,ACE,CE,Federal Contract Tower,0,4,25,0,29,0,0,26,6,32,0,4,51,6,61,44,0,44,105
11/23/2013,IXD,KS,ACE,CE,Federal Contract Tower,0,2,16,0,18,0,1,73,0,74,0,3,89,0,92,92,0,92,184
11/24/2013,IXD,KS,ACE,CE,Federal Contract Tower,0,2,17,0,19,0,0,14,0,14,0,2,31,0,33,36,0,36,69
11/25/2013,IXD,KS,ACE,CE,Federal Contract Tower,0,0,19,0,19,0,0,46,2,48,0,0,65,2,67,104,0,104,171
11/26/2013,IXD,KS,ACE,CE,Federal Contract Tower,0,7,17,2,26,0,0,29,4,33,0,7,46,6,59,40,2,42,101
11/27/2013,IXD,KS,ACE,CE,Federal Contract Tower,0,5,16,4,25,0,0,54,0,54,0,5,70,4,79,82,0,82,161
11/28/2013,IXD,KS,ACE,CE,Federal Contract Tower,0,3,5,0,8,0,0,19,0,19,0,3,24,0,27,0,0,0,27
11/29/2013,IXD,KS,ACE,CE,Federal Contract Tower,0,9,7,0,16,0,2,39,0,41,0,11,46,0,57,46,0,46,103
11/30/2013,IXD,KS,ACE,CE,Federal Contract Tower,0,5,9,0,14,0,1,43,0,44,0,6,52,0,58,66,0,66,124
12/01/2013,IXD,KS,ACE,CE,Federal Contract Tower,0,10,32,0,42,0,0,56,0,56,0,10,88,0,98,40,0,40,138
12/02/2013,IXD,KS,ACE,CE,Federal Contract Tower,0,4,32,0,36,0,0,48,0,48,0,4,80,0,84,64,0,64,148
12/03/2013,IXD,KS,ACE,CE,Federal Contract Tower,0,8,19,1,28,0,0,44,1,45,0,8,63,2,73,50,0,50,123
12/04/2013,IXD,KS,ACE,CE,Federal Contract Tower,0,15,28,2,45,0,0,0,2,2,0,15,28,4,47,0,2,2,49
12/05/2013,IXD,KS,ACE,CE,Federal Contract Tower,0,6,27,1,34,0,0,13,3,16,0,6,40,4,50,14,6,20,70
12/06/2013,IXD,KS,ACE,CE,Federal Contract Tower,0,15,16,0,31,0,0,30,12,42,0,15,46,12,73,46,10,56,129
12/07/2013,IXD,KS,ACE,CE,Federal Contract Tower,0,0,13,2,15,0,0,28,11,39,0,0,41,13,54,60,0,60,114
12/08/2013,IXD,KS,ACE,CE,Federal Contract Tower,0,2,2,0,4,0,0,0,0,0,0,2,2,0,4,0,0,0,4
12/09/2013,IXD,KS,ACE,CE,Federal Contract Tower,0,6,24,1,31,0,2,29,2,33,0,8,53,3,64,42,2,44,108
12/10/2013,IXD,KS,ACE,CE,Federal Contract Tower,0,5,17,0,22,0,0,25,2,27,0,5,42,2,49,28,0,28,77
12/11/2013,IXD,KS,ACE,CE,Federal Contract Tower,0,5,43,0,48,0,0,30,4,34,0,5,73,4,82,28,2,30,112
12/12/2013,IXD,KS,ACE,CE,Federal Contract Tower,0,3,32,1,36,0,0,46,8,54,0,3,78,9,90,34,0,34,124
12/13/2013,IXD,KS,ACE,CE,Federal Contract Tower,0,5,19,0,24,0,0,1,0,1,0,5,20,0,25,0,0,0,25
12/14/2013,IXD,KS,ACE,CE,Federal Contract Tower,0,1,12,0,13,0,0,2,0,2,0,1,14,0,15,2,0,2,17
12/15/2013,IXD,KS,ACE,CE,Federal Contract Tower,0,3,9,0,12,0,0,39,0,39,0,3,48,0,51,80,0,80,131
12/16/2013,IXD,KS,ACE,CE,Federal Contract Tower,0,4,32,2,38,0,0,56,8,64,0,4,88,10,102,56,20,76,178
12/17/2013,IXD,KS,ACE,CE,Federal Contract Tower,0,6,18,0,24,0,0,54,5,59,0,6,72,5,83,50,0,50,133
12/18/2013,IXD,KS,ACE,CE,Federal Contract Tower,0,4,22,1,27,0,2,33,3,38,0,6,55,4,65,36,0,36,101
12/19/2013,IXD,KS,ACE,CE,Federal Contract Tower,0,7,34,0,41,0,0,33,0,33,0,7,67,0,74,88,0,88,162
12/20/2013,IXD,KS,ACE,CE,Federal Contract Tower,0,8,12,0,20,0,0,1,0,1,0,8,13,0,21,0,0,0,21
12/21/2013,IXD,KS,ACE,CE,Federal Contract Tower,0,0,3,0,3,0,0,0,0,0,0,0,3,0,3,0,0,0,3
12/22/2013,IXD,KS,ACE,CE,Federal Contract Tower,0,2,4,0,6,0,0,1,0,1,0,2,5,0,7,0,0,0,7
12/23/2013,IXD,KS,ACE,CE,Federal Contract Tower,0,6,8,0,14,0,0,5,0,5,0,6,13,0,19,0,0,0,19
12/24/2013,IXD,KS,ACE,CE,Federal Contract Tower,0,0,6,0,6,0,0,5,0,5,0,0,11,0,11,0,0,0,11
12/25/2013,IXD,KS,ACE,CE,Federal Contract Tower,0,0,1,0,1,0,0,11,0,11,0,0,12,0,12,0,0,0,12
12/26/2013,IXD,KS,ACE,CE,Federal Contract Tower,0,3,28,0,31,0,0,39,0,39,0,3,67,0,70,46,0,46,116
12/27/2013,IXD,KS,ACE,CE,Federal Contract Tower,0,12,21,0,33,0,0,61,0,61,0,12,82,0,94,80,0,80,174
12/28/2013,IXD,KS,ACE,CE,Federal Contract Tower,0,4,14,0,18,0,0,34,0,34,0,4,48,0,52,56,0,56,108
12/29/2013,IXD,KS,ACE,CE,Federal Contract Tower,0,2,9,0,11,0,0,6,0,6,0,2,15,0,17,0,0,0,17
12/30/2013,IXD,KS,ACE,CE,Federal Contract Tower,0,2,7,1,10,0,2,32,1,35,0,4,39,2,45,66,0,66,111
12/31/2013,IXD,KS,ACE,CE,Federal Contract Tower,0,3,17,0,20,0,0,39,0,39,0,3,56,0,59,20,0,20,79
01/01/2014,IXD,KS,ACE,CE,Federal Contract Tower,0,7,6,0,13,0,0,12,0,12,0,7,18,0,25,18,0,18,43
01/02/2014,IXD,KS,ACE,CE,Federal Contract Tower,0,8,10,0,18,0,0,27,0,27,0,8,37,0,45,50,0,50,95
01/03/2014,IXD,KS,ACE,CE,Federal Contract Tower,0,6,13,0,19,0,0,36,0,36,0,6,49,0,55,28,0,28,83
01/04/2014,IXD,KS,ACE,CE,Federal Contract Tower,0,2,6,0,8,0,0,30,0,30,0,2,36,0,38,56,0,56,94
01/05/2014,IXD,KS,ACE,CE,Federal Contract Tower,0,4,6,0,10,0,0,2,0,2,0,4,8,0,12,0,0,0,12
01/06/2014,IXD,KS,ACE,CE,Federal Contract Tower,0,1,6,2,9,0,0,16,0,16,0,1,22,2,25,32,0,32,57
01/07/2014,IXD,KS,ACE,CE,Federal Contract Tower,0,3,18,0,21,0,0,23,2,25,0,3,41,2,46,10,0,10,56
01/08/2014,IXD,KS,ACE,CE,Federal Contract Tower,0,11,8,0,19,0,0,21,1,22,0,11,29,1,41,0,0,0,41
01/09/2014,IXD,KS,ACE,CE,Federal Contract Tower,0,9,18,0,27,0,0,0,0,0,0,9,18,0,27,0,0,0,27
01/10/2014,IXD,KS,ACE,CE,Federal Contract Tower,0,7,14,0,21,0,0,0,0,0,0,7,14,0,21,0,0,0,21
01/11/2014,IXD,KS,ACE,CE,Federal Contract Tower,0,5,13,0,18,0,0,50,26,76,0,5,63,26,94,68,22,90,184
01/12/2014,IXD,KS,ACE,CE,Federal Contract Tower,0,3,6,0,9,0,4,40,0,44,0,7,46,0,53,32,0,32,85
01/13/2014,IXD,KS,ACE,CE,Federal Contract Tower,0,0,16,0,16,0,4,42,3,49,0,4,58,3,65,36,0,36,101
01/14/2014,IXD,KS,ACE,CE,Federal Contract Tower,0,5,18,0,23,0,0,22,0,22,0,5,40,0,45,0,0,0,45
01/15/2014,IXD,KS,ACE,CE,Federal Contract Tower,0,11,23,2,36,0,0,46,17,63,0,11,69,19,99,64,0,64,163
01/16/2014,IXD,KS,ACE,CE,Federal Contract Tower,0,6,24,1,31,0,2,4,1,7,0,8,28,2,38,0,0,0,38
01/17/2014,IXD,KS,ACE,CE,Federal Contract Tower,0,4,17,1,22,0,0,36,0,36,0,4,53,1,58,42,0,42,100
01/18/2014,IXD,KS,ACE,CE,Federal Contract Tower,0,1,6,0,7,0,0,9,0,9,0,1,15,0,16,24,0,24,40
01/19/2014,IXD,KS,ACE,CE,Federal Contract Tower,0,2,12,0,14,0,0,42,0,42,0,2,54,0,56,52,0,52,108
01/20/2014,IXD,KS,ACE,CE,Federal Contract Tower,0,6,16,0,22,0,0,60,0,60,0,6,76,0,82,88,0,88,170
01/21/2014,IXD,KS,ACE,CE,Federal Contract Tower,0,9,19,2,30,0,2,43,4,49,0,11,62,6,79,46,0,46,125
01/22/2014,IXD,KS,ACE,CE,Federal Contract Tower,0,3,23,0,26,0,0,28,11,39,0,3,51,11,65,6,4,10,75
01/23/2014,IXD,KS,ACE,CE,Federal Contract Tower,0,5,21,1,27,0,0,38,9,47,0,5,59,10,74,104,0,104,178
01/24/2014,IXD,KS,ACE,CE,Federal Contract Tower,0,6,15,2,23,0,0,19,0,19,0,6,34,2,42,0,0,0,42
01/25/2014,IXD,KS,ACE,CE,Federal Contract Tower,0,0,16,0,16,0,0,59,2,61,0,0,75,2,77,62,0,62,139
01/26/2014,IXD,KS,ACE,CE,Federal Contract Tower,0,7,20,0,27,0,0,52,0,52,0,7,72,0,79,56,0,56,135
01/27/2014,IXD,KS,ACE,CE,Federal Contract Tower,0,5,29,0,34,0,5,19,0,24,0,10,48,0,58,48,0,48,106
01/28/2014,IXD,KS,ACE,CE,Federal Contract Tower,0,4,20,0,24,0,2,11,4,17,0,6,31,4,41,2,2,4,45
01/29/2014,IXD,KS,ACE,CE,Federal Contract Tower,0,3,20,1,24,0,0,29,1,30,0,3,49,2,54,84,0,84,138
01/30/2014,IXD,KS,ACE,CE,Federal Contract Tower,0,1,22,0,23,0,0,35,4,39,0,1,57,4,62,76,0,76,138
01/31/2014,IXD,KS,ACE,CE,Federal Contract Tower,0,1,7,2,10,0,0,2,2,4,0,1,9,4,14,0,2,2,16
02/01/2014,IXD,KS,ACE,CE,Federal Contract Tower,0,0,2,0,2,0,0,1,0,1,0,0,3,0,3,0,0,0,3
02/02/2014,IXD,KS,ACE,CE,Federal Contract Tower,0,1,1,0,2,0,0,1,0,1,0,1,2,0,3,0,0,0,3
02/03/2014,IXD,KS,ACE,CE,Federal Contract Tower,0,0,16,1,17,0,0,26,3,29,0,0,42,4,46,16,0,16,62
02/04/2014,IXD,KS,ACE,CE,Federal Contract Tower,0,0,0,0,0,0,0,0,0,0,0,0,0,0,0,0,0,0,0
02/05/2014,IXD,KS,ACE,CE,Federal Contract Tower,0,2,3,0,5,0,0,0,0,0,0,2,3,0,5,0,0,0,5
02/06/2014,IXD,KS,ACE,CE,Federal Contract Tower,0,1,24,0,25,0,0,23,0,23,0,1,47,0,48,8,0,8,56
02/07/2014,IXD,KS,ACE,CE,Federal Contract Tower,0,3,18,0,21,0,0,9,2,11,0,3,27,2,32,16,0,16,48
02/08/2014,IXD,KS,ACE,CE,Federal Contract Tower,0,3,11,0,14,0,0,13,0,13,0,3,24,0,27,92,0,92,119
02/09/2014,IXD,KS,ACE,CE,Federal Contract Tower,0,10,5,0,15,0,0,1,0,1,0,10,6,0,16,0,0,0,16
02/10/2014,IXD,KS,ACE,CE,Federal Contract Tower,0,4,18,6,28,0,2,18,3,23,0,6,36,9,51,40,0,40,91
02/11/2014,IXD,KS,ACE,CE,Federal Contract Tower,0,13,29,4,46,0,2,44,4,50,0,15,73,8,96,36,0,36,132
02/12/2014,IXD,KS,ACE,CE,Federal Contract Tower,0,5,37,1,43,0,0,33,7,40,0,5,70,8,83,74,8,82,165
02/13/2014,IXD,KS,ACE,CE,Federal Contract Tower,0,3,31,1,35,0,0,36,8,44,0,3,67,9,79,122,0,122,201
02/14/2014,IXD,KS,ACE,CE,Federal Contract Tower,0,6,13,1,20,0,0,20,0,20,0,6,33,1,40,22,0,22,62
02/15/2014,IXD,KS,ACE,CE,Federal Contract Tower,0,0,14,0,14,0,0,30,0,30,0,0,44,0,44,48,0,48,92
02/16/2014,IXD,KS,ACE,CE,Federal Contract Tower,0,5,21,0,26,0,0,30,0,30,0,5,51,0,56,64,0,64,120
02/17/2014,IXD,KS,ACE,CE,Federal Contract Tower,0,10,39,0,49,0,0,27,0,27,0,10,66,0,76,14,0,14,90
02/18/2014,IXD,KS,ACE,CE,Federal Contract Tower,0,5,31,1,37,0,0,51,4,55,0,5,82,5,92,42,2,44,136
02/19/2014,IXD,KS,ACE,CE,Federal Contract Tower,0,2,18,0,20,0,0,44,1,45,0,2,62,1,65,44,0,44,109
02/20/2014,IXD,KS,ACE,CE,Federal Contract Tower,0,7,13,0,20,0,0,4,2,6,0,7,17,2,26,0,0,0,26
02/21/2014,IXD,KS,ACE,CE,Federal Contract Tower,0,5,13,1,19,0,0,39,10,49,0,5,52,11,68,30,8,38,106
02/22/2014,IXD,KS,ACE,CE,Federal Contract Tower,0,1,23,1,25,0,0,82,3,85,0,1,105,4,110,194,0,194,304
02/23/2014,IXD,KS,ACE,CE,Federal Contract Tower,0,0,20,0,20,0,2,26,0,28,0,2,46,0,48,72,0,72,120
02/24/2014,IXD,KS,ACE,CE,Federal Contract Tower,0,3,29,1,33,0,0,44,0,44,0,3,73,1,77,32,0,32,109
02/25/2014,IXD,KS,ACE,CE,Federal Contract Tower,0,10,24,0,34,0,0,22,2,24,0,10,46,2,58,26,0,26,84
02/26/2014,IXD,KS,ACE,CE,Federal Contract Tower,0,3,27,0,30,0,0,36,11,47,0,3,63,11,77,28,8,36,113
02/27/2014,IXD,KS,ACE,CE,Federal Contract Tower,0,5,37,0,42,0,2,48,8,58,0,7,85,8,100,68,0,68,168
02/28/2014,IXD,KS,ACE,CE,Federal Contract Tower,0,1,20,0,21,0,0,42,8,50,0,1,62,8,71,22,0,22,93
03/01/2014,IXD,KS,ACE,CE,Federal Contract Tower,0,3,17,0,20,0,0,4,0,4,0,3,21,0,24,0,0,0,24
03/02/2014,IXD,KS,ACE,CE,Federal Contract Tower,0,1,1,0,2,0,0,0,0,0,0,1,1,0,2,0,0,0,2
03/03/2014,IXD,KS,ACE,CE,Federal Contract Tower,0,2,10,3,15,0,0,6,2,8,0,2,16,5,23,6,0,6,29
03/04/2014,IXD,KS,ACE,CE,Federal Contract Tower,0,6,11,1,18,0,0,48,3,51,0,6,59,4,69,24,0,24,93
03/05/2014,IXD,KS,ACE,CE,Federal Contract Tower,0,4,16,0,20,0,0,15,2,17,0,4,31,2,37,48,0,48,85
03/06/2014,IXD,KS,ACE,CE,Federal Contract Tower,0,11,39,2,52,0,0,52,5,57,0,11,91,7,109,108,4,112,221
03/07/2014,IXD,KS,ACE,CE,Federal Contract Tower,0,4,31,0,35,0,0,39,4,43,0,4,70,4,78,78,0,78,156
03/08/2014,IXD,KS,ACE,CE,Federal Contract Tower,0,0,12,0,12,0,0,26,0,26,0,0,38,0,38,114,0,114,152
03/09/2014,IXD,KS,ACE,CE,Federal Contract Tower,0,4,19,0,23,0,0,79,0,79,0,4,98,0,102,120,0,120,222
03/10/2014,IXD,KS,ACE,CE,Federal Contract Tower,0,5,29,0,34,0,0,58,5,63,0,5,87,5,97,36,4,40,137
03/11/2014,IXD,KS,ACE,CE,Federal Contract Tower,0,4,26,0,30,0,0,30,1,31,0,4,56,1,61,104,0,104,165
03/12/2014,IXD,KS,ACE,CE,Federal Contract Tower,0,13,26,0,39,0,0,11,2,13,0,13,37,2,52,22,0,22,74
03/13/2014,IXD,KS,ACE,CE,Federal Contract Tower,0,7,19,0,26,0,4,67,2,73,0,11,86,2,99,70,0,70,169
03/14/2014,IXD,KS,ACE,CE,Federal Contract Tower,0,9,26,0,35,0,0,34,1,35,0,9,60,1,70,58,0,58,128
03/15/2014,IXD,KS,ACE,CE,Federal Contract Tower,0,5,11,2,18,0,0,64,23,87,0,5,75,25,105,90,0,90,195
03/16/2014,IXD,KS,ACE,CE,Federal Contract Tower,0,6,7,0,13,0,0,5,2,7,0,6,12,2,20,6,0,6,26
03/17/2014,IXD,KS,ACE,CE,Federal Contract Tower,0,2,18,3,23,0,0,60,2,62,0,2,78,5,85,50,0,50,135
03/18/2014,IXD,KS,ACE,CE,Federal Contract Tower,0,4,19,3,26,0,0,22,5,27,0,4,41,8,53,6,0,6,59
03/19/2014,IXD,KS,ACE,CE,Federal Contract Tower,0,2,21,0,23,0,0,30,1,31,0,2,51,1,54,38,0,38,92
03/20/2014,IXD,KS,ACE,CE,Federal Contract Tower,0,9,33,3,45,0,1,46,8,55,0,10,79,11,100,38,6,44,144
03/21/2014,IXD,KS,ACE,CE,Federal Contract Tower,0,6,24,3,33,0,0,58,3,61,0,6,82,6,94,50,2,52,146
03/22/2014,IXD,KS,ACE,CE,Federal Contract Tower,0,0,12,0,12,0,0,37,0,37,0,0,49,0,49,26,0,26,75
03/23/2014,IXD,KS,ACE,CE,Federal Contract Tower,0,5,19,0,24,0,0,42,0,42,0,5,61,0,66,98,0,98,164
03/24/2014,IXD,KS,ACE,CE,Federal Contract Tower,0,2,19,3,24,0,0,10,1,11,0,2,29,4,35,22,6,28,63
03/25/2014,IXD,KS,ACE,CE,Federal Contract Tower,0,7,16,1,24,0,0,42,4,46,0,7,58,5,70,46,0,46,116
03/26/2014,IXD,KS,ACE,CE,Federal Contract Tower,0,4,17,0,21,0,2,26,6,34,0,6,43,6,55,4,26,30,85
03/27/2014,IXD,KS,ACE,CE,Federal Contract Tower,0,11,11,0,22,0,0,4,4,8,0,11,15,4,30,0,0,0,30
03/28/2014,IXD,KS,ACE,CE,Federal Contract Tower,0,6,33,0,39,0,0,45,5,50,0,6,78,5,89,102,0,102,191
03/29/2014,IXD,KS,ACE,CE,Federal Contract Tower,0,0,14,0,14,0,0,98,1,99,0,0,112,1,113,178,1,179,292
03/30/2014,IXD,KS,ACE,CE,Federal Contract Tower,0,7,11,0,18,0,0,24,0,24,0,7,35,0,42,24,0,24,66
03/31/2014,IXD,KS,ACE,CE,Federal Contract Tower,0,6,20,0,26,0,0,15,2,17,0,6,35,2,43,4,0,4,47
04/01/2014,IXD,KS,ACE,CE,Federal Contract Tower,0,2,21,4,27,0,0,29,3,32,0,2,50,7,59,38,0,38,97
04/02/2014,IXD,KS,ACE,CE,Federal Contract Tower,0,2,21,0,23,0,0,0,0,0,0,2,21,0,23,0,0,0,23
04/03/2014,IXD,KS,ACE,CE,Federal Contract Tower,0,5,16,1,22,0,0,17,0,17,0,5,33,1,39,44,0,44,83
04/04/2014,IXD,KS,ACE,CE,Federal Contract Tower,0,5,14,2,21,0,2,27,10,39,0,7,41,12,60,64,0,64,124
04/05/2014,IXD,KS,ACE,CE,Federal Contract Tower,0,2,19,0,21,0,5,101,3,109,0,7,120,3,130,108,0,108,238
04/06/2014,IXD,KS,ACE,CE,Federal Contract Tower,0,3,7,0,10,0,4,52,0,56,0,7,59,0,66,54,0,54,120
04/07/2014,IXD,KS,ACE,CE,Federal Contract Tower,0,5,22,1,28,0,0,20,2,22,0,5,42,3,50,44,8,52,102
04/08/2014,IXD,KS,ACE,CE,Federal Contract Tower,0,4,27,0,31,0,0,36,2,38,0,4,63,2,69,12,0,12,81
04/09/2014,IXD,KS,ACE,CE,Federal Contract Tower,0,0,22,0,22,0,2,53,0,55,0,2,75,0,77,52,0,52,129
04/10/2014,IXD,KS,ACE,CE,Federal Contract Tower,0,10,36,1,47,0,0,68,3,71,0,10,104,4,118,108,0,108,226
04/11/2014,IXD,KS,ACE,CE,Federal Contract Tower,0,8,36,4,48,0,0,69,4,73,0,8,105,8,121,142,0,142,263
04/12/2014,IXD,KS,ACE,CE,Federal Contract Tower,0,5,8,0,13,0,1,20,0,21,0,6,28,0,34,12,0,12,46
04/13/2014,IXD,KS,ACE,CE,Federal Contract Tower,0,5,5,0,10,0,0,6,0,6,0,5,11,0,16,24,0,24,40
04/14/2014,IXD,KS,ACE,CE,Federal Contract Tower,0,6,16,0,22,0,0,6,2,8,0,6,22,2,30,2,0,2,32
04/15/2014,IXD,KS,ACE,CE,Federal Contract Tower,0,6,28,0,34,0,0,63,4,67,0,6,91,4,101,128,0,128,229
04/16/2014,IXD,KS,ACE,CE,Federal Contract Tower,0,4,22,5,31,0,0,32,4,36,0,4,54,9,67,0,0,0,67
04/17/2014,IXD,KS,ACE,CE,Federal Contract Tower,0,6,14,3,23,0,0,34,10,44,0,6,48,13,67,92,6,98,165
04/18/2014,IXD,KS,ACE,CE,Federal Contract Tower,0,5,23,2,30,0,0,103,7,110,0,5,126,9,140,160,0,160,300
04/19/2014,IXD,KS,ACE,CE,Federal Contract Tower,0,1,9,0,10,0,0,47,0,47,0,1,56,0,57,98,0,98,155
04/20/2014,IXD,KS,ACE,CE,Federal Contract Tower,0,2,11,0,13,0,0,27,0,27,0,2,38,0,40,8,0,8,48
04/21/2014,IXD,KS,ACE,CE,Federal Contract Tower,0,6,23,1,30,0,0,23,4,27,0,6,46,5,57,36,8,44,101
04/22/2014,IXD,KS,ACE,CE,Federal Contract Tower,0,1,25,4,30,0,0,65,2,67,0,1,90,6,97,110,0,110,207
04/23/2014,IXD,KS,ACE,CE,Federal Contract Tower,0,6,24,0,30,0,2,27,3,32,0,8,51,3,62,6,0,6,68
04/24/2014,IXD,KS,ACE,CE,Federal Contract Tower,0,10,42,0,52,0,0,9,4,13,0,10,51,4,65,36,0,36,101
04/25/2014,IXD,KS,ACE,CE,Federal Contract Tower,0,6,43,8,57,0,0,140,21,161,0,6,183,29,218,206,2,208,426
04/26/2014,IXD,KS,ACE,CE,Federal Contract Tower,0,2,11,5,18,0,0,143,3,146,0,2,154,8,164,74,2,76,240
04/27/2014,IXD,KS,ACE,CE,Federal Contract Tower,0,1,9,0,10,0,0,14,0,14,0,1,23,0,24,28,0,28,52
04/28/2014,IXD,KS,ACE,CE,Federal Contract Tower,0,8,37,1,46,0,4,34,3,41,0,12,71,4,87,80,0,80,167
04/29/2014,IXD,KS,ACE,CE,Federal Contract Tower,0,3,32,1,36,0,0,0,0,0,0,3,32,1,36,0,0,0,36
04/30/2014,IXD,KS,ACE,CE,Federal Contract Tower,0,3,21,2,26,0,0,16,3,19,0,3,37,5,45,28,0,28,73
05/01/2014,IXD,KS,ACE,CE,Federal Contract Tower,0,4,24,1,29,0,0,24,4,28,0,4,48,5,57,74,0,74,131
05/02/2014,IXD,KS,ACE,CE,Federal Contract Tower,0,2,36,3,41,0,0,64,0,64,0,2,100,3,105,174,0,174,279
05/03/2014,IXD,KS,ACE,CE,Federal Contract Tower,0,1,19,0,20,0,0,103,0,103,0,1,122,0,123,162,0,162,285
05/04/2014,IXD,KS,ACE,CE,Federal Contract Tower,0,5,13,0,18,0,1,70,0,71,0,6,83,0,89,32,0,32,121
05/05/2014,IXD,KS,ACE,CE,Federal Contract Tower,0,3,31,0,34,0,0,47,0,47,0,3,78,0,81,58,0,58,139
05/06/2014,IXD,KS,ACE,CE,Federal Contract Tower,0,3,15,0,18,0,0,55,2,57,0,3,70,2,75,46,0,46,121
05/07/2014,IXD,KS,ACE,CE,Federal Contract Tower,0,1,27,3,31,0,0,56,3,59,0,1,83,6,90,20,0,20,110
05/08/2014,IXD,KS,ACE,CE,Federal Contract Tower,0,9,13,2,24,0,0,29,0,29,0,9,42,2,53,10,0,10,63
05/09/2014,IXD,KS,ACE,CE,Federal Contract Tower,0,0,25,1,26,0,0,74,4,78,0,0,99,5,104,102,0,102,206
05/10/2014,IXD,KS,ACE,CE,Federal Contract Tower,0,6,16,5,27,0,0,47,6,53,0,6,63,11,80,84,0,84,164
05/11/2014,IXD,KS,ACE,CE,Federal Contract Tower,0,2,12,3,17,0,0,5,0,5,0,2,17,3,22,0,0,0,22
05/12/2014,IXD,KS,ACE,CE,Federal Contract Tower,0,0,11,0,11,0,0,7,0,7,0,0,18,0,18,2,0,2,20
05/13/2014,IXD,KS,ACE,CE,Federal Contract Tower,0,6,23,4,33,0,0,40,0,40,0,6,63,4,73,80,0,80,153
05/14/2014,IXD,KS,ACE,CE,Federal Contract Tower,0,9,27,1,37,0,0,52,9,61,0,9,79,10,98,156,4,160,258
05/15/2014,IXD,KS,ACE,CE,Federal Contract Tower,0,4,24,0,28,0,0,37,1,38,0,4,61,1,66,26,0,26,92
05/16/2014,IXD,KS,ACE,CE,Federal Contract Tower,0,1,29,0,30,0,0,71,0,71,0,1,100,0,101,84,0,84,185
05/17/2014,IXD,KS,ACE,CE,Federal Contract Tower,0,4,20,1,25,0,0,147,4,151,0,4,167,5,176,198,0,198,374
05/18/2014,IXD,KS,ACE,CE,Federal Contract Tower,0,2,20,0,22,0,0,72,0,72,0,2,92,0,94,86,0,86,180
05/19/2014,IXD,KS,ACE,CE,Federal Contract Tower,0,4,25,1,30,0,0,15,5,20,0,4,40,6,50,8,2,10,60
05/20/2014,IXD,KS,ACE,CE,Federal Contract Tower,0,8,23,3,34,0,0,53,4,57,0,8,76,7,91,82,16,98,189
05/21/2014,IXD,KS,ACE,CE,Federal Contract Tower,0,2,36,0,38,0,0,84,5,89,0,2,120,5,127,108,8,116,243
05/22/2014,IXD,KS,ACE,CE,Federal Contract Tower,0,6,24,1,31,0,0,44,11,55,0,6,68,12,86,50,6,56,142
05/23/2014,IXD,KS,ACE,CE,Federal Contract Tower,0,6,45,0,51,0,0,46,0,46,0,6,91,0,97,48,0,48,145
05/24/2014,IXD,KS,ACE,CE,Federal Contract Tower,0,0,14,0,14,0,0,19,2,21,0,0,33,2,35,78,0,78,113
05/25/2014,IXD,KS,ACE,CE,Federal Contract Tower,0,7,8,0,15,0,0,32,0,32,0,7,40,0,47,64,0,64,111
05/26/2014,IXD,KS,ACE,CE,Federal Contract Tower,0,4,29,0,33,0,0,17,0,17,0,4,46,0,50,156,0,156,206
05/27/2014,IXD,KS,ACE,CE,Federal Contract Tower,0,2,24,0,26,0,0,58,6,64,0,2,82,6,90,124,0,124,214
05/28/2014,IXD,KS,ACE,CE,Federal Contract Tower,0,4,24,1,29,0,0,67,3,70,0,4,91,4,99,84,8,92,191
05/29/2014,IXD,KS,ACE,CE,Federal Contract Tower,0,3,27,0,30,0,0,64,2,66,0,3,91,2,96,110,0,110,206
05/30/2014,IXD,KS,ACE,CE,Federal Contract Tower,0,5,32,0,37,0,0,60,2,62,0,5,92,2,99,106,0,106,205
05/31/2014,IXD,KS,ACE,CE,Federal Contract Tower,0,5,12,0,17,0,0,35,0,35,0,5,47,0,52,84,0,84,136
06/01/2014,IXD,KS,ACE,CE,Federal Contract Tower,0,6,24,0,30,0,3,44,0,47,0,9,68,0,77,92,0,92,169
06/02/2014,IXD,KS,ACE,CE,Federal Contract Tower,0,6,26,3,35,0,0,40,1,41,0,6,66,4,76,36,0,36,112
06/03/2014,IXD,KS,ACE,CE,Federal Contract Tower,0,4,27,0,31,0,0,57,1,58,0,4,84,1,89,112,0,112,201
06/04/2014,IXD,KS,ACE,CE,Federal Contract Tower,0,6,22,2,30,0,0,55,3,58,0,6,77,5,88,122,0,122,210
06/05/2014,IXD,KS,ACE,CE,Federal Contract Tower,0,2,18,0,20,0,0,27,4,31,0,2,45,4,51,32,0,32,83
06/06/2014,IXD,KS,ACE,CE,Federal Contract Tower,0,4,21,0,25,0,0,69,6,75,0,4,90,6,100,72,0,72,172
06/07/2014,IXD,KS,ACE,CE,Federal Contract Tower,0,2,15,0,17,0,0,14,0,14,0,2,29,0,31,14,0,14,45
06/08/2014,IXD,KS,ACE,CE,Federal Contract Tower,0,2,13,3,18,0,0,44,7,51,0,2,57,10,69,78,2,80,149
06/09/2014,IXD,KS,ACE,CE,Federal Contract Tower,0,3,26,0,29,0,0,4,2,6,0,3,30,2,35,8,6,14,49
06/10/2014,IXD,KS,ACE,CE,Federal Contract Tower,0,4,19,0,23,0,0,21,5,26,0,4,40,5,49,84,0,84,133
06/11/2014,IXD,KS,ACE,CE,Federal Contract Tower,0,6,31,2,39,0,1,86,1,88,0,7,117,3,127,172,2,174,301
06/12/2014,IXD,KS,ACE,CE,Federal Contract Tower,0,3,25,0,28,0,0,55,9,64,0,3,80,9,92,124,0,124,216
06/13/2014,IXD,KS,ACE,CE,Federal Contract Tower,0,6,26,0,32,0,0,68,2,70,0,6,94,2,102,90,0,90,192
06/14/2014,IXD,KS,ACE,CE,Federal Contract Tower,0,2,11,3,16,0,0,75,0,75,0,2,86,3,91,26,0,26,117
06/15/2014,IXD,KS,ACE,CE,Federal Contract Tower,0,7,17,1,25,0,1,20,0,21,0,8,37,1,46,10,0,10,56
06/16/2014,IXD,KS,ACE,CE,Federal Contract Tower,0,5,19,2,26,0,0,35,2,37,0,5,54,4,63,44,0,44,107
06/17/2014,IXD,KS,ACE,CE,Federal Contract Tower,0,3,19,1,23,0,0,47,2,49,0,3,66,3,72,44,0,44,116
06/18/2014,IXD,KS,ACE,CE,Federal Contract Tower,0,4,20,2,26,0,0,48,4,52,0,4,68,6,78,60,0,60,138
06/19/2014,IXD,KS,ACE,CE,Federal Contract Tower,0,11,25,0,36,0,0,46,2,48,0,11,71,2,84,92,4,96,180
06/20/2014,IXD,KS,ACE,CE,Federal Contract Tower,0,3,17,0,20,0,0,59,1,60,0,3,76,1,80,130,0,130,210
06/21/2014,IXD,KS,ACE,CE,Federal Contract Tower,0,3,17,0,20,0,0,101,0,101,0,3,118,0,121,166,0,166,287
06/22/2014,IXD,KS,ACE,CE,Federal Contract Tower,0,2,14,0,16,0,0,64,0,64,0,2,78,0,80,104,0,104,184
06/23/2014,IXD,KS,ACE,CE,Federal Contract Tower,0,9,20,0,29,0,0,38,4,42,0,9,58,4,71,62,0,62,133
06/24/2014,IXD,KS,ACE,CE,Federal Contract Tower,0,4,24,1,29,0,2,46,13,61,0,6,70,14,90,108,6,114,204
06/25/2014,IXD,KS,ACE,CE,Federal Contract Tower,0,0,20,0,20,0,0,42,7,49,0,0,62,7,69,76,0,76,145
06/26/2014,IXD,KS,ACE,CE,Federal Contract Tower,0,4,34,0,38,0,0,40,2,42,0,4,74,2,80,76,2,78,158
06/27/2014,IXD,KS,ACE,CE,Federal Contract Tower,0,4,39,2,45,0,0,38,3,41,0,4,77,5,86,60,0,60,146
06/28/2014,IXD,KS,ACE,CE,Federal Contract Tower,0,2,6,0,8,0,0,30,0,30,0,2,36,0,38,34,0,34,72
06/29/2014,IXD,KS,ACE,CE,Federal Contract Tower,0,2,20,0,22,0,2,35,0,37,0,4,55,0,59,90,0,90,149
06/30/2014,IXD,KS,ACE,CE,Federal Contract Tower,0,4,30,0,34,0,0,33,0,33,0,4,63,0,67,64,0,64,131
07/01/2014,IXD,KS,ACE,CE,Federal Contract Tower,0,2,34,0,36,0,0,56,4,60,0,2,90,4,96,152,0,152,248
07/02/2014,IXD,KS,ACE,CE,Federal Contract Tower,0,5,22,0,27,0,0,68,8,76,0,5,90,8,103,94,0,94,197
07/03/2014,IXD,KS,ACE,CE,Federal Contract Tower,0,1,33,1,35,0,0,75,0,75,0,1,108,1,110,88,0,88,198
07/04/2014,IXD,KS,ACE,CE,Federal Contract Tower,0,1,15,0,16,0,0,38,0,38,0,1,53,0,54,34,0,34,88
07/05/2014,IXD,KS,ACE,CE,Federal Contract Tower,0,2,9,2,13,0,0,39,0,39,0,2,48,2,52,32,4,36,88
07/06/2014,IXD,KS,ACE,CE,Federal Contract Tower,0,6,24,4,34,0,0,29,2,31,0,6,53,6,65,50,16,66,131
07/07/2014,IXD,KS,ACE,CE,Federal Contract Tower,0,2,14,2,18,0,0,41,0,41,0,2,55,2,59,84,0,84,143
07/08/2014,IXD,KS,ACE,CE,Federal Contract Tower,0,3,14,0,17,0,0,49,5,54,0,3,63,5,71,58,2,60,131
07/09/2014,IXD,KS,ACE,CE,Federal Contract Tower,0,9,25,0,34,0,0,70,7,77,0,9,95,7,111,54,0,54,165
07/10/2014,IXD,KS,ACE,CE,Federal Contract Tower,0,11,22,0,33,0,0,41,0,41,0,11,63,0,74,70,0,70,144
07/11/2014,IXD,KS,ACE,CE,Federal Contract Tower,0,5,17,3,25,0,0,37,5,42,0,5,54,8,67,14,0,14,81
07/12/2014,IXD,KS,ACE,CE,Federal Contract Tower,0,6,7,1,14,0,0,75,5,80,0,6,82,6,94,94,6,100,194
07/13/2014,IXD,KS,ACE,CE,Federal Contract Tower,0,4,18,1,23,0,0,59,0,59,0,4,77,1,82,62,0,62,144
07/14/2014,IXD,KS,ACE,CE,Federal Contract Tower,0,7,25,0,32,0,0,40,0,40,0,7,65,0,72,48,0,48,120
07/15/2014,IXD,KS,ACE,CE,Federal Contract Tower,0,3,29,0,32,0,0,75,5,80,0,3,104,5,112,68,0,68,180
07/16/2014,IXD,KS,ACE,CE,Federal Contract Tower,0,5,33,0,38,0,0,89,7,96,0,5,122,7,134,104,0,104,238
07/17/2014,IXD,KS,ACE,CE,Federal Contract Tower,0,7,25,0,32,0,0,63,4,67,0,7,88,4,99,132,0,132,231
07/18/2014,IXD,KS,ACE,CE,Federal Contract Tower,0,3,32,3,38,0,0,57,1,58,0,3,89,4,96,103,0,103,199
07/19/2014,IXD,KS,ACE,CE,Federal Contract Tower,0,1,21,0,22,0,0,90,1,91,0,1,111,1,113,138,0,138,251
07/20/2014,IXD,KS,ACE,CE,Federal Contract Tower,0,7,17,0,24,0,0,51,1,52,0,7,68,1,76,72,0,72,148
07/21/2014,IXD,KS,ACE,CE,Federal Contract Tower,0,6,19,0,25,0,0,40,3,43,0,6,59,3,68,44,0,44,112
07/22/2014,IXD,KS,ACE,CE,Federal Contract Tower,0,1,31,2,34,0,0,59,2,61,0,1,90,4,95,86,0,86,181
07/23/2014,IXD,KS,ACE,CE,Federal Contract Tower,0,2,33,0,35,0,0,59,2,61,0,2,92,2,96,40,0,40,136
07/24/2014,IXD,KS,ACE,CE,Federal Contract Tower,0,15,36,0,51,0,0,67,8,75,0,15,103,8,126,68,0,68,194
07/25/2014,IXD,KS,ACE,CE,Federal Contract Tower,0,2,12,0,14,0,0,40,0,40,0,2,52,0,54,56,0,56,110
07/26/2014,IXD,KS,ACE,CE,Federal Contract Tower,0,6,17,0,23,0,0,57,0,57,0,6,74,0,80,90,0,90,170
07/27/2014,IXD,KS,ACE,CE,Federal Contract Tower,0,1,30,0,31,0,0,70,0,70,0,1,100,0,101,44,0,44,145
07/28/2014,IXD,KS,ACE,CE,Federal Contract Tower,0,6,13,0,19,0,6,51,14,71,0,12,64,14,90,72,0,72,162
07/29/2014,IXD,KS,ACE,CE,Federal Contract Tower,0,2,27,0,29,0,0,53,4,57,0,2,80,4,86,58,0,58,144
07/30/2014,IXD,KS,ACE,CE,Federal Contract Tower,0,7,34,1,42,0,0,32,3,35,0,7,66,4,77,102,12,114,191
07/31/2014,IXD,KS,ACE,CE,Federal Contract Tower,0,7,39,2,48,0,0,57,3,60,0,7,96,5,108,134,0,134,242
08/01/2014,IXD,KS,ACE,CE,Federal Contract Tower,0,4,36,1,41,0,0,56,2,58,0,4,92,3,99,76,0,76,175
08/02/2014,IXD,KS,ACE,CE,Federal Contract Tower,0,8,33,6,47,0,0,89,2,91,0,8,122,8,138,134,4,138,276
08/03/2014,IXD,KS,ACE,CE,Federal Contract Tower,0,1,23,3,27,0,0,39,0,39,0,1,62,3,66,12,0,12,78
08/04/2014,IXD,KS,ACE,CE,Federal Contract Tower,0,4,28,0,32,0,0,43,4,47,0,4,71,4,79,44,0,44,123
08/05/2014,IXD,KS,ACE,CE,Federal Contract Tower,0,5,25,0,30,0,0,47,9,56,0,5,72,9,86,60,0,60,146
08/06/2014,IXD,KS,ACE,CE,Federal Contract Tower,0,7,15,0,22,0,0,39,0,39,0,7,54,0,61,28,0,28,89
08/07/2014,IXD,KS,ACE,CE,Federal Contract Tower,0,10,16,2,28,0,0,22,2,24,0,10,38,4,52,30,0,30,82
08/08/2014,IXD,KS,ACE,CE,Federal Contract Tower,0,5,38,0,43,0,0,37,1,38,0,5,75,1,81,76,0,76,157
08/09/2014,IXD,KS,ACE,CE,Federal Contract Tower,0,13,24,0,37,0,1,26,8,35,0,14,50,8,72,68,0,68,140
08/10/2014,IXD,KS,ACE,CE,Federal Contract Tower,0,3,8,2,13,0,0,17,0,17,0,3,25,2,30,38,0,38,68
08/11/2014,IXD,KS,ACE,CE,Federal Contract Tower,0,6,21,2,29,0,0,39,2,41,0,6,60,4,70,130,2,132,202
08/12/2014,IXD,KS,ACE,CE,Federal Contract Tower,0,1,30,1,32,0,0,53,1,54,0,1,83,2,86,86,0,86,172
08/13/2014,IXD,KS,ACE,CE,Federal Contract Tower,0,2,29,0,31,0,2,72,4,78,0,4,101,4,109,84,6,90,199
08/14/2014,IXD,KS,ACE,CE,Federal Contract Tower,0,1,41,0,42,0,0,56,7,63,0,1,97,7,105,62,0,62,167
08/15/2014,IXD,KS,ACE,CE,Federal Contract Tower,0,4,24,2,30,0,0,45,4,49,0,4,69,6,79,96,0,96,175
08/16/2014,IXD,KS,ACE,CE,Federal Contract Tower,0,3,14,0,17,0,0,48,1,49,0,3,62,1,66,112,0,112,178
08/17/2014,IXD,KS,ACE,CE,Federal Contract Tower,0,0,24,12,36,0,1,45,0,46,0,1,69,12,82,92,0,92,174
08/18/2014,IXD,KS,ACE,CE,Federal Contract Tower,0,4,11,0,15,0,0,61,1,62,0,4,72,1,77,98,0,98,175
08/19/2014,IXD,KS,ACE,CE,Federal Contract Tower,0,5,18,0,23,0,0,51,6,57,0,5,69,6,80,48,0,48,128
08/20/2014,IXD,KS,ACE,CE,Federal Contract Tower,0,3,31,0,34,0,0,36,31,67,0,3,67,31,101,60,16,76,177
08/21/2014,IXD,KS,ACE,CE,Federal Contract Tower,0,5,32,1,38,0,6,60,0,66,0,11,92,1,104,80,0,80,184
08/22/2014,IXD,KS,ACE,CE,Federal Contract Tower,0,6,23,2,31,0,0,41,3,44,0,6,64,5,75,82,0,82,157
08/23/2014,IXD,KS,ACE,CE,Federal Contract Tower,0,2,19,2,23,0,2,79,0,81,0,4,98,2,104,96,0,96,200
08/24/2014,IXD,KS,ACE,CE,Federal Contract Tower,0,8,15,2,25,0,0,48,0,48,0,8,63,2,73,86,0,86,159
08/25/2014,IXD,KS,ACE,CE,Federal Contract Tower,0,4,16,1,21,0,0,53,0,53,0,4,69,1,74,78,0,78,152
08/26/2014,IXD,KS,ACE,CE,Federal Contract Tower,0,10,32,0,42,0,0,38,2,40,0,10,70,2,82,52,0,52,134
08/27/2014,IXD,KS,ACE,CE,Federal Contract Tower,0,7,24,0,31,0,0,53,3,56,0,7,77,3,87,124,2,126,213
08/28/2014,IXD,KS,ACE,CE,Federal Contract Tower,0,6,16,0,22,0,0,39,3,42,0,6,55,3,64,98,0,98,162
08/29/2014,IXD,KS,ACE,CE,Federal Contract Tower,0,0,21,0,21,0,0,30,0,30,0,0,51,0,51,106,0,106,157
08/30/2014,IXD,KS,ACE,CE,Federal Contract Tower,0,0,7,0,7,0,0,84,0,84,0,0,91,0,91,94,0,94,185
08/31/2014,IXD,KS,ACE,CE,Federal Contract Tower,0,2,9,0,11,0,0,36,0,36,0,2,45,0,47,58,0,58,105
09/01/2014,IXD,KS,ACE,CE,Federal Contract Tower,0,0,15,0,15,0,0,30,0,30,0,0,45,0,45,70,0,70,115
09/02/2014,IXD,KS,ACE,CE,Federal Contract Tower,0,2,23,0,25,0,0,22,5,27,0,2,45,5,52,76,10,86,138
09/03/2014,IXD,KS,ACE,CE,Federal Contract Tower,0,0,27,1,28,0,0,33,1,34,0,0,60,2,62,56,0,56,118
09/04/2014,IXD,KS,ACE,CE,Federal Contract Tower,0,10,27,3,40,0,1,53,10,64,0,11,80,13,104,42,4,46,150
09/05/2014,IXD,KS,ACE,CE,Federal Contract Tower,0,10,37,1,48,0,0,54,3,57,0,10,91,4,105,56,0,56,161
09/06/2014,IXD,KS,ACE,CE,Federal Contract Tower,0,2,29,0,31,0,1,96,0,97,0,3,125,0,128,26,0,26,154
09/07/2014,IXD,KS,ACE,CE,Federal Contract Tower,2,2,14,0,18,0,0,137,0,137,2,2,151,0,155,54,0,54,209
09/08/2014,IXD,KS,ACE,CE,Federal Contract Tower,0,1,29,0,30,0,0,41,0,41,0,1,70,0,71,152,0,152,223
09/09/2014,IXD,KS,ACE,CE,Federal Contract Tower,0,5,21,2,28,0,0,21,1,22,0,5,42,3,50,36,0,36,86
09/10/2014,IXD,KS,ACE,CE,Federal Contract Tower,0,2,27,2,31,0,0,9,8,17,0,2,36,10,48,8,10,18,66
09/11/2014,IXD,KS,ACE,CE,Federal Contract Tower,0,7,28,0,35,0,0,11,5,16,0,7,39,5,51,14,4,18,69
09/12/2014,IXD,KS,ACE,CE,Federal Contract Tower,0,9,31,0,40,0,0,39,6,45,0,9,70,6,85,58,0,58,143
09/13/2014,IXD,KS,ACE,CE,Federal Contract Tower,0,3,16,0,19,0,2,128,6,136,0,5,144,6,155,58,0,58,213
09/14/2014,IXD,KS,ACE,CE,Federal Contract Tower,0,0,18,0,18,0,2,136,5,143,0,2,154,5,161,60,0,60,221
09/15/2014,IXD,KS,ACE,CE,Federal Contract Tower,0,2,37,2,41,0,0,20,16,36,0,2,57,18,77,4,0,4,81
09/16/2014,IXD,KS,ACE,CE,Federal Contract Tower,0,2,33,2,37,0,0,86,2,88,0,2,119,4,125,114,18,132,257
09/17/2014,IXD,KS,ACE,CE,Federal Contract Tower,0,2,52,0,54,0,0,7,2,9,0,2,59,2,63,64,0,64,127
09/18/2014,IXD,KS,ACE,CE,Federal Contract Tower,0,5,32,1,38,0,0,18,2,20,0,5,50,3,58,72,0,72,130
09/19/2014,IXD,KS,ACE,CE,Federal Contract Tower,0,4,25,0,29,0,0,47,0,47,0,4,72,0,76,40,0,40,116
09/20/2014,IXD,KS,ACE,CE,Federal Contract Tower,0,4,3,0,7,0,0,49,4,53,0,4,52,4,60,160,0,160,220
09/21/2014,IXD,KS,ACE,CE,Federal Contract Tower,0,8,34,0,42,0,0,62,0,62,0,8,96,0,104,104,0,104,208
09/22/2014,IXD,KS,ACE,CE,Federal Contract Tower,0,4,22,4,30,0,0,43,12,55,0,4,65,16,85,90,14,104,189
09/23/2014,IXD,KS,ACE,CE,Federal Contract Tower,0,4,39,0,43,0,0,56,8,64,0,4,95,8,107,92,0,92,199
09/24/2014,IXD,KS,ACE,CE,Federal Contract Tower,0,6,25,0,31,0,0,39,2,41,0,6,64,2,72,70,0,70,142
09/25/2014,IXD,KS,ACE,CE,Federal Contract Tower,0,8,27,1,36,0,0,60,50,110,0,8,87,51,146,128,68,196,342
09/26/2014,IXD,KS,ACE,CE,Federal Contract Tower,0,5,25,8,38,0,0,82,26,108,0,5,107,34,146,102,32,134,280
09/27/2014,IXD,KS,ACE,CE,Federal Contract Tower,0,0,19,0,19,0,0,72,2,74,0,0,91,2,93,178,0,178,271
09/28/2014,IXD,KS,ACE,CE,Federal Contract Tower,0,1,27,0,28,0,0,49,1,50,0,1,76,1,78,130,0,130,208
09/29/2014,IXD,KS,ACE,CE,Federal Contract Tower,0,9,27,4,40,0,0,56,15,71,0,9,83,19,111,130,2,132,243
09/30/2014,IXD,KS,ACE,CE,Federal Contract Tower,0,2,26,5,33,0,0,51,15,66,0,2,77,20,99,90,0,90,189
10/01/2014,IXD,KS,ACE,CE,Federal Contract Tower,0,3,20,0,23,0,0,16,10,26,0,3,36,10,49,44,10,54,103
10/02/2014,IXD,KS,ACE,CE,Federal Contract Tower,0,3,28,0,31,0,0,7,0,7,0,3,35,0,38,0,0,0,38
10/03/2014,IXD,KS,ACE,CE,Federal Contract Tower,0,7,43,5,55,0,0,56,18,74,0,7,99,23,129,22,26,48,177
10/04/2014,IXD,KS,ACE,CE,Federal Contract Tower,0,0,20,0,20,0,0,46,1,47,0,0,66,1,67,42,0,42,109
10/05/2014,IXD,KS,ACE,CE,Federal Contract Tower,0,4,19,0,23,0,3,34,6,43,0,7,53,6,66,32,0,32,98
10/06/2014,IXD,KS,ACE,CE,Federal Contract Tower,0,5,21,9,35,0,0,52,19,71,0,5,73,28,106,128,4,132,238
10/07/2014,IXD,KS,ACE,CE,Federal Contract Tower,0,1,20,8,29,0,0,52,26,78,0,1,72,34,107,164,6,170,277
10/08/2014,IXD,KS,ACE,CE,Federal Contract Tower,0,5,24,5,34,0,0,48,26,74,0,5,72,31,108,52,4,56,164
10/09/2014,IXD,KS,ACE,CE,Federal Contract Tower,0,6,23,2,31,0,0,0,0,0,0,6,23,2,31,0,0,0,31
10/10/2014,IXD,KS,ACE,CE,Federal Contract Tower,0,9,35,0,44,0,0,24,0,24,0,9,59,0,68,46,0,46,114
10/11/2014,IXD,KS,ACE,CE,Federal Contract Tower,0,0,18,0,18,0,0,78,0,78,0,0,96,0,96,148,0,148,244
10/12/2014,IXD,KS,ACE,CE,Federal Contract Tower,0,2,20,0,22,0,0,1,0,1,0,2,21,0,23,0,0,0,23
10/13/2014,IXD,KS,ACE,CE,Federal Contract Tower,0,4,18,0,22,0,0,0,0,0,0,4,18,0,22,0,0,0,22
10/14/2014,IXD,KS,ACE,CE,Federal Contract Tower,0,8,31,0,39,0,0,26,6,32,0,8,57,6,71,4,16,20,91
10/15/2014,IXD,KS,ACE,CE,Federal Contract Tower,0,9,50,5,64,0,0,58,13,71,0,9,108,18,135,48,30,78,213
10/16/2014,IXD,KS,ACE,CE,Federal Contract Tower,0,3,29,5,37,0,0,78,17,95,0,3,107,22,132,58,20,78,210
10/17/2014,IXD,KS,ACE,CE,Federal Contract Tower,0,3,35,1,39,0,0,74,12,86,0,3,109,13,125,84,28,112,237
10/18/2014,IXD,KS,ACE,CE,Federal Contract Tower,0,5,27,2,34,0,0,86,6,92,0,5,113,8,126,128,0,128,254
10/19/2014,IXD,KS,ACE,CE,Federal Contract Tower,0,7,22,0,29,0,0,63,0,63,0,7,85,0,92,80,0,80,172
10/20/2014,IXD,KS,ACE,CE,Federal Contract Tower,0,7,22,2,31,0,0,37,7,44,0,7,59,9,75,44,20,64,139
10/21/2014,IXD,KS,ACE,CE,Federal Contract Tower,0,9,19,0,28,0,2,51,12,65,0,11,70,12,93,82,14,96,189
10/22/2014,IXD,KS,ACE,CE,Federal Contract Tower,0,7,24,1,32,0,0,57,9,66,0,7,81,10,98,12,8,20,118
10/23/2014,IXD,KS,ACE,CE,Federal Contract Tower,0,11,32,2,45,0,0,20,11,31,0,11,52,13,76,76,2,78,154
10/24/2014,IXD,KS,ACE,CE,Federal Contract Tower,0,6,26,1,33,0,0,67,5,72,0,6,93,6,105,138,0,138,243
10/25/2014,IXD,KS,ACE,CE,Federal Contract Tower,0,3,18,6,27,0,0,86,0,86,0,3,104,6,113,132,0,132,245
10/26/2014,IXD,KS,ACE,CE,Federal Contract Tower,0,9,19,0,28,0,1,46,0,47,0,10,65,0,75,34,0,34,109
10/27/2014,IXD,KS,ACE,CE,Federal Contract Tower,0,9,31,1,41,0,0,44,12,56,0,9,75,13,97,58,2,60,157
10/28/2014,IXD,KS,ACE,CE,Federal Contract Tower,0,13,30,0,43,0,0,47,4,51,0,13,77,4,94,84,0,84,178
10/29/2014,IXD,KS,ACE,CE,Federal Contract Tower,0,2,29,3,34,0,0,56,13,69,0,2,85,16,103,124,22,146,249
10/30/2014,IXD,KS,ACE,CE,Federal Contract Tower,0,4,39,5,48,0,2,28,5,35,0,6,67,10,83,10,0,10,93
10/31/2014,IXD,KS,ACE,CE,Federal Contract Tower,0,4,24,0,28,0,0,20,0,20,0,4,44,0,48,18,0,18,66
11/01/2014,IXD,KS,ACE,CE,Federal Contract Tower,0,4,15,0,19,0,0,64,3,67,0,4,79,3,86,108,0,108,194
11/02/2014,IXD,KS,ACE,CE,Federal Contract Tower,0,7,15,0,22,0,0,29,2,31,0,7,44,2,53,26,0,26,79
11/03/2014,IXD,KS,ACE,CE,Federal Contract Tower,0,6,18,0,24,0,0,11,4,15,0,6,29,4,39,0,0,0,39
11/04/2014,IXD,KS,ACE,CE,Federal Contract Tower,0,6,22,2,30,0,0,30,6,36,0,6,52,8,66,34,0,34,100
11/05/2014,IXD,KS,ACE,CE,Federal Contract Tower,0,9,19,0,28,0,0,51,5,56,0,9,70,5,84,62,2,64,148
11/06/2014,IXD,KS,ACE,CE,Federal Contract Tower,0,8,17,2,27,0,0,64,14,78,0,8,81,16,105,46,10,56,161
11/07/2014,IXD,KS,ACE,CE,Federal Contract Tower,0,3,37,3,43,0,0,71,7,78,0,3,108,10,121,72,0,72,193
11/08/2014,IXD,KS,ACE,CE,Federal Contract Tower,0,2,9,0,11,0,0,80,8,88,0,2,89,8,99,104,0,104,203
11/09/2014,IXD,KS,ACE,CE,Federal Contract Tower,0,1,25,0,26,0,0,64,0,64,0,1,89,0,90,94,0,94,184
11/10/2014,IXD,KS,ACE,CE,Federal Contract Tower,0,5,10,0,15,0,0,47,4,51,0,5,57,4,66,26,0,26,92
11/11/2014,IXD,KS,ACE,CE,Federal Contract Tower,0,8,12,0,20,0,0,12,0,12,0,8,24,0,32,0,0,0,32
11/12/2014,IXD,KS,ACE,CE,Federal Contract Tower,0,5,33,0,38,0,0,32,0,32,0,5,65,0,70,30,0,30,100
11/13/2014,IXD,KS,ACE,CE,Federal Contract Tower,0,0,30,1,31,0,0,22,2,24,0,0,52,3,55,50,0,50,105
11/14/2014,IXD,KS,ACE,CE,Federal Contract Tower,0,2,25,0,27,0,0,59,10,69,0,2,84,10,96,78,6,84,180
11/15/2014,IXD,KS,ACE,CE,Federal Contract Tower,0,2,3,1,6,0,0,9,19,28,0,2,12,20,34,32,12,44,78
11/16/2014,IXD,KS,ACE,CE,Federal Contract Tower,0,3,11,0,14,0,1,32,0,33,0,4,43,0,47,66,0,66,113
11/17/2014,IXD,KS,ACE,CE,Federal Contract Tower,0,7,22,1,30,0,0,19,2,21,0,7,41,3,51,4,0,4,55
11/18/2014,IXD,KS,ACE,CE,Federal Contract Tower,0,8,30,0,38,0,0,28,4,32,0,8,58,4,70,40,2,42,112
11/19/2014,IXD,KS,ACE,CE,Federal Contract Tower,0,8,14,0,22,0,2,26,6,34,0,10,40,6,56,50,2,52,108
11/20/2014,IXD,KS,ACE,CE,Federal Contract Tower,0,1,23,0,24,0,0,50,62,112,0,1,73,62,136,84,68,152,288
11/21/2014,IXD,KS,ACE,CE,Federal Contract Tower,0,3,29,4,36,0,0,15,37,52,0,3,44,41,88,34,26,60,148
11/22/2014,IXD,KS,ACE,CE,Federal Contract Tower,0,2,5,1,8,0,0,2,0,2,0,2,7,1,10,0,0,0,10
11/23/2014,IXD,KS,ACE,CE,Federal Contract Tower,0,2,11,1,14,0,0,0,0,0,0,2,11,1,14,0,0,0,14
11/24/2014,IXD,KS,ACE,CE,Federal Contract Tower,2,6,19,7,34,0,0,30,26,56,2,6,49,33,90,46,4,50,140
11/25/2014,IXD,KS,ACE,CE,Federal Contract Tower,0,2,19,5,26,0,0,71,24,95,0,2,90,29,121,98,4,102,223
11/26/2014,IXD,KS,ACE,CE,Federal Contract Tower,0,4,24,1,29,0,0,19,1,20,0,4,43,2,49,16,0,16,65
11/27/2014,IXD,KS,ACE,CE,Federal Contract Tower,0,0,5,0,5,0,0,18,0,18,0,0,23,0,23,16,0,16,39
11/28/2014,IXD,KS,ACE,CE,Federal Contract Tower,0,4,11,0,15,0,0,42,0,42,0,4,53,0,57,22,0,22,79
11/29/2014,IXD,KS,ACE,CE,Federal Contract Tower,0,2,14,0,16,0,2,72,0,74,0,4,86,0,90,106,0,106,196
11/30/2014,IXD,KS,ACE,CE,Federal Contract Tower,0,8,33,0,41,0,0,17,0,17,0,8,50,0,58,30,0,30,88
12/01/2014,IXD,KS,ACE,CE,Federal Contract Tower,0,9,18,2,29,0,0,24,27,51,0,9,42,29,80,78,8,86,166
12/02/2014,IXD,KS,ACE,CE,Federal Contract Tower,0,6,18,7,31,0,0,55,29,84,0,6,73,36,115,50,10,60,175
12/03/2014,IXD,KS,ACE,CE,Federal Contract Tower,0,2,33,5,40,0,0,36,21,57,0,2,69,26,97,50,6,56,153
12/04/2014,IXD,KS,ACE,CE,Federal Contract Tower,0,3,10,0,13,0,0,0,0,0,0,3,10,0,13,0,1,1,14
12/05/2014,IXD,KS,ACE,CE,Federal Contract Tower,0,7,26,0,33,0,0,0,0,0,0,7,26,0,33,0,0,0,33
12/06/2014,IXD,KS,ACE,CE,Federal Contract Tower,0,3,10,0,13,0,0,0,0,0,0,3,10,0,13,0,0,0,13
12/07/2014,IXD,KS,ACE,CE,Federal Contract Tower,0,5,11,0,16,0,0,0,0,0,0,5,11,0,16,0,0,0,16
12/08/2014,IXD,KS,ACE,CE,Federal Contract Tower,0,6,31,3,40,0,0,44,27,71,0,6,75,30,111,52,6,58,169
12/09/2014,IXD,KS,ACE,CE,Federal Contract Tower,0,4,18,4,26,0,0,25,26,51,0,4,43,30,77,44,12,56,133
12/10/2014,IXD,KS,ACE,CE,Federal Contract Tower,0,28,2,0,30,0,0,0,0,0,0,28,2,0,30,0,0,0,30
12/11/2014,IXD,KS,ACE,CE,Federal Contract Tower,0,12,22,2,36,0,0,0,0,0,0,12,22,2,36,0,0,0,36
12/12/2014,IXD,KS,ACE,CE,Federal Contract Tower,0,7,39,13,59,0,1,32,35,68,0,8,71,48,127,60,50,110,237
12/13/2014,IXD,KS,ACE,CE,Federal Contract Tower,0,3,13,7,23,0,0,0,0,0,0,3,13,7,23,0,0,0,23
12/14/2014,IXD,KS,ACE,CE,Federal Contract Tower,0,4,15,0,19,0,0,28,0,28,0,4,43,0,47,72,0,72,119
12/15/2014,IXD,KS,ACE,CE,Federal Contract Tower,0,9,17,0,26,0,0,1,0,1,0,9,18,0,27,0,16,16,43
12/16/2014,IXD,KS,ACE,CE,Federal Contract Tower,0,4,28,3,35,0,0,56,14,70,0,4,84,17,105,82,4,86,191
12/17/2014,IXD,KS,ACE,CE,Federal Contract Tower,0,9,22,0,31,0,0,42,0,42,0,9,64,0,73,166,0,166,239
12/18/2014,IXD,KS,ACE,CE,Federal Contract Tower,0,8,18,0,26,0,0,0,0,0,0,8,18,0,26,0,0,0,26
12/19/2014,IXD,KS,ACE,CE,Federal Contract Tower,0,11,16,2,29,0,0,0,0,0,0,11,16,2,29,0,0,0,29
12/20/2014,IXD,KS,ACE,CE,Federal Contract Tower,0,1,18,1,20,0,0,50,0,50,0,1,68,1,70,202,0,202,272
12/21/2014,IXD,KS,ACE,CE,Federal Contract Tower,0,7,12,0,19,0,0,0,0,0,0,7,12,0,19,2,0,2,21
12/22/2014,IXD,KS,ACE,CE,Federal Contract Tower,0,2,14,0,16,0,0,3,0,3,0,2,17,0,19,4,0,4,23
12/23/2014,IXD,KS,ACE,CE,Federal Contract Tower,0,2,20,0,22,0,0,44,3,47,0,2,64,3,69,88,0,88,157
12/24/2014,IXD,KS,ACE,CE,Federal Contract Tower,0,2,2,0,4,0,0,6,0,6,0,2,8,0,10,0,0,0,10
12/25/2014,IXD,KS,ACE,CE,Federal Contract Tower,0,1,3,0,4,0,0,9,0,9,0,1,12,0,13,0,0,0,13
12/26/2014,IXD,KS,ACE,CE,Federal Contract Tower,0,4,21,0,25,0,0,53,0,53,0,4,74,0,78,162,0,162,240
12/27/2014,IXD,KS,ACE,CE,Federal Contract Tower,0,4,25,0,29,0,0,25,0,25,0,4,50,0,54,24,0,24,78
12/28/2014,IXD,KS,ACE,CE,Federal Contract Tower,0,2,12,0,14,0,0,74,0,74,0,2,86,0,88,98,0,98,186
12/29/2014,IXD,KS,ACE,CE,Federal Contract Tower,0,2,23,0,25,0,0,61,0,61,0,2,84,0,86,94,0,94,180
12/30/2014,IXD,KS,ACE,CE,Federal Contract Tower,0,0,26,0,26,0,2,63,0,65,0,2,89,0,91,60,0,60,151
12/31/2014,IXD,KS,ACE,CE,Federal Contract Tower,0,2,14,0,16,0,0,23,0,23,0,2,37,0,39,30,0,30,69
01/01/2015,IXD,KS,ACE,CE,Federal Contract Tower,0,4,8,0,12,0,0,33,0,33,0,4,41,0,45,68,0,68,113
01/02/2015,IXD,KS,ACE,CE,Federal Contract Tower,0,3,13,0,16,0,0,22,0,22,0,3,35,0,38,26,0,26,64
01/03/2015,IXD,KS,ACE,CE,Federal Contract Tower,0,2,2,0,4,0,0,2,0,2,0,2,4,0,6,0,0,0,6
01/04/2015,IXD,KS,ACE,CE,Federal Contract Tower,0,2,17,0,19,0,0,20,0,20,0,2,37,0,39,32,0,32,71
01/05/2015,IXD,KS,ACE,CE,Federal Contract Tower,0,4,17,0,21,0,0,26,0,26,0,4,43,0,47,92,0,92,139
01/06/2015,IXD,KS,ACE,CE,Federal Contract Tower,0,8,24,0,32,0,0,60,2,62,0,8,84,2,94,93,0,93,187
01/07/2015,IXD,KS,ACE,CE,Federal Contract Tower,0,5,23,0,28,0,0,18,6,24,0,5,41,6,52,18,0,18,70
01/08/2015,IXD,KS,ACE,CE,Federal Contract Tower,0,5,13,0,18,0,0,16,6,22,0,5,29,6,40,0,0,0,40
01/09/2015,IXD,KS,ACE,CE,Federal Contract Tower,0,6,17,3,26,0,0,44,9,53,0,6,61,12,79,54,4,58,137
01/10/2015,IXD,KS,ACE,CE,Federal Contract Tower,0,0,7,0,7,0,0,53,10,63,0,0,60,10,70,60,12,72,142
01/11/2015,IXD,KS,ACE,CE,Federal Contract Tower,0,0,7,0,7,0,0,20,0,20,0,0,27,0,27,64,0,64,91
01/12/2015,IXD,KS,ACE,CE,Federal Contract Tower,0,3,29,0,32,0,0,26,0,26,0,3,55,0,58,4,0,4,62
01/13/2015,IXD,KS,ACE,CE,Federal Contract Tower,0,3,25,0,28,0,0,35,2,37,0,3,60,2,65,52,0,52,117
01/14/2015,IXD,KS,ACE,CE,Federal Contract Tower,0,3,26,0,29,0,0,45,5,50,0,3,71,5,79,72,0,72,151
01/15/2015,IXD,KS,ACE,CE,Federal Contract Tower,0,1,38,0,39,0,0,49,4,53,0,1,87,4,92,80,0,80,172
01/16/2015,IXD,KS,ACE,CE,Federal Contract Tower,0,5,35,1,41,0,0,81,0,81,0,5,116,1,122,124,2,126,248
01/17/2015,IXD,KS,ACE,CE,Federal Contract Tower,0,2,17,0,19,0,0,45,0,45,0,2,62,0,64,53,0,53,117
01/18/2015,IXD,KS,ACE,CE,Federal Contract Tower,0,1,16,0,17,0,0,76,0,76,0,1,92,0,93,230,0,230,323
01/19/2015,IXD,KS,ACE,CE,Federal Contract Tower,0,3,21,0,24,0,0,74,0,74,0,3,95,0,98,82,0,82,180
01/20/2015,IXD,KS,ACE,CE,Federal Contract Tower,0,7,28,0,35,0,0,31,2,33,0,7,59,2,68,82,0,82,150
01/21/2015,IXD,KS,ACE,CE,Federal Contract Tower,0,2,32,0,34,0,0,35,4,39,0,2,67,4,73,60,0,60,133
01/22/2015,IXD,KS,ACE,CE,Federal Contract Tower,0,2,32,1,35,0,0,14,10,24,0,2,46,11,59,2,10,12,71
01/23/2015,IXD,KS,ACE,CE,Federal Contract Tower,0,5,23,3,31,0,0,53,28,81,0,5,76,31,112,50,0,50,162
01/24/2015,IXD,KS,ACE,CE,Federal Contract Tower,0,2,13,1,16,0,0,69,2,71,0,2,82,3,87,132,0,132,219
01/25/2015,IXD,KS,ACE,CE,Federal Contract Tower,0,7,8,0,15,0,0,3,2,5,0,7,11,2,20,2,0,2,22
01/26/2015,IXD,KS,ACE,CE,Federal Contract Tower,0,1,27,0,28,0,2,54,3,59,0,3,81,3,87,96,8,104,191
01/27/2015,IXD,KS,ACE,CE,Federal Contract Tower,0,3,34,3,40,0,2,52,9,63,0,5,86,12,103,76,4,80,183
01/28/2015,IXD,KS,ACE,CE,Federal Contract Tower,0,3,24,0,27,0,0,59,6,65,0,3,83,6,92,60,0,60,152
01/29/2015,IXD,KS,ACE,CE,Federal Contract Tower,0,7,19,1,27,0,2,9,3,14,0,9,28,4,41,8,0,8,49
01/30/2015,IXD,KS,ACE,CE,Federal Contract Tower,0,6,20,0,26,0,5,75,0,80,0,11,95,0,106,176,0,176,282
01/31/2015,IXD,KS,ACE,CE,Federal Contract Tower,0,3,5,0,8,0,0,1,0,1,0,3,6,0,9,0,0,0,9
02/01/2015,IXD,KS,ACE,CE,Federal Contract Tower,0,2,2,0,4,0,0,1,0,1,0,2,3,0,5,0,0,0,5
02/02/2015,IXD,KS,ACE,CE,Federal Contract Tower,0,14,13,0,27,0,0,23,0,23,0,14,36,0,50,82,2,84,134
02/03/2015,IXD,KS,ACE,CE,Federal Contract Tower,0,3,17,1,21,0,0,34,6,40,0,3,51,7,61,74,0,74,135
02/04/2015,IXD,KS,ACE,CE,Federal Contract Tower,0,2,6,0,8,0,0,0,4,4,0,2,6,4,12,0,0,0,12
02/05/2015,IXD,KS,ACE,CE,Federal Contract Tower,0,11,33,0,44,0,0,32,50,82,0,11,65,50,126,22,44,66,192
02/06/2015,IXD,KS,ACE,CE,Federal Contract Tower,0,5,23,2,30,0,0,58,36,94,0,5,81,38,124,122,12,134,258
02/07/2015,IXD,KS,ACE,CE,Federal Contract Tower,0,1,9,0,10,0,0,82,19,101,0,1,91,19,111,128,0,128,239
02/08/2015,IXD,KS,ACE,CE,Federal Contract Tower,0,5,28,0,33,0,0,64,0,64,0,5,92,0,97,80,0,80,177
02/09/2015,IXD,KS,ACE,CE,Federal Contract Tower,0,2,18,1,21,0,0,28,44,72,0,2,46,45,93,162,14,176,269
02/10/2015,IXD,KS,ACE,CE,Federal Contract Tower,0,4,24,6,34,0,0,58,20,78,0,4,82,26,112,48,6,54,166
02/11/2015,IXD,KS,ACE,CE,Federal Contract Tower,0,1,15,2,18,0,0,8,18,26,0,1,23,20,44,32,2,34,78
02/12/2015,IXD,KS,ACE,CE,Federal Contract Tower,0,6,33,7,46,0,0,50,19,69,0,6,83,26,115,46,4,50,165
02/13/2015,IXD,KS,ACE,CE,Federal Contract Tower,0,8,29,0,37,0,0,51,5,56,0,8,80,5,93,64,4,68,161
02/14/2015,IXD,KS,ACE,CE,Federal Contract Tower,0,0,11,0,11,0,0,28,0,28,0,0,39,0,39,24,0,24,63
02/15/2015,IXD,KS,ACE,CE,Federal Contract Tower,0,2,11,0,13,0,0,19,0,19,0,2,30,0,32,28,0,28,60
02/16/2015,IXD,KS,ACE,CE,Federal Contract Tower,0,1,15,0,16,0,0,9,0,9,0,1,24,0,25,8,0,8,33
02/17/2015,IXD,KS,ACE,CE,Federal Contract Tower,0,4,23,0,27,0,0,5,0,5,0,4,28,0,32,4,0,4,36
02/18/2015,IXD,KS,ACE,CE,Federal Contract Tower,0,10,31,10,51,0,1,18,21,40,0,11,49,31,91,30,2,32,123
02/19/2015,IXD,KS,ACE,CE,Federal Contract Tower,0,6,23,13,42,0,0,18,12,30,0,6,41,25,72,60,8,68,140
02/20/2015,IXD,KS,ACE,CE,Federal Contract Tower,0,15,17,5,37,0,0,15,18,33,0,15,32,23,70,70,0,70,140
02/21/2015,IXD,KS,ACE,CE,Federal Contract Tower,0,1,9,1,11,0,6,55,0,61,0,7,64,1,72,194,0,194,266
02/22/2015,IXD,KS,ACE,CE,Federal Contract Tower,0,4,11,1,16,0,0,35,2,37,0,4,46,3,53,90,0,90,143
02/23/2015,IXD,KS,ACE,CE,Federal Contract Tower,0,3,19,0,22,0,0,24,15,39,0,3,43,15,61,48,36,84,145
02/24/2015,IXD,KS,ACE,CE,Federal Contract Tower,0,5,24,3,32,0,2,65,13,80,0,7,89,16,112,76,4,80,192
02/25/2015,IXD,KS,ACE,CE,Federal Contract Tower,0,6,29,5,40,0,0,53,22,75,0,6,82,27,115,72,28,100,215
02/26/2015,IXD,KS,ACE,CE,Federal Contract Tower,0,1,20,1,22,0,0,30,29,59,0,1,50,30,81,56,20,76,157
02/27/2015,IXD,KS,ACE,CE,Federal Contract Tower,0,0,13,0,13,0,0,32,8,40,0,0,45,8,53,32,16,48,101
02/28/2015,IXD,KS,ACE,CE,Federal Contract Tower,0,0,7,0,7,0,0,0,0,0,0,0,7,0,7,0,0,0,7
03/01/2015,IXD,KS,ACE,CE,Federal Contract Tower,0,7,7,0,14,0,0,10,0,10,0,7,17,0,24,46,0,46,70
03/02/2015,IXD,KS,ACE,CE,Federal Contract Tower,0,4,23,3,30,0,0,31,3,34,0,4,54,6,64,42,0,42,106
03/03/2015,IXD,KS,ACE,CE,Federal Contract Tower,0,2,15,0,17,0,0,4,2,6,0,2,19,2,23,10,0,10,33
03/04/2015,IXD,KS,ACE,CE,Federal Contract Tower,0,4,22,1,27,0,1,30,4,35,0,5,52,5,62,32,0,32,94
03/05/2015,IXD,KS,ACE,CE,Federal Contract Tower,0,10,14,1,25,0,0,36,13,49,0,10,50,14,74,44,2,46,120
03/06/2015,IXD,KS,ACE,CE,Federal Contract Tower,0,5,30,0,35,0,0,72,6,78,0,5,102,6,113,70,2,72,185
03/07/2015,IXD,KS,ACE,CE,Federal Contract Tower,0,1,10,0,11,0,1,117,18,136,0,2,127,18,147,116,6,122,269
03/08/2015,IXD,KS,ACE,CE,Federal Contract Tower,0,5,16,0,21,0,0,82,0,82,0,5,98,0,103,98,0,98,201
03/09/2015,IXD,KS,ACE,CE,Federal Contract Tower,0,9,26,0,35,0,0,64,6,70,0,9,90,6,105,144,0,144,249
03/10/2015,IXD,KS,ACE,CE,Federal Contract Tower,0,6,25,0,31,0,0,67,10,77,0,6,92,10,108,116,4,120,228
03/11/2015,IXD,KS,ACE,CE,Federal Contract Tower,0,5,23,2,30,0,0,58,12,70,0,5,81,14,100,122,16,138,238
03/12/2015,IXD,KS,ACE,CE,Federal Contract Tower,0,3,26,0,29,0,0,59,2,61,0,3,85,2,90,62,0,62,152
03/13/2015,IXD,KS,ACE,CE,Federal Contract Tower,0,13,35,3,51,0,0,68,1,69,0,13,103,4,120,116,0,116,236
03/14/2015,IXD,KS,ACE,CE,Federal Contract Tower,0,4,15,0,19,0,0,77,4,81,0,4,92,4,100,124,0,124,224
03/15/2015,IXD,KS,ACE,CE,Federal Contract Tower,0,4,10,0,14,0,0,58,0,58,0,4,68,0,72,134,0,134,206
03/16/2015,IXD,KS,ACE,CE,Federal Contract Tower,0,3,28,1,32,0,0,41,1,42,0,3,69,2,74,54,2,56,130
03/17/2015,IXD,KS,ACE,CE,Federal Contract Tower,0,3,15,0,18,0,0,28,2,30,0,3,43,2,48,78,0,78,126
03/18/2015,IXD,KS,ACE,CE,Federal Contract Tower,0,5,30,2,37,0,0,3,0,3,0,5,33,2,40,2,0,2,42
03/19/2015,IXD,KS,ACE,CE,Federal Contract Tower,0,4,30,0,34,0,0,0,2,2,0,4,30,2,36,0,0,0,36
03/20/2015,IXD,KS,ACE,CE,Federal Contract Tower,0,4,26,1,31,0,0,40,4,44,0,4,66,5,75,114,0,114,189
03/21/2015,IXD,KS,ACE,CE,Federal Contract Tower,0,2,19,0,21,0,0,74,0,74,0,2,93,0,95,140,0,140,235
03/22/2015,IXD,KS,ACE,CE,Federal Contract Tower,0,11,17,0,28,0,0,64,0,64,0,11,81,0,92,202,0,202,294
03/23/2015,IXD,KS,ACE,CE,Federal Contract Tower,0,4,20,0,24,0,0,43,0,43,0,4,63,0,67,130,0,130,197
03/24/2015,IXD,KS,ACE,CE,Federal Contract Tower,0,2,21,0,23,0,0,8,0,8,0,2,29,0,31,10,0,10,41
03/25/2015,IXD,KS,ACE,CE,Federal Contract Tower,0,5,27,0,32,0,0,9,0,9,0,5,36,0,41,6,0,6,47
03/26/2015,IXD,KS,ACE,CE,Federal Contract Tower,0,7,28,0,35,0,2,63,2,67,0,9,91,2,102,76,2,78,180
03/27/2015,IXD,KS,ACE,CE,Federal Contract Tower,0,15,27,6,48,0,1,67,3,71,0,16,94,9,119,136,12,148,267
03/28/2015,IXD,KS,ACE,CE,Federal Contract Tower,0,3,12,0,15,0,0,65,1,66,0,3,77,1,81,108,0,108,189
03/29/2015,IXD,KS,ACE,CE,Federal Contract Tower,0,6,17,4,27,0,3,46,0,49,0,9,63,4,76,94,0,94,170
03/30/2015,IXD,KS,ACE,CE,Federal Contract Tower,0,6,22,2,30,0,0,79,1,80,0,6,101,3,110,154,0,154,264
03/31/2015,IXD,KS,ACE,CE,Federal Contract Tower,0,3,27,0,30,0,0,94,2,96,0,3,121,2,126,176,0,176,302
04/01/2015,IXD,KS,ACE,CE,Federal Contract Tower,0,0,26,4,30,0,0,45,38,83,0,0,71,42,113,18,54,72,185
04/02/2015,IXD,KS,ACE,CE,Federal Contract Tower,0,4,34,3,41,0,0,58,31,89,0,4,92,34,130,146,16,162,292
04/03/2015,IXD,KS,ACE,CE,Federal Contract Tower,0,1,13,0,14,0,0,22,2,24,0,1,35,2,38,22,0,22,60
04/04/2015,IXD,KS,ACE,CE,Federal Contract Tower,0,0,9,0,9,0,0,98,0,98,0,0,107,0,107,210,0,210,317
04/05/2015,IXD,KS,ACE,CE,Federal Contract Tower,0,1,16,0,17,0,0,16,0,16,0,1,32,0,33,2,0,2,35
04/06/2015,IXD,KS,ACE,CE,Federal Contract Tower,0,7,24,0,31,0,0,0,0,0,0,7,24,0,31,0,0,0,31
04/07/2015,IXD,KS,ACE,CE,Federal Contract Tower,0,20,41,18,79,0,0,37,21,58,0,20,78,39,137,118,12,130,267
04/08/2015,IXD,KS,ACE,CE,Federal Contract Tower,0,3,24,0,27,0,0,10,0,10,0,3,34,0,37,6,0,6,43
04/09/2015,IXD,KS,ACE,CE,Federal Contract Tower,0,5,28,1,34,0,0,20,17,37,0,5,48,18,71,8,6,14,85
04/10/2015,IXD,KS,ACE,CE,Federal Contract Tower,0,6,25,9,40,0,0,68,23,91,0,6,93,32,131,96,4,100,231
04/11/2015,IXD,KS,ACE,CE,Federal Contract Tower,0,1,16,0,17,0,0,100,3,103,0,1,116,3,120,156,0,156,276
04/12/2015,IXD,KS,ACE,CE,Federal Contract Tower,0,5,21,0,26,0,0,20,0,20,0,5,41,0,46,30,0,30,76
04/14/2015,IXD,KS,ACE,CE,Federal Contract Tower,0,5,19,13,37,0,0,69,26,95,0,5,88,39,132,131,18,149,281
04/15/2015,IXD,KS,ACE,CE,Federal Contract Tower,0,5,21,15,41,0,0,11,14,25,0,5,32,29,66,6,0,6,72
04/16/2015,IXD,KS,ACE,CE,Federal Contract Tower,0,5,28,1,34,0,2,64,21,87,0,7,92,22,121,128,20,148,269
04/17/2015,IXD,KS,ACE,CE,Federal Contract Tower,0,3,15,1,19,0,0,44,17,61,0,3,59,18,80,132,30,162,242
04/18/2015,IXD,KS,ACE,CE,Federal Contract Tower,0,4,5,0,9,0,0,17,4,21,0,4,22,4,30,38,0,38,68
04/19/2015,IXD,KS,ACE,CE,Federal Contract Tower,0,5,14,1,20,0,0,6,0,6,0,5,20,1,26,40,0,40,66
04/20/2015,IXD,KS,ACE,CE,Federal Contract Tower,0,7,15,3,25,0,0,43,15,58,0,7,58,18,83,12,10,22,105
04/21/2015,IXD,KS,ACE,CE,Federal Contract Tower,0,5,27,0,32,0,0,65,19,84,0,5,92,19,116,168,10,178,294
04/22/2015,IXD,KS,ACE,CE,Federal Contract Tower,0,5,27,3,35,0,4,62,5,71,0,9,89,8,106,178,0,178,284
04/23/2015,IXD,KS,ACE,CE,Federal Contract Tower,0,10,35,0,45,0,3,69,6,78,0,13,104,6,123,142,0,142,265
04/24/2015,IXD,KS,ACE,CE,Federal Contract Tower,0,10,20,2,32,0,0,5,12,17,0,10,25,14,49,4,0,4,53
04/25/2015,IXD,KS,ACE,CE,Federal Contract Tower,0,8,17,0,25,0,0,17,0,17,0,8,34,0,42,28,0,28,70
04/26/2015,IXD,KS,ACE,CE,Federal Contract Tower,0,7,10,1,18,0,0,38,0,38,0,7,48,1,56,40,0,40,96
04/27/2015,IXD,KS,ACE,CE,Federal Contract Tower,0,1,31,0,32,0,3,70,0,73,0,4,101,0,105,44,0,44,149
04/28/2015,IXD,KS,ACE,CE,Federal Contract Tower,0,8,21,2,31,0,3,87,1,91,0,11,108,3,122,114,4,118,240
04/29/2015,IXD,KS,ACE,CE,Federal Contract Tower,0,5,21,0,26,0,0,61,5,66,0,5,82,5,92,122,0,122,214
04/30/2015,IXD,KS,ACE,CE,Federal Contract Tower,0,8,33,0,41,0,0,68,8,76,0,8,101,8,117,88,0,88,205
05/01/2015,IXD,KS,ACE,CE,Federal Contract Tower,0,4,33,0,37,0,0,158,8,166,0,4,191,8,203,204,4,208,411
05/02/2015,IXD,KS,ACE,CE,Federal Contract Tower,0,0,7,0,7,0,0,205,1,206,0,0,212,1,213,148,0,148,361
05/03/2015,IXD,KS,ACE,CE,Federal Contract Tower,0,3,30,0,33,0,0,52,1,53,0,3,82,1,86,2,2,4,90
05/04/2015,IXD,KS,ACE,CE,Federal Contract Tower,0,2,19,1,22,0,0,61,1,62,0,2,80,2,84,88,0,88,172
05/05/2015,IXD,KS,ACE,CE,Federal Contract Tower,0,1,27,0,28,0,0,69,0,69,0,1,96,0,97,88,4,92,189
05/06/2015,IXD,KS,ACE,CE,Federal Contract Tower,0,8,18,0,26,0,0,24,2,26,0,8,42,2,52,26,2,28,80
05/07/2015,IXD,KS,ACE,CE,Federal Contract Tower,0,6,22,0,28,0,0,4,2,6,0,6,26,2,34,0,0,0,34
05/08/2015,IXD,KS,ACE,CE,Federal Contract Tower,0,2,21,0,23,0,0,19,0,19,0,2,40,0,42,48,0,48,90
05/09/2015,IXD,KS,ACE,CE,Federal Contract Tower,0,1,13,0,14,0,0,17,2,19,0,1,30,2,33,18,0,18,51
05/10/2015,IXD,KS,ACE,CE,Federal Contract Tower,0,3,8,3,14,0,0,3,0,3,0,3,11,3,17,24,4,28,45
05/11/2015,IXD,KS,ACE,CE,Federal Contract Tower,0,7,14,0,21,0,0,43,2,45,0,7,57,2,66,10,4,14,80
05/12/2015,IXD,KS,ACE,CE,Federal Contract Tower,0,6,26,0,32,0,0,103,7,110,0,6,129,7,142,150,0,150,292
05/13/2015,IXD,KS,ACE,CE,Federal Contract Tower,0,2,29,0,31,0,0,58,5,63,0,2,87,5,94,50,2,52,146
05/14/2015,IXD,KS,ACE,CE,Federal Contract Tower,0,12,30,4,46,0,0,9,0,9,0,12,39,4,55,16,0,16,71
05/15/2015,IXD,KS,ACE,CE,Federal Contract Tower,0,3,25,0,28,0,0,22,4,26,0,3,47,4,54,78,0,78,132
05/16/2015,IXD,KS,ACE,CE,Federal Contract Tower,0,0,7,0,7,0,0,23,1,24,0,0,30,1,31,42,0,42,73
05/17/2015,IXD,KS,ACE,CE,Federal Contract Tower,0,9,19,2,30,0,0,26,8,34,0,9,45,10,64,42,0,42,106
05/18/2015,IXD,KS,ACE,CE,Federal Contract Tower,0,12,21,0,33,0,0,88,0,88,0,12,109,0,121,104,0,104,225
05/19/2015,IXD,KS,ACE,CE,Federal Contract Tower,0,5,41,2,48,0,0,69,4,73,0,5,110,6,121,128,4,132,253
05/20/2015,IXD,KS,ACE,CE,Federal Contract Tower,0,8,28,0,36,0,0,1,0,1,0,8,29,0,37,0,0,0,37
05/21/2015,IXD,KS,ACE,CE,Federal Contract Tower,0,12,38,0,50,0,0,97,1,98,0,12,135,1,148,172,0,172,320
05/22/2015,IXD,KS,ACE,CE,Federal Contract Tower,0,3,19,0,22,0,0,88,0,88,0,3,107,0,110,248,0,248,358
05/23/2015,IXD,KS,ACE,CE,Federal Contract Tower,0,1,25,1,27,0,0,12,0,12,0,1,37,1,39,2,0,2,41
05/24/2015,IXD,KS,ACE,CE,Federal Contract Tower,0,6,9,1,16,0,0,7,0,7,0,6,16,1,23,34,0,34,57
05/25/2015,IXD,KS,ACE,CE,Federal Contract Tower,0,3,19,0,22,0,0,21,0,21,0,3,40,0,43,62,0,62,105
05/26/2015,IXD,KS,ACE,CE,Federal Contract Tower,0,9,25,0,34,0,1,35,14,50,0,10,60,14,84,40,10,50,134
05/27/2015,IXD,KS,ACE,CE,Federal Contract Tower,0,4,40,1,45,0,0,93,8,101,0,4,133,9,146,136,0,136,282
05/28/2015,IXD,KS,ACE,CE,Federal Contract Tower,0,6,14,0,20,0,0,30,10,40,0,6,44,10,60,90,0,90,150
05/29/2015,IXD,KS,ACE,CE,Federal Contract Tower,0,10,22,0,32,0,0,27,4,31,0,10,49,4,63,48,0,48,111
05/30/2015,IXD,KS,ACE,CE,Federal Contract Tower,0,2,32,0,34,0,0,13,0,13,0,2,45,0,47,28,0,28,75
05/31/2015,IXD,KS,ACE,CE,Federal Contract Tower,0,6,23,3,32,0,0,68,1,69,0,6,91,4,101,170,2,172,273
06/01/2015,IXD,KS,ACE,CE,Federal Contract Tower,0,3,35,0,38,0,0,55,4,59,0,3,90,4,97,150,6,156,253
06/02/2015,IXD,KS,ACE,CE,Federal Contract Tower,0,4,29,0,33,0,0,65,5,70,0,4,94,5,103,110,2,112,215
06/03/2015,IXD,KS,ACE,CE,Federal Contract Tower,0,5,45,0,50,0,0,33,6,39,0,5,78,6,89,64,2,66,155
06/04/2015,IXD,KS,ACE,CE,Federal Contract Tower,0,4,28,1,33,0,0,43,5,48,0,4,71,6,81,96,0,96,177
06/05/2015,IXD,KS,ACE,CE,Federal Contract Tower,0,2,37,1,40,0,0,85,32,117,0,2,122,33,157,90,8,98,255
06/06/2015,IXD,KS,ACE,CE,Federal Contract Tower,0,0,10,0,10,0,0,57,0,57,0,0,67,0,67,112,0,112,179
06/07/2015,IXD,KS,ACE,CE,Federal Contract Tower,0,3,25,0,28,0,0,36,2,38,0,3,61,2,66,32,0,32,98
06/08/2015,IXD,KS,ACE,CE,Federal Contract Tower,0,3,30,4,37,0,0,87,22,109,0,3,117,26,146,90,6,96,242
06/09/2015,IXD,KS,ACE,CE,Federal Contract Tower,0,8,23,10,41,0,4,78,19,101,0,12,101,29,142,114,0,114,256
06/10/2015,IXD,KS,ACE,CE,Federal Contract Tower,0,7,25,0,32,0,0,60,14,74,0,7,85,14,106,90,0,90,196
06/11/2015,IXD,KS,ACE,CE,Federal Contract Tower,0,0,16,1,17,0,4,40,18,62,0,4,56,19,79,50,14,64,143
06/12/2015,IXD,KS,ACE,CE,Federal Contract Tower,0,0,13,1,14,0,0,26,6,32,0,0,39,7,46,42,4,46,92
06/13/2015,IXD,KS,ACE,CE,Federal Contract Tower,0,1,15,0,16,0,0,45,0,45,0,1,60,0,61,54,0,54,115
06/14/2015,IXD,KS,ACE,CE,Federal Contract Tower,0,2,9,0,11,0,0,20,21,41,0,2,29,21,52,40,8,48,100
06/15/2015,IXD,KS,ACE,CE,Federal Contract Tower,0,4,13,2,19,0,0,8,10,18,0,4,21,12,37,34,0,34,71
06/16/2015,IXD,KS,ACE,CE,Federal Contract Tower,0,2,21,0,23,0,0,27,24,51,0,2,48,24,74,60,0,60,134
06/17/2015,IXD,KS,ACE,CE,Federal Contract Tower,0,2,25,1,28,0,0,36,51,87,0,2,61,52,115,84,0,84,199
06/18/2015,IXD,KS,ACE,CE,Federal Contract Tower,0,6,19,0,25,0,3,30,3,36,0,9,49,3,61,56,0,56,117
06/19/2015,IXD,KS,ACE,CE,Federal Contract Tower,0,9,24,0,33,0,0,85,7,92,0,9,109,7,125,160,0,160,285
06/20/2015,IXD,KS,ACE,CE,Federal Contract Tower,0,0,8,0,8,0,0,68,0,68,0,0,76,0,76,28,0,28,104
06/21/2015,IXD,KS,ACE,CE,Federal Contract Tower,0,2,23,0,25,0,0,31,0,31,0,2,54,0,56,66,0,66,122
06/22/2015,IXD,KS,ACE,CE,Federal Contract Tower,0,6,24,0,30,0,0,56,17,73,0,6,80,17,103,16,0,16,119
06/23/2015,IXD,KS,ACE,CE,Federal Contract Tower,0,5,29,0,34,0,0,36,12,48,0,5,65,12,82,20,0,20,102
06/24/2015,IXD,KS,ACE,CE,Federal Contract Tower,0,4,26,2,32,0,0,43,6,49,0,4,69,8,81,82,12,94,175
06/25/2015,IXD,KS,ACE,CE,Federal Contract Tower,0,9,15,1,25,0,0,67,7,74,0,9,82,8,99,102,0,102,201
06/26/2015,IXD,KS,ACE,CE,Federal Contract Tower,0,1,25,0,26,0,0,41,0,41,0,1,66,0,67,56,0,56,123
06/27/2015,IXD,KS,ACE,CE,Federal Contract Tower,0,0,24,0,24,0,0,103,0,103,0,0,127,0,127,132,0,132,259
06/28/2015,IXD,KS,ACE,CE,Federal Contract Tower,0,2,15,0,17,0,0,51,2,53,0,2,66,2,70,32,0,32,102
06/29/2015,IXD,KS,ACE,CE,Federal Contract Tower,0,6,23,0,29,0,0,58,0,58,0,6,81,0,87,92,0,92,179
06/30/2015,IXD,KS,ACE,CE,Federal Contract Tower,0,5,27,0,32,0,4,67,4,75,0,9,94,4,107,94,0,94,201
07/01/2015,IXD,KS,ACE,CE,Federal Contract Tower,0,6,30,0,36,0,0,53,6,59,0,6,83,6,95,56,0,56,151
07/02/2015,IXD,KS,ACE,CE,Federal Contract Tower,0,2,25,0,27,0,0,4,0,4,0,2,29,0,31,4,0,4,35
07/03/2015,IXD,KS,ACE,CE,Federal Contract Tower,0,3,28,0,31,0,0,56,0,56,0,3,84,0,87,138,0,138,225
07/04/2015,IXD,KS,ACE,CE,Federal Contract Tower,0,1,3,0,4,0,0,44,0,44,0,1,47,0,48,42,0,42,90
07/05/2015,IXD,KS,ACE,CE,Federal Contract Tower,0,4,18,0,22,0,0,35,0,35,0,4,53,0,57,36,0,36,93
07/06/2015,IXD,KS,ACE,CE,Federal Contract Tower,0,5,30,0,35,0,0,21,0,21,0,5,51,0,56,38,0,38,94
07/07/2015,IXD,KS,ACE,CE,Federal Contract Tower,0,3,16,0,19,0,0,28,0,28,0,3,44,0,47,70,0,70,117
07/08/2015,IXD,KS,ACE,CE,Federal Contract Tower,0,3,18,0,21,0,0,0,0,0,0,3,18,0,21,0,0,0,21
07/09/2015,IXD,KS,ACE,CE,Federal Contract Tower,0,5,47,1,53,0,0,84,1,85,0,5,131,2,138,190,0,190,328
07/10/2015,IXD,KS,ACE,CE,Federal Contract Tower,0,1,13,0,14,0,0,16,0,16,0,1,29,0,30,34,0,34,64
07/11/2015,IXD,KS,ACE,CE,Federal Contract Tower,0,2,17,0,19,0,4,109,0,113,0,6,126,0,132,42,0,42,174
07/12/2015,IXD,KS,ACE,CE,Federal Contract Tower,0,4,15,0,19,0,0,58,4,62,0,4,73,4,81,70,0,70,151
07/13/2015,IXD,KS,ACE,CE,Federal Contract Tower,0,6,13,0,19,0,0,44,4,48,0,6,57,4,67,38,4,42,109
07/14/2015,IXD,KS,ACE,CE,Federal Contract Tower,0,8,12,0,20,0,2,81,3,86,0,10,93,3,106,170,0,170,276
07/15/2015,IXD,KS,ACE,CE,Federal Contract Tower,0,5,23,0,28,0,1,40,5,46,0,6,63,5,74,52,0,52,126
07/16/2015,IXD,KS,ACE,CE,Federal Contract Tower,0,8,31,2,41,0,2,89,1,92,0,10,120,3,133,66,0,66,199
07/17/2015,IXD,KS,ACE,CE,Federal Contract Tower,0,3,19,0,22,0,2,63,3,68,0,5,82,3,90,82,0,82,172
07/19/2015,IXD,KS,ACE,CE,Federal Contract Tower,0,3,20,0,23,0,4,48,0,52,0,7,68,0,75,22,0,22,97
07/21/2015,IXD,KS,ACE,CE,Federal Contract Tower,0,3,22,1,26,0,0,98,4,102,0,3,120,5,128,174,0,174,302
07/22/2015,IXD,KS,ACE,CE,Federal Contract Tower,0,3,22,0,25,0,0,53,15,68,0,3,75,15,93,82,6,88,181
07/23/2015,IXD,KS,ACE,CE,Federal Contract Tower,0,4,17,0,21,0,0,55,1,56,0,4,72,1,77,84,0,84,161
07/24/2015,IXD,KS,ACE,CE,Federal Contract Tower,0,6,20,0,26,0,0,50,2,52,0,6,70,2,78,34,0,34,112
07/25/2015,IXD,KS,ACE,CE,Federal Contract Tower,0,1,19,0,20,0,0,53,0,53,0,1,72,0,73,66,0,66,139
07/26/2015,IXD,KS,ACE,CE,Federal Contract Tower,0,8,14,0,22,0,0,54,0,54,0,8,68,0,76,74,0,74,150
07/27/2015,IXD,KS,ACE,CE,Federal Contract Tower,0,9,29,2,40,0,0,66,3,69,0,9,95,5,109,80,0,80,189
07/28/2015,IXD,KS,ACE,CE,Federal Contract Tower,0,11,20,1,32,0,0,42,4,46,0,11,62,5,78,128,0,128,206
07/29/2015,IXD,KS,ACE,CE,Federal Contract Tower,0,17,15,0,32,0,8,48,3,59,0,25,63,3,91,48,0,48,139
07/30/2015,IXD,KS,ACE,CE,Federal Contract Tower,0,10,15,0,25,0,6,81,5,92,0,16,96,5,117,112,0,112,229
07/31/2015,IXD,KS,ACE,CE,Federal Contract Tower,0,5,17,2,24,0,3,65,2,70,0,8,82,4,94,88,0,88,182
08/01/2015,IXD,KS,ACE,CE,Federal Contract Tower,0,5,20,0,25,0,0,72,1,73,0,5,92,1,98,104,2,106,204
08/02/2015,IXD,KS,ACE,CE,Federal Contract Tower,0,16,11,0,27,0,0,55,2,57,0,16,66,2,84,80,2,82,166
08/03/2015,IXD,KS,ACE,CE,Federal Contract Tower,0,13,15,1,29,0,0,41,1,42,0,13,56,2,71,64,0,64,135
08/04/2015,IXD,KS,ACE,CE,Federal Contract Tower,0,10,16,2,28,0,0,24,1,25,0,10,40,3,53,16,8,24,77
08/05/2015,IXD,KS,ACE,CE,Federal Contract Tower,0,6,21,2,29,0,0,9,1,10,0,6,30,3,39,42,0,42,81
08/06/2015,IXD,KS,ACE,CE,Federal Contract Tower,0,5,29,3,37,0,5,51,2,58,0,10,80,5,95,86,2,88,183
08/07/2015,IXD,KS,ACE,CE,Federal Contract Tower,0,9,28,0,37,0,9,86,4,99,0,18,114,4,136,102,0,102,238
08/08/2015,IXD,KS,ACE,CE,Federal Contract Tower,0,0,19,0,19,0,3,42,0,45,0,3,61,0,64,40,0,40,104
08/09/2015,IXD,KS,ACE,CE,Federal Contract Tower,0,1,15,0,16,0,0,36,0,36,0,1,51,0,52,52,0,52,104
08/10/2015,IXD,KS,ACE,CE,Federal Contract Tower,0,10,21,3,34,0,0,42,2,44,0,10,63,5,78,86,2,88,166
08/11/2015,IXD,KS,ACE,CE,Federal Contract Tower,0,11,30,0,41,0,0,79,2,81,0,11,109,2,122,60,0,60,182
08/12/2015,IXD,KS,ACE,CE,Federal Contract Tower,0,11,19,0,30,0,2,88,2,92,0,13,107,2,122,98,0,98,220
08/13/2015,IXD,KS,ACE,CE,Federal Contract Tower,0,9,24,2,35,0,1,76,5,82,0,10,100,7,117,78,12,90,207
08/14/2015,IXD,KS,ACE,CE,Federal Contract Tower,0,9,26,2,37,0,3,81,19,103,0,12,107,21,140,88,8,96,236
08/15/2015,IXD,KS,ACE,CE,Federal Contract Tower,0,0,10,2,12,0,0,89,15,104,0,0,99,17,116,128,0,128,244
08/16/2015,IXD,KS,ACE,CE,Federal Contract Tower,0,4,14,1,19,0,0,74,7,81,0,4,88,8,100,160,0,160,260
08/17/2015,IXD,KS,ACE,CE,Federal Contract Tower,0,11,31,0,42,0,5,53,2,60,0,16,84,2,102,74,0,74,176
08/18/2015,IXD,KS,ACE,CE,Federal Contract Tower,0,7,28,0,35,0,0,0,0,0,0,7,28,0,35,14,0,14,49
08/19/2015,IXD,KS,ACE,CE,Federal Contract Tower,0,15,23,0,38,0,1,44,2,47,0,16,67,2,85,90,0,90,175
08/20/2015,IXD,KS,ACE,CE,Federal Contract Tower,0,19,43,0,62,0,3,82,6,91,0,22,125,6,153,158,4,162,315
08/21/2015,IXD,KS,ACE,CE,Federal Contract Tower,0,6,30,0,36,0,0,71,0,71,0,6,101,0,107,88,0,88,195
08/22/2015,IXD,KS,ACE,CE,Federal Contract Tower,0,7,16,0,23,0,0,46,0,46,0,7,62,0,69,112,0,112,181
08/23/2015,IXD,KS,ACE,CE,Federal Contract Tower,0,4,19,0,23,0,0,46,1,47,0,4,65,1,70,46,0,46,116
08/24/2015,IXD,KS,ACE,CE,Federal Contract Tower,0,5,18,0,23,0,1,59,1,61,0,6,77,1,84,90,0,90,174
08/25/2015,IXD,KS,ACE,CE,Federal Contract Tower,0,10,14,0,24,0,3,68,0,71,0,13,82,0,95,52,0,52,147
08/26/2015,IXD,KS,ACE,CE,Federal Contract Tower,0,11,21,0,32,0,2,60,2,64,0,13,81,2,96,58,0,58,154
08/27/2015,IXD,KS,ACE,CE,Federal Contract Tower,0,7,23,0,30,0,0,37,3,40,0,7,60,3,70,40,0,40,110
08/28/2015,IXD,KS,ACE,CE,Federal Contract Tower,0,3,33,0,36,0,4,85,0,89,0,7,118,0,125,90,0,90,215
08/29/2015,IXD,KS,ACE,CE,Federal Contract Tower,0,4,9,0,13,0,0,44,0,44,0,4,53,0,57,56,0,56,113
08/30/2015,IXD,KS,ACE,CE,Federal Contract Tower,0,3,18,0,21,0,0,46,0,46,0,3,64,0,67,84,0,84,151
08/31/2015,IXD,KS,ACE,CE,Federal Contract Tower,0,13,15,1,29,0,1,49,3,53,0,14,64,4,82,98,0,98,180
09/01/2015,IXD,KS,ACE,CE,Federal Contract Tower,0,10,19,3,32,0,2,63,7,72,0,12,82,10,104,138,8,146,250
09/02/2015,IXD,KS,ACE,CE,Federal Contract Tower,0,2,30,4,36,0,1,46,6,53,0,3,76,10,89,80,0,80,169
09/03/2015,IXD,KS,ACE,CE,Federal Contract Tower,0,10,19,1,30,0,4,81,3,88,0,14,100,4,118,104,4,108,226
09/04/2015,IXD,KS,ACE,CE,Federal Contract Tower,0,4,11,0,15,0,2,51,0,53,0,6,62,0,68,68,0,68,136
09/05/2015,IXD,KS,ACE,CE,Federal Contract Tower,0,1,13,0,14,0,1,47,0,48,0,2,60,0,62,38,0,38,100
09/06/2015,IXD,KS,ACE,CE,Federal Contract Tower,0,3,13,0,16,0,0,25,0,25,0,3,38,0,41,50,0,50,91
09/07/2015,IXD,KS,ACE,CE,Federal Contract Tower,0,5,14,0,19,0,0,11,0,11,0,5,25,0,30,6,0,6,36
09/08/2015,IXD,KS,ACE,CE,Federal Contract Tower,0,3,19,1,23,0,2,29,5,36,0,5,48,6,59,38,4,42,101
09/09/2015,IXD,KS,ACE,CE,Federal Contract Tower,0,2,19,0,21,0,2,68,4,74,0,4,87,4,95,58,0,58,153
09/10/2015,IXD,KS,ACE,CE,Federal Contract Tower,0,7,12,0,19,0,0,49,0,49,0,7,61,0,68,76,0,76,144
09/11/2015,IXD,KS,ACE,CE,Federal Contract Tower,0,11,38,5,54,0,0,69,4,73,0,11,107,9,127,92,0,92,219
09/12/2015,IXD,KS,ACE,CE,Federal Contract Tower,0,0,17,0,17,0,0,99,4,103,0,0,116,4,120,164,0,164,284
09/13/2015,IXD,KS,ACE,CE,Federal Contract Tower,0,2,20,0,22,0,1,61,0,62,0,3,81,0,84,106,0,106,190
09/14/2015,IXD,KS,ACE,CE,Federal Contract Tower,0,8,21,0,29,0,8,38,0,46,0,16,59,0,75,22,0,22,97
09/15/2015,IXD,KS,ACE,CE,Federal Contract Tower,0,14,19,1,34,0,6,33,7,46,0,20,52,8,80,32,0,32,112
09/16/2015,IXD,KS,ACE,CE,Federal Contract Tower,0,9,22,0,31,0,0,54,0,54,0,9,76,0,85,14,0,14,99
09/17/2015,IXD,KS,ACE,CE,Federal Contract Tower,0,8,27,0,35,0,3,46,7,56,0,11,73,7,91,70,8,78,169
09/18/2015,IXD,KS,ACE,CE,Federal Contract Tower,0,8,16,0,24,0,0,5,0,5,0,8,21,0,29,2,0,2,31
09/19/2015,IXD,KS,ACE,CE,Federal Contract Tower,0,4,27,0,31,0,2,80,0,82,0,6,107,0,113,126,0,126,239
09/20/2015,IXD,KS,ACE,CE,Federal Contract Tower,0,6,17,4,27,0,0,70,0,70,0,6,87,4,97,74,0,74,171
09/21/2015,IXD,KS,ACE,CE,Federal Contract Tower,0,7,31,0,38,0,0,21,0,21,0,7,52,0,59,82,0,82,141
09/22/2015,IXD,KS,ACE,CE,Federal Contract Tower,0,11,31,2,44,0,0,83,0,83,0,11,114,2,127,124,0,124,251
09/23/2015,IXD,KS,ACE,CE,Federal Contract Tower,0,9,27,0,36,0,3,69,0,72,0,12,96,0,108,70,0,70,178
09/24/2015,IXD,KS,ACE,CE,Federal Contract Tower,0,7,36,2,45,0,0,75,7,82,0,7,111,9,127,64,16,80,207
09/25/2015,IXD,KS,ACE,CE,Federal Contract Tower,0,8,45,0,53,0,6,134,4,144,0,14,179,4,197,104,0,104,301
09/26/2015,IXD,KS,ACE,CE,Federal Contract Tower,0,0,18,0,18,0,0,206,0,206,0,0,224,0,224,344,0,344,568
09/27/2015,IXD,KS,ACE,CE,Federal Contract Tower,0,5,12,0,17,0,3,185,0,188,0,8,197,0,205,296,0,296,501
09/28/2015,IXD,KS,ACE,CE,Federal Contract Tower,0,9,25,0,34,0,0,73,6,79,0,9,98,6,113,84,0,84,197
09/29/2015,IXD,KS,ACE,CE,Federal Contract Tower,0,10,33,0,43,0,0,34,7,41,0,10,67,7,84,52,0,52,136
09/30/2015,IXD,KS,ACE,CE,Federal Contract Tower,0,3,34,0,37,0,3,62,0,65,0,6,96,0,102,42,0,42,144
10/01/2015,IXD,KS,ACE,CE,Federal Contract Tower,0,6,14,0,20,0,0,50,6,56,0,6,64,6,76,50,6,56,132
10/02/2015,IXD,KS,ACE,CE,Federal Contract Tower,0,6,20,5,31,0,0,91,0,91,0,6,111,5,122,96,0,96,218
10/03/2015,IXD,KS,ACE,CE,Federal Contract Tower,0,3,16,0,19,0,2,92,0,94,0,5,108,0,113,118,0,118,231
10/04/2015,IXD,KS,ACE,CE,Federal Contract Tower,0,0,22,1,23,0,0,45,0,45,0,0,67,1,68,68,0,68,136
10/05/2015,IXD,KS,ACE,CE,Federal Contract Tower,0,6,31,1,38,0,0,4,0,4,0,6,35,1,42,24,0,24,66
10/06/2015,IXD,KS,ACE,CE,Federal Contract Tower,0,6,24,1,31,0,7,56,1,64,0,13,80,2,95,102,0,102,197
10/07/2015,IXD,KS,ACE,CE,Federal Contract Tower,0,6,24,0,30,0,3,63,0,66,0,9,87,0,96,50,0,50,146
10/08/2015,IXD,KS,ACE,CE,Federal Contract Tower,0,11,28,0,39,0,5,61,18,84,0,16,89,18,123,98,12,110,233
10/09/2015,IXD,KS,ACE,CE,Federal Contract Tower,0,8,36,0,44,0,0,55,0,55,0,8,91,0,99,48,0,48,147
10/10/2015,IXD,KS,ACE,CE,Federal Contract Tower,0,5,10,0,15,0,1,95,0,96,0,6,105,0,111,120,0,120,231
10/11/2015,IXD,KS,ACE,CE,Federal Contract Tower,0,11,19,0,30,0,0,46,0,46,0,11,65,0,76,96,0,96,172
10/12/2015,IXD,KS,ACE,CE,Federal Contract Tower,0,9,21,0,30,0,0,28,2,30,0,9,49,2,60,50,0,50,110
10/13/2015,IXD,KS,ACE,CE,Federal Contract Tower,0,10,23,0,33,0,5,66,4,75,0,15,89,4,108,84,0,84,192
10/14/2015,IXD,KS,ACE,CE,Federal Contract Tower,0,6,26,1,33,0,6,87,2,95,0,12,113,3,128,132,0,132,260
10/15/2015,IXD,KS,ACE,CE,Federal Contract Tower,0,7,32,0,39,0,1,38,7,46,0,8,70,7,85,60,2,62,147
10/16/2015,IXD,KS,ACE,CE,Federal Contract Tower,0,8,26,1,35,0,0,83,0,83,0,8,109,1,118,116,0,116,234
10/17/2015,IXD,KS,ACE,CE,Federal Contract Tower,0,2,12,0,14,0,2,64,15,81,0,4,76,15,95,28,4,32,127
10/18/2015,IXD,KS,ACE,CE,Federal Contract Tower,0,4,31,1,36,0,0,48,0,48,0,4,79,1,84,62,0,62,146
10/19/2015,IXD,KS,ACE,CE,Federal Contract Tower,0,4,17,2,23,0,0,8,0,8,0,4,25,2,31,4,0,4,35
10/20/2015,IXD,KS,ACE,CE,Federal Contract Tower,0,6,23,0,29,0,6,24,2,32,0,12,47,2,61,34,0,34,95
10/21/2015,IXD,KS,ACE,CE,Federal Contract Tower,0,6,31,0,37,0,4,67,2,73,0,10,98,2,110,98,0,98,208
10/22/2015,IXD,KS,ACE,CE,Federal Contract Tower,0,3,44,0,47,0,0,64,6,70,0,3,108,6,117,110,2,112,229
10/23/2015,IXD,KS,ACE,CE,Federal Contract Tower,0,10,16,2,28,0,0,7,0,7,0,10,23,2,35,38,0,38,73
10/24/2015,IXD,KS,ACE,CE,Federal Contract Tower,0,2,19,0,21,0,0,33,0,33,0,2,52,0,54,28,0,28,82
10/25/2015,IXD,KS,ACE,CE,Federal Contract Tower,0,8,14,0,22,0,0,62,0,62,0,8,76,0,84,86,0,86,170
10/26/2015,IXD,KS,ACE,CE,Federal Contract Tower,0,11,14,1,26,0,0,24,5,29,0,11,38,6,55,66,6,72,127
10/27/2015,IXD,KS,ACE,CE,Federal Contract Tower,0,9,27,0,36,0,0,0,0,0,0,9,27,0,36,0,0,0,36
10/28/2015,IXD,KS,ACE,CE,Federal Contract Tower,0,9,24,0,33,0,0,36,3,39,0,9,60,3,72,32,0,32,104
10/29/2015,IXD,KS,ACE,CE,Federal Contract Tower,0,10,28,0,38,0,4,46,5,55,0,14,74,5,93,48,18,66,159
10/30/2015,IXD,KS,ACE,CE,Federal Contract Tower,0,17,40,6,63,0,0,39,4,43,0,17,79,10,106,30,8,38,144
10/31/2015,IXD,KS,ACE,CE,Federal Contract Tower,0,1,13,0,14,0,0,10,0,10,0,1,23,0,24,34,0,34,58
11/01/2015,IXD,KS,ACE,CE,Federal Contract Tower,0,3,16,0,19,0,0,79,0,79,0,3,95,0,98,168,0,168,266
11/02/2015,IXD,KS,ACE,CE,Federal Contract Tower,0,8,18,0,26,0,0,50,0,50,0,8,68,0,76,76,0,76,152
11/03/2015,IXD,KS,ACE,CE,Federal Contract Tower,0,7,18,0,25,0,0,17,0,17,0,7,35,0,42,16,0,16,58
11/04/2015,IXD,KS,ACE,CE,Federal Contract Tower,0,13,34,0,47,0,0,9,0,9,0,13,43,0,56,12,0,12,68
11/05/2015,IXD,KS,ACE,CE,Federal Contract Tower,0,4,35,1,40,0,0,5,12,17,0,4,40,13,57,48,4,52,109
11/06/2015,IXD,KS,ACE,CE,Federal Contract Tower,0,8,30,1,39,0,0,66,7,73,0,8,96,8,112,96,4,100,212
11/07/2015,IXD,KS,ACE,CE,Federal Contract Tower,0,3,21,0,24,0,0,71,1,72,0,3,92,1,96,58,0,58,154
11/08/2015,IXD,KS,ACE,CE,Federal Contract Tower,0,2,14,0,16,0,0,100,2,102,0,2,114,2,118,176,0,176,294
11/09/2015,IXD,KS,ACE,CE,Federal Contract Tower,0,4,13,0,17,0,1,59,2,62,0,5,72,2,79,64,0,64,143
11/10/2015,IXD,KS,ACE,CE,Federal Contract Tower,0,10,20,0,30,0,0,49,1,50,0,10,69,1,80,28,0,28,108
11/11/2015,IXD,KS,ACE,CE,Federal Contract Tower,0,6,8,1,15,0,0,4,1,5,0,6,12,2,20,0,2,2,22
11/12/2015,IXD,KS,ACE,CE,Federal Contract Tower,0,14,21,1,36,0,0,27,5,32,0,14,48,6,68,28,12,40,108
11/13/2015,IXD,KS,ACE,CE,Federal Contract Tower,0,11,21,1,33,0,0,59,12,71,0,11,80,13,104,76,8,84,188
11/14/2015,IXD,KS,ACE,CE,Federal Contract Tower,0,10,13,2,25,0,0,55,12,67,0,10,68,14,92,60,10,70,162
11/15/2015,IXD,KS,ACE,CE,Federal Contract Tower,0,5,14,4,23,0,0,30,1,31,0,5,44,5,54,74,0,74,128
11/16/2015,IXD,KS,ACE,CE,Federal Contract Tower,0,13,17,0,30,0,0,0,0,0,0,13,17,0,30,0,0,0,30
11/17/2015,IXD,KS,ACE,CE,Federal Contract Tower,0,7,22,3,32,0,0,0,0,0,0,7,22,3,32,0,0,0,32
11/18/2015,IXD,KS,ACE,CE,Federal Contract Tower,0,13,21,0,34,0,0,23,4,27,0,13,44,4,61,18,0,18,79
11/19/2015,IXD,KS,ACE,CE,Federal Contract Tower,0,13,31,1,45,0,4,57,6,67,0,17,88,7,112,16,0,16,128
11/20/2015,IXD,KS,ACE,CE,Federal Contract Tower,0,11,28,3,42,0,1,18,1,20,0,12,46,4,62,16,8,24,86
11/21/2015,IXD,KS,ACE,CE,Federal Contract Tower,0,1,13,6,20,0,2,33,2,37,0,3,46,8,57,68,10,78,135
11/22/2015,IXD,KS,ACE,CE,Federal Contract Tower,0,5,11,4,20,0,2,58,0,60,0,7,69,4,80,94,0,94,174
11/23/2015,IXD,KS,ACE,CE,Federal Contract Tower,0,8,25,0,33,0,21,63,2,86,0,29,88,2,119,50,0,50,169
11/24/2015,IXD,KS,ACE,CE,Federal Contract Tower,0,3,36,0,39,0,0,75,0,75,0,3,111,0,114,84,0,84,198
11/25/2015,IXD,KS,ACE,CE,Federal Contract Tower,0,17,25,0,42,0,0,21,0,21,0,17,46,0,63,18,0,18,81
11/26/2015,IXD,KS,ACE,CE,Federal Contract Tower,0,0,3,0,3,0,0,0,0,0,0,0,3,0,3,0,0,0,3
11/27/2015,IXD,KS,ACE,CE,Federal Contract Tower,0,0,1,0,1,0,0,0,0,0,0,0,1,0,1,0,0,0,1
11/28/2015,IXD,KS,ACE,CE,Federal Contract Tower,0,2,13,0,15,0,0,0,0,0,0,2,13,0,15,0,0,0,15
11/29/2015,IXD,KS,ACE,CE,Federal Contract Tower,0,9,10,0,19,0,0,0,0,0,0,9,10,0,19,0,0,0,19
11/30/2015,IXD,KS,ACE,CE,Federal Contract Tower,0,9,26,0,35,0,0,0,0,0,0,9,26,0,35,0,0,0,35
12/01/2015,IXD,KS,ACE,CE,Federal Contract Tower,0,6,30,0,36,0,0,49,3,52,0,6,79,3,88,30,0,30,118
12/02/2015,IXD,KS,ACE,CE,Federal Contract Tower,0,16,19,1,36,0,0,42,3,45,0,16,61,4,81,64,4,68,149
12/03/2015,IXD,KS,ACE,CE,Federal Contract Tower,0,7,25,0,32,0,0,52,2,54,0,7,77,2,86,44,0,44,130
12/04/2015,IXD,KS,ACE,CE,Federal Contract Tower,0,6,21,0,27,0,1,62,0,63,0,7,83,0,90,110,0,110,200
12/05/2015,IXD,KS,ACE,CE,Federal Contract Tower,0,1,8,0,9,0,0,66,0,66,0,1,74,0,75,102,0,102,177
12/06/2015,IXD,KS,ACE,CE,Federal Contract Tower,0,4,20,0,24,0,0,55,0,55,0,4,75,0,79,108,0,108,187
12/07/2015,IXD,KS,ACE,CE,Federal Contract Tower,0,5,29,0,34,0,0,80,0,80,0,5,109,0,114,80,0,80,194
12/08/2015,IXD,KS,ACE,CE,Federal Contract Tower,0,6,27,0,33,0,0,54,2,56,0,6,81,2,89,106,0,106,195
12/09/2015,IXD,KS,ACE,CE,Federal Contract Tower,0,7,27,0,34,0,0,45,2,47,0,7,72,2,81,84,0,84,165
12/10/2015,IXD,KS,ACE,CE,Federal Contract Tower,0,3,22,0,25,0,3,43,3,49,0,6,65,3,74,52,0,52,126
12/11/2015,IXD,KS,ACE,CE,Federal Contract Tower,0,4,29,0,33,0,2,26,0,28,0,6,55,0,61,46,0,46,107
12/12/2015,IXD,KS,ACE,CE,Federal Contract Tower,0,0,4,2,6,0,0,10,2,12,0,0,14,4,18,24,0,24,42
12/13/2015,IXD,KS,ACE,CE,Federal Contract Tower,0,7,3,0,10,0,0,0,0,0,0,7,3,0,10,8,0,8,18
12/14/2015,IXD,KS,ACE,CE,Federal Contract Tower,0,8,20,0,28,0,0,8,1,9,0,8,28,1,37,12,0,12,49
12/15/2015,IXD,KS,ACE,CE,Federal Contract Tower,0,6,15,0,21,0,1,30,4,35,0,7,45,4,56,18,0,18,74
12/16/2015,IXD,KS,ACE,CE,Federal Contract Tower,0,16,40,1,57,0,0,33,6,39,0,16,73,7,96,24,0,24,120
12/17/2015,IXD,KS,ACE,CE,Federal Contract Tower,0,8,32,0,40,0,0,18,8,26,0,8,50,8,66,54,0,54,120
12/18/2015,IXD,KS,ACE,CE,Federal Contract Tower,0,4,34,0,38,0,0,35,0,35,0,4,69,0,73,32,0,32,105
12/19/2015,IXD,KS,ACE,CE,Federal Contract Tower,0,5,19,0,24,0,0,49,0,49,0,5,68,0,73,74,0,74,147
12/20/2015,IXD,KS,ACE,CE,Federal Contract Tower,0,4,13,0,17,0,0,1,0,1,0,4,14,0,18,0,0,0,18
12/21/2015,IXD,KS,ACE,CE,Federal Contract Tower,0,5,22,0,27,0,0,0,0,0,0,5,22,0,27,0,0,0,27
12/22/2015,IXD,KS,ACE,CE,Federal Contract Tower,0,6,27,1,34,0,0,31,4,35,0,6,58,5,69,26,0,26,95
12/23/2015,IXD,KS,ACE,CE,Federal Contract Tower,0,7,15,0,22,0,0,15,0,15,0,7,30,0,37,22,0,22,59
12/24/2015,IXD,KS,ACE,CE,Federal Contract Tower,0,1,7,0,8,0,0,30,0,30,0,1,37,0,38,28,0,28,66
12/25/2015,IXD,KS,ACE,CE,Federal Contract Tower,0,0,3,0,3,0,0,9,0,9,0,0,12,0,12,0,0,0,12
12/26/2015,IXD,KS,ACE,CE,Federal Contract Tower,0,12,6,0,18,0,0,0,0,0,0,12,6,0,18,0,0,0,18
12/27/2015,IXD,KS,ACE,CE,Federal Contract Tower,0,4,9,0,13,0,0,0,0,0,0,4,9,0,13,0,0,0,13
12/28/2015,IXD,KS,ACE,CE,Federal Contract Tower,0,1,4,0,5,0,0,0,0,0,0,1,4,0,5,0,0,0,5
12/29/2015,IXD,KS,ACE,CE,Federal Contract Tower,0,3,16,0,19,0,0,13,0,13,0,3,29,0,32,8,0,8,40
12/30/2015,IXD,KS,ACE,CE,Federal Contract Tower,0,7,15,0,22,0,0,27,5,32,0,7,42,5,54,34,0,34,88
12/31/2015,IXD,KS,ACE,CE,Federal Contract Tower,0,5,14,0,19,0,1,45,0,46,0,6,59,0,65,72,0,72,137
01/01/2016,IXD,KS,ACE,CE,Federal Contract Tower,0,5,10,0,15,0,0,33,0,33,0,5,43,0,48,42,0,42,90
01/02/2016,IXD,KS,ACE,CE,Federal Contract Tower,0,5,19,0,24,0,0,53,0,53,0,5,72,0,77,46,0,46,123
01/03/2016,IXD,KS,ACE,CE,Federal Contract Tower,0,1,20,0,21,0,0,52,0,52,0,1,72,0,73,76,0,76,149
01/04/2016,IXD,KS,ACE,CE,Federal Contract Tower,0,6,29,0,35,0,0,9,0,9,0,6,38,0,44,24,0,24,68
01/05/2016,IXD,KS,ACE,CE,Federal Contract Tower,0,4,13,0,17,0,1,51,1,53,0,5,64,1,70,44,0,44,114
01/06/2016,IXD,KS,ACE,CE,Federal Contract Tower,0,3,8,0,11,0,0,2,0,2,0,3,10,0,13,8,0,8,21
01/07/2016,IXD,KS,ACE,CE,Federal Contract Tower,0,8,13,0,21,0,0,0,0,0,0,8,13,0,21,0,0,0,21
01/08/2016,IXD,KS,ACE,CE,Federal Contract Tower,0,8,8,0,16,0,0,0,0,0,0,8,8,0,16,0,0,0,16
01/09/2016,IXD,KS,ACE,CE,Federal Contract Tower,0,1,5,1,7,0,0,2,10,12,0,1,7,11,19,0,0,0,19
01/10/2016,IXD,KS,ACE,CE,Federal Contract Tower,0,5,9,1,15,0,0,46,0,46,0,5,55,1,61,50,0,50,111
01/11/2016,IXD,KS,ACE,CE,Federal Contract Tower,0,11,23,4,38,0,1,40,2,43,0,12,63,6,81,128,0,128,209
01/12/2016,IXD,KS,ACE,CE,Federal Contract Tower,0,5,23,0,28,0,1,55,1,57,0,6,78,1,85,68,0,68,153
01/13/2016,IXD,KS,ACE,CE,Federal Contract Tower,0,7,25,5,37,0,0,51,4,55,0,7,76,9,92,100,2,102,194
01/14/2016,IXD,KS,ACE,CE,Federal Contract Tower,0,8,28,1,37,0,12,79,5,96,0,20,107,6,133,58,4,62,195
01/15/2016,IXD,KS,ACE,CE,Federal Contract Tower,0,17,23,0,40,0,0,16,0,16,0,17,39,0,56,22,0,22,78
01/16/2016,IXD,KS,ACE,CE,Federal Contract Tower,0,2,14,0,16,0,4,61,0,65,0,6,75,0,81,126,0,126,207
01/17/2016,IXD,KS,ACE,CE,Federal Contract Tower,0,1,11,0,12,0,0,12,0,12,0,1,23,0,24,18,0,18,42
01/18/2016,IXD,KS,ACE,CE,Federal Contract Tower,0,8,17,0,25,0,2,44,0,46,0,10,61,0,71,50,0,50,121
01/19/2016,IXD,KS,ACE,CE,Federal Contract Tower,0,3,9,0,12,0,0,2,0,2,0,3,11,0,14,0,0,0,14
01/20/2016,IXD,KS,ACE,CE,Federal Contract Tower,0,0,9,10,19,0,0,0,0,0,0,0,9,10,19,0,0,0,19
01/21/2016,IXD,KS,ACE,CE,Federal Contract Tower,0,6,10,0,16,0,0,0,7,7,0,6,10,7,23,0,0,0,23
01/22/2016,IXD,KS,ACE,CE,Federal Contract Tower,0,7,12,0,19,0,0,13,0,13,0,7,25,0,32,22,0,22,54
01/23/2016,IXD,KS,ACE,CE,Federal Contract Tower,0,1,12,0,13,0,0,1,0,1,0,1,13,0,14,0,0,0,14
01/24/2016,IXD,KS,ACE,CE,Federal Contract Tower,0,7,12,0,19,0,0,67,0,67,0,7,79,0,86,136,0,136,222
01/25/2016,IXD,KS,ACE,CE,Federal Contract Tower,0,7,9,0,16,0,0,2,0,2,0,7,11,0,18,12,0,12,30
01/26/2016,IXD,KS,ACE,CE,Federal Contract Tower,0,4,16,1,21,0,0,49,0,49,0,4,65,1,70,134,0,134,204
01/28/2016,IXD,KS,ACE,CE,Federal Contract Tower,0,10,30,1,41,0,18,61,7,86,0,28,91,8,127,32,0,32,159
01/29/2016,IXD,KS,ACE,CE,Federal Contract Tower,0,6,14,2,22,0,1,72,3,76,0,7,86,5,98,112,2,114,212
01/30/2016,IXD,KS,ACE,CE,Federal Contract Tower,0,3,14,0,17,0,1,109,0,110,0,4,123,0,127,216,0,216,343
01/31/2016,IXD,KS,ACE,CE,Federal Contract Tower,0,1,25,0,26,0,2,45,0,47,0,3,70,0,73,72,0,72,145
02/01/2016,IXD,KS,ACE,CE,Federal Contract Tower,0,8,15,0,23,0,1,42,0,43,0,9,57,0,66,68,0,68,134
02/02/2016,IXD,KS,ACE,CE,Federal Contract Tower,0,4,13,0,17,0,0,11,0,11,0,4,24,0,28,0,0,0,28
02/03/2016,IXD,KS,ACE,CE,Federal Contract Tower,0,4,17,4,25,0,0,22,0,22,0,4,39,4,47,20,2,22,69
02/04/2016,IXD,KS,ACE,CE,Federal Contract Tower,0,3,40,4,47,0,3,57,12,72,0,6,97,16,119,160,4,164,283
02/05/2016,IXD,KS,ACE,CE,Federal Contract Tower,0,5,20,3,28,0,1,67,7,75,0,6,87,10,103,152,8,160,263
02/06/2016,IXD,KS,ACE,CE,Federal Contract Tower,0,1,16,0,17,0,0,97,0,97,0,1,113,0,114,160,0,160,274
02/07/2016,IXD,KS,ACE,CE,Federal Contract Tower,0,0,4,0,4,0,0,10,0,10,0,0,14,0,14,22,0,22,36
02/08/2016,IXD,KS,ACE,CE,Federal Contract Tower,0,6,19,0,25,0,1,9,0,10,0,7,28,0,35,6,0,6,41
02/09/2016,IXD,KS,ACE,CE,Federal Contract Tower,0,6,26,3,35,0,0,22,2,24,0,6,48,5,59,6,0,6,65
02/10/2016,IXD,KS,ACE,CE,Federal Contract Tower,0,18,21,0,39,0,3,52,1,56,0,21,73,1,95,98,0,98,193
02/11/2016,IXD,KS,ACE,CE,Federal Contract Tower,0,6,23,0,29,0,3,46,4,53,0,9,69,4,82,126,0,126,208
02/12/2016,IXD,KS,ACE,CE,Federal Contract Tower,0,4,11,0,15,0,1,37,1,39,0,5,48,1,54,56,0,56,110
02/13/2016,IXD,KS,ACE,CE,Federal Contract Tower,0,2,5,0,7,0,0,38,0,38,0,2,43,0,45,52,0,52,97
02/14/2016,IXD,KS,ACE,CE,Federal Contract Tower,0,3,6,0,9,0,2,51,0,53,0,5,57,0,62,126,0,126,188
02/15/2016,IXD,KS,ACE,CE,Federal Contract Tower,0,6,32,0,38,0,1,55,0,56,0,7,87,0,94,162,0,162,256
02/16/2016,IXD,KS,ACE,CE,Federal Contract Tower,0,9,16,0,25,0,0,12,2,14,0,9,28,2,39,42,0,42,81
02/17/2016,IXD,KS,ACE,CE,Federal Contract Tower,0,6,33,0,39,0,1,67,1,69,0,7,100,1,108,150,0,150,258
02/18/2016,IXD,KS,ACE,CE,Federal Contract Tower,0,4,13,0,17,0,3,16,4,23,0,7,29,4,40,2,0,2,42
02/19/2016,IXD,KS,ACE,CE,Federal Contract Tower,0,9,20,0,29,0,1,48,6,55,0,10,68,6,84,62,2,64,148
02/20/2016,IXD,KS,ACE,CE,Federal Contract Tower,0,5,18,0,23,0,3,80,10,93,0,8,98,10,116,134,2,136,252
02/21/2016,IXD,KS,ACE,CE,Federal Contract Tower,0,2,12,0,14,0,0,70,6,76,0,2,82,6,90,88,2,90,180
02/22/2016,IXD,KS,ACE,CE,Federal Contract Tower,0,6,21,1,28,0,0,48,1,49,0,6,69,2,77,166,0,166,243
02/23/2016,IXD,KS,ACE,CE,Federal Contract Tower,0,3,32,0,35,0,2,32,8,42,0,5,64,8,77,78,2,80,157
02/24/2016,IXD,KS,ACE,CE,Federal Contract Tower,0,11,26,0,37,0,0,26,3,29,0,11,52,3,66,34,2,36,102
02/25/2016,IXD,KS,ACE,CE,Federal Contract Tower,0,10,18,0,28,0,1,20,8,29,0,11,38,8,57,12,8,20,77
02/26/2016,IXD,KS,ACE,CE,Federal Contract Tower,0,8,21,3,32,0,22,72,14,108,0,30,93,17,140,90,8,98,238
02/27/2016,IXD,KS,ACE,CE,Federal Contract Tower,0,3,8,0,11,0,0,75,0,75,0,3,83,0,86,206,0,206,292
02/28/2016,IXD,KS,ACE,CE,Federal Contract Tower,0,2,11,0,13,0,0,13,0,13,0,2,24,0,26,10,0,10,36
02/29/2016,IXD,KS,ACE,CE,Federal Contract Tower,0,3,22,1,26,0,0,43,2,45,0,3,65,3,71,64,0,64,135
03/01/2016,IXD,KS,ACE,CE,Federal Contract Tower,0,11,30,1,42,0,0,35,4,39,0,11,65,5,81,44,0,44,125
03/02/2016,IXD,KS,ACE,CE,Federal Contract Tower,0,8,24,1,33,0,0,26,9,35,0,8,50,10,68,44,0,44,112
03/03/2016,IXD,KS,ACE,CE,Federal Contract Tower,0,6,21,0,27,0,3,36,9,48,0,9,57,9,75,98,4,102,177
03/04/2016,IXD,KS,ACE,CE,Federal Contract Tower,0,7,24,3,34,0,14,60,2,76,0,21,84,5,110,128,4,132,242
03/05/2016,IXD,KS,ACE,CE,Federal Contract Tower,0,6,17,0,23,0,0,107,0,107,0,6,124,0,130,136,0,136,266
03/06/2016,IXD,KS,ACE,CE,Federal Contract Tower,0,4,3,0,7,0,0,13,4,17,0,4,16,4,24,6,0,6,30
03/07/2016,IXD,KS,ACE,CE,Federal Contract Tower,0,9,20,0,29,0,0,26,0,26,0,9,46,0,55,16,0,16,71
03/08/2016,IXD,KS,ACE,CE,Federal Contract Tower,0,6,18,0,24,0,0,7,2,9,0,6,25,2,33,38,6,44,77
03/09/2016,IXD,KS,ACE,CE,Federal Contract Tower,0,2,35,5,42,0,1,46,5,52,0,3,81,10,94,78,0,78,172
03/10/2016,IXD,KS,ACE,CE,Federal Contract Tower,0,6,30,1,37,0,0,62,9,71,0,6,92,10,108,146,0,146,254
03/11/2016,IXD,KS,ACE,CE,Federal Contract Tower,0,3,27,1,31,0,2,87,9,98,0,5,114,10,129,128,0,128,257
03/12/2016,IXD,KS,ACE,CE,Federal Contract Tower,0,6,20,1,27,0,0,0,0,0,0,6,20,1,27,0,0,0,27
03/13/2016,IXD,KS,ACE,CE,Federal Contract Tower,0,6,15,1,22,0,0,16,0,16,0,6,31,1,38,64,0,64,102
03/14/2016,IXD,KS,ACE,CE,Federal Contract Tower,0,2,27,0,29,0,0,52,1,53,0,2,79,1,82,104,0,104,186
03/15/2016,IXD,KS,ACE,CE,Federal Contract Tower,0,0,16,0,16,0,0,33,2,35,0,0,49,2,51,18,0,18,69
03/16/2016,IXD,KS,ACE,CE,Federal Contract Tower,0,5,23,0,28,0,2,40,0,42,0,7,63,0,70,56,0,56,126
03/17/2016,IXD,KS,ACE,CE,Federal Contract Tower,0,6,17,2,25,0,4,46,8,58,0,10,63,10,83,40,0,40,123
03/18/2016,IXD,KS,ACE,CE,Federal Contract Tower,0,7,15,0,22,0,4,30,0,34,0,11,45,0,56,36,0,36,92
03/19/2016,IXD,KS,ACE,CE,Federal Contract Tower,0,4,38,0,42,0,0,46,19,65,0,4,84,19,107,24,8,32,139
03/20/2016,IXD,KS,ACE,CE,Federal Contract Tower,0,9,10,0,19,0,0,50,0,50,0,9,60,0,69,116,0,116,185
03/21/2016,IXD,KS,ACE,CE,Federal Contract Tower,0,4,20,2,26,0,0,42,5,47,0,4,62,7,73,44,0,44,117
03/22/2016,IXD,KS,ACE,CE,Federal Contract Tower,0,6,27,0,33,0,0,22,13,35,0,6,49,13,68,28,12,40,108
03/23/2016,IXD,KS,ACE,CE,Federal Contract Tower,0,12,20,1,33,0,0,3,6,9,0,12,23,7,42,0,0,0,42
03/24/2016,IXD,KS,ACE,CE,Federal Contract Tower,0,10,10,1,21,0,3,9,7,19,0,13,19,8,40,16,8,24,64
03/25/2016,IXD,KS,ACE,CE,Federal Contract Tower,0,8,20,0,28,0,1,107,0,108,0,9,127,0,136,196,0,196,332
03/26/2016,IXD,KS,ACE,CE,Federal Contract Tower,0,2,15,0,17,0,0,33,0,33,0,2,48,0,50,134,0,134,184
03/27/2016,IXD,KS,ACE,CE,Federal Contract Tower,0,8,12,0,20,0,0,22,0,22,0,8,34,0,42,28,0,28,70
03/28/2016,IXD,KS,ACE,CE,Federal Contract Tower,0,3,35,0,38,0,2,110,0,112,0,5,145,0,150,232,0,232,382
03/29/2016,IXD,KS,ACE,CE,Federal Contract Tower,0,8,23,5,36,0,0,18,3,21,0,8,41,8,57,20,0,20,77
03/30/2016,IXD,KS,ACE,CE,Federal Contract Tower,0,13,31,0,44,0,0,17,6,23,0,13,48,6,67,24,0,24,91
03/31/2016,IXD,KS,ACE,CE,Federal Contract Tower,0,9,49,0,58,0,2,33,10,45,0,11,82,10,103,26,2,28,131
04/01/2016,IXD,KS,ACE,CE,Federal Contract Tower,0,9,20,0,29,0,1,38,4,43,0,10,58,4,72,50,0,50,122
04/02/2016,IXD,KS,ACE,CE,Federal Contract Tower,0,6,9,0,15,0,4,116,2,122,0,10,125,2,137,44,0,44,181
04/03/2016,IXD,KS,ACE,CE,Federal Contract Tower,0,2,11,2,15,0,1,28,3,32,0,3,39,5,47,24,0,24,71
04/04/2016,IXD,KS,ACE,CE,Federal Contract Tower,0,9,24,1,34,0,4,98,3,105,0,13,122,4,139,108,0,108,247
04/05/2016,IXD,KS,ACE,CE,Federal Contract Tower,0,8,18,1,27,0,0,28,4,32,0,8,46,5,59,24,2,26,85
04/06/2016,IXD,KS,ACE,CE,Federal Contract Tower,0,14,9,2,25,0,0,23,8,31,0,14,32,10,56,12,0,12,68
04/07/2016,IXD,KS,ACE,CE,Federal Contract Tower,0,6,14,0,20,0,1,24,5,30,0,7,38,5,50,20,4,24,74
04/08/2016,IXD,KS,ACE,CE,Federal Contract Tower,0,2,20,4,26,0,5,38,3,46,0,7,58,7,72,26,0,26,98
04/09/2016,IXD,KS,ACE,CE,Federal Contract Tower,0,6,20,0,26,0,3,80,4,87,0,9,100,4,113,94,0,94,207
04/10/2016,IXD,KS,ACE,CE,Federal Contract Tower,0,4,18,2,24,0,1,19,0,20,0,5,37,2,44,0,0,0,44
04/11/2016,IXD,KS,ACE,CE,Federal Contract Tower,0,3,32,0,35,0,1,50,1,52,0,4,82,1,87,54,0,54,141
04/12/2016,IXD,KS,ACE,CE,Federal Contract Tower,0,3,32,0,35,0,0,70,2,72,0,3,102,2,107,116,0,116,223
04/13/2016,IXD,KS,ACE,CE,Federal Contract Tower,0,3,26,2,31,0,1,74,1,76,0,4,100,3,107,150,4,154,261
04/14/2016,IXD,KS,ACE,CE,Federal Contract Tower,0,2,35,0,37,0,0,45,5,50,0,2,80,5,87,78,0,78,165
04/15/2016,IXD,KS,ACE,CE,Federal Contract Tower,0,12,19,0,31,0,4,43,0,47,0,16,62,0,78,42,0,42,120
04/16/2016,IXD,KS,ACE,CE,Federal Contract Tower,0,2,15,0,17,0,0,66,0,66,0,2,81,0,83,104,0,104,187
04/17/2016,IXD,KS,ACE,CE,Federal Contract Tower,0,5,13,2,20,0,1,41,0,42,0,6,54,2,62,44,0,44,106
04/18/2016,IXD,KS,ACE,CE,Federal Contract Tower,0,7,20,0,27,0,0,9,2,11,0,7,29,2,38,32,0,32,70
04/19/2016,IXD,KS,ACE,CE,Federal Contract Tower,0,6,24,2,32,0,0,50,1,51,0,6,74,3,83,170,0,170,253
04/20/2016,IXD,KS,ACE,CE,Federal Contract Tower,0,22,16,0,38,0,1,22,0,23,0,23,38,0,61,38,0,38,99
04/22/2016,IXD,KS,ACE,CE,Federal Contract Tower,0,7,39,0,46,0,0,123,0,123,0,7,162,0,169,126,0,126,295
04/23/2016,IXD,KS,ACE,CE,Federal Contract Tower,0,2,21,9,32,0,2,257,7,266,0,4,278,16,298,152,8,160,458
04/24/2016,IXD,KS,ACE,CE,Federal Contract Tower,0,0,19,11,30,0,0,60,0,60,0,0,79,11,90,36,0,36,126
04/25/2016,IXD,KS,ACE,CE,Federal Contract Tower,0,7,22,0,29,0,2,46,2,50,0,9,68,2,79,150,0,150,229
04/26/2016,IXD,KS,ACE,CE,Federal Contract Tower,0,5,28,0,33,0,0,7,0,7,0,5,35,0,40,2,0,2,42
04/27/2016,IXD,KS,ACE,CE,Federal Contract Tower,0,6,45,1,52,0,3,23,3,29,0,9,68,4,81,32,0,32,113
04/28/2016,IXD,KS,ACE,CE,Federal Contract Tower,0,10,34,3,47,0,4,62,1,67,0,14,96,4,114,94,0,94,208
04/29/2016,IXD,KS,ACE,CE,Federal Contract Tower,0,9,17,0,26,0,6,28,1,35,0,15,45,1,61,38,0,38,99
04/30/2016,IXD,KS,ACE,CE,Federal Contract Tower,0,1,25,0,26,0,0,29,0,29,0,1,54,0,55,40,0,40,95
05/01/2016,IXD,KS,ACE,CE,Federal Contract Tower,0,6,16,0,22,0,0,44,1,45,0,6,60,1,67,112,2,114,181
05/02/2016,IXD,KS,ACE,CE,Federal Contract Tower,0,9,25,0,34,0,0,49,2,51,0,9,74,2,85,156,0,156,241
05/03/2016,IXD,KS,ACE,CE,Federal Contract Tower,0,4,35,5,44,0,0,75,2,77,0,4,110,7,121,92,4,96,217
05/04/2016,IXD,KS,ACE,CE,Federal Contract Tower,0,9,45,1,55,0,0,73,2,75,0,9,118,3,130,60,0,60,190
05/05/2016,IXD,KS,ACE,CE,Federal Contract Tower,0,13,46,0,59,0,1,82,10,93,0,14,128,10,152,88,0,88,240
05/06/2016,IXD,KS,ACE,CE,Federal Contract Tower,0,5,27,0,32,0,6,79,8,93,0,11,106,8,125,126,0,126,251
05/07/2016,IXD,KS,ACE,CE,Federal Contract Tower,0,1,14,0,15,0,0,95,0,95,0,1,109,0,110,114,0,114,224
05/08/2016,IXD,KS,ACE,CE,Federal Contract Tower,0,2,8,0,10,0,0,12,0,12,0,2,20,0,22,10,0,10,32
05/09/2016,IXD,KS,ACE,CE,Federal Contract Tower,0,3,12,0,15,0,0,19,0,19,0,3,31,0,34,78,0,78,112
05/10/2016,IXD,KS,ACE,CE,Federal Contract Tower,0,6,24,3,33,0,0,68,1,69,0,6,92,4,102,144,0,144,246
05/11/2016,IXD,KS,ACE,CE,Federal Contract Tower,0,6,25,0,31,0,1,17,2,20,0,7,42,2,51,66,0,66,117
05/12/2016,IXD,KS,ACE,CE,Federal Contract Tower,0,12,36,0,48,0,1,78,7,86,0,13,114,7,134,94,0,94,228
05/13/2016,IXD,KS,ACE,CE,Federal Contract Tower,0,8,17,1,26,0,2,53,3,58,0,10,70,4,84,66,0,66,150
05/14/2016,IXD,KS,ACE,CE,Federal Contract Tower,0,5,16,5,26,0,4,68,2,74,0,9,84,7,100,122,0,122,222
05/15/2016,IXD,KS,ACE,CE,Federal Contract Tower,0,3,21,0,24,0,0,69,2,71,0,3,90,2,95,86,0,86,181
05/16/2016,IXD,KS,ACE,CE,Federal Contract Tower,0,23,16,0,39,0,0,0,2,2,0,23,16,2,41,0,0,0,41
05/17/2016,IXD,KS,ACE,CE,Federal Contract Tower,0,7,29,0,36,0,2,15,0,17,0,9,44,0,53,22,0,22,75
05/18/2016,IXD,KS,ACE,CE,Federal Contract Tower,0,10,42,0,52,0,2,69,8,79,0,12,111,8,131,82,0,82,213
05/19/2016,IXD,KS,ACE,CE,Federal Contract Tower,0,6,28,3,37,0,11,59,9,79,0,17,87,12,116,104,10,114,230
05/20/2016,IXD,KS,ACE,CE,Federal Contract Tower,0,6,35,2,43,0,2,35,4,41,0,8,70,6,84,74,2,76,160
05/21/2016,IXD,KS,ACE,CE,Federal Contract Tower,0,4,20,0,24,0,2,109,0,111,0,6,129,0,135,102,0,102,237
05/22/2016,IXD,KS,ACE,CE,Federal Contract Tower,0,4,22,0,26,0,1,42,0,43,0,5,64,0,69,42,0,42,111
05/23/2016,IXD,KS,ACE,CE,Federal Contract Tower,0,11,19,0,30,0,0,22,0,22,0,11,41,0,52,24,0,24,76
05/24/2016,IXD,KS,ACE,CE,Federal Contract Tower,0,10,25,1,36,0,0,34,4,38,0,10,59,5,74,56,2,58,132
05/25/2016,IXD,KS,ACE,CE,Federal Contract Tower,0,7,28,2,37,0,0,43,2,45,0,7,71,4,82,56,0,56,138
05/26/2016,IXD,KS,ACE,CE,Federal Contract Tower,0,4,15,1,20,0,0,17,2,19,0,4,32,3,39,30,2,32,71
05/27/2016,IXD,KS,ACE,CE,Federal Contract Tower,0,3,14,2,19,0,1,12,2,15,0,4,26,4,34,14,0,14,48
05/28/2016,IXD,KS,ACE,CE,Federal Contract Tower,0,5,20,0,25,0,0,48,2,50,0,5,68,2,75,126,0,126,201
05/29/2016,IXD,KS,ACE,CE,Federal Contract Tower,0,0,8,0,8,0,0,78,0,78,0,0,86,0,86,144,0,144,230
05/30/2016,IXD,KS,ACE,CE,Federal Contract Tower,0,6,13,1,20,0,0,42,0,42,0,6,55,1,62,32,0,32,94
05/31/2016,IXD,KS,ACE,CE,Federal Contract Tower,0,8,18,0,26,0,0,23,3,26,0,8,41,3,52,54,0,54,106
06/01/2016,IXD,KS,ACE,CE,Federal Contract Tower,0,4,29,1,34,0,0,85,5,90,0,4,114,6,124,74,0,74,198
06/02/2016,IXD,KS,ACE,CE,Federal Contract Tower,0,11,35,0,46,0,0,68,0,68,0,11,103,0,114,58,0,58,172
06/03/2016,IXD,KS,ACE,CE,Federal Contract Tower,0,3,23,7,33,0,0,74,7,81,0,3,97,14,114,74,0,74,188
06/04/2016,IXD,KS,ACE,CE,Federal Contract Tower,0,2,20,1,23,0,0,59,0,59,0,2,79,1,82,74,0,74,156
06/05/2016,IXD,KS,ACE,CE,Federal Contract Tower,0,5,13,0,18,0,5,31,0,36,0,10,44,0,54,30,0,30,84
06/06/2016,IXD,KS,ACE,CE,Federal Contract Tower,0,4,26,2,32,0,0,44,6,50,0,4,70,8,82,34,0,34,116
06/07/2016,IXD,KS,ACE,CE,Federal Contract Tower,0,8,22,1,31,0,2,59,6,67,0,10,81,7,98,80,0,80,178
06/08/2016,IXD,KS,ACE,CE,Federal Contract Tower,0,9,37,3,49,0,1,51,4,56,0,10,88,7,105,70,4,74,179
06/09/2016,IXD,KS,ACE,CE,Federal Contract Tower,0,4,26,1,31,0,0,43,7,50,0,4,69,8,81,88,4,92,173
06/10/2016,IXD,KS,ACE,CE,Federal Contract Tower,0,11,21,1,33,0,2,74,2,78,0,13,95,3,111,98,0,98,209
06/11/2016,IXD,KS,ACE,CE,Federal Contract Tower,0,3,21,1,25,0,0,46,5,51,0,3,67,6,76,72,0,72,148
06/12/2016,IXD,KS,ACE,CE,Federal Contract Tower,0,3,16,0,19,0,0,33,0,33,0,3,49,0,52,36,0,36,88
06/13/2016,IXD,KS,ACE,CE,Federal Contract Tower,0,5,19,0,24,0,1,42,2,45,0,6,61,2,69,110,0,110,179
06/14/2016,IXD,KS,ACE,CE,Federal Contract Tower,0,2,26,0,28,0,0,37,2,39,0,2,63,2,67,92,0,92,159
06/15/2016,IXD,KS,ACE,CE,Federal Contract Tower,0,9,17,4,30,0,1,56,4,61,0,10,73,8,91,112,2,114,205
06/16/2016,IXD,KS,ACE,CE,Federal Contract Tower,0,7,35,0,42,0,1,45,2,48,0,8,80,2,90,110,0,110,200
06/17/2016,IXD,KS,ACE,CE,Federal Contract Tower,0,8,31,0,39,0,3,73,2,78,0,11,104,2,117,70,0,70,187
06/18/2016,IXD,KS,ACE,CE,Federal Contract Tower,0,4,17,4,25,0,2,81,0,83,0,6,98,4,108,96,0,96,204
06/19/2016,IXD,KS,ACE,CE,Federal Contract Tower,0,1,19,0,20,0,0,70,0,70,0,1,89,0,90,100,0,100,190
06/20/2016,IXD,KS,ACE,CE,Federal Contract Tower,0,4,17,1,22,0,0,40,3,43,0,4,57,4,65,92,8,100,165
06/21/2016,IXD,KS,ACE,CE,Federal Contract Tower,0,7,43,0,50,0,0,69,6,75,0,7,112,6,125,120,0,120,245
06/22/2016,IXD,KS,ACE,CE,Federal Contract Tower,0,15,30,0,45,0,0,35,0,35,0,15,65,0,80,8,0,8,88
06/23/2016,IXD,KS,ACE,CE,Federal Contract Tower,0,12,16,0,28,0,0,54,2,56,0,12,70,2,84,104,0,104,188
06/24/2016,IXD,KS,ACE,CE,Federal Contract Tower,0,6,19,0,25,0,0,55,4,59,0,6,74,4,84,94,4,98,182
06/25/2016,IXD,KS,ACE,CE,Federal Contract Tower,0,0,10,0,10,0,0,65,4,69,0,0,75,4,79,80,0,80,159
06/26/2016,IXD,KS,ACE,CE,Federal Contract Tower,0,5,20,2,27,0,0,40,4,44,0,5,60,6,71,40,2,42,113
06/27/2016,IXD,KS,ACE,CE,Federal Contract Tower,0,5,34,0,39,0,5,65,2,72,0,10,99,2,111,54,0,54,165
06/28/2016,IXD,KS,ACE,CE,Federal Contract Tower,0,2,20,0,22,0,2,47,4,53,0,4,67,4,75,80,0,80,155
06/29/2016,IXD,KS,ACE,CE,Federal Contract Tower,0,4,23,1,28,0,3,76,5,84,0,7,99,6,112,102,0,102,214
06/30/2016,IXD,KS,ACE,CE,Federal Contract Tower,0,16,23,0,39,0,24,58,0,82,0,40,81,0,121,114,0,114,235
07/01/2016,IXD,KS,ACE,CE,Federal Contract Tower,0,6,40,0,46,0,0,81,0,81,0,6,121,0,127,152,0,152,279
07/02/2016,IXD,KS,ACE,CE,Federal Contract Tower,0,2,12,0,14,0,0,0,0,0,0,2,12,0,14,2,0,2,16
07/03/2016,IXD,KS,ACE,CE,Federal Contract Tower,0,1,11,0,12,0,0,0,0,0,0,1,11,0,12,0,0,0,12
07/04/2016,IXD,KS,ACE,CE,Federal Contract Tower,0,0,17,0,17,0,0,24,0,24,0,0,41,0,41,42,0,42,83
07/05/2016,IXD,KS,ACE,CE,Federal Contract Tower,0,6,29,0,35,0,0,53,0,53,0,6,82,0,88,42,0,42,130
07/06/2016,IXD,KS,ACE,CE,Federal Contract Tower,0,5,23,0,28,0,0,63,6,69,0,5,86,6,97,64,6,70,167
07/07/2016,IXD,KS,ACE,CE,Federal Contract Tower,0,3,20,0,23,0,1,43,2,46,0,4,63,2,69,76,0,76,145
07/08/2016,IXD,KS,ACE,CE,Federal Contract Tower,0,4,18,2,24,0,0,57,0,57,0,4,75,2,81,130,0,130,211
07/09/2016,IXD,KS,ACE,CE,Federal Contract Tower,0,2,14,1,17,0,0,70,2,72,0,2,84,3,89,130,0,130,219
07/10/2016,IXD,KS,ACE,CE,Federal Contract Tower,0,11,21,0,32,0,0,45,1,46,0,11,66,1,78,46,0,46,124
07/11/2016,IXD,KS,ACE,CE,Federal Contract Tower,0,8,20,4,32,0,1,48,5,54,0,9,68,9,86,104,8,112,198
07/12/2016,IXD,KS,ACE,CE,Federal Contract Tower,0,7,31,3,41,0,0,59,6,65,0,7,90,9,106,86,0,86,192
07/13/2016,IXD,KS,ACE,CE,Federal Contract Tower,0,11,18,0,29,0,1,31,0,32,0,12,49,0,61,62,0,62,123
07/14/2016,IXD,KS,ACE,CE,Federal Contract Tower,0,6,32,0,38,0,8,24,1,33,0,14,56,1,71,70,0,70,141
07/15/2016,IXD,KS,ACE,CE,Federal Contract Tower,0,11,16,0,27,0,3,58,2,63,0,14,74,2,90,90,0,90,180
07/16/2016,IXD,KS,ACE,CE,Federal Contract Tower,0,1,31,0,32,0,0,95,0,95,0,1,126,0,127,74,0,74,201
07/17/2016,IXD,KS,ACE,CE,Federal Contract Tower,0,7,18,0,25,0,0,40,1,41,0,7,58,1,66,72,0,72,138
07/18/2016,IXD,KS,ACE,CE,Federal Contract Tower,0,4,20,0,24,0,5,71,0,76,0,9,91,0,100,118,0,118,218
07/19/2016,IXD,KS,ACE,CE,Federal Contract Tower,0,6,21,0,27,0,0,79,2,81,0,6,100,2,108,84,0,84,192
07/20/2016,IXD,KS,ACE,CE,Federal Contract Tower,0,3,27,0,30,0,0,73,0,73,0,3,100,0,103,116,0,116,219
07/21/2016,IXD,KS,ACE,CE,Federal Contract Tower,0,3,26,0,29,0,0,75,1,76,0,3,101,1,105,142,4,146,251
07/22/2016,IXD,KS,ACE,CE,Federal Contract Tower,0,6,23,0,29,0,0,66,0,66,0,6,89,0,95,92,0,92,187
07/23/2016,IXD,KS,ACE,CE,Federal Contract Tower,0,0,15,0,15,0,4,65,0,69,0,4,80,0,84,60,0,60,144
07/24/2016,IXD,KS,ACE,CE,Federal Contract Tower,0,2,24,0,26,0,0,36,2,38,0,2,60,2,64,64,0,64,128
07/25/2016,IXD,KS,ACE,CE,Federal Contract Tower,0,5,14,2,21,0,1,18,1,20,0,6,32,3,41,84,0,84,125
07/26/2016,IXD,KS,ACE,CE,Federal Contract Tower,0,8,13,0,21,0,2,49,1,52,0,10,62,1,73,72,0,72,145
07/27/2016,IXD,KS,ACE,CE,Federal Contract Tower,0,5,33,0,38,0,3,71,0,74,0,8,104,0,112,110,0,110,222
07/28/2016,IXD,KS,ACE,CE,Federal Contract Tower,0,13,28,1,42,0,9,54,2,65,0,22,82,3,107,22,2,24,131
07/29/2016,IXD,KS,ACE,CE,Federal Contract Tower,0,7,25,0,32,0,4,46,3,53,0,11,71,3,85,84,0,84,169
07/30/2016,IXD,KS,ACE,CE,Federal Contract Tower,0,5,13,0,18,0,1,76,0,77,0,6,89,0,95,108,0,108,203
07/31/2016,IXD,KS,ACE,CE,Federal Contract Tower,0,9,13,0,22,0,1,27,1,29,0,10,40,1,51,18,0,18,69
08/01/2016,IXD,KS,ACE,CE,Federal Contract Tower,0,6,31,0,37,0,0,37,5,42,0,6,68,5,79,54,0,54,133
08/02/2016,IXD,KS,ACE,CE,Federal Contract Tower,0,4,23,0,27,0,1,66,4,71,0,5,89,4,98,60,0,60,158
08/03/2016,IXD,KS,ACE,CE,Federal Contract Tower,0,4,31,1,36,0,2,71,4,77,0,6,102,5,113,38,0,38,151
08/04/2016,IXD,KS,ACE,CE,Federal Contract Tower,0,2,29,1,32,0,8,73,5,86,0,10,102,6,118,154,0,154,272
08/05/2016,IXD,KS,ACE,CE,Federal Contract Tower,0,3,30,2,35,0,2,20,0,22,0,5,50,2,57,44,0,44,101
08/06/2016,IXD,KS,ACE,CE,Federal Contract Tower,0,2,28,0,30,0,1,73,8,82,0,3,101,8,112,70,4,74,186
08/07/2016,IXD,KS,ACE,CE,Federal Contract Tower,0,4,22,3,29,0,0,16,1,17,0,4,38,4,46,34,4,38,84
08/08/2016,IXD,KS,ACE,CE,Federal Contract Tower,0,10,29,0,39,0,1,14,0,15,0,11,43,0,54,56,0,56,110
08/09/2016,IXD,KS,ACE,CE,Federal Contract Tower,0,10,26,0,36,0,0,54,1,55,0,10,80,1,91,52,0,52,143
08/10/2016,IXD,KS,ACE,CE,Federal Contract Tower,0,6,20,2,28,0,0,69,2,71,0,6,89,4,99,102,0,102,201
08/11/2016,IXD,KS,ACE,CE,Federal Contract Tower,0,7,15,0,22,0,2,54,2,58,0,9,69,2,80,114,0,114,194
08/12/2016,IXD,KS,ACE,CE,Federal Contract Tower,0,10,13,1,24,0,0,18,0,18,0,10,31,1,42,26,0,26,68
08/13/2016,IXD,KS,ACE,CE,Federal Contract Tower,0,4,12,0,16,0,0,69,3,72,0,4,81,3,88,74,0,74,162
08/14/2016,IXD,KS,ACE,CE,Federal Contract Tower,0,4,25,1,30,0,0,54,1,55,0,4,79,2,85,82,0,82,167
08/15/2016,IXD,KS,ACE,CE,Federal Contract Tower,0,11,27,0,38,0,0,55,0,55,0,11,82,0,93,76,0,76,169
08/16/2016,IXD,KS,ACE,CE,Federal Contract Tower,0,5,33,0,38,0,0,82,0,82,0,5,115,0,120,98,0,98,218
08/17/2016,IXD,KS,ACE,CE,Federal Contract Tower,0,1,34,0,35,0,0,81,3,84,0,1,115,3,119,110,0,110,229
08/18/2016,IXD,KS,ACE,CE,Federal Contract Tower,0,8,34,0,42,0,1,84,0,85,0,9,118,0,127,98,0,98,225
08/19/2016,IXD,KS,ACE,CE,Federal Contract Tower,0,6,23,0,29,0,3,38,0,41,0,9,61,0,70,50,0,50,120
08/20/2016,IXD,KS,ACE,CE,Federal Contract Tower,0,3,19,0,22,0,0,29,3,32,0,3,48,3,54,58,0,58,112
08/21/2016,IXD,KS,ACE,CE,Federal Contract Tower,0,3,15,4,22,0,0,68,1,69,0,3,83,5,91,56,2,58,149
08/22/2016,IXD,KS,ACE,CE,Federal Contract Tower,0,3,30,0,33,0,1,57,2,60,0,4,87,2,93,108,0,108,201
08/23/2016,IXD,KS,ACE,CE,Federal Contract Tower,0,4,38,0,42,0,0,5,0,5,0,4,43,0,47,6,0,6,53
08/24/2016,IXD,KS,ACE,CE,Federal Contract Tower,0,5,18,0,23,0,1,40,2,43,0,6,58,2,66,76,0,76,142
08/25/2016,IXD,KS,ACE,CE,Federal Contract Tower,0,9,38,0,47,0,2,47,8,57,0,11,85,8,104,152,0,152,256
08/26/2016,IXD,KS,ACE,CE,Federal Contract Tower,0,11,14,0,25,0,0,32,0,32,0,11,46,0,57,90,0,90,147
08/27/2016,IXD,KS,ACE,CE,Federal Contract Tower,0,2,25,0,27,0,3,60,1,64,0,5,85,1,91,46,0,46,137
08/28/2016,IXD,KS,ACE,CE,Federal Contract Tower,0,5,11,0,16,0,0,52,0,52,0,5,63,0,68,104,0,104,172
08/29/2016,IXD,KS,ACE,CE,Federal Contract Tower,0,6,30,3,39,0,3,43,2,48,0,9,73,5,87,70,8,78,165
08/31/2016,IXD,KS,ACE,CE,Federal Contract Tower,0,8,39,0,47,0,0,24,0,24,0,8,63,0,71,34,0,34,105
09/01/2016,IXD,KS,ACE,CE,Federal Contract Tower,0,8,34,0,42,0,16,80,2,98,0,24,114,2,140,120,0,120,260
09/02/2016,IXD,KS,ACE,CE,Federal Contract Tower,0,12,26,1,39,0,6,87,2,95,0,18,113,3,134,72,2,74,208
09/03/2016,IXD,KS,ACE,CE,Federal Contract Tower,0,1,17,0,18,0,2,76,0,78,0,3,93,0,96,18,0,18,114
09/04/2016,IXD,KS,ACE,CE,Federal Contract Tower,0,0,9,2,11,0,0,42,0,42,0,0,51,2,53,84,0,84,137
09/05/2016,IXD,KS,ACE,CE,Federal Contract Tower,0,5,17,0,22,0,6,44,0,50,0,11,61,0,72,52,0,52,124
09/06/2016,IXD,KS,ACE,CE,Federal Contract Tower,0,10,39,0,49,0,0,72,3,75,0,10,111,3,124,58,0,58,182
09/07/2016,IXD,KS,ACE,CE,Federal Contract Tower,0,2,32,0,34,0,2,61,8,71,0,4,93,8,105,126,2,128,233
09/08/2016,IXD,KS,ACE,CE,Federal Contract Tower,0,5,21,2,28,0,0,18,17,35,0,5,39,19,63,42,16,58,121
09/09/2016,IXD,KS,ACE,CE,Federal Contract Tower,0,5,31,0,36,0,0,35,0,35,0,5,66,0,71,54,0,54,125
09/10/2016,IXD,KS,ACE,CE,Federal Contract Tower,0,1,20,0,21,0,4,70,0,74,0,5,90,0,95,74,0,74,169
09/11/2016,IXD,KS,ACE,CE,Federal Contract Tower,0,9,21,0,30,0,2,74,1,77,0,11,95,1,107,164,0,164,271
09/12/2016,IXD,KS,ACE,CE,Federal Contract Tower,0,7,21,1,29,0,1,48,1,50,0,8,69,2,79,124,0,124,203
09/13/2016,IXD,KS,ACE,CE,Federal Contract Tower,0,7,35,0,42,0,0,23,0,23,0,7,58,0,65,38,0,38,103
09/14/2016,IXD,KS,ACE,CE,Federal Contract Tower,0,18,21,0,39,0,0,12,0,12,0,18,33,0,51,48,0,48,99
09/15/2016,IXD,KS,ACE,CE,Federal Contract Tower,0,8,35,1,44,0,5,30,5,40,0,13,65,6,84,22,8,30,114
09/16/2016,IXD,KS,ACE,CE,Federal Contract Tower,0,8,20,0,28,0,0,14,0,14,0,8,34,0,42,10,0,10,52
09/17/2016,IXD,KS,ACE,CE,Federal Contract Tower,0,3,13,0,16,0,0,29,0,29,0,3,42,0,45,40,0,40,85
09/18/2016,IXD,KS,ACE,CE,Federal Contract Tower,0,5,26,0,31,0,0,44,0,44,0,5,70,0,75,14,0,14,89
09/19/2016,IXD,KS,ACE,CE,Federal Contract Tower,0,9,21,0,30,0,2,39,1,42,0,11,60,1,72,108,0,108,180
09/20/2016,IXD,KS,ACE,CE,Federal Contract Tower,0,13,36,0,49,0,3,60,2,65,0,16,96,2,114,70,2,72,186
09/21/2016,IXD,KS,ACE,CE,Federal Contract Tower,0,9,44,0,53,0,0,77,3,80,0,9,121,3,133,110,4,114,247
09/22/2016,IXD,KS,ACE,CE,Federal Contract Tower,0,13,24,0,37,0,2,46,6,54,0,15,70,6,91,86,10,96,187
09/23/2016,IXD,KS,ACE,CE,Federal Contract Tower,0,15,18,3,36,0,0,93,2,95,0,15,111,5,131,128,4,132,263
09/24/2016,IXD,KS,ACE,CE,Federal Contract Tower,0,2,7,0,9,0,4,162,0,166,0,6,169,0,175,200,0,200,375
09/25/2016,IXD,KS,ACE,CE,Federal Contract Tower,0,8,11,2,21,0,0,80,2,82,0,8,91,4,103,176,4,180,283
09/26/2016,IXD,KS,ACE,CE,Federal Contract Tower,0,6,40,0,46,0,0,73,0,73,0,6,113,0,119,120,0,120,239
09/27/2016,IXD,KS,ACE,CE,Federal Contract Tower,0,8,33,0,41,0,0,81,4,85,0,8,114,4,126,172,2,174,300
09/28/2016,IXD,KS,ACE,CE,Federal Contract Tower,0,5,38,2,45,0,0,80,7,87,0,5,118,9,132,78,2,80,212
09/29/2016,IXD,KS,ACE,CE,Federal Contract Tower,0,10,54,3,67,0,7,82,7,96,0,17,136,10,163,134,4,138,301
09/30/2016,IXD,KS,ACE,CE,Federal Contract Tower,0,3,26,3,32,0,4,192,3,199,0,7,218,6,231,138,2,140,371
10/01/2016,IXD,KS,ACE,CE,Federal Contract Tower,0,1,21,0,22,0,0,162,0,162,0,1,183,0,184,120,0,120,304
10/02/2016,IXD,KS,ACE,CE,Federal Contract Tower,0,4,22,0,26,0,2,98,1,101,0,6,120,1,127,122,0,122,249
10/03/2016,IXD,KS,ACE,CE,Federal Contract Tower,0,6,34,0,40,0,2,47,0,49,0,8,81,0,89,56,0,56,145
10/04/2016,IXD,KS,ACE,CE,Federal Contract Tower,0,13,17,1,31,0,0,36,0,36,0,13,53,1,67,10,0,10,77
10/05/2016,IXD,KS,ACE,CE,Federal Contract Tower,0,13,39,1,53,0,0,45,1,46,0,13,84,2,99,56,0,56,155
10/06/2016,IXD,KS,ACE,CE,Federal Contract Tower,0,8,27,0,35,0,3,17,0,20,0,11,44,0,55,12,0,12,67
10/07/2016,IXD,KS,ACE,CE,Federal Contract Tower,0,6,28,11,45,0,2,78,1,81,0,8,106,12,126,86,0,86,212
10/08/2016,IXD,KS,ACE,CE,Federal Contract Tower,0,0,16,4,20,0,2,87,0,89,0,2,103,4,109,64,0,64,173
10/09/2016,IXD,KS,ACE,CE,Federal Contract Tower,0,5,15,1,21,0,0,71,0,71,0,5,86,1,92,168,0,168,260
10/10/2016,IXD,KS,ACE,CE,Federal Contract Tower,0,4,19,0,23,0,2,48,0,50,0,6,67,0,73,62,0,62,135
10/11/2016,IXD,KS,ACE,CE,Federal Contract Tower,0,12,18,0,30,0,3,40,2,45,0,15,58,2,75,34,0,34,109
10/12/2016,IXD,KS,ACE,CE,Federal Contract Tower,0,7,33,3,43,0,0,14,1,15,0,7,47,4,58,64,2,66,124
10/13/2016,IXD,KS,ACE,CE,Federal Contract Tower,0,3,56,1,60,0,4,39,5,48,0,7,95,6,108,82,0,82,190
10/14/2016,IXD,KS,ACE,CE,Federal Contract Tower,0,3,36,0,39,0,0,18,0,18,0,3,54,0,57,26,0,26,83
10/15/2016,IXD,KS,ACE,CE,Federal Contract Tower,0,1,23,0,24,0,0,12,0,12,0,1,35,0,36,8,0,8,44
10/16/2016,IXD,KS,ACE,CE,Federal Contract Tower,0,4,24,2,30,0,2,39,9,50,0,6,63,11,80,140,2,142,222
10/17/2016,IXD,KS,ACE,CE,Federal Contract Tower,0,4,12,2,18,0,4,7,1,12,0,8,19,3,30,0,0,0,30
10/18/2016,IXD,KS,ACE,CE,Federal Contract Tower,0,15,12,0,27,0,0,78,4,82,0,15,90,4,109,62,0,62,171
10/19/2016,IXD,KS,ACE,CE,Federal Contract Tower,0,6,38,0,44,0,0,73,5,78,0,6,111,5,122,56,0,56,178
10/20/2016,IXD,KS,ACE,CE,Federal Contract Tower,0,10,24,0,34,0,0,54,2,56,0,10,78,2,90,70,0,70,160
10/21/2016,IXD,KS,ACE,CE,Federal Contract Tower,0,2,33,2,37,0,0,73,3,76,0,2,106,5,113,122,0,122,235
10/22/2016,IXD,KS,ACE,CE,Federal Contract Tower,0,2,12,0,14,0,0,81,0,81,0,2,93,0,95,78,0,78,173
10/23/2016,IXD,KS,ACE,CE,Federal Contract Tower,0,10,12,5,27,0,1,76,2,79,0,11,88,7,106,100,2,102,208
10/24/2016,IXD,KS,ACE,CE,Federal Contract Tower,0,7,15,1,23,0,2,46,3,51,0,9,61,4,74,74,0,74,148
10/25/2016,IXD,KS,ACE,CE,Federal Contract Tower,0,9,21,1,31,0,0,54,1,55,0,9,75,2,86,102,0,102,188
10/26/2016,IXD,KS,ACE,CE,Federal Contract Tower,0,10,42,0,52,0,0,20,2,22,0,10,62,2,74,38,0,38,112
10/27/2016,IXD,KS,ACE,CE,Federal Contract Tower,0,10,36,2,48,0,12,65,4,81,0,22,101,6,129,98,0,98,227
10/28/2016,IXD,KS,ACE,CE,Federal Contract Tower,0,7,34,0,41,0,0,52,0,52,0,7,86,0,93,60,0,60,153
10/29/2016,IXD,KS,ACE,CE,Federal Contract Tower,0,2,12,0,14,0,2,51,0,53,0,4,63,0,67,46,0,46,113
10/30/2016,IXD,KS,ACE,CE,Federal Contract Tower,0,0,24,0,24,0,0,54,0,54,0,0,78,0,78,100,0,100,178
10/31/2016,IXD,KS,ACE,CE,Federal Contract Tower,0,6,19,0,25,0,4,14,2,20,0,10,33,2,45,16,0,16,61
11/01/2016,IXD,KS,ACE,CE,Federal Contract Tower,0,7,25,0,32,0,0,70,3,73,0,7,95,3,105,254,0,254,359
11/02/2016,IXD,KS,ACE,CE,Federal Contract Tower,0,1,29,0,30,0,0,12,2,14,0,1,41,2,44,32,2,34,78
11/03/2016,IXD,KS,ACE,CE,Federal Contract Tower,0,6,27,2,35,0,0,46,1,47,0,6,73,3,82,92,0,92,174
11/04/2016,IXD,KS,ACE,CE,Federal Contract Tower,0,6,22,2,30,0,0,120,4,124,0,6,142,6,154,210,0,210,364
11/05/2016,IXD,KS,ACE,CE,Federal Contract Tower,0,1,13,0,14,0,2,126,0,128,0,3,139,0,142,200,0,200,342
11/06/2016,IXD,KS,ACE,CE,Federal Contract Tower,0,4,18,0,22,0,1,77,3,81,0,5,95,3,103,140,0,140,243
11/07/2016,IXD,KS,ACE,CE,Federal Contract Tower,0,5,28,1,34,0,0,36,0,36,0,5,64,1,70,96,0,96,166
11/08/2016,IXD,KS,ACE,CE,Federal Contract Tower,0,8,22,1,31,0,0,54,1,55,0,8,76,2,86,92,0,92,178
11/09/2016,IXD,KS,ACE,CE,Federal Contract Tower,0,8,24,1,33,0,3,45,3,51,0,11,69,4,84,52,0,52,136
11/10/2016,IXD,KS,ACE,CE,Federal Contract Tower,0,10,29,1,40,0,0,118,3,121,0,10,147,4,161,92,0,92,253
11/11/2016,IXD,KS,ACE,CE,Federal Contract Tower,0,8,18,0,26,0,0,90,0,90,0,8,108,0,116,86,0,86,202
11/12/2016,IXD,KS,ACE,CE,Federal Contract Tower,0,3,16,0,19,0,0,72,0,72,0,3,88,0,91,84,0,84,175
11/13/2016,IXD,KS,ACE,CE,Federal Contract Tower,0,3,18,0,21,0,0,77,0,77,0,3,95,0,98,106,0,106,204
11/14/2016,IXD,KS,ACE,CE,Federal Contract Tower,0,4,13,0,17,0,2,68,0,70,0,6,81,0,87,100,0,100,187
11/15/2016,IXD,KS,ACE,CE,Federal Contract Tower,0,7,30,5,42,0,0,0,0,0,0,7,30,5,42,108,8,116,158
11/16/2016,IXD,KS,ACE,CE,Federal Contract Tower,0,4,18,1,23,0,0,80,4,84,0,4,98,5,107,102,0,102,209
11/17/2016,IXD,KS,ACE,CE,Federal Contract Tower,0,7,17,1,25,0,2,25,1,28,0,9,42,2,53,14,0,14,67
11/18/2016,IXD,KS,ACE,CE,Federal Contract Tower,0,5,12,0,17,0,0,15,0,15,0,5,27,0,32,0,0,0,32
11/19/2016,IXD,KS,ACE,CE,Federal Contract Tower,0,3,16,2,21,0,1,47,0,48,0,4,63,2,69,94,0,94,163
11/20/2016,IXD,KS,ACE,CE,Federal Contract Tower,0,3,9,2,14,0,2,52,0,54,0,5,61,2,68,66,0,66,134
11/21/2016,IXD,KS,ACE,CE,Federal Contract Tower,0,5,21,0,26,0,4,44,2,50,0,9,65,2,76,24,0,24,100
11/22/2016,IXD,KS,ACE,CE,Federal Contract Tower,0,3,22,1,26,0,0,9,2,11,0,3,31,3,37,28,0,28,65
11/23/2016,IXD,KS,ACE,CE,Federal Contract Tower,0,6,29,0,35,0,0,0,7,7,0,6,29,7,42,6,0,6,48
11/24/2016,IXD,KS,ACE,CE,Federal Contract Tower,0,0,7,0,7,0,0,4,0,4,0,0,11,0,11,0,0,0,11
11/25/2016,IXD,KS,ACE,CE,Federal Contract Tower,0,5,13,0,18,0,4,59,0,63,0,9,72,0,81,96,0,96,177
11/26/2016,IXD,KS,ACE,CE,Federal Contract Tower,0,4,12,0,16,0,2,57,0,59,0,6,69,0,75,48,0,48,123
11/27/2016,IXD,KS,ACE,CE,Federal Contract Tower,0,4,23,0,27,0,0,0,0,0,0,4,23,0,27,0,0,0,27
11/28/2016,IXD,KS,ACE,CE,Federal Contract Tower,0,7,18,0,25,0,0,44,1,45,0,7,62,1,70,32,2,34,104
11/29/2016,IXD,KS,ACE,CE,Federal Contract Tower,0,5,30,0,35,0,0,50,0,50,0,5,80,0,85,12,0,12,97
11/30/2016,IXD,KS,ACE,CE,Federal Contract Tower,0,8,17,2,27,0,3,49,0,52,0,11,66,2,79,50,0,50,129
12/01/2016,IXD,KS,ACE,CE,Federal Contract Tower,0,11,27,2,40,0,3,58,0,61,0,14,85,2,101,38,0,38,139
12/02/2016,IXD,KS,ACE,CE,Federal Contract Tower,0,4,17,3,24,0,0,70,0,70,0,4,87,3,94,118,0,118,212
12/03/2016,IXD,KS,ACE,CE,Federal Contract Tower,0,3,9,0,12,0,0,32,0,32,0,3,41,0,44,40,0,40,84
12/04/2016,IXD,KS,ACE,CE,Federal Contract Tower,0,5,11,1,17,0,0,25,2,27,0,5,36,3,44,66,0,66,110
12/05/2016,IXD,KS,ACE,CE,Federal Contract Tower,0,0,30,0,30,0,0,34,9,43,0,0,64,9,73,44,4,48,121
12/06/2016,IXD,KS,ACE,CE,Federal Contract Tower,0,4,15,2,21,0,0,47,4,51,0,4,62,6,72,84,0,84,156
12/07/2016,IXD,KS,ACE,CE,Federal Contract Tower,0,8,16,2,26,0,0,6,0,6,0,8,22,2,32,34,0,34,66
12/08/2016,IXD,KS,ACE,CE,Federal Contract Tower,0,14,27,0,41,0,2,39,0,41,0,16,66,0,82,44,0,44,126
12/09/2016,IXD,KS,ACE,CE,Federal Contract Tower,0,5,34,0,39,0,6,50,2,58,0,11,84,2,97,58,0,58,155
12/10/2016,IXD,KS,ACE,CE,Federal Contract Tower,0,5,10,0,15,0,0,44,0,44,0,5,54,0,59,58,0,58,117
12/11/2016,IXD,KS,ACE,CE,Federal Contract Tower,0,10,17,0,27,0,0,0,0,0,0,10,17,0,27,0,0,0,27
12/12/2016,IXD,KS,ACE,CE,Federal Contract Tower,0,9,37,0,46,0,3,52,4,59,0,12,89,4,105,74,0,74,179
12/13/2016,IXD,KS,ACE,CE,Federal Contract Tower,0,8,25,0,33,0,0,41,4,45,0,8,66,4,78,78,0,78,156
12/14/2016,IXD,KS,ACE,CE,Federal Contract Tower,0,8,29,0,37,0,2,35,1,38,0,10,64,1,75,28,0,28,103
12/16/2016,IXD,KS,ACE,CE,Federal Contract Tower,0,14,15,0,29,0,0,2,0,2,0,14,17,0,31,12,0,12,43
12/17/2016,IXD,KS,ACE,CE,Federal Contract Tower,0,3,0,0,3,0,0,0,0,0,0,3,0,0,3,0,0,0,3
12/18/2016,IXD,KS,ACE,CE,Federal Contract Tower,0,1,8,0,9,0,0,4,2,6,0,1,12,2,15,0,0,0,15
12/19/2016,IXD,KS,ACE,CE,Federal Contract Tower,0,7,16,0,23,0,6,45,0,51,0,13,61,0,74,24,0,24,98
12/20/2016,IXD,KS,ACE,CE,Federal Contract Tower,0,11,22,0,33,0,4,38,0,42,0,15,60,0,75,34,0,34,109
12/21/2016,IXD,KS,ACE,CE,Federal Contract Tower,0,8,27,7,42,0,1,53,3,57,0,9,80,10,99,20,12,32,131
12/22/2016,IXD,KS,ACE,CE,Federal Contract Tower,0,5,25,0,30,0,1,68,0,69,0,6,93,0,99,42,0,42,141
12/23/2016,IXD,KS,ACE,CE,Federal Contract Tower,0,6,15,0,21,0,0,17,0,17,0,6,32,0,38,18,0,18,56
12/24/2016,IXD,KS,ACE,CE,Federal Contract Tower,0,2,6,0,8,0,0,1,0,1,0,2,7,0,9,0,0,0,9
12/25/2016,IXD,KS,ACE,CE,Federal Contract Tower,0,6,1,0,7,0,0,3,0,3,0,6,4,0,10,8,0,8,18
12/27/2016,IXD,KS,ACE,CE,Federal Contract Tower,0,4,34,3,41,0,4,66,4,74,0,8,100,7,115,80,10,90,205
12/28/2016,IXD,KS,ACE,CE,Federal Contract Tower,0,1,25,0,26,0,2,83,0,85,0,3,108,0,111,112,0,112,223
12/29/2016,IXD,KS,ACE,CE,Federal Contract Tower,0,3,9,0,12,0,26,19,0,45,0,29,28,0,57,6,0,6,63
12/30/2016,IXD,KS,ACE,CE,Federal Contract Tower,0,8,12,0,20,0,2,41,0,43,0,10,53,0,63,22,0,22,85
12/31/2016,IXD,KS,ACE,CE,Federal Contract Tower,0,5,13,0,18,0,0,87,0,87,0,5,100,0,105,124,0,124,229
01/01/2017,IXD,KS,ACE,CE,Federal Contract Tower,0,2,11,0,13,0,0,33,0,33,0,2,44,0,46,84,0,84,130
01/02/2017,IXD,KS,ACE,CE,Federal Contract Tower,0,6,14,0,20,0,0,0,0,0,0,6,14,0,20,0,0,0,20
01/03/2017,IXD,KS,ACE,CE,Federal Contract Tower,0,8,23,0,31,0,0,24,0,24,0,8,47,0,55,10,0,10,65
01/04/2017,IXD,KS,ACE,CE,Federal Contract Tower,0,2,31,0,33,0,0,50,3,53,0,2,81,3,86,74,0,74,160
01/05/2017,IXD,KS,ACE,CE,Federal Contract Tower,0,1,19,0,20,0,1,12,0,13,0,2,31,0,33,0,0,0,33
01/06/2017,IXD,KS,ACE,CE,Federal Contract Tower,0,5,15,0,20,0,0,31,1,32,0,5,46,1,52,34,0,34,86
01/07/2017,IXD,KS,ACE,CE,Federal Contract Tower,0,2,14,0,16,0,0,27,0,27,0,2,41,0,43,36,0,36,79
01/08/2017,IXD,KS,ACE,CE,Federal Contract Tower,0,2,19,0,21,0,1,31,3,35,0,3,50,3,56,12,0,12,68
01/09/2017,IXD,KS,ACE,CE,Federal Contract Tower,0,5,26,1,32,0,0,45,1,46,0,5,71,2,78,40,6,46,124
01/10/2017,IXD,KS,ACE,CE,Federal Contract Tower,0,4,15,0,19,0,0,20,0,20,0,4,35,0,39,46,0,46,85
01/11/2017,IXD,KS,ACE,CE,Federal Contract Tower,0,7,11,1,19,0,0,36,5,41,0,7,47,6,60,14,0,14,74
01/12/2017,IXD,KS,ACE,CE,Federal Contract Tower,0,9,24,1,34,0,2,43,0,45,0,11,67,1,79,68,0,68,147
01/13/2017,IXD,KS,ACE,CE,Federal Contract Tower,0,3,8,0,11,0,0,10,0,10,0,3,18,0,21,20,0,20,41
01/14/2017,IXD,KS,ACE,CE,Federal Contract Tower,0,4,4,0,8,0,0,2,0,2,0,4,6,0,10,6,0,6,16
01/15/2017,IXD,KS,ACE,CE,Federal Contract Tower,0,2,1,0,3,0,0,0,0,0,0,2,1,0,3,0,0,0,3
01/16/2017,IXD,KS,ACE,CE,Federal Contract Tower,0,2,9,0,11,0,0,0,0,0,0,2,9,0,11,0,0,0,11
01/17/2017,IXD,KS,ACE,CE,Federal Contract Tower,0,10,17,0,27,0,1,8,3,12,0,11,25,3,39,22,2,24,63
01/18/2017,IXD,KS,ACE,CE,Federal Contract Tower,0,6,16,2,24,0,0,44,0,44,0,6,60,2,68,38,0,38,106
01/19/2017,IXD,KS,ACE,CE,Federal Contract Tower,0,7,18,0,25,0,0,0,0,0,0,7,18,0,25,0,0,0,25
01/20/2017,IXD,KS,ACE,CE,Federal Contract Tower,0,7,21,0,28,0,0,1,0,1,0,7,22,0,29,30,0,30,59
01/21/2017,IXD,KS,ACE,CE,Federal Contract Tower,0,4,8,0,12,0,4,59,0,63,0,8,67,0,75,100,0,100,175
01/22/2017,IXD,KS,ACE,CE,Federal Contract Tower,0,4,15,0,19,0,0,17,0,17,0,4,32,0,36,16,0,16,52
01/23/2017,IXD,KS,ACE,CE,Federal Contract Tower,0,7,17,0,24,0,0,46,0,46,0,7,63,0,70,64,0,64,134
01/24/2017,IXD,KS,ACE,CE,Federal Contract Tower,0,1,23,1,25,0,0,46,7,53,0,1,69,8,78,18,2,20,98
01/25/2017,IXD,KS,ACE,CE,Federal Contract Tower,0,3,18,0,21,0,0,8,4,12,0,3,26,4,33,0,6,6,39
01/26/2017,IXD,KS,ACE,CE,Federal Contract Tower,0,12,21,2,35,0,1,55,2,58,0,13,76,4,93,86,0,86,179
01/27/2017,IXD,KS,ACE,CE,Federal Contract Tower,0,8,20,1,29,0,3,44,0,47,0,11,64,1,76,70,2,72,148
01/28/2017,IXD,KS,ACE,CE,Federal Contract Tower,0,5,16,1,22,0,1,45,0,46,0,6,61,1,68,30,0,30,98
01/29/2017,IXD,KS,ACE,CE,Federal Contract Tower,0,0,10,2,12,0,0,44,0,44,0,0,54,2,56,34,8,42,98
01/30/2017,IXD,KS,ACE,CE,Federal Contract Tower,0,9,16,0,25,0,7,61,2,70,0,16,77,2,95,128,0,128,223
01/31/2017,IXD,KS,ACE,CE,Federal Contract Tower,0,5,15,0,20,0,2,66,6,74,0,7,81,6,94,150,8,158,252
02/01/2017,IXD,KS,ACE,CE,Federal Contract Tower,0,4,18,0,22,0,3,59,0,62,0,7,77,0,84,140,0,140,224
02/02/2017,IXD,KS,ACE,CE,Federal Contract Tower,0,13,24,0,37,0,2,45,2,49,0,15,69,2,86,108,0,108,194
02/03/2017,IXD,KS,ACE,CE,Federal Contract Tower,0,10,13,2,25,0,0,58,0,58,0,10,71,2,83,114,0,114,197
02/04/2017,IXD,KS,ACE,CE,Federal Contract Tower,0,1,4,0,5,0,0,17,0,17,0,1,21,0,22,18,0,18,40
02/05/2017,IXD,KS,ACE,CE,Federal Contract Tower,0,2,9,1,12,0,1,67,0,68,0,3,76,1,80,60,0,60,140
02/06/2017,IXD,KS,ACE,CE,Federal Contract Tower,0,4,8,0,12,0,0,11,0,11,0,4,19,0,23,0,0,0,23
02/07/2017,IXD,KS,ACE,CE,Federal Contract Tower,0,2,24,1,27,0,0,28,4,32,0,2,52,5,59,22,2,24,83
02/08/2017,IXD,KS,ACE,CE,Federal Contract Tower,0,12,25,0,37,0,0,22,0,22,0,12,47,0,59,80,0,80,139
02/09/2017,IXD,KS,ACE,CE,Federal Contract Tower,0,4,25,0,29,0,2,56,2,60,0,6,81,2,89,66,0,66,155
02/10/2017,IXD,KS,ACE,CE,Federal Contract Tower,0,4,25,3,32,0,4,40,4,48,0,8,65,7,80,50,2,52,132
02/11/2017,IXD,KS,ACE,CE,Federal Contract Tower,0,2,12,1,15,0,0,83,2,85,0,2,95,3,100,136,0,136,236
02/12/2017,IXD,KS,ACE,CE,Federal Contract Tower,0,1,20,0,21,0,0,38,0,38,0,1,58,0,59,22,0,22,81
02/13/2017,IXD,KS,ACE,CE,Federal Contract Tower,0,4,12,1,17,0,0,52,2,54,0,4,64,3,71,132,0,132,203
02/14/2017,IXD,KS,ACE,CE,Federal Contract Tower,0,2,24,0,26,0,0,81,2,83,0,2,105,2,109,98,0,98,207
02/15/2017,IXD,KS,ACE,CE,Federal Contract Tower,0,4,26,1,31,0,0,65,3,68,0,4,91,4,99,98,10,108,207
02/16/2017,IXD,KS,ACE,CE,Federal Contract Tower,0,14,27,0,41,0,2,37,2,41,0,16,64,2,82,146,0,146,228
02/17/2017,IXD,KS,ACE,CE,Federal Contract Tower,0,8,21,1,30,0,1,53,2,56,0,9,74,3,86,140,0,140,226
02/18/2017,IXD,KS,ACE,CE,Federal Contract Tower,0,6,17,2,25,0,3,86,1,90,0,9,103,3,115,114,4,118,233
02/19/2017,IXD,KS,ACE,CE,Federal Contract Tower,0,6,10,0,16,0,0,56,0,56,0,6,66,0,72,224,0,224,296
02/20/2017,IXD,KS,ACE,CE,Federal Contract Tower,0,16,9,0,25,0,0,27,0,27,0,16,36,0,52,106,0,106,158
02/21/2017,IXD,KS,ACE,CE,Federal Contract Tower,0,11,30,1,42,0,0,80,2,82,0,11,110,3,124,128,0,128,252
02/22/2017,IXD,KS,ACE,CE,Federal Contract Tower,0,4,33,0,37,0,1,76,3,80,0,5,109,3,117,140,8,148,265
02/23/2017,IXD,KS,ACE,CE,Federal Contract Tower,0,9,24,0,33,0,0,34,4,38,0,9,58,4,71,108,0,108,179
02/24/2017,IXD,KS,ACE,CE,Federal Contract Tower,0,14,16,1,31,0,0,0,2,2,0,14,16,3,33,0,4,4,37
02/25/2017,IXD,KS,ACE,CE,Federal Contract Tower,0,5,19,3,27,0,1,61,0,62,0,6,80,3,89,134,0,134,223
02/26/2017,IXD,KS,ACE,CE,Federal Contract Tower,0,5,12,1,18,0,0,24,0,24,0,5,36,1,42,86,0,86,128
02/27/2017,IXD,KS,ACE,CE,Federal Contract Tower,0,9,24,0,33,0,1,39,2,42,0,10,63,2,75,40,0,40,115
02/28/2017,IXD,KS,ACE,CE,Federal Contract Tower,0,14,20,0,34,0,0,27,2,29,0,14,47,2,63,24,0,24,87
03/01/2017,IXD,KS,ACE,CE,Federal Contract Tower,0,2,13,0,15,0,0,51,0,51,0,2,64,0,66,8,0,8,74
03/02/2017,IXD,KS,ACE,CE,Federal Contract Tower,0,12,25,2,39,0,1,52,0,53,0,13,77,2,92,66,0,66,158
03/03/2017,IXD,KS,ACE,CE,Federal Contract Tower,0,6,25,9,40,0,2,63,0,65,0,8,88,9,105,104,0,104,209
03/04/2017,IXD,KS,ACE,CE,Federal Contract Tower,0,3,12,1,16,0,0,35,0,35,0,3,47,1,51,50,0,50,101
03/05/2017,IXD,KS,ACE,CE,Federal Contract Tower,0,4,14,0,18,0,0,7,0,7,0,4,21,0,25,0,0,0,25
03/06/2017,IXD,KS,ACE,CE,Federal Contract Tower,0,3,7,0,10,0,0,2,0,2,0,3,9,0,12,0,0,0,12
03/07/2017,IXD,KS,ACE,CE,Federal Contract Tower,0,8,15,0,23,0,2,21,1,24,0,10,36,1,47,16,0,16,63
03/08/2017,IXD,KS,ACE,CE,Federal Contract Tower,0,15,18,2,35,0,2,72,5,79,0,17,90,7,114,164,0,164,278
03/09/2017,IXD,KS,ACE,CE,Federal Contract Tower,0,13,21,0,34,0,1,69,2,72,0,14,90,2,106,162,0,162,268
03/10/2017,IXD,KS,ACE,CE,Federal Contract Tower,0,10,20,4,34,0,2,67,6,75,0,12,87,10,109,186,0,186,295
03/11/2017,IXD,KS,ACE,CE,Federal Contract Tower,0,3,3,0,6,0,0,2,0,2,0,3,5,0,8,14,0,14,22
03/12/2017,IXD,KS,ACE,CE,Federal Contract Tower,0,6,14,0,20,0,1,32,1,34,0,7,46,1,54,74,0,74,128
03/13/2017,IXD,KS,ACE,CE,Federal Contract Tower,0,7,13,0,20,0,0,0,0,0,0,7,13,0,20,0,0,0,20
03/14/2017,IXD,KS,ACE,CE,Federal Contract Tower,0,6,12,2,20,0,0,3,2,5,0,6,15,4,25,22,0,22,47
03/15/2017,IXD,KS,ACE,CE,Federal Contract Tower,0,7,26,0,33,0,0,49,2,51,0,7,75,2,84,140,0,140,224
03/16/2017,IXD,KS,ACE,CE,Federal Contract Tower,0,4,18,0,22,0,1,59,2,62,0,5,77,2,84,72,0,72,156
03/17/2017,IXD,KS,ACE,CE,Federal Contract Tower,0,6,5,0,11,0,2,61,0,63,0,8,66,0,74,68,0,68,142
03/18/2017,IXD,KS,ACE,CE,Federal Contract Tower,0,8,13,0,21,0,1,100,0,101,0,9,113,0,122,180,0,180,302
03/19/2017,IXD,KS,ACE,CE,Federal Contract Tower,0,9,26,0,35,0,6,54,0,60,0,15,80,0,95,72,0,72,167
03/20/2017,IXD,KS,ACE,CE,Federal Contract Tower,0,8,34,0,42,0,4,83,3,90,0,12,117,3,132,194,0,194,326
03/21/2017,IXD,KS,ACE,CE,Federal Contract Tower,0,6,21,3,30,0,4,57,2,63,0,10,78,5,93,90,6,96,189
03/22/2017,IXD,KS,ACE,CE,Federal Contract Tower,0,4,28,0,32,0,3,45,2,50,0,7,73,2,82,6,4,10,92
03/23/2017,IXD,KS,ACE,CE,Federal Contract Tower,0,8,21,0,29,0,2,15,3,20,0,10,36,3,49,6,0,6,55
03/24/2017,IXD,KS,ACE,CE,Federal Contract Tower,0,6,11,0,17,0,0,11,0,11,0,6,22,0,28,24,0,24,52
03/25/2017,IXD,KS,ACE,CE,Federal Contract Tower,0,0,11,0,11,0,0,0,0,0,0,0,11,0,11,0,0,0,11
03/26/2017,IXD,KS,ACE,CE,Federal Contract Tower,0,7,20,0,27,0,0,32,0,32,0,7,52,0,59,120,0,120,179
03/27/2017,IXD,KS,ACE,CE,Federal Contract Tower,0,3,29,0,32,0,0,5,0,5,0,3,34,0,37,22,0,22,59
03/28/2017,IXD,KS,ACE,CE,Federal Contract Tower,0,7,30,0,37,0,0,3,1,4,0,7,33,1,41,18,0,18,59
03/29/2017,IXD,KS,ACE,CE,Federal Contract Tower,0,5,16,0,21,0,0,0,0,0,0,5,16,0,21,0,0,0,21
03/30/2017,IXD,KS,ACE,CE,Federal Contract Tower,0,13,32,2,47,0,0,0,0,0,0,13,32,2,47,0,0,0,47
03/31/2017,IXD,KS,ACE,CE,Federal Contract Tower,0,6,18,2,26,0,3,18,0,21,0,9,36,2,47,74,0,74,121
04/01/2017,IXD,KS,ACE,CE,Federal Contract Tower,0,1,11,0,12,0,0,21,1,22,0,1,32,1,34,76,0,76,110
04/02/2017,IXD,KS,ACE,CE,Federal Contract Tower,0,0,20,0,20,0,0,24,0,24,0,0,44,0,44,40,0,40,84
04/03/2017,IXD,KS,ACE,CE,Federal Contract Tower,0,8,21,0,29,0,0,6,0,6,0,8,27,0,35,6,0,6,41
04/04/2017,IXD,KS,ACE,CE,Federal Contract Tower,0,9,28,0,37,0,0,3,2,5,0,9,31,2,42,4,0,4,46
04/05/2017,IXD,KS,ACE,CE,Federal Contract Tower,0,8,18,0,26,0,0,2,7,9,0,8,20,7,35,10,0,10,45
04/06/2017,IXD,KS,ACE,CE,Federal Contract Tower,0,4,20,0,24,0,0,67,0,67,0,4,87,0,91,136,0,136,227
04/07/2017,IXD,KS,ACE,CE,Federal Contract Tower,0,4,25,2,31,0,4,98,1,103,0,8,123,3,134,140,0,140,274
04/08/2017,IXD,KS,ACE,CE,Federal Contract Tower,0,8,20,2,30,0,4,69,0,73,0,12,89,2,103,78,10,88,191
04/09/2017,IXD,KS,ACE,CE,Federal Contract Tower,0,7,16,0,23,0,0,19,3,22,0,7,35,3,45,10,0,10,55
04/10/2017,IXD,KS,ACE,CE,Federal Contract Tower,0,3,22,4,29,0,2,57,1,60,0,5,79,5,89,26,20,46,135
04/11/2017,IXD,KS,ACE,CE,Federal Contract Tower,0,10,25,0,35,0,0,97,2,99,0,10,122,2,134,138,2,140,274
04/12/2017,IXD,KS,ACE,CE,Federal Contract Tower,0,6,35,2,43,0,2,62,2,66,0,8,97,4,109,64,10,74,183
04/13/2017,IXD,KS,ACE,CE,Federal Contract Tower,0,8,24,0,32,0,3,63,2,68,0,11,87,2,100,164,0,164,264
04/14/2017,IXD,KS,ACE,CE,Federal Contract Tower,0,2,14,0,16,0,0,17,0,17,0,2,31,0,33,56,0,56,89
04/15/2017,IXD,KS,ACE,CE,Federal Contract Tower,0,2,3,0,5,0,2,24,0,26,0,4,27,0,31,20,0,20,51
04/16/2017,IXD,KS,ACE,CE,Federal Contract Tower,0,3,11,0,14,0,0,21,0,21,0,3,32,0,35,24,0,24,59
04/17/2017,IXD,KS,ACE,CE,Federal Contract Tower,0,10,22,0,32,0,1,59,1,61,0,11,81,1,93,96,0,96,189
04/18/2017,IXD,KS,ACE,CE,Federal Contract Tower,0,19,24,3,46,0,0,28,2,30,0,19,52,5,76,122,0,122,198
04/19/2017,IXD,KS,ACE,CE,Federal Contract Tower,0,4,20,0,24,0,0,35,1,36,0,4,55,1,60,66,0,66,126
04/20/2017,IXD,KS,ACE,CE,Federal Contract Tower,0,11,37,1,49,0,2,86,4,92,0,13,123,5,141,100,0,100,241
04/21/2017,IXD,KS,ACE,CE,Federal Contract Tower,0,6,25,0,31,0,0,206,3,209,0,6,231,3,240,140,0,140,380
04/22/2017,IXD,KS,ACE,CE,Federal Contract Tower,0,2,22,0,24,0,2,181,0,183,0,4,203,0,207,36,0,36,243
04/23/2017,IXD,KS,ACE,CE,Federal Contract Tower,0,7,22,0,29,0,3,160,0,163,0,10,182,0,192,88,0,88,280
04/24/2017,IXD,KS,ACE,CE,Federal Contract Tower,0,6,19,2,27,0,0,36,0,36,0,6,55,2,63,56,0,56,119
04/25/2017,IXD,KS,ACE,CE,Federal Contract Tower,0,7,43,0,50,0,0,58,2,60,0,7,101,2,110,80,0,80,190
04/26/2017,IXD,KS,ACE,CE,Federal Contract Tower,0,8,39,2,49,0,0,11,0,11,0,8,50,2,60,52,0,52,112
04/27/2017,IXD,KS,ACE,CE,Federal Contract Tower,0,1,36,1,38,0,0,63,3,66,0,1,99,4,104,160,2,162,266
04/28/2017,IXD,KS,ACE,CE,Federal Contract Tower,0,4,23,1,28,0,1,0,2,3,0,5,23,3,31,0,2,2,33
04/29/2017,IXD,KS,ACE,CE,Federal Contract Tower,0,0,0,3,3,0,0,0,0,0,0,0,0,3,3,0,0,0,3
04/30/2017,IXD,KS,ACE,CE,Federal Contract Tower,0,2,12,0,14,0,0,8,0,8,0,2,20,0,22,30,0,30,52
05/01/2017,IXD,KS,ACE,CE,Federal Contract Tower,0,3,19,0,22,0,0,16,0,16,0,3,35,0,38,36,0,36,74
05/02/2017,IXD,KS,ACE,CE,Federal Contract Tower,0,4,30,1,35,0,0,85,3,88,0,4,115,4,123,116,0,116,239
05/03/2017,IXD,KS,ACE,CE,Federal Contract Tower,0,6,27,0,33,0,0,17,0,17,0,6,44,0,50,42,0,42,92
05/04/2017,IXD,KS,ACE,CE,Federal Contract Tower,0,6,25,0,31,0,0,54,0,54,0,6,79,0,85,70,0,70,155
05/05/2017,IXD,KS,ACE,CE,Federal Contract Tower,0,2,18,3,23,0,3,72,4,79,0,5,90,7,102,166,0,166,268
05/06/2017,IXD,KS,ACE,CE,Federal Contract Tower,0,1,26,0,27,0,2,122,0,124,0,3,148,0,151,86,0,86,237
05/07/2017,IXD,KS,ACE,CE,Federal Contract Tower,0,4,11,2,17,0,2,57,1,60,0,6,68,3,77,122,0,122,199
05/08/2017,IXD,KS,ACE,CE,Federal Contract Tower,0,5,25,1,31,0,0,82,3,85,0,5,107,4,116,156,0,156,272
05/09/2017,IXD,KS,ACE,CE,Federal Contract Tower,0,3,31,0,34,0,1,68,0,69,0,4,99,0,103,114,0,114,217
05/10/2017,IXD,KS,ACE,CE,Federal Contract Tower,0,3,14,0,17,0,0,22,0,22,0,3,36,0,39,72,0,72,111
05/11/2017,IXD,KS,ACE,CE,Federal Contract Tower,0,12,38,4,54,0,0,9,1,10,0,12,47,5,64,32,0,32,96
05/12/2017,IXD,KS,ACE,CE,Federal Contract Tower,0,5,52,0,57,0,5,73,2,80,0,10,125,2,137,60,0,60,197
05/13/2017,IXD,KS,ACE,CE,Federal Contract Tower,0,2,21,0,23,0,6,78,1,85,0,8,99,1,108,146,0,146,254
05/14/2017,IXD,KS,ACE,CE,Federal Contract Tower,0,1,11,0,12,0,1,34,0,35,0,2,45,0,47,26,0,26,73
05/15/2017,IXD,KS,ACE,CE,Federal Contract Tower,0,4,22,0,26,0,0,85,2,87,0,4,107,2,113,98,0,98,211
05/16/2017,IXD,KS,ACE,CE,Federal Contract Tower,0,3,15,0,18,0,0,53,3,56,0,3,68,3,74,50,0,50,124
05/17/2017,IXD,KS,ACE,CE,Federal Contract Tower,0,1,20,0,21,0,0,9,2,11,0,1,29,2,32,4,0,4,36
05/18/2017,IXD,KS,ACE,CE,Federal Contract Tower,0,4,29,0,33,0,0,69,9,78,0,4,98,9,111,204,14,218,329
05/19/2017,IXD,KS,ACE,CE,Federal Contract Tower,0,2,14,0,16,0,0,4,0,4,0,2,18,0,20,34,0,34,54
05/20/2017,IXD,KS,ACE,CE,Federal Contract Tower,0,14,10,1,25,0,0,30,1,31,0,14,40,2,56,70,0,70,126
05/21/2017,IXD,KS,ACE,CE,Federal Contract Tower,0,3,28,0,31,0,4,72,0,76,0,7,100,0,107,100,0,100,207
05/22/2017,IXD,KS,ACE,CE,Federal Contract Tower,0,2,15,0,17,0,7,38,0,45,0,9,53,0,62,42,0,42,104
05/23/2017,IXD,KS,ACE,CE,Federal Contract Tower,0,6,15,1,22,0,0,49,0,49,0,6,64,1,71,68,0,68,139
05/24/2017,IXD,KS,ACE,CE,Federal Contract Tower,0,2,26,11,39,0,2,43,7,52,0,4,69,18,91,82,0,82,173
05/25/2017,IXD,KS,ACE,CE,Federal Contract Tower,0,3,34,1,38,0,6,70,0,76,0,9,104,1,114,122,0,122,236
05/26/2017,IXD,KS,ACE,CE,Federal Contract Tower,0,11,15,0,26,0,2,41,0,43,0,13,56,0,69,40,0,40,109
05/27/2017,IXD,KS,ACE,CE,Federal Contract Tower,0,3,4,0,7,0,0,20,0,20,0,3,24,0,27,50,0,50,77
05/28/2017,IXD,KS,ACE,CE,Federal Contract Tower,0,5,15,0,20,0,0,33,0,33,0,5,48,0,53,40,0,40,93
05/29/2017,IXD,KS,ACE,CE,Federal Contract Tower,0,2,11,0,13,0,0,50,0,50,0,2,61,0,63,64,0,64,127
05/30/2017,IXD,KS,ACE,CE,Federal Contract Tower,0,1,13,0,14,0,2,35,2,39,0,3,48,2,53,68,0,68,121
05/31/2017,IXD,KS,ACE,CE,Federal Contract Tower,0,3,21,1,25,0,0,43,2,45,0,3,64,3,70,114,0,114,184
06/02/2017,IXD,KS,ACE,CE,Federal Contract Tower,0,1,20,31,52,0,3,62,8,73,0,4,82,39,125,118,22,140,265
06/03/2017,IXD,KS,ACE,CE,Federal Contract Tower,0,2,10,1,13,0,0,61,7,68,0,2,71,8,81,118,0,118,199
06/04/2017,IXD,KS,ACE,CE,Federal Contract Tower,0,8,19,2,29,0,0,27,0,27,0,8,46,2,56,26,0,26,82
06/05/2017,IXD,KS,ACE,CE,Federal Contract Tower,0,5,37,0,42,0,1,46,15,62,0,6,83,15,104,68,0,68,172
06/06/2017,IXD,KS,ACE,CE,Federal Contract Tower,0,7,36,4,47,0,0,63,2,65,0,7,99,6,112,52,4,56,168
06/07/2017,IXD,KS,ACE,CE,Federal Contract Tower,0,3,30,0,33,0,4,60,2,66,0,7,90,2,99,74,0,74,173
06/08/2017,IXD,KS,ACE,CE,Federal Contract Tower,0,5,30,0,35,0,3,55,0,58,0,8,85,0,93,94,0,94,187
06/09/2017,IXD,KS,ACE,CE,Federal Contract Tower,0,6,27,0,33,0,1,87,2,90,0,7,114,2,123,134,0,134,257
06/10/2017,IXD,KS,ACE,CE,Federal Contract Tower,0,4,15,0,19,0,1,48,0,49,0,5,63,0,68,124,0,124,192
06/11/2017,IXD,KS,ACE,CE,Federal Contract Tower,0,2,14,0,16,0,0,41,0,41,0,2,55,0,57,36,0,36,93
06/12/2017,IXD,KS,ACE,CE,Federal Contract Tower,0,7,17,0,24,0,2,28,2,32,0,9,45,2,56,14,0,14,70
06/13/2017,IXD,KS,ACE,CE,Federal Contract Tower,0,3,23,1,27,0,0,27,3,30,0,3,50,4,57,10,0,10,67
06/14/2017,IXD,KS,ACE,CE,Federal Contract Tower,0,4,29,3,36,0,0,35,4,39,0,4,64,7,75,94,0,94,169
06/15/2017,IXD,KS,ACE,CE,Federal Contract Tower,0,9,32,0,41,0,0,72,2,74,0,9,104,2,115,110,0,110,225
06/16/2017,IXD,KS,ACE,CE,Federal Contract Tower,0,5,22,1,28,0,1,68,3,72,0,6,90,4,100,214,0,214,314
06/17/2017,IXD,KS,ACE,CE,Federal Contract Tower,0,4,7,7,18,0,0,47,0,47,0,4,54,7,65,78,2,80,145
06/18/2017,IXD,KS,ACE,CE,Federal Contract Tower,0,5,16,0,21,0,6,49,1,56,0,11,65,1,77,62,0,62,139
06/19/2017,IXD,KS,ACE,CE,Federal Contract Tower,0,9,17,0,26,0,3,65,2,70,0,12,82,2,96,78,0,78,174
06/20/2017,IXD,KS,ACE,CE,Federal Contract Tower,0,12,23,0,35,0,2,84,4,90,0,14,107,4,125,144,6,150,275
06/21/2017,IXD,KS,ACE,CE,Federal Contract Tower,0,11,28,1,40,0,0,63,3,66,0,11,91,4,106,100,0,100,206
06/22/2017,IXD,KS,ACE,CE,Federal Contract Tower,0,15,21,2,38,0,0,78,2,80,0,15,99,4,118,168,2,170,288
06/23/2017,IXD,KS,ACE,CE,Federal Contract Tower,0,7,13,0,20,0,1,44,2,47,0,8,57,2,67,108,0,108,175
06/24/2017,IXD,KS,ACE,CE,Federal Contract Tower,0,8,28,2,38,0,0,65,2,67,0,8,93,4,105,150,0,150,255
06/25/2017,IXD,KS,ACE,CE,Federal Contract Tower,0,5,16,0,21,0,0,79,1,80,0,5,95,1,101,80,0,80,181
06/26/2017,IXD,KS,ACE,CE,Federal Contract Tower,0,8,20,1,29,0,2,37,0,39,0,10,57,1,68,42,0,42,110
06/27/2017,IXD,KS,ACE,CE,Federal Contract Tower,0,2,46,1,49,0,1,54,3,58,0,3,100,4,107,78,0,78,185
06/28/2017,IXD,KS,ACE,CE,Federal Contract Tower,0,6,18,0,24,0,0,30,0,30,0,6,48,0,54,44,0,44,98
06/29/2017,IXD,KS,ACE,CE,Federal Contract Tower,0,6,11,2,19,0,1,18,3,22,0,7,29,5,41,84,0,84,125
06/30/2017,IXD,KS,ACE,CE,Federal Contract Tower,0,17,23,0,40,0,5,51,2,58,0,22,74,2,98,156,0,156,254
07/01/2017,IXD,KS,ACE,CE,Federal Contract Tower,0,4,13,0,17,0,3,93,0,96,0,7,106,0,113,134,0,134,247
07/02/2017,IXD,KS,ACE,CE,Federal Contract Tower,0,2,6,0,8,0,0,52,0,52,0,2,58,0,60,130,0,130,190
07/03/2017,IXD,KS,ACE,CE,Federal Contract Tower,0,4,19,0,23,0,1,67,0,68,0,5,86,0,91,184,0,184,275
07/04/2017,IXD,KS,ACE,CE,Federal Contract Tower,0,3,6,0,9,0,0,15,0,15,0,3,21,0,24,2,0,2,26
07/05/2017,IXD,KS,ACE,CE,Federal Contract Tower,0,5,30,0,35,0,1,72,0,73,0,6,102,0,108,108,0,108,216
07/06/2017,IXD,KS,ACE,CE,Federal Contract Tower,0,5,23,0,28,0,4,75,0,79,0,9,98,0,107,140,0,140,247
07/07/2017,IXD,KS,ACE,CE,Federal Contract Tower,0,2,30,1,33,0,0,101,1,102,0,2,131,2,135,150,0,150,285
07/08/2017,IXD,KS,ACE,CE,Federal Contract Tower,0,0,20,3,23,0,6,94,0,100,0,6,114,3,123,136,2,138,261
07/09/2017,IXD,KS,ACE,CE,Federal Contract Tower,0,5,22,19,46,0,2,62,3,67,0,7,84,22,113,186,8,194,307
07/10/2017,IXD,KS,ACE,CE,Federal Contract Tower,0,4,17,0,21,0,1,30,3,34,0,5,47,3,55,28,0,28,83
07/11/2017,IXD,KS,ACE,CE,Federal Contract Tower,0,4,12,0,16,0,3,95,5,103,0,7,107,5,119,98,0,98,217
07/12/2017,IXD,KS,ACE,CE,Federal Contract Tower,0,9,26,1,36,0,0,95,0,95,0,9,121,1,131,70,0,70,201
07/13/2017,IXD,KS,ACE,CE,Federal Contract Tower,0,9,17,0,26,0,1,40,0,41,0,10,57,0,67,100,0,100,167
07/14/2017,IXD,KS,ACE,CE,Federal Contract Tower,0,8,20,0,28,0,0,58,3,61,0,8,78,3,89,132,0,132,221
07/15/2017,IXD,KS,ACE,CE,Federal Contract Tower,0,3,23,1,27,0,1,93,9,103,0,4,116,10,130,214,0,214,344
07/16/2017,IXD,KS,ACE,CE,Federal Contract Tower,0,7,12,0,19,0,3,39,2,44,0,10,51,2,63,76,0,76,139
07/17/2017,IXD,KS,ACE,CE,Federal Contract Tower,0,1,25,0,26,0,1,68,3,72,0,2,93,3,98,90,0,90,188
07/18/2017,IXD,KS,ACE,CE,Federal Contract Tower,0,7,25,0,32,0,3,93,2,98,0,10,118,2,130,128,0,128,258
07/19/2017,IXD,KS,ACE,CE,Federal Contract Tower,0,8,24,0,32,0,0,54,0,54,0,8,78,0,86,70,0,70,156
07/20/2017,IXD,KS,ACE,CE,Federal Contract Tower,0,6,19,0,25,0,1,76,2,79,0,7,95,2,104,76,0,76,180
07/21/2017,IXD,KS,ACE,CE,Federal Contract Tower,0,2,19,0,21,0,6,61,6,73,0,8,80,6,94,60,2,62,156
07/22/2017,IXD,KS,ACE,CE,Federal Contract Tower,0,0,13,0,13,0,2,38,0,40,0,2,51,0,53,78,0,78,131
07/23/2017,IXD,KS,ACE,CE,Federal Contract Tower,0,9,25,1,35,0,0,63,0,63,0,9,88,1,98,150,0,150,248
07/24/2017,IXD,KS,ACE,CE,Federal Contract Tower,0,4,29,0,33,0,0,40,0,40,0,4,69,0,73,86,0,86,159
07/25/2017,IXD,KS,ACE,CE,Federal Contract Tower,0,3,20,1,24,0,0,60,3,63,0,3,80,4,87,112,0,112,199
07/26/2017,IXD,KS,ACE,CE,Federal Contract Tower,0,5,29,0,34,0,0,27,1,28,0,5,56,1,62,36,0,36,98
07/27/2017,IXD,KS,ACE,CE,Federal Contract Tower,0,3,28,0,31,0,2,49,2,53,0,5,77,2,84,114,0,114,198
07/28/2017,IXD,KS,ACE,CE,Federal Contract Tower,0,5,30,2,37,0,0,59,4,63,0,5,89,6,100,124,0,124,224
07/29/2017,IXD,KS,ACE,CE,Federal Contract Tower,0,0,23,2,25,0,0,61,1,62,0,0,84,3,87,116,0,116,203
07/30/2017,IXD,KS,ACE,CE,Federal Contract Tower,0,10,25,1,36,0,0,62,2,64,0,10,87,3,100,116,0,116,216
07/31/2017,IXD,KS,ACE,CE,Federal Contract Tower,0,0,14,0,14,0,0,2,0,2,0,0,16,0,16,46,0,46,62
08/01/2017,IXD,KS,ACE,CE,Federal Contract Tower,0,4,21,0,25,0,0,84,1,85,0,4,105,1,110,138,0,138,248
08/02/2017,IXD,KS,ACE,CE,Federal Contract Tower,0,5,29,1,35,0,0,72,0,72,0,5,101,1,107,88,0,88,195
08/03/2017,IXD,KS,ACE,CE,Federal Contract Tower,0,8,11,1,20,0,1,51,1,53,0,9,62,2,73,98,0,98,171
08/04/2017,IXD,KS,ACE,CE,Federal Contract Tower,0,3,21,1,25,0,0,102,0,102,0,3,123,1,127,126,0,126,253
08/05/2017,IXD,KS,ACE,CE,Federal Contract Tower,0,3,11,0,14,0,0,2,3,5,0,3,13,3,19,0,4,4,23
08/06/2017,IXD,KS,ACE,CE,Federal Contract Tower,0,7,19,0,26,0,0,31,1,32,0,7,50,1,58,86,0,86,144
08/07/2017,IXD,KS,ACE,CE,Federal Contract Tower,0,8,26,5,39,0,3,56,0,59,0,11,82,5,98,116,0,116,214
08/08/2017,IXD,KS,ACE,CE,Federal Contract Tower,0,10,27,3,40,0,0,98,1,99,0,10,125,4,139,130,0,130,269
08/09/2017,IXD,KS,ACE,CE,Federal Contract Tower,0,2,23,0,25,0,0,62,2,64,0,2,85,2,89,60,0,60,149
08/10/2017,IXD,KS,ACE,CE,Federal Contract Tower,0,9,21,1,31,0,0,81,18,99,0,9,102,19,130,210,0,210,340
08/11/2017,IXD,KS,ACE,CE,Federal Contract Tower,0,7,20,0,27,0,2,70,2,74,0,9,90,2,101,174,0,174,275
08/12/2017,IXD,KS,ACE,CE,Federal Contract Tower,0,2,17,0,19,0,0,78,0,78,0,2,95,0,97,234,0,234,331
08/13/2017,IXD,KS,ACE,CE,Federal Contract Tower,0,8,16,0,24,0,0,61,0,61,0,8,77,0,85,92,0,92,177
08/14/2017,IXD,KS,ACE,CE,Federal Contract Tower,0,4,28,6,38,0,0,50,3,53,0,4,78,9,91,96,2,98,189
08/15/2017,IXD,KS,ACE,CE,Federal Contract Tower,0,5,27,5,37,0,0,64,5,69,0,5,91,10,106,116,0,116,222
08/16/2017,IXD,KS,ACE,CE,Federal Contract Tower,0,4,29,0,33,0,0,22,2,24,0,4,51,2,57,32,0,32,89
08/17/2017,IXD,KS,ACE,CE,Federal Contract Tower,0,13,21,1,35,0,4,72,2,78,0,17,93,3,113,138,10,148,261
08/18/2017,IXD,KS,ACE,CE,Federal Contract Tower,0,7,18,8,33,0,2,74,0,76,0,9,92,8,109,128,0,128,237
08/19/2017,IXD,KS,ACE,CE,Federal Contract Tower,0,0,22,0,22,0,0,86,4,90,0,0,108,4,112,84,0,84,196
08/20/2017,IXD,KS,ACE,CE,Federal Contract Tower,0,4,18,4,26,0,0,52,0,52,0,4,70,4,78,80,0,80,158
08/21/2017,IXD,KS,ACE,CE,Federal Contract Tower,0,2,17,1,20,0,0,62,1,63,0,2,79,2,83,18,0,18,101
08/22/2017,IXD,KS,ACE,CE,Federal Contract Tower,0,5,37,9,51,0,0,37,2,39,0,5,74,11,90,74,0,74,164
08/23/2017,IXD,KS,ACE,CE,Federal Contract Tower,0,8,29,7,44,0,0,84,5,89,0,8,113,12,133,154,8,162,295
08/24/2017,IXD,KS,ACE,CE,Federal Contract Tower,0,8,28,0,36,0,0,69,1,70,0,8,97,1,106,48,0,48,154
08/25/2017,IXD,KS,ACE,CE,Federal Contract Tower,0,7,18,10,35,0,2,51,6,59,0,9,69,16,94,46,0,46,140
08/26/2017,IXD,KS,ACE,CE,Federal Contract Tower,0,5,15,0,20,0,1,55,4,60,0,6,70,4,80,58,0,58,138
08/27/2017,IXD,KS,ACE,CE,Federal Contract Tower,0,5,40,0,45,0,0,24,0,24,0,5,64,0,69,66,0,66,135
08/28/2017,IXD,KS,ACE,CE,Federal Contract Tower,0,5,22,2,29,0,3,39,3,45,0,8,61,5,74,38,0,38,112
08/29/2017,IXD,KS,ACE,CE,Federal Contract Tower,0,4,28,2,34,0,0,51,0,51,0,4,79,2,85,116,0,116,201
08/30/2017,IXD,KS,ACE,CE,Federal Contract Tower,0,9,23,5,37,0,0,75,4,79,0,9,98,9,116,80,2,82,198
08/31/2017,IXD,KS,ACE,CE,Federal Contract Tower,0,9,28,0,37,0,1,70,0,71,0,10,98,0,108,72,0,72,180
09/01/2017,IXD,KS,ACE,CE,Federal Contract Tower,0,4,16,0,20,0,0,58,0,58,0,4,74,0,78,84,0,84,162
09/02/2017,IXD,KS,ACE,CE,Federal Contract Tower,0,4,9,0,13,0,1,95,0,96,0,5,104,0,109,146,0,146,255
09/03/2017,IXD,KS,ACE,CE,Federal Contract Tower,0,1,8,2,11,0,0,55,0,55,0,1,63,2,66,158,0,158,224
09/04/2017,IXD,KS,ACE,CE,Federal Contract Tower,0,1,4,0,5,0,0,46,0,46,0,1,50,0,51,114,0,114,165
09/05/2017,IXD,KS,ACE,CE,Federal Contract Tower,0,4,21,3,28,0,1,61,13,75,0,5,82,16,103,82,0,82,185
09/06/2017,IXD,KS,ACE,CE,Federal Contract Tower,0,8,14,1,23,0,2,55,5,62,0,10,69,6,85,100,0,100,185
09/07/2017,IXD,KS,ACE,CE,Federal Contract Tower,0,9,22,0,31,0,0,86,1,87,0,9,108,1,118,122,0,122,240
09/08/2017,IXD,KS,ACE,CE,Federal Contract Tower,0,9,35,0,44,0,0,98,5,103,0,9,133,5,147,52,0,52,199
09/09/2017,IXD,KS,ACE,CE,Federal Contract Tower,0,4,5,5,14,0,0,100,11,111,0,4,105,16,125,64,10,74,199
09/10/2017,IXD,KS,ACE,CE,Federal Contract Tower,0,9,21,0,30,0,0,87,0,87,0,9,108,0,117,58,0,58,175
09/11/2017,IXD,KS,ACE,CE,Federal Contract Tower,0,7,20,4,31,0,3,55,4,62,0,10,75,8,93,50,6,56,149
09/12/2017,IXD,KS,ACE,CE,Federal Contract Tower,6,3,21,3,33,0,0,61,8,69,6,3,82,11,102,66,6,72,174
09/13/2017,IXD,KS,ACE,CE,Federal Contract Tower,0,9,31,5,45,0,2,63,7,72,0,11,94,12,117,76,10,86,203
09/14/2017,IXD,KS,ACE,CE,Federal Contract Tower,0,8,26,2,36,0,0,63,1,64,0,8,89,3,100,34,0,34,134
09/15/2017,IXD,KS,ACE,CE,Federal Contract Tower,0,4,20,9,33,0,0,58,3,61,0,4,78,12,94,12,4,16,110
09/16/2017,IXD,KS,ACE,CE,Federal Contract Tower,0,4,16,0,20,0,2,48,0,50,0,6,64,0,70,104,0,104,174
09/17/2017,IXD,KS,ACE,CE,Federal Contract Tower,0,3,21,0,24,0,0,8,0,8,0,3,29,0,32,26,0,26,58
09/18/2017,IXD,KS,ACE,CE,Federal Contract Tower,0,4,19,2,25,0,0,10,0,10,0,4,29,2,35,24,0,24,59
09/19/2017,IXD,KS,ACE,CE,Federal Contract Tower,0,5,31,1,37,0,0,57,2,59,0,5,88,3,96,64,0,64,160
09/20/2017,IXD,KS,ACE,CE,Federal Contract Tower,0,7,36,0,43,0,0,47,0,47,0,7,83,0,90,102,0,102,192
09/21/2017,IXD,KS,ACE,CE,Federal Contract Tower,0,14,30,6,50,0,0,54,0,54,0,14,84,6,104,58,0,58,162
09/22/2017,IXD,KS,ACE,CE,Federal Contract Tower,0,5,19,3,27,0,1,55,4,60,0,6,74,7,87,78,12,90,177
09/23/2017,IXD,KS,ACE,CE,Federal Contract Tower,0,7,14,0,21,0,0,104,0,104,0,7,118,0,125,46,0,46,171
09/24/2017,IXD,KS,ACE,CE,Federal Contract Tower,0,5,21,0,26,0,0,61,0,61,0,5,82,0,87,54,0,54,141
09/25/2017,IXD,KS,ACE,CE,Federal Contract Tower,0,0,20,0,20,0,0,32,0,32,0,0,52,0,52,52,0,52,104
09/26/2017,IXD,KS,ACE,CE,Federal Contract Tower,0,3,41,2,46,0,0,3,0,3,0,3,44,2,49,12,0,12,61
09/27/2017,IXD,KS,ACE,CE,Federal Contract Tower,0,4,32,1,37,0,0,71,1,72,0,4,103,2,109,112,0,112,221
09/28/2017,IXD,KS,ACE,CE,Federal Contract Tower,0,8,25,1,34,0,0,86,5,91,0,8,111,6,125,108,0,108,233
09/29/2017,IXD,KS,ACE,CE,Federal Contract Tower,0,6,29,0,35,0,4,109,2,115,0,10,138,2,150,112,0,112,262
09/30/2017,IXD,KS,ACE,CE,Federal Contract Tower,0,10,13,0,23,0,4,83,0,87,0,14,96,0,110,134,0,134,244
10/01/2017,IXD,KS,ACE,CE,Federal Contract Tower,0,2,21,0,23,0,0,49,0,49,0,2,70,0,72,52,0,52,124
10/02/2017,IXD,KS,ACE,CE,Federal Contract Tower,0,3,28,3,34,0,0,48,3,51,0,3,76,6,85,50,0,50,135
10/03/2017,IXD,KS,ACE,CE,Federal Contract Tower,0,6,20,0,26,0,1,31,6,38,0,7,51,6,64,72,8,80,144
10/04/2017,IXD,KS,ACE,CE,Federal Contract Tower,0,8,26,0,34,0,0,0,0,0,0,8,26,0,34,0,0,0,34
10/05/2017,IXD,KS,ACE,CE,Federal Contract Tower,0,9,21,2,32,0,0,16,8,24,0,9,37,10,56,14,10,24,80
10/06/2017,IXD,KS,ACE,CE,Federal Contract Tower,0,11,18,2,31,0,5,11,0,16,0,16,29,2,47,30,2,32,79
10/07/2017,IXD,KS,ACE,CE,Federal Contract Tower,0,1,14,0,15,0,0,42,0,42,0,1,56,0,57,122,0,122,179
10/08/2017,IXD,KS,ACE,CE,Federal Contract Tower,0,11,11,0,22,0,3,74,0,77,0,14,85,0,99,50,0,50,149
10/09/2017,IXD,KS,ACE,CE,Federal Contract Tower,0,0,22,0,22,0,3,70,2,75,0,3,92,2,97,72,0,72,169
10/10/2017,IXD,KS,ACE,CE,Federal Contract Tower,0,9,18,1,28,0,0,2,1,3,0,9,20,2,31,0,6,6,37
10/11/2017,IXD,KS,ACE,CE,Federal Contract Tower,0,4,33,2,39,0,0,77,2,79,0,4,110,4,118,126,0,126,244
10/12/2017,IXD,KS,ACE,CE,Federal Contract Tower,0,13,27,1,41,0,0,50,0,50,0,13,77,1,91,120,0,120,211
10/13/2017,IXD,KS,ACE,CE,Federal Contract Tower,0,3,20,7,30,0,2,70,10,82,0,5,90,17,112,134,0,134,246
10/14/2017,IXD,KS,ACE,CE,Federal Contract Tower,0,5,5,0,10,0,1,21,0,22,0,6,26,0,32,32,0,32,64
10/15/2017,IXD,KS,ACE,CE,Federal Contract Tower,0,6,17,6,29,0,2,42,1,45,0,8,59,7,74,60,0,60,134
10/16/2017,IXD,KS,ACE,CE,Federal Contract Tower,0,7,16,0,23,0,0,89,0,89,0,7,105,0,112,102,0,102,214
10/17/2017,IXD,KS,ACE,CE,Federal Contract Tower,0,6,14,0,20,0,2,84,0,86,0,8,98,0,106,98,0,98,204
10/18/2017,IXD,KS,ACE,CE,Federal Contract Tower,0,1,24,1,26,0,0,47,1,48,0,1,71,2,74,32,0,32,106
10/19/2017,IXD,KS,ACE,CE,Federal Contract Tower,0,12,45,0,57,0,0,74,0,74,0,12,119,0,131,100,0,100,231
10/20/2017,IXD,KS,ACE,CE,Federal Contract Tower,0,11,18,4,33,0,0,51,0,51,0,11,69,4,84,106,0,106,190
10/21/2017,IXD,KS,ACE,CE,Federal Contract Tower,0,4,21,0,25,0,0,4,0,4,0,4,25,0,29,2,0,2,31
10/22/2017,IXD,KS,ACE,CE,Federal Contract Tower,0,5,40,0,45,0,0,42,0,42,0,5,82,0,87,46,0,46,133
10/23/2017,IXD,KS,ACE,CE,Federal Contract Tower,0,7,18,0,25,0,1,38,2,41,0,8,56,2,66,16,0,16,82
10/24/2017,IXD,KS,ACE,CE,Federal Contract Tower,0,5,30,0,35,0,1,5,3,9,0,6,35,3,44,6,0,6,50
10/25/2017,IXD,KS,ACE,CE,Federal Contract Tower,0,11,27,0,38,0,0,56,0,56,0,11,83,0,94,130,0,130,224
10/26/2017,IXD,KS,ACE,CE,Federal Contract Tower,0,9,27,4,40,0,0,47,1,48,0,9,74,5,88,52,0,52,140
10/27/2017,IXD,KS,ACE,CE,Federal Contract Tower,0,1,18,0,19,0,0,31,0,31,0,1,49,0,50,4,0,4,54
10/28/2017,IXD,KS,ACE,CE,Federal Contract Tower,0,3,22,3,28,0,0,49,1,50,0,3,71,4,78,68,4,72,150
10/29/2017,IXD,KS,ACE,CE,Federal Contract Tower,0,6,22,0,28,0,0,69,0,69,0,6,91,0,97,78,0,78,175
10/30/2017,IXD,KS,ACE,CE,Federal Contract Tower,0,2,14,0,16,0,0,36,2,38,0,2,50,2,54,54,0,54,108
10/31/2017,IXD,KS,ACE,CE,Federal Contract Tower,0,3,16,1,20,0,0,56,2,58,0,3,72,3,78,96,0,96,174
11/01/2017,IXD,KS,ACE,CE,Federal Contract Tower,0,7,26,0,33,0,0,12,5,17,0,7,38,5,50,12,0,12,62
11/02/2017,IXD,KS,ACE,CE,Federal Contract Tower,0,9,38,1,48,0,0,0,0,0,0,9,38,1,48,0,0,0,48
11/03/2017,IXD,KS,ACE,CE,Federal Contract Tower,0,7,13,0,20,0,3,40,6,49,0,10,53,6,69,106,2,108,177
11/04/2017,IXD,KS,ACE,CE,Federal Contract Tower,0,1,16,2,19,0,0,3,0,3,0,1,19,2,22,0,0,0,22
11/05/2017,IXD,KS,ACE,CE,Federal Contract Tower,0,5,22,1,28,0,0,15,0,15,0,5,37,1,43,26,0,26,69
11/06/2017,IXD,KS,ACE,CE,Federal Contract Tower,0,2,19,1,22,0,0,79,8,87,0,2,98,9,109,120,6,126,235
11/07/2017,IXD,KS,ACE,CE,Federal Contract Tower,0,4,16,6,26,0,5,47,0,52,0,9,63,6,78,30,2,32,110
11/08/2017,IXD,KS,ACE,CE,Federal Contract Tower,0,8,30,1,39,0,0,70,4,74,0,8,100,5,113,130,4,134,247
11/09/2017,IXD,KS,ACE,CE,Federal Contract Tower,0,7,0,31,38,0,1,44,4,49,0,8,44,35,87,94,4,98,185
11/10/2017,IXD,KS,ACE,CE,Federal Contract Tower,0,4,18,0,22,0,0,54,0,54,0,4,72,0,76,116,0,116,192
11/11/2017,IXD,KS,ACE,CE,Federal Contract Tower,0,6,13,0,19,0,2,35,0,37,0,8,48,0,56,50,0,50,106
11/12/2017,IXD,KS,ACE,CE,Federal Contract Tower,0,6,14,0,20,0,0,8,0,8,0,6,22,0,28,24,0,24,52
11/13/2017,IXD,KS,ACE,CE,Federal Contract Tower,0,6,24,2,32,0,0,10,4,14,0,6,34,6,46,96,4,100,146
11/14/2017,IXD,KS,ACE,CE,Federal Contract Tower,0,3,22,1,26,0,0,0,0,0,0,3,22,1,26,0,0,0,26
11/15/2017,IXD,KS,ACE,CE,Federal Contract Tower,0,7,22,0,29,0,9,60,4,73,0,16,82,4,102,110,0,110,212
11/16/2017,IXD,KS,ACE,CE,Federal Contract Tower,0,7,23,3,33,0,4,90,8,102,0,11,113,11,135,78,0,78,213
11/17/2017,IXD,KS,ACE,CE,Federal Contract Tower,0,1,31,0,32,0,0,14,0,14,0,1,45,0,46,4,0,4,50
11/18/2017,IXD,KS,ACE,CE,Federal Contract Tower,0,3,7,0,10,0,2,8,0,10,0,5,15,0,20,12,0,12,32
11/19/2017,IXD,KS,ACE,CE,Federal Contract Tower,0,2,10,0,12,0,0,98,3,101,0,2,108,3,113,166,0,166,279
11/20/2017,IXD,KS,ACE,CE,Federal Contract Tower,0,4,28,0,32,0,0,41,1,42,0,4,69,1,74,34,0,34,108
11/21/2017,IXD,KS,ACE,CE,Federal Contract Tower,0,7,33,0,40,0,0,49,3,52,0,7,82,3,92,70,0,70,162
11/22/2017,IXD,KS,ACE,CE,Federal Contract Tower,0,0,7,24,31,0,0,63,0,63,0,0,70,24,94,66,0,66,160
11/23/2017,IXD,KS,ACE,CE,Federal Contract Tower,0,0,6,0,6,0,0,19,0,19,0,0,25,0,25,0,0,0,25
11/24/2017,IXD,KS,ACE,CE,Federal Contract Tower,0,3,4,0,7,0,0,41,0,41,0,3,45,0,48,30,0,30,78
11/25/2017,IXD,KS,ACE,CE,Federal Contract Tower,0,5,18,0,23,0,0,65,0,65,0,5,83,0,88,76,0,76,164
11/26/2017,IXD,KS,ACE,CE,Federal Contract Tower,0,5,22,0,27,0,2,59,0,61,0,7,81,0,88,76,0,76,164
11/27/2017,IXD,KS,ACE,CE,Federal Contract Tower,0,3,18,0,21,0,0,63,1,64,0,3,81,1,85,10,0,10,95
11/28/2017,IXD,KS,ACE,CE,Federal Contract Tower,0,15,12,0,27,0,0,29,4,33,0,15,41,4,60,46,0,46,106
11/29/2017,IXD,KS,ACE,CE,Federal Contract Tower,0,4,17,1,22,0,7,46,4,57,0,11,63,5,79,54,0,54,133
11/30/2017,IXD,KS,ACE,CE,Federal Contract Tower,0,6,23,1,30,0,3,45,9,57,0,9,68,10,87,68,0,68,155
12/01/2017,IXD,KS,ACE,CE,Federal Contract Tower,0,5,16,3,24,0,5,81,2,88,0,10,97,5,112,134,2,136,248
12/02/2017,IXD,KS,ACE,CE,Federal Contract Tower,0,10,16,0,26,0,9,94,2,105,0,19,110,2,131,138,0,138,269
12/03/2017,IXD,KS,ACE,CE,Federal Contract Tower,0,7,21,2,30,0,0,64,0,64,0,7,85,2,94,100,0,100,194
12/04/2017,IXD,KS,ACE,CE,Federal Contract Tower,0,3,9,0,12,0,0,13,0,13,0,3,22,0,25,0,0,0,25
12/05/2017,IXD,KS,ACE,CE,Federal Contract Tower,0,6,29,1,36,0,0,43,1,44,0,6,72,2,80,106,0,106,186
12/06/2017,IXD,KS,ACE,CE,Federal Contract Tower,0,8,20,3,31,0,2,41,2,45,0,10,61,5,76,34,0,34,110
12/07/2017,IXD,KS,ACE,CE,Federal Contract Tower,0,12,19,0,31,0,5,64,2,71,0,17,83,2,102,68,0,68,170
12/08/2017,IXD,KS,ACE,CE,Federal Contract Tower,0,9,26,0,35,0,2,50,2,54,0,11,76,2,89,96,0,96,185
12/09/2017,IXD,KS,ACE,CE,Federal Contract Tower,0,5,13,0,18,0,1,63,0,64,0,6,76,0,82,60,0,60,142
12/10/2017,IXD,KS,ACE,CE,Federal Contract Tower,0,1,8,4,13,0,2,66,0,68,0,3,74,4,81,42,18,60,141
12/11/2017,IXD,KS,ACE,CE,Federal Contract Tower,0,4,17,0,21,0,0,49,3,52,0,4,66,3,73,28,0,28,101
12/12/2017,IXD,KS,ACE,CE,Federal Contract Tower,0,4,28,0,32,0,1,74,0,75,0,5,102,0,107,206,0,206,313
12/13/2017,IXD,KS,ACE,CE,Federal Contract Tower,0,5,17,0,22,0,2,31,0,33,0,7,48,0,55,24,0,24,79
12/14/2017,IXD,KS,ACE,CE,Federal Contract Tower,0,13,24,0,37,0,1,60,1,62,0,14,84,1,99,166,0,166,265
12/15/2017,IXD,KS,ACE,CE,Federal Contract Tower,0,2,25,11,38,0,4,66,3,73,0,6,91,14,111,120,8,128,239
12/16/2017,IXD,KS,ACE,CE,Federal Contract Tower,0,6,12,2,20,0,0,45,0,45,0,6,57,2,65,60,0,60,125
12/17/2017,IXD,KS,ACE,CE,Federal Contract Tower,0,6,14,9,29,0,0,8,0,8,0,6,22,9,37,14,0,14,51
12/18/2017,IXD,KS,ACE,CE,Federal Contract Tower,0,6,21,2,29,0,1,74,2,77,0,7,95,4,106,112,0,112,218
12/19/2017,IXD,KS,ACE,CE,Federal Contract Tower,0,3,27,1,31,0,0,37,0,37,0,3,64,1,68,44,0,44,112
12/20/2017,IXD,KS,ACE,CE,Federal Contract Tower,0,5,26,3,34,0,0,38,6,44,0,5,64,9,78,82,2,84,162
12/21/2017,IXD,KS,ACE,CE,Federal Contract Tower,0,9,21,0,30,0,0,1,0,1,0,9,22,0,31,2,0,2,33
12/22/2017,IXD,KS,ACE,CE,Federal Contract Tower,0,6,16,0,22,0,0,0,0,0,0,6,16,0,22,0,0,0,22
12/23/2017,IXD,KS,ACE,CE,Federal Contract Tower,0,0,16,0,16,0,0,44,0,44,0,0,60,0,60,68,0,68,128
12/24/2017,IXD,KS,ACE,CE,Federal Contract Tower,0,2,5,0,7,0,0,2,0,2,0,2,7,0,9,0,0,0,9
12/25/2017,IXD,KS,ACE,CE,Federal Contract Tower,0,2,5,0,7,0,0,10,0,10,0,2,15,0,17,0,0,0,17
12/26/2017,IXD,KS,ACE,CE,Federal Contract Tower,0,4,14,0,18,0,0,9,0,9,0,4,23,0,27,2,0,2,29
12/27/2017,IXD,KS,ACE,CE,Federal Contract Tower,0,3,15,1,19,0,2,29,1,32,0,5,44,2,51,8,0,8,59
12/28/2017,IXD,KS,ACE,CE,Federal Contract Tower,0,3,11,0,14,0,0,36,2,38,0,3,47,2,52,38,0,38,90
12/29/2017,IXD,KS,ACE,CE,Federal Contract Tower,0,2,5,0,7,0,0,31,3,34,0,2,36,3,41,54,0,54,95
12/30/2017,IXD,KS,ACE,CE,Federal Contract Tower,0,0,15,0,15,0,0,15,0,15,0,0,30,0,30,58,0,58,88
12/31/2017,IXD,KS,ACE,CE,Federal Contract Tower,0,0,1,0,1,0,0,16,0,16,0,0,17,0,17,12,0,12,29
01/01/2018,IXD,KS,ACE,CE,Federal Contract Tower,0,3,4,0,7,0,0,7,0,7,0,3,11,0,14,0,0,0,14
01/02/2018,IXD,KS,ACE,CE,Federal Contract Tower,0,4,12,0,16,0,0,28,2,30,0,4,40,2,46,6,0,6,52
01/03/2018,IXD,KS,ACE,CE,Federal Contract Tower,0,1,8,2,11,0,0,35,0,35,0,1,43,2,46,44,0,44,90
01/04/2018,IXD,KS,ACE,CE,Federal Contract Tower,0,1,11,0,12,0,1,31,0,32,0,2,42,0,44,28,0,28,72
01/05/2018,IXD,KS,ACE,CE,Federal Contract Tower,0,8,19,3,30,0,1,34,1,36,0,9,53,4,66,96,0,96,162
01/06/2018,IXD,KS,ACE,CE,Federal Contract Tower,0,7,18,0,25,0,0,68,4,72,0,7,86,4,97,110,0,110,207
01/07/2018,IXD,KS,ACE,CE,Federal Contract Tower,0,6,7,0,13,0,0,0,0,0,0,6,7,0,13,0,0,0,13
01/08/2018,IXD,KS,ACE,CE,Federal Contract Tower,0,5,20,0,25,0,0,77,2,79,0,5,97,2,104,88,0,88,192
01/09/2018,IXD,KS,ACE,CE,Federal Contract Tower,0,5,17,1,23,0,1,39,2,42,0,6,56,3,65,38,0,38,103
01/10/2018,IXD,KS,ACE,CE,Federal Contract Tower,0,8,14,10,32,0,2,31,3,36,0,10,45,13,68,6,0,6,74
01/11/2018,IXD,KS,ACE,CE,Federal Contract Tower,0,2,5,0,7,0,0,0,0,0,0,2,5,0,7,0,0,0,7
01/12/2018,IXD,KS,ACE,CE,Federal Contract Tower,0,5,18,0,23,0,2,42,3,47,0,7,60,3,70,70,0,70,140
01/13/2018,IXD,KS,ACE,CE,Federal Contract Tower,0,1,21,0,22,0,1,65,0,66,0,2,86,0,88,110,0,110,198
01/14/2018,IXD,KS,ACE,CE,Federal Contract Tower,0,2,11,0,13,0,0,3,0,3,0,2,14,0,16,6,0,6,22
01/15/2018,IXD,KS,ACE,CE,Federal Contract Tower,0,0,21,0,21,0,0,8,0,8,0,0,29,0,29,22,0,22,51
01/16/2018,IXD,KS,ACE,CE,Federal Contract Tower,0,4,25,0,29,0,0,20,3,23,0,4,45,3,52,2,4,6,58
01/17/2018,IXD,KS,ACE,CE,Federal Contract Tower,0,3,18,0,21,0,0,33,11,44,0,3,51,11,65,42,22,64,129
01/18/2018,IXD,KS,ACE,CE,Federal Contract Tower,0,2,26,4,32,0,1,51,7,59,0,3,77,11,91,60,2,62,153
01/19/2018,IXD,KS,ACE,CE,Federal Contract Tower,0,2,15,3,20,0,0,56,6,62,0,2,71,9,82,70,2,72,154
01/20/2018,IXD,KS,ACE,CE,Federal Contract Tower,0,2,26,0,28,0,0,25,0,25,0,2,51,0,53,80,0,80,133
01/21/2018,IXD,KS,ACE,CE,Federal Contract Tower,0,3,19,0,22,0,0,31,0,31,0,3,50,0,53,96,0,96,149
01/22/2018,IXD,KS,ACE,CE,Federal Contract Tower,0,4,17,0,21,0,0,0,0,0,0,4,17,0,21,0,0,0,21
01/23/2018,IXD,KS,ACE,CE,Federal Contract Tower,0,6,21,0,27,0,0,25,4,29,0,6,46,4,56,56,0,56,112
01/24/2018,IXD,KS,ACE,CE,Federal Contract Tower,0,8,21,0,29,0,2,68,7,77,0,10,89,7,106,130,0,130,236
01/25/2018,IXD,KS,ACE,CE,Federal Contract Tower,0,3,19,2,24,0,2,42,8,52,0,5,61,10,76,38,2,40,116
01/26/2018,IXD,KS,ACE,CE,Federal Contract Tower,0,3,18,0,21,0,0,13,0,13,0,3,31,0,34,18,0,18,52
01/27/2018,IXD,KS,ACE,CE,Federal Contract Tower,0,6,10,1,17,0,1,77,0,78,0,7,87,1,95,160,0,160,255
01/28/2018,IXD,KS,ACE,CE,Federal Contract Tower,0,3,14,0,17,0,0,59,0,59,0,3,73,0,76,196,0,196,272
01/29/2018,IXD,KS,ACE,CE,Federal Contract Tower,0,1,4,1,6,0,0,51,3,54,0,1,55,4,60,56,0,56,116
01/30/2018,IXD,KS,ACE,CE,Federal Contract Tower,0,6,19,0,25,0,2,33,7,42,0,8,52,7,67,36,0,36,103
01/31/2018,IXD,KS,ACE,CE,Federal Contract Tower,0,0,7,5,12,0,1,70,12,83,0,1,77,17,95,142,0,142,237
02/01/2018,IXD,KS,ACE,CE,Federal Contract Tower,0,7,24,2,33,0,2,24,7,33,0,9,48,9,66,44,0,44,110
02/02/2018,IXD,KS,ACE,CE,Federal Contract Tower,0,4,16,0,20,0,1,62,4,67,0,5,78,4,87,56,2,58,145
02/03/2018,IXD,KS,ACE,CE,Federal Contract Tower,0,1,13,0,14,0,2,41,0,43,0,3,54,0,57,66,0,66,123
02/04/2018,IXD,KS,ACE,CE,Federal Contract Tower,0,3,4,0,7,0,0,0,0,0,0,3,4,0,7,0,0,0,7
02/05/2018,IXD,KS,ACE,CE,Federal Contract Tower,0,7,13,0,20,0,0,0,0,0,0,7,13,0,20,25,0,25,45
02/06/2018,IXD,KS,ACE,CE,Federal Contract Tower,0,2,17,0,19,0,0,15,2,17,0,2,32,2,36,22,0,22,58
02/07/2018,IXD,KS,ACE,CE,Federal Contract Tower,0,5,14,0,19,0,4,45,1,50,0,9,59,1,69,104,0,104,173
02/08/2018,IXD,KS,ACE,CE,Federal Contract Tower,0,11,18,2,31,0,5,62,13,80,0,16,80,15,111,86,0,86,197
02/09/2018,IXD,KS,ACE,CE,Federal Contract Tower,0,5,17,4,26,0,4,21,3,28,0,9,38,7,54,58,12,70,124
02/10/2018,IXD,KS,ACE,CE,Federal Contract Tower,0,7,9,0,16,0,0,17,0,17,0,7,26,0,33,28,0,28,61
02/11/2018,IXD,KS,ACE,CE,Federal Contract Tower,0,3,16,0,19,0,0,40,0,40,0,3,56,0,59,88,0,88,147
02/12/2018,IXD,KS,ACE,CE,Federal Contract Tower,0,7,11,6,24,0,0,57,4,61,0,7,68,10,85,106,0,106,191
02/13/2018,IXD,KS,ACE,CE,Federal Contract Tower,0,10,11,9,30,0,2,62,7,71,0,12,73,16,101,74,0,74,175
02/14/2018,IXD,KS,ACE,CE,Federal Contract Tower,0,6,28,1,35,0,0,23,1,24,0,6,51,2,59,60,0,60,119
02/15/2018,IXD,KS,ACE,CE,Federal Contract Tower,0,18,27,1,46,0,4,41,8,53,0,22,68,9,99,44,0,44,143
02/16/2018,IXD,KS,ACE,CE,Federal Contract Tower,0,6,38,0,44,0,4,68,0,72,0,10,106,0,116,84,0,84,200
02/17/2018,IXD,KS,ACE,CE,Federal Contract Tower,0,0,36,0,36,0,2,56,0,58,0,2,92,0,94,56,0,56,150
02/18/2018,IXD,KS,ACE,CE,Federal Contract Tower,0,4,23,0,27,0,0,24,0,24,0,4,47,0,51,12,0,12,63
02/19/2018,IXD,KS,ACE,CE,Federal Contract Tower,0,4,8,2,14,0,0,0,0,0,0,4,8,2,14,0,0,0,14
02/20/2018,IXD,KS,ACE,CE,Federal Contract Tower,0,3,5,0,8,0,0,0,0,0,0,3,5,0,8,0,0,0,8
02/21/2018,IXD,KS,ACE,CE,Federal Contract Tower,0,4,19,0,23,0,4,9,0,13,0,8,28,0,36,12,0,12,48
02/22/2018,IXD,KS,ACE,CE,Federal Contract Tower,0,3,9,2,14,0,0,0,0,0,0,3,9,2,14,0,0,0,14
02/23/2018,IXD,KS,ACE,CE,Federal Contract Tower,0,4,20,1,25,0,0,0,0,0,0,4,20,1,25,0,0,0,25
02/24/2018,IXD,KS,ACE,CE,Federal Contract Tower,0,5,6,0,11,0,0,0,0,0,0,5,6,0,11,0,0,0,11
02/25/2018,IXD,KS,ACE,CE,Federal Contract Tower,0,2,29,0,31,0,1,88,0,89,0,3,117,0,120,164,0,164,284
02/26/2018,IXD,KS,ACE,CE,Federal Contract Tower,0,14,20,1,35,0,0,101,0,101,0,14,121,1,136,126,0,126,262
02/27/2018,IXD,KS,ACE,CE,Federal Contract Tower,0,4,22,0,26,0,1,29,2,32,0,5,51,2,58,2,0,2,60
02/28/2018,IXD,KS,ACE,CE,Federal Contract Tower,0,9,21,0,30,0,0,0,4,4,0,9,21,4,34,0,2,2,36
03/01/2018,IXD,KS,ACE,CE,Federal Contract Tower,0,8,24,6,38,0,5,79,10,94,0,13,103,16,132,28,2,30,162
03/02/2018,IXD,KS,ACE,CE,Federal Contract Tower,0,5,20,2,27,0,8,48,0,56,0,13,68,2,83,66,0,66,149
03/03/2018,IXD,KS,ACE,CE,Federal Contract Tower,0,2,14,1,17,0,2,58,12,72,0,4,72,13,89,40,8,48,137
03/04/2018,IXD,KS,ACE,CE,Federal Contract Tower,0,3,14,0,17,0,0,22,2,24,0,3,36,2,41,32,0,32,73
03/05/2018,IXD,KS,ACE,CE,Federal Contract Tower,0,1,11,4,16,0,0,16,2,18,0,1,27,6,34,14,0,14,48
03/06/2018,IXD,KS,ACE,CE,Federal Contract Tower,0,3,14,0,17,0,0,2,0,2,0,3,16,0,19,0,0,0,19
03/07/2018,IXD,KS,ACE,CE,Federal Contract Tower,0,11,24,2,37,0,1,24,1,26,0,12,48,3,63,76,0,76,139
03/08/2018,IXD,KS,ACE,CE,Federal Contract Tower,0,5,28,1,34,0,0,106,5,111,0,5,134,6,145,96,16,112,257
03/09/2018,IXD,KS,ACE,CE,Federal Contract Tower,0,6,29,2,37,0,5,70,0,75,0,11,99,2,112,98,0,98,210
03/10/2018,IXD,KS,ACE,CE,Federal Contract Tower,0,5,9,0,14,0,0,41,0,41,0,5,50,0,55,124,0,124,179
03/11/2018,IXD,KS,ACE,CE,Federal Contract Tower,0,7,5,0,12,0,0,7,0,7,0,7,12,0,19,22,0,22,41
03/12/2018,IXD,KS,ACE,CE,Federal Contract Tower,0,3,9,0,12,0,1,53,0,54,0,4,62,0,66,90,0,90,156
03/13/2018,IXD,KS,ACE,CE,Federal Contract Tower,0,5,22,2,29,0,3,38,4,45,0,8,60,6,74,100,0,100,174
03/14/2018,IXD,KS,ACE,CE,Federal Contract Tower,0,6,32,1,39,0,2,57,7,66,0,8,89,8,105,34,0,34,139
03/15/2018,IXD,KS,ACE,CE,Federal Contract Tower,0,1,23,6,30,0,2,51,6,59,0,3,74,12,89,28,0,28,117
03/16/2018,IXD,KS,ACE,CE,Federal Contract Tower,0,9,14,0,23,0,0,11,0,11,0,9,25,0,34,6,0,6,40
03/17/2018,IXD,KS,ACE,CE,Federal Contract Tower,0,5,16,1,22,0,0,33,0,33,0,5,49,1,55,98,0,98,153
03/18/2018,IXD,KS,ACE,CE,Federal Contract Tower,0,7,18,1,26,0,0,51,0,51,0,7,69,1,77,98,0,98,175
03/19/2018,IXD,KS,ACE,CE,Federal Contract Tower,0,4,17,3,24,0,0,2,3,5,0,4,19,6,29,10,0,10,39
03/20/2018,IXD,KS,ACE,CE,Federal Contract Tower,0,5,25,3,33,0,1,43,2,46,0,6,68,5,79,62,0,62,141
03/21/2018,IXD,KS,ACE,CE,Federal Contract Tower,0,4,34,0,38,0,0,63,8,71,0,4,97,8,109,86,0,86,195
03/22/2018,IXD,KS,ACE,CE,Federal Contract Tower,0,5,29,1,35,0,0,63,2,65,0,5,92,3,100,90,2,92,192
03/23/2018,IXD,KS,ACE,CE,Federal Contract Tower,0,3,28,0,31,0,0,31,1,32,0,3,59,1,63,6,0,6,69
03/24/2018,IXD,KS,ACE,CE,Federal Contract Tower,0,9,15,0,24,0,0,8,0,8,0,9,23,0,32,70,0,70,102
03/25/2018,IXD,KS,ACE,CE,Federal Contract Tower,0,8,16,0,24,0,1,13,0,14,0,9,29,0,38,52,0,52,90
03/26/2018,IXD,KS,ACE,CE,Federal Contract Tower,0,25,12,1,38,0,0,0,0,0,0,25,12,1,38,0,0,0,38
03/27/2018,IXD,KS,ACE,CE,Federal Contract Tower,0,11,17,9,37,0,0,6,0,6,0,11,23,9,43,90,0,90,133
03/28/2018,IXD,KS,ACE,CE,Federal Contract Tower,0,10,41,2,53,0,0,0,0,0,0,10,41,2,53,0,0,0,53
03/29/2018,IXD,KS,ACE,CE,Federal Contract Tower,0,15,26,5,46,0,0,6,13,19,0,15,32,18,65,26,0,26,91
03/30/2018,IXD,KS,ACE,CE,Federal Contract Tower,0,6,22,1,29,0,0,116,1,117,0,6,138,2,146,218,0,218,364
03/31/2018,IXD,KS,ACE,CE,Federal Contract Tower,0,5,14,1,20,0,0,31,0,31,0,5,45,1,51,44,0,44,95
04/01/2018,IXD,KS,ACE,CE,Federal Contract Tower,0,2,6,0,8,0,0,7,0,7,0,2,13,0,15,0,0,0,15
04/02/2018,IXD,KS,ACE,CE,Federal Contract Tower,0,11,12,0,23,0,0,0,0,0,0,11,12,0,23,0,0,0,23
04/03/2018,IXD,KS,ACE,CE,Federal Contract Tower,0,4,21,0,25,0,0,2,0,2,0,4,23,0,27,0,0,0,27
04/04/2018,IXD,KS,ACE,CE,Federal Contract Tower,0,10,34,1,45,0,0,78,5,83,0,10,112,6,128,150,4,154,282
04/05/2018,IXD,KS,ACE,CE,Federal Contract Tower,0,6,33,0,39,0,0,70,5,75,0,6,103,5,114,104,2,106,220
04/06/2018,IXD,KS,ACE,CE,Federal Contract Tower,0,12,9,3,24,0,1,8,2,11,0,13,17,5,35,8,0,8,43
04/07/2018,IXD,KS,ACE,CE,Federal Contract Tower,0,0,9,2,11,0,0,79,2,81,0,0,88,4,92,68,0,68,160
04/08/2018,IXD,KS,ACE,CE,Federal Contract Tower,0,2,11,2,15,0,0,1,0,1,0,2,12,2,16,2,0,2,18
04/09/2018,IXD,KS,ACE,CE,Federal Contract Tower,0,1,30,0,31,0,0,24,0,24,0,1,54,0,55,66,0,66,121
04/10/2018,IXD,KS,ACE,CE,Federal Contract Tower,0,4,45,0,49,0,5,81,6,92,0,9,126,6,141,116,4,120,261
04/11/2018,IXD,KS,ACE,CE,Federal Contract Tower,0,3,33,0,36,0,0,28,5,33,0,3,61,5,69,16,0,16,85
04/12/2018,IXD,KS,ACE,CE,Federal Contract Tower,0,6,31,0,37,0,1,66,2,69,0,7,97,2,106,46,0,46,152
04/13/2018,IXD,KS,ACE,CE,Federal Contract Tower,0,8,14,0,22,0,0,3,0,3,0,8,17,0,25,0,0,0,25
04/14/2018,IXD,KS,ACE,CE,Federal Contract Tower,0,1,7,0,8,0,0,1,6,7,0,1,8,6,15,0,0,0,15
04/15/2018,IXD,KS,ACE,CE,Federal Contract Tower,0,3,11,0,14,0,0,5,1,6,0,3,16,1,20,0,0,0,20
04/16/2018,IXD,KS,ACE,CE,Federal Contract Tower,0,1,20,0,21,0,2,93,0,95,0,3,113,0,116,166,0,166,282
04/17/2018,IXD,KS,ACE,CE,Federal Contract Tower,0,4,21,0,25,0,1,46,3,50,0,5,67,3,75,46,0,46,121
04/18/2018,IXD,KS,ACE,CE,Federal Contract Tower,0,11,25,0,36,0,0,8,0,8,0,11,33,0,44,2,0,2,46
04/19/2018,IXD,KS,ACE,CE,Federal Contract Tower,0,12,24,3,39,0,1,106,5,112,0,13,130,8,151,194,0,194,345
04/20/2018,IXD,KS,ACE,CE,Federal Contract Tower,0,1,26,10,37,0,0,75,3,78,0,1,101,13,115,86,0,86,201
04/21/2018,IXD,KS,ACE,CE,Federal Contract Tower,0,1,21,0,22,0,1,51,0,52,0,2,72,0,74,66,0,66,140
04/22/2018,IXD,KS,ACE,CE,Federal Contract Tower,0,2,19,0,21,0,4,35,0,39,0,6,54,0,60,66,0,66,126
04/23/2018,IXD,KS,ACE,CE,Federal Contract Tower,0,14,31,1,46,0,5,86,1,92,0,19,117,2,138,162,0,162,300
04/24/2018,IXD,KS,ACE,CE,Federal Contract Tower,0,3,42,0,45,0,1,103,4,108,0,4,145,4,153,124,0,124,277
04/25/2018,IXD,KS,ACE,CE,Federal Contract Tower,0,10,27,2,39,0,0,3,4,7,0,10,30,6,46,0,0,0,46
04/26/2018,IXD,KS,ACE,CE,Federal Contract Tower,0,11,34,9,54,0,0,91,2,93,0,11,125,11,147,118,0,118,265
04/27/2018,IXD,KS,ACE,CE,Federal Contract Tower,0,8,33,2,43,0,1,104,4,109,0,9,137,6,152,95,0,95,247
04/28/2018,IXD,KS,ACE,CE,Federal Contract Tower,0,0,18,2,20,0,3,91,6,100,0,3,109,8,120,208,8,216,336
04/29/2018,IXD,KS,ACE,CE,Federal Contract Tower,0,0,10,7,17,0,0,33,0,33,0,0,43,7,50,26,6,32,82
04/30/2018,IXD,KS,ACE,CE,Federal Contract Tower,0,4,17,1,22,0,0,42,1,43,0,4,59,2,65,14,0,14,79
05/01/2018,IXD,KS,ACE,CE,Federal Contract Tower,0,5,16,0,21,0,2,5,5,12,0,7,21,5,33,6,4,10,43
05/02/2018,IXD,KS,ACE,CE,Federal Contract Tower,0,8,16,2,26,0,0,8,9,17,0,8,24,11,43,52,0,52,95
05/03/2018,IXD,KS,ACE,CE,Federal Contract Tower,0,5,15,0,20,0,0,15,0,15,0,5,30,0,35,20,0,20,55
05/04/2018,IXD,KS,ACE,CE,Federal Contract Tower,0,0,22,1,23,0,0,94,2,96,0,0,116,3,119,68,2,70,189
05/05/2018,IXD,KS,ACE,CE,Federal Contract Tower,0,2,10,1,13,0,2,54,1,57,0,4,64,2,70,46,0,46,116
05/06/2018,IXD,KS,ACE,CE,Federal Contract Tower,0,5,21,0,26,0,0,52,0,52,0,5,73,0,78,146,0,146,224
05/07/2018,IXD,KS,ACE,CE,Federal Contract Tower,0,4,27,0,31,0,2,63,0,65,0,6,90,0,96,46,0,46,142
05/08/2018,IXD,KS,ACE,CE,Federal Contract Tower,0,8,21,0,29,0,0,24,0,24,0,8,45,0,53,14,0,14,67
05/09/2018,IXD,KS,ACE,CE,Federal Contract Tower,0,13,45,0,58,0,0,94,0,94,0,13,139,0,152,122,0,122,274
05/10/2018,IXD,KS,ACE,CE,Federal Contract Tower,0,4,48,2,54,0,0,82,5,87,0,4,130,7,141,116,4,120,261
05/11/2018,IXD,KS,ACE,CE,Federal Contract Tower,0,8,13,0,21,0,3,28,4,35,0,11,41,4,56,12,0,12,68
05/12/2018,IXD,KS,ACE,CE,Federal Contract Tower,0,5,13,0,18,0,0,44,0,44,0,5,57,0,62,98,0,98,160
05/13/2018,IXD,KS,ACE,CE,Federal Contract Tower,0,2,9,0,11,0,0,36,0,36,0,2,45,0,47,96,0,96,143
05/14/2018,IXD,KS,ACE,CE,Federal Contract Tower,0,7,16,0,23,0,1,52,0,53,0,8,68,0,76,120,0,120,196
05/15/2018,IXD,KS,ACE,CE,Federal Contract Tower,0,5,33,8,46,0,4,66,0,70,0,9,99,8,116,82,0,82,198
05/16/2018,IXD,KS,ACE,CE,Federal Contract Tower,0,9,23,6,38,0,0,70,3,73,0,9,93,9,111,162,0,162,273
05/17/2018,IXD,KS,ACE,CE,Federal Contract Tower,0,17,35,2,54,0,0,89,4,93,0,17,124,6,147,116,8,124,271
05/18/2018,IXD,KS,ACE,CE,Federal Contract Tower,0,10,25,1,36,0,2,101,4,107,0,12,126,5,143,168,0,168,311
05/19/2018,IXD,KS,ACE,CE,Federal Contract Tower,0,2,14,2,18,0,2,45,0,47,0,4,59,2,65,92,0,92,157
05/20/2018,IXD,KS,ACE,CE,Federal Contract Tower,0,2,19,0,21,0,0,13,0,13,0,2,32,0,34,116,0,116,150
05/21/2018,IXD,KS,ACE,CE,Federal Contract Tower,0,6,49,2,57,0,2,49,0,51,0,8,98,2,108,74,0,74,182
05/22/2018,IXD,KS,ACE,CE,Federal Contract Tower,0,8,16,1,25,0,8,90,4,102,0,16,106,5,127,212,0,212,339
05/23/2018,IXD,KS,ACE,CE,Federal Contract Tower,0,7,25,0,32,0,0,94,0,94,0,7,119,0,126,198,0,198,324
05/24/2018,IXD,KS,ACE,CE,Federal Contract Tower,0,5,28,0,33,0,1,36,1,38,0,6,64,1,71,54,4,58,129
05/25/2018,IXD,KS,ACE,CE,Federal Contract Tower,0,2,26,0,28,0,1,76,0,77,0,3,102,0,105,50,0,50,155
05/26/2018,IXD,KS,ACE,CE,Federal Contract Tower,0,2,7,0,9,0,0,65,0,65,0,2,72,0,74,84,0,84,158
05/27/2018,IXD,KS,ACE,CE,Federal Contract Tower,0,4,25,1,30,0,0,33,1,34,0,4,58,2,64,60,0,60,124
05/28/2018,IXD,KS,ACE,CE,Federal Contract Tower,0,6,16,0,22,0,0,50,0,50,0,6,66,0,72,76,0,76,148
05/29/2018,IXD,KS,ACE,CE,Federal Contract Tower,0,11,20,2,33,0,3,58,0,61,0,14,78,2,94,98,2,100,194
05/30/2018,IXD,KS,ACE,CE,Federal Contract Tower,0,13,31,3,47,0,3,73,0,76,0,16,104,3,123,142,0,142,265
05/31/2018,IXD,KS,ACE,CE,Federal Contract Tower,0,13,36,1,50,0,0,65,5,70,0,13,101,6,120,138,0,138,258
06/01/2018,IXD,KS,ACE,CE,Federal Contract Tower,0,7,30,1,38,0,0,68,6,74,0,7,98,7,112,62,0,62,174
06/02/2018,IXD,KS,ACE,CE,Federal Contract Tower,0,0,10,2,12,0,0,36,0,36,0,0,46,2,48,76,0,76,124
06/03/2018,IXD,KS,ACE,CE,Federal Contract Tower,0,11,27,3,41,0,0,73,0,73,0,11,100,3,114,44,0,44,158
06/04/2018,IXD,KS,ACE,CE,Federal Contract Tower,0,7,16,4,27,0,2,63,2,67,0,9,79,6,94,180,2,182,276
06/05/2018,IXD,KS,ACE,CE,Federal Contract Tower,0,5,27,1,33,0,0,69,4,73,0,5,96,5,106,110,0,110,216
06/06/2018,IXD,KS,ACE,CE,Federal Contract Tower,0,11,29,4,44,0,0,83,3,86,0,11,112,7,130,146,8,154,284
06/07/2018,IXD,KS,ACE,CE,Federal Contract Tower,0,10,22,0,32,0,0,83,2,85,0,10,105,2,117,84,0,84,201
06/08/2018,IXD,KS,ACE,CE,Federal Contract Tower,0,2,16,0,18,0,1,54,4,59,0,3,70,4,77,60,0,60,137
06/09/2018,IXD,KS,ACE,CE,Federal Contract Tower,0,3,15,0,18,0,4,74,0,78,0,7,89,0,96,184,0,184,280
06/10/2018,IXD,KS,ACE,CE,Federal Contract Tower,0,7,13,0,20,0,0,38,4,42,0,7,51,4,62,92,0,92,154
06/11/2018,IXD,KS,ACE,CE,Federal Contract Tower,0,14,21,0,35,0,0,69,4,73,0,14,90,4,108,90,0,90,198
06/12/2018,IXD,KS,ACE,CE,Federal Contract Tower,0,4,36,1,41,0,1,68,2,71,0,5,104,3,112,86,0,86,198
06/13/2018,IXD,KS,ACE,CE,Federal Contract Tower,0,14,25,1,40,0,1,69,1,71,0,15,94,2,111,50,0,50,161
06/14/2018,IXD,KS,ACE,CE,Federal Contract Tower,0,6,37,1,44,0,2,66,0,68,0,8,103,1,112,130,0,130,242
06/17/2018,IXD,KS,ACE,CE,Federal Contract Tower,0,3,8,0,11,0,0,39,4,43,0,3,47,4,54,58,0,58,112
06/18/2018,IXD,KS,ACE,CE,Federal Contract Tower,0,7,18,2,27,0,0,64,3,67,0,7,82,5,94,146,4,150,244
06/19/2018,IXD,KS,ACE,CE,Federal Contract Tower,0,5,34,2,41,0,1,21,0,22,0,6,55,2,63,78,0,78,141
06/20/2018,IXD,KS,ACE,CE,Federal Contract Tower,0,9,30,0,39,0,0,52,0,52,0,9,82,0,91,88,0,88,179
06/21/2018,IXD,KS,ACE,CE,Federal Contract Tower,0,3,43,0,46,0,0,18,3,21,0,3,61,3,67,2,0,2,69
06/22/2018,IXD,KS,ACE,CE,Federal Contract Tower,0,6,29,11,46,0,0,44,0,44,0,6,73,11,90,80,12,92,182
06/23/2018,IXD,KS,ACE,CE,Federal Contract Tower,0,2,31,0,33,0,0,97,0,97,0,2,128,0,130,122,0,122,252
06/24/2018,IXD,KS,ACE,CE,Federal Contract Tower,0,3,24,0,27,0,0,49,0,49,0,3,73,0,76,72,0,72,148
06/25/2018,IXD,KS,ACE,CE,Federal Contract Tower,0,11,24,8,43,0,0,44,0,44,0,11,68,8,87,132,0,132,219
06/26/2018,IXD,KS,ACE,CE,Federal Contract Tower,0,4,26,0,30,0,0,64,6,70,0,4,90,6,100,142,0,142,242
06/27/2018,IXD,KS,ACE,CE,Federal Contract Tower,0,0,36,8,44,0,0,86,1,87,0,0,122,9,131,170,0,170,301
06/28/2018,IXD,KS,ACE,CE,Federal Contract Tower,0,8,39,0,47,0,0,88,3,91,0,8,127,3,138,152,0,152,290
06/29/2018,IXD,KS,ACE,CE,Federal Contract Tower,0,14,39,6,59,0,0,79,2,81,0,14,118,8,140,58,0,58,198
06/30/2018,IXD,KS,ACE,CE,Federal Contract Tower,0,7,30,0,37,0,0,81,0,81,0,7,111,0,118,104,0,104,222
07/01/2018,IXD,KS,ACE,CE,Federal Contract Tower,0,9,32,13,54,0,0,43,0,43,0,9,75,13,97,78,0,78,175
07/02/2018,IXD,KS,ACE,CE,Federal Contract Tower,0,9,18,1,28,0,2,107,0,109,0,11,125,1,137,138,0,138,275
07/03/2018,IXD,KS,ACE,CE,Federal Contract Tower,0,4,25,0,29,0,0,78,0,78,0,4,103,0,107,76,0,76,183
07/04/2018,IXD,KS,ACE,CE,Federal Contract Tower,0,1,11,0,12,0,0,42,0,42,0,1,53,0,54,24,0,24,78
07/05/2018,IXD,KS,ACE,CE,Federal Contract Tower,0,4,29,0,33,0,0,68,4,72,0,4,97,4,105,112,0,112,217
07/06/2018,IXD,KS,ACE,CE,Federal Contract Tower,0,5,20,1,26,0,0,89,7,96,0,5,109,8,122,180,0,180,302
07/07/2018,IXD,KS,ACE,CE,Federal Contract Tower,0,6,23,20,49,0,0,155,3,158,0,6,178,23,207,174,20,194,401
07/08/2018,IXD,KS,ACE,CE,Federal Contract Tower,0,6,13,6,25,0,0,73,5,78,0,6,86,11,103,54,0,54,157
07/09/2018,IXD,KS,ACE,CE,Federal Contract Tower,0,10,32,3,45,0,0,100,3,103,0,10,132,6,148,224,0,224,372
07/10/2018,IXD,KS,ACE,CE,Federal Contract Tower,0,3,24,5,32,0,0,78,2,80,0,3,102,7,112,206,0,206,318
07/11/2018,IXD,KS,ACE,CE,Federal Contract Tower,0,12,18,2,32,0,0,84,2,86,0,12,102,4,118,152,0,152,270
07/12/2018,IXD,KS,ACE,CE,Federal Contract Tower,0,5,39,0,44,0,0,89,9,98,0,5,128,9,142,176,0,176,318
07/13/2018,IXD,KS,ACE,CE,Federal Contract Tower,0,5,32,0,37,0,2,113,2,117,0,7,145,2,154,206,0,206,360
07/14/2018,IXD,KS,ACE,CE,Federal Contract Tower,0,10,19,5,34,0,0,100,0,100,0,10,119,5,134,126,0,126,260
07/15/2018,IXD,KS,ACE,CE,Federal Contract Tower,0,3,14,3,20,0,0,65,0,65,0,3,79,3,85,120,0,120,205
07/16/2018,IXD,KS,ACE,CE,Federal Contract Tower,0,10,21,4,35,0,1,72,0,73,0,11,93,4,108,114,18,132,240
07/17/2018,IXD,KS,ACE,CE,Federal Contract Tower,0,8,27,4,39,0,0,48,4,52,0,8,75,8,91,116,8,124,215
07/18/2018,IXD,KS,ACE,CE,Federal Contract Tower,0,11,50,3,64,0,2,33,0,35,0,13,83,3,99,156,0,156,255
07/19/2018,IXD,KS,ACE,CE,Federal Contract Tower,0,18,28,0,46,0,0,46,2,48,0,18,74,2,94,146,0,146,240
07/20/2018,IXD,KS,ACE,CE,Federal Contract Tower,0,5,19,3,27,0,0,79,1,80,0,5,98,4,107,182,0,182,289
07/21/2018,IXD,KS,ACE,CE,Federal Contract Tower,0,0,16,9,25,0,1,60,5,66,0,1,76,14,91,56,16,72,163
07/22/2018,IXD,KS,ACE,CE,Federal Contract Tower,0,8,23,10,41,0,2,65,6,73,0,10,88,16,114,142,0,142,256
07/23/2018,IXD,KS,ACE,CE,Federal Contract Tower,0,5,27,0,32,0,0,77,16,93,0,5,104,16,125,96,0,96,221
07/24/2018,IXD,KS,ACE,CE,Federal Contract Tower,0,7,34,0,41,0,0,46,4,50,0,7,80,4,91,90,0,90,181
07/25/2018,IXD,KS,ACE,CE,Federal Contract Tower,0,15,31,1,47,0,4,69,2,75,0,19,100,3,122,130,0,130,252
07/26/2018,IXD,KS,ACE,CE,Federal Contract Tower,0,5,33,0,38,0,3,51,0,54,0,8,84,0,92,138,0,138,230
07/27/2018,IXD,KS,ACE,CE,Federal Contract Tower,0,6,33,2,41,0,1,77,0,78,0,7,110,2,119,96,0,96,215
07/28/2018,IXD,KS,ACE,CE,Federal Contract Tower,0,1,17,0,18,0,3,55,0,58,0,4,72,0,76,122,0,122,198
07/29/2018,IXD,KS,ACE,CE,Federal Contract Tower,0,6,26,4,36,0,0,29,1,30,0,6,55,5,66,54,4,58,124
07/30/2018,IXD,KS,ACE,CE,Federal Contract Tower,0,13,14,0,27,0,1,68,0,69,0,14,82,0,96,132,0,132,228
07/31/2018,IXD,KS,ACE,CE,Federal Contract Tower,0,22,28,5,55,0,0,120,3,123,0,22,148,8,178,244,0,244,422
08/01/2018,IXD,KS,ACE,CE,Federal Contract Tower,0,4,30,1,35,0,1,101,0,102,0,5,131,1,137,200,0,200,337
08/02/2018,IXD,KS,ACE,CE,Federal Contract Tower,0,23,33,1,57,0,1,84,0,85,0,24,117,1,142,122,0,122,264
08/03/2018,IXD,KS,ACE,CE,Federal Contract Tower,0,3,21,0,24,0,1,74,1,76,0,4,95,1,100,162,0,162,262
08/04/2018,IXD,KS,ACE,CE,Federal Contract Tower,0,7,19,0,26,0,0,51,3,54,0,7,70,3,80,112,2,114,194
08/05/2018,IXD,KS,ACE,CE,Federal Contract Tower,0,2,15,2,19,0,0,51,0,51,0,2,66,2,70,34,0,34,104
08/06/2018,IXD,KS,ACE,CE,Federal Contract Tower,0,5,26,3,34,0,2,53,0,55,0,7,79,3,89,44,0,44,133
08/07/2018,IXD,KS,ACE,CE,Federal Contract Tower,0,7,35,0,42,0,0,42,2,44,0,7,77,2,86,100,0,100,186
08/08/2018,IXD,KS,ACE,CE,Federal Contract Tower,0,12,28,2,42,0,1,86,0,87,0,13,114,2,129,160,0,160,289
08/09/2018,IXD,KS,ACE,CE,Federal Contract Tower,0,3,21,3,27,0,0,56,0,56,0,3,77,3,83,40,0,40,123
08/10/2018,IXD,KS,ACE,CE,Federal Contract Tower,0,6,13,1,20,0,1,74,0,75,0,7,87,1,95,128,2,130,225
08/11/2018,IXD,KS,ACE,CE,Federal Contract Tower,0,7,5,4,16,0,0,6,0,6,0,7,11,4,22,90,0,90,112
08/12/2018,IXD,KS,ACE,CE,Federal Contract Tower,0,7,21,0,28,0,0,45,0,45,0,7,66,0,73,100,0,100,173
08/13/2018,IXD,KS,ACE,CE,Federal Contract Tower,0,10,27,0,37,0,2,45,0,47,0,12,72,0,84,24,0,24,108
08/14/2018,IXD,KS,ACE,CE,Federal Contract Tower,0,8,20,0,28,0,0,8,10,18,0,8,28,10,46,2,26,28,74
08/15/2018,IXD,KS,ACE,CE,Federal Contract Tower,0,10,30,1,41,0,0,23,8,31,0,10,53,9,72,178,20,198,270
08/16/2018,IXD,KS,ACE,CE,Federal Contract Tower,0,11,34,0,45,0,2,58,8,68,0,13,92,8,113,68,2,70,183
08/17/2018,IXD,KS,ACE,CE,Federal Contract Tower,0,13,24,2,39,0,4,78,9,91,0,17,102,11,130,88,2,90,220
08/18/2018,IXD,KS,ACE,CE,Federal Contract Tower,0,4,11,0,15,0,4,77,0,81,0,8,88,0,96,180,0,180,276
08/19/2018,IXD,KS,ACE,CE,Federal Contract Tower,0,5,15,2,22,0,3,16,1,20,0,8,31,3,42,30,0,30,72
08/20/2018,IXD,KS,ACE,CE,Federal Contract Tower,0,9,33,0,42,0,0,1,4,5,0,9,34,4,47,0,14,14,61
08/21/2018,IXD,KS,ACE,CE,Federal Contract Tower,0,14,57,2,73,0,1,62,2,65,0,15,119,4,138,116,0,116,254
08/22/2018,IXD,KS,ACE,CE,Federal Contract Tower,0,15,23,0,38,0,0,79,4,83,0,15,102,4,121,154,0,154,275
08/23/2018,IXD,KS,ACE,CE,Federal Contract Tower,0,12,19,4,35,0,0,11,2,13,0,12,30,6,48,0,0,0,48
08/24/2018,IXD,KS,ACE,CE,Federal Contract Tower,0,9,25,5,39,0,1,86,3,90,0,10,111,8,129,64,0,64,193
08/25/2018,IXD,KS,ACE,CE,Federal Contract Tower,0,7,21,0,28,0,1,46,0,47,0,8,67,0,75,84,0,84,159
08/26/2018,IXD,KS,ACE,CE,Federal Contract Tower,0,8,10,8,26,0,0,50,2,52,0,8,60,10,78,94,6,100,178
08/27/2018,IXD,KS,ACE,CE,Federal Contract Tower,0,25,23,1,49,0,0,29,0,29,0,25,52,1,78,6,0,6,84
08/28/2018,IXD,KS,ACE,CE,Federal Contract Tower,0,7,15,0,22,0,0,38,0,38,0,7,53,0,60,54,0,54,114
08/29/2018,IXD,KS,ACE,CE,Federal Contract Tower,0,10,49,2,61,0,0,59,7,66,0,10,108,9,127,136,4,140,267
08/30/2018,IXD,KS,ACE,CE,Federal Contract Tower,0,4,30,0,34,0,3,31,5,39,0,7,61,5,73,40,6,46,119
08/31/2018,IXD,KS,ACE,CE,Federal Contract Tower,0,6,19,0,25,0,1,66,0,67,0,7,85,0,92,64,0,64,156
09/01/2018,IXD,KS,ACE,CE,Federal Contract Tower,0,1,8,0,9,0,0,58,0,58,0,1,66,0,67,144,0,144,211
09/02/2018,IXD,KS,ACE,CE,Federal Contract Tower,0,1,5,0,6,0,0,43,0,43,0,1,48,0,49,64,0,64,113
09/03/2018,IXD,KS,ACE,CE,Federal Contract Tower,0,3,25,0,28,0,0,25,2,27,0,3,50,2,55,34,0,34,89
09/04/2018,IXD,KS,ACE,CE,Federal Contract Tower,0,3,19,1,23,0,0,41,2,43,0,3,60,3,66,28,0,28,94
09/05/2018,IXD,KS,ACE,CE,Federal Contract Tower,0,8,20,1,29,0,0,1,0,1,0,8,21,1,30,0,0,0,30
09/06/2018,IXD,KS,ACE,CE,Federal Contract Tower,0,8,37,1,46,0,0,10,0,10,0,8,47,1,56,28,0,28,84
09/07/2018,IXD,KS,ACE,CE,Federal Contract Tower,0,8,34,6,48,0,0,0,0,0,0,8,34,6,48,0,0,0,48
09/08/2018,IXD,KS,ACE,CE,Federal Contract Tower,0,3,12,0,15,0,0,11,0,11,0,3,23,0,26,26,0,26,52
09/09/2018,IXD,KS,ACE,CE,Federal Contract Tower,0,9,23,1,33,0,0,29,0,29,0,9,52,1,62,108,0,108,170
09/10/2018,IXD,KS,ACE,CE,Federal Contract Tower,0,8,17,2,27,0,0,93,1,94,0,8,110,3,121,134,4,138,259
09/11/2018,IXD,KS,ACE,CE,Federal Contract Tower,0,4,39,0,43,0,2,110,0,112,0,6,149,0,155,174,0,174,329
09/12/2018,IXD,KS,ACE,CE,Federal Contract Tower,0,4,47,11,62,0,2,107,2,111,0,6,154,13,173,118,0,118,291
09/13/2018,IXD,KS,ACE,CE,Federal Contract Tower,0,14,34,12,60,0,0,48,4,52,0,14,82,16,112,92,0,92,204
09/14/2018,IXD,KS,ACE,CE,Federal Contract Tower,0,2,22,0,24,0,7,72,1,80,0,9,94,1,104,134,0,134,238
09/15/2018,IXD,KS,ACE,CE,Federal Contract Tower,0,2,18,2,22,0,0,63,4,67,0,2,81,6,89,44,4,48,137
09/16/2018,IXD,KS,ACE,CE,Federal Contract Tower,0,1,21,2,24,0,0,54,17,71,0,1,75,19,95,44,0,44,139
09/17/2018,IXD,KS,ACE,CE,Federal Contract Tower,0,8,23,0,31,0,0,102,2,104,0,8,125,2,135,82,0,82,217
09/18/2018,IXD,KS,ACE,CE,Federal Contract Tower,0,13,20,0,33,0,0,55,5,60,0,13,75,5,93,104,0,104,197
09/19/2018,IXD,KS,ACE,CE,Federal Contract Tower,0,5,38,2,45,0,3,59,0,62,0,8,97,2,107,118,0,118,225
09/20/2018,IXD,KS,ACE,CE,Federal Contract Tower,0,8,27,10,45,0,0,33,9,42,0,8,60,19,87,8,22,30,117
09/21/2018,IXD,KS,ACE,CE,Federal Contract Tower,0,15,30,5,50,0,8,65,2,75,0,23,95,7,125,32,0,32,157
09/22/2018,IXD,KS,ACE,CE,Federal Contract Tower,0,6,16,0,22,0,0,88,3,91,0,6,104,3,113,92,0,92,205
09/23/2018,IXD,KS,ACE,CE,Federal Contract Tower,0,9,16,0,25,0,0,58,8,66,0,9,74,8,91,68,0,68,159
09/24/2018,IXD,KS,ACE,CE,Federal Contract Tower,0,6,25,0,31,0,0,80,8,88,0,6,105,8,119,136,4,140,259
09/25/2018,IXD,KS,ACE,CE,Federal Contract Tower,0,7,13,0,20,0,0,18,4,22,0,7,31,4,42,6,0,6,48
09/26/2018,IXD,KS,ACE,CE,Federal Contract Tower,0,15,33,0,48,0,3,86,8,97,0,18,119,8,145,184,16,200,345
09/27/2018,IXD,KS,ACE,CE,Federal Contract Tower,0,8,40,4,52,0,2,86,5,93,0,10,126,9,145,214,8,222,367
09/28/2018,IXD,KS,ACE,CE,Federal Contract Tower,0,8,23,3,34,0,4,84,5,93,0,12,107,8,127,78,2,80,207
09/29/2018,IXD,KS,ACE,CE,Federal Contract Tower,0,2,25,0,27,0,0,52,0,52,0,2,77,0,79,126,0,126,205
09/30/2018,IXD,KS,ACE,CE,Federal Contract Tower,0,10,14,0,24,0,0,69,0,69,0,10,83,0,93,206,0,206,299
10/01/2018,IXD,KS,ACE,CE,Federal Contract Tower,0,3,26,6,35,0,0,41,4,45,0,3,67,10,80,62,0,62,142
10/02/2018,IXD,KS,ACE,CE,Federal Contract Tower,0,7,43,1,51,0,0,87,3,90,0,7,130,4,141,190,0,190,331
10/03/2018,IXD,KS,ACE,CE,Federal Contract Tower,0,4,27,0,31,0,0,22,2,24,0,4,49,2,55,8,0,8,63
10/04/2018,IXD,KS,ACE,CE,Federal Contract Tower,0,13,24,1,38,0,0,38,4,42,0,13,62,5,80,38,6,44,124
10/05/2018,IXD,KS,ACE,CE,Federal Contract Tower,0,5,22,1,28,0,5,36,0,41,0,10,58,1,69,58,0,58,127
10/06/2018,IXD,KS,ACE,CE,Federal Contract Tower,0,0,15,0,15,0,0,0,0,0,0,0,15,0,15,0,0,0,15
10/07/2018,IXD,KS,ACE,CE,Federal Contract Tower,0,3,15,0,18,0,0,0,0,0,0,3,15,0,18,0,0,0,18
10/08/2018,IXD,KS,ACE,CE,Federal Contract Tower,0,8,15,1,24,0,0,36,1,37,0,8,51,2,61,78,0,78,139
10/09/2018,IXD,KS,ACE,CE,Federal Contract Tower,0,6,12,1,19,0,0,0,1,1,0,6,12,2,20,0,0,0,20
10/10/2018,IXD,KS,ACE,CE,Federal Contract Tower,0,8,32,4,44,0,0,23,2,25,0,8,55,6,69,40,0,40,109
10/11/2018,IXD,KS,ACE,CE,Federal Contract Tower,0,4,28,4,36,0,2,106,8,116,0,6,134,12,152,128,0,128,280
10/12/2018,IXD,KS,ACE,CE,Federal Contract Tower,0,11,25,0,36,0,0,1,0,1,0,11,26,0,37,6,0,6,43
10/13/2018,IXD,KS,ACE,CE,Federal Contract Tower,0,9,30,0,39,0,0,34,0,34,0,9,64,0,73,64,0,64,137
10/14/2018,IXD,KS,ACE,CE,Federal Contract Tower,0,15,19,4,38,0,0,0,0,0,0,15,19,4,38,0,0,0,38
10/15/2018,IXD,KS,ACE,CE,Federal Contract Tower,0,8,12,0,20,0,0,97,4,101,0,8,109,4,121,130,0,130,251
10/16/2018,IXD,KS,ACE,CE,Federal Contract Tower,0,9,21,6,36,0,2,71,3,76,0,11,92,9,112,146,4,150,262
10/17/2018,IXD,KS,ACE,CE,Federal Contract Tower,0,11,29,1,41,0,1,77,2,80,0,12,106,3,121,94,0,94,215
10/18/2018,IXD,KS,ACE,CE,Federal Contract Tower,0,8,30,1,39,0,1,86,7,94,0,9,116,8,133,108,0,108,241
10/19/2018,IXD,KS,ACE,CE,Federal Contract Tower,0,13,28,13,54,0,0,23,0,23,0,13,51,13,77,40,0,40,117
10/20/2018,IXD,KS,ACE,CE,Federal Contract Tower,0,6,13,0,19,0,2,62,1,65,0,8,75,1,84,20,0,20,104
10/21/2018,IXD,KS,ACE,CE,Federal Contract Tower,0,6,20,1,27,0,1,73,7,81,0,7,93,8,108,130,0,130,238
10/22/2018,IXD,KS,ACE,CE,Federal Contract Tower,0,1,28,0,29,0,0,89,2,91,0,1,117,2,120,114,0,114,234
10/23/2018,IXD,KS,ACE,CE,Federal Contract Tower,0,5,29,0,34,0,3,69,4,76,0,8,98,4,110,86,2,88,198
10/24/2018,IXD,KS,ACE,CE,Federal Contract Tower,0,9,36,9,54,0,2,70,1,73,0,11,106,10,127,136,2,138,265
10/25/2018,IXD,KS,ACE,CE,Federal Contract Tower,0,11,39,4,54,0,0,28,4,32,0,11,67,8,86,60,16,76,162
10/26/2018,IXD,KS,ACE,CE,Federal Contract Tower,0,5,25,0,30,0,2,68,6,76,0,7,93,6,106,100,0,100,206
10/27/2018,IXD,KS,ACE,CE,Federal Contract Tower,0,7,16,4,27,0,4,82,0,86,0,11,98,4,113,140,0,140,253
10/28/2018,IXD,KS,ACE,CE,Federal Contract Tower,0,5,20,0,25,0,0,68,2,70,0,5,88,2,95,90,0,90,185
10/29/2018,IXD,KS,ACE,CE,Federal Contract Tower,0,7,22,2,31,0,0,56,2,58,0,7,78,4,89,102,0,102,191
10/30/2018,IXD,KS,ACE,CE,Federal Contract Tower,0,10,26,0,36,0,0,18,4,22,0,10,44,4,58,28,0,28,86
10/31/2018,IXD,KS,ACE,CE,Federal Contract Tower,0,19,38,1,58,0,0,55,2,57,0,19,93,3,115,62,0,62,177
11/01/2018,IXD,KS,ACE,CE,Federal Contract Tower,0,10,35,3,48,0,0,85,1,86,0,10,120,4,134,188,0,188,322
11/02/2018,IXD,KS,ACE,CE,Federal Contract Tower,0,5,16,2,23,0,2,37,1,40,0,7,53,3,63,44,0,44,107
11/03/2018,IXD,KS,ACE,CE,Federal Contract Tower,0,4,7,0,11,0,0,23,5,28,0,4,30,5,39,24,0,24,63
11/04/2018,IXD,KS,ACE,CE,Federal Contract Tower,0,8,14,0,22,0,0,12,4,16,0,8,26,4,38,8,0,8,46
11/05/2018,IXD,KS,ACE,CE,Federal Contract Tower,0,14,23,0,37,0,0,12,0,12,0,14,35,0,49,0,0,0,49
11/06/2018,IXD,KS,ACE,CE,Federal Contract Tower,0,13,32,0,45,0,0,61,4,65,0,13,93,4,110,62,0,62,172
11/07/2018,IXD,KS,ACE,CE,Federal Contract Tower,0,10,44,1,55,0,4,78,5,87,0,14,122,6,142,132,0,132,274
11/08/2018,IXD,KS,ACE,CE,Federal Contract Tower,0,8,13,1,22,0,0,7,1,8,0,8,20,2,30,6,0,6,36
11/09/2018,IXD,KS,ACE,CE,Federal Contract Tower,0,2,30,0,32,0,0,15,0,15,0,2,45,0,47,20,0,20,67
11/10/2018,IXD,KS,ACE,CE,Federal Contract Tower,0,0,19,0,19,0,0,32,0,32,0,0,51,0,51,30,0,30,81
11/11/2018,IXD,KS,ACE,CE,Federal Contract Tower,0,4,15,3,22,0,1,48,0,49,0,5,63,3,71,66,0,66,137
11/12/2018,IXD,KS,ACE,CE,Federal Contract Tower,0,3,17,0,20,0,0,5,0,5,0,3,22,0,25,2,0,2,27
11/13/2018,IXD,KS,ACE,CE,Federal Contract Tower,0,9,22,0,31,0,2,71,1,74,0,11,93,1,105,86,0,86,191
11/14/2018,IXD,KS,ACE,CE,Federal Contract Tower,0,7,25,0,32,0,6,50,5,61,0,13,75,5,93,104,8,112,205
11/15/2018,IXD,KS,ACE,CE,Federal Contract Tower,0,19,39,1,59,0,11,47,4,62,0,30,86,5,121,48,2,50,171
11/16/2018,IXD,KS,ACE,CE,Federal Contract Tower,0,3,23,3,29,0,3,67,1,71,0,6,90,4,100,102,0,102,202
11/17/2018,IXD,KS,ACE,CE,Federal Contract Tower,0,6,12,0,18,0,0,14,0,14,0,6,26,0,32,28,0,28,60
11/18/2018,IXD,KS,ACE,CE,Federal Contract Tower,0,2,12,0,14,0,1,24,1,26,0,3,36,1,40,108,0,108,148
11/19/2018,IXD,KS,ACE,CE,Federal Contract Tower,0,1,33,0,34,0,2,82,0,84,0,3,115,0,118,66,0,66,184
11/20/2018,IXD,KS,ACE,CE,Federal Contract Tower,0,5,25,0,30,0,2,50,0,52,0,7,75,0,82,80,0,80,162
11/21/2018,IXD,KS,ACE,CE,Federal Contract Tower,0,5,39,0,44,0,2,75,0,77,0,7,114,0,121,108,0,108,229
11/22/2018,IXD,KS,ACE,CE,Federal Contract Tower,0,1,7,0,8,0,0,6,0,6,0,1,13,0,14,6,0,6,20
11/23/2018,IXD,KS,ACE,CE,Federal Contract Tower,0,2,9,0,11,0,0,3,0,3,0,2,12,0,14,30,0,30,44
11/24/2018,IXD,KS,ACE,CE,Federal Contract Tower,0,5,21,2,28,0,1,64,2,67,0,6,85,4,95,136,0,136,231
11/25/2018,IXD,KS,ACE,CE,Federal Contract Tower,0,0,1,0,1,0,0,0,0,0,0,0,1,0,1,0,0,0,1
11/26/2018,IXD,KS,ACE,CE,Federal Contract Tower,0,3,14,0,17,0,0,12,1,13,0,3,26,1,30,12,0,12,42
11/27/2018,IXD,KS,ACE,CE,Federal Contract Tower,0,13,18,0,31,0,4,57,0,61,0,17,75,0,92,86,0,86,178
11/28/2018,IXD,KS,ACE,CE,Federal Contract Tower,0,9,32,3,44,0,4,38,1,43,0,13,70,4,87,10,0,10,97
11/29/2018,IXD,KS,ACE,CE,Federal Contract Tower,0,5,28,2,35,0,3,57,6,66,0,8,85,8,101,160,6,166,267
11/30/2018,IXD,KS,ACE,CE,Federal Contract Tower,0,0,28,5,33,0,0,12,1,13,0,0,40,6,46,50,16,66,112
12/01/2018,IXD,KS,ACE,CE,Federal Contract Tower,0,5,8,2,15,0,0,3,0,3,0,5,11,2,18,18,0,18,36
12/02/2018,IXD,KS,ACE,CE,Federal Contract Tower,0,8,3,0,11,0,0,5,0,5,0,8,8,0,16,24,0,24,40
12/03/2018,IXD,KS,ACE,CE,Federal Contract Tower,0,1,8,0,9,0,0,16,0,16,0,1,24,0,25,32,0,32,57
12/04/2018,IXD,KS,ACE,CE,Federal Contract Tower,0,14,17,0,31,0,6,26,8,40,0,20,43,8,71,46,2,48,119
12/05/2018,IXD,KS,ACE,CE,Federal Contract Tower,0,14,22,0,36,0,8,97,1,106,0,22,119,1,142,130,0,130,272
12/06/2018,IXD,KS,ACE,CE,Federal Contract Tower,0,11,30,0,41,0,1,24,8,33,0,12,54,8,74,50,0,50,124
12/07/2018,IXD,KS,ACE,CE,Federal Contract Tower,0,9,11,0,20,0,8,30,4,42,0,17,41,4,62,78,0,78,140
12/08/2018,IXD,KS,ACE,CE,Federal Contract Tower,0,4,15,0,19,0,1,51,0,52,0,5,66,0,71,120,0,120,191
12/09/2018,IXD,KS,ACE,CE,Federal Contract Tower,0,7,13,2,22,0,4,47,4,55,0,11,60,6,77,72,0,72,149
12/10/2018,IXD,KS,ACE,CE,Federal Contract Tower,0,9,10,1,20,0,2,57,3,62,0,11,67,4,82,30,0,30,112
12/11/2018,IXD,KS,ACE,CE,Federal Contract Tower,0,4,24,0,28,0,3,38,4,45,0,7,62,4,73,20,0,20,93
12/12/2018,IXD,KS,ACE,CE,Federal Contract Tower,0,4,32,2,38,0,8,77,1,86,0,12,109,3,124,148,2,150,274
12/13/2018,IXD,KS,ACE,CE,Federal Contract Tower,0,10,10,1,21,0,0,0,1,1,0,10,10,2,22,0,0,0,22
12/14/2018,IXD,KS,ACE,CE,Federal Contract Tower,0,14,26,0,40,0,9,34,4,47,0,23,60,4,87,42,0,42,129
12/15/2018,IXD,KS,ACE,CE,Federal Contract Tower,0,0,8,2,10,0,0,63,3,66,0,0,71,5,76,148,0,148,224
12/16/2018,IXD,KS,ACE,CE,Federal Contract Tower,0,2,15,1,18,0,2,51,2,55,0,4,66,3,73,46,0,46,119
12/17/2018,IXD,KS,ACE,CE,Federal Contract Tower,0,4,23,2,29,0,2,83,4,89,0,6,106,6,118,86,0,86,204
12/18/2018,IXD,KS,ACE,CE,Federal Contract Tower,0,8,14,0,22,0,6,64,0,70,0,14,78,0,92,100,0,100,192
12/19/2018,IXD,KS,ACE,CE,Federal Contract Tower,0,4,45,4,53,0,1,4,0,5,0,5,49,4,58,8,0,8,66
12/20/2018,IXD,KS,ACE,CE,Federal Contract Tower,0,2,21,0,23,0,0,21,5,26,0,2,42,5,49,18,0,18,67
12/21/2018,IXD,KS,ACE,CE,Federal Contract Tower,0,7,26,2,35,0,6,63,0,69,0,13,89,2,104,68,0,68,172
12/22/2018,IXD,KS,ACE,CE,Federal Contract Tower,0,10,20,0,30,0,3,56,0,59,0,13,76,0,89,178,0,178,267
12/23/2018,IXD,KS,ACE,CE,Federal Contract Tower,0,4,16,0,20,0,0,56,0,56,0,4,72,0,76,100,0,100,176
12/24/2018,IXD,KS,ACE,CE,Federal Contract Tower,0,0,6,0,6,0,0,30,0,30,0,0,36,0,36,68,0,68,104
12/25/2018,IXD,KS,ACE,CE,Federal Contract Tower,0,0,5,0,5,0,0,8,0,8,0,0,13,0,13,14,0,14,27
12/26/2018,IXD,KS,ACE,CE,Federal Contract Tower,0,7,17,0,24,0,0,0,0,0,0,7,17,0,24,0,0,0,24
12/27/2018,IXD,KS,ACE,CE,Federal Contract Tower,0,6,27,0,33,0,0,8,0,8,0,6,35,0,41,8,0,8,49
12/28/2018,IXD,KS,ACE,CE,Federal Contract Tower,0,4,19,0,23,0,0,14,0,14,0,4,33,0,37,0,0,0,37
12/29/2018,IXD,KS,ACE,CE,Federal Contract Tower,0,2,7,0,9,0,0,27,0,27,0,2,34,0,36,98,0,98,134
12/30/2018,IXD,KS,ACE,CE,Federal Contract Tower,0,4,3,0,7,0,0,41,0,41,0,4,44,0,48,46,0,46,94
12/31/2018,IXD,KS,ACE,CE,Federal Contract Tower,0,0,3,0,3,0,0,2,0,2,0,0,5,0,5,4,0,4,9
01/01/2019,IXD,KS,ACE,CE,Federal Contract Tower,0,0,2,0,2,0,0,5,0,5,0,0,7,0,7,0,0,0,7
01/02/2019,IXD,KS,ACE,CE,Federal Contract Tower,0,7,25,2,34,0,0,63,0,63,0,7,88,2,97,44,0,44,141
01/03/2019,IXD,KS,ACE,CE,Federal Contract Tower,0,3,11,0,14,0,2,83,8,93,0,5,94,8,107,142,0,142,249
01/04/2019,IXD,KS,ACE,CE,Federal Contract Tower,0,1,18,0,19,0,0,49,2,51,0,1,67,2,70,60,0,60,130
01/05/2019,IXD,KS,ACE,CE,Federal Contract Tower,0,2,8,0,10,0,3,106,0,109,0,5,114,0,119,176,0,176,295
01/06/2019,IXD,KS,ACE,CE,Federal Contract Tower,0,5,18,0,23,0,0,39,0,39,0,5,57,0,62,64,0,64,126
01/07/2019,IXD,KS,ACE,CE,Federal Contract Tower,0,3,22,0,25,0,2,33,0,35,0,5,55,0,60,82,0,82,142
01/08/2019,IXD,KS,ACE,CE,Federal Contract Tower,0,3,10,0,13,0,0,43,2,45,0,3,53,2,58,26,0,26,84
01/09/2019,IXD,KS,ACE,CE,Federal Contract Tower,0,3,22,2,27,0,10,78,1,89,0,13,100,3,116,86,0,86,202
01/10/2019,IXD,KS,ACE,CE,Federal Contract Tower,0,4,17,0,21,0,1,71,14,86,0,5,88,14,107,24,6,30,137
01/11/2019,IXD,KS,ACE,CE,Federal Contract Tower,0,1,17,0,18,0,0,0,0,0,0,1,17,0,18,0,0,0,18
01/12/2019,IXD,KS,ACE,CE,Federal Contract Tower,0,0,0,0,0,0,0,0,0,0,0,0,0,0,0,0,0,0,0
01/13/2019,IXD,KS,ACE,CE,Federal Contract Tower,0,0,10,0,10,0,0,0,0,0,0,0,10,0,10,0,0,0,10
01/14/2019,IXD,KS,ACE,CE,Federal Contract Tower,0,7,6,3,16,0,0,0,0,0,0,7,6,3,16,0,0,0,16
01/15/2019,IXD,KS,ACE,CE,Federal Contract Tower,0,1,18,0,19,0,0,0,0,0,0,1,18,0,19,0,0,0,19
01/16/2019,IXD,KS,ACE,CE,Federal Contract Tower,0,4,22,0,26,0,0,0,0,0,0,4,22,0,26,0,0,0,26
01/17/2019,IXD,KS,ACE,CE,Federal Contract Tower,0,3,14,2,19,0,0,0,0,0,0,3,14,2,19,0,0,0,19
01/18/2019,IXD,KS,ACE,CE,Federal Contract Tower,0,4,17,0,21,0,0,0,0,0,0,4,17,0,21,0,0,0,21
01/19/2019,IXD,KS,ACE,CE,Federal Contract Tower,0,2,2,0,4,0,0,1,0,1,0,2,3,0,5,0,0,0,5
01/20/2019,IXD,KS,ACE,CE,Federal Contract Tower,0,2,8,0,10,0,0,27,0,27,0,2,35,0,37,66,0,66,103
01/21/2019,IXD,KS,ACE,CE,Federal Contract Tower,0,9,8,0,17,0,0,21,1,22,0,9,29,1,39,12,0,12,51
01/22/2019,IXD,KS,ACE,CE,Federal Contract Tower,0,8,7,0,15,0,0,0,0,0,0,8,7,0,15,0,0,0,15
01/23/2019,IXD,KS,ACE,CE,Federal Contract Tower,0,4,24,0,28,0,1,20,0,21,0,5,44,0,49,22,0,22,71
01/24/2019,IXD,KS,ACE,CE,Federal Contract Tower,0,12,9,0,21,0,9,24,1,34,0,21,33,1,55,48,0,48,103
01/25/2019,IXD,KS,ACE,CE,Federal Contract Tower,0,4,14,2,20,0,0,49,2,51,0,4,63,4,71,34,0,34,105
01/26/2019,IXD,KS,ACE,CE,Federal Contract Tower,0,4,12,0,16,0,0,69,0,69,0,4,81,0,85,100,0,100,185
01/27/2019,IXD,KS,ACE,CE,Federal Contract Tower,0,2,13,2,17,0,0,40,0,40,0,2,53,2,57,78,0,78,135
01/28/2019,IXD,KS,ACE,CE,Federal Contract Tower,0,3,12,0,15,0,0,0,0,0,0,3,12,0,15,0,0,0,15
01/29/2019,IXD,KS,ACE,CE,Federal Contract Tower,0,9,16,0,25,0,8,38,4,50,0,17,54,4,75,48,0,48,123
01/30/2019,IXD,KS,ACE,CE,Federal Contract Tower,0,1,20,4,25,0,4,16,0,20,0,5,36,4,45,18,0,18,63
01/31/2019,IXD,KS,ACE,CE,Federal Contract Tower,0,2,21,3,26,0,6,38,8,52,0,8,59,11,78,114,4,118,196
02/01/2019,IXD,KS,ACE,CE,Federal Contract Tower,0,7,17,2,26,0,5,68,2,75,0,12,85,4,101,122,0,122,223
02/02/2019,IXD,KS,ACE,CE,Federal Contract Tower,0,0,8,0,8,0,0,7,0,7,0,0,15,0,15,42,0,42,57
02/03/2019,IXD,KS,ACE,CE,Federal Contract Tower,0,1,12,1,14,0,0,24,0,24,0,1,36,1,38,42,0,42,80
02/04/2019,IXD,KS,ACE,CE,Federal Contract Tower,0,5,20,1,26,0,0,41,2,43,0,5,61,3,69,26,0,26,95
02/05/2019,IXD,KS,ACE,CE,Federal Contract Tower,0,4,8,3,15,0,0,2,3,5,0,4,10,6,20,4,0,4,24
02/06/2019,IXD,KS,ACE,CE,Federal Contract Tower,0,1,7,0,8,0,0,0,0,0,0,1,7,0,8,0,0,0,8
02/07/2019,IXD,KS,ACE,CE,Federal Contract Tower,0,6,9,0,15,0,2,0,2,4,0,8,9,2,19,0,0,0,19
02/08/2019,IXD,KS,ACE,CE,Federal Contract Tower,0,6,21,2,29,0,0,33,4,37,0,6,54,6,66,4,0,4,70
02/09/2019,IXD,KS,ACE,CE,Federal Contract Tower,0,0,7,0,7,0,0,32,0,32,0,0,39,0,39,0,0,0,39
02/10/2019,IXD,KS,ACE,CE,Federal Contract Tower,0,0,4,1,5,0,0,0,0,0,0,0,4,1,5,0,0,0,5
02/11/2019,IXD,KS,ACE,CE,Federal Contract Tower,0,2,5,0,7,0,0,0,0,0,0,2,5,0,7,0,0,0,7
02/12/2019,IXD,KS,ACE,CE,Federal Contract Tower,0,4,22,0,26,0,1,34,8,43,0,5,56,8,69,16,0,16,85
02/13/2019,IXD,KS,ACE,CE,Federal Contract Tower,0,5,45,0,50,0,1,71,2,74,0,6,116,2,124,52,0,52,176
02/14/2019,IXD,KS,ACE,CE,Federal Contract Tower,0,7,19,0,26,0,0,45,2,47,0,7,64,2,73,50,0,50,123
02/15/2019,IXD,KS,ACE,CE,Federal Contract Tower,0,1,4,0,5,0,0,1,0,1,0,1,5,0,6,0,0,0,6
02/16/2019,IXD,KS,ACE,CE,Federal Contract Tower,0,2,4,0,6,0,0,18,0,18,0,2,22,0,24,14,0,14,38
02/17/2019,IXD,KS,ACE,CE,Federal Contract Tower,0,4,12,0,16,0,0,12,0,12,0,4,24,0,28,10,0,10,38
02/18/2019,IXD,KS,ACE,CE,Federal Contract Tower,0,9,22,0,31,0,0,45,0,45,0,9,67,0,76,24,0,24,100
02/19/2019,IXD,KS,ACE,CE,Federal Contract Tower,0,6,14,2,22,0,6,25,2,33,0,12,39,4,55,12,0,12,67
02/20/2019,IXD,KS,ACE,CE,Federal Contract Tower,0,7,16,1,24,0,5,14,3,22,0,12,30,4,46,18,0,18,64
02/21/2019,IXD,KS,ACE,CE,Federal Contract Tower,0,11,24,1,36,0,1,58,18,77,0,12,82,19,113,58,14,72,185
02/22/2019,IXD,KS,ACE,CE,Federal Contract Tower,0,0,13,2,15,0,1,10,2,13,0,1,23,4,28,4,0,4,32
02/23/2019,IXD,KS,ACE,CE,Federal Contract Tower,0,0,4,0,4,0,0,1,0,1,0,0,5,0,5,0,0,0,5
02/24/2019,IXD,KS,ACE,CE,Federal Contract Tower,0,2,16,0,18,0,0,44,4,48,0,2,60,4,66,48,0,48,114
02/25/2019,IXD,KS,ACE,CE,Federal Contract Tower,0,8,17,0,25,0,11,75,6,92,0,19,92,6,117,88,0,88,205
02/26/2019,IXD,KS,ACE,CE,Federal Contract Tower,0,9,14,0,23,0,0,26,0,26,0,9,40,0,49,82,0,82,131
02/27/2019,IXD,KS,ACE,CE,Federal Contract Tower,0,3,11,0,14,0,0,3,0,3,0,3,14,0,17,0,0,0,17
02/28/2019,IXD,KS,ACE,CE,Federal Contract Tower,0,11,30,0,41,0,0,60,0,60,0,11,90,0,101,110,0,110,211
03/01/2019,IXD,KS,ACE,CE,Federal Contract Tower,0,3,16,0,19,0,0,48,4,52,0,3,64,4,71,174,0,174,245
03/02/2019,IXD,KS,ACE,CE,Federal Contract Tower,0,1,23,0,24,0,0,58,0,58,0,1,81,0,82,66,0,66,148
03/03/2019,IXD,KS,ACE,CE,Federal Contract Tower,0,2,6,0,8,0,0,0,0,0,0,2,6,0,8,0,0,0,8
03/04/2019,IXD,KS,ACE,CE,Federal Contract Tower,0,4,29,2,35,0,4,58,0,62,0,8,87,2,97,14,0,14,111
03/05/2019,IXD,KS,ACE,CE,Federal Contract Tower,0,6,8,0,14,0,1,78,0,79,0,7,86,0,93,42,0,42,135
03/06/2019,IXD,KS,ACE,CE,Federal Contract Tower,0,5,18,0,23,0,0,68,4,72,0,5,86,4,95,84,0,84,179
03/07/2019,IXD,KS,ACE,CE,Federal Contract Tower,0,5,7,1,13,0,1,61,11,73,0,6,68,12,86,34,0,34,120
03/08/2019,IXD,KS,ACE,CE,Federal Contract Tower,0,15,22,1,38,0,11,14,0,25,0,26,36,1,63,38,0,38,101
03/09/2019,IXD,KS,ACE,CE,Federal Contract Tower,0,4,4,0,8,0,0,0,1,1,0,4,4,1,9,0,0,0,9
03/10/2019,IXD,KS,ACE,CE,Federal Contract Tower,0,9,16,0,25,0,2,93,0,95,0,11,109,0,120,126,0,126,246
03/11/2019,IXD,KS,ACE,CE,Federal Contract Tower,0,2,18,7,27,0,1,105,5,111,0,3,123,12,138,102,0,102,240
03/12/2019,IXD,KS,ACE,CE,Federal Contract Tower,0,10,11,1,22,0,1,1,1,3,0,11,12,2,25,0,0,0,25
03/13/2019,IXD,KS,ACE,CE,Federal Contract Tower,0,5,11,0,16,0,0,3,0,3,0,5,14,0,19,0,0,0,19
03/14/2019,IXD,KS,ACE,CE,Federal Contract Tower,0,12,7,0,19,0,0,5,0,5,0,12,12,0,24,0,0,0,24
03/15/2019,IXD,KS,ACE,CE,Federal Contract Tower,0,6,29,9,44,0,0,85,10,95,0,6,114,19,139,60,6,66,205
03/16/2019,IXD,KS,ACE,CE,Federal Contract Tower,0,3,13,4,20,0,0,99,0,99,0,3,112,4,119,122,0,122,241
03/17/2019,IXD,KS,ACE,CE,Federal Contract Tower,0,3,10,0,13,0,0,83,0,83,0,3,93,0,96,144,0,144,240
03/18/2019,IXD,KS,ACE,CE,Federal Contract Tower,0,4,31,1,36,0,8,83,3,94,0,12,114,4,130,204,0,204,334
03/19/2019,IXD,KS,ACE,CE,Federal Contract Tower,0,13,19,2,34,0,0,47,6,53,0,13,66,8,87,26,0,26,113
03/20/2019,IXD,KS,ACE,CE,Federal Contract Tower,0,6,31,4,41,0,0,41,2,43,0,6,72,6,84,48,0,48,132
03/21/2019,IXD,KS,ACE,CE,Federal Contract Tower,0,8,29,0,37,0,1,120,12,133,0,9,149,12,170,76,0,76,246
03/22/2019,IXD,KS,ACE,CE,Federal Contract Tower,0,6,23,4,33,0,0,119,11,130,0,6,142,15,163,84,0,84,247
03/23/2019,IXD,KS,ACE,CE,Federal Contract Tower,0,1,10,0,11,0,0,29,0,29,0,1,39,0,40,42,0,42,82
03/24/2019,IXD,KS,ACE,CE,Federal Contract Tower,0,2,12,2,16,0,0,33,0,33,0,2,45,2,49,34,0,34,83
03/25/2019,IXD,KS,ACE,CE,Federal Contract Tower,0,9,27,3,39,0,0,27,3,30,0,9,54,6,69,28,0,28,97
03/26/2019,IXD,KS,ACE,CE,Federal Contract Tower,0,5,19,1,25,0,2,80,3,85,0,7,99,4,110,100,2,102,212
03/27/2019,IXD,KS,ACE,CE,Federal Contract Tower,0,5,17,1,23,0,0,23,1,24,0,5,40,2,47,16,0,16,63
03/28/2019,IXD,KS,ACE,CE,Federal Contract Tower,0,12,18,0,30,0,0,22,0,22,0,12,40,0,52,4,0,4,56
03/29/2019,IXD,KS,ACE,CE,Federal Contract Tower,0,7,16,0,23,0,0,0,0,0,0,7,16,0,23,0,0,0,23
03/30/2019,IXD,KS,ACE,CE,Federal Contract Tower,0,1,6,0,7,0,0,11,0,11,0,1,17,0,18,12,0,12,30
03/31/2019,IXD,KS,ACE,CE,Federal Contract Tower,0,3,15,0,18,0,0,106,4,110,0,3,121,4,128,90,0,90,218
04/01/2019,IXD,KS,ACE,CE,Federal Contract Tower,0,10,23,0,33,0,0,94,2,96,0,10,117,2,129,132,0,132,261
04/02/2019,IXD,KS,ACE,CE,Federal Contract Tower,0,5,25,14,44,0,1,77,7,85,0,6,102,21,129,100,0,100,229
04/03/2019,IXD,KS,ACE,CE,Federal Contract Tower,0,7,15,3,25,0,12,44,1,57,0,19,59,4,82,52,10,62,144
04/04/2019,IXD,KS,ACE,CE,Federal Contract Tower,0,7,29,0,36,0,0,14,2,16,0,7,43,2,52,24,0,24,76
04/05/2019,IXD,KS,ACE,CE,Federal Contract Tower,0,8,19,6,33,0,5,37,1,43,0,13,56,7,76,56,0,56,132
04/06/2019,IXD,KS,ACE,CE,Federal Contract Tower,0,1,10,0,11,0,8,69,0,77,0,9,79,0,88,138,0,138,226
04/07/2019,IXD,KS,ACE,CE,Federal Contract Tower,0,6,9,3,18,0,0,16,0,16,0,6,25,3,34,24,0,24,58
04/08/2019,IXD,KS,ACE,CE,Federal Contract Tower,0,4,27,0,31,0,0,104,3,107,0,4,131,3,138,122,0,122,260
04/09/2019,IXD,KS,ACE,CE,Federal Contract Tower,0,3,16,2,21,0,1,78,4,83,0,4,94,6,104,60,0,60,164
04/10/2019,IXD,KS,ACE,CE,Federal Contract Tower,0,7,14,3,24,0,1,28,2,31,0,8,42,5,55,4,0,4,59
04/11/2019,IXD,KS,ACE,CE,Federal Contract Tower,0,3,27,1,31,0,0,8,3,11,0,3,35,4,42,0,0,0,42
04/12/2019,IXD,KS,ACE,CE,Federal Contract Tower,0,5,19,0,24,0,3,45,1,49,0,8,64,1,73,50,0,50,123
04/13/2019,IXD,KS,ACE,CE,Federal Contract Tower,0,2,8,21,31,0,0,55,18,73,0,2,63,39,104,134,26,160,264
04/14/2019,IXD,KS,ACE,CE,Federal Contract Tower,0,4,21,13,38,0,0,60,7,67,0,4,81,20,105,20,0,20,125
04/15/2019,IXD,KS,ACE,CE,Federal Contract Tower,0,12,22,1,35,0,0,60,1,61,0,12,82,2,96,104,0,104,200
04/16/2019,IXD,KS,ACE,CE,Federal Contract Tower,0,6,28,3,37,0,1,48,2,51,0,7,76,5,88,34,2,36,124
04/17/2019,IXD,KS,ACE,CE,Federal Contract Tower,0,9,23,0,32,0,3,28,6,37,0,12,51,6,69,56,0,56,125
04/18/2019,IXD,KS,ACE,CE,Federal Contract Tower,0,13,32,0,45,0,2,42,6,50,0,15,74,6,95,34,0,34,129
04/19/2019,IXD,KS,ACE,CE,Federal Contract Tower,0,2,11,2,15,0,3,80,0,83,0,5,91,2,98,58,2,60,158
04/20/2019,IXD,KS,ACE,CE,Federal Contract Tower,0,0,10,0,10,0,0,78,1,79,0,0,88,1,89,150,0,150,239
04/21/2019,IXD,KS,ACE,CE,Federal Contract Tower,0,1,5,0,6,0,0,21,0,21,0,1,26,0,27,8,0,8,35
04/22/2019,IXD,KS,ACE,CE,Federal Contract Tower,0,10,31,0,41,0,0,54,0,54,0,10,85,0,95,106,0,106,201
04/23/2019,IXD,KS,ACE,CE,Federal Contract Tower,0,15,30,2,47,0,0,6,0,6,0,15,36,2,53,14,0,14,67
04/24/2019,IXD,KS,ACE,CE,Federal Contract Tower,0,9,33,12,54,0,2,49,6,57,0,11,82,18,111,198,0,198,309
04/25/2019,IXD,KS,ACE,CE,Federal Contract Tower,0,6,16,3,25,0,0,72,10,82,0,6,88,13,107,56,68,124,231
04/26/2019,IXD,KS,ACE,CE,Federal Contract Tower,0,5,27,2,34,0,0,93,2,95,0,5,120,4,129,144,0,144,273
04/27/2019,IXD,KS,ACE,CE,Federal Contract Tower,0,4,8,0,12,0,0,17,0,17,0,4,25,0,29,0,0,0,29
04/28/2019,IXD,KS,ACE,CE,Federal Contract Tower,0,4,21,2,27,0,0,17,2,19,0,4,38,4,46,42,2,44,90
04/29/2019,IXD,KS,ACE,CE,Federal Contract Tower,0,3,28,1,32,0,0,11,0,11,0,3,39,1,43,24,6,30,73
04/30/2019,IXD,KS,ACE,CE,Federal Contract Tower,0,8,9,2,19,0,0,0,0,0,0,8,9,2,19,0,0,0,19
05/01/2019,IXD,KS,ACE,CE,Federal Contract Tower,0,18,20,4,42,0,0,0,0,0,0,18,20,4,42,0,0,0,42
05/02/2019,IXD,KS,ACE,CE,Federal Contract Tower,0,6,32,2,40,0,0,58,0,58,0,6,90,2,98,148,0,148,246
05/03/2019,IXD,KS,ACE,CE,Federal Contract Tower,0,6,30,5,41,0,0,23,1,24,0,6,53,6,65,28,0,28,93
05/04/2019,IXD,KS,ACE,CE,Federal Contract Tower,0,4,14,7,25,0,1,98,8,107,0,5,112,15,132,130,4,134,266
05/05/2019,IXD,KS,ACE,CE,Federal Contract Tower,0,5,8,2,15,0,0,70,7,77,0,5,78,9,92,54,0,54,146
05/06/2019,IXD,KS,ACE,CE,Federal Contract Tower,0,6,18,2,26,0,0,67,0,67,0,6,85,2,93,96,0,96,189
05/07/2019,IXD,KS,ACE,CE,Federal Contract Tower,0,15,19,0,34,0,0,9,0,9,0,15,28,0,43,1,0,1,44
05/08/2019,IXD,KS,ACE,CE,Federal Contract Tower,0,14,13,0,27,0,2,31,2,35,0,16,44,2,62,104,0,104,166
05/09/2019,IXD,KS,ACE,CE,Federal Contract Tower,0,13,40,1,54,0,0,20,4,24,0,13,60,5,78,68,0,68,146
05/10/2019,IXD,KS,ACE,CE,Federal Contract Tower,0,2,21,2,25,0,0,97,0,97,0,2,118,2,122,184,0,184,306
05/11/2019,IXD,KS,ACE,CE,Federal Contract Tower,0,0,11,11,22,0,0,23,1,24,0,0,34,12,46,34,4,38,84
05/12/2019,IXD,KS,ACE,CE,Federal Contract Tower,0,9,9,3,21,0,0,9,0,9,0,9,18,3,30,0,0,0,30
05/13/2019,IXD,KS,ACE,CE,Federal Contract Tower,0,4,18,1,23,0,0,110,0,110,0,4,128,1,133,140,0,140,273
05/14/2019,IXD,KS,ACE,CE,Federal Contract Tower,0,8,26,2,36,0,0,63,2,65,0,8,89,4,101,120,4,124,225
05/15/2019,IXD,KS,ACE,CE,Federal Contract Tower,0,6,29,4,39,0,0,73,5,78,0,6,102,9,117,118,0,118,235
05/16/2019,IXD,KS,ACE,CE,Federal Contract Tower,0,8,16,11,35,0,5,49,17,71,0,13,65,28,106,12,2,14,120
05/17/2019,IXD,KS,ACE,CE,Federal Contract Tower,0,3,9,3,15,0,1,61,5,67,0,4,70,8,82,20,6,26,108
05/18/2019,IXD,KS,ACE,CE,Federal Contract Tower,0,1,8,0,9,0,0,2,1,3,0,1,10,1,12,16,0,16,28
05/19/2019,IXD,KS,ACE,CE,Federal Contract Tower,0,4,23,0,27,0,0,24,0,24,0,4,47,0,51,16,0,16,67
05/20/2019,IXD,KS,ACE,CE,Federal Contract Tower,0,5,25,0,30,0,1,39,2,42,0,6,64,2,72,38,0,38,110
05/21/2019,IXD,KS,ACE,CE,Federal Contract Tower,0,6,8,0,14,0,0,1,0,1,0,6,9,0,15,4,0,4,19
05/22/2019,IXD,KS,ACE,CE,Federal Contract Tower,0,2,23,0,25,0,3,39,11,53,0,5,62,11,78,68,0,68,146
05/23/2019,IXD,KS,ACE,CE,Federal Contract Tower,0,11,30,1,42,0,1,47,1,49,0,12,77,2,91,158,0,158,249
05/24/2019,IXD,KS,ACE,CE,Federal Contract Tower,0,4,19,0,23,0,1,13,0,14,0,5,32,0,37,10,0,10,47
05/25/2019,IXD,KS,ACE,CE,Federal Contract Tower,0,4,11,0,15,0,0,24,0,24,0,4,35,0,39,68,0,68,107
05/26/2019,IXD,KS,ACE,CE,Federal Contract Tower,0,2,7,0,9,0,0,45,0,45,0,2,52,0,54,102,0,102,156
05/27/2019,IXD,KS,ACE,CE,Federal Contract Tower,0,1,19,0,20,0,0,20,0,20,0,1,39,0,40,18,0,18,58
05/28/2019,IXD,KS,ACE,CE,Federal Contract Tower,0,11,25,2,38,0,23,9,0,32,0,34,34,2,70,42,2,44,114
05/29/2019,IXD,KS,ACE,CE,Federal Contract Tower,0,7,24,0,31,0,2,32,3,37,0,9,56,3,68,70,0,70,138
05/30/2019,IXD,KS,ACE,CE,Federal Contract Tower,0,5,18,1,24,0,0,55,1,56,0,5,73,2,80,74,0,74,154
05/31/2019,IXD,KS,ACE,CE,Federal Contract Tower,0,1,12,0,13,0,1,97,0,98,0,2,109,0,111,208,0,208,319
06/01/2019,IXD,KS,ACE,CE,Federal Contract Tower,0,5,6,0,11,0,1,69,0,70,0,6,75,0,81,54,0,54,135
06/02/2019,IXD,KS,ACE,CE,Federal Contract Tower,0,4,17,5,26,0,0,95,0,95,0,4,112,5,121,136,0,136,257
06/03/2019,IXD,KS,ACE,CE,Federal Contract Tower,0,5,18,0,23,0,3,33,0,36,0,8,51,0,59,108,0,108,167
06/04/2019,IXD,KS,ACE,CE,Federal Contract Tower,0,10,27,2,39,0,2,34,5,41,0,12,61,7,80,56,0,56,136
06/05/2019,IXD,KS,ACE,CE,Federal Contract Tower,0,7,14,0,21,0,2,49,9,60,0,9,63,9,81,50,0,50,131
06/06/2019,IXD,KS,ACE,CE,Federal Contract Tower,0,7,23,1,31,0,1,44,4,49,0,8,67,5,80,70,0,70,150
06/07/2019,IXD,KS,ACE,CE,Federal Contract Tower,0,7,26,2,35,0,8,66,0,74,0,15,92,2,109,102,0,102,211
06/08/2019,IXD,KS,ACE,CE,Federal Contract Tower,0,2,5,0,7,0,0,65,1,66,0,2,70,1,73,78,0,78,151
06/09/2019,IXD,KS,ACE,CE,Federal Contract Tower,0,1,24,8,33,0,1,39,0,40,0,2,63,8,73,16,0,16,89
06/10/2019,IXD,KS,ACE,CE,Federal Contract Tower,0,5,16,0,21,0,1,61,2,64,0,6,77,2,85,60,0,60,145
06/11/2019,IXD,KS,ACE,CE,Federal Contract Tower,0,4,28,0,32,0,3,57,2,62,0,7,85,2,94,146,0,146,240
06/12/2019,IXD,KS,ACE,CE,Federal Contract Tower,1,15,29,0,45,0,4,45,3,52,1,19,74,3,97,62,0,62,159
06/13/2019,IXD,KS,ACE,CE,Federal Contract Tower,0,2,40,2,44,0,1,86,2,89,0,3,126,4,133,108,0,108,241
06/14/2019,IXD,KS,ACE,CE,Federal Contract Tower,0,7,24,3,34,0,2,72,3,77,0,9,96,6,111,34,0,34,145
06/15/2019,IXD,KS,ACE,CE,Federal Contract Tower,0,1,8,0,9,0,0,33,1,34,0,1,41,1,43,40,0,40,83
06/16/2019,IXD,KS,ACE,CE,Federal Contract Tower,0,1,13,0,14,0,0,45,10,55,0,1,58,10,69,70,0,70,139
06/17/2019,IXD,KS,ACE,CE,Federal Contract Tower,0,8,38,3,49,0,1,41,5,47,0,9,79,8,96,30,0,30,126
06/18/2019,IXD,KS,ACE,CE,Federal Contract Tower,0,10,46,1,57,0,0,24,2,26,0,10,70,3,83,30,0,30,113
06/19/2019,IXD,KS,ACE,CE,Federal Contract Tower,0,7,27,0,34,0,2,15,0,17,0,9,42,0,51,38,0,38,89
06/20/2019,IXD,KS,ACE,CE,Federal Contract Tower,0,9,22,4,35,0,9,96,0,105,0,18,118,4,140,122,6,128,268
06/21/2019,IXD,KS,ACE,CE,Federal Contract Tower,0,1,18,1,20,0,0,30,2,32,0,1,48,3,52,20,0,20,72
06/22/2019,IXD,KS,ACE,CE,Federal Contract Tower,0,4,24,3,31,0,1,69,0,70,0,5,93,3,101,36,0,36,137
06/23/2019,IXD,KS,ACE,CE,Federal Contract Tower,0,3,21,0,24,0,0,7,0,7,0,3,28,0,31,4,0,4,35
06/24/2019,IXD,KS,ACE,CE,Federal Contract Tower,0,2,42,2,46,0,0,76,3,79,0,2,118,5,125,68,0,68,193
06/25/2019,IXD,KS,ACE,CE,Federal Contract Tower,0,8,22,0,30,0,4,68,1,73,0,12,90,1,103,102,0,102,205
06/26/2019,IXD,KS,ACE,CE,Federal Contract Tower,0,9,16,0,25,0,1,100,2,103,0,10,116,2,128,148,0,148,276
06/27/2019,IXD,KS,ACE,CE,Federal Contract Tower,0,6,23,0,29,0,5,62,4,71,0,11,85,4,100,116,0,116,216
06/28/2019,IXD,KS,ACE,CE,Federal Contract Tower,0,12,23,3,38,0,18,71,6,95,0,30,94,9,133,84,0,84,217
06/29/2019,IXD,KS,ACE,CE,Federal Contract Tower,0,5,11,1,17,0,0,48,0,48,0,5,59,1,65,64,0,64,129
06/30/2019,IXD,KS,ACE,CE,Federal Contract Tower,0,3,18,0,21,0,0,64,0,64,0,3,82,0,85,112,0,112,197
07/01/2019,IXD,KS,ACE,CE,Federal Contract Tower,0,5,17,0,22,0,1,99,0,100,0,6,116,0,122,140,4,144,266
07/02/2019,IXD,KS,ACE,CE,Federal Contract Tower,0,2,14,12,28,0,1,76,6,83,0,3,90,18,111,105,4,109,220
07/03/2019,IXD,KS,ACE,CE,Federal Contract Tower,0,8,21,0,29,0,3,61,3,67,0,11,82,3,96,160,0,160,256
07/04/2019,IXD,KS,ACE,CE,Federal Contract Tower,0,2,12,0,14,0,0,10,0,10,0,2,22,0,24,8,0,8,32
07/05/2019,IXD,KS,ACE,CE,Federal Contract Tower,0,3,9,0,12,0,0,11,1,12,0,3,20,1,24,20,0,20,44
07/06/2019,IXD,KS,ACE,CE,Federal Contract Tower,0,10,18,0,28,0,1,56,0,57,0,11,74,0,85,60,0,60,145
07/07/2019,IXD,KS,ACE,CE,Federal Contract Tower,0,8,23,0,31,0,2,51,0,53,0,10,74,0,84,78,0,78,162
07/08/2019,IXD,KS,ACE,CE,Federal Contract Tower,0,5,39,0,44,0,0,87,4,91,0,5,126,4,135,92,8,100,235
07/09/2019,IXD,KS,ACE,CE,Federal Contract Tower,0,7,29,0,36,0,6,73,3,82,0,13,102,3,118,180,6,186,304
07/10/2019,IXD,KS,ACE,CE,Federal Contract Tower,0,10,36,0,46,0,9,88,2,99,0,19,124,2,145,114,0,114,259
07/11/2019,IXD,KS,ACE,CE,Federal Contract Tower,0,5,26,5,36,0,4,81,7,92,0,9,107,12,128,108,16,124,252
07/12/2019,IXD,KS,ACE,CE,Federal Contract Tower,0,4,33,1,38,0,4,77,2,83,0,8,110,3,121,136,26,162,283
07/13/2019,IXD,KS,ACE,CE,Federal Contract Tower,0,6,13,9,28,0,1,120,9,130,0,7,133,18,158,70,68,138,296
07/14/2019,IXD,KS,ACE,CE,Federal Contract Tower,0,10,19,10,39,0,1,92,4,97,0,11,111,14,136,154,4,158,294
07/15/2019,IXD,KS,ACE,CE,Federal Contract Tower,0,9,31,1,41,0,0,57,1,58,0,9,88,2,99,256,0,256,355
07/16/2019,IXD,KS,ACE,CE,Federal Contract Tower,0,1,33,1,35,0,5,86,6,97,0,6,119,7,132,176,0,176,308
07/17/2019,IXD,KS,ACE,CE,Federal Contract Tower,0,2,34,1,37,0,2,101,0,103,0,4,135,1,140,166,0,166,306
07/18/2019,IXD,KS,ACE,CE,Federal Contract Tower,0,10,29,3,42,0,7,52,1,60,0,17,81,4,102,46,0,46,148
07/19/2019,IXD,KS,ACE,CE,Federal Contract Tower,0,5,37,9,51,0,0,72,0,72,0,5,109,9,123,94,6,100,223
07/20/2019,IXD,KS,ACE,CE,Federal Contract Tower,0,11,17,5,33,0,0,44,2,46,0,11,61,7,79,62,18,80,159
07/21/2019,IXD,KS,ACE,CE,Federal Contract Tower,0,13,41,5,59,0,0,19,1,20,0,13,60,6,79,60,0,60,139
07/22/2019,IXD,KS,ACE,CE,Federal Contract Tower,0,10,42,0,52,0,0,79,0,79,0,10,121,0,131,106,0,106,237
07/23/2019,IXD,KS,ACE,CE,Federal Contract Tower,0,4,33,0,37,0,3,76,1,80,0,7,109,1,117,124,0,124,241
07/24/2019,IXD,KS,ACE,CE,Federal Contract Tower,0,15,28,0,43,0,6,83,2,91,0,21,111,2,134,130,0,130,264
07/25/2019,IXD,KS,ACE,CE,Federal Contract Tower,0,13,33,2,48,0,0,78,4,82,0,13,111,6,130,114,0,114,244
07/26/2019,IXD,KS,ACE,CE,Federal Contract Tower,0,3,24,0,27,0,1,55,0,56,0,4,79,0,83,42,0,42,125
07/27/2019,IXD,KS,ACE,CE,Federal Contract Tower,0,1,19,0,20,0,2,64,0,66,0,3,83,0,86,64,0,64,150
07/28/2019,IXD,KS,ACE,CE,Federal Contract Tower,0,6,26,0,32,0,0,84,1,85,0,6,110,1,117,108,0,108,225
07/29/2019,IXD,KS,ACE,CE,Federal Contract Tower,0,7,35,1,43,0,0,110,3,113,0,7,145,4,156,126,2,128,284
07/30/2019,IXD,KS,ACE,CE,Federal Contract Tower,0,10,29,0,39,0,5,94,0,99,0,15,123,0,138,202,0,202,340
07/31/2019,IXD,KS,ACE,CE,Federal Contract Tower,0,11,35,1,47,0,5,95,5,105,0,16,130,6,152,132,0,132,284
08/01/2019,IXD,KS,ACE,CE,Federal Contract Tower,0,6,40,0,46,0,4,32,0,36,0,10,72,0,82,98,0,98,180
08/02/2019,IXD,KS,ACE,CE,Federal Contract Tower,0,4,20,0,24,0,4,24,2,30,0,8,44,2,54,24,0,24,78
08/03/2019,IXD,KS,ACE,CE,Federal Contract Tower,0,2,19,3,24,0,2,75,2,79,0,4,94,5,103,180,0,180,283
08/04/2019,IXD,KS,ACE,CE,Federal Contract Tower,0,7,21,4,32,0,1,87,9,97,0,8,108,13,129,98,2,100,229
08/05/2019,IXD,KS,ACE,CE,Federal Contract Tower,0,8,32,0,40,0,0,93,3,96,0,8,125,3,136,132,2,134,270
08/06/2019,IXD,KS,ACE,CE,Federal Contract Tower,0,3,30,2,35,0,4,78,5,87,0,7,108,7,122,114,0,114,236
08/07/2019,IXD,KS,ACE,CE,Federal Contract Tower,0,11,23,1,35,0,2,45,1,48,0,13,68,2,83,92,0,92,175
08/08/2019,IXD,KS,ACE,CE,Federal Contract Tower,0,5,28,1,34,0,2,42,7,51,0,7,70,8,85,66,20,86,171
08/09/2019,IXD,KS,ACE,CE,Federal Contract Tower,0,7,22,4,33,0,2,95,0,97,0,9,117,4,130,178,0,178,308
08/10/2019,IXD,KS,ACE,CE,Federal Contract Tower,0,2,21,0,23,0,0,58,0,58,0,2,79,0,81,86,0,86,167
08/11/2019,IXD,KS,ACE,CE,Federal Contract Tower,0,7,10,0,17,0,0,43,0,43,0,7,53,0,60,88,0,88,148
08/12/2019,IXD,KS,ACE,CE,Federal Contract Tower,0,10,18,3,31,0,0,84,1,85,0,10,102,4,116,148,2,150,266
08/13/2019,IXD,KS,ACE,CE,Federal Contract Tower,0,13,36,1,50,0,9,83,3,95,0,22,119,4,145,74,0,74,219
08/14/2019,IXD,KS,ACE,CE,Federal Contract Tower,0,11,33,3,47,0,1,71,2,74,0,12,104,5,121,122,0,122,243
08/15/2019,IXD,KS,ACE,CE,Federal Contract Tower,0,14,26,0,40,0,14,98,10,122,0,28,124,10,162,154,4,158,320
08/16/2019,IXD,KS,ACE,CE,Federal Contract Tower,0,18,26,4,48,0,0,79,4,83,0,18,105,8,131,92,0,92,223
08/17/2019,IXD,KS,ACE,CE,Federal Contract Tower,0,5,12,0,17,0,0,83,2,85,0,5,95,2,102,56,0,56,158
08/18/2019,IXD,KS,ACE,CE,Federal Contract Tower,0,12,17,0,29,0,1,70,0,71,0,13,87,0,100,112,0,112,212
08/19/2019,IXD,KS,ACE,CE,Federal Contract Tower,0,2,39,0,41,0,0,96,3,99,0,2,135,3,140,124,0,124,264
08/20/2019,IXD,KS,ACE,CE,Federal Contract Tower,0,10,31,0,41,0,4,59,2,65,0,14,90,2,106,112,0,112,218
08/21/2019,IXD,KS,ACE,CE,Federal Contract Tower,0,4,27,0,31,0,4,32,1,37,0,8,59,1,68,64,0,64,132
08/22/2019,IXD,KS,ACE,CE,Federal Contract Tower,0,3,33,5,41,0,0,26,4,30,0,3,59,9,71,116,2,118,189
08/23/2019,IXD,KS,ACE,CE,Federal Contract Tower,0,5,40,1,46,0,3,63,4,70,0,8,103,5,116,172,0,172,288
08/24/2019,IXD,KS,ACE,CE,Federal Contract Tower,0,3,23,0,26,0,0,41,9,50,0,3,64,9,76,66,0,66,142
08/25/2019,IXD,KS,ACE,CE,Federal Contract Tower,0,5,14,1,20,0,0,2,0,2,0,5,16,1,22,0,0,0,22
08/26/2019,IXD,KS,ACE,CE,Federal Contract Tower,0,10,27,0,37,0,0,18,0,18,0,10,45,0,55,2,0,2,57
08/27/2019,IXD,KS,ACE,CE,Federal Contract Tower,0,7,50,0,57,0,6,78,2,86,0,13,128,2,143,150,0,150,293
08/28/2019,IXD,KS,ACE,CE,Federal Contract Tower,0,13,35,0,48,0,3,94,11,108,0,16,129,11,156,206,0,206,362
08/29/2019,IXD,KS,ACE,CE,Federal Contract Tower,0,7,36,0,43,0,3,62,8,73,0,10,98,8,116,110,2,112,228
08/30/2019,IXD,KS,ACE,CE,Federal Contract Tower,0,8,44,0,52,0,1,35,0,36,0,9,79,0,88,76,0,76,164
08/31/2019,IXD,KS,ACE,CE,Federal Contract Tower,0,1,12,0,13,0,0,33,0,33,0,1,45,0,46,48,0,48,94
09/01/2019,IXD,KS,ACE,CE,Federal Contract Tower,0,2,6,0,8,0,0,39,0,39,0,2,45,0,47,126,0,126,173
09/02/2019,IXD,KS,ACE,CE,Federal Contract Tower,0,5,32,0,37,0,5,75,2,82,0,10,107,2,119,54,0,54,173
09/03/2019,IXD,KS,ACE,CE,Federal Contract Tower,0,5,18,0,23,0,1,58,1,60,0,6,76,1,83,118,0,118,201
09/04/2019,IXD,KS,ACE,CE,Federal Contract Tower,0,8,28,0,36,0,0,86,1,87,0,8,114,1,123,136,2,138,261
09/05/2019,IXD,KS,ACE,CE,Federal Contract Tower,0,9,24,0,33,0,2,72,2,76,0,11,96,2,109,94,0,94,203
09/06/2019,IXD,KS,ACE,CE,Federal Contract Tower,0,6,29,0,35,0,6,91,2,99,0,12,120,2,134,182,0,182,316
09/07/2019,IXD,KS,ACE,CE,Federal Contract Tower,0,6,21,4,31,0,4,91,2,97,0,10,112,6,128,102,0,102,230
09/08/2019,IXD,KS,ACE,CE,Federal Contract Tower,0,10,28,4,42,0,1,51,0,52,0,11,79,4,94,20,0,20,114
09/09/2019,IXD,KS,ACE,CE,Federal Contract Tower,0,7,23,0,30,0,1,59,1,61,0,8,82,1,91,66,0,66,157
09/10/2019,IXD,KS,ACE,CE,Federal Contract Tower,0,4,40,0,44,0,5,69,2,76,0,9,109,2,120,132,0,132,252
09/11/2019,IXD,KS,ACE,CE,Federal Contract Tower,0,9,36,0,45,0,4,82,9,95,0,13,118,9,140,126,4,130,270
09/12/2019,IXD,KS,ACE,CE,Federal Contract Tower,0,4,28,0,32,0,0,22,3,25,0,4,50,3,57,42,0,42,99
09/13/2019,IXD,KS,ACE,CE,Federal Contract Tower,0,11,41,0,52,0,1,113,2,116,0,12,154,2,168,128,0,128,296
09/14/2019,IXD,KS,ACE,CE,Federal Contract Tower,0,4,14,5,23,0,0,74,2,76,0,4,88,7,99,94,6,100,199
09/15/2019,IXD,KS,ACE,CE,Federal Contract Tower,0,6,22,5,33,0,1,52,0,53,0,7,74,5,86,56,0,56,142
09/16/2019,IXD,KS,ACE,CE,Federal Contract Tower,0,14,31,4,49,0,0,112,1,113,0,14,143,5,162,164,0,164,326
09/17/2019,IXD,KS,ACE,CE,Federal Contract Tower,0,11,40,2,53,0,2,110,0,112,0,13,150,2,165,108,0,108,273
09/18/2019,IXD,KS,ACE,CE,Federal Contract Tower,0,7,29,1,37,0,0,86,4,90,0,7,115,5,127,166,0,166,293
09/19/2019,IXD,KS,ACE,CE,Federal Contract Tower,0,9,41,2,52,0,2,67,4,73,0,11,108,6,125,110,0,110,235
09/20/2019,IXD,KS,ACE,CE,Federal Contract Tower,0,7,42,1,50,0,4,43,0,47,0,11,85,1,97,14,0,14,111
09/21/2019,IXD,KS,ACE,CE,Federal Contract Tower,0,2,11,1,14,0,0,3,0,3,0,2,14,1,17,0,0,0,17
09/22/2019,IXD,KS,ACE,CE,Federal Contract Tower,0,12,16,0,28,0,0,7,0,7,0,12,23,0,35,6,0,6,41
09/23/2019,IXD,KS,ACE,CE,Federal Contract Tower,0,7,25,6,38,0,1,86,5,92,0,8,111,11,130,88,6,94,224
09/24/2019,IXD,KS,ACE,CE,Federal Contract Tower,0,8,42,2,52,0,4,36,3,43,0,12,78,5,95,70,18,88,183
09/25/2019,IXD,KS,ACE,CE,Federal Contract Tower,0,7,43,0,50,0,1,69,4,74,0,8,112,4,124,118,0,118,242
09/26/2019,IXD,KS,ACE,CE,Federal Contract Tower,0,5,49,2,56,0,4,112,2,118,0,9,161,4,174,220,10,230,404
09/27/2019,IXD,KS,ACE,CE,Federal Contract Tower,0,16,35,0,51,0,3,13,1,17,0,19,48,1,68,0,0,0,68
09/28/2019,IXD,KS,ACE,CE,Federal Contract Tower,0,5,12,0,17,0,0,0,0,0,0,5,12,0,17,0,0,0,17
09/29/2019,IXD,KS,ACE,CE,Federal Contract Tower,0,4,27,0,31,0,0,63,6,69,0,4,90,6,100,50,0,50,150
09/30/2019,IXD,KS,ACE,CE,Federal Contract Tower,0,8,29,2,39,0,0,54,2,56,0,8,83,4,95,42,0,42,137
10/01/2019,IXD,KS,ACE,CE,Federal Contract Tower,0,10,31,0,41,0,2,76,0,78,0,12,107,0,119,140,0,140,259
10/02/2019,IXD,KS,ACE,CE,Federal Contract Tower,0,1,29,0,30,0,0,33,2,35,0,1,62,2,65,38,0,38,103
10/03/2019,IXD,KS,ACE,CE,Federal Contract Tower,0,25,35,2,62,0,12,45,4,61,0,37,80,6,123,90,4,94,217
10/04/2019,IXD,KS,ACE,CE,Federal Contract Tower,0,7,33,0,40,0,6,59,0,65,0,13,92,0,105,160,0,160,265
10/05/2019,IXD,KS,ACE,CE,Federal Contract Tower,0,3,14,0,17,0,0,11,0,11,0,3,25,0,28,2,0,2,30
10/06/2019,IXD,KS,ACE,CE,Federal Contract Tower,0,9,27,0,36,0,2,74,0,76,0,11,101,0,112,102,0,102,214
10/07/2019,IXD,KS,ACE,CE,Federal Contract Tower,0,4,40,0,44,0,2,88,2,92,0,6,128,2,136,106,0,106,242
10/08/2019,IXD,KS,ACE,CE,Federal Contract Tower,0,2,35,0,37,0,0,112,5,117,0,2,147,5,154,194,0,194,348
10/09/2019,IXD,KS,ACE,CE,Federal Contract Tower,0,9,32,0,41,0,4,6,1,11,0,13,38,1,52,14,0,14,66
10/10/2019,IXD,KS,ACE,CE,Federal Contract Tower,0,15,29,2,46,0,0,0,4,4,0,15,29,6,50,0,0,0,50
10/11/2019,IXD,KS,ACE,CE,Federal Contract Tower,0,6,20,12,38,0,2,39,1,42,0,8,59,13,80,10,0,10,90
10/12/2019,IXD,KS,ACE,CE,Federal Contract Tower,0,4,24,0,28,0,0,56,2,58,0,4,80,2,86,46,0,46,132
10/13/2019,IXD,KS,ACE,CE,Federal Contract Tower,0,5,22,0,27,0,0,87,0,87,0,5,109,0,114,104,0,104,218
10/14/2019,IXD,KS,ACE,CE,Federal Contract Tower,0,11,31,0,42,0,2,71,0,73,0,13,102,0,115,122,0,122,237
10/15/2019,IXD,KS,ACE,CE,Federal Contract Tower,0,7,29,1,37,0,0,71,1,72,0,7,100,2,109,54,0,54,163
10/16/2019,IXD,KS,ACE,CE,Federal Contract Tower,0,7,43,1,51,0,9,70,2,81,0,16,113,3,132,214,0,214,346
10/17/2019,IXD,KS,ACE,CE,Federal Contract Tower,0,7,37,1,45,0,2,78,5,85,0,9,115,6,130,104,0,104,234
10/18/2019,IXD,KS,ACE,CE,Federal Contract Tower,0,16,37,8,61,0,2,64,2,68,0,18,101,10,129,14,8,22,151
10/19/2019,IXD,KS,ACE,CE,Federal Contract Tower,0,5,12,2,19,0,3,53,4,60,0,8,65,6,79,106,0,106,185
10/20/2019,IXD,KS,ACE,CE,Federal Contract Tower,0,7,44,1,52,0,0,40,5,45,0,7,84,6,97,42,0,42,139
10/21/2019,IXD,KS,ACE,CE,Federal Contract Tower,0,11,23,0,34,0,0,33,0,33,0,11,56,0,67,18,0,18,85
10/22/2019,IXD,KS,ACE,CE,Federal Contract Tower,0,4,28,2,34,0,0,57,3,60,0,4,85,5,94,68,0,68,162
10/23/2019,IXD,KS,ACE,CE,Federal Contract Tower,0,4,25,1,30,0,3,44,10,57,0,7,69,11,87,46,0,46,133
10/24/2019,IXD,KS,ACE,CE,Federal Contract Tower,0,11,39,0,50,0,2,58,4,64,0,13,97,4,114,124,0,124,238
10/25/2019,IXD,KS,ACE,CE,Federal Contract Tower,0,3,21,2,26,0,8,72,1,81,0,11,93,3,107,74,0,74,181
10/26/2019,IXD,KS,ACE,CE,Federal Contract Tower,0,4,18,2,24,0,0,77,0,77,0,4,95,2,101,150,0,150,251
10/27/2019,IXD,KS,ACE,CE,Federal Contract Tower,0,1,27,0,28,0,1,94,0,95,0,2,121,0,123,156,0,156,279
10/28/2019,IXD,KS,ACE,CE,Federal Contract Tower,0,9,48,4,61,0,0,28,1,29,0,9,76,5,90,14,0,14,104
10/29/2019,IXD,KS,ACE,CE,Federal Contract Tower,0,12,47,0,59,0,0,19,2,21,0,12,66,2,80,12,0,12,92
10/30/2019,IXD,KS,ACE,CE,Federal Contract Tower,0,2,25,1,28,0,0,9,2,11,0,2,34,3,39,6,0,6,45
10/31/2019,IXD,KS,ACE,CE,Federal Contract Tower,0,8,32,0,40,0,5,70,1,76,0,13,102,1,116,78,0,78,194
11/01/2019,IXD,KS,ACE,CE,Federal Contract Tower,0,9,43,0,52,0,3,96,5,104,0,12,139,5,156,132,16,148,304
11/02/2019,IXD,KS,ACE,CE,Federal Contract Tower,0,4,21,0,25,0,5,63,6,74,0,9,84,6,99,128,0,128,227
11/03/2019,IXD,KS,ACE,CE,Federal Contract Tower,0,8,19,2,29,0,2,59,3,64,0,10,78,5,93,56,0,56,149
11/04/2019,IXD,KS,ACE,CE,Federal Contract Tower,0,13,31,2,46,0,0,88,7,95,0,13,119,9,141,102,4,106,247
11/05/2019,IXD,KS,ACE,CE,Federal Contract Tower,0,9,32,0,41,0,2,75,5,82,0,11,107,5,123,118,0,118,241
11/06/2019,IXD,KS,ACE,CE,Federal Contract Tower,0,8,31,2,41,0,2,57,1,60,0,10,88,3,101,218,8,226,327
11/07/2019,IXD,KS,ACE,CE,Federal Contract Tower,0,8,42,9,59,0,3,73,10,86,0,11,115,19,145,88,0,88,233
11/08/2019,IXD,KS,ACE,CE,Federal Contract Tower,0,11,22,0,33,0,2,63,0,65,0,13,85,0,98,58,0,58,156
11/09/2019,IXD,KS,ACE,CE,Federal Contract Tower,0,6,13,0,19,0,0,76,1,77,0,6,89,1,96,200,0,200,296
11/10/2019,IXD,KS,ACE,CE,Federal Contract Tower,0,4,18,0,22,0,1,81,0,82,0,5,99,0,104,128,0,128,232
11/11/2019,IXD,KS,ACE,CE,Federal Contract Tower,0,0,15,0,15,0,0,3,0,3,0,0,18,0,18,0,0,0,18
11/12/2019,IXD,KS,ACE,CE,Federal Contract Tower,0,2,32,0,34,0,3,57,0,60,0,5,89,0,94,106,0,106,200
11/13/2019,IXD,KS,ACE,CE,Federal Contract Tower,0,3,35,0,38,0,1,32,3,36,0,4,67,3,74,80,0,80,154
11/14/2019,IXD,KS,ACE,CE,Federal Contract Tower,0,14,31,0,45,0,2,64,11,77,0,16,95,11,122,185,0,185,307
11/15/2019,IXD,KS,ACE,CE,Federal Contract Tower,0,12,26,12,50,0,3,99,8,110,0,15,125,20,160,139,2,141,301
11/16/2019,IXD,KS,ACE,CE,Federal Contract Tower,0,3,10,0,13,0,0,62,7,69,0,3,72,7,82,94,6,100,182
11/17/2019,IXD,KS,ACE,CE,Federal Contract Tower,0,12,19,8,39,0,0,54,0,54,0,12,73,8,93,124,0,124,217
11/18/2019,IXD,KS,ACE,CE,Federal Contract Tower,0,4,27,0,31,0,60,5,0,65,0,64,32,0,96,94,0,94,190
11/19/2019,IXD,KS,ACE,CE,Federal Contract Tower,0,8,13,1,22,0,9,85,8,102,0,17,98,9,124,78,0,78,202
11/20/2019,IXD,KS,ACE,CE,Federal Contract Tower,0,5,28,0,33,0,5,16,4,25,0,10,44,4,58,18,2,20,78
11/21/2019,IXD,KS,ACE,CE,Federal Contract Tower,0,13,36,1,50,0,0,17,4,21,0,13,53,5,71,36,0,36,107
11/22/2019,IXD,KS,ACE,CE,Federal Contract Tower,0,7,17,3,27,0,5,21,1,27,0,12,38,4,54,24,0,24,78
11/23/2019,IXD,KS,ACE,CE,Federal Contract Tower,0,2,18,0,20,0,2,79,3,84,0,4,97,3,104,98,0,98,202
11/24/2019,IXD,KS,ACE,CE,Federal Contract Tower,0,0,14,0,14,0,0,116,0,116,0,0,130,0,130,136,0,136,266
11/25/2019,IXD,KS,ACE,CE,Federal Contract Tower,0,7,19,0,26,0,0,94,5,99,0,7,113,5,125,94,8,102,227
11/26/2019,IXD,KS,ACE,CE,Federal Contract Tower,0,4,36,1,41,0,0,0,2,2,0,4,36,3,43,0,0,0,43
11/27/2019,IXD,KS,ACE,CE,Federal Contract Tower,0,11,28,0,39,0,1,39,6,46,0,12,67,6,85,6,0,6,91
11/28/2019,IXD,KS,ACE,CE,Federal Contract Tower,0,2,4,0,6,0,0,0,0,0,0,2,4,0,6,0,0,0,6
11/29/2019,IXD,KS,ACE,CE,Federal Contract Tower,0,4,4,0,8,0,0,0,0,0,0,4,4,0,8,0,0,0,8
11/30/2019,IXD,KS,ACE,CE,Federal Contract Tower,0,8,11,0,19,0,0,34,0,34,0,8,45,0,53,62,0,62,115
12/01/2019,IXD,KS,ACE,CE,Federal Contract Tower,0,13,10,0,23,0,0,2,0,2,0,13,12,0,25,0,0,0,25
12/02/2019,IXD,KS,ACE,CE,Federal Contract Tower,0,8,17,0,25,0,0,72,0,72,0,8,89,0,97,100,0,100,197
12/03/2019,IXD,KS,ACE,CE,Federal Contract Tower,0,8,22,0,30,0,2,87,3,92,0,10,109,3,122,108,0,108,230
12/04/2019,IXD,KS,ACE,CE,Federal Contract Tower,0,7,38,0,45,0,0,55,1,56,0,7,93,1,101,128,0,128,229
12/05/2019,IXD,KS,ACE,CE,Federal Contract Tower,0,12,25,2,39,0,0,77,10,87,0,12,102,12,126,140,0,140,266
12/06/2019,IXD,KS,ACE,CE,Federal Contract Tower,0,3,19,0,22,0,2,57,1,60,0,5,76,1,82,88,0,88,170
12/07/2019,IXD,KS,ACE,CE,Federal Contract Tower,0,5,9,0,14,0,3,49,7,59,0,8,58,7,73,108,4,112,185
12/08/2019,IXD,KS,ACE,CE,Federal Contract Tower,0,7,18,0,25,0,0,9,0,9,0,7,27,0,34,42,0,42,76
12/09/2019,IXD,KS,ACE,CE,Federal Contract Tower,0,9,3,0,12,0,1,10,4,15,0,10,13,4,27,2,0,2,29
12/10/2019,IXD,KS,ACE,CE,Federal Contract Tower,0,7,27,0,34,0,0,53,16,69,0,7,80,16,103,108,0,108,211
12/11/2019,IXD,KS,ACE,CE,Federal Contract Tower,0,5,21,3,29,0,4,49,1,54,0,9,70,4,83,98,0,98,181
12/12/2019,IXD,KS,ACE,CE,Federal Contract Tower,0,2,15,1,18,0,1,34,8,43,0,3,49,9,61,64,0,64,125
12/13/2019,IXD,KS,ACE,CE,Federal Contract Tower,0,7,15,0,22,0,6,57,2,65,0,13,72,2,87,76,0,76,163
12/14/2019,IXD,KS,ACE,CE,Federal Contract Tower,0,2,22,0,24,0,2,30,0,32,0,4,52,0,56,22,0,22,78
12/15/2019,IXD,KS,ACE,CE,Federal Contract Tower,0,1,5,0,6,0,0,0,0,0,0,1,5,0,6,0,0,0,6
12/16/2019,IXD,KS,ACE,CE,Federal Contract Tower,0,3,1,0,4,0,0,1,0,1,0,3,2,0,5,0,0,0,5
12/17/2019,IXD,KS,ACE,CE,Federal Contract Tower,0,5,18,0,23,0,6,31,2,39,0,11,49,2,62,28,0,28,90
12/18/2019,IXD,KS,ACE,CE,Federal Contract Tower,0,7,30,0,37,0,1,66,0,67,0,8,96,0,104,106,0,106,210
12/19/2019,IXD,KS,ACE,CE,Federal Contract Tower,0,10,28,0,38,0,5,41,11,57,0,15,69,11,95,61,8,69,164
12/20/2019,IXD,KS,ACE,CE,Federal Contract Tower,0,4,19,2,25,0,6,79,2,87,0,10,98,4,112,92,0,92,204
12/21/2019,IXD,KS,ACE,CE,Federal Contract Tower,0,5,19,0,24,0,0,58,0,58,0,5,77,0,82,118,0,118,200
12/22/2019,IXD,KS,ACE,CE,Federal Contract Tower,0,3,6,0,9,0,0,35,0,35,0,3,41,0,44,52,0,52,96
12/23/2019,IXD,KS,ACE,CE,Federal Contract Tower,0,5,12,0,17,0,0,51,0,51,0,5,63,0,68,100,0,100,168
12/24/2019,IXD,KS,ACE,CE,Federal Contract Tower,0,3,7,0,10,0,0,33,0,33,0,3,40,0,43,62,0,62,105
12/25/2019,IXD,KS,ACE,CE,Federal Contract Tower,0,4,7,0,11,0,0,7,0,7,0,4,14,0,18,0,0,0,18
12/26/2019,IXD,KS,ACE,CE,Federal Contract Tower,0,10,12,0,22,0,0,0,0,0,0,10,12,0,22,0,0,0,22
12/27/2019,IXD,KS,ACE,CE,Federal Contract Tower,0,10,20,0,30,0,0,16,2,18,0,10,36,2,48,64,0,64,112
12/28/2019,IXD,KS,ACE,CE,Federal Contract Tower,0,6,3,0,9,0,0,0,0,0,0,6,3,0,9,0,0,0,9
12/29/2019,IXD,KS,ACE,CE,Federal Contract Tower,0,7,14,0,21,0,0,7,0,7,0,7,21,0,28,36,0,36,64
12/30/2019,IXD,KS,ACE,CE,Federal Contract Tower,0,4,16,0,20,0,0,5,0,5,0,4,21,0,25,0,0,0,25
12/31/2019,IXD,KS,ACE,CE,Federal Contract Tower,0,5,11,0,16,0,3,47,0,50,0,8,58,0,66,98,0,98,164
01/01/2020,IXD,KS,ACE,CE,Federal Contract Tower,0,0,8,0,8,0,0,32,0,32,0,0,40,0,40,36,0,36,76
01/02/2020,IXD,KS,ACE,CE,Federal Contract Tower,0,1,9,0,10,0,0,16,2,18,0,1,25,2,28,2,0,2,30
01/03/2020,IXD,KS,ACE,CE,Federal Contract Tower,0,8,18,0,26,0,3,29,1,33,0,11,47,1,59,22,0,22,81
01/04/2020,IXD,KS,ACE,CE,Federal Contract Tower,0,3,9,0,12,0,0,61,0,61,0,3,70,0,73,148,0,148,221
01/05/2020,IXD,KS,ACE,CE,Federal Contract Tower,0,4,4,0,8,0,0,28,0,28,0,4,32,0,36,16,0,16,52
01/06/2020,IXD,KS,ACE,CE,Federal Contract Tower,0,3,15,3,21,0,0,43,2,45,0,3,58,5,66,86,0,86,152
01/07/2020,IXD,KS,ACE,CE,Federal Contract Tower,0,3,15,1,19,0,0,38,1,39,0,3,53,2,58,82,0,82,140
01/08/2020,IXD,KS,ACE,CE,Federal Contract Tower,0,12,16,0,28,0,0,27,1,28,0,12,43,1,56,50,0,50,106
01/09/2020,IXD,KS,ACE,CE,Federal Contract Tower,0,4,16,0,20,0,0,13,8,21,0,4,29,8,41,22,4,26,67
01/10/2020,IXD,KS,ACE,CE,Federal Contract Tower,0,10,1,0,11,0,0,0,0,0,0,10,1,0,11,0,0,0,11
01/11/2020,IXD,KS,ACE,CE,Federal Contract Tower,0,0,0,0,0,0,0,0,0,0,0,0,0,0,0,0,0,0,0
01/12/2020,IXD,KS,ACE,CE,Federal Contract Tower,0,4,10,0,14,0,0,0,0,0,0,4,10,0,14,0,0,0,14
01/13/2020,IXD,KS,ACE,CE,Federal Contract Tower,0,13,7,2,22,0,0,26,0,26,0,13,33,2,48,46,0,46,94
01/14/2020,IXD,KS,ACE,CE,Federal Contract Tower,0,7,14,3,24,0,0,3,0,3,0,7,17,3,27,4,0,4,31
01/15/2020,IXD,KS,ACE,CE,Federal Contract Tower,0,15,46,0,61,0,0,0,2,2,0,15,46,2,63,0,0,0,63
01/16/2020,IXD,KS,ACE,CE,Federal Contract Tower,0,7,14,0,21,0,1,55,7,63,0,8,69,7,84,112,0,112,196
01/17/2020,IXD,KS,ACE,CE,Federal Contract Tower,0,1,4,0,5,0,0,0,0,0,0,1,4,0,5,0,0,0,5
01/18/2020,IXD,KS,ACE,CE,Federal Contract Tower,0,1,10,0,11,0,0,7,0,7,0,1,17,0,18,6,0,6,24
01/19/2020,IXD,KS,ACE,CE,Federal Contract Tower,0,4,6,0,10,0,2,23,0,25,0,6,29,0,35,38,0,38,73
01/20/2020,IXD,KS,ACE,CE,Federal Contract Tower,0,10,16,0,26,0,0,53,1,54,0,10,69,1,80,74,0,74,154
01/21/2020,IXD,KS,ACE,CE,Federal Contract Tower,0,7,34,0,41,0,1,56,6,63,0,8,90,6,104,72,0,72,176
01/22/2020,IXD,KS,ACE,CE,Federal Contract Tower,0,1,12,0,13,0,0,0,0,0,0,1,12,0,13,0,0,0,13
01/23/2020,IXD,KS,ACE,CE,Federal Contract Tower,0,6,10,0,16,0,0,0,0,0,0,6,10,0,16,0,0,0,16
01/24/2020,IXD,KS,ACE,CE,Federal Contract Tower,0,1,21,0,22,0,0,0,0,0,0,1,21,0,22,0,0,0,22
01/25/2020,IXD,KS,ACE,CE,Federal Contract Tower,0,0,12,0,12,0,0,0,0,0,0,0,12,0,12,0,0,0,12
01/26/2020,IXD,KS,ACE,CE,Federal Contract Tower,0,7,5,0,12,0,4,53,0,57,0,11,58,0,69,82,0,82,151
01/27/2020,IXD,KS,ACE,CE,Federal Contract Tower,0,8,21,0,29,0,0,27,4,31,0,8,48,4,60,24,0,24,84
01/28/2020,IXD,KS,ACE,CE,Federal Contract Tower,0,6,13,0,19,0,0,0,0,0,0,6,13,0,19,0,0,0,19
01/29/2020,IXD,KS,ACE,CE,Federal Contract Tower,0,6,31,0,37,0,2,0,11,13,0,8,31,11,50,28,0,28,78
01/30/2020,IXD,KS,ACE,CE,Federal Contract Tower,0,7,17,0,24,0,5,45,6,56,0,12,62,6,80,88,0,88,168
01/31/2020,IXD,KS,ACE,CE,Federal Contract Tower,0,13,21,2,36,0,0,10,6,16,0,13,31,8,52,38,4,42,94
02/01/2020,IXD,KS,ACE,CE,Federal Contract Tower,0,4,14,0,18,0,17,78,3,98,0,21,92,3,116,222,4,226,342
02/02/2020,IXD,KS,ACE,CE,Federal Contract Tower,0,4,1,1,6,0,0,58,2,60,0,4,59,3,66,92,0,92,158
02/03/2020,IXD,KS,ACE,CE,Federal Contract Tower,0,6,24,1,31,0,3,39,3,45,0,9,63,4,76,12,2,14,90
02/04/2020,IXD,KS,ACE,CE,Federal Contract Tower,0,4,10,0,14,0,0,0,0,0,0,4,10,0,14,0,0,0,14
02/05/2020,IXD,KS,ACE,CE,Federal Contract Tower,0,2,13,0,15,0,0,0,0,0,0,2,13,0,15,0,0,0,15
02/06/2020,IXD,KS,ACE,CE,Federal Contract Tower,0,7,22,0,29,0,4,55,12,71,0,11,77,12,100,124,0,124,224
02/07/2020,IXD,KS,ACE,CE,Federal Contract Tower,0,7,16,0,23,0,4,47,1,52,0,11,63,1,75,74,2,76,151
02/08/2020,IXD,KS,ACE,CE,Federal Contract Tower,0,3,7,2,12,0,7,82,0,89,0,10,89,2,101,156,0,156,257
02/09/2020,IXD,KS,ACE,CE,Federal Contract Tower,0,4,9,0,13,0,0,12,2,14,0,4,21,2,27,14,0,14,41
02/10/2020,IXD,KS,ACE,CE,Federal Contract Tower,0,6,18,0,24,0,5,77,3,85,0,11,95,3,109,102,0,102,211
02/11/2020,IXD,KS,ACE,CE,Federal Contract Tower,0,11,22,0,33,0,4,57,1,62,0,15,79,1,95,106,0,106,201
02/12/2020,IXD,KS,ACE,CE,Federal Contract Tower,0,6,7,0,13,0,0,0,0,0,0,6,7,0,13,0,0,0,13
02/13/2020,IXD,KS,ACE,CE,Federal Contract Tower,0,4,15,0,19,0,3,20,5,28,0,7,35,5,47,24,4,28,75
02/14/2020,IXD,KS,ACE,CE,Federal Contract Tower,0,1,15,0,16,0,0,19,2,21,0,1,34,2,37,58,8,66,103
02/15/2020,IXD,KS,ACE,CE,Federal Contract Tower,0,1,7,0,8,0,0,21,0,21,0,1,28,0,29,72,0,72,101
02/16/2020,IXD,KS,ACE,CE,Federal Contract Tower,0,2,8,0,10,0,0,73,0,73,0,2,81,0,83,220,0,220,303
02/17/2020,IXD,KS,ACE,CE,Federal Contract Tower,0,6,17,0,23,0,0,44,0,44,0,6,61,0,67,106,0,106,173
02/18/2020,IXD,KS,ACE,CE,Federal Contract Tower,0,6,36,1,43,0,15,44,8,67,0,21,80,9,110,136,0,136,246
02/19/2020,IXD,KS,ACE,CE,Federal Contract Tower,0,4,21,1,26,0,2,81,7,90,0,6,102,8,116,118,0,118,234
02/20/2020,IXD,KS,ACE,CE,Federal Contract Tower,0,7,18,0,25,0,9,53,8,70,0,16,71,8,95,22,0,22,117
02/21/2020,IXD,KS,ACE,CE,Federal Contract Tower,0,6,30,1,37,0,3,88,4,95,0,9,118,5,132,174,0,174,306
02/22/2020,IXD,KS,ACE,CE,Federal Contract Tower,0,1,10,0,11,0,2,57,0,59,0,3,67,0,70,54,0,54,124
02/23/2020,IXD,KS,ACE,CE,Federal Contract Tower,0,4,17,4,25,0,0,52,6,58,0,4,69,10,83,126,4,130,213
02/24/2020,IXD,KS,ACE,CE,Federal Contract Tower,0,3,16,2,21,0,0,0,3,3,0,3,16,5,24,0,14,14,38
02/25/2020,IXD,KS,ACE,CE,Federal Contract Tower,0,15,18,1,34,0,1,7,2,10,0,16,25,3,44,22,0,22,66
02/26/2020,IXD,KS,ACE,CE,Federal Contract Tower,0,6,18,0,24,0,14,31,6,51,0,20,49,6,75,76,0,76,151
02/27/2020,IXD,KS,ACE,CE,Federal Contract Tower,0,5,24,0,29,0,1,39,15,55,0,6,63,15,84,56,6,62,146
02/28/2020,IXD,KS,ACE,CE,Federal Contract Tower,0,5,21,0,26,0,12,49,0,61,0,17,70,0,87,92,0,92,179
02/29/2020,IXD,KS,ACE,CE,Federal Contract Tower,0,1,13,1,15,0,3,67,0,70,0,4,80,1,85,150,0,150,235
03/01/2020,IXD,KS,ACE,CE,Federal Contract Tower,0,1,8,2,11,0,0,42,0,42,0,1,50,2,53,82,0,82,135
03/02/2020,IXD,KS,ACE,CE,Federal Contract Tower,0,5,6,5,16,0,4,65,8,77,0,9,71,13,93,178,22,200,293
03/03/2020,IXD,KS,ACE,CE,Federal Contract Tower,0,0,16,1,17,0,4,82,0,86,0,4,98,1,103,114,0,114,217
03/04/2020,IXD,KS,ACE,CE,Federal Contract Tower,0,5,15,2,22,0,8,79,0,87,0,13,94,2,109,184,0,184,293
03/05/2020,IXD,KS,ACE,CE,Federal Contract Tower,0,3,11,0,14,0,5,43,8,56,0,8,54,8,70,2,0,2,72
03/06/2020,IXD,KS,ACE,CE,Federal Contract Tower,0,3,22,2,27,0,8,100,8,116,0,11,122,10,143,188,0,188,331
03/07/2020,IXD,KS,ACE,CE,Federal Contract Tower,0,5,5,0,10,0,5,38,8,51,0,10,43,8,61,46,0,46,107
03/08/2020,IXD,KS,ACE,CE,Federal Contract Tower,0,6,16,0,22,0,0,10,5,15,0,6,26,5,37,0,0,0,37
03/09/2020,IXD,KS,ACE,CE,Federal Contract Tower,0,9,11,0,20,0,0,0,0,0,0,9,11,0,20,0,0,0,20
03/10/2020,IXD,KS,ACE,CE,Federal Contract Tower,0,8,36,3,47,0,0,35,0,35,0,8,71,3,82,110,0,110,192
03/11/2020,IXD,KS,ACE,CE,Federal Contract Tower,0,6,21,0,27,0,4,80,2,86,0,10,101,2,113,153,0,153,266
03/12/2020,IXD,KS,ACE,CE,Federal Contract Tower,0,10,22,0,32,0,9,26,3,38,0,19,48,3,70,58,0,58,128
03/13/2020,IXD,KS,ACE,CE,Federal Contract Tower,0,6,17,1,24,0,8,65,0,73,0,14,82,1,97,130,0,130,227
03/14/2020,IXD,KS,ACE,CE,Federal Contract Tower,0,3,10,0,13,0,0,0,0,0,0,3,10,0,13,0,0,0,13
03/15/2020,IXD,KS,ACE,CE,Federal Contract Tower,0,2,5,0,7,0,0,2,0,2,0,2,7,0,9,24,0,24,33
03/16/2020,IXD,KS,ACE,CE,Federal Contract Tower,0,13,10,0,23,0,0,0,0,0,0,13,10,0,23,0,0,0,23
03/17/2020,IXD,KS,ACE,CE,Federal Contract Tower,0,13,2,0,15,0,1,20,0,21,0,14,22,0,36,68,0,68,104
03/18/2020,IXD,KS,ACE,CE,Federal Contract Tower,0,9,15,0,24,0,0,1,0,1,0,9,16,0,25,8,0,8,33
03/19/2020,IXD,KS,ACE,CE,Federal Contract Tower,0,8,10,0,18,0,1,1,0,2,0,9,11,0,20,14,0,14,34
03/20/2020,IXD,KS,ACE,CE,Federal Contract Tower,0,2,12,0,14,0,3,14,0,17,0,5,26,0,31,30,0,30,61
03/21/2020,IXD,KS,ACE,CE,Federal Contract Tower,0,6,12,0,18,0,1,90,0,91,0,7,102,0,109,174,0,174,283
03/22/2020,IXD,KS,ACE,CE,Federal Contract Tower,0,3,9,0,12,0,0,0,0,0,0,3,9,0,12,0,0,0,12
03/23/2020,IXD,KS,ACE,CE,Federal Contract Tower,0,3,8,0,11,0,0,0,1,1,0,3,8,1,12,0,0,0,12
03/24/2020,IXD,KS,ACE,CE,Federal Contract Tower,0,5,9,0,14,0,0,10,0,10,0,5,19,0,24,0,0,0,24
03/25/2020,IXD,KS,ACE,CE,Federal Contract Tower,0,3,4,0,7,0,8,9,1,18,0,11,13,1,25,26,0,26,51
03/26/2020,IXD,KS,ACE,CE,Federal Contract Tower,0,2,5,0,7,0,2,21,0,23,0,4,26,0,30,16,0,16,46
03/27/2020,IXD,KS,ACE,CE,Federal Contract Tower,0,3,4,0,7,0,0,3,0,3,0,3,7,0,10,4,0,4,14
03/28/2020,IXD,KS,ACE,CE,Federal Contract Tower,0,3,0,0,3,0,0,1,0,1,0,3,1,0,4,0,0,0,4
03/29/2020,IXD,KS,ACE,CE,Federal Contract Tower,0,2,5,0,7,0,0,15,0,15,0,2,20,0,22,8,0,8,30
03/30/2020,IXD,KS,ACE,CE,Federal Contract Tower,0,1,3,2,6,0,0,19,0,19,0,1,22,2,25,12,0,12,37
03/31/2020,IXD,KS,ACE,CE,Federal Contract Tower,0,5,2,0,7,0,6,26,0,32,0,11,28,0,39,18,0,18,57
04/01/2020,IXD,KS,ACE,CE,Federal Contract Tower,0,4,10,0,14,0,0,19,2,21,0,4,29,2,35,24,0,24,59
04/02/2020,IXD,KS,ACE,CE,Federal Contract Tower,0,2,4,0,6,0,0,4,2,6,0,2,8,2,12,8,0,8,20
04/03/2020,IXD,KS,ACE,CE,Federal Contract Tower,0,0,1,0,1,0,0,0,0,0,0,0,1,0,1,6,0,6,7
04/04/2020,IXD,KS,ACE,CE,Federal Contract Tower,0,0,10,0,10,0,1,9,0,10,0,1,19,0,20,22,0,22,42
04/05/2020,IXD,KS,ACE,CE,Federal Contract Tower,0,2,5,0,7,0,0,6,0,6,0,2,11,0,13,6,0,6,19
04/06/2020,IXD,KS,ACE,CE,Federal Contract Tower,0,5,3,0,8,0,0,1,4,5,0,5,4,4,13,0,0,0,13
04/07/2020,IXD,KS,ACE,CE,Federal Contract Tower,0,3,6,0,9,0,0,19,1,20,0,3,25,1,29,32,0,32,61
04/08/2020,IXD,KS,ACE,CE,Federal Contract Tower,0,1,8,0,9,0,0,6,5,11,0,1,14,5,20,0,0,0,20
04/09/2020,IXD,KS,ACE,CE,Federal Contract Tower,0,2,4,0,6,0,0,8,2,10,0,2,12,2,16,8,0,8,24
04/10/2020,IXD,KS,ACE,CE,Federal Contract Tower,0,4,0,0,4,0,0,41,1,42,0,4,41,1,46,30,0,30,76
04/11/2020,IXD,KS,ACE,CE,Federal Contract Tower,0,2,3,0,5,0,0,2,0,2,0,2,5,0,7,0,0,0,7
04/12/2020,IXD,KS,ACE,CE,Federal Contract Tower,0,2,0,0,2,0,0,0,0,0,0,2,0,0,2,0,0,0,2
04/13/2020,IXD,KS,ACE,CE,Federal Contract Tower,0,4,4,0,8,0,0,20,8,28,0,4,24,8,36,12,4,16,52
04/14/2020,IXD,KS,ACE,CE,Federal Contract Tower,0,3,3,2,8,0,0,26,3,29,0,3,29,5,37,36,6,42,79
04/15/2020,IXD,KS,ACE,CE,Federal Contract Tower,0,2,11,0,13,0,9,27,2,38,0,11,38,2,51,24,0,24,75
04/16/2020,IXD,KS,ACE,CE,Federal Contract Tower,0,2,1,0,3,0,0,10,0,10,0,2,11,0,13,0,4,4,17
04/17/2020,IXD,KS,ACE,CE,Federal Contract Tower,0,3,0,4,7,0,1,2,2,5,0,4,2,6,12,0,0,0,12
04/18/2020,IXD,KS,ACE,CE,Federal Contract Tower,0,0,4,0,4,0,0,14,0,14,0,0,18,0,18,38,0,38,56
04/19/2020,IXD,KS,ACE,CE,Federal Contract Tower,0,1,1,0,2,0,0,18,0,18,0,1,19,0,20,16,0,16,36
04/20/2020,IXD,KS,ACE,CE,Federal Contract Tower,0,2,7,0,9,0,0,33,4,37,0,2,40,4,46,48,8,56,102
04/21/2020,IXD,KS,ACE,CE,Federal Contract Tower,0,0,5,0,5,0,4,61,4,69,0,4,66,4,74,58,0,58,132
04/22/2020,IXD,KS,ACE,CE,Federal Contract Tower,0,1,3,0,4,0,1,5,2,8,0,2,8,2,12,0,6,6,18
04/23/2020,IXD,KS,ACE,CE,Federal Contract Tower,0,3,5,6,14,0,0,36,4,40,0,3,41,10,54,24,0,24,78
04/24/2020,IXD,KS,ACE,CE,Federal Contract Tower,0,0,0,0,0,0,0,2,0,2,0,0,2,0,2,0,0,0,2
04/25/2020,IXD,KS,ACE,CE,Federal Contract Tower,0,5,10,0,15,0,0,24,0,24,0,5,34,0,39,32,0,32,71
04/26/2020,IXD,KS,ACE,CE,Federal Contract Tower,0,3,5,0,8,0,0,44,0,44,0,3,49,0,52,108,0,108,160
04/27/2020,IXD,KS,ACE,CE,Federal Contract Tower,0,3,11,0,14,0,3,41,4,48,0,6,52,4,62,30,0,30,92
04/28/2020,IXD,KS,ACE,CE,Federal Contract Tower,0,1,2,2,5,0,2,21,5,28,0,3,23,7,33,6,0,6,39
04/29/2020,IXD,KS,ACE,CE,Federal Contract Tower,0,6,2,1,9,0,8,6,3,17,0,14,8,4,26,2,0,2,28
04/30/2020,IXD,KS,ACE,CE,Federal Contract Tower,0,6,9,0,15,0,13,89,4,106,0,19,98,4,121,140,0,140,261
05/01/2020,IXD,KS,ACE,CE,Federal Contract Tower,0,3,3,7,13,0,1,17,3,21,0,4,20,10,34,20,0,20,54
05/02/2020,IXD,KS,ACE,CE,Federal Contract Tower,0,1,7,0,8,0,1,46,0,47,0,2,53,0,55,70,0,70,125
05/03/2020,IXD,KS,ACE,CE,Federal Contract Tower,0,3,10,0,13,0,0,13,0,13,0,3,23,0,26,18,0,18,44
05/04/2020,IXD,KS,ACE,CE,Federal Contract Tower,0,4,3,4,11,0,0,0,0,0,0,4,3,4,11,0,0,0,11
05/05/2020,IXD,KS,ACE,CE,Federal Contract Tower,0,1,17,2,20,0,4,14,3,21,0,5,31,5,41,0,0,0,41
05/06/2020,IXD,KS,ACE,CE,Federal Contract Tower,0,1,31,0,32,0,6,78,7,91,0,7,109,7,123,152,0,152,275
05/07/2020,IXD,KS,ACE,CE,Federal Contract Tower,0,6,15,0,21,0,8,32,0,40,0,14,47,0,61,70,0,70,131
05/08/2020,IXD,KS,ACE,CE,Federal Contract Tower,0,3,15,2,20,0,5,61,3,69,0,8,76,5,89,36,0,36,125
05/09/2020,IXD,KS,ACE,CE,Federal Contract Tower,0,0,11,0,11,0,0,60,0,60,0,0,71,0,71,114,0,114,185
05/10/2020,IXD,KS,ACE,CE,Federal Contract Tower,0,0,3,0,3,0,0,15,0,15,0,0,18,0,18,10,0,10,28
05/11/2020,IXD,KS,ACE,CE,Federal Contract Tower,0,2,8,0,10,0,0,88,4,92,0,2,96,4,102,172,0,172,274
05/12/2020,IXD,KS,ACE,CE,Federal Contract Tower,0,3,24,0,27,0,0,22,2,24,0,3,46,2,51,38,0,38,89
05/13/2020,IXD,KS,ACE,CE,Federal Contract Tower,0,7,15,0,22,0,0,2,0,2,0,7,17,0,24,0,0,0,24
05/14/2020,IXD,KS,ACE,CE,Federal Contract Tower,0,4,15,0,19,0,2,16,5,23,0,6,31,5,42,66,12,78,120
05/15/2020,IXD,KS,ACE,CE,Federal Contract Tower,0,2,21,4,27,0,0,2,4,6,0,2,23,8,33,2,0,2,35
05/16/2020,IXD,KS,ACE,CE,Federal Contract Tower,0,0,6,0,6,0,0,9,0,9,0,0,15,0,15,84,0,84,99
05/17/2020,IXD,KS,ACE,CE,Federal Contract Tower,0,2,24,0,26,0,0,28,0,28,0,2,52,0,54,20,0,20,74
05/18/2020,IXD,KS,ACE,CE,Federal Contract Tower,0,6,22,0,28,0,0,63,15,78,0,6,85,15,106,140,0,140,246
05/19/2020,IXD,KS,ACE,CE,Federal Contract Tower,0,6,21,0,27,0,0,97,25,122,0,6,118,25,149,233,0,233,382
05/20/2020,IXD,KS,ACE,CE,Federal Contract Tower,0,15,48,3,66,0,9,28,29,66,0,24,76,32,132,102,0,102,234
05/21/2020,IXD,KS,ACE,CE,Federal Contract Tower,0,9,27,11,47,0,3,42,17,62,0,12,69,28,109,126,0,126,235
05/22/2020,IXD,KS,ACE,CE,Federal Contract Tower,0,6,8,0,14,0,2,25,18,45,0,8,33,18,59,80,0,80,139
05/23/2020,IXD,KS,ACE,CE,Federal Contract Tower,0,1,14,0,15,0,0,87,5,92,0,1,101,5,107,184,0,184,291
05/24/2020,IXD,KS,ACE,CE,Federal Contract Tower,0,0,5,0,5,0,0,26,0,26,0,0,31,0,31,110,0,110,141
05/25/2020,IXD,KS,ACE,CE,Federal Contract Tower,0,2,7,0,9,0,0,27,0,27,0,2,34,0,36,106,0,106,142
05/26/2020,IXD,KS,ACE,CE,Federal Contract Tower,0,4,28,0,32,0,0,2,0,2,0,4,30,0,34,0,0,0,34
05/27/2020,IXD,KS,ACE,CE,Federal Contract Tower,0,13,19,0,32,0,6,38,1,45,0,19,57,1,77,168,1,169,246
05/28/2020,IXD,KS,ACE,CE,Federal Contract Tower,0,2,21,0,23,0,0,7,2,9,0,2,28,2,32,26,8,34,66
05/29/2020,IXD,KS,ACE,CE,Federal Contract Tower,0,7,22,0,29,0,15,102,2,119,0,22,124,2,148,204,0,204,352
05/30/2020,IXD,KS,ACE,CE,Federal Contract Tower,0,4,15,0,19,0,0,83,12,95,0,4,98,12,114,200,2,202,316
05/31/2020,IXD,KS,ACE,CE,Federal Contract Tower,0,3,14,2,19,0,0,60,7,67,0,3,74,9,86,160,0,160,246
06/01/2020,IXD,KS,ACE,CE,Federal Contract Tower,0,2,13,0,15,0,0,66,4,70,0,2,79,4,85,194,0,194,279
06/02/2020,IXD,KS,ACE,CE,Federal Contract Tower,0,0,30,0,30,0,0,94,2,96,0,0,124,2,126,194,0,194,320
06/03/2020,IXD,KS,ACE,CE,Federal Contract Tower,0,1,23,0,24,0,2,77,9,88,0,3,100,9,112,188,0,188,300
06/04/2020,IXD,KS,ACE,CE,Federal Contract Tower,0,2,9,0,11,0,4,69,10,83,0,6,78,10,94,140,0,140,234
06/05/2020,IXD,KS,ACE,CE,Federal Contract Tower,0,3,16,0,19,0,9,76,4,89,0,12,92,4,108,238,0,238,346
06/06/2020,IXD,KS,ACE,CE,Federal Contract Tower,0,5,10,1,16,0,0,77,3,80,0,5,87,4,96,118,0,118,214
06/07/2020,IXD,KS,ACE,CE,Federal Contract Tower,0,3,3,4,10,0,1,74,0,75,0,4,77,4,85,56,0,56,141
06/08/2020,IXD,KS,ACE,CE,Federal Contract Tower,0,4,8,0,12,0,0,66,0,66,0,4,74,0,78,102,0,102,180
06/09/2020,IXD,KS,ACE,CE,Federal Contract Tower,0,6,9,0,15,0,1,57,4,62,0,7,66,4,77,118,0,118,195
06/10/2020,IXD,KS,ACE,CE,Federal Contract Tower,0,6,10,1,17,0,3,21,4,28,0,9,31,5,45,36,0,36,81
06/11/2020,IXD,KS,ACE,CE,Federal Contract Tower,0,3,20,1,24,0,2,117,8,127,0,5,137,9,151,256,2,258,409
06/12/2020,IXD,KS,ACE,CE,Federal Contract Tower,0,6,30,0,36,0,22,79,2,103,0,28,109,2,139,206,0,206,345
06/13/2020,IXD,KS,ACE,CE,Federal Contract Tower,0,7,11,0,18,0,0,83,2,85,0,7,94,2,103,200,0,200,303
06/14/2020,IXD,KS,ACE,CE,Federal Contract Tower,0,8,13,0,21,0,0,75,0,75,0,8,88,0,96,150,0,150,246
06/15/2020,IXD,KS,ACE,CE,Federal Contract Tower,0,3,18,0,21,0,2,92,7,101,0,5,110,7,122,126,2,128,250
06/16/2020,IXD,KS,ACE,CE,Federal Contract Tower,0,12,17,0,29,0,2,93,4,99,0,14,110,4,128,238,0,238,366
06/17/2020,IXD,KS,ACE,CE,Federal Contract Tower,0,10,20,0,30,0,2,98,2,102,0,12,118,2,132,188,2,190,322
06/18/2020,IXD,KS,ACE,CE,Federal Contract Tower,0,5,17,0,22,0,7,73,6,86,0,12,90,6,108,172,0,172,280
06/19/2020,IXD,KS,ACE,CE,Federal Contract Tower,0,11,11,0,22,0,2,24,0,26,0,13,35,0,48,54,0,54,102
06/20/2020,IXD,KS,ACE,CE,Federal Contract Tower,0,2,15,0,17,0,0,45,5,50,0,2,60,5,67,70,0,70,137
06/21/2020,IXD,KS,ACE,CE,Federal Contract Tower,0,1,14,0,15,0,1,75,3,79,0,2,89,3,94,166,0,166,260
06/22/2020,IXD,KS,ACE,CE,Federal Contract Tower,0,5,29,0,34,0,5,72,3,80,0,10,101,3,114,138,0,138,252
06/23/2020,IXD,KS,ACE,CE,Federal Contract Tower,0,5,15,0,20,0,5,83,5,93,0,10,98,5,113,168,0,168,281
06/24/2020,IXD,KS,ACE,CE,Federal Contract Tower,0,12,18,1,31,0,1,87,7,95,0,13,105,8,126,194,0,194,320
06/25/2020,IXD,KS,ACE,CE,Federal Contract Tower,0,10,19,1,30,0,2,96,3,101,0,12,115,4,131,166,0,166,297
06/26/2020,IXD,KS,ACE,CE,Federal Contract Tower,0,9,5,1,15,0,1,71,2,74,0,10,76,3,89,146,10,156,245
06/27/2020,IXD,KS,ACE,CE,Federal Contract Tower,0,0,24,0,24,0,0,7,0,7,0,0,31,0,31,44,0,44,75
06/28/2020,IXD,KS,ACE,CE,Federal Contract Tower,0,8,18,0,26,0,1,56,0,57,0,9,74,0,83,88,0,88,171
06/29/2020,IXD,KS,ACE,CE,Federal Contract Tower,0,6,15,0,21,0,0,49,0,49,0,6,64,0,70,166,0,166,236
06/30/2020,IXD,KS,ACE,CE,Federal Contract Tower,0,10,12,0,22,0,0,74,0,74,0,10,86,0,96,164,0,164,260
07/01/2020,IXD,KS,ACE,CE,Federal Contract Tower,0,4,23,2,29,0,1,46,0,47,0,5,69,2,76,188,0,188,264
07/02/2020,IXD,KS,ACE,CE,Federal Contract Tower,0,3,10,0,13,0,0,80,0,80,0,3,90,0,93,180,0,180,273
07/03/2020,IXD,KS,ACE,CE,Federal Contract Tower,0,1,6,0,7,0,0,60,0,60,0,1,66,0,67,134,0,134,201
07/04/2020,IXD,KS,ACE,CE,Federal Contract Tower,0,3,2,1,6,0,0,14,0,14,0,3,16,1,20,22,0,22,42
07/05/2020,IXD,KS,ACE,CE,Federal Contract Tower,0,0,20,0,20,0,0,50,0,50,0,0,70,0,70,124,0,124,194
07/06/2020,IXD,KS,ACE,CE,Federal Contract Tower,0,3,5,0,8,0,1,76,0,77,0,4,81,0,85,184,0,184,269
07/07/2020,IXD,KS,ACE,CE,Federal Contract Tower,0,1,21,0,22,0,1,80,1,82,0,2,101,1,104,212,14,226,330
07/08/2020,IXD,KS,ACE,CE,Federal Contract Tower,0,2,29,6,37,0,8,113,6,127,0,10,142,12,164,192,12,204,368
07/09/2020,IXD,KS,ACE,CE,Federal Contract Tower,0,2,10,0,12,0,2,68,5,75,0,4,78,5,87,190,0,190,277
07/10/2020,IXD,KS,ACE,CE,Federal Contract Tower,0,13,14,0,27,0,3,80,2,85,0,16,94,2,112,140,0,140,252
07/11/2020,IXD,KS,ACE,CE,Federal Contract Tower,0,2,9,0,11,0,0,59,1,60,0,2,68,1,71,66,0,66,137
07/12/2020,IXD,KS,ACE,CE,Federal Contract Tower,0,2,16,0,18,0,0,85,7,92,0,2,101,7,110,156,0,156,266
07/13/2020,IXD,KS,ACE,CE,Federal Contract Tower,0,7,19,0,26,0,0,89,7,96,0,7,108,7,122,190,6,196,318
07/14/2020,IXD,KS,ACE,CE,Federal Contract Tower,0,5,11,0,16,0,3,72,6,81,0,8,83,6,97,230,0,230,327
07/15/2020,IXD,KS,ACE,CE,Federal Contract Tower,0,6,12,3,21,0,0,35,4,39,0,6,47,7,60,160,0,160,220
07/16/2020,IXD,KS,ACE,CE,Federal Contract Tower,0,5,22,0,27,0,3,99,4,106,0,8,121,4,133,212,0,212,345
07/17/2020,IXD,KS,ACE,CE,Federal Contract Tower,0,9,20,0,29,0,2,82,4,88,0,11,102,4,117,224,0,224,341
07/18/2020,IXD,KS,ACE,CE,Federal Contract Tower,0,4,8,0,12,0,2,42,5,49,0,6,50,5,61,106,0,106,167
07/19/2020,IXD,KS,ACE,CE,Federal Contract Tower,0,3,8,1,12,0,2,43,2,47,0,5,51,3,59,120,0,120,179
07/20/2020,IXD,KS,ACE,CE,Federal Contract Tower,0,3,11,0,14,0,0,30,2,32,0,3,41,2,46,126,0,126,172
07/21/2020,IXD,KS,ACE,CE,Federal Contract Tower,0,12,14,2,28,0,3,33,3,39,0,15,47,5,67,94,0,94,161
07/22/2020,IXD,KS,ACE,CE,Federal Contract Tower,0,8,21,0,29,0,2,97,10,109,0,10,118,10,138,196,2,198,336
07/23/2020,IXD,KS,ACE,CE,Federal Contract Tower,0,13,37,2,52,0,1,132,11,144,0,14,169,13,196,322,0,322,518
07/24/2020,IXD,KS,ACE,CE,Federal Contract Tower,0,6,20,0,26,0,8,84,8,100,0,14,104,8,126,148,0,148,274
07/25/2020,IXD,KS,ACE,CE,Federal Contract Tower,0,2,15,4,21,0,4,52,2,58,0,6,67,6,79,174,6,180,259
07/26/2020,IXD,KS,ACE,CE,Federal Contract Tower,0,9,14,0,23,0,1,76,0,77,0,10,90,0,100,192,0,192,292
07/27/2020,IXD,KS,ACE,CE,Federal Contract Tower,0,18,12,0,30,0,1,41,2,44,0,19,53,2,74,94,0,94,168
07/28/2020,IXD,KS,ACE,CE,Federal Contract Tower,0,7,15,1,23,0,1,64,11,76,0,8,79,12,99,162,0,162,261
07/29/2020,IXD,KS,ACE,CE,Federal Contract Tower,0,6,16,1,23,0,1,7,0,8,0,7,23,1,31,8,0,8,39
07/30/2020,IXD,KS,ACE,CE,Federal Contract Tower,0,15,12,6,33,0,0,0,2,2,0,15,12,8,35,2,0,2,37
07/31/2020,IXD,KS,ACE,CE,Federal Contract Tower,0,5,25,0,30,0,2,43,5,50,0,7,68,5,80,60,0,60,140
08/01/2020,IXD,KS,ACE,CE,Federal Contract Tower,0,4,14,0,18,0,0,63,3,66,0,4,77,3,84,194,4,198,282
08/02/2020,IXD,KS,ACE,CE,Federal Contract Tower,0,2,12,0,14,0,0,62,0,62,0,2,74,0,76,152,0,152,228
08/03/2020,IXD,KS,ACE,CE,Federal Contract Tower,0,4,18,2,24,0,0,100,0,100,0,4,118,2,124,344,0,344,468
08/04/2020,IXD,KS,ACE,CE,Federal Contract Tower,0,1,24,0,25,0,5,117,6,128,0,6,141,6,153,218,0,218,371
08/05/2020,IXD,KS,ACE,CE,Federal Contract Tower,0,0,22,0,22,0,9,95,9,113,0,9,117,9,135,180,0,180,315
08/06/2020,IXD,KS,ACE,CE,Federal Contract Tower,0,6,23,0,29,0,6,94,12,112,0,12,117,12,141,284,6,290,431
08/07/2020,IXD,KS,ACE,CE,Federal Contract Tower,0,6,11,0,17,0,2,30,1,33,0,8,41,1,50,84,0,84,134
08/08/2020,IXD,KS,ACE,CE,Federal Contract Tower,0,7,16,1,24,0,3,42,0,45,0,10,58,1,69,122,0,122,191
08/09/2020,IXD,KS,ACE,CE,Federal Contract Tower,0,5,15,0,20,0,1,48,0,49,0,6,63,0,69,70,0,70,139
08/10/2020,IXD,KS,ACE,CE,Federal Contract Tower,0,9,28,0,37,0,0,88,8,96,0,9,116,8,133,172,0,172,305
08/11/2020,IXD,KS,ACE,CE,Federal Contract Tower,0,5,26,0,31,0,3,82,6,91,0,8,108,6,122,228,0,228,350
08/12/2020,IXD,KS,ACE,CE,Federal Contract Tower,0,8,17,1,26,0,9,86,1,96,0,17,103,2,122,184,0,184,306
08/13/2020,IXD,KS,ACE,CE,Federal Contract Tower,0,8,16,0,24,0,7,50,4,61,0,15,66,4,85,266,20,286,371
08/14/2020,IXD,KS,ACE,CE,Federal Contract Tower,0,11,30,4,45,0,7,98,3,108,0,18,128,7,153,156,0,156,309
08/15/2020,IXD,KS,ACE,CE,Federal Contract Tower,0,9,12,0,21,0,1,49,0,50,0,10,61,0,71,124,0,124,195
08/16/2020,IXD,KS,ACE,CE,Federal Contract Tower,0,6,18,0,24,0,4,76,4,84,0,10,94,4,108,192,0,192,300
08/17/2020,IXD,KS,ACE,CE,Federal Contract Tower,0,3,19,0,22,0,1,101,2,104,0,4,120,2,126,194,0,194,320
08/18/2020,IXD,KS,ACE,CE,Federal Contract Tower,0,7,14,0,21,0,8,107,4,119,0,15,121,4,140,214,0,214,354
08/19/2020,IXD,KS,ACE,CE,Federal Contract Tower,0,6,10,0,16,0,14,65,1,80,0,20,75,1,96,206,2,208,304
08/20/2020,IXD,KS,ACE,CE,Federal Contract Tower,0,6,24,2,32,0,16,75,5,96,0,22,99,7,128,92,2,94,222
08/21/2020,IXD,KS,ACE,CE,Federal Contract Tower,0,7,15,1,23,0,8,71,1,80,0,15,86,2,103,100,0,100,203
08/22/2020,IXD,KS,ACE,CE,Federal Contract Tower,0,3,6,0,9,0,9,53,5,67,0,12,59,5,76,102,0,102,178
08/23/2020,IXD,KS,ACE,CE,Federal Contract Tower,0,4,13,2,19,0,4,78,4,86,0,8,91,6,105,68,0,68,173
08/24/2020,IXD,KS,ACE,CE,Federal Contract Tower,0,5,20,3,28,0,2,67,5,74,0,7,87,8,102,132,2,134,236
08/25/2020,IXD,KS,ACE,CE,Federal Contract Tower,0,8,23,0,31,0,7,71,7,85,0,15,94,7,116,184,6,190,306
08/26/2020,IXD,KS,ACE,CE,Federal Contract Tower,0,8,20,2,30,0,13,95,3,111,0,21,115,5,141,192,0,192,333
08/27/2020,IXD,KS,ACE,CE,Federal Contract Tower,0,5,18,2,25,0,11,78,7,96,0,16,96,9,121,244,2,246,367
08/28/2020,IXD,KS,ACE,CE,Federal Contract Tower,0,6,14,2,22,0,10,98,4,112,0,16,112,6,134,188,0,188,322
08/29/2020,IXD,KS,ACE,CE,Federal Contract Tower,0,1,16,0,17,0,0,27,0,27,0,1,43,0,44,24,0,24,68
08/30/2020,IXD,KS,ACE,CE,Federal Contract Tower,0,4,25,0,29,0,2,61,0,63,0,6,86,0,92,152,0,152,244
08/31/2020,IXD,KS,ACE,CE,Federal Contract Tower,0,14,21,0,35,0,1,14,0,15,0,15,35,0,50,20,0,20,70
09/01/2020,IXD,KS,ACE,CE,Federal Contract Tower,0,15,17,1,33,0,2,30,2,34,0,17,47,3,67,112,0,112,179
09/02/2020,IXD,KS,ACE,CE,Federal Contract Tower,0,9,24,1,34,0,9,74,7,90,0,18,98,8,124,170,0,170,294
09/03/2020,IXD,KS,ACE,CE,Federal Contract Tower,0,10,23,3,36,0,8,49,6,63,0,18,72,9,99,116,4,120,219
09/04/2020,IXD,KS,ACE,CE,Federal Contract Tower,0,6,20,0,26,0,9,75,0,84,0,15,95,0,110,168,0,168,278
09/05/2020,IXD,KS,ACE,CE,Federal Contract Tower,0,4,1,0,5,0,4,90,0,94,0,8,91,0,99,166,0,166,265
09/06/2020,IXD,KS,ACE,CE,Federal Contract Tower,0,2,13,0,15,0,1,22,0,23,0,3,35,0,38,26,0,26,64
09/07/2020,IXD,KS,ACE,CE,Federal Contract Tower,0,9,15,0,24,0,0,63,0,63,0,9,78,0,87,118,0,118,205
09/08/2020,IXD,KS,ACE,CE,Federal Contract Tower,0,6,8,2,16,0,0,6,0,6,0,6,14,2,22,0,0,0,22
09/09/2020,IXD,KS,ACE,CE,Federal Contract Tower,0,9,21,0,30,0,0,0,0,0,0,9,21,0,30,0,0,0,30
09/10/2020,IXD,KS,ACE,CE,Federal Contract Tower,0,5,11,0,16,0,0,0,0,0,0,5,11,0,16,0,0,0,16
09/11/2020,IXD,KS,ACE,CE,Federal Contract Tower,0,6,27,0,33,0,0,6,2,8,0,6,33,2,41,2,0,2,43
09/12/2020,IXD,KS,ACE,CE,Federal Contract Tower,0,7,14,0,21,0,5,50,4,59,0,12,64,4,80,60,0,60,140
09/13/2020,IXD,KS,ACE,CE,Federal Contract Tower,0,5,13,0,18,0,0,70,10,80,0,5,83,10,98,126,0,126,224
09/14/2020,IXD,KS,ACE,CE,Federal Contract Tower,0,3,18,0,21,0,8,91,9,108,0,11,109,9,129,144,0,144,273
09/15/2020,IXD,KS,ACE,CE,Federal Contract Tower,0,3,12,0,15,0,11,78,3,92,0,14,90,3,107,188,0,188,295
09/16/2020,IXD,KS,ACE,CE,Federal Contract Tower,0,6,20,0,26,0,6,72,3,81,0,12,92,3,107,185,0,185,292
09/17/2020,IXD,KS,ACE,CE,Federal Contract Tower,0,3,25,1,29,0,9,64,6,79,0,12,89,7,108,222,0,222,330
09/18/2020,IXD,KS,ACE,CE,Federal Contract Tower,0,8,18,3,29,0,21,81,7,109,0,29,99,10,138,142,0,142,280
09/19/2020,IXD,KS,ACE,CE,Federal Contract Tower,0,1,8,0,9,0,0,76,1,77,0,1,84,1,86,56,0,56,142
09/20/2020,IXD,KS,ACE,CE,Federal Contract Tower,0,7,19,0,26,0,1,56,0,57,0,8,75,0,83,132,0,132,215
09/21/2020,IXD,KS,ACE,CE,Federal Contract Tower,0,7,17,0,24,0,7,84,4,95,0,14,101,4,119,216,0,216,335
09/22/2020,IXD,KS,ACE,CE,Federal Contract Tower,0,1,17,1,19,0,2,72,7,81,0,3,89,8,100,160,4,164,264
09/23/2020,IXD,KS,ACE,CE,Federal Contract Tower,0,5,38,0,43,0,7,56,7,70,0,12,94,7,113,128,0,128,241
09/24/2020,IXD,KS,ACE,CE,Federal Contract Tower,0,13,20,2,35,0,2,78,13,93,0,15,98,15,128,150,18,168,296
09/25/2020,IXD,KS,ACE,CE,Federal Contract Tower,0,10,25,3,38,0,9,86,5,100,0,19,111,8,138,100,2,102,240
09/26/2020,IXD,KS,ACE,CE,Federal Contract Tower,0,2,10,1,13,0,0,49,0,49,0,2,59,1,62,42,0,42,104
09/27/2020,IXD,KS,ACE,CE,Federal Contract Tower,0,11,17,1,29,0,0,8,0,8,0,11,25,1,37,32,0,32,69
09/28/2020,IXD,KS,ACE,CE,Federal Contract Tower,0,3,8,0,11,0,9,41,12,62,0,12,49,12,73,100,4,104,177
09/29/2020,IXD,KS,ACE,CE,Federal Contract Tower,0,2,15,0,17,0,6,87,0,93,0,8,102,0,110,170,0,170,280
09/30/2020,IXD,KS,ACE,CE,Federal Contract Tower,0,9,25,0,34,0,1,56,1,58,0,10,81,1,92,70,0,70,162
10/01/2020,IXD,KS,ACE,CE,Federal Contract Tower,0,10,27,0,37,0,7,52,0,59,0,17,79,0,96,72,0,72,168
10/02/2020,IXD,KS,ACE,CE,Federal Contract Tower,0,5,21,0,26,0,8,132,0,140,0,13,153,0,166,274,0,274,440
10/03/2020,IXD,KS,ACE,CE,Federal Contract Tower,0,2,8,0,10,0,1,58,0,59,0,3,66,0,69,202,0,202,271
10/04/2020,IXD,KS,ACE,CE,Federal Contract Tower,0,11,10,0,21,0,0,100,0,100,0,11,110,0,121,244,0,244,365
10/05/2020,IXD,KS,ACE,CE,Federal Contract Tower,0,6,20,0,26,0,4,43,2,49,0,10,63,2,75,28,0,28,103
10/06/2020,IXD,KS,ACE,CE,Federal Contract Tower,0,8,28,0,36,0,1,91,4,96,0,9,119,4,132,232,0,232,364
10/07/2020,IXD,KS,ACE,CE,Federal Contract Tower,0,7,13,0,20,0,6,59,4,69,0,13,72,4,89,226,0,226,315
10/08/2020,IXD,KS,ACE,CE,Federal Contract Tower,0,14,29,0,43,0,5,78,13,96,0,19,107,13,139,166,0,166,305
10/09/2020,IXD,KS,ACE,CE,Federal Contract Tower,0,7,32,0,39,0,9,58,0,67,0,16,90,0,106,100,0,100,206
10/10/2020,IXD,KS,ACE,CE,Federal Contract Tower,0,1,7,0,8,0,1,40,0,41,0,2,47,0,49,100,0,100,149
10/11/2020,IXD,KS,ACE,CE,Federal Contract Tower,0,8,18,0,26,0,0,38,0,38,0,8,56,0,64,116,0,116,180
10/12/2020,IXD,KS,ACE,CE,Federal Contract Tower,0,6,17,0,23,0,2,61,0,63,0,8,78,0,86,114,0,114,200
10/13/2020,IXD,KS,ACE,CE,Federal Contract Tower,0,7,24,0,31,0,1,92,3,96,0,8,116,3,127,136,0,136,263
10/14/2020,IXD,KS,ACE,CE,Federal Contract Tower,0,7,18,0,25,0,5,42,4,51,0,12,60,4,76,58,0,58,134
10/15/2020,IXD,KS,ACE,CE,Federal Contract Tower,0,5,15,2,22,0,6,63,5,74,0,11,78,7,96,164,6,170,266
10/16/2020,IXD,KS,ACE,CE,Federal Contract Tower,0,9,23,0,32,0,2,90,3,95,0,11,113,3,127,134,0,134,261
10/17/2020,IXD,KS,ACE,CE,Federal Contract Tower,0,1,25,0,26,0,0,4,0,4,0,1,29,0,30,0,0,0,30
10/18/2020,IXD,KS,ACE,CE,Federal Contract Tower,0,5,33,0,38,0,0,45,0,45,0,5,78,0,83,94,0,94,177
10/19/2020,IXD,KS,ACE,CE,Federal Contract Tower,0,2,22,0,24,0,5,78,2,85,0,7,100,2,109,214,0,214,323
10/20/2020,IXD,KS,ACE,CE,Federal Contract Tower,0,12,25,2,39,0,0,0,0,0,0,12,25,2,39,0,0,0,39
10/21/2020,IXD,KS,ACE,CE,Federal Contract Tower,0,10,36,0,46,0,0,0,0,0,0,10,36,0,46,0,0,0,46
10/22/2020,IXD,KS,ACE,CE,Federal Contract Tower,0,9,23,2,34,0,7,30,4,41,0,16,53,6,75,40,0,40,115
10/23/2020,IXD,KS,ACE,CE,Federal Contract Tower,0,8,20,0,28,0,2,14,4,20,0,10,34,4,48,102,0,102,150
10/24/2020,IXD,KS,ACE,CE,Federal Contract Tower,0,1,27,0,28,0,0,53,0,53,0,1,80,0,81,116,0,116,197
10/25/2020,IXD,KS,ACE,CE,Federal Contract Tower,0,3,16,0,19,0,0,5,0,5,0,3,21,0,24,68,0,68,92
10/26/2020,IXD,KS,ACE,CE,Federal Contract Tower,0,1,3,0,4,0,0,0,0,0,0,1,3,0,4,0,0,0,4
10/27/2020,IXD,KS,ACE,CE,Federal Contract Tower,0,4,11,0,15,0,6,3,0,9,0,10,14,0,24,20,0,20,44
10/28/2020,IXD,KS,ACE,CE,Federal Contract Tower,0,8,20,1,29,0,7,50,7,64,0,15,70,8,93,228,0,228,321
10/29/2020,IXD,KS,ACE,CE,Federal Contract Tower,0,7,14,0,21,0,7,50,2,59,0,14,64,2,80,92,0,92,172
10/30/2020,IXD,KS,ACE,CE,Federal Contract Tower,0,12,16,2,30,0,6,103,8,117,0,18,119,10,147,208,0,208,355
10/31/2020,IXD,KS,ACE,CE,Federal Contract Tower,0,2,13,2,17,0,0,41,0,41,0,2,54,2,58,60,0,60,118
11/01/2020,IXD,KS,ACE,CE,Federal Contract Tower,0,6,8,1,15,0,3,81,0,84,0,9,89,1,99,208,0,208,307
11/02/2020,IXD,KS,ACE,CE,Federal Contract Tower,0,14,14,0,28,0,1,87,6,94,0,15,101,6,122,114,0,114,236
11/03/2020,IXD,KS,ACE,CE,Federal Contract Tower,0,1,16,0,17,0,3,79,3,85,0,4,95,3,102,150,0,150,252
11/04/2020,IXD,KS,ACE,CE,Federal Contract Tower,0,4,18,0,22,0,8,76,0,84,0,12,94,0,106,154,0,154,260
11/05/2020,IXD,KS,ACE,CE,Federal Contract Tower,0,6,19,0,25,0,11,96,4,111,0,17,115,4,136,218,0,218,354
11/06/2020,IXD,KS,ACE,CE,Federal Contract Tower,0,3,13,0,16,0,3,44,4,51,0,6,57,4,67,94,0,94,161
11/07/2020,IXD,KS,ACE,CE,Federal Contract Tower,0,10,17,0,27,0,0,65,0,65,0,10,82,0,92,90,0,90,182
11/08/2020,IXD,KS,ACE,CE,Federal Contract Tower,0,4,15,1,20,0,0,17,6,23,0,4,32,7,43,80,0,80,123
11/09/2020,IXD,KS,ACE,CE,Federal Contract Tower,0,5,12,0,17,0,2,13,5,20,0,7,25,5,37,14,0,14,51
11/10/2020,IXD,KS,ACE,CE,Federal Contract Tower,0,8,8,0,16,0,3,0,3,6,0,11,8,3,22,0,0,0,22
11/11/2020,IXD,KS,ACE,CE,Federal Contract Tower,0,2,22,0,24,0,11,102,1,114,0,13,124,1,138,242,2,244,382
11/12/2020,IXD,KS,ACE,CE,Federal Contract Tower,0,4,40,0,44,0,10,58,5,73,0,14,98,5,117,90,4,94,211
11/13/2020,IXD,KS,ACE,CE,Federal Contract Tower,0,4,13,1,18,0,4,79,3,86,0,8,92,4,104,208,0,208,312
11/14/2020,IXD,KS,ACE,CE,Federal Contract Tower,0,0,7,0,7,0,0,0,0,0,0,0,7,0,7,0,0,0,7
11/15/2020,IXD,KS,ACE,CE,Federal Contract Tower,0,0,12,0,12,0,1,42,0,43,0,1,54,0,55,52,0,52,107
11/16/2020,IXD,KS,ACE,CE,Federal Contract Tower,0,4,23,4,31,0,4,67,2,73,0,8,90,6,104,116,0,116,220
11/17/2020,IXD,KS,ACE,CE,Federal Contract Tower,0,2,21,0,23,0,2,82,5,89,0,4,103,5,112,158,0,158,270
11/18/2020,IXD,KS,ACE,CE,Federal Contract Tower,0,11,14,0,25,0,5,7,4,16,0,16,21,4,41,40,0,40,81
11/19/2020,IXD,KS,ACE,CE,Federal Contract Tower,0,13,17,0,30,0,4,20,6,30,0,17,37,6,60,22,0,22,82
11/20/2020,IXD,KS,ACE,CE,Federal Contract Tower,0,4,23,1,28,0,6,70,4,80,0,10,93,5,108,148,4,152,260
11/21/2020,IXD,KS,ACE,CE,Federal Contract Tower,0,3,16,0,19,0,6,29,0,35,0,9,45,0,54,108,0,108,162
11/22/2020,IXD,KS,ACE,CE,Federal Contract Tower,0,5,10,1,16,0,0,53,0,53,0,5,63,1,69,180,0,180,249
11/23/2020,IXD,KS,ACE,CE,Federal Contract Tower,0,1,3,0,4,0,2,11,2,15,0,3,14,2,19,28,10,38,57
11/24/2020,IXD,KS,ACE,CE,Federal Contract Tower,0,14,12,0,26,0,0,0,2,2,0,14,12,2,28,14,0,14,42
11/25/2020,IXD,KS,ACE,CE,Federal Contract Tower,0,5,10,0,15,0,0,2,0,2,0,5,12,0,17,0,0,0,17
11/26/2020,IXD,KS,ACE,CE,Federal Contract Tower,0,5,5,0,10,0,0,21,0,21,0,5,26,0,31,54,0,54,85
11/27/2020,IXD,KS,ACE,CE,Federal Contract Tower,0,3,12,0,15,0,0,53,0,53,0,3,65,0,68,56,0,56,124
11/28/2020,IXD,KS,ACE,CE,Federal Contract Tower,0,5,14,0,19,0,0,86,0,86,0,5,100,0,105,200,0,200,305
11/29/2020,IXD,KS,ACE,CE,Federal Contract Tower,0,6,14,0,20,0,0,21,0,21,0,6,35,0,41,58,0,58,99
11/30/2020,IXD,KS,ACE,CE,Federal Contract Tower,0,3,14,0,17,0,7,64,2,73,0,10,78,2,90,118,0,118,208
12/01/2020,IXD,KS,ACE,CE,Federal Contract Tower,0,7,11,3,21,0,4,62,4,70,0,11,73,7,91,118,0,118,209
12/02/2020,IXD,KS,ACE,CE,Federal Contract Tower,0,6,10,2,18,0,4,43,4,51,0,10,53,6,69,158,0,158,227
12/03/2020,IXD,KS,ACE,CE,Federal Contract Tower,0,2,10,0,12,0,4,16,4,24,0,6,26,4,36,28,4,32,68
12/04/2020,IXD,KS,ACE,CE,Federal Contract Tower,0,1,8,0,9,0,6,74,4,84,0,7,82,4,93,78,2,80,173
12/05/2020,IXD,KS,ACE,CE,Federal Contract Tower,0,4,9,0,13,0,3,69,0,72,0,7,78,0,85,192,0,192,277
12/06/2020,IXD,KS,ACE,CE,Federal Contract Tower,0,1,20,0,21,0,0,95,0,95,0,1,115,0,116,188,0,188,304
12/07/2020,IXD,KS,ACE,CE,Federal Contract Tower,0,3,10,0,13,0,0,57,4,61,0,3,67,4,74,98,0,98,172
12/08/2020,IXD,KS,ACE,CE,Federal Contract Tower,0,7,21,4,32,0,3,71,2,76,0,10,92,6,108,158,0,158,266
12/09/2020,IXD,KS,ACE,CE,Federal Contract Tower,0,17,26,0,43,0,3,91,1,95,0,20,117,1,138,150,0,150,288
12/10/2020,IXD,KS,ACE,CE,Federal Contract Tower,0,9,22,0,31,0,11,86,8,105,0,20,108,8,136,252,4,256,392
12/11/2020,IXD,KS,ACE,CE,Federal Contract Tower,0,5,16,0,21,0,0,12,0,12,0,5,28,0,33,76,0,76,109
12/12/2020,IXD,KS,ACE,CE,Federal Contract Tower,0,4,10,0,14,0,0,2,0,2,0,4,12,0,16,30,0,30,46
12/13/2020,IXD,KS,ACE,CE,Federal Contract Tower,0,7,19,0,26,0,0,25,0,25,0,7,44,0,51,148,0,148,199
12/14/2020,IXD,KS,ACE,CE,Federal Contract Tower,0,3,18,0,21,0,2,40,2,44,0,5,58,2,65,154,0,154,219
12/15/2020,IXD,KS,ACE,CE,Federal Contract Tower,0,1,27,0,28,0,1,35,4,40,0,2,62,4,68,176,0,176,244
12/16/2020,IXD,KS,ACE,CE,Federal Contract Tower,0,7,21,1,29,0,2,16,4,22,0,9,37,5,51,62,0,62,113
12/17/2020,IXD,KS,ACE,CE,Federal Contract Tower,0,11,11,2,24,0,12,96,12,120,0,23,107,14,144,156,2,158,302
12/18/2020,IXD,KS,ACE,CE,Federal Contract Tower,0,9,25,0,34,0,1,26,0,27,0,10,51,0,61,26,0,26,87
12/19/2020,IXD,KS,ACE,CE,Federal Contract Tower,0,5,17,0,22,0,0,41,0,41,0,5,58,0,63,64,0,64,127
12/20/2020,IXD,KS,ACE,CE,Federal Contract Tower,0,3,18,0,21,0,3,94,0,97,0,6,112,0,118,220,0,220,338
12/21/2020,IXD,KS,ACE,CE,Federal Contract Tower,0,3,7,1,11,0,1,63,7,71,0,4,70,8,82,112,0,112,194
12/22/2020,IXD,KS,ACE,CE,Federal Contract Tower,0,11,29,0,40,0,3,50,0,53,0,14,79,0,93,50,0,50,143
12/23/2020,IXD,KS,ACE,CE,Federal Contract Tower,0,6,1,0,7,0,0,6,0,6,0,6,7,0,13,0,0,0,13
12/24/2020,IXD,KS,ACE,CE,Federal Contract Tower,0,0,13,0,13,0,0,15,0,15,0,0,28,0,28,10,0,10,38
12/25/2020,IXD,KS,ACE,CE,Federal Contract Tower,0,3,6,0,9,0,0,14,0,14,0,3,20,0,23,44,0,44,67
12/26/2020,IXD,KS,ACE,CE,Federal Contract Tower,0,8,18,0,26,0,0,77,0,77,0,8,95,0,103,134,0,134,237
12/27/2020,IXD,KS,ACE,CE,Federal Contract Tower,0,4,19,2,25,0,0,45,0,45,0,4,64,2,70,152,0,152,222
12/28/2020,IXD,KS,ACE,CE,Federal Contract Tower,0,2,21,0,23,0,0,39,7,46,0,2,60,7,69,166,0,166,235
12/29/2020,IXD,KS,ACE,CE,Federal Contract Tower,0,0,2,0,2,0,0,0,0,0,0,0,2,0,2,0,0,0,2
12/30/2020,IXD,KS,ACE,CE,Federal Contract Tower,0,6,12,0,18,0,3,48,2,53,0,9,60,2,71,90,0,90,161
12/31/2020,IXD,KS,ACE,CE,Federal Contract Tower,0,3,16,0,19,0,0,55,0,55,0,3,71,0,74,94,0,94,168
01/01/2021,IXD,KS,ACE,CE,Federal Contract Tower,0,0,1,0,1,0,0,0,0,0,0,0,1,0,1,0,0,0,1
01/02/2021,IXD,KS,ACE,CE,Federal Contract Tower,0,0,19,0,19,0,0,18,0,18,0,0,37,0,37,72,0,72,109
01/03/2021,IXD,KS,ACE,CE,Federal Contract Tower,0,3,9,0,12,0,0,0,0,0,0,3,9,0,12,0,0,0,12
01/04/2021,IXD,KS,ACE,CE,Federal Contract Tower,0,0,14,0,14,0,3,50,3,56,0,3,64,3,70,54,0,54,124
01/05/2021,IXD,KS,ACE,CE,Federal Contract Tower,0,6,21,1,28,0,1,82,1,84,0,7,103,2,112,122,0,122,234
01/06/2021,IXD,KS,ACE,CE,Federal Contract Tower,0,3,9,0,12,0,0,4,2,6,0,3,13,2,18,8,0,8,26
01/07/2021,IXD,KS,ACE,CE,Federal Contract Tower,0,9,19,0,28,0,0,5,8,13,0,9,24,8,41,14,2,16,57
01/08/2021,IXD,KS,ACE,CE,Federal Contract Tower,0,6,37,0,43,0,3,24,4,31,0,9,61,4,74,152,0,152,226
01/09/2021,IXD,KS,ACE,CE,Federal Contract Tower,0,0,4,0,4,0,0,32,12,44,0,0,36,12,48,170,6,176,224
01/10/2021,IXD,KS,ACE,CE,Federal Contract Tower,0,2,8,3,13,0,0,51,6,57,0,2,59,9,70,164,0,164,234
01/11/2021,IXD,KS,ACE,CE,Federal Contract Tower,0,6,7,1,14,0,3,57,3,63,0,9,64,4,77,138,0,138,215
01/12/2021,IXD,KS,ACE,CE,Federal Contract Tower,0,3,13,0,16,0,5,63,10,78,0,8,76,10,94,90,8,98,192
01/13/2021,IXD,KS,ACE,CE,Federal Contract Tower,0,2,27,1,30,0,9,65,3,77,0,11,92,4,107,144,0,144,251
01/14/2021,IXD,KS,ACE,CE,Federal Contract Tower,0,1,8,0,9,0,0,7,0,7,0,1,15,0,16,0,0,0,16
01/15/2021,IXD,KS,ACE,CE,Federal Contract Tower,0,1,9,0,10,0,0,0,0,0,0,1,9,0,10,0,0,0,10
01/16/2021,IXD,KS,ACE,CE,Federal Contract Tower,0,2,9,0,11,0,0,20,0,20,0,2,29,0,31,26,4,30,61
01/17/2021,IXD,KS,ACE,CE,Federal Contract Tower,0,1,16,0,17,0,0,49,0,49,0,1,65,0,66,154,0,154,220
01/18/2021,IXD,KS,ACE,CE,Federal Contract Tower,0,4,24,1,29,0,0,85,0,85,0,4,109,1,114,192,0,192,306
01/19/2021,IXD,KS,ACE,CE,Federal Contract Tower,0,3,20,0,23,0,7,41,10,58,0,10,61,10,81,58,10,68,149
01/20/2021,IXD,KS,ACE,CE,Federal Contract Tower,0,6,9,0,15,0,9,29,3,41,0,15,38,3,56,42,0,42,98
01/21/2021,IXD,KS,ACE,CE,Federal Contract Tower,0,10,21,0,31,0,6,94,13,113,0,16,115,13,144,252,0,252,396
01/22/2021,IXD,KS,ACE,CE,Federal Contract Tower,0,3,22,0,25,0,11,70,4,85,0,14,92,4,110,142,4,146,256
01/23/2021,IXD,KS,ACE,CE,Federal Contract Tower,0,1,6,12,19,0,0,66,0,66,0,1,72,12,85,44,0,44,129
01/24/2021,IXD,KS,ACE,CE,Federal Contract Tower,0,5,10,4,19,0,0,0,0,0,0,5,10,4,19,0,0,0,19
01/25/2021,IXD,KS,ACE,CE,Federal Contract Tower,0,1,16,0,17,0,0,0,0,0,0,1,16,0,17,0,0,0,17
01/26/2021,IXD,KS,ACE,CE,Federal Contract Tower,0,17,6,0,23,0,0,1,1,2,0,17,7,1,25,0,0,0,25
01/27/2021,IXD,KS,ACE,CE,Federal Contract Tower,0,16,10,0,26,0,0,2,1,3,0,16,12,1,29,6,0,6,35
01/28/2021,IXD,KS,ACE,CE,Federal Contract Tower,0,7,26,0,33,0,4,27,8,39,0,11,53,8,72,54,0,54,126
01/29/2021,IXD,KS,ACE,CE,Federal Contract Tower,0,11,11,2,24,0,7,69,1,77,0,18,80,3,101,96,0,96,197
01/30/2021,IXD,KS,ACE,CE,Federal Contract Tower,0,4,3,0,7,0,0,0,0,0,0,4,3,0,7,0,0,0,7
01/31/2021,IXD,KS,ACE,CE,Federal Contract Tower,0,6,3,0,9,0,0,2,0,2,0,6,5,0,11,4,0,4,15
02/01/2021,IXD,KS,ACE,CE,Federal Contract Tower,0,3,15,0,18,0,0,28,4,32,0,3,43,4,50,106,0,106,156
02/02/2021,IXD,KS,ACE,CE,Federal Contract Tower,0,3,13,0,16,0,1,24,2,27,0,4,37,2,43,48,0,48,91
02/03/2021,IXD,KS,ACE,CE,Federal Contract Tower,0,4,22,3,29,0,17,88,5,110,0,21,110,8,139,106,4,110,249
02/04/2021,IXD,KS,ACE,CE,Federal Contract Tower,0,4,15,0,19,0,2,3,8,13,0,6,18,8,32,0,4,4,36
02/05/2021,IXD,KS,ACE,CE,Federal Contract Tower,0,4,21,2,27,0,11,106,5,122,0,15,127,7,149,156,2,158,307
02/06/2021,IXD,KS,ACE,CE,Federal Contract Tower,0,1,8,0,9,0,0,9,2,11,0,1,17,2,20,52,0,52,72
02/07/2021,IXD,KS,ACE,CE,Federal Contract Tower,0,2,8,0,10,0,0,2,0,2,0,2,10,0,12,0,0,0,12
02/08/2021,IXD,KS,ACE,CE,Federal Contract Tower,0,5,8,0,13,0,0,0,0,0,0,5,8,0,13,0,0,0,13
02/09/2021,IXD,KS,ACE,CE,Federal Contract Tower,0,7,18,0,25,0,0,5,2,7,0,7,23,2,32,0,0,0,32
02/10/2021,IXD,KS,ACE,CE,Federal Contract Tower,0,3,17,0,20,0,2,5,8,15,0,5,22,8,35,14,18,32,67
02/11/2021,IXD,KS,ACE,CE,Federal Contract Tower,0,7,12,0,19,0,12,26,6,44,0,19,38,6,63,44,0,44,107
02/12/2021,IXD,KS,ACE,CE,Federal Contract Tower,0,6,13,0,19,0,7,25,0,32,0,13,38,0,51,42,0,42,93
02/13/2021,IXD,KS,ACE,CE,Federal Contract Tower,0,1,2,0,3,0,0,28,0,28,0,1,30,0,31,48,0,48,79
02/14/2021,IXD,KS,ACE,CE,Federal Contract Tower,0,0,3,0,3,0,0,2,0,2,0,0,5,0,5,12,0,12,17
02/15/2021,IXD,KS,ACE,CE,Federal Contract Tower,0,0,4,0,4,0,0,0,0,0,0,0,4,0,4,0,0,0,4
02/16/2021,IXD,KS,ACE,CE,Federal Contract Tower,0,3,11,0,14,0,3,3,2,8,0,6,14,2,22,0,0,0,22
02/17/2021,IXD,KS,ACE,CE,Federal Contract Tower,0,0,13,0,13,0,7,5,2,14,0,7,18,2,27,10,0,10,37
02/18/2021,IXD,KS,ACE,CE,Federal Contract Tower,0,7,13,3,23,0,7,37,9,53,0,14,50,12,76,108,8,116,192
02/19/2021,IXD,KS,ACE,CE,Federal Contract Tower,0,11,25,0,36,0,8,65,4,77,0,19,90,4,113,136,0,136,249
02/20/2021,IXD,KS,ACE,CE,Federal Contract Tower,0,4,13,0,17,0,0,88,0,88,0,4,101,0,105,186,0,186,291
02/21/2021,IXD,KS,ACE,CE,Federal Contract Tower,0,4,5,0,9,0,0,8,0,8,0,4,13,0,17,22,0,22,39
02/22/2021,IXD,KS,ACE,CE,Federal Contract Tower,0,6,18,0,24,0,8,80,2,90,0,14,98,2,114,80,2,82,196
02/23/2021,IXD,KS,ACE,CE,Federal Contract Tower,0,2,17,0,19,0,5,103,13,121,0,7,120,13,140,230,0,230,370
02/24/2021,IXD,KS,ACE,CE,Federal Contract Tower,0,5,14,0,19,0,9,55,3,67,0,14,69,3,86,94,0,94,180
02/25/2021,IXD,KS,ACE,CE,Federal Contract Tower,0,5,20,0,25,0,5,76,7,88,0,10,96,7,113,270,0,270,383
02/26/2021,IXD,KS,ACE,CE,Federal Contract Tower,0,2,20,1,23,0,4,54,1,59,0,6,74,2,82,130,2,132,214
02/27/2021,IXD,KS,ACE,CE,Federal Contract Tower,0,4,12,0,16,0,0,51,0,51,0,4,63,0,67,52,0,52,119
02/28/2021,IXD,KS,ACE,CE,Federal Contract Tower,0,5,19,0,24,0,0,68,0,68,0,5,87,0,92,162,0,162,254
03/01/2021,IXD,KS,ACE,CE,Federal Contract Tower,0,12,15,1,28,0,6,67,4,77,0,18,82,5,105,148,0,148,253
03/02/2021,IXD,KS,ACE,CE,Federal Contract Tower,0,6,32,0,38,0,14,74,8,96,0,20,106,8,134,114,0,114,248
03/03/2021,IXD,KS,ACE,CE,Federal Contract Tower,0,4,22,2,28,0,14,99,2,115,0,18,121,4,143,228,0,228,371
03/04/2021,IXD,KS,ACE,CE,Federal Contract Tower,0,9,13,0,22,0,14,72,10,96,0,23,85,10,118,88,0,88,206
03/05/2021,IXD,KS,ACE,CE,Federal Contract Tower,0,9,23,0,32,0,18,58,5,81,0,27,81,5,113,148,4,152,265
03/06/2021,IXD,KS,ACE,CE,Federal Contract Tower,0,0,6,0,6,0,4,87,6,97,0,4,93,6,103,170,2,172,275
03/07/2021,IXD,KS,ACE,CE,Federal Contract Tower,0,8,13,0,21,0,0,27,6,33,0,8,40,6,54,20,0,20,74
03/08/2021,IXD,KS,ACE,CE,Federal Contract Tower,0,5,19,0,24,0,23,36,5,64,0,28,55,5,88,70,0,70,158
03/09/2021,IXD,KS,ACE,CE,Federal Contract Tower,0,7,23,0,30,0,9,24,2,35,0,16,47,2,65,8,0,8,73
03/10/2021,IXD,KS,ACE,CE,Federal Contract Tower,0,4,17,0,21,0,0,6,1,7,0,4,23,1,28,0,2,2,30
03/11/2021,IXD,KS,ACE,CE,Federal Contract Tower,0,11,25,2,38,0,4,76,0,80,0,15,101,2,118,194,0,194,312
03/12/2021,IXD,KS,ACE,CE,Federal Contract Tower,0,13,14,0,27,0,12,7,0,19,0,25,21,0,46,46,0,46,92
03/13/2021,IXD,KS,ACE,CE,Federal Contract Tower,0,15,30,1,46,0,0,0,0,0,0,15,30,1,46,0,0,0,46
03/14/2021,IXD,KS,ACE,CE,Federal Contract Tower,0,9,9,0,18,0,0,0,0,0,0,9,9,0,18,0,0,0,18
03/15/2021,IXD,KS,ACE,CE,Federal Contract Tower,0,3,10,0,13,0,0,5,2,7,0,3,15,2,20,0,0,0,20
03/16/2021,IXD,KS,ACE,CE,Federal Contract Tower,0,7,31,2,40,0,0,8,0,8,0,7,39,2,48,4,0,4,52
03/17/2021,IXD,KS,ACE,CE,Federal Contract Tower,0,4,15,0,19,0,0,0,0,0,0,4,15,0,19,0,0,0,19
03/18/2021,IXD,KS,ACE,CE,Federal Contract Tower,0,8,22,22,52,0,0,11,9,20,0,8,33,31,72,10,20,30,102
03/19/2021,IXD,KS,ACE,CE,Federal Contract Tower,0,1,24,1,26,0,14,121,7,142,0,15,145,8,168,220,0,220,388
03/20/2021,IXD,KS,ACE,CE,Federal Contract Tower,0,7,19,0,26,0,3,93,0,96,0,10,112,0,122,184,0,184,306
03/21/2021,IXD,KS,ACE,CE,Federal Contract Tower,0,10,18,0,28,0,0,33,0,33,0,10,51,0,61,36,0,36,97
03/22/2021,IXD,KS,ACE,CE,Federal Contract Tower,0,8,15,1,24,0,14,49,4,67,0,22,64,5,91,68,0,68,159
03/23/2021,IXD,KS,ACE,CE,Federal Contract Tower,0,4,24,0,28,0,0,5,11,16,0,4,29,11,44,0,0,0,44
03/24/2021,IXD,KS,ACE,CE,Federal Contract Tower,0,12,32,12,56,0,12,11,6,29,0,24,43,18,85,70,2,72,157
03/25/2021,IXD,KS,ACE,CE,Federal Contract Tower,0,6,24,0,30,0,0,0,4,4,0,6,24,4,34,0,4,4,38
03/26/2021,IXD,KS,ACE,CE,Federal Contract Tower,0,10,22,10,42,0,7,78,2,87,0,17,100,12,129,136,0,136,265
03/27/2021,IXD,KS,ACE,CE,Federal Contract Tower,0,4,23,9,36,0,2,53,2,57,0,6,76,11,93,132,10,142,235
03/28/2021,IXD,KS,ACE,CE,Federal Contract Tower,0,6,20,1,27,0,0,115,0,115,0,6,135,1,142,168,0,168,310
03/29/2021,IXD,KS,ACE,CE,Federal Contract Tower,0,4,16,2,22,0,5,31,0,36,0,9,47,2,58,14,0,14,72
03/30/2021,IXD,KS,ACE,CE,Federal Contract Tower,0,8,12,0,20,0,13,59,2,74,0,21,71,2,94,60,0,60,154
03/31/2021,IXD,KS,ACE,CE,Federal Contract Tower,0,12,20,0,32,0,9,85,2,96,0,21,105,2,128,136,0,136,264
04/01/2021,IXD,KS,ACE,CE,Federal Contract Tower,0,10,23,3,36,0,4,100,10,114,0,14,123,13,150,238,2,240,390
04/02/2021,IXD,KS,ACE,CE,Federal Contract Tower,0,4,20,0,24,0,2,55,0,57,0,6,75,0,81,76,0,76,157
04/03/2021,IXD,KS,ACE,CE,Federal Contract Tower,0,1,9,1,11,0,0,59,1,60,0,1,68,2,71,62,18,80,151
04/04/2021,IXD,KS,ACE,CE,Federal Contract Tower,0,1,8,0,9,0,0,43,1,44,0,1,51,1,53,32,10,42,95
04/05/2021,IXD,KS,ACE,CE,Federal Contract Tower,0,10,20,0,30,0,6,44,8,58,0,16,64,8,88,48,0,48,136
04/06/2021,IXD,KS,ACE,CE,Federal Contract Tower,0,2,14,0,16,0,7,30,3,40,0,9,44,3,56,70,2,72,128
04/07/2021,IXD,KS,ACE,CE,Federal Contract Tower,0,14,12,0,26,0,2,4,1,7,0,16,16,1,33,0,0,0,33
04/08/2021,IXD,KS,ACE,CE,Federal Contract Tower,0,4,23,1,28,0,2,10,0,12,0,6,33,1,40,30,0,30,70
04/09/2021,IXD,KS,ACE,CE,Federal Contract Tower,0,13,29,2,44,0,19,124,10,153,0,32,153,12,197,204,8,212,409
04/10/2021,IXD,KS,ACE,CE,Federal Contract Tower,0,6,9,0,15,0,0,14,0,14,0,6,23,0,29,12,0,12,41
04/11/2021,IXD,KS,ACE,CE,Federal Contract Tower,0,6,24,0,30,0,10,84,10,104,0,16,108,10,134,196,6,202,336
04/12/2021,IXD,KS,ACE,CE,Federal Contract Tower,0,8,18,2,28,0,5,94,4,103,0,13,112,6,131,180,0,180,311
04/13/2021,IXD,KS,ACE,CE,Federal Contract Tower,0,14,18,4,36,0,8,68,6,82,0,22,86,10,118,146,4,150,268
04/14/2021,IXD,KS,ACE,CE,Federal Contract Tower,0,10,15,3,28,0,6,90,13,109,0,16,105,16,137,220,6,226,363
04/15/2021,IXD,KS,ACE,CE,Federal Contract Tower,0,6,31,22,59,0,6,93,5,104,0,12,124,27,163,192,12,204,367
04/16/2021,IXD,KS,ACE,CE,Federal Contract Tower,0,14,14,0,28,0,4,2,0,6,0,18,16,0,34,16,12,28,62
04/17/2021,IXD,KS,ACE,CE,Federal Contract Tower,0,5,11,0,16,0,0,25,0,25,0,5,36,0,41,102,0,102,143
04/18/2021,IXD,KS,ACE,CE,Federal Contract Tower,0,9,15,2,26,0,4,77,0,81,0,13,92,2,107,208,0,208,315
04/19/2021,IXD,KS,ACE,CE,Federal Contract Tower,0,6,23,1,30,0,5,60,4,69,0,11,83,5,99,284,0,284,383
04/20/2021,IXD,KS,ACE,CE,Federal Contract Tower,0,8,18,0,26,0,4,24,4,32,0,12,42,4,58,86,0,86,144
04/21/2021,IXD,KS,ACE,CE,Federal Contract Tower,0,13,35,0,48,0,6,80,4,90,0,19,115,4,138,168,0,168,306
04/22/2021,IXD,KS,ACE,CE,Federal Contract Tower,0,12,19,0,31,0,12,67,6,85,0,24,86,6,116,178,0,178,294
04/23/2021,IXD,KS,ACE,CE,Federal Contract Tower,0,11,14,0,25,0,4,23,6,33,0,15,37,6,58,126,0,126,184
04/24/2021,IXD,KS,ACE,CE,Federal Contract Tower,0,7,10,1,18,0,2,64,4,70,0,9,74,5,88,158,0,158,246
04/25/2021,IXD,KS,ACE,CE,Federal Contract Tower,0,8,16,0,24,0,8,58,0,66,0,16,74,0,90,164,0,164,254
04/26/2021,IXD,KS,ACE,CE,Federal Contract Tower,0,11,13,0,24,0,4,28,6,38,0,15,41,6,62,6,0,6,68
04/27/2021,IXD,KS,ACE,CE,Federal Contract Tower,0,13,19,1,33,0,6,25,1,32,0,19,44,2,65,78,0,78,143
04/28/2021,IXD,KS,ACE,CE,Federal Contract Tower,0,11,14,0,25,0,2,11,1,14,0,13,25,1,39,32,0,32,71
04/29/2021,IXD,KS,ACE,CE,Federal Contract Tower,0,16,13,1,30,0,12,86,12,110,0,28,99,13,140,180,0,180,320
04/30/2021,IXD,KS,ACE,CE,Federal Contract Tower,0,12,11,0,23,0,10,117,7,134,0,22,128,7,157,172,0,172,329
05/01/2021,IXD,KS,ACE,CE,Federal Contract Tower,0,2,20,8,30,0,2,62,4,68,0,4,82,12,98,70,4,74,172
05/02/2021,IXD,KS,ACE,CE,Federal Contract Tower,0,13,33,1,47,0,0,41,0,41,0,13,74,1,88,162,0,162,250
05/03/2021,IXD,KS,ACE,CE,Federal Contract Tower,0,4,26,2,32,0,0,35,0,35,0,4,61,2,67,116,0,116,183
05/04/2021,IXD,KS,ACE,CE,Federal Contract Tower,0,4,19,2,25,0,1,91,3,95,0,5,110,5,120,202,0,202,322
05/05/2021,IXD,KS,ACE,CE,Federal Contract Tower,0,5,22,0,27,0,4,90,3,97,0,9,112,3,124,228,0,228,352
05/06/2021,IXD,KS,ACE,CE,Federal Contract Tower,0,17,31,1,49,0,3,56,12,71,0,20,87,13,120,172,2,174,294
05/07/2021,IXD,KS,ACE,CE,Federal Contract Tower,0,4,24,0,28,0,1,70,2,73,0,5,94,2,101,140,0,140,241
05/08/2021,IXD,KS,ACE,CE,Federal Contract Tower,0,2,10,1,13,0,2,44,1,47,0,4,54,2,60,84,0,84,144
05/09/2021,IXD,KS,ACE,CE,Federal Contract Tower,0,2,15,0,17,0,0,13,0,13,0,2,28,0,30,58,0,58,88
05/10/2021,IXD,KS,ACE,CE,Federal Contract Tower,0,7,13,0,20,0,3,59,1,63,0,10,72,1,83,270,0,270,353
05/11/2021,IXD,KS,ACE,CE,Federal Contract Tower,0,10,18,0,28,0,1,45,3,49,0,11,63,3,77,176,2,178,255
05/12/2021,IXD,KS,ACE,CE,Federal Contract Tower,0,5,15,3,23,0,8,69,4,81,0,13,84,7,104,230,0,230,334
05/13/2021,IXD,KS,ACE,CE,Federal Contract Tower,0,4,19,0,23,0,4,111,5,120,0,8,130,5,143,306,0,306,449
05/14/2021,IXD,KS,ACE,CE,Federal Contract Tower,0,7,17,0,24,0,10,60,3,73,0,17,77,3,97,188,0,188,285
05/15/2021,IXD,KS,ACE,CE,Federal Contract Tower,0,3,15,1,19,0,0,11,2,13,0,3,26,3,32,74,0,74,106
05/16/2021,IXD,KS,ACE,CE,Federal Contract Tower,0,6,9,0,15,0,0,2,0,2,0,6,11,0,17,0,0,0,17
05/17/2021,IXD,KS,ACE,CE,Federal Contract Tower,0,7,32,4,43,0,0,0,0,0,0,7,32,4,43,0,0,0,43
05/18/2021,IXD,KS,ACE,CE,Federal Contract Tower,0,10,35,2,47,0,8,47,1,56,0,18,82,3,103,166,0,166,269
05/19/2021,IXD,KS,ACE,CE,Federal Contract Tower,0,8,32,0,40,0,0,6,2,8,0,8,38,2,48,18,0,18,66
05/20/2021,IXD,KS,ACE,CE,Federal Contract Tower,0,14,24,0,38,0,0,1,8,9,0,14,25,8,47,0,0,0,47
05/21/2021,IXD,KS,ACE,CE,Federal Contract Tower,0,7,23,4,34,0,0,26,2,28,0,7,49,6,62,130,0,130,192
05/22/2021,IXD,KS,ACE,CE,Federal Contract Tower,0,6,12,2,20,0,0,8,0,8,0,6,20,2,28,8,0,8,36
05/23/2021,IXD,KS,ACE,CE,Federal Contract Tower,0,5,15,0,20,0,2,67,0,69,0,7,82,0,89,344,0,344,433
05/24/2021,IXD,KS,ACE,CE,Federal Contract Tower,0,5,21,0,26,0,13,78,4,95,0,18,99,4,121,196,0,196,317
05/25/2021,IXD,KS,ACE,CE,Federal Contract Tower,0,12,39,1,52,0,0,70,0,70,0,12,109,1,122,254,0,254,376
05/26/2021,IXD,KS,ACE,CE,Federal Contract Tower,0,14,26,0,40,0,3,83,3,89,0,17,109,3,129,264,0,264,393
05/27/2021,IXD,KS,ACE,CE,Federal Contract Tower,0,7,12,0,19,0,1,18,2,21,0,8,30,2,40,76,18,94,134
05/28/2021,IXD,KS,ACE,CE,Federal Contract Tower,0,11,21,0,32,0,0,35,0,35,0,11,56,0,67,152,0,152,219
05/29/2021,IXD,KS,ACE,CE,Federal Contract Tower,0,6,10,0,16,0,0,67,0,67,0,6,77,0,83,236,0,236,319
05/30/2021,IXD,KS,ACE,CE,Federal Contract Tower,0,6,6,0,12,0,0,54,0,54,0,6,60,0,66,170,0,170,236
05/31/2021,IXD,KS,ACE,CE,Federal Contract Tower,0,7,9,0,16,0,0,12,0,12,0,7,21,0,28,32,0,32,60
06/01/2021,IXD,KS,ACE,CE,Federal Contract Tower,0,10,27,5,42,0,0,72,5,77,0,10,99,10,119,186,22,208,327
06/02/2021,IXD,KS,ACE,CE,Federal Contract Tower,0,12,24,1,37,0,1,105,2,108,0,13,129,3,145,338,0,338,483
06/03/2021,IXD,KS,ACE,CE,Federal Contract Tower,0,9,22,0,31,0,3,93,5,101,0,12,115,5,132,188,4,192,324
06/04/2021,IXD,KS,ACE,CE,Federal Contract Tower,0,5,21,1,27,0,5,112,2,119,0,10,133,3,146,308,0,308,454
06/05/2021,IXD,KS,ACE,CE,Federal Contract Tower,0,2,16,2,20,0,17,90,0,107,0,19,106,2,127,208,8,216,343
06/06/2021,IXD,KS,ACE,CE,Federal Contract Tower,0,10,21,0,31,0,1,36,6,43,0,11,57,6,74,112,0,112,186
06/07/2021,IXD,KS,ACE,CE,Federal Contract Tower,0,7,24,0,31,0,1,81,2,84,0,8,105,2,115,150,0,150,265
06/08/2021,IXD,KS,ACE,CE,Federal Contract Tower,0,3,16,0,19,0,5,88,12,105,0,8,104,12,124,202,6,208,332
06/09/2021,IXD,KS,ACE,CE,Federal Contract Tower,0,5,24,1,30,0,2,100,3,105,0,7,124,4,135,184,0,184,319
06/10/2021,IXD,KS,ACE,CE,Federal Contract Tower,0,6,9,0,15,0,4,93,10,107,0,10,102,10,122,238,6,244,366
06/11/2021,IXD,KS,ACE,CE,Federal Contract Tower,0,10,16,0,26,0,8,31,2,41,0,18,47,2,67,144,2,146,213
06/12/2021,IXD,KS,ACE,CE,Federal Contract Tower,0,3,19,0,22,0,2,73,0,75,0,5,92,0,97,180,0,180,277
06/13/2021,IXD,KS,ACE,CE,Federal Contract Tower,0,10,14,0,24,0,3,94,0,97,0,13,108,0,121,122,0,122,243
06/14/2021,IXD,KS,ACE,CE,Federal Contract Tower,0,4,24,1,29,0,6,67,2,75,0,10,91,3,104,124,0,124,228
06/15/2021,IXD,KS,ACE,CE,Federal Contract Tower,0,6,27,0,33,0,11,84,7,102,0,17,111,7,135,272,0,272,407
06/16/2021,IXD,KS,ACE,CE,Federal Contract Tower,0,10,24,2,36,0,6,86,4,96,0,16,110,6,132,192,0,192,324
06/17/2021,IXD,KS,ACE,CE,Federal Contract Tower,0,5,12,0,17,0,11,59,2,72,0,16,71,2,89,150,0,150,239
06/18/2021,IXD,KS,ACE,CE,Federal Contract Tower,0,5,19,0,24,0,9,59,0,68,0,14,78,0,92,156,0,156,248
06/19/2021,IXD,KS,ACE,CE,Federal Contract Tower,0,5,11,0,16,0,2,64,4,70,0,7,75,4,86,146,0,146,232
06/20/2021,IXD,KS,ACE,CE,Federal Contract Tower,0,9,13,0,22,0,0,37,0,37,0,9,50,0,59,38,0,38,97
06/21/2021,IXD,KS,ACE,CE,Federal Contract Tower,0,15,14,0,29,0,6,60,2,68,0,21,74,2,97,106,0,106,203
06/22/2021,IXD,KS,ACE,CE,Federal Contract Tower,0,10,21,2,33,0,4,91,8,103,0,14,112,10,136,184,0,184,320
06/23/2021,IXD,KS,ACE,CE,Federal Contract Tower,0,3,16,1,20,0,8,55,8,71,0,11,71,9,91,72,4,76,167
06/24/2021,IXD,KS,ACE,CE,Federal Contract Tower,0,13,15,0,28,0,1,25,4,30,0,14,40,4,58,56,14,70,128
06/25/2021,IXD,KS,ACE,CE,Federal Contract Tower,0,6,20,1,27,0,7,40,3,50,0,13,60,4,77,2,0,2,79
06/26/2021,IXD,KS,ACE,CE,Federal Contract Tower,0,2,13,0,15,0,0,16,0,16,0,2,29,0,31,12,0,12,43
06/27/2021,IXD,KS,ACE,CE,Federal Contract Tower,0,9,21,2,32,0,2,84,1,87,0,11,105,3,119,232,0,232,351
06/28/2021,IXD,KS,ACE,CE,Federal Contract Tower,0,4,26,0,30,0,0,29,0,29,0,4,55,0,59,50,0,50,109
06/29/2021,IXD,KS,ACE,CE,Federal Contract Tower,0,14,25,0,39,0,2,33,0,35,0,16,58,0,74,76,0,76,150
06/30/2021,IXD,KS,ACE,CE,Federal Contract Tower,0,7,23,8,38,0,0,7,1,8,0,7,30,9,46,2,0,2,48
07/01/2021,IXD,KS,ACE,CE,Federal Contract Tower,0,2,25,13,40,0,2,75,62,139,0,4,100,75,179,18,0,18,197
07/02/2021,IXD,KS,ACE,CE,Federal Contract Tower,0,3,10,5,18,0,3,46,4,53,0,6,56,9,71,52,0,52,123
07/03/2021,IXD,KS,ACE,CE,Federal Contract Tower,0,0,8,0,8,0,1,53,1,55,0,1,61,1,63,0,0,0,63
07/04/2021,IXD,KS,ACE,CE,Federal Contract Tower,0,0,0,2,2,0,0,43,16,59,0,0,43,18,61,20,0,20,81
07/05/2021,IXD,KS,ACE,CE,Federal Contract Tower,0,8,20,7,35,0,2,100,0,102,0,10,120,7,137,164,0,164,301
07/06/2021,IXD,KS,ACE,CE,Federal Contract Tower,0,12,22,1,35,0,1,119,8,128,0,13,141,9,163,292,2,294,457
07/07/2021,IXD,KS,ACE,CE,Federal Contract Tower,0,13,12,2,27,0,5,64,10,79,0,18,76,12,106,162,0,162,268
07/08/2021,IXD,KS,ACE,CE,Federal Contract Tower,0,10,33,5,48,0,8,109,2,119,0,18,142,7,167,192,0,192,359
07/09/2021,IXD,KS,ACE,CE,Federal Contract Tower,0,15,30,1,46,0,3,102,0,105,0,18,132,1,151,132,0,132,283
07/10/2021,IXD,KS,ACE,CE,Federal Contract Tower,0,4,7,2,13,0,24,2,0,26,0,28,9,2,39,100,0,100,139
07/11/2021,IXD,KS,ACE,CE,Federal Contract Tower,0,5,17,0,22,0,0,17,0,17,0,5,34,0,39,30,0,30,69
07/12/2021,IXD,KS,ACE,CE,Federal Contract Tower,0,8,17,3,28,0,7,78,4,89,0,15,95,7,117,210,0,210,327
07/13/2021,IXD,KS,ACE,CE,Federal Contract Tower,0,4,22,3,29,0,18,91,3,112,0,22,113,6,141,204,0,204,345
07/14/2021,IXD,KS,ACE,CE,Federal Contract Tower,0,9,22,2,33,0,16,76,11,103,0,25,98,13,136,124,0,124,260
07/15/2021,IXD,KS,ACE,CE,Federal Contract Tower,0,10,21,0,31,0,0,9,2,11,0,10,30,2,42,14,2,16,58
07/16/2021,IXD,KS,ACE,CE,Federal Contract Tower,0,9,37,0,46,0,15,63,2,80,0,24,100,2,126,196,0,196,322
07/17/2021,IXD,KS,ACE,CE,Federal Contract Tower,0,4,11,0,15,0,0,66,0,66,0,4,77,0,81,124,0,124,205
07/18/2021,IXD,KS,ACE,CE,Federal Contract Tower,0,7,22,0,29,0,3,64,0,67,0,10,86,0,96,168,0,168,264
07/19/2021,IXD,KS,ACE,CE,Federal Contract Tower,0,4,16,1,21,0,23,87,5,115,0,27,103,6,136,234,0,234,370
07/20/2021,IXD,KS,ACE,CE,Federal Contract Tower,0,7,19,0,26,0,11,84,3,98,0,18,103,3,124,184,0,184,308
07/21/2021,IXD,KS,ACE,CE,Federal Contract Tower,0,23,26,0,49,0,15,88,1,104,0,38,114,1,153,174,0,174,327
07/22/2021,IXD,KS,ACE,CE,Federal Contract Tower,0,16,30,0,46,0,13,81,1,95,0,29,111,1,141,152,0,152,293
07/23/2021,IXD,KS,ACE,CE,Federal Contract Tower,0,8,44,2,54,0,10,79,3,92,0,18,123,5,146,134,0,134,280
07/24/2021,IXD,KS,ACE,CE,Federal Contract Tower,0,3,5,11,19,0,1,69,3,73,0,4,74,14,92,100,0,100,192
07/25/2021,IXD,KS,ACE,CE,Federal Contract Tower,0,11,37,5,53,0,5,45,2,52,0,16,82,7,105,116,0,116,221
07/26/2021,IXD,KS,ACE,CE,Federal Contract Tower,0,5,29,0,34,0,4,72,3,79,0,9,101,3,113,162,0,162,275
07/27/2021,IXD,KS,ACE,CE,Federal Contract Tower,0,8,19,4,31,0,4,72,3,79,0,12,91,7,110,206,0,206,316
07/28/2021,IXD,KS,ACE,CE,Federal Contract Tower,0,4,24,0,28,0,5,77,1,83,0,9,101,1,111,108,0,108,219
07/29/2021,IXD,KS,ACE,CE,Federal Contract Tower,0,10,24,0,34,0,6,58,5,69,0,16,82,5,103,122,0,122,225
07/30/2021,IXD,KS,ACE,CE,Federal Contract Tower,0,4,34,0,38,0,1,71,0,72,0,5,105,0,110,116,0,116,226
07/31/2021,IXD,KS,ACE,CE,Federal Contract Tower,0,7,29,1,37,0,1,44,6,51,0,8,73,7,88,86,0,86,174
08/01/2021,IXD,KS,ACE,CE,Federal Contract Tower,0,7,30,0,37,0,0,67,0,67,0,7,97,0,104,160,0,160,264
08/02/2021,IXD,KS,ACE,CE,Federal Contract Tower,0,10,9,4,23,0,8,69,0,77,0,18,78,4,100,108,0,108,208
08/03/2021,IXD,KS,ACE,CE,Federal Contract Tower,0,6,30,1,37,0,4,64,7,75,0,10,94,8,112,174,0,174,286
08/04/2021,IXD,KS,ACE,CE,Federal Contract Tower,0,5,17,2,24,0,5,73,2,80,0,10,90,4,104,154,0,154,258
08/05/2021,IXD,KS,ACE,CE,Federal Contract Tower,0,10,23,0,33,0,8,79,4,91,0,18,102,4,124,158,0,158,282
08/06/2021,IXD,KS,ACE,CE,Federal Contract Tower,0,8,13,0,21,0,3,93,3,99,0,11,106,3,120,182,6,188,308
08/07/2021,IXD,KS,ACE,CE,Federal Contract Tower,0,8,9,0,17,0,0,73,2,75,0,8,82,2,92,116,0,116,208
08/08/2021,IXD,KS,ACE,CE,Federal Contract Tower,0,12,13,0,25,0,0,33,3,36,0,12,46,3,61,46,0,46,107
08/09/2021,IXD,KS,ACE,CE,Federal Contract Tower,0,6,30,0,36,0,2,71,2,75,0,8,101,2,111,136,0,136,247
08/10/2021,IXD,KS,ACE,CE,Federal Contract Tower,0,6,17,0,23,0,2,40,0,42,0,8,57,0,65,80,0,80,145
08/11/2021,IXD,KS,ACE,CE,Federal Contract Tower,0,10,20,0,30,0,5,63,2,70,0,15,83,2,100,66,0,66,166
08/12/2021,IXD,KS,ACE,CE,Federal Contract Tower,0,7,33,0,40,0,6,40,0,46,0,13,73,0,86,124,0,124,210
08/13/2021,IXD,KS,ACE,CE,Federal Contract Tower,0,14,25,5,44,0,0,51,10,61,0,14,76,15,105,160,2,162,267
08/14/2021,IXD,KS,ACE,CE,Federal Contract Tower,0,8,6,17,31,0,3,83,11,97,0,11,89,28,128,184,46,230,358
08/15/2021,IXD,KS,ACE,CE,Federal Contract Tower,0,4,14,11,29,0,0,115,1,116,0,4,129,12,145,94,0,94,239
08/16/2021,IXD,KS,ACE,CE,Federal Contract Tower,0,11,34,0,45,0,2,96,0,98,0,13,130,0,143,214,0,214,357
08/17/2021,IXD,KS,ACE,CE,Federal Contract Tower,0,11,24,1,36,0,7,82,10,99,0,18,106,11,135,108,0,108,243
08/18/2021,IXD,KS,ACE,CE,Federal Contract Tower,0,9,29,0,38,0,4,93,8,105,0,13,122,8,143,232,2,234,377
08/19/2021,IXD,KS,ACE,CE,Federal Contract Tower,0,14,36,1,51,0,8,67,11,86,0,22,103,12,137,110,0,110,247
08/20/2021,IXD,KS,ACE,CE,Federal Contract Tower,0,13,37,0,50,0,3,62,9,74,0,16,99,9,124,96,0,96,220
08/21/2021,IXD,KS,ACE,CE,Federal Contract Tower,0,5,26,0,31,0,0,69,0,69,0,5,95,0,100,114,0,114,214
08/22/2021,IXD,KS,ACE,CE,Federal Contract Tower,0,6,11,0,17,0,2,77,0,79,0,8,88,0,96,78,0,78,174
08/23/2021,IXD,KS,ACE,CE,Federal Contract Tower,0,4,23,0,27,0,2,73,13,88,0,6,96,13,115,76,0,76,191
08/24/2021,IXD,KS,ACE,CE,Federal Contract Tower,0,12,25,0,37,0,10,84,8,102,0,22,109,8,139,94,4,98,237
08/25/2021,IXD,KS,ACE,CE,Federal Contract Tower,0,5,18,4,27,0,3,63,7,73,0,8,81,11,100,80,0,80,180
08/26/2021,IXD,KS,ACE,CE,Federal Contract Tower,0,7,32,0,39,0,9,73,14,96,0,16,105,14,135,146,0,146,281
08/27/2021,IXD,KS,ACE,CE,Federal Contract Tower,0,9,17,10,36,0,7,62,6,75,0,16,79,16,111,62,0,62,173
08/28/2021,IXD,KS,ACE,CE,Federal Contract Tower,0,7,12,0,19,0,8,95,5,108,0,15,107,5,127,168,2,170,297
08/29/2021,IXD,KS,ACE,CE,Federal Contract Tower,0,2,16,0,18,0,1,88,0,89,0,3,104,0,107,72,0,72,179
08/30/2021,IXD,KS,ACE,CE,Federal Contract Tower,0,2,16,0,18,0,8,75,2,85,0,10,91,2,103,132,0,132,235
08/31/2021,IXD,KS,ACE,CE,Federal Contract Tower,0,10,20,0,30,0,0,75,7,82,0,10,95,7,112,132,0,132,244
09/01/2021,IXD,KS,ACE,CE,Federal Contract Tower,0,13,26,0,39,0,2,70,6,78,0,15,96,6,117,64,0,64,181
09/02/2021,IXD,KS,ACE,CE,Federal Contract Tower,0,9,23,2,34,0,11,83,7,101,0,20,106,9,135,88,12,100,235
09/03/2021,IXD,KS,ACE,CE,Federal Contract Tower,0,6,27,0,33,0,4,18,0,22,0,10,45,0,55,44,0,44,99
09/04/2021,IXD,KS,ACE,CE,Federal Contract Tower,0,7,16,0,23,0,1,15,0,16,0,8,31,0,39,28,0,28,67
09/05/2021,IXD,KS,ACE,CE,Federal Contract Tower,0,9,18,0,27,0,0,60,0,60,0,9,78,0,87,64,0,64,151
09/06/2021,IXD,KS,ACE,CE,Federal Contract Tower,0,4,27,0,31,0,0,90,0,90,0,4,117,0,121,68,0,68,189
09/07/2021,IXD,KS,ACE,CE,Federal Contract Tower,0,7,22,0,29,0,6,73,5,84,0,13,95,5,113,134,0,134,247
09/08/2021,IXD,KS,ACE,CE,Federal Contract Tower,0,16,31,0,47,0,8,82,5,95,0,24,113,5,142,148,0,148,290
09/09/2021,IXD,KS,ACE,CE,Federal Contract Tower,0,18,21,2,41,0,2,104,5,111,0,20,125,7,152,166,2,168,320
09/10/2021,IXD,KS,ACE,CE,Federal Contract Tower,0,7,25,16,48,0,2,71,7,80,0,9,96,23,128,166,24,190,318
09/11/2021,IXD,KS,ACE,CE,Federal Contract Tower,0,1,14,8,23,0,1,65,5,71,0,2,79,13,94,36,6,42,136
09/12/2021,IXD,KS,ACE,CE,Federal Contract Tower,0,7,20,4,31,0,0,55,8,63,0,7,75,12,94,86,6,92,186
09/13/2021,IXD,KS,ACE,CE,Federal Contract Tower,0,12,17,3,32,0,3,71,8,82,0,15,88,11,114,154,0,154,268
09/14/2021,IXD,KS,ACE,CE,Federal Contract Tower,0,3,17,0,20,0,4,68,11,83,0,7,85,11,103,160,0,160,263
09/15/2021,IXD,KS,ACE,CE,Federal Contract Tower,0,4,15,2,21,0,11,71,6,88,0,15,86,8,109,160,0,160,269
09/16/2021,IXD,KS,ACE,CE,Federal Contract Tower,0,5,47,0,52,0,14,84,4,102,0,19,131,4,154,162,0,162,316
09/17/2021,IXD,KS,ACE,CE,Federal Contract Tower,0,6,33,27,66,0,15,76,8,99,0,21,109,35,165,90,10,100,265
09/18/2021,IXD,KS,ACE,CE,Federal Contract Tower,0,4,18,2,24,0,0,106,0,106,0,4,124,2,130,68,0,68,198
09/19/2021,IXD,KS,ACE,CE,Federal Contract Tower,0,8,35,4,47,0,0,54,2,56,0,8,89,6,103,44,0,44,147
09/20/2021,IXD,KS,ACE,CE,Federal Contract Tower,0,6,15,0,21,0,6,28,7,41,0,12,43,7,62,8,4,12,74
09/21/2021,IXD,KS,ACE,CE,Federal Contract Tower,0,11,21,0,32,0,10,90,9,109,0,21,111,9,141,140,2,142,283
09/22/2021,IXD,KS,ACE,CE,Federal Contract Tower,0,22,22,8,52,0,22,96,8,126,0,44,118,16,178,260,8,268,446
09/23/2021,IXD,KS,ACE,CE,Federal Contract Tower,0,8,27,0,35,0,10,83,2,95,0,18,110,2,130,126,2,128,258
09/24/2021,IXD,KS,ACE,CE,Federal Contract Tower,0,10,12,0,22,0,6,46,0,52,0,16,58,0,74,88,0,88,162
09/25/2021,IXD,KS,ACE,CE,Federal Contract Tower,0,6,19,0,25,0,0,88,0,88,0,6,107,0,113,136,0,136,249
09/26/2021,IXD,KS,ACE,CE,Federal Contract Tower,0,8,14,0,22,0,2,42,0,44,0,10,56,0,66,28,0,28,94
09/27/2021,IXD,KS,ACE,CE,Federal Contract Tower,0,4,26,0,30,0,7,56,5,68,0,11,82,5,98,66,0,66,164
09/28/2021,IXD,KS,ACE,CE,Federal Contract Tower,0,13,30,5,48,0,24,93,1,118,0,37,123,6,166,74,0,74,240
09/29/2021,IXD,KS,ACE,CE,Federal Contract Tower,0,14,25,0,39,0,4,60,0,64,0,18,85,0,103,148,0,148,251
09/30/2021,IXD,KS,ACE,CE,Federal Contract Tower,0,8,20,4,32,0,2,35,0,37,0,10,55,4,69,106,0,106,175
10/01/2021,IXD,KS,ACE,CE,Federal Contract Tower,0,4,28,1,33,0,6,20,2,28,0,10,48,3,61,66,2,68,129
10/02/2021,IXD,KS,ACE,CE,Federal Contract Tower,0,6,20,0,26,0,0,17,0,17,0,6,37,0,43,14,0,14,57
10/03/2021,IXD,KS,ACE,CE,Federal Contract Tower,0,1,25,0,26,0,0,35,0,35,0,1,60,0,61,82,0,82,143
10/04/2021,IXD,KS,ACE,CE,Federal Contract Tower,0,0,22,2,24,0,3,83,0,86,0,3,105,2,110,184,0,184,294
10/05/2021,IXD,KS,ACE,CE,Federal Contract Tower,0,8,24,0,32,0,8,72,0,80,0,16,96,0,112,142,0,142,254
10/06/2021,IXD,KS,ACE,CE,Federal Contract Tower,0,8,28,0,36,0,0,29,2,31,0,8,57,2,67,124,0,124,191
10/07/2021,IXD,KS,ACE,CE,Federal Contract Tower,0,8,29,0,37,0,2,65,0,67,0,10,94,0,104,164,0,164,268
10/08/2021,IXD,KS,ACE,CE,Federal Contract Tower,0,8,14,0,22,0,3,105,0,108,0,11,119,0,130,150,0,150,280
10/09/2021,IXD,KS,ACE,CE,Federal Contract Tower,0,2,7,0,9,0,2,70,0,72,0,4,77,0,81,52,0,52,133
10/10/2021,IXD,KS,ACE,CE,Federal Contract Tower,0,2,21,0,23,0,0,47,12,59,0,2,68,12,82,54,24,78,160
10/11/2021,IXD,KS,ACE,CE,Federal Contract Tower,0,5,18,0,23,0,4,20,0,24,0,9,38,0,47,34,0,34,81
10/12/2021,IXD,KS,ACE,CE,Federal Contract Tower,0,6,31,0,37,0,10,77,4,91,0,16,108,4,128,166,0,166,294
10/13/2021,IXD,KS,ACE,CE,Federal Contract Tower,0,5,20,0,25,0,10,49,0,59,0,15,69,0,84,138,0,138,222
10/14/2021,IXD,KS,ACE,CE,Federal Contract Tower,0,5,23,0,28,0,3,76,0,79,0,8,99,0,107,162,0,162,269
10/15/2021,IXD,KS,ACE,CE,Federal Contract Tower,0,9,21,1,31,0,2,58,2,62,0,11,79,3,93,70,0,70,163
10/16/2021,IXD,KS,ACE,CE,Federal Contract Tower,0,3,15,0,18,0,1,92,0,93,0,4,107,0,111,84,0,84,195
10/17/2021,IXD,KS,ACE,CE,Federal Contract Tower,0,9,19,2,30,0,1,80,4,85,0,10,99,6,115,82,4,86,201
10/18/2021,IXD,KS,ACE,CE,Federal Contract Tower,0,3,21,0,24,0,8,78,0,86,0,11,99,0,110,128,0,128,238
10/19/2021,IXD,KS,ACE,CE,Federal Contract Tower,0,6,13,0,19,0,2,74,0,76,0,8,87,0,95,118,0,118,213
10/20/2021,IXD,KS,ACE,CE,Federal Contract Tower,0,8,29,0,37,0,1,69,0,70,0,9,98,0,107,118,0,118,225
10/21/2021,IXD,KS,ACE,CE,Federal Contract Tower,0,13,29,1,43,0,1,75,2,78,0,14,104,3,121,154,0,154,275
10/22/2021,IXD,KS,ACE,CE,Federal Contract Tower,0,5,28,0,33,0,3,90,0,93,0,8,118,0,126,154,0,154,280
10/23/2021,IXD,KS,ACE,CE,Federal Contract Tower,0,5,39,0,44,0,0,8,0,8,0,5,47,0,52,24,0,24,76
10/24/2021,IXD,KS,ACE,CE,Federal Contract Tower,0,14,33,0,47,0,1,2,0,3,0,15,35,0,50,2,0,2,52
10/25/2021,IXD,KS,ACE,CE,Federal Contract Tower,0,9,34,0,43,0,0,19,0,19,0,9,53,0,62,50,0,50,112
10/26/2021,IXD,KS,ACE,CE,Federal Contract Tower,0,14,30,2,46,0,3,37,0,40,0,17,67,2,86,22,0,22,108
10/27/2021,IXD,KS,ACE,CE,Federal Contract Tower,0,13,26,0,39,0,2,0,0,2,0,15,26,0,41,0,0,0,41
10/28/2021,IXD,KS,ACE,CE,Federal Contract Tower,0,10,29,0,39,0,0,4,0,4,0,10,33,0,43,4,0,4,47
10/29/2021,IXD,KS,ACE,CE,Federal Contract Tower,0,9,25,0,34,0,4,25,0,29,0,13,50,0,63,58,0,58,121
10/30/2021,IXD,KS,ACE,CE,Federal Contract Tower,0,2,14,2,18,0,2,115,0,117,0,4,129,2,135,160,0,160,295
10/31/2021,IXD,KS,ACE,CE,Federal Contract Tower,0,5,23,0,28,0,4,53,0,57,0,9,76,0,85,84,0,84,169
11/01/2021,IXD,KS,ACE,CE,Federal Contract Tower,0,12,22,0,34,0,7,18,0,25,0,19,40,0,59,44,0,44,103
11/02/2021,IXD,KS,ACE,CE,Federal Contract Tower,0,5,19,0,24,0,10,79,5,94,0,15,98,5,118,212,0,212,330
11/03/2021,IXD,KS,ACE,CE,Federal Contract Tower,0,7,29,0,36,0,11,83,0,94,0,18,112,0,130,120,0,120,250
11/04/2021,IXD,KS,ACE,CE,Federal Contract Tower,0,11,29,0,40,0,2,42,4,48,0,13,71,4,88,110,0,110,198
11/05/2021,IXD,KS,ACE,CE,Federal Contract Tower,0,12,27,0,39,0,5,68,4,77,0,17,95,4,116,92,0,92,208
11/06/2021,IXD,KS,ACE,CE,Federal Contract Tower,0,2,18,0,20,0,5,111,6,122,0,7,129,6,142,76,0,76,218
11/07/2021,IXD,KS,ACE,CE,Federal Contract Tower,0,4,15,0,19,0,5,46,2,53,0,9,61,2,72,16,0,16,88
11/08/2021,IXD,KS,ACE,CE,Federal Contract Tower,0,9,17,0,26,0,11,62,0,73,0,20,79,0,99,170,0,170,269
11/09/2021,IXD,KS,ACE,CE,Federal Contract Tower,0,3,24,0,27,0,10,75,0,85,0,13,99,0,112,156,0,156,268
11/10/2021,IXD,KS,ACE,CE,Federal Contract Tower,0,3,17,0,20,0,0,7,1,8,0,3,24,1,28,28,2,30,58
11/11/2021,IXD,KS,ACE,CE,Federal Contract Tower,0,8,27,0,35,0,3,59,0,62,0,11,86,0,97,42,0,42,139
11/12/2021,IXD,KS,ACE,CE,Federal Contract Tower,0,4,25,0,29,0,6,17,0,23,0,10,42,0,52,4,0,4,56
11/13/2021,IXD,KS,ACE,CE,Federal Contract Tower,0,4,7,0,11,0,1,100,0,101,0,5,107,0,112,180,0,180,292
11/14/2021,IXD,KS,ACE,CE,Federal Contract Tower,0,6,16,0,22,0,1,53,0,54,0,7,69,0,76,90,0,90,166
11/15/2021,IXD,KS,ACE,CE,Federal Contract Tower,0,6,21,0,27,0,3,50,2,55,0,9,71,2,82,66,0,66,148
11/16/2021,IXD,KS,ACE,CE,Federal Contract Tower,0,13,16,0,29,0,3,72,1,76,0,16,88,1,105,132,0,132,237
11/17/2021,IXD,KS,ACE,CE,Federal Contract Tower,0,1,35,1,37,0,8,42,1,51,0,9,77,2,88,46,0,46,134
11/18/2021,IXD,KS,ACE,CE,Federal Contract Tower,0,8,37,0,45,0,3,72,0,75,0,11,109,0,120,104,0,104,224
11/19/2021,IXD,KS,ACE,CE,Federal Contract Tower,0,6,17,0,23,0,5,57,0,62,0,11,74,0,85,30,0,30,115
11/20/2021,IXD,KS,ACE,CE,Federal Contract Tower,0,11,19,0,30,0,2,68,0,70,0,13,87,0,100,146,0,146,246
11/21/2021,IXD,KS,ACE,CE,Federal Contract Tower,0,3,33,0,36,0,6,58,0,64,0,9,91,0,100,90,0,90,190
11/22/2021,IXD,KS,ACE,CE,Federal Contract Tower,0,6,28,0,34,0,7,96,0,103,0,13,124,0,137,144,2,146,283
11/23/2021,IXD,KS,ACE,CE,Federal Contract Tower,0,11,19,0,30,0,8,79,0,87,0,19,98,0,117,62,0,62,179
11/24/2021,IXD,KS,ACE,CE,Federal Contract Tower,0,0,21,2,23,0,6,23,2,31,0,6,44,4,54,64,0,64,118
11/25/2021,IXD,KS,ACE,CE,Federal Contract Tower,0,0,4,0,4,0,0,15,0,15,0,0,19,0,19,20,0,20,39
11/26/2021,IXD,KS,ACE,CE,Federal Contract Tower,0,2,8,0,10,0,2,36,0,38,0,4,44,0,48,56,0,56,104
11/27/2021,IXD,KS,ACE,CE,Federal Contract Tower,0,3,16,0,19,0,0,52,0,52,0,3,68,0,71,108,0,108,179
11/28/2021,IXD,KS,ACE,CE,Federal Contract Tower,0,10,20,0,30,0,0,47,0,47,0,10,67,0,77,28,0,28,105
11/29/2021,IXD,KS,ACE,CE,Federal Contract Tower,0,14,11,0,25,0,3,55,0,58,0,17,66,0,83,90,0,90,173
11/30/2021,IXD,KS,ACE,CE,Federal Contract Tower,0,13,18,0,31,0,3,51,0,54,0,16,69,0,85,60,0,60,145
12/01/2021,IXD,KS,ACE,CE,Federal Contract Tower,0,12,21,0,33,0,4,82,0,86,0,16,103,0,119,82,0,82,201
12/02/2021,IXD,KS,ACE,CE,Federal Contract Tower,0,9,21,1,31,0,8,78,2,88,0,17,99,3,119,141,4,145,264
12/03/2021,IXD,KS,ACE,CE,Federal Contract Tower,0,4,21,10,35,0,1,87,0,88,0,5,108,10,123,190,0,190,313
12/04/2021,IXD,KS,ACE,CE,Federal Contract Tower,0,5,16,1,22,0,2,76,2,80,0,7,92,3,102,128,0,128,230
12/05/2021,IXD,KS,ACE,CE,Federal Contract Tower,0,8,19,0,27,0,0,27,0,27,0,8,46,0,54,32,0,32,86
12/06/2021,IXD,KS,ACE,CE,Federal Contract Tower,0,4,23,4,31,0,2,46,0,48,0,6,69,4,79,60,0,60,139
12/07/2021,IXD,KS,ACE,CE,Federal Contract Tower,0,3,25,1,29,0,4,77,1,82,0,7,102,2,111,78,6,84,195
12/08/2021,IXD,KS,ACE,CE,Federal Contract Tower,0,7,43,0,50,0,0,44,0,44,0,7,87,0,94,108,0,108,202
12/09/2021,IXD,KS,ACE,CE,Federal Contract Tower,0,5,21,5,31,0,2,75,0,77,0,7,96,5,108,92,0,92,200
12/10/2021,IXD,KS,ACE,CE,Federal Contract Tower,0,5,32,11,48,0,8,26,5,39,0,13,58,16,87,12,0,12,99
12/11/2021,IXD,KS,ACE,CE,Federal Contract Tower,0,4,9,1,14,0,4,63,5,72,0,8,72,6,86,84,0,84,170
12/12/2021,IXD,KS,ACE,CE,Federal Contract Tower,0,3,15,2,20,0,0,37,0,37,0,3,52,2,57,64,0,64,121
12/13/2021,IXD,KS,ACE,CE,Federal Contract Tower,0,4,30,2,36,0,8,76,0,84,0,12,106,2,120,168,0,168,288
12/14/2021,IXD,KS,ACE,CE,Federal Contract Tower,0,6,21,3,30,0,3,33,3,39,0,9,54,6,69,30,0,30,99
12/15/2021,IXD,KS,ACE,CE,Federal Contract Tower,0,5,18,0,23,0,0,0,0,0,0,5,18,0,23,0,0,0,23
12/16/2021,IXD,KS,ACE,CE,Federal Contract Tower,0,12,31,0,43,0,1,71,0,72,0,13,102,0,115,160,0,160,275
12/17/2021,IXD,KS,ACE,CE,Federal Contract Tower,0,8,22,1,31,0,0,31,0,31,0,8,53,1,62,22,0,22,84
12/18/2021,IXD,KS,ACE,CE,Federal Contract Tower,0,3,18,3,24,0,0,26,0,26,0,3,44,3,50,68,0,68,118
12/19/2021,IXD,KS,ACE,CE,Federal Contract Tower,0,8,19,1,28,0,4,50,0,54,0,12,69,1,82,116,0,116,198
12/20/2021,IXD,KS,ACE,CE,Federal Contract Tower,0,3,20,0,23,0,4,74,2,80,0,7,94,2,103,76,0,76,179
12/21/2021,IXD,KS,ACE,CE,Federal Contract Tower,0,6,30,2,38,0,1,74,1,76,0,7,104,3,114,90,6,96,210
12/22/2021,IXD,KS,ACE,CE,Federal Contract Tower,0,5,29,0,34,0,7,84,0,91,0,12,113,0,125,122,0,122,247
12/23/2021,IXD,KS,ACE,CE,Federal Contract Tower,0,1,22,0,23,0,0,61,0,61,0,1,83,0,84,150,0,150,234
12/24/2021,IXD,KS,ACE,CE,Federal Contract Tower,0,3,15,0,18,0,4,18,0,22,0,7,33,0,40,22,0,22,62
12/25/2021,IXD,KS,ACE,CE,Federal Contract Tower,0,3,1,0,4,0,0,18,0,18,0,3,19,0,22,2,0,2,24
12/26/2021,IXD,KS,ACE,CE,Federal Contract Tower,0,4,16,0,20,0,0,33,0,33,0,4,49,0,53,12,0,12,65
12/27/2021,IXD,KS,ACE,CE,Federal Contract Tower,0,7,28,0,35,0,0,53,0,53,0,7,81,0,88,80,0,80,168
12/28/2021,IXD,KS,ACE,CE,Federal Contract Tower,0,2,9,0,11,0,0,38,0,38,0,2,47,0,49,88,0,88,137
12/29/2021,IXD,KS,ACE,CE,Federal Contract Tower,0,7,30,2,39,0,1,40,0,41,0,8,70,2,80,156,0,156,236
12/30/2021,IXD,KS,ACE,CE,Federal Contract Tower,0,3,22,0,25,0,0,44,0,44,0,3,66,0,69,102,0,102,171
12/31/2021,IXD,KS,ACE,CE,Federal Contract Tower,0,2,23,0,25,0,0,55,0,55,0,2,78,0,80,94,0,94,174
01/01/2022,IXD,KS,ACE,CE,Federal Contract Tower,0,2,2,0,4,0,0,0,0,0,0,2,2,0,4,0,0,0,4
01/02/2022,IXD,KS,ACE,CE,Federal Contract Tower,0,1,23,0,24,0,0,24,0,24,0,1,47,0,48,6,0,6,54
01/03/2022,IXD,KS,ACE,CE,Federal Contract Tower,0,2,16,1,19,0,2,57,0,59,0,4,73,1,78,64,0,64,142
01/04/2022,IXD,KS,ACE,CE,Federal Contract Tower,0,2,12,0,14,0,2,26,0,28,0,4,38,0,42,12,0,12,54
01/05/2022,IXD,KS,ACE,CE,Federal Contract Tower,0,4,23,0,27,0,1,46,0,47,0,5,69,0,74,98,0,98,172
01/06/2022,IXD,KS,ACE,CE,Federal Contract Tower,0,2,15,0,17,0,1,27,0,28,0,3,42,0,45,24,0,24,69
01/07/2022,IXD,KS,ACE,CE,Federal Contract Tower,0,8,12,10,30,0,2,39,2,43,0,10,51,12,73,74,14,88,161
01/08/2022,IXD,KS,ACE,CE,Federal Contract Tower,0,0,10,0,10,0,0,0,0,0,0,0,10,0,10,0,0,0,10
01/09/2022,IXD,KS,ACE,CE,Federal Contract Tower,0,3,17,0,20,0,3,55,0,58,0,6,72,0,78,66,0,66,144
01/10/2022,IXD,KS,ACE,CE,Federal Contract Tower,0,4,17,0,21,0,0,73,0,73,0,4,90,0,94,138,0,138,232
01/11/2022,IXD,KS,ACE,CE,Federal Contract Tower,0,5,11,0,16,0,3,72,1,76,0,8,83,1,92,60,0,60,152
01/12/2022,IXD,KS,ACE,CE,Federal Contract Tower,0,7,28,0,35,0,2,86,0,88,0,9,114,0,123,174,0,174,297
01/13/2022,IXD,KS,ACE,CE,Federal Contract Tower,0,5,29,0,34,0,1,75,2,78,0,6,104,2,112,124,0,124,236
01/14/2022,IXD,KS,ACE,CE,Federal Contract Tower,0,6,25,1,32,0,0,48,0,48,0,6,73,1,80,98,0,98,178
01/15/2022,IXD,KS,ACE,CE,Federal Contract Tower,0,0,5,0,5,0,0,0,0,0,0,0,5,0,5,0,0,0,5
01/16/2022,IXD,KS,ACE,CE,Federal Contract Tower,0,2,15,0,17,0,0,4,0,4,0,2,19,0,21,0,0,0,21
01/17/2022,IXD,KS,ACE,CE,Federal Contract Tower,0,8,14,0,22,0,3,77,1,81,0,11,91,1,103,162,0,162,265
01/18/2022,IXD,KS,ACE,CE,Federal Contract Tower,0,4,26,2,32,0,4,74,0,78,0,8,100,2,110,164,0,164,274
01/19/2022,IXD,KS,ACE,CE,Federal Contract Tower,0,8,15,0,23,0,3,27,2,32,0,11,42,2,55,116,0,116,171
01/20/2022,IXD,KS,ACE,CE,Federal Contract Tower,0,5,14,2,21,0,2,38,1,41,0,7,52,3,62,84,0,84,146
01/21/2022,IXD,KS,ACE,CE,Federal Contract Tower,0,5,22,1,28,0,4,42,1,47,0,9,64,2,75,104,0,104,179
01/22/2022,IXD,KS,ACE,CE,Federal Contract Tower,0,3,7,0,10,0,0,95,0,95,0,3,102,0,105,134,0,134,239
01/23/2022,IXD,KS,ACE,CE,Federal Contract Tower,0,4,20,0,24,0,0,54,0,54,0,4,74,0,78,96,0,96,174
01/24/2022,IXD,KS,ACE,CE,Federal Contract Tower,0,1,19,0,20,0,2,56,0,58,0,3,75,0,78,78,0,78,156
01/25/2022,IXD,KS,ACE,CE,Federal Contract Tower,0,2,20,1,23,0,1,40,3,44,0,3,60,4,67,92,0,92,159
01/26/2022,IXD,KS,ACE,CE,Federal Contract Tower,0,2,23,0,25,0,7,62,0,69,0,9,85,0,94,148,0,148,242
01/27/2022,IXD,KS,ACE,CE,Federal Contract Tower,0,1,25,0,26,0,2,54,0,56,0,3,79,0,82,144,0,144,226
01/28/2022,IXD,KS,ACE,CE,Federal Contract Tower,0,2,10,0,12,0,4,52,0,56,0,6,62,0,68,118,0,118,186
01/29/2022,IXD,KS,ACE,CE,Federal Contract Tower,0,9,13,0,22,0,2,99,0,101,0,11,112,0,123,134,0,134,257
01/30/2022,IXD,KS,ACE,CE,Federal Contract Tower,0,4,16,0,20,0,0,42,0,42,0,4,58,0,62,92,0,92,154
01/31/2022,IXD,KS,ACE,CE,Federal Contract Tower,0,5,15,1,21,0,5,62,2,69,0,10,77,3,90,120,0,120,210
02/01/2022,IXD,KS,ACE,CE,Federal Contract Tower,0,13,24,0,37,0,0,16,0,16,0,13,40,0,53,40,0,40,93
02/02/2022,IXD,KS,ACE,CE,Federal Contract Tower,0,2,0,0,2,0,0,0,0,0,0,2,0,0,2,0,0,0,2
02/03/2022,IXD,KS,ACE,CE,Federal Contract Tower,0,4,21,0,25,0,0,21,0,21,0,4,42,0,46,36,0,36,82
02/04/2022,IXD,KS,ACE,CE,Federal Contract Tower,0,2,19,0,21,0,4,73,4,81,0,6,92,4,102,48,2,50,152
02/05/2022,IXD,KS,ACE,CE,Federal Contract Tower,0,3,14,0,17,0,0,59,0,59,0,3,73,0,76,78,0,78,154
02/06/2022,IXD,KS,ACE,CE,Federal Contract Tower,0,0,23,1,24,0,0,70,0,70,0,0,93,1,94,120,0,120,214
02/07/2022,IXD,KS,ACE,CE,Federal Contract Tower,0,2,15,0,17,0,0,66,0,66,0,2,81,0,83,98,0,98,181
02/08/2022,IXD,KS,ACE,CE,Federal Contract Tower,0,4,32,0,36,0,0,69,0,69,0,4,101,0,105,122,0,122,227
02/09/2022,IXD,KS,ACE,CE,Federal Contract Tower,0,6,19,0,25,0,4,53,2,59,0,10,72,2,84,76,2,78,162
02/10/2022,IXD,KS,ACE,CE,Federal Contract Tower,0,5,27,0,32,0,1,84,2,87,0,6,111,2,119,124,0,124,243
02/11/2022,IXD,KS,ACE,CE,Federal Contract Tower,0,1,24,0,25,0,0,35,1,36,0,1,59,1,61,24,0,24,85
02/12/2022,IXD,KS,ACE,CE,Federal Contract Tower,0,4,15,0,19,0,0,73,0,73,0,4,88,0,92,172,0,172,264
02/13/2022,IXD,KS,ACE,CE,Federal Contract Tower,0,3,19,0,22,0,2,59,0,61,0,5,78,0,83,84,0,84,167
02/14/2022,IXD,KS,ACE,CE,Federal Contract Tower,0,1,15,0,16,0,0,72,0,72,0,1,87,0,88,122,0,122,210
02/15/2022,IXD,KS,ACE,CE,Federal Contract Tower,0,13,19,0,32,0,0,31,1,32,0,13,50,1,64,8,0,8,72
02/16/2022,IXD,KS,ACE,CE,Federal Contract Tower,0,6,28,0,34,0,0,20,0,20,0,6,48,0,54,10,0,10,64
02/17/2022,IXD,KS,ACE,CE,Federal Contract Tower,0,4,7,0,11,0,0,0,0,0,0,4,7,0,11,0,0,0,11
02/18/2022,IXD,KS,ACE,CE,Federal Contract Tower,0,2,14,2,18,0,1,32,1,34,0,3,46,3,52,16,2,18,70
02/19/2022,IXD,KS,ACE,CE,Federal Contract Tower,0,0,12,0,12,0,2,94,0,96,0,2,106,0,108,194,0,194,302
02/20/2022,IXD,KS,ACE,CE,Federal Contract Tower,0,0,21,1,22,0,0,48,0,48,0,0,69,1,70,40,0,40,110
02/21/2022,IXD,KS,ACE,CE,Federal Contract Tower,0,4,15,1,20,0,2,56,0,58,0,6,71,1,78,34,0,34,112
02/22/2022,IXD,KS,ACE,CE,Federal Contract Tower,0,9,18,0,27,0,0,3,0,3,0,9,21,0,30,0,0,0,30
02/23/2022,IXD,KS,ACE,CE,Federal Contract Tower,0,8,24,0,32,0,3,33,1,37,0,11,57,1,69,52,0,52,121
02/24/2022,IXD,KS,ACE,CE,Federal Contract Tower,0,3,20,0,23,0,0,1,0,1,0,3,21,0,24,0,0,0,24
02/25/2022,IXD,KS,ACE,CE,Federal Contract Tower,0,9,14,2,25,0,18,61,2,81,0,27,75,4,106,122,2,124,230
02/26/2022,IXD,KS,ACE,CE,Federal Contract Tower,0,8,19,2,29,0,4,90,1,95,0,12,109,3,124,202,0,202,326
02/27/2022,IXD,KS,ACE,CE,Federal Contract Tower,0,5,15,2,22,0,0,90,0,90,0,5,105,2,112,118,0,118,230
02/28/2022,IXD,KS,ACE,CE,Federal Contract Tower,0,8,20,0,28,0,1,75,1,77,0,9,95,1,105,82,0,82,187
03/01/2022,IXD,KS,ACE,CE,Federal Contract Tower,0,2,13,0,15,0,2,76,1,79,0,4,89,1,94,140,0,140,234
03/02/2022,IXD,KS,ACE,CE,Federal Contract Tower,0,3,25,8,36,0,4,99,3,106,0,7,124,11,142,156,0,156,298
03/03/2022,IXD,KS,ACE,CE,Federal Contract Tower,0,10,26,0,36,0,6,86,0,92,0,16,112,0,128,198,0,198,326
03/04/2022,IXD,KS,ACE,CE,Federal Contract Tower,0,4,26,1,31,0,3,76,0,79,0,7,102,1,110,86,0,86,196
03/05/2022,IXD,KS,ACE,CE,Federal Contract Tower,0,3,13,0,16,0,0,9,3,12,0,3,22,3,28,22,0,22,50
03/06/2022,IXD,KS,ACE,CE,Federal Contract Tower,0,6,11,0,17,0,0,64,0,64,0,6,75,0,81,126,0,126,207
03/07/2022,IXD,KS,ACE,CE,Federal Contract Tower,0,7,16,0,23,0,0,6,1,7,0,7,22,1,30,18,0,18,48
03/08/2022,IXD,KS,ACE,CE,Federal Contract Tower,0,6,13,2,21,0,1,88,2,91,0,7,101,4,112,230,0,230,342
03/09/2022,IXD,KS,ACE,CE,Federal Contract Tower,0,15,17,0,32,0,1,89,0,90,0,16,106,0,122,134,0,134,256
03/10/2022,IXD,KS,ACE,CE,Federal Contract Tower,0,2,9,0,11,0,0,0,0,0,0,2,9,0,11,0,0,0,11
03/11/2022,IXD,KS,ACE,CE,Federal Contract Tower,0,11,20,0,31,0,6,53,0,59,0,17,73,0,90,100,0,100,190
03/12/2022,IXD,KS,ACE,CE,Federal Contract Tower,0,10,17,0,27,0,0,73,0,73,0,10,90,0,100,132,0,132,232
03/13/2022,IXD,KS,ACE,CE,Federal Contract Tower,0,11,17,0,28,0,0,50,0,50,0,11,67,0,78,74,0,74,152
03/14/2022,IXD,KS,ACE,CE,Federal Contract Tower,0,11,16,5,32,0,1,22,5,28,0,12,38,10,60,36,6,42,102
03/15/2022,IXD,KS,ACE,CE,Federal Contract Tower,0,5,20,0,25,0,4,82,0,86,0,9,102,0,111,212,0,212,323
03/16/2022,IXD,KS,ACE,CE,Federal Contract Tower,0,9,21,0,30,0,0,88,0,88,0,9,109,0,118,104,0,104,222
03/17/2022,IXD,KS,ACE,CE,Federal Contract Tower,0,4,20,0,24,0,1,58,3,62,0,5,78,3,86,134,0,134,220
03/18/2022,IXD,KS,ACE,CE,Federal Contract Tower,0,4,7,0,11,0,0,0,0,0,0,4,7,0,11,0,0,0,11
03/19/2022,IXD,KS,ACE,CE,Federal Contract Tower,0,6,18,0,24,0,3,103,0,106,0,9,121,0,130,200,0,200,330
03/20/2022,IXD,KS,ACE,CE,Federal Contract Tower,0,9,18,3,30,0,1,65,0,66,0,10,83,3,96,94,0,94,190
03/21/2022,IXD,KS,ACE,CE,Federal Contract Tower,0,7,20,0,27,0,5,29,1,35,0,12,49,1,62,68,0,68,130
03/22/2022,IXD,KS,ACE,CE,Federal Contract Tower,0,6,25,2,33,0,0,7,0,7,0,6,32,2,40,16,0,16,56
03/23/2022,IXD,KS,ACE,CE,Federal Contract Tower,0,8,14,0,22,0,0,0,2,2,0,8,14,2,24,0,2,2,26
03/24/2022,IXD,KS,ACE,CE,Federal Contract Tower,0,17,34,0,51,0,0,30,1,31,0,17,64,1,82,80,0,80,162
03/25/2022,IXD,KS,ACE,CE,Federal Contract Tower,0,5,23,3,31,0,6,57,3,66,0,11,80,6,97,40,2,42,139
03/26/2022,IXD,KS,ACE,CE,Federal Contract Tower,0,0,7,0,7,0,1,103,0,104,0,1,110,0,111,238,0,238,349
03/27/2022,IXD,KS,ACE,CE,Federal Contract Tower,0,7,20,0,27,0,1,78,1,80,0,8,98,1,107,140,0,140,247
03/28/2022,IXD,KS,ACE,CE,Federal Contract Tower,0,3,25,0,28,0,2,31,1,34,0,5,56,1,62,22,0,22,84
03/29/2022,IXD,KS,ACE,CE,Federal Contract Tower,0,15,14,0,29,0,0,20,1,21,0,15,34,1,50,10,0,10,60
03/30/2022,IXD,KS,ACE,CE,Federal Contract Tower,0,15,20,0,35,0,0,14,5,19,0,15,34,5,54,54,4,58,112
03/31/2022,IXD,KS,ACE,CE,Federal Contract Tower,0,9,17,0,26,0,1,25,2,28,0,10,42,2,54,64,0,64,118
04/01/2022,IXD,KS,ACE,CE,Federal Contract Tower,0,14,32,1,47,0,7,101,1,109,0,21,133,2,156,190,0,190,346
04/02/2022,IXD,KS,ACE,CE,Federal Contract Tower,0,4,21,0,25,0,2,89,0,91,0,6,110,0,116,142,0,142,258
04/03/2022,IXD,KS,ACE,CE,Federal Contract Tower,0,2,28,0,30,0,0,66,0,66,0,2,94,0,96,130,0,130,226
04/04/2022,IXD,KS,ACE,CE,Federal Contract Tower,0,4,21,1,26,0,0,74,1,75,0,4,95,2,101,118,0,118,219
04/05/2022,IXD,KS,ACE,CE,Federal Contract Tower,0,13,38,0,51,0,0,34,1,35,0,13,72,1,86,90,0,90,176
04/06/2022,IXD,KS,ACE,CE,Federal Contract Tower,0,3,16,0,19,0,0,43,0,43,0,3,59,0,62,60,0,60,122
04/07/2022,IXD,KS,ACE,CE,Federal Contract Tower,0,5,10,0,15,0,0,8,0,8,0,5,18,0,23,0,1,1,24
04/08/2022,IXD,KS,ACE,CE,Federal Contract Tower,0,1,17,0,18,0,0,40,0,40,0,1,57,0,58,52,0,52,110
04/09/2022,IXD,KS,ACE,CE,Federal Contract Tower,0,0,27,0,27,0,2,103,0,105,0,2,130,0,132,188,0,188,320
04/10/2022,IXD,KS,ACE,CE,Federal Contract Tower,0,11,17,0,28,0,0,24,0,24,0,11,41,0,52,14,0,14,66
04/11/2022,IXD,KS,ACE,CE,Federal Contract Tower,0,9,32,0,41,0,2,69,0,71,0,11,101,0,112,148,0,148,260
04/12/2022,IXD,KS,ACE,CE,Federal Contract Tower,0,4,20,0,24,0,0,7,0,7,0,4,27,0,31,2,0,2,33
04/13/2022,IXD,KS,ACE,CE,Federal Contract Tower,0,4,19,3,26,0,0,47,1,48,0,4,66,4,74,100,0,100,174
04/14/2022,IXD,KS,ACE,CE,Federal Contract Tower,0,9,37,0,46,0,5,88,2,95,0,14,125,2,141,208,0,208,349
04/15/2022,IXD,KS,ACE,CE,Federal Contract Tower,0,3,21,2,26,0,0,88,1,89,0,3,109,3,115,266,8,274,389
04/16/2022,IXD,KS,ACE,CE,Federal Contract Tower,0,5,9,0,14,0,0,82,0,82,0,5,91,0,96,172,0,172,268
04/17/2022,IXD,KS,ACE,CE,Federal Contract Tower,0,0,11,0,11,0,0,2,0,2,0,0,13,0,13,4,0,4,17
04/18/2022,IXD,KS,ACE,CE,Federal Contract Tower,0,5,22,1,28,0,0,84,0,84,0,5,106,1,112,62,0,62,174
04/19/2022,IXD,KS,ACE,CE,Federal Contract Tower,0,11,42,0,53,0,1,79,0,80,0,12,121,0,133,160,0,160,293
04/20/2022,IXD,KS,ACE,CE,Federal Contract Tower,0,5,36,0,41,0,0,2,0,2,0,5,38,0,43,0,0,0,43
04/21/2022,IXD,KS,ACE,CE,Federal Contract Tower,0,17,34,0,51,0,0,78,4,82,0,17,112,4,133,82,4,86,219
04/22/2022,IXD,KS,ACE,CE,Federal Contract Tower,0,10,23,3,36,0,0,9,0,9,0,10,32,3,45,0,0,0,45
04/23/2022,IXD,KS,ACE,CE,Federal Contract Tower,0,6,5,2,13,0,0,2,1,3,0,6,7,3,16,4,0,4,20
04/24/2022,IXD,KS,ACE,CE,Federal Contract Tower,0,8,16,2,26,0,2,70,1,73,0,10,86,3,99,106,0,106,205
04/25/2022,IXD,KS,ACE,CE,Federal Contract Tower,0,6,27,3,36,0,4,67,2,73,0,10,94,5,109,70,2,72,181
04/26/2022,IXD,KS,ACE,CE,Federal Contract Tower,0,8,23,0,31,0,0,142,1,143,0,8,165,1,174,254,0,254,428
04/27/2022,IXD,KS,ACE,CE,Federal Contract Tower,0,11,21,1,33,0,5,88,2,95,0,16,109,3,128,168,0,168,296
04/28/2022,IXD,KS,ACE,CE,Federal Contract Tower,0,14,9,0,23,0,3,47,0,50,0,17,56,0,73,138,0,138,211
04/29/2022,IXD,KS,ACE,CE,Federal Contract Tower,0,1,16,0,17,0,3,16,0,19,0,4,32,0,36,56,0,56,92
04/30/2022,IXD,KS,ACE,CE,Federal Contract Tower,0,5,6,0,11,0,0,30,0,30,0,5,36,0,41,46,0,46,87
05/01/2022,IXD,KS,ACE,CE,Federal Contract Tower,0,5,19,0,24,0,0,58,0,58,0,5,77,0,82,54,0,54,136
05/02/2022,IXD,KS,ACE,CE,Federal Contract Tower,0,16,27,0,43,0,2,14,0,16,0,18,41,0,59,40,0,40,99
05/03/2022,IXD,KS,ACE,CE,Federal Contract Tower,0,14,43,0,57,0,0,27,0,27,0,14,70,0,84,174,0,174,258
05/04/2022,IXD,KS,ACE,CE,Federal Contract Tower,0,12,26,0,38,0,0,17,0,17,0,12,43,0,55,58,0,58,113
05/05/2022,IXD,KS,ACE,CE,Federal Contract Tower,0,14,41,0,55,0,2,16,0,18,0,16,57,0,73,64,0,64,137
05/06/2022,IXD,KS,ACE,CE,Federal Contract Tower,0,18,33,1,52,0,7,51,0,58,0,25,84,1,110,176,0,176,286
05/07/2022,IXD,KS,ACE,CE,Federal Contract Tower,0,4,20,0,24,0,0,85,2,87,0,4,105,2,111,172,0,172,283
05/08/2022,IXD,KS,ACE,CE,Federal Contract Tower,0,4,20,4,28,0,0,27,2,29,0,4,47,6,57,62,0,62,119
05/09/2022,IXD,KS,ACE,CE,Federal Contract Tower,0,6,19,0,25,0,7,41,0,48,0,13,60,0,73,26,0,26,99
05/10/2022,IXD,KS,ACE,CE,Federal Contract Tower,0,6,34,1,41,0,8,82,5,95,0,14,116,6,136,204,4,208,344
05/11/2022,IXD,KS,ACE,CE,Federal Contract Tower,0,9,30,1,40,0,3,106,3,112,0,12,136,4,152,244,0,244,396
05/12/2022,IXD,KS,ACE,CE,Federal Contract Tower,0,4,45,0,49,0,0,115,3,118,0,4,160,3,167,198,0,198,365
05/13/2022,IXD,KS,ACE,CE,Federal Contract Tower,1,11,14,1,27,0,0,71,0,71,1,11,85,1,98,168,0,168,266
05/14/2022,IXD,KS,ACE,CE,Federal Contract Tower,0,17,15,1,33,0,1,110,0,111,0,18,125,1,144,294,0,294,438
05/15/2022,IXD,KS,ACE,CE,Federal Contract Tower,0,16,31,0,47,0,0,52,0,52,0,16,83,0,99,154,0,154,253
05/16/2022,IXD,KS,ACE,CE,Federal Contract Tower,0,10,26,0,36,0,3,77,0,80,0,13,103,0,116,214,0,214,330
05/17/2022,IXD,KS,ACE,CE,Federal Contract Tower,0,7,26,0,33,0,15,73,0,88,0,22,99,0,121,222,0,222,343
05/18/2022,IXD,KS,ACE,CE,Federal Contract Tower,0,7,31,2,40,0,8,110,0,118,0,15,141,2,158,238,0,238,396
05/19/2022,IXD,KS,ACE,CE,Federal Contract Tower,0,6,28,0,34,0,9,117,0,126,0,15,145,0,160,250,0,250,410
05/20/2022,IXD,KS,ACE,CE,Federal Contract Tower,0,4,17,2,23,0,5,73,0,78,0,9,90,2,101,256,0,256,357
05/21/2022,IXD,KS,ACE,CE,Federal Contract Tower,0,2,11,4,17,0,0,52,2,54,0,2,63,6,71,170,2,172,243
05/22/2022,IXD,KS,ACE,CE,Federal Contract Tower,0,2,20,4,26,0,3,94,3,100,0,5,114,7,126,100,0,100,226
05/23/2022,IXD,KS,ACE,CE,Federal Contract Tower,0,4,16,0,20,0,4,50,2,56,0,8,66,2,76,122,0,122,198
05/24/2022,IXD,KS,ACE,CE,Federal Contract Tower,0,2,20,0,22,0,0,0,0,0,0,2,20,0,22,0,0,0,22
05/25/2022,IXD,KS,ACE,CE,Federal Contract Tower,0,6,22,0,28,0,0,1,2,3,0,6,23,2,31,0,0,0,31
05/26/2022,IXD,KS,ACE,CE,Federal Contract Tower,0,12,37,2,51,0,0,3,0,3,0,12,40,2,54,2,0,2,56
05/27/2022,IXD,KS,ACE,CE,Federal Contract Tower,0,3,31,0,34,0,12,139,0,151,0,15,170,0,185,284,0,284,469
05/28/2022,IXD,KS,ACE,CE,Federal Contract Tower,0,1,22,0,23,0,2,75,0,77,0,3,97,0,100,102,0,102,202
05/29/2022,IXD,KS,ACE,CE,Federal Contract Tower,0,5,7,0,12,0,0,10,0,10,0,5,17,0,22,8,0,8,30
05/30/2022,IXD,KS,ACE,CE,Federal Contract Tower,0,9,24,0,33,0,0,19,0,19,0,9,43,0,52,4,0,4,56
05/31/2022,IXD,KS,ACE,CE,Federal Contract Tower,0,5,19,4,28,0,0,15,0,15,0,5,34,4,43,74,0,74,117
06/01/2022,IXD,KS,ACE,CE,Federal Contract Tower,0,5,33,0,38,0,1,64,0,65,0,6,97,0,103,172,0,172,275
06/02/2022,IXD,KS,ACE,CE,Federal Contract Tower,0,14,37,0,51,0,1,140,4,145,0,15,177,4,196,278,4,282,478
06/03/2022,IXD,KS,ACE,CE,Federal Contract Tower,0,2,22,2,26,0,8,135,10,153,0,10,157,12,179,308,6,314,493
06/04/2022,IXD,KS,ACE,CE,Federal Contract Tower,0,1,16,0,17,0,2,88,0,90,0,3,104,0,107,248,0,248,355
06/05/2022,IXD,KS,ACE,CE,Federal Contract Tower,0,5,28,3,36,0,1,49,2,52,0,6,77,5,88,174,0,174,262
06/06/2022,IXD,KS,ACE,CE,Federal Contract Tower,0,6,21,0,27,0,2,80,2,84,0,8,101,2,111,220,0,220,331
06/07/2022,IXD,KS,ACE,CE,Federal Contract Tower,0,8,25,1,34,0,0,87,2,89,0,8,112,3,123,232,0,232,355
06/08/2022,IXD,KS,ACE,CE,Federal Contract Tower,0,12,30,2,44,0,4,69,1,74,0,16,99,3,118,196,0,196,314
06/09/2022,IXD,KS,ACE,CE,Federal Contract Tower,0,6,25,2,33,0,2,113,2,117,0,8,138,4,150,192,0,192,342
06/10/2022,IXD,KS,ACE,CE,Federal Contract Tower,0,3,17,0,20,0,2,110,1,113,0,5,127,1,133,226,0,226,359
06/11/2022,IXD,KS,ACE,CE,Federal Contract Tower,0,4,25,1,30,0,5,81,2,88,0,9,106,3,118,139,14,153,271
06/12/2022,IXD,KS,ACE,CE,Federal Contract Tower,0,5,20,0,25,0,1,63,0,64,0,6,83,0,89,118,0,118,207
06/13/2022,IXD,KS,ACE,CE,Federal Contract Tower,0,11,19,0,30,0,6,71,0,77,0,17,90,0,107,108,0,108,215
06/14/2022,IXD,KS,ACE,CE,Federal Contract Tower,0,6,30,1,37,0,1,73,1,75,0,7,103,2,112,100,0,100,212
06/15/2022,IXD,KS,ACE,CE,Federal Contract Tower,0,16,35,0,51,0,1,73,5,79,0,17,108,5,130,134,0,134,264
06/16/2022,IXD,KS,ACE,CE,Federal Contract Tower,0,11,25,0,36,0,1,115,0,116,0,12,140,0,152,238,0,238,390
06/17/2022,IXD,KS,ACE,CE,Federal Contract Tower,0,6,17,0,23,0,13,155,0,168,0,19,172,0,191,206,0,206,397
06/18/2022,IXD,KS,ACE,CE,Federal Contract Tower,0,4,15,0,19,0,0,100,0,100,0,4,115,0,119,186,0,186,305
06/19/2022,IXD,KS,ACE,CE,Federal Contract Tower,0,6,11,0,17,0,1,66,0,67,0,7,77,0,84,186,0,186,270
06/20/2022,IXD,KS,ACE,CE,Federal Contract Tower,0,7,19,1,27,0,1,122,2,125,0,8,141,3,152,272,2,274,426
06/21/2022,IXD,KS,ACE,CE,Federal Contract Tower,0,13,13,0,26,0,6,123,6,135,0,19,136,6,161,158,0,158,319
06/22/2022,IXD,KS,ACE,CE,Federal Contract Tower,0,8,24,0,32,0,2,90,2,94,0,10,114,2,126,184,0,184,310
06/23/2022,IXD,KS,ACE,CE,Federal Contract Tower,0,11,23,0,34,0,4,74,2,80,0,15,97,2,114,224,0,224,338
06/24/2022,IXD,KS,ACE,CE,Federal Contract Tower,0,9,22,10,41,0,1,90,2,93,0,10,112,12,134,190,10,200,334
06/25/2022,IXD,KS,ACE,CE,Federal Contract Tower,0,5,11,0,16,0,1,87,0,88,0,6,98,0,104,202,0,202,306
06/26/2022,IXD,KS,ACE,CE,Federal Contract Tower,0,5,12,0,17,0,1,84,0,85,0,6,96,0,102,156,0,156,258
06/27/2022,IXD,KS,ACE,CE,Federal Contract Tower,0,5,21,0,26,0,10,128,0,138,0,15,149,0,164,216,0,216,380
06/28/2022,IXD,KS,ACE,CE,Federal Contract Tower,0,5,30,1,36,0,7,135,2,144,0,12,165,3,180,232,0,232,412
06/29/2022,IXD,KS,ACE,CE,Federal Contract Tower,0,4,39,0,43,0,1,100,1,102,0,5,139,1,145,236,4,240,385
06/30/2022,IXD,KS,ACE,CE,Federal Contract Tower,0,9,27,0,36,0,3,105,1,109,0,12,132,1,145,204,0,204,349
07/01/2022,IXD,KS,ACE,CE,Federal Contract Tower,0,6,23,0,29,0,0,96,0,96,0,6,119,0,125,190,0,190,315
07/02/2022,IXD,KS,ACE,CE,Federal Contract Tower,0,5,1,0,6,0,0,10,2,12,0,5,11,2,18,14,0,14,32
07/03/2022,IXD,KS,ACE,CE,Federal Contract Tower,0,2,16,0,18,0,0,21,0,21,0,2,37,0,39,44,0,44,83
07/04/2022,IXD,KS,ACE,CE,Federal Contract Tower,0,5,9,0,14,0,0,40,0,40,0,5,49,0,54,60,0,60,114
07/05/2022,IXD,KS,ACE,CE,Federal Contract Tower,0,9,23,0,32,0,2,85,0,87,0,11,108,0,119,130,0,130,249
07/06/2022,IXD,KS,ACE,CE,Federal Contract Tower,0,11,22,0,33,0,2,108,2,112,0,13,130,2,145,226,0,226,371
07/07/2022,IXD,KS,ACE,CE,Federal Contract Tower,0,11,24,1,36,0,8,82,1,91,0,19,106,2,127,190,0,190,317
07/08/2022,IXD,KS,ACE,CE,Federal Contract Tower,0,7,18,14,39,0,1,90,2,93,0,8,108,16,132,188,2,190,322
07/09/2022,IXD,KS,ACE,CE,Federal Contract Tower,0,5,31,4,40,0,2,75,1,78,0,7,106,5,118,158,6,164,282
07/10/2022,IXD,KS,ACE,CE,Federal Contract Tower,0,4,14,7,25,0,0,105,4,109,0,4,119,11,134,208,0,208,342
07/11/2022,IXD,KS,ACE,CE,Federal Contract Tower,0,6,18,0,24,0,4,72,1,77,0,10,90,1,101,170,0,170,271
07/12/2022,IXD,KS,ACE,CE,Federal Contract Tower,0,6,16,0,22,0,1,106,0,107,0,7,122,0,129,242,0,242,371
07/13/2022,IXD,KS,ACE,CE,Federal Contract Tower,0,5,27,0,32,0,2,106,0,108,0,7,133,0,140,172,0,172,312
07/14/2022,IXD,KS,ACE,CE,Federal Contract Tower,0,6,22,0,28,0,8,92,1,101,0,14,114,1,129,184,0,184,313
07/15/2022,IXD,KS,ACE,CE,Federal Contract Tower,0,5,22,0,27,0,4,82,0,86,0,9,104,0,113,154,0,154,267
07/16/2022,IXD,KS,ACE,CE,Federal Contract Tower,0,9,19,1,29,0,2,78,0,80,0,11,97,1,109,188,0,188,297
07/17/2022,IXD,KS,ACE,CE,Federal Contract Tower,0,2,43,1,46,0,1,68,0,69,0,3,111,1,115,136,0,136,251
07/18/2022,IXD,KS,ACE,CE,Federal Contract Tower,0,6,27,0,33,0,4,92,1,97,0,10,119,1,130,182,6,188,318
07/19/2022,IXD,KS,ACE,CE,Federal Contract Tower,0,6,27,0,33,0,2,107,0,109,0,8,134,0,142,216,0,216,358
07/20/2022,IXD,KS,ACE,CE,Federal Contract Tower,0,6,33,1,40,0,0,103,2,105,0,6,136,3,145,168,2,170,315
07/21/2022,IXD,KS,ACE,CE,Federal Contract Tower,0,12,39,0,51,0,2,93,4,99,0,14,132,4,150,158,0,158,308
07/22/2022,IXD,KS,ACE,CE,Federal Contract Tower,0,9,29,0,38,0,4,115,2,121,0,13,144,2,159,296,0,296,455
07/23/2022,IXD,KS,ACE,CE,Federal Contract Tower,0,2,19,1,22,0,0,50,0,50,0,2,69,1,72,114,0,114,186
07/24/2022,IXD,KS,ACE,CE,Federal Contract Tower,0,8,36,0,44,0,0,57,2,59,0,8,93,2,103,86,0,86,189
07/25/2022,IXD,KS,ACE,CE,Federal Contract Tower,0,11,23,5,39,0,2,22,2,26,0,13,45,7,65,24,10,34,99
07/26/2022,IXD,KS,ACE,CE,Federal Contract Tower,0,9,36,0,45,0,0,82,1,83,0,9,118,1,128,158,0,158,286
07/27/2022,IXD,KS,ACE,CE,Federal Contract Tower,0,9,54,1,64,0,0,54,1,55,0,9,108,2,119,124,0,124,243
07/28/2022,IXD,KS,ACE,CE,Federal Contract Tower,0,11,39,0,50,0,0,41,2,43,0,11,80,2,93,72,0,72,165
07/29/2022,IXD,KS,ACE,CE,Federal Contract Tower,0,10,20,0,30,0,1,109,1,111,0,11,129,1,141,242,0,242,383
07/30/2022,IXD,KS,ACE,CE,Federal Contract Tower,0,5,45,0,50,0,1,75,0,76,0,6,120,0,126,180,0,180,306
07/31/2022,IXD,KS,ACE,CE,Federal Contract Tower,0,7,35,0,42,0,4,56,0,60,0,11,91,0,102,166,0,166,268
08/01/2022,IXD,KS,ACE,CE,Federal Contract Tower,0,7,29,0,36,0,0,88,1,89,0,7,117,1,125,158,0,158,283
08/02/2022,IXD,KS,ACE,CE,Federal Contract Tower,0,0,19,0,19,0,2,109,0,111,0,2,128,0,130,222,0,222,352
08/03/2022,IXD,KS,ACE,CE,Federal Contract Tower,0,8,26,0,34,0,2,37,4,43,0,10,63,4,77,150,8,158,235
08/04/2022,IXD,KS,ACE,CE,Federal Contract Tower,0,8,35,0,43,0,1,90,0,91,0,9,125,0,134,176,0,176,310
08/05/2022,IXD,KS,ACE,CE,Federal Contract Tower,0,14,26,1,41,0,0,123,0,123,0,14,149,1,164,260,0,260,424
08/06/2022,IXD,KS,ACE,CE,Federal Contract Tower,0,2,13,0,15,0,1,101,5,107,0,3,114,5,122,100,4,104,226
08/07/2022,IXD,KS,ACE,CE,Federal Contract Tower,0,11,18,1,30,0,1,96,0,97,0,12,114,1,127,212,0,212,339
08/08/2022,IXD,KS,ACE,CE,Federal Contract Tower,0,7,50,3,60,0,0,29,1,30,0,7,79,4,90,24,0,24,114
08/09/2022,IXD,KS,ACE,CE,Federal Contract Tower,0,8,27,0,35,0,2,106,0,108,0,10,133,0,143,284,0,284,427
08/10/2022,IXD,KS,ACE,CE,Federal Contract Tower,0,5,28,4,37,0,0,149,2,151,0,5,177,6,188,238,6,244,432
08/11/2022,IXD,KS,ACE,CE,Federal Contract Tower,0,9,33,3,45,0,2,130,5,137,0,11,163,8,182,174,0,174,356
08/12/2022,IXD,KS,ACE,CE,Federal Contract Tower,0,5,9,2,16,0,6,112,1,119,0,11,121,3,135,230,0,230,365
08/13/2022,IXD,KS,ACE,CE,Federal Contract Tower,0,2,10,0,12,0,0,104,0,104,0,2,114,0,116,212,0,212,328
08/14/2022,IXD,KS,ACE,CE,Federal Contract Tower,0,3,13,0,16,0,3,94,0,97,0,6,107,0,113,198,0,198,311
08/15/2022,IXD,KS,ACE,CE,Federal Contract Tower,0,12,18,0,30,0,0,80,0,80,0,12,98,0,110,110,0,110,220
08/16/2022,IXD,KS,ACE,CE,Federal Contract Tower,0,6,18,0,24,0,0,0,2,2,0,6,18,2,26,0,0,0,26
08/17/2022,IXD,KS,ACE,CE,Federal Contract Tower,0,13,39,10,62,0,5,111,4,120,0,18,150,14,182,288,16,304,486
08/18/2022,IXD,KS,ACE,CE,Federal Contract Tower,0,13,31,0,44,0,4,118,2,124,0,17,149,2,168,208,0,208,376
08/19/2022,IXD,KS,ACE,CE,Federal Contract Tower,0,9,25,0,34,0,2,35,0,37,0,11,60,0,71,80,0,80,151
08/20/2022,IXD,KS,ACE,CE,Federal Contract Tower,0,0,17,9,26,0,0,131,6,137,0,0,148,15,163,270,0,270,433
08/21/2022,IXD,KS,ACE,CE,Federal Contract Tower,0,5,21,7,33,0,0,110,2,112,0,5,131,9,145,220,0,220,365
08/22/2022,IXD,KS,ACE,CE,Federal Contract Tower,0,6,26,0,32,0,0,99,2,101,0,6,125,2,133,228,0,228,361
08/23/2022,IXD,KS,ACE,CE,Federal Contract Tower,0,6,16,0,22,0,0,126,2,128,0,6,142,2,150,264,0,264,414
08/24/2022,IXD,KS,ACE,CE,Federal Contract Tower,0,3,27,0,30,0,4,124,1,129,0,7,151,1,159,230,0,230,389
08/25/2022,IXD,KS,ACE,CE,Federal Contract Tower,0,2,27,0,29,0,12,109,0,121,0,14,136,0,150,198,0,198,348
08/26/2022,IXD,KS,ACE,CE,Federal Contract Tower,0,3,20,0,23,0,6,89,2,97,0,9,109,2,120,166,0,166,286
08/27/2022,IXD,KS,ACE,CE,Federal Contract Tower,0,3,9,0,12,0,0,106,0,106,0,3,115,0,118,268,0,268,386
08/28/2022,IXD,KS,ACE,CE,Federal Contract Tower,0,2,23,0,25,0,0,76,0,76,0,2,99,0,101,192,0,192,293
08/29/2022,IXD,KS,ACE,CE,Federal Contract Tower,0,10,11,0,21,0,1,81,0,82,0,11,92,0,103,124,0,124,227
08/30/2022,IXD,KS,ACE,CE,Federal Contract Tower,0,7,23,0,30,0,8,97,0,105,0,15,120,0,135,236,0,236,371
08/31/2022,IXD,KS,ACE,CE,Federal Contract Tower,0,13,28,1,42,0,0,154,0,154,0,13,182,1,196,226,0,226,422
09/01/2022,IXD,KS,ACE,CE,Federal Contract Tower,0,8,12,12,32,0,2,89,30,121,0,10,101,42,153,118,2,120,273
09/02/2022,IXD,KS,ACE,CE,Federal Contract Tower,0,3,13,0,16,0,1,28,6,35,0,4,41,6,51,8,0,8,59
09/03/2022,IXD,KS,ACE,CE,Federal Contract Tower,0,0,10,0,10,0,0,23,0,23,0,0,33,0,33,6,0,6,39
09/04/2022,IXD,KS,ACE,CE,Federal Contract Tower,0,2,9,1,12,0,2,30,0,32,0,4,39,1,44,16,0,16,60
09/05/2022,IXD,KS,ACE,CE,Federal Contract Tower,0,6,20,12,38,0,1,49,0,50,0,7,69,12,88,110,0,110,198
09/06/2022,IXD,KS,ACE,CE,Federal Contract Tower,0,14,15,0,29,0,11,82,0,93,0,25,97,0,122,208,0,208,330
09/07/2022,IXD,KS,ACE,CE,Federal Contract Tower,0,14,39,1,54,0,1,114,2,117,0,15,153,3,171,190,0,190,361
09/08/2022,IXD,KS,ACE,CE,Federal Contract Tower,0,22,35,1,58,0,1,157,1,159,0,23,192,2,217,230,0,230,447
09/09/2022,IXD,KS,ACE,CE,Federal Contract Tower,0,23,33,1,57,0,1,114,0,115,0,24,147,1,172,242,0,242,414
09/10/2022,IXD,KS,ACE,CE,Federal Contract Tower,0,11,32,0,43,0,0,25,0,25,0,11,57,0,68,2,0,2,70
09/11/2022,IXD,KS,ACE,CE,Federal Contract Tower,0,23,21,0,44,0,1,102,0,103,0,24,123,0,147,164,0,164,311
09/12/2022,IXD,KS,ACE,CE,Federal Contract Tower,0,10,34,0,44,0,7,110,0,117,0,17,144,0,161,160,0,160,321
09/13/2022,IXD,KS,ACE,CE,Federal Contract Tower,0,4,26,0,30,0,7,114,0,121,0,11,140,0,151,254,0,254,405
09/14/2022,IXD,KS,ACE,CE,Federal Contract Tower,0,8,23,0,31,0,2,78,2,82,0,10,101,2,113,148,2,150,263
09/15/2022,IXD,KS,ACE,CE,Federal Contract Tower,0,9,38,2,49,0,9,97,3,109,0,18,135,5,158,180,0,180,338
09/16/2022,IXD,KS,ACE,CE,Federal Contract Tower,0,7,28,0,35,0,7,96,0,103,0,14,124,0,138,188,0,188,326
09/17/2022,IXD,KS,ACE,CE,Federal Contract Tower,0,8,18,2,28,0,2,54,0,56,0,10,72,2,84,100,0,100,184
09/18/2022,IXD,KS,ACE,CE,Federal Contract Tower,0,10,21,2,33,0,1,49,0,50,0,11,70,2,83,92,0,92,175
09/19/2022,IXD,KS,ACE,CE,Federal Contract Tower,0,10,17,0,27,0,5,89,0,94,0,15,106,0,121,196,2,198,319
09/20/2022,IXD,KS,ACE,CE,Federal Contract Tower,0,14,27,1,42,0,2,59,0,61,0,16,86,1,103,68,0,68,171
09/21/2022,IXD,KS,ACE,CE,Federal Contract Tower,0,16,26,0,42,0,6,90,3,99,0,22,116,3,141,152,0,152,293
09/22/2022,IXD,KS,ACE,CE,Federal Contract Tower,0,9,23,0,32,0,7,84,1,92,0,16,107,1,124,224,0,224,348
09/23/2022,IXD,KS,ACE,CE,Federal Contract Tower,0,9,29,1,39,0,12,78,0,90,0,21,107,1,129,152,0,152,281
09/24/2022,IXD,KS,ACE,CE,Federal Contract Tower,0,4,14,0,18,0,2,95,0,97,0,6,109,0,115,130,0,130,245
09/25/2022,IXD,KS,ACE,CE,Federal Contract Tower,0,2,16,1,19,0,0,54,2,56,0,2,70,3,75,90,0,90,165
09/26/2022,IXD,KS,ACE,CE,Federal Contract Tower,0,4,19,0,23,0,0,88,2,90,0,4,107,2,113,142,0,142,255
09/27/2022,IXD,KS,ACE,CE,Federal Contract Tower,0,7,34,0,41,0,1,101,1,103,0,8,135,1,144,128,0,128,272
09/28/2022,IXD,KS,ACE,CE,Federal Contract Tower,0,7,37,1,45,0,1,106,0,107,0,8,143,1,152,230,0,230,382
09/29/2022,IXD,KS,ACE,CE,Federal Contract Tower,0,2,19,0,21,0,0,99,0,99,0,2,118,0,120,142,0,142,262
09/30/2022,IXD,KS,ACE,CE,Federal Contract Tower,0,9,19,0,28,0,6,97,0,103,0,15,116,0,131,226,0,226,357
10/01/2022,IXD,KS,ACE,CE,Federal Contract Tower,0,0,12,0,12,0,2,96,0,98,0,2,108,0,110,132,0,132,242
10/02/2022,IXD,KS,ACE,CE,Federal Contract Tower,0,8,18,0,26,0,2,86,0,88,0,10,104,0,114,160,0,160,274
10/03/2022,IXD,KS,ACE,CE,Federal Contract Tower,0,5,18,0,23,0,6,83,2,91,0,11,101,2,114,128,0,128,242
10/04/2022,IXD,KS,ACE,CE,Federal Contract Tower,0,4,17,2,23,0,0,103,2,105,0,4,120,4,128,216,0,216,344
10/05/2022,IXD,KS,ACE,CE,Federal Contract Tower,0,10,42,0,52,0,2,123,1,126,0,12,165,1,178,210,0,210,388
10/06/2022,IXD,KS,ACE,CE,Federal Contract Tower,0,16,29,1,46,0,4,109,1,114,0,20,138,2,160,254,0,254,414
10/07/2022,IXD,KS,ACE,CE,Federal Contract Tower,0,13,23,0,36,0,3,149,0,152,0,16,172,0,188,186,0,186,374
10/08/2022,IXD,KS,ACE,CE,Federal Contract Tower,0,4,16,0,20,0,3,83,0,86,0,7,99,0,106,206,0,206,312
10/09/2022,IXD,KS,ACE,CE,Federal Contract Tower,0,8,21,0,29,0,0,88,0,88,0,8,109,0,117,174,0,174,291
10/10/2022,IXD,KS,ACE,CE,Federal Contract Tower,0,15,21,0,36,0,0,104,0,104,0,15,125,0,140,156,0,156,296
10/11/2022,IXD,KS,ACE,CE,Federal Contract Tower,0,7,35,0,42,0,0,33,1,34,0,7,68,1,76,56,0,56,132
10/12/2022,IXD,KS,ACE,CE,Federal Contract Tower,0,16,33,0,49,0,2,58,0,60,0,18,91,0,109,120,0,120,229
10/13/2022,IXD,KS,ACE,CE,Federal Contract Tower,0,9,29,2,40,0,0,67,1,68,0,9,96,3,108,50,0,50,158
10/14/2022,IXD,KS,ACE,CE,Federal Contract Tower,0,6,16,2,24,0,0,61,1,62,0,6,77,3,86,44,2,46,132
10/15/2022,IXD,KS,ACE,CE,Federal Contract Tower,0,6,19,1,26,0,3,114,2,119,0,9,133,3,145,172,4,176,321
10/16/2022,IXD,KS,ACE,CE,Federal Contract Tower,0,9,19,1,29,0,3,73,2,78,0,12,92,3,107,106,4,110,217
10/17/2022,IXD,KS,ACE,CE,Federal Contract Tower,0,12,35,2,49,0,1,88,1,90,0,13,123,3,139,138,4,142,281
10/18/2022,IXD,KS,ACE,CE,Federal Contract Tower,0,8,18,0,26,0,0,117,1,118,0,8,135,1,144,148,0,148,292
10/19/2022,IXD,KS,ACE,CE,Federal Contract Tower,0,9,24,1,34,0,2,99,4,105,0,11,123,5,139,152,0,152,291
10/20/2022,IXD,KS,ACE,CE,Federal Contract Tower,0,13,30,1,44,0,1,133,4,138,0,14,163,5,182,168,0,168,350
10/21/2022,IXD,KS,ACE,CE,Federal Contract Tower,0,14,16,0,30,0,0,89,0,89,0,14,105,0,119,176,0,176,295
10/22/2022,IXD,KS,ACE,CE,Federal Contract Tower,0,5,10,0,15,0,1,73,0,74,0,6,83,0,89,98,0,98,187
10/23/2022,IXD,KS,ACE,CE,Federal Contract Tower,0,6,26,1,33,0,0,10,0,10,0,6,36,1,43,4,0,4,47
10/24/2022,IXD,KS,ACE,CE,Federal Contract Tower,0,11,16,0,27,0,0,2,0,2,0,11,18,0,29,2,0,2,31
10/25/2022,IXD,KS,ACE,CE,Federal Contract Tower,0,13,33,0,46,0,0,83,0,83,0,13,116,0,129,166,0,166,295
10/26/2022,IXD,KS,ACE,CE,Federal Contract Tower,0,14,28,8,50,0,2,131,4,137,0,16,159,12,187,270,8,278,465
10/27/2022,IXD,KS,ACE,CE,Federal Contract Tower,0,7,28,4,39,0,0,92,2,94,0,7,120,6,133,102,2,104,237
10/28/2022,IXD,KS,ACE,CE,Federal Contract Tower,0,12,16,27,55,0,5,116,0,121,0,17,132,27,176,214,0,214,390
10/29/2022,IXD,KS,ACE,CE,Federal Contract Tower,0,2,19,34,55,0,0,118,4,122,0,2,137,38,177,154,12,166,343
10/30/2022,IXD,KS,ACE,CE,Federal Contract Tower,0,6,16,9,31,0,0,83,0,83,0,6,99,9,114,122,2,124,238
10/31/2022,IXD,KS,ACE,CE,Federal Contract Tower,0,10,21,0,31,0,1,83,0,84,0,11,104,0,115,136,0,136,251
11/01/2022,IXD,KS,ACE,CE,Federal Contract Tower,0,13,30,0,43,0,1,111,2,114,0,14,141,2,157,146,0,146,303
11/02/2022,IXD,KS,ACE,CE,Federal Contract Tower,0,8,29,0,37,0,1,68,1,70,0,9,97,1,107,104,0,104,211
11/03/2022,IXD,KS,ACE,CE,Federal Contract Tower,0,20,25,0,45,0,0,46,1,47,0,20,71,1,92,28,0,28,120
11/04/2022,IXD,KS,ACE,CE,Federal Contract Tower,0,12,12,0,24,0,0,1,0,1,0,12,13,0,25,0,0,0,25
11/05/2022,IXD,KS,ACE,CE,Federal Contract Tower,0,5,20,0,25,0,0,47,2,49,0,5,67,2,74,78,0,78,152
11/06/2022,IXD,KS,ACE,CE,Federal Contract Tower,0,8,25,0,33,0,0,117,0,117,0,8,142,0,150,138,0,138,288
11/07/2022,IXD,KS,ACE,CE,Federal Contract Tower,0,13,22,0,35,0,0,78,5,83,0,13,100,5,118,120,0,120,238
11/08/2022,IXD,KS,ACE,CE,Federal Contract Tower,0,8,59,0,67,0,1,7,0,8,0,9,66,0,75,20,0,20,95
11/09/2022,IXD,KS,ACE,CE,Federal Contract Tower,0,6,49,0,55,0,2,20,1,23,0,8,69,1,78,32,0,32,110
11/10/2022,IXD,KS,ACE,CE,Federal Contract Tower,0,7,28,0,35,0,1,15,1,17,0,8,43,1,52,54,0,54,106
11/11/2022,IXD,KS,ACE,CE,Federal Contract Tower,0,7,23,0,30,0,2,89,0,91,0,9,112,0,121,126,0,126,247
11/12/2022,IXD,KS,ACE,CE,Federal Contract Tower,0,8,12,0,20,0,1,41,0,42,0,9,53,0,62,144,0,144,206
11/13/2022,IXD,KS,ACE,CE,Federal Contract Tower,0,6,14,0,20,0,1,90,0,91,0,7,104,0,111,128,0,128,239
11/14/2022,IXD,KS,ACE,CE,Federal Contract Tower,0,11,28,0,39,0,0,91,0,91,0,11,119,0,130,166,0,166,296
11/15/2022,IXD,KS,ACE,CE,Federal Contract Tower,0,7,23,0,30,0,0,43,0,43,0,7,66,0,73,130,0,130,203
11/16/2022,IXD,KS,ACE,CE,Federal Contract Tower,0,14,23,0,37,0,1,95,0,96,0,15,118,0,133,100,4,104,237
11/17/2022,IXD,KS,ACE,CE,Federal Contract Tower,0,11,34,2,47,0,8,78,3,89,0,19,112,5,136,138,3,141,277
11/18/2022,IXD,KS,ACE,CE,Federal Contract Tower,0,7,25,3,35,0,8,84,1,93,0,15,109,4,128,120,5,125,253
11/19/2022,IXD,KS,ACE,CE,Federal Contract Tower,0,13,23,5,41,0,0,47,8,55,0,13,70,13,96,14,24,38,134
11/20/2022,IXD,KS,ACE,CE,Federal Contract Tower,0,6,22,3,31,0,4,83,0,87,0,10,105,3,118,94,0,94,212
11/21/2022,IXD,KS,ACE,CE,Federal Contract Tower,0,5,29,1,35,0,0,95,0,95,0,5,124,1,130,190,0,190,320
11/22/2022,IXD,KS,ACE,CE,Federal Contract Tower,0,6,19,2,27,0,3,96,5,104,0,9,115,7,131,128,0,128,259
11/23/2022,IXD,KS,ACE,CE,Federal Contract Tower,0,7,19,0,26,0,2,57,0,59,0,9,76,0,85,136,0,136,221
11/24/2022,IXD,KS,ACE,CE,Federal Contract Tower,0,0,4,0,4,0,0,11,0,11,0,0,15,0,15,0,0,0,15
11/25/2022,IXD,KS,ACE,CE,Federal Contract Tower,0,6,9,0,15,0,0,54,0,54,0,6,63,0,69,95,0,95,164
11/26/2022,IXD,KS,ACE,CE,Federal Contract Tower,0,3,14,0,17,0,0,59,0,59,0,3,73,0,76,66,0,66,142
11/27/2022,IXD,KS,ACE,CE,Federal Contract Tower,0,9,28,0,37,0,1,21,0,22,0,10,49,0,59,60,0,60,119
11/28/2022,IXD,KS,ACE,CE,Federal Contract Tower,0,6,30,3,39,0,0,70,3,73,0,6,100,6,112,150,0,150,262
11/29/2022,IXD,KS,ACE,CE,Federal Contract Tower,0,13,13,1,27,0,0,44,2,46,0,13,57,3,73,4,0,4,77
11/30/2022,IXD,KS,ACE,CE,Federal Contract Tower,0,7,30,2,39,0,0,97,3,100,0,7,127,5,139,152,0,152,291
12/01/2022,IXD,KS,ACE,CE,Federal Contract Tower,0,16,38,0,54,0,5,70,3,78,0,21,108,3,132,98,0,98,230
12/02/2022,IXD,KS,ACE,CE,Federal Contract Tower,0,12,15,10,37,0,0,11,2,13,0,12,26,12,50,0,8,8,58
12/03/2022,IXD,KS,ACE,CE,Federal Contract Tower,0,2,16,10,28,0,0,94,7,101,0,2,110,17,129,170,42,212,341
12/04/2022,IXD,KS,ACE,CE,Federal Contract Tower,0,5,12,0,17,0,0,92,4,96,0,5,104,4,113,170,0,170,283
12/05/2022,IXD,KS,ACE,CE,Federal Contract Tower,0,11,35,0,46,0,1,9,0,10,0,12,44,0,56,46,0,46,102
12/06/2022,IXD,KS,ACE,CE,Federal Contract Tower,0,13,17,1,31,0,0,28,4,32,0,13,45,5,63,130,0,130,193
12/07/2022,IXD,KS,ACE,CE,Federal Contract Tower,0,4,47,0,51,0,6,51,5,62,0,10,98,5,113,196,0,196,309
12/08/2022,IXD,KS,ACE,CE,Federal Contract Tower,0,4,12,1,17,0,0,0,0,0,0,4,12,1,17,0,0,0,17
12/09/2022,IXD,KS,ACE,CE,Federal Contract Tower,0,12,19,2,33,0,0,2,0,2,0,12,21,2,35,0,0,0,35
12/10/2022,IXD,KS,ACE,CE,Federal Contract Tower,0,4,14,0,18,0,0,0,0,0,0,4,14,0,18,0,0,0,18
12/11/2022,IXD,KS,ACE,CE,Federal Contract Tower,0,6,11,1,18,0,0,4,0,4,0,6,15,1,22,8,0,8,30
12/12/2022,IXD,KS,ACE,CE,Federal Contract Tower,0,10,21,0,31,0,0,0,0,0,0,10,21,0,31,0,0,0,31
12/13/2022,IXD,KS,ACE,CE,Federal Contract Tower,0,12,16,2,30,0,0,16,0,16,0,12,32,2,46,18,0,18,64
12/14/2022,IXD,KS,ACE,CE,Federal Contract Tower,0,13,25,0,38,0,5,133,2,140,0,18,158,2,178,200,0,200,378
12/15/2022,IXD,KS,ACE,CE,Federal Contract Tower,0,16,25,0,41,0,0,24,1,25,0,16,49,1,66,32,0,32,98
12/16/2022,IXD,KS,ACE,CE,Federal Contract Tower,0,10,23,2,35,0,3,44,3,50,0,13,67,5,85,62,0,62,147
12/17/2022,IXD,KS,ACE,CE,Federal Contract Tower,0,8,15,1,24,0,0,53,0,53,0,8,68,1,77,100,0,100,177
12/18/2022,IXD,KS,ACE,CE,Federal Contract Tower,0,3,18,1,22,0,4,111,0,115,0,7,129,1,137,214,0,214,351
12/19/2022,IXD,KS,ACE,CE,Federal Contract Tower,0,15,7,0,22,0,0,26,4,30,0,15,33,4,52,58,2,60,112
12/20/2022,IXD,KS,ACE,CE,Federal Contract Tower,0,10,26,0,36,0,0,51,0,51,0,10,77,0,87,140,0,140,227
12/21/2022,IXD,KS,ACE,CE,Federal Contract Tower,0,6,25,0,31,0,2,45,0,47,0,8,70,0,78,142,0,142,220
12/22/2022,IXD,KS,ACE,CE,Federal Contract Tower,0,0,0,0,0,0,0,0,0,0,0,0,0,0,0,0,0,0,0
12/23/2022,IXD,KS,ACE,CE,Federal Contract Tower,0,5,6,0,11,0,0,7,0,7,0,5,13,0,18,4,0,4,22
12/24/2022,IXD,KS,ACE,CE,Federal Contract Tower,0,0,3,0,3,0,0,13,0,13,0,0,16,0,16,24,0,24,40
12/25/2022,IXD,KS,ACE,CE,Federal Contract Tower,0,6,1,0,7,0,0,9,0,9,0,6,10,0,16,12,0,12,28
12/26/2022,IXD,KS,ACE,CE,Federal Contract Tower,0,4,22,0,26,0,0,13,0,13,0,4,35,0,39,6,0,6,45
12/27/2022,IXD,KS,ACE,CE,Federal Contract Tower,0,3,30,0,33,0,0,70,0,70,0,3,100,0,103,84,0,84,187
12/28/2022,IXD,KS,ACE,CE,Federal Contract Tower,0,7,23,0,30,0,9,40,0,49,0,16,63,0,79,22,0,22,101
12/29/2022,IXD,KS,ACE,CE,Federal Contract Tower,0,5,22,4,31,0,0,34,0,34,0,5,56,4,65,20,2,22,87
12/30/2022,IXD,KS,ACE,CE,Federal Contract Tower,0,9,31,0,40,0,4,94,0,98,0,13,125,0,138,132,0,132,270
12/31/2022,IXD,KS,ACE,CE,Federal Contract Tower,0,6,18,0,24,0,2,75,0,77,0,8,93,0,101,112,0,112,213
01/01/2023,IXD,KS,ACE,CE,Federal Contract Tower,0,9,18,0,27,0,1,55,0,56,0,10,73,0,83,76,0,76,159
01/02/2023,IXD,KS,ACE,CE,Federal Contract Tower,0,5,22,0,27,0,0,0,0,0,0,5,22,0,27,0,0,0,27
01/03/2023,IXD,KS,ACE,CE,Federal Contract Tower,0,9,13,0,22,0,0,24,0,24,0,9,37,0,46,54,0,54,100
01/04/2023,IXD,KS,ACE,CE,Federal Contract Tower,0,5,19,0,24,0,9,92,1,102,0,14,111,1,126,128,2,130,256
01/05/2023,IXD,KS,ACE,CE,Federal Contract Tower,0,5,18,0,23,0,8,114,2,124,0,13,132,2,147,158,0,158,305
01/06/2023,IXD,KS,ACE,CE,Federal Contract Tower,0,9,23,2,34,0,7,90,3,100,0,16,113,5,134,96,4,100,234
01/07/2023,IXD,KS,ACE,CE,Federal Contract Tower,0,2,7,0,9,0,0,29,0,29,0,2,36,0,38,78,0,78,116
01/08/2023,IXD,KS,ACE,CE,Federal Contract Tower,0,10,14,0,24,0,0,136,0,136,0,10,150,0,160,246,0,246,406
01/09/2023,IXD,KS,ACE,CE,Federal Contract Tower,0,9,20,1,30,0,0,72,3,75,0,9,92,4,105,90,0,90,195
01/10/2023,IXD,KS,ACE,CE,Federal Contract Tower,0,12,17,0,29,0,2,126,4,132,0,14,143,4,161,218,2,220,381
01/11/2023,IXD,KS,ACE,CE,Federal Contract Tower,0,8,18,1,27,0,2,96,3,101,0,10,114,4,128,132,0,132,260
01/12/2023,IXD,KS,ACE,CE,Federal Contract Tower,0,13,18,0,31,0,0,0,5,5,0,13,18,5,36,0,2,2,38
01/13/2023,IXD,KS,ACE,CE,Federal Contract Tower,0,5,29,0,34,0,0,67,0,67,0,5,96,0,101,134,0,134,235
01/14/2023,IXD,KS,ACE,CE,Federal Contract Tower,0,0,15,0,15,0,0,83,0,83,0,0,98,0,98,140,0,140,238
01/15/2023,IXD,KS,ACE,CE,Federal Contract Tower,0,2,14,0,16,0,0,39,0,39,0,2,53,0,55,46,0,46,101
01/16/2023,IXD,KS,ACE,CE,Federal Contract Tower,0,3,8,0,11,0,0,53,0,53,0,3,61,0,64,118,0,118,182
01/17/2023,IXD,KS,ACE,CE,Federal Contract Tower,0,6,25,0,31,0,0,65,2,67,0,6,90,2,98,110,12,122,220
01/18/2023,IXD,KS,ACE,CE,Federal Contract Tower,0,7,7,0,14,0,0,0,0,0,0,7,7,0,14,0,0,0,14
01/19/2023,IXD,KS,ACE,CE,Federal Contract Tower,0,7,23,1,31,0,0,5,10,15,0,7,28,11,46,20,22,42,88
01/20/2023,IXD,KS,ACE,CE,Federal Contract Tower,0,12,30,3,45,0,12,107,6,125,0,24,137,9,170,202,0,202,372
01/21/2023,IXD,KS,ACE,CE,Federal Contract Tower,0,2,15,0,17,0,0,55,0,55,0,2,70,0,72,114,0,114,186
01/22/2023,IXD,KS,ACE,CE,Federal Contract Tower,0,4,9,0,13,0,0,0,0,0,0,4,9,0,13,0,0,0,13
01/23/2023,IXD,KS,ACE,CE,Federal Contract Tower,0,8,10,0,18,0,1,88,10,99,0,9,98,10,117,108,18,126,243
01/24/2023,IXD,KS,ACE,CE,Federal Contract Tower,0,4,22,0,26,0,0,65,10,75,0,4,87,10,101,220,12,232,333
01/25/2023,IXD,KS,ACE,CE,Federal Contract Tower,0,3,14,0,17,0,1,10,4,15,0,4,24,4,32,52,0,52,84
01/26/2023,IXD,KS,ACE,CE,Federal Contract Tower,0,11,22,0,33,0,5,63,8,76,0,16,85,8,109,128,2,130,239
01/27/2023,IXD,KS,ACE,CE,Federal Contract Tower,0,14,23,0,37,0,10,96,6,112,0,24,119,6,149,152,0,152,301
01/28/2023,IXD,KS,ACE,CE,Federal Contract Tower,0,6,17,0,23,0,2,67,1,70,0,8,84,1,93,68,0,68,161
01/29/2023,IXD,KS,ACE,CE,Federal Contract Tower,0,2,13,0,15,0,0,7,0,7,0,2,20,0,22,32,0,32,54
01/30/2023,IXD,KS,ACE,CE,Federal Contract Tower,0,6,29,0,35,0,1,43,0,44,0,7,72,0,79,46,0,46,125
01/31/2023,IXD,KS,ACE,CE,Federal Contract Tower,0,5,11,1,17,0,0,76,15,91,0,5,87,16,108,154,4,158,266
02/01/2023,IXD,KS,ACE,CE,Federal Contract Tower,0,7,23,2,32,0,7,111,14,132,0,14,134,16,164,198,16,214,378
02/02/2023,IXD,KS,ACE,CE,Federal Contract Tower,0,3,27,0,30,0,8,89,13,110,0,11,116,13,140,98,20,118,258
02/03/2023,IXD,KS,ACE,CE,Federal Contract Tower,0,12,16,7,35,0,7,75,2,84,0,19,91,9,119,92,0,92,211
02/04/2023,IXD,KS,ACE,CE,Federal Contract Tower,0,4,8,2,14,0,0,47,4,51,0,4,55,6,65,32,2,34,99
02/05/2023,IXD,KS,ACE,CE,Federal Contract Tower,0,6,24,0,30,0,0,73,0,73,0,6,97,0,103,166,0,166,269
02/06/2023,IXD,KS,ACE,CE,Federal Contract Tower,0,12,14,1,27,0,0,20,2,22,0,12,34,3,49,0,0,0,49
02/07/2023,IXD,KS,ACE,CE,Federal Contract Tower,0,12,31,9,52,0,0,105,6,111,0,12,136,15,163,156,0,156,319
02/08/2023,IXD,KS,ACE,CE,Federal Contract Tower,0,10,28,0,38,0,0,51,7,58,0,10,79,7,96,80,0,80,176
02/09/2023,IXD,KS,ACE,CE,Federal Contract Tower,0,12,24,0,36,0,0,25,5,30,0,12,49,5,66,76,6,82,148
02/10/2023,IXD,KS,ACE,CE,Federal Contract Tower,0,11,24,14,49,0,2,68,2,72,0,13,92,16,121,152,0,152,273
02/11/2023,IXD,KS,ACE,CE,Federal Contract Tower,0,7,16,6,29,0,3,103,3,109,0,10,119,9,138,220,0,220,358
02/12/2023,IXD,KS,ACE,CE,Federal Contract Tower,0,6,11,2,19,0,2,48,4,54,0,8,59,6,73,92,0,92,165
02/13/2023,IXD,KS,ACE,CE,Federal Contract Tower,0,10,24,4,38,0,0,113,4,117,0,10,137,8,155,138,0,138,293
02/14/2023,IXD,KS,ACE,CE,Federal Contract Tower,0,6,10,0,16,0,0,3,6,9,0,6,13,6,25,0,6,6,31
02/15/2023,IXD,KS,ACE,CE,Federal Contract Tower,0,13,16,0,29,0,0,64,12,76,0,13,80,12,105,238,0,238,343
02/16/2023,IXD,KS,ACE,CE,Federal Contract Tower,0,8,6,2,16,0,0,0,0,0,0,8,6,2,16,0,0,0,16
02/17/2023,IXD,KS,ACE,CE,Federal Contract Tower,0,14,20,0,34,0,4,92,1,97,0,18,112,1,131,104,0,104,235
02/18/2023,IXD,KS,ACE,CE,Federal Contract Tower,0,5,7,0,12,0,0,48,0,48,0,5,55,0,60,78,0,78,138
02/19/2023,IXD,KS,ACE,CE,Federal Contract Tower,0,3,16,0,19,0,0,90,0,90,0,3,106,0,109,164,0,164,273
02/20/2023,IXD,KS,ACE,CE,Federal Contract Tower,0,3,25,0,28,0,0,123,0,123,0,3,148,0,151,146,0,146,297
02/21/2023,IXD,KS,ACE,CE,Federal Contract Tower,0,9,24,1,34,0,0,88,3,91,0,9,112,4,125,200,0,200,325
02/22/2023,IXD,KS,ACE,CE,Federal Contract Tower,0,4,22,0,26,0,2,21,0,23,0,6,43,0,49,50,0,50,99
02/23/2023,IXD,KS,ACE,CE,Federal Contract Tower,0,8,15,5,28,0,8,68,5,81,0,16,83,10,109,86,2,88,197
02/24/2023,IXD,KS,ACE,CE,Federal Contract Tower,0,4,31,0,35,0,8,73,1,82,0,12,104,1,117,122,0,122,239
02/25/2023,IXD,KS,ACE,CE,Federal Contract Tower,0,3,12,0,15,0,0,97,0,97,0,3,109,0,112,166,0,166,278
02/26/2023,IXD,KS,ACE,CE,Federal Contract Tower,0,1,18,0,19,0,0,0,0,0,0,1,18,0,19,0,0,0,19
02/27/2023,IXD,KS,ACE,CE,Federal Contract Tower,0,6,22,4,32,0,0,49,0,49,0,6,71,4,81,50,0,50,131
02/28/2023,IXD,KS,ACE,CE,Federal Contract Tower,0,6,27,0,33,0,0,99,4,103,0,6,126,4,136,134,0,134,270
03/01/2023,IXD,KS,ACE,CE,Federal Contract Tower,0,8,28,0,36,0,4,105,1,110,0,12,133,1,146,152,0,152,298
03/02/2023,IXD,KS,ACE,CE,Federal Contract Tower,0,8,12,2,22,0,5,70,0,75,0,13,82,2,97,122,4,126,223
03/03/2023,IXD,KS,ACE,CE,Federal Contract Tower,0,8,18,1,27,0,2,58,1,61,0,10,76,2,88,118,0,118,206
03/04/2023,IXD,KS,ACE,CE,Federal Contract Tower,0,6,10,5,21,0,3,99,0,102,0,9,109,5,123,152,0,152,275
03/05/2023,IXD,KS,ACE,CE,Federal Contract Tower,0,7,9,0,16,0,2,47,0,49,0,9,56,0,65,46,0,46,111
03/06/2023,IXD,KS,ACE,CE,Federal Contract Tower,0,17,22,1,40,0,0,98,0,98,0,17,120,1,138,132,0,132,270
03/07/2023,IXD,KS,ACE,CE,Federal Contract Tower,0,9,27,0,36,0,0,73,7,80,0,9,100,7,116,258,0,258,374
03/08/2023,IXD,KS,ACE,CE,Federal Contract Tower,0,5,19,0,24,0,0,0,0,0,0,5,19,0,24,0,0,0,24
03/09/2023,IXD,KS,ACE,CE,Federal Contract Tower,0,16,14,0,30,0,0,1,3,4,0,16,15,3,34,6,24,30,64
03/10/2023,IXD,KS,ACE,CE,Federal Contract Tower,0,16,26,0,42,0,0,123,2,125,0,16,149,2,167,282,0,282,449
03/11/2023,IXD,KS,ACE,CE,Federal Contract Tower,0,10,27,0,37,0,0,6,0,6,0,10,33,0,43,14,0,14,57
03/12/2023,IXD,KS,ACE,CE,Federal Contract Tower,0,11,14,0,25,0,0,70,0,70,0,11,84,0,95,74,0,74,169
03/13/2023,IXD,KS,ACE,CE,Federal Contract Tower,0,4,12,5,21,0,0,87,0,87,0,4,99,5,108,220,0,220,328
03/14/2023,IXD,KS,ACE,CE,Federal Contract Tower,0,1,15,1,17,0,0,124,0,124,0,1,139,1,141,226,2,228,369
03/15/2023,IXD,KS,ACE,CE,Federal Contract Tower,0,6,10,1,17,0,1,50,5,56,0,7,60,6,73,56,0,56,129
03/16/2023,IXD,KS,ACE,CE,Federal Contract Tower,0,9,11,0,20,0,1,26,0,27,0,10,37,0,47,82,0,82,129
03/17/2023,IXD,KS,ACE,CE,Federal Contract Tower,0,6,14,3,23,0,4,92,5,101,0,10,106,8,124,154,14,168,292
03/18/2023,IXD,KS,ACE,CE,Federal Contract Tower,0,4,15,2,21,0,0,65,3,68,0,4,80,5,89,32,0,32,121
03/19/2023,IXD,KS,ACE,CE,Federal Contract Tower,0,3,17,2,22,0,1,74,0,75,0,4,91,2,97,124,0,124,221
03/20/2023,IXD,KS,ACE,CE,Federal Contract Tower,0,17,22,0,39,0,0,50,2,52,0,17,72,2,91,78,0,78,169
03/21/2023,IXD,KS,ACE,CE,Federal Contract Tower,0,7,16,2,25,0,0,0,0,0,0,7,16,2,25,0,0,0,25
03/22/2023,IXD,KS,ACE,CE,Federal Contract Tower,0,7,32,0,39,0,4,48,4,56,0,11,80,4,95,130,2,132,227
03/23/2023,IXD,KS,ACE,CE,Federal Contract Tower,0,13,10,0,23,0,0,20,6,26,0,13,30,6,49,72,0,72,121
03/24/2023,IXD,KS,ACE,CE,Federal Contract Tower,0,15,22,1,38,0,6,79,4,89,0,21,101,5,127,154,0,154,281
03/25/2023,IXD,KS,ACE,CE,Federal Contract Tower,0,11,16,0,27,0,2,112,3,117,0,13,128,3,144,194,0,194,338
03/26/2023,IXD,KS,ACE,CE,Federal Contract Tower,0,6,15,0,21,0,0,33,2,35,0,6,48,2,56,96,0,96,152
03/27/2023,IXD,KS,ACE,CE,Federal Contract Tower,0,4,26,0,30,0,1,114,6,121,0,5,140,6,151,170,0,170,321
03/28/2023,IXD,KS,ACE,CE,Federal Contract Tower,0,15,27,2,44,0,1,74,6,81,0,16,101,8,125,178,6,184,309
03/29/2023,IXD,KS,ACE,CE,Federal Contract Tower,0,12,24,2,38,0,0,147,2,149,0,12,171,4,187,260,0,260,447
03/30/2023,IXD,KS,ACE,CE,Federal Contract Tower,0,17,19,0,36,0,2,42,6,50,0,19,61,6,86,86,2,88,174
03/31/2023,IXD,KS,ACE,CE,Federal Contract Tower,0,5,14,0,19,0,1,1,2,4,0,6,15,2,23,0,0,0,23
04/01/2023,IXD,KS,ACE,CE,Federal Contract Tower,0,4,12,0,16,0,0,63,2,65,0,4,75,2,81,76,2,78,159
04/02/2023,IXD,KS,ACE,CE,Federal Contract Tower,0,6,19,0,25,0,5,48,0,53,0,11,67,0,78,82,0,82,160
04/03/2023,IXD,KS,ACE,CE,Federal Contract Tower,0,15,33,1,49,0,0,103,1,104,0,15,136,2,153,298,0,298,451
04/04/2023,IXD,KS,ACE,CE,Federal Contract Tower,0,8,14,0,22,0,0,12,2,14,0,8,26,2,36,48,0,48,84
04/05/2023,IXD,KS,ACE,CE,Federal Contract Tower,0,12,23,0,35,0,0,83,4,87,0,12,106,4,122,158,0,158,280
04/06/2023,IXD,KS,ACE,CE,Federal Contract Tower,0,8,28,1,37,0,2,157,7,166,0,10,185,8,203,220,0,220,423
04/07/2023,IXD,KS,ACE,CE,Federal Contract Tower,0,2,13,7,22,0,0,133,7,140,0,2,146,14,162,288,18,306,468
04/08/2023,IXD,KS,ACE,CE,Federal Contract Tower,0,1,8,12,21,0,0,89,2,91,0,1,97,14,112,222,0,222,334
04/09/2023,IXD,KS,ACE,CE,Federal Contract Tower,0,7,2,1,10,0,0,35,1,36,0,7,37,2,46,56,0,56,102
04/10/2023,IXD,KS,ACE,CE,Federal Contract Tower,0,13,17,1,31,0,0,40,2,42,0,13,57,3,73,46,0,46,119
04/11/2023,IXD,KS,ACE,CE,Federal Contract Tower,0,20,21,0,41,0,0,96,2,98,0,20,117,2,139,260,0,260,399
04/12/2023,IXD,KS,ACE,CE,Federal Contract Tower,0,11,27,0,38,0,1,67,6,74,0,12,94,6,112,102,0,102,214
04/13/2023,IXD,KS,ACE,CE,Federal Contract Tower,0,21,19,1,41,0,2,76,3,81,0,23,95,4,122,154,0,154,276
04/14/2023,IXD,KS,ACE,CE,Federal Contract Tower,0,13,22,3,38,0,1,68,3,72,0,14,90,6,110,114,0,114,224
04/15/2023,IXD,KS,ACE,CE,Federal Contract Tower,0,1,21,0,22,0,0,2,2,4,0,1,23,2,26,0,0,0,26
04/16/2023,IXD,KS,ACE,CE,Federal Contract Tower,0,3,11,0,14,0,0,3,0,3,0,3,14,0,17,2,0,2,19
04/17/2023,IXD,KS,ACE,CE,Federal Contract Tower,0,11,15,3,29,0,0,115,3,118,0,11,130,6,147,150,0,150,297
04/18/2023,IXD,KS,ACE,CE,Federal Contract Tower,0,12,23,0,35,0,0,85,7,92,0,12,108,7,127,132,18,150,277
04/19/2023,IXD,KS,ACE,CE,Federal Contract Tower,0,11,23,2,36,0,2,15,6,23,0,13,38,8,59,10,2,12,71
04/20/2023,IXD,KS,ACE,CE,Federal Contract Tower,0,10,19,1,30,0,1,15,6,22,0,11,34,7,52,18,6,24,76
04/21/2023,IXD,KS,ACE,CE,Federal Contract Tower,0,13,26,8,47,0,1,80,5,86,0,14,106,13,133,66,0,66,199
04/22/2023,IXD,KS,ACE,CE,Federal Contract Tower,0,4,22,20,46,0,0,55,9,64,0,4,77,29,110,54,16,70,180
04/23/2023,IXD,KS,ACE,CE,Federal Contract Tower,0,7,34,6,47,0,0,90,18,108,0,7,124,24,155,170,0,170,325
04/24/2023,IXD,KS,ACE,CE,Federal Contract Tower,0,12,19,1,32,0,0,113,4,117,0,12,132,5,149,214,0,214,363
04/25/2023,IXD,KS,ACE,CE,Federal Contract Tower,0,7,16,0,23,0,0,115,7,122,0,7,131,7,145,282,0,282,427
04/26/2023,IXD,KS,ACE,CE,Federal Contract Tower,0,7,24,0,31,0,2,129,1,132,0,9,153,1,163,248,0,248,411
04/27/2023,IXD,KS,ACE,CE,Federal Contract Tower,0,5,21,2,28,0,3,161,0,164,0,8,182,2,192,264,0,264,456
04/28/2023,IXD,KS,ACE,CE,Federal Contract Tower,0,6,23,0,29,0,6,88,5,99,0,12,111,5,128,200,0,200,328
04/29/2023,IXD,KS,ACE,CE,Federal Contract Tower,0,3,14,0,17,0,0,101,1,102,0,3,115,1,119,62,0,62,181
04/30/2023,IXD,KS,ACE,CE,Federal Contract Tower,0,11,6,1,18,0,0,12,0,12,0,11,18,1,30,0,0,0,30
05/01/2023,IXD,KS,ACE,CE,Federal Contract Tower,0,4,21,0,25,0,0,41,0,41,0,4,62,0,66,30,0,30,96
05/02/2023,IXD,KS,ACE,CE,Federal Contract Tower,0,4,25,0,29,0,1,86,0,87,0,5,111,0,116,192,0,192,308
05/03/2023,IXD,KS,ACE,CE,Federal Contract Tower,0,7,21,0,28,0,4,184,3,191,0,11,205,3,219,382,0,382,601
05/04/2023,IXD,KS,ACE,CE,Federal Contract Tower,0,11,26,2,39,0,1,58,0,59,0,12,84,2,98,132,0,132,230
05/05/2023,IXD,KS,ACE,CE,Federal Contract Tower,0,15,38,0,53,0,5,64,4,73,0,20,102,4,126,260,0,260,386
05/06/2023,IXD,KS,ACE,CE,Federal Contract Tower,0,14,21,5,40,0,2,38,0,40,0,16,59,5,80,56,0,56,136
05/07/2023,IXD,KS,ACE,CE,Federal Contract Tower,0,21,22,2,45,0,1,78,6,85,0,22,100,8,130,94,0,94,224
05/08/2023,IXD,KS,ACE,CE,Federal Contract Tower,0,10,22,1,33,0,0,108,0,108,0,10,130,1,141,196,0,196,337
05/09/2023,IXD,KS,ACE,CE,Federal Contract Tower,0,7,20,0,27,0,0,63,2,65,0,7,83,2,92,56,0,56,148
05/10/2023,IXD,KS,ACE,CE,Federal Contract Tower,0,11,22,1,34,0,2,144,1,147,0,13,166,2,181,308,2,310,491
05/11/2023,IXD,KS,ACE,CE,Federal Contract Tower,0,13,39,0,52,0,0,9,0,9,0,13,48,0,61,2,0,2,63
05/12/2023,IXD,KS,ACE,CE,Federal Contract Tower,0,15,36,0,51,0,0,86,4,90,0,15,122,4,141,354,0,354,495
05/13/2023,IXD,KS,ACE,CE,Federal Contract Tower,0,0,9,0,9,0,0,125,0,125,0,0,134,0,134,188,0,188,322
05/14/2023,IXD,KS,ACE,CE,Federal Contract Tower,0,7,6,0,13,0,0,34,0,34,0,7,40,0,47,88,0,88,135
05/15/2023,IXD,KS,ACE,CE,Federal Contract Tower,0,9,28,1,38,0,0,0,0,0,0,9,28,1,38,6,0,6,44
05/16/2023,IXD,KS,ACE,CE,Federal Contract Tower,0,12,52,0,64,0,0,26,4,30,0,12,78,4,94,154,0,154,248
05/17/2023,IXD,KS,ACE,CE,Federal Contract Tower,0,8,26,3,37,0,0,190,3,193,0,8,216,6,230,296,0,296,526
05/18/2023,IXD,KS,ACE,CE,Federal Contract Tower,0,10,30,2,42,0,4,147,8,159,0,14,177,10,201,290,0,290,491
05/19/2023,IXD,KS,ACE,CE,Federal Contract Tower,0,11,50,3,64,0,0,36,4,40,0,11,86,7,104,42,4,46,150
05/20/2023,IXD,KS,ACE,CE,Federal Contract Tower,0,7,18,13,38,0,0,134,8,142,0,7,152,21,180,150,12,162,342
05/21/2023,IXD,KS,ACE,CE,Federal Contract Tower,0,6,16,6,28,0,0,106,8,114,0,6,122,14,142,118,0,118,260
05/22/2023,IXD,KS,ACE,CE,Federal Contract Tower,0,12,27,0,39,0,0,125,0,125,0,12,152,0,164,176,0,176,340
05/23/2023,IXD,KS,ACE,CE,Federal Contract Tower,0,3,30,0,33,0,0,162,8,170,0,3,192,8,203,198,0,198,401
05/24/2023,IXD,KS,ACE,CE,Federal Contract Tower,0,7,19,0,26,0,2,103,4,109,0,9,122,4,135,140,0,140,275
05/25/2023,IXD,KS,ACE,CE,Federal Contract Tower,0,5,32,2,39,0,5,110,2,117,0,10,142,4,156,240,0,240,396
05/26/2023,IXD,KS,ACE,CE,Federal Contract Tower,0,6,27,2,35,0,0,121,1,122,0,6,148,3,157,222,0,222,379
05/27/2023,IXD,KS,ACE,CE,Federal Contract Tower,0,1,10,0,11,0,0,115,0,115,0,1,125,0,126,216,0,216,342
05/28/2023,IXD,KS,ACE,CE,Federal Contract Tower,0,4,7,0,11,0,0,86,0,86,0,4,93,0,97,108,0,108,205
05/29/2023,IXD,KS,ACE,CE,Federal Contract Tower,0,8,13,0,21,0,0,87,0,87,0,8,100,0,108,140,0,140,248
05/30/2023,IXD,KS,ACE,CE,Federal Contract Tower,0,11,25,2,38,0,2,72,0,74,0,13,97,2,112,68,0,68,180
05/31/2023,IXD,KS,ACE,CE,Federal Contract Tower,0,5,25,4,34,0,88,2,0,90,0,93,27,4,124,201,4,205,329
06/01/2023,IXD,KS,ACE,CE,Federal Contract Tower,0,13,33,0,46,0,6,111,7,124,0,19,144,7,170,144,8,152,322
06/02/2023,IXD,KS,ACE,CE,Federal Contract Tower,0,18,15,1,34,0,7,105,2,114,0,25,120,3,148,186,0,186,334
06/03/2023,IXD,KS,ACE,CE,Federal Contract Tower,0,9,11,3,23,0,7,102,3,112,0,16,113,6,135,144,10,154,289
06/04/2023,IXD,KS,ACE,CE,Federal Contract Tower,0,9,12,3,24,0,0,92,0,92,0,9,104,3,116,116,0,116,232
06/05/2023,IXD,KS,ACE,CE,Federal Contract Tower,0,11,29,0,40,0,0,84,3,87,0,11,113,3,127,138,0,138,265
06/06/2023,IXD,KS,ACE,CE,Federal Contract Tower,0,11,28,5,44,0,0,117,9,126,0,11,145,14,170,270,2,272,442
06/07/2023,IXD,KS,ACE,CE,Federal Contract Tower,0,13,26,3,42,0,0,138,0,138,0,13,164,3,180,260,0,260,440
06/08/2023,IXD,KS,ACE,CE,Federal Contract Tower,0,12,25,2,39,0,5,125,3,133,0,17,150,5,172,192,0,192,364
06/09/2023,IXD,KS,ACE,CE,Federal Contract Tower,0,8,31,0,39,0,11,142,2,155,0,19,173,2,194,164,0,164,358
06/10/2023,IXD,KS,ACE,CE,Federal Contract Tower,0,4,21,0,25,0,1,22,5,28,0,5,43,5,53,64,0,64,117
06/11/2023,IXD,KS,ACE,CE,Federal Contract Tower,0,6,44,0,50,0,0,23,0,23,0,6,67,0,73,66,0,66,139
06/12/2023,IXD,KS,ACE,CE,Federal Contract Tower,0,15,39,2,56,0,1,119,2,122,0,16,158,4,178,232,0,232,410
06/13/2023,IXD,KS,ACE,CE,Federal Contract Tower,0,4,30,0,34,0,7,96,4,107,0,11,126,4,141,250,6,256,397
06/14/2023,IXD,KS,ACE,CE,Federal Contract Tower,0,14,24,0,38,0,0,89,3,92,0,14,113,3,130,188,8,196,326
06/15/2023,IXD,KS,ACE,CE,Federal Contract Tower,0,8,29,0,37,0,4,110,4,118,0,12,139,4,155,176,0,176,331
06/16/2023,IXD,KS,ACE,CE,Federal Contract Tower,0,4,20,0,24,0,5,121,1,127,0,9,141,1,151,214,0,214,365
06/17/2023,IXD,KS,ACE,CE,Federal Contract Tower,0,7,22,0,29,0,1,100,2,103,0,8,122,2,132,90,0,90,222
06/18/2023,IXD,KS,ACE,CE,Federal Contract Tower,0,5,13,0,18,0,0,25,0,25,0,5,38,0,43,64,0,64,107
06/19/2023,IXD,KS,ACE,CE,Federal Contract Tower,0,4,21,0,25,0,0,89,0,89,0,4,110,0,114,116,0,116,230
06/20/2023,IXD,KS,ACE,CE,Federal Contract Tower,0,2,30,0,32,0,0,76,3,79,0,2,106,3,111,154,2,156,267
06/21/2023,IXD,KS,ACE,CE,Federal Contract Tower,0,3,33,2,38,0,1,113,5,119,0,4,146,7,157,140,0,140,297
06/22/2023,IXD,KS,ACE,CE,Federal Contract Tower,0,1,25,0,26,0,3,111,4,118,0,4,136,4,144,232,0,232,376
06/23/2023,IXD,KS,ACE,CE,Federal Contract Tower,0,6,22,2,30,0,3,122,5,130,0,9,144,7,160,250,2,252,412
06/24/2023,IXD,KS,ACE,CE,Federal Contract Tower,0,3,14,0,17,0,1,60,1,62,0,4,74,1,79,72,0,72,151
06/25/2023,IXD,KS,ACE,CE,Federal Contract Tower,0,7,15,0,22,0,0,52,0,52,0,7,67,0,74,48,0,48,122
06/26/2023,IXD,KS,ACE,CE,Federal Contract Tower,0,9,27,1,37,0,0,94,3,97,0,9,121,4,134,136,4,140,274
06/27/2023,IXD,KS,ACE,CE,Federal Contract Tower,0,7,20,0,27,0,2,130,9,141,0,9,150,9,168,170,30,200,368
06/28/2023,IXD,KS,ACE,CE,Federal Contract Tower,0,12,33,0,45,0,3,101,1,105,0,15,134,1,150,138,0,138,288
06/29/2023,IXD,KS,ACE,CE,Federal Contract Tower,0,8,31,0,39,0,1,90,2,93,0,9,121,2,132,174,0,174,306
06/30/2023,IXD,KS,ACE,CE,Federal Contract Tower,0,4,26,0,30,0,4,94,2,100,0,8,120,2,130,134,0,134,264
07/01/2023,IXD,KS,ACE,CE,Federal Contract Tower,0,6,18,0,24,0,0,58,0,58,0,6,76,0,82,66,0,66,148
07/02/2023,IXD,KS,ACE,CE,Federal Contract Tower,0,7,16,0,23,0,0,72,2,74,0,7,88,2,97,76,0,76,173
07/03/2023,IXD,KS,ACE,CE,Federal Contract Tower,0,0,6,0,6,0,0,108,4,112,0,0,114,4,118,242,6,248,366
07/04/2023,IXD,KS,ACE,CE,Federal Contract Tower,0,2,2,0,4,0,0,68,0,68,0,2,70,0,72,78,0,78,150
07/05/2023,IXD,KS,ACE,CE,Federal Contract Tower,0,7,39,0,46,0,2,54,0,56,0,9,93,0,102,86,0,86,188
07/06/2023,IXD,KS,ACE,CE,Federal Contract Tower,0,7,14,9,30,0,3,152,5,160,0,10,166,14,190,272,4,276,466
07/07/2023,IXD,KS,ACE,CE,Federal Contract Tower,0,7,24,2,33,0,0,82,2,84,0,7,106,4,117,184,0,184,301
07/08/2023,IXD,KS,ACE,CE,Federal Contract Tower,0,10,32,0,42,0,0,36,3,39,0,10,68,3,81,40,0,40,121
07/09/2023,IXD,KS,ACE,CE,Federal Contract Tower,0,16,25,0,41,0,0,135,5,140,0,16,160,5,181,154,0,154,335
07/10/2023,IXD,KS,ACE,CE,Federal Contract Tower,0,6,22,0,28,0,0,116,1,117,0,6,138,1,145,158,0,158,303
07/11/2023,IXD,KS,ACE,CE,Federal Contract Tower,0,0,24,1,25,0,3,116,2,121,0,3,140,3,146,134,0,134,280
07/12/2023,IXD,KS,ACE,CE,Federal Contract Tower,0,8,27,0,35,0,4,74,1,79,0,12,101,1,114,106,0,106,220
07/13/2023,IXD,KS,ACE,CE,Federal Contract Tower,0,8,25,2,35,0,4,108,9,121,0,12,133,11,156,160,16,176,332
07/14/2023,IXD,KS,ACE,CE,Federal Contract Tower,0,9,11,2,22,0,4,55,1,60,0,13,66,3,82,74,0,74,156
07/15/2023,IXD,KS,ACE,CE,Federal Contract Tower,0,11,17,0,28,0,3,79,1,83,0,14,96,1,111,128,0,128,239
07/16/2023,IXD,KS,ACE,CE,Federal Contract Tower,0,9,21,0,30,0,0,72,0,72,0,9,93,0,102,120,0,120,222
07/17/2023,IXD,KS,ACE,CE,Federal Contract Tower,0,12,27,0,39,0,6,89,2,97,0,18,116,2,136,248,0,248,384
07/18/2023,IXD,KS,ACE,CE,Federal Contract Tower,0,14,23,0,37,0,2,83,5,90,0,16,106,5,127,54,0,54,181
07/19/2023,IXD,KS,ACE,CE,Federal Contract Tower,0,4,51,4,59,0,2,89,0,91,0,6,140,4,150,200,0,200,350
07/20/2023,IXD,KS,ACE,CE,Federal Contract Tower,0,10,32,0,42,0,4,122,1,127,0,14,154,1,169,210,0,210,379
07/21/2023,IXD,KS,ACE,CE,Federal Contract Tower,0,11,30,4,45,0,0,142,9,151,0,11,172,13,196,224,14,238,434
07/22/2023,IXD,KS,ACE,CE,Federal Contract Tower,0,3,19,2,24,0,0,108,2,110,0,3,127,4,134,180,0,180,314
07/23/2023,IXD,KS,ACE,CE,Federal Contract Tower,0,6,21,0,27,0,0,99,0,99,0,6,120,0,126,156,0,156,282
07/24/2023,IXD,KS,ACE,CE,Federal Contract Tower,0,11,17,0,28,0,0,61,4,65,0,11,78,4,93,84,0,84,177
07/25/2023,IXD,KS,ACE,CE,Federal Contract Tower,0,19,11,0,30,0,0,83,4,87,0,19,94,4,117,156,0,156,273
07/26/2023,IXD,KS,ACE,CE,Federal Contract Tower,0,10,22,0,32,0,2,80,6,88,0,12,102,6,120,110,0,110,230
07/27/2023,IXD,KS,ACE,CE,Federal Contract Tower,0,11,26,1,38,0,0,105,3,108,0,11,131,4,146,148,0,148,294
07/28/2023,IXD,KS,ACE,CE,Federal Contract Tower,0,8,17,0,25,0,1,84,1,86,0,9,101,1,111,87,0,87,198
07/29/2023,IXD,KS,ACE,CE,Federal Contract Tower,0,5,13,0,18,0,4,51,0,55,0,9,64,0,73,94,0,94,167
07/30/2023,IXD,KS,ACE,CE,Federal Contract Tower,0,8,18,0,26,0,0,71,0,71,0,8,89,0,97,120,0,120,217
07/31/2023,IXD,KS,ACE,CE,Federal Contract Tower,0,8,23,0,31,0,0,55,1,56,0,8,78,1,87,132,0,132,219
08/01/2023,IXD,KS,ACE,CE,Federal Contract Tower,0,8,16,0,24,0,0,97,4,101,0,8,113,4,125,130,0,130,255
08/02/2023,IXD,KS,ACE,CE,Federal Contract Tower,0,4,21,0,25,0,3,101,3,107,0,7,122,3,132,188,0,188,320
08/03/2023,IXD,KS,ACE,CE,Federal Contract Tower,0,13,30,0,43,0,5,49,6,60,0,18,79,6,103,156,0,156,259
08/04/2023,IXD,KS,ACE,CE,Federal Contract Tower,0,12,36,0,48,0,63,1,0,64,0,75,37,0,112,128,0,128,240
08/05/2023,IXD,KS,ACE,CE,Federal Contract Tower,0,0,30,0,30,0,0,69,5,74,0,0,99,5,104,130,0,130,234
08/06/2023,IXD,KS,ACE,CE,Federal Contract Tower,0,3,8,0,11,0,0,45,0,45,0,3,53,0,56,44,0,44,100
08/07/2023,IXD,KS,ACE,CE,Federal Contract Tower,0,18,43,2,63,0,0,73,0,73,0,18,116,2,136,166,0,166,302
08/08/2023,IXD,KS,ACE,CE,Federal Contract Tower,0,8,27,0,35,0,0,152,2,154,0,8,179,2,189,240,0,240,429
08/09/2023,IXD,KS,ACE,CE,Federal Contract Tower,0,17,27,2,46,0,3,65,1,69,0,20,92,3,115,120,0,120,235
08/10/2023,IXD,KS,ACE,CE,Federal Contract Tower,0,12,29,0,41,0,5,143,1,149,0,17,172,1,190,206,0,206,396
08/11/2023,IXD,KS,ACE,CE,Federal Contract Tower,0,12,11,0,23,0,7,115,4,126,0,19,126,4,149,162,0,162,311
08/13/2023,IXD,KS,ACE,CE,Federal Contract Tower,0,13,6,0,19,0,0,8,0,8,0,13,14,0,27,6,0,6,33
08/14/2023,IXD,KS,ACE,CE,Federal Contract Tower,0,16,31,4,51,0,0,109,2,111,0,16,140,6,162,102,0,102,264
08/15/2023,IXD,KS,ACE,CE,Federal Contract Tower,0,16,31,0,47,0,0,125,4,129,0,16,156,4,176,242,0,242,418
08/16/2023,IXD,KS,ACE,CE,Federal Contract Tower,0,19,28,2,49,0,1,154,8,163,0,20,182,10,212,208,0,208,420
08/17/2023,IXD,KS,ACE,CE,Federal Contract Tower,0,8,21,11,40,0,2,41,17,60,0,10,62,28,100,50,0,50,150
08/18/2023,IXD,KS,ACE,CE,Federal Contract Tower,0,7,9,4,20,0,0,13,0,13,0,7,22,4,33,24,0,24,57
08/19/2023,IXD,KS,ACE,CE,Federal Contract Tower,0,2,3,0,5,0,0,14,0,14,0,2,17,0,19,12,0,12,31
08/20/2023,IXD,KS,ACE,CE,Federal Contract Tower,0,2,10,9,21,0,0,27,2,29,0,2,37,11,50,0,0,0,50
08/21/2023,IXD,KS,ACE,CE,Federal Contract Tower,0,8,27,8,43,0,0,97,6,103,0,8,124,14,146,82,8,90,236
08/22/2023,IXD,KS,ACE,CE,Federal Contract Tower,0,7,25,1,33,0,1,61,3,65,0,8,86,4,98,40,0,40,138
08/23/2023,IXD,KS,ACE,CE,Federal Contract Tower,0,14,19,1,34,0,5,109,4,118,0,19,128,5,152,148,0,148,300
08/24/2023,IXD,KS,ACE,CE,Federal Contract Tower,0,15,24,0,39,0,2,113,4,119,0,17,137,4,158,94,0,94,252
08/25/2023,IXD,KS,ACE,CE,Federal Contract Tower,0,3,30,2,35,0,3,91,1,95,0,6,121,3,130,110,0,110,240
08/26/2023,IXD,KS,ACE,CE,Federal Contract Tower,0,2,20,0,22,0,0,41,0,41,0,2,61,0,63,74,0,74,137
08/27/2023,IXD,KS,ACE,CE,Federal Contract Tower,0,4,15,2,21,0,0,70,7,77,0,4,85,9,98,114,0,114,212
08/28/2023,IXD,KS,ACE,CE,Federal Contract Tower,0,3,21,1,25,0,0,121,4,125,0,3,142,5,150,200,0,200,350
08/29/2023,IXD,KS,ACE,CE,Federal Contract Tower,0,6,20,0,26,0,1,126,5,132,0,7,146,5,158,158,0,158,316
08/30/2023,IXD,KS,ACE,CE,Federal Contract Tower,0,5,24,0,29,0,0,115,4,119,0,5,139,4,148,208,2,210,358
08/31/2023,IXD,KS,ACE,CE,Federal Contract Tower,0,10,34,1,45,0,3,142,2,147,0,13,176,3,192,200,0,200,392
