06/01/2000,JAC,WY,ANM,WE,Federal Contract Tower,0,0,0,0,0,0,0,0,0,0,0,0,0,0,0,0,0,0,0
06/02/2000,JAC,WY,ANM,WE,Federal Contract Tower,0,0,0,0,0,0,0,0,0,0,0,0,0,0,0,0,0,0,0
06/03/2000,JAC,WY,ANM,WE,Federal Contract Tower,0,0,0,0,0,0,0,0,0,0,0,0,0,0,0,0,0,0,0
06/04/2000,JAC,WY,ANM,WE,Federal Contract Tower,0,0,0,0,0,0,0,0,0,0,0,0,0,0,0,0,0,0,0
06/05/2000,JAC,WY,ANM,WE,Federal Contract Tower,0,0,0,0,0,0,0,0,0,0,0,0,0,0,0,0,0,0,0
06/06/2000,JAC,WY,ANM,WE,Federal Contract Tower,0,0,0,0,0,0,0,0,0,0,0,0,0,0,0,0,0,0,0
06/07/2000,JAC,WY,ANM,WE,Federal Contract Tower,0,0,0,0,0,0,0,0,0,0,0,0,0,0,0,0,0,0,0
06/08/2000,JAC,WY,ANM,WE,Federal Contract Tower,0,0,2,0,2,4,18,66,0,88,4,18,68,0,90,22,0,22,112
06/09/2000,JAC,WY,ANM,WE,Federal Contract Tower,4,10,8,0,22,2,16,91,4,113,6,26,99,4,135,18,0,18,153
06/10/2000,JAC,WY,ANM,WE,Federal Contract Tower,2,7,4,0,13,11,30,76,0,117,13,37,80,0,130,0,0,0,130
06/11/2000,JAC,WY,ANM,WE,Federal Contract Tower,0,0,2,0,2,7,40,89,0,136,7,40,91,0,138,20,0,20,158
06/12/2000,JAC,WY,ANM,WE,Federal Contract Tower,0,0,2,0,2,8,31,67,0,106,8,31,69,0,108,12,0,12,120
06/13/2000,JAC,WY,ANM,WE,Federal Contract Tower,3,8,8,0,19,4,21,68,0,93,7,29,76,0,112,9,0,9,121
06/14/2000,JAC,WY,ANM,WE,Federal Contract Tower,3,5,6,0,14,3,24,76,0,103,6,29,82,0,117,2,0,2,119
06/15/2000,JAC,WY,ANM,WE,Federal Contract Tower,3,8,8,0,19,6,20,74,0,100,9,28,82,0,119,12,0,12,131
06/16/2000,JAC,WY,ANM,WE,Federal Contract Tower,0,3,1,0,4,7,23,77,0,107,7,26,78,0,111,15,0,15,126
06/17/2000,JAC,WY,ANM,WE,Federal Contract Tower,0,0,2,0,2,11,36,118,0,165,11,36,120,0,167,16,0,16,183
06/18/2000,JAC,WY,ANM,WE,Federal Contract Tower,2,3,3,0,8,5,33,77,4,119,7,36,80,4,127,0,0,0,127
06/19/2000,JAC,WY,ANM,WE,Federal Contract Tower,4,11,11,0,26,6,21,64,0,91,10,32,75,0,117,10,0,10,127
06/20/2000,JAC,WY,ANM,WE,Federal Contract Tower,0,0,2,0,2,8,31,63,0,102,8,31,65,0,104,22,0,22,126
06/21/2000,JAC,WY,ANM,WE,Federal Contract Tower,0,0,0,0,0,6,38,139,0,183,6,38,139,0,183,54,0,54,237
06/22/2000,JAC,WY,ANM,WE,Federal Contract Tower,0,2,1,0,3,6,35,100,2,143,6,37,101,2,146,60,0,60,206
06/23/2000,JAC,WY,ANM,WE,Federal Contract Tower,0,0,0,0,0,6,29,80,0,115,6,29,80,0,115,70,0,70,185
06/24/2000,JAC,WY,ANM,WE,Federal Contract Tower,0,0,1,0,1,10,32,55,0,97,10,32,56,0,98,10,0,10,108
06/25/2000,JAC,WY,ANM,WE,Federal Contract Tower,2,4,3,0,9,6,24,61,0,91,8,28,64,0,100,16,0,16,116
06/26/2000,JAC,WY,ANM,WE,Federal Contract Tower,0,0,1,0,1,6,35,68,0,109,6,35,69,0,110,38,0,38,148
06/27/2000,JAC,WY,ANM,WE,Federal Contract Tower,0,3,2,0,5,6,32,69,0,107,6,35,71,0,112,25,0,25,137
06/28/2000,JAC,WY,ANM,WE,Federal Contract Tower,2,6,5,0,13,4,28,72,0,104,6,34,77,0,117,24,0,24,141
06/29/2000,JAC,WY,ANM,WE,Federal Contract Tower,2,7,6,0,15,6,19,108,0,133,8,26,114,0,148,28,0,28,176
06/30/2000,JAC,WY,ANM,WE,Federal Contract Tower,0,0,1,0,1,8,32,103,0,143,8,32,104,0,144,24,0,24,168
07/01/2000,JAC,WY,ANM,WE,Federal Contract Tower,3,3,4,0,10,11,32,119,0,162,14,35,123,0,172,26,0,26,198
07/02/2000,JAC,WY,ANM,WE,Federal Contract Tower,4,4,4,0,12,2,29,143,0,174,6,33,147,0,186,44,0,44,230
07/03/2000,JAC,WY,ANM,WE,Federal Contract Tower,0,0,0,0,0,8,38,150,0,196,8,38,150,0,196,50,0,50,246
07/04/2000,JAC,WY,ANM,WE,Federal Contract Tower,1,0,1,0,2,4,24,75,0,103,5,24,76,0,105,11,0,11,116
07/05/2000,JAC,WY,ANM,WE,Federal Contract Tower,0,0,0,0,0,7,30,124,0,161,7,30,124,0,161,58,0,58,219
07/06/2000,JAC,WY,ANM,WE,Federal Contract Tower,0,0,0,0,0,5,34,136,2,177,5,34,136,2,177,54,0,54,231
07/07/2000,JAC,WY,ANM,WE,Federal Contract Tower,0,0,0,0,0,7,28,163,0,198,7,28,163,0,198,3,0,3,201
07/08/2000,JAC,WY,ANM,WE,Federal Contract Tower,3,2,2,0,7,7,29,112,0,148,10,31,114,0,155,0,0,0,155
07/09/2000,JAC,WY,ANM,WE,Federal Contract Tower,1,0,1,0,2,8,27,151,2,188,9,27,152,2,190,20,0,20,210
07/10/2000,JAC,WY,ANM,WE,Federal Contract Tower,2,3,3,0,8,4,30,130,0,164,6,33,133,0,172,49,0,49,221
07/11/2000,JAC,WY,ANM,WE,Federal Contract Tower,0,0,0,0,0,7,29,117,0,153,7,29,117,0,153,0,0,0,153
07/12/2000,JAC,WY,ANM,WE,Federal Contract Tower,0,0,0,0,0,7,48,145,1,201,7,48,145,1,201,30,0,30,231
07/13/2000,JAC,WY,ANM,WE,Federal Contract Tower,0,0,0,0,0,5,39,78,2,124,5,39,78,2,124,10,0,10,134
07/14/2000,JAC,WY,ANM,WE,Federal Contract Tower,0,0,0,0,0,8,29,144,0,181,8,29,144,0,181,10,0,10,191
07/15/2000,JAC,WY,ANM,WE,Federal Contract Tower,0,0,3,0,3,12,29,158,5,204,12,29,161,5,207,20,0,20,227
07/16/2000,JAC,WY,ANM,WE,Federal Contract Tower,0,0,2,0,2,4,36,176,0,216,4,36,178,0,218,22,0,22,240
07/17/2000,JAC,WY,ANM,WE,Federal Contract Tower,0,2,2,0,4,9,29,84,0,122,9,31,86,0,126,30,0,30,156
07/18/2000,JAC,WY,ANM,WE,Federal Contract Tower,0,0,3,0,3,9,21,90,0,120,9,21,93,0,123,2,0,2,125
07/19/2000,JAC,WY,ANM,WE,Federal Contract Tower,0,0,0,0,0,8,33,105,0,146,8,33,105,0,146,34,0,34,180
07/20/2000,JAC,WY,ANM,WE,Federal Contract Tower,0,0,0,0,0,7,44,95,4,150,7,44,95,4,150,48,0,48,198
07/21/2000,JAC,WY,ANM,WE,Federal Contract Tower,0,0,0,0,0,6,33,120,0,159,6,33,120,0,159,40,0,40,199
07/22/2000,JAC,WY,ANM,WE,Federal Contract Tower,0,0,0,0,0,13,33,93,5,144,13,33,93,5,144,34,0,34,178
07/23/2000,JAC,WY,ANM,WE,Federal Contract Tower,0,0,0,0,0,6,28,140,0,174,6,28,140,0,174,0,0,0,174
07/24/2000,JAC,WY,ANM,WE,Federal Contract Tower,0,0,0,0,0,7,33,72,2,114,7,33,72,2,114,6,0,6,120
07/25/2000,JAC,WY,ANM,WE,Federal Contract Tower,0,0,1,0,1,6,30,132,0,168,6,30,133,0,169,13,0,13,182
07/26/2000,JAC,WY,ANM,WE,Federal Contract Tower,0,0,0,0,0,10,24,83,1,118,10,24,83,1,118,40,0,40,158
07/27/2000,JAC,WY,ANM,WE,Federal Contract Tower,0,0,0,0,0,8,23,103,0,134,8,23,103,0,134,32,0,32,166
07/28/2000,JAC,WY,ANM,WE,Federal Contract Tower,0,0,1,0,1,6,38,266,0,310,6,38,267,0,311,34,0,34,345
07/29/2000,JAC,WY,ANM,WE,Federal Contract Tower,0,2,2,0,4,13,25,126,0,164,13,27,128,0,168,16,0,16,184
07/30/2000,JAC,WY,ANM,WE,Federal Contract Tower,0,0,0,0,0,6,29,117,0,152,6,29,117,0,152,2,0,2,154
07/31/2000,JAC,WY,ANM,WE,Federal Contract Tower,0,2,2,0,4,7,27,118,0,152,7,29,120,0,156,2,0,2,158
08/01/2000,JAC,WY,ANM,WE,Federal Contract Tower,0,0,0,0,0,9,31,129,0,169,9,31,129,0,169,8,0,8,177
08/02/2000,JAC,WY,ANM,WE,Federal Contract Tower,0,2,1,0,3,7,30,115,4,156,7,32,116,4,159,5,0,5,164
08/03/2000,JAC,WY,ANM,WE,Federal Contract Tower,0,5,7,0,12,7,22,130,4,163,7,27,137,4,175,20,0,20,195
08/04/2000,JAC,WY,ANM,WE,Federal Contract Tower,0,3,3,0,6,8,26,103,0,137,8,29,106,0,143,12,0,12,155
08/05/2000,JAC,WY,ANM,WE,Federal Contract Tower,0,3,4,0,7,10,21,115,0,146,10,24,119,0,153,0,0,0,153
08/06/2000,JAC,WY,ANM,WE,Federal Contract Tower,0,0,0,0,0,9,28,129,0,166,9,28,129,0,166,0,0,0,166
08/07/2000,JAC,WY,ANM,WE,Federal Contract Tower,0,0,0,0,0,8,33,129,0,170,8,33,129,0,170,8,0,8,178
08/08/2000,JAC,WY,ANM,WE,Federal Contract Tower,0,0,0,0,0,8,29,127,0,164,8,29,127,0,164,8,0,8,172
08/09/2000,JAC,WY,ANM,WE,Federal Contract Tower,0,0,1,0,1,6,40,125,0,171,6,40,126,0,172,8,0,8,180
08/10/2000,JAC,WY,ANM,WE,Federal Contract Tower,0,0,2,0,2,6,32,115,0,153,6,32,117,0,155,0,0,0,155
08/11/2000,JAC,WY,ANM,WE,Federal Contract Tower,0,0,1,0,1,6,32,127,2,167,6,32,128,2,168,13,0,13,181
08/12/2000,JAC,WY,ANM,WE,Federal Contract Tower,0,0,2,0,2,12,28,134,0,174,12,28,136,0,176,0,0,0,176
08/13/2000,JAC,WY,ANM,WE,Federal Contract Tower,0,0,1,0,1,7,28,125,0,160,7,28,126,0,161,12,0,12,173
08/14/2000,JAC,WY,ANM,WE,Federal Contract Tower,0,0,2,0,2,7,26,120,0,153,7,26,122,0,155,0,0,0,155
08/15/2000,JAC,WY,ANM,WE,Federal Contract Tower,0,2,2,0,4,9,28,111,0,148,9,30,113,0,152,26,0,26,178
08/16/2000,JAC,WY,ANM,WE,Federal Contract Tower,0,0,0,0,0,9,37,151,4,201,9,37,151,4,201,8,0,8,209
08/17/2000,JAC,WY,ANM,WE,Federal Contract Tower,0,3,3,0,6,9,35,142,0,186,9,38,145,0,192,2,0,2,194
08/18/2000,JAC,WY,ANM,WE,Federal Contract Tower,0,5,5,0,10,6,21,149,0,176,6,26,154,0,186,2,0,2,188
08/19/2000,JAC,WY,ANM,WE,Federal Contract Tower,0,0,2,0,2,11,28,189,2,230,11,28,191,2,232,4,0,4,236
08/20/2000,JAC,WY,ANM,WE,Federal Contract Tower,0,2,5,0,7,8,32,196,0,236,8,34,201,0,243,2,0,2,245
08/21/2000,JAC,WY,ANM,WE,Federal Contract Tower,0,0,2,0,2,6,40,120,0,166,6,40,122,0,168,22,0,22,190
08/22/2000,JAC,WY,ANM,WE,Federal Contract Tower,0,0,1,0,1,7,40,133,2,182,7,40,134,2,183,22,0,22,205
08/23/2000,JAC,WY,ANM,WE,Federal Contract Tower,0,0,1,0,1,9,41,139,2,191,9,41,140,2,192,40,0,40,232
08/24/2000,JAC,WY,ANM,WE,Federal Contract Tower,0,5,9,0,14,6,28,102,0,136,6,33,111,0,150,0,0,0,150
08/25/2000,JAC,WY,ANM,WE,Federal Contract Tower,0,1,2,0,3,6,27,119,0,152,6,28,121,0,155,6,0,6,161
08/26/2000,JAC,WY,ANM,WE,Federal Contract Tower,0,2,3,0,5,10,23,89,0,122,10,25,92,0,127,27,0,27,154
08/27/2000,JAC,WY,ANM,WE,Federal Contract Tower,0,0,0,0,0,7,26,126,0,159,7,26,126,0,159,2,0,2,161
08/28/2000,JAC,WY,ANM,WE,Federal Contract Tower,0,0,1,0,1,7,29,111,0,147,7,29,112,0,148,6,0,6,154
08/29/2000,JAC,WY,ANM,WE,Federal Contract Tower,4,11,17,0,32,2,19,86,0,107,6,30,103,0,139,0,0,0,139
08/30/2000,JAC,WY,ANM,WE,Federal Contract Tower,5,14,22,0,41,3,17,63,0,83,8,31,85,0,124,20,0,20,144
08/31/2000,JAC,WY,ANM,WE,Federal Contract Tower,0,7,11,0,18,6,27,63,0,96,6,34,74,0,114,8,0,8,122
09/01/2000,JAC,WY,ANM,WE,Federal Contract Tower,0,0,0,0,0,7,26,86,0,119,7,26,86,0,119,0,0,0,119
09/02/2000,JAC,WY,ANM,WE,Federal Contract Tower,0,2,1,0,3,12,21,75,0,108,12,23,76,0,111,0,0,0,111
09/03/2000,JAC,WY,ANM,WE,Federal Contract Tower,0,0,0,0,0,10,30,102,0,142,10,30,102,0,142,8,0,8,150
09/04/2000,JAC,WY,ANM,WE,Federal Contract Tower,0,0,0,0,0,7,28,87,0,122,7,28,87,0,122,18,0,18,140
09/05/2000,JAC,WY,ANM,WE,Federal Contract Tower,0,0,1,0,1,9,28,89,0,126,9,28,90,0,127,0,0,0,127
09/06/2000,JAC,WY,ANM,WE,Federal Contract Tower,3,6,8,0,17,3,20,86,0,109,6,26,94,0,126,22,0,22,148
09/07/2000,JAC,WY,ANM,WE,Federal Contract Tower,0,2,3,0,5,6,38,111,0,155,6,40,114,0,160,27,0,27,187
09/08/2000,JAC,WY,ANM,WE,Federal Contract Tower,0,0,1,0,1,7,23,80,0,110,7,23,81,0,111,2,0,2,113
09/09/2000,JAC,WY,ANM,WE,Federal Contract Tower,0,0,1,0,1,9,23,94,0,126,9,23,95,0,127,0,0,0,127
09/10/2000,JAC,WY,ANM,WE,Federal Contract Tower,0,0,1,0,1,7,20,71,0,98,7,20,72,0,99,12,0,12,111
09/11/2000,JAC,WY,ANM,WE,Federal Contract Tower,0,4,5,0,9,8,24,83,0,115,8,28,88,0,124,6,0,6,130
09/12/2000,JAC,WY,ANM,WE,Federal Contract Tower,0,0,0,0,0,7,24,105,0,136,7,24,105,0,136,8,0,8,144
09/13/2000,JAC,WY,ANM,WE,Federal Contract Tower,0,0,0,0,0,7,32,109,0,148,7,32,109,0,148,25,0,25,173
09/14/2000,JAC,WY,ANM,WE,Federal Contract Tower,0,0,1,0,1,7,42,104,0,153,7,42,105,0,154,14,0,14,168
09/15/2000,JAC,WY,ANM,WE,Federal Contract Tower,0,0,0,0,0,7,26,92,0,125,7,26,92,0,125,16,0,16,141
09/16/2000,JAC,WY,ANM,WE,Federal Contract Tower,0,0,0,0,0,10,22,95,0,127,10,22,95,0,127,12,0,12,139
09/17/2000,JAC,WY,ANM,WE,Federal Contract Tower,0,0,0,0,0,7,29,85,0,121,7,29,85,0,121,8,0,8,129
09/18/2000,JAC,WY,ANM,WE,Federal Contract Tower,0,0,1,0,1,8,30,71,0,109,8,30,72,0,110,8,0,8,118
09/19/2000,JAC,WY,ANM,WE,Federal Contract Tower,3,8,13,0,24,5,14,38,1,58,8,22,51,1,82,0,0,0,82
09/20/2000,JAC,WY,ANM,WE,Federal Contract Tower,0,0,1,0,1,9,43,99,2,153,9,43,100,2,154,20,0,20,174
09/21/2000,JAC,WY,ANM,WE,Federal Contract Tower,3,8,12,0,23,3,26,55,0,84,6,34,67,0,107,0,0,0,107
09/22/2000,JAC,WY,ANM,WE,Federal Contract Tower,4,13,20,0,37,3,13,23,0,39,7,26,43,0,76,0,0,0,76
09/23/2000,JAC,WY,ANM,WE,Federal Contract Tower,3,9,13,0,25,6,13,26,0,45,9,22,39,0,70,0,0,0,70
09/24/2000,JAC,WY,ANM,WE,Federal Contract Tower,0,0,0,0,0,6,25,114,0,145,6,25,114,0,145,14,0,14,159
09/25/2000,JAC,WY,ANM,WE,Federal Contract Tower,0,0,0,0,0,8,27,79,0,114,8,27,79,0,114,22,0,22,136
09/26/2000,JAC,WY,ANM,WE,Federal Contract Tower,0,0,1,0,1,8,33,106,0,147,8,33,107,0,148,20,0,20,168
09/27/2000,JAC,WY,ANM,WE,Federal Contract Tower,0,0,0,0,0,8,32,84,0,124,8,32,84,0,124,16,0,16,140
09/28/2000,JAC,WY,ANM,WE,Federal Contract Tower,0,0,0,0,0,8,30,95,0,133,8,30,95,0,133,18,0,18,151
09/29/2000,JAC,WY,ANM,WE,Federal Contract Tower,0,0,0,0,0,7,31,97,0,135,7,31,97,0,135,0,0,0,135
09/30/2000,JAC,WY,ANM,WE,Federal Contract Tower,0,0,1,0,1,10,23,85,0,118,10,23,86,0,119,14,0,14,133
10/01/2000,JAC,WY,ANM,WE,Federal Contract Tower,1,3,6,0,10,3,19,62,0,84,4,22,68,0,94,15,0,15,109
10/02/2000,JAC,WY,ANM,WE,Federal Contract Tower,1,5,6,0,12,1,18,50,0,69,2,23,56,0,81,4,0,4,85
10/03/2000,JAC,WY,ANM,WE,Federal Contract Tower,0,0,0,0,0,2,22,59,0,83,2,22,59,0,83,10,0,10,93
10/04/2000,JAC,WY,ANM,WE,Federal Contract Tower,0,0,0,0,0,2,19,49,0,70,2,19,49,0,70,0,0,0,70
10/05/2000,JAC,WY,ANM,WE,Federal Contract Tower,1,3,3,0,7,1,16,52,0,69,2,19,55,0,76,24,0,24,100
10/06/2000,JAC,WY,ANM,WE,Federal Contract Tower,1,5,7,0,13,3,23,59,0,85,4,28,66,0,98,15,0,15,113
10/07/2000,JAC,WY,ANM,WE,Federal Contract Tower,1,2,2,0,5,1,22,47,0,70,2,24,49,0,75,14,0,14,89
10/08/2000,JAC,WY,ANM,WE,Federal Contract Tower,0,0,0,0,0,2,20,48,0,70,2,20,48,0,70,18,0,18,88
10/09/2000,JAC,WY,ANM,WE,Federal Contract Tower,0,0,0,0,0,2,20,56,0,78,2,20,56,0,78,22,0,22,100
10/10/2000,JAC,WY,ANM,WE,Federal Contract Tower,1,4,5,0,10,1,14,55,0,70,2,18,60,0,80,8,0,8,88
10/11/2000,JAC,WY,ANM,WE,Federal Contract Tower,1,2,3,0,6,3,23,47,0,73,4,25,50,0,79,10,0,10,89
10/12/2000,JAC,WY,ANM,WE,Federal Contract Tower,0,0,0,0,0,2,24,48,0,74,2,24,48,0,74,32,0,32,106
10/13/2000,JAC,WY,ANM,WE,Federal Contract Tower,1,6,8,0,15,1,13,36,0,50,2,19,44,0,65,0,0,0,65
10/14/2000,JAC,WY,ANM,WE,Federal Contract Tower,2,6,9,0,17,0,11,40,0,51,2,17,49,0,68,24,0,24,92
10/15/2000,JAC,WY,ANM,WE,Federal Contract Tower,3,8,10,0,21,1,10,25,0,36,4,18,35,0,57,8,0,8,65
10/16/2000,JAC,WY,ANM,WE,Federal Contract Tower,1,7,11,0,19,1,13,53,0,67,2,20,64,0,86,28,0,28,114
10/17/2000,JAC,WY,ANM,WE,Federal Contract Tower,0,5,8,0,13,2,13,62,0,77,2,18,70,0,90,34,0,34,124
10/18/2000,JAC,WY,ANM,WE,Federal Contract Tower,0,6,8,0,14,2,22,52,0,76,2,28,60,0,90,15,0,15,105
10/19/2000,JAC,WY,ANM,WE,Federal Contract Tower,0,6,8,0,14,2,16,73,0,91,2,22,81,0,105,14,0,14,119
10/20/2000,JAC,WY,ANM,WE,Federal Contract Tower,1,6,10,0,17,1,13,51,0,65,2,19,61,0,82,28,0,28,110
10/21/2000,JAC,WY,ANM,WE,Federal Contract Tower,1,6,10,0,17,1,14,2,0,17,2,20,12,0,34,0,0,0,34
10/22/2000,JAC,WY,ANM,WE,Federal Contract Tower,0,6,8,0,14,2,13,27,0,42,2,19,35,0,56,22,0,22,78
10/23/2000,JAC,WY,ANM,WE,Federal Contract Tower,0,0,0,0,0,2,33,51,0,86,2,33,51,0,86,0,0,0,86
10/24/2000,JAC,WY,ANM,WE,Federal Contract Tower,0,0,0,0,0,2,21,30,0,53,2,21,30,0,53,0,0,0,53
10/25/2000,JAC,WY,ANM,WE,Federal Contract Tower,1,7,11,0,19,3,17,42,0,62,4,24,53,0,81,6,0,6,87
10/26/2000,JAC,WY,ANM,WE,Federal Contract Tower,0,5,7,0,12,2,14,28,0,44,2,19,35,0,56,12,0,12,68
10/27/2000,JAC,WY,ANM,WE,Federal Contract Tower,1,6,10,0,17,1,14,15,0,30,2,20,25,0,47,0,0,0,47
10/28/2000,JAC,WY,ANM,WE,Federal Contract Tower,0,7,9,0,16,2,10,21,0,33,2,17,30,0,49,0,0,0,49
10/29/2000,JAC,WY,ANM,WE,Federal Contract Tower,0,4,6,0,10,2,16,15,0,33,2,20,21,0,43,0,0,0,43
10/30/2000,JAC,WY,ANM,WE,Federal Contract Tower,1,6,11,0,18,1,10,8,0,19,2,16,19,0,37,0,0,0,37
10/31/2000,JAC,WY,ANM,WE,Federal Contract Tower,0,1,3,0,4,4,17,27,0,48,4,18,30,0,52,0,0,0,52
11/01/2000,JAC,WY,ANM,WE,Federal Contract Tower,1,14,10,0,25,1,12,28,0,41,2,26,38,0,66,16,0,16,82
11/02/2000,JAC,WY,ANM,WE,Federal Contract Tower,1,4,3,0,8,1,22,51,0,74,2,26,54,0,82,6,0,6,88
11/03/2000,JAC,WY,ANM,WE,Federal Contract Tower,1,0,0,0,1,2,27,35,0,64,3,27,35,0,65,0,0,0,65
11/04/2000,JAC,WY,ANM,WE,Federal Contract Tower,1,1,1,0,3,1,25,56,0,82,2,26,57,0,85,32,0,32,117
11/05/2000,JAC,WY,ANM,WE,Federal Contract Tower,0,5,4,0,9,0,12,9,0,21,0,17,13,0,30,0,0,0,30
11/06/2000,JAC,WY,ANM,WE,Federal Contract Tower,0,6,6,0,12,2,9,12,0,23,2,15,18,0,35,0,0,0,35
11/07/2000,JAC,WY,ANM,WE,Federal Contract Tower,0,0,1,0,1,1,27,23,0,51,1,27,24,0,52,9,0,9,61
11/08/2000,JAC,WY,ANM,WE,Federal Contract Tower,0,4,4,0,8,0,20,32,0,52,0,24,36,0,60,21,0,21,81
11/09/2000,JAC,WY,ANM,WE,Federal Contract Tower,0,3,3,0,6,2,15,30,0,47,2,18,33,0,53,2,0,2,55
11/10/2000,JAC,WY,ANM,WE,Federal Contract Tower,0,14,11,0,25,2,10,30,0,42,2,24,41,0,67,15,0,15,82
11/11/2000,JAC,WY,ANM,WE,Federal Contract Tower,0,3,4,0,7,0,23,28,2,53,0,26,32,2,60,36,16,52,112
11/12/2000,JAC,WY,ANM,WE,Federal Contract Tower,0,5,4,0,9,2,11,12,0,25,2,16,16,0,34,0,0,0,34
11/13/2000,JAC,WY,ANM,WE,Federal Contract Tower,0,2,3,0,5,1,22,33,0,56,1,24,36,0,61,0,0,0,61
11/14/2000,JAC,WY,ANM,WE,Federal Contract Tower,0,10,6,0,16,0,14,23,0,37,0,24,29,0,53,8,0,8,61
11/15/2000,JAC,WY,ANM,WE,Federal Contract Tower,0,9,6,0,15,0,23,41,0,64,0,32,47,0,79,29,0,29,108
11/16/2000,JAC,WY,ANM,WE,Federal Contract Tower,0,1,0,0,1,2,25,30,3,60,2,26,30,3,61,0,0,0,61
11/17/2000,JAC,WY,ANM,WE,Federal Contract Tower,0,5,3,0,8,1,25,39,0,65,1,30,42,0,73,10,0,10,83
11/18/2000,JAC,WY,ANM,WE,Federal Contract Tower,0,10,6,0,16,0,16,62,0,78,0,26,68,0,94,28,0,28,122
11/19/2000,JAC,WY,ANM,WE,Federal Contract Tower,0,1,0,0,1,0,24,45,3,72,0,25,45,3,73,0,2,2,75
11/20/2000,JAC,WY,ANM,WE,Federal Contract Tower,0,2,1,0,3,0,25,37,0,62,0,27,38,0,65,12,0,12,77
11/21/2000,JAC,WY,ANM,WE,Federal Contract Tower,0,0,0,0,0,0,22,26,0,48,0,22,26,0,48,20,0,20,68
11/22/2000,JAC,WY,ANM,WE,Federal Contract Tower,0,4,3,0,7,0,34,47,4,85,0,38,50,4,92,42,12,54,146
11/23/2000,JAC,WY,ANM,WE,Federal Contract Tower,0,0,0,0,0,0,22,14,0,36,0,22,14,0,36,6,0,6,42
11/24/2000,JAC,WY,ANM,WE,Federal Contract Tower,0,6,4,0,10,0,15,7,0,22,0,21,11,0,32,0,0,0,32
11/25/2000,JAC,WY,ANM,WE,Federal Contract Tower,0,6,3,0,9,0,24,21,1,46,0,30,24,1,55,22,1,23,78
11/26/2000,JAC,WY,ANM,WE,Federal Contract Tower,0,17,13,0,30,0,4,30,0,34,0,21,43,0,64,0,0,0,64
11/27/2000,JAC,WY,ANM,WE,Federal Contract Tower,0,11,8,0,19,0,11,12,0,23,0,22,20,0,42,0,0,0,42
11/28/2000,JAC,WY,ANM,WE,Federal Contract Tower,0,0,0,0,0,0,28,32,0,60,0,28,32,0,60,0,0,0,60
11/29/2000,JAC,WY,ANM,WE,Federal Contract Tower,0,7,5,0,12,0,21,45,0,66,0,28,50,0,78,14,0,14,92
11/30/2000,JAC,WY,ANM,WE,Federal Contract Tower,0,2,1,0,3,0,20,34,0,54,0,22,35,0,57,22,0,22,79
12/01/2000,JAC,WY,ANM,WE,Federal Contract Tower,0,2,2,0,4,0,24,47,0,71,0,26,49,0,75,8,0,8,83
12/02/2000,JAC,WY,ANM,WE,Federal Contract Tower,0,1,0,0,1,0,25,58,2,85,0,26,58,2,86,10,10,20,106
12/03/2000,JAC,WY,ANM,WE,Federal Contract Tower,0,0,0,0,0,0,27,55,2,84,0,27,55,2,84,10,6,16,100
12/04/2000,JAC,WY,ANM,WE,Federal Contract Tower,0,1,3,0,4,0,25,28,0,53,0,26,31,0,57,14,0,14,71
12/05/2000,JAC,WY,ANM,WE,Federal Contract Tower,0,6,3,0,9,0,18,15,0,33,0,24,18,0,42,2,0,2,44
12/06/2000,JAC,WY,ANM,WE,Federal Contract Tower,0,2,1,0,3,0,28,55,0,83,0,30,56,0,86,36,0,36,122
12/07/2000,JAC,WY,ANM,WE,Federal Contract Tower,0,1,2,0,3,0,28,20,0,48,0,29,22,0,51,8,0,8,59
12/08/2000,JAC,WY,ANM,WE,Federal Contract Tower,0,5,3,0,8,0,21,35,0,56,0,26,38,0,64,18,0,18,82
12/09/2000,JAC,WY,ANM,WE,Federal Contract Tower,0,7,5,0,12,0,21,5,0,26,0,28,10,0,38,0,0,0,38
12/10/2000,JAC,WY,ANM,WE,Federal Contract Tower,0,1,2,0,3,0,23,14,2,39,0,24,16,2,42,16,0,16,58
12/11/2000,JAC,WY,ANM,WE,Federal Contract Tower,0,8,6,0,14,0,18,13,4,35,0,26,19,4,49,0,0,0,49
12/12/2000,JAC,WY,ANM,WE,Federal Contract Tower,0,5,3,0,8,0,20,28,0,48,0,25,31,0,56,2,0,2,58
12/13/2000,JAC,WY,ANM,WE,Federal Contract Tower,0,10,7,0,17,0,18,21,0,39,0,28,28,0,56,0,0,0,56
12/14/2000,JAC,WY,ANM,WE,Federal Contract Tower,0,10,7,0,17,0,20,19,0,39,0,30,26,0,56,0,0,0,56
12/15/2000,JAC,WY,ANM,WE,Federal Contract Tower,0,6,4,0,10,0,12,9,0,21,0,18,13,0,31,0,0,0,31
12/16/2000,JAC,WY,ANM,WE,Federal Contract Tower,3,11,8,0,22,11,23,12,2,48,14,34,20,2,70,0,0,0,70
12/17/2000,JAC,WY,ANM,WE,Federal Contract Tower,1,8,5,0,14,3,13,0,0,16,4,21,5,0,30,0,0,0,30
12/18/2000,JAC,WY,ANM,WE,Federal Contract Tower,0,1,0,0,1,10,21,47,0,78,10,22,47,0,79,20,0,20,99
12/19/2000,JAC,WY,ANM,WE,Federal Contract Tower,1,10,7,0,18,7,20,13,6,46,8,30,20,6,64,4,0,4,68
12/20/2000,JAC,WY,ANM,WE,Federal Contract Tower,0,5,3,0,8,12,29,59,0,100,12,34,62,0,108,30,0,30,138
12/21/2000,JAC,WY,ANM,WE,Federal Contract Tower,3,16,11,0,30,11,28,44,0,83,14,44,55,0,113,14,0,14,127
12/22/2000,JAC,WY,ANM,WE,Federal Contract Tower,3,18,12,0,33,9,18,36,0,63,12,36,48,0,96,0,0,0,96
12/23/2000,JAC,WY,ANM,WE,Federal Contract Tower,3,19,14,0,36,11,21,46,0,78,14,40,60,0,114,0,0,0,114
12/24/2000,JAC,WY,ANM,WE,Federal Contract Tower,2,11,6,0,19,5,8,8,0,21,7,19,14,0,40,0,0,0,40
12/25/2000,JAC,WY,ANM,WE,Federal Contract Tower,0,1,0,0,1,10,21,18,0,49,10,22,18,0,50,0,0,0,50
12/26/2000,JAC,WY,ANM,WE,Federal Contract Tower,1,6,4,0,11,7,38,44,0,89,8,44,48,0,100,0,0,0,100
12/27/2000,JAC,WY,ANM,WE,Federal Contract Tower,0,5,3,0,8,12,31,69,0,112,12,36,72,0,120,26,4,30,150
12/28/2000,JAC,WY,ANM,WE,Federal Contract Tower,0,3,2,0,5,10,29,35,0,74,10,32,37,0,79,6,0,6,85
12/29/2000,JAC,WY,ANM,WE,Federal Contract Tower,1,7,5,0,13,7,25,71,0,103,8,32,76,0,116,22,0,22,138
12/30/2000,JAC,WY,ANM,WE,Federal Contract Tower,3,15,10,0,28,7,23,34,0,64,10,38,44,0,92,0,0,0,92
12/31/2000,JAC,WY,ANM,WE,Federal Contract Tower,1,8,6,0,15,7,10,3,0,20,8,18,9,0,35,1,0,1,36
01/01/2001,JAC,WY,ANM,WE,Federal Contract Tower,2,4,4,0,10,6,22,57,0,85,8,26,61,0,95,32,0,32,127
01/02/2001,JAC,WY,ANM,WE,Federal Contract Tower,3,5,4,0,12,7,31,59,0,97,10,36,63,0,109,6,0,6,115
01/03/2001,JAC,WY,ANM,WE,Federal Contract Tower,3,4,3,0,10,5,28,61,0,94,8,32,64,0,104,16,0,16,120
01/04/2001,JAC,WY,ANM,WE,Federal Contract Tower,0,0,0,0,0,8,20,30,0,58,8,20,30,0,58,28,0,28,86
01/05/2001,JAC,WY,ANM,WE,Federal Contract Tower,7,19,17,0,43,3,14,25,0,42,10,33,42,0,85,38,0,38,123
01/06/2001,JAC,WY,ANM,WE,Federal Contract Tower,0,0,0,0,0,10,38,70,0,118,10,38,70,0,118,26,0,26,144
01/07/2001,JAC,WY,ANM,WE,Federal Contract Tower,0,0,0,0,0,10,29,58,0,97,10,29,58,0,97,36,0,36,133
01/08/2001,JAC,WY,ANM,WE,Federal Contract Tower,0,0,1,0,1,8,20,45,0,73,8,20,46,0,74,22,0,22,96
01/09/2001,JAC,WY,ANM,WE,Federal Contract Tower,2,5,4,0,11,6,24,33,0,63,8,29,37,0,74,14,0,14,88
01/10/2001,JAC,WY,ANM,WE,Federal Contract Tower,4,10,9,0,23,6,28,38,0,72,10,38,47,0,95,50,0,50,145
01/11/2001,JAC,WY,ANM,WE,Federal Contract Tower,2,6,5,0,13,7,26,38,9,80,9,32,43,9,93,34,6,40,133
01/12/2001,JAC,WY,ANM,WE,Federal Contract Tower,5,12,12,0,29,3,20,5,0,28,8,32,17,0,57,0,0,0,57
01/13/2001,JAC,WY,ANM,WE,Federal Contract Tower,4,11,10,0,25,6,19,30,0,55,10,30,40,0,80,0,0,0,80
01/14/2001,JAC,WY,ANM,WE,Federal Contract Tower,3,6,6,0,15,5,17,18,7,47,8,23,24,7,62,6,6,12,74
01/15/2001,JAC,WY,ANM,WE,Federal Contract Tower,4,10,10,0,24,4,18,14,0,36,8,28,24,0,60,0,0,0,60
01/16/2001,JAC,WY,ANM,WE,Federal Contract Tower,0,2,1,0,3,8,26,23,0,57,8,28,24,0,60,8,0,8,68
01/17/2001,JAC,WY,ANM,WE,Federal Contract Tower,1,6,6,0,13,7,30,38,0,75,8,36,44,0,88,12,0,12,100
01/18/2001,JAC,WY,ANM,WE,Federal Contract Tower,3,10,10,0,23,7,32,72,0,111,10,42,82,0,134,18,0,18,152
01/19/2001,JAC,WY,ANM,WE,Federal Contract Tower,2,7,7,0,16,6,23,30,0,59,8,30,37,0,75,16,0,16,91
01/20/2001,JAC,WY,ANM,WE,Federal Contract Tower,0,0,2,0,2,12,36,36,2,86,12,36,38,2,88,18,0,18,106
01/21/2001,JAC,WY,ANM,WE,Federal Contract Tower,0,0,2,0,2,7,28,34,1,70,7,28,36,1,72,10,0,10,82
01/22/2001,JAC,WY,ANM,WE,Federal Contract Tower,0,0,1,0,1,8,26,25,2,61,8,26,26,2,62,0,0,0,62
01/23/2001,JAC,WY,ANM,WE,Federal Contract Tower,0,0,1,0,1,8,20,23,0,51,8,20,24,0,52,8,0,8,60
01/24/2001,JAC,WY,ANM,WE,Federal Contract Tower,0,0,0,0,0,8,36,40,0,84,8,36,40,0,84,10,0,10,94
01/25/2001,JAC,WY,ANM,WE,Federal Contract Tower,6,20,20,0,46,4,22,40,0,66,10,42,60,0,112,0,0,0,112
01/26/2001,JAC,WY,ANM,WE,Federal Contract Tower,0,2,2,0,4,8,30,38,0,76,8,32,40,0,80,10,0,10,90
01/27/2001,JAC,WY,ANM,WE,Federal Contract Tower,0,2,3,0,5,10,32,60,0,102,10,34,63,0,107,26,0,26,133
01/28/2001,JAC,WY,ANM,WE,Federal Contract Tower,0,0,1,0,1,9,29,68,2,108,9,29,69,2,109,14,0,14,123
01/29/2001,JAC,WY,ANM,WE,Federal Contract Tower,0,0,1,0,1,10,31,26,0,67,10,31,27,0,68,0,0,0,68
01/30/2001,JAC,WY,ANM,WE,Federal Contract Tower,0,0,1,0,1,8,31,19,0,58,8,31,20,0,59,18,0,18,77
01/31/2001,JAC,WY,ANM,WE,Federal Contract Tower,5,15,15,0,35,3,25,25,0,53,8,40,40,0,88,0,0,0,88
02/01/2001,JAC,WY,ANM,WE,Federal Contract Tower,4,9,7,0,20,6,29,40,0,75,10,38,47,0,95,0,0,0,95
02/02/2001,JAC,WY,ANM,WE,Federal Contract Tower,5,8,8,0,21,3,24,34,0,61,8,32,42,0,82,8,0,8,90
02/03/2001,JAC,WY,ANM,WE,Federal Contract Tower,5,7,7,0,19,5,23,29,0,57,10,30,36,0,76,12,0,12,88
02/04/2001,JAC,WY,ANM,WE,Federal Contract Tower,5,8,8,0,21,5,22,13,0,40,10,30,21,0,61,0,0,0,61
02/05/2001,JAC,WY,ANM,WE,Federal Contract Tower,3,8,6,0,17,5,18,1,0,24,8,26,7,0,41,0,0,0,41
02/06/2001,JAC,WY,ANM,WE,Federal Contract Tower,3,7,6,0,16,7,20,14,0,41,10,27,20,0,57,20,0,20,77
02/07/2001,JAC,WY,ANM,WE,Federal Contract Tower,6,15,11,0,32,2,19,25,0,46,8,34,36,0,78,0,0,0,78
02/08/2001,JAC,WY,ANM,WE,Federal Contract Tower,0,0,0,0,0,10,38,70,0,118,10,38,70,0,118,32,0,32,150
02/09/2001,JAC,WY,ANM,WE,Federal Contract Tower,5,12,9,0,26,3,20,33,0,56,8,32,42,0,82,16,0,16,98
02/10/2001,JAC,WY,ANM,WE,Federal Contract Tower,5,13,10,0,28,8,23,24,0,55,13,36,34,0,83,15,0,15,98
02/11/2001,JAC,WY,ANM,WE,Federal Contract Tower,3,5,4,0,12,6,24,34,0,64,9,29,38,0,76,0,0,0,76
02/12/2001,JAC,WY,ANM,WE,Federal Contract Tower,4,9,6,0,19,4,20,2,0,26,8,29,8,0,45,2,0,2,47
02/13/2001,JAC,WY,ANM,WE,Federal Contract Tower,2,6,3,0,11,6,19,15,0,40,8,25,18,0,51,0,0,0,51
02/14/2001,JAC,WY,ANM,WE,Federal Contract Tower,2,9,5,1,17,8,33,77,1,119,10,42,82,2,136,26,0,26,162
02/15/2001,JAC,WY,ANM,WE,Federal Contract Tower,4,14,9,1,28,9,16,21,1,47,13,30,30,2,75,2,0,2,77
02/16/2001,JAC,WY,ANM,WE,Federal Contract Tower,6,18,14,0,38,4,20,60,1,85,10,38,74,1,123,14,0,14,137
02/17/2001,JAC,WY,ANM,WE,Federal Contract Tower,0,2,2,0,4,13,40,89,2,144,13,42,91,2,148,43,0,43,191
02/18/2001,JAC,WY,ANM,WE,Federal Contract Tower,4,12,8,0,24,6,10,31,0,47,10,22,39,0,71,0,0,0,71
02/19/2001,JAC,WY,ANM,WE,Federal Contract Tower,4,14,11,0,29,4,7,35,5,51,8,21,46,5,80,12,0,12,92
02/20/2001,JAC,WY,ANM,WE,Federal Contract Tower,4,13,9,0,26,4,17,13,0,34,8,30,22,0,60,0,0,0,60
02/21/2001,JAC,WY,ANM,WE,Federal Contract Tower,4,13,9,0,26,4,25,31,0,60,8,38,40,0,86,6,0,6,92
02/22/2001,JAC,WY,ANM,WE,Federal Contract Tower,4,12,9,0,25,5,26,21,0,52,9,38,30,0,77,8,0,8,85
02/23/2001,JAC,WY,ANM,WE,Federal Contract Tower,4,14,10,0,28,4,24,28,0,56,8,38,38,0,84,10,0,10,94
02/24/2001,JAC,WY,ANM,WE,Federal Contract Tower,4,14,11,0,29,9,22,12,0,43,13,36,23,0,72,0,0,0,72
02/25/2001,JAC,WY,ANM,WE,Federal Contract Tower,5,15,10,0,30,5,19,35,0,59,10,34,45,0,89,6,0,6,95
02/26/2001,JAC,WY,ANM,WE,Federal Contract Tower,1,5,4,0,10,7,28,32,0,67,8,33,36,0,77,14,0,14,91
02/27/2001,JAC,WY,ANM,WE,Federal Contract Tower,0,1,0,0,1,8,21,35,1,65,8,22,35,1,66,6,0,6,72
02/28/2001,JAC,WY,ANM,WE,Federal Contract Tower,1,4,2,0,7,7,34,66,2,109,8,38,68,2,116,18,0,18,134
03/01/2001,JAC,WY,ANM,WE,Federal Contract Tower,4,9,9,0,22,9,18,41,0,68,13,27,50,0,90,10,0,10,100
03/02/2001,JAC,WY,ANM,WE,Federal Contract Tower,4,5,6,0,15,6,31,38,0,75,10,36,44,0,90,10,0,10,100
03/03/2001,JAC,WY,ANM,WE,Federal Contract Tower,4,5,5,0,14,7,31,23,0,61,11,36,28,0,75,6,0,6,81
03/04/2001,JAC,WY,ANM,WE,Federal Contract Tower,0,0,0,0,0,6,33,64,0,103,6,33,64,0,103,18,0,18,121
03/05/2001,JAC,WY,ANM,WE,Federal Contract Tower,1,1,0,0,2,9,31,50,1,91,10,32,50,1,93,14,0,14,107
03/06/2001,JAC,WY,ANM,WE,Federal Contract Tower,2,4,5,0,11,7,26,26,4,63,9,30,31,4,74,6,0,6,80
03/07/2001,JAC,WY,ANM,WE,Federal Contract Tower,0,0,0,0,0,9,28,26,1,64,9,28,26,1,64,6,0,6,70
03/08/2001,JAC,WY,ANM,WE,Federal Contract Tower,1,2,2,0,5,9,30,70,0,109,10,32,72,0,114,15,0,15,129
03/09/2001,JAC,WY,ANM,WE,Federal Contract Tower,5,10,9,0,24,5,22,35,2,64,10,32,44,2,88,6,0,6,94
03/10/2001,JAC,WY,ANM,WE,Federal Contract Tower,0,0,0,0,0,12,31,33,0,76,12,31,33,0,76,0,0,0,76
03/11/2001,JAC,WY,ANM,WE,Federal Contract Tower,0,0,0,0,0,11,39,44,2,96,11,39,44,2,96,0,0,0,96
03/12/2001,JAC,WY,ANM,WE,Federal Contract Tower,5,11,9,0,25,5,21,9,0,35,10,32,18,0,60,0,0,0,60
03/13/2001,JAC,WY,ANM,WE,Federal Contract Tower,5,10,9,0,24,5,16,21,4,46,10,26,30,4,70,0,0,0,70
03/14/2001,JAC,WY,ANM,WE,Federal Contract Tower,5,10,8,0,23,7,23,24,0,54,12,33,32,0,77,0,0,0,77
03/15/2001,JAC,WY,ANM,WE,Federal Contract Tower,4,10,6,0,20,8,30,52,4,94,12,40,58,4,114,14,0,14,128
03/16/2001,JAC,WY,ANM,WE,Federal Contract Tower,3,9,6,0,18,11,33,49,0,93,14,42,55,0,111,20,0,20,131
03/17/2001,JAC,WY,ANM,WE,Federal Contract Tower,4,11,9,0,24,6,17,14,2,39,10,28,23,2,63,4,0,4,67
03/18/2001,JAC,WY,ANM,WE,Federal Contract Tower,1,5,4,0,10,9,21,34,0,64,10,26,38,0,74,18,0,18,92
03/19/2001,JAC,WY,ANM,WE,Federal Contract Tower,4,11,8,0,23,6,9,13,0,28,10,20,21,0,51,0,0,0,51
03/20/2001,JAC,WY,ANM,WE,Federal Contract Tower,4,11,8,0,23,7,16,20,0,43,11,27,28,0,66,0,0,0,66
03/21/2001,JAC,WY,ANM,WE,Federal Contract Tower,3,10,7,0,20,8,30,58,0,96,11,40,65,0,116,23,0,23,139
03/22/2001,JAC,WY,ANM,WE,Federal Contract Tower,1,5,4,0,10,10,35,57,0,102,11,40,61,0,112,32,0,32,144
03/23/2001,JAC,WY,ANM,WE,Federal Contract Tower,2,7,6,0,15,9,31,63,2,105,11,38,69,2,120,14,0,14,134
03/24/2001,JAC,WY,ANM,WE,Federal Contract Tower,2,6,4,0,12,7,24,15,0,46,9,30,19,0,58,0,0,0,58
03/25/2001,JAC,WY,ANM,WE,Federal Contract Tower,2,6,5,0,13,7,16,39,0,62,9,22,44,0,75,0,0,0,75
03/26/2001,JAC,WY,ANM,WE,Federal Contract Tower,1,5,3,0,9,8,19,22,0,49,9,24,25,0,58,41,0,41,99
03/27/2001,JAC,WY,ANM,WE,Federal Contract Tower,3,8,6,0,17,8,17,25,0,50,11,25,31,0,67,0,0,0,67
03/28/2001,JAC,WY,ANM,WE,Federal Contract Tower,5,14,11,0,30,6,24,41,2,73,11,38,52,2,103,8,16,24,127
03/29/2001,JAC,WY,ANM,WE,Federal Contract Tower,5,15,12,0,32,6,23,44,0,73,11,38,56,0,105,14,0,14,119
03/30/2001,JAC,WY,ANM,WE,Federal Contract Tower,6,16,13,0,35,4,24,39,0,67,10,40,52,0,102,16,0,16,118
03/31/2001,JAC,WY,ANM,WE,Federal Contract Tower,1,5,4,0,10,10,24,27,5,66,11,29,31,5,76,0,11,11,87
04/01/2001,JAC,WY,ANM,WE,Federal Contract Tower,1,3,0,0,4,2,14,27,0,43,3,17,27,0,47,4,0,4,51
04/02/2001,JAC,WY,ANM,WE,Federal Contract Tower,0,9,7,0,16,3,12,12,0,27,3,21,19,0,43,0,0,0,43
04/03/2001,JAC,WY,ANM,WE,Federal Contract Tower,1,8,4,0,13,1,8,5,0,14,2,16,9,0,27,0,0,0,27
04/04/2001,JAC,WY,ANM,WE,Federal Contract Tower,1,9,6,0,16,1,11,15,0,27,2,20,21,0,43,0,0,0,43
04/05/2001,JAC,WY,ANM,WE,Federal Contract Tower,1,8,4,0,13,1,9,14,0,24,2,17,18,0,37,0,0,0,37
04/06/2001,JAC,WY,ANM,WE,Federal Contract Tower,0,10,8,0,18,2,14,32,0,48,2,24,40,0,66,18,0,18,84
04/07/2001,JAC,WY,ANM,WE,Federal Contract Tower,0,5,4,0,9,1,22,12,1,36,1,27,16,1,45,9,0,9,54
04/08/2001,JAC,WY,ANM,WE,Federal Contract Tower,1,7,4,0,12,0,12,3,0,15,1,19,7,0,27,0,0,0,27
04/09/2001,JAC,WY,ANM,WE,Federal Contract Tower,0,10,5,0,15,2,16,14,0,32,2,26,19,0,47,0,0,0,47
04/10/2001,JAC,WY,ANM,WE,Federal Contract Tower,0,0,0,0,0,3,20,27,6,56,3,20,27,6,56,0,0,0,56
04/11/2001,JAC,WY,ANM,WE,Federal Contract Tower,0,7,3,0,10,3,19,35,0,57,3,26,38,0,67,10,0,10,77
04/12/2001,JAC,WY,ANM,WE,Federal Contract Tower,0,10,7,0,17,3,16,26,0,45,3,26,33,0,62,0,0,0,62
04/13/2001,JAC,WY,ANM,WE,Federal Contract Tower,2,12,14,0,28,1,6,14,0,21,3,18,28,0,49,28,0,28,77
04/14/2001,JAC,WY,ANM,WE,Federal Contract Tower,1,9,4,0,14,1,21,4,0,26,2,30,8,0,40,0,0,0,40
04/15/2001,JAC,WY,ANM,WE,Federal Contract Tower,0,2,0,0,2,2,16,31,0,49,2,18,31,0,51,21,0,21,72
04/16/2001,JAC,WY,ANM,WE,Federal Contract Tower,0,0,1,0,1,2,28,33,0,63,2,28,34,0,64,14,0,14,78
04/17/2001,JAC,WY,ANM,WE,Federal Contract Tower,0,0,1,0,1,2,30,20,0,52,2,30,21,0,53,0,0,0,53
04/18/2001,JAC,WY,ANM,WE,Federal Contract Tower,0,2,2,0,4,2,26,45,2,75,2,28,47,2,79,19,0,19,98
04/19/2001,JAC,WY,ANM,WE,Federal Contract Tower,0,15,13,0,28,2,16,32,0,50,2,31,45,0,78,16,0,16,94
04/20/2001,JAC,WY,ANM,WE,Federal Contract Tower,2,9,10,0,21,0,14,42,0,56,2,23,52,0,77,35,0,35,112
04/21/2001,JAC,WY,ANM,WE,Federal Contract Tower,0,5,2,0,7,2,16,8,0,26,2,21,10,0,33,0,0,0,33
04/22/2001,JAC,WY,ANM,WE,Federal Contract Tower,0,0,1,1,2,2,26,18,1,47,2,26,19,2,49,0,0,0,49
04/23/2001,JAC,WY,ANM,WE,Federal Contract Tower,0,8,9,0,17,2,17,13,0,32,2,25,22,0,49,0,0,0,49
04/24/2001,JAC,WY,ANM,WE,Federal Contract Tower,1,5,7,0,13,1,23,24,0,48,2,28,31,0,61,4,0,4,65
04/25/2001,JAC,WY,ANM,WE,Federal Contract Tower,1,3,3,0,7,1,31,39,0,71,2,34,42,0,78,12,0,12,90
04/26/2001,JAC,WY,ANM,WE,Federal Contract Tower,1,4,3,0,8,1,24,59,6,90,2,28,62,6,98,14,0,14,112
04/27/2001,JAC,WY,ANM,WE,Federal Contract Tower,0,2,2,0,4,3,23,39,0,65,3,25,41,0,69,8,0,8,77
04/28/2001,JAC,WY,ANM,WE,Federal Contract Tower,0,0,0,0,0,2,23,20,3,48,2,23,20,3,48,6,0,6,54
04/29/2001,JAC,WY,ANM,WE,Federal Contract Tower,0,0,0,0,0,2,28,28,1,59,2,28,28,1,59,0,0,0,59
04/30/2001,JAC,WY,ANM,WE,Federal Contract Tower,1,6,0,0,7,1,17,20,1,39,2,23,20,1,46,0,0,0,46
05/01/2001,JAC,WY,ANM,WE,Federal Contract Tower,1,0,0,0,1,1,23,16,0,40,2,23,16,0,41,0,0,0,41
05/02/2001,JAC,WY,ANM,WE,Federal Contract Tower,0,5,6,0,11,2,27,41,0,70,2,32,47,0,81,8,0,8,89
05/03/2001,JAC,WY,ANM,WE,Federal Contract Tower,2,5,4,0,11,0,23,32,0,55,2,28,36,0,66,14,0,14,80
05/04/2001,JAC,WY,ANM,WE,Federal Contract Tower,0,2,2,0,4,2,30,56,0,88,2,32,58,0,92,8,0,8,100
05/05/2001,JAC,WY,ANM,WE,Federal Contract Tower,0,4,3,0,7,2,17,68,0,87,2,21,71,0,94,0,0,0,94
05/06/2001,JAC,WY,ANM,WE,Federal Contract Tower,0,0,1,0,1,2,23,26,0,51,2,23,27,0,52,2,0,2,54
05/07/2001,JAC,WY,ANM,WE,Federal Contract Tower,0,0,0,0,0,2,21,44,0,67,2,21,44,0,67,1,0,1,68
05/08/2001,JAC,WY,ANM,WE,Federal Contract Tower,0,2,2,0,4,2,18,39,0,59,2,20,41,0,63,12,0,12,75
05/09/2001,JAC,WY,ANM,WE,Federal Contract Tower,0,0,0,0,0,2,27,25,0,54,2,27,25,0,54,10,0,10,64
05/10/2001,JAC,WY,ANM,WE,Federal Contract Tower,0,2,1,3,6,2,32,47,1,82,2,34,48,4,88,18,2,20,108
05/11/2001,JAC,WY,ANM,WE,Federal Contract Tower,0,0,0,0,0,2,22,48,0,72,2,22,48,0,72,10,0,10,82
05/12/2001,JAC,WY,ANM,WE,Federal Contract Tower,0,3,3,0,6,2,24,30,3,59,2,27,33,3,65,14,0,14,79
05/13/2001,JAC,WY,ANM,WE,Federal Contract Tower,0,0,0,0,0,2,20,38,0,60,2,20,38,0,60,0,0,0,60
05/14/2001,JAC,WY,ANM,WE,Federal Contract Tower,0,2,2,0,4,2,24,49,0,75,2,26,51,0,79,6,0,6,85
05/15/2001,JAC,WY,ANM,WE,Federal Contract Tower,2,12,15,0,29,0,13,6,0,19,2,25,21,0,48,0,0,0,48
05/16/2001,JAC,WY,ANM,WE,Federal Contract Tower,2,9,4,0,15,0,19,26,0,45,2,28,30,0,60,16,0,16,76
05/17/2001,JAC,WY,ANM,WE,Federal Contract Tower,1,4,3,0,8,1,34,45,0,80,2,38,48,0,88,8,0,8,96
05/18/2001,JAC,WY,ANM,WE,Federal Contract Tower,0,2,1,0,3,2,24,27,0,53,2,26,28,0,56,0,0,0,56
05/19/2001,JAC,WY,ANM,WE,Federal Contract Tower,0,0,0,0,0,2,30,47,0,79,2,30,47,0,79,28,0,28,107
05/20/2001,JAC,WY,ANM,WE,Federal Contract Tower,1,6,5,0,12,1,19,19,0,39,2,25,24,0,51,0,0,0,51
05/21/2001,JAC,WY,ANM,WE,Federal Contract Tower,0,0,2,0,2,2,26,59,1,88,2,26,61,1,90,10,0,10,100
05/22/2001,JAC,WY,ANM,WE,Federal Contract Tower,0,0,1,0,1,2,30,47,2,81,2,30,48,2,82,10,0,10,92
05/23/2001,JAC,WY,ANM,WE,Federal Contract Tower,2,4,4,0,10,0,28,68,0,96,2,32,72,0,106,24,0,24,130
05/24/2001,JAC,WY,ANM,WE,Federal Contract Tower,2,2,4,0,8,0,32,65,2,99,2,34,69,2,107,8,0,8,115
05/25/2001,JAC,WY,ANM,WE,Federal Contract Tower,0,0,2,1,3,2,40,77,8,127,2,40,79,9,130,6,0,6,136
05/26/2001,JAC,WY,ANM,WE,Federal Contract Tower,0,0,5,0,5,2,30,59,0,91,2,30,64,0,96,0,0,0,96
05/27/2001,JAC,WY,ANM,WE,Federal Contract Tower,0,0,2,0,2,2,25,34,4,65,2,25,36,4,67,18,0,18,85
05/28/2001,JAC,WY,ANM,WE,Federal Contract Tower,0,3,0,1,4,2,28,56,2,88,2,31,56,3,92,6,0,6,98
05/29/2001,JAC,WY,ANM,WE,Federal Contract Tower,0,0,0,0,0,2,34,65,10,111,2,34,65,10,111,9,4,13,124
05/30/2001,JAC,WY,ANM,WE,Federal Contract Tower,1,3,4,0,8,1,31,69,8,109,2,34,73,8,117,23,0,23,140
05/31/2001,JAC,WY,ANM,WE,Federal Contract Tower,0,4,4,0,8,4,30,90,0,124,4,34,94,0,132,28,0,28,160
06/01/2001,JAC,WY,ANM,WE,Federal Contract Tower,0,2,3,0,5,2,33,81,0,116,2,35,84,0,121,18,0,18,139
06/02/2001,JAC,WY,ANM,WE,Federal Contract Tower,0,2,3,0,5,2,25,32,0,59,2,27,35,0,64,1,0,1,65
06/03/2001,JAC,WY,ANM,WE,Federal Contract Tower,1,8,2,0,11,1,17,23,0,41,2,25,25,0,52,0,0,0,52
06/04/2001,JAC,WY,ANM,WE,Federal Contract Tower,1,13,12,0,26,1,16,26,0,43,2,29,38,0,69,0,0,0,69
06/05/2001,JAC,WY,ANM,WE,Federal Contract Tower,0,4,4,0,8,2,24,66,0,92,2,28,70,0,100,7,0,7,107
06/06/2001,JAC,WY,ANM,WE,Federal Contract Tower,0,4,3,0,7,2,34,57,0,93,2,38,60,0,100,28,0,28,128
06/07/2001,JAC,WY,ANM,WE,Federal Contract Tower,1,2,5,2,10,3,38,125,0,166,4,40,130,2,176,12,0,12,188
06/08/2001,JAC,WY,ANM,WE,Federal Contract Tower,0,0,0,0,0,6,34,102,3,145,6,34,102,3,145,8,0,8,153
06/09/2001,JAC,WY,ANM,WE,Federal Contract Tower,0,0,0,0,0,8,50,103,2,163,8,50,103,2,163,0,0,0,163
06/10/2001,JAC,WY,ANM,WE,Federal Contract Tower,0,0,0,0,0,6,36,92,1,135,6,36,92,1,135,24,0,24,159
06/11/2001,JAC,WY,ANM,WE,Federal Contract Tower,0,0,0,0,0,6,39,70,2,117,6,39,70,2,117,6,0,6,123
06/12/2001,JAC,WY,ANM,WE,Federal Contract Tower,3,15,8,0,26,3,19,25,0,47,6,34,33,0,73,2,0,2,75
06/13/2001,JAC,WY,ANM,WE,Federal Contract Tower,3,23,15,0,41,5,21,75,0,101,8,44,90,0,142,14,0,14,156
06/14/2001,JAC,WY,ANM,WE,Federal Contract Tower,2,14,11,0,27,4,30,82,0,116,6,44,93,0,143,30,0,30,173
06/15/2001,JAC,WY,ANM,WE,Federal Contract Tower,2,0,0,0,2,6,47,90,0,143,8,47,90,0,145,8,0,8,153
06/16/2001,JAC,WY,ANM,WE,Federal Contract Tower,0,0,0,0,0,10,40,83,5,138,10,40,83,5,138,9,0,9,147
06/17/2001,JAC,WY,ANM,WE,Federal Contract Tower,0,0,0,0,0,6,41,76,0,123,6,41,76,0,123,4,0,4,127
06/18/2001,JAC,WY,ANM,WE,Federal Contract Tower,0,0,0,0,0,7,31,64,1,103,7,31,64,1,103,10,0,10,113
06/19/2001,JAC,WY,ANM,WE,Federal Contract Tower,0,0,1,0,1,8,24,74,0,106,8,24,75,0,107,68,0,68,175
06/20/2001,JAC,WY,ANM,WE,Federal Contract Tower,2,6,2,0,10,6,48,121,2,177,8,54,123,2,187,28,0,28,215
06/21/2001,JAC,WY,ANM,WE,Federal Contract Tower,2,8,3,0,13,10,42,133,2,187,12,50,136,2,200,49,10,59,259
06/22/2001,JAC,WY,ANM,WE,Federal Contract Tower,0,1,0,0,1,6,41,83,2,132,6,42,83,2,133,0,0,0,133
06/23/2001,JAC,WY,ANM,WE,Federal Contract Tower,0,0,0,0,0,11,44,84,0,139,11,44,84,0,139,46,0,46,185
06/24/2001,JAC,WY,ANM,WE,Federal Contract Tower,0,0,0,0,0,7,39,131,0,177,7,39,131,0,177,24,0,24,201
06/25/2001,JAC,WY,ANM,WE,Federal Contract Tower,0,0,0,0,0,8,35,89,0,132,8,35,89,0,132,10,0,10,142
06/26/2001,JAC,WY,ANM,WE,Federal Contract Tower,0,2,1,0,3,7,36,54,0,97,7,38,55,0,100,0,0,0,100
06/27/2001,JAC,WY,ANM,WE,Federal Contract Tower,2,3,1,0,6,5,35,79,0,119,7,38,80,0,125,14,0,14,139
06/28/2001,JAC,WY,ANM,WE,Federal Contract Tower,0,0,1,0,1,8,46,88,0,142,8,46,89,0,143,60,0,60,203
06/29/2001,JAC,WY,ANM,WE,Federal Contract Tower,2,6,3,0,11,6,44,127,0,177,8,50,130,0,188,30,0,30,218
06/30/2001,JAC,WY,ANM,WE,Federal Contract Tower,0,0,1,0,1,11,46,133,0,190,11,46,134,0,191,21,0,21,212
07/01/2001,JAC,WY,ANM,WE,Federal Contract Tower,0,0,0,0,0,38,39,116,5,198,38,39,116,5,198,21,0,21,219
07/02/2001,JAC,WY,ANM,WE,Federal Contract Tower,0,0,0,0,0,7,38,82,0,127,7,38,82,0,127,15,0,15,142
07/03/2001,JAC,WY,ANM,WE,Federal Contract Tower,0,0,0,0,0,7,47,139,0,193,7,47,139,0,193,22,0,22,215
07/04/2001,JAC,WY,ANM,WE,Federal Contract Tower,0,0,0,0,0,8,44,110,8,170,8,44,110,8,170,28,0,28,198
07/05/2001,JAC,WY,ANM,WE,Federal Contract Tower,0,0,0,0,0,8,45,96,11,160,8,45,96,11,160,11,0,11,171
07/06/2001,JAC,WY,ANM,WE,Federal Contract Tower,3,8,5,0,16,4,50,99,3,156,7,58,104,3,172,18,0,18,190
07/07/2001,JAC,WY,ANM,WE,Federal Contract Tower,6,11,11,0,28,5,47,133,6,191,11,58,144,6,219,22,6,28,247
07/08/2001,JAC,WY,ANM,WE,Federal Contract Tower,8,21,25,0,54,3,35,163,4,205,11,56,188,4,259,52,4,56,315
07/09/2001,JAC,WY,ANM,WE,Federal Contract Tower,4,12,8,0,24,7,51,92,6,156,11,63,100,6,180,22,0,22,202
07/10/2001,JAC,WY,ANM,WE,Federal Contract Tower,4,12,10,0,26,7,44,106,4,161,11,56,116,4,187,13,0,13,200
07/11/2001,JAC,WY,ANM,WE,Federal Contract Tower,1,2,3,0,6,8,33,86,0,127,9,35,89,0,133,36,0,36,169
07/12/2001,JAC,WY,ANM,WE,Federal Contract Tower,1,0,0,0,1,6,38,126,0,170,7,38,126,0,171,26,0,26,197
07/13/2001,JAC,WY,ANM,WE,Federal Contract Tower,2,2,0,0,4,4,39,96,0,139,6,41,96,0,143,11,0,11,154
07/14/2001,JAC,WY,ANM,WE,Federal Contract Tower,0,0,0,0,0,12,41,123,0,176,12,41,123,0,176,16,0,16,192
07/15/2001,JAC,WY,ANM,WE,Federal Contract Tower,2,6,2,0,10,4,45,126,0,175,6,51,128,0,185,13,0,13,198
07/16/2001,JAC,WY,ANM,WE,Federal Contract Tower,0,0,0,0,0,9,40,81,0,130,9,40,81,0,130,0,0,0,130
07/17/2001,JAC,WY,ANM,WE,Federal Contract Tower,0,0,0,0,0,7,38,69,2,116,7,38,69,2,116,17,0,17,133
07/18/2001,JAC,WY,ANM,WE,Federal Contract Tower,3,4,3,0,10,6,34,76,0,116,9,38,79,0,126,25,0,25,151
07/19/2001,JAC,WY,ANM,WE,Federal Contract Tower,3,6,2,0,11,8,32,126,0,166,11,38,128,0,177,48,0,48,225
07/20/2001,JAC,WY,ANM,WE,Federal Contract Tower,0,0,1,0,1,8,44,136,0,188,8,44,137,0,189,10,0,10,199
07/21/2001,JAC,WY,ANM,WE,Federal Contract Tower,1,2,0,0,3,9,54,162,1,226,10,56,162,1,229,12,0,12,241
07/22/2001,JAC,WY,ANM,WE,Federal Contract Tower,0,0,0,0,0,9,52,145,0,206,9,52,145,0,206,14,0,14,220
07/23/2001,JAC,WY,ANM,WE,Federal Contract Tower,1,3,3,0,7,6,69,126,0,201,7,72,129,0,208,22,0,22,230
07/24/2001,JAC,WY,ANM,WE,Federal Contract Tower,1,2,3,0,6,6,34,132,0,172,7,36,135,0,178,2,0,2,180
07/25/2001,JAC,WY,ANM,WE,Federal Contract Tower,1,0,0,0,1,6,36,182,0,224,7,36,182,0,225,3,0,3,228
07/26/2001,JAC,WY,ANM,WE,Federal Contract Tower,1,4,4,0,9,9,50,175,0,234,10,54,179,0,243,20,0,20,263
07/27/2001,JAC,WY,ANM,WE,Federal Contract Tower,2,8,5,0,15,8,90,148,0,246,10,98,153,0,261,14,0,14,275
07/28/2001,JAC,WY,ANM,WE,Federal Contract Tower,1,0,0,0,1,14,94,115,0,223,15,94,115,0,224,0,0,0,224
07/29/2001,JAC,WY,ANM,WE,Federal Contract Tower,0,0,0,0,0,6,110,153,0,269,6,110,153,0,269,0,0,0,269
07/30/2001,JAC,WY,ANM,WE,Federal Contract Tower,0,0,0,0,0,7,96,127,0,230,7,96,127,0,230,12,0,12,242
07/31/2001,JAC,WY,ANM,WE,Federal Contract Tower,0,0,0,0,0,7,93,135,0,235,7,93,135,0,235,12,0,12,247
08/01/2001,JAC,WY,ANM,WE,Federal Contract Tower,4,3,2,0,9,4,113,207,0,324,8,116,209,0,333,37,0,37,370
08/02/2001,JAC,WY,ANM,WE,Federal Contract Tower,0,0,0,0,0,8,63,121,0,192,8,63,121,0,192,2,0,2,194
08/03/2001,JAC,WY,ANM,WE,Federal Contract Tower,0,0,5,0,5,8,41,101,0,150,8,41,106,0,155,12,0,12,167
08/04/2001,JAC,WY,ANM,WE,Federal Contract Tower,3,4,3,0,10,11,68,181,0,260,14,72,184,0,270,29,0,29,299
08/05/2001,JAC,WY,ANM,WE,Federal Contract Tower,5,1,5,0,11,9,55,193,0,257,14,56,198,0,268,56,0,56,324
08/06/2001,JAC,WY,ANM,WE,Federal Contract Tower,4,5,2,2,13,4,72,155,2,233,8,77,157,4,246,12,0,12,258
08/07/2001,JAC,WY,ANM,WE,Federal Contract Tower,4,10,8,1,23,8,79,127,1,215,12,89,135,2,238,18,0,18,256
08/08/2001,JAC,WY,ANM,WE,Federal Contract Tower,0,0,0,0,0,8,58,106,2,174,8,58,106,2,174,4,0,4,178
08/09/2001,JAC,WY,ANM,WE,Federal Contract Tower,0,2,2,0,4,7,41,124,2,174,7,43,126,2,178,32,0,32,210
08/10/2001,JAC,WY,ANM,WE,Federal Contract Tower,1,2,2,0,5,7,52,189,1,249,8,54,191,1,254,12,0,12,266
08/11/2001,JAC,WY,ANM,WE,Federal Contract Tower,0,2,0,0,2,14,40,113,0,167,14,42,113,0,169,6,0,6,175
08/12/2001,JAC,WY,ANM,WE,Federal Contract Tower,0,0,0,0,0,8,28,137,0,173,8,28,137,0,173,14,0,14,187
08/13/2001,JAC,WY,ANM,WE,Federal Contract Tower,1,7,3,0,11,7,31,49,0,87,8,38,52,0,98,2,0,2,100
08/14/2001,JAC,WY,ANM,WE,Federal Contract Tower,0,1,1,0,2,8,42,73,0,123,8,43,74,0,125,19,0,19,144
08/15/2001,JAC,WY,ANM,WE,Federal Contract Tower,1,7,5,0,13,8,40,76,0,124,9,47,81,0,137,2,0,2,139
08/16/2001,JAC,WY,ANM,WE,Federal Contract Tower,0,2,0,0,2,7,43,126,0,176,7,45,126,0,178,8,0,8,186
08/17/2001,JAC,WY,ANM,WE,Federal Contract Tower,1,0,0,0,1,6,36,89,4,135,7,36,89,4,136,0,0,0,136
08/18/2001,JAC,WY,ANM,WE,Federal Contract Tower,2,3,3,1,9,14,43,95,3,155,16,46,98,4,164,10,0,10,174
08/19/2001,JAC,WY,ANM,WE,Federal Contract Tower,0,0,0,0,0,10,44,112,0,166,10,44,112,0,166,14,0,14,180
08/20/2001,JAC,WY,ANM,WE,Federal Contract Tower,0,0,1,1,2,7,41,69,2,119,7,41,70,3,121,0,0,0,121
08/21/2001,JAC,WY,ANM,WE,Federal Contract Tower,0,1,0,1,2,7,29,72,5,113,7,30,72,6,115,2,26,28,143
08/22/2001,JAC,WY,ANM,WE,Federal Contract Tower,2,3,0,0,5,6,37,95,3,141,8,40,95,3,146,22,0,22,168
08/23/2001,JAC,WY,ANM,WE,Federal Contract Tower,0,2,0,0,2,8,48,109,4,169,8,50,109,4,171,26,0,26,197
08/24/2001,JAC,WY,ANM,WE,Federal Contract Tower,2,5,2,0,9,6,45,108,4,163,8,50,110,4,172,6,0,6,178
08/25/2001,JAC,WY,ANM,WE,Federal Contract Tower,0,0,0,0,0,14,49,115,9,187,14,49,115,9,187,10,0,10,197
08/26/2001,JAC,WY,ANM,WE,Federal Contract Tower,0,0,0,0,0,9,46,160,6,221,9,46,160,6,221,16,0,16,237
08/27/2001,JAC,WY,ANM,WE,Federal Contract Tower,0,0,0,0,0,7,38,91,0,136,7,38,91,0,136,9,0,9,145
08/28/2001,JAC,WY,ANM,WE,Federal Contract Tower,1,3,2,0,6,6,34,104,0,144,7,37,106,0,150,0,0,0,150
08/29/2001,JAC,WY,ANM,WE,Federal Contract Tower,0,0,0,0,0,7,43,102,2,154,7,43,102,2,154,18,0,18,172
08/30/2001,JAC,WY,ANM,WE,Federal Contract Tower,0,3,1,0,4,8,41,107,0,156,8,44,108,0,160,15,0,15,175
08/31/2001,JAC,WY,ANM,WE,Federal Contract Tower,0,0,1,2,3,8,45,93,5,151,8,45,94,7,154,4,0,4,158
09/01/2001,JAC,WY,ANM,WE,Federal Contract Tower,3,2,0,1,6,11,44,80,1,136,14,46,80,2,142,4,0,4,146
09/02/2001,JAC,WY,ANM,WE,Federal Contract Tower,2,0,4,0,6,10,40,82,2,134,12,40,86,2,140,12,0,12,152
09/03/2001,JAC,WY,ANM,WE,Federal Contract Tower,4,6,4,3,17,4,41,93,5,143,8,47,97,8,160,16,0,16,176
09/04/2001,JAC,WY,ANM,WE,Federal Contract Tower,1,1,1,0,3,8,48,87,4,147,9,49,88,4,150,4,0,4,154
09/05/2001,JAC,WY,ANM,WE,Federal Contract Tower,0,1,3,0,4,6,32,51,1,90,6,33,54,1,94,0,0,0,94
09/06/2001,JAC,WY,ANM,WE,Federal Contract Tower,2,4,4,0,10,4,27,51,2,84,6,31,55,2,94,0,0,0,94
09/07/2001,JAC,WY,ANM,WE,Federal Contract Tower,2,14,13,0,29,5,15,40,0,60,7,29,53,0,89,0,0,0,89
09/08/2001,JAC,WY,ANM,WE,Federal Contract Tower,2,1,4,0,7,4,17,54,0,75,6,18,58,0,82,0,0,0,82
09/09/2001,JAC,WY,ANM,WE,Federal Contract Tower,0,0,0,0,0,10,25,82,1,118,10,25,82,1,118,0,0,0,118
09/10/2001,JAC,WY,ANM,WE,Federal Contract Tower,0,0,0,0,0,9,32,103,0,144,9,32,103,0,144,6,0,6,150
09/11/2001,JAC,WY,ANM,WE,Federal Contract Tower,0,0,0,0,0,0,3,4,0,7,0,3,4,0,7,0,0,0,7
09/12/2001,JAC,WY,ANM,WE,Federal Contract Tower,0,0,0,0,0,0,0,6,0,6,0,0,6,0,6,0,0,0,6
09/13/2001,JAC,WY,ANM,WE,Federal Contract Tower,0,1,0,0,1,0,6,0,0,6,0,7,0,0,7,0,0,0,7
09/14/2001,JAC,WY,ANM,WE,Federal Contract Tower,2,19,15,0,36,3,13,23,0,39,5,32,38,0,75,0,0,0,75
09/15/2001,JAC,WY,ANM,WE,Federal Contract Tower,1,13,5,0,19,3,20,22,0,45,4,33,27,0,64,0,0,0,64
09/16/2001,JAC,WY,ANM,WE,Federal Contract Tower,0,0,1,0,1,4,31,36,1,72,4,31,37,1,73,8,0,8,81
09/17/2001,JAC,WY,ANM,WE,Federal Contract Tower,1,13,6,0,20,5,17,13,0,35,6,30,19,0,55,0,0,0,55
09/18/2001,JAC,WY,ANM,WE,Federal Contract Tower,1,0,0,0,1,6,29,28,0,63,7,29,28,0,64,0,0,0,64
09/19/2001,JAC,WY,ANM,WE,Federal Contract Tower,0,2,0,0,2,5,39,37,0,81,5,41,37,0,83,0,0,0,83
09/20/2001,JAC,WY,ANM,WE,Federal Contract Tower,1,4,4,0,9,3,26,63,0,92,4,30,67,0,101,4,0,4,105
09/21/2001,JAC,WY,ANM,WE,Federal Contract Tower,2,6,2,0,10,2,32,53,0,87,4,38,55,0,97,4,0,4,101
09/22/2001,JAC,WY,ANM,WE,Federal Contract Tower,0,1,2,0,3,3,23,33,0,59,3,24,35,0,62,30,0,30,92
09/23/2001,JAC,WY,ANM,WE,Federal Contract Tower,1,0,2,0,3,3,32,66,0,101,4,32,68,0,104,6,0,6,110
09/24/2001,JAC,WY,ANM,WE,Federal Contract Tower,0,0,0,0,0,4,35,43,1,83,4,35,43,1,83,12,0,12,95
09/25/2001,JAC,WY,ANM,WE,Federal Contract Tower,0,1,0,0,1,4,37,66,2,109,4,38,66,2,110,10,6,16,126
09/26/2001,JAC,WY,ANM,WE,Federal Contract Tower,1,0,0,0,1,3,38,89,2,132,4,38,89,2,133,8,0,8,141
09/27/2001,JAC,WY,ANM,WE,Federal Contract Tower,1,0,0,0,1,3,37,85,4,129,4,37,85,4,130,4,0,4,134
09/28/2001,JAC,WY,ANM,WE,Federal Contract Tower,0,0,0,0,0,4,31,51,2,88,4,31,51,2,88,0,0,0,88
09/29/2001,JAC,WY,ANM,WE,Federal Contract Tower,2,4,1,0,7,2,34,56,8,100,4,38,57,8,107,16,0,16,123
09/30/2001,JAC,WY,ANM,WE,Federal Contract Tower,0,0,0,0,0,6,35,114,9,164,6,35,114,9,164,20,2,22,186
10/01/2001,JAC,WY,ANM,WE,Federal Contract Tower,0,0,0,0,0,5,29,73,9,116,5,29,73,9,116,2,0,2,118
10/02/2001,JAC,WY,ANM,WE,Federal Contract Tower,0,0,0,0,0,2,26,56,0,84,2,26,56,0,84,5,0,5,89
10/03/2001,JAC,WY,ANM,WE,Federal Contract Tower,2,1,4,0,7,0,31,81,0,112,2,32,85,0,119,14,0,14,133
10/04/2001,JAC,WY,ANM,WE,Federal Contract Tower,2,0,2,0,4,0,32,72,0,104,2,32,74,0,108,12,0,12,120
10/05/2001,JAC,WY,ANM,WE,Federal Contract Tower,0,2,4,0,6,2,30,38,0,70,2,32,42,0,76,18,0,18,94
10/06/2001,JAC,WY,ANM,WE,Federal Contract Tower,1,3,2,0,6,3,29,67,0,99,4,32,69,0,105,20,0,20,125
10/07/2001,JAC,WY,ANM,WE,Federal Contract Tower,1,3,6,0,10,1,33,66,2,102,2,36,72,2,112,6,0,6,118
10/08/2001,JAC,WY,ANM,WE,Federal Contract Tower,0,2,4,0,6,2,24,38,0,64,2,26,42,0,70,1,0,1,71
10/09/2001,JAC,WY,ANM,WE,Federal Contract Tower,1,12,11,0,24,1,11,44,0,56,2,23,55,0,80,6,0,6,86
10/10/2001,JAC,WY,ANM,WE,Federal Contract Tower,1,2,3,0,6,1,30,54,0,85,2,32,57,0,91,22,0,22,113
10/11/2001,JAC,WY,ANM,WE,Federal Contract Tower,0,13,8,0,21,0,10,11,0,21,0,23,19,0,42,0,0,0,42
10/12/2001,JAC,WY,ANM,WE,Federal Contract Tower,0,8,5,0,13,2,21,30,0,53,2,29,35,0,66,0,0,0,66
10/13/2001,JAC,WY,ANM,WE,Federal Contract Tower,1,3,1,0,5,1,19,21,0,41,2,22,22,0,46,0,0,0,46
10/14/2001,JAC,WY,ANM,WE,Federal Contract Tower,0,8,7,0,15,2,12,14,2,30,2,20,21,2,45,2,0,2,47
10/15/2001,JAC,WY,ANM,WE,Federal Contract Tower,0,1,0,0,1,2,25,39,0,66,2,26,39,0,67,6,0,6,73
10/16/2001,JAC,WY,ANM,WE,Federal Contract Tower,0,0,1,0,1,2,24,36,0,62,2,24,37,0,63,7,0,7,70
10/17/2001,JAC,WY,ANM,WE,Federal Contract Tower,2,9,6,0,17,0,17,29,0,46,2,26,35,0,63,6,0,6,69
10/18/2001,JAC,WY,ANM,WE,Federal Contract Tower,0,0,1,0,1,2,29,46,0,77,2,29,47,0,78,4,0,4,82
10/19/2001,JAC,WY,ANM,WE,Federal Contract Tower,0,0,2,0,2,2,31,51,0,84,2,31,53,0,86,2,0,2,88
10/20/2001,JAC,WY,ANM,WE,Federal Contract Tower,0,0,0,0,0,2,31,59,1,93,2,31,59,1,93,14,0,14,107
10/21/2001,JAC,WY,ANM,WE,Federal Contract Tower,0,0,1,0,1,2,26,44,0,72,2,26,45,0,73,0,0,0,73
10/22/2001,JAC,WY,ANM,WE,Federal Contract Tower,1,12,10,0,23,1,18,47,0,66,2,30,57,0,89,0,0,0,89
10/23/2001,JAC,WY,ANM,WE,Federal Contract Tower,1,6,4,0,11,1,19,14,0,34,2,25,18,0,45,0,0,0,45
10/24/2001,JAC,WY,ANM,WE,Federal Contract Tower,1,6,7,1,15,1,20,40,1,62,2,26,47,2,77,8,0,8,85
10/25/2001,JAC,WY,ANM,WE,Federal Contract Tower,0,4,3,0,7,0,30,54,0,84,0,34,57,0,91,2,0,2,93
10/26/2001,JAC,WY,ANM,WE,Federal Contract Tower,0,6,6,0,12,2,22,57,0,81,2,28,63,0,93,10,0,10,103
10/27/2001,JAC,WY,ANM,WE,Federal Contract Tower,1,6,6,0,13,1,26,57,2,86,2,32,63,2,99,16,2,18,117
10/28/2001,JAC,WY,ANM,WE,Federal Contract Tower,0,6,8,0,14,2,18,58,0,78,2,24,66,0,92,12,0,12,104
10/29/2001,JAC,WY,ANM,WE,Federal Contract Tower,0,0,0,0,0,4,27,46,0,77,4,27,46,0,77,15,0,15,92
10/30/2001,JAC,WY,ANM,WE,Federal Contract Tower,0,2,1,0,3,2,27,23,0,52,2,29,24,0,55,34,0,34,89
10/31/2001,JAC,WY,ANM,WE,Federal Contract Tower,2,16,10,0,28,0,16,28,0,44,2,32,38,0,72,0,0,0,72
11/01/2001,JAC,WY,ANM,WE,Federal Contract Tower,0,14,11,1,26,0,18,25,1,44,0,32,36,2,70,6,0,6,76
11/02/2001,JAC,WY,ANM,WE,Federal Contract Tower,0,11,11,1,23,0,14,39,0,53,0,25,50,1,76,12,0,12,88
11/03/2001,JAC,WY,ANM,WE,Federal Contract Tower,0,0,0,0,0,0,27,84,5,116,0,27,84,5,116,18,0,18,134
11/04/2001,JAC,WY,ANM,WE,Federal Contract Tower,0,1,0,0,1,0,21,49,5,75,0,22,49,5,76,6,0,6,82
11/05/2001,JAC,WY,ANM,WE,Federal Contract Tower,0,0,0,0,0,0,30,37,0,67,0,30,37,0,67,0,0,0,67
11/06/2001,JAC,WY,ANM,WE,Federal Contract Tower,0,11,7,0,18,0,17,14,0,31,0,28,21,0,49,0,0,0,49
11/07/2001,JAC,WY,ANM,WE,Federal Contract Tower,0,13,5,0,18,0,17,28,3,48,0,30,33,3,66,16,0,16,82
11/08/2001,JAC,WY,ANM,WE,Federal Contract Tower,0,0,0,1,1,0,27,39,3,69,0,27,39,4,70,12,0,12,82
11/09/2001,JAC,WY,ANM,WE,Federal Contract Tower,0,2,0,0,2,0,29,46,5,80,0,31,46,5,82,34,0,34,116
11/10/2001,JAC,WY,ANM,WE,Federal Contract Tower,0,2,0,0,2,0,20,49,6,75,0,22,49,6,77,19,0,19,96
11/11/2001,JAC,WY,ANM,WE,Federal Contract Tower,0,3,2,0,5,0,18,36,0,54,0,21,38,0,59,0,0,0,59
11/12/2001,JAC,WY,ANM,WE,Federal Contract Tower,0,1,1,0,2,0,23,24,0,47,0,24,25,0,49,16,0,16,65
11/13/2001,JAC,WY,ANM,WE,Federal Contract Tower,0,5,2,0,7,0,19,26,0,45,0,24,28,0,52,10,0,10,62
11/14/2001,JAC,WY,ANM,WE,Federal Contract Tower,0,8,10,0,18,0,24,38,0,62,0,32,48,0,80,46,0,46,126
11/15/2001,JAC,WY,ANM,WE,Federal Contract Tower,0,1,0,0,1,0,27,52,0,79,0,28,52,0,80,20,0,20,100
11/16/2001,JAC,WY,ANM,WE,Federal Contract Tower,0,0,0,0,0,0,31,67,0,98,0,31,67,0,98,36,0,36,134
11/17/2001,JAC,WY,ANM,WE,Federal Contract Tower,0,4,2,0,6,0,18,46,0,64,0,22,48,0,70,18,0,18,88
11/18/2001,JAC,WY,ANM,WE,Federal Contract Tower,0,10,10,0,20,0,20,16,0,36,0,30,26,0,56,4,0,4,60
11/19/2001,JAC,WY,ANM,WE,Federal Contract Tower,0,2,3,0,5,0,21,13,5,39,0,23,16,5,44,20,0,20,64
11/20/2001,JAC,WY,ANM,WE,Federal Contract Tower,0,7,3,0,10,0,21,53,0,74,0,28,56,0,84,28,0,28,112
11/21/2001,JAC,WY,ANM,WE,Federal Contract Tower,0,18,6,0,24,0,16,27,0,43,0,34,33,0,67,0,0,0,67
11/22/2001,JAC,WY,ANM,WE,Federal Contract Tower,0,7,4,0,11,0,11,0,0,11,0,18,4,0,22,0,0,0,22
11/23/2001,JAC,WY,ANM,WE,Federal Contract Tower,0,12,2,0,14,0,13,6,0,19,0,25,8,0,33,18,0,18,51
11/24/2001,JAC,WY,ANM,WE,Federal Contract Tower,0,8,4,0,12,0,12,25,0,37,0,20,29,0,49,6,0,6,55
11/25/2001,JAC,WY,ANM,WE,Federal Contract Tower,0,18,9,0,27,0,13,14,0,27,0,31,23,0,54,0,0,0,54
11/26/2001,JAC,WY,ANM,WE,Federal Contract Tower,0,4,2,0,6,0,24,35,0,59,0,28,37,0,65,0,0,0,65
11/27/2001,JAC,WY,ANM,WE,Federal Contract Tower,0,15,8,0,23,0,13,30,0,43,0,28,38,0,66,0,0,0,66
11/28/2001,JAC,WY,ANM,WE,Federal Contract Tower,0,15,8,0,23,0,13,30,0,43,0,28,38,0,66,0,0,0,66
11/29/2001,JAC,WY,ANM,WE,Federal Contract Tower,0,12,5,0,17,0,12,8,0,20,0,24,13,0,37,0,0,0,37
11/30/2001,JAC,WY,ANM,WE,Federal Contract Tower,0,8,5,0,13,0,18,11,0,29,0,26,16,0,42,0,0,0,42
12/01/2001,JAC,WY,ANM,WE,Federal Contract Tower,0,9,3,0,12,0,5,12,0,17,0,14,15,0,29,0,0,0,29
12/02/2001,JAC,WY,ANM,WE,Federal Contract Tower,0,8,5,0,13,0,11,12,0,23,0,19,17,0,36,0,0,0,36
12/03/2001,JAC,WY,ANM,WE,Federal Contract Tower,0,13,6,0,19,0,8,7,0,15,0,21,13,0,34,0,0,0,34
12/04/2001,JAC,WY,ANM,WE,Federal Contract Tower,0,11,6,0,17,0,11,12,0,23,0,22,18,0,40,0,0,0,40
12/05/2001,JAC,WY,ANM,WE,Federal Contract Tower,0,10,4,0,14,0,6,8,0,14,0,16,12,0,28,0,0,0,28
12/06/2001,JAC,WY,ANM,WE,Federal Contract Tower,0,5,5,0,10,0,5,3,0,8,0,10,8,0,18,0,0,0,18
12/07/2001,JAC,WY,ANM,WE,Federal Contract Tower,0,7,5,0,12,0,22,17,2,41,0,29,22,2,53,18,0,18,71
12/08/2001,JAC,WY,ANM,WE,Federal Contract Tower,0,10,4,0,14,0,16,26,0,42,0,26,30,0,56,10,0,10,66
12/09/2001,JAC,WY,ANM,WE,Federal Contract Tower,0,3,1,0,4,0,27,19,0,46,0,30,20,0,50,0,0,0,50
12/10/2001,JAC,WY,ANM,WE,Federal Contract Tower,0,4,3,0,7,0,17,37,0,54,0,21,40,0,61,18,0,18,79
12/11/2001,JAC,WY,ANM,WE,Federal Contract Tower,0,9,8,0,17,0,13,10,0,23,0,22,18,0,40,2,0,2,42
12/12/2001,JAC,WY,ANM,WE,Federal Contract Tower,0,17,10,0,27,0,13,14,0,27,0,30,24,0,54,8,0,8,62
12/13/2001,JAC,WY,ANM,WE,Federal Contract Tower,0,10,5,0,15,0,11,10,0,21,0,21,15,0,36,0,0,0,36
12/14/2001,JAC,WY,ANM,WE,Federal Contract Tower,0,8,5,0,13,0,20,13,0,33,0,28,18,0,46,0,0,0,46
12/15/2001,JAC,WY,ANM,WE,Federal Contract Tower,0,6,4,0,10,5,22,41,0,68,5,28,45,0,78,12,0,12,90
12/16/2001,JAC,WY,ANM,WE,Federal Contract Tower,3,14,11,0,28,4,12,17,0,33,7,26,28,0,61,8,0,8,69
12/17/2001,JAC,WY,ANM,WE,Federal Contract Tower,2,10,8,0,20,4,11,19,2,36,6,21,27,2,56,0,0,0,56
12/18/2001,JAC,WY,ANM,WE,Federal Contract Tower,2,8,4,0,14,6,20,30,0,56,8,28,34,0,70,26,0,26,96
12/19/2001,JAC,WY,ANM,WE,Federal Contract Tower,6,18,14,0,38,5,18,42,0,65,11,36,56,0,103,0,0,0,103
12/20/2001,JAC,WY,ANM,WE,Federal Contract Tower,2,1,2,3,8,5,41,49,5,100,7,42,51,8,108,23,2,25,133
12/21/2001,JAC,WY,ANM,WE,Federal Contract Tower,2,7,13,0,22,7,35,43,0,85,9,42,56,0,107,6,0,6,113
12/22/2001,JAC,WY,ANM,WE,Federal Contract Tower,4,19,20,2,45,3,23,68,0,94,7,42,88,2,139,18,0,18,157
12/23/2001,JAC,WY,ANM,WE,Federal Contract Tower,0,3,1,0,4,8,24,37,0,69,8,27,38,0,73,12,0,12,85
12/24/2001,JAC,WY,ANM,WE,Federal Contract Tower,1,4,1,0,6,7,32,38,0,77,8,36,39,0,83,34,0,34,117
12/25/2001,JAC,WY,ANM,WE,Federal Contract Tower,0,2,0,0,2,8,22,18,0,48,8,24,18,0,50,4,0,4,54
12/26/2001,JAC,WY,ANM,WE,Federal Contract Tower,2,10,10,0,22,6,44,160,4,214,8,54,170,4,236,18,0,18,254
12/27/2001,JAC,WY,ANM,WE,Federal Contract Tower,0,3,1,0,4,8,39,70,0,117,8,42,71,0,121,6,0,6,127
12/28/2001,JAC,WY,ANM,WE,Federal Contract Tower,4,15,2,0,21,5,20,32,0,57,9,35,34,0,78,0,0,0,78
12/29/2001,JAC,WY,ANM,WE,Federal Contract Tower,1,12,8,0,21,8,28,64,0,100,9,40,72,0,121,12,0,12,133
12/30/2001,JAC,WY,ANM,WE,Federal Contract Tower,0,3,2,0,5,8,19,18,0,45,8,22,20,0,50,6,0,6,56
12/31/2001,JAC,WY,ANM,WE,Federal Contract Tower,3,11,8,0,22,4,17,9,2,32,7,28,17,2,54,0,0,0,54
01/01/2002,JAC,WY,ANM,WE,Federal Contract Tower,0,4,2,0,6,8,31,51,0,90,8,35,53,0,96,8,0,8,104
01/02/2002,JAC,WY,ANM,WE,Federal Contract Tower,5,19,14,2,40,3,31,68,6,108,8,50,82,8,148,11,0,11,159
01/03/2002,JAC,WY,ANM,WE,Federal Contract Tower,3,16,11,1,31,5,31,39,1,76,8,47,50,2,107,0,0,0,107
01/04/2002,JAC,WY,ANM,WE,Federal Contract Tower,1,5,4,0,10,8,33,37,0,78,9,38,41,0,88,0,0,0,88
01/05/2002,JAC,WY,ANM,WE,Federal Contract Tower,3,19,8,0,30,1,32,46,0,79,4,51,54,0,109,17,0,17,126
01/06/2002,JAC,WY,ANM,WE,Federal Contract Tower,3,21,9,0,33,5,32,57,0,94,8,53,66,0,127,0,0,0,127
01/07/2002,JAC,WY,ANM,WE,Federal Contract Tower,3,9,7,0,19,4,22,21,0,47,7,31,28,0,66,2,0,2,68
01/08/2002,JAC,WY,ANM,WE,Federal Contract Tower,1,5,2,0,8,6,25,18,0,49,7,30,20,0,57,10,0,10,67
01/09/2002,JAC,WY,ANM,WE,Federal Contract Tower,2,10,6,1,19,6,24,31,1,62,8,34,37,2,81,12,0,12,93
01/10/2002,JAC,WY,ANM,WE,Federal Contract Tower,0,1,4,0,5,8,29,53,0,90,8,30,57,0,95,18,0,18,113
01/11/2002,JAC,WY,ANM,WE,Federal Contract Tower,0,4,2,0,6,8,25,47,0,80,8,29,49,0,86,0,0,0,86
01/12/2002,JAC,WY,ANM,WE,Federal Contract Tower,0,2,1,0,3,7,26,24,0,57,7,28,25,0,60,26,0,26,86
01/13/2002,JAC,WY,ANM,WE,Federal Contract Tower,2,8,7,0,17,5,20,17,0,42,7,28,24,0,59,0,0,0,59
01/14/2002,JAC,WY,ANM,WE,Federal Contract Tower,2,7,2,0,11,5,18,19,0,42,7,25,21,0,53,0,0,0,53
01/15/2002,JAC,WY,ANM,WE,Federal Contract Tower,3,13,8,0,24,4,13,13,0,30,7,26,21,0,54,2,0,2,56
01/16/2002,JAC,WY,ANM,WE,Federal Contract Tower,4,14,8,0,26,4,14,24,0,42,8,28,32,0,68,24,0,24,92
01/17/2002,JAC,WY,ANM,WE,Federal Contract Tower,1,10,5,0,16,6,28,25,0,59,7,38,30,0,75,20,0,20,95
01/18/2002,JAC,WY,ANM,WE,Federal Contract Tower,3,16,7,0,26,4,21,31,0,56,7,37,38,0,82,15,0,15,97
01/19/2002,JAC,WY,ANM,WE,Federal Contract Tower,4,19,9,0,32,5,15,37,0,57,9,34,46,0,89,0,0,0,89
01/20/2002,JAC,WY,ANM,WE,Federal Contract Tower,1,8,5,0,14,2,6,9,0,17,3,14,14,0,31,0,0,0,31
01/21/2002,JAC,WY,ANM,WE,Federal Contract Tower,0,2,1,0,3,1,2,6,0,9,1,4,7,0,12,0,0,0,12
01/22/2002,JAC,WY,ANM,WE,Federal Contract Tower,5,15,9,0,29,6,20,16,0,42,11,35,25,0,71,0,0,0,71
01/23/2002,JAC,WY,ANM,WE,Federal Contract Tower,4,15,11,0,30,5,20,37,0,62,9,35,48,0,92,0,0,0,92
01/24/2002,JAC,WY,ANM,WE,Federal Contract Tower,4,19,11,0,34,3,15,19,0,37,7,34,30,0,71,0,0,0,71
01/25/2002,JAC,WY,ANM,WE,Federal Contract Tower,1,11,5,0,17,5,19,16,0,40,6,30,21,0,57,0,0,0,57
01/26/2002,JAC,WY,ANM,WE,Federal Contract Tower,3,3,2,0,8,4,23,16,0,43,7,26,18,0,51,2,0,2,53
01/27/2002,JAC,WY,ANM,WE,Federal Contract Tower,3,9,5,0,17,4,12,12,0,28,7,21,17,0,45,0,0,0,45
01/28/2002,JAC,WY,ANM,WE,Federal Contract Tower,3,12,6,0,21,4,18,12,0,34,7,30,18,0,55,0,0,0,55
01/29/2002,JAC,WY,ANM,WE,Federal Contract Tower,0,2,2,0,4,7,31,34,0,72,7,33,36,0,76,4,0,4,80
01/30/2002,JAC,WY,ANM,WE,Federal Contract Tower,3,17,10,0,30,4,19,46,0,69,7,36,56,0,99,34,0,34,133
01/31/2002,JAC,WY,ANM,WE,Federal Contract Tower,2,10,1,0,13,5,31,42,2,80,7,41,43,2,93,40,0,40,133
02/01/2002,JAC,WY,ANM,WE,Federal Contract Tower,1,11,8,0,20,6,18,27,2,53,7,29,35,2,73,6,0,6,79
02/02/2002,JAC,WY,ANM,WE,Federal Contract Tower,0,6,3,1,10,7,26,33,0,66,7,32,36,1,76,2,0,2,78
02/03/2002,JAC,WY,ANM,WE,Federal Contract Tower,2,4,1,0,7,8,35,64,1,108,10,39,65,1,115,4,0,4,119
02/04/2002,JAC,WY,ANM,WE,Federal Contract Tower,0,2,0,0,2,7,26,36,2,71,7,28,36,2,73,2,0,2,75
02/05/2002,JAC,WY,ANM,WE,Federal Contract Tower,1,0,1,1,3,6,30,40,5,81,7,30,41,6,84,5,2,7,91
02/06/2002,JAC,WY,ANM,WE,Federal Contract Tower,3,10,12,0,25,4,22,33,4,63,7,32,45,4,88,26,0,26,114
02/07/2002,JAC,WY,ANM,WE,Federal Contract Tower,1,13,4,0,18,6,24,45,0,75,7,37,49,0,93,2,0,2,95
02/08/2002,JAC,WY,ANM,WE,Federal Contract Tower,3,7,6,1,17,2,2,4,5,13,5,9,10,6,30,0,0,0,30
02/09/2002,JAC,WY,ANM,WE,Federal Contract Tower,6,8,6,0,20,6,30,34,0,70,12,38,40,0,90,1,0,1,91
02/10/2002,JAC,WY,ANM,WE,Federal Contract Tower,2,4,4,2,12,5,32,61,14,112,7,36,65,16,124,10,0,10,134
02/11/2002,JAC,WY,ANM,WE,Federal Contract Tower,0,2,0,0,2,7,34,17,2,60,7,36,17,2,62,0,0,0,62
02/12/2002,JAC,WY,ANM,WE,Federal Contract Tower,1,5,1,0,7,6,22,35,9,72,7,27,36,9,79,8,4,12,91
02/13/2002,JAC,WY,ANM,WE,Federal Contract Tower,1,4,1,0,6,6,25,47,2,80,7,29,48,2,86,26,0,26,112
02/14/2002,JAC,WY,ANM,WE,Federal Contract Tower,0,1,1,0,2,7,32,50,0,89,7,33,51,0,91,4,0,4,95
02/15/2002,JAC,WY,ANM,WE,Federal Contract Tower,0,0,1,0,1,7,34,63,0,104,7,34,64,0,105,0,0,0,105
02/16/2002,JAC,WY,ANM,WE,Federal Contract Tower,0,0,0,0,0,7,29,37,0,73,7,29,37,0,73,7,0,7,80
02/17/2002,JAC,WY,ANM,WE,Federal Contract Tower,0,1,0,0,1,7,32,38,0,77,7,33,38,0,78,8,0,8,86
02/18/2002,JAC,WY,ANM,WE,Federal Contract Tower,4,7,5,0,16,4,37,63,0,104,8,44,68,0,120,16,0,16,136
02/19/2002,JAC,WY,ANM,WE,Federal Contract Tower,3,25,11,1,40,5,24,38,0,67,8,49,49,1,107,0,0,0,107
02/20/2002,JAC,WY,ANM,WE,Federal Contract Tower,4,20,18,2,44,3,18,41,2,64,7,38,59,4,108,24,0,24,132
02/21/2002,JAC,WY,ANM,WE,Federal Contract Tower,4,10,10,2,26,3,29,46,1,79,7,39,56,3,105,20,0,20,125
02/22/2002,JAC,WY,ANM,WE,Federal Contract Tower,0,1,0,0,1,7,29,24,0,60,7,30,24,0,61,0,0,0,61
02/23/2002,JAC,WY,ANM,WE,Federal Contract Tower,4,20,20,0,44,3,19,28,0,50,7,39,48,0,94,12,0,12,106
02/24/2002,JAC,WY,ANM,WE,Federal Contract Tower,4,18,16,0,38,3,12,16,2,33,7,30,32,2,71,2,0,2,73
02/25/2002,JAC,WY,ANM,WE,Federal Contract Tower,2,0,1,2,5,5,33,28,1,67,7,33,29,3,72,8,0,8,80
02/26/2002,JAC,WY,ANM,WE,Federal Contract Tower,0,2,2,0,4,7,33,29,1,70,7,35,31,1,74,6,0,6,80
02/27/2002,JAC,WY,ANM,WE,Federal Contract Tower,2,8,2,1,13,8,31,60,3,102,10,39,62,4,115,18,0,18,133
02/28/2002,JAC,WY,ANM,WE,Federal Contract Tower,5,18,14,0,37,3,21,31,0,55,8,39,45,0,92,0,0,0,92
03/01/2002,JAC,WY,ANM,WE,Federal Contract Tower,1,5,0,0,6,6,28,50,0,84,7,33,50,0,90,10,0,10,100
03/02/2002,JAC,WY,ANM,WE,Federal Contract Tower,3,8,3,0,14,6,24,40,0,70,9,32,43,0,84,8,0,8,92
03/03/2002,JAC,WY,ANM,WE,Federal Contract Tower,0,3,0,0,3,9,28,49,0,86,9,31,49,0,89,21,0,21,110
03/04/2002,JAC,WY,ANM,WE,Federal Contract Tower,0,1,0,0,1,8,27,40,2,77,8,28,40,2,78,8,4,12,90
03/05/2002,JAC,WY,ANM,WE,Federal Contract Tower,3,0,0,0,3,4,32,35,0,71,7,32,35,0,74,4,0,4,78
03/06/2002,JAC,WY,ANM,WE,Federal Contract Tower,5,14,10,0,29,2,19,23,0,44,7,33,33,0,73,0,0,0,73
03/07/2002,JAC,WY,ANM,WE,Federal Contract Tower,6,14,19,0,39,3,26,16,0,45,9,40,35,0,84,0,0,0,84
03/08/2002,JAC,WY,ANM,WE,Federal Contract Tower,4,11,7,0,22,3,24,23,0,50,7,35,30,0,72,0,0,0,72
03/09/2002,JAC,WY,ANM,WE,Federal Contract Tower,2,9,6,0,17,3,27,18,2,50,5,36,24,2,67,6,0,6,73
03/10/2002,JAC,WY,ANM,WE,Federal Contract Tower,3,12,13,0,28,5,18,24,0,47,8,30,37,0,75,0,0,0,75
03/11/2002,JAC,WY,ANM,WE,Federal Contract Tower,4,15,10,0,29,4,17,20,0,41,8,32,30,0,70,0,0,0,70
03/12/2002,JAC,WY,ANM,WE,Federal Contract Tower,3,11,11,0,25,5,16,13,0,34,8,27,24,0,59,1,0,1,60
03/13/2002,JAC,WY,ANM,WE,Federal Contract Tower,4,17,10,0,31,3,17,25,0,45,7,34,35,0,76,16,0,16,92
03/14/2002,JAC,WY,ANM,WE,Federal Contract Tower,5,11,16,0,32,4,23,30,0,57,9,34,46,0,89,6,0,6,95
03/15/2002,JAC,WY,ANM,WE,Federal Contract Tower,3,12,10,0,25,5,30,62,0,97,8,42,72,0,122,26,0,26,148
03/16/2002,JAC,WY,ANM,WE,Federal Contract Tower,4,4,11,0,19,5,30,28,0,63,9,34,39,0,82,2,0,2,84
03/17/2002,JAC,WY,ANM,WE,Federal Contract Tower,3,16,12,0,31,5,27,23,0,55,8,43,35,0,86,0,0,0,86
03/18/2002,JAC,WY,ANM,WE,Federal Contract Tower,2,5,0,0,7,6,33,40,0,79,8,38,40,0,86,0,0,0,86
03/19/2002,JAC,WY,ANM,WE,Federal Contract Tower,3,11,5,0,19,4,16,15,0,35,7,27,20,0,54,8,0,8,62
03/20/2002,JAC,WY,ANM,WE,Federal Contract Tower,4,15,12,0,31,3,19,26,0,48,7,34,38,0,79,0,0,0,79
03/21/2002,JAC,WY,ANM,WE,Federal Contract Tower,3,11,9,0,23,4,35,76,0,115,7,46,85,0,138,38,0,38,176
03/22/2002,JAC,WY,ANM,WE,Federal Contract Tower,3,13,10,0,26,5,23,54,0,82,8,36,64,0,108,28,0,28,136
03/23/2002,JAC,WY,ANM,WE,Federal Contract Tower,4,12,10,0,26,4,24,52,0,80,8,36,62,0,106,29,0,29,135
03/24/2002,JAC,WY,ANM,WE,Federal Contract Tower,4,17,17,0,38,3,15,28,0,46,7,32,45,0,84,18,0,18,102
03/25/2002,JAC,WY,ANM,WE,Federal Contract Tower,4,10,6,0,20,4,18,16,0,38,8,28,22,0,58,14,0,14,72
03/26/2002,JAC,WY,ANM,WE,Federal Contract Tower,2,8,6,0,16,5,20,12,0,37,7,28,18,0,53,2,0,2,55
03/27/2002,JAC,WY,ANM,WE,Federal Contract Tower,4,17,10,1,32,3,19,33,0,55,7,36,43,1,87,8,0,8,95
03/28/2002,JAC,WY,ANM,WE,Federal Contract Tower,6,20,16,2,44,3,18,66,0,87,9,38,82,2,131,0,0,0,131
03/29/2002,JAC,WY,ANM,WE,Federal Contract Tower,4,14,12,1,31,5,30,78,0,113,9,44,90,1,144,11,0,11,155
03/30/2002,JAC,WY,ANM,WE,Federal Contract Tower,1,7,1,0,9,6,31,44,0,81,7,38,45,0,90,0,0,0,90
03/31/2002,JAC,WY,ANM,WE,Federal Contract Tower,0,0,1,0,1,8,27,53,0,88,8,27,54,0,89,2,0,2,91
04/01/2002,JAC,WY,ANM,WE,Federal Contract Tower,0,1,0,0,1,3,25,31,0,59,3,26,31,0,60,0,0,0,60
04/02/2002,JAC,WY,ANM,WE,Federal Contract Tower,1,4,2,0,7,3,24,17,0,44,4,28,19,0,51,12,0,12,63
04/03/2002,JAC,WY,ANM,WE,Federal Contract Tower,1,2,0,1,4,2,24,26,2,54,3,26,26,3,58,11,0,11,69
04/04/2002,JAC,WY,ANM,WE,Federal Contract Tower,2,4,6,0,12,0,32,40,2,74,2,36,46,2,86,40,0,40,126
04/05/2002,JAC,WY,ANM,WE,Federal Contract Tower,1,6,4,0,11,1,24,42,0,67,2,30,46,0,78,10,0,10,88
04/06/2002,JAC,WY,ANM,WE,Federal Contract Tower,1,4,3,0,8,1,22,31,0,54,2,26,34,0,62,14,0,14,76
04/07/2002,JAC,WY,ANM,WE,Federal Contract Tower,1,10,10,0,21,0,18,24,0,42,1,28,34,0,63,20,0,20,83
04/08/2002,JAC,WY,ANM,WE,Federal Contract Tower,0,1,0,0,1,0,27,19,0,46,0,28,19,0,47,0,0,0,47
04/09/2002,JAC,WY,ANM,WE,Federal Contract Tower,0,7,3,0,10,0,18,2,2,22,0,25,5,2,32,0,0,0,32
04/10/2002,JAC,WY,ANM,WE,Federal Contract Tower,0,15,7,0,22,0,17,13,0,30,0,32,20,0,52,16,0,16,68
04/11/2002,JAC,WY,ANM,WE,Federal Contract Tower,0,17,8,0,25,0,7,18,0,25,0,24,26,0,50,28,0,28,78
04/12/2002,JAC,WY,ANM,WE,Federal Contract Tower,0,16,10,0,26,0,12,23,0,35,0,28,33,0,61,10,0,10,71
04/13/2002,JAC,WY,ANM,WE,Federal Contract Tower,0,0,2,0,2,0,23,12,0,35,0,23,14,0,37,2,0,2,39
04/14/2002,JAC,WY,ANM,WE,Federal Contract Tower,0,10,3,0,13,0,16,15,0,31,0,26,18,0,44,2,0,2,46
04/15/2002,JAC,WY,ANM,WE,Federal Contract Tower,0,10,4,0,14,0,7,7,0,14,0,17,11,0,28,0,0,0,28
04/16/2002,JAC,WY,ANM,WE,Federal Contract Tower,0,10,3,0,13,0,15,5,0,20,0,25,8,0,33,0,0,0,33
04/17/2002,JAC,WY,ANM,WE,Federal Contract Tower,0,15,7,0,22,0,13,15,0,28,0,28,22,0,50,0,0,0,50
04/18/2002,JAC,WY,ANM,WE,Federal Contract Tower,0,11,7,0,18,0,15,12,0,27,0,26,19,0,45,0,0,0,45
04/19/2002,JAC,WY,ANM,WE,Federal Contract Tower,0,16,6,0,22,0,12,18,0,30,0,28,24,0,52,0,0,0,52
04/20/2002,JAC,WY,ANM,WE,Federal Contract Tower,0,12,8,0,20,0,12,7,0,19,0,24,15,0,39,0,0,0,39
04/21/2002,JAC,WY,ANM,WE,Federal Contract Tower,0,13,9,0,22,0,11,18,0,29,0,24,27,0,51,12,0,12,63
04/22/2002,JAC,WY,ANM,WE,Federal Contract Tower,0,27,15,0,42,0,3,10,0,13,0,30,25,0,55,0,0,0,55
04/23/2002,JAC,WY,ANM,WE,Federal Contract Tower,0,15,3,0,18,0,10,6,0,16,0,25,9,0,34,0,0,0,34
04/24/2002,JAC,WY,ANM,WE,Federal Contract Tower,0,20,9,0,29,0,10,40,0,50,0,30,49,0,79,28,0,28,107
04/25/2002,JAC,WY,ANM,WE,Federal Contract Tower,0,25,13,0,38,0,1,27,0,28,0,26,40,0,66,15,0,15,81
04/26/2002,JAC,WY,ANM,WE,Federal Contract Tower,0,25,10,0,35,0,5,19,0,24,0,30,29,0,59,20,0,20,79
04/27/2002,JAC,WY,ANM,WE,Federal Contract Tower,0,22,4,0,26,0,1,0,0,1,0,23,4,0,27,10,0,10,37
04/28/2002,JAC,WY,ANM,WE,Federal Contract Tower,0,19,13,0,32,0,5,7,0,12,0,24,20,0,44,0,0,0,44
04/29/2002,JAC,WY,ANM,WE,Federal Contract Tower,0,11,7,0,18,0,13,25,0,38,0,24,32,0,56,24,0,24,80
04/30/2002,JAC,WY,ANM,WE,Federal Contract Tower,0,20,5,0,25,0,8,2,0,10,0,28,7,0,35,0,0,0,35
05/01/2002,JAC,WY,ANM,WE,Federal Contract Tower,0,28,19,0,47,0,2,7,0,9,0,30,26,0,56,12,0,12,68
05/02/2002,JAC,WY,ANM,WE,Federal Contract Tower,0,28,17,0,45,0,2,11,0,13,0,30,28,0,58,14,0,14,72
05/03/2002,JAC,WY,ANM,WE,Federal Contract Tower,0,28,7,0,35,0,0,13,0,13,0,28,20,0,48,0,0,0,48
05/04/2002,JAC,WY,ANM,WE,Federal Contract Tower,0,28,6,0,34,0,0,25,0,25,0,28,31,0,59,8,0,8,67
05/05/2002,JAC,WY,ANM,WE,Federal Contract Tower,0,22,9,0,31,0,4,15,0,19,0,26,24,0,50,2,0,2,52
05/06/2002,JAC,WY,ANM,WE,Federal Contract Tower,0,31,8,0,39,0,2,7,0,9,0,33,15,0,48,0,0,0,48
05/07/2002,JAC,WY,ANM,WE,Federal Contract Tower,0,28,12,0,40,0,6,6,0,12,0,34,18,0,52,13,0,13,65
05/08/2002,JAC,WY,ANM,WE,Federal Contract Tower,0,30,16,0,46,0,2,18,0,20,0,32,34,0,66,0,0,0,66
05/09/2002,JAC,WY,ANM,WE,Federal Contract Tower,0,27,18,0,45,0,5,26,0,31,0,32,44,0,76,16,0,16,92
05/10/2002,JAC,WY,ANM,WE,Federal Contract Tower,0,25,18,2,45,0,7,14,0,21,0,32,32,2,66,0,0,0,66
05/11/2002,JAC,WY,ANM,WE,Federal Contract Tower,0,29,10,2,41,0,5,14,0,19,0,34,24,2,60,18,0,18,78
05/12/2002,JAC,WY,ANM,WE,Federal Contract Tower,0,12,5,0,17,0,15,37,0,52,0,27,42,0,69,21,0,21,90
05/13/2002,JAC,WY,ANM,WE,Federal Contract Tower,0,11,1,0,12,0,20,36,0,56,0,31,37,0,68,22,0,22,90
05/14/2002,JAC,WY,ANM,WE,Federal Contract Tower,0,16,5,0,21,0,9,22,0,31,0,25,27,0,52,0,0,0,52
05/15/2002,JAC,WY,ANM,WE,Federal Contract Tower,0,28,7,0,35,0,4,27,0,31,0,32,34,0,66,14,0,14,80
05/16/2002,JAC,WY,ANM,WE,Federal Contract Tower,0,24,11,0,35,0,20,39,0,59,0,44,50,0,94,8,0,8,102
05/17/2002,JAC,WY,ANM,WE,Federal Contract Tower,0,28,12,0,40,0,4,36,0,40,0,32,48,0,80,16,0,16,96
05/18/2002,JAC,WY,ANM,WE,Federal Contract Tower,0,22,8,0,30,0,6,38,0,44,0,28,46,0,74,24,0,24,98
05/19/2002,JAC,WY,ANM,WE,Federal Contract Tower,0,27,14,0,41,9,1,48,0,58,9,28,62,0,99,18,0,18,117
05/20/2002,JAC,WY,ANM,WE,Federal Contract Tower,0,15,2,0,17,0,16,21,1,38,0,31,23,1,55,24,0,24,79
05/21/2002,JAC,WY,ANM,WE,Federal Contract Tower,0,32,7,0,39,0,0,11,0,11,0,32,18,0,50,3,0,3,53
05/22/2002,JAC,WY,ANM,WE,Federal Contract Tower,0,24,4,0,28,0,0,0,0,0,0,24,4,0,28,0,0,0,28
05/23/2002,JAC,WY,ANM,WE,Federal Contract Tower,0,35,12,2,49,0,0,36,0,36,0,35,48,2,85,34,0,34,119
05/24/2002,JAC,WY,ANM,WE,Federal Contract Tower,0,29,39,3,71,0,17,43,5,65,0,46,82,8,136,6,0,6,142
05/25/2002,JAC,WY,ANM,WE,Federal Contract Tower,0,30,13,0,43,0,1,30,4,35,0,31,43,4,78,10,0,10,88
05/26/2002,JAC,WY,ANM,WE,Federal Contract Tower,0,27,15,0,42,0,0,11,3,14,0,27,26,3,56,26,0,26,82
05/27/2002,JAC,WY,ANM,WE,Federal Contract Tower,0,29,28,1,58,0,7,58,1,66,0,36,86,2,124,25,0,25,149
05/28/2002,JAC,WY,ANM,WE,Federal Contract Tower,0,29,18,4,51,0,7,32,4,43,0,36,50,8,94,0,0,0,94
05/29/2002,JAC,WY,ANM,WE,Federal Contract Tower,0,27,6,0,33,0,12,35,0,47,0,39,41,0,80,19,0,19,99
05/30/2002,JAC,WY,ANM,WE,Federal Contract Tower,0,14,6,0,20,0,23,70,0,93,0,37,76,0,113,10,0,10,123
05/31/2002,JAC,WY,ANM,WE,Federal Contract Tower,0,15,16,1,32,0,26,44,0,70,0,41,60,1,102,24,0,24,126
06/01/2002,JAC,WY,ANM,WE,Federal Contract Tower,0,35,21,2,58,0,6,27,0,33,0,41,48,2,91,4,0,4,95
06/02/2002,JAC,WY,ANM,WE,Federal Contract Tower,0,34,15,0,49,0,4,2,0,6,0,38,17,0,55,2,0,2,57
06/03/2002,JAC,WY,ANM,WE,Federal Contract Tower,0,37,18,2,57,0,3,32,0,35,0,40,50,2,92,41,0,41,133
06/04/2002,JAC,WY,ANM,WE,Federal Contract Tower,0,29,10,1,40,0,2,32,1,35,0,31,42,2,75,6,0,6,81
06/05/2002,JAC,WY,ANM,WE,Federal Contract Tower,0,34,12,0,46,0,10,29,0,39,0,44,41,0,85,18,0,18,103
06/06/2002,JAC,WY,ANM,WE,Federal Contract Tower,0,33,28,0,61,0,11,54,0,65,0,44,82,0,126,20,0,20,146
06/07/2002,JAC,WY,ANM,WE,Federal Contract Tower,1,13,7,0,21,1,25,53,0,79,2,38,60,0,100,22,0,22,122
06/08/2002,JAC,WY,ANM,WE,Federal Contract Tower,4,33,26,0,63,1,7,41,0,49,5,40,67,0,112,12,0,12,124
06/09/2002,JAC,WY,ANM,WE,Federal Contract Tower,5,39,21,0,65,0,1,11,0,12,5,40,32,0,77,1,0,1,78
06/10/2002,JAC,WY,ANM,WE,Federal Contract Tower,3,36,16,0,55,0,3,29,0,32,3,39,45,0,87,47,0,47,134
06/11/2002,JAC,WY,ANM,WE,Federal Contract Tower,4,33,15,0,52,0,0,41,0,41,4,33,56,0,93,29,0,29,122
06/12/2002,JAC,WY,ANM,WE,Federal Contract Tower,2,19,12,0,33,1,25,62,0,88,3,44,74,0,121,18,0,18,139
06/13/2002,JAC,WY,ANM,WE,Federal Contract Tower,4,41,7,0,52,0,3,53,0,56,4,44,60,0,108,2,0,2,110
06/14/2002,JAC,WY,ANM,WE,Federal Contract Tower,3,40,19,0,62,0,4,61,0,65,3,44,80,0,127,18,0,18,145
06/15/2002,JAC,WY,ANM,WE,Federal Contract Tower,5,12,7,0,24,5,27,58,0,90,10,39,65,0,114,3,0,3,117
06/16/2002,JAC,WY,ANM,WE,Federal Contract Tower,6,28,9,0,43,2,27,56,0,85,8,55,65,0,128,22,0,22,150
06/17/2002,JAC,WY,ANM,WE,Federal Contract Tower,3,17,12,0,32,2,30,40,0,72,5,47,52,0,104,8,0,8,112
06/18/2002,JAC,WY,ANM,WE,Federal Contract Tower,5,33,21,0,59,0,12,22,0,34,5,45,43,0,93,4,0,4,97
06/19/2002,JAC,WY,ANM,WE,Federal Contract Tower,5,39,22,0,66,0,9,93,0,102,5,48,115,0,168,8,0,8,176
06/20/2002,JAC,WY,ANM,WE,Federal Contract Tower,3,17,7,0,27,2,27,87,1,117,5,44,94,1,144,28,0,28,172
06/21/2002,JAC,WY,ANM,WE,Federal Contract Tower,5,47,30,0,82,2,7,61,1,71,7,54,91,1,153,11,0,11,164
06/22/2002,JAC,WY,ANM,WE,Federal Contract Tower,10,35,16,0,61,0,3,34,0,37,10,38,50,0,98,0,0,0,98
06/23/2002,JAC,WY,ANM,WE,Federal Contract Tower,10,48,27,0,85,0,6,91,2,99,10,54,118,2,184,0,0,0,184
06/24/2002,JAC,WY,ANM,WE,Federal Contract Tower,5,41,24,0,70,0,9,61,0,70,5,50,85,0,140,18,0,18,158
06/25/2002,JAC,WY,ANM,WE,Federal Contract Tower,5,34,19,0,58,0,14,53,2,69,5,48,72,2,127,16,0,16,143
06/26/2002,JAC,WY,ANM,WE,Federal Contract Tower,5,37,32,0,74,0,5,49,0,54,5,42,81,0,128,28,0,28,156
06/27/2002,JAC,WY,ANM,WE,Federal Contract Tower,2,20,11,0,33,3,26,110,0,139,5,46,121,0,172,28,0,28,200
06/28/2002,JAC,WY,ANM,WE,Federal Contract Tower,5,42,33,0,80,0,0,57,0,57,5,42,90,0,137,10,0,10,147
06/29/2002,JAC,WY,ANM,WE,Federal Contract Tower,10,46,21,0,77,0,2,33,2,37,10,48,54,2,114,11,0,11,125
06/30/2002,JAC,WY,ANM,WE,Federal Contract Tower,8,43,39,0,90,0,4,43,0,47,8,47,82,0,137,4,0,4,141
07/01/2002,JAC,WY,ANM,WE,Federal Contract Tower,6,41,21,2,70,0,5,37,0,42,6,46,58,2,112,10,0,10,122
07/02/2002,JAC,WY,ANM,WE,Federal Contract Tower,7,48,37,2,94,0,4,60,0,64,7,52,97,2,158,0,0,0,158
07/03/2002,JAC,WY,ANM,WE,Federal Contract Tower,7,53,25,0,85,0,8,45,0,53,7,61,70,0,138,45,0,45,183
07/04/2002,JAC,WY,ANM,WE,Federal Contract Tower,5,33,15,0,53,0,4,55,6,65,5,37,70,6,118,19,0,19,137
07/05/2002,JAC,WY,ANM,WE,Federal Contract Tower,5,17,14,0,36,2,24,109,4,139,7,41,123,4,175,14,0,14,189
07/06/2002,JAC,WY,ANM,WE,Federal Contract Tower,12,46,14,1,73,0,3,63,4,70,12,49,77,5,143,0,5,5,148
07/07/2002,JAC,WY,ANM,WE,Federal Contract Tower,12,63,48,4,127,0,3,65,1,69,12,66,113,5,196,0,0,0,196
07/08/2002,JAC,WY,ANM,WE,Federal Contract Tower,8,42,23,0,73,0,1,30,0,31,8,43,53,0,104,8,0,8,112
07/09/2002,JAC,WY,ANM,WE,Federal Contract Tower,9,43,31,0,83,0,7,63,0,70,9,50,94,0,153,7,0,7,160
07/10/2002,JAC,WY,ANM,WE,Federal Contract Tower,7,13,14,0,34,3,36,60,0,99,10,49,74,0,133,0,0,0,133
07/11/2002,JAC,WY,ANM,WE,Federal Contract Tower,9,47,25,0,81,0,5,56,0,61,9,52,81,0,142,0,0,0,142
07/12/2002,JAC,WY,ANM,WE,Federal Contract Tower,5,22,16,0,43,4,28,114,3,149,9,50,130,3,192,8,0,8,200
07/13/2002,JAC,WY,ANM,WE,Federal Contract Tower,7,25,16,0,48,7,30,70,4,111,14,55,86,4,159,3,0,3,162
07/14/2002,JAC,WY,ANM,WE,Federal Contract Tower,8,18,16,0,42,7,19,55,0,81,15,37,71,0,123,18,0,18,141
07/15/2002,JAC,WY,ANM,WE,Federal Contract Tower,6,18,12,0,36,5,19,69,0,93,11,37,81,0,129,6,0,6,135
07/16/2002,JAC,WY,ANM,WE,Federal Contract Tower,6,20,10,0,36,3,23,72,2,100,9,43,82,2,136,24,0,24,160
07/17/2002,JAC,WY,ANM,WE,Federal Contract Tower,6,20,15,0,41,6,30,97,2,135,12,50,112,2,176,26,0,26,202
07/18/2002,JAC,WY,ANM,WE,Federal Contract Tower,9,47,28,0,84,0,4,68,0,72,9,51,96,0,156,2,0,2,158
07/19/2002,JAC,WY,ANM,WE,Federal Contract Tower,9,39,36,0,84,0,2,26,0,28,9,41,62,0,112,10,0,10,122
07/20/2002,JAC,WY,ANM,WE,Federal Contract Tower,7,23,15,0,45,7,21,57,0,85,14,44,72,0,130,22,0,22,152
07/21/2002,JAC,WY,ANM,WE,Federal Contract Tower,6,22,21,0,49,6,26,102,2,136,12,48,123,2,185,16,0,16,201
07/22/2002,JAC,WY,ANM,WE,Federal Contract Tower,10,38,24,0,72,0,14,62,2,78,10,52,86,2,150,0,0,0,150
07/23/2002,JAC,WY,ANM,WE,Federal Contract Tower,10,36,37,0,83,2,16,50,0,68,12,52,87,0,151,15,0,15,166
07/24/2002,JAC,WY,ANM,WE,Federal Contract Tower,8,33,36,2,79,0,13,70,0,83,8,46,106,2,162,0,0,0,162
07/25/2002,JAC,WY,ANM,WE,Federal Contract Tower,6,28,12,0,46,3,20,46,0,69,9,48,58,0,115,13,0,13,128
07/26/2002,JAC,WY,ANM,WE,Federal Contract Tower,9,36,33,0,78,0,9,34,0,43,9,45,67,0,121,12,0,12,133
07/27/2002,JAC,WY,ANM,WE,Federal Contract Tower,16,39,18,0,73,0,3,36,2,41,16,42,54,2,114,14,0,14,128
07/28/2002,JAC,WY,ANM,WE,Federal Contract Tower,12,44,31,0,87,0,3,39,0,42,12,47,70,0,129,16,0,16,145
07/29/2002,JAC,WY,ANM,WE,Federal Contract Tower,9,36,30,4,79,0,4,43,2,49,9,40,73,6,128,0,0,0,128
07/30/2002,JAC,WY,ANM,WE,Federal Contract Tower,9,30,21,3,63,0,12,53,0,65,9,42,74,3,128,0,0,0,128
07/31/2002,JAC,WY,ANM,WE,Federal Contract Tower,9,44,26,2,81,0,16,60,0,76,9,60,86,2,157,4,0,4,161
08/01/2002,JAC,WY,ANM,WE,Federal Contract Tower,9,37,33,0,79,3,15,66,0,84,12,52,99,0,163,20,0,20,183
08/02/2002,JAC,WY,ANM,WE,Federal Contract Tower,6,17,20,0,43,2,23,42,1,68,8,40,62,1,111,0,0,0,111
08/03/2002,JAC,WY,ANM,WE,Federal Contract Tower,8,15,12,1,36,6,23,45,1,75,14,38,57,2,111,6,0,6,117
08/04/2002,JAC,WY,ANM,WE,Federal Contract Tower,12,38,43,1,94,0,18,86,5,109,12,56,129,6,203,39,0,39,242
08/05/2002,JAC,WY,ANM,WE,Federal Contract Tower,8,35,29,0,72,0,2,42,2,46,8,37,71,2,118,2,0,2,120
08/06/2002,JAC,WY,ANM,WE,Federal Contract Tower,9,34,23,0,66,0,8,43,0,51,9,42,66,0,117,30,0,30,147
08/07/2002,JAC,WY,ANM,WE,Federal Contract Tower,6,17,13,0,36,3,25,59,2,89,9,42,72,2,125,4,0,4,129
08/08/2002,JAC,WY,ANM,WE,Federal Contract Tower,9,47,24,1,81,0,8,45,2,55,9,55,69,3,136,2,0,2,138
08/09/2002,JAC,WY,ANM,WE,Federal Contract Tower,10,39,43,0,92,0,13,71,2,86,10,52,114,2,178,20,0,20,198
08/10/2002,JAC,WY,ANM,WE,Federal Contract Tower,8,23,11,2,44,5,26,85,0,116,13,49,96,2,160,22,0,22,182
08/11/2002,JAC,WY,ANM,WE,Federal Contract Tower,10,23,24,0,57,3,25,42,1,71,13,48,66,1,128,0,0,0,128
08/12/2002,JAC,WY,ANM,WE,Federal Contract Tower,6,20,13,1,40,3,27,55,0,85,9,47,68,1,125,8,0,8,133
08/13/2002,JAC,WY,ANM,WE,Federal Contract Tower,9,48,32,1,90,0,12,77,0,89,9,60,109,1,179,28,0,28,207
08/14/2002,JAC,WY,ANM,WE,Federal Contract Tower,9,53,38,0,100,0,5,92,0,97,9,58,130,0,197,22,0,22,219
08/15/2002,JAC,WY,ANM,WE,Federal Contract Tower,9,43,30,1,83,0,10,36,0,46,9,53,66,1,129,16,0,16,145
08/16/2002,JAC,WY,ANM,WE,Federal Contract Tower,9,49,30,1,89,0,18,43,3,64,9,67,73,4,153,8,0,8,161
08/17/2002,JAC,WY,ANM,WE,Federal Contract Tower,16,47,36,2,101,0,11,64,0,75,16,58,100,2,176,22,0,22,198
08/18/2002,JAC,WY,ANM,WE,Federal Contract Tower,12,56,48,0,116,0,6,72,0,78,12,62,120,0,194,16,0,16,210
08/19/2002,JAC,WY,ANM,WE,Federal Contract Tower,9,45,37,1,92,0,13,57,1,71,9,58,94,2,163,28,0,28,191
08/20/2002,JAC,WY,ANM,WE,Federal Contract Tower,9,42,32,1,84,0,16,58,0,74,9,58,90,1,158,22,0,22,180
08/21/2002,JAC,WY,ANM,WE,Federal Contract Tower,9,45,31,1,86,0,10,36,0,46,9,55,67,1,132,14,0,14,146
08/22/2002,JAC,WY,ANM,WE,Federal Contract Tower,9,48,29,1,87,0,12,85,3,100,9,60,114,4,187,28,0,28,215
08/23/2002,JAC,WY,ANM,WE,Federal Contract Tower,9,34,22,0,65,0,5,20,3,28,9,39,42,3,93,16,0,16,109
08/24/2002,JAC,WY,ANM,WE,Federal Contract Tower,14,40,18,1,73,0,3,44,0,47,14,43,62,1,120,7,0,7,127
08/25/2002,JAC,WY,ANM,WE,Federal Contract Tower,12,44,25,0,81,0,8,60,1,69,12,52,85,1,150,3,0,3,153
08/26/2002,JAC,WY,ANM,WE,Federal Contract Tower,9,43,21,1,74,0,8,41,2,51,9,51,62,3,125,15,0,15,140
08/27/2002,JAC,WY,ANM,WE,Federal Contract Tower,9,31,19,0,59,0,9,34,0,43,9,40,53,0,102,0,0,0,102
08/28/2002,JAC,WY,ANM,WE,Federal Contract Tower,9,44,16,0,69,0,5,50,0,55,9,49,66,0,124,16,6,22,146
08/29/2002,JAC,WY,ANM,WE,Federal Contract Tower,9,49,24,2,84,0,6,37,0,43,9,55,61,2,127,0,0,0,127
08/30/2002,JAC,WY,ANM,WE,Federal Contract Tower,8,41,23,0,72,0,1,37,2,40,8,42,60,2,112,0,0,0,112
08/31/2002,JAC,WY,ANM,WE,Federal Contract Tower,14,42,27,0,83,0,6,66,1,73,14,48,93,1,156,13,0,13,169
09/01/2002,JAC,WY,ANM,WE,Federal Contract Tower,12,34,18,0,64,0,7,50,1,58,12,41,68,1,122,0,0,0,122
09/02/2002,JAC,WY,ANM,WE,Federal Contract Tower,9,50,31,3,93,0,3,48,2,53,9,53,79,5,146,10,0,10,156
09/03/2002,JAC,WY,ANM,WE,Federal Contract Tower,9,45,10,0,64,0,6,48,0,54,9,51,58,0,118,11,0,11,129
09/04/2002,JAC,WY,ANM,WE,Federal Contract Tower,8,28,34,0,70,0,6,30,0,36,8,34,64,0,106,0,0,0,106
09/05/2002,JAC,WY,ANM,WE,Federal Contract Tower,7,33,22,0,62,0,2,43,0,45,7,35,65,0,107,16,0,16,123
09/06/2002,JAC,WY,ANM,WE,Federal Contract Tower,7,37,29,0,73,0,5,9,0,14,7,42,38,0,87,0,0,0,87
09/07/2002,JAC,WY,ANM,WE,Federal Contract Tower,10,46,12,0,68,0,0,36,0,36,10,46,48,0,104,0,0,0,104
09/08/2002,JAC,WY,ANM,WE,Federal Contract Tower,6,35,28,0,69,1,5,14,3,23,7,40,42,3,92,0,0,0,92
09/09/2002,JAC,WY,ANM,WE,Federal Contract Tower,6,35,16,0,57,0,6,46,0,52,6,41,62,0,109,0,0,0,109
09/10/2002,JAC,WY,ANM,WE,Federal Contract Tower,7,34,22,0,63,0,0,32,0,32,7,34,54,0,95,0,0,0,95
09/11/2002,JAC,WY,ANM,WE,Federal Contract Tower,8,34,21,1,64,0,4,1,0,5,8,38,22,1,69,0,0,0,69
09/12/2002,JAC,WY,ANM,WE,Federal Contract Tower,7,31,44,0,82,0,7,35,0,42,7,38,79,0,124,13,0,13,137
09/13/2002,JAC,WY,ANM,WE,Federal Contract Tower,7,40,33,0,80,0,4,51,0,55,7,44,84,0,135,0,0,0,135
09/14/2002,JAC,WY,ANM,WE,Federal Contract Tower,10,32,21,0,63,0,14,60,0,74,10,46,81,0,137,8,0,8,145
09/15/2002,JAC,WY,ANM,WE,Federal Contract Tower,8,44,22,0,74,0,4,56,0,60,8,48,78,0,134,10,0,10,144
09/16/2002,JAC,WY,ANM,WE,Federal Contract Tower,9,36,12,0,57,0,10,49,0,59,9,46,61,0,116,16,0,16,132
09/17/2002,JAC,WY,ANM,WE,Federal Contract Tower,8,38,33,0,79,0,0,10,0,10,8,38,43,0,89,14,0,14,103
09/18/2002,JAC,WY,ANM,WE,Federal Contract Tower,7,38,17,0,62,0,2,14,0,16,7,40,31,0,78,0,0,0,78
09/19/2002,JAC,WY,ANM,WE,Federal Contract Tower,6,36,28,2,72,1,7,56,0,64,7,43,84,2,136,0,22,22,158
09/20/2002,JAC,WY,ANM,WE,Federal Contract Tower,7,45,28,1,81,0,10,40,4,54,7,55,68,5,135,2,0,2,137
09/21/2002,JAC,WY,ANM,WE,Federal Contract Tower,9,37,21,0,67,0,8,35,0,43,9,45,56,0,110,7,0,7,117
09/22/2002,JAC,WY,ANM,WE,Federal Contract Tower,7,35,40,0,82,0,7,52,3,62,7,42,92,3,144,23,0,23,167
09/23/2002,JAC,WY,ANM,WE,Federal Contract Tower,7,40,13,3,63,0,5,39,0,44,7,45,52,3,107,20,0,20,127
09/24/2002,JAC,WY,ANM,WE,Federal Contract Tower,7,39,23,0,69,0,5,30,0,35,7,44,53,0,104,0,0,0,104
09/25/2002,JAC,WY,ANM,WE,Federal Contract Tower,8,35,33,2,78,0,2,43,0,45,8,37,76,2,123,10,0,10,133
09/26/2002,JAC,WY,ANM,WE,Federal Contract Tower,7,39,29,1,76,0,0,0,0,0,7,39,29,1,76,16,0,16,92
09/27/2002,JAC,WY,ANM,WE,Federal Contract Tower,8,34,37,2,81,0,7,39,0,46,8,41,76,2,127,22,0,22,149
09/28/2002,JAC,WY,ANM,WE,Federal Contract Tower,9,32,18,0,59,0,4,17,1,22,9,36,35,1,81,8,0,8,89
09/29/2002,JAC,WY,ANM,WE,Federal Contract Tower,7,37,28,0,72,0,2,25,0,27,7,39,53,0,99,20,0,20,119
09/30/2002,JAC,WY,ANM,WE,Federal Contract Tower,7,33,23,5,68,0,6,10,0,16,7,39,33,5,84,6,0,6,90
10/01/2002,JAC,WY,ANM,WE,Federal Contract Tower,2,8,4,0,14,0,0,1,0,1,2,8,5,0,15,0,0,0,15
10/02/2002,JAC,WY,ANM,WE,Federal Contract Tower,4,24,23,0,51,0,5,11,0,16,4,29,34,0,67,0,0,0,67
10/03/2002,JAC,WY,ANM,WE,Federal Contract Tower,3,32,17,0,52,0,9,4,0,13,3,41,21,0,65,8,0,8,73
10/04/2002,JAC,WY,ANM,WE,Federal Contract Tower,1,29,33,0,63,0,12,10,0,22,1,41,43,0,85,6,0,6,91
10/05/2002,JAC,WY,ANM,WE,Federal Contract Tower,0,32,20,0,52,0,3,10,0,13,0,35,30,0,65,0,0,0,65
10/06/2002,JAC,WY,ANM,WE,Federal Contract Tower,0,26,19,0,45,0,6,22,0,28,0,32,41,0,73,15,18,33,106
10/07/2002,JAC,WY,ANM,WE,Federal Contract Tower,0,28,10,0,38,0,4,34,0,38,0,32,44,0,76,8,0,8,84
10/08/2002,JAC,WY,ANM,WE,Federal Contract Tower,0,25,11,0,36,0,3,24,0,27,0,28,35,0,63,0,0,0,63
10/09/2002,JAC,WY,ANM,WE,Federal Contract Tower,0,28,24,2,54,0,8,50,0,58,0,36,74,2,112,12,0,12,124
10/10/2002,JAC,WY,ANM,WE,Federal Contract Tower,0,31,20,0,51,0,12,25,0,37,0,43,45,0,88,0,0,0,88
10/11/2002,JAC,WY,ANM,WE,Federal Contract Tower,0,41,24,2,67,0,2,16,0,18,0,43,40,2,85,0,0,0,85
10/12/2002,JAC,WY,ANM,WE,Federal Contract Tower,0,34,11,0,45,0,2,38,0,40,0,36,49,0,85,38,0,38,123
10/13/2002,JAC,WY,ANM,WE,Federal Contract Tower,0,34,11,0,45,0,2,51,0,53,0,36,62,0,98,42,0,42,140
10/14/2002,JAC,WY,ANM,WE,Federal Contract Tower,0,35,16,2,53,0,0,40,0,40,0,35,56,2,93,8,0,8,101
10/15/2002,JAC,WY,ANM,WE,Federal Contract Tower,0,29,16,0,45,0,15,39,0,54,0,44,55,0,99,17,0,17,116
10/16/2002,JAC,WY,ANM,WE,Federal Contract Tower,0,30,31,0,61,0,5,40,2,47,0,35,71,2,108,22,0,22,130
10/17/2002,JAC,WY,ANM,WE,Federal Contract Tower,0,25,10,0,35,0,7,41,0,48,0,32,51,0,83,13,0,13,96
10/18/2002,JAC,WY,ANM,WE,Federal Contract Tower,0,28,20,0,48,0,5,26,0,31,0,33,46,0,79,6,0,6,85
10/19/2002,JAC,WY,ANM,WE,Federal Contract Tower,0,31,6,0,37,0,3,35,0,38,0,34,41,0,75,10,0,10,85
10/20/2002,JAC,WY,ANM,WE,Federal Contract Tower,0,31,10,0,41,0,1,27,0,28,0,32,37,0,69,40,0,40,109
10/21/2002,JAC,WY,ANM,WE,Federal Contract Tower,0,31,20,0,51,0,3,20,0,23,0,34,40,0,74,0,0,0,74
10/22/2002,JAC,WY,ANM,WE,Federal Contract Tower,0,33,13,0,46,0,0,0,0,0,0,33,13,0,46,0,0,0,46
10/23/2002,JAC,WY,ANM,WE,Federal Contract Tower,0,33,21,0,54,0,0,0,0,0,0,33,21,0,54,0,0,0,54
10/24/2002,JAC,WY,ANM,WE,Federal Contract Tower,0,34,36,0,70,0,8,16,0,24,0,42,52,0,94,0,0,0,94
10/25/2002,JAC,WY,ANM,WE,Federal Contract Tower,0,30,16,0,46,0,3,18,0,21,0,33,34,0,67,5,0,5,72
10/26/2002,JAC,WY,ANM,WE,Federal Contract Tower,0,27,6,0,33,0,3,38,0,41,0,30,44,0,74,0,0,0,74
10/27/2002,JAC,WY,ANM,WE,Federal Contract Tower,0,28,11,0,39,0,0,34,0,34,0,28,45,0,73,38,0,38,111
10/28/2002,JAC,WY,ANM,WE,Federal Contract Tower,0,25,14,0,39,0,0,0,0,0,0,25,14,0,39,0,0,0,39
10/29/2002,JAC,WY,ANM,WE,Federal Contract Tower,0,26,5,0,31,0,0,0,0,0,0,26,5,0,31,0,0,0,31
10/30/2002,JAC,WY,ANM,WE,Federal Contract Tower,0,25,19,0,44,0,0,0,0,0,0,25,19,0,44,0,0,0,44
10/31/2002,JAC,WY,ANM,WE,Federal Contract Tower,0,30,19,0,49,0,1,11,0,12,0,31,30,0,61,0,0,0,61
11/01/2002,JAC,WY,ANM,WE,Federal Contract Tower,0,37,14,2,53,0,3,31,1,35,0,40,45,3,88,7,0,7,95
11/02/2002,JAC,WY,ANM,WE,Federal Contract Tower,0,24,12,1,37,0,3,4,0,7,0,27,16,1,44,0,0,0,44
11/03/2002,JAC,WY,ANM,WE,Federal Contract Tower,0,26,10,3,39,0,4,17,0,21,0,30,27,3,60,7,0,7,67
11/04/2002,JAC,WY,ANM,WE,Federal Contract Tower,0,28,8,0,36,0,2,17,0,19,0,30,25,0,55,24,0,24,79
11/05/2002,JAC,WY,ANM,WE,Federal Contract Tower,0,25,11,0,36,0,3,10,0,13,0,28,21,0,49,0,0,0,49
11/06/2002,JAC,WY,ANM,WE,Federal Contract Tower,0,25,20,0,45,0,11,34,0,45,0,36,54,0,90,16,0,16,106
11/07/2002,JAC,WY,ANM,WE,Federal Contract Tower,0,27,15,0,42,0,5,15,0,20,0,32,30,0,62,18,0,18,80
11/08/2002,JAC,WY,ANM,WE,Federal Contract Tower,0,23,6,0,29,0,0,2,0,2,0,23,8,0,31,0,0,0,31
11/09/2002,JAC,WY,ANM,WE,Federal Contract Tower,0,24,10,0,34,0,4,14,0,18,0,28,24,0,52,0,0,0,52
11/10/2002,JAC,WY,ANM,WE,Federal Contract Tower,0,22,5,0,27,0,0,7,0,7,0,22,12,0,34,0,0,0,34
11/11/2002,JAC,WY,ANM,WE,Federal Contract Tower,0,24,13,0,37,0,4,10,0,14,0,28,23,0,51,16,0,16,67
11/12/2002,JAC,WY,ANM,WE,Federal Contract Tower,0,25,16,0,41,0,0,8,0,8,0,25,24,0,49,26,0,26,75
11/13/2002,JAC,WY,ANM,WE,Federal Contract Tower,0,29,20,0,49,0,0,14,0,14,0,29,34,0,63,17,0,17,80
11/14/2002,JAC,WY,ANM,WE,Federal Contract Tower,0,27,10,0,37,0,3,1,0,4,0,30,11,0,41,4,0,4,45
11/15/2002,JAC,WY,ANM,WE,Federal Contract Tower,0,31,22,0,53,0,0,21,0,21,0,31,43,0,74,10,0,10,84
11/16/2002,JAC,WY,ANM,WE,Federal Contract Tower,0,23,0,0,23,0,4,21,0,25,0,27,21,0,48,20,0,20,68
11/17/2002,JAC,WY,ANM,WE,Federal Contract Tower,0,23,10,0,33,0,0,2,0,2,0,23,12,0,35,0,0,0,35
11/18/2002,JAC,WY,ANM,WE,Federal Contract Tower,0,30,12,0,42,0,0,21,0,21,0,30,33,0,63,12,0,12,75
11/19/2002,JAC,WY,ANM,WE,Federal Contract Tower,0,26,19,0,45,0,1,9,0,10,0,27,28,0,55,0,0,0,55
11/20/2002,JAC,WY,ANM,WE,Federal Contract Tower,0,27,18,0,45,0,3,19,0,22,0,30,37,0,67,13,0,13,80
11/21/2002,JAC,WY,ANM,WE,Federal Contract Tower,0,32,2,0,34,0,4,40,0,44,0,36,42,0,78,12,0,12,90
11/22/2002,JAC,WY,ANM,WE,Federal Contract Tower,0,29,5,0,34,0,4,2,0,6,0,33,7,0,40,0,0,0,40
11/23/2002,JAC,WY,ANM,WE,Federal Contract Tower,0,20,3,0,23,0,2,2,0,4,0,22,5,0,27,0,0,0,27
11/24/2002,JAC,WY,ANM,WE,Federal Contract Tower,0,22,7,0,29,0,0,0,0,0,0,22,7,0,29,0,0,0,29
11/25/2002,JAC,WY,ANM,WE,Federal Contract Tower,0,27,16,2,45,0,3,7,0,10,0,30,23,2,55,4,0,4,59
11/26/2002,JAC,WY,ANM,WE,Federal Contract Tower,0,29,11,3,43,0,6,16,5,27,0,35,27,8,70,0,6,6,76
11/27/2002,JAC,WY,ANM,WE,Federal Contract Tower,0,29,8,0,37,0,4,8,0,12,0,33,16,0,49,0,0,0,49
11/28/2002,JAC,WY,ANM,WE,Federal Contract Tower,0,16,2,1,19,0,1,3,0,4,0,17,5,1,23,0,0,0,23
11/29/2002,JAC,WY,ANM,WE,Federal Contract Tower,0,25,6,0,31,0,0,3,1,4,0,25,9,1,35,0,0,0,35
11/30/2002,JAC,WY,ANM,WE,Federal Contract Tower,0,17,8,0,25,0,0,0,0,0,0,17,8,0,25,0,0,0,25
12/01/2002,JAC,WY,ANM,WE,Federal Contract Tower,3,13,20,0,36,0,1,4,0,5,3,14,24,0,41,0,0,0,41
12/02/2002,JAC,WY,ANM,WE,Federal Contract Tower,4,30,14,3,51,0,6,4,0,10,4,36,18,3,61,0,0,0,61
12/03/2002,JAC,WY,ANM,WE,Federal Contract Tower,4,22,5,0,31,0,1,3,0,4,4,23,8,0,35,0,0,0,35
12/04/2002,JAC,WY,ANM,WE,Federal Contract Tower,4,19,8,0,31,0,1,12,1,14,4,20,20,1,45,0,0,0,45
12/05/2002,JAC,WY,ANM,WE,Federal Contract Tower,4,20,18,0,42,0,2,10,0,12,4,22,28,0,54,4,0,4,58
12/06/2002,JAC,WY,ANM,WE,Federal Contract Tower,4,24,7,0,35,0,0,13,0,13,4,24,20,0,48,22,0,22,70
12/07/2002,JAC,WY,ANM,WE,Federal Contract Tower,4,18,6,0,28,0,2,14,0,16,4,20,20,0,44,16,0,16,60
12/08/2002,JAC,WY,ANM,WE,Federal Contract Tower,4,22,4,0,30,0,0,28,0,28,4,22,32,0,58,18,0,18,76
12/09/2002,JAC,WY,ANM,WE,Federal Contract Tower,4,14,15,0,33,0,8,21,0,29,4,22,36,0,62,12,0,12,74
12/10/2002,JAC,WY,ANM,WE,Federal Contract Tower,4,15,7,0,26,0,5,15,0,20,4,20,22,0,46,0,0,0,46
12/11/2002,JAC,WY,ANM,WE,Federal Contract Tower,4,26,17,0,47,0,0,4,0,4,4,26,21,0,51,0,0,0,51
12/12/2002,JAC,WY,ANM,WE,Federal Contract Tower,4,24,12,0,40,0,0,6,0,6,4,24,18,0,46,0,0,0,46
12/13/2002,JAC,WY,ANM,WE,Federal Contract Tower,6,22,7,2,37,0,0,10,0,10,6,22,17,2,47,0,0,0,47
12/14/2002,JAC,WY,ANM,WE,Federal Contract Tower,9,22,13,1,45,0,4,6,0,10,9,26,19,1,55,0,0,0,55
12/15/2002,JAC,WY,ANM,WE,Federal Contract Tower,11,19,9,0,39,0,1,0,0,1,11,20,9,0,40,0,0,0,40
12/16/2002,JAC,WY,ANM,WE,Federal Contract Tower,8,32,20,0,60,0,3,5,0,8,8,35,25,0,68,0,0,0,68
12/17/2002,JAC,WY,ANM,WE,Federal Contract Tower,7,28,9,0,44,0,0,1,0,1,7,28,10,0,45,0,0,0,45
12/18/2002,JAC,WY,ANM,WE,Federal Contract Tower,7,20,14,0,41,2,5,3,0,10,9,25,17,0,51,0,0,0,51
12/19/2002,JAC,WY,ANM,WE,Federal Contract Tower,13,25,19,1,58,0,3,11,0,14,13,28,30,1,72,4,0,4,76
12/20/2002,JAC,WY,ANM,WE,Federal Contract Tower,13,40,26,0,79,0,3,2,0,5,13,43,28,0,84,0,0,0,84
12/21/2002,JAC,WY,ANM,WE,Federal Contract Tower,15,28,29,1,73,0,0,0,0,0,15,28,29,1,73,0,0,0,73
12/22/2002,JAC,WY,ANM,WE,Federal Contract Tower,19,31,31,0,81,0,0,0,0,0,19,31,31,0,81,32,0,32,113
12/23/2002,JAC,WY,ANM,WE,Federal Contract Tower,12,29,21,0,62,0,0,19,0,19,12,29,40,0,81,2,0,2,83
12/24/2002,JAC,WY,ANM,WE,Federal Contract Tower,13,23,4,0,40,0,1,11,0,12,13,24,15,0,52,10,0,10,62
12/25/2002,JAC,WY,ANM,WE,Federal Contract Tower,8,14,6,0,28,0,0,0,0,0,8,14,6,0,28,0,0,0,28
12/26/2002,JAC,WY,ANM,WE,Federal Contract Tower,14,48,41,0,103,0,0,0,0,0,14,48,41,0,103,0,0,0,103
12/27/2002,JAC,WY,ANM,WE,Federal Contract Tower,10,28,39,1,78,0,0,0,0,0,10,28,39,1,78,0,0,0,78
12/28/2002,JAC,WY,ANM,WE,Federal Contract Tower,19,22,41,1,83,1,2,3,0,6,20,24,44,1,89,5,0,5,94
12/29/2002,JAC,WY,ANM,WE,Federal Contract Tower,9,22,15,0,46,8,0,0,0,8,17,22,15,0,54,0,0,0,54
12/30/2002,JAC,WY,ANM,WE,Federal Contract Tower,13,27,24,0,64,0,1,1,0,2,13,28,25,0,66,0,0,0,66
12/31/2002,JAC,WY,ANM,WE,Federal Contract Tower,12,18,17,0,47,0,0,0,0,0,12,18,17,0,47,0,0,0,47
01/01/2003,JAC,WY,ANM,WE,Federal Contract Tower,15,24,10,3,52,1,4,34,0,39,16,28,44,3,91,10,0,10,101
01/02/2003,JAC,WY,ANM,WE,Federal Contract Tower,12,43,34,0,89,0,0,22,0,22,12,43,56,0,111,14,0,14,125
01/03/2003,JAC,WY,ANM,WE,Federal Contract Tower,13,26,24,0,63,0,0,7,0,7,13,26,31,0,70,7,0,7,77
01/04/2003,JAC,WY,ANM,WE,Federal Contract Tower,17,38,34,0,89,0,0,41,0,41,17,38,75,0,130,21,0,21,151
01/05/2003,JAC,WY,ANM,WE,Federal Contract Tower,16,31,37,0,84,0,13,30,0,43,16,44,67,0,127,18,0,18,145
01/06/2003,JAC,WY,ANM,WE,Federal Contract Tower,12,34,18,0,64,0,6,38,0,44,12,40,56,0,108,20,0,20,128
01/07/2003,JAC,WY,ANM,WE,Federal Contract Tower,12,27,7,0,46,0,22,53,0,75,12,49,60,0,121,22,0,22,143
01/08/2003,JAC,WY,ANM,WE,Federal Contract Tower,13,19,10,0,42,0,6,28,2,36,13,25,38,2,78,4,0,4,82
01/09/2003,JAC,WY,ANM,WE,Federal Contract Tower,11,24,10,2,47,0,1,8,0,9,11,25,18,2,56,6,0,6,62
01/10/2003,JAC,WY,ANM,WE,Federal Contract Tower,13,23,18,0,54,0,0,4,0,4,13,23,22,0,58,18,0,18,76
01/11/2003,JAC,WY,ANM,WE,Federal Contract Tower,18,23,6,0,47,0,0,7,0,7,18,23,13,0,54,2,0,2,56
01/12/2003,JAC,WY,ANM,WE,Federal Contract Tower,17,22,42,0,81,0,0,1,0,1,17,22,43,0,82,8,0,8,90
01/13/2003,JAC,WY,ANM,WE,Federal Contract Tower,11,19,13,0,43,0,7,21,0,28,11,26,34,0,71,0,0,0,71
01/14/2003,JAC,WY,ANM,WE,Federal Contract Tower,11,21,14,0,46,0,5,16,2,23,11,26,30,2,69,14,0,14,83
01/15/2003,JAC,WY,ANM,WE,Federal Contract Tower,11,20,13,0,44,2,1,11,0,14,13,21,24,0,58,16,0,16,74
01/16/2003,JAC,WY,ANM,WE,Federal Contract Tower,12,24,14,0,50,0,4,9,0,13,12,28,23,0,63,4,0,4,67
01/17/2003,JAC,WY,ANM,WE,Federal Contract Tower,13,29,19,0,61,0,7,34,0,41,13,36,53,0,102,10,0,10,112
01/18/2003,JAC,WY,ANM,WE,Federal Contract Tower,12,22,13,0,47,6,1,15,0,22,18,23,28,0,69,10,0,10,79
01/19/2003,JAC,WY,ANM,WE,Federal Contract Tower,10,18,11,0,39,4,0,33,0,37,14,18,44,0,76,12,0,12,88
01/20/2003,JAC,WY,ANM,WE,Federal Contract Tower,11,30,19,0,60,0,8,17,0,25,11,38,36,0,85,18,0,18,103
01/21/2003,JAC,WY,ANM,WE,Federal Contract Tower,11,20,13,0,44,0,0,9,0,9,11,20,22,0,53,0,0,0,53
01/22/2003,JAC,WY,ANM,WE,Federal Contract Tower,13,25,16,0,54,0,2,6,0,8,13,27,22,0,62,0,0,0,62
01/23/2003,JAC,WY,ANM,WE,Federal Contract Tower,11,24,15,0,50,0,8,4,0,12,11,32,19,0,62,0,0,0,62
01/24/2003,JAC,WY,ANM,WE,Federal Contract Tower,13,25,16,0,54,0,1,15,0,16,13,26,31,0,70,0,0,0,70
01/25/2003,JAC,WY,ANM,WE,Federal Contract Tower,13,24,12,0,49,5,3,0,0,8,18,27,12,0,57,0,0,0,57
01/26/2003,JAC,WY,ANM,WE,Federal Contract Tower,11,21,15,0,47,6,0,10,0,16,17,21,25,0,63,2,0,2,65
01/27/2003,JAC,WY,ANM,WE,Federal Contract Tower,11,28,20,0,59,0,2,8,0,10,11,30,28,0,69,0,0,0,69
01/28/2003,JAC,WY,ANM,WE,Federal Contract Tower,12,27,18,0,57,0,5,22,0,27,12,32,40,0,84,21,0,21,105
01/29/2003,JAC,WY,ANM,WE,Federal Contract Tower,9,19,13,0,41,4,9,11,0,24,13,28,24,0,65,7,0,7,72
01/30/2003,JAC,WY,ANM,WE,Federal Contract Tower,13,26,13,0,52,0,0,0,0,0,13,26,13,0,52,0,0,0,52
01/31/2003,JAC,WY,ANM,WE,Federal Contract Tower,13,23,15,0,51,0,0,6,0,6,13,23,21,0,57,2,0,2,59
02/01/2003,JAC,WY,ANM,WE,Federal Contract Tower,19,19,10,0,48,0,1,7,0,8,19,20,17,0,56,0,0,0,56
02/02/2003,JAC,WY,ANM,WE,Federal Contract Tower,18,25,16,0,59,0,0,14,0,14,18,25,30,0,73,10,0,10,83
02/03/2003,JAC,WY,ANM,WE,Federal Contract Tower,13,22,14,0,49,0,4,8,0,12,13,26,22,0,61,0,0,0,61
02/04/2003,JAC,WY,ANM,WE,Federal Contract Tower,13,19,10,0,42,0,1,8,0,9,13,20,18,0,51,17,0,17,68
02/05/2003,JAC,WY,ANM,WE,Federal Contract Tower,13,33,10,0,56,0,6,24,0,30,13,39,34,0,86,8,0,8,94
02/06/2003,JAC,WY,ANM,WE,Federal Contract Tower,13,21,19,2,55,0,1,21,0,22,13,22,40,2,77,8,0,8,85
02/07/2003,JAC,WY,ANM,WE,Federal Contract Tower,13,26,20,0,59,0,8,21,0,29,13,34,41,0,88,10,0,10,98
02/08/2003,JAC,WY,ANM,WE,Federal Contract Tower,19,20,17,0,56,0,1,3,0,4,19,21,20,0,60,6,0,6,66
02/09/2003,JAC,WY,ANM,WE,Federal Contract Tower,18,26,20,0,64,0,1,10,0,11,18,27,30,0,75,1,0,1,76
02/10/2003,JAC,WY,ANM,WE,Federal Contract Tower,11,25,17,2,55,0,17,6,0,23,11,42,23,2,78,10,0,10,88
02/11/2003,JAC,WY,ANM,WE,Federal Contract Tower,10,18,13,0,41,0,5,16,0,21,10,23,29,0,62,0,0,0,62
02/12/2003,JAC,WY,ANM,WE,Federal Contract Tower,13,24,17,0,54,0,11,19,0,30,13,35,36,0,84,18,0,18,102
02/13/2003,JAC,WY,ANM,WE,Federal Contract Tower,12,33,15,0,60,0,1,11,0,12,12,34,26,0,72,4,0,4,76
02/14/2003,JAC,WY,ANM,WE,Federal Contract Tower,13,44,18,0,75,0,0,1,0,1,13,44,19,0,76,0,0,0,76
02/15/2003,JAC,WY,ANM,WE,Federal Contract Tower,20,21,28,0,69,0,2,10,0,12,20,23,38,0,81,30,0,30,111
02/16/2003,JAC,WY,ANM,WE,Federal Contract Tower,5,6,16,0,27,0,0,0,0,0,5,6,16,0,27,8,0,8,35
02/17/2003,JAC,WY,ANM,WE,Federal Contract Tower,18,31,21,0,70,3,1,6,1,11,21,32,27,1,81,8,0,8,89
02/18/2003,JAC,WY,ANM,WE,Federal Contract Tower,13,28,19,0,60,0,17,24,0,41,13,45,43,0,101,34,0,34,135
02/19/2003,JAC,WY,ANM,WE,Federal Contract Tower,13,22,13,2,50,0,10,19,0,29,13,32,32,2,79,44,0,44,123
02/20/2003,JAC,WY,ANM,WE,Federal Contract Tower,12,25,18,2,57,0,1,7,0,8,12,26,25,2,65,10,0,10,75
02/21/2003,JAC,WY,ANM,WE,Federal Contract Tower,13,22,21,0,56,0,0,3,0,3,13,22,24,0,59,0,0,0,59
02/22/2003,JAC,WY,ANM,WE,Federal Contract Tower,20,20,7,1,48,0,0,1,0,1,20,20,8,1,49,0,0,0,49
02/23/2003,JAC,WY,ANM,WE,Federal Contract Tower,18,24,31,3,76,0,0,0,0,0,18,24,31,3,76,0,0,0,76
02/24/2003,JAC,WY,ANM,WE,Federal Contract Tower,15,29,13,2,59,0,2,6,0,8,15,31,19,2,67,20,0,20,87
02/25/2003,JAC,WY,ANM,WE,Federal Contract Tower,13,21,13,0,47,0,7,12,3,22,13,28,25,3,69,14,0,14,83
02/26/2003,JAC,WY,ANM,WE,Federal Contract Tower,12,21,14,0,47,1,6,7,0,14,13,27,21,0,61,0,0,0,61
02/27/2003,JAC,WY,ANM,WE,Federal Contract Tower,13,29,16,0,58,0,0,11,0,11,13,29,27,0,69,24,0,24,93
02/28/2003,JAC,WY,ANM,WE,Federal Contract Tower,13,26,15,0,54,0,3,2,0,5,13,29,17,0,59,20,0,20,79
03/01/2003,JAC,WY,ANM,WE,Federal Contract Tower,20,20,11,4,55,0,4,13,0,17,20,24,24,4,72,46,0,46,118
03/02/2003,JAC,WY,ANM,WE,Federal Contract Tower,14,20,17,0,51,3,0,8,0,11,17,20,25,0,62,0,0,0,62
03/03/2003,JAC,WY,ANM,WE,Federal Contract Tower,13,27,16,0,56,0,0,1,0,1,13,27,17,0,57,0,0,0,57
03/04/2003,JAC,WY,ANM,WE,Federal Contract Tower,13,22,17,0,52,1,3,0,0,4,14,25,17,0,56,0,0,0,56
03/05/2003,JAC,WY,ANM,WE,Federal Contract Tower,15,25,16,0,56,0,1,1,0,2,15,26,17,0,58,2,0,2,60
03/06/2003,JAC,WY,ANM,WE,Federal Contract Tower,13,19,11,0,43,0,0,1,0,1,13,19,12,0,44,0,0,0,44
03/07/2003,JAC,WY,ANM,WE,Federal Contract Tower,13,29,21,0,63,0,0,6,21,27,13,29,27,21,90,0,0,0,90
03/08/2003,JAC,WY,ANM,WE,Federal Contract Tower,20,32,34,0,86,0,0,0,0,0,20,32,34,0,86,0,0,0,86
03/09/2003,JAC,WY,ANM,WE,Federal Contract Tower,19,29,28,0,76,0,0,5,0,5,19,29,33,0,81,0,0,0,81
03/10/2003,JAC,WY,ANM,WE,Federal Contract Tower,13,22,15,0,50,0,0,0,0,0,13,22,15,0,50,0,0,0,50
03/11/2003,JAC,WY,ANM,WE,Federal Contract Tower,13,23,20,0,56,0,0,0,0,0,13,23,20,0,56,10,0,10,66
03/12/2003,JAC,WY,ANM,WE,Federal Contract Tower,13,22,23,0,58,0,0,11,0,11,13,22,34,0,69,4,0,4,73
03/13/2003,JAC,WY,ANM,WE,Federal Contract Tower,13,19,19,0,51,0,3,35,0,38,13,22,54,0,89,16,0,16,105
03/14/2003,JAC,WY,ANM,WE,Federal Contract Tower,13,28,23,0,64,0,2,2,0,4,13,30,25,0,68,0,0,0,68
03/15/2003,JAC,WY,ANM,WE,Federal Contract Tower,19,20,24,0,63,1,9,16,0,26,20,29,40,0,89,34,0,34,123
03/16/2003,JAC,WY,ANM,WE,Federal Contract Tower,18,23,27,0,68,0,12,14,0,26,18,35,41,0,94,4,0,4,98
03/17/2003,JAC,WY,ANM,WE,Federal Contract Tower,13,26,14,0,53,0,0,0,0,0,13,26,14,0,53,0,0,0,53
03/18/2003,JAC,WY,ANM,WE,Federal Contract Tower,11,13,16,2,42,0,4,9,0,13,11,17,25,2,55,0,0,0,55
03/19/2003,JAC,WY,ANM,WE,Federal Contract Tower,10,27,16,0,53,0,4,11,0,15,10,31,27,0,68,14,0,14,82
03/20/2003,JAC,WY,ANM,WE,Federal Contract Tower,9,24,24,0,57,0,0,0,0,0,9,24,24,0,57,12,0,12,69
03/21/2003,JAC,WY,ANM,WE,Federal Contract Tower,12,38,42,0,92,0,0,6,0,6,12,38,48,0,98,20,0,20,118
03/22/2003,JAC,WY,ANM,WE,Federal Contract Tower,20,32,14,0,66,0,0,4,0,4,20,32,18,0,70,2,0,2,72
03/23/2003,JAC,WY,ANM,WE,Federal Contract Tower,18,26,18,0,62,0,3,1,0,4,18,29,19,0,66,0,0,0,66
03/24/2003,JAC,WY,ANM,WE,Federal Contract Tower,11,19,20,0,50,0,4,9,0,13,11,23,29,0,63,18,0,18,81
03/25/2003,JAC,WY,ANM,WE,Federal Contract Tower,11,20,16,0,47,0,0,4,0,4,11,20,20,0,51,36,0,36,87
03/26/2003,JAC,WY,ANM,WE,Federal Contract Tower,11,20,14,0,45,0,0,0,0,0,11,20,14,0,45,2,0,2,47
03/27/2003,JAC,WY,ANM,WE,Federal Contract Tower,12,22,10,2,46,0,0,1,0,1,12,22,11,2,47,0,0,0,47
03/28/2003,JAC,WY,ANM,WE,Federal Contract Tower,11,24,13,0,48,0,15,40,0,55,11,39,53,0,103,20,0,20,123
03/29/2003,JAC,WY,ANM,WE,Federal Contract Tower,17,22,13,0,52,0,2,16,0,18,17,24,29,0,70,26,0,26,96
03/30/2003,JAC,WY,ANM,WE,Federal Contract Tower,15,23,20,0,58,0,0,19,0,19,15,23,39,0,77,12,0,12,89
03/31/2003,JAC,WY,ANM,WE,Federal Contract Tower,6,25,13,0,44,0,4,9,0,13,6,29,22,0,57,4,0,4,61
04/01/2003,JAC,WY,ANM,WE,Federal Contract Tower,4,29,5,0,38,1,2,15,0,18,5,31,20,0,56,22,0,22,78
04/02/2003,JAC,WY,ANM,WE,Federal Contract Tower,5,29,11,0,45,0,6,1,0,7,5,35,12,0,52,16,0,16,68
04/03/2003,JAC,WY,ANM,WE,Federal Contract Tower,5,30,9,0,44,0,3,1,0,4,5,33,10,0,48,0,0,0,48
04/04/2003,JAC,WY,ANM,WE,Federal Contract Tower,5,30,10,0,45,0,3,6,0,9,5,33,16,0,54,24,0,24,78
04/05/2003,JAC,WY,ANM,WE,Federal Contract Tower,11,24,6,0,41,0,3,10,0,13,11,27,16,0,54,24,0,24,78
04/06/2003,JAC,WY,ANM,WE,Federal Contract Tower,4,20,5,0,29,0,4,0,0,4,4,24,5,0,33,0,0,0,33
04/07/2003,JAC,WY,ANM,WE,Federal Contract Tower,2,22,20,0,44,0,2,8,0,10,2,24,28,0,54,18,0,18,72
04/08/2003,JAC,WY,ANM,WE,Federal Contract Tower,2,20,10,0,32,0,4,15,0,19,2,24,25,0,51,52,0,52,103
04/09/2003,JAC,WY,ANM,WE,Federal Contract Tower,2,18,10,0,30,0,6,22,0,28,2,24,32,0,58,28,0,28,86
04/10/2003,JAC,WY,ANM,WE,Federal Contract Tower,2,16,9,0,27,0,6,16,0,22,2,22,25,0,49,12,0,12,61
04/11/2003,JAC,WY,ANM,WE,Federal Contract Tower,2,19,9,0,30,0,1,20,0,21,2,20,29,0,51,22,0,22,73
04/12/2003,JAC,WY,ANM,WE,Federal Contract Tower,2,18,6,0,26,0,1,22,4,27,2,19,28,4,53,38,4,42,95
04/13/2003,JAC,WY,ANM,WE,Federal Contract Tower,2,22,11,0,35,0,3,9,0,12,2,25,20,0,47,0,0,0,47
04/14/2003,JAC,WY,ANM,WE,Federal Contract Tower,2,24,12,0,38,0,5,2,0,7,2,29,14,0,45,0,0,0,45
04/15/2003,JAC,WY,ANM,WE,Federal Contract Tower,2,25,10,0,37,0,0,0,0,0,2,25,10,0,37,20,0,20,57
04/16/2003,JAC,WY,ANM,WE,Federal Contract Tower,2,25,19,0,46,0,1,0,0,1,2,26,19,0,47,34,0,34,81
04/17/2003,JAC,WY,ANM,WE,Federal Contract Tower,2,20,25,0,47,0,0,2,0,2,2,20,27,0,49,28,0,28,77
04/18/2003,JAC,WY,ANM,WE,Federal Contract Tower,2,34,17,0,53,0,0,0,0,0,2,34,17,0,53,16,0,16,69
04/19/2003,JAC,WY,ANM,WE,Federal Contract Tower,2,17,1,0,20,0,2,19,0,21,2,19,20,0,41,24,0,24,65
04/20/2003,JAC,WY,ANM,WE,Federal Contract Tower,2,18,15,0,35,0,0,7,0,7,2,18,22,0,42,14,0,14,56
04/21/2003,JAC,WY,ANM,WE,Federal Contract Tower,2,22,15,2,41,0,2,14,0,16,2,24,29,2,57,10,0,10,67
04/22/2003,JAC,WY,ANM,WE,Federal Contract Tower,2,24,4,1,31,0,0,5,0,5,2,24,9,1,36,4,0,4,40
04/23/2003,JAC,WY,ANM,WE,Federal Contract Tower,2,25,14,0,41,0,8,4,4,16,2,33,18,4,57,0,0,0,57
04/24/2003,JAC,WY,ANM,WE,Federal Contract Tower,2,22,12,0,36,0,15,17,1,33,2,37,29,1,69,16,0,16,85
04/25/2003,JAC,WY,ANM,WE,Federal Contract Tower,2,21,10,0,33,0,1,11,0,12,2,22,21,0,45,10,0,10,55
04/26/2003,JAC,WY,ANM,WE,Federal Contract Tower,2,22,5,0,29,0,0,0,0,0,2,22,5,0,29,0,0,0,29
04/27/2003,JAC,WY,ANM,WE,Federal Contract Tower,2,21,8,3,34,0,4,13,0,17,2,25,21,3,51,0,0,0,51
04/28/2003,JAC,WY,ANM,WE,Federal Contract Tower,2,30,8,0,40,0,4,4,0,8,2,34,12,0,48,10,0,10,58
04/29/2003,JAC,WY,ANM,WE,Federal Contract Tower,2,21,13,0,36,0,5,4,0,9,2,26,17,0,45,28,0,28,73
04/30/2003,JAC,WY,ANM,WE,Federal Contract Tower,2,24,9,0,35,0,1,13,0,14,2,25,22,0,49,12,0,12,61
05/01/2003,JAC,WY,ANM,WE,Federal Contract Tower,1,16,14,0,31,1,2,6,0,9,2,18,20,0,40,0,0,0,40
05/02/2003,JAC,WY,ANM,WE,Federal Contract Tower,2,16,9,0,27,0,13,17,0,30,2,29,26,0,57,22,0,22,79
05/03/2003,JAC,WY,ANM,WE,Federal Contract Tower,2,21,8,0,31,0,1,0,0,1,2,22,8,0,32,2,0,2,34
05/04/2003,JAC,WY,ANM,WE,Federal Contract Tower,2,14,18,0,34,0,1,0,0,1,2,15,18,0,35,0,0,0,35
05/05/2003,JAC,WY,ANM,WE,Federal Contract Tower,2,20,17,0,39,0,1,0,0,1,2,21,17,0,40,0,0,0,40
05/06/2003,JAC,WY,ANM,WE,Federal Contract Tower,2,24,25,0,51,0,1,0,0,1,2,25,25,0,52,2,0,2,54
05/07/2003,JAC,WY,ANM,WE,Federal Contract Tower,2,20,5,0,27,0,2,20,0,22,2,22,25,0,49,31,0,31,80
05/08/2003,JAC,WY,ANM,WE,Federal Contract Tower,2,27,16,0,45,0,1,18,0,19,2,28,34,0,64,2,0,2,66
05/09/2003,JAC,WY,ANM,WE,Federal Contract Tower,2,24,10,0,36,0,6,6,0,12,2,30,16,0,48,0,0,0,48
05/10/2003,JAC,WY,ANM,WE,Federal Contract Tower,2,20,12,0,34,0,3,14,0,17,2,23,26,0,51,22,0,22,73
05/11/2003,JAC,WY,ANM,WE,Federal Contract Tower,2,21,8,0,31,0,0,4,0,4,2,21,12,0,35,11,0,11,46
05/12/2003,JAC,WY,ANM,WE,Federal Contract Tower,2,18,13,0,33,0,0,4,0,4,2,18,17,0,37,0,0,0,37
05/13/2003,JAC,WY,ANM,WE,Federal Contract Tower,2,16,8,0,26,0,10,38,0,48,2,26,46,0,74,18,0,18,92
05/14/2003,JAC,WY,ANM,WE,Federal Contract Tower,2,23,19,0,44,0,5,33,0,38,2,28,52,0,82,36,0,36,118
05/15/2003,JAC,WY,ANM,WE,Federal Contract Tower,2,24,19,0,45,0,0,5,0,5,2,24,24,0,50,8,0,8,58
05/16/2003,JAC,WY,ANM,WE,Federal Contract Tower,2,23,6,0,31,0,3,27,0,30,2,26,33,0,61,20,0,20,81
05/17/2003,JAC,WY,ANM,WE,Federal Contract Tower,2,23,4,0,29,0,4,16,0,20,2,27,20,0,49,0,0,0,49
05/18/2003,JAC,WY,ANM,WE,Federal Contract Tower,2,18,11,0,31,0,0,5,0,5,2,18,16,0,36,0,0,0,36
05/19/2003,JAC,WY,ANM,WE,Federal Contract Tower,2,17,6,0,25,0,4,23,0,27,2,21,29,0,52,16,0,16,68
05/20/2003,JAC,WY,ANM,WE,Federal Contract Tower,2,27,11,0,40,0,6,19,0,25,2,33,30,0,65,8,0,8,73
05/21/2003,JAC,WY,ANM,WE,Federal Contract Tower,2,24,16,2,44,0,5,23,2,30,2,29,39,4,74,10,0,10,84
05/22/2003,JAC,WY,ANM,WE,Federal Contract Tower,2,25,19,0,46,0,4,28,4,36,2,29,47,4,82,4,0,4,86
05/23/2003,JAC,WY,ANM,WE,Federal Contract Tower,4,20,29,0,53,0,13,18,0,31,4,33,47,0,84,18,0,18,102
05/24/2003,JAC,WY,ANM,WE,Federal Contract Tower,2,16,15,1,34,0,6,23,0,29,2,22,38,1,63,0,0,0,63
05/25/2003,JAC,WY,ANM,WE,Federal Contract Tower,2,19,8,0,29,0,3,18,2,23,2,22,26,2,52,0,0,0,52
05/26/2003,JAC,WY,ANM,WE,Federal Contract Tower,2,28,18,0,48,0,0,26,2,28,2,28,44,2,76,14,0,14,90
05/27/2003,JAC,WY,ANM,WE,Federal Contract Tower,2,33,24,0,59,0,0,13,0,13,2,33,37,0,72,0,0,0,72
05/28/2003,JAC,WY,ANM,WE,Federal Contract Tower,2,18,15,0,35,0,1,14,0,15,2,19,29,0,50,16,0,16,66
05/29/2003,JAC,WY,ANM,WE,Federal Contract Tower,2,27,10,0,39,0,6,13,2,21,2,33,23,2,60,15,0,15,75
05/30/2003,JAC,WY,ANM,WE,Federal Contract Tower,2,24,26,3,55,0,4,5,1,10,2,28,31,4,65,14,0,14,79
05/31/2003,JAC,WY,ANM,WE,Federal Contract Tower,2,30,43,0,75,0,3,12,0,15,2,33,55,0,90,12,0,12,102
06/01/2003,JAC,WY,ANM,WE,Federal Contract Tower,4,31,33,0,68,1,6,13,0,20,5,37,46,0,88,0,0,0,88
06/02/2003,JAC,WY,ANM,WE,Federal Contract Tower,6,26,11,0,43,0,7,20,0,27,6,33,31,0,70,10,0,10,80
06/03/2003,JAC,WY,ANM,WE,Federal Contract Tower,6,24,10,0,40,0,6,27,0,33,6,30,37,0,73,34,0,34,107
06/04/2003,JAC,WY,ANM,WE,Federal Contract Tower,6,21,15,0,42,0,9,29,0,38,6,30,44,0,80,24,0,24,104
06/05/2003,JAC,WY,ANM,WE,Federal Contract Tower,6,24,17,0,47,0,22,35,0,57,6,46,52,0,104,28,0,28,132
06/06/2003,JAC,WY,ANM,WE,Federal Contract Tower,6,37,28,0,71,0,9,18,0,27,6,46,46,0,98,2,0,2,100
06/07/2003,JAC,WY,ANM,WE,Federal Contract Tower,8,33,22,0,63,0,3,33,2,38,8,36,55,2,101,10,0,10,111
06/08/2003,JAC,WY,ANM,WE,Federal Contract Tower,6,34,16,0,56,0,9,28,0,37,6,43,44,0,93,2,0,2,95
06/09/2003,JAC,WY,ANM,WE,Federal Contract Tower,6,27,18,0,51,0,7,17,0,24,6,34,35,0,75,2,0,2,77
06/10/2003,JAC,WY,ANM,WE,Federal Contract Tower,6,24,20,0,50,0,11,33,0,44,6,35,53,0,94,24,0,24,118
06/11/2003,JAC,WY,ANM,WE,Federal Contract Tower,6,23,16,2,47,0,10,22,0,32,6,33,38,2,79,12,0,12,91
06/12/2003,JAC,WY,ANM,WE,Federal Contract Tower,11,30,16,0,57,0,5,37,0,42,11,35,53,0,99,24,0,24,123
06/13/2003,JAC,WY,ANM,WE,Federal Contract Tower,13,39,22,0,74,0,6,38,0,44,13,45,60,0,118,20,0,20,138
06/14/2003,JAC,WY,ANM,WE,Federal Contract Tower,21,37,21,2,81,1,6,25,0,32,22,43,46,2,113,4,0,4,117
06/15/2003,JAC,WY,ANM,WE,Federal Contract Tower,20,41,26,0,87,1,7,35,0,43,21,48,61,0,130,16,0,16,146
06/16/2003,JAC,WY,ANM,WE,Federal Contract Tower,17,34,16,0,67,0,4,22,0,26,17,38,38,0,93,11,0,11,104
06/17/2003,JAC,WY,ANM,WE,Federal Contract Tower,17,34,19,0,70,0,4,38,0,42,17,38,57,0,112,14,0,14,126
06/18/2003,JAC,WY,ANM,WE,Federal Contract Tower,16,33,14,0,63,1,4,24,0,29,17,37,38,0,92,0,0,0,92
06/19/2003,JAC,WY,ANM,WE,Federal Contract Tower,18,30,20,0,68,0,4,33,0,37,18,34,53,0,105,2,0,2,107
06/20/2003,JAC,WY,ANM,WE,Federal Contract Tower,15,32,28,1,76,0,2,29,2,33,15,34,57,3,109,20,0,20,129
06/21/2003,JAC,WY,ANM,WE,Federal Contract Tower,21,32,14,0,67,4,3,40,0,47,25,35,54,0,114,14,0,14,128
06/22/2003,JAC,WY,ANM,WE,Federal Contract Tower,20,35,32,0,87,0,4,20,0,24,20,39,52,0,111,6,0,6,117
06/23/2003,JAC,WY,ANM,WE,Federal Contract Tower,16,36,13,0,65,0,5,23,0,28,16,41,36,0,93,16,0,16,109
06/24/2003,JAC,WY,ANM,WE,Federal Contract Tower,13,35,23,0,71,3,5,14,0,22,16,40,37,0,93,10,0,10,103
06/25/2003,JAC,WY,ANM,WE,Federal Contract Tower,15,36,31,0,82,0,3,35,0,38,15,39,66,0,120,0,0,0,120
06/26/2003,JAC,WY,ANM,WE,Federal Contract Tower,18,47,29,0,94,1,11,49,0,61,19,58,78,0,155,4,0,4,159
06/27/2003,JAC,WY,ANM,WE,Federal Contract Tower,16,32,34,0,82,3,16,61,0,80,19,48,95,0,162,20,0,20,182
06/28/2003,JAC,WY,ANM,WE,Federal Contract Tower,20,34,26,0,80,0,3,48,0,51,20,37,74,0,131,18,0,18,149
06/29/2003,JAC,WY,ANM,WE,Federal Contract Tower,18,37,29,0,84,4,0,66,0,70,22,37,95,0,154,36,0,36,190
06/30/2003,JAC,WY,ANM,WE,Federal Contract Tower,17,39,19,2,77,0,4,56,0,60,17,43,75,2,137,18,0,18,155
07/01/2003,JAC,WY,ANM,WE,Federal Contract Tower,18,29,24,1,72,0,3,47,10,60,18,32,71,11,132,28,0,28,160
07/02/2003,JAC,WY,ANM,WE,Federal Contract Tower,18,29,25,2,74,2,6,37,3,48,20,35,62,5,122,116,0,116,238
07/03/2003,JAC,WY,ANM,WE,Federal Contract Tower,19,27,48,0,94,0,12,60,9,81,19,39,108,9,175,26,0,26,201
07/04/2003,JAC,WY,ANM,WE,Federal Contract Tower,19,23,14,0,56,1,1,30,0,32,20,24,44,0,88,50,0,50,138
07/05/2003,JAC,WY,ANM,WE,Federal Contract Tower,24,25,12,0,61,2,0,53,0,55,26,25,65,0,116,28,0,28,144
07/06/2003,JAC,WY,ANM,WE,Federal Contract Tower,23,38,30,3,94,3,2,53,0,58,26,40,83,3,152,14,9,23,175
07/07/2003,JAC,WY,ANM,WE,Federal Contract Tower,18,23,24,0,65,1,10,53,0,64,19,33,77,0,129,10,0,10,139
07/08/2003,JAC,WY,ANM,WE,Federal Contract Tower,19,29,18,0,66,0,5,42,0,47,19,34,60,0,113,10,0,10,123
07/09/2003,JAC,WY,ANM,WE,Federal Contract Tower,18,23,16,0,57,2,8,49,0,59,20,31,65,0,116,25,0,25,141
07/10/2003,JAC,WY,ANM,WE,Federal Contract Tower,18,29,21,0,68,0,4,46,0,50,18,33,67,0,118,22,0,22,140
07/11/2003,JAC,WY,ANM,WE,Federal Contract Tower,19,25,18,0,62,0,5,59,0,64,19,30,77,0,126,10,0,10,136
07/12/2003,JAC,WY,ANM,WE,Federal Contract Tower,24,23,18,0,65,0,1,53,0,54,24,24,71,0,119,12,0,12,131
07/13/2003,JAC,WY,ANM,WE,Federal Contract Tower,22,42,30,0,94,1,4,68,0,73,23,46,98,0,167,14,0,14,181
07/14/2003,JAC,WY,ANM,WE,Federal Contract Tower,18,23,20,0,61,1,3,46,0,50,19,26,66,0,111,16,0,16,127
07/15/2003,JAC,WY,ANM,WE,Federal Contract Tower,19,25,27,0,71,0,8,51,0,59,19,33,78,0,130,0,0,0,130
07/16/2003,JAC,WY,ANM,WE,Federal Contract Tower,19,33,35,0,87,0,14,50,0,64,19,47,85,0,151,10,0,10,161
07/17/2003,JAC,WY,ANM,WE,Federal Contract Tower,18,30,23,0,71,2,7,40,0,49,20,37,63,0,120,24,0,24,144
07/18/2003,JAC,WY,ANM,WE,Federal Contract Tower,19,33,24,0,76,3,4,41,0,48,22,37,65,0,124,10,0,10,134
07/19/2003,JAC,WY,ANM,WE,Federal Contract Tower,24,26,13,0,63,0,9,35,0,44,24,35,48,0,107,20,0,20,127
07/20/2003,JAC,WY,ANM,WE,Federal Contract Tower,24,31,37,0,92,0,5,59,0,64,24,36,96,0,156,18,0,18,174
07/21/2003,JAC,WY,ANM,WE,Federal Contract Tower,15,22,19,0,56,4,10,36,2,52,19,32,55,2,108,14,0,14,122
07/22/2003,JAC,WY,ANM,WE,Federal Contract Tower,19,24,19,0,62,0,8,47,0,55,19,32,66,0,117,10,0,10,127
07/23/2003,JAC,WY,ANM,WE,Federal Contract Tower,19,31,28,0,78,0,14,54,1,69,19,45,82,1,147,16,0,16,163
07/24/2003,JAC,WY,ANM,WE,Federal Contract Tower,19,31,22,0,72,0,8,54,0,62,19,39,76,0,134,44,0,44,178
07/25/2003,JAC,WY,ANM,WE,Federal Contract Tower,17,29,32,0,78,2,4,53,0,59,19,33,85,0,137,0,0,0,137
07/26/2003,JAC,WY,ANM,WE,Federal Contract Tower,24,21,17,0,62,0,8,42,3,53,24,29,59,3,115,30,0,30,145
07/27/2003,JAC,WY,ANM,WE,Federal Contract Tower,23,32,28,0,83,0,0,63,0,63,23,32,91,0,146,34,0,34,180
07/28/2003,JAC,WY,ANM,WE,Federal Contract Tower,19,21,27,0,67,0,11,59,0,70,19,32,86,0,137,10,0,10,147
07/29/2003,JAC,WY,ANM,WE,Federal Contract Tower,18,30,29,0,77,0,3,29,0,32,18,33,58,0,109,6,0,6,115
07/30/2003,JAC,WY,ANM,WE,Federal Contract Tower,19,24,22,0,65,1,7,36,0,44,20,31,58,0,109,52,0,52,161
07/31/2003,JAC,WY,ANM,WE,Federal Contract Tower,19,24,38,2,83,0,4,47,0,51,19,28,85,2,134,18,0,18,152
08/01/2003,JAC,WY,ANM,WE,Federal Contract Tower,19,43,46,4,112,0,7,39,0,46,19,50,85,4,158,6,0,6,164
08/02/2003,JAC,WY,ANM,WE,Federal Contract Tower,24,28,30,0,82,0,6,61,4,71,24,34,91,4,153,36,0,36,189
08/03/2003,JAC,WY,ANM,WE,Federal Contract Tower,23,41,43,3,110,0,5,23,9,37,23,46,66,12,147,20,0,20,167
08/04/2003,JAC,WY,ANM,WE,Federal Contract Tower,20,20,35,4,79,0,7,36,0,43,20,27,71,4,122,2,0,2,124
08/05/2003,JAC,WY,ANM,WE,Federal Contract Tower,20,28,30,1,79,0,0,71,4,75,20,28,101,5,154,30,0,30,184
08/06/2003,JAC,WY,ANM,WE,Federal Contract Tower,19,23,30,2,74,0,8,56,2,66,19,31,86,4,140,44,0,44,184
08/07/2003,JAC,WY,ANM,WE,Federal Contract Tower,18,27,50,3,98,1,8,50,1,60,19,35,100,4,158,8,0,8,166
08/08/2003,JAC,WY,ANM,WE,Federal Contract Tower,18,31,37,0,86,1,7,49,0,57,19,38,86,0,143,26,0,26,169
08/09/2003,JAC,WY,ANM,WE,Federal Contract Tower,24,37,26,2,89,0,5,49,0,54,24,42,75,2,143,6,0,6,149
08/10/2003,JAC,WY,ANM,WE,Federal Contract Tower,24,40,41,4,109,3,12,38,0,53,27,52,79,4,162,12,0,12,174
08/11/2003,JAC,WY,ANM,WE,Federal Contract Tower,18,27,41,0,86,0,6,39,0,45,18,33,80,0,131,18,0,18,149
08/12/2003,JAC,WY,ANM,WE,Federal Contract Tower,20,27,17,3,67,0,0,34,6,40,20,27,51,9,107,0,20,20,127
08/13/2003,JAC,WY,ANM,WE,Federal Contract Tower,19,35,33,2,89,0,5,57,5,67,19,40,90,7,156,16,0,16,172
08/14/2003,JAC,WY,ANM,WE,Federal Contract Tower,19,28,24,0,71,0,10,41,0,51,19,38,65,0,122,8,0,8,130
08/15/2003,JAC,WY,ANM,WE,Federal Contract Tower,18,42,32,2,94,0,6,37,3,46,18,48,69,5,140,0,0,0,140
08/16/2003,JAC,WY,ANM,WE,Federal Contract Tower,24,28,35,0,87,0,2,25,0,27,24,30,60,0,114,8,0,8,122
08/17/2003,JAC,WY,ANM,WE,Federal Contract Tower,24,47,39,1,111,0,10,40,1,51,24,57,79,2,162,18,0,18,180
08/18/2003,JAC,WY,ANM,WE,Federal Contract Tower,19,35,36,1,91,0,6,38,0,44,19,41,74,1,135,40,0,40,175
08/19/2003,JAC,WY,ANM,WE,Federal Contract Tower,20,28,33,3,84,0,2,31,0,33,20,30,64,3,117,20,0,20,137
08/20/2003,JAC,WY,ANM,WE,Federal Contract Tower,19,27,32,0,78,0,9,35,3,47,19,36,67,3,125,14,0,14,139
08/21/2003,JAC,WY,ANM,WE,Federal Contract Tower,19,31,35,0,85,0,4,44,4,52,19,35,79,4,137,24,0,24,161
08/22/2003,JAC,WY,ANM,WE,Federal Contract Tower,23,26,23,0,72,0,5,37,0,42,23,31,60,0,114,8,0,8,122
08/23/2003,JAC,WY,ANM,WE,Federal Contract Tower,24,26,18,3,71,0,6,30,2,38,24,32,48,5,109,8,0,8,117
08/24/2003,JAC,WY,ANM,WE,Federal Contract Tower,24,35,39,1,99,0,0,46,0,46,24,35,85,1,145,14,0,14,159
08/25/2003,JAC,WY,ANM,WE,Federal Contract Tower,19,24,19,3,65,0,14,41,4,59,19,38,60,7,124,44,0,44,168
08/26/2003,JAC,WY,ANM,WE,Federal Contract Tower,16,25,26,1,68,4,13,15,3,35,20,38,41,4,103,14,0,14,117
08/27/2003,JAC,WY,ANM,WE,Federal Contract Tower,19,25,29,3,76,0,7,14,4,25,19,32,43,7,101,20,0,20,121
08/28/2003,JAC,WY,ANM,WE,Federal Contract Tower,20,25,24,0,69,3,6,35,1,45,23,31,59,1,114,24,0,24,138
08/29/2003,JAC,WY,ANM,WE,Federal Contract Tower,19,24,33,0,76,1,1,21,0,23,20,25,54,0,99,4,0,4,103
08/30/2003,JAC,WY,ANM,WE,Federal Contract Tower,24,32,27,0,83,0,0,6,0,6,24,32,33,0,89,0,0,0,89
08/31/2003,JAC,WY,ANM,WE,Federal Contract Tower,22,29,19,2,72,0,0,25,1,26,22,29,44,3,98,22,0,22,120
09/01/2003,JAC,WY,ANM,WE,Federal Contract Tower,15,28,26,3,72,1,5,32,0,38,16,33,58,3,110,18,0,18,128
09/02/2003,JAC,WY,ANM,WE,Federal Contract Tower,14,28,26,0,68,1,1,44,0,46,15,29,70,0,114,18,0,18,132
09/03/2003,JAC,WY,ANM,WE,Federal Contract Tower,14,32,31,0,77,0,7,48,0,55,14,39,79,0,132,24,0,24,156
09/04/2003,JAC,WY,ANM,WE,Federal Contract Tower,10,31,19,0,60,0,4,44,0,48,10,35,63,0,108,6,0,6,114
09/05/2003,JAC,WY,ANM,WE,Federal Contract Tower,11,37,19,0,67,0,8,31,2,41,11,45,50,2,108,0,0,0,108
09/06/2003,JAC,WY,ANM,WE,Federal Contract Tower,10,36,16,1,63,0,5,10,2,17,10,41,26,3,80,0,0,0,80
09/07/2003,JAC,WY,ANM,WE,Federal Contract Tower,13,29,14,1,57,0,5,43,2,50,13,34,57,3,107,0,0,0,107
09/08/2003,JAC,WY,ANM,WE,Federal Contract Tower,10,34,39,0,83,0,11,22,0,33,10,45,61,0,116,0,0,0,116
09/09/2003,JAC,WY,ANM,WE,Federal Contract Tower,11,26,7,0,44,0,7,19,2,28,11,33,26,2,72,12,0,12,84
09/10/2003,JAC,WY,ANM,WE,Federal Contract Tower,11,26,29,0,66,0,2,7,0,9,11,28,36,0,75,0,0,0,75
09/11/2003,JAC,WY,ANM,WE,Federal Contract Tower,13,37,33,0,83,0,0,17,2,19,13,37,50,2,102,4,0,4,106
09/12/2003,JAC,WY,ANM,WE,Federal Contract Tower,12,38,26,0,76,0,7,9,0,16,12,45,35,0,92,10,0,10,102
09/13/2003,JAC,WY,ANM,WE,Federal Contract Tower,11,24,17,0,52,0,5,35,0,40,11,29,52,0,92,6,0,6,98
09/14/2003,JAC,WY,ANM,WE,Federal Contract Tower,11,29,30,0,70,0,3,30,0,33,11,32,60,0,103,0,0,0,103
09/15/2003,JAC,WY,ANM,WE,Federal Contract Tower,10,27,16,0,53,0,5,24,0,29,10,32,40,0,82,12,0,12,94
09/16/2003,JAC,WY,ANM,WE,Federal Contract Tower,10,23,25,0,58,0,5,22,0,27,10,28,47,0,85,6,0,6,91
09/17/2003,JAC,WY,ANM,WE,Federal Contract Tower,11,48,27,0,86,0,3,7,0,10,11,51,34,0,96,15,0,15,111
09/18/2003,JAC,WY,ANM,WE,Federal Contract Tower,11,33,20,0,64,0,17,37,0,54,11,50,57,0,118,8,0,8,126
09/19/2003,JAC,WY,ANM,WE,Federal Contract Tower,11,38,29,0,78,0,2,21,0,23,11,40,50,0,101,14,0,14,115
09/20/2003,JAC,WY,ANM,WE,Federal Contract Tower,11,34,18,0,63,0,3,25,0,28,11,37,43,0,91,10,0,10,101
09/21/2003,JAC,WY,ANM,WE,Federal Contract Tower,11,40,35,0,86,0,6,36,0,42,11,46,71,0,128,0,0,0,128
09/22/2003,JAC,WY,ANM,WE,Federal Contract Tower,11,37,32,0,80,0,9,29,0,38,11,46,61,0,118,0,0,0,118
09/23/2003,JAC,WY,ANM,WE,Federal Contract Tower,11,35,35,0,81,0,12,37,0,49,11,47,72,0,130,12,0,12,142
09/24/2003,JAC,WY,ANM,WE,Federal Contract Tower,9,28,33,0,70,0,12,37,0,49,9,40,70,0,119,30,0,30,149
09/25/2003,JAC,WY,ANM,WE,Federal Contract Tower,9,34,26,0,69,0,8,31,0,39,9,42,57,0,108,2,0,2,110
09/26/2003,JAC,WY,ANM,WE,Federal Contract Tower,9,30,44,0,83,0,16,44,0,60,9,46,88,0,143,10,0,10,153
09/27/2003,JAC,WY,ANM,WE,Federal Contract Tower,9,22,14,0,45,0,5,42,0,47,9,27,56,0,92,14,0,14,106
09/28/2003,JAC,WY,ANM,WE,Federal Contract Tower,9,28,32,0,69,0,6,35,0,41,9,34,67,0,110,8,0,8,118
09/29/2003,JAC,WY,ANM,WE,Federal Contract Tower,9,30,27,0,66,0,6,41,0,47,9,36,68,0,113,54,0,54,167
09/30/2003,JAC,WY,ANM,WE,Federal Contract Tower,8,36,39,0,83,0,9,4,0,13,8,45,43,0,96,34,0,34,130
10/01/2003,JAC,WY,ANM,WE,Federal Contract Tower,1,30,20,0,51,2,41,36,3,82,3,71,56,3,133,40,0,40,173
10/02/2003,JAC,WY,ANM,WE,Federal Contract Tower,1,27,18,0,46,2,3,33,2,40,3,30,51,2,86,42,0,42,128
10/03/2003,JAC,WY,ANM,WE,Federal Contract Tower,1,31,22,0,54,2,6,26,5,39,3,37,48,5,93,22,0,22,115
10/04/2003,JAC,WY,ANM,WE,Federal Contract Tower,0,26,18,0,44,0,5,24,1,30,0,31,42,1,74,24,0,24,98
10/05/2003,JAC,WY,ANM,WE,Federal Contract Tower,0,26,20,0,46,0,0,45,4,49,0,26,65,4,95,44,0,44,139
10/06/2003,JAC,WY,ANM,WE,Federal Contract Tower,0,32,24,0,56,0,0,24,4,28,0,32,48,4,84,28,0,28,112
10/07/2003,JAC,WY,ANM,WE,Federal Contract Tower,0,30,20,0,50,0,5,6,0,11,0,35,26,0,61,6,0,6,67
10/08/2003,JAC,WY,ANM,WE,Federal Contract Tower,0,32,23,0,55,0,2,24,0,26,0,34,47,0,81,20,0,20,101
10/09/2003,JAC,WY,ANM,WE,Federal Contract Tower,0,38,27,0,65,0,9,25,0,34,0,47,52,0,99,42,0,42,141
10/10/2003,JAC,WY,ANM,WE,Federal Contract Tower,0,34,24,1,59,0,5,0,1,6,0,39,24,2,65,2,0,2,67
10/11/2003,JAC,WY,ANM,WE,Federal Contract Tower,0,19,13,0,32,0,9,17,0,26,0,28,30,0,58,10,0,10,68
10/12/2003,JAC,WY,ANM,WE,Federal Contract Tower,0,22,18,0,40,0,0,18,0,18,0,22,36,0,58,0,0,0,58
10/13/2003,JAC,WY,ANM,WE,Federal Contract Tower,0,32,22,0,54,0,10,14,0,24,0,42,36,0,78,26,0,26,104
10/14/2003,JAC,WY,ANM,WE,Federal Contract Tower,0,34,23,0,57,0,7,11,0,18,0,41,34,0,75,0,0,0,75
10/15/2003,JAC,WY,ANM,WE,Federal Contract Tower,0,22,16,0,38,0,3,14,0,17,0,25,30,0,55,0,0,0,55
10/16/2003,JAC,WY,ANM,WE,Federal Contract Tower,0,35,22,0,57,0,4,14,0,18,0,39,36,0,75,46,0,46,121
10/17/2003,JAC,WY,ANM,WE,Federal Contract Tower,0,39,26,0,65,0,1,22,0,23,0,40,48,0,88,58,0,58,146
10/18/2003,JAC,WY,ANM,WE,Federal Contract Tower,0,24,15,0,39,0,7,17,0,24,0,31,32,0,63,30,0,30,93
10/19/2003,JAC,WY,ANM,WE,Federal Contract Tower,0,20,12,0,32,0,6,27,0,33,0,26,39,0,65,20,0,20,85
10/20/2003,JAC,WY,ANM,WE,Federal Contract Tower,0,30,19,1,50,0,12,6,1,19,0,42,25,2,69,12,0,12,81
10/21/2003,JAC,WY,ANM,WE,Federal Contract Tower,0,34,23,0,57,0,10,20,0,30,0,44,43,0,87,44,0,44,131
10/22/2003,JAC,WY,ANM,WE,Federal Contract Tower,0,25,16,0,41,0,6,14,0,20,0,31,30,0,61,46,0,46,107
10/23/2003,JAC,WY,ANM,WE,Federal Contract Tower,0,22,14,0,36,0,5,0,0,5,0,27,14,0,41,0,0,0,41
10/24/2003,JAC,WY,ANM,WE,Federal Contract Tower,0,20,13,0,33,0,12,5,3,20,0,32,18,3,53,0,2,2,55
10/25/2003,JAC,WY,ANM,WE,Federal Contract Tower,0,18,12,0,30,0,13,7,1,21,0,31,19,1,51,2,0,2,53
10/26/2003,JAC,WY,ANM,WE,Federal Contract Tower,0,20,13,0,33,0,7,26,1,34,0,27,39,1,67,16,0,16,83
10/27/2003,JAC,WY,ANM,WE,Federal Contract Tower,0,26,17,0,43,0,15,13,0,28,0,41,30,0,71,14,0,14,85
10/28/2003,JAC,WY,ANM,WE,Federal Contract Tower,0,23,14,0,37,0,3,0,0,3,0,26,14,0,40,2,0,2,42
10/29/2003,JAC,WY,ANM,WE,Federal Contract Tower,0,22,14,0,36,0,11,0,0,11,0,33,14,0,47,0,0,0,47
10/30/2003,JAC,WY,ANM,WE,Federal Contract Tower,0,17,6,0,23,0,7,0,0,7,0,24,6,0,30,0,0,0,30
10/31/2003,JAC,WY,ANM,WE,Federal Contract Tower,0,24,12,0,36,0,3,0,0,3,0,27,12,0,39,0,0,0,39
11/01/2003,JAC,WY,ANM,WE,Federal Contract Tower,0,25,13,0,38,0,6,13,0,19,0,31,26,0,57,2,0,2,59
11/02/2003,JAC,WY,ANM,WE,Federal Contract Tower,0,21,12,0,33,0,0,4,0,4,0,21,16,0,37,4,0,4,41
11/03/2003,JAC,WY,ANM,WE,Federal Contract Tower,0,20,10,0,30,0,1,0,0,1,0,21,10,0,31,0,0,0,31
11/04/2003,JAC,WY,ANM,WE,Federal Contract Tower,0,29,14,0,43,0,1,0,0,1,0,30,14,0,44,0,0,0,44
11/05/2003,JAC,WY,ANM,WE,Federal Contract Tower,0,22,13,0,35,0,0,9,0,9,0,22,22,0,44,2,0,2,46
11/06/2003,JAC,WY,ANM,WE,Federal Contract Tower,0,22,12,0,34,0,2,6,0,8,0,24,18,0,42,8,0,8,50
11/07/2003,JAC,WY,ANM,WE,Federal Contract Tower,0,25,13,0,38,0,4,6,0,10,0,29,19,0,48,7,0,7,55
11/08/2003,JAC,WY,ANM,WE,Federal Contract Tower,0,15,8,0,23,0,5,5,0,10,0,20,13,0,33,10,0,10,43
11/09/2003,JAC,WY,ANM,WE,Federal Contract Tower,0,14,10,0,24,0,0,5,0,5,0,14,15,0,29,10,0,10,39
11/10/2003,JAC,WY,ANM,WE,Federal Contract Tower,0,21,14,0,35,0,0,4,0,4,0,21,18,0,39,0,0,0,39
11/11/2003,JAC,WY,ANM,WE,Federal Contract Tower,0,21,12,0,33,0,0,2,0,2,0,21,14,0,35,0,0,0,35
11/12/2003,JAC,WY,ANM,WE,Federal Contract Tower,0,23,12,0,35,0,4,19,0,23,0,27,31,0,58,16,0,16,74
11/13/2003,JAC,WY,ANM,WE,Federal Contract Tower,0,23,13,0,36,0,0,5,0,5,0,23,18,0,41,6,0,6,47
11/14/2003,JAC,WY,ANM,WE,Federal Contract Tower,0,25,5,0,30,0,6,0,0,6,0,31,5,0,36,8,0,8,44
11/15/2003,JAC,WY,ANM,WE,Federal Contract Tower,0,26,12,0,38,0,1,7,0,8,0,27,19,0,46,4,0,4,50
11/16/2003,JAC,WY,ANM,WE,Federal Contract Tower,0,20,10,0,30,0,0,3,0,3,0,20,13,0,33,0,0,0,33
11/17/2003,JAC,WY,ANM,WE,Federal Contract Tower,0,18,5,0,23,0,3,0,0,3,0,21,5,0,26,0,0,0,26
11/18/2003,JAC,WY,ANM,WE,Federal Contract Tower,0,22,10,0,32,0,1,0,0,1,0,23,10,0,33,0,0,0,33
11/19/2003,JAC,WY,ANM,WE,Federal Contract Tower,0,30,15,0,45,0,0,7,0,7,0,30,22,0,52,0,0,0,52
11/20/2003,JAC,WY,ANM,WE,Federal Contract Tower,0,23,5,0,28,0,5,0,0,5,0,28,5,0,33,2,0,2,35
11/21/2003,JAC,WY,ANM,WE,Federal Contract Tower,0,30,12,0,42,0,2,0,0,2,0,32,12,0,44,0,0,0,44
11/22/2003,JAC,WY,ANM,WE,Federal Contract Tower,0,26,13,0,39,0,0,4,0,4,0,26,17,0,43,37,0,37,80
11/23/2003,JAC,WY,ANM,WE,Federal Contract Tower,0,18,9,0,27,0,0,0,0,0,0,18,9,0,27,0,0,0,27
11/24/2003,JAC,WY,ANM,WE,Federal Contract Tower,0,30,15,0,45,0,0,0,0,0,0,30,15,0,45,0,0,0,45
11/25/2003,JAC,WY,ANM,WE,Federal Contract Tower,0,24,13,0,37,0,0,3,0,3,0,24,16,0,40,0,0,0,40
11/26/2003,JAC,WY,ANM,WE,Federal Contract Tower,0,29,17,0,46,0,0,5,0,5,0,29,22,0,51,0,0,0,51
11/27/2003,JAC,WY,ANM,WE,Federal Contract Tower,0,15,6,0,21,0,6,0,0,6,0,21,6,0,27,0,0,0,27
11/28/2003,JAC,WY,ANM,WE,Federal Contract Tower,0,24,11,0,35,0,5,4,0,9,0,29,15,0,44,10,0,10,54
11/29/2003,JAC,WY,ANM,WE,Federal Contract Tower,0,24,12,0,36,0,0,2,0,2,0,24,14,0,38,0,0,0,38
11/30/2003,JAC,WY,ANM,WE,Federal Contract Tower,0,21,15,0,36,0,0,13,0,13,0,21,28,0,49,10,0,10,59
12/01/2003,JAC,WY,ANM,WE,Federal Contract Tower,3,21,14,0,38,0,5,12,0,17,3,26,26,0,55,14,0,14,69
12/02/2003,JAC,WY,ANM,WE,Federal Contract Tower,4,19,13,0,36,0,6,0,1,7,4,25,13,1,43,0,0,0,43
12/03/2003,JAC,WY,ANM,WE,Federal Contract Tower,4,24,14,0,42,0,8,0,0,8,4,32,14,0,50,12,0,12,62
12/04/2003,JAC,WY,ANM,WE,Federal Contract Tower,4,20,14,0,38,0,0,15,0,15,4,20,29,0,53,10,0,10,63
12/05/2003,JAC,WY,ANM,WE,Federal Contract Tower,4,22,15,0,41,0,0,10,0,10,4,22,25,0,51,12,0,12,63
12/06/2003,JAC,WY,ANM,WE,Federal Contract Tower,4,17,10,0,31,0,4,0,0,4,4,21,10,0,35,0,0,0,35
12/07/2003,JAC,WY,ANM,WE,Federal Contract Tower,4,15,7,0,26,0,4,0,0,4,4,19,7,0,30,0,0,0,30
12/08/2003,JAC,WY,ANM,WE,Federal Contract Tower,4,19,14,0,37,0,1,1,0,2,4,20,15,0,39,0,0,0,39
12/09/2003,JAC,WY,ANM,WE,Federal Contract Tower,6,23,15,0,44,0,2,9,0,11,6,25,24,0,55,24,0,24,79
12/10/2003,JAC,WY,ANM,WE,Federal Contract Tower,4,19,14,0,37,0,0,2,0,2,4,19,16,0,39,8,0,8,47
12/11/2003,JAC,WY,ANM,WE,Federal Contract Tower,4,21,14,0,39,0,8,4,0,12,4,29,18,0,51,24,0,24,75
12/12/2003,JAC,WY,ANM,WE,Federal Contract Tower,4,22,14,0,40,0,5,2,0,7,4,27,16,0,47,0,0,0,47
12/13/2003,JAC,WY,ANM,WE,Federal Contract Tower,4,16,11,0,31,0,1,0,0,1,4,17,11,0,32,0,0,0,32
12/14/2003,JAC,WY,ANM,WE,Federal Contract Tower,4,11,9,0,24,0,0,6,0,6,4,11,15,0,30,2,0,2,32
12/15/2003,JAC,WY,ANM,WE,Federal Contract Tower,8,26,17,0,51,0,1,7,0,8,8,27,24,0,59,6,0,6,65
12/16/2003,JAC,WY,ANM,WE,Federal Contract Tower,6,16,11,0,33,3,0,14,0,17,9,16,25,0,50,4,0,4,54
12/17/2003,JAC,WY,ANM,WE,Federal Contract Tower,7,24,14,0,45,3,1,12,0,16,10,25,26,0,61,6,0,6,67
12/18/2003,JAC,WY,ANM,WE,Federal Contract Tower,7,28,17,0,52,4,6,9,0,19,11,34,26,0,71,14,0,14,85
12/19/2003,JAC,WY,ANM,WE,Federal Contract Tower,7,28,18,1,54,4,5,4,1,14,11,33,22,2,68,8,0,8,76
12/20/2003,JAC,WY,ANM,WE,Federal Contract Tower,12,45,28,0,85,1,6,6,0,13,13,51,34,0,98,28,0,28,126
12/21/2003,JAC,WY,ANM,WE,Federal Contract Tower,9,33,17,1,60,2,2,0,0,4,11,35,17,1,64,0,0,0,64
12/22/2003,JAC,WY,ANM,WE,Federal Contract Tower,10,35,22,1,68,2,1,12,1,16,12,36,34,2,84,10,0,10,94
12/23/2003,JAC,WY,ANM,WE,Federal Contract Tower,8,31,18,1,58,3,7,0,0,10,11,38,18,1,68,0,0,0,68
12/24/2003,JAC,WY,ANM,WE,Federal Contract Tower,7,26,16,1,50,3,4,4,0,11,10,30,20,1,61,0,0,0,61
12/25/2003,JAC,WY,ANM,WE,Federal Contract Tower,3,14,5,0,22,5,1,0,0,6,8,15,5,0,28,2,0,2,30
12/26/2003,JAC,WY,ANM,WE,Federal Contract Tower,8,22,21,0,51,0,0,11,0,11,8,22,32,0,62,0,0,0,62
12/27/2003,JAC,WY,ANM,WE,Federal Contract Tower,11,48,37,0,96,0,0,15,2,17,11,48,52,2,113,0,0,0,113
12/28/2003,JAC,WY,ANM,WE,Federal Contract Tower,4,25,28,0,57,0,0,20,0,20,4,25,48,0,77,0,0,0,77
12/29/2003,JAC,WY,ANM,WE,Federal Contract Tower,3,13,3,0,19,1,5,0,0,6,4,18,3,0,25,0,0,0,25
12/30/2003,JAC,WY,ANM,WE,Federal Contract Tower,10,30,24,0,64,6,0,7,0,13,16,30,31,0,77,0,0,0,77
12/31/2003,JAC,WY,ANM,WE,Federal Contract Tower,9,34,21,0,64,0,4,0,0,4,9,38,21,0,68,0,0,0,68
01/01/2004,JAC,WY,ANM,WE,Federal Contract Tower,5,10,5,0,20,3,0,0,0,3,8,10,5,0,23,0,0,0,23
01/02/2004,JAC,WY,ANM,WE,Federal Contract Tower,13,43,33,0,89,0,2,19,0,21,13,45,52,0,110,0,0,0,110
01/03/2004,JAC,WY,ANM,WE,Federal Contract Tower,15,47,37,0,99,0,0,11,3,14,15,47,48,3,113,0,0,0,113
01/04/2004,JAC,WY,ANM,WE,Federal Contract Tower,9,22,26,0,57,0,0,20,0,20,9,22,46,0,77,0,0,0,77
01/05/2004,JAC,WY,ANM,WE,Federal Contract Tower,13,37,28,0,78,0,13,17,0,30,13,50,45,0,108,12,0,12,120
01/06/2004,JAC,WY,ANM,WE,Federal Contract Tower,11,22,17,0,50,0,6,11,0,17,11,28,28,0,67,8,0,8,75
01/07/2004,JAC,WY,ANM,WE,Federal Contract Tower,9,17,8,0,34,2,5,0,0,7,11,22,8,0,41,0,0,0,41
01/08/2004,JAC,WY,ANM,WE,Federal Contract Tower,9,16,9,0,34,2,2,0,0,4,11,18,9,0,38,0,0,0,38
01/09/2004,JAC,WY,ANM,WE,Federal Contract Tower,11,19,17,0,47,1,0,15,0,16,12,19,32,0,63,10,0,10,73
01/10/2004,JAC,WY,ANM,WE,Federal Contract Tower,7,15,9,0,31,4,0,0,0,4,11,15,9,0,35,0,0,0,35
01/11/2004,JAC,WY,ANM,WE,Federal Contract Tower,8,16,14,0,38,8,0,11,0,19,16,16,25,0,57,14,0,14,71
01/12/2004,JAC,WY,ANM,WE,Federal Contract Tower,9,21,15,0,45,3,5,8,0,16,12,26,23,0,61,28,0,28,89
01/13/2004,JAC,WY,ANM,WE,Federal Contract Tower,10,21,15,0,46,2,0,9,0,11,12,21,24,0,57,20,0,20,77
01/14/2004,JAC,WY,ANM,WE,Federal Contract Tower,10,22,15,0,47,1,1,6,0,8,11,23,21,0,55,0,0,0,55
01/15/2004,JAC,WY,ANM,WE,Federal Contract Tower,10,25,19,0,54,0,9,11,0,20,10,34,30,0,74,24,0,24,98
01/16/2004,JAC,WY,ANM,WE,Federal Contract Tower,11,27,20,0,58,0,8,8,0,16,11,35,28,0,74,28,0,28,102
01/17/2004,JAC,WY,ANM,WE,Federal Contract Tower,9,21,15,0,45,4,5,3,0,12,13,26,18,0,57,4,0,4,61
01/18/2004,JAC,WY,ANM,WE,Federal Contract Tower,9,20,14,0,43,3,5,5,0,13,12,25,19,0,56,6,0,6,62
01/19/2004,JAC,WY,ANM,WE,Federal Contract Tower,11,31,17,0,59,0,12,0,2,14,11,43,17,2,73,0,0,0,73
01/20/2004,JAC,WY,ANM,WE,Federal Contract Tower,8,18,13,0,39,4,1,7,0,12,12,19,20,0,51,24,0,24,75
01/21/2004,JAC,WY,ANM,WE,Federal Contract Tower,10,25,18,0,53,0,4,5,0,9,10,29,23,0,62,16,0,16,78
01/22/2004,JAC,WY,ANM,WE,Federal Contract Tower,9,20,14,0,43,1,6,8,0,15,10,26,22,0,58,28,0,28,86
01/23/2004,JAC,WY,ANM,WE,Federal Contract Tower,10,15,16,0,41,1,0,14,2,17,11,15,30,2,58,22,0,22,80
01/24/2004,JAC,WY,ANM,WE,Federal Contract Tower,12,25,20,0,57,1,0,3,0,4,13,25,23,0,61,24,0,24,85
01/25/2004,JAC,WY,ANM,WE,Federal Contract Tower,8,17,13,0,38,3,0,0,0,3,11,17,13,0,41,0,0,0,41
01/26/2004,JAC,WY,ANM,WE,Federal Contract Tower,11,25,19,0,55,0,0,9,0,9,11,25,28,0,64,2,0,2,66
01/27/2004,JAC,WY,ANM,WE,Federal Contract Tower,10,22,14,0,46,1,1,0,0,2,11,23,14,0,48,0,0,0,48
01/28/2004,JAC,WY,ANM,WE,Federal Contract Tower,11,26,20,0,57,0,0,2,0,2,11,26,22,0,59,0,0,0,59
01/29/2004,JAC,WY,ANM,WE,Federal Contract Tower,10,27,19,0,56,0,0,2,0,2,10,27,21,0,58,0,0,0,58
01/30/2004,JAC,WY,ANM,WE,Federal Contract Tower,9,20,10,0,39,2,3,0,0,5,11,23,10,0,44,0,0,0,44
01/31/2004,JAC,WY,ANM,WE,Federal Contract Tower,11,25,18,0,54,2,4,19,0,25,13,29,37,0,79,0,0,0,79
02/01/2004,JAC,WY,ANM,WE,Federal Contract Tower,9,15,15,0,39,2,0,4,0,6,11,15,19,0,45,0,0,0,45
02/02/2004,JAC,WY,ANM,WE,Federal Contract Tower,10,20,17,0,47,0,2,3,0,5,10,22,20,0,52,0,0,0,52
02/03/2004,JAC,WY,ANM,WE,Federal Contract Tower,11,22,18,0,51,0,1,1,0,2,11,23,19,0,53,0,0,0,53
02/04/2004,JAC,WY,ANM,WE,Federal Contract Tower,10,24,20,0,54,0,1,2,0,3,10,25,22,0,57,5,0,5,62
02/05/2004,JAC,WY,ANM,WE,Federal Contract Tower,11,23,18,0,52,0,1,10,0,11,11,24,28,0,63,18,0,18,81
02/06/2004,JAC,WY,ANM,WE,Federal Contract Tower,11,23,19,0,53,0,8,10,0,18,11,31,29,0,71,14,0,14,85
02/07/2004,JAC,WY,ANM,WE,Federal Contract Tower,9,18,8,0,35,6,1,0,0,7,15,19,8,0,42,0,0,0,42
02/08/2004,JAC,WY,ANM,WE,Federal Contract Tower,11,25,21,0,57,0,0,6,0,6,11,25,27,0,63,6,0,6,69
02/09/2004,JAC,WY,ANM,WE,Federal Contract Tower,12,28,16,0,56,0,16,0,0,16,12,44,16,0,72,10,0,10,82
02/10/2004,JAC,WY,ANM,WE,Federal Contract Tower,8,17,14,0,39,3,0,4,0,7,11,17,18,0,46,16,0,16,62
02/11/2004,JAC,WY,ANM,WE,Federal Contract Tower,11,28,22,0,61,0,8,9,0,17,11,36,31,0,78,0,0,0,78
02/12/2004,JAC,WY,ANM,WE,Federal Contract Tower,11,27,22,0,60,0,1,23,0,24,11,28,45,0,84,21,0,21,105
02/13/2004,JAC,WY,ANM,WE,Federal Contract Tower,11,29,24,0,64,0,7,23,0,30,11,36,47,0,94,6,0,6,100
02/14/2004,JAC,WY,ANM,WE,Federal Contract Tower,13,29,21,0,63,4,6,19,0,29,17,35,40,0,92,4,0,4,96
02/15/2004,JAC,WY,ANM,WE,Federal Contract Tower,11,25,25,0,61,0,0,12,2,14,11,25,37,2,75,0,0,0,75
02/16/2004,JAC,WY,ANM,WE,Federal Contract Tower,10,32,23,0,65,0,3,12,1,16,10,35,35,1,81,2,0,2,83
02/17/2004,JAC,WY,ANM,WE,Federal Contract Tower,11,30,22,0,63,0,0,4,0,4,11,30,26,0,67,0,0,0,67
02/18/2004,JAC,WY,ANM,WE,Federal Contract Tower,11,27,19,0,57,0,1,7,0,8,11,28,26,0,65,0,0,0,65
02/19/2004,JAC,WY,ANM,WE,Federal Contract Tower,11,27,20,0,58,0,1,5,0,6,11,28,25,0,64,0,0,0,64
02/20/2004,JAC,WY,ANM,WE,Federal Contract Tower,9,22,16,0,47,1,4,21,0,26,10,26,37,0,73,48,0,48,121
02/21/2004,JAC,WY,ANM,WE,Federal Contract Tower,11,25,18,0,54,5,4,19,0,28,16,29,37,0,82,20,0,20,102
02/22/2004,JAC,WY,ANM,WE,Federal Contract Tower,10,27,20,0,57,0,2,14,0,16,10,29,34,0,73,0,0,0,73
02/23/2004,JAC,WY,ANM,WE,Federal Contract Tower,9,21,17,0,47,2,3,7,0,12,11,24,24,0,59,2,0,2,61
02/24/2004,JAC,WY,ANM,WE,Federal Contract Tower,8,18,14,0,40,2,0,11,0,13,10,18,25,0,53,10,0,10,63
02/25/2004,JAC,WY,ANM,WE,Federal Contract Tower,11,27,21,0,59,0,4,2,0,6,11,31,23,0,65,30,0,30,95
02/26/2004,JAC,WY,ANM,WE,Federal Contract Tower,10,23,20,0,53,0,0,4,0,4,10,23,24,0,57,0,0,0,57
02/27/2004,JAC,WY,ANM,WE,Federal Contract Tower,10,23,16,0,49,1,9,0,1,11,11,32,16,1,60,0,0,0,60
02/28/2004,JAC,WY,ANM,WE,Federal Contract Tower,11,26,21,0,58,5,7,2,0,14,16,33,23,0,72,0,0,0,72
02/29/2004,JAC,WY,ANM,WE,Federal Contract Tower,11,27,21,0,59,0,0,14,0,14,11,27,35,0,73,4,0,4,77
03/01/2004,JAC,WY,ANM,WE,Federal Contract Tower,11,24,16,0,51,0,2,17,0,19,11,26,33,0,70,6,0,6,76
03/02/2004,JAC,WY,ANM,WE,Federal Contract Tower,10,22,15,0,47,0,0,5,0,5,10,22,20,0,52,14,0,14,66
03/03/2004,JAC,WY,ANM,WE,Federal Contract Tower,11,23,16,0,50,0,1,12,0,13,11,24,28,0,63,12,0,12,75
03/04/2004,JAC,WY,ANM,WE,Federal Contract Tower,13,26,18,0,57,0,4,6,0,10,13,30,24,0,67,2,0,2,69
03/05/2004,JAC,WY,ANM,WE,Federal Contract Tower,11,31,21,0,63,0,11,0,0,11,11,42,21,0,74,12,0,12,86
03/06/2004,JAC,WY,ANM,WE,Federal Contract Tower,16,32,21,0,69,2,6,0,0,8,18,38,21,0,77,0,0,0,77
03/07/2004,JAC,WY,ANM,WE,Federal Contract Tower,11,28,18,0,57,0,4,12,2,18,11,32,30,2,75,6,0,6,81
03/08/2004,JAC,WY,ANM,WE,Federal Contract Tower,11,24,17,0,52,0,11,15,0,26,11,35,32,0,78,18,0,18,96
03/09/2004,JAC,WY,ANM,WE,Federal Contract Tower,10,20,13,0,43,1,3,17,0,21,11,23,30,0,64,18,0,18,82
03/10/2004,JAC,WY,ANM,WE,Federal Contract Tower,11,22,15,0,48,0,14,14,0,28,11,36,29,0,76,42,0,42,118
03/11/2004,JAC,WY,ANM,WE,Federal Contract Tower,11,28,18,1,58,0,6,21,1,28,11,34,39,2,86,42,0,42,128
03/12/2004,JAC,WY,ANM,WE,Federal Contract Tower,10,39,26,1,76,0,7,31,0,38,10,46,57,1,114,16,0,16,130
03/13/2004,JAC,WY,ANM,WE,Federal Contract Tower,13,28,19,0,60,5,4,11,0,20,18,32,30,0,80,12,0,12,92
03/14/2004,JAC,WY,ANM,WE,Federal Contract Tower,11,30,20,0,61,0,2,7,0,9,11,32,27,0,70,0,0,0,70
03/15/2004,JAC,WY,ANM,WE,Federal Contract Tower,9,21,14,1,45,2,2,6,0,10,11,23,20,1,55,4,0,4,59
03/16/2004,JAC,WY,ANM,WE,Federal Contract Tower,11,28,18,1,58,0,5,4,1,10,11,33,22,2,68,2,0,2,70
03/17/2004,JAC,WY,ANM,WE,Federal Contract Tower,10,21,14,1,46,1,2,12,0,15,11,23,26,1,61,16,0,16,77
03/18/2004,JAC,WY,ANM,WE,Federal Contract Tower,9,20,11,0,40,2,5,28,0,35,11,25,39,0,75,33,0,33,108
03/19/2004,JAC,WY,ANM,WE,Federal Contract Tower,11,23,14,1,49,0,6,0,2,8,11,29,14,3,57,0,0,0,57
03/20/2004,JAC,WY,ANM,WE,Federal Contract Tower,14,30,19,0,63,3,7,21,0,31,17,37,40,0,94,34,0,34,128
03/21/2004,JAC,WY,ANM,WE,Federal Contract Tower,11,30,18,0,59,0,2,28,0,30,11,32,46,0,89,18,0,18,107
03/22/2004,JAC,WY,ANM,WE,Federal Contract Tower,9,21,14,0,44,2,6,15,0,23,11,27,29,0,67,0,0,0,67
03/23/2004,JAC,WY,ANM,WE,Federal Contract Tower,7,16,10,0,33,4,5,5,0,14,11,21,15,0,47,18,0,18,65
03/24/2004,JAC,WY,ANM,WE,Federal Contract Tower,10,22,16,0,48,1,0,25,0,26,11,22,41,0,74,24,0,24,98
03/25/2004,JAC,WY,ANM,WE,Federal Contract Tower,10,24,16,0,50,1,6,16,0,23,11,30,32,0,73,18,0,18,91
03/26/2004,JAC,WY,ANM,WE,Federal Contract Tower,11,30,19,0,60,0,6,4,0,10,11,36,23,0,70,0,0,0,70
03/27/2004,JAC,WY,ANM,WE,Federal Contract Tower,13,27,18,0,58,4,0,9,0,13,17,27,27,0,71,0,0,0,71
03/28/2004,JAC,WY,ANM,WE,Federal Contract Tower,11,20,15,0,46,0,0,12,0,12,11,20,27,0,58,0,0,0,58
03/29/2004,JAC,WY,ANM,WE,Federal Contract Tower,7,16,10,0,33,4,4,26,0,34,11,20,36,0,67,10,0,10,77
03/30/2004,JAC,WY,ANM,WE,Federal Contract Tower,8,19,13,0,40,3,4,19,0,26,11,23,32,0,66,0,0,0,66
03/31/2004,JAC,WY,ANM,WE,Federal Contract Tower,9,18,13,0,40,1,0,22,0,23,10,18,35,0,63,20,0,20,83
04/01/2004,JAC,WY,ANM,WE,Federal Contract Tower,1,15,9,0,25,5,0,2,0,7,6,15,11,0,32,2,0,2,34
04/02/2004,JAC,WY,ANM,WE,Federal Contract Tower,1,23,11,0,35,4,0,3,0,7,5,23,14,0,42,0,0,0,42
04/03/2004,JAC,WY,ANM,WE,Federal Contract Tower,1,17,11,0,29,8,0,4,0,12,9,17,15,0,41,0,0,0,41
04/04/2004,JAC,WY,ANM,WE,Federal Contract Tower,1,13,6,0,20,0,5,8,0,13,1,18,14,0,33,0,0,0,33
04/05/2004,JAC,WY,ANM,WE,Federal Contract Tower,0,18,9,0,27,0,3,13,0,16,0,21,22,0,43,4,0,4,47
04/06/2004,JAC,WY,ANM,WE,Federal Contract Tower,0,2,9,0,11,0,0,12,0,12,0,2,21,0,23,0,0,0,23
04/07/2004,JAC,WY,ANM,WE,Federal Contract Tower,0,23,11,0,34,0,3,4,0,7,0,26,15,0,41,0,0,0,41
04/08/2004,JAC,WY,ANM,WE,Federal Contract Tower,0,19,9,0,28,0,0,2,0,2,0,19,11,0,30,0,0,0,30
04/09/2004,JAC,WY,ANM,WE,Federal Contract Tower,0,11,6,0,17,0,1,0,0,1,0,12,6,0,18,0,0,0,18
04/10/2004,JAC,WY,ANM,WE,Federal Contract Tower,0,16,8,0,24,0,3,22,0,25,0,19,30,0,49,42,0,42,91
04/11/2004,JAC,WY,ANM,WE,Federal Contract Tower,0,14,7,0,21,0,9,9,0,18,0,23,16,0,39,10,0,10,49
04/12/2004,JAC,WY,ANM,WE,Federal Contract Tower,0,25,12,0,37,0,2,20,0,22,0,27,32,0,59,16,0,16,75
04/13/2004,JAC,WY,ANM,WE,Federal Contract Tower,0,12,6,0,18,0,7,7,2,16,0,19,13,2,34,4,0,4,38
04/14/2004,JAC,WY,ANM,WE,Federal Contract Tower,0,21,10,0,31,0,0,7,0,7,0,21,17,0,38,10,0,10,48
04/15/2004,JAC,WY,ANM,WE,Federal Contract Tower,0,17,7,0,24,0,14,0,0,14,0,31,7,0,38,2,0,2,40
04/16/2004,JAC,WY,ANM,WE,Federal Contract Tower,0,19,10,0,29,0,5,2,2,9,0,24,12,2,38,14,0,14,52
04/17/2004,JAC,WY,ANM,WE,Federal Contract Tower,0,12,2,0,14,0,7,0,0,7,0,19,2,0,21,0,0,0,21
04/18/2004,JAC,WY,ANM,WE,Federal Contract Tower,0,8,7,0,15,0,0,3,0,3,0,8,10,0,18,0,0,0,18
04/19/2004,JAC,WY,ANM,WE,Federal Contract Tower,0,22,10,0,32,0,6,2,0,8,0,28,12,0,40,16,0,16,56
04/20/2004,JAC,WY,ANM,WE,Federal Contract Tower,0,18,7,0,25,0,5,0,0,5,0,23,7,0,30,0,0,0,30
04/21/2004,JAC,WY,ANM,WE,Federal Contract Tower,0,23,10,0,33,0,0,4,0,4,0,23,14,0,37,0,0,0,37
04/22/2004,JAC,WY,ANM,WE,Federal Contract Tower,0,17,7,0,24,0,7,12,0,19,0,24,19,0,43,16,0,16,59
04/23/2004,JAC,WY,ANM,WE,Federal Contract Tower,0,16,7,0,23,0,5,22,0,27,0,21,29,0,50,36,0,36,86
04/24/2004,JAC,WY,ANM,WE,Federal Contract Tower,0,16,6,0,22,0,4,15,0,19,0,20,21,0,41,28,0,28,69
04/25/2004,JAC,WY,ANM,WE,Federal Contract Tower,0,18,8,0,26,0,0,33,0,33,0,18,41,0,59,4,0,4,63
04/26/2004,JAC,WY,ANM,WE,Federal Contract Tower,0,15,7,0,22,0,4,13,0,17,0,19,20,0,39,16,0,16,55
04/27/2004,JAC,WY,ANM,WE,Federal Contract Tower,0,20,9,0,29,0,1,11,0,12,0,21,20,0,41,2,0,2,43
04/28/2004,JAC,WY,ANM,WE,Federal Contract Tower,0,26,13,0,39,0,0,3,0,3,0,26,16,0,42,0,0,0,42
04/29/2004,JAC,WY,ANM,WE,Federal Contract Tower,0,24,12,0,36,0,0,7,0,7,0,24,19,0,43,0,0,0,43
04/30/2004,JAC,WY,ANM,WE,Federal Contract Tower,0,26,13,0,39,0,0,18,0,18,0,26,31,0,57,22,0,22,79
05/01/2004,JAC,WY,ANM,WE,Federal Contract Tower,0,17,7,0,24,0,5,13,0,18,0,22,20,0,42,12,0,12,54
05/02/2004,JAC,WY,ANM,WE,Federal Contract Tower,0,21,9,0,30,0,3,25,0,28,0,24,34,0,58,0,0,0,58
05/03/2004,JAC,WY,ANM,WE,Federal Contract Tower,0,26,11,0,37,0,1,12,0,13,0,27,23,0,50,0,0,0,50
05/04/2004,JAC,WY,ANM,WE,Federal Contract Tower,0,20,9,0,29,0,2,17,0,19,0,22,26,0,48,4,0,4,52
05/05/2004,JAC,WY,ANM,WE,Federal Contract Tower,0,31,14,0,45,0,2,15,0,17,0,33,29,0,62,16,0,16,78
05/06/2004,JAC,WY,ANM,WE,Federal Contract Tower,0,27,15,0,42,0,0,23,0,23,0,27,38,0,65,12,0,12,77
05/07/2004,JAC,WY,ANM,WE,Federal Contract Tower,0,21,9,0,30,0,7,14,0,21,0,28,23,0,51,6,0,6,57
05/08/2004,JAC,WY,ANM,WE,Federal Contract Tower,1,18,8,0,27,1,6,8,0,15,2,24,16,0,42,2,0,2,44
05/09/2004,JAC,WY,ANM,WE,Federal Contract Tower,0,19,9,0,28,0,4,9,0,13,0,23,18,0,41,2,0,2,43
05/10/2004,JAC,WY,ANM,WE,Federal Contract Tower,0,21,11,0,32,0,5,11,0,16,0,26,22,0,48,12,0,12,60
05/11/2004,JAC,WY,ANM,WE,Federal Contract Tower,0,31,14,0,45,0,6,0,0,6,0,37,14,0,51,0,0,0,51
05/12/2004,JAC,WY,ANM,WE,Federal Contract Tower,0,24,5,0,29,0,8,0,0,8,0,32,5,0,37,0,0,0,37
05/13/2004,JAC,WY,ANM,WE,Federal Contract Tower,0,32,15,0,47,0,0,15,0,15,0,32,30,0,62,0,0,0,62
05/14/2004,JAC,WY,ANM,WE,Federal Contract Tower,0,30,14,0,44,0,2,5,0,7,0,32,19,0,51,0,0,0,51
05/15/2004,JAC,WY,ANM,WE,Federal Contract Tower,0,21,9,0,30,2,5,17,0,24,2,26,26,0,54,4,0,4,58
05/16/2004,JAC,WY,ANM,WE,Federal Contract Tower,0,23,12,0,35,0,0,13,0,13,0,23,25,0,48,0,0,0,48
05/17/2004,JAC,WY,ANM,WE,Federal Contract Tower,0,23,10,0,33,0,1,14,2,17,0,24,24,2,50,20,0,20,70
05/18/2004,JAC,WY,ANM,WE,Federal Contract Tower,0,27,11,0,38,0,3,17,0,20,0,30,28,0,58,10,0,10,68
05/19/2004,JAC,WY,ANM,WE,Federal Contract Tower,0,29,13,0,42,0,1,27,0,28,0,30,40,0,70,22,0,22,92
05/20/2004,JAC,WY,ANM,WE,Federal Contract Tower,0,23,10,0,33,0,5,4,0,9,0,28,14,0,42,12,0,12,54
05/21/2004,JAC,WY,ANM,WE,Federal Contract Tower,0,25,11,0,36,0,7,7,0,14,0,32,18,0,50,0,0,0,50
05/22/2004,JAC,WY,ANM,WE,Federal Contract Tower,0,27,12,0,39,2,1,4,0,7,2,28,16,0,46,0,0,0,46
05/23/2004,JAC,WY,ANM,WE,Federal Contract Tower,0,21,7,0,28,0,4,0,0,4,0,25,7,0,32,16,0,16,48
05/24/2004,JAC,WY,ANM,WE,Federal Contract Tower,0,29,13,0,42,0,5,3,0,8,0,34,16,0,50,12,0,12,62
05/25/2004,JAC,WY,ANM,WE,Federal Contract Tower,0,23,10,0,33,0,1,6,0,7,0,24,16,0,40,8,0,8,48
05/26/2004,JAC,WY,ANM,WE,Federal Contract Tower,0,29,12,0,41,0,1,6,0,7,0,30,18,0,48,4,0,4,52
05/27/2004,JAC,WY,ANM,WE,Federal Contract Tower,0,35,15,0,50,0,0,13,2,15,0,35,28,2,65,8,0,8,73
05/28/2004,JAC,WY,ANM,WE,Federal Contract Tower,0,40,17,0,57,0,2,0,1,3,0,42,17,1,60,0,0,0,60
05/29/2004,JAC,WY,ANM,WE,Federal Contract Tower,0,24,11,0,35,4,0,0,2,6,4,24,11,2,41,0,0,0,41
05/30/2004,JAC,WY,ANM,WE,Federal Contract Tower,0,25,11,0,36,0,0,6,4,10,0,25,17,4,46,2,0,2,48
05/31/2004,JAC,WY,ANM,WE,Federal Contract Tower,0,26,11,0,37,0,0,34,3,37,0,26,45,3,74,8,0,8,82
06/01/2004,JAC,WY,ANM,WE,Federal Contract Tower,3,20,17,0,40,0,10,27,4,41,3,30,44,4,81,28,0,28,109
06/02/2004,JAC,WY,ANM,WE,Federal Contract Tower,4,22,19,0,45,0,6,47,0,53,4,28,66,0,98,40,0,40,138
06/03/2004,JAC,WY,ANM,WE,Federal Contract Tower,7,28,23,0,58,0,0,54,0,54,7,28,77,0,112,16,0,16,128
06/04/2004,JAC,WY,ANM,WE,Federal Contract Tower,7,24,20,0,51,0,6,32,0,38,7,30,52,0,89,26,0,26,115
06/05/2004,JAC,WY,ANM,WE,Federal Contract Tower,7,15,13,0,35,5,7,22,0,34,12,22,35,0,69,2,0,2,71
06/06/2004,JAC,WY,ANM,WE,Federal Contract Tower,11,23,23,0,57,1,0,22,0,23,12,23,45,0,80,26,0,26,106
06/07/2004,JAC,WY,ANM,WE,Federal Contract Tower,8,19,16,0,43,0,9,35,0,44,8,28,51,0,87,12,0,12,99
06/08/2004,JAC,WY,ANM,WE,Federal Contract Tower,8,22,18,0,48,0,7,34,0,41,8,29,52,0,89,26,0,26,115
06/09/2004,JAC,WY,ANM,WE,Federal Contract Tower,8,24,20,0,52,0,5,28,0,33,8,29,48,0,85,20,0,20,105
06/10/2004,JAC,WY,ANM,WE,Federal Contract Tower,11,21,23,0,55,0,0,7,0,7,11,21,30,0,62,0,0,0,62
06/11/2004,JAC,WY,ANM,WE,Federal Contract Tower,11,32,29,0,72,0,0,19,4,23,11,32,48,4,95,0,0,0,95
06/12/2004,JAC,WY,ANM,WE,Federal Contract Tower,12,28,24,0,64,5,3,36,0,44,17,31,60,0,108,8,0,8,116
06/13/2004,JAC,WY,ANM,WE,Federal Contract Tower,13,31,26,0,70,6,2,31,0,39,19,33,57,0,109,0,0,0,109
06/14/2004,JAC,WY,ANM,WE,Federal Contract Tower,10,23,20,0,53,1,10,19,0,30,11,33,39,0,83,4,0,4,87
06/15/2004,JAC,WY,ANM,WE,Federal Contract Tower,11,25,21,0,57,0,9,19,0,28,11,34,40,0,85,0,0,0,85
06/16/2004,JAC,WY,ANM,WE,Federal Contract Tower,11,25,21,0,57,0,13,26,0,39,11,38,47,0,96,0,0,0,96
06/17/2004,JAC,WY,ANM,WE,Federal Contract Tower,10,27,23,0,60,1,3,33,0,37,11,30,56,0,97,12,0,12,109
06/18/2004,JAC,WY,ANM,WE,Federal Contract Tower,11,37,30,0,78,0,1,20,0,21,11,38,50,0,99,2,0,2,101
06/19/2004,JAC,WY,ANM,WE,Federal Contract Tower,11,29,23,1,64,7,4,9,1,21,18,33,32,2,85,0,0,0,85
06/20/2004,JAC,WY,ANM,WE,Federal Contract Tower,10,25,22,0,57,8,0,23,0,31,18,25,45,0,88,6,0,6,94
06/21/2004,JAC,WY,ANM,WE,Federal Contract Tower,11,33,27,0,71,0,1,34,0,35,11,34,61,0,106,0,0,0,106
06/22/2004,JAC,WY,ANM,WE,Federal Contract Tower,9,25,21,0,55,2,13,35,0,50,11,38,56,0,105,0,0,0,105
06/23/2004,JAC,WY,ANM,WE,Federal Contract Tower,11,32,26,0,69,0,19,33,0,52,11,51,59,0,121,0,0,0,121
06/24/2004,JAC,WY,ANM,WE,Federal Contract Tower,11,38,32,0,81,0,3,59,0,62,11,41,91,0,143,0,0,0,143
06/25/2004,JAC,WY,ANM,WE,Federal Contract Tower,12,35,29,0,76,0,12,63,0,75,12,47,92,0,151,0,0,0,151
06/26/2004,JAC,WY,ANM,WE,Federal Contract Tower,12,30,25,0,67,6,0,36,0,42,18,30,61,0,109,0,0,0,109
06/27/2004,JAC,WY,ANM,WE,Federal Contract Tower,16,41,34,0,91,2,0,36,0,38,18,41,70,0,129,0,0,0,129
06/28/2004,JAC,WY,ANM,WE,Federal Contract Tower,12,37,31,0,80,0,14,19,0,33,12,51,50,0,113,0,0,0,113
06/29/2004,JAC,WY,ANM,WE,Federal Contract Tower,9,25,20,0,54,2,6,29,0,37,11,31,49,0,91,0,0,0,91
06/30/2004,JAC,WY,ANM,WE,Federal Contract Tower,12,32,27,0,71,0,10,32,0,42,12,42,59,0,113,14,0,14,127
07/01/2004,JAC,WY,ANM,WE,Federal Contract Tower,12,36,31,0,79,0,16,40,0,56,12,52,71,0,135,16,0,16,151
07/02/2004,JAC,WY,ANM,WE,Federal Contract Tower,12,29,25,0,66,0,15,29,1,45,12,44,54,1,111,0,0,0,111
07/03/2004,JAC,WY,ANM,WE,Federal Contract Tower,14,26,23,0,63,5,10,42,0,57,19,36,65,0,120,0,0,0,120
07/04/2004,JAC,WY,ANM,WE,Federal Contract Tower,9,17,16,0,42,9,1,9,0,19,18,18,25,0,61,2,0,2,63
07/05/2004,JAC,WY,ANM,WE,Federal Contract Tower,10,38,34,0,82,0,10,40,0,50,10,48,74,0,132,12,0,12,144
07/06/2004,JAC,WY,ANM,WE,Federal Contract Tower,12,29,26,0,67,0,14,44,0,58,12,43,70,0,125,2,0,2,127
07/07/2004,JAC,WY,ANM,WE,Federal Contract Tower,11,22,20,0,53,3,6,37,0,46,14,28,57,0,99,2,0,2,101
07/08/2004,JAC,WY,ANM,WE,Federal Contract Tower,13,32,28,0,73,0,17,38,0,55,13,49,66,0,128,20,0,20,148
07/09/2004,JAC,WY,ANM,WE,Federal Contract Tower,14,31,27,0,72,0,6,49,0,55,14,37,76,0,127,20,0,20,147
07/10/2004,JAC,WY,ANM,WE,Federal Contract Tower,16,32,28,0,76,4,3,47,2,56,20,35,75,2,132,0,0,0,132
07/11/2004,JAC,WY,ANM,WE,Federal Contract Tower,18,35,31,0,84,2,2,51,0,55,20,37,82,0,139,4,0,4,143
07/12/2004,JAC,WY,ANM,WE,Federal Contract Tower,15,29,25,0,69,1,12,58,0,71,16,41,83,0,140,0,0,0,140
07/13/2004,JAC,WY,ANM,WE,Federal Contract Tower,7,14,13,0,34,6,14,46,0,66,13,28,59,0,100,2,0,2,102
07/14/2004,JAC,WY,ANM,WE,Federal Contract Tower,13,25,22,0,60,1,4,35,0,40,14,29,57,0,100,0,0,0,100
07/15/2004,JAC,WY,ANM,WE,Federal Contract Tower,13,33,29,0,75,0,11,32,0,43,13,44,61,0,118,0,0,0,118
07/16/2004,JAC,WY,ANM,WE,Federal Contract Tower,14,33,27,1,75,0,7,66,2,75,14,40,93,3,150,4,0,4,154
07/17/2004,JAC,WY,ANM,WE,Federal Contract Tower,15,34,28,1,78,9,0,38,0,47,24,34,66,1,125,4,0,4,129
07/18/2004,JAC,WY,ANM,WE,Federal Contract Tower,17,31,31,0,79,3,0,38,0,41,20,31,69,0,120,10,0,10,130
07/19/2004,JAC,WY,ANM,WE,Federal Contract Tower,14,33,27,1,75,0,8,20,2,30,14,41,47,3,105,8,0,8,113
07/20/2004,JAC,WY,ANM,WE,Federal Contract Tower,13,29,23,0,65,0,11,47,0,58,13,40,70,0,123,6,0,6,129
07/21/2004,JAC,WY,ANM,WE,Federal Contract Tower,13,31,25,0,69,0,12,42,0,54,13,43,67,0,123,12,0,12,135
07/22/2004,JAC,WY,ANM,WE,Federal Contract Tower,10,28,22,1,61,0,23,36,2,61,10,51,58,3,122,30,0,30,152
07/23/2004,JAC,WY,ANM,WE,Federal Contract Tower,14,40,33,1,88,0,6,57,4,67,14,46,90,5,155,6,0,6,161
07/24/2004,JAC,WY,ANM,WE,Federal Contract Tower,19,36,33,1,89,2,0,54,3,59,21,36,87,4,148,42,0,42,190
07/25/2004,JAC,WY,ANM,WE,Federal Contract Tower,21,43,37,1,102,4,0,52,1,57,25,43,89,2,159,6,0,6,165
07/26/2004,JAC,WY,ANM,WE,Federal Contract Tower,10,20,18,1,49,4,0,33,0,37,14,20,51,1,86,30,0,30,116
07/27/2004,JAC,WY,ANM,WE,Federal Contract Tower,11,25,21,0,57,2,11,58,0,71,13,36,79,0,128,18,0,18,146
07/28/2004,JAC,WY,ANM,WE,Federal Contract Tower,13,31,26,1,71,0,17,37,0,54,13,48,63,1,125,46,0,46,171
07/29/2004,JAC,WY,ANM,WE,Federal Contract Tower,12,31,26,0,69,0,12,56,0,68,12,43,82,0,137,10,0,10,147
07/30/2004,JAC,WY,ANM,WE,Federal Contract Tower,17,38,33,0,88,0,3,59,2,64,17,41,92,2,152,22,0,22,174
07/31/2004,JAC,WY,ANM,WE,Federal Contract Tower,13,29,24,0,66,9,0,44,1,54,22,29,68,1,120,2,0,2,122
08/01/2004,JAC,WY,ANM,WE,Federal Contract Tower,19,36,37,0,92,2,0,50,0,52,21,36,87,0,144,20,0,20,164
08/02/2004,JAC,WY,ANM,WE,Federal Contract Tower,13,30,28,0,71,0,10,38,4,52,13,40,66,4,123,22,0,22,145
08/03/2004,JAC,WY,ANM,WE,Federal Contract Tower,13,25,24,0,62,0,10,24,4,38,13,35,48,4,100,36,0,36,136
08/04/2004,JAC,WY,ANM,WE,Federal Contract Tower,13,36,34,0,83,0,16,46,8,70,13,52,80,8,153,34,0,34,187
08/05/2004,JAC,WY,ANM,WE,Federal Contract Tower,13,32,30,0,75,0,22,38,0,60,13,54,68,0,135,16,0,16,151
08/06/2004,JAC,WY,ANM,WE,Federal Contract Tower,13,35,33,0,81,0,8,64,3,75,13,43,97,3,156,4,0,4,160
08/07/2004,JAC,WY,ANM,WE,Federal Contract Tower,18,34,34,0,86,4,0,43,0,47,22,34,77,0,133,2,0,2,135
08/08/2004,JAC,WY,ANM,WE,Federal Contract Tower,21,43,40,0,104,0,6,48,0,54,21,49,88,0,158,8,0,8,166
08/09/2004,JAC,WY,ANM,WE,Federal Contract Tower,10,31,28,0,69,0,4,45,4,53,10,35,73,4,122,36,0,36,158
08/10/2004,JAC,WY,ANM,WE,Federal Contract Tower,12,26,24,0,62,0,11,41,2,54,12,37,65,2,116,18,0,18,134
08/11/2004,JAC,WY,ANM,WE,Federal Contract Tower,13,29,27,0,69,0,2,54,1,57,13,31,81,1,126,22,0,22,148
08/12/2004,JAC,WY,ANM,WE,Federal Contract Tower,14,39,37,1,91,0,11,68,2,81,14,50,105,3,172,30,0,30,202
08/13/2004,JAC,WY,ANM,WE,Federal Contract Tower,13,35,33,1,82,0,4,65,1,70,13,39,98,2,152,18,0,18,170
08/14/2004,JAC,WY,ANM,WE,Federal Contract Tower,18,38,35,1,92,3,5,45,3,56,21,43,80,4,148,34,0,34,182
08/15/2004,JAC,WY,ANM,WE,Federal Contract Tower,21,48,45,1,115,0,3,30,1,34,21,51,75,2,149,2,0,2,151
08/16/2004,JAC,WY,ANM,WE,Federal Contract Tower,12,27,25,1,65,1,14,42,3,60,13,41,67,4,125,6,0,6,131
08/17/2004,JAC,WY,ANM,WE,Federal Contract Tower,12,28,25,0,65,2,23,23,0,48,14,51,48,0,113,0,0,0,113
08/18/2004,JAC,WY,ANM,WE,Federal Contract Tower,9,30,26,1,66,0,23,9,1,33,9,53,35,2,99,2,0,2,101
08/19/2004,JAC,WY,ANM,WE,Federal Contract Tower,13,34,29,1,77,0,8,18,1,27,13,42,47,2,104,0,0,0,104
08/20/2004,JAC,WY,ANM,WE,Federal Contract Tower,13,37,32,1,83,0,3,54,1,58,13,40,86,2,141,14,0,14,155
08/21/2004,JAC,WY,ANM,WE,Federal Contract Tower,16,37,33,1,87,4,2,24,3,33,20,39,57,4,120,12,0,12,132
08/22/2004,JAC,WY,ANM,WE,Federal Contract Tower,16,37,32,0,85,5,7,14,0,26,21,44,46,0,111,10,0,10,121
08/23/2004,JAC,WY,ANM,WE,Federal Contract Tower,11,25,22,0,58,1,10,19,0,30,12,35,41,0,88,4,0,4,92
08/24/2004,JAC,WY,ANM,WE,Federal Contract Tower,12,27,23,0,62,1,9,27,0,37,13,36,50,0,99,24,0,24,123
08/25/2004,JAC,WY,ANM,WE,Federal Contract Tower,13,35,31,0,79,0,17,11,0,28,13,52,42,0,107,0,0,0,107
08/26/2004,JAC,WY,ANM,WE,Federal Contract Tower,11,26,23,0,60,2,7,9,0,18,13,33,32,0,78,14,0,14,92
08/27/2004,JAC,WY,ANM,WE,Federal Contract Tower,14,32,27,0,73,0,2,28,0,30,14,34,55,0,103,0,0,0,103
08/28/2004,JAC,WY,ANM,WE,Federal Contract Tower,14,33,29,0,76,6,7,36,0,49,20,40,65,0,125,14,0,14,139
08/29/2004,JAC,WY,ANM,WE,Federal Contract Tower,15,30,29,0,74,6,0,41,0,47,21,30,70,0,121,14,0,14,135
08/30/2004,JAC,WY,ANM,WE,Federal Contract Tower,9,21,18,0,48,4,9,45,0,58,13,30,63,0,106,38,0,38,144
08/31/2004,JAC,WY,ANM,WE,Federal Contract Tower,11,24,21,1,57,0,18,37,0,55,11,42,58,1,112,16,0,16,128
09/01/2004,JAC,WY,ANM,WE,Federal Contract Tower,9,29,25,0,63,2,12,27,0,41,11,41,52,0,104,16,0,16,120
09/02/2004,JAC,WY,ANM,WE,Federal Contract Tower,10,40,29,0,79,0,10,13,0,23,10,50,42,0,102,2,0,2,104
09/03/2004,JAC,WY,ANM,WE,Federal Contract Tower,9,38,37,0,84,0,0,2,0,2,9,38,39,0,86,0,0,0,86
09/04/2004,JAC,WY,ANM,WE,Federal Contract Tower,15,41,21,0,77,0,0,8,0,8,15,41,29,0,85,0,0,0,85
09/05/2004,JAC,WY,ANM,WE,Federal Contract Tower,18,38,29,0,85,0,4,31,0,35,18,42,60,0,120,0,0,0,120
09/06/2004,JAC,WY,ANM,WE,Federal Contract Tower,9,48,35,0,92,0,5,56,0,61,9,53,91,0,153,2,0,2,155
09/07/2004,JAC,WY,ANM,WE,Federal Contract Tower,9,29,17,0,55,0,12,35,0,47,9,41,52,0,102,0,0,0,102
09/08/2004,JAC,WY,ANM,WE,Federal Contract Tower,7,34,21,0,62,0,3,37,0,40,7,37,58,0,102,0,0,0,102
09/09/2004,JAC,WY,ANM,WE,Federal Contract Tower,7,32,27,2,68,0,16,32,1,49,7,48,59,3,117,12,0,12,129
09/10/2004,JAC,WY,ANM,WE,Federal Contract Tower,7,32,25,1,65,0,11,61,0,72,7,43,86,1,137,28,0,28,165
09/11/2004,JAC,WY,ANM,WE,Federal Contract Tower,8,36,13,0,57,0,7,45,0,52,8,43,58,0,109,8,0,8,117
09/12/2004,JAC,WY,ANM,WE,Federal Contract Tower,7,41,34,0,82,0,0,21,0,21,7,41,55,0,103,0,0,0,103
09/13/2004,JAC,WY,ANM,WE,Federal Contract Tower,7,27,30,0,64,0,5,15,0,20,7,32,45,0,84,0,0,0,84
09/14/2004,JAC,WY,ANM,WE,Federal Contract Tower,7,34,23,0,64,0,0,5,0,5,7,34,28,0,69,8,0,8,77
09/15/2004,JAC,WY,ANM,WE,Federal Contract Tower,7,29,34,0,70,0,2,29,0,31,7,31,63,0,101,24,0,24,125
09/16/2004,JAC,WY,ANM,WE,Federal Contract Tower,7,28,30,0,65,0,7,33,0,40,7,35,63,0,105,10,0,10,115
09/17/2004,JAC,WY,ANM,WE,Federal Contract Tower,7,31,26,0,64,0,14,49,0,63,7,45,75,0,127,36,0,36,163
09/18/2004,JAC,WY,ANM,WE,Federal Contract Tower,8,33,23,0,64,0,9,40,6,55,8,42,63,6,119,22,0,22,141
09/19/2004,JAC,WY,ANM,WE,Federal Contract Tower,6,38,42,0,86,0,2,9,0,11,6,40,51,0,97,18,0,18,115
09/20/2004,JAC,WY,ANM,WE,Federal Contract Tower,8,30,18,0,56,0,0,5,0,5,8,30,23,0,61,12,0,12,73
09/21/2004,JAC,WY,ANM,WE,Federal Contract Tower,8,37,18,0,63,0,5,20,0,25,8,42,38,0,88,30,0,30,118
09/22/2004,JAC,WY,ANM,WE,Federal Contract Tower,7,29,35,0,71,0,2,8,0,10,7,31,43,0,81,34,0,34,115
09/23/2004,JAC,WY,ANM,WE,Federal Contract Tower,7,29,36,0,72,0,10,30,0,40,7,39,66,0,112,30,0,30,142
09/24/2004,JAC,WY,ANM,WE,Federal Contract Tower,7,34,31,0,72,0,10,51,0,61,7,44,82,0,133,18,0,18,151
09/25/2004,JAC,WY,ANM,WE,Federal Contract Tower,8,28,8,0,44,0,7,49,0,56,8,35,57,0,100,16,0,16,116
09/26/2004,JAC,WY,ANM,WE,Federal Contract Tower,7,34,26,0,67,0,9,43,0,52,7,43,69,0,119,34,0,34,153
09/27/2004,JAC,WY,ANM,WE,Federal Contract Tower,7,31,9,0,47,0,3,32,0,35,7,34,41,0,82,30,0,30,112
09/28/2004,JAC,WY,ANM,WE,Federal Contract Tower,7,22,19,2,50,0,4,13,0,17,7,26,32,2,67,28,2,30,97
09/29/2004,JAC,WY,ANM,WE,Federal Contract Tower,6,29,23,2,60,0,2,28,0,30,6,31,51,2,90,30,2,32,122
09/30/2004,JAC,WY,ANM,WE,Federal Contract Tower,7,37,37,1,82,0,0,8,2,10,7,37,45,3,92,4,0,4,96
10/01/2004,JAC,WY,ANM,WE,Federal Contract Tower,3,31,31,0,65,0,7,16,0,23,3,38,47,0,88,8,0,8,96
10/02/2004,JAC,WY,ANM,WE,Federal Contract Tower,4,25,21,2,52,0,7,17,2,26,4,32,38,4,78,16,0,16,94
10/03/2004,JAC,WY,ANM,WE,Federal Contract Tower,3,36,25,0,64,0,2,31,0,33,3,38,56,0,97,24,0,24,121
10/04/2004,JAC,WY,ANM,WE,Federal Contract Tower,1,45,19,0,65,0,1,19,2,22,1,46,38,2,87,22,2,24,111
10/05/2004,JAC,WY,ANM,WE,Federal Contract Tower,0,30,15,3,48,0,4,23,2,29,0,34,38,5,77,14,0,14,91
10/06/2004,JAC,WY,ANM,WE,Federal Contract Tower,0,27,29,0,56,0,8,24,0,32,0,35,53,0,88,26,0,26,114
10/07/2004,JAC,WY,ANM,WE,Federal Contract Tower,0,27,23,0,50,1,11,24,0,36,1,38,47,0,86,6,0,6,92
10/08/2004,JAC,WY,ANM,WE,Federal Contract Tower,0,35,27,0,62,0,6,31,0,37,0,41,58,0,99,10,0,10,109
10/09/2004,JAC,WY,ANM,WE,Federal Contract Tower,2,26,13,0,41,0,6,26,0,32,2,32,39,0,73,16,0,16,89
10/10/2004,JAC,WY,ANM,WE,Federal Contract Tower,0,31,21,0,52,0,5,16,0,21,0,36,37,0,73,30,0,30,103
10/11/2004,JAC,WY,ANM,WE,Federal Contract Tower,0,38,21,0,59,0,5,24,0,29,0,43,45,0,88,14,0,14,102
10/12/2004,JAC,WY,ANM,WE,Federal Contract Tower,0,32,20,0,52,0,3,33,0,36,0,35,53,0,88,8,0,8,96
10/13/2004,JAC,WY,ANM,WE,Federal Contract Tower,0,32,17,2,51,0,6,11,0,17,0,38,28,2,68,30,2,32,100
10/14/2004,JAC,WY,ANM,WE,Federal Contract Tower,0,43,26,0,69,0,12,25,0,37,0,55,51,0,106,12,0,12,118
10/15/2004,JAC,WY,ANM,WE,Federal Contract Tower,0,30,19,2,51,0,4,33,2,39,0,34,52,4,90,0,2,2,92
10/16/2004,JAC,WY,ANM,WE,Federal Contract Tower,2,25,2,0,29,0,6,5,0,11,2,31,7,0,40,0,0,0,40
10/17/2004,JAC,WY,ANM,WE,Federal Contract Tower,0,33,22,0,55,0,4,13,0,17,0,37,35,0,72,12,0,12,84
10/18/2004,JAC,WY,ANM,WE,Federal Contract Tower,0,39,20,0,59,0,0,0,0,0,0,39,20,0,59,0,0,0,59
10/19/2004,JAC,WY,ANM,WE,Federal Contract Tower,0,33,24,0,57,0,0,8,0,8,0,33,32,0,65,0,0,0,65
10/20/2004,JAC,WY,ANM,WE,Federal Contract Tower,0,30,17,0,47,0,0,0,0,0,0,30,17,0,47,0,0,0,47
10/21/2004,JAC,WY,ANM,WE,Federal Contract Tower,0,36,9,0,45,0,6,9,0,15,0,42,18,0,60,4,0,4,64
10/22/2004,JAC,WY,ANM,WE,Federal Contract Tower,0,31,16,1,48,0,4,8,1,13,0,35,24,2,61,0,0,0,61
10/23/2004,JAC,WY,ANM,WE,Federal Contract Tower,0,26,6,0,32,0,1,0,0,1,0,27,6,0,33,0,0,0,33
10/24/2004,JAC,WY,ANM,WE,Federal Contract Tower,0,23,21,0,44,0,2,11,0,13,0,25,32,0,57,12,0,12,69
10/25/2004,JAC,WY,ANM,WE,Federal Contract Tower,0,28,15,0,43,0,0,10,0,10,0,28,25,0,53,8,0,8,61
10/26/2004,JAC,WY,ANM,WE,Federal Contract Tower,0,29,21,0,50,0,1,3,0,4,0,30,24,0,54,12,0,12,66
10/27/2004,JAC,WY,ANM,WE,Federal Contract Tower,0,27,23,0,50,0,5,23,0,28,0,32,46,0,78,12,0,12,90
10/28/2004,JAC,WY,ANM,WE,Federal Contract Tower,0,30,26,0,56,0,3,2,0,5,0,33,28,0,61,0,0,0,61
10/29/2004,JAC,WY,ANM,WE,Federal Contract Tower,0,31,14,0,45,0,0,5,0,5,0,31,19,0,50,12,0,12,62
10/30/2004,JAC,WY,ANM,WE,Federal Contract Tower,0,23,14,0,37,0,0,5,0,5,0,23,19,0,42,0,0,0,42
10/31/2004,JAC,WY,ANM,WE,Federal Contract Tower,0,23,7,2,32,0,0,8,0,8,0,23,15,2,40,0,0,0,40
11/01/2004,JAC,WY,ANM,WE,Federal Contract Tower,0,30,17,1,48,0,2,20,0,22,0,32,37,1,70,14,0,14,84
11/02/2004,JAC,WY,ANM,WE,Federal Contract Tower,0,26,5,3,34,0,1,13,0,14,0,27,18,3,48,8,0,8,56
11/03/2004,JAC,WY,ANM,WE,Federal Contract Tower,0,32,6,0,38,0,4,18,0,22,0,36,24,0,60,0,0,0,60
11/04/2004,JAC,WY,ANM,WE,Federal Contract Tower,0,29,10,0,39,0,6,11,0,17,0,35,21,0,56,6,0,6,62
11/05/2004,JAC,WY,ANM,WE,Federal Contract Tower,0,27,6,0,33,0,6,17,0,23,0,33,23,0,56,0,0,0,56
11/06/2004,JAC,WY,ANM,WE,Federal Contract Tower,0,21,10,0,31,0,28,21,0,49,0,49,31,0,80,32,0,32,112
11/07/2004,JAC,WY,ANM,WE,Federal Contract Tower,0,25,8,0,33,0,5,24,0,29,0,30,32,0,62,4,0,4,66
11/08/2004,JAC,WY,ANM,WE,Federal Contract Tower,0,29,16,0,45,0,1,5,0,6,0,30,21,0,51,0,0,0,51
11/09/2004,JAC,WY,ANM,WE,Federal Contract Tower,0,24,11,0,35,0,3,7,0,10,0,27,18,0,45,12,0,12,57
11/10/2004,JAC,WY,ANM,WE,Federal Contract Tower,0,28,7,0,35,0,2,9,0,11,0,30,16,0,46,6,0,6,52
11/11/2004,JAC,WY,ANM,WE,Federal Contract Tower,0,26,13,2,41,0,9,20,0,29,0,35,33,2,70,4,0,4,74
11/12/2004,JAC,WY,ANM,WE,Federal Contract Tower,0,28,14,0,42,0,2,12,0,14,0,30,26,0,56,2,0,2,58
11/13/2004,JAC,WY,ANM,WE,Federal Contract Tower,0,20,7,0,27,0,7,22,0,29,0,27,29,0,56,8,0,8,64
11/14/2004,JAC,WY,ANM,WE,Federal Contract Tower,0,22,12,0,34,0,2,18,0,20,0,24,30,0,54,26,0,26,80
11/15/2004,JAC,WY,ANM,WE,Federal Contract Tower,0,24,10,0,34,0,4,13,0,17,0,28,23,0,51,10,0,10,61
11/16/2004,JAC,WY,ANM,WE,Federal Contract Tower,0,27,9,0,36,0,1,11,0,12,0,28,20,0,48,8,0,8,56
11/17/2004,JAC,WY,ANM,WE,Federal Contract Tower,0,26,5,0,31,0,5,13,0,18,0,31,18,0,49,8,0,8,57
11/18/2004,JAC,WY,ANM,WE,Federal Contract Tower,0,27,13,0,40,0,3,17,0,20,0,30,30,0,60,0,0,0,60
11/19/2004,JAC,WY,ANM,WE,Federal Contract Tower,0,37,12,0,49,0,5,6,0,11,0,42,18,0,60,0,0,0,60
11/20/2004,JAC,WY,ANM,WE,Federal Contract Tower,0,20,11,0,31,0,3,6,0,9,0,23,17,0,40,0,0,0,40
11/21/2004,JAC,WY,ANM,WE,Federal Contract Tower,0,24,13,0,37,0,7,28,0,35,0,31,41,0,72,18,0,18,90
11/22/2004,JAC,WY,ANM,WE,Federal Contract Tower,0,25,11,0,36,0,5,13,0,18,0,30,24,0,54,24,0,24,78
11/23/2004,JAC,WY,ANM,WE,Federal Contract Tower,0,27,22,0,49,0,5,7,0,12,0,32,29,0,61,0,0,0,61
11/24/2004,JAC,WY,ANM,WE,Federal Contract Tower,0,31,32,0,63,0,0,0,0,0,0,31,32,0,63,0,0,0,63
11/25/2004,JAC,WY,ANM,WE,Federal Contract Tower,0,19,5,0,24,0,1,4,0,5,0,20,9,0,29,0,0,0,29
11/26/2004,JAC,WY,ANM,WE,Federal Contract Tower,0,25,10,0,35,0,2,4,0,6,0,27,14,0,41,0,0,0,41
11/27/2004,JAC,WY,ANM,WE,Federal Contract Tower,0,33,15,0,48,0,1,4,0,5,0,34,19,0,53,0,0,0,53
11/28/2004,JAC,WY,ANM,WE,Federal Contract Tower,0,37,29,0,66,0,2,3,0,5,0,39,32,0,71,0,0,0,71
11/29/2004,JAC,WY,ANM,WE,Federal Contract Tower,0,35,10,0,45,0,7,17,0,24,0,42,27,0,69,10,0,10,79
11/30/2004,JAC,WY,ANM,WE,Federal Contract Tower,0,25,14,0,39,0,0,12,0,12,0,25,26,0,51,16,0,16,67
12/01/2004,JAC,WY,ANM,WE,Federal Contract Tower,0,25,18,0,43,0,0,3,0,3,0,25,21,0,46,2,0,2,48
12/02/2004,JAC,WY,ANM,WE,Federal Contract Tower,0,21,21,0,42,0,4,6,0,10,0,25,27,0,52,8,0,8,60
12/03/2004,JAC,WY,ANM,WE,Federal Contract Tower,0,26,6,0,32,0,4,15,0,19,0,30,21,0,51,10,0,10,61
12/04/2004,JAC,WY,ANM,WE,Federal Contract Tower,0,19,1,0,20,0,3,17,0,20,0,22,18,0,40,16,0,16,56
12/05/2004,JAC,WY,ANM,WE,Federal Contract Tower,0,17,16,0,33,0,3,11,0,14,0,20,27,0,47,16,0,16,63
12/06/2004,JAC,WY,ANM,WE,Federal Contract Tower,0,28,13,0,41,0,0,6,0,6,0,28,19,0,47,8,0,8,55
12/07/2004,JAC,WY,ANM,WE,Federal Contract Tower,0,3,7,0,10,0,0,0,0,0,0,3,7,0,10,0,0,0,10
12/08/2004,JAC,WY,ANM,WE,Federal Contract Tower,0,6,8,0,14,0,0,0,0,0,0,6,8,0,14,0,0,0,14
12/09/2004,JAC,WY,ANM,WE,Federal Contract Tower,0,28,17,0,45,0,6,4,0,10,0,34,21,0,55,0,0,0,55
12/10/2004,JAC,WY,ANM,WE,Federal Contract Tower,0,21,10,0,31,0,4,4,0,8,0,25,14,0,39,0,0,0,39
12/11/2004,JAC,WY,ANM,WE,Federal Contract Tower,0,23,3,0,26,0,3,7,0,10,0,26,10,0,36,4,0,4,40
12/12/2004,JAC,WY,ANM,WE,Federal Contract Tower,0,16,16,0,32,0,3,5,0,8,0,19,21,0,40,12,0,12,52
12/13/2004,JAC,WY,ANM,WE,Federal Contract Tower,0,25,13,0,38,0,5,20,0,25,0,30,33,0,63,4,0,4,67
12/14/2004,JAC,WY,ANM,WE,Federal Contract Tower,0,25,16,0,41,0,6,5,0,11,0,31,21,0,52,0,0,0,52
12/15/2004,JAC,WY,ANM,WE,Federal Contract Tower,1,28,15,0,44,0,1,2,0,3,1,29,17,0,47,0,0,0,47
12/16/2004,JAC,WY,ANM,WE,Federal Contract Tower,7,25,23,0,55,0,4,13,0,17,7,29,36,0,72,6,0,6,78
12/17/2004,JAC,WY,ANM,WE,Federal Contract Tower,10,29,25,0,64,0,4,14,0,18,10,33,39,0,82,10,0,10,92
12/18/2004,JAC,WY,ANM,WE,Federal Contract Tower,17,28,19,2,66,0,10,13,0,23,17,38,32,2,89,8,0,8,97
12/19/2004,JAC,WY,ANM,WE,Federal Contract Tower,13,37,20,0,70,0,7,16,0,23,13,44,36,0,93,8,0,8,101
12/20/2004,JAC,WY,ANM,WE,Federal Contract Tower,12,29,23,0,64,0,6,10,0,16,12,35,33,0,80,12,0,12,92
12/21/2004,JAC,WY,ANM,WE,Federal Contract Tower,11,33,13,0,57,0,3,1,0,4,11,36,14,0,61,0,0,0,61
12/22/2004,JAC,WY,ANM,WE,Federal Contract Tower,11,29,20,2,62,0,1,1,0,2,11,30,21,2,64,0,0,0,64
12/23/2004,JAC,WY,ANM,WE,Federal Contract Tower,11,31,37,1,80,0,9,14,0,23,11,40,51,1,103,2,0,2,105
12/24/2004,JAC,WY,ANM,WE,Federal Contract Tower,13,31,15,0,59,0,8,12,0,20,13,39,27,0,79,0,0,0,79
12/25/2004,JAC,WY,ANM,WE,Federal Contract Tower,16,19,14,0,49,0,2,10,0,12,16,21,24,0,61,14,0,14,75
12/26/2004,JAC,WY,ANM,WE,Federal Contract Tower,13,48,56,0,117,1,8,24,0,33,14,56,80,0,150,6,0,6,156
12/27/2004,JAC,WY,ANM,WE,Federal Contract Tower,12,39,39,0,90,0,3,15,0,18,12,42,54,0,108,0,0,0,108
12/28/2004,JAC,WY,ANM,WE,Federal Contract Tower,10,44,38,0,92,0,7,3,1,11,10,51,41,1,103,0,0,0,103
12/29/2004,JAC,WY,ANM,WE,Federal Contract Tower,8,24,25,0,57,0,3,2,0,5,8,27,27,0,62,0,0,0,62
12/30/2004,JAC,WY,ANM,WE,Federal Contract Tower,14,31,25,0,70,0,2,1,0,3,14,33,26,0,73,0,0,0,73
12/31/2004,JAC,WY,ANM,WE,Federal Contract Tower,7,11,13,0,31,0,0,0,0,0,7,11,13,0,31,0,0,0,31
01/01/2005,JAC,WY,ANM,WE,Federal Contract Tower,18,32,42,0,92,0,13,11,1,25,18,45,53,1,117,0,0,0,117
01/02/2005,JAC,WY,ANM,WE,Federal Contract Tower,15,40,68,2,125,0,11,12,0,23,15,51,80,2,148,0,0,0,148
01/03/2005,JAC,WY,ANM,WE,Federal Contract Tower,12,42,46,1,101,1,4,2,0,7,13,46,48,1,108,0,0,0,108
01/04/2005,JAC,WY,ANM,WE,Federal Contract Tower,12,32,15,0,59,0,1,2,0,3,12,33,17,0,62,0,0,0,62
01/05/2005,JAC,WY,ANM,WE,Federal Contract Tower,12,24,14,0,50,0,3,7,0,10,12,27,21,0,60,4,0,4,64
01/06/2005,JAC,WY,ANM,WE,Federal Contract Tower,12,20,20,0,52,0,1,5,0,6,12,21,25,0,58,4,0,4,62
01/07/2005,JAC,WY,ANM,WE,Federal Contract Tower,12,21,17,0,50,0,2,7,0,9,12,23,24,0,59,0,0,0,59
01/08/2005,JAC,WY,ANM,WE,Federal Contract Tower,6,2,3,0,11,0,0,0,0,0,6,2,3,0,11,0,0,0,11
01/09/2005,JAC,WY,ANM,WE,Federal Contract Tower,13,19,14,0,46,0,0,0,0,0,13,19,14,0,46,0,0,0,46
01/10/2005,JAC,WY,ANM,WE,Federal Contract Tower,12,22,9,0,43,0,2,15,0,17,12,24,24,0,60,0,0,0,60
01/11/2005,JAC,WY,ANM,WE,Federal Contract Tower,11,21,10,0,42,0,3,1,0,4,11,24,11,0,46,0,0,0,46
01/12/2005,JAC,WY,ANM,WE,Federal Contract Tower,11,23,7,0,41,0,4,11,0,15,11,27,18,0,56,6,0,6,62
01/13/2005,JAC,WY,ANM,WE,Federal Contract Tower,12,23,20,0,55,0,2,2,0,4,12,25,22,0,59,0,0,0,59
01/14/2005,JAC,WY,ANM,WE,Federal Contract Tower,13,36,29,0,78,0,9,11,0,20,13,45,40,0,98,8,0,8,106
01/15/2005,JAC,WY,ANM,WE,Federal Contract Tower,17,14,10,0,41,0,7,43,0,50,17,21,53,0,91,16,0,16,107
01/16/2005,JAC,WY,ANM,WE,Federal Contract Tower,13,15,13,1,42,0,3,3,3,9,13,18,16,4,51,0,0,0,51
01/17/2005,JAC,WY,ANM,WE,Federal Contract Tower,12,49,20,0,81,0,4,14,0,18,12,53,34,0,99,4,0,4,103
01/18/2005,JAC,WY,ANM,WE,Federal Contract Tower,11,28,29,0,68,0,3,2,0,5,11,31,31,0,73,0,0,0,73
01/19/2005,JAC,WY,ANM,WE,Federal Contract Tower,12,30,19,0,61,0,2,5,0,7,12,32,24,0,68,0,0,0,68
01/20/2005,JAC,WY,ANM,WE,Federal Contract Tower,7,9,6,0,22,0,0,0,0,0,7,9,6,0,22,0,0,0,22
01/21/2005,JAC,WY,ANM,WE,Federal Contract Tower,19,19,13,0,51,0,6,18,0,24,19,25,31,0,75,12,0,12,87
01/22/2005,JAC,WY,ANM,WE,Federal Contract Tower,15,14,23,0,52,0,8,26,0,34,15,22,49,0,86,16,0,16,102
01/23/2005,JAC,WY,ANM,WE,Federal Contract Tower,13,27,10,2,52,0,8,20,0,28,13,35,30,2,80,10,0,10,90
01/24/2005,JAC,WY,ANM,WE,Federal Contract Tower,12,24,10,0,46,0,1,19,0,20,12,25,29,0,66,8,0,8,74
01/25/2005,JAC,WY,ANM,WE,Federal Contract Tower,11,28,13,0,52,0,2,15,0,17,11,30,28,0,69,16,0,16,85
01/26/2005,JAC,WY,ANM,WE,Federal Contract Tower,11,20,14,0,45,0,3,16,0,19,11,23,30,0,64,4,0,4,68
01/27/2005,JAC,WY,ANM,WE,Federal Contract Tower,12,22,6,0,40,0,2,4,0,6,12,24,10,0,46,0,0,0,46
01/28/2005,JAC,WY,ANM,WE,Federal Contract Tower,13,17,16,0,46,0,3,2,0,5,13,20,18,0,51,0,0,0,51
01/29/2005,JAC,WY,ANM,WE,Federal Contract Tower,15,16,11,0,42,1,11,9,0,21,16,27,20,0,63,0,0,0,63
01/30/2005,JAC,WY,ANM,WE,Federal Contract Tower,13,20,13,0,46,0,3,14,0,17,13,23,27,0,63,0,0,0,63
01/31/2005,JAC,WY,ANM,WE,Federal Contract Tower,11,23,14,0,48,0,6,11,0,17,11,29,25,0,65,4,0,4,69
02/01/2005,JAC,WY,ANM,WE,Federal Contract Tower,10,21,6,0,37,0,2,26,0,28,10,23,32,0,65,26,0,26,91
02/02/2005,JAC,WY,ANM,WE,Federal Contract Tower,9,33,11,0,53,0,2,22,0,24,9,35,33,0,77,0,0,0,77
02/03/2005,JAC,WY,ANM,WE,Federal Contract Tower,9,28,18,0,55,1,6,20,0,27,10,34,38,0,82,4,0,4,86
02/04/2005,JAC,WY,ANM,WE,Federal Contract Tower,12,24,20,0,56,0,7,23,0,30,12,31,43,0,86,8,0,8,94
02/05/2005,JAC,WY,ANM,WE,Federal Contract Tower,16,23,11,0,50,0,4,7,0,11,16,27,18,0,61,0,0,0,61
02/06/2005,JAC,WY,ANM,WE,Federal Contract Tower,11,30,19,0,60,0,6,18,0,24,11,36,37,0,84,6,0,6,90
02/07/2005,JAC,WY,ANM,WE,Federal Contract Tower,13,27,19,0,59,0,7,5,1,13,13,34,24,1,72,2,0,2,74
02/08/2005,JAC,WY,ANM,WE,Federal Contract Tower,10,21,22,4,57,0,0,4,0,4,10,21,26,4,61,0,0,0,61
02/09/2005,JAC,WY,ANM,WE,Federal Contract Tower,9,22,12,0,43,1,1,33,0,35,10,23,45,0,78,16,0,16,94
02/10/2005,JAC,WY,ANM,WE,Federal Contract Tower,11,20,14,0,45,0,7,11,0,18,11,27,25,0,63,0,0,0,63
02/11/2005,JAC,WY,ANM,WE,Federal Contract Tower,12,24,17,0,53,0,6,17,1,24,12,30,34,1,77,4,0,4,81
02/12/2005,JAC,WY,ANM,WE,Federal Contract Tower,16,25,17,0,58,0,3,7,0,10,16,28,24,0,68,0,0,0,68
02/13/2005,JAC,WY,ANM,WE,Federal Contract Tower,12,17,28,0,57,0,1,4,0,5,12,18,32,0,62,0,0,0,62
02/14/2005,JAC,WY,ANM,WE,Federal Contract Tower,11,31,16,0,58,1,1,4,0,6,12,32,20,0,64,0,0,0,64
02/15/2005,JAC,WY,ANM,WE,Federal Contract Tower,10,28,14,0,52,0,8,26,0,34,10,36,40,0,86,12,0,12,98
02/16/2005,JAC,WY,ANM,WE,Federal Contract Tower,10,26,17,0,53,0,3,15,0,18,10,29,32,0,71,2,0,2,73
02/17/2005,JAC,WY,ANM,WE,Federal Contract Tower,11,39,32,0,82,0,11,16,1,28,11,50,48,1,110,6,0,6,116
02/18/2005,JAC,WY,ANM,WE,Federal Contract Tower,12,32,44,0,88,0,11,23,0,34,12,43,67,0,122,0,0,0,122
02/19/2005,JAC,WY,ANM,WE,Federal Contract Tower,16,42,20,0,78,1,1,2,0,4,17,43,22,0,82,0,0,0,82
02/20/2005,JAC,WY,ANM,WE,Federal Contract Tower,12,24,33,0,69,0,6,5,0,11,12,30,38,0,80,0,0,0,80
02/21/2005,JAC,WY,ANM,WE,Federal Contract Tower,11,50,43,0,104,0,5,12,0,17,11,55,55,0,121,0,0,0,121
02/22/2005,JAC,WY,ANM,WE,Federal Contract Tower,10,35,14,0,59,2,5,19,0,26,12,40,33,0,85,0,0,0,85
02/23/2005,JAC,WY,ANM,WE,Federal Contract Tower,9,25,21,0,55,1,6,27,0,34,10,31,48,0,89,14,0,14,103
02/24/2005,JAC,WY,ANM,WE,Federal Contract Tower,11,40,26,0,77,1,4,23,0,28,12,44,49,0,105,6,0,6,111
02/25/2005,JAC,WY,ANM,WE,Federal Contract Tower,12,30,30,0,72,0,5,25,0,30,12,35,55,0,102,22,0,22,124
02/26/2005,JAC,WY,ANM,WE,Federal Contract Tower,16,27,24,2,69,0,8,24,0,32,16,35,48,2,101,0,0,0,101
02/27/2005,JAC,WY,ANM,WE,Federal Contract Tower,12,28,34,0,74,0,0,32,0,32,12,28,66,0,106,6,0,6,112
02/28/2005,JAC,WY,ANM,WE,Federal Contract Tower,11,23,20,0,54,0,4,31,3,38,11,27,51,3,92,4,0,4,96
03/01/2005,JAC,WY,ANM,WE,Federal Contract Tower,10,22,20,0,52,0,3,0,0,3,10,25,20,0,55,0,0,0,55
03/02/2005,JAC,WY,ANM,WE,Federal Contract Tower,9,21,14,0,44,1,4,12,0,17,10,25,26,0,61,0,0,0,61
03/03/2005,JAC,WY,ANM,WE,Federal Contract Tower,11,22,20,0,53,0,7,15,0,22,11,29,35,0,75,0,0,0,75
03/04/2005,JAC,WY,ANM,WE,Federal Contract Tower,12,35,15,5,67,1,3,24,5,33,13,38,39,10,100,4,4,8,108
03/05/2005,JAC,WY,ANM,WE,Federal Contract Tower,16,22,5,0,43,1,12,24,0,37,17,34,29,0,80,2,0,2,82
03/06/2005,JAC,WY,ANM,WE,Federal Contract Tower,12,32,29,1,74,0,2,8,0,10,12,34,37,1,84,2,0,2,86
03/07/2005,JAC,WY,ANM,WE,Federal Contract Tower,10,25,16,0,51,0,2,14,0,16,10,27,30,0,67,0,0,0,67
03/08/2005,JAC,WY,ANM,WE,Federal Contract Tower,10,25,12,3,50,0,10,8,1,19,10,35,20,4,69,2,0,2,71
03/09/2005,JAC,WY,ANM,WE,Federal Contract Tower,10,22,20,1,53,0,13,29,0,42,10,35,49,1,95,0,0,0,95
03/10/2005,JAC,WY,ANM,WE,Federal Contract Tower,11,16,19,0,46,0,5,8,0,13,11,21,27,0,59,0,0,0,59
03/11/2005,JAC,WY,ANM,WE,Federal Contract Tower,12,6,18,0,36,0,0,20,0,20,12,6,38,0,56,12,0,12,68
03/12/2005,JAC,WY,ANM,WE,Federal Contract Tower,16,31,4,0,51,1,2,7,0,10,17,33,11,0,61,0,0,0,61
03/13/2005,JAC,WY,ANM,WE,Federal Contract Tower,12,37,26,0,75,0,3,12,0,15,12,40,38,0,90,0,0,0,90
03/14/2005,JAC,WY,ANM,WE,Federal Contract Tower,11,17,13,0,41,1,2,6,0,9,12,19,19,0,50,0,0,0,50
03/15/2005,JAC,WY,ANM,WE,Federal Contract Tower,10,17,16,0,43,0,0,3,0,3,10,17,19,0,46,2,0,2,48
03/16/2005,JAC,WY,ANM,WE,Federal Contract Tower,10,25,18,0,53,1,0,21,0,22,11,25,39,0,75,14,0,14,89
03/17/2005,JAC,WY,ANM,WE,Federal Contract Tower,10,22,17,0,49,0,2,1,0,3,10,24,18,0,52,0,0,0,52
03/18/2005,JAC,WY,ANM,WE,Federal Contract Tower,12,26,29,0,67,0,1,8,0,9,12,27,37,0,76,0,0,0,76
03/19/2005,JAC,WY,ANM,WE,Federal Contract Tower,16,30,29,0,75,0,2,1,1,4,16,32,30,1,79,0,0,0,79
03/20/2005,JAC,WY,ANM,WE,Federal Contract Tower,12,18,26,0,56,0,1,2,0,3,12,19,28,0,59,0,0,0,59
03/21/2005,JAC,WY,ANM,WE,Federal Contract Tower,11,28,21,0,60,0,1,0,0,1,11,29,21,0,61,0,0,0,61
03/22/2005,JAC,WY,ANM,WE,Federal Contract Tower,10,17,15,0,42,0,1,11,1,13,10,18,26,1,55,0,0,0,55
03/23/2005,JAC,WY,ANM,WE,Federal Contract Tower,10,18,17,0,45,0,1,0,0,1,10,19,17,0,46,0,0,0,46
03/24/2005,JAC,WY,ANM,WE,Federal Contract Tower,11,25,26,0,62,0,0,2,0,2,11,25,28,0,64,0,0,0,64
03/25/2005,JAC,WY,ANM,WE,Federal Contract Tower,12,26,27,0,65,1,2,2,0,5,13,28,29,0,70,0,0,0,70
03/26/2005,JAC,WY,ANM,WE,Federal Contract Tower,16,37,18,0,71,0,1,29,0,30,16,38,47,0,101,6,0,6,107
03/27/2005,JAC,WY,ANM,WE,Federal Contract Tower,12,21,22,0,55,0,0,5,0,5,12,21,27,0,60,0,0,0,60
03/28/2005,JAC,WY,ANM,WE,Federal Contract Tower,11,22,16,0,49,0,1,1,0,2,11,23,17,0,51,0,0,0,51
03/29/2005,JAC,WY,ANM,WE,Federal Contract Tower,10,17,19,0,46,0,1,4,0,5,10,18,23,0,51,14,0,14,65
03/30/2005,JAC,WY,ANM,WE,Federal Contract Tower,11,19,20,0,50,0,0,3,0,3,11,19,23,0,53,0,0,0,53
03/31/2005,JAC,WY,ANM,WE,Federal Contract Tower,9,16,16,0,41,1,4,37,0,42,10,20,53,0,83,8,0,8,91
04/01/2005,JAC,WY,ANM,WE,Federal Contract Tower,12,12,17,0,41,0,1,18,0,19,12,13,35,0,60,12,0,12,72
04/02/2005,JAC,WY,ANM,WE,Federal Contract Tower,1,21,17,0,39,14,6,21,0,41,15,27,38,0,80,0,0,0,80
04/03/2005,JAC,WY,ANM,WE,Federal Contract Tower,3,17,19,0,39,0,0,1,0,1,3,17,20,0,40,0,0,0,40
04/04/2005,JAC,WY,ANM,WE,Federal Contract Tower,1,22,17,0,40,0,0,1,0,1,1,22,18,0,41,0,0,0,41
04/05/2005,JAC,WY,ANM,WE,Federal Contract Tower,2,27,4,0,33,0,2,13,0,15,2,29,17,0,48,0,0,0,48
04/06/2005,JAC,WY,ANM,WE,Federal Contract Tower,2,19,9,0,30,0,9,20,0,29,2,28,29,0,59,10,0,10,69
04/07/2005,JAC,WY,ANM,WE,Federal Contract Tower,2,19,11,0,32,0,3,15,0,18,2,22,26,0,50,6,0,6,56
04/08/2005,JAC,WY,ANM,WE,Federal Contract Tower,2,22,14,0,38,0,0,2,0,2,2,22,16,0,40,0,0,0,40
04/09/2005,JAC,WY,ANM,WE,Federal Contract Tower,2,23,6,0,31,0,1,0,0,1,2,24,6,0,32,0,0,0,32
04/10/2005,JAC,WY,ANM,WE,Federal Contract Tower,2,13,16,0,31,0,3,8,0,11,2,16,24,0,42,0,0,0,42
04/11/2005,JAC,WY,ANM,WE,Federal Contract Tower,2,22,6,0,30,0,3,13,0,16,2,25,19,0,46,8,0,8,54
04/12/2005,JAC,WY,ANM,WE,Federal Contract Tower,2,22,11,0,35,0,2,16,0,18,2,24,27,0,53,0,0,0,53
04/13/2005,JAC,WY,ANM,WE,Federal Contract Tower,2,18,11,2,33,0,3,15,0,18,2,21,26,2,51,6,0,6,57
04/14/2005,JAC,WY,ANM,WE,Federal Contract Tower,2,28,14,0,44,0,5,11,0,16,2,33,25,0,60,0,0,0,60
04/15/2005,JAC,WY,ANM,WE,Federal Contract Tower,2,23,4,0,29,0,6,22,0,28,2,29,26,0,57,4,0,4,61
04/16/2005,JAC,WY,ANM,WE,Federal Contract Tower,2,15,3,0,20,0,2,27,0,29,2,17,30,0,49,24,0,24,73
04/17/2005,JAC,WY,ANM,WE,Federal Contract Tower,2,18,8,0,28,0,3,9,0,12,2,21,17,0,40,2,0,2,42
04/18/2005,JAC,WY,ANM,WE,Federal Contract Tower,2,19,8,0,29,0,2,6,0,8,2,21,14,0,37,0,0,0,37
04/19/2005,JAC,WY,ANM,WE,Federal Contract Tower,2,22,16,0,40,0,3,8,0,11,2,25,24,0,51,0,0,0,51
04/20/2005,JAC,WY,ANM,WE,Federal Contract Tower,2,24,7,0,33,0,2,2,0,4,2,26,9,0,37,0,0,0,37
04/21/2005,JAC,WY,ANM,WE,Federal Contract Tower,2,25,15,0,42,0,1,11,1,13,2,26,26,1,55,0,0,0,55
04/22/2005,JAC,WY,ANM,WE,Federal Contract Tower,2,18,15,0,35,0,8,15,0,23,2,26,30,0,58,2,0,2,60
04/23/2005,JAC,WY,ANM,WE,Federal Contract Tower,2,21,2,0,25,0,5,20,0,25,2,26,22,0,50,0,0,0,50
04/24/2005,JAC,WY,ANM,WE,Federal Contract Tower,2,18,5,0,25,0,1,6,0,7,2,19,11,0,32,0,0,0,32
04/25/2005,JAC,WY,ANM,WE,Federal Contract Tower,2,20,11,0,33,0,3,9,0,12,2,23,20,0,45,4,0,4,49
04/26/2005,JAC,WY,ANM,WE,Federal Contract Tower,2,20,7,0,29,0,8,13,0,21,2,28,20,0,50,0,0,0,50
04/27/2005,JAC,WY,ANM,WE,Federal Contract Tower,2,25,17,0,44,0,1,1,0,2,2,26,18,0,46,8,0,8,54
04/28/2005,JAC,WY,ANM,WE,Federal Contract Tower,2,23,18,0,43,0,2,7,0,9,2,25,25,0,52,10,0,10,62
04/29/2005,JAC,WY,ANM,WE,Federal Contract Tower,2,26,8,0,36,0,0,11,0,11,2,26,19,0,47,0,0,0,47
04/30/2005,JAC,WY,ANM,WE,Federal Contract Tower,2,20,12,0,34,0,8,15,0,23,2,28,27,0,57,10,0,10,67
05/01/2005,JAC,WY,ANM,WE,Federal Contract Tower,2,19,13,0,34,0,1,16,1,18,2,20,29,1,52,0,0,0,52
05/02/2005,JAC,WY,ANM,WE,Federal Contract Tower,2,22,4,0,28,0,5,12,1,18,2,27,16,1,46,2,0,2,48
05/03/2005,JAC,WY,ANM,WE,Federal Contract Tower,2,19,12,0,33,0,3,12,0,15,2,22,24,0,48,4,0,4,52
05/04/2005,JAC,WY,ANM,WE,Federal Contract Tower,2,32,13,0,47,0,3,11,0,14,2,35,24,0,61,12,0,12,73
05/05/2005,JAC,WY,ANM,WE,Federal Contract Tower,2,24,13,4,43,0,0,10,0,10,2,24,23,4,53,0,0,0,53
05/06/2005,JAC,WY,ANM,WE,Federal Contract Tower,2,22,11,1,36,0,3,4,0,7,2,25,15,1,43,0,0,0,43
05/07/2005,JAC,WY,ANM,WE,Federal Contract Tower,4,21,5,0,30,0,0,4,0,4,4,21,9,0,34,46,0,46,80
05/08/2005,JAC,WY,ANM,WE,Federal Contract Tower,2,19,6,0,27,0,1,6,0,7,2,20,12,0,34,20,0,20,54
05/09/2005,JAC,WY,ANM,WE,Federal Contract Tower,2,25,10,3,40,0,1,2,0,3,2,26,12,3,43,0,0,0,43
05/10/2005,JAC,WY,ANM,WE,Federal Contract Tower,2,27,15,0,44,0,3,0,0,3,2,30,15,0,47,0,0,0,47
05/11/2005,JAC,WY,ANM,WE,Federal Contract Tower,2,27,11,0,40,0,0,2,0,2,2,27,13,0,42,0,0,0,42
05/12/2005,JAC,WY,ANM,WE,Federal Contract Tower,2,28,18,0,48,0,3,5,0,8,2,31,23,0,56,0,0,0,56
05/13/2005,JAC,WY,ANM,WE,Federal Contract Tower,2,28,13,0,43,0,7,37,1,45,2,35,50,1,88,42,0,42,130
05/14/2005,JAC,WY,ANM,WE,Federal Contract Tower,4,20,10,0,34,0,5,27,0,32,4,25,37,0,66,12,0,12,78
05/15/2005,JAC,WY,ANM,WE,Federal Contract Tower,2,29,17,0,48,0,2,13,0,15,2,31,30,0,63,10,0,10,73
05/16/2005,JAC,WY,ANM,WE,Federal Contract Tower,2,31,22,0,55,0,0,2,0,2,2,31,24,0,57,0,0,0,57
05/17/2005,JAC,WY,ANM,WE,Federal Contract Tower,2,33,14,0,49,0,1,0,0,1,2,34,14,0,50,0,0,0,50
05/18/2005,JAC,WY,ANM,WE,Federal Contract Tower,2,29,14,0,45,0,0,7,0,7,2,29,21,0,52,0,0,0,52
05/19/2005,JAC,WY,ANM,WE,Federal Contract Tower,2,28,16,0,46,0,2,13,0,15,2,30,29,0,61,10,0,10,71
05/20/2005,JAC,WY,ANM,WE,Federal Contract Tower,2,25,15,0,42,0,4,19,0,23,2,29,34,0,65,30,0,30,95
05/21/2005,JAC,WY,ANM,WE,Federal Contract Tower,4,23,6,0,33,0,2,30,0,32,4,25,36,0,65,64,0,64,129
05/22/2005,JAC,WY,ANM,WE,Federal Contract Tower,2,21,14,4,41,0,3,30,4,37,2,24,44,8,78,6,0,6,84
05/23/2005,JAC,WY,ANM,WE,Federal Contract Tower,2,22,17,0,41,0,7,18,0,25,2,29,35,0,66,10,0,10,76
05/24/2005,JAC,WY,ANM,WE,Federal Contract Tower,2,22,17,0,41,0,6,32,0,38,2,28,49,0,79,4,0,4,83
05/25/2005,JAC,WY,ANM,WE,Federal Contract Tower,2,24,18,2,46,0,8,40,2,50,2,32,58,4,96,14,0,14,110
05/26/2005,JAC,WY,ANM,WE,Federal Contract Tower,2,29,20,2,53,0,13,34,0,47,2,42,54,2,100,20,0,20,120
05/27/2005,JAC,WY,ANM,WE,Federal Contract Tower,2,32,23,1,58,0,9,30,0,39,2,41,53,1,97,14,0,14,111
05/28/2005,JAC,WY,ANM,WE,Federal Contract Tower,4,28,14,0,46,0,6,30,4,40,4,34,44,4,86,30,0,30,116
05/29/2005,JAC,WY,ANM,WE,Federal Contract Tower,2,25,15,0,42,0,4,19,5,28,2,29,34,5,70,31,0,31,101
05/30/2005,JAC,WY,ANM,WE,Federal Contract Tower,2,38,24,0,64,0,1,8,4,13,2,39,32,4,77,0,0,0,77
05/31/2005,JAC,WY,ANM,WE,Federal Contract Tower,5,25,25,0,55,0,4,18,2,24,5,29,43,2,79,24,0,24,103
06/01/2005,JAC,WY,ANM,WE,Federal Contract Tower,9,26,16,7,58,0,5,3,0,8,9,31,19,7,66,0,2,2,68
06/02/2005,JAC,WY,ANM,WE,Federal Contract Tower,10,23,25,0,58,0,5,20,0,25,10,28,45,0,83,14,0,14,97
06/03/2005,JAC,WY,ANM,WE,Federal Contract Tower,9,26,18,0,53,0,5,16,0,21,9,31,34,0,74,23,0,23,97
06/04/2005,JAC,WY,ANM,WE,Federal Contract Tower,13,17,19,0,49,0,6,35,0,41,13,23,54,0,90,50,0,50,140
06/05/2005,JAC,WY,ANM,WE,Federal Contract Tower,11,20,11,0,42,1,4,26,0,31,12,24,37,0,73,11,0,11,84
06/06/2005,JAC,WY,ANM,WE,Federal Contract Tower,10,31,20,0,61,0,0,7,0,7,10,31,27,0,68,56,0,56,124
06/07/2005,JAC,WY,ANM,WE,Federal Contract Tower,12,25,30,0,67,0,3,5,0,8,12,28,35,0,75,2,0,2,77
06/08/2005,JAC,WY,ANM,WE,Federal Contract Tower,12,28,26,0,66,0,6,23,0,29,12,34,49,0,95,34,0,34,129
06/09/2005,JAC,WY,ANM,WE,Federal Contract Tower,13,18,34,0,65,1,3,16,1,21,14,21,50,1,86,28,0,28,114
06/10/2005,JAC,WY,ANM,WE,Federal Contract Tower,14,23,21,0,58,0,14,30,0,44,14,37,51,0,102,20,0,20,122
06/11/2005,JAC,WY,ANM,WE,Federal Contract Tower,24,17,20,0,61,0,7,18,4,29,24,24,38,4,90,40,0,40,130
06/12/2005,JAC,WY,ANM,WE,Federal Contract Tower,23,25,20,0,68,0,2,1,0,3,23,27,21,0,71,0,0,0,71
06/13/2005,JAC,WY,ANM,WE,Federal Contract Tower,12,28,16,0,56,0,4,19,0,23,12,32,35,0,79,46,0,46,125
06/14/2005,JAC,WY,ANM,WE,Federal Contract Tower,14,29,19,0,62,0,7,36,0,43,14,36,55,0,105,44,0,44,149
06/15/2005,JAC,WY,ANM,WE,Federal Contract Tower,12,24,13,0,49,2,6,46,0,54,14,30,59,0,103,50,0,50,153
06/16/2005,JAC,WY,ANM,WE,Federal Contract Tower,14,23,22,0,59,0,7,41,0,48,14,30,63,0,107,0,0,0,107
06/17/2005,JAC,WY,ANM,WE,Federal Contract Tower,14,30,26,0,70,0,18,38,0,56,14,48,64,0,126,0,0,0,126
06/18/2005,JAC,WY,ANM,WE,Federal Contract Tower,25,25,18,0,68,0,10,15,0,25,25,35,33,0,93,10,0,10,103
06/19/2005,JAC,WY,ANM,WE,Federal Contract Tower,24,23,14,0,61,0,14,26,0,40,24,37,40,0,101,12,0,12,113
06/20/2005,JAC,WY,ANM,WE,Federal Contract Tower,14,27,23,0,64,0,6,25,0,31,14,33,48,0,95,6,0,6,101
06/21/2005,JAC,WY,ANM,WE,Federal Contract Tower,14,27,23,0,64,0,9,23,0,32,14,36,46,0,96,38,0,38,134
06/22/2005,JAC,WY,ANM,WE,Federal Contract Tower,13,30,21,0,64,0,2,35,0,37,13,32,56,0,101,32,0,32,133
06/23/2005,JAC,WY,ANM,WE,Federal Contract Tower,14,27,23,0,64,0,5,29,0,34,14,32,52,0,98,60,6,66,164
06/24/2005,JAC,WY,ANM,WE,Federal Contract Tower,14,27,16,2,59,0,3,30,0,33,14,30,46,2,92,30,0,30,122
06/25/2005,JAC,WY,ANM,WE,Federal Contract Tower,23,43,11,4,81,1,6,23,0,30,24,49,34,4,111,40,0,40,151
06/26/2005,JAC,WY,ANM,WE,Federal Contract Tower,22,30,23,2,77,0,0,17,2,19,22,30,40,4,96,10,0,10,106
06/27/2005,JAC,WY,ANM,WE,Federal Contract Tower,13,35,26,0,74,0,10,26,0,36,13,45,52,0,110,70,0,70,180
06/28/2005,JAC,WY,ANM,WE,Federal Contract Tower,14,35,26,0,75,0,4,27,0,31,14,39,53,0,106,48,0,48,154
06/29/2005,JAC,WY,ANM,WE,Federal Contract Tower,14,29,23,0,66,0,5,35,1,41,14,34,58,1,107,46,0,46,153
06/30/2005,JAC,WY,ANM,WE,Federal Contract Tower,15,39,61,0,115,0,15,23,0,38,15,54,84,0,153,8,0,8,161
07/01/2005,JAC,WY,ANM,WE,Federal Contract Tower,14,55,59,0,128,0,9,55,0,64,14,64,114,0,192,36,0,36,228
07/02/2005,JAC,WY,ANM,WE,Federal Contract Tower,23,30,20,2,75,2,4,48,1,55,25,34,68,3,130,21,0,21,151
07/03/2005,JAC,WY,ANM,WE,Federal Contract Tower,22,24,20,3,69,0,1,48,7,56,22,25,68,10,125,14,0,14,139
07/04/2005,JAC,WY,ANM,WE,Federal Contract Tower,14,28,13,0,55,0,2,44,4,50,14,30,57,4,105,36,0,36,141
07/05/2005,JAC,WY,ANM,WE,Federal Contract Tower,13,39,33,2,87,0,7,36,3,46,13,46,69,5,133,16,0,16,149
07/06/2005,JAC,WY,ANM,WE,Federal Contract Tower,13,30,32,0,75,0,8,33,0,41,13,38,65,0,116,18,0,18,134
07/07/2005,JAC,WY,ANM,WE,Federal Contract Tower,14,30,28,3,75,0,8,44,0,52,14,38,72,3,127,10,0,10,137
07/08/2005,JAC,WY,ANM,WE,Federal Contract Tower,12,30,24,0,66,2,4,48,0,54,14,34,72,0,120,34,0,34,154
07/09/2005,JAC,WY,ANM,WE,Federal Contract Tower,22,33,20,0,75,0,6,48,0,54,22,39,68,0,129,10,0,10,139
07/10/2005,JAC,WY,ANM,WE,Federal Contract Tower,23,40,34,0,97,0,2,6,0,8,23,42,40,0,105,4,0,4,109
07/11/2005,JAC,WY,ANM,WE,Federal Contract Tower,15,24,21,0,60,0,13,48,0,61,15,37,69,0,121,14,0,14,135
07/12/2005,JAC,WY,ANM,WE,Federal Contract Tower,14,31,15,0,60,0,4,57,0,61,14,35,72,0,121,30,0,30,151
07/13/2005,JAC,WY,ANM,WE,Federal Contract Tower,12,37,31,2,82,0,10,32,0,42,12,47,63,2,124,20,0,20,144
07/14/2005,JAC,WY,ANM,WE,Federal Contract Tower,11,34,30,1,76,1,12,51,15,79,12,46,81,16,155,40,0,40,195
07/15/2005,JAC,WY,ANM,WE,Federal Contract Tower,12,42,24,0,78,0,8,65,0,73,12,50,89,0,151,30,0,30,181
07/16/2005,JAC,WY,ANM,WE,Federal Contract Tower,25,22,23,0,70,0,8,41,0,49,25,30,64,0,119,12,0,12,131
07/17/2005,JAC,WY,ANM,WE,Federal Contract Tower,24,39,36,0,99,0,0,29,0,29,24,39,65,0,128,4,0,4,132
07/18/2005,JAC,WY,ANM,WE,Federal Contract Tower,14,31,23,0,68,0,5,33,0,38,14,36,56,0,106,24,0,24,130
07/19/2005,JAC,WY,ANM,WE,Federal Contract Tower,14,33,16,0,63,0,0,35,2,37,14,33,51,2,100,10,0,10,110
07/20/2005,JAC,WY,ANM,WE,Federal Contract Tower,14,32,24,0,70,0,7,28,0,35,14,39,52,0,105,2,0,2,107
07/21/2005,JAC,WY,ANM,WE,Federal Contract Tower,14,29,28,0,71,0,8,40,0,48,14,37,68,0,119,6,0,6,125
07/22/2005,JAC,WY,ANM,WE,Federal Contract Tower,14,31,44,0,89,0,12,41,0,53,14,43,85,0,142,14,0,14,156
07/23/2005,JAC,WY,ANM,WE,Federal Contract Tower,24,43,25,0,92,2,2,37,0,41,26,45,62,0,133,4,0,4,137
07/24/2005,JAC,WY,ANM,WE,Federal Contract Tower,24,34,32,0,90,0,5,40,0,45,24,39,72,0,135,6,0,6,141
07/25/2005,JAC,WY,ANM,WE,Federal Contract Tower,14,33,29,0,76,0,11,37,0,48,14,44,66,0,124,0,0,0,124
07/26/2005,JAC,WY,ANM,WE,Federal Contract Tower,14,25,25,0,64,0,8,41,0,49,14,33,66,0,113,32,0,32,145
07/27/2005,JAC,WY,ANM,WE,Federal Contract Tower,14,36,28,0,78,0,5,47,0,52,14,41,75,0,130,24,0,24,154
07/28/2005,JAC,WY,ANM,WE,Federal Contract Tower,13,36,26,1,76,0,9,48,1,58,13,45,74,2,134,48,0,48,182
07/29/2005,JAC,WY,ANM,WE,Federal Contract Tower,14,46,33,3,96,0,14,39,1,54,14,60,72,4,150,4,0,4,154
07/30/2005,JAC,WY,ANM,WE,Federal Contract Tower,24,29,21,1,75,0,3,37,0,40,24,32,58,1,115,17,0,17,132
07/31/2005,JAC,WY,ANM,WE,Federal Contract Tower,23,37,36,0,96,0,2,40,0,42,23,39,76,0,138,12,0,12,150
08/01/2005,JAC,WY,ANM,WE,Federal Contract Tower,12,46,36,1,95,0,12,34,1,47,12,58,70,2,142,20,0,20,162
08/02/2005,JAC,WY,ANM,WE,Federal Contract Tower,15,31,22,1,69,0,5,26,0,31,15,36,48,1,100,38,0,38,138
08/03/2005,JAC,WY,ANM,WE,Federal Contract Tower,15,44,26,0,85,0,11,41,0,52,15,55,67,0,137,80,0,80,217
08/04/2005,JAC,WY,ANM,WE,Federal Contract Tower,14,31,32,1,78,0,9,34,0,43,14,40,66,1,121,48,0,48,169
08/05/2005,JAC,WY,ANM,WE,Federal Contract Tower,13,32,79,0,124,1,7,27,2,37,14,39,106,2,161,20,0,20,181
08/06/2005,JAC,WY,ANM,WE,Federal Contract Tower,25,30,39,5,99,0,5,44,0,49,25,35,83,5,148,16,0,16,164
08/07/2005,JAC,WY,ANM,WE,Federal Contract Tower,23,44,43,0,110,0,2,41,0,43,23,46,84,0,153,18,0,18,171
08/08/2005,JAC,WY,ANM,WE,Federal Contract Tower,14,39,36,5,94,0,6,25,0,31,14,45,61,5,125,20,0,20,145
08/09/2005,JAC,WY,ANM,WE,Federal Contract Tower,14,35,37,1,87,0,9,50,0,59,14,44,87,1,146,60,0,60,206
08/10/2005,JAC,WY,ANM,WE,Federal Contract Tower,14,36,36,1,87,0,6,36,4,46,14,42,72,5,133,70,0,70,203
08/11/2005,JAC,WY,ANM,WE,Federal Contract Tower,13,37,44,1,95,2,7,67,4,80,15,44,111,5,175,58,0,58,233
08/12/2005,JAC,WY,ANM,WE,Federal Contract Tower,13,31,48,0,92,2,8,46,2,58,15,39,94,2,150,28,0,28,178
08/13/2005,JAC,WY,ANM,WE,Federal Contract Tower,24,37,45,0,106,0,12,45,4,61,24,49,90,4,167,48,0,48,215
08/14/2005,JAC,WY,ANM,WE,Federal Contract Tower,24,40,51,2,117,0,10,52,2,64,24,50,103,4,181,10,0,10,191
08/15/2005,JAC,WY,ANM,WE,Federal Contract Tower,13,36,35,1,85,0,4,25,0,29,13,40,60,1,114,2,0,2,116
08/16/2005,JAC,WY,ANM,WE,Federal Contract Tower,12,50,31,0,93,0,4,28,2,34,12,54,59,2,127,2,0,2,129
08/17/2005,JAC,WY,ANM,WE,Federal Contract Tower,14,39,46,0,99,0,4,10,2,16,14,43,56,2,115,2,0,2,117
08/18/2005,JAC,WY,ANM,WE,Federal Contract Tower,14,38,54,4,110,0,4,15,0,19,14,42,69,4,129,0,0,0,129
08/19/2005,JAC,WY,ANM,WE,Federal Contract Tower,14,34,53,3,104,0,15,53,1,69,14,49,106,4,173,0,0,0,173
08/20/2005,JAC,WY,ANM,WE,Federal Contract Tower,23,25,47,2,97,1,4,58,4,67,24,29,105,6,164,0,0,0,164
08/21/2005,JAC,WY,ANM,WE,Federal Contract Tower,21,31,68,0,120,2,11,51,2,66,23,42,119,2,186,0,0,0,186
08/22/2005,JAC,WY,ANM,WE,Federal Contract Tower,13,34,25,0,72,0,7,27,4,38,13,41,52,4,110,2,0,2,112
08/23/2005,JAC,WY,ANM,WE,Federal Contract Tower,15,32,26,0,73,0,2,21,2,25,15,34,47,2,98,4,0,4,102
08/24/2005,JAC,WY,ANM,WE,Federal Contract Tower,15,25,27,0,67,0,4,20,0,24,15,29,47,0,91,0,0,0,91
08/25/2005,JAC,WY,ANM,WE,Federal Contract Tower,14,27,28,1,70,0,5,27,0,32,14,32,55,1,102,0,0,0,102
08/26/2005,JAC,WY,ANM,WE,Federal Contract Tower,14,24,27,0,65,0,12,63,0,75,14,36,90,0,140,0,0,0,140
08/27/2005,JAC,WY,ANM,WE,Federal Contract Tower,19,36,15,1,71,3,8,49,0,60,22,44,64,1,131,0,0,0,131
08/28/2005,JAC,WY,ANM,WE,Federal Contract Tower,20,34,32,0,86,0,4,41,0,45,20,38,73,0,131,0,0,0,131
08/29/2005,JAC,WY,ANM,WE,Federal Contract Tower,13,35,20,0,68,0,5,41,0,46,13,40,61,0,114,4,0,4,118
08/30/2005,JAC,WY,ANM,WE,Federal Contract Tower,13,18,28,0,59,0,2,26,1,29,13,20,54,1,88,0,0,0,88
08/31/2005,JAC,WY,ANM,WE,Federal Contract Tower,13,26,27,1,67,0,6,27,5,38,13,32,54,6,105,2,0,2,107
09/01/2005,JAC,WY,ANM,WE,Federal Contract Tower,13,36,31,1,81,0,2,14,0,16,13,38,45,1,97,0,0,0,97
09/02/2005,JAC,WY,ANM,WE,Federal Contract Tower,14,46,25,0,85,0,15,45,0,60,14,61,70,0,145,0,0,0,145
09/03/2005,JAC,WY,ANM,WE,Federal Contract Tower,21,22,12,0,55,0,5,38,0,43,21,27,50,0,98,2,0,2,100
09/04/2005,JAC,WY,ANM,WE,Federal Contract Tower,16,22,19,1,58,0,4,32,0,36,16,26,51,1,94,10,0,10,104
09/05/2005,JAC,WY,ANM,WE,Federal Contract Tower,15,53,33,0,101,0,5,46,4,55,15,58,79,4,156,2,0,2,158
09/06/2005,JAC,WY,ANM,WE,Federal Contract Tower,14,25,12,0,51,0,11,38,0,49,14,36,50,0,100,0,0,0,100
09/07/2005,JAC,WY,ANM,WE,Federal Contract Tower,15,29,30,0,74,0,6,57,0,63,15,35,87,0,137,0,0,0,137
09/08/2005,JAC,WY,ANM,WE,Federal Contract Tower,14,25,26,0,65,1,7,37,0,45,15,32,63,0,110,0,0,0,110
09/09/2005,JAC,WY,ANM,WE,Federal Contract Tower,13,26,39,0,78,1,10,28,0,39,14,36,67,0,117,2,0,2,119
09/10/2005,JAC,WY,ANM,WE,Federal Contract Tower,12,22,14,0,48,1,1,3,0,5,13,23,17,0,53,0,0,0,53
09/11/2005,JAC,WY,ANM,WE,Federal Contract Tower,12,14,33,0,59,4,7,20,0,31,16,21,53,0,90,22,0,22,112
09/12/2005,JAC,WY,ANM,WE,Federal Contract Tower,6,6,22,0,34,0,4,0,0,4,6,10,22,0,38,0,0,0,38
09/13/2005,JAC,WY,ANM,WE,Federal Contract Tower,13,24,39,0,76,0,1,14,0,15,13,25,53,0,91,0,0,0,91
09/14/2005,JAC,WY,ANM,WE,Federal Contract Tower,14,20,30,0,64,0,8,27,0,35,14,28,57,0,99,0,0,0,99
09/15/2005,JAC,WY,ANM,WE,Federal Contract Tower,14,23,32,0,69,0,10,36,0,46,14,33,68,0,115,2,0,2,117
09/16/2005,JAC,WY,ANM,WE,Federal Contract Tower,15,25,17,0,57,0,5,28,0,33,15,30,45,0,90,0,0,0,90
09/17/2005,JAC,WY,ANM,WE,Federal Contract Tower,14,29,19,0,62,0,1,3,0,4,14,30,22,0,66,0,0,0,66
09/18/2005,JAC,WY,ANM,WE,Federal Contract Tower,13,46,35,0,94,0,6,23,1,30,13,52,58,1,124,6,0,6,130
09/19/2005,JAC,WY,ANM,WE,Federal Contract Tower,14,30,28,0,72,0,4,54,1,59,14,34,82,1,131,16,0,16,147
09/20/2005,JAC,WY,ANM,WE,Federal Contract Tower,14,33,17,0,64,0,6,44,0,50,14,39,61,0,114,22,0,22,136
09/21/2005,JAC,WY,ANM,WE,Federal Contract Tower,12,23,26,0,61,0,5,16,0,21,12,28,42,0,82,0,2,2,84
09/22/2005,JAC,WY,ANM,WE,Federal Contract Tower,14,31,38,0,83,0,9,24,1,34,14,40,62,1,117,0,0,0,117
09/23/2005,JAC,WY,ANM,WE,Federal Contract Tower,14,30,30,0,74,0,3,24,0,27,14,33,54,0,101,0,0,0,101
09/24/2005,JAC,WY,ANM,WE,Federal Contract Tower,15,14,20,0,49,0,0,5,0,5,15,14,25,0,54,0,0,0,54
09/25/2005,JAC,WY,ANM,WE,Federal Contract Tower,15,25,39,0,79,0,0,13,0,13,15,25,52,0,92,0,0,0,92
09/26/2005,JAC,WY,ANM,WE,Federal Contract Tower,12,15,24,0,51,1,6,26,0,33,13,21,50,0,84,6,0,6,90
09/27/2005,JAC,WY,ANM,WE,Federal Contract Tower,13,18,24,0,55,0,5,15,0,20,13,23,39,0,75,0,0,0,75
09/28/2005,JAC,WY,ANM,WE,Federal Contract Tower,13,23,24,0,60,0,4,32,0,36,13,27,56,0,96,8,0,8,104
09/29/2005,JAC,WY,ANM,WE,Federal Contract Tower,14,22,30,0,66,0,7,27,0,34,14,29,57,0,100,8,0,8,108
09/30/2005,JAC,WY,ANM,WE,Federal Contract Tower,13,19,26,0,58,0,9,40,0,49,13,28,66,0,107,0,0,0,107
10/01/2005,JAC,WY,ANM,WE,Federal Contract Tower,9,22,17,4,52,1,4,35,0,40,10,26,52,4,92,0,0,0,92
10/02/2005,JAC,WY,ANM,WE,Federal Contract Tower,12,26,21,0,59,0,1,1,0,2,12,27,22,0,61,0,0,0,61
10/03/2005,JAC,WY,ANM,WE,Federal Contract Tower,8,24,18,0,50,0,2,8,0,10,8,26,26,0,60,4,0,4,64
10/04/2005,JAC,WY,ANM,WE,Federal Contract Tower,4,32,18,0,54,0,0,4,0,4,4,32,22,0,58,0,0,0,58
10/05/2005,JAC,WY,ANM,WE,Federal Contract Tower,4,33,17,0,54,0,6,24,0,30,4,39,41,0,84,52,0,52,136
10/06/2005,JAC,WY,ANM,WE,Federal Contract Tower,5,35,28,0,68,0,4,15,0,19,5,39,43,0,87,14,0,14,101
10/07/2005,JAC,WY,ANM,WE,Federal Contract Tower,4,30,20,0,54,0,6,41,0,47,4,36,61,0,101,27,0,27,128
10/08/2005,JAC,WY,ANM,WE,Federal Contract Tower,6,31,16,0,53,0,3,8,0,11,6,34,24,0,64,11,0,11,75
10/09/2005,JAC,WY,ANM,WE,Federal Contract Tower,4,34,19,0,57,0,3,5,0,8,4,37,24,0,65,0,0,0,65
10/10/2005,JAC,WY,ANM,WE,Federal Contract Tower,4,31,22,0,57,0,4,7,0,11,4,35,29,0,68,14,0,14,82
10/11/2005,JAC,WY,ANM,WE,Federal Contract Tower,4,23,15,0,42,0,1,23,0,24,4,24,38,0,66,18,0,18,84
10/12/2005,JAC,WY,ANM,WE,Federal Contract Tower,4,28,21,0,53,0,2,24,0,26,4,30,45,0,79,15,0,15,94
10/13/2005,JAC,WY,ANM,WE,Federal Contract Tower,4,40,32,0,76,0,2,57,0,59,4,42,89,0,135,36,0,36,171
10/14/2005,JAC,WY,ANM,WE,Federal Contract Tower,4,34,22,0,60,0,1,47,0,48,4,35,69,0,108,18,0,18,126
10/15/2005,JAC,WY,ANM,WE,Federal Contract Tower,6,25,5,0,36,0,3,37,0,40,6,28,42,0,76,2,0,2,78
10/16/2005,JAC,WY,ANM,WE,Federal Contract Tower,4,35,12,0,51,0,7,22,0,29,4,42,34,0,80,14,0,14,94
10/17/2005,JAC,WY,ANM,WE,Federal Contract Tower,4,25,14,0,43,0,5,25,0,30,4,30,39,0,73,12,0,12,85
10/18/2005,JAC,WY,ANM,WE,Federal Contract Tower,4,18,15,0,37,0,4,30,0,34,4,22,45,0,71,26,0,26,97
10/19/2005,JAC,WY,ANM,WE,Federal Contract Tower,4,23,9,0,36,0,6,23,0,29,4,29,32,0,65,0,0,0,65
10/20/2005,JAC,WY,ANM,WE,Federal Contract Tower,4,27,11,0,42,0,4,23,0,27,4,31,34,0,69,6,0,6,75
10/21/2005,JAC,WY,ANM,WE,Federal Contract Tower,4,22,11,2,39,0,5,45,0,50,4,27,56,2,89,16,0,16,105
10/22/2005,JAC,WY,ANM,WE,Federal Contract Tower,4,24,13,1,42,0,8,37,0,45,4,32,50,1,87,17,0,17,104
10/23/2005,JAC,WY,ANM,WE,Federal Contract Tower,4,25,10,1,40,1,5,25,0,31,5,30,35,1,71,18,0,18,89
10/24/2005,JAC,WY,ANM,WE,Federal Contract Tower,3,31,15,2,51,1,2,18,0,21,4,33,33,2,72,8,0,8,80
10/25/2005,JAC,WY,ANM,WE,Federal Contract Tower,4,26,11,1,42,0,2,35,0,37,4,28,46,1,79,8,0,8,87
10/26/2005,JAC,WY,ANM,WE,Federal Contract Tower,4,28,6,2,40,0,7,25,2,34,4,35,31,4,74,2,0,2,76
10/27/2005,JAC,WY,ANM,WE,Federal Contract Tower,4,24,8,0,36,0,5,4,0,9,4,29,12,0,45,0,0,0,45
10/28/2005,JAC,WY,ANM,WE,Federal Contract Tower,4,27,14,0,45,0,0,5,0,5,4,27,19,0,50,6,0,6,56
10/29/2005,JAC,WY,ANM,WE,Federal Contract Tower,4,23,9,0,36,0,0,1,0,1,4,23,10,0,37,0,0,0,37
10/30/2005,JAC,WY,ANM,WE,Federal Contract Tower,4,19,7,0,30,0,0,9,0,9,4,19,16,0,39,0,0,0,39
10/31/2005,JAC,WY,ANM,WE,Federal Contract Tower,4,22,8,0,34,0,6,7,0,13,4,28,15,0,47,0,0,0,47
11/01/2005,JAC,WY,ANM,WE,Federal Contract Tower,4,21,18,0,43,0,4,9,2,15,4,25,27,2,58,18,0,18,76
11/02/2005,JAC,WY,ANM,WE,Federal Contract Tower,4,23,10,0,37,0,1,4,0,5,4,24,14,0,42,0,0,0,42
11/03/2005,JAC,WY,ANM,WE,Federal Contract Tower,4,18,17,0,39,0,0,3,0,3,4,18,20,0,42,0,0,0,42
11/04/2005,JAC,WY,ANM,WE,Federal Contract Tower,4,21,14,0,39,0,1,2,0,3,4,22,16,0,42,2,0,2,44
11/05/2005,JAC,WY,ANM,WE,Federal Contract Tower,4,23,6,0,33,0,1,0,0,1,4,24,6,0,34,0,0,0,34
11/06/2005,JAC,WY,ANM,WE,Federal Contract Tower,4,14,10,0,28,0,0,1,0,1,4,14,11,0,29,0,0,0,29
11/07/2005,JAC,WY,ANM,WE,Federal Contract Tower,4,22,14,0,40,0,1,6,6,13,4,23,20,6,53,0,0,0,53
11/08/2005,JAC,WY,ANM,WE,Federal Contract Tower,4,24,2,0,30,0,0,10,0,10,4,24,12,0,40,0,0,0,40
11/09/2005,JAC,WY,ANM,WE,Federal Contract Tower,4,26,11,0,41,0,2,9,0,11,4,28,20,0,52,16,0,16,68
11/10/2005,JAC,WY,ANM,WE,Federal Contract Tower,4,31,16,0,51,0,0,15,0,15,4,31,31,0,66,0,0,0,66
11/11/2005,JAC,WY,ANM,WE,Federal Contract Tower,4,24,7,0,35,0,2,7,0,9,4,26,14,0,44,7,0,7,51
11/12/2005,JAC,WY,ANM,WE,Federal Contract Tower,4,18,8,0,30,0,0,0,0,0,4,18,8,0,30,0,0,0,30
11/13/2005,JAC,WY,ANM,WE,Federal Contract Tower,4,18,12,0,34,0,0,1,0,1,4,18,13,0,35,0,4,4,39
11/14/2005,JAC,WY,ANM,WE,Federal Contract Tower,2,20,11,0,33,0,1,2,0,3,2,21,13,0,36,0,0,0,36
11/15/2005,JAC,WY,ANM,WE,Federal Contract Tower,3,27,14,0,44,0,2,25,0,27,3,29,39,0,71,35,0,35,106
11/16/2005,JAC,WY,ANM,WE,Federal Contract Tower,4,25,12,1,42,0,0,1,0,1,4,25,13,1,43,4,0,4,47
11/17/2005,JAC,WY,ANM,WE,Federal Contract Tower,4,21,16,0,41,0,1,8,3,12,4,22,24,3,53,20,0,20,73
11/18/2005,JAC,WY,ANM,WE,Federal Contract Tower,4,30,8,0,42,0,2,5,0,7,4,32,13,0,49,0,0,0,49
11/19/2005,JAC,WY,ANM,WE,Federal Contract Tower,4,23,8,0,35,0,4,9,0,13,4,27,17,0,48,30,0,30,78
11/20/2005,JAC,WY,ANM,WE,Federal Contract Tower,4,16,7,0,27,0,5,31,0,36,4,21,38,0,63,2,0,2,65
11/21/2005,JAC,WY,ANM,WE,Federal Contract Tower,4,24,15,0,43,0,1,14,0,15,4,25,29,0,58,12,0,12,70
11/22/2005,JAC,WY,ANM,WE,Federal Contract Tower,4,22,15,0,41,0,5,15,0,20,4,27,30,0,61,10,0,10,71
11/23/2005,JAC,WY,ANM,WE,Federal Contract Tower,4,26,28,0,58,0,1,17,0,18,4,27,45,0,76,10,0,10,86
11/24/2005,JAC,WY,ANM,WE,Federal Contract Tower,4,12,3,0,19,0,0,18,0,18,4,12,21,0,37,2,0,2,39
11/25/2005,JAC,WY,ANM,WE,Federal Contract Tower,4,24,6,0,34,0,6,9,0,15,4,30,15,0,49,10,0,10,59
11/26/2005,JAC,WY,ANM,WE,Federal Contract Tower,4,24,9,0,37,0,0,1,0,1,4,24,10,0,38,0,0,0,38
11/27/2005,JAC,WY,ANM,WE,Federal Contract Tower,4,25,19,0,48,0,0,11,0,11,4,25,30,0,59,4,0,4,63
11/28/2005,JAC,WY,ANM,WE,Federal Contract Tower,4,34,17,0,55,0,1,5,0,6,4,35,22,0,61,36,0,36,97
11/29/2005,JAC,WY,ANM,WE,Federal Contract Tower,4,26,6,0,36,0,2,4,0,6,4,28,10,0,42,0,0,0,42
11/30/2005,JAC,WY,ANM,WE,Federal Contract Tower,4,18,12,0,34,0,2,4,0,6,4,20,16,0,40,4,0,4,44
12/01/2005,JAC,WY,ANM,WE,Federal Contract Tower,2,12,5,0,19,0,1,4,0,5,2,13,9,0,24,0,0,0,24
12/02/2005,JAC,WY,ANM,WE,Federal Contract Tower,6,13,14,0,33,0,1,2,0,3,6,14,16,0,36,0,0,0,36
12/03/2005,JAC,WY,ANM,WE,Federal Contract Tower,6,10,3,0,19,0,2,1,0,3,6,12,4,0,22,0,0,0,22
12/04/2005,JAC,WY,ANM,WE,Federal Contract Tower,8,17,25,0,50,1,0,1,0,2,9,17,26,0,52,0,0,0,52
12/05/2005,JAC,WY,ANM,WE,Federal Contract Tower,7,17,12,0,36,0,0,0,0,0,7,17,12,0,36,0,0,0,36
12/06/2005,JAC,WY,ANM,WE,Federal Contract Tower,6,13,3,0,22,0,3,2,0,5,6,16,5,0,27,0,0,0,27
12/07/2005,JAC,WY,ANM,WE,Federal Contract Tower,5,15,18,0,38,1,2,19,0,22,6,17,37,0,60,13,0,13,73
12/08/2005,JAC,WY,ANM,WE,Federal Contract Tower,8,15,20,0,43,0,4,12,0,16,8,19,32,0,59,2,0,2,61
12/09/2005,JAC,WY,ANM,WE,Federal Contract Tower,8,14,10,0,32,0,2,3,0,5,8,16,13,0,37,0,0,0,37
12/10/2005,JAC,WY,ANM,WE,Federal Contract Tower,6,15,13,0,34,2,4,12,0,18,8,19,25,0,52,4,0,4,56
12/11/2005,JAC,WY,ANM,WE,Federal Contract Tower,8,14,5,0,27,0,2,21,1,24,8,16,26,1,51,20,0,20,71
12/12/2005,JAC,WY,ANM,WE,Federal Contract Tower,8,17,11,1,37,0,3,18,2,23,8,20,29,3,60,8,0,8,68
12/13/2005,JAC,WY,ANM,WE,Federal Contract Tower,5,20,29,0,54,0,1,1,0,2,5,21,30,0,56,0,0,0,56
12/14/2005,JAC,WY,ANM,WE,Federal Contract Tower,6,24,17,0,47,0,2,4,0,6,6,26,21,0,53,2,0,2,55
12/15/2005,JAC,WY,ANM,WE,Federal Contract Tower,13,15,14,0,42,0,2,13,0,15,13,17,27,0,57,16,0,16,73
12/16/2005,JAC,WY,ANM,WE,Federal Contract Tower,15,24,25,0,64,0,8,5,0,13,15,32,30,0,77,9,0,9,86
12/17/2005,JAC,WY,ANM,WE,Federal Contract Tower,19,16,32,0,67,0,2,13,0,15,19,18,45,0,82,44,0,44,126
12/18/2005,JAC,WY,ANM,WE,Federal Contract Tower,18,21,27,0,66,0,2,11,0,13,18,23,38,0,79,0,0,0,79
12/19/2005,JAC,WY,ANM,WE,Federal Contract Tower,15,23,25,0,63,0,0,0,0,0,15,23,25,0,63,0,0,0,63
12/20/2005,JAC,WY,ANM,WE,Federal Contract Tower,14,22,28,0,64,0,2,1,0,3,14,24,29,0,67,18,0,18,85
12/21/2005,JAC,WY,ANM,WE,Federal Contract Tower,16,15,19,0,50,0,5,2,0,7,16,20,21,0,57,2,0,2,59
12/22/2005,JAC,WY,ANM,WE,Federal Contract Tower,17,45,32,0,94,0,0,0,0,0,17,45,32,0,94,0,0,0,94
12/23/2005,JAC,WY,ANM,WE,Federal Contract Tower,17,23,43,0,83,0,4,4,0,8,17,27,47,0,91,0,0,0,91
12/24/2005,JAC,WY,ANM,WE,Federal Contract Tower,20,12,12,0,44,0,3,8,0,11,20,15,20,0,55,8,0,8,63
12/25/2005,JAC,WY,ANM,WE,Federal Contract Tower,16,22,9,0,47,1,0,12,0,13,17,22,21,0,60,0,0,0,60
12/26/2005,JAC,WY,ANM,WE,Federal Contract Tower,15,24,43,0,82,0,0,1,0,1,15,24,44,0,83,2,0,2,85
12/27/2005,JAC,WY,ANM,WE,Federal Contract Tower,19,32,53,1,105,0,4,6,0,10,19,36,59,1,115,4,0,4,119
12/28/2005,JAC,WY,ANM,WE,Federal Contract Tower,18,21,29,0,68,0,0,3,0,3,18,21,32,0,71,0,0,0,71
12/29/2005,JAC,WY,ANM,WE,Federal Contract Tower,14,21,19,0,54,0,0,0,0,0,14,21,19,0,54,0,0,0,54
12/30/2005,JAC,WY,ANM,WE,Federal Contract Tower,16,33,35,0,84,0,0,0,0,0,16,33,35,0,84,2,0,2,86
12/31/2005,JAC,WY,ANM,WE,Federal Contract Tower,20,10,16,0,46,0,2,2,0,4,20,12,18,0,50,0,0,0,50
01/01/2006,JAC,WY,ANM,WE,Federal Contract Tower,18,28,35,1,82,0,0,5,0,5,18,28,40,1,87,0,0,0,87
01/02/2006,JAC,WY,ANM,WE,Federal Contract Tower,13,24,41,2,80,0,0,0,0,0,13,24,41,2,80,0,0,0,80
01/03/2006,JAC,WY,ANM,WE,Federal Contract Tower,14,25,24,0,63,0,2,5,0,7,14,27,29,0,70,0,0,0,70
01/04/2006,JAC,WY,ANM,WE,Federal Contract Tower,14,26,24,0,64,0,0,3,0,3,14,26,27,0,67,0,0,0,67
01/05/2006,JAC,WY,ANM,WE,Federal Contract Tower,17,18,22,0,57,0,0,18,0,18,17,18,40,0,75,18,0,18,93
01/06/2006,JAC,WY,ANM,WE,Federal Contract Tower,18,15,9,2,44,0,7,20,0,27,18,22,29,2,71,20,0,20,91
01/07/2006,JAC,WY,ANM,WE,Federal Contract Tower,20,19,15,0,54,0,0,8,0,8,20,19,23,0,62,0,0,0,62
01/08/2006,JAC,WY,ANM,WE,Federal Contract Tower,18,9,15,0,42,0,0,0,0,0,18,9,15,0,42,0,0,0,42
01/09/2006,JAC,WY,ANM,WE,Federal Contract Tower,16,16,19,0,51,0,1,12,0,13,16,17,31,0,64,24,0,24,88
01/10/2006,JAC,WY,ANM,WE,Federal Contract Tower,15,15,12,0,42,0,0,6,0,6,15,15,18,0,48,0,0,0,48
01/11/2006,JAC,WY,ANM,WE,Federal Contract Tower,12,14,17,0,43,0,0,0,0,0,12,14,17,0,43,0,0,0,43
01/12/2006,JAC,WY,ANM,WE,Federal Contract Tower,17,23,17,0,57,0,0,5,0,5,17,23,22,0,62,0,0,0,62
01/13/2006,JAC,WY,ANM,WE,Federal Contract Tower,18,25,30,0,73,0,4,5,0,9,18,29,35,0,82,4,0,4,86
01/14/2006,JAC,WY,ANM,WE,Federal Contract Tower,20,18,12,0,50,0,2,8,0,10,20,20,20,0,60,26,0,26,86
01/15/2006,JAC,WY,ANM,WE,Federal Contract Tower,18,6,25,0,49,0,2,1,0,3,18,8,26,0,52,0,0,0,52
01/16/2006,JAC,WY,ANM,WE,Federal Contract Tower,17,37,23,0,77,0,2,21,0,23,17,39,44,0,100,38,0,38,138
01/17/2006,JAC,WY,ANM,WE,Federal Contract Tower,10,16,18,0,44,0,1,1,0,2,10,17,19,0,46,2,0,2,48
01/18/2006,JAC,WY,ANM,WE,Federal Contract Tower,12,13,19,0,44,0,0,0,0,0,12,13,19,0,44,0,0,0,44
01/19/2006,JAC,WY,ANM,WE,Federal Contract Tower,16,19,24,0,59,1,1,16,0,18,17,20,40,0,77,0,0,0,77
01/20/2006,JAC,WY,ANM,WE,Federal Contract Tower,18,13,22,0,53,0,1,3,0,4,18,14,25,0,57,2,0,2,59
01/21/2006,JAC,WY,ANM,WE,Federal Contract Tower,20,15,10,0,45,0,1,1,0,2,20,16,11,0,47,0,0,0,47
01/22/2006,JAC,WY,ANM,WE,Federal Contract Tower,18,18,24,0,60,0,5,11,0,16,18,23,35,0,76,8,0,8,84
01/23/2006,JAC,WY,ANM,WE,Federal Contract Tower,17,26,22,0,65,0,5,4,0,9,17,31,26,0,74,0,0,0,74
01/24/2006,JAC,WY,ANM,WE,Federal Contract Tower,14,19,17,0,50,0,1,8,0,9,14,20,25,0,59,28,0,28,87
01/25/2006,JAC,WY,ANM,WE,Federal Contract Tower,11,17,12,0,40,0,1,5,0,6,11,18,17,0,46,0,0,0,46
01/26/2006,JAC,WY,ANM,WE,Federal Contract Tower,18,18,20,0,56,0,6,12,0,18,18,24,32,0,74,20,0,20,94
01/27/2006,JAC,WY,ANM,WE,Federal Contract Tower,18,17,18,0,53,0,0,0,0,0,18,17,18,0,53,0,0,0,53
01/28/2006,JAC,WY,ANM,WE,Federal Contract Tower,20,12,13,0,45,0,0,4,0,4,20,12,17,0,49,0,0,0,49
01/29/2006,JAC,WY,ANM,WE,Federal Contract Tower,20,19,27,0,66,0,1,0,0,1,20,20,27,0,67,0,0,0,67
01/30/2006,JAC,WY,ANM,WE,Federal Contract Tower,13,16,8,0,37,0,4,0,0,4,13,20,8,0,41,0,0,0,41
01/31/2006,JAC,WY,ANM,WE,Federal Contract Tower,14,12,17,0,43,0,2,9,0,11,14,14,26,0,54,20,0,20,74
02/01/2006,JAC,WY,ANM,WE,Federal Contract Tower,15,15,20,0,50,0,5,5,0,10,15,20,25,0,60,0,0,0,60
02/02/2006,JAC,WY,ANM,WE,Federal Contract Tower,17,16,26,0,59,0,0,1,0,1,17,16,27,0,60,0,0,0,60
02/03/2006,JAC,WY,ANM,WE,Federal Contract Tower,18,16,17,0,51,0,1,11,0,12,18,17,28,0,63,22,0,22,85
02/04/2006,JAC,WY,ANM,WE,Federal Contract Tower,18,13,14,0,45,0,1,7,0,8,18,14,21,0,53,0,0,0,53
02/05/2006,JAC,WY,ANM,WE,Federal Contract Tower,20,16,28,0,64,0,0,0,0,0,20,16,28,0,64,0,0,0,64
02/06/2006,JAC,WY,ANM,WE,Federal Contract Tower,18,15,21,0,54,0,6,17,1,24,18,21,38,1,78,22,0,22,100
02/07/2006,JAC,WY,ANM,WE,Federal Contract Tower,17,20,9,0,46,1,3,16,2,22,18,23,25,2,68,0,0,0,68
02/08/2006,JAC,WY,ANM,WE,Federal Contract Tower,18,14,20,0,52,0,6,21,0,27,18,20,41,0,79,20,0,20,99
02/09/2006,JAC,WY,ANM,WE,Federal Contract Tower,18,14,11,0,43,0,6,25,0,31,18,20,36,0,74,52,0,52,126
02/10/2006,JAC,WY,ANM,WE,Federal Contract Tower,18,24,20,0,62,0,2,10,0,12,18,26,30,0,74,0,0,0,74
02/11/2006,JAC,WY,ANM,WE,Federal Contract Tower,19,16,7,0,42,0,1,16,0,17,19,17,23,0,59,8,0,8,67
02/12/2006,JAC,WY,ANM,WE,Federal Contract Tower,19,24,15,0,58,0,2,15,0,17,19,26,30,0,75,0,0,0,75
02/13/2006,JAC,WY,ANM,WE,Federal Contract Tower,18,14,11,0,43,0,6,19,0,25,18,20,30,0,68,38,0,38,106
02/14/2006,JAC,WY,ANM,WE,Federal Contract Tower,18,13,13,0,44,0,2,7,1,10,18,15,20,1,54,24,0,24,78
02/15/2006,JAC,WY,ANM,WE,Federal Contract Tower,16,23,25,2,66,0,0,2,0,2,16,23,27,2,68,0,0,0,68
02/16/2006,JAC,WY,ANM,WE,Federal Contract Tower,18,40,39,1,98,0,5,13,0,18,18,45,52,1,116,30,0,30,146
02/17/2006,JAC,WY,ANM,WE,Federal Contract Tower,18,37,37,2,94,0,4,2,0,6,18,41,39,2,100,0,0,0,100
02/18/2006,JAC,WY,ANM,WE,Federal Contract Tower,19,17,21,0,57,0,0,4,0,4,19,17,25,0,61,0,0,0,61
02/19/2006,JAC,WY,ANM,WE,Federal Contract Tower,17,14,21,0,52,0,7,14,0,21,17,21,35,0,73,6,0,6,79
02/20/2006,JAC,WY,ANM,WE,Federal Contract Tower,17,43,44,0,104,0,3,15,0,18,17,46,59,0,122,0,0,0,122
02/21/2006,JAC,WY,ANM,WE,Federal Contract Tower,18,22,24,3,67,0,0,1,0,1,18,22,25,3,68,0,0,0,68
02/22/2006,JAC,WY,ANM,WE,Federal Contract Tower,16,13,29,0,58,0,0,1,0,1,16,13,30,0,59,0,0,0,59
02/23/2006,JAC,WY,ANM,WE,Federal Contract Tower,20,27,17,0,64,0,2,5,0,7,20,29,22,0,71,2,0,2,73
02/24/2006,JAC,WY,ANM,WE,Federal Contract Tower,18,27,24,0,69,0,1,7,0,8,18,28,31,0,77,0,0,0,77
02/25/2006,JAC,WY,ANM,WE,Federal Contract Tower,20,23,18,0,61,0,3,5,0,8,20,26,23,0,69,28,0,28,97
02/26/2006,JAC,WY,ANM,WE,Federal Contract Tower,18,25,27,0,70,0,5,16,0,21,18,30,43,0,91,10,0,10,101
02/27/2006,JAC,WY,ANM,WE,Federal Contract Tower,18,20,21,0,59,0,6,11,0,17,18,26,32,0,76,20,0,20,96
02/28/2006,JAC,WY,ANM,WE,Federal Contract Tower,18,17,12,0,47,0,1,0,0,1,18,18,12,0,48,0,0,0,48
03/01/2006,JAC,WY,ANM,WE,Federal Contract Tower,18,23,19,0,60,0,3,11,0,14,18,26,30,0,74,6,0,6,80
03/02/2006,JAC,WY,ANM,WE,Federal Contract Tower,20,21,30,0,71,0,4,27,0,31,20,25,57,0,102,12,0,12,114
03/03/2006,JAC,WY,ANM,WE,Federal Contract Tower,19,13,16,0,48,1,4,28,0,33,20,17,44,0,81,4,0,4,85
03/04/2006,JAC,WY,ANM,WE,Federal Contract Tower,24,29,11,0,64,0,4,4,0,8,24,33,15,0,72,0,0,0,72
03/05/2006,JAC,WY,ANM,WE,Federal Contract Tower,19,29,39,0,87,0,0,15,0,15,19,29,54,0,102,29,0,29,131
03/06/2006,JAC,WY,ANM,WE,Federal Contract Tower,18,21,9,0,48,0,0,6,2,8,18,21,15,2,56,0,0,0,56
03/07/2006,JAC,WY,ANM,WE,Federal Contract Tower,20,20,12,0,52,0,4,3,0,7,20,24,15,0,59,10,0,10,69
03/08/2006,JAC,WY,ANM,WE,Federal Contract Tower,18,19,16,0,53,0,2,12,0,14,18,21,28,0,67,8,0,8,75
03/09/2006,JAC,WY,ANM,WE,Federal Contract Tower,18,16,27,0,61,0,2,3,0,5,18,18,30,0,66,0,0,0,66
03/10/2006,JAC,WY,ANM,WE,Federal Contract Tower,18,24,13,0,55,0,4,12,0,16,18,28,25,0,71,8,0,8,79
03/11/2006,JAC,WY,ANM,WE,Federal Contract Tower,22,21,17,0,60,0,4,5,0,9,22,25,22,0,69,0,0,0,69
03/12/2006,JAC,WY,ANM,WE,Federal Contract Tower,18,30,42,0,90,0,1,14,0,15,18,31,56,0,105,10,0,10,115
03/13/2006,JAC,WY,ANM,WE,Federal Contract Tower,18,21,17,0,56,0,4,3,0,7,18,25,20,0,63,0,0,0,63
03/14/2006,JAC,WY,ANM,WE,Federal Contract Tower,18,19,10,0,47,0,0,3,0,3,18,19,13,0,50,0,0,0,50
03/15/2006,JAC,WY,ANM,WE,Federal Contract Tower,18,35,25,0,78,0,0,1,0,1,18,35,26,0,79,0,0,0,79
03/16/2006,JAC,WY,ANM,WE,Federal Contract Tower,18,17,26,2,63,0,4,7,0,11,18,21,33,2,74,0,0,0,74
03/17/2006,JAC,WY,ANM,WE,Federal Contract Tower,18,27,27,0,72,0,4,4,0,8,18,31,31,0,80,0,0,0,80
03/18/2006,JAC,WY,ANM,WE,Federal Contract Tower,19,24,29,0,72,1,1,10,0,12,20,25,39,0,84,0,0,0,84
03/19/2006,JAC,WY,ANM,WE,Federal Contract Tower,14,22,23,0,59,4,2,2,0,8,18,24,25,0,67,8,0,8,75
03/20/2006,JAC,WY,ANM,WE,Federal Contract Tower,18,19,19,0,56,0,0,12,0,12,18,19,31,0,68,0,0,0,68
03/21/2006,JAC,WY,ANM,WE,Federal Contract Tower,17,18,19,0,54,2,0,3,0,5,19,18,22,0,59,0,0,0,59
03/22/2006,JAC,WY,ANM,WE,Federal Contract Tower,17,14,18,0,49,0,3,13,0,16,17,17,31,0,65,26,0,26,91
03/23/2006,JAC,WY,ANM,WE,Federal Contract Tower,16,14,31,0,61,2,2,25,0,29,18,16,56,0,90,6,0,6,96
03/24/2006,JAC,WY,ANM,WE,Federal Contract Tower,17,24,25,0,66,1,8,23,0,32,18,32,48,0,98,34,0,34,132
03/25/2006,JAC,WY,ANM,WE,Federal Contract Tower,21,19,28,0,68,0,1,37,0,38,21,20,65,0,106,32,0,32,138
03/26/2006,JAC,WY,ANM,WE,Federal Contract Tower,18,8,22,0,48,0,3,1,0,4,18,11,23,0,52,0,0,0,52
03/27/2006,JAC,WY,ANM,WE,Federal Contract Tower,19,19,17,0,55,0,0,17,0,17,19,19,34,0,72,8,0,8,80
03/28/2006,JAC,WY,ANM,WE,Federal Contract Tower,17,14,23,0,54,0,0,0,0,0,17,14,23,0,54,0,0,0,54
03/29/2006,JAC,WY,ANM,WE,Federal Contract Tower,18,12,18,0,48,0,0,0,0,0,18,12,18,0,48,0,0,0,48
03/30/2006,JAC,WY,ANM,WE,Federal Contract Tower,18,21,16,0,55,0,1,27,0,28,18,22,43,0,83,12,0,12,95
03/31/2006,JAC,WY,ANM,WE,Federal Contract Tower,15,16,14,0,45,0,1,4,0,5,15,17,18,0,50,0,0,0,50
04/01/2006,JAC,WY,ANM,WE,Federal Contract Tower,22,17,13,0,52,0,0,0,0,0,22,17,13,0,52,0,0,0,52
04/02/2006,JAC,WY,ANM,WE,Federal Contract Tower,14,18,12,0,44,1,0,8,0,9,15,18,20,0,53,0,0,0,53
04/03/2006,JAC,WY,ANM,WE,Federal Contract Tower,9,13,16,0,38,0,0,16,0,16,9,13,32,0,54,0,0,0,54
04/04/2006,JAC,WY,ANM,WE,Federal Contract Tower,8,14,6,0,28,0,0,6,0,6,8,14,12,0,34,12,0,12,46
04/05/2006,JAC,WY,ANM,WE,Federal Contract Tower,8,18,5,0,31,0,2,3,0,5,8,20,8,0,36,20,0,20,56
04/06/2006,JAC,WY,ANM,WE,Federal Contract Tower,7,21,2,0,30,0,1,8,0,9,7,22,10,0,39,0,0,0,39
04/07/2006,JAC,WY,ANM,WE,Federal Contract Tower,7,15,10,0,32,0,0,9,0,9,7,15,19,0,41,22,0,22,63
04/08/2006,JAC,WY,ANM,WE,Federal Contract Tower,10,10,7,0,27,0,4,8,0,12,10,14,15,0,39,20,0,20,59
04/09/2006,JAC,WY,ANM,WE,Federal Contract Tower,8,14,14,0,36,0,0,18,0,18,8,14,32,0,54,12,0,12,66
04/10/2006,JAC,WY,ANM,WE,Federal Contract Tower,8,24,11,0,43,0,1,3,0,4,8,25,14,0,47,0,0,0,47
04/11/2006,JAC,WY,ANM,WE,Federal Contract Tower,8,21,10,0,39,0,1,5,0,6,8,22,15,0,45,0,0,0,45
04/12/2006,JAC,WY,ANM,WE,Federal Contract Tower,8,21,11,0,40,0,2,4,0,6,8,23,15,0,46,0,0,0,46
04/13/2006,JAC,WY,ANM,WE,Federal Contract Tower,8,21,13,0,42,0,3,7,0,10,8,24,20,0,52,0,0,0,52
04/14/2006,JAC,WY,ANM,WE,Federal Contract Tower,8,17,8,0,33,0,0,12,0,12,8,17,20,0,45,2,0,2,47
04/15/2006,JAC,WY,ANM,WE,Federal Contract Tower,11,15,3,0,29,0,0,15,0,15,11,15,18,0,44,0,0,0,44
04/16/2006,JAC,WY,ANM,WE,Federal Contract Tower,10,11,6,1,28,0,0,1,0,1,10,11,7,1,29,0,0,0,29
04/17/2006,JAC,WY,ANM,WE,Federal Contract Tower,6,13,15,1,35,0,1,1,0,2,6,14,16,1,37,0,0,0,37
04/18/2006,JAC,WY,ANM,WE,Federal Contract Tower,10,14,16,2,42,0,2,7,0,9,10,16,23,2,51,0,0,0,51
04/19/2006,JAC,WY,ANM,WE,Federal Contract Tower,8,16,13,0,37,0,3,29,0,32,8,19,42,0,69,32,0,32,101
04/20/2006,JAC,WY,ANM,WE,Federal Contract Tower,8,16,13,0,37,0,5,34,2,41,8,21,47,2,78,26,0,26,104
04/21/2006,JAC,WY,ANM,WE,Federal Contract Tower,8,13,10,0,31,0,3,28,0,31,8,16,38,0,62,12,0,12,74
04/22/2006,JAC,WY,ANM,WE,Federal Contract Tower,10,9,5,0,24,0,6,36,0,42,10,15,41,0,66,52,0,52,118
04/23/2006,JAC,WY,ANM,WE,Federal Contract Tower,8,10,10,0,28,0,1,5,0,6,8,11,15,0,34,4,0,4,38
04/24/2006,JAC,WY,ANM,WE,Federal Contract Tower,9,18,8,0,35,1,0,1,0,2,10,18,9,0,37,0,0,0,37
04/25/2006,JAC,WY,ANM,WE,Federal Contract Tower,8,15,9,0,32,0,4,15,0,19,8,19,24,0,51,4,0,4,55
04/26/2006,JAC,WY,ANM,WE,Federal Contract Tower,6,15,5,0,26,0,0,17,0,17,6,15,22,0,43,2,0,2,45
04/27/2006,JAC,WY,ANM,WE,Federal Contract Tower,8,17,12,0,37,0,0,15,0,15,8,17,27,0,52,4,0,4,56
04/28/2006,JAC,WY,ANM,WE,Federal Contract Tower,10,17,11,0,38,0,4,32,0,36,10,21,43,0,74,0,0,0,74
04/29/2006,JAC,WY,ANM,WE,Federal Contract Tower,10,14,4,0,28,0,4,23,0,27,10,18,27,0,55,16,0,16,71
04/30/2006,JAC,WY,ANM,WE,Federal Contract Tower,8,11,1,0,20,0,0,2,0,2,8,11,3,0,22,0,0,0,22
05/01/2006,JAC,WY,ANM,WE,Federal Contract Tower,8,14,9,0,31,0,0,15,0,15,8,14,24,0,46,2,0,2,48
05/02/2006,JAC,WY,ANM,WE,Federal Contract Tower,8,15,5,0,28,0,3,8,0,11,8,18,13,0,39,0,0,0,39
05/03/2006,JAC,WY,ANM,WE,Federal Contract Tower,8,18,5,0,31,0,0,13,0,13,8,18,18,0,44,6,0,6,50
05/04/2006,JAC,WY,ANM,WE,Federal Contract Tower,8,21,12,0,41,0,1,11,0,12,8,22,23,0,53,14,0,14,67
05/05/2006,JAC,WY,ANM,WE,Federal Contract Tower,8,21,14,1,44,0,1,16,1,18,8,22,30,2,62,26,0,26,88
05/06/2006,JAC,WY,ANM,WE,Federal Contract Tower,8,20,10,0,38,0,2,19,4,25,8,22,29,4,63,14,0,14,77
05/07/2006,JAC,WY,ANM,WE,Federal Contract Tower,8,18,10,0,36,0,0,10,0,10,8,18,20,0,46,0,0,0,46
05/08/2006,JAC,WY,ANM,WE,Federal Contract Tower,8,21,24,0,53,0,0,0,0,0,8,21,24,0,53,0,0,0,53
05/09/2006,JAC,WY,ANM,WE,Federal Contract Tower,8,18,14,0,40,0,0,22,0,22,8,18,36,0,62,8,0,8,70
05/10/2006,JAC,WY,ANM,WE,Federal Contract Tower,7,22,18,0,47,1,1,19,0,21,8,23,37,0,68,4,0,4,72
05/11/2006,JAC,WY,ANM,WE,Federal Contract Tower,8,19,14,0,41,0,6,36,0,42,8,25,50,0,83,10,0,10,93
05/12/2006,JAC,WY,ANM,WE,Federal Contract Tower,8,24,13,0,45,0,1,35,0,36,8,25,48,0,81,8,0,8,89
05/13/2006,JAC,WY,ANM,WE,Federal Contract Tower,10,17,5,0,32,0,6,45,0,51,10,23,50,0,83,8,0,8,91
05/14/2006,JAC,WY,ANM,WE,Federal Contract Tower,8,17,10,0,35,1,5,24,0,30,9,22,34,0,65,12,0,12,77
05/15/2006,JAC,WY,ANM,WE,Federal Contract Tower,7,18,15,0,40,0,4,15,0,19,7,22,30,0,59,0,0,0,59
05/16/2006,JAC,WY,ANM,WE,Federal Contract Tower,8,24,11,0,43,0,0,20,0,20,8,24,31,0,63,54,0,54,117
05/17/2006,JAC,WY,ANM,WE,Federal Contract Tower,8,23,16,0,47,0,5,30,0,35,8,28,46,0,82,12,0,12,94
05/18/2006,JAC,WY,ANM,WE,Federal Contract Tower,8,21,18,0,47,0,5,32,0,37,8,26,50,0,84,18,0,18,102
05/19/2006,JAC,WY,ANM,WE,Federal Contract Tower,8,20,17,0,45,0,2,20,0,22,8,22,37,0,67,62,0,62,129
05/20/2006,JAC,WY,ANM,WE,Federal Contract Tower,12,10,13,0,35,0,2,22,0,24,12,12,35,0,59,2,0,2,61
05/21/2006,JAC,WY,ANM,WE,Federal Contract Tower,10,15,17,0,42,0,0,13,0,13,10,15,30,0,55,2,0,2,57
05/22/2006,JAC,WY,ANM,WE,Federal Contract Tower,8,15,13,0,36,0,3,19,0,22,8,18,32,0,58,2,0,2,60
05/23/2006,JAC,WY,ANM,WE,Federal Contract Tower,10,10,16,0,36,0,3,19,0,22,10,13,35,0,58,14,0,14,72
05/24/2006,JAC,WY,ANM,WE,Federal Contract Tower,9,18,14,2,43,0,0,35,1,36,9,18,49,3,79,0,0,0,79
05/25/2006,JAC,WY,ANM,WE,Federal Contract Tower,10,24,17,0,51,0,6,36,4,46,10,30,53,4,97,14,0,14,111
05/26/2006,JAC,WY,ANM,WE,Federal Contract Tower,11,22,29,1,63,0,2,25,0,27,11,24,54,1,90,0,0,0,90
05/27/2006,JAC,WY,ANM,WE,Federal Contract Tower,14,15,10,2,41,0,1,4,8,13,14,16,14,10,54,0,0,0,54
05/28/2006,JAC,WY,ANM,WE,Federal Contract Tower,11,10,7,0,28,0,0,6,4,10,11,10,13,4,38,0,0,0,38
05/29/2006,JAC,WY,ANM,WE,Federal Contract Tower,13,16,31,0,60,0,2,10,4,16,13,18,41,4,76,0,0,0,76
05/30/2006,JAC,WY,ANM,WE,Federal Contract Tower,12,21,23,3,59,0,1,27,6,34,12,22,50,9,93,0,0,0,93
05/31/2006,JAC,WY,ANM,WE,Federal Contract Tower,12,17,13,0,42,0,2,38,0,40,12,19,51,0,82,0,0,0,82
06/01/2006,JAC,WY,ANM,WE,Federal Contract Tower,15,16,26,0,57,0,5,28,0,33,15,21,54,0,90,10,0,10,100
06/02/2006,JAC,WY,ANM,WE,Federal Contract Tower,16,20,17,0,53,0,2,33,0,35,16,22,50,0,88,0,0,0,88
06/03/2006,JAC,WY,ANM,WE,Federal Contract Tower,18,8,16,0,42,0,1,22,0,23,18,9,38,0,65,0,0,0,65
06/04/2006,JAC,WY,ANM,WE,Federal Contract Tower,15,11,22,0,48,2,4,41,0,47,17,15,63,0,95,0,0,0,95
06/05/2006,JAC,WY,ANM,WE,Federal Contract Tower,15,23,21,0,59,0,1,47,0,48,15,24,68,0,107,0,0,0,107
06/06/2006,JAC,WY,ANM,WE,Federal Contract Tower,16,20,16,0,52,0,3,48,0,51,16,23,64,0,103,12,0,12,115
06/07/2006,JAC,WY,ANM,WE,Federal Contract Tower,17,19,20,0,56,0,0,37,0,37,17,19,57,0,93,2,0,2,95
06/08/2006,JAC,WY,ANM,WE,Federal Contract Tower,18,13,28,0,59,0,5,21,0,26,18,18,49,0,85,0,0,0,85
06/09/2006,JAC,WY,ANM,WE,Federal Contract Tower,19,8,21,0,48,0,3,19,0,22,19,11,40,0,70,0,0,0,70
06/10/2006,JAC,WY,ANM,WE,Federal Contract Tower,25,15,18,0,58,0,8,30,0,38,25,23,48,0,96,8,0,8,104
06/11/2006,JAC,WY,ANM,WE,Federal Contract Tower,24,17,20,0,61,0,3,18,0,21,24,20,38,0,82,2,0,2,84
06/12/2006,JAC,WY,ANM,WE,Federal Contract Tower,18,29,16,0,63,0,6,25,0,31,18,35,41,0,94,4,0,4,98
06/13/2006,JAC,WY,ANM,WE,Federal Contract Tower,19,12,21,0,52,0,6,53,0,59,19,18,74,0,111,12,0,12,123
06/14/2006,JAC,WY,ANM,WE,Federal Contract Tower,18,28,26,2,74,0,2,19,0,21,18,30,45,2,95,0,0,0,95
06/15/2006,JAC,WY,ANM,WE,Federal Contract Tower,21,29,17,0,67,1,4,26,0,31,22,33,43,0,98,8,0,8,106
06/16/2006,JAC,WY,ANM,WE,Federal Contract Tower,21,28,34,0,83,0,4,42,0,46,21,32,76,0,129,0,0,0,129
06/17/2006,JAC,WY,ANM,WE,Federal Contract Tower,32,24,28,0,84,1,5,20,0,26,33,29,48,0,110,0,0,0,110
06/18/2006,JAC,WY,ANM,WE,Federal Contract Tower,26,20,22,0,68,0,2,20,0,22,26,22,42,0,90,0,0,0,90
06/19/2006,JAC,WY,ANM,WE,Federal Contract Tower,20,25,37,0,82,1,5,24,0,30,21,30,61,0,112,0,0,0,112
06/20/2006,JAC,WY,ANM,WE,Federal Contract Tower,20,21,22,0,63,1,2,36,0,39,21,23,58,0,102,16,0,16,118
06/21/2006,JAC,WY,ANM,WE,Federal Contract Tower,20,24,32,0,76,0,5,34,0,39,20,29,66,0,115,10,0,10,125
06/22/2006,JAC,WY,ANM,WE,Federal Contract Tower,19,20,41,0,80,1,5,53,0,59,20,25,94,0,139,0,0,0,139
06/23/2006,JAC,WY,ANM,WE,Federal Contract Tower,21,23,29,0,73,0,4,43,0,47,21,27,72,0,120,16,0,16,136
06/24/2006,JAC,WY,ANM,WE,Federal Contract Tower,29,12,31,0,72,0,3,54,1,58,29,15,85,1,130,6,0,6,136
06/25/2006,JAC,WY,ANM,WE,Federal Contract Tower,28,38,32,0,98,0,4,39,0,43,28,42,71,0,141,0,0,0,141
06/26/2006,JAC,WY,ANM,WE,Federal Contract Tower,20,29,22,0,71,0,7,41,0,48,20,36,63,0,119,0,0,0,119
06/27/2006,JAC,WY,ANM,WE,Federal Contract Tower,20,19,26,0,65,0,3,40,0,43,20,22,66,0,108,36,0,36,144
06/28/2006,JAC,WY,ANM,WE,Federal Contract Tower,19,26,29,0,74,0,4,24,0,28,19,30,53,0,102,26,0,26,128
06/29/2006,JAC,WY,ANM,WE,Federal Contract Tower,20,24,23,0,67,0,0,35,0,35,20,24,58,0,102,8,0,8,110
06/30/2006,JAC,WY,ANM,WE,Federal Contract Tower,21,36,45,0,102,0,12,39,2,53,21,48,84,2,155,0,0,0,155
07/01/2006,JAC,WY,ANM,WE,Federal Contract Tower,30,34,40,0,104,0,5,37,0,42,30,39,77,0,146,4,0,4,150
07/02/2006,JAC,WY,ANM,WE,Federal Contract Tower,28,16,18,0,62,0,1,29,0,30,28,17,47,0,92,2,0,2,94
07/03/2006,JAC,WY,ANM,WE,Federal Contract Tower,20,20,18,0,58,0,4,54,0,58,20,24,72,0,116,18,0,18,134
07/04/2006,JAC,WY,ANM,WE,Federal Contract Tower,19,26,15,0,60,0,1,44,0,45,19,27,59,0,105,16,0,16,121
07/05/2006,JAC,WY,ANM,WE,Federal Contract Tower,21,37,39,0,97,0,5,30,0,35,21,42,69,0,132,18,0,18,150
07/06/2006,JAC,WY,ANM,WE,Federal Contract Tower,20,22,42,0,84,0,1,21,0,22,20,23,63,0,106,0,0,0,106
07/07/2006,JAC,WY,ANM,WE,Federal Contract Tower,20,31,31,0,82,0,1,46,0,47,20,32,77,0,129,0,0,0,129
07/08/2006,JAC,WY,ANM,WE,Federal Contract Tower,30,31,33,0,94,0,3,36,0,39,30,34,69,0,133,0,0,0,133
07/09/2006,JAC,WY,ANM,WE,Federal Contract Tower,28,32,42,0,102,0,4,51,0,55,28,36,93,0,157,0,0,0,157
07/10/2006,JAC,WY,ANM,WE,Federal Contract Tower,18,23,29,0,70,1,0,56,0,57,19,23,85,0,127,12,0,12,139
07/11/2006,JAC,WY,ANM,WE,Federal Contract Tower,23,22,30,0,75,0,6,49,0,55,23,28,79,0,130,2,0,2,132
07/12/2006,JAC,WY,ANM,WE,Federal Contract Tower,21,27,23,0,71,0,2,38,0,40,21,29,61,0,111,20,0,20,131
07/13/2006,JAC,WY,ANM,WE,Federal Contract Tower,20,32,32,2,86,0,1,61,0,62,20,33,93,2,148,0,0,0,148
07/14/2006,JAC,WY,ANM,WE,Federal Contract Tower,21,33,25,0,79,0,10,34,0,44,21,43,59,0,123,12,0,12,135
07/15/2006,JAC,WY,ANM,WE,Federal Contract Tower,31,33,25,0,89,0,8,51,6,65,31,41,76,6,154,0,0,0,154
07/16/2006,JAC,WY,ANM,WE,Federal Contract Tower,29,48,43,0,120,0,14,59,0,73,29,62,102,0,193,8,0,8,201
07/17/2006,JAC,WY,ANM,WE,Federal Contract Tower,21,22,34,0,77,0,5,36,0,41,21,27,70,0,118,14,0,14,132
07/18/2006,JAC,WY,ANM,WE,Federal Contract Tower,21,24,22,0,67,0,0,50,0,50,21,24,72,0,117,22,0,22,139
07/19/2006,JAC,WY,ANM,WE,Federal Contract Tower,21,18,37,0,76,0,12,54,0,66,21,30,91,0,142,20,0,20,162
07/20/2006,JAC,WY,ANM,WE,Federal Contract Tower,18,40,29,0,87,1,11,33,0,45,19,51,62,0,132,2,0,2,134
07/21/2006,JAC,WY,ANM,WE,Federal Contract Tower,21,24,34,0,79,0,6,47,0,53,21,30,81,0,132,0,0,0,132
07/22/2006,JAC,WY,ANM,WE,Federal Contract Tower,29,36,21,0,86,0,3,39,0,42,29,39,60,0,128,22,0,22,150
07/23/2006,JAC,WY,ANM,WE,Federal Contract Tower,28,36,35,0,99,0,2,54,0,56,28,38,89,0,155,0,0,0,155
07/24/2006,JAC,WY,ANM,WE,Federal Contract Tower,20,16,20,0,56,0,6,24,0,30,20,22,44,0,86,34,0,34,120
07/25/2006,JAC,WY,ANM,WE,Federal Contract Tower,21,28,16,1,66,0,0,31,3,34,21,28,47,4,100,12,0,12,112
07/26/2006,JAC,WY,ANM,WE,Federal Contract Tower,20,17,30,0,67,0,0,57,0,57,20,17,87,0,124,18,0,18,142
07/27/2006,JAC,WY,ANM,WE,Federal Contract Tower,20,17,41,0,78,0,3,49,1,53,20,20,90,1,131,6,0,6,137
07/28/2006,JAC,WY,ANM,WE,Federal Contract Tower,20,27,37,4,88,0,2,65,4,71,20,29,102,8,159,12,0,12,171
07/29/2006,JAC,WY,ANM,WE,Federal Contract Tower,34,23,29,3,89,0,5,43,2,50,34,28,72,5,139,10,0,10,149
07/30/2006,JAC,WY,ANM,WE,Federal Contract Tower,26,35,50,0,111,0,9,40,4,53,26,44,90,4,164,24,0,24,188
07/31/2006,JAC,WY,ANM,WE,Federal Contract Tower,18,15,35,0,68,1,0,32,2,35,19,15,67,2,103,18,0,18,121
08/01/2006,JAC,WY,ANM,WE,Federal Contract Tower,19,23,27,0,69,1,0,17,0,18,20,23,44,0,87,0,0,0,87
08/02/2006,JAC,WY,ANM,WE,Federal Contract Tower,20,32,34,0,86,2,2,44,2,50,22,34,78,2,136,25,0,25,161
08/03/2006,JAC,WY,ANM,WE,Federal Contract Tower,21,30,47,0,98,0,6,46,1,53,21,36,93,1,151,18,0,18,169
08/04/2006,JAC,WY,ANM,WE,Federal Contract Tower,22,51,37,0,110,0,4,37,0,41,22,55,74,0,151,50,0,50,201
08/05/2006,JAC,WY,ANM,WE,Federal Contract Tower,34,31,27,0,92,0,9,45,0,54,34,40,72,0,146,34,0,34,180
08/06/2006,JAC,WY,ANM,WE,Federal Contract Tower,28,55,57,2,142,0,1,38,0,39,28,56,95,2,181,2,0,2,183
08/07/2006,JAC,WY,ANM,WE,Federal Contract Tower,20,24,28,1,73,0,9,56,0,65,20,33,84,1,138,30,0,30,168
08/08/2006,JAC,WY,ANM,WE,Federal Contract Tower,22,27,45,1,95,1,2,63,0,66,23,29,108,1,161,42,0,42,203
08/09/2006,JAC,WY,ANM,WE,Federal Contract Tower,21,21,32,2,76,1,3,53,5,62,22,24,85,7,138,7,0,7,145
08/10/2006,JAC,WY,ANM,WE,Federal Contract Tower,20,28,38,0,86,0,4,60,4,68,20,32,98,4,154,34,0,34,188
08/11/2006,JAC,WY,ANM,WE,Federal Contract Tower,21,35,36,0,92,0,9,56,3,68,21,44,92,3,160,50,0,50,210
08/12/2006,JAC,WY,ANM,WE,Federal Contract Tower,32,34,35,0,101,0,0,31,0,31,32,34,66,0,132,0,0,0,132
08/13/2006,JAC,WY,ANM,WE,Federal Contract Tower,27,34,52,1,114,0,0,43,0,43,27,34,95,1,157,2,0,2,159
08/14/2006,JAC,WY,ANM,WE,Federal Contract Tower,21,24,46,2,93,0,0,33,1,34,21,24,79,3,127,14,0,14,141
08/15/2006,JAC,WY,ANM,WE,Federal Contract Tower,21,25,32,2,80,0,4,42,0,46,21,29,74,2,126,0,0,0,126
08/16/2006,JAC,WY,ANM,WE,Federal Contract Tower,22,39,46,2,109,0,3,38,0,41,22,42,84,2,150,28,0,28,178
08/17/2006,JAC,WY,ANM,WE,Federal Contract Tower,21,30,54,3,108,0,5,62,0,67,21,35,116,3,175,0,0,0,175
08/18/2006,JAC,WY,ANM,WE,Federal Contract Tower,21,44,37,1,103,0,0,84,0,84,21,44,121,1,187,40,0,40,227
08/19/2006,JAC,WY,ANM,WE,Federal Contract Tower,29,37,25,1,92,1,0,49,5,55,30,37,74,6,147,24,0,24,171
08/20/2006,JAC,WY,ANM,WE,Federal Contract Tower,28,31,42,2,103,0,1,54,0,55,28,32,96,2,158,2,0,2,160
08/21/2006,JAC,WY,ANM,WE,Federal Contract Tower,19,26,28,2,75,0,1,39,0,40,19,27,67,2,115,0,0,0,115
08/22/2006,JAC,WY,ANM,WE,Federal Contract Tower,19,28,25,2,74,0,3,61,0,64,19,31,86,2,138,22,0,22,160
08/23/2006,JAC,WY,ANM,WE,Federal Contract Tower,22,18,36,1,77,0,8,53,0,61,22,26,89,1,138,0,0,0,138
08/24/2006,JAC,WY,ANM,WE,Federal Contract Tower,18,31,37,1,87,0,4,33,0,37,18,35,70,1,124,0,0,0,124
08/25/2006,JAC,WY,ANM,WE,Federal Contract Tower,21,31,39,0,91,1,9,53,2,65,22,40,92,2,156,22,0,22,178
08/26/2006,JAC,WY,ANM,WE,Federal Contract Tower,31,32,31,0,94,0,3,28,4,35,31,35,59,4,129,0,0,0,129
08/27/2006,JAC,WY,ANM,WE,Federal Contract Tower,27,40,43,0,110,2,3,49,0,54,29,43,92,0,164,18,0,18,182
08/28/2006,JAC,WY,ANM,WE,Federal Contract Tower,20,22,26,2,70,0,0,31,3,34,20,22,57,5,104,0,0,0,104
08/29/2006,JAC,WY,ANM,WE,Federal Contract Tower,20,19,19,2,60,0,3,20,4,27,20,22,39,6,87,0,0,0,87
08/30/2006,JAC,WY,ANM,WE,Federal Contract Tower,22,25,37,0,84,0,2,21,7,30,22,27,58,7,114,0,0,0,114
08/31/2006,JAC,WY,ANM,WE,Federal Contract Tower,20,34,23,1,78,0,6,39,3,48,20,40,62,4,126,0,0,0,126
09/01/2006,JAC,WY,ANM,WE,Federal Contract Tower,19,26,32,0,77,1,4,45,0,50,20,30,77,0,127,18,0,18,145
09/02/2006,JAC,WY,ANM,WE,Federal Contract Tower,32,26,28,0,86,0,6,38,0,44,32,32,66,0,130,0,0,0,130
09/03/2006,JAC,WY,ANM,WE,Federal Contract Tower,25,21,27,0,73,0,3,32,0,35,25,24,59,0,108,0,0,0,108
09/04/2006,JAC,WY,ANM,WE,Federal Contract Tower,20,29,46,5,100,0,3,62,0,65,20,32,108,5,165,16,0,16,181
09/05/2006,JAC,WY,ANM,WE,Federal Contract Tower,19,29,34,0,82,0,3,29,0,32,19,32,63,0,114,12,0,12,126
09/06/2006,JAC,WY,ANM,WE,Federal Contract Tower,17,32,38,0,87,0,4,31,2,37,17,36,69,2,124,18,0,18,142
09/07/2006,JAC,WY,ANM,WE,Federal Contract Tower,16,21,29,0,66,0,3,27,0,30,16,24,56,0,96,18,0,18,114
09/08/2006,JAC,WY,ANM,WE,Federal Contract Tower,16,22,33,0,71,0,4,25,2,31,16,26,58,2,102,0,0,0,102
09/09/2006,JAC,WY,ANM,WE,Federal Contract Tower,20,26,30,0,76,0,9,42,0,51,20,35,72,0,127,6,0,6,133
09/10/2006,JAC,WY,ANM,WE,Federal Contract Tower,19,22,36,0,77,0,0,14,0,14,19,22,50,0,91,0,0,0,91
09/11/2006,JAC,WY,ANM,WE,Federal Contract Tower,16,33,28,0,77,0,8,28,0,36,16,41,56,0,113,2,0,2,115
09/12/2006,JAC,WY,ANM,WE,Federal Contract Tower,16,20,28,0,64,0,2,45,0,47,16,22,73,0,111,6,0,6,117
09/13/2006,JAC,WY,ANM,WE,Federal Contract Tower,16,26,26,0,68,0,3,46,3,52,16,29,72,3,120,0,0,0,120
09/14/2006,JAC,WY,ANM,WE,Federal Contract Tower,16,28,31,0,75,0,1,17,2,20,16,29,48,2,95,0,0,0,95
09/15/2006,JAC,WY,ANM,WE,Federal Contract Tower,14,23,32,0,69,0,0,6,0,6,14,23,38,0,75,0,0,0,75
09/16/2006,JAC,WY,ANM,WE,Federal Contract Tower,21,20,14,2,57,0,0,10,0,10,21,20,24,2,67,0,0,0,67
09/17/2006,JAC,WY,ANM,WE,Federal Contract Tower,19,29,35,0,83,0,3,20,0,23,19,32,55,0,106,0,0,0,106
09/18/2006,JAC,WY,ANM,WE,Federal Contract Tower,16,24,23,0,63,0,4,53,0,57,16,28,76,0,120,4,0,4,124
09/19/2006,JAC,WY,ANM,WE,Federal Contract Tower,16,23,25,2,66,0,3,39,0,42,16,26,64,2,108,0,0,0,108
09/20/2006,JAC,WY,ANM,WE,Federal Contract Tower,17,29,32,0,78,0,2,0,0,2,17,31,32,0,80,6,0,6,86
09/21/2006,JAC,WY,ANM,WE,Federal Contract Tower,15,33,35,0,83,0,3,4,0,7,15,36,39,0,90,0,0,0,90
09/22/2006,JAC,WY,ANM,WE,Federal Contract Tower,16,27,41,0,84,0,0,5,0,5,16,27,46,0,89,5,0,5,94
09/23/2006,JAC,WY,ANM,WE,Federal Contract Tower,19,20,11,1,51,0,4,24,1,29,19,24,35,2,80,0,8,8,88
09/24/2006,JAC,WY,ANM,WE,Federal Contract Tower,19,24,35,0,78,0,1,42,0,43,19,25,77,0,121,3,0,3,124
09/25/2006,JAC,WY,ANM,WE,Federal Contract Tower,16,23,23,0,62,0,0,30,0,30,16,23,53,0,92,0,0,0,92
09/26/2006,JAC,WY,ANM,WE,Federal Contract Tower,16,17,18,0,51,0,1,48,0,49,16,18,66,0,100,8,0,8,108
09/27/2006,JAC,WY,ANM,WE,Federal Contract Tower,16,20,35,0,71,0,2,25,0,27,16,22,60,0,98,4,0,4,102
09/28/2006,JAC,WY,ANM,WE,Federal Contract Tower,16,19,24,2,61,0,3,26,0,29,16,22,50,2,90,0,0,0,90
09/29/2006,JAC,WY,ANM,WE,Federal Contract Tower,15,25,27,3,70,0,6,37,2,45,15,31,64,5,115,2,2,4,119
09/30/2006,JAC,WY,ANM,WE,Federal Contract Tower,15,14,8,0,37,2,5,31,2,40,17,19,39,2,77,0,0,0,77
10/01/2006,JAC,WY,ANM,WE,Federal Contract Tower,14,16,35,0,65,1,3,27,4,35,15,19,62,4,100,2,0,2,102
10/02/2006,JAC,WY,ANM,WE,Federal Contract Tower,11,20,14,2,47,0,1,3,3,7,11,21,17,5,54,0,0,0,54
10/03/2006,JAC,WY,ANM,WE,Federal Contract Tower,11,22,17,3,53,0,1,16,0,17,11,23,33,3,70,0,0,0,70
10/04/2006,JAC,WY,ANM,WE,Federal Contract Tower,7,31,16,0,54,8,1,13,0,22,15,32,29,0,76,0,0,0,76
10/05/2006,JAC,WY,ANM,WE,Federal Contract Tower,7,26,21,0,54,0,5,9,0,14,7,31,30,0,68,0,0,0,68
10/06/2006,JAC,WY,ANM,WE,Federal Contract Tower,6,22,18,0,46,0,2,3,0,5,6,24,21,0,51,0,0,0,51
10/07/2006,JAC,WY,ANM,WE,Federal Contract Tower,7,20,13,0,40,0,2,10,0,12,7,22,23,0,52,0,0,0,52
10/08/2006,JAC,WY,ANM,WE,Federal Contract Tower,7,16,18,0,41,0,0,12,0,12,7,16,30,0,53,1,0,1,54
10/09/2006,JAC,WY,ANM,WE,Federal Contract Tower,3,26,29,0,58,0,0,4,0,4,3,26,33,0,62,0,0,0,62
10/10/2006,JAC,WY,ANM,WE,Federal Contract Tower,7,20,28,0,55,0,3,19,0,22,7,23,47,0,77,0,0,0,77
10/11/2006,JAC,WY,ANM,WE,Federal Contract Tower,7,23,17,0,47,0,0,8,0,8,7,23,25,0,55,2,0,2,57
10/12/2006,JAC,WY,ANM,WE,Federal Contract Tower,7,28,18,0,53,0,4,30,0,34,7,32,48,0,87,0,0,0,87
10/13/2006,JAC,WY,ANM,WE,Federal Contract Tower,7,24,16,0,47,0,3,30,0,33,7,27,46,0,80,14,0,14,94
10/14/2006,JAC,WY,ANM,WE,Federal Contract Tower,8,17,11,0,36,0,0,26,0,26,8,17,37,0,62,18,0,18,80
10/15/2006,JAC,WY,ANM,WE,Federal Contract Tower,7,21,12,0,40,0,1,15,0,16,7,22,27,0,56,4,0,4,60
10/16/2006,JAC,WY,ANM,WE,Federal Contract Tower,8,20,20,0,48,0,4,1,0,5,8,24,21,0,53,0,0,0,53
10/17/2006,JAC,WY,ANM,WE,Federal Contract Tower,7,18,17,0,42,0,2,2,0,4,7,20,19,0,46,0,0,0,46
10/18/2006,JAC,WY,ANM,WE,Federal Contract Tower,7,20,18,0,45,0,0,13,2,15,7,20,31,2,60,4,0,4,64
10/19/2006,JAC,WY,ANM,WE,Federal Contract Tower,7,17,27,2,53,0,1,13,0,14,7,18,40,2,67,0,0,0,67
10/20/2006,JAC,WY,ANM,WE,Federal Contract Tower,7,30,20,0,57,0,3,4,0,7,7,33,24,0,64,0,0,0,64
10/21/2006,JAC,WY,ANM,WE,Federal Contract Tower,8,21,2,2,33,0,3,13,0,16,8,24,15,2,49,8,0,8,57
10/22/2006,JAC,WY,ANM,WE,Federal Contract Tower,7,19,13,0,39,0,1,26,0,27,7,20,39,0,66,10,0,10,76
10/23/2006,JAC,WY,ANM,WE,Federal Contract Tower,7,19,18,0,44,0,0,19,0,19,7,19,37,0,63,0,0,0,63
10/24/2006,JAC,WY,ANM,WE,Federal Contract Tower,7,16,16,0,39,0,0,24,0,24,7,16,40,0,63,6,0,6,69
10/25/2006,JAC,WY,ANM,WE,Federal Contract Tower,5,21,19,0,45,0,1,0,0,1,5,22,19,0,46,0,0,0,46
10/26/2006,JAC,WY,ANM,WE,Federal Contract Tower,7,25,15,0,47,0,1,26,0,27,7,26,41,0,74,0,0,0,74
10/27/2006,JAC,WY,ANM,WE,Federal Contract Tower,7,22,11,0,40,0,1,21,0,22,7,23,32,0,62,12,0,12,74
10/28/2006,JAC,WY,ANM,WE,Federal Contract Tower,6,12,8,0,26,0,2,17,0,19,6,14,25,0,45,2,0,2,47
10/29/2006,JAC,WY,ANM,WE,Federal Contract Tower,7,22,12,0,41,0,2,14,0,16,7,24,26,0,57,0,0,0,57
10/30/2006,JAC,WY,ANM,WE,Federal Contract Tower,7,18,15,0,40,0,1,1,0,2,7,19,16,0,42,0,0,0,42
10/31/2006,JAC,WY,ANM,WE,Federal Contract Tower,7,21,6,4,38,0,3,12,0,15,7,24,18,4,53,2,0,2,55
11/01/2006,JAC,WY,ANM,WE,Federal Contract Tower,7,25,10,1,43,0,0,24,1,25,7,25,34,2,68,2,0,2,70
11/02/2006,JAC,WY,ANM,WE,Federal Contract Tower,6,22,13,2,43,1,2,10,1,14,7,24,23,3,57,0,0,0,57
11/03/2006,JAC,WY,ANM,WE,Federal Contract Tower,7,19,15,3,44,0,0,0,0,0,7,19,15,3,44,0,0,0,44
11/04/2006,JAC,WY,ANM,WE,Federal Contract Tower,6,18,9,0,33,0,0,3,0,3,6,18,12,0,36,0,0,0,36
11/05/2006,JAC,WY,ANM,WE,Federal Contract Tower,7,11,17,0,35,0,0,1,0,1,7,11,18,0,36,0,0,0,36
11/06/2006,JAC,WY,ANM,WE,Federal Contract Tower,7,15,11,0,33,0,0,0,0,0,7,15,11,0,33,0,0,0,33
11/07/2006,JAC,WY,ANM,WE,Federal Contract Tower,7,23,11,2,43,0,0,2,2,4,7,23,13,4,47,0,0,0,47
11/08/2006,JAC,WY,ANM,WE,Federal Contract Tower,7,18,11,0,36,0,0,3,0,3,7,18,14,0,39,0,0,0,39
11/09/2006,JAC,WY,ANM,WE,Federal Contract Tower,7,17,10,0,34,0,0,8,0,8,7,17,18,0,42,4,0,4,46
11/10/2006,JAC,WY,ANM,WE,Federal Contract Tower,7,17,15,0,39,0,5,15,0,20,7,22,30,0,59,0,0,0,59
11/11/2006,JAC,WY,ANM,WE,Federal Contract Tower,8,16,1,0,25,0,0,0,0,0,8,16,1,0,25,0,0,0,25
11/12/2006,JAC,WY,ANM,WE,Federal Contract Tower,7,14,12,0,33,0,0,14,0,14,7,14,26,0,47,6,0,6,53
11/13/2006,JAC,WY,ANM,WE,Federal Contract Tower,5,20,10,0,35,0,0,0,0,0,5,20,10,0,35,0,0,0,35
11/14/2006,JAC,WY,ANM,WE,Federal Contract Tower,7,22,4,1,34,0,0,2,1,3,7,22,6,2,37,0,0,0,37
11/15/2006,JAC,WY,ANM,WE,Federal Contract Tower,7,24,24,0,55,0,4,25,0,29,7,28,49,0,84,0,0,0,84
11/16/2006,JAC,WY,ANM,WE,Federal Contract Tower,6,17,18,0,41,0,2,0,0,2,6,19,18,0,43,2,0,2,45
11/17/2006,JAC,WY,ANM,WE,Federal Contract Tower,7,25,40,0,72,0,4,10,0,14,7,29,50,0,86,0,0,0,86
11/18/2006,JAC,WY,ANM,WE,Federal Contract Tower,6,26,6,0,38,0,5,21,0,26,6,31,27,0,64,0,0,0,64
11/19/2006,JAC,WY,ANM,WE,Federal Contract Tower,7,13,7,0,27,0,0,11,0,11,7,13,18,0,38,0,0,0,38
11/20/2006,JAC,WY,ANM,WE,Federal Contract Tower,7,19,12,0,38,0,1,4,0,5,7,20,16,0,43,2,0,2,45
11/21/2006,JAC,WY,ANM,WE,Federal Contract Tower,7,25,21,0,53,0,0,0,0,0,7,25,21,0,53,0,0,0,53
11/22/2006,JAC,WY,ANM,WE,Federal Contract Tower,7,25,10,0,42,0,5,14,0,19,7,30,24,0,61,2,0,2,63
11/23/2006,JAC,WY,ANM,WE,Federal Contract Tower,6,8,2,0,16,0,0,0,0,0,6,8,2,0,16,0,0,0,16
11/24/2006,JAC,WY,ANM,WE,Federal Contract Tower,6,16,6,0,28,0,3,11,0,14,6,19,17,0,42,4,0,4,46
11/25/2006,JAC,WY,ANM,WE,Federal Contract Tower,7,28,18,0,53,0,0,11,0,11,7,28,29,0,64,8,0,8,72
11/26/2006,JAC,WY,ANM,WE,Federal Contract Tower,7,24,21,0,52,0,0,3,0,3,7,24,24,0,55,4,0,4,59
11/27/2006,JAC,WY,ANM,WE,Federal Contract Tower,1,21,17,0,39,0,1,1,0,2,1,22,18,0,41,0,0,0,41
11/28/2006,JAC,WY,ANM,WE,Federal Contract Tower,8,19,9,0,36,0,0,1,0,1,8,19,10,0,37,0,0,0,37
11/29/2006,JAC,WY,ANM,WE,Federal Contract Tower,7,20,18,0,45,0,0,11,0,11,7,20,29,0,56,0,0,0,56
11/30/2006,JAC,WY,ANM,WE,Federal Contract Tower,7,18,13,0,38,0,0,8,0,8,7,18,21,0,46,40,0,40,86
12/01/2006,JAC,WY,ANM,WE,Federal Contract Tower,7,19,11,0,37,0,1,2,0,3,7,20,13,0,40,0,0,0,40
12/02/2006,JAC,WY,ANM,WE,Federal Contract Tower,6,14,1,0,21,0,2,7,0,9,6,16,8,0,30,0,0,0,30
12/03/2006,JAC,WY,ANM,WE,Federal Contract Tower,7,14,10,0,31,0,1,10,0,11,7,15,20,0,42,0,0,0,42
12/04/2006,JAC,WY,ANM,WE,Federal Contract Tower,7,18,17,0,42,0,3,17,0,20,7,21,34,0,62,4,0,4,66
12/05/2006,JAC,WY,ANM,WE,Federal Contract Tower,7,17,10,0,34,0,2,7,0,9,7,19,17,0,43,0,0,0,43
12/06/2006,JAC,WY,ANM,WE,Federal Contract Tower,6,16,23,0,45,0,1,14,0,15,6,17,37,0,60,10,0,10,70
12/07/2006,JAC,WY,ANM,WE,Federal Contract Tower,7,19,14,0,40,0,2,26,0,28,7,21,40,0,68,2,0,2,70
12/08/2006,JAC,WY,ANM,WE,Federal Contract Tower,7,13,18,0,38,0,1,10,0,11,7,14,28,0,49,6,0,6,55
12/09/2006,JAC,WY,ANM,WE,Federal Contract Tower,6,16,9,0,31,0,2,7,0,9,6,18,16,0,40,0,0,0,40
12/10/2006,JAC,WY,ANM,WE,Federal Contract Tower,9,18,16,0,43,0,0,3,0,3,9,18,19,0,46,0,0,0,46
12/11/2006,JAC,WY,ANM,WE,Federal Contract Tower,7,16,20,1,44,0,1,7,0,8,7,17,27,1,52,0,0,0,52
12/12/2006,JAC,WY,ANM,WE,Federal Contract Tower,7,16,8,1,32,0,0,0,0,0,7,16,8,1,32,0,0,0,32
12/13/2006,JAC,WY,ANM,WE,Federal Contract Tower,0,12,18,0,30,0,0,0,0,0,0,12,18,0,30,0,0,0,30
12/14/2006,JAC,WY,ANM,WE,Federal Contract Tower,10,13,10,0,33,0,0,0,0,0,10,13,10,0,33,0,0,0,33
12/15/2006,JAC,WY,ANM,WE,Federal Contract Tower,12,25,14,0,51,0,0,0,0,0,12,25,14,0,51,0,0,0,51
12/16/2006,JAC,WY,ANM,WE,Federal Contract Tower,18,20,32,0,70,0,3,6,0,9,18,23,38,0,79,2,0,2,81
12/17/2006,JAC,WY,ANM,WE,Federal Contract Tower,16,8,18,0,42,0,0,12,0,12,16,8,30,0,54,0,0,0,54
12/18/2006,JAC,WY,ANM,WE,Federal Contract Tower,15,24,15,0,54,0,0,9,0,9,15,24,24,0,63,0,0,0,63
12/19/2006,JAC,WY,ANM,WE,Federal Contract Tower,14,15,16,0,45,0,2,17,0,19,14,17,33,0,64,2,0,2,66
12/20/2006,JAC,WY,ANM,WE,Federal Contract Tower,12,27,28,4,71,1,4,12,0,17,13,31,40,4,88,6,0,6,94
12/21/2006,JAC,WY,ANM,WE,Federal Contract Tower,12,34,39,2,87,0,8,26,0,34,12,42,65,2,121,0,0,0,121
12/22/2006,JAC,WY,ANM,WE,Federal Contract Tower,9,41,51,0,101,0,1,5,0,6,9,42,56,0,107,0,0,0,107
12/23/2006,JAC,WY,ANM,WE,Federal Contract Tower,19,31,38,0,88,0,1,4,0,5,19,32,42,0,93,2,0,2,95
12/24/2006,JAC,WY,ANM,WE,Federal Contract Tower,16,7,8,0,31,0,0,2,0,2,16,7,10,0,33,0,0,0,33
12/25/2006,JAC,WY,ANM,WE,Federal Contract Tower,12,10,6,0,28,0,1,1,0,2,12,11,7,0,30,0,0,0,30
12/26/2006,JAC,WY,ANM,WE,Federal Contract Tower,16,48,57,0,121,0,0,0,0,0,16,48,57,0,121,0,0,0,121
12/27/2006,JAC,WY,ANM,WE,Federal Contract Tower,12,40,52,1,105,0,0,0,0,0,12,40,52,1,105,0,0,0,105
12/28/2006,JAC,WY,ANM,WE,Federal Contract Tower,16,34,17,3,70,0,0,5,0,5,16,34,22,3,75,6,0,6,81
12/29/2006,JAC,WY,ANM,WE,Federal Contract Tower,14,25,26,0,65,0,7,20,0,27,14,32,46,0,92,2,0,2,94
12/30/2006,JAC,WY,ANM,WE,Federal Contract Tower,19,35,29,5,88,0,2,13,0,15,19,37,42,5,103,0,0,0,103
12/31/2006,JAC,WY,ANM,WE,Federal Contract Tower,15,21,14,0,50,0,3,12,0,15,15,24,26,0,65,2,0,2,67
01/01/2007,JAC,WY,ANM,WE,Federal Contract Tower,14,40,39,0,93,0,1,26,0,27,14,41,65,0,120,12,0,12,132
01/02/2007,JAC,WY,ANM,WE,Federal Contract Tower,15,39,61,0,115,1,13,21,0,35,16,52,82,0,150,0,0,0,150
01/03/2007,JAC,WY,ANM,WE,Federal Contract Tower,15,30,41,0,86,1,0,3,0,4,16,30,44,0,90,0,0,0,90
01/04/2007,JAC,WY,ANM,WE,Federal Contract Tower,13,27,18,0,58,0,1,3,0,4,13,28,21,0,62,0,0,0,62
01/05/2007,JAC,WY,ANM,WE,Federal Contract Tower,14,29,26,0,69,0,0,4,0,4,14,29,30,0,73,0,0,0,73
01/06/2007,JAC,WY,ANM,WE,Federal Contract Tower,18,13,29,2,62,1,0,0,0,1,19,13,29,2,63,0,0,0,63
01/07/2007,JAC,WY,ANM,WE,Federal Contract Tower,11,27,18,0,56,0,1,3,0,4,11,28,21,0,60,0,0,0,60
01/08/2007,JAC,WY,ANM,WE,Federal Contract Tower,11,23,21,0,55,0,0,0,0,0,11,23,21,0,55,0,0,0,55
01/09/2007,JAC,WY,ANM,WE,Federal Contract Tower,12,21,14,0,47,0,2,18,0,20,12,23,32,0,67,2,0,2,69
01/10/2007,JAC,WY,ANM,WE,Federal Contract Tower,12,21,34,0,67,0,3,1,0,4,12,24,35,0,71,0,0,0,71
01/11/2007,JAC,WY,ANM,WE,Federal Contract Tower,12,17,19,0,48,0,1,6,0,7,12,18,25,0,55,0,0,0,55
01/12/2007,JAC,WY,ANM,WE,Federal Contract Tower,13,29,37,0,79,0,5,19,0,24,13,34,56,0,103,0,0,0,103
01/13/2007,JAC,WY,ANM,WE,Federal Contract Tower,17,12,7,0,36,0,2,11,0,13,17,14,18,0,49,4,0,4,53
01/14/2007,JAC,WY,ANM,WE,Federal Contract Tower,14,22,19,0,55,0,2,10,0,12,14,24,29,0,67,14,0,14,81
01/15/2007,JAC,WY,ANM,WE,Federal Contract Tower,13,47,45,0,105,0,3,25,0,28,13,50,70,0,133,46,0,46,179
01/16/2007,JAC,WY,ANM,WE,Federal Contract Tower,10,15,19,0,44,0,1,15,0,16,10,16,34,0,60,8,0,8,68
01/17/2007,JAC,WY,ANM,WE,Federal Contract Tower,12,21,22,0,55,0,3,2,0,5,12,24,24,0,60,0,0,0,60
01/18/2007,JAC,WY,ANM,WE,Federal Contract Tower,13,12,11,0,36,0,1,15,0,16,13,13,26,0,52,2,0,2,54
01/19/2007,JAC,WY,ANM,WE,Federal Contract Tower,14,15,16,0,45,0,4,22,0,26,14,19,38,0,71,0,0,0,71
01/20/2007,JAC,WY,ANM,WE,Federal Contract Tower,17,11,18,2,48,0,1,3,0,4,17,12,21,2,52,0,0,0,52
01/21/2007,JAC,WY,ANM,WE,Federal Contract Tower,14,17,11,0,42,0,1,24,0,25,14,18,35,0,67,6,0,6,73
01/22/2007,JAC,WY,ANM,WE,Federal Contract Tower,14,24,11,0,49,0,2,5,0,7,14,26,16,0,56,4,0,4,60
01/23/2007,JAC,WY,ANM,WE,Federal Contract Tower,11,13,10,0,34,1,3,6,0,10,12,16,16,0,44,0,0,0,44
01/24/2007,JAC,WY,ANM,WE,Federal Contract Tower,12,22,8,0,42,0,1,17,0,18,12,23,25,0,60,6,0,6,66
01/25/2007,JAC,WY,ANM,WE,Federal Contract Tower,13,29,13,0,55,0,5,16,0,21,13,34,29,0,76,2,0,2,78
01/26/2007,JAC,WY,ANM,WE,Federal Contract Tower,12,19,7,0,38,0,4,16,0,20,12,23,23,0,58,0,0,0,58
01/27/2007,JAC,WY,ANM,WE,Federal Contract Tower,18,12,9,0,39,0,0,5,0,5,18,12,14,0,44,0,0,0,44
01/28/2007,JAC,WY,ANM,WE,Federal Contract Tower,13,24,10,0,47,0,0,9,0,9,13,24,19,0,56,6,0,6,62
01/29/2007,JAC,WY,ANM,WE,Federal Contract Tower,13,23,13,0,49,0,1,15,0,16,13,24,28,0,65,12,0,12,77
01/30/2007,JAC,WY,ANM,WE,Federal Contract Tower,12,17,14,0,43,0,1,23,0,24,12,18,37,0,67,0,0,0,67
01/31/2007,JAC,WY,ANM,WE,Federal Contract Tower,13,29,25,0,67,0,0,13,0,13,13,29,38,0,80,8,0,8,88
02/01/2007,JAC,WY,ANM,WE,Federal Contract Tower,13,25,28,0,66,0,3,6,0,9,13,28,34,0,75,0,0,0,75
02/02/2007,JAC,WY,ANM,WE,Federal Contract Tower,11,22,19,0,52,0,0,0,0,0,11,22,19,0,52,0,0,0,52
02/03/2007,JAC,WY,ANM,WE,Federal Contract Tower,18,21,16,0,55,0,1,6,0,7,18,22,22,0,62,0,0,0,62
02/04/2007,JAC,WY,ANM,WE,Federal Contract Tower,14,19,23,0,56,0,4,5,0,9,14,23,28,0,65,0,0,0,65
02/05/2007,JAC,WY,ANM,WE,Federal Contract Tower,14,18,25,0,57,0,2,12,0,14,14,20,37,0,71,4,0,4,75
02/06/2007,JAC,WY,ANM,WE,Federal Contract Tower,14,15,23,0,52,0,3,32,0,35,14,18,55,0,87,22,0,22,109
02/07/2007,JAC,WY,ANM,WE,Federal Contract Tower,14,19,18,0,51,0,4,13,0,17,14,23,31,0,68,28,0,28,96
02/08/2007,JAC,WY,ANM,WE,Federal Contract Tower,14,23,35,0,72,0,1,2,0,3,14,24,37,0,75,0,0,0,75
02/09/2007,JAC,WY,ANM,WE,Federal Contract Tower,14,20,17,0,51,0,0,0,0,0,14,20,17,0,51,0,0,0,51
02/10/2007,JAC,WY,ANM,WE,Federal Contract Tower,16,21,20,0,57,0,0,10,0,10,16,21,30,0,67,4,0,4,71
02/11/2007,JAC,WY,ANM,WE,Federal Contract Tower,13,16,35,0,64,0,0,0,0,0,13,16,35,0,64,0,0,0,64
02/12/2007,JAC,WY,ANM,WE,Federal Contract Tower,13,23,11,0,47,0,0,0,0,0,13,23,11,0,47,10,0,10,57
02/13/2007,JAC,WY,ANM,WE,Federal Contract Tower,12,22,11,0,45,0,0,3,0,3,12,22,14,0,48,0,0,0,48
02/14/2007,JAC,WY,ANM,WE,Federal Contract Tower,14,16,33,0,63,0,4,7,0,11,14,20,40,0,74,0,0,0,74
02/15/2007,JAC,WY,ANM,WE,Federal Contract Tower,14,29,27,0,70,0,2,3,0,5,14,31,30,0,75,0,0,0,75
02/16/2007,JAC,WY,ANM,WE,Federal Contract Tower,16,46,45,0,107,0,6,5,0,11,16,52,50,0,118,0,0,0,118
02/17/2007,JAC,WY,ANM,WE,Federal Contract Tower,18,30,22,0,70,0,0,18,0,18,18,30,40,0,88,2,0,2,90
02/18/2007,JAC,WY,ANM,WE,Federal Contract Tower,15,17,24,0,56,0,1,12,0,13,15,18,36,0,69,0,0,0,69
02/19/2007,JAC,WY,ANM,WE,Federal Contract Tower,15,48,55,0,118,0,3,4,0,7,15,51,59,0,125,0,0,0,125
02/20/2007,JAC,WY,ANM,WE,Federal Contract Tower,14,46,25,0,85,0,0,2,0,2,14,46,27,0,87,0,0,0,87
02/21/2007,JAC,WY,ANM,WE,Federal Contract Tower,14,22,16,0,52,0,0,2,0,2,14,22,18,0,54,0,0,0,54
02/22/2007,JAC,WY,ANM,WE,Federal Contract Tower,14,25,21,0,60,0,1,8,0,9,14,26,29,0,69,12,0,12,81
02/23/2007,JAC,WY,ANM,WE,Federal Contract Tower,14,22,24,0,60,0,2,1,0,3,14,24,25,0,63,0,0,0,63
02/24/2007,JAC,WY,ANM,WE,Federal Contract Tower,16,33,25,0,74,0,3,12,0,15,16,36,37,0,89,0,0,0,89
02/25/2007,JAC,WY,ANM,WE,Federal Contract Tower,13,24,27,0,64,0,0,1,0,1,13,24,28,0,65,0,0,0,65
02/26/2007,JAC,WY,ANM,WE,Federal Contract Tower,14,20,25,0,59,0,1,1,0,2,14,21,26,0,61,0,0,0,61
02/27/2007,JAC,WY,ANM,WE,Federal Contract Tower,10,20,20,0,50,0,1,7,0,8,10,21,27,0,58,0,0,0,58
02/28/2007,JAC,WY,ANM,WE,Federal Contract Tower,17,24,21,0,62,0,0,4,0,4,17,24,25,0,66,0,0,0,66
03/01/2007,JAC,WY,ANM,WE,Federal Contract Tower,14,22,31,0,67,0,4,0,0,4,14,26,31,0,71,0,0,0,71
03/02/2007,JAC,WY,ANM,WE,Federal Contract Tower,14,26,9,0,49,0,1,15,0,16,14,27,24,0,65,4,0,4,69
03/03/2007,JAC,WY,ANM,WE,Federal Contract Tower,18,21,23,0,62,0,0,4,0,4,18,21,27,0,66,0,0,0,66
03/04/2007,JAC,WY,ANM,WE,Federal Contract Tower,16,22,17,0,55,0,3,41,0,44,16,25,58,0,99,8,0,8,107
03/05/2007,JAC,WY,ANM,WE,Federal Contract Tower,14,17,15,0,46,0,5,29,0,34,14,22,44,0,80,8,0,8,88
03/06/2007,JAC,WY,ANM,WE,Federal Contract Tower,14,16,14,0,44,0,3,19,0,22,14,19,33,0,66,6,0,6,72
03/07/2007,JAC,WY,ANM,WE,Federal Contract Tower,16,13,13,0,42,0,3,13,0,16,16,16,26,0,58,4,0,4,62
03/08/2007,JAC,WY,ANM,WE,Federal Contract Tower,14,30,36,0,80,0,0,6,0,6,14,30,42,0,86,0,0,0,86
03/09/2007,JAC,WY,ANM,WE,Federal Contract Tower,14,26,28,0,68,0,1,9,0,10,14,27,37,0,78,2,0,2,80
03/10/2007,JAC,WY,ANM,WE,Federal Contract Tower,18,24,18,0,60,0,1,10,0,11,18,25,28,0,71,0,0,0,71
03/11/2007,JAC,WY,ANM,WE,Federal Contract Tower,16,25,27,0,68,0,0,21,0,21,16,25,48,0,89,8,0,8,97
03/12/2007,JAC,WY,ANM,WE,Federal Contract Tower,14,12,11,0,37,1,2,11,0,14,15,14,22,0,51,4,0,4,55
03/13/2007,JAC,WY,ANM,WE,Federal Contract Tower,13,16,18,0,47,1,2,14,0,17,14,18,32,0,64,0,0,0,64
03/14/2007,JAC,WY,ANM,WE,Federal Contract Tower,16,18,19,0,53,0,5,5,0,10,16,23,24,0,63,0,0,0,63
03/15/2007,JAC,WY,ANM,WE,Federal Contract Tower,14,18,9,0,41,0,4,20,1,25,14,22,29,1,66,10,0,10,76
03/16/2007,JAC,WY,ANM,WE,Federal Contract Tower,13,15,25,0,53,1,3,12,1,17,14,18,37,1,70,0,0,0,70
03/17/2007,JAC,WY,ANM,WE,Federal Contract Tower,19,23,22,0,64,0,2,30,0,32,19,25,52,0,96,4,0,4,100
03/18/2007,JAC,WY,ANM,WE,Federal Contract Tower,16,20,22,0,58,0,1,20,0,21,16,21,42,0,79,6,0,6,85
03/19/2007,JAC,WY,ANM,WE,Federal Contract Tower,14,20,10,0,44,0,6,21,0,27,14,26,31,0,71,0,0,0,71
03/20/2007,JAC,WY,ANM,WE,Federal Contract Tower,14,12,9,1,36,0,2,3,0,5,14,14,12,1,41,0,0,0,41
03/21/2007,JAC,WY,ANM,WE,Federal Contract Tower,15,18,16,1,50,0,0,1,0,1,15,18,17,1,51,0,0,0,51
03/22/2007,JAC,WY,ANM,WE,Federal Contract Tower,14,17,14,0,45,0,4,6,0,10,14,21,20,0,55,2,0,2,57
03/23/2007,JAC,WY,ANM,WE,Federal Contract Tower,14,25,17,0,56,0,3,10,0,13,14,28,27,0,69,8,0,8,77
03/24/2007,JAC,WY,ANM,WE,Federal Contract Tower,19,13,17,0,49,0,4,24,0,28,19,17,41,0,77,4,0,4,81
03/25/2007,JAC,WY,ANM,WE,Federal Contract Tower,17,22,14,0,53,0,0,16,0,16,17,22,30,0,69,2,0,2,71
03/26/2007,JAC,WY,ANM,WE,Federal Contract Tower,13,11,14,0,38,2,3,16,0,21,15,14,30,0,59,4,0,4,63
03/27/2007,JAC,WY,ANM,WE,Federal Contract Tower,10,14,19,0,43,0,2,0,0,2,10,16,19,0,45,0,0,0,45
03/28/2007,JAC,WY,ANM,WE,Federal Contract Tower,14,23,21,0,58,0,0,0,0,0,14,23,21,0,58,0,0,0,58
03/29/2007,JAC,WY,ANM,WE,Federal Contract Tower,13,16,14,2,45,0,1,7,0,8,13,17,21,2,53,0,0,0,53
03/30/2007,JAC,WY,ANM,WE,Federal Contract Tower,13,14,18,0,45,0,0,4,0,4,13,14,22,0,49,0,0,0,49
03/31/2007,JAC,WY,ANM,WE,Federal Contract Tower,18,10,30,0,58,0,4,7,0,11,18,14,37,0,69,34,0,34,103
04/01/2007,JAC,WY,ANM,WE,Federal Contract Tower,14,4,20,0,38,0,1,7,0,8,14,5,27,0,46,14,0,14,60
04/02/2007,JAC,WY,ANM,WE,Federal Contract Tower,14,15,7,0,36,0,0,0,0,0,14,15,7,0,36,0,0,0,36
04/03/2007,JAC,WY,ANM,WE,Federal Contract Tower,12,9,9,0,30,0,0,11,0,11,12,9,20,0,41,8,0,8,49
04/04/2007,JAC,WY,ANM,WE,Federal Contract Tower,15,11,11,0,37,1,1,10,0,12,16,12,21,0,49,0,0,0,49
04/05/2007,JAC,WY,ANM,WE,Federal Contract Tower,14,13,13,1,41,0,1,10,1,12,14,14,23,2,53,0,0,0,53
04/06/2007,JAC,WY,ANM,WE,Federal Contract Tower,13,9,24,0,46,0,2,13,0,15,13,11,37,0,61,12,0,12,73
04/07/2007,JAC,WY,ANM,WE,Federal Contract Tower,16,8,6,2,32,0,0,6,0,6,16,8,12,2,38,4,12,16,54
04/08/2007,JAC,WY,ANM,WE,Federal Contract Tower,11,5,23,0,39,0,0,0,0,0,11,5,23,0,39,0,0,0,39
04/09/2007,JAC,WY,ANM,WE,Federal Contract Tower,9,15,10,0,34,0,1,3,0,4,9,16,13,0,38,0,0,0,38
04/10/2007,JAC,WY,ANM,WE,Federal Contract Tower,5,20,4,0,29,0,0,0,0,0,5,20,4,0,29,0,0,0,29
04/11/2007,JAC,WY,ANM,WE,Federal Contract Tower,5,14,7,0,26,0,2,9,0,11,5,16,16,0,37,0,0,0,37
04/12/2007,JAC,WY,ANM,WE,Federal Contract Tower,5,12,11,0,28,0,0,5,0,5,5,12,16,0,33,0,0,0,33
04/13/2007,JAC,WY,ANM,WE,Federal Contract Tower,5,10,9,0,24,0,2,13,0,15,5,12,22,0,39,2,0,2,41
04/14/2007,JAC,WY,ANM,WE,Federal Contract Tower,5,11,3,0,19,0,4,5,0,9,5,15,8,0,28,2,0,2,30
04/15/2007,JAC,WY,ANM,WE,Federal Contract Tower,5,12,3,0,20,0,0,4,0,4,5,12,7,0,24,0,0,0,24
04/16/2007,JAC,WY,ANM,WE,Federal Contract Tower,5,15,9,0,29,0,5,6,0,11,5,20,15,0,40,0,0,0,40
04/17/2007,JAC,WY,ANM,WE,Federal Contract Tower,4,11,8,0,23,0,4,22,0,26,4,15,30,0,49,4,0,4,53
04/18/2007,JAC,WY,ANM,WE,Federal Contract Tower,4,14,3,0,21,0,0,2,0,2,4,14,5,0,23,0,0,0,23
04/19/2007,JAC,WY,ANM,WE,Federal Contract Tower,6,19,17,0,42,0,0,0,0,0,6,19,17,0,42,0,0,0,42
04/20/2007,JAC,WY,ANM,WE,Federal Contract Tower,6,13,9,0,28,0,0,2,0,2,6,13,11,0,30,0,0,0,30
04/21/2007,JAC,WY,ANM,WE,Federal Contract Tower,6,10,2,0,18,0,0,4,0,4,6,10,6,0,22,0,0,0,22
04/22/2007,JAC,WY,ANM,WE,Federal Contract Tower,6,16,8,0,30,0,0,16,0,16,6,16,24,0,46,0,0,0,46
04/23/2007,JAC,WY,ANM,WE,Federal Contract Tower,6,23,11,0,40,0,0,4,0,4,6,23,15,0,44,0,0,0,44
04/24/2007,JAC,WY,ANM,WE,Federal Contract Tower,4,18,24,0,46,0,1,16,0,17,4,19,40,0,63,0,0,0,63
04/25/2007,JAC,WY,ANM,WE,Federal Contract Tower,6,18,7,2,33,0,2,17,0,19,6,20,24,2,52,8,0,8,60
04/26/2007,JAC,WY,ANM,WE,Federal Contract Tower,6,15,19,1,41,0,1,10,0,11,6,16,29,1,52,0,0,0,52
04/27/2007,JAC,WY,ANM,WE,Federal Contract Tower,6,16,11,5,38,0,4,23,2,29,6,20,34,7,67,18,0,18,85
04/28/2007,JAC,WY,ANM,WE,Federal Contract Tower,4,14,10,0,28,0,0,17,0,17,4,14,27,0,45,8,0,8,53
04/29/2007,JAC,WY,ANM,WE,Federal Contract Tower,8,15,9,0,32,0,1,18,0,19,8,16,27,0,51,0,0,0,51
04/30/2007,JAC,WY,ANM,WE,Federal Contract Tower,6,18,9,0,33,0,0,18,0,18,6,18,27,0,51,0,0,0,51
05/01/2007,JAC,WY,ANM,WE,Federal Contract Tower,4,11,11,0,26,0,7,27,0,34,4,18,38,0,60,0,0,0,60
05/02/2007,JAC,WY,ANM,WE,Federal Contract Tower,4,9,14,0,27,0,3,18,0,21,4,12,32,0,48,4,0,4,52
05/03/2007,JAC,WY,ANM,WE,Federal Contract Tower,2,16,23,0,41,0,1,1,0,2,2,17,24,0,43,0,0,0,43
05/04/2007,JAC,WY,ANM,WE,Federal Contract Tower,5,15,17,0,37,0,4,14,2,20,5,19,31,2,57,0,2,2,59
05/05/2007,JAC,WY,ANM,WE,Federal Contract Tower,4,13,10,0,27,0,100,2,0,102,4,113,12,0,129,0,0,0,129
05/06/2007,JAC,WY,ANM,WE,Federal Contract Tower,6,20,8,0,34,0,0,12,0,12,6,20,20,0,46,0,0,0,46
05/07/2007,JAC,WY,ANM,WE,Federal Contract Tower,6,19,11,0,36,0,4,15,0,19,6,23,26,0,55,0,0,0,55
05/08/2007,JAC,WY,ANM,WE,Federal Contract Tower,4,15,6,0,25,0,2,15,0,17,4,17,21,0,42,6,0,6,48
05/09/2007,JAC,WY,ANM,WE,Federal Contract Tower,4,12,14,0,30,0,1,13,0,14,4,13,27,0,44,0,0,0,44
05/10/2007,JAC,WY,ANM,WE,Federal Contract Tower,6,21,19,0,46,0,1,24,0,25,6,22,43,0,71,8,0,8,79
05/11/2007,JAC,WY,ANM,WE,Federal Contract Tower,5,21,11,0,37,0,3,40,2,45,5,24,51,2,82,16,0,16,98
05/12/2007,JAC,WY,ANM,WE,Federal Contract Tower,6,18,8,0,32,0,1,20,0,21,6,19,28,0,53,0,0,0,53
05/13/2007,JAC,WY,ANM,WE,Federal Contract Tower,6,16,15,0,37,0,0,18,0,18,6,16,33,0,55,0,0,0,55
05/14/2007,JAC,WY,ANM,WE,Federal Contract Tower,6,22,30,0,58,0,1,24,0,25,6,23,54,0,83,0,0,0,83
05/15/2007,JAC,WY,ANM,WE,Federal Contract Tower,4,13,18,0,35,0,3,22,0,25,4,16,40,0,60,0,0,0,60
05/16/2007,JAC,WY,ANM,WE,Federal Contract Tower,6,18,10,0,34,0,3,20,1,24,6,21,30,1,58,12,0,12,70
05/17/2007,JAC,WY,ANM,WE,Federal Contract Tower,8,14,16,0,38,0,2,20,0,22,8,16,36,0,60,34,0,34,94
05/18/2007,JAC,WY,ANM,WE,Federal Contract Tower,7,21,13,0,41,0,3,21,1,25,7,24,34,1,66,10,0,10,76
05/19/2007,JAC,WY,ANM,WE,Federal Contract Tower,7,15,13,0,35,0,1,18,0,19,7,16,31,0,54,0,0,0,54
05/20/2007,JAC,WY,ANM,WE,Federal Contract Tower,8,18,20,0,46,0,2,14,0,16,8,20,34,0,62,28,0,28,90
05/21/2007,JAC,WY,ANM,WE,Federal Contract Tower,8,17,24,0,49,0,1,3,0,4,8,18,27,0,53,0,0,0,53
05/22/2007,JAC,WY,ANM,WE,Federal Contract Tower,6,25,13,1,45,0,3,2,0,5,6,28,15,1,50,0,0,0,50
05/23/2007,JAC,WY,ANM,WE,Federal Contract Tower,6,21,17,0,44,0,1,11,1,13,6,22,28,1,57,0,0,0,57
05/24/2007,JAC,WY,ANM,WE,Federal Contract Tower,8,18,21,0,47,0,1,4,0,5,8,19,25,0,52,0,0,0,52
05/25/2007,JAC,WY,ANM,WE,Federal Contract Tower,8,28,31,0,67,1,4,14,0,19,9,32,45,0,86,0,0,0,86
05/26/2007,JAC,WY,ANM,WE,Federal Contract Tower,11,13,7,0,31,0,3,23,0,26,11,16,30,0,57,0,0,0,57
05/27/2007,JAC,WY,ANM,WE,Federal Contract Tower,9,8,18,0,35,0,0,17,0,17,9,8,35,0,52,6,0,6,58
05/28/2007,JAC,WY,ANM,WE,Federal Contract Tower,7,22,25,0,54,0,3,16,0,19,7,25,41,0,73,0,0,0,73
05/29/2007,JAC,WY,ANM,WE,Federal Contract Tower,8,15,9,0,32,0,3,26,0,29,8,18,35,0,61,20,0,20,81
05/30/2007,JAC,WY,ANM,WE,Federal Contract Tower,6,14,28,0,48,0,0,30,0,30,6,14,58,0,78,56,0,56,134
05/31/2007,JAC,WY,ANM,WE,Federal Contract Tower,9,18,21,0,48,0,5,36,2,43,9,23,57,2,91,12,2,14,105
06/01/2007,JAC,WY,ANM,WE,Federal Contract Tower,12,15,25,0,52,0,3,37,0,40,12,18,62,0,92,22,0,22,114
06/02/2007,JAC,WY,ANM,WE,Federal Contract Tower,13,14,14,0,41,0,0,24,0,24,13,14,38,0,65,14,0,14,79
06/03/2007,JAC,WY,ANM,WE,Federal Contract Tower,13,22,22,0,57,0,1,33,0,34,13,23,55,0,91,2,0,2,93
06/04/2007,JAC,WY,ANM,WE,Federal Contract Tower,12,19,18,0,49,0,1,30,0,31,12,20,48,0,80,34,0,34,114
06/05/2007,JAC,WY,ANM,WE,Federal Contract Tower,10,20,13,0,43,0,2,25,0,27,10,22,38,0,70,26,0,26,96
06/06/2007,JAC,WY,ANM,WE,Federal Contract Tower,10,22,19,0,51,0,0,2,0,2,10,22,21,0,53,0,0,0,53
06/07/2007,JAC,WY,ANM,WE,Federal Contract Tower,17,28,25,0,70,0,1,11,0,12,17,29,36,0,82,0,0,0,82
06/08/2007,JAC,WY,ANM,WE,Federal Contract Tower,17,19,14,0,50,0,1,30,0,31,17,20,44,0,81,4,0,4,85
06/09/2007,JAC,WY,ANM,WE,Federal Contract Tower,24,14,16,0,54,0,3,15,0,18,24,17,31,0,72,2,0,2,74
06/10/2007,JAC,WY,ANM,WE,Federal Contract Tower,23,12,22,0,57,0,4,18,0,22,23,16,40,0,79,6,0,6,85
06/11/2007,JAC,WY,ANM,WE,Federal Contract Tower,18,19,16,0,53,0,0,22,0,22,18,19,38,0,75,14,0,14,89
06/12/2007,JAC,WY,ANM,WE,Federal Contract Tower,14,17,14,0,45,0,5,22,0,27,14,22,36,0,72,12,0,12,84
06/13/2007,JAC,WY,ANM,WE,Federal Contract Tower,16,23,16,0,55,0,3,26,1,30,16,26,42,1,85,32,0,32,117
06/14/2007,JAC,WY,ANM,WE,Federal Contract Tower,17,16,21,0,54,0,3,33,1,37,17,19,54,1,91,8,0,8,99
06/15/2007,JAC,WY,ANM,WE,Federal Contract Tower,19,14,33,0,66,0,5,39,0,44,19,19,72,0,110,2,0,2,112
06/16/2007,JAC,WY,ANM,WE,Federal Contract Tower,31,24,23,0,78,0,5,21,0,26,31,29,44,0,104,0,0,0,104
06/17/2007,JAC,WY,ANM,WE,Federal Contract Tower,24,24,16,1,65,0,5,17,0,22,24,29,33,1,87,0,0,0,87
06/18/2007,JAC,WY,ANM,WE,Federal Contract Tower,20,26,16,1,63,1,4,35,1,41,21,30,51,2,104,46,0,46,150
06/19/2007,JAC,WY,ANM,WE,Federal Contract Tower,17,8,11,0,36,1,2,32,7,42,18,10,43,7,78,22,0,22,100
06/20/2007,JAC,WY,ANM,WE,Federal Contract Tower,16,19,29,0,64,0,6,32,0,38,16,25,61,0,102,26,0,26,128
06/21/2007,JAC,WY,ANM,WE,Federal Contract Tower,17,29,25,0,71,0,9,44,0,53,17,38,69,0,124,22,0,22,146
06/22/2007,JAC,WY,ANM,WE,Federal Contract Tower,19,30,28,0,77,0,4,29,0,33,19,34,57,0,110,6,0,6,116
06/23/2007,JAC,WY,ANM,WE,Federal Contract Tower,30,29,26,0,85,1,4,33,0,38,31,33,59,0,123,28,0,28,151
06/24/2007,JAC,WY,ANM,WE,Federal Contract Tower,25,31,29,0,85,0,9,32,0,41,25,40,61,0,126,12,0,12,138
06/25/2007,JAC,WY,ANM,WE,Federal Contract Tower,19,22,34,0,75,0,5,25,0,30,19,27,59,0,105,0,0,0,105
06/26/2007,JAC,WY,ANM,WE,Federal Contract Tower,18,24,15,2,59,0,6,48,0,54,18,30,63,2,113,22,0,22,135
06/27/2007,JAC,WY,ANM,WE,Federal Contract Tower,17,29,26,0,72,0,4,32,0,36,17,33,58,0,108,36,0,36,144
06/28/2007,JAC,WY,ANM,WE,Federal Contract Tower,17,24,32,0,73,0,3,28,0,31,17,27,60,0,104,4,0,4,108
06/29/2007,JAC,WY,ANM,WE,Federal Contract Tower,20,42,34,0,96,0,6,30,0,36,20,48,64,0,132,0,0,0,132
06/30/2007,JAC,WY,ANM,WE,Federal Contract Tower,31,45,27,0,103,1,4,30,0,35,32,49,57,0,138,2,0,2,140
07/01/2007,JAC,WY,ANM,WE,Federal Contract Tower,29,32,42,0,103,0,1,28,0,29,29,33,70,0,132,0,0,0,132
07/02/2007,JAC,WY,ANM,WE,Federal Contract Tower,20,30,18,2,70,1,3,18,0,22,21,33,36,2,92,0,0,0,92
07/03/2007,JAC,WY,ANM,WE,Federal Contract Tower,23,22,28,1,74,1,4,45,2,52,24,26,73,3,126,16,0,16,142
07/04/2007,JAC,WY,ANM,WE,Federal Contract Tower,20,17,17,0,54,0,0,26,4,30,20,17,43,4,84,40,0,40,124
07/05/2007,JAC,WY,ANM,WE,Federal Contract Tower,22,32,35,2,91,1,5,18,13,37,23,37,53,15,128,0,6,6,134
07/06/2007,JAC,WY,ANM,WE,Federal Contract Tower,23,36,21,0,80,0,6,45,2,53,23,42,66,2,133,0,0,0,133
07/07/2007,JAC,WY,ANM,WE,Federal Contract Tower,33,28,30,0,91,1,4,28,2,35,34,32,58,2,126,4,0,4,130
07/08/2007,JAC,WY,ANM,WE,Federal Contract Tower,28,31,50,3,112,0,2,45,0,47,28,33,95,3,159,6,0,6,165
07/09/2007,JAC,WY,ANM,WE,Federal Contract Tower,20,32,27,0,79,0,2,25,0,27,20,34,52,0,106,4,0,4,110
07/10/2007,JAC,WY,ANM,WE,Federal Contract Tower,21,28,25,0,74,0,4,40,0,44,21,32,65,0,118,0,0,0,118
07/11/2007,JAC,WY,ANM,WE,Federal Contract Tower,20,29,32,0,81,0,6,42,0,48,20,35,74,0,129,12,0,12,141
07/12/2007,JAC,WY,ANM,WE,Federal Contract Tower,20,27,41,0,88,0,7,34,2,43,20,34,75,2,131,0,0,0,131
07/13/2007,JAC,WY,ANM,WE,Federal Contract Tower,21,32,24,0,77,0,8,53,0,61,21,40,77,0,138,26,0,26,164
07/14/2007,JAC,WY,ANM,WE,Federal Contract Tower,34,48,30,0,112,0,7,50,0,57,34,55,80,0,169,0,0,0,169
07/15/2007,JAC,WY,ANM,WE,Federal Contract Tower,29,42,30,0,101,0,3,48,0,51,29,45,78,0,152,0,0,0,152
07/16/2007,JAC,WY,ANM,WE,Federal Contract Tower,22,20,28,0,70,0,1,36,0,37,22,21,64,0,107,4,0,4,111
07/17/2007,JAC,WY,ANM,WE,Federal Contract Tower,21,23,36,0,80,0,4,44,0,48,21,27,80,0,128,4,0,4,132
07/18/2007,JAC,WY,ANM,WE,Federal Contract Tower,19,25,23,0,67,0,5,45,0,50,19,30,68,0,117,0,0,0,117
07/19/2007,JAC,WY,ANM,WE,Federal Contract Tower,20,31,33,0,84,0,6,34,0,40,20,37,67,0,124,0,0,0,124
07/20/2007,JAC,WY,ANM,WE,Federal Contract Tower,22,35,39,0,96,0,5,41,0,46,22,40,80,0,142,0,0,0,142
07/21/2007,JAC,WY,ANM,WE,Federal Contract Tower,32,25,21,0,78,0,3,51,0,54,32,28,72,0,132,0,0,0,132
07/22/2007,JAC,WY,ANM,WE,Federal Contract Tower,27,34,42,0,103,1,0,52,2,55,28,34,94,2,158,10,0,10,168
07/23/2007,JAC,WY,ANM,WE,Federal Contract Tower,22,27,23,2,74,0,7,36,0,43,22,34,59,2,117,2,0,2,119
07/24/2007,JAC,WY,ANM,WE,Federal Contract Tower,21,36,18,0,75,0,3,23,0,26,21,39,41,0,101,0,0,0,101
07/25/2007,JAC,WY,ANM,WE,Federal Contract Tower,19,22,38,0,79,0,4,36,6,46,19,26,74,6,125,0,6,6,131
07/26/2007,JAC,WY,ANM,WE,Federal Contract Tower,20,26,42,0,88,1,7,47,0,55,21,33,89,0,143,0,0,0,143
07/27/2007,JAC,WY,ANM,WE,Federal Contract Tower,22,29,48,0,99,1,1,32,0,34,23,30,80,0,133,0,0,0,133
07/28/2007,JAC,WY,ANM,WE,Federal Contract Tower,32,33,30,0,95,0,1,46,0,47,32,34,76,0,142,2,0,2,144
07/29/2007,JAC,WY,ANM,WE,Federal Contract Tower,27,23,31,0,81,0,2,42,0,44,27,25,73,0,125,0,0,0,125
07/30/2007,JAC,WY,ANM,WE,Federal Contract Tower,20,22,34,0,76,0,1,34,0,35,20,23,68,0,111,0,0,0,111
07/31/2007,JAC,WY,ANM,WE,Federal Contract Tower,18,35,33,0,86,0,0,25,0,25,18,35,58,0,111,0,0,0,111
08/01/2007,JAC,WY,ANM,WE,Federal Contract Tower,19,33,38,0,90,0,4,34,0,38,19,37,72,0,128,0,0,0,128
08/02/2007,JAC,WY,ANM,WE,Federal Contract Tower,22,29,30,0,81,2,0,31,0,33,24,29,61,0,114,0,0,0,114
08/03/2007,JAC,WY,ANM,WE,Federal Contract Tower,23,41,39,4,107,0,1,21,0,22,23,42,60,4,129,0,0,0,129
08/04/2007,JAC,WY,ANM,WE,Federal Contract Tower,32,29,19,0,80,0,5,32,1,38,32,34,51,1,118,0,0,0,118
08/05/2007,JAC,WY,ANM,WE,Federal Contract Tower,27,40,36,0,103,1,0,20,0,21,28,40,56,0,124,14,0,14,138
08/06/2007,JAC,WY,ANM,WE,Federal Contract Tower,23,36,32,5,96,0,3,41,3,47,23,39,73,8,143,8,0,8,151
08/07/2007,JAC,WY,ANM,WE,Federal Contract Tower,20,26,32,0,78,0,4,20,0,24,20,30,52,0,102,2,0,2,104
08/08/2007,JAC,WY,ANM,WE,Federal Contract Tower,20,34,25,1,80,0,4,30,9,43,20,38,55,10,123,0,0,0,123
08/09/2007,JAC,WY,ANM,WE,Federal Contract Tower,22,27,34,0,83,0,6,35,3,44,22,33,69,3,127,20,0,20,147
08/10/2007,JAC,WY,ANM,WE,Federal Contract Tower,20,43,37,0,100,0,9,40,2,51,20,52,77,2,151,18,0,18,169
08/11/2007,JAC,WY,ANM,WE,Federal Contract Tower,32,30,29,0,91,0,1,29,2,32,32,31,58,2,123,2,0,2,125
08/12/2007,JAC,WY,ANM,WE,Federal Contract Tower,32,37,70,0,139,0,4,74,0,78,32,41,144,0,217,0,0,0,217
08/13/2007,JAC,WY,ANM,WE,Federal Contract Tower,22,25,28,0,75,0,2,35,0,37,22,27,63,0,112,10,0,10,122
08/14/2007,JAC,WY,ANM,WE,Federal Contract Tower,22,26,41,0,89,0,0,39,0,39,22,26,80,0,128,16,0,16,144
08/15/2007,JAC,WY,ANM,WE,Federal Contract Tower,20,31,44,0,95,0,1,56,0,57,20,32,100,0,152,0,0,0,152
08/16/2007,JAC,WY,ANM,WE,Federal Contract Tower,20,35,35,0,90,0,1,61,8,70,20,36,96,8,160,0,0,0,160
08/17/2007,JAC,WY,ANM,WE,Federal Contract Tower,21,49,33,0,103,0,0,17,0,17,21,49,50,0,120,0,0,0,120
08/18/2007,JAC,WY,ANM,WE,Federal Contract Tower,35,33,28,1,97,0,3,37,13,53,35,36,65,14,150,0,0,0,150
08/19/2007,JAC,WY,ANM,WE,Federal Contract Tower,28,33,61,4,126,1,2,28,4,35,29,35,89,8,161,0,0,0,161
08/20/2007,JAC,WY,ANM,WE,Federal Contract Tower,19,35,54,1,109,0,2,24,0,26,19,37,78,1,135,0,0,0,135
08/21/2007,JAC,WY,ANM,WE,Federal Contract Tower,19,23,39,0,81,1,5,22,0,28,20,28,61,0,109,0,0,0,109
08/22/2007,JAC,WY,ANM,WE,Federal Contract Tower,18,37,52,0,107,0,1,32,4,37,18,38,84,4,144,18,0,18,162
08/23/2007,JAC,WY,ANM,WE,Federal Contract Tower,20,36,54,0,110,0,0,24,0,24,20,36,78,0,134,4,0,4,138
08/24/2007,JAC,WY,ANM,WE,Federal Contract Tower,21,33,39,2,95,0,2,30,0,32,21,35,69,2,127,0,4,4,131
08/25/2007,JAC,WY,ANM,WE,Federal Contract Tower,33,33,36,0,102,3,1,34,0,38,36,34,70,0,140,10,0,10,150
08/26/2007,JAC,WY,ANM,WE,Federal Contract Tower,29,37,41,0,107,0,0,38,0,38,29,37,79,0,145,0,0,0,145
08/27/2007,JAC,WY,ANM,WE,Federal Contract Tower,22,35,26,2,85,0,1,36,0,37,22,36,62,2,122,2,0,2,124
08/28/2007,JAC,WY,ANM,WE,Federal Contract Tower,19,22,35,0,76,0,2,20,6,28,19,24,55,6,104,0,0,0,104
08/29/2007,JAC,WY,ANM,WE,Federal Contract Tower,18,35,23,1,77,0,1,25,4,30,18,36,48,5,107,2,0,2,109
08/30/2007,JAC,WY,ANM,WE,Federal Contract Tower,20,38,37,0,95,0,1,23,9,33,20,39,60,9,128,0,0,0,128
08/31/2007,JAC,WY,ANM,WE,Federal Contract Tower,21,42,42,1,106,1,2,19,1,23,22,44,61,2,129,0,0,0,129
09/01/2007,JAC,WY,ANM,WE,Federal Contract Tower,28,27,32,0,87,1,2,13,0,16,29,29,45,0,103,15,0,15,118
09/02/2007,JAC,WY,ANM,WE,Federal Contract Tower,23,26,25,0,74,0,0,29,0,29,23,26,54,0,103,6,0,6,109
09/03/2007,JAC,WY,ANM,WE,Federal Contract Tower,22,40,52,5,119,0,0,31,0,31,22,40,83,5,150,4,0,4,154
09/04/2007,JAC,WY,ANM,WE,Federal Contract Tower,16,34,32,0,82,1,5,14,0,20,17,39,46,0,102,0,0,0,102
09/05/2007,JAC,WY,ANM,WE,Federal Contract Tower,17,25,21,0,63,0,0,11,0,11,17,25,32,0,74,2,0,2,76
09/06/2007,JAC,WY,ANM,WE,Federal Contract Tower,18,32,30,0,80,0,4,12,0,16,18,36,42,0,96,0,0,0,96
09/07/2007,JAC,WY,ANM,WE,Federal Contract Tower,17,26,49,0,92,0,1,44,0,45,17,27,93,0,137,0,0,0,137
09/08/2007,JAC,WY,ANM,WE,Federal Contract Tower,23,29,22,0,74,0,2,31,0,33,23,31,53,0,107,0,0,0,107
09/09/2007,JAC,WY,ANM,WE,Federal Contract Tower,22,26,36,0,84,0,0,17,0,17,22,26,53,0,101,0,0,0,101
09/10/2007,JAC,WY,ANM,WE,Federal Contract Tower,16,29,28,0,73,1,4,39,0,44,17,33,67,0,117,0,0,0,117
09/11/2007,JAC,WY,ANM,WE,Federal Contract Tower,18,17,19,0,54,0,4,29,6,39,18,21,48,6,93,0,0,0,93
09/12/2007,JAC,WY,ANM,WE,Federal Contract Tower,18,25,37,0,80,0,4,42,6,52,18,29,79,6,132,0,0,0,132
09/13/2007,JAC,WY,ANM,WE,Federal Contract Tower,19,34,38,0,91,0,2,33,0,35,19,36,71,0,126,0,0,0,126
09/14/2007,JAC,WY,ANM,WE,Federal Contract Tower,18,32,55,0,105,0,6,25,0,31,18,38,80,0,136,6,0,6,142
09/15/2007,JAC,WY,ANM,WE,Federal Contract Tower,21,34,23,0,78,0,3,37,0,40,21,37,60,0,118,6,0,6,124
09/16/2007,JAC,WY,ANM,WE,Federal Contract Tower,21,39,40,0,100,0,0,34,0,34,21,39,74,0,134,0,0,0,134
09/17/2007,JAC,WY,ANM,WE,Federal Contract Tower,18,22,41,0,81,0,4,31,0,35,18,26,72,0,116,0,0,0,116
09/18/2007,JAC,WY,ANM,WE,Federal Contract Tower,18,23,27,0,68,0,3,22,0,25,18,26,49,0,93,0,0,0,93
09/19/2007,JAC,WY,ANM,WE,Federal Contract Tower,18,16,38,0,72,0,3,21,0,24,18,19,59,0,96,8,0,8,104
09/20/2007,JAC,WY,ANM,WE,Federal Contract Tower,17,17,23,0,57,0,2,37,0,39,17,19,60,0,96,0,0,0,96
09/21/2007,JAC,WY,ANM,WE,Federal Contract Tower,19,27,45,0,91,0,3,31,0,34,19,30,76,0,125,0,9,9,134
09/22/2007,JAC,WY,ANM,WE,Federal Contract Tower,21,14,18,0,53,0,2,31,0,33,21,16,49,0,86,0,0,0,86
09/23/2007,JAC,WY,ANM,WE,Federal Contract Tower,21,31,20,1,73,0,3,11,0,14,21,34,31,1,87,0,0,0,87
09/24/2007,JAC,WY,ANM,WE,Federal Contract Tower,18,30,24,0,72,0,1,4,0,5,18,31,28,0,77,0,0,0,77
09/25/2007,JAC,WY,ANM,WE,Federal Contract Tower,17,20,36,0,73,0,3,28,0,31,17,23,64,0,104,2,0,2,106
09/26/2007,JAC,WY,ANM,WE,Federal Contract Tower,18,16,32,2,68,0,3,28,0,31,18,19,60,2,99,6,0,6,105
09/27/2007,JAC,WY,ANM,WE,Federal Contract Tower,17,19,49,1,86,1,4,46,1,52,18,23,95,2,138,0,0,0,138
09/28/2007,JAC,WY,ANM,WE,Federal Contract Tower,19,17,28,2,66,0,2,30,4,36,19,19,58,6,102,0,0,0,102
09/29/2007,JAC,WY,ANM,WE,Federal Contract Tower,22,27,24,0,73,0,1,0,2,3,22,28,24,2,76,0,0,0,76
09/30/2007,JAC,WY,ANM,WE,Federal Contract Tower,20,19,39,4,82,0,0,22,3,25,20,19,61,7,107,0,0,0,107
10/01/2007,JAC,WY,ANM,WE,Federal Contract Tower,15,21,21,2,59,0,1,17,0,18,15,22,38,2,77,2,0,2,79
10/02/2007,JAC,WY,ANM,WE,Federal Contract Tower,13,20,36,0,69,0,5,13,0,18,13,25,49,0,87,4,0,4,91
10/03/2007,JAC,WY,ANM,WE,Federal Contract Tower,13,25,32,0,70,0,1,4,0,5,13,26,36,0,75,0,0,0,75
10/04/2007,JAC,WY,ANM,WE,Federal Contract Tower,9,31,28,0,68,0,2,5,0,7,9,33,33,0,75,0,0,0,75
10/05/2007,JAC,WY,ANM,WE,Federal Contract Tower,9,21,28,0,58,0,3,9,0,12,9,24,37,0,70,0,0,0,70
10/06/2007,JAC,WY,ANM,WE,Federal Contract Tower,11,18,16,2,47,0,0,2,0,2,11,18,18,2,49,0,0,0,49
10/07/2007,JAC,WY,ANM,WE,Federal Contract Tower,10,26,40,0,76,0,1,1,0,2,10,27,41,0,78,0,0,0,78
10/08/2007,JAC,WY,ANM,WE,Federal Contract Tower,7,19,42,0,68,0,1,23,0,24,7,20,65,0,92,0,0,0,92
10/09/2007,JAC,WY,ANM,WE,Federal Contract Tower,9,22,54,0,85,0,3,53,0,56,9,25,107,0,141,4,0,4,145
10/10/2007,JAC,WY,ANM,WE,Federal Contract Tower,9,11,39,0,59,0,2,24,0,26,9,13,63,0,85,4,0,4,89
10/11/2007,JAC,WY,ANM,WE,Federal Contract Tower,9,19,17,0,45,0,1,32,0,33,9,20,49,0,78,0,0,0,78
10/12/2007,JAC,WY,ANM,WE,Federal Contract Tower,10,13,12,0,35,0,2,22,0,24,10,15,34,0,59,2,0,2,61
10/13/2007,JAC,WY,ANM,WE,Federal Contract Tower,11,18,21,0,50,0,1,11,0,12,11,19,32,0,62,6,0,6,68
10/14/2007,JAC,WY,ANM,WE,Federal Contract Tower,10,15,21,0,46,0,0,23,0,23,10,15,44,0,69,16,0,16,85
10/15/2007,JAC,WY,ANM,WE,Federal Contract Tower,9,18,9,0,36,0,2,20,0,22,9,20,29,0,58,14,0,14,72
10/16/2007,JAC,WY,ANM,WE,Federal Contract Tower,9,11,14,3,37,0,2,14,6,22,9,13,28,9,59,0,0,0,59
10/17/2007,JAC,WY,ANM,WE,Federal Contract Tower,9,18,31,0,58,0,1,1,0,2,9,19,32,0,60,0,0,0,60
10/18/2007,JAC,WY,ANM,WE,Federal Contract Tower,9,16,27,0,52,0,2,7,0,9,9,18,34,0,61,0,0,0,61
10/19/2007,JAC,WY,ANM,WE,Federal Contract Tower,9,19,11,0,39,0,0,0,0,0,9,19,11,0,39,0,0,0,39
10/20/2007,JAC,WY,ANM,WE,Federal Contract Tower,9,11,6,2,28,0,0,0,0,0,9,11,6,2,28,0,0,0,28
10/21/2007,JAC,WY,ANM,WE,Federal Contract Tower,9,10,26,2,47,0,0,3,0,3,9,10,29,2,50,0,0,0,50
10/22/2007,JAC,WY,ANM,WE,Federal Contract Tower,9,18,21,1,49,0,0,4,6,10,9,18,25,7,59,8,0,8,67
10/23/2007,JAC,WY,ANM,WE,Federal Contract Tower,10,15,23,0,48,0,2,12,0,14,10,17,35,0,62,0,0,0,62
10/24/2007,JAC,WY,ANM,WE,Federal Contract Tower,9,17,17,0,43,0,0,7,0,7,9,17,24,0,50,20,0,20,70
10/25/2007,JAC,WY,ANM,WE,Federal Contract Tower,9,13,18,1,41,0,1,24,0,25,9,14,42,1,66,30,0,30,96
10/26/2007,JAC,WY,ANM,WE,Federal Contract Tower,10,14,17,2,43,0,7,13,0,20,10,21,30,2,63,0,0,0,63
10/27/2007,JAC,WY,ANM,WE,Federal Contract Tower,9,10,4,0,23,0,1,5,0,6,9,11,9,0,29,6,0,6,35
10/28/2007,JAC,WY,ANM,WE,Federal Contract Tower,7,21,19,3,50,0,1,9,0,10,7,22,28,3,60,2,0,2,62
10/29/2007,JAC,WY,ANM,WE,Federal Contract Tower,7,21,19,0,47,0,4,5,0,9,7,25,24,0,56,0,0,0,56
10/30/2007,JAC,WY,ANM,WE,Federal Contract Tower,6,19,12,0,37,0,1,3,0,4,6,20,15,0,41,6,0,6,47
10/31/2007,JAC,WY,ANM,WE,Federal Contract Tower,5,19,14,0,38,0,5,8,0,13,5,24,22,0,51,0,0,0,51
11/01/2007,JAC,WY,ANM,WE,Federal Contract Tower,8,20,17,0,45,0,2,13,0,15,8,22,30,0,60,8,0,8,68
11/02/2007,JAC,WY,ANM,WE,Federal Contract Tower,9,13,12,0,34,0,3,21,0,24,9,16,33,0,58,2,0,2,60
11/03/2007,JAC,WY,ANM,WE,Federal Contract Tower,8,14,13,0,35,0,5,11,0,16,8,19,24,0,51,0,0,0,51
11/04/2007,JAC,WY,ANM,WE,Federal Contract Tower,8,12,11,0,31,0,0,12,0,12,8,12,23,0,43,0,0,0,43
11/05/2007,JAC,WY,ANM,WE,Federal Contract Tower,8,16,26,0,50,0,3,27,0,30,8,19,53,0,80,0,0,0,80
11/06/2007,JAC,WY,ANM,WE,Federal Contract Tower,8,12,14,0,34,0,2,8,0,10,8,14,22,0,44,0,0,0,44
11/07/2007,JAC,WY,ANM,WE,Federal Contract Tower,8,14,12,0,34,0,2,10,0,12,8,16,22,0,46,0,0,0,46
11/08/2007,JAC,WY,ANM,WE,Federal Contract Tower,7,14,19,0,40,0,2,26,0,28,7,16,45,0,68,2,0,2,70
11/09/2007,JAC,WY,ANM,WE,Federal Contract Tower,8,14,30,0,52,0,0,14,0,14,8,14,44,0,66,0,0,0,66
11/10/2007,JAC,WY,ANM,WE,Federal Contract Tower,8,16,10,0,34,0,0,13,0,13,8,16,23,0,47,10,0,10,57
11/11/2007,JAC,WY,ANM,WE,Federal Contract Tower,8,7,5,0,20,0,0,0,0,0,8,7,5,0,20,0,0,0,20
11/12/2007,JAC,WY,ANM,WE,Federal Contract Tower,8,21,10,0,39,0,0,0,0,0,8,21,10,0,39,0,0,0,39
11/13/2007,JAC,WY,ANM,WE,Federal Contract Tower,7,17,17,0,41,0,0,0,0,0,7,17,17,0,41,0,0,0,41
11/14/2007,JAC,WY,ANM,WE,Federal Contract Tower,8,15,6,1,30,0,2,8,0,10,8,17,14,1,40,2,0,2,42
11/15/2007,JAC,WY,ANM,WE,Federal Contract Tower,8,19,19,1,47,0,6,17,0,23,8,25,36,1,70,0,0,0,70
11/16/2007,JAC,WY,ANM,WE,Federal Contract Tower,8,16,30,0,54,0,0,4,0,4,8,16,34,0,58,0,0,0,58
11/17/2007,JAC,WY,ANM,WE,Federal Contract Tower,8,14,10,0,32,0,0,1,0,1,8,14,11,0,33,0,0,0,33
11/18/2007,JAC,WY,ANM,WE,Federal Contract Tower,7,16,11,0,34,0,1,5,0,6,7,17,16,0,40,0,0,0,40
11/19/2007,JAC,WY,ANM,WE,Federal Contract Tower,6,22,11,0,39,0,2,1,0,3,6,24,12,0,42,0,0,0,42
11/20/2007,JAC,WY,ANM,WE,Federal Contract Tower,8,24,16,0,48,0,3,1,0,4,8,27,17,0,52,0,0,0,52
11/21/2007,JAC,WY,ANM,WE,Federal Contract Tower,8,28,22,0,58,0,1,20,0,21,8,29,42,0,79,0,0,0,79
11/22/2007,JAC,WY,ANM,WE,Federal Contract Tower,5,9,5,0,19,0,0,11,0,11,5,9,16,0,30,2,0,2,32
11/23/2007,JAC,WY,ANM,WE,Federal Contract Tower,5,13,1,0,19,0,0,13,0,13,5,13,14,0,32,10,0,10,42
11/24/2007,JAC,WY,ANM,WE,Federal Contract Tower,8,20,16,0,44,0,1,15,0,16,8,21,31,0,60,0,0,0,60
11/25/2007,JAC,WY,ANM,WE,Federal Contract Tower,8,25,18,0,51,0,1,15,0,16,8,26,33,0,67,2,0,2,69
11/26/2007,JAC,WY,ANM,WE,Federal Contract Tower,7,21,18,0,46,0,4,7,0,11,7,25,25,0,57,0,0,0,57
11/27/2007,JAC,WY,ANM,WE,Federal Contract Tower,1,22,13,0,36,0,0,0,0,0,1,22,13,0,36,0,0,0,36
11/28/2007,JAC,WY,ANM,WE,Federal Contract Tower,7,33,17,2,59,0,0,2,8,10,7,33,19,10,69,0,0,0,69
11/29/2007,JAC,WY,ANM,WE,Federal Contract Tower,4,16,21,0,41,0,0,0,0,0,4,16,21,0,41,0,0,0,41
11/30/2007,JAC,WY,ANM,WE,Federal Contract Tower,7,16,14,0,37,1,1,10,0,12,8,17,24,0,49,0,0,0,49
12/01/2007,JAC,WY,ANM,WE,Federal Contract Tower,5,22,9,0,36,0,0,2,0,2,5,22,11,0,38,16,0,16,54
12/02/2007,JAC,WY,ANM,WE,Federal Contract Tower,8,12,10,0,30,0,0,3,0,3,8,12,13,0,33,0,0,0,33
12/03/2007,JAC,WY,ANM,WE,Federal Contract Tower,2,19,12,0,33,0,0,2,0,2,2,19,14,0,35,0,0,0,35
12/04/2007,JAC,WY,ANM,WE,Federal Contract Tower,6,26,12,0,44,0,0,0,0,0,6,26,12,0,44,0,0,0,44
12/05/2007,JAC,WY,ANM,WE,Federal Contract Tower,8,22,11,0,41,0,1,4,0,5,8,23,15,0,46,0,0,0,46
12/06/2007,JAC,WY,ANM,WE,Federal Contract Tower,6,16,23,0,45,0,0,1,0,1,6,16,24,0,46,0,0,0,46
12/07/2007,JAC,WY,ANM,WE,Federal Contract Tower,7,20,17,0,44,0,0,0,0,0,7,20,17,0,44,0,0,0,44
12/08/2007,JAC,WY,ANM,WE,Federal Contract Tower,7,18,7,0,32,2,1,3,0,6,9,19,10,0,38,0,0,0,38
12/09/2007,JAC,WY,ANM,WE,Federal Contract Tower,8,10,7,0,25,0,1,6,0,7,8,11,13,0,32,4,0,4,36
12/10/2007,JAC,WY,ANM,WE,Federal Contract Tower,8,22,24,0,54,0,1,1,0,2,8,23,25,0,56,0,0,0,56
12/11/2007,JAC,WY,ANM,WE,Federal Contract Tower,6,17,15,0,38,0,2,16,0,18,6,19,31,0,56,0,0,0,56
12/12/2007,JAC,WY,ANM,WE,Federal Contract Tower,8,19,14,0,41,0,1,16,0,17,8,20,30,0,58,0,0,0,58
12/13/2007,JAC,WY,ANM,WE,Federal Contract Tower,12,20,19,0,51,0,0,0,0,0,12,20,19,0,51,0,0,0,51
12/14/2007,JAC,WY,ANM,WE,Federal Contract Tower,11,22,19,0,52,2,1,11,0,14,13,23,30,0,66,4,0,4,70
12/15/2007,JAC,WY,ANM,WE,Federal Contract Tower,20,12,17,0,49,0,0,0,0,0,20,12,17,0,49,0,0,0,49
12/16/2007,JAC,WY,ANM,WE,Federal Contract Tower,17,9,11,0,37,0,0,5,0,5,17,9,16,0,42,0,0,0,42
12/17/2007,JAC,WY,ANM,WE,Federal Contract Tower,15,17,27,0,59,0,1,1,0,2,15,18,28,0,61,0,0,0,61
12/18/2007,JAC,WY,ANM,WE,Federal Contract Tower,14,16,22,0,52,0,0,0,0,0,14,16,22,0,52,0,0,0,52
12/19/2007,JAC,WY,ANM,WE,Federal Contract Tower,16,27,10,0,53,0,1,2,0,3,16,28,12,0,56,0,0,0,56
12/20/2007,JAC,WY,ANM,WE,Federal Contract Tower,13,25,24,2,64,0,0,0,0,0,13,25,24,2,64,0,0,0,64
12/21/2007,JAC,WY,ANM,WE,Federal Contract Tower,16,44,47,2,109,0,2,7,0,9,16,46,54,2,118,0,0,0,118
12/22/2007,JAC,WY,ANM,WE,Federal Contract Tower,24,35,40,0,99,1,3,19,0,23,25,38,59,0,122,28,0,28,150
12/23/2007,JAC,WY,ANM,WE,Federal Contract Tower,19,19,30,0,68,0,0,4,0,4,19,19,34,0,72,0,0,0,72
12/24/2007,JAC,WY,ANM,WE,Federal Contract Tower,12,16,7,0,35,0,0,0,0,0,12,16,7,0,35,0,0,0,35
12/25/2007,JAC,WY,ANM,WE,Federal Contract Tower,13,16,6,0,35,0,0,13,0,13,13,16,19,0,48,4,0,4,52
12/26/2007,JAC,WY,ANM,WE,Federal Contract Tower,16,33,55,0,104,0,0,2,0,2,16,33,57,0,106,0,0,0,106
12/27/2007,JAC,WY,ANM,WE,Federal Contract Tower,20,40,51,0,111,0,3,13,0,16,20,43,64,0,127,6,0,6,133
12/28/2007,JAC,WY,ANM,WE,Federal Contract Tower,15,29,38,0,82,0,1,0,0,1,15,30,38,0,83,0,0,0,83
12/29/2007,JAC,WY,ANM,WE,Federal Contract Tower,28,13,23,0,64,0,0,0,0,0,28,13,23,0,64,0,0,0,64
12/30/2007,JAC,WY,ANM,WE,Federal Contract Tower,19,14,31,0,64,0,1,0,0,1,19,15,31,0,65,0,0,0,65
12/31/2007,JAC,WY,ANM,WE,Federal Contract Tower,17,37,29,0,83,0,0,3,0,3,17,37,32,0,86,0,0,0,86
01/01/2008,JAC,WY,ANM,WE,Federal Contract Tower,15,18,38,5,76,0,32,15,0,47,15,50,53,5,123,16,0,16,139
01/02/2008,JAC,WY,ANM,WE,Federal Contract Tower,16,28,40,0,84,0,6,19,0,25,16,34,59,0,109,2,0,2,111
01/03/2008,JAC,WY,ANM,WE,Federal Contract Tower,19,36,26,2,83,0,6,16,0,22,19,42,42,2,105,0,0,0,105
01/04/2008,JAC,WY,ANM,WE,Federal Contract Tower,15,30,27,0,72,0,4,16,0,20,15,34,43,0,92,0,0,0,92
01/05/2008,JAC,WY,ANM,WE,Federal Contract Tower,6,10,16,0,32,0,0,0,0,0,6,10,16,0,32,0,0,0,32
01/06/2008,JAC,WY,ANM,WE,Federal Contract Tower,15,10,56,0,81,0,0,0,0,0,15,10,56,0,81,0,0,0,81
01/07/2008,JAC,WY,ANM,WE,Federal Contract Tower,17,34,23,0,74,0,1,5,0,6,17,35,28,0,80,12,0,12,92
01/08/2008,JAC,WY,ANM,WE,Federal Contract Tower,16,9,9,0,34,0,0,2,0,2,16,9,11,0,36,0,0,0,36
01/09/2008,JAC,WY,ANM,WE,Federal Contract Tower,15,12,14,0,41,0,0,0,0,0,15,12,14,0,41,0,0,0,41
01/10/2008,JAC,WY,ANM,WE,Federal Contract Tower,16,10,19,0,45,0,0,0,0,0,16,10,19,0,45,0,0,0,45
01/11/2008,JAC,WY,ANM,WE,Federal Contract Tower,18,12,14,0,44,0,0,0,0,0,18,12,14,0,44,0,0,0,44
01/12/2008,JAC,WY,ANM,WE,Federal Contract Tower,26,15,11,0,52,0,1,3,0,4,26,16,14,0,56,0,0,0,56
01/13/2008,JAC,WY,ANM,WE,Federal Contract Tower,19,12,16,0,47,0,0,13,0,13,19,12,29,0,60,10,0,10,70
01/14/2008,JAC,WY,ANM,WE,Federal Contract Tower,17,9,21,0,47,0,0,12,0,12,17,9,33,0,59,0,0,0,59
01/15/2008,JAC,WY,ANM,WE,Federal Contract Tower,11,8,14,0,33,1,0,0,0,1,12,8,14,0,34,0,0,0,34
01/16/2008,JAC,WY,ANM,WE,Federal Contract Tower,16,12,18,0,46,0,1,20,0,21,16,13,38,0,67,2,0,2,69
01/17/2008,JAC,WY,ANM,WE,Federal Contract Tower,18,19,29,0,66,0,0,1,0,1,18,19,30,0,67,0,0,0,67
01/18/2008,JAC,WY,ANM,WE,Federal Contract Tower,17,34,29,0,80,0,2,8,0,10,17,36,37,0,90,8,0,8,98
01/19/2008,JAC,WY,ANM,WE,Federal Contract Tower,26,7,12,0,45,0,0,0,0,0,26,7,12,0,45,0,0,0,45
01/20/2008,JAC,WY,ANM,WE,Federal Contract Tower,19,1,12,0,32,0,0,0,0,0,19,1,12,0,32,0,0,0,32
01/21/2008,JAC,WY,ANM,WE,Federal Contract Tower,13,45,54,0,112,0,0,8,0,8,13,45,62,0,120,0,0,0,120
01/22/2008,JAC,WY,ANM,WE,Federal Contract Tower,15,22,15,0,52,1,8,16,0,25,16,30,31,0,77,8,0,8,85
01/23/2008,JAC,WY,ANM,WE,Federal Contract Tower,15,19,26,0,60,0,2,12,0,14,15,21,38,0,74,0,0,0,74
01/24/2008,JAC,WY,ANM,WE,Federal Contract Tower,18,17,24,0,59,0,3,16,0,19,18,20,40,0,78,2,0,2,80
01/25/2008,JAC,WY,ANM,WE,Federal Contract Tower,17,18,22,0,57,0,0,0,0,0,17,18,22,0,57,0,0,0,57
01/26/2008,JAC,WY,ANM,WE,Federal Contract Tower,26,12,22,0,60,0,0,2,0,2,26,12,24,0,62,8,0,8,70
01/27/2008,JAC,WY,ANM,WE,Federal Contract Tower,11,12,28,0,51,0,0,4,0,4,11,12,32,0,55,4,0,4,59
01/28/2008,JAC,WY,ANM,WE,Federal Contract Tower,5,9,21,0,35,0,0,0,0,0,5,9,21,0,35,0,0,0,35
01/29/2008,JAC,WY,ANM,WE,Federal Contract Tower,15,22,20,2,59,0,0,0,0,0,15,22,20,2,59,0,0,0,59
01/30/2008,JAC,WY,ANM,WE,Federal Contract Tower,15,9,18,0,42,0,1,2,0,3,15,10,20,0,45,0,0,0,45
01/31/2008,JAC,WY,ANM,WE,Federal Contract Tower,14,17,21,0,52,0,0,0,0,0,14,17,21,0,52,0,0,0,52
02/01/2008,JAC,WY,ANM,WE,Federal Contract Tower,17,17,17,0,51,0,0,0,0,0,17,17,17,0,51,0,0,0,51
02/02/2008,JAC,WY,ANM,WE,Federal Contract Tower,23,16,30,1,70,0,1,1,0,2,23,17,31,1,72,0,0,0,72
02/03/2008,JAC,WY,ANM,WE,Federal Contract Tower,20,9,5,0,34,0,0,0,0,0,20,9,5,0,34,0,0,0,34
02/04/2008,JAC,WY,ANM,WE,Federal Contract Tower,15,20,20,1,56,0,1,3,1,5,15,21,23,2,61,2,0,2,63
02/05/2008,JAC,WY,ANM,WE,Federal Contract Tower,18,13,18,1,50,0,0,16,0,16,18,13,34,1,66,0,0,0,66
02/06/2008,JAC,WY,ANM,WE,Federal Contract Tower,15,24,13,0,52,0,0,2,0,2,15,24,15,0,54,0,0,0,54
02/07/2008,JAC,WY,ANM,WE,Federal Contract Tower,11,8,18,0,37,0,0,0,0,0,11,8,18,0,37,0,0,0,37
02/08/2008,JAC,WY,ANM,WE,Federal Contract Tower,23,17,29,0,69,0,0,0,0,0,23,17,29,0,69,2,0,2,71
02/09/2008,JAC,WY,ANM,WE,Federal Contract Tower,25,12,21,1,59,0,0,1,0,1,25,12,22,1,60,0,0,0,60
02/10/2008,JAC,WY,ANM,WE,Federal Contract Tower,19,23,20,0,62,1,0,1,0,2,20,23,21,0,64,0,0,0,64
02/11/2008,JAC,WY,ANM,WE,Federal Contract Tower,17,19,23,1,60,0,0,0,0,0,17,19,23,1,60,0,0,0,60
02/12/2008,JAC,WY,ANM,WE,Federal Contract Tower,17,14,19,0,50,0,0,5,0,5,17,14,24,0,55,0,0,0,55
02/13/2008,JAC,WY,ANM,WE,Federal Contract Tower,15,16,11,0,42,0,0,0,0,0,15,16,11,0,42,0,0,0,42
02/14/2008,JAC,WY,ANM,WE,Federal Contract Tower,17,26,24,0,67,0,0,24,0,24,17,26,48,0,91,8,0,8,99
02/15/2008,JAC,WY,ANM,WE,Federal Contract Tower,18,33,38,0,89,0,2,40,0,42,18,35,78,0,131,2,0,2,133
02/16/2008,JAC,WY,ANM,WE,Federal Contract Tower,25,18,22,0,65,0,0,3,0,3,25,18,25,0,68,0,0,0,68
02/17/2008,JAC,WY,ANM,WE,Federal Contract Tower,20,22,23,0,65,0,0,18,0,18,20,22,41,0,83,8,0,8,91
02/18/2008,JAC,WY,ANM,WE,Federal Contract Tower,18,27,32,0,77,0,2,20,0,22,18,29,52,0,99,0,0,0,99
02/19/2008,JAC,WY,ANM,WE,Federal Contract Tower,18,31,29,0,78,0,0,20,0,20,18,31,49,0,98,0,0,0,98
02/20/2008,JAC,WY,ANM,WE,Federal Contract Tower,20,10,20,0,50,0,1,16,0,17,20,11,36,0,67,18,0,18,85
02/21/2008,JAC,WY,ANM,WE,Federal Contract Tower,20,17,16,0,53,0,2,20,0,22,20,19,36,0,75,2,0,2,77
02/22/2008,JAC,WY,ANM,WE,Federal Contract Tower,17,19,14,0,50,0,0,7,0,7,17,19,21,0,57,0,0,0,57
02/23/2008,JAC,WY,ANM,WE,Federal Contract Tower,25,13,28,0,66,1,0,2,0,3,26,13,30,0,69,6,0,6,75
02/24/2008,JAC,WY,ANM,WE,Federal Contract Tower,10,3,22,0,35,0,0,0,0,0,10,3,22,0,35,0,0,0,35
02/25/2008,JAC,WY,ANM,WE,Federal Contract Tower,16,22,21,0,59,0,0,0,0,0,16,22,21,0,59,0,0,0,59
02/26/2008,JAC,WY,ANM,WE,Federal Contract Tower,18,15,29,0,62,0,1,3,0,4,18,16,32,0,66,4,0,4,70
02/27/2008,JAC,WY,ANM,WE,Federal Contract Tower,17,20,21,0,58,0,0,13,1,14,17,20,34,1,72,0,2,2,74
02/28/2008,JAC,WY,ANM,WE,Federal Contract Tower,20,20,18,0,58,0,1,16,9,26,20,21,34,9,84,0,0,0,84
02/29/2008,JAC,WY,ANM,WE,Federal Contract Tower,18,21,28,0,67,0,1,15,1,17,18,22,43,1,84,0,0,0,84
03/01/2008,JAC,WY,ANM,WE,Federal Contract Tower,25,16,16,0,57,0,0,0,0,0,25,16,16,0,57,0,0,0,57
03/02/2008,JAC,WY,ANM,WE,Federal Contract Tower,22,12,33,0,67,0,2,7,0,9,22,14,40,0,76,0,0,0,76
03/03/2008,JAC,WY,ANM,WE,Federal Contract Tower,20,12,28,0,60,0,0,10,0,10,20,12,38,0,70,0,0,0,70
03/04/2008,JAC,WY,ANM,WE,Federal Contract Tower,18,12,13,0,43,0,0,1,0,1,18,12,14,0,44,0,0,0,44
03/05/2008,JAC,WY,ANM,WE,Federal Contract Tower,20,21,13,0,54,0,0,2,0,2,20,21,15,0,56,0,0,0,56
03/06/2008,JAC,WY,ANM,WE,Federal Contract Tower,21,15,21,0,57,0,0,14,0,14,21,15,35,0,71,6,0,6,77
03/07/2008,JAC,WY,ANM,WE,Federal Contract Tower,19,22,24,0,65,0,1,20,0,21,19,23,44,0,86,4,0,4,90
03/08/2008,JAC,WY,ANM,WE,Federal Contract Tower,27,21,12,0,60,0,4,8,0,12,27,25,20,0,72,0,0,0,72
03/09/2008,JAC,WY,ANM,WE,Federal Contract Tower,21,16,19,0,56,0,0,9,0,9,21,16,28,0,65,0,0,0,65
03/10/2008,JAC,WY,ANM,WE,Federal Contract Tower,20,16,15,0,51,0,4,11,0,15,20,20,26,0,66,4,0,4,70
03/11/2008,JAC,WY,ANM,WE,Federal Contract Tower,21,16,15,0,52,0,1,22,0,23,21,17,37,0,75,0,0,0,75
03/12/2008,JAC,WY,ANM,WE,Federal Contract Tower,21,10,15,0,46,0,2,11,0,13,21,12,26,0,59,0,0,0,59
03/13/2008,JAC,WY,ANM,WE,Federal Contract Tower,23,22,33,0,78,0,0,0,0,0,23,22,33,0,78,0,0,0,78
03/14/2008,JAC,WY,ANM,WE,Federal Contract Tower,20,35,27,0,82,0,1,2,0,3,20,36,29,0,85,0,0,0,85
03/15/2008,JAC,WY,ANM,WE,Federal Contract Tower,25,39,22,0,86,0,2,4,0,6,25,41,26,0,92,0,0,0,92
03/16/2008,JAC,WY,ANM,WE,Federal Contract Tower,23,23,19,0,65,0,2,10,0,12,23,25,29,0,77,16,0,16,93
03/17/2008,JAC,WY,ANM,WE,Federal Contract Tower,20,24,17,0,61,0,0,10,0,10,20,24,27,0,71,0,0,0,71
03/18/2008,JAC,WY,ANM,WE,Federal Contract Tower,19,17,16,0,52,0,0,0,0,0,19,17,16,0,52,0,0,0,52
03/19/2008,JAC,WY,ANM,WE,Federal Contract Tower,19,25,24,0,68,0,1,5,0,6,19,26,29,0,74,0,0,0,74
03/20/2008,JAC,WY,ANM,WE,Federal Contract Tower,21,20,43,0,84,0,1,1,0,2,21,21,44,0,86,0,0,0,86
03/21/2008,JAC,WY,ANM,WE,Federal Contract Tower,17,25,30,0,72,0,0,0,0,0,17,25,30,0,72,0,0,0,72
03/22/2008,JAC,WY,ANM,WE,Federal Contract Tower,26,24,24,0,74,1,4,12,0,17,27,28,36,0,91,0,0,0,91
03/23/2008,JAC,WY,ANM,WE,Federal Contract Tower,21,19,25,0,65,1,0,16,0,17,22,19,41,0,82,12,0,12,94
03/24/2008,JAC,WY,ANM,WE,Federal Contract Tower,20,19,17,0,56,0,0,27,0,27,20,19,44,0,83,0,0,0,83
03/25/2008,JAC,WY,ANM,WE,Federal Contract Tower,19,12,27,0,58,0,0,0,0,0,19,12,27,0,58,0,0,0,58
03/26/2008,JAC,WY,ANM,WE,Federal Contract Tower,22,12,28,0,62,0,0,0,0,0,22,12,28,0,62,0,0,0,62
03/27/2008,JAC,WY,ANM,WE,Federal Contract Tower,24,7,10,0,41,0,0,0,0,0,24,7,10,0,41,0,0,0,41
03/28/2008,JAC,WY,ANM,WE,Federal Contract Tower,19,27,22,0,68,0,0,21,0,21,19,27,43,0,89,0,0,0,89
03/29/2008,JAC,WY,ANM,WE,Federal Contract Tower,26,20,9,0,55,0,1,0,0,1,26,21,9,0,56,0,0,0,56
03/30/2008,JAC,WY,ANM,WE,Federal Contract Tower,18,14,23,0,55,0,0,2,0,2,18,14,25,0,57,2,0,2,59
03/31/2008,JAC,WY,ANM,WE,Federal Contract Tower,15,9,7,0,31,0,0,1,0,1,15,9,8,0,32,0,0,0,32
04/01/2008,JAC,WY,ANM,WE,Federal Contract Tower,17,12,6,0,35,0,0,17,0,17,17,12,23,0,52,8,0,8,60
04/02/2008,JAC,WY,ANM,WE,Federal Contract Tower,16,10,11,0,37,0,1,7,4,12,16,11,18,4,49,0,0,0,49
04/03/2008,JAC,WY,ANM,WE,Federal Contract Tower,17,17,15,0,49,0,0,14,2,16,17,17,29,2,65,0,0,0,65
04/04/2008,JAC,WY,ANM,WE,Federal Contract Tower,15,18,17,0,50,0,0,15,0,15,15,18,32,0,65,8,0,8,73
04/05/2008,JAC,WY,ANM,WE,Federal Contract Tower,18,15,11,0,44,0,0,1,0,1,18,15,12,0,45,0,0,0,45
04/06/2008,JAC,WY,ANM,WE,Federal Contract Tower,17,12,10,0,39,0,0,3,0,3,17,12,13,0,42,0,0,0,42
04/07/2008,JAC,WY,ANM,WE,Federal Contract Tower,11,20,10,0,41,0,0,0,0,0,11,20,10,0,41,0,0,0,41
04/08/2008,JAC,WY,ANM,WE,Federal Contract Tower,6,11,11,0,28,0,1,16,0,17,6,12,27,0,45,0,0,0,45
04/09/2008,JAC,WY,ANM,WE,Federal Contract Tower,6,13,3,0,22,0,1,9,0,10,6,14,12,0,32,0,0,0,32
04/10/2008,JAC,WY,ANM,WE,Federal Contract Tower,8,22,8,2,40,0,0,5,0,5,8,22,13,2,45,0,0,0,45
04/11/2008,JAC,WY,ANM,WE,Federal Contract Tower,8,14,9,1,32,0,0,12,1,13,8,14,21,2,45,0,0,0,45
04/12/2008,JAC,WY,ANM,WE,Federal Contract Tower,6,13,3,1,23,0,2,21,0,23,6,15,24,1,46,0,0,0,46
04/13/2008,JAC,WY,ANM,WE,Federal Contract Tower,7,11,5,3,26,0,0,11,0,11,7,11,16,3,37,2,0,2,39
04/14/2008,JAC,WY,ANM,WE,Federal Contract Tower,7,17,11,0,35,0,1,13,0,14,7,18,24,0,49,0,0,0,49
04/15/2008,JAC,WY,ANM,WE,Federal Contract Tower,6,18,6,0,30,0,0,0,0,0,6,18,6,0,30,0,0,0,30
04/16/2008,JAC,WY,ANM,WE,Federal Contract Tower,8,19,13,0,40,0,6,2,0,8,8,25,15,0,48,0,0,0,48
04/17/2008,JAC,WY,ANM,WE,Federal Contract Tower,8,15,8,3,34,0,2,12,2,16,8,17,20,5,50,0,0,0,50
04/18/2008,JAC,WY,ANM,WE,Federal Contract Tower,10,18,10,1,39,0,3,9,0,12,10,21,19,1,51,0,0,0,51
04/19/2008,JAC,WY,ANM,WE,Federal Contract Tower,5,13,4,0,22,0,2,6,0,8,5,15,10,0,30,10,0,10,40
04/20/2008,JAC,WY,ANM,WE,Federal Contract Tower,8,13,11,0,32,0,0,2,0,2,8,13,13,0,34,2,0,2,36
04/21/2008,JAC,WY,ANM,WE,Federal Contract Tower,7,12,13,0,32,0,1,9,0,10,7,13,22,0,42,0,0,0,42
04/22/2008,JAC,WY,ANM,WE,Federal Contract Tower,6,13,11,0,30,0,2,7,0,9,6,15,18,0,39,0,0,0,39
04/23/2008,JAC,WY,ANM,WE,Federal Contract Tower,8,23,8,0,39,0,1,1,0,2,8,24,9,0,41,0,0,0,41
04/24/2008,JAC,WY,ANM,WE,Federal Contract Tower,8,20,18,0,46,0,0,0,0,0,8,20,18,0,46,0,0,0,46
04/25/2008,JAC,WY,ANM,WE,Federal Contract Tower,8,15,10,0,33,0,0,1,0,1,8,15,11,0,34,0,0,0,34
04/26/2008,JAC,WY,ANM,WE,Federal Contract Tower,5,12,4,0,21,0,1,22,0,23,5,13,26,0,44,0,0,0,44
04/27/2008,JAC,WY,ANM,WE,Federal Contract Tower,7,8,8,0,23,0,0,20,0,20,7,8,28,0,43,12,0,12,55
04/28/2008,JAC,WY,ANM,WE,Federal Contract Tower,7,16,8,0,31,0,1,13,0,14,7,17,21,0,45,0,0,0,45
04/29/2008,JAC,WY,ANM,WE,Federal Contract Tower,5,18,5,0,28,0,0,4,0,4,5,18,9,0,32,0,0,0,32
04/30/2008,JAC,WY,ANM,WE,Federal Contract Tower,7,20,12,0,39,0,1,13,0,14,7,21,25,0,53,2,0,2,55
05/01/2008,JAC,WY,ANM,WE,Federal Contract Tower,7,20,16,0,43,0,0,5,0,5,7,20,21,0,48,0,0,0,48
05/02/2008,JAC,WY,ANM,WE,Federal Contract Tower,8,15,10,0,33,0,1,4,0,5,8,16,14,0,38,0,0,0,38
05/03/2008,JAC,WY,ANM,WE,Federal Contract Tower,6,16,5,0,27,0,0,9,0,9,6,16,14,0,36,0,0,0,36
05/04/2008,JAC,WY,ANM,WE,Federal Contract Tower,10,10,8,0,28,0,0,7,0,7,10,10,15,0,35,0,0,0,35
05/05/2008,JAC,WY,ANM,WE,Federal Contract Tower,10,11,16,0,37,0,3,16,4,23,10,14,32,4,60,0,0,0,60
05/06/2008,JAC,WY,ANM,WE,Federal Contract Tower,8,13,8,0,29,0,1,14,2,17,8,14,22,2,46,6,0,6,52
05/07/2008,JAC,WY,ANM,WE,Federal Contract Tower,10,17,12,0,39,0,0,2,0,2,10,17,14,0,41,0,0,0,41
05/08/2008,JAC,WY,ANM,WE,Federal Contract Tower,9,25,26,0,60,0,0,6,0,6,9,25,32,0,66,0,0,0,66
05/09/2008,JAC,WY,ANM,WE,Federal Contract Tower,10,12,20,0,42,0,0,0,0,0,10,12,20,0,42,0,0,0,42
05/10/2008,JAC,WY,ANM,WE,Federal Contract Tower,10,10,7,0,27,0,1,21,0,22,10,11,28,0,49,2,0,2,51
05/11/2008,JAC,WY,ANM,WE,Federal Contract Tower,10,11,15,0,36,0,0,14,0,14,10,11,29,0,50,8,0,8,58
05/12/2008,JAC,WY,ANM,WE,Federal Contract Tower,10,14,12,0,36,0,0,1,0,1,10,14,13,0,37,0,0,0,37
05/13/2008,JAC,WY,ANM,WE,Federal Contract Tower,8,11,10,0,29,0,2,12,0,14,8,13,22,0,43,8,0,8,51
05/14/2008,JAC,WY,ANM,WE,Federal Contract Tower,10,17,12,0,39,0,0,8,0,8,10,17,20,0,47,0,0,0,47
05/15/2008,JAC,WY,ANM,WE,Federal Contract Tower,16,13,22,0,51,0,4,18,0,22,16,17,40,0,73,6,0,6,79
05/16/2008,JAC,WY,ANM,WE,Federal Contract Tower,16,9,16,0,41,0,3,31,0,34,16,12,47,0,75,2,0,2,77
05/17/2008,JAC,WY,ANM,WE,Federal Contract Tower,16,6,13,0,35,0,3,26,0,29,16,9,39,0,64,14,0,14,78
05/18/2008,JAC,WY,ANM,WE,Federal Contract Tower,15,10,12,0,37,1,0,24,0,25,16,10,36,0,62,16,0,16,78
05/19/2008,JAC,WY,ANM,WE,Federal Contract Tower,16,10,17,0,43,0,3,48,0,51,16,13,65,0,94,26,0,26,120
05/20/2008,JAC,WY,ANM,WE,Federal Contract Tower,15,10,17,0,42,1,2,46,0,49,16,12,63,0,91,46,0,46,137
05/21/2008,JAC,WY,ANM,WE,Federal Contract Tower,18,23,15,0,56,0,0,3,0,3,18,23,18,0,59,0,0,0,59
05/22/2008,JAC,WY,ANM,WE,Federal Contract Tower,19,23,21,2,65,0,0,4,0,4,19,23,25,2,69,0,0,0,69
05/23/2008,JAC,WY,ANM,WE,Federal Contract Tower,17,20,26,1,64,0,0,8,2,10,17,20,34,3,74,46,0,46,120
05/24/2008,JAC,WY,ANM,WE,Federal Contract Tower,16,13,8,0,37,0,0,5,3,8,16,13,13,3,45,2,0,2,47
05/25/2008,JAC,WY,ANM,WE,Federal Contract Tower,17,8,10,0,35,0,0,19,2,21,17,8,29,2,56,26,0,26,82
05/26/2008,JAC,WY,ANM,WE,Federal Contract Tower,21,9,25,1,56,0,0,6,1,7,21,9,31,2,63,6,0,6,69
05/27/2008,JAC,WY,ANM,WE,Federal Contract Tower,19,23,14,2,58,0,0,12,1,13,19,23,26,3,71,94,0,94,165
05/28/2008,JAC,WY,ANM,WE,Federal Contract Tower,19,20,29,0,68,0,2,24,0,26,19,22,53,0,94,66,0,66,160
05/29/2008,JAC,WY,ANM,WE,Federal Contract Tower,19,18,26,0,63,0,1,14,1,16,19,19,40,1,79,10,0,10,89
05/30/2008,JAC,WY,ANM,WE,Federal Contract Tower,20,13,6,0,39,0,0,19,0,19,20,13,25,0,58,22,0,22,80
05/31/2008,JAC,WY,ANM,WE,Federal Contract Tower,19,7,19,0,45,0,0,20,5,25,19,7,39,5,70,24,0,24,94
06/01/2008,JAC,WY,ANM,WE,Federal Contract Tower,22,14,20,0,56,0,1,10,0,11,22,15,30,0,67,20,0,20,87
06/02/2008,JAC,WY,ANM,WE,Federal Contract Tower,21,15,21,0,57,0,0,18,0,18,21,15,39,0,75,40,0,40,115
06/03/2008,JAC,WY,ANM,WE,Federal Contract Tower,19,15,15,0,49,0,1,4,0,5,19,16,19,0,54,0,0,0,54
06/04/2008,JAC,WY,ANM,WE,Federal Contract Tower,20,16,20,0,56,0,0,17,0,17,20,16,37,0,73,58,0,58,131
06/05/2008,JAC,WY,ANM,WE,Federal Contract Tower,27,19,17,0,63,0,1,9,0,10,27,20,26,0,73,0,0,0,73
06/06/2008,JAC,WY,ANM,WE,Federal Contract Tower,30,16,21,0,67,0,0,14,0,14,30,16,35,0,81,42,0,42,123
06/07/2008,JAC,WY,ANM,WE,Federal Contract Tower,36,13,17,0,66,0,0,14,0,14,36,13,31,0,80,36,0,36,116
06/08/2008,JAC,WY,ANM,WE,Federal Contract Tower,32,13,19,0,64,0,0,14,0,14,32,13,33,0,78,40,0,40,118
06/09/2008,JAC,WY,ANM,WE,Federal Contract Tower,27,21,13,0,61,1,0,23,0,24,28,21,36,0,85,30,0,30,115
06/10/2008,JAC,WY,ANM,WE,Federal Contract Tower,27,18,32,0,77,0,0,13,0,13,27,18,45,0,90,4,0,4,94
06/11/2008,JAC,WY,ANM,WE,Federal Contract Tower,29,24,16,0,69,0,1,1,0,2,29,25,17,0,71,0,0,0,71
06/12/2008,JAC,WY,ANM,WE,Federal Contract Tower,30,22,24,0,76,0,0,4,0,4,30,22,28,0,80,0,0,0,80
06/13/2008,JAC,WY,ANM,WE,Federal Contract Tower,36,21,33,0,90,0,4,32,0,36,36,25,65,0,126,20,0,20,146
06/14/2008,JAC,WY,ANM,WE,Federal Contract Tower,40,24,15,0,79,1,3,39,0,43,41,27,54,0,122,18,0,18,140
06/15/2008,JAC,WY,ANM,WE,Federal Contract Tower,37,18,22,0,77,0,3,35,0,38,37,21,57,0,115,0,0,0,115
06/16/2008,JAC,WY,ANM,WE,Federal Contract Tower,31,14,17,0,62,0,2,39,0,41,31,16,56,0,103,38,0,38,141
06/17/2008,JAC,WY,ANM,WE,Federal Contract Tower,30,32,19,1,82,0,1,37,0,38,30,33,56,1,120,12,0,12,132
06/18/2008,JAC,WY,ANM,WE,Federal Contract Tower,34,31,27,0,92,0,2,15,2,19,34,33,42,2,111,6,0,6,117
06/19/2008,JAC,WY,ANM,WE,Federal Contract Tower,31,20,20,0,71,2,0,26,1,29,33,20,46,1,100,6,0,6,106
06/20/2008,JAC,WY,ANM,WE,Federal Contract Tower,34,28,19,0,81,0,1,25,1,27,34,29,44,1,108,0,0,0,108
06/21/2008,JAC,WY,ANM,WE,Federal Contract Tower,39,24,16,2,81,0,4,26,0,30,39,28,42,2,111,2,0,2,113
06/22/2008,JAC,WY,ANM,WE,Federal Contract Tower,38,25,23,0,86,0,0,16,0,16,38,25,39,0,102,4,0,4,106
06/23/2008,JAC,WY,ANM,WE,Federal Contract Tower,31,21,25,0,77,0,2,31,0,33,31,23,56,0,110,46,0,46,156
06/24/2008,JAC,WY,ANM,WE,Federal Contract Tower,30,27,26,0,83,0,1,22,0,23,30,28,48,0,106,6,0,6,112
06/25/2008,JAC,WY,ANM,WE,Federal Contract Tower,31,28,24,0,83,0,3,27,0,30,31,31,51,0,113,16,0,16,129
06/26/2008,JAC,WY,ANM,WE,Federal Contract Tower,31,27,32,3,93,1,2,22,2,27,32,29,54,5,120,24,0,24,144
06/27/2008,JAC,WY,ANM,WE,Federal Contract Tower,32,25,27,2,86,0,3,31,0,34,32,28,58,2,120,34,0,34,154
06/28/2008,JAC,WY,ANM,WE,Federal Contract Tower,37,22,24,0,83,1,4,40,0,45,38,26,64,0,128,4,0,4,132
06/29/2008,JAC,WY,ANM,WE,Federal Contract Tower,39,19,37,0,95,0,1,46,0,47,39,20,83,0,142,12,0,12,154
06/30/2008,JAC,WY,ANM,WE,Federal Contract Tower,31,29,29,0,89,0,1,31,0,32,31,30,60,0,121,0,0,0,121
07/01/2008,JAC,WY,ANM,WE,Federal Contract Tower,29,24,32,0,85,29,24,32,0,85,58,48,64,0,170,20,0,20,190
07/02/2008,JAC,WY,ANM,WE,Federal Contract Tower,32,17,66,0,115,0,0,0,0,0,32,17,66,0,115,16,0,16,131
07/03/2008,JAC,WY,ANM,WE,Federal Contract Tower,32,26,69,5,132,0,0,0,0,0,32,26,69,5,132,32,0,32,164
07/04/2008,JAC,WY,ANM,WE,Federal Contract Tower,28,6,11,3,48,0,0,12,0,12,28,6,23,3,60,18,0,18,78
07/05/2008,JAC,WY,ANM,WE,Federal Contract Tower,37,18,16,0,71,0,3,13,2,18,37,21,29,2,89,0,0,0,89
07/06/2008,JAC,WY,ANM,WE,Federal Contract Tower,36,35,46,0,117,0,3,24,4,31,36,38,70,4,148,0,0,0,148
07/07/2008,JAC,WY,ANM,WE,Federal Contract Tower,31,31,35,3,100,0,2,27,2,31,31,33,62,5,131,6,0,6,137
07/08/2008,JAC,WY,ANM,WE,Federal Contract Tower,27,17,18,0,62,1,5,26,0,32,28,22,44,0,94,0,0,0,94
07/09/2008,JAC,WY,ANM,WE,Federal Contract Tower,31,31,29,0,91,0,5,29,0,34,31,36,58,0,125,6,6,12,137
07/10/2008,JAC,WY,ANM,WE,Federal Contract Tower,30,29,28,0,87,0,4,16,1,21,30,33,44,1,108,6,0,6,114
07/11/2008,JAC,WY,ANM,WE,Federal Contract Tower,30,23,26,0,79,0,2,28,0,30,30,25,54,0,109,12,0,12,121
07/12/2008,JAC,WY,ANM,WE,Federal Contract Tower,38,37,26,2,103,1,1,24,0,26,39,38,50,2,129,36,0,36,165
07/13/2008,JAC,WY,ANM,WE,Federal Contract Tower,39,28,39,0,106,0,0,35,0,35,39,28,74,0,141,8,0,8,149
07/14/2008,JAC,WY,ANM,WE,Federal Contract Tower,31,26,9,0,66,0,1,43,0,44,31,27,52,0,110,12,0,12,122
07/15/2008,JAC,WY,ANM,WE,Federal Contract Tower,28,25,27,0,80,1,4,29,0,34,29,29,56,0,114,0,0,0,114
07/16/2008,JAC,WY,ANM,WE,Federal Contract Tower,28,43,24,0,95,0,1,24,0,25,28,44,48,0,120,2,2,4,124
07/17/2008,JAC,WY,ANM,WE,Federal Contract Tower,31,36,24,0,91,0,1,38,0,39,31,37,62,0,130,22,0,22,152
07/18/2008,JAC,WY,ANM,WE,Federal Contract Tower,32,30,30,0,92,0,0,32,0,32,32,30,62,0,124,18,0,18,142
07/19/2008,JAC,WY,ANM,WE,Federal Contract Tower,41,23,20,0,84,0,0,26,0,26,41,23,46,0,110,8,0,8,118
07/20/2008,JAC,WY,ANM,WE,Federal Contract Tower,34,42,40,0,116,0,1,21,0,22,34,43,61,0,138,0,0,0,138
07/21/2008,JAC,WY,ANM,WE,Federal Contract Tower,33,22,31,0,86,0,2,33,0,35,33,24,64,0,121,18,0,18,139
07/22/2008,JAC,WY,ANM,WE,Federal Contract Tower,29,20,30,0,79,1,0,25,0,26,30,20,55,0,105,14,0,14,119
07/23/2008,JAC,WY,ANM,WE,Federal Contract Tower,30,18,40,0,88,0,1,54,0,55,30,19,94,0,143,50,0,50,193
07/24/2008,JAC,WY,ANM,WE,Federal Contract Tower,33,25,29,0,87,1,2,51,0,54,34,27,80,0,141,4,0,4,145
07/25/2008,JAC,WY,ANM,WE,Federal Contract Tower,31,22,44,4,101,1,5,39,0,45,32,27,83,4,146,6,0,6,152
07/26/2008,JAC,WY,ANM,WE,Federal Contract Tower,39,14,26,0,79,1,0,44,0,45,40,14,70,0,124,16,0,16,140
07/27/2008,JAC,WY,ANM,WE,Federal Contract Tower,39,28,37,0,104,0,1,35,0,36,39,29,72,0,140,20,0,20,160
07/28/2008,JAC,WY,ANM,WE,Federal Contract Tower,29,25,28,0,82,0,2,37,0,39,29,27,65,0,121,34,0,34,155
07/29/2008,JAC,WY,ANM,WE,Federal Contract Tower,25,22,15,0,62,0,1,33,0,34,25,23,48,0,96,0,0,0,96
07/30/2008,JAC,WY,ANM,WE,Federal Contract Tower,32,35,30,0,97,0,3,33,0,36,32,38,63,0,133,8,0,8,141
07/31/2008,JAC,WY,ANM,WE,Federal Contract Tower,30,21,41,0,92,0,1,32,0,33,30,22,73,0,125,6,0,6,131
08/01/2008,JAC,WY,ANM,WE,Federal Contract Tower,33,28,40,4,105,0,0,41,0,41,33,28,81,4,146,30,0,30,176
08/02/2008,JAC,WY,ANM,WE,Federal Contract Tower,40,29,24,1,94,0,1,29,0,30,40,30,53,1,124,0,0,0,124
08/03/2008,JAC,WY,ANM,WE,Federal Contract Tower,35,34,47,0,116,0,0,24,0,24,35,34,71,0,140,0,0,0,140
08/04/2008,JAC,WY,ANM,WE,Federal Contract Tower,31,18,28,1,78,1,2,51,1,55,32,20,79,2,133,18,0,18,151
08/05/2008,JAC,WY,ANM,WE,Federal Contract Tower,29,27,24,0,80,0,2,28,2,32,29,29,52,2,112,24,0,24,136
08/06/2008,JAC,WY,ANM,WE,Federal Contract Tower,30,22,42,0,94,1,2,29,0,32,31,24,71,0,126,26,0,26,152
08/07/2008,JAC,WY,ANM,WE,Federal Contract Tower,32,27,39,0,98,2,2,33,0,37,34,29,72,0,135,50,0,50,185
08/08/2008,JAC,WY,ANM,WE,Federal Contract Tower,33,36,20,0,89,0,2,12,1,15,33,38,32,1,104,0,0,0,104
08/09/2008,JAC,WY,ANM,WE,Federal Contract Tower,44,24,34,0,102,2,3,26,0,31,46,27,60,0,133,18,0,18,151
08/10/2008,JAC,WY,ANM,WE,Federal Contract Tower,39,47,44,0,130,0,0,17,0,17,39,47,61,0,147,0,0,0,147
08/11/2008,JAC,WY,ANM,WE,Federal Contract Tower,30,25,22,0,77,1,2,17,0,20,31,27,39,0,97,0,0,0,97
08/12/2008,JAC,WY,ANM,WE,Federal Contract Tower,29,22,29,1,81,0,1,38,2,41,29,23,67,3,122,14,10,24,146
08/13/2008,JAC,WY,ANM,WE,Federal Contract Tower,31,36,31,4,102,1,1,41,3,46,32,37,72,7,148,24,0,24,172
08/14/2008,JAC,WY,ANM,WE,Federal Contract Tower,31,29,39,0,99,0,1,39,2,42,31,30,78,2,141,32,0,32,173
08/15/2008,JAC,WY,ANM,WE,Federal Contract Tower,31,32,25,2,90,0,3,37,1,41,31,35,62,3,131,0,0,0,131
08/16/2008,JAC,WY,ANM,WE,Federal Contract Tower,40,29,35,0,104,1,1,26,0,28,41,30,61,0,132,24,0,24,156
08/17/2008,JAC,WY,ANM,WE,Federal Contract Tower,37,38,42,3,120,0,0,58,1,59,37,38,100,4,179,8,0,8,187
08/18/2008,JAC,WY,ANM,WE,Federal Contract Tower,32,23,32,0,87,0,3,39,2,44,32,26,71,2,131,0,0,0,131
08/19/2008,JAC,WY,ANM,WE,Federal Contract Tower,34,28,24,1,87,0,5,36,0,41,34,33,60,1,128,38,0,38,166
08/20/2008,JAC,WY,ANM,WE,Federal Contract Tower,31,24,36,0,91,0,4,24,3,31,31,28,60,3,122,28,0,28,150
08/21/2008,JAC,WY,ANM,WE,Federal Contract Tower,31,22,22,0,75,1,9,25,0,35,32,31,47,0,110,26,0,26,136
08/22/2008,JAC,WY,ANM,WE,Federal Contract Tower,32,29,23,0,84,0,1,41,2,44,32,30,64,2,128,2,0,2,130
08/23/2008,JAC,WY,ANM,WE,Federal Contract Tower,40,22,23,0,85,0,5,23,0,28,40,27,46,0,113,0,0,0,113
08/24/2008,JAC,WY,ANM,WE,Federal Contract Tower,39,24,37,0,100,0,0,35,2,37,39,24,72,2,137,30,0,30,167
08/25/2008,JAC,WY,ANM,WE,Federal Contract Tower,32,19,20,1,72,0,4,35,3,42,32,23,55,4,114,26,0,26,140
08/26/2008,JAC,WY,ANM,WE,Federal Contract Tower,29,21,22,1,73,1,1,16,4,22,30,22,38,5,95,4,0,4,99
08/27/2008,JAC,WY,ANM,WE,Federal Contract Tower,31,27,31,2,91,0,2,23,0,25,31,29,54,2,116,16,0,16,132
08/28/2008,JAC,WY,ANM,WE,Federal Contract Tower,33,25,28,0,86,0,3,43,2,48,33,28,71,2,134,14,0,14,148
08/29/2008,JAC,WY,ANM,WE,Federal Contract Tower,31,26,34,3,94,1,3,35,2,41,32,29,69,5,135,6,0,6,141
08/30/2008,JAC,WY,ANM,WE,Federal Contract Tower,34,17,20,6,77,1,5,36,2,44,35,22,56,8,121,0,0,0,121
08/31/2008,JAC,WY,ANM,WE,Federal Contract Tower,32,18,21,0,71,0,0,15,0,15,32,18,36,0,86,0,0,0,86
09/01/2008,JAC,WY,ANM,WE,Federal Contract Tower,33,49,34,1,117,0,0,4,0,4,33,49,38,1,121,0,0,0,121
09/02/2008,JAC,WY,ANM,WE,Federal Contract Tower,23,22,24,2,71,1,2,37,0,40,24,24,61,2,111,32,0,32,143
09/03/2008,JAC,WY,ANM,WE,Federal Contract Tower,24,16,20,0,60,0,3,35,0,38,24,19,55,0,98,12,2,14,112
09/04/2008,JAC,WY,ANM,WE,Federal Contract Tower,25,20,25,0,70,0,4,43,0,47,25,24,68,0,117,16,0,16,133
09/05/2008,JAC,WY,ANM,WE,Federal Contract Tower,24,24,24,1,73,0,1,28,0,29,24,25,52,1,102,0,0,0,102
09/06/2008,JAC,WY,ANM,WE,Federal Contract Tower,22,16,19,0,57,1,3,25,0,29,23,19,44,0,86,28,0,28,114
09/07/2008,JAC,WY,ANM,WE,Federal Contract Tower,27,23,23,0,73,1,0,25,0,26,28,23,48,0,99,8,0,8,107
09/08/2008,JAC,WY,ANM,WE,Federal Contract Tower,23,25,19,0,67,0,1,37,0,38,23,26,56,0,105,24,0,24,129
09/09/2008,JAC,WY,ANM,WE,Federal Contract Tower,18,17,22,0,57,0,3,29,0,32,18,20,51,0,89,46,0,46,135
09/10/2008,JAC,WY,ANM,WE,Federal Contract Tower,20,20,29,0,69,0,1,16,0,17,20,21,45,0,86,6,0,6,92
09/11/2008,JAC,WY,ANM,WE,Federal Contract Tower,21,20,30,0,71,0,1,26,0,27,21,21,56,0,98,14,0,14,112
09/12/2008,JAC,WY,ANM,WE,Federal Contract Tower,19,14,14,0,47,0,1,44,0,45,19,15,58,0,92,6,0,6,98
09/13/2008,JAC,WY,ANM,WE,Federal Contract Tower,20,15,16,0,51,0,1,33,0,34,20,16,49,0,85,2,0,2,87
09/14/2008,JAC,WY,ANM,WE,Federal Contract Tower,25,26,24,0,75,0,0,35,0,35,25,26,59,0,110,0,0,0,110
09/15/2008,JAC,WY,ANM,WE,Federal Contract Tower,20,18,20,0,58,1,0,39,0,40,21,18,59,0,98,34,0,34,132
09/16/2008,JAC,WY,ANM,WE,Federal Contract Tower,20,10,22,0,52,0,2,35,2,39,20,12,57,2,91,22,0,22,113
09/17/2008,JAC,WY,ANM,WE,Federal Contract Tower,19,16,26,0,61,0,7,28,0,35,19,23,54,0,96,2,0,2,98
09/18/2008,JAC,WY,ANM,WE,Federal Contract Tower,19,22,40,0,81,1,0,32,0,33,20,22,72,0,114,34,0,34,148
09/19/2008,JAC,WY,ANM,WE,Federal Contract Tower,19,28,25,0,72,0,1,30,2,33,19,29,55,2,105,4,0,4,109
09/20/2008,JAC,WY,ANM,WE,Federal Contract Tower,18,12,21,0,51,0,1,16,0,17,18,13,37,0,68,0,0,0,68
09/21/2008,JAC,WY,ANM,WE,Federal Contract Tower,23,13,36,0,72,0,3,9,0,12,23,16,45,0,84,2,0,2,86
09/22/2008,JAC,WY,ANM,WE,Federal Contract Tower,21,16,32,0,69,0,4,14,0,18,21,20,46,0,87,0,0,0,87
09/23/2008,JAC,WY,ANM,WE,Federal Contract Tower,19,23,28,0,70,0,1,14,0,15,19,24,42,0,85,22,0,22,107
09/24/2008,JAC,WY,ANM,WE,Federal Contract Tower,21,25,19,0,65,0,4,32,0,36,21,29,51,0,101,6,0,6,107
09/25/2008,JAC,WY,ANM,WE,Federal Contract Tower,21,20,25,2,68,0,0,44,3,47,21,20,69,5,115,16,0,16,131
09/26/2008,JAC,WY,ANM,WE,Federal Contract Tower,23,25,31,2,81,0,1,56,0,57,23,26,87,2,138,0,0,0,138
09/27/2008,JAC,WY,ANM,WE,Federal Contract Tower,19,17,18,0,54,0,2,48,0,50,19,19,66,0,104,46,0,46,150
09/28/2008,JAC,WY,ANM,WE,Federal Contract Tower,24,17,25,0,66,0,1,26,0,27,24,18,51,0,93,16,0,16,109
09/29/2008,JAC,WY,ANM,WE,Federal Contract Tower,19,18,18,0,55,0,0,19,3,22,19,18,37,3,77,2,0,2,79
09/30/2008,JAC,WY,ANM,WE,Federal Contract Tower,19,13,10,0,42,0,3,43,0,46,19,16,53,0,88,6,0,6,94
10/01/2008,JAC,WY,ANM,WE,Federal Contract Tower,9,17,9,0,35,0,3,22,0,25,9,20,31,0,60,4,0,4,64
10/02/2008,JAC,WY,ANM,WE,Federal Contract Tower,11,20,28,0,59,0,13,9,0,22,11,33,37,0,81,0,0,0,81
10/03/2008,JAC,WY,ANM,WE,Federal Contract Tower,10,17,24,0,51,0,1,18,0,19,10,18,42,0,70,6,0,6,76
10/04/2008,JAC,WY,ANM,WE,Federal Contract Tower,10,9,4,0,23,0,1,1,0,2,10,10,5,0,25,0,0,0,25
10/05/2008,JAC,WY,ANM,WE,Federal Contract Tower,9,17,24,0,50,0,0,3,0,3,9,17,27,0,53,0,0,0,53
10/06/2008,JAC,WY,ANM,WE,Federal Contract Tower,10,16,19,2,47,0,3,9,0,12,10,19,28,2,59,0,0,0,59
10/07/2008,JAC,WY,ANM,WE,Federal Contract Tower,10,14,13,4,41,0,1,13,0,14,10,15,26,4,55,2,8,10,65
10/08/2008,JAC,WY,ANM,WE,Federal Contract Tower,10,14,15,0,39,0,3,24,0,27,10,17,39,0,66,0,0,0,66
10/09/2008,JAC,WY,ANM,WE,Federal Contract Tower,10,16,24,0,50,0,2,7,0,9,10,18,31,0,59,30,0,30,89
10/10/2008,JAC,WY,ANM,WE,Federal Contract Tower,9,26,25,0,60,0,2,2,0,4,9,28,27,0,64,0,0,0,64
10/11/2008,JAC,WY,ANM,WE,Federal Contract Tower,5,10,9,0,24,0,0,0,0,0,5,10,9,0,24,0,0,0,24
10/12/2008,JAC,WY,ANM,WE,Federal Contract Tower,13,9,6,0,28,0,0,0,0,0,13,9,6,0,28,0,0,0,28
10/13/2008,JAC,WY,ANM,WE,Federal Contract Tower,9,22,26,0,57,0,2,13,0,15,9,24,39,0,72,0,0,0,72
10/14/2008,JAC,WY,ANM,WE,Federal Contract Tower,10,16,20,0,46,0,1,17,0,18,10,17,37,0,64,0,0,0,64
10/15/2008,JAC,WY,ANM,WE,Federal Contract Tower,11,22,9,2,44,0,0,16,0,16,11,22,25,2,60,0,6,6,66
10/16/2008,JAC,WY,ANM,WE,Federal Contract Tower,10,19,21,0,50,0,0,12,0,12,10,19,33,0,62,14,0,14,76
10/17/2008,JAC,WY,ANM,WE,Federal Contract Tower,10,9,19,0,38,0,4,25,0,29,10,13,44,0,67,0,0,0,67
10/18/2008,JAC,WY,ANM,WE,Federal Contract Tower,10,7,10,0,27,0,1,21,0,22,10,8,31,0,49,6,0,6,55
10/19/2008,JAC,WY,ANM,WE,Federal Contract Tower,9,7,14,0,30,0,0,14,0,14,9,7,28,0,44,2,0,2,46
10/20/2008,JAC,WY,ANM,WE,Federal Contract Tower,12,12,12,0,36,0,2,15,0,17,12,14,27,0,53,0,0,0,53
10/21/2008,JAC,WY,ANM,WE,Federal Contract Tower,11,22,6,0,39,0,1,0,0,1,11,23,6,0,40,0,0,0,40
10/22/2008,JAC,WY,ANM,WE,Federal Contract Tower,11,8,18,0,37,0,3,28,0,31,11,11,46,0,68,16,0,16,84
10/23/2008,JAC,WY,ANM,WE,Federal Contract Tower,10,13,20,0,43,0,2,27,0,29,10,15,47,0,72,10,0,10,82
10/24/2008,JAC,WY,ANM,WE,Federal Contract Tower,10,10,16,0,36,1,6,19,0,26,11,16,35,0,62,36,0,36,98
10/25/2008,JAC,WY,ANM,WE,Federal Contract Tower,13,2,6,0,21,0,2,10,0,12,13,4,16,0,33,18,0,18,51
10/26/2008,JAC,WY,ANM,WE,Federal Contract Tower,9,7,22,0,38,0,0,27,0,27,9,7,49,0,65,4,0,4,69
10/27/2008,JAC,WY,ANM,WE,Federal Contract Tower,10,9,22,0,41,0,3,10,0,13,10,12,32,0,54,14,0,14,68
10/28/2008,JAC,WY,ANM,WE,Federal Contract Tower,10,11,8,0,29,0,1,16,0,17,10,12,24,0,46,22,0,22,68
10/29/2008,JAC,WY,ANM,WE,Federal Contract Tower,10,10,7,0,27,0,3,18,0,21,10,13,25,0,48,2,0,2,50
10/30/2008,JAC,WY,ANM,WE,Federal Contract Tower,9,9,6,0,24,0,1,9,0,10,9,10,15,0,34,16,0,16,50
10/31/2008,JAC,WY,ANM,WE,Federal Contract Tower,10,8,11,0,29,0,1,11,0,12,10,9,22,0,41,0,0,0,41
11/01/2008,JAC,WY,ANM,WE,Federal Contract Tower,9,5,10,2,26,0,0,0,0,0,9,5,10,2,26,0,0,0,26
11/02/2008,JAC,WY,ANM,WE,Federal Contract Tower,5,8,12,0,25,0,0,0,0,0,5,8,12,0,25,0,0,0,25
11/03/2008,JAC,WY,ANM,WE,Federal Contract Tower,6,17,14,0,37,0,0,3,0,3,6,17,17,0,40,2,0,2,42
11/04/2008,JAC,WY,ANM,WE,Federal Contract Tower,5,15,11,0,31,0,0,0,0,0,5,15,11,0,31,0,0,0,31
11/05/2008,JAC,WY,ANM,WE,Federal Contract Tower,6,21,10,0,37,0,0,2,0,2,6,21,12,0,39,4,0,4,43
11/06/2008,JAC,WY,ANM,WE,Federal Contract Tower,6,14,13,0,33,0,1,23,0,24,6,15,36,0,57,0,0,0,57
11/07/2008,JAC,WY,ANM,WE,Federal Contract Tower,7,17,7,0,31,0,0,2,0,2,7,17,9,0,33,6,0,6,39
11/08/2008,JAC,WY,ANM,WE,Federal Contract Tower,6,15,9,0,30,0,0,2,0,2,6,15,11,0,32,0,0,0,32
11/09/2008,JAC,WY,ANM,WE,Federal Contract Tower,6,8,5,0,19,0,0,2,0,2,6,8,7,0,21,6,0,6,27
11/10/2008,JAC,WY,ANM,WE,Federal Contract Tower,5,17,14,0,36,0,1,0,0,1,5,18,14,0,37,0,0,0,37
11/11/2008,JAC,WY,ANM,WE,Federal Contract Tower,5,15,19,0,39,0,0,2,0,2,5,15,21,0,41,0,0,0,41
11/12/2008,JAC,WY,ANM,WE,Federal Contract Tower,7,17,19,0,43,0,0,0,0,0,7,17,19,0,43,0,0,0,43
11/13/2008,JAC,WY,ANM,WE,Federal Contract Tower,8,16,8,0,32,0,0,3,0,3,8,16,11,0,35,0,0,0,35
11/14/2008,JAC,WY,ANM,WE,Federal Contract Tower,7,18,7,0,32,0,1,17,0,18,7,19,24,0,50,0,0,0,50
11/15/2008,JAC,WY,ANM,WE,Federal Contract Tower,7,6,5,0,18,0,1,21,0,22,7,7,26,0,40,0,0,0,40
11/16/2008,JAC,WY,ANM,WE,Federal Contract Tower,7,9,10,0,26,0,0,16,0,16,7,9,26,0,42,2,0,2,44
11/17/2008,JAC,WY,ANM,WE,Federal Contract Tower,6,13,9,0,28,0,2,24,0,26,6,15,33,0,54,0,2,2,56
11/18/2008,JAC,WY,ANM,WE,Federal Contract Tower,5,13,7,2,27,0,2,11,0,13,5,15,18,2,40,4,2,6,46
11/19/2008,JAC,WY,ANM,WE,Federal Contract Tower,6,12,6,0,24,0,0,11,1,12,6,12,17,1,36,0,0,0,36
11/20/2008,JAC,WY,ANM,WE,Federal Contract Tower,7,25,7,1,40,0,3,14,0,17,7,28,21,1,57,0,0,0,57
11/21/2008,JAC,WY,ANM,WE,Federal Contract Tower,7,16,14,0,37,0,0,8,0,8,7,16,22,0,45,0,0,0,45
11/22/2008,JAC,WY,ANM,WE,Federal Contract Tower,6,16,10,0,32,0,1,13,0,14,6,17,23,0,46,0,0,0,46
11/23/2008,JAC,WY,ANM,WE,Federal Contract Tower,7,8,2,0,17,0,0,2,0,2,7,8,4,0,19,2,0,2,21
11/24/2008,JAC,WY,ANM,WE,Federal Contract Tower,6,15,6,0,27,0,4,17,0,21,6,19,23,0,48,0,0,0,48
11/25/2008,JAC,WY,ANM,WE,Federal Contract Tower,6,21,16,0,43,0,2,23,0,25,6,23,39,0,68,2,0,2,70
11/26/2008,JAC,WY,ANM,WE,Federal Contract Tower,6,21,10,0,37,0,3,8,0,11,6,24,18,0,48,10,0,10,58
11/27/2008,JAC,WY,ANM,WE,Federal Contract Tower,5,5,2,0,12,0,0,8,0,8,5,5,10,0,20,0,0,0,20
11/28/2008,JAC,WY,ANM,WE,Federal Contract Tower,4,15,9,0,28,0,0,3,0,3,4,15,12,0,31,0,0,0,31
11/29/2008,JAC,WY,ANM,WE,Federal Contract Tower,6,20,9,0,35,0,0,0,0,0,6,20,9,0,35,0,0,0,35
11/30/2008,JAC,WY,ANM,WE,Federal Contract Tower,6,20,15,0,41,0,0,0,0,0,6,20,15,0,41,0,0,0,41
12/01/2008,JAC,WY,ANM,WE,Federal Contract Tower,6,22,8,0,36,0,1,1,0,2,6,23,9,0,38,0,0,0,38
12/02/2008,JAC,WY,ANM,WE,Federal Contract Tower,5,21,19,0,45,0,0,3,0,3,5,21,22,0,48,2,0,2,50
12/03/2008,JAC,WY,ANM,WE,Federal Contract Tower,6,26,6,0,38,0,1,2,0,3,6,27,8,0,41,4,0,4,45
12/04/2008,JAC,WY,ANM,WE,Federal Contract Tower,6,16,8,0,30,0,6,6,0,12,6,22,14,0,42,6,0,6,48
12/05/2008,JAC,WY,ANM,WE,Federal Contract Tower,6,20,13,0,39,0,2,18,0,20,6,22,31,0,59,6,0,6,65
12/06/2008,JAC,WY,ANM,WE,Federal Contract Tower,6,11,7,0,24,0,3,2,0,5,6,14,9,0,29,0,0,0,29
12/07/2008,JAC,WY,ANM,WE,Federal Contract Tower,6,14,15,0,35,0,0,11,0,11,6,14,26,0,46,4,0,4,50
12/08/2008,JAC,WY,ANM,WE,Federal Contract Tower,6,15,10,0,31,0,0,2,0,2,6,15,12,0,33,0,0,0,33
12/09/2008,JAC,WY,ANM,WE,Federal Contract Tower,6,17,7,0,30,0,1,7,0,8,6,18,14,0,38,16,0,16,54
12/10/2008,JAC,WY,ANM,WE,Federal Contract Tower,6,12,11,0,29,0,0,4,0,4,6,12,15,0,33,6,0,6,39
12/11/2008,JAC,WY,ANM,WE,Federal Contract Tower,6,19,17,0,42,0,0,31,0,31,6,19,48,0,73,6,0,6,79
12/12/2008,JAC,WY,ANM,WE,Federal Contract Tower,7,20,18,0,45,0,1,9,0,10,7,21,27,0,55,2,0,2,57
12/13/2008,JAC,WY,ANM,WE,Federal Contract Tower,5,14,10,0,29,0,1,1,0,2,5,15,11,0,31,0,0,0,31
12/14/2008,JAC,WY,ANM,WE,Federal Contract Tower,7,9,12,0,28,0,0,1,0,1,7,9,13,0,29,0,0,0,29
12/15/2008,JAC,WY,ANM,WE,Federal Contract Tower,6,23,13,0,42,0,0,0,0,0,6,23,13,0,42,0,0,0,42
12/16/2008,JAC,WY,ANM,WE,Federal Contract Tower,7,14,4,2,27,0,0,1,0,1,7,14,5,2,28,0,0,0,28
12/17/2008,JAC,WY,ANM,WE,Federal Contract Tower,6,18,19,0,43,0,3,2,0,5,6,21,21,0,48,0,0,0,48
12/18/2008,JAC,WY,ANM,WE,Federal Contract Tower,18,18,20,0,56,0,1,7,0,8,18,19,27,0,64,4,0,4,68
12/19/2008,JAC,WY,ANM,WE,Federal Contract Tower,17,25,19,4,65,0,0,0,0,0,17,25,19,4,65,0,0,0,65
12/20/2008,JAC,WY,ANM,WE,Federal Contract Tower,23,36,23,1,83,0,0,1,0,1,23,36,24,1,84,0,0,0,84
12/21/2008,JAC,WY,ANM,WE,Federal Contract Tower,21,7,13,0,41,0,0,0,0,0,21,7,13,0,41,0,0,0,41
12/22/2008,JAC,WY,ANM,WE,Federal Contract Tower,12,18,35,0,65,0,0,0,0,0,12,18,35,0,65,0,0,0,65
12/23/2008,JAC,WY,ANM,WE,Federal Contract Tower,24,40,25,0,89,0,0,0,0,0,24,40,25,0,89,0,0,0,89
12/24/2008,JAC,WY,ANM,WE,Federal Contract Tower,18,21,17,0,56,0,0,7,0,7,18,21,24,0,63,10,0,10,73
12/25/2008,JAC,WY,ANM,WE,Federal Contract Tower,5,3,2,0,10,0,0,0,0,0,5,3,2,0,10,0,0,0,10
12/26/2008,JAC,WY,ANM,WE,Federal Contract Tower,18,29,50,0,97,0,2,3,0,5,18,31,53,0,102,0,0,0,102
12/27/2008,JAC,WY,ANM,WE,Federal Contract Tower,25,42,54,0,121,0,0,0,0,0,25,42,54,0,121,0,0,0,121
12/28/2008,JAC,WY,ANM,WE,Federal Contract Tower,21,24,26,0,71,0,0,0,0,0,21,24,26,0,71,0,0,0,71
12/29/2008,JAC,WY,ANM,WE,Federal Contract Tower,20,11,18,0,49,0,1,0,0,1,20,12,18,0,50,0,0,0,50
12/30/2008,JAC,WY,ANM,WE,Federal Contract Tower,22,28,30,0,80,0,0,7,0,7,22,28,37,0,87,2,0,2,89
12/31/2008,JAC,WY,ANM,WE,Federal Contract Tower,22,19,17,0,58,0,1,2,0,3,22,20,19,0,61,0,0,0,61
01/01/2009,JAC,WY,ANM,WE,Federal Contract Tower,21,1,14,5,41,0,0,0,0,0,21,1,14,5,41,0,0,0,41
01/02/2009,JAC,WY,ANM,WE,Federal Contract Tower,9,17,30,0,56,0,0,0,0,0,9,17,30,0,56,0,0,0,56
01/03/2009,JAC,WY,ANM,WE,Federal Contract Tower,22,48,62,0,132,2,1,11,0,14,24,49,73,0,146,0,0,0,146
01/04/2009,JAC,WY,ANM,WE,Federal Contract Tower,21,43,48,0,112,0,0,21,0,21,21,43,69,0,133,0,0,0,133
01/05/2009,JAC,WY,ANM,WE,Federal Contract Tower,9,20,17,0,46,0,0,0,0,0,9,20,17,0,46,0,0,0,46
01/06/2009,JAC,WY,ANM,WE,Federal Contract Tower,5,4,11,0,20,0,0,0,0,0,5,4,11,0,20,0,0,0,20
01/07/2009,JAC,WY,ANM,WE,Federal Contract Tower,19,14,13,0,46,0,0,0,0,0,19,14,13,0,46,0,0,0,46
01/08/2009,JAC,WY,ANM,WE,Federal Contract Tower,21,15,12,0,48,0,1,0,0,1,21,16,12,0,49,0,0,0,49
01/09/2009,JAC,WY,ANM,WE,Federal Contract Tower,20,20,15,0,55,0,0,8,0,8,20,20,23,0,63,2,0,2,65
01/10/2009,JAC,WY,ANM,WE,Federal Contract Tower,23,12,4,0,39,0,1,8,0,9,23,13,12,0,48,0,0,0,48
01/11/2009,JAC,WY,ANM,WE,Federal Contract Tower,22,6,19,0,47,0,0,0,0,0,22,6,19,0,47,0,0,0,47
01/12/2009,JAC,WY,ANM,WE,Federal Contract Tower,19,19,11,1,50,1,0,0,0,1,20,19,11,1,51,0,2,2,53
01/13/2009,JAC,WY,ANM,WE,Federal Contract Tower,19,10,14,0,43,1,0,9,0,10,20,10,23,0,53,2,0,2,55
01/14/2009,JAC,WY,ANM,WE,Federal Contract Tower,22,11,11,2,46,0,2,5,0,7,22,13,16,2,53,4,0,4,57
01/15/2009,JAC,WY,ANM,WE,Federal Contract Tower,24,20,12,4,60,0,4,23,0,27,24,24,35,4,87,0,0,0,87
01/16/2009,JAC,WY,ANM,WE,Federal Contract Tower,19,17,25,0,61,0,1,7,0,8,19,18,32,0,69,0,0,0,69
01/17/2009,JAC,WY,ANM,WE,Federal Contract Tower,22,19,12,0,53,0,4,13,0,17,22,23,25,0,70,10,0,10,80
01/18/2009,JAC,WY,ANM,WE,Federal Contract Tower,22,8,13,0,43,0,0,30,0,30,22,8,43,0,73,12,0,12,85
01/19/2009,JAC,WY,ANM,WE,Federal Contract Tower,21,39,27,3,90,0,3,17,4,24,21,42,44,7,114,14,0,14,128
01/20/2009,JAC,WY,ANM,WE,Federal Contract Tower,19,13,16,2,50,0,0,10,3,13,19,13,26,5,63,2,0,2,65
01/21/2009,JAC,WY,ANM,WE,Federal Contract Tower,20,17,13,0,50,0,0,16,3,19,20,17,29,3,69,0,0,0,69
01/22/2009,JAC,WY,ANM,WE,Federal Contract Tower,20,13,10,1,44,0,0,4,0,4,20,13,14,1,48,16,0,16,64
01/23/2009,JAC,WY,ANM,WE,Federal Contract Tower,18,6,10,2,36,0,0,2,4,6,18,6,12,6,42,0,0,0,42
01/24/2009,JAC,WY,ANM,WE,Federal Contract Tower,9,5,11,0,25,0,0,0,0,0,9,5,11,0,25,0,0,0,25
01/25/2009,JAC,WY,ANM,WE,Federal Contract Tower,18,7,20,0,45,0,0,0,0,0,18,7,20,0,45,0,0,0,45
01/26/2009,JAC,WY,ANM,WE,Federal Contract Tower,20,13,21,1,55,0,0,0,1,1,20,13,21,2,56,0,0,0,56
01/27/2009,JAC,WY,ANM,WE,Federal Contract Tower,19,15,21,1,56,1,1,7,0,9,20,16,28,1,65,6,0,6,71
01/28/2009,JAC,WY,ANM,WE,Federal Contract Tower,20,13,6,4,43,0,0,2,0,2,20,13,8,4,45,6,0,6,51
01/29/2009,JAC,WY,ANM,WE,Federal Contract Tower,19,14,23,2,58,0,1,13,0,14,19,15,36,2,72,16,0,16,88
01/30/2009,JAC,WY,ANM,WE,Federal Contract Tower,20,11,20,1,52,0,0,14,2,16,20,11,34,3,68,22,0,22,90
01/31/2009,JAC,WY,ANM,WE,Federal Contract Tower,21,9,6,0,36,0,1,7,0,8,21,10,13,0,44,16,0,16,60
02/01/2009,JAC,WY,ANM,WE,Federal Contract Tower,22,9,5,2,38,0,0,13,0,13,22,9,18,2,51,0,0,0,51
02/02/2009,JAC,WY,ANM,WE,Federal Contract Tower,18,16,15,0,49,0,0,3,0,3,18,16,18,0,52,0,0,0,52
02/03/2009,JAC,WY,ANM,WE,Federal Contract Tower,20,10,17,1,48,0,1,25,0,26,20,11,42,1,74,10,0,10,84
02/04/2009,JAC,WY,ANM,WE,Federal Contract Tower,25,4,16,0,45,0,1,23,2,26,25,5,39,2,71,10,0,10,81
02/05/2009,JAC,WY,ANM,WE,Federal Contract Tower,20,13,17,1,51,0,0,13,0,13,20,13,30,1,64,14,0,14,78
02/06/2009,JAC,WY,ANM,WE,Federal Contract Tower,20,9,7,0,36,0,0,0,0,0,20,9,7,0,36,0,0,0,36
02/07/2009,JAC,WY,ANM,WE,Federal Contract Tower,22,14,10,2,48,0,4,6,0,10,22,18,16,2,58,0,0,0,58
02/08/2009,JAC,WY,ANM,WE,Federal Contract Tower,23,7,16,0,46,0,0,10,0,10,23,7,26,0,56,14,0,14,70
02/09/2009,JAC,WY,ANM,WE,Federal Contract Tower,22,25,16,0,63,1,0,9,0,10,23,25,25,0,73,22,0,22,95
02/10/2009,JAC,WY,ANM,WE,Federal Contract Tower,20,8,9,0,37,0,0,21,0,21,20,8,30,0,58,12,0,12,70
02/11/2009,JAC,WY,ANM,WE,Federal Contract Tower,21,18,9,0,48,0,0,2,0,2,21,18,11,0,50,0,0,0,50
02/12/2009,JAC,WY,ANM,WE,Federal Contract Tower,23,21,18,0,62,0,5,40,0,45,23,26,58,0,107,12,0,12,119
02/13/2009,JAC,WY,ANM,WE,Federal Contract Tower,21,28,26,0,75,0,1,32,0,33,21,29,58,0,108,14,0,14,122
02/14/2009,JAC,WY,ANM,WE,Federal Contract Tower,23,30,13,0,66,0,0,5,0,5,23,30,18,0,71,4,0,4,75
02/15/2009,JAC,WY,ANM,WE,Federal Contract Tower,22,7,11,0,40,1,0,21,0,22,23,7,32,0,62,0,0,0,62
02/16/2009,JAC,WY,ANM,WE,Federal Contract Tower,20,23,35,0,78,0,1,10,0,11,20,24,45,0,89,4,0,4,93
02/17/2009,JAC,WY,ANM,WE,Federal Contract Tower,22,21,18,0,61,0,0,0,0,0,22,21,18,0,61,0,0,0,61
02/18/2009,JAC,WY,ANM,WE,Federal Contract Tower,21,23,9,0,53,0,0,0,0,0,21,23,9,0,53,0,0,0,53
02/19/2009,JAC,WY,ANM,WE,Federal Contract Tower,21,16,20,0,57,0,0,11,0,11,21,16,31,0,68,16,0,16,84
02/20/2009,JAC,WY,ANM,WE,Federal Contract Tower,22,18,10,0,50,0,0,6,0,6,22,18,16,0,56,16,0,16,72
02/21/2009,JAC,WY,ANM,WE,Federal Contract Tower,28,18,7,0,53,0,2,24,0,26,28,20,31,0,79,4,0,4,83
02/22/2009,JAC,WY,ANM,WE,Federal Contract Tower,21,15,14,0,50,0,0,9,0,9,21,15,23,0,59,10,0,10,69
02/23/2009,JAC,WY,ANM,WE,Federal Contract Tower,21,10,15,0,46,0,0,3,0,3,21,10,18,0,49,0,0,0,49
02/24/2009,JAC,WY,ANM,WE,Federal Contract Tower,22,11,5,0,38,0,1,1,0,2,22,12,6,0,40,0,0,0,40
02/25/2009,JAC,WY,ANM,WE,Federal Contract Tower,21,11,11,0,43,0,1,1,0,2,21,12,12,0,45,0,0,0,45
02/26/2009,JAC,WY,ANM,WE,Federal Contract Tower,21,13,10,0,44,0,1,1,0,2,21,14,11,0,46,0,0,0,46
02/27/2009,JAC,WY,ANM,WE,Federal Contract Tower,24,12,20,0,56,0,1,23,0,24,24,13,43,0,80,12,0,12,92
02/28/2009,JAC,WY,ANM,WE,Federal Contract Tower,25,14,14,1,54,1,1,14,0,16,26,15,28,1,70,16,8,24,94
03/01/2009,JAC,WY,ANM,WE,Federal Contract Tower,24,15,14,0,53,0,0,9,0,9,24,15,23,0,62,0,0,0,62
03/02/2009,JAC,WY,ANM,WE,Federal Contract Tower,22,14,17,0,53,0,3,11,0,14,22,17,28,0,67,0,0,0,67
03/03/2009,JAC,WY,ANM,WE,Federal Contract Tower,22,14,16,0,52,0,0,8,0,8,22,14,24,0,60,10,0,10,70
03/04/2009,JAC,WY,ANM,WE,Federal Contract Tower,22,18,20,0,60,0,1,4,0,5,22,19,24,0,65,0,0,0,65
03/05/2009,JAC,WY,ANM,WE,Federal Contract Tower,20,20,21,0,61,0,0,0,0,0,20,20,21,0,61,0,0,0,61
03/06/2009,JAC,WY,ANM,WE,Federal Contract Tower,20,15,25,0,60,0,0,1,0,1,20,15,26,0,61,0,0,0,61
03/07/2009,JAC,WY,ANM,WE,Federal Contract Tower,22,20,20,1,63,0,1,8,0,9,22,21,28,1,72,0,0,0,72
03/08/2009,JAC,WY,ANM,WE,Federal Contract Tower,22,11,20,0,53,0,0,0,0,0,22,11,20,0,53,0,0,0,53
03/09/2009,JAC,WY,ANM,WE,Federal Contract Tower,20,16,7,0,43,0,0,0,0,0,20,16,7,0,43,0,0,0,43
03/10/2009,JAC,WY,ANM,WE,Federal Contract Tower,23,9,15,0,47,0,1,0,0,1,23,10,15,0,48,0,0,0,48
03/11/2009,JAC,WY,ANM,WE,Federal Contract Tower,21,14,6,0,41,0,2,26,0,28,21,16,32,0,69,0,0,0,69
03/12/2009,JAC,WY,ANM,WE,Federal Contract Tower,23,9,15,0,47,0,1,29,0,30,23,10,44,0,77,0,0,0,77
03/13/2009,JAC,WY,ANM,WE,Federal Contract Tower,22,27,21,0,70,1,0,38,0,39,23,27,59,0,109,2,0,2,111
03/14/2009,JAC,WY,ANM,WE,Federal Contract Tower,26,21,17,0,64,1,2,22,0,25,27,23,39,0,89,6,0,6,95
03/15/2009,JAC,WY,ANM,WE,Federal Contract Tower,21,12,17,0,50,1,0,0,0,1,22,12,17,0,51,0,0,0,51
03/16/2009,JAC,WY,ANM,WE,Federal Contract Tower,22,9,23,0,54,0,1,2,0,3,22,10,25,0,57,0,0,0,57
03/17/2009,JAC,WY,ANM,WE,Federal Contract Tower,22,20,21,0,63,0,2,3,0,5,22,22,24,0,68,0,0,0,68
03/18/2009,JAC,WY,ANM,WE,Federal Contract Tower,23,13,14,0,50,0,3,17,0,20,23,16,31,0,70,8,0,8,78
03/19/2009,JAC,WY,ANM,WE,Federal Contract Tower,22,15,21,0,58,0,4,26,0,30,22,19,47,0,88,22,0,22,110
03/20/2009,JAC,WY,ANM,WE,Federal Contract Tower,22,13,18,0,53,0,3,22,0,25,22,16,40,0,78,14,0,14,92
03/21/2009,JAC,WY,ANM,WE,Federal Contract Tower,24,19,17,0,60,1,3,8,0,12,25,22,25,0,72,0,0,0,72
03/22/2009,JAC,WY,ANM,WE,Federal Contract Tower,21,11,25,0,57,0,0,4,0,4,21,11,29,0,61,0,0,0,61
03/23/2009,JAC,WY,ANM,WE,Federal Contract Tower,22,15,16,0,53,0,0,0,0,0,22,15,16,0,53,0,0,0,53
03/24/2009,JAC,WY,ANM,WE,Federal Contract Tower,22,21,14,0,57,0,0,0,0,0,22,21,14,0,57,0,0,0,57
03/25/2009,JAC,WY,ANM,WE,Federal Contract Tower,16,8,7,0,31,0,0,2,0,2,16,8,9,0,33,0,0,0,33
03/26/2009,JAC,WY,ANM,WE,Federal Contract Tower,18,14,14,0,46,0,1,9,0,10,18,15,23,0,56,10,0,10,66
03/27/2009,JAC,WY,ANM,WE,Federal Contract Tower,19,17,20,0,56,0,3,32,0,35,19,20,52,0,91,16,0,16,107
03/28/2009,JAC,WY,ANM,WE,Federal Contract Tower,26,17,10,0,53,0,0,2,0,2,26,17,12,0,55,4,0,4,59
03/29/2009,JAC,WY,ANM,WE,Federal Contract Tower,19,11,8,0,38,0,0,0,0,0,19,11,8,0,38,0,0,0,38
03/30/2009,JAC,WY,ANM,WE,Federal Contract Tower,17,16,8,0,41,0,0,14,0,14,17,16,22,0,55,12,0,12,67
03/31/2009,JAC,WY,ANM,WE,Federal Contract Tower,15,13,3,0,31,0,0,2,0,2,15,13,5,0,33,0,0,0,33
04/01/2009,JAC,WY,ANM,WE,Federal Contract Tower,17,10,5,0,32,0,0,6,0,6,17,10,11,0,38,0,0,0,38
04/02/2009,JAC,WY,ANM,WE,Federal Contract Tower,12,10,12,0,34,0,0,0,0,0,12,10,12,0,34,0,0,0,34
04/03/2009,JAC,WY,ANM,WE,Federal Contract Tower,15,24,10,0,49,0,1,2,0,3,15,25,12,0,52,0,0,0,52
04/04/2009,JAC,WY,ANM,WE,Federal Contract Tower,14,11,6,0,31,0,0,2,0,2,14,11,8,0,33,0,0,0,33
04/05/2009,JAC,WY,ANM,WE,Federal Contract Tower,12,13,11,0,36,0,1,29,0,30,12,14,40,0,66,8,0,8,74
04/06/2009,JAC,WY,ANM,WE,Federal Contract Tower,11,19,7,0,37,0,1,27,0,28,11,20,34,0,65,2,0,2,67
04/07/2009,JAC,WY,ANM,WE,Federal Contract Tower,8,11,10,0,29,0,0,11,0,11,8,11,21,0,40,0,0,0,40
04/08/2009,JAC,WY,ANM,WE,Federal Contract Tower,7,14,6,0,27,0,0,0,0,0,7,14,6,0,27,0,0,0,27
04/09/2009,JAC,WY,ANM,WE,Federal Contract Tower,10,18,10,0,38,0,0,0,0,0,10,18,10,0,38,0,0,0,38
04/10/2009,JAC,WY,ANM,WE,Federal Contract Tower,8,17,8,0,33,0,0,5,0,5,8,17,13,0,38,0,0,0,38
04/11/2009,JAC,WY,ANM,WE,Federal Contract Tower,7,11,6,0,24,1,1,0,0,2,8,12,6,0,26,0,0,0,26
04/12/2009,JAC,WY,ANM,WE,Federal Contract Tower,8,11,3,0,22,0,0,9,0,9,8,11,12,0,31,0,0,0,31
04/13/2009,JAC,WY,ANM,WE,Federal Contract Tower,8,19,6,0,33,0,0,6,0,6,8,19,12,0,39,0,0,0,39
04/14/2009,JAC,WY,ANM,WE,Federal Contract Tower,8,16,5,0,29,0,1,0,0,1,8,17,5,0,30,0,0,0,30
04/15/2009,JAC,WY,ANM,WE,Federal Contract Tower,5,17,4,0,26,0,0,0,0,0,5,17,4,0,26,0,0,0,26
04/16/2009,JAC,WY,ANM,WE,Federal Contract Tower,8,17,11,0,36,0,2,2,0,4,8,19,13,0,40,0,0,0,40
04/17/2009,JAC,WY,ANM,WE,Federal Contract Tower,9,12,5,0,26,0,0,20,0,20,9,12,25,0,46,4,0,4,50
04/18/2009,JAC,WY,ANM,WE,Federal Contract Tower,8,7,3,0,18,0,1,11,0,12,8,8,14,0,30,14,0,14,44
04/19/2009,JAC,WY,ANM,WE,Federal Contract Tower,8,9,5,0,22,0,1,15,0,16,8,10,20,0,38,12,0,12,50
04/20/2009,JAC,WY,ANM,WE,Federal Contract Tower,8,18,6,0,32,0,0,14,0,14,8,18,20,0,46,6,0,6,52
04/21/2009,JAC,WY,ANM,WE,Federal Contract Tower,6,13,5,0,24,0,2,26,0,28,6,15,31,0,52,8,0,8,60
04/22/2009,JAC,WY,ANM,WE,Federal Contract Tower,8,12,6,0,26,0,0,12,0,12,8,12,18,0,38,6,0,6,44
04/23/2009,JAC,WY,ANM,WE,Federal Contract Tower,9,12,16,0,37,0,2,8,0,10,9,14,24,0,47,0,0,0,47
04/24/2009,JAC,WY,ANM,WE,Federal Contract Tower,7,10,9,0,26,0,0,0,0,0,7,10,9,0,26,0,0,0,26
04/25/2009,JAC,WY,ANM,WE,Federal Contract Tower,8,8,5,0,21,0,0,2,0,2,8,8,7,0,23,0,0,0,23
04/26/2009,JAC,WY,ANM,WE,Federal Contract Tower,8,6,6,0,20,0,0,2,0,2,8,6,8,0,22,0,0,0,22
04/27/2009,JAC,WY,ANM,WE,Federal Contract Tower,10,14,6,0,30,0,0,8,0,8,10,14,14,0,38,2,0,2,40
04/28/2009,JAC,WY,ANM,WE,Federal Contract Tower,8,12,2,0,22,0,0,0,0,0,8,12,2,0,22,0,0,0,22
04/29/2009,JAC,WY,ANM,WE,Federal Contract Tower,8,18,4,0,30,0,0,3,0,3,8,18,7,0,33,0,0,0,33
04/30/2009,JAC,WY,ANM,WE,Federal Contract Tower,8,16,9,0,33,0,0,1,0,1,8,16,10,0,34,0,0,0,34
05/01/2009,JAC,WY,ANM,WE,Federal Contract Tower,8,13,7,0,28,0,2,17,0,19,8,15,24,0,47,10,0,10,57
05/02/2009,JAC,WY,ANM,WE,Federal Contract Tower,8,9,12,0,29,0,1,18,0,19,8,10,30,0,48,0,0,0,48
05/03/2009,JAC,WY,ANM,WE,Federal Contract Tower,6,13,7,0,26,0,0,2,0,2,6,13,9,0,28,2,0,2,30
05/04/2009,JAC,WY,ANM,WE,Federal Contract Tower,8,16,11,0,35,0,1,10,0,11,8,17,21,0,46,0,0,0,46
05/05/2009,JAC,WY,ANM,WE,Federal Contract Tower,11,15,1,0,27,0,0,1,0,1,11,15,2,0,28,0,0,0,28
05/06/2009,JAC,WY,ANM,WE,Federal Contract Tower,11,14,7,0,32,0,1,4,0,5,11,15,11,0,37,0,0,0,37
05/07/2009,JAC,WY,ANM,WE,Federal Contract Tower,12,15,3,0,30,1,2,2,0,5,13,17,5,0,35,0,0,0,35
05/08/2009,JAC,WY,ANM,WE,Federal Contract Tower,12,13,5,0,30,0,0,27,2,29,12,13,32,2,59,10,0,10,69
05/09/2009,JAC,WY,ANM,WE,Federal Contract Tower,12,8,9,0,29,0,3,23,0,26,12,11,32,0,55,12,0,12,67
05/10/2009,JAC,WY,ANM,WE,Federal Contract Tower,12,4,7,0,23,0,0,24,0,24,12,4,31,0,47,10,0,10,57
05/11/2009,JAC,WY,ANM,WE,Federal Contract Tower,12,13,7,0,32,0,1,14,0,15,12,14,21,0,47,4,0,4,51
05/12/2009,JAC,WY,ANM,WE,Federal Contract Tower,7,14,8,0,29,0,0,2,0,2,7,14,10,0,31,0,0,0,31
05/13/2009,JAC,WY,ANM,WE,Federal Contract Tower,14,19,9,0,42,0,2,28,0,30,14,21,37,0,72,14,0,14,86
05/14/2009,JAC,WY,ANM,WE,Federal Contract Tower,16,22,14,0,52,0,0,8,0,8,16,22,22,0,60,8,0,8,68
05/15/2009,JAC,WY,ANM,WE,Federal Contract Tower,12,11,8,0,31,0,0,22,2,24,12,11,30,2,55,12,0,12,67
05/16/2009,JAC,WY,ANM,WE,Federal Contract Tower,17,10,7,0,34,0,1,16,0,17,17,11,23,0,51,14,0,14,65
05/17/2009,JAC,WY,ANM,WE,Federal Contract Tower,16,6,3,0,25,0,0,7,0,7,16,6,10,0,32,0,0,0,32
05/18/2009,JAC,WY,ANM,WE,Federal Contract Tower,15,18,17,0,50,0,1,14,0,15,15,19,31,0,65,0,0,0,65
05/19/2009,JAC,WY,ANM,WE,Federal Contract Tower,14,14,12,0,40,0,1,21,0,22,14,15,33,0,62,2,0,2,64
05/20/2009,JAC,WY,ANM,WE,Federal Contract Tower,12,11,8,0,31,0,3,24,0,27,12,14,32,0,58,20,0,20,78
05/21/2009,JAC,WY,ANM,WE,Federal Contract Tower,15,23,19,0,57,0,2,34,0,36,15,25,53,0,93,10,0,10,103
05/22/2009,JAC,WY,ANM,WE,Federal Contract Tower,15,14,24,0,53,0,2,48,0,50,15,16,72,0,103,20,0,20,123
05/23/2009,JAC,WY,ANM,WE,Federal Contract Tower,16,12,6,0,34,0,4,24,0,28,16,16,30,0,62,8,0,8,70
05/24/2009,JAC,WY,ANM,WE,Federal Contract Tower,13,10,14,0,37,0,0,17,0,17,13,10,31,0,54,10,0,10,64
05/25/2009,JAC,WY,ANM,WE,Federal Contract Tower,11,13,20,0,44,0,0,26,0,26,11,13,46,0,70,0,0,0,70
05/26/2009,JAC,WY,ANM,WE,Federal Contract Tower,0,0,0,0,0,0,0,2,0,2,0,0,2,0,2,0,0,0,2
05/27/2009,JAC,WY,ANM,WE,Federal Contract Tower,0,0,0,0,0,0,0,11,0,11,0,0,11,0,11,0,0,0,11
05/28/2009,JAC,WY,ANM,WE,Federal Contract Tower,0,0,0,0,0,0,0,9,0,9,0,0,9,0,9,0,0,0,9
05/29/2009,JAC,WY,ANM,WE,Federal Contract Tower,0,0,0,0,0,0,0,18,0,18,0,0,18,0,18,0,0,0,18
05/30/2009,JAC,WY,ANM,WE,Federal Contract Tower,0,1,1,0,2,0,0,14,0,14,0,1,15,0,16,0,0,0,16
05/31/2009,JAC,WY,ANM,WE,Federal Contract Tower,7,12,13,0,32,0,0,18,0,18,7,12,31,0,50,4,0,4,54
06/01/2009,JAC,WY,ANM,WE,Federal Contract Tower,8,15,11,4,38,0,0,12,0,12,8,15,23,4,50,0,0,0,50
06/02/2009,JAC,WY,ANM,WE,Federal Contract Tower,8,15,13,3,39,0,0,3,0,3,8,15,16,3,42,22,0,22,64
06/03/2009,JAC,WY,ANM,WE,Federal Contract Tower,7,12,12,2,33,0,0,16,0,16,7,12,28,2,49,36,0,36,85
06/04/2009,JAC,WY,ANM,WE,Federal Contract Tower,24,17,21,5,67,0,3,28,0,31,24,20,49,5,98,0,0,0,98
06/05/2009,JAC,WY,ANM,WE,Federal Contract Tower,30,13,16,0,59,0,0,32,0,32,30,13,48,0,91,0,0,0,91
06/06/2009,JAC,WY,ANM,WE,Federal Contract Tower,35,9,24,0,68,0,0,3,0,3,35,9,27,0,71,24,0,24,95
06/07/2009,JAC,WY,ANM,WE,Federal Contract Tower,31,7,19,0,57,0,1,4,0,5,31,8,23,0,62,16,0,16,78
06/08/2009,JAC,WY,ANM,WE,Federal Contract Tower,26,18,15,0,59,0,1,2,0,3,26,19,17,0,62,22,0,22,84
06/09/2009,JAC,WY,ANM,WE,Federal Contract Tower,22,13,8,0,43,0,0,16,0,16,22,13,24,0,59,4,0,4,63
06/10/2009,JAC,WY,ANM,WE,Federal Contract Tower,28,16,21,0,65,0,0,4,0,4,28,16,25,0,69,0,0,0,69
06/11/2009,JAC,WY,ANM,WE,Federal Contract Tower,27,13,19,0,59,0,0,9,0,9,27,13,28,0,68,20,0,20,88
06/12/2009,JAC,WY,ANM,WE,Federal Contract Tower,31,24,25,0,80,0,1,14,0,15,31,25,39,0,95,32,0,32,127
06/13/2009,JAC,WY,ANM,WE,Federal Contract Tower,42,20,19,0,81,0,0,19,0,19,42,20,38,0,100,0,0,0,100
06/14/2009,JAC,WY,ANM,WE,Federal Contract Tower,38,14,24,0,76,0,0,6,0,6,38,14,30,0,82,0,0,0,82
06/15/2009,JAC,WY,ANM,WE,Federal Contract Tower,31,21,19,0,71,0,1,11,0,12,31,22,30,0,83,0,0,0,83
06/16/2009,JAC,WY,ANM,WE,Federal Contract Tower,27,15,12,0,54,1,1,8,0,10,28,16,20,0,64,0,0,0,64
06/17/2009,JAC,WY,ANM,WE,Federal Contract Tower,30,21,19,0,70,0,0,7,0,7,30,21,26,0,77,8,0,8,85
06/18/2009,JAC,WY,ANM,WE,Federal Contract Tower,32,18,23,0,73,0,0,8,0,8,32,18,31,0,81,0,0,0,81
06/19/2009,JAC,WY,ANM,WE,Federal Contract Tower,29,16,10,0,55,0,0,27,0,27,29,16,37,0,82,20,0,20,102
06/20/2009,JAC,WY,ANM,WE,Federal Contract Tower,43,16,8,0,67,0,0,6,0,6,43,16,14,0,73,0,0,0,73
06/21/2009,JAC,WY,ANM,WE,Federal Contract Tower,38,23,12,0,73,1,1,10,0,12,39,24,22,0,85,0,0,0,85
06/22/2009,JAC,WY,ANM,WE,Federal Contract Tower,34,21,17,0,72,0,3,30,2,35,34,24,47,2,107,26,0,26,133
06/23/2009,JAC,WY,ANM,WE,Federal Contract Tower,25,21,10,0,56,0,2,44,0,46,25,23,54,0,102,32,0,32,134
06/24/2009,JAC,WY,ANM,WE,Federal Contract Tower,30,19,25,0,74,0,2,55,0,57,30,21,80,0,131,36,0,36,167
06/25/2009,JAC,WY,ANM,WE,Federal Contract Tower,33,20,16,0,69,0,5,48,1,54,33,25,64,1,123,48,0,48,171
06/26/2009,JAC,WY,ANM,WE,Federal Contract Tower,29,27,25,0,81,0,1,14,0,15,29,28,39,0,96,16,0,16,112
06/27/2009,JAC,WY,ANM,WE,Federal Contract Tower,43,19,28,0,90,1,3,36,0,40,44,22,64,0,130,2,0,2,132
06/28/2009,JAC,WY,ANM,WE,Federal Contract Tower,39,22,26,0,87,0,0,42,0,42,39,22,68,0,129,38,0,38,167
06/29/2009,JAC,WY,ANM,WE,Federal Contract Tower,33,30,17,0,80,0,5,33,0,38,33,35,50,0,118,2,0,2,120
06/30/2009,JAC,WY,ANM,WE,Federal Contract Tower,28,14,24,0,66,0,3,40,0,43,28,17,64,0,109,24,0,24,133
07/01/2009,JAC,WY,ANM,WE,Federal Contract Tower,31,20,22,0,73,0,3,17,0,20,31,23,39,0,93,0,0,0,93
07/02/2009,JAC,WY,ANM,WE,Federal Contract Tower,31,11,39,0,81,0,2,38,0,40,31,13,77,0,121,24,0,24,145
07/03/2009,JAC,WY,ANM,WE,Federal Contract Tower,32,24,28,0,84,0,1,33,0,34,32,25,61,0,118,38,0,38,156
07/04/2009,JAC,WY,ANM,WE,Federal Contract Tower,34,4,13,0,51,1,0,20,0,21,35,4,33,0,72,2,0,2,74
07/05/2009,JAC,WY,ANM,WE,Federal Contract Tower,39,22,37,0,98,0,1,35,0,36,39,23,72,0,134,8,0,8,142
07/06/2009,JAC,WY,ANM,WE,Federal Contract Tower,31,23,23,0,77,0,2,35,0,37,31,25,58,0,114,4,0,4,118
07/07/2009,JAC,WY,ANM,WE,Federal Contract Tower,31,21,23,0,75,0,3,55,0,58,31,24,78,0,133,10,0,10,143
07/08/2009,JAC,WY,ANM,WE,Federal Contract Tower,32,24,23,0,79,0,2,17,0,19,32,26,40,0,98,0,0,0,98
07/09/2009,JAC,WY,ANM,WE,Federal Contract Tower,32,16,30,0,78,0,4,55,0,59,32,20,85,0,137,2,0,2,139
07/10/2009,JAC,WY,ANM,WE,Federal Contract Tower,33,23,24,0,80,0,1,47,0,48,33,24,71,0,128,46,0,46,174
07/11/2009,JAC,WY,ANM,WE,Federal Contract Tower,41,17,18,0,76,1,2,32,0,35,42,19,50,0,111,2,0,2,113
07/12/2009,JAC,WY,ANM,WE,Federal Contract Tower,39,27,30,0,96,1,1,34,0,36,40,28,64,0,132,8,0,8,140
07/13/2009,JAC,WY,ANM,WE,Federal Contract Tower,32,28,23,0,83,1,2,36,0,39,33,30,59,0,122,0,0,0,122
07/14/2009,JAC,WY,ANM,WE,Federal Contract Tower,31,18,27,0,76,1,2,33,0,36,32,20,60,0,112,2,0,2,114
07/15/2009,JAC,WY,ANM,WE,Federal Contract Tower,33,26,23,0,82,0,2,43,0,45,33,28,66,0,127,6,0,6,133
07/16/2009,JAC,WY,ANM,WE,Federal Contract Tower,32,26,33,0,91,0,4,57,0,61,32,30,90,0,152,36,0,36,188
07/17/2009,JAC,WY,ANM,WE,Federal Contract Tower,31,24,22,2,79,0,2,32,0,34,31,26,54,2,113,56,0,56,169
07/18/2009,JAC,WY,ANM,WE,Federal Contract Tower,43,22,24,0,89,0,1,38,0,39,43,23,62,0,128,26,0,26,154
07/19/2009,JAC,WY,ANM,WE,Federal Contract Tower,41,27,20,0,88,0,1,24,0,25,41,28,44,0,113,0,0,0,113
07/20/2009,JAC,WY,ANM,WE,Federal Contract Tower,30,20,18,0,68,0,1,45,0,46,30,21,63,0,114,10,0,10,124
07/21/2009,JAC,WY,ANM,WE,Federal Contract Tower,32,18,30,0,80,0,0,50,0,50,32,18,80,0,130,58,0,58,188
07/22/2009,JAC,WY,ANM,WE,Federal Contract Tower,32,19,26,1,78,0,1,35,0,36,32,20,61,1,114,40,0,40,154
07/23/2009,JAC,WY,ANM,WE,Federal Contract Tower,31,21,36,0,88,0,1,43,0,44,31,22,79,0,132,6,0,6,138
07/24/2009,JAC,WY,ANM,WE,Federal Contract Tower,33,27,48,0,108,0,1,33,0,34,33,28,81,0,142,66,0,66,208
07/25/2009,JAC,WY,ANM,WE,Federal Contract Tower,41,17,30,0,88,0,3,35,0,38,41,20,65,0,126,28,0,28,154
07/26/2009,JAC,WY,ANM,WE,Federal Contract Tower,39,28,43,0,110,0,1,30,0,31,39,29,73,0,141,16,0,16,157
07/27/2009,JAC,WY,ANM,WE,Federal Contract Tower,31,15,34,0,80,0,2,23,0,25,31,17,57,0,105,26,0,26,131
07/28/2009,JAC,WY,ANM,WE,Federal Contract Tower,30,23,25,0,78,0,5,20,0,25,30,28,45,0,103,26,0,26,129
07/29/2009,JAC,WY,ANM,WE,Federal Contract Tower,31,17,30,0,78,0,1,33,0,34,31,18,63,0,112,0,0,0,112
07/30/2009,JAC,WY,ANM,WE,Federal Contract Tower,30,17,28,1,76,2,6,35,0,43,32,23,63,1,119,28,0,28,147
07/31/2009,JAC,WY,ANM,WE,Federal Contract Tower,31,26,52,0,109,1,6,42,0,49,32,32,94,0,158,10,0,10,168
08/01/2009,JAC,WY,ANM,WE,Federal Contract Tower,44,19,26,0,89,1,2,53,0,56,45,21,79,0,145,18,0,18,163
08/02/2009,JAC,WY,ANM,WE,Federal Contract Tower,40,20,34,0,94,0,1,35,0,36,40,21,69,0,130,0,0,0,130
08/03/2009,JAC,WY,ANM,WE,Federal Contract Tower,34,24,22,0,80,0,4,26,0,30,34,28,48,0,110,4,0,4,114
08/04/2009,JAC,WY,ANM,WE,Federal Contract Tower,28,16,31,0,75,0,5,66,0,71,28,21,97,0,146,0,2,2,148
08/05/2009,JAC,WY,ANM,WE,Federal Contract Tower,31,21,20,0,72,0,4,37,0,41,31,25,57,0,113,24,0,24,137
08/06/2009,JAC,WY,ANM,WE,Federal Contract Tower,33,25,37,0,95,0,5,42,0,47,33,30,79,0,142,58,2,60,202
08/07/2009,JAC,WY,ANM,WE,Federal Contract Tower,30,22,30,0,82,0,2,53,0,55,30,24,83,0,137,14,0,14,151
08/08/2009,JAC,WY,ANM,WE,Federal Contract Tower,43,25,39,0,107,0,1,14,0,15,43,26,53,0,122,18,0,18,140
08/09/2009,JAC,WY,ANM,WE,Federal Contract Tower,36,31,44,0,111,0,0,22,0,22,36,31,66,0,133,18,0,18,151
08/10/2009,JAC,WY,ANM,WE,Federal Contract Tower,34,26,18,0,78,0,3,34,0,37,34,29,52,0,115,6,0,6,121
08/11/2009,JAC,WY,ANM,WE,Federal Contract Tower,30,19,32,0,81,0,5,38,0,43,30,24,70,0,124,36,0,36,160
08/12/2009,JAC,WY,ANM,WE,Federal Contract Tower,32,15,33,0,80,0,6,42,0,48,32,21,75,0,128,22,0,22,150
08/13/2009,JAC,WY,ANM,WE,Federal Contract Tower,33,14,25,0,72,0,3,40,0,43,33,17,65,0,115,18,0,18,133
08/14/2009,JAC,WY,ANM,WE,Federal Contract Tower,34,34,35,0,103,0,6,47,1,54,34,40,82,1,157,68,2,70,227
08/15/2009,JAC,WY,ANM,WE,Federal Contract Tower,44,23,21,2,90,0,1,22,1,24,44,24,43,3,114,8,0,8,122
08/16/2009,JAC,WY,ANM,WE,Federal Contract Tower,36,27,50,0,113,0,0,24,1,25,36,27,74,1,138,20,0,20,158
08/17/2009,JAC,WY,ANM,WE,Federal Contract Tower,31,18,29,0,78,0,3,42,0,45,31,21,71,0,123,44,0,44,167
08/18/2009,JAC,WY,ANM,WE,Federal Contract Tower,30,18,20,0,68,0,7,32,0,39,30,25,52,0,107,42,0,42,149
08/19/2009,JAC,WY,ANM,WE,Federal Contract Tower,31,24,33,0,88,1,5,32,0,38,32,29,65,0,126,26,0,26,152
08/20/2009,JAC,WY,ANM,WE,Federal Contract Tower,30,4,25,0,59,1,5,46,0,52,31,9,71,0,111,44,0,44,155
08/21/2009,JAC,WY,ANM,WE,Federal Contract Tower,32,14,24,0,70,0,3,37,0,40,32,17,61,0,110,6,0,6,116
08/22/2009,JAC,WY,ANM,WE,Federal Contract Tower,44,21,16,0,81,0,4,49,0,53,44,25,65,0,134,22,0,22,156
08/23/2009,JAC,WY,ANM,WE,Federal Contract Tower,38,31,42,0,111,0,1,18,0,19,38,32,60,0,130,18,0,18,148
08/24/2009,JAC,WY,ANM,WE,Federal Contract Tower,33,17,19,0,69,0,3,14,0,17,33,20,33,0,86,16,0,16,102
08/25/2009,JAC,WY,ANM,WE,Federal Contract Tower,29,16,20,0,65,1,5,36,0,42,30,21,56,0,107,14,0,14,121
08/26/2009,JAC,WY,ANM,WE,Federal Contract Tower,35,21,26,0,82,0,6,40,0,46,35,27,66,0,128,35,0,35,163
08/27/2009,JAC,WY,ANM,WE,Federal Contract Tower,31,20,31,2,84,1,4,45,0,50,32,24,76,2,134,38,0,38,172
08/28/2009,JAC,WY,ANM,WE,Federal Contract Tower,34,21,35,1,91,0,4,40,1,45,34,25,75,2,136,30,0,30,166
08/29/2009,JAC,WY,ANM,WE,Federal Contract Tower,37,15,26,0,78,0,4,40,1,45,37,19,66,1,123,12,0,12,135
08/30/2009,JAC,WY,ANM,WE,Federal Contract Tower,34,11,38,1,84,0,0,23,0,23,34,11,61,1,107,0,0,0,107
08/31/2009,JAC,WY,ANM,WE,Federal Contract Tower,31,17,23,4,75,0,4,15,0,19,31,21,38,4,94,8,0,8,102
09/01/2009,JAC,WY,ANM,WE,Federal Contract Tower,28,13,27,0,68,0,9,29,0,38,28,22,56,0,106,0,0,0,106
09/02/2009,JAC,WY,ANM,WE,Federal Contract Tower,24,13,23,0,60,0,5,30,0,35,24,18,53,0,95,0,0,0,95
09/03/2009,JAC,WY,ANM,WE,Federal Contract Tower,24,8,27,0,59,0,13,35,0,48,24,21,62,0,107,18,0,18,125
09/04/2009,JAC,WY,ANM,WE,Federal Contract Tower,25,14,21,0,60,0,6,33,0,39,25,20,54,0,99,20,0,20,119
09/05/2009,JAC,WY,ANM,WE,Federal Contract Tower,23,14,21,0,58,0,4,26,0,30,23,18,47,0,88,0,0,0,88
09/06/2009,JAC,WY,ANM,WE,Federal Contract Tower,27,16,22,0,65,0,0,22,0,22,27,16,44,0,87,18,0,18,105
09/07/2009,JAC,WY,ANM,WE,Federal Contract Tower,26,10,28,7,71,0,0,34,6,40,26,10,62,13,111,0,0,0,111
09/08/2009,JAC,WY,ANM,WE,Federal Contract Tower,23,22,25,1,71,0,4,20,0,24,23,26,45,1,95,12,0,12,107
09/09/2009,JAC,WY,ANM,WE,Federal Contract Tower,25,21,25,2,73,0,9,25,0,34,25,30,50,2,107,0,0,0,107
09/10/2009,JAC,WY,ANM,WE,Federal Contract Tower,21,21,33,0,75,0,5,42,2,49,21,26,75,2,124,0,0,0,124
09/11/2009,JAC,WY,ANM,WE,Federal Contract Tower,23,11,23,0,57,0,8,40,0,48,23,19,63,0,105,34,0,34,139
09/12/2009,JAC,WY,ANM,WE,Federal Contract Tower,23,19,25,2,69,0,2,31,0,33,23,21,56,2,102,0,0,0,102
09/13/2009,JAC,WY,ANM,WE,Federal Contract Tower,24,18,27,0,69,0,0,30,0,30,24,18,57,0,99,0,0,0,99
09/14/2009,JAC,WY,ANM,WE,Federal Contract Tower,19,20,31,0,70,0,1,19,0,20,19,21,50,0,90,0,0,0,90
09/15/2009,JAC,WY,ANM,WE,Federal Contract Tower,16,15,23,0,54,0,2,15,0,17,16,17,38,0,71,0,0,0,71
09/16/2009,JAC,WY,ANM,WE,Federal Contract Tower,16,18,16,0,50,1,7,45,0,53,17,25,61,0,103,36,0,36,139
09/17/2009,JAC,WY,ANM,WE,Federal Contract Tower,20,20,30,0,70,0,8,50,0,58,20,28,80,0,128,10,0,10,138
09/18/2009,JAC,WY,ANM,WE,Federal Contract Tower,19,24,33,0,76,0,7,63,0,70,19,31,96,0,146,38,0,38,184
09/19/2009,JAC,WY,ANM,WE,Federal Contract Tower,16,18,21,0,55,0,5,43,0,48,16,23,64,0,103,24,0,24,127
09/20/2009,JAC,WY,ANM,WE,Federal Contract Tower,18,24,48,0,90,0,1,43,0,44,18,25,91,0,134,6,0,6,140
09/21/2009,JAC,WY,ANM,WE,Federal Contract Tower,18,19,27,0,64,0,5,38,0,43,18,24,65,0,107,20,0,20,127
09/22/2009,JAC,WY,ANM,WE,Federal Contract Tower,18,20,21,2,61,0,6,59,0,65,18,26,80,2,126,4,0,4,130
09/23/2009,JAC,WY,ANM,WE,Federal Contract Tower,16,21,27,0,64,0,6,50,0,56,16,27,77,0,120,34,0,34,154
09/24/2009,JAC,WY,ANM,WE,Federal Contract Tower,18,17,33,0,68,0,12,32,0,44,18,29,65,0,112,30,0,30,142
09/25/2009,JAC,WY,ANM,WE,Federal Contract Tower,18,31,33,0,82,0,12,45,0,57,18,43,78,0,139,2,0,2,141
09/26/2009,JAC,WY,ANM,WE,Federal Contract Tower,18,21,14,0,53,0,2,38,0,40,18,23,52,0,93,4,0,4,97
09/27/2009,JAC,WY,ANM,WE,Federal Contract Tower,19,21,28,0,68,0,1,44,0,45,19,22,72,0,113,0,0,0,113
09/28/2009,JAC,WY,ANM,WE,Federal Contract Tower,20,11,27,2,60,0,5,54,0,59,20,16,81,2,119,0,0,0,119
09/29/2009,JAC,WY,ANM,WE,Federal Contract Tower,18,13,19,0,50,0,6,43,0,49,18,19,62,0,99,34,0,34,133
09/30/2009,JAC,WY,ANM,WE,Federal Contract Tower,16,13,18,0,47,0,0,1,0,1,16,13,19,0,48,0,0,0,48
10/01/2009,JAC,WY,ANM,WE,Federal Contract Tower,9,21,25,0,55,0,2,6,0,8,9,23,31,0,63,0,0,0,63
10/02/2009,JAC,WY,ANM,WE,Federal Contract Tower,10,22,19,0,51,0,6,36,0,42,10,28,55,0,93,24,0,24,117
10/03/2009,JAC,WY,ANM,WE,Federal Contract Tower,9,11,11,0,31,0,5,25,0,30,9,16,36,0,61,12,0,12,73
10/04/2009,JAC,WY,ANM,WE,Federal Contract Tower,7,19,11,0,37,0,0,1,0,1,7,19,12,0,38,0,0,0,38
10/05/2009,JAC,WY,ANM,WE,Federal Contract Tower,11,11,17,0,39,0,0,0,0,0,11,11,17,0,39,0,0,0,39
10/06/2009,JAC,WY,ANM,WE,Federal Contract Tower,9,15,27,0,51,0,3,22,2,27,9,18,49,2,78,4,0,4,82
10/07/2009,JAC,WY,ANM,WE,Federal Contract Tower,9,15,20,0,44,0,2,21,0,23,9,17,41,0,67,0,0,0,67
10/08/2009,JAC,WY,ANM,WE,Federal Contract Tower,10,23,21,0,54,0,5,4,0,9,10,28,25,0,63,0,0,0,63
10/09/2009,JAC,WY,ANM,WE,Federal Contract Tower,9,14,15,0,38,0,0,0,0,0,9,14,15,0,38,0,0,0,38
10/10/2009,JAC,WY,ANM,WE,Federal Contract Tower,9,20,18,0,47,0,3,10,0,13,9,23,28,0,60,28,0,28,88
10/11/2009,JAC,WY,ANM,WE,Federal Contract Tower,9,9,18,0,36,0,0,0,0,0,9,9,18,0,36,0,0,0,36
10/12/2009,JAC,WY,ANM,WE,Federal Contract Tower,8,12,19,0,39,0,2,7,2,11,8,14,26,2,50,0,0,0,50
10/13/2009,JAC,WY,ANM,WE,Federal Contract Tower,11,12,8,0,31,0,0,0,0,0,11,12,8,0,31,0,0,0,31
10/14/2009,JAC,WY,ANM,WE,Federal Contract Tower,9,16,12,0,37,0,0,5,0,5,9,16,17,0,42,0,0,0,42
10/15/2009,JAC,WY,ANM,WE,Federal Contract Tower,9,16,11,0,36,0,4,4,0,8,9,20,15,0,44,0,0,0,44
10/16/2009,JAC,WY,ANM,WE,Federal Contract Tower,10,19,4,0,33,0,3,32,0,35,10,22,36,0,68,0,0,0,68
10/17/2009,JAC,WY,ANM,WE,Federal Contract Tower,9,4,9,0,22,0,0,29,0,29,9,4,38,0,51,6,0,6,57
10/18/2009,JAC,WY,ANM,WE,Federal Contract Tower,10,8,16,0,34,0,1,15,0,16,10,9,31,0,50,16,0,16,66
10/19/2009,JAC,WY,ANM,WE,Federal Contract Tower,9,16,9,0,34,0,1,2,0,3,9,17,11,0,37,6,0,6,43
10/20/2009,JAC,WY,ANM,WE,Federal Contract Tower,9,13,20,0,42,0,0,1,0,1,9,13,21,0,43,0,0,0,43
10/21/2009,JAC,WY,ANM,WE,Federal Contract Tower,8,10,5,0,23,0,2,12,0,14,8,12,17,0,37,0,0,0,37
10/22/2009,JAC,WY,ANM,WE,Federal Contract Tower,9,13,15,0,37,0,1,5,0,6,9,14,20,0,43,4,0,4,47
10/23/2009,JAC,WY,ANM,WE,Federal Contract Tower,8,9,16,0,33,0,0,15,0,15,8,9,31,0,48,12,0,12,60
10/24/2009,JAC,WY,ANM,WE,Federal Contract Tower,8,7,17,0,32,0,0,2,0,2,8,7,19,0,34,0,0,0,34
10/25/2009,JAC,WY,ANM,WE,Federal Contract Tower,6,11,20,0,37,0,1,25,0,26,6,12,45,0,63,0,0,0,63
10/26/2009,JAC,WY,ANM,WE,Federal Contract Tower,5,16,15,0,36,0,0,2,0,2,5,16,17,0,38,0,0,0,38
10/27/2009,JAC,WY,ANM,WE,Federal Contract Tower,5,17,16,0,38,0,0,1,0,1,5,17,17,0,39,0,0,0,39
10/28/2009,JAC,WY,ANM,WE,Federal Contract Tower,6,17,4,0,27,0,0,5,0,5,6,17,9,0,32,14,0,14,46
10/29/2009,JAC,WY,ANM,WE,Federal Contract Tower,5,11,11,0,27,0,1,19,0,20,5,12,30,0,47,22,0,22,69
10/30/2009,JAC,WY,ANM,WE,Federal Contract Tower,6,22,7,0,35,0,0,3,0,3,6,22,10,0,38,0,0,0,38
10/31/2009,JAC,WY,ANM,WE,Federal Contract Tower,7,12,8,0,27,0,2,4,0,6,7,14,12,0,33,2,0,2,35
11/01/2009,JAC,WY,ANM,WE,Federal Contract Tower,6,11,10,1,28,0,1,9,0,10,6,12,19,1,38,0,0,0,38
11/02/2009,JAC,WY,ANM,WE,Federal Contract Tower,6,15,14,0,35,0,4,19,0,23,6,19,33,0,58,4,0,4,62
11/03/2009,JAC,WY,ANM,WE,Federal Contract Tower,4,13,2,0,19,0,2,18,0,20,4,15,20,0,39,2,0,2,41
11/04/2009,JAC,WY,ANM,WE,Federal Contract Tower,6,13,5,0,24,0,2,21,0,23,6,15,26,0,47,26,0,26,73
11/05/2009,JAC,WY,ANM,WE,Federal Contract Tower,6,15,15,0,36,0,5,23,0,28,6,20,38,0,64,6,0,6,70
11/06/2009,JAC,WY,ANM,WE,Federal Contract Tower,6,12,13,1,32,0,0,2,0,2,6,12,15,1,34,0,0,0,34
11/07/2009,JAC,WY,ANM,WE,Federal Contract Tower,5,9,6,1,21,0,0,2,0,2,5,9,8,1,23,0,0,0,23
11/08/2009,JAC,WY,ANM,WE,Federal Contract Tower,5,8,5,0,18,0,0,11,0,11,5,8,16,0,29,6,0,6,35
11/09/2009,JAC,WY,ANM,WE,Federal Contract Tower,5,10,17,0,32,0,5,8,0,13,5,15,25,0,45,2,0,2,47
11/10/2009,JAC,WY,ANM,WE,Federal Contract Tower,4,11,16,0,31,0,1,12,0,13,4,12,28,0,44,8,0,8,52
11/11/2009,JAC,WY,ANM,WE,Federal Contract Tower,6,10,3,0,19,0,0,9,0,9,6,10,12,0,28,24,0,24,52
11/12/2009,JAC,WY,ANM,WE,Federal Contract Tower,6,14,8,0,28,0,0,0,0,0,6,14,8,0,28,0,0,0,28
11/13/2009,JAC,WY,ANM,WE,Federal Contract Tower,6,18,6,0,30,0,0,0,0,0,6,18,6,0,30,0,0,0,30
11/14/2009,JAC,WY,ANM,WE,Federal Contract Tower,3,9,3,0,15,0,0,0,0,0,3,9,3,0,15,0,0,0,15
11/15/2009,JAC,WY,ANM,WE,Federal Contract Tower,5,11,2,0,18,0,0,20,0,20,5,11,22,0,38,8,0,8,46
11/16/2009,JAC,WY,ANM,WE,Federal Contract Tower,5,15,14,0,34,0,1,18,0,19,5,16,32,0,53,0,0,0,53
11/17/2009,JAC,WY,ANM,WE,Federal Contract Tower,4,15,8,0,27,0,2,30,0,32,4,17,38,0,59,0,0,0,59
11/18/2009,JAC,WY,ANM,WE,Federal Contract Tower,7,15,11,1,34,0,3,11,0,14,7,18,22,1,48,6,2,8,56
11/19/2009,JAC,WY,ANM,WE,Federal Contract Tower,6,13,10,0,29,0,4,11,0,15,6,17,21,0,44,0,0,0,44
11/20/2009,JAC,WY,ANM,WE,Federal Contract Tower,7,17,19,0,43,0,3,12,0,15,7,20,31,0,58,0,0,0,58
11/21/2009,JAC,WY,ANM,WE,Federal Contract Tower,4,15,1,0,20,0,0,2,0,2,4,15,3,0,22,0,0,0,22
11/22/2009,JAC,WY,ANM,WE,Federal Contract Tower,5,5,6,0,16,0,0,5,0,5,5,5,11,0,21,0,0,0,21
11/23/2009,JAC,WY,ANM,WE,Federal Contract Tower,5,19,17,0,41,0,0,0,0,0,5,19,17,0,41,0,0,0,41
11/24/2009,JAC,WY,ANM,WE,Federal Contract Tower,5,13,14,0,32,0,0,8,0,8,5,13,22,0,40,0,0,0,40
11/25/2009,JAC,WY,ANM,WE,Federal Contract Tower,6,12,15,0,33,0,1,10,0,11,6,13,25,0,44,0,0,0,44
11/26/2009,JAC,WY,ANM,WE,Federal Contract Tower,4,8,2,0,14,0,0,6,0,6,4,8,8,0,20,0,0,0,20
11/27/2009,JAC,WY,ANM,WE,Federal Contract Tower,6,18,6,0,30,0,3,20,0,23,6,21,26,0,53,4,0,4,57
11/28/2009,JAC,WY,ANM,WE,Federal Contract Tower,5,14,9,0,28,0,2,1,0,3,5,16,10,0,31,2,0,2,33
11/29/2009,JAC,WY,ANM,WE,Federal Contract Tower,7,14,11,2,34,0,1,9,2,12,7,15,20,4,46,0,0,0,46
11/30/2009,JAC,WY,ANM,WE,Federal Contract Tower,6,20,14,0,40,0,3,12,0,15,6,23,26,0,55,0,0,0,55
12/01/2009,JAC,WY,ANM,WE,Federal Contract Tower,5,16,2,0,23,0,0,1,0,1,5,16,3,0,24,0,0,0,24
12/02/2009,JAC,WY,ANM,WE,Federal Contract Tower,4,18,13,0,35,0,1,17,0,18,4,19,30,0,53,0,0,0,53
12/03/2009,JAC,WY,ANM,WE,Federal Contract Tower,5,14,14,0,33,0,1,9,0,10,5,15,23,0,43,0,0,0,43
12/04/2009,JAC,WY,ANM,WE,Federal Contract Tower,5,16,10,0,31,0,0,9,0,9,5,16,19,0,40,0,0,0,40
12/05/2009,JAC,WY,ANM,WE,Federal Contract Tower,4,7,5,0,16,0,1,1,0,2,4,8,6,0,18,0,0,0,18
12/06/2009,JAC,WY,ANM,WE,Federal Contract Tower,6,13,8,1,28,0,0,0,1,1,6,13,8,2,29,0,0,0,29
12/07/2009,JAC,WY,ANM,WE,Federal Contract Tower,5,13,11,0,29,0,0,0,0,0,5,13,11,0,29,0,0,0,29
12/08/2009,JAC,WY,ANM,WE,Federal Contract Tower,3,16,6,0,25,0,0,0,0,0,3,16,6,0,25,0,0,0,25
12/09/2009,JAC,WY,ANM,WE,Federal Contract Tower,5,16,5,0,26,0,0,0,0,0,5,16,5,0,26,0,0,0,26
12/10/2009,JAC,WY,ANM,WE,Federal Contract Tower,5,19,15,0,39,0,7,5,0,12,5,26,20,0,51,0,0,0,51
12/11/2009,JAC,WY,ANM,WE,Federal Contract Tower,5,11,14,0,30,0,3,26,0,29,5,14,40,0,59,12,0,12,71
12/12/2009,JAC,WY,ANM,WE,Federal Contract Tower,4,12,10,0,26,0,0,0,0,0,4,12,10,0,26,0,0,0,26
12/13/2009,JAC,WY,ANM,WE,Federal Contract Tower,5,9,8,1,23,0,0,0,0,0,5,9,8,1,23,0,0,0,23
12/14/2009,JAC,WY,ANM,WE,Federal Contract Tower,7,26,20,0,53,0,0,0,0,0,7,26,20,0,53,0,0,0,53
12/15/2009,JAC,WY,ANM,WE,Federal Contract Tower,3,11,20,0,34,0,0,0,0,0,3,11,20,0,34,7,0,7,41
12/16/2009,JAC,WY,ANM,WE,Federal Contract Tower,5,23,5,0,33,0,0,2,0,2,5,23,7,0,35,0,0,0,35
12/17/2009,JAC,WY,ANM,WE,Federal Contract Tower,13,18,18,0,49,0,0,7,0,7,13,18,25,0,56,0,0,0,56
12/18/2009,JAC,WY,ANM,WE,Federal Contract Tower,17,29,39,0,85,0,0,5,0,5,17,29,44,0,90,0,0,0,90
12/19/2009,JAC,WY,ANM,WE,Federal Contract Tower,27,34,30,0,91,0,0,2,0,2,27,34,32,0,93,0,0,0,93
12/20/2009,JAC,WY,ANM,WE,Federal Contract Tower,23,33,21,0,77,1,0,13,0,14,24,33,34,0,91,10,0,10,101
12/21/2009,JAC,WY,ANM,WE,Federal Contract Tower,23,24,25,2,74,0,0,0,0,0,23,24,25,2,74,0,0,0,74
12/22/2009,JAC,WY,ANM,WE,Federal Contract Tower,21,18,17,0,56,0,2,0,0,2,21,20,17,0,58,0,0,0,58
12/23/2009,JAC,WY,ANM,WE,Federal Contract Tower,23,25,37,0,85,0,1,1,0,2,23,26,38,0,87,0,0,0,87
12/24/2009,JAC,WY,ANM,WE,Federal Contract Tower,18,13,13,0,44,0,2,5,0,7,18,15,18,0,51,0,0,0,51
12/25/2009,JAC,WY,ANM,WE,Federal Contract Tower,17,18,4,0,39,0,0,5,0,5,17,18,9,0,44,0,0,0,44
12/26/2009,JAC,WY,ANM,WE,Federal Contract Tower,27,32,33,0,92,1,2,17,0,20,28,34,50,0,112,8,0,8,120
12/27/2009,JAC,WY,ANM,WE,Federal Contract Tower,23,34,33,0,90,0,0,13,0,13,23,34,46,0,103,0,0,0,103
12/28/2009,JAC,WY,ANM,WE,Federal Contract Tower,22,27,38,0,87,1,2,16,0,19,23,29,54,0,106,2,0,2,108
12/29/2009,JAC,WY,ANM,WE,Federal Contract Tower,23,23,17,0,63,0,0,6,0,6,23,23,23,0,69,0,0,0,69
12/30/2009,JAC,WY,ANM,WE,Federal Contract Tower,23,21,20,0,64,0,0,0,0,0,23,21,20,0,64,0,0,0,64
12/31/2009,JAC,WY,ANM,WE,Federal Contract Tower,21,34,19,0,74,0,1,3,0,4,21,35,22,0,78,0,0,0,78
01/01/2010,JAC,WY,ANM,WE,Federal Contract Tower,22,18,25,0,65,0,0,0,0,0,22,18,25,0,65,0,0,0,65
01/02/2010,JAC,WY,ANM,WE,Federal Contract Tower,27,37,44,0,108,0,0,3,0,3,27,37,47,0,111,0,0,0,111
01/03/2010,JAC,WY,ANM,WE,Federal Contract Tower,23,44,47,0,114,0,0,5,0,5,23,44,52,0,119,0,0,0,119
01/04/2010,JAC,WY,ANM,WE,Federal Contract Tower,21,28,31,0,80,1,0,6,0,7,22,28,37,0,87,0,0,0,87
01/05/2010,JAC,WY,ANM,WE,Federal Contract Tower,10,11,12,0,33,0,0,0,0,0,10,11,12,0,33,0,0,0,33
01/06/2010,JAC,WY,ANM,WE,Federal Contract Tower,20,15,11,0,46,0,0,2,3,5,20,15,13,3,51,0,0,0,51
01/07/2010,JAC,WY,ANM,WE,Federal Contract Tower,17,16,7,0,40,0,2,15,1,18,17,18,22,1,58,6,0,6,64
01/08/2010,JAC,WY,ANM,WE,Federal Contract Tower,16,9,16,0,41,0,3,14,0,17,16,12,30,0,58,0,0,0,58
01/09/2010,JAC,WY,ANM,WE,Federal Contract Tower,18,9,11,0,38,0,1,6,0,7,18,10,17,0,45,0,0,0,45
01/10/2010,JAC,WY,ANM,WE,Federal Contract Tower,21,13,13,0,47,0,0,3,0,3,21,13,16,0,50,0,0,0,50
01/11/2010,JAC,WY,ANM,WE,Federal Contract Tower,16,17,20,0,53,0,0,10,0,10,16,17,30,0,63,0,0,0,63
01/12/2010,JAC,WY,ANM,WE,Federal Contract Tower,16,13,14,0,43,0,1,7,0,8,16,14,21,0,51,4,0,4,55
01/13/2010,JAC,WY,ANM,WE,Federal Contract Tower,20,9,4,0,33,0,0,7,0,7,20,9,11,0,40,0,0,0,40
01/14/2010,JAC,WY,ANM,WE,Federal Contract Tower,19,12,29,4,64,0,0,3,0,3,19,12,32,4,67,0,0,0,67
01/15/2010,JAC,WY,ANM,WE,Federal Contract Tower,18,20,14,0,52,0,1,15,0,16,18,21,29,0,68,0,0,0,68
01/16/2010,JAC,WY,ANM,WE,Federal Contract Tower,17,15,13,0,45,0,2,24,0,26,17,17,37,0,71,4,0,4,75
01/17/2010,JAC,WY,ANM,WE,Federal Contract Tower,19,14,10,0,43,0,0,26,0,26,19,14,36,0,69,0,0,0,69
01/18/2010,JAC,WY,ANM,WE,Federal Contract Tower,18,19,28,0,65,0,0,1,0,1,18,19,29,0,66,0,0,0,66
01/19/2010,JAC,WY,ANM,WE,Federal Contract Tower,15,4,17,5,41,0,0,1,0,1,15,4,18,5,42,0,0,0,42
01/20/2010,JAC,WY,ANM,WE,Federal Contract Tower,18,9,15,2,44,0,0,10,0,10,18,9,25,2,54,0,0,0,54
01/21/2010,JAC,WY,ANM,WE,Federal Contract Tower,19,11,12,0,42,0,0,1,0,1,19,11,13,0,43,0,0,0,43
01/22/2010,JAC,WY,ANM,WE,Federal Contract Tower,17,11,15,2,45,0,0,0,0,0,17,11,15,2,45,0,0,0,45
01/23/2010,JAC,WY,ANM,WE,Federal Contract Tower,17,10,16,0,43,0,0,0,0,0,17,10,16,0,43,0,0,0,43
01/24/2010,JAC,WY,ANM,WE,Federal Contract Tower,21,14,21,0,56,0,0,0,0,0,21,14,21,0,56,0,0,0,56
01/25/2010,JAC,WY,ANM,WE,Federal Contract Tower,17,15,19,0,51,0,0,4,0,4,17,15,23,0,55,0,0,0,55
01/26/2010,JAC,WY,ANM,WE,Federal Contract Tower,14,12,16,0,42,0,0,0,0,0,14,12,16,0,42,0,0,0,42
01/27/2010,JAC,WY,ANM,WE,Federal Contract Tower,19,12,5,0,36,0,1,6,0,7,19,13,11,0,43,0,0,0,43
01/28/2010,JAC,WY,ANM,WE,Federal Contract Tower,17,18,18,0,53,0,1,15,0,16,17,19,33,0,69,8,0,8,77
01/29/2010,JAC,WY,ANM,WE,Federal Contract Tower,19,7,8,0,34,0,1,18,0,19,19,8,26,0,53,0,0,0,53
01/30/2010,JAC,WY,ANM,WE,Federal Contract Tower,18,10,12,0,40,0,2,6,0,8,18,12,18,0,48,0,0,0,48
01/31/2010,JAC,WY,ANM,WE,Federal Contract Tower,15,0,19,0,34,0,0,0,0,0,15,0,19,0,34,0,0,0,34
02/01/2010,JAC,WY,ANM,WE,Federal Contract Tower,19,15,14,0,48,0,2,5,0,7,19,17,19,0,55,0,0,0,55
02/02/2010,JAC,WY,ANM,WE,Federal Contract Tower,15,9,12,0,36,0,1,20,0,21,15,10,32,0,57,0,0,0,57
02/03/2010,JAC,WY,ANM,WE,Federal Contract Tower,19,15,18,0,52,0,0,0,0,0,19,15,18,0,52,0,0,0,52
02/04/2010,JAC,WY,ANM,WE,Federal Contract Tower,18,15,20,0,53,0,1,8,0,9,18,16,28,0,62,0,0,0,62
02/05/2010,JAC,WY,ANM,WE,Federal Contract Tower,18,10,17,0,45,0,0,0,0,0,18,10,17,0,45,0,0,0,45
02/06/2010,JAC,WY,ANM,WE,Federal Contract Tower,18,15,6,2,41,0,1,3,0,4,18,16,9,2,45,0,0,0,45
02/07/2010,JAC,WY,ANM,WE,Federal Contract Tower,21,17,12,0,50,0,0,10,0,10,21,17,22,0,60,0,0,0,60
02/08/2010,JAC,WY,ANM,WE,Federal Contract Tower,18,21,20,0,59,0,5,28,1,34,18,26,48,1,93,2,0,2,95
02/09/2010,JAC,WY,ANM,WE,Federal Contract Tower,12,21,22,0,55,0,2,8,0,10,12,23,30,0,65,6,0,6,71
02/10/2010,JAC,WY,ANM,WE,Federal Contract Tower,19,20,12,0,51,0,1,0,0,1,19,21,12,0,52,0,0,0,52
02/11/2010,JAC,WY,ANM,WE,Federal Contract Tower,19,25,21,0,65,0,0,0,0,0,19,25,21,0,65,0,0,0,65
02/12/2010,JAC,WY,ANM,WE,Federal Contract Tower,19,29,44,1,93,0,0,0,0,0,19,29,44,1,93,0,0,0,93
02/13/2010,JAC,WY,ANM,WE,Federal Contract Tower,24,19,19,0,62,0,3,4,0,7,24,22,23,0,69,0,0,0,69
02/14/2010,JAC,WY,ANM,WE,Federal Contract Tower,19,22,13,0,54,2,1,16,0,19,21,23,29,0,73,8,0,8,81
02/15/2010,JAC,WY,ANM,WE,Federal Contract Tower,18,27,47,0,92,0,0,7,0,7,18,27,54,0,99,12,0,12,111
02/16/2010,JAC,WY,ANM,WE,Federal Contract Tower,18,25,21,0,64,0,0,2,0,2,18,25,23,0,66,0,0,0,66
02/17/2010,JAC,WY,ANM,WE,Federal Contract Tower,18,16,25,0,59,0,0,6,0,6,18,16,31,0,65,0,0,0,65
02/18/2010,JAC,WY,ANM,WE,Federal Contract Tower,18,21,21,0,60,2,2,2,0,6,20,23,23,0,66,0,0,0,66
02/19/2010,JAC,WY,ANM,WE,Federal Contract Tower,19,19,18,0,56,0,2,2,0,4,19,21,20,0,60,0,0,0,60
02/20/2010,JAC,WY,ANM,WE,Federal Contract Tower,24,23,19,0,66,0,0,2,0,2,24,23,21,0,68,0,0,0,68
02/21/2010,JAC,WY,ANM,WE,Federal Contract Tower,22,25,14,0,61,0,0,28,0,28,22,25,42,0,89,18,0,18,107
02/22/2010,JAC,WY,ANM,WE,Federal Contract Tower,20,14,10,0,44,0,1,22,0,23,20,15,32,0,67,0,0,0,67
02/23/2010,JAC,WY,ANM,WE,Federal Contract Tower,18,10,10,0,38,0,2,29,0,31,18,12,39,0,69,42,0,42,111
02/24/2010,JAC,WY,ANM,WE,Federal Contract Tower,16,11,11,0,38,0,0,8,0,8,16,11,19,0,46,26,0,26,72
02/25/2010,JAC,WY,ANM,WE,Federal Contract Tower,20,19,5,0,44,0,0,6,0,6,20,19,11,0,50,6,0,6,56
02/26/2010,JAC,WY,ANM,WE,Federal Contract Tower,20,10,15,1,46,0,5,23,0,28,20,15,38,1,74,6,0,6,80
02/27/2010,JAC,WY,ANM,WE,Federal Contract Tower,24,8,10,0,42,0,3,3,0,6,24,11,13,0,48,0,0,0,48
02/28/2010,JAC,WY,ANM,WE,Federal Contract Tower,20,8,15,0,43,0,0,20,0,20,20,8,35,0,63,18,0,18,81
03/01/2010,JAC,WY,ANM,WE,Federal Contract Tower,20,10,8,0,38,0,3,7,0,10,20,13,15,0,48,0,0,0,48
03/02/2010,JAC,WY,ANM,WE,Federal Contract Tower,18,10,17,2,47,0,0,19,0,19,18,10,36,2,66,26,0,26,92
03/03/2010,JAC,WY,ANM,WE,Federal Contract Tower,18,10,11,0,39,0,0,2,0,2,18,10,13,0,41,0,0,0,41
03/04/2010,JAC,WY,ANM,WE,Federal Contract Tower,20,13,16,0,49,0,0,5,0,5,20,13,21,0,54,0,0,0,54
03/05/2010,JAC,WY,ANM,WE,Federal Contract Tower,19,10,20,0,49,0,0,1,0,1,19,10,21,0,50,0,0,0,50
03/06/2010,JAC,WY,ANM,WE,Federal Contract Tower,25,5,12,0,42,0,1,20,0,21,25,6,32,0,63,12,0,12,75
03/07/2010,JAC,WY,ANM,WE,Federal Contract Tower,20,14,26,0,60,0,0,3,0,3,20,14,29,0,63,0,0,0,63
03/08/2010,JAC,WY,ANM,WE,Federal Contract Tower,19,13,17,0,49,0,1,3,0,4,19,14,20,0,53,0,0,0,53
03/09/2010,JAC,WY,ANM,WE,Federal Contract Tower,16,8,19,0,43,0,2,11,0,13,16,10,30,0,56,22,0,22,78
03/10/2010,JAC,WY,ANM,WE,Federal Contract Tower,18,15,8,0,41,0,5,7,0,12,18,20,15,0,53,12,0,12,65
03/11/2010,JAC,WY,ANM,WE,Federal Contract Tower,20,17,17,0,54,0,6,26,0,32,20,23,43,0,86,0,0,0,86
03/12/2010,JAC,WY,ANM,WE,Federal Contract Tower,20,13,11,0,44,0,4,14,0,18,20,17,25,0,62,26,0,26,88
03/13/2010,JAC,WY,ANM,WE,Federal Contract Tower,24,12,21,0,57,0,2,8,0,10,24,14,29,0,67,0,0,0,67
03/14/2010,JAC,WY,ANM,WE,Federal Contract Tower,20,9,24,0,53,0,0,5,0,5,20,9,29,0,58,4,0,4,62
03/15/2010,JAC,WY,ANM,WE,Federal Contract Tower,19,17,10,0,46,1,6,25,0,32,20,23,35,0,78,12,0,12,90
03/16/2010,JAC,WY,ANM,WE,Federal Contract Tower,18,15,4,0,37,0,4,20,0,24,18,19,24,0,61,8,0,8,69
03/17/2010,JAC,WY,ANM,WE,Federal Contract Tower,18,15,5,0,38,0,3,34,0,37,18,18,39,0,75,16,0,16,91
03/18/2010,JAC,WY,ANM,WE,Federal Contract Tower,19,12,13,0,44,0,1,3,0,4,19,13,16,0,48,0,0,0,48
03/19/2010,JAC,WY,ANM,WE,Federal Contract Tower,20,14,14,0,48,0,1,7,0,8,20,15,21,0,56,0,0,0,56
03/20/2010,JAC,WY,ANM,WE,Federal Contract Tower,22,13,20,4,59,1,3,32,0,36,23,16,52,4,95,46,0,46,141
03/21/2010,JAC,WY,ANM,WE,Federal Contract Tower,18,22,14,1,55,0,0,20,1,21,18,22,34,2,76,2,10,12,88
03/22/2010,JAC,WY,ANM,WE,Federal Contract Tower,21,9,10,0,40,0,1,0,0,1,21,10,10,0,41,0,0,0,41
03/23/2010,JAC,WY,ANM,WE,Federal Contract Tower,16,3,7,0,26,1,2,4,0,7,17,5,11,0,33,0,0,0,33
03/24/2010,JAC,WY,ANM,WE,Federal Contract Tower,16,10,9,0,35,0,6,28,0,34,16,16,37,0,69,0,0,0,69
03/25/2010,JAC,WY,ANM,WE,Federal Contract Tower,20,14,30,0,64,0,2,14,0,16,20,16,44,0,80,0,0,0,80
03/26/2010,JAC,WY,ANM,WE,Federal Contract Tower,19,13,15,0,47,0,0,1,2,3,19,13,16,2,50,0,0,0,50
03/27/2010,JAC,WY,ANM,WE,Federal Contract Tower,23,12,5,1,41,0,2,6,0,8,23,14,11,1,49,0,0,0,49
03/28/2010,JAC,WY,ANM,WE,Federal Contract Tower,22,13,13,0,48,0,2,31,1,34,22,15,44,1,82,2,0,2,84
03/29/2010,JAC,WY,ANM,WE,Federal Contract Tower,17,11,4,0,32,0,0,2,0,2,17,11,6,0,34,0,0,0,34
03/30/2010,JAC,WY,ANM,WE,Federal Contract Tower,14,9,10,0,33,0,0,0,0,0,14,9,10,0,33,0,0,0,33
03/31/2010,JAC,WY,ANM,WE,Federal Contract Tower,17,14,17,0,48,0,5,6,0,11,17,19,23,0,59,0,0,0,59
04/01/2010,JAC,WY,ANM,WE,Federal Contract Tower,13,5,15,1,34,0,2,0,0,2,13,7,15,1,36,0,0,0,36
04/02/2010,JAC,WY,ANM,WE,Federal Contract Tower,15,15,13,1,44,0,0,7,0,7,15,15,20,1,51,18,0,18,69
04/03/2010,JAC,WY,ANM,WE,Federal Contract Tower,16,11,11,0,38,0,0,0,0,0,16,11,11,0,38,0,0,0,38
04/04/2010,JAC,WY,ANM,WE,Federal Contract Tower,17,9,9,0,35,0,0,0,0,0,17,9,9,0,35,0,0,0,35
04/05/2010,JAC,WY,ANM,WE,Federal Contract Tower,11,10,17,0,38,0,0,1,0,1,11,10,18,0,39,0,0,0,39
04/06/2010,JAC,WY,ANM,WE,Federal Contract Tower,9,7,3,0,19,0,0,2,0,2,9,7,5,0,21,4,0,4,25
04/07/2010,JAC,WY,ANM,WE,Federal Contract Tower,10,7,0,0,17,0,1,11,0,12,10,8,11,0,29,0,0,0,29
04/08/2010,JAC,WY,ANM,WE,Federal Contract Tower,10,8,2,0,20,0,0,6,0,6,10,8,8,0,26,20,0,20,46
04/09/2010,JAC,WY,ANM,WE,Federal Contract Tower,9,8,3,2,22,0,4,4,0,8,9,12,7,2,30,0,0,0,30
04/10/2010,JAC,WY,ANM,WE,Federal Contract Tower,10,4,7,0,21,0,2,10,2,14,10,6,17,2,35,0,0,0,35
04/11/2010,JAC,WY,ANM,WE,Federal Contract Tower,11,5,3,0,19,0,0,7,0,7,11,5,10,0,26,0,0,0,26
04/12/2010,JAC,WY,ANM,WE,Federal Contract Tower,9,10,7,0,26,0,1,10,0,11,9,11,17,0,37,0,0,0,37
04/13/2010,JAC,WY,ANM,WE,Federal Contract Tower,9,3,9,0,21,0,0,0,0,0,9,3,9,0,21,0,0,0,21
04/14/2010,JAC,WY,ANM,WE,Federal Contract Tower,10,5,17,0,32,0,9,10,0,19,10,14,27,0,51,2,0,2,53
04/15/2010,JAC,WY,ANM,WE,Federal Contract Tower,10,7,9,0,26,0,5,20,0,25,10,12,29,0,51,0,0,0,51
04/16/2010,JAC,WY,ANM,WE,Federal Contract Tower,10,9,11,0,30,0,9,24,0,33,10,18,35,0,63,2,0,2,65
04/17/2010,JAC,WY,ANM,WE,Federal Contract Tower,10,4,5,0,19,0,2,4,0,6,10,6,9,0,25,16,0,16,41
04/18/2010,JAC,WY,ANM,WE,Federal Contract Tower,10,4,7,0,21,0,1,12,0,13,10,5,19,0,34,0,0,0,34
04/19/2010,JAC,WY,ANM,WE,Federal Contract Tower,12,0,4,0,16,0,4,12,0,16,12,4,16,0,32,2,0,2,34
04/20/2010,JAC,WY,ANM,WE,Federal Contract Tower,10,3,6,0,19,0,2,9,0,11,10,5,15,0,30,0,0,0,30
04/21/2010,JAC,WY,ANM,WE,Federal Contract Tower,7,6,6,0,19,0,0,4,0,4,7,6,10,0,23,2,0,2,25
04/22/2010,JAC,WY,ANM,WE,Federal Contract Tower,9,10,8,0,27,0,0,0,0,0,9,10,8,0,27,0,0,0,27
04/23/2010,JAC,WY,ANM,WE,Federal Contract Tower,10,10,6,0,26,0,3,0,0,3,10,13,6,0,29,0,0,0,29
04/24/2010,JAC,WY,ANM,WE,Federal Contract Tower,10,4,7,0,21,0,1,11,0,12,10,5,18,0,33,0,0,0,33
04/25/2010,JAC,WY,ANM,WE,Federal Contract Tower,10,1,3,0,14,1,0,1,0,2,11,1,4,0,16,0,0,0,16
04/26/2010,JAC,WY,ANM,WE,Federal Contract Tower,9,8,14,0,31,0,2,15,0,17,9,10,29,0,48,0,0,0,48
04/27/2010,JAC,WY,ANM,WE,Federal Contract Tower,9,6,6,0,21,0,1,7,0,8,9,7,13,0,29,0,0,0,29
04/28/2010,JAC,WY,ANM,WE,Federal Contract Tower,9,5,9,0,23,0,1,0,0,1,9,6,9,0,24,0,0,0,24
04/29/2010,JAC,WY,ANM,WE,Federal Contract Tower,9,3,8,0,20,0,0,0,0,0,9,3,8,0,20,0,0,0,20
04/30/2010,JAC,WY,ANM,WE,Federal Contract Tower,10,10,15,0,35,0,0,0,0,0,10,10,15,0,35,0,0,0,35
05/01/2010,JAC,WY,ANM,WE,Federal Contract Tower,10,3,10,0,23,0,0,3,0,3,10,3,13,0,26,0,0,0,26
05/02/2010,JAC,WY,ANM,WE,Federal Contract Tower,8,6,6,0,20,0,0,9,0,9,8,6,15,0,29,0,0,0,29
05/03/2010,JAC,WY,ANM,WE,Federal Contract Tower,9,10,14,0,33,0,0,0,0,0,9,10,14,0,33,0,0,0,33
05/04/2010,JAC,WY,ANM,WE,Federal Contract Tower,10,12,13,0,35,0,3,3,0,6,10,15,16,0,41,0,0,0,41
05/05/2010,JAC,WY,ANM,WE,Federal Contract Tower,9,10,5,0,24,0,0,19,0,19,9,10,24,0,43,2,0,2,45
05/06/2010,JAC,WY,ANM,WE,Federal Contract Tower,11,8,16,0,35,0,0,0,0,0,11,8,16,0,35,0,0,0,35
05/07/2010,JAC,WY,ANM,WE,Federal Contract Tower,12,10,12,0,34,0,2,13,0,15,12,12,25,0,49,0,0,0,49
05/08/2010,JAC,WY,ANM,WE,Federal Contract Tower,12,1,8,0,21,0,3,14,0,17,12,4,22,0,38,0,0,0,38
05/09/2010,JAC,WY,ANM,WE,Federal Contract Tower,12,4,9,0,25,0,0,6,0,6,12,4,15,0,31,0,0,0,31
05/10/2010,JAC,WY,ANM,WE,Federal Contract Tower,10,8,15,0,33,1,1,7,0,9,11,9,22,0,42,4,0,4,46
05/11/2010,JAC,WY,ANM,WE,Federal Contract Tower,12,6,10,0,28,0,0,2,0,2,12,6,12,0,30,0,0,0,30
05/12/2010,JAC,WY,ANM,WE,Federal Contract Tower,12,8,12,0,32,0,2,4,0,6,12,10,16,0,38,0,0,0,38
05/13/2010,JAC,WY,ANM,WE,Federal Contract Tower,11,10,11,0,32,0,1,10,2,13,11,11,21,2,45,10,0,10,55
05/14/2010,JAC,WY,ANM,WE,Federal Contract Tower,14,8,18,0,40,0,7,33,0,40,14,15,51,0,80,0,0,0,80
05/15/2010,JAC,WY,ANM,WE,Federal Contract Tower,18,9,3,0,30,0,7,13,0,20,18,16,16,0,50,0,0,0,50
05/16/2010,JAC,WY,ANM,WE,Federal Contract Tower,14,2,10,0,26,0,0,17,0,17,14,2,27,0,43,0,0,0,43
05/17/2010,JAC,WY,ANM,WE,Federal Contract Tower,14,7,14,0,35,0,3,9,0,12,14,10,23,0,47,0,0,0,47
05/18/2010,JAC,WY,ANM,WE,Federal Contract Tower,12,8,5,0,25,0,1,1,0,2,12,9,6,0,27,0,0,0,27
05/19/2010,JAC,WY,ANM,WE,Federal Contract Tower,15,11,14,0,40,0,0,0,0,0,15,11,14,0,40,0,0,0,40
05/20/2010,JAC,WY,ANM,WE,Federal Contract Tower,14,9,16,0,39,0,4,6,0,10,14,13,22,0,49,0,0,0,49
05/21/2010,JAC,WY,ANM,WE,Federal Contract Tower,14,9,9,0,32,0,0,7,0,7,14,9,16,0,39,0,0,0,39
05/22/2010,JAC,WY,ANM,WE,Federal Contract Tower,17,7,4,0,28,0,0,0,0,0,17,7,4,0,28,0,0,0,28
05/23/2010,JAC,WY,ANM,WE,Federal Contract Tower,14,5,9,0,28,0,0,10,0,10,14,5,19,0,38,34,0,34,72
05/24/2010,JAC,WY,ANM,WE,Federal Contract Tower,10,9,13,0,32,0,1,2,0,3,10,10,15,0,35,0,0,0,35
05/25/2010,JAC,WY,ANM,WE,Federal Contract Tower,14,8,12,0,34,0,8,6,0,14,14,16,18,0,48,0,0,0,48
05/26/2010,JAC,WY,ANM,WE,Federal Contract Tower,12,7,21,0,40,0,0,22,0,22,12,7,43,0,62,4,0,4,66
05/27/2010,JAC,WY,ANM,WE,Federal Contract Tower,14,10,9,0,33,0,3,25,0,28,14,13,34,0,61,18,0,18,79
05/28/2010,JAC,WY,ANM,WE,Federal Contract Tower,14,16,17,0,47,0,1,17,0,18,14,17,34,0,65,4,0,4,69
05/29/2010,JAC,WY,ANM,WE,Federal Contract Tower,16,8,2,0,26,0,0,0,0,0,16,8,2,0,26,0,0,0,26
05/30/2010,JAC,WY,ANM,WE,Federal Contract Tower,14,4,10,0,28,0,0,18,0,18,14,4,28,0,46,0,0,0,46
05/31/2010,JAC,WY,ANM,WE,Federal Contract Tower,14,15,22,0,51,0,0,21,0,21,14,15,43,0,72,0,0,0,72
06/01/2010,JAC,WY,ANM,WE,Federal Contract Tower,13,8,17,0,38,0,2,7,0,9,13,10,24,0,47,0,0,0,47
06/02/2010,JAC,WY,ANM,WE,Federal Contract Tower,14,17,13,0,44,0,1,14,0,15,14,18,27,0,59,6,0,6,65
06/03/2010,JAC,WY,ANM,WE,Federal Contract Tower,14,18,27,0,59,0,1,7,0,8,14,19,34,0,67,0,0,0,67
06/04/2010,JAC,WY,ANM,WE,Federal Contract Tower,14,15,17,0,46,0,0,0,0,0,14,15,17,0,46,0,0,0,46
06/05/2010,JAC,WY,ANM,WE,Federal Contract Tower,16,13,10,0,39,0,1,7,0,8,16,14,17,0,47,2,0,2,49
06/06/2010,JAC,WY,ANM,WE,Federal Contract Tower,14,8,15,0,37,0,0,7,0,7,14,8,22,0,44,0,0,0,44
06/07/2010,JAC,WY,ANM,WE,Federal Contract Tower,14,15,20,0,49,0,0,6,0,6,14,15,26,0,55,0,0,0,55
06/08/2010,JAC,WY,ANM,WE,Federal Contract Tower,14,7,17,2,40,0,0,38,0,38,14,7,55,2,78,14,0,14,92
06/09/2010,JAC,WY,ANM,WE,Federal Contract Tower,18,9,18,0,45,0,3,15,0,18,18,12,33,0,63,0,0,0,63
06/10/2010,JAC,WY,ANM,WE,Federal Contract Tower,21,7,20,0,48,0,2,6,0,8,21,9,26,0,56,6,0,6,62
06/11/2010,JAC,WY,ANM,WE,Federal Contract Tower,24,18,12,0,54,0,0,30,0,30,24,18,42,0,84,14,0,14,98
06/12/2010,JAC,WY,ANM,WE,Federal Contract Tower,29,16,22,0,67,0,3,6,0,9,29,19,28,0,76,0,0,0,76
06/13/2010,JAC,WY,ANM,WE,Federal Contract Tower,29,26,21,0,76,0,0,3,0,3,29,26,24,0,79,0,0,0,79
06/14/2010,JAC,WY,ANM,WE,Federal Contract Tower,23,9,14,0,46,1,3,31,1,36,24,12,45,1,82,6,0,6,88
06/15/2010,JAC,WY,ANM,WE,Federal Contract Tower,24,11,29,2,66,0,2,33,2,37,24,13,62,4,103,0,0,0,103
06/16/2010,JAC,WY,ANM,WE,Federal Contract Tower,25,16,24,0,65,0,0,12,0,12,25,16,36,0,77,6,0,6,83
06/17/2010,JAC,WY,ANM,WE,Federal Contract Tower,26,13,22,0,61,0,0,25,0,25,26,13,47,0,86,14,0,14,100
06/18/2010,JAC,WY,ANM,WE,Federal Contract Tower,24,17,17,0,58,0,0,49,0,49,24,17,66,0,107,24,0,24,131
06/19/2010,JAC,WY,ANM,WE,Federal Contract Tower,31,8,9,0,48,0,2,23,1,26,31,10,32,1,74,16,0,16,90
06/20/2010,JAC,WY,ANM,WE,Federal Contract Tower,29,22,11,0,62,1,0,22,0,23,30,22,33,0,85,2,0,2,87
06/21/2010,JAC,WY,ANM,WE,Federal Contract Tower,26,10,12,0,48,0,4,27,0,31,26,14,39,0,79,0,0,0,79
06/22/2010,JAC,WY,ANM,WE,Federal Contract Tower,26,14,24,0,64,0,3,22,2,27,26,17,46,2,91,20,0,20,111
06/23/2010,JAC,WY,ANM,WE,Federal Contract Tower,24,5,27,0,56,0,2,24,0,26,24,7,51,0,82,6,0,6,88
06/24/2010,JAC,WY,ANM,WE,Federal Contract Tower,25,14,20,0,59,1,4,42,0,47,26,18,62,0,106,0,0,0,106
06/25/2010,JAC,WY,ANM,WE,Federal Contract Tower,24,15,21,0,60,0,4,21,0,25,24,19,42,0,85,6,0,6,91
06/26/2010,JAC,WY,ANM,WE,Federal Contract Tower,33,10,23,0,66,0,1,20,0,21,33,11,43,0,87,0,0,0,87
06/27/2010,JAC,WY,ANM,WE,Federal Contract Tower,31,20,31,2,84,0,1,31,0,32,31,21,62,2,116,10,4,14,130
06/28/2010,JAC,WY,ANM,WE,Federal Contract Tower,27,15,14,0,56,0,4,22,0,26,27,19,36,0,82,4,0,4,86
06/29/2010,JAC,WY,ANM,WE,Federal Contract Tower,23,17,24,0,64,0,4,31,0,35,23,21,55,0,99,0,0,0,99
06/30/2010,JAC,WY,ANM,WE,Federal Contract Tower,23,21,28,0,72,0,6,35,0,41,23,27,63,0,113,18,0,18,131
07/01/2010,JAC,WY,ANM,WE,Federal Contract Tower,27,28,28,0,83,0,2,26,0,28,27,30,54,0,111,8,0,8,119
07/02/2010,JAC,WY,ANM,WE,Federal Contract Tower,27,23,37,0,87,0,3,24,0,27,27,26,61,0,114,0,0,0,114
07/03/2010,JAC,WY,ANM,WE,Federal Contract Tower,36,11,16,0,63,0,1,14,0,15,36,12,30,0,78,0,0,0,78
07/04/2010,JAC,WY,ANM,WE,Federal Contract Tower,27,6,10,0,43,0,3,29,0,32,27,9,39,0,75,4,0,4,79
07/05/2010,JAC,WY,ANM,WE,Federal Contract Tower,29,21,37,0,87,0,1,32,0,33,29,22,69,0,120,16,0,16,136
07/06/2010,JAC,WY,ANM,WE,Federal Contract Tower,29,24,17,0,70,0,5,33,0,38,29,29,50,0,108,0,0,0,108
07/07/2010,JAC,WY,ANM,WE,Federal Contract Tower,30,20,29,0,79,0,5,34,0,39,30,25,63,0,118,0,0,0,118
07/08/2010,JAC,WY,ANM,WE,Federal Contract Tower,28,26,38,0,92,0,2,20,0,22,28,28,58,0,114,2,0,2,116
07/09/2010,JAC,WY,ANM,WE,Federal Contract Tower,29,16,34,0,79,0,2,31,0,33,29,18,65,0,112,2,0,2,114
07/10/2010,JAC,WY,ANM,WE,Federal Contract Tower,38,11,25,0,74,0,2,26,0,28,38,13,51,0,102,0,0,0,102
07/11/2010,JAC,WY,ANM,WE,Federal Contract Tower,36,30,35,0,101,0,1,12,0,13,36,31,47,0,114,0,0,0,114
07/12/2010,JAC,WY,ANM,WE,Federal Contract Tower,28,22,20,0,70,3,2,15,0,20,31,24,35,0,90,0,0,0,90
07/13/2010,JAC,WY,ANM,WE,Federal Contract Tower,27,14,18,2,61,0,1,19,1,21,27,15,37,3,82,0,0,0,82
07/14/2010,JAC,WY,ANM,WE,Federal Contract Tower,28,11,28,0,67,0,4,26,0,30,28,15,54,0,97,2,0,2,99
07/15/2010,JAC,WY,ANM,WE,Federal Contract Tower,28,22,17,0,67,0,4,34,0,38,28,26,51,0,105,4,0,4,109
07/16/2010,JAC,WY,ANM,WE,Federal Contract Tower,31,16,24,0,71,0,4,60,0,64,31,20,84,0,135,22,0,22,157
07/17/2010,JAC,WY,ANM,WE,Federal Contract Tower,39,18,23,0,80,0,4,7,0,11,39,22,30,0,91,0,0,0,91
07/18/2010,JAC,WY,ANM,WE,Federal Contract Tower,36,23,30,0,89,0,0,33,0,33,36,23,63,0,122,6,0,6,128
07/19/2010,JAC,WY,ANM,WE,Federal Contract Tower,31,20,11,0,62,0,3,37,0,40,31,23,48,0,102,2,0,2,104
07/20/2010,JAC,WY,ANM,WE,Federal Contract Tower,28,22,16,0,66,0,4,21,0,25,28,26,37,0,91,0,0,0,91
07/21/2010,JAC,WY,ANM,WE,Federal Contract Tower,27,22,22,0,71,0,1,18,0,19,27,23,40,0,90,0,0,0,90
07/22/2010,JAC,WY,ANM,WE,Federal Contract Tower,28,18,33,0,79,0,3,29,0,32,28,21,62,0,111,12,0,12,123
07/23/2010,JAC,WY,ANM,WE,Federal Contract Tower,28,13,27,0,68,0,8,50,0,58,28,21,77,0,126,14,0,14,140
07/24/2010,JAC,WY,ANM,WE,Federal Contract Tower,38,20,19,0,77,0,2,46,0,48,38,22,65,0,125,0,0,0,125
07/25/2010,JAC,WY,ANM,WE,Federal Contract Tower,34,25,30,0,89,2,3,38,0,43,36,28,68,0,132,2,0,2,134
07/26/2010,JAC,WY,ANM,WE,Federal Contract Tower,29,19,28,0,76,0,5,28,0,33,29,24,56,0,109,10,0,10,119
07/27/2010,JAC,WY,ANM,WE,Federal Contract Tower,29,24,33,0,86,0,5,30,0,35,29,29,63,0,121,0,0,0,121
07/28/2010,JAC,WY,ANM,WE,Federal Contract Tower,28,23,21,0,72,0,3,21,0,24,28,26,42,0,96,0,0,0,96
07/29/2010,JAC,WY,ANM,WE,Federal Contract Tower,29,23,30,0,82,2,6,34,0,42,31,29,64,0,124,16,0,16,140
07/30/2010,JAC,WY,ANM,WE,Federal Contract Tower,28,24,23,0,75,0,9,39,0,48,28,33,62,0,123,14,0,14,137
07/31/2010,JAC,WY,ANM,WE,Federal Contract Tower,39,15,23,3,80,0,0,31,0,31,39,15,54,3,111,12,0,12,123
08/01/2010,JAC,WY,ANM,WE,Federal Contract Tower,31,27,27,0,85,1,1,22,0,24,32,28,49,0,109,6,0,6,115
08/02/2010,JAC,WY,ANM,WE,Federal Contract Tower,26,17,28,0,71,1,3,32,0,36,27,20,60,0,107,6,0,6,113
08/03/2010,JAC,WY,ANM,WE,Federal Contract Tower,30,30,28,0,88,1,2,24,0,27,31,32,52,0,115,2,0,2,117
08/04/2010,JAC,WY,ANM,WE,Federal Contract Tower,28,24,34,0,86,0,0,53,0,53,28,24,87,0,139,4,0,4,143
08/05/2010,JAC,WY,ANM,WE,Federal Contract Tower,27,23,33,0,83,0,2,37,0,39,27,25,70,0,122,34,0,34,156
08/06/2010,JAC,WY,ANM,WE,Federal Contract Tower,28,22,37,0,87,0,2,53,0,55,28,24,90,0,142,16,0,16,158
08/07/2010,JAC,WY,ANM,WE,Federal Contract Tower,38,26,26,0,90,0,4,41,0,45,38,30,67,0,135,0,0,0,135
08/08/2010,JAC,WY,ANM,WE,Federal Contract Tower,35,34,38,0,107,0,1,41,0,42,35,35,79,0,149,0,0,0,149
08/09/2010,JAC,WY,ANM,WE,Federal Contract Tower,28,19,32,0,79,0,4,26,0,30,28,23,58,0,109,0,0,0,109
08/10/2010,JAC,WY,ANM,WE,Federal Contract Tower,29,21,27,0,77,0,4,39,0,43,29,25,66,0,120,4,0,4,124
08/11/2010,JAC,WY,ANM,WE,Federal Contract Tower,28,23,25,0,76,0,3,43,0,46,28,26,68,0,122,10,0,10,132
08/12/2010,JAC,WY,ANM,WE,Federal Contract Tower,28,22,41,0,91,0,5,42,0,47,28,27,83,0,138,38,0,38,176
08/13/2010,JAC,WY,ANM,WE,Federal Contract Tower,30,24,35,0,89,0,2,46,0,48,30,26,81,0,137,0,0,0,137
08/14/2010,JAC,WY,ANM,WE,Federal Contract Tower,37,24,24,0,85,0,2,29,0,31,37,26,53,0,116,8,0,8,124
08/15/2010,JAC,WY,ANM,WE,Federal Contract Tower,34,22,34,0,90,0,1,37,0,38,34,23,71,0,128,4,0,4,132
08/16/2010,JAC,WY,ANM,WE,Federal Contract Tower,30,26,30,0,86,0,5,31,0,36,30,31,61,0,122,2,0,2,124
08/17/2010,JAC,WY,ANM,WE,Federal Contract Tower,30,13,21,1,65,0,4,45,0,49,30,17,66,1,114,20,0,20,134
08/18/2010,JAC,WY,ANM,WE,Federal Contract Tower,29,26,28,0,83,2,14,28,0,44,31,40,56,0,127,0,0,0,127
08/19/2010,JAC,WY,ANM,WE,Federal Contract Tower,26,23,32,0,81,0,7,30,0,37,26,30,62,0,118,4,0,4,122
08/20/2010,JAC,WY,ANM,WE,Federal Contract Tower,29,15,11,0,55,0,11,43,0,54,29,26,54,0,109,10,0,10,119
08/21/2010,JAC,WY,ANM,WE,Federal Contract Tower,38,27,27,0,92,0,1,31,0,32,38,28,58,0,124,10,0,10,134
08/22/2010,JAC,WY,ANM,WE,Federal Contract Tower,34,32,32,0,98,0,0,5,0,5,34,32,37,0,103,0,0,0,103
08/23/2010,JAC,WY,ANM,WE,Federal Contract Tower,35,17,16,2,70,0,2,28,1,31,35,19,44,3,101,2,0,2,103
08/24/2010,JAC,WY,ANM,WE,Federal Contract Tower,27,21,24,0,72,0,4,38,1,43,27,25,62,1,115,18,0,18,133
08/25/2010,JAC,WY,ANM,WE,Federal Contract Tower,26,12,19,0,57,0,4,42,1,47,26,16,61,1,104,26,0,26,130
08/26/2010,JAC,WY,ANM,WE,Federal Contract Tower,24,15,28,0,67,0,3,38,5,46,24,18,66,5,113,20,0,20,133
08/27/2010,JAC,WY,ANM,WE,Federal Contract Tower,26,24,12,0,62,0,3,21,0,24,26,27,33,0,86,20,0,20,106
08/28/2010,JAC,WY,ANM,WE,Federal Contract Tower,28,24,14,2,68,0,23,0,0,23,28,47,14,2,91,2,0,2,93
08/29/2010,JAC,WY,ANM,WE,Federal Contract Tower,29,28,20,0,77,0,1,28,0,29,29,29,48,0,106,48,0,48,154
08/30/2010,JAC,WY,ANM,WE,Federal Contract Tower,25,22,25,0,72,0,0,10,0,10,25,22,35,0,82,10,0,10,92
08/31/2010,JAC,WY,ANM,WE,Federal Contract Tower,24,13,22,0,59,0,3,11,0,14,24,16,33,0,73,0,0,0,73
09/01/2010,JAC,WY,ANM,WE,Federal Contract Tower,26,16,22,0,64,0,1,13,0,14,26,17,35,0,78,0,0,0,78
09/02/2010,JAC,WY,ANM,WE,Federal Contract Tower,26,12,29,0,67,0,4,28,0,32,26,16,57,0,99,0,0,0,99
09/03/2010,JAC,WY,ANM,WE,Federal Contract Tower,25,21,25,0,71,0,2,45,0,47,25,23,70,0,118,0,0,0,118
09/04/2010,JAC,WY,ANM,WE,Federal Contract Tower,27,16,14,0,57,3,3,38,0,44,30,19,52,0,101,12,0,12,113
09/05/2010,JAC,WY,ANM,WE,Federal Contract Tower,22,14,13,0,49,0,0,17,0,17,22,14,30,0,66,0,0,0,66
09/06/2010,JAC,WY,ANM,WE,Federal Contract Tower,24,14,38,2,78,1,1,44,1,47,25,15,82,3,125,22,0,22,147
09/07/2010,JAC,WY,ANM,WE,Federal Contract Tower,22,21,21,0,64,1,4,37,0,42,23,25,58,0,106,44,0,44,150
09/08/2010,JAC,WY,ANM,WE,Federal Contract Tower,22,17,29,0,68,0,4,29,0,33,22,21,58,0,101,0,0,0,101
09/09/2010,JAC,WY,ANM,WE,Federal Contract Tower,21,27,21,0,69,0,2,15,0,17,21,29,36,0,86,8,0,8,94
09/10/2010,JAC,WY,ANM,WE,Federal Contract Tower,22,21,32,0,75,0,3,15,0,18,22,24,47,0,93,12,0,12,105
09/11/2010,JAC,WY,ANM,WE,Federal Contract Tower,25,16,20,0,61,0,3,27,0,30,25,19,47,0,91,0,0,0,91
09/12/2010,JAC,WY,ANM,WE,Federal Contract Tower,24,16,25,0,65,0,0,23,0,23,24,16,48,0,88,0,0,0,88
09/13/2010,JAC,WY,ANM,WE,Federal Contract Tower,19,15,31,0,65,0,3,32,0,35,19,18,63,0,100,8,0,8,108
09/14/2010,JAC,WY,ANM,WE,Federal Contract Tower,21,15,14,0,50,0,3,19,0,22,21,18,33,0,72,18,0,18,90
09/15/2010,JAC,WY,ANM,WE,Federal Contract Tower,19,13,28,0,60,0,4,31,0,35,19,17,59,0,95,0,0,0,95
09/16/2010,JAC,WY,ANM,WE,Federal Contract Tower,20,15,25,0,60,0,3,37,0,40,20,18,62,0,100,2,0,2,102
09/17/2010,JAC,WY,ANM,WE,Federal Contract Tower,18,12,28,0,58,0,4,50,0,54,18,16,78,0,112,10,0,10,122
09/18/2010,JAC,WY,ANM,WE,Federal Contract Tower,24,8,16,0,48,0,1,44,0,45,24,9,60,0,93,22,0,22,115
09/19/2010,JAC,WY,ANM,WE,Federal Contract Tower,23,13,25,0,61,0,0,50,0,50,23,13,75,0,111,0,0,0,111
09/20/2010,JAC,WY,ANM,WE,Federal Contract Tower,19,15,26,0,60,0,2,35,0,37,19,17,61,0,97,0,0,0,97
09/21/2010,JAC,WY,ANM,WE,Federal Contract Tower,18,3,23,0,44,0,5,25,0,30,18,8,48,0,74,0,0,0,74
09/22/2010,JAC,WY,ANM,WE,Federal Contract Tower,19,11,26,0,56,0,4,20,0,24,19,15,46,0,80,0,2,2,82
09/23/2010,JAC,WY,ANM,WE,Federal Contract Tower,20,11,15,0,46,0,5,47,0,52,20,16,62,0,98,28,0,28,126
09/24/2010,JAC,WY,ANM,WE,Federal Contract Tower,19,12,21,0,52,0,6,33,0,39,19,18,54,0,91,18,0,18,109
09/25/2010,JAC,WY,ANM,WE,Federal Contract Tower,22,9,17,0,48,0,2,35,0,37,22,11,52,0,85,14,0,14,99
09/26/2010,JAC,WY,ANM,WE,Federal Contract Tower,25,16,19,0,60,0,0,0,0,0,25,16,19,0,60,35,0,35,95
09/27/2010,JAC,WY,ANM,WE,Federal Contract Tower,19,9,16,0,44,0,3,38,0,41,19,12,54,0,85,0,0,0,85
09/28/2010,JAC,WY,ANM,WE,Federal Contract Tower,18,8,20,0,46,0,2,48,2,52,18,10,68,2,98,10,0,10,108
09/29/2010,JAC,WY,ANM,WE,Federal Contract Tower,20,13,23,0,56,0,3,41,0,44,20,16,64,0,100,8,0,8,108
09/30/2010,JAC,WY,ANM,WE,Federal Contract Tower,18,15,39,0,72,0,3,24,0,27,18,18,63,0,99,28,0,28,127
10/01/2010,JAC,WY,ANM,WE,Federal Contract Tower,8,13,14,0,35,0,4,25,1,30,8,17,39,1,65,22,0,22,87
10/02/2010,JAC,WY,ANM,WE,Federal Contract Tower,10,13,15,0,38,0,5,38,0,43,10,18,53,0,81,12,0,12,93
10/03/2010,JAC,WY,ANM,WE,Federal Contract Tower,13,15,21,0,49,0,1,24,1,26,13,16,45,1,75,0,0,0,75
10/04/2010,JAC,WY,ANM,WE,Federal Contract Tower,8,11,25,0,44,0,2,6,0,8,8,13,31,0,52,0,0,0,52
10/05/2010,JAC,WY,ANM,WE,Federal Contract Tower,10,12,13,0,35,0,4,8,0,12,10,16,21,0,47,0,0,0,47
10/06/2010,JAC,WY,ANM,WE,Federal Contract Tower,9,9,24,1,43,0,1,12,0,13,9,10,36,1,56,2,0,2,58
10/07/2010,JAC,WY,ANM,WE,Federal Contract Tower,7,25,18,0,50,0,1,8,0,9,7,26,26,0,59,0,0,0,59
10/08/2010,JAC,WY,ANM,WE,Federal Contract Tower,8,20,13,0,41,0,6,0,0,6,8,26,13,0,47,2,0,2,49
10/09/2010,JAC,WY,ANM,WE,Federal Contract Tower,11,11,7,0,29,0,1,13,0,14,11,12,20,0,43,0,0,0,43
10/10/2010,JAC,WY,ANM,WE,Federal Contract Tower,13,5,8,0,26,0,2,20,0,22,13,7,28,0,48,0,0,0,48
10/11/2010,JAC,WY,ANM,WE,Federal Contract Tower,8,21,12,1,42,0,2,6,0,8,8,23,18,1,50,0,0,0,50
10/12/2010,JAC,WY,ANM,WE,Federal Contract Tower,6,10,15,1,32,1,3,21,3,28,7,13,36,4,60,0,0,0,60
10/13/2010,JAC,WY,ANM,WE,Federal Contract Tower,7,5,12,0,24,0,2,22,0,24,7,7,34,0,48,0,0,0,48
10/14/2010,JAC,WY,ANM,WE,Federal Contract Tower,8,5,15,0,28,3,29,0,0,32,11,34,15,0,60,2,0,2,62
10/15/2010,JAC,WY,ANM,WE,Federal Contract Tower,7,14,19,0,40,0,8,31,0,39,7,22,50,0,79,8,0,8,87
10/16/2010,JAC,WY,ANM,WE,Federal Contract Tower,9,6,14,0,29,0,1,22,0,23,9,7,36,0,52,10,0,10,62
10/17/2010,JAC,WY,ANM,WE,Federal Contract Tower,11,8,13,0,32,0,0,11,2,13,11,8,24,2,45,0,0,0,45
10/18/2010,JAC,WY,ANM,WE,Federal Contract Tower,12,13,13,0,38,0,1,16,0,17,12,14,29,0,55,0,0,0,55
10/19/2010,JAC,WY,ANM,WE,Federal Contract Tower,8,11,9,0,28,0,3,25,0,28,8,14,34,0,56,14,0,14,70
10/20/2010,JAC,WY,ANM,WE,Federal Contract Tower,8,10,17,0,35,0,4,31,2,37,8,14,48,2,72,10,0,10,82
10/21/2010,JAC,WY,ANM,WE,Federal Contract Tower,7,7,22,0,36,0,1,32,0,33,7,8,54,0,69,22,0,22,91
10/22/2010,JAC,WY,ANM,WE,Federal Contract Tower,7,10,11,0,28,0,2,20,0,22,7,12,31,0,50,14,0,14,64
10/23/2010,JAC,WY,ANM,WE,Federal Contract Tower,9,3,18,0,30,0,2,10,0,12,9,5,28,0,42,0,0,0,42
10/24/2010,JAC,WY,ANM,WE,Federal Contract Tower,12,11,13,0,36,0,0,0,0,0,12,11,13,0,36,0,0,0,36
10/25/2010,JAC,WY,ANM,WE,Federal Contract Tower,8,7,8,0,23,0,0,0,0,0,8,7,8,0,23,0,0,0,23
10/26/2010,JAC,WY,ANM,WE,Federal Contract Tower,8,8,14,0,30,0,0,1,0,1,8,8,15,0,31,0,0,0,31
10/27/2010,JAC,WY,ANM,WE,Federal Contract Tower,8,5,21,0,34,0,1,14,0,15,8,6,35,0,49,0,0,0,49
10/28/2010,JAC,WY,ANM,WE,Federal Contract Tower,5,5,13,0,23,0,3,33,0,36,5,8,46,0,59,4,0,4,63
10/29/2010,JAC,WY,ANM,WE,Federal Contract Tower,8,3,9,0,20,0,2,9,0,11,8,5,18,0,31,18,0,18,49
10/30/2010,JAC,WY,ANM,WE,Federal Contract Tower,8,5,3,0,16,0,0,8,0,8,8,5,11,0,24,0,0,0,24
10/31/2010,JAC,WY,ANM,WE,Federal Contract Tower,11,3,8,0,22,0,0,1,0,1,11,3,9,0,23,0,0,0,23
11/01/2010,JAC,WY,ANM,WE,Federal Contract Tower,8,5,21,0,34,0,2,3,0,5,8,7,24,0,39,0,0,0,39
11/02/2010,JAC,WY,ANM,WE,Federal Contract Tower,9,2,10,0,21,0,1,2,0,3,9,3,12,0,24,0,0,0,24
11/03/2010,JAC,WY,ANM,WE,Federal Contract Tower,6,7,13,0,26,0,2,2,0,4,6,9,15,0,30,0,0,0,30
11/04/2010,JAC,WY,ANM,WE,Federal Contract Tower,10,5,18,0,33,0,2,13,0,15,10,7,31,0,48,2,0,2,50
11/05/2010,JAC,WY,ANM,WE,Federal Contract Tower,11,8,7,0,26,0,4,19,1,24,11,12,26,1,50,0,2,2,52
11/06/2010,JAC,WY,ANM,WE,Federal Contract Tower,10,3,9,0,22,0,1,13,0,14,10,4,22,0,36,16,0,16,52
11/07/2010,JAC,WY,ANM,WE,Federal Contract Tower,9,13,11,0,33,0,0,12,0,12,9,13,23,0,45,0,0,0,45
11/08/2010,JAC,WY,ANM,WE,Federal Contract Tower,10,12,17,0,39,0,0,0,0,0,10,12,17,0,39,0,0,0,39
11/09/2010,JAC,WY,ANM,WE,Federal Contract Tower,10,10,8,0,28,0,2,0,0,2,10,12,8,0,30,2,0,2,32
11/10/2010,JAC,WY,ANM,WE,Federal Contract Tower,10,8,0,0,18,0,0,0,0,0,10,8,0,0,18,0,0,0,18
11/11/2010,JAC,WY,ANM,WE,Federal Contract Tower,10,11,10,0,31,0,0,0,0,0,10,11,10,0,31,0,0,0,31
11/12/2010,JAC,WY,ANM,WE,Federal Contract Tower,10,9,15,0,34,0,0,2,0,2,10,9,17,0,36,0,0,0,36
11/13/2010,JAC,WY,ANM,WE,Federal Contract Tower,9,5,5,0,19,0,1,1,0,2,9,6,6,0,21,0,0,0,21
11/14/2010,JAC,WY,ANM,WE,Federal Contract Tower,10,2,7,0,19,0,0,0,0,0,10,2,7,0,19,0,0,0,19
11/15/2010,JAC,WY,ANM,WE,Federal Contract Tower,9,7,19,0,35,0,0,0,0,0,9,7,19,0,35,0,0,0,35
11/16/2010,JAC,WY,ANM,WE,Federal Contract Tower,8,7,8,0,23,0,0,0,0,0,8,7,8,0,23,0,0,0,23
11/17/2010,JAC,WY,ANM,WE,Federal Contract Tower,9,11,7,0,27,0,1,4,0,5,9,12,11,0,32,0,0,0,32
11/18/2010,JAC,WY,ANM,WE,Federal Contract Tower,9,6,13,0,28,0,0,7,0,7,9,6,20,0,35,0,0,0,35
11/19/2010,JAC,WY,ANM,WE,Federal Contract Tower,8,11,19,0,38,0,0,0,0,0,8,11,19,0,38,0,0,0,38
11/20/2010,JAC,WY,ANM,WE,Federal Contract Tower,8,2,4,0,14,0,0,0,0,0,8,2,4,0,14,0,0,0,14
11/21/2010,JAC,WY,ANM,WE,Federal Contract Tower,6,1,5,0,12,0,0,0,0,0,6,1,5,0,12,0,0,0,12
11/22/2010,JAC,WY,ANM,WE,Federal Contract Tower,8,9,12,0,29,0,0,3,0,3,8,9,15,0,32,0,0,0,32
11/23/2010,JAC,WY,ANM,WE,Federal Contract Tower,1,0,0,0,1,0,0,0,0,0,1,0,0,0,1,0,0,0,1
11/24/2010,JAC,WY,ANM,WE,Federal Contract Tower,9,15,21,3,48,0,1,1,0,2,9,16,22,3,50,0,0,0,50
11/25/2010,JAC,WY,ANM,WE,Federal Contract Tower,8,0,1,0,9,0,0,3,0,3,8,0,4,0,12,0,0,0,12
11/26/2010,JAC,WY,ANM,WE,Federal Contract Tower,8,8,3,0,19,0,2,7,0,9,8,10,10,0,28,6,0,6,34
11/27/2010,JAC,WY,ANM,WE,Federal Contract Tower,8,14,5,0,27,0,1,5,0,6,8,15,10,0,33,0,0,0,33
11/28/2010,JAC,WY,ANM,WE,Federal Contract Tower,10,7,18,0,35,0,0,0,0,0,10,7,18,0,35,0,0,0,35
11/29/2010,JAC,WY,ANM,WE,Federal Contract Tower,10,15,17,0,42,1,1,1,0,3,11,16,18,0,45,0,0,0,45
11/30/2010,JAC,WY,ANM,WE,Federal Contract Tower,9,8,11,0,28,0,0,4,0,4,9,8,15,0,32,0,0,0,32
12/01/2010,JAC,WY,ANM,WE,Federal Contract Tower,8,7,5,0,20,0,0,0,0,0,8,7,5,0,20,0,0,0,20
12/02/2010,JAC,WY,ANM,WE,Federal Contract Tower,10,10,20,0,40,0,0,2,0,2,10,10,22,0,42,0,0,0,42
12/03/2010,JAC,WY,ANM,WE,Federal Contract Tower,10,7,12,0,29,0,0,0,0,0,10,7,12,0,29,0,0,0,29
12/04/2010,JAC,WY,ANM,WE,Federal Contract Tower,9,10,9,0,28,0,0,0,0,0,9,10,9,0,28,0,0,0,28
12/05/2010,JAC,WY,ANM,WE,Federal Contract Tower,11,5,10,2,28,0,0,4,0,4,11,5,14,2,32,0,0,0,32
12/06/2010,JAC,WY,ANM,WE,Federal Contract Tower,3,8,5,0,16,0,0,0,0,0,3,8,5,0,16,0,0,0,16
12/07/2010,JAC,WY,ANM,WE,Federal Contract Tower,8,10,14,0,32,0,1,10,0,11,8,11,24,0,43,0,0,0,43
12/08/2010,JAC,WY,ANM,WE,Federal Contract Tower,5,8,4,0,17,0,0,0,0,0,5,8,4,0,17,0,0,0,17
12/09/2010,JAC,WY,ANM,WE,Federal Contract Tower,10,7,20,0,37,0,1,2,0,3,10,8,22,0,40,0,0,0,40
12/10/2010,JAC,WY,ANM,WE,Federal Contract Tower,9,8,6,0,23,0,0,0,0,0,9,8,6,0,23,0,0,0,23
12/11/2010,JAC,WY,ANM,WE,Federal Contract Tower,8,7,13,0,28,0,0,7,0,7,8,7,20,0,35,0,0,0,35
12/12/2010,JAC,WY,ANM,WE,Federal Contract Tower,9,7,11,0,27,0,0,2,0,2,9,7,13,0,29,0,0,0,29
12/13/2010,JAC,WY,ANM,WE,Federal Contract Tower,7,13,18,0,38,0,0,1,0,1,7,13,19,0,39,0,0,0,39
12/14/2010,JAC,WY,ANM,WE,Federal Contract Tower,12,6,14,0,32,0,0,4,0,4,12,6,18,0,36,0,0,0,36
12/15/2010,JAC,WY,ANM,WE,Federal Contract Tower,10,7,16,0,33,0,2,3,0,5,10,9,19,0,38,0,0,0,38
12/16/2010,JAC,WY,ANM,WE,Federal Contract Tower,16,18,16,0,50,0,4,10,0,14,16,22,26,0,64,18,0,18,82
12/17/2010,JAC,WY,ANM,WE,Federal Contract Tower,15,31,28,0,74,0,6,20,0,26,15,37,48,0,100,0,0,0,100
12/18/2010,JAC,WY,ANM,WE,Federal Contract Tower,18,17,34,0,69,0,0,0,0,0,18,17,34,0,69,0,0,0,69
12/19/2010,JAC,WY,ANM,WE,Federal Contract Tower,15,4,13,0,32,0,0,0,0,0,15,4,13,0,32,0,0,0,32
12/20/2010,JAC,WY,ANM,WE,Federal Contract Tower,24,18,22,0,64,0,1,6,0,7,24,19,28,0,71,0,0,0,71
12/21/2010,JAC,WY,ANM,WE,Federal Contract Tower,21,24,10,0,55,0,1,4,0,5,21,25,14,0,60,0,0,0,60
12/22/2010,JAC,WY,ANM,WE,Federal Contract Tower,17,23,33,0,73,0,0,2,0,2,17,23,35,0,75,0,0,0,75
12/23/2010,JAC,WY,ANM,WE,Federal Contract Tower,26,23,24,0,73,0,0,1,0,1,26,23,25,0,74,0,0,0,74
12/24/2010,JAC,WY,ANM,WE,Federal Contract Tower,21,11,10,0,42,0,4,2,0,6,21,15,12,0,48,0,0,0,48
12/25/2010,JAC,WY,ANM,WE,Federal Contract Tower,20,11,6,0,37,0,0,5,0,5,20,11,11,0,42,0,0,0,42
12/26/2010,JAC,WY,ANM,WE,Federal Contract Tower,24,25,58,0,107,0,1,6,0,7,24,26,64,0,114,0,0,0,114
12/27/2010,JAC,WY,ANM,WE,Federal Contract Tower,26,28,45,0,99,0,0,1,0,1,26,28,46,0,100,0,0,0,100
12/28/2010,JAC,WY,ANM,WE,Federal Contract Tower,21,27,37,0,85,0,0,0,0,0,21,27,37,0,85,0,0,0,85
12/29/2010,JAC,WY,ANM,WE,Federal Contract Tower,6,8,19,0,33,0,0,0,0,0,6,8,19,0,33,0,0,0,33
12/30/2010,JAC,WY,ANM,WE,Federal Contract Tower,19,18,25,0,62,0,0,0,0,0,19,18,25,0,62,0,0,0,62
12/31/2010,JAC,WY,ANM,WE,Federal Contract Tower,20,22,30,0,72,0,4,14,0,18,20,26,44,0,90,2,0,2,92
01/01/2011,JAC,WY,ANM,WE,Federal Contract Tower,20,23,28,0,71,0,0,1,0,1,20,23,29,0,72,0,0,0,72
01/02/2011,JAC,WY,ANM,WE,Federal Contract Tower,22,32,65,0,119,0,0,0,0,0,22,32,65,0,119,0,0,0,119
01/03/2011,JAC,WY,ANM,WE,Federal Contract Tower,24,38,42,0,104,0,6,24,0,30,24,44,66,0,134,8,0,8,142
01/04/2011,JAC,WY,ANM,WE,Federal Contract Tower,16,31,22,0,69,0,0,7,0,7,16,31,29,0,76,0,0,0,76
01/05/2011,JAC,WY,ANM,WE,Federal Contract Tower,21,10,12,0,43,0,1,0,0,1,21,11,12,0,44,0,0,0,44
01/06/2011,JAC,WY,ANM,WE,Federal Contract Tower,17,9,15,0,41,0,0,0,0,0,17,9,15,0,41,0,0,0,41
01/07/2011,JAC,WY,ANM,WE,Federal Contract Tower,14,11,12,0,37,0,2,6,0,8,14,13,18,0,45,0,0,0,45
01/08/2011,JAC,WY,ANM,WE,Federal Contract Tower,20,19,12,0,51,0,0,0,0,0,20,19,12,0,51,0,0,0,51
01/09/2011,JAC,WY,ANM,WE,Federal Contract Tower,17,4,16,0,37,0,0,5,0,5,17,4,21,0,42,0,0,0,42
01/10/2011,JAC,WY,ANM,WE,Federal Contract Tower,16,14,22,0,52,0,0,1,0,1,16,14,23,0,53,0,0,0,53
01/11/2011,JAC,WY,ANM,WE,Federal Contract Tower,18,3,10,0,31,1,2,10,0,13,19,5,20,0,44,0,0,0,44
01/12/2011,JAC,WY,ANM,WE,Federal Contract Tower,19,6,13,0,38,0,1,0,0,1,19,7,13,0,39,0,0,0,39
01/13/2011,JAC,WY,ANM,WE,Federal Contract Tower,16,18,22,0,56,0,0,0,0,0,16,18,22,0,56,0,0,0,56
01/14/2011,JAC,WY,ANM,WE,Federal Contract Tower,14,22,19,0,55,0,0,0,0,0,14,22,19,0,55,0,0,0,55
01/15/2011,JAC,WY,ANM,WE,Federal Contract Tower,19,14,10,0,43,0,2,1,0,3,19,16,11,0,46,0,0,0,46
01/16/2011,JAC,WY,ANM,WE,Federal Contract Tower,21,2,6,0,29,0,0,0,0,0,21,2,6,0,29,0,0,0,29
01/17/2011,JAC,WY,ANM,WE,Federal Contract Tower,18,25,28,2,73,0,0,1,0,1,18,25,29,2,74,0,0,0,74
01/18/2011,JAC,WY,ANM,WE,Federal Contract Tower,16,15,10,0,41,0,1,3,0,4,16,16,13,0,45,0,0,0,45
01/19/2011,JAC,WY,ANM,WE,Federal Contract Tower,17,14,16,1,48,0,3,8,0,11,17,17,24,1,59,0,0,0,59
01/20/2011,JAC,WY,ANM,WE,Federal Contract Tower,17,12,24,1,54,0,0,9,0,9,17,12,33,1,63,4,0,4,67
01/21/2011,JAC,WY,ANM,WE,Federal Contract Tower,16,6,17,2,41,0,1,1,0,2,16,7,18,2,43,0,0,0,43
01/22/2011,JAC,WY,ANM,WE,Federal Contract Tower,20,11,7,2,40,0,0,0,0,0,20,11,7,2,40,0,0,0,40
01/23/2011,JAC,WY,ANM,WE,Federal Contract Tower,20,10,16,1,47,1,1,8,0,10,21,11,24,1,57,6,0,6,63
01/24/2011,JAC,WY,ANM,WE,Federal Contract Tower,16,13,13,0,42,0,1,7,0,8,16,14,20,0,50,2,0,2,52
01/25/2011,JAC,WY,ANM,WE,Federal Contract Tower,17,11,8,2,38,0,0,4,0,4,17,11,12,2,42,0,0,0,42
01/26/2011,JAC,WY,ANM,WE,Federal Contract Tower,19,12,34,0,65,0,0,4,0,4,19,12,38,0,69,0,0,0,69
01/27/2011,JAC,WY,ANM,WE,Federal Contract Tower,16,14,18,0,48,0,1,3,0,4,16,15,21,0,52,0,0,0,52
01/28/2011,JAC,WY,ANM,WE,Federal Contract Tower,16,31,17,1,65,0,0,6,0,6,16,31,23,1,71,0,0,0,71
01/29/2011,JAC,WY,ANM,WE,Federal Contract Tower,19,12,8,1,40,1,2,28,0,31,20,14,36,1,71,0,0,0,71
01/30/2011,JAC,WY,ANM,WE,Federal Contract Tower,21,10,17,0,48,0,0,2,0,2,21,10,19,0,50,0,0,0,50
01/31/2011,JAC,WY,ANM,WE,Federal Contract Tower,6,12,16,0,34,0,0,2,0,2,6,12,18,0,36,0,0,0,36
02/01/2011,JAC,WY,ANM,WE,Federal Contract Tower,16,4,18,0,38,0,0,4,0,4,16,4,22,0,42,0,0,0,42
02/02/2011,JAC,WY,ANM,WE,Federal Contract Tower,14,10,12,0,36,1,3,13,0,17,15,13,25,0,53,0,0,0,53
02/03/2011,JAC,WY,ANM,WE,Federal Contract Tower,14,13,18,0,45,0,1,2,0,3,14,14,20,0,48,0,0,0,48
02/04/2011,JAC,WY,ANM,WE,Federal Contract Tower,17,17,17,0,51,0,0,4,0,4,17,17,21,0,55,0,0,0,55
02/05/2011,JAC,WY,ANM,WE,Federal Contract Tower,20,9,9,0,38,0,0,2,0,2,20,9,11,0,40,0,0,0,40
02/06/2011,JAC,WY,ANM,WE,Federal Contract Tower,21,5,6,0,32,0,0,6,0,6,21,5,12,0,38,0,0,0,38
02/07/2011,JAC,WY,ANM,WE,Federal Contract Tower,16,11,11,0,38,0,0,1,0,1,16,11,12,0,39,0,0,0,39
02/08/2011,JAC,WY,ANM,WE,Federal Contract Tower,16,6,17,1,40,0,1,2,0,3,16,7,19,1,43,2,0,2,45
02/09/2011,JAC,WY,ANM,WE,Federal Contract Tower,20,7,18,0,45,0,3,12,0,15,20,10,30,0,60,0,0,0,60
02/10/2011,JAC,WY,ANM,WE,Federal Contract Tower,18,18,23,0,59,0,0,0,0,0,18,18,23,0,59,0,0,0,59
02/11/2011,JAC,WY,ANM,WE,Federal Contract Tower,17,8,17,0,42,0,1,8,0,9,17,9,25,0,51,0,0,0,51
02/12/2011,JAC,WY,ANM,WE,Federal Contract Tower,19,4,10,1,34,0,2,4,0,6,19,6,14,1,40,0,0,0,40
02/13/2011,JAC,WY,ANM,WE,Federal Contract Tower,20,13,14,1,48,0,0,8,0,8,20,13,22,1,56,0,0,0,56
02/14/2011,JAC,WY,ANM,WE,Federal Contract Tower,18,18,15,0,51,0,0,23,0,23,18,18,38,0,74,4,0,4,78
02/15/2011,JAC,WY,ANM,WE,Federal Contract Tower,18,3,13,0,34,0,2,5,0,7,18,5,18,0,41,2,0,2,43
02/16/2011,JAC,WY,ANM,WE,Federal Contract Tower,18,12,13,2,45,0,1,6,0,7,18,13,19,2,52,0,0,0,52
02/17/2011,JAC,WY,ANM,WE,Federal Contract Tower,21,35,31,0,87,0,0,0,0,0,21,35,31,0,87,0,0,0,87
02/18/2011,JAC,WY,ANM,WE,Federal Contract Tower,19,44,34,1,98,0,1,5,0,6,19,45,39,1,104,0,0,0,104
02/19/2011,JAC,WY,ANM,WE,Federal Contract Tower,23,18,15,0,56,0,0,0,0,0,23,18,15,0,56,0,0,0,56
02/20/2011,JAC,WY,ANM,WE,Federal Contract Tower,21,10,20,0,51,0,0,0,0,0,21,10,20,0,51,0,0,0,51
02/21/2011,JAC,WY,ANM,WE,Federal Contract Tower,19,37,36,1,93,0,1,2,0,3,19,38,38,1,96,6,0,6,102
02/22/2011,JAC,WY,ANM,WE,Federal Contract Tower,16,25,25,2,68,0,0,0,0,0,16,25,25,2,68,0,0,0,68
02/23/2011,JAC,WY,ANM,WE,Federal Contract Tower,20,20,16,0,56,0,0,2,0,2,20,20,18,0,58,0,0,0,58
02/24/2011,JAC,WY,ANM,WE,Federal Contract Tower,21,26,17,0,64,0,0,0,0,0,21,26,17,0,64,0,0,0,64
02/25/2011,JAC,WY,ANM,WE,Federal Contract Tower,19,20,22,0,61,0,1,0,0,1,19,21,22,0,62,0,0,0,62
02/26/2011,JAC,WY,ANM,WE,Federal Contract Tower,24,17,18,0,59,0,2,17,0,19,24,19,35,0,78,0,0,0,78
02/27/2011,JAC,WY,ANM,WE,Federal Contract Tower,23,22,22,0,67,0,0,13,0,13,23,22,35,0,80,22,0,22,102
02/28/2011,JAC,WY,ANM,WE,Federal Contract Tower,18,11,6,0,35,0,0,9,0,9,18,11,15,0,44,0,0,0,44
03/01/2011,JAC,WY,ANM,WE,Federal Contract Tower,19,10,4,0,33,0,5,8,0,13,19,15,12,0,46,0,0,0,46
03/02/2011,JAC,WY,ANM,WE,Federal Contract Tower,20,14,12,0,46,0,1,11,0,12,20,15,23,0,58,2,0,2,60
03/03/2011,JAC,WY,ANM,WE,Federal Contract Tower,21,11,13,0,45,0,0,0,0,0,21,11,13,0,45,0,0,0,45
03/04/2011,JAC,WY,ANM,WE,Federal Contract Tower,18,16,14,0,48,0,2,13,0,15,18,18,27,0,63,0,0,0,63
03/05/2011,JAC,WY,ANM,WE,Federal Contract Tower,23,8,22,0,53,0,0,0,0,0,23,8,22,0,53,0,0,0,53
03/06/2011,JAC,WY,ANM,WE,Federal Contract Tower,23,14,15,0,52,0,0,0,0,0,23,14,15,0,52,0,0,0,52
03/07/2011,JAC,WY,ANM,WE,Federal Contract Tower,21,14,17,0,52,0,1,7,0,8,21,15,24,0,60,0,0,0,60
03/08/2011,JAC,WY,ANM,WE,Federal Contract Tower,17,19,11,0,47,0,0,2,0,2,17,19,13,0,49,0,0,0,49
03/09/2011,JAC,WY,ANM,WE,Federal Contract Tower,23,13,13,0,49,0,0,7,0,7,23,13,20,0,56,0,0,0,56
03/10/2011,JAC,WY,ANM,WE,Federal Contract Tower,19,14,18,0,51,0,2,14,0,16,19,16,32,0,67,6,0,6,73
03/11/2011,JAC,WY,ANM,WE,Federal Contract Tower,18,12,20,0,50,0,3,0,0,3,18,15,20,0,53,0,0,0,53
03/12/2011,JAC,WY,ANM,WE,Federal Contract Tower,27,18,22,0,67,0,4,6,0,10,27,22,28,0,77,4,0,4,81
03/13/2011,JAC,WY,ANM,WE,Federal Contract Tower,24,13,26,0,63,0,0,15,0,15,24,13,41,0,78,6,0,6,84
03/14/2011,JAC,WY,ANM,WE,Federal Contract Tower,17,9,20,0,46,0,1,2,0,3,17,10,22,0,49,0,0,0,49
03/15/2011,JAC,WY,ANM,WE,Federal Contract Tower,18,12,21,0,51,0,0,0,0,0,18,12,21,0,51,0,0,0,51
03/16/2011,JAC,WY,ANM,WE,Federal Contract Tower,19,12,19,0,50,0,0,0,0,0,19,12,19,0,50,0,0,0,50
03/17/2011,JAC,WY,ANM,WE,Federal Contract Tower,21,11,28,0,60,0,1,9,0,10,21,12,37,0,70,20,0,20,90
03/18/2011,JAC,WY,ANM,WE,Federal Contract Tower,18,24,19,0,61,0,1,17,0,18,18,25,36,0,79,2,0,2,81
03/19/2011,JAC,WY,ANM,WE,Federal Contract Tower,24,16,15,0,55,0,0,0,0,0,24,16,15,0,55,0,0,0,55
03/20/2011,JAC,WY,ANM,WE,Federal Contract Tower,22,18,20,0,60,1,0,6,0,7,23,18,26,0,67,0,0,0,67
03/21/2011,JAC,WY,ANM,WE,Federal Contract Tower,18,8,18,0,44,0,0,1,0,1,18,8,19,0,45,0,0,0,45
03/22/2011,JAC,WY,ANM,WE,Federal Contract Tower,11,6,7,0,24,0,0,0,0,0,11,6,7,0,24,0,0,0,24
03/23/2011,JAC,WY,ANM,WE,Federal Contract Tower,20,10,19,0,49,0,2,25,0,27,20,12,44,0,76,18,0,18,94
03/24/2011,JAC,WY,ANM,WE,Federal Contract Tower,15,20,15,0,50,0,2,0,0,2,15,22,15,0,52,0,0,0,52
03/25/2011,JAC,WY,ANM,WE,Federal Contract Tower,19,15,26,0,60,0,0,0,0,0,19,15,26,0,60,0,0,0,60
03/26/2011,JAC,WY,ANM,WE,Federal Contract Tower,26,14,13,0,53,0,1,3,0,4,26,15,16,0,57,0,0,0,57
03/27/2011,JAC,WY,ANM,WE,Federal Contract Tower,23,20,31,0,74,0,0,2,0,2,23,20,33,0,76,0,0,0,76
03/28/2011,JAC,WY,ANM,WE,Federal Contract Tower,19,11,13,0,43,0,0,0,0,0,19,11,13,0,43,0,0,0,43
03/29/2011,JAC,WY,ANM,WE,Federal Contract Tower,19,15,10,0,44,0,2,6,0,8,19,17,16,0,52,0,0,0,52
03/30/2011,JAC,WY,ANM,WE,Federal Contract Tower,22,8,17,0,47,0,0,0,0,0,22,8,17,0,47,0,0,0,47
03/31/2011,JAC,WY,ANM,WE,Federal Contract Tower,20,6,14,0,40,0,0,2,0,2,20,6,16,0,42,0,0,0,42
04/01/2011,JAC,WY,ANM,WE,Federal Contract Tower,17,12,13,0,42,0,3,6,0,9,17,15,19,0,51,0,0,0,51
04/02/2011,JAC,WY,ANM,WE,Federal Contract Tower,20,10,10,0,40,0,3,2,0,5,20,13,12,0,45,0,0,0,45
04/03/2011,JAC,WY,ANM,WE,Federal Contract Tower,19,1,17,0,37,0,3,0,0,3,19,4,17,0,40,0,0,0,40
04/04/2011,JAC,WY,ANM,WE,Federal Contract Tower,13,11,12,0,36,0,0,10,0,10,13,11,22,0,46,0,0,0,46
04/05/2011,JAC,WY,ANM,WE,Federal Contract Tower,0,7,6,10,23,0,0,0,0,0,0,7,6,10,23,0,0,0,23
04/06/2011,JAC,WY,ANM,WE,Federal Contract Tower,9,5,15,0,29,0,1,4,0,5,9,6,19,0,34,4,0,4,38
04/07/2011,JAC,WY,ANM,WE,Federal Contract Tower,7,7,9,0,23,0,0,0,0,0,7,7,9,0,23,0,0,0,23
04/08/2011,JAC,WY,ANM,WE,Federal Contract Tower,9,4,7,0,20,0,0,0,0,0,9,4,7,0,20,0,0,0,20
04/09/2011,JAC,WY,ANM,WE,Federal Contract Tower,7,10,5,0,22,0,0,1,0,1,7,10,6,0,23,0,0,0,23
04/10/2011,JAC,WY,ANM,WE,Federal Contract Tower,9,7,9,0,25,0,0,3,0,3,9,7,12,0,28,0,0,0,28
04/11/2011,JAC,WY,ANM,WE,Federal Contract Tower,11,9,14,0,34,0,1,2,0,3,11,10,16,0,37,0,0,0,37
04/12/2011,JAC,WY,ANM,WE,Federal Contract Tower,7,10,11,0,28,0,2,12,0,14,7,12,23,0,42,8,10,18,60
04/13/2011,JAC,WY,ANM,WE,Federal Contract Tower,10,6,6,0,22,0,1,21,0,22,10,7,27,0,44,10,0,10,54
04/14/2011,JAC,WY,ANM,WE,Federal Contract Tower,9,8,13,0,30,0,1,5,0,6,9,9,18,0,36,6,0,6,42
04/15/2011,JAC,WY,ANM,WE,Federal Contract Tower,10,8,11,0,29,0,1,15,0,16,10,9,26,0,45,4,0,4,49
04/16/2011,JAC,WY,ANM,WE,Federal Contract Tower,8,6,4,0,18,0,0,1,0,1,8,6,5,0,19,0,0,0,19
04/17/2011,JAC,WY,ANM,WE,Federal Contract Tower,7,3,4,0,14,0,0,2,0,2,7,3,6,0,16,0,0,0,16
04/18/2011,JAC,WY,ANM,WE,Federal Contract Tower,9,7,8,0,24,0,1,4,0,5,9,8,12,0,29,0,0,0,29
04/19/2011,JAC,WY,ANM,WE,Federal Contract Tower,7,6,1,0,14,0,2,5,0,7,7,8,6,0,21,0,0,0,21
04/20/2011,JAC,WY,ANM,WE,Federal Contract Tower,10,2,11,0,23,0,2,14,0,16,10,4,25,0,39,0,0,0,39
04/21/2011,JAC,WY,ANM,WE,Federal Contract Tower,11,16,9,0,36,0,0,1,0,1,11,16,10,0,37,0,0,0,37
04/22/2011,JAC,WY,ANM,WE,Federal Contract Tower,10,11,12,0,33,0,2,3,0,5,10,13,15,0,38,0,0,0,38
04/23/2011,JAC,WY,ANM,WE,Federal Contract Tower,6,6,5,2,19,0,1,18,0,19,6,7,23,2,38,10,0,10,48
04/24/2011,JAC,WY,ANM,WE,Federal Contract Tower,8,1,4,0,13,0,0,9,0,9,8,1,13,0,22,6,0,6,28
04/25/2011,JAC,WY,ANM,WE,Federal Contract Tower,10,9,10,0,29,0,0,1,0,1,10,9,11,0,30,0,0,0,30
04/26/2011,JAC,WY,ANM,WE,Federal Contract Tower,8,4,6,0,18,0,1,2,0,3,8,5,8,0,21,0,0,0,21
04/27/2011,JAC,WY,ANM,WE,Federal Contract Tower,10,8,4,0,22,0,1,8,0,9,10,9,12,0,31,0,0,0,31
04/28/2011,JAC,WY,ANM,WE,Federal Contract Tower,8,10,19,0,37,0,2,4,0,6,8,12,23,0,43,0,0,0,43
04/29/2011,JAC,WY,ANM,WE,Federal Contract Tower,9,11,11,0,31,0,1,0,0,1,9,12,11,0,32,0,0,0,32
04/30/2011,JAC,WY,ANM,WE,Federal Contract Tower,7,2,7,0,16,2,2,3,0,7,9,4,10,0,23,2,0,2,25
05/01/2011,JAC,WY,ANM,WE,Federal Contract Tower,9,3,7,0,19,0,0,8,0,8,9,3,15,0,27,0,0,0,27
05/02/2011,JAC,WY,ANM,WE,Federal Contract Tower,9,6,7,0,22,0,3,6,0,9,9,9,13,0,31,0,0,0,31
05/03/2011,JAC,WY,ANM,WE,Federal Contract Tower,7,8,9,0,24,0,2,1,0,3,7,10,10,0,27,0,0,0,27
05/04/2011,JAC,WY,ANM,WE,Federal Contract Tower,11,12,10,1,34,0,0,2,0,2,11,12,12,1,36,0,0,0,36
05/05/2011,JAC,WY,ANM,WE,Federal Contract Tower,8,8,7,0,23,0,2,15,0,17,8,10,22,0,40,8,0,8,48
05/06/2011,JAC,WY,ANM,WE,Federal Contract Tower,12,4,6,0,22,0,1,5,0,6,12,5,11,0,28,0,0,0,28
05/07/2011,JAC,WY,ANM,WE,Federal Contract Tower,6,3,12,2,23,0,0,1,0,1,6,3,13,2,24,0,0,0,24
05/08/2011,JAC,WY,ANM,WE,Federal Contract Tower,11,4,15,0,30,0,0,0,0,0,11,4,15,0,30,0,0,0,30
05/09/2011,JAC,WY,ANM,WE,Federal Contract Tower,12,7,20,0,39,0,0,0,0,0,12,7,20,0,39,0,0,0,39
05/10/2011,JAC,WY,ANM,WE,Federal Contract Tower,10,4,17,0,31,0,0,0,0,0,10,4,17,0,31,0,0,0,31
05/11/2011,JAC,WY,ANM,WE,Federal Contract Tower,13,15,9,0,37,0,2,11,0,13,13,17,20,0,50,0,0,0,50
05/12/2011,JAC,WY,ANM,WE,Federal Contract Tower,12,9,16,1,38,0,1,32,3,36,12,10,48,4,74,40,0,40,114
05/13/2011,JAC,WY,ANM,WE,Federal Contract Tower,13,2,15,0,30,0,5,22,0,27,13,7,37,0,57,16,0,16,73
05/14/2011,JAC,WY,ANM,WE,Federal Contract Tower,11,7,1,0,19,0,1,11,0,12,11,8,12,0,31,0,0,0,31
05/15/2011,JAC,WY,ANM,WE,Federal Contract Tower,13,3,9,0,25,0,0,5,0,5,13,3,14,0,30,0,0,0,30
05/16/2011,JAC,WY,ANM,WE,Federal Contract Tower,12,12,23,0,47,0,1,14,0,15,12,13,37,0,62,0,0,0,62
05/17/2011,JAC,WY,ANM,WE,Federal Contract Tower,10,7,12,0,29,0,2,7,0,9,10,9,19,0,38,0,0,0,38
05/18/2011,JAC,WY,ANM,WE,Federal Contract Tower,10,7,16,0,33,0,3,11,0,14,10,10,27,0,47,0,0,0,47
05/19/2011,JAC,WY,ANM,WE,Federal Contract Tower,12,10,13,0,35,0,1,0,0,1,12,11,13,0,36,0,0,0,36
05/20/2011,JAC,WY,ANM,WE,Federal Contract Tower,13,4,14,4,35,0,1,3,0,4,13,5,17,4,39,0,0,0,39
05/21/2011,JAC,WY,ANM,WE,Federal Contract Tower,13,6,5,0,24,0,3,10,0,13,13,9,15,0,37,46,0,46,83
05/22/2011,JAC,WY,ANM,WE,Federal Contract Tower,13,10,11,0,34,0,0,14,0,14,13,10,25,0,48,32,0,32,80
05/23/2011,JAC,WY,ANM,WE,Federal Contract Tower,12,13,8,0,33,0,0,15,0,15,12,13,23,0,48,60,0,60,108
05/24/2011,JAC,WY,ANM,WE,Federal Contract Tower,10,14,10,0,34,0,0,15,0,15,10,14,25,0,49,2,0,2,51
05/25/2011,JAC,WY,ANM,WE,Federal Contract Tower,13,14,15,0,42,0,1,32,0,33,13,15,47,0,75,24,0,24,99
05/26/2011,JAC,WY,ANM,WE,Federal Contract Tower,16,17,13,0,46,0,2,7,0,9,16,19,20,0,55,0,0,0,55
05/27/2011,JAC,WY,ANM,WE,Federal Contract Tower,12,16,16,0,44,0,1,4,0,5,12,17,20,0,49,0,0,0,49
05/28/2011,JAC,WY,ANM,WE,Federal Contract Tower,14,7,0,0,21,0,1,12,0,13,14,8,12,0,34,18,0,18,52
05/29/2011,JAC,WY,ANM,WE,Federal Contract Tower,14,5,7,0,26,0,0,3,0,3,14,5,10,0,29,4,0,4,33
05/30/2011,JAC,WY,ANM,WE,Federal Contract Tower,14,9,12,0,35,0,0,0,0,0,14,9,12,0,35,0,0,0,35
05/31/2011,JAC,WY,ANM,WE,Federal Contract Tower,12,12,14,0,38,0,2,21,0,23,12,14,35,0,61,60,0,60,121
06/01/2011,JAC,WY,ANM,WE,Federal Contract Tower,14,6,18,0,38,0,2,28,0,30,14,8,46,0,68,66,0,66,134
06/02/2011,JAC,WY,ANM,WE,Federal Contract Tower,12,16,18,0,46,0,2,7,0,9,12,18,25,0,55,4,0,4,59
06/03/2011,JAC,WY,ANM,WE,Federal Contract Tower,13,10,10,0,33,0,3,33,0,36,13,13,43,0,69,4,0,4,73
06/04/2011,JAC,WY,ANM,WE,Federal Contract Tower,13,2,14,0,29,0,2,17,0,19,13,4,31,0,48,0,0,0,48
06/05/2011,JAC,WY,ANM,WE,Federal Contract Tower,14,13,11,0,38,0,0,23,0,23,14,13,34,0,61,20,0,20,81
06/06/2011,JAC,WY,ANM,WE,Federal Contract Tower,12,16,16,0,44,0,2,23,0,25,12,18,39,0,69,6,0,6,75
06/07/2011,JAC,WY,ANM,WE,Federal Contract Tower,13,21,20,0,54,0,0,0,0,0,13,21,20,0,54,0,0,0,54
06/08/2011,JAC,WY,ANM,WE,Federal Contract Tower,14,16,18,0,48,0,6,10,0,16,14,22,28,0,64,0,0,0,64
06/09/2011,JAC,WY,ANM,WE,Federal Contract Tower,21,19,31,0,71,0,1,10,0,11,21,20,41,0,82,14,0,14,96
06/10/2011,JAC,WY,ANM,WE,Federal Contract Tower,20,16,19,0,55,0,2,36,0,38,20,18,55,0,93,0,0,0,93
06/11/2011,JAC,WY,ANM,WE,Federal Contract Tower,31,11,15,0,57,0,4,12,3,19,31,15,27,3,76,0,0,0,76
06/12/2011,JAC,WY,ANM,WE,Federal Contract Tower,27,15,29,0,71,0,1,7,0,8,27,16,36,0,79,0,0,0,79
06/13/2011,JAC,WY,ANM,WE,Federal Contract Tower,23,20,27,0,70,0,1,10,1,12,23,21,37,1,82,10,0,10,92
06/14/2011,JAC,WY,ANM,WE,Federal Contract Tower,23,11,12,0,46,0,1,29,0,30,23,12,41,0,76,14,0,14,90
06/15/2011,JAC,WY,ANM,WE,Federal Contract Tower,23,10,26,0,59,0,4,35,0,39,23,14,61,0,98,0,0,0,98
06/16/2011,JAC,WY,ANM,WE,Federal Contract Tower,25,10,23,0,58,0,1,14,0,15,25,11,37,0,73,16,0,16,89
06/17/2011,JAC,WY,ANM,WE,Federal Contract Tower,23,15,14,0,52,0,3,16,0,19,23,18,30,0,71,0,0,0,71
06/18/2011,JAC,WY,ANM,WE,Federal Contract Tower,31,11,16,0,58,0,2,26,0,28,31,13,42,0,86,8,0,8,94
06/19/2011,JAC,WY,ANM,WE,Federal Contract Tower,29,7,24,0,60,0,0,4,0,4,29,7,28,0,64,0,0,0,64
06/20/2011,JAC,WY,ANM,WE,Federal Contract Tower,25,8,20,0,53,0,4,25,0,29,25,12,45,0,82,28,0,28,110
06/21/2011,JAC,WY,ANM,WE,Federal Contract Tower,23,7,21,0,51,1,2,28,0,31,24,9,49,0,82,12,0,12,94
06/22/2011,JAC,WY,ANM,WE,Federal Contract Tower,25,10,18,0,53,0,3,30,2,35,25,13,48,2,88,28,0,28,116
06/23/2011,JAC,WY,ANM,WE,Federal Contract Tower,22,17,24,0,63,0,4,22,1,27,22,21,46,1,90,16,0,16,106
06/24/2011,JAC,WY,ANM,WE,Federal Contract Tower,24,21,23,0,68,0,2,23,3,28,24,23,46,3,96,22,0,22,118
06/25/2011,JAC,WY,ANM,WE,Federal Contract Tower,28,13,20,0,61,1,4,25,1,31,29,17,45,1,92,14,0,14,106
06/26/2011,JAC,WY,ANM,WE,Federal Contract Tower,30,18,17,0,65,0,0,22,0,22,30,18,39,0,87,6,0,6,93
06/27/2011,JAC,WY,ANM,WE,Federal Contract Tower,25,18,27,1,71,0,2,34,0,36,25,20,61,1,107,6,0,6,113
06/28/2011,JAC,WY,ANM,WE,Federal Contract Tower,24,13,17,0,54,0,4,40,0,44,24,17,57,0,98,2,0,2,100
06/29/2011,JAC,WY,ANM,WE,Federal Contract Tower,24,16,22,0,62,0,4,20,0,24,24,20,42,0,86,18,0,18,104
06/30/2011,JAC,WY,ANM,WE,Federal Contract Tower,25,16,31,0,72,0,1,30,1,32,25,17,61,1,104,25,0,25,129
07/01/2011,JAC,WY,ANM,WE,Federal Contract Tower,25,47,54,0,126,0,5,52,0,57,25,52,106,0,183,16,0,16,199
07/02/2011,JAC,WY,ANM,WE,Federal Contract Tower,35,16,25,0,76,0,10,62,0,72,35,26,87,0,148,58,0,58,206
07/03/2011,JAC,WY,ANM,WE,Federal Contract Tower,27,12,15,0,54,0,0,16,0,16,27,12,31,0,70,2,0,2,72
07/04/2011,JAC,WY,ANM,WE,Federal Contract Tower,23,17,18,0,58,0,0,26,0,26,23,17,44,0,84,20,0,20,104
07/05/2011,JAC,WY,ANM,WE,Federal Contract Tower,25,26,32,0,83,0,1,34,0,35,25,27,66,0,118,4,0,4,122
07/06/2011,JAC,WY,ANM,WE,Federal Contract Tower,25,13,22,0,60,0,12,29,0,41,25,25,51,0,101,14,0,14,115
07/07/2011,JAC,WY,ANM,WE,Federal Contract Tower,28,22,36,0,86,0,5,27,0,32,28,27,63,0,118,6,0,6,124
07/08/2011,JAC,WY,ANM,WE,Federal Contract Tower,26,10,26,0,62,0,4,18,0,22,26,14,44,0,84,18,0,18,102
07/09/2011,JAC,WY,ANM,WE,Federal Contract Tower,38,25,14,0,77,0,7,9,0,16,38,32,23,0,93,6,0,6,99
07/10/2011,JAC,WY,ANM,WE,Federal Contract Tower,29,29,41,0,99,0,0,30,0,30,29,29,71,0,129,0,0,0,129
07/11/2011,JAC,WY,ANM,WE,Federal Contract Tower,23,18,25,0,66,1,3,23,0,27,24,21,48,0,93,22,0,22,115
07/12/2011,JAC,WY,ANM,WE,Federal Contract Tower,26,11,27,0,64,0,3,25,0,28,26,14,52,0,92,8,0,8,100
07/13/2011,JAC,WY,ANM,WE,Federal Contract Tower,23,21,38,0,82,0,2,15,0,17,23,23,53,0,99,12,0,12,111
07/14/2011,JAC,WY,ANM,WE,Federal Contract Tower,21,35,25,0,81,0,10,19,2,31,21,45,44,2,112,6,0,6,118
07/15/2011,JAC,WY,ANM,WE,Federal Contract Tower,22,22,34,0,78,0,2,35,1,38,22,24,69,1,116,0,0,0,116
07/16/2011,JAC,WY,ANM,WE,Federal Contract Tower,35,24,19,0,78,0,5,33,1,39,35,29,52,1,117,6,0,6,123
07/17/2011,JAC,WY,ANM,WE,Federal Contract Tower,32,24,29,0,85,0,0,30,1,31,32,24,59,1,116,6,0,6,122
07/18/2011,JAC,WY,ANM,WE,Federal Contract Tower,22,16,31,0,69,0,4,28,0,32,22,20,59,0,101,10,0,10,111
07/19/2011,JAC,WY,ANM,WE,Federal Contract Tower,26,21,23,0,70,0,2,17,0,19,26,23,40,0,89,8,0,8,97
07/20/2011,JAC,WY,ANM,WE,Federal Contract Tower,26,5,32,0,63,0,2,33,0,35,26,7,65,0,98,4,0,4,102
07/21/2011,JAC,WY,ANM,WE,Federal Contract Tower,26,17,34,0,77,2,7,21,0,30,28,24,55,0,107,14,0,14,121
07/22/2011,JAC,WY,ANM,WE,Federal Contract Tower,24,21,23,0,68,0,4,31,0,35,24,25,54,0,103,6,0,6,109
07/23/2011,JAC,WY,ANM,WE,Federal Contract Tower,34,23,18,0,75,0,4,18,0,22,34,27,36,0,97,10,0,10,107
07/24/2011,JAC,WY,ANM,WE,Federal Contract Tower,32,32,38,0,102,0,0,28,1,29,32,32,66,1,131,6,0,6,137
07/25/2011,JAC,WY,ANM,WE,Federal Contract Tower,25,24,25,1,75,0,1,16,0,17,25,25,41,1,92,0,0,0,92
07/26/2011,JAC,WY,ANM,WE,Federal Contract Tower,28,15,21,0,64,0,5,21,0,26,28,20,42,0,90,0,0,0,90
07/27/2011,JAC,WY,ANM,WE,Federal Contract Tower,26,22,26,0,74,0,4,28,0,32,26,26,54,0,106,16,0,16,122
07/28/2011,JAC,WY,ANM,WE,Federal Contract Tower,27,23,22,0,72,0,6,56,1,63,27,29,78,1,135,0,0,0,135
07/29/2011,JAC,WY,ANM,WE,Federal Contract Tower,26,17,31,1,75,0,3,45,4,52,26,20,76,5,127,8,0,8,135
07/30/2011,JAC,WY,ANM,WE,Federal Contract Tower,31,11,30,0,72,0,2,28,0,30,31,13,58,0,102,16,0,16,118
07/31/2011,JAC,WY,ANM,WE,Federal Contract Tower,32,33,25,0,90,0,1,22,0,23,32,34,47,0,113,0,0,0,113
08/01/2011,JAC,WY,ANM,WE,Federal Contract Tower,27,13,49,0,89,1,2,13,0,16,28,15,62,0,105,0,0,0,105
08/02/2011,JAC,WY,ANM,WE,Federal Contract Tower,26,22,27,0,75,0,2,23,0,25,26,24,50,0,100,0,0,0,100
08/03/2011,JAC,WY,ANM,WE,Federal Contract Tower,25,19,22,0,66,0,2,24,0,26,25,21,46,0,92,0,0,0,92
08/04/2011,JAC,WY,ANM,WE,Federal Contract Tower,25,31,38,0,94,0,2,45,2,49,25,33,83,2,143,12,0,12,155
08/05/2011,JAC,WY,ANM,WE,Federal Contract Tower,24,30,33,0,87,0,1,31,0,32,24,31,64,0,119,2,0,2,121
08/06/2011,JAC,WY,ANM,WE,Federal Contract Tower,34,33,23,0,90,0,2,28,0,30,34,35,51,0,120,0,0,0,120
08/07/2011,JAC,WY,ANM,WE,Federal Contract Tower,32,39,51,0,122,2,47,0,0,49,34,86,51,0,171,12,0,12,183
08/08/2011,JAC,WY,ANM,WE,Federal Contract Tower,24,22,30,0,76,0,4,43,0,47,24,26,73,0,123,0,0,0,123
08/09/2011,JAC,WY,ANM,WE,Federal Contract Tower,25,12,39,0,76,0,3,35,0,38,25,15,74,0,114,8,0,8,122
08/10/2011,JAC,WY,ANM,WE,Federal Contract Tower,26,19,31,0,76,0,6,57,0,63,26,25,88,0,139,38,0,38,177
08/11/2011,JAC,WY,ANM,WE,Federal Contract Tower,26,19,39,0,84,0,3,36,0,39,26,22,75,0,123,0,0,0,123
08/12/2011,JAC,WY,ANM,WE,Federal Contract Tower,28,21,31,0,80,0,8,55,0,63,28,29,86,0,143,0,0,0,143
08/13/2011,JAC,WY,ANM,WE,Federal Contract Tower,32,13,21,0,66,0,4,27,0,31,32,17,48,0,97,12,0,12,109
08/14/2011,JAC,WY,ANM,WE,Federal Contract Tower,31,37,40,0,108,0,0,37,0,37,31,37,77,0,145,0,0,0,145
08/15/2011,JAC,WY,ANM,WE,Federal Contract Tower,28,35,36,0,99,0,6,20,0,26,28,41,56,0,125,0,0,0,125
08/16/2011,JAC,WY,ANM,WE,Federal Contract Tower,24,24,33,0,81,2,1,26,0,29,26,25,59,0,110,4,0,4,114
08/17/2011,JAC,WY,ANM,WE,Federal Contract Tower,26,23,33,0,82,0,6,37,0,43,26,29,70,0,125,0,0,0,125
08/18/2011,JAC,WY,ANM,WE,Federal Contract Tower,26,33,32,2,93,0,3,37,0,40,26,36,69,2,133,8,0,8,141
08/19/2011,JAC,WY,ANM,WE,Federal Contract Tower,25,27,31,0,83,0,4,53,4,61,25,31,84,4,144,12,0,12,156
08/20/2011,JAC,WY,ANM,WE,Federal Contract Tower,35,22,24,0,81,0,3,20,0,23,35,25,44,0,104,26,0,26,130
08/21/2011,JAC,WY,ANM,WE,Federal Contract Tower,30,32,34,0,96,0,2,33,0,35,30,34,67,0,131,22,0,22,153
08/22/2011,JAC,WY,ANM,WE,Federal Contract Tower,24,15,25,0,64,1,4,31,0,36,25,19,56,0,100,22,0,22,122
08/23/2011,JAC,WY,ANM,WE,Federal Contract Tower,26,22,19,0,67,0,3,46,0,49,26,25,65,0,116,22,0,22,138
08/24/2011,JAC,WY,ANM,WE,Federal Contract Tower,28,34,38,0,100,0,2,37,0,39,28,36,75,0,139,6,0,6,145
08/25/2011,JAC,WY,ANM,WE,Federal Contract Tower,26,22,33,0,81,0,4,34,0,38,26,26,67,0,119,0,0,0,119
08/26/2011,JAC,WY,ANM,WE,Federal Contract Tower,24,24,17,1,66,0,4,45,0,49,24,28,62,1,115,8,0,8,123
08/27/2011,JAC,WY,ANM,WE,Federal Contract Tower,29,28,15,0,72,0,0,35,0,35,29,28,50,0,107,24,0,24,131
08/28/2011,JAC,WY,ANM,WE,Federal Contract Tower,31,16,31,2,80,0,0,27,0,27,31,16,58,2,107,2,0,2,109
08/29/2011,JAC,WY,ANM,WE,Federal Contract Tower,19,15,29,0,63,0,1,36,0,37,19,16,65,0,100,2,0,2,102
08/30/2011,JAC,WY,ANM,WE,Federal Contract Tower,25,10,18,0,53,0,4,35,0,39,25,14,53,0,92,0,0,0,92
08/31/2011,JAC,WY,ANM,WE,Federal Contract Tower,22,16,16,0,54,0,1,20,0,21,22,17,36,0,75,4,0,4,79
09/01/2011,JAC,WY,ANM,WE,Federal Contract Tower,19,22,28,0,69,0,6,25,0,31,19,28,53,0,100,14,0,14,114
09/02/2011,JAC,WY,ANM,WE,Federal Contract Tower,18,20,28,1,67,0,12,60,0,72,18,32,88,1,139,16,0,16,155
09/03/2011,JAC,WY,ANM,WE,Federal Contract Tower,19,13,23,0,55,0,1,29,0,30,19,14,52,0,85,0,0,0,85
09/04/2011,JAC,WY,ANM,WE,Federal Contract Tower,19,5,20,0,44,0,0,38,0,38,19,5,58,0,82,0,0,0,82
09/05/2011,JAC,WY,ANM,WE,Federal Contract Tower,19,26,38,0,83,0,0,40,0,40,19,26,78,0,123,6,0,6,129
09/06/2011,JAC,WY,ANM,WE,Federal Contract Tower,19,16,17,0,52,0,2,37,0,39,19,18,54,0,91,0,0,0,91
09/07/2011,JAC,WY,ANM,WE,Federal Contract Tower,17,7,22,1,47,0,2,26,0,28,17,9,48,1,75,0,0,0,75
09/08/2011,JAC,WY,ANM,WE,Federal Contract Tower,20,15,26,0,61,0,5,28,1,34,20,20,54,1,95,0,0,0,95
09/09/2011,JAC,WY,ANM,WE,Federal Contract Tower,19,23,30,0,72,0,4,33,0,37,19,27,63,0,109,4,0,4,113
09/10/2011,JAC,WY,ANM,WE,Federal Contract Tower,19,12,16,4,51,0,8,35,1,44,19,20,51,5,95,0,0,0,95
09/11/2011,JAC,WY,ANM,WE,Federal Contract Tower,20,16,19,0,55,0,0,22,0,22,20,16,41,0,77,36,0,36,113
09/12/2011,JAC,WY,ANM,WE,Federal Contract Tower,18,23,26,0,67,0,5,9,1,15,18,28,35,1,82,0,0,0,82
09/13/2011,JAC,WY,ANM,WE,Federal Contract Tower,17,17,22,1,57,0,3,27,2,32,17,20,49,3,89,0,0,0,89
09/14/2011,JAC,WY,ANM,WE,Federal Contract Tower,16,17,13,0,46,0,4,17,0,21,16,21,30,0,67,0,0,0,67
09/15/2011,JAC,WY,ANM,WE,Federal Contract Tower,17,16,26,2,61,1,3,14,0,18,18,19,40,2,79,2,0,2,81
09/16/2011,JAC,WY,ANM,WE,Federal Contract Tower,17,20,34,0,71,0,5,11,0,16,17,25,45,0,87,0,0,0,87
09/17/2011,JAC,WY,ANM,WE,Federal Contract Tower,18,12,21,4,55,0,2,13,0,15,18,14,34,4,70,0,0,0,70
09/18/2011,JAC,WY,ANM,WE,Federal Contract Tower,18,14,17,0,49,0,1,24,0,25,18,15,41,0,74,30,0,30,104
09/19/2011,JAC,WY,ANM,WE,Federal Contract Tower,15,24,29,0,68,0,9,24,1,34,15,33,53,1,102,12,0,12,114
09/20/2011,JAC,WY,ANM,WE,Federal Contract Tower,18,20,20,0,58,0,2,34,0,36,18,22,54,0,94,0,0,0,94
09/21/2011,JAC,WY,ANM,WE,Federal Contract Tower,18,10,24,1,53,0,5,41,0,46,18,15,65,1,99,8,0,8,107
09/22/2011,JAC,WY,ANM,WE,Federal Contract Tower,21,21,34,0,76,0,7,39,0,46,21,28,73,0,122,24,0,24,146
09/23/2011,JAC,WY,ANM,WE,Federal Contract Tower,18,15,36,0,69,0,3,48,1,52,18,18,84,1,121,0,0,0,121
09/24/2011,JAC,WY,ANM,WE,Federal Contract Tower,18,7,17,0,42,0,2,31,1,34,18,9,48,1,76,0,0,0,76
09/25/2011,JAC,WY,ANM,WE,Federal Contract Tower,19,14,23,0,56,0,1,35,0,36,19,15,58,0,92,16,0,16,108
09/26/2011,JAC,WY,ANM,WE,Federal Contract Tower,18,11,22,0,51,0,3,40,0,43,18,14,62,0,94,0,0,0,94
09/27/2011,JAC,WY,ANM,WE,Federal Contract Tower,18,8,21,0,47,0,3,33,0,36,18,11,54,0,83,0,0,0,83
09/28/2011,JAC,WY,ANM,WE,Federal Contract Tower,18,17,21,0,56,1,2,29,0,32,19,19,50,0,88,2,0,2,90
09/29/2011,JAC,WY,ANM,WE,Federal Contract Tower,18,14,29,2,63,0,6,41,0,47,18,20,70,2,110,0,0,0,110
09/30/2011,JAC,WY,ANM,WE,Federal Contract Tower,13,15,17,0,45,0,2,40,0,42,13,17,57,0,87,0,0,0,87
10/01/2011,JAC,WY,ANM,WE,Federal Contract Tower,12,7,11,0,30,0,2,38,0,40,12,9,49,0,70,2,4,6,76
10/02/2011,JAC,WY,ANM,WE,Federal Contract Tower,11,11,20,0,42,0,1,28,2,31,11,12,48,2,73,12,0,12,85
10/03/2011,JAC,WY,ANM,WE,Federal Contract Tower,9,8,21,0,38,0,2,13,2,17,9,10,34,2,55,0,0,0,55
10/04/2011,JAC,WY,ANM,WE,Federal Contract Tower,10,12,13,0,35,0,2,8,0,10,10,14,21,0,45,0,0,0,45
10/05/2011,JAC,WY,ANM,WE,Federal Contract Tower,9,12,17,0,38,0,0,1,0,1,9,12,18,0,39,0,0,0,39
10/06/2011,JAC,WY,ANM,WE,Federal Contract Tower,6,11,17,0,34,0,0,0,0,0,6,11,17,0,34,0,0,0,34
10/07/2011,JAC,WY,ANM,WE,Federal Contract Tower,9,18,18,0,45,0,0,0,0,0,9,18,18,0,45,0,0,0,45
10/08/2011,JAC,WY,ANM,WE,Federal Contract Tower,12,9,7,0,28,0,2,7,0,9,12,11,14,0,37,0,0,0,37
10/09/2011,JAC,WY,ANM,WE,Federal Contract Tower,9,13,21,0,43,0,1,1,0,2,9,14,22,0,45,0,0,0,45
10/10/2011,JAC,WY,ANM,WE,Federal Contract Tower,10,23,21,0,54,0,2,26,0,28,10,25,47,0,82,0,0,0,82
10/11/2011,JAC,WY,ANM,WE,Federal Contract Tower,9,15,11,0,35,0,0,1,0,1,9,15,12,0,36,0,0,0,36
10/12/2011,JAC,WY,ANM,WE,Federal Contract Tower,10,15,19,0,44,0,0,6,0,6,10,15,25,0,50,0,0,0,50
10/13/2011,JAC,WY,ANM,WE,Federal Contract Tower,10,13,19,0,42,0,3,9,0,12,10,16,28,0,54,0,0,0,54
10/14/2011,JAC,WY,ANM,WE,Federal Contract Tower,8,10,12,0,30,0,2,8,0,10,8,12,20,0,40,0,0,0,40
10/15/2011,JAC,WY,ANM,WE,Federal Contract Tower,12,11,11,0,34,0,4,7,5,16,12,15,18,5,50,4,0,4,54
10/16/2011,JAC,WY,ANM,WE,Federal Contract Tower,10,15,17,3,45,0,5,1,2,8,10,20,18,5,53,0,2,2,55
10/17/2011,JAC,WY,ANM,WE,Federal Contract Tower,10,8,13,0,31,0,4,8,0,12,10,12,21,0,43,0,0,0,43
10/18/2011,JAC,WY,ANM,WE,Federal Contract Tower,10,8,11,0,29,0,2,22,0,24,10,10,33,0,53,0,0,0,53
10/19/2011,JAC,WY,ANM,WE,Federal Contract Tower,9,11,16,0,36,0,2,20,0,22,9,13,36,0,58,6,0,6,64
10/20/2011,JAC,WY,ANM,WE,Federal Contract Tower,9,8,14,0,31,0,2,24,0,26,9,10,38,0,57,0,0,0,57
10/21/2011,JAC,WY,ANM,WE,Federal Contract Tower,9,10,21,0,40,0,0,5,0,5,9,10,26,0,45,0,0,0,45
10/22/2011,JAC,WY,ANM,WE,Federal Contract Tower,10,8,12,0,30,0,4,18,0,22,10,12,30,0,52,4,0,4,56
10/23/2011,JAC,WY,ANM,WE,Federal Contract Tower,10,6,8,0,24,0,0,22,0,22,10,6,30,0,46,2,0,2,48
10/24/2011,JAC,WY,ANM,WE,Federal Contract Tower,9,5,13,0,27,0,1,14,0,15,9,6,27,0,42,2,0,2,44
10/25/2011,JAC,WY,ANM,WE,Federal Contract Tower,10,13,23,2,48,0,1,9,0,10,10,14,32,2,58,10,0,10,68
10/26/2011,JAC,WY,ANM,WE,Federal Contract Tower,11,10,13,0,34,0,3,13,2,18,11,13,26,2,52,2,0,2,54
10/27/2011,JAC,WY,ANM,WE,Federal Contract Tower,10,11,9,0,30,0,3,17,5,25,10,14,26,5,55,26,0,26,81
10/28/2011,JAC,WY,ANM,WE,Federal Contract Tower,10,8,15,0,33,0,3,14,4,21,10,11,29,4,54,18,0,18,72
10/29/2011,JAC,WY,ANM,WE,Federal Contract Tower,10,7,13,0,30,0,2,4,0,6,10,9,17,0,36,0,0,0,36
10/30/2011,JAC,WY,ANM,WE,Federal Contract Tower,10,11,6,0,27,0,0,19,0,19,10,11,25,0,46,18,0,18,64
10/31/2011,JAC,WY,ANM,WE,Federal Contract Tower,10,8,11,0,29,0,0,0,0,0,10,8,11,0,29,0,0,0,29
11/01/2011,JAC,WY,ANM,WE,Federal Contract Tower,9,9,9,0,27,0,2,1,0,3,9,11,10,0,30,0,0,0,30
11/02/2011,JAC,WY,ANM,WE,Federal Contract Tower,10,6,5,0,21,0,2,14,0,16,10,8,19,0,37,0,0,0,37
11/03/2011,JAC,WY,ANM,WE,Federal Contract Tower,9,11,10,0,30,0,3,19,0,22,9,14,29,0,52,2,0,2,54
11/04/2011,JAC,WY,ANM,WE,Federal Contract Tower,10,4,7,0,21,0,4,4,0,8,10,8,11,0,29,0,0,0,29
11/05/2011,JAC,WY,ANM,WE,Federal Contract Tower,8,5,4,0,17,0,0,0,0,0,8,5,4,0,17,0,0,0,17
11/06/2011,JAC,WY,ANM,WE,Federal Contract Tower,9,2,4,0,15,0,0,3,0,3,9,2,7,0,18,0,0,0,18
11/07/2011,JAC,WY,ANM,WE,Federal Contract Tower,10,8,8,0,26,0,1,7,0,8,10,9,15,0,34,0,0,0,34
11/08/2011,JAC,WY,ANM,WE,Federal Contract Tower,8,3,6,2,19,0,3,7,0,10,8,6,13,2,29,0,0,0,29
11/09/2011,JAC,WY,ANM,WE,Federal Contract Tower,10,4,4,1,19,0,2,16,0,18,10,6,20,1,37,0,6,6,43
11/10/2011,JAC,WY,ANM,WE,Federal Contract Tower,10,8,8,0,26,0,0,0,0,0,10,8,8,0,26,0,0,0,26
11/11/2011,JAC,WY,ANM,WE,Federal Contract Tower,12,8,7,0,27,0,4,10,2,16,12,12,17,2,43,30,0,30,73
11/12/2011,JAC,WY,ANM,WE,Federal Contract Tower,3,2,3,0,8,0,0,0,0,0,3,2,3,0,8,0,0,0,8
11/13/2011,JAC,WY,ANM,WE,Federal Contract Tower,9,1,10,0,20,0,0,1,0,1,9,1,11,0,21,0,0,0,21
11/14/2011,JAC,WY,ANM,WE,Federal Contract Tower,7,9,12,0,28,0,0,2,0,2,7,9,14,0,30,0,0,0,30
11/15/2011,JAC,WY,ANM,WE,Federal Contract Tower,8,5,10,0,23,0,3,3,0,6,8,8,13,0,29,0,0,0,29
11/16/2011,JAC,WY,ANM,WE,Federal Contract Tower,8,7,8,2,25,0,3,12,0,15,8,10,20,2,40,0,0,0,40
11/17/2011,JAC,WY,ANM,WE,Federal Contract Tower,6,6,6,0,18,0,0,1,0,1,6,6,7,0,19,0,0,0,19
11/18/2011,JAC,WY,ANM,WE,Federal Contract Tower,7,8,9,2,26,0,0,0,0,0,7,8,9,2,26,0,0,0,26
11/19/2011,JAC,WY,ANM,WE,Federal Contract Tower,8,8,3,0,19,1,1,4,0,6,9,9,7,0,25,0,0,0,25
11/20/2011,JAC,WY,ANM,WE,Federal Contract Tower,8,0,5,0,13,0,0,0,0,0,8,0,5,0,13,0,0,0,13
11/21/2011,JAC,WY,ANM,WE,Federal Contract Tower,9,10,7,0,26,0,0,0,0,0,9,10,7,0,26,0,0,0,26
11/22/2011,JAC,WY,ANM,WE,Federal Contract Tower,6,13,10,0,29,0,0,1,0,1,6,13,11,0,30,0,0,0,30
11/23/2011,JAC,WY,ANM,WE,Federal Contract Tower,9,7,10,0,26,0,2,15,0,17,9,9,25,0,43,0,0,0,43
11/24/2011,JAC,WY,ANM,WE,Federal Contract Tower,4,1,0,0,5,0,0,0,0,0,4,1,0,0,5,6,0,6,11
11/25/2011,JAC,WY,ANM,WE,Federal Contract Tower,6,8,3,0,17,0,0,0,0,0,6,8,3,0,17,0,0,0,17
11/26/2011,JAC,WY,ANM,WE,Federal Contract Tower,8,4,2,2,16,0,2,8,0,10,8,6,10,2,26,2,0,2,28
11/27/2011,JAC,WY,ANM,WE,Federal Contract Tower,11,6,13,0,30,0,0,9,0,9,11,6,22,0,39,26,0,26,65
11/28/2011,JAC,WY,ANM,WE,Federal Contract Tower,8,18,17,0,43,0,1,7,0,8,8,19,24,0,51,0,0,0,51
11/29/2011,JAC,WY,ANM,WE,Federal Contract Tower,13,12,5,1,31,0,1,11,0,12,13,13,16,1,43,0,0,0,43
11/30/2011,JAC,WY,ANM,WE,Federal Contract Tower,9,7,11,0,27,0,0,0,0,0,9,7,11,0,27,0,0,0,27
12/01/2011,JAC,WY,ANM,WE,Federal Contract Tower,11,6,14,0,31,0,7,9,0,16,11,13,23,0,47,6,0,6,53
12/02/2011,JAC,WY,ANM,WE,Federal Contract Tower,10,10,15,4,39,0,3,4,0,7,10,13,19,4,46,0,0,0,46
12/03/2011,JAC,WY,ANM,WE,Federal Contract Tower,8,4,4,1,17,0,2,8,0,10,8,6,12,1,27,2,0,2,29
12/04/2011,JAC,WY,ANM,WE,Federal Contract Tower,11,6,12,1,30,0,0,5,0,5,11,6,17,1,35,0,0,0,35
12/05/2011,JAC,WY,ANM,WE,Federal Contract Tower,12,9,8,0,29,0,0,11,0,11,12,9,19,0,40,0,0,0,40
12/06/2011,JAC,WY,ANM,WE,Federal Contract Tower,8,7,8,0,23,0,1,7,1,9,8,8,15,1,32,18,0,18,50
12/07/2011,JAC,WY,ANM,WE,Federal Contract Tower,8,7,12,0,27,0,1,12,0,13,8,8,24,0,40,0,0,0,40
12/08/2011,JAC,WY,ANM,WE,Federal Contract Tower,10,13,16,0,39,0,0,12,0,12,10,13,28,0,51,30,0,30,81
12/09/2011,JAC,WY,ANM,WE,Federal Contract Tower,11,7,10,1,29,0,4,12,2,18,11,11,22,3,47,24,0,24,71
12/10/2011,JAC,WY,ANM,WE,Federal Contract Tower,9,2,8,0,19,0,1,19,0,20,9,3,27,0,39,36,0,36,75
12/11/2011,JAC,WY,ANM,WE,Federal Contract Tower,12,11,7,3,33,0,0,19,3,22,12,11,26,6,55,18,0,18,73
12/12/2011,JAC,WY,ANM,WE,Federal Contract Tower,12,6,10,0,28,0,0,12,0,12,12,6,22,0,40,36,0,36,76
12/13/2011,JAC,WY,ANM,WE,Federal Contract Tower,8,9,15,0,32,0,0,7,0,7,8,9,22,0,39,0,0,0,39
12/14/2011,JAC,WY,ANM,WE,Federal Contract Tower,8,14,16,0,38,0,0,1,0,1,8,14,17,0,39,0,0,0,39
12/15/2011,JAC,WY,ANM,WE,Federal Contract Tower,14,7,14,0,35,0,0,0,0,0,14,7,14,0,35,0,0,0,35
12/16/2011,JAC,WY,ANM,WE,Federal Contract Tower,17,19,22,0,58,0,0,8,0,8,17,19,30,0,66,0,0,0,66
12/17/2011,JAC,WY,ANM,WE,Federal Contract Tower,19,20,25,0,64,0,1,9,0,10,19,21,34,0,74,0,0,0,74
12/18/2011,JAC,WY,ANM,WE,Federal Contract Tower,19,16,15,0,50,0,0,9,0,9,19,16,24,0,59,0,0,0,59
12/19/2011,JAC,WY,ANM,WE,Federal Contract Tower,19,23,18,0,60,0,5,13,0,18,19,28,31,0,78,12,0,12,90
12/20/2011,JAC,WY,ANM,WE,Federal Contract Tower,18,17,23,0,58,0,2,15,0,17,18,19,38,0,75,0,0,0,75
12/21/2011,JAC,WY,ANM,WE,Federal Contract Tower,18,20,23,0,61,0,0,1,0,1,18,20,24,0,62,0,0,0,62
12/22/2011,JAC,WY,ANM,WE,Federal Contract Tower,19,21,26,0,66,1,3,14,0,18,20,24,40,0,84,0,0,0,84
12/23/2011,JAC,WY,ANM,WE,Federal Contract Tower,19,15,22,1,57,1,5,19,1,26,20,20,41,2,83,24,8,32,115
12/24/2011,JAC,WY,ANM,WE,Federal Contract Tower,20,3,12,0,35,0,8,8,0,16,20,11,20,0,51,8,0,8,59
12/25/2011,JAC,WY,ANM,WE,Federal Contract Tower,16,10,9,0,35,0,0,7,0,7,16,10,16,0,42,0,0,0,42
12/26/2011,JAC,WY,ANM,WE,Federal Contract Tower,17,44,69,0,130,0,9,19,0,28,17,53,88,0,158,14,0,14,172
12/27/2011,JAC,WY,ANM,WE,Federal Contract Tower,18,23,31,0,72,0,0,4,0,4,18,23,35,0,76,0,0,0,76
12/28/2011,JAC,WY,ANM,WE,Federal Contract Tower,18,15,27,0,60,0,0,0,0,0,18,15,27,0,60,0,0,0,60
12/29/2011,JAC,WY,ANM,WE,Federal Contract Tower,16,14,17,0,47,0,0,4,0,4,16,14,21,0,51,0,0,0,51
12/30/2011,JAC,WY,ANM,WE,Federal Contract Tower,18,26,26,0,70,0,0,0,0,0,18,26,26,0,70,0,0,0,70
12/31/2011,JAC,WY,ANM,WE,Federal Contract Tower,23,29,16,0,68,0,1,2,0,3,23,30,18,0,71,0,0,0,71
01/01/2012,JAC,WY,ANM,WE,Federal Contract Tower,21,31,42,0,94,0,1,6,0,7,21,32,48,0,101,0,0,0,101
01/02/2012,JAC,WY,ANM,WE,Federal Contract Tower,27,33,60,0,120,0,5,26,0,31,27,38,86,0,151,0,0,0,151
01/03/2012,JAC,WY,ANM,WE,Federal Contract Tower,16,30,24,0,70,0,2,13,0,15,16,32,37,0,85,18,0,18,103
01/04/2012,JAC,WY,ANM,WE,Federal Contract Tower,15,12,12,0,39,0,1,25,0,26,15,13,37,0,65,34,0,34,99
01/05/2012,JAC,WY,ANM,WE,Federal Contract Tower,18,16,14,0,48,0,1,28,0,29,18,17,42,0,77,18,0,18,95
01/06/2012,JAC,WY,ANM,WE,Federal Contract Tower,18,10,18,0,46,0,3,6,0,9,18,13,24,0,55,14,0,14,69
01/07/2012,JAC,WY,ANM,WE,Federal Contract Tower,21,6,12,0,39,0,3,24,0,27,21,9,36,0,66,14,0,14,80
01/08/2012,JAC,WY,ANM,WE,Federal Contract Tower,19,16,21,0,56,0,0,0,0,0,19,16,21,0,56,0,0,0,56
01/09/2012,JAC,WY,ANM,WE,Federal Contract Tower,19,11,23,0,53,0,0,2,0,2,19,11,25,0,55,18,0,18,73
01/10/2012,JAC,WY,ANM,WE,Federal Contract Tower,15,8,12,2,37,0,0,5,0,5,15,8,17,2,42,14,0,14,56
01/11/2012,JAC,WY,ANM,WE,Federal Contract Tower,14,19,22,1,56,0,2,21,2,25,14,21,43,3,81,26,0,26,107
01/12/2012,JAC,WY,ANM,WE,Federal Contract Tower,16,13,16,1,46,0,1,19,0,20,16,14,35,1,66,50,0,50,116
01/13/2012,JAC,WY,ANM,WE,Federal Contract Tower,17,25,12,0,54,0,3,24,3,30,17,28,36,3,84,18,0,18,102
01/14/2012,JAC,WY,ANM,WE,Federal Contract Tower,18,7,14,0,39,0,1,13,0,14,18,8,27,0,53,34,0,34,87
01/15/2012,JAC,WY,ANM,WE,Federal Contract Tower,17,9,10,0,36,0,0,6,0,6,17,9,16,0,42,14,0,14,56
01/16/2012,JAC,WY,ANM,WE,Federal Contract Tower,17,32,31,0,80,0,0,2,0,2,17,32,33,0,82,0,0,0,82
01/17/2012,JAC,WY,ANM,WE,Federal Contract Tower,13,11,8,0,32,0,0,1,0,1,13,11,9,0,33,0,0,0,33
01/18/2012,JAC,WY,ANM,WE,Federal Contract Tower,2,6,5,0,13,0,0,0,0,0,2,6,5,0,13,0,0,0,13
01/19/2012,JAC,WY,ANM,WE,Federal Contract Tower,0,6,7,0,13,0,0,1,0,1,0,6,8,0,14,0,0,0,14
01/20/2012,JAC,WY,ANM,WE,Federal Contract Tower,16,16,19,0,51,0,0,2,0,2,16,16,21,0,53,0,0,0,53
01/21/2012,JAC,WY,ANM,WE,Federal Contract Tower,11,5,11,0,27,0,0,0,0,0,11,5,11,0,27,0,0,0,27
01/22/2012,JAC,WY,ANM,WE,Federal Contract Tower,23,15,16,0,54,0,0,6,0,6,23,15,22,0,60,0,0,0,60
01/23/2012,JAC,WY,ANM,WE,Federal Contract Tower,15,17,18,0,50,0,0,0,0,0,15,17,18,0,50,0,0,0,50
01/24/2012,JAC,WY,ANM,WE,Federal Contract Tower,14,16,10,0,40,0,1,5,0,6,14,17,15,0,46,0,0,0,46
01/25/2012,JAC,WY,ANM,WE,Federal Contract Tower,13,10,15,0,38,0,0,0,0,0,13,10,15,0,38,0,0,0,38
01/26/2012,JAC,WY,ANM,WE,Federal Contract Tower,9,10,16,0,35,0,0,1,0,1,9,10,17,0,36,0,0,0,36
01/27/2012,JAC,WY,ANM,WE,Federal Contract Tower,17,13,24,0,54,0,1,17,1,19,17,14,41,1,73,28,4,32,105
01/28/2012,JAC,WY,ANM,WE,Federal Contract Tower,21,6,7,0,34,0,3,6,0,9,21,9,13,0,43,0,0,0,43
01/29/2012,JAC,WY,ANM,WE,Federal Contract Tower,18,8,22,0,48,0,0,6,0,6,18,8,28,0,54,52,0,52,106
01/30/2012,JAC,WY,ANM,WE,Federal Contract Tower,18,11,14,0,43,0,0,0,0,0,18,11,14,0,43,0,0,0,43
01/31/2012,JAC,WY,ANM,WE,Federal Contract Tower,16,5,17,0,38,0,4,4,2,10,16,9,21,2,48,26,0,26,74
02/01/2012,JAC,WY,ANM,WE,Federal Contract Tower,12,7,6,2,27,0,0,17,0,17,12,7,23,2,44,0,0,0,44
02/02/2012,JAC,WY,ANM,WE,Federal Contract Tower,19,10,18,1,48,0,0,1,0,1,19,10,19,1,49,0,0,0,49
02/03/2012,JAC,WY,ANM,WE,Federal Contract Tower,16,10,12,1,39,0,5,5,0,10,16,15,17,1,49,24,0,24,73
02/04/2012,JAC,WY,ANM,WE,Federal Contract Tower,21,6,4,2,33,0,2,14,0,16,21,8,18,2,49,14,0,14,63
02/05/2012,JAC,WY,ANM,WE,Federal Contract Tower,19,8,18,0,45,0,0,12,3,15,19,8,30,3,60,52,0,52,112
02/06/2012,JAC,WY,ANM,WE,Federal Contract Tower,17,14,15,0,46,0,2,16,0,18,17,16,31,0,64,24,0,24,88
02/07/2012,JAC,WY,ANM,WE,Federal Contract Tower,15,7,7,2,31,0,2,8,2,12,15,9,15,4,43,22,0,22,65
02/08/2012,JAC,WY,ANM,WE,Federal Contract Tower,14,6,11,2,33,0,1,9,3,13,14,7,20,5,46,22,0,22,68
02/09/2012,JAC,WY,ANM,WE,Federal Contract Tower,16,14,23,0,53,0,3,13,0,16,16,17,36,0,69,38,0,38,107
02/10/2012,JAC,WY,ANM,WE,Federal Contract Tower,16,23,13,0,52,0,0,0,0,0,16,23,13,0,52,0,0,0,52
02/11/2012,JAC,WY,ANM,WE,Federal Contract Tower,20,11,3,0,34,0,2,4,0,6,20,13,7,0,40,0,0,0,40
02/12/2012,JAC,WY,ANM,WE,Federal Contract Tower,19,4,10,0,33,0,0,1,0,1,19,4,11,0,34,0,0,0,34
02/13/2012,JAC,WY,ANM,WE,Federal Contract Tower,18,8,8,0,34,0,1,7,0,8,18,9,15,0,42,0,0,0,42
02/14/2012,JAC,WY,ANM,WE,Federal Contract Tower,15,11,13,0,39,0,1,2,0,3,15,12,15,0,42,0,0,0,42
02/15/2012,JAC,WY,ANM,WE,Federal Contract Tower,16,13,24,0,53,0,2,26,2,30,16,15,50,2,83,22,0,22,105
02/16/2012,JAC,WY,ANM,WE,Federal Contract Tower,16,29,20,0,65,0,2,36,0,38,16,31,56,0,103,30,0,30,133
02/17/2012,JAC,WY,ANM,WE,Federal Contract Tower,16,37,47,0,100,0,2,3,0,5,16,39,50,0,105,0,0,0,105
02/18/2012,JAC,WY,ANM,WE,Federal Contract Tower,24,26,14,0,64,0,0,0,0,0,24,26,14,0,64,0,0,0,64
02/19/2012,JAC,WY,ANM,WE,Federal Contract Tower,20,16,13,0,49,0,0,0,0,0,20,16,13,0,49,0,0,0,49
02/20/2012,JAC,WY,ANM,WE,Federal Contract Tower,16,41,45,0,102,0,0,17,0,17,16,41,62,0,119,0,0,0,119
02/21/2012,JAC,WY,ANM,WE,Federal Contract Tower,9,11,20,0,40,0,0,0,0,0,9,11,20,0,40,0,0,0,40
02/22/2012,JAC,WY,ANM,WE,Federal Contract Tower,9,5,13,0,27,0,0,0,0,0,9,5,13,0,27,0,0,0,27
02/23/2012,JAC,WY,ANM,WE,Federal Contract Tower,23,18,26,0,67,0,4,11,0,15,23,22,37,0,82,0,0,0,82
02/24/2012,JAC,WY,ANM,WE,Federal Contract Tower,18,33,18,0,69,0,2,25,0,27,18,35,43,0,96,0,0,0,96
02/25/2012,JAC,WY,ANM,WE,Federal Contract Tower,3,5,5,0,13,0,0,0,0,0,3,5,5,0,13,0,0,0,13
02/26/2012,JAC,WY,ANM,WE,Federal Contract Tower,26,28,43,0,97,0,0,0,0,0,26,28,43,0,97,0,0,0,97
02/27/2012,JAC,WY,ANM,WE,Federal Contract Tower,17,7,8,0,32,0,1,4,0,5,17,8,12,0,37,0,0,0,37
02/28/2012,JAC,WY,ANM,WE,Federal Contract Tower,16,5,15,0,36,1,0,2,0,3,17,5,17,0,39,0,0,0,39
02/29/2012,JAC,WY,ANM,WE,Federal Contract Tower,8,8,9,0,25,0,0,1,0,1,8,8,10,0,26,0,0,0,26
03/01/2012,JAC,WY,ANM,WE,Federal Contract Tower,18,10,29,0,57,0,0,2,0,2,18,10,31,0,59,0,0,0,59
03/02/2012,JAC,WY,ANM,WE,Federal Contract Tower,16,23,21,0,60,0,2,3,0,5,16,25,24,0,65,0,0,0,65
03/03/2012,JAC,WY,ANM,WE,Federal Contract Tower,20,8,11,0,39,0,0,0,0,0,20,8,11,0,39,0,0,0,39
03/04/2012,JAC,WY,ANM,WE,Federal Contract Tower,16,18,23,2,59,0,0,8,3,11,16,18,31,5,70,0,4,4,74
03/05/2012,JAC,WY,ANM,WE,Federal Contract Tower,15,10,18,0,43,0,4,29,0,33,15,14,47,0,76,34,0,34,110
03/06/2012,JAC,WY,ANM,WE,Federal Contract Tower,14,4,14,0,32,0,0,0,0,0,14,4,14,0,32,0,0,0,32
03/07/2012,JAC,WY,ANM,WE,Federal Contract Tower,14,8,10,0,32,0,3,11,0,14,14,11,21,0,46,20,0,20,66
03/08/2012,JAC,WY,ANM,WE,Federal Contract Tower,13,14,6,0,33,0,1,15,2,18,13,15,21,2,51,0,0,0,51
03/09/2012,JAC,WY,ANM,WE,Federal Contract Tower,15,9,15,0,39,0,4,21,0,25,15,13,36,0,64,22,0,22,86
03/10/2012,JAC,WY,ANM,WE,Federal Contract Tower,22,16,14,0,52,0,3,16,3,22,22,19,30,3,74,32,0,32,106
03/11/2012,JAC,WY,ANM,WE,Federal Contract Tower,16,16,22,0,54,0,0,16,3,19,16,16,38,3,73,30,8,38,111
03/12/2012,JAC,WY,ANM,WE,Federal Contract Tower,16,16,13,0,45,0,0,8,0,8,16,16,21,0,53,2,0,2,55
03/13/2012,JAC,WY,ANM,WE,Federal Contract Tower,16,12,10,0,38,0,1,4,0,5,16,13,14,0,43,0,0,0,43
03/14/2012,JAC,WY,ANM,WE,Federal Contract Tower,14,13,7,0,34,0,0,1,0,1,14,13,8,0,35,0,0,0,35
03/15/2012,JAC,WY,ANM,WE,Federal Contract Tower,14,15,17,0,46,0,0,8,1,9,14,15,25,1,55,0,0,0,55
03/16/2012,JAC,WY,ANM,WE,Federal Contract Tower,14,23,20,0,57,0,0,0,0,0,14,23,20,0,57,0,0,0,57
03/17/2012,JAC,WY,ANM,WE,Federal Contract Tower,24,9,15,0,48,1,2,3,0,6,25,11,18,0,54,8,0,8,62
03/18/2012,JAC,WY,ANM,WE,Federal Contract Tower,16,18,14,0,48,0,0,0,0,0,16,18,14,0,48,0,0,0,48
03/19/2012,JAC,WY,ANM,WE,Federal Contract Tower,15,9,23,0,47,0,0,0,0,0,15,9,23,0,47,0,0,0,47
03/20/2012,JAC,WY,ANM,WE,Federal Contract Tower,15,16,6,0,37,0,1,2,2,5,15,17,8,2,42,0,0,0,42
03/21/2012,JAC,WY,ANM,WE,Federal Contract Tower,18,14,15,1,48,1,1,7,0,9,19,15,22,1,57,18,0,18,75
03/22/2012,JAC,WY,ANM,WE,Federal Contract Tower,15,12,16,0,43,0,1,27,0,28,15,13,43,0,71,0,0,0,71
03/23/2012,JAC,WY,ANM,WE,Federal Contract Tower,14,19,20,0,53,0,5,10,0,15,14,24,30,0,68,16,0,16,84
03/24/2012,JAC,WY,ANM,WE,Federal Contract Tower,23,12,8,2,45,0,3,23,2,28,23,15,31,4,73,36,0,36,109
03/25/2012,JAC,WY,ANM,WE,Federal Contract Tower,15,11,19,1,46,0,0,14,0,14,15,11,33,1,60,2,0,2,62
03/26/2012,JAC,WY,ANM,WE,Federal Contract Tower,14,17,6,1,38,0,0,10,0,10,14,17,16,1,48,8,0,8,56
03/27/2012,JAC,WY,ANM,WE,Federal Contract Tower,15,11,12,0,38,0,1,7,2,10,15,12,19,2,48,12,8,20,68
03/28/2012,JAC,WY,ANM,WE,Federal Contract Tower,13,11,12,0,36,0,0,2,0,2,13,11,14,0,38,0,0,0,38
03/29/2012,JAC,WY,ANM,WE,Federal Contract Tower,14,7,12,1,34,0,0,8,1,9,14,7,20,2,43,6,0,6,49
03/30/2012,JAC,WY,ANM,WE,Federal Contract Tower,16,13,12,2,43,0,1,1,0,2,16,14,13,2,45,0,8,8,53
03/31/2012,JAC,WY,ANM,WE,Federal Contract Tower,21,14,7,2,44,0,4,11,0,15,21,18,18,2,59,14,0,14,73
04/01/2012,JAC,WY,ANM,WE,Federal Contract Tower,14,15,10,0,39,0,0,0,0,0,14,15,10,0,39,0,0,0,39
04/02/2012,JAC,WY,ANM,WE,Federal Contract Tower,12,7,4,0,23,0,2,18,0,20,12,9,22,0,43,6,0,6,49
04/03/2012,JAC,WY,ANM,WE,Federal Contract Tower,10,7,7,0,24,0,2,12,0,14,10,9,19,0,38,6,0,6,44
04/04/2012,JAC,WY,ANM,WE,Federal Contract Tower,11,14,4,0,29,0,3,9,0,12,11,17,13,0,41,2,0,2,43
04/05/2012,JAC,WY,ANM,WE,Federal Contract Tower,9,10,9,0,28,0,2,4,0,6,9,12,13,0,34,2,0,2,36
04/06/2012,JAC,WY,ANM,WE,Federal Contract Tower,9,5,4,0,18,0,1,0,0,1,9,6,4,0,19,0,0,0,19
04/07/2012,JAC,WY,ANM,WE,Federal Contract Tower,8,4,5,0,17,0,1,11,0,12,8,5,16,0,29,0,0,0,29
04/08/2012,JAC,WY,ANM,WE,Federal Contract Tower,8,4,1,0,13,0,0,8,0,8,8,4,9,0,21,0,0,0,21
04/09/2012,JAC,WY,ANM,WE,Federal Contract Tower,9,11,10,0,30,0,1,24,2,27,9,12,34,2,57,0,0,0,57
04/10/2012,JAC,WY,ANM,WE,Federal Contract Tower,8,4,10,0,22,0,1,19,0,20,8,5,29,0,42,0,0,0,42
04/11/2012,JAC,WY,ANM,WE,Federal Contract Tower,7,4,14,0,25,0,0,7,0,7,7,4,21,0,32,0,0,0,32
04/12/2012,JAC,WY,ANM,WE,Federal Contract Tower,11,4,6,0,21,0,0,2,0,2,11,4,8,0,23,0,0,0,23
04/13/2012,JAC,WY,ANM,WE,Federal Contract Tower,9,9,4,0,22,0,2,6,0,8,9,11,10,0,30,12,0,12,42
04/14/2012,JAC,WY,ANM,WE,Federal Contract Tower,8,5,1,0,14,0,2,10,2,14,8,7,11,2,28,8,0,8,36
04/15/2012,JAC,WY,ANM,WE,Federal Contract Tower,9,11,5,0,25,0,0,0,0,0,9,11,5,0,25,0,0,0,25
04/16/2012,JAC,WY,ANM,WE,Federal Contract Tower,9,8,11,0,28,0,2,10,0,12,9,10,21,0,40,0,0,0,40
04/17/2012,JAC,WY,ANM,WE,Federal Contract Tower,10,5,14,0,29,0,1,5,0,6,10,6,19,0,35,0,0,0,35
04/18/2012,JAC,WY,ANM,WE,Federal Contract Tower,8,5,8,0,21,0,1,2,0,3,8,6,10,0,24,0,0,0,24
04/19/2012,JAC,WY,ANM,WE,Federal Contract Tower,10,6,11,0,27,0,0,1,0,1,10,6,12,0,28,0,0,0,28
04/20/2012,JAC,WY,ANM,WE,Federal Contract Tower,9,3,15,0,27,0,4,10,0,14,9,7,25,0,41,10,0,10,51
04/21/2012,JAC,WY,ANM,WE,Federal Contract Tower,8,3,5,0,16,0,4,17,1,22,8,7,22,1,38,4,0,4,42
04/22/2012,JAC,WY,ANM,WE,Federal Contract Tower,10,3,5,0,18,0,0,17,0,17,10,3,22,0,35,6,0,6,41
04/23/2012,JAC,WY,ANM,WE,Federal Contract Tower,10,8,8,0,26,0,1,8,0,9,10,9,16,0,35,0,0,0,35
04/24/2012,JAC,WY,ANM,WE,Federal Contract Tower,8,7,5,1,21,0,2,11,1,14,8,9,16,2,35,0,0,0,35
04/25/2012,JAC,WY,ANM,WE,Federal Contract Tower,8,6,6,0,20,0,3,11,2,16,8,9,17,2,36,8,4,12,48
04/26/2012,JAC,WY,ANM,WE,Federal Contract Tower,8,6,7,0,21,0,3,5,0,8,8,9,12,0,29,16,0,16,45
04/27/2012,JAC,WY,ANM,WE,Federal Contract Tower,9,10,10,0,29,0,1,0,0,1,9,11,10,0,30,0,0,0,30
04/28/2012,JAC,WY,ANM,WE,Federal Contract Tower,8,3,1,0,12,0,3,6,0,9,8,6,7,0,21,0,0,0,21
04/29/2012,JAC,WY,ANM,WE,Federal Contract Tower,9,0,13,0,22,0,0,3,1,4,9,0,16,1,26,0,0,0,26
04/30/2012,JAC,WY,ANM,WE,Federal Contract Tower,9,7,10,2,28,0,3,16,1,20,9,10,26,3,48,0,0,0,48
05/01/2012,JAC,WY,ANM,WE,Federal Contract Tower,10,5,8,0,23,0,1,2,0,3,10,6,10,0,26,0,0,0,26
05/02/2012,JAC,WY,ANM,WE,Federal Contract Tower,10,8,10,0,28,0,1,7,0,8,10,9,17,0,36,0,0,0,36
05/03/2012,JAC,WY,ANM,WE,Federal Contract Tower,11,9,17,0,37,0,0,11,0,11,11,9,28,0,48,0,4,4,52
05/04/2012,JAC,WY,ANM,WE,Federal Contract Tower,12,7,5,0,24,0,0,7,0,7,12,7,12,0,31,0,0,0,31
05/05/2012,JAC,WY,ANM,WE,Federal Contract Tower,10,4,6,0,20,0,2,13,1,16,10,6,19,1,36,4,0,4,40
05/06/2012,JAC,WY,ANM,WE,Federal Contract Tower,11,7,6,0,24,0,0,22,0,22,11,7,28,0,46,0,0,0,46
05/07/2012,JAC,WY,ANM,WE,Federal Contract Tower,14,6,4,1,25,0,2,7,3,12,14,8,11,4,37,0,8,8,45
05/08/2012,JAC,WY,ANM,WE,Federal Contract Tower,10,4,12,0,26,0,2,22,1,25,10,6,34,1,51,2,0,2,53
05/09/2012,JAC,WY,ANM,WE,Federal Contract Tower,12,8,12,1,33,0,1,20,0,21,12,9,32,1,54,0,0,0,54
05/10/2012,JAC,WY,ANM,WE,Federal Contract Tower,11,7,12,0,30,0,0,7,1,8,11,7,19,1,38,2,0,2,40
05/11/2012,JAC,WY,ANM,WE,Federal Contract Tower,12,6,12,4,34,0,2,15,0,17,12,8,27,4,51,0,0,0,51
05/12/2012,JAC,WY,ANM,WE,Federal Contract Tower,10,3,7,0,20,0,1,28,1,30,10,4,35,1,50,0,0,0,50
05/13/2012,JAC,WY,ANM,WE,Federal Contract Tower,14,4,5,0,23,1,1,22,10,34,15,5,27,10,57,8,0,8,65
05/14/2012,JAC,WY,ANM,WE,Federal Contract Tower,12,6,2,1,21,0,1,22,0,23,12,7,24,1,44,10,0,10,54
05/15/2012,JAC,WY,ANM,WE,Federal Contract Tower,10,3,7,1,21,0,4,8,1,13,10,7,15,2,34,0,0,0,34
05/16/2012,JAC,WY,ANM,WE,Federal Contract Tower,10,6,9,0,25,0,1,10,0,11,10,7,19,0,36,16,0,16,52
05/17/2012,JAC,WY,ANM,WE,Federal Contract Tower,13,6,8,0,27,0,2,9,2,13,13,8,17,2,40,0,0,0,40
05/18/2012,JAC,WY,ANM,WE,Federal Contract Tower,14,5,12,1,32,0,3,7,0,10,14,8,19,1,42,12,0,12,54
05/19/2012,JAC,WY,ANM,WE,Federal Contract Tower,12,7,8,0,27,0,0,9,0,9,12,7,17,0,36,0,0,0,36
05/20/2012,JAC,WY,ANM,WE,Federal Contract Tower,13,6,7,0,26,0,0,13,1,14,13,6,20,1,40,4,0,4,44
05/21/2012,JAC,WY,ANM,WE,Federal Contract Tower,14,8,10,0,32,0,3,24,2,29,14,11,34,2,61,14,0,14,75
05/22/2012,JAC,WY,ANM,WE,Federal Contract Tower,15,6,23,0,44,0,1,5,0,6,15,7,28,0,50,0,0,0,50
05/23/2012,JAC,WY,ANM,WE,Federal Contract Tower,11,10,9,2,32,0,0,1,0,1,11,10,10,2,33,0,0,0,33
05/24/2012,JAC,WY,ANM,WE,Federal Contract Tower,13,12,13,0,38,0,1,3,0,4,13,13,16,0,42,0,0,0,42
05/25/2012,JAC,WY,ANM,WE,Federal Contract Tower,14,8,8,0,30,0,0,1,0,1,14,8,9,0,31,0,0,0,31
05/26/2012,JAC,WY,ANM,WE,Federal Contract Tower,12,6,8,0,26,1,2,2,0,5,13,8,10,0,31,0,0,0,31
05/27/2012,JAC,WY,ANM,WE,Federal Contract Tower,12,3,0,0,15,0,0,0,0,0,12,3,0,0,15,0,0,0,15
05/28/2012,JAC,WY,ANM,WE,Federal Contract Tower,13,13,4,0,30,0,0,10,0,10,13,13,14,0,40,0,0,0,40
05/29/2012,JAC,WY,ANM,WE,Federal Contract Tower,11,7,12,0,30,0,2,15,0,17,11,9,27,0,47,0,0,0,47
05/30/2012,JAC,WY,ANM,WE,Federal Contract Tower,12,13,11,0,36,0,1,20,2,23,12,14,31,2,59,18,0,18,77
05/31/2012,JAC,WY,ANM,WE,Federal Contract Tower,14,15,11,0,40,0,3,26,2,31,14,18,37,2,71,54,6,60,131
06/01/2012,JAC,WY,ANM,WE,Federal Contract Tower,16,7,21,0,44,0,1,26,1,28,16,8,47,1,72,2,0,2,74
06/02/2012,JAC,WY,ANM,WE,Federal Contract Tower,12,4,9,2,27,0,4,21,2,27,12,8,30,4,54,18,0,18,72
06/03/2012,JAC,WY,ANM,WE,Federal Contract Tower,13,13,13,0,39,0,0,22,0,22,13,13,35,0,61,0,0,0,61
06/04/2012,JAC,WY,ANM,WE,Federal Contract Tower,14,11,22,4,51,0,5,22,0,27,14,16,44,4,78,10,0,10,88
06/05/2012,JAC,WY,ANM,WE,Federal Contract Tower,11,11,19,0,41,0,0,13,0,13,11,11,32,0,54,19,0,19,73
06/06/2012,JAC,WY,ANM,WE,Federal Contract Tower,13,10,20,0,43,0,1,10,0,11,13,11,30,0,54,0,0,0,54
06/07/2012,JAC,WY,ANM,WE,Federal Contract Tower,21,8,11,0,40,1,2,35,1,39,22,10,46,1,79,32,0,32,111
06/08/2012,JAC,WY,ANM,WE,Federal Contract Tower,23,7,12,0,42,0,4,31,0,35,23,11,43,0,77,12,0,12,89
06/09/2012,JAC,WY,ANM,WE,Federal Contract Tower,26,10,13,0,49,0,2,9,0,11,26,12,22,0,60,0,0,0,60
06/10/2012,JAC,WY,ANM,WE,Federal Contract Tower,23,11,9,0,43,0,0,9,0,9,23,11,18,0,52,18,0,18,70
06/11/2012,JAC,WY,ANM,WE,Federal Contract Tower,23,14,11,0,48,0,1,30,0,31,23,15,41,0,79,8,0,8,87
06/12/2012,JAC,WY,ANM,WE,Federal Contract Tower,19,13,14,0,46,0,1,24,0,25,19,14,38,0,71,18,0,18,89
06/13/2012,JAC,WY,ANM,WE,Federal Contract Tower,20,15,16,0,51,0,4,26,1,31,20,19,42,1,82,0,4,4,86
06/14/2012,JAC,WY,ANM,WE,Federal Contract Tower,23,11,15,0,49,0,1,40,0,41,23,12,55,0,90,50,0,50,140
06/15/2012,JAC,WY,ANM,WE,Federal Contract Tower,24,16,16,0,56,1,1,16,0,18,25,17,32,0,74,18,0,18,92
06/16/2012,JAC,WY,ANM,WE,Federal Contract Tower,31,11,11,0,53,0,2,32,0,34,31,13,43,0,87,14,0,14,101
06/17/2012,JAC,WY,ANM,WE,Federal Contract Tower,30,21,17,0,68,0,0,27,1,28,30,21,44,1,96,16,0,16,112
06/18/2012,JAC,WY,ANM,WE,Federal Contract Tower,24,14,24,0,62,0,2,13,1,16,24,16,37,1,78,0,0,0,78
06/19/2012,JAC,WY,ANM,WE,Federal Contract Tower,22,16,28,0,66,0,2,15,0,17,22,18,43,0,83,0,0,0,83
06/20/2012,JAC,WY,ANM,WE,Federal Contract Tower,22,22,25,0,69,0,5,40,2,47,22,27,65,2,116,22,0,22,138
06/21/2012,JAC,WY,ANM,WE,Federal Contract Tower,24,20,34,0,78,0,2,41,2,45,24,22,75,2,123,42,0,42,165
06/22/2012,JAC,WY,ANM,WE,Federal Contract Tower,23,23,29,2,77,0,5,19,2,26,23,28,48,4,103,20,0,20,123
06/23/2012,JAC,WY,ANM,WE,Federal Contract Tower,31,15,20,2,68,0,4,30,0,34,31,19,50,2,102,2,0,2,104
06/24/2012,JAC,WY,ANM,WE,Federal Contract Tower,24,18,24,0,66,0,2,22,4,28,24,20,46,4,94,10,0,10,104
06/25/2012,JAC,WY,ANM,WE,Federal Contract Tower,25,13,12,0,50,0,3,20,0,23,25,16,32,0,73,0,0,0,73
06/26/2012,JAC,WY,ANM,WE,Federal Contract Tower,22,7,16,0,45,0,4,21,3,28,22,11,37,3,73,0,4,4,77
06/27/2012,JAC,WY,ANM,WE,Federal Contract Tower,21,14,21,0,56,0,9,32,0,41,21,23,53,0,97,2,0,2,99
06/28/2012,JAC,WY,ANM,WE,Federal Contract Tower,23,16,25,0,64,1,6,28,1,36,24,22,53,1,100,0,0,0,100
06/29/2012,JAC,WY,ANM,WE,Federal Contract Tower,24,22,21,0,67,0,4,35,2,41,24,26,56,2,108,0,0,0,108
06/30/2012,JAC,WY,ANM,WE,Federal Contract Tower,34,24,20,0,78,0,5,42,0,47,34,29,62,0,125,0,0,0,125
07/01/2012,JAC,WY,ANM,WE,Federal Contract Tower,28,26,21,0,75,0,2,17,1,20,28,28,38,1,95,0,0,0,95
07/02/2012,JAC,WY,ANM,WE,Federal Contract Tower,26,15,24,0,65,0,2,21,0,23,26,17,45,0,88,0,0,0,88
07/03/2012,JAC,WY,ANM,WE,Federal Contract Tower,22,20,26,0,68,0,1,13,0,14,22,21,39,0,82,0,0,0,82
07/04/2012,JAC,WY,ANM,WE,Federal Contract Tower,22,7,9,0,38,0,0,44,2,46,22,7,53,2,84,6,0,6,90
07/05/2012,JAC,WY,ANM,WE,Federal Contract Tower,27,19,27,0,73,0,0,32,0,32,27,19,59,0,105,0,0,0,105
07/06/2012,JAC,WY,ANM,WE,Federal Contract Tower,30,10,19,0,59,0,2,17,0,19,30,12,36,0,78,24,0,24,102
07/07/2012,JAC,WY,ANM,WE,Federal Contract Tower,37,15,23,0,75,0,2,26,0,28,37,17,49,0,103,6,0,6,109
07/08/2012,JAC,WY,ANM,WE,Federal Contract Tower,33,20,33,0,86,0,2,33,0,35,33,22,66,0,121,6,0,6,127
07/09/2012,JAC,WY,ANM,WE,Federal Contract Tower,26,25,21,0,72,0,4,33,0,37,26,29,54,0,109,12,0,12,121
07/10/2012,JAC,WY,ANM,WE,Federal Contract Tower,24,11,17,0,52,0,4,29,2,35,24,15,46,2,87,0,0,0,87
07/11/2012,JAC,WY,ANM,WE,Federal Contract Tower,26,15,27,0,68,0,4,19,3,26,26,19,46,3,94,4,0,4,98
07/12/2012,JAC,WY,ANM,WE,Federal Contract Tower,25,27,46,0,98,0,3,40,0,43,25,30,86,0,141,2,0,2,143
07/13/2012,JAC,WY,ANM,WE,Federal Contract Tower,25,16,38,0,79,0,4,36,0,40,25,20,74,0,119,14,0,14,133
07/14/2012,JAC,WY,ANM,WE,Federal Contract Tower,37,23,33,0,93,0,1,26,2,29,37,24,59,2,122,0,0,0,122
07/15/2012,JAC,WY,ANM,WE,Federal Contract Tower,32,38,41,0,111,0,0,20,0,20,32,38,61,0,131,0,0,0,131
07/16/2012,JAC,WY,ANM,WE,Federal Contract Tower,26,18,22,0,66,0,3,23,2,28,26,21,45,2,94,0,0,0,94
07/17/2012,JAC,WY,ANM,WE,Federal Contract Tower,31,18,30,0,79,0,5,23,0,28,31,23,53,0,107,12,0,12,119
07/18/2012,JAC,WY,ANM,WE,Federal Contract Tower,27,25,30,0,82,0,3,35,1,39,27,28,65,1,121,24,0,24,145
07/19/2012,JAC,WY,ANM,WE,Federal Contract Tower,25,26,24,0,75,1,4,31,0,36,26,30,55,0,111,12,0,12,123
07/20/2012,JAC,WY,ANM,WE,Federal Contract Tower,30,19,19,0,68,0,1,26,0,27,30,20,45,0,95,26,0,26,121
07/21/2012,JAC,WY,ANM,WE,Federal Contract Tower,36,23,22,0,81,0,3,21,0,24,36,26,43,0,105,0,0,0,105
07/22/2012,JAC,WY,ANM,WE,Federal Contract Tower,30,30,39,0,99,0,0,17,0,17,30,30,56,0,116,28,0,28,144
07/23/2012,JAC,WY,ANM,WE,Federal Contract Tower,26,18,31,2,77,0,0,12,0,12,26,18,43,2,89,0,0,0,89
07/24/2012,JAC,WY,ANM,WE,Federal Contract Tower,26,20,26,0,72,1,2,17,0,20,27,22,43,0,92,4,0,4,96
07/25/2012,JAC,WY,ANM,WE,Federal Contract Tower,29,29,37,0,95,0,1,26,0,27,29,30,63,0,122,42,0,42,164
07/26/2012,JAC,WY,ANM,WE,Federal Contract Tower,27,23,44,0,94,0,8,39,0,47,27,31,83,0,141,16,0,16,157
07/27/2012,JAC,WY,ANM,WE,Federal Contract Tower,29,20,42,0,91,0,2,17,0,19,29,22,59,0,110,0,0,0,110
07/28/2012,JAC,WY,ANM,WE,Federal Contract Tower,37,16,26,0,79,0,2,28,0,30,37,18,54,0,109,2,0,2,111
07/29/2012,JAC,WY,ANM,WE,Federal Contract Tower,32,37,46,0,115,0,0,20,0,20,32,37,66,0,135,0,0,0,135
07/30/2012,JAC,WY,ANM,WE,Federal Contract Tower,28,18,21,0,67,0,4,18,1,23,28,22,39,1,90,0,0,0,90
07/31/2012,JAC,WY,ANM,WE,Federal Contract Tower,27,13,29,0,69,0,1,19,0,20,27,14,48,0,89,20,0,20,109
08/01/2012,JAC,WY,ANM,WE,Federal Contract Tower,28,14,45,0,87,1,1,39,0,41,29,15,84,0,128,0,0,0,128
08/02/2012,JAC,WY,ANM,WE,Federal Contract Tower,26,18,29,0,73,2,2,27,0,31,28,20,56,0,104,8,0,8,112
08/03/2012,JAC,WY,ANM,WE,Federal Contract Tower,30,21,36,2,89,0,2,42,0,44,30,23,78,2,133,2,0,2,135
08/04/2012,JAC,WY,ANM,WE,Federal Contract Tower,38,22,27,0,87,0,3,44,0,47,38,25,71,0,134,6,0,6,140
08/05/2012,JAC,WY,ANM,WE,Federal Contract Tower,33,15,40,0,88,0,2,32,0,34,33,17,72,0,122,26,0,26,148
08/06/2012,JAC,WY,ANM,WE,Federal Contract Tower,24,23,30,1,78,0,7,37,0,44,24,30,67,1,122,18,0,18,140
08/07/2012,JAC,WY,ANM,WE,Federal Contract Tower,26,14,19,0,59,0,3,19,0,22,26,17,38,0,81,10,0,10,91
08/08/2012,JAC,WY,ANM,WE,Federal Contract Tower,26,25,23,2,76,0,2,30,2,34,26,27,53,4,110,22,0,22,132
08/09/2012,JAC,WY,ANM,WE,Federal Contract Tower,27,20,32,0,79,0,2,23,2,27,27,22,55,2,106,4,0,4,110
08/10/2012,JAC,WY,ANM,WE,Federal Contract Tower,29,19,32,0,80,0,3,20,2,25,29,22,52,2,105,0,0,0,105
08/11/2012,JAC,WY,ANM,WE,Federal Contract Tower,32,18,30,2,82,1,3,28,0,32,33,21,58,2,114,0,0,0,114
08/12/2012,JAC,WY,ANM,WE,Federal Contract Tower,32,41,32,0,105,0,0,22,0,22,32,41,54,0,127,0,0,0,127
08/13/2012,JAC,WY,ANM,WE,Federal Contract Tower,29,26,28,0,83,0,2,29,0,31,29,28,57,0,114,0,0,0,114
08/14/2012,JAC,WY,ANM,WE,Federal Contract Tower,23,29,33,0,85,0,2,26,2,30,23,31,59,2,115,0,0,0,115
08/15/2012,JAC,WY,ANM,WE,Federal Contract Tower,27,34,40,0,101,0,3,26,0,29,27,37,66,0,130,0,0,0,130
08/16/2012,JAC,WY,ANM,WE,Federal Contract Tower,26,49,50,0,125,0,3,22,0,25,26,52,72,0,150,0,0,0,150
08/17/2012,JAC,WY,ANM,WE,Federal Contract Tower,28,25,43,0,96,1,2,24,0,27,29,27,67,0,123,0,0,0,123
08/18/2012,JAC,WY,ANM,WE,Federal Contract Tower,36,38,30,0,104,0,4,39,0,43,36,42,69,0,147,0,0,0,147
08/19/2012,JAC,WY,ANM,WE,Federal Contract Tower,31,41,73,0,145,0,0,25,0,25,31,41,98,0,170,4,0,4,174
08/20/2012,JAC,WY,ANM,WE,Federal Contract Tower,27,19,50,0,96,0,2,9,0,11,27,21,59,0,107,0,0,0,107
08/21/2012,JAC,WY,ANM,WE,Federal Contract Tower,24,14,30,0,68,0,3,27,0,30,24,17,57,0,98,0,0,0,98
08/22/2012,JAC,WY,ANM,WE,Federal Contract Tower,27,21,30,0,78,0,2,22,0,24,27,23,52,0,102,2,0,2,104
08/23/2012,JAC,WY,ANM,WE,Federal Contract Tower,29,18,32,0,79,0,4,36,0,40,29,22,68,0,119,4,0,4,123
08/24/2012,JAC,WY,ANM,WE,Federal Contract Tower,28,12,34,0,74,0,2,42,0,44,28,14,76,0,118,2,0,2,120
08/25/2012,JAC,WY,ANM,WE,Federal Contract Tower,31,17,25,0,73,0,1,36,0,37,31,18,61,0,110,2,0,2,112
08/26/2012,JAC,WY,ANM,WE,Federal Contract Tower,29,26,31,0,86,0,1,38,0,39,29,27,69,0,125,0,0,0,125
08/27/2012,JAC,WY,ANM,WE,Federal Contract Tower,25,26,24,0,75,0,4,30,0,34,25,30,54,0,109,0,0,0,109
08/28/2012,JAC,WY,ANM,WE,Federal Contract Tower,20,20,24,0,64,0,4,22,0,26,20,24,46,0,90,6,0,6,96
08/29/2012,JAC,WY,ANM,WE,Federal Contract Tower,22,21,17,0,60,0,2,23,0,25,22,23,40,0,85,2,0,2,87
08/30/2012,JAC,WY,ANM,WE,Federal Contract Tower,21,17,40,0,78,1,3,23,0,27,22,20,63,0,105,0,0,0,105
08/31/2012,JAC,WY,ANM,WE,Federal Contract Tower,18,30,36,0,84,1,4,37,1,43,19,34,73,1,127,0,0,0,127
09/01/2012,JAC,WY,ANM,WE,Federal Contract Tower,21,24,15,0,60,0,2,28,0,30,21,26,43,0,90,4,0,4,94
09/02/2012,JAC,WY,ANM,WE,Federal Contract Tower,19,25,29,0,73,0,0,21,0,21,19,25,50,0,94,0,0,0,94
09/03/2012,JAC,WY,ANM,WE,Federal Contract Tower,22,32,39,0,93,0,0,43,0,43,22,32,82,0,136,0,0,0,136
09/04/2012,JAC,WY,ANM,WE,Federal Contract Tower,20,22,14,2,58,0,0,37,0,37,20,22,51,2,95,6,0,6,101
09/05/2012,JAC,WY,ANM,WE,Federal Contract Tower,16,19,9,0,44,0,1,22,0,23,16,20,31,0,67,0,0,0,67
09/06/2012,JAC,WY,ANM,WE,Federal Contract Tower,20,18,25,0,63,0,0,23,0,23,20,18,48,0,86,0,0,0,86
09/07/2012,JAC,WY,ANM,WE,Federal Contract Tower,21,7,20,0,48,0,2,31,0,33,21,9,51,0,81,0,0,0,81
09/08/2012,JAC,WY,ANM,WE,Federal Contract Tower,21,11,15,0,47,0,1,21,0,22,21,12,36,0,69,0,0,0,69
09/09/2012,JAC,WY,ANM,WE,Federal Contract Tower,20,23,23,2,68,0,0,39,3,42,20,23,62,5,110,0,0,0,110
09/10/2012,JAC,WY,ANM,WE,Federal Contract Tower,17,21,24,0,62,0,1,41,0,42,17,22,65,0,104,0,0,0,104
09/11/2012,JAC,WY,ANM,WE,Federal Contract Tower,16,22,31,0,69,0,2,44,0,46,16,24,75,0,115,0,0,0,115
09/12/2012,JAC,WY,ANM,WE,Federal Contract Tower,16,25,26,0,67,0,0,54,0,54,16,25,80,0,121,4,0,4,125
09/13/2012,JAC,WY,ANM,WE,Federal Contract Tower,15,29,35,0,79,0,4,43,0,47,15,33,78,0,126,0,0,0,126
09/14/2012,JAC,WY,ANM,WE,Federal Contract Tower,15,22,26,0,63,0,2,52,4,58,15,24,78,4,121,0,8,8,129
09/15/2012,JAC,WY,ANM,WE,Federal Contract Tower,20,14,20,0,54,0,1,41,2,44,20,15,61,2,98,0,0,0,98
09/16/2012,JAC,WY,ANM,WE,Federal Contract Tower,17,16,31,0,64,0,1,41,0,42,17,17,72,0,106,6,0,6,112
09/17/2012,JAC,WY,ANM,WE,Federal Contract Tower,16,19,28,0,63,0,5,28,0,33,16,24,56,0,96,0,0,0,96
09/18/2012,JAC,WY,ANM,WE,Federal Contract Tower,15,17,21,0,53,0,1,40,0,41,15,18,61,0,94,0,0,0,94
09/19/2012,JAC,WY,ANM,WE,Federal Contract Tower,16,21,29,0,66,0,3,30,0,33,16,24,59,0,99,6,0,6,105
09/20/2012,JAC,WY,ANM,WE,Federal Contract Tower,18,14,24,0,56,0,1,22,0,23,18,15,46,0,79,2,0,2,81
09/21/2012,JAC,WY,ANM,WE,Federal Contract Tower,17,19,23,0,59,0,3,22,0,25,17,22,45,0,84,0,0,0,84
09/22/2012,JAC,WY,ANM,WE,Federal Contract Tower,18,15,21,0,54,0,2,20,3,25,18,17,41,3,79,0,0,0,79
09/23/2012,JAC,WY,ANM,WE,Federal Contract Tower,17,11,33,0,61,0,0,27,0,27,17,11,60,0,88,0,0,0,88
09/24/2012,JAC,WY,ANM,WE,Federal Contract Tower,15,16,33,1,65,0,0,24,0,24,15,16,57,1,89,2,0,2,91
09/25/2012,JAC,WY,ANM,WE,Federal Contract Tower,18,12,20,0,50,0,0,16,0,16,18,12,36,0,66,0,0,0,66
09/26/2012,JAC,WY,ANM,WE,Federal Contract Tower,18,11,30,2,61,0,0,36,0,36,18,11,66,2,97,2,0,2,99
09/27/2012,JAC,WY,ANM,WE,Federal Contract Tower,17,20,31,0,68,0,5,36,0,41,17,25,67,0,109,8,0,8,117
09/28/2012,JAC,WY,ANM,WE,Federal Contract Tower,18,16,30,0,64,0,5,33,0,38,18,21,63,0,102,0,2,2,104
09/29/2012,JAC,WY,ANM,WE,Federal Contract Tower,18,10,14,3,45,0,1,9,3,13,18,11,23,6,58,0,0,0,58
09/30/2012,JAC,WY,ANM,WE,Federal Contract Tower,15,14,18,3,50,0,1,29,0,30,15,15,47,3,80,0,0,0,80
10/01/2012,JAC,WY,ANM,WE,Federal Contract Tower,16,6,19,0,41,0,2,20,0,22,16,8,39,0,63,0,0,0,63
10/02/2012,JAC,WY,ANM,WE,Federal Contract Tower,14,13,11,0,38,0,1,16,0,17,14,14,27,0,55,0,0,0,55
10/03/2012,JAC,WY,ANM,WE,Federal Contract Tower,10,9,14,0,33,0,0,13,0,13,10,9,27,0,46,6,0,6,52
10/04/2012,JAC,WY,ANM,WE,Federal Contract Tower,9,22,23,0,54,0,3,19,0,22,9,25,42,0,76,0,2,2,78
10/05/2012,JAC,WY,ANM,WE,Federal Contract Tower,12,15,23,2,52,0,1,25,0,26,12,16,48,2,78,2,0,2,80
10/06/2012,JAC,WY,ANM,WE,Federal Contract Tower,12,11,9,0,32,0,2,21,0,23,12,13,30,0,55,0,0,0,55
10/07/2012,JAC,WY,ANM,WE,Federal Contract Tower,9,5,23,0,37,0,0,21,2,23,9,5,44,2,60,2,0,2,62
10/08/2012,JAC,WY,ANM,WE,Federal Contract Tower,10,11,18,0,39,0,3,24,1,28,10,14,42,1,67,0,0,0,67
10/09/2012,JAC,WY,ANM,WE,Federal Contract Tower,9,14,19,0,42,0,2,27,0,29,9,16,46,0,71,6,0,6,77
10/10/2012,JAC,WY,ANM,WE,Federal Contract Tower,10,22,3,0,35,0,2,22,0,24,10,24,25,0,59,4,0,4,63
10/11/2012,JAC,WY,ANM,WE,Federal Contract Tower,11,15,15,0,41,0,1,12,0,13,11,16,27,0,54,0,0,0,54
10/12/2012,JAC,WY,ANM,WE,Federal Contract Tower,10,8,18,0,36,0,2,15,0,17,10,10,33,0,53,0,0,0,53
10/13/2012,JAC,WY,ANM,WE,Federal Contract Tower,9,7,7,0,23,0,2,12,0,14,9,9,19,0,37,6,0,6,43
10/14/2012,JAC,WY,ANM,WE,Federal Contract Tower,9,14,17,0,40,0,0,13,0,13,9,14,30,0,53,0,0,0,53
10/15/2012,JAC,WY,ANM,WE,Federal Contract Tower,9,12,12,0,33,0,3,10,0,13,9,15,22,0,46,0,0,0,46
10/16/2012,JAC,WY,ANM,WE,Federal Contract Tower,9,12,15,0,36,0,2,2,0,4,9,14,17,0,40,0,0,0,40
10/17/2012,JAC,WY,ANM,WE,Federal Contract Tower,10,9,19,0,38,0,1,34,0,35,10,10,53,0,73,0,0,0,73
10/18/2012,JAC,WY,ANM,WE,Federal Contract Tower,9,16,21,0,46,0,1,26,2,29,9,17,47,2,75,16,0,16,91
10/19/2012,JAC,WY,ANM,WE,Federal Contract Tower,9,11,9,0,29,0,0,12,1,13,9,11,21,1,42,10,0,10,52
10/20/2012,JAC,WY,ANM,WE,Federal Contract Tower,12,3,15,0,30,0,1,2,0,3,12,4,17,0,33,2,0,2,35
10/21/2012,JAC,WY,ANM,WE,Federal Contract Tower,9,2,15,0,26,0,1,9,0,10,9,3,24,0,36,0,0,0,36
10/22/2012,JAC,WY,ANM,WE,Federal Contract Tower,8,12,14,0,34,0,0,2,0,2,8,12,16,0,36,0,0,0,36
10/23/2012,JAC,WY,ANM,WE,Federal Contract Tower,9,5,17,0,31,0,0,0,0,0,9,5,17,0,31,0,0,0,31
10/24/2012,JAC,WY,ANM,WE,Federal Contract Tower,8,13,8,2,31,0,0,3,0,3,8,13,11,2,34,0,0,0,34
10/25/2012,JAC,WY,ANM,WE,Federal Contract Tower,9,10,11,0,30,0,0,3,1,4,9,10,14,1,34,0,0,0,34
10/26/2012,JAC,WY,ANM,WE,Federal Contract Tower,10,6,17,0,33,0,0,10,4,14,10,6,27,4,47,0,0,0,47
10/27/2012,JAC,WY,ANM,WE,Federal Contract Tower,12,5,7,0,24,0,0,4,0,4,12,5,11,0,28,0,0,0,28
10/28/2012,JAC,WY,ANM,WE,Federal Contract Tower,10,3,12,0,25,0,0,0,0,0,10,3,12,0,25,0,0,0,25
10/29/2012,JAC,WY,ANM,WE,Federal Contract Tower,10,9,16,0,35,0,1,7,0,8,10,10,23,0,43,0,0,0,43
10/30/2012,JAC,WY,ANM,WE,Federal Contract Tower,9,3,10,0,22,0,1,22,0,23,9,4,32,0,45,4,0,4,49
10/31/2012,JAC,WY,ANM,WE,Federal Contract Tower,8,7,14,1,30,0,0,22,3,25,8,7,36,4,55,0,0,0,55
11/01/2012,JAC,WY,ANM,WE,Federal Contract Tower,9,11,15,0,35,0,0,8,3,11,9,11,23,3,46,0,0,0,46
11/02/2012,JAC,WY,ANM,WE,Federal Contract Tower,9,4,15,0,28,0,4,8,0,12,9,8,23,0,40,0,16,16,56
11/03/2012,JAC,WY,ANM,WE,Federal Contract Tower,12,4,6,0,22,0,2,11,2,15,12,6,17,2,37,0,0,0,37
11/04/2012,JAC,WY,ANM,WE,Federal Contract Tower,9,6,11,0,26,0,0,12,0,12,9,6,23,0,38,0,0,0,38
11/05/2012,JAC,WY,ANM,WE,Federal Contract Tower,11,4,3,0,18,0,3,15,0,18,11,7,18,0,36,0,0,0,36
11/06/2012,JAC,WY,ANM,WE,Federal Contract Tower,7,11,3,0,21,0,3,22,0,25,7,14,25,0,46,8,0,8,54
11/07/2012,JAC,WY,ANM,WE,Federal Contract Tower,6,6,3,0,15,0,3,14,0,17,6,9,17,0,32,0,0,0,32
11/08/2012,JAC,WY,ANM,WE,Federal Contract Tower,10,11,20,2,43,0,1,8,0,9,10,12,28,2,52,0,0,0,52
11/09/2012,JAC,WY,ANM,WE,Federal Contract Tower,8,5,11,0,24,0,0,0,0,0,8,5,11,0,24,0,0,0,24
11/10/2012,JAC,WY,ANM,WE,Federal Contract Tower,7,4,5,0,16,0,0,0,0,0,7,4,5,0,16,0,0,0,16
11/11/2012,JAC,WY,ANM,WE,Federal Contract Tower,9,3,8,2,22,0,0,2,0,2,9,3,10,2,24,0,4,4,28
11/12/2012,JAC,WY,ANM,WE,Federal Contract Tower,9,9,15,0,33,0,1,13,0,14,9,10,28,0,47,0,0,0,47
11/13/2012,JAC,WY,ANM,WE,Federal Contract Tower,7,8,10,0,25,0,0,2,0,2,7,8,12,0,27,0,0,0,27
11/14/2012,JAC,WY,ANM,WE,Federal Contract Tower,7,9,4,0,20,0,0,0,0,0,7,9,4,0,20,0,0,0,20
11/15/2012,JAC,WY,ANM,WE,Federal Contract Tower,6,15,13,2,36,0,1,7,0,8,6,16,20,2,44,8,0,8,52
11/16/2012,JAC,WY,ANM,WE,Federal Contract Tower,7,12,5,0,24,0,0,6,0,6,7,12,11,0,30,2,0,2,32
11/17/2012,JAC,WY,ANM,WE,Federal Contract Tower,8,11,15,0,34,0,0,7,0,7,8,11,22,0,41,12,0,12,53
11/18/2012,JAC,WY,ANM,WE,Federal Contract Tower,7,8,4,0,19,0,0,0,0,0,7,8,4,0,19,0,0,0,19
11/19/2012,JAC,WY,ANM,WE,Federal Contract Tower,7,16,12,0,35,0,0,0,0,0,7,16,12,0,35,0,0,0,35
11/20/2012,JAC,WY,ANM,WE,Federal Contract Tower,7,9,4,0,20,0,0,7,3,10,7,9,11,3,30,0,0,0,30
11/21/2012,JAC,WY,ANM,WE,Federal Contract Tower,7,13,13,0,33,0,0,2,3,5,7,13,15,3,38,0,0,0,38
11/22/2012,JAC,WY,ANM,WE,Federal Contract Tower,4,6,2,0,12,0,0,9,0,9,4,6,11,0,21,18,0,18,39
11/23/2012,JAC,WY,ANM,WE,Federal Contract Tower,7,6,6,0,19,0,1,6,2,9,7,7,12,2,28,0,0,0,28
11/24/2012,JAC,WY,ANM,WE,Federal Contract Tower,5,10,6,0,21,0,4,2,0,6,5,14,8,0,27,0,0,0,27
11/25/2012,JAC,WY,ANM,WE,Federal Contract Tower,9,6,22,0,37,0,0,1,0,1,9,6,23,0,38,0,0,0,38
11/26/2012,JAC,WY,ANM,WE,Federal Contract Tower,9,11,17,0,37,0,4,23,0,27,9,15,40,0,64,2,0,2,66
11/27/2012,JAC,WY,ANM,WE,Federal Contract Tower,8,7,16,0,31,0,3,21,2,26,8,10,37,2,57,4,8,12,69
11/28/2012,JAC,WY,ANM,WE,Federal Contract Tower,7,9,7,0,23,0,1,10,0,11,7,10,17,0,34,0,0,0,34
11/29/2012,JAC,WY,ANM,WE,Federal Contract Tower,9,11,13,0,33,0,0,12,0,12,9,11,25,0,45,0,0,0,45
11/30/2012,JAC,WY,ANM,WE,Federal Contract Tower,7,4,6,0,17,0,0,0,0,0,7,4,6,0,17,0,0,0,17
12/01/2012,JAC,WY,ANM,WE,Federal Contract Tower,8,3,5,0,16,0,0,0,0,0,8,3,5,0,16,0,0,0,16
12/02/2012,JAC,WY,ANM,WE,Federal Contract Tower,8,3,10,0,21,0,0,0,0,0,8,3,10,0,21,0,0,0,21
12/03/2012,JAC,WY,ANM,WE,Federal Contract Tower,10,11,11,0,32,0,0,1,0,1,10,11,12,0,33,0,0,0,33
12/04/2012,JAC,WY,ANM,WE,Federal Contract Tower,9,13,14,0,36,0,0,0,0,0,9,13,14,0,36,0,0,0,36
12/05/2012,JAC,WY,ANM,WE,Federal Contract Tower,7,7,16,0,30,0,0,0,0,0,7,7,16,0,30,0,0,0,30
12/06/2012,JAC,WY,ANM,WE,Federal Contract Tower,9,10,7,0,26,0,0,0,0,0,9,10,7,0,26,0,0,0,26
12/07/2012,JAC,WY,ANM,WE,Federal Contract Tower,9,11,8,0,28,0,1,0,0,1,9,12,8,0,29,0,0,0,29
12/08/2012,JAC,WY,ANM,WE,Federal Contract Tower,6,10,8,0,24,0,3,0,0,3,6,13,8,0,27,0,0,0,27
12/09/2012,JAC,WY,ANM,WE,Federal Contract Tower,8,4,15,0,27,0,1,16,0,17,8,5,31,0,44,4,0,4,48
12/10/2012,JAC,WY,ANM,WE,Federal Contract Tower,8,5,12,0,25,0,0,0,0,0,8,5,12,0,25,0,0,0,25
12/11/2012,JAC,WY,ANM,WE,Federal Contract Tower,6,10,14,0,30,0,0,3,0,3,6,10,17,0,33,0,0,0,33
12/12/2012,JAC,WY,ANM,WE,Federal Contract Tower,8,9,9,0,26,0,0,7,0,7,8,9,16,0,33,0,0,0,33
12/13/2012,JAC,WY,ANM,WE,Federal Contract Tower,11,13,27,0,51,0,1,0,0,1,11,14,27,0,52,0,0,0,52
12/14/2012,JAC,WY,ANM,WE,Federal Contract Tower,11,5,17,0,33,0,1,18,0,19,11,6,35,0,52,10,0,10,62
12/15/2012,JAC,WY,ANM,WE,Federal Contract Tower,10,9,13,0,32,0,0,2,0,2,10,9,15,0,34,0,0,0,34
12/16/2012,JAC,WY,ANM,WE,Federal Contract Tower,8,7,17,0,32,0,0,0,0,0,8,7,17,0,32,0,0,0,32
12/17/2012,JAC,WY,ANM,WE,Federal Contract Tower,4,9,21,0,34,0,0,0,0,0,4,9,21,0,34,0,0,0,34
12/18/2012,JAC,WY,ANM,WE,Federal Contract Tower,8,12,12,0,32,0,1,10,0,11,8,13,22,0,43,0,0,0,43
12/19/2012,JAC,WY,ANM,WE,Federal Contract Tower,22,18,18,0,58,0,3,7,0,10,22,21,25,0,68,0,0,0,68
12/20/2012,JAC,WY,ANM,WE,Federal Contract Tower,20,24,14,0,58,0,6,20,0,26,20,30,34,0,84,0,0,0,84
12/21/2012,JAC,WY,ANM,WE,Federal Contract Tower,21,27,41,0,89,0,3,24,0,27,21,30,65,0,116,2,0,2,118
12/22/2012,JAC,WY,ANM,WE,Federal Contract Tower,25,27,25,0,77,0,3,16,0,19,25,30,41,0,96,2,0,2,98
12/23/2012,JAC,WY,ANM,WE,Federal Contract Tower,21,17,26,0,64,0,0,0,0,0,21,17,26,0,64,0,0,0,64
12/24/2012,JAC,WY,ANM,WE,Federal Contract Tower,26,17,2,0,45,0,0,0,0,0,26,17,2,0,45,0,0,0,45
12/25/2012,JAC,WY,ANM,WE,Federal Contract Tower,18,14,3,0,35,0,0,11,0,11,18,14,14,0,46,0,0,0,46
12/26/2012,JAC,WY,ANM,WE,Federal Contract Tower,22,38,49,0,109,0,0,0,0,0,22,38,49,0,109,0,0,0,109
12/27/2012,JAC,WY,ANM,WE,Federal Contract Tower,21,27,41,0,89,1,0,15,0,16,22,27,56,0,105,6,0,6,111
12/28/2012,JAC,WY,ANM,WE,Federal Contract Tower,25,40,25,0,90,0,2,2,0,4,25,42,27,0,94,0,0,0,94
12/29/2012,JAC,WY,ANM,WE,Federal Contract Tower,24,16,28,0,68,0,2,21,0,23,24,18,49,0,91,0,0,0,91
12/30/2012,JAC,WY,ANM,WE,Federal Contract Tower,24,15,23,0,62,0,0,0,0,0,24,15,23,0,62,0,0,0,62
12/31/2012,JAC,WY,ANM,WE,Federal Contract Tower,23,24,24,0,71,0,0,9,0,9,23,24,33,0,80,4,0,4,84
01/01/2013,JAC,WY,ANM,WE,Federal Contract Tower,18,21,22,0,61,2,0,1,0,3,20,21,23,0,64,0,0,0,64
01/02/2013,JAC,WY,ANM,WE,Federal Contract Tower,26,35,54,0,115,0,1,15,0,16,26,36,69,0,131,0,0,0,131
01/03/2013,JAC,WY,ANM,WE,Federal Contract Tower,23,21,14,0,58,0,8,6,0,14,23,29,20,0,72,6,0,6,78
01/04/2013,JAC,WY,ANM,WE,Federal Contract Tower,20,43,17,0,80,0,5,12,0,17,20,48,29,0,97,0,0,0,97
01/05/2013,JAC,WY,ANM,WE,Federal Contract Tower,23,37,28,4,92,0,2,17,0,19,23,39,45,4,111,0,0,0,111
01/06/2013,JAC,WY,ANM,WE,Federal Contract Tower,21,14,31,0,66,0,0,13,0,13,21,14,44,0,79,0,0,0,79
01/07/2013,JAC,WY,ANM,WE,Federal Contract Tower,18,17,20,0,55,0,3,8,0,11,18,20,28,0,66,0,0,0,66
01/08/2013,JAC,WY,ANM,WE,Federal Contract Tower,13,15,16,0,44,0,0,0,0,0,13,15,16,0,44,0,0,0,44
01/09/2013,JAC,WY,ANM,WE,Federal Contract Tower,13,11,29,2,55,0,2,6,2,10,13,13,35,4,65,0,0,0,65
01/10/2013,JAC,WY,ANM,WE,Federal Contract Tower,18,7,10,0,35,0,0,0,0,0,18,7,10,0,35,0,0,0,35
01/11/2013,JAC,WY,ANM,WE,Federal Contract Tower,17,10,13,0,40,0,0,0,0,0,17,10,13,0,40,0,0,0,40
01/12/2013,JAC,WY,ANM,WE,Federal Contract Tower,20,14,8,0,42,0,0,7,0,7,20,14,15,0,49,0,0,0,49
01/13/2013,JAC,WY,ANM,WE,Federal Contract Tower,19,4,13,0,36,0,0,6,0,6,19,4,19,0,42,4,0,4,46
01/14/2013,JAC,WY,ANM,WE,Federal Contract Tower,18,7,16,0,41,0,2,7,0,9,18,9,23,0,50,0,0,0,50
01/15/2013,JAC,WY,ANM,WE,Federal Contract Tower,14,11,11,0,36,0,0,1,0,1,14,11,12,0,37,0,0,0,37
01/16/2013,JAC,WY,ANM,WE,Federal Contract Tower,12,9,12,0,33,0,1,3,2,6,12,10,15,2,39,0,0,0,39
01/17/2013,JAC,WY,ANM,WE,Federal Contract Tower,17,9,23,0,49,0,0,15,1,16,17,9,38,1,65,0,0,0,65
01/18/2013,JAC,WY,ANM,WE,Federal Contract Tower,18,15,28,0,61,0,1,12,0,13,18,16,40,0,74,2,0,2,76
01/19/2013,JAC,WY,ANM,WE,Federal Contract Tower,20,11,13,0,44,0,0,4,1,5,20,11,17,1,49,0,0,0,49
01/20/2013,JAC,WY,ANM,WE,Federal Contract Tower,20,12,12,0,44,0,0,10,4,14,20,12,22,4,58,0,0,0,58
01/21/2013,JAC,WY,ANM,WE,Federal Contract Tower,18,23,32,0,73,0,3,5,0,8,18,26,37,0,81,0,0,0,81
01/22/2013,JAC,WY,ANM,WE,Federal Contract Tower,16,14,14,0,44,0,2,8,0,10,16,16,22,0,54,0,0,0,54
01/23/2013,JAC,WY,ANM,WE,Federal Contract Tower,16,12,11,0,39,0,2,11,0,13,16,14,22,0,52,0,0,0,52
01/24/2013,JAC,WY,ANM,WE,Federal Contract Tower,17,17,19,0,53,0,0,0,0,0,17,17,19,0,53,0,0,0,53
01/25/2013,JAC,WY,ANM,WE,Federal Contract Tower,19,9,18,0,46,0,1,11,0,12,19,10,29,0,58,0,0,0,58
01/26/2013,JAC,WY,ANM,WE,Federal Contract Tower,19,7,15,0,41,0,0,2,0,2,19,7,17,0,43,0,0,0,43
01/27/2013,JAC,WY,ANM,WE,Federal Contract Tower,21,12,17,0,50,0,0,0,0,0,21,12,17,0,50,0,0,0,50
01/28/2013,JAC,WY,ANM,WE,Federal Contract Tower,17,11,21,0,49,0,3,2,0,5,17,14,23,0,54,0,0,0,54
01/29/2013,JAC,WY,ANM,WE,Federal Contract Tower,15,14,12,0,41,0,0,1,0,1,15,14,13,0,42,0,0,0,42
01/30/2013,JAC,WY,ANM,WE,Federal Contract Tower,8,8,9,0,25,0,0,0,0,0,8,8,9,0,25,0,0,0,25
01/31/2013,JAC,WY,ANM,WE,Federal Contract Tower,19,22,15,0,56,0,0,1,0,1,19,22,16,0,57,0,0,0,57
02/01/2013,JAC,WY,ANM,WE,Federal Contract Tower,18,9,17,0,44,0,0,0,0,0,18,9,17,0,44,0,0,0,44
02/02/2013,JAC,WY,ANM,WE,Federal Contract Tower,20,6,11,0,37,0,2,22,2,26,20,8,33,2,63,10,0,10,73
02/03/2013,JAC,WY,ANM,WE,Federal Contract Tower,19,7,21,0,47,0,0,16,0,16,19,7,37,0,63,8,0,8,71
02/04/2013,JAC,WY,ANM,WE,Federal Contract Tower,18,9,18,0,45,0,2,8,0,10,18,11,26,0,55,2,0,2,57
02/05/2013,JAC,WY,ANM,WE,Federal Contract Tower,13,8,14,0,35,0,1,10,0,11,13,9,24,0,46,0,0,0,46
02/06/2013,JAC,WY,ANM,WE,Federal Contract Tower,10,8,25,0,43,0,0,9,6,15,10,8,34,6,58,0,10,10,68
02/07/2013,JAC,WY,ANM,WE,Federal Contract Tower,18,15,18,0,51,0,0,12,0,12,18,15,30,0,63,0,0,0,63
02/08/2013,JAC,WY,ANM,WE,Federal Contract Tower,18,7,16,0,41,0,0,5,1,6,18,7,21,1,47,0,0,0,47
02/09/2013,JAC,WY,ANM,WE,Federal Contract Tower,21,8,9,0,38,0,1,5,0,6,21,9,14,0,44,2,0,2,46
02/10/2013,JAC,WY,ANM,WE,Federal Contract Tower,19,7,21,0,47,0,0,2,0,2,19,7,23,0,49,0,0,0,49
02/11/2013,JAC,WY,ANM,WE,Federal Contract Tower,16,7,13,0,36,0,4,18,3,25,16,11,31,3,61,0,6,6,67
02/12/2013,JAC,WY,ANM,WE,Federal Contract Tower,15,9,20,0,44,0,0,2,0,2,15,9,22,0,46,0,0,0,46
02/13/2013,JAC,WY,ANM,WE,Federal Contract Tower,15,13,18,2,48,0,0,0,0,0,15,13,18,2,48,0,0,0,48
02/14/2013,JAC,WY,ANM,WE,Federal Contract Tower,18,21,29,0,68,0,1,2,0,3,18,22,31,0,71,0,0,0,71
02/15/2013,JAC,WY,ANM,WE,Federal Contract Tower,21,32,39,0,92,0,2,14,0,16,21,34,53,0,108,0,0,0,108
02/16/2013,JAC,WY,ANM,WE,Federal Contract Tower,29,30,22,0,81,0,2,16,0,18,29,32,38,0,99,0,0,0,99
02/17/2013,JAC,WY,ANM,WE,Federal Contract Tower,23,11,20,0,54,0,0,0,0,0,23,11,20,0,54,0,0,0,54
02/18/2013,JAC,WY,ANM,WE,Federal Contract Tower,20,43,59,0,122,0,1,17,3,21,20,44,76,3,143,0,0,0,143
02/19/2013,JAC,WY,ANM,WE,Federal Contract Tower,20,28,22,0,70,0,0,11,0,11,20,28,33,0,81,0,0,0,81
02/20/2013,JAC,WY,ANM,WE,Federal Contract Tower,19,16,12,0,47,0,0,5,0,5,19,16,17,0,52,0,0,0,52
02/21/2013,JAC,WY,ANM,WE,Federal Contract Tower,19,19,16,0,54,0,7,11,1,19,19,26,27,1,73,0,0,0,73
02/22/2013,JAC,WY,ANM,WE,Federal Contract Tower,20,18,17,0,55,0,0,0,0,0,20,18,17,0,55,0,0,0,55
02/23/2013,JAC,WY,ANM,WE,Federal Contract Tower,24,15,7,0,46,0,0,0,0,0,24,15,7,0,46,0,0,0,46
02/24/2013,JAC,WY,ANM,WE,Federal Contract Tower,21,26,16,0,63,0,0,8,2,10,21,26,24,2,73,2,0,2,75
02/25/2013,JAC,WY,ANM,WE,Federal Contract Tower,19,13,14,0,46,0,0,5,0,5,19,13,19,0,51,0,0,0,51
02/26/2013,JAC,WY,ANM,WE,Federal Contract Tower,16,10,7,0,33,0,1,4,0,5,16,11,11,0,38,0,0,0,38
02/27/2013,JAC,WY,ANM,WE,Federal Contract Tower,19,7,5,0,31,0,2,3,0,5,19,9,8,0,36,4,0,4,40
02/28/2013,JAC,WY,ANM,WE,Federal Contract Tower,18,16,20,0,54,0,0,1,1,2,18,16,21,1,56,0,0,0,56
03/01/2013,JAC,WY,ANM,WE,Federal Contract Tower,16,19,5,0,40,0,1,2,1,4,16,20,7,1,44,0,0,0,44
03/02/2013,JAC,WY,ANM,WE,Federal Contract Tower,24,18,11,0,53,0,1,8,2,11,24,19,19,2,64,6,0,6,70
03/03/2013,JAC,WY,ANM,WE,Federal Contract Tower,21,17,19,0,57,0,0,0,0,0,21,17,19,0,57,0,0,0,57
03/04/2013,JAC,WY,ANM,WE,Federal Contract Tower,14,13,11,0,38,0,3,3,1,7,14,16,14,1,45,0,0,0,45
03/05/2013,JAC,WY,ANM,WE,Federal Contract Tower,14,15,4,0,33,0,2,21,0,23,14,17,25,0,56,0,0,0,56
03/06/2013,JAC,WY,ANM,WE,Federal Contract Tower,18,8,10,0,36,0,0,18,0,18,18,8,28,0,54,4,0,4,58
03/07/2013,JAC,WY,ANM,WE,Federal Contract Tower,16,13,29,0,58,0,0,8,0,8,16,13,37,0,66,4,0,4,70
03/08/2013,JAC,WY,ANM,WE,Federal Contract Tower,14,12,16,0,42,0,1,0,0,1,14,13,16,0,43,0,0,0,43
03/09/2013,JAC,WY,ANM,WE,Federal Contract Tower,21,14,13,0,48,0,2,8,3,13,21,16,21,3,61,0,0,0,61
03/10/2013,JAC,WY,ANM,WE,Federal Contract Tower,18,10,24,0,52,0,0,12,3,15,18,10,36,3,67,4,0,4,71
03/11/2013,JAC,WY,ANM,WE,Federal Contract Tower,16,10,26,0,52,0,1,1,0,2,16,11,27,0,54,0,0,0,54
03/12/2013,JAC,WY,ANM,WE,Federal Contract Tower,14,9,11,0,34,0,1,14,0,15,14,10,25,0,49,8,0,8,57
03/13/2013,JAC,WY,ANM,WE,Federal Contract Tower,17,19,19,0,55,0,1,14,2,17,17,20,33,2,72,0,14,14,86
03/14/2013,JAC,WY,ANM,WE,Federal Contract Tower,15,19,22,0,56,0,1,18,2,21,15,20,40,2,77,8,0,8,85
03/15/2013,JAC,WY,ANM,WE,Federal Contract Tower,16,19,30,0,65,0,3,9,2,14,16,22,39,2,79,2,0,2,81
03/16/2013,JAC,WY,ANM,WE,Federal Contract Tower,23,20,16,0,59,0,3,11,0,14,23,23,27,0,73,0,0,0,73
03/17/2013,JAC,WY,ANM,WE,Federal Contract Tower,19,17,25,0,61,0,0,0,0,0,19,17,25,0,61,0,0,0,61
03/18/2013,JAC,WY,ANM,WE,Federal Contract Tower,13,23,21,0,57,0,1,0,0,1,13,24,21,0,58,0,0,0,58
03/19/2013,JAC,WY,ANM,WE,Federal Contract Tower,12,8,10,0,30,0,2,12,0,14,12,10,22,0,44,0,0,0,44
03/20/2013,JAC,WY,ANM,WE,Federal Contract Tower,20,5,20,0,45,0,0,0,0,0,20,5,20,0,45,0,0,0,45
03/21/2013,JAC,WY,ANM,WE,Federal Contract Tower,14,15,23,0,52,0,0,0,0,0,14,15,23,0,52,0,0,0,52
03/22/2013,JAC,WY,ANM,WE,Federal Contract Tower,14,20,34,0,68,0,3,6,0,9,14,23,40,0,77,0,0,0,77
03/23/2013,JAC,WY,ANM,WE,Federal Contract Tower,22,21,18,0,61,0,2,8,0,10,22,23,26,0,71,0,0,0,71
03/24/2013,JAC,WY,ANM,WE,Federal Contract Tower,18,10,17,0,45,0,0,6,2,8,18,10,23,2,53,0,0,0,53
03/25/2013,JAC,WY,ANM,WE,Federal Contract Tower,16,19,11,0,46,0,3,23,0,26,16,22,34,0,72,0,0,0,72
03/26/2013,JAC,WY,ANM,WE,Federal Contract Tower,13,5,13,2,33,0,0,8,0,8,13,5,21,2,41,0,0,0,41
03/27/2013,JAC,WY,ANM,WE,Federal Contract Tower,17,32,20,1,70,0,0,0,0,0,17,32,20,1,70,0,0,0,70
03/28/2013,JAC,WY,ANM,WE,Federal Contract Tower,15,6,11,0,32,0,2,16,3,21,15,8,27,3,53,18,0,18,71
03/29/2013,JAC,WY,ANM,WE,Federal Contract Tower,24,17,6,0,47,0,4,12,0,16,24,21,18,0,63,2,0,2,65
03/30/2013,JAC,WY,ANM,WE,Federal Contract Tower,15,16,13,2,46,0,0,2,0,2,15,16,15,2,48,0,0,0,48
03/31/2013,JAC,WY,ANM,WE,Federal Contract Tower,18,10,13,0,41,1,0,16,1,18,19,10,29,1,59,0,0,0,59
04/01/2013,JAC,WY,ANM,WE,Federal Contract Tower,11,17,15,0,43,0,2,14,0,16,11,19,29,0,59,0,0,0,59
04/02/2013,JAC,WY,ANM,WE,Federal Contract Tower,11,6,3,0,20,0,0,10,0,10,11,6,13,0,30,2,0,2,32
04/03/2013,JAC,WY,ANM,WE,Federal Contract Tower,13,7,13,1,34,0,0,5,1,6,13,7,18,2,40,10,4,14,54
04/04/2013,JAC,WY,ANM,WE,Federal Contract Tower,11,7,10,0,28,0,1,14,2,17,11,8,24,2,45,0,0,0,45
04/05/2013,JAC,WY,ANM,WE,Federal Contract Tower,11,8,5,0,24,0,0,2,0,2,11,8,7,0,26,0,0,0,26
04/06/2013,JAC,WY,ANM,WE,Federal Contract Tower,11,8,6,0,25,0,1,1,0,2,11,9,7,0,27,0,0,0,27
04/07/2013,JAC,WY,ANM,WE,Federal Contract Tower,13,10,12,0,35,0,0,0,0,0,13,10,12,0,35,0,0,0,35
04/08/2013,JAC,WY,ANM,WE,Federal Contract Tower,9,13,16,0,38,0,0,0,0,0,9,13,16,0,38,0,0,0,38
04/09/2013,JAC,WY,ANM,WE,Federal Contract Tower,5,9,8,0,22,0,0,0,0,0,5,9,8,0,22,0,0,0,22
04/10/2013,JAC,WY,ANM,WE,Federal Contract Tower,9,5,13,2,29,0,1,16,0,17,9,6,29,2,46,4,0,4,50
04/11/2013,JAC,WY,ANM,WE,Federal Contract Tower,8,8,10,0,26,0,4,5,0,9,8,12,15,0,35,0,0,0,35
04/12/2013,JAC,WY,ANM,WE,Federal Contract Tower,8,10,8,2,28,0,5,6,1,12,8,15,14,3,40,0,0,0,40
04/13/2013,JAC,WY,ANM,WE,Federal Contract Tower,8,5,4,0,17,0,0,0,0,0,8,5,4,0,17,0,0,0,17
04/14/2013,JAC,WY,ANM,WE,Federal Contract Tower,9,3,3,0,15,0,0,3,0,3,9,3,6,0,18,0,0,0,18
04/15/2013,JAC,WY,ANM,WE,Federal Contract Tower,8,7,9,0,24,0,0,0,0,0,8,7,9,0,24,0,0,0,24
04/16/2013,JAC,WY,ANM,WE,Federal Contract Tower,7,7,2,0,16,0,1,0,0,1,7,8,2,0,17,0,0,0,17
04/17/2013,JAC,WY,ANM,WE,Federal Contract Tower,9,6,12,0,27,0,2,4,0,6,9,8,16,0,33,0,0,0,33
04/18/2013,JAC,WY,ANM,WE,Federal Contract Tower,8,14,6,0,28,0,2,14,2,18,8,16,20,2,46,0,0,0,46
04/19/2013,JAC,WY,ANM,WE,Federal Contract Tower,9,6,6,0,21,0,0,0,0,0,9,6,6,0,21,0,0,0,21
04/20/2013,JAC,WY,ANM,WE,Federal Contract Tower,6,4,2,0,12,0,0,0,0,0,6,4,2,0,12,0,0,0,12
04/21/2013,JAC,WY,ANM,WE,Federal Contract Tower,9,5,13,5,32,0,0,4,0,4,9,5,17,5,36,0,0,0,36
04/22/2013,JAC,WY,ANM,WE,Federal Contract Tower,7,10,8,1,26,0,0,0,0,0,7,10,8,1,26,0,0,0,26
04/23/2013,JAC,WY,ANM,WE,Federal Contract Tower,6,7,4,0,17,0,2,10,2,14,6,9,14,2,31,0,0,0,31
04/24/2013,JAC,WY,ANM,WE,Federal Contract Tower,9,2,11,0,22,0,2,13,0,15,9,4,24,0,37,0,0,0,37
04/25/2013,JAC,WY,ANM,WE,Federal Contract Tower,10,9,2,0,21,0,1,20,4,25,10,10,22,4,46,8,0,8,54
04/26/2013,JAC,WY,ANM,WE,Federal Contract Tower,10,5,4,0,19,0,2,34,2,38,10,7,38,2,57,8,0,8,65
04/27/2013,JAC,WY,ANM,WE,Federal Contract Tower,8,5,7,0,20,0,2,20,6,28,8,7,27,6,48,6,0,6,54
04/28/2013,JAC,WY,ANM,WE,Federal Contract Tower,9,3,5,0,17,0,0,3,3,6,9,3,8,3,23,0,0,0,23
04/29/2013,JAC,WY,ANM,WE,Federal Contract Tower,8,8,7,0,23,0,0,5,0,5,8,8,12,0,28,0,0,0,28
04/30/2013,JAC,WY,ANM,WE,Federal Contract Tower,8,12,6,0,26,0,1,6,0,7,8,13,12,0,33,2,0,2,35
05/01/2013,JAC,WY,ANM,WE,Federal Contract Tower,10,8,8,0,26,0,3,3,0,6,10,11,11,0,32,0,0,0,32
05/02/2013,JAC,WY,ANM,WE,Federal Contract Tower,11,14,15,0,40,0,3,27,0,30,11,17,42,0,70,2,0,2,72
05/03/2013,JAC,WY,ANM,WE,Federal Contract Tower,11,9,10,0,30,0,1,15,0,16,11,10,25,0,46,0,0,0,46
05/04/2013,JAC,WY,ANM,WE,Federal Contract Tower,9,3,1,0,13,0,1,0,0,1,9,4,1,0,14,0,0,0,14
05/05/2013,JAC,WY,ANM,WE,Federal Contract Tower,10,1,6,0,17,0,0,6,0,6,10,1,12,0,23,0,0,0,23
05/06/2013,JAC,WY,ANM,WE,Federal Contract Tower,11,11,9,0,31,0,0,6,0,6,11,11,15,0,37,0,0,0,37
05/07/2013,JAC,WY,ANM,WE,Federal Contract Tower,9,9,16,0,34,0,1,6,1,8,9,10,22,1,42,0,0,0,42
05/08/2013,JAC,WY,ANM,WE,Federal Contract Tower,11,7,8,0,26,0,1,5,0,6,11,8,13,0,32,0,0,0,32
05/09/2013,JAC,WY,ANM,WE,Federal Contract Tower,10,8,7,0,25,0,0,10,1,11,10,8,17,1,36,6,0,6,42
05/10/2013,JAC,WY,ANM,WE,Federal Contract Tower,10,9,10,0,29,0,2,18,2,22,10,11,28,2,51,2,0,2,53
05/11/2013,JAC,WY,ANM,WE,Federal Contract Tower,9,8,5,2,24,0,3,6,0,9,9,11,11,2,33,0,0,0,33
05/12/2013,JAC,WY,ANM,WE,Federal Contract Tower,9,3,9,2,23,0,0,12,0,12,9,3,21,2,35,4,0,4,39
05/13/2013,JAC,WY,ANM,WE,Federal Contract Tower,11,9,6,0,26,0,3,15,1,19,11,12,21,1,45,0,0,0,45
05/14/2013,JAC,WY,ANM,WE,Federal Contract Tower,9,3,7,0,19,0,2,9,2,13,9,5,16,2,32,2,0,2,34
05/15/2013,JAC,WY,ANM,WE,Federal Contract Tower,11,7,11,0,29,0,0,3,2,5,11,7,14,2,34,0,0,0,34
05/16/2013,JAC,WY,ANM,WE,Federal Contract Tower,14,9,14,0,37,0,1,3,1,5,14,10,17,1,42,0,0,0,42
05/17/2013,JAC,WY,ANM,WE,Federal Contract Tower,13,9,12,0,34,0,0,1,0,1,13,9,13,0,35,0,0,0,35
05/18/2013,JAC,WY,ANM,WE,Federal Contract Tower,14,5,9,0,28,0,0,2,0,2,14,5,11,0,30,0,0,0,30
05/19/2013,JAC,WY,ANM,WE,Federal Contract Tower,13,13,11,0,37,0,0,2,0,2,13,13,13,0,39,0,0,0,39
05/20/2013,JAC,WY,ANM,WE,Federal Contract Tower,13,14,24,0,51,0,0,5,0,5,13,14,29,0,56,0,0,0,56
05/21/2013,JAC,WY,ANM,WE,Federal Contract Tower,10,10,12,0,32,0,10,17,0,27,10,20,29,0,59,0,0,0,59
05/22/2013,JAC,WY,ANM,WE,Federal Contract Tower,14,19,11,1,45,0,8,11,2,21,14,27,22,3,66,0,0,0,66
05/23/2013,JAC,WY,ANM,WE,Federal Contract Tower,13,6,25,0,44,0,2,17,0,19,13,8,42,0,63,0,0,0,63
05/24/2013,JAC,WY,ANM,WE,Federal Contract Tower,13,17,29,0,59,0,7,22,7,36,13,24,51,7,95,0,10,10,105
05/25/2013,JAC,WY,ANM,WE,Federal Contract Tower,13,7,14,0,34,0,3,9,0,12,13,10,23,0,46,0,0,0,46
05/26/2013,JAC,WY,ANM,WE,Federal Contract Tower,12,6,10,0,28,0,0,25,1,26,12,6,35,1,54,0,0,0,54
05/27/2013,JAC,WY,ANM,WE,Federal Contract Tower,16,9,21,0,46,0,0,23,0,23,16,9,44,0,69,0,0,0,69
05/28/2013,JAC,WY,ANM,WE,Federal Contract Tower,13,15,13,0,41,0,0,12,0,12,13,15,25,0,53,4,0,4,57
05/29/2013,JAC,WY,ANM,WE,Federal Contract Tower,15,14,6,0,35,0,0,6,0,6,15,14,12,0,41,0,0,0,41
05/30/2013,JAC,WY,ANM,WE,Federal Contract Tower,12,13,14,0,39,0,0,0,0,0,12,13,14,0,39,0,0,0,39
05/31/2013,JAC,WY,ANM,WE,Federal Contract Tower,10,16,12,2,40,0,5,7,0,12,10,21,19,2,52,0,0,0,52
06/01/2013,JAC,WY,ANM,WE,Federal Contract Tower,11,7,13,0,31,0,2,11,1,14,11,9,24,1,45,0,6,6,51
06/02/2013,JAC,WY,ANM,WE,Federal Contract Tower,15,14,11,0,40,0,1,5,1,7,15,15,16,1,47,0,0,0,47
06/03/2013,JAC,WY,ANM,WE,Federal Contract Tower,13,16,15,0,44,0,3,4,0,7,13,19,19,0,51,0,0,0,51
06/04/2013,JAC,WY,ANM,WE,Federal Contract Tower,11,5,18,0,34,0,7,17,1,25,11,12,35,1,59,0,0,0,59
06/05/2013,JAC,WY,ANM,WE,Federal Contract Tower,17,8,20,0,45,0,5,12,1,18,17,13,32,1,63,0,0,0,63
06/06/2013,JAC,WY,ANM,WE,Federal Contract Tower,17,14,6,0,37,0,5,21,1,27,17,19,27,1,64,4,0,4,68
06/07/2013,JAC,WY,ANM,WE,Federal Contract Tower,16,14,15,0,45,0,1,12,0,13,16,15,27,0,58,0,0,0,58
06/08/2013,JAC,WY,ANM,WE,Federal Contract Tower,18,6,12,0,36,0,1,24,2,27,18,7,36,2,63,4,0,4,67
06/09/2013,JAC,WY,ANM,WE,Federal Contract Tower,21,18,18,0,57,0,3,14,0,17,21,21,32,0,74,0,0,0,74
06/10/2013,JAC,WY,ANM,WE,Federal Contract Tower,19,8,6,0,33,0,2,9,1,12,19,10,15,1,45,0,0,0,45
06/11/2013,JAC,WY,ANM,WE,Federal Contract Tower,18,10,19,0,47,0,1,9,1,11,18,11,28,1,58,0,0,0,58
06/12/2013,JAC,WY,ANM,WE,Federal Contract Tower,20,12,13,0,45,0,2,4,1,7,20,14,17,1,52,0,0,0,52
06/13/2013,JAC,WY,ANM,WE,Federal Contract Tower,20,15,10,0,45,0,4,34,0,38,20,19,44,0,83,0,0,0,83
06/14/2013,JAC,WY,ANM,WE,Federal Contract Tower,18,11,11,0,40,0,4,28,5,37,18,15,39,5,77,6,6,12,89
06/15/2013,JAC,WY,ANM,WE,Federal Contract Tower,29,15,25,0,69,0,2,30,1,33,29,17,55,1,102,2,0,2,104
06/16/2013,JAC,WY,ANM,WE,Federal Contract Tower,25,15,13,0,53,0,1,14,3,18,25,16,27,3,71,2,0,2,73
06/17/2013,JAC,WY,ANM,WE,Federal Contract Tower,19,14,15,0,48,0,4,18,4,26,19,18,33,4,74,0,0,0,74
06/18/2013,JAC,WY,ANM,WE,Federal Contract Tower,20,10,14,0,44,0,2,31,2,35,20,12,45,2,79,0,2,2,81
06/19/2013,JAC,WY,ANM,WE,Federal Contract Tower,22,11,18,0,51,0,1,21,1,23,22,12,39,1,74,0,0,0,74
06/20/2013,JAC,WY,ANM,WE,Federal Contract Tower,21,23,26,0,70,0,5,31,1,37,21,28,57,1,107,0,0,0,107
06/21/2013,JAC,WY,ANM,WE,Federal Contract Tower,19,24,17,1,61,0,3,21,4,28,19,27,38,5,89,10,6,16,105
06/22/2013,JAC,WY,ANM,WE,Federal Contract Tower,31,10,29,0,70,0,2,23,4,29,31,12,52,4,99,16,2,18,117
06/23/2013,JAC,WY,ANM,WE,Federal Contract Tower,24,23,14,4,65,0,1,10,2,13,24,24,24,6,78,0,0,0,78
06/24/2013,JAC,WY,ANM,WE,Federal Contract Tower,19,23,26,0,68,0,3,18,0,21,19,26,44,0,89,0,0,0,89
06/25/2013,JAC,WY,ANM,WE,Federal Contract Tower,17,17,31,4,69,0,0,10,1,11,17,17,41,5,80,0,0,0,80
06/26/2013,JAC,WY,ANM,WE,Federal Contract Tower,20,17,31,3,71,0,1,7,8,16,20,18,38,11,87,0,0,0,87
06/27/2013,JAC,WY,ANM,WE,Federal Contract Tower,19,30,22,2,73,0,1,22,2,25,19,31,44,4,98,0,0,0,98
06/28/2013,JAC,WY,ANM,WE,Federal Contract Tower,20,21,30,0,71,0,4,21,0,25,20,25,51,0,96,0,0,0,96
06/29/2013,JAC,WY,ANM,WE,Federal Contract Tower,29,22,27,0,78,0,3,34,0,37,29,25,61,0,115,26,0,26,141
06/30/2013,JAC,WY,ANM,WE,Federal Contract Tower,26,24,40,0,90,0,0,24,1,25,26,24,64,1,115,0,0,0,115
07/01/2013,JAC,WY,ANM,WE,Federal Contract Tower,22,33,18,0,73,0,2,34,0,36,22,35,52,0,109,0,0,0,109
07/02/2013,JAC,WY,ANM,WE,Federal Contract Tower,28,19,21,0,68,0,1,11,1,13,28,20,32,1,81,0,0,0,81
07/03/2013,JAC,WY,ANM,WE,Federal Contract Tower,28,20,45,0,93,0,2,20,2,24,28,22,65,2,117,4,0,4,121
07/04/2013,JAC,WY,ANM,WE,Federal Contract Tower,21,4,15,0,40,0,1,9,0,10,21,5,24,0,50,0,0,0,50
07/05/2013,JAC,WY,ANM,WE,Federal Contract Tower,25,16,23,0,64,0,2,23,0,25,25,18,46,0,89,20,0,20,109
07/06/2013,JAC,WY,ANM,WE,Federal Contract Tower,37,15,21,0,73,0,3,17,7,27,37,18,38,7,100,0,0,0,100
07/07/2013,JAC,WY,ANM,WE,Federal Contract Tower,31,35,43,0,109,0,3,24,1,28,31,38,67,1,137,0,0,0,137
07/08/2013,JAC,WY,ANM,WE,Federal Contract Tower,27,21,18,0,66,0,3,16,2,21,27,24,34,2,87,0,0,0,87
07/09/2013,JAC,WY,ANM,WE,Federal Contract Tower,25,23,19,0,67,0,3,26,3,32,25,26,45,3,99,0,0,0,99
07/10/2013,JAC,WY,ANM,WE,Federal Contract Tower,26,15,26,0,67,0,0,35,0,35,26,15,61,0,102,2,0,2,104
07/11/2013,JAC,WY,ANM,WE,Federal Contract Tower,26,20,14,0,60,0,0,30,4,34,26,20,44,4,94,4,0,4,98
07/12/2013,JAC,WY,ANM,WE,Federal Contract Tower,29,18,28,0,75,0,0,19,1,20,29,18,47,1,95,0,0,0,95
07/13/2013,JAC,WY,ANM,WE,Federal Contract Tower,35,20,15,0,70,2,0,13,1,16,37,20,28,1,86,0,0,0,86
07/14/2013,JAC,WY,ANM,WE,Federal Contract Tower,31,14,37,0,82,0,0,23,2,25,31,14,60,2,107,0,0,0,107
07/15/2013,JAC,WY,ANM,WE,Federal Contract Tower,28,22,15,0,65,0,3,33,0,36,28,25,48,0,101,0,0,0,101
07/16/2013,JAC,WY,ANM,WE,Federal Contract Tower,24,24,19,0,67,0,1,19,2,22,24,25,38,2,89,2,0,2,91
07/17/2013,JAC,WY,ANM,WE,Federal Contract Tower,27,27,24,0,78,0,1,23,3,27,27,28,47,3,105,4,0,4,109
07/18/2013,JAC,WY,ANM,WE,Federal Contract Tower,28,27,30,0,85,1,5,26,0,32,29,32,56,0,117,2,0,2,119
07/19/2013,JAC,WY,ANM,WE,Federal Contract Tower,29,23,19,0,71,1,6,26,0,33,30,29,45,0,104,0,0,0,104
07/20/2013,JAC,WY,ANM,WE,Federal Contract Tower,36,26,21,0,83,0,2,31,1,34,36,28,52,1,117,0,0,0,117
07/21/2013,JAC,WY,ANM,WE,Federal Contract Tower,30,23,30,0,83,0,0,13,0,13,30,23,43,0,96,0,0,0,96
07/22/2013,JAC,WY,ANM,WE,Federal Contract Tower,26,18,27,0,71,1,6,26,1,34,27,24,53,1,105,0,0,0,105
07/23/2013,JAC,WY,ANM,WE,Federal Contract Tower,25,21,21,0,67,0,8,21,2,31,25,29,42,2,98,0,0,0,98
07/24/2013,JAC,WY,ANM,WE,Federal Contract Tower,29,23,21,0,73,0,1,30,0,31,29,24,51,0,104,14,0,14,118
07/25/2013,JAC,WY,ANM,WE,Federal Contract Tower,28,17,21,0,66,0,1,30,2,33,28,18,51,2,99,4,0,4,103
07/26/2013,JAC,WY,ANM,WE,Federal Contract Tower,28,25,34,0,87,0,3,19,0,22,28,28,53,0,109,0,0,0,109
07/27/2013,JAC,WY,ANM,WE,Federal Contract Tower,35,20,23,0,78,0,2,21,0,23,35,22,44,0,101,0,0,0,101
07/28/2013,JAC,WY,ANM,WE,Federal Contract Tower,31,25,27,0,83,0,0,15,1,16,31,25,42,1,99,0,0,0,99
07/29/2013,JAC,WY,ANM,WE,Federal Contract Tower,25,22,23,0,70,0,1,15,0,16,25,23,38,0,86,10,0,10,96
07/30/2013,JAC,WY,ANM,WE,Federal Contract Tower,27,19,14,0,60,0,2,12,0,14,27,21,26,0,74,0,0,0,74
07/31/2013,JAC,WY,ANM,WE,Federal Contract Tower,29,16,28,2,75,1,3,29,0,33,30,19,57,2,108,2,0,2,110
08/01/2013,JAC,WY,ANM,WE,Federal Contract Tower,27,32,27,0,86,0,3,30,1,34,27,35,57,1,120,0,0,0,120
08/02/2013,JAC,WY,ANM,WE,Federal Contract Tower,28,22,31,0,81,0,7,39,2,48,28,29,70,2,129,0,0,0,129
08/03/2013,JAC,WY,ANM,WE,Federal Contract Tower,35,16,26,0,77,0,2,38,1,41,35,18,64,1,118,14,0,14,132
08/04/2013,JAC,WY,ANM,WE,Federal Contract Tower,31,36,38,0,105,0,0,23,2,25,31,36,61,2,130,2,0,2,132
08/05/2013,JAC,WY,ANM,WE,Federal Contract Tower,30,28,19,1,78,0,4,21,0,25,30,32,40,1,103,0,0,0,103
08/06/2013,JAC,WY,ANM,WE,Federal Contract Tower,26,23,19,1,69,1,7,25,3,36,27,30,44,4,105,0,0,0,105
08/07/2013,JAC,WY,ANM,WE,Federal Contract Tower,28,33,16,0,77,0,6,24,1,31,28,39,40,1,108,0,0,0,108
08/08/2013,JAC,WY,ANM,WE,Federal Contract Tower,26,29,47,0,102,0,1,25,3,29,26,30,72,3,131,6,0,6,137
08/09/2013,JAC,WY,ANM,WE,Federal Contract Tower,28,35,25,0,88,1,4,21,0,26,29,39,46,0,114,0,0,0,114
08/10/2013,JAC,WY,ANM,WE,Federal Contract Tower,37,16,19,2,74,0,2,20,0,22,37,18,39,2,96,6,0,6,102
08/11/2013,JAC,WY,ANM,WE,Federal Contract Tower,36,37,41,0,114,0,0,23,0,23,36,37,64,0,137,2,0,2,139
08/12/2013,JAC,WY,ANM,WE,Federal Contract Tower,25,26,22,0,73,0,1,17,3,21,25,27,39,3,94,0,0,0,94
08/13/2013,JAC,WY,ANM,WE,Federal Contract Tower,25,26,20,0,71,0,6,14,0,20,25,32,34,0,91,0,0,0,91
08/14/2013,JAC,WY,ANM,WE,Federal Contract Tower,29,13,26,0,68,0,3,26,2,31,29,16,52,2,99,18,0,18,117
08/15/2013,JAC,WY,ANM,WE,Federal Contract Tower,28,25,31,0,84,0,4,11,1,16,28,29,42,1,100,0,0,0,100
08/16/2013,JAC,WY,ANM,WE,Federal Contract Tower,31,18,36,0,85,0,3,23,0,26,31,21,59,0,111,20,0,20,131
08/17/2013,JAC,WY,ANM,WE,Federal Contract Tower,38,26,18,0,82,0,2,28,1,31,38,28,46,1,113,0,0,0,113
08/18/2013,JAC,WY,ANM,WE,Federal Contract Tower,33,21,43,0,97,0,0,33,0,33,33,21,76,0,130,0,0,0,130
08/19/2013,JAC,WY,ANM,WE,Federal Contract Tower,26,28,28,0,82,0,3,12,0,15,26,31,40,0,97,0,0,0,97
08/20/2013,JAC,WY,ANM,WE,Federal Contract Tower,26,22,17,0,65,0,0,15,2,17,26,22,32,2,82,14,0,14,96
08/21/2013,JAC,WY,ANM,WE,Federal Contract Tower,22,31,33,0,86,1,2,28,3,34,23,33,61,3,120,24,0,24,144
08/22/2013,JAC,WY,ANM,WE,Federal Contract Tower,27,23,24,0,74,0,3,33,1,37,27,26,57,1,111,0,0,0,111
08/23/2013,JAC,WY,ANM,WE,Federal Contract Tower,29,33,36,0,98,0,3,28,0,31,29,36,64,0,129,2,0,2,131
08/24/2013,JAC,WY,ANM,WE,Federal Contract Tower,35,23,23,0,81,0,2,18,0,20,35,25,41,0,101,0,0,0,101
08/25/2013,JAC,WY,ANM,WE,Federal Contract Tower,32,14,29,0,75,0,0,21,0,21,32,14,50,0,96,0,0,0,96
08/26/2013,JAC,WY,ANM,WE,Federal Contract Tower,30,29,24,0,83,0,4,11,0,15,30,33,35,0,98,0,0,0,98
08/27/2013,JAC,WY,ANM,WE,Federal Contract Tower,22,26,24,0,72,0,0,8,0,8,22,26,32,0,80,0,0,0,80
08/28/2013,JAC,WY,ANM,WE,Federal Contract Tower,25,25,12,0,62,0,0,0,0,0,25,25,12,0,62,0,0,0,62
08/29/2013,JAC,WY,ANM,WE,Federal Contract Tower,24,17,23,0,64,0,7,17,1,25,24,24,40,1,89,0,0,0,89
08/30/2013,JAC,WY,ANM,WE,Federal Contract Tower,23,31,25,0,79,0,4,24,2,30,23,35,49,2,109,0,0,0,109
08/31/2013,JAC,WY,ANM,WE,Federal Contract Tower,21,14,23,0,58,1,2,24,0,27,22,16,47,0,85,2,0,2,87
09/01/2013,JAC,WY,ANM,WE,Federal Contract Tower,23,14,13,0,50,0,0,16,1,17,23,14,29,1,67,0,0,0,67
09/02/2013,JAC,WY,ANM,WE,Federal Contract Tower,21,34,27,0,82,0,0,10,0,10,21,34,37,0,92,0,0,0,92
09/03/2013,JAC,WY,ANM,WE,Federal Contract Tower,21,20,30,0,71,0,0,6,0,6,21,20,36,0,77,0,0,0,77
09/04/2013,JAC,WY,ANM,WE,Federal Contract Tower,22,17,11,0,50,0,2,11,2,15,22,19,22,2,65,0,0,0,65
09/05/2013,JAC,WY,ANM,WE,Federal Contract Tower,22,30,23,0,75,0,6,18,2,26,22,36,41,2,101,0,0,0,101
09/06/2013,JAC,WY,ANM,WE,Federal Contract Tower,23,27,16,0,66,0,1,17,0,18,23,28,33,0,84,2,0,2,86
09/07/2013,JAC,WY,ANM,WE,Federal Contract Tower,23,22,16,0,61,0,2,7,0,9,23,24,23,0,70,0,0,0,70
09/08/2013,JAC,WY,ANM,WE,Federal Contract Tower,23,28,20,0,71,0,0,4,0,4,23,28,24,0,75,0,0,0,75
09/09/2013,JAC,WY,ANM,WE,Federal Contract Tower,18,21,22,0,61,0,4,7,1,12,18,25,29,1,73,0,0,0,73
09/10/2013,JAC,WY,ANM,WE,Federal Contract Tower,18,9,18,0,45,0,1,21,0,22,18,10,39,0,67,0,0,0,67
09/11/2013,JAC,WY,ANM,WE,Federal Contract Tower,18,17,21,0,56,0,0,18,0,18,18,17,39,0,74,0,0,0,74
09/12/2013,JAC,WY,ANM,WE,Federal Contract Tower,18,22,24,0,64,0,0,8,0,8,18,22,32,0,72,0,0,0,72
09/13/2013,JAC,WY,ANM,WE,Federal Contract Tower,19,16,28,0,63,0,0,7,0,7,19,16,35,0,70,0,0,0,70
09/14/2013,JAC,WY,ANM,WE,Federal Contract Tower,22,11,19,0,52,0,3,9,0,12,22,14,28,0,64,0,0,0,64
09/15/2013,JAC,WY,ANM,WE,Federal Contract Tower,23,15,40,0,78,0,0,19,0,19,23,15,59,0,97,4,0,4,101
09/16/2013,JAC,WY,ANM,WE,Federal Contract Tower,20,20,19,0,59,0,2,23,0,25,20,22,42,0,84,4,0,4,88
09/17/2013,JAC,WY,ANM,WE,Federal Contract Tower,17,11,28,0,56,0,13,14,0,27,17,24,42,0,83,0,0,0,83
09/18/2013,JAC,WY,ANM,WE,Federal Contract Tower,20,16,40,0,76,0,1,10,0,11,20,17,50,0,87,0,0,0,87
09/19/2013,JAC,WY,ANM,WE,Federal Contract Tower,19,14,29,0,62,0,1,27,1,29,19,15,56,1,91,0,0,0,91
09/20/2013,JAC,WY,ANM,WE,Federal Contract Tower,20,16,23,0,59,0,3,24,0,27,20,19,47,0,86,0,0,0,86
09/21/2013,JAC,WY,ANM,WE,Federal Contract Tower,18,16,20,0,54,0,2,10,0,12,18,18,30,0,66,0,0,0,66
09/22/2013,JAC,WY,ANM,WE,Federal Contract Tower,21,17,27,0,65,0,0,14,0,14,21,17,41,0,79,0,0,0,79
09/23/2013,JAC,WY,ANM,WE,Federal Contract Tower,22,14,11,0,47,0,0,9,2,11,22,14,20,2,58,0,0,0,58
09/24/2013,JAC,WY,ANM,WE,Federal Contract Tower,16,19,27,0,62,0,0,15,0,15,16,19,42,0,77,0,0,0,77
09/25/2013,JAC,WY,ANM,WE,Federal Contract Tower,15,25,18,0,58,0,0,5,0,5,15,25,23,0,63,0,0,0,63
09/26/2013,JAC,WY,ANM,WE,Federal Contract Tower,14,20,18,0,52,0,0,0,0,0,14,20,18,0,52,0,0,0,52
09/27/2013,JAC,WY,ANM,WE,Federal Contract Tower,14,19,15,2,50,0,0,3,0,3,14,19,18,2,53,0,0,0,53
09/28/2013,JAC,WY,ANM,WE,Federal Contract Tower,14,18,13,0,45,0,0,3,0,3,14,18,16,0,48,0,0,0,48
09/29/2013,JAC,WY,ANM,WE,Federal Contract Tower,14,22,20,0,56,0,0,1,0,1,14,22,21,0,57,0,0,0,57
09/30/2013,JAC,WY,ANM,WE,Federal Contract Tower,12,20,19,0,51,0,0,1,0,1,12,20,20,0,52,0,0,0,52
10/01/2013,JAC,WY,ANM,WE,Federal Contract Tower,12,12,15,0,39,0,1,7,2,10,12,13,22,2,49,0,0,0,49
10/02/2013,JAC,WY,ANM,WE,Federal Contract Tower,10,10,14,0,34,0,0,19,0,19,10,10,33,0,53,0,0,0,53
10/03/2013,JAC,WY,ANM,WE,Federal Contract Tower,8,14,19,0,41,0,0,1,0,1,8,14,20,0,42,0,0,0,42
10/04/2013,JAC,WY,ANM,WE,Federal Contract Tower,11,16,21,0,48,0,1,3,0,4,11,17,24,0,52,0,0,0,52
10/05/2013,JAC,WY,ANM,WE,Federal Contract Tower,10,4,16,0,30,0,1,21,0,22,10,5,37,0,52,0,0,0,52
10/06/2013,JAC,WY,ANM,WE,Federal Contract Tower,10,13,18,0,41,0,1,17,0,18,10,14,35,0,59,0,0,0,59
10/07/2013,JAC,WY,ANM,WE,Federal Contract Tower,10,12,21,0,43,0,0,23,0,23,10,12,44,0,66,2,0,2,68
10/08/2013,JAC,WY,ANM,WE,Federal Contract Tower,10,10,17,0,37,0,1,20,0,21,10,11,37,0,58,0,0,0,58
10/09/2013,JAC,WY,ANM,WE,Federal Contract Tower,8,11,15,0,34,0,0,2,0,2,8,11,17,0,36,0,0,0,36
10/10/2013,JAC,WY,ANM,WE,Federal Contract Tower,10,14,13,0,37,0,0,2,0,2,10,14,15,0,39,0,0,0,39
10/11/2013,JAC,WY,ANM,WE,Federal Contract Tower,9,21,28,0,58,0,1,5,0,6,9,22,33,0,64,0,0,0,64
10/12/2013,JAC,WY,ANM,WE,Federal Contract Tower,9,9,13,0,31,0,2,6,0,8,9,11,19,0,39,2,0,2,41
10/13/2013,JAC,WY,ANM,WE,Federal Contract Tower,10,5,23,0,38,0,0,1,0,1,10,5,24,0,39,0,0,0,39
10/14/2013,JAC,WY,ANM,WE,Federal Contract Tower,10,17,13,0,40,0,0,0,0,0,10,17,13,0,40,0,0,0,40
10/15/2013,JAC,WY,ANM,WE,Federal Contract Tower,10,13,17,0,40,0,0,19,0,19,10,13,36,0,59,4,0,4,63
10/16/2013,JAC,WY,ANM,WE,Federal Contract Tower,10,14,25,0,49,0,0,13,0,13,10,14,38,0,62,2,0,2,64
10/17/2013,JAC,WY,ANM,WE,Federal Contract Tower,9,22,21,0,52,0,0,3,0,3,9,22,24,0,55,0,0,0,55
10/18/2013,JAC,WY,ANM,WE,Federal Contract Tower,10,14,11,0,35,0,0,14,0,14,10,14,25,0,49,0,0,0,49
10/19/2013,JAC,WY,ANM,WE,Federal Contract Tower,11,3,10,0,24,0,2,9,0,11,11,5,19,0,35,2,0,2,37
10/20/2013,JAC,WY,ANM,WE,Federal Contract Tower,10,10,12,0,32,0,0,9,1,10,10,10,21,1,42,2,0,2,44
10/21/2013,JAC,WY,ANM,WE,Federal Contract Tower,10,14,13,0,37,0,5,19,0,24,10,19,32,0,61,0,0,0,61
10/22/2013,JAC,WY,ANM,WE,Federal Contract Tower,10,10,11,0,31,0,0,20,0,20,10,10,31,0,51,6,0,6,57
10/23/2013,JAC,WY,ANM,WE,Federal Contract Tower,10,7,9,0,26,0,0,19,0,19,10,7,28,0,45,6,0,6,51
10/24/2013,JAC,WY,ANM,WE,Federal Contract Tower,11,12,12,0,35,0,0,10,0,10,11,12,22,0,45,0,0,0,45
10/25/2013,JAC,WY,ANM,WE,Federal Contract Tower,9,18,17,0,44,0,3,22,0,25,9,21,39,0,69,0,0,0,69
10/26/2013,JAC,WY,ANM,WE,Federal Contract Tower,10,8,6,0,24,0,4,11,0,15,10,12,17,0,39,0,0,0,39
10/27/2013,JAC,WY,ANM,WE,Federal Contract Tower,10,5,7,0,22,0,0,12,1,13,10,5,19,1,35,10,0,10,45
10/28/2013,JAC,WY,ANM,WE,Federal Contract Tower,8,7,11,0,26,0,0,0,0,0,8,7,11,0,26,0,0,0,26
10/29/2013,JAC,WY,ANM,WE,Federal Contract Tower,13,10,13,0,36,0,0,0,0,0,13,10,13,0,36,0,0,0,36
10/30/2013,JAC,WY,ANM,WE,Federal Contract Tower,10,14,6,0,30,0,5,0,0,5,10,19,6,0,35,0,0,0,35
10/31/2013,JAC,WY,ANM,WE,Federal Contract Tower,6,13,10,0,29,0,0,2,0,2,6,13,12,0,31,0,0,0,31
11/01/2013,JAC,WY,ANM,WE,Federal Contract Tower,0,9,12,0,21,0,4,14,0,18,0,13,26,0,39,0,0,0,39
11/02/2013,JAC,WY,ANM,WE,Federal Contract Tower,10,7,5,0,22,0,2,16,0,18,10,9,21,0,40,2,0,2,42
11/03/2013,JAC,WY,ANM,WE,Federal Contract Tower,9,4,12,0,25,0,0,0,0,0,9,4,12,0,25,0,0,0,25
11/04/2013,JAC,WY,ANM,WE,Federal Contract Tower,8,7,6,0,21,0,0,0,0,0,8,7,6,0,21,0,0,0,21
11/05/2013,JAC,WY,ANM,WE,Federal Contract Tower,9,11,6,0,26,0,0,8,0,8,9,11,14,0,34,0,0,0,34
11/06/2013,JAC,WY,ANM,WE,Federal Contract Tower,9,6,2,2,19,0,0,2,0,2,9,6,4,2,21,0,0,0,21
11/07/2013,JAC,WY,ANM,WE,Federal Contract Tower,9,12,14,0,35,0,0,0,0,0,9,12,14,0,35,0,0,0,35
11/08/2013,JAC,WY,ANM,WE,Federal Contract Tower,9,11,10,0,30,0,0,1,0,1,9,11,11,0,31,0,0,0,31
11/09/2013,JAC,WY,ANM,WE,Federal Contract Tower,8,6,9,0,23,0,2,6,0,8,8,8,15,0,31,0,0,0,31
11/10/2013,JAC,WY,ANM,WE,Federal Contract Tower,9,2,12,0,23,0,0,13,1,14,9,2,25,1,37,2,0,2,39
11/11/2013,JAC,WY,ANM,WE,Federal Contract Tower,9,12,4,0,25,0,1,12,0,13,9,13,16,0,38,0,0,0,38
11/12/2013,JAC,WY,ANM,WE,Federal Contract Tower,10,8,10,0,28,0,4,9,4,17,10,12,19,4,45,22,4,26,71
11/13/2013,JAC,WY,ANM,WE,Federal Contract Tower,9,12,12,2,35,0,3,1,0,4,9,15,13,2,39,0,0,0,39
11/14/2013,JAC,WY,ANM,WE,Federal Contract Tower,8,8,21,0,37,0,1,7,0,8,8,9,28,0,45,0,0,0,45
11/15/2013,JAC,WY,ANM,WE,Federal Contract Tower,9,14,15,0,38,0,4,0,0,4,9,18,15,0,42,0,0,0,42
11/16/2013,JAC,WY,ANM,WE,Federal Contract Tower,7,6,0,0,13,0,0,0,0,0,7,6,0,0,13,0,0,0,13
11/17/2013,JAC,WY,ANM,WE,Federal Contract Tower,9,2,7,0,18,0,0,0,0,0,9,2,7,0,18,0,0,0,18
11/18/2013,JAC,WY,ANM,WE,Federal Contract Tower,9,9,6,1,25,0,4,15,2,21,9,13,21,3,46,0,0,0,46
11/19/2013,JAC,WY,ANM,WE,Federal Contract Tower,9,12,1,0,22,0,0,0,0,0,9,12,1,0,22,0,0,0,22
11/20/2013,JAC,WY,ANM,WE,Federal Contract Tower,9,9,14,0,32,0,0,0,0,0,9,9,14,0,32,0,0,0,32
11/21/2013,JAC,WY,ANM,WE,Federal Contract Tower,7,17,12,0,36,0,0,6,1,7,7,17,18,1,43,0,0,0,43
11/22/2013,JAC,WY,ANM,WE,Federal Contract Tower,8,18,19,2,47,0,0,17,2,19,8,18,36,4,66,0,0,0,66
11/23/2013,JAC,WY,ANM,WE,Federal Contract Tower,8,7,9,0,24,0,2,6,0,8,8,9,15,0,32,6,0,6,38
11/24/2013,JAC,WY,ANM,WE,Federal Contract Tower,6,0,10,1,17,0,0,7,1,8,6,0,17,2,25,0,0,0,25
11/25/2013,JAC,WY,ANM,WE,Federal Contract Tower,7,11,16,0,34,0,0,17,1,18,7,11,33,1,52,14,0,14,66
11/26/2013,JAC,WY,ANM,WE,Federal Contract Tower,8,11,17,0,36,0,0,6,0,6,8,11,23,0,42,6,0,6,48
11/27/2013,JAC,WY,ANM,WE,Federal Contract Tower,8,17,3,0,28,0,2,10,0,12,8,19,13,0,40,6,0,6,46
11/28/2013,JAC,WY,ANM,WE,Federal Contract Tower,4,2,4,0,10,0,0,4,0,4,4,2,8,0,14,0,0,0,14
11/29/2013,JAC,WY,ANM,WE,Federal Contract Tower,5,14,4,0,23,0,0,15,2,17,5,14,19,2,40,4,0,4,44
11/30/2013,JAC,WY,ANM,WE,Federal Contract Tower,6,11,12,0,29,0,1,7,4,12,6,12,19,4,41,0,0,0,41
12/01/2013,JAC,WY,ANM,WE,Federal Contract Tower,15,9,20,0,44,0,0,0,0,0,15,9,20,0,44,0,0,0,44
12/02/2013,JAC,WY,ANM,WE,Federal Contract Tower,8,26,7,4,45,0,0,0,0,0,8,26,7,4,45,0,0,0,45
12/03/2013,JAC,WY,ANM,WE,Federal Contract Tower,7,8,4,0,19,0,0,0,0,0,7,8,4,0,19,0,0,0,19
12/04/2013,JAC,WY,ANM,WE,Federal Contract Tower,9,11,3,2,25,0,0,4,1,5,9,11,7,3,30,0,0,0,30
12/05/2013,JAC,WY,ANM,WE,Federal Contract Tower,9,7,12,0,28,0,0,3,0,3,9,7,15,0,31,0,0,0,31
12/06/2013,JAC,WY,ANM,WE,Federal Contract Tower,9,8,16,0,33,0,0,1,0,1,9,8,17,0,34,0,0,0,34
12/07/2013,JAC,WY,ANM,WE,Federal Contract Tower,8,9,11,0,28,0,0,0,0,0,8,9,11,0,28,0,0,0,28
12/08/2013,JAC,WY,ANM,WE,Federal Contract Tower,10,6,9,0,25,0,0,2,0,2,10,6,11,0,27,0,0,0,27
12/09/2013,JAC,WY,ANM,WE,Federal Contract Tower,8,15,9,0,32,0,0,3,0,3,8,15,12,0,35,0,0,0,35
12/10/2013,JAC,WY,ANM,WE,Federal Contract Tower,6,10,9,0,25,0,0,0,0,0,6,10,9,0,25,0,0,0,25
12/11/2013,JAC,WY,ANM,WE,Federal Contract Tower,7,9,14,0,30,0,0,15,3,18,7,9,29,3,48,0,0,0,48
12/12/2013,JAC,WY,ANM,WE,Federal Contract Tower,8,14,10,0,32,0,0,12,2,14,8,14,22,2,46,6,0,6,52
12/13/2013,JAC,WY,ANM,WE,Federal Contract Tower,8,11,16,0,35,0,1,2,0,3,8,12,18,0,38,0,0,0,38
12/14/2013,JAC,WY,ANM,WE,Federal Contract Tower,7,15,15,0,37,0,1,1,0,2,7,16,16,0,39,0,0,0,39
12/15/2013,JAC,WY,ANM,WE,Federal Contract Tower,8,4,17,0,29,0,0,2,0,2,8,4,19,0,31,0,0,0,31
12/16/2013,JAC,WY,ANM,WE,Federal Contract Tower,10,12,19,0,41,0,2,11,1,14,10,14,30,1,55,2,0,2,57
12/17/2013,JAC,WY,ANM,WE,Federal Contract Tower,7,11,5,0,23,0,1,19,2,22,7,12,24,2,45,0,0,0,45
12/18/2013,JAC,WY,ANM,WE,Federal Contract Tower,7,22,16,0,45,0,1,8,0,9,7,23,24,0,54,0,0,0,54
12/19/2013,JAC,WY,ANM,WE,Federal Contract Tower,15,23,23,0,61,0,1,2,0,3,15,24,25,0,64,0,0,0,64
12/20/2013,JAC,WY,ANM,WE,Federal Contract Tower,20,36,33,0,89,0,2,6,0,8,20,38,39,0,97,0,0,0,97
12/21/2013,JAC,WY,ANM,WE,Federal Contract Tower,31,46,23,0,100,0,0,1,0,1,31,46,24,0,101,0,0,0,101
12/22/2013,JAC,WY,ANM,WE,Federal Contract Tower,27,29,24,2,82,0,0,1,0,1,27,29,25,2,83,0,0,0,83
12/23/2013,JAC,WY,ANM,WE,Federal Contract Tower,25,25,18,0,68,0,0,1,0,1,25,25,19,0,69,0,0,0,69
12/24/2013,JAC,WY,ANM,WE,Federal Contract Tower,23,20,17,0,60,0,2,2,0,4,23,22,19,0,64,0,0,0,64
12/25/2013,JAC,WY,ANM,WE,Federal Contract Tower,16,16,2,0,34,0,0,3,0,3,16,16,5,0,37,0,0,0,37
12/26/2013,JAC,WY,ANM,WE,Federal Contract Tower,24,33,58,0,115,0,2,12,1,15,24,35,70,1,130,0,0,0,130
12/27/2013,JAC,WY,ANM,WE,Federal Contract Tower,30,42,34,0,106,0,3,13,0,16,30,45,47,0,122,0,0,0,122
12/28/2013,JAC,WY,ANM,WE,Federal Contract Tower,32,21,28,0,81,0,2,3,0,5,32,23,31,0,86,0,0,0,86
12/29/2013,JAC,WY,ANM,WE,Federal Contract Tower,28,31,24,0,83,0,0,12,0,12,28,31,36,0,95,0,0,0,95
12/30/2013,JAC,WY,ANM,WE,Federal Contract Tower,24,42,21,0,87,0,1,4,0,5,24,43,25,0,92,0,0,0,92
12/31/2013,JAC,WY,ANM,WE,Federal Contract Tower,26,23,15,0,64,0,0,0,0,0,26,23,15,0,64,0,0,0,64
01/01/2014,JAC,WY,ANM,WE,Federal Contract Tower,25,21,22,0,68,0,0,10,0,10,25,21,32,0,78,0,0,0,78
01/02/2014,JAC,WY,ANM,WE,Federal Contract Tower,28,36,32,0,96,0,0,8,0,8,28,36,40,0,104,0,0,0,104
01/03/2014,JAC,WY,ANM,WE,Federal Contract Tower,24,32,27,0,83,0,0,6,0,6,24,32,33,0,89,0,0,0,89
01/04/2014,JAC,WY,ANM,WE,Federal Contract Tower,28,50,48,2,128,0,0,0,0,0,28,50,48,2,128,0,0,0,128
01/05/2014,JAC,WY,ANM,WE,Federal Contract Tower,22,40,40,0,102,0,0,6,0,6,22,40,46,0,108,0,0,0,108
01/06/2014,JAC,WY,ANM,WE,Federal Contract Tower,18,33,28,0,79,0,0,10,0,10,18,33,38,0,89,0,0,0,89
01/07/2014,JAC,WY,ANM,WE,Federal Contract Tower,15,10,17,0,42,0,3,13,1,17,15,13,30,1,59,8,0,8,67
01/08/2014,JAC,WY,ANM,WE,Federal Contract Tower,19,17,13,0,49,0,0,0,0,0,19,17,13,0,49,0,0,0,49
01/09/2014,JAC,WY,ANM,WE,Federal Contract Tower,18,10,10,0,38,0,0,0,0,0,18,10,10,0,38,0,0,0,38
01/10/2014,JAC,WY,ANM,WE,Federal Contract Tower,20,16,15,1,52,0,0,1,0,1,20,16,16,1,53,0,0,0,53
01/11/2014,JAC,WY,ANM,WE,Federal Contract Tower,30,13,9,0,52,0,0,0,0,0,30,13,9,0,52,0,0,0,52
01/12/2014,JAC,WY,ANM,WE,Federal Contract Tower,19,13,13,1,46,0,0,0,0,0,19,13,13,1,46,0,0,0,46
01/13/2014,JAC,WY,ANM,WE,Federal Contract Tower,20,9,11,0,40,0,0,1,0,1,20,9,12,0,41,0,0,0,41
01/14/2014,JAC,WY,ANM,WE,Federal Contract Tower,16,13,11,4,44,0,1,2,0,3,16,14,13,4,47,0,0,0,47
01/15/2014,JAC,WY,ANM,WE,Federal Contract Tower,19,13,17,0,49,0,1,11,0,12,19,14,28,0,61,0,0,0,61
01/16/2014,JAC,WY,ANM,WE,Federal Contract Tower,18,13,21,0,52,0,0,7,0,7,18,13,28,0,59,0,0,0,59
01/17/2014,JAC,WY,ANM,WE,Federal Contract Tower,19,19,26,0,64,0,0,9,0,9,19,19,35,0,73,0,0,0,73
01/18/2014,JAC,WY,ANM,WE,Federal Contract Tower,30,11,9,0,50,3,17,1,0,21,33,28,10,0,71,0,0,0,71
01/19/2014,JAC,WY,ANM,WE,Federal Contract Tower,21,7,18,2,48,0,0,2,0,2,21,7,20,2,50,0,0,0,50
01/20/2014,JAC,WY,ANM,WE,Federal Contract Tower,21,26,30,0,77,0,6,26,0,32,21,32,56,0,109,0,0,0,109
01/21/2014,JAC,WY,ANM,WE,Federal Contract Tower,18,12,15,0,45,0,1,32,0,33,18,13,47,0,78,2,0,2,80
01/22/2014,JAC,WY,ANM,WE,Federal Contract Tower,18,10,18,0,46,0,2,8,0,10,18,12,26,0,56,0,0,0,56
01/23/2014,JAC,WY,ANM,WE,Federal Contract Tower,18,16,13,0,47,0,1,7,0,8,18,17,20,0,55,4,0,4,59
01/24/2014,JAC,WY,ANM,WE,Federal Contract Tower,20,16,20,0,56,0,0,9,2,11,20,16,29,2,67,0,0,0,67
01/25/2014,JAC,WY,ANM,WE,Federal Contract Tower,28,8,10,0,46,0,2,3,0,5,28,10,13,0,51,0,0,0,51
01/26/2014,JAC,WY,ANM,WE,Federal Contract Tower,20,17,20,0,57,0,0,13,0,13,20,17,33,0,70,0,0,0,70
01/27/2014,JAC,WY,ANM,WE,Federal Contract Tower,18,12,9,0,39,0,1,5,0,6,18,13,14,0,45,0,0,0,45
01/28/2014,JAC,WY,ANM,WE,Federal Contract Tower,16,14,13,0,43,0,1,7,0,8,16,15,20,0,51,0,0,0,51
01/29/2014,JAC,WY,ANM,WE,Federal Contract Tower,17,16,11,0,44,0,0,0,0,0,17,16,11,0,44,0,0,0,44
01/30/2014,JAC,WY,ANM,WE,Federal Contract Tower,19,7,19,0,45,0,0,1,0,1,19,7,20,0,46,0,0,0,46
01/31/2014,JAC,WY,ANM,WE,Federal Contract Tower,18,15,16,0,49,0,0,0,0,0,18,15,16,0,49,0,0,0,49
02/01/2014,JAC,WY,ANM,WE,Federal Contract Tower,30,15,5,0,50,0,0,1,0,1,30,15,6,0,51,0,0,0,51
02/02/2014,JAC,WY,ANM,WE,Federal Contract Tower,19,4,13,0,36,0,0,7,0,7,19,4,20,0,43,0,0,0,43
02/03/2014,JAC,WY,ANM,WE,Federal Contract Tower,20,10,16,0,46,0,0,0,0,0,20,10,16,0,46,0,0,0,46
02/04/2014,JAC,WY,ANM,WE,Federal Contract Tower,17,19,10,0,46,0,0,0,0,0,17,19,10,0,46,0,0,0,46
02/05/2014,JAC,WY,ANM,WE,Federal Contract Tower,18,16,25,0,59,0,0,0,0,0,18,16,25,0,59,0,0,0,59
02/06/2014,JAC,WY,ANM,WE,Federal Contract Tower,19,15,18,0,52,0,0,0,0,0,19,15,18,0,52,0,0,0,52
02/07/2014,JAC,WY,ANM,WE,Federal Contract Tower,21,9,11,0,41,0,0,0,0,0,21,9,11,0,41,0,0,0,41
02/08/2014,JAC,WY,ANM,WE,Federal Contract Tower,34,9,6,0,49,0,0,0,0,0,34,9,6,0,49,0,0,0,49
02/09/2014,JAC,WY,ANM,WE,Federal Contract Tower,17,13,13,0,43,0,0,0,0,0,17,13,13,0,43,0,0,0,43
02/10/2014,JAC,WY,ANM,WE,Federal Contract Tower,21,15,16,0,52,0,0,12,0,12,21,15,28,0,64,0,0,0,64
02/11/2014,JAC,WY,ANM,WE,Federal Contract Tower,16,12,12,0,40,0,0,1,0,1,16,12,13,0,41,0,0,0,41
02/12/2014,JAC,WY,ANM,WE,Federal Contract Tower,20,11,14,0,45,0,0,0,0,0,20,11,14,0,45,0,0,0,45
02/13/2014,JAC,WY,ANM,WE,Federal Contract Tower,25,24,20,0,69,0,0,0,0,0,25,24,20,0,69,0,0,0,69
02/14/2014,JAC,WY,ANM,WE,Federal Contract Tower,26,29,34,0,89,0,0,0,0,0,26,29,34,0,89,0,0,0,89
02/15/2014,JAC,WY,ANM,WE,Federal Contract Tower,35,30,17,0,82,0,0,0,0,0,35,30,17,0,82,0,0,0,82
02/16/2014,JAC,WY,ANM,WE,Federal Contract Tower,29,9,7,0,45,0,0,0,0,0,29,9,7,0,45,0,0,0,45
02/17/2014,JAC,WY,ANM,WE,Federal Contract Tower,21,42,45,0,108,0,4,10,0,14,21,46,55,0,122,0,0,0,122
02/18/2014,JAC,WY,ANM,WE,Federal Contract Tower,18,38,33,0,89,0,2,0,0,2,18,40,33,0,91,0,0,0,91
02/19/2014,JAC,WY,ANM,WE,Federal Contract Tower,21,7,13,2,43,1,0,1,0,2,22,7,14,2,45,0,0,0,45
02/20/2014,JAC,WY,ANM,WE,Federal Contract Tower,21,16,12,0,49,0,0,0,0,0,21,16,12,0,49,0,0,0,49
02/21/2014,JAC,WY,ANM,WE,Federal Contract Tower,22,13,30,0,65,0,1,0,0,1,22,14,30,0,66,0,0,0,66
02/22/2014,JAC,WY,ANM,WE,Federal Contract Tower,32,27,25,0,84,0,0,0,0,0,32,27,25,0,84,0,0,0,84
02/23/2014,JAC,WY,ANM,WE,Federal Contract Tower,35,25,24,1,85,0,1,2,0,3,35,26,26,1,88,0,0,0,88
02/24/2014,JAC,WY,ANM,WE,Federal Contract Tower,21,15,16,0,52,0,0,1,0,1,21,15,17,0,53,0,0,0,53
02/25/2014,JAC,WY,ANM,WE,Federal Contract Tower,19,14,14,0,47,0,0,1,0,1,19,14,15,0,48,0,0,0,48
02/26/2014,JAC,WY,ANM,WE,Federal Contract Tower,22,13,12,2,49,0,1,10,3,14,22,14,22,5,63,0,0,0,63
02/27/2014,JAC,WY,ANM,WE,Federal Contract Tower,19,22,7,0,48,1,0,9,0,10,20,22,16,0,58,0,0,0,58
02/28/2014,JAC,WY,ANM,WE,Federal Contract Tower,21,28,12,0,61,0,1,0,0,1,21,29,12,0,62,0,0,0,62
03/01/2014,JAC,WY,ANM,WE,Federal Contract Tower,5,1,4,0,10,0,0,0,0,0,5,1,4,0,10,0,0,0,10
03/02/2014,JAC,WY,ANM,WE,Federal Contract Tower,38,23,31,0,92,0,0,0,0,0,38,23,31,0,92,0,0,0,92
03/03/2014,JAC,WY,ANM,WE,Federal Contract Tower,21,22,10,0,53,0,0,0,0,0,21,22,10,0,53,0,0,0,53
03/04/2014,JAC,WY,ANM,WE,Federal Contract Tower,19,9,9,0,37,0,1,0,0,1,19,10,9,0,38,0,0,0,38
03/05/2014,JAC,WY,ANM,WE,Federal Contract Tower,22,21,20,0,63,0,1,2,0,3,22,22,22,0,66,0,0,0,66
03/06/2014,JAC,WY,ANM,WE,Federal Contract Tower,20,22,11,0,53,0,1,0,0,1,20,23,11,0,54,0,0,0,54
03/07/2014,JAC,WY,ANM,WE,Federal Contract Tower,21,19,11,0,51,0,1,2,0,3,21,20,13,0,54,0,0,0,54
03/08/2014,JAC,WY,ANM,WE,Federal Contract Tower,35,18,10,0,63,0,1,12,0,13,35,19,22,0,76,0,0,0,76
03/09/2014,JAC,WY,ANM,WE,Federal Contract Tower,25,18,16,0,59,0,0,5,0,5,25,18,21,0,64,0,0,0,64
03/10/2014,JAC,WY,ANM,WE,Federal Contract Tower,19,18,13,0,50,0,3,0,0,3,19,21,13,0,53,0,0,0,53
03/11/2014,JAC,WY,ANM,WE,Federal Contract Tower,18,18,8,0,44,0,1,0,0,1,18,19,8,0,45,0,0,0,45
03/12/2014,JAC,WY,ANM,WE,Federal Contract Tower,19,22,10,0,51,1,5,10,3,19,20,27,20,3,70,2,0,2,72
03/13/2014,JAC,WY,ANM,WE,Federal Contract Tower,17,18,15,0,50,0,2,16,0,18,17,20,31,0,68,0,0,0,68
03/14/2014,JAC,WY,ANM,WE,Federal Contract Tower,20,30,27,0,77,0,0,16,2,18,20,30,43,2,95,4,0,4,99
03/15/2014,JAC,WY,ANM,WE,Federal Contract Tower,33,20,15,0,68,0,1,8,0,9,33,21,23,0,77,0,0,0,77
03/16/2014,JAC,WY,ANM,WE,Federal Contract Tower,24,15,28,0,67,0,0,7,2,9,24,15,35,2,76,0,0,0,76
03/17/2014,JAC,WY,ANM,WE,Federal Contract Tower,14,9,5,0,28,0,1,0,0,1,14,10,5,0,29,0,0,0,29
03/18/2014,JAC,WY,ANM,WE,Federal Contract Tower,20,24,17,0,61,0,0,3,0,3,20,24,20,0,64,0,0,0,64
03/19/2014,JAC,WY,ANM,WE,Federal Contract Tower,22,22,20,0,64,0,1,10,0,11,22,23,30,0,75,0,0,0,75
03/20/2014,JAC,WY,ANM,WE,Federal Contract Tower,20,29,28,0,77,0,0,15,0,15,20,29,43,0,92,4,0,4,96
03/21/2014,JAC,WY,ANM,WE,Federal Contract Tower,21,23,18,0,62,0,3,20,0,23,21,26,38,0,85,2,0,2,87
03/22/2014,JAC,WY,ANM,WE,Federal Contract Tower,33,16,12,0,61,0,2,3,0,5,33,18,15,0,66,0,0,0,66
03/23/2014,JAC,WY,ANM,WE,Federal Contract Tower,26,30,18,0,74,0,0,2,0,2,26,30,20,0,76,0,0,0,76
03/24/2014,JAC,WY,ANM,WE,Federal Contract Tower,18,15,9,0,42,0,2,9,0,11,18,17,18,0,53,0,0,0,53
03/25/2014,JAC,WY,ANM,WE,Federal Contract Tower,18,7,8,0,33,0,1,11,0,12,18,8,19,0,45,0,0,0,45
03/26/2014,JAC,WY,ANM,WE,Federal Contract Tower,21,14,4,0,39,0,0,0,0,0,21,14,4,0,39,0,0,0,39
03/27/2014,JAC,WY,ANM,WE,Federal Contract Tower,18,15,12,0,45,0,0,0,0,0,18,15,12,0,45,0,0,0,45
03/28/2014,JAC,WY,ANM,WE,Federal Contract Tower,20,13,21,0,54,0,0,0,0,0,20,13,21,0,54,0,0,0,54
03/29/2014,JAC,WY,ANM,WE,Federal Contract Tower,34,18,5,0,57,0,0,0,0,0,34,18,5,0,57,0,0,0,57
03/30/2014,JAC,WY,ANM,WE,Federal Contract Tower,20,21,11,0,52,0,0,0,0,0,20,21,11,0,52,0,0,0,52
03/31/2014,JAC,WY,ANM,WE,Federal Contract Tower,18,15,10,0,43,0,1,12,0,13,18,16,22,0,56,0,0,0,56
04/01/2014,JAC,WY,ANM,WE,Federal Contract Tower,7,14,12,0,33,0,0,2,0,2,7,14,14,0,35,0,0,0,35
04/02/2014,JAC,WY,ANM,WE,Federal Contract Tower,8,6,4,0,18,0,0,1,0,1,8,6,5,0,19,0,0,0,19
04/03/2014,JAC,WY,ANM,WE,Federal Contract Tower,9,12,14,0,35,0,1,18,7,26,9,13,32,7,61,12,0,12,73
04/04/2014,JAC,WY,ANM,WE,Federal Contract Tower,8,9,11,1,29,0,0,4,0,4,8,9,15,1,33,0,0,0,33
04/05/2014,JAC,WY,ANM,WE,Federal Contract Tower,9,7,2,0,18,0,2,3,0,5,9,9,5,0,23,0,0,0,23
04/06/2014,JAC,WY,ANM,WE,Federal Contract Tower,10,17,10,0,37,0,0,0,0,0,10,17,10,0,37,0,0,0,37
04/07/2014,JAC,WY,ANM,WE,Federal Contract Tower,10,10,11,0,31,0,3,8,0,11,10,13,19,0,42,0,0,0,42
04/08/2014,JAC,WY,ANM,WE,Federal Contract Tower,6,1,6,0,13,0,7,7,1,15,6,8,13,1,28,4,0,4,32
04/09/2014,JAC,WY,ANM,WE,Federal Contract Tower,8,4,7,0,19,0,4,9,0,13,8,8,16,0,32,0,0,0,32
04/10/2014,JAC,WY,ANM,WE,Federal Contract Tower,10,9,14,0,33,0,0,4,2,6,10,9,18,2,39,0,0,0,39
04/11/2014,JAC,WY,ANM,WE,Federal Contract Tower,10,1,7,2,20,0,4,5,1,10,10,5,12,3,30,0,0,0,30
04/12/2014,JAC,WY,ANM,WE,Federal Contract Tower,7,2,8,0,17,0,1,7,5,13,7,3,15,5,30,8,0,8,38
04/13/2014,JAC,WY,ANM,WE,Federal Contract Tower,8,6,8,0,22,0,0,1,0,1,8,6,9,0,23,0,0,0,23
04/14/2014,JAC,WY,ANM,WE,Federal Contract Tower,8,4,4,0,16,0,6,8,0,14,8,10,12,0,30,0,0,0,30
04/15/2014,JAC,WY,ANM,WE,Federal Contract Tower,8,5,9,0,22,0,1,2,0,3,8,6,11,0,25,0,0,0,25
04/16/2014,JAC,WY,ANM,WE,Federal Contract Tower,8,7,11,0,26,0,1,4,0,5,8,8,15,0,31,0,0,0,31
04/17/2014,JAC,WY,ANM,WE,Federal Contract Tower,7,7,7,0,21,0,0,8,0,8,7,7,15,0,29,4,0,4,33
04/18/2014,JAC,WY,ANM,WE,Federal Contract Tower,8,5,6,0,19,0,2,1,0,3,8,7,7,0,22,0,0,0,22
04/19/2014,JAC,WY,ANM,WE,Federal Contract Tower,8,6,0,3,17,0,1,4,0,5,8,7,4,3,22,0,0,0,22
04/20/2014,JAC,WY,ANM,WE,Federal Contract Tower,8,1,1,0,10,0,0,2,0,2,8,1,3,0,12,0,0,0,12
04/21/2014,JAC,WY,ANM,WE,Federal Contract Tower,11,7,9,0,27,0,4,8,2,14,11,11,17,2,41,2,0,2,43
04/22/2014,JAC,WY,ANM,WE,Federal Contract Tower,6,9,5,1,21,0,2,6,0,8,6,11,11,1,29,0,0,0,29
04/23/2014,JAC,WY,ANM,WE,Federal Contract Tower,0,10,6,0,16,0,3,0,0,3,0,13,6,0,19,0,0,0,19
04/24/2014,JAC,WY,ANM,WE,Federal Contract Tower,9,10,5,0,24,0,0,0,0,0,9,10,5,0,24,0,0,0,24
04/25/2014,JAC,WY,ANM,WE,Federal Contract Tower,10,13,7,0,30,0,0,2,0,2,10,13,9,0,32,0,0,0,32
04/26/2014,JAC,WY,ANM,WE,Federal Contract Tower,6,6,3,0,15,0,0,1,0,1,6,6,4,0,16,0,0,0,16
04/27/2014,JAC,WY,ANM,WE,Federal Contract Tower,8,10,3,0,21,0,1,0,0,1,8,11,3,0,22,0,0,0,22
04/28/2014,JAC,WY,ANM,WE,Federal Contract Tower,10,13,16,0,39,0,0,0,0,0,10,13,16,0,39,0,0,0,39
04/29/2014,JAC,WY,ANM,WE,Federal Contract Tower,7,18,7,0,32,0,5,2,0,7,7,23,9,0,39,0,0,0,39
04/30/2014,JAC,WY,ANM,WE,Federal Contract Tower,8,8,14,0,30,0,1,22,1,24,8,9,36,1,54,0,0,0,54
05/01/2014,JAC,WY,ANM,WE,Federal Contract Tower,10,6,4,0,20,0,1,5,0,6,10,7,9,0,26,6,0,6,32
05/02/2014,JAC,WY,ANM,WE,Federal Contract Tower,9,6,13,0,28,0,3,10,0,13,9,9,23,0,41,6,0,6,47
05/03/2014,JAC,WY,ANM,WE,Federal Contract Tower,8,6,10,0,24,0,1,10,0,11,8,7,20,0,35,6,0,6,41
05/04/2014,JAC,WY,ANM,WE,Federal Contract Tower,9,4,6,1,20,0,1,1,0,2,9,5,7,1,22,2,0,2,24
05/05/2014,JAC,WY,ANM,WE,Federal Contract Tower,8,8,9,2,27,0,1,1,0,2,8,9,10,2,29,0,0,0,29
05/06/2014,JAC,WY,ANM,WE,Federal Contract Tower,10,8,8,0,26,0,0,4,0,4,10,8,12,0,30,0,0,0,30
05/07/2014,JAC,WY,ANM,WE,Federal Contract Tower,12,7,7,2,28,0,0,0,0,0,12,7,7,2,28,0,0,0,28
05/08/2014,JAC,WY,ANM,WE,Federal Contract Tower,12,8,15,0,35,0,0,5,0,5,12,8,20,0,40,0,0,0,40
05/09/2014,JAC,WY,ANM,WE,Federal Contract Tower,11,8,4,2,25,0,0,0,0,0,11,8,4,2,25,0,0,0,25
05/10/2014,JAC,WY,ANM,WE,Federal Contract Tower,12,8,9,0,29,0,0,0,0,0,12,8,9,0,29,0,0,0,29
05/11/2014,JAC,WY,ANM,WE,Federal Contract Tower,11,6,10,0,27,0,1,2,2,5,11,7,12,2,32,0,0,0,32
05/12/2014,JAC,WY,ANM,WE,Federal Contract Tower,11,12,10,0,33,0,0,8,0,8,11,12,18,0,41,0,0,0,41
05/13/2014,JAC,WY,ANM,WE,Federal Contract Tower,10,9,10,1,30,0,2,11,0,13,10,11,21,1,43,0,0,0,43
05/14/2014,JAC,WY,ANM,WE,Federal Contract Tower,10,6,10,0,26,0,1,12,0,13,10,7,22,0,39,0,0,0,39
05/15/2014,JAC,WY,ANM,WE,Federal Contract Tower,14,5,5,0,24,0,4,9,1,14,14,9,14,1,38,0,0,0,38
05/16/2014,JAC,WY,ANM,WE,Federal Contract Tower,13,9,10,0,32,0,1,6,0,7,13,10,16,0,39,0,0,0,39
05/17/2014,JAC,WY,ANM,WE,Federal Contract Tower,14,4,8,0,26,0,1,6,0,7,14,5,14,0,33,0,0,0,33
05/18/2014,JAC,WY,ANM,WE,Federal Contract Tower,17,2,8,0,27,0,0,4,2,6,17,2,12,2,33,0,0,0,33
05/19/2014,JAC,WY,ANM,WE,Federal Contract Tower,14,13,15,0,42,0,12,0,13,25,14,25,15,13,67,0,0,0,67
05/20/2014,JAC,WY,ANM,WE,Federal Contract Tower,14,10,13,0,37,0,1,11,0,12,14,11,24,0,49,0,0,0,49
05/21/2014,JAC,WY,ANM,WE,Federal Contract Tower,10,7,14,0,31,0,1,13,1,15,10,8,27,1,46,0,0,0,46
05/22/2014,JAC,WY,ANM,WE,Federal Contract Tower,13,6,16,0,35,0,2,14,2,18,13,8,30,2,53,0,0,0,53
05/23/2014,JAC,WY,ANM,WE,Federal Contract Tower,13,9,8,0,30,0,0,13,0,13,13,9,21,0,43,10,0,10,53
05/24/2014,JAC,WY,ANM,WE,Federal Contract Tower,12,13,9,0,34,0,2,15,0,17,12,15,24,0,51,6,0,6,57
05/25/2014,JAC,WY,ANM,WE,Federal Contract Tower,16,7,4,0,27,0,0,10,0,10,16,7,14,0,37,34,0,34,71
05/26/2014,JAC,WY,ANM,WE,Federal Contract Tower,14,9,11,0,34,0,1,18,0,19,14,10,29,0,53,30,0,30,83
05/27/2014,JAC,WY,ANM,WE,Federal Contract Tower,12,8,10,0,30,0,2,13,0,15,12,10,23,0,45,2,0,2,47
05/28/2014,JAC,WY,ANM,WE,Federal Contract Tower,14,12,19,0,45,0,1,6,3,10,14,13,25,3,55,6,0,6,61
05/29/2014,JAC,WY,ANM,WE,Federal Contract Tower,17,15,17,0,49,0,4,15,0,19,17,19,32,0,68,0,0,0,68
05/30/2014,JAC,WY,ANM,WE,Federal Contract Tower,13,21,15,0,49,0,1,19,0,20,13,22,34,0,69,2,0,2,71
05/31/2014,JAC,WY,ANM,WE,Federal Contract Tower,13,10,8,0,31,0,1,10,0,11,13,11,18,0,42,0,0,0,42
06/01/2014,JAC,WY,ANM,WE,Federal Contract Tower,14,12,13,1,40,0,2,10,1,13,14,14,23,2,53,24,0,24,77
06/02/2014,JAC,WY,ANM,WE,Federal Contract Tower,13,9,8,0,30,0,3,18,3,24,13,12,26,3,54,0,0,0,54
06/03/2014,JAC,WY,ANM,WE,Federal Contract Tower,11,9,8,0,28,0,5,5,0,10,11,14,13,0,38,24,0,24,62
06/04/2014,JAC,WY,ANM,WE,Federal Contract Tower,12,9,13,1,35,0,1,4,0,5,12,10,17,1,40,0,0,0,40
06/05/2014,JAC,WY,ANM,WE,Federal Contract Tower,16,15,13,0,44,1,1,14,0,16,17,16,27,0,60,4,0,4,64
06/06/2014,JAC,WY,ANM,WE,Federal Contract Tower,19,12,11,0,42,0,1,12,0,13,19,13,23,0,55,0,0,0,55
06/07/2014,JAC,WY,ANM,WE,Federal Contract Tower,20,5,10,0,35,0,2,5,0,7,20,7,15,0,42,2,0,2,44
06/08/2014,JAC,WY,ANM,WE,Federal Contract Tower,22,11,7,0,40,0,0,8,1,9,22,11,15,1,49,4,0,4,53
06/09/2014,JAC,WY,ANM,WE,Federal Contract Tower,15,11,13,0,39,0,1,19,0,20,15,12,32,0,59,0,0,0,59
06/10/2014,JAC,WY,ANM,WE,Federal Contract Tower,17,13,20,0,50,0,0,14,2,16,17,13,34,2,66,0,0,0,66
06/11/2014,JAC,WY,ANM,WE,Federal Contract Tower,19,8,17,0,44,0,1,9,3,13,19,9,26,3,57,2,0,2,59
06/12/2014,JAC,WY,ANM,WE,Federal Contract Tower,20,10,21,0,51,0,2,11,0,13,20,12,32,0,64,6,0,6,70
06/13/2014,JAC,WY,ANM,WE,Federal Contract Tower,19,17,20,0,56,0,4,14,0,18,19,21,34,0,74,2,0,2,76
06/14/2014,JAC,WY,ANM,WE,Federal Contract Tower,25,17,23,1,66,0,0,14,0,14,25,17,37,1,80,0,0,0,80
06/15/2014,JAC,WY,ANM,WE,Federal Contract Tower,22,22,15,0,59,0,0,13,0,13,22,22,28,0,72,0,0,0,72
06/16/2014,JAC,WY,ANM,WE,Federal Contract Tower,20,16,15,0,51,0,3,7,0,10,20,19,22,0,61,0,0,0,61
06/17/2014,JAC,WY,ANM,WE,Federal Contract Tower,16,23,10,0,49,0,2,5,0,7,16,25,15,0,56,0,0,0,56
06/18/2014,JAC,WY,ANM,WE,Federal Contract Tower,21,20,28,0,69,0,1,7,0,8,21,21,35,0,77,0,0,0,77
06/19/2014,JAC,WY,ANM,WE,Federal Contract Tower,21,23,21,0,65,0,2,15,0,17,21,25,36,0,82,0,0,0,82
06/20/2014,JAC,WY,ANM,WE,Federal Contract Tower,21,25,27,0,73,0,0,46,5,51,21,25,73,5,124,0,0,0,124
06/21/2014,JAC,WY,ANM,WE,Federal Contract Tower,30,28,15,0,73,0,0,33,0,33,30,28,48,0,106,0,0,0,106
06/22/2014,JAC,WY,ANM,WE,Federal Contract Tower,29,17,18,0,64,0,0,19,0,19,29,17,37,0,83,0,0,0,83
06/23/2014,JAC,WY,ANM,WE,Federal Contract Tower,20,19,27,0,66,0,2,31,1,34,20,21,58,1,100,6,0,6,106
06/24/2014,JAC,WY,ANM,WE,Federal Contract Tower,18,21,20,0,59,0,2,12,0,14,18,23,32,0,73,0,0,0,73
06/25/2014,JAC,WY,ANM,WE,Federal Contract Tower,21,27,26,0,74,0,1,16,0,17,21,28,42,0,91,0,0,0,91
06/26/2014,JAC,WY,ANM,WE,Federal Contract Tower,19,23,18,0,60,0,5,13,0,18,19,28,31,0,78,0,0,0,78
06/27/2014,JAC,WY,ANM,WE,Federal Contract Tower,25,31,16,0,72,0,0,3,0,3,25,31,19,0,75,0,0,0,75
06/28/2014,JAC,WY,ANM,WE,Federal Contract Tower,32,20,11,0,63,0,1,16,0,17,32,21,27,0,80,0,0,0,80
06/29/2014,JAC,WY,ANM,WE,Federal Contract Tower,25,25,35,0,85,0,0,24,0,24,25,25,59,0,109,8,0,8,117
06/30/2014,JAC,WY,ANM,WE,Federal Contract Tower,19,22,26,0,67,0,1,16,0,17,19,23,42,0,84,0,0,0,84
07/01/2014,JAC,WY,ANM,WE,Federal Contract Tower,17,28,29,2,76,0,2,27,0,29,17,30,56,2,105,0,0,0,105
07/02/2014,JAC,WY,ANM,WE,Federal Contract Tower,26,19,21,5,71,1,3,31,1,36,27,22,52,6,107,8,0,8,115
07/03/2014,JAC,WY,ANM,WE,Federal Contract Tower,28,18,40,0,86,0,2,41,0,43,28,20,81,0,129,0,0,0,129
07/04/2014,JAC,WY,ANM,WE,Federal Contract Tower,30,15,4,0,49,0,0,14,0,14,30,15,18,0,63,2,0,2,65
07/05/2014,JAC,WY,ANM,WE,Federal Contract Tower,38,10,21,0,69,0,2,16,0,18,38,12,37,0,87,0,0,0,87
07/06/2014,JAC,WY,ANM,WE,Federal Contract Tower,33,29,41,0,103,0,0,25,0,25,33,29,66,0,128,0,0,0,128
07/07/2014,JAC,WY,ANM,WE,Federal Contract Tower,31,25,25,0,81,0,0,27,0,27,31,25,52,0,108,0,0,0,108
07/08/2014,JAC,WY,ANM,WE,Federal Contract Tower,30,27,21,0,78,0,1,33,0,34,30,28,54,0,112,0,0,0,112
07/09/2014,JAC,WY,ANM,WE,Federal Contract Tower,30,27,31,0,88,0,0,24,0,24,30,27,55,0,112,10,0,10,122
07/10/2014,JAC,WY,ANM,WE,Federal Contract Tower,31,24,24,0,79,0,0,29,2,31,31,24,53,2,110,0,0,0,110
07/11/2014,JAC,WY,ANM,WE,Federal Contract Tower,30,25,30,0,85,0,0,62,0,62,30,25,92,0,147,0,0,0,147
07/12/2014,JAC,WY,ANM,WE,Federal Contract Tower,40,17,21,0,78,0,1,32,0,33,40,18,53,0,111,0,0,0,111
07/13/2014,JAC,WY,ANM,WE,Federal Contract Tower,30,30,32,0,92,1,0,28,0,29,31,30,60,0,121,0,0,0,121
07/14/2014,JAC,WY,ANM,WE,Federal Contract Tower,28,21,24,0,73,0,0,39,0,39,28,21,63,0,112,0,0,0,112
07/15/2014,JAC,WY,ANM,WE,Federal Contract Tower,30,26,24,0,80,0,1,36,0,37,30,27,60,0,117,10,0,10,127
07/16/2014,JAC,WY,ANM,WE,Federal Contract Tower,30,23,21,2,76,0,1,27,0,28,30,24,48,2,104,0,0,0,104
07/17/2014,JAC,WY,ANM,WE,Federal Contract Tower,38,15,22,0,75,0,0,27,0,27,38,15,49,0,102,0,0,0,102
07/18/2014,JAC,WY,ANM,WE,Federal Contract Tower,38,15,22,0,75,0,0,27,0,27,38,15,49,0,102,0,0,0,102
07/19/2014,JAC,WY,ANM,WE,Federal Contract Tower,43,21,19,0,83,0,1,27,0,28,43,22,46,0,111,0,0,0,111
07/20/2014,JAC,WY,ANM,WE,Federal Contract Tower,30,25,35,0,90,0,0,24,0,24,30,25,59,0,114,0,0,0,114
07/21/2014,JAC,WY,ANM,WE,Federal Contract Tower,33,16,23,0,72,0,0,34,0,34,33,16,57,0,106,0,0,0,106
07/22/2014,JAC,WY,ANM,WE,Federal Contract Tower,31,15,20,0,66,0,1,22,0,23,31,16,42,0,89,0,0,0,89
07/23/2014,JAC,WY,ANM,WE,Federal Contract Tower,26,12,42,0,80,0,0,24,0,24,26,12,66,0,104,0,0,0,104
07/24/2014,JAC,WY,ANM,WE,Federal Contract Tower,30,26,17,0,73,0,0,33,0,33,30,26,50,0,106,0,0,0,106
07/25/2014,JAC,WY,ANM,WE,Federal Contract Tower,31,37,32,0,100,0,0,32,0,32,31,37,64,0,132,0,0,0,132
07/26/2014,JAC,WY,ANM,WE,Federal Contract Tower,36,19,30,0,85,0,0,19,0,19,36,19,49,0,104,0,0,0,104
07/27/2014,JAC,WY,ANM,WE,Federal Contract Tower,29,31,31,0,91,0,0,47,0,47,29,31,78,0,138,6,0,6,144
07/28/2014,JAC,WY,ANM,WE,Federal Contract Tower,30,29,36,0,95,0,0,21,0,21,30,29,57,0,116,0,0,0,116
07/29/2014,JAC,WY,ANM,WE,Federal Contract Tower,29,21,31,0,81,0,1,16,0,17,29,22,47,0,98,0,0,0,98
07/30/2014,JAC,WY,ANM,WE,Federal Contract Tower,32,19,22,0,73,0,1,10,0,11,32,20,32,0,84,0,0,0,84
07/31/2014,JAC,WY,ANM,WE,Federal Contract Tower,31,32,28,0,91,0,4,21,0,25,31,36,49,0,116,26,0,26,142
08/01/2014,JAC,WY,ANM,WE,Federal Contract Tower,32,36,33,0,101,0,10,52,0,62,32,46,85,0,163,14,0,14,177
08/02/2014,JAC,WY,ANM,WE,Federal Contract Tower,40,24,27,0,91,0,1,38,0,39,40,25,65,0,130,0,0,0,130
08/03/2014,JAC,WY,ANM,WE,Federal Contract Tower,34,42,47,0,123,0,0,54,0,54,34,42,101,0,177,0,0,0,177
08/04/2014,JAC,WY,ANM,WE,Federal Contract Tower,28,32,31,0,91,0,0,2,0,2,28,32,33,0,93,0,0,0,93
08/05/2014,JAC,WY,ANM,WE,Federal Contract Tower,26,27,32,0,85,0,0,2,0,2,26,27,34,0,87,0,0,0,87
08/06/2014,JAC,WY,ANM,WE,Federal Contract Tower,38,45,41,1,125,0,0,9,4,13,38,45,50,5,138,0,0,0,138
08/07/2014,JAC,WY,ANM,WE,Federal Contract Tower,35,47,42,2,126,0,0,14,0,14,35,47,56,2,140,8,0,8,148
08/08/2014,JAC,WY,ANM,WE,Federal Contract Tower,32,37,32,0,101,0,0,56,0,56,32,37,88,0,157,0,0,0,157
08/09/2014,JAC,WY,ANM,WE,Federal Contract Tower,48,38,25,0,111,0,0,52,0,52,48,38,77,0,163,0,0,0,163
08/10/2014,JAC,WY,ANM,WE,Federal Contract Tower,39,47,48,0,134,0,0,52,1,53,39,47,100,1,187,0,0,0,187
08/11/2014,JAC,WY,ANM,WE,Federal Contract Tower,28,20,21,4,73,0,1,32,0,33,28,21,53,4,106,0,0,0,106
08/12/2014,JAC,WY,ANM,WE,Federal Contract Tower,27,17,31,0,75,1,0,26,2,29,28,17,57,2,104,26,0,26,130
08/13/2014,JAC,WY,ANM,WE,Federal Contract Tower,26,18,29,0,73,0,0,54,0,54,26,18,83,0,127,0,0,0,127
08/14/2014,JAC,WY,ANM,WE,Federal Contract Tower,33,41,25,0,99,0,0,32,0,32,33,41,57,0,131,0,0,0,131
08/15/2014,JAC,WY,ANM,WE,Federal Contract Tower,29,44,25,0,98,0,0,50,0,50,29,44,75,0,148,0,0,0,148
08/16/2014,JAC,WY,ANM,WE,Federal Contract Tower,40,23,15,0,78,0,0,29,0,29,40,23,44,0,107,0,0,0,107
08/17/2014,JAC,WY,ANM,WE,Federal Contract Tower,31,40,31,0,102,0,0,37,0,37,31,40,68,0,139,0,0,0,139
08/18/2014,JAC,WY,ANM,WE,Federal Contract Tower,29,25,20,0,74,0,1,28,0,29,29,26,48,0,103,28,0,28,131
08/19/2014,JAC,WY,ANM,WE,Federal Contract Tower,28,22,33,0,83,1,3,35,0,39,29,25,68,0,122,18,0,18,140
08/20/2014,JAC,WY,ANM,WE,Federal Contract Tower,30,46,40,0,116,0,0,26,0,26,30,46,66,0,142,0,0,0,142
08/21/2014,JAC,WY,ANM,WE,Federal Contract Tower,44,36,22,0,102,0,0,11,0,11,44,36,33,0,113,0,0,0,113
08/22/2014,JAC,WY,ANM,WE,Federal Contract Tower,38,31,24,0,93,0,0,3,0,3,38,31,27,0,96,0,0,0,96
08/23/2014,JAC,WY,ANM,WE,Federal Contract Tower,44,43,15,2,104,0,0,4,0,4,44,43,19,2,108,0,0,0,108
08/24/2014,JAC,WY,ANM,WE,Federal Contract Tower,34,45,34,0,113,0,0,15,0,15,34,45,49,0,128,0,0,0,128
08/25/2014,JAC,WY,ANM,WE,Federal Contract Tower,30,28,25,0,83,1,1,13,0,15,31,29,38,0,98,14,0,14,112
08/26/2014,JAC,WY,ANM,WE,Federal Contract Tower,28,19,22,0,69,0,0,27,0,27,28,19,49,0,96,0,0,0,96
08/27/2014,JAC,WY,ANM,WE,Federal Contract Tower,31,30,19,0,80,0,2,31,0,33,31,32,50,0,113,0,0,0,113
08/28/2014,JAC,WY,ANM,WE,Federal Contract Tower,41,39,13,0,93,0,1,60,0,61,41,40,73,0,154,3,0,3,157
08/29/2014,JAC,WY,ANM,WE,Federal Contract Tower,36,37,16,0,89,0,0,43,0,43,36,37,59,0,132,0,0,0,132
08/30/2014,JAC,WY,ANM,WE,Federal Contract Tower,37,28,6,0,71,0,2,16,0,18,37,30,22,0,89,0,0,0,89
08/31/2014,JAC,WY,ANM,WE,Federal Contract Tower,31,21,11,0,63,0,0,10,0,10,31,21,21,0,73,0,0,0,73
09/01/2014,JAC,WY,ANM,WE,Federal Contract Tower,31,25,30,0,86,0,0,21,0,21,31,25,51,0,107,0,0,0,107
09/02/2014,JAC,WY,ANM,WE,Federal Contract Tower,25,19,15,0,59,0,1,16,0,17,25,20,31,0,76,6,0,6,82
09/03/2014,JAC,WY,ANM,WE,Federal Contract Tower,23,16,11,0,50,0,1,17,0,18,23,17,28,0,68,0,0,0,68
09/04/2014,JAC,WY,ANM,WE,Federal Contract Tower,24,43,20,0,87,2,1,46,0,49,26,44,66,0,136,42,0,42,178
09/05/2014,JAC,WY,ANM,WE,Federal Contract Tower,25,38,15,0,78,0,0,48,0,48,25,38,63,0,126,0,0,0,126
09/06/2014,JAC,WY,ANM,WE,Federal Contract Tower,33,28,30,0,91,0,0,40,0,40,33,28,70,0,131,0,0,0,131
09/07/2014,JAC,WY,ANM,WE,Federal Contract Tower,29,40,27,0,96,0,0,33,0,33,29,40,60,0,129,0,0,0,129
09/08/2014,JAC,WY,ANM,WE,Federal Contract Tower,22,19,23,0,64,0,3,14,0,17,22,22,37,0,81,0,0,0,81
09/09/2014,JAC,WY,ANM,WE,Federal Contract Tower,23,12,24,0,59,0,1,15,0,16,23,13,39,0,75,0,0,0,75
09/10/2014,JAC,WY,ANM,WE,Federal Contract Tower,23,19,10,0,52,0,1,24,1,26,23,20,34,1,78,0,0,0,78
09/11/2014,JAC,WY,ANM,WE,Federal Contract Tower,27,40,14,1,82,0,2,21,0,23,27,42,35,1,105,0,0,0,105
09/12/2014,JAC,WY,ANM,WE,Federal Contract Tower,25,32,21,0,78,0,3,46,0,49,25,35,67,0,127,0,0,0,127
09/13/2014,JAC,WY,ANM,WE,Federal Contract Tower,31,21,16,0,68,0,2,34,0,36,31,23,50,0,104,0,0,0,104
09/14/2014,JAC,WY,ANM,WE,Federal Contract Tower,23,22,32,2,79,0,0,12,0,12,23,22,44,2,91,0,0,0,91
09/15/2014,JAC,WY,ANM,WE,Federal Contract Tower,24,9,32,0,65,0,6,23,0,29,24,15,55,0,94,0,0,0,94
09/16/2014,JAC,WY,ANM,WE,Federal Contract Tower,21,23,11,0,55,0,3,25,0,28,21,26,36,0,83,0,0,0,83
09/17/2014,JAC,WY,ANM,WE,Federal Contract Tower,27,35,15,0,77,0,1,18,0,19,27,36,33,0,96,5,0,5,101
09/18/2014,JAC,WY,ANM,WE,Federal Contract Tower,23,20,12,0,55,0,2,7,0,9,23,22,19,0,64,0,0,0,64
09/19/2014,JAC,WY,ANM,WE,Federal Contract Tower,21,45,18,0,84,0,2,14,0,16,21,47,32,0,100,0,0,0,100
09/20/2014,JAC,WY,ANM,WE,Federal Contract Tower,21,27,6,0,54,0,0,20,0,20,21,27,26,0,74,0,0,0,74
09/21/2014,JAC,WY,ANM,WE,Federal Contract Tower,14,16,25,0,55,0,1,23,0,24,14,17,48,0,79,0,0,0,79
09/22/2014,JAC,WY,ANM,WE,Federal Contract Tower,11,23,13,0,47,0,0,2,0,2,11,23,15,0,49,0,0,0,49
09/23/2014,JAC,WY,ANM,WE,Federal Contract Tower,12,20,21,0,53,0,1,16,0,17,12,21,37,0,70,0,0,0,70
09/24/2014,JAC,WY,ANM,WE,Federal Contract Tower,17,19,5,1,42,0,0,43,0,43,17,19,48,1,85,0,0,0,85
09/25/2014,JAC,WY,ANM,WE,Federal Contract Tower,15,18,5,0,38,0,0,33,4,37,15,18,38,4,75,20,0,20,95
09/26/2014,JAC,WY,ANM,WE,Federal Contract Tower,13,35,25,0,73,0,0,45,0,45,13,35,70,0,118,0,0,0,118
09/27/2014,JAC,WY,ANM,WE,Federal Contract Tower,18,14,12,0,44,0,0,0,0,0,18,14,12,0,44,0,0,0,44
09/28/2014,JAC,WY,ANM,WE,Federal Contract Tower,15,21,14,0,50,0,0,0,0,0,15,21,14,0,50,0,0,0,50
09/29/2014,JAC,WY,ANM,WE,Federal Contract Tower,12,25,29,0,66,0,1,1,0,2,12,26,30,0,68,0,0,0,68
09/30/2014,JAC,WY,ANM,WE,Federal Contract Tower,10,18,23,0,51,0,0,0,0,0,10,18,23,0,51,0,0,0,51
10/01/2014,JAC,WY,ANM,WE,Federal Contract Tower,15,26,24,0,65,0,0,9,0,9,15,26,33,0,74,0,0,0,74
10/02/2014,JAC,WY,ANM,WE,Federal Contract Tower,11,35,18,0,64,0,2,30,0,32,11,37,48,0,96,0,0,0,96
10/03/2014,JAC,WY,ANM,WE,Federal Contract Tower,7,29,11,0,47,0,3,24,4,31,7,32,35,4,78,58,0,58,136
10/04/2014,JAC,WY,ANM,WE,Federal Contract Tower,13,11,10,0,34,0,2,19,0,21,13,13,29,0,55,2,0,2,57
10/05/2014,JAC,WY,ANM,WE,Federal Contract Tower,8,13,12,0,33,0,0,16,0,16,8,13,28,0,49,0,0,0,49
10/06/2014,JAC,WY,ANM,WE,Federal Contract Tower,11,14,14,0,39,0,1,15,0,16,11,15,29,0,55,16,0,16,71
10/07/2014,JAC,WY,ANM,WE,Federal Contract Tower,9,15,8,0,32,0,5,13,0,18,9,20,21,0,50,36,0,36,86
10/08/2014,JAC,WY,ANM,WE,Federal Contract Tower,9,19,12,0,40,0,1,35,2,38,9,20,47,2,78,0,0,0,78
10/09/2014,JAC,WY,ANM,WE,Federal Contract Tower,11,17,10,0,38,0,3,39,0,42,11,20,49,0,80,44,0,44,124
10/10/2014,JAC,WY,ANM,WE,Federal Contract Tower,8,25,20,0,53,0,2,19,0,21,8,27,39,0,74,28,0,28,102
10/11/2014,JAC,WY,ANM,WE,Federal Contract Tower,9,14,8,0,31,0,0,28,0,28,9,14,36,0,59,0,0,0,59
10/12/2014,JAC,WY,ANM,WE,Federal Contract Tower,8,11,17,0,36,0,0,6,0,6,8,11,23,0,42,0,0,0,42
10/13/2014,JAC,WY,ANM,WE,Federal Contract Tower,9,18,12,0,39,0,2,8,0,10,9,20,20,0,49,18,0,18,67
10/14/2014,JAC,WY,ANM,WE,Federal Contract Tower,9,8,15,0,32,0,4,21,0,25,9,12,36,0,57,20,0,20,77
10/15/2014,JAC,WY,ANM,WE,Federal Contract Tower,10,13,7,0,30,0,0,21,0,21,10,13,28,0,51,0,0,0,51
10/16/2014,JAC,WY,ANM,WE,Federal Contract Tower,10,20,9,0,39,0,0,15,0,15,10,20,24,0,54,28,0,28,82
10/17/2014,JAC,WY,ANM,WE,Federal Contract Tower,10,15,6,0,31,0,3,27,0,30,10,18,33,0,61,24,0,24,85
10/18/2014,JAC,WY,ANM,WE,Federal Contract Tower,9,16,6,0,31,0,0,15,0,15,9,16,21,0,46,0,0,0,46
10/19/2014,JAC,WY,ANM,WE,Federal Contract Tower,9,17,6,0,32,0,0,18,0,18,9,17,24,0,50,0,0,0,50
10/20/2014,JAC,WY,ANM,WE,Federal Contract Tower,12,11,9,0,32,0,4,21,0,25,12,15,30,0,57,0,0,0,57
10/21/2014,JAC,WY,ANM,WE,Federal Contract Tower,9,15,14,0,38,0,3,6,0,9,9,18,20,0,47,0,0,0,47
10/22/2014,JAC,WY,ANM,WE,Federal Contract Tower,12,10,21,2,45,0,0,31,0,31,12,10,52,2,76,34,0,34,110
10/23/2014,JAC,WY,ANM,WE,Federal Contract Tower,10,22,8,0,40,0,0,28,0,28,10,22,36,0,68,64,0,64,132
10/24/2014,JAC,WY,ANM,WE,Federal Contract Tower,11,16,12,0,39,0,2,13,0,15,11,18,25,0,54,2,0,2,56
10/25/2014,JAC,WY,ANM,WE,Federal Contract Tower,10,7,6,0,23,0,0,16,0,16,10,7,22,0,39,2,0,2,41
10/26/2014,JAC,WY,ANM,WE,Federal Contract Tower,8,12,11,0,31,0,1,1,0,2,8,13,12,0,33,0,0,0,33
10/27/2014,JAC,WY,ANM,WE,Federal Contract Tower,10,8,8,0,26,0,2,3,0,5,10,10,11,0,31,0,0,0,31
10/28/2014,JAC,WY,ANM,WE,Federal Contract Tower,9,2,12,0,23,0,5,13,0,18,9,7,25,0,41,56,0,56,97
10/29/2014,JAC,WY,ANM,WE,Federal Contract Tower,10,5,8,0,23,0,1,13,0,14,10,6,21,0,37,0,0,0,37
10/30/2014,JAC,WY,ANM,WE,Federal Contract Tower,12,7,9,0,28,0,2,24,0,26,12,9,33,0,54,40,0,40,94
10/31/2014,JAC,WY,ANM,WE,Federal Contract Tower,7,8,10,0,25,0,3,21,0,24,7,11,31,0,49,34,0,34,83
11/01/2014,JAC,WY,ANM,WE,Federal Contract Tower,9,5,4,0,18,0,0,2,0,2,9,5,6,0,20,0,0,0,20
11/02/2014,JAC,WY,ANM,WE,Federal Contract Tower,7,4,10,0,21,0,0,1,0,1,7,4,11,0,22,0,0,0,22
11/03/2014,JAC,WY,ANM,WE,Federal Contract Tower,10,12,15,0,37,0,4,10,0,14,10,16,25,0,51,2,0,2,53
11/04/2014,JAC,WY,ANM,WE,Federal Contract Tower,7,4,10,0,21,0,0,6,0,6,7,4,16,0,27,8,0,8,35
11/05/2014,JAC,WY,ANM,WE,Federal Contract Tower,8,11,11,0,30,0,1,7,0,8,8,12,18,0,38,16,0,16,54
11/06/2014,JAC,WY,ANM,WE,Federal Contract Tower,10,17,6,0,33,0,1,17,0,18,10,18,23,0,51,26,0,26,77
11/07/2014,JAC,WY,ANM,WE,Federal Contract Tower,8,27,8,0,43,0,6,13,0,19,8,33,21,0,62,0,0,0,62
11/08/2014,JAC,WY,ANM,WE,Federal Contract Tower,11,3,7,0,21,0,1,15,0,16,11,4,22,0,37,0,0,0,37
11/09/2014,JAC,WY,ANM,WE,Federal Contract Tower,7,20,4,0,31,0,1,16,0,17,7,21,20,0,48,0,0,0,48
11/10/2014,JAC,WY,ANM,WE,Federal Contract Tower,9,13,5,0,27,0,0,0,0,0,9,13,5,0,27,0,0,0,27
11/11/2014,JAC,WY,ANM,WE,Federal Contract Tower,7,12,9,0,28,0,0,0,0,0,7,12,9,0,28,0,0,0,28
11/12/2014,JAC,WY,ANM,WE,Federal Contract Tower,6,15,7,0,28,0,2,16,0,18,6,17,23,0,46,6,0,6,52
11/13/2014,JAC,WY,ANM,WE,Federal Contract Tower,9,20,12,0,41,0,0,8,0,8,9,20,20,0,49,0,0,0,49
11/14/2014,JAC,WY,ANM,WE,Federal Contract Tower,7,7,7,0,21,0,0,0,0,0,7,7,7,0,21,0,0,0,21
11/15/2014,JAC,WY,ANM,WE,Federal Contract Tower,7,16,10,0,33,0,0,4,0,4,7,16,14,0,37,2,0,2,39
11/16/2014,JAC,WY,ANM,WE,Federal Contract Tower,10,7,6,0,23,0,0,6,0,6,10,7,12,0,29,6,2,8,37
11/17/2014,JAC,WY,ANM,WE,Federal Contract Tower,7,8,13,0,28,0,2,10,0,12,7,10,23,0,40,26,0,26,66
11/18/2014,JAC,WY,ANM,WE,Federal Contract Tower,7,6,14,0,27,0,0,13,0,13,7,6,27,0,40,12,0,12,52
11/19/2014,JAC,WY,ANM,WE,Federal Contract Tower,9,17,9,0,35,0,0,26,0,26,9,17,35,0,61,28,0,28,89
11/20/2014,JAC,WY,ANM,WE,Federal Contract Tower,10,15,18,0,43,0,0,9,0,9,10,15,27,0,52,8,0,8,60
11/21/2014,JAC,WY,ANM,WE,Federal Contract Tower,9,12,10,0,31,0,3,10,0,13,9,15,20,0,44,20,0,20,64
11/22/2014,JAC,WY,ANM,WE,Federal Contract Tower,7,3,4,0,14,0,0,0,0,0,7,3,4,0,14,0,0,0,14
11/23/2014,JAC,WY,ANM,WE,Federal Contract Tower,3,9,6,0,18,0,0,0,0,0,3,9,6,0,18,0,0,0,18
11/24/2014,JAC,WY,ANM,WE,Federal Contract Tower,8,9,17,0,34,0,0,0,0,0,8,9,17,0,34,0,0,0,34
11/25/2014,JAC,WY,ANM,WE,Federal Contract Tower,9,17,8,0,34,0,0,0,0,0,9,17,8,0,34,0,0,0,34
11/26/2014,JAC,WY,ANM,WE,Federal Contract Tower,9,10,9,0,28,0,0,5,0,5,9,10,14,0,33,0,0,0,33
11/27/2014,JAC,WY,ANM,WE,Federal Contract Tower,5,3,2,0,10,0,0,4,0,4,5,3,6,0,14,0,0,0,14
11/28/2014,JAC,WY,ANM,WE,Federal Contract Tower,6,16,4,0,26,0,0,9,0,9,6,16,13,0,35,0,0,0,35
11/29/2014,JAC,WY,ANM,WE,Federal Contract Tower,12,9,11,0,32,0,0,2,0,2,12,9,13,0,34,0,0,0,34
11/30/2014,JAC,WY,ANM,WE,Federal Contract Tower,6,31,25,0,62,0,0,10,0,10,6,31,35,0,72,4,0,4,76
12/01/2014,JAC,WY,ANM,WE,Federal Contract Tower,10,15,21,0,46,0,0,0,0,0,10,15,21,0,46,0,0,0,46
12/02/2014,JAC,WY,ANM,WE,Federal Contract Tower,7,13,11,0,31,0,0,0,0,0,7,13,11,0,31,0,0,0,31
12/03/2014,JAC,WY,ANM,WE,Federal Contract Tower,11,9,11,0,31,0,0,1,0,1,11,9,12,0,32,0,0,0,32
12/04/2014,JAC,WY,ANM,WE,Federal Contract Tower,11,14,10,0,35,0,0,0,0,0,11,14,10,0,35,0,0,0,35
12/05/2014,JAC,WY,ANM,WE,Federal Contract Tower,10,9,12,0,31,0,0,1,0,1,10,9,13,0,32,0,2,2,34
12/06/2014,JAC,WY,ANM,WE,Federal Contract Tower,11,13,6,2,32,1,0,2,0,3,12,13,8,2,35,4,0,4,39
12/07/2014,JAC,WY,ANM,WE,Federal Contract Tower,11,7,15,0,33,0,0,4,0,4,11,7,19,0,37,4,0,4,41
12/08/2014,JAC,WY,ANM,WE,Federal Contract Tower,12,15,12,0,39,0,1,12,0,13,12,16,24,0,52,38,0,38,90
12/09/2014,JAC,WY,ANM,WE,Federal Contract Tower,9,9,8,0,26,0,0,5,0,5,9,9,13,0,31,0,0,0,31
12/10/2014,JAC,WY,ANM,WE,Federal Contract Tower,8,11,8,2,29,0,0,25,0,25,8,11,33,2,54,36,0,36,90
12/11/2014,JAC,WY,ANM,WE,Federal Contract Tower,16,12,19,0,47,0,0,7,0,7,16,12,26,0,54,0,0,0,54
12/12/2014,JAC,WY,ANM,WE,Federal Contract Tower,12,18,9,0,39,0,4,11,0,15,12,22,20,0,54,52,0,52,106
12/13/2014,JAC,WY,ANM,WE,Federal Contract Tower,14,19,9,0,42,0,1,2,0,3,14,20,11,0,45,0,0,0,45
12/14/2014,JAC,WY,ANM,WE,Federal Contract Tower,14,6,15,0,35,0,0,0,0,0,14,6,15,0,35,0,0,0,35
12/15/2014,JAC,WY,ANM,WE,Federal Contract Tower,11,22,21,0,54,0,0,1,0,1,11,22,22,0,55,0,0,0,55
12/16/2014,JAC,WY,ANM,WE,Federal Contract Tower,10,13,16,0,39,0,0,0,0,0,10,13,16,0,39,0,0,0,39
12/17/2014,JAC,WY,ANM,WE,Federal Contract Tower,11,23,10,0,44,0,0,3,0,3,11,23,13,0,47,0,2,2,49
12/18/2014,JAC,WY,ANM,WE,Federal Contract Tower,22,31,15,1,69,0,0,8,0,8,22,31,23,1,77,0,0,0,77
12/19/2014,JAC,WY,ANM,WE,Federal Contract Tower,28,64,35,0,127,0,1,8,0,9,28,65,43,0,136,0,0,0,136
12/20/2014,JAC,WY,ANM,WE,Federal Contract Tower,36,55,26,0,117,1,3,2,0,6,37,58,28,0,123,0,0,0,123
12/21/2014,JAC,WY,ANM,WE,Federal Contract Tower,30,23,11,0,64,0,0,0,0,0,30,23,11,0,64,0,0,0,64
12/22/2014,JAC,WY,ANM,WE,Federal Contract Tower,26,48,32,0,106,0,1,3,0,4,26,49,35,0,110,0,0,0,110
12/23/2014,JAC,WY,ANM,WE,Federal Contract Tower,34,25,23,0,82,0,5,12,2,19,34,30,35,2,101,6,0,6,107
12/24/2014,JAC,WY,ANM,WE,Federal Contract Tower,24,33,3,0,60,0,0,0,0,0,24,33,3,0,60,0,0,0,60
12/25/2014,JAC,WY,ANM,WE,Federal Contract Tower,23,14,1,0,38,0,0,0,0,0,23,14,1,0,38,0,0,0,38
12/26/2014,JAC,WY,ANM,WE,Federal Contract Tower,31,74,34,0,139,0,3,11,0,14,31,77,45,0,153,0,0,0,153
12/27/2014,JAC,WY,ANM,WE,Federal Contract Tower,53,62,47,0,162,0,1,6,7,14,53,63,53,7,176,0,0,0,176
12/28/2014,JAC,WY,ANM,WE,Federal Contract Tower,39,33,21,0,93,0,0,2,0,2,39,33,23,0,95,2,0,2,97
12/29/2014,JAC,WY,ANM,WE,Federal Contract Tower,27,31,16,0,74,0,0,13,0,13,27,31,29,0,87,4,0,4,91
12/30/2014,JAC,WY,ANM,WE,Federal Contract Tower,29,23,19,0,71,0,5,10,0,15,29,28,29,0,86,0,0,0,86
12/31/2014,JAC,WY,ANM,WE,Federal Contract Tower,34,32,9,0,75,0,0,21,0,21,34,32,30,0,96,0,0,0,96
01/01/2015,JAC,WY,ANM,WE,Federal Contract Tower,25,25,6,0,56,0,0,12,0,12,25,25,18,0,68,0,0,0,68
01/02/2015,JAC,WY,ANM,WE,Federal Contract Tower,29,57,26,0,112,0,3,17,0,20,29,60,43,0,132,0,0,0,132
01/03/2015,JAC,WY,ANM,WE,Federal Contract Tower,42,81,57,0,180,0,4,7,0,11,42,85,64,0,191,0,0,0,191
01/04/2015,JAC,WY,ANM,WE,Federal Contract Tower,37,27,33,0,97,0,0,0,0,0,37,27,33,0,97,0,0,0,97
01/05/2015,JAC,WY,ANM,WE,Federal Contract Tower,24,20,10,0,54,0,0,0,0,0,24,20,10,0,54,0,0,0,54
01/06/2015,JAC,WY,ANM,WE,Federal Contract Tower,19,20,24,0,63,0,3,6,0,9,19,23,30,0,72,0,0,0,72
01/07/2015,JAC,WY,ANM,WE,Federal Contract Tower,18,20,12,0,50,0,0,0,0,0,18,20,12,0,50,0,0,0,50
01/08/2015,JAC,WY,ANM,WE,Federal Contract Tower,6,8,11,0,25,0,0,0,0,0,6,8,11,0,25,0,0,0,25
01/09/2015,JAC,WY,ANM,WE,Federal Contract Tower,26,11,17,0,54,0,0,0,0,0,26,11,17,0,54,0,0,0,54
01/10/2015,JAC,WY,ANM,WE,Federal Contract Tower,35,15,12,1,63,0,0,0,0,0,35,15,12,1,63,0,0,0,63
01/11/2015,JAC,WY,ANM,WE,Federal Contract Tower,17,16,25,0,58,0,0,0,0,0,17,16,25,0,58,0,0,0,58
01/12/2015,JAC,WY,ANM,WE,Federal Contract Tower,18,15,7,0,40,0,0,0,0,0,18,15,7,0,40,0,0,0,40
01/13/2015,JAC,WY,ANM,WE,Federal Contract Tower,16,14,19,0,49,0,1,9,0,10,16,15,28,0,59,14,0,14,73
01/14/2015,JAC,WY,ANM,WE,Federal Contract Tower,17,23,21,0,61,0,1,5,0,6,17,24,26,0,67,2,0,2,69
01/15/2015,JAC,WY,ANM,WE,Federal Contract Tower,18,23,11,0,52,0,5,11,6,22,18,28,22,6,74,2,0,2,76
01/16/2015,JAC,WY,ANM,WE,Federal Contract Tower,18,33,28,0,79,0,1,0,0,1,18,34,28,0,80,0,0,0,80
01/17/2015,JAC,WY,ANM,WE,Federal Contract Tower,31,20,7,0,58,0,4,15,0,19,31,24,22,0,77,0,0,0,77
01/18/2015,JAC,WY,ANM,WE,Federal Contract Tower,21,9,9,2,41,0,0,0,0,0,21,9,9,2,41,0,0,0,41
01/19/2015,JAC,WY,ANM,WE,Federal Contract Tower,22,23,38,0,83,0,3,0,0,3,22,26,38,0,86,0,0,0,86
01/20/2015,JAC,WY,ANM,WE,Federal Contract Tower,15,12,11,0,38,0,3,1,0,4,15,15,12,0,42,0,0,0,42
01/21/2015,JAC,WY,ANM,WE,Federal Contract Tower,19,24,8,0,51,0,2,22,0,24,19,26,30,0,75,0,0,0,75
01/22/2015,JAC,WY,ANM,WE,Federal Contract Tower,23,22,14,0,59,0,5,8,0,13,23,27,22,0,72,0,0,0,72
01/23/2015,JAC,WY,ANM,WE,Federal Contract Tower,19,23,18,0,60,0,1,6,0,7,19,24,24,0,67,6,0,6,73
01/24/2015,JAC,WY,ANM,WE,Federal Contract Tower,33,28,17,2,80,0,0,4,0,4,33,28,21,2,84,0,0,0,84
01/25/2015,JAC,WY,ANM,WE,Federal Contract Tower,21,24,19,0,64,0,0,3,0,3,21,24,22,0,67,0,0,0,67
01/26/2015,JAC,WY,ANM,WE,Federal Contract Tower,18,15,12,0,45,0,3,1,0,4,18,18,13,0,49,0,0,0,49
01/27/2015,JAC,WY,ANM,WE,Federal Contract Tower,15,12,13,0,40,0,0,7,0,7,15,12,20,0,47,4,0,4,51
01/28/2015,JAC,WY,ANM,WE,Federal Contract Tower,18,16,20,0,54,0,2,3,0,5,18,18,23,0,59,0,0,0,59
01/29/2015,JAC,WY,ANM,WE,Federal Contract Tower,22,16,15,0,53,0,2,18,0,20,22,18,33,0,73,0,0,0,73
01/30/2015,JAC,WY,ANM,WE,Federal Contract Tower,18,16,14,0,48,0,1,4,0,5,18,17,18,0,53,0,0,0,53
01/31/2015,JAC,WY,ANM,WE,Federal Contract Tower,34,18,17,0,69,0,3,19,0,22,34,21,36,0,91,0,0,0,91
02/01/2015,JAC,WY,ANM,WE,Federal Contract Tower,21,15,11,0,47,0,0,18,0,18,21,15,29,0,65,0,0,0,65
02/02/2015,JAC,WY,ANM,WE,Federal Contract Tower,17,13,28,0,58,0,0,2,0,2,17,13,30,0,60,0,0,0,60
02/03/2015,JAC,WY,ANM,WE,Federal Contract Tower,15,14,15,0,44,0,1,1,0,2,15,15,16,0,46,0,0,0,46
02/04/2015,JAC,WY,ANM,WE,Federal Contract Tower,13,13,10,0,36,0,0,0,0,0,13,13,10,0,36,0,0,0,36
02/05/2015,JAC,WY,ANM,WE,Federal Contract Tower,20,22,19,0,61,0,4,9,0,13,20,26,28,0,74,0,0,0,74
02/06/2015,JAC,WY,ANM,WE,Federal Contract Tower,20,20,9,0,49,0,7,19,0,26,20,27,28,0,75,0,0,0,75
02/07/2015,JAC,WY,ANM,WE,Federal Contract Tower,30,24,6,0,60,0,0,5,0,5,30,24,11,0,65,0,0,0,65
02/08/2015,JAC,WY,ANM,WE,Federal Contract Tower,21,29,26,0,76,0,3,8,0,11,21,32,34,0,87,0,0,0,87
02/09/2015,JAC,WY,ANM,WE,Federal Contract Tower,20,11,6,0,37,0,0,0,0,0,20,11,6,0,37,0,0,0,37
02/10/2015,JAC,WY,ANM,WE,Federal Contract Tower,15,8,10,0,33,0,3,3,0,6,15,11,13,0,39,0,0,0,39
02/11/2015,JAC,WY,ANM,WE,Federal Contract Tower,21,22,18,0,61,0,4,21,0,25,21,26,39,0,86,0,4,4,90
02/12/2015,JAC,WY,ANM,WE,Federal Contract Tower,22,35,46,0,103,0,8,25,1,34,22,43,71,1,137,0,0,0,137
02/13/2015,JAC,WY,ANM,WE,Federal Contract Tower,24,27,28,0,79,0,5,15,0,20,24,32,43,0,99,0,0,0,99
02/14/2015,JAC,WY,ANM,WE,Federal Contract Tower,30,36,9,2,77,1,1,36,0,38,31,37,45,2,115,6,0,6,121
02/15/2015,JAC,WY,ANM,WE,Federal Contract Tower,31,16,15,1,63,0,0,13,0,13,31,16,28,1,76,0,0,0,76
02/16/2015,JAC,WY,ANM,WE,Federal Contract Tower,21,31,43,0,95,0,4,1,0,5,21,35,44,0,100,0,0,0,100
02/17/2015,JAC,WY,ANM,WE,Federal Contract Tower,18,35,31,1,85,0,2,12,0,14,18,37,43,1,99,10,0,10,109
02/18/2015,JAC,WY,ANM,WE,Federal Contract Tower,19,15,15,0,49,0,1,19,0,20,19,16,34,0,69,0,2,2,71
02/19/2015,JAC,WY,ANM,WE,Federal Contract Tower,21,32,21,0,74,0,1,16,0,17,21,33,37,0,91,10,0,10,101
02/20/2015,JAC,WY,ANM,WE,Federal Contract Tower,20,28,17,0,65,0,1,3,0,4,20,29,20,0,69,0,0,0,69
02/21/2015,JAC,WY,ANM,WE,Federal Contract Tower,37,26,15,0,78,0,2,0,0,2,37,28,15,0,80,0,0,0,80
02/22/2015,JAC,WY,ANM,WE,Federal Contract Tower,34,29,24,1,88,0,2,9,0,11,34,31,33,1,99,0,0,0,99
02/23/2015,JAC,WY,ANM,WE,Federal Contract Tower,21,12,14,0,47,0,6,13,0,19,21,18,27,0,66,0,0,0,66
02/24/2015,JAC,WY,ANM,WE,Federal Contract Tower,18,17,19,1,55,0,1,8,0,9,18,18,27,1,64,8,0,8,72
02/25/2015,JAC,WY,ANM,WE,Federal Contract Tower,22,26,22,0,70,0,2,5,0,7,22,28,27,0,77,0,0,0,77
02/26/2015,JAC,WY,ANM,WE,Federal Contract Tower,21,27,14,0,62,0,3,6,0,9,21,30,20,0,71,0,0,0,71
02/27/2015,JAC,WY,ANM,WE,Federal Contract Tower,23,29,12,0,64,0,0,0,0,0,23,29,12,0,64,0,0,0,64
02/28/2015,JAC,WY,ANM,WE,Federal Contract Tower,34,25,12,0,71,0,0,4,0,4,34,25,16,0,75,0,0,0,75
03/01/2015,JAC,WY,ANM,WE,Federal Contract Tower,32,24,23,0,79,0,1,19,0,20,32,25,42,0,99,0,0,0,99
03/02/2015,JAC,WY,ANM,WE,Federal Contract Tower,21,21,17,0,59,0,2,9,0,11,21,23,26,0,70,0,0,0,70
03/03/2015,JAC,WY,ANM,WE,Federal Contract Tower,16,8,8,0,32,0,0,0,0,0,16,8,8,0,32,0,0,0,32
03/04/2015,JAC,WY,ANM,WE,Federal Contract Tower,22,26,17,0,65,0,1,9,0,10,22,27,26,0,75,4,0,4,79
03/05/2015,JAC,WY,ANM,WE,Federal Contract Tower,20,30,20,0,70,1,5,16,3,25,21,35,36,3,95,0,0,0,95
03/06/2015,JAC,WY,ANM,WE,Federal Contract Tower,24,25,21,0,70,0,1,13,5,19,24,26,34,5,89,0,0,0,89
03/07/2015,JAC,WY,ANM,WE,Federal Contract Tower,30,18,13,0,61,0,0,11,0,11,30,18,24,0,72,2,0,2,74
03/08/2015,JAC,WY,ANM,WE,Federal Contract Tower,28,30,26,0,84,1,1,26,0,28,29,31,52,0,112,0,12,12,124
03/09/2015,JAC,WY,ANM,WE,Federal Contract Tower,20,10,19,0,49,0,3,6,0,9,20,13,25,0,58,12,0,12,70
03/10/2015,JAC,WY,ANM,WE,Federal Contract Tower,18,7,17,0,42,0,3,23,1,27,18,10,40,1,69,14,0,14,83
03/11/2015,JAC,WY,ANM,WE,Federal Contract Tower,17,21,14,0,52,0,3,15,2,20,17,24,29,2,72,2,0,2,74
03/12/2015,JAC,WY,ANM,WE,Federal Contract Tower,21,30,12,2,65,0,3,3,0,6,21,33,15,2,71,0,0,0,71
03/13/2015,JAC,WY,ANM,WE,Federal Contract Tower,23,21,21,0,65,0,7,17,2,26,23,28,38,2,91,32,0,32,123
03/14/2015,JAC,WY,ANM,WE,Federal Contract Tower,42,50,11,0,103,0,7,11,2,20,42,57,22,2,123,8,0,8,131
03/15/2015,JAC,WY,ANM,WE,Federal Contract Tower,31,27,16,0,74,0,1,6,0,7,31,28,22,0,81,4,0,4,85
03/16/2015,JAC,WY,ANM,WE,Federal Contract Tower,21,17,12,0,50,0,4,14,1,19,21,21,26,1,69,4,0,4,73
03/17/2015,JAC,WY,ANM,WE,Federal Contract Tower,17,10,16,2,45,0,1,10,1,12,17,11,26,3,57,4,0,4,61
03/18/2015,JAC,WY,ANM,WE,Federal Contract Tower,18,21,21,0,60,0,2,0,0,2,18,23,21,0,62,0,0,0,62
03/19/2015,JAC,WY,ANM,WE,Federal Contract Tower,24,29,20,0,73,0,8,40,2,50,24,37,60,2,123,8,0,8,131
03/20/2015,JAC,WY,ANM,WE,Federal Contract Tower,26,23,7,0,56,1,9,21,2,33,27,32,28,2,89,2,0,2,91
03/21/2015,JAC,WY,ANM,WE,Federal Contract Tower,41,18,17,0,76,2,5,24,0,31,43,23,41,0,107,12,0,12,119
03/22/2015,JAC,WY,ANM,WE,Federal Contract Tower,28,21,14,0,63,0,1,16,0,17,28,22,30,0,80,0,0,0,80
03/23/2015,JAC,WY,ANM,WE,Federal Contract Tower,19,18,13,2,52,0,1,2,0,3,19,19,15,2,55,0,0,0,55
03/24/2015,JAC,WY,ANM,WE,Federal Contract Tower,17,9,8,0,34,0,0,0,0,0,17,9,8,0,34,0,0,0,34
03/25/2015,JAC,WY,ANM,WE,Federal Contract Tower,18,22,8,0,48,0,2,5,0,7,18,24,13,0,55,18,0,18,73
03/26/2015,JAC,WY,ANM,WE,Federal Contract Tower,22,13,6,0,41,0,4,6,2,12,22,17,12,2,53,0,0,0,53
03/27/2015,JAC,WY,ANM,WE,Federal Contract Tower,25,15,15,0,55,0,7,27,3,37,25,22,42,3,92,0,0,0,92
03/28/2015,JAC,WY,ANM,WE,Federal Contract Tower,37,19,7,3,66,1,8,6,2,17,38,27,13,5,83,10,0,10,93
03/29/2015,JAC,WY,ANM,WE,Federal Contract Tower,30,16,15,0,61,0,1,14,0,15,30,17,29,0,76,2,0,2,78
03/30/2015,JAC,WY,ANM,WE,Federal Contract Tower,20,9,12,0,41,0,3,11,0,14,20,12,23,0,55,6,0,6,61
03/31/2015,JAC,WY,ANM,WE,Federal Contract Tower,16,6,10,3,35,0,1,10,0,11,16,7,20,3,46,0,0,0,46
04/01/2015,JAC,WY,ANM,WE,Federal Contract Tower,16,7,10,0,33,0,0,0,0,0,16,7,10,0,33,0,0,0,33
04/02/2015,JAC,WY,ANM,WE,Federal Contract Tower,20,5,16,0,41,0,1,1,0,2,20,6,17,0,43,0,0,0,43
04/03/2015,JAC,WY,ANM,WE,Federal Contract Tower,21,6,10,2,39,0,2,9,1,12,21,8,19,3,51,4,0,4,55
04/04/2015,JAC,WY,ANM,WE,Federal Contract Tower,29,12,5,0,46,0,3,9,0,12,29,15,14,0,58,10,0,10,68
04/05/2015,JAC,WY,ANM,WE,Federal Contract Tower,23,10,2,0,35,0,2,6,0,8,23,12,8,0,43,0,0,0,43
04/06/2015,JAC,WY,ANM,WE,Federal Contract Tower,19,9,8,0,36,0,2,0,0,2,19,11,8,0,38,0,0,0,38
04/07/2015,JAC,WY,ANM,WE,Federal Contract Tower,10,7,6,0,23,0,0,0,0,0,10,7,6,0,23,0,0,0,23
04/08/2015,JAC,WY,ANM,WE,Federal Contract Tower,8,15,5,0,28,0,0,0,0,0,8,15,5,0,28,0,0,0,28
04/09/2015,JAC,WY,ANM,WE,Federal Contract Tower,14,21,1,0,36,0,3,4,0,7,14,24,5,0,43,0,0,0,43
04/10/2015,JAC,WY,ANM,WE,Federal Contract Tower,14,11,4,1,30,0,5,5,0,10,14,16,9,1,40,12,0,12,52
04/11/2015,JAC,WY,ANM,WE,Federal Contract Tower,9,6,4,2,21,0,3,7,1,11,9,9,11,3,32,4,0,4,36
04/12/2015,JAC,WY,ANM,WE,Federal Contract Tower,9,12,7,0,28,0,0,3,3,6,9,12,10,3,34,0,0,0,34
04/13/2015,JAC,WY,ANM,WE,Federal Contract Tower,10,2,11,0,23,0,4,4,0,8,10,6,15,0,31,0,0,0,31
04/14/2015,JAC,WY,ANM,WE,Federal Contract Tower,6,7,10,0,23,0,0,0,0,0,6,7,10,0,23,0,0,0,23
04/15/2015,JAC,WY,ANM,WE,Federal Contract Tower,7,9,1,0,17,0,0,1,0,1,7,9,2,0,18,0,0,0,18
04/16/2015,JAC,WY,ANM,WE,Federal Contract Tower,9,16,8,0,33,0,2,18,0,20,9,18,26,0,53,0,0,0,53
04/17/2015,JAC,WY,ANM,WE,Federal Contract Tower,9,12,8,0,29,0,3,10,2,15,9,15,18,2,44,6,0,6,50
04/18/2015,JAC,WY,ANM,WE,Federal Contract Tower,8,7,5,0,20,0,4,3,0,7,8,11,8,0,27,0,0,0,27
04/19/2015,JAC,WY,ANM,WE,Federal Contract Tower,11,14,3,0,28,0,0,18,0,18,11,14,21,0,46,0,14,14,60
04/20/2015,JAC,WY,ANM,WE,Federal Contract Tower,10,13,9,0,32,0,4,12,0,16,10,17,21,0,48,0,0,0,48
04/21/2015,JAC,WY,ANM,WE,Federal Contract Tower,7,10,8,0,25,0,1,9,0,10,7,11,17,0,35,0,0,0,35
04/22/2015,JAC,WY,ANM,WE,Federal Contract Tower,11,8,5,0,24,0,4,7,0,11,11,12,12,0,35,0,0,0,35
04/23/2015,JAC,WY,ANM,WE,Federal Contract Tower,12,12,4,0,28,0,2,5,0,7,12,14,9,0,35,0,0,0,35
04/24/2015,JAC,WY,ANM,WE,Federal Contract Tower,10,11,13,0,34,0,2,9,0,11,10,13,22,0,45,4,0,4,49
04/25/2015,JAC,WY,ANM,WE,Federal Contract Tower,10,8,4,0,22,0,1,8,0,9,10,9,12,0,31,0,0,0,31
04/26/2015,JAC,WY,ANM,WE,Federal Contract Tower,10,2,10,0,22,0,0,0,0,0,10,2,10,0,22,0,0,0,22
04/27/2015,JAC,WY,ANM,WE,Federal Contract Tower,10,4,13,0,27,0,6,6,2,14,10,10,19,2,41,0,0,0,41
04/28/2015,JAC,WY,ANM,WE,Federal Contract Tower,8,5,10,2,25,0,3,13,0,16,8,8,23,2,41,0,0,0,41
04/29/2015,JAC,WY,ANM,WE,Federal Contract Tower,8,6,3,0,17,0,2,5,0,7,8,8,8,0,24,0,0,0,24
04/30/2015,JAC,WY,ANM,WE,Federal Contract Tower,12,17,14,0,43,0,1,7,0,8,12,18,21,0,51,2,0,2,53
05/01/2015,JAC,WY,ANM,WE,Federal Contract Tower,13,20,2,4,39,0,1,19,0,20,13,21,21,4,59,2,0,2,61
05/02/2015,JAC,WY,ANM,WE,Federal Contract Tower,8,8,3,0,19,0,3,4,2,9,8,11,7,2,28,0,0,0,28
05/03/2015,JAC,WY,ANM,WE,Federal Contract Tower,10,4,9,0,23,0,0,3,0,3,10,4,12,0,26,0,0,0,26
05/04/2015,JAC,WY,ANM,WE,Federal Contract Tower,9,7,14,0,30,0,3,4,0,7,9,10,18,0,37,8,0,8,45
05/05/2015,JAC,WY,ANM,WE,Federal Contract Tower,8,13,10,0,31,0,3,5,0,8,8,16,15,0,39,10,0,10,49
05/06/2015,JAC,WY,ANM,WE,Federal Contract Tower,12,15,5,0,32,0,0,7,0,7,12,15,12,0,39,0,0,0,39
05/07/2015,JAC,WY,ANM,WE,Federal Contract Tower,14,19,4,0,37,0,0,3,0,3,14,19,7,0,40,0,0,0,40
05/08/2015,JAC,WY,ANM,WE,Federal Contract Tower,13,16,10,0,39,0,4,0,0,4,13,20,10,0,43,0,0,0,43
05/09/2015,JAC,WY,ANM,WE,Federal Contract Tower,12,10,8,0,30,0,2,0,0,2,12,12,8,0,32,0,0,0,32
05/10/2015,JAC,WY,ANM,WE,Federal Contract Tower,12,11,6,0,29,0,1,1,3,5,12,12,7,3,34,8,0,8,42
05/11/2015,JAC,WY,ANM,WE,Federal Contract Tower,12,9,10,0,31,0,4,3,0,7,12,13,13,0,38,0,0,0,38
05/12/2015,JAC,WY,ANM,WE,Federal Contract Tower,10,5,13,0,28,0,3,7,0,10,10,8,20,0,38,0,0,0,38
05/13/2015,JAC,WY,ANM,WE,Federal Contract Tower,9,8,13,0,30,0,6,9,0,15,9,14,22,0,45,4,0,4,49
05/14/2015,JAC,WY,ANM,WE,Federal Contract Tower,13,16,13,0,42,0,5,12,0,17,13,21,25,0,59,30,0,30,89
05/15/2015,JAC,WY,ANM,WE,Federal Contract Tower,12,21,12,0,45,0,4,5,0,9,12,25,17,0,54,0,0,0,54
05/16/2015,JAC,WY,ANM,WE,Federal Contract Tower,12,13,6,0,31,0,0,0,0,0,12,13,6,0,31,0,0,0,31
05/17/2015,JAC,WY,ANM,WE,Federal Contract Tower,13,13,7,0,33,0,0,2,0,2,13,13,9,0,35,0,0,0,35
05/18/2015,JAC,WY,ANM,WE,Federal Contract Tower,10,13,18,0,41,0,2,6,0,8,10,15,24,0,49,24,0,24,73
05/19/2015,JAC,WY,ANM,WE,Federal Contract Tower,10,12,11,0,33,0,0,1,0,1,10,12,12,0,34,0,0,0,34
05/20/2015,JAC,WY,ANM,WE,Federal Contract Tower,9,10,15,2,36,0,1,6,0,7,9,11,21,2,43,0,0,0,43
05/21/2015,JAC,WY,ANM,WE,Federal Contract Tower,12,19,13,0,44,0,4,23,0,27,12,23,36,0,71,30,0,30,101
05/22/2015,JAC,WY,ANM,WE,Federal Contract Tower,12,29,12,0,53,0,2,19,0,21,12,31,31,0,74,14,0,14,88
05/23/2015,JAC,WY,ANM,WE,Federal Contract Tower,19,15,11,0,45,0,0,5,0,5,19,15,16,0,50,12,0,12,62
05/24/2015,JAC,WY,ANM,WE,Federal Contract Tower,15,8,8,0,31,0,1,11,0,12,15,9,19,0,43,20,4,24,67
05/25/2015,JAC,WY,ANM,WE,Federal Contract Tower,10,13,24,0,47,0,0,9,0,9,10,13,33,0,56,16,0,16,72
05/26/2015,JAC,WY,ANM,WE,Federal Contract Tower,9,10,12,0,31,0,2,0,0,2,9,12,12,0,33,4,0,4,37
05/27/2015,JAC,WY,ANM,WE,Federal Contract Tower,7,14,12,0,33,0,1,15,0,16,7,15,27,0,49,0,0,0,49
05/28/2015,JAC,WY,ANM,WE,Federal Contract Tower,13,14,7,0,34,0,0,9,0,9,13,14,16,0,43,0,0,0,43
05/29/2015,JAC,WY,ANM,WE,Federal Contract Tower,14,16,8,0,38,0,3,9,0,12,14,19,17,0,50,0,0,0,50
05/30/2015,JAC,WY,ANM,WE,Federal Contract Tower,21,12,20,0,53,0,3,8,4,15,21,15,28,4,68,18,0,18,86
05/31/2015,JAC,WY,ANM,WE,Federal Contract Tower,15,4,17,2,38,0,0,13,1,14,15,4,30,3,52,0,0,0,52
06/01/2015,JAC,WY,ANM,WE,Federal Contract Tower,11,21,24,0,56,0,1,10,0,11,11,22,34,0,67,0,0,0,67
06/02/2015,JAC,WY,ANM,WE,Federal Contract Tower,9,10,12,0,31,0,1,14,0,15,9,11,26,0,46,2,0,2,48
06/03/2015,JAC,WY,ANM,WE,Federal Contract Tower,10,11,13,4,38,0,0,14,0,14,10,11,27,4,52,18,0,18,70
06/04/2015,JAC,WY,ANM,WE,Federal Contract Tower,18,22,15,0,55,0,5,41,3,49,18,27,56,3,104,26,0,26,130
06/05/2015,JAC,WY,ANM,WE,Federal Contract Tower,19,18,17,2,56,0,6,19,0,25,19,24,36,2,81,0,0,0,81
06/06/2015,JAC,WY,ANM,WE,Federal Contract Tower,35,13,10,0,58,0,0,18,4,22,35,13,28,4,80,26,0,26,106
06/07/2015,JAC,WY,ANM,WE,Federal Contract Tower,26,9,17,0,52,0,3,10,0,13,26,12,27,0,65,12,0,12,77
06/08/2015,JAC,WY,ANM,WE,Federal Contract Tower,19,11,7,0,37,0,1,17,0,18,19,12,24,0,55,20,0,20,75
06/09/2015,JAC,WY,ANM,WE,Federal Contract Tower,21,11,19,0,51,0,3,19,1,23,21,14,38,1,74,14,0,14,88
06/10/2015,JAC,WY,ANM,WE,Federal Contract Tower,19,15,10,0,44,0,2,31,0,33,19,17,41,0,77,8,0,8,85
06/11/2015,JAC,WY,ANM,WE,Federal Contract Tower,17,24,26,0,67,0,0,25,0,25,17,24,51,0,92,0,0,0,92
06/12/2015,JAC,WY,ANM,WE,Federal Contract Tower,22,24,12,0,58,0,0,30,0,30,22,24,42,0,88,8,0,8,96
06/13/2015,JAC,WY,ANM,WE,Federal Contract Tower,31,11,6,1,49,0,1,31,0,32,31,12,37,1,81,34,0,34,115
06/14/2015,JAC,WY,ANM,WE,Federal Contract Tower,26,21,14,0,61,0,0,18,1,19,26,21,32,1,80,22,0,22,102
06/15/2015,JAC,WY,ANM,WE,Federal Contract Tower,16,11,27,0,54,0,2,22,0,24,16,13,49,0,78,6,0,6,84
06/16/2015,JAC,WY,ANM,WE,Federal Contract Tower,19,17,19,0,55,0,1,27,0,28,19,18,46,0,83,8,0,8,91
06/17/2015,JAC,WY,ANM,WE,Federal Contract Tower,19,12,19,0,50,0,1,21,6,28,19,13,40,6,78,10,0,10,88
06/18/2015,JAC,WY,ANM,WE,Federal Contract Tower,18,30,31,2,81,0,3,27,0,30,18,33,58,2,111,0,0,0,111
06/19/2015,JAC,WY,ANM,WE,Federal Contract Tower,19,20,11,0,50,0,4,16,0,20,19,24,27,0,70,10,2,12,82
06/20/2015,JAC,WY,ANM,WE,Federal Contract Tower,33,19,17,0,69,0,2,11,1,14,33,21,28,1,83,0,0,0,83
06/21/2015,JAC,WY,ANM,WE,Federal Contract Tower,29,21,12,0,62,0,0,18,0,18,29,21,30,0,80,0,0,0,80
06/22/2015,JAC,WY,ANM,WE,Federal Contract Tower,21,16,18,2,57,0,3,26,2,31,21,19,44,4,88,18,0,18,106
06/23/2015,JAC,WY,ANM,WE,Federal Contract Tower,22,10,14,4,50,0,2,28,0,30,22,12,42,4,80,10,0,10,90
06/24/2015,JAC,WY,ANM,WE,Federal Contract Tower,19,25,15,1,60,0,4,15,0,19,19,29,30,1,79,16,0,16,95
06/25/2015,JAC,WY,ANM,WE,Federal Contract Tower,24,24,31,0,79,0,7,23,0,30,24,31,54,0,109,10,0,10,119
06/26/2015,JAC,WY,ANM,WE,Federal Contract Tower,23,36,20,0,79,0,8,36,0,44,23,44,56,0,123,46,0,46,169
06/27/2015,JAC,WY,ANM,WE,Federal Contract Tower,36,26,11,1,74,0,1,18,0,19,36,27,29,1,93,4,0,4,97
06/28/2015,JAC,WY,ANM,WE,Federal Contract Tower,29,39,22,1,91,0,2,25,2,29,29,41,47,3,120,12,0,12,132
06/29/2015,JAC,WY,ANM,WE,Federal Contract Tower,23,15,27,3,68,0,6,31,2,39,23,21,58,5,107,0,0,0,107
06/30/2015,JAC,WY,ANM,WE,Federal Contract Tower,20,21,20,0,61,0,7,19,0,26,20,28,39,0,87,40,0,40,127
07/01/2015,JAC,WY,ANM,WE,Federal Contract Tower,23,38,28,0,89,0,3,35,0,38,23,41,63,0,127,0,0,0,127
07/02/2015,JAC,WY,ANM,WE,Federal Contract Tower,28,58,36,0,122,0,2,49,2,53,28,60,85,2,175,0,0,0,175
07/03/2015,JAC,WY,ANM,WE,Federal Contract Tower,25,31,14,0,70,0,7,59,0,66,25,38,73,0,136,30,0,30,166
07/04/2015,JAC,WY,ANM,WE,Federal Contract Tower,34,13,6,0,53,0,0,22,0,22,34,13,28,0,75,0,0,0,75
07/05/2015,JAC,WY,ANM,WE,Federal Contract Tower,33,48,31,0,112,0,3,15,0,18,33,51,46,0,130,2,0,2,132
07/06/2015,JAC,WY,ANM,WE,Federal Contract Tower,31,26,41,0,98,0,3,12,0,15,31,29,53,0,113,14,0,14,127
07/07/2015,JAC,WY,ANM,WE,Federal Contract Tower,30,16,29,0,75,0,1,22,0,23,30,17,51,0,98,6,0,6,104
07/08/2015,JAC,WY,ANM,WE,Federal Contract Tower,29,21,18,0,68,0,7,10,0,17,29,28,28,0,85,0,0,0,85
07/09/2015,JAC,WY,ANM,WE,Federal Contract Tower,29,35,15,0,79,0,3,13,0,16,29,38,28,0,95,0,0,0,95
07/10/2015,JAC,WY,ANM,WE,Federal Contract Tower,32,54,16,0,102,0,3,17,0,20,32,57,33,0,122,6,0,6,128
07/11/2015,JAC,WY,ANM,WE,Federal Contract Tower,41,18,10,0,69,0,1,35,2,38,41,19,45,2,107,12,0,12,119
07/12/2015,JAC,WY,ANM,WE,Federal Contract Tower,37,31,32,0,100,0,3,12,5,20,37,34,44,5,120,0,0,0,120
07/13/2015,JAC,WY,ANM,WE,Federal Contract Tower,29,18,38,0,85,0,5,27,0,32,29,23,65,0,117,18,0,18,135
07/14/2015,JAC,WY,ANM,WE,Federal Contract Tower,31,15,23,10,79,0,3,19,1,23,31,18,42,11,102,20,0,20,122
07/15/2015,JAC,WY,ANM,WE,Federal Contract Tower,29,33,31,0,93,0,1,7,2,10,29,34,38,2,103,0,0,0,103
07/16/2015,JAC,WY,ANM,WE,Federal Contract Tower,31,35,29,0,95,0,5,27,0,32,31,40,56,0,127,8,0,8,135
07/17/2015,JAC,WY,ANM,WE,Federal Contract Tower,30,20,22,0,72,0,2,22,0,24,30,22,44,0,96,26,0,26,122
07/18/2015,JAC,WY,ANM,WE,Federal Contract Tower,40,23,22,0,85,1,2,14,1,18,41,25,36,1,103,2,0,2,105
07/19/2015,JAC,WY,ANM,WE,Federal Contract Tower,33,39,24,2,98,0,0,17,0,17,33,39,41,2,115,0,0,0,115
07/20/2015,JAC,WY,ANM,WE,Federal Contract Tower,29,13,28,2,72,1,5,19,0,25,30,18,47,2,97,6,0,6,103
07/21/2015,JAC,WY,ANM,WE,Federal Contract Tower,29,14,26,0,69,1,8,11,1,21,30,22,37,1,90,16,0,16,106
07/22/2015,JAC,WY,ANM,WE,Federal Contract Tower,29,32,26,0,87,0,5,21,0,26,29,37,47,0,113,18,0,18,131
07/23/2015,JAC,WY,ANM,WE,Federal Contract Tower,30,43,17,0,90,0,9,27,0,36,30,52,44,0,126,4,0,4,130
07/24/2015,JAC,WY,ANM,WE,Federal Contract Tower,30,38,21,2,91,0,4,23,2,29,30,42,44,4,120,2,0,2,122
07/25/2015,JAC,WY,ANM,WE,Federal Contract Tower,39,34,19,0,92,0,3,24,2,29,39,37,43,2,121,8,0,8,129
07/26/2015,JAC,WY,ANM,WE,Federal Contract Tower,31,39,25,2,97,0,5,31,0,36,31,44,56,2,133,8,0,8,141
07/27/2015,JAC,WY,ANM,WE,Federal Contract Tower,28,25,28,0,81,0,4,15,3,22,28,29,43,3,103,4,0,4,107
07/28/2015,JAC,WY,ANM,WE,Federal Contract Tower,31,15,28,2,76,0,4,33,0,37,31,19,61,2,113,20,0,20,133
07/29/2015,JAC,WY,ANM,WE,Federal Contract Tower,33,46,25,0,104,0,8,46,0,54,33,54,71,0,158,12,0,12,170
07/30/2015,JAC,WY,ANM,WE,Federal Contract Tower,33,52,27,2,114,0,6,61,0,67,33,58,88,2,181,2,0,2,183
07/31/2015,JAC,WY,ANM,WE,Federal Contract Tower,29,34,40,0,103,0,3,24,0,27,29,37,64,0,130,22,0,22,152
08/01/2015,JAC,WY,ANM,WE,Federal Contract Tower,44,28,25,1,98,0,2,29,0,31,44,30,54,1,129,0,0,0,129
08/02/2015,JAC,WY,ANM,WE,Federal Contract Tower,33,44,24,0,101,0,1,35,0,36,33,45,59,0,137,8,0,8,145
08/03/2015,JAC,WY,ANM,WE,Federal Contract Tower,30,32,30,1,93,0,2,36,0,38,30,34,66,1,131,4,0,4,135
08/04/2015,JAC,WY,ANM,WE,Federal Contract Tower,30,21,25,0,76,0,0,22,0,22,30,21,47,0,98,8,0,8,106
08/05/2015,JAC,WY,ANM,WE,Federal Contract Tower,30,45,29,0,104,0,1,8,0,9,30,46,37,0,113,0,0,0,113
08/06/2015,JAC,WY,ANM,WE,Federal Contract Tower,28,44,23,0,95,0,7,21,0,28,28,51,44,0,123,0,0,0,123
08/07/2015,JAC,WY,ANM,WE,Federal Contract Tower,29,61,28,0,118,0,7,33,1,41,29,68,61,1,159,0,0,0,159
08/08/2015,JAC,WY,ANM,WE,Federal Contract Tower,39,37,25,0,101,0,0,4,2,6,39,37,29,2,107,0,0,0,107
08/09/2015,JAC,WY,ANM,WE,Federal Contract Tower,29,49,33,0,111,0,3,38,0,41,29,52,71,0,152,2,0,2,154
08/10/2015,JAC,WY,ANM,WE,Federal Contract Tower,31,31,38,0,100,0,5,31,0,36,31,36,69,0,136,0,0,0,136
08/11/2015,JAC,WY,ANM,WE,Federal Contract Tower,31,29,27,0,87,0,2,23,0,25,31,31,50,0,112,0,0,0,112
08/12/2015,JAC,WY,ANM,WE,Federal Contract Tower,31,40,6,0,77,0,3,25,0,28,31,43,31,0,105,0,0,0,105
08/13/2015,JAC,WY,ANM,WE,Federal Contract Tower,32,63,19,2,116,0,5,38,0,43,32,68,57,2,159,12,0,12,171
08/14/2015,JAC,WY,ANM,WE,Federal Contract Tower,27,31,15,0,73,0,2,33,3,38,27,33,48,3,111,16,0,16,127
08/15/2015,JAC,WY,ANM,WE,Federal Contract Tower,37,45,10,1,93,0,0,28,1,29,37,45,38,2,122,0,0,0,122
08/16/2015,JAC,WY,ANM,WE,Federal Contract Tower,36,51,26,0,113,0,14,20,0,34,36,65,46,0,147,4,0,4,151
08/17/2015,JAC,WY,ANM,WE,Federal Contract Tower,33,25,29,0,87,0,4,10,2,16,33,29,39,2,103,0,0,0,103
08/18/2015,JAC,WY,ANM,WE,Federal Contract Tower,29,25,17,0,71,0,3,27,5,35,29,28,44,5,106,4,0,4,110
08/19/2015,JAC,WY,ANM,WE,Federal Contract Tower,31,32,13,1,77,0,2,12,2,16,31,34,25,3,93,0,0,0,93
08/20/2015,JAC,WY,ANM,WE,Federal Contract Tower,28,45,28,0,101,0,1,15,6,22,28,46,43,6,123,0,10,10,133
08/21/2015,JAC,WY,ANM,WE,Federal Contract Tower,27,31,12,0,70,0,3,16,0,19,27,34,28,0,89,0,0,0,89
08/22/2015,JAC,WY,ANM,WE,Federal Contract Tower,37,29,13,0,79,0,1,12,2,15,37,30,25,2,94,16,0,16,110
08/23/2015,JAC,WY,ANM,WE,Federal Contract Tower,30,38,20,0,88,0,3,12,2,17,30,41,32,2,105,10,0,10,115
08/24/2015,JAC,WY,ANM,WE,Federal Contract Tower,30,22,35,0,87,0,9,18,0,27,30,31,53,0,114,0,0,0,114
08/25/2015,JAC,WY,ANM,WE,Federal Contract Tower,30,22,25,0,77,0,1,26,0,27,30,23,51,0,104,6,0,6,110
08/26/2015,JAC,WY,ANM,WE,Federal Contract Tower,29,37,14,0,80,0,1,16,0,17,29,38,30,0,97,4,0,4,101
08/27/2015,JAC,WY,ANM,WE,Federal Contract Tower,28,35,15,0,78,0,1,2,2,5,28,36,17,2,83,0,0,0,83
08/28/2015,JAC,WY,ANM,WE,Federal Contract Tower,28,28,18,0,74,0,4,35,0,39,28,32,53,0,113,10,0,10,123
08/29/2015,JAC,WY,ANM,WE,Federal Contract Tower,36,40,16,2,94,0,2,27,3,32,36,42,43,5,126,12,4,16,142
08/30/2015,JAC,WY,ANM,WE,Federal Contract Tower,32,35,14,0,81,0,1,18,0,19,32,36,32,0,100,0,0,0,100
08/31/2015,JAC,WY,ANM,WE,Federal Contract Tower,28,19,16,0,63,0,6,17,1,24,28,25,33,1,87,0,0,0,87
09/01/2015,JAC,WY,ANM,WE,Federal Contract Tower,31,13,14,0,58,0,3,14,0,17,31,16,28,0,75,28,0,28,103
09/02/2015,JAC,WY,ANM,WE,Federal Contract Tower,28,26,19,6,79,0,5,13,0,18,28,31,32,6,97,0,0,0,97
09/03/2015,JAC,WY,ANM,WE,Federal Contract Tower,25,39,20,0,84,0,6,21,3,30,25,45,41,3,114,0,0,0,114
09/04/2015,JAC,WY,ANM,WE,Federal Contract Tower,24,33,29,0,86,0,1,20,0,21,24,34,49,0,107,0,0,0,107
09/05/2015,JAC,WY,ANM,WE,Federal Contract Tower,31,23,6,0,60,0,0,4,0,4,31,23,10,0,64,0,0,0,64
09/06/2015,JAC,WY,ANM,WE,Federal Contract Tower,24,24,19,0,67,1,3,18,1,23,25,27,37,1,90,2,0,2,92
09/07/2015,JAC,WY,ANM,WE,Federal Contract Tower,22,35,37,4,98,0,1,23,3,27,22,36,60,7,125,5,0,5,130
09/08/2015,JAC,WY,ANM,WE,Federal Contract Tower,23,16,34,0,73,0,4,20,0,24,23,20,54,0,97,8,0,8,105
09/09/2015,JAC,WY,ANM,WE,Federal Contract Tower,21,39,14,0,74,0,2,23,0,25,21,41,37,0,99,12,0,12,111
09/10/2015,JAC,WY,ANM,WE,Federal Contract Tower,24,56,21,0,101,0,6,30,5,41,24,62,51,5,142,0,0,0,142
09/11/2015,JAC,WY,ANM,WE,Federal Contract Tower,21,17,28,0,66,0,1,28,0,29,21,18,56,0,95,20,0,20,115
09/12/2015,JAC,WY,ANM,WE,Federal Contract Tower,28,30,17,0,75,0,3,17,0,20,28,33,34,0,95,22,0,22,117
09/13/2015,JAC,WY,ANM,WE,Federal Contract Tower,23,44,18,0,85,0,2,26,0,28,23,46,44,0,113,20,0,20,133
09/14/2015,JAC,WY,ANM,WE,Federal Contract Tower,20,20,24,0,64,1,1,9,0,11,21,21,33,0,75,0,0,0,75
09/15/2015,JAC,WY,ANM,WE,Federal Contract Tower,16,19,16,0,51,0,0,2,0,2,16,19,18,0,53,0,0,0,53
09/16/2015,JAC,WY,ANM,WE,Federal Contract Tower,19,23,11,0,53,0,0,0,0,0,19,23,11,0,53,0,0,0,53
09/17/2015,JAC,WY,ANM,WE,Federal Contract Tower,18,36,17,0,71,0,2,2,0,4,18,38,19,0,75,6,0,6,81
09/18/2015,JAC,WY,ANM,WE,Federal Contract Tower,23,48,30,0,101,0,3,27,1,31,23,51,57,1,132,32,8,40,172
09/19/2015,JAC,WY,ANM,WE,Federal Contract Tower,28,21,9,0,58,0,1,25,0,26,28,22,34,0,84,20,0,20,104
09/20/2015,JAC,WY,ANM,WE,Federal Contract Tower,23,35,26,0,84,0,2,16,0,18,23,37,42,0,102,0,0,0,102
09/21/2015,JAC,WY,ANM,WE,Federal Contract Tower,19,11,35,2,67,0,2,21,0,23,19,13,56,2,90,14,0,14,104
09/22/2015,JAC,WY,ANM,WE,Federal Contract Tower,20,9,25,0,54,0,5,37,0,42,20,14,62,0,96,0,0,0,96
09/23/2015,JAC,WY,ANM,WE,Federal Contract Tower,24,43,20,0,87,0,3,24,0,27,24,46,44,0,114,2,0,2,116
09/24/2015,JAC,WY,ANM,WE,Federal Contract Tower,15,32,22,0,69,0,2,26,0,28,15,34,48,0,97,8,0,8,105
09/25/2015,JAC,WY,ANM,WE,Federal Contract Tower,15,23,21,0,59,0,3,20,4,27,15,26,41,4,86,4,0,4,90
09/26/2015,JAC,WY,ANM,WE,Federal Contract Tower,22,28,10,0,60,0,0,19,0,19,22,28,29,0,79,18,0,18,97
09/27/2015,JAC,WY,ANM,WE,Federal Contract Tower,15,29,22,0,66,0,1,29,1,31,15,30,51,1,97,2,0,2,99
09/28/2015,JAC,WY,ANM,WE,Federal Contract Tower,16,13,19,0,48,0,3,16,2,21,16,16,35,2,69,6,0,6,75
09/29/2015,JAC,WY,ANM,WE,Federal Contract Tower,12,15,18,0,45,0,2,25,0,27,12,17,43,0,72,18,0,18,90
09/30/2015,JAC,WY,ANM,WE,Federal Contract Tower,13,16,9,0,38,0,3,19,0,22,13,19,28,0,60,12,0,12,72
10/01/2015,JAC,WY,ANM,WE,Federal Contract Tower,11,23,7,0,41,0,2,14,0,16,11,25,21,0,57,0,0,0,57
10/02/2015,JAC,WY,ANM,WE,Federal Contract Tower,12,34,23,0,69,0,0,10,0,10,12,34,33,0,79,0,0,0,79
10/03/2015,JAC,WY,ANM,WE,Federal Contract Tower,15,23,3,0,41,0,0,4,0,4,15,23,7,0,45,0,0,0,45
10/04/2015,JAC,WY,ANM,WE,Federal Contract Tower,15,22,10,0,47,0,0,7,0,7,15,22,17,0,54,0,0,0,54
10/05/2015,JAC,WY,ANM,WE,Federal Contract Tower,9,23,15,0,47,1,1,7,4,13,10,24,22,4,60,0,0,0,60
10/06/2015,JAC,WY,ANM,WE,Federal Contract Tower,10,15,14,0,39,0,5,14,0,19,10,20,28,0,58,22,0,22,80
10/07/2015,JAC,WY,ANM,WE,Federal Contract Tower,11,23,14,0,48,0,1,11,0,12,11,24,25,0,60,0,0,0,60
10/08/2015,JAC,WY,ANM,WE,Federal Contract Tower,9,18,11,1,39,0,3,11,1,15,9,21,22,2,54,0,0,0,54
10/09/2015,JAC,WY,ANM,WE,Federal Contract Tower,11,15,25,0,51,0,3,10,0,13,11,18,35,0,64,4,8,12,76
10/10/2015,JAC,WY,ANM,WE,Federal Contract Tower,10,17,9,1,37,0,1,11,0,12,10,18,20,1,49,0,0,0,49
10/11/2015,JAC,WY,ANM,WE,Federal Contract Tower,11,13,15,3,42,0,0,7,1,8,11,13,22,4,50,0,0,0,50
10/12/2015,JAC,WY,ANM,WE,Federal Contract Tower,10,16,24,4,54,0,3,12,4,19,10,19,36,8,73,0,0,0,73
10/13/2015,JAC,WY,ANM,WE,Federal Contract Tower,9,13,12,0,34,0,2,13,0,15,9,15,25,0,49,6,0,6,55
10/14/2015,JAC,WY,ANM,WE,Federal Contract Tower,11,22,7,0,40,0,2,12,2,16,11,24,19,2,56,0,0,0,56
10/15/2015,JAC,WY,ANM,WE,Federal Contract Tower,10,7,21,0,38,0,3,28,5,36,10,10,49,5,74,4,0,4,78
10/16/2015,JAC,WY,ANM,WE,Federal Contract Tower,10,9,25,0,44,0,2,35,5,42,10,11,60,5,86,2,0,2,88
10/17/2015,JAC,WY,ANM,WE,Federal Contract Tower,10,10,5,2,27,0,2,14,0,16,10,12,19,2,43,0,0,0,43
10/18/2015,JAC,WY,ANM,WE,Federal Contract Tower,11,8,14,0,33,0,0,5,0,5,11,8,19,0,38,0,0,0,38
10/19/2015,JAC,WY,ANM,WE,Federal Contract Tower,11,15,22,0,48,0,2,1,0,3,11,17,23,0,51,0,0,0,51
10/20/2015,JAC,WY,ANM,WE,Federal Contract Tower,10,10,13,0,33,0,0,1,0,1,10,10,14,0,34,0,0,0,34
10/21/2015,JAC,WY,ANM,WE,Federal Contract Tower,10,6,16,0,32,0,1,15,0,16,10,7,31,0,48,0,0,0,48
10/22/2015,JAC,WY,ANM,WE,Federal Contract Tower,8,6,22,0,36,0,4,19,0,23,8,10,41,0,59,0,0,0,59
10/23/2015,JAC,WY,ANM,WE,Federal Contract Tower,9,7,20,0,36,0,2,15,0,17,9,9,35,0,53,4,0,4,57
10/24/2015,JAC,WY,ANM,WE,Federal Contract Tower,9,2,7,0,18,0,3,13,2,18,9,5,20,2,36,6,2,8,44
10/25/2015,JAC,WY,ANM,WE,Federal Contract Tower,8,13,10,0,31,0,0,1,0,1,8,13,11,0,32,0,0,0,32
10/26/2015,JAC,WY,ANM,WE,Federal Contract Tower,10,10,17,0,37,0,0,0,0,0,10,10,17,0,37,6,0,6,43
10/27/2015,JAC,WY,ANM,WE,Federal Contract Tower,8,7,11,0,26,0,0,3,0,3,8,7,14,0,29,0,0,0,29
10/28/2015,JAC,WY,ANM,WE,Federal Contract Tower,10,11,5,0,26,0,2,15,0,17,10,13,20,0,43,4,0,4,47
10/29/2015,JAC,WY,ANM,WE,Federal Contract Tower,11,25,11,0,47,0,0,0,0,0,11,25,11,0,47,0,0,0,47
10/30/2015,JAC,WY,ANM,WE,Federal Contract Tower,8,10,9,0,27,0,2,10,0,12,8,12,19,0,39,18,0,18,57
10/31/2015,JAC,WY,ANM,WE,Federal Contract Tower,8,11,3,0,22,0,0,0,0,0,8,11,3,0,22,0,0,0,22
11/01/2015,JAC,WY,ANM,WE,Federal Contract Tower,9,24,5,0,38,0,0,0,0,0,9,24,5,0,38,0,0,0,38
11/02/2015,JAC,WY,ANM,WE,Federal Contract Tower,9,9,16,0,34,0,0,0,0,0,9,9,16,0,34,0,0,0,34
11/03/2015,JAC,WY,ANM,WE,Federal Contract Tower,7,7,2,2,18,0,0,0,0,0,7,7,2,2,18,0,0,0,18
11/04/2015,JAC,WY,ANM,WE,Federal Contract Tower,9,9,5,0,23,0,0,0,0,0,9,9,5,0,23,0,0,0,23
11/05/2015,JAC,WY,ANM,WE,Federal Contract Tower,8,20,6,0,34,0,0,0,0,0,8,20,6,0,34,0,0,0,34
11/06/2015,JAC,WY,ANM,WE,Federal Contract Tower,8,13,12,0,33,0,1,0,0,1,8,14,12,0,34,0,0,0,34
11/07/2015,JAC,WY,ANM,WE,Federal Contract Tower,8,6,7,0,21,0,2,15,0,17,8,8,22,0,38,2,0,2,40
11/08/2015,JAC,WY,ANM,WE,Federal Contract Tower,10,11,9,4,34,0,0,10,5,15,10,11,19,9,49,10,6,16,65
11/09/2015,JAC,WY,ANM,WE,Federal Contract Tower,9,11,12,0,32,0,1,6,0,7,9,12,18,0,39,0,0,0,39
11/10/2015,JAC,WY,ANM,WE,Federal Contract Tower,10,9,7,0,26,0,1,0,2,3,10,10,7,2,29,8,0,8,37
11/11/2015,JAC,WY,ANM,WE,Federal Contract Tower,10,28,5,0,43,0,2,0,2,4,10,30,5,2,47,0,0,0,47
11/12/2015,JAC,WY,ANM,WE,Federal Contract Tower,10,15,8,0,33,0,0,0,0,0,10,15,8,0,33,0,0,0,33
11/13/2015,JAC,WY,ANM,WE,Federal Contract Tower,10,7,8,0,25,0,4,12,4,20,10,11,20,4,45,12,0,12,57
11/14/2015,JAC,WY,ANM,WE,Federal Contract Tower,8,8,5,4,25,0,3,7,6,16,8,11,12,10,41,2,4,6,47
11/15/2015,JAC,WY,ANM,WE,Federal Contract Tower,9,12,6,0,27,0,0,13,0,13,9,12,19,0,40,6,0,6,46
11/16/2015,JAC,WY,ANM,WE,Federal Contract Tower,9,11,10,0,30,0,0,1,0,1,9,11,11,0,31,0,0,0,31
11/17/2015,JAC,WY,ANM,WE,Federal Contract Tower,9,8,6,0,23,0,0,0,0,0,9,8,6,0,23,0,0,0,23
11/18/2015,JAC,WY,ANM,WE,Federal Contract Tower,10,7,1,0,18,0,0,0,0,0,10,7,1,0,18,0,0,0,18
11/19/2015,JAC,WY,ANM,WE,Federal Contract Tower,10,22,9,0,41,0,0,0,0,0,10,22,9,0,41,0,0,0,41
11/20/2015,JAC,WY,ANM,WE,Federal Contract Tower,9,19,6,0,34,0,3,3,0,6,9,22,9,0,40,0,0,0,40
11/21/2015,JAC,WY,ANM,WE,Federal Contract Tower,7,10,1,0,18,0,1,0,0,1,7,11,1,0,19,0,0,0,19
11/22/2015,JAC,WY,ANM,WE,Federal Contract Tower,8,3,7,0,18,0,0,5,0,5,8,3,12,0,23,4,0,4,27
11/23/2015,JAC,WY,ANM,WE,Federal Contract Tower,7,12,18,0,37,0,1,8,4,13,7,13,26,4,50,0,8,8,58
11/24/2015,JAC,WY,ANM,WE,Federal Contract Tower,11,11,15,2,39,0,3,5,0,8,11,14,20,2,47,0,0,0,47
11/25/2015,JAC,WY,ANM,WE,Federal Contract Tower,9,14,7,0,30,0,0,0,0,0,9,14,7,0,30,0,0,0,30
11/26/2015,JAC,WY,ANM,WE,Federal Contract Tower,3,6,3,0,12,0,0,0,0,0,3,6,3,0,12,0,0,0,12
11/27/2015,JAC,WY,ANM,WE,Federal Contract Tower,6,12,3,0,21,0,1,6,0,7,6,13,9,0,28,6,0,6,34
11/28/2015,JAC,WY,ANM,WE,Federal Contract Tower,10,8,14,0,32,0,1,4,0,5,10,9,18,0,37,0,0,0,37
11/29/2015,JAC,WY,ANM,WE,Federal Contract Tower,12,32,21,6,71,0,1,2,0,3,12,33,23,6,74,0,0,0,74
11/30/2015,JAC,WY,ANM,WE,Federal Contract Tower,10,17,10,2,39,0,1,0,0,1,10,18,10,2,40,0,0,0,40
12/01/2015,JAC,WY,ANM,WE,Federal Contract Tower,11,11,15,0,37,0,0,0,0,0,11,11,15,0,37,0,0,0,37
12/02/2015,JAC,WY,ANM,WE,Federal Contract Tower,10,24,10,3,47,0,0,0,0,0,10,24,10,3,47,0,0,0,47
12/03/2015,JAC,WY,ANM,WE,Federal Contract Tower,11,16,5,0,32,0,2,14,0,16,11,18,19,0,48,2,0,2,50
12/04/2015,JAC,WY,ANM,WE,Federal Contract Tower,11,15,14,0,40,0,0,2,0,2,11,15,16,0,42,0,0,0,42
12/05/2015,JAC,WY,ANM,WE,Federal Contract Tower,9,11,4,0,24,0,1,7,5,13,9,12,11,5,37,4,0,4,41
12/06/2015,JAC,WY,ANM,WE,Federal Contract Tower,9,8,11,0,28,0,0,6,0,6,9,8,17,0,34,0,0,0,34
12/07/2015,JAC,WY,ANM,WE,Federal Contract Tower,10,17,11,0,38,0,0,0,0,0,10,17,11,0,38,0,0,0,38
12/08/2015,JAC,WY,ANM,WE,Federal Contract Tower,9,16,8,0,33,0,0,0,0,0,9,16,8,0,33,0,0,0,33
12/09/2015,JAC,WY,ANM,WE,Federal Contract Tower,10,16,9,0,35,0,0,0,0,0,10,16,9,0,35,0,0,0,35
12/10/2015,JAC,WY,ANM,WE,Federal Contract Tower,10,23,6,0,39,0,0,0,0,0,10,23,6,0,39,0,0,0,39
12/11/2015,JAC,WY,ANM,WE,Federal Contract Tower,15,18,8,0,41,0,1,5,0,6,15,19,13,0,47,0,0,0,47
12/12/2015,JAC,WY,ANM,WE,Federal Contract Tower,10,17,11,1,39,0,0,0,0,0,10,17,11,1,39,0,0,0,39
12/13/2015,JAC,WY,ANM,WE,Federal Contract Tower,10,19,8,0,37,0,0,2,0,2,10,19,10,0,39,2,0,2,41
12/14/2015,JAC,WY,ANM,WE,Federal Contract Tower,9,10,12,0,31,0,0,1,0,1,9,10,13,0,32,0,0,0,32
12/15/2015,JAC,WY,ANM,WE,Federal Contract Tower,9,19,16,0,44,0,0,21,0,21,9,19,37,0,65,0,0,0,65
12/16/2015,JAC,WY,ANM,WE,Federal Contract Tower,9,30,6,0,45,0,0,24,0,24,9,30,30,0,69,0,0,0,69
12/17/2015,JAC,WY,ANM,WE,Federal Contract Tower,28,26,23,1,78,0,3,19,0,22,28,29,42,1,100,0,0,0,100
12/18/2015,JAC,WY,ANM,WE,Federal Contract Tower,37,61,21,0,119,0,0,0,0,0,37,61,21,0,119,0,0,0,119
12/19/2015,JAC,WY,ANM,WE,Federal Contract Tower,44,63,23,0,130,0,2,9,0,11,44,65,32,0,141,0,0,0,141
12/20/2015,JAC,WY,ANM,WE,Federal Contract Tower,41,32,11,0,84,0,0,0,0,0,41,32,11,0,84,0,0,0,84
12/21/2015,JAC,WY,ANM,WE,Federal Contract Tower,34,22,20,0,76,0,0,0,0,0,34,22,20,0,76,0,0,0,76
12/22/2015,JAC,WY,ANM,WE,Federal Contract Tower,37,30,20,0,87,0,1,0,0,1,37,31,20,0,88,0,0,0,88
12/23/2015,JAC,WY,ANM,WE,Federal Contract Tower,34,40,16,0,90,0,0,0,0,0,34,40,16,0,90,0,0,0,90
12/24/2015,JAC,WY,ANM,WE,Federal Contract Tower,35,27,1,0,63,0,0,0,0,0,35,27,1,0,63,0,0,0,63
12/25/2015,JAC,WY,ANM,WE,Federal Contract Tower,26,23,6,0,55,0,0,2,0,2,26,23,8,0,57,0,0,0,57
12/26/2015,JAC,WY,ANM,WE,Federal Contract Tower,45,69,40,2,156,0,4,15,0,19,45,73,55,2,175,4,0,4,179
12/27/2015,JAC,WY,ANM,WE,Federal Contract Tower,41,58,26,0,125,0,0,9,0,9,41,58,35,0,134,0,0,0,134
12/28/2015,JAC,WY,ANM,WE,Federal Contract Tower,38,27,30,0,95,0,1,12,0,13,38,28,42,0,108,2,0,2,110
12/29/2015,JAC,WY,ANM,WE,Federal Contract Tower,37,36,12,0,85,0,1,4,0,5,37,37,16,0,90,0,0,0,90
12/30/2015,JAC,WY,ANM,WE,Federal Contract Tower,37,33,14,0,84,0,0,10,0,10,37,33,24,0,94,4,0,4,98
12/31/2015,JAC,WY,ANM,WE,Federal Contract Tower,31,31,4,0,66,0,2,13,0,15,31,33,17,0,81,16,0,16,97
01/01/2016,JAC,WY,ANM,WE,Federal Contract Tower,31,37,12,1,81,0,0,4,3,7,31,37,16,4,88,0,6,6,94
01/02/2016,JAC,WY,ANM,WE,Federal Contract Tower,43,95,35,0,173,0,5,4,0,9,43,100,39,0,182,0,0,0,182
01/03/2016,JAC,WY,ANM,WE,Federal Contract Tower,40,45,46,0,131,0,0,5,0,5,40,45,51,0,136,0,0,0,136
01/04/2016,JAC,WY,ANM,WE,Federal Contract Tower,38,27,23,2,90,0,0,5,0,5,38,27,28,2,95,6,0,6,101
01/05/2016,JAC,WY,ANM,WE,Federal Contract Tower,19,24,15,0,58,0,0,1,0,1,19,24,16,0,59,0,0,0,59
01/06/2016,JAC,WY,ANM,WE,Federal Contract Tower,19,28,14,0,61,0,0,0,0,0,19,28,14,0,61,0,0,0,61
01/07/2016,JAC,WY,ANM,WE,Federal Contract Tower,23,19,7,0,49,0,0,0,0,0,23,19,7,0,49,0,0,0,49
01/08/2016,JAC,WY,ANM,WE,Federal Contract Tower,22,15,15,0,52,0,0,2,0,2,22,15,17,0,54,0,0,0,54
01/09/2016,JAC,WY,ANM,WE,Federal Contract Tower,37,15,9,4,65,0,0,0,0,0,37,15,9,4,65,0,0,0,65
01/10/2016,JAC,WY,ANM,WE,Federal Contract Tower,21,14,11,0,46,0,1,8,0,9,21,15,19,0,55,12,0,12,67
01/11/2016,JAC,WY,ANM,WE,Federal Contract Tower,21,11,8,0,40,0,0,6,0,6,21,11,14,0,46,10,0,10,56
01/12/2016,JAC,WY,ANM,WE,Federal Contract Tower,22,11,11,0,44,0,0,0,0,0,22,11,11,0,44,0,0,0,44
01/13/2016,JAC,WY,ANM,WE,Federal Contract Tower,21,14,15,0,50,0,0,2,0,2,21,14,17,0,52,4,0,4,56
01/14/2016,JAC,WY,ANM,WE,Federal Contract Tower,24,35,9,0,68,0,0,0,0,0,24,35,9,0,68,0,0,0,68
01/15/2016,JAC,WY,ANM,WE,Federal Contract Tower,22,29,17,0,68,0,0,0,0,0,22,29,17,0,68,0,0,0,68
01/16/2016,JAC,WY,ANM,WE,Federal Contract Tower,33,19,8,0,60,0,0,0,0,0,33,19,8,0,60,0,0,0,60
01/17/2016,JAC,WY,ANM,WE,Federal Contract Tower,24,19,12,0,55,0,0,0,0,0,24,19,12,0,55,0,0,0,55
01/18/2016,JAC,WY,ANM,WE,Federal Contract Tower,21,27,30,0,78,0,0,0,0,0,21,27,30,0,78,0,0,0,78
01/19/2016,JAC,WY,ANM,WE,Federal Contract Tower,22,23,14,0,59,0,0,17,0,17,22,23,31,0,76,14,0,14,90
01/20/2016,JAC,WY,ANM,WE,Federal Contract Tower,24,21,10,0,55,0,0,0,0,0,24,21,10,0,55,0,0,0,55
01/21/2016,JAC,WY,ANM,WE,Federal Contract Tower,22,22,9,0,53,0,0,7,0,7,22,22,16,0,60,12,0,12,72
01/22/2016,JAC,WY,ANM,WE,Federal Contract Tower,22,27,9,1,59,0,0,8,0,8,22,27,17,1,67,0,4,4,71
01/23/2016,JAC,WY,ANM,WE,Federal Contract Tower,32,12,8,0,52,0,1,4,0,5,32,13,12,0,57,2,0,2,59
01/24/2016,JAC,WY,ANM,WE,Federal Contract Tower,22,9,17,0,48,0,0,0,0,0,22,9,17,0,48,0,0,0,48
01/25/2016,JAC,WY,ANM,WE,Federal Contract Tower,22,14,18,0,54,0,0,5,0,5,22,14,23,0,59,6,0,6,65
01/26/2016,JAC,WY,ANM,WE,Federal Contract Tower,22,14,14,0,50,0,0,7,0,7,22,14,21,0,57,0,0,0,57
01/27/2016,JAC,WY,ANM,WE,Federal Contract Tower,20,12,8,0,40,0,0,2,0,2,20,12,10,0,42,0,0,0,42
01/28/2016,JAC,WY,ANM,WE,Federal Contract Tower,23,32,13,0,68,0,0,6,0,6,23,32,19,0,74,10,0,10,84
01/29/2016,JAC,WY,ANM,WE,Federal Contract Tower,21,25,4,0,50,0,0,0,0,0,21,25,4,0,50,0,0,0,50
01/30/2016,JAC,WY,ANM,WE,Federal Contract Tower,36,18,7,0,61,0,0,1,0,1,36,18,8,0,62,0,0,0,62
01/31/2016,JAC,WY,ANM,WE,Federal Contract Tower,23,24,16,0,63,0,0,28,0,28,23,24,44,0,91,2,0,2,93
02/01/2016,JAC,WY,ANM,WE,Federal Contract Tower,19,15,13,1,48,0,0,2,0,2,19,15,15,1,50,14,0,14,64
02/02/2016,JAC,WY,ANM,WE,Federal Contract Tower,21,12,21,1,55,0,1,11,4,16,21,13,32,5,71,12,0,12,83
02/03/2016,JAC,WY,ANM,WE,Federal Contract Tower,22,21,10,0,53,0,2,10,0,12,22,23,20,0,65,6,0,6,71
02/04/2016,JAC,WY,ANM,WE,Federal Contract Tower,22,28,9,0,59,0,0,4,0,4,22,28,13,0,63,8,0,8,71
02/05/2016,JAC,WY,ANM,WE,Federal Contract Tower,22,24,29,0,75,0,1,9,0,10,22,25,38,0,85,6,0,6,91
02/06/2016,JAC,WY,ANM,WE,Federal Contract Tower,37,10,5,0,52,0,1,6,0,7,37,11,11,0,59,0,0,0,59
02/07/2016,JAC,WY,ANM,WE,Federal Contract Tower,23,15,17,0,55,0,0,11,2,13,23,15,28,2,68,0,0,0,68
02/08/2016,JAC,WY,ANM,WE,Federal Contract Tower,21,9,20,0,50,0,2,13,0,15,21,11,33,0,65,2,0,2,67
02/09/2016,JAC,WY,ANM,WE,Federal Contract Tower,22,12,18,0,52,0,0,8,0,8,22,12,26,0,60,6,0,6,66
02/10/2016,JAC,WY,ANM,WE,Federal Contract Tower,23,19,16,2,60,0,1,15,0,16,23,20,31,2,76,0,0,0,76
02/11/2016,JAC,WY,ANM,WE,Federal Contract Tower,26,67,17,0,110,0,1,14,0,15,26,68,31,0,125,10,0,10,135
02/12/2016,JAC,WY,ANM,WE,Federal Contract Tower,27,60,27,1,115,0,0,15,4,19,27,60,42,5,134,14,0,14,148
02/13/2016,JAC,WY,ANM,WE,Federal Contract Tower,40,54,18,0,112,0,2,4,0,6,40,56,22,0,118,0,0,0,118
02/14/2016,JAC,WY,ANM,WE,Federal Contract Tower,34,10,10,0,54,0,0,0,0,0,34,10,10,0,54,20,0,20,74
02/15/2016,JAC,WY,ANM,WE,Federal Contract Tower,26,55,32,0,113,0,0,0,0,0,26,55,32,0,113,0,0,0,113
02/16/2016,JAC,WY,ANM,WE,Federal Contract Tower,25,38,31,0,94,0,0,6,0,6,25,38,37,0,100,0,0,0,100
02/17/2016,JAC,WY,ANM,WE,Federal Contract Tower,25,32,18,0,75,0,0,14,2,16,25,32,32,2,91,0,0,0,91
02/18/2016,JAC,WY,ANM,WE,Federal Contract Tower,32,25,7,0,64,0,0,0,0,0,32,25,7,0,64,0,0,0,64
02/19/2016,JAC,WY,ANM,WE,Federal Contract Tower,26,24,19,0,69,0,1,3,0,4,26,25,22,0,73,10,0,10,83
02/20/2016,JAC,WY,ANM,WE,Federal Contract Tower,44,40,16,0,100,0,1,3,0,4,44,41,19,0,104,0,0,0,104
02/21/2016,JAC,WY,ANM,WE,Federal Contract Tower,29,25,20,0,74,0,0,18,0,18,29,25,38,0,92,6,0,6,98
02/22/2016,JAC,WY,ANM,WE,Federal Contract Tower,26,11,13,2,52,0,0,1,0,1,26,11,14,2,53,0,0,0,53
02/23/2016,JAC,WY,ANM,WE,Federal Contract Tower,23,14,11,0,48,0,0,7,10,17,23,14,18,10,65,4,0,4,69
02/24/2016,JAC,WY,ANM,WE,Federal Contract Tower,25,14,8,5,52,0,0,22,0,22,25,14,30,5,74,12,0,12,86
02/25/2016,JAC,WY,ANM,WE,Federal Contract Tower,28,23,4,0,55,0,4,25,0,29,28,27,29,0,84,0,0,0,84
02/26/2016,JAC,WY,ANM,WE,Federal Contract Tower,28,20,12,0,60,0,0,18,1,19,28,20,30,1,79,18,0,18,97
02/27/2016,JAC,WY,ANM,WE,Federal Contract Tower,46,14,6,0,66,0,0,0,0,0,46,14,6,0,66,0,0,0,66
02/28/2016,JAC,WY,ANM,WE,Federal Contract Tower,35,20,12,0,67,0,1,8,1,10,35,21,20,1,77,0,0,0,77
02/29/2016,JAC,WY,ANM,WE,Federal Contract Tower,27,14,9,2,52,0,0,0,0,0,27,14,9,2,52,0,0,0,52
03/01/2016,JAC,WY,ANM,WE,Federal Contract Tower,23,5,19,1,48,0,0,0,0,0,23,5,19,1,48,0,0,0,48
03/02/2016,JAC,WY,ANM,WE,Federal Contract Tower,25,16,6,0,47,0,0,0,0,0,25,16,6,0,47,0,0,0,47
03/03/2016,JAC,WY,ANM,WE,Federal Contract Tower,28,27,11,0,66,0,5,6,0,11,28,32,17,0,77,0,0,0,77
03/04/2016,JAC,WY,ANM,WE,Federal Contract Tower,28,19,25,0,72,0,2,12,0,14,28,21,37,0,86,16,0,16,102
03/05/2016,JAC,WY,ANM,WE,Federal Contract Tower,44,22,5,0,71,0,3,8,0,11,44,25,13,0,82,18,0,18,100
03/06/2016,JAC,WY,ANM,WE,Federal Contract Tower,30,15,13,0,58,0,0,1,0,1,30,15,14,0,59,0,0,0,59
03/07/2016,JAC,WY,ANM,WE,Federal Contract Tower,27,17,18,0,62,0,0,7,0,7,27,17,25,0,69,0,0,0,69
03/08/2016,JAC,WY,ANM,WE,Federal Contract Tower,21,8,20,0,49,0,0,15,0,15,21,8,35,0,64,2,0,2,66
03/09/2016,JAC,WY,ANM,WE,Federal Contract Tower,20,20,6,0,46,0,0,0,0,0,20,20,6,0,46,2,0,2,48
03/10/2016,JAC,WY,ANM,WE,Federal Contract Tower,31,34,7,0,72,0,0,6,0,6,31,34,13,0,78,4,0,4,82
03/11/2016,JAC,WY,ANM,WE,Federal Contract Tower,26,28,26,0,80,0,0,24,2,26,26,28,50,2,106,24,0,24,130
03/12/2016,JAC,WY,ANM,WE,Federal Contract Tower,44,49,12,0,105,0,2,10,0,12,44,51,22,0,117,12,0,12,129
03/13/2016,JAC,WY,ANM,WE,Federal Contract Tower,31,19,14,0,64,0,0,0,0,0,31,19,14,0,64,0,0,0,64
03/14/2016,JAC,WY,ANM,WE,Federal Contract Tower,25,20,16,0,61,0,1,0,0,1,25,21,16,0,62,0,0,0,62
03/15/2016,JAC,WY,ANM,WE,Federal Contract Tower,17,20,12,0,49,0,0,0,0,0,17,20,12,0,49,0,0,0,49
03/16/2016,JAC,WY,ANM,WE,Federal Contract Tower,23,20,18,0,61,0,0,4,0,4,23,20,22,0,65,0,0,0,65
03/17/2016,JAC,WY,ANM,WE,Federal Contract Tower,28,32,11,0,71,0,2,1,1,4,28,34,12,1,75,0,0,0,75
03/18/2016,JAC,WY,ANM,WE,Federal Contract Tower,26,36,17,0,79,0,0,10,0,10,26,36,27,0,89,0,0,0,89
03/19/2016,JAC,WY,ANM,WE,Federal Contract Tower,45,30,17,0,92,0,3,20,1,24,45,33,37,1,116,18,0,18,134
03/20/2016,JAC,WY,ANM,WE,Federal Contract Tower,29,32,24,0,85,0,1,16,3,20,29,33,40,3,105,2,0,2,107
03/21/2016,JAC,WY,ANM,WE,Federal Contract Tower,25,20,20,0,65,0,2,0,0,2,25,22,20,0,67,0,0,0,67
03/22/2016,JAC,WY,ANM,WE,Federal Contract Tower,18,18,1,0,37,0,0,0,0,0,18,18,1,0,37,0,0,0,37
03/23/2016,JAC,WY,ANM,WE,Federal Contract Tower,19,32,10,0,61,0,1,5,0,6,19,33,15,0,67,0,0,0,67
03/24/2016,JAC,WY,ANM,WE,Federal Contract Tower,26,18,30,0,74,0,0,0,0,0,26,18,30,0,74,0,0,0,74
03/25/2016,JAC,WY,ANM,WE,Federal Contract Tower,27,21,17,0,65,0,0,5,0,5,27,21,22,0,70,4,0,4,74
03/26/2016,JAC,WY,ANM,WE,Federal Contract Tower,44,25,14,0,83,0,1,19,0,20,44,26,33,0,103,12,0,12,115
03/27/2016,JAC,WY,ANM,WE,Federal Contract Tower,27,23,13,0,63,0,0,8,0,8,27,23,21,0,71,0,0,0,71
03/28/2016,JAC,WY,ANM,WE,Federal Contract Tower,20,14,10,0,44,0,0,0,0,0,20,14,10,0,44,0,0,0,44
03/29/2016,JAC,WY,ANM,WE,Federal Contract Tower,16,8,5,0,29,0,0,0,0,0,16,8,5,0,29,0,0,0,29
03/30/2016,JAC,WY,ANM,WE,Federal Contract Tower,16,25,4,0,45,0,3,8,0,11,16,28,12,0,56,6,0,6,62
03/31/2016,JAC,WY,ANM,WE,Federal Contract Tower,16,22,8,0,46,0,1,0,0,1,16,23,8,0,47,0,0,0,47
04/01/2016,JAC,WY,ANM,WE,Federal Contract Tower,15,18,12,0,45,0,3,15,0,18,15,21,27,0,63,8,0,8,71
04/02/2016,JAC,WY,ANM,WE,Federal Contract Tower,19,21,2,0,42,0,1,14,0,15,19,22,16,0,57,16,0,16,73
04/03/2016,JAC,WY,ANM,WE,Federal Contract Tower,17,11,8,0,36,0,0,12,0,12,17,11,20,0,48,18,0,18,66
04/04/2016,JAC,WY,ANM,WE,Federal Contract Tower,13,20,4,0,37,0,0,0,0,0,13,20,4,0,37,0,0,0,37
04/05/2016,JAC,WY,ANM,WE,Federal Contract Tower,11,9,6,0,26,0,0,0,0,0,11,9,6,0,26,0,0,0,26
04/06/2016,JAC,WY,ANM,WE,Federal Contract Tower,10,18,10,0,38,0,4,7,0,11,10,22,17,0,49,4,0,4,53
04/07/2016,JAC,WY,ANM,WE,Federal Contract Tower,11,18,3,0,32,0,4,11,0,15,11,22,14,0,47,2,0,2,49
04/08/2016,JAC,WY,ANM,WE,Federal Contract Tower,13,10,3,0,26,0,1,8,0,9,13,11,11,0,35,14,0,14,49
04/09/2016,JAC,WY,ANM,WE,Federal Contract Tower,7,14,4,2,27,0,2,6,1,9,7,16,10,3,36,20,6,26,62
04/10/2016,JAC,WY,ANM,WE,Federal Contract Tower,8,16,6,0,30,0,0,1,0,1,8,16,7,0,31,0,0,0,31
04/11/2016,JAC,WY,ANM,WE,Federal Contract Tower,11,18,11,0,40,0,3,3,0,6,11,21,14,0,46,0,0,0,46
04/12/2016,JAC,WY,ANM,WE,Federal Contract Tower,9,9,2,0,20,0,3,7,0,10,9,12,9,0,30,0,0,0,30
04/14/2016,JAC,WY,ANM,WE,Federal Contract Tower,13,15,7,0,35,0,1,1,0,2,13,16,8,0,37,0,0,0,37
04/15/2016,JAC,WY,ANM,WE,Federal Contract Tower,8,10,21,0,39,0,2,2,0,4,8,12,23,0,43,8,0,8,51
04/16/2016,JAC,WY,ANM,WE,Federal Contract Tower,5,11,6,0,22,0,5,5,0,10,5,16,11,0,32,10,0,10,42
04/17/2016,JAC,WY,ANM,WE,Federal Contract Tower,10,6,4,0,20,0,0,14,0,14,10,6,18,0,34,18,0,18,52
04/18/2016,JAC,WY,ANM,WE,Federal Contract Tower,8,7,12,0,27,0,2,12,0,14,8,9,24,0,41,0,0,0,41
04/19/2016,JAC,WY,ANM,WE,Federal Contract Tower,11,6,10,0,27,0,0,10,0,10,11,6,20,0,37,12,0,12,49
04/20/2016,JAC,WY,ANM,WE,Federal Contract Tower,10,16,3,0,29,0,2,12,0,14,10,18,15,0,43,30,0,30,73
04/21/2016,JAC,WY,ANM,WE,Federal Contract Tower,10,15,5,0,30,0,3,16,0,19,10,18,21,0,49,6,0,6,55
04/22/2016,JAC,WY,ANM,WE,Federal Contract Tower,12,20,7,0,39,0,3,19,0,22,12,23,26,0,61,8,0,8,69
04/23/2016,JAC,WY,ANM,WE,Federal Contract Tower,8,8,2,0,18,0,0,1,0,1,8,8,3,0,19,0,0,0,19
04/24/2016,JAC,WY,ANM,WE,Federal Contract Tower,8,12,5,0,25,0,0,0,0,0,8,12,5,0,25,0,0,0,25
04/25/2016,JAC,WY,ANM,WE,Federal Contract Tower,8,11,4,0,23,0,1,0,0,1,8,12,4,0,24,0,0,0,24
04/26/2016,JAC,WY,ANM,WE,Federal Contract Tower,9,9,10,0,28,0,1,1,0,2,9,10,11,0,30,0,0,0,30
04/27/2016,JAC,WY,ANM,WE,Federal Contract Tower,10,12,10,0,32,0,1,15,0,16,10,13,25,0,48,15,0,15,63
04/28/2016,JAC,WY,ANM,WE,Federal Contract Tower,11,19,4,0,34,1,3,9,0,13,12,22,13,0,47,22,0,22,69
04/29/2016,JAC,WY,ANM,WE,Federal Contract Tower,9,13,6,0,28,0,0,7,0,7,9,13,13,0,35,10,0,10,45
04/30/2016,JAC,WY,ANM,WE,Federal Contract Tower,8,7,1,0,16,0,0,2,0,2,8,7,3,0,18,0,0,0,18
05/01/2016,JAC,WY,ANM,WE,Federal Contract Tower,9,5,12,0,26,0,0,6,0,6,9,5,18,0,32,0,0,0,32
05/02/2016,JAC,WY,ANM,WE,Federal Contract Tower,6,6,8,0,20,0,5,12,0,17,6,11,20,0,37,10,0,10,47
05/03/2016,JAC,WY,ANM,WE,Federal Contract Tower,10,8,5,0,23,0,4,13,0,17,10,12,18,0,40,14,0,14,54
05/04/2016,JAC,WY,ANM,WE,Federal Contract Tower,10,18,10,0,38,0,2,17,4,23,10,20,27,4,61,4,0,4,65
05/05/2016,JAC,WY,ANM,WE,Federal Contract Tower,10,19,13,0,42,0,2,15,0,17,10,21,28,0,59,22,0,22,81
05/06/2016,JAC,WY,ANM,WE,Federal Contract Tower,10,15,5,0,30,0,1,2,0,3,10,16,7,0,33,0,0,0,33
05/07/2016,JAC,WY,ANM,WE,Federal Contract Tower,10,12,2,0,24,0,8,0,0,8,10,20,2,0,32,16,0,16,48
05/08/2016,JAC,WY,ANM,WE,Federal Contract Tower,13,7,6,0,26,0,0,5,1,6,13,7,11,1,32,0,0,0,32
05/09/2016,JAC,WY,ANM,WE,Federal Contract Tower,10,15,15,0,40,0,1,3,0,4,10,16,18,0,44,0,0,0,44
05/10/2016,JAC,WY,ANM,WE,Federal Contract Tower,12,13,11,0,36,0,1,2,0,3,12,14,13,0,39,0,0,0,39
05/11/2016,JAC,WY,ANM,WE,Federal Contract Tower,12,20,6,0,38,0,3,26,0,29,12,23,32,0,67,22,0,22,89
05/12/2016,JAC,WY,ANM,WE,Federal Contract Tower,10,15,11,2,38,0,8,13,0,21,10,23,24,2,59,20,0,20,79
05/13/2016,JAC,WY,ANM,WE,Federal Contract Tower,12,15,6,0,33,0,0,29,2,31,12,15,35,2,64,10,0,10,74
05/14/2016,JAC,WY,ANM,WE,Federal Contract Tower,10,5,0,0,15,0,2,12,0,14,10,7,12,0,29,14,0,14,43
05/15/2016,JAC,WY,ANM,WE,Federal Contract Tower,12,9,1,0,22,0,0,1,0,1,12,9,2,0,23,0,0,0,23
05/17/2016,JAC,WY,ANM,WE,Federal Contract Tower,15,29,11,0,55,0,4,4,0,8,15,33,15,0,63,0,0,0,63
05/18/2016,JAC,WY,ANM,WE,Federal Contract Tower,13,27,9,1,50,1,1,18,1,21,14,28,27,2,71,30,0,30,101
05/19/2016,JAC,WY,ANM,WE,Federal Contract Tower,11,22,11,0,44,0,0,9,0,9,11,22,20,0,53,10,0,10,63
05/20/2016,JAC,WY,ANM,WE,Federal Contract Tower,9,16,8,0,33,0,1,5,0,6,9,17,13,0,39,0,0,0,39
05/21/2016,JAC,WY,ANM,WE,Federal Contract Tower,10,13,6,0,29,0,0,0,0,0,10,13,6,0,29,0,0,0,29
05/22/2016,JAC,WY,ANM,WE,Federal Contract Tower,15,12,8,0,35,0,0,1,1,2,15,12,9,1,37,0,0,0,37
05/23/2016,JAC,WY,ANM,WE,Federal Contract Tower,11,12,10,0,33,0,0,4,0,4,11,12,14,0,37,0,0,0,37
05/24/2016,JAC,WY,ANM,WE,Federal Contract Tower,12,14,9,0,35,0,0,8,0,8,12,14,17,0,43,0,0,0,43
05/25/2016,JAC,WY,ANM,WE,Federal Contract Tower,17,19,12,0,48,0,2,2,0,4,17,21,14,0,52,0,0,0,52
05/26/2016,JAC,WY,ANM,WE,Federal Contract Tower,10,17,22,0,49,0,0,14,0,14,10,17,36,0,63,24,0,24,87
05/27/2016,JAC,WY,ANM,WE,Federal Contract Tower,11,22,19,0,52,0,0,22,0,22,11,22,41,0,74,4,0,4,78
05/28/2016,JAC,WY,ANM,WE,Federal Contract Tower,12,13,8,0,33,0,0,18,1,19,12,13,26,1,52,18,0,18,70
05/29/2016,JAC,WY,ANM,WE,Federal Contract Tower,15,7,9,0,31,0,0,14,0,14,15,7,23,0,45,0,0,0,45
05/30/2016,JAC,WY,ANM,WE,Federal Contract Tower,12,18,15,0,45,0,0,11,0,11,12,18,26,0,56,16,0,16,72
05/31/2016,JAC,WY,ANM,WE,Federal Contract Tower,16,10,21,0,47,0,2,15,0,17,16,12,36,0,64,10,0,10,74
06/01/2016,JAC,WY,ANM,WE,Federal Contract Tower,14,28,33,0,75,0,0,38,0,38,14,28,71,0,113,84,0,84,197
06/02/2016,JAC,WY,ANM,WE,Federal Contract Tower,16,21,13,0,50,0,0,28,0,28,16,21,41,0,78,8,0,8,86
06/03/2016,JAC,WY,ANM,WE,Federal Contract Tower,14,15,18,0,47,0,1,48,0,49,14,16,66,0,96,58,0,58,154
06/04/2016,JAC,WY,ANM,WE,Federal Contract Tower,18,19,11,0,48,0,4,34,11,49,18,23,45,11,97,58,18,76,173
06/05/2016,JAC,WY,ANM,WE,Federal Contract Tower,20,9,14,0,43,0,0,12,0,12,20,9,26,0,55,8,0,8,63
06/06/2016,JAC,WY,ANM,WE,Federal Contract Tower,14,3,9,0,26,0,4,24,0,28,14,7,33,0,54,0,0,0,54
06/07/2016,JAC,WY,ANM,WE,Federal Contract Tower,16,17,13,0,46,1,1,13,0,15,17,18,26,0,61,15,0,15,76
06/08/2016,JAC,WY,ANM,WE,Federal Contract Tower,15,26,20,0,61,2,10,16,1,29,17,36,36,1,90,6,0,6,96
06/09/2016,JAC,WY,ANM,WE,Federal Contract Tower,18,20,25,0,63,0,3,15,10,28,18,23,40,10,91,16,0,16,107
06/10/2016,JAC,WY,ANM,WE,Federal Contract Tower,20,23,20,0,63,0,3,18,0,21,20,26,38,0,84,14,0,14,98
06/11/2016,JAC,WY,ANM,WE,Federal Contract Tower,33,19,20,0,72,0,6,15,0,21,33,25,35,0,93,0,0,0,93
06/12/2016,JAC,WY,ANM,WE,Federal Contract Tower,29,7,33,0,69,0,0,3,1,4,29,7,36,1,73,8,0,8,81
06/13/2016,JAC,WY,ANM,WE,Federal Contract Tower,21,17,20,4,62,0,3,20,10,33,21,20,40,14,95,6,0,6,101
06/14/2016,JAC,WY,ANM,WE,Federal Contract Tower,22,16,30,0,68,0,1,20,0,21,22,17,50,0,89,0,0,0,89
06/15/2016,JAC,WY,ANM,WE,Federal Contract Tower,22,16,33,0,71,0,12,23,10,45,22,28,56,10,116,16,0,16,132
06/16/2016,JAC,WY,ANM,WE,Federal Contract Tower,24,22,29,0,75,0,5,13,4,22,24,27,42,4,97,0,0,0,97
06/17/2016,JAC,WY,ANM,WE,Federal Contract Tower,24,42,39,2,107,0,6,40,14,60,24,48,79,16,167,12,7,19,186
06/18/2016,JAC,WY,ANM,WE,Federal Contract Tower,33,25,16,0,74,0,3,23,10,36,33,28,39,10,110,14,0,14,124
06/19/2016,JAC,WY,ANM,WE,Federal Contract Tower,32,29,37,4,102,0,0,30,0,30,32,29,67,4,132,12,0,12,144
06/20/2016,JAC,WY,ANM,WE,Federal Contract Tower,20,29,22,0,71,0,0,17,0,17,20,29,39,0,88,2,0,2,90
06/21/2016,JAC,WY,ANM,WE,Federal Contract Tower,20,24,27,0,71,0,3,13,0,16,20,27,40,0,87,0,0,0,87
06/22/2016,JAC,WY,ANM,WE,Federal Contract Tower,19,23,24,4,70,0,2,40,0,42,19,25,64,4,112,4,0,4,116
06/23/2016,JAC,WY,ANM,WE,Federal Contract Tower,16,19,34,3,72,0,3,27,0,30,16,22,61,3,102,6,0,6,108
06/24/2016,JAC,WY,ANM,WE,Federal Contract Tower,20,17,21,0,58,0,4,6,0,10,20,21,27,0,68,20,0,20,88
06/25/2016,JAC,WY,ANM,WE,Federal Contract Tower,31,16,24,0,71,0,3,37,0,40,31,19,61,0,111,0,0,0,111
06/26/2016,JAC,WY,ANM,WE,Federal Contract Tower,31,17,39,0,87,0,0,23,1,24,31,17,62,1,111,0,0,0,111
06/27/2016,JAC,WY,ANM,WE,Federal Contract Tower,19,25,44,3,91,0,5,55,0,60,19,30,99,3,151,0,0,0,151
06/28/2016,JAC,WY,ANM,WE,Federal Contract Tower,24,33,27,0,84,0,5,26,0,31,24,38,53,0,115,8,0,8,123
06/29/2016,JAC,WY,ANM,WE,Federal Contract Tower,26,31,17,0,74,0,0,24,0,24,26,31,41,0,98,0,0,0,98
06/30/2016,JAC,WY,ANM,WE,Federal Contract Tower,19,46,40,0,105,0,2,18,0,20,19,48,58,0,125,0,0,0,125
07/01/2016,JAC,WY,ANM,WE,Federal Contract Tower,26,41,44,1,112,0,2,32,0,34,26,43,76,1,146,12,2,14,160
07/02/2016,JAC,WY,ANM,WE,Federal Contract Tower,37,24,29,0,90,0,7,29,0,36,37,31,58,0,126,6,0,6,132
07/03/2016,JAC,WY,ANM,WE,Federal Contract Tower,34,24,27,0,85,0,0,0,0,0,34,24,27,0,85,0,0,0,85
07/04/2016,JAC,WY,ANM,WE,Federal Contract Tower,30,18,6,0,54,0,3,13,0,16,30,21,19,0,70,0,0,0,70
07/05/2016,JAC,WY,ANM,WE,Federal Contract Tower,35,31,43,0,109,0,7,34,0,41,35,38,77,0,150,14,0,14,164
07/06/2016,JAC,WY,ANM,WE,Federal Contract Tower,33,25,34,1,93,0,1,17,0,18,33,26,51,1,111,0,0,0,111
07/07/2016,JAC,WY,ANM,WE,Federal Contract Tower,32,24,22,0,78,0,2,36,0,38,32,26,58,0,116,2,0,2,118
07/08/2016,JAC,WY,ANM,WE,Federal Contract Tower,32,39,37,0,108,0,4,39,0,43,32,43,76,0,151,4,0,4,155
07/09/2016,JAC,WY,ANM,WE,Federal Contract Tower,45,37,20,0,102,0,5,37,1,43,45,42,57,1,145,10,0,10,155
07/10/2016,JAC,WY,ANM,WE,Federal Contract Tower,38,24,33,0,95,0,0,24,0,24,38,24,57,0,119,0,0,0,119
07/11/2016,JAC,WY,ANM,WE,Federal Contract Tower,33,31,17,2,83,0,4,9,0,13,33,35,26,2,96,0,0,0,96
07/12/2016,JAC,WY,ANM,WE,Federal Contract Tower,33,17,15,0,65,0,0,31,0,31,33,17,46,0,96,26,2,28,124
07/13/2016,JAC,WY,ANM,WE,Federal Contract Tower,30,29,12,0,71,0,0,40,0,40,30,29,52,0,111,10,6,16,127
07/14/2016,JAC,WY,ANM,WE,Federal Contract Tower,32,41,31,0,104,0,3,45,0,48,32,44,76,0,152,16,0,16,168
07/15/2016,JAC,WY,ANM,WE,Federal Contract Tower,33,27,31,1,92,0,3,22,3,28,33,30,53,4,120,10,8,18,138
07/16/2016,JAC,WY,ANM,WE,Federal Contract Tower,42,28,30,0,100,0,1,34,2,37,42,29,64,2,137,2,8,10,147
07/17/2016,JAC,WY,ANM,WE,Federal Contract Tower,38,30,33,1,102,0,0,27,0,27,38,30,60,1,129,0,0,0,129
07/18/2016,JAC,WY,ANM,WE,Federal Contract Tower,31,27,22,0,80,0,3,37,0,40,31,30,59,0,120,0,0,0,120
07/19/2016,JAC,WY,ANM,WE,Federal Contract Tower,35,24,23,0,82,0,0,53,0,53,35,24,76,0,135,12,0,12,147
07/20/2016,JAC,WY,ANM,WE,Federal Contract Tower,34,36,32,0,102,0,0,30,0,30,34,36,62,0,132,0,0,0,132
07/21/2016,JAC,WY,ANM,WE,Federal Contract Tower,48,25,33,0,106,0,3,18,1,22,48,28,51,1,128,0,0,0,128
07/22/2016,JAC,WY,ANM,WE,Federal Contract Tower,27,45,26,0,98,0,2,26,1,29,27,47,52,1,127,0,0,0,127
07/23/2016,JAC,WY,ANM,WE,Federal Contract Tower,43,22,27,0,92,0,0,37,1,38,43,22,64,1,130,0,0,0,130
07/24/2016,JAC,WY,ANM,WE,Federal Contract Tower,37,33,32,0,102,0,0,20,0,20,37,33,52,0,122,2,0,2,124
07/25/2016,JAC,WY,ANM,WE,Federal Contract Tower,30,18,26,0,74,0,3,27,0,30,30,21,53,0,104,0,0,0,104
07/26/2016,JAC,WY,ANM,WE,Federal Contract Tower,33,26,25,0,84,0,6,34,0,40,33,32,59,0,124,0,0,0,124
07/27/2016,JAC,WY,ANM,WE,Federal Contract Tower,34,28,53,0,115,0,2,37,1,40,34,30,90,1,155,2,0,2,157
07/28/2016,JAC,WY,ANM,WE,Federal Contract Tower,31,32,37,1,101,0,5,22,2,29,31,37,59,3,130,4,0,4,134
07/29/2016,JAC,WY,ANM,WE,Federal Contract Tower,32,32,31,1,96,0,2,28,1,31,32,34,59,2,127,0,0,0,127
07/30/2016,JAC,WY,ANM,WE,Federal Contract Tower,42,18,28,0,88,0,2,25,0,27,42,20,53,0,115,6,0,6,121
07/31/2016,JAC,WY,ANM,WE,Federal Contract Tower,36,33,56,0,125,0,2,38,0,40,36,35,94,0,165,0,0,0,165
08/01/2016,JAC,WY,ANM,WE,Federal Contract Tower,31,20,28,0,79,0,4,39,3,46,31,24,67,3,125,0,0,0,125
08/02/2016,JAC,WY,ANM,WE,Federal Contract Tower,34,24,26,0,84,1,6,42,0,49,35,30,68,0,133,6,0,6,139
08/03/2016,JAC,WY,ANM,WE,Federal Contract Tower,35,48,39,0,122,0,9,46,1,56,35,57,85,1,178,18,0,18,196
08/04/2016,JAC,WY,ANM,WE,Federal Contract Tower,31,32,33,0,96,2,40,2,0,44,33,72,35,0,140,16,0,16,156
08/05/2016,JAC,WY,ANM,WE,Federal Contract Tower,32,32,24,0,88,0,0,27,0,27,32,32,51,0,115,24,0,24,139
08/06/2016,JAC,WY,ANM,WE,Federal Contract Tower,45,34,28,0,107,0,0,38,3,41,45,34,66,3,148,6,2,8,156
08/07/2016,JAC,WY,ANM,WE,Federal Contract Tower,40,43,40,0,123,0,0,23,0,23,40,43,63,0,146,0,0,0,146
08/08/2016,JAC,WY,ANM,WE,Federal Contract Tower,28,35,31,0,94,0,3,28,0,31,28,38,59,0,125,0,0,0,125
08/09/2016,JAC,WY,ANM,WE,Federal Contract Tower,35,34,22,0,91,0,2,29,0,31,35,36,51,0,122,60,0,60,182
08/10/2016,JAC,WY,ANM,WE,Federal Contract Tower,34,32,27,0,93,0,4,38,0,42,34,36,65,0,135,8,0,8,143
08/11/2016,JAC,WY,ANM,WE,Federal Contract Tower,31,45,32,3,111,0,0,41,1,42,31,45,73,4,153,0,0,0,153
08/12/2016,JAC,WY,ANM,WE,Federal Contract Tower,37,23,31,0,91,0,3,51,2,56,37,26,82,2,147,12,0,12,159
08/13/2016,JAC,WY,ANM,WE,Federal Contract Tower,41,40,23,0,104,0,1,42,0,43,41,41,65,0,147,8,0,8,155
08/14/2016,JAC,WY,ANM,WE,Federal Contract Tower,38,35,39,4,116,0,0,31,2,33,38,35,70,6,149,4,4,8,157
08/15/2016,JAC,WY,ANM,WE,Federal Contract Tower,31,28,24,0,83,0,2,39,2,43,31,30,63,2,126,12,0,12,138
08/16/2016,JAC,WY,ANM,WE,Federal Contract Tower,36,27,28,2,93,1,11,33,0,45,37,38,61,2,138,14,0,14,152
08/17/2016,JAC,WY,ANM,WE,Federal Contract Tower,33,33,19,0,85,0,0,26,2,28,33,33,45,2,113,12,0,12,125
08/18/2016,JAC,WY,ANM,WE,Federal Contract Tower,27,33,51,0,111,1,7,44,1,53,28,40,95,1,164,32,0,32,196
08/19/2016,JAC,WY,ANM,WE,Federal Contract Tower,27,24,30,0,81,0,3,23,0,26,27,27,53,0,107,0,0,0,107
08/20/2016,JAC,WY,ANM,WE,Federal Contract Tower,41,31,35,2,109,0,0,23,2,25,41,31,58,4,134,8,0,8,142
08/21/2016,JAC,WY,ANM,WE,Federal Contract Tower,38,25,34,1,98,0,0,33,0,33,38,25,67,1,131,0,0,0,131
08/22/2016,JAC,WY,ANM,WE,Federal Contract Tower,30,32,36,0,98,1,2,28,2,33,31,34,64,2,131,0,0,0,131
08/23/2016,JAC,WY,ANM,WE,Federal Contract Tower,35,38,34,0,107,0,0,33,0,33,35,38,67,0,140,0,0,0,140
08/24/2016,JAC,WY,ANM,WE,Federal Contract Tower,32,25,32,0,89,0,3,13,0,16,32,28,45,0,105,24,0,24,129
08/25/2016,JAC,WY,ANM,WE,Federal Contract Tower,28,35,26,0,89,0,1,28,0,29,28,36,54,0,118,6,0,6,124
08/26/2016,JAC,WY,ANM,WE,Federal Contract Tower,27,29,21,2,79,0,4,41,0,45,27,33,62,2,124,6,0,6,130
08/27/2016,JAC,WY,ANM,WE,Federal Contract Tower,36,26,29,0,91,0,0,33,1,34,36,26,62,1,125,2,0,2,127
08/28/2016,JAC,WY,ANM,WE,Federal Contract Tower,41,33,27,0,101,0,0,37,0,37,41,33,64,0,138,10,0,10,148
08/29/2016,JAC,WY,ANM,WE,Federal Contract Tower,25,21,24,0,70,0,1,40,0,41,25,22,64,0,111,0,0,0,111
08/30/2016,JAC,WY,ANM,WE,Federal Contract Tower,24,16,30,0,70,0,1,41,1,43,24,17,71,1,113,16,0,16,129
08/31/2016,JAC,WY,ANM,WE,Federal Contract Tower,24,24,23,0,71,0,1,13,0,14,24,25,36,0,85,0,0,0,85
09/01/2016,JAC,WY,ANM,WE,Federal Contract Tower,24,24,32,0,80,0,0,17,2,19,24,24,49,2,99,0,0,0,99
09/02/2016,JAC,WY,ANM,WE,Federal Contract Tower,23,28,39,0,90,0,1,27,0,28,23,29,66,0,118,8,0,8,126
09/03/2016,JAC,WY,ANM,WE,Federal Contract Tower,32,18,18,0,68,2,1,28,1,32,34,19,46,1,100,0,0,0,100
09/04/2016,JAC,WY,ANM,WE,Federal Contract Tower,29,27,18,0,74,0,0,13,0,13,29,27,31,0,87,0,0,0,87
09/05/2016,JAC,WY,ANM,WE,Federal Contract Tower,25,47,35,0,107,0,1,20,0,21,25,48,55,0,128,0,0,0,128
09/06/2016,JAC,WY,ANM,WE,Federal Contract Tower,24,27,30,0,81,0,2,26,0,28,24,29,56,0,109,38,0,38,147
09/07/2016,JAC,WY,ANM,WE,Federal Contract Tower,24,27,25,0,76,0,0,25,0,25,24,27,50,0,101,36,0,36,137
09/08/2016,JAC,WY,ANM,WE,Federal Contract Tower,21,29,40,0,90,0,1,35,1,37,21,30,75,1,127,46,0,46,173
09/09/2016,JAC,WY,ANM,WE,Federal Contract Tower,22,23,30,0,75,0,0,37,1,38,22,23,67,1,113,48,0,48,161
09/10/2016,JAC,WY,ANM,WE,Federal Contract Tower,27,25,22,1,75,0,1,26,1,28,27,26,48,2,103,26,0,26,129
09/11/2016,JAC,WY,ANM,WE,Federal Contract Tower,22,15,29,0,66,0,0,32,0,32,22,15,61,0,98,0,0,0,98
09/12/2016,JAC,WY,ANM,WE,Federal Contract Tower,21,27,31,0,79,0,2,17,0,19,21,29,48,0,98,0,0,0,98
09/13/2016,JAC,WY,ANM,WE,Federal Contract Tower,24,28,34,0,86,0,0,10,0,10,24,28,44,0,96,0,0,0,96
09/14/2016,JAC,WY,ANM,WE,Federal Contract Tower,23,19,26,0,68,0,0,11,0,11,23,19,37,0,79,0,0,0,79
09/15/2016,JAC,WY,ANM,WE,Federal Contract Tower,25,22,29,0,76,0,2,16,0,18,25,24,45,0,94,0,0,0,94
09/16/2016,JAC,WY,ANM,WE,Federal Contract Tower,21,24,27,0,72,0,2,45,0,47,21,26,72,0,119,8,0,8,127
09/17/2016,JAC,WY,ANM,WE,Federal Contract Tower,26,21,19,0,66,0,0,30,1,31,26,21,49,1,97,2,0,2,99
09/18/2016,JAC,WY,ANM,WE,Federal Contract Tower,22,31,37,0,90,0,0,6,0,6,22,31,43,0,96,0,0,0,96
09/19/2016,JAC,WY,ANM,WE,Federal Contract Tower,22,18,37,0,77,0,1,14,0,15,22,19,51,0,92,4,0,4,96
09/20/2016,JAC,WY,ANM,WE,Federal Contract Tower,22,23,31,0,76,0,3,20,1,24,22,26,51,1,100,20,0,20,120
09/21/2016,JAC,WY,ANM,WE,Federal Contract Tower,22,23,27,0,72,0,2,25,0,27,22,25,52,0,99,38,0,38,137
09/22/2016,JAC,WY,ANM,WE,Federal Contract Tower,24,9,43,0,76,0,0,1,0,1,24,9,44,0,77,0,0,0,77
09/23/2016,JAC,WY,ANM,WE,Federal Contract Tower,22,26,23,0,71,0,0,4,0,4,22,26,27,0,75,0,0,0,75
09/24/2016,JAC,WY,ANM,WE,Federal Contract Tower,19,13,12,0,44,2,0,1,0,3,21,13,13,0,47,0,0,0,47
09/25/2016,JAC,WY,ANM,WE,Federal Contract Tower,17,12,22,0,51,0,0,15,2,17,17,12,37,2,68,2,0,2,70
09/26/2016,JAC,WY,ANM,WE,Federal Contract Tower,20,29,22,2,73,0,0,21,0,21,20,29,43,2,94,2,0,2,96
09/27/2016,JAC,WY,ANM,WE,Federal Contract Tower,21,21,21,0,63,0,2,26,0,28,21,23,47,0,91,8,0,8,99
09/28/2016,JAC,WY,ANM,WE,Federal Contract Tower,20,16,24,0,60,1,2,23,2,28,21,18,47,2,88,14,0,14,102
09/29/2016,JAC,WY,ANM,WE,Federal Contract Tower,18,22,18,0,58,0,2,13,0,15,18,24,31,0,73,0,6,6,79
09/30/2016,JAC,WY,ANM,WE,Federal Contract Tower,22,24,18,0,64,0,1,6,0,7,22,25,24,0,71,0,0,0,71
10/01/2016,JAC,WY,ANM,WE,Federal Contract Tower,20,6,10,0,36,0,1,9,0,10,20,7,19,0,46,0,0,0,46
10/02/2016,JAC,WY,ANM,WE,Federal Contract Tower,20,15,20,0,55,0,0,7,0,7,20,15,27,0,62,0,0,0,62
10/03/2016,JAC,WY,ANM,WE,Federal Contract Tower,20,24,22,2,68,0,0,3,0,3,20,24,25,2,71,0,0,0,71
10/04/2016,JAC,WY,ANM,WE,Federal Contract Tower,20,10,16,0,46,0,0,3,0,3,20,10,19,0,49,0,0,0,49
10/05/2016,JAC,WY,ANM,WE,Federal Contract Tower,24,19,13,1,57,0,1,0,0,1,24,20,13,1,58,0,0,0,58
10/06/2016,JAC,WY,ANM,WE,Federal Contract Tower,11,24,28,0,63,0,0,4,0,4,11,24,32,0,67,0,0,0,67
10/07/2016,JAC,WY,ANM,WE,Federal Contract Tower,11,24,28,2,65,0,2,13,2,17,11,26,41,4,82,0,2,2,84
10/08/2016,JAC,WY,ANM,WE,Federal Contract Tower,9,11,22,0,42,0,1,21,6,28,9,12,43,6,70,0,0,0,70
10/09/2016,JAC,WY,ANM,WE,Federal Contract Tower,11,17,13,0,41,0,1,18,0,19,11,18,31,0,60,0,0,0,60
10/10/2016,JAC,WY,ANM,WE,Federal Contract Tower,7,27,19,0,53,0,4,14,0,18,7,31,33,0,71,0,0,0,71
10/11/2016,JAC,WY,ANM,WE,Federal Contract Tower,11,29,9,2,51,0,3,5,6,14,11,32,14,8,65,0,0,0,65
10/12/2016,JAC,WY,ANM,WE,Federal Contract Tower,11,21,17,0,49,1,3,17,0,21,12,24,34,0,70,10,0,10,80
10/13/2016,JAC,WY,ANM,WE,Federal Contract Tower,7,9,31,0,47,0,1,12,2,15,7,10,43,2,62,0,0,0,62
10/14/2016,JAC,WY,ANM,WE,Federal Contract Tower,14,12,19,0,45,0,0,1,0,1,14,12,20,0,46,0,0,0,46
10/15/2016,JAC,WY,ANM,WE,Federal Contract Tower,8,16,6,0,30,0,0,1,0,1,8,16,7,0,31,0,0,0,31
10/16/2016,JAC,WY,ANM,WE,Federal Contract Tower,10,9,9,0,28,0,0,5,0,5,10,9,14,0,33,0,0,0,33
10/17/2016,JAC,WY,ANM,WE,Federal Contract Tower,8,22,9,0,39,0,0,0,0,0,8,22,9,0,39,0,0,0,39
10/18/2016,JAC,WY,ANM,WE,Federal Contract Tower,9,15,12,0,36,0,0,5,0,5,9,15,17,0,41,0,0,0,41
10/19/2016,JAC,WY,ANM,WE,Federal Contract Tower,12,21,26,0,59,0,2,4,0,6,12,23,30,0,65,0,0,0,65
10/20/2016,JAC,WY,ANM,WE,Federal Contract Tower,8,14,18,0,40,0,1,6,0,7,8,15,24,0,47,0,0,0,47
10/21/2016,JAC,WY,ANM,WE,Federal Contract Tower,10,14,11,1,36,0,2,11,3,16,10,16,22,4,52,2,0,2,54
10/22/2016,JAC,WY,ANM,WE,Federal Contract Tower,8,7,16,0,31,0,0,14,0,14,8,7,30,0,45,0,0,0,45
10/23/2016,JAC,WY,ANM,WE,Federal Contract Tower,10,14,18,0,42,0,1,19,0,20,10,15,37,0,62,2,0,2,64
10/24/2016,JAC,WY,ANM,WE,Federal Contract Tower,10,13,9,0,32,0,0,0,0,0,10,13,9,0,32,0,0,0,32
10/25/2016,JAC,WY,ANM,WE,Federal Contract Tower,12,21,12,0,45,0,0,0,0,0,12,21,12,0,45,0,0,0,45
10/26/2016,JAC,WY,ANM,WE,Federal Contract Tower,11,11,9,0,31,0,0,0,0,0,11,11,9,0,31,0,0,0,31
10/27/2016,JAC,WY,ANM,WE,Federal Contract Tower,17,9,16,0,42,0,0,12,0,12,17,9,28,0,54,14,0,14,68
10/28/2016,JAC,WY,ANM,WE,Federal Contract Tower,9,14,9,0,32,0,0,2,0,2,9,14,11,0,34,0,0,0,34
10/29/2016,JAC,WY,ANM,WE,Federal Contract Tower,8,8,12,0,28,0,0,1,0,1,8,8,13,0,29,0,0,0,29
10/30/2016,JAC,WY,ANM,WE,Federal Contract Tower,12,16,10,0,38,0,0,0,0,0,12,16,10,0,38,0,0,0,38
10/31/2016,JAC,WY,ANM,WE,Federal Contract Tower,7,19,11,0,37,0,1,5,0,6,7,20,16,0,43,4,0,4,47
11/01/2016,JAC,WY,ANM,WE,Federal Contract Tower,9,12,15,0,36,0,0,0,0,0,9,12,15,0,36,0,0,0,36
11/02/2016,JAC,WY,ANM,WE,Federal Contract Tower,8,16,20,0,44,0,2,5,0,7,8,18,25,0,51,0,0,0,51
11/03/2016,JAC,WY,ANM,WE,Federal Contract Tower,11,17,15,0,43,0,1,0,4,5,11,18,15,4,48,0,0,0,48
11/04/2016,JAC,WY,ANM,WE,Federal Contract Tower,9,17,11,0,37,0,0,6,0,6,9,17,17,0,43,0,0,0,43
11/05/2016,JAC,WY,ANM,WE,Federal Contract Tower,8,9,15,0,32,0,0,15,2,17,8,9,30,2,49,8,0,8,57
11/06/2016,JAC,WY,ANM,WE,Federal Contract Tower,8,11,7,0,26,0,0,1,0,1,8,11,8,0,27,0,0,0,27
11/07/2016,JAC,WY,ANM,WE,Federal Contract Tower,9,24,14,0,47,0,1,2,0,3,9,25,16,0,50,0,0,0,50
11/08/2016,JAC,WY,ANM,WE,Federal Contract Tower,6,8,10,0,24,0,0,11,0,11,6,8,21,0,35,14,0,14,49
11/09/2016,JAC,WY,ANM,WE,Federal Contract Tower,6,9,19,0,34,0,0,10,0,10,6,9,29,0,44,36,2,38,82
11/10/2016,JAC,WY,ANM,WE,Federal Contract Tower,11,18,15,0,44,0,0,10,0,10,11,18,25,0,54,12,0,12,66
11/11/2016,JAC,WY,ANM,WE,Federal Contract Tower,9,9,5,0,23,0,0,18,0,18,9,9,23,0,41,14,0,14,55
11/12/2016,JAC,WY,ANM,WE,Federal Contract Tower,8,11,5,0,24,0,0,9,0,9,8,11,14,0,33,8,0,8,41
11/13/2016,JAC,WY,ANM,WE,Federal Contract Tower,8,12,10,0,30,0,1,7,0,8,8,13,17,0,38,0,0,0,38
11/14/2016,JAC,WY,ANM,WE,Federal Contract Tower,10,7,10,0,27,0,0,6,0,6,10,7,16,0,33,0,0,0,33
11/15/2016,JAC,WY,ANM,WE,Federal Contract Tower,8,13,8,0,29,9,0,3,0,12,17,13,11,0,41,6,0,6,47
11/16/2016,JAC,WY,ANM,WE,Federal Contract Tower,6,13,11,0,30,0,0,5,0,5,6,13,16,0,35,0,0,0,35
11/17/2016,JAC,WY,ANM,WE,Federal Contract Tower,7,16,9,0,32,0,0,0,0,0,7,16,9,0,32,0,0,0,32
11/18/2016,JAC,WY,ANM,WE,Federal Contract Tower,9,21,20,0,50,0,0,15,0,15,9,21,35,0,65,24,0,24,89
11/19/2016,JAC,WY,ANM,WE,Federal Contract Tower,8,8,14,1,31,0,0,11,0,11,8,8,25,1,42,0,0,0,42
11/20/2016,JAC,WY,ANM,WE,Federal Contract Tower,9,7,11,0,27,0,0,14,0,14,9,7,25,0,41,0,0,0,41
11/21/2016,JAC,WY,ANM,WE,Federal Contract Tower,12,19,11,0,42,0,0,0,0,0,12,19,11,0,42,0,0,0,42
11/22/2016,JAC,WY,ANM,WE,Federal Contract Tower,9,19,13,0,41,0,0,7,0,7,9,19,20,0,48,30,0,30,78
11/23/2016,JAC,WY,ANM,WE,Federal Contract Tower,10,19,22,0,51,0,0,5,0,5,10,19,27,0,56,0,0,0,56
11/24/2016,JAC,WY,ANM,WE,Federal Contract Tower,4,5,3,0,12,0,0,0,0,0,4,5,3,0,12,0,0,0,12
11/25/2016,JAC,WY,ANM,WE,Federal Contract Tower,6,10,10,2,28,0,0,3,0,3,6,10,13,2,31,27,0,27,58
11/26/2016,JAC,WY,ANM,WE,Federal Contract Tower,10,11,13,2,36,0,2,14,0,16,10,13,27,2,52,40,0,40,92
11/27/2016,JAC,WY,ANM,WE,Federal Contract Tower,3,19,24,0,46,0,0,0,0,0,3,19,24,0,46,0,0,0,46
11/28/2016,JAC,WY,ANM,WE,Federal Contract Tower,10,17,13,0,40,0,0,0,0,0,10,17,13,0,40,0,0,0,40
11/29/2016,JAC,WY,ANM,WE,Federal Contract Tower,9,9,15,0,33,0,3,0,2,5,9,12,15,2,38,0,0,0,38
11/30/2016,JAC,WY,ANM,WE,Federal Contract Tower,8,17,21,4,50,0,0,0,0,0,8,17,21,4,50,0,0,0,50
12/01/2016,JAC,WY,ANM,WE,Federal Contract Tower,14,13,8,2,37,0,0,0,0,0,14,13,8,2,37,0,3,3,40
12/02/2016,JAC,WY,ANM,WE,Federal Contract Tower,12,10,13,2,37,0,4,15,4,23,12,14,28,6,60,16,6,22,82
12/03/2016,JAC,WY,ANM,WE,Federal Contract Tower,8,15,13,0,36,0,0,0,0,0,8,15,13,0,36,0,0,0,36
12/04/2016,JAC,WY,ANM,WE,Federal Contract Tower,8,6,4,0,18,0,0,0,0,0,8,6,4,0,18,0,0,0,18
12/05/2016,JAC,WY,ANM,WE,Federal Contract Tower,13,12,27,0,52,0,0,1,0,1,13,12,28,0,53,0,0,0,53
12/06/2016,JAC,WY,ANM,WE,Federal Contract Tower,7,10,3,1,21,0,0,0,0,0,7,10,3,1,21,0,0,0,21
12/07/2016,JAC,WY,ANM,WE,Federal Contract Tower,7,13,23,0,43,0,0,4,0,4,7,13,27,0,47,0,0,0,47
12/08/2016,JAC,WY,ANM,WE,Federal Contract Tower,11,12,20,0,43,0,0,14,4,18,11,12,34,4,61,0,0,0,61
12/09/2016,JAC,WY,ANM,WE,Federal Contract Tower,7,11,12,0,30,0,0,0,0,0,7,11,12,0,30,0,0,0,30
12/10/2016,JAC,WY,ANM,WE,Federal Contract Tower,12,13,4,0,29,0,0,0,0,0,12,13,4,0,29,0,0,0,29
12/11/2016,JAC,WY,ANM,WE,Federal Contract Tower,9,11,24,0,44,0,0,1,0,1,9,11,25,0,45,0,0,0,45
12/12/2016,JAC,WY,ANM,WE,Federal Contract Tower,9,22,12,0,43,0,0,0,0,0,9,22,12,0,43,0,0,0,43
12/13/2016,JAC,WY,ANM,WE,Federal Contract Tower,9,13,14,0,36,0,1,0,0,1,9,14,14,0,37,0,0,0,37
12/14/2016,JAC,WY,ANM,WE,Federal Contract Tower,8,16,9,0,33,0,0,0,0,0,8,16,9,0,33,0,0,0,33
12/15/2016,JAC,WY,ANM,WE,Federal Contract Tower,18,22,8,0,48,0,0,0,0,0,18,22,8,0,48,0,0,0,48
12/16/2016,JAC,WY,ANM,WE,Federal Contract Tower,31,39,15,0,85,0,0,0,0,0,31,39,15,0,85,0,0,0,85
12/17/2016,JAC,WY,ANM,WE,Federal Contract Tower,38,42,43,0,123,0,0,13,0,13,38,42,56,0,136,8,0,8,144
12/18/2016,JAC,WY,ANM,WE,Federal Contract Tower,36,24,21,1,82,0,0,8,0,8,36,24,29,1,90,0,0,0,90
12/19/2016,JAC,WY,ANM,WE,Federal Contract Tower,35,42,18,0,95,0,0,1,0,1,35,42,19,0,96,0,0,0,96
12/20/2016,JAC,WY,ANM,WE,Federal Contract Tower,37,20,11,0,68,0,0,0,0,0,37,20,11,0,68,0,0,0,68
12/21/2016,JAC,WY,ANM,WE,Federal Contract Tower,38,52,31,0,121,0,0,21,0,21,38,52,52,0,142,12,0,12,154
12/22/2016,JAC,WY,ANM,WE,Federal Contract Tower,41,33,26,0,100,0,1,18,0,19,41,34,44,0,119,26,0,26,145
12/23/2016,JAC,WY,ANM,WE,Federal Contract Tower,36,37,28,2,103,0,0,6,0,6,36,37,34,2,109,0,0,0,109
12/24/2016,JAC,WY,ANM,WE,Federal Contract Tower,37,23,8,0,68,0,0,0,0,0,37,23,8,0,68,0,0,0,68
12/25/2016,JAC,WY,ANM,WE,Federal Contract Tower,42,6,18,0,66,0,0,0,0,0,42,6,18,0,66,0,0,0,66
12/26/2016,JAC,WY,ANM,WE,Federal Contract Tower,39,60,46,0,145,0,0,8,0,8,39,60,54,0,153,0,0,0,153
12/27/2016,JAC,WY,ANM,WE,Federal Contract Tower,37,29,27,0,93,0,0,0,0,0,37,29,27,0,93,0,0,0,93
12/28/2016,JAC,WY,ANM,WE,Federal Contract Tower,53,40,28,0,121,0,0,2,0,2,53,40,30,0,123,0,0,0,123
12/29/2016,JAC,WY,ANM,WE,Federal Contract Tower,48,43,30,4,125,1,1,27,6,35,49,44,57,10,160,2,0,2,162
12/30/2016,JAC,WY,ANM,WE,Federal Contract Tower,37,43,28,0,108,0,0,12,0,12,37,43,40,0,120,10,0,10,130
12/31/2016,JAC,WY,ANM,WE,Federal Contract Tower,37,29,23,2,91,0,0,9,0,9,37,29,32,2,100,0,0,0,100
01/01/2017,JAC,WY,ANM,WE,Federal Contract Tower,44,40,35,0,119,0,0,0,0,0,44,40,35,0,119,0,0,0,119
01/02/2017,JAC,WY,ANM,WE,Federal Contract Tower,40,48,64,1,153,0,0,0,0,0,40,48,64,1,153,0,0,0,153
01/03/2017,JAC,WY,ANM,WE,Federal Contract Tower,29,33,28,0,90,0,0,0,0,0,29,33,28,0,90,0,0,0,90
01/04/2017,JAC,WY,ANM,WE,Federal Contract Tower,21,22,36,0,79,0,0,0,0,0,21,22,36,0,79,0,0,0,79
01/05/2017,JAC,WY,ANM,WE,Federal Contract Tower,23,29,25,0,77,0,0,0,0,0,23,29,25,0,77,0,0,0,77
01/06/2017,JAC,WY,ANM,WE,Federal Contract Tower,26,26,25,0,77,0,0,8,0,8,26,26,33,0,85,10,0,10,95
01/07/2017,JAC,WY,ANM,WE,Federal Contract Tower,34,25,27,0,86,0,2,13,0,15,34,27,40,0,101,0,0,0,101
01/08/2017,JAC,WY,ANM,WE,Federal Contract Tower,27,4,19,0,50,0,0,0,0,0,27,4,19,0,50,0,0,0,50
01/09/2017,JAC,WY,ANM,WE,Federal Contract Tower,13,11,12,0,36,0,0,0,0,0,13,11,12,0,36,0,0,0,36
01/10/2017,JAC,WY,ANM,WE,Federal Contract Tower,14,5,10,0,29,0,0,0,0,0,14,5,10,0,29,0,0,0,29
01/11/2017,JAC,WY,ANM,WE,Federal Contract Tower,20,15,22,0,57,0,0,0,0,0,20,15,22,0,57,0,0,0,57
01/12/2017,JAC,WY,ANM,WE,Federal Contract Tower,21,34,37,0,92,0,0,13,0,13,21,34,50,0,105,10,0,10,115
01/13/2017,JAC,WY,ANM,WE,Federal Contract Tower,19,41,26,0,86,0,0,31,0,31,19,41,57,0,117,14,0,14,131
01/14/2017,JAC,WY,ANM,WE,Federal Contract Tower,29,21,16,0,66,0,0,17,0,17,29,21,33,0,83,6,0,6,89
01/15/2017,JAC,WY,ANM,WE,Federal Contract Tower,21,17,14,0,52,0,0,10,0,10,21,17,24,0,62,0,0,0,62
01/16/2017,JAC,WY,ANM,WE,Federal Contract Tower,17,47,36,0,100,0,0,13,0,13,17,47,49,0,113,0,0,0,113
01/17/2017,JAC,WY,ANM,WE,Federal Contract Tower,16,16,15,0,47,0,2,11,0,13,16,18,26,0,60,0,0,0,60
01/18/2017,JAC,WY,ANM,WE,Federal Contract Tower,19,22,22,0,63,0,0,5,0,5,19,22,27,0,68,6,0,6,74
01/19/2017,JAC,WY,ANM,WE,Federal Contract Tower,27,28,9,2,66,0,0,5,0,5,27,28,14,2,71,0,0,0,71
01/20/2017,JAC,WY,ANM,WE,Federal Contract Tower,20,16,17,0,53,0,0,0,0,0,20,16,17,0,53,0,0,0,53
01/21/2017,JAC,WY,ANM,WE,Federal Contract Tower,27,14,7,0,48,0,0,15,0,15,27,14,22,0,63,0,0,0,63
01/22/2017,JAC,WY,ANM,WE,Federal Contract Tower,23,16,14,0,53,0,0,6,0,6,23,16,20,0,59,0,0,0,59
01/23/2017,JAC,WY,ANM,WE,Federal Contract Tower,18,19,18,2,57,0,2,3,0,5,18,21,21,2,62,0,0,0,62
01/24/2017,JAC,WY,ANM,WE,Federal Contract Tower,19,12,8,0,39,0,0,0,0,0,19,12,8,0,39,0,0,0,39
01/25/2017,JAC,WY,ANM,WE,Federal Contract Tower,23,9,18,0,50,0,0,1,0,1,23,9,19,0,51,0,0,0,51
01/26/2017,JAC,WY,ANM,WE,Federal Contract Tower,19,22,16,0,57,0,0,3,0,3,19,22,19,0,60,0,0,0,60
01/27/2017,JAC,WY,ANM,WE,Federal Contract Tower,20,20,17,0,57,0,0,9,1,10,20,20,26,1,67,8,0,8,75
01/28/2017,JAC,WY,ANM,WE,Federal Contract Tower,29,20,13,1,63,0,3,13,8,24,29,23,26,9,87,8,0,8,95
01/29/2017,JAC,WY,ANM,WE,Federal Contract Tower,24,20,14,1,59,0,0,2,0,2,24,20,16,1,61,0,0,0,61
01/30/2017,JAC,WY,ANM,WE,Federal Contract Tower,18,20,12,0,50,0,0,5,0,5,18,20,17,0,55,0,0,0,55
01/31/2017,JAC,WY,ANM,WE,Federal Contract Tower,19,13,5,0,37,0,0,0,0,0,19,13,5,0,37,0,0,0,37
02/01/2017,JAC,WY,ANM,WE,Federal Contract Tower,18,19,10,0,47,0,0,0,0,0,18,19,10,0,47,0,0,0,47
02/02/2017,JAC,WY,ANM,WE,Federal Contract Tower,17,13,17,0,47,0,0,0,0,0,17,13,17,0,47,0,0,0,47
02/03/2017,JAC,WY,ANM,WE,Federal Contract Tower,25,31,23,0,79,0,0,0,0,0,25,31,23,0,79,0,0,0,79
02/04/2017,JAC,WY,ANM,WE,Federal Contract Tower,33,16,5,0,54,0,0,0,0,0,33,16,5,0,54,0,0,0,54
02/05/2017,JAC,WY,ANM,WE,Federal Contract Tower,20,14,20,0,54,0,0,0,0,0,20,14,20,0,54,0,0,0,54
02/06/2017,JAC,WY,ANM,WE,Federal Contract Tower,40,16,28,0,84,0,0,0,0,0,40,16,28,0,84,0,0,0,84
02/07/2017,JAC,WY,ANM,WE,Federal Contract Tower,7,10,7,0,24,0,0,0,0,0,7,10,7,0,24,0,0,0,24
02/08/2017,JAC,WY,ANM,WE,Federal Contract Tower,21,14,19,0,54,0,1,0,0,1,21,15,19,0,55,0,0,0,55
02/09/2017,JAC,WY,ANM,WE,Federal Contract Tower,20,34,13,0,67,0,0,0,0,0,20,34,13,0,67,0,0,0,67
02/10/2017,JAC,WY,ANM,WE,Federal Contract Tower,26,27,16,0,69,0,0,0,0,0,26,27,16,0,69,2,0,2,71
02/11/2017,JAC,WY,ANM,WE,Federal Contract Tower,30,20,5,0,55,0,0,1,0,1,30,20,6,0,56,0,0,0,56
02/12/2017,JAC,WY,ANM,WE,Federal Contract Tower,22,6,18,0,46,0,0,24,0,24,22,6,42,0,70,12,0,12,82
02/13/2017,JAC,WY,ANM,WE,Federal Contract Tower,21,14,14,0,49,0,0,11,0,11,21,14,25,0,60,0,0,0,60
02/14/2017,JAC,WY,ANM,WE,Federal Contract Tower,21,10,8,0,39,0,6,13,4,23,21,16,21,4,62,18,0,18,80
02/15/2017,JAC,WY,ANM,WE,Federal Contract Tower,21,17,12,0,50,0,2,33,1,36,21,19,45,1,86,24,0,24,110
02/16/2017,JAC,WY,ANM,WE,Federal Contract Tower,29,34,44,2,109,0,1,20,0,21,29,35,64,2,130,24,0,24,154
02/17/2017,JAC,WY,ANM,WE,Federal Contract Tower,25,53,51,0,129,0,0,23,0,23,25,53,74,0,152,30,0,30,182
02/18/2017,JAC,WY,ANM,WE,Federal Contract Tower,40,55,24,0,119,0,0,0,0,0,40,55,24,0,119,0,0,0,119
02/19/2017,JAC,WY,ANM,WE,Federal Contract Tower,26,19,25,0,70,0,0,0,0,0,26,19,25,0,70,0,0,0,70
02/20/2017,JAC,WY,ANM,WE,Federal Contract Tower,31,49,62,0,142,0,0,0,0,0,31,49,62,0,142,0,0,0,142
02/21/2017,JAC,WY,ANM,WE,Federal Contract Tower,23,36,25,0,84,0,0,0,0,0,23,36,25,0,84,0,0,0,84
02/22/2017,JAC,WY,ANM,WE,Federal Contract Tower,20,26,8,0,54,0,0,9,0,9,20,26,17,0,63,0,0,0,63
02/23/2017,JAC,WY,ANM,WE,Federal Contract Tower,25,36,19,0,80,0,0,0,0,0,25,36,19,0,80,0,0,0,80
02/24/2017,JAC,WY,ANM,WE,Federal Contract Tower,28,28,21,0,77,0,0,0,0,0,28,28,21,0,77,0,0,0,77
02/25/2017,JAC,WY,ANM,WE,Federal Contract Tower,35,36,20,1,92,0,2,0,0,2,35,38,20,1,94,0,0,0,94
02/26/2017,JAC,WY,ANM,WE,Federal Contract Tower,26,38,29,0,93,0,0,0,0,0,26,38,29,0,93,0,0,0,93
02/27/2017,JAC,WY,ANM,WE,Federal Contract Tower,25,24,19,0,68,0,3,0,0,3,25,27,19,0,71,0,0,0,71
02/28/2017,JAC,WY,ANM,WE,Federal Contract Tower,20,22,4,0,46,0,0,0,0,0,20,22,4,0,46,0,0,0,46
03/01/2017,JAC,WY,ANM,WE,Federal Contract Tower,21,12,18,0,51,0,0,0,0,0,21,12,18,0,51,0,0,0,51
03/02/2017,JAC,WY,ANM,WE,Federal Contract Tower,22,22,17,4,65,0,4,7,0,11,22,26,24,4,76,0,0,0,76
03/03/2017,JAC,WY,ANM,WE,Federal Contract Tower,24,30,26,0,80,0,0,7,0,7,24,30,33,0,87,0,0,0,87
03/04/2017,JAC,WY,ANM,WE,Federal Contract Tower,33,18,16,1,68,0,1,10,0,11,33,19,26,1,79,0,0,0,79
03/05/2017,JAC,WY,ANM,WE,Federal Contract Tower,26,17,23,1,67,0,0,0,0,0,26,17,23,1,67,0,0,0,67
03/06/2017,JAC,WY,ANM,WE,Federal Contract Tower,25,27,25,0,77,0,0,0,0,0,25,27,25,0,77,0,0,0,77
03/07/2017,JAC,WY,ANM,WE,Federal Contract Tower,21,14,15,1,51,0,0,0,0,0,21,14,15,1,51,0,0,0,51
03/08/2017,JAC,WY,ANM,WE,Federal Contract Tower,19,12,33,0,64,0,0,0,0,0,19,12,33,0,64,0,0,0,64
03/09/2017,JAC,WY,ANM,WE,Federal Contract Tower,22,29,26,0,77,0,0,1,0,1,22,29,27,0,78,0,0,0,78
03/10/2017,JAC,WY,ANM,WE,Federal Contract Tower,24,31,19,0,74,0,0,2,0,2,24,31,21,0,76,0,0,0,76
03/11/2017,JAC,WY,ANM,WE,Federal Contract Tower,37,30,27,3,97,0,0,22,0,22,37,30,49,3,119,14,0,14,133
03/12/2017,JAC,WY,ANM,WE,Federal Contract Tower,29,17,23,0,69,0,0,0,0,0,29,17,23,0,69,0,0,0,69
03/13/2017,JAC,WY,ANM,WE,Federal Contract Tower,25,40,18,0,83,0,0,5,0,5,25,40,23,0,88,0,0,0,88
03/14/2017,JAC,WY,ANM,WE,Federal Contract Tower,9,17,12,0,38,0,1,12,0,13,9,18,24,0,51,0,0,0,51
03/15/2017,JAC,WY,ANM,WE,Federal Contract Tower,15,24,17,0,56,0,1,25,8,34,15,25,42,8,90,16,0,16,106
03/16/2017,JAC,WY,ANM,WE,Federal Contract Tower,22,36,15,0,73,0,0,0,2,2,22,36,15,2,75,0,0,0,75
03/17/2017,JAC,WY,ANM,WE,Federal Contract Tower,25,35,35,0,95,0,1,22,2,25,25,36,57,2,120,0,0,0,120
03/18/2017,JAC,WY,ANM,WE,Federal Contract Tower,36,39,30,0,105,0,0,31,0,31,36,39,61,0,136,26,0,26,162
03/19/2017,JAC,WY,ANM,WE,Federal Contract Tower,28,40,41,0,109,0,3,6,0,9,28,43,47,0,118,0,0,0,118
03/20/2017,JAC,WY,ANM,WE,Federal Contract Tower,19,30,21,0,70,0,1,0,0,1,19,31,21,0,71,0,0,0,71
03/21/2017,JAC,WY,ANM,WE,Federal Contract Tower,14,19,11,0,44,0,0,6,0,6,14,19,17,0,50,0,0,0,50
03/22/2017,JAC,WY,ANM,WE,Federal Contract Tower,20,15,14,0,49,0,0,0,0,0,20,15,14,0,49,0,0,0,49
03/23/2017,JAC,WY,ANM,WE,Federal Contract Tower,27,23,23,0,73,0,0,0,0,0,27,23,23,0,73,0,0,0,73
03/24/2017,JAC,WY,ANM,WE,Federal Contract Tower,20,30,42,0,92,0,2,14,0,16,20,32,56,0,108,2,0,2,110
03/25/2017,JAC,WY,ANM,WE,Federal Contract Tower,37,23,12,0,72,0,0,0,0,0,37,23,12,0,72,0,0,0,72
03/26/2017,JAC,WY,ANM,WE,Federal Contract Tower,26,19,21,0,66,0,0,4,0,4,26,19,25,0,70,0,0,0,70
03/27/2017,JAC,WY,ANM,WE,Federal Contract Tower,18,23,14,0,55,0,0,0,0,0,18,23,14,0,55,0,0,0,55
03/28/2017,JAC,WY,ANM,WE,Federal Contract Tower,12,8,14,0,34,0,3,10,0,13,12,11,24,0,47,0,0,0,47
03/29/2017,JAC,WY,ANM,WE,Federal Contract Tower,13,13,4,0,30,0,0,23,0,23,13,13,27,0,53,24,0,24,77
03/30/2017,JAC,WY,ANM,WE,Federal Contract Tower,15,18,15,0,48,0,0,0,0,0,15,18,15,0,48,0,0,0,48
03/31/2017,JAC,WY,ANM,WE,Federal Contract Tower,15,14,9,1,39,0,0,0,2,2,15,14,9,3,41,0,0,0,41
04/01/2017,JAC,WY,ANM,WE,Federal Contract Tower,14,20,9,0,43,0,0,14,0,14,14,20,23,0,57,6,0,6,63
04/02/2017,JAC,WY,ANM,WE,Federal Contract Tower,10,14,4,0,28,0,0,0,0,0,10,14,4,0,28,0,0,0,28
04/03/2017,JAC,WY,ANM,WE,Federal Contract Tower,12,32,5,0,49,0,1,4,0,5,12,33,9,0,54,0,0,0,54
04/04/2017,JAC,WY,ANM,WE,Federal Contract Tower,11,7,5,0,23,0,0,0,0,0,11,7,5,0,23,0,0,0,23
04/05/2017,JAC,WY,ANM,WE,Federal Contract Tower,8,13,4,0,25,0,0,0,0,0,8,13,4,0,25,0,0,0,25
04/06/2017,JAC,WY,ANM,WE,Federal Contract Tower,8,13,9,0,30,0,0,12,1,13,8,13,21,1,43,0,0,0,43
04/07/2017,JAC,WY,ANM,WE,Federal Contract Tower,10,16,9,2,37,0,0,0,0,0,10,16,9,2,37,0,0,0,37
04/08/2017,JAC,WY,ANM,WE,Federal Contract Tower,9,10,4,0,23,0,0,0,0,0,9,10,4,0,23,0,0,0,23
04/09/2017,JAC,WY,ANM,WE,Federal Contract Tower,8,10,23,0,41,0,0,0,0,0,8,10,23,0,41,0,0,0,41
04/10/2017,JAC,WY,ANM,WE,Federal Contract Tower,7,14,11,0,32,0,0,3,0,3,7,14,14,0,35,0,0,0,35
04/11/2017,JAC,WY,ANM,WE,Federal Contract Tower,11,10,14,0,35,0,1,4,0,5,11,11,18,0,40,0,0,0,40
04/12/2017,JAC,WY,ANM,WE,Federal Contract Tower,9,7,12,0,28,0,2,14,0,16,9,9,26,0,44,16,0,16,60
04/13/2017,JAC,WY,ANM,WE,Federal Contract Tower,8,9,22,0,39,0,1,7,0,8,8,10,29,0,47,0,0,0,47
04/14/2017,JAC,WY,ANM,WE,Federal Contract Tower,8,12,13,0,33,0,0,2,0,2,8,12,15,0,35,0,0,0,35
04/15/2017,JAC,WY,ANM,WE,Federal Contract Tower,8,2,13,0,23,0,0,12,2,14,8,2,25,2,37,8,0,8,45
04/16/2017,JAC,WY,ANM,WE,Federal Contract Tower,6,5,4,0,15,0,0,3,0,3,6,5,7,0,18,0,0,0,18
04/17/2017,JAC,WY,ANM,WE,Federal Contract Tower,10,5,5,0,20,0,0,0,0,0,10,5,5,0,20,0,0,0,20
04/18/2017,JAC,WY,ANM,WE,Federal Contract Tower,10,12,14,0,36,0,0,0,0,0,10,12,14,0,36,0,0,0,36
04/19/2017,JAC,WY,ANM,WE,Federal Contract Tower,9,11,12,0,32,0,2,4,0,6,9,13,16,0,38,0,0,0,38
04/20/2017,JAC,WY,ANM,WE,Federal Contract Tower,10,4,11,2,27,0,0,0,1,1,10,4,11,3,28,0,0,0,28
04/21/2017,JAC,WY,ANM,WE,Federal Contract Tower,9,8,15,0,32,0,0,0,0,0,9,8,15,0,32,0,0,0,32
04/22/2017,JAC,WY,ANM,WE,Federal Contract Tower,8,5,5,1,19,0,1,27,0,28,8,6,32,1,47,16,0,16,63
04/23/2017,JAC,WY,ANM,WE,Federal Contract Tower,9,4,9,0,22,0,0,0,0,0,9,4,9,0,22,0,0,0,22
04/24/2017,JAC,WY,ANM,WE,Federal Contract Tower,8,13,15,0,36,0,0,0,0,0,8,13,15,0,36,0,0,0,36
04/25/2017,JAC,WY,ANM,WE,Federal Contract Tower,10,8,8,0,26,0,0,0,0,0,10,8,8,0,26,0,0,0,26
04/26/2017,JAC,WY,ANM,WE,Federal Contract Tower,10,6,12,0,28,0,0,0,0,0,10,6,12,0,28,0,0,0,28
04/27/2017,JAC,WY,ANM,WE,Federal Contract Tower,10,11,6,0,27,0,0,0,0,0,10,11,6,0,27,0,0,0,27
04/28/2017,JAC,WY,ANM,WE,Federal Contract Tower,8,15,12,1,36,0,0,0,0,0,8,15,12,1,36,0,0,0,36
04/29/2017,JAC,WY,ANM,WE,Federal Contract Tower,8,6,3,0,17,0,0,5,0,5,8,6,8,0,22,10,0,10,32
04/30/2017,JAC,WY,ANM,WE,Federal Contract Tower,10,3,12,0,25,0,0,4,0,4,10,3,16,0,29,2,0,2,31
05/01/2017,JAC,WY,ANM,WE,Federal Contract Tower,9,11,10,0,30,0,1,2,0,3,9,12,12,0,33,0,0,0,33
05/02/2017,JAC,WY,ANM,WE,Federal Contract Tower,10,8,16,0,34,0,0,4,0,4,10,8,20,0,38,0,0,0,38
05/03/2017,JAC,WY,ANM,WE,Federal Contract Tower,9,19,16,0,44,0,0,20,0,20,9,19,36,0,64,0,0,0,64
05/04/2017,JAC,WY,ANM,WE,Federal Contract Tower,12,8,16,0,36,0,3,18,0,21,12,11,34,0,57,6,0,6,63
05/05/2017,JAC,WY,ANM,WE,Federal Contract Tower,13,11,16,0,40,0,0,17,1,18,13,11,33,1,58,0,0,0,58
05/06/2017,JAC,WY,ANM,WE,Federal Contract Tower,12,11,8,0,31,0,3,7,0,10,12,14,15,0,41,0,0,0,41
05/07/2017,JAC,WY,ANM,WE,Federal Contract Tower,13,4,20,0,37,0,0,8,5,13,13,4,28,5,50,0,0,0,50
05/08/2017,JAC,WY,ANM,WE,Federal Contract Tower,6,11,20,0,37,0,0,5,0,5,6,11,25,0,42,0,0,0,42
05/09/2017,JAC,WY,ANM,WE,Federal Contract Tower,9,10,9,0,28,0,0,9,0,9,9,10,18,0,37,0,0,0,37
05/10/2017,JAC,WY,ANM,WE,Federal Contract Tower,12,13,19,0,44,0,2,18,2,22,12,15,37,2,66,0,0,0,66
05/11/2017,JAC,WY,ANM,WE,Federal Contract Tower,10,8,22,0,40,1,8,34,5,48,11,16,56,5,88,0,0,0,88
05/12/2017,JAC,WY,ANM,WE,Federal Contract Tower,11,6,14,4,35,0,1,15,0,16,11,7,29,4,51,0,0,0,51
05/13/2017,JAC,WY,ANM,WE,Federal Contract Tower,9,9,3,1,22,1,1,14,1,17,10,10,17,2,39,0,0,0,39
05/14/2017,JAC,WY,ANM,WE,Federal Contract Tower,10,9,13,3,35,0,0,26,0,26,10,9,39,3,61,9,0,9,70
05/15/2017,JAC,WY,ANM,WE,Federal Contract Tower,12,22,9,2,45,0,0,19,0,19,12,22,28,2,64,0,0,0,64
05/16/2017,JAC,WY,ANM,WE,Federal Contract Tower,13,21,10,2,46,0,1,8,0,9,13,22,18,2,55,0,0,0,55
05/17/2017,JAC,WY,ANM,WE,Federal Contract Tower,11,16,20,0,47,0,1,4,0,5,11,17,24,0,52,0,0,0,52
05/18/2017,JAC,WY,ANM,WE,Federal Contract Tower,10,17,26,0,53,0,0,3,0,3,10,17,29,0,56,0,0,0,56
05/19/2017,JAC,WY,ANM,WE,Federal Contract Tower,11,12,17,1,41,0,1,9,0,10,11,13,26,1,51,12,0,12,63
05/20/2017,JAC,WY,ANM,WE,Federal Contract Tower,10,19,12,0,41,0,1,12,1,14,10,20,24,1,55,0,0,0,55
05/21/2017,JAC,WY,ANM,WE,Federal Contract Tower,8,7,14,0,29,0,0,7,0,7,8,7,21,0,36,0,0,0,36
05/22/2017,JAC,WY,ANM,WE,Federal Contract Tower,11,12,10,0,33,0,0,19,0,19,11,12,29,0,52,0,0,0,52
05/23/2017,JAC,WY,ANM,WE,Federal Contract Tower,13,6,13,1,33,0,0,22,1,23,13,6,35,2,56,16,0,16,72
05/24/2017,JAC,WY,ANM,WE,Federal Contract Tower,13,14,18,0,45,0,0,4,0,4,13,14,22,0,49,0,0,0,49
05/25/2017,JAC,WY,ANM,WE,Federal Contract Tower,11,11,22,0,44,0,0,14,0,14,11,11,36,0,58,6,0,6,64
05/26/2017,JAC,WY,ANM,WE,Federal Contract Tower,13,20,42,0,75,0,0,3,0,3,13,20,45,0,78,0,0,0,78
05/27/2017,JAC,WY,ANM,WE,Federal Contract Tower,10,18,10,0,38,0,1,18,0,19,10,19,28,0,57,20,0,20,77
05/28/2017,JAC,WY,ANM,WE,Federal Contract Tower,12,7,4,0,23,0,0,31,0,31,12,7,35,0,54,0,0,0,54
05/29/2017,JAC,WY,ANM,WE,Federal Contract Tower,12,16,18,1,47,0,0,15,0,15,12,16,33,1,62,0,0,0,62
05/31/2017,JAC,WY,ANM,WE,Federal Contract Tower,12,19,23,0,54,0,3,18,0,21,12,22,41,0,75,10,0,10,85
06/01/2017,JAC,WY,ANM,WE,Federal Contract Tower,11,15,20,0,46,0,3,27,2,32,11,18,47,2,78,0,0,0,78
06/02/2017,JAC,WY,ANM,WE,Federal Contract Tower,16,15,16,0,47,0,1,16,1,18,16,16,32,1,65,4,0,4,69
06/03/2017,JAC,WY,ANM,WE,Federal Contract Tower,21,14,7,2,44,0,2,23,1,26,21,16,30,3,70,18,0,18,88
06/04/2017,JAC,WY,ANM,WE,Federal Contract Tower,23,17,16,0,56,0,0,45,0,45,23,17,61,0,101,0,0,0,101
06/05/2017,JAC,WY,ANM,WE,Federal Contract Tower,19,24,12,0,55,0,0,19,0,19,19,24,31,0,74,0,0,0,74
06/06/2017,JAC,WY,ANM,WE,Federal Contract Tower,19,14,24,0,57,0,1,24,7,32,19,15,48,7,89,48,0,48,137
06/07/2017,JAC,WY,ANM,WE,Federal Contract Tower,19,19,25,0,63,1,0,15,0,16,20,19,40,0,79,0,0,0,79
06/08/2017,JAC,WY,ANM,WE,Federal Contract Tower,23,21,19,1,64,0,1,15,0,16,23,22,34,1,80,4,0,4,84
06/09/2017,JAC,WY,ANM,WE,Federal Contract Tower,26,21,28,0,75,0,1,34,6,41,26,22,62,6,116,24,0,24,140
06/10/2017,JAC,WY,ANM,WE,Federal Contract Tower,38,22,23,0,83,0,0,6,0,6,38,22,29,0,89,0,0,0,89
06/11/2017,JAC,WY,ANM,WE,Federal Contract Tower,33,12,24,0,69,0,0,7,0,7,33,12,31,0,76,0,0,0,76
06/12/2017,JAC,WY,ANM,WE,Federal Contract Tower,25,20,15,4,64,0,0,7,0,7,25,20,22,4,71,0,0,0,71
06/13/2017,JAC,WY,ANM,WE,Federal Contract Tower,22,30,32,0,84,0,0,0,0,0,22,30,32,0,84,0,0,0,84
06/14/2017,JAC,WY,ANM,WE,Federal Contract Tower,26,18,28,0,72,0,2,22,0,24,26,20,50,0,96,16,0,16,112
06/15/2017,JAC,WY,ANM,WE,Federal Contract Tower,26,27,25,0,78,2,1,18,0,21,28,28,43,0,99,0,0,0,99
06/16/2017,JAC,WY,ANM,WE,Federal Contract Tower,24,20,29,0,73,0,0,3,0,3,24,20,32,0,76,2,0,2,78
06/17/2017,JAC,WY,ANM,WE,Federal Contract Tower,37,22,23,0,82,0,2,12,0,14,37,24,35,0,96,2,0,2,98
06/18/2017,JAC,WY,ANM,WE,Federal Contract Tower,32,22,32,0,86,2,0,34,0,36,34,22,66,0,122,0,0,0,122
06/19/2017,JAC,WY,ANM,WE,Federal Contract Tower,26,14,21,0,61,0,0,19,0,19,26,14,40,0,80,2,0,2,82
06/20/2017,JAC,WY,ANM,WE,Federal Contract Tower,29,15,27,0,71,0,0,30,0,30,29,15,57,0,101,34,0,34,135
06/21/2017,JAC,WY,ANM,WE,Federal Contract Tower,28,41,19,4,92,0,2,15,2,19,28,43,34,6,111,12,12,24,135
06/22/2017,JAC,WY,ANM,WE,Federal Contract Tower,23,16,20,0,59,0,2,17,0,19,23,18,37,0,78,34,0,34,112
06/23/2017,JAC,WY,ANM,WE,Federal Contract Tower,25,18,18,0,61,0,0,12,3,15,25,18,30,3,76,4,0,4,80
06/24/2017,JAC,WY,ANM,WE,Federal Contract Tower,33,25,12,0,70,0,1,15,0,16,33,26,27,0,86,24,0,24,110
06/25/2017,JAC,WY,ANM,WE,Federal Contract Tower,34,23,20,0,77,0,0,33,3,36,34,23,53,3,113,4,0,4,117
06/26/2017,JAC,WY,ANM,WE,Federal Contract Tower,26,29,25,0,80,0,0,19,0,19,26,29,44,0,99,0,0,0,99
06/27/2017,JAC,WY,ANM,WE,Federal Contract Tower,25,25,28,0,78,0,0,4,0,4,25,25,32,0,82,0,0,0,82
06/28/2017,JAC,WY,ANM,WE,Federal Contract Tower,27,29,35,0,91,0,3,10,0,13,27,32,45,0,104,30,0,30,134
06/29/2017,JAC,WY,ANM,WE,Federal Contract Tower,26,22,25,2,75,0,0,15,0,15,26,22,40,2,90,8,0,8,98
06/30/2017,JAC,WY,ANM,WE,Federal Contract Tower,25,40,28,0,93,0,1,39,5,45,25,41,67,5,138,14,0,14,152
07/01/2017,JAC,WY,ANM,WE,Federal Contract Tower,43,37,37,0,117,0,1,28,1,30,43,38,65,1,147,10,0,10,157
07/02/2017,JAC,WY,ANM,WE,Federal Contract Tower,39,25,16,0,80,0,0,18,0,18,39,25,34,0,98,8,0,8,106
07/03/2017,JAC,WY,ANM,WE,Federal Contract Tower,31,18,14,0,63,0,1,39,0,40,31,19,53,0,103,4,0,4,107
07/04/2017,JAC,WY,ANM,WE,Federal Contract Tower,31,22,12,0,65,0,0,17,0,17,31,22,29,0,82,8,0,8,90
07/05/2017,JAC,WY,ANM,WE,Federal Contract Tower,37,29,31,0,97,0,3,19,0,22,37,32,50,0,119,0,0,0,119
07/06/2017,JAC,WY,ANM,WE,Federal Contract Tower,34,35,30,0,99,0,2,18,2,22,34,37,48,2,121,34,0,34,155
07/07/2017,JAC,WY,ANM,WE,Federal Contract Tower,33,28,41,0,102,0,2,19,0,21,33,30,60,0,123,20,0,20,143
07/08/2017,JAC,WY,ANM,WE,Federal Contract Tower,44,25,35,0,104,0,3,27,6,36,44,28,62,6,140,30,6,36,176
07/09/2017,JAC,WY,ANM,WE,Federal Contract Tower,43,25,34,0,102,0,0,21,0,21,43,25,55,0,123,0,0,0,123
07/10/2017,JAC,WY,ANM,WE,Federal Contract Tower,32,21,26,0,79,0,5,14,1,20,32,26,40,1,99,4,0,4,103
07/11/2017,JAC,WY,ANM,WE,Federal Contract Tower,41,27,18,0,86,0,3,20,2,25,41,30,38,2,111,20,0,20,131
07/12/2017,JAC,WY,ANM,WE,Federal Contract Tower,28,31,28,0,87,0,1,29,0,30,28,32,57,0,117,32,0,32,149
07/13/2017,JAC,WY,ANM,WE,Federal Contract Tower,30,25,28,0,83,0,0,32,0,32,30,25,60,0,115,10,0,10,125
07/14/2017,JAC,WY,ANM,WE,Federal Contract Tower,30,22,26,0,78,0,0,23,7,30,30,22,49,7,108,2,0,2,110
07/15/2017,JAC,WY,ANM,WE,Federal Contract Tower,46,25,23,0,94,0,0,27,2,29,46,25,50,2,123,0,0,0,123
07/16/2017,JAC,WY,ANM,WE,Federal Contract Tower,39,39,38,0,116,0,0,19,0,19,39,39,57,0,135,0,0,0,135
07/17/2017,JAC,WY,ANM,WE,Federal Contract Tower,33,30,23,0,86,0,2,24,3,29,33,32,47,3,115,0,0,0,115
07/18/2017,JAC,WY,ANM,WE,Federal Contract Tower,31,30,27,0,88,0,0,21,2,23,31,30,48,2,111,36,0,36,147
07/19/2017,JAC,WY,ANM,WE,Federal Contract Tower,38,28,23,0,89,0,0,31,0,31,38,28,54,0,120,16,0,16,136
07/20/2017,JAC,WY,ANM,WE,Federal Contract Tower,33,35,35,0,103,0,0,33,0,33,33,35,68,0,136,0,0,0,136
07/21/2017,JAC,WY,ANM,WE,Federal Contract Tower,33,30,27,0,90,0,1,22,2,25,33,31,49,2,115,18,0,18,133
07/22/2017,JAC,WY,ANM,WE,Federal Contract Tower,41,27,31,0,99,1,3,13,0,17,42,30,44,0,116,26,0,26,142
07/23/2017,JAC,WY,ANM,WE,Federal Contract Tower,37,29,33,2,101,0,0,0,0,0,37,29,33,2,101,12,0,12,113
07/24/2017,JAC,WY,ANM,WE,Federal Contract Tower,35,35,27,0,97,0,2,20,1,23,35,37,47,1,120,0,0,0,120
07/25/2017,JAC,WY,ANM,WE,Federal Contract Tower,33,29,27,0,89,0,1,12,0,13,33,30,39,0,102,28,0,28,130
07/26/2017,JAC,WY,ANM,WE,Federal Contract Tower,33,24,46,0,103,0,1,20,0,21,33,25,66,0,124,2,0,2,126
07/27/2017,JAC,WY,ANM,WE,Federal Contract Tower,33,46,35,0,114,0,0,32,1,33,33,46,67,1,147,10,0,10,157
07/28/2017,JAC,WY,ANM,WE,Federal Contract Tower,33,30,37,2,102,0,1,29,0,30,33,31,66,2,132,18,0,18,150
07/29/2017,JAC,WY,ANM,WE,Federal Contract Tower,45,31,28,0,104,0,0,26,0,26,45,31,54,0,130,8,0,8,138
07/30/2017,JAC,WY,ANM,WE,Federal Contract Tower,39,29,42,0,110,0,0,24,0,24,39,29,66,0,134,0,0,0,134
07/31/2017,JAC,WY,ANM,WE,Federal Contract Tower,35,21,23,0,79,0,3,23,0,26,35,24,46,0,105,0,0,0,105
08/01/2017,JAC,WY,ANM,WE,Federal Contract Tower,36,27,24,0,87,2,2,26,0,30,38,29,50,0,117,22,0,22,139
08/02/2017,JAC,WY,ANM,WE,Federal Contract Tower,32,31,45,0,108,0,8,26,0,34,32,39,71,0,142,0,0,0,142
08/03/2017,JAC,WY,ANM,WE,Federal Contract Tower,31,40,31,0,102,0,1,15,0,16,31,41,46,0,118,8,0,8,126
08/04/2017,JAC,WY,ANM,WE,Federal Contract Tower,31,31,35,0,97,0,1,21,0,22,31,32,56,0,119,4,0,4,123
08/05/2017,JAC,WY,ANM,WE,Federal Contract Tower,45,26,36,0,107,0,0,16,0,16,45,26,52,0,123,6,0,6,129
08/06/2017,JAC,WY,ANM,WE,Federal Contract Tower,39,53,38,0,130,0,0,23,0,23,39,53,61,0,153,0,0,0,153
08/07/2017,JAC,WY,ANM,WE,Federal Contract Tower,33,41,38,0,112,0,0,10,0,10,33,41,48,0,122,0,0,0,122
08/08/2017,JAC,WY,ANM,WE,Federal Contract Tower,33,33,26,0,92,0,1,10,0,11,33,34,36,0,103,0,0,0,103
08/09/2017,JAC,WY,ANM,WE,Federal Contract Tower,30,28,17,0,75,1,1,16,0,18,31,29,33,0,93,32,0,32,125
08/10/2017,JAC,WY,ANM,WE,Federal Contract Tower,30,33,36,0,99,0,1,16,0,17,30,34,52,0,116,0,0,0,116
08/11/2017,JAC,WY,ANM,WE,Federal Contract Tower,33,37,21,0,91,0,0,16,0,16,33,37,37,0,107,0,0,0,107
08/12/2017,JAC,WY,ANM,WE,Federal Contract Tower,43,43,35,0,121,0,0,14,0,14,43,43,49,0,135,42,0,42,177
08/13/2017,JAC,WY,ANM,WE,Federal Contract Tower,39,30,26,1,96,0,0,10,1,11,39,30,36,2,107,0,0,0,107
08/14/2017,JAC,WY,ANM,WE,Federal Contract Tower,34,23,39,0,96,1,0,14,0,15,35,23,53,0,111,0,0,0,111
08/15/2017,JAC,WY,ANM,WE,Federal Contract Tower,33,29,27,0,89,0,1,18,0,19,33,30,45,0,108,2,0,2,110
08/16/2017,JAC,WY,ANM,WE,Federal Contract Tower,31,24,30,0,85,1,1,17,0,19,32,25,47,0,104,18,0,18,122
08/17/2017,JAC,WY,ANM,WE,Federal Contract Tower,26,45,43,0,114,1,4,63,0,68,27,49,106,0,182,1,0,1,183
08/18/2017,JAC,WY,ANM,WE,Federal Contract Tower,33,69,51,0,153,0,5,40,9,54,33,74,91,9,207,0,0,0,207
08/19/2017,JAC,WY,ANM,WE,Federal Contract Tower,46,75,48,0,169,0,3,33,0,36,46,78,81,0,205,16,0,16,221
08/20/2017,JAC,WY,ANM,WE,Federal Contract Tower,38,55,51,0,144,0,3,36,0,39,38,58,87,0,183,2,0,2,185
08/21/2017,JAC,WY,ANM,WE,Federal Contract Tower,27,48,58,0,133,0,0,23,0,23,27,48,81,0,156,0,0,0,156
08/22/2017,JAC,WY,ANM,WE,Federal Contract Tower,44,114,69,2,229,0,4,47,2,53,44,118,116,4,282,0,2,2,284
08/23/2017,JAC,WY,ANM,WE,Federal Contract Tower,32,61,50,2,145,0,0,14,0,14,32,61,64,2,159,0,0,0,159
08/24/2017,JAC,WY,ANM,WE,Federal Contract Tower,26,42,40,1,109,0,1,38,0,39,26,43,78,1,148,0,0,0,148
08/25/2017,JAC,WY,ANM,WE,Federal Contract Tower,28,36,32,0,96,0,1,25,0,26,28,37,57,0,122,20,0,20,142
08/26/2017,JAC,WY,ANM,WE,Federal Contract Tower,37,22,14,2,75,0,0,29,0,29,37,22,43,2,104,0,2,2,106
08/27/2017,JAC,WY,ANM,WE,Federal Contract Tower,31,25,29,0,85,0,0,21,0,21,31,25,50,0,106,0,0,0,106
08/28/2017,JAC,WY,ANM,WE,Federal Contract Tower,25,31,31,0,87,0,0,29,0,29,25,31,60,0,116,10,0,10,126
08/29/2017,JAC,WY,ANM,WE,Federal Contract Tower,24,26,24,0,74,1,1,25,0,27,25,27,49,0,101,18,0,18,119
08/30/2017,JAC,WY,ANM,WE,Federal Contract Tower,25,26,30,0,81,0,0,23,1,24,25,26,53,1,105,0,0,0,105
08/31/2017,JAC,WY,ANM,WE,Federal Contract Tower,25,29,22,1,77,0,2,20,0,22,25,31,42,1,99,0,0,0,99
09/01/2017,JAC,WY,ANM,WE,Federal Contract Tower,24,24,23,1,72,2,1,25,0,28,26,25,48,1,100,8,0,8,108
09/02/2017,JAC,WY,ANM,WE,Federal Contract Tower,32,16,12,0,60,0,2,16,0,18,32,18,28,0,78,2,0,2,80
09/03/2017,JAC,WY,ANM,WE,Federal Contract Tower,28,14,13,1,56,0,0,13,1,14,28,14,26,2,70,6,6,12,82
09/04/2017,JAC,WY,ANM,WE,Federal Contract Tower,24,28,35,0,87,0,0,16,0,16,24,28,51,0,103,0,0,0,103
09/05/2017,JAC,WY,ANM,WE,Federal Contract Tower,22,19,24,0,65,0,4,19,0,23,22,23,43,0,88,38,0,38,126
09/06/2017,JAC,WY,ANM,WE,Federal Contract Tower,26,22,35,0,83,0,1,11,0,12,26,23,46,0,95,22,0,22,117
09/07/2017,JAC,WY,ANM,WE,Federal Contract Tower,21,23,42,2,88,0,0,12,0,12,21,23,54,2,100,0,0,0,100
09/08/2017,JAC,WY,ANM,WE,Federal Contract Tower,23,20,33,0,76,0,0,16,0,16,23,20,49,0,92,20,0,20,112
09/09/2017,JAC,WY,ANM,WE,Federal Contract Tower,27,25,24,0,76,0,0,18,0,18,27,25,42,0,94,0,0,0,94
09/10/2017,JAC,WY,ANM,WE,Federal Contract Tower,25,30,34,0,89,0,1,10,0,11,25,31,44,0,100,0,0,0,100
09/11/2017,JAC,WY,ANM,WE,Federal Contract Tower,22,28,29,3,82,0,1,14,0,15,22,29,43,3,97,2,0,2,99
09/12/2017,JAC,WY,ANM,WE,Federal Contract Tower,23,21,38,2,84,0,3,24,0,27,23,24,62,2,111,0,0,0,111
09/13/2017,JAC,WY,ANM,WE,Federal Contract Tower,22,22,32,0,76,0,2,16,0,18,22,24,48,0,94,22,0,22,116
09/14/2017,JAC,WY,ANM,WE,Federal Contract Tower,24,19,47,0,90,0,2,10,1,13,24,21,57,1,103,2,0,2,105
09/15/2017,JAC,WY,ANM,WE,Federal Contract Tower,23,33,24,0,80,0,0,0,0,0,23,33,24,0,80,0,0,0,80
09/16/2017,JAC,WY,ANM,WE,Federal Contract Tower,27,25,25,1,78,0,0,1,1,2,27,25,26,2,80,0,0,0,80
09/17/2017,JAC,WY,ANM,WE,Federal Contract Tower,23,26,39,1,89,1,0,8,0,9,24,26,47,1,98,6,0,6,104
09/18/2017,JAC,WY,ANM,WE,Federal Contract Tower,23,20,25,0,68,0,1,5,1,7,23,21,30,1,75,0,0,0,75
09/19/2017,JAC,WY,ANM,WE,Federal Contract Tower,22,17,24,0,63,0,0,0,0,0,22,17,24,0,63,0,0,0,63
09/20/2017,JAC,WY,ANM,WE,Federal Contract Tower,20,17,33,0,70,0,0,12,2,14,20,17,45,2,84,0,0,0,84
09/21/2017,JAC,WY,ANM,WE,Federal Contract Tower,24,18,19,0,61,0,0,0,0,0,24,18,19,0,61,0,0,0,61
09/22/2017,JAC,WY,ANM,WE,Federal Contract Tower,26,27,28,0,81,0,0,0,0,0,26,27,28,0,81,0,0,0,81
09/23/2017,JAC,WY,ANM,WE,Federal Contract Tower,27,27,14,0,68,0,0,3,0,3,27,27,17,0,71,0,0,0,71
09/24/2017,JAC,WY,ANM,WE,Federal Contract Tower,25,23,22,0,70,0,0,2,0,2,25,23,24,0,72,0,0,0,72
09/25/2017,JAC,WY,ANM,WE,Federal Contract Tower,22,26,24,0,72,0,0,6,0,6,22,26,30,0,78,0,0,0,78
09/26/2017,JAC,WY,ANM,WE,Federal Contract Tower,22,29,15,0,66,0,0,19,1,20,22,29,34,1,86,4,0,4,90
09/27/2017,JAC,WY,ANM,WE,Federal Contract Tower,23,17,17,0,57,0,4,25,2,31,23,21,42,2,88,0,0,0,88
09/28/2017,JAC,WY,ANM,WE,Federal Contract Tower,22,20,44,0,86,0,3,25,0,28,22,23,69,0,114,16,0,16,130
09/29/2017,JAC,WY,ANM,WE,Federal Contract Tower,24,40,31,0,95,0,1,12,4,17,24,41,43,4,112,6,1,7,119
09/30/2017,JAC,WY,ANM,WE,Federal Contract Tower,22,17,18,0,57,0,0,1,0,1,22,17,19,0,58,0,0,0,58
10/01/2017,JAC,WY,ANM,WE,Federal Contract Tower,23,31,35,0,89,0,0,0,0,0,23,31,35,0,89,0,0,0,89
10/02/2017,JAC,WY,ANM,WE,Federal Contract Tower,21,30,11,0,62,0,0,0,0,0,21,30,11,0,62,0,0,0,62
10/03/2017,JAC,WY,ANM,WE,Federal Contract Tower,21,20,16,0,57,0,1,4,4,9,21,21,20,4,66,0,0,0,66
10/04/2017,JAC,WY,ANM,WE,Federal Contract Tower,21,24,18,2,65,0,2,0,2,4,21,26,18,4,69,0,0,0,69
10/05/2017,JAC,WY,ANM,WE,Federal Contract Tower,9,22,22,1,54,0,2,32,1,35,9,24,54,2,89,5,0,5,94
10/06/2017,JAC,WY,ANM,WE,Federal Contract Tower,9,31,25,0,65,0,0,9,0,9,9,31,34,0,74,6,0,6,80
10/07/2017,JAC,WY,ANM,WE,Federal Contract Tower,7,20,6,0,33,0,0,7,0,7,7,20,13,0,40,0,0,0,40
10/08/2017,JAC,WY,ANM,WE,Federal Contract Tower,10,29,14,0,53,0,0,1,0,1,10,29,15,0,54,0,0,0,54
10/09/2017,JAC,WY,ANM,WE,Federal Contract Tower,6,31,27,0,64,0,0,18,0,18,6,31,45,0,82,0,0,0,82
10/10/2017,JAC,WY,ANM,WE,Federal Contract Tower,9,18,21,0,48,0,2,6,0,8,9,20,27,0,56,0,0,0,56
10/11/2017,JAC,WY,ANM,WE,Federal Contract Tower,8,15,19,0,42,0,1,38,3,42,8,16,57,3,84,8,0,8,92
10/12/2017,JAC,WY,ANM,WE,Federal Contract Tower,10,13,14,0,37,0,0,18,2,20,10,13,32,2,57,18,0,18,75
10/13/2017,JAC,WY,ANM,WE,Federal Contract Tower,9,19,17,0,45,0,0,1,0,1,9,19,18,0,46,0,0,0,46
10/14/2017,JAC,WY,ANM,WE,Federal Contract Tower,8,13,4,0,25,0,0,1,0,1,8,13,5,0,26,0,0,0,26
10/17/2017,JAC,WY,ANM,WE,Federal Contract Tower,8,15,16,0,39,0,0,11,1,12,8,15,27,1,51,0,0,0,51
10/18/2017,JAC,WY,ANM,WE,Federal Contract Tower,8,19,20,0,47,0,0,21,0,21,8,19,41,0,68,8,0,8,76
10/19/2017,JAC,WY,ANM,WE,Federal Contract Tower,7,12,23,0,42,0,0,13,0,13,7,12,36,0,55,0,0,0,55
10/20/2017,JAC,WY,ANM,WE,Federal Contract Tower,9,23,9,0,41,0,0,0,0,0,9,23,9,0,41,0,0,0,41
10/21/2017,JAC,WY,ANM,WE,Federal Contract Tower,8,9,6,2,25,0,0,0,0,0,8,9,6,2,25,0,0,0,25
10/22/2017,JAC,WY,ANM,WE,Federal Contract Tower,10,17,12,0,39,0,0,2,0,2,10,17,14,0,41,0,0,0,41
10/23/2017,JAC,WY,ANM,WE,Federal Contract Tower,7,14,8,0,29,0,3,4,0,7,7,17,12,0,36,0,0,0,36
10/24/2017,JAC,WY,ANM,WE,Federal Contract Tower,10,21,4,0,35,0,0,13,0,13,10,21,17,0,48,0,0,0,48
10/25/2017,JAC,WY,ANM,WE,Federal Contract Tower,8,13,12,0,33,0,2,11,0,13,8,15,23,0,46,0,0,0,46
10/26/2017,JAC,WY,ANM,WE,Federal Contract Tower,10,10,10,0,30,0,2,2,0,4,10,12,12,0,34,0,0,0,34
10/27/2017,JAC,WY,ANM,WE,Federal Contract Tower,8,11,15,2,36,0,1,5,0,6,8,12,20,2,42,10,0,10,52
10/28/2017,JAC,WY,ANM,WE,Federal Contract Tower,7,9,6,2,24,0,1,4,0,5,7,10,10,2,29,0,0,0,29
10/29/2017,JAC,WY,ANM,WE,Federal Contract Tower,10,7,17,0,34,0,0,12,0,12,10,7,29,0,46,20,0,20,66
10/30/2017,JAC,WY,ANM,WE,Federal Contract Tower,7,18,10,1,36,0,2,6,1,9,7,20,16,2,45,0,0,0,45
10/31/2017,JAC,WY,ANM,WE,Federal Contract Tower,8,13,8,0,29,0,0,8,2,10,8,13,16,2,39,0,0,0,39
11/01/2017,JAC,WY,ANM,WE,Federal Contract Tower,10,8,11,0,29,0,0,18,0,18,10,8,29,0,47,0,0,0,47
11/02/2017,JAC,WY,ANM,WE,Federal Contract Tower,10,14,9,0,33,0,1,0,0,1,10,15,9,0,34,0,0,0,34
11/03/2017,JAC,WY,ANM,WE,Federal Contract Tower,10,8,9,0,27,0,0,0,0,0,10,8,9,0,27,0,0,0,27
11/04/2017,JAC,WY,ANM,WE,Federal Contract Tower,7,3,9,0,19,0,0,0,0,0,7,3,9,0,19,0,0,0,19
11/05/2017,JAC,WY,ANM,WE,Federal Contract Tower,7,11,13,0,31,0,0,2,0,2,7,11,15,0,33,20,0,20,53
11/06/2017,JAC,WY,ANM,WE,Federal Contract Tower,8,10,6,0,24,0,0,0,0,0,8,10,6,0,24,0,0,0,24
11/07/2017,JAC,WY,ANM,WE,Federal Contract Tower,9,13,3,0,25,0,0,9,1,10,9,13,12,1,35,0,0,0,35
11/08/2017,JAC,WY,ANM,WE,Federal Contract Tower,8,13,10,0,31,0,1,2,0,3,8,14,12,0,34,8,0,8,42
11/09/2017,JAC,WY,ANM,WE,Federal Contract Tower,7,5,21,0,33,0,0,3,0,3,7,5,24,0,36,0,0,0,36
11/10/2017,JAC,WY,ANM,WE,Federal Contract Tower,6,4,13,0,23,0,0,2,0,2,6,4,15,0,25,0,0,0,25
11/11/2017,JAC,WY,ANM,WE,Federal Contract Tower,9,2,6,0,17,0,0,3,0,3,9,2,9,0,20,0,0,0,20
11/12/2017,JAC,WY,ANM,WE,Federal Contract Tower,7,5,11,0,23,0,0,13,0,13,7,5,24,0,36,8,0,8,44
11/13/2017,JAC,WY,ANM,WE,Federal Contract Tower,8,9,17,0,34,0,1,8,0,9,8,10,25,0,43,4,0,4,47
11/14/2017,JAC,WY,ANM,WE,Federal Contract Tower,7,10,10,0,27,0,0,0,0,0,7,10,10,0,27,0,2,2,29
11/15/2017,JAC,WY,ANM,WE,Federal Contract Tower,7,12,13,0,32,0,0,8,0,8,7,12,21,0,40,16,0,16,56
11/16/2017,JAC,WY,ANM,WE,Federal Contract Tower,8,15,17,2,42,0,0,0,0,0,8,15,17,2,42,0,0,0,42
11/17/2017,JAC,WY,ANM,WE,Federal Contract Tower,7,16,26,0,49,0,0,0,0,0,7,16,26,0,49,0,0,0,49
11/18/2017,JAC,WY,ANM,WE,Federal Contract Tower,7,14,9,1,31,0,1,1,0,2,7,15,10,1,33,0,0,0,33
11/19/2017,JAC,WY,ANM,WE,Federal Contract Tower,7,13,9,1,30,0,0,4,0,4,7,13,13,1,34,0,0,0,34
11/20/2017,JAC,WY,ANM,WE,Federal Contract Tower,7,12,14,0,33,0,0,0,0,0,7,12,14,0,33,0,0,0,33
11/21/2017,JAC,WY,ANM,WE,Federal Contract Tower,7,18,20,0,45,0,0,1,0,1,7,18,21,0,46,0,0,0,46
11/22/2017,JAC,WY,ANM,WE,Federal Contract Tower,6,9,19,0,34,0,0,0,0,0,6,9,19,0,34,12,0,12,46
11/23/2017,JAC,WY,ANM,WE,Federal Contract Tower,4,3,2,0,9,0,0,0,0,0,4,3,2,0,9,10,0,10,19
11/24/2017,JAC,WY,ANM,WE,Federal Contract Tower,6,13,2,0,21,0,0,0,0,0,6,13,2,0,21,0,0,0,21
11/25/2017,JAC,WY,ANM,WE,Federal Contract Tower,10,21,8,2,41,0,1,22,0,23,10,22,30,2,64,2,0,2,66
11/26/2017,JAC,WY,ANM,WE,Federal Contract Tower,8,15,25,4,52,0,0,12,0,12,8,15,37,4,64,2,0,2,66
11/27/2017,JAC,WY,ANM,WE,Federal Contract Tower,8,12,22,0,42,0,0,0,0,0,8,12,22,0,42,0,0,0,42
11/28/2017,JAC,WY,ANM,WE,Federal Contract Tower,7,18,7,0,32,0,0,9,0,9,7,18,16,0,41,6,0,6,47
11/29/2017,JAC,WY,ANM,WE,Federal Contract Tower,7,10,16,0,33,0,0,1,0,1,7,10,17,0,34,0,0,0,34
11/30/2017,JAC,WY,ANM,WE,Federal Contract Tower,7,18,18,0,43,0,0,0,0,0,7,18,18,0,43,30,0,30,73
12/01/2017,JAC,WY,ANM,WE,Federal Contract Tower,9,12,20,0,41,0,0,0,0,0,9,12,20,0,41,0,0,0,41
12/02/2017,JAC,WY,ANM,WE,Federal Contract Tower,7,9,6,0,22,0,0,6,0,6,7,9,12,0,28,0,0,0,28
12/03/2017,JAC,WY,ANM,WE,Federal Contract Tower,7,13,14,0,34,0,0,0,0,0,7,13,14,0,34,0,0,0,34
12/04/2017,JAC,WY,ANM,WE,Federal Contract Tower,7,18,14,0,39,0,0,2,0,2,7,18,16,0,41,0,0,0,41
12/05/2017,JAC,WY,ANM,WE,Federal Contract Tower,7,19,8,0,34,0,0,0,0,0,7,19,8,0,34,14,0,14,48
12/06/2017,JAC,WY,ANM,WE,Federal Contract Tower,7,21,11,0,39,0,1,5,0,6,7,22,16,0,45,29,0,29,74
12/07/2017,JAC,WY,ANM,WE,Federal Contract Tower,8,16,10,0,34,0,0,4,0,4,8,16,14,0,38,12,0,12,50
12/08/2017,JAC,WY,ANM,WE,Federal Contract Tower,9,13,19,1,42,0,0,9,0,9,9,13,28,1,51,8,4,12,63
12/09/2017,JAC,WY,ANM,WE,Federal Contract Tower,7,10,8,0,25,0,0,5,0,5,7,10,13,0,30,0,0,0,30
12/10/2017,JAC,WY,ANM,WE,Federal Contract Tower,7,17,19,2,45,0,0,9,2,11,7,17,28,4,56,0,0,0,56
12/11/2017,JAC,WY,ANM,WE,Federal Contract Tower,7,19,8,0,34,0,0,14,0,14,7,19,22,0,48,0,0,0,48
12/12/2017,JAC,WY,ANM,WE,Federal Contract Tower,7,9,17,0,33,0,0,7,0,7,7,9,24,0,40,4,0,4,44
12/13/2017,JAC,WY,ANM,WE,Federal Contract Tower,8,11,13,0,32,0,0,2,0,2,8,11,15,0,34,6,0,6,40
12/14/2017,JAC,WY,ANM,WE,Federal Contract Tower,8,16,19,0,43,0,0,5,0,5,8,16,24,0,48,40,0,40,88
12/15/2017,JAC,WY,ANM,WE,Federal Contract Tower,14,26,22,1,63,0,0,5,0,5,14,26,27,1,68,4,0,4,72
12/16/2017,JAC,WY,ANM,WE,Federal Contract Tower,14,31,30,1,76,0,0,0,0,0,14,31,30,1,76,0,0,0,76
12/17/2017,JAC,WY,ANM,WE,Federal Contract Tower,15,20,29,0,64,0,0,0,0,0,15,20,29,0,64,0,0,0,64
12/18/2017,JAC,WY,ANM,WE,Federal Contract Tower,17,26,31,0,74,0,0,0,0,0,17,26,31,0,74,0,0,0,74
12/19/2017,JAC,WY,ANM,WE,Federal Contract Tower,15,27,24,0,66,0,0,4,0,4,15,27,28,0,70,0,0,0,70
12/20/2017,JAC,WY,ANM,WE,Federal Contract Tower,26,35,20,0,81,0,0,1,0,1,26,35,21,0,82,0,0,0,82
12/21/2017,JAC,WY,ANM,WE,Federal Contract Tower,37,47,24,0,108,0,0,2,0,2,37,47,26,0,110,2,0,2,112
12/22/2017,JAC,WY,ANM,WE,Federal Contract Tower,34,47,33,0,114,0,0,0,0,0,34,47,33,0,114,0,0,0,114
12/23/2017,JAC,WY,ANM,WE,Federal Contract Tower,49,32,31,0,112,0,0,1,0,1,49,32,32,0,113,0,0,0,113
12/24/2017,JAC,WY,ANM,WE,Federal Contract Tower,35,18,9,0,62,0,0,1,0,1,35,18,10,0,63,16,0,16,79
12/25/2017,JAC,WY,ANM,WE,Federal Contract Tower,34,11,2,0,47,0,0,0,0,0,34,11,2,0,47,0,0,0,47
12/26/2017,JAC,WY,ANM,WE,Federal Contract Tower,34,52,77,0,163,0,0,2,0,2,34,52,79,0,165,2,0,2,167
12/27/2017,JAC,WY,ANM,WE,Federal Contract Tower,37,47,50,0,134,0,2,2,0,4,37,49,52,0,138,0,0,0,138
12/28/2017,JAC,WY,ANM,WE,Federal Contract Tower,35,26,38,0,99,0,0,6,0,6,35,26,44,0,105,0,0,0,105
12/29/2017,JAC,WY,ANM,WE,Federal Contract Tower,38,26,15,0,79,0,1,1,0,2,38,27,16,0,81,0,0,0,81
12/30/2017,JAC,WY,ANM,WE,Federal Contract Tower,29,20,12,0,61,0,0,0,0,0,29,20,12,0,61,0,0,0,61
12/31/2017,JAC,WY,ANM,WE,Federal Contract Tower,42,27,31,0,100,0,6,6,0,12,42,33,37,0,112,6,0,6,118
01/01/2018,JAC,WY,ANM,WE,Federal Contract Tower,33,42,45,0,120,0,0,8,0,8,33,42,53,0,128,0,0,0,128
01/02/2018,JAC,WY,ANM,WE,Federal Contract Tower,37,54,58,2,151,0,0,6,0,6,37,54,64,2,157,0,0,0,157
01/03/2018,JAC,WY,ANM,WE,Federal Contract Tower,28,30,35,0,93,0,1,9,0,10,28,31,44,0,103,0,0,0,103
01/04/2018,JAC,WY,ANM,WE,Federal Contract Tower,27,15,26,0,68,0,0,11,0,11,27,15,37,0,79,0,0,0,79
01/05/2018,JAC,WY,ANM,WE,Federal Contract Tower,29,29,26,0,84,0,2,7,0,9,29,31,33,0,93,21,0,21,114
01/06/2018,JAC,WY,ANM,WE,Federal Contract Tower,45,25,17,0,87,0,0,1,0,1,45,25,18,0,88,0,0,0,88
01/07/2018,JAC,WY,ANM,WE,Federal Contract Tower,38,23,2,1,64,0,0,1,1,2,38,23,3,2,66,0,0,0,66
01/08/2018,JAC,WY,ANM,WE,Federal Contract Tower,22,21,17,0,60,0,2,6,0,8,22,23,23,0,68,0,0,0,68
01/09/2018,JAC,WY,ANM,WE,Federal Contract Tower,20,13,16,0,49,0,0,0,0,0,20,13,16,0,49,0,0,0,49
01/10/2018,JAC,WY,ANM,WE,Federal Contract Tower,19,22,21,0,62,0,1,2,0,3,19,23,23,0,65,2,0,2,67
01/11/2018,JAC,WY,ANM,WE,Federal Contract Tower,22,17,23,0,62,0,1,1,0,2,22,18,24,0,64,2,0,2,66
01/12/2018,JAC,WY,ANM,WE,Federal Contract Tower,22,37,35,0,94,0,0,1,0,1,22,37,36,0,95,0,0,0,95
01/13/2018,JAC,WY,ANM,WE,Federal Contract Tower,35,27,21,0,83,0,0,0,0,0,35,27,21,0,83,0,0,0,83
01/14/2018,JAC,WY,ANM,WE,Federal Contract Tower,25,16,17,0,58,0,0,1,0,1,25,16,18,0,59,0,0,0,59
01/15/2018,JAC,WY,ANM,WE,Federal Contract Tower,13,31,33,0,77,0,0,0,0,0,13,31,33,0,77,0,0,0,77
01/16/2018,JAC,WY,ANM,WE,Federal Contract Tower,22,22,26,0,70,0,0,4,0,4,22,22,30,0,74,0,0,0,74
01/17/2018,JAC,WY,ANM,WE,Federal Contract Tower,21,12,18,0,51,0,0,8,0,8,21,12,26,0,59,12,0,12,71
01/18/2018,JAC,WY,ANM,WE,Federal Contract Tower,20,14,6,0,40,0,0,1,0,1,20,14,7,0,41,19,0,19,60
01/19/2018,JAC,WY,ANM,WE,Federal Contract Tower,21,21,13,0,55,0,0,0,0,0,21,21,13,0,55,0,0,0,55
01/20/2018,JAC,WY,ANM,WE,Federal Contract Tower,37,14,11,0,62,0,0,0,0,0,37,14,11,0,62,0,0,0,62
01/21/2018,JAC,WY,ANM,WE,Federal Contract Tower,24,21,11,0,56,0,0,4,0,4,24,21,15,0,60,0,0,0,60
01/22/2018,JAC,WY,ANM,WE,Federal Contract Tower,20,24,3,0,47,0,0,0,0,0,20,24,3,0,47,0,0,0,47
01/23/2018,JAC,WY,ANM,WE,Federal Contract Tower,20,11,11,0,42,0,1,0,0,1,20,12,11,0,43,0,0,0,43
01/24/2018,JAC,WY,ANM,WE,Federal Contract Tower,22,15,8,0,45,0,1,2,0,3,22,16,10,0,48,14,0,14,62
01/25/2018,JAC,WY,ANM,WE,Federal Contract Tower,22,29,21,0,72,0,0,0,0,0,22,29,21,0,72,0,0,0,72
01/26/2018,JAC,WY,ANM,WE,Federal Contract Tower,22,16,14,0,52,0,0,0,0,0,22,16,14,0,52,0,0,0,52
01/27/2018,JAC,WY,ANM,WE,Federal Contract Tower,35,16,10,0,61,0,0,0,0,0,35,16,10,0,61,0,0,0,61
01/28/2018,JAC,WY,ANM,WE,Federal Contract Tower,25,23,31,0,79,0,0,0,0,0,25,23,31,0,79,0,0,0,79
01/29/2018,JAC,WY,ANM,WE,Federal Contract Tower,22,17,18,2,59,0,1,2,0,3,22,18,20,2,62,2,0,2,64
01/30/2018,JAC,WY,ANM,WE,Federal Contract Tower,20,13,13,0,46,0,1,1,0,2,20,14,14,0,48,0,0,0,48
01/31/2018,JAC,WY,ANM,WE,Federal Contract Tower,22,13,15,2,52,0,0,1,0,1,22,13,16,2,53,0,0,0,53
02/01/2018,JAC,WY,ANM,WE,Federal Contract Tower,21,26,17,0,64,0,0,5,0,5,21,26,22,0,69,0,0,0,69
02/02/2018,JAC,WY,ANM,WE,Federal Contract Tower,25,27,27,0,79,0,0,0,0,0,25,27,27,0,79,0,0,0,79
02/03/2018,JAC,WY,ANM,WE,Federal Contract Tower,35,12,14,2,63,0,1,0,0,1,35,13,14,2,64,0,0,0,64
02/04/2018,JAC,WY,ANM,WE,Federal Contract Tower,21,12,29,0,62,0,0,0,0,0,21,12,29,0,62,0,0,0,62
02/05/2018,JAC,WY,ANM,WE,Federal Contract Tower,21,21,29,2,73,0,0,0,0,0,21,21,29,2,73,0,0,0,73
02/06/2018,JAC,WY,ANM,WE,Federal Contract Tower,19,13,16,0,48,0,0,0,0,0,19,13,16,0,48,0,0,0,48
02/07/2018,JAC,WY,ANM,WE,Federal Contract Tower,20,13,10,2,45,0,0,4,0,4,20,13,14,2,49,0,0,0,49
02/08/2018,JAC,WY,ANM,WE,Federal Contract Tower,23,17,32,0,72,0,2,3,0,5,23,19,35,0,77,0,0,0,77
02/09/2018,JAC,WY,ANM,WE,Federal Contract Tower,21,27,26,2,76,0,1,1,0,2,21,28,27,2,78,0,0,0,78
02/10/2018,JAC,WY,ANM,WE,Federal Contract Tower,36,16,17,1,70,0,0,0,0,0,36,16,17,1,70,0,0,0,70
02/11/2018,JAC,WY,ANM,WE,Federal Contract Tower,25,22,31,0,78,0,0,8,2,10,25,22,39,2,88,0,0,0,88
02/12/2018,JAC,WY,ANM,WE,Federal Contract Tower,26,21,12,0,59,0,0,0,0,0,26,21,12,0,59,0,0,0,59
02/13/2018,JAC,WY,ANM,WE,Federal Contract Tower,19,16,13,0,48,0,0,3,0,3,19,16,16,0,51,2,0,2,53
02/14/2018,JAC,WY,ANM,WE,Federal Contract Tower,22,19,14,0,55,0,0,1,0,1,22,19,15,0,56,0,0,0,56
02/15/2018,JAC,WY,ANM,WE,Federal Contract Tower,21,34,38,0,93,0,0,0,0,0,21,34,38,0,93,0,0,0,93
02/16/2018,JAC,WY,ANM,WE,Federal Contract Tower,29,52,45,0,126,0,0,0,0,0,29,52,45,0,126,0,0,0,126
02/17/2018,JAC,WY,ANM,WE,Federal Contract Tower,39,41,20,0,100,0,0,0,0,0,39,41,20,0,100,0,0,0,100
02/18/2018,JAC,WY,ANM,WE,Federal Contract Tower,25,19,19,0,63,0,2,0,0,2,25,21,19,0,65,0,0,0,65
02/19/2018,JAC,WY,ANM,WE,Federal Contract Tower,20,81,62,0,163,0,0,1,0,1,20,81,63,0,164,0,0,0,164
02/20/2018,JAC,WY,ANM,WE,Federal Contract Tower,23,40,31,0,94,0,0,0,0,0,23,40,31,0,94,0,0,0,94
02/21/2018,JAC,WY,ANM,WE,Federal Contract Tower,24,37,28,0,89,2,0,0,0,2,26,37,28,0,91,2,0,2,93
02/22/2018,JAC,WY,ANM,WE,Federal Contract Tower,24,33,19,1,77,0,0,4,0,4,24,33,23,1,81,4,0,4,85
02/23/2018,JAC,WY,ANM,WE,Federal Contract Tower,24,26,26,0,76,0,0,5,0,5,24,26,31,0,81,2,0,2,83
02/24/2018,JAC,WY,ANM,WE,Federal Contract Tower,37,36,16,0,89,0,0,0,0,0,37,36,16,0,89,0,0,0,89
02/25/2018,JAC,WY,ANM,WE,Federal Contract Tower,28,42,52,0,122,0,0,0,0,0,28,42,52,0,122,0,0,0,122
02/26/2018,JAC,WY,ANM,WE,Federal Contract Tower,22,22,15,0,59,0,0,0,0,0,22,22,15,0,59,0,0,0,59
02/27/2018,JAC,WY,ANM,WE,Federal Contract Tower,23,22,22,0,67,0,0,0,0,0,23,22,22,0,67,0,0,0,67
02/28/2018,JAC,WY,ANM,WE,Federal Contract Tower,24,22,16,0,62,0,0,6,0,6,24,22,22,0,68,12,0,12,80
03/01/2018,JAC,WY,ANM,WE,Federal Contract Tower,20,26,23,0,69,0,0,0,0,0,20,26,23,0,69,0,0,0,69
03/02/2018,JAC,WY,ANM,WE,Federal Contract Tower,23,23,21,0,67,0,0,0,0,0,23,23,21,0,67,0,0,0,67
03/03/2018,JAC,WY,ANM,WE,Federal Contract Tower,44,15,13,0,72,0,0,0,0,0,44,15,13,0,72,0,0,0,72
03/04/2018,JAC,WY,ANM,WE,Federal Contract Tower,30,31,31,2,94,0,0,0,0,0,30,31,31,2,94,0,0,0,94
03/05/2018,JAC,WY,ANM,WE,Federal Contract Tower,20,27,27,0,74,0,0,1,0,1,20,27,28,0,75,0,0,0,75
03/06/2018,JAC,WY,ANM,WE,Federal Contract Tower,23,9,16,0,48,0,1,2,2,5,23,10,18,2,53,6,0,6,59
03/07/2018,JAC,WY,ANM,WE,Federal Contract Tower,21,14,13,0,48,0,0,8,2,10,21,14,21,2,58,0,0,0,58
03/08/2018,JAC,WY,ANM,WE,Federal Contract Tower,24,16,22,0,62,0,0,2,0,2,24,16,24,0,64,0,0,0,64
03/09/2018,JAC,WY,ANM,WE,Federal Contract Tower,25,31,27,0,83,0,0,2,0,2,25,31,29,0,85,0,0,0,85
03/10/2018,JAC,WY,ANM,WE,Federal Contract Tower,39,21,18,2,80,0,0,4,0,4,39,21,22,2,84,0,0,0,84
03/11/2018,JAC,WY,ANM,WE,Federal Contract Tower,29,27,17,0,73,0,0,5,1,6,29,27,22,1,79,0,4,4,83
03/12/2018,JAC,WY,ANM,WE,Federal Contract Tower,23,26,17,0,66,0,0,4,0,4,23,26,21,0,70,0,0,0,70
03/13/2018,JAC,WY,ANM,WE,Federal Contract Tower,24,14,13,0,51,0,0,0,0,0,24,14,13,0,51,0,0,0,51
03/14/2018,JAC,WY,ANM,WE,Federal Contract Tower,22,14,16,0,52,0,3,3,0,6,22,17,19,0,58,0,0,0,58
03/15/2018,JAC,WY,ANM,WE,Federal Contract Tower,23,14,28,1,66,0,0,2,0,2,23,14,30,1,68,2,0,2,70
03/16/2018,JAC,WY,ANM,WE,Federal Contract Tower,25,21,16,0,62,0,0,0,0,0,25,21,16,0,62,0,0,0,62
03/17/2018,JAC,WY,ANM,WE,Federal Contract Tower,40,47,21,0,108,0,0,0,0,0,40,47,21,0,108,0,0,0,108
03/18/2018,JAC,WY,ANM,WE,Federal Contract Tower,27,30,29,0,86,0,0,7,3,10,27,30,36,3,96,0,0,0,96
03/19/2018,JAC,WY,ANM,WE,Federal Contract Tower,23,29,15,1,68,0,0,4,0,4,23,29,19,1,72,0,0,0,72
03/20/2018,JAC,WY,ANM,WE,Federal Contract Tower,21,19,24,0,64,0,2,2,0,4,21,21,26,0,68,28,0,28,96
03/21/2018,JAC,WY,ANM,WE,Federal Contract Tower,23,30,25,0,78,0,0,0,0,0,23,30,25,0,78,0,0,0,78
03/22/2018,JAC,WY,ANM,WE,Federal Contract Tower,23,17,26,0,66,0,0,0,0,0,23,17,26,0,66,0,0,0,66
03/23/2018,JAC,WY,ANM,WE,Federal Contract Tower,24,29,24,0,77,0,0,11,0,11,24,29,35,0,88,16,0,16,104
03/24/2018,JAC,WY,ANM,WE,Federal Contract Tower,39,22,11,0,72,0,0,0,0,0,39,22,11,0,72,0,0,0,72
03/25/2018,JAC,WY,ANM,WE,Federal Contract Tower,28,16,29,0,73,0,0,0,0,0,28,16,29,0,73,0,0,0,73
03/26/2018,JAC,WY,ANM,WE,Federal Contract Tower,22,17,15,2,56,0,0,1,0,1,22,17,16,2,57,0,0,0,57
03/27/2018,JAC,WY,ANM,WE,Federal Contract Tower,24,9,8,0,41,0,3,5,0,8,24,12,13,0,49,0,0,0,49
03/28/2018,JAC,WY,ANM,WE,Federal Contract Tower,23,27,15,0,65,0,0,0,0,0,23,27,15,0,65,0,0,0,65
03/29/2018,JAC,WY,ANM,WE,Federal Contract Tower,20,18,19,0,57,0,0,0,0,0,20,18,19,0,57,0,0,0,57
03/30/2018,JAC,WY,ANM,WE,Federal Contract Tower,24,15,11,0,50,0,0,0,0,0,24,15,11,0,50,0,0,0,50
03/31/2018,JAC,WY,ANM,WE,Federal Contract Tower,39,17,17,0,73,0,0,1,0,1,39,17,18,0,74,0,0,0,74
04/01/2018,JAC,WY,ANM,WE,Federal Contract Tower,30,24,11,0,65,0,0,0,0,0,30,24,11,0,65,0,0,0,65
04/02/2018,JAC,WY,ANM,WE,Federal Contract Tower,23,26,8,3,60,0,0,0,0,0,23,26,8,3,60,0,0,0,60
04/03/2018,JAC,WY,ANM,WE,Federal Contract Tower,20,9,7,1,37,0,1,9,0,10,20,10,16,1,47,0,0,0,47
04/04/2018,JAC,WY,ANM,WE,Federal Contract Tower,20,10,8,0,38,0,0,0,0,0,20,10,8,0,38,0,0,0,38
04/05/2018,JAC,WY,ANM,WE,Federal Contract Tower,25,13,1,0,39,0,0,0,0,0,25,13,1,0,39,0,0,0,39
04/06/2018,JAC,WY,ANM,WE,Federal Contract Tower,19,14,6,1,40,0,0,0,0,0,19,14,6,1,40,0,0,0,40
04/07/2018,JAC,WY,ANM,WE,Federal Contract Tower,21,13,4,0,38,0,0,0,0,0,21,13,4,0,38,0,0,0,38
04/08/2018,JAC,WY,ANM,WE,Federal Contract Tower,21,6,7,0,34,0,0,0,0,0,21,6,7,0,34,0,0,0,34
04/09/2018,JAC,WY,ANM,WE,Federal Contract Tower,9,9,17,0,35,0,2,4,0,6,9,11,21,0,41,0,0,0,41
04/10/2018,JAC,WY,ANM,WE,Federal Contract Tower,10,7,2,0,19,0,1,4,0,5,10,8,6,0,24,0,0,0,24
04/11/2018,JAC,WY,ANM,WE,Federal Contract Tower,10,12,6,0,28,0,0,0,0,0,10,12,6,0,28,0,0,0,28
04/12/2018,JAC,WY,ANM,WE,Federal Contract Tower,10,6,9,0,25,0,0,0,0,0,10,6,9,0,25,0,0,0,25
04/13/2018,JAC,WY,ANM,WE,Federal Contract Tower,9,6,5,0,20,0,0,2,0,2,9,6,7,0,22,0,0,0,22
04/14/2018,JAC,WY,ANM,WE,Federal Contract Tower,11,6,9,0,26,0,2,5,0,7,11,8,14,0,33,0,0,0,33
04/15/2018,JAC,WY,ANM,WE,Federal Contract Tower,9,5,14,0,28,0,0,0,0,0,9,5,14,0,28,0,0,0,28
04/16/2018,JAC,WY,ANM,WE,Federal Contract Tower,9,19,10,2,40,0,1,0,0,1,9,20,10,2,41,0,0,0,41
04/17/2018,JAC,WY,ANM,WE,Federal Contract Tower,8,8,10,0,26,0,0,0,0,0,8,8,10,0,26,0,0,0,26
04/18/2018,JAC,WY,ANM,WE,Federal Contract Tower,10,9,8,2,29,0,0,4,0,4,10,9,12,2,33,3,7,10,43
04/19/2018,JAC,WY,ANM,WE,Federal Contract Tower,9,7,11,0,27,0,2,3,0,5,9,9,14,0,32,0,0,0,32
04/20/2018,JAC,WY,ANM,WE,Federal Contract Tower,10,11,7,0,28,0,1,1,0,2,10,12,8,0,30,0,0,0,30
04/21/2018,JAC,WY,ANM,WE,Federal Contract Tower,9,14,6,0,29,0,0,21,1,22,9,14,27,1,51,0,0,0,51
04/22/2018,JAC,WY,ANM,WE,Federal Contract Tower,10,14,5,0,29,0,0,0,0,0,10,14,5,0,29,0,0,0,29
04/23/2018,JAC,WY,ANM,WE,Federal Contract Tower,10,15,4,0,29,0,1,2,0,3,10,16,6,0,32,0,0,0,32
04/24/2018,JAC,WY,ANM,WE,Federal Contract Tower,10,11,5,0,26,0,0,9,0,9,10,11,14,0,35,0,0,0,35
04/25/2018,JAC,WY,ANM,WE,Federal Contract Tower,10,12,9,0,31,0,0,12,0,12,10,12,21,0,43,0,0,0,43
04/26/2018,JAC,WY,ANM,WE,Federal Contract Tower,9,16,7,0,32,0,0,10,0,10,9,16,17,0,42,8,0,8,50
04/27/2018,JAC,WY,ANM,WE,Federal Contract Tower,8,17,3,0,28,0,0,10,0,10,8,17,13,0,38,7,0,7,45
04/28/2018,JAC,WY,ANM,WE,Federal Contract Tower,12,11,9,0,32,0,0,7,0,7,12,11,16,0,39,0,0,0,39
04/29/2018,JAC,WY,ANM,WE,Federal Contract Tower,9,7,5,0,21,0,1,1,0,2,9,8,6,0,23,0,0,0,23
04/30/2018,JAC,WY,ANM,WE,Federal Contract Tower,8,19,7,0,34,0,0,0,0,0,8,19,7,0,34,0,0,0,34
05/01/2018,JAC,WY,ANM,WE,Federal Contract Tower,12,12,8,0,32,0,0,2,0,2,12,12,10,0,34,0,0,0,34
05/02/2018,JAC,WY,ANM,WE,Federal Contract Tower,8,8,6,0,22,0,1,10,0,11,8,9,16,0,33,16,0,16,49
05/03/2018,JAC,WY,ANM,WE,Federal Contract Tower,8,10,18,0,36,0,0,7,0,7,8,10,25,0,43,0,0,0,43
05/04/2018,JAC,WY,ANM,WE,Federal Contract Tower,9,13,9,1,32,0,0,12,0,12,9,13,21,1,44,0,0,0,44
05/05/2018,JAC,WY,ANM,WE,Federal Contract Tower,10,9,2,0,21,0,1,5,3,9,10,10,7,3,30,0,0,0,30
05/06/2018,JAC,WY,ANM,WE,Federal Contract Tower,9,9,13,0,31,0,0,1,0,1,9,9,14,0,32,0,0,0,32
05/07/2018,JAC,WY,ANM,WE,Federal Contract Tower,9,14,13,0,36,0,0,8,0,8,9,14,21,0,44,0,0,0,44
05/08/2018,JAC,WY,ANM,WE,Federal Contract Tower,9,7,8,0,24,0,0,7,0,7,9,7,15,0,31,0,0,0,31
05/09/2018,JAC,WY,ANM,WE,Federal Contract Tower,8,14,7,0,29,1,1,15,0,17,9,15,22,0,46,11,0,11,57
05/10/2018,JAC,WY,ANM,WE,Federal Contract Tower,10,12,11,0,33,0,1,5,0,6,10,13,16,0,39,0,0,0,39
05/11/2018,JAC,WY,ANM,WE,Federal Contract Tower,10,9,15,0,34,0,0,0,0,0,10,9,15,0,34,0,0,0,34
05/12/2018,JAC,WY,ANM,WE,Federal Contract Tower,10,8,9,0,27,0,0,1,0,1,10,8,10,0,28,0,0,0,28
05/13/2018,JAC,WY,ANM,WE,Federal Contract Tower,7,13,12,0,32,0,1,2,0,3,7,14,14,0,35,0,0,0,35
05/14/2018,JAC,WY,ANM,WE,Federal Contract Tower,9,20,17,2,48,0,0,15,0,15,9,20,32,2,63,0,0,0,63
05/15/2018,JAC,WY,ANM,WE,Federal Contract Tower,9,12,10,0,31,0,0,11,0,11,9,12,21,0,42,0,0,0,42
05/17/2018,JAC,WY,ANM,WE,Federal Contract Tower,9,19,20,0,48,0,0,11,0,11,9,19,31,0,59,4,0,4,63
05/18/2018,JAC,WY,ANM,WE,Federal Contract Tower,9,16,16,0,41,0,0,8,0,8,9,16,24,0,49,0,0,0,49
05/19/2018,JAC,WY,ANM,WE,Federal Contract Tower,10,19,11,0,40,0,0,2,0,2,10,19,13,0,42,0,0,0,42
05/20/2018,JAC,WY,ANM,WE,Federal Contract Tower,9,8,19,2,38,0,0,2,0,2,9,8,21,2,40,0,0,0,40
05/21/2018,JAC,WY,ANM,WE,Federal Contract Tower,9,17,13,0,39,0,1,5,0,6,9,18,18,0,45,0,0,0,45
05/22/2018,JAC,WY,ANM,WE,Federal Contract Tower,9,16,7,0,32,0,0,8,0,8,9,16,15,0,40,0,0,0,40
05/23/2018,JAC,WY,ANM,WE,Federal Contract Tower,11,10,12,0,33,0,0,0,0,0,11,10,12,0,33,0,0,0,33
05/24/2018,JAC,WY,ANM,WE,Federal Contract Tower,10,17,26,0,53,0,0,5,0,5,10,17,31,0,58,5,0,5,63
05/25/2018,JAC,WY,ANM,WE,Federal Contract Tower,8,18,21,0,47,1,0,13,6,20,9,18,34,6,67,7,0,7,74
05/26/2018,JAC,WY,ANM,WE,Federal Contract Tower,12,30,5,0,47,0,0,11,0,11,12,30,16,0,58,0,0,0,58
05/27/2018,JAC,WY,ANM,WE,Federal Contract Tower,5,14,14,0,33,0,0,2,0,2,5,14,16,0,35,14,0,14,49
05/28/2018,JAC,WY,ANM,WE,Federal Contract Tower,8,17,19,0,44,0,0,6,0,6,8,17,25,0,50,12,0,12,62
05/29/2018,JAC,WY,ANM,WE,Federal Contract Tower,8,16,21,0,45,0,0,7,0,7,8,16,28,0,52,14,0,14,66
05/30/2018,JAC,WY,ANM,WE,Federal Contract Tower,9,10,18,0,37,0,1,22,2,25,9,11,40,2,62,0,0,0,62
05/31/2018,JAC,WY,ANM,WE,Federal Contract Tower,9,27,27,0,63,0,3,1,0,4,9,30,28,0,67,0,0,0,67
06/01/2018,JAC,WY,ANM,WE,Federal Contract Tower,9,27,29,0,65,0,0,2,1,3,9,27,31,1,68,0,0,0,68
06/02/2018,JAC,WY,ANM,WE,Federal Contract Tower,11,9,15,0,35,0,0,18,0,18,11,9,33,0,53,0,0,0,53
06/03/2018,JAC,WY,ANM,WE,Federal Contract Tower,9,14,22,0,45,0,0,19,1,20,9,14,41,1,65,12,0,12,77
06/04/2018,JAC,WY,ANM,WE,Federal Contract Tower,8,15,15,0,38,0,0,3,0,3,8,15,18,0,41,2,0,2,43
06/05/2018,JAC,WY,ANM,WE,Federal Contract Tower,8,19,13,0,40,0,0,23,2,25,8,19,36,2,65,3,0,3,68
06/06/2018,JAC,WY,ANM,WE,Federal Contract Tower,10,16,17,0,43,0,0,16,0,16,10,16,33,0,59,8,0,8,67
06/07/2018,JAC,WY,ANM,WE,Federal Contract Tower,25,17,22,0,64,0,17,0,0,17,25,34,22,0,81,18,0,18,99
06/08/2018,JAC,WY,ANM,WE,Federal Contract Tower,30,24,20,0,74,0,0,21,3,24,30,24,41,3,98,4,0,4,102
06/09/2018,JAC,WY,ANM,WE,Federal Contract Tower,40,13,23,0,76,0,1,17,1,19,40,14,40,1,95,0,0,0,95
06/10/2018,JAC,WY,ANM,WE,Federal Contract Tower,36,9,18,0,63,0,0,9,0,9,36,9,27,0,72,0,0,0,72
06/11/2018,JAC,WY,ANM,WE,Federal Contract Tower,32,26,21,0,79,0,1,5,0,6,32,27,26,0,85,0,0,0,85
06/12/2018,JAC,WY,ANM,WE,Federal Contract Tower,32,6,13,0,51,0,4,29,0,33,32,10,42,0,84,0,0,0,84
06/13/2018,JAC,WY,ANM,WE,Federal Contract Tower,31,18,24,0,73,0,6,26,2,34,31,24,50,2,107,0,0,0,107
06/14/2018,JAC,WY,ANM,WE,Federal Contract Tower,29,20,19,1,69,0,0,11,5,16,29,20,30,6,85,0,4,4,89
06/15/2018,JAC,WY,ANM,WE,Federal Contract Tower,31,26,19,0,76,0,1,9,0,10,31,27,28,0,86,0,0,0,86
06/16/2018,JAC,WY,ANM,WE,Federal Contract Tower,43,23,18,0,84,0,0,5,0,5,43,23,23,0,89,0,0,0,89
06/17/2018,JAC,WY,ANM,WE,Federal Contract Tower,38,18,23,0,79,0,0,0,0,0,38,18,23,0,79,0,0,0,79
06/18/2018,JAC,WY,ANM,WE,Federal Contract Tower,28,31,23,0,82,0,2,2,0,4,28,33,25,0,86,0,0,0,86
06/19/2018,JAC,WY,ANM,WE,Federal Contract Tower,30,22,29,0,81,0,0,3,0,3,30,22,32,0,84,0,0,0,84
06/20/2018,JAC,WY,ANM,WE,Federal Contract Tower,30,31,19,0,80,0,0,15,0,15,30,31,34,0,95,0,0,0,95
06/21/2018,JAC,WY,ANM,WE,Federal Contract Tower,30,27,23,0,80,0,0,10,0,10,30,27,33,0,90,6,0,6,96
06/22/2018,JAC,WY,ANM,WE,Federal Contract Tower,25,17,35,0,77,0,0,7,0,7,25,17,42,0,84,0,0,0,84
06/23/2018,JAC,WY,ANM,WE,Federal Contract Tower,44,18,28,0,90,0,0,9,0,9,44,18,37,0,99,0,0,0,99
06/24/2018,JAC,WY,ANM,WE,Federal Contract Tower,34,29,22,0,85,0,3,6,0,9,34,32,28,0,94,0,0,0,94
06/25/2018,JAC,WY,ANM,WE,Federal Contract Tower,28,32,28,0,88,0,1,18,2,21,28,33,46,2,109,0,0,0,109
06/26/2018,JAC,WY,ANM,WE,Federal Contract Tower,32,21,20,1,74,0,0,19,2,21,32,21,39,3,95,4,0,4,99
06/27/2018,JAC,WY,ANM,WE,Federal Contract Tower,31,16,33,0,80,0,0,17,3,20,31,16,50,3,100,0,2,2,102
06/28/2018,JAC,WY,ANM,WE,Federal Contract Tower,31,31,23,0,85,0,2,15,0,17,31,33,38,0,102,0,0,0,102
06/29/2018,JAC,WY,ANM,WE,Federal Contract Tower,28,35,31,0,94,0,0,12,2,14,28,35,43,2,108,0,0,0,108
06/30/2018,JAC,WY,ANM,WE,Federal Contract Tower,47,45,27,0,119,0,0,7,3,10,47,45,34,3,129,0,0,0,129
07/01/2018,JAC,WY,ANM,WE,Federal Contract Tower,41,23,37,0,101,0,1,9,0,10,41,24,46,0,111,0,0,0,111
07/02/2018,JAC,WY,ANM,WE,Federal Contract Tower,36,47,30,3,116,0,1,21,2,24,36,48,51,5,140,6,0,6,146
07/03/2018,JAC,WY,ANM,WE,Federal Contract Tower,30,26,28,0,84,0,0,20,0,20,30,26,48,0,104,0,0,0,104
07/04/2018,JAC,WY,ANM,WE,Federal Contract Tower,23,12,8,0,43,0,0,5,0,5,23,12,13,0,48,2,0,2,50
07/05/2018,JAC,WY,ANM,WE,Federal Contract Tower,32,39,22,0,93,0,0,16,0,16,32,39,38,0,109,0,0,0,109
07/06/2018,JAC,WY,ANM,WE,Federal Contract Tower,37,34,29,0,100,0,0,23,0,23,37,34,52,0,123,0,0,0,123
07/07/2018,JAC,WY,ANM,WE,Federal Contract Tower,50,48,29,0,127,0,0,21,0,21,50,48,50,0,148,0,0,0,148
07/08/2018,JAC,WY,ANM,WE,Federal Contract Tower,45,47,35,0,127,0,0,0,0,0,45,47,35,0,127,0,0,0,127
07/09/2018,JAC,WY,ANM,WE,Federal Contract Tower,33,28,26,0,87,0,1,16,0,17,33,29,42,0,104,0,0,0,104
07/10/2018,JAC,WY,ANM,WE,Federal Contract Tower,34,27,20,0,81,0,0,7,0,7,34,27,27,0,88,0,0,0,88
07/11/2018,JAC,WY,ANM,WE,Federal Contract Tower,34,13,20,0,67,0,0,25,4,29,34,13,45,4,96,0,0,0,96
07/12/2018,JAC,WY,ANM,WE,Federal Contract Tower,32,32,22,0,86,0,2,23,0,25,32,34,45,0,111,0,0,0,111
07/13/2018,JAC,WY,ANM,WE,Federal Contract Tower,31,28,37,0,96,0,0,18,0,18,31,28,55,0,114,0,0,0,114
07/14/2018,JAC,WY,ANM,WE,Federal Contract Tower,45,19,19,0,83,0,0,19,3,22,45,19,38,3,105,2,0,2,107
07/15/2018,JAC,WY,ANM,WE,Federal Contract Tower,39,31,22,0,92,0,0,8,0,8,39,31,30,0,100,0,0,0,100
07/16/2018,JAC,WY,ANM,WE,Federal Contract Tower,30,29,36,0,95,0,0,9,0,9,30,29,45,0,104,0,0,0,104
07/17/2018,JAC,WY,ANM,WE,Federal Contract Tower,34,19,28,0,81,0,0,10,0,10,34,19,38,0,91,30,0,30,121
07/18/2018,JAC,WY,ANM,WE,Federal Contract Tower,28,16,20,0,64,0,0,23,2,25,28,16,43,2,89,34,0,34,123
07/19/2018,JAC,WY,ANM,WE,Federal Contract Tower,34,35,30,0,99,0,0,33,0,33,34,35,63,0,132,18,0,18,150
07/20/2018,JAC,WY,ANM,WE,Federal Contract Tower,31,30,30,0,91,0,0,25,0,25,31,30,55,0,116,2,0,2,118
07/21/2018,JAC,WY,ANM,WE,Federal Contract Tower,45,32,21,1,99,0,0,25,5,30,45,32,46,6,129,0,0,0,129
07/22/2018,JAC,WY,ANM,WE,Federal Contract Tower,38,31,39,0,108,0,0,10,0,10,38,31,49,0,118,6,0,6,124
07/23/2018,JAC,WY,ANM,WE,Federal Contract Tower,31,31,26,2,90,0,1,32,0,33,31,32,58,2,123,48,0,48,171
07/24/2018,JAC,WY,ANM,WE,Federal Contract Tower,35,22,18,0,75,0,2,18,0,20,35,24,36,0,95,14,0,14,109
07/25/2018,JAC,WY,ANM,WE,Federal Contract Tower,32,30,32,0,94,0,0,15,0,15,32,30,47,0,109,4,0,4,113
07/26/2018,JAC,WY,ANM,WE,Federal Contract Tower,31,41,33,0,105,0,1,31,0,32,31,42,64,0,137,28,0,28,165
07/27/2018,JAC,WY,ANM,WE,Federal Contract Tower,30,36,30,1,97,0,0,12,1,13,30,36,42,2,110,0,10,10,120
07/28/2018,JAC,WY,ANM,WE,Federal Contract Tower,44,22,33,0,99,0,0,13,4,17,44,22,46,4,116,0,0,0,116
07/29/2018,JAC,WY,ANM,WE,Federal Contract Tower,39,45,30,0,114,0,0,22,1,23,39,45,52,1,137,0,0,0,137
07/30/2018,JAC,WY,ANM,WE,Federal Contract Tower,33,24,30,0,87,0,2,21,0,23,33,26,51,0,110,0,0,0,110
07/31/2018,JAC,WY,ANM,WE,Federal Contract Tower,33,33,31,0,97,0,0,14,0,14,33,33,45,0,111,4,0,4,115
08/01/2018,JAC,WY,ANM,WE,Federal Contract Tower,30,29,33,0,92,0,0,18,0,18,30,29,51,0,110,0,0,0,110
08/02/2018,JAC,WY,ANM,WE,Federal Contract Tower,33,25,25,0,83,0,0,16,0,16,33,25,41,0,99,0,0,0,99
08/03/2018,JAC,WY,ANM,WE,Federal Contract Tower,31,40,25,0,96,0,0,21,0,21,31,40,46,0,117,0,0,0,117
08/04/2018,JAC,WY,ANM,WE,Federal Contract Tower,46,30,23,0,99,0,3,15,0,18,46,33,38,0,117,0,0,0,117
08/05/2018,JAC,WY,ANM,WE,Federal Contract Tower,40,41,54,0,135,0,0,17,0,17,40,41,71,0,152,0,0,0,152
08/06/2018,JAC,WY,ANM,WE,Federal Contract Tower,30,32,23,2,87,0,1,24,2,27,30,33,47,4,114,0,8,8,122
08/07/2018,JAC,WY,ANM,WE,Federal Contract Tower,31,28,27,2,88,1,0,23,0,24,32,28,50,2,112,0,0,0,112
08/08/2018,JAC,WY,ANM,WE,Federal Contract Tower,28,41,35,0,104,0,0,9,3,12,28,41,44,3,116,0,0,0,116
08/09/2018,JAC,WY,ANM,WE,Federal Contract Tower,32,33,37,0,102,0,1,16,1,18,32,34,53,1,120,6,0,6,126
08/10/2018,JAC,WY,ANM,WE,Federal Contract Tower,30,32,36,0,98,0,0,16,1,17,30,32,52,1,115,0,0,0,115
08/11/2018,JAC,WY,ANM,WE,Federal Contract Tower,46,33,23,0,102,0,0,13,0,13,46,33,36,0,115,0,0,0,115
08/12/2018,JAC,WY,ANM,WE,Federal Contract Tower,41,46,40,0,127,0,0,27,0,27,41,46,67,0,154,0,0,0,154
08/13/2018,JAC,WY,ANM,WE,Federal Contract Tower,31,46,24,0,101,0,0,27,0,27,31,46,51,0,128,0,0,0,128
08/14/2018,JAC,WY,ANM,WE,Federal Contract Tower,32,32,28,2,94,0,2,10,0,12,32,34,38,2,106,0,0,0,106
08/15/2018,JAC,WY,ANM,WE,Federal Contract Tower,31,35,26,0,92,0,0,12,1,13,31,35,38,1,105,4,0,4,109
08/16/2018,JAC,WY,ANM,WE,Federal Contract Tower,33,31,38,0,102,0,0,23,0,23,33,31,61,0,125,0,0,0,125
08/17/2018,JAC,WY,ANM,WE,Federal Contract Tower,31,31,29,0,91,0,0,24,0,24,31,31,53,0,115,0,0,0,115
08/18/2018,JAC,WY,ANM,WE,Federal Contract Tower,47,31,27,0,105,0,0,18,2,20,47,31,45,2,125,0,0,0,125
08/19/2018,JAC,WY,ANM,WE,Federal Contract Tower,36,29,39,0,104,0,1,31,0,32,36,30,70,0,136,0,0,0,136
08/20/2018,JAC,WY,ANM,WE,Federal Contract Tower,32,40,32,0,104,0,1,20,0,21,32,41,52,0,125,18,0,18,143
08/21/2018,JAC,WY,ANM,WE,Federal Contract Tower,32,24,25,0,81,0,4,14,0,18,32,28,39,0,99,0,0,0,99
08/22/2018,JAC,WY,ANM,WE,Federal Contract Tower,29,32,38,0,99,0,0,1,0,1,29,32,39,0,100,0,0,0,100
08/23/2018,JAC,WY,ANM,WE,Federal Contract Tower,29,27,37,0,93,0,0,17,0,17,29,27,54,0,110,0,0,0,110
08/24/2018,JAC,WY,ANM,WE,Federal Contract Tower,28,32,35,0,95,0,0,7,4,11,28,32,42,4,106,0,0,0,106
08/25/2018,JAC,WY,ANM,WE,Federal Contract Tower,36,30,27,0,93,0,0,16,0,16,36,30,43,0,109,6,0,6,115
08/26/2018,JAC,WY,ANM,WE,Federal Contract Tower,31,57,31,5,124,0,0,7,7,14,31,57,38,12,138,0,0,0,138
08/27/2018,JAC,WY,ANM,WE,Federal Contract Tower,27,29,27,0,83,0,0,3,0,3,27,29,30,0,86,0,0,0,86
08/28/2018,JAC,WY,ANM,WE,Federal Contract Tower,30,32,31,0,93,0,0,13,0,13,30,32,44,0,106,0,0,0,106
08/29/2018,JAC,WY,ANM,WE,Federal Contract Tower,25,22,22,0,69,0,0,22,0,22,25,22,44,0,91,6,0,6,97
08/30/2018,JAC,WY,ANM,WE,Federal Contract Tower,28,31,29,0,88,0,1,20,0,21,28,32,49,0,109,0,0,0,109
08/31/2018,JAC,WY,ANM,WE,Federal Contract Tower,28,31,40,0,99,0,2,19,0,21,28,33,59,0,120,4,0,4,124
09/01/2018,JAC,WY,ANM,WE,Federal Contract Tower,33,27,8,0,68,0,1,24,0,25,33,28,32,0,93,6,0,6,99
09/02/2018,JAC,WY,ANM,WE,Federal Contract Tower,27,29,15,0,71,0,0,18,0,18,27,29,33,0,89,0,0,0,89
09/03/2018,JAC,WY,ANM,WE,Federal Contract Tower,25,30,45,0,100,0,0,23,0,23,25,30,68,0,123,8,0,8,131
09/04/2018,JAC,WY,ANM,WE,Federal Contract Tower,26,26,22,0,74,0,0,0,1,1,26,26,22,1,75,16,0,16,91
09/05/2018,JAC,WY,ANM,WE,Federal Contract Tower,21,24,20,0,65,0,0,24,0,24,21,24,44,0,89,2,0,2,91
09/06/2018,JAC,WY,ANM,WE,Federal Contract Tower,24,27,26,0,77,0,0,28,0,28,24,27,54,0,105,22,0,22,127
09/07/2018,JAC,WY,ANM,WE,Federal Contract Tower,20,23,27,0,70,0,3,18,1,22,20,26,45,1,92,0,2,2,94
09/08/2018,JAC,WY,ANM,WE,Federal Contract Tower,26,30,24,0,80,0,0,7,0,7,26,30,31,0,87,0,0,0,87
09/09/2018,JAC,WY,ANM,WE,Federal Contract Tower,27,25,39,0,91,0,0,28,1,29,27,25,67,1,120,0,0,0,120
09/10/2018,JAC,WY,ANM,WE,Federal Contract Tower,23,16,25,0,64,0,0,27,0,27,23,16,52,0,91,0,0,0,91
09/11/2018,JAC,WY,ANM,WE,Federal Contract Tower,25,27,24,0,76,0,1,13,0,14,25,28,37,0,90,0,0,0,90
09/12/2018,JAC,WY,ANM,WE,Federal Contract Tower,23,22,37,0,82,0,0,25,0,25,23,22,62,0,107,0,0,0,107
09/13/2018,JAC,WY,ANM,WE,Federal Contract Tower,25,30,30,0,85,0,0,12,0,12,25,30,42,0,97,0,0,0,97
09/14/2018,JAC,WY,ANM,WE,Federal Contract Tower,22,34,47,0,103,0,0,46,0,46,22,34,93,0,149,0,0,0,149
09/15/2018,JAC,WY,ANM,WE,Federal Contract Tower,26,18,19,6,69,0,0,17,0,17,26,18,36,6,86,6,0,6,92
09/16/2018,JAC,WY,ANM,WE,Federal Contract Tower,27,26,30,0,83,0,1,24,0,25,27,27,54,0,108,0,0,0,108
09/17/2018,JAC,WY,ANM,WE,Federal Contract Tower,22,29,23,0,74,0,0,19,0,19,22,29,42,0,93,0,0,0,93
09/18/2018,JAC,WY,ANM,WE,Federal Contract Tower,23,12,22,1,58,0,0,15,0,15,23,12,37,1,73,0,0,0,73
09/19/2018,JAC,WY,ANM,WE,Federal Contract Tower,22,14,26,0,62,0,0,19,2,21,22,14,45,2,83,10,0,10,93
09/20/2018,JAC,WY,ANM,WE,Federal Contract Tower,24,21,15,0,60,0,1,30,0,31,24,22,45,0,91,0,0,0,91
09/21/2018,JAC,WY,ANM,WE,Federal Contract Tower,22,27,18,0,67,0,0,0,0,0,22,27,18,0,67,0,0,0,67
09/22/2018,JAC,WY,ANM,WE,Federal Contract Tower,28,23,16,0,67,0,0,16,1,17,28,23,32,1,84,0,0,0,84
09/23/2018,JAC,WY,ANM,WE,Federal Contract Tower,25,21,20,0,66,0,0,11,0,11,25,21,31,0,77,0,0,0,77
09/24/2018,JAC,WY,ANM,WE,Federal Contract Tower,24,21,31,0,76,0,0,22,0,22,24,21,53,0,98,0,0,0,98
09/25/2018,JAC,WY,ANM,WE,Federal Contract Tower,23,21,20,0,64,0,0,28,0,28,23,21,48,0,92,6,0,6,98
09/26/2018,JAC,WY,ANM,WE,Federal Contract Tower,22,24,21,0,67,0,0,20,0,20,22,24,41,0,87,0,0,0,87
09/27/2018,JAC,WY,ANM,WE,Federal Contract Tower,24,20,17,0,61,0,0,11,0,11,24,20,28,0,72,0,0,0,72
09/28/2018,JAC,WY,ANM,WE,Federal Contract Tower,22,28,23,0,73,0,0,21,0,21,22,28,44,0,94,0,0,0,94
09/29/2018,JAC,WY,ANM,WE,Federal Contract Tower,23,11,11,0,45,0,0,23,0,23,23,11,34,0,68,2,0,2,70
09/30/2018,JAC,WY,ANM,WE,Federal Contract Tower,24,23,26,0,73,0,0,6,0,6,24,23,32,0,79,0,0,0,79
10/01/2018,JAC,WY,ANM,WE,Federal Contract Tower,22,29,16,0,67,0,0,31,0,31,22,29,47,0,98,4,0,4,102
10/02/2018,JAC,WY,ANM,WE,Federal Contract Tower,20,20,10,0,50,0,1,3,2,6,20,21,13,2,56,0,0,0,56
10/03/2018,JAC,WY,ANM,WE,Federal Contract Tower,20,17,15,0,52,0,0,3,0,3,20,17,18,0,55,0,0,0,55
10/04/2018,JAC,WY,ANM,WE,Federal Contract Tower,14,17,29,1,61,0,0,1,0,1,14,17,30,1,62,0,0,0,62
10/05/2018,JAC,WY,ANM,WE,Federal Contract Tower,13,26,22,0,61,0,1,5,0,6,13,27,27,0,67,0,0,0,67
10/06/2018,JAC,WY,ANM,WE,Federal Contract Tower,14,22,20,0,56,0,0,2,0,2,14,22,22,0,58,0,0,0,58
10/07/2018,JAC,WY,ANM,WE,Federal Contract Tower,13,9,24,0,46,0,0,7,3,10,13,9,31,3,56,0,0,0,56
10/08/2018,JAC,WY,ANM,WE,Federal Contract Tower,12,20,19,0,51,0,2,14,4,20,12,22,33,4,71,0,0,0,71
10/09/2018,JAC,WY,ANM,WE,Federal Contract Tower,10,13,8,0,31,0,0,2,0,2,10,13,10,0,33,0,0,0,33
10/10/2018,JAC,WY,ANM,WE,Federal Contract Tower,14,14,19,0,47,0,0,1,0,1,14,14,20,0,48,0,0,0,48
10/11/2018,JAC,WY,ANM,WE,Federal Contract Tower,11,23,21,1,56,0,0,3,1,4,11,23,24,2,60,0,0,0,60
10/12/2018,JAC,WY,ANM,WE,Federal Contract Tower,18,20,10,1,49,0,0,11,0,11,18,20,21,1,60,2,0,2,62
10/13/2018,JAC,WY,ANM,WE,Federal Contract Tower,14,14,8,0,36,0,0,5,0,5,14,14,13,0,41,0,0,0,41
10/14/2018,JAC,WY,ANM,WE,Federal Contract Tower,10,13,12,0,35,0,0,8,0,8,10,13,20,0,43,4,0,4,47
10/15/2018,JAC,WY,ANM,WE,Federal Contract Tower,14,28,11,0,53,0,0,17,1,18,14,28,28,1,71,0,0,0,71
10/16/2018,JAC,WY,ANM,WE,Federal Contract Tower,13,16,9,0,38,0,0,12,1,13,13,16,21,1,51,0,0,0,51
10/17/2018,JAC,WY,ANM,WE,Federal Contract Tower,12,9,18,0,39,0,1,15,0,16,12,10,33,0,55,4,0,4,59
10/18/2018,JAC,WY,ANM,WE,Federal Contract Tower,13,13,27,0,53,0,0,18,0,18,13,13,45,0,71,10,0,10,81
10/19/2018,JAC,WY,ANM,WE,Federal Contract Tower,13,11,19,0,43,0,0,22,0,22,13,11,41,0,65,0,0,0,65
10/20/2018,JAC,WY,ANM,WE,Federal Contract Tower,14,13,2,0,29,0,0,10,0,10,14,13,12,0,39,10,0,10,49
10/21/2018,JAC,WY,ANM,WE,Federal Contract Tower,15,9,16,0,40,0,0,11,0,11,15,9,27,0,51,0,0,0,51
10/22/2018,JAC,WY,ANM,WE,Federal Contract Tower,13,12,17,0,42,0,0,6,0,6,13,12,23,0,48,0,0,0,48
10/23/2018,JAC,WY,ANM,WE,Federal Contract Tower,13,11,12,0,36,0,0,1,0,1,13,11,13,0,37,0,0,0,37
10/24/2018,JAC,WY,ANM,WE,Federal Contract Tower,13,12,12,0,37,0,0,0,0,0,13,12,12,0,37,0,0,0,37
10/25/2018,JAC,WY,ANM,WE,Federal Contract Tower,12,17,11,0,40,0,0,4,0,4,12,17,15,0,44,0,0,0,44
10/26/2018,JAC,WY,ANM,WE,Federal Contract Tower,14,13,11,0,38,0,0,1,0,1,14,13,12,0,39,0,0,0,39
10/27/2018,JAC,WY,ANM,WE,Federal Contract Tower,14,11,17,0,42,0,0,1,0,1,14,11,18,0,43,0,0,0,43
10/28/2018,JAC,WY,ANM,WE,Federal Contract Tower,10,9,23,0,42,0,0,11,0,11,10,9,34,0,53,0,0,0,53
10/29/2018,JAC,WY,ANM,WE,Federal Contract Tower,11,19,11,0,41,0,0,1,0,1,11,19,12,0,42,0,0,0,42
10/30/2018,JAC,WY,ANM,WE,Federal Contract Tower,11,19,6,0,36,0,0,2,0,2,11,19,8,0,38,0,0,0,38
10/31/2018,JAC,WY,ANM,WE,Federal Contract Tower,8,15,11,0,34,0,0,0,0,0,8,15,11,0,34,0,0,0,34
11/01/2018,JAC,WY,ANM,WE,Federal Contract Tower,11,14,11,0,36,0,0,1,0,1,11,14,12,0,37,0,0,0,37
11/02/2018,JAC,WY,ANM,WE,Federal Contract Tower,10,15,8,0,33,0,0,0,0,0,10,15,8,0,33,20,0,20,53
11/03/2018,JAC,WY,ANM,WE,Federal Contract Tower,12,15,1,0,28,0,0,0,0,0,12,15,1,0,28,28,0,28,56
11/04/2018,JAC,WY,ANM,WE,Federal Contract Tower,11,8,9,0,28,0,0,0,0,0,11,8,9,0,28,0,0,0,28
11/05/2018,JAC,WY,ANM,WE,Federal Contract Tower,11,15,12,0,38,0,0,0,0,0,11,15,12,0,38,0,0,0,38
11/06/2018,JAC,WY,ANM,WE,Federal Contract Tower,11,6,9,0,26,0,0,0,0,0,11,6,9,0,26,0,0,0,26
11/07/2018,JAC,WY,ANM,WE,Federal Contract Tower,8,6,8,0,22,0,0,0,0,0,8,6,8,0,22,0,0,0,22
11/08/2018,JAC,WY,ANM,WE,Federal Contract Tower,11,10,12,1,34,0,0,9,0,9,11,10,21,1,43,0,0,0,43
11/09/2018,JAC,WY,ANM,WE,Federal Contract Tower,11,11,8,0,30,0,0,4,0,4,11,11,12,0,34,0,0,0,34
11/10/2018,JAC,WY,ANM,WE,Federal Contract Tower,12,9,5,0,26,0,0,0,0,0,12,9,5,0,26,0,0,0,26
11/11/2018,JAC,WY,ANM,WE,Federal Contract Tower,11,11,7,0,29,0,0,5,0,5,11,11,12,0,34,0,0,0,34
11/12/2018,JAC,WY,ANM,WE,Federal Contract Tower,11,16,18,0,45,0,0,3,0,3,11,16,21,0,48,0,0,0,48
11/13/2018,JAC,WY,ANM,WE,Federal Contract Tower,11,9,6,0,26,0,0,1,0,1,11,9,7,0,27,0,0,0,27
11/14/2018,JAC,WY,ANM,WE,Federal Contract Tower,11,10,8,0,29,0,0,12,0,12,11,10,20,0,41,0,0,0,41
11/15/2018,JAC,WY,ANM,WE,Federal Contract Tower,11,15,11,0,37,0,0,12,0,12,11,15,23,0,49,0,0,0,49
11/16/2018,JAC,WY,ANM,WE,Federal Contract Tower,11,7,11,0,29,0,0,2,0,2,11,7,13,0,31,0,0,0,31
11/17/2018,JAC,WY,ANM,WE,Federal Contract Tower,11,18,9,0,38,0,0,3,0,3,11,18,12,0,41,0,0,0,41
11/18/2018,JAC,WY,ANM,WE,Federal Contract Tower,11,6,13,0,30,0,0,3,0,3,11,6,16,0,33,0,0,0,33
11/19/2018,JAC,WY,ANM,WE,Federal Contract Tower,11,10,11,0,32,0,0,3,0,3,11,10,14,0,35,0,0,0,35
11/20/2018,JAC,WY,ANM,WE,Federal Contract Tower,11,17,9,0,37,0,2,3,0,5,11,19,12,0,42,0,0,0,42
11/21/2018,JAC,WY,ANM,WE,Federal Contract Tower,12,14,10,0,36,0,1,4,0,5,12,15,14,0,41,0,0,0,41
11/22/2018,JAC,WY,ANM,WE,Federal Contract Tower,7,2,0,0,9,0,0,0,0,0,7,2,0,0,9,0,0,0,9
11/23/2018,JAC,WY,ANM,WE,Federal Contract Tower,9,14,3,0,26,0,0,0,0,0,9,14,3,0,26,0,0,0,26
11/24/2018,JAC,WY,ANM,WE,Federal Contract Tower,15,12,8,0,35,0,0,0,0,0,15,12,8,0,35,0,0,0,35
11/25/2018,JAC,WY,ANM,WE,Federal Contract Tower,13,21,24,0,58,0,0,5,0,5,13,21,29,0,63,0,0,0,63
11/26/2018,JAC,WY,ANM,WE,Federal Contract Tower,11,30,7,0,48,0,2,0,0,2,11,32,7,0,50,0,0,0,50
11/27/2018,JAC,WY,ANM,WE,Federal Contract Tower,11,13,8,0,32,0,0,0,0,0,11,13,8,0,32,2,0,2,34
11/28/2018,JAC,WY,ANM,WE,Federal Contract Tower,12,10,6,0,28,0,0,0,0,0,12,10,6,0,28,0,0,0,28
11/29/2018,JAC,WY,ANM,WE,Federal Contract Tower,11,14,6,0,31,0,0,2,0,2,11,14,8,0,33,0,0,0,33
11/30/2018,JAC,WY,ANM,WE,Federal Contract Tower,11,9,9,0,29,0,0,0,0,0,11,9,9,0,29,0,0,0,29
12/01/2018,JAC,WY,ANM,WE,Federal Contract Tower,14,21,0,0,35,0,0,0,0,0,14,21,0,0,35,0,0,0,35
12/02/2018,JAC,WY,ANM,WE,Federal Contract Tower,13,11,14,0,38,0,0,3,0,3,13,11,17,0,41,0,0,0,41
12/03/2018,JAC,WY,ANM,WE,Federal Contract Tower,12,18,19,0,49,0,0,2,0,2,12,18,21,0,51,0,0,0,51
12/04/2018,JAC,WY,ANM,WE,Federal Contract Tower,11,11,4,0,26,0,0,2,0,2,11,11,6,0,28,0,0,0,28
12/05/2018,JAC,WY,ANM,WE,Federal Contract Tower,11,19,11,2,43,0,0,0,0,0,11,19,11,2,43,0,0,0,43
12/06/2018,JAC,WY,ANM,WE,Federal Contract Tower,13,13,10,2,38,0,0,0,0,0,13,13,10,2,38,0,0,0,38
12/07/2018,JAC,WY,ANM,WE,Federal Contract Tower,11,13,17,0,41,0,1,3,0,4,11,14,20,0,45,0,0,0,45
12/08/2018,JAC,WY,ANM,WE,Federal Contract Tower,13,15,5,0,33,0,0,1,0,1,13,15,6,0,34,0,0,0,34
12/09/2018,JAC,WY,ANM,WE,Federal Contract Tower,14,14,15,0,43,0,0,4,0,4,14,14,19,0,47,0,0,0,47
12/10/2018,JAC,WY,ANM,WE,Federal Contract Tower,10,16,7,0,33,0,3,1,0,4,10,19,8,0,37,0,0,0,37
12/11/2018,JAC,WY,ANM,WE,Federal Contract Tower,11,14,12,0,37,0,0,3,0,3,11,14,15,0,40,0,0,0,40
12/12/2018,JAC,WY,ANM,WE,Federal Contract Tower,12,14,11,0,37,0,0,0,0,0,12,14,11,0,37,0,0,0,37
12/13/2018,JAC,WY,ANM,WE,Federal Contract Tower,11,12,12,0,35,0,0,3,0,3,11,12,15,0,38,0,0,0,38
12/14/2018,JAC,WY,ANM,WE,Federal Contract Tower,11,29,14,0,54,0,1,23,0,24,11,30,37,0,78,0,0,0,78
12/15/2018,JAC,WY,ANM,WE,Federal Contract Tower,14,20,10,0,44,0,0,4,0,4,14,20,14,0,48,0,0,0,48
12/16/2018,JAC,WY,ANM,WE,Federal Contract Tower,13,12,19,0,44,0,0,22,0,22,13,12,41,0,66,0,0,0,66
12/17/2018,JAC,WY,ANM,WE,Federal Contract Tower,12,15,14,0,41,0,3,18,0,21,12,18,32,0,62,0,0,0,62
12/18/2018,JAC,WY,ANM,WE,Federal Contract Tower,12,19,20,0,51,0,0,2,0,2,12,19,22,0,53,0,0,0,53
12/19/2018,JAC,WY,ANM,WE,Federal Contract Tower,30,20,22,2,74,0,0,1,0,1,30,20,23,2,75,2,0,2,77
12/20/2018,JAC,WY,ANM,WE,Federal Contract Tower,30,41,39,0,110,0,4,3,0,7,30,45,42,0,117,10,0,10,127
12/21/2018,JAC,WY,ANM,WE,Federal Contract Tower,31,70,30,0,131,0,0,4,0,4,31,70,34,0,135,0,0,0,135
12/22/2018,JAC,WY,ANM,WE,Federal Contract Tower,45,42,35,0,122,0,2,8,0,10,45,44,43,0,132,4,0,4,136
12/23/2018,JAC,WY,ANM,WE,Federal Contract Tower,40,28,20,0,88,0,0,0,0,0,40,28,20,0,88,0,0,0,88
12/24/2018,JAC,WY,ANM,WE,Federal Contract Tower,34,23,2,0,59,0,0,0,0,0,34,23,2,0,59,0,0,0,59
12/25/2018,JAC,WY,ANM,WE,Federal Contract Tower,30,24,4,0,58,0,0,0,0,0,30,24,4,0,58,0,0,0,58
12/26/2018,JAC,WY,ANM,WE,Federal Contract Tower,41,56,41,0,138,0,0,4,0,4,41,56,45,0,142,0,0,0,142
12/27/2018,JAC,WY,ANM,WE,Federal Contract Tower,35,39,38,0,112,0,0,1,0,1,35,39,39,0,113,0,0,0,113
12/28/2018,JAC,WY,ANM,WE,Federal Contract Tower,36,34,34,0,104,0,1,2,0,3,36,35,36,0,107,0,0,0,107
12/29/2018,JAC,WY,ANM,WE,Federal Contract Tower,42,32,41,0,115,0,0,0,0,0,42,32,41,0,115,0,0,0,115
12/30/2018,JAC,WY,ANM,WE,Federal Contract Tower,43,17,15,0,75,0,0,0,0,0,43,17,15,0,75,0,0,0,75
12/31/2018,JAC,WY,ANM,WE,Federal Contract Tower,38,35,20,0,93,0,0,3,0,3,38,35,23,0,96,0,0,0,96
01/01/2019,JAC,WY,ANM,WE,Federal Contract Tower,40,44,27,0,111,0,0,1,0,1,40,44,28,0,112,0,0,0,112
01/02/2019,JAC,WY,ANM,WE,Federal Contract Tower,39,45,30,0,114,0,2,3,0,5,39,47,33,0,119,0,0,0,119
01/03/2019,JAC,WY,ANM,WE,Federal Contract Tower,31,25,57,0,113,0,0,6,0,6,31,25,63,0,119,0,0,0,119
01/04/2019,JAC,WY,ANM,WE,Federal Contract Tower,34,26,22,0,82,0,0,4,0,4,34,26,26,0,86,0,0,0,86
01/05/2019,JAC,WY,ANM,WE,Federal Contract Tower,46,38,36,0,120,0,0,3,0,3,46,38,39,0,123,2,0,2,125
01/06/2019,JAC,WY,ANM,WE,Federal Contract Tower,31,31,23,0,85,0,0,0,0,0,31,31,23,0,85,0,0,0,85
01/07/2019,JAC,WY,ANM,WE,Federal Contract Tower,26,23,15,0,64,0,0,1,0,1,26,23,16,0,65,0,0,0,65
01/08/2019,JAC,WY,ANM,WE,Federal Contract Tower,23,26,14,0,63,0,0,8,2,10,23,26,22,2,73,0,2,2,75
01/09/2019,JAC,WY,ANM,WE,Federal Contract Tower,24,13,21,2,60,0,0,2,0,2,24,13,23,2,62,0,0,0,62
01/10/2019,JAC,WY,ANM,WE,Federal Contract Tower,21,15,20,0,56,0,0,0,0,0,21,15,20,0,56,0,0,0,56
01/11/2019,JAC,WY,ANM,WE,Federal Contract Tower,24,16,31,0,71,0,0,4,0,4,24,16,35,0,75,0,0,0,75
01/12/2019,JAC,WY,ANM,WE,Federal Contract Tower,45,7,15,0,67,0,1,2,0,3,45,8,17,0,70,0,0,0,70
01/13/2019,JAC,WY,ANM,WE,Federal Contract Tower,31,10,15,0,56,0,0,5,0,5,31,10,20,0,61,0,0,0,61
01/14/2019,JAC,WY,ANM,WE,Federal Contract Tower,21,15,16,0,52,0,1,2,0,3,21,16,18,0,55,0,0,0,55
01/15/2019,JAC,WY,ANM,WE,Federal Contract Tower,23,8,14,0,45,0,0,0,0,0,23,8,14,0,45,0,0,0,45
01/16/2019,JAC,WY,ANM,WE,Federal Contract Tower,21,13,17,0,51,0,0,0,0,0,21,13,17,0,51,0,0,0,51
01/17/2019,JAC,WY,ANM,WE,Federal Contract Tower,17,19,16,0,52,0,0,0,0,0,17,19,16,0,52,0,0,0,52
01/18/2019,JAC,WY,ANM,WE,Federal Contract Tower,25,35,32,0,92,0,0,0,0,0,25,35,32,0,92,0,0,0,92
01/19/2019,JAC,WY,ANM,WE,Federal Contract Tower,38,18,14,0,70,0,0,0,0,0,38,18,14,0,70,0,0,0,70
01/20/2019,JAC,WY,ANM,WE,Federal Contract Tower,25,15,12,0,52,0,0,1,0,1,25,15,13,0,53,0,0,0,53
01/21/2019,JAC,WY,ANM,WE,Federal Contract Tower,23,50,42,0,115,0,0,1,0,1,23,50,43,0,116,0,0,0,116
01/22/2019,JAC,WY,ANM,WE,Federal Contract Tower,23,19,27,0,69,0,2,7,0,9,23,21,34,0,78,0,0,0,78
01/23/2019,JAC,WY,ANM,WE,Federal Contract Tower,19,13,8,0,40,0,0,0,0,0,19,13,8,0,40,0,0,0,40
01/24/2019,JAC,WY,ANM,WE,Federal Contract Tower,24,19,17,0,60,0,1,0,0,1,24,20,17,0,61,0,0,0,61
01/25/2019,JAC,WY,ANM,WE,Federal Contract Tower,27,21,30,0,78,0,1,0,0,1,27,22,30,0,79,8,0,8,87
01/26/2019,JAC,WY,ANM,WE,Federal Contract Tower,44,15,13,0,72,0,0,2,0,2,44,15,15,0,74,0,0,0,74
01/27/2019,JAC,WY,ANM,WE,Federal Contract Tower,31,19,24,0,74,0,2,4,0,6,31,21,28,0,80,0,0,0,80
01/28/2019,JAC,WY,ANM,WE,Federal Contract Tower,23,17,15,0,55,0,2,2,0,4,23,19,17,0,59,0,0,0,59
01/29/2019,JAC,WY,ANM,WE,Federal Contract Tower,22,19,25,1,67,0,0,4,2,6,22,19,29,3,73,0,0,0,73
01/30/2019,JAC,WY,ANM,WE,Federal Contract Tower,21,14,22,0,57,0,1,4,0,5,21,15,26,0,62,0,0,0,62
01/31/2019,JAC,WY,ANM,WE,Federal Contract Tower,21,15,15,1,52,0,1,4,0,5,21,16,19,1,57,0,0,0,57
02/02/2019,JAC,WY,ANM,WE,Federal Contract Tower,40,29,12,0,81,0,0,0,0,0,40,29,12,0,81,0,0,0,81
02/03/2019,JAC,WY,ANM,WE,Federal Contract Tower,34,9,19,0,62,0,0,0,0,0,34,9,19,0,62,0,0,0,62
02/04/2019,JAC,WY,ANM,WE,Federal Contract Tower,2,19,11,0,32,0,0,0,0,0,2,19,11,0,32,0,0,0,32
02/05/2019,JAC,WY,ANM,WE,Federal Contract Tower,17,21,13,0,51,0,0,0,0,0,17,21,13,0,51,0,0,0,51
02/06/2019,JAC,WY,ANM,WE,Federal Contract Tower,29,34,11,0,74,0,0,5,0,5,29,34,16,0,79,0,0,0,79
02/07/2019,JAC,WY,ANM,WE,Federal Contract Tower,22,15,26,0,63,0,1,10,0,11,22,16,36,0,74,0,0,0,74
02/08/2019,JAC,WY,ANM,WE,Federal Contract Tower,24,30,13,0,67,0,0,6,0,6,24,30,19,0,73,0,0,0,73
02/09/2019,JAC,WY,ANM,WE,Federal Contract Tower,40,12,14,0,66,0,0,0,0,0,40,12,14,0,66,0,0,0,66
02/10/2019,JAC,WY,ANM,WE,Federal Contract Tower,24,16,23,0,63,0,0,0,0,0,24,16,23,0,63,0,0,0,63
02/11/2019,JAC,WY,ANM,WE,Federal Contract Tower,19,25,19,0,63,0,0,0,0,0,19,25,19,0,63,0,0,0,63
02/12/2019,JAC,WY,ANM,WE,Federal Contract Tower,28,25,19,0,72,0,0,4,0,4,28,25,23,0,76,0,0,0,76
02/13/2019,JAC,WY,ANM,WE,Federal Contract Tower,17,6,8,0,31,0,0,0,0,0,17,6,8,0,31,0,0,0,31
02/14/2019,JAC,WY,ANM,WE,Federal Contract Tower,23,33,29,0,85,0,0,0,0,0,23,33,29,0,85,0,0,0,85
02/15/2019,JAC,WY,ANM,WE,Federal Contract Tower,27,41,50,0,118,0,0,0,0,0,27,41,50,0,118,0,0,0,118
02/16/2019,JAC,WY,ANM,WE,Federal Contract Tower,45,34,14,0,93,0,1,0,0,1,45,35,14,0,94,0,0,0,94
02/17/2019,JAC,WY,ANM,WE,Federal Contract Tower,36,11,13,0,60,0,2,3,0,5,36,13,16,0,65,0,0,0,65
02/18/2019,JAC,WY,ANM,WE,Federal Contract Tower,27,64,44,0,135,0,1,7,0,8,27,65,51,0,143,4,0,4,147
02/19/2019,JAC,WY,ANM,WE,Federal Contract Tower,27,39,22,0,88,0,0,0,0,0,27,39,22,0,88,0,0,0,88
02/20/2019,JAC,WY,ANM,WE,Federal Contract Tower,29,26,14,2,71,0,0,0,0,0,29,26,14,2,71,0,0,0,71
02/21/2019,JAC,WY,ANM,WE,Federal Contract Tower,27,30,24,0,81,0,1,2,0,3,27,31,26,0,84,0,0,0,84
02/22/2019,JAC,WY,ANM,WE,Federal Contract Tower,27,23,29,0,79,0,1,14,0,15,27,24,43,0,94,2,0,2,96
02/23/2019,JAC,WY,ANM,WE,Federal Contract Tower,43,29,12,0,84,0,0,0,0,0,43,29,12,0,84,0,0,0,84
02/24/2019,JAC,WY,ANM,WE,Federal Contract Tower,36,24,19,0,79,0,0,0,0,0,36,24,19,0,79,0,0,0,79
02/26/2019,JAC,WY,ANM,WE,Federal Contract Tower,29,22,14,0,65,0,0,0,0,0,29,22,14,0,65,0,0,0,65
02/27/2019,JAC,WY,ANM,WE,Federal Contract Tower,22,13,11,2,48,0,0,0,0,0,22,13,11,2,48,0,0,0,48
02/28/2019,JAC,WY,ANM,WE,Federal Contract Tower,26,25,31,0,82,0,0,1,0,1,26,25,32,0,83,0,0,0,83
03/01/2019,JAC,WY,ANM,WE,Federal Contract Tower,28,24,16,0,68,0,1,5,0,6,28,25,21,0,74,0,0,0,74
03/02/2019,JAC,WY,ANM,WE,Federal Contract Tower,37,15,20,0,72,0,1,2,0,3,37,16,22,0,75,0,0,0,75
03/03/2019,JAC,WY,ANM,WE,Federal Contract Tower,28,40,31,0,99,0,0,6,0,6,28,40,37,0,105,0,0,0,105
03/04/2019,JAC,WY,ANM,WE,Federal Contract Tower,28,24,14,0,66,0,1,8,0,9,28,25,22,0,75,0,0,0,75
03/05/2019,JAC,WY,ANM,WE,Federal Contract Tower,28,15,22,0,65,0,2,3,1,6,28,17,25,1,71,0,0,0,71
03/06/2019,JAC,WY,ANM,WE,Federal Contract Tower,25,21,27,0,73,0,0,1,0,1,25,21,28,0,74,0,0,0,74
03/07/2019,JAC,WY,ANM,WE,Federal Contract Tower,28,23,18,0,69,0,0,1,0,1,28,23,19,0,70,0,0,0,70
03/08/2019,JAC,WY,ANM,WE,Federal Contract Tower,29,24,32,0,85,0,0,1,0,1,29,24,33,0,86,0,0,0,86
03/09/2019,JAC,WY,ANM,WE,Federal Contract Tower,41,22,18,0,81,0,0,2,0,2,41,22,20,0,83,0,0,0,83
03/10/2019,JAC,WY,ANM,WE,Federal Contract Tower,36,32,27,0,95,0,0,7,3,10,36,32,34,3,105,2,0,2,107
03/11/2019,JAC,WY,ANM,WE,Federal Contract Tower,27,18,17,0,62,0,0,7,0,7,27,18,24,0,69,2,0,2,71
03/12/2019,JAC,WY,ANM,WE,Federal Contract Tower,28,22,22,0,72,0,2,8,0,10,28,24,30,0,82,0,0,0,82
03/13/2019,JAC,WY,ANM,WE,Federal Contract Tower,23,15,15,0,53,0,0,0,0,0,23,15,15,0,53,0,0,0,53
03/14/2019,JAC,WY,ANM,WE,Federal Contract Tower,24,17,24,0,65,0,3,2,0,5,24,20,26,0,70,0,0,0,70
03/15/2019,JAC,WY,ANM,WE,Federal Contract Tower,27,29,25,0,81,0,3,9,0,12,27,32,34,0,93,0,0,0,93
03/16/2019,JAC,WY,ANM,WE,Federal Contract Tower,45,26,21,0,92,0,0,9,2,11,45,26,30,2,103,0,0,0,103
03/17/2019,JAC,WY,ANM,WE,Federal Contract Tower,34,26,43,0,103,0,0,5,0,5,34,26,48,0,108,0,0,0,108
03/18/2019,JAC,WY,ANM,WE,Federal Contract Tower,25,24,23,0,72,0,1,6,0,7,25,25,29,0,79,0,0,0,79
03/19/2019,JAC,WY,ANM,WE,Federal Contract Tower,28,22,17,0,67,0,2,7,1,10,28,24,24,1,77,13,0,13,90
03/20/2019,JAC,WY,ANM,WE,Federal Contract Tower,27,22,20,0,69,1,1,1,0,3,28,23,21,0,72,2,0,2,74
03/21/2019,JAC,WY,ANM,WE,Federal Contract Tower,27,23,21,0,71,0,0,9,2,11,27,23,30,2,82,0,0,0,82
03/22/2019,JAC,WY,ANM,WE,Federal Contract Tower,29,31,18,0,78,0,0,5,0,5,29,31,23,0,83,0,0,0,83
03/23/2019,JAC,WY,ANM,WE,Federal Contract Tower,44,22,17,0,83,0,0,0,0,0,44,22,17,0,83,0,0,0,83
03/24/2019,JAC,WY,ANM,WE,Federal Contract Tower,36,18,30,0,84,0,0,2,0,2,36,18,32,0,86,0,0,0,86
03/25/2019,JAC,WY,ANM,WE,Federal Contract Tower,29,25,16,0,70,0,1,2,0,3,29,26,18,0,73,0,0,0,73
03/26/2019,JAC,WY,ANM,WE,Federal Contract Tower,27,7,3,4,41,0,1,4,1,6,27,8,7,5,47,4,0,4,51
03/27/2019,JAC,WY,ANM,WE,Federal Contract Tower,27,20,6,1,54,1,1,7,0,9,28,21,13,1,63,0,2,2,65
03/28/2019,JAC,WY,ANM,WE,Federal Contract Tower,26,22,12,0,60,0,0,0,0,0,26,22,12,0,60,0,0,0,60
03/29/2019,JAC,WY,ANM,WE,Federal Contract Tower,27,12,15,0,54,0,0,0,0,0,27,12,15,0,54,0,0,0,54
03/30/2019,JAC,WY,ANM,WE,Federal Contract Tower,43,22,6,2,73,0,4,0,4,8,43,26,6,6,81,0,0,0,81
03/31/2019,JAC,WY,ANM,WE,Federal Contract Tower,20,20,12,0,52,0,0,1,6,7,20,20,13,6,59,0,0,0,59
04/01/2019,JAC,WY,ANM,WE,Federal Contract Tower,15,16,9,0,40,0,0,2,0,2,15,16,11,0,42,0,0,0,42
04/02/2019,JAC,WY,ANM,WE,Federal Contract Tower,12,11,2,0,25,0,1,4,0,5,12,12,6,0,30,0,0,0,30
04/03/2019,JAC,WY,ANM,WE,Federal Contract Tower,13,18,7,0,38,0,0,0,0,0,13,18,7,0,38,0,0,0,38
04/04/2019,JAC,WY,ANM,WE,Federal Contract Tower,11,13,2,0,26,0,0,5,0,5,11,13,7,0,31,2,0,2,33
04/05/2019,JAC,WY,ANM,WE,Federal Contract Tower,11,14,8,0,33,0,2,1,0,3,11,16,9,0,36,0,0,0,36
04/06/2019,JAC,WY,ANM,WE,Federal Contract Tower,12,14,4,0,30,0,1,3,0,4,12,15,7,0,34,0,0,0,34
04/07/2019,JAC,WY,ANM,WE,Federal Contract Tower,11,6,6,0,23,0,0,0,0,0,11,6,6,0,23,0,0,0,23
04/08/2019,JAC,WY,ANM,WE,Federal Contract Tower,11,18,9,0,38,0,0,0,0,0,11,18,9,0,38,0,0,0,38
04/09/2019,JAC,WY,ANM,WE,Federal Contract Tower,11,5,8,0,24,0,0,0,0,0,11,5,8,0,24,0,0,0,24
04/10/2019,JAC,WY,ANM,WE,Federal Contract Tower,8,4,4,0,16,0,0,0,0,0,8,4,4,0,16,0,0,0,16
04/11/2019,JAC,WY,ANM,WE,Federal Contract Tower,10,8,12,0,30,0,0,0,0,0,10,8,12,0,30,0,0,0,30
04/12/2019,JAC,WY,ANM,WE,Federal Contract Tower,12,11,8,0,31,0,0,0,0,0,12,11,8,0,31,0,0,0,31
04/13/2019,JAC,WY,ANM,WE,Federal Contract Tower,10,9,3,0,22,0,0,1,0,1,10,9,4,0,23,0,0,0,23
04/14/2019,JAC,WY,ANM,WE,Federal Contract Tower,10,3,2,0,15,0,0,0,0,0,10,3,2,0,15,0,0,0,15
04/15/2019,JAC,WY,ANM,WE,Federal Contract Tower,10,14,5,0,29,0,1,1,0,2,10,15,6,0,31,0,0,0,31
04/16/2019,JAC,WY,ANM,WE,Federal Contract Tower,11,13,5,0,29,0,0,1,0,1,11,13,6,0,30,0,0,0,30
04/17/2019,JAC,WY,ANM,WE,Federal Contract Tower,10,11,9,0,30,0,0,3,2,5,10,11,12,2,35,0,0,0,35
04/18/2019,JAC,WY,ANM,WE,Federal Contract Tower,12,12,10,2,36,0,0,5,2,7,12,12,15,4,43,0,0,0,43
04/19/2019,JAC,WY,ANM,WE,Federal Contract Tower,11,11,6,0,28,0,0,3,2,5,11,11,9,2,33,2,0,2,35
04/20/2019,JAC,WY,ANM,WE,Federal Contract Tower,10,9,2,0,21,0,0,0,0,0,10,9,2,0,21,0,0,0,21
04/21/2019,JAC,WY,ANM,WE,Federal Contract Tower,9,6,5,0,20,0,0,0,0,0,9,6,5,0,20,0,0,0,20
04/22/2019,JAC,WY,ANM,WE,Federal Contract Tower,11,16,5,0,32,0,0,1,0,1,11,16,6,0,33,0,0,0,33
04/23/2019,JAC,WY,ANM,WE,Federal Contract Tower,11,17,6,0,34,0,1,6,0,7,11,18,12,0,41,6,0,6,47
04/24/2019,JAC,WY,ANM,WE,Federal Contract Tower,11,11,8,0,30,0,0,5,0,5,11,11,13,0,35,0,0,0,35
04/25/2019,JAC,WY,ANM,WE,Federal Contract Tower,11,9,12,3,35,0,7,10,4,21,11,16,22,7,56,0,0,0,56
04/26/2019,JAC,WY,ANM,WE,Federal Contract Tower,12,8,9,0,29,0,0,0,0,0,12,8,9,0,29,0,0,0,29
04/27/2019,JAC,WY,ANM,WE,Federal Contract Tower,12,12,7,0,31,0,3,2,0,5,12,15,9,0,36,0,0,0,36
04/28/2019,JAC,WY,ANM,WE,Federal Contract Tower,11,5,6,0,22,0,0,3,0,3,11,5,9,0,25,0,0,0,25
04/29/2019,JAC,WY,ANM,WE,Federal Contract Tower,10,11,11,3,35,0,2,6,2,10,10,13,17,5,45,0,0,0,45
04/30/2019,JAC,WY,ANM,WE,Federal Contract Tower,12,6,10,0,28,0,0,5,0,5,12,6,15,0,33,0,0,0,33
05/01/2019,JAC,WY,ANM,WE,Federal Contract Tower,11,15,13,0,39,0,0,3,0,3,11,15,16,0,42,0,0,0,42
05/02/2019,JAC,WY,ANM,WE,Federal Contract Tower,11,6,7,2,26,0,1,5,0,6,11,7,12,2,32,0,0,0,32
05/03/2019,JAC,WY,ANM,WE,Federal Contract Tower,12,11,6,0,29,0,0,10,12,22,12,11,16,12,51,0,0,0,51
05/04/2019,JAC,WY,ANM,WE,Federal Contract Tower,12,7,9,0,28,0,0,11,0,11,12,7,20,0,39,0,0,0,39
05/05/2019,JAC,WY,ANM,WE,Federal Contract Tower,11,5,8,1,25,0,0,12,2,14,11,5,20,3,39,0,0,0,39
05/06/2019,JAC,WY,ANM,WE,Federal Contract Tower,10,15,7,0,32,0,2,4,0,6,10,17,11,0,38,0,0,0,38
05/07/2019,JAC,WY,ANM,WE,Federal Contract Tower,12,10,6,0,28,0,0,1,0,1,12,10,7,0,29,0,0,0,29
05/08/2019,JAC,WY,ANM,WE,Federal Contract Tower,10,12,13,0,35,0,0,5,1,6,10,12,18,1,41,0,0,0,41
05/09/2019,JAC,WY,ANM,WE,Federal Contract Tower,12,11,12,0,35,0,0,4,1,5,12,11,16,1,40,8,0,8,48
05/10/2019,JAC,WY,ANM,WE,Federal Contract Tower,11,14,17,0,42,0,1,12,3,16,11,15,29,3,58,4,0,4,62
05/11/2019,JAC,WY,ANM,WE,Federal Contract Tower,10,6,8,0,24,0,1,4,0,5,10,7,12,0,29,0,0,0,29
05/12/2019,JAC,WY,ANM,WE,Federal Contract Tower,15,5,7,0,27,0,0,5,0,5,15,5,12,0,32,0,0,0,32
05/13/2019,JAC,WY,ANM,WE,Federal Contract Tower,11,11,14,0,36,0,3,1,2,6,11,14,15,2,42,0,2,2,44
05/14/2019,JAC,WY,ANM,WE,Federal Contract Tower,12,10,3,0,25,0,1,4,0,5,12,11,7,0,30,2,0,2,32
05/15/2019,JAC,WY,ANM,WE,Federal Contract Tower,11,7,5,0,23,0,0,5,0,5,11,7,10,0,28,0,0,0,28
05/16/2019,JAC,WY,ANM,WE,Federal Contract Tower,13,10,20,0,43,0,0,5,0,5,13,10,25,0,48,6,0,6,54
05/17/2019,JAC,WY,ANM,WE,Federal Contract Tower,11,11,13,0,35,0,0,1,0,1,11,11,14,0,36,0,0,0,36
05/18/2019,JAC,WY,ANM,WE,Federal Contract Tower,12,7,10,0,29,0,0,1,0,1,12,7,11,0,30,0,0,0,30
05/19/2019,JAC,WY,ANM,WE,Federal Contract Tower,12,7,19,0,38,0,0,0,0,0,12,7,19,0,38,0,0,0,38
05/20/2019,JAC,WY,ANM,WE,Federal Contract Tower,11,24,17,0,52,0,1,1,0,2,11,25,18,0,54,0,0,0,54
05/21/2019,JAC,WY,ANM,WE,Federal Contract Tower,13,17,13,0,43,0,2,2,0,4,13,19,15,0,47,0,0,0,47
05/22/2019,JAC,WY,ANM,WE,Federal Contract Tower,11,11,9,0,31,0,2,5,0,7,11,13,14,0,38,0,0,0,38
05/23/2019,JAC,WY,ANM,WE,Federal Contract Tower,14,14,15,0,43,0,0,3,0,3,14,14,18,0,46,8,0,8,54
05/24/2019,JAC,WY,ANM,WE,Federal Contract Tower,11,13,27,0,51,0,0,0,0,0,11,13,27,0,51,0,0,0,51
05/25/2019,JAC,WY,ANM,WE,Federal Contract Tower,12,16,10,0,38,0,0,0,0,0,12,16,10,0,38,0,0,0,38
05/26/2019,JAC,WY,ANM,WE,Federal Contract Tower,13,12,10,0,35,0,0,6,2,8,13,12,16,2,43,4,0,4,47
05/27/2019,JAC,WY,ANM,WE,Federal Contract Tower,11,11,16,0,38,0,0,0,0,0,11,11,16,0,38,0,0,0,38
05/28/2019,JAC,WY,ANM,WE,Federal Contract Tower,11,9,13,0,33,0,0,4,0,4,11,9,17,0,37,9,0,9,46
05/29/2019,JAC,WY,ANM,WE,Federal Contract Tower,13,14,10,0,37,0,1,14,0,15,13,15,24,0,52,6,0,6,58
05/30/2019,JAC,WY,ANM,WE,Federal Contract Tower,15,9,11,0,35,0,2,19,0,21,15,11,30,0,56,6,0,6,62
05/31/2019,JAC,WY,ANM,WE,Federal Contract Tower,13,16,14,0,43,0,0,8,0,8,13,16,22,0,51,8,0,8,59
06/01/2019,JAC,WY,ANM,WE,Federal Contract Tower,14,20,11,0,45,0,0,14,0,14,14,20,25,0,59,0,0,0,59
06/02/2019,JAC,WY,ANM,WE,Federal Contract Tower,15,18,10,0,43,0,0,9,0,9,15,18,19,0,52,2,0,2,54
06/03/2019,JAC,WY,ANM,WE,Federal Contract Tower,12,20,12,0,44,0,10,1,0,11,12,30,13,0,55,24,0,24,79
06/04/2019,JAC,WY,ANM,WE,Federal Contract Tower,14,10,16,2,42,0,2,20,6,28,14,12,36,8,70,4,0,4,74
06/05/2019,JAC,WY,ANM,WE,Federal Contract Tower,12,18,18,0,48,0,0,29,0,29,12,18,47,0,77,10,0,10,87
06/06/2019,JAC,WY,ANM,WE,Federal Contract Tower,32,20,25,2,79,0,2,17,0,19,32,22,42,2,98,2,0,2,100
06/07/2019,JAC,WY,ANM,WE,Federal Contract Tower,28,26,12,0,66,0,0,4,0,4,28,26,16,0,70,0,0,0,70
06/08/2019,JAC,WY,ANM,WE,Federal Contract Tower,53,18,21,0,92,0,2,5,0,7,53,20,26,0,99,0,0,0,99
06/09/2019,JAC,WY,ANM,WE,Federal Contract Tower,39,30,18,2,89,0,0,6,0,6,39,30,24,2,95,4,0,4,99
06/10/2019,JAC,WY,ANM,WE,Federal Contract Tower,34,20,8,0,62,0,2,4,4,10,34,22,12,4,72,2,0,2,74
06/11/2019,JAC,WY,ANM,WE,Federal Contract Tower,31,20,12,0,63,0,1,8,0,9,31,21,20,0,72,0,0,0,72
06/12/2019,JAC,WY,ANM,WE,Federal Contract Tower,34,22,17,0,73,0,0,15,0,15,34,22,32,0,88,0,0,0,88
06/13/2019,JAC,WY,ANM,WE,Federal Contract Tower,38,22,7,0,67,0,1,11,0,12,38,23,18,0,79,0,0,0,79
06/14/2019,JAC,WY,ANM,WE,Federal Contract Tower,30,23,16,0,69,0,0,15,4,19,30,23,31,4,88,0,0,0,88
06/15/2019,JAC,WY,ANM,WE,Federal Contract Tower,53,29,20,0,102,0,8,18,5,31,53,37,38,5,133,0,0,0,133
06/16/2019,JAC,WY,ANM,WE,Federal Contract Tower,37,23,16,0,76,0,1,21,0,22,37,24,37,0,98,2,0,2,100
06/17/2019,JAC,WY,ANM,WE,Federal Contract Tower,32,32,23,0,87,0,0,19,0,19,32,32,42,0,106,2,0,2,108
06/18/2019,JAC,WY,ANM,WE,Federal Contract Tower,32,10,17,0,59,0,1,9,0,10,32,11,26,0,69,2,0,2,71
06/19/2019,JAC,WY,ANM,WE,Federal Contract Tower,32,21,14,0,67,0,0,14,0,14,32,21,28,0,81,0,0,0,81
06/20/2019,JAC,WY,ANM,WE,Federal Contract Tower,35,25,19,0,79,0,0,4,0,4,35,25,23,0,83,0,0,0,83
06/21/2019,JAC,WY,ANM,WE,Federal Contract Tower,32,31,13,0,76,0,0,6,6,12,32,31,19,6,88,0,0,0,88
06/22/2019,JAC,WY,ANM,WE,Federal Contract Tower,53,23,16,2,94,0,0,10,6,16,53,23,26,8,110,4,0,4,114
06/23/2019,JAC,WY,ANM,WE,Federal Contract Tower,39,26,24,0,89,1,0,7,0,8,40,26,31,0,97,6,0,6,103
06/24/2019,JAC,WY,ANM,WE,Federal Contract Tower,34,19,15,2,70,0,5,15,0,20,34,24,30,2,90,6,0,6,96
06/25/2019,JAC,WY,ANM,WE,Federal Contract Tower,36,32,21,0,89,0,0,11,0,11,36,32,32,0,100,2,0,2,102
06/26/2019,JAC,WY,ANM,WE,Federal Contract Tower,40,23,21,0,84,0,0,22,0,22,40,23,43,0,106,0,0,0,106
06/27/2019,JAC,WY,ANM,WE,Federal Contract Tower,35,33,22,0,90,0,1,46,1,48,35,34,68,1,138,10,0,10,148
06/28/2019,JAC,WY,ANM,WE,Federal Contract Tower,35,34,25,0,94,0,2,11,1,14,35,36,36,1,108,0,0,0,108
06/29/2019,JAC,WY,ANM,WE,Federal Contract Tower,55,37,16,0,108,0,0,20,4,24,55,37,36,4,132,24,0,24,156
06/30/2019,JAC,WY,ANM,WE,Federal Contract Tower,40,53,27,0,120,0,0,11,0,11,40,53,38,0,131,0,0,0,131
07/01/2019,JAC,WY,ANM,WE,Federal Contract Tower,37,35,25,0,97,0,2,22,0,24,37,37,47,0,121,18,0,18,139
07/02/2019,JAC,WY,ANM,WE,Federal Contract Tower,39,22,24,0,85,0,0,12,0,12,39,22,36,0,97,0,0,0,97
07/03/2019,JAC,WY,ANM,WE,Federal Contract Tower,37,41,39,0,117,0,1,14,0,15,37,42,53,0,132,0,0,0,132
07/04/2019,JAC,WY,ANM,WE,Federal Contract Tower,30,12,7,0,49,0,0,8,0,8,30,12,15,0,57,0,0,0,57
07/05/2019,JAC,WY,ANM,WE,Federal Contract Tower,32,28,29,0,89,0,2,8,0,10,32,30,37,0,99,0,0,0,99
07/06/2019,JAC,WY,ANM,WE,Federal Contract Tower,57,29,23,0,109,0,0,13,2,15,57,29,36,2,124,0,0,0,124
07/07/2019,JAC,WY,ANM,WE,Federal Contract Tower,50,69,54,0,173,0,0,20,0,20,50,69,74,0,193,0,0,0,193
07/08/2019,JAC,WY,ANM,WE,Federal Contract Tower,36,35,32,0,103,0,1,15,0,16,36,36,47,0,119,0,0,0,119
07/09/2019,JAC,WY,ANM,WE,Federal Contract Tower,40,34,15,0,89,0,0,10,0,10,40,34,25,0,99,0,0,0,99
07/10/2019,JAC,WY,ANM,WE,Federal Contract Tower,36,26,21,1,84,0,0,16,1,17,36,26,37,2,101,0,0,0,101
07/11/2019,JAC,WY,ANM,WE,Federal Contract Tower,39,33,20,2,94,0,2,19,0,21,39,35,39,2,115,0,0,0,115
07/12/2019,JAC,WY,ANM,WE,Federal Contract Tower,32,25,24,0,81,0,0,21,0,21,32,25,45,0,102,0,0,0,102
07/13/2019,JAC,WY,ANM,WE,Federal Contract Tower,55,23,25,0,103,0,1,20,0,21,55,24,45,0,124,0,0,0,124
07/14/2019,JAC,WY,ANM,WE,Federal Contract Tower,43,42,35,0,120,0,1,15,0,16,43,43,50,0,136,0,0,0,136
07/15/2019,JAC,WY,ANM,WE,Federal Contract Tower,34,31,28,0,93,0,0,22,0,22,34,31,50,0,115,6,0,6,121
07/16/2019,JAC,WY,ANM,WE,Federal Contract Tower,41,28,29,1,99,0,2,22,0,24,41,30,51,1,123,0,0,0,123
07/17/2019,JAC,WY,ANM,WE,Federal Contract Tower,37,19,26,0,82,0,0,19,1,20,37,19,45,1,102,0,0,0,102
07/18/2019,JAC,WY,ANM,WE,Federal Contract Tower,32,31,34,2,99,0,0,34,0,34,32,31,68,2,133,0,0,0,133
07/19/2019,JAC,WY,ANM,WE,Federal Contract Tower,32,27,31,0,90,0,2,22,0,24,32,29,53,0,114,0,0,0,114
07/20/2019,JAC,WY,ANM,WE,Federal Contract Tower,53,23,27,0,103,0,0,22,0,22,53,23,49,0,125,0,0,0,125
07/21/2019,JAC,WY,ANM,WE,Federal Contract Tower,44,26,36,0,106,0,0,25,0,25,44,26,61,0,131,2,0,2,133
07/22/2019,JAC,WY,ANM,WE,Federal Contract Tower,35,30,21,0,86,0,1,29,0,30,35,31,50,0,116,2,0,2,118
07/23/2019,JAC,WY,ANM,WE,Federal Contract Tower,37,25,11,0,73,0,1,24,0,25,37,26,35,0,98,6,0,6,104
07/24/2019,JAC,WY,ANM,WE,Federal Contract Tower,38,29,21,0,88,0,0,12,0,12,38,29,33,0,100,0,0,0,100
07/25/2019,JAC,WY,ANM,WE,Federal Contract Tower,37,45,12,0,94,0,0,24,0,24,37,45,36,0,118,0,0,0,118
07/26/2019,JAC,WY,ANM,WE,Federal Contract Tower,35,30,31,0,96,0,0,26,0,26,35,30,57,0,122,0,0,0,122
07/27/2019,JAC,WY,ANM,WE,Federal Contract Tower,55,42,31,0,128,0,0,20,0,20,55,42,51,0,148,0,0,0,148
07/28/2019,JAC,WY,ANM,WE,Federal Contract Tower,44,30,46,0,120,0,0,23,0,23,44,30,69,0,143,0,0,0,143
07/29/2019,JAC,WY,ANM,WE,Federal Contract Tower,39,48,45,0,132,0,0,8,0,8,39,48,53,0,140,0,0,0,140
07/30/2019,JAC,WY,ANM,WE,Federal Contract Tower,40,31,29,0,100,0,0,24,0,24,40,31,53,0,124,2,0,2,126
07/31/2019,JAC,WY,ANM,WE,Federal Contract Tower,38,42,25,0,105,0,1,11,0,12,38,43,36,0,117,0,0,0,117
08/01/2019,JAC,WY,ANM,WE,Federal Contract Tower,36,39,36,0,111,0,0,31,0,31,36,39,67,0,142,0,0,0,142
08/02/2019,JAC,WY,ANM,WE,Federal Contract Tower,40,33,33,0,106,0,0,14,0,14,40,33,47,0,120,0,0,0,120
08/03/2019,JAC,WY,ANM,WE,Federal Contract Tower,53,37,28,0,118,0,0,29,0,29,53,37,57,0,147,0,0,0,147
08/04/2019,JAC,WY,ANM,WE,Federal Contract Tower,50,47,46,0,143,0,0,20,0,20,50,47,66,0,163,0,0,0,163
08/05/2019,JAC,WY,ANM,WE,Federal Contract Tower,35,40,43,1,119,0,0,19,0,19,35,40,62,1,138,0,0,0,138
08/06/2019,JAC,WY,ANM,WE,Federal Contract Tower,40,36,39,0,115,0,0,34,0,34,40,36,73,0,149,4,0,4,153
08/07/2019,JAC,WY,ANM,WE,Federal Contract Tower,37,36,26,0,99,0,0,15,2,17,37,36,41,2,116,0,0,0,116
08/08/2019,JAC,WY,ANM,WE,Federal Contract Tower,37,31,30,0,98,0,0,10,0,10,37,31,40,0,108,2,0,2,110
08/09/2019,JAC,WY,ANM,WE,Federal Contract Tower,36,31,29,0,96,0,3,18,1,22,36,34,47,1,118,0,0,0,118
08/10/2019,JAC,WY,ANM,WE,Federal Contract Tower,55,34,16,0,105,0,0,13,2,15,55,34,29,2,120,0,0,0,120
08/11/2019,JAC,WY,ANM,WE,Federal Contract Tower,44,49,40,0,133,0,0,14,0,14,44,49,54,0,147,0,0,0,147
08/12/2019,JAC,WY,ANM,WE,Federal Contract Tower,37,31,25,0,93,0,2,14,0,16,37,33,39,0,109,2,0,2,111
08/13/2019,JAC,WY,ANM,WE,Federal Contract Tower,40,36,25,0,101,0,0,19,2,21,40,36,44,2,122,0,0,0,122
08/14/2019,JAC,WY,ANM,WE,Federal Contract Tower,36,38,38,2,114,0,0,30,0,30,36,38,68,2,144,8,0,8,152
08/15/2019,JAC,WY,ANM,WE,Federal Contract Tower,38,25,34,0,97,0,1,25,0,26,38,26,59,0,123,0,0,0,123
08/16/2019,JAC,WY,ANM,WE,Federal Contract Tower,35,34,36,2,107,0,0,22,0,22,35,34,58,2,129,0,0,0,129
08/17/2019,JAC,WY,ANM,WE,Federal Contract Tower,57,36,22,0,115,0,0,27,0,27,57,36,49,0,142,0,0,0,142
08/18/2019,JAC,WY,ANM,WE,Federal Contract Tower,43,49,36,0,128,0,1,16,0,17,43,50,52,0,145,0,0,0,145
08/19/2019,JAC,WY,ANM,WE,Federal Contract Tower,35,31,38,0,104,0,0,37,0,37,35,31,75,0,141,0,0,0,141
08/20/2019,JAC,WY,ANM,WE,Federal Contract Tower,34,27,24,0,85,0,3,19,0,22,34,30,43,0,107,0,0,0,107
08/21/2019,JAC,WY,ANM,WE,Federal Contract Tower,39,31,37,1,108,0,1,27,0,28,39,32,64,1,136,0,0,0,136
08/22/2019,JAC,WY,ANM,WE,Federal Contract Tower,35,31,37,0,103,0,2,19,0,21,35,33,56,0,124,2,0,2,126
08/23/2019,JAC,WY,ANM,WE,Federal Contract Tower,33,38,27,0,98,0,2,21,0,23,33,40,48,0,121,0,0,0,121
08/24/2019,JAC,WY,ANM,WE,Federal Contract Tower,48,26,25,0,99,0,0,12,0,12,48,26,37,0,111,0,0,0,111
08/25/2019,JAC,WY,ANM,WE,Federal Contract Tower,37,33,30,0,100,0,0,17,0,17,37,33,47,0,117,0,0,0,117
08/26/2019,JAC,WY,ANM,WE,Federal Contract Tower,32,22,33,0,87,0,2,25,0,27,32,24,58,0,114,0,0,0,114
08/27/2019,JAC,WY,ANM,WE,Federal Contract Tower,34,13,17,1,65,0,0,23,0,23,34,13,40,1,88,0,0,0,88
08/28/2019,JAC,WY,ANM,WE,Federal Contract Tower,32,25,25,1,83,0,0,25,0,25,32,25,50,1,108,4,0,4,112
08/29/2019,JAC,WY,ANM,WE,Federal Contract Tower,32,26,18,0,76,0,0,23,0,23,32,26,41,0,99,0,0,0,99
08/30/2019,JAC,WY,ANM,WE,Federal Contract Tower,34,28,30,0,92,0,1,16,0,17,34,29,46,0,109,0,0,0,109
08/31/2019,JAC,WY,ANM,WE,Federal Contract Tower,41,29,21,1,92,0,3,27,0,30,41,32,48,1,122,2,0,2,124
09/01/2019,JAC,WY,ANM,WE,Federal Contract Tower,27,18,21,0,66,0,0,19,0,19,27,18,40,0,85,0,0,0,85
09/02/2019,JAC,WY,ANM,WE,Federal Contract Tower,32,30,24,0,86,0,2,28,0,30,32,32,52,0,116,0,0,0,116
09/03/2019,JAC,WY,ANM,WE,Federal Contract Tower,31,40,31,0,102,0,0,23,0,23,31,40,54,0,125,0,0,0,125
09/04/2019,JAC,WY,ANM,WE,Federal Contract Tower,26,27,28,0,81,0,0,25,0,25,26,27,53,0,106,2,0,2,108
09/05/2019,JAC,WY,ANM,WE,Federal Contract Tower,26,45,36,0,107,0,2,17,0,19,26,47,53,0,126,0,0,0,126
09/06/2019,JAC,WY,ANM,WE,Federal Contract Tower,25,20,23,0,68,0,4,13,0,17,25,24,36,0,85,0,0,0,85
09/07/2019,JAC,WY,ANM,WE,Federal Contract Tower,34,24,22,0,80,0,4,25,0,29,34,28,47,0,109,0,0,0,109
09/08/2019,JAC,WY,ANM,WE,Federal Contract Tower,30,35,34,0,99,0,0,11,0,11,30,35,45,0,110,0,0,0,110
09/09/2019,JAC,WY,ANM,WE,Federal Contract Tower,25,22,25,0,72,0,2,7,0,9,25,24,32,0,81,0,0,0,81
09/10/2019,JAC,WY,ANM,WE,Federal Contract Tower,23,22,21,0,66,0,0,8,0,8,23,22,29,0,74,0,0,0,74
09/11/2019,JAC,WY,ANM,WE,Federal Contract Tower,25,28,19,0,72,0,0,0,0,0,25,28,19,0,72,0,0,0,72
09/12/2019,JAC,WY,ANM,WE,Federal Contract Tower,26,31,32,0,89,0,1,13,0,14,26,32,45,0,103,0,0,0,103
09/13/2019,JAC,WY,ANM,WE,Federal Contract Tower,25,18,32,2,77,0,0,28,0,28,25,18,60,2,105,2,0,2,107
09/14/2019,JAC,WY,ANM,WE,Federal Contract Tower,33,18,15,2,68,0,0,34,4,38,33,18,49,6,106,0,4,4,110
09/15/2019,JAC,WY,ANM,WE,Federal Contract Tower,29,35,56,0,120,0,1,32,2,35,29,36,88,2,155,10,0,10,165
09/16/2019,JAC,WY,ANM,WE,Federal Contract Tower,30,20,21,0,71,0,2,14,1,17,30,22,35,1,88,0,0,0,88
09/17/2019,JAC,WY,ANM,WE,Federal Contract Tower,24,32,29,0,85,0,0,6,0,6,24,32,35,0,91,0,0,0,91
09/18/2019,JAC,WY,ANM,WE,Federal Contract Tower,25,19,29,0,73,0,0,23,0,23,25,19,52,0,96,0,0,0,96
09/19/2019,JAC,WY,ANM,WE,Federal Contract Tower,25,27,22,0,74,0,0,17,0,17,25,27,39,0,91,2,0,2,93
09/20/2019,JAC,WY,ANM,WE,Federal Contract Tower,25,24,35,0,84,0,4,0,0,4,25,28,35,0,88,0,0,0,88
09/21/2019,JAC,WY,ANM,WE,Federal Contract Tower,33,18,17,0,68,0,0,2,0,2,33,18,19,0,70,2,0,2,72
09/22/2019,JAC,WY,ANM,WE,Federal Contract Tower,29,26,29,0,84,0,3,18,0,21,29,29,47,0,105,0,0,0,105
09/23/2019,JAC,WY,ANM,WE,Federal Contract Tower,24,24,19,0,67,0,1,21,1,23,24,25,40,1,90,2,0,2,92
09/24/2019,JAC,WY,ANM,WE,Federal Contract Tower,24,18,15,0,57,0,0,18,0,18,24,18,33,0,75,0,0,0,75
09/25/2019,JAC,WY,ANM,WE,Federal Contract Tower,25,24,25,4,78,0,0,17,0,17,25,24,42,4,95,0,0,0,95
09/26/2019,JAC,WY,ANM,WE,Federal Contract Tower,27,25,23,1,76,0,0,27,0,27,27,25,50,1,103,0,0,0,103
09/27/2019,JAC,WY,ANM,WE,Federal Contract Tower,26,30,29,2,87,0,2,8,0,10,26,32,37,2,97,8,0,8,105
09/28/2019,JAC,WY,ANM,WE,Federal Contract Tower,30,22,12,0,64,0,0,0,0,0,30,22,12,0,64,0,0,0,64
09/29/2019,JAC,WY,ANM,WE,Federal Contract Tower,26,17,20,0,63,0,1,1,0,2,26,18,21,0,65,0,0,0,65
09/30/2019,JAC,WY,ANM,WE,Federal Contract Tower,25,27,15,0,67,0,0,6,0,6,25,27,21,0,73,8,0,8,81
10/01/2019,JAC,WY,ANM,WE,Federal Contract Tower,25,17,18,0,60,0,0,12,0,12,25,17,30,0,72,0,0,0,72
10/02/2019,JAC,WY,ANM,WE,Federal Contract Tower,25,17,16,0,58,0,0,3,0,3,25,17,19,0,61,0,0,0,61
10/03/2019,JAC,WY,ANM,WE,Federal Contract Tower,23,16,15,0,54,0,0,10,0,10,23,16,25,0,64,0,0,0,64
10/04/2019,JAC,WY,ANM,WE,Federal Contract Tower,18,22,25,2,67,0,0,3,3,6,18,22,28,5,73,0,0,0,73
10/05/2019,JAC,WY,ANM,WE,Federal Contract Tower,14,13,21,0,48,0,0,12,0,12,14,13,33,0,60,0,0,0,60
10/06/2019,JAC,WY,ANM,WE,Federal Contract Tower,15,20,17,0,52,0,0,9,3,12,15,20,26,3,64,0,2,2,66
10/07/2019,JAC,WY,ANM,WE,Federal Contract Tower,13,21,17,1,52,0,0,4,0,4,13,21,21,1,56,0,0,0,56
10/08/2019,JAC,WY,ANM,WE,Federal Contract Tower,13,22,8,0,43,0,1,5,0,6,13,23,13,0,49,0,0,0,49
10/09/2019,JAC,WY,ANM,WE,Federal Contract Tower,11,19,6,0,36,0,0,0,0,0,11,19,6,0,36,0,0,0,36
10/10/2019,JAC,WY,ANM,WE,Federal Contract Tower,14,33,19,0,66,0,0,4,0,4,14,33,23,0,70,2,0,2,72
10/11/2019,JAC,WY,ANM,WE,Federal Contract Tower,15,22,13,0,50,0,0,20,0,20,15,22,33,0,70,0,0,0,70
10/12/2019,JAC,WY,ANM,WE,Federal Contract Tower,14,19,6,2,41,0,0,16,0,16,14,19,22,2,57,2,0,2,59
10/13/2019,JAC,WY,ANM,WE,Federal Contract Tower,16,12,11,2,41,0,0,6,0,6,16,12,17,2,47,0,0,0,47
10/14/2019,JAC,WY,ANM,WE,Federal Contract Tower,13,40,12,0,65,0,0,10,0,10,13,40,22,0,75,0,0,0,75
10/15/2019,JAC,WY,ANM,WE,Federal Contract Tower,13,22,19,1,55,0,1,12,0,13,13,23,31,1,68,0,0,0,68
10/16/2019,JAC,WY,ANM,WE,Federal Contract Tower,11,18,10,0,39,0,0,14,0,14,11,18,24,0,53,0,0,0,53
10/17/2019,JAC,WY,ANM,WE,Federal Contract Tower,12,23,12,0,47,0,0,6,0,6,12,23,18,0,53,0,0,0,53
10/18/2019,JAC,WY,ANM,WE,Federal Contract Tower,13,19,26,0,58,0,1,6,0,7,13,20,32,0,65,0,0,0,65
10/19/2019,JAC,WY,ANM,WE,Federal Contract Tower,12,11,8,0,31,0,0,0,0,0,12,11,8,0,31,0,0,0,31
10/20/2019,JAC,WY,ANM,WE,Federal Contract Tower,12,12,15,0,39,0,0,2,0,2,12,12,17,0,41,0,0,0,41
10/21/2019,JAC,WY,ANM,WE,Federal Contract Tower,13,24,6,0,43,0,0,4,0,4,13,24,10,0,47,0,0,0,47
10/22/2019,JAC,WY,ANM,WE,Federal Contract Tower,14,10,4,4,32,0,0,1,0,1,14,10,5,4,33,0,8,8,41
10/23/2019,JAC,WY,ANM,WE,Federal Contract Tower,11,16,12,0,39,0,0,4,0,4,11,16,16,0,43,0,0,0,43
10/24/2019,JAC,WY,ANM,WE,Federal Contract Tower,13,22,21,0,56,0,0,5,0,5,13,22,26,0,61,0,0,0,61
10/25/2019,JAC,WY,ANM,WE,Federal Contract Tower,14,29,18,0,61,0,0,23,0,23,14,29,41,0,84,0,0,0,84
10/26/2019,JAC,WY,ANM,WE,Federal Contract Tower,14,10,3,0,27,0,0,0,0,0,14,10,3,0,27,0,0,0,27
10/27/2019,JAC,WY,ANM,WE,Federal Contract Tower,10,7,10,0,27,0,0,6,0,6,10,7,16,0,33,0,0,0,33
10/28/2019,JAC,WY,ANM,WE,Federal Contract Tower,10,18,7,0,35,0,1,1,0,2,10,19,8,0,37,0,0,0,37
10/29/2019,JAC,WY,ANM,WE,Federal Contract Tower,7,14,14,0,35,0,0,1,0,1,7,14,15,0,36,0,0,0,36
10/30/2019,JAC,WY,ANM,WE,Federal Contract Tower,6,10,5,0,21,0,0,24,0,24,6,10,29,0,45,2,0,2,47
10/31/2019,JAC,WY,ANM,WE,Federal Contract Tower,9,7,4,0,20,0,0,13,0,13,9,7,17,0,33,0,0,0,33
11/01/2019,JAC,WY,ANM,WE,Federal Contract Tower,9,10,12,0,31,0,0,16,0,16,9,10,28,0,47,0,0,0,47
11/02/2019,JAC,WY,ANM,WE,Federal Contract Tower,10,10,0,0,20,0,0,0,0,0,10,10,0,0,20,0,0,0,20
11/03/2019,JAC,WY,ANM,WE,Federal Contract Tower,11,9,12,0,32,0,0,7,0,7,11,9,19,0,39,0,0,0,39
11/04/2019,JAC,WY,ANM,WE,Federal Contract Tower,11,14,8,0,33,0,2,3,0,5,11,16,11,0,38,0,0,0,38
11/05/2019,JAC,WY,ANM,WE,Federal Contract Tower,11,9,13,0,33,0,0,3,0,3,11,9,16,0,36,0,0,0,36
11/06/2019,JAC,WY,ANM,WE,Federal Contract Tower,9,6,5,0,20,0,0,8,0,8,9,6,13,0,28,0,0,0,28
11/07/2019,JAC,WY,ANM,WE,Federal Contract Tower,11,19,12,0,42,0,0,13,0,13,11,19,25,0,55,0,0,0,55
11/08/2019,JAC,WY,ANM,WE,Federal Contract Tower,10,11,11,0,32,0,0,10,0,10,10,11,21,0,42,0,0,0,42
11/09/2019,JAC,WY,ANM,WE,Federal Contract Tower,12,13,7,0,32,0,2,4,4,10,12,15,11,4,42,4,0,4,46
11/10/2019,JAC,WY,ANM,WE,Federal Contract Tower,11,11,7,0,29,0,0,1,0,1,11,11,8,0,30,0,0,0,30
11/11/2019,JAC,WY,ANM,WE,Federal Contract Tower,11,12,11,0,34,0,5,5,0,10,11,17,16,0,44,4,0,4,48
11/12/2019,JAC,WY,ANM,WE,Federal Contract Tower,11,6,6,0,23,0,0,7,0,7,11,6,13,0,30,0,0,0,30
11/13/2019,JAC,WY,ANM,WE,Federal Contract Tower,9,10,10,0,29,0,0,8,0,8,9,10,18,0,37,0,0,0,37
11/14/2019,JAC,WY,ANM,WE,Federal Contract Tower,12,11,14,0,37,0,2,4,0,6,12,13,18,0,43,0,0,0,43
11/15/2019,JAC,WY,ANM,WE,Federal Contract Tower,11,17,15,0,43,0,0,16,1,17,11,17,31,1,60,0,0,0,60
11/16/2019,JAC,WY,ANM,WE,Federal Contract Tower,11,15,2,0,28,0,0,4,0,4,11,15,6,0,32,0,0,0,32
11/17/2019,JAC,WY,ANM,WE,Federal Contract Tower,11,20,5,0,36,0,0,1,0,1,11,20,6,0,37,0,0,0,37
11/18/2019,JAC,WY,ANM,WE,Federal Contract Tower,11,12,10,0,33,0,0,4,0,4,11,12,14,0,37,0,0,0,37
11/19/2019,JAC,WY,ANM,WE,Federal Contract Tower,11,11,13,0,35,0,1,11,0,12,11,12,24,0,47,0,0,0,47
11/20/2019,JAC,WY,ANM,WE,Federal Contract Tower,9,7,13,0,29,0,0,0,0,0,9,7,13,0,29,0,0,0,29
11/21/2019,JAC,WY,ANM,WE,Federal Contract Tower,11,10,10,0,31,0,0,3,0,3,11,10,13,0,34,0,0,0,34
11/22/2019,JAC,WY,ANM,WE,Federal Contract Tower,11,11,13,0,35,0,0,8,0,8,11,11,21,0,43,0,0,0,43
11/23/2019,JAC,WY,ANM,WE,Federal Contract Tower,11,17,3,0,31,0,0,7,0,7,11,17,10,0,38,0,0,0,38
11/24/2019,JAC,WY,ANM,WE,Federal Contract Tower,11,13,3,2,29,0,0,7,0,7,11,13,10,2,36,0,0,0,36
11/25/2019,JAC,WY,ANM,WE,Federal Contract Tower,11,16,10,0,37,0,0,2,0,2,11,16,12,0,39,0,0,0,39
11/26/2019,JAC,WY,ANM,WE,Federal Contract Tower,8,20,5,2,35,0,0,4,0,4,8,20,9,2,39,0,0,0,39
11/27/2019,JAC,WY,ANM,WE,Federal Contract Tower,10,7,10,0,27,0,0,0,0,0,10,7,10,0,27,0,0,0,27
11/28/2019,JAC,WY,ANM,WE,Federal Contract Tower,9,3,0,0,12,0,0,0,0,0,9,3,0,0,12,0,0,0,12
11/29/2019,JAC,WY,ANM,WE,Federal Contract Tower,8,10,4,0,22,0,0,0,0,0,8,10,4,0,22,0,0,0,22
11/30/2019,JAC,WY,ANM,WE,Federal Contract Tower,12,16,12,0,40,0,0,0,0,0,12,16,12,0,40,0,0,0,40
12/01/2019,JAC,WY,ANM,WE,Federal Contract Tower,10,21,28,0,59,0,0,4,0,4,10,21,32,0,63,0,0,0,63
12/02/2019,JAC,WY,ANM,WE,Federal Contract Tower,11,17,16,0,44,0,0,0,0,0,11,17,16,0,44,0,0,0,44
12/03/2019,JAC,WY,ANM,WE,Federal Contract Tower,10,13,12,0,35,0,0,1,0,1,10,13,13,0,36,0,0,0,36
12/04/2019,JAC,WY,ANM,WE,Federal Contract Tower,13,12,14,2,41,0,2,5,0,7,13,14,19,2,48,0,0,0,48
12/05/2019,JAC,WY,ANM,WE,Federal Contract Tower,14,23,8,0,45,0,0,1,0,1,14,23,9,0,46,0,0,0,46
12/06/2019,JAC,WY,ANM,WE,Federal Contract Tower,15,17,22,2,56,0,0,7,0,7,15,17,29,2,63,0,0,0,63
12/07/2019,JAC,WY,ANM,WE,Federal Contract Tower,15,12,8,0,35,0,0,0,0,0,15,12,8,0,35,0,0,0,35
12/08/2019,JAC,WY,ANM,WE,Federal Contract Tower,14,9,6,0,29,0,0,0,0,0,14,9,6,0,29,0,0,0,29
12/09/2019,JAC,WY,ANM,WE,Federal Contract Tower,17,26,6,0,49,0,1,14,0,15,17,27,20,0,64,0,0,0,64
12/10/2019,JAC,WY,ANM,WE,Federal Contract Tower,12,11,7,0,30,0,0,12,0,12,12,11,19,0,42,0,0,0,42
12/11/2019,JAC,WY,ANM,WE,Federal Contract Tower,13,14,3,0,30,0,0,5,0,5,13,14,8,0,35,0,0,0,35
12/12/2019,JAC,WY,ANM,WE,Federal Contract Tower,15,18,9,0,42,0,0,0,0,0,15,18,9,0,42,0,0,0,42
12/13/2019,JAC,WY,ANM,WE,Federal Contract Tower,15,12,13,0,40,0,1,1,0,2,15,13,14,0,42,0,0,0,42
12/14/2019,JAC,WY,ANM,WE,Federal Contract Tower,12,17,8,0,37,0,0,0,0,0,12,17,8,0,37,0,0,0,37
12/15/2019,JAC,WY,ANM,WE,Federal Contract Tower,17,18,23,0,58,0,0,4,0,4,17,18,27,0,62,0,0,0,62
12/16/2019,JAC,WY,ANM,WE,Federal Contract Tower,14,19,22,0,55,0,1,3,0,4,14,20,25,0,59,0,0,0,59
12/17/2019,JAC,WY,ANM,WE,Federal Contract Tower,13,28,11,0,52,0,1,5,0,6,13,29,16,0,58,0,0,0,58
12/18/2019,JAC,WY,ANM,WE,Federal Contract Tower,20,21,22,0,63,0,0,5,0,5,20,21,27,0,68,0,0,0,68
12/19/2019,JAC,WY,ANM,WE,Federal Contract Tower,29,21,26,0,76,0,1,5,0,6,29,22,31,0,82,0,0,0,82
12/20/2019,JAC,WY,ANM,WE,Federal Contract Tower,30,36,45,0,111,0,0,4,0,4,30,36,49,0,115,0,0,0,115
12/21/2019,JAC,WY,ANM,WE,Federal Contract Tower,47,54,29,0,130,0,0,4,0,4,47,54,33,0,134,0,0,0,134
12/22/2019,JAC,WY,ANM,WE,Federal Contract Tower,42,49,15,0,106,0,1,5,0,6,42,50,20,0,112,0,0,0,112
12/23/2019,JAC,WY,ANM,WE,Federal Contract Tower,41,40,23,0,104,0,0,4,0,4,41,40,27,0,108,0,0,0,108
12/24/2019,JAC,WY,ANM,WE,Federal Contract Tower,29,8,8,0,45,0,0,0,0,0,29,8,8,0,45,0,0,0,45
12/25/2019,JAC,WY,ANM,WE,Federal Contract Tower,30,18,3,0,51,0,0,0,0,0,30,18,3,0,51,0,0,0,51
12/26/2019,JAC,WY,ANM,WE,Federal Contract Tower,41,47,38,0,126,0,0,0,0,0,41,47,38,0,126,0,0,0,126
12/27/2019,JAC,WY,ANM,WE,Federal Contract Tower,43,45,38,0,126,0,0,2,0,2,43,45,40,0,128,0,0,0,128
12/28/2019,JAC,WY,ANM,WE,Federal Contract Tower,41,30,37,0,108,0,0,2,0,2,41,30,39,0,110,0,0,0,110
12/29/2019,JAC,WY,ANM,WE,Federal Contract Tower,43,31,27,0,101,0,0,2,0,2,43,31,29,0,103,0,0,0,103
12/30/2019,JAC,WY,ANM,WE,Federal Contract Tower,42,40,26,0,108,0,0,6,0,6,42,40,32,0,114,0,0,0,114
12/31/2019,JAC,WY,ANM,WE,Federal Contract Tower,39,37,15,0,91,0,0,0,0,0,39,37,15,0,91,0,0,0,91
01/01/2020,JAC,WY,ANM,WE,Federal Contract Tower,26,13,13,0,52,0,0,0,0,0,26,13,13,0,52,0,0,0,52
01/02/2020,JAC,WY,ANM,WE,Federal Contract Tower,47,48,31,0,126,0,0,0,0,0,47,48,31,0,126,0,0,0,126
01/03/2020,JAC,WY,ANM,WE,Federal Contract Tower,39,46,27,0,112,0,0,0,0,0,39,46,27,0,112,0,0,0,112
01/04/2020,JAC,WY,ANM,WE,Federal Contract Tower,50,36,43,0,129,0,0,1,0,1,50,36,44,0,130,0,0,0,130
01/05/2020,JAC,WY,ANM,WE,Federal Contract Tower,42,50,36,0,128,0,0,0,0,0,42,50,36,0,128,0,0,0,128
01/06/2020,JAC,WY,ANM,WE,Federal Contract Tower,27,27,21,0,75,0,0,0,0,0,27,27,21,0,75,0,0,0,75
01/07/2020,JAC,WY,ANM,WE,Federal Contract Tower,20,15,13,0,48,0,0,0,0,0,20,15,13,0,48,0,0,0,48
01/08/2020,JAC,WY,ANM,WE,Federal Contract Tower,21,25,8,0,54,0,0,0,0,0,21,25,8,0,54,0,0,0,54
01/09/2020,JAC,WY,ANM,WE,Federal Contract Tower,26,24,19,0,69,0,0,0,0,0,26,24,19,0,69,0,0,0,69
01/11/2020,JAC,WY,ANM,WE,Federal Contract Tower,34,26,5,0,65,0,0,0,0,0,34,26,5,0,65,0,0,0,65
01/12/2020,JAC,WY,ANM,WE,Federal Contract Tower,31,22,18,0,71,0,0,0,0,0,31,22,18,0,71,0,0,0,71
01/13/2020,JAC,WY,ANM,WE,Federal Contract Tower,25,20,10,0,55,0,0,0,0,0,25,20,10,0,55,0,0,0,55
01/14/2020,JAC,WY,ANM,WE,Federal Contract Tower,22,11,10,0,43,0,0,0,0,0,22,11,10,0,43,0,0,0,43
01/15/2020,JAC,WY,ANM,WE,Federal Contract Tower,21,16,13,0,50,0,1,6,0,7,21,17,19,0,57,0,0,0,57
01/16/2020,JAC,WY,ANM,WE,Federal Contract Tower,25,22,31,0,78,0,0,0,0,0,25,22,31,0,78,0,0,0,78
01/17/2020,JAC,WY,ANM,WE,Federal Contract Tower,25,40,31,0,96,0,0,2,0,2,25,40,33,0,98,0,0,0,98
01/18/2020,JAC,WY,ANM,WE,Federal Contract Tower,37,25,11,0,73,0,0,0,0,0,37,25,11,0,73,0,0,0,73
01/19/2020,JAC,WY,ANM,WE,Federal Contract Tower,27,25,17,0,69,0,0,0,0,0,27,25,17,0,69,0,0,0,69
01/20/2020,JAC,WY,ANM,WE,Federal Contract Tower,25,62,35,0,122,0,1,5,0,6,25,63,40,0,128,0,0,0,128
01/21/2020,JAC,WY,ANM,WE,Federal Contract Tower,21,28,24,0,73,0,0,6,0,6,21,28,30,0,79,0,0,0,79
01/22/2020,JAC,WY,ANM,WE,Federal Contract Tower,21,26,11,0,58,0,0,2,0,2,21,26,13,0,60,0,0,0,60
01/23/2020,JAC,WY,ANM,WE,Federal Contract Tower,25,20,12,0,57,0,0,0,0,0,25,20,12,0,57,0,0,0,57
01/24/2020,JAC,WY,ANM,WE,Federal Contract Tower,25,22,19,0,66,0,0,0,0,0,25,22,19,0,66,0,0,0,66
01/25/2020,JAC,WY,ANM,WE,Federal Contract Tower,39,15,16,0,70,0,1,2,0,3,39,16,18,0,73,0,0,0,73
01/26/2020,JAC,WY,ANM,WE,Federal Contract Tower,26,22,13,0,61,0,0,0,0,0,26,22,13,0,61,0,0,0,61
01/27/2020,JAC,WY,ANM,WE,Federal Contract Tower,20,26,23,0,69,0,0,0,0,0,20,26,23,0,69,0,0,0,69
01/28/2020,JAC,WY,ANM,WE,Federal Contract Tower,22,17,16,0,55,0,0,0,0,0,22,17,16,0,55,0,0,0,55
01/29/2020,JAC,WY,ANM,WE,Federal Contract Tower,21,19,15,0,55,0,0,0,0,0,21,19,15,0,55,0,0,0,55
01/30/2020,JAC,WY,ANM,WE,Federal Contract Tower,25,27,14,0,66,0,0,0,0,0,25,27,14,0,66,0,0,0,66
01/31/2020,JAC,WY,ANM,WE,Federal Contract Tower,25,18,27,0,70,0,0,0,0,0,25,18,27,0,70,0,0,0,70
02/01/2020,JAC,WY,ANM,WE,Federal Contract Tower,36,12,18,0,66,0,0,0,0,0,36,12,18,0,66,0,0,0,66
02/02/2020,JAC,WY,ANM,WE,Federal Contract Tower,28,23,15,0,66,0,0,3,0,3,28,23,18,0,69,0,0,0,69
02/03/2020,JAC,WY,ANM,WE,Federal Contract Tower,22,16,9,0,47,0,0,0,0,0,22,16,9,0,47,0,0,0,47
02/04/2020,JAC,WY,ANM,WE,Federal Contract Tower,20,19,21,0,60,0,0,6,0,6,20,19,27,0,66,0,0,0,66
02/05/2020,JAC,WY,ANM,WE,Federal Contract Tower,22,20,17,0,59,0,0,0,0,0,22,20,17,0,59,0,0,0,59
02/06/2020,JAC,WY,ANM,WE,Federal Contract Tower,24,17,9,0,50,0,0,0,0,0,24,17,9,0,50,0,0,0,50
02/07/2020,JAC,WY,ANM,WE,Federal Contract Tower,22,33,19,0,74,0,0,0,0,0,22,33,19,0,74,0,0,0,74
02/08/2020,JAC,WY,ANM,WE,Federal Contract Tower,41,19,4,0,64,0,0,0,0,0,41,19,4,0,64,0,0,0,64
02/09/2020,JAC,WY,ANM,WE,Federal Contract Tower,28,32,29,0,89,0,0,9,0,9,28,32,38,0,98,0,0,0,98
02/10/2020,JAC,WY,ANM,WE,Federal Contract Tower,25,28,20,0,73,0,0,0,0,0,25,28,20,0,73,0,0,0,73
02/11/2020,JAC,WY,ANM,WE,Federal Contract Tower,21,13,21,0,55,0,0,2,0,2,21,13,23,0,57,0,0,0,57
02/12/2020,JAC,WY,ANM,WE,Federal Contract Tower,21,25,21,0,67,0,0,7,0,7,21,25,28,0,74,0,0,0,74
02/13/2020,JAC,WY,ANM,WE,Federal Contract Tower,26,34,25,0,85,0,0,9,0,9,26,34,34,0,94,0,0,0,94
02/14/2020,JAC,WY,ANM,WE,Federal Contract Tower,29,55,45,0,129,0,0,0,0,0,29,55,45,0,129,0,0,0,129
02/15/2020,JAC,WY,ANM,WE,Federal Contract Tower,45,40,20,0,105,0,0,0,0,0,45,40,20,0,105,0,0,0,105
02/16/2020,JAC,WY,ANM,WE,Federal Contract Tower,30,11,9,0,50,0,0,0,0,0,30,11,9,0,50,0,0,0,50
02/17/2020,JAC,WY,ANM,WE,Federal Contract Tower,28,51,45,0,124,0,0,5,0,5,28,51,50,0,129,0,0,0,129
02/18/2020,JAC,WY,ANM,WE,Federal Contract Tower,26,35,34,0,95,0,0,5,0,5,26,35,39,0,100,0,0,0,100
02/19/2020,JAC,WY,ANM,WE,Federal Contract Tower,26,29,31,0,86,0,0,12,0,12,26,29,43,0,98,0,0,0,98
02/20/2020,JAC,WY,ANM,WE,Federal Contract Tower,28,31,22,0,81,0,1,9,0,10,28,32,31,0,91,0,0,0,91
02/21/2020,JAC,WY,ANM,WE,Federal Contract Tower,28,38,23,0,89,0,2,12,0,14,28,40,35,0,103,0,0,0,103
02/22/2020,JAC,WY,ANM,WE,Federal Contract Tower,44,44,14,1,103,0,0,18,0,18,44,44,32,1,121,0,2,2,123
02/23/2020,JAC,WY,ANM,WE,Federal Contract Tower,34,38,24,0,96,0,0,9,0,9,34,38,33,0,105,0,0,0,105
02/24/2020,JAC,WY,ANM,WE,Federal Contract Tower,28,23,23,1,75,0,0,1,0,1,28,23,24,1,76,0,0,0,76
02/25/2020,JAC,WY,ANM,WE,Federal Contract Tower,26,24,12,0,62,0,0,3,0,3,26,24,15,0,65,2,0,2,67
02/26/2020,JAC,WY,ANM,WE,Federal Contract Tower,26,13,9,0,48,0,0,1,0,1,26,13,10,0,49,0,0,0,49
02/27/2020,JAC,WY,ANM,WE,Federal Contract Tower,28,29,29,0,86,0,0,0,0,0,28,29,29,0,86,0,0,0,86
02/28/2020,JAC,WY,ANM,WE,Federal Contract Tower,28,28,22,3,81,0,1,11,0,12,28,29,33,3,93,0,0,0,93
02/29/2020,JAC,WY,ANM,WE,Federal Contract Tower,44,17,15,3,79,0,0,8,0,8,44,17,23,3,87,6,0,6,93
03/01/2020,JAC,WY,ANM,WE,Federal Contract Tower,35,30,21,0,86,0,0,0,0,0,35,30,21,0,86,0,0,0,86
03/02/2020,JAC,WY,ANM,WE,Federal Contract Tower,29,29,20,0,78,0,2,1,0,3,29,31,21,0,81,0,0,0,81
03/03/2020,JAC,WY,ANM,WE,Federal Contract Tower,26,13,20,0,59,0,0,0,0,0,26,13,20,0,59,0,0,0,59
03/04/2020,JAC,WY,ANM,WE,Federal Contract Tower,25,25,25,0,75,0,0,0,0,0,25,25,25,0,75,0,0,0,75
03/05/2020,JAC,WY,ANM,WE,Federal Contract Tower,29,34,29,0,92,0,1,15,0,16,29,35,44,0,108,0,0,0,108
03/06/2020,JAC,WY,ANM,WE,Federal Contract Tower,29,32,21,0,82,0,0,10,0,10,29,32,31,0,92,0,0,0,92
03/07/2020,JAC,WY,ANM,WE,Federal Contract Tower,43,35,20,0,98,0,0,2,0,2,43,35,22,0,100,0,0,0,100
03/08/2020,JAC,WY,ANM,WE,Federal Contract Tower,33,30,33,0,96,0,0,3,0,3,33,30,36,0,99,0,0,0,99
03/09/2020,JAC,WY,ANM,WE,Federal Contract Tower,28,23,11,0,62,0,0,0,0,0,28,23,11,0,62,0,0,0,62
03/10/2020,JAC,WY,ANM,WE,Federal Contract Tower,27,22,17,0,66,0,0,3,0,3,27,22,20,0,69,0,0,0,69
03/11/2020,JAC,WY,ANM,WE,Federal Contract Tower,25,23,13,2,63,0,0,1,0,1,25,23,14,2,64,0,0,0,64
03/12/2020,JAC,WY,ANM,WE,Federal Contract Tower,29,22,31,0,82,0,1,8,0,9,29,23,39,0,91,0,0,0,91
03/13/2020,JAC,WY,ANM,WE,Federal Contract Tower,28,40,20,0,88,0,0,0,0,0,28,40,20,0,88,0,0,0,88
03/14/2020,JAC,WY,ANM,WE,Federal Contract Tower,22,25,13,0,60,0,0,0,0,0,22,25,13,0,60,0,0,0,60
03/15/2020,JAC,WY,ANM,WE,Federal Contract Tower,37,30,22,0,89,0,0,0,0,0,37,30,22,0,89,0,0,0,89
03/16/2020,JAC,WY,ANM,WE,Federal Contract Tower,31,43,19,0,93,0,1,0,0,1,31,44,19,0,94,0,0,0,94
03/17/2020,JAC,WY,ANM,WE,Federal Contract Tower,27,17,17,0,61,0,2,1,0,3,27,19,18,0,64,0,0,0,64
03/18/2020,JAC,WY,ANM,WE,Federal Contract Tower,24,24,6,0,54,0,0,0,0,0,24,24,6,0,54,0,0,0,54
03/19/2020,JAC,WY,ANM,WE,Federal Contract Tower,28,14,8,0,50,0,0,0,0,0,28,14,8,0,50,0,0,0,50
03/20/2020,JAC,WY,ANM,WE,Federal Contract Tower,17,20,10,0,47,0,1,0,0,1,17,21,10,0,48,0,0,0,48
03/21/2020,JAC,WY,ANM,WE,Federal Contract Tower,11,12,8,0,31,0,0,0,0,0,11,12,8,0,31,0,0,0,31
03/22/2020,JAC,WY,ANM,WE,Federal Contract Tower,8,6,6,0,20,0,0,0,0,0,8,6,6,0,20,0,0,0,20
03/23/2020,JAC,WY,ANM,WE,Federal Contract Tower,3,7,7,0,17,0,1,0,0,1,3,8,7,0,18,0,0,0,18
03/24/2020,JAC,WY,ANM,WE,Federal Contract Tower,3,6,6,0,15,0,0,0,0,0,3,6,6,0,15,0,0,0,15
03/25/2020,JAC,WY,ANM,WE,Federal Contract Tower,6,6,1,0,13,0,0,0,0,0,6,6,1,0,13,0,0,0,13
03/26/2020,JAC,WY,ANM,WE,Federal Contract Tower,3,10,2,0,15,0,0,3,0,3,3,10,5,0,18,5,0,5,23
03/27/2020,JAC,WY,ANM,WE,Federal Contract Tower,2,8,10,0,20,0,0,10,0,10,2,8,20,0,30,9,0,9,39
03/28/2020,JAC,WY,ANM,WE,Federal Contract Tower,5,5,6,0,16,0,0,0,0,0,5,5,6,0,16,0,0,0,16
03/29/2020,JAC,WY,ANM,WE,Federal Contract Tower,4,7,3,0,14,0,0,0,0,0,4,7,3,0,14,0,0,0,14
03/30/2020,JAC,WY,ANM,WE,Federal Contract Tower,2,11,6,0,19,0,0,0,0,0,2,11,6,0,19,0,0,0,19
03/31/2020,JAC,WY,ANM,WE,Federal Contract Tower,5,11,7,0,23,0,0,0,0,0,5,11,7,0,23,0,0,0,23
04/01/2020,JAC,WY,ANM,WE,Federal Contract Tower,5,9,5,0,19,0,0,0,0,0,5,9,5,0,19,0,0,0,19
04/02/2020,JAC,WY,ANM,WE,Federal Contract Tower,3,7,5,0,15,0,1,0,0,1,3,8,5,0,16,0,0,0,16
04/03/2020,JAC,WY,ANM,WE,Federal Contract Tower,5,7,7,0,19,0,0,3,0,3,5,7,10,0,22,0,0,0,22
04/04/2020,JAC,WY,ANM,WE,Federal Contract Tower,5,5,6,0,16,0,2,4,0,6,5,7,10,0,22,0,0,0,22
04/05/2020,JAC,WY,ANM,WE,Federal Contract Tower,6,0,0,0,6,0,0,0,0,0,6,0,0,0,6,0,0,0,6
04/06/2020,JAC,WY,ANM,WE,Federal Contract Tower,6,4,2,0,12,0,0,0,0,0,6,4,2,0,12,0,0,0,12
04/07/2020,JAC,WY,ANM,WE,Federal Contract Tower,6,7,3,0,16,0,0,2,0,2,6,7,5,0,18,0,0,0,18
04/08/2020,JAC,WY,ANM,WE,Federal Contract Tower,3,5,4,0,12,0,0,4,0,4,3,5,8,0,16,0,0,0,16
04/09/2020,JAC,WY,ANM,WE,Federal Contract Tower,4,9,2,0,15,0,1,8,0,9,4,10,10,0,24,0,0,0,24
04/10/2020,JAC,WY,ANM,WE,Federal Contract Tower,7,5,6,0,18,0,0,4,0,4,7,5,10,0,22,0,0,0,22
04/11/2020,JAC,WY,ANM,WE,Federal Contract Tower,5,7,1,0,13,0,0,0,0,0,5,7,1,0,13,0,0,0,13
04/12/2020,JAC,WY,ANM,WE,Federal Contract Tower,2,2,2,0,6,0,0,1,0,1,2,2,3,0,7,0,0,0,7
04/13/2020,JAC,WY,ANM,WE,Federal Contract Tower,5,11,1,0,17,0,0,0,0,0,5,11,1,0,17,0,0,0,17
04/14/2020,JAC,WY,ANM,WE,Federal Contract Tower,4,7,2,0,13,0,0,3,0,3,4,7,5,0,16,0,0,0,16
04/15/2020,JAC,WY,ANM,WE,Federal Contract Tower,4,6,5,0,15,0,0,0,0,0,4,6,5,0,15,0,0,0,15
04/16/2020,JAC,WY,ANM,WE,Federal Contract Tower,2,8,0,0,10,0,0,0,0,0,2,8,0,0,10,0,0,0,10
04/17/2020,JAC,WY,ANM,WE,Federal Contract Tower,5,4,4,0,13,0,0,9,0,9,5,4,13,0,22,0,0,0,22
04/18/2020,JAC,WY,ANM,WE,Federal Contract Tower,6,6,8,0,20,0,0,5,0,5,6,6,13,0,25,0,0,0,25
04/19/2020,JAC,WY,ANM,WE,Federal Contract Tower,5,4,5,0,14,0,0,0,0,0,5,4,5,0,14,0,0,0,14
04/20/2020,JAC,WY,ANM,WE,Federal Contract Tower,6,6,2,0,14,0,0,1,0,1,6,6,3,0,15,0,0,0,15
04/21/2020,JAC,WY,ANM,WE,Federal Contract Tower,4,10,4,0,18,0,0,1,0,1,4,10,5,0,19,0,0,0,19
04/22/2020,JAC,WY,ANM,WE,Federal Contract Tower,3,8,3,0,14,0,0,4,0,4,3,8,7,0,18,0,0,0,18
04/23/2020,JAC,WY,ANM,WE,Federal Contract Tower,3,9,2,0,14,0,0,0,0,0,3,9,2,0,14,0,0,0,14
04/24/2020,JAC,WY,ANM,WE,Federal Contract Tower,6,6,4,0,16,0,0,2,0,2,6,6,6,0,18,0,0,0,18
04/25/2020,JAC,WY,ANM,WE,Federal Contract Tower,6,8,6,0,20,0,0,4,0,4,6,8,10,0,24,0,0,0,24
04/26/2020,JAC,WY,ANM,WE,Federal Contract Tower,5,3,3,0,11,0,0,0,0,0,5,3,3,0,11,0,0,0,11
04/27/2020,JAC,WY,ANM,WE,Federal Contract Tower,6,4,4,0,14,0,0,4,0,4,6,4,8,0,18,0,0,0,18
04/28/2020,JAC,WY,ANM,WE,Federal Contract Tower,5,8,6,0,19,0,0,6,0,6,5,8,12,0,25,0,0,0,25
04/29/2020,JAC,WY,ANM,WE,Federal Contract Tower,4,8,6,3,21,0,2,1,2,5,4,10,7,5,26,0,0,0,26
04/30/2020,JAC,WY,ANM,WE,Federal Contract Tower,4,9,14,0,27,0,0,2,0,2,4,9,16,0,29,0,0,0,29
05/01/2020,JAC,WY,ANM,WE,Federal Contract Tower,6,11,11,0,28,0,1,3,0,4,6,12,14,0,32,0,0,0,32
05/02/2020,JAC,WY,ANM,WE,Federal Contract Tower,4,13,10,0,27,0,1,13,0,14,4,14,23,0,41,0,0,0,41
05/03/2020,JAC,WY,ANM,WE,Federal Contract Tower,5,5,5,0,15,0,0,2,0,2,5,5,7,0,17,0,0,0,17
05/04/2020,JAC,WY,ANM,WE,Federal Contract Tower,4,6,4,0,14,0,0,4,0,4,4,6,8,0,18,0,0,0,18
05/05/2020,JAC,WY,ANM,WE,Federal Contract Tower,5,9,4,0,18,0,0,10,0,10,5,9,14,0,28,3,0,3,31
05/06/2020,JAC,WY,ANM,WE,Federal Contract Tower,6,5,1,0,12,0,0,3,0,3,6,5,4,0,15,0,0,0,15
05/07/2020,JAC,WY,ANM,WE,Federal Contract Tower,8,10,12,0,30,0,1,6,0,7,8,11,18,0,37,0,0,0,37
05/08/2020,JAC,WY,ANM,WE,Federal Contract Tower,8,16,7,0,31,0,2,11,0,13,8,18,18,0,44,0,0,0,44
05/09/2020,JAC,WY,ANM,WE,Federal Contract Tower,8,18,8,0,34,0,1,11,0,12,8,19,19,0,46,3,0,3,49
05/10/2020,JAC,WY,ANM,WE,Federal Contract Tower,8,3,3,0,14,0,0,13,0,13,8,3,16,0,27,2,0,2,29
05/11/2020,JAC,WY,ANM,WE,Federal Contract Tower,8,16,8,2,34,0,0,0,0,0,8,16,8,2,34,0,0,0,34
05/12/2020,JAC,WY,ANM,WE,Federal Contract Tower,7,6,10,0,23,0,0,2,0,2,7,6,12,0,25,0,0,0,25
05/13/2020,JAC,WY,ANM,WE,Federal Contract Tower,8,8,1,0,17,0,0,1,0,1,8,8,2,0,18,0,0,0,18
05/14/2020,JAC,WY,ANM,WE,Federal Contract Tower,8,13,9,0,30,0,6,3,0,9,8,19,12,0,39,0,0,0,39
05/15/2020,JAC,WY,ANM,WE,Federal Contract Tower,8,24,8,0,40,0,0,0,0,0,8,24,8,0,40,0,0,0,40
05/16/2020,JAC,WY,ANM,WE,Federal Contract Tower,8,16,10,0,34,0,0,10,0,10,8,16,20,0,44,0,0,0,44
05/17/2020,JAC,WY,ANM,WE,Federal Contract Tower,8,8,12,0,28,0,0,11,0,11,8,8,23,0,39,0,0,0,39
05/18/2020,JAC,WY,ANM,WE,Federal Contract Tower,8,13,13,0,34,0,1,6,0,7,8,14,19,0,41,0,0,0,41
05/19/2020,JAC,WY,ANM,WE,Federal Contract Tower,5,15,9,0,29,0,0,5,0,5,5,15,14,0,34,0,0,0,34
05/20/2020,JAC,WY,ANM,WE,Federal Contract Tower,8,15,6,0,29,0,0,0,0,0,8,15,6,0,29,0,0,0,29
05/21/2020,JAC,WY,ANM,WE,Federal Contract Tower,8,10,10,0,28,0,0,1,0,1,8,10,11,0,29,0,0,0,29
05/22/2020,JAC,WY,ANM,WE,Federal Contract Tower,8,11,17,0,36,0,0,0,0,0,8,11,17,0,36,0,0,0,36
05/23/2020,JAC,WY,ANM,WE,Federal Contract Tower,8,11,9,0,28,0,0,0,0,0,8,11,9,0,28,0,0,0,28
05/24/2020,JAC,WY,ANM,WE,Federal Contract Tower,8,14,16,0,38,0,0,1,0,1,8,14,17,0,39,0,0,0,39
05/25/2020,JAC,WY,ANM,WE,Federal Contract Tower,8,8,5,0,21,0,0,5,0,5,8,8,10,0,26,0,0,0,26
05/26/2020,JAC,WY,ANM,WE,Federal Contract Tower,8,14,22,0,44,0,1,21,0,22,8,15,43,0,66,4,0,4,70
05/27/2020,JAC,WY,ANM,WE,Federal Contract Tower,8,13,13,0,34,0,0,21,0,21,8,13,34,0,55,0,0,0,55
05/28/2020,JAC,WY,ANM,WE,Federal Contract Tower,8,11,20,2,41,0,1,30,2,33,8,12,50,4,74,0,0,0,74
05/29/2020,JAC,WY,ANM,WE,Federal Contract Tower,8,23,11,0,42,0,0,7,0,7,8,23,18,0,49,0,0,0,49
05/30/2020,JAC,WY,ANM,WE,Federal Contract Tower,8,20,13,0,41,0,0,20,0,20,8,20,33,0,61,8,0,8,69
05/31/2020,JAC,WY,ANM,WE,Federal Contract Tower,9,21,14,0,44,0,0,10,0,10,9,21,24,0,54,16,0,16,70
06/01/2020,JAC,WY,ANM,WE,Federal Contract Tower,8,32,12,0,52,0,0,5,0,5,8,32,17,0,57,0,0,0,57
06/02/2020,JAC,WY,ANM,WE,Federal Contract Tower,10,15,12,0,37,0,0,5,0,5,10,15,17,0,42,2,0,2,44
06/03/2020,JAC,WY,ANM,WE,Federal Contract Tower,9,27,15,0,51,0,0,12,2,14,9,27,27,2,65,0,0,0,65
06/04/2020,JAC,WY,ANM,WE,Federal Contract Tower,10,24,18,0,52,0,0,10,0,10,10,24,28,0,62,0,0,0,62
06/05/2020,JAC,WY,ANM,WE,Federal Contract Tower,12,26,22,2,62,0,0,9,0,9,12,26,31,2,71,0,0,0,71
06/06/2020,JAC,WY,ANM,WE,Federal Contract Tower,11,27,17,0,55,0,0,5,0,5,11,27,22,0,60,0,0,0,60
06/07/2020,JAC,WY,ANM,WE,Federal Contract Tower,12,17,20,0,49,0,0,0,0,0,12,17,20,0,49,0,0,0,49
06/08/2020,JAC,WY,ANM,WE,Federal Contract Tower,12,26,13,0,51,0,0,2,0,2,12,26,15,0,53,0,0,0,53
06/09/2020,JAC,WY,ANM,WE,Federal Contract Tower,12,24,24,2,62,0,3,1,0,4,12,27,25,2,66,0,0,0,66
06/10/2020,JAC,WY,ANM,WE,Federal Contract Tower,12,29,24,0,65,0,0,8,0,8,12,29,32,0,73,0,0,0,73
06/11/2020,JAC,WY,ANM,WE,Federal Contract Tower,11,26,21,0,58,0,0,19,0,19,11,26,40,0,77,0,0,0,77
06/12/2020,JAC,WY,ANM,WE,Federal Contract Tower,12,40,32,0,84,0,0,31,0,31,12,40,63,0,115,0,0,0,115
06/13/2020,JAC,WY,ANM,WE,Federal Contract Tower,14,28,22,0,64,0,0,23,0,23,14,28,45,0,87,0,0,0,87
06/14/2020,JAC,WY,ANM,WE,Federal Contract Tower,14,36,34,0,84,0,0,9,0,9,14,36,43,0,93,0,0,0,93
06/15/2020,JAC,WY,ANM,WE,Federal Contract Tower,10,33,26,0,69,0,0,20,0,20,10,33,46,0,89,0,0,0,89
06/16/2020,JAC,WY,ANM,WE,Federal Contract Tower,10,35,19,0,64,0,0,1,0,1,10,35,20,0,65,0,0,0,65
06/17/2020,JAC,WY,ANM,WE,Federal Contract Tower,10,35,13,0,58,0,0,3,0,3,10,35,16,0,61,0,0,0,61
06/18/2020,JAC,WY,ANM,WE,Federal Contract Tower,11,27,38,1,77,0,1,11,0,12,11,28,49,1,89,0,0,0,89
06/19/2020,JAC,WY,ANM,WE,Federal Contract Tower,12,30,23,0,65,0,0,33,0,33,12,30,56,0,98,0,0,0,98
06/20/2020,JAC,WY,ANM,WE,Federal Contract Tower,14,28,41,0,83,0,0,22,0,22,14,28,63,0,105,0,0,0,105
06/21/2020,JAC,WY,ANM,WE,Federal Contract Tower,14,33,26,0,73,0,0,11,0,11,14,33,37,0,84,0,0,0,84
06/22/2020,JAC,WY,ANM,WE,Federal Contract Tower,11,41,35,0,87,0,0,13,2,15,11,41,48,2,102,0,0,0,102
06/23/2020,JAC,WY,ANM,WE,Federal Contract Tower,10,28,23,0,61,0,0,21,2,23,10,28,44,2,84,0,0,0,84
06/24/2020,JAC,WY,ANM,WE,Federal Contract Tower,10,23,24,0,57,0,0,23,0,23,10,23,47,0,80,0,0,0,80
06/25/2020,JAC,WY,ANM,WE,Federal Contract Tower,12,61,20,0,93,0,0,15,2,17,12,61,35,2,110,6,0,6,116
06/26/2020,JAC,WY,ANM,WE,Federal Contract Tower,14,42,42,4,102,0,0,17,0,17,14,42,59,4,119,0,0,0,119
06/27/2020,JAC,WY,ANM,WE,Federal Contract Tower,19,35,40,0,94,0,0,28,0,28,19,35,68,0,122,0,0,0,122
06/28/2020,JAC,WY,ANM,WE,Federal Contract Tower,18,40,29,0,87,0,0,0,0,0,18,40,29,0,87,0,0,0,87
06/29/2020,JAC,WY,ANM,WE,Federal Contract Tower,15,37,46,0,98,0,0,6,0,6,15,37,52,0,104,0,0,0,104
06/30/2020,JAC,WY,ANM,WE,Federal Contract Tower,16,31,29,2,78,0,0,8,0,8,16,31,37,2,86,0,0,0,86
07/01/2020,JAC,WY,ANM,WE,Federal Contract Tower,14,50,37,0,101,0,0,6,0,6,14,50,43,0,107,0,0,0,107
07/02/2020,JAC,WY,ANM,WE,Federal Contract Tower,16,36,50,0,102,0,2,18,0,20,16,38,68,0,122,0,0,0,122
07/03/2020,JAC,WY,ANM,WE,Federal Contract Tower,16,41,34,0,91,0,0,20,0,20,16,41,54,0,111,6,0,6,117
07/04/2020,JAC,WY,ANM,WE,Federal Contract Tower,18,21,12,0,51,0,2,14,0,16,18,23,26,0,67,6,0,6,73
07/05/2020,JAC,WY,ANM,WE,Federal Contract Tower,18,55,45,0,118,0,0,27,0,27,18,55,72,0,145,0,0,0,145
07/06/2020,JAC,WY,ANM,WE,Federal Contract Tower,21,37,44,0,102,0,1,10,0,11,21,38,54,0,113,6,0,6,119
07/07/2020,JAC,WY,ANM,WE,Federal Contract Tower,26,36,42,0,104,0,1,17,0,18,26,37,59,0,122,0,0,0,122
07/08/2020,JAC,WY,ANM,WE,Federal Contract Tower,26,32,23,0,81,0,0,17,0,17,26,32,40,0,98,0,0,0,98
07/09/2020,JAC,WY,ANM,WE,Federal Contract Tower,30,27,44,0,101,0,0,22,0,22,30,27,66,0,123,0,0,0,123
07/10/2020,JAC,WY,ANM,WE,Federal Contract Tower,30,40,39,0,109,0,1,8,0,9,30,41,47,0,118,0,0,0,118
07/11/2020,JAC,WY,ANM,WE,Federal Contract Tower,33,31,35,0,99,0,0,18,0,18,33,31,53,0,117,4,0,4,121
07/12/2020,JAC,WY,ANM,WE,Federal Contract Tower,34,52,63,0,149,0,0,15,0,15,34,52,78,0,164,0,0,0,164
07/13/2020,JAC,WY,ANM,WE,Federal Contract Tower,28,34,39,0,101,0,0,19,0,19,28,34,58,0,120,0,0,0,120
07/14/2020,JAC,WY,ANM,WE,Federal Contract Tower,25,23,39,0,87,0,0,24,0,24,25,23,63,0,111,0,0,0,111
07/15/2020,JAC,WY,ANM,WE,Federal Contract Tower,25,42,31,0,98,0,0,15,0,15,25,42,46,0,113,0,0,0,113
07/16/2020,JAC,WY,ANM,WE,Federal Contract Tower,32,48,33,0,113,0,0,33,0,33,32,48,66,0,146,0,0,0,146
07/17/2020,JAC,WY,ANM,WE,Federal Contract Tower,33,39,44,0,116,0,12,19,0,31,33,51,63,0,147,0,0,0,147
07/18/2020,JAC,WY,ANM,WE,Federal Contract Tower,34,46,32,0,112,1,0,20,0,21,35,46,52,0,133,4,0,4,137
07/19/2020,JAC,WY,ANM,WE,Federal Contract Tower,36,38,37,0,111,0,0,21,0,21,36,38,58,0,132,0,0,0,132
07/20/2020,JAC,WY,ANM,WE,Federal Contract Tower,33,33,30,0,96,0,3,28,0,31,33,36,58,0,127,2,0,2,129
07/21/2020,JAC,WY,ANM,WE,Federal Contract Tower,27,38,25,0,90,0,1,41,0,42,27,39,66,0,132,8,0,8,140
07/22/2020,JAC,WY,ANM,WE,Federal Contract Tower,28,50,35,0,113,0,0,24,0,24,28,50,59,0,137,0,0,0,137
07/23/2020,JAC,WY,ANM,WE,Federal Contract Tower,32,39,33,0,104,0,0,23,0,23,32,39,56,0,127,0,0,0,127
07/24/2020,JAC,WY,ANM,WE,Federal Contract Tower,33,41,38,0,112,1,2,10,0,13,34,43,48,0,125,0,0,0,125
07/25/2020,JAC,WY,ANM,WE,Federal Contract Tower,35,48,34,0,117,0,1,26,0,27,35,49,60,0,144,12,0,12,156
07/26/2020,JAC,WY,ANM,WE,Federal Contract Tower,36,54,56,0,146,0,1,40,0,41,36,55,96,0,187,0,0,0,187
07/27/2020,JAC,WY,ANM,WE,Federal Contract Tower,31,42,26,0,99,0,1,38,0,39,31,43,64,0,138,0,0,0,138
07/28/2020,JAC,WY,ANM,WE,Federal Contract Tower,28,23,30,0,81,0,0,7,0,7,28,23,37,0,88,2,0,2,90
07/29/2020,JAC,WY,ANM,WE,Federal Contract Tower,27,32,41,1,101,0,0,20,0,20,27,32,61,1,121,2,0,2,123
07/30/2020,JAC,WY,ANM,WE,Federal Contract Tower,33,41,24,0,98,0,0,34,0,34,33,41,58,0,132,0,0,0,132
07/31/2020,JAC,WY,ANM,WE,Federal Contract Tower,36,51,44,0,131,0,0,26,0,26,36,51,70,0,157,0,0,0,157
08/01/2020,JAC,WY,ANM,WE,Federal Contract Tower,33,49,41,0,123,0,3,25,0,28,33,52,66,0,151,0,0,0,151
08/02/2020,JAC,WY,ANM,WE,Federal Contract Tower,34,45,55,0,134,0,0,31,0,31,34,45,86,0,165,0,0,0,165
08/03/2020,JAC,WY,ANM,WE,Federal Contract Tower,29,56,44,0,129,0,0,24,0,24,29,56,68,0,153,0,0,0,153
08/04/2020,JAC,WY,ANM,WE,Federal Contract Tower,27,41,28,1,97,0,3,15,0,18,27,44,43,1,115,3,0,3,118
08/05/2020,JAC,WY,ANM,WE,Federal Contract Tower,28,50,24,1,103,0,1,10,0,11,28,51,34,1,114,0,0,0,114
08/06/2020,JAC,WY,ANM,WE,Federal Contract Tower,30,45,33,0,108,0,0,19,0,19,30,45,52,0,127,0,0,0,127
08/07/2020,JAC,WY,ANM,WE,Federal Contract Tower,31,46,33,0,110,0,0,23,0,23,31,46,56,0,133,0,0,0,133
08/08/2020,JAC,WY,ANM,WE,Federal Contract Tower,36,68,35,0,139,0,0,29,0,29,36,68,64,0,168,0,0,0,168
08/09/2020,JAC,WY,ANM,WE,Federal Contract Tower,34,47,55,0,136,0,0,35,0,35,34,47,90,0,171,4,0,4,175
08/10/2020,JAC,WY,ANM,WE,Federal Contract Tower,33,50,44,0,127,0,0,21,0,21,33,50,65,0,148,4,2,6,154
08/11/2020,JAC,WY,ANM,WE,Federal Contract Tower,28,46,47,0,121,0,0,19,0,19,28,46,66,0,140,0,0,0,140
08/12/2020,JAC,WY,ANM,WE,Federal Contract Tower,28,53,33,0,114,0,0,28,0,28,28,53,61,0,142,0,0,0,142
08/13/2020,JAC,WY,ANM,WE,Federal Contract Tower,26,46,34,1,107,0,0,23,0,23,26,46,57,1,130,0,0,0,130
08/14/2020,JAC,WY,ANM,WE,Federal Contract Tower,31,56,32,0,119,0,0,24,0,24,31,56,56,0,143,0,0,0,143
08/15/2020,JAC,WY,ANM,WE,Federal Contract Tower,36,53,36,1,126,0,0,35,0,35,36,53,71,1,161,0,0,0,161
08/16/2020,JAC,WY,ANM,WE,Federal Contract Tower,32,59,39,0,130,0,0,25,0,25,32,59,64,0,155,0,0,0,155
08/17/2020,JAC,WY,ANM,WE,Federal Contract Tower,29,29,37,4,99,0,3,35,0,38,29,32,72,4,137,0,0,0,137
08/18/2020,JAC,WY,ANM,WE,Federal Contract Tower,24,33,20,0,77,0,1,18,0,19,24,34,38,0,96,0,0,0,96
08/19/2020,JAC,WY,ANM,WE,Federal Contract Tower,26,45,35,0,106,0,0,18,0,18,26,45,53,0,124,0,0,0,124
08/20/2020,JAC,WY,ANM,WE,Federal Contract Tower,31,45,50,0,126,0,0,15,0,15,31,45,65,0,141,0,0,0,141
08/21/2020,JAC,WY,ANM,WE,Federal Contract Tower,29,57,43,1,130,0,0,2,0,2,29,57,45,1,132,0,0,0,132
08/22/2020,JAC,WY,ANM,WE,Federal Contract Tower,34,37,49,0,120,0,0,10,0,10,34,37,59,0,130,2,0,2,132
08/23/2020,JAC,WY,ANM,WE,Federal Contract Tower,31,55,36,0,122,0,0,10,0,10,31,55,46,0,132,0,0,0,132
08/24/2020,JAC,WY,ANM,WE,Federal Contract Tower,28,29,34,2,93,0,1,11,0,12,28,30,45,2,105,0,0,0,105
08/25/2020,JAC,WY,ANM,WE,Federal Contract Tower,25,31,28,2,86,0,0,20,0,20,25,31,48,2,106,0,0,0,106
08/26/2020,JAC,WY,ANM,WE,Federal Contract Tower,25,43,35,2,105,0,1,19,0,20,25,44,54,2,125,2,0,2,127
08/27/2020,JAC,WY,ANM,WE,Federal Contract Tower,28,50,35,1,114,0,0,7,0,7,28,50,42,1,121,2,0,2,123
08/28/2020,JAC,WY,ANM,WE,Federal Contract Tower,28,56,24,0,108,0,5,31,0,36,28,61,55,0,144,0,0,0,144
08/29/2020,JAC,WY,ANM,WE,Federal Contract Tower,32,28,25,0,85,0,0,9,2,11,32,28,34,2,96,0,0,0,96
08/30/2020,JAC,WY,ANM,WE,Federal Contract Tower,30,44,40,0,114,0,0,18,0,18,30,44,58,0,132,0,0,0,132
08/31/2020,JAC,WY,ANM,WE,Federal Contract Tower,28,49,34,0,111,0,1,4,0,5,28,50,38,0,116,0,0,0,116
09/01/2020,JAC,WY,ANM,WE,Federal Contract Tower,22,41,21,0,84,0,1,25,0,26,22,42,46,0,110,0,0,0,110
09/02/2020,JAC,WY,ANM,WE,Federal Contract Tower,24,41,23,0,88,0,2,17,0,19,24,43,40,0,107,0,0,0,107
09/03/2020,JAC,WY,ANM,WE,Federal Contract Tower,33,37,34,0,104,0,0,31,0,31,33,37,65,0,135,0,0,0,135
09/04/2020,JAC,WY,ANM,WE,Federal Contract Tower,31,36,33,0,100,0,2,20,2,24,31,38,53,2,124,0,2,2,126
09/05/2020,JAC,WY,ANM,WE,Federal Contract Tower,31,22,25,0,78,0,0,29,2,31,31,22,54,2,109,2,2,4,113
09/06/2020,JAC,WY,ANM,WE,Federal Contract Tower,28,34,42,0,104,0,0,14,0,14,28,34,56,0,118,0,0,0,118
09/07/2020,JAC,WY,ANM,WE,Federal Contract Tower,31,54,39,0,124,0,0,18,0,18,31,54,57,0,142,0,0,0,142
09/08/2020,JAC,WY,ANM,WE,Federal Contract Tower,20,37,34,0,91,0,0,5,0,5,20,37,39,0,96,0,0,0,96
09/09/2020,JAC,WY,ANM,WE,Federal Contract Tower,21,39,22,1,83,0,1,10,0,11,21,40,32,1,94,0,0,0,94
09/10/2020,JAC,WY,ANM,WE,Federal Contract Tower,18,45,36,0,99,0,0,22,0,22,18,45,58,0,121,0,0,0,121
09/11/2020,JAC,WY,ANM,WE,Federal Contract Tower,19,42,44,0,105,0,0,36,6,42,19,42,80,6,147,2,0,2,149
09/12/2020,JAC,WY,ANM,WE,Federal Contract Tower,21,40,47,1,109,0,4,28,2,34,21,44,75,3,143,10,0,10,153
09/13/2020,JAC,WY,ANM,WE,Federal Contract Tower,21,54,51,0,126,0,0,21,0,21,21,54,72,0,147,0,0,0,147
09/14/2020,JAC,WY,ANM,WE,Federal Contract Tower,20,32,39,0,91,0,0,11,0,11,20,32,50,0,102,0,0,0,102
09/15/2020,JAC,WY,ANM,WE,Federal Contract Tower,18,34,43,2,97,0,0,16,5,21,18,34,59,7,118,0,4,4,122
09/16/2020,JAC,WY,ANM,WE,Federal Contract Tower,20,30,36,0,86,0,0,11,0,11,20,30,47,0,97,2,0,2,99
09/17/2020,JAC,WY,ANM,WE,Federal Contract Tower,22,45,53,0,120,0,0,14,2,16,22,45,67,2,136,0,0,0,136
09/18/2020,JAC,WY,ANM,WE,Federal Contract Tower,22,57,23,0,102,0,1,15,0,16,22,58,38,0,118,0,0,0,118
09/19/2020,JAC,WY,ANM,WE,Federal Contract Tower,23,30,43,2,98,0,0,4,0,4,23,30,47,2,102,0,0,0,102
09/20/2020,JAC,WY,ANM,WE,Federal Contract Tower,23,45,47,0,115,0,0,35,0,35,23,45,82,0,150,0,2,2,152
09/21/2020,JAC,WY,ANM,WE,Federal Contract Tower,19,24,22,0,65,0,3,12,0,15,19,27,34,0,80,0,0,0,80
09/22/2020,JAC,WY,ANM,WE,Federal Contract Tower,18,19,28,0,65,0,0,13,0,13,18,19,41,0,78,0,0,0,78
09/23/2020,JAC,WY,ANM,WE,Federal Contract Tower,19,29,31,0,79,0,1,20,0,21,19,30,51,0,100,6,0,6,106
09/24/2020,JAC,WY,ANM,WE,Federal Contract Tower,22,48,42,0,112,0,0,15,0,15,22,48,57,0,127,0,0,0,127
09/25/2020,JAC,WY,ANM,WE,Federal Contract Tower,25,29,33,0,87,0,0,8,0,8,25,29,41,0,95,0,0,0,95
09/26/2020,JAC,WY,ANM,WE,Federal Contract Tower,23,44,26,0,93,0,1,5,0,6,23,45,31,0,99,0,0,0,99
09/27/2020,JAC,WY,ANM,WE,Federal Contract Tower,23,48,62,0,133,0,0,7,0,7,23,48,69,0,140,0,0,0,140
09/28/2020,JAC,WY,ANM,WE,Federal Contract Tower,26,49,31,0,106,0,1,33,0,34,26,50,64,0,140,8,0,8,148
09/29/2020,JAC,WY,ANM,WE,Federal Contract Tower,19,23,25,0,67,0,0,28,4,32,19,23,53,4,99,0,0,0,99
09/30/2020,JAC,WY,ANM,WE,Federal Contract Tower,19,25,27,0,71,0,0,29,0,29,19,25,56,0,100,0,0,0,100
10/01/2020,JAC,WY,ANM,WE,Federal Contract Tower,18,38,53,0,109,0,0,27,1,28,18,38,80,1,137,0,0,0,137
10/02/2020,JAC,WY,ANM,WE,Federal Contract Tower,18,51,16,0,85,0,1,22,0,23,18,52,38,0,108,0,0,0,108
10/03/2020,JAC,WY,ANM,WE,Federal Contract Tower,19,38,33,0,90,0,0,26,0,26,19,38,59,0,116,0,0,0,116
10/04/2020,JAC,WY,ANM,WE,Federal Contract Tower,19,54,46,0,119,1,1,20,0,22,20,55,66,0,141,4,0,4,145
10/05/2020,JAC,WY,ANM,WE,Federal Contract Tower,17,34,17,0,68,0,0,26,0,26,17,34,43,0,94,6,0,6,100
10/06/2020,JAC,WY,ANM,WE,Federal Contract Tower,16,24,12,0,52,0,1,27,0,28,16,25,39,0,80,2,0,2,82
10/07/2020,JAC,WY,ANM,WE,Federal Contract Tower,15,27,37,0,79,0,0,24,0,24,15,27,61,0,103,0,0,0,103
10/08/2020,JAC,WY,ANM,WE,Federal Contract Tower,14,29,26,0,69,0,0,14,0,14,14,29,40,0,83,2,0,2,85
10/09/2020,JAC,WY,ANM,WE,Federal Contract Tower,16,40,41,0,97,0,0,24,0,24,16,40,65,0,121,0,0,0,121
10/10/2020,JAC,WY,ANM,WE,Federal Contract Tower,20,39,28,0,87,0,1,12,0,13,20,40,40,0,100,0,0,0,100
10/11/2020,JAC,WY,ANM,WE,Federal Contract Tower,22,41,28,0,91,0,0,0,0,0,22,41,28,0,91,0,0,0,91
10/12/2020,JAC,WY,ANM,WE,Federal Contract Tower,19,31,28,0,78,0,2,8,0,10,19,33,36,0,88,0,0,0,88
10/13/2020,JAC,WY,ANM,WE,Federal Contract Tower,15,30,19,0,64,0,0,12,2,14,15,30,31,2,78,0,0,0,78
10/14/2020,JAC,WY,ANM,WE,Federal Contract Tower,19,22,15,0,56,0,0,1,0,1,19,22,16,0,57,0,0,0,57
10/15/2020,JAC,WY,ANM,WE,Federal Contract Tower,13,34,30,0,77,0,0,18,0,18,13,34,48,0,95,0,0,0,95
10/16/2020,JAC,WY,ANM,WE,Federal Contract Tower,14,38,17,2,71,0,0,18,0,18,14,38,35,2,89,0,0,0,89
10/17/2020,JAC,WY,ANM,WE,Federal Contract Tower,22,31,13,0,66,0,1,5,0,6,22,32,18,0,72,0,0,0,72
10/18/2020,JAC,WY,ANM,WE,Federal Contract Tower,20,14,30,0,64,0,0,2,2,4,20,14,32,2,68,0,0,0,68
10/19/2020,JAC,WY,ANM,WE,Federal Contract Tower,23,47,28,0,98,0,0,0,0,0,23,47,28,0,98,0,0,0,98
10/20/2020,JAC,WY,ANM,WE,Federal Contract Tower,17,23,16,0,56,0,0,14,0,14,17,23,30,0,70,0,0,0,70
10/21/2020,JAC,WY,ANM,WE,Federal Contract Tower,16,22,13,0,51,0,0,2,0,2,16,22,15,0,53,0,0,0,53
10/22/2020,JAC,WY,ANM,WE,Federal Contract Tower,15,27,35,0,77,0,0,2,0,2,15,27,37,0,79,0,0,0,79
10/23/2020,JAC,WY,ANM,WE,Federal Contract Tower,18,25,21,4,68,0,0,15,0,15,18,25,36,4,83,2,0,2,85
10/24/2020,JAC,WY,ANM,WE,Federal Contract Tower,14,15,13,0,42,0,0,0,0,0,14,15,13,0,42,0,0,0,42
10/25/2020,JAC,WY,ANM,WE,Federal Contract Tower,14,33,13,0,60,0,0,1,0,1,14,33,14,0,61,0,0,0,61
10/26/2020,JAC,WY,ANM,WE,Federal Contract Tower,15,16,25,0,56,0,0,23,0,23,15,16,48,0,79,0,0,0,79
10/28/2020,JAC,WY,ANM,WE,Federal Contract Tower,14,24,10,0,48,0,0,23,0,23,14,24,33,0,71,4,0,4,75
10/29/2020,JAC,WY,ANM,WE,Federal Contract Tower,14,25,16,0,55,0,0,4,0,4,14,25,20,0,59,0,0,0,59
10/30/2020,JAC,WY,ANM,WE,Federal Contract Tower,15,23,9,0,47,0,0,6,0,6,15,23,15,0,53,0,0,0,53
10/31/2020,JAC,WY,ANM,WE,Federal Contract Tower,10,15,5,0,30,0,0,15,0,15,10,15,20,0,45,4,0,4,49
11/01/2020,JAC,WY,ANM,WE,Federal Contract Tower,11,16,17,0,44,0,0,15,0,15,11,16,32,0,59,0,0,0,59
11/02/2020,JAC,WY,ANM,WE,Federal Contract Tower,15,12,1,0,28,0,1,6,0,7,15,13,7,0,35,0,0,0,35
11/03/2020,JAC,WY,ANM,WE,Federal Contract Tower,12,18,15,0,45,0,1,20,0,21,12,19,35,0,66,0,0,0,66
11/04/2020,JAC,WY,ANM,WE,Federal Contract Tower,14,20,9,0,43,0,0,12,0,12,14,20,21,0,55,0,0,0,55
11/05/2020,JAC,WY,ANM,WE,Federal Contract Tower,16,21,18,0,55,0,0,14,0,14,16,21,32,0,69,0,0,0,69
11/06/2020,JAC,WY,ANM,WE,Federal Contract Tower,16,20,16,0,52,0,0,11,1,12,16,20,27,1,64,0,14,14,78
11/07/2020,JAC,WY,ANM,WE,Federal Contract Tower,15,19,8,0,42,0,0,1,0,1,15,19,9,0,43,0,0,0,43
11/08/2020,JAC,WY,ANM,WE,Federal Contract Tower,17,14,5,0,36,0,0,0,0,0,17,14,5,0,36,0,0,0,36
11/09/2020,JAC,WY,ANM,WE,Federal Contract Tower,19,14,20,0,53,0,0,0,0,0,19,14,20,0,53,0,0,0,53
11/10/2020,JAC,WY,ANM,WE,Federal Contract Tower,16,17,9,0,42,0,0,0,0,0,16,17,9,0,42,0,0,0,42
11/11/2020,JAC,WY,ANM,WE,Federal Contract Tower,18,22,10,0,50,0,0,0,0,0,18,22,10,0,50,0,0,0,50
11/12/2020,JAC,WY,ANM,WE,Federal Contract Tower,18,29,10,0,57,0,0,12,0,12,18,29,22,0,69,0,0,0,69
11/13/2020,JAC,WY,ANM,WE,Federal Contract Tower,16,24,10,0,50,0,0,2,0,2,16,24,12,0,52,0,0,0,52
11/14/2020,JAC,WY,ANM,WE,Federal Contract Tower,16,14,8,0,38,0,0,1,0,1,16,14,9,0,39,0,0,0,39
11/15/2020,JAC,WY,ANM,WE,Federal Contract Tower,18,22,5,0,45,0,0,0,0,0,18,22,5,0,45,0,0,0,45
11/16/2020,JAC,WY,ANM,WE,Federal Contract Tower,20,25,13,0,58,0,0,0,0,0,20,25,13,0,58,0,0,0,58
11/17/2020,JAC,WY,ANM,WE,Federal Contract Tower,16,14,7,0,37,0,0,7,0,7,16,14,14,0,44,4,0,4,48
11/18/2020,JAC,WY,ANM,WE,Federal Contract Tower,18,18,10,0,46,0,0,0,0,0,18,18,10,0,46,0,0,0,46
11/19/2020,JAC,WY,ANM,WE,Federal Contract Tower,18,14,16,0,48,0,0,2,0,2,18,14,18,0,50,0,0,0,50
11/20/2020,JAC,WY,ANM,WE,Federal Contract Tower,17,20,21,2,60,1,2,13,0,16,18,22,34,2,76,0,0,0,76
11/21/2020,JAC,WY,ANM,WE,Federal Contract Tower,18,19,18,0,55,0,2,19,0,21,18,21,37,0,76,0,0,0,76
11/22/2020,JAC,WY,ANM,WE,Federal Contract Tower,18,26,14,0,58,0,0,6,0,6,18,26,20,0,64,0,0,0,64
11/23/2020,JAC,WY,ANM,WE,Federal Contract Tower,16,20,8,0,44,0,0,10,0,10,16,20,18,0,54,0,0,0,54
11/24/2020,JAC,WY,ANM,WE,Federal Contract Tower,18,24,12,0,54,0,0,2,0,2,18,24,14,0,56,0,0,0,56
11/26/2020,JAC,WY,ANM,WE,Federal Contract Tower,8,13,4,0,25,0,0,0,0,0,8,13,4,0,25,0,0,0,25
11/28/2020,JAC,WY,ANM,WE,Federal Contract Tower,18,24,15,0,57,0,1,6,0,7,18,25,21,0,64,0,0,0,64
11/29/2020,JAC,WY,ANM,WE,Federal Contract Tower,20,34,31,0,85,0,0,15,0,15,20,34,46,0,100,0,0,0,100
11/30/2020,JAC,WY,ANM,WE,Federal Contract Tower,20,25,15,0,60,0,0,0,0,0,20,25,15,0,60,0,0,0,60
12/01/2020,JAC,WY,ANM,WE,Federal Contract Tower,14,35,17,0,66,0,0,2,0,2,14,35,19,0,68,0,0,0,68
12/02/2020,JAC,WY,ANM,WE,Federal Contract Tower,19,18,11,0,48,0,0,4,0,4,19,18,15,0,52,0,0,0,52
12/04/2020,JAC,WY,ANM,WE,Federal Contract Tower,22,17,15,0,54,0,0,5,0,5,22,17,20,0,59,0,0,0,59
12/05/2020,JAC,WY,ANM,WE,Federal Contract Tower,19,21,16,0,56,0,0,22,0,22,19,21,38,0,78,0,0,0,78
12/06/2020,JAC,WY,ANM,WE,Federal Contract Tower,23,17,9,0,49,0,0,1,0,1,23,17,10,0,50,0,0,0,50
12/07/2020,JAC,WY,ANM,WE,Federal Contract Tower,22,20,15,0,57,0,1,4,0,5,22,21,19,0,62,0,0,0,62
12/08/2020,JAC,WY,ANM,WE,Federal Contract Tower,17,23,5,1,46,0,1,13,1,15,17,24,18,2,61,8,0,8,69
12/09/2020,JAC,WY,ANM,WE,Federal Contract Tower,20,25,23,0,68,0,0,15,0,15,20,25,38,0,83,0,0,0,83
12/10/2020,JAC,WY,ANM,WE,Federal Contract Tower,21,26,18,0,65,0,0,14,0,14,21,26,32,0,79,0,0,0,79
12/11/2020,JAC,WY,ANM,WE,Federal Contract Tower,20,27,13,0,60,0,1,2,0,3,20,28,15,0,63,0,0,0,63
12/12/2020,JAC,WY,ANM,WE,Federal Contract Tower,18,36,24,0,78,0,0,1,0,1,18,36,25,0,79,0,0,0,79
12/13/2020,JAC,WY,ANM,WE,Federal Contract Tower,20,19,17,0,56,0,0,4,0,4,20,19,21,0,60,0,0,0,60
12/14/2020,JAC,WY,ANM,WE,Federal Contract Tower,24,26,20,0,70,0,0,0,0,0,24,26,20,0,70,0,0,0,70
12/15/2020,JAC,WY,ANM,WE,Federal Contract Tower,17,43,11,0,71,0,0,5,0,5,17,43,16,0,76,0,0,0,76
12/16/2020,JAC,WY,ANM,WE,Federal Contract Tower,18,42,10,0,70,0,0,1,0,1,18,42,11,0,71,0,0,0,71
12/17/2020,JAC,WY,ANM,WE,Federal Contract Tower,32,23,12,0,67,0,0,0,0,0,32,23,12,0,67,0,0,0,67
12/18/2020,JAC,WY,ANM,WE,Federal Contract Tower,41,51,35,0,127,0,0,2,0,2,41,51,37,0,129,0,0,0,129
12/19/2020,JAC,WY,ANM,WE,Federal Contract Tower,53,68,23,0,144,0,0,6,0,6,53,68,29,0,150,0,0,0,150
12/20/2020,JAC,WY,ANM,WE,Federal Contract Tower,43,49,27,0,119,0,0,0,0,0,43,49,27,0,119,0,0,0,119
12/21/2020,JAC,WY,ANM,WE,Federal Contract Tower,49,48,18,0,115,0,3,1,0,4,49,51,19,0,119,0,0,0,119
12/22/2020,JAC,WY,ANM,WE,Federal Contract Tower,35,14,18,0,67,0,0,0,0,0,35,14,18,0,67,0,0,0,67
12/23/2020,JAC,WY,ANM,WE,Federal Contract Tower,39,55,38,0,132,0,0,11,0,11,39,55,49,0,143,0,0,0,143
12/24/2020,JAC,WY,ANM,WE,Federal Contract Tower,29,25,10,0,64,0,1,5,0,6,29,26,15,0,70,0,0,0,70
12/25/2020,JAC,WY,ANM,WE,Federal Contract Tower,29,22,3,0,54,0,0,0,0,0,29,22,3,0,54,0,0,0,54
12/26/2020,JAC,WY,ANM,WE,Federal Contract Tower,54,53,59,0,166,0,0,0,0,0,54,53,59,0,166,0,0,0,166
12/27/2020,JAC,WY,ANM,WE,Federal Contract Tower,46,69,38,0,153,0,0,5,0,5,46,69,43,0,158,0,0,0,158
12/28/2020,JAC,WY,ANM,WE,Federal Contract Tower,47,51,34,0,132,0,0,9,0,9,47,51,43,0,141,0,0,0,141
12/29/2020,JAC,WY,ANM,WE,Federal Contract Tower,41,48,31,0,120,0,2,16,0,18,41,50,47,0,138,0,0,0,138
12/30/2020,JAC,WY,ANM,WE,Federal Contract Tower,44,51,24,0,119,0,1,2,0,3,44,52,26,0,122,0,0,0,122
12/31/2020,JAC,WY,ANM,WE,Federal Contract Tower,35,29,23,0,87,0,0,14,0,14,35,29,37,0,101,0,0,0,101
01/01/2021,JAC,WY,ANM,WE,Federal Contract Tower,38,52,16,0,106,0,1,11,0,12,38,53,27,0,118,0,0,0,118
01/02/2021,JAC,WY,ANM,WE,Federal Contract Tower,59,69,70,0,198,0,0,0,0,0,59,69,70,0,198,0,0,0,198
01/03/2021,JAC,WY,ANM,WE,Federal Contract Tower,49,60,57,0,166,0,0,0,0,0,49,60,57,0,166,0,0,0,166
01/04/2021,JAC,WY,ANM,WE,Federal Contract Tower,42,55,43,0,140,0,0,7,0,7,42,55,50,0,147,0,0,0,147
01/05/2021,JAC,WY,ANM,WE,Federal Contract Tower,28,23,24,0,75,0,0,2,0,2,28,23,26,0,77,0,0,0,77
01/06/2021,JAC,WY,ANM,WE,Federal Contract Tower,31,38,20,0,89,0,0,10,4,14,31,38,30,4,103,0,0,0,103
01/07/2021,JAC,WY,ANM,WE,Federal Contract Tower,30,28,25,0,83,0,0,0,0,0,30,28,25,0,83,0,0,0,83
01/08/2021,JAC,WY,ANM,WE,Federal Contract Tower,35,35,24,0,94,0,0,24,0,24,35,35,48,0,118,0,0,0,118
01/09/2021,JAC,WY,ANM,WE,Federal Contract Tower,43,40,18,0,101,0,5,12,0,17,43,45,30,0,118,4,0,4,122
01/10/2021,JAC,WY,ANM,WE,Federal Contract Tower,42,31,47,0,120,0,0,3,0,3,42,31,50,0,123,0,0,0,123
01/11/2021,JAC,WY,ANM,WE,Federal Contract Tower,32,32,14,0,78,0,0,2,0,2,32,32,16,0,80,2,0,2,82
01/12/2021,JAC,WY,ANM,WE,Federal Contract Tower,26,25,20,0,71,0,0,3,0,3,26,25,23,0,74,0,0,0,74
01/13/2021,JAC,WY,ANM,WE,Federal Contract Tower,21,15,10,0,46,0,0,0,0,0,21,15,10,0,46,0,0,0,46
01/14/2021,JAC,WY,ANM,WE,Federal Contract Tower,35,40,34,0,109,1,0,18,0,19,36,40,52,0,128,0,0,0,128
01/15/2021,JAC,WY,ANM,WE,Federal Contract Tower,36,45,34,0,115,0,0,6,0,6,36,45,40,0,121,0,0,0,121
01/16/2021,JAC,WY,ANM,WE,Federal Contract Tower,44,34,4,0,82,0,1,0,0,1,44,35,4,0,83,0,0,0,83
01/17/2021,JAC,WY,ANM,WE,Federal Contract Tower,40,20,24,0,84,0,0,0,0,0,40,20,24,0,84,0,0,0,84
01/18/2021,JAC,WY,ANM,WE,Federal Contract Tower,30,46,36,0,112,0,1,4,0,5,30,47,40,0,117,0,0,0,117
01/19/2021,JAC,WY,ANM,WE,Federal Contract Tower,25,27,19,0,71,0,0,11,0,11,25,27,30,0,82,2,0,2,84
01/20/2021,JAC,WY,ANM,WE,Federal Contract Tower,29,39,16,0,84,0,0,2,0,2,29,39,18,0,86,0,0,0,86
01/21/2021,JAC,WY,ANM,WE,Federal Contract Tower,31,26,28,0,85,0,0,0,0,0,31,26,28,0,85,0,0,0,85
01/22/2021,JAC,WY,ANM,WE,Federal Contract Tower,39,26,25,0,90,0,0,2,0,2,39,26,27,0,92,0,0,0,92
01/23/2021,JAC,WY,ANM,WE,Federal Contract Tower,44,17,24,0,85,0,0,0,0,0,44,17,24,0,85,0,0,0,85
01/24/2021,JAC,WY,ANM,WE,Federal Contract Tower,40,45,40,0,125,0,2,1,0,3,40,47,41,0,128,1,0,1,129
01/25/2021,JAC,WY,ANM,WE,Federal Contract Tower,37,30,21,0,88,0,0,0,0,0,37,30,21,0,88,0,0,0,88
01/26/2021,JAC,WY,ANM,WE,Federal Contract Tower,29,28,23,0,80,0,0,6,0,6,29,28,29,0,86,0,0,0,86
01/27/2021,JAC,WY,ANM,WE,Federal Contract Tower,32,21,25,0,78,0,0,0,0,0,32,21,25,0,78,0,0,0,78
01/28/2021,JAC,WY,ANM,WE,Federal Contract Tower,20,14,19,0,53,0,0,0,0,0,20,14,19,0,53,0,0,0,53
01/29/2021,JAC,WY,ANM,WE,Federal Contract Tower,50,35,27,0,112,0,0,0,0,0,50,35,27,0,112,0,0,0,112
01/30/2021,JAC,WY,ANM,WE,Federal Contract Tower,39,17,24,0,80,0,1,3,0,4,39,18,27,0,84,0,0,0,84
01/31/2021,JAC,WY,ANM,WE,Federal Contract Tower,50,55,42,0,147,0,2,10,0,12,50,57,52,0,159,0,0,0,159
02/01/2021,JAC,WY,ANM,WE,Federal Contract Tower,28,31,18,0,77,0,2,2,0,4,28,33,20,0,81,0,0,0,81
02/02/2021,JAC,WY,ANM,WE,Federal Contract Tower,23,21,23,2,69,0,0,1,0,1,23,21,24,2,70,0,0,0,70
02/03/2021,JAC,WY,ANM,WE,Federal Contract Tower,29,27,26,0,82,0,0,2,0,2,29,27,28,0,84,0,0,0,84
02/04/2021,JAC,WY,ANM,WE,Federal Contract Tower,30,43,35,0,108,0,0,0,0,0,30,43,35,0,108,0,0,0,108
02/05/2021,JAC,WY,ANM,WE,Federal Contract Tower,16,14,24,0,54,0,0,0,0,0,16,14,24,0,54,0,0,0,54
02/06/2021,JAC,WY,ANM,WE,Federal Contract Tower,49,37,12,0,98,0,0,0,0,0,49,37,12,0,98,0,0,0,98
02/07/2021,JAC,WY,ANM,WE,Federal Contract Tower,40,39,19,2,100,0,0,0,0,0,40,39,19,2,100,0,0,0,100
02/08/2021,JAC,WY,ANM,WE,Federal Contract Tower,29,56,28,2,115,0,0,2,0,2,29,56,30,2,117,0,0,0,117
02/09/2021,JAC,WY,ANM,WE,Federal Contract Tower,23,24,24,0,71,0,0,2,0,2,23,24,26,0,73,0,0,0,73
02/10/2021,JAC,WY,ANM,WE,Federal Contract Tower,29,33,28,0,90,0,0,4,0,4,29,33,32,0,94,0,0,0,94
02/11/2021,JAC,WY,ANM,WE,Federal Contract Tower,35,47,37,0,119,0,0,5,0,5,35,47,42,0,124,0,0,0,124
02/12/2021,JAC,WY,ANM,WE,Federal Contract Tower,41,49,26,0,116,0,0,0,0,0,41,49,26,0,116,0,0,0,116
02/13/2021,JAC,WY,ANM,WE,Federal Contract Tower,42,43,22,2,109,0,0,0,0,0,42,43,22,2,109,0,0,0,109
02/14/2021,JAC,WY,ANM,WE,Federal Contract Tower,43,42,39,0,124,0,2,0,0,2,43,44,39,0,126,0,0,0,126
02/15/2021,JAC,WY,ANM,WE,Federal Contract Tower,35,35,33,0,103,0,0,0,0,0,35,35,33,0,103,0,0,0,103
02/16/2021,JAC,WY,ANM,WE,Federal Contract Tower,30,56,51,0,137,0,0,0,0,0,30,56,51,0,137,0,0,0,137
02/17/2021,JAC,WY,ANM,WE,Federal Contract Tower,28,33,22,0,83,0,0,0,0,0,28,33,22,0,83,0,0,0,83
02/18/2021,JAC,WY,ANM,WE,Federal Contract Tower,32,42,33,0,107,0,0,5,0,5,32,42,38,0,112,0,0,0,112
02/19/2021,JAC,WY,ANM,WE,Federal Contract Tower,37,33,15,0,85,0,0,0,0,0,37,33,15,0,85,0,0,0,85
02/20/2021,JAC,WY,ANM,WE,Federal Contract Tower,46,39,23,0,108,0,0,0,0,0,46,39,23,0,108,0,0,0,108
02/21/2021,JAC,WY,ANM,WE,Federal Contract Tower,46,55,49,0,150,0,0,1,0,1,46,55,50,0,151,0,0,0,151
02/22/2021,JAC,WY,ANM,WE,Federal Contract Tower,38,28,27,0,93,0,0,0,0,0,38,28,27,0,93,0,0,0,93
02/23/2021,JAC,WY,ANM,WE,Federal Contract Tower,31,34,14,0,79,0,0,0,0,0,31,34,14,0,79,0,0,0,79
02/24/2021,JAC,WY,ANM,WE,Federal Contract Tower,28,31,32,0,91,0,2,5,0,7,28,33,37,0,98,0,0,0,98
02/25/2021,JAC,WY,ANM,WE,Federal Contract Tower,40,28,33,0,101,0,0,9,0,9,40,28,42,0,110,0,0,0,110
02/26/2021,JAC,WY,ANM,WE,Federal Contract Tower,40,33,33,0,106,0,0,0,0,0,40,33,33,0,106,0,0,0,106
02/27/2021,JAC,WY,ANM,WE,Federal Contract Tower,46,53,17,0,116,0,0,0,0,0,46,53,17,0,116,0,0,0,116
02/28/2021,JAC,WY,ANM,WE,Federal Contract Tower,59,50,49,1,159,0,0,14,0,14,59,50,63,1,173,0,0,0,173
03/01/2021,JAC,WY,ANM,WE,Federal Contract Tower,38,41,20,1,100,0,0,15,0,15,38,41,35,1,115,0,2,2,117
03/02/2021,JAC,WY,ANM,WE,Federal Contract Tower,32,20,28,0,80,0,1,16,2,19,32,21,44,2,99,12,0,12,111
03/03/2021,JAC,WY,ANM,WE,Federal Contract Tower,31,31,24,0,86,0,0,15,4,19,31,31,39,4,105,6,0,6,111
03/04/2021,JAC,WY,ANM,WE,Federal Contract Tower,38,26,37,0,101,0,0,13,0,13,38,26,50,0,114,4,0,4,118
03/05/2021,JAC,WY,ANM,WE,Federal Contract Tower,40,43,23,0,106,0,0,19,0,19,40,43,42,0,125,10,0,10,135
03/06/2021,JAC,WY,ANM,WE,Federal Contract Tower,49,39,27,0,115,0,1,6,0,7,49,40,33,0,122,0,0,0,122
03/07/2021,JAC,WY,ANM,WE,Federal Contract Tower,48,56,50,0,154,0,0,27,0,27,48,56,77,0,181,0,0,0,181
03/08/2021,JAC,WY,ANM,WE,Federal Contract Tower,42,41,33,2,118,0,0,2,1,3,42,41,35,3,121,0,0,0,121
03/09/2021,JAC,WY,ANM,WE,Federal Contract Tower,30,28,17,0,75,0,0,11,0,11,30,28,28,0,86,0,0,0,86
03/10/2021,JAC,WY,ANM,WE,Federal Contract Tower,27,31,22,0,80,0,0,5,0,5,27,31,27,0,85,2,0,2,87
03/11/2021,JAC,WY,ANM,WE,Federal Contract Tower,33,40,33,0,106,0,0,23,7,30,33,40,56,7,136,0,0,0,136
03/12/2021,JAC,WY,ANM,WE,Federal Contract Tower,44,47,49,6,146,0,1,14,5,20,44,48,63,11,166,0,0,0,166
03/13/2021,JAC,WY,ANM,WE,Federal Contract Tower,47,40,20,1,108,0,1,3,1,5,47,41,23,2,113,0,0,0,113
03/14/2021,JAC,WY,ANM,WE,Federal Contract Tower,41,53,34,0,128,0,1,8,0,9,41,54,42,0,137,0,0,0,137
03/15/2021,JAC,WY,ANM,WE,Federal Contract Tower,35,42,31,0,108,0,1,16,0,17,35,43,47,0,125,0,0,0,125
03/16/2021,JAC,WY,ANM,WE,Federal Contract Tower,35,35,30,6,106,0,0,1,0,1,35,35,31,6,107,0,0,0,107
03/17/2021,JAC,WY,ANM,WE,Federal Contract Tower,29,39,25,0,93,0,0,2,0,2,29,39,27,0,95,0,0,0,95
03/18/2021,JAC,WY,ANM,WE,Federal Contract Tower,41,43,28,3,115,0,0,8,4,12,41,43,36,7,127,0,0,0,127
03/19/2021,JAC,WY,ANM,WE,Federal Contract Tower,38,49,40,0,127,0,0,12,0,12,38,49,52,0,139,0,0,0,139
03/20/2021,JAC,WY,ANM,WE,Federal Contract Tower,49,63,15,0,127,0,0,0,0,0,49,63,15,0,127,0,0,0,127
03/21/2021,JAC,WY,ANM,WE,Federal Contract Tower,47,52,57,0,156,0,1,2,0,3,47,53,59,0,159,0,0,0,159
03/22/2021,JAC,WY,ANM,WE,Federal Contract Tower,44,38,22,0,104,0,0,1,0,1,44,38,23,0,105,0,0,0,105
03/23/2021,JAC,WY,ANM,WE,Federal Contract Tower,30,36,19,0,85,0,0,6,0,6,30,36,25,0,91,0,0,0,91
03/24/2021,JAC,WY,ANM,WE,Federal Contract Tower,29,48,24,0,101,0,3,2,0,5,29,51,26,0,106,0,0,0,106
03/25/2021,JAC,WY,ANM,WE,Federal Contract Tower,39,37,19,0,95,0,1,0,0,1,39,38,19,0,96,0,0,0,96
03/26/2021,JAC,WY,ANM,WE,Federal Contract Tower,42,54,32,0,128,0,0,3,0,3,42,54,35,0,131,0,0,0,131
03/27/2021,JAC,WY,ANM,WE,Federal Contract Tower,50,42,43,2,137,0,2,13,0,15,50,44,56,2,152,0,0,0,152
03/28/2021,JAC,WY,ANM,WE,Federal Contract Tower,45,48,42,0,135,0,0,6,0,6,45,48,48,0,141,3,0,3,144
03/29/2021,JAC,WY,ANM,WE,Federal Contract Tower,35,23,16,0,74,0,0,0,0,0,35,23,16,0,74,0,0,0,74
03/30/2021,JAC,WY,ANM,WE,Federal Contract Tower,31,34,29,0,94,0,0,3,0,3,31,34,32,0,97,0,0,0,97
03/31/2021,JAC,WY,ANM,WE,Federal Contract Tower,29,26,27,0,82,0,0,8,0,8,29,26,35,0,90,0,0,0,90
04/01/2021,JAC,WY,ANM,WE,Federal Contract Tower,25,37,26,2,90,0,0,13,0,13,25,37,39,2,103,0,0,0,103
04/02/2021,JAC,WY,ANM,WE,Federal Contract Tower,28,49,25,0,102,0,1,19,0,20,28,50,44,0,122,0,0,0,122
04/03/2021,JAC,WY,ANM,WE,Federal Contract Tower,32,31,23,0,86,0,1,8,0,9,32,32,31,0,95,0,0,0,95
04/04/2021,JAC,WY,ANM,WE,Federal Contract Tower,27,13,18,0,58,0,0,6,0,6,27,13,24,0,64,0,0,0,64
04/05/2021,JAC,WY,ANM,WE,Federal Contract Tower,19,42,31,0,92,0,0,1,0,1,19,42,32,0,93,0,0,0,93
04/06/2021,JAC,WY,ANM,WE,Federal Contract Tower,18,31,22,0,71,0,0,1,0,1,18,31,23,0,72,0,0,0,72
04/07/2021,JAC,WY,ANM,WE,Federal Contract Tower,12,28,22,0,62,0,0,2,0,2,12,28,24,0,64,0,0,0,64
04/08/2021,JAC,WY,ANM,WE,Federal Contract Tower,13,28,14,0,55,0,0,3,0,3,13,28,17,0,58,0,2,2,60
04/09/2021,JAC,WY,ANM,WE,Federal Contract Tower,19,30,19,0,68,0,0,26,0,26,19,30,45,0,94,0,0,0,94
04/10/2021,JAC,WY,ANM,WE,Federal Contract Tower,21,28,18,0,67,0,1,6,0,7,21,29,24,0,74,0,0,0,74
04/11/2021,JAC,WY,ANM,WE,Federal Contract Tower,19,42,25,0,86,0,1,4,0,5,19,43,29,0,91,0,0,0,91
04/12/2021,JAC,WY,ANM,WE,Federal Contract Tower,14,28,28,0,70,0,1,1,0,2,14,29,29,0,72,0,0,0,72
04/13/2021,JAC,WY,ANM,WE,Federal Contract Tower,13,26,18,0,57,0,0,5,0,5,13,26,23,0,62,0,0,0,62
04/14/2021,JAC,WY,ANM,WE,Federal Contract Tower,13,19,19,0,51,0,0,4,0,4,13,19,23,0,55,0,0,0,55
04/15/2021,JAC,WY,ANM,WE,Federal Contract Tower,12,20,13,0,45,0,1,1,0,2,12,21,14,0,47,0,0,0,47
04/16/2021,JAC,WY,ANM,WE,Federal Contract Tower,13,20,6,0,39,0,0,8,0,8,13,20,14,0,47,0,0,0,47
04/17/2021,JAC,WY,ANM,WE,Federal Contract Tower,15,12,15,0,42,0,0,10,0,10,15,12,25,0,52,2,0,2,54
04/18/2021,JAC,WY,ANM,WE,Federal Contract Tower,13,11,10,0,34,0,0,11,0,11,13,11,21,0,45,0,0,0,45
04/19/2021,JAC,WY,ANM,WE,Federal Contract Tower,14,15,9,0,38,0,0,2,0,2,14,15,11,0,40,0,0,0,40
04/20/2021,JAC,WY,ANM,WE,Federal Contract Tower,15,11,10,0,36,0,5,12,0,17,15,16,22,0,53,0,0,0,53
04/21/2021,JAC,WY,ANM,WE,Federal Contract Tower,12,12,10,0,34,0,0,5,0,5,12,12,15,0,39,0,0,0,39
04/22/2021,JAC,WY,ANM,WE,Federal Contract Tower,13,24,16,0,53,0,0,9,0,9,13,24,25,0,62,0,0,0,62
04/23/2021,JAC,WY,ANM,WE,Federal Contract Tower,12,24,6,1,43,0,0,2,0,2,12,24,8,1,45,0,0,0,45
04/24/2021,JAC,WY,ANM,WE,Federal Contract Tower,15,14,17,0,46,0,0,0,9,9,15,14,17,9,55,0,0,0,55
04/25/2021,JAC,WY,ANM,WE,Federal Contract Tower,12,21,6,2,41,0,0,0,4,4,12,21,6,6,45,0,0,0,45
04/26/2021,JAC,WY,ANM,WE,Federal Contract Tower,15,18,12,4,49,0,5,0,2,7,15,23,12,6,56,6,0,6,62
04/27/2021,JAC,WY,ANM,WE,Federal Contract Tower,14,21,21,0,56,0,0,6,0,6,14,21,27,0,62,0,0,0,62
04/28/2021,JAC,WY,ANM,WE,Federal Contract Tower,14,21,11,0,46,0,1,12,0,13,14,22,23,0,59,0,0,0,59
04/29/2021,JAC,WY,ANM,WE,Federal Contract Tower,15,16,15,0,46,0,7,15,0,22,15,23,30,0,68,0,0,0,68
04/30/2021,JAC,WY,ANM,WE,Federal Contract Tower,13,23,5,0,41,0,2,22,0,24,13,25,27,0,65,0,0,0,65
05/01/2021,JAC,WY,ANM,WE,Federal Contract Tower,15,18,11,2,46,0,2,0,0,2,15,20,11,2,48,0,0,0,48
05/02/2021,JAC,WY,ANM,WE,Federal Contract Tower,14,23,8,0,45,0,7,0,0,7,14,30,8,0,52,0,0,0,52
05/04/2021,JAC,WY,ANM,WE,Federal Contract Tower,15,14,8,0,37,0,0,0,0,0,15,14,8,0,37,0,0,0,37
05/05/2021,JAC,WY,ANM,WE,Federal Contract Tower,13,21,8,0,42,0,2,16,0,18,13,23,24,0,60,0,0,0,60
05/06/2021,JAC,WY,ANM,WE,Federal Contract Tower,19,30,19,0,68,0,8,21,0,29,19,38,40,0,97,5,0,5,102
05/07/2021,JAC,WY,ANM,WE,Federal Contract Tower,19,24,14,1,58,0,5,1,0,6,19,29,15,1,64,0,2,2,66
05/08/2021,JAC,WY,ANM,WE,Federal Contract Tower,22,16,11,0,49,0,0,0,0,0,22,16,11,0,49,0,0,0,49
05/09/2021,JAC,WY,ANM,WE,Federal Contract Tower,20,19,13,0,52,0,0,2,0,2,20,19,15,0,54,0,0,0,54
05/10/2021,JAC,WY,ANM,WE,Federal Contract Tower,19,26,16,0,61,0,5,0,0,5,19,31,16,0,66,0,0,0,66
05/11/2021,JAC,WY,ANM,WE,Federal Contract Tower,20,26,18,0,64,0,0,2,0,2,20,26,20,0,66,0,0,0,66
05/12/2021,JAC,WY,ANM,WE,Federal Contract Tower,19,21,27,0,67,1,0,13,0,14,20,21,40,0,81,0,0,0,81
05/13/2021,JAC,WY,ANM,WE,Federal Contract Tower,20,26,34,1,81,0,2,11,1,14,20,28,45,2,95,0,0,0,95
05/14/2021,JAC,WY,ANM,WE,Federal Contract Tower,19,28,29,0,76,0,0,8,0,8,19,28,37,0,84,0,0,0,84
05/15/2021,JAC,WY,ANM,WE,Federal Contract Tower,21,19,26,2,68,0,0,11,0,11,21,19,37,2,79,0,0,0,79
05/16/2021,JAC,WY,ANM,WE,Federal Contract Tower,19,22,27,2,70,0,2,4,0,6,19,24,31,2,76,0,0,0,76
05/17/2021,JAC,WY,ANM,WE,Federal Contract Tower,18,23,25,0,66,0,4,12,0,16,18,27,37,0,82,0,0,0,82
05/18/2021,JAC,WY,ANM,WE,Federal Contract Tower,22,29,13,0,64,0,5,3,0,8,22,34,16,0,72,0,0,0,72
05/19/2021,JAC,WY,ANM,WE,Federal Contract Tower,18,23,22,0,63,0,0,5,4,9,18,23,27,4,72,0,4,4,76
05/20/2021,JAC,WY,ANM,WE,Federal Contract Tower,21,29,27,0,77,0,0,12,0,12,21,29,39,0,89,0,0,0,89
05/21/2021,JAC,WY,ANM,WE,Federal Contract Tower,19,20,15,0,54,0,0,4,0,4,19,20,19,0,58,0,0,0,58
05/22/2021,JAC,WY,ANM,WE,Federal Contract Tower,24,20,20,0,64,0,0,13,0,13,24,20,33,0,77,2,0,2,79
05/23/2021,JAC,WY,ANM,WE,Federal Contract Tower,23,25,21,0,69,0,0,1,0,1,23,25,22,0,70,0,0,0,70
05/24/2021,JAC,WY,ANM,WE,Federal Contract Tower,23,35,13,0,71,0,0,0,0,0,23,35,13,0,71,0,0,0,71
05/25/2021,JAC,WY,ANM,WE,Federal Contract Tower,24,19,19,0,62,0,2,17,0,19,24,21,36,0,81,3,0,3,84
05/26/2021,JAC,WY,ANM,WE,Federal Contract Tower,27,41,29,0,97,0,1,1,0,2,27,42,30,0,99,0,0,0,99
05/27/2021,JAC,WY,ANM,WE,Federal Contract Tower,30,38,29,0,97,0,1,17,4,22,30,39,46,4,119,0,0,0,119
05/28/2021,JAC,WY,ANM,WE,Federal Contract Tower,34,28,28,0,90,0,14,7,0,21,34,42,35,0,111,0,0,0,111
05/29/2021,JAC,WY,ANM,WE,Federal Contract Tower,48,14,25,0,87,0,1,24,0,25,48,15,49,0,112,10,0,10,122
05/30/2021,JAC,WY,ANM,WE,Federal Contract Tower,44,8,16,0,68,0,6,12,0,18,44,14,28,0,86,12,0,12,98
05/31/2021,JAC,WY,ANM,WE,Federal Contract Tower,46,45,32,0,123,0,6,24,0,30,46,51,56,0,153,0,0,0,153
06/01/2021,JAC,WY,ANM,WE,Federal Contract Tower,32,25,32,0,89,0,1,12,0,13,32,26,44,0,102,0,0,0,102
06/02/2021,JAC,WY,ANM,WE,Federal Contract Tower,34,25,25,0,84,0,2,22,0,24,34,27,47,0,108,2,0,2,110
06/03/2021,JAC,WY,ANM,WE,Federal Contract Tower,53,37,40,0,130,0,9,38,0,47,53,46,78,0,177,24,0,24,201
06/04/2021,JAC,WY,ANM,WE,Federal Contract Tower,55,36,33,0,124,0,5,35,0,40,55,41,68,0,164,0,0,0,164
06/05/2021,JAC,WY,ANM,WE,Federal Contract Tower,74,30,35,0,139,0,1,26,0,27,74,31,61,0,166,6,0,6,172
06/06/2021,JAC,WY,ANM,WE,Federal Contract Tower,62,27,55,0,144,0,0,21,0,21,62,27,76,0,165,0,0,0,165
06/07/2021,JAC,WY,ANM,WE,Federal Contract Tower,56,37,37,0,130,0,3,19,0,22,56,40,56,0,152,0,0,0,152
06/08/2021,JAC,WY,ANM,WE,Federal Contract Tower,57,35,39,0,131,0,0,25,0,25,57,35,64,0,156,0,0,0,156
06/09/2021,JAC,WY,ANM,WE,Federal Contract Tower,60,35,21,0,116,0,0,23,0,23,60,35,44,0,139,0,0,0,139
06/10/2021,JAC,WY,ANM,WE,Federal Contract Tower,57,34,26,0,117,1,3,10,0,14,58,37,36,0,131,0,0,0,131
06/11/2021,JAC,WY,ANM,WE,Federal Contract Tower,59,54,33,0,146,0,4,38,0,42,59,58,71,0,188,0,0,0,188
06/12/2021,JAC,WY,ANM,WE,Federal Contract Tower,70,40,27,0,137,0,1,36,0,37,70,41,63,0,174,0,0,0,174
06/13/2021,JAC,WY,ANM,WE,Federal Contract Tower,63,36,35,0,134,0,0,23,0,23,63,36,58,0,157,0,0,0,157
06/14/2021,JAC,WY,ANM,WE,Federal Contract Tower,64,49,36,0,149,0,2,24,0,26,64,51,60,0,175,0,0,0,175
06/15/2021,JAC,WY,ANM,WE,Federal Contract Tower,61,39,31,0,131,0,2,26,0,28,61,41,57,0,159,0,0,0,159
06/16/2021,JAC,WY,ANM,WE,Federal Contract Tower,66,32,35,0,133,0,0,39,0,39,66,32,74,0,172,10,0,10,182
06/17/2021,JAC,WY,ANM,WE,Federal Contract Tower,59,37,39,0,135,0,5,40,2,47,59,42,79,2,182,8,2,10,192
06/18/2021,JAC,WY,ANM,WE,Federal Contract Tower,53,44,35,2,134,0,0,22,0,22,53,44,57,2,156,0,0,0,156
06/19/2021,JAC,WY,ANM,WE,Federal Contract Tower,73,40,36,0,149,1,1,14,0,16,74,41,50,0,165,2,0,2,167
06/20/2021,JAC,WY,ANM,WE,Federal Contract Tower,59,43,31,0,133,0,0,11,0,11,59,43,42,0,144,0,0,0,144
06/21/2021,JAC,WY,ANM,WE,Federal Contract Tower,55,35,29,0,119,0,6,13,0,19,55,41,42,0,138,0,0,0,138
06/23/2021,JAC,WY,ANM,WE,Federal Contract Tower,62,47,33,2,144,0,1,27,0,28,62,48,60,2,172,0,0,0,172
06/24/2021,JAC,WY,ANM,WE,Federal Contract Tower,57,40,46,0,143,0,1,9,0,10,57,41,55,0,153,0,0,0,153
06/25/2021,JAC,WY,ANM,WE,Federal Contract Tower,58,41,48,0,147,0,3,18,0,21,58,44,66,0,168,0,0,0,168
06/26/2021,JAC,WY,ANM,WE,Federal Contract Tower,73,53,40,4,170,0,0,10,0,10,73,53,50,4,180,0,0,0,180
06/27/2021,JAC,WY,ANM,WE,Federal Contract Tower,66,62,40,0,168,0,1,37,0,38,66,63,77,0,206,0,0,0,206
06/28/2021,JAC,WY,ANM,WE,Federal Contract Tower,64,36,46,0,146,0,1,28,0,29,64,37,74,0,175,0,0,0,175
06/29/2021,JAC,WY,ANM,WE,Federal Contract Tower,61,47,41,0,149,0,0,25,0,25,61,47,66,0,174,0,0,0,174
06/30/2021,JAC,WY,ANM,WE,Federal Contract Tower,59,40,35,0,134,0,3,15,0,18,59,43,50,0,152,0,0,0,152
07/01/2021,JAC,WY,ANM,WE,Federal Contract Tower,66,65,53,0,184,0,0,38,0,38,66,65,91,0,222,2,0,2,224
07/02/2021,JAC,WY,ANM,WE,Federal Contract Tower,56,52,45,0,153,0,0,21,0,21,56,52,66,0,174,0,0,0,174
07/03/2021,JAC,WY,ANM,WE,Federal Contract Tower,77,42,22,0,141,0,2,31,0,33,77,44,53,0,174,0,0,0,174
07/04/2021,JAC,WY,ANM,WE,Federal Contract Tower,62,26,17,0,105,0,0,1,0,1,62,26,18,0,106,0,0,0,106
07/05/2021,JAC,WY,ANM,WE,Federal Contract Tower,67,51,47,0,165,0,1,21,0,22,67,52,68,0,187,0,0,0,187
07/06/2021,JAC,WY,ANM,WE,Federal Contract Tower,61,49,55,0,165,0,1,32,0,33,61,50,87,0,198,13,0,13,211
07/07/2021,JAC,WY,ANM,WE,Federal Contract Tower,62,34,37,0,133,0,2,22,0,24,62,36,59,0,157,0,0,0,157
07/08/2021,JAC,WY,ANM,WE,Federal Contract Tower,58,42,43,0,143,0,0,33,0,33,58,42,76,0,176,0,0,0,176
07/09/2021,JAC,WY,ANM,WE,Federal Contract Tower,59,69,47,2,177,0,4,22,4,30,59,73,69,6,207,0,2,2,209
07/10/2021,JAC,WY,ANM,WE,Federal Contract Tower,77,45,38,6,166,0,2,15,0,17,77,47,53,6,183,4,0,4,187
07/11/2021,JAC,WY,ANM,WE,Federal Contract Tower,61,56,55,0,172,0,1,23,0,24,61,57,78,0,196,0,0,0,196
07/12/2021,JAC,WY,ANM,WE,Federal Contract Tower,59,62,47,0,168,0,0,29,0,29,59,62,76,0,197,3,0,3,200
07/13/2021,JAC,WY,ANM,WE,Federal Contract Tower,57,40,34,0,131,0,3,27,0,30,57,43,61,0,161,0,0,0,161
07/14/2021,JAC,WY,ANM,WE,Federal Contract Tower,65,54,53,0,172,0,0,14,0,14,65,54,67,0,186,0,0,0,186
07/15/2021,JAC,WY,ANM,WE,Federal Contract Tower,57,65,49,4,175,0,3,24,0,27,57,68,73,4,202,0,0,0,202
07/16/2021,JAC,WY,ANM,WE,Federal Contract Tower,56,53,37,4,150,0,4,8,0,12,56,57,45,4,162,4,0,4,166
07/17/2021,JAC,WY,ANM,WE,Federal Contract Tower,75,49,32,0,156,0,3,22,0,25,75,52,54,0,181,4,0,4,185
07/18/2021,JAC,WY,ANM,WE,Federal Contract Tower,67,69,44,0,180,1,0,15,0,16,68,69,59,0,196,0,0,0,196
07/19/2021,JAC,WY,ANM,WE,Federal Contract Tower,56,53,46,0,155,0,6,24,0,30,56,59,70,0,185,0,0,0,185
07/20/2021,JAC,WY,ANM,WE,Federal Contract Tower,56,35,38,0,129,0,0,22,2,24,56,35,60,2,153,0,0,0,153
07/21/2021,JAC,WY,ANM,WE,Federal Contract Tower,60,52,65,0,177,0,2,35,0,37,60,54,100,0,214,0,0,0,214
07/22/2021,JAC,WY,ANM,WE,Federal Contract Tower,55,49,49,0,153,0,2,14,0,16,55,51,63,0,169,0,0,0,169
07/23/2021,JAC,WY,ANM,WE,Federal Contract Tower,50,53,38,0,141,0,0,26,0,26,50,53,64,0,167,0,0,0,167
07/24/2021,JAC,WY,ANM,WE,Federal Contract Tower,76,44,45,0,165,0,1,12,0,13,76,45,57,0,178,0,0,0,178
07/25/2021,JAC,WY,ANM,WE,Federal Contract Tower,65,59,61,0,185,0,1,20,0,21,65,60,81,0,206,0,0,0,206
07/26/2021,JAC,WY,ANM,WE,Federal Contract Tower,53,73,22,0,148,0,2,24,0,26,53,75,46,0,174,0,0,0,174
07/27/2021,JAC,WY,ANM,WE,Federal Contract Tower,55,62,39,0,156,0,8,27,0,35,55,70,66,0,191,7,0,7,198
07/28/2021,JAC,WY,ANM,WE,Federal Contract Tower,61,47,37,0,145,0,2,14,0,16,61,49,51,0,161,0,0,0,161
07/29/2021,JAC,WY,ANM,WE,Federal Contract Tower,53,50,32,0,135,0,5,23,0,28,53,55,55,0,163,0,0,0,163
07/30/2021,JAC,WY,ANM,WE,Federal Contract Tower,51,71,46,0,168,0,6,12,0,18,51,77,58,0,186,0,0,0,186
07/31/2021,JAC,WY,ANM,WE,Federal Contract Tower,74,70,46,0,190,0,3,13,0,16,74,73,59,0,206,0,0,0,206
08/01/2021,JAC,WY,ANM,WE,Federal Contract Tower,59,85,61,0,205,0,6,14,0,20,59,91,75,0,225,0,0,0,225
08/02/2021,JAC,WY,ANM,WE,Federal Contract Tower,54,56,33,0,143,0,1,25,0,26,54,57,58,0,169,0,0,0,169
08/03/2021,JAC,WY,ANM,WE,Federal Contract Tower,51,56,38,0,145,0,1,30,0,31,51,57,68,0,176,0,0,0,176
08/04/2021,JAC,WY,ANM,WE,Federal Contract Tower,62,37,52,0,151,0,4,12,0,16,62,41,64,0,167,8,0,8,175
08/05/2021,JAC,WY,ANM,WE,Federal Contract Tower,60,64,44,0,168,0,3,29,0,32,60,67,73,0,200,13,0,13,213
08/06/2021,JAC,WY,ANM,WE,Federal Contract Tower,51,54,43,0,148,0,11,3,0,14,51,65,46,0,162,0,0,0,162
08/07/2021,JAC,WY,ANM,WE,Federal Contract Tower,67,46,43,0,156,1,18,5,0,24,68,64,48,0,180,0,0,0,180
08/08/2021,JAC,WY,ANM,WE,Federal Contract Tower,62,74,60,1,197,0,7,13,0,20,62,81,73,1,217,22,0,22,239
08/09/2021,JAC,WY,ANM,WE,Federal Contract Tower,50,48,43,0,141,0,2,21,0,23,50,50,64,0,164,0,0,0,164
08/10/2021,JAC,WY,ANM,WE,Federal Contract Tower,48,43,31,0,122,0,3,20,0,23,48,46,51,0,145,2,0,2,147
08/11/2021,JAC,WY,ANM,WE,Federal Contract Tower,62,76,47,2,187,0,9,29,0,38,62,85,76,2,225,0,0,0,225
08/12/2021,JAC,WY,ANM,WE,Federal Contract Tower,58,71,57,0,186,0,13,34,0,47,58,84,91,0,233,4,0,4,237
08/13/2021,JAC,WY,ANM,WE,Federal Contract Tower,56,50,49,0,155,0,1,26,0,27,56,51,75,0,182,0,0,0,182
08/14/2021,JAC,WY,ANM,WE,Federal Contract Tower,71,41,38,0,150,0,0,19,0,19,71,41,57,0,169,0,0,0,169
08/15/2021,JAC,WY,ANM,WE,Federal Contract Tower,65,113,67,0,245,0,0,7,2,9,65,113,74,2,254,0,0,0,254
08/16/2021,JAC,WY,ANM,WE,Federal Contract Tower,52,56,57,0,165,0,2,14,0,16,52,58,71,0,181,0,0,0,181
08/17/2021,JAC,WY,ANM,WE,Federal Contract Tower,40,52,52,0,144,0,3,10,0,13,40,55,62,0,157,0,0,0,157
08/18/2021,JAC,WY,ANM,WE,Federal Contract Tower,52,50,51,0,153,0,0,0,0,0,52,50,51,0,153,0,0,0,153
08/19/2021,JAC,WY,ANM,WE,Federal Contract Tower,55,55,44,0,154,0,2,0,0,2,55,57,44,0,156,0,0,0,156
08/20/2021,JAC,WY,ANM,WE,Federal Contract Tower,47,78,46,0,171,0,0,7,0,7,47,78,53,0,178,0,0,0,178
08/21/2021,JAC,WY,ANM,WE,Federal Contract Tower,66,45,28,2,141,0,0,2,0,2,66,45,30,2,143,0,0,0,143
08/22/2021,JAC,WY,ANM,WE,Federal Contract Tower,58,55,44,0,157,0,2,17,0,19,58,57,61,0,176,0,0,0,176
08/23/2021,JAC,WY,ANM,WE,Federal Contract Tower,50,35,44,0,129,0,2,14,0,16,50,37,58,0,145,0,0,0,145
08/24/2021,JAC,WY,ANM,WE,Federal Contract Tower,42,43,27,0,112,0,0,14,0,14,42,43,41,0,126,0,0,0,126
08/25/2021,JAC,WY,ANM,WE,Federal Contract Tower,51,43,27,0,121,0,0,6,0,6,51,43,33,0,127,0,8,8,135
08/26/2021,JAC,WY,ANM,WE,Federal Contract Tower,58,49,39,0,146,0,4,16,0,20,58,53,55,0,166,6,0,6,172
08/27/2021,JAC,WY,ANM,WE,Federal Contract Tower,51,50,44,0,145,0,1,9,0,10,51,51,53,0,155,0,0,0,155
08/28/2021,JAC,WY,ANM,WE,Federal Contract Tower,63,33,37,0,133,0,0,0,0,0,63,33,37,0,133,0,0,0,133
08/29/2021,JAC,WY,ANM,WE,Federal Contract Tower,61,65,36,0,162,0,0,7,0,7,61,65,43,0,169,0,0,0,169
08/30/2021,JAC,WY,ANM,WE,Federal Contract Tower,51,59,36,0,146,0,5,11,0,16,51,64,47,0,162,0,0,0,162
08/31/2021,JAC,WY,ANM,WE,Federal Contract Tower,45,26,26,0,97,0,0,4,0,4,45,26,30,0,101,0,0,0,101
09/01/2021,JAC,WY,ANM,WE,Federal Contract Tower,55,55,42,0,152,0,1,8,0,9,55,56,50,0,161,0,0,0,161
09/02/2021,JAC,WY,ANM,WE,Federal Contract Tower,57,63,43,1,164,0,5,10,0,15,57,68,53,1,179,0,0,0,179
09/03/2021,JAC,WY,ANM,WE,Federal Contract Tower,47,59,42,1,149,1,0,22,0,23,48,59,64,1,172,0,0,0,172
09/04/2021,JAC,WY,ANM,WE,Federal Contract Tower,58,38,31,1,128,0,5,9,0,14,58,43,40,1,142,0,0,0,142
09/05/2021,JAC,WY,ANM,WE,Federal Contract Tower,53,34,26,0,113,0,4,5,0,9,53,38,31,0,122,0,0,0,122
09/06/2021,JAC,WY,ANM,WE,Federal Contract Tower,50,51,61,0,162,0,4,5,0,9,50,55,66,0,171,0,0,0,171
09/07/2021,JAC,WY,ANM,WE,Federal Contract Tower,39,36,39,0,114,0,0,14,0,14,39,36,53,0,128,0,0,0,128
09/08/2021,JAC,WY,ANM,WE,Federal Contract Tower,35,46,33,0,114,0,1,9,0,10,35,47,42,0,124,0,0,0,124
09/09/2021,JAC,WY,ANM,WE,Federal Contract Tower,36,40,35,0,111,0,4,31,0,35,36,44,66,0,146,2,0,2,148
09/10/2021,JAC,WY,ANM,WE,Federal Contract Tower,35,39,50,0,124,0,21,17,0,38,35,60,67,0,162,0,0,0,162
09/11/2021,JAC,WY,ANM,WE,Federal Contract Tower,40,33,30,0,103,0,4,13,0,17,40,37,43,0,120,0,0,0,120
09/12/2021,JAC,WY,ANM,WE,Federal Contract Tower,35,40,45,0,120,0,2,13,0,15,35,42,58,0,135,0,0,0,135
09/13/2021,JAC,WY,ANM,WE,Federal Contract Tower,32,44,33,0,109,0,2,19,2,23,32,46,52,2,132,0,2,2,134
09/14/2021,JAC,WY,ANM,WE,Federal Contract Tower,29,30,23,0,82,0,3,9,0,12,29,33,32,0,94,0,0,0,94
09/15/2021,JAC,WY,ANM,WE,Federal Contract Tower,31,37,24,0,92,0,3,23,0,26,31,40,47,0,118,0,0,0,118
09/16/2021,JAC,WY,ANM,WE,Federal Contract Tower,33,40,35,0,108,0,0,2,0,2,33,40,37,0,110,2,0,2,112
09/17/2021,JAC,WY,ANM,WE,Federal Contract Tower,32,39,41,0,112,0,0,15,0,15,32,39,56,0,127,2,0,2,129
09/18/2021,JAC,WY,ANM,WE,Federal Contract Tower,35,25,27,0,87,0,0,15,0,15,35,25,42,0,102,0,0,0,102
09/19/2021,JAC,WY,ANM,WE,Federal Contract Tower,33,37,48,2,120,0,0,2,0,2,33,37,50,2,122,0,0,0,122
09/20/2021,JAC,WY,ANM,WE,Federal Contract Tower,33,41,21,0,95,0,5,5,0,10,33,46,26,0,105,0,0,0,105
09/21/2021,JAC,WY,ANM,WE,Federal Contract Tower,30,23,33,1,87,0,2,12,0,14,30,25,45,1,101,12,0,12,113
09/22/2021,JAC,WY,ANM,WE,Federal Contract Tower,32,40,39,2,113,0,1,32,0,33,32,41,71,2,146,0,12,12,158
09/23/2021,JAC,WY,ANM,WE,Federal Contract Tower,33,47,31,0,111,0,5,19,0,24,33,52,50,0,135,0,0,0,135
09/24/2021,JAC,WY,ANM,WE,Federal Contract Tower,32,47,41,0,120,0,2,26,0,28,32,49,67,0,148,0,0,0,148
09/25/2021,JAC,WY,ANM,WE,Federal Contract Tower,34,33,21,0,88,0,2,11,0,13,34,35,32,0,101,0,0,0,101
09/26/2021,JAC,WY,ANM,WE,Federal Contract Tower,37,40,36,0,113,0,3,17,0,20,37,43,53,0,133,0,0,0,133
09/27/2021,JAC,WY,ANM,WE,Federal Contract Tower,34,50,30,4,118,0,0,26,1,27,34,50,56,5,145,0,0,0,145
09/28/2021,JAC,WY,ANM,WE,Federal Contract Tower,34,39,25,0,98,0,0,21,0,21,34,39,46,0,119,10,0,10,129
09/29/2021,JAC,WY,ANM,WE,Federal Contract Tower,34,37,31,0,102,0,3,20,0,23,34,40,51,0,125,0,0,0,125
09/30/2021,JAC,WY,ANM,WE,Federal Contract Tower,32,35,30,0,97,0,2,15,0,17,32,37,45,0,114,0,0,0,114
10/01/2021,JAC,WY,ANM,WE,Federal Contract Tower,28,40,42,0,110,0,0,62,0,62,28,40,104,0,172,0,0,0,172
10/02/2021,JAC,WY,ANM,WE,Federal Contract Tower,33,24,12,0,69,0,1,27,2,30,33,25,39,2,99,0,0,0,99
10/03/2021,JAC,WY,ANM,WE,Federal Contract Tower,30,25,18,0,73,0,0,19,0,19,30,25,37,0,92,0,0,0,92
10/04/2021,JAC,WY,ANM,WE,Federal Contract Tower,29,26,31,0,86,0,1,23,0,24,29,27,54,0,110,0,0,0,110
10/05/2021,JAC,WY,ANM,WE,Federal Contract Tower,19,33,20,1,73,0,3,10,0,13,19,36,30,1,86,0,0,0,86
10/06/2021,JAC,WY,ANM,WE,Federal Contract Tower,21,31,37,0,89,0,3,39,0,42,21,34,76,0,131,2,0,2,133
10/07/2021,JAC,WY,ANM,WE,Federal Contract Tower,12,31,37,0,80,0,2,4,0,6,12,33,41,0,86,0,0,0,86
10/08/2021,JAC,WY,ANM,WE,Federal Contract Tower,15,53,33,0,101,0,0,6,0,6,15,53,39,0,107,0,0,0,107
10/09/2021,JAC,WY,ANM,WE,Federal Contract Tower,14,36,15,0,65,0,0,0,0,0,14,36,15,0,65,0,0,0,65
10/10/2021,JAC,WY,ANM,WE,Federal Contract Tower,12,40,28,0,80,0,1,13,0,14,12,41,41,0,94,0,0,0,94
10/11/2021,JAC,WY,ANM,WE,Federal Contract Tower,12,37,27,0,76,0,0,1,0,1,12,37,28,0,77,0,0,0,77
10/12/2021,JAC,WY,ANM,WE,Federal Contract Tower,13,26,19,0,58,0,3,5,0,8,13,29,24,0,66,0,0,0,66
10/13/2021,JAC,WY,ANM,WE,Federal Contract Tower,14,32,20,0,66,0,0,1,0,1,14,32,21,0,67,0,0,0,67
10/14/2021,JAC,WY,ANM,WE,Federal Contract Tower,13,36,25,0,74,0,0,6,0,6,13,36,31,0,80,0,0,0,80
10/15/2021,JAC,WY,ANM,WE,Federal Contract Tower,13,30,24,0,67,0,1,27,0,28,13,31,51,0,95,0,0,0,95
10/16/2021,JAC,WY,ANM,WE,Federal Contract Tower,15,30,23,1,69,0,2,24,3,29,15,32,47,4,98,0,0,0,98
10/17/2021,JAC,WY,ANM,WE,Federal Contract Tower,13,29,13,1,56,0,0,8,0,8,13,29,21,1,64,0,0,0,64
10/18/2021,JAC,WY,ANM,WE,Federal Contract Tower,13,23,20,0,56,0,0,7,0,7,13,23,27,0,63,0,0,0,63
10/19/2021,JAC,WY,ANM,WE,Federal Contract Tower,12,26,15,0,53,0,1,5,0,6,12,27,20,0,59,0,0,0,59
10/20/2021,JAC,WY,ANM,WE,Federal Contract Tower,15,30,22,0,67,0,0,12,0,12,15,30,34,0,79,0,0,0,79
10/21/2021,JAC,WY,ANM,WE,Federal Contract Tower,10,18,22,0,50,0,0,12,2,14,10,18,34,2,64,2,2,4,68
10/22/2021,JAC,WY,ANM,WE,Federal Contract Tower,13,30,19,0,62,0,1,26,2,29,13,31,45,2,91,2,0,2,93
10/23/2021,JAC,WY,ANM,WE,Federal Contract Tower,14,38,11,0,63,0,2,0,0,2,14,40,11,0,65,0,0,0,65
10/24/2021,JAC,WY,ANM,WE,Federal Contract Tower,12,22,16,0,50,0,0,0,0,0,12,22,16,0,50,0,0,0,50
10/25/2021,JAC,WY,ANM,WE,Federal Contract Tower,13,24,16,0,53,0,0,0,0,0,13,24,16,0,53,0,0,0,53
10/26/2021,JAC,WY,ANM,WE,Federal Contract Tower,13,10,17,0,40,0,0,0,0,0,13,10,17,0,40,0,0,0,40
10/27/2021,JAC,WY,ANM,WE,Federal Contract Tower,13,24,18,0,55,0,0,0,0,0,13,24,18,0,55,0,0,0,55
10/28/2021,JAC,WY,ANM,WE,Federal Contract Tower,14,16,20,0,50,0,0,16,2,18,14,16,36,2,68,0,0,0,68
10/29/2021,JAC,WY,ANM,WE,Federal Contract Tower,13,24,14,0,51,0,1,7,0,8,13,25,21,0,59,0,0,0,59
10/30/2021,JAC,WY,ANM,WE,Federal Contract Tower,13,14,7,0,34,0,0,0,0,0,13,14,7,0,34,0,0,0,34
10/31/2021,JAC,WY,ANM,WE,Federal Contract Tower,10,24,14,0,48,0,0,7,0,7,10,24,21,0,55,0,0,0,55
11/01/2021,JAC,WY,ANM,WE,Federal Contract Tower,13,25,18,0,56,0,0,0,0,0,13,25,18,0,56,0,0,0,56
11/02/2021,JAC,WY,ANM,WE,Federal Contract Tower,13,15,15,0,43,0,0,0,2,2,13,15,15,2,45,0,0,0,45
11/03/2021,JAC,WY,ANM,WE,Federal Contract Tower,16,14,15,0,45,0,0,7,0,7,16,14,22,0,52,0,0,0,52
11/04/2021,JAC,WY,ANM,WE,Federal Contract Tower,13,24,17,0,54,0,0,2,0,2,13,24,19,0,56,0,0,0,56
11/05/2021,JAC,WY,ANM,WE,Federal Contract Tower,13,24,7,0,44,0,1,13,1,15,13,25,20,1,59,0,0,0,59
11/06/2021,JAC,WY,ANM,WE,Federal Contract Tower,15,23,11,0,49,0,0,2,0,2,15,23,13,0,51,0,0,0,51
11/07/2021,JAC,WY,ANM,WE,Federal Contract Tower,12,20,14,0,46,0,0,3,0,3,12,20,17,0,49,0,0,0,49
11/08/2021,JAC,WY,ANM,WE,Federal Contract Tower,11,16,15,0,42,0,1,2,0,3,11,17,17,0,45,2,0,2,47
11/09/2021,JAC,WY,ANM,WE,Federal Contract Tower,13,21,5,0,39,0,0,0,0,0,13,21,5,0,39,0,0,0,39
11/10/2021,JAC,WY,ANM,WE,Federal Contract Tower,14,12,11,0,37,0,0,1,0,1,14,12,12,0,38,0,0,0,38
11/11/2021,JAC,WY,ANM,WE,Federal Contract Tower,13,16,14,0,43,0,0,0,0,0,13,16,14,0,43,0,0,0,43
11/12/2021,JAC,WY,ANM,WE,Federal Contract Tower,18,33,11,0,62,0,0,0,0,0,18,33,11,0,62,0,0,0,62
11/13/2021,JAC,WY,ANM,WE,Federal Contract Tower,15,13,9,7,44,0,0,0,0,0,15,13,9,7,44,0,0,0,44
11/15/2021,JAC,WY,ANM,WE,Federal Contract Tower,13,27,8,0,48,0,0,3,0,3,13,27,11,0,51,2,0,2,53
11/16/2021,JAC,WY,ANM,WE,Federal Contract Tower,13,8,10,1,32,0,0,0,0,0,13,8,10,1,32,0,0,0,32
11/17/2021,JAC,WY,ANM,WE,Federal Contract Tower,15,25,11,0,51,0,0,10,1,11,15,25,21,1,62,4,0,4,66
11/18/2021,JAC,WY,ANM,WE,Federal Contract Tower,12,20,14,0,46,0,0,6,0,6,12,20,20,0,52,2,0,2,54
11/19/2021,JAC,WY,ANM,WE,Federal Contract Tower,13,12,7,0,32,0,0,0,0,0,13,12,7,0,32,0,0,0,32
11/21/2021,JAC,WY,ANM,WE,Federal Contract Tower,13,17,16,0,46,0,0,0,0,0,13,17,16,0,46,0,0,0,46
11/22/2021,JAC,WY,ANM,WE,Federal Contract Tower,13,22,15,0,50,0,1,4,0,5,13,23,19,0,55,0,0,0,55
11/23/2021,JAC,WY,ANM,WE,Federal Contract Tower,13,21,21,0,55,0,0,2,0,2,13,21,23,0,57,0,0,0,57
11/24/2021,JAC,WY,ANM,WE,Federal Contract Tower,13,23,24,0,60,0,0,2,0,2,13,23,26,0,62,0,0,0,62
11/25/2021,JAC,WY,ANM,WE,Federal Contract Tower,6,3,6,0,15,0,0,1,0,1,6,3,7,0,16,0,0,0,16
11/26/2021,JAC,WY,ANM,WE,Federal Contract Tower,10,10,8,0,28,0,0,1,0,1,10,10,9,0,29,2,0,2,31
11/27/2021,JAC,WY,ANM,WE,Federal Contract Tower,18,32,18,0,68,0,0,4,0,4,18,32,22,0,72,0,0,0,72
11/28/2021,JAC,WY,ANM,WE,Federal Contract Tower,14,46,38,0,98,0,0,6,0,6,14,46,44,0,104,0,0,0,104
11/29/2021,JAC,WY,ANM,WE,Federal Contract Tower,13,30,20,0,63,0,1,10,0,11,13,31,30,0,74,0,0,0,74
11/30/2021,JAC,WY,ANM,WE,Federal Contract Tower,12,12,9,0,33,0,4,0,0,4,12,16,9,0,37,0,0,0,37
12/01/2021,JAC,WY,ANM,WE,Federal Contract Tower,15,20,17,2,54,0,0,5,0,5,15,20,22,2,59,0,0,0,59
12/02/2021,JAC,WY,ANM,WE,Federal Contract Tower,12,17,11,0,40,0,0,3,0,3,12,17,14,0,43,0,0,0,43
12/03/2021,JAC,WY,ANM,WE,Federal Contract Tower,12,23,24,3,62,0,0,0,0,0,12,23,24,3,62,0,4,4,66
12/04/2021,JAC,WY,ANM,WE,Federal Contract Tower,16,15,9,0,40,0,4,4,0,8,16,19,13,0,48,0,0,0,48
12/05/2021,JAC,WY,ANM,WE,Federal Contract Tower,14,23,19,0,56,0,0,0,0,0,14,23,19,0,56,0,0,0,56
12/06/2021,JAC,WY,ANM,WE,Federal Contract Tower,13,23,17,0,53,0,0,0,0,0,13,23,17,0,53,0,0,0,53
12/07/2021,JAC,WY,ANM,WE,Federal Contract Tower,13,22,10,0,45,0,0,3,0,3,13,22,13,0,48,0,0,0,48
12/08/2021,JAC,WY,ANM,WE,Federal Contract Tower,16,18,14,0,48,0,0,1,0,1,16,18,15,0,49,0,0,0,49
12/09/2021,JAC,WY,ANM,WE,Federal Contract Tower,13,24,26,0,63,0,0,5,0,5,13,24,31,0,68,0,0,0,68
12/10/2021,JAC,WY,ANM,WE,Federal Contract Tower,13,26,16,0,55,0,0,0,0,0,13,26,16,0,55,0,0,0,55
12/11/2021,JAC,WY,ANM,WE,Federal Contract Tower,16,24,11,0,51,0,0,0,0,0,16,24,11,0,51,0,0,0,51
12/12/2021,JAC,WY,ANM,WE,Federal Contract Tower,15,19,20,0,54,0,0,1,0,1,15,19,21,0,55,0,0,0,55
12/13/2021,JAC,WY,ANM,WE,Federal Contract Tower,13,27,16,0,56,0,0,0,0,0,13,27,16,0,56,0,0,0,56
12/14/2021,JAC,WY,ANM,WE,Federal Contract Tower,14,21,25,0,60,0,0,0,0,0,14,21,25,0,60,0,0,0,60
12/15/2021,JAC,WY,ANM,WE,Federal Contract Tower,12,34,43,0,89,0,2,13,0,15,12,36,56,0,104,0,0,0,104
12/16/2021,JAC,WY,ANM,WE,Federal Contract Tower,35,42,21,0,98,0,0,5,0,5,35,42,26,0,103,0,0,0,103
12/17/2021,JAC,WY,ANM,WE,Federal Contract Tower,32,72,41,0,145,0,2,4,0,6,32,74,45,0,151,0,0,0,151
12/18/2021,JAC,WY,ANM,WE,Federal Contract Tower,54,64,50,0,168,0,0,0,0,0,54,64,50,0,168,0,0,0,168
12/19/2021,JAC,WY,ANM,WE,Federal Contract Tower,49,68,48,0,165,0,5,0,0,5,49,73,48,0,170,0,0,0,170
12/20/2021,JAC,WY,ANM,WE,Federal Contract Tower,43,53,29,4,129,0,1,3,0,4,43,54,32,4,133,0,0,0,133
12/21/2021,JAC,WY,ANM,WE,Federal Contract Tower,43,41,28,0,112,0,2,16,0,18,43,43,44,0,130,0,0,0,130
12/22/2021,JAC,WY,ANM,WE,Federal Contract Tower,44,56,50,0,150,0,0,3,0,3,44,56,53,0,153,0,0,0,153
12/23/2021,JAC,WY,ANM,WE,Federal Contract Tower,49,27,30,0,106,0,0,0,0,0,49,27,30,0,106,0,0,0,106
12/24/2021,JAC,WY,ANM,WE,Federal Contract Tower,40,23,25,0,88,0,0,0,0,0,40,23,25,0,88,0,0,0,88
12/25/2021,JAC,WY,ANM,WE,Federal Contract Tower,44,35,9,0,88,0,0,0,0,0,44,35,9,0,88,0,0,0,88
12/26/2021,JAC,WY,ANM,WE,Federal Contract Tower,39,50,56,2,147,0,0,0,0,0,39,50,56,2,147,0,0,0,147
12/27/2021,JAC,WY,ANM,WE,Federal Contract Tower,30,43,48,0,121,0,0,0,0,0,30,43,48,0,121,0,0,0,121
12/28/2021,JAC,WY,ANM,WE,Federal Contract Tower,42,53,32,0,127,0,0,4,0,4,42,53,36,0,131,0,0,0,131
12/29/2021,JAC,WY,ANM,WE,Federal Contract Tower,37,33,32,0,102,0,0,0,0,0,37,33,32,0,102,0,0,0,102
12/30/2021,JAC,WY,ANM,WE,Federal Contract Tower,38,48,35,0,121,0,0,0,0,0,38,48,35,0,121,0,0,0,121
12/31/2021,JAC,WY,ANM,WE,Federal Contract Tower,27,36,24,0,87,0,0,1,0,1,27,36,25,0,88,0,0,0,88
01/01/2022,JAC,WY,ANM,WE,Federal Contract Tower,36,71,40,0,147,0,0,5,0,5,36,71,45,0,152,0,0,0,152
01/02/2022,JAC,WY,ANM,WE,Federal Contract Tower,42,46,73,2,163,0,0,5,0,5,42,46,78,2,168,0,0,0,168
01/03/2022,JAC,WY,ANM,WE,Federal Contract Tower,41,52,44,0,137,0,4,11,0,15,41,56,55,0,152,0,0,0,152
01/04/2022,JAC,WY,ANM,WE,Federal Contract Tower,22,34,18,0,74,0,0,0,0,0,22,34,18,0,74,0,0,0,74
01/05/2022,JAC,WY,ANM,WE,Federal Contract Tower,19,24,17,0,60,0,0,0,0,0,19,24,17,0,60,0,0,0,60
01/06/2022,JAC,WY,ANM,WE,Federal Contract Tower,32,23,4,0,59,0,0,0,0,0,32,23,4,0,59,0,0,0,59
01/07/2022,JAC,WY,ANM,WE,Federal Contract Tower,32,33,17,0,82,0,1,0,0,1,32,34,17,0,83,0,0,0,83
01/08/2022,JAC,WY,ANM,WE,Federal Contract Tower,36,37,26,0,99,0,0,1,0,1,36,37,27,0,100,0,0,0,100
01/09/2022,JAC,WY,ANM,WE,Federal Contract Tower,37,40,31,1,109,0,0,0,0,0,37,40,31,1,109,0,0,0,109
01/10/2022,JAC,WY,ANM,WE,Federal Contract Tower,33,34,25,0,92,0,1,7,0,8,33,35,32,0,100,0,0,0,100
01/11/2022,JAC,WY,ANM,WE,Federal Contract Tower,27,26,14,0,67,0,0,9,0,9,27,26,23,0,76,0,0,0,76
01/12/2022,JAC,WY,ANM,WE,Federal Contract Tower,29,35,23,0,87,0,0,9,0,9,29,35,32,0,96,0,0,0,96
01/13/2022,JAC,WY,ANM,WE,Federal Contract Tower,32,54,35,0,121,0,0,3,0,3,32,54,38,0,124,0,0,0,124
01/14/2022,JAC,WY,ANM,WE,Federal Contract Tower,31,39,31,5,106,0,1,9,0,10,31,40,40,5,116,0,0,0,116
01/15/2022,JAC,WY,ANM,WE,Federal Contract Tower,45,16,10,0,71,1,0,6,0,7,46,16,16,0,78,0,0,0,78
01/16/2022,JAC,WY,ANM,WE,Federal Contract Tower,44,27,13,0,84,0,0,10,2,12,44,27,23,2,96,0,0,0,96
01/17/2022,JAC,WY,ANM,WE,Federal Contract Tower,33,47,44,2,126,0,1,3,0,4,33,48,47,2,130,0,0,0,130
01/18/2022,JAC,WY,ANM,WE,Federal Contract Tower,25,20,24,2,71,0,0,7,0,7,25,20,31,2,78,0,0,0,78
01/19/2022,JAC,WY,ANM,WE,Federal Contract Tower,29,27,22,0,78,0,0,2,0,2,29,27,24,0,80,0,0,0,80
01/20/2022,JAC,WY,ANM,WE,Federal Contract Tower,27,26,37,0,90,0,0,0,0,0,27,26,37,0,90,0,0,0,90
01/21/2022,JAC,WY,ANM,WE,Federal Contract Tower,36,33,31,1,101,0,1,1,0,2,36,34,32,1,103,0,0,0,103
01/22/2022,JAC,WY,ANM,WE,Federal Contract Tower,44,19,28,0,91,0,0,7,0,7,44,19,35,0,98,0,0,0,98
01/23/2022,JAC,WY,ANM,WE,Federal Contract Tower,37,37,49,0,123,0,2,9,0,11,37,39,58,0,134,0,0,0,134
01/24/2022,JAC,WY,ANM,WE,Federal Contract Tower,31,26,21,0,78,0,0,0,0,0,31,26,21,0,78,0,0,0,78
01/25/2022,JAC,WY,ANM,WE,Federal Contract Tower,27,22,20,2,71,0,0,5,0,5,27,22,25,2,76,0,0,0,76
01/26/2022,JAC,WY,ANM,WE,Federal Contract Tower,29,31,27,0,87,0,2,5,0,7,29,33,32,0,94,0,0,0,94
01/27/2022,JAC,WY,ANM,WE,Federal Contract Tower,32,33,23,0,88,0,0,8,2,10,32,33,31,2,98,0,0,0,98
01/28/2022,JAC,WY,ANM,WE,Federal Contract Tower,31,34,24,0,89,0,0,13,0,13,31,34,37,0,102,0,0,0,102
01/29/2022,JAC,WY,ANM,WE,Federal Contract Tower,44,22,19,0,85,0,0,6,0,6,44,22,25,0,91,0,0,0,91
01/30/2022,JAC,WY,ANM,WE,Federal Contract Tower,40,41,35,0,116,0,2,10,0,12,40,43,45,0,128,0,0,0,128
01/31/2022,JAC,WY,ANM,WE,Federal Contract Tower,32,35,25,0,92,0,0,0,0,0,32,35,25,0,92,0,0,0,92
02/01/2022,JAC,WY,ANM,WE,Federal Contract Tower,26,27,21,0,74,0,0,3,0,3,26,27,24,0,77,0,0,0,77
02/02/2022,JAC,WY,ANM,WE,Federal Contract Tower,28,30,15,0,73,0,1,0,0,1,28,31,15,0,74,0,0,0,74
02/03/2022,JAC,WY,ANM,WE,Federal Contract Tower,30,34,25,0,89,0,0,0,0,0,30,34,25,0,89,0,0,0,89
02/04/2022,JAC,WY,ANM,WE,Federal Contract Tower,29,39,18,0,86,0,0,10,0,10,29,39,28,0,96,0,0,0,96
02/05/2022,JAC,WY,ANM,WE,Federal Contract Tower,35,19,21,0,75,0,0,0,0,0,35,19,21,0,75,0,0,0,75
02/06/2022,JAC,WY,ANM,WE,Federal Contract Tower,39,42,37,0,118,0,0,4,0,4,39,42,41,0,122,0,0,0,122
02/07/2022,JAC,WY,ANM,WE,Federal Contract Tower,32,39,30,0,101,0,0,8,0,8,32,39,38,0,109,0,0,0,109
02/08/2022,JAC,WY,ANM,WE,Federal Contract Tower,26,30,23,0,79,0,1,12,0,13,26,31,35,0,92,0,0,0,92
02/09/2022,JAC,WY,ANM,WE,Federal Contract Tower,30,41,26,0,97,0,0,3,0,3,30,41,29,0,100,0,0,0,100
02/10/2022,JAC,WY,ANM,WE,Federal Contract Tower,31,49,26,0,106,0,0,2,0,2,31,49,28,0,108,0,0,0,108
02/11/2022,JAC,WY,ANM,WE,Federal Contract Tower,33,40,57,0,130,0,0,5,0,5,33,40,62,0,135,0,0,0,135
02/12/2022,JAC,WY,ANM,WE,Federal Contract Tower,49,29,18,0,96,0,1,7,0,8,49,30,25,0,104,0,0,0,104
02/13/2022,JAC,WY,ANM,WE,Federal Contract Tower,45,34,27,0,106,0,3,18,0,21,45,37,45,0,127,0,0,0,127
02/14/2022,JAC,WY,ANM,WE,Federal Contract Tower,34,38,31,1,104,0,2,6,1,9,34,40,37,2,113,0,0,0,113
02/15/2022,JAC,WY,ANM,WE,Federal Contract Tower,30,40,30,0,100,0,0,1,0,1,30,40,31,0,101,0,0,0,101
02/16/2022,JAC,WY,ANM,WE,Federal Contract Tower,31,40,39,0,110,0,0,2,0,2,31,40,41,0,112,0,0,0,112
02/17/2022,JAC,WY,ANM,WE,Federal Contract Tower,34,55,51,0,140,0,0,6,0,6,34,55,57,0,146,4,0,4,150
02/18/2022,JAC,WY,ANM,WE,Federal Contract Tower,46,42,52,0,140,0,0,6,0,6,46,42,58,0,146,0,0,0,146
02/19/2022,JAC,WY,ANM,WE,Federal Contract Tower,48,50,28,0,126,0,0,3,0,3,48,50,31,0,129,0,0,0,129
02/20/2022,JAC,WY,ANM,WE,Federal Contract Tower,47,35,27,0,109,0,0,1,0,1,47,35,28,0,110,0,0,0,110
02/21/2022,JAC,WY,ANM,WE,Federal Contract Tower,38,42,53,0,133,0,0,1,0,1,38,42,54,0,134,0,0,0,134
02/22/2022,JAC,WY,ANM,WE,Federal Contract Tower,30,43,37,0,110,0,0,3,0,3,30,43,40,0,113,0,0,0,113
02/23/2022,JAC,WY,ANM,WE,Federal Contract Tower,34,43,35,0,112,1,1,2,0,4,35,44,37,0,116,0,0,0,116
02/24/2022,JAC,WY,ANM,WE,Federal Contract Tower,27,32,28,0,87,0,0,0,0,0,27,32,28,0,87,0,0,0,87
02/25/2022,JAC,WY,ANM,WE,Federal Contract Tower,34,27,27,0,88,0,0,14,0,14,34,27,41,0,102,0,0,0,102
02/26/2022,JAC,WY,ANM,WE,Federal Contract Tower,51,63,17,0,131,0,0,3,0,3,51,63,20,0,134,0,0,0,134
02/27/2022,JAC,WY,ANM,WE,Federal Contract Tower,46,55,39,0,140,0,0,6,0,6,46,55,45,0,146,0,0,0,146
02/28/2022,JAC,WY,ANM,WE,Federal Contract Tower,35,44,27,0,106,0,0,1,0,1,35,44,28,0,107,0,0,0,107
03/01/2022,JAC,WY,ANM,WE,Federal Contract Tower,31,36,26,0,93,0,0,6,0,6,31,36,32,0,99,0,0,0,99
03/02/2022,JAC,WY,ANM,WE,Federal Contract Tower,35,33,34,0,102,1,0,9,0,10,36,33,43,0,112,0,0,0,112
03/03/2022,JAC,WY,ANM,WE,Federal Contract Tower,40,29,24,0,93,0,0,16,0,16,40,29,40,0,109,2,0,2,111
03/04/2022,JAC,WY,ANM,WE,Federal Contract Tower,46,49,40,0,135,0,1,4,0,5,46,50,44,0,140,0,0,0,140
03/05/2022,JAC,WY,ANM,WE,Federal Contract Tower,43,26,22,0,91,0,0,0,0,0,43,26,22,0,91,0,0,0,91
03/06/2022,JAC,WY,ANM,WE,Federal Contract Tower,48,27,44,0,119,0,0,1,0,1,48,27,45,0,120,0,0,0,120
03/07/2022,JAC,WY,ANM,WE,Federal Contract Tower,43,43,30,0,116,0,0,5,0,5,43,43,35,0,121,0,0,0,121
03/08/2022,JAC,WY,ANM,WE,Federal Contract Tower,39,17,16,0,72,0,0,0,0,0,39,17,16,0,72,0,0,0,72
03/09/2022,JAC,WY,ANM,WE,Federal Contract Tower,40,20,24,0,84,0,0,5,0,5,40,20,29,0,89,0,0,0,89
03/10/2022,JAC,WY,ANM,WE,Federal Contract Tower,44,22,39,0,105,0,1,9,0,10,44,23,48,0,115,4,0,4,119
03/11/2022,JAC,WY,ANM,WE,Federal Contract Tower,47,30,34,0,111,0,0,0,0,0,47,30,34,0,111,0,0,0,111
03/12/2022,JAC,WY,ANM,WE,Federal Contract Tower,50,63,29,0,142,0,0,19,0,19,50,63,48,0,161,0,0,0,161
03/13/2022,JAC,WY,ANM,WE,Federal Contract Tower,46,44,30,0,120,0,0,1,0,1,46,44,31,0,121,0,0,0,121
03/14/2022,JAC,WY,ANM,WE,Federal Contract Tower,42,39,24,2,107,1,0,9,0,10,43,39,33,2,117,0,0,0,117
03/15/2022,JAC,WY,ANM,WE,Federal Contract Tower,38,24,30,0,92,0,0,4,0,4,38,24,34,0,96,2,0,2,98
03/16/2022,JAC,WY,ANM,WE,Federal Contract Tower,38,27,30,0,95,0,0,1,0,1,38,27,31,0,96,0,0,0,96
03/17/2022,JAC,WY,ANM,WE,Federal Contract Tower,43,35,23,0,101,0,0,16,0,16,43,35,39,0,117,0,0,0,117
03/18/2022,JAC,WY,ANM,WE,Federal Contract Tower,42,34,22,0,98,0,0,10,0,10,42,34,32,0,108,0,0,0,108
03/19/2022,JAC,WY,ANM,WE,Federal Contract Tower,55,64,48,0,167,0,0,18,2,20,55,64,66,2,187,6,0,6,193
03/20/2022,JAC,WY,ANM,WE,Federal Contract Tower,46,51,28,0,125,0,0,2,0,2,46,51,30,0,127,0,0,0,127
03/21/2022,JAC,WY,ANM,WE,Federal Contract Tower,41,30,15,0,86,0,0,10,0,10,41,30,25,0,96,0,0,0,96
03/22/2022,JAC,WY,ANM,WE,Federal Contract Tower,35,28,18,0,81,0,0,0,0,0,35,28,18,0,81,0,0,0,81
03/23/2022,JAC,WY,ANM,WE,Federal Contract Tower,43,31,23,0,97,0,1,13,0,14,43,32,36,0,111,0,0,0,111
03/24/2022,JAC,WY,ANM,WE,Federal Contract Tower,44,42,31,0,117,0,0,29,0,29,44,42,60,0,146,0,0,0,146
03/25/2022,JAC,WY,ANM,WE,Federal Contract Tower,95,29,23,4,151,0,0,20,1,21,95,29,43,5,172,2,2,4,176
03/26/2022,JAC,WY,ANM,WE,Federal Contract Tower,50,30,23,0,103,0,0,0,0,0,50,30,23,0,103,0,0,0,103
03/27/2022,JAC,WY,ANM,WE,Federal Contract Tower,32,49,38,0,119,0,1,4,0,5,32,50,42,0,124,0,0,0,124
03/28/2022,JAC,WY,ANM,WE,Federal Contract Tower,29,22,24,0,75,0,1,5,0,6,29,23,29,0,81,0,0,0,81
03/29/2022,JAC,WY,ANM,WE,Federal Contract Tower,24,30,15,0,69,0,0,1,0,1,24,30,16,0,70,0,0,0,70
03/30/2022,JAC,WY,ANM,WE,Federal Contract Tower,30,17,17,0,64,0,0,27,0,27,30,17,44,0,91,0,0,0,91
03/31/2022,JAC,WY,ANM,WE,Federal Contract Tower,29,30,15,0,74,0,0,2,0,2,29,30,17,0,76,0,0,0,76
04/01/2022,JAC,WY,ANM,WE,Federal Contract Tower,26,24,10,2,62,0,2,18,6,26,26,26,28,8,88,0,0,0,88
04/02/2022,JAC,WY,ANM,WE,Federal Contract Tower,29,12,8,0,49,0,5,2,2,9,29,17,10,2,58,0,0,0,58
04/03/2022,JAC,WY,ANM,WE,Federal Contract Tower,30,11,23,0,64,0,0,6,0,6,30,11,29,0,70,0,0,0,70
04/04/2022,JAC,WY,ANM,WE,Federal Contract Tower,24,15,14,0,53,0,0,4,0,4,24,15,18,0,57,0,0,0,57
04/05/2022,JAC,WY,ANM,WE,Federal Contract Tower,10,26,8,0,44,0,0,0,0,0,10,26,8,0,44,0,0,0,44
04/06/2022,JAC,WY,ANM,WE,Federal Contract Tower,15,29,19,0,63,0,0,0,0,0,15,29,19,0,63,0,0,0,63
04/07/2022,JAC,WY,ANM,WE,Federal Contract Tower,12,18,18,2,50,0,0,5,0,5,12,18,23,2,55,0,0,0,55
04/08/2022,JAC,WY,ANM,WE,Federal Contract Tower,13,17,18,0,48,0,0,0,0,0,13,17,18,0,48,0,0,0,48
04/09/2022,JAC,WY,ANM,WE,Federal Contract Tower,16,23,14,2,55,0,7,3,0,10,16,30,17,2,65,0,0,0,65
04/10/2022,JAC,WY,ANM,WE,Federal Contract Tower,14,27,22,0,63,0,0,0,0,0,14,27,22,0,63,0,0,0,63
04/11/2022,JAC,WY,ANM,WE,Federal Contract Tower,0,0,0,0,0,0,0,0,0,0,0,0,0,0,0,0,0,0,0
04/12/2022,JAC,WY,ANM,WE,Federal Contract Tower,0,0,0,0,0,0,0,0,0,0,0,0,0,0,0,0,0,0,0
04/13/2022,JAC,WY,ANM,WE,Federal Contract Tower,0,0,0,0,0,0,0,0,0,0,0,0,0,0,0,0,0,0,0
04/14/2022,JAC,WY,ANM,WE,Federal Contract Tower,0,0,0,0,0,0,0,0,0,0,0,0,0,0,0,0,0,0,0
04/15/2022,JAC,WY,ANM,WE,Federal Contract Tower,0,0,0,0,0,0,0,0,0,0,0,0,0,0,0,0,0,0,0
04/16/2022,JAC,WY,ANM,WE,Federal Contract Tower,0,0,0,0,0,0,0,0,0,0,0,0,0,0,0,0,0,0,0
04/17/2022,JAC,WY,ANM,WE,Federal Contract Tower,0,0,0,0,0,0,0,0,0,0,0,0,0,0,0,0,0,0,0
04/18/2022,JAC,WY,ANM,WE,Federal Contract Tower,0,0,0,0,0,0,0,0,0,0,0,0,0,0,0,0,0,0,0
04/19/2022,JAC,WY,ANM,WE,Federal Contract Tower,0,0,0,0,0,0,0,0,0,0,0,0,0,0,0,0,0,0,0
04/20/2022,JAC,WY,ANM,WE,Federal Contract Tower,0,0,0,0,0,0,0,0,0,0,0,0,0,0,0,0,0,0,0
04/21/2022,JAC,WY,ANM,WE,Federal Contract Tower,0,0,0,0,0,0,0,0,0,0,0,0,0,0,0,0,0,0,0
04/22/2022,JAC,WY,ANM,WE,Federal Contract Tower,0,0,0,0,0,0,0,0,0,0,0,0,0,0,0,0,0,0,0
04/23/2022,JAC,WY,ANM,WE,Federal Contract Tower,0,0,0,0,0,0,0,0,0,0,0,0,0,0,0,0,0,0,0
04/24/2022,JAC,WY,ANM,WE,Federal Contract Tower,0,0,0,0,0,0,0,0,0,0,0,0,0,0,0,0,0,0,0
04/25/2022,JAC,WY,ANM,WE,Federal Contract Tower,0,0,0,0,0,0,0,0,0,0,0,0,0,0,0,0,0,0,0
04/26/2022,JAC,WY,ANM,WE,Federal Contract Tower,0,0,0,0,0,0,0,0,0,0,0,0,0,0,0,0,0,0,0
04/27/2022,JAC,WY,ANM,WE,Federal Contract Tower,0,0,0,0,0,0,0,0,0,0,0,0,0,0,0,0,0,0,0
04/28/2022,JAC,WY,ANM,WE,Federal Contract Tower,0,0,0,0,0,0,0,0,0,0,0,0,0,0,0,0,0,0,0
04/29/2022,JAC,WY,ANM,WE,Federal Contract Tower,0,0,0,0,0,0,0,0,0,0,0,0,0,0,0,0,0,0,0
04/30/2022,JAC,WY,ANM,WE,Federal Contract Tower,0,0,0,0,0,0,0,0,0,0,0,0,0,0,0,0,0,0,0
05/01/2022,JAC,WY,ANM,WE,Federal Contract Tower,0,0,0,0,0,0,0,0,0,0,0,0,0,0,0,0,0,0,0
05/02/2022,JAC,WY,ANM,WE,Federal Contract Tower,0,0,0,0,0,0,0,0,0,0,0,0,0,0,0,0,0,0,0
05/03/2022,JAC,WY,ANM,WE,Federal Contract Tower,0,0,0,0,0,0,0,0,0,0,0,0,0,0,0,0,0,0,0
05/04/2022,JAC,WY,ANM,WE,Federal Contract Tower,0,0,0,0,0,0,0,0,0,0,0,0,0,0,0,0,0,0,0
05/05/2022,JAC,WY,ANM,WE,Federal Contract Tower,0,0,0,0,0,0,0,0,0,0,0,0,0,0,0,0,0,0,0
05/06/2022,JAC,WY,ANM,WE,Federal Contract Tower,0,0,0,0,0,0,0,0,0,0,0,0,0,0,0,0,0,0,0
05/07/2022,JAC,WY,ANM,WE,Federal Contract Tower,0,0,0,0,0,0,0,0,0,0,0,0,0,0,0,0,0,0,0
05/08/2022,JAC,WY,ANM,WE,Federal Contract Tower,0,0,0,0,0,0,0,0,0,0,0,0,0,0,0,0,0,0,0
05/09/2022,JAC,WY,ANM,WE,Federal Contract Tower,0,0,0,0,0,0,0,0,0,0,0,0,0,0,0,0,0,0,0
05/10/2022,JAC,WY,ANM,WE,Federal Contract Tower,0,0,0,0,0,0,0,0,0,0,0,0,0,0,0,0,0,0,0
05/11/2022,JAC,WY,ANM,WE,Federal Contract Tower,0,0,0,0,0,0,1,0,0,1,0,1,0,0,1,0,0,0,1
05/12/2022,JAC,WY,ANM,WE,Federal Contract Tower,0,0,0,0,0,0,0,0,0,0,0,0,0,0,0,0,0,0,0
05/13/2022,JAC,WY,ANM,WE,Federal Contract Tower,0,0,0,0,0,0,0,0,0,0,0,0,0,0,0,0,0,0,0
05/14/2022,JAC,WY,ANM,WE,Federal Contract Tower,0,0,0,0,0,0,0,0,0,0,0,0,0,0,0,0,0,0,0
05/15/2022,JAC,WY,ANM,WE,Federal Contract Tower,0,0,0,0,0,0,0,0,0,0,0,0,0,0,0,0,0,0,0
05/16/2022,JAC,WY,ANM,WE,Federal Contract Tower,0,0,0,0,0,0,0,0,0,0,0,0,0,0,0,0,0,0,0
05/17/2022,JAC,WY,ANM,WE,Federal Contract Tower,0,0,0,0,0,0,0,0,0,0,0,0,0,0,0,0,0,0,0
05/18/2022,JAC,WY,ANM,WE,Federal Contract Tower,0,0,0,0,0,0,0,0,0,0,0,0,0,0,0,0,0,0,0
05/19/2022,JAC,WY,ANM,WE,Federal Contract Tower,0,0,0,0,0,0,0,0,0,0,0,0,0,0,0,0,0,0,0
05/20/2022,JAC,WY,ANM,WE,Federal Contract Tower,0,0,0,0,0,0,0,0,0,0,0,0,0,0,0,0,0,0,0
05/21/2022,JAC,WY,ANM,WE,Federal Contract Tower,0,0,0,0,0,0,0,0,0,0,0,0,0,0,0,0,0,0,0
05/22/2022,JAC,WY,ANM,WE,Federal Contract Tower,0,0,0,0,0,0,0,0,0,0,0,0,0,0,0,0,0,0,0
05/23/2022,JAC,WY,ANM,WE,Federal Contract Tower,0,0,0,0,0,0,0,0,0,0,0,0,0,0,0,0,0,0,0
05/24/2022,JAC,WY,ANM,WE,Federal Contract Tower,0,0,0,0,0,0,0,0,0,0,0,0,0,0,0,0,0,0,0
05/25/2022,JAC,WY,ANM,WE,Federal Contract Tower,0,0,0,0,0,0,0,0,0,0,0,0,0,0,0,0,0,0,0
05/26/2022,JAC,WY,ANM,WE,Federal Contract Tower,0,0,0,0,0,0,0,0,0,0,0,0,0,0,0,0,0,0,0
05/27/2022,JAC,WY,ANM,WE,Federal Contract Tower,0,0,0,0,0,0,0,0,0,0,0,0,0,0,0,0,0,0,0
05/28/2022,JAC,WY,ANM,WE,Federal Contract Tower,0,0,0,0,0,0,0,0,0,0,0,0,0,0,0,0,0,0,0
05/29/2022,JAC,WY,ANM,WE,Federal Contract Tower,0,0,0,0,0,0,0,0,0,0,0,0,0,0,0,0,0,0,0
05/30/2022,JAC,WY,ANM,WE,Federal Contract Tower,0,0,0,0,0,0,0,0,0,0,0,0,0,0,0,0,0,0,0
05/31/2022,JAC,WY,ANM,WE,Federal Contract Tower,0,0,0,0,0,0,0,0,0,0,0,0,0,0,0,0,0,0,0
06/01/2022,JAC,WY,ANM,WE,Federal Contract Tower,0,0,0,0,0,0,0,0,0,0,0,0,0,0,0,0,0,0,0
06/02/2022,JAC,WY,ANM,WE,Federal Contract Tower,0,0,0,0,0,0,0,0,0,0,0,0,0,0,0,0,0,0,0
06/03/2022,JAC,WY,ANM,WE,Federal Contract Tower,0,0,0,0,0,0,0,0,0,0,0,0,0,0,0,0,0,0,0
06/04/2022,JAC,WY,ANM,WE,Federal Contract Tower,0,0,0,0,0,0,0,0,0,0,0,0,0,0,0,0,0,0,0
06/05/2022,JAC,WY,ANM,WE,Federal Contract Tower,0,0,0,0,0,0,0,0,0,0,0,0,0,0,0,0,0,0,0
06/06/2022,JAC,WY,ANM,WE,Federal Contract Tower,0,0,0,0,0,0,0,0,0,0,0,0,0,0,0,0,0,0,0
06/07/2022,JAC,WY,ANM,WE,Federal Contract Tower,0,0,0,0,0,0,0,0,0,0,0,0,0,0,0,0,0,0,0
06/08/2022,JAC,WY,ANM,WE,Federal Contract Tower,0,0,0,0,0,0,0,0,0,0,0,0,0,0,0,0,0,0,0
06/09/2022,JAC,WY,ANM,WE,Federal Contract Tower,0,0,0,0,0,0,0,0,0,0,0,0,0,0,0,0,0,0,0
06/10/2022,JAC,WY,ANM,WE,Federal Contract Tower,0,0,0,0,0,0,0,0,0,0,0,0,0,0,0,0,0,0,0
06/11/2022,JAC,WY,ANM,WE,Federal Contract Tower,0,0,0,0,0,0,0,0,0,0,0,0,0,0,0,0,0,0,0
06/12/2022,JAC,WY,ANM,WE,Federal Contract Tower,0,0,0,0,0,0,0,0,0,0,0,0,0,0,0,0,0,0,0
06/13/2022,JAC,WY,ANM,WE,Federal Contract Tower,0,0,0,0,0,0,0,0,0,0,0,0,0,0,0,0,0,0,0
06/14/2022,JAC,WY,ANM,WE,Federal Contract Tower,0,0,0,0,0,0,0,0,0,0,0,0,0,0,0,0,0,0,0
06/15/2022,JAC,WY,ANM,WE,Federal Contract Tower,0,0,0,0,0,0,0,0,0,0,0,0,0,0,0,0,0,0,0
06/16/2022,JAC,WY,ANM,WE,Federal Contract Tower,0,0,0,0,0,0,0,0,0,0,0,0,0,0,0,0,0,0,0
06/17/2022,JAC,WY,ANM,WE,Federal Contract Tower,0,0,0,0,0,0,0,0,0,0,0,0,0,0,0,0,0,0,0
06/18/2022,JAC,WY,ANM,WE,Federal Contract Tower,0,0,0,0,0,0,0,0,0,0,0,0,0,0,0,0,0,0,0
06/19/2022,JAC,WY,ANM,WE,Federal Contract Tower,0,0,0,0,0,0,0,0,0,0,0,0,0,0,0,0,0,0,0
06/20/2022,JAC,WY,ANM,WE,Federal Contract Tower,0,0,0,0,0,0,0,0,0,0,0,0,0,0,0,0,0,0,0
06/21/2022,JAC,WY,ANM,WE,Federal Contract Tower,0,0,0,0,0,0,0,0,0,0,0,0,0,0,0,0,0,0,0
06/22/2022,JAC,WY,ANM,WE,Federal Contract Tower,0,0,0,0,0,0,1,0,0,1,0,1,0,0,1,6,0,6,7
06/23/2022,JAC,WY,ANM,WE,Federal Contract Tower,0,0,0,0,0,0,0,0,4,4,0,0,0,4,4,0,26,26,30
06/24/2022,JAC,WY,ANM,WE,Federal Contract Tower,0,0,0,0,0,0,0,0,5,5,0,0,0,5,5,0,2,2,7
06/25/2022,JAC,WY,ANM,WE,Federal Contract Tower,0,0,0,0,0,0,0,0,0,0,0,0,0,0,0,0,0,0,0
06/26/2022,JAC,WY,ANM,WE,Federal Contract Tower,0,0,0,0,0,0,0,0,0,0,0,0,0,0,0,0,0,0,0
06/27/2022,JAC,WY,ANM,WE,Federal Contract Tower,0,0,0,0,0,0,0,0,0,0,0,0,0,0,0,0,0,0,0
06/28/2022,JAC,WY,ANM,WE,Federal Contract Tower,31,24,22,0,77,0,1,18,1,20,31,25,40,1,97,0,0,0,97
06/29/2022,JAC,WY,ANM,WE,Federal Contract Tower,43,32,36,0,111,0,0,13,0,13,43,32,49,0,124,0,0,0,124
06/30/2022,JAC,WY,ANM,WE,Federal Contract Tower,39,35,37,0,111,0,0,23,0,23,39,35,60,0,134,0,0,0,134
07/01/2022,JAC,WY,ANM,WE,Federal Contract Tower,36,43,44,0,123,1,0,15,0,16,37,43,59,0,139,0,0,0,139
07/02/2022,JAC,WY,ANM,WE,Federal Contract Tower,53,44,21,0,118,0,2,16,1,19,53,46,37,1,137,0,0,0,137
07/03/2022,JAC,WY,ANM,WE,Federal Contract Tower,44,28,12,1,85,0,0,13,0,13,44,28,25,1,98,10,0,10,108
07/04/2022,JAC,WY,ANM,WE,Federal Contract Tower,41,32,16,0,89,3,1,14,0,18,44,33,30,0,107,0,0,0,107
07/05/2022,JAC,WY,ANM,WE,Federal Contract Tower,38,41,44,0,123,0,0,23,1,24,38,41,67,1,147,0,0,0,147
07/06/2022,JAC,WY,ANM,WE,Federal Contract Tower,37,28,21,0,86,1,1,32,0,34,38,29,53,0,120,0,0,0,120
07/07/2022,JAC,WY,ANM,WE,Federal Contract Tower,39,29,36,0,104,0,0,13,0,13,39,29,49,0,117,0,0,0,117
07/08/2022,JAC,WY,ANM,WE,Federal Contract Tower,43,48,29,0,120,0,1,14,0,15,43,49,43,0,135,0,0,0,135
07/09/2022,JAC,WY,ANM,WE,Federal Contract Tower,52,43,33,0,128,0,1,15,1,17,52,44,48,1,145,0,0,0,145
07/10/2022,JAC,WY,ANM,WE,Federal Contract Tower,44,62,42,0,148,0,0,9,0,9,44,62,51,0,157,0,0,0,157
07/11/2022,JAC,WY,ANM,WE,Federal Contract Tower,41,42,40,0,123,0,0,27,0,27,41,42,67,0,150,0,0,0,150
07/12/2022,JAC,WY,ANM,WE,Federal Contract Tower,40,28,45,0,113,0,2,23,0,25,40,30,68,0,138,0,0,0,138
07/13/2022,JAC,WY,ANM,WE,Federal Contract Tower,43,30,27,0,100,0,1,8,0,9,43,31,35,0,109,0,0,0,109
07/14/2022,JAC,WY,ANM,WE,Federal Contract Tower,41,41,39,0,121,0,0,15,0,15,41,41,54,0,136,0,0,0,136
07/15/2022,JAC,WY,ANM,WE,Federal Contract Tower,42,40,29,0,111,0,0,22,0,22,42,40,51,0,133,4,0,4,137
07/16/2022,JAC,WY,ANM,WE,Federal Contract Tower,54,55,37,0,146,0,0,26,0,26,54,55,63,0,172,0,0,0,172
07/17/2022,JAC,WY,ANM,WE,Federal Contract Tower,49,55,44,0,148,0,0,30,0,30,49,55,74,0,178,0,0,0,178
07/18/2022,JAC,WY,ANM,WE,Federal Contract Tower,41,33,33,0,107,1,0,13,0,14,42,33,46,0,121,0,0,0,121
07/19/2022,JAC,WY,ANM,WE,Federal Contract Tower,42,51,21,1,115,0,1,17,2,20,42,52,38,3,135,0,0,0,135
07/20/2022,JAC,WY,ANM,WE,Federal Contract Tower,41,42,31,0,114,0,0,15,0,15,41,42,46,0,129,0,0,0,129
07/21/2022,JAC,WY,ANM,WE,Federal Contract Tower,41,48,33,0,122,0,0,21,0,21,41,48,54,0,143,0,0,0,143
07/22/2022,JAC,WY,ANM,WE,Federal Contract Tower,44,33,39,0,116,0,0,10,0,10,44,33,49,0,126,0,0,0,126
07/23/2022,JAC,WY,ANM,WE,Federal Contract Tower,51,50,29,0,130,0,1,21,3,25,51,51,50,3,155,0,0,0,155
07/24/2022,JAC,WY,ANM,WE,Federal Contract Tower,46,79,42,0,167,0,0,20,0,20,46,79,62,0,187,0,0,0,187
07/25/2022,JAC,WY,ANM,WE,Federal Contract Tower,42,53,20,0,115,0,0,15,0,15,42,53,35,0,130,0,0,0,130
07/26/2022,JAC,WY,ANM,WE,Federal Contract Tower,42,38,35,0,115,0,0,24,0,24,42,38,59,0,139,0,0,0,139
07/27/2022,JAC,WY,ANM,WE,Federal Contract Tower,41,41,35,0,117,0,0,15,2,17,41,41,50,2,134,0,0,0,134
07/28/2022,JAC,WY,ANM,WE,Federal Contract Tower,43,45,40,0,128,0,0,14,0,14,43,45,54,0,142,0,0,0,142
07/29/2022,JAC,WY,ANM,WE,Federal Contract Tower,42,50,37,0,129,0,0,13,0,13,42,50,50,0,142,0,0,0,142
07/30/2022,JAC,WY,ANM,WE,Federal Contract Tower,56,48,25,2,131,0,1,20,0,21,56,49,45,2,152,0,0,0,152
07/31/2022,JAC,WY,ANM,WE,Federal Contract Tower,46,83,52,0,181,0,0,15,0,15,46,83,67,0,196,0,0,0,196
08/01/2022,JAC,WY,ANM,WE,Federal Contract Tower,42,55,31,0,128,0,0,20,0,20,42,55,51,0,148,0,0,0,148
08/02/2022,JAC,WY,ANM,WE,Federal Contract Tower,40,46,34,0,120,0,0,7,0,7,40,46,41,0,127,0,0,0,127
08/03/2022,JAC,WY,ANM,WE,Federal Contract Tower,42,67,44,0,153,0,1,10,0,11,42,68,54,0,164,0,0,0,164
08/04/2022,JAC,WY,ANM,WE,Federal Contract Tower,45,44,39,0,128,0,0,14,2,16,45,44,53,2,144,0,0,0,144
08/05/2022,JAC,WY,ANM,WE,Federal Contract Tower,42,33,24,0,99,0,0,0,0,0,42,33,24,0,99,0,0,0,99
08/06/2022,JAC,WY,ANM,WE,Federal Contract Tower,51,55,37,1,144,0,0,0,0,0,51,55,37,1,144,0,0,0,144
08/07/2022,JAC,WY,ANM,WE,Federal Contract Tower,50,53,70,0,173,0,1,8,0,9,50,54,78,0,182,0,0,0,182
08/08/2022,JAC,WY,ANM,WE,Federal Contract Tower,41,32,32,0,105,0,0,15,0,15,41,32,47,0,120,0,0,0,120
08/09/2022,JAC,WY,ANM,WE,Federal Contract Tower,39,49,33,0,121,0,0,21,0,21,39,49,54,0,142,0,0,0,142
08/10/2022,JAC,WY,ANM,WE,Federal Contract Tower,42,30,38,0,110,0,0,13,0,13,42,30,51,0,123,0,0,0,123
08/11/2022,JAC,WY,ANM,WE,Federal Contract Tower,44,54,49,0,147,0,0,13,0,13,44,54,62,0,160,0,0,0,160
08/12/2022,JAC,WY,ANM,WE,Federal Contract Tower,42,37,26,0,105,0,0,13,0,13,42,37,39,0,118,0,0,0,118
08/13/2022,JAC,WY,ANM,WE,Federal Contract Tower,51,45,34,0,130,0,0,36,1,37,51,45,70,1,167,0,0,0,167
08/14/2022,JAC,WY,ANM,WE,Federal Contract Tower,43,51,48,0,142,0,0,15,0,15,43,51,63,0,157,0,0,0,157
08/15/2022,JAC,WY,ANM,WE,Federal Contract Tower,44,46,27,0,117,0,0,0,0,0,44,46,27,0,117,0,0,0,117
08/16/2022,JAC,WY,ANM,WE,Federal Contract Tower,41,38,32,0,111,0,0,20,8,28,41,38,52,8,139,0,0,0,139
08/17/2022,JAC,WY,ANM,WE,Federal Contract Tower,44,49,35,0,128,0,3,19,0,22,44,52,54,0,150,6,8,14,164
08/18/2022,JAC,WY,ANM,WE,Federal Contract Tower,40,50,48,0,138,0,0,25,0,25,40,50,73,0,163,2,0,2,165
08/19/2022,JAC,WY,ANM,WE,Federal Contract Tower,41,43,30,1,115,0,0,10,0,10,41,43,40,1,125,0,0,0,125
08/20/2022,JAC,WY,ANM,WE,Federal Contract Tower,53,42,23,0,118,0,1,38,0,39,53,43,61,0,157,2,0,2,159
08/21/2022,JAC,WY,ANM,WE,Federal Contract Tower,43,77,44,1,165,0,0,16,0,16,43,77,60,1,181,0,0,0,181
08/22/2022,JAC,WY,ANM,WE,Federal Contract Tower,41,27,23,2,93,0,0,18,0,18,41,27,41,2,111,0,0,0,111
08/23/2022,JAC,WY,ANM,WE,Federal Contract Tower,40,34,16,0,90,0,1,27,0,28,40,35,43,0,118,0,0,0,118
08/24/2022,JAC,WY,ANM,WE,Federal Contract Tower,43,38,35,0,116,0,1,25,2,28,43,39,60,2,144,0,0,0,144
08/25/2022,JAC,WY,ANM,WE,Federal Contract Tower,42,48,25,0,115,0,1,7,0,8,42,49,32,0,123,0,0,0,123
08/26/2022,JAC,WY,ANM,WE,Federal Contract Tower,40,43,20,0,103,0,0,8,0,8,40,43,28,0,111,0,0,0,111
08/27/2022,JAC,WY,ANM,WE,Federal Contract Tower,55,34,16,0,105,0,0,19,0,19,55,34,35,0,124,0,0,0,124
08/28/2022,JAC,WY,ANM,WE,Federal Contract Tower,44,51,29,0,124,0,1,21,0,22,44,52,50,0,146,0,0,0,146
08/29/2022,JAC,WY,ANM,WE,Federal Contract Tower,41,21,39,0,101,0,0,8,0,8,41,21,47,0,109,0,0,0,109
08/30/2022,JAC,WY,ANM,WE,Federal Contract Tower,39,35,30,0,104,0,0,13,0,13,39,35,43,0,117,2,0,2,119
08/31/2022,JAC,WY,ANM,WE,Federal Contract Tower,41,38,26,0,105,0,0,8,0,8,41,38,34,0,113,0,0,0,113
09/01/2022,JAC,WY,ANM,WE,Federal Contract Tower,40,67,39,0,146,0,0,12,0,12,40,67,51,0,158,0,0,0,158
09/02/2022,JAC,WY,ANM,WE,Federal Contract Tower,42,49,30,0,121,0,0,9,0,9,42,49,39,0,130,0,0,0,130
09/03/2022,JAC,WY,ANM,WE,Federal Contract Tower,49,27,8,2,86,0,1,9,2,12,49,28,17,4,98,2,0,2,100
09/04/2022,JAC,WY,ANM,WE,Federal Contract Tower,43,30,18,0,91,0,0,9,0,9,43,30,27,0,100,0,0,0,100
09/05/2022,JAC,WY,ANM,WE,Federal Contract Tower,44,45,50,0,139,0,0,0,0,0,44,45,50,0,139,0,0,0,139
09/06/2022,JAC,WY,ANM,WE,Federal Contract Tower,37,51,29,0,117,0,0,10,0,10,37,51,39,0,127,0,0,0,127
09/07/2022,JAC,WY,ANM,WE,Federal Contract Tower,35,38,30,2,105,0,0,26,0,26,35,38,56,2,131,0,0,0,131
09/08/2022,JAC,WY,ANM,WE,Federal Contract Tower,29,34,36,0,99,0,0,0,0,0,29,34,36,0,99,0,0,0,99
09/09/2022,JAC,WY,ANM,WE,Federal Contract Tower,34,30,43,0,107,0,4,18,0,22,34,34,61,0,129,20,0,20,149
09/10/2022,JAC,WY,ANM,WE,Federal Contract Tower,38,37,23,0,98,0,0,12,0,12,38,37,35,0,110,0,0,0,110
09/11/2022,JAC,WY,ANM,WE,Federal Contract Tower,41,43,26,2,112,0,1,16,1,18,41,44,42,3,130,0,2,2,132
09/12/2022,JAC,WY,ANM,WE,Federal Contract Tower,32,34,26,0,92,0,0,26,0,26,32,34,52,0,118,6,0,6,124
09/13/2022,JAC,WY,ANM,WE,Federal Contract Tower,31,31,35,2,99,0,0,13,0,13,31,31,48,2,112,0,0,0,112
09/14/2022,JAC,WY,ANM,WE,Federal Contract Tower,33,45,28,0,106,0,0,5,0,5,33,45,33,0,111,0,0,0,111
09/15/2022,JAC,WY,ANM,WE,Federal Contract Tower,34,60,31,0,125,0,0,13,0,13,34,60,44,0,138,0,0,0,138
09/16/2022,JAC,WY,ANM,WE,Federal Contract Tower,33,54,30,0,117,0,0,1,0,1,33,54,31,0,118,0,0,0,118
09/17/2022,JAC,WY,ANM,WE,Federal Contract Tower,38,39,26,0,103,0,0,11,0,11,38,39,37,0,114,0,0,0,114
09/18/2022,JAC,WY,ANM,WE,Federal Contract Tower,38,46,40,0,124,0,0,7,0,7,38,46,47,0,131,0,0,0,131
09/19/2022,JAC,WY,ANM,WE,Federal Contract Tower,31,35,30,0,96,0,0,17,0,17,31,35,47,0,113,0,0,0,113
09/20/2022,JAC,WY,ANM,WE,Federal Contract Tower,37,23,28,0,88,0,0,12,0,12,37,23,40,0,100,0,0,0,100
09/21/2022,JAC,WY,ANM,WE,Federal Contract Tower,31,42,22,0,95,0,0,4,0,4,31,42,26,0,99,0,0,0,99
09/22/2022,JAC,WY,ANM,WE,Federal Contract Tower,34,43,38,0,115,0,0,0,0,0,34,43,38,0,115,0,0,0,115
09/23/2022,JAC,WY,ANM,WE,Federal Contract Tower,34,29,23,1,87,0,0,37,2,39,34,29,60,3,126,0,0,0,126
09/24/2022,JAC,WY,ANM,WE,Federal Contract Tower,38,26,24,1,89,0,2,22,0,24,38,28,46,1,113,0,0,0,113
09/25/2022,JAC,WY,ANM,WE,Federal Contract Tower,35,40,37,0,112,0,0,8,0,8,35,40,45,0,120,0,0,0,120
09/26/2022,JAC,WY,ANM,WE,Federal Contract Tower,34,35,20,0,89,0,0,0,0,0,34,35,20,0,89,0,0,0,89
09/27/2022,JAC,WY,ANM,WE,Federal Contract Tower,31,21,27,0,79,0,0,22,0,22,31,21,49,0,101,0,0,0,101
09/28/2022,JAC,WY,ANM,WE,Federal Contract Tower,37,22,28,0,87,0,0,24,0,24,37,22,52,0,111,0,0,0,111
09/29/2022,JAC,WY,ANM,WE,Federal Contract Tower,33,35,27,0,95,0,0,5,0,5,33,35,32,0,100,0,0,0,100
09/30/2022,JAC,WY,ANM,WE,Federal Contract Tower,29,32,23,0,84,0,0,7,0,7,29,32,30,0,91,0,0,0,91
10/01/2022,JAC,WY,ANM,WE,Federal Contract Tower,23,16,17,0,56,0,0,1,0,1,23,16,18,0,57,0,0,0,57
10/02/2022,JAC,WY,ANM,WE,Federal Contract Tower,26,30,31,0,87,0,0,0,0,0,26,30,31,0,87,0,0,0,87
10/03/2022,JAC,WY,ANM,WE,Federal Contract Tower,25,23,20,0,68,0,0,5,0,5,25,23,25,0,73,2,0,2,75
10/04/2022,JAC,WY,ANM,WE,Federal Contract Tower,27,24,16,0,67,0,0,17,0,17,27,24,33,0,84,2,0,2,86
10/05/2022,JAC,WY,ANM,WE,Federal Contract Tower,26,23,23,0,72,0,0,15,0,15,26,23,38,0,87,8,0,8,95
10/06/2022,JAC,WY,ANM,WE,Federal Contract Tower,17,29,21,0,67,0,0,20,0,20,17,29,41,0,87,6,0,6,93
10/07/2022,JAC,WY,ANM,WE,Federal Contract Tower,19,36,30,0,85,0,2,15,0,17,19,38,45,0,102,0,0,0,102
10/08/2022,JAC,WY,ANM,WE,Federal Contract Tower,20,25,26,0,71,0,1,29,0,30,20,26,55,0,101,0,0,0,101
10/09/2022,JAC,WY,ANM,WE,Federal Contract Tower,15,26,27,0,68,0,2,16,1,19,15,28,43,1,87,2,0,2,89
10/10/2022,JAC,WY,ANM,WE,Federal Contract Tower,12,45,21,0,78,0,2,12,0,14,12,47,33,0,92,2,0,2,94
10/11/2022,JAC,WY,ANM,WE,Federal Contract Tower,14,29,23,2,68,0,0,19,0,19,14,29,42,2,87,0,0,0,87
10/12/2022,JAC,WY,ANM,WE,Federal Contract Tower,16,33,15,0,64,0,0,5,0,5,16,33,20,0,69,0,0,0,69
10/13/2022,JAC,WY,ANM,WE,Federal Contract Tower,13,29,20,2,64,0,0,15,0,15,13,29,35,2,79,0,0,0,79
10/14/2022,JAC,WY,ANM,WE,Federal Contract Tower,17,28,23,0,68,0,0,11,0,11,17,28,34,0,79,0,0,0,79
10/15/2022,JAC,WY,ANM,WE,Federal Contract Tower,17,31,16,1,65,0,1,10,1,12,17,32,26,2,77,0,0,0,77
10/16/2022,JAC,WY,ANM,WE,Federal Contract Tower,15,30,22,0,67,0,0,12,0,12,15,30,34,0,79,0,0,0,79
10/17/2022,JAC,WY,ANM,WE,Federal Contract Tower,13,45,13,0,71,0,0,8,0,8,13,45,21,0,79,2,0,2,81
10/18/2022,JAC,WY,ANM,WE,Federal Contract Tower,14,32,12,0,58,0,1,16,0,17,14,33,28,0,75,0,0,0,75
10/19/2022,JAC,WY,ANM,WE,Federal Contract Tower,15,26,17,0,58,0,0,15,0,15,15,26,32,0,73,0,0,0,73
10/20/2022,JAC,WY,ANM,WE,Federal Contract Tower,13,41,18,4,76,0,2,14,1,17,13,43,32,5,93,0,0,0,93
10/21/2022,JAC,WY,ANM,WE,Federal Contract Tower,14,20,14,2,50,0,0,10,0,10,14,20,24,2,60,0,0,0,60
10/22/2022,JAC,WY,ANM,WE,Federal Contract Tower,17,20,4,0,41,0,0,0,0,0,17,20,4,0,41,0,0,0,41
10/23/2022,JAC,WY,ANM,WE,Federal Contract Tower,15,27,14,0,56,0,0,0,0,0,15,27,14,0,56,0,0,0,56
10/24/2022,JAC,WY,ANM,WE,Federal Contract Tower,13,25,15,0,53,0,0,0,0,0,13,25,15,0,53,0,0,0,53
10/25/2022,JAC,WY,ANM,WE,Federal Contract Tower,12,22,12,0,46,0,0,0,0,0,12,22,12,0,46,0,0,0,46
10/26/2022,JAC,WY,ANM,WE,Federal Contract Tower,13,23,10,0,46,0,0,0,0,0,13,23,10,0,46,0,0,0,46
10/27/2022,JAC,WY,ANM,WE,Federal Contract Tower,13,30,16,1,60,0,0,7,0,7,13,30,23,1,67,0,0,0,67
10/28/2022,JAC,WY,ANM,WE,Federal Contract Tower,14,12,10,0,36,0,0,0,0,0,14,12,10,0,36,0,0,0,36
10/29/2022,JAC,WY,ANM,WE,Federal Contract Tower,18,12,3,0,33,0,0,11,1,12,18,12,14,1,45,6,2,8,53
10/30/2022,JAC,WY,ANM,WE,Federal Contract Tower,11,23,17,2,53,0,1,4,0,5,11,24,21,2,58,0,0,0,58
10/31/2022,JAC,WY,ANM,WE,Federal Contract Tower,9,10,10,0,29,1,0,4,0,5,10,10,14,0,34,0,0,0,34
11/01/2022,JAC,WY,ANM,WE,Federal Contract Tower,11,21,9,0,41,0,0,5,0,5,11,21,14,0,46,0,0,0,46
11/02/2022,JAC,WY,ANM,WE,Federal Contract Tower,13,18,13,0,44,0,1,1,0,2,13,19,14,0,46,0,0,0,46
11/03/2022,JAC,WY,ANM,WE,Federal Contract Tower,10,16,12,0,38,0,0,4,0,4,10,16,16,0,42,2,0,2,44
11/04/2022,JAC,WY,ANM,WE,Federal Contract Tower,10,24,6,0,40,0,0,0,0,0,10,24,6,0,40,0,0,0,40
11/05/2022,JAC,WY,ANM,WE,Federal Contract Tower,7,8,2,0,17,0,0,0,0,0,7,8,2,0,17,0,0,0,17
11/06/2022,JAC,WY,ANM,WE,Federal Contract Tower,17,26,14,0,57,0,1,1,0,2,17,27,15,0,59,0,0,0,59
11/07/2022,JAC,WY,ANM,WE,Federal Contract Tower,12,20,0,0,32,0,0,0,0,0,12,20,0,0,32,0,0,0,32
11/08/2022,JAC,WY,ANM,WE,Federal Contract Tower,9,13,9,0,31,0,0,0,0,0,9,13,9,0,31,0,0,0,31
11/09/2022,JAC,WY,ANM,WE,Federal Contract Tower,12,14,15,0,41,0,0,2,0,2,12,14,17,0,43,0,0,0,43
11/10/2022,JAC,WY,ANM,WE,Federal Contract Tower,10,23,14,1,48,0,0,0,0,0,10,23,14,1,48,0,0,0,48
11/11/2022,JAC,WY,ANM,WE,Federal Contract Tower,11,18,17,0,46,0,0,1,0,1,11,18,18,0,47,0,0,0,47
11/12/2022,JAC,WY,ANM,WE,Federal Contract Tower,15,21,4,0,40,0,0,3,0,3,15,21,7,0,43,2,0,2,45
11/13/2022,JAC,WY,ANM,WE,Federal Contract Tower,13,12,6,0,31,0,1,1,0,2,13,13,7,0,33,0,0,0,33
11/14/2022,JAC,WY,ANM,WE,Federal Contract Tower,9,19,10,0,38,0,0,4,0,4,9,19,14,0,42,0,0,0,42
11/15/2022,JAC,WY,ANM,WE,Federal Contract Tower,9,8,8,0,25,0,0,5,0,5,9,8,13,0,30,0,0,0,30
11/16/2022,JAC,WY,ANM,WE,Federal Contract Tower,13,21,11,0,45,0,0,2,0,2,13,21,13,0,47,0,0,0,47
11/17/2022,JAC,WY,ANM,WE,Federal Contract Tower,11,14,9,0,34,0,0,2,0,2,11,14,11,0,36,0,0,0,36
11/18/2022,JAC,WY,ANM,WE,Federal Contract Tower,11,20,21,0,52,0,0,9,0,9,11,20,30,0,61,0,0,0,61
11/19/2022,JAC,WY,ANM,WE,Federal Contract Tower,16,13,16,0,45,0,0,9,0,9,16,13,25,0,54,0,0,0,54
11/20/2022,JAC,WY,ANM,WE,Federal Contract Tower,16,18,4,0,38,0,0,5,0,5,16,18,9,0,43,0,0,0,43
11/21/2022,JAC,WY,ANM,WE,Federal Contract Tower,11,19,7,1,38,0,0,3,0,3,11,19,10,1,41,0,0,0,41
11/22/2022,JAC,WY,ANM,WE,Federal Contract Tower,14,26,12,0,52,0,0,1,0,1,14,26,13,0,53,0,0,0,53
11/23/2022,JAC,WY,ANM,WE,Federal Contract Tower,15,32,12,0,59,0,0,0,0,0,15,32,12,0,59,0,0,0,59
11/24/2022,JAC,WY,ANM,WE,Federal Contract Tower,6,1,1,0,8,0,0,1,0,1,6,1,2,0,9,0,0,0,9
11/25/2022,JAC,WY,ANM,WE,Federal Contract Tower,9,13,8,0,30,0,0,8,0,8,9,13,16,0,38,0,0,0,38
11/26/2022,JAC,WY,ANM,WE,Federal Contract Tower,16,20,9,0,45,0,0,0,0,0,16,20,9,0,45,0,0,0,45
11/27/2022,JAC,WY,ANM,WE,Federal Contract Tower,16,27,20,0,63,0,0,0,0,0,16,27,20,0,63,0,0,0,63
11/28/2022,JAC,WY,ANM,WE,Federal Contract Tower,11,18,13,0,42,0,0,0,0,0,11,18,13,0,42,0,0,0,42
11/29/2022,JAC,WY,ANM,WE,Federal Contract Tower,13,19,19,0,51,0,0,0,0,0,13,19,19,0,51,0,0,0,51
11/30/2022,JAC,WY,ANM,WE,Federal Contract Tower,10,20,1,0,31,0,0,0,0,0,10,20,1,0,31,0,0,0,31
12/01/2022,JAC,WY,ANM,WE,Federal Contract Tower,11,20,7,0,38,0,0,0,0,0,11,20,7,0,38,0,0,0,38
12/02/2022,JAC,WY,ANM,WE,Federal Contract Tower,11,28,11,0,50,0,0,0,0,0,11,28,11,0,50,0,0,0,50
12/03/2022,JAC,WY,ANM,WE,Federal Contract Tower,17,14,10,2,43,0,0,11,0,11,17,14,21,2,54,0,0,0,54
12/04/2022,JAC,WY,ANM,WE,Federal Contract Tower,17,13,6,0,36,0,0,0,0,0,17,13,6,0,36,0,0,0,36
12/05/2022,JAC,WY,ANM,WE,Federal Contract Tower,14,15,12,0,41,0,0,0,0,0,14,15,12,0,41,0,0,0,41
12/06/2022,JAC,WY,ANM,WE,Federal Contract Tower,13,24,12,0,49,0,0,0,0,0,13,24,12,0,49,0,0,0,49
12/07/2022,JAC,WY,ANM,WE,Federal Contract Tower,13,27,10,0,50,0,0,4,0,4,13,27,14,0,54,0,0,0,54
12/08/2022,JAC,WY,ANM,WE,Federal Contract Tower,11,15,14,0,40,0,0,0,0,0,11,15,14,0,40,0,0,0,40
12/09/2022,JAC,WY,ANM,WE,Federal Contract Tower,12,26,9,0,47,0,0,0,0,0,12,26,9,0,47,0,0,0,47
12/10/2022,JAC,WY,ANM,WE,Federal Contract Tower,18,22,6,2,48,0,0,4,0,4,18,22,10,2,52,0,0,0,52
12/11/2022,JAC,WY,ANM,WE,Federal Contract Tower,14,28,15,0,57,0,1,0,0,1,14,29,15,0,58,0,0,0,58
12/12/2022,JAC,WY,ANM,WE,Federal Contract Tower,14,33,20,0,67,0,0,0,0,0,14,33,20,0,67,0,0,0,67
12/13/2022,JAC,WY,ANM,WE,Federal Contract Tower,12,11,21,2,46,0,1,4,0,5,12,12,25,2,51,0,0,0,51
12/14/2022,JAC,WY,ANM,WE,Federal Contract Tower,14,18,22,1,55,0,0,0,0,0,14,18,22,1,55,0,0,0,55
12/15/2022,JAC,WY,ANM,WE,Federal Contract Tower,38,34,26,0,98,0,0,4,0,4,38,34,30,0,102,0,0,0,102
12/16/2022,JAC,WY,ANM,WE,Federal Contract Tower,33,44,23,0,100,0,0,1,0,1,33,44,24,0,101,0,0,0,101
12/17/2022,JAC,WY,ANM,WE,Federal Contract Tower,46,62,36,0,144,0,0,5,0,5,46,62,41,0,149,0,0,0,149
12/18/2022,JAC,WY,ANM,WE,Federal Contract Tower,41,52,30,0,123,0,1,6,0,7,41,53,36,0,130,0,0,0,130
12/19/2022,JAC,WY,ANM,WE,Federal Contract Tower,38,49,18,2,107,0,0,0,0,0,38,49,18,2,107,0,0,0,107
12/20/2022,JAC,WY,ANM,WE,Federal Contract Tower,35,41,14,0,90,0,0,0,0,0,35,41,14,0,90,0,0,0,90
12/21/2022,JAC,WY,ANM,WE,Federal Contract Tower,29,18,13,0,60,0,0,0,0,0,29,18,13,0,60,0,0,0,60
12/22/2022,JAC,WY,ANM,WE,Federal Contract Tower,36,83,27,0,146,0,0,16,1,17,36,83,43,1,163,0,0,0,163
12/23/2022,JAC,WY,ANM,WE,Federal Contract Tower,27,39,21,0,87,0,0,0,0,0,27,39,21,0,87,0,0,0,87
12/24/2022,JAC,WY,ANM,WE,Federal Contract Tower,36,27,19,0,82,0,0,0,0,0,36,27,19,0,82,0,0,0,82
12/25/2022,JAC,WY,ANM,WE,Federal Contract Tower,32,24,6,0,62,0,0,0,0,0,32,24,6,0,62,0,0,0,62
12/26/2022,JAC,WY,ANM,WE,Federal Contract Tower,40,74,49,0,163,0,0,0,0,0,40,74,49,0,163,0,0,0,163
12/27/2022,JAC,WY,ANM,WE,Federal Contract Tower,36,39,22,0,97,0,0,0,0,0,36,39,22,0,97,0,0,0,97
12/28/2022,JAC,WY,ANM,WE,Federal Contract Tower,42,55,42,0,139,0,0,1,0,1,42,55,43,0,140,0,0,0,140
12/29/2022,JAC,WY,ANM,WE,Federal Contract Tower,37,45,33,0,115,0,0,0,0,0,37,45,33,0,115,0,0,0,115
12/30/2022,JAC,WY,ANM,WE,Federal Contract Tower,34,35,21,0,90,0,0,0,0,0,34,35,21,0,90,0,0,0,90
12/31/2022,JAC,WY,ANM,WE,Federal Contract Tower,40,37,5,0,82,0,0,0,0,0,40,37,5,0,82,0,0,0,82
01/01/2023,JAC,WY,ANM,WE,Federal Contract Tower,35,90,29,0,154,0,0,0,0,0,35,90,29,0,154,0,0,0,154
01/02/2023,JAC,WY,ANM,WE,Federal Contract Tower,33,59,76,0,168,0,0,6,0,6,33,59,82,0,174,0,0,0,174
01/03/2023,JAC,WY,ANM,WE,Federal Contract Tower,36,65,33,0,134,0,0,0,0,0,36,65,33,0,134,0,0,0,134
01/04/2023,JAC,WY,ANM,WE,Federal Contract Tower,35,38,19,0,92,0,0,0,0,0,35,38,19,0,92,0,0,0,92
01/05/2023,JAC,WY,ANM,WE,Federal Contract Tower,31,33,13,0,77,0,0,0,0,0,31,33,13,0,77,0,0,0,77
01/06/2023,JAC,WY,ANM,WE,Federal Contract Tower,33,23,20,1,77,0,0,0,0,0,33,23,20,1,77,0,0,0,77
01/07/2023,JAC,WY,ANM,WE,Federal Contract Tower,42,38,14,0,94,0,0,6,0,6,42,38,20,0,100,0,0,0,100
01/08/2023,JAC,WY,ANM,WE,Federal Contract Tower,38,19,23,1,81,0,0,2,0,2,38,19,25,1,83,0,0,0,83
01/09/2023,JAC,WY,ANM,WE,Federal Contract Tower,36,24,22,0,82,0,0,6,0,6,36,24,28,0,88,0,0,0,88
01/10/2023,JAC,WY,ANM,WE,Federal Contract Tower,28,28,19,0,75,0,0,10,0,10,28,28,29,0,85,0,0,0,85
01/11/2023,JAC,WY,ANM,WE,Federal Contract Tower,28,38,23,0,89,0,0,1,0,1,28,38,24,0,90,0,0,0,90
01/12/2023,JAC,WY,ANM,WE,Federal Contract Tower,26,46,35,0,107,0,0,0,0,0,26,46,35,0,107,0,0,0,107
01/13/2023,JAC,WY,ANM,WE,Federal Contract Tower,26,52,28,0,106,0,0,0,0,0,26,52,28,0,106,2,0,2,108
01/14/2023,JAC,WY,ANM,WE,Federal Contract Tower,38,23,15,0,76,0,0,0,0,0,38,23,15,0,76,0,0,0,76
01/15/2023,JAC,WY,ANM,WE,Federal Contract Tower,31,22,25,0,78,0,0,0,0,0,31,22,25,0,78,0,0,0,78
01/16/2023,JAC,WY,ANM,WE,Federal Contract Tower,34,66,35,0,135,0,0,4,0,4,34,66,39,0,139,0,0,0,139
01/17/2023,JAC,WY,ANM,WE,Federal Contract Tower,25,23,16,0,64,0,0,2,0,2,25,23,18,0,66,0,0,0,66
01/18/2023,JAC,WY,ANM,WE,Federal Contract Tower,28,32,9,0,69,0,0,1,0,1,28,32,10,0,70,0,0,0,70
01/19/2023,JAC,WY,ANM,WE,Federal Contract Tower,27,24,15,0,66,0,0,0,0,0,27,24,15,0,66,0,0,0,66
01/20/2023,JAC,WY,ANM,WE,Federal Contract Tower,28,26,20,0,74,0,0,4,1,5,28,26,24,1,79,2,0,2,81
01/21/2023,JAC,WY,ANM,WE,Federal Contract Tower,38,28,13,2,81,0,0,11,2,13,38,28,24,4,94,0,0,0,94
01/22/2023,JAC,WY,ANM,WE,Federal Contract Tower,28,22,21,0,71,0,0,0,0,0,28,22,21,0,71,0,0,0,71
01/23/2023,JAC,WY,ANM,WE,Federal Contract Tower,29,27,14,0,70,0,1,5,0,6,29,28,19,0,76,2,0,2,78
01/24/2023,JAC,WY,ANM,WE,Federal Contract Tower,25,18,20,0,63,0,0,1,0,1,25,18,21,0,64,0,0,0,64
01/25/2023,JAC,WY,ANM,WE,Federal Contract Tower,29,24,10,0,63,0,0,3,0,3,29,24,13,0,66,0,0,0,66
01/26/2023,JAC,WY,ANM,WE,Federal Contract Tower,28,22,27,0,77,0,0,0,0,0,28,22,27,0,77,0,0,0,77
01/27/2023,JAC,WY,ANM,WE,Federal Contract Tower,18,9,15,1,43,0,0,0,0,0,18,9,15,1,43,0,0,0,43
01/28/2023,JAC,WY,ANM,WE,Federal Contract Tower,42,11,20,1,74,0,0,0,0,0,42,11,20,1,74,0,0,0,74
01/29/2023,JAC,WY,ANM,WE,Federal Contract Tower,30,33,15,0,78,0,0,1,0,1,30,33,16,0,79,0,0,0,79
01/30/2023,JAC,WY,ANM,WE,Federal Contract Tower,29,33,29,0,91,0,0,1,0,1,29,33,30,0,92,0,0,0,92
01/31/2023,JAC,WY,ANM,WE,Federal Contract Tower,23,23,25,0,71,0,0,0,0,0,23,23,25,0,71,2,0,2,73
02/01/2023,JAC,WY,ANM,WE,Federal Contract Tower,28,27,23,0,78,0,1,0,0,1,28,28,23,0,79,0,0,0,79
02/02/2023,JAC,WY,ANM,WE,Federal Contract Tower,28,24,21,0,73,0,0,5,0,5,28,24,26,0,78,0,0,0,78
02/03/2023,JAC,WY,ANM,WE,Federal Contract Tower,31,23,15,0,69,0,0,4,0,4,31,23,19,0,73,0,0,0,73
02/04/2023,JAC,WY,ANM,WE,Federal Contract Tower,30,26,16,0,72,0,0,6,0,6,30,26,22,0,78,0,0,0,78
02/05/2023,JAC,WY,ANM,WE,Federal Contract Tower,38,42,34,0,114,0,0,0,0,0,38,42,34,0,114,0,0,0,114
02/06/2023,JAC,WY,ANM,WE,Federal Contract Tower,32,23,18,0,73,0,0,1,1,2,32,23,19,1,75,0,4,4,79
02/07/2023,JAC,WY,ANM,WE,Federal Contract Tower,28,23,16,0,67,0,0,6,0,6,28,23,22,0,73,0,0,0,73
02/08/2023,JAC,WY,ANM,WE,Federal Contract Tower,29,19,8,0,56,0,0,3,0,3,29,19,11,0,59,4,0,4,63
02/09/2023,JAC,WY,ANM,WE,Federal Contract Tower,32,33,15,0,80,0,0,14,0,14,32,33,29,0,94,0,0,0,94
02/10/2023,JAC,WY,ANM,WE,Federal Contract Tower,35,30,27,0,92,0,0,6,0,6,35,30,33,0,98,0,0,0,98
02/11/2023,JAC,WY,ANM,WE,Federal Contract Tower,41,22,14,4,81,0,1,9,0,10,41,23,23,4,91,0,0,0,91
02/12/2023,JAC,WY,ANM,WE,Federal Contract Tower,35,19,31,0,85,0,0,3,0,3,35,19,34,0,88,0,0,0,88
02/13/2023,JAC,WY,ANM,WE,Federal Contract Tower,35,35,33,0,103,0,4,3,0,7,35,39,36,0,110,4,0,4,114
02/14/2023,JAC,WY,ANM,WE,Federal Contract Tower,32,19,12,0,63,0,0,0,0,0,32,19,12,0,63,0,0,0,63
02/15/2023,JAC,WY,ANM,WE,Federal Contract Tower,34,35,28,0,97,0,0,12,0,12,34,35,40,0,109,0,0,0,109
02/16/2023,JAC,WY,ANM,WE,Federal Contract Tower,37,61,43,0,141,0,0,4,0,4,37,61,47,0,145,0,0,0,145
02/17/2023,JAC,WY,ANM,WE,Federal Contract Tower,35,66,42,0,143,0,2,11,0,13,35,68,53,0,156,0,0,0,156
02/18/2023,JAC,WY,ANM,WE,Federal Contract Tower,46,56,19,0,121,1,0,2,0,3,47,56,21,0,124,0,0,0,124
02/19/2023,JAC,WY,ANM,WE,Federal Contract Tower,38,29,27,0,94,0,0,0,0,0,38,29,27,0,94,0,0,0,94
02/20/2023,JAC,WY,ANM,WE,Federal Contract Tower,41,79,43,0,163,0,0,0,0,0,41,79,43,0,163,0,0,0,163
02/21/2023,JAC,WY,ANM,WE,Federal Contract Tower,36,20,11,0,67,0,0,0,0,0,36,20,11,0,67,0,0,0,67
02/22/2023,JAC,WY,ANM,WE,Federal Contract Tower,28,33,30,0,91,0,0,0,0,0,28,33,30,0,91,0,0,0,91
02/23/2023,JAC,WY,ANM,WE,Federal Contract Tower,34,34,22,0,90,0,0,0,0,0,34,34,22,0,90,0,0,0,90
02/24/2023,JAC,WY,ANM,WE,Federal Contract Tower,35,50,18,0,103,0,0,0,0,0,35,50,18,0,103,0,0,0,103
02/25/2023,JAC,WY,ANM,WE,Federal Contract Tower,42,64,30,0,136,1,0,15,2,18,43,64,45,2,154,0,0,0,154
02/26/2023,JAC,WY,ANM,WE,Federal Contract Tower,39,48,26,2,115,0,0,0,0,0,39,48,26,2,115,0,0,0,115
02/27/2023,JAC,WY,ANM,WE,Federal Contract Tower,35,30,30,0,95,0,0,0,0,0,35,30,30,0,95,0,0,0,95
02/28/2023,JAC,WY,ANM,WE,Federal Contract Tower,35,15,10,0,60,0,0,0,0,0,35,15,10,0,60,0,0,0,60
03/01/2023,JAC,WY,ANM,WE,Federal Contract Tower,33,44,17,0,94,0,3,0,0,3,33,47,17,0,97,0,0,0,97
03/02/2023,JAC,WY,ANM,WE,Federal Contract Tower,42,27,23,0,92,0,1,1,0,2,42,28,24,0,94,0,0,0,94
03/03/2023,JAC,WY,ANM,WE,Federal Contract Tower,40,30,23,0,93,0,0,0,0,0,40,30,23,0,93,0,0,0,93
03/04/2023,JAC,WY,ANM,WE,Federal Contract Tower,45,20,7,0,72,0,0,0,0,0,45,20,7,0,72,0,0,0,72
03/05/2023,JAC,WY,ANM,WE,Federal Contract Tower,44,45,30,0,119,0,0,1,0,1,44,45,31,0,120,0,0,0,120
03/06/2023,JAC,WY,ANM,WE,Federal Contract Tower,40,22,18,0,80,0,0,0,0,0,40,22,18,0,80,0,0,0,80
03/07/2023,JAC,WY,ANM,WE,Federal Contract Tower,36,17,16,0,69,0,0,13,0,13,36,17,29,0,82,0,0,0,82
03/08/2023,JAC,WY,ANM,WE,Federal Contract Tower,38,23,12,0,73,0,0,0,0,0,38,23,12,0,73,0,0,0,73
03/09/2023,JAC,WY,ANM,WE,Federal Contract Tower,38,35,27,0,100,0,0,3,0,3,38,35,30,0,103,0,0,0,103
03/10/2023,JAC,WY,ANM,WE,Federal Contract Tower,34,26,2,0,62,0,0,0,0,0,34,26,2,0,62,0,0,0,62
03/11/2023,JAC,WY,ANM,WE,Federal Contract Tower,49,44,38,4,135,0,0,3,0,3,49,44,41,4,138,0,0,0,138
03/12/2023,JAC,WY,ANM,WE,Federal Contract Tower,41,52,33,0,126,0,0,0,0,0,41,52,33,0,126,0,0,0,126
03/13/2023,JAC,WY,ANM,WE,Federal Contract Tower,38,35,14,0,87,0,0,0,0,0,38,35,14,0,87,0,0,0,87
03/14/2023,JAC,WY,ANM,WE,Federal Contract Tower,34,22,14,0,70,0,0,0,0,0,34,22,14,0,70,0,0,0,70
03/15/2023,JAC,WY,ANM,WE,Federal Contract Tower,36,16,16,0,68,0,0,0,0,0,36,16,16,0,68,0,0,0,68
03/16/2023,JAC,WY,ANM,WE,Federal Contract Tower,35,37,17,0,89,0,0,3,0,3,35,37,20,0,92,0,0,0,92
03/17/2023,JAC,WY,ANM,WE,Federal Contract Tower,39,30,18,0,87,0,1,11,0,12,39,31,29,0,99,0,0,0,99
03/18/2023,JAC,WY,ANM,WE,Federal Contract Tower,48,52,31,0,131,0,1,9,0,10,48,53,40,0,141,0,0,0,141
03/19/2023,JAC,WY,ANM,WE,Federal Contract Tower,38,63,19,0,120,0,1,4,0,5,38,64,23,0,125,4,0,4,129
03/20/2023,JAC,WY,ANM,WE,Federal Contract Tower,37,23,9,0,69,0,0,0,0,0,37,23,9,0,69,0,0,0,69
03/21/2023,JAC,WY,ANM,WE,Federal Contract Tower,35,18,8,0,61,0,0,0,0,0,35,18,8,0,61,0,0,0,61
03/22/2023,JAC,WY,ANM,WE,Federal Contract Tower,37,22,16,0,75,0,0,0,0,0,37,22,16,0,75,0,0,0,75
03/23/2023,JAC,WY,ANM,WE,Federal Contract Tower,41,23,19,2,85,0,0,0,0,0,41,23,19,2,85,0,0,0,85
03/24/2023,JAC,WY,ANM,WE,Federal Contract Tower,38,23,13,0,74,0,0,0,0,0,38,23,13,0,74,0,0,0,74
03/25/2023,JAC,WY,ANM,WE,Federal Contract Tower,45,24,14,0,83,0,0,0,0,0,45,24,14,0,83,0,0,0,83
03/26/2023,JAC,WY,ANM,WE,Federal Contract Tower,29,25,22,0,76,0,0,1,0,1,29,25,23,0,77,0,0,0,77
03/27/2023,JAC,WY,ANM,WE,Federal Contract Tower,25,25,26,0,76,0,0,7,2,9,25,25,33,2,85,0,0,0,85
03/28/2023,JAC,WY,ANM,WE,Federal Contract Tower,23,22,7,0,52,0,1,1,0,2,23,23,8,0,54,0,0,0,54
03/29/2023,JAC,WY,ANM,WE,Federal Contract Tower,25,28,13,0,66,0,0,7,0,7,25,28,20,0,73,0,0,0,73
03/30/2023,JAC,WY,ANM,WE,Federal Contract Tower,25,33,21,0,79,0,0,0,0,0,25,33,21,0,79,0,0,0,79
03/31/2023,JAC,WY,ANM,WE,Federal Contract Tower,26,25,9,0,60,0,0,1,0,1,26,25,10,0,61,0,0,0,61
04/01/2023,JAC,WY,ANM,WE,Federal Contract Tower,29,23,6,0,58,0,0,0,0,0,29,23,6,0,58,0,0,0,58
04/02/2023,JAC,WY,ANM,WE,Federal Contract Tower,28,29,26,0,83,0,0,0,0,0,28,29,26,0,83,0,0,0,83
04/03/2023,JAC,WY,ANM,WE,Federal Contract Tower,19,14,11,0,44,0,0,0,0,0,19,14,11,0,44,0,0,0,44
04/04/2023,JAC,WY,ANM,WE,Federal Contract Tower,11,27,6,0,44,0,0,0,0,0,11,27,6,0,44,0,0,0,44
04/05/2023,JAC,WY,ANM,WE,Federal Contract Tower,12,19,10,0,41,0,0,0,0,0,12,19,10,0,41,0,0,0,41
04/06/2023,JAC,WY,ANM,WE,Federal Contract Tower,13,17,15,0,45,0,0,4,0,4,13,17,19,0,49,0,0,0,49
04/07/2023,JAC,WY,ANM,WE,Federal Contract Tower,11,12,13,0,36,0,0,3,0,3,11,12,16,0,39,0,0,0,39
04/08/2023,JAC,WY,ANM,WE,Federal Contract Tower,18,15,8,0,41,0,0,2,0,2,18,15,10,0,43,0,0,0,43
04/09/2023,JAC,WY,ANM,WE,Federal Contract Tower,15,19,12,0,46,0,0,8,0,8,15,19,20,0,54,0,0,0,54
04/10/2023,JAC,WY,ANM,WE,Federal Contract Tower,14,11,13,1,39,0,1,9,0,10,14,12,22,1,49,2,0,2,51
04/11/2023,JAC,WY,ANM,WE,Federal Contract Tower,13,7,15,1,36,0,1,5,2,8,13,8,20,3,44,0,2,2,46
04/12/2023,JAC,WY,ANM,WE,Federal Contract Tower,13,11,7,0,31,0,0,5,0,5,13,11,12,0,36,0,4,4,40
04/13/2023,JAC,WY,ANM,WE,Federal Contract Tower,12,7,3,0,22,0,0,0,0,0,12,7,3,0,22,0,0,0,22
04/14/2023,JAC,WY,ANM,WE,Federal Contract Tower,13,11,12,0,36,0,0,2,0,2,13,11,14,0,38,0,0,0,38
04/15/2023,JAC,WY,ANM,WE,Federal Contract Tower,15,17,5,0,37,0,0,7,0,7,15,17,12,0,44,0,0,0,44
04/16/2023,JAC,WY,ANM,WE,Federal Contract Tower,12,14,14,0,40,0,1,0,0,1,12,15,14,0,41,0,0,0,41
04/17/2023,JAC,WY,ANM,WE,Federal Contract Tower,13,12,8,0,33,0,0,2,0,2,13,12,10,0,35,8,0,8,43
04/18/2023,JAC,WY,ANM,WE,Federal Contract Tower,14,11,16,0,41,0,0,1,0,1,14,11,17,0,42,0,0,0,42
04/19/2023,JAC,WY,ANM,WE,Federal Contract Tower,12,9,15,0,36,0,0,0,0,0,12,9,15,0,36,0,0,0,36
04/20/2023,JAC,WY,ANM,WE,Federal Contract Tower,12,17,10,0,39,0,0,3,0,3,12,17,13,0,42,0,0,0,42
04/21/2023,JAC,WY,ANM,WE,Federal Contract Tower,13,16,13,0,42,0,0,0,0,0,13,16,13,0,42,0,0,0,42
04/22/2023,JAC,WY,ANM,WE,Federal Contract Tower,17,20,4,0,41,0,1,0,0,1,17,21,4,0,42,0,0,0,42
04/23/2023,JAC,WY,ANM,WE,Federal Contract Tower,12,13,5,0,30,0,0,7,0,7,12,13,12,0,37,4,0,4,41
04/24/2023,JAC,WY,ANM,WE,Federal Contract Tower,13,22,8,0,43,0,0,0,0,0,13,22,8,0,43,0,0,0,43
04/25/2023,JAC,WY,ANM,WE,Federal Contract Tower,14,7,7,0,28,0,0,0,0,0,14,7,7,0,28,0,0,0,28
04/26/2023,JAC,WY,ANM,WE,Federal Contract Tower,13,10,5,0,28,0,1,4,0,5,13,11,9,0,33,0,0,0,33
04/27/2023,JAC,WY,ANM,WE,Federal Contract Tower,16,20,6,0,42,0,0,0,0,0,16,20,6,0,42,0,0,0,42
04/28/2023,JAC,WY,ANM,WE,Federal Contract Tower,15,16,11,0,42,0,2,8,0,10,15,18,19,0,52,6,0,6,58
04/29/2023,JAC,WY,ANM,WE,Federal Contract Tower,15,8,11,2,36,0,1,16,0,17,15,9,27,2,53,0,0,0,53
04/30/2023,JAC,WY,ANM,WE,Federal Contract Tower,14,10,9,0,33,0,0,6,0,6,14,10,15,0,39,2,0,2,41
05/01/2023,JAC,WY,ANM,WE,Federal Contract Tower,11,15,7,0,33,0,1,5,0,6,11,16,12,0,39,0,0,0,39
05/02/2023,JAC,WY,ANM,WE,Federal Contract Tower,14,12,14,0,40,0,0,13,1,14,14,12,27,1,54,0,0,0,54
05/03/2023,JAC,WY,ANM,WE,Federal Contract Tower,13,15,6,0,34,0,0,5,0,5,13,15,11,0,39,0,0,0,39
05/04/2023,JAC,WY,ANM,WE,Federal Contract Tower,13,19,12,0,44,0,1,1,0,2,13,20,13,0,46,0,0,0,46
05/05/2023,JAC,WY,ANM,WE,Federal Contract Tower,13,26,11,0,50,0,0,4,0,4,13,26,15,0,54,0,0,0,54
05/06/2023,JAC,WY,ANM,WE,Federal Contract Tower,14,17,12,0,43,0,0,1,0,1,14,17,13,0,44,0,0,0,44
05/07/2023,JAC,WY,ANM,WE,Federal Contract Tower,14,13,11,0,38,0,0,0,0,0,14,13,11,0,38,0,0,0,38
05/08/2023,JAC,WY,ANM,WE,Federal Contract Tower,13,13,9,0,35,0,0,8,0,8,13,13,17,0,43,4,0,4,47
05/09/2023,JAC,WY,ANM,WE,Federal Contract Tower,12,16,10,0,38,0,0,3,0,3,12,16,13,0,41,0,0,0,41
05/10/2023,JAC,WY,ANM,WE,Federal Contract Tower,10,12,7,0,29,0,0,12,0,12,10,12,19,0,41,0,0,0,41
05/11/2023,JAC,WY,ANM,WE,Federal Contract Tower,13,15,12,0,40,0,1,5,0,6,13,16,17,0,46,0,17,17,63
05/12/2023,JAC,WY,ANM,WE,Federal Contract Tower,13,23,2,0,38,0,1,0,0,1,13,24,2,0,39,0,0,0,39
05/13/2023,JAC,WY,ANM,WE,Federal Contract Tower,15,12,8,0,35,0,1,0,0,1,15,13,8,0,36,0,0,0,36
05/14/2023,JAC,WY,ANM,WE,Federal Contract Tower,11,15,13,0,39,0,0,0,0,0,11,15,13,0,39,0,0,0,39
05/15/2023,JAC,WY,ANM,WE,Federal Contract Tower,13,28,21,0,62,0,1,6,0,7,13,29,27,0,69,0,0,0,69
05/16/2023,JAC,WY,ANM,WE,Federal Contract Tower,13,25,14,0,52,0,0,11,0,11,13,25,25,0,63,0,0,0,63
05/17/2023,JAC,WY,ANM,WE,Federal Contract Tower,15,22,10,0,47,0,0,6,0,6,15,22,16,0,53,0,0,0,53
05/18/2023,JAC,WY,ANM,WE,Federal Contract Tower,14,21,15,0,50,0,0,10,0,10,14,21,25,0,60,0,0,0,60
05/19/2023,JAC,WY,ANM,WE,Federal Contract Tower,11,20,18,1,50,0,0,11,1,12,11,20,29,2,62,0,4,4,66
05/20/2023,JAC,WY,ANM,WE,Federal Contract Tower,20,24,10,0,54,0,0,5,0,5,20,24,15,0,59,0,0,0,59
05/21/2023,JAC,WY,ANM,WE,Federal Contract Tower,16,20,18,0,54,0,1,8,0,9,16,21,26,0,63,0,0,0,63
05/22/2023,JAC,WY,ANM,WE,Federal Contract Tower,18,15,6,0,39,0,1,12,0,13,18,16,18,0,52,0,0,0,52
05/23/2023,JAC,WY,ANM,WE,Federal Contract Tower,12,21,9,0,42,0,2,14,0,16,12,23,23,0,58,0,0,0,58
05/24/2023,JAC,WY,ANM,WE,Federal Contract Tower,19,28,18,1,66,0,0,15,0,15,19,28,33,1,81,0,0,0,81
05/25/2023,JAC,WY,ANM,WE,Federal Contract Tower,17,27,16,0,60,0,0,3,0,3,17,27,19,0,63,0,0,0,63
05/26/2023,JAC,WY,ANM,WE,Federal Contract Tower,17,38,14,0,69,0,0,8,0,8,17,38,22,0,77,0,0,0,77
05/27/2023,JAC,WY,ANM,WE,Federal Contract Tower,18,15,9,0,42,0,0,2,0,2,18,15,11,0,44,0,0,0,44
05/28/2023,JAC,WY,ANM,WE,Federal Contract Tower,15,29,11,0,55,0,0,3,0,3,15,29,14,0,58,0,0,0,58
05/29/2023,JAC,WY,ANM,WE,Federal Contract Tower,15,21,14,0,50,0,0,9,0,9,15,21,23,0,59,0,0,0,59
05/30/2023,JAC,WY,ANM,WE,Federal Contract Tower,14,29,15,0,58,0,0,7,0,7,14,29,22,0,65,0,0,0,65
05/31/2023,JAC,WY,ANM,WE,Federal Contract Tower,18,20,26,0,64,0,0,6,0,6,18,20,32,0,70,0,0,0,70
06/01/2023,JAC,WY,ANM,WE,Federal Contract Tower,23,22,15,0,60,0,0,9,0,9,23,22,24,0,69,0,0,0,69
06/02/2023,JAC,WY,ANM,WE,Federal Contract Tower,29,26,11,0,66,0,0,0,0,0,29,26,11,0,66,0,0,0,66
06/03/2023,JAC,WY,ANM,WE,Federal Contract Tower,40,36,14,0,90,0,0,2,0,2,40,36,16,0,92,0,0,0,92
06/04/2023,JAC,WY,ANM,WE,Federal Contract Tower,35,22,26,0,83,0,1,11,0,12,35,23,37,0,95,0,0,0,95
06/05/2023,JAC,WY,ANM,WE,Federal Contract Tower,34,27,20,0,81,0,0,7,0,7,34,27,27,0,88,2,2,4,92
06/06/2023,JAC,WY,ANM,WE,Federal Contract Tower,30,23,19,0,72,0,0,9,0,9,30,23,28,0,81,4,0,4,85
06/07/2023,JAC,WY,ANM,WE,Federal Contract Tower,42,29,19,1,91,0,0,14,1,15,42,29,33,2,106,0,0,0,106
06/08/2023,JAC,WY,ANM,WE,Federal Contract Tower,32,36,23,1,92,0,0,1,0,1,32,36,24,1,93,0,4,4,97
06/09/2023,JAC,WY,ANM,WE,Federal Contract Tower,31,22,17,0,70,0,0,11,0,11,31,22,28,0,81,0,0,0,81
06/10/2023,JAC,WY,ANM,WE,Federal Contract Tower,41,38,22,0,101,0,1,6,0,7,41,39,28,0,108,10,2,12,120
06/11/2023,JAC,WY,ANM,WE,Federal Contract Tower,36,38,21,0,95,0,1,4,0,5,36,39,25,0,100,0,0,0,100
06/12/2023,JAC,WY,ANM,WE,Federal Contract Tower,33,35,13,0,81,0,1,5,0,6,33,36,18,0,87,0,0,0,87
06/13/2023,JAC,WY,ANM,WE,Federal Contract Tower,36,21,9,0,66,0,0,16,0,16,36,21,25,0,82,18,0,18,100
06/14/2023,JAC,WY,ANM,WE,Federal Contract Tower,39,40,19,0,98,0,0,18,0,18,39,40,37,0,116,0,0,0,116
06/15/2023,JAC,WY,ANM,WE,Federal Contract Tower,34,48,14,0,96,0,0,9,0,9,34,48,23,0,105,0,0,0,105
06/16/2023,JAC,WY,ANM,WE,Federal Contract Tower,32,22,33,0,87,0,0,19,0,19,32,22,52,0,106,0,0,0,106
06/17/2023,JAC,WY,ANM,WE,Federal Contract Tower,39,26,23,1,89,0,0,13,1,14,39,26,36,2,103,0,0,0,103
06/18/2023,JAC,WY,ANM,WE,Federal Contract Tower,33,35,17,0,85,0,0,6,0,6,33,35,23,0,91,0,0,0,91
06/19/2023,JAC,WY,ANM,WE,Federal Contract Tower,34,41,39,0,114,0,0,0,0,0,34,41,39,0,114,0,0,0,114
06/20/2023,JAC,WY,ANM,WE,Federal Contract Tower,35,53,27,0,115,0,0,7,0,7,35,53,34,0,122,0,0,0,122
06/21/2023,JAC,WY,ANM,WE,Federal Contract Tower,38,31,32,0,101,0,1,8,0,9,38,32,40,0,110,0,0,0,110
06/22/2023,JAC,WY,ANM,WE,Federal Contract Tower,34,33,31,0,98,0,0,17,2,19,34,33,48,2,117,0,0,0,117
06/23/2023,JAC,WY,ANM,WE,Federal Contract Tower,29,36,27,0,92,0,0,2,0,2,29,36,29,0,94,0,0,0,94
06/24/2023,JAC,WY,ANM,WE,Federal Contract Tower,43,38,15,1,97,0,1,18,0,19,43,39,33,1,116,0,0,0,116
06/25/2023,JAC,WY,ANM,WE,Federal Contract Tower,36,47,29,1,113,0,0,17,0,17,36,47,46,1,130,0,0,0,130
06/26/2023,JAC,WY,ANM,WE,Federal Contract Tower,30,30,19,0,79,0,0,12,3,15,30,30,31,3,94,0,0,0,94
06/27/2023,JAC,WY,ANM,WE,Federal Contract Tower,32,43,24,0,99,0,1,20,0,21,32,44,44,0,120,2,0,2,122
06/28/2023,JAC,WY,ANM,WE,Federal Contract Tower,35,53,20,0,108,0,0,17,0,17,35,53,37,0,125,0,0,0,125
06/29/2023,JAC,WY,ANM,WE,Federal Contract Tower,30,39,41,0,110,0,15,5,0,20,30,54,46,0,130,0,4,4,134
06/30/2023,JAC,WY,ANM,WE,Federal Contract Tower,36,51,37,0,124,0,2,5,0,7,36,53,42,0,131,2,0,2,133
07/01/2023,JAC,WY,ANM,WE,Federal Contract Tower,39,70,38,0,147,0,1,14,0,15,39,71,52,0,162,0,0,0,162
07/02/2023,JAC,WY,ANM,WE,Federal Contract Tower,40,46,35,0,121,0,1,15,0,16,40,47,50,0,137,0,0,0,137
07/03/2023,JAC,WY,ANM,WE,Federal Contract Tower,35,35,22,0,92,0,0,30,0,30,35,35,52,0,122,0,0,0,122
07/04/2023,JAC,WY,ANM,WE,Federal Contract Tower,34,22,11,0,67,0,1,28,0,29,34,23,39,0,96,0,0,0,96
07/05/2023,JAC,WY,ANM,WE,Federal Contract Tower,39,46,43,0,128,0,1,11,0,12,39,47,54,0,140,0,0,0,140
07/06/2023,JAC,WY,ANM,WE,Federal Contract Tower,37,57,36,0,130,0,0,8,0,8,37,57,44,0,138,0,0,0,138
07/07/2023,JAC,WY,ANM,WE,Federal Contract Tower,34,33,23,0,90,0,2,21,0,23,34,35,44,0,113,0,0,0,113
07/08/2023,JAC,WY,ANM,WE,Federal Contract Tower,42,38,34,0,114,0,1,17,2,20,42,39,51,2,134,0,0,0,134
07/09/2023,JAC,WY,ANM,WE,Federal Contract Tower,38,58,41,0,137,0,1,8,0,9,38,59,49,0,146,2,0,2,148
07/10/2023,JAC,WY,ANM,WE,Federal Contract Tower,33,34,23,0,90,0,2,3,0,5,33,36,26,0,95,8,0,8,103
07/11/2023,JAC,WY,ANM,WE,Federal Contract Tower,35,40,25,0,100,0,1,14,0,15,35,41,39,0,115,0,0,0,115
07/12/2023,JAC,WY,ANM,WE,Federal Contract Tower,38,43,36,0,117,0,0,20,1,21,38,43,56,1,138,0,4,4,142
07/13/2023,JAC,WY,ANM,WE,Federal Contract Tower,32,45,24,1,102,0,3,18,0,21,32,48,42,1,123,0,0,0,123
07/14/2023,JAC,WY,ANM,WE,Federal Contract Tower,34,44,21,0,99,0,5,10,0,15,34,49,31,0,114,2,0,2,116
07/15/2023,JAC,WY,ANM,WE,Federal Contract Tower,47,37,33,0,117,0,2,16,0,18,47,39,49,0,135,0,0,0,135
07/16/2023,JAC,WY,ANM,WE,Federal Contract Tower,38,54,34,1,127,0,0,16,0,16,38,54,50,1,143,0,0,0,143
07/17/2023,JAC,WY,ANM,WE,Federal Contract Tower,33,38,26,0,97,0,2,18,0,20,33,40,44,0,117,0,0,0,117
07/18/2023,JAC,WY,ANM,WE,Federal Contract Tower,36,28,22,0,86,0,0,19,0,19,36,28,41,0,105,0,0,0,105
07/19/2023,JAC,WY,ANM,WE,Federal Contract Tower,39,53,24,0,116,0,0,29,0,29,39,53,53,0,145,0,0,0,145
07/20/2023,JAC,WY,ANM,WE,Federal Contract Tower,31,36,30,0,97,0,2,21,0,23,31,38,51,0,120,0,0,0,120
07/21/2023,JAC,WY,ANM,WE,Federal Contract Tower,32,29,18,0,79,0,0,17,0,17,32,29,35,0,96,0,0,0,96
07/22/2023,JAC,WY,ANM,WE,Federal Contract Tower,46,41,26,0,113,0,1,20,0,21,46,42,46,0,134,0,0,0,134
07/23/2023,JAC,WY,ANM,WE,Federal Contract Tower,38,48,32,0,118,0,0,12,0,12,38,48,44,0,130,2,0,2,132
07/24/2023,JAC,WY,ANM,WE,Federal Contract Tower,33,54,26,0,113,0,1,17,0,18,33,55,43,0,131,0,0,0,131
07/25/2023,JAC,WY,ANM,WE,Federal Contract Tower,39,33,19,1,92,0,0,12,0,12,39,33,31,1,104,0,0,0,104
07/26/2023,JAC,WY,ANM,WE,Federal Contract Tower,40,50,33,0,123,0,0,14,0,14,40,50,47,0,137,0,0,0,137
07/27/2023,JAC,WY,ANM,WE,Federal Contract Tower,52,67,25,0,144,0,2,6,0,8,52,69,31,0,152,0,0,0,152
07/28/2023,JAC,WY,ANM,WE,Federal Contract Tower,36,49,34,0,119,0,0,19,0,19,36,49,53,0,138,0,0,0,138
07/29/2023,JAC,WY,ANM,WE,Federal Contract Tower,39,32,37,0,108,1,1,15,0,17,40,33,52,0,125,0,0,0,125
07/30/2023,JAC,WY,ANM,WE,Federal Contract Tower,36,83,56,0,175,0,1,21,0,22,36,84,77,0,197,0,0,0,197
07/31/2023,JAC,WY,ANM,WE,Federal Contract Tower,31,59,21,0,111,0,0,17,0,17,31,59,38,0,128,0,0,0,128
08/01/2023,JAC,WY,ANM,WE,Federal Contract Tower,35,56,33,0,124,0,0,20,0,20,35,56,53,0,144,0,0,0,144
08/02/2023,JAC,WY,ANM,WE,Federal Contract Tower,38,48,30,0,116,0,1,3,0,4,38,49,33,0,120,0,0,0,120
08/03/2023,JAC,WY,ANM,WE,Federal Contract Tower,34,35,48,0,117,0,0,0,0,0,34,35,48,0,117,0,0,0,117
08/04/2023,JAC,WY,ANM,WE,Federal Contract Tower,30,26,27,0,83,0,0,2,0,2,30,26,29,0,85,0,0,0,85
08/05/2023,JAC,WY,ANM,WE,Federal Contract Tower,39,41,26,0,106,0,1,9,0,10,39,42,35,0,116,0,0,0,116
08/06/2023,JAC,WY,ANM,WE,Federal Contract Tower,37,59,59,0,155,0,0,11,0,11,37,59,70,0,166,0,0,0,166
08/07/2023,JAC,WY,ANM,WE,Federal Contract Tower,32,32,30,0,94,0,0,3,0,3,32,32,33,0,97,0,0,0,97
08/08/2023,JAC,WY,ANM,WE,Federal Contract Tower,33,56,48,0,137,0,0,4,0,4,33,56,52,0,141,0,0,0,141
08/09/2023,JAC,WY,ANM,WE,Federal Contract Tower,41,51,45,2,139,0,0,18,1,19,41,51,63,3,158,6,0,6,164
08/10/2023,JAC,WY,ANM,WE,Federal Contract Tower,34,60,33,0,127,0,0,16,0,16,34,60,49,0,143,0,0,0,143
08/11/2023,JAC,WY,ANM,WE,Federal Contract Tower,36,53,33,0,122,0,2,16,0,18,36,55,49,0,140,0,0,0,140
08/12/2023,JAC,WY,ANM,WE,Federal Contract Tower,44,61,35,1,141,0,3,7,0,10,44,64,42,1,151,0,0,0,151
08/13/2023,JAC,WY,ANM,WE,Federal Contract Tower,37,93,56,0,186,1,3,16,0,20,38,96,72,0,206,0,0,0,206
08/14/2023,JAC,WY,ANM,WE,Federal Contract Tower,37,39,38,0,114,0,0,0,0,0,37,39,38,0,114,0,0,0,114
08/15/2023,JAC,WY,ANM,WE,Federal Contract Tower,31,49,22,1,103,0,3,30,1,34,31,52,52,2,137,0,3,3,140
08/16/2023,JAC,WY,ANM,WE,Federal Contract Tower,40,53,39,0,132,0,2,14,0,16,40,55,53,0,148,0,0,0,148
08/17/2023,JAC,WY,ANM,WE,Federal Contract Tower,29,53,17,0,99,0,1,21,1,23,29,54,38,1,122,2,0,2,124
08/18/2023,JAC,WY,ANM,WE,Federal Contract Tower,35,44,21,0,100,0,0,8,0,8,35,44,29,0,108,0,0,0,108
08/19/2023,JAC,WY,ANM,WE,Federal Contract Tower,45,41,35,1,122,0,3,5,0,8,45,44,40,1,130,0,0,0,130
08/20/2023,JAC,WY,ANM,WE,Federal Contract Tower,42,57,16,1,116,0,0,0,0,0,42,57,16,1,116,0,0,0,116
08/21/2023,JAC,WY,ANM,WE,Federal Contract Tower,33,41,31,0,105,0,1,3,0,4,33,42,34,0,109,0,0,0,109
08/22/2023,JAC,WY,ANM,WE,Federal Contract Tower,34,49,30,0,113,0,0,4,0,4,34,49,34,0,117,0,0,0,117
08/23/2023,JAC,WY,ANM,WE,Federal Contract Tower,40,47,28,0,115,0,0,16,0,16,40,47,44,0,131,2,0,2,133
08/24/2023,JAC,WY,ANM,WE,Federal Contract Tower,35,34,26,0,95,0,0,12,1,13,35,34,38,1,108,0,0,0,108
08/25/2023,JAC,WY,ANM,WE,Federal Contract Tower,33,37,15,2,87,0,1,8,0,9,33,38,23,2,96,0,0,0,96
08/26/2023,JAC,WY,ANM,WE,Federal Contract Tower,40,29,20,0,89,0,1,17,0,18,40,30,37,0,107,0,0,0,107
08/27/2023,JAC,WY,ANM,WE,Federal Contract Tower,42,67,41,0,150,0,0,6,0,6,42,67,47,0,156,0,0,0,156
08/28/2023,JAC,WY,ANM,WE,Federal Contract Tower,40,39,34,1,114,0,1,10,0,11,40,40,44,1,125,2,0,2,127
08/29/2023,JAC,WY,ANM,WE,Federal Contract Tower,34,32,21,1,88,0,1,17,0,18,34,33,38,1,106,0,0,0,106
08/30/2023,JAC,WY,ANM,WE,Federal Contract Tower,40,61,28,1,130,0,0,16,0,16,40,61,44,1,146,0,0,0,146
08/31/2023,JAC,WY,ANM,WE,Federal Contract Tower,32,28,42,1,103,0,0,16,0,16,32,28,58,1,119,0,0,0,119
