01/01/2000,JAN,MS,ASO,CE,Towers with Radar,38,22,5,0,65,1,0,7,0,8,39,22,12,0,73,0,0,0,73
01/02/2000,JAN,MS,ASO,CE,Towers with Radar,48,29,20,0,97,0,0,7,0,7,48,29,27,0,104,6,0,6,110
01/03/2000,JAN,MS,ASO,CE,Towers with Radar,56,43,27,9,135,0,0,6,0,6,56,43,33,9,141,0,18,18,159
01/04/2000,JAN,MS,ASO,CE,Towers with Radar,57,55,45,49,206,0,0,10,0,10,57,55,55,49,216,16,106,122,338
01/05/2000,JAN,MS,ASO,CE,Towers with Radar,62,56,39,35,192,0,0,30,0,30,62,56,69,35,222,6,138,144,366
01/06/2000,JAN,MS,ASO,CE,Towers with Radar,61,49,54,27,191,0,0,18,11,29,61,49,72,38,220,4,54,58,278
01/07/2000,JAN,MS,ASO,CE,Towers with Radar,62,47,45,36,190,0,1,33,4,38,62,48,78,40,228,8,40,48,276
01/08/2000,JAN,MS,ASO,CE,Towers with Radar,53,35,19,9,116,0,2,4,0,6,53,37,23,9,122,0,24,24,146
01/09/2000,JAN,MS,ASO,CE,Towers with Radar,49,27,33,13,122,1,0,6,1,8,50,27,39,14,130,10,1,11,141
01/10/2000,JAN,MS,ASO,CE,Towers with Radar,56,45,49,32,182,1,0,26,0,27,57,45,75,32,209,18,44,62,271
01/11/2000,JAN,MS,ASO,CE,Towers with Radar,61,49,69,67,246,1,1,35,3,40,62,50,104,70,286,0,204,204,490
01/12/2000,JAN,MS,ASO,CE,Towers with Radar,61,59,73,37,230,1,0,16,0,17,62,59,89,37,247,0,76,76,323
01/13/2000,JAN,MS,ASO,CE,Towers with Radar,57,53,80,35,225,1,0,24,1,26,58,53,104,36,251,0,136,136,387
01/14/2000,JAN,MS,ASO,CE,Towers with Radar,53,52,58,61,224,1,2,39,1,43,54,54,97,62,267,0,160,160,427
01/15/2000,JAN,MS,ASO,CE,Towers with Radar,51,35,22,0,108,1,6,24,0,31,52,41,46,0,139,12,0,12,151
01/16/2000,JAN,MS,ASO,CE,Towers with Radar,51,26,28,4,109,0,1,19,0,20,51,27,47,4,129,18,0,18,147
01/17/2000,JAN,MS,ASO,CE,Towers with Radar,57,40,50,4,151,0,1,21,0,22,57,41,71,4,173,2,0,2,175
01/18/2000,JAN,MS,ASO,CE,Towers with Radar,63,51,74,85,273,0,1,19,1,21,63,52,93,86,294,2,236,238,532
01/19/2000,JAN,MS,ASO,CE,Towers with Radar,60,49,86,48,243,0,1,14,0,15,60,50,100,48,258,0,78,78,336
01/20/2000,JAN,MS,ASO,CE,Towers with Radar,55,55,87,12,209,0,1,25,0,26,55,56,112,12,235,0,10,10,245
01/21/2000,JAN,MS,ASO,CE,Towers with Radar,59,51,60,13,183,0,1,40,2,43,59,52,100,15,226,2,2,4,230
01/22/2000,JAN,MS,ASO,CE,Towers with Radar,59,21,14,0,94,0,1,5,0,6,59,22,19,0,100,0,0,0,100
01/23/2000,JAN,MS,ASO,CE,Towers with Radar,51,23,29,9,112,0,0,3,1,4,51,23,32,10,116,0,0,0,116
01/24/2000,JAN,MS,ASO,CE,Towers with Radar,57,48,50,13,168,0,0,17,0,17,57,48,67,13,185,0,20,20,205
01/25/2000,JAN,MS,ASO,CE,Towers with Radar,60,51,56,4,171,0,0,48,0,48,60,51,104,4,219,22,4,26,245
01/26/2000,JAN,MS,ASO,CE,Towers with Radar,62,48,62,28,200,0,1,34,0,35,62,49,96,28,235,0,78,78,313
01/27/2000,JAN,MS,ASO,CE,Towers with Radar,31,24,25,0,80,0,1,2,0,3,31,25,27,0,83,0,0,0,83
01/28/2000,JAN,MS,ASO,CE,Towers with Radar,54,41,18,0,113,0,0,2,0,2,54,41,20,0,115,0,0,0,115
01/29/2000,JAN,MS,ASO,CE,Towers with Radar,38,33,7,1,79,0,1,0,0,1,38,34,7,1,80,0,0,0,80
01/30/2000,JAN,MS,ASO,CE,Towers with Radar,49,23,27,0,99,0,0,7,0,7,49,23,34,0,106,2,0,2,108
01/31/2000,JAN,MS,ASO,CE,Towers with Radar,57,45,41,6,149,0,0,25,0,25,57,45,66,6,174,2,2,4,178
02/01/2000,JAN,MS,ASO,CE,Towers with Radar,59,49,56,30,194,0,5,21,12,38,59,54,77,42,232,4,142,146,378
02/02/2000,JAN,MS,ASO,CE,Towers with Radar,57,58,49,10,174,1,1,36,1,39,58,59,85,11,213,2,4,6,219
02/03/2000,JAN,MS,ASO,CE,Towers with Radar,61,48,51,51,211,1,6,21,1,29,62,54,72,52,240,2,128,130,370
02/04/2000,JAN,MS,ASO,CE,Towers with Radar,63,47,46,30,186,1,2,39,2,44,64,49,85,32,230,0,112,112,342
02/05/2000,JAN,MS,ASO,CE,Towers with Radar,50,41,17,14,122,1,2,21,0,24,51,43,38,14,146,0,18,18,164
02/06/2000,JAN,MS,ASO,CE,Towers with Radar,46,25,23,19,113,1,1,24,0,26,47,26,47,19,139,10,18,28,167
02/07/2000,JAN,MS,ASO,CE,Towers with Radar,56,45,49,40,190,1,2,25,0,28,57,47,74,40,218,0,78,78,296
02/08/2000,JAN,MS,ASO,CE,Towers with Radar,65,38,81,54,238,1,1,35,1,38,66,39,116,55,276,0,66,66,342
02/09/2000,JAN,MS,ASO,CE,Towers with Radar,65,50,65,35,215,0,0,40,6,46,65,50,105,41,261,0,138,138,399
02/10/2000,JAN,MS,ASO,CE,Towers with Radar,65,46,61,33,205,0,0,30,6,36,65,46,91,39,241,0,62,62,303
02/11/2000,JAN,MS,ASO,CE,Towers with Radar,63,50,57,26,196,0,5,13,0,18,63,55,70,26,214,0,58,58,272
02/12/2000,JAN,MS,ASO,CE,Towers with Radar,52,37,35,1,125,1,0,4,0,5,53,37,39,1,130,10,0,10,140
02/13/2000,JAN,MS,ASO,CE,Towers with Radar,43,24,21,8,96,1,1,2,0,4,44,25,23,8,100,4,2,6,106
02/14/2000,JAN,MS,ASO,CE,Towers with Radar,55,49,55,37,196,1,4,33,3,41,56,53,88,40,237,0,76,76,313
02/15/2000,JAN,MS,ASO,CE,Towers with Radar,61,48,68,15,192,1,3,36,0,40,62,51,104,15,232,0,38,38,270
02/16/2000,JAN,MS,ASO,CE,Towers with Radar,62,52,104,12,230,1,1,25,0,27,63,53,129,12,257,8,6,14,271
02/17/2000,JAN,MS,ASO,CE,Towers with Radar,66,54,82,16,218,0,6,10,0,16,66,60,92,16,234,8,0,8,242
02/18/2000,JAN,MS,ASO,CE,Towers with Radar,57,48,56,22,183,0,2,13,0,15,57,50,69,22,198,4,26,30,228
02/19/2000,JAN,MS,ASO,CE,Towers with Radar,49,39,17,9,114,0,1,10,0,11,49,40,27,9,125,2,14,16,141
02/20/2000,JAN,MS,ASO,CE,Towers with Radar,35,26,31,3,95,17,4,21,0,42,52,30,52,3,137,0,20,20,157
02/21/2000,JAN,MS,ASO,CE,Towers with Radar,54,45,40,5,144,0,2,26,0,28,54,47,66,5,172,0,2,2,174
02/22/2000,JAN,MS,ASO,CE,Towers with Radar,57,47,77,61,242,0,5,26,0,31,57,52,103,61,273,2,156,158,431
02/23/2000,JAN,MS,ASO,CE,Towers with Radar,64,49,59,44,216,0,1,28,0,29,64,50,87,44,245,0,104,104,349
02/24/2000,JAN,MS,ASO,CE,Towers with Radar,59,55,62,33,209,0,1,13,32,46,59,56,75,65,255,4,204,208,463
02/25/2000,JAN,MS,ASO,CE,Towers with Radar,60,46,55,9,170,0,1,21,0,22,60,47,76,9,192,11,22,33,225
02/26/2000,JAN,MS,ASO,CE,Towers with Radar,50,28,11,5,94,0,0,2,0,2,50,28,13,5,96,0,6,6,102
02/27/2000,JAN,MS,ASO,CE,Towers with Radar,54,24,29,2,109,0,0,23,1,24,54,24,52,3,133,10,0,10,143
02/28/2000,JAN,MS,ASO,CE,Towers with Radar,53,51,45,29,178,0,0,27,0,27,53,51,72,29,205,0,68,68,273
02/29/2000,JAN,MS,ASO,CE,Towers with Radar,61,63,69,53,246,0,3,40,0,43,61,66,109,53,289,8,140,148,437
03/01/2000,JAN,MS,ASO,CE,Towers with Radar,58,55,67,37,217,0,0,35,21,56,58,55,102,58,273,0,126,126,399
03/02/2000,JAN,MS,ASO,CE,Towers with Radar,57,47,57,31,192,0,0,24,29,53,57,47,81,60,245,0,110,110,355
03/03/2000,JAN,MS,ASO,CE,Towers with Radar,46,44,46,25,161,0,15,8,1,24,46,59,54,26,185,2,36,38,223
03/04/2000,JAN,MS,ASO,CE,Towers with Radar,57,38,31,8,134,0,3,8,2,13,57,41,39,10,147,0,0,0,147
03/05/2000,JAN,MS,ASO,CE,Towers with Radar,47,31,12,14,104,1,1,20,0,22,48,32,32,14,126,0,0,0,126
03/06/2000,JAN,MS,ASO,CE,Towers with Radar,52,50,37,34,173,0,1,18,1,20,52,51,55,35,193,0,60,60,253
03/07/2000,JAN,MS,ASO,CE,Towers with Radar,60,53,59,32,204,0,2,26,2,30,60,55,85,34,234,6,74,80,314
03/08/2000,JAN,MS,ASO,CE,Towers with Radar,61,52,72,21,206,0,3,11,0,14,61,55,83,21,220,4,22,26,246
03/09/2000,JAN,MS,ASO,CE,Towers with Radar,70,43,60,20,193,1,0,56,0,57,71,43,116,20,250,8,40,48,298
03/10/2000,JAN,MS,ASO,CE,Towers with Radar,45,38,39,2,124,6,12,14,0,32,51,50,53,2,156,0,0,0,156
03/11/2000,JAN,MS,ASO,CE,Towers with Radar,34,29,25,6,94,17,6,0,0,23,51,35,25,6,117,0,20,20,137
03/12/2000,JAN,MS,ASO,CE,Towers with Radar,39,33,34,6,112,8,4,26,0,38,47,37,60,6,150,12,16,28,178
03/13/2000,JAN,MS,ASO,CE,Towers with Radar,58,53,35,29,175,1,2,41,0,44,59,55,76,29,219,0,110,110,329
03/14/2000,JAN,MS,ASO,CE,Towers with Radar,58,53,52,32,195,1,5,50,0,56,59,58,102,32,251,0,96,96,347
03/15/2000,JAN,MS,ASO,CE,Towers with Radar,60,48,77,28,213,1,1,12,0,14,61,49,89,28,227,2,24,26,253
03/16/2000,JAN,MS,ASO,CE,Towers with Radar,52,54,64,40,210,1,1,20,2,24,53,55,84,42,234,0,140,140,374
03/17/2000,JAN,MS,ASO,CE,Towers with Radar,58,51,59,33,201,0,0,30,3,33,58,51,89,36,234,0,102,102,336
03/18/2000,JAN,MS,ASO,CE,Towers with Radar,49,31,28,0,108,1,1,8,1,11,50,32,36,1,119,0,0,0,119
03/19/2000,JAN,MS,ASO,CE,Towers with Radar,42,30,13,1,86,1,1,5,0,7,43,31,18,1,93,2,2,4,97
03/20/2000,JAN,MS,ASO,CE,Towers with Radar,54,42,48,21,165,1,0,42,0,43,55,42,90,21,208,8,98,106,314
03/21/2000,JAN,MS,ASO,CE,Towers with Radar,57,51,69,28,205,1,0,29,1,31,58,51,98,29,236,0,56,56,292
03/22/2000,JAN,MS,ASO,CE,Towers with Radar,61,49,48,34,192,1,1,29,1,32,62,50,77,35,224,2,108,110,334
03/23/2000,JAN,MS,ASO,CE,Towers with Radar,55,51,63,59,228,1,0,41,0,42,56,51,104,59,270,0,196,196,466
03/24/2000,JAN,MS,ASO,CE,Towers with Radar,54,51,53,25,183,1,0,17,3,21,55,51,70,28,204,12,56,68,272
03/25/2000,JAN,MS,ASO,CE,Towers with Radar,44,36,11,1,92,1,0,4,1,6,45,36,15,2,98,8,0,8,106
03/26/2000,JAN,MS,ASO,CE,Towers with Radar,36,30,26,4,96,12,0,0,0,12,48,30,26,4,108,0,0,0,108
03/27/2000,JAN,MS,ASO,CE,Towers with Radar,55,46,57,31,189,0,0,23,19,42,55,46,80,50,231,0,132,132,363
03/28/2000,JAN,MS,ASO,CE,Towers with Radar,55,49,51,73,228,0,1,36,1,38,55,50,87,74,266,2,294,296,562
03/29/2000,JAN,MS,ASO,CE,Towers with Radar,63,50,37,21,171,0,1,6,1,8,63,51,43,22,179,0,10,10,189
03/30/2000,JAN,MS,ASO,CE,Towers with Radar,60,54,79,39,232,0,1,3,1,5,60,55,82,40,237,0,56,56,293
03/31/2000,JAN,MS,ASO,CE,Towers with Radar,57,49,49,16,171,0,1,40,3,44,57,50,89,19,215,0,112,112,327
04/01/2000,JAN,MS,ASO,CE,Towers with Radar,49,33,16,18,116,0,1,9,2,12,49,34,25,20,128,0,66,66,194
04/02/2000,JAN,MS,ASO,CE,Towers with Radar,52,20,29,4,105,0,0,7,0,7,52,20,36,4,112,6,0,6,118
04/03/2000,JAN,MS,ASO,CE,Towers with Radar,55,46,38,3,142,0,0,5,0,5,55,46,43,3,147,0,0,0,147
04/04/2000,JAN,MS,ASO,CE,Towers with Radar,58,50,66,62,236,0,0,33,1,34,58,50,99,63,270,4,272,276,546
04/05/2000,JAN,MS,ASO,CE,Towers with Radar,57,46,70,35,208,0,2,34,1,37,57,48,104,36,245,10,160,170,415
04/06/2000,JAN,MS,ASO,CE,Towers with Radar,58,54,73,67,252,0,0,47,0,47,58,54,120,67,299,0,229,229,528
04/07/2000,JAN,MS,ASO,CE,Towers with Radar,54,51,59,28,192,0,2,22,3,27,54,53,81,31,219,12,146,158,377
04/08/2000,JAN,MS,ASO,CE,Towers with Radar,53,30,31,2,116,0,0,15,1,16,53,30,46,3,132,0,0,0,132
04/09/2000,JAN,MS,ASO,CE,Towers with Radar,51,27,32,2,112,0,0,28,1,29,51,27,60,3,141,6,0,6,147
04/10/2000,JAN,MS,ASO,CE,Towers with Radar,55,50,73,33,211,0,0,34,2,36,55,50,107,35,247,4,132,136,383
04/11/2000,JAN,MS,ASO,CE,Towers with Radar,57,51,80,10,198,0,0,22,1,23,57,51,102,11,221,0,0,0,221
04/12/2000,JAN,MS,ASO,CE,Towers with Radar,61,51,66,0,178,0,0,2,1,3,61,51,68,1,181,0,0,0,181
04/13/2000,JAN,MS,ASO,CE,Towers with Radar,59,51,81,7,198,0,0,1,1,2,59,51,82,8,200,0,4,4,204
04/14/2000,JAN,MS,ASO,CE,Towers with Radar,56,50,78,6,190,0,0,11,1,12,56,50,89,7,202,10,0,10,212
04/15/2000,JAN,MS,ASO,CE,Towers with Radar,52,34,45,3,134,0,0,16,1,17,52,34,61,4,151,18,0,18,169
04/16/2000,JAN,MS,ASO,CE,Towers with Radar,52,28,35,8,123,0,0,14,2,16,52,28,49,10,139,8,2,10,149
04/17/2000,JAN,MS,ASO,CE,Towers with Radar,59,46,53,11,169,0,0,38,1,39,59,46,91,12,208,2,30,32,240
04/18/2000,JAN,MS,ASO,CE,Towers with Radar,50,49,58,17,174,0,5,48,0,53,50,54,106,17,227,2,118,120,347
04/19/2000,JAN,MS,ASO,CE,Towers with Radar,62,57,73,24,216,0,1,42,1,44,62,58,115,25,260,22,96,118,378
04/20/2000,JAN,MS,ASO,CE,Towers with Radar,57,56,94,10,217,0,0,18,0,18,57,56,112,10,235,0,0,0,235
04/21/2000,JAN,MS,ASO,CE,Towers with Radar,56,52,36,19,163,0,1,28,3,32,56,53,64,22,195,0,36,36,231
04/22/2000,JAN,MS,ASO,CE,Towers with Radar,52,36,21,2,111,0,3,20,0,23,52,39,41,2,134,16,0,16,150
04/23/2000,JAN,MS,ASO,CE,Towers with Radar,30,24,20,0,74,21,5,0,0,26,51,29,20,0,100,6,0,6,106
04/24/2000,JAN,MS,ASO,CE,Towers with Radar,56,50,66,17,189,0,0,20,0,20,56,50,86,17,209,4,58,62,271
04/25/2000,JAN,MS,ASO,CE,Towers with Radar,58,52,60,22,192,0,5,37,1,43,58,57,97,23,235,8,114,122,357
04/26/2000,JAN,MS,ASO,CE,Towers with Radar,57,51,82,29,219,0,0,52,0,52,57,51,134,29,271,0,102,102,373
04/27/2000,JAN,MS,ASO,CE,Towers with Radar,62,51,59,13,185,0,0,47,0,47,62,51,106,13,232,14,78,92,324
04/28/2000,JAN,MS,ASO,CE,Towers with Radar,58,52,40,15,165,0,0,32,3,35,58,52,72,18,200,2,4,6,206
04/29/2000,JAN,MS,ASO,CE,Towers with Radar,53,30,23,3,109,0,2,19,1,22,53,32,42,4,131,12,0,12,143
04/30/2000,JAN,MS,ASO,CE,Towers with Radar,56,26,23,8,113,0,0,29,1,30,56,26,52,9,143,0,8,8,151
05/01/2000,JAN,MS,ASO,CE,Towers with Radar,57,58,43,12,170,1,3,32,0,36,58,61,75,12,206,8,32,40,246
05/02/2000,JAN,MS,ASO,CE,Towers with Radar,59,50,62,28,199,0,0,14,4,18,59,50,76,32,217,0,38,38,255
05/03/2000,JAN,MS,ASO,CE,Towers with Radar,56,46,53,18,173,1,8,12,0,21,57,54,65,18,194,0,40,40,234
05/04/2000,JAN,MS,ASO,CE,Towers with Radar,57,44,54,10,165,4,0,33,0,37,61,44,87,10,202,0,14,14,216
05/05/2000,JAN,MS,ASO,CE,Towers with Radar,53,50,68,7,178,1,1,20,0,22,54,51,88,7,200,0,18,18,218
05/06/2000,JAN,MS,ASO,CE,Towers with Radar,48,36,25,31,140,1,1,10,2,14,49,37,35,33,154,0,56,56,210
05/07/2000,JAN,MS,ASO,CE,Towers with Radar,47,30,26,11,114,1,0,21,0,22,48,30,47,11,136,10,2,12,148
05/08/2000,JAN,MS,ASO,CE,Towers with Radar,54,49,65,11,179,1,0,20,0,21,55,49,85,11,200,4,80,84,284
05/09/2000,JAN,MS,ASO,CE,Towers with Radar,58,49,69,13,189,0,1,38,1,40,58,50,107,14,229,0,52,52,281
05/10/2000,JAN,MS,ASO,CE,Towers with Radar,59,47,62,37,205,0,1,19,0,20,59,48,81,37,225,0,62,62,287
05/11/2000,JAN,MS,ASO,CE,Towers with Radar,58,50,74,64,246,0,3,30,0,33,58,53,104,64,279,2,247,249,528
05/12/2000,JAN,MS,ASO,CE,Towers with Radar,51,54,67,24,196,0,1,28,1,30,51,55,95,25,226,2,58,60,286
05/13/2000,JAN,MS,ASO,CE,Towers with Radar,46,35,29,0,110,0,0,15,0,15,46,35,44,0,125,2,0,2,127
05/14/2000,JAN,MS,ASO,CE,Towers with Radar,53,31,18,1,103,0,0,17,0,17,53,31,35,1,120,6,0,6,126
05/15/2000,JAN,MS,ASO,CE,Towers with Radar,57,45,48,42,192,0,2,30,1,33,57,47,78,43,225,8,154,162,387
05/16/2000,JAN,MS,ASO,CE,Towers with Radar,60,47,55,43,205,0,0,42,0,42,60,47,97,43,247,0,233,233,480
05/17/2000,JAN,MS,ASO,CE,Towers with Radar,58,50,57,26,191,0,2,40,6,48,58,52,97,32,239,28,70,98,337
05/18/2000,JAN,MS,ASO,CE,Towers with Radar,58,52,82,42,234,0,1,36,1,38,58,53,118,43,272,6,132,138,410
05/19/2000,JAN,MS,ASO,CE,Towers with Radar,58,38,74,9,179,0,1,23,0,24,58,39,97,9,203,6,10,16,219
05/20/2000,JAN,MS,ASO,CE,Towers with Radar,52,33,17,10,112,0,0,7,0,7,52,33,24,10,119,0,12,12,131
05/21/2000,JAN,MS,ASO,CE,Towers with Radar,48,30,32,4,114,0,0,3,0,3,48,30,35,4,117,4,0,4,121
05/22/2000,JAN,MS,ASO,CE,Towers with Radar,54,45,53,52,204,0,0,41,0,41,54,45,94,52,245,2,136,138,383
05/23/2000,JAN,MS,ASO,CE,Towers with Radar,57,49,76,47,229,0,1,27,1,29,57,50,103,48,258,6,180,186,444
05/24/2000,JAN,MS,ASO,CE,Towers with Radar,62,45,76,25,208,0,1,24,0,25,62,46,100,25,233,16,24,40,273
05/25/2000,JAN,MS,ASO,CE,Towers with Radar,54,61,73,15,203,0,1,29,0,30,54,62,102,15,233,0,4,4,237
05/26/2000,JAN,MS,ASO,CE,Towers with Radar,55,54,62,3,174,0,0,33,2,35,55,54,95,5,209,0,0,0,209
05/27/2000,JAN,MS,ASO,CE,Towers with Radar,51,34,15,8,108,0,2,16,0,18,51,36,31,8,126,4,0,4,130
05/28/2000,JAN,MS,ASO,CE,Towers with Radar,49,26,15,1,91,0,0,16,0,16,49,26,31,1,107,0,0,0,107
05/29/2000,JAN,MS,ASO,CE,Towers with Radar,33,27,30,1,91,21,0,1,0,22,54,27,31,1,113,2,0,2,115
05/30/2000,JAN,MS,ASO,CE,Towers with Radar,56,51,58,26,191,0,1,21,22,44,56,52,79,48,235,8,94,102,337
05/31/2000,JAN,MS,ASO,CE,Towers with Radar,52,53,61,28,194,0,0,42,32,74,52,53,103,60,268,2,122,124,392
06/01/2000,JAN,MS,ASO,CE,Towers with Radar,61,44,65,26,196,1,2,39,1,43,62,46,104,27,239,0,54,54,293
06/02/2000,JAN,MS,ASO,CE,Towers with Radar,58,52,48,23,181,1,1,26,0,28,59,53,74,23,209,0,62,62,271
06/03/2000,JAN,MS,ASO,CE,Towers with Radar,49,36,16,13,114,1,1,16,0,18,50,37,32,13,132,0,0,0,132
06/04/2000,JAN,MS,ASO,CE,Towers with Radar,53,26,27,13,119,1,1,4,0,6,54,27,31,13,125,0,10,10,135
06/05/2000,JAN,MS,ASO,CE,Towers with Radar,58,43,46,6,153,1,1,5,0,7,59,44,51,6,160,10,0,10,170
06/06/2000,JAN,MS,ASO,CE,Towers with Radar,59,52,52,21,184,1,1,32,0,34,60,53,84,21,218,0,64,64,282
06/07/2000,JAN,MS,ASO,CE,Towers with Radar,67,47,69,66,249,1,3,49,4,57,68,50,118,70,306,8,156,164,470
06/08/2000,JAN,MS,ASO,CE,Towers with Radar,65,47,69,52,233,1,1,60,0,62,66,48,129,52,295,8,126,134,429
06/09/2000,JAN,MS,ASO,CE,Towers with Radar,70,37,58,16,181,1,1,32,0,34,71,38,90,16,215,0,38,38,253
06/10/2000,JAN,MS,ASO,CE,Towers with Radar,57,25,31,0,113,1,1,17,0,19,58,26,48,0,132,0,0,0,132
06/11/2000,JAN,MS,ASO,CE,Towers with Radar,50,29,34,2,115,1,1,13,0,15,51,30,47,2,130,0,0,0,130
06/12/2000,JAN,MS,ASO,CE,Towers with Radar,56,44,59,46,205,1,2,34,0,37,57,46,93,46,242,2,136,138,380
06/13/2000,JAN,MS,ASO,CE,Towers with Radar,60,46,67,36,209,0,0,41,6,47,60,46,108,42,256,2,78,80,336
06/14/2000,JAN,MS,ASO,CE,Towers with Radar,56,51,68,53,228,1,1,29,0,31,57,52,97,53,259,0,160,160,419
06/15/2000,JAN,MS,ASO,CE,Towers with Radar,60,55,61,49,225,1,1,44,1,47,61,56,105,50,272,0,104,104,376
06/16/2000,JAN,MS,ASO,CE,Towers with Radar,49,54,46,29,178,1,1,18,0,20,50,55,64,29,198,0,30,30,228
06/17/2000,JAN,MS,ASO,CE,Towers with Radar,52,35,20,2,109,1,0,4,0,5,53,35,24,2,114,0,0,0,114
06/18/2000,JAN,MS,ASO,CE,Towers with Radar,51,29,32,3,115,1,0,2,0,3,52,29,34,3,118,0,4,4,122
06/19/2000,JAN,MS,ASO,CE,Towers with Radar,55,43,55,19,172,1,0,34,0,35,56,43,89,19,207,0,48,48,255
06/20/2000,JAN,MS,ASO,CE,Towers with Radar,58,54,67,36,215,1,0,32,6,39,59,54,99,42,254,4,80,84,338
06/21/2000,JAN,MS,ASO,CE,Towers with Radar,56,48,79,55,238,1,2,35,1,39,57,50,114,56,277,2,154,156,433
06/22/2000,JAN,MS,ASO,CE,Towers with Radar,56,55,71,50,232,1,1,42,1,45,57,56,113,51,277,6,50,56,333
06/23/2000,JAN,MS,ASO,CE,Towers with Radar,56,54,67,21,198,1,0,31,0,32,57,54,98,21,230,4,108,112,342
06/24/2000,JAN,MS,ASO,CE,Towers with Radar,46,36,31,1,114,1,1,29,0,31,47,37,60,1,145,0,0,0,145
06/25/2000,JAN,MS,ASO,CE,Towers with Radar,46,35,44,7,132,1,0,15,0,16,47,35,59,7,148,6,24,30,178
06/26/2000,JAN,MS,ASO,CE,Towers with Radar,63,58,64,38,223,1,0,38,0,39,64,58,102,38,262,6,124,130,392
06/27/2000,JAN,MS,ASO,CE,Towers with Radar,53,56,75,64,248,1,0,31,1,33,54,56,106,65,281,2,126,128,409
06/28/2000,JAN,MS,ASO,CE,Towers with Radar,55,50,83,48,236,1,2,36,4,43,56,52,119,52,279,8,108,116,395
06/29/2000,JAN,MS,ASO,CE,Towers with Radar,58,52,73,41,224,0,0,16,35,51,58,52,89,76,275,0,129,129,404
06/30/2000,JAN,MS,ASO,CE,Towers with Radar,64,53,58,30,205,0,3,32,1,36,64,56,90,31,241,4,98,102,343
07/01/2000,JAN,MS,ASO,CE,Towers with Radar,53,35,23,5,116,2,0,17,0,19,55,35,40,5,135,12,8,20,155
07/02/2000,JAN,MS,ASO,CE,Towers with Radar,48,33,21,1,103,0,0,8,2,10,48,33,29,3,113,8,4,12,125
07/03/2000,JAN,MS,ASO,CE,Towers with Radar,46,43,23,0,112,0,0,22,2,24,46,43,45,2,136,10,0,10,146
07/04/2000,JAN,MS,ASO,CE,Towers with Radar,28,22,26,0,76,15,8,11,0,34,43,30,37,0,110,6,0,6,116
07/05/2000,JAN,MS,ASO,CE,Towers with Radar,55,50,50,41,196,0,2,42,2,46,55,52,92,43,242,16,104,120,362
07/06/2000,JAN,MS,ASO,CE,Towers with Radar,56,46,51,26,179,0,2,31,0,33,56,48,82,26,212,2,0,2,214
07/07/2000,JAN,MS,ASO,CE,Towers with Radar,56,46,53,19,174,0,0,53,0,53,56,46,106,19,227,6,58,64,291
07/08/2000,JAN,MS,ASO,CE,Towers with Radar,49,36,30,56,171,0,1,12,3,16,49,37,42,59,187,10,120,130,317
07/09/2000,JAN,MS,ASO,CE,Towers with Radar,59,28,34,12,133,0,0,18,2,20,59,28,52,14,153,4,42,46,199
07/10/2000,JAN,MS,ASO,CE,Towers with Radar,57,48,35,37,177,0,0,22,4,26,57,48,57,41,203,0,106,106,309
07/11/2000,JAN,MS,ASO,CE,Towers with Radar,59,48,57,56,220,0,2,46,5,53,59,50,103,61,273,4,168,172,445
07/12/2000,JAN,MS,ASO,CE,Towers with Radar,63,48,78,61,250,0,0,41,3,44,63,48,119,64,294,6,88,94,388
07/13/2000,JAN,MS,ASO,CE,Towers with Radar,58,53,72,42,225,0,0,30,2,32,58,53,102,44,257,0,142,142,399
07/14/2000,JAN,MS,ASO,CE,Towers with Radar,57,57,39,40,193,1,2,37,1,41,58,59,76,41,234,0,162,162,396
07/15/2000,JAN,MS,ASO,CE,Towers with Radar,53,31,20,22,126,1,0,19,1,21,54,31,39,23,147,0,44,44,191
07/16/2000,JAN,MS,ASO,CE,Towers with Radar,47,34,33,15,129,1,0,24,1,26,48,34,57,16,155,18,22,40,195
07/17/2000,JAN,MS,ASO,CE,Towers with Radar,54,50,62,47,213,0,1,32,2,35,54,51,94,49,248,6,126,132,380
07/18/2000,JAN,MS,ASO,CE,Towers with Radar,66,43,71,57,237,0,2,22,3,27,66,45,93,60,264,8,212,220,484
07/19/2000,JAN,MS,ASO,CE,Towers with Radar,61,45,67,50,223,0,0,30,4,34,61,45,97,54,257,2,144,146,403
07/20/2000,JAN,MS,ASO,CE,Towers with Radar,59,48,60,37,204,0,0,49,7,56,59,48,109,44,260,16,132,148,408
07/21/2000,JAN,MS,ASO,CE,Towers with Radar,57,49,56,58,220,0,1,36,4,41,57,50,92,62,261,6,140,146,407
07/22/2000,JAN,MS,ASO,CE,Towers with Radar,52,29,34,5,120,0,0,4,2,6,52,29,38,7,126,0,6,6,132
07/23/2000,JAN,MS,ASO,CE,Towers with Radar,57,29,38,19,143,0,0,18,1,19,57,29,56,20,162,2,30,32,194
07/24/2000,JAN,MS,ASO,CE,Towers with Radar,59,47,63,29,198,0,2,30,2,34,59,49,93,31,232,7,160,167,399
07/25/2000,JAN,MS,ASO,CE,Towers with Radar,56,56,60,31,203,0,1,37,6,44,56,57,97,37,247,4,50,54,301
07/26/2000,JAN,MS,ASO,CE,Towers with Radar,62,46,61,71,240,0,2,27,3,32,62,48,88,74,272,1,108,109,381
07/27/2000,JAN,MS,ASO,CE,Towers with Radar,59,52,80,41,232,0,0,29,5,34,59,52,109,46,266,36,26,62,328
07/28/2000,JAN,MS,ASO,CE,Towers with Radar,50,51,43,20,164,0,2,26,2,30,50,53,69,22,194,0,56,56,250
07/29/2000,JAN,MS,ASO,CE,Towers with Radar,55,35,22,1,113,0,0,21,3,24,55,35,43,4,137,14,0,14,151
07/30/2000,JAN,MS,ASO,CE,Towers with Radar,49,29,34,5,117,0,0,13,1,14,49,29,47,6,131,8,0,8,139
07/31/2000,JAN,MS,ASO,CE,Towers with Radar,49,52,34,23,158,0,0,32,1,33,49,52,66,24,191,6,62,68,259
08/01/2000,JAN,MS,ASO,CE,Towers with Radar,52,52,64,19,187,0,2,28,0,30,52,54,92,19,217,6,66,72,289
08/02/2000,JAN,MS,ASO,CE,Towers with Radar,58,53,59,27,197,0,1,24,0,25,58,54,83,27,222,0,24,24,246
08/03/2000,JAN,MS,ASO,CE,Towers with Radar,58,45,63,8,174,0,1,29,0,30,58,46,92,8,204,2,32,34,238
08/04/2000,JAN,MS,ASO,CE,Towers with Radar,54,52,44,11,161,0,1,34,3,38,54,53,78,14,199,0,30,30,229
08/05/2000,JAN,MS,ASO,CE,Towers with Radar,49,31,18,12,110,0,1,15,0,16,49,32,33,12,126,0,4,4,130
08/06/2000,JAN,MS,ASO,CE,Towers with Radar,51,27,28,17,123,0,1,18,0,19,51,28,46,17,142,12,34,46,188
08/07/2000,JAN,MS,ASO,CE,Towers with Radar,54,47,45,19,165,0,1,31,0,32,54,48,76,19,197,10,0,10,207
08/08/2000,JAN,MS,ASO,CE,Towers with Radar,53,58,68,29,208,0,3,26,0,29,53,61,94,29,237,0,66,66,303
08/09/2000,JAN,MS,ASO,CE,Towers with Radar,52,59,61,16,188,0,1,32,1,34,52,60,93,17,222,9,6,15,237
08/10/2000,JAN,MS,ASO,CE,Towers with Radar,60,63,49,27,199,0,0,39,6,45,60,63,88,33,244,2,52,54,298
08/11/2000,JAN,MS,ASO,CE,Towers with Radar,61,48,42,24,175,0,1,30,1,32,61,49,72,25,207,6,52,58,265
08/12/2000,JAN,MS,ASO,CE,Towers with Radar,51,41,30,4,126,0,0,16,1,17,51,41,46,5,143,6,0,6,149
08/13/2000,JAN,MS,ASO,CE,Towers with Radar,51,28,20,0,99,0,0,21,0,21,51,28,41,0,120,0,0,0,120
08/14/2000,JAN,MS,ASO,CE,Towers with Radar,64,40,39,22,165,0,0,48,1,49,64,40,87,23,214,4,44,48,262
08/15/2000,JAN,MS,ASO,CE,Towers with Radar,61,60,68,43,232,0,0,49,6,55,61,60,117,49,287,8,160,168,455
08/16/2000,JAN,MS,ASO,CE,Towers with Radar,59,61,69,25,214,0,1,48,2,51,59,62,117,27,265,0,136,136,401
08/17/2000,JAN,MS,ASO,CE,Towers with Radar,56,52,53,31,192,0,1,46,1,48,56,53,99,32,240,0,194,194,434
08/18/2000,JAN,MS,ASO,CE,Towers with Radar,60,52,51,26,189,0,0,22,11,33,60,52,73,37,222,0,74,74,296
08/19/2000,JAN,MS,ASO,CE,Towers with Radar,36,29,29,4,98,20,0,17,0,37,56,29,46,4,135,0,0,0,135
08/20/2000,JAN,MS,ASO,CE,Towers with Radar,36,29,29,12,106,17,0,7,0,24,53,29,36,12,130,0,6,6,136
08/21/2000,JAN,MS,ASO,CE,Towers with Radar,60,46,37,22,165,0,2,33,3,38,60,48,70,25,203,4,34,38,241
08/22/2000,JAN,MS,ASO,CE,Towers with Radar,60,49,62,112,283,0,1,41,1,43,60,50,103,113,326,0,300,300,626
08/23/2000,JAN,MS,ASO,CE,Towers with Radar,66,45,72,59,242,0,1,38,0,39,66,46,110,59,281,21,193,214,495
08/24/2000,JAN,MS,ASO,CE,Towers with Radar,55,51,55,29,190,0,0,43,8,51,55,51,98,37,241,0,138,138,379
08/25/2000,JAN,MS,ASO,CE,Towers with Radar,57,51,51,27,186,0,0,37,4,41,57,51,88,31,227,20,44,64,291
08/26/2000,JAN,MS,ASO,CE,Towers with Radar,42,35,35,6,118,10,1,12,0,23,52,36,47,6,141,14,0,14,155
08/27/2000,JAN,MS,ASO,CE,Towers with Radar,53,30,25,4,112,0,0,21,0,21,53,30,46,4,133,20,2,22,155
08/28/2000,JAN,MS,ASO,CE,Towers with Radar,64,45,41,23,173,0,1,34,2,37,64,46,75,25,210,2,86,88,298
08/29/2000,JAN,MS,ASO,CE,Towers with Radar,69,61,52,42,224,0,1,42,1,44,69,62,94,43,268,32,94,126,394
08/30/2000,JAN,MS,ASO,CE,Towers with Radar,59,56,60,11,186,0,0,45,2,47,59,56,105,13,233,0,0,0,233
08/31/2000,JAN,MS,ASO,CE,Towers with Radar,60,61,60,32,213,0,1,15,8,24,60,62,75,40,237,12,42,54,291
09/01/2000,JAN,MS,ASO,CE,Towers with Radar,59,53,44,24,180,1,0,33,2,36,60,53,77,26,216,0,40,40,256
09/02/2000,JAN,MS,ASO,CE,Towers with Radar,36,32,20,0,88,1,0,11,0,12,37,32,31,0,100,0,0,0,100
09/03/2000,JAN,MS,ASO,CE,Towers with Radar,31,22,21,6,80,1,0,14,0,15,32,22,35,6,95,10,22,32,127
09/04/2000,JAN,MS,ASO,CE,Towers with Radar,45,30,17,0,92,1,0,26,0,27,46,30,43,0,119,4,0,4,123
09/05/2000,JAN,MS,ASO,CE,Towers with Radar,54,50,37,40,181,1,0,23,2,26,55,50,60,42,207,0,38,38,245
09/06/2000,JAN,MS,ASO,CE,Towers with Radar,56,44,49,13,162,0,9,21,0,30,56,53,70,13,192,2,10,12,204
09/07/2000,JAN,MS,ASO,CE,Towers with Radar,60,44,91,37,232,1,0,1,0,2,61,44,92,37,234,0,34,34,268
09/08/2000,JAN,MS,ASO,CE,Towers with Radar,60,53,80,6,199,1,1,3,0,5,61,54,83,6,204,0,2,2,206
09/09/2000,JAN,MS,ASO,CE,Towers with Radar,52,32,29,13,126,1,0,2,0,3,53,32,31,13,129,0,18,18,147
09/10/2000,JAN,MS,ASO,CE,Towers with Radar,54,32,17,20,123,1,0,3,0,4,55,32,20,20,127,56,18,74,201
09/11/2000,JAN,MS,ASO,CE,Towers with Radar,59,56,51,8,174,0,2,14,0,16,59,58,65,8,190,0,0,0,190
09/12/2000,JAN,MS,ASO,CE,Towers with Radar,66,39,53,12,170,18,0,23,0,41,84,39,76,12,211,6,32,38,249
09/13/2000,JAN,MS,ASO,CE,Towers with Radar,68,45,75,15,203,0,1,13,0,14,68,46,88,15,217,2,8,10,227
09/14/2000,JAN,MS,ASO,CE,Towers with Radar,72,43,63,19,197,0,0,43,1,44,72,43,106,20,241,0,24,24,265
09/15/2000,JAN,MS,ASO,CE,Towers with Radar,61,56,37,10,164,0,2,31,0,33,61,58,68,10,197,4,20,24,221
09/16/2000,JAN,MS,ASO,CE,Towers with Radar,59,31,33,3,126,0,2,14,0,16,59,33,47,3,142,2,0,2,144
09/17/2000,JAN,MS,ASO,CE,Towers with Radar,51,34,22,5,112,0,0,25,2,27,51,34,47,7,139,12,2,14,153
09/18/2000,JAN,MS,ASO,CE,Towers with Radar,72,33,47,5,157,0,2,48,0,50,72,35,95,5,207,0,4,4,211
09/19/2000,JAN,MS,ASO,CE,Towers with Radar,64,47,46,39,196,0,0,36,2,38,64,47,82,41,234,2,42,44,278
09/20/2000,JAN,MS,ASO,CE,Towers with Radar,59,54,83,26,222,0,0,25,0,25,59,54,108,26,247,0,28,28,275
09/21/2000,JAN,MS,ASO,CE,Towers with Radar,66,52,78,13,209,0,0,20,0,20,66,52,98,13,229,0,52,52,281
09/22/2000,JAN,MS,ASO,CE,Towers with Radar,55,36,47,8,146,0,2,12,0,14,55,38,59,8,160,0,42,42,202
09/23/2000,JAN,MS,ASO,CE,Towers with Radar,48,35,38,5,126,5,1,2,0,8,53,36,40,5,134,0,6,6,140
09/24/2000,JAN,MS,ASO,CE,Towers with Radar,50,28,33,13,124,0,0,9,0,9,50,28,42,13,133,2,20,22,155
09/25/2000,JAN,MS,ASO,CE,Towers with Radar,66,44,43,22,175,0,2,8,0,10,66,46,51,22,185,2,20,22,207
09/26/2000,JAN,MS,ASO,CE,Towers with Radar,58,55,62,20,195,0,0,50,17,67,58,55,112,37,262,0,68,68,330
09/27/2000,JAN,MS,ASO,CE,Towers with Radar,59,49,53,16,177,0,2,50,3,55,59,51,103,19,232,0,32,32,264
09/28/2000,JAN,MS,ASO,CE,Towers with Radar,62,52,49,12,175,0,0,42,2,44,62,52,91,14,219,14,16,30,249
09/29/2000,JAN,MS,ASO,CE,Towers with Radar,64,49,49,7,169,0,1,37,0,38,64,50,86,7,207,0,0,0,207
09/30/2000,JAN,MS,ASO,CE,Towers with Radar,54,36,23,0,113,0,0,9,0,9,54,36,32,0,122,0,0,0,122
10/01/2000,JAN,MS,ASO,CE,Towers with Radar,49,37,40,0,126,1,1,22,0,24,50,38,62,0,150,6,0,6,156
10/02/2000,JAN,MS,ASO,CE,Towers with Radar,57,54,41,9,161,0,1,42,2,45,57,55,83,11,206,0,6,6,212
10/03/2000,JAN,MS,ASO,CE,Towers with Radar,73,40,37,26,176,0,1,51,4,56,73,41,88,30,232,0,76,76,308
10/04/2000,JAN,MS,ASO,CE,Towers with Radar,70,49,20,22,161,0,1,0,6,7,70,50,20,28,168,6,18,24,192
10/05/2000,JAN,MS,ASO,CE,Towers with Radar,62,49,51,19,181,0,1,22,1,24,62,50,73,20,205,5,22,27,232
10/06/2000,JAN,MS,ASO,CE,Towers with Radar,67,47,35,13,162,0,1,2,1,4,67,48,37,14,166,0,6,6,172
10/07/2000,JAN,MS,ASO,CE,Towers with Radar,54,32,27,15,128,0,1,8,2,11,54,33,35,17,139,10,2,12,151
10/08/2000,JAN,MS,ASO,CE,Towers with Radar,60,21,21,3,105,0,1,21,1,23,60,22,42,4,128,0,0,0,128
10/09/2000,JAN,MS,ASO,CE,Towers with Radar,50,37,41,0,128,13,5,27,0,45,63,42,68,0,173,6,0,6,179
10/10/2000,JAN,MS,ASO,CE,Towers with Radar,67,56,53,17,193,0,1,29,3,33,67,57,82,20,226,2,20,22,248
10/11/2000,JAN,MS,ASO,CE,Towers with Radar,68,56,62,23,209,0,0,40,2,42,68,56,102,25,251,2,22,24,275
10/12/2000,JAN,MS,ASO,CE,Towers with Radar,64,48,70,28,210,0,0,30,2,32,64,48,100,30,242,2,80,82,324
10/13/2000,JAN,MS,ASO,CE,Towers with Radar,58,58,42,15,173,0,2,33,1,36,58,60,75,16,209,0,30,30,239
10/14/2000,JAN,MS,ASO,CE,Towers with Radar,52,41,33,7,133,0,0,19,1,20,52,41,52,8,153,0,4,4,157
10/15/2000,JAN,MS,ASO,CE,Towers with Radar,53,29,41,5,128,0,1,27,1,29,53,30,68,6,157,2,6,8,165
10/16/2000,JAN,MS,ASO,CE,Towers with Radar,65,49,58,15,187,0,0,40,4,44,65,49,98,19,231,10,70,80,311
10/17/2000,JAN,MS,ASO,CE,Towers with Radar,80,41,89,7,217,0,1,26,1,28,80,42,115,8,245,0,6,6,251
10/18/2000,JAN,MS,ASO,CE,Towers with Radar,64,50,71,38,223,0,0,26,1,27,64,50,97,39,250,10,24,34,284
10/19/2000,JAN,MS,ASO,CE,Towers with Radar,67,39,56,8,170,0,0,49,0,49,67,39,105,8,219,12,8,20,239
10/20/2000,JAN,MS,ASO,CE,Towers with Radar,54,50,56,17,177,0,0,27,23,50,54,50,83,40,227,4,50,54,281
10/21/2000,JAN,MS,ASO,CE,Towers with Radar,49,42,34,10,135,0,0,10,1,11,49,42,44,11,146,12,6,18,164
10/22/2000,JAN,MS,ASO,CE,Towers with Radar,51,30,42,6,129,2,0,4,0,6,53,30,46,6,135,8,4,12,147
10/23/2000,JAN,MS,ASO,CE,Towers with Radar,58,46,50,16,170,0,8,22,1,31,58,54,72,17,201,0,20,20,221
10/24/2000,JAN,MS,ASO,CE,Towers with Radar,60,54,59,15,188,0,2,36,1,39,60,56,95,16,227,2,32,34,261
10/25/2000,JAN,MS,ASO,CE,Towers with Radar,58,53,62,25,198,0,0,35,0,35,58,53,97,25,233,16,52,68,301
10/26/2000,JAN,MS,ASO,CE,Towers with Radar,70,51,64,43,228,0,0,27,0,27,70,51,91,43,255,6,58,64,319
10/27/2000,JAN,MS,ASO,CE,Towers with Radar,54,59,39,26,178,0,1,0,0,1,54,60,39,26,179,8,10,18,197
10/28/2000,JAN,MS,ASO,CE,Towers with Radar,48,37,23,1,109,1,0,19,0,20,49,37,42,1,129,0,0,0,129
10/29/2000,JAN,MS,ASO,CE,Towers with Radar,53,34,25,7,119,1,0,18,0,19,54,34,43,7,138,0,0,0,138
10/30/2000,JAN,MS,ASO,CE,Towers with Radar,63,51,41,28,183,0,2,28,1,31,63,53,69,29,214,0,55,55,269
10/31/2000,JAN,MS,ASO,CE,Towers with Radar,66,54,64,30,214,0,1,32,2,35,66,55,96,32,249,0,30,30,279
11/01/2000,JAN,MS,ASO,CE,Towers with Radar,62,54,78,42,236,1,1,30,1,33,63,55,108,43,269,0,154,154,423
11/02/2000,JAN,MS,ASO,CE,Towers with Radar,66,45,84,33,228,0,2,12,1,15,66,47,96,34,243,18,46,64,307
11/03/2000,JAN,MS,ASO,CE,Towers with Radar,64,51,74,4,193,0,1,25,1,27,64,52,99,5,220,0,16,16,236
11/04/2000,JAN,MS,ASO,CE,Towers with Radar,54,37,38,11,140,0,1,3,1,5,54,38,41,12,145,0,0,0,145
11/05/2000,JAN,MS,ASO,CE,Towers with Radar,48,43,32,5,128,0,1,0,1,2,48,44,32,6,130,2,0,2,132
11/06/2000,JAN,MS,ASO,CE,Towers with Radar,52,53,33,4,142,0,2,17,1,20,52,55,50,5,162,14,2,16,178
11/07/2000,JAN,MS,ASO,CE,Towers with Radar,64,53,56,23,196,0,1,21,1,23,64,54,77,24,219,4,40,44,263
11/08/2000,JAN,MS,ASO,CE,Towers with Radar,61,33,57,0,151,0,1,3,0,4,61,34,60,0,155,0,0,0,155
11/09/2000,JAN,MS,ASO,CE,Towers with Radar,48,70,53,23,194,0,1,13,3,17,48,71,66,26,211,0,22,22,233
11/10/2000,JAN,MS,ASO,CE,Towers with Radar,65,58,61,4,188,0,0,26,0,26,65,58,87,4,214,0,6,6,220
11/11/2000,JAN,MS,ASO,CE,Towers with Radar,47,32,28,7,114,10,0,0,0,10,57,32,28,7,124,0,4,4,128
11/12/2000,JAN,MS,ASO,CE,Towers with Radar,50,30,21,0,101,0,0,17,4,21,50,30,38,4,122,2,0,2,124
11/13/2000,JAN,MS,ASO,CE,Towers with Radar,54,59,56,14,183,0,1,7,1,9,54,60,63,15,192,0,22,22,214
11/14/2000,JAN,MS,ASO,CE,Towers with Radar,62,53,69,15,199,0,0,37,3,40,62,53,106,18,239,8,34,42,281
11/15/2000,JAN,MS,ASO,CE,Towers with Radar,53,64,79,6,202,0,1,52,1,54,53,65,131,7,256,2,0,2,258
11/16/2000,JAN,MS,ASO,CE,Towers with Radar,62,62,70,6,200,0,0,4,0,4,62,62,74,6,204,0,8,8,212
11/17/2000,JAN,MS,ASO,CE,Towers with Radar,61,56,59,21,197,0,2,27,0,29,61,58,86,21,226,0,66,66,292
11/18/2000,JAN,MS,ASO,CE,Towers with Radar,51,38,9,0,98,0,0,1,0,1,51,38,10,0,99,0,0,0,99
11/19/2000,JAN,MS,ASO,CE,Towers with Radar,53,37,16,2,108,0,0,6,3,9,53,37,22,5,117,10,2,12,129
11/20/2000,JAN,MS,ASO,CE,Towers with Radar,70,44,30,14,158,0,0,37,2,39,70,44,67,16,197,14,0,14,211
11/21/2000,JAN,MS,ASO,CE,Towers with Radar,59,55,67,21,202,0,0,48,0,48,59,55,115,21,250,0,48,48,298
11/22/2000,JAN,MS,ASO,CE,Towers with Radar,60,57,45,16,178,0,0,45,1,46,60,57,90,17,224,8,52,60,284
11/23/2000,JAN,MS,ASO,CE,Towers with Radar,44,26,7,0,77,0,0,5,0,5,44,26,12,0,82,0,0,0,82
11/24/2000,JAN,MS,ASO,CE,Towers with Radar,44,44,19,0,107,0,0,4,0,4,44,44,23,0,111,0,0,0,111
11/25/2000,JAN,MS,ASO,CE,Towers with Radar,48,38,20,0,106,0,0,4,0,4,48,38,24,0,110,0,0,0,110
11/26/2000,JAN,MS,ASO,CE,Towers with Radar,50,37,27,0,114,0,0,26,0,26,50,37,53,0,140,4,0,4,144
11/27/2000,JAN,MS,ASO,CE,Towers with Radar,60,49,50,30,189,0,0,36,0,36,60,49,86,30,225,0,30,30,255
11/28/2000,JAN,MS,ASO,CE,Towers with Radar,61,49,41,20,171,0,1,48,1,50,61,50,89,21,221,8,46,54,275
11/29/2000,JAN,MS,ASO,CE,Towers with Radar,66,50,68,29,213,0,0,8,1,9,66,50,76,30,222,22,42,64,286
11/30/2000,JAN,MS,ASO,CE,Towers with Radar,65,51,68,24,208,0,0,36,1,37,65,51,104,25,245,0,42,42,287
12/01/2000,JAN,MS,ASO,CE,Towers with Radar,58,58,44,14,174,0,3,29,1,33,58,61,73,15,207,2,58,60,267
12/02/2000,JAN,MS,ASO,CE,Towers with Radar,55,36,24,2,117,0,1,11,1,13,55,37,35,3,130,0,0,0,130
12/03/2000,JAN,MS,ASO,CE,Towers with Radar,55,32,25,10,122,0,1,11,1,13,55,33,36,11,135,2,6,8,143
12/04/2000,JAN,MS,ASO,CE,Towers with Radar,63,45,35,27,170,0,0,27,2,29,63,45,62,29,199,0,32,32,231
12/05/2000,JAN,MS,ASO,CE,Towers with Radar,68,56,54,33,211,0,1,36,6,43,68,57,90,39,254,0,44,44,298
12/06/2000,JAN,MS,ASO,CE,Towers with Radar,61,54,46,17,178,0,0,21,1,22,61,54,67,18,200,2,116,118,318
12/07/2000,JAN,MS,ASO,CE,Towers with Radar,62,46,54,58,220,0,2,34,2,38,62,48,88,60,258,0,160,160,418
12/08/2000,JAN,MS,ASO,CE,Towers with Radar,55,51,46,24,176,0,0,30,1,31,55,51,76,25,207,0,73,73,280
12/09/2000,JAN,MS,ASO,CE,Towers with Radar,50,39,20,4,113,0,0,11,4,15,50,39,31,8,128,2,12,14,142
12/10/2000,JAN,MS,ASO,CE,Towers with Radar,50,33,31,12,126,6,0,2,1,9,56,33,33,13,135,2,10,12,147
12/11/2000,JAN,MS,ASO,CE,Towers with Radar,59,47,51,15,172,0,2,15,1,18,59,49,66,16,190,0,50,50,240
12/12/2000,JAN,MS,ASO,CE,Towers with Radar,55,48,57,51,211,0,1,33,2,36,55,49,90,53,247,2,86,88,335
12/13/2000,JAN,MS,ASO,CE,Towers with Radar,53,37,36,1,127,0,0,4,1,5,53,37,40,2,132,0,0,0,132
12/14/2000,JAN,MS,ASO,CE,Towers with Radar,65,54,92,41,252,0,0,1,1,2,65,54,93,42,254,0,0,0,254
12/15/2000,JAN,MS,ASO,CE,Towers with Radar,65,42,49,30,186,0,0,5,1,6,65,42,54,31,192,0,58,58,250
12/16/2000,JAN,MS,ASO,CE,Towers with Radar,31,24,16,1,72,15,5,0,0,20,46,29,16,1,92,0,0,0,92
12/17/2000,JAN,MS,ASO,CE,Towers with Radar,39,31,24,2,96,13,0,7,0,20,52,31,31,2,116,0,0,0,116
12/18/2000,JAN,MS,ASO,CE,Towers with Radar,57,51,42,14,164,0,0,17,0,17,57,51,59,14,181,0,0,0,181
12/19/2000,JAN,MS,ASO,CE,Towers with Radar,61,62,57,20,200,0,2,19,0,21,61,64,76,20,221,0,14,14,235
12/20/2000,JAN,MS,ASO,CE,Towers with Radar,76,57,44,48,225,0,0,47,0,47,76,57,91,48,272,0,108,108,380
12/21/2000,JAN,MS,ASO,CE,Towers with Radar,67,48,60,19,194,0,2,18,0,20,67,50,78,19,214,0,40,40,254
12/22/2000,JAN,MS,ASO,CE,Towers with Radar,63,56,23,1,143,0,3,50,0,53,63,59,73,1,196,0,0,0,196
12/23/2000,JAN,MS,ASO,CE,Towers with Radar,56,36,17,0,109,0,0,20,0,20,56,36,37,0,129,0,0,0,129
12/24/2000,JAN,MS,ASO,CE,Towers with Radar,34,35,6,0,75,0,3,9,0,12,34,38,15,0,87,0,0,0,87
12/25/2000,JAN,MS,ASO,CE,Towers with Radar,33,23,13,0,69,0,0,5,0,5,33,23,18,0,74,0,0,0,74
12/26/2000,JAN,MS,ASO,CE,Towers with Radar,55,55,37,0,147,0,3,5,0,8,55,58,42,0,155,0,0,0,155
12/27/2000,JAN,MS,ASO,CE,Towers with Radar,53,57,31,0,141,0,0,0,0,0,53,57,31,0,141,0,0,0,141
12/28/2000,JAN,MS,ASO,CE,Towers with Radar,59,60,46,0,165,0,1,0,0,1,59,61,46,0,166,0,0,0,166
12/29/2000,JAN,MS,ASO,CE,Towers with Radar,60,51,32,0,143,0,1,17,0,18,60,52,49,0,161,0,0,0,161
12/30/2000,JAN,MS,ASO,CE,Towers with Radar,50,47,17,0,114,0,0,7,0,7,50,47,24,0,121,0,0,0,121
12/31/2000,JAN,MS,ASO,CE,Towers with Radar,47,23,5,0,75,0,0,7,0,7,47,23,12,0,82,4,0,4,86
01/01/2001,JAN,MS,ASO,CE,Towers with Radar,39,27,19,0,85,2,3,6,0,11,41,30,25,0,96,0,0,0,96
01/02/2001,JAN,MS,ASO,CE,Towers with Radar,56,59,34,20,169,1,3,26,2,32,57,62,60,22,201,2,40,42,243
01/03/2001,JAN,MS,ASO,CE,Towers with Radar,66,50,46,68,230,1,1,31,2,35,67,51,77,70,265,4,134,138,403
01/04/2001,JAN,MS,ASO,CE,Towers with Radar,54,58,59,39,210,1,1,48,2,52,55,59,107,41,262,8,104,112,374
01/05/2001,JAN,MS,ASO,CE,Towers with Radar,57,54,50,27,188,0,17,13,0,30,57,71,63,27,218,2,78,80,298
01/06/2001,JAN,MS,ASO,CE,Towers with Radar,52,39,18,26,135,1,1,16,2,20,53,40,34,28,155,0,48,48,203
01/07/2001,JAN,MS,ASO,CE,Towers with Radar,40,24,28,19,111,23,0,0,5,28,63,24,28,24,139,0,24,24,163
01/08/2001,JAN,MS,ASO,CE,Towers with Radar,60,56,49,32,197,0,2,28,24,54,60,58,77,56,251,0,114,114,365
01/09/2001,JAN,MS,ASO,CE,Towers with Radar,58,54,51,33,196,0,0,33,13,46,58,54,84,46,242,0,104,104,346
01/10/2001,JAN,MS,ASO,CE,Towers with Radar,63,57,54,35,209,0,0,52,10,62,63,57,106,45,271,8,66,74,345
01/11/2001,JAN,MS,ASO,CE,Towers with Radar,63,54,53,34,204,0,0,14,3,17,63,54,67,37,221,4,40,44,265
01/12/2001,JAN,MS,ASO,CE,Towers with Radar,57,57,59,38,211,0,0,18,7,25,57,57,77,45,236,0,54,54,290
01/13/2001,JAN,MS,ASO,CE,Towers with Radar,47,40,35,13,135,1,16,0,0,17,48,56,35,13,152,0,12,12,164
01/14/2001,JAN,MS,ASO,CE,Towers with Radar,33,29,22,0,84,15,6,0,0,21,48,35,22,0,105,0,0,0,105
01/15/2001,JAN,MS,ASO,CE,Towers with Radar,47,45,40,11,143,0,7,23,0,30,47,52,63,11,173,0,18,18,191
01/16/2001,JAN,MS,ASO,CE,Towers with Radar,58,52,47,20,177,0,1,30,0,31,58,53,77,20,208,0,52,52,260
01/17/2001,JAN,MS,ASO,CE,Towers with Radar,57,38,44,6,145,0,0,26,0,26,57,38,70,6,171,0,0,0,171
01/18/2001,JAN,MS,ASO,CE,Towers with Radar,50,39,39,2,130,12,0,14,0,26,62,39,53,2,156,0,0,0,156
01/19/2001,JAN,MS,ASO,CE,Towers with Radar,49,42,38,24,153,9,4,19,1,33,58,46,57,25,186,0,38,38,224
01/20/2001,JAN,MS,ASO,CE,Towers with Radar,40,36,31,8,115,17,6,10,0,33,57,42,41,8,148,4,0,4,152
01/21/2001,JAN,MS,ASO,CE,Towers with Radar,45,38,35,11,129,13,0,11,0,24,58,38,46,11,153,14,2,16,169
01/22/2001,JAN,MS,ASO,CE,Towers with Radar,52,52,45,22,171,0,11,41,0,52,52,63,86,22,223,0,108,108,331
01/23/2001,JAN,MS,ASO,CE,Towers with Radar,61,60,54,35,210,0,0,39,17,56,61,60,93,52,266,4,174,178,444
01/24/2001,JAN,MS,ASO,CE,Towers with Radar,63,54,64,42,223,0,0,34,46,80,63,54,98,88,303,4,177,181,484
01/25/2001,JAN,MS,ASO,CE,Towers with Radar,66,58,62,41,227,0,0,34,36,70,66,58,96,77,297,10,218,228,525
01/26/2001,JAN,MS,ASO,CE,Towers with Radar,61,56,55,31,203,0,0,35,0,35,61,56,90,31,238,0,86,86,324
01/27/2001,JAN,MS,ASO,CE,Towers with Radar,38,34,30,2,104,10,18,3,0,31,48,52,33,2,135,2,2,4,139
01/28/2001,JAN,MS,ASO,CE,Towers with Radar,37,34,29,4,104,13,5,0,0,18,50,39,29,4,122,0,0,0,122
01/29/2001,JAN,MS,ASO,CE,Towers with Radar,41,37,32,0,110,7,21,13,0,41,48,58,45,0,151,0,0,0,151
01/30/2001,JAN,MS,ASO,CE,Towers with Radar,71,51,59,39,220,0,0,23,41,64,71,51,82,80,284,4,182,186,470
01/31/2001,JAN,MS,ASO,CE,Towers with Radar,63,57,49,32,201,47,14,44,4,109,110,71,93,36,310,8,120,128,438
02/01/2001,JAN,MS,ASO,CE,Towers with Radar,53,64,64,39,220,0,0,50,23,73,53,64,114,62,293,3,144,147,440
02/02/2001,JAN,MS,ASO,CE,Towers with Radar,55,57,53,32,197,0,3,5,13,21,55,60,58,45,218,2,86,88,306
02/03/2001,JAN,MS,ASO,CE,Towers with Radar,38,36,34,21,129,14,9,0,4,27,52,45,34,25,156,13,50,63,219
02/04/2001,JAN,MS,ASO,CE,Towers with Radar,37,36,32,16,121,8,5,8,0,21,45,41,40,16,142,2,18,20,162
02/05/2001,JAN,MS,ASO,CE,Towers with Radar,57,54,50,31,192,8,0,20,13,41,65,54,70,44,233,2,100,102,335
02/06/2001,JAN,MS,ASO,CE,Towers with Radar,59,57,52,33,201,1,3,23,25,52,60,60,75,58,253,12,128,140,393
02/07/2001,JAN,MS,ASO,CE,Towers with Radar,55,57,65,41,218,0,0,44,26,70,55,57,109,67,288,18,146,164,452
02/08/2001,JAN,MS,ASO,CE,Towers with Radar,66,47,64,40,217,0,0,19,29,48,66,47,83,69,265,8,154,162,427
02/09/2001,JAN,MS,ASO,CE,Towers with Radar,46,44,40,16,146,11,17,1,0,29,57,61,41,16,175,0,34,34,209
02/10/2001,JAN,MS,ASO,CE,Towers with Radar,41,40,36,3,120,12,1,4,0,17,53,41,40,3,137,2,20,22,159
02/11/2001,JAN,MS,ASO,CE,Towers with Radar,39,23,34,4,100,26,0,5,0,31,65,23,39,4,131,0,2,2,133
02/12/2001,JAN,MS,ASO,CE,Towers with Radar,54,53,48,28,183,0,4,30,0,34,54,57,78,28,217,0,126,126,343
02/13/2001,JAN,MS,ASO,CE,Towers with Radar,48,53,48,13,162,0,8,31,0,39,48,61,79,13,201,4,6,10,211
02/14/2001,JAN,MS,ASO,CE,Towers with Radar,54,61,55,35,205,0,3,26,8,37,54,64,81,43,242,0,122,122,364
02/15/2001,JAN,MS,ASO,CE,Towers with Radar,65,59,70,44,238,0,0,56,31,87,65,59,126,75,325,12,160,172,497
02/16/2001,JAN,MS,ASO,CE,Towers with Radar,40,39,35,3,117,18,3,14,0,35,58,42,49,3,152,0,2,2,154
02/17/2001,JAN,MS,ASO,CE,Towers with Radar,37,36,33,2,108,13,3,18,0,34,50,39,51,2,142,10,0,10,152
02/18/2001,JAN,MS,ASO,CE,Towers with Radar,36,33,30,4,103,15,5,32,0,52,51,38,62,4,155,8,2,10,165
02/19/2001,JAN,MS,ASO,CE,Towers with Radar,47,44,41,2,134,4,10,39,0,53,51,54,80,2,187,20,0,20,207
02/20/2001,JAN,MS,ASO,CE,Towers with Radar,47,73,68,42,230,0,2,41,4,47,47,75,109,46,277,6,114,120,397
02/21/2001,JAN,MS,ASO,CE,Towers with Radar,46,65,61,37,209,0,4,29,8,41,46,69,90,45,250,4,74,78,328
02/22/2001,JAN,MS,ASO,CE,Towers with Radar,58,63,72,44,237,0,0,16,21,37,58,63,88,65,274,0,86,86,360
02/23/2001,JAN,MS,ASO,CE,Towers with Radar,70,45,64,39,218,0,0,46,11,57,70,45,110,50,275,30,152,182,457
02/24/2001,JAN,MS,ASO,CE,Towers with Radar,28,25,9,0,62,20,15,0,0,35,48,40,9,0,97,0,0,0,97
02/25/2001,JAN,MS,ASO,CE,Towers with Radar,38,36,34,19,127,13,1,8,0,22,51,37,42,19,149,10,60,70,219
02/26/2001,JAN,MS,ASO,CE,Towers with Radar,51,51,48,28,178,0,12,22,0,34,51,63,70,28,212,6,43,49,261
02/27/2001,JAN,MS,ASO,CE,Towers with Radar,50,47,44,14,155,5,17,11,0,33,55,64,55,14,188,0,32,32,220
02/28/2001,JAN,MS,ASO,CE,Towers with Radar,58,56,53,25,192,0,3,10,0,13,58,59,63,25,205,0,48,48,253
03/01/2001,JAN,MS,ASO,CE,Towers with Radar,55,58,46,19,178,0,5,11,0,16,55,63,57,19,194,0,10,10,204
03/02/2001,JAN,MS,ASO,CE,Towers with Radar,54,61,42,0,157,0,0,0,1,1,54,61,42,1,158,0,0,0,158
03/03/2001,JAN,MS,ASO,CE,Towers with Radar,43,49,28,0,120,0,0,1,1,2,43,49,29,1,122,0,0,0,122
03/04/2001,JAN,MS,ASO,CE,Towers with Radar,46,42,35,29,152,0,0,4,3,7,46,42,39,32,159,0,58,58,217
03/05/2001,JAN,MS,ASO,CE,Towers with Radar,54,63,52,32,201,0,0,45,27,72,54,63,97,59,273,2,118,120,393
03/06/2001,JAN,MS,ASO,CE,Towers with Radar,55,68,53,59,235,0,0,46,4,50,55,68,99,63,285,0,138,138,423
03/07/2001,JAN,MS,ASO,CE,Towers with Radar,56,57,51,32,196,0,0,58,0,58,56,57,109,32,254,12,134,146,400
03/08/2001,JAN,MS,ASO,CE,Towers with Radar,60,51,50,20,181,9,0,44,0,53,69,51,94,20,234,16,10,26,260
03/09/2001,JAN,MS,ASO,CE,Towers with Radar,53,68,62,32,215,0,0,23,2,25,53,68,85,34,240,8,64,72,312
03/10/2001,JAN,MS,ASO,CE,Towers with Radar,47,49,25,1,122,0,1,19,1,21,47,50,44,2,143,24,0,24,167
03/11/2001,JAN,MS,ASO,CE,Towers with Radar,49,35,26,8,118,0,0,5,2,7,49,35,31,10,125,0,2,2,127
03/12/2001,JAN,MS,ASO,CE,Towers with Radar,36,38,30,6,110,12,20,1,0,33,48,58,31,6,143,2,8,10,153
03/13/2001,JAN,MS,ASO,CE,Towers with Radar,60,60,42,48,210,0,0,37,6,43,60,60,79,54,253,2,112,114,367
03/14/2001,JAN,MS,ASO,CE,Towers with Radar,53,59,67,6,185,0,2,5,2,9,53,61,72,8,194,2,36,38,232
03/15/2001,JAN,MS,ASO,CE,Towers with Radar,55,58,43,59,215,0,0,36,4,40,55,58,79,63,255,22,112,134,389
03/16/2001,JAN,MS,ASO,CE,Towers with Radar,55,64,48,34,201,0,0,48,4,52,55,64,96,38,253,5,90,95,348
03/17/2001,JAN,MS,ASO,CE,Towers with Radar,56,39,23,9,127,0,5,14,1,20,56,44,37,10,147,8,4,12,159
03/18/2001,JAN,MS,ASO,CE,Towers with Radar,48,45,34,12,139,0,0,23,4,27,48,45,57,16,166,10,28,38,204
03/19/2001,JAN,MS,ASO,CE,Towers with Radar,52,59,39,57,207,0,0,22,2,24,52,59,61,59,231,0,164,164,395
03/20/2001,JAN,MS,ASO,CE,Towers with Radar,57,56,55,40,208,0,0,16,1,17,57,56,71,41,225,0,107,107,332
03/21/2001,JAN,MS,ASO,CE,Towers with Radar,58,59,52,50,219,0,2,42,3,47,58,61,94,53,266,0,146,146,412
03/22/2001,JAN,MS,ASO,CE,Towers with Radar,59,54,55,35,203,0,0,35,4,39,59,54,90,39,242,12,50,62,304
03/23/2001,JAN,MS,ASO,CE,Towers with Radar,54,52,67,31,204,0,0,43,1,44,54,52,110,32,248,9,94,103,351
03/24/2001,JAN,MS,ASO,CE,Towers with Radar,50,39,19,0,108,0,0,7,0,7,50,39,26,0,115,0,0,0,115
03/25/2001,JAN,MS,ASO,CE,Towers with Radar,47,35,27,2,111,0,3,23,1,27,47,38,50,3,138,2,0,2,140
03/26/2001,JAN,MS,ASO,CE,Towers with Radar,49,55,44,22,170,0,8,25,0,33,49,63,69,22,203,4,104,108,311
03/27/2001,JAN,MS,ASO,CE,Towers with Radar,51,62,48,40,201,0,0,36,2,38,51,62,84,42,239,12,128,140,379
03/28/2001,JAN,MS,ASO,CE,Towers with Radar,52,62,46,35,195,0,0,8,1,9,52,62,54,36,204,2,48,50,254
03/29/2001,JAN,MS,ASO,CE,Towers with Radar,60,55,43,58,216,0,0,6,1,7,60,55,49,59,223,8,88,96,319
03/30/2001,JAN,MS,ASO,CE,Towers with Radar,51,56,65,75,247,0,0,17,1,18,51,56,82,76,265,12,102,114,379
03/31/2001,JAN,MS,ASO,CE,Towers with Radar,46,43,26,0,115,0,0,18,2,20,46,43,44,2,135,0,0,0,135
04/01/2001,JAN,MS,ASO,CE,Towers with Radar,51,26,21,7,105,2,10,8,0,20,53,36,29,7,125,0,0,0,125
04/02/2001,JAN,MS,ASO,CE,Towers with Radar,53,48,29,58,188,1,1,30,1,33,54,49,59,59,221,0,140,140,361
04/03/2001,JAN,MS,ASO,CE,Towers with Radar,59,50,53,29,191,1,1,9,1,12,60,51,62,30,203,0,56,56,259
04/04/2001,JAN,MS,ASO,CE,Towers with Radar,52,43,68,63,226,1,1,4,1,7,53,44,72,64,233,0,112,112,345
04/05/2001,JAN,MS,ASO,CE,Towers with Radar,47,62,68,67,244,1,1,16,10,28,48,63,84,77,272,4,178,182,454
04/06/2001,JAN,MS,ASO,CE,Towers with Radar,56,51,56,23,186,0,0,42,0,42,56,51,98,23,228,4,38,42,270
04/07/2001,JAN,MS,ASO,CE,Towers with Radar,51,37,42,11,141,1,3,9,1,14,52,40,51,12,155,8,10,18,173
04/08/2001,JAN,MS,ASO,CE,Towers with Radar,48,31,31,2,112,1,1,14,1,17,49,32,45,3,129,17,11,28,157
04/09/2001,JAN,MS,ASO,CE,Towers with Radar,53,52,48,36,189,1,0,21,3,25,54,52,69,39,214,8,102,110,324
04/10/2001,JAN,MS,ASO,CE,Towers with Radar,69,43,71,64,247,1,0,44,7,52,70,43,115,71,299,8,205,213,512
04/11/2001,JAN,MS,ASO,CE,Towers with Radar,68,49,61,37,215,0,0,46,24,70,68,49,107,61,285,8,122,130,415
04/12/2001,JAN,MS,ASO,CE,Towers with Radar,56,58,57,30,201,0,0,23,0,23,56,58,80,30,224,8,68,76,300
04/13/2001,JAN,MS,ASO,CE,Towers with Radar,53,53,52,23,181,0,1,21,0,22,53,54,73,23,203,2,22,24,227
04/14/2001,JAN,MS,ASO,CE,Towers with Radar,53,33,12,0,98,1,0,2,1,4,54,33,14,1,102,2,0,2,104
04/15/2001,JAN,MS,ASO,CE,Towers with Radar,58,24,16,2,100,1,0,0,2,3,59,24,16,4,103,4,16,20,123
04/16/2001,JAN,MS,ASO,CE,Towers with Radar,52,52,44,20,168,1,0,52,7,60,53,52,96,27,228,26,26,52,280
04/17/2001,JAN,MS,ASO,CE,Towers with Radar,48,64,56,32,200,1,1,27,3,32,49,65,83,35,232,4,122,126,358
04/18/2001,JAN,MS,ASO,CE,Towers with Radar,58,54,48,46,206,1,0,44,7,52,59,54,92,53,258,16,98,114,372
04/19/2001,JAN,MS,ASO,CE,Towers with Radar,53,55,53,35,196,1,0,38,2,41,54,55,91,37,237,8,76,84,321
04/20/2001,JAN,MS,ASO,CE,Towers with Radar,56,58,46,28,188,1,1,26,1,29,57,59,72,29,217,2,120,122,339
04/21/2001,JAN,MS,ASO,CE,Towers with Radar,46,38,25,15,124,1,0,3,1,5,47,38,28,16,129,0,48,48,177
04/22/2001,JAN,MS,ASO,CE,Towers with Radar,51,34,42,8,135,1,0,12,2,15,52,34,54,10,150,0,24,24,174
04/23/2001,JAN,MS,ASO,CE,Towers with Radar,47,57,46,25,175,0,1,25,1,27,47,58,71,26,202,4,31,35,237
04/24/2001,JAN,MS,ASO,CE,Towers with Radar,50,61,51,55,217,0,1,24,1,26,50,62,75,56,243,4,114,118,361
04/25/2001,JAN,MS,ASO,CE,Towers with Radar,48,56,63,43,210,0,1,53,7,61,48,57,116,50,271,22,157,179,450
04/26/2001,JAN,MS,ASO,CE,Towers with Radar,59,56,57,35,207,0,0,53,1,54,59,56,110,36,261,0,120,120,381
04/27/2001,JAN,MS,ASO,CE,Towers with Radar,58,46,50,29,183,6,0,60,0,66,64,46,110,29,249,6,115,121,370
04/28/2001,JAN,MS,ASO,CE,Towers with Radar,50,38,28,1,117,1,1,28,2,32,51,39,56,3,149,1,8,9,158
04/29/2001,JAN,MS,ASO,CE,Towers with Radar,48,33,29,14,124,1,1,22,3,27,49,34,51,17,151,4,36,40,191
04/30/2001,JAN,MS,ASO,CE,Towers with Radar,44,38,39,14,135,9,19,34,0,62,53,57,73,14,197,8,2,10,207
05/01/2001,JAN,MS,ASO,CE,Towers with Radar,60,48,44,15,167,1,3,30,1,35,61,51,74,16,202,0,26,26,228
05/02/2001,JAN,MS,ASO,CE,Towers with Radar,49,54,50,44,197,1,1,30,0,32,50,55,80,44,229,22,90,112,341
05/03/2001,JAN,MS,ASO,CE,Towers with Radar,53,56,49,26,184,0,4,25,0,29,53,60,74,26,213,3,30,33,246
05/04/2001,JAN,MS,ASO,CE,Towers with Radar,51,54,37,17,159,1,1,41,2,45,52,55,78,19,204,18,50,68,272
05/05/2001,JAN,MS,ASO,CE,Towers with Radar,48,34,20,26,128,1,3,17,0,21,49,37,37,26,149,2,20,22,171
05/06/2001,JAN,MS,ASO,CE,Towers with Radar,49,26,30,15,120,1,1,17,0,19,50,27,47,15,139,0,10,10,149
05/07/2001,JAN,MS,ASO,CE,Towers with Radar,47,55,43,20,165,1,1,22,2,26,48,56,65,22,191,0,56,56,247
05/08/2001,JAN,MS,ASO,CE,Towers with Radar,52,55,53,38,198,0,0,31,12,43,52,55,84,50,241,0,130,130,371
05/09/2001,JAN,MS,ASO,CE,Towers with Radar,46,62,58,39,205,0,0,34,16,50,46,62,92,55,255,0,174,174,429
05/10/2001,JAN,MS,ASO,CE,Towers with Radar,51,58,56,30,195,0,0,46,0,46,51,58,102,30,241,0,130,130,371
05/11/2001,JAN,MS,ASO,CE,Towers with Radar,55,54,49,33,191,0,0,20,4,24,55,54,69,37,215,0,99,99,314
05/12/2001,JAN,MS,ASO,CE,Towers with Radar,37,33,30,1,101,12,4,8,0,24,49,37,38,1,125,4,0,4,129
05/13/2001,JAN,MS,ASO,CE,Towers with Radar,34,31,27,1,93,14,5,28,0,47,48,36,55,1,140,0,0,0,140
05/14/2001,JAN,MS,ASO,CE,Towers with Radar,53,48,42,30,173,2,5,40,19,66,55,53,82,49,239,7,139,146,385
05/15/2001,JAN,MS,ASO,CE,Towers with Radar,56,56,56,39,207,0,0,70,34,104,56,56,126,73,311,12,236,248,559
05/16/2001,JAN,MS,ASO,CE,Towers with Radar,59,52,51,36,198,0,0,36,20,56,59,52,87,56,254,0,92,92,346
05/17/2001,JAN,MS,ASO,CE,Towers with Radar,59,51,53,36,199,0,0,64,14,78,59,51,117,50,277,16,137,153,430
05/18/2001,JAN,MS,ASO,CE,Towers with Radar,57,52,46,31,186,0,1,28,7,36,57,53,74,38,222,10,114,124,346
05/19/2001,JAN,MS,ASO,CE,Towers with Radar,36,33,29,17,115,11,4,12,0,27,47,37,41,17,142,1,23,24,166
05/20/2001,JAN,MS,ASO,CE,Towers with Radar,40,31,31,8,110,7,0,0,0,7,47,31,31,8,117,0,8,8,125
05/21/2001,JAN,MS,ASO,CE,Towers with Radar,37,34,30,7,108,18,21,5,0,44,55,55,35,7,152,0,38,38,190
05/22/2001,JAN,MS,ASO,CE,Towers with Radar,64,55,51,34,204,0,0,30,12,42,64,55,81,46,246,6,76,82,328
05/23/2001,JAN,MS,ASO,CE,Towers with Radar,52,56,47,32,187,0,4,50,11,65,52,60,97,43,252,0,110,110,362
05/24/2001,JAN,MS,ASO,CE,Towers with Radar,63,48,50,34,195,0,0,37,21,58,63,48,87,55,253,0,68,68,321
05/25/2001,JAN,MS,ASO,CE,Towers with Radar,54,51,44,20,169,0,0,43,0,43,54,51,87,20,212,2,48,50,262
05/26/2001,JAN,MS,ASO,CE,Towers with Radar,29,27,22,3,81,14,13,8,0,35,43,40,30,3,116,4,0,4,120
05/27/2001,JAN,MS,ASO,CE,Towers with Radar,23,20,12,0,55,24,3,0,0,27,47,23,12,0,82,2,0,2,84
05/28/2001,JAN,MS,ASO,CE,Towers with Radar,28,25,21,0,74,9,6,12,0,27,37,31,33,0,101,0,0,0,101
05/29/2001,JAN,MS,ASO,CE,Towers with Radar,58,52,45,30,185,1,1,46,0,48,59,53,91,30,233,4,102,106,339
05/30/2001,JAN,MS,ASO,CE,Towers with Radar,57,56,51,36,200,0,0,45,9,54,57,56,96,45,254,30,82,112,366
05/31/2001,JAN,MS,ASO,CE,Towers with Radar,54,48,41,18,161,10,0,20,0,30,64,48,61,18,191,12,26,38,229
06/01/2001,JAN,MS,ASO,CE,Towers with Radar,55,47,54,5,161,1,0,26,3,30,56,47,80,8,191,2,32,34,225
06/02/2001,JAN,MS,ASO,CE,Towers with Radar,46,36,15,2,99,1,1,19,0,21,47,37,34,2,120,2,0,2,122
06/03/2001,JAN,MS,ASO,CE,Towers with Radar,52,23,29,13,117,1,0,20,0,21,53,23,49,13,138,12,4,16,154
06/04/2001,JAN,MS,ASO,CE,Towers with Radar,45,39,35,13,132,6,12,19,0,37,51,51,54,13,169,4,30,34,203
06/05/2001,JAN,MS,ASO,CE,Towers with Radar,59,56,44,77,236,1,0,29,3,33,60,56,73,80,269,10,118,128,397
06/06/2001,JAN,MS,ASO,CE,Towers with Radar,54,50,51,7,162,1,0,2,0,3,55,50,53,7,165,0,16,16,181
06/07/2001,JAN,MS,ASO,CE,Towers with Radar,51,51,47,11,160,1,1,9,0,11,52,52,56,11,171,0,18,18,189
06/08/2001,JAN,MS,ASO,CE,Towers with Radar,53,50,43,42,188,1,0,16,0,17,54,50,59,42,205,0,64,64,269
06/09/2001,JAN,MS,ASO,CE,Towers with Radar,44,39,19,14,116,1,1,2,2,6,45,40,21,16,122,0,30,30,152
06/10/2001,JAN,MS,ASO,CE,Towers with Radar,52,31,19,15,117,1,0,3,1,5,53,31,22,16,122,2,38,40,162
06/11/2001,JAN,MS,ASO,CE,Towers with Radar,51,57,51,64,223,1,0,33,0,34,52,57,84,64,257,6,196,202,459
06/12/2001,JAN,MS,ASO,CE,Towers with Radar,60,53,51,67,231,1,1,40,0,42,61,54,91,67,273,2,200,202,475
06/13/2001,JAN,MS,ASO,CE,Towers with Radar,49,56,63,35,203,1,2,26,1,30,50,58,89,36,233,0,136,136,369
06/14/2001,JAN,MS,ASO,CE,Towers with Radar,74,40,46,84,244,1,0,45,2,48,75,40,91,86,292,8,300,308,600
06/15/2001,JAN,MS,ASO,CE,Towers with Radar,48,47,41,23,159,1,0,31,0,32,49,47,72,23,191,0,46,46,237
06/16/2001,JAN,MS,ASO,CE,Towers with Radar,43,40,9,0,92,1,1,14,0,16,44,41,23,0,108,6,0,6,114
06/17/2001,JAN,MS,ASO,CE,Towers with Radar,62,21,25,19,127,1,0,25,0,26,63,21,50,19,153,15,31,46,199
06/18/2001,JAN,MS,ASO,CE,Towers with Radar,45,45,40,35,165,1,0,50,0,51,46,45,90,35,216,2,96,98,314
06/19/2001,JAN,MS,ASO,CE,Towers with Radar,52,47,82,39,220,1,2,43,4,50,53,49,125,43,270,8,110,118,388
06/20/2001,JAN,MS,ASO,CE,Towers with Radar,64,41,52,49,206,1,0,27,3,31,65,41,79,52,237,2,36,38,275
06/21/2001,JAN,MS,ASO,CE,Towers with Radar,42,57,49,33,181,1,1,29,0,31,43,58,78,33,212,20,74,94,306
06/22/2001,JAN,MS,ASO,CE,Towers with Radar,56,51,38,45,190,1,0,27,0,28,57,51,65,45,218,10,158,168,386
06/23/2001,JAN,MS,ASO,CE,Towers with Radar,45,40,25,19,129,1,2,20,2,25,46,42,45,21,154,2,30,32,186
06/24/2001,JAN,MS,ASO,CE,Towers with Radar,47,31,33,17,128,0,0,18,3,21,47,31,51,20,149,14,12,26,175
06/25/2001,JAN,MS,ASO,CE,Towers with Radar,63,41,54,34,192,0,0,36,2,38,63,41,90,36,230,2,108,110,340
06/26/2001,JAN,MS,ASO,CE,Towers with Radar,49,54,49,39,191,0,5,49,19,73,49,59,98,58,264,8,268,276,540
06/27/2001,JAN,MS,ASO,CE,Towers with Radar,49,48,44,23,164,0,5,27,0,32,49,53,71,23,196,0,48,48,244
06/28/2001,JAN,MS,ASO,CE,Towers with Radar,56,58,56,44,214,0,0,34,17,51,56,58,90,61,265,0,114,114,379
06/29/2001,JAN,MS,ASO,CE,Towers with Radar,54,47,42,33,176,0,5,22,4,31,54,52,64,37,207,8,100,108,315
06/30/2001,JAN,MS,ASO,CE,Towers with Radar,48,31,35,28,142,17,0,0,4,21,65,31,35,32,163,6,116,122,285
07/01/2001,JAN,MS,ASO,CE,Towers with Radar,47,23,26,2,98,2,0,17,0,19,49,23,43,2,117,8,0,8,125
07/02/2001,JAN,MS,ASO,CE,Towers with Radar,51,51,33,40,175,0,1,28,6,35,51,52,61,46,210,6,108,114,324
07/03/2001,JAN,MS,ASO,CE,Towers with Radar,53,47,47,22,169,0,0,27,2,29,53,47,74,24,198,12,84,96,294
07/04/2001,JAN,MS,ASO,CE,Towers with Radar,49,30,22,0,101,2,0,14,0,16,51,30,36,0,117,2,0,2,119
07/05/2001,JAN,MS,ASO,CE,Towers with Radar,55,46,40,9,150,0,0,33,2,35,55,46,73,11,185,8,40,48,233
07/06/2001,JAN,MS,ASO,CE,Towers with Radar,52,55,24,10,141,0,1,23,5,29,52,56,47,15,170,2,40,42,212
07/07/2001,JAN,MS,ASO,CE,Towers with Radar,47,36,17,7,107,0,0,10,4,14,47,36,27,11,121,4,38,42,163
07/08/2001,JAN,MS,ASO,CE,Towers with Radar,38,30,29,12,109,7,0,17,0,24,45,30,46,12,133,12,6,18,151
07/09/2001,JAN,MS,ASO,CE,Towers with Radar,52,57,49,30,188,0,0,28,24,52,52,57,77,54,240,4,118,122,362
07/10/2001,JAN,MS,ASO,CE,Towers with Radar,57,53,71,27,208,0,0,30,2,32,57,53,101,29,240,0,136,136,376
07/11/2001,JAN,MS,ASO,CE,Towers with Radar,58,51,58,32,199,0,0,41,5,46,58,51,99,37,245,12,106,118,363
07/12/2001,JAN,MS,ASO,CE,Towers with Radar,47,45,39,15,146,0,18,36,0,54,47,63,75,15,200,3,41,44,244
07/13/2001,JAN,MS,ASO,CE,Towers with Radar,49,43,37,9,138,5,12,14,0,31,54,55,51,9,169,14,18,32,201
07/14/2001,JAN,MS,ASO,CE,Towers with Radar,49,25,15,0,89,1,0,29,1,31,50,25,44,1,120,12,0,12,132
07/15/2001,JAN,MS,ASO,CE,Towers with Radar,52,26,24,24,126,0,0,10,3,13,52,26,34,27,139,4,51,55,194
07/16/2001,JAN,MS,ASO,CE,Towers with Radar,51,48,44,42,185,0,0,39,3,42,51,48,83,45,227,4,198,202,429
07/17/2001,JAN,MS,ASO,CE,Towers with Radar,58,54,61,74,247,0,0,30,2,32,58,54,91,76,279,34,200,234,513
07/18/2001,JAN,MS,ASO,CE,Towers with Radar,55,58,50,58,221,0,1,41,8,50,55,59,91,66,271,28,128,156,427
07/19/2001,JAN,MS,ASO,CE,Towers with Radar,58,56,85,61,260,0,0,46,5,51,58,56,131,66,311,4,128,132,443
07/20/2001,JAN,MS,ASO,CE,Towers with Radar,56,48,44,36,184,0,0,30,4,34,56,48,74,40,218,10,74,84,302
07/21/2001,JAN,MS,ASO,CE,Towers with Radar,55,38,18,16,127,0,0,20,2,22,55,38,38,18,149,6,74,80,229
07/22/2001,JAN,MS,ASO,CE,Towers with Radar,47,34,35,13,129,0,0,16,0,16,47,34,51,13,145,4,22,26,171
07/23/2001,JAN,MS,ASO,CE,Towers with Radar,52,45,38,11,146,3,3,27,0,33,55,48,65,11,179,2,36,38,217
07/24/2001,JAN,MS,ASO,CE,Towers with Radar,47,55,47,29,178,0,4,47,0,51,47,59,94,29,229,0,110,110,339
07/25/2001,JAN,MS,ASO,CE,Towers with Radar,61,57,48,30,196,0,0,23,21,44,61,57,71,51,240,15,136,151,391
07/26/2001,JAN,MS,ASO,CE,Towers with Radar,55,47,41,24,167,0,4,3,5,12,55,51,44,29,179,0,28,28,207
07/27/2001,JAN,MS,ASO,CE,Towers with Radar,57,47,47,28,179,0,0,26,2,28,57,47,73,30,207,2,86,88,295
07/28/2001,JAN,MS,ASO,CE,Towers with Radar,42,36,31,5,114,14,2,9,0,25,56,38,40,5,139,2,24,26,165
07/29/2001,JAN,MS,ASO,CE,Towers with Radar,42,24,31,13,110,15,0,16,0,31,57,24,47,13,141,0,4,4,145
07/30/2001,JAN,MS,ASO,CE,Towers with Radar,54,46,41,26,167,4,8,17,5,34,58,54,58,31,201,14,88,102,303
07/31/2001,JAN,MS,ASO,CE,Towers with Radar,54,51,45,29,179,0,2,26,5,33,54,53,71,34,212,2,30,32,244
08/01/2001,JAN,MS,ASO,CE,Towers with Radar,59,52,46,23,180,0,0,38,4,42,59,52,84,27,222,4,78,82,304
08/02/2001,JAN,MS,ASO,CE,Towers with Radar,61,49,45,22,177,0,0,41,0,41,61,49,86,22,218,0,152,152,370
08/03/2001,JAN,MS,ASO,CE,Towers with Radar,49,62,51,26,188,0,3,27,19,49,49,65,78,45,237,14,118,132,369
08/04/2001,JAN,MS,ASO,CE,Towers with Radar,60,34,33,11,138,0,0,22,2,24,60,34,55,13,162,6,0,6,168
08/05/2001,JAN,MS,ASO,CE,Towers with Radar,61,26,18,1,106,0,0,12,0,12,61,26,30,1,118,0,0,0,118
08/06/2001,JAN,MS,ASO,CE,Towers with Radar,46,40,32,7,125,19,2,10,0,31,65,42,42,7,156,4,22,26,182
08/07/2001,JAN,MS,ASO,CE,Towers with Radar,54,47,37,19,157,0,12,21,5,38,54,59,58,24,195,0,106,106,301
08/08/2001,JAN,MS,ASO,CE,Towers with Radar,62,57,65,15,199,0,0,13,0,13,62,57,78,15,212,13,54,67,279
08/09/2001,JAN,MS,ASO,CE,Towers with Radar,67,43,43,32,185,0,0,24,0,24,67,43,67,32,209,8,58,66,275
08/10/2001,JAN,MS,ASO,CE,Towers with Radar,62,52,61,34,209,0,0,9,4,13,62,52,70,38,222,0,36,36,258
08/11/2001,JAN,MS,ASO,CE,Towers with Radar,51,39,17,18,125,0,0,9,2,11,51,39,26,20,136,0,74,74,210
08/12/2001,JAN,MS,ASO,CE,Towers with Radar,48,38,13,5,104,0,0,12,0,12,48,38,25,5,116,0,0,0,116
08/13/2001,JAN,MS,ASO,CE,Towers with Radar,54,51,30,21,156,1,0,19,0,20,55,51,49,21,176,0,12,12,188
08/14/2001,JAN,MS,ASO,CE,Towers with Radar,61,50,45,21,177,0,0,33,4,37,61,50,78,25,214,2,86,88,302
08/15/2001,JAN,MS,ASO,CE,Towers with Radar,61,52,40,14,167,1,1,34,6,42,62,53,74,20,209,2,10,12,221
08/16/2001,JAN,MS,ASO,CE,Towers with Radar,58,55,58,36,207,0,0,23,1,24,58,55,81,37,231,26,134,160,391
08/17/2001,JAN,MS,ASO,CE,Towers with Radar,65,48,55,24,192,0,0,28,0,28,65,48,83,24,220,12,14,26,246
08/18/2001,JAN,MS,ASO,CE,Towers with Radar,48,45,24,0,117,0,0,13,0,13,48,45,37,0,130,6,0,6,136
08/19/2001,JAN,MS,ASO,CE,Towers with Radar,49,38,29,4,120,0,0,14,0,14,49,38,43,4,134,0,2,2,136
08/20/2001,JAN,MS,ASO,CE,Towers with Radar,55,60,53,18,186,0,2,28,0,30,55,62,81,18,216,2,74,76,292
08/21/2001,JAN,MS,ASO,CE,Towers with Radar,74,43,66,35,218,0,0,43,2,45,74,43,109,37,263,6,76,82,345
08/22/2001,JAN,MS,ASO,CE,Towers with Radar,60,62,52,27,201,0,1,49,7,57,60,63,101,34,258,24,134,158,416
08/23/2001,JAN,MS,ASO,CE,Towers with Radar,62,57,53,38,210,0,0,47,0,47,62,57,100,38,257,14,104,118,375
08/24/2001,JAN,MS,ASO,CE,Towers with Radar,53,57,37,17,164,0,0,37,0,37,53,57,74,17,201,10,122,132,333
08/25/2001,JAN,MS,ASO,CE,Towers with Radar,43,36,29,13,121,7,2,15,0,24,50,38,44,13,145,26,2,28,173
08/26/2001,JAN,MS,ASO,CE,Towers with Radar,37,31,24,4,96,8,9,0,0,17,45,40,24,4,113,0,0,0,113
08/27/2001,JAN,MS,ASO,CE,Towers with Radar,53,45,37,15,150,10,6,19,0,35,63,51,56,15,185,0,6,6,191
08/28/2001,JAN,MS,ASO,CE,Towers with Radar,65,48,56,40,209,0,0,23,0,23,65,48,79,40,232,0,102,102,334
08/29/2001,JAN,MS,ASO,CE,Towers with Radar,60,53,52,37,202,0,0,34,0,34,60,53,86,37,236,11,78,89,325
08/30/2001,JAN,MS,ASO,CE,Towers with Radar,65,48,53,23,189,0,0,19,7,26,65,48,72,30,215,6,90,96,311
08/31/2001,JAN,MS,ASO,CE,Towers with Radar,48,69,54,4,175,0,0,11,2,13,48,69,65,6,188,4,0,4,192
09/01/2001,JAN,MS,ASO,CE,Towers with Radar,31,44,10,0,85,2,1,0,0,3,33,45,10,0,88,0,0,0,88
09/02/2001,JAN,MS,ASO,CE,Towers with Radar,33,35,9,0,77,0,1,6,0,7,33,36,15,0,84,2,0,2,86
09/03/2001,JAN,MS,ASO,CE,Towers with Radar,48,31,10,0,89,0,1,6,1,8,48,32,16,1,97,0,0,0,97
09/04/2001,JAN,MS,ASO,CE,Towers with Radar,52,60,22,23,157,0,0,19,3,22,52,60,41,26,179,0,116,116,295
09/05/2001,JAN,MS,ASO,CE,Towers with Radar,49,54,85,21,209,0,1,35,5,41,49,55,120,26,250,21,34,55,305
09/06/2001,JAN,MS,ASO,CE,Towers with Radar,52,49,45,36,182,0,1,45,3,49,52,50,90,39,231,8,212,220,451
09/07/2001,JAN,MS,ASO,CE,Towers with Radar,52,49,58,43,202,0,1,15,5,21,52,50,73,48,223,0,58,58,281
09/08/2001,JAN,MS,ASO,CE,Towers with Radar,32,27,21,2,82,14,1,3,0,18,46,28,24,2,100,0,0,0,100
09/09/2001,JAN,MS,ASO,CE,Towers with Radar,50,23,22,8,103,0,1,6,3,10,50,24,28,11,113,0,6,6,119
09/10/2001,JAN,MS,ASO,CE,Towers with Radar,46,53,16,45,160,0,1,44,6,51,46,54,60,51,211,14,92,106,317
09/11/2001,JAN,MS,ASO,CE,Towers with Radar,13,10,16,0,39,0,2,7,0,9,13,12,23,0,48,0,0,0,48
09/12/2001,JAN,MS,ASO,CE,Towers with Radar,0,0,4,0,4,0,0,5,2,7,0,0,9,2,11,0,0,0,11
09/13/2001,JAN,MS,ASO,CE,Towers with Radar,7,23,0,0,30,0,1,4,3,8,7,24,4,3,38,0,0,0,38
09/14/2001,JAN,MS,ASO,CE,Towers with Radar,35,31,23,2,91,2,29,0,0,31,37,60,23,2,122,4,0,4,126
09/15/2001,JAN,MS,ASO,CE,Towers with Radar,39,26,23,9,97,5,0,0,0,5,44,26,23,9,102,2,26,28,130
09/16/2001,JAN,MS,ASO,CE,Towers with Radar,41,37,16,5,99,0,1,0,0,1,41,38,16,5,100,0,0,0,100
09/17/2001,JAN,MS,ASO,CE,Towers with Radar,43,54,46,26,169,0,4,3,3,10,43,58,49,29,179,0,128,128,307
09/18/2001,JAN,MS,ASO,CE,Towers with Radar,45,54,52,30,181,0,7,2,5,14,45,61,54,35,195,0,98,98,293
09/19/2001,JAN,MS,ASO,CE,Towers with Radar,46,55,54,32,187,0,4,5,6,15,46,59,59,38,202,2,146,148,350
09/20/2001,JAN,MS,ASO,CE,Towers with Radar,46,56,63,30,195,0,4,20,3,27,46,60,83,33,222,2,64,66,288
09/21/2001,JAN,MS,ASO,CE,Towers with Radar,51,56,44,21,172,0,2,13,6,21,51,58,57,27,193,2,64,66,259
09/22/2001,JAN,MS,ASO,CE,Towers with Radar,43,34,25,13,115,8,0,0,0,8,51,34,25,13,123,0,0,0,123
09/23/2001,JAN,MS,ASO,CE,Towers with Radar,42,19,24,6,91,13,0,0,0,13,55,19,24,6,104,0,8,8,112
09/24/2001,JAN,MS,ASO,CE,Towers with Radar,51,52,58,24,185,0,3,17,7,27,51,55,75,31,212,0,68,68,280
09/25/2001,JAN,MS,ASO,CE,Towers with Radar,44,64,37,30,175,0,0,39,3,42,44,64,76,33,217,0,148,148,365
09/26/2001,JAN,MS,ASO,CE,Towers with Radar,54,43,42,20,159,0,0,45,2,47,54,43,87,22,206,30,92,122,328
09/27/2001,JAN,MS,ASO,CE,Towers with Radar,52,48,43,33,176,0,0,41,3,44,52,48,84,36,220,24,118,142,362
09/28/2001,JAN,MS,ASO,CE,Towers with Radar,46,50,44,3,143,0,2,41,2,45,46,52,85,5,188,7,4,11,199
09/29/2001,JAN,MS,ASO,CE,Towers with Radar,52,31,33,6,122,0,0,7,2,9,52,31,40,8,131,0,4,4,135
09/30/2001,JAN,MS,ASO,CE,Towers with Radar,41,27,29,2,99,7,0,16,0,23,48,27,45,2,122,42,0,42,164
10/01/2001,JAN,MS,ASO,CE,Towers with Radar,49,48,53,33,183,2,1,23,0,26,51,49,76,33,209,0,130,130,339
10/02/2001,JAN,MS,ASO,CE,Towers with Radar,52,52,54,24,182,0,0,25,2,27,52,52,79,26,209,8,94,102,311
10/03/2001,JAN,MS,ASO,CE,Towers with Radar,57,40,59,41,197,1,0,30,1,32,58,40,89,42,229,2,116,118,347
10/04/2001,JAN,MS,ASO,CE,Towers with Radar,49,47,50,15,161,1,0,16,0,17,50,47,66,15,178,10,66,76,254
10/05/2001,JAN,MS,ASO,CE,Towers with Radar,49,47,49,21,166,0,2,23,3,28,49,49,72,24,194,20,40,60,254
10/06/2001,JAN,MS,ASO,CE,Towers with Radar,37,35,37,5,114,6,1,3,0,10,43,36,40,5,124,0,10,10,134
10/07/2001,JAN,MS,ASO,CE,Towers with Radar,51,21,26,18,116,2,0,12,0,14,53,21,38,18,130,0,24,24,154
10/08/2001,JAN,MS,ASO,CE,Towers with Radar,46,43,41,6,136,2,0,27,0,29,48,43,68,6,165,0,4,4,169
10/09/2001,JAN,MS,ASO,CE,Towers with Radar,44,49,52,22,167,0,6,28,1,35,44,55,80,23,202,0,108,108,310
10/10/2001,JAN,MS,ASO,CE,Towers with Radar,50,51,52,33,186,2,1,18,0,21,52,52,70,33,207,14,52,66,273
10/11/2001,JAN,MS,ASO,CE,Towers with Radar,43,40,43,19,145,12,3,6,3,24,55,43,49,22,169,2,44,46,215
10/12/2001,JAN,MS,ASO,CE,Towers with Radar,51,51,53,23,178,0,0,13,5,18,51,51,66,28,196,4,46,50,246
10/13/2001,JAN,MS,ASO,CE,Towers with Radar,48,33,8,4,93,2,0,0,0,2,50,33,8,4,95,2,0,2,97
10/14/2001,JAN,MS,ASO,CE,Towers with Radar,50,27,29,15,121,2,0,18,0,20,52,27,47,15,141,0,30,30,171
10/15/2001,JAN,MS,ASO,CE,Towers with Radar,47,45,63,27,182,2,0,15,1,18,49,45,78,28,200,3,130,133,333
10/16/2001,JAN,MS,ASO,CE,Towers with Radar,47,52,43,13,155,1,0,20,0,21,48,52,63,13,176,3,2,5,181
10/17/2001,JAN,MS,ASO,CE,Towers with Radar,42,58,71,21,192,1,0,45,0,46,43,58,116,21,238,10,100,110,348
10/18/2001,JAN,MS,ASO,CE,Towers with Radar,56,45,67,37,205,1,0,35,2,38,57,45,102,39,243,4,144,148,391
10/19/2001,JAN,MS,ASO,CE,Towers with Radar,46,55,58,26,185,0,0,22,0,22,46,55,80,26,207,8,52,60,267
10/20/2001,JAN,MS,ASO,CE,Towers with Radar,57,19,27,8,111,1,0,18,0,19,58,19,45,8,130,4,0,4,134
10/21/2001,JAN,MS,ASO,CE,Towers with Radar,50,25,40,2,117,1,0,22,0,23,51,25,62,2,140,0,0,0,140
10/22/2001,JAN,MS,ASO,CE,Towers with Radar,45,53,46,25,169,1,1,23,1,26,46,54,69,26,195,2,62,64,259
10/23/2001,JAN,MS,ASO,CE,Towers with Radar,44,62,59,33,198,1,0,16,0,17,45,62,75,33,215,4,54,58,273
10/24/2001,JAN,MS,ASO,CE,Towers with Radar,49,51,53,21,174,0,3,27,0,30,49,54,80,21,204,10,32,42,246
10/25/2001,JAN,MS,ASO,CE,Towers with Radar,55,46,57,25,183,0,0,40,25,65,55,46,97,50,248,0,173,173,421
10/26/2001,JAN,MS,ASO,CE,Towers with Radar,49,50,43,25,167,1,2,26,0,29,50,52,69,25,196,0,58,58,254
10/27/2001,JAN,MS,ASO,CE,Towers with Radar,41,37,20,9,107,1,0,12,0,13,42,37,32,9,120,0,18,18,138
10/28/2001,JAN,MS,ASO,CE,Towers with Radar,45,29,30,5,109,1,0,9,0,10,46,29,39,5,119,0,0,0,119
10/29/2001,JAN,MS,ASO,CE,Towers with Radar,50,43,40,20,153,1,0,27,0,28,51,43,67,20,181,22,68,90,271
10/30/2001,JAN,MS,ASO,CE,Towers with Radar,48,54,52,16,170,1,0,33,2,36,49,54,85,18,206,3,108,111,317
10/31/2001,JAN,MS,ASO,CE,Towers with Radar,44,56,45,15,160,1,0,39,1,41,45,56,84,16,201,12,88,100,301
11/01/2001,JAN,MS,ASO,CE,Towers with Radar,39,56,54,19,168,0,4,38,12,54,39,60,92,31,222,10,94,104,326
11/02/2001,JAN,MS,ASO,CE,Towers with Radar,42,53,51,15,161,0,2,30,0,32,42,55,81,15,193,10,18,28,221
11/03/2001,JAN,MS,ASO,CE,Towers with Radar,46,17,32,14,109,1,0,26,0,27,47,17,58,14,136,2,22,24,160
11/04/2001,JAN,MS,ASO,CE,Towers with Radar,46,30,26,13,115,1,0,13,0,14,47,30,39,13,129,2,24,26,155
11/05/2001,JAN,MS,ASO,CE,Towers with Radar,45,42,43,14,144,1,0,27,0,28,46,42,70,14,172,1,112,113,285
11/06/2001,JAN,MS,ASO,CE,Towers with Radar,45,54,61,35,195,1,0,25,4,30,46,54,86,39,225,16,114,130,355
11/07/2001,JAN,MS,ASO,CE,Towers with Radar,38,53,63,23,177,0,0,51,35,86,38,53,114,58,263,36,168,204,467
11/08/2001,JAN,MS,ASO,CE,Towers with Radar,46,49,63,19,177,1,0,35,0,36,47,49,98,19,213,16,102,118,331
11/09/2001,JAN,MS,ASO,CE,Towers with Radar,40,51,53,10,154,1,0,23,1,25,41,51,76,11,179,0,51,51,230
11/10/2001,JAN,MS,ASO,CE,Towers with Radar,36,29,37,2,104,1,0,22,0,23,37,29,59,2,127,4,4,8,135
11/11/2001,JAN,MS,ASO,CE,Towers with Radar,31,31,33,10,105,1,0,14,0,15,32,31,47,10,120,0,18,18,138
11/12/2001,JAN,MS,ASO,CE,Towers with Radar,44,39,40,9,132,2,0,28,0,30,46,39,68,9,162,10,0,10,172
11/13/2001,JAN,MS,ASO,CE,Towers with Radar,49,49,51,16,165,3,0,27,0,30,52,49,78,16,195,2,84,86,281
11/14/2001,JAN,MS,ASO,CE,Towers with Radar,36,60,57,20,173,0,5,36,7,48,36,65,93,27,221,6,170,176,397
11/15/2001,JAN,MS,ASO,CE,Towers with Radar,55,40,50,26,171,2,3,34,0,39,57,43,84,26,210,6,20,26,236
11/16/2001,JAN,MS,ASO,CE,Towers with Radar,43,37,45,16,141,8,0,25,5,38,51,37,70,21,179,6,54,60,239
11/17/2001,JAN,MS,ASO,CE,Towers with Radar,32,29,44,5,110,2,0,12,0,14,34,29,56,5,124,4,6,10,134
11/18/2001,JAN,MS,ASO,CE,Towers with Radar,53,29,28,5,115,2,0,11,0,13,55,29,39,5,128,6,0,6,134
11/19/2001,JAN,MS,ASO,CE,Towers with Radar,39,51,40,14,144,2,0,22,0,24,41,51,62,14,168,0,90,90,258
11/20/2001,JAN,MS,ASO,CE,Towers with Radar,44,49,45,36,174,2,0,37,0,39,46,49,82,36,213,6,132,138,351
11/21/2001,JAN,MS,ASO,CE,Towers with Radar,36,34,38,13,121,3,0,14,1,18,39,34,52,14,139,14,4,18,157
11/22/2001,JAN,MS,ASO,CE,Towers with Radar,27,29,17,0,73,2,0,6,0,8,29,29,23,0,81,0,0,0,81
11/23/2001,JAN,MS,ASO,CE,Towers with Radar,23,40,26,2,91,2,0,22,0,24,25,40,48,2,115,0,2,2,117
11/24/2001,JAN,MS,ASO,CE,Towers with Radar,31,32,10,0,73,2,0,15,0,17,33,32,25,0,90,0,0,0,90
11/25/2001,JAN,MS,ASO,CE,Towers with Radar,37,36,39,4,116,1,0,23,0,24,38,36,62,4,140,4,0,4,144
11/26/2001,JAN,MS,ASO,CE,Towers with Radar,36,45,41,11,133,0,7,33,0,40,36,52,74,11,173,0,10,10,183
11/27/2001,JAN,MS,ASO,CE,Towers with Radar,31,33,31,0,95,7,20,11,0,38,38,53,42,0,133,0,0,0,133
11/28/2001,JAN,MS,ASO,CE,Towers with Radar,35,36,36,0,107,6,22,12,0,40,41,58,48,0,147,6,0,6,153
11/29/2001,JAN,MS,ASO,CE,Towers with Radar,32,34,34,1,101,12,16,1,0,29,44,50,35,1,130,0,0,0,130
11/30/2001,JAN,MS,ASO,CE,Towers with Radar,49,41,50,18,158,3,0,19,14,36,52,41,69,32,194,0,112,112,306
12/01/2001,JAN,MS,ASO,CE,Towers with Radar,29,34,21,13,97,1,2,17,0,20,30,36,38,13,117,4,27,31,148
12/02/2001,JAN,MS,ASO,CE,Towers with Radar,32,25,22,8,87,2,3,4,0,9,34,28,26,8,96,0,2,2,98
12/03/2001,JAN,MS,ASO,CE,Towers with Radar,47,40,43,11,141,2,3,30,0,35,49,43,73,11,176,8,28,36,212
12/04/2001,JAN,MS,ASO,CE,Towers with Radar,47,36,53,14,150,2,3,28,1,34,49,39,81,15,184,8,32,40,224
12/05/2001,JAN,MS,ASO,CE,Towers with Radar,46,47,52,19,164,0,0,21,23,44,46,47,73,42,208,22,130,152,360
12/06/2001,JAN,MS,ASO,CE,Towers with Radar,46,46,49,17,158,0,0,23,5,28,46,46,72,22,186,4,30,34,220
12/07/2001,JAN,MS,ASO,CE,Towers with Radar,41,46,47,21,155,2,1,11,0,14,43,47,58,21,169,6,60,66,235
12/08/2001,JAN,MS,ASO,CE,Towers with Radar,31,23,24,5,83,13,0,0,0,13,44,23,24,5,96,4,0,4,100
12/09/2001,JAN,MS,ASO,CE,Towers with Radar,44,11,37,12,104,11,0,11,5,27,55,11,48,17,131,2,26,28,159
12/10/2001,JAN,MS,ASO,CE,Towers with Radar,28,52,51,15,146,2,1,24,0,27,30,53,75,15,173,12,10,22,195
12/11/2001,JAN,MS,ASO,CE,Towers with Radar,47,42,70,20,179,2,1,9,0,12,49,43,79,20,191,6,38,44,235
12/12/2001,JAN,MS,ASO,CE,Towers with Radar,47,38,55,8,148,1,2,3,0,6,48,40,58,8,154,0,0,0,154
12/13/2001,JAN,MS,ASO,CE,Towers with Radar,35,55,35,6,131,1,2,0,0,3,36,57,35,6,134,4,6,10,144
12/14/2001,JAN,MS,ASO,CE,Towers with Radar,44,42,50,15,151,0,0,16,16,32,44,42,66,31,183,0,86,86,269
12/15/2001,JAN,MS,ASO,CE,Towers with Radar,43,23,14,0,80,1,2,6,0,9,44,25,20,0,89,14,0,14,103
12/16/2001,JAN,MS,ASO,CE,Towers with Radar,33,26,22,0,81,1,2,3,0,6,34,28,25,0,87,0,0,0,87
12/17/2001,JAN,MS,ASO,CE,Towers with Radar,46,35,38,13,132,3,0,22,9,34,49,35,60,22,166,16,34,50,216
12/18/2001,JAN,MS,ASO,CE,Towers with Radar,60,39,56,17,172,0,0,49,10,59,60,39,105,27,231,8,96,104,335
12/19/2001,JAN,MS,ASO,CE,Towers with Radar,47,46,71,28,192,1,3,24,0,28,48,49,95,28,220,6,136,142,362
12/20/2001,JAN,MS,ASO,CE,Towers with Radar,38,56,59,17,170,1,2,49,2,54,39,58,108,19,224,3,84,87,311
12/21/2001,JAN,MS,ASO,CE,Towers with Radar,41,36,36,4,117,0,15,13,0,28,41,51,49,4,145,2,40,42,187
12/22/2001,JAN,MS,ASO,CE,Towers with Radar,34,28,29,1,92,0,8,0,0,8,34,36,29,1,100,0,3,3,103
12/23/2001,JAN,MS,ASO,CE,Towers with Radar,38,16,14,0,68,1,2,11,0,14,39,18,25,0,82,0,0,0,82
12/24/2001,JAN,MS,ASO,CE,Towers with Radar,36,21,14,0,71,1,2,17,0,20,37,23,31,0,91,0,2,2,93
12/25/2001,JAN,MS,ASO,CE,Towers with Radar,26,22,8,0,56,1,2,9,0,12,27,24,17,0,68,0,0,0,68
12/26/2001,JAN,MS,ASO,CE,Towers with Radar,53,31,28,2,114,1,2,38,0,41,54,33,66,2,155,0,0,0,155
12/27/2001,JAN,MS,ASO,CE,Towers with Radar,41,43,19,6,109,1,2,24,0,27,42,45,43,6,136,8,22,30,166
12/28/2001,JAN,MS,ASO,CE,Towers with Radar,57,25,14,2,98,1,2,18,0,21,58,27,32,2,119,4,0,4,123
12/29/2001,JAN,MS,ASO,CE,Towers with Radar,32,30,19,0,81,1,2,8,0,11,33,32,27,0,92,0,0,0,92
12/30/2001,JAN,MS,ASO,CE,Towers with Radar,47,10,13,0,70,1,2,14,0,17,48,12,27,0,87,0,0,0,87
12/31/2001,JAN,MS,ASO,CE,Towers with Radar,37,35,13,2,87,0,3,18,0,21,37,38,31,2,108,0,2,2,110
01/01/2002,JAN,MS,ASO,CE,Towers with Radar,33,31,11,1,76,1,1,7,0,9,34,32,18,1,85,4,0,4,89
01/02/2002,JAN,MS,ASO,CE,Towers with Radar,49,48,29,4,130,0,1,15,2,18,49,49,44,6,148,0,22,22,170
01/03/2002,JAN,MS,ASO,CE,Towers with Radar,40,41,40,19,140,0,4,29,0,33,40,45,69,19,173,0,54,54,227
01/04/2002,JAN,MS,ASO,CE,Towers with Radar,43,49,32,22,146,0,1,31,1,33,43,50,63,23,179,2,74,76,255
01/05/2002,JAN,MS,ASO,CE,Towers with Radar,49,22,14,0,85,0,1,0,1,2,49,23,14,1,87,2,0,2,89
01/06/2002,JAN,MS,ASO,CE,Towers with Radar,34,34,27,3,98,0,1,2,1,4,34,35,29,4,102,2,2,4,106
01/07/2002,JAN,MS,ASO,CE,Towers with Radar,45,41,48,17,151,0,1,12,2,15,45,42,60,19,166,0,60,60,226
01/08/2002,JAN,MS,ASO,CE,Towers with Radar,55,35,53,15,158,0,2,34,2,38,55,37,87,17,196,4,74,78,274
01/09/2002,JAN,MS,ASO,CE,Towers with Radar,47,44,50,24,165,0,0,22,5,27,47,44,72,29,192,10,76,86,278
01/10/2002,JAN,MS,ASO,CE,Towers with Radar,42,48,55,17,162,0,0,44,0,44,42,48,99,17,206,0,84,84,290
01/11/2002,JAN,MS,ASO,CE,Towers with Radar,48,42,40,14,144,0,1,22,1,24,48,43,62,15,168,0,76,76,244
01/12/2002,JAN,MS,ASO,CE,Towers with Radar,31,38,25,3,97,0,2,11,1,14,31,40,36,4,111,0,8,8,119
01/13/2002,JAN,MS,ASO,CE,Towers with Radar,31,33,20,5,89,0,1,9,2,12,31,34,29,7,101,0,0,0,101
01/14/2002,JAN,MS,ASO,CE,Towers with Radar,38,50,15,39,142,0,1,20,3,24,38,51,35,42,166,4,203,207,373
01/15/2002,JAN,MS,ASO,CE,Towers with Radar,42,52,51,24,169,0,0,40,2,42,42,52,91,26,211,0,99,99,310
01/16/2002,JAN,MS,ASO,CE,Towers with Radar,50,53,52,25,180,0,0,48,9,57,50,53,100,34,237,0,176,176,413
01/17/2002,JAN,MS,ASO,CE,Towers with Radar,48,45,70,31,194,0,2,19,3,24,48,47,89,34,218,2,115,117,335
01/18/2002,JAN,MS,ASO,CE,Towers with Radar,45,42,43,13,143,6,0,8,0,14,51,42,51,13,157,0,15,15,172
01/19/2002,JAN,MS,ASO,CE,Towers with Radar,27,27,23,0,77,3,12,0,0,15,30,39,23,0,92,0,0,0,92
01/20/2002,JAN,MS,ASO,CE,Towers with Radar,40,21,31,23,115,0,1,8,0,9,40,22,39,23,124,4,26,30,154
01/21/2002,JAN,MS,ASO,CE,Towers with Radar,38,37,34,1,110,0,1,11,1,13,38,38,45,2,123,10,8,18,141
01/22/2002,JAN,MS,ASO,CE,Towers with Radar,39,53,67,27,186,0,1,4,0,5,39,54,71,27,191,4,140,144,335
01/23/2002,JAN,MS,ASO,CE,Towers with Radar,40,61,67,62,230,0,1,6,0,7,40,62,73,62,237,8,237,245,482
01/24/2002,JAN,MS,ASO,CE,Towers with Radar,44,66,56,18,184,0,1,5,0,6,44,67,61,18,190,0,18,18,208
01/25/2002,JAN,MS,ASO,CE,Towers with Radar,39,51,39,29,158,0,1,25,2,28,39,52,64,31,186,12,148,160,346
01/26/2002,JAN,MS,ASO,CE,Towers with Radar,30,25,30,3,88,12,0,7,0,19,42,25,37,3,107,4,0,4,111
01/27/2002,JAN,MS,ASO,CE,Towers with Radar,32,19,26,15,92,17,0,0,6,23,49,19,26,21,115,4,18,22,137
01/28/2002,JAN,MS,ASO,CE,Towers with Radar,41,49,55,26,171,0,1,12,0,13,41,50,67,26,184,10,88,98,282
01/29/2002,JAN,MS,ASO,CE,Towers with Radar,49,51,51,47,198,0,1,12,0,13,49,52,63,47,211,10,70,80,291
01/30/2002,JAN,MS,ASO,CE,Towers with Radar,46,49,51,26,172,0,0,20,16,36,46,49,71,42,208,0,176,176,384
01/31/2002,JAN,MS,ASO,CE,Towers with Radar,44,52,50,50,196,0,1,19,1,21,44,53,69,51,217,2,301,303,520
02/01/2002,JAN,MS,ASO,CE,Towers with Radar,52,49,42,16,159,2,0,16,4,22,54,49,58,20,181,0,63,63,244
02/02/2002,JAN,MS,ASO,CE,Towers with Radar,54,17,13,9,93,0,0,16,2,18,54,17,29,11,111,2,42,44,155
02/03/2002,JAN,MS,ASO,CE,Towers with Radar,30,34,32,16,112,0,3,0,5,8,30,37,32,21,120,2,50,52,172
02/04/2002,JAN,MS,ASO,CE,Towers with Radar,38,45,43,22,148,0,10,22,1,33,38,55,65,23,181,0,144,144,325
02/05/2002,JAN,MS,ASO,CE,Towers with Radar,36,35,33,1,105,7,12,20,0,39,43,47,53,1,144,4,0,4,148
02/06/2002,JAN,MS,ASO,CE,Towers with Radar,39,41,40,20,140,0,9,5,3,17,39,50,45,23,157,0,40,40,197
02/07/2002,JAN,MS,ASO,CE,Towers with Radar,42,51,51,24,168,0,0,17,3,20,42,51,68,27,188,4,106,110,298
02/08/2002,JAN,MS,ASO,CE,Towers with Radar,50,48,48,20,166,0,0,36,0,36,50,48,84,20,202,0,44,44,246
02/09/2002,JAN,MS,ASO,CE,Towers with Radar,32,34,32,10,108,0,7,9,0,16,32,41,41,10,124,20,26,46,170
02/10/2002,JAN,MS,ASO,CE,Towers with Radar,43,22,29,7,101,1,0,4,2,7,44,22,33,9,108,10,14,24,132
02/11/2002,JAN,MS,ASO,CE,Towers with Radar,42,45,44,22,153,0,1,19,8,28,42,46,63,30,181,8,106,114,295
02/12/2002,JAN,MS,ASO,CE,Towers with Radar,50,41,47,25,163,0,0,44,2,46,50,41,91,27,209,8,130,138,347
02/13/2002,JAN,MS,ASO,CE,Towers with Radar,44,56,47,22,169,0,0,36,2,38,44,56,83,24,207,5,58,63,270
02/14/2002,JAN,MS,ASO,CE,Towers with Radar,39,51,39,26,155,0,0,28,0,28,39,51,67,26,183,0,104,104,287
02/15/2002,JAN,MS,ASO,CE,Towers with Radar,53,33,37,8,131,0,0,29,0,29,53,33,66,8,160,14,48,62,222
02/16/2002,JAN,MS,ASO,CE,Towers with Radar,36,35,12,1,84,0,0,16,0,16,36,35,28,1,100,16,0,16,116
02/17/2002,JAN,MS,ASO,CE,Towers with Radar,36,28,20,2,86,0,0,14,0,14,36,28,34,2,100,6,2,8,108
02/18/2002,JAN,MS,ASO,CE,Towers with Radar,38,32,62,0,132,1,0,13,0,14,39,32,75,0,146,8,2,10,156
02/19/2002,JAN,MS,ASO,CE,Towers with Radar,44,33,52,45,174,1,0,14,3,18,45,33,66,48,192,0,94,94,286
02/20/2002,JAN,MS,ASO,CE,Towers with Radar,40,43,48,37,168,1,0,25,2,28,41,43,73,39,196,2,106,108,304
02/21/2002,JAN,MS,ASO,CE,Towers with Radar,48,40,49,22,159,1,0,25,2,28,49,40,74,24,187,10,80,90,277
02/22/2002,JAN,MS,ASO,CE,Towers with Radar,48,33,40,17,138,1,0,32,0,33,49,33,72,17,171,2,40,42,213
02/23/2002,JAN,MS,ASO,CE,Towers with Radar,33,35,19,4,91,1,0,16,0,17,34,35,35,4,108,0,8,8,116
02/24/2002,JAN,MS,ASO,CE,Towers with Radar,30,24,29,15,98,10,0,14,7,31,40,24,43,22,129,6,32,38,167
02/25/2002,JAN,MS,ASO,CE,Towers with Radar,37,39,46,25,147,1,0,15,2,18,38,39,61,27,165,0,138,138,303
02/26/2002,JAN,MS,ASO,CE,Towers with Radar,45,40,40,32,157,1,0,14,0,15,46,40,54,32,172,1,130,131,303
02/27/2002,JAN,MS,ASO,CE,Towers with Radar,45,37,58,47,187,1,0,27,0,28,46,37,85,47,215,0,209,209,424
02/28/2002,JAN,MS,ASO,CE,Towers with Radar,49,40,51,52,192,1,0,25,2,28,50,40,76,54,220,8,297,305,525
03/01/2002,JAN,MS,ASO,CE,Towers with Radar,53,25,40,11,129,0,1,5,0,6,53,26,45,11,135,0,34,34,169
03/02/2002,JAN,MS,ASO,CE,Towers with Radar,31,37,17,0,85,0,1,4,0,5,31,38,21,0,90,0,0,0,90
03/03/2002,JAN,MS,ASO,CE,Towers with Radar,38,25,22,10,95,0,1,11,2,14,38,26,33,12,109,0,0,0,109
03/04/2002,JAN,MS,ASO,CE,Towers with Radar,48,30,38,18,134,0,1,27,2,30,48,31,65,20,164,0,70,70,234
03/05/2002,JAN,MS,ASO,CE,Towers with Radar,52,30,53,24,159,0,1,40,3,44,52,31,93,27,203,12,216,228,431
03/06/2002,JAN,MS,ASO,CE,Towers with Radar,48,33,58,63,202,0,1,19,2,22,48,34,77,65,224,8,408,416,640
03/07/2002,JAN,MS,ASO,CE,Towers with Radar,40,47,46,45,178,0,1,26,6,33,40,48,72,51,211,12,110,122,333
03/08/2002,JAN,MS,ASO,CE,Towers with Radar,47,41,53,29,170,0,1,9,3,13,47,42,62,32,183,8,119,127,310
03/09/2002,JAN,MS,ASO,CE,Towers with Radar,26,17,20,0,63,10,18,4,0,32,36,35,24,0,95,0,0,0,95
03/10/2002,JAN,MS,ASO,CE,Towers with Radar,34,1,26,13,74,25,0,10,2,37,59,1,36,15,111,0,44,44,155
03/11/2002,JAN,MS,ASO,CE,Towers with Radar,41,27,28,10,106,8,0,0,0,8,49,27,28,10,114,0,58,58,172
03/12/2002,JAN,MS,ASO,CE,Towers with Radar,56,31,62,22,171,0,0,9,2,11,56,31,71,24,182,0,20,20,202
03/13/2002,JAN,MS,ASO,CE,Towers with Radar,43,37,45,53,178,0,0,19,3,22,43,37,64,56,200,0,176,176,376
03/14/2002,JAN,MS,ASO,CE,Towers with Radar,48,38,51,30,167,0,0,21,1,22,48,38,72,31,189,2,150,152,341
03/15/2002,JAN,MS,ASO,CE,Towers with Radar,47,35,24,25,131,0,0,21,1,22,47,35,45,26,153,4,54,58,211
03/16/2002,JAN,MS,ASO,CE,Towers with Radar,40,29,32,11,112,8,0,1,0,9,48,29,33,11,121,2,28,30,151
03/17/2002,JAN,MS,ASO,CE,Towers with Radar,40,23,22,0,85,0,0,4,0,4,40,23,26,0,89,0,0,0,89
03/18/2002,JAN,MS,ASO,CE,Towers with Radar,44,40,37,45,166,0,0,15,1,16,44,40,52,46,182,0,136,136,318
03/19/2002,JAN,MS,ASO,CE,Towers with Radar,53,35,47,40,175,0,0,20,1,21,53,35,67,41,196,18,94,112,308
03/20/2002,JAN,MS,ASO,CE,Towers with Radar,44,43,40,1,128,0,0,13,1,14,44,43,53,2,142,0,30,30,172
03/21/2002,JAN,MS,ASO,CE,Towers with Radar,38,44,43,29,154,0,0,28,1,29,38,44,71,30,183,2,136,138,321
03/22/2002,JAN,MS,ASO,CE,Towers with Radar,41,44,41,13,139,0,0,24,2,26,41,44,65,15,165,0,43,43,208
03/23/2002,JAN,MS,ASO,CE,Towers with Radar,38,34,18,1,91,0,0,30,3,33,38,34,48,4,124,0,0,0,124
03/24/2002,JAN,MS,ASO,CE,Towers with Radar,43,22,14,0,79,0,0,15,0,15,43,22,29,0,94,0,0,0,94
03/25/2002,JAN,MS,ASO,CE,Towers with Radar,41,43,51,10,145,0,0,11,0,11,41,43,62,10,156,12,4,16,172
03/26/2002,JAN,MS,ASO,CE,Towers with Radar,45,41,72,40,198,0,0,3,0,3,45,41,75,40,201,8,38,46,247
03/27/2002,JAN,MS,ASO,CE,Towers with Radar,46,38,57,24,165,0,0,27,0,27,46,38,84,24,192,0,96,96,288
03/28/2002,JAN,MS,ASO,CE,Towers with Radar,46,37,75,43,201,0,0,24,3,27,46,37,99,46,228,4,146,150,378
03/29/2002,JAN,MS,ASO,CE,Towers with Radar,46,35,45,26,152,0,0,4,0,4,46,35,49,26,156,8,62,70,226
03/30/2002,JAN,MS,ASO,CE,Towers with Radar,32,37,13,0,82,0,0,2,0,2,32,37,15,0,84,10,0,10,94
03/31/2002,JAN,MS,ASO,CE,Towers with Radar,35,35,12,0,82,0,0,1,2,3,35,35,13,2,85,0,0,0,85
04/01/2002,JAN,MS,ASO,CE,Towers with Radar,38,36,48,28,150,2,1,34,0,37,40,37,82,28,187,8,200,208,395
04/02/2002,JAN,MS,ASO,CE,Towers with Radar,43,34,47,57,181,1,3,12,0,16,44,37,59,57,197,4,132,136,333
04/03/2002,JAN,MS,ASO,CE,Towers with Radar,41,43,53,31,168,1,2,9,0,12,42,45,62,31,180,2,64,66,246
04/04/2002,JAN,MS,ASO,CE,Towers with Radar,53,27,63,27,170,1,4,29,1,35,54,31,92,28,205,1,82,83,288
04/05/2002,JAN,MS,ASO,CE,Towers with Radar,43,41,43,27,154,1,2,22,0,25,44,43,65,27,179,4,58,62,241
04/06/2002,JAN,MS,ASO,CE,Towers with Radar,37,31,19,0,87,1,2,17,0,20,38,33,36,0,107,2,0,2,109
04/07/2002,JAN,MS,ASO,CE,Towers with Radar,30,27,24,3,84,2,2,5,0,9,32,29,29,3,93,0,2,2,95
04/08/2002,JAN,MS,ASO,CE,Towers with Radar,41,38,19,4,102,2,2,0,0,4,43,40,19,4,106,2,0,2,108
04/09/2002,JAN,MS,ASO,CE,Towers with Radar,39,47,43,39,168,2,1,13,0,16,41,48,56,39,184,2,87,89,273
04/10/2002,JAN,MS,ASO,CE,Towers with Radar,40,49,60,27,176,2,1,27,0,30,42,50,87,27,206,2,81,83,289
04/11/2002,JAN,MS,ASO,CE,Towers with Radar,45,42,60,35,182,0,0,21,8,29,45,42,81,43,211,8,108,116,327
04/12/2002,JAN,MS,ASO,CE,Towers with Radar,43,37,48,28,156,0,0,12,9,21,43,37,60,37,177,0,90,90,267
04/13/2002,JAN,MS,ASO,CE,Towers with Radar,31,37,22,2,92,1,2,20,0,23,32,39,42,2,115,2,4,6,121
04/14/2002,JAN,MS,ASO,CE,Towers with Radar,32,27,27,6,92,1,2,10,0,13,33,29,37,6,105,0,4,4,109
04/15/2002,JAN,MS,ASO,CE,Towers with Radar,38,43,36,24,141,1,2,11,0,14,39,45,47,24,155,0,48,48,203
04/16/2002,JAN,MS,ASO,CE,Towers with Radar,41,39,45,44,169,1,2,10,0,13,42,41,55,44,182,2,122,124,306
04/17/2002,JAN,MS,ASO,CE,Towers with Radar,41,42,53,27,163,0,0,19,0,19,41,42,72,27,182,4,84,88,270
04/18/2002,JAN,MS,ASO,CE,Towers with Radar,48,35,52,25,160,0,0,25,0,25,48,35,77,25,185,2,126,128,313
04/19/2002,JAN,MS,ASO,CE,Towers with Radar,38,41,71,18,168,1,2,15,0,18,39,43,86,18,186,0,48,48,234
04/20/2002,JAN,MS,ASO,CE,Towers with Radar,35,34,24,0,93,1,1,11,0,13,36,35,35,0,106,0,3,3,109
04/21/2002,JAN,MS,ASO,CE,Towers with Radar,33,30,52,5,120,1,2,11,0,14,34,32,63,5,134,10,38,48,182
04/22/2002,JAN,MS,ASO,CE,Towers with Radar,53,25,36,16,130,1,1,7,0,9,54,26,43,16,139,0,102,102,241
04/23/2002,JAN,MS,ASO,CE,Towers with Radar,44,43,51,30,168,0,0,13,27,40,44,43,64,57,208,4,154,158,366
04/24/2002,JAN,MS,ASO,CE,Towers with Radar,42,41,51,30,164,0,0,23,17,40,42,41,74,47,204,16,150,166,370
04/25/2002,JAN,MS,ASO,CE,Towers with Radar,47,41,50,30,168,0,0,30,1,31,47,41,80,31,199,12,130,142,341
04/26/2002,JAN,MS,ASO,CE,Towers with Radar,37,39,44,12,132,1,1,14,0,16,38,40,58,12,148,25,82,107,255
04/27/2002,JAN,MS,ASO,CE,Towers with Radar,35,34,23,16,108,1,1,10,1,13,36,35,33,17,121,0,14,14,135
04/28/2002,JAN,MS,ASO,CE,Towers with Radar,33,34,21,12,100,1,1,5,0,7,34,35,26,12,107,2,26,28,135
04/29/2002,JAN,MS,ASO,CE,Towers with Radar,38,39,43,14,134,1,1,6,0,8,39,40,49,14,142,4,30,34,176
04/30/2002,JAN,MS,ASO,CE,Towers with Radar,45,40,54,50,189,1,1,32,0,34,46,41,86,50,223,14,150,164,387
05/01/2002,JAN,MS,ASO,CE,Towers with Radar,41,43,75,34,193,0,0,28,39,67,41,43,103,73,260,2,162,164,424
05/02/2002,JAN,MS,ASO,CE,Towers with Radar,51,33,32,44,160,0,0,10,0,10,51,33,42,44,170,0,182,182,352
05/03/2002,JAN,MS,ASO,CE,Towers with Radar,40,36,37,13,126,0,0,9,0,9,40,36,46,13,135,2,16,18,153
05/04/2002,JAN,MS,ASO,CE,Towers with Radar,25,22,21,9,77,15,3,0,0,18,40,25,21,9,95,0,14,14,109
05/05/2002,JAN,MS,ASO,CE,Towers with Radar,31,26,34,6,97,2,3,3,0,8,33,29,37,6,105,8,0,8,113
05/06/2002,JAN,MS,ASO,CE,Towers with Radar,38,39,52,24,153,0,0,2,24,26,38,39,54,48,179,2,132,134,313
05/07/2002,JAN,MS,ASO,CE,Towers with Radar,44,32,50,23,149,2,0,12,2,16,46,32,62,25,165,1,44,45,210
05/08/2002,JAN,MS,ASO,CE,Towers with Radar,42,42,48,47,179,1,1,25,0,27,43,43,73,47,206,18,138,156,362
05/09/2002,JAN,MS,ASO,CE,Towers with Radar,39,35,61,26,161,1,0,12,0,13,40,35,73,26,174,0,32,32,206
05/10/2002,JAN,MS,ASO,CE,Towers with Radar,39,39,52,12,142,1,0,9,0,10,40,39,61,12,152,0,140,140,292
05/11/2002,JAN,MS,ASO,CE,Towers with Radar,29,26,34,2,91,7,13,17,0,37,36,39,51,2,128,2,4,6,134
05/12/2002,JAN,MS,ASO,CE,Towers with Radar,32,23,26,12,93,0,0,17,0,17,32,23,43,12,110,10,12,22,132
05/13/2002,JAN,MS,ASO,CE,Towers with Radar,39,33,49,21,142,0,0,14,0,14,39,33,63,21,156,2,56,58,214
05/14/2002,JAN,MS,ASO,CE,Towers with Radar,42,41,51,16,150,0,0,24,0,24,42,41,75,16,174,2,82,84,258
05/15/2002,JAN,MS,ASO,CE,Towers with Radar,43,46,69,14,172,0,1,31,0,32,43,47,100,14,204,4,44,48,252
05/16/2002,JAN,MS,ASO,CE,Towers with Radar,37,50,50,21,158,0,0,36,0,36,37,50,86,21,194,13,63,76,270
05/17/2002,JAN,MS,ASO,CE,Towers with Radar,50,30,39,16,135,0,0,15,0,15,50,30,54,16,150,2,138,140,290
05/18/2002,JAN,MS,ASO,CE,Towers with Radar,32,39,22,4,97,0,1,7,0,8,32,40,29,4,105,2,4,6,111
05/19/2002,JAN,MS,ASO,CE,Towers with Radar,28,24,30,11,93,6,8,25,0,39,34,32,55,11,132,8,78,86,218
05/20/2002,JAN,MS,ASO,CE,Towers with Radar,47,28,43,18,136,0,0,18,0,18,47,28,61,18,154,0,120,120,274
05/21/2002,JAN,MS,ASO,CE,Towers with Radar,47,39,76,29,191,0,0,35,0,35,47,39,111,29,226,0,48,48,274
05/22/2002,JAN,MS,ASO,CE,Towers with Radar,41,35,71,32,179,0,0,37,0,37,41,35,108,32,216,0,110,110,326
05/23/2002,JAN,MS,ASO,CE,Towers with Radar,45,39,76,29,189,0,0,33,4,37,45,39,109,33,226,16,204,220,446
05/24/2002,JAN,MS,ASO,CE,Towers with Radar,51,32,61,8,152,0,0,26,1,27,51,32,87,9,179,6,2,8,187
05/25/2002,JAN,MS,ASO,CE,Towers with Radar,34,35,17,2,88,0,0,9,0,9,34,35,26,2,97,16,8,24,121
05/26/2002,JAN,MS,ASO,CE,Towers with Radar,34,24,21,0,79,0,0,6,0,6,34,24,27,0,85,0,0,0,85
05/27/2002,JAN,MS,ASO,CE,Towers with Radar,38,21,26,2,87,0,0,12,0,12,38,21,38,2,99,10,0,10,109
05/28/2002,JAN,MS,ASO,CE,Towers with Radar,51,24,37,22,134,0,0,10,0,10,51,24,47,22,144,0,94,94,238
05/29/2002,JAN,MS,ASO,CE,Towers with Radar,39,45,49,17,150,0,0,4,0,4,39,45,53,17,154,7,48,55,209
05/30/2002,JAN,MS,ASO,CE,Towers with Radar,48,33,50,35,166,0,0,2,0,2,48,33,52,35,168,0,38,38,206
05/31/2002,JAN,MS,ASO,CE,Towers with Radar,39,41,52,13,145,0,0,14,0,14,39,41,66,13,159,0,62,62,221
06/01/2002,JAN,MS,ASO,CE,Towers with Radar,35,37,15,5,92,1,0,10,0,11,36,37,25,5,103,12,0,12,115
06/02/2002,JAN,MS,ASO,CE,Towers with Radar,31,30,20,7,88,0,0,9,0,9,31,30,29,7,97,4,2,6,103
06/03/2002,JAN,MS,ASO,CE,Towers with Radar,36,36,27,21,120,1,0,18,1,20,37,36,45,22,140,6,22,28,168
06/04/2002,JAN,MS,ASO,CE,Towers with Radar,46,40,46,32,164,1,0,22,0,23,47,40,68,32,187,0,136,136,323
06/05/2002,JAN,MS,ASO,CE,Towers with Radar,39,44,47,57,187,1,0,17,0,18,40,44,64,57,205,0,174,174,379
06/06/2002,JAN,MS,ASO,CE,Towers with Radar,44,47,69,29,189,1,0,19,2,22,45,47,88,31,211,6,146,152,363
06/07/2002,JAN,MS,ASO,CE,Towers with Radar,40,40,42,32,154,0,0,25,7,32,40,40,67,39,186,0,278,278,464
06/08/2002,JAN,MS,ASO,CE,Towers with Radar,46,32,20,5,103,0,0,12,0,12,46,32,32,5,115,0,0,0,115
06/09/2002,JAN,MS,ASO,CE,Towers with Radar,33,33,22,2,90,0,0,10,0,10,33,33,32,2,100,10,0,10,110
06/10/2002,JAN,MS,ASO,CE,Towers with Radar,53,26,52,19,150,0,0,14,1,15,53,26,66,20,165,4,70,74,239
06/11/2002,JAN,MS,ASO,CE,Towers with Radar,42,47,59,31,179,0,0,6,0,6,42,47,65,31,185,2,124,126,311
06/12/2002,JAN,MS,ASO,CE,Towers with Radar,44,49,65,56,214,0,0,12,1,13,44,49,77,57,227,0,199,199,426
06/13/2002,JAN,MS,ASO,CE,Towers with Radar,45,46,52,15,158,0,0,20,3,23,45,46,72,18,181,4,62,66,247
06/14/2002,JAN,MS,ASO,CE,Towers with Radar,39,45,52,16,152,0,0,21,0,21,39,45,73,16,173,6,12,18,191
06/15/2002,JAN,MS,ASO,CE,Towers with Radar,47,26,15,1,89,0,0,17,0,17,47,26,32,1,106,0,0,0,106
06/16/2002,JAN,MS,ASO,CE,Towers with Radar,42,30,30,3,105,0,0,5,0,5,42,30,35,3,110,0,0,0,110
06/17/2002,JAN,MS,ASO,CE,Towers with Radar,40,37,43,24,144,0,0,12,12,24,40,37,55,36,168,6,96,102,270
06/18/2002,JAN,MS,ASO,CE,Towers with Radar,45,40,42,23,150,2,4,21,3,30,47,44,63,26,180,2,128,130,310
06/19/2002,JAN,MS,ASO,CE,Towers with Radar,42,40,57,14,153,0,0,16,0,16,42,40,73,14,169,4,18,22,191
06/20/2002,JAN,MS,ASO,CE,Towers with Radar,44,41,54,33,172,0,0,21,0,21,44,41,75,33,193,8,120,128,321
06/21/2002,JAN,MS,ASO,CE,Towers with Radar,50,33,35,42,160,0,0,19,1,20,50,33,54,43,180,0,158,158,338
06/22/2002,JAN,MS,ASO,CE,Towers with Radar,41,28,14,4,87,0,0,19,0,19,41,28,33,4,106,0,0,0,106
06/23/2002,JAN,MS,ASO,CE,Towers with Radar,34,32,36,2,104,0,0,6,0,6,34,32,42,2,110,0,0,0,110
06/24/2002,JAN,MS,ASO,CE,Towers with Radar,45,32,43,10,130,0,0,7,0,7,45,32,50,10,137,10,48,58,195
06/25/2002,JAN,MS,ASO,CE,Towers with Radar,38,46,51,50,185,0,0,9,2,11,38,46,60,52,196,4,102,106,302
06/26/2002,JAN,MS,ASO,CE,Towers with Radar,51,34,60,32,177,0,0,10,4,14,51,34,70,36,191,6,83,89,280
06/27/2002,JAN,MS,ASO,CE,Towers with Radar,49,42,31,23,145,0,0,11,2,13,49,42,42,25,158,4,90,94,252
06/28/2002,JAN,MS,ASO,CE,Towers with Radar,42,40,36,7,125,0,0,6,0,6,42,40,42,7,131,4,18,22,153
06/29/2002,JAN,MS,ASO,CE,Towers with Radar,37,38,17,26,118,0,0,4,0,4,37,38,21,26,122,0,76,76,198
06/30/2002,JAN,MS,ASO,CE,Towers with Radar,48,19,16,23,106,0,0,11,1,12,48,19,27,24,118,4,52,56,174
07/01/2002,JAN,MS,ASO,CE,Towers with Radar,45,35,29,9,118,1,1,13,0,15,46,36,42,9,133,32,86,118,251
07/02/2002,JAN,MS,ASO,CE,Towers with Radar,44,38,57,47,186,1,3,12,0,16,45,41,69,47,202,2,166,168,370
07/03/2002,JAN,MS,ASO,CE,Towers with Radar,38,38,37,23,136,1,1,3,0,5,39,39,40,23,141,8,82,90,231
07/04/2002,JAN,MS,ASO,CE,Towers with Radar,34,27,11,0,72,1,1,11,0,13,35,28,22,0,85,4,0,4,89
07/05/2002,JAN,MS,ASO,CE,Towers with Radar,38,31,22,0,91,1,0,13,0,14,39,31,35,0,105,4,0,4,109
07/06/2002,JAN,MS,ASO,CE,Towers with Radar,35,38,11,0,84,1,0,14,0,15,36,38,25,0,99,8,0,8,107
07/07/2002,JAN,MS,ASO,CE,Towers with Radar,32,30,30,3,95,0,3,12,0,15,32,33,42,3,110,4,0,4,114
07/08/2002,JAN,MS,ASO,CE,Towers with Radar,41,38,41,20,140,0,0,15,21,36,41,38,56,41,176,12,152,164,340
07/09/2002,JAN,MS,ASO,CE,Towers with Radar,43,41,37,22,143,1,0,16,3,20,44,41,53,25,163,3,44,47,210
07/10/2002,JAN,MS,ASO,CE,Towers with Radar,43,43,54,30,170,1,0,21,3,25,44,43,75,33,195,6,124,130,325
07/11/2002,JAN,MS,ASO,CE,Towers with Radar,36,44,55,16,151,1,0,23,0,24,37,44,78,16,175,14,63,77,252
07/12/2002,JAN,MS,ASO,CE,Towers with Radar,43,34,39,18,134,5,0,0,13,18,48,34,39,31,152,0,46,46,198
07/13/2002,JAN,MS,ASO,CE,Towers with Radar,48,25,22,18,113,1,0,3,0,4,49,25,25,18,117,0,12,12,129
07/14/2002,JAN,MS,ASO,CE,Towers with Radar,33,34,28,7,102,1,0,6,1,8,34,34,34,8,110,14,2,16,126
07/15/2002,JAN,MS,ASO,CE,Towers with Radar,38,39,29,8,114,1,0,6,0,7,39,39,35,8,121,2,2,4,125
07/16/2002,JAN,MS,ASO,CE,Towers with Radar,41,47,47,20,155,1,0,9,0,10,42,47,56,20,165,0,112,112,277
07/17/2002,JAN,MS,ASO,CE,Towers with Radar,52,33,67,26,178,1,0,19,0,20,53,33,86,26,198,8,94,102,300
07/18/2002,JAN,MS,ASO,CE,Towers with Radar,41,42,57,33,173,1,0,14,0,15,42,42,71,33,188,12,76,88,276
07/19/2002,JAN,MS,ASO,CE,Towers with Radar,42,44,44,23,153,0,0,12,7,19,42,44,56,30,172,7,84,91,263
07/20/2002,JAN,MS,ASO,CE,Towers with Radar,39,31,19,1,90,1,0,12,0,13,40,31,31,1,103,2,0,2,105
07/21/2002,JAN,MS,ASO,CE,Towers with Radar,34,32,19,4,89,1,0,3,0,4,35,32,22,4,93,0,4,4,97
07/22/2002,JAN,MS,ASO,CE,Towers with Radar,42,28,39,10,119,1,0,4,0,5,43,28,43,10,124,2,23,25,149
07/23/2002,JAN,MS,ASO,CE,Towers with Radar,45,40,45,23,153,0,0,26,0,26,45,40,71,23,179,12,96,108,287
07/24/2002,JAN,MS,ASO,CE,Towers with Radar,47,34,41,13,135,0,0,15,0,15,47,34,56,13,150,6,36,42,192
07/25/2002,JAN,MS,ASO,CE,Towers with Radar,51,35,57,26,169,0,1,24,0,25,51,36,81,26,194,0,114,114,308
07/26/2002,JAN,MS,ASO,CE,Towers with Radar,37,44,39,30,150,0,1,23,0,24,37,45,62,30,174,8,182,190,364
07/27/2002,JAN,MS,ASO,CE,Towers with Radar,41,35,22,0,98,0,1,5,0,6,41,36,27,0,104,1,0,1,105
07/28/2002,JAN,MS,ASO,CE,Towers with Radar,34,31,21,15,101,0,1,14,2,17,34,32,35,17,118,22,18,40,158
07/29/2002,JAN,MS,ASO,CE,Towers with Radar,44,33,34,38,149,0,1,8,0,9,44,34,42,38,158,18,168,186,344
07/30/2002,JAN,MS,ASO,CE,Towers with Radar,45,45,46,22,158,0,7,5,0,12,45,52,51,22,170,4,54,58,228
07/31/2002,JAN,MS,ASO,CE,Towers with Radar,48,37,38,24,147,0,1,3,0,4,48,38,41,24,151,0,52,52,203
08/01/2002,JAN,MS,ASO,CE,Towers with Radar,42,42,54,17,155,1,0,7,0,8,43,42,61,17,163,6,34,40,203
08/02/2002,JAN,MS,ASO,CE,Towers with Radar,45,32,45,17,139,7,0,19,6,32,52,32,64,23,171,20,20,40,211
08/03/2002,JAN,MS,ASO,CE,Towers with Radar,33,29,26,15,103,5,18,0,2,25,38,47,26,17,128,2,11,13,141
08/04/2002,JAN,MS,ASO,CE,Towers with Radar,35,36,19,12,102,0,1,13,0,14,35,37,32,12,116,10,8,18,134
08/05/2002,JAN,MS,ASO,CE,Towers with Radar,43,38,46,8,135,0,0,11,0,11,43,38,57,8,146,12,42,54,200
08/06/2002,JAN,MS,ASO,CE,Towers with Radar,48,38,78,33,197,1,0,10,0,11,49,38,88,33,208,8,96,104,312
08/07/2002,JAN,MS,ASO,CE,Towers with Radar,44,42,42,19,147,1,0,23,0,24,45,42,65,19,171,0,76,76,247
08/08/2002,JAN,MS,ASO,CE,Towers with Radar,43,42,48,26,159,1,0,36,0,37,44,42,84,26,196,6,96,102,298
08/09/2002,JAN,MS,ASO,CE,Towers with Radar,46,38,36,12,132,0,0,20,0,20,46,38,56,12,152,8,120,128,280
08/10/2002,JAN,MS,ASO,CE,Towers with Radar,51,18,17,3,89,0,0,15,0,15,51,18,32,3,104,2,6,8,112
08/11/2002,JAN,MS,ASO,CE,Towers with Radar,35,32,11,0,78,0,0,15,0,15,35,32,26,0,93,0,0,0,93
08/12/2002,JAN,MS,ASO,CE,Towers with Radar,38,40,38,9,125,0,0,11,1,12,38,40,49,10,137,4,30,34,171
08/13/2002,JAN,MS,ASO,CE,Towers with Radar,43,41,48,20,152,0,0,15,15,30,43,41,63,35,182,8,68,76,258
08/14/2002,JAN,MS,ASO,CE,Towers with Radar,45,39,45,9,138,0,5,15,0,20,45,44,60,9,158,8,42,50,208
08/15/2002,JAN,MS,ASO,CE,Towers with Radar,45,44,50,16,155,0,0,26,0,26,45,44,76,16,181,2,14,16,197
08/16/2002,JAN,MS,ASO,CE,Towers with Radar,40,39,44,19,142,0,9,2,5,16,40,48,46,24,158,6,56,62,220
08/17/2002,JAN,MS,ASO,CE,Towers with Radar,38,33,27,0,98,0,0,9,0,9,38,33,36,0,107,14,0,14,121
08/18/2002,JAN,MS,ASO,CE,Towers with Radar,46,19,32,21,118,0,1,24,0,25,46,20,56,21,143,0,68,68,211
08/19/2002,JAN,MS,ASO,CE,Towers with Radar,49,37,49,20,155,0,0,16,11,27,49,37,65,31,182,77,104,181,363
08/20/2002,JAN,MS,ASO,CE,Towers with Radar,47,41,52,18,158,0,0,20,0,20,47,41,72,18,178,0,30,30,208
08/21/2002,JAN,MS,ASO,CE,Towers with Radar,43,44,64,34,185,0,0,17,0,17,43,44,81,34,202,6,150,156,358
08/22/2002,JAN,MS,ASO,CE,Towers with Radar,43,46,56,23,168,0,0,17,10,27,43,46,73,33,195,23,66,89,284
08/23/2002,JAN,MS,ASO,CE,Towers with Radar,41,42,52,5,140,0,0,46,0,46,41,42,98,5,186,6,14,20,206
08/24/2002,JAN,MS,ASO,CE,Towers with Radar,34,30,25,5,94,7,7,0,0,14,41,37,25,5,108,2,14,16,124
08/25/2002,JAN,MS,ASO,CE,Towers with Radar,29,19,29,7,84,18,0,2,0,20,47,19,31,7,104,2,0,2,106
08/26/2002,JAN,MS,ASO,CE,Towers with Radar,42,41,44,29,156,0,0,17,1,18,42,41,61,30,174,16,110,126,300
08/27/2002,JAN,MS,ASO,CE,Towers with Radar,50,37,55,21,163,0,0,28,3,31,50,37,83,24,194,38,36,74,268
08/28/2002,JAN,MS,ASO,CE,Towers with Radar,42,42,56,39,179,0,2,36,2,40,42,44,92,41,219,42,164,206,425
08/29/2002,JAN,MS,ASO,CE,Towers with Radar,44,44,74,32,194,0,2,21,0,23,44,46,95,32,217,3,154,157,374
08/30/2002,JAN,MS,ASO,CE,Towers with Radar,46,40,43,4,133,0,0,14,0,14,46,40,57,4,147,20,10,30,177
08/31/2002,JAN,MS,ASO,CE,Towers with Radar,32,34,26,0,92,0,0,14,0,14,32,34,40,0,106,10,0,10,116
09/01/2002,JAN,MS,ASO,CE,Towers with Radar,24,31,13,1,69,1,0,21,0,22,25,31,34,1,91,4,0,4,95
09/02/2002,JAN,MS,ASO,CE,Towers with Radar,37,32,16,3,88,0,0,25,2,27,37,32,41,5,115,34,4,38,153
09/03/2002,JAN,MS,ASO,CE,Towers with Radar,41,46,39,36,162,0,0,24,5,29,41,46,63,41,191,0,124,124,315
09/04/2002,JAN,MS,ASO,CE,Towers with Radar,46,51,45,27,169,0,0,25,4,29,46,51,70,31,198,0,88,88,286
09/05/2002,JAN,MS,ASO,CE,Towers with Radar,45,44,52,55,196,0,0,11,10,21,45,44,63,65,217,4,160,164,381
09/06/2002,JAN,MS,ASO,CE,Towers with Radar,46,47,46,12,151,0,0,19,4,23,46,47,65,16,174,0,40,40,214
09/07/2002,JAN,MS,ASO,CE,Towers with Radar,32,27,27,2,88,16,0,9,0,25,48,27,36,2,113,6,0,6,119
09/08/2002,JAN,MS,ASO,CE,Towers with Radar,34,25,29,12,100,15,0,22,0,37,49,25,51,12,137,0,42,42,179
09/09/2002,JAN,MS,ASO,CE,Towers with Radar,39,42,32,45,158,0,0,9,5,14,39,42,41,50,172,4,184,188,360
09/10/2002,JAN,MS,ASO,CE,Towers with Radar,47,46,50,25,168,0,1,19,7,27,47,47,69,32,195,18,126,144,339
09/11/2002,JAN,MS,ASO,CE,Towers with Radar,36,40,58,27,161,0,0,16,3,19,36,40,74,30,180,2,184,186,366
09/12/2002,JAN,MS,ASO,CE,Towers with Radar,43,51,59,34,187,0,0,34,4,38,43,51,93,38,225,10,150,160,385
09/13/2002,JAN,MS,ASO,CE,Towers with Radar,57,33,38,23,151,0,0,20,5,25,57,33,58,28,176,2,86,88,264
09/14/2002,JAN,MS,ASO,CE,Towers with Radar,35,42,23,7,107,0,0,2,3,5,35,42,25,10,112,2,22,24,136
09/15/2002,JAN,MS,ASO,CE,Towers with Radar,33,35,32,4,104,0,4,15,0,19,33,39,47,4,123,6,0,6,129
09/16/2002,JAN,MS,ASO,CE,Towers with Radar,42,42,46,20,150,0,0,13,7,20,42,42,59,27,170,12,114,126,296
09/17/2002,JAN,MS,ASO,CE,Towers with Radar,43,43,47,14,147,0,0,21,0,21,43,43,68,14,168,14,30,44,212
09/18/2002,JAN,MS,ASO,CE,Towers with Radar,43,51,80,38,212,0,0,10,4,14,43,51,90,42,226,8,186,194,420
09/19/2002,JAN,MS,ASO,CE,Towers with Radar,46,48,46,19,159,0,0,20,6,26,46,48,66,25,185,0,104,104,289
09/20/2002,JAN,MS,ASO,CE,Towers with Radar,41,42,31,8,122,0,0,6,3,9,41,42,37,11,131,0,6,6,137
09/21/2002,JAN,MS,ASO,CE,Towers with Radar,45,32,38,5,120,0,0,8,3,11,45,32,46,8,131,8,24,32,163
09/22/2002,JAN,MS,ASO,CE,Towers with Radar,38,34,17,1,90,0,0,6,2,8,38,34,23,3,98,2,6,8,106
09/23/2002,JAN,MS,ASO,CE,Towers with Radar,43,39,53,12,147,0,0,9,3,12,43,39,62,15,159,6,126,132,291
09/24/2002,JAN,MS,ASO,CE,Towers with Radar,46,51,53,22,172,0,0,20,0,20,46,51,73,22,192,0,78,78,270
09/25/2002,JAN,MS,ASO,CE,Towers with Radar,29,29,17,0,75,11,23,0,0,34,40,52,17,0,109,2,0,2,111
09/26/2002,JAN,MS,ASO,CE,Towers with Radar,48,20,9,0,77,0,0,0,0,0,48,20,9,0,77,0,0,0,77
09/27/2002,JAN,MS,ASO,CE,Towers with Radar,43,54,50,20,167,0,0,19,3,22,43,54,69,23,189,28,59,87,276
09/28/2002,JAN,MS,ASO,CE,Towers with Radar,30,29,25,2,86,10,10,3,0,23,40,39,28,2,109,0,4,4,113
09/29/2002,JAN,MS,ASO,CE,Towers with Radar,32,31,24,1,88,2,14,0,0,16,34,45,24,1,104,6,0,6,110
09/30/2002,JAN,MS,ASO,CE,Towers with Radar,41,43,52,17,153,0,0,8,4,12,41,43,60,21,165,2,32,34,199
10/01/2002,JAN,MS,ASO,CE,Towers with Radar,46,48,47,19,160,3,1,4,0,8,49,49,51,19,168,4,46,50,218
10/02/2002,JAN,MS,ASO,CE,Towers with Radar,46,47,47,31,171,0,0,22,3,25,46,47,69,34,196,2,168,170,366
10/03/2002,JAN,MS,ASO,CE,Towers with Radar,13,10,9,1,33,19,0,0,0,19,32,10,9,1,52,0,2,2,54
10/04/2002,JAN,MS,ASO,CE,Towers with Radar,38,41,27,21,127,1,0,1,0,2,39,41,28,21,129,1,22,23,152
10/05/2002,JAN,MS,ASO,CE,Towers with Radar,39,41,39,3,122,1,0,9,0,10,40,41,48,3,132,0,0,0,132
10/06/2002,JAN,MS,ASO,CE,Towers with Radar,36,33,23,14,106,1,0,6,0,7,37,33,29,14,113,8,24,32,145
10/07/2002,JAN,MS,ASO,CE,Towers with Radar,40,40,36,20,136,1,1,6,0,8,41,41,42,20,144,12,42,54,198
10/08/2002,JAN,MS,ASO,CE,Towers with Radar,37,49,57,41,184,1,0,4,0,5,38,49,61,41,189,0,102,102,291
10/09/2002,JAN,MS,ASO,CE,Towers with Radar,41,53,37,2,133,1,0,3,0,4,42,53,40,2,137,0,2,2,139
10/10/2002,JAN,MS,ASO,CE,Towers with Radar,43,56,38,31,168,1,0,2,0,3,44,56,40,31,171,6,82,88,259
10/11/2002,JAN,MS,ASO,CE,Towers with Radar,42,39,36,20,137,1,0,1,0,2,43,39,37,20,139,0,26,26,165
10/12/2002,JAN,MS,ASO,CE,Towers with Radar,41,33,24,4,102,1,0,12,0,13,42,33,36,4,115,34,22,56,171
10/13/2002,JAN,MS,ASO,CE,Towers with Radar,48,21,33,6,108,0,1,14,0,15,48,22,47,6,123,7,12,19,142
10/14/2002,JAN,MS,ASO,CE,Towers with Radar,40,42,30,4,116,0,3,6,0,9,40,45,36,4,125,0,0,0,125
10/15/2002,JAN,MS,ASO,CE,Towers with Radar,43,53,41,35,172,0,1,5,0,6,43,54,46,35,178,2,126,128,306
10/16/2002,JAN,MS,ASO,CE,Towers with Radar,46,46,62,38,192,0,1,15,2,18,46,47,77,40,210,6,214,220,430
10/17/2002,JAN,MS,ASO,CE,Towers with Radar,45,41,47,16,149,0,3,28,0,31,45,44,75,16,180,12,120,132,312
10/18/2002,JAN,MS,ASO,CE,Towers with Radar,41,41,57,35,174,0,1,20,1,22,41,42,77,36,196,2,174,176,372
10/19/2002,JAN,MS,ASO,CE,Towers with Radar,34,35,21,13,103,0,1,5,0,6,34,36,26,13,109,0,50,50,159
10/20/2002,JAN,MS,ASO,CE,Towers with Radar,49,22,26,0,97,0,1,0,0,1,49,23,26,0,98,0,0,0,98
10/21/2002,JAN,MS,ASO,CE,Towers with Radar,41,45,48,32,166,0,0,18,4,22,41,45,66,36,188,8,42,50,238
10/22/2002,JAN,MS,ASO,CE,Towers with Radar,44,52,52,34,182,0,2,1,6,9,44,54,53,40,191,0,168,168,359
10/23/2002,JAN,MS,ASO,CE,Towers with Radar,45,41,69,94,249,1,1,12,0,14,46,42,81,94,263,6,328,334,597
10/24/2002,JAN,MS,ASO,CE,Towers with Radar,45,45,66,24,180,1,0,3,0,4,46,45,69,24,184,2,30,32,216
10/25/2002,JAN,MS,ASO,CE,Towers with Radar,45,47,45,39,176,1,0,1,0,2,46,47,46,39,178,2,52,54,232
10/26/2002,JAN,MS,ASO,CE,Towers with Radar,38,41,21,0,100,1,0,1,0,2,39,41,22,0,102,0,0,0,102
10/27/2002,JAN,MS,ASO,CE,Towers with Radar,33,43,27,3,106,1,0,1,0,2,34,43,28,3,108,0,0,0,108
10/28/2002,JAN,MS,ASO,CE,Towers with Radar,37,45,54,52,188,1,0,1,0,2,38,45,55,52,190,2,94,96,286
10/29/2002,JAN,MS,ASO,CE,Towers with Radar,48,64,54,40,206,0,0,0,47,47,48,64,54,87,253,0,322,322,575
10/30/2002,JAN,MS,ASO,CE,Towers with Radar,44,52,49,32,177,0,4,11,7,22,44,56,60,39,199,0,200,200,399
10/31/2002,JAN,MS,ASO,CE,Towers with Radar,48,46,47,30,171,1,0,22,6,29,49,46,69,36,200,0,80,80,280
11/01/2002,JAN,MS,ASO,CE,Towers with Radar,46,41,41,6,134,5,0,4,0,9,51,41,45,6,143,0,38,38,181
11/02/2002,JAN,MS,ASO,CE,Towers with Radar,35,35,31,8,109,0,1,14,0,15,35,36,45,8,124,0,36,36,160
11/03/2002,JAN,MS,ASO,CE,Towers with Radar,31,44,23,2,100,0,0,1,0,1,31,44,24,2,101,0,0,0,101
11/04/2002,JAN,MS,ASO,CE,Towers with Radar,37,48,35,3,123,0,0,1,0,1,37,48,36,3,124,0,2,2,126
11/05/2002,JAN,MS,ASO,CE,Towers with Radar,40,45,32,16,133,0,0,2,0,2,40,45,34,16,135,2,12,14,149
11/06/2002,JAN,MS,ASO,CE,Towers with Radar,43,49,58,16,166,0,0,15,3,18,43,49,73,19,184,6,56,62,246
11/07/2002,JAN,MS,ASO,CE,Towers with Radar,53,35,44,27,159,0,0,19,1,20,53,35,63,28,179,0,136,136,315
11/08/2002,JAN,MS,ASO,CE,Towers with Radar,43,44,51,17,155,0,0,25,1,26,43,44,76,18,181,22,90,112,293
11/09/2002,JAN,MS,ASO,CE,Towers with Radar,29,26,25,8,88,14,0,4,2,20,43,26,29,10,108,4,18,22,130
11/10/2002,JAN,MS,ASO,CE,Towers with Radar,30,36,24,0,90,0,0,7,0,7,30,36,31,0,97,0,0,0,97
11/11/2002,JAN,MS,ASO,CE,Towers with Radar,55,23,37,5,120,0,0,7,0,7,55,23,44,5,127,10,2,12,139
11/12/2002,JAN,MS,ASO,CE,Towers with Radar,41,44,62,37,184,0,0,22,1,23,41,44,84,38,207,8,84,92,299
11/13/2002,JAN,MS,ASO,CE,Towers with Radar,53,35,57,38,183,0,2,29,0,31,53,37,86,38,214,12,229,241,455
11/14/2002,JAN,MS,ASO,CE,Towers with Radar,46,45,60,7,158,0,0,33,4,37,46,45,93,11,195,12,98,110,305
11/15/2002,JAN,MS,ASO,CE,Towers with Radar,45,43,43,16,147,0,1,2,0,3,45,44,45,16,150,8,32,40,190
11/16/2002,JAN,MS,ASO,CE,Towers with Radar,33,37,27,0,97,0,0,10,0,10,33,37,37,0,107,4,0,4,111
11/17/2002,JAN,MS,ASO,CE,Towers with Radar,29,41,28,6,104,0,0,32,0,32,29,41,60,6,136,10,18,28,164
11/18/2002,JAN,MS,ASO,CE,Towers with Radar,43,39,43,27,152,0,0,9,0,9,43,39,52,27,161,0,102,102,263
11/19/2002,JAN,MS,ASO,CE,Towers with Radar,43,43,44,19,149,0,0,7,1,8,43,43,51,20,157,2,70,72,229
11/20/2002,JAN,MS,ASO,CE,Towers with Radar,47,53,52,31,183,0,0,17,3,20,47,53,69,34,203,0,84,84,287
11/21/2002,JAN,MS,ASO,CE,Towers with Radar,45,48,44,13,150,0,0,18,2,20,45,48,62,15,170,2,134,136,306
11/22/2002,JAN,MS,ASO,CE,Towers with Radar,41,46,41,12,140,0,1,17,4,22,41,47,58,16,162,10,126,136,298
11/23/2002,JAN,MS,ASO,CE,Towers with Radar,37,32,14,8,91,0,0,10,4,14,37,32,24,12,105,6,22,28,133
11/24/2002,JAN,MS,ASO,CE,Towers with Radar,32,39,23,6,100,0,2,13,3,18,32,41,36,9,118,6,12,18,136
11/25/2002,JAN,MS,ASO,CE,Towers with Radar,65,19,50,27,161,0,0,21,1,22,65,19,71,28,183,10,156,166,349
11/26/2002,JAN,MS,ASO,CE,Towers with Radar,51,43,62,7,163,0,0,1,1,2,51,43,63,8,165,0,2,2,167
11/27/2002,JAN,MS,ASO,CE,Towers with Radar,50,42,46,15,153,0,0,21,3,24,50,42,67,18,177,2,80,82,259
11/28/2002,JAN,MS,ASO,CE,Towers with Radar,22,21,15,0,58,4,6,0,0,10,26,27,15,0,68,0,0,0,68
11/29/2002,JAN,MS,ASO,CE,Towers with Radar,31,31,17,0,79,0,0,13,0,13,31,31,30,0,92,2,0,2,94
11/30/2002,JAN,MS,ASO,CE,Towers with Radar,31,39,8,0,78,0,0,18,0,18,31,39,26,0,96,6,0,6,102
12/01/2002,JAN,MS,ASO,CE,Towers with Radar,32,39,41,0,112,1,0,25,3,29,33,39,66,3,141,6,0,6,147
12/02/2002,JAN,MS,ASO,CE,Towers with Radar,39,48,44,20,151,0,0,6,3,9,39,48,50,23,160,0,147,147,307
12/03/2002,JAN,MS,ASO,CE,Towers with Radar,40,45,38,25,148,0,0,9,1,10,40,45,47,26,158,8,176,184,342
12/04/2002,JAN,MS,ASO,CE,Towers with Radar,38,41,30,0,109,1,7,10,0,18,39,48,40,0,127,0,0,0,127
12/05/2002,JAN,MS,ASO,CE,Towers with Radar,46,45,43,17,151,0,0,5,11,16,46,45,48,28,167,0,24,24,191
12/06/2002,JAN,MS,ASO,CE,Towers with Radar,41,45,33,33,152,0,0,18,1,19,41,45,51,34,171,0,126,126,297
12/07/2002,JAN,MS,ASO,CE,Towers with Radar,42,31,24,4,101,0,0,23,3,26,42,31,47,7,127,4,2,6,133
12/08/2002,JAN,MS,ASO,CE,Towers with Radar,31,38,26,8,103,0,0,5,3,8,31,38,31,11,111,2,32,34,145
12/09/2002,JAN,MS,ASO,CE,Towers with Radar,42,43,33,14,132,0,0,8,3,11,42,43,41,17,143,0,85,85,228
12/10/2002,JAN,MS,ASO,CE,Towers with Radar,39,58,34,16,147,0,21,0,22,43,39,79,34,38,190,0,74,74,264
12/11/2002,JAN,MS,ASO,CE,Towers with Radar,48,40,71,29,188,0,0,1,2,3,48,40,72,31,191,10,66,76,267
12/12/2002,JAN,MS,ASO,CE,Towers with Radar,43,46,46,17,152,0,0,11,14,25,43,46,57,31,177,6,132,138,315
12/13/2002,JAN,MS,ASO,CE,Towers with Radar,34,53,37,35,159,0,0,2,2,4,34,53,39,37,163,2,60,62,225
12/14/2002,JAN,MS,ASO,CE,Towers with Radar,31,41,18,4,94,0,0,24,1,25,31,41,42,5,119,4,0,4,123
12/15/2002,JAN,MS,ASO,CE,Towers with Radar,30,33,23,7,93,0,9,8,0,17,30,42,31,7,110,6,14,20,130
12/16/2002,JAN,MS,ASO,CE,Towers with Radar,40,51,39,15,145,0,2,4,18,24,40,53,43,33,169,0,146,146,315
12/17/2002,JAN,MS,ASO,CE,Towers with Radar,48,45,63,32,188,0,0,16,1,17,48,45,79,33,205,2,98,100,305
12/18/2002,JAN,MS,ASO,CE,Towers with Radar,45,57,53,29,184,0,0,4,1,5,45,57,57,30,189,2,110,112,301
12/19/2002,JAN,MS,ASO,CE,Towers with Radar,46,52,31,2,131,0,0,4,1,5,46,52,35,3,136,2,0,2,138
12/20/2002,JAN,MS,ASO,CE,Towers with Radar,55,41,51,8,155,0,0,41,1,42,55,41,92,9,197,24,62,86,283
12/21/2002,JAN,MS,ASO,CE,Towers with Radar,38,33,21,0,92,0,0,34,2,36,38,33,55,2,128,28,2,30,158
12/22/2002,JAN,MS,ASO,CE,Towers with Radar,30,32,23,6,91,7,2,11,0,20,37,34,34,6,111,12,12,24,135
12/23/2002,JAN,MS,ASO,CE,Towers with Radar,38,41,22,9,110,3,2,0,0,5,41,43,22,9,115,0,10,10,125
12/24/2002,JAN,MS,ASO,CE,Towers with Radar,29,31,20,0,80,9,1,0,0,10,38,32,20,0,90,2,0,2,92
12/25/2002,JAN,MS,ASO,CE,Towers with Radar,21,22,16,0,59,8,6,2,0,16,29,28,18,0,75,0,0,0,75
12/26/2002,JAN,MS,ASO,CE,Towers with Radar,36,41,31,2,110,0,17,6,0,23,36,58,37,2,133,0,24,24,157
12/27/2002,JAN,MS,ASO,CE,Towers with Radar,43,43,37,2,125,0,0,22,0,22,43,43,59,2,147,0,18,18,165
12/28/2002,JAN,MS,ASO,CE,Towers with Radar,31,27,25,0,83,12,0,4,0,16,43,27,29,0,99,4,0,4,103
12/29/2002,JAN,MS,ASO,CE,Towers with Radar,34,37,28,0,99,1,1,5,0,7,35,38,33,0,106,8,0,8,114
12/30/2002,JAN,MS,ASO,CE,Towers with Radar,38,35,31,8,112,1,0,11,0,12,39,35,42,8,124,2,16,18,142
12/31/2002,JAN,MS,ASO,CE,Towers with Radar,27,29,22,0,78,17,1,5,0,23,44,30,27,0,101,0,0,0,101
01/01/2003,JAN,MS,ASO,CE,Towers with Radar,24,24,18,0,66,5,8,0,0,13,29,32,18,0,79,0,0,0,79
01/02/2003,JAN,MS,ASO,CE,Towers with Radar,41,48,24,0,113,0,1,0,0,1,41,49,24,0,114,0,0,0,114
01/03/2003,JAN,MS,ASO,CE,Towers with Radar,52,36,35,15,138,0,1,20,0,21,52,37,55,15,159,0,84,84,243
01/04/2003,JAN,MS,ASO,CE,Towers with Radar,33,34,22,0,89,0,1,13,0,14,33,35,35,0,103,4,2,6,109
01/05/2003,JAN,MS,ASO,CE,Towers with Radar,32,37,35,8,112,0,1,12,0,13,32,38,47,8,125,8,8,16,141
01/06/2003,JAN,MS,ASO,CE,Towers with Radar,41,40,26,20,127,0,3,18,1,22,41,43,44,21,149,0,98,98,247
01/07/2003,JAN,MS,ASO,CE,Towers with Radar,46,48,48,23,165,0,0,39,12,51,46,48,87,35,216,2,116,118,334
01/08/2003,JAN,MS,ASO,CE,Towers with Radar,42,54,31,22,149,0,1,21,0,22,42,55,52,22,171,16,112,128,299
01/09/2003,JAN,MS,ASO,CE,Towers with Radar,43,50,61,23,177,0,1,25,0,26,43,51,86,23,203,8,98,106,309
01/10/2003,JAN,MS,ASO,CE,Towers with Radar,41,51,50,19,161,0,1,6,0,7,41,52,56,19,168,0,216,216,384
01/11/2003,JAN,MS,ASO,CE,Towers with Radar,34,35,34,16,119,0,7,3,3,13,34,42,37,19,132,14,48,62,194
01/12/2003,JAN,MS,ASO,CE,Towers with Radar,25,26,19,11,81,8,8,0,1,17,33,34,19,12,98,2,54,56,154
01/13/2003,JAN,MS,ASO,CE,Towers with Radar,41,46,46,21,154,0,0,14,13,27,41,46,60,34,181,2,160,162,343
01/14/2003,JAN,MS,ASO,CE,Towers with Radar,45,42,55,25,167,0,0,23,5,28,45,42,78,30,195,0,46,46,241
01/15/2003,JAN,MS,ASO,CE,Towers with Radar,48,46,53,18,165,0,0,43,0,43,48,46,96,18,208,24,54,78,286
01/16/2003,JAN,MS,ASO,CE,Towers with Radar,40,43,41,14,138,5,6,3,0,14,45,49,44,14,152,0,22,22,174
01/17/2003,JAN,MS,ASO,CE,Towers with Radar,44,47,41,27,159,1,0,18,2,21,45,47,59,29,180,2,94,96,276
01/18/2003,JAN,MS,ASO,CE,Towers with Radar,48,18,15,2,83,1,0,1,0,2,49,18,16,2,85,0,0,0,85
01/19/2003,JAN,MS,ASO,CE,Towers with Radar,45,28,23,3,99,1,0,11,0,12,46,28,34,3,111,4,2,6,117
01/20/2003,JAN,MS,ASO,CE,Towers with Radar,40,42,41,6,129,1,0,5,0,6,41,42,46,6,135,0,5,5,140
01/21/2003,JAN,MS,ASO,CE,Towers with Radar,44,46,63,43,196,1,0,5,0,6,45,46,68,43,202,2,224,226,428
01/22/2003,JAN,MS,ASO,CE,Towers with Radar,43,51,60,17,171,1,0,0,0,1,44,51,60,17,172,10,28,38,210
01/23/2003,JAN,MS,ASO,CE,Towers with Radar,43,48,55,39,185,1,0,13,0,14,44,48,68,39,199,2,193,195,394
01/24/2003,JAN,MS,ASO,CE,Towers with Radar,39,48,51,34,172,1,0,11,1,13,40,48,62,35,185,0,194,194,379
01/25/2003,JAN,MS,ASO,CE,Towers with Radar,37,29,7,10,83,1,1,6,0,8,38,30,13,10,91,2,22,24,115
01/26/2003,JAN,MS,ASO,CE,Towers with Radar,33,36,17,5,91,0,1,3,0,4,33,37,20,5,95,4,0,4,99
01/27/2003,JAN,MS,ASO,CE,Towers with Radar,36,42,56,34,168,0,1,8,0,9,36,43,64,34,177,4,206,210,387
01/28/2003,JAN,MS,ASO,CE,Towers with Radar,43,46,37,28,154,0,1,11,0,12,43,47,48,28,166,0,126,126,292
01/29/2003,JAN,MS,ASO,CE,Towers with Radar,42,41,61,11,155,0,1,0,0,1,42,42,61,11,156,0,16,16,172
01/30/2003,JAN,MS,ASO,CE,Towers with Radar,50,37,48,23,158,2,0,25,12,39,52,37,73,35,197,4,60,64,261
01/31/2003,JAN,MS,ASO,CE,Towers with Radar,44,49,47,16,156,0,4,4,0,8,44,53,51,16,164,0,16,16,180
02/01/2003,JAN,MS,ASO,CE,Towers with Radar,24,26,23,1,74,7,18,2,0,27,31,44,25,1,101,16,0,16,117
02/02/2003,JAN,MS,ASO,CE,Towers with Radar,33,36,33,11,113,0,3,11,9,23,33,39,44,20,136,10,36,46,182
02/03/2003,JAN,MS,ASO,CE,Towers with Radar,38,42,39,2,121,0,3,2,0,5,38,45,41,2,126,0,8,8,134
02/04/2003,JAN,MS,ASO,CE,Towers with Radar,38,44,41,13,136,0,6,16,8,30,38,50,57,21,166,2,124,126,292
02/05/2003,JAN,MS,ASO,CE,Towers with Radar,40,46,57,21,164,1,0,11,0,12,41,46,68,21,176,14,246,260,436
02/06/2003,JAN,MS,ASO,CE,Towers with Radar,42,39,40,11,132,8,0,8,0,16,50,39,48,11,148,2,8,10,158
02/07/2003,JAN,MS,ASO,CE,Towers with Radar,44,46,49,16,155,0,0,13,13,26,44,46,62,29,181,4,74,78,259
02/08/2003,JAN,MS,ASO,CE,Towers with Radar,30,28,29,3,90,11,0,3,0,14,41,28,32,3,104,4,4,8,112
02/09/2003,JAN,MS,ASO,CE,Towers with Radar,32,33,32,10,107,1,12,0,11,24,33,45,32,21,131,8,28,36,167
02/10/2003,JAN,MS,ASO,CE,Towers with Radar,55,29,36,15,135,1,0,3,0,4,56,29,39,15,139,12,20,32,171
02/11/2003,JAN,MS,ASO,CE,Towers with Radar,40,48,44,36,168,1,0,18,5,24,41,48,62,41,192,0,136,136,328
02/12/2003,JAN,MS,ASO,CE,Towers with Radar,49,49,57,19,174,0,0,28,2,30,49,49,85,21,204,4,170,174,378
02/13/2003,JAN,MS,ASO,CE,Towers with Radar,42,46,50,15,153,0,0,2,0,2,42,46,52,15,155,10,84,94,249
02/14/2003,JAN,MS,ASO,CE,Towers with Radar,44,46,37,9,136,1,0,7,0,8,45,46,44,9,144,8,6,14,158
02/15/2003,JAN,MS,ASO,CE,Towers with Radar,22,23,19,3,67,6,13,0,0,19,28,36,19,3,86,4,4,8,94
02/16/2003,JAN,MS,ASO,CE,Towers with Radar,29,29,19,0,77,1,0,0,0,1,30,29,19,0,78,0,0,0,78
02/17/2003,JAN,MS,ASO,CE,Towers with Radar,44,33,34,0,111,0,0,4,0,4,44,33,38,0,115,0,2,2,117
02/18/2003,JAN,MS,ASO,CE,Towers with Radar,43,43,33,28,147,0,0,34,0,34,43,43,67,28,181,6,97,103,284
02/19/2003,JAN,MS,ASO,CE,Towers with Radar,41,50,57,34,182,0,0,15,0,15,41,50,72,34,197,12,98,110,307
02/20/2003,JAN,MS,ASO,CE,Towers with Radar,50,44,49,16,159,0,0,8,1,9,50,44,57,17,168,0,26,26,194
02/21/2003,JAN,MS,ASO,CE,Towers with Radar,47,39,25,4,115,0,0,0,0,0,47,39,25,4,115,0,6,6,121
02/22/2003,JAN,MS,ASO,CE,Towers with Radar,29,36,23,3,91,0,0,0,0,0,29,36,23,3,91,2,4,6,97
02/23/2003,JAN,MS,ASO,CE,Towers with Radar,30,39,29,7,105,0,0,11,1,12,30,39,40,8,117,14,16,30,147
02/24/2003,JAN,MS,ASO,CE,Towers with Radar,36,41,43,15,135,0,0,8,0,8,36,41,51,15,143,4,176,180,323
02/25/2003,JAN,MS,ASO,CE,Towers with Radar,61,26,40,4,131,0,0,0,0,0,61,26,40,4,131,2,2,4,135
02/26/2003,JAN,MS,ASO,CE,Towers with Radar,41,44,47,4,136,0,0,0,0,0,41,44,47,4,136,0,0,0,136
02/27/2003,JAN,MS,ASO,CE,Towers with Radar,47,43,43,7,140,6,0,2,0,8,53,43,45,7,148,4,6,10,158
02/28/2003,JAN,MS,ASO,CE,Towers with Radar,48,40,30,14,132,1,0,0,0,1,49,40,30,14,133,0,38,38,171
03/01/2003,JAN,MS,ASO,CE,Towers with Radar,34,34,22,0,90,0,2,2,0,4,34,36,24,0,94,0,0,0,94
03/02/2003,JAN,MS,ASO,CE,Towers with Radar,33,35,24,0,92,0,3,0,4,7,33,38,24,4,99,0,0,0,99
03/03/2003,JAN,MS,ASO,CE,Towers with Radar,41,46,61,22,170,0,2,23,3,28,41,48,84,25,198,5,157,162,360
03/04/2003,JAN,MS,ASO,CE,Towers with Radar,42,52,50,26,170,0,2,0,1,3,42,54,50,27,173,2,24,26,199
03/05/2003,JAN,MS,ASO,CE,Towers with Radar,49,39,45,19,152,16,0,8,9,33,65,39,53,28,185,0,16,16,201
03/06/2003,JAN,MS,ASO,CE,Towers with Radar,44,52,52,22,170,0,1,5,1,7,44,53,57,23,177,2,70,72,249
03/07/2003,JAN,MS,ASO,CE,Towers with Radar,44,39,40,14,137,8,0,36,0,44,52,39,76,14,181,31,16,47,228
03/08/2003,JAN,MS,ASO,CE,Towers with Radar,38,32,33,5,108,0,1,7,0,8,38,33,40,5,116,2,4,6,122
03/09/2003,JAN,MS,ASO,CE,Towers with Radar,31,31,22,2,86,11,0,0,0,11,42,31,22,2,97,26,0,26,123
03/10/2003,JAN,MS,ASO,CE,Towers with Radar,41,47,45,26,159,0,1,15,1,17,41,48,60,27,176,0,107,107,283
03/11/2003,JAN,MS,ASO,CE,Towers with Radar,48,36,46,20,150,8,0,30,10,48,56,36,76,30,198,5,106,111,309
03/12/2003,JAN,MS,ASO,CE,Towers with Radar,39,44,38,65,186,0,1,20,1,22,39,45,58,66,208,0,268,268,476
03/13/2003,JAN,MS,ASO,CE,Towers with Radar,45,51,22,15,133,0,1,0,0,1,45,52,22,15,134,4,92,96,230
03/14/2003,JAN,MS,ASO,CE,Towers with Radar,41,50,39,15,145,0,1,6,1,8,41,51,45,16,153,2,20,22,175
03/15/2003,JAN,MS,ASO,CE,Towers with Radar,34,40,16,2,92,0,1,9,0,10,34,41,25,2,102,0,0,0,102
03/16/2003,JAN,MS,ASO,CE,Towers with Radar,36,37,35,0,108,0,1,7,0,8,36,38,42,0,116,11,0,11,127
03/17/2003,JAN,MS,ASO,CE,Towers with Radar,42,45,70,0,157,0,1,0,0,1,42,46,70,0,158,2,0,2,160
03/18/2003,JAN,MS,ASO,CE,Towers with Radar,46,51,39,32,168,0,1,5,1,7,46,52,44,33,175,2,62,64,239
03/19/2003,JAN,MS,ASO,CE,Towers with Radar,42,51,48,21,162,0,0,35,6,41,42,51,83,27,203,12,132,144,347
03/20/2003,JAN,MS,ASO,CE,Towers with Radar,44,52,48,25,169,0,1,3,2,6,44,53,51,27,175,4,164,168,343
03/21/2003,JAN,MS,ASO,CE,Towers with Radar,41,54,50,9,154,0,3,13,0,16,41,57,63,9,170,4,22,26,196
03/22/2003,JAN,MS,ASO,CE,Towers with Radar,29,31,29,3,92,1,12,11,0,24,30,43,40,3,116,2,14,16,132
03/23/2003,JAN,MS,ASO,CE,Towers with Radar,33,34,18,9,94,0,1,13,0,14,33,35,31,9,108,7,9,16,124
03/24/2003,JAN,MS,ASO,CE,Towers with Radar,39,40,41,16,136,0,1,20,1,22,39,41,61,17,158,10,98,108,266
03/25/2003,JAN,MS,ASO,CE,Towers with Radar,43,48,33,31,155,0,1,23,2,26,43,49,56,33,181,2,86,88,269
03/26/2003,JAN,MS,ASO,CE,Towers with Radar,43,60,40,2,145,0,1,0,0,1,43,61,40,2,146,2,0,2,148
03/27/2003,JAN,MS,ASO,CE,Towers with Radar,44,52,59,19,174,0,1,33,0,34,44,53,92,19,208,0,116,116,324
03/28/2003,JAN,MS,ASO,CE,Towers with Radar,44,48,50,22,164,0,0,24,13,37,44,48,74,35,201,4,94,98,299
03/29/2003,JAN,MS,ASO,CE,Towers with Radar,29,33,25,14,101,0,0,0,5,5,29,33,25,19,106,6,40,46,152
03/30/2003,JAN,MS,ASO,CE,Towers with Radar,31,34,14,16,95,0,1,11,4,16,31,35,25,20,111,2,16,18,129
03/31/2003,JAN,MS,ASO,CE,Towers with Radar,31,36,45,34,146,0,1,13,6,20,31,37,58,40,166,2,138,140,306
04/01/2003,JAN,MS,ASO,CE,Towers with Radar,40,48,40,23,151,1,0,22,4,27,41,48,62,27,178,42,74,116,294
04/02/2003,JAN,MS,ASO,CE,Towers with Radar,36,50,57,31,174,0,0,30,1,31,36,50,87,32,205,12,30,42,247
04/03/2003,JAN,MS,ASO,CE,Towers with Radar,41,42,38,63,184,0,2,24,3,29,41,44,62,66,213,6,240,246,459
04/04/2003,JAN,MS,ASO,CE,Towers with Radar,41,46,29,37,153,0,0,9,0,9,41,46,38,37,162,9,179,188,350
04/05/2003,JAN,MS,ASO,CE,Towers with Radar,31,29,27,6,93,2,0,6,0,8,33,29,33,6,101,16,6,22,123
04/06/2003,JAN,MS,ASO,CE,Towers with Radar,40,23,21,1,85,1,0,2,0,3,41,23,23,1,88,0,0,0,88
04/07/2003,JAN,MS,ASO,CE,Towers with Radar,41,42,31,17,131,1,4,0,0,5,42,46,31,17,136,0,20,20,156
04/08/2003,JAN,MS,ASO,CE,Towers with Radar,43,48,45,25,161,0,0,1,0,1,43,48,46,25,162,0,98,98,260
04/09/2003,JAN,MS,ASO,CE,Towers with Radar,42,49,53,21,165,1,0,6,0,7,43,49,59,21,172,12,22,34,206
04/10/2003,JAN,MS,ASO,CE,Towers with Radar,41,47,49,21,158,0,0,21,0,21,41,47,70,21,179,4,155,159,338
04/11/2003,JAN,MS,ASO,CE,Towers with Radar,42,52,44,22,160,0,1,31,9,41,42,53,75,31,201,0,54,54,255
04/12/2003,JAN,MS,ASO,CE,Towers with Radar,36,29,21,6,92,1,0,17,0,18,37,29,38,6,110,4,4,8,118
04/13/2003,JAN,MS,ASO,CE,Towers with Radar,42,27,15,2,86,1,0,11,2,14,43,27,26,4,100,4,2,6,106
04/14/2003,JAN,MS,ASO,CE,Towers with Radar,40,43,40,18,141,0,0,16,3,19,40,43,56,21,160,0,56,56,216
04/15/2003,JAN,MS,ASO,CE,Towers with Radar,40,45,38,16,139,0,0,31,0,31,40,45,69,16,170,0,96,96,266
04/16/2003,JAN,MS,ASO,CE,Towers with Radar,42,46,62,13,163,0,0,14,2,16,42,46,76,15,179,0,20,20,199
04/17/2003,JAN,MS,ASO,CE,Towers with Radar,49,49,35,27,160,0,0,18,0,18,49,49,53,27,178,0,66,66,244
04/18/2003,JAN,MS,ASO,CE,Towers with Radar,43,44,37,15,139,4,2,11,0,17,47,46,48,15,156,0,56,56,212
04/19/2003,JAN,MS,ASO,CE,Towers with Radar,30,39,5,3,77,0,0,4,0,4,30,39,9,3,81,2,0,2,83
04/20/2003,JAN,MS,ASO,CE,Towers with Radar,44,31,8,1,84,1,0,3,0,4,45,31,11,1,88,0,0,0,88
04/21/2003,JAN,MS,ASO,CE,Towers with Radar,47,34,48,12,141,0,0,25,0,25,47,34,73,12,166,6,52,58,224
04/22/2003,JAN,MS,ASO,CE,Towers with Radar,39,53,27,8,127,1,0,23,2,26,40,53,50,10,153,2,10,12,165
04/23/2003,JAN,MS,ASO,CE,Towers with Radar,42,48,53,9,152,1,2,17,1,21,43,50,70,10,173,14,36,50,223
04/24/2003,JAN,MS,ASO,CE,Towers with Radar,40,47,26,0,113,0,0,7,0,7,40,47,33,0,120,0,1,1,121
04/25/2003,JAN,MS,ASO,CE,Towers with Radar,42,48,40,27,157,0,0,9,1,10,42,48,49,28,167,2,44,46,213
04/26/2003,JAN,MS,ASO,CE,Towers with Radar,36,31,24,8,99,0,0,12,1,13,36,31,36,9,112,8,12,20,132
04/27/2003,JAN,MS,ASO,CE,Towers with Radar,33,36,24,11,104,0,0,24,1,25,33,36,48,12,129,2,34,36,165
04/28/2003,JAN,MS,ASO,CE,Towers with Radar,42,38,31,33,144,0,0,35,3,38,42,38,66,36,182,2,94,96,278
04/29/2003,JAN,MS,ASO,CE,Towers with Radar,47,44,49,10,150,0,0,17,2,19,47,44,66,12,169,5,46,51,220
04/30/2003,JAN,MS,ASO,CE,Towers with Radar,42,47,31,31,151,0,0,29,1,30,42,47,60,32,181,2,104,106,287
05/01/2003,JAN,MS,ASO,CE,Towers with Radar,37,55,49,17,158,1,0,17,15,33,38,55,66,32,191,0,116,116,307
05/02/2003,JAN,MS,ASO,CE,Towers with Radar,37,51,35,19,142,1,0,16,2,19,38,51,51,21,161,6,141,147,308
05/03/2003,JAN,MS,ASO,CE,Towers with Radar,24,45,16,2,87,0,1,8,5,14,24,46,24,7,101,0,4,4,105
05/04/2003,JAN,MS,ASO,CE,Towers with Radar,26,53,22,3,104,0,1,4,1,6,26,54,26,4,110,2,22,24,134
05/05/2003,JAN,MS,ASO,CE,Towers with Radar,38,45,42,1,126,0,1,10,1,12,38,46,52,2,138,0,4,4,142
05/06/2003,JAN,MS,ASO,CE,Towers with Radar,33,60,30,31,154,0,1,10,1,12,33,61,40,32,166,0,44,44,210
05/07/2003,JAN,MS,ASO,CE,Towers with Radar,36,64,27,13,140,0,1,2,1,4,36,65,29,14,144,2,42,44,188
05/08/2003,JAN,MS,ASO,CE,Towers with Radar,33,63,67,31,194,0,1,14,1,16,33,64,81,32,210,2,162,164,374
05/09/2003,JAN,MS,ASO,CE,Towers with Radar,32,54,58,12,156,0,1,17,1,19,32,55,75,13,175,0,8,8,183
05/10/2003,JAN,MS,ASO,CE,Towers with Radar,33,30,23,5,91,0,1,8,0,9,33,31,31,5,100,0,8,8,108
05/11/2003,JAN,MS,ASO,CE,Towers with Radar,25,46,16,2,89,0,1,7,0,8,25,47,23,2,97,8,2,10,107
05/12/2003,JAN,MS,ASO,CE,Towers with Radar,44,56,54,21,175,0,3,41,1,45,44,59,95,22,220,0,113,113,333
05/13/2003,JAN,MS,ASO,CE,Towers with Radar,40,46,52,17,155,0,1,17,0,18,40,47,69,17,173,0,96,96,269
05/14/2003,JAN,MS,ASO,CE,Towers with Radar,36,53,34,2,125,0,1,4,0,5,36,54,38,2,130,0,0,0,130
05/15/2003,JAN,MS,ASO,CE,Towers with Radar,32,61,62,28,183,0,1,9,0,10,32,62,71,28,193,8,79,87,280
05/16/2003,JAN,MS,ASO,CE,Towers with Radar,32,55,56,30,173,0,1,20,2,23,32,56,76,32,196,2,106,108,304
05/17/2003,JAN,MS,ASO,CE,Towers with Radar,23,35,9,1,68,0,1,3,0,4,23,36,12,1,72,0,0,0,72
05/18/2003,JAN,MS,ASO,CE,Towers with Radar,27,42,24,9,102,0,1,1,0,2,27,43,25,9,104,22,40,62,166
05/19/2003,JAN,MS,ASO,CE,Towers with Radar,32,53,69,43,197,0,2,3,0,5,32,55,72,43,202,16,92,108,310
05/20/2003,JAN,MS,ASO,CE,Towers with Radar,33,68,39,9,149,0,1,0,0,1,33,69,39,9,150,6,2,8,158
05/21/2003,JAN,MS,ASO,CE,Towers with Radar,33,60,66,34,193,0,1,1,0,2,33,61,67,34,195,0,38,38,233
05/22/2003,JAN,MS,ASO,CE,Towers with Radar,29,68,38,10,145,0,2,11,0,13,29,70,49,10,158,2,29,31,189
05/23/2003,JAN,MS,ASO,CE,Towers with Radar,27,63,51,9,150,0,2,25,1,28,27,65,76,10,178,10,62,72,250
05/24/2003,JAN,MS,ASO,CE,Towers with Radar,22,42,20,0,84,0,1,17,0,18,22,43,37,0,102,13,0,13,115
05/25/2003,JAN,MS,ASO,CE,Towers with Radar,23,42,19,0,84,0,0,3,0,3,23,42,22,0,87,2,0,2,89
05/26/2003,JAN,MS,ASO,CE,Towers with Radar,29,50,28,1,108,0,0,5,1,6,29,50,33,2,114,10,0,10,124
05/27/2003,JAN,MS,ASO,CE,Towers with Radar,31,64,53,4,152,0,0,31,0,31,31,64,84,4,183,12,2,14,197
05/28/2003,JAN,MS,ASO,CE,Towers with Radar,39,57,36,27,159,0,2,21,4,27,39,59,57,31,186,8,92,100,286
05/29/2003,JAN,MS,ASO,CE,Towers with Radar,28,60,61,35,184,0,0,15,2,17,28,60,76,37,201,0,126,126,327
05/30/2003,JAN,MS,ASO,CE,Towers with Radar,29,62,44,37,172,0,0,21,4,25,29,62,65,41,197,2,94,96,293
05/31/2003,JAN,MS,ASO,CE,Towers with Radar,23,35,29,7,94,9,0,5,0,14,32,35,34,7,108,0,12,12,120
06/01/2003,JAN,MS,ASO,CE,Towers with Radar,24,44,22,5,95,0,1,6,5,12,24,45,28,10,107,0,28,28,135
06/02/2003,JAN,MS,ASO,CE,Towers with Radar,33,52,33,14,132,0,4,18,0,22,33,56,51,14,154,4,38,42,196
06/03/2003,JAN,MS,ASO,CE,Towers with Radar,43,62,33,24,162,0,0,0,41,41,43,62,33,65,203,4,181,185,388
06/04/2003,JAN,MS,ASO,CE,Towers with Radar,32,57,34,17,140,0,3,22,0,25,32,60,56,17,165,17,50,67,232
06/05/2003,JAN,MS,ASO,CE,Towers with Radar,34,60,47,24,165,0,1,15,1,17,34,61,62,25,182,22,86,108,290
06/06/2003,JAN,MS,ASO,CE,Towers with Radar,31,60,25,20,136,0,1,2,0,3,31,61,27,20,139,0,58,58,197
06/07/2003,JAN,MS,ASO,CE,Towers with Radar,28,41,25,1,95,0,0,0,0,0,28,41,25,1,95,6,0,6,101
06/08/2003,JAN,MS,ASO,CE,Towers with Radar,27,44,23,0,94,0,1,14,1,16,27,45,37,1,110,4,4,8,118
06/09/2003,JAN,MS,ASO,CE,Towers with Radar,31,56,42,12,141,0,1,21,3,25,31,57,63,15,166,18,74,92,258
06/10/2003,JAN,MS,ASO,CE,Towers with Radar,38,52,39,15,144,10,0,12,0,22,48,52,51,15,166,8,88,96,262
06/11/2003,JAN,MS,ASO,CE,Towers with Radar,34,66,32,39,171,0,1,6,0,7,34,67,38,39,178,0,58,58,236
06/12/2003,JAN,MS,ASO,CE,Towers with Radar,33,69,42,14,158,0,1,6,0,7,33,70,48,14,165,0,42,42,207
06/13/2003,JAN,MS,ASO,CE,Towers with Radar,34,56,41,13,144,0,0,19,0,19,34,56,60,13,163,12,22,34,197
06/14/2003,JAN,MS,ASO,CE,Towers with Radar,23,47,15,2,87,0,1,4,0,5,23,48,19,2,92,0,0,0,92
06/15/2003,JAN,MS,ASO,CE,Towers with Radar,26,52,18,8,104,0,1,4,0,5,26,53,22,8,109,0,4,4,113
06/16/2003,JAN,MS,ASO,CE,Towers with Radar,30,60,53,8,151,0,1,8,1,10,30,61,61,9,161,2,6,8,169
06/17/2003,JAN,MS,ASO,CE,Towers with Radar,33,70,33,17,153,0,1,13,1,15,33,71,46,18,168,0,52,52,220
06/18/2003,JAN,MS,ASO,CE,Towers with Radar,34,63,65,35,197,0,1,8,1,10,34,64,73,36,207,24,199,223,430
06/19/2003,JAN,MS,ASO,CE,Towers with Radar,35,63,61,35,194,0,1,7,2,10,35,64,68,37,204,0,160,160,364
06/20/2003,JAN,MS,ASO,CE,Towers with Radar,32,61,40,19,152,0,1,13,0,14,32,62,53,19,166,0,68,68,234
06/21/2003,JAN,MS,ASO,CE,Towers with Radar,22,33,21,9,85,7,8,2,0,17,29,41,23,9,102,6,10,16,118
06/22/2003,JAN,MS,ASO,CE,Towers with Radar,30,46,21,21,118,0,2,11,0,13,30,48,32,21,131,0,30,30,161
06/23/2003,JAN,MS,ASO,CE,Towers with Radar,39,59,44,18,160,0,1,12,1,14,39,60,56,19,174,0,74,74,248
06/24/2003,JAN,MS,ASO,CE,Towers with Radar,39,61,32,59,191,0,2,14,0,16,39,63,46,59,207,0,132,132,339
06/25/2003,JAN,MS,ASO,CE,Towers with Radar,41,63,54,30,188,0,1,29,0,30,41,64,83,30,218,14,103,117,335
06/26/2003,JAN,MS,ASO,CE,Towers with Radar,41,63,58,20,182,0,1,10,5,16,41,64,68,25,198,0,62,62,260
06/27/2003,JAN,MS,ASO,CE,Towers with Radar,60,32,46,19,157,0,1,7,0,8,60,33,53,19,165,0,22,22,187
06/28/2003,JAN,MS,ASO,CE,Towers with Radar,26,44,14,15,99,0,1,11,2,14,26,45,25,17,113,2,70,72,185
06/29/2003,JAN,MS,ASO,CE,Towers with Radar,29,36,29,11,105,17,0,2,0,19,46,36,31,11,124,10,16,26,150
06/30/2003,JAN,MS,ASO,CE,Towers with Radar,30,57,27,7,121,0,0,5,4,9,30,57,32,11,130,0,16,16,146
07/01/2003,JAN,MS,ASO,CE,Towers with Radar,32,51,22,16,121,0,9,0,8,17,32,60,22,24,138,0,152,152,290
07/02/2003,JAN,MS,ASO,CE,Towers with Radar,36,66,24,36,162,0,0,6,3,9,36,66,30,39,171,4,76,80,251
07/03/2003,JAN,MS,ASO,CE,Towers with Radar,41,60,43,21,165,0,0,17,1,18,41,60,60,22,183,6,32,38,221
07/04/2003,JAN,MS,ASO,CE,Towers with Radar,34,33,9,0,76,0,0,2,0,2,34,33,11,0,78,0,0,0,78
07/05/2003,JAN,MS,ASO,CE,Towers with Radar,23,33,13,1,70,1,9,0,0,10,24,42,13,1,80,2,0,2,82
07/06/2003,JAN,MS,ASO,CE,Towers with Radar,27,45,25,12,109,0,0,7,1,8,27,45,32,13,117,12,10,22,139
07/07/2003,JAN,MS,ASO,CE,Towers with Radar,34,57,33,11,135,0,8,9,0,17,34,65,42,11,152,10,20,30,182
07/08/2003,JAN,MS,ASO,CE,Towers with Radar,34,68,29,9,140,0,0,6,1,7,34,68,35,10,147,4,26,30,177
07/09/2003,JAN,MS,ASO,CE,Towers with Radar,37,62,44,46,189,0,0,14,3,17,37,62,58,49,206,14,164,178,384
07/10/2003,JAN,MS,ASO,CE,Towers with Radar,40,66,49,23,178,0,0,13,0,13,40,66,62,23,191,6,50,56,247
07/11/2003,JAN,MS,ASO,CE,Towers with Radar,51,48,49,17,165,0,0,8,0,8,51,48,57,17,173,4,32,36,209
07/12/2003,JAN,MS,ASO,CE,Towers with Radar,45,35,19,2,101,0,0,21,1,22,45,35,40,3,123,18,0,18,141
07/13/2003,JAN,MS,ASO,CE,Towers with Radar,26,56,15,6,103,0,0,7,0,7,26,56,22,6,110,0,2,2,112
07/14/2003,JAN,MS,ASO,CE,Towers with Radar,43,47,29,30,149,0,0,22,4,26,43,47,51,34,175,30,76,106,281
07/15/2003,JAN,MS,ASO,CE,Towers with Radar,35,63,36,28,162,0,0,15,0,15,35,63,51,28,177,2,54,56,233
07/16/2003,JAN,MS,ASO,CE,Towers with Radar,38,61,47,20,166,0,0,19,1,20,38,61,66,21,186,0,38,38,224
07/17/2003,JAN,MS,ASO,CE,Towers with Radar,34,59,42,12,147,0,0,14,1,15,34,59,56,13,162,0,16,16,178
07/18/2003,JAN,MS,ASO,CE,Towers with Radar,37,53,33,10,133,0,1,16,0,17,37,54,49,10,150,0,36,36,186
07/19/2003,JAN,MS,ASO,CE,Towers with Radar,26,47,18,0,91,0,0,10,0,10,26,47,28,0,101,10,0,10,111
07/20/2003,JAN,MS,ASO,CE,Towers with Radar,26,46,20,0,92,0,0,13,0,13,26,46,33,0,105,12,0,12,117
07/21/2003,JAN,MS,ASO,CE,Towers with Radar,35,51,31,12,129,0,0,15,0,15,35,51,46,12,144,8,52,60,204
07/22/2003,JAN,MS,ASO,CE,Towers with Radar,38,56,41,27,162,0,0,10,1,11,38,56,51,28,173,2,122,124,297
07/23/2003,JAN,MS,ASO,CE,Towers with Radar,31,62,50,31,174,0,0,18,2,20,31,62,68,33,194,2,74,76,270
07/24/2003,JAN,MS,ASO,CE,Towers with Radar,33,63,41,27,164,0,0,17,2,19,33,63,58,29,183,10,60,70,253
07/25/2003,JAN,MS,ASO,CE,Towers with Radar,35,57,27,31,150,0,0,26,1,27,35,57,53,32,177,2,122,124,301
07/26/2003,JAN,MS,ASO,CE,Towers with Radar,23,36,21,11,91,13,0,8,2,23,36,36,29,13,114,2,4,6,120
07/27/2003,JAN,MS,ASO,CE,Towers with Radar,25,48,24,11,108,0,0,14,0,14,25,48,38,11,122,2,16,18,140
07/28/2003,JAN,MS,ASO,CE,Towers with Radar,30,62,33,16,141,0,0,19,1,20,30,62,52,17,161,0,64,64,225
07/29/2003,JAN,MS,ASO,CE,Towers with Radar,33,53,44,30,160,0,0,18,0,18,33,53,62,30,178,6,112,118,296
07/30/2003,JAN,MS,ASO,CE,Towers with Radar,31,66,31,28,156,0,0,11,1,12,31,66,42,29,168,6,118,124,292
07/31/2003,JAN,MS,ASO,CE,Towers with Radar,37,52,48,5,142,0,0,8,1,9,37,52,56,6,151,10,10,20,171
08/01/2003,JAN,MS,ASO,CE,Towers with Radar,31,59,50,21,161,0,3,17,1,21,31,62,67,22,182,0,82,82,264
08/02/2003,JAN,MS,ASO,CE,Towers with Radar,26,37,26,0,89,1,7,13,0,21,27,44,39,0,110,12,0,12,122
08/03/2003,JAN,MS,ASO,CE,Towers with Radar,25,53,20,3,101,0,2,7,0,9,25,55,27,3,110,0,0,0,110
08/04/2003,JAN,MS,ASO,CE,Towers with Radar,33,52,49,16,150,0,2,10,0,12,33,54,59,16,162,14,124,138,300
08/05/2003,JAN,MS,ASO,CE,Towers with Radar,30,64,43,12,149,0,3,12,0,15,30,67,55,12,164,16,138,154,318
08/06/2003,JAN,MS,ASO,CE,Towers with Radar,31,61,36,13,141,0,2,18,0,20,31,63,54,13,161,32,22,54,215
08/07/2003,JAN,MS,ASO,CE,Towers with Radar,44,46,45,18,153,8,0,17,8,33,52,46,62,26,186,4,68,72,258
08/08/2003,JAN,MS,ASO,CE,Towers with Radar,41,52,29,22,144,0,3,11,1,15,41,55,40,23,159,14,58,72,231
08/09/2003,JAN,MS,ASO,CE,Towers with Radar,24,45,12,11,92,0,2,10,0,12,24,47,22,11,104,0,22,22,126
08/10/2003,JAN,MS,ASO,CE,Towers with Radar,26,30,28,4,88,21,0,2,0,23,47,30,30,4,111,0,4,4,115
08/11/2003,JAN,MS,ASO,CE,Towers with Radar,28,53,48,13,142,0,2,8,0,10,28,55,56,13,152,8,22,30,182
08/12/2003,JAN,MS,ASO,CE,Towers with Radar,34,63,42,10,149,0,2,8,1,11,34,65,50,11,160,0,6,6,166
08/13/2003,JAN,MS,ASO,CE,Towers with Radar,35,54,42,15,146,0,0,5,16,21,35,54,47,31,167,0,74,74,241
08/14/2003,JAN,MS,ASO,CE,Towers with Radar,32,57,32,15,136,0,2,20,1,23,32,59,52,16,159,0,48,48,207
08/15/2003,JAN,MS,ASO,CE,Towers with Radar,32,55,51,17,155,0,2,19,3,24,32,57,70,20,179,4,128,132,311
08/16/2003,JAN,MS,ASO,CE,Towers with Radar,22,45,19,2,88,0,2,8,0,10,22,47,27,2,98,2,0,2,100
08/17/2003,JAN,MS,ASO,CE,Towers with Radar,37,39,9,3,88,0,2,13,0,15,37,41,22,3,103,0,0,0,103
08/18/2003,JAN,MS,ASO,CE,Towers with Radar,31,58,45,16,150,0,2,13,0,15,31,60,58,16,165,6,78,84,249
08/19/2003,JAN,MS,ASO,CE,Towers with Radar,40,40,43,15,138,11,0,28,3,42,51,40,71,18,180,20,36,56,236
08/20/2003,JAN,MS,ASO,CE,Towers with Radar,35,68,39,17,159,0,2,12,5,19,35,70,51,22,178,14,134,148,326
08/21/2003,JAN,MS,ASO,CE,Towers with Radar,30,60,44,18,152,0,2,0,1,3,30,62,44,19,155,0,120,120,275
08/22/2003,JAN,MS,ASO,CE,Towers with Radar,33,65,48,35,181,0,2,15,1,18,33,67,63,36,199,2,108,110,309
08/23/2003,JAN,MS,ASO,CE,Towers with Radar,24,49,17,6,96,0,2,8,3,13,24,51,25,9,109,16,8,24,133
08/24/2003,JAN,MS,ASO,CE,Towers with Radar,24,49,24,6,103,0,4,7,1,12,24,53,31,7,115,2,10,12,127
08/25/2003,JAN,MS,ASO,CE,Towers with Radar,30,61,42,14,147,0,2,16,11,29,30,63,58,25,176,4,74,78,254
08/26/2003,JAN,MS,ASO,CE,Towers with Radar,38,51,46,18,153,0,2,13,2,17,38,53,59,20,170,2,114,116,286
08/27/2003,JAN,MS,ASO,CE,Towers with Radar,31,65,57,2,155,0,2,7,0,9,31,67,64,2,164,8,0,8,172
08/28/2003,JAN,MS,ASO,CE,Towers with Radar,33,69,44,18,164,0,2,16,1,19,33,71,60,19,183,2,54,56,239
08/29/2003,JAN,MS,ASO,CE,Towers with Radar,33,57,33,12,135,0,3,4,1,8,33,60,37,13,143,2,39,41,184
08/30/2003,JAN,MS,ASO,CE,Towers with Radar,43,25,15,1,84,0,2,0,0,2,43,27,15,1,86,0,0,0,86
08/31/2003,JAN,MS,ASO,CE,Towers with Radar,22,37,8,0,67,0,1,3,0,4,22,38,11,0,71,0,0,0,71
09/01/2003,JAN,MS,ASO,CE,Towers with Radar,21,40,23,6,90,0,16,0,0,16,21,56,23,6,106,0,8,8,114
09/02/2003,JAN,MS,ASO,CE,Towers with Radar,33,59,37,10,139,0,0,15,1,16,33,59,52,11,155,18,30,48,203
09/03/2003,JAN,MS,ASO,CE,Towers with Radar,39,51,48,11,149,0,0,9,2,11,39,51,57,13,160,14,12,26,186
09/04/2003,JAN,MS,ASO,CE,Towers with Radar,31,61,55,27,174,0,0,14,1,15,31,61,69,28,189,24,94,118,307
09/05/2003,JAN,MS,ASO,CE,Towers with Radar,35,63,36,23,157,0,0,12,0,12,35,63,48,23,169,0,140,140,309
09/06/2003,JAN,MS,ASO,CE,Towers with Radar,22,48,22,14,106,0,0,4,0,4,22,48,26,14,110,0,45,45,155
09/07/2003,JAN,MS,ASO,CE,Towers with Radar,22,43,29,2,96,3,9,3,0,15,25,52,32,2,111,8,0,8,119
09/08/2003,JAN,MS,ASO,CE,Towers with Radar,31,59,41,7,138,0,0,8,0,8,31,59,49,7,146,10,38,48,194
09/09/2003,JAN,MS,ASO,CE,Towers with Radar,32,60,43,25,160,0,0,12,1,13,32,60,55,26,173,6,82,88,261
09/10/2003,JAN,MS,ASO,CE,Towers with Radar,34,61,53,19,167,0,0,24,1,25,34,61,77,20,192,6,70,76,268
09/11/2003,JAN,MS,ASO,CE,Towers with Radar,32,63,53,19,167,0,0,18,1,19,32,63,71,20,186,6,54,60,246
09/12/2003,JAN,MS,ASO,CE,Towers with Radar,32,63,54,5,154,0,0,15,0,15,32,63,69,5,169,6,32,38,207
09/13/2003,JAN,MS,ASO,CE,Towers with Radar,23,46,19,1,89,0,0,4,0,4,23,46,23,1,93,0,0,0,93
09/14/2003,JAN,MS,ASO,CE,Towers with Radar,27,49,29,5,110,0,0,13,0,13,27,49,42,5,123,28,0,28,151
09/15/2003,JAN,MS,ASO,CE,Towers with Radar,28,58,44,15,145,0,0,29,15,44,28,58,73,30,189,6,160,166,355
09/16/2003,JAN,MS,ASO,CE,Towers with Radar,37,57,40,22,156,0,0,33,1,34,37,57,73,23,190,8,122,130,320
09/17/2003,JAN,MS,ASO,CE,Towers with Radar,32,61,47,29,169,0,0,30,1,31,32,61,77,30,200,2,94,96,296
09/18/2003,JAN,MS,ASO,CE,Towers with Radar,34,64,45,16,159,0,0,21,2,23,34,64,66,18,182,12,122,134,316
09/19/2003,JAN,MS,ASO,CE,Towers with Radar,32,69,41,11,153,0,0,20,0,20,32,69,61,11,173,8,106,114,287
09/20/2003,JAN,MS,ASO,CE,Towers with Radar,44,30,17,1,92,0,0,17,0,17,44,30,34,1,109,10,2,12,121
09/21/2003,JAN,MS,ASO,CE,Towers with Radar,26,39,28,4,97,13,0,0,0,13,39,39,28,4,110,2,4,6,116
09/22/2003,JAN,MS,ASO,CE,Towers with Radar,36,56,35,37,164,0,0,8,0,8,36,56,43,37,172,0,146,146,318
09/23/2003,JAN,MS,ASO,CE,Towers with Radar,32,62,42,15,151,0,7,10,8,25,32,69,52,23,176,0,80,80,256
09/24/2003,JAN,MS,ASO,CE,Towers with Radar,35,67,75,22,199,0,0,35,0,35,35,67,110,22,234,2,76,78,312
09/25/2003,JAN,MS,ASO,CE,Towers with Radar,31,70,38,29,168,0,0,14,0,14,31,70,52,29,182,9,74,83,265
09/26/2003,JAN,MS,ASO,CE,Towers with Radar,47,49,50,17,163,0,0,27,0,27,47,49,77,17,190,4,56,60,250
09/27/2003,JAN,MS,ASO,CE,Towers with Radar,27,48,28,5,108,0,0,6,0,6,27,48,34,5,114,6,4,10,124
09/28/2003,JAN,MS,ASO,CE,Towers with Radar,21,38,26,0,85,3,10,12,0,25,24,48,38,0,110,6,0,6,116
09/29/2003,JAN,MS,ASO,CE,Towers with Radar,32,70,64,5,171,0,0,22,2,24,32,70,86,7,195,26,0,26,221
09/30/2003,JAN,MS,ASO,CE,Towers with Radar,34,79,50,7,170,0,0,36,1,37,34,79,86,8,207,18,22,40,247
10/01/2003,JAN,MS,ASO,CE,Towers with Radar,31,63,47,22,163,0,5,38,3,46,31,68,85,25,209,28,124,152,361
10/02/2003,JAN,MS,ASO,CE,Towers with Radar,40,64,47,20,171,0,0,37,0,37,40,64,84,20,208,16,108,124,332
10/03/2003,JAN,MS,ASO,CE,Towers with Radar,37,58,43,8,146,0,16,6,0,22,37,74,49,8,168,2,40,42,210
10/04/2003,JAN,MS,ASO,CE,Towers with Radar,21,28,24,12,85,30,0,0,4,34,51,28,24,16,119,0,46,46,165
10/05/2003,JAN,MS,ASO,CE,Towers with Radar,27,47,34,0,108,0,17,20,0,37,27,64,54,0,145,0,10,10,155
10/06/2003,JAN,MS,ASO,CE,Towers with Radar,29,49,36,17,131,0,15,2,8,25,29,64,38,25,156,10,68,78,234
10/07/2003,JAN,MS,ASO,CE,Towers with Radar,37,65,47,22,171,0,1,0,16,17,37,66,47,38,188,2,140,142,330
10/08/2003,JAN,MS,ASO,CE,Towers with Radar,37,65,44,18,164,0,3,0,0,3,37,68,44,18,167,6,46,52,219
10/09/2003,JAN,MS,ASO,CE,Towers with Radar,38,64,49,17,168,0,0,7,0,7,38,64,56,17,175,0,36,36,211
10/10/2003,JAN,MS,ASO,CE,Towers with Radar,45,47,53,21,166,5,0,14,0,19,50,47,67,21,185,4,22,26,211
10/11/2003,JAN,MS,ASO,CE,Towers with Radar,24,38,28,8,98,1,10,10,0,21,25,48,38,8,119,2,0,2,121
10/12/2003,JAN,MS,ASO,CE,Towers with Radar,24,40,29,3,96,3,9,1,0,13,27,49,30,3,109,4,0,4,113
10/13/2003,JAN,MS,ASO,CE,Towers with Radar,32,52,38,3,125,3,5,8,0,16,35,57,46,3,141,14,0,14,155
10/14/2003,JAN,MS,ASO,CE,Towers with Radar,36,51,42,19,148,6,0,1,14,21,42,51,43,33,169,0,58,58,227
10/15/2003,JAN,MS,ASO,CE,Towers with Radar,37,56,42,19,154,2,2,40,20,64,39,58,82,39,218,2,138,140,358
10/16/2003,JAN,MS,ASO,CE,Towers with Radar,40,47,46,20,153,5,0,33,12,50,45,47,79,32,203,24,122,146,349
10/17/2003,JAN,MS,ASO,CE,Towers with Radar,44,19,51,22,136,35,0,10,17,62,79,19,61,39,198,0,86,86,284
10/18/2003,JAN,MS,ASO,CE,Towers with Radar,26,38,30,11,105,3,13,2,0,18,29,51,32,11,123,4,20,24,147
10/19/2003,JAN,MS,ASO,CE,Towers with Radar,25,37,29,4,95,5,12,2,0,19,30,49,31,4,114,12,8,20,134
10/20/2003,JAN,MS,ASO,CE,Towers with Radar,31,58,44,20,153,0,5,40,8,53,31,63,84,28,206,12,94,106,312
10/21/2003,JAN,MS,ASO,CE,Towers with Radar,32,58,47,21,158,0,0,23,7,30,32,58,70,28,188,0,128,128,316
10/22/2003,JAN,MS,ASO,CE,Towers with Radar,32,67,54,24,177,0,0,17,16,33,32,67,71,40,210,2,192,194,404
10/23/2003,JAN,MS,ASO,CE,Towers with Radar,38,60,46,17,161,0,3,29,0,32,38,63,75,17,193,4,78,82,275
10/24/2003,JAN,MS,ASO,CE,Towers with Radar,42,66,51,22,181,0,7,22,4,33,42,73,73,26,214,0,104,104,318
10/25/2003,JAN,MS,ASO,CE,Towers with Radar,24,36,26,3,89,7,11,0,0,18,31,47,26,3,107,6,54,60,167
10/26/2003,JAN,MS,ASO,CE,Towers with Radar,27,41,32,3,103,3,4,10,0,17,30,45,42,3,120,3,2,5,125
10/27/2003,JAN,MS,ASO,CE,Towers with Radar,37,59,51,22,169,0,0,37,6,43,37,59,88,28,212,10,116,126,338
10/28/2003,JAN,MS,ASO,CE,Towers with Radar,31,61,47,19,158,0,1,25,0,26,31,62,72,19,184,2,62,64,248
10/29/2003,JAN,MS,ASO,CE,Towers with Radar,35,66,52,23,176,0,0,19,11,30,35,66,71,34,206,0,228,228,434
10/30/2003,JAN,MS,ASO,CE,Towers with Radar,31,63,51,13,158,0,0,37,0,37,31,63,88,13,195,1,84,85,280
10/31/2003,JAN,MS,ASO,CE,Towers with Radar,35,60,49,21,165,0,0,19,0,19,35,60,68,21,184,4,52,56,240
11/01/2003,JAN,MS,ASO,CE,Towers with Radar,26,38,23,2,89,2,4,3,0,9,28,42,26,2,98,10,0,10,108
11/02/2003,JAN,MS,ASO,CE,Towers with Radar,27,38,24,2,91,15,0,3,0,18,42,38,27,2,109,0,0,0,109
11/03/2003,JAN,MS,ASO,CE,Towers with Radar,35,56,35,20,146,0,7,13,16,36,35,63,48,36,182,10,146,156,338
11/04/2003,JAN,MS,ASO,CE,Towers with Radar,45,50,46,26,167,0,0,20,37,57,45,50,66,63,224,4,274,278,502
11/05/2003,JAN,MS,ASO,CE,Towers with Radar,52,36,47,28,163,12,0,19,16,47,64,36,66,44,210,10,216,226,436
11/06/2003,JAN,MS,ASO,CE,Towers with Radar,38,62,47,26,173,0,0,14,29,43,38,62,61,55,216,0,228,228,444
11/07/2003,JAN,MS,ASO,CE,Towers with Radar,33,63,46,19,161,0,0,16,0,16,33,63,62,19,177,0,22,22,199
11/08/2003,JAN,MS,ASO,CE,Towers with Radar,27,42,26,14,109,0,2,12,4,18,27,44,38,18,127,2,28,30,157
11/09/2003,JAN,MS,ASO,CE,Towers with Radar,29,43,25,9,106,4,5,3,0,12,33,48,28,9,118,0,30,30,148
11/10/2003,JAN,MS,ASO,CE,Towers with Radar,29,54,34,16,133,0,5,16,0,21,29,59,50,16,154,2,48,50,204
11/11/2003,JAN,MS,ASO,CE,Towers with Radar,32,47,30,0,109,3,12,36,0,51,35,59,66,0,160,28,0,28,188
11/12/2003,JAN,MS,ASO,CE,Towers with Radar,41,52,38,19,150,8,0,12,0,20,49,52,50,19,170,0,82,82,252
11/13/2003,JAN,MS,ASO,CE,Towers with Radar,34,62,39,22,157,0,1,33,2,36,34,63,72,24,193,13,89,102,295
11/14/2003,JAN,MS,ASO,CE,Towers with Radar,35,60,39,14,148,0,3,9,0,12,35,63,48,14,160,0,82,82,242
11/15/2003,JAN,MS,ASO,CE,Towers with Radar,28,39,26,3,96,1,7,6,0,14,29,46,32,3,110,8,0,8,118
11/16/2003,JAN,MS,ASO,CE,Towers with Radar,33,26,24,0,83,21,0,0,0,21,54,26,24,0,104,0,0,0,104
11/17/2003,JAN,MS,ASO,CE,Towers with Radar,36,50,33,10,129,1,1,20,0,22,37,51,53,10,151,8,62,70,221
11/18/2003,JAN,MS,ASO,CE,Towers with Radar,36,51,30,18,135,10,6,0,12,28,46,57,30,30,163,0,116,116,279
11/19/2003,JAN,MS,ASO,CE,Towers with Radar,42,53,46,26,167,0,0,25,28,53,42,53,71,54,220,4,254,258,478
11/20/2003,JAN,MS,ASO,CE,Towers with Radar,32,61,39,21,153,0,9,24,11,44,32,70,63,32,197,8,100,108,305
11/21/2003,JAN,MS,ASO,CE,Towers with Radar,33,56,36,21,146,0,6,23,4,33,33,62,59,25,179,4,98,102,281
11/22/2003,JAN,MS,ASO,CE,Towers with Radar,27,43,28,2,100,0,3,15,0,18,27,46,43,2,118,0,0,0,118
11/23/2003,JAN,MS,ASO,CE,Towers with Radar,26,36,23,6,91,9,11,0,0,20,35,47,23,6,111,0,6,6,117
11/24/2003,JAN,MS,ASO,CE,Towers with Radar,35,53,38,22,148,0,0,21,18,39,35,53,59,40,187,32,222,254,441
11/25/2003,JAN,MS,ASO,CE,Towers with Radar,38,59,38,21,156,0,1,1,15,17,38,60,39,36,173,0,151,151,324
11/26/2003,JAN,MS,ASO,CE,Towers with Radar,37,65,42,24,168,0,0,7,2,9,37,65,49,26,177,0,80,80,257
11/27/2003,JAN,MS,ASO,CE,Towers with Radar,14,18,6,0,38,3,27,0,0,30,17,45,6,0,68,2,0,2,70
11/28/2003,JAN,MS,ASO,CE,Towers with Radar,24,33,20,0,77,21,2,0,0,23,45,35,20,0,100,0,0,0,100
11/29/2003,JAN,MS,ASO,CE,Towers with Radar,19,27,14,0,60,8,19,0,0,27,27,46,14,0,87,2,0,2,89
11/30/2003,JAN,MS,ASO,CE,Towers with Radar,28,41,24,0,93,0,11,24,0,35,28,52,48,0,128,18,0,18,146
12/01/2003,JAN,MS,ASO,CE,Towers with Radar,36,57,33,18,144,0,0,27,7,34,36,57,60,25,178,24,179,203,381
12/02/2003,JAN,MS,ASO,CE,Towers with Radar,34,63,34,18,149,0,1,5,5,11,34,64,39,23,160,0,58,58,218
12/03/2003,JAN,MS,ASO,CE,Towers with Radar,33,54,29,12,128,0,4,0,0,4,33,58,29,12,132,0,68,68,200
12/04/2003,JAN,MS,ASO,CE,Towers with Radar,32,65,38,20,155,0,0,11,16,27,32,65,49,36,182,2,42,44,226
12/05/2003,JAN,MS,ASO,CE,Towers with Radar,45,47,37,20,149,2,0,0,10,12,47,47,37,30,161,0,90,90,251
12/06/2003,JAN,MS,ASO,CE,Towers with Radar,26,39,21,1,87,6,4,5,0,15,32,43,26,1,102,4,0,4,106
12/07/2003,JAN,MS,ASO,CE,Towers with Radar,25,41,22,11,99,0,7,18,0,25,25,48,40,11,124,2,36,38,162
12/08/2003,JAN,MS,ASO,CE,Towers with Radar,41,45,34,14,134,3,0,19,0,22,44,45,53,14,156,0,54,54,210
12/09/2003,JAN,MS,ASO,CE,Towers with Radar,37,60,37,20,154,0,0,8,26,34,37,60,45,46,188,6,150,156,344
12/10/2003,JAN,MS,ASO,CE,Towers with Radar,33,61,37,20,151,0,0,3,13,16,33,61,40,33,167,0,86,86,253
12/11/2003,JAN,MS,ASO,CE,Towers with Radar,34,69,43,22,168,0,0,38,8,46,34,69,81,30,214,0,104,104,318
12/12/2003,JAN,MS,ASO,CE,Towers with Radar,37,68,38,20,163,0,1,17,0,18,37,69,55,20,181,16,60,76,257
12/13/2003,JAN,MS,ASO,CE,Towers with Radar,24,36,7,0,67,22,10,0,0,32,46,46,7,0,99,0,0,0,99
12/14/2003,JAN,MS,ASO,CE,Towers with Radar,28,39,21,12,100,8,0,0,11,19,36,39,21,23,119,14,40,54,173
12/15/2003,JAN,MS,ASO,CE,Towers with Radar,31,58,42,22,153,0,0,24,15,39,31,58,66,37,192,0,86,86,278
12/16/2003,JAN,MS,ASO,CE,Towers with Radar,38,63,41,21,163,0,0,16,10,26,38,63,57,31,189,0,82,82,271
12/17/2003,JAN,MS,ASO,CE,Towers with Radar,39,60,41,21,161,0,0,31,2,33,39,60,72,23,194,2,94,96,290
12/18/2003,JAN,MS,ASO,CE,Towers with Radar,37,62,42,21,162,0,0,36,18,54,37,62,78,39,216,1,135,136,352
12/19/2003,JAN,MS,ASO,CE,Towers with Radar,39,55,37,18,149,0,0,25,13,38,39,55,62,31,187,0,107,107,294
12/20/2003,JAN,MS,ASO,CE,Towers with Radar,28,39,23,0,90,15,2,12,0,29,43,41,35,0,119,12,0,12,131
12/21/2003,JAN,MS,ASO,CE,Towers with Radar,23,32,19,1,75,5,16,8,0,29,28,48,27,1,104,2,2,4,108
12/22/2003,JAN,MS,ASO,CE,Towers with Radar,38,37,31,13,119,17,0,13,0,30,55,37,44,13,149,2,56,58,207
12/23/2003,JAN,MS,ASO,CE,Towers with Radar,34,48,28,2,112,8,12,5,0,25,42,60,33,2,137,0,0,0,137
12/24/2003,JAN,MS,ASO,CE,Towers with Radar,27,37,11,3,78,22,9,0,0,31,49,46,11,3,109,8,4,12,121
12/25/2003,JAN,MS,ASO,CE,Towers with Radar,17,24,7,0,48,0,26,0,0,26,17,50,7,0,74,0,0,0,74
12/26/2003,JAN,MS,ASO,CE,Towers with Radar,34,49,27,0,110,9,4,0,0,13,43,53,27,0,123,12,4,16,139
12/27/2003,JAN,MS,ASO,CE,Towers with Radar,24,35,19,0,78,7,11,8,0,26,31,46,27,0,104,0,0,0,104
12/28/2003,JAN,MS,ASO,CE,Towers with Radar,26,37,15,0,78,2,16,0,0,18,28,53,15,0,96,2,0,2,98
12/29/2003,JAN,MS,ASO,CE,Towers with Radar,28,41,22,0,91,14,6,4,0,24,42,47,26,0,115,0,0,0,115
12/30/2003,JAN,MS,ASO,CE,Towers with Radar,35,51,28,9,123,6,7,1,0,14,41,58,29,9,137,24,46,70,207
12/31/2003,JAN,MS,ASO,CE,Towers with Radar,27,41,22,0,90,0,17,11,0,28,27,58,33,0,118,14,0,14,132
01/01/2004,JAN,MS,ASO,CE,Towers with Radar,17,22,15,0,54,28,0,0,0,28,45,22,15,0,82,2,0,2,84
01/02/2004,JAN,MS,ASO,CE,Towers with Radar,38,54,31,0,123,0,11,0,0,11,38,65,31,0,134,10,0,10,144
01/03/2004,JAN,MS,ASO,CE,Towers with Radar,28,40,26,0,94,2,0,4,0,6,30,40,30,0,100,0,0,0,100
01/04/2004,JAN,MS,ASO,CE,Towers with Radar,26,37,16,1,80,8,8,0,0,16,34,45,16,1,96,14,0,14,110
01/05/2004,JAN,MS,ASO,CE,Towers with Radar,36,51,32,8,127,1,3,0,0,4,37,54,32,8,131,2,14,16,147
01/06/2004,JAN,MS,ASO,CE,Towers with Radar,37,51,35,17,140,0,0,9,1,10,37,51,44,18,150,8,106,114,264
01/07/2004,JAN,MS,ASO,CE,Towers with Radar,37,52,37,18,144,0,0,19,10,29,37,52,56,28,173,8,162,170,343
01/08/2004,JAN,MS,ASO,CE,Towers with Radar,39,56,35,14,144,0,3,0,0,3,39,59,35,14,147,0,22,22,169
01/09/2004,JAN,MS,ASO,CE,Towers with Radar,38,58,48,24,168,0,0,5,33,38,38,58,53,57,206,8,138,146,352
01/10/2004,JAN,MS,ASO,CE,Towers with Radar,24,35,21,11,91,5,11,8,0,24,29,46,29,11,115,2,10,12,127
01/11/2004,JAN,MS,ASO,CE,Towers with Radar,24,34,18,10,86,3,16,0,2,21,27,50,18,12,107,8,22,30,137
01/12/2004,JAN,MS,ASO,CE,Towers with Radar,40,55,39,18,152,0,0,8,10,18,40,55,47,28,170,4,76,80,250
01/13/2004,JAN,MS,ASO,CE,Towers with Radar,47,51,49,24,171,0,0,28,16,44,47,51,77,40,215,20,84,104,319
01/14/2004,JAN,MS,ASO,CE,Towers with Radar,34,51,34,16,135,0,6,9,4,19,34,57,43,20,154,0,30,30,184
01/15/2004,JAN,MS,ASO,CE,Towers with Radar,35,57,40,20,152,0,0,18,4,22,35,57,58,24,174,5,92,97,271
01/16/2004,JAN,MS,ASO,CE,Towers with Radar,46,54,42,21,163,3,0,6,19,28,49,54,48,40,191,34,168,202,393
01/17/2004,JAN,MS,ASO,CE,Towers with Radar,19,25,1,1,46,10,19,0,0,29,29,44,1,1,75,0,0,0,75
01/18/2004,JAN,MS,ASO,CE,Towers with Radar,26,36,13,0,75,13,5,0,0,18,39,41,13,0,93,2,0,2,95
01/19/2004,JAN,MS,ASO,CE,Towers with Radar,33,49,33,7,122,0,9,7,0,16,33,58,40,7,138,1,10,11,149
01/20/2004,JAN,MS,ASO,CE,Towers with Radar,41,51,38,17,147,5,0,24,0,29,46,51,62,17,176,36,80,116,292
01/21/2004,JAN,MS,ASO,CE,Towers with Radar,35,59,41,19,154,0,0,25,22,47,35,59,66,41,201,16,72,88,289
01/22/2004,JAN,MS,ASO,CE,Towers with Radar,48,47,44,22,161,5,0,30,20,55,53,47,74,42,216,0,157,157,373
01/23/2004,JAN,MS,ASO,CE,Towers with Radar,40,56,38,19,153,0,1,6,13,20,40,57,44,32,173,0,90,90,263
01/24/2004,JAN,MS,ASO,CE,Towers with Radar,27,37,25,0,89,1,5,2,0,8,28,42,27,0,97,8,0,8,105
01/25/2004,JAN,MS,ASO,CE,Towers with Radar,25,34,23,5,87,4,12,15,0,31,29,46,38,5,118,6,2,8,126
01/26/2004,JAN,MS,ASO,CE,Towers with Radar,25,51,38,12,126,0,0,22,0,22,25,51,60,12,148,8,88,96,244
01/27/2004,JAN,MS,ASO,CE,Towers with Radar,38,46,38,18,140,0,0,14,3,17,38,46,52,21,157,6,102,108,265
01/28/2004,JAN,MS,ASO,CE,Towers with Radar,41,57,38,11,147,0,0,23,0,23,41,57,61,11,170,0,8,8,178
01/29/2004,JAN,MS,ASO,CE,Towers with Radar,38,61,42,21,162,0,0,14,4,18,38,61,56,25,180,8,120,128,308
01/30/2004,JAN,MS,ASO,CE,Towers with Radar,31,60,40,7,138,0,7,19,0,26,31,67,59,7,164,0,32,32,196
01/31/2004,JAN,MS,ASO,CE,Towers with Radar,25,37,24,9,95,0,6,18,0,24,25,43,42,9,119,2,16,18,137
02/01/2004,JAN,MS,ASO,CE,Towers with Radar,21,31,26,0,78,27,0,1,0,28,48,31,27,0,106,0,0,0,106
02/02/2004,JAN,MS,ASO,CE,Towers with Radar,33,49,39,11,132,1,0,11,0,12,34,49,50,11,144,0,32,32,176
02/03/2004,JAN,MS,ASO,CE,Towers with Radar,36,53,48,16,153,0,0,1,18,19,36,53,49,34,172,0,140,140,312
02/04/2004,JAN,MS,ASO,CE,Towers with Radar,34,50,46,12,142,0,0,21,0,21,34,50,67,12,163,11,63,74,237
02/05/2004,JAN,MS,ASO,CE,Towers with Radar,25,38,29,4,96,3,22,0,0,25,28,60,29,4,121,0,0,0,121
02/06/2004,JAN,MS,ASO,CE,Towers with Radar,28,61,48,16,153,0,0,9,6,15,28,61,57,22,168,0,28,28,196
02/07/2004,JAN,MS,ASO,CE,Towers with Radar,23,35,21,9,88,7,17,0,1,25,30,52,21,10,113,30,0,30,143
02/08/2004,JAN,MS,ASO,CE,Towers with Radar,22,34,22,5,83,10,11,0,0,21,32,45,22,5,104,4,0,4,108
02/09/2004,JAN,MS,ASO,CE,Towers with Radar,32,55,43,14,144,0,4,10,14,28,32,59,53,28,172,0,156,156,328
02/10/2004,JAN,MS,ASO,CE,Towers with Radar,35,53,40,10,138,2,0,0,0,2,37,53,40,10,140,0,2,2,142
02/11/2004,JAN,MS,ASO,CE,Towers with Radar,36,54,47,16,153,0,0,14,9,23,36,54,61,25,176,2,54,56,232
02/12/2004,JAN,MS,ASO,CE,Towers with Radar,32,59,40,14,145,0,0,0,0,0,32,59,40,14,145,6,6,12,157
02/13/2004,JAN,MS,ASO,CE,Towers with Radar,39,60,33,16,148,0,2,0,2,4,39,62,33,18,152,2,114,116,268
02/14/2004,JAN,MS,ASO,CE,Towers with Radar,21,32,23,3,79,6,7,0,0,13,27,39,23,3,92,4,4,8,100
02/15/2004,JAN,MS,ASO,CE,Towers with Radar,24,36,24,2,86,11,16,0,0,27,35,52,24,2,113,8,0,8,121
02/16/2004,JAN,MS,ASO,CE,Towers with Radar,31,47,38,9,125,1,5,22,0,28,32,52,60,9,153,10,8,18,171
02/17/2004,JAN,MS,ASO,CE,Towers with Radar,42,58,50,15,165,1,0,4,0,5,43,58,54,15,170,2,12,14,184
02/18/2004,JAN,MS,ASO,CE,Towers with Radar,35,59,54,17,165,0,0,22,15,37,35,59,76,32,202,12,126,138,340
02/19/2004,JAN,MS,ASO,CE,Towers with Radar,35,65,61,19,180,0,0,48,12,60,35,65,109,31,240,14,98,112,352
02/20/2004,JAN,MS,ASO,CE,Towers with Radar,38,59,50,15,162,0,0,15,2,17,38,59,65,17,179,8,92,100,279
02/21/2004,JAN,MS,ASO,CE,Towers with Radar,25,44,36,4,109,0,2,25,0,27,25,46,61,4,136,18,2,20,156
02/22/2004,JAN,MS,ASO,CE,Towers with Radar,30,44,36,11,121,4,1,8,0,13,34,45,44,11,134,36,18,54,188
02/23/2004,JAN,MS,ASO,CE,Towers with Radar,34,50,41,2,127,17,3,11,0,31,51,53,52,2,158,4,0,4,162
02/24/2004,JAN,MS,ASO,CE,Towers with Radar,35,50,41,8,134,0,5,6,0,11,35,55,47,8,145,4,6,10,155
02/25/2004,JAN,MS,ASO,CE,Towers with Radar,34,58,47,12,151,0,1,9,0,10,34,59,56,12,161,0,4,4,165
02/26/2004,JAN,MS,ASO,CE,Towers with Radar,31,54,61,19,165,0,0,11,12,23,31,54,72,31,188,2,48,50,238
02/27/2004,JAN,MS,ASO,CE,Towers with Radar,38,49,48,15,150,0,0,31,4,35,38,49,79,19,185,4,58,62,247
02/28/2004,JAN,MS,ASO,CE,Towers with Radar,26,31,31,7,95,15,0,5,0,20,41,31,36,7,115,14,18,32,147
02/29/2004,JAN,MS,ASO,CE,Towers with Radar,27,39,32,2,100,0,10,3,0,13,27,49,35,2,113,14,2,16,129
03/01/2004,JAN,MS,ASO,CE,Towers with Radar,32,51,37,20,140,0,6,7,0,13,32,57,44,20,153,2,38,40,193
03/02/2004,JAN,MS,ASO,CE,Towers with Radar,39,54,44,25,162,3,0,2,1,6,42,54,46,26,168,12,14,26,194
03/03/2004,JAN,MS,ASO,CE,Towers with Radar,37,60,48,28,173,0,0,8,9,17,37,60,56,37,190,0,96,96,286
03/04/2004,JAN,MS,ASO,CE,Towers with Radar,39,55,44,24,162,0,0,12,15,27,39,55,56,39,189,0,74,74,263
03/05/2004,JAN,MS,ASO,CE,Towers with Radar,31,48,35,20,134,9,8,11,0,28,40,56,46,20,162,0,50,50,212
03/06/2004,JAN,MS,ASO,CE,Towers with Radar,22,34,25,4,85,6,7,8,0,21,28,41,33,4,106,8,26,34,140
03/07/2004,JAN,MS,ASO,CE,Towers with Radar,25,39,28,4,96,3,12,32,0,47,28,51,60,4,143,9,4,13,156
03/08/2004,JAN,MS,ASO,CE,Towers with Radar,34,51,38,20,143,0,0,26,0,26,34,51,64,20,169,16,100,116,285
03/09/2004,JAN,MS,ASO,CE,Towers with Radar,35,57,42,20,154,0,0,14,0,14,35,57,56,20,168,0,58,58,226
03/10/2004,JAN,MS,ASO,CE,Towers with Radar,34,58,42,24,158,0,3,0,5,8,34,61,42,29,166,15,46,61,227
03/11/2004,JAN,MS,ASO,CE,Towers with Radar,34,60,50,27,171,0,0,29,0,29,34,60,79,27,200,11,116,127,327
03/12/2004,JAN,MS,ASO,CE,Towers with Radar,35,57,47,26,165,0,0,23,7,30,35,57,70,33,195,2,124,126,321
03/13/2004,JAN,MS,ASO,CE,Towers with Radar,23,19,22,8,72,31,0,0,0,31,54,19,22,8,103,12,28,40,143
03/14/2004,JAN,MS,ASO,CE,Towers with Radar,28,41,32,13,114,2,9,2,0,13,30,50,34,13,127,0,6,6,133
03/15/2004,JAN,MS,ASO,CE,Towers with Radar,38,44,42,22,146,5,0,10,2,17,43,44,52,24,163,0,60,60,223
03/16/2004,JAN,MS,ASO,CE,Towers with Radar,36,57,45,24,162,0,0,7,10,17,36,57,52,34,179,8,120,128,307
03/17/2004,JAN,MS,ASO,CE,Towers with Radar,33,60,53,29,175,0,0,31,18,49,33,60,84,47,224,36,176,212,436
03/18/2004,JAN,MS,ASO,CE,Towers with Radar,35,57,43,18,153,0,9,12,0,21,35,66,55,18,174,26,22,48,222
03/19/2004,JAN,MS,ASO,CE,Towers with Radar,40,47,45,24,156,2,0,11,1,14,42,47,56,25,170,0,66,66,236
03/20/2004,JAN,MS,ASO,CE,Towers with Radar,22,32,25,0,79,12,19,10,0,41,34,51,35,0,120,24,0,24,144
03/21/2004,JAN,MS,ASO,CE,Towers with Radar,26,38,29,7,100,2,18,14,0,34,28,56,43,7,134,0,11,11,145
03/22/2004,JAN,MS,ASO,CE,Towers with Radar,33,49,37,21,140,4,6,11,9,30,37,55,48,30,170,0,176,176,346
03/23/2004,JAN,MS,ASO,CE,Towers with Radar,35,54,46,25,160,0,0,27,8,35,35,54,73,33,195,10,182,192,387
03/24/2004,JAN,MS,ASO,CE,Towers with Radar,31,61,47,26,165,0,0,11,8,19,31,61,58,34,184,6,200,206,390
03/25/2004,JAN,MS,ASO,CE,Towers with Radar,36,61,49,28,174,0,0,42,12,54,36,61,91,40,228,26,220,246,474
03/26/2004,JAN,MS,ASO,CE,Towers with Radar,42,53,48,22,165,0,0,11,0,11,42,53,59,22,176,8,90,98,274
03/27/2004,JAN,MS,ASO,CE,Towers with Radar,22,33,22,0,77,10,3,0,0,13,32,36,22,0,90,8,0,8,98
03/28/2004,JAN,MS,ASO,CE,Towers with Radar,26,39,28,4,97,0,13,6,0,19,26,52,34,4,116,0,8,8,124
03/29/2004,JAN,MS,ASO,CE,Towers with Radar,34,52,39,17,142,0,0,12,0,12,34,52,51,17,154,4,70,74,228
03/30/2004,JAN,MS,ASO,CE,Towers with Radar,36,56,45,26,163,0,0,4,7,11,36,56,49,33,174,8,80,88,262
03/31/2004,JAN,MS,ASO,CE,Towers with Radar,30,57,43,25,155,0,0,13,12,25,30,57,56,37,180,2,154,156,336
04/01/2004,JAN,MS,ASO,CE,Towers with Radar,37,57,48,28,170,0,0,17,24,41,37,57,65,52,211,2,174,176,387
04/02/2004,JAN,MS,ASO,CE,Towers with Radar,33,55,42,26,156,0,10,0,13,23,33,65,42,39,179,2,114,116,295
04/03/2004,JAN,MS,ASO,CE,Towers with Radar,22,30,24,6,82,3,12,6,0,21,25,42,30,6,103,2,10,12,115
04/04/2004,JAN,MS,ASO,CE,Towers with Radar,27,38,21,17,103,0,16,0,9,25,27,54,21,26,128,0,32,32,160
04/05/2004,JAN,MS,ASO,CE,Towers with Radar,41,48,47,27,163,0,0,5,9,14,41,48,52,36,177,6,108,114,291
04/06/2004,JAN,MS,ASO,CE,Towers with Radar,36,50,42,15,143,0,0,13,0,13,36,50,55,15,156,10,44,54,210
04/07/2004,JAN,MS,ASO,CE,Towers with Radar,36,56,45,18,155,0,0,25,0,25,36,56,70,18,180,40,62,102,282
04/08/2004,JAN,MS,ASO,CE,Towers with Radar,36,58,46,11,151,0,7,29,0,36,36,65,75,11,187,8,22,30,217
04/09/2004,JAN,MS,ASO,CE,Towers with Radar,33,45,36,17,131,6,4,1,0,11,39,49,37,17,142,0,54,54,196
04/10/2004,JAN,MS,ASO,CE,Towers with Radar,20,24,16,3,63,24,0,0,0,24,44,24,16,3,87,4,2,6,93
04/11/2004,JAN,MS,ASO,CE,Towers with Radar,23,31,22,5,81,5,18,0,0,23,28,49,22,5,104,2,4,6,110
04/12/2004,JAN,MS,ASO,CE,Towers with Radar,41,47,48,27,163,0,0,8,1,9,41,47,56,28,172,0,44,44,216
04/13/2004,JAN,MS,ASO,CE,Towers with Radar,41,51,47,26,165,0,0,6,29,35,41,51,53,55,200,2,152,154,354
04/14/2004,JAN,MS,ASO,CE,Towers with Radar,45,49,51,28,173,0,0,24,2,26,45,49,75,30,199,8,116,124,323
04/15/2004,JAN,MS,ASO,CE,Towers with Radar,39,57,48,27,171,0,0,16,23,39,39,57,64,50,210,6,148,154,364
04/16/2004,JAN,MS,ASO,CE,Towers with Radar,38,50,50,27,165,0,0,25,11,36,38,50,75,38,201,0,126,126,327
04/17/2004,JAN,MS,ASO,CE,Towers with Radar,23,29,25,0,77,6,12,6,0,24,29,41,31,0,101,14,0,14,115
04/18/2004,JAN,MS,ASO,CE,Towers with Radar,29,38,32,11,110,3,10,9,0,22,32,48,41,11,132,14,2,16,148
04/19/2004,JAN,MS,ASO,CE,Towers with Radar,47,48,51,28,174,1,0,31,15,47,48,48,82,43,221,7,104,111,332
04/20/2004,JAN,MS,ASO,CE,Towers with Radar,44,47,48,27,166,2,0,26,16,44,46,47,74,43,210,0,78,78,288
04/21/2004,JAN,MS,ASO,CE,Towers with Radar,47,54,54,31,186,0,0,36,4,40,47,54,90,35,226,18,108,126,352
04/22/2004,JAN,MS,ASO,CE,Towers with Radar,38,62,52,29,181,0,3,11,12,26,38,65,63,41,207,12,132,144,351
04/23/2004,JAN,MS,ASO,CE,Towers with Radar,36,57,47,26,166,0,5,2,4,11,36,62,49,30,177,6,82,88,265
04/24/2004,JAN,MS,ASO,CE,Towers with Radar,24,31,26,1,82,1,10,7,0,18,25,41,33,1,100,6,0,6,106
04/25/2004,JAN,MS,ASO,CE,Towers with Radar,26,25,22,1,74,28,0,0,0,28,54,25,22,1,102,0,0,0,102
04/26/2004,JAN,MS,ASO,CE,Towers with Radar,41,51,44,23,159,1,0,14,0,15,42,51,58,23,174,18,32,50,224
04/27/2004,JAN,MS,ASO,CE,Towers with Radar,37,51,43,10,141,0,3,19,0,22,37,54,62,10,163,18,52,70,233
04/28/2004,JAN,MS,ASO,CE,Towers with Radar,35,53,44,18,150,0,10,15,0,25,35,63,59,18,175,0,76,76,251
04/29/2004,JAN,MS,ASO,CE,Towers with Radar,45,49,49,28,171,0,0,18,4,22,45,49,67,32,193,0,72,72,265
04/30/2004,JAN,MS,ASO,CE,Towers with Radar,37,52,41,19,149,0,0,3,0,3,37,52,44,19,152,2,28,30,182
05/01/2004,JAN,MS,ASO,CE,Towers with Radar,19,25,14,1,59,9,18,0,0,27,28,43,14,1,86,2,0,2,88
05/02/2004,JAN,MS,ASO,CE,Towers with Radar,28,38,27,13,106,3,2,6,0,11,31,40,33,13,117,8,20,28,145
05/03/2004,JAN,MS,ASO,CE,Towers with Radar,35,50,37,19,141,0,5,16,2,23,35,55,53,21,164,6,112,118,282
05/04/2004,JAN,MS,ASO,CE,Towers with Radar,35,56,45,23,159,0,0,7,25,32,35,56,52,48,191,5,94,99,290
05/05/2004,JAN,MS,ASO,CE,Towers with Radar,43,41,44,22,150,16,0,11,21,48,59,41,55,43,198,2,102,104,302
05/06/2004,JAN,MS,ASO,CE,Towers with Radar,41,58,42,21,162,0,3,55,3,61,41,61,97,24,223,20,104,124,347
05/07/2004,JAN,MS,ASO,CE,Towers with Radar,39,52,40,10,141,0,0,30,0,30,39,52,70,10,171,18,68,86,257
05/08/2004,JAN,MS,ASO,CE,Towers with Radar,27,38,27,4,96,5,6,10,0,21,32,44,37,4,117,4,0,4,121
05/09/2004,JAN,MS,ASO,CE,Towers with Radar,25,34,20,2,81,9,8,0,0,17,34,42,20,2,98,0,0,0,98
05/10/2004,JAN,MS,ASO,CE,Towers with Radar,39,57,41,21,158,0,0,24,4,28,39,57,65,25,186,0,70,70,256
05/11/2004,JAN,MS,ASO,CE,Towers with Radar,37,51,37,0,125,5,11,9,0,25,42,62,46,0,150,0,0,0,150
05/12/2004,JAN,MS,ASO,CE,Towers with Radar,36,49,35,9,129,2,7,1,0,10,38,56,36,9,139,0,8,8,147
05/13/2004,JAN,MS,ASO,CE,Towers with Radar,43,43,42,19,147,5,0,12,0,17,48,43,54,19,164,12,86,98,262
05/14/2004,JAN,MS,ASO,CE,Towers with Radar,30,47,34,3,114,0,24,1,0,25,30,71,35,3,139,0,6,6,145
05/15/2004,JAN,MS,ASO,CE,Towers with Radar,24,25,24,6,79,27,0,3,0,30,51,25,27,6,109,4,0,4,113
05/16/2004,JAN,MS,ASO,CE,Towers with Radar,31,43,26,4,104,2,18,0,0,20,33,61,26,4,124,2,0,2,126
05/17/2004,JAN,MS,ASO,CE,Towers with Radar,38,49,42,13,142,0,0,28,0,28,38,49,70,13,170,4,38,42,212
05/18/2004,JAN,MS,ASO,CE,Towers with Radar,40,54,44,21,159,0,0,25,0,25,40,54,69,21,184,19,36,55,239
05/19/2004,JAN,MS,ASO,CE,Towers with Radar,37,59,53,25,174,0,0,2,33,35,37,59,55,58,209,8,144,152,361
05/20/2004,JAN,MS,ASO,CE,Towers with Radar,35,65,48,25,173,0,0,24,12,36,35,65,72,37,209,8,82,90,299
05/21/2004,JAN,MS,ASO,CE,Towers with Radar,39,54,55,27,175,0,0,18,10,28,39,54,73,37,203,12,108,120,323
05/22/2004,JAN,MS,ASO,CE,Towers with Radar,26,28,25,13,92,17,0,2,1,20,43,28,27,14,112,4,34,38,150
05/23/2004,JAN,MS,ASO,CE,Towers with Radar,28,42,31,7,108,0,5,6,0,11,28,47,37,7,119,16,8,24,143
05/24/2004,JAN,MS,ASO,CE,Towers with Radar,33,52,40,20,145,0,0,6,22,28,33,52,46,42,173,1,146,147,320
05/25/2004,JAN,MS,ASO,CE,Towers with Radar,34,59,47,24,164,0,0,21,14,35,34,59,68,38,199,27,116,143,342
05/26/2004,JAN,MS,ASO,CE,Towers with Radar,33,68,52,27,180,0,0,14,21,35,33,68,66,48,215,2,194,196,411
05/27/2004,JAN,MS,ASO,CE,Towers with Radar,37,61,52,27,177,0,0,16,16,32,37,61,68,43,209,2,110,112,321
05/28/2004,JAN,MS,ASO,CE,Towers with Radar,43,54,43,7,147,0,0,2,0,2,43,54,45,7,149,12,14,26,175
05/29/2004,JAN,MS,ASO,CE,Towers with Radar,27,35,26,1,89,6,1,9,0,16,33,36,35,1,105,6,0,6,111
05/30/2004,JAN,MS,ASO,CE,Towers with Radar,23,22,20,1,66,24,0,0,0,24,47,22,20,1,90,4,0,4,94
05/31/2004,JAN,MS,ASO,CE,Towers with Radar,19,25,16,0,60,10,20,0,0,30,29,45,16,0,90,6,0,6,96
06/01/2004,JAN,MS,ASO,CE,Towers with Radar,33,49,34,19,135,3,1,2,0,6,36,50,36,19,141,6,46,52,193
06/02/2004,JAN,MS,ASO,CE,Towers with Radar,39,52,40,28,159,2,0,13,0,15,41,52,53,28,174,22,76,98,272
06/03/2004,JAN,MS,ASO,CE,Towers with Radar,43,59,45,31,178,0,0,0,27,27,43,59,45,58,205,24,152,176,381
06/04/2004,JAN,MS,ASO,CE,Towers with Radar,34,55,40,28,157,0,0,21,4,25,34,55,61,32,182,2,56,58,240
06/05/2004,JAN,MS,ASO,CE,Towers with Radar,23,34,23,4,84,8,10,1,0,19,31,44,24,4,103,0,0,0,103
06/06/2004,JAN,MS,ASO,CE,Towers with Radar,26,38,26,19,109,7,10,6,2,25,33,48,32,21,134,0,12,12,146
06/07/2004,JAN,MS,ASO,CE,Towers with Radar,32,51,37,20,140,0,0,18,0,18,32,51,55,20,158,5,105,110,268
06/08/2004,JAN,MS,ASO,CE,Towers with Radar,35,61,45,31,172,0,0,3,14,17,35,61,48,45,189,20,134,154,343
06/09/2004,JAN,MS,ASO,CE,Towers with Radar,35,64,44,31,174,0,6,15,34,55,35,70,59,65,229,22,156,178,407
06/10/2004,JAN,MS,ASO,CE,Towers with Radar,35,70,49,34,188,0,3,0,19,22,35,73,49,53,210,28,242,270,480
06/11/2004,JAN,MS,ASO,CE,Towers with Radar,32,47,32,16,127,4,9,19,0,32,36,56,51,16,159,24,70,94,253
06/12/2004,JAN,MS,ASO,CE,Towers with Radar,22,33,18,1,74,7,9,0,0,16,29,42,18,1,90,0,0,0,90
06/13/2004,JAN,MS,ASO,CE,Towers with Radar,27,41,28,19,115,4,0,11,2,17,31,41,39,21,132,0,36,36,168
06/14/2004,JAN,MS,ASO,CE,Towers with Radar,33,48,34,19,134,1,4,5,0,10,34,52,39,19,144,12,54,66,210
06/15/2004,JAN,MS,ASO,CE,Towers with Radar,40,48,40,29,157,0,0,0,39,39,40,48,40,68,196,20,282,302,498
06/16/2004,JAN,MS,ASO,CE,Towers with Radar,38,58,44,29,169,0,0,13,13,26,38,58,57,42,195,2,50,52,247
06/17/2004,JAN,MS,ASO,CE,Towers with Radar,36,58,42,23,159,0,6,21,0,27,36,64,63,23,186,14,45,59,245
06/18/2004,JAN,MS,ASO,CE,Towers with Radar,36,60,45,29,170,0,0,0,3,3,36,60,45,32,173,14,76,90,263
06/19/2004,JAN,MS,ASO,CE,Towers with Radar,26,34,26,6,92,16,0,1,0,17,42,34,27,6,109,6,0,6,115
06/20/2004,JAN,MS,ASO,CE,Towers with Radar,30,41,30,6,107,5,4,18,0,27,35,45,48,6,134,10,0,10,144
06/21/2004,JAN,MS,ASO,CE,Towers with Radar,34,58,42,21,155,0,4,9,0,13,34,62,51,21,168,0,102,102,270
06/22/2004,JAN,MS,ASO,CE,Towers with Radar,39,49,40,20,148,2,0,17,0,19,41,49,57,20,167,6,84,90,257
06/23/2004,JAN,MS,ASO,CE,Towers with Radar,35,50,36,24,145,0,4,8,0,12,35,54,44,24,157,2,24,26,183
06/24/2004,JAN,MS,ASO,CE,Towers with Radar,43,56,43,30,172,0,0,15,1,16,43,56,58,31,188,8,20,28,216
06/25/2004,JAN,MS,ASO,CE,Towers with Radar,40,38,40,27,145,10,0,4,0,14,50,38,44,27,159,2,76,78,237
06/26/2004,JAN,MS,ASO,CE,Towers with Radar,28,38,24,0,90,1,13,0,0,14,29,51,24,0,104,8,4,12,116
06/27/2004,JAN,MS,ASO,CE,Towers with Radar,24,33,18,2,77,5,17,0,0,22,29,50,18,2,99,2,0,2,101
06/28/2004,JAN,MS,ASO,CE,Towers with Radar,37,53,27,21,138,6,0,0,0,6,43,53,27,21,144,4,30,34,178
06/29/2004,JAN,MS,ASO,CE,Towers with Radar,44,50,47,32,173,0,0,21,6,27,44,50,68,38,200,2,52,54,254
06/30/2004,JAN,MS,ASO,CE,Towers with Radar,38,48,40,23,149,0,0,21,0,21,38,48,61,23,170,0,20,20,190
07/01/2004,JAN,MS,ASO,CE,Towers with Radar,37,58,41,32,168,0,0,0,39,39,37,58,41,71,207,2,64,66,273
07/02/2004,JAN,MS,ASO,CE,Towers with Radar,34,50,32,20,136,4,4,9,0,17,38,54,41,20,153,12,38,50,203
07/03/2004,JAN,MS,ASO,CE,Towers with Radar,26,30,24,2,82,17,0,2,0,19,43,30,26,2,101,14,10,24,125
07/04/2004,JAN,MS,ASO,CE,Towers with Radar,13,20,7,0,40,25,9,0,0,34,38,29,7,0,74,10,0,10,84
07/05/2004,JAN,MS,ASO,CE,Towers with Radar,23,35,22,0,80,4,9,1,0,14,27,44,23,0,94,4,0,4,98
07/06/2004,JAN,MS,ASO,CE,Towers with Radar,32,47,26,21,126,5,6,0,1,12,37,53,26,22,138,6,86,92,230
07/07/2004,JAN,MS,ASO,CE,Towers with Radar,35,56,37,27,155,0,0,10,17,27,35,56,47,44,182,2,146,148,330
07/08/2004,JAN,MS,ASO,CE,Towers with Radar,36,52,37,26,151,0,0,12,5,17,36,52,49,31,168,2,120,122,290
07/09/2004,JAN,MS,ASO,CE,Towers with Radar,33,50,32,14,129,0,6,23,0,29,33,56,55,14,158,0,56,56,214
07/10/2004,JAN,MS,ASO,CE,Towers with Radar,29,43,23,15,110,1,13,0,0,14,30,56,23,15,124,6,14,20,144
07/11/2004,JAN,MS,ASO,CE,Towers with Radar,28,42,21,9,100,4,6,0,0,10,32,48,21,9,110,6,24,30,140
07/12/2004,JAN,MS,ASO,CE,Towers with Radar,30,44,28,13,115,5,4,16,0,25,35,48,44,13,140,2,58,60,200
07/13/2004,JAN,MS,ASO,CE,Towers with Radar,42,50,39,29,160,5,0,19,7,31,47,50,58,36,191,2,120,122,313
07/14/2004,JAN,MS,ASO,CE,Towers with Radar,30,59,38,28,155,0,4,36,6,46,30,63,74,34,201,12,108,120,321
07/15/2004,JAN,MS,ASO,CE,Towers with Radar,33,60,39,29,161,0,0,32,0,32,33,60,71,29,193,0,101,101,294
07/16/2004,JAN,MS,ASO,CE,Towers with Radar,31,45,28,6,110,0,8,22,0,30,31,53,50,6,140,0,2,2,142
07/17/2004,JAN,MS,ASO,CE,Towers with Radar,26,36,17,3,82,1,8,0,0,9,27,44,17,3,91,4,2,6,97
07/18/2004,JAN,MS,ASO,CE,Towers with Radar,26,37,25,2,90,2,13,7,0,22,28,50,32,2,112,0,2,2,114
07/19/2004,JAN,MS,ASO,CE,Towers with Radar,34,52,35,24,145,0,1,12,20,33,34,53,47,44,178,8,146,154,332
07/20/2004,JAN,MS,ASO,CE,Towers with Radar,40,54,41,29,164,0,0,11,5,16,40,54,52,34,180,39,104,143,323
07/21/2004,JAN,MS,ASO,CE,Towers with Radar,37,54,43,30,164,0,0,29,3,32,37,54,72,33,196,8,210,218,414
07/22/2004,JAN,MS,ASO,CE,Towers with Radar,34,53,35,25,147,0,8,0,13,21,34,61,35,38,168,0,164,164,332
07/23/2004,JAN,MS,ASO,CE,Towers with Radar,39,47,36,26,148,1,0,16,0,17,40,47,52,26,165,2,64,66,231
07/24/2004,JAN,MS,ASO,CE,Towers with Radar,23,32,21,1,77,13,13,8,0,34,36,45,29,1,111,8,0,8,119
07/25/2004,JAN,MS,ASO,CE,Towers with Radar,29,40,27,4,100,6,9,3,0,18,35,49,30,4,118,8,0,8,126
07/26/2004,JAN,MS,ASO,CE,Towers with Radar,33,57,40,29,159,0,0,10,19,29,33,57,50,48,188,0,146,146,334
07/27/2004,JAN,MS,ASO,CE,Towers with Radar,35,50,46,33,164,0,0,17,26,43,35,50,63,59,207,16,108,124,331
07/28/2004,JAN,MS,ASO,CE,Towers with Radar,42,47,43,31,163,0,0,32,19,51,42,47,75,50,214,8,224,232,446
07/29/2004,JAN,MS,ASO,CE,Towers with Radar,34,57,40,27,158,0,0,19,0,19,34,57,59,27,177,22,136,158,335
07/30/2004,JAN,MS,ASO,CE,Towers with Radar,43,56,40,29,168,1,0,12,13,26,44,56,52,42,194,16,80,96,290
07/31/2004,JAN,MS,ASO,CE,Towers with Radar,31,43,29,4,107,0,0,2,0,2,31,43,31,4,109,44,8,52,161
08/01/2004,JAN,MS,ASO,CE,Towers with Radar,24,35,24,7,90,6,12,10,0,28,30,47,34,7,118,0,4,4,122
08/02/2004,JAN,MS,ASO,CE,Towers with Radar,38,49,39,28,154,0,0,22,13,35,38,49,61,41,189,10,112,122,311
08/03/2004,JAN,MS,ASO,CE,Towers with Radar,35,53,32,27,147,0,0,0,8,8,35,53,32,35,155,0,136,136,291
08/04/2004,JAN,MS,ASO,CE,Towers with Radar,39,49,42,30,160,0,0,33,10,43,39,49,75,40,203,4,60,64,267
08/05/2004,JAN,MS,ASO,CE,Towers with Radar,35,53,41,29,158,0,0,2,8,10,35,53,43,37,168,8,45,53,221
08/06/2004,JAN,MS,ASO,CE,Towers with Radar,39,52,39,27,157,0,0,18,16,34,39,52,57,43,191,12,158,170,361
08/07/2004,JAN,MS,ASO,CE,Towers with Radar,27,39,27,19,112,4,0,17,4,25,31,39,44,23,137,14,24,38,175
08/08/2004,JAN,MS,ASO,CE,Towers with Radar,30,43,30,21,124,1,3,20,2,26,31,46,50,23,150,16,54,70,220
08/09/2004,JAN,MS,ASO,CE,Towers with Radar,34,50,38,11,133,0,0,28,0,28,34,50,66,11,161,0,12,12,173
08/10/2004,JAN,MS,ASO,CE,Towers with Radar,37,52,38,27,154,4,0,10,3,17,41,52,48,30,171,3,118,121,292
08/11/2004,JAN,MS,ASO,CE,Towers with Radar,38,53,42,29,162,0,0,8,2,10,38,53,50,31,172,20,30,50,222
08/12/2004,JAN,MS,ASO,CE,Towers with Radar,37,60,43,29,169,0,0,4,33,37,37,60,47,62,206,22,56,78,284
08/13/2004,JAN,MS,ASO,CE,Towers with Radar,38,56,40,28,162,0,0,7,27,34,38,56,47,55,196,4,214,218,414
08/14/2004,JAN,MS,ASO,CE,Towers with Radar,22,31,23,10,86,17,0,12,0,29,39,31,35,10,115,10,2,12,127
08/15/2004,JAN,MS,ASO,CE,Towers with Radar,25,37,27,17,106,2,13,8,5,28,27,50,35,22,134,2,2,4,138
08/16/2004,JAN,MS,ASO,CE,Towers with Radar,33,49,36,15,133,0,6,18,0,24,33,55,54,15,157,46,100,146,303
08/17/2004,JAN,MS,ASO,CE,Towers with Radar,37,54,40,25,156,0,2,16,0,18,37,56,56,25,174,4,68,72,246
08/18/2004,JAN,MS,ASO,CE,Towers with Radar,35,55,41,27,158,0,3,27,9,39,35,58,68,36,197,22,108,130,327
08/19/2004,JAN,MS,ASO,CE,Towers with Radar,37,53,39,17,146,0,6,26,0,32,37,59,65,17,178,12,14,26,204
08/20/2004,JAN,MS,ASO,CE,Towers with Radar,34,57,47,31,169,0,0,19,0,19,34,57,66,31,188,15,44,59,247
08/21/2004,JAN,MS,ASO,CE,Towers with Radar,20,26,17,2,65,10,19,0,0,29,30,45,17,2,94,4,0,4,98
08/22/2004,JAN,MS,ASO,CE,Towers with Radar,30,43,32,8,113,0,13,1,0,14,30,56,33,8,127,0,14,14,141
08/23/2004,JAN,MS,ASO,CE,Towers with Radar,35,48,36,10,129,5,2,10,0,17,40,50,46,10,146,0,12,12,158
08/24/2004,JAN,MS,ASO,CE,Towers with Radar,38,54,26,24,142,0,0,0,0,0,38,54,26,24,142,0,46,46,188
08/25/2004,JAN,MS,ASO,CE,Towers with Radar,44,49,45,30,168,2,0,25,0,27,46,49,70,30,195,0,104,104,299
08/26/2004,JAN,MS,ASO,CE,Towers with Radar,38,56,45,31,170,0,0,11,3,14,38,56,56,34,184,12,72,84,268
08/27/2004,JAN,MS,ASO,CE,Towers with Radar,37,56,43,29,165,0,0,4,5,9,37,56,47,34,174,5,98,103,277
08/28/2004,JAN,MS,ASO,CE,Towers with Radar,22,30,23,1,76,10,5,1,0,16,32,35,24,1,92,0,0,0,92
08/29/2004,JAN,MS,ASO,CE,Towers with Radar,29,44,33,14,120,0,6,15,0,21,29,50,48,14,141,28,16,44,185
08/30/2004,JAN,MS,ASO,CE,Towers with Radar,38,42,38,7,125,8,0,23,0,31,46,42,61,7,156,0,0,0,156
08/31/2004,JAN,MS,ASO,CE,Towers with Radar,38,54,43,29,164,0,0,0,15,15,38,54,43,44,179,12,142,154,333
09/01/2004,JAN,MS,ASO,CE,Towers with Radar,41,48,41,21,151,0,0,32,4,36,41,48,73,25,187,10,80,90,277
09/02/2004,JAN,MS,ASO,CE,Towers with Radar,36,53,52,28,169,0,0,51,26,77,36,53,103,54,246,2,138,140,386
09/03/2004,JAN,MS,ASO,CE,Towers with Radar,38,50,38,20,146,1,2,10,0,13,39,52,48,20,159,0,48,48,207
09/04/2004,JAN,MS,ASO,CE,Towers with Radar,26,35,24,2,87,6,4,0,0,10,32,39,24,2,97,6,0,6,103
09/05/2004,JAN,MS,ASO,CE,Towers with Radar,20,27,20,8,75,6,7,11,0,24,26,34,31,8,99,0,8,8,107
09/06/2004,JAN,MS,ASO,CE,Towers with Radar,22,30,22,2,76,9,11,4,0,24,31,41,26,2,100,2,0,2,102
09/07/2004,JAN,MS,ASO,CE,Towers with Radar,32,48,31,20,131,0,0,0,24,24,32,48,31,44,155,2,66,68,223
09/08/2004,JAN,MS,ASO,CE,Towers with Radar,42,50,44,23,159,0,0,14,8,22,42,50,58,31,181,10,120,130,311
09/09/2004,JAN,MS,ASO,CE,Towers with Radar,42,52,42,23,159,3,0,22,8,33,45,52,64,31,192,6,120,126,318
09/10/2004,JAN,MS,ASO,CE,Towers with Radar,40,50,42,23,155,0,0,19,5,24,40,50,61,28,179,6,82,88,267
09/11/2004,JAN,MS,ASO,CE,Towers with Radar,24,32,25,12,93,12,6,17,0,35,36,38,42,12,128,16,8,24,152
09/12/2004,JAN,MS,ASO,CE,Towers with Radar,26,34,26,12,98,5,16,9,0,30,31,50,35,12,128,0,8,8,136
09/13/2004,JAN,MS,ASO,CE,Towers with Radar,39,40,39,21,139,12,0,14,9,35,51,40,53,30,174,2,60,62,236
09/14/2004,JAN,MS,ASO,CE,Towers with Radar,38,50,48,26,162,0,0,2,3,5,38,50,50,29,167,0,74,74,241
09/15/2004,JAN,MS,ASO,CE,Towers with Radar,34,46,35,11,126,2,8,24,0,34,36,54,59,11,160,0,0,0,160
09/16/2004,JAN,MS,ASO,CE,Towers with Radar,19,23,19,5,66,10,1,2,0,13,29,24,21,5,79,0,0,0,79
09/17/2004,JAN,MS,ASO,CE,Towers with Radar,42,54,47,18,161,0,0,76,0,76,42,54,123,18,237,4,16,20,257
09/18/2004,JAN,MS,ASO,CE,Towers with Radar,27,34,28,10,99,2,4,19,0,25,29,38,47,10,124,2,4,6,130
09/19/2004,JAN,MS,ASO,CE,Towers with Radar,26,33,26,9,94,7,15,10,0,32,33,48,36,9,126,0,12,12,138
09/20/2004,JAN,MS,ASO,CE,Towers with Radar,34,51,41,17,143,0,0,15,0,15,34,51,56,17,158,18,84,102,260
09/21/2004,JAN,MS,ASO,CE,Towers with Radar,39,52,42,21,154,0,2,11,13,26,39,54,53,34,180,10,80,90,270
09/22/2004,JAN,MS,ASO,CE,Towers with Radar,39,48,46,24,157,0,0,20,11,31,39,48,66,35,188,2,185,187,375
09/23/2004,JAN,MS,ASO,CE,Towers with Radar,42,53,47,24,166,0,0,1,15,16,42,53,48,39,182,0,70,70,252
09/24/2004,JAN,MS,ASO,CE,Towers with Radar,40,47,41,14,142,5,0,20,0,25,45,47,61,14,167,16,64,80,247
09/25/2004,JAN,MS,ASO,CE,Towers with Radar,28,36,29,2,95,0,9,11,0,20,28,45,40,2,115,16,4,20,135
09/26/2004,JAN,MS,ASO,CE,Towers with Radar,28,35,28,2,93,5,19,0,0,24,33,54,28,2,117,10,4,14,131
09/27/2004,JAN,MS,ASO,CE,Towers with Radar,31,56,45,21,153,0,5,39,0,44,31,61,84,21,197,7,94,101,298
09/28/2004,JAN,MS,ASO,CE,Towers with Radar,38,58,47,24,167,0,3,29,7,39,38,61,76,31,206,22,76,98,304
09/29/2004,JAN,MS,ASO,CE,Towers with Radar,39,51,44,18,152,0,0,10,0,10,39,51,54,18,162,1,20,21,183
09/30/2004,JAN,MS,ASO,CE,Towers with Radar,45,48,45,24,162,0,0,29,6,35,45,48,74,30,197,2,40,42,239
10/01/2004,JAN,MS,ASO,CE,Combined TRACON& Tower with Radar,37,60,47,26,170,0,0,16,0,16,37,60,63,26,186,5,116,121,307
10/02/2004,JAN,MS,ASO,CE,Combined TRACON& Tower with Radar,28,40,22,4,94,0,0,12,0,12,28,40,34,4,106,22,0,22,128
10/03/2004,JAN,MS,ASO,CE,Combined TRACON& Tower with Radar,34,60,16,1,111,0,0,12,0,12,34,60,28,1,123,10,0,10,133
10/04/2004,JAN,MS,ASO,CE,Combined TRACON& Tower with Radar,39,44,39,19,141,0,0,8,1,9,39,44,47,20,150,0,92,92,242
10/05/2004,JAN,MS,ASO,CE,Combined TRACON& Tower with Radar,37,60,57,38,192,0,0,11,0,11,37,60,68,38,203,0,130,130,333
10/06/2004,JAN,MS,ASO,CE,Combined TRACON& Tower with Radar,36,56,54,23,169,0,0,25,0,25,36,56,79,23,194,18,40,58,252
10/07/2004,JAN,MS,ASO,CE,Combined TRACON& Tower with Radar,45,42,36,20,143,0,0,8,1,9,45,42,44,21,152,0,114,114,266
10/08/2004,JAN,MS,ASO,CE,Combined TRACON& Tower with Radar,39,54,32,5,130,0,0,3,0,3,39,54,35,5,133,0,36,36,169
10/09/2004,JAN,MS,ASO,CE,Combined TRACON& Tower with Radar,35,38,5,0,78,0,0,0,0,0,35,38,5,0,78,0,0,0,78
10/10/2004,JAN,MS,ASO,CE,Combined TRACON& Tower with Radar,38,48,12,1,99,0,0,0,0,0,38,48,12,1,99,0,0,0,99
10/11/2004,JAN,MS,ASO,CE,Combined TRACON& Tower with Radar,39,54,53,0,146,0,0,9,0,9,39,54,62,0,155,4,0,4,159
10/12/2004,JAN,MS,ASO,CE,Combined TRACON& Tower with Radar,36,51,52,21,160,0,0,4,0,4,36,51,56,21,164,8,64,72,236
10/13/2004,JAN,MS,ASO,CE,Combined TRACON& Tower with Radar,35,49,64,29,177,0,0,23,0,23,35,49,87,29,200,2,84,86,286
10/14/2004,JAN,MS,ASO,CE,Combined TRACON& Tower with Radar,37,52,48,35,172,0,0,6,2,8,37,52,54,37,180,1,152,153,333
10/15/2004,JAN,MS,ASO,CE,Combined TRACON& Tower with Radar,36,52,46,23,157,0,0,15,0,15,36,52,61,23,172,6,84,90,262
10/16/2004,JAN,MS,ASO,CE,Combined TRACON& Tower with Radar,29,42,25,4,100,0,0,24,0,24,29,42,49,4,124,0,0,0,124
10/17/2004,JAN,MS,ASO,CE,Combined TRACON& Tower with Radar,30,47,16,2,95,0,0,14,0,14,30,47,30,2,109,4,2,6,115
10/18/2004,JAN,MS,ASO,CE,Combined TRACON& Tower with Radar,41,59,34,32,166,0,0,0,0,0,41,59,34,32,166,2,34,36,202
10/19/2004,JAN,MS,ASO,CE,Combined TRACON& Tower with Radar,39,56,43,13,151,0,0,12,0,12,39,56,55,13,163,2,10,12,175
10/20/2004,JAN,MS,ASO,CE,Combined TRACON& Tower with Radar,38,56,69,31,194,0,0,8,2,10,38,56,77,33,204,0,70,70,274
10/21/2004,JAN,MS,ASO,CE,Combined TRACON& Tower with Radar,38,60,47,44,189,0,0,4,0,4,38,60,51,44,193,6,90,96,289
10/22/2004,JAN,MS,ASO,CE,Combined TRACON& Tower with Radar,35,52,53,17,157,0,0,16,0,16,35,52,69,17,173,2,34,36,209
10/23/2004,JAN,MS,ASO,CE,Combined TRACON& Tower with Radar,44,29,18,3,94,0,0,5,0,5,44,29,23,3,99,0,0,0,99
10/24/2004,JAN,MS,ASO,CE,Combined TRACON& Tower with Radar,31,49,33,0,113,0,0,9,0,9,31,49,42,0,122,4,0,4,126
10/25/2004,JAN,MS,ASO,CE,Combined TRACON& Tower with Radar,39,54,40,7,140,0,0,8,0,8,39,54,48,7,148,0,4,4,152
10/26/2004,JAN,MS,ASO,CE,Combined TRACON& Tower with Radar,38,55,50,24,167,0,0,23,0,23,38,55,73,24,190,2,70,72,262
10/27/2004,JAN,MS,ASO,CE,Combined TRACON& Tower with Radar,39,57,54,30,180,0,0,15,4,19,39,57,69,34,199,22,56,78,277
10/28/2004,JAN,MS,ASO,CE,Combined TRACON& Tower with Radar,37,59,42,16,154,0,0,0,0,0,37,59,42,16,154,2,38,40,194
10/29/2004,JAN,MS,ASO,CE,Combined TRACON& Tower with Radar,37,51,50,15,153,0,0,12,1,13,37,51,62,16,166,10,38,48,214
10/30/2004,JAN,MS,ASO,CE,Combined TRACON& Tower with Radar,28,38,26,13,105,0,0,8,1,9,28,38,34,14,114,3,26,29,143
10/31/2004,JAN,MS,ASO,CE,Combined TRACON& Tower with Radar,34,43,28,5,110,0,0,6,0,6,34,43,34,5,116,4,28,32,148
11/01/2004,JAN,MS,ASO,CE,Combined TRACON& Tower with Radar,44,38,28,13,123,0,0,0,0,0,44,38,28,13,123,0,22,22,145
11/02/2004,JAN,MS,ASO,CE,Combined TRACON& Tower with Radar,36,52,25,4,117,0,0,4,0,4,36,52,29,4,121,0,2,2,123
11/03/2004,JAN,MS,ASO,CE,Combined TRACON& Tower with Radar,44,50,43,38,175,0,0,3,0,3,44,50,46,38,178,4,78,82,260
11/04/2004,JAN,MS,ASO,CE,Combined TRACON& Tower with Radar,39,56,63,26,184,0,0,7,1,8,39,56,70,27,192,0,92,92,284
11/05/2004,JAN,MS,ASO,CE,Combined TRACON& Tower with Radar,41,56,38,26,161,0,1,19,0,20,41,57,57,26,181,6,82,88,269
11/06/2004,JAN,MS,ASO,CE,Combined TRACON& Tower with Radar,35,36,11,3,85,0,0,19,0,19,35,36,30,3,104,4,0,4,108
11/07/2004,JAN,MS,ASO,CE,Combined TRACON& Tower with Radar,32,47,35,12,126,0,0,16,0,16,32,47,51,12,142,2,20,22,164
11/08/2004,JAN,MS,ASO,CE,Combined TRACON& Tower with Radar,38,50,48,4,140,0,0,22,0,22,38,50,70,4,162,0,4,4,166
11/09/2004,JAN,MS,ASO,CE,Combined TRACON& Tower with Radar,40,44,41,21,146,0,0,14,1,15,40,44,55,22,161,26,64,90,251
11/10/2004,JAN,MS,ASO,CE,Combined TRACON& Tower with Radar,40,52,46,15,153,0,0,14,0,14,40,52,60,15,167,6,66,72,239
11/11/2004,JAN,MS,ASO,CE,Combined TRACON& Tower with Radar,38,55,39,0,132,0,0,2,0,2,38,55,41,0,134,1,0,1,135
11/12/2004,JAN,MS,ASO,CE,Combined TRACON& Tower with Radar,37,55,35,30,157,0,0,4,0,4,37,55,39,30,161,8,30,38,199
11/13/2004,JAN,MS,ASO,CE,Combined TRACON& Tower with Radar,36,36,33,2,107,0,0,2,0,2,36,36,35,2,109,6,0,6,115
11/14/2004,JAN,MS,ASO,CE,Combined TRACON& Tower with Radar,34,48,23,4,109,0,0,3,1,4,34,48,26,5,113,4,6,10,123
11/15/2004,JAN,MS,ASO,CE,Combined TRACON& Tower with Radar,39,44,36,23,142,0,0,9,0,9,39,44,45,23,151,0,74,74,225
11/16/2004,JAN,MS,ASO,CE,Combined TRACON& Tower with Radar,37,40,69,31,177,0,1,16,2,19,37,41,85,33,196,0,102,102,298
11/17/2004,JAN,MS,ASO,CE,Combined TRACON& Tower with Radar,40,58,48,12,158,0,0,26,3,29,40,58,74,15,187,8,40,48,235
11/18/2004,JAN,MS,ASO,CE,Combined TRACON& Tower with Radar,42,52,39,50,183,0,0,4,4,8,42,52,43,54,191,0,230,230,421
11/19/2004,JAN,MS,ASO,CE,Combined TRACON& Tower with Radar,40,53,59,39,191,0,0,11,0,11,40,53,70,39,202,8,78,86,288
11/20/2004,JAN,MS,ASO,CE,Combined TRACON& Tower with Radar,37,40,14,3,94,0,0,1,0,1,37,40,15,3,95,2,10,12,107
11/21/2004,JAN,MS,ASO,CE,Combined TRACON& Tower with Radar,33,43,24,2,102,0,0,1,0,1,33,43,25,2,103,4,4,8,111
11/22/2004,JAN,MS,ASO,CE,Combined TRACON& Tower with Radar,41,35,41,1,118,0,0,2,0,2,41,35,43,1,120,12,0,12,132
11/23/2004,JAN,MS,ASO,CE,Combined TRACON& Tower with Radar,44,48,25,53,170,0,0,1,0,1,44,48,26,53,171,0,138,138,309
11/24/2004,JAN,MS,ASO,CE,Combined TRACON& Tower with Radar,50,42,40,14,146,0,0,5,0,5,50,42,45,14,151,16,54,70,221
11/25/2004,JAN,MS,ASO,CE,Combined TRACON& Tower with Radar,22,31,10,0,63,0,0,11,0,11,22,31,21,0,74,0,0,0,74
11/26/2004,JAN,MS,ASO,CE,Combined TRACON& Tower with Radar,51,24,12,0,87,0,0,13,0,13,51,24,25,0,100,0,0,0,100
11/27/2004,JAN,MS,ASO,CE,Combined TRACON& Tower with Radar,42,39,17,0,98,0,0,1,0,1,42,39,18,0,99,0,0,0,99
11/28/2004,JAN,MS,ASO,CE,Combined TRACON& Tower with Radar,39,40,17,2,98,0,0,11,0,11,39,40,28,2,109,2,0,2,111
11/29/2004,JAN,MS,ASO,CE,Combined TRACON& Tower with Radar,40,48,38,11,137,0,0,5,0,5,40,48,43,11,142,8,100,108,250
11/30/2004,JAN,MS,ASO,CE,Combined TRACON& Tower with Radar,43,57,44,14,158,0,0,0,0,0,43,57,44,14,158,2,0,2,160
12/01/2004,JAN,MS,ASO,CE,Combined TRACON& Tower with Radar,44,51,36,36,167,0,0,23,0,23,44,51,59,36,190,6,174,180,370
12/02/2004,JAN,MS,ASO,CE,Combined TRACON& Tower with Radar,41,63,42,26,172,0,0,28,3,31,41,63,70,29,203,36,48,84,287
12/03/2004,JAN,MS,ASO,CE,Combined TRACON& Tower with Radar,43,54,42,21,160,0,0,16,2,18,43,54,58,23,178,0,38,38,216
12/04/2004,JAN,MS,ASO,CE,Combined TRACON& Tower with Radar,48,23,20,3,94,0,0,15,0,15,48,23,35,3,109,8,16,24,133
12/05/2004,JAN,MS,ASO,CE,Combined TRACON& Tower with Radar,53,21,16,8,98,0,0,0,0,0,53,21,16,8,98,0,0,0,98
12/06/2004,JAN,MS,ASO,CE,Combined TRACON& Tower with Radar,40,49,37,13,139,0,0,3,1,4,40,49,40,14,143,0,14,14,157
12/07/2004,JAN,MS,ASO,CE,Combined TRACON& Tower with Radar,40,58,36,29,163,0,0,19,0,19,40,58,55,29,182,4,86,90,272
12/08/2004,JAN,MS,ASO,CE,Combined TRACON& Tower with Radar,44,51,53,31,179,0,4,14,0,18,44,55,67,31,197,0,84,84,281
12/09/2004,JAN,MS,ASO,CE,Combined TRACON& Tower with Radar,38,52,36,40,166,0,0,9,1,10,38,52,45,41,176,4,124,128,304
12/10/2004,JAN,MS,ASO,CE,Combined TRACON& Tower with Radar,37,51,35,22,145,0,0,11,2,13,37,51,46,24,158,0,97,97,255
12/11/2004,JAN,MS,ASO,CE,Combined TRACON& Tower with Radar,51,25,23,9,108,0,0,4,0,4,51,25,27,9,112,28,70,98,210
12/12/2004,JAN,MS,ASO,CE,Combined TRACON& Tower with Radar,30,48,16,5,99,0,0,10,0,10,30,48,26,5,109,4,14,18,127
12/13/2004,JAN,MS,ASO,CE,Combined TRACON& Tower with Radar,43,50,31,16,140,0,0,11,1,12,43,50,42,17,152,12,30,42,194
12/14/2004,JAN,MS,ASO,CE,Combined TRACON& Tower with Radar,45,52,38,43,178,0,0,9,1,10,45,52,47,44,188,0,162,162,350
12/15/2004,JAN,MS,ASO,CE,Combined TRACON& Tower with Radar,41,56,60,35,192,0,0,13,0,13,41,56,73,35,205,2,158,160,365
12/16/2004,JAN,MS,ASO,CE,Combined TRACON& Tower with Radar,39,62,48,18,167,0,0,18,0,18,39,62,66,18,185,8,80,88,273
12/17/2004,JAN,MS,ASO,CE,Combined TRACON& Tower with Radar,35,57,35,34,161,0,2,12,0,14,35,59,47,34,175,4,70,74,249
12/18/2004,JAN,MS,ASO,CE,Combined TRACON& Tower with Radar,40,36,11,7,94,0,1,26,2,29,40,37,37,9,123,2,4,6,129
12/19/2004,JAN,MS,ASO,CE,Combined TRACON& Tower with Radar,31,47,18,7,103,0,0,9,0,9,31,47,27,7,112,7,4,11,123
12/20/2004,JAN,MS,ASO,CE,Combined TRACON& Tower with Radar,38,56,45,21,160,0,0,8,0,8,38,56,53,21,168,0,82,82,250
12/21/2004,JAN,MS,ASO,CE,Combined TRACON& Tower with Radar,50,50,29,20,149,0,0,20,0,20,50,50,49,20,169,0,86,86,255
12/22/2004,JAN,MS,ASO,CE,Combined TRACON& Tower with Radar,42,49,42,20,153,0,0,3,0,3,42,49,45,20,156,2,36,38,194
12/23/2004,JAN,MS,ASO,CE,Combined TRACON& Tower with Radar,29,48,26,8,111,0,0,1,0,1,29,48,27,8,112,0,2,2,114
12/24/2004,JAN,MS,ASO,CE,Combined TRACON& Tower with Radar,39,47,11,0,97,0,1,10,0,11,39,48,21,0,108,4,0,4,112
12/25/2004,JAN,MS,ASO,CE,Combined TRACON& Tower with Radar,35,36,5,0,76,0,0,7,0,7,35,36,12,0,83,0,0,0,83
12/26/2004,JAN,MS,ASO,CE,Combined TRACON& Tower with Radar,33,46,14,0,93,0,0,9,0,9,33,46,23,0,102,2,0,2,104
12/27/2004,JAN,MS,ASO,CE,Combined TRACON& Tower with Radar,38,51,19,0,108,0,0,14,0,14,38,51,33,0,122,16,0,16,138
12/28/2004,JAN,MS,ASO,CE,Combined TRACON& Tower with Radar,39,57,13,5,114,0,0,15,0,15,39,57,28,5,129,2,2,4,133
12/29/2004,JAN,MS,ASO,CE,Combined TRACON& Tower with Radar,39,56,25,7,127,0,0,8,0,8,39,56,33,7,135,0,10,10,145
12/30/2004,JAN,MS,ASO,CE,Combined TRACON& Tower with Radar,35,60,24,8,127,0,0,17,1,18,35,60,41,9,145,12,8,20,165
12/31/2004,JAN,MS,ASO,CE,Combined TRACON& Tower with Radar,39,39,11,0,89,0,0,4,0,4,39,39,15,0,93,2,0,2,95
01/01/2005,JAN,MS,ASO,CE,Combined TRACON& Tower with Radar,39,29,15,0,83,0,0,3,0,3,39,29,18,0,86,4,0,4,90
01/02/2005,JAN,MS,ASO,CE,Combined TRACON& Tower with Radar,33,50,17,0,100,0,0,3,0,3,33,50,20,0,103,0,0,0,103
01/03/2005,JAN,MS,ASO,CE,Combined TRACON& Tower with Radar,36,55,32,34,157,0,0,15,0,15,36,55,47,34,172,12,83,95,267
01/04/2005,JAN,MS,ASO,CE,Combined TRACON& Tower with Radar,35,52,38,29,154,0,0,9,0,9,35,52,47,29,163,16,44,60,223
01/05/2005,JAN,MS,ASO,CE,Combined TRACON& Tower with Radar,42,49,46,25,162,0,0,3,0,3,42,49,49,25,165,0,84,84,249
01/06/2005,JAN,MS,ASO,CE,Combined TRACON& Tower with Radar,39,55,33,44,171,0,0,2,0,2,39,55,35,44,173,2,68,70,243
01/07/2005,JAN,MS,ASO,CE,Combined TRACON& Tower with Radar,41,51,27,16,135,0,0,2,0,2,41,51,29,16,137,6,14,20,157
01/08/2005,JAN,MS,ASO,CE,Combined TRACON& Tower with Radar,59,25,13,20,117,0,0,2,0,2,59,25,15,20,119,12,18,30,149
01/09/2005,JAN,MS,ASO,CE,Combined TRACON& Tower with Radar,31,47,33,16,127,0,0,5,1,6,31,47,38,17,133,8,16,24,157
01/10/2005,JAN,MS,ASO,CE,Combined TRACON& Tower with Radar,46,38,34,11,129,0,0,5,0,5,46,38,39,11,134,22,40,62,196
01/11/2005,JAN,MS,ASO,CE,Combined TRACON& Tower with Radar,40,51,34,15,140,0,0,2,0,2,40,51,36,15,142,0,54,54,196
01/12/2005,JAN,MS,ASO,CE,Combined TRACON& Tower with Radar,36,45,60,22,163,0,0,5,0,5,36,45,65,22,168,2,42,44,212
01/13/2005,JAN,MS,ASO,CE,Combined TRACON& Tower with Radar,42,52,25,6,125,0,0,1,0,1,42,52,26,6,126,0,4,4,130
01/14/2005,JAN,MS,ASO,CE,Combined TRACON& Tower with Radar,42,50,43,18,153,0,0,7,1,8,42,50,50,19,161,12,126,138,299
01/15/2005,JAN,MS,ASO,CE,Combined TRACON& Tower with Radar,34,37,16,10,97,0,0,17,1,18,34,37,33,11,115,2,22,24,139
01/16/2005,JAN,MS,ASO,CE,Combined TRACON& Tower with Radar,33,48,13,4,98,0,0,8,0,8,33,48,21,4,106,6,0,6,112
01/17/2005,JAN,MS,ASO,CE,Combined TRACON& Tower with Radar,48,43,37,0,128,0,0,4,0,4,48,43,41,0,132,10,0,10,142
01/18/2005,JAN,MS,ASO,CE,Combined TRACON& Tower with Radar,45,45,43,40,173,0,0,17,0,17,45,45,60,40,190,0,104,104,294
01/19/2005,JAN,MS,ASO,CE,Combined TRACON& Tower with Radar,42,45,51,25,163,0,2,7,0,9,42,47,58,25,172,4,66,70,242
01/20/2005,JAN,MS,ASO,CE,Combined TRACON& Tower with Radar,39,50,38,28,155,0,0,12,0,12,39,50,50,28,167,0,122,122,289
01/21/2005,JAN,MS,ASO,CE,Combined TRACON& Tower with Radar,46,47,36,9,138,0,0,23,1,24,46,47,59,10,162,10,8,18,180
01/22/2005,JAN,MS,ASO,CE,Combined TRACON& Tower with Radar,30,39,15,3,87,0,0,1,0,1,30,39,16,3,88,4,4,8,96
01/23/2005,JAN,MS,ASO,CE,Combined TRACON& Tower with Radar,35,46,28,14,123,0,0,7,1,8,35,46,35,15,131,4,26,30,161
01/24/2005,JAN,MS,ASO,CE,Combined TRACON& Tower with Radar,36,46,44,30,156,0,0,15,1,16,36,46,59,31,172,7,78,85,257
01/25/2005,JAN,MS,ASO,CE,Combined TRACON& Tower with Radar,40,49,40,27,156,0,2,15,0,17,40,51,55,27,173,7,100,107,280
01/26/2005,JAN,MS,ASO,CE,Combined TRACON& Tower with Radar,39,58,50,26,173,0,0,8,0,8,39,58,58,26,181,4,76,80,261
01/27/2005,JAN,MS,ASO,CE,Combined TRACON& Tower with Radar,43,52,33,28,156,0,0,8,0,8,43,52,41,28,164,4,88,92,256
01/28/2005,JAN,MS,ASO,CE,Combined TRACON& Tower with Radar,37,56,37,19,149,0,0,2,0,2,37,56,39,19,151,2,22,24,175
01/29/2005,JAN,MS,ASO,CE,Combined TRACON& Tower with Radar,22,38,20,3,83,0,0,0,0,0,22,38,20,3,83,0,0,0,83
01/30/2005,JAN,MS,ASO,CE,Combined TRACON& Tower with Radar,31,37,23,0,91,0,1,2,0,3,31,38,25,0,94,8,0,8,102
01/31/2005,JAN,MS,ASO,CE,Combined TRACON& Tower with Radar,33,52,25,7,117,0,0,0,0,0,33,52,25,7,117,2,10,12,129
02/01/2005,JAN,MS,ASO,CE,Combined TRACON& Tower with Radar,33,45,50,3,131,0,0,0,0,0,33,45,50,3,131,0,0,0,131
02/02/2005,JAN,MS,ASO,CE,Combined TRACON& Tower with Radar,34,44,37,23,138,0,0,0,0,0,34,44,37,23,138,0,30,30,168
02/03/2005,JAN,MS,ASO,CE,Combined TRACON& Tower with Radar,44,41,44,49,178,0,0,4,20,24,44,41,48,69,202,2,76,78,280
02/04/2005,JAN,MS,ASO,CE,Combined TRACON& Tower with Radar,37,43,47,6,133,0,0,15,2,17,37,43,62,8,150,4,70,74,224
02/05/2005,JAN,MS,ASO,CE,Combined TRACON& Tower with Radar,28,35,15,0,78,0,0,15,0,15,28,35,30,0,93,6,0,6,99
02/06/2005,JAN,MS,ASO,CE,Combined TRACON& Tower with Radar,26,43,12,2,83,0,0,4,0,4,26,43,16,2,87,0,4,4,91
02/07/2005,JAN,MS,ASO,CE,Combined TRACON& Tower with Radar,27,54,46,17,144,0,0,0,0,0,27,54,46,17,144,4,46,50,194
02/08/2005,JAN,MS,ASO,CE,Combined TRACON& Tower with Radar,36,49,40,19,144,0,0,0,0,0,36,49,40,19,144,0,28,28,172
02/09/2005,JAN,MS,ASO,CE,Combined TRACON& Tower with Radar,33,47,49,25,154,0,0,1,0,1,33,47,50,25,155,0,16,16,171
02/10/2005,JAN,MS,ASO,CE,Combined TRACON& Tower with Radar,39,42,56,37,174,0,0,20,0,20,39,42,76,37,194,12,148,160,354
02/11/2005,JAN,MS,ASO,CE,Combined TRACON& Tower with Radar,43,38,47,32,160,0,0,29,0,29,43,38,76,32,189,2,82,84,273
02/12/2005,JAN,MS,ASO,CE,Combined TRACON& Tower with Radar,29,44,12,0,85,0,0,8,0,8,29,44,20,0,93,12,8,20,113
02/13/2005,JAN,MS,ASO,CE,Combined TRACON& Tower with Radar,29,44,9,14,96,0,0,0,0,0,29,44,9,14,96,0,24,24,120
02/14/2005,JAN,MS,ASO,CE,Combined TRACON& Tower with Radar,31,46,37,20,134,0,0,14,1,15,31,46,51,21,149,18,36,54,203
02/15/2005,JAN,MS,ASO,CE,Combined TRACON& Tower with Radar,32,49,57,35,173,0,0,9,0,9,32,49,66,35,182,8,60,68,250
02/16/2005,JAN,MS,ASO,CE,Combined TRACON& Tower with Radar,37,48,50,30,165,0,1,6,0,7,37,49,56,30,172,4,36,40,212
02/17/2005,JAN,MS,ASO,CE,Combined TRACON& Tower with Radar,42,42,42,22,148,0,2,10,1,13,42,44,52,23,161,2,104,106,267
02/18/2005,JAN,MS,ASO,CE,Combined TRACON& Tower with Radar,40,50,51,29,170,0,0,22,3,25,40,50,73,32,195,2,118,120,315
02/19/2005,JAN,MS,ASO,CE,Combined TRACON& Tower with Radar,26,38,12,3,79,0,0,12,0,12,26,38,24,3,91,26,8,34,125
02/20/2005,JAN,MS,ASO,CE,Combined TRACON& Tower with Radar,30,44,14,0,88,0,0,1,0,1,30,44,15,0,89,0,0,0,89
02/21/2005,JAN,MS,ASO,CE,Combined TRACON& Tower with Radar,38,46,54,21,159,0,0,0,0,0,38,46,54,21,159,8,22,30,189
02/22/2005,JAN,MS,ASO,CE,Combined TRACON& Tower with Radar,35,49,59,39,182,0,0,0,0,0,35,49,59,39,182,10,56,66,248
02/23/2005,JAN,MS,ASO,CE,Combined TRACON& Tower with Radar,42,57,35,13,147,0,0,2,1,3,42,57,37,14,150,0,38,38,188
02/24/2005,JAN,MS,ASO,CE,Combined TRACON& Tower with Radar,35,55,39,14,143,0,0,2,0,2,35,55,41,14,145,0,16,16,161
02/25/2005,JAN,MS,ASO,CE,Combined TRACON& Tower with Radar,38,44,34,25,141,0,0,14,10,24,38,44,48,35,165,2,102,104,269
02/26/2005,JAN,MS,ASO,CE,Combined TRACON& Tower with Radar,28,35,20,1,84,0,0,12,0,12,28,35,32,1,96,8,0,8,104
02/27/2005,JAN,MS,ASO,CE,Combined TRACON& Tower with Radar,25,44,40,5,114,0,0,0,0,0,25,44,40,5,114,6,0,6,120
02/28/2005,JAN,MS,ASO,CE,Combined TRACON& Tower with Radar,39,42,42,23,146,0,0,6,0,6,39,42,48,23,152,4,60,64,216
03/01/2005,JAN,MS,ASO,CE,Combined TRACON& Tower with Radar,40,43,52,27,162,0,2,9,5,16,40,45,61,32,178,10,131,141,319
03/02/2005,JAN,MS,ASO,CE,Combined TRACON& Tower with Radar,57,36,44,17,154,0,1,12,1,14,57,37,56,18,168,0,104,104,272
03/03/2005,JAN,MS,ASO,CE,Combined TRACON& Tower with Radar,39,51,44,39,173,0,1,10,0,11,39,52,54,39,184,12,64,76,260
03/04/2005,JAN,MS,ASO,CE,Combined TRACON& Tower with Radar,39,42,41,44,166,0,1,4,3,8,39,43,45,47,174,4,76,80,254
03/05/2005,JAN,MS,ASO,CE,Combined TRACON& Tower with Radar,25,42,19,5,91,0,0,9,0,9,25,42,28,5,100,8,0,8,108
03/06/2005,JAN,MS,ASO,CE,Combined TRACON& Tower with Radar,31,46,23,16,116,0,0,7,0,7,31,46,30,16,123,0,10,10,133
03/07/2005,JAN,MS,ASO,CE,Combined TRACON& Tower with Radar,40,48,25,13,126,0,0,3,0,3,40,48,28,13,129,0,8,8,137
03/08/2005,JAN,MS,ASO,CE,Combined TRACON& Tower with Radar,37,48,23,20,128,0,0,22,4,26,37,48,45,24,154,4,59,63,217
03/09/2005,JAN,MS,ASO,CE,Combined TRACON& Tower with Radar,45,40,30,34,149,0,1,5,0,6,45,41,35,34,155,4,98,102,257
03/10/2005,JAN,MS,ASO,CE,Combined TRACON& Tower with Radar,35,52,10,22,119,0,0,48,1,49,35,52,58,23,168,2,93,95,263
03/11/2005,JAN,MS,ASO,CE,Combined TRACON& Tower with Radar,41,55,26,31,153,0,2,5,2,9,41,57,31,33,162,6,60,66,228
03/12/2005,JAN,MS,ASO,CE,Combined TRACON& Tower with Radar,32,35,16,0,83,0,0,9,0,9,32,35,25,0,92,6,2,8,100
03/13/2005,JAN,MS,ASO,CE,Combined TRACON& Tower with Radar,31,47,30,7,115,0,0,3,0,3,31,47,33,7,118,0,4,4,122
03/14/2005,JAN,MS,ASO,CE,Combined TRACON& Tower with Radar,40,43,41,7,131,0,0,13,0,13,40,43,54,7,144,10,22,32,176
03/15/2005,JAN,MS,ASO,CE,Combined TRACON& Tower with Radar,53,46,36,24,159,0,0,14,0,14,53,46,50,24,173,8,86,94,267
03/16/2005,JAN,MS,ASO,CE,Combined TRACON& Tower with Radar,51,39,41,14,145,0,0,0,0,0,51,39,41,14,145,6,10,16,161
03/17/2005,JAN,MS,ASO,CE,Combined TRACON& Tower with Radar,41,56,58,36,191,0,6,17,0,23,41,62,75,36,214,18,54,72,286
03/18/2005,JAN,MS,ASO,CE,Combined TRACON& Tower with Radar,39,53,35,15,142,0,0,18,1,19,39,53,53,16,161,4,34,38,199
03/19/2005,JAN,MS,ASO,CE,Combined TRACON& Tower with Radar,27,47,11,0,85,0,0,0,3,3,27,47,11,3,88,2,6,8,96
03/20/2005,JAN,MS,ASO,CE,Combined TRACON& Tower with Radar,32,44,18,1,95,0,0,0,0,0,32,44,18,1,95,0,0,0,95
03/21/2005,JAN,MS,ASO,CE,Combined TRACON& Tower with Radar,38,46,21,22,127,0,0,0,0,0,38,46,21,22,127,2,44,46,173
03/22/2005,JAN,MS,ASO,CE,Combined TRACON& Tower with Radar,38,50,18,20,126,0,0,3,0,3,38,50,21,20,129,8,116,124,253
03/23/2005,JAN,MS,ASO,CE,Combined TRACON& Tower with Radar,38,48,45,32,163,0,0,8,2,10,38,48,53,34,173,8,132,140,313
03/24/2005,JAN,MS,ASO,CE,Combined TRACON& Tower with Radar,38,49,37,31,155,0,0,9,0,9,38,49,46,31,164,6,108,114,278
03/25/2005,JAN,MS,ASO,CE,Combined TRACON& Tower with Radar,36,49,39,14,138,0,0,10,3,13,36,49,49,17,151,4,70,74,225
03/26/2005,JAN,MS,ASO,CE,Combined TRACON& Tower with Radar,25,41,10,0,76,0,0,9,0,9,25,41,19,0,85,2,0,2,87
03/27/2005,JAN,MS,ASO,CE,Combined TRACON& Tower with Radar,38,31,9,1,79,0,0,0,0,0,38,31,9,1,79,0,0,0,79
03/28/2005,JAN,MS,ASO,CE,Combined TRACON& Tower with Radar,43,33,58,21,155,0,0,12,4,16,43,33,70,25,171,0,123,123,294
03/29/2005,JAN,MS,ASO,CE,Combined TRACON& Tower with Radar,34,55,46,16,151,0,0,15,4,19,34,55,61,20,170,1,49,50,220
03/30/2005,JAN,MS,ASO,CE,Combined TRACON& Tower with Radar,36,62,55,10,163,0,6,7,2,15,36,68,62,12,178,20,42,62,240
03/31/2005,JAN,MS,ASO,CE,Combined TRACON& Tower with Radar,36,53,23,27,139,0,2,5,0,7,36,55,28,27,146,6,52,58,204
04/01/2005,JAN,MS,ASO,CE,Combined TRACON& Tower with Radar,48,32,48,25,153,0,0,4,0,4,48,32,52,25,157,0,36,36,193
04/02/2005,JAN,MS,ASO,CE,Combined TRACON& Tower with Radar,25,42,16,2,85,0,0,8,0,8,25,42,24,2,93,2,0,2,95
04/03/2005,JAN,MS,ASO,CE,Combined TRACON& Tower with Radar,36,38,13,8,95,0,0,14,3,17,36,38,27,11,112,4,0,4,116
04/04/2005,JAN,MS,ASO,CE,Combined TRACON& Tower with Radar,38,48,37,5,128,0,0,14,0,14,38,48,51,5,142,12,14,26,168
04/05/2005,JAN,MS,ASO,CE,Combined TRACON& Tower with Radar,41,43,50,23,157,0,1,8,1,10,41,44,58,24,167,6,142,148,315
04/06/2005,JAN,MS,ASO,CE,Combined TRACON& Tower with Radar,38,50,25,12,125,0,0,0,0,0,38,50,25,12,125,0,36,36,161
04/07/2005,JAN,MS,ASO,CE,Combined TRACON& Tower with Radar,32,50,50,18,150,0,0,1,0,1,32,50,51,18,151,0,28,28,179
04/08/2005,JAN,MS,ASO,CE,Combined TRACON& Tower with Radar,40,46,47,28,161,0,0,13,0,13,40,46,60,28,174,4,92,96,270
04/09/2005,JAN,MS,ASO,CE,Combined TRACON& Tower with Radar,30,33,17,7,87,0,0,11,0,11,30,33,28,7,98,16,0,16,114
04/10/2005,JAN,MS,ASO,CE,Combined TRACON& Tower with Radar,37,42,22,1,102,0,0,9,0,9,37,42,31,1,111,0,0,0,111
04/11/2005,JAN,MS,ASO,CE,Combined TRACON& Tower with Radar,41,31,22,3,97,0,0,7,0,7,41,31,29,3,104,0,0,0,104
04/12/2005,JAN,MS,ASO,CE,Combined TRACON& Tower with Radar,39,49,38,35,161,0,3,3,5,11,39,52,41,40,172,8,114,122,294
04/13/2005,JAN,MS,ASO,CE,Combined TRACON& Tower with Radar,38,53,40,49,180,0,0,7,0,7,38,53,47,49,187,0,126,126,313
04/14/2005,JAN,MS,ASO,CE,Combined TRACON& Tower with Radar,32,58,61,27,178,0,0,7,0,7,32,58,68,27,185,8,24,32,217
04/15/2005,JAN,MS,ASO,CE,Combined TRACON& Tower with Radar,37,48,25,13,123,0,2,11,0,13,37,50,36,13,136,0,160,160,296
04/16/2005,JAN,MS,ASO,CE,Combined TRACON& Tower with Radar,27,33,30,8,98,0,0,16,1,17,27,33,46,9,115,16,32,48,163
04/17/2005,JAN,MS,ASO,CE,Combined TRACON& Tower with Radar,31,44,16,7,98,0,0,19,2,21,31,44,35,9,119,8,4,12,131
04/18/2005,JAN,MS,ASO,CE,Combined TRACON& Tower with Radar,40,41,48,8,137,0,0,20,0,20,40,41,68,8,157,8,64,72,229
04/19/2005,JAN,MS,ASO,CE,Combined TRACON& Tower with Radar,39,47,47,24,157,0,0,7,6,13,39,47,54,30,170,4,20,24,194
04/20/2005,JAN,MS,ASO,CE,Combined TRACON& Tower with Radar,34,55,44,37,170,0,0,8,9,17,34,55,52,46,187,0,84,84,271
04/21/2005,JAN,MS,ASO,CE,Combined TRACON& Tower with Radar,57,35,53,36,181,0,0,15,2,17,57,35,68,38,198,0,66,66,264
04/22/2005,JAN,MS,ASO,CE,Combined TRACON& Tower with Radar,43,41,48,25,157,0,0,12,0,12,43,41,60,25,169,0,140,140,309
04/23/2005,JAN,MS,ASO,CE,Combined TRACON& Tower with Radar,29,35,14,1,79,0,0,5,8,13,29,35,19,9,92,4,0,4,96
04/24/2005,JAN,MS,ASO,CE,Combined TRACON& Tower with Radar,42,44,20,3,109,0,0,13,3,16,42,44,33,6,125,20,42,62,187
04/25/2005,JAN,MS,ASO,CE,Combined TRACON& Tower with Radar,46,37,62,27,172,0,0,19,0,19,46,37,81,27,191,10,52,62,253
04/26/2005,JAN,MS,ASO,CE,Combined TRACON& Tower with Radar,39,48,40,27,154,0,0,5,3,8,39,48,45,30,162,6,70,76,238
04/27/2005,JAN,MS,ASO,CE,Combined TRACON& Tower with Radar,39,48,55,20,162,0,0,20,0,20,39,48,75,20,182,0,56,56,238
04/28/2005,JAN,MS,ASO,CE,Combined TRACON& Tower with Radar,40,50,35,20,145,0,0,7,2,9,40,50,42,22,154,8,68,76,230
04/29/2005,JAN,MS,ASO,CE,Combined TRACON& Tower with Radar,54,38,37,23,152,0,0,6,0,6,54,38,43,23,158,0,24,24,182
04/30/2005,JAN,MS,ASO,CE,Combined TRACON& Tower with Radar,32,38,26,24,120,0,0,2,2,4,32,38,28,26,124,12,42,54,178
05/01/2005,JAN,MS,ASO,CE,Combined TRACON& Tower with Radar,32,42,25,3,102,0,0,28,1,29,32,42,53,4,131,4,0,4,135
05/02/2005,JAN,MS,ASO,CE,Combined TRACON& Tower with Radar,35,57,44,14,150,0,0,6,0,6,35,57,50,14,156,2,36,38,194
05/03/2005,JAN,MS,ASO,CE,Combined TRACON& Tower with Radar,31,65,38,12,146,0,0,21,2,23,31,65,59,14,169,6,36,42,211
05/04/2005,JAN,MS,ASO,CE,Combined TRACON& Tower with Radar,35,51,54,28,168,0,0,10,0,10,35,51,64,28,178,10,118,128,306
05/05/2005,JAN,MS,ASO,CE,Combined TRACON& Tower with Radar,38,54,46,20,158,0,0,10,0,10,38,54,56,20,168,7,40,47,215
05/06/2005,JAN,MS,ASO,CE,Combined TRACON& Tower with Radar,41,50,47,18,156,0,2,20,0,22,41,52,67,18,178,4,26,30,208
05/07/2005,JAN,MS,ASO,CE,Combined TRACON& Tower with Radar,24,43,19,0,86,0,0,9,0,9,24,43,28,0,95,30,0,30,125
05/08/2005,JAN,MS,ASO,CE,Combined TRACON& Tower with Radar,33,43,27,2,105,0,0,5,0,5,33,43,32,2,110,8,0,8,118
05/09/2005,JAN,MS,ASO,CE,Combined TRACON& Tower with Radar,40,45,44,2,131,0,0,10,0,10,40,45,54,2,141,22,4,26,167
05/10/2005,JAN,MS,ASO,CE,Combined TRACON& Tower with Radar,39,45,38,22,144,0,0,13,6,19,39,45,51,28,163,2,70,72,235
05/11/2005,JAN,MS,ASO,CE,Combined TRACON& Tower with Radar,57,30,45,49,181,0,1,12,0,13,57,31,57,49,194,0,62,62,256
05/12/2005,JAN,MS,ASO,CE,Combined TRACON& Tower with Radar,37,57,33,26,153,0,0,5,0,5,37,57,38,26,158,0,88,88,246
05/13/2005,JAN,MS,ASO,CE,Combined TRACON& Tower with Radar,45,42,37,11,135,0,0,13,4,17,45,42,50,15,152,10,4,14,166
05/14/2005,JAN,MS,ASO,CE,Combined TRACON& Tower with Radar,31,42,17,0,90,0,0,4,0,4,31,42,21,0,94,0,0,0,94
05/15/2005,JAN,MS,ASO,CE,Combined TRACON& Tower with Radar,30,49,24,1,104,0,0,12,4,16,30,49,36,5,120,0,0,0,120
05/16/2005,JAN,MS,ASO,CE,Combined TRACON& Tower with Radar,35,48,28,15,126,0,0,12,0,12,35,48,40,15,138,0,38,38,176
05/17/2005,JAN,MS,ASO,CE,Combined TRACON& Tower with Radar,43,44,56,34,177,0,3,15,2,20,43,47,71,36,197,0,88,88,285
05/18/2005,JAN,MS,ASO,CE,Combined TRACON& Tower with Radar,46,52,64,14,176,0,0,9,0,9,46,52,73,14,185,2,52,54,239
05/19/2005,JAN,MS,ASO,CE,Combined TRACON& Tower with Radar,35,52,57,26,170,0,0,13,0,13,35,52,70,26,183,2,62,64,247
05/20/2005,JAN,MS,ASO,CE,Combined TRACON& Tower with Radar,37,48,37,27,149,0,0,13,0,13,37,48,50,27,162,0,28,28,190
05/21/2005,JAN,MS,ASO,CE,Combined TRACON& Tower with Radar,26,40,15,1,82,0,0,13,1,14,26,40,28,2,96,16,0,16,112
05/22/2005,JAN,MS,ASO,CE,Combined TRACON& Tower with Radar,30,51,22,2,105,0,0,16,0,16,30,51,38,2,121,2,0,2,123
05/23/2005,JAN,MS,ASO,CE,Combined TRACON& Tower with Radar,52,32,37,22,143,0,1,6,3,10,52,33,43,25,153,4,11,15,168
05/24/2005,JAN,MS,ASO,CE,Combined TRACON& Tower with Radar,34,51,37,18,140,0,2,10,0,12,34,53,47,18,152,2,50,52,204
05/25/2005,JAN,MS,ASO,CE,Combined TRACON& Tower with Radar,38,48,41,16,143,0,0,15,0,15,38,48,56,16,158,4,48,52,210
05/26/2005,JAN,MS,ASO,CE,Combined TRACON& Tower with Radar,35,54,24,16,129,0,0,10,5,15,35,54,34,21,144,18,34,52,196
05/27/2005,JAN,MS,ASO,CE,Combined TRACON& Tower with Radar,34,52,34,3,123,0,0,13,2,15,34,52,47,5,138,8,18,26,164
05/28/2005,JAN,MS,ASO,CE,Combined TRACON& Tower with Radar,26,51,19,0,96,0,0,8,0,8,26,51,27,0,104,6,0,6,110
05/29/2005,JAN,MS,ASO,CE,Combined TRACON& Tower with Radar,25,33,11,0,69,0,0,1,0,1,25,33,12,0,70,0,0,0,70
05/30/2005,JAN,MS,ASO,CE,Combined TRACON& Tower with Radar,31,41,16,2,90,0,0,0,0,0,31,41,16,2,90,4,0,4,94
05/31/2005,JAN,MS,ASO,CE,Combined TRACON& Tower with Radar,39,48,30,12,129,0,0,0,0,0,39,48,30,12,129,0,4,4,133
06/01/2005,JAN,MS,ASO,CE,Combined TRACON& Tower with Radar,38,51,48,12,149,0,0,6,0,6,38,51,54,12,155,0,42,42,197
06/02/2005,JAN,MS,ASO,CE,Combined TRACON& Tower with Radar,34,50,60,18,162,0,0,8,2,10,34,50,68,20,172,0,14,14,186
06/03/2005,JAN,MS,ASO,CE,Combined TRACON& Tower with Radar,34,60,36,29,159,0,0,18,6,24,34,60,54,35,183,6,90,96,279
06/04/2005,JAN,MS,ASO,CE,Combined TRACON& Tower with Radar,37,35,14,4,90,0,1,18,0,19,37,36,32,4,109,8,4,12,121
06/05/2005,JAN,MS,ASO,CE,Combined TRACON& Tower with Radar,31,40,30,9,110,0,0,9,2,11,31,40,39,11,121,2,4,6,127
06/06/2005,JAN,MS,ASO,CE,Combined TRACON& Tower with Radar,41,43,36,8,128,0,0,3,0,3,41,43,39,8,131,0,6,6,137
06/07/2005,JAN,MS,ASO,CE,Combined TRACON& Tower with Radar,38,46,36,33,153,0,0,10,4,14,38,46,46,37,167,10,100,110,277
06/08/2005,JAN,MS,ASO,CE,Combined TRACON& Tower with Radar,45,44,34,18,141,0,0,16,1,17,45,44,50,19,158,8,60,68,226
06/09/2005,JAN,MS,ASO,CE,Combined TRACON& Tower with Radar,34,53,35,15,137,0,2,12,5,19,34,55,47,20,156,0,46,46,202
06/10/2005,JAN,MS,ASO,CE,Combined TRACON& Tower with Radar,38,49,17,12,116,0,0,14,1,15,38,49,31,13,131,0,8,8,139
06/11/2005,JAN,MS,ASO,CE,Combined TRACON& Tower with Radar,38,32,5,0,75,0,0,5,0,5,38,32,10,0,80,0,0,0,80
06/12/2005,JAN,MS,ASO,CE,Combined TRACON& Tower with Radar,34,46,10,1,91,0,0,5,0,5,34,46,15,1,96,8,0,8,104
06/13/2005,JAN,MS,ASO,CE,Combined TRACON& Tower with Radar,34,51,35,19,139,0,0,6,1,7,34,51,41,20,146,2,24,26,172
06/14/2005,JAN,MS,ASO,CE,Combined TRACON& Tower with Radar,37,29,45,23,134,0,0,18,3,21,37,29,63,26,155,8,64,72,227
06/15/2005,JAN,MS,ASO,CE,Combined TRACON& Tower with Radar,35,60,34,25,154,1,0,12,0,13,36,60,46,25,167,4,112,116,283
06/16/2005,JAN,MS,ASO,CE,Combined TRACON& Tower with Radar,39,53,37,11,140,0,0,21,1,22,39,53,58,12,162,14,44,58,220
06/17/2005,JAN,MS,ASO,CE,Combined TRACON& Tower with Radar,37,57,48,4,146,0,4,6,4,14,37,61,54,8,160,4,6,10,170
06/18/2005,JAN,MS,ASO,CE,Combined TRACON& Tower with Radar,30,43,3,1,77,0,0,15,0,15,30,43,18,1,92,0,0,0,92
06/19/2005,JAN,MS,ASO,CE,Combined TRACON& Tower with Radar,36,48,20,7,111,0,0,8,0,8,36,48,28,7,119,0,0,0,119
06/20/2005,JAN,MS,ASO,CE,Combined TRACON& Tower with Radar,36,50,30,10,126,0,0,6,2,8,36,50,36,12,134,0,6,6,140
06/21/2005,JAN,MS,ASO,CE,Combined TRACON& Tower with Radar,37,54,33,13,137,0,0,7,2,9,37,54,40,15,146,0,32,32,178
06/22/2005,JAN,MS,ASO,CE,Combined TRACON& Tower with Radar,36,57,66,22,181,0,0,15,1,16,36,57,81,23,197,12,48,60,257
06/23/2005,JAN,MS,ASO,CE,Combined TRACON& Tower with Radar,33,50,42,19,144,0,1,13,1,15,33,51,55,20,159,9,76,85,244
06/24/2005,JAN,MS,ASO,CE,Combined TRACON& Tower with Radar,38,47,32,12,129,0,0,10,2,12,38,47,42,14,141,0,62,62,203
06/25/2005,JAN,MS,ASO,CE,Combined TRACON& Tower with Radar,29,42,16,1,88,0,0,7,0,7,29,42,23,1,95,8,0,8,103
06/26/2005,JAN,MS,ASO,CE,Combined TRACON& Tower with Radar,34,40,21,1,96,0,0,6,0,6,34,40,27,1,102,0,0,0,102
06/27/2005,JAN,MS,ASO,CE,Combined TRACON& Tower with Radar,37,51,30,10,128,0,0,11,0,11,37,51,41,10,139,0,6,6,145
06/28/2005,JAN,MS,ASO,CE,Combined TRACON& Tower with Radar,42,47,49,15,153,0,0,11,0,11,42,47,60,15,164,16,18,34,198
06/29/2005,JAN,MS,ASO,CE,Combined TRACON& Tower with Radar,36,55,43,35,169,0,0,12,2,14,36,55,55,37,183,9,122,131,314
06/30/2005,JAN,MS,ASO,CE,Combined TRACON& Tower with Radar,40,50,27,27,144,0,0,2,2,4,40,50,29,29,148,0,96,96,244
07/01/2005,JAN,MS,ASO,CE,Combined TRACON& Tower with Radar,45,52,33,1,131,0,0,12,0,12,45,52,45,1,143,0,0,0,143
07/02/2005,JAN,MS,ASO,CE,Combined TRACON& Tower with Radar,27,46,13,0,86,0,0,7,0,7,27,46,20,0,93,0,0,0,93
07/03/2005,JAN,MS,ASO,CE,Combined TRACON& Tower with Radar,25,48,4,5,82,0,0,6,0,6,25,48,10,5,88,0,4,4,92
07/04/2005,JAN,MS,ASO,CE,Combined TRACON& Tower with Radar,31,42,6,0,79,0,0,5,0,5,31,42,11,0,84,2,0,2,86
07/05/2005,JAN,MS,ASO,CE,Combined TRACON& Tower with Radar,35,43,37,7,122,0,0,2,1,3,35,43,39,8,125,0,4,4,129
07/06/2005,JAN,MS,ASO,CE,Combined TRACON& Tower with Radar,32,51,19,47,149,0,0,5,2,7,32,51,24,49,156,0,184,184,340
07/07/2005,JAN,MS,ASO,CE,Combined TRACON& Tower with Radar,33,50,36,30,149,0,0,12,1,13,33,50,48,31,162,2,64,66,228
07/08/2005,JAN,MS,ASO,CE,Combined TRACON& Tower with Radar,34,52,30,11,127,0,0,4,0,4,34,52,34,11,131,6,16,22,153
07/09/2005,JAN,MS,ASO,CE,Combined TRACON& Tower with Radar,28,44,17,8,97,0,0,13,0,13,28,44,30,8,110,0,0,0,110
07/10/2005,JAN,MS,ASO,CE,Combined TRACON& Tower with Radar,30,29,9,0,68,0,0,0,0,0,30,29,9,0,68,0,0,0,68
07/11/2005,JAN,MS,ASO,CE,Combined TRACON& Tower with Radar,25,52,21,14,112,0,0,11,0,11,25,52,32,14,123,0,20,20,143
07/12/2005,JAN,MS,ASO,CE,Combined TRACON& Tower with Radar,33,53,31,3,120,0,0,1,2,3,33,53,32,5,123,0,0,0,123
07/13/2005,JAN,MS,ASO,CE,Combined TRACON& Tower with Radar,32,50,33,13,128,0,1,7,1,9,32,51,40,14,137,0,6,6,143
07/14/2005,JAN,MS,ASO,CE,Combined TRACON& Tower with Radar,36,52,56,14,158,0,0,9,3,12,36,52,65,17,170,0,90,90,260
07/15/2005,JAN,MS,ASO,CE,Combined TRACON& Tower with Radar,41,48,36,4,129,0,0,2,0,2,41,48,38,4,131,0,40,40,171
07/16/2005,JAN,MS,ASO,CE,Combined TRACON& Tower with Radar,24,40,13,0,77,0,0,1,0,1,24,40,14,0,78,6,0,6,84
07/17/2005,JAN,MS,ASO,CE,Combined TRACON& Tower with Radar,29,43,15,4,91,0,0,9,0,9,29,43,24,4,100,2,0,2,102
07/18/2005,JAN,MS,ASO,CE,Combined TRACON& Tower with Radar,32,52,44,2,130,0,1,8,0,9,32,53,52,2,139,4,10,14,153
07/19/2005,JAN,MS,ASO,CE,Combined TRACON& Tower with Radar,42,50,38,19,149,0,0,14,1,15,42,50,52,20,164,0,74,74,238
07/20/2005,JAN,MS,ASO,CE,Combined TRACON& Tower with Radar,35,53,44,30,162,0,0,12,2,14,35,53,56,32,176,1,54,55,231
07/21/2005,JAN,MS,ASO,CE,Combined TRACON& Tower with Radar,37,47,46,8,138,0,0,7,2,9,37,47,53,10,147,0,38,38,185
07/22/2005,JAN,MS,ASO,CE,Combined TRACON& Tower with Radar,43,46,39,17,145,0,0,9,2,11,43,46,48,19,156,0,60,60,216
07/23/2005,JAN,MS,ASO,CE,Combined TRACON& Tower with Radar,26,39,16,3,84,0,2,11,0,13,26,41,27,3,97,0,4,4,101
07/24/2005,JAN,MS,ASO,CE,Combined TRACON& Tower with Radar,27,53,12,0,92,0,0,10,0,10,27,53,22,0,102,10,0,10,112
07/25/2005,JAN,MS,ASO,CE,Combined TRACON& Tower with Radar,34,49,32,24,139,0,0,13,0,13,34,49,45,24,152,12,122,134,286
07/26/2005,JAN,MS,ASO,CE,Combined TRACON& Tower with Radar,35,51,52,13,151,0,0,14,0,14,35,51,66,13,165,4,62,66,231
07/27/2005,JAN,MS,ASO,CE,Combined TRACON& Tower with Radar,31,53,39,14,137,0,0,10,0,10,31,53,49,14,147,2,30,32,179
07/28/2005,JAN,MS,ASO,CE,Combined TRACON& Tower with Radar,45,48,36,16,145,0,0,11,0,11,45,48,47,16,156,6,18,24,180
07/29/2005,JAN,MS,ASO,CE,Combined TRACON& Tower with Radar,42,44,40,16,142,0,0,7,0,7,42,44,47,16,149,4,22,26,175
07/30/2005,JAN,MS,ASO,CE,Combined TRACON& Tower with Radar,26,47,21,6,100,3,0,6,0,9,29,47,27,6,109,0,4,4,113
07/31/2005,JAN,MS,ASO,CE,Combined TRACON& Tower with Radar,31,49,20,0,100,0,0,2,0,2,31,49,22,0,102,0,0,0,102
08/01/2005,JAN,MS,ASO,CE,Combined TRACON& Tower with Radar,29,55,30,6,120,0,0,7,0,7,29,55,37,6,127,4,2,6,133
08/02/2005,JAN,MS,ASO,CE,Combined TRACON& Tower with Radar,35,56,30,5,126,0,0,4,0,4,35,56,34,5,130,0,10,10,140
08/03/2005,JAN,MS,ASO,CE,Combined TRACON& Tower with Radar,34,58,45,14,151,0,0,11,2,13,34,58,56,16,164,2,84,86,250
08/04/2005,JAN,MS,ASO,CE,Combined TRACON& Tower with Radar,54,37,44,5,140,0,0,18,0,18,54,37,62,5,158,26,0,26,184
08/05/2005,JAN,MS,ASO,CE,Combined TRACON& Tower with Radar,32,50,45,10,137,0,0,3,1,4,32,50,48,11,141,0,24,24,165
08/06/2005,JAN,MS,ASO,CE,Combined TRACON& Tower with Radar,28,42,14,3,87,0,0,8,0,8,28,42,22,3,95,2,0,2,97
08/07/2005,JAN,MS,ASO,CE,Combined TRACON& Tower with Radar,26,44,13,4,87,0,0,4,4,8,26,44,17,8,95,6,0,6,101
08/08/2005,JAN,MS,ASO,CE,Combined TRACON& Tower with Radar,38,49,30,24,141,0,0,13,0,13,38,49,43,24,154,0,160,160,314
08/09/2005,JAN,MS,ASO,CE,Combined TRACON& Tower with Radar,37,51,25,7,120,0,0,11,0,11,37,51,36,7,131,3,31,34,165
08/10/2005,JAN,MS,ASO,CE,Combined TRACON& Tower with Radar,47,43,32,20,142,0,0,17,2,19,47,43,49,22,161,8,30,38,199
08/11/2005,JAN,MS,ASO,CE,Combined TRACON& Tower with Radar,36,51,38,14,139,0,0,12,0,12,36,51,50,14,151,8,88,96,247
08/12/2005,JAN,MS,ASO,CE,Combined TRACON& Tower with Radar,38,48,35,5,126,0,0,10,0,10,38,48,45,5,136,2,0,2,138
08/13/2005,JAN,MS,ASO,CE,Combined TRACON& Tower with Radar,30,40,9,3,82,0,0,3,0,3,30,40,12,3,85,0,6,6,91
08/14/2005,JAN,MS,ASO,CE,Combined TRACON& Tower with Radar,39,36,12,0,87,0,0,10,0,10,39,36,22,0,97,0,0,0,97
08/15/2005,JAN,MS,ASO,CE,Combined TRACON& Tower with Radar,31,47,39,18,135,0,0,4,1,5,31,47,43,19,140,4,88,92,232
08/16/2005,JAN,MS,ASO,CE,Combined TRACON& Tower with Radar,35,53,26,21,135,0,0,6,0,6,35,53,32,21,141,4,68,72,213
08/17/2005,JAN,MS,ASO,CE,Combined TRACON& Tower with Radar,42,46,48,9,145,0,0,9,0,9,42,46,57,9,154,0,26,26,180
08/18/2005,JAN,MS,ASO,CE,Combined TRACON& Tower with Radar,37,51,43,22,153,0,1,17,2,20,37,52,60,24,173,6,82,88,261
08/19/2005,JAN,MS,ASO,CE,Combined TRACON& Tower with Radar,35,51,63,25,174,0,0,16,0,16,35,51,79,25,190,14,58,72,262
08/20/2005,JAN,MS,ASO,CE,Combined TRACON& Tower with Radar,25,47,16,1,89,0,0,11,0,11,25,47,27,1,100,2,0,2,102
08/21/2005,JAN,MS,ASO,CE,Combined TRACON& Tower with Radar,27,48,10,13,98,0,0,2,0,2,27,48,12,13,100,8,12,20,120
08/22/2005,JAN,MS,ASO,CE,Combined TRACON& Tower with Radar,40,54,46,11,151,0,0,7,1,8,40,54,53,12,159,6,90,96,255
08/23/2005,JAN,MS,ASO,CE,Combined TRACON& Tower with Radar,38,47,28,37,150,0,0,10,0,10,38,47,38,37,160,2,204,206,366
08/24/2005,JAN,MS,ASO,CE,Combined TRACON& Tower with Radar,31,51,45,26,153,0,459,16,0,475,31,510,61,26,628,0,1420,1420,2048
08/25/2005,JAN,MS,ASO,CE,Combined TRACON& Tower with Radar,31,54,37,13,135,0,0,16,2,18,31,54,53,15,153,0,62,62,215
08/26/2005,JAN,MS,ASO,CE,Combined TRACON& Tower with Radar,33,54,28,33,148,0,0,8,0,8,33,54,36,33,156,0,58,58,214
08/27/2005,JAN,MS,ASO,CE,Combined TRACON& Tower with Radar,26,46,21,0,93,0,0,10,0,10,26,46,31,0,103,6,0,6,109
08/28/2005,JAN,MS,ASO,CE,Combined TRACON& Tower with Radar,31,60,29,1,121,0,2,2,0,4,31,62,31,1,125,0,0,0,125
08/29/2005,JAN,MS,ASO,CE,Combined TRACON& Tower with Radar,3,3,3,0,9,0,0,0,0,0,3,3,3,0,9,0,0,0,9
08/30/2005,JAN,MS,ASO,CE,Combined TRACON& Tower with Radar,4,14,17,4,39,0,3,13,1,17,4,17,30,5,56,0,0,0,56
08/31/2005,JAN,MS,ASO,CE,Combined TRACON& Tower with Radar,43,35,56,24,158,0,2,35,5,42,43,37,91,29,200,0,8,8,208
09/01/2005,JAN,MS,ASO,CE,Combined TRACON& Tower with Radar,31,57,64,29,181,0,3,42,15,60,31,60,106,44,241,0,0,0,241
09/02/2005,JAN,MS,ASO,CE,Combined TRACON& Tower with Radar,30,59,39,23,151,0,2,61,16,79,30,61,100,39,230,0,0,0,230
09/03/2005,JAN,MS,ASO,CE,Combined TRACON& Tower with Radar,27,47,39,13,126,0,1,18,37,56,27,48,57,50,182,0,6,6,188
09/04/2005,JAN,MS,ASO,CE,Combined TRACON& Tower with Radar,20,37,26,19,102,0,0,10,18,28,20,37,36,37,130,0,48,48,178
09/05/2005,JAN,MS,ASO,CE,Combined TRACON& Tower with Radar,26,58,42,25,151,0,0,28,18,46,26,58,70,43,197,2,4,6,203
09/06/2005,JAN,MS,ASO,CE,Combined TRACON& Tower with Radar,36,51,40,27,154,0,1,30,37,68,36,52,70,64,222,4,4,8,230
09/07/2005,JAN,MS,ASO,CE,Combined TRACON& Tower with Radar,32,58,83,32,205,0,0,26,29,55,32,58,109,61,260,12,14,26,286
09/08/2005,JAN,MS,ASO,CE,Combined TRACON& Tower with Radar,34,62,49,22,167,0,6,28,25,59,34,68,77,47,226,2,32,34,260
09/09/2005,JAN,MS,ASO,CE,Combined TRACON& Tower with Radar,35,58,68,28,189,0,1,26,17,44,35,59,94,45,233,8,16,24,257
09/10/2005,JAN,MS,ASO,CE,Combined TRACON& Tower with Radar,26,46,22,6,100,0,0,18,16,34,26,46,40,22,134,0,0,0,134
09/11/2005,JAN,MS,ASO,CE,Combined TRACON& Tower with Radar,35,47,30,11,123,0,4,22,9,35,35,51,52,20,158,2,0,2,160
09/12/2005,JAN,MS,ASO,CE,Combined TRACON& Tower with Radar,34,49,32,25,140,0,3,6,6,15,34,52,38,31,155,9,79,88,243
09/13/2005,JAN,MS,ASO,CE,Combined TRACON& Tower with Radar,37,55,50,23,165,0,0,27,11,38,37,55,77,34,203,8,32,40,243
09/14/2005,JAN,MS,ASO,CE,Combined TRACON& Tower with Radar,33,49,70,32,184,0,2,28,6,36,33,51,98,38,220,26,28,54,274
09/15/2005,JAN,MS,ASO,CE,Combined TRACON& Tower with Radar,34,61,64,22,181,0,0,14,10,24,34,61,78,32,205,0,40,40,245
09/16/2005,JAN,MS,ASO,CE,Combined TRACON& Tower with Radar,50,44,74,17,185,0,1,15,5,21,50,45,89,22,206,0,8,8,214
09/17/2005,JAN,MS,ASO,CE,Combined TRACON& Tower with Radar,21,40,33,6,100,0,0,9,4,13,21,40,42,10,113,6,0,6,119
09/18/2005,JAN,MS,ASO,CE,Combined TRACON& Tower with Radar,35,46,23,8,112,0,0,14,5,19,35,46,37,13,131,2,4,6,137
09/19/2005,JAN,MS,ASO,CE,Combined TRACON& Tower with Radar,36,56,48,15,155,0,3,15,3,21,36,59,63,18,176,10,44,54,230
09/20/2005,JAN,MS,ASO,CE,Combined TRACON& Tower with Radar,33,58,50,26,167,0,4,14,4,22,33,62,64,30,189,22,20,42,231
09/21/2005,JAN,MS,ASO,CE,Combined TRACON& Tower with Radar,38,50,37,18,143,0,0,14,6,20,38,50,51,24,163,14,68,82,245
09/22/2005,JAN,MS,ASO,CE,Combined TRACON& Tower with Radar,36,50,73,20,179,0,2,17,4,23,36,52,90,24,202,2,48,50,252
09/23/2005,JAN,MS,ASO,CE,Combined TRACON& Tower with Radar,37,54,32,7,130,0,0,9,0,9,37,54,41,7,139,0,0,0,139
09/24/2005,JAN,MS,ASO,CE,Combined TRACON& Tower with Radar,18,35,1,1,55,0,0,0,0,0,18,35,1,1,55,0,0,0,55
09/25/2005,JAN,MS,ASO,CE,Combined TRACON& Tower with Radar,41,37,18,3,99,0,0,0,0,0,41,37,18,3,99,0,0,0,99
09/26/2005,JAN,MS,ASO,CE,Combined TRACON& Tower with Radar,33,53,39,22,147,0,0,7,0,7,33,53,46,22,154,0,74,74,228
09/27/2005,JAN,MS,ASO,CE,Combined TRACON& Tower with Radar,35,50,54,18,157,0,0,12,0,12,35,50,66,18,169,2,18,20,189
09/28/2005,JAN,MS,ASO,CE,Combined TRACON& Tower with Radar,38,51,40,22,151,0,0,16,0,16,38,51,56,22,167,0,92,92,259
09/29/2005,JAN,MS,ASO,CE,Combined TRACON& Tower with Radar,30,61,42,11,144,0,1,4,0,5,30,62,46,11,149,0,16,16,165
09/30/2005,JAN,MS,ASO,CE,Combined TRACON& Tower with Radar,31,60,55,7,153,0,0,16,3,19,31,60,71,10,172,240,12,252,424
10/01/2005,JAN,MS,ASO,CE,Combined TRACON& Tower with Radar,37,25,20,1,83,0,0,11,0,11,37,25,31,1,94,6,0,6,100
10/02/2005,JAN,MS,ASO,CE,Combined TRACON& Tower with Radar,26,55,19,1,101,0,0,8,0,8,26,55,27,1,109,0,0,0,109
10/03/2005,JAN,MS,ASO,CE,Combined TRACON& Tower with Radar,36,50,36,34,156,0,0,6,5,11,36,50,42,39,167,0,82,82,249
10/04/2005,JAN,MS,ASO,CE,Combined TRACON& Tower with Radar,32,61,44,24,161,0,0,7,0,7,32,61,51,24,168,2,96,98,266
10/05/2005,JAN,MS,ASO,CE,Combined TRACON& Tower with Radar,35,55,32,36,158,0,0,12,2,14,35,55,44,38,172,2,76,78,250
10/06/2005,JAN,MS,ASO,CE,Combined TRACON& Tower with Radar,32,54,33,46,165,0,0,7,5,12,32,54,40,51,177,0,146,146,323
10/07/2005,JAN,MS,ASO,CE,Combined TRACON& Tower with Radar,38,49,38,6,131,0,1,4,2,7,38,50,42,8,138,2,2,4,142
10/08/2005,JAN,MS,ASO,CE,Combined TRACON& Tower with Radar,22,48,24,2,96,0,0,9,0,9,22,48,33,2,105,6,0,6,111
10/09/2005,JAN,MS,ASO,CE,Combined TRACON& Tower with Radar,26,54,24,1,105,0,0,10,1,11,26,54,34,2,116,2,0,2,118
10/10/2005,JAN,MS,ASO,CE,Combined TRACON& Tower with Radar,31,55,32,9,127,0,0,12,2,14,31,55,44,11,141,2,0,2,143
10/11/2005,JAN,MS,ASO,CE,Combined TRACON& Tower with Radar,26,57,41,19,143,0,1,21,0,22,26,58,62,19,165,4,68,72,237
10/12/2005,JAN,MS,ASO,CE,Combined TRACON& Tower with Radar,30,57,36,27,150,0,0,9,1,10,30,57,45,28,160,0,78,78,238
10/13/2005,JAN,MS,ASO,CE,Combined TRACON& Tower with Radar,34,63,41,1,139,0,3,12,1,16,34,66,53,2,155,4,0,4,159
10/14/2005,JAN,MS,ASO,CE,Combined TRACON& Tower with Radar,40,57,36,15,148,0,0,20,2,22,40,57,56,17,170,16,72,88,258
10/15/2005,JAN,MS,ASO,CE,Combined TRACON& Tower with Radar,24,43,20,1,88,0,0,21,0,21,24,43,41,1,109,2,0,2,111
10/16/2005,JAN,MS,ASO,CE,Combined TRACON& Tower with Radar,28,54,24,1,107,0,0,12,0,12,28,54,36,1,119,4,0,4,123
10/17/2005,JAN,MS,ASO,CE,Combined TRACON& Tower with Radar,29,57,55,12,153,0,0,15,3,18,29,57,70,15,171,12,54,66,237
10/18/2005,JAN,MS,ASO,CE,Combined TRACON& Tower with Radar,29,58,38,22,147,0,0,15,1,16,29,58,53,23,163,10,104,114,277
10/19/2005,JAN,MS,ASO,CE,Combined TRACON& Tower with Radar,32,54,46,20,152,0,0,25,0,25,32,54,71,20,177,6,62,68,245
10/20/2005,JAN,MS,ASO,CE,Combined TRACON& Tower with Radar,34,58,58,15,165,0,0,18,2,20,34,58,76,17,185,0,30,30,215
10/21/2005,JAN,MS,ASO,CE,Combined TRACON& Tower with Radar,44,55,34,23,156,0,0,21,4,25,44,55,55,27,181,8,56,64,245
10/22/2005,JAN,MS,ASO,CE,Combined TRACON& Tower with Radar,22,42,22,1,87,0,0,12,0,12,22,42,34,1,99,6,0,6,105
10/23/2005,JAN,MS,ASO,CE,Combined TRACON& Tower with Radar,26,52,20,8,106,0,0,17,1,18,26,52,37,9,124,8,6,14,138
10/24/2005,JAN,MS,ASO,CE,Combined TRACON& Tower with Radar,28,54,25,8,115,0,0,13,1,14,28,54,38,9,129,10,36,46,175
10/25/2005,JAN,MS,ASO,CE,Combined TRACON& Tower with Radar,28,65,42,41,176,0,0,11,3,14,28,65,53,44,190,4,160,164,354
10/26/2005,JAN,MS,ASO,CE,Combined TRACON& Tower with Radar,33,66,63,13,175,0,0,12,0,12,33,66,75,13,187,0,54,54,241
10/27/2005,JAN,MS,ASO,CE,Combined TRACON& Tower with Radar,40,53,34,14,141,0,0,24,0,24,40,53,58,14,165,2,56,58,223
10/28/2005,JAN,MS,ASO,CE,Combined TRACON& Tower with Radar,43,55,38,25,161,0,1,13,2,16,43,56,51,27,177,4,98,102,279
10/29/2005,JAN,MS,ASO,CE,Combined TRACON& Tower with Radar,20,44,23,2,89,0,2,12,0,14,20,46,35,2,103,0,0,0,103
10/30/2005,JAN,MS,ASO,CE,Combined TRACON& Tower with Radar,25,44,23,1,93,0,0,7,1,8,25,44,30,2,101,0,0,0,101
10/31/2005,JAN,MS,ASO,CE,Combined TRACON& Tower with Radar,41,41,27,33,142,0,1,9,4,14,41,42,36,37,156,4,68,72,228
11/01/2005,JAN,MS,ASO,CE,Combined TRACON& Tower with Radar,35,64,41,33,173,0,0,2,0,2,35,64,43,33,175,0,74,74,249
11/02/2005,JAN,MS,ASO,CE,Combined TRACON& Tower with Radar,38,66,42,26,172,0,1,11,0,12,38,67,53,26,184,6,86,92,276
11/03/2005,JAN,MS,ASO,CE,Combined TRACON& Tower with Radar,36,54,44,15,149,0,3,15,2,20,36,57,59,17,169,0,40,40,209
11/04/2005,JAN,MS,ASO,CE,Combined TRACON& Tower with Radar,49,52,45,7,153,0,0,16,1,17,49,52,61,8,170,2,8,10,180
11/05/2005,JAN,MS,ASO,CE,Combined TRACON& Tower with Radar,30,45,12,2,89,0,0,9,0,9,30,45,21,2,98,0,0,0,98
11/06/2005,JAN,MS,ASO,CE,Combined TRACON& Tower with Radar,32,61,29,18,140,0,0,5,1,6,32,61,34,19,146,0,20,20,166
11/07/2005,JAN,MS,ASO,CE,Combined TRACON& Tower with Radar,40,52,29,13,134,0,0,6,1,7,40,52,35,14,141,0,72,72,213
11/08/2005,JAN,MS,ASO,CE,Combined TRACON& Tower with Radar,40,55,42,29,166,0,1,16,0,17,40,56,58,29,183,14,66,80,263
11/09/2005,JAN,MS,ASO,CE,Combined TRACON& Tower with Radar,39,53,56,46,194,0,0,11,0,11,39,53,67,46,205,8,156,164,369
11/10/2005,JAN,MS,ASO,CE,Combined TRACON& Tower with Radar,36,57,51,15,159,0,0,19,4,23,36,57,70,19,182,0,36,36,218
11/11/2005,JAN,MS,ASO,CE,Combined TRACON& Tower with Radar,36,54,29,4,123,0,1,16,5,22,36,55,45,9,145,8,0,8,153
11/12/2005,JAN,MS,ASO,CE,Combined TRACON& Tower with Radar,30,46,22,3,101,0,0,13,1,14,30,46,35,4,115,18,0,18,133
11/13/2005,JAN,MS,ASO,CE,Combined TRACON& Tower with Radar,34,46,25,2,107,0,0,1,0,1,34,46,26,2,108,12,0,12,120
11/14/2005,JAN,MS,ASO,CE,Combined TRACON& Tower with Radar,34,54,36,10,134,0,0,0,0,0,34,54,36,10,134,0,4,4,138
11/15/2005,JAN,MS,ASO,CE,Combined TRACON& Tower with Radar,43,51,28,18,140,0,1,0,0,1,43,52,28,18,141,0,40,40,181
11/16/2005,JAN,MS,ASO,CE,Combined TRACON& Tower with Radar,47,43,61,53,204,0,0,5,0,5,47,43,66,53,209,4,104,108,317
11/17/2005,JAN,MS,ASO,CE,Combined TRACON& Tower with Radar,34,63,38,20,155,0,0,13,2,15,34,63,51,22,170,6,80,86,256
11/18/2005,JAN,MS,ASO,CE,Combined TRACON& Tower with Radar,35,55,46,15,151,0,2,17,0,19,35,57,63,15,170,8,106,114,284
11/19/2005,JAN,MS,ASO,CE,Combined TRACON& Tower with Radar,26,46,19,6,97,0,0,2,0,2,26,46,21,6,99,4,0,4,103
11/20/2005,JAN,MS,ASO,CE,Combined TRACON& Tower with Radar,30,55,20,1,106,0,0,8,0,8,30,55,28,1,114,2,0,2,116
11/21/2005,JAN,MS,ASO,CE,Combined TRACON& Tower with Radar,33,48,42,21,144,0,0,5,0,5,33,48,47,21,149,0,84,84,233
11/22/2005,JAN,MS,ASO,CE,Combined TRACON& Tower with Radar,46,50,51,46,193,0,0,20,0,20,46,50,71,46,213,8,120,128,341
11/23/2005,JAN,MS,ASO,CE,Combined TRACON& Tower with Radar,35,55,41,4,135,0,0,21,2,23,35,55,62,6,158,4,4,8,166
11/24/2005,JAN,MS,ASO,CE,Combined TRACON& Tower with Radar,24,32,5,0,61,0,0,12,0,12,24,32,17,0,73,0,0,0,73
11/25/2005,JAN,MS,ASO,CE,Combined TRACON& Tower with Radar,32,48,15,2,97,0,0,9,0,9,32,48,24,2,106,12,0,12,118
11/26/2005,JAN,MS,ASO,CE,Combined TRACON& Tower with Radar,26,52,9,1,88,0,0,0,0,0,26,52,9,1,88,0,0,0,88
11/27/2005,JAN,MS,ASO,CE,Combined TRACON& Tower with Radar,28,52,41,1,122,0,0,0,0,0,28,52,41,1,122,4,2,6,128
11/28/2005,JAN,MS,ASO,CE,Combined TRACON& Tower with Radar,33,52,33,13,131,0,0,6,0,6,33,52,39,13,137,26,22,48,185
11/29/2005,JAN,MS,ASO,CE,Combined TRACON& Tower with Radar,40,54,31,21,146,0,0,13,2,15,40,54,44,23,161,14,90,104,265
11/30/2005,JAN,MS,ASO,CE,Combined TRACON& Tower with Radar,38,59,57,23,177,0,3,21,2,26,38,62,78,25,203,6,56,62,265
12/01/2005,JAN,MS,ASO,CE,Combined TRACON& Tower with Radar,38,56,61,22,177,0,0,12,0,12,38,56,73,22,189,2,138,140,329
12/02/2005,JAN,MS,ASO,CE,Combined TRACON& Tower with Radar,39,53,41,26,159,0,0,19,0,19,39,53,60,26,178,6,54,60,238
12/03/2005,JAN,MS,ASO,CE,Combined TRACON& Tower with Radar,31,38,22,7,98,0,0,2,0,2,31,38,24,7,100,0,8,8,108
12/04/2005,JAN,MS,ASO,CE,Combined TRACON& Tower with Radar,28,48,22,1,99,0,0,2,0,2,28,48,24,1,101,0,0,0,101
12/05/2005,JAN,MS,ASO,CE,Combined TRACON& Tower with Radar,37,53,48,27,165,0,2,4,0,6,37,55,52,27,171,14,28,42,213
12/06/2005,JAN,MS,ASO,CE,Combined TRACON& Tower with Radar,39,50,56,9,154,0,0,18,0,18,39,50,74,9,172,0,30,30,202
12/07/2005,JAN,MS,ASO,CE,Combined TRACON& Tower with Radar,37,55,57,18,167,0,1,12,1,14,37,56,69,19,181,16,82,98,279
12/08/2005,JAN,MS,ASO,CE,Combined TRACON& Tower with Radar,37,55,47,22,161,0,0,0,0,0,37,55,47,22,161,0,30,30,191
12/09/2005,JAN,MS,ASO,CE,Combined TRACON& Tower with Radar,37,51,32,20,140,0,0,4,0,4,37,51,36,20,144,0,76,76,220
12/10/2005,JAN,MS,ASO,CE,Combined TRACON& Tower with Radar,24,44,12,3,83,0,0,13,0,13,24,44,25,3,96,8,0,8,104
12/11/2005,JAN,MS,ASO,CE,Combined TRACON& Tower with Radar,42,43,9,0,94,0,0,6,0,6,42,43,15,0,100,8,0,8,108
12/12/2005,JAN,MS,ASO,CE,Combined TRACON& Tower with Radar,41,45,41,28,155,0,0,12,0,12,41,45,53,28,167,0,38,38,205
12/13/2005,JAN,MS,ASO,CE,Combined TRACON& Tower with Radar,35,52,40,26,153,0,0,9,3,12,35,52,49,29,165,0,100,100,265
12/14/2005,JAN,MS,ASO,CE,Combined TRACON& Tower with Radar,34,61,28,3,126,0,0,3,0,3,34,61,31,3,129,0,0,0,129
12/15/2005,JAN,MS,ASO,CE,Combined TRACON& Tower with Radar,40,55,61,17,173,0,9,10,2,21,40,64,71,19,194,28,46,74,268
12/16/2005,JAN,MS,ASO,CE,Combined TRACON& Tower with Radar,41,45,34,17,137,0,0,21,2,23,41,45,55,19,160,10,78,88,248
12/17/2005,JAN,MS,ASO,CE,Combined TRACON& Tower with Radar,31,39,24,2,96,0,0,4,0,4,31,39,28,2,100,6,0,6,106
12/18/2005,JAN,MS,ASO,CE,Combined TRACON& Tower with Radar,34,48,15,3,100,0,0,13,1,14,34,48,28,4,114,0,0,0,114
12/19/2005,JAN,MS,ASO,CE,Combined TRACON& Tower with Radar,46,45,26,9,126,0,1,10,1,12,46,46,36,10,138,0,4,4,142
12/20/2005,JAN,MS,ASO,CE,Combined TRACON& Tower with Radar,39,61,36,20,156,0,1,6,4,11,39,62,42,24,167,0,60,60,227
12/21/2005,JAN,MS,ASO,CE,Combined TRACON& Tower with Radar,41,57,44,14,156,0,0,4,0,4,41,57,48,14,160,4,62,66,226
12/22/2005,JAN,MS,ASO,CE,Combined TRACON& Tower with Radar,45,61,34,5,145,0,3,17,0,20,45,64,51,5,165,0,26,26,191
12/23/2005,JAN,MS,ASO,CE,Combined TRACON& Tower with Radar,43,54,26,5,128,0,0,13,0,13,43,54,39,5,141,0,4,4,145
12/24/2005,JAN,MS,ASO,CE,Combined TRACON& Tower with Radar,33,40,15,1,89,0,0,1,0,1,33,40,16,1,90,2,0,2,92
12/25/2005,JAN,MS,ASO,CE,Combined TRACON& Tower with Radar,28,40,6,1,75,0,0,2,0,2,28,40,8,1,77,0,0,0,77
12/26/2005,JAN,MS,ASO,CE,Combined TRACON& Tower with Radar,26,53,26,1,106,0,0,20,0,20,26,53,46,1,126,2,0,2,128
12/27/2005,JAN,MS,ASO,CE,Combined TRACON& Tower with Radar,31,19,10,0,60,0,42,20,10,72,31,61,30,10,132,6,6,12,144
12/28/2005,JAN,MS,ASO,CE,Combined TRACON& Tower with Radar,30,59,14,7,110,0,0,6,1,7,30,59,20,8,117,0,22,22,139
12/29/2005,JAN,MS,ASO,CE,Combined TRACON& Tower with Radar,40,48,14,0,102,0,0,10,0,10,40,48,24,0,112,10,0,10,122
12/30/2005,JAN,MS,ASO,CE,Combined TRACON& Tower with Radar,36,56,13,2,107,0,0,7,0,7,36,56,20,2,114,0,0,0,114
12/31/2005,JAN,MS,ASO,CE,Combined TRACON& Tower with Radar,35,39,5,1,80,0,30,9,0,39,35,69,14,1,119,8,0,8,127
01/01/2006,JAN,MS,ASO,CE,Combined TRACON& Tower with Radar,27,50,12,1,90,0,0,0,0,0,27,50,12,1,90,4,0,4,94
01/02/2006,JAN,MS,ASO,CE,Combined TRACON& Tower with Radar,28,53,26,1,108,0,0,10,0,10,28,53,36,1,118,0,0,0,118
01/03/2006,JAN,MS,ASO,CE,Combined TRACON& Tower with Radar,30,56,29,18,133,0,1,11,0,12,30,57,40,18,145,18,92,110,255
01/04/2006,JAN,MS,ASO,CE,Combined TRACON& Tower with Radar,37,51,38,15,141,0,0,15,0,15,37,51,53,15,156,4,44,48,204
01/05/2006,JAN,MS,ASO,CE,Combined TRACON& Tower with Radar,35,50,34,25,144,0,0,12,0,12,35,50,46,25,156,0,144,144,300
01/06/2006,JAN,MS,ASO,CE,Combined TRACON& Tower with Radar,45,42,32,26,145,0,0,2,0,2,45,42,34,26,147,0,82,82,229
01/07/2006,JAN,MS,ASO,CE,Combined TRACON& Tower with Radar,33,36,8,1,78,0,0,11,0,11,33,36,19,1,89,0,0,0,89
01/08/2006,JAN,MS,ASO,CE,Combined TRACON& Tower with Radar,30,47,8,3,88,0,0,9,3,12,30,47,17,6,100,12,2,14,114
01/09/2006,JAN,MS,ASO,CE,Combined TRACON& Tower with Radar,39,51,31,39,160,0,0,4,1,5,39,51,35,40,165,2,114,116,281
01/10/2006,JAN,MS,ASO,CE,Combined TRACON& Tower with Radar,39,48,26,27,140,0,0,2,0,2,39,48,28,27,142,2,22,24,166
01/11/2006,JAN,MS,ASO,CE,Combined TRACON& Tower with Radar,35,51,51,31,168,0,0,16,2,18,35,51,67,33,186,2,88,90,276
01/12/2006,JAN,MS,ASO,CE,Combined TRACON& Tower with Radar,39,53,54,28,174,0,0,11,11,22,39,53,65,39,196,18,110,128,324
01/13/2006,JAN,MS,ASO,CE,Combined TRACON& Tower with Radar,41,50,26,27,144,0,0,5,1,6,41,50,31,28,150,0,74,74,224
01/14/2006,JAN,MS,ASO,CE,Combined TRACON& Tower with Radar,32,41,23,5,101,0,0,19,4,23,32,41,42,9,124,6,40,46,170
01/15/2006,JAN,MS,ASO,CE,Combined TRACON& Tower with Radar,35,48,13,5,101,0,0,8,0,8,35,48,21,5,109,0,0,0,109
01/16/2006,JAN,MS,ASO,CE,Combined TRACON& Tower with Radar,35,47,23,1,106,0,0,3,0,3,35,47,26,1,109,0,0,0,109
01/17/2006,JAN,MS,ASO,CE,Combined TRACON& Tower with Radar,37,48,32,3,120,0,0,0,0,0,37,48,32,3,120,0,0,0,120
01/18/2006,JAN,MS,ASO,CE,Combined TRACON& Tower with Radar,38,47,58,25,168,0,0,20,10,30,38,47,78,35,198,0,38,38,236
01/19/2006,JAN,MS,ASO,CE,Combined TRACON& Tower with Radar,43,47,50,30,170,0,0,11,1,12,43,47,61,31,182,0,124,124,306
01/20/2006,JAN,MS,ASO,CE,Combined TRACON& Tower with Radar,37,56,38,35,166,0,0,7,0,7,37,56,45,35,173,2,118,120,293
01/21/2006,JAN,MS,ASO,CE,Combined TRACON& Tower with Radar,40,34,13,1,88,0,0,2,0,2,40,34,15,1,90,4,6,10,100
01/22/2006,JAN,MS,ASO,CE,Combined TRACON& Tower with Radar,39,37,10,0,86,0,0,0,0,0,39,37,10,0,86,0,0,0,86
01/23/2006,JAN,MS,ASO,CE,Combined TRACON& Tower with Radar,33,62,51,15,161,0,0,0,0,0,33,62,51,15,161,0,12,12,173
01/24/2006,JAN,MS,ASO,CE,Combined TRACON& Tower with Radar,36,50,51,36,173,0,1,18,1,20,36,51,69,37,193,0,64,64,257
01/25/2006,JAN,MS,ASO,CE,Combined TRACON& Tower with Radar,39,43,65,26,173,0,0,30,2,32,39,43,95,28,205,8,64,72,277
01/26/2006,JAN,MS,ASO,CE,Combined TRACON& Tower with Radar,39,54,45,23,161,0,0,20,0,20,39,54,65,23,181,5,87,92,273
01/27/2006,JAN,MS,ASO,CE,Combined TRACON& Tower with Radar,37,57,43,30,167,0,0,18,0,18,37,57,61,30,185,14,118,132,317
01/28/2006,JAN,MS,ASO,CE,Combined TRACON& Tower with Radar,41,36,14,2,93,0,0,4,0,4,41,36,18,2,97,2,0,2,99
01/29/2006,JAN,MS,ASO,CE,Combined TRACON& Tower with Radar,32,51,21,2,106,0,1,17,0,18,32,52,38,2,124,6,0,6,130
01/30/2006,JAN,MS,ASO,CE,Combined TRACON& Tower with Radar,34,52,33,11,130,0,0,20,1,21,34,52,53,12,151,2,114,116,267
01/31/2006,JAN,MS,ASO,CE,Combined TRACON& Tower with Radar,38,52,43,43,176,0,1,18,3,22,38,53,61,46,198,10,166,176,374
02/01/2006,JAN,MS,ASO,CE,Combined TRACON& Tower with Radar,41,48,54,31,174,0,1,5,2,8,41,49,59,33,182,6,158,164,346
02/02/2006,JAN,MS,ASO,CE,Combined TRACON& Tower with Radar,39,50,38,22,149,0,0,2,0,2,39,50,40,22,151,0,60,60,211
02/03/2006,JAN,MS,ASO,CE,Combined TRACON& Tower with Radar,35,54,35,19,143,0,0,0,1,1,35,54,35,20,144,0,28,28,172
02/04/2006,JAN,MS,ASO,CE,Combined TRACON& Tower with Radar,33,37,16,22,108,0,0,5,3,8,33,37,21,25,116,8,20,28,144
02/05/2006,JAN,MS,ASO,CE,Combined TRACON& Tower with Radar,34,49,14,7,104,0,0,6,1,7,34,49,20,8,111,14,6,20,131
02/06/2006,JAN,MS,ASO,CE,Combined TRACON& Tower with Radar,39,52,49,8,148,0,0,0,0,0,39,52,49,8,148,2,66,68,216
02/07/2006,JAN,MS,ASO,CE,Combined TRACON& Tower with Radar,36,53,35,14,138,0,0,12,2,14,36,53,47,16,152,2,48,50,202
02/08/2006,JAN,MS,ASO,CE,Combined TRACON& Tower with Radar,42,47,59,41,189,0,1,18,0,19,42,48,77,41,208,0,170,170,378
02/09/2006,JAN,MS,ASO,CE,Combined TRACON& Tower with Radar,38,57,36,29,160,0,0,10,1,11,38,57,46,30,171,4,70,74,245
02/10/2006,JAN,MS,ASO,CE,Combined TRACON& Tower with Radar,38,52,60,15,165,0,0,2,0,2,38,52,62,15,167,2,42,44,211
02/11/2006,JAN,MS,ASO,CE,Combined TRACON& Tower with Radar,27,49,8,1,85,0,0,4,0,4,27,49,12,1,89,2,42,44,133
02/12/2006,JAN,MS,ASO,CE,Combined TRACON& Tower with Radar,32,52,21,4,109,0,1,29,2,32,32,53,50,6,141,22,4,26,167
02/13/2006,JAN,MS,ASO,CE,Combined TRACON& Tower with Radar,33,51,34,17,135,0,1,15,0,16,33,52,49,17,151,2,60,62,213
02/14/2006,JAN,MS,ASO,CE,Combined TRACON& Tower with Radar,35,59,39,25,158,0,2,14,1,17,35,61,53,26,175,0,46,46,221
02/15/2006,JAN,MS,ASO,CE,Combined TRACON& Tower with Radar,33,56,55,20,164,0,1,5,1,7,33,57,60,21,171,0,46,46,217
02/16/2006,JAN,MS,ASO,CE,Combined TRACON& Tower with Radar,32,63,38,12,145,0,2,3,0,5,32,65,41,12,150,4,22,26,176
02/17/2006,JAN,MS,ASO,CE,Combined TRACON& Tower with Radar,43,52,38,18,151,0,0,3,1,4,43,52,41,19,155,2,39,41,196
02/18/2006,JAN,MS,ASO,CE,Combined TRACON& Tower with Radar,16,38,7,9,70,0,0,0,0,0,16,38,7,9,70,6,0,6,76
02/19/2006,JAN,MS,ASO,CE,Combined TRACON& Tower with Radar,31,37,18,5,91,0,0,3,0,3,31,37,21,5,94,2,4,6,100
02/20/2006,JAN,MS,ASO,CE,Combined TRACON& Tower with Radar,32,53,43,3,131,0,0,0,0,0,32,53,43,3,131,0,0,0,131
02/21/2006,JAN,MS,ASO,CE,Combined TRACON& Tower with Radar,37,63,47,19,166,0,0,0,0,0,37,63,47,19,166,2,16,18,184
02/22/2006,JAN,MS,ASO,CE,Combined TRACON& Tower with Radar,30,52,57,20,159,0,0,3,0,3,30,52,60,20,162,0,36,36,198
02/23/2006,JAN,MS,ASO,CE,Combined TRACON& Tower with Radar,30,58,54,29,171,0,0,9,0,9,30,58,63,29,180,10,106,116,296
02/24/2006,JAN,MS,ASO,CE,Combined TRACON& Tower with Radar,36,55,37,15,143,0,0,12,0,12,36,55,49,15,155,0,48,48,203
02/25/2006,JAN,MS,ASO,CE,Combined TRACON& Tower with Radar,24,38,8,1,71,0,0,0,0,0,24,38,8,1,71,2,0,2,73
02/26/2006,JAN,MS,ASO,CE,Combined TRACON& Tower with Radar,39,48,26,1,114,0,0,19,0,19,39,48,45,1,133,10,0,10,143
02/27/2006,JAN,MS,ASO,CE,Combined TRACON& Tower with Radar,33,56,41,7,137,0,1,17,10,28,33,57,58,17,165,2,49,51,216
02/28/2006,JAN,MS,ASO,CE,Combined TRACON& Tower with Radar,39,53,50,28,170,0,0,17,0,17,39,53,67,28,187,4,36,40,227
03/01/2006,JAN,MS,ASO,CE,Combined TRACON& Tower with Radar,28,65,42,25,160,0,0,16,0,16,28,65,58,25,176,4,90,94,270
03/02/2006,JAN,MS,ASO,CE,Combined TRACON& Tower with Radar,32,57,45,15,149,0,0,11,1,12,32,57,56,16,161,2,40,42,203
03/03/2006,JAN,MS,ASO,CE,Combined TRACON& Tower with Radar,32,56,33,19,140,0,5,18,0,23,32,61,51,19,163,6,80,86,249
03/04/2006,JAN,MS,ASO,CE,Combined TRACON& Tower with Radar,27,42,22,1,92,0,0,14,0,14,27,42,36,1,106,6,0,6,112
03/05/2006,JAN,MS,ASO,CE,Combined TRACON& Tower with Radar,31,50,11,0,92,0,0,5,0,5,31,50,16,0,97,0,0,0,97
03/06/2006,JAN,MS,ASO,CE,Combined TRACON& Tower with Radar,30,62,33,14,139,0,0,4,2,6,30,62,37,16,145,0,58,58,203
03/07/2006,JAN,MS,ASO,CE,Combined TRACON& Tower with Radar,28,59,44,29,160,0,0,16,1,17,28,59,60,30,177,0,40,40,217
03/08/2006,JAN,MS,ASO,CE,Combined TRACON& Tower with Radar,35,57,54,11,157,0,0,6,2,8,35,57,60,13,165,0,24,24,189
03/09/2006,JAN,MS,ASO,CE,Combined TRACON& Tower with Radar,35,63,35,5,138,0,4,2,0,6,35,67,37,5,144,8,4,12,156
03/10/2006,JAN,MS,ASO,CE,Combined TRACON& Tower with Radar,35,63,58,7,163,0,0,20,0,20,35,63,78,7,183,10,18,28,211
03/11/2006,JAN,MS,ASO,CE,Combined TRACON& Tower with Radar,25,47,29,4,105,0,0,10,0,10,25,47,39,4,115,0,0,0,115
03/12/2006,JAN,MS,ASO,CE,Combined TRACON& Tower with Radar,38,48,15,8,109,0,0,1,0,1,38,48,16,8,110,10,8,18,128
03/13/2006,JAN,MS,ASO,CE,Combined TRACON& Tower with Radar,37,46,31,5,119,0,0,8,0,8,37,46,39,5,127,0,4,4,131
03/14/2006,JAN,MS,ASO,CE,Combined TRACON& Tower with Radar,35,62,29,34,160,0,0,16,3,19,35,62,45,37,179,4,98,102,281
03/15/2006,JAN,MS,ASO,CE,Combined TRACON& Tower with Radar,36,60,52,16,164,0,0,1,1,2,36,60,53,17,166,6,56,62,228
03/16/2006,JAN,MS,ASO,CE,Combined TRACON& Tower with Radar,32,59,57,32,180,0,0,0,0,0,32,59,57,32,180,0,46,46,226
03/17/2006,JAN,MS,ASO,CE,Combined TRACON& Tower with Radar,38,53,33,13,137,0,0,6,1,7,38,53,39,14,144,4,26,30,174
03/18/2006,JAN,MS,ASO,CE,Combined TRACON& Tower with Radar,28,53,17,4,102,0,0,2,0,2,28,53,19,4,104,11,10,21,125
03/19/2006,JAN,MS,ASO,CE,Combined TRACON& Tower with Radar,33,44,11,2,90,0,0,0,1,1,33,44,11,3,91,2,0,2,93
03/20/2006,JAN,MS,ASO,CE,Combined TRACON& Tower with Radar,34,51,23,1,109,0,0,0,0,0,34,51,23,1,109,2,0,2,111
03/21/2006,JAN,MS,ASO,CE,Combined TRACON& Tower with Radar,36,58,62,54,210,0,0,13,2,15,36,58,75,56,225,8,162,170,395
03/22/2006,JAN,MS,ASO,CE,Combined TRACON& Tower with Radar,33,53,38,33,157,0,1,3,0,4,33,54,41,33,161,6,82,88,249
03/23/2006,JAN,MS,ASO,CE,Combined TRACON& Tower with Radar,33,66,63,16,178,0,0,8,0,8,33,66,71,16,186,2,100,102,288
03/24/2006,JAN,MS,ASO,CE,Combined TRACON& Tower with Radar,28,63,33,11,135,0,0,10,0,10,28,63,43,11,145,8,32,40,185
03/25/2006,JAN,MS,ASO,CE,Combined TRACON& Tower with Radar,29,42,21,2,94,0,0,22,0,22,29,42,43,2,116,10,2,12,128
03/26/2006,JAN,MS,ASO,CE,Combined TRACON& Tower with Radar,27,50,11,9,97,0,0,21,0,21,27,50,32,9,118,24,16,40,158
03/27/2006,JAN,MS,ASO,CE,Combined TRACON& Tower with Radar,36,54,47,19,156,0,0,9,2,11,36,54,56,21,167,6,62,68,235
03/28/2006,JAN,MS,ASO,CE,Combined TRACON& Tower with Radar,32,85,47,18,182,0,0,4,0,4,32,85,51,18,186,2,36,38,224
03/29/2006,JAN,MS,ASO,CE,Combined TRACON& Tower with Radar,35,59,60,20,174,0,0,16,3,19,35,59,76,23,193,8,50,58,251
03/30/2006,JAN,MS,ASO,CE,Combined TRACON& Tower with Radar,37,62,55,16,170,0,0,7,0,7,37,62,62,16,177,4,58,62,239
03/31/2006,JAN,MS,ASO,CE,Combined TRACON& Tower with Radar,35,55,46,7,143,0,0,2,0,2,35,55,48,7,145,0,8,8,153
04/01/2006,JAN,MS,ASO,CE,Combined TRACON& Tower with Radar,32,35,16,0,83,0,0,9,1,10,32,35,25,1,93,4,0,4,97
04/02/2006,JAN,MS,ASO,CE,Combined TRACON& Tower with Radar,33,45,32,10,120,0,0,3,0,3,33,45,35,10,123,12,6,18,141
04/03/2006,JAN,MS,ASO,CE,Combined TRACON& Tower with Radar,40,59,46,17,162,0,0,19,1,20,40,59,65,18,182,12,28,40,222
04/04/2006,JAN,MS,ASO,CE,Combined TRACON& Tower with Radar,29,58,44,40,171,0,0,32,3,35,29,58,76,43,206,2,68,70,276
04/05/2006,JAN,MS,ASO,CE,Combined TRACON& Tower with Radar,30,61,48,21,160,0,0,21,1,22,30,61,69,22,182,4,76,80,262
04/06/2006,JAN,MS,ASO,CE,Combined TRACON& Tower with Radar,34,57,50,29,170,0,0,9,0,9,34,57,59,29,179,8,80,88,267
04/07/2006,JAN,MS,ASO,CE,Combined TRACON& Tower with Radar,35,54,36,10,135,0,0,2,0,2,35,54,38,10,137,0,22,22,159
04/08/2006,JAN,MS,ASO,CE,Combined TRACON& Tower with Radar,25,46,24,11,106,0,0,6,0,6,25,46,30,11,112,20,16,36,148
04/09/2006,JAN,MS,ASO,CE,Combined TRACON& Tower with Radar,40,47,21,3,111,0,0,7,0,7,40,47,28,3,118,8,0,8,126
04/10/2006,JAN,MS,ASO,CE,Combined TRACON& Tower with Radar,35,51,38,21,145,0,0,23,2,25,35,51,61,23,170,2,54,56,226
04/11/2006,JAN,MS,ASO,CE,Combined TRACON& Tower with Radar,28,53,37,25,143,0,0,21,3,24,28,53,58,28,167,2,130,132,299
04/12/2006,JAN,MS,ASO,CE,Combined TRACON& Tower with Radar,35,49,37,12,133,0,0,18,1,19,35,49,55,13,152,0,66,66,218
04/13/2006,JAN,MS,ASO,CE,Combined TRACON& Tower with Radar,29,62,51,35,177,0,1,20,3,24,29,63,71,38,201,36,114,150,351
04/14/2006,JAN,MS,ASO,CE,Combined TRACON& Tower with Radar,29,58,20,32,139,0,0,7,0,7,29,58,27,32,146,2,84,86,232
04/15/2006,JAN,MS,ASO,CE,Combined TRACON& Tower with Radar,23,52,16,1,92,0,0,16,1,17,23,52,32,2,109,16,0,16,125
04/16/2006,JAN,MS,ASO,CE,Combined TRACON& Tower with Radar,28,53,14,3,98,0,0,6,0,6,28,53,20,3,104,0,0,0,104
04/17/2006,JAN,MS,ASO,CE,Combined TRACON& Tower with Radar,42,44,21,28,135,0,0,8,0,8,42,44,29,28,143,0,46,46,189
04/18/2006,JAN,MS,ASO,CE,Combined TRACON& Tower with Radar,31,55,39,17,142,0,0,13,2,15,31,55,52,19,157,6,46,52,209
04/19/2006,JAN,MS,ASO,CE,Combined TRACON& Tower with Radar,40,54,53,42,189,0,6,11,1,18,40,60,64,43,207,9,72,81,288
04/20/2006,JAN,MS,ASO,CE,Combined TRACON& Tower with Radar,40,60,69,29,198,0,2,15,0,17,40,62,84,29,215,6,114,120,335
04/21/2006,JAN,MS,ASO,CE,Combined TRACON& Tower with Radar,29,60,40,3,132,0,1,3,0,4,29,61,43,3,136,2,0,2,138
04/22/2006,JAN,MS,ASO,CE,Combined TRACON& Tower with Radar,48,38,27,1,114,0,0,10,0,10,48,38,37,1,124,6,0,6,130
04/23/2006,JAN,MS,ASO,CE,Combined TRACON& Tower with Radar,30,47,24,13,114,0,0,23,0,23,30,47,47,13,137,14,10,24,161
04/24/2006,JAN,MS,ASO,CE,Combined TRACON& Tower with Radar,36,54,36,4,130,0,1,13,0,14,36,55,49,4,144,2,2,4,148
04/25/2006,JAN,MS,ASO,CE,Combined TRACON& Tower with Radar,33,52,35,8,128,0,0,2,2,4,33,52,37,10,132,0,4,4,136
04/26/2006,JAN,MS,ASO,CE,Combined TRACON& Tower with Radar,38,48,62,38,186,0,0,1,0,1,38,48,63,38,187,2,62,64,251
04/27/2006,JAN,MS,ASO,CE,Combined TRACON& Tower with Radar,34,59,41,17,151,0,0,17,2,19,34,59,58,19,170,22,31,53,223
04/28/2006,JAN,MS,ASO,CE,Combined TRACON& Tower with Radar,32,55,42,11,140,0,0,15,0,15,32,55,57,11,155,4,72,76,231
04/29/2006,JAN,MS,ASO,CE,Combined TRACON& Tower with Radar,25,50,4,2,81,0,0,1,0,1,25,50,5,2,82,0,2,2,84
04/30/2006,JAN,MS,ASO,CE,Combined TRACON& Tower with Radar,30,38,28,8,104,0,1,3,0,4,30,39,31,8,108,8,12,20,128
05/01/2006,JAN,MS,ASO,CE,Combined TRACON& Tower with Radar,32,51,23,14,120,0,0,7,1,8,32,51,30,15,128,6,56,62,190
05/02/2006,JAN,MS,ASO,CE,Combined TRACON& Tower with Radar,25,56,34,37,152,0,1,4,3,8,25,57,38,40,160,12,75,87,247
05/03/2006,JAN,MS,ASO,CE,Combined TRACON& Tower with Radar,31,61,62,21,175,0,0,14,4,18,31,61,76,25,193,12,100,112,305
05/04/2006,JAN,MS,ASO,CE,Combined TRACON& Tower with Radar,31,58,52,20,161,0,0,8,1,9,31,58,60,21,170,4,58,62,232
05/05/2006,JAN,MS,ASO,CE,Combined TRACON& Tower with Radar,32,63,49,14,158,0,0,5,0,5,32,63,54,14,163,4,38,42,205
05/06/2006,JAN,MS,ASO,CE,Combined TRACON& Tower with Radar,22,46,11,3,82,0,0,3,0,3,22,46,14,3,85,0,0,0,85
05/07/2006,JAN,MS,ASO,CE,Combined TRACON& Tower with Radar,31,44,18,6,99,0,1,2,0,3,31,45,20,6,102,6,2,8,110
05/08/2006,JAN,MS,ASO,CE,Combined TRACON& Tower with Radar,37,51,57,15,160,0,0,4,0,4,37,51,61,15,164,0,40,40,204
05/09/2006,JAN,MS,ASO,CE,Combined TRACON& Tower with Radar,29,61,44,9,143,0,0,4,0,4,29,61,48,9,147,0,34,34,181
05/10/2006,JAN,MS,ASO,CE,Combined TRACON& Tower with Radar,35,65,55,31,186,0,0,5,1,6,35,65,60,32,192,0,50,50,242
05/11/2006,JAN,MS,ASO,CE,Combined TRACON& Tower with Radar,30,56,53,23,162,0,3,11,0,14,30,59,64,23,176,20,112,132,308
05/12/2006,JAN,MS,ASO,CE,Combined TRACON& Tower with Radar,30,61,43,10,144,0,0,26,2,28,30,61,69,12,172,2,18,20,192
05/13/2006,JAN,MS,ASO,CE,Combined TRACON& Tower with Radar,24,48,18,1,91,0,0,9,0,9,24,48,27,1,100,4,0,4,104
05/14/2006,JAN,MS,ASO,CE,Combined TRACON& Tower with Radar,27,47,21,1,96,0,0,11,0,11,27,47,32,1,107,4,0,4,111
05/15/2006,JAN,MS,ASO,CE,Combined TRACON& Tower with Radar,31,58,34,34,157,0,0,16,2,18,31,58,50,36,175,8,88,96,271
05/16/2006,JAN,MS,ASO,CE,Combined TRACON& Tower with Radar,28,62,37,27,154,0,0,15,3,18,28,62,52,30,172,6,72,78,250
05/17/2006,JAN,MS,ASO,CE,Combined TRACON& Tower with Radar,33,64,50,26,173,0,0,18,0,18,33,64,68,26,191,40,72,112,303
05/18/2006,JAN,MS,ASO,CE,Combined TRACON& Tower with Radar,31,63,61,44,199,0,0,14,2,16,31,63,75,46,215,10,98,108,323
05/19/2006,JAN,MS,ASO,CE,Combined TRACON& Tower with Radar,34,56,36,10,136,0,0,14,3,17,34,56,50,13,153,8,62,70,223
05/20/2006,JAN,MS,ASO,CE,Combined TRACON& Tower with Radar,24,49,20,1,94,0,1,16,3,20,24,50,36,4,114,1,0,1,115
05/21/2006,JAN,MS,ASO,CE,Combined TRACON& Tower with Radar,32,51,25,4,112,0,1,8,8,17,32,52,33,12,129,6,2,8,137
05/22/2006,JAN,MS,ASO,CE,Combined TRACON& Tower with Radar,34,52,34,42,162,0,0,31,8,39,34,52,65,50,201,0,44,44,245
05/23/2006,JAN,MS,ASO,CE,Combined TRACON& Tower with Radar,29,52,43,55,179,0,1,9,1,11,29,53,52,56,190,0,72,72,262
05/24/2006,JAN,MS,ASO,CE,Combined TRACON& Tower with Radar,28,62,50,23,163,0,0,18,2,20,28,62,68,25,183,10,46,56,239
05/25/2006,JAN,MS,ASO,CE,Combined TRACON& Tower with Radar,30,53,45,30,158,0,0,10,1,11,30,53,55,31,169,0,63,63,232
05/26/2006,JAN,MS,ASO,CE,Combined TRACON& Tower with Radar,38,54,21,6,119,0,0,4,1,5,38,54,25,7,124,4,8,12,136
05/27/2006,JAN,MS,ASO,CE,Combined TRACON& Tower with Radar,23,46,6,1,76,0,0,13,0,13,23,46,19,1,89,18,0,18,107
05/28/2006,JAN,MS,ASO,CE,Combined TRACON& Tower with Radar,22,44,13,1,80,0,0,3,0,3,22,44,16,1,83,0,0,0,83
05/29/2006,JAN,MS,ASO,CE,Combined TRACON& Tower with Radar,29,46,16,1,92,0,0,18,0,18,29,46,34,1,110,8,0,8,118
05/30/2006,JAN,MS,ASO,CE,Combined TRACON& Tower with Radar,35,49,38,29,151,0,0,11,0,11,35,49,49,29,162,12,90,102,264
05/31/2006,JAN,MS,ASO,CE,Combined TRACON& Tower with Radar,33,52,41,18,144,0,1,10,0,11,33,53,51,18,155,28,86,114,269
06/01/2006,JAN,MS,ASO,CE,Combined TRACON& Tower with Radar,38,56,47,16,157,0,3,6,2,11,38,59,53,18,168,16,78,94,262
06/02/2006,JAN,MS,ASO,CE,Combined TRACON& Tower with Radar,35,59,55,27,176,0,0,9,0,9,35,59,64,27,185,6,118,124,309
06/03/2006,JAN,MS,ASO,CE,Combined TRACON& Tower with Radar,23,42,9,1,75,0,0,18,3,21,23,42,27,4,96,4,0,4,100
06/04/2006,JAN,MS,ASO,CE,Combined TRACON& Tower with Radar,32,44,18,9,103,0,0,4,3,7,32,44,22,12,110,0,4,4,114
06/05/2006,JAN,MS,ASO,CE,Combined TRACON& Tower with Radar,34,52,27,24,137,0,0,11,2,13,34,52,38,26,150,26,94,120,270
06/06/2006,JAN,MS,ASO,CE,Combined TRACON& Tower with Radar,28,57,30,40,155,0,0,19,0,19,28,57,49,40,174,4,70,74,248
06/07/2006,JAN,MS,ASO,CE,Combined TRACON& Tower with Radar,32,56,37,44,169,0,0,17,0,17,32,56,54,44,186,10,94,104,290
06/08/2006,JAN,MS,ASO,CE,Combined TRACON& Tower with Radar,38,56,35,22,151,0,1,12,0,13,38,57,47,22,164,16,48,64,228
06/09/2006,JAN,MS,ASO,CE,Combined TRACON& Tower with Radar,34,56,26,16,132,0,0,18,0,18,34,56,44,16,150,0,64,64,214
06/10/2006,JAN,MS,ASO,CE,Combined TRACON& Tower with Radar,24,46,12,2,84,0,0,12,0,12,24,46,24,2,96,4,8,12,108
06/11/2006,JAN,MS,ASO,CE,Combined TRACON& Tower with Radar,26,52,19,14,111,0,0,15,1,16,26,52,34,15,127,14,9,23,150
06/12/2006,JAN,MS,ASO,CE,Combined TRACON& Tower with Radar,29,57,35,13,134,0,0,11,2,13,29,57,46,15,147,6,32,38,185
06/13/2006,JAN,MS,ASO,CE,Combined TRACON& Tower with Radar,28,61,36,24,149,0,1,22,0,23,28,62,58,24,172,14,104,118,290
06/14/2006,JAN,MS,ASO,CE,Combined TRACON& Tower with Radar,32,57,44,22,155,0,0,10,2,12,32,57,54,24,167,14,30,44,211
06/15/2006,JAN,MS,ASO,CE,Combined TRACON& Tower with Radar,32,51,41,25,149,0,0,4,3,7,32,51,45,28,156,26,62,88,244
06/16/2006,JAN,MS,ASO,CE,Combined TRACON& Tower with Radar,39,46,34,18,137,0,0,10,0,10,39,46,44,18,147,12,52,64,211
06/17/2006,JAN,MS,ASO,CE,Combined TRACON& Tower with Radar,35,46,18,1,100,0,0,2,0,2,35,46,20,1,102,2,0,2,104
06/18/2006,JAN,MS,ASO,CE,Combined TRACON& Tower with Radar,26,48,18,6,98,0,0,8,2,10,26,48,26,8,108,0,12,12,120
06/19/2006,JAN,MS,ASO,CE,Combined TRACON& Tower with Radar,27,56,48,11,142,0,2,5,3,10,27,58,53,14,152,2,34,36,188
06/20/2006,JAN,MS,ASO,CE,Combined TRACON& Tower with Radar,29,59,32,18,138,0,0,18,0,18,29,59,50,18,156,14,16,30,186
06/21/2006,JAN,MS,ASO,CE,Combined TRACON& Tower with Radar,42,52,39,35,168,0,0,17,0,17,42,52,56,35,185,0,118,118,303
06/22/2006,JAN,MS,ASO,CE,Combined TRACON& Tower with Radar,37,52,46,11,146,0,0,13,0,13,37,52,59,11,159,0,44,44,203
06/23/2006,JAN,MS,ASO,CE,Combined TRACON& Tower with Radar,32,50,33,17,132,0,0,8,1,9,32,50,41,18,141,2,58,60,201
06/24/2006,JAN,MS,ASO,CE,Combined TRACON& Tower with Radar,35,34,16,3,88,0,0,13,2,15,35,34,29,5,103,2,14,16,119
06/25/2006,JAN,MS,ASO,CE,Combined TRACON& Tower with Radar,25,47,24,17,113,0,1,12,0,13,25,48,36,17,126,0,16,16,142
06/26/2006,JAN,MS,ASO,CE,Combined TRACON& Tower with Radar,30,57,34,5,126,0,0,18,0,18,30,57,52,5,144,2,28,30,174
06/27/2006,JAN,MS,ASO,CE,Combined TRACON& Tower with Radar,34,51,29,34,148,0,0,36,6,42,34,51,65,40,190,2,86,88,278
06/28/2006,JAN,MS,ASO,CE,Combined TRACON& Tower with Radar,31,54,48,22,155,0,0,11,5,16,31,54,59,27,171,0,36,36,207
06/29/2006,JAN,MS,ASO,CE,Combined TRACON& Tower with Radar,30,58,34,29,151,0,0,12,0,12,30,58,46,29,163,2,65,67,230
06/30/2006,JAN,MS,ASO,CE,Combined TRACON& Tower with Radar,32,57,25,29,143,0,0,10,0,10,32,57,35,29,153,0,100,100,253
07/01/2006,JAN,MS,ASO,CE,Combined TRACON& Tower with Radar,28,49,12,1,90,0,0,10,1,11,28,49,22,2,101,6,0,6,107
07/02/2006,JAN,MS,ASO,CE,Combined TRACON& Tower with Radar,30,45,9,1,85,0,0,5,0,5,30,45,14,1,90,0,0,0,90
07/03/2006,JAN,MS,ASO,CE,Combined TRACON& Tower with Radar,37,42,8,1,88,0,0,6,0,6,37,42,14,1,94,2,0,2,96
07/04/2006,JAN,MS,ASO,CE,Combined TRACON& Tower with Radar,29,45,13,0,87,0,0,3,0,3,29,45,16,0,90,4,0,4,94
07/05/2006,JAN,MS,ASO,CE,Combined TRACON& Tower with Radar,40,50,25,17,132,0,0,4,0,4,40,50,29,17,136,0,50,50,186
07/06/2006,JAN,MS,ASO,CE,Combined TRACON& Tower with Radar,32,55,31,23,141,0,0,4,2,6,32,55,35,25,147,2,90,92,239
07/07/2006,JAN,MS,ASO,CE,Combined TRACON& Tower with Radar,32,57,50,17,156,0,3,6,3,12,32,60,56,20,168,0,38,38,206
07/08/2006,JAN,MS,ASO,CE,Combined TRACON& Tower with Radar,27,46,13,10,96,0,0,9,0,9,27,46,22,10,105,2,38,40,145
07/09/2006,JAN,MS,ASO,CE,Combined TRACON& Tower with Radar,28,50,32,18,128,0,0,6,0,6,28,50,38,18,134,22,42,64,198
07/10/2006,JAN,MS,ASO,CE,Combined TRACON& Tower with Radar,34,51,40,11,136,0,0,18,0,18,34,51,58,11,154,0,70,70,224
07/11/2006,JAN,MS,ASO,CE,Combined TRACON& Tower with Radar,33,57,48,33,171,0,0,12,3,15,33,57,60,36,186,6,102,108,294
07/12/2006,JAN,MS,ASO,CE,Combined TRACON& Tower with Radar,36,56,55,37,184,0,0,18,0,18,36,56,73,37,202,10,72,82,284
07/13/2006,JAN,MS,ASO,CE,Combined TRACON& Tower with Radar,39,60,48,50,197,0,0,10,0,10,39,60,58,50,207,42,194,236,443
07/14/2006,JAN,MS,ASO,CE,Combined TRACON& Tower with Radar,42,62,27,14,145,0,0,8,1,9,42,62,35,15,154,4,16,20,174
07/15/2006,JAN,MS,ASO,CE,Combined TRACON& Tower with Radar,35,45,18,2,100,0,2,11,0,13,35,47,29,2,113,12,0,12,125
07/16/2006,JAN,MS,ASO,CE,Combined TRACON& Tower with Radar,34,43,17,15,109,0,1,14,1,16,34,44,31,16,125,18,8,26,151
07/17/2006,JAN,MS,ASO,CE,Combined TRACON& Tower with Radar,34,48,34,11,127,0,1,13,0,14,34,49,47,11,141,3,18,21,162
07/18/2006,JAN,MS,ASO,CE,Combined TRACON& Tower with Radar,34,59,29,23,145,0,0,15,0,15,34,59,44,23,160,6,100,106,266
07/19/2006,JAN,MS,ASO,CE,Combined TRACON& Tower with Radar,37,58,63,14,172,0,0,8,2,10,37,58,71,16,182,2,46,48,230
07/20/2006,JAN,MS,ASO,CE,Combined TRACON& Tower with Radar,60,50,48,21,179,0,0,17,0,17,60,50,65,21,196,32,52,84,280
07/21/2006,JAN,MS,ASO,CE,Combined TRACON& Tower with Radar,29,62,36,15,142,0,0,11,1,12,29,62,47,16,154,2,26,28,182
07/22/2006,JAN,MS,ASO,CE,Combined TRACON& Tower with Radar,27,47,15,5,94,0,0,1,0,1,27,47,16,5,95,0,12,12,107
07/23/2006,JAN,MS,ASO,CE,Combined TRACON& Tower with Radar,28,47,19,9,103,0,0,3,0,3,28,47,22,9,106,4,12,16,122
07/24/2006,JAN,MS,ASO,CE,Combined TRACON& Tower with Radar,47,47,29,17,140,0,0,8,2,10,47,47,37,19,150,12,91,103,253
07/25/2006,JAN,MS,ASO,CE,Combined TRACON& Tower with Radar,47,52,39,20,158,0,0,10,0,10,47,52,49,20,168,8,68,76,244
07/26/2006,JAN,MS,ASO,CE,Combined TRACON& Tower with Radar,37,51,56,4,148,0,1,16,0,17,37,52,72,4,165,14,6,20,185
07/27/2006,JAN,MS,ASO,CE,Combined TRACON& Tower with Radar,31,60,49,16,156,0,0,10,0,10,31,60,59,16,166,8,24,32,198
07/28/2006,JAN,MS,ASO,CE,Combined TRACON& Tower with Radar,34,56,28,18,136,0,0,13,0,13,34,56,41,18,149,0,4,4,153
07/29/2006,JAN,MS,ASO,CE,Combined TRACON& Tower with Radar,28,42,11,2,83,0,0,10,0,10,28,42,21,2,93,2,0,2,95
07/30/2006,JAN,MS,ASO,CE,Combined TRACON& Tower with Radar,25,49,20,1,95,0,0,13,0,13,25,49,33,1,108,15,0,15,123
07/31/2006,JAN,MS,ASO,CE,Combined TRACON& Tower with Radar,29,54,27,8,118,0,0,11,0,11,29,54,38,8,129,4,30,34,163
08/01/2006,JAN,MS,ASO,CE,Combined TRACON& Tower with Radar,30,60,28,17,135,0,0,8,0,8,30,60,36,17,143,4,66,70,213
08/02/2006,JAN,MS,ASO,CE,Combined TRACON& Tower with Radar,31,61,38,32,162,0,3,24,0,27,31,64,62,32,189,2,98,100,289
08/03/2006,JAN,MS,ASO,CE,Combined TRACON& Tower with Radar,31,63,26,51,171,0,0,10,0,10,31,63,36,51,181,13,160,173,354
08/04/2006,JAN,MS,ASO,CE,Combined TRACON& Tower with Radar,39,55,39,24,157,0,2,28,0,30,39,57,67,24,187,14,56,70,257
08/05/2006,JAN,MS,ASO,CE,Combined TRACON& Tower with Radar,44,39,29,8,120,0,0,16,2,18,44,39,45,10,138,9,8,17,155
08/06/2006,JAN,MS,ASO,CE,Combined TRACON& Tower with Radar,30,46,16,7,99,0,0,6,2,8,30,46,22,9,107,0,0,0,107
08/07/2006,JAN,MS,ASO,CE,Combined TRACON& Tower with Radar,31,50,34,12,127,0,0,9,0,9,31,50,43,12,136,0,36,36,172
08/08/2006,JAN,MS,ASO,CE,Combined TRACON& Tower with Radar,31,66,50,18,165,0,1,15,0,16,31,67,65,18,181,6,38,44,225
08/09/2006,JAN,MS,ASO,CE,Combined TRACON& Tower with Radar,32,65,48,11,156,0,0,10,2,12,32,65,58,13,168,0,37,37,205
08/10/2006,JAN,MS,ASO,CE,Combined TRACON& Tower with Radar,29,55,38,14,136,0,0,4,5,9,29,55,42,19,145,4,14,18,163
08/11/2006,JAN,MS,ASO,CE,Combined TRACON& Tower with Radar,46,47,43,27,163,0,0,15,0,15,46,47,58,27,178,32,90,122,300
08/12/2006,JAN,MS,ASO,CE,Combined TRACON& Tower with Radar,28,40,15,4,87,0,0,5,0,5,28,40,20,4,92,0,4,4,96
08/13/2006,JAN,MS,ASO,CE,Combined TRACON& Tower with Radar,25,51,9,1,86,0,0,7,0,7,25,51,16,1,93,0,0,0,93
08/14/2006,JAN,MS,ASO,CE,Combined TRACON& Tower with Radar,30,57,35,21,143,0,0,14,0,14,30,57,49,21,157,10,54,64,221
08/15/2006,JAN,MS,ASO,CE,Combined TRACON& Tower with Radar,40,54,37,15,146,0,1,12,2,15,40,55,49,17,161,8,40,48,209
08/16/2006,JAN,MS,ASO,CE,Combined TRACON& Tower with Radar,31,56,51,20,158,0,0,9,1,10,31,56,60,21,168,14,68,82,250
08/17/2006,JAN,MS,ASO,CE,Combined TRACON& Tower with Radar,36,60,37,35,168,0,0,21,2,23,36,60,58,37,191,8,140,148,339
08/18/2006,JAN,MS,ASO,CE,Combined TRACON& Tower with Radar,32,61,46,30,169,0,0,9,1,10,32,61,55,31,179,0,74,74,253
08/19/2006,JAN,MS,ASO,CE,Combined TRACON& Tower with Radar,33,39,10,9,91,0,1,12,3,16,33,40,22,12,107,19,5,24,131
08/20/2006,JAN,MS,ASO,CE,Combined TRACON& Tower with Radar,35,48,17,9,109,0,0,13,0,13,35,48,30,9,122,4,8,12,134
08/21/2006,JAN,MS,ASO,CE,Combined TRACON& Tower with Radar,34,58,25,17,134,0,0,11,1,12,34,58,36,18,146,18,38,56,202
08/22/2006,JAN,MS,ASO,CE,Combined TRACON& Tower with Radar,27,62,47,25,161,0,0,9,0,9,27,62,56,25,170,0,178,178,348
08/23/2006,JAN,MS,ASO,CE,Combined TRACON& Tower with Radar,46,48,50,21,165,0,2,12,0,14,46,50,62,21,179,22,74,96,275
08/24/2006,JAN,MS,ASO,CE,Combined TRACON& Tower with Radar,33,62,38,7,140,0,0,13,0,13,33,62,51,7,153,18,2,20,173
08/25/2006,JAN,MS,ASO,CE,Combined TRACON& Tower with Radar,38,54,46,19,157,0,0,15,1,16,38,54,61,20,173,0,74,74,247
08/26/2006,JAN,MS,ASO,CE,Combined TRACON& Tower with Radar,29,44,15,1,89,0,0,8,0,8,29,44,23,1,97,0,0,0,97
08/27/2006,JAN,MS,ASO,CE,Combined TRACON& Tower with Radar,39,39,20,4,102,0,0,7,0,7,39,39,27,4,109,4,4,8,117
08/28/2006,JAN,MS,ASO,CE,Combined TRACON& Tower with Radar,36,52,42,32,162,0,0,8,2,10,36,52,50,34,172,24,52,76,248
08/29/2006,JAN,MS,ASO,CE,Combined TRACON& Tower with Radar,37,53,34,12,136,0,2,15,0,17,37,55,49,12,153,2,56,58,211
08/30/2006,JAN,MS,ASO,CE,Combined TRACON& Tower with Radar,39,48,57,30,174,0,0,5,1,6,39,48,62,31,180,36,128,164,344
08/31/2006,JAN,MS,ASO,CE,Combined TRACON& Tower with Radar,34,50,48,10,142,0,3,38,1,42,34,53,86,11,184,10,32,42,226
09/01/2006,JAN,MS,ASO,CE,Combined TRACON& Tower with Radar,37,56,34,2,129,0,1,10,0,11,37,57,44,2,140,6,0,6,146
09/02/2006,JAN,MS,ASO,CE,Combined TRACON& Tower with Radar,25,43,9,2,79,0,0,8,0,8,25,43,17,2,87,6,0,6,93
09/03/2006,JAN,MS,ASO,CE,Combined TRACON& Tower with Radar,20,40,17,2,79,0,0,5,0,5,20,40,22,2,84,0,0,0,84
09/04/2006,JAN,MS,ASO,CE,Combined TRACON& Tower with Radar,34,38,14,5,91,0,0,8,0,8,34,38,22,5,99,0,2,2,101
09/05/2006,JAN,MS,ASO,CE,Combined TRACON& Tower with Radar,27,61,29,19,136,0,2,8,0,10,27,63,37,19,146,4,60,64,210
09/06/2006,JAN,MS,ASO,CE,Combined TRACON& Tower with Radar,40,54,39,32,165,0,2,18,0,20,40,56,57,32,185,16,183,199,384
09/07/2006,JAN,MS,ASO,CE,Combined TRACON& Tower with Radar,47,53,36,14,150,0,5,16,2,23,47,58,52,16,173,42,134,176,349
09/08/2006,JAN,MS,ASO,CE,Combined TRACON& Tower with Radar,37,51,53,29,170,0,0,20,0,20,37,51,73,29,190,0,152,152,342
09/09/2006,JAN,MS,ASO,CE,Combined TRACON& Tower with Radar,31,44,14,1,90,0,0,15,0,15,31,44,29,1,105,2,0,2,107
09/10/2006,JAN,MS,ASO,CE,Combined TRACON& Tower with Radar,28,54,12,8,102,0,0,13,0,13,28,54,25,8,115,0,28,28,143
09/11/2006,JAN,MS,ASO,CE,Combined TRACON& Tower with Radar,32,61,33,38,164,0,0,7,0,7,32,61,40,38,171,0,125,125,296
09/12/2006,JAN,MS,ASO,CE,Combined TRACON& Tower with Radar,28,58,28,21,135,0,0,0,0,0,28,58,28,21,135,0,128,128,263
09/13/2006,JAN,MS,ASO,CE,Combined TRACON& Tower with Radar,45,42,56,46,189,0,1,2,0,3,45,43,58,46,192,6,110,116,308
09/14/2006,JAN,MS,ASO,CE,Combined TRACON& Tower with Radar,35,60,41,54,190,0,0,20,0,20,35,60,61,54,210,2,242,244,454
09/15/2006,JAN,MS,ASO,CE,Combined TRACON& Tower with Radar,34,63,33,14,144,0,0,24,3,27,34,63,57,17,171,0,52,52,223
09/16/2006,JAN,MS,ASO,CE,Combined TRACON& Tower with Radar,27,45,14,3,89,0,0,8,0,8,27,45,22,3,97,0,16,16,113
09/17/2006,JAN,MS,ASO,CE,Combined TRACON& Tower with Radar,27,50,29,4,110,0,0,8,1,9,27,50,37,5,119,2,6,8,127
09/18/2006,JAN,MS,ASO,CE,Combined TRACON& Tower with Radar,28,60,26,17,131,0,0,2,1,3,28,60,28,18,134,0,8,8,142
09/19/2006,JAN,MS,ASO,CE,Combined TRACON& Tower with Radar,32,65,39,41,177,0,0,13,0,13,32,65,52,41,190,10,134,144,334
09/20/2006,JAN,MS,ASO,CE,Combined TRACON& Tower with Radar,31,58,44,18,151,0,1,17,1,19,31,59,61,19,170,4,90,94,264
09/21/2006,JAN,MS,ASO,CE,Combined TRACON& Tower with Radar,36,58,39,46,179,0,3,16,3,22,36,61,55,49,201,0,140,140,341
09/22/2006,JAN,MS,ASO,CE,Combined TRACON& Tower with Radar,28,61,33,21,143,0,0,4,0,4,28,61,37,21,147,0,36,36,183
09/23/2006,JAN,MS,ASO,CE,Combined TRACON& Tower with Radar,42,30,9,0,81,0,0,7,0,7,42,30,16,0,88,0,0,0,88
09/24/2006,JAN,MS,ASO,CE,Combined TRACON& Tower with Radar,28,61,33,21,143,0,0,4,0,4,28,61,37,21,147,0,36,36,183
09/25/2006,JAN,MS,ASO,CE,Combined TRACON& Tower with Radar,37,53,57,25,172,0,3,14,0,17,37,56,71,25,189,2,78,80,269
09/26/2006,JAN,MS,ASO,CE,Combined TRACON& Tower with Radar,32,67,42,23,164,0,0,25,1,26,32,67,67,24,190,10,96,106,296
09/27/2006,JAN,MS,ASO,CE,Combined TRACON& Tower with Radar,48,50,46,9,153,0,2,29,0,31,48,52,75,9,184,18,18,36,220
09/28/2006,JAN,MS,ASO,CE,Combined TRACON& Tower with Radar,32,73,39,15,159,0,0,14,5,19,32,73,53,20,178,22,36,58,236
09/29/2006,JAN,MS,ASO,CE,Combined TRACON& Tower with Radar,36,70,31,4,141,0,0,24,1,25,36,70,55,5,166,2,4,6,172
09/30/2006,JAN,MS,ASO,CE,Combined TRACON& Tower with Radar,25,46,10,9,90,0,1,15,0,16,25,47,25,9,106,2,8,10,116
10/01/2006,JAN,MS,ASO,CE,Combined TRACON& Tower with Radar,43,56,26,2,127,0,2,9,0,11,43,58,35,2,138,0,2,2,140
10/02/2006,JAN,MS,ASO,CE,Combined TRACON& Tower with Radar,29,62,40,5,136,0,3,23,0,26,29,65,63,5,162,6,64,70,232
10/03/2006,JAN,MS,ASO,CE,Combined TRACON& Tower with Radar,33,57,24,26,140,0,0,8,2,10,33,57,32,28,150,22,60,82,232
10/04/2006,JAN,MS,ASO,CE,Combined TRACON& Tower with Radar,37,60,40,39,176,0,1,12,0,13,37,61,52,39,189,10,122,132,321
10/05/2006,JAN,MS,ASO,CE,Combined TRACON& Tower with Radar,33,54,33,29,149,0,1,27,0,28,33,55,60,29,177,0,160,160,337
10/06/2006,JAN,MS,ASO,CE,Combined TRACON& Tower with Radar,44,54,45,8,151,0,0,7,0,7,44,54,52,8,158,0,28,28,186
10/07/2006,JAN,MS,ASO,CE,Combined TRACON& Tower with Radar,25,42,15,0,82,1,0,12,0,13,26,42,27,0,95,0,0,0,95
10/08/2006,JAN,MS,ASO,CE,Combined TRACON& Tower with Radar,42,45,5,5,97,0,0,6,0,6,42,45,11,5,103,0,4,4,107
10/09/2006,JAN,MS,ASO,CE,Combined TRACON& Tower with Radar,34,57,35,3,129,0,0,14,3,17,34,57,49,6,146,0,2,2,148
10/10/2006,JAN,MS,ASO,CE,Combined TRACON& Tower with Radar,28,52,33,25,138,0,1,5,1,7,28,53,38,26,145,4,92,96,241
10/11/2006,JAN,MS,ASO,CE,Combined TRACON& Tower with Radar,31,62,49,32,174,0,0,16,0,16,31,62,65,32,190,1,70,71,261
10/12/2006,JAN,MS,ASO,CE,Combined TRACON& Tower with Radar,32,60,37,28,157,0,2,13,9,24,32,62,50,37,181,2,44,46,227
10/13/2006,JAN,MS,ASO,CE,Combined TRACON& Tower with Radar,35,59,33,21,148,0,2,21,0,23,35,61,54,21,171,0,58,58,229
10/14/2006,JAN,MS,ASO,CE,Combined TRACON& Tower with Radar,23,51,20,8,102,0,1,7,1,9,23,52,27,9,111,4,14,18,129
10/15/2006,JAN,MS,ASO,CE,Combined TRACON& Tower with Radar,30,50,16,5,101,0,0,3,1,4,30,50,19,6,105,0,0,0,105
10/16/2006,JAN,MS,ASO,CE,Combined TRACON& Tower with Radar,32,41,20,2,95,0,0,0,0,0,32,41,20,2,95,0,0,0,95
10/17/2006,JAN,MS,ASO,CE,Combined TRACON& Tower with Radar,42,56,31,51,180,0,0,11,0,11,42,56,42,51,191,50,182,232,423
10/18/2006,JAN,MS,ASO,CE,Combined TRACON& Tower with Radar,27,65,50,20,162,0,1,12,0,13,27,66,62,20,175,16,100,116,291
10/19/2006,JAN,MS,ASO,CE,Combined TRACON& Tower with Radar,32,62,47,10,151,0,0,0,0,0,32,62,47,10,151,2,18,20,171
10/20/2006,JAN,MS,ASO,CE,Combined TRACON& Tower with Radar,34,70,41,21,166,0,1,15,3,19,34,71,56,24,185,22,72,94,279
10/21/2006,JAN,MS,ASO,CE,Combined TRACON& Tower with Radar,23,47,16,6,92,0,0,10,0,10,23,47,26,6,102,0,2,2,104
10/22/2006,JAN,MS,ASO,CE,Combined TRACON& Tower with Radar,27,60,24,1,112,0,0,4,5,9,27,60,28,6,121,4,0,4,125
10/23/2006,JAN,MS,ASO,CE,Combined TRACON& Tower with Radar,29,55,44,17,145,0,0,15,0,15,29,55,59,17,160,7,52,59,219
10/24/2006,JAN,MS,ASO,CE,Combined TRACON& Tower with Radar,28,62,52,19,161,0,2,19,1,22,28,64,71,20,183,6,60,66,249
10/25/2006,JAN,MS,ASO,CE,Combined TRACON& Tower with Radar,30,62,67,23,182,0,1,14,0,15,30,63,81,23,197,8,74,82,279
10/26/2006,JAN,MS,ASO,CE,Combined TRACON& Tower with Radar,26,57,32,9,124,0,0,0,0,0,26,57,32,9,124,0,12,12,136
10/27/2006,JAN,MS,ASO,CE,Combined TRACON& Tower with Radar,37,62,42,13,154,0,0,3,0,3,37,62,45,13,157,0,26,26,183
10/28/2006,JAN,MS,ASO,CE,Combined TRACON& Tower with Radar,32,46,21,0,99,0,2,25,0,27,32,48,46,0,126,14,0,14,140
10/29/2006,JAN,MS,ASO,CE,Combined TRACON& Tower with Radar,35,42,19,3,99,0,1,6,0,7,35,43,25,3,106,8,0,8,114
10/30/2006,JAN,MS,ASO,CE,Combined TRACON& Tower with Radar,29,61,47,15,152,0,0,20,1,21,29,61,67,16,173,10,50,60,233
10/31/2006,JAN,MS,ASO,CE,Combined TRACON& Tower with Radar,39,68,43,27,177,0,0,10,1,11,39,68,53,28,188,30,118,148,336
11/01/2006,JAN,MS,ASO,CE,Combined TRACON& Tower with Radar,36,59,38,14,147,0,0,3,0,3,36,59,41,14,150,2,10,12,162
11/02/2006,JAN,MS,ASO,CE,Combined TRACON& Tower with Radar,30,69,40,35,174,0,2,16,2,20,30,71,56,37,194,2,118,120,314
11/03/2006,JAN,MS,ASO,CE,Combined TRACON& Tower with Radar,35,60,45,16,156,0,1,21,2,24,35,61,66,18,180,26,132,158,338
11/04/2006,JAN,MS,ASO,CE,Combined TRACON& Tower with Radar,45,33,19,0,97,0,0,11,0,11,45,33,30,0,108,14,0,14,122
11/05/2006,JAN,MS,ASO,CE,Combined TRACON& Tower with Radar,26,65,22,9,122,0,0,13,0,13,26,65,35,9,135,10,30,40,175
11/06/2006,JAN,MS,ASO,CE,Combined TRACON& Tower with Radar,32,63,18,2,115,0,0,0,0,0,32,63,18,2,115,0,0,0,115
11/07/2006,JAN,MS,ASO,CE,Combined TRACON& Tower with Radar,31,59,35,42,167,0,0,6,2,8,31,59,41,44,175,6,66,72,247
11/08/2006,JAN,MS,ASO,CE,Combined TRACON& Tower with Radar,41,54,45,32,172,0,1,10,7,18,41,55,55,39,190,2,56,58,248
11/09/2006,JAN,MS,ASO,CE,Combined TRACON& Tower with Radar,34,59,59,6,158,0,0,38,0,38,34,59,97,6,196,10,6,16,212
11/10/2006,JAN,MS,ASO,CE,Combined TRACON& Tower with Radar,30,62,44,7,143,0,0,15,2,17,30,62,59,9,160,12,4,16,176
11/11/2006,JAN,MS,ASO,CE,Combined TRACON& Tower with Radar,30,46,23,0,99,0,0,10,0,10,30,46,33,0,109,2,0,2,111
11/12/2006,JAN,MS,ASO,CE,Combined TRACON& Tower with Radar,26,55,29,3,113,0,0,12,2,14,26,55,41,5,127,4,2,6,133
11/13/2006,JAN,MS,ASO,CE,Combined TRACON& Tower with Radar,36,52,40,23,151,0,0,12,1,13,36,52,52,24,164,8,122,130,294
11/14/2006,JAN,MS,ASO,CE,Combined TRACON& Tower with Radar,33,53,53,15,154,0,0,8,2,10,33,53,61,17,164,24,84,108,272
11/15/2006,JAN,MS,ASO,CE,Combined TRACON& Tower with Radar,30,59,31,30,150,0,0,3,0,3,30,59,34,30,153,2,56,58,211
11/16/2006,JAN,MS,ASO,CE,Combined TRACON& Tower with Radar,50,58,51,58,217,0,0,15,0,15,50,58,66,58,232,34,204,238,470
11/17/2006,JAN,MS,ASO,CE,Combined TRACON& Tower with Radar,32,67,27,14,140,0,3,23,3,29,32,70,50,17,169,4,42,46,215
11/18/2006,JAN,MS,ASO,CE,Combined TRACON& Tower with Radar,31,44,15,17,107,0,0,10,0,10,31,44,25,17,117,4,18,22,139
11/19/2006,JAN,MS,ASO,CE,Combined TRACON& Tower with Radar,42,40,13,2,97,0,0,9,0,9,42,40,22,2,106,0,12,12,118
11/20/2006,JAN,MS,ASO,CE,Combined TRACON& Tower with Radar,32,64,34,18,148,0,2,14,0,16,32,66,48,18,164,2,78,80,244
11/21/2006,JAN,MS,ASO,CE,Combined TRACON& Tower with Radar,32,62,26,39,159,0,1,17,1,19,32,63,43,40,178,0,92,92,270
11/22/2006,JAN,MS,ASO,CE,Combined TRACON& Tower with Radar,37,69,29,28,163,0,0,13,0,13,37,69,42,28,176,6,130,136,312
11/23/2006,JAN,MS,ASO,CE,Combined TRACON& Tower with Radar,17,43,3,0,63,0,0,9,0,9,17,43,12,0,72,0,0,0,72
11/24/2006,JAN,MS,ASO,CE,Combined TRACON& Tower with Radar,31,47,15,1,94,0,1,11,0,12,31,48,26,1,106,0,0,0,106
11/25/2006,JAN,MS,ASO,CE,Combined TRACON& Tower with Radar,31,53,13,0,97,0,0,9,0,9,31,53,22,0,106,0,0,0,106
11/26/2006,JAN,MS,ASO,CE,Combined TRACON& Tower with Radar,26,62,19,1,108,0,0,7,0,7,26,62,26,1,115,0,0,0,115
11/27/2006,JAN,MS,ASO,CE,Combined TRACON& Tower with Radar,32,60,28,16,136,0,0,15,0,15,32,60,43,16,151,0,92,92,243
11/28/2006,JAN,MS,ASO,CE,Combined TRACON& Tower with Radar,34,68,25,9,136,0,0,3,0,3,34,68,28,9,139,0,41,41,180
11/29/2006,JAN,MS,ASO,CE,Combined TRACON& Tower with Radar,32,63,57,44,196,0,0,6,5,11,32,63,63,49,207,4,184,188,395
11/30/2006,JAN,MS,ASO,CE,Combined TRACON& Tower with Radar,41,45,30,17,133,0,0,4,0,4,41,45,34,17,137,0,64,64,201
12/01/2006,JAN,MS,ASO,CE,Combined TRACON& Tower with Radar,32,62,26,27,147,0,1,16,4,21,32,63,42,31,168,2,118,120,288
12/02/2006,JAN,MS,ASO,CE,Combined TRACON& Tower with Radar,30,41,12,9,92,0,0,12,2,14,30,41,24,11,106,2,12,14,120
12/03/2006,JAN,MS,ASO,CE,Combined TRACON& Tower with Radar,41,41,19,16,117,0,0,12,0,12,41,41,31,16,129,6,52,58,187
12/04/2006,JAN,MS,ASO,CE,Combined TRACON& Tower with Radar,26,59,27,32,144,0,0,8,0,8,26,59,35,32,152,0,96,96,248
12/05/2006,JAN,MS,ASO,CE,Combined TRACON& Tower with Radar,48,44,38,20,150,0,0,12,0,12,48,44,50,20,162,2,52,54,216
12/06/2006,JAN,MS,ASO,CE,Combined TRACON& Tower with Radar,30,56,51,29,166,0,1,13,0,14,30,57,64,29,180,0,88,88,268
12/07/2006,JAN,MS,ASO,CE,Combined TRACON& Tower with Radar,48,41,27,29,145,0,1,8,4,13,48,42,35,33,158,0,66,66,224
12/08/2006,JAN,MS,ASO,CE,Combined TRACON& Tower with Radar,37,52,39,27,155,0,1,18,6,25,37,53,57,33,180,6,108,114,294
12/09/2006,JAN,MS,ASO,CE,Combined TRACON& Tower with Radar,30,41,10,14,95,0,0,9,0,9,30,41,19,14,104,6,20,26,130
12/10/2006,JAN,MS,ASO,CE,Combined TRACON& Tower with Radar,26,50,14,15,105,0,0,6,0,6,26,50,20,15,111,0,0,0,111
12/11/2006,JAN,MS,ASO,CE,Combined TRACON& Tower with Radar,34,59,39,21,153,0,0,11,3,14,34,59,50,24,167,6,156,162,329
12/12/2006,JAN,MS,ASO,CE,Combined TRACON& Tower with Radar,26,65,35,31,157,0,0,9,0,9,26,65,44,31,166,4,106,110,276
12/13/2006,JAN,MS,ASO,CE,Combined TRACON& Tower with Radar,30,67,59,37,193,0,0,9,3,12,30,67,68,40,205,2,62,64,269
12/14/2006,JAN,MS,ASO,CE,Combined TRACON& Tower with Radar,37,61,52,15,165,0,0,14,1,15,37,61,66,16,180,10,22,32,212
12/15/2006,JAN,MS,ASO,CE,Combined TRACON& Tower with Radar,46,56,40,16,158,0,1,12,2,15,46,57,52,18,173,1,38,39,212
12/16/2006,JAN,MS,ASO,CE,Combined TRACON& Tower with Radar,39,41,7,3,90,0,0,5,2,7,39,41,12,5,97,0,0,0,97
12/17/2006,JAN,MS,ASO,CE,Combined TRACON& Tower with Radar,26,60,19,2,107,0,0,14,1,15,26,60,33,3,122,2,0,2,124
12/18/2006,JAN,MS,ASO,CE,Combined TRACON& Tower with Radar,39,58,31,20,148,0,0,16,2,18,39,58,47,22,166,8,50,58,224
12/19/2006,JAN,MS,ASO,CE,Combined TRACON& Tower with Radar,44,61,56,23,184,0,0,1,1,2,44,61,57,24,186,10,46,56,242
12/20/2006,JAN,MS,ASO,CE,Combined TRACON& Tower with Radar,34,59,62,25,180,0,0,2,0,2,34,59,64,25,182,0,100,100,282
12/21/2006,JAN,MS,ASO,CE,Combined TRACON& Tower with Radar,35,68,32,3,138,0,0,0,0,0,35,68,32,3,138,2,2,4,142
12/22/2006,JAN,MS,ASO,CE,Combined TRACON& Tower with Radar,42,52,25,12,131,0,0,8,1,9,42,52,33,13,140,2,58,60,200
12/23/2006,JAN,MS,ASO,CE,Combined TRACON& Tower with Radar,29,60,12,0,101,0,2,8,0,10,29,62,20,0,111,0,0,0,111
12/24/2006,JAN,MS,ASO,CE,Combined TRACON& Tower with Radar,23,44,10,1,78,0,0,3,0,3,23,44,13,1,81,4,0,4,85
12/25/2006,JAN,MS,ASO,CE,Combined TRACON& Tower with Radar,53,19,1,1,74,0,0,0,0,0,53,19,1,1,74,0,0,0,74
12/26/2006,JAN,MS,ASO,CE,Combined TRACON& Tower with Radar,30,53,33,0,116,0,0,18,0,18,30,53,51,0,134,2,0,2,136
12/27/2006,JAN,MS,ASO,CE,Combined TRACON& Tower with Radar,36,57,14,10,117,0,0,13,0,13,36,57,27,10,130,18,28,46,176
12/28/2006,JAN,MS,ASO,CE,Combined TRACON& Tower with Radar,35,51,39,3,128,0,0,3,0,3,35,51,42,3,131,0,0,0,131
12/29/2006,JAN,MS,ASO,CE,Combined TRACON& Tower with Radar,38,47,17,3,105,0,0,7,0,7,38,47,24,3,112,0,2,2,114
12/30/2006,JAN,MS,ASO,CE,Combined TRACON& Tower with Radar,26,58,5,0,89,0,0,0,0,0,26,58,5,0,89,0,0,0,89
12/31/2006,JAN,MS,ASO,CE,Combined TRACON& Tower with Radar,22,40,3,1,66,0,0,8,0,8,22,40,11,1,74,10,0,10,84
01/01/2007,JAN,MS,ASO,CE,Combined TRACON& Tower with Radar,22,46,6,1,75,0,0,4,0,4,22,46,10,1,79,2,0,2,81
01/02/2007,JAN,MS,ASO,CE,Combined TRACON& Tower with Radar,29,57,21,1,108,0,0,15,0,15,29,57,36,1,123,0,0,0,123
01/03/2007,JAN,MS,ASO,CE,Combined TRACON& Tower with Radar,30,63,28,32,153,0,1,11,4,16,30,64,39,36,169,0,116,116,285
01/04/2007,JAN,MS,ASO,CE,Combined TRACON& Tower with Radar,45,49,24,2,120,0,0,0,0,0,45,49,24,2,120,0,2,2,122
01/05/2007,JAN,MS,ASO,CE,Combined TRACON& Tower with Radar,33,61,45,43,182,0,0,9,0,9,33,61,54,43,191,24,122,146,337
01/06/2007,JAN,MS,ASO,CE,Combined TRACON& Tower with Radar,38,42,25,3,108,0,0,12,1,13,38,42,37,4,121,16,2,18,139
01/07/2007,JAN,MS,ASO,CE,Combined TRACON& Tower with Radar,39,41,15,5,100,0,0,0,0,0,39,41,15,5,100,2,2,4,104
01/08/2007,JAN,MS,ASO,CE,Combined TRACON& Tower with Radar,29,60,16,25,130,0,0,14,4,18,29,60,30,29,148,2,90,92,240
01/09/2007,JAN,MS,ASO,CE,Combined TRACON& Tower with Radar,29,61,28,19,137,0,0,15,2,17,29,61,43,21,154,11,66,77,231
01/10/2007,JAN,MS,ASO,CE,Combined TRACON& Tower with Radar,37,53,33,32,155,0,1,9,3,13,37,54,42,35,168,0,64,64,232
01/11/2007,JAN,MS,ASO,CE,Combined TRACON& Tower with Radar,35,54,29,50,168,1,0,15,2,18,36,54,44,52,186,12,164,176,362
01/12/2007,JAN,MS,ASO,CE,Combined TRACON& Tower with Radar,34,58,40,28,160,0,0,2,2,4,34,58,42,30,164,4,128,132,296
01/13/2007,JAN,MS,ASO,CE,Combined TRACON& Tower with Radar,26,39,14,0,79,0,0,3,0,3,26,39,17,0,82,0,0,0,82
01/14/2007,JAN,MS,ASO,CE,Combined TRACON& Tower with Radar,29,54,11,2,96,0,0,0,0,0,29,54,11,2,96,0,0,0,96
01/15/2007,JAN,MS,ASO,CE,Combined TRACON& Tower with Radar,30,52,19,1,102,0,0,2,0,2,30,52,21,1,104,0,0,0,104
01/16/2007,JAN,MS,ASO,CE,Combined TRACON& Tower with Radar,29,55,21,21,126,0,0,0,2,2,29,55,21,23,128,0,86,86,214
01/17/2007,JAN,MS,ASO,CE,Combined TRACON& Tower with Radar,33,45,45,12,135,0,0,9,0,9,33,45,54,12,144,4,24,28,172
01/18/2007,JAN,MS,ASO,CE,Combined TRACON& Tower with Radar,30,58,42,12,142,0,0,5,0,5,30,58,47,12,147,0,24,24,171
01/19/2007,JAN,MS,ASO,CE,Combined TRACON& Tower with Radar,33,64,42,55,194,0,0,7,0,7,33,64,49,55,201,2,212,214,415
01/20/2007,JAN,MS,ASO,CE,Combined TRACON& Tower with Radar,24,51,9,4,88,0,0,16,1,17,24,51,25,5,105,0,12,12,117
01/21/2007,JAN,MS,ASO,CE,Combined TRACON& Tower with Radar,24,48,19,3,94,0,0,0,0,0,24,48,19,3,94,8,0,8,102
01/22/2007,JAN,MS,ASO,CE,Combined TRACON& Tower with Radar,30,58,57,88,233,0,0,0,0,0,30,58,57,88,233,0,143,143,376
01/23/2007,JAN,MS,ASO,CE,Combined TRACON& Tower with Radar,28,63,56,25,172,0,1,21,1,23,28,64,77,26,195,0,60,60,255
01/24/2007,JAN,MS,ASO,CE,Combined TRACON& Tower with Radar,29,61,53,29,172,0,0,16,0,16,29,61,69,29,188,0,170,170,358
01/25/2007,JAN,MS,ASO,CE,Combined TRACON& Tower with Radar,33,65,47,29,174,0,1,26,0,27,33,66,73,29,201,2,94,96,297
01/26/2007,JAN,MS,ASO,CE,Combined TRACON& Tower with Radar,31,60,31,21,143,0,2,28,0,30,31,62,59,21,173,6,32,38,211
01/27/2007,JAN,MS,ASO,CE,Combined TRACON& Tower with Radar,42,31,10,2,85,0,0,5,0,5,42,31,15,2,90,8,0,8,98
01/28/2007,JAN,MS,ASO,CE,Combined TRACON& Tower with Radar,42,42,11,7,102,0,0,26,6,32,42,42,37,13,134,0,4,4,138
01/29/2007,JAN,MS,ASO,CE,Combined TRACON& Tower with Radar,40,55,24,24,143,0,1,26,1,28,40,56,50,25,171,8,161,169,340
01/30/2007,JAN,MS,ASO,CE,Combined TRACON& Tower with Radar,35,59,28,20,142,0,2,29,2,33,35,61,57,22,175,2,86,88,263
01/31/2007,JAN,MS,ASO,CE,Combined TRACON& Tower with Radar,40,60,34,32,166,0,0,36,0,36,40,60,70,32,202,8,70,78,280
02/01/2007,JAN,MS,ASO,CE,Combined TRACON& Tower with Radar,36,52,33,25,146,0,0,0,0,0,36,52,33,25,146,0,42,42,188
02/02/2007,JAN,MS,ASO,CE,Combined TRACON& Tower with Radar,9,67,47,10,133,20,0,7,2,29,29,67,54,12,162,4,6,10,172
02/03/2007,JAN,MS,ASO,CE,Combined TRACON& Tower with Radar,29,57,21,2,109,0,0,24,0,24,29,57,45,2,133,6,0,6,139
02/04/2007,JAN,MS,ASO,CE,Combined TRACON& Tower with Radar,22,59,11,5,97,0,0,30,1,31,22,59,41,6,128,2,4,6,134
02/05/2007,JAN,MS,ASO,CE,Combined TRACON& Tower with Radar,27,67,30,14,138,0,0,20,0,20,27,67,50,14,158,2,26,28,186
02/06/2007,JAN,MS,ASO,CE,Combined TRACON& Tower with Radar,25,70,37,29,161,0,1,26,3,30,25,71,63,32,191,10,88,98,289
02/07/2007,JAN,MS,ASO,CE,Combined TRACON& Tower with Radar,29,69,24,19,141,0,2,19,1,22,29,71,43,20,163,10,98,108,271
02/08/2007,JAN,MS,ASO,CE,Combined TRACON& Tower with Radar,35,74,55,14,178,0,0,4,0,4,35,74,59,14,182,10,18,28,210
02/09/2007,JAN,MS,ASO,CE,Combined TRACON& Tower with Radar,31,62,34,16,143,0,0,0,0,0,31,62,34,16,143,12,4,16,159
02/10/2007,JAN,MS,ASO,CE,Combined TRACON& Tower with Radar,31,46,22,1,100,0,0,24,0,24,31,46,46,1,124,26,48,74,198
02/11/2007,JAN,MS,ASO,CE,Combined TRACON& Tower with Radar,24,59,13,24,120,0,0,29,0,29,24,59,42,24,149,2,42,44,193
02/12/2007,JAN,MS,ASO,CE,Combined TRACON& Tower with Radar,33,59,38,16,146,0,0,19,0,19,33,59,57,16,165,22,177,199,364
02/13/2007,JAN,MS,ASO,CE,Combined TRACON& Tower with Radar,25,59,39,39,162,0,0,0,0,0,25,59,39,39,162,0,245,245,407
02/14/2007,JAN,MS,ASO,CE,Combined TRACON& Tower with Radar,27,63,26,56,172,0,1,5,3,9,27,64,31,59,181,6,143,149,330
02/15/2007,JAN,MS,ASO,CE,Combined TRACON& Tower with Radar,30,60,52,25,167,0,1,23,0,24,30,61,75,25,191,12,42,54,245
02/16/2007,JAN,MS,ASO,CE,Combined TRACON& Tower with Radar,50,42,40,19,151,0,2,27,0,29,50,44,67,19,180,0,202,202,382
02/17/2007,JAN,MS,ASO,CE,Combined TRACON& Tower with Radar,29,50,24,0,103,0,0,8,0,8,29,50,32,0,111,2,0,2,113
02/18/2007,JAN,MS,ASO,CE,Combined TRACON& Tower with Radar,30,44,27,2,103,0,1,11,0,12,30,45,38,2,115,0,0,0,115
02/19/2007,JAN,MS,ASO,CE,Combined TRACON& Tower with Radar,29,55,19,4,107,0,1,9,0,10,29,56,28,4,117,0,2,2,119
02/20/2007,JAN,MS,ASO,CE,Combined TRACON& Tower with Radar,38,56,33,20,147,0,0,8,0,8,38,56,41,20,155,0,58,58,213
02/21/2007,JAN,MS,ASO,CE,Combined TRACON& Tower with Radar,35,58,36,45,174,0,0,8,0,8,35,58,44,45,182,22,144,166,348
02/22/2007,JAN,MS,ASO,CE,Combined TRACON& Tower with Radar,35,67,42,30,174,0,0,18,0,18,35,67,60,30,192,0,131,131,323
02/23/2007,JAN,MS,ASO,CE,Combined TRACON& Tower with Radar,34,59,28,26,147,0,1,17,2,20,34,60,45,28,167,4,106,110,277
02/24/2007,JAN,MS,ASO,CE,Combined TRACON& Tower with Radar,32,35,12,3,82,0,0,4,0,4,32,35,16,3,86,2,2,4,90
02/25/2007,JAN,MS,ASO,CE,Combined TRACON& Tower with Radar,35,37,19,9,100,0,0,6,0,6,35,37,25,9,106,0,26,26,132
02/26/2007,JAN,MS,ASO,CE,Combined TRACON& Tower with Radar,30,62,30,38,160,0,0,13,7,20,30,62,43,45,180,0,126,126,306
02/27/2007,JAN,MS,ASO,CE,Combined TRACON& Tower with Radar,29,69,45,25,168,0,2,29,4,35,29,71,74,29,203,10,52,62,265
02/28/2007,JAN,MS,ASO,CE,Combined TRACON& Tower with Radar,35,73,30,24,162,0,2,27,1,30,35,75,57,25,192,0,74,74,266
03/01/2007,JAN,MS,ASO,CE,Combined TRACON& Tower with Radar,29,65,34,10,138,0,0,3,1,4,29,65,37,11,142,0,16,16,158
03/02/2007,JAN,MS,ASO,CE,Combined TRACON& Tower with Radar,47,65,21,22,155,0,1,7,2,10,47,66,28,24,165,0,78,78,243
03/03/2007,JAN,MS,ASO,CE,Combined TRACON& Tower with Radar,29,42,7,15,93,0,0,6,1,7,29,42,13,16,100,0,34,34,134
03/04/2007,JAN,MS,ASO,CE,Combined TRACON& Tower with Radar,25,56,19,12,112,0,0,9,2,11,25,56,28,14,123,2,30,32,155
03/05/2007,JAN,MS,ASO,CE,Combined TRACON& Tower with Radar,25,59,40,17,141,0,0,4,2,6,25,59,44,19,147,6,50,56,203
03/06/2007,JAN,MS,ASO,CE,Combined TRACON& Tower with Radar,34,56,40,37,167,0,1,26,4,31,34,57,66,41,198,6,110,116,314
03/07/2007,JAN,MS,ASO,CE,Combined TRACON& Tower with Radar,30,63,26,30,149,0,1,9,1,11,30,64,35,31,160,0,110,110,270
03/08/2007,JAN,MS,ASO,CE,Combined TRACON& Tower with Radar,28,67,40,43,178,0,3,20,3,26,28,70,60,46,204,32,160,192,396
03/09/2007,JAN,MS,ASO,CE,Combined TRACON& Tower with Radar,31,68,52,32,183,0,3,29,1,33,31,71,81,33,216,2,74,76,292
03/10/2007,JAN,MS,ASO,CE,Combined TRACON& Tower with Radar,22,55,27,0,104,0,0,18,0,18,22,55,45,0,122,24,4,28,150
03/11/2007,JAN,MS,ASO,CE,Combined TRACON& Tower with Radar,27,47,10,0,84,0,0,16,0,16,27,47,26,0,100,4,0,4,104
03/12/2007,JAN,MS,ASO,CE,Combined TRACON& Tower with Radar,52,33,35,19,139,0,0,7,0,7,52,33,42,19,146,8,78,86,232
03/13/2007,JAN,MS,ASO,CE,Combined TRACON& Tower with Radar,25,68,40,18,151,0,1,2,1,4,25,69,42,19,155,0,86,86,241
03/14/2007,JAN,MS,ASO,CE,Combined TRACON& Tower with Radar,38,61,32,11,142,0,0,3,0,3,38,61,35,11,145,12,10,22,167
03/15/2007,JAN,MS,ASO,CE,Combined TRACON& Tower with Radar,32,62,36,56,186,0,0,5,0,5,32,62,41,56,191,6,216,222,413
03/16/2007,JAN,MS,ASO,CE,Combined TRACON& Tower with Radar,40,57,43,14,154,0,0,5,0,5,40,57,48,14,159,0,102,102,261
03/17/2007,JAN,MS,ASO,CE,Combined TRACON& Tower with Radar,34,50,25,2,111,0,0,8,0,8,34,50,33,2,119,10,0,10,129
03/18/2007,JAN,MS,ASO,CE,Combined TRACON& Tower with Radar,25,56,22,3,106,0,0,12,0,12,25,56,34,3,118,10,0,10,128
03/19/2007,JAN,MS,ASO,CE,Combined TRACON& Tower with Radar,31,54,40,19,144,0,0,7,0,7,31,54,47,19,151,32,100,132,283
03/20/2007,JAN,MS,ASO,CE,Combined TRACON& Tower with Radar,33,66,35,26,160,0,1,13,3,17,33,67,48,29,177,30,66,96,273
03/21/2007,JAN,MS,ASO,CE,Combined TRACON& Tower with Radar,32,61,39,35,167,0,1,17,2,20,32,62,56,37,187,13,214,227,414
03/22/2007,JAN,MS,ASO,CE,Combined TRACON& Tower with Radar,51,48,33,30,162,0,2,18,0,20,51,50,51,30,182,0,152,152,334
03/23/2007,JAN,MS,ASO,CE,Combined TRACON& Tower with Radar,28,63,34,9,134,0,1,11,1,13,28,64,45,10,147,8,76,84,231
03/24/2007,JAN,MS,ASO,CE,Combined TRACON& Tower with Radar,25,37,10,2,74,0,0,15,0,15,25,37,25,2,89,3,0,3,92
03/25/2007,JAN,MS,ASO,CE,Combined TRACON& Tower with Radar,39,48,21,9,117,0,0,3,0,3,39,48,24,9,120,4,8,12,132
03/26/2007,JAN,MS,ASO,CE,Combined TRACON& Tower with Radar,27,63,34,24,148,0,0,14,0,14,27,63,48,24,162,12,144,156,318
03/27/2007,JAN,MS,ASO,CE,Combined TRACON& Tower with Radar,28,69,37,10,144,0,1,6,2,9,28,70,43,12,153,8,64,72,225
03/28/2007,JAN,MS,ASO,CE,Combined TRACON& Tower with Radar,41,56,36,31,164,0,1,8,0,9,41,57,44,31,173,8,96,104,277
03/29/2007,JAN,MS,ASO,CE,Combined TRACON& Tower with Radar,28,69,34,38,169,0,3,9,0,12,28,72,43,38,181,6,106,112,293
03/30/2007,JAN,MS,ASO,CE,Combined TRACON& Tower with Radar,27,67,34,25,153,0,0,13,0,13,27,67,47,25,166,0,98,98,264
03/31/2007,JAN,MS,ASO,CE,Combined TRACON& Tower with Radar,21,46,20,0,87,0,0,2,0,2,21,46,22,0,89,0,0,0,89
04/01/2007,JAN,MS,ASO,CE,Combined TRACON& Tower with Radar,35,42,19,1,97,0,0,9,0,9,35,42,28,1,106,2,0,2,108
04/02/2007,JAN,MS,ASO,CE,Combined TRACON& Tower with Radar,28,57,28,6,119,0,0,2,0,2,28,57,30,6,121,0,2,2,123
04/03/2007,JAN,MS,ASO,CE,Combined TRACON& Tower with Radar,38,68,32,25,163,0,1,3,0,4,38,69,35,25,167,14,20,34,201
04/04/2007,JAN,MS,ASO,CE,Combined TRACON& Tower with Radar,45,59,45,14,163,0,1,12,1,14,45,60,57,15,177,14,88,102,279
04/05/2007,JAN,MS,ASO,CE,Combined TRACON& Tower with Radar,28,64,37,6,135,0,0,16,0,16,28,64,53,6,151,4,48,52,203
04/06/2007,JAN,MS,ASO,CE,Combined TRACON& Tower with Radar,34,66,25,18,143,0,0,14,6,20,34,66,39,24,163,4,70,74,237
04/07/2007,JAN,MS,ASO,CE,Combined TRACON& Tower with Radar,22,58,16,0,96,0,0,2,0,2,22,58,18,0,98,8,2,10,108
04/08/2007,JAN,MS,ASO,CE,Combined TRACON& Tower with Radar,56,21,17,3,97,0,0,7,0,7,56,21,24,3,104,0,0,0,104
04/09/2007,JAN,MS,ASO,CE,Combined TRACON& Tower with Radar,28,64,58,10,160,0,0,8,0,8,28,64,66,10,168,16,8,24,192
04/10/2007,JAN,MS,ASO,CE,Combined TRACON& Tower with Radar,26,66,40,12,144,0,0,1,0,1,26,66,41,12,145,2,18,20,165
04/11/2007,JAN,MS,ASO,CE,Combined TRACON& Tower with Radar,26,67,27,28,148,0,1,5,0,6,26,68,32,28,154,0,122,122,276
04/12/2007,JAN,MS,ASO,CE,Combined TRACON& Tower with Radar,30,62,40,20,152,0,1,17,1,19,30,63,57,21,171,4,100,104,275
04/13/2007,JAN,MS,ASO,CE,Combined TRACON& Tower with Radar,28,62,36,26,152,0,0,13,1,14,28,62,49,27,166,8,88,96,262
04/14/2007,JAN,MS,ASO,CE,Combined TRACON& Tower with Radar,20,46,15,0,81,0,0,0,0,0,20,46,15,0,81,0,0,0,81
04/15/2007,JAN,MS,ASO,CE,Combined TRACON& Tower with Radar,32,40,24,18,114,0,0,3,0,3,32,40,27,18,117,0,14,14,131
04/16/2007,JAN,MS,ASO,CE,Combined TRACON& Tower with Radar,23,57,28,14,122,0,0,12,2,14,23,57,40,16,136,2,38,40,176
04/17/2007,JAN,MS,ASO,CE,Combined TRACON& Tower with Radar,28,67,33,28,156,0,0,17,23,40,28,67,50,51,196,4,92,96,292
04/18/2007,JAN,MS,ASO,CE,Combined TRACON& Tower with Radar,26,75,54,44,199,0,0,12,3,15,26,75,66,47,214,4,160,164,378
04/19/2007,JAN,MS,ASO,CE,Combined TRACON& Tower with Radar,27,68,45,25,165,0,0,21,0,21,27,68,66,25,186,10,172,182,368
04/20/2007,JAN,MS,ASO,CE,Combined TRACON& Tower with Radar,41,58,33,15,147,0,0,15,0,15,41,58,48,15,162,2,72,74,236
04/21/2007,JAN,MS,ASO,CE,Combined TRACON& Tower with Radar,44,28,10,0,82,0,1,6,0,7,44,29,16,0,89,0,0,0,89
04/22/2007,JAN,MS,ASO,CE,Combined TRACON& Tower with Radar,42,38,25,1,106,0,0,16,0,16,42,38,41,1,122,16,0,16,138
04/23/2007,JAN,MS,ASO,CE,Combined TRACON& Tower with Radar,36,50,31,22,139,0,0,8,0,8,36,50,39,22,147,8,66,74,221
04/24/2007,JAN,MS,ASO,CE,Combined TRACON& Tower with Radar,24,66,46,18,154,0,0,8,1,9,24,66,54,19,163,0,32,32,195
04/25/2007,JAN,MS,ASO,CE,Combined TRACON& Tower with Radar,25,68,36,16,145,0,0,7,0,7,25,68,43,16,152,2,52,54,206
04/26/2007,JAN,MS,ASO,CE,Combined TRACON& Tower with Radar,24,66,31,30,151,0,0,14,1,15,24,66,45,31,166,12,170,182,348
04/27/2007,JAN,MS,ASO,CE,Combined TRACON& Tower with Radar,39,52,40,17,148,0,0,16,1,17,39,52,56,18,165,4,8,12,177
04/28/2007,JAN,MS,ASO,CE,Combined TRACON& Tower with Radar,20,51,14,0,85,0,0,13,0,13,20,51,27,0,98,8,0,8,106
04/29/2007,JAN,MS,ASO,CE,Combined TRACON& Tower with Radar,43,33,23,5,104,0,0,18,0,18,43,33,41,5,122,16,6,22,144
04/30/2007,JAN,MS,ASO,CE,Combined TRACON& Tower with Radar,26,58,25,29,138,0,4,19,0,23,26,62,44,29,161,12,156,168,329
05/01/2007,JAN,MS,ASO,CE,Combined TRACON& Tower with Radar,25,67,34,15,141,0,0,9,3,12,25,67,43,18,153,0,36,36,189
05/02/2007,JAN,MS,ASO,CE,Combined TRACON& Tower with Radar,33,61,49,33,176,0,0,7,0,7,33,61,56,33,183,10,136,146,329
05/03/2007,JAN,MS,ASO,CE,Combined TRACON& Tower with Radar,26,64,26,18,134,0,0,5,1,6,26,64,31,19,140,2,24,26,166
05/04/2007,JAN,MS,ASO,CE,Combined TRACON& Tower with Radar,39,65,42,15,161,0,0,1,0,1,39,65,43,15,162,0,30,30,192
05/05/2007,JAN,MS,ASO,CE,Combined TRACON& Tower with Radar,24,52,14,3,93,0,0,7,0,7,24,52,21,3,100,0,0,0,100
05/06/2007,JAN,MS,ASO,CE,Combined TRACON& Tower with Radar,46,37,21,5,109,0,0,8,1,9,46,37,29,6,118,6,0,6,124
05/07/2007,JAN,MS,ASO,CE,Combined TRACON& Tower with Radar,26,59,35,15,135,0,0,3,0,3,26,59,38,15,138,8,90,98,236
05/08/2007,JAN,MS,ASO,CE,Combined TRACON& Tower with Radar,25,73,27,17,142,0,0,9,0,9,25,73,36,17,151,10,146,156,307
05/09/2007,JAN,MS,ASO,CE,Combined TRACON& Tower with Radar,35,57,38,29,159,0,0,12,5,17,35,57,50,34,176,2,124,126,302
05/10/2007,JAN,MS,ASO,CE,Combined TRACON& Tower with Radar,31,67,24,27,149,0,0,7,0,7,31,67,31,27,156,2,150,152,308
05/11/2007,JAN,MS,ASO,CE,Combined TRACON& Tower with Radar,29,66,37,14,146,0,0,3,0,3,29,66,40,14,149,2,62,64,213
05/12/2007,JAN,MS,ASO,CE,Combined TRACON& Tower with Radar,35,40,10,4,89,0,0,3,0,3,35,40,13,4,92,0,2,2,94
05/13/2007,JAN,MS,ASO,CE,Combined TRACON& Tower with Radar,23,55,10,7,95,0,0,6,0,6,23,55,16,7,101,6,16,22,123
05/14/2007,JAN,MS,ASO,CE,Combined TRACON& Tower with Radar,38,50,50,15,153,0,0,7,1,8,38,50,57,16,161,10,34,44,205
05/15/2007,JAN,MS,ASO,CE,Combined TRACON& Tower with Radar,27,69,50,14,160,0,0,2,0,2,27,69,52,14,162,6,12,18,180
05/16/2007,JAN,MS,ASO,CE,Combined TRACON& Tower with Radar,28,66,56,57,207,0,0,9,0,9,28,66,65,57,216,0,102,102,318
05/17/2007,JAN,MS,ASO,CE,Combined TRACON& Tower with Radar,56,41,37,48,182,0,0,15,0,15,56,41,52,48,197,0,72,72,269
05/18/2007,JAN,MS,ASO,CE,Combined TRACON& Tower with Radar,61,34,41,27,163,0,0,12,1,13,61,34,53,28,176,42,304,346,522
05/19/2007,JAN,MS,ASO,CE,Combined TRACON& Tower with Radar,22,49,8,6,85,0,0,15,1,16,22,49,23,7,101,2,0,2,103
05/20/2007,JAN,MS,ASO,CE,Combined TRACON& Tower with Radar,25,54,16,20,115,0,0,8,0,8,25,54,24,20,123,0,188,188,311
05/21/2007,JAN,MS,ASO,CE,Combined TRACON& Tower with Radar,31,57,34,21,143,0,0,11,0,11,31,57,45,21,154,0,62,62,216
05/22/2007,JAN,MS,ASO,CE,Combined TRACON& Tower with Radar,37,59,38,25,159,0,2,13,0,15,37,61,51,25,174,6,212,218,392
05/23/2007,JAN,MS,ASO,CE,Combined TRACON& Tower with Radar,36,67,36,37,176,0,1,17,2,20,36,68,53,39,196,14,124,138,334
05/24/2007,JAN,MS,ASO,CE,Combined TRACON& Tower with Radar,25,64,37,40,166,0,2,13,0,15,25,66,50,40,181,14,92,106,287
05/25/2007,JAN,MS,ASO,CE,Combined TRACON& Tower with Radar,33,63,29,7,132,0,0,10,1,11,33,63,39,8,143,0,4,4,147
05/26/2007,JAN,MS,ASO,CE,Combined TRACON& Tower with Radar,25,48,12,3,88,0,0,7,2,9,25,48,19,5,97,0,0,0,97
05/27/2007,JAN,MS,ASO,CE,Combined TRACON& Tower with Radar,36,27,9,2,74,0,0,6,0,6,36,27,15,2,80,4,0,4,84
05/28/2007,JAN,MS,ASO,CE,Combined TRACON& Tower with Radar,36,45,18,2,101,0,0,4,0,4,36,45,22,2,105,4,0,4,109
05/29/2007,JAN,MS,ASO,CE,Combined TRACON& Tower with Radar,20,65,35,19,139,0,0,4,0,4,20,65,39,19,143,3,58,61,204
05/30/2007,JAN,MS,ASO,CE,Combined TRACON& Tower with Radar,28,71,27,26,152,0,0,5,0,5,28,71,32,26,157,4,72,76,233
05/31/2007,JAN,MS,ASO,CE,Combined TRACON& Tower with Radar,29,66,25,6,126,0,0,4,0,4,29,66,29,6,130,0,32,32,162
06/01/2007,JAN,MS,ASO,CE,Combined TRACON& Tower with Radar,30,61,35,15,141,0,0,9,0,9,30,61,44,15,150,0,94,94,244
06/02/2007,JAN,MS,ASO,CE,Combined TRACON& Tower with Radar,22,49,12,4,87,0,4,9,0,13,22,53,21,4,100,10,0,10,110
06/03/2007,JAN,MS,ASO,CE,Combined TRACON& Tower with Radar,34,38,21,15,108,0,0,12,0,12,34,38,33,15,120,6,8,14,134
06/04/2007,JAN,MS,ASO,CE,Combined TRACON& Tower with Radar,29,50,27,26,132,0,0,7,1,8,29,50,34,27,140,0,68,68,208
06/05/2007,JAN,MS,ASO,CE,Combined TRACON& Tower with Radar,29,68,36,13,146,0,0,14,1,15,29,68,50,14,161,0,48,48,209
06/06/2007,JAN,MS,ASO,CE,Combined TRACON& Tower with Radar,32,66,37,28,163,0,0,10,2,12,32,66,47,30,175,28,156,184,359
06/07/2007,JAN,MS,ASO,CE,Combined TRACON& Tower with Radar,25,70,44,15,154,0,0,5,0,5,25,70,49,15,159,6,70,76,235
06/08/2007,JAN,MS,ASO,CE,Combined TRACON& Tower with Radar,29,68,28,32,157,0,0,10,0,10,29,68,38,32,167,2,124,126,293
06/09/2007,JAN,MS,ASO,CE,Combined TRACON& Tower with Radar,30,42,32,0,104,0,0,11,0,11,30,42,43,0,115,6,0,6,121
06/10/2007,JAN,MS,ASO,CE,Combined TRACON& Tower with Radar,29,55,20,4,108,0,0,14,0,14,29,55,34,4,122,10,0,10,132
06/11/2007,JAN,MS,ASO,CE,Combined TRACON& Tower with Radar,37,58,34,18,147,0,0,9,0,9,37,58,43,18,156,0,74,74,230
06/12/2007,JAN,MS,ASO,CE,Combined TRACON& Tower with Radar,29,70,24,23,146,0,0,9,1,10,29,70,33,24,156,0,66,66,222
06/13/2007,JAN,MS,ASO,CE,Combined TRACON& Tower with Radar,24,74,42,41,181,0,0,12,2,14,24,74,54,43,195,0,68,68,263
06/14/2007,JAN,MS,ASO,CE,Combined TRACON& Tower with Radar,29,66,27,28,150,0,0,14,1,15,29,66,41,29,165,2,50,52,217
06/15/2007,JAN,MS,ASO,CE,Combined TRACON& Tower with Radar,29,68,31,17,145,0,0,12,1,13,29,68,43,18,158,14,38,52,210
06/16/2007,JAN,MS,ASO,CE,Combined TRACON& Tower with Radar,47,29,9,2,87,0,0,9,0,9,47,29,18,2,96,8,0,8,104
06/17/2007,JAN,MS,ASO,CE,Combined TRACON& Tower with Radar,38,41,3,5,87,0,0,11,1,12,38,41,14,6,99,0,0,0,99
06/18/2007,JAN,MS,ASO,CE,Combined TRACON& Tower with Radar,33,51,23,29,136,0,0,5,0,5,33,51,28,29,141,5,98,103,244
06/19/2007,JAN,MS,ASO,CE,Combined TRACON& Tower with Radar,28,82,26,15,151,0,0,4,0,4,28,82,30,15,155,6,16,22,177
06/20/2007,JAN,MS,ASO,CE,Combined TRACON& Tower with Radar,31,75,48,27,181,0,0,12,1,13,31,75,60,28,194,3,86,89,283
06/21/2007,JAN,MS,ASO,CE,Combined TRACON& Tower with Radar,28,70,52,31,181,0,0,14,4,18,28,70,66,35,199,2,96,98,297
06/22/2007,JAN,MS,ASO,CE,Combined TRACON& Tower with Radar,28,69,42,38,177,0,0,24,4,28,28,69,66,42,205,0,150,150,355
06/23/2007,JAN,MS,ASO,CE,Combined TRACON& Tower with Radar,51,29,6,2,88,0,0,5,0,5,51,29,11,2,93,14,0,14,107
06/24/2007,JAN,MS,ASO,CE,Combined TRACON& Tower with Radar,23,60,17,4,104,0,0,5,4,9,23,60,22,8,113,0,0,0,113
06/25/2007,JAN,MS,ASO,CE,Combined TRACON& Tower with Radar,27,55,34,19,135,0,0,8,0,8,27,55,42,19,143,10,82,92,235
06/26/2007,JAN,MS,ASO,CE,Combined TRACON& Tower with Radar,30,57,35,34,156,0,0,3,0,3,30,57,38,34,159,2,128,130,289
06/27/2007,JAN,MS,ASO,CE,Combined TRACON& Tower with Radar,28,66,23,13,130,0,1,7,0,8,28,67,30,13,138,0,50,50,188
06/28/2007,JAN,MS,ASO,CE,Combined TRACON& Tower with Radar,30,67,32,14,143,0,0,11,0,11,30,67,43,14,154,14,104,118,272
06/29/2007,JAN,MS,ASO,CE,Combined TRACON& Tower with Radar,28,67,34,12,141,0,1,13,0,14,28,68,47,12,155,0,7,7,162
06/30/2007,JAN,MS,ASO,CE,Combined TRACON& Tower with Radar,24,39,12,1,76,0,0,2,0,2,24,39,14,1,78,0,8,8,86
07/01/2007,JAN,MS,ASO,CE,Combined TRACON& Tower with Radar,26,58,20,5,109,0,0,6,0,6,26,58,26,5,115,2,0,2,117
07/02/2007,JAN,MS,ASO,CE,Combined TRACON& Tower with Radar,47,30,18,11,106,0,0,2,0,2,47,30,20,11,108,0,130,130,238
07/03/2007,JAN,MS,ASO,CE,Combined TRACON& Tower with Radar,33,53,15,22,123,0,0,12,0,12,33,53,27,22,135,0,142,142,277
07/04/2007,JAN,MS,ASO,CE,Combined TRACON& Tower with Radar,19,50,12,0,81,0,1,4,0,5,19,51,16,0,86,0,1,1,87
07/05/2007,JAN,MS,ASO,CE,Combined TRACON& Tower with Radar,26,72,13,11,122,0,0,1,0,1,26,72,14,11,123,6,12,18,141
07/06/2007,JAN,MS,ASO,CE,Combined TRACON& Tower with Radar,40,46,22,12,120,0,0,0,0,0,40,46,22,12,120,0,6,6,126
07/07/2007,JAN,MS,ASO,CE,Combined TRACON& Tower with Radar,25,52,7,0,84,0,0,0,0,0,25,52,7,0,84,4,0,4,88
07/08/2007,JAN,MS,ASO,CE,Combined TRACON& Tower with Radar,26,55,8,7,96,0,0,2,0,2,26,55,10,7,98,9,0,9,107
07/09/2007,JAN,MS,ASO,CE,Combined TRACON& Tower with Radar,27,61,16,6,110,0,0,2,1,3,27,61,18,7,113,0,4,4,117
07/10/2007,JAN,MS,ASO,CE,Combined TRACON& Tower with Radar,27,73,35,20,155,0,0,2,1,3,27,73,37,21,158,0,130,130,288
07/11/2007,JAN,MS,ASO,CE,Combined TRACON& Tower with Radar,30,75,47,27,179,0,0,6,0,6,30,75,53,27,185,0,108,108,293
07/12/2007,JAN,MS,ASO,CE,Combined TRACON& Tower with Radar,31,65,16,23,135,0,0,12,2,14,31,65,28,25,149,0,61,61,210
07/13/2007,JAN,MS,ASO,CE,Combined TRACON& Tower with Radar,30,65,32,4,131,0,0,9,1,10,30,65,41,5,141,0,0,0,141
07/14/2007,JAN,MS,ASO,CE,Combined TRACON& Tower with Radar,26,48,32,0,106,0,0,1,0,1,26,48,33,0,107,20,0,20,127
07/15/2007,JAN,MS,ASO,CE,Combined TRACON& Tower with Radar,32,47,11,7,97,0,0,1,0,1,32,47,12,7,98,0,8,8,106
07/16/2007,JAN,MS,ASO,CE,Combined TRACON& Tower with Radar,26,62,38,9,135,0,0,4,2,6,26,62,42,11,141,4,62,66,207
07/17/2007,JAN,MS,ASO,CE,Combined TRACON& Tower with Radar,30,73,37,13,153,0,0,1,0,1,30,73,38,13,154,0,8,8,162
07/18/2007,JAN,MS,ASO,CE,Combined TRACON& Tower with Radar,29,67,27,27,150,0,0,4,0,4,29,67,31,27,154,0,70,70,224
07/19/2007,JAN,MS,ASO,CE,Combined TRACON& Tower with Radar,31,66,52,25,174,0,0,10,0,10,31,66,62,25,184,2,66,68,252
07/20/2007,JAN,MS,ASO,CE,Combined TRACON& Tower with Radar,37,60,35,6,138,0,0,5,2,7,37,60,40,8,145,2,36,38,183
07/21/2007,JAN,MS,ASO,CE,Combined TRACON& Tower with Radar,40,36,13,1,90,0,0,4,0,4,40,36,17,1,94,0,0,0,94
07/22/2007,JAN,MS,ASO,CE,Combined TRACON& Tower with Radar,24,56,15,13,108,0,0,11,0,11,24,56,26,13,119,20,24,44,163
07/23/2007,JAN,MS,ASO,CE,Combined TRACON& Tower with Radar,28,62,25,30,145,0,0,7,4,11,28,62,32,34,156,4,102,106,262
07/24/2007,JAN,MS,ASO,CE,Combined TRACON& Tower with Radar,28,70,34,33,165,0,0,5,2,7,28,70,39,35,172,7,10,17,189
07/25/2007,JAN,MS,ASO,CE,Combined TRACON& Tower with Radar,32,64,29,38,163,0,0,12,1,13,32,64,41,39,176,0,64,64,240
07/26/2007,JAN,MS,ASO,CE,Combined TRACON& Tower with Radar,25,77,29,20,151,0,0,4,0,4,25,77,33,20,155,0,132,132,287
07/27/2007,JAN,MS,ASO,CE,Combined TRACON& Tower with Radar,35,68,33,10,146,0,0,14,0,14,35,68,47,10,160,2,50,52,212
07/28/2007,JAN,MS,ASO,CE,Combined TRACON& Tower with Radar,26,53,15,13,107,0,0,9,1,10,26,53,24,14,117,0,10,10,127
07/29/2007,JAN,MS,ASO,CE,Combined TRACON& Tower with Radar,28,51,11,13,103,0,0,11,0,11,28,51,22,13,114,12,16,28,142
07/30/2007,JAN,MS,ASO,CE,Combined TRACON& Tower with Radar,26,62,33,15,136,0,0,8,0,8,26,62,41,15,144,0,36,36,180
07/31/2007,JAN,MS,ASO,CE,Combined TRACON& Tower with Radar,27,69,40,30,166,0,0,4,0,4,27,69,44,30,170,18,72,90,260
08/01/2007,JAN,MS,ASO,CE,Combined TRACON& Tower with Radar,27,62,34,26,149,0,0,3,1,4,27,62,37,27,153,0,46,46,199
08/02/2007,JAN,MS,ASO,CE,Combined TRACON& Tower with Radar,30,72,35,28,165,0,0,9,0,9,30,72,44,28,174,4,78,82,256
08/03/2007,JAN,MS,ASO,CE,Combined TRACON& Tower with Radar,28,73,24,26,151,0,0,11,1,12,28,73,35,27,163,2,116,118,281
08/04/2007,JAN,MS,ASO,CE,Combined TRACON& Tower with Radar,26,50,14,0,90,0,0,6,0,6,26,50,20,0,96,2,0,2,98
08/05/2007,JAN,MS,ASO,CE,Combined TRACON& Tower with Radar,46,32,25,8,111,0,0,9,0,9,46,32,34,8,120,6,12,18,138
08/06/2007,JAN,MS,ASO,CE,Combined TRACON& Tower with Radar,28,60,26,20,134,0,0,9,0,9,28,60,35,20,143,6,48,54,197
08/07/2007,JAN,MS,ASO,CE,Combined TRACON& Tower with Radar,35,67,29,56,187,0,0,17,1,18,35,67,46,57,205,6,162,168,373
08/08/2007,JAN,MS,ASO,CE,Combined TRACON& Tower with Radar,26,73,42,34,175,0,0,12,0,12,26,73,54,34,187,3,104,107,294
08/09/2007,JAN,MS,ASO,CE,Combined TRACON& Tower with Radar,33,66,36,31,166,0,0,10,1,11,33,66,46,32,177,4,91,95,272
08/10/2007,JAN,MS,ASO,CE,Combined TRACON& Tower with Radar,28,69,33,21,151,0,0,29,0,29,28,69,62,21,180,8,66,74,254
08/11/2007,JAN,MS,ASO,CE,Combined TRACON& Tower with Radar,28,47,7,1,83,0,0,9,0,9,28,47,16,1,92,2,0,2,94
08/12/2007,JAN,MS,ASO,CE,Combined TRACON& Tower with Radar,45,37,12,4,98,0,0,8,2,10,45,37,20,6,108,0,0,0,108
08/13/2007,JAN,MS,ASO,CE,Combined TRACON& Tower with Radar,35,54,37,18,144,0,0,11,0,11,35,54,48,18,155,0,94,94,249
08/14/2007,JAN,MS,ASO,CE,Combined TRACON& Tower with Radar,36,57,39,40,172,0,0,9,3,12,36,57,48,43,184,2,164,166,350
08/15/2007,JAN,MS,ASO,CE,Combined TRACON& Tower with Radar,33,71,37,32,173,0,0,12,2,14,33,71,49,34,187,8,94,102,289
08/16/2007,JAN,MS,ASO,CE,Combined TRACON& Tower with Radar,41,54,28,14,137,0,0,16,2,18,41,54,44,16,155,3,12,15,170
08/17/2007,JAN,MS,ASO,CE,Combined TRACON& Tower with Radar,27,69,26,22,144,0,0,15,3,18,27,69,41,25,162,4,52,56,218
08/18/2007,JAN,MS,ASO,CE,Combined TRACON& Tower with Radar,28,49,13,0,90,0,0,5,0,5,28,49,18,0,95,2,0,2,97
08/19/2007,JAN,MS,ASO,CE,Combined TRACON& Tower with Radar,23,54,11,10,98,0,0,3,0,3,23,54,14,10,101,2,12,14,115
08/20/2007,JAN,MS,ASO,CE,Combined TRACON& Tower with Radar,28,58,26,11,123,0,0,7,0,7,28,58,33,11,130,18,34,52,182
08/21/2007,JAN,MS,ASO,CE,Combined TRACON& Tower with Radar,33,62,40,22,157,0,0,13,4,17,33,62,53,26,174,6,16,22,196
08/22/2007,JAN,MS,ASO,CE,Combined TRACON& Tower with Radar,32,66,37,37,172,0,0,22,1,23,32,66,59,38,195,0,116,116,311
08/23/2007,JAN,MS,ASO,CE,Combined TRACON& Tower with Radar,45,52,30,20,147,0,0,7,2,9,45,52,37,22,156,0,80,80,236
08/24/2007,JAN,MS,ASO,CE,Combined TRACON& Tower with Radar,26,73,35,5,139,0,0,15,1,16,26,73,50,6,155,18,2,20,175
08/25/2007,JAN,MS,ASO,CE,Combined TRACON& Tower with Radar,20,48,11,2,81,0,1,6,0,7,20,49,17,2,88,0,0,0,88
08/26/2007,JAN,MS,ASO,CE,Combined TRACON& Tower with Radar,36,45,18,10,109,0,0,5,0,5,36,45,23,10,114,4,6,10,124
08/27/2007,JAN,MS,ASO,CE,Combined TRACON& Tower with Radar,26,60,31,10,127,0,0,5,0,5,26,60,36,10,132,2,14,16,148
08/28/2007,JAN,MS,ASO,CE,Combined TRACON& Tower with Radar,29,71,50,16,166,0,0,5,0,5,29,71,55,16,171,22,40,62,233
08/29/2007,JAN,MS,ASO,CE,Combined TRACON& Tower with Radar,37,63,61,57,218,0,0,8,3,11,37,63,69,60,229,2,112,114,343
08/30/2007,JAN,MS,ASO,CE,Combined TRACON& Tower with Radar,62,62,24,16,164,0,0,9,0,9,62,62,33,16,173,84,26,110,283
08/31/2007,JAN,MS,ASO,CE,Combined TRACON& Tower with Radar,31,68,55,5,159,0,0,11,0,11,31,68,66,5,170,20,2,22,192
09/01/2007,JAN,MS,ASO,CE,Combined TRACON& Tower with Radar,23,38,1,1,63,0,0,0,72,72,23,38,1,73,135,2,0,2,137
09/02/2007,JAN,MS,ASO,CE,Combined TRACON& Tower with Radar,14,45,9,0,68,0,0,4,0,4,14,45,13,0,72,4,0,4,76
09/03/2007,JAN,MS,ASO,CE,Combined TRACON& Tower with Radar,22,57,29,2,110,0,0,4,0,4,22,57,33,2,114,6,0,6,120
09/04/2007,JAN,MS,ASO,CE,Combined TRACON& Tower with Radar,28,61,20,16,125,0,0,8,0,8,28,61,28,16,133,4,112,116,249
09/05/2007,JAN,MS,ASO,CE,Combined TRACON& Tower with Radar,28,67,36,15,146,0,0,9,4,13,28,67,45,19,159,24,24,48,207
09/06/2007,JAN,MS,ASO,CE,Combined TRACON& Tower with Radar,30,69,39,20,158,0,4,8,1,13,30,73,47,21,171,6,92,98,269
09/07/2007,JAN,MS,ASO,CE,Combined TRACON& Tower with Radar,31,68,25,8,132,0,0,3,2,5,31,68,28,10,137,0,38,38,175
09/08/2007,JAN,MS,ASO,CE,Combined TRACON& Tower with Radar,32,31,24,6,93,0,0,10,0,10,32,31,34,6,103,28,0,28,131
09/09/2007,JAN,MS,ASO,CE,Combined TRACON& Tower with Radar,23,56,20,2,101,0,0,6,1,7,23,56,26,3,108,4,16,20,128
09/10/2007,JAN,MS,ASO,CE,Combined TRACON& Tower with Radar,23,59,43,23,148,0,2,19,0,21,23,61,62,23,169,6,156,162,331
09/11/2007,JAN,MS,ASO,CE,Combined TRACON& Tower with Radar,41,63,48,28,180,0,6,3,0,9,41,69,51,28,189,16,88,104,293
09/12/2007,JAN,MS,ASO,CE,Combined TRACON& Tower with Radar,29,77,50,28,184,0,0,4,0,4,29,77,54,28,188,6,64,70,258
09/13/2007,JAN,MS,ASO,CE,Combined TRACON& Tower with Radar,38,70,27,7,142,0,1,3,0,4,38,71,30,7,146,4,0,4,150
09/14/2007,JAN,MS,ASO,CE,Combined TRACON& Tower with Radar,29,78,16,20,143,0,0,4,0,4,29,78,20,20,147,0,32,32,179
09/15/2007,JAN,MS,ASO,CE,Combined TRACON& Tower with Radar,31,36,3,2,72,0,0,4,1,5,31,36,7,3,77,2,22,24,101
09/16/2007,JAN,MS,ASO,CE,Combined TRACON& Tower with Radar,42,46,9,0,97,0,0,10,0,10,42,46,19,0,107,12,0,12,119
09/17/2007,JAN,MS,ASO,CE,Combined TRACON& Tower with Radar,28,66,42,26,162,0,0,9,0,9,28,66,51,26,171,0,16,16,187
09/18/2007,JAN,MS,ASO,CE,Combined TRACON& Tower with Radar,28,72,43,13,156,0,2,26,0,28,28,74,69,13,184,26,27,53,237
09/19/2007,JAN,MS,ASO,CE,Combined TRACON& Tower with Radar,32,61,54,17,164,0,0,21,0,21,32,61,75,17,185,8,36,44,229
09/20/2007,JAN,MS,ASO,CE,Combined TRACON& Tower with Radar,35,65,44,20,164,0,0,14,8,22,35,65,58,28,186,0,16,16,202
09/21/2007,JAN,MS,ASO,CE,Combined TRACON& Tower with Radar,28,73,27,45,173,0,0,9,3,12,28,73,36,48,185,8,50,58,243
09/22/2007,JAN,MS,ASO,CE,Combined TRACON& Tower with Radar,30,36,10,2,78,0,0,4,0,4,30,36,14,2,82,2,4,6,88
09/23/2007,JAN,MS,ASO,CE,Combined TRACON& Tower with Radar,33,54,14,8,109,0,0,0,0,0,33,54,14,8,109,0,6,6,115
09/24/2007,JAN,MS,ASO,CE,Combined TRACON& Tower with Radar,28,68,41,6,143,0,0,5,0,5,28,68,46,6,148,0,68,68,216
09/25/2007,JAN,MS,ASO,CE,Combined TRACON& Tower with Radar,27,58,31,16,132,0,0,10,0,10,27,58,41,16,142,0,40,40,182
09/26/2007,JAN,MS,ASO,CE,Combined TRACON& Tower with Radar,33,72,42,22,169,0,0,5,2,7,33,72,47,24,176,5,60,65,241
09/27/2007,JAN,MS,ASO,CE,Combined TRACON& Tower with Radar,31,76,51,14,172,0,0,3,0,3,31,76,54,14,175,0,40,40,215
09/28/2007,JAN,MS,ASO,CE,Combined TRACON& Tower with Radar,29,81,50,4,164,0,0,17,0,17,29,81,67,4,181,10,4,14,195
09/29/2007,JAN,MS,ASO,CE,Combined TRACON& Tower with Radar,28,43,12,0,83,0,0,9,0,9,28,43,21,0,92,2,0,2,94
09/30/2007,JAN,MS,ASO,CE,Combined TRACON& Tower with Radar,23,71,20,6,120,0,0,5,0,5,23,71,25,6,125,2,4,6,131
10/01/2007,JAN,MS,ASO,CE,Combined TRACON& Tower with Radar,24,66,35,12,137,0,0,13,0,13,24,66,48,12,150,6,36,42,192
10/02/2007,JAN,MS,ASO,CE,Combined TRACON& Tower with Radar,29,70,39,29,167,0,0,13,0,13,29,70,52,29,180,0,210,210,390
10/03/2007,JAN,MS,ASO,CE,Combined TRACON& Tower with Radar,34,74,50,26,184,0,0,9,1,10,34,74,59,27,194,4,96,100,294
10/04/2007,JAN,MS,ASO,CE,Combined TRACON& Tower with Radar,27,69,52,20,168,0,0,9,1,10,27,69,61,21,178,26,62,88,266
10/05/2007,JAN,MS,ASO,CE,Combined TRACON& Tower with Radar,33,68,30,8,139,0,0,14,0,14,33,68,44,8,153,2,0,2,155
10/06/2007,JAN,MS,ASO,CE,Combined TRACON& Tower with Radar,25,44,14,3,86,0,0,6,1,7,25,44,20,4,93,0,8,8,101
10/07/2007,JAN,MS,ASO,CE,Combined TRACON& Tower with Radar,19,65,16,1,101,0,0,6,2,8,19,65,22,3,109,10,2,12,121
10/08/2007,JAN,MS,ASO,CE,Combined TRACON& Tower with Radar,26,63,29,6,124,0,0,0,0,0,26,63,29,6,124,0,28,28,152
10/09/2007,JAN,MS,ASO,CE,Combined TRACON& Tower with Radar,28,73,30,18,149,0,0,3,2,5,28,73,33,20,154,1,36,37,191
10/10/2007,JAN,MS,ASO,CE,Combined TRACON& Tower with Radar,30,79,51,18,178,0,0,16,2,18,30,79,67,20,196,18,58,76,272
10/11/2007,JAN,MS,ASO,CE,Combined TRACON& Tower with Radar,25,75,17,15,132,0,0,7,0,7,25,75,24,15,139,15,46,61,200
10/12/2007,JAN,MS,ASO,CE,Combined TRACON& Tower with Radar,33,73,37,13,156,0,3,10,0,13,33,76,47,13,169,14,18,32,201
10/13/2007,JAN,MS,ASO,CE,Combined TRACON& Tower with Radar,26,48,13,2,89,0,0,16,0,16,26,48,29,2,105,0,0,0,105
10/14/2007,JAN,MS,ASO,CE,Combined TRACON& Tower with Radar,34,51,25,3,113,0,0,7,1,8,34,51,32,4,121,4,0,4,125
10/15/2007,JAN,MS,ASO,CE,Combined TRACON& Tower with Radar,28,58,34,10,130,0,0,5,1,6,28,58,39,11,136,0,24,24,160
10/16/2007,JAN,MS,ASO,CE,Combined TRACON& Tower with Radar,32,73,30,34,169,0,1,2,2,5,32,74,32,36,174,8,98,106,280
10/17/2007,JAN,MS,ASO,CE,Combined TRACON& Tower with Radar,28,70,34,2,134,0,0,1,0,1,28,70,35,2,135,0,0,0,135
10/18/2007,JAN,MS,ASO,CE,Combined TRACON& Tower with Radar,31,81,44,43,199,0,0,6,0,6,31,81,50,43,205,2,84,86,291
10/19/2007,JAN,MS,ASO,CE,Combined TRACON& Tower with Radar,31,74,50,35,190,0,0,16,3,19,31,74,66,38,209,4,88,92,301
10/20/2007,JAN,MS,ASO,CE,Combined TRACON& Tower with Radar,29,35,25,16,105,0,0,13,0,13,29,35,38,16,118,0,12,12,130
10/21/2007,JAN,MS,ASO,CE,Combined TRACON& Tower with Radar,44,49,27,0,120,0,0,12,0,12,44,49,39,0,132,22,0,22,154
10/22/2007,JAN,MS,ASO,CE,Combined TRACON& Tower with Radar,29,68,42,7,146,0,0,0,0,0,29,68,42,7,146,2,16,18,164
10/23/2007,JAN,MS,ASO,CE,Combined TRACON& Tower with Radar,33,71,37,35,176,0,0,0,0,0,33,71,37,35,176,3,48,51,227
10/24/2007,JAN,MS,ASO,CE,Combined TRACON& Tower with Radar,31,74,39,19,163,0,0,2,0,2,31,74,41,19,165,3,15,18,183
10/25/2007,JAN,MS,ASO,CE,Combined TRACON& Tower with Radar,36,64,43,5,148,0,0,2,0,2,36,64,45,5,150,3,0,3,153
10/26/2007,JAN,MS,ASO,CE,Combined TRACON& Tower with Radar,34,80,31,26,171,0,0,18,0,18,34,80,49,26,189,10,64,74,263
10/27/2007,JAN,MS,ASO,CE,Combined TRACON& Tower with Radar,36,36,9,4,85,0,0,3,0,3,36,36,12,4,88,0,4,4,92
10/28/2007,JAN,MS,ASO,CE,Combined TRACON& Tower with Radar,21,71,28,7,127,0,0,2,0,2,21,71,30,7,129,0,24,24,153
10/29/2007,JAN,MS,ASO,CE,Combined TRACON& Tower with Radar,27,63,36,7,133,0,0,16,0,16,27,63,52,7,149,0,12,12,161
10/30/2007,JAN,MS,ASO,CE,Combined TRACON& Tower with Radar,30,73,40,15,158,0,0,9,2,11,30,73,49,17,169,0,30,30,199
10/31/2007,JAN,MS,ASO,CE,Combined TRACON& Tower with Radar,37,69,38,8,152,0,0,15,0,15,37,69,53,8,167,31,94,125,292
11/01/2007,JAN,MS,ASO,CE,Combined TRACON& Tower with Radar,28,76,29,18,151,0,0,13,0,13,28,76,42,18,164,2,76,78,242
11/02/2007,JAN,MS,ASO,CE,Combined TRACON& Tower with Radar,31,79,48,11,169,0,0,19,3,22,31,79,67,14,191,4,38,42,233
11/03/2007,JAN,MS,ASO,CE,Combined TRACON& Tower with Radar,20,50,16,2,88,0,0,14,0,14,20,50,30,2,102,26,0,26,128
11/04/2007,JAN,MS,ASO,CE,Combined TRACON& Tower with Radar,35,53,28,16,132,0,0,7,0,7,35,53,35,16,139,13,66,79,218
11/05/2007,JAN,MS,ASO,CE,Combined TRACON& Tower with Radar,27,69,30,7,133,0,0,7,0,7,27,69,37,7,140,3,60,63,203
11/06/2007,JAN,MS,ASO,CE,Combined TRACON& Tower with Radar,26,80,40,14,160,0,0,13,3,16,26,80,53,17,176,3,12,15,191
11/07/2007,JAN,MS,ASO,CE,Combined TRACON& Tower with Radar,39,81,38,29,187,0,0,17,0,17,39,81,55,29,204,32,70,102,306
11/08/2007,JAN,MS,ASO,CE,Combined TRACON& Tower with Radar,28,78,29,17,152,0,0,14,0,14,28,78,43,17,166,0,66,66,232
11/09/2007,JAN,MS,ASO,CE,Combined TRACON& Tower with Radar,35,75,35,12,157,0,0,18,0,18,35,75,53,12,175,1,34,35,210
11/10/2007,JAN,MS,ASO,CE,Combined TRACON& Tower with Radar,45,29,18,1,93,0,0,2,0,2,45,29,20,1,95,0,0,0,95
11/11/2007,JAN,MS,ASO,CE,Combined TRACON& Tower with Radar,29,65,22,3,119,0,0,1,0,1,29,65,23,3,120,8,0,8,128
11/12/2007,JAN,MS,ASO,CE,Combined TRACON& Tower with Radar,25,74,33,1,133,0,0,8,0,8,25,74,41,1,141,2,0,2,143
11/13/2007,JAN,MS,ASO,CE,Combined TRACON& Tower with Radar,32,67,35,23,157,0,0,6,1,7,32,67,41,24,164,2,144,146,310
11/14/2007,JAN,MS,ASO,CE,Combined TRACON& Tower with Radar,32,6,45,34,117,0,70,5,0,75,32,76,50,34,192,2,118,120,312
11/15/2007,JAN,MS,ASO,CE,Combined TRACON& Tower with Radar,28,76,48,32,184,0,0,7,9,16,28,76,55,41,200,13,95,108,308
11/16/2007,JAN,MS,ASO,CE,Combined TRACON& Tower with Radar,35,73,41,16,165,0,0,17,2,19,35,73,58,18,184,9,34,43,227
11/17/2007,JAN,MS,ASO,CE,Combined TRACON& Tower with Radar,22,51,6,6,85,0,0,5,0,5,22,51,11,6,90,0,4,4,94
11/18/2007,JAN,MS,ASO,CE,Combined TRACON& Tower with Radar,43,43,16,4,106,0,0,1,0,1,43,43,17,4,107,0,0,0,107
11/19/2007,JAN,MS,ASO,CE,Combined TRACON& Tower with Radar,35,58,31,4,128,0,0,4,0,4,35,58,35,4,132,0,2,2,134
11/20/2007,JAN,MS,ASO,CE,Combined TRACON& Tower with Radar,31,74,33,21,159,0,0,9,0,9,31,74,42,21,168,0,62,62,230
11/21/2007,JAN,MS,ASO,CE,Combined TRACON& Tower with Radar,34,68,27,5,134,0,2,11,0,13,34,70,38,5,147,0,0,0,147
11/22/2007,JAN,MS,ASO,CE,Combined TRACON& Tower with Radar,15,44,5,0,64,0,0,1,0,1,15,44,6,0,65,0,0,0,65
11/23/2007,JAN,MS,ASO,CE,Combined TRACON& Tower with Radar,25,58,10,2,95,0,0,3,0,3,25,58,13,2,98,0,0,0,98
11/24/2007,JAN,MS,ASO,CE,Combined TRACON& Tower with Radar,26,55,7,0,88,0,0,4,0,4,26,55,11,0,92,0,0,0,92
11/25/2007,JAN,MS,ASO,CE,Combined TRACON& Tower with Radar,26,66,21,0,113,0,0,0,0,0,26,66,21,0,113,0,0,0,113
11/26/2007,JAN,MS,ASO,CE,Combined TRACON& Tower with Radar,28,73,26,20,147,0,0,4,0,4,28,73,30,20,151,4,58,62,213
11/27/2007,JAN,MS,ASO,CE,Combined TRACON& Tower with Radar,32,77,47,40,196,0,0,6,1,7,32,77,53,41,203,2,86,88,291
11/28/2007,JAN,MS,ASO,CE,Combined TRACON& Tower with Radar,42,62,32,22,158,0,0,9,0,9,42,62,41,22,167,13,68,81,248
11/29/2007,JAN,MS,ASO,CE,Combined TRACON& Tower with Radar,30,84,37,25,176,0,0,7,2,9,30,84,44,27,185,0,79,79,264
11/30/2007,JAN,MS,ASO,CE,Combined TRACON& Tower with Radar,30,70,35,31,166,0,0,18,3,21,30,70,53,34,187,6,108,114,301
12/01/2007,JAN,MS,ASO,CE,Combined TRACON& Tower with Radar,26,43,26,12,107,0,0,6,0,6,26,43,32,12,113,16,20,36,149
12/02/2007,JAN,MS,ASO,CE,Combined TRACON& Tower with Radar,23,70,28,13,134,0,0,5,0,5,23,70,33,13,139,0,6,6,145
12/03/2007,JAN,MS,ASO,CE,Combined TRACON& Tower with Radar,25,70,37,52,184,0,0,12,2,14,25,70,49,54,198,12,118,130,328
12/04/2007,JAN,MS,ASO,CE,Combined TRACON& Tower with Radar,25,77,39,18,159,0,1,11,2,14,25,78,50,20,173,0,42,42,215
12/05/2007,JAN,MS,ASO,CE,Combined TRACON& Tower with Radar,48,55,45,42,190,0,0,8,0,8,48,55,53,42,198,0,200,200,398
12/06/2007,JAN,MS,ASO,CE,Combined TRACON& Tower with Radar,29,70,31,13,143,0,1,6,2,9,29,71,37,15,152,0,54,54,206
12/07/2007,JAN,MS,ASO,CE,Combined TRACON& Tower with Radar,26,77,31,28,162,0,0,11,5,16,26,77,42,33,178,0,87,87,265
12/08/2007,JAN,MS,ASO,CE,Combined TRACON& Tower with Radar,26,51,21,5,103,0,0,5,0,5,26,51,26,5,108,10,2,12,120
12/09/2007,JAN,MS,ASO,CE,Combined TRACON& Tower with Radar,22,68,27,5,122,0,0,4,0,4,22,68,31,5,126,2,12,14,140
12/10/2007,JAN,MS,ASO,CE,Combined TRACON& Tower with Radar,33,66,44,28,171,0,0,3,0,3,33,66,47,28,174,2,62,64,238
12/11/2007,JAN,MS,ASO,CE,Combined TRACON& Tower with Radar,29,69,49,36,183,0,0,5,1,6,29,69,54,37,189,4,98,102,291
12/12/2007,JAN,MS,ASO,CE,Combined TRACON& Tower with Radar,28,76,60,46,210,0,0,9,0,9,28,76,69,46,219,2,146,148,367
12/13/2007,JAN,MS,ASO,CE,Combined TRACON& Tower with Radar,26,79,29,11,145,0,0,2,0,2,26,79,31,11,147,0,8,8,155
12/14/2007,JAN,MS,ASO,CE,Combined TRACON& Tower with Radar,29,82,41,10,162,0,0,0,0,0,29,82,41,10,162,0,10,10,172
12/15/2007,JAN,MS,ASO,CE,Combined TRACON& Tower with Radar,20,49,14,0,83,0,0,0,0,0,20,49,14,0,83,0,0,0,83
12/16/2007,JAN,MS,ASO,CE,Combined TRACON& Tower with Radar,30,51,19,9,109,0,0,14,0,14,30,51,33,9,123,14,22,36,159
12/17/2007,JAN,MS,ASO,CE,Combined TRACON& Tower with Radar,28,57,39,16,140,0,0,8,0,8,28,57,47,16,148,10,10,20,168
12/18/2007,JAN,MS,ASO,CE,Combined TRACON& Tower with Radar,42,63,39,51,195,0,1,8,0,9,42,64,47,51,204,0,98,98,302
12/19/2007,JAN,MS,ASO,CE,Combined TRACON& Tower with Radar,45,67,36,21,169,0,0,2,2,4,45,67,38,23,173,8,12,20,193
12/20/2007,JAN,MS,ASO,CE,Combined TRACON& Tower with Radar,27,80,22,2,131,0,0,0,0,0,27,80,22,2,131,0,0,0,131
12/21/2007,JAN,MS,ASO,CE,Combined TRACON& Tower with Radar,34,78,30,11,153,0,0,6,4,10,34,78,36,15,163,2,6,8,171
12/22/2007,JAN,MS,ASO,CE,Combined TRACON& Tower with Radar,27,55,15,0,97,0,0,2,0,2,27,55,17,0,99,2,0,2,101
12/23/2007,JAN,MS,ASO,CE,Combined TRACON& Tower with Radar,50,37,12,0,99,0,0,5,0,5,50,37,17,0,104,4,0,4,108
12/24/2007,JAN,MS,ASO,CE,Combined TRACON& Tower with Radar,19,41,16,1,77,0,0,4,0,4,19,41,20,1,81,4,0,4,85
12/25/2007,JAN,MS,ASO,CE,Combined TRACON& Tower with Radar,28,34,7,1,70,0,0,7,0,7,28,34,14,1,77,14,0,14,91
12/26/2007,JAN,MS,ASO,CE,Combined TRACON& Tower with Radar,31,71,29,2,133,0,0,5,0,5,31,71,34,2,138,0,0,0,138
12/27/2007,JAN,MS,ASO,CE,Combined TRACON& Tower with Radar,27,66,28,6,127,0,0,2,0,2,27,66,30,6,129,0,4,4,133
12/28/2007,JAN,MS,ASO,CE,Combined TRACON& Tower with Radar,27,65,18,2,112,0,0,2,0,2,27,65,20,2,114,4,0,4,118
12/29/2007,JAN,MS,ASO,CE,Combined TRACON& Tower with Radar,21,55,22,1,99,0,0,11,0,11,21,55,33,1,110,2,0,2,112
12/30/2007,JAN,MS,ASO,CE,Combined TRACON& Tower with Radar,48,42,9,0,99,0,2,5,0,7,48,44,14,0,106,20,0,20,126
12/31/2007,JAN,MS,ASO,CE,Combined TRACON& Tower with Radar,23,53,18,1,95,0,0,10,0,10,23,53,28,1,105,2,0,2,107
01/01/2008,JAN,MS,ASO,CE,Combined TRACON& Tower with Radar,19,48,17,1,85,0,0,2,0,2,19,48,19,1,87,2,0,2,89
01/02/2008,JAN,MS,ASO,CE,Combined TRACON& Tower with Radar,24,58,17,0,99,0,0,2,0,2,24,58,19,0,101,0,0,0,101
01/03/2008,JAN,MS,ASO,CE,Combined TRACON& Tower with Radar,25,63,14,14,116,0,0,17,2,19,25,63,31,16,135,12,32,44,179
01/04/2008,JAN,MS,ASO,CE,Combined TRACON& Tower with Radar,28,66,32,30,156,0,0,5,1,6,28,66,37,31,162,0,96,96,258
01/05/2008,JAN,MS,ASO,CE,Combined TRACON& Tower with Radar,20,50,13,3,86,0,0,5,0,5,20,50,18,3,91,2,10,12,103
01/06/2008,JAN,MS,ASO,CE,Combined TRACON& Tower with Radar,22,57,9,10,98,0,0,2,0,2,22,57,11,10,100,23,18,41,141
01/07/2008,JAN,MS,ASO,CE,Combined TRACON& Tower with Radar,22,66,28,16,132,0,0,0,0,0,22,66,28,16,132,8,60,68,200
01/08/2008,JAN,MS,ASO,CE,Combined TRACON& Tower with Radar,27,66,31,21,145,0,0,2,0,2,27,66,33,21,147,0,28,28,175
01/09/2008,JAN,MS,ASO,CE,Combined TRACON& Tower with Radar,24,66,43,39,172,0,0,16,0,16,24,66,59,39,188,4,93,97,285
01/10/2008,JAN,MS,ASO,CE,Combined TRACON& Tower with Radar,27,68,22,1,118,0,1,1,0,2,27,69,23,1,120,0,0,0,120
01/11/2008,JAN,MS,ASO,CE,Combined TRACON& Tower with Radar,58,37,33,38,166,0,0,16,1,17,58,37,49,39,183,4,116,120,303
01/12/2008,JAN,MS,ASO,CE,Combined TRACON& Tower with Radar,29,42,13,4,88,0,0,8,0,8,29,42,21,4,96,2,2,4,100
01/13/2008,JAN,MS,ASO,CE,Combined TRACON& Tower with Radar,20,60,20,15,115,0,0,5,0,5,20,60,25,15,120,2,10,12,132
01/14/2008,JAN,MS,ASO,CE,Combined TRACON& Tower with Radar,26,67,40,15,148,0,0,6,0,6,26,67,46,15,154,5,40,45,199
01/15/2008,JAN,MS,ASO,CE,Combined TRACON& Tower with Radar,32,59,37,16,144,0,1,17,2,20,32,60,54,18,164,2,46,48,212
01/16/2008,JAN,MS,ASO,CE,Combined TRACON& Tower with Radar,27,68,37,17,149,0,0,2,0,2,27,68,39,17,151,0,36,36,187
01/17/2008,JAN,MS,ASO,CE,Combined TRACON& Tower with Radar,25,72,44,26,167,0,0,1,0,1,25,72,45,26,168,0,32,32,200
01/18/2008,JAN,MS,ASO,CE,Combined TRACON& Tower with Radar,41,52,22,18,133,0,0,7,0,7,41,52,29,18,140,0,92,92,232
01/19/2008,JAN,MS,ASO,CE,Combined TRACON& Tower with Radar,16,45,4,1,66,0,0,0,0,0,16,45,4,1,66,0,0,0,66
01/20/2008,JAN,MS,ASO,CE,Combined TRACON& Tower with Radar,25,47,22,1,95,0,0,5,1,6,25,47,27,2,101,0,0,0,101
01/21/2008,JAN,MS,ASO,CE,Combined TRACON& Tower with Radar,23,67,21,5,116,0,2,11,1,14,23,69,32,6,130,1,34,35,165
01/22/2008,JAN,MS,ASO,CE,Combined TRACON& Tower with Radar,26,61,32,4,123,0,0,0,0,0,26,61,32,4,123,0,4,4,127
01/23/2008,JAN,MS,ASO,CE,Combined TRACON& Tower with Radar,29,30,48,7,114,0,0,6,0,6,29,30,54,7,120,0,4,4,124
01/24/2008,JAN,MS,ASO,CE,Combined TRACON& Tower with Radar,30,76,28,31,165,0,0,6,5,11,30,76,34,36,176,0,64,64,240
01/25/2008,JAN,MS,ASO,CE,Combined TRACON& Tower with Radar,27,65,26,2,120,0,0,5,0,5,27,65,31,2,125,0,0,0,125
01/26/2008,JAN,MS,ASO,CE,Combined TRACON& Tower with Radar,23,43,11,4,81,0,0,0,0,0,23,43,11,4,81,4,0,4,85
01/27/2008,JAN,MS,ASO,CE,Combined TRACON& Tower with Radar,23,60,18,3,104,0,0,13,0,13,23,60,31,3,117,18,2,20,137
01/28/2008,JAN,MS,ASO,CE,Combined TRACON& Tower with Radar,25,63,22,19,129,0,0,17,0,17,25,63,39,19,146,6,158,164,310
01/29/2008,JAN,MS,ASO,CE,Combined TRACON& Tower with Radar,30,61,30,5,126,0,0,0,1,1,30,61,30,6,127,0,0,0,127
01/30/2008,JAN,MS,ASO,CE,Combined TRACON& Tower with Radar,23,69,42,44,178,0,0,11,1,12,23,69,53,45,190,0,108,108,298
01/31/2008,JAN,MS,ASO,CE,Combined TRACON& Tower with Radar,31,62,22,4,119,0,0,2,0,2,31,62,24,4,121,0,0,0,121
02/01/2008,JAN,MS,ASO,CE,Combined TRACON& Tower with Radar,28,69,33,19,149,0,0,6,4,10,28,69,39,23,159,2,106,108,267
02/02/2008,JAN,MS,ASO,CE,Combined TRACON& Tower with Radar,18,47,5,9,79,0,0,12,2,14,18,47,17,11,93,6,28,34,127
02/03/2008,JAN,MS,ASO,CE,Combined TRACON& Tower with Radar,18,59,4,2,83,0,0,0,0,0,18,59,4,2,83,0,0,0,83
02/04/2008,JAN,MS,ASO,CE,Combined TRACON& Tower with Radar,26,69,48,42,185,0,0,2,0,2,26,69,50,42,187,0,150,150,337
02/05/2008,JAN,MS,ASO,CE,Combined TRACON& Tower with Radar,38,53,22,30,143,0,0,1,1,2,38,53,23,31,145,0,90,90,235
02/06/2008,JAN,MS,ASO,CE,Combined TRACON& Tower with Radar,28,74,40,46,188,0,0,6,4,10,28,74,46,50,198,4,152,156,354
02/07/2008,JAN,MS,ASO,CE,Combined TRACON& Tower with Radar,27,67,27,16,137,0,0,21,1,22,27,67,48,17,159,9,100,109,268
02/08/2008,JAN,MS,ASO,CE,Combined TRACON& Tower with Radar,30,67,32,19,148,0,0,13,0,13,30,67,45,19,161,0,34,34,195
02/09/2008,JAN,MS,ASO,CE,Combined TRACON& Tower with Radar,20,48,2,8,78,0,0,17,0,17,20,48,19,8,95,0,26,26,121
02/10/2008,JAN,MS,ASO,CE,Combined TRACON& Tower with Radar,19,57,16,13,105,0,0,11,1,12,19,57,27,14,117,8,24,32,149
02/11/2008,JAN,MS,ASO,CE,Combined TRACON& Tower with Radar,48,42,35,22,147,0,0,10,0,10,48,42,45,22,157,2,62,64,221
02/12/2008,JAN,MS,ASO,CE,Combined TRACON& Tower with Radar,26,58,23,6,113,0,0,4,1,5,26,58,27,7,118,0,16,16,134
02/13/2008,JAN,MS,ASO,CE,Combined TRACON& Tower with Radar,27,65,40,19,151,0,0,9,4,13,27,65,49,23,164,14,34,48,212
02/14/2008,JAN,MS,ASO,CE,Combined TRACON& Tower with Radar,28,69,22,17,136,0,0,14,0,14,28,69,36,17,150,0,60,60,210
02/15/2008,JAN,MS,ASO,CE,Combined TRACON& Tower with Radar,33,64,36,11,144,0,0,12,0,12,33,64,48,11,156,8,40,48,204
02/16/2008,JAN,MS,ASO,CE,Combined TRACON& Tower with Radar,24,38,15,1,78,0,0,5,0,5,24,38,20,1,83,0,0,0,83
02/17/2008,JAN,MS,ASO,CE,Combined TRACON& Tower with Radar,20,52,13,12,97,0,0,1,0,1,20,52,14,12,98,0,8,8,106
02/18/2008,JAN,MS,ASO,CE,Combined TRACON& Tower with Radar,25,58,19,2,104,0,0,20,0,20,25,58,39,2,124,8,0,8,132
02/19/2008,JAN,MS,ASO,CE,Combined TRACON& Tower with Radar,31,61,27,14,133,0,0,12,0,12,31,61,39,14,145,2,70,72,217
02/20/2008,JAN,MS,ASO,CE,Combined TRACON& Tower with Radar,29,71,46,35,181,0,0,12,0,12,29,71,58,35,193,0,26,26,219
02/21/2008,JAN,MS,ASO,CE,Combined TRACON& Tower with Radar,24,69,18,2,113,0,0,0,0,0,24,69,18,2,113,0,0,0,113
02/22/2008,JAN,MS,ASO,CE,Combined TRACON& Tower with Radar,29,63,31,13,136,0,0,0,0,0,29,63,31,13,136,0,10,10,146
02/23/2008,JAN,MS,ASO,CE,Combined TRACON& Tower with Radar,15,46,18,9,88,0,0,11,0,11,15,46,29,9,99,4,10,14,113
02/24/2008,JAN,MS,ASO,CE,Combined TRACON& Tower with Radar,21,64,24,12,121,0,0,0,0,0,21,64,24,12,121,0,16,16,137
02/25/2008,JAN,MS,ASO,CE,Combined TRACON& Tower with Radar,30,59,31,40,160,0,0,9,3,12,30,59,40,43,172,0,138,138,310
02/26/2008,JAN,MS,ASO,CE,Combined TRACON& Tower with Radar,29,68,27,30,154,0,0,2,0,2,29,68,29,30,156,0,148,148,304
02/27/2008,JAN,MS,ASO,CE,Combined TRACON& Tower with Radar,27,65,44,31,167,0,2,16,1,19,27,67,60,32,186,16,86,102,288
02/28/2008,JAN,MS,ASO,CE,Combined TRACON& Tower with Radar,24,65,28,35,152,0,0,16,3,19,24,65,44,38,171,0,118,118,289
02/29/2008,JAN,MS,ASO,CE,Combined TRACON& Tower with Radar,27,66,16,19,128,0,0,7,0,7,27,66,23,19,135,10,30,40,175
03/01/2008,JAN,MS,ASO,CE,Combined TRACON& Tower with Radar,18,48,21,2,89,0,0,40,0,40,18,48,61,2,129,20,0,20,149
03/02/2008,JAN,MS,ASO,CE,Combined TRACON& Tower with Radar,21,56,31,6,114,0,0,7,5,12,21,56,38,11,126,0,14,14,140
03/03/2008,JAN,MS,ASO,CE,Combined TRACON& Tower with Radar,30,50,7,8,95,0,0,0,0,0,30,50,7,8,95,0,58,58,153
03/04/2008,JAN,MS,ASO,CE,Combined TRACON& Tower with Radar,28,66,27,26,147,0,0,6,0,6,28,66,33,26,153,4,38,42,195
03/05/2008,JAN,MS,ASO,CE,Combined TRACON& Tower with Radar,26,70,27,42,165,0,0,13,1,14,26,70,40,43,179,2,56,58,237
03/06/2008,JAN,MS,ASO,CE,Combined TRACON& Tower with Radar,30,53,17,19,119,0,0,3,1,4,30,53,20,20,123,4,100,104,227
03/07/2008,JAN,MS,ASO,CE,Combined TRACON& Tower with Radar,28,60,30,5,123,0,0,0,0,0,28,60,30,5,123,0,0,0,123
03/08/2008,JAN,MS,ASO,CE,Combined TRACON& Tower with Radar,17,45,18,0,80,0,0,1,0,1,17,45,19,0,81,2,0,2,83
03/09/2008,JAN,MS,ASO,CE,Combined TRACON& Tower with Radar,22,56,14,6,98,0,0,8,0,8,22,56,22,6,106,6,14,20,126
03/10/2008,JAN,MS,ASO,CE,Combined TRACON& Tower with Radar,42,39,17,23,121,0,0,15,1,16,42,39,32,24,137,0,63,63,200
03/11/2008,JAN,MS,ASO,CE,Combined TRACON& Tower with Radar,35,55,36,17,143,0,0,14,2,16,35,55,50,19,159,2,50,52,211
03/12/2008,JAN,MS,ASO,CE,Combined TRACON& Tower with Radar,26,70,48,14,158,0,0,12,5,17,26,70,60,19,175,8,18,26,201
03/13/2008,JAN,MS,ASO,CE,Combined TRACON& Tower with Radar,30,62,30,17,139,0,0,13,3,16,30,62,43,20,155,2,86,88,243
03/14/2008,JAN,MS,ASO,CE,Combined TRACON& Tower with Radar,39,50,40,17,146,0,0,2,0,2,39,50,42,17,148,0,80,80,228
03/15/2008,JAN,MS,ASO,CE,Combined TRACON& Tower with Radar,19,38,8,20,85,0,0,8,0,8,19,38,16,20,93,0,32,32,125
03/16/2008,JAN,MS,ASO,CE,Combined TRACON& Tower with Radar,48,29,22,6,105,0,0,14,0,14,48,29,36,6,119,0,4,4,123
03/17/2008,JAN,MS,ASO,CE,Combined TRACON& Tower with Radar,25,63,19,15,122,0,0,2,0,2,25,63,21,15,124,0,64,64,188
03/18/2008,JAN,MS,ASO,CE,Combined TRACON& Tower with Radar,32,58,23,16,129,0,0,2,0,2,32,58,25,16,131,2,18,20,151
03/19/2008,JAN,MS,ASO,CE,Combined TRACON& Tower with Radar,28,60,39,32,159,0,0,0,0,0,28,60,39,32,159,0,54,54,213
03/20/2008,JAN,MS,ASO,CE,Combined TRACON& Tower with Radar,26,66,35,37,164,0,1,13,5,19,26,67,48,42,183,0,148,148,331
03/21/2008,JAN,MS,ASO,CE,Combined TRACON& Tower with Radar,28,59,32,15,134,0,0,5,1,6,28,59,37,16,140,0,44,44,184
03/22/2008,JAN,MS,ASO,CE,Combined TRACON& Tower with Radar,15,40,9,0,64,0,0,12,0,12,15,40,21,0,76,4,0,4,80
03/23/2008,JAN,MS,ASO,CE,Combined TRACON& Tower with Radar,22,59,8,0,89,0,0,7,0,7,22,59,15,0,96,2,0,2,98
03/24/2008,JAN,MS,ASO,CE,Combined TRACON& Tower with Radar,27,60,31,9,127,0,0,8,1,9,27,60,39,10,136,4,42,46,182
03/25/2008,JAN,MS,ASO,CE,Combined TRACON& Tower with Radar,27,67,23,28,145,0,1,7,2,10,27,68,30,30,155,14,96,110,265
03/26/2008,JAN,MS,ASO,CE,Combined TRACON& Tower with Radar,25,64,48,14,151,0,1,11,4,16,25,65,59,18,167,0,8,8,175
03/27/2008,JAN,MS,ASO,CE,Combined TRACON& Tower with Radar,23,68,38,13,142,0,0,15,3,18,23,68,53,16,160,14,90,104,264
03/28/2008,JAN,MS,ASO,CE,Combined TRACON& Tower with Radar,37,62,20,13,132,0,0,8,1,9,37,62,28,14,141,2,20,22,163
03/29/2008,JAN,MS,ASO,CE,Combined TRACON& Tower with Radar,20,38,15,7,80,0,0,3,0,3,20,38,18,7,83,12,4,16,99
03/30/2008,JAN,MS,ASO,CE,Combined TRACON& Tower with Radar,58,22,17,8,105,0,0,5,1,6,58,22,22,9,111,6,12,18,129
03/31/2008,JAN,MS,ASO,CE,Combined TRACON& Tower with Radar,28,61,22,27,138,0,0,7,0,7,28,61,29,27,145,0,16,16,161
04/01/2008,JAN,MS,ASO,CE,Combined TRACON& Tower with Radar,28,64,26,14,132,0,0,0,0,0,28,64,26,14,132,2,22,24,156
04/02/2008,JAN,MS,ASO,CE,Combined TRACON& Tower with Radar,26,71,23,33,153,0,0,4,0,4,26,71,27,33,157,6,70,76,233
04/03/2008,JAN,MS,ASO,CE,Combined TRACON& Tower with Radar,28,66,56,33,183,0,0,5,0,5,28,66,61,33,188,5,92,97,285
04/04/2008,JAN,MS,ASO,CE,Combined TRACON& Tower with Radar,27,58,17,1,103,0,0,0,0,0,27,58,17,1,103,0,0,0,103
04/05/2008,JAN,MS,ASO,CE,Combined TRACON& Tower with Radar,22,38,29,5,94,0,0,0,0,0,22,38,29,5,94,2,0,2,96
04/06/2008,JAN,MS,ASO,CE,Combined TRACON& Tower with Radar,21,58,15,5,99,0,0,14,1,15,21,58,29,6,114,8,0,8,122
04/07/2008,JAN,MS,ASO,CE,Combined TRACON& Tower with Radar,29,62,32,20,143,0,0,12,0,12,29,62,44,20,155,38,132,170,325
04/08/2008,JAN,MS,ASO,CE,Combined TRACON& Tower with Radar,35,66,41,28,170,0,0,13,1,14,35,66,54,29,184,38,128,166,350
04/09/2008,JAN,MS,ASO,CE,Combined TRACON& Tower with Radar,26,66,47,31,170,0,0,5,0,5,26,66,52,31,175,2,116,118,293
04/10/2008,JAN,MS,ASO,CE,Combined TRACON& Tower with Radar,31,61,35,10,137,0,0,4,0,4,31,61,39,10,141,0,10,10,151
04/11/2008,JAN,MS,ASO,CE,Combined TRACON& Tower with Radar,28,63,20,8,119,0,0,4,0,4,28,63,24,8,123,0,6,6,129
04/12/2008,JAN,MS,ASO,CE,Combined TRACON& Tower with Radar,14,2,17,6,39,0,0,9,2,11,14,2,26,8,50,2,2,4,54
04/13/2008,JAN,MS,ASO,CE,Combined TRACON& Tower with Radar,21,53,22,12,108,0,0,12,0,12,21,53,34,12,120,2,4,6,126
04/14/2008,JAN,MS,ASO,CE,Combined TRACON& Tower with Radar,25,63,34,12,134,0,0,10,1,11,25,63,44,13,145,4,24,28,173
04/15/2008,JAN,MS,ASO,CE,Combined TRACON& Tower with Radar,24,66,38,15,143,0,2,19,1,22,24,68,57,16,165,0,28,28,193
04/16/2008,JAN,MS,ASO,CE,Combined TRACON& Tower with Radar,26,65,47,25,163,0,0,9,1,10,26,65,56,26,173,11,92,103,276
04/17/2008,JAN,MS,ASO,CE,Combined TRACON& Tower with Radar,30,62,40,14,146,0,0,5,2,7,30,62,45,16,153,2,149,151,304
04/18/2008,JAN,MS,ASO,CE,Combined TRACON& Tower with Radar,39,52,25,15,131,0,0,8,0,8,39,52,33,15,139,0,10,10,149
04/19/2008,JAN,MS,ASO,CE,Combined TRACON& Tower with Radar,14,40,15,1,70,0,0,4,0,4,14,40,19,1,74,4,0,4,78
04/20/2008,JAN,MS,ASO,CE,Combined TRACON& Tower with Radar,21,54,24,2,101,0,0,15,6,21,21,54,39,8,122,7,46,53,175
04/21/2008,JAN,MS,ASO,CE,Combined TRACON& Tower with Radar,23,60,32,27,142,0,0,18,1,19,23,60,50,28,161,28,98,126,287
04/22/2008,JAN,MS,ASO,CE,Combined TRACON& Tower with Radar,25,64,34,28,151,0,0,6,1,7,25,64,40,29,158,4,28,32,190
04/23/2008,JAN,MS,ASO,CE,Combined TRACON& Tower with Radar,33,61,39,38,171,0,0,14,2,16,33,61,53,40,187,26,78,104,291
04/24/2008,JAN,MS,ASO,CE,Combined TRACON& Tower with Radar,27,66,44,29,166,0,0,13,2,15,27,66,57,31,181,4,78,82,263
04/25/2008,JAN,MS,ASO,CE,Combined TRACON& Tower with Radar,31,56,43,6,136,0,0,0,0,0,31,56,43,6,136,5,0,5,141
04/26/2008,JAN,MS,ASO,CE,Combined TRACON& Tower with Radar,18,38,5,6,67,0,0,3,0,3,18,38,8,6,70,0,0,0,70
04/27/2008,JAN,MS,ASO,CE,Combined TRACON& Tower with Radar,22,57,23,1,103,0,0,4,0,4,22,57,27,1,107,0,0,0,107
04/28/2008,JAN,MS,ASO,CE,Combined TRACON& Tower with Radar,28,67,35,19,149,0,0,19,0,19,28,67,54,19,168,4,8,12,180
04/29/2008,JAN,MS,ASO,CE,Combined TRACON& Tower with Radar,30,61,22,29,142,0,0,8,0,8,30,61,30,29,150,1,54,55,205
04/30/2008,JAN,MS,ASO,CE,Combined TRACON& Tower with Radar,24,68,33,29,154,0,0,11,0,11,24,68,44,29,165,0,68,68,233
05/01/2008,JAN,MS,ASO,CE,Combined TRACON& Tower with Radar,27,65,29,23,144,0,0,7,1,8,27,65,36,24,152,0,46,46,198
05/02/2008,JAN,MS,ASO,CE,Combined TRACON& Tower with Radar,45,50,24,5,124,0,0,0,1,1,45,50,24,6,125,0,0,0,125
05/03/2008,JAN,MS,ASO,CE,Combined TRACON& Tower with Radar,15,42,7,0,64,0,0,1,1,2,15,42,8,1,66,4,0,4,70
05/04/2008,JAN,MS,ASO,CE,Combined TRACON& Tower with Radar,22,58,12,6,98,0,0,5,0,5,22,58,17,6,103,0,4,4,107
05/05/2008,JAN,MS,ASO,CE,Combined TRACON& Tower with Radar,28,56,41,7,132,0,0,17,0,17,28,56,58,7,149,3,4,7,156
05/06/2008,JAN,MS,ASO,CE,Combined TRACON& Tower with Radar,28,56,39,25,148,0,0,12,4,16,28,56,51,29,164,10,61,71,235
05/07/2008,JAN,MS,ASO,CE,Combined TRACON& Tower with Radar,27,60,42,21,150,0,0,14,3,17,27,60,56,24,167,0,53,53,220
05/08/2008,JAN,MS,ASO,CE,Combined TRACON& Tower with Radar,32,58,39,16,145,0,0,9,1,10,32,58,48,17,155,2,20,22,177
05/09/2008,JAN,MS,ASO,CE,Combined TRACON& Tower with Radar,45,42,38,19,144,0,0,20,1,21,45,42,58,20,165,2,48,50,215
05/10/2008,JAN,MS,ASO,CE,Combined TRACON& Tower with Radar,16,42,16,3,77,0,0,2,0,2,16,42,18,3,79,8,0,8,87
05/11/2008,JAN,MS,ASO,CE,Combined TRACON& Tower with Radar,28,46,16,10,100,0,0,3,0,3,28,46,19,10,103,0,2,2,105
05/12/2008,JAN,MS,ASO,CE,Combined TRACON& Tower with Radar,25,61,32,21,139,0,0,12,1,13,25,61,44,22,152,0,28,28,180
05/13/2008,JAN,MS,ASO,CE,Combined TRACON& Tower with Radar,24,65,32,10,131,0,0,13,16,29,24,65,45,26,160,0,128,128,288
05/14/2008,JAN,MS,ASO,CE,Combined TRACON& Tower with Radar,26,55,21,3,105,0,0,3,0,3,26,55,24,3,108,0,2,2,110
05/15/2008,JAN,MS,ASO,CE,Combined TRACON& Tower with Radar,24,60,15,7,106,0,0,2,0,2,24,60,17,7,108,0,14,14,122
05/16/2008,JAN,MS,ASO,CE,Combined TRACON& Tower with Radar,29,63,36,48,176,0,0,5,0,5,29,63,41,48,181,2,119,121,302
05/17/2008,JAN,MS,ASO,CE,Combined TRACON& Tower with Radar,16,44,4,3,67,0,0,13,0,13,16,44,17,3,80,0,0,0,80
05/18/2008,JAN,MS,ASO,CE,Combined TRACON& Tower with Radar,33,47,26,17,123,0,0,8,6,14,33,47,34,23,137,6,14,20,157
05/19/2008,JAN,MS,ASO,CE,Combined TRACON& Tower with Radar,25,63,25,14,127,0,3,4,5,12,25,66,29,19,139,2,8,10,149
05/20/2008,JAN,MS,ASO,CE,Combined TRACON& Tower with Radar,25,58,29,27,139,0,2,7,1,10,25,60,36,28,149,2,110,112,261
05/21/2008,JAN,MS,ASO,CE,Combined TRACON& Tower with Radar,29,59,39,19,146,0,2,10,0,12,29,61,49,19,158,0,20,20,178
05/22/2008,JAN,MS,ASO,CE,Combined TRACON& Tower with Radar,28,58,52,28,166,0,0,7,0,7,28,58,59,28,173,6,88,94,267
05/23/2008,JAN,MS,ASO,CE,Combined TRACON& Tower with Radar,32,46,25,7,110,0,0,4,0,4,32,46,29,7,114,0,2,2,116
05/24/2008,JAN,MS,ASO,CE,Combined TRACON& Tower with Radar,19,38,6,1,64,0,1,2,0,3,19,39,8,1,67,0,0,0,67
05/25/2008,JAN,MS,ASO,CE,Combined TRACON& Tower with Radar,38,22,15,1,76,0,1,3,0,4,38,23,18,1,80,12,0,12,92
05/26/2008,JAN,MS,ASO,CE,Combined TRACON& Tower with Radar,24,62,13,8,107,0,0,11,6,17,24,62,24,14,124,6,12,18,142
05/27/2008,JAN,MS,ASO,CE,Combined TRACON& Tower with Radar,30,52,24,16,122,0,1,1,1,3,30,53,25,17,125,0,8,8,133
05/28/2008,JAN,MS,ASO,CE,Combined TRACON& Tower with Radar,24,66,36,25,151,0,0,1,1,2,24,66,37,26,153,0,14,14,167
05/29/2008,JAN,MS,ASO,CE,Combined TRACON& Tower with Radar,24,62,41,37,164,0,0,23,0,23,24,62,64,37,187,2,80,82,269
05/30/2008,JAN,MS,ASO,CE,Combined TRACON& Tower with Radar,30,51,35,43,159,0,1,21,1,23,30,52,56,44,182,12,252,264,446
05/31/2008,JAN,MS,ASO,CE,Combined TRACON& Tower with Radar,38,25,8,2,73,0,0,5,0,5,38,25,13,2,78,6,0,6,84
06/01/2008,JAN,MS,ASO,CE,Combined TRACON& Tower with Radar,28,50,16,18,112,0,0,3,3,6,28,50,19,21,118,2,22,24,142
06/02/2008,JAN,MS,ASO,CE,Combined TRACON& Tower with Radar,22,68,17,15,122,0,0,5,1,6,22,68,22,16,128,2,90,92,220
06/03/2008,JAN,MS,ASO,CE,Combined TRACON& Tower with Radar,26,63,29,19,137,0,0,11,2,13,26,63,40,21,150,16,98,114,264
06/04/2008,JAN,MS,ASO,CE,Combined TRACON& Tower with Radar,21,62,35,47,165,0,0,11,3,14,21,62,46,50,179,0,196,196,375
06/05/2008,JAN,MS,ASO,CE,Combined TRACON& Tower with Radar,30,65,44,17,156,0,0,13,3,16,30,65,57,20,172,14,96,110,282
06/06/2008,JAN,MS,ASO,CE,Combined TRACON& Tower with Radar,26,61,22,27,136,0,0,22,4,26,26,61,44,31,162,24,182,206,368
06/07/2008,JAN,MS,ASO,CE,Combined TRACON& Tower with Radar,18,42,13,11,84,0,0,8,0,8,18,42,21,11,92,10,30,40,132
06/08/2008,JAN,MS,ASO,CE,Combined TRACON& Tower with Radar,21,55,23,7,106,0,0,3,3,6,21,55,26,10,112,32,10,42,154
06/09/2008,JAN,MS,ASO,CE,Combined TRACON& Tower with Radar,27,55,18,19,119,0,0,12,0,12,27,55,30,19,131,2,22,24,155
06/10/2008,JAN,MS,ASO,CE,Combined TRACON& Tower with Radar,31,57,25,22,135,0,0,7,0,7,31,57,32,22,142,2,166,168,310
06/11/2008,JAN,MS,ASO,CE,Combined TRACON& Tower with Radar,26,61,41,29,157,0,0,16,2,18,26,61,57,31,175,4,106,110,285
06/12/2008,JAN,MS,ASO,CE,Combined TRACON& Tower with Radar,37,57,32,34,160,0,0,10,1,11,37,57,42,35,171,12,72,84,255
06/13/2008,JAN,MS,ASO,CE,Combined TRACON& Tower with Radar,30,61,19,23,133,0,0,13,5,18,30,61,32,28,151,6,32,38,189
06/14/2008,JAN,MS,ASO,CE,Combined TRACON& Tower with Radar,19,44,7,8,78,0,0,1,1,2,19,44,8,9,80,0,0,0,80
06/15/2008,JAN,MS,ASO,CE,Combined TRACON& Tower with Radar,22,59,16,3,100,0,2,9,2,13,22,61,25,5,113,44,0,44,157
06/16/2008,JAN,MS,ASO,CE,Combined TRACON& Tower with Radar,27,62,40,25,154,0,0,2,2,4,27,62,42,27,158,1,86,87,245
06/17/2008,JAN,MS,ASO,CE,Combined TRACON& Tower with Radar,28,62,41,10,141,0,0,14,2,16,28,62,55,12,157,3,4,7,164
06/18/2008,JAN,MS,ASO,CE,Combined TRACON& Tower with Radar,24,65,33,29,151,0,0,14,2,16,24,65,47,31,167,4,114,118,285
06/19/2008,JAN,MS,ASO,CE,Combined TRACON& Tower with Radar,26,58,35,20,139,0,0,26,0,26,26,58,61,20,165,1,85,86,251
06/20/2008,JAN,MS,ASO,CE,Combined TRACON& Tower with Radar,33,57,22,9,121,0,0,1,4,5,33,57,23,13,126,0,2,2,128
06/21/2008,JAN,MS,ASO,CE,Combined TRACON& Tower with Radar,23,49,4,5,81,0,0,6,0,6,23,49,10,5,87,14,4,18,105
06/22/2008,JAN,MS,ASO,CE,Combined TRACON& Tower with Radar,29,51,16,5,101,0,0,8,6,14,29,51,24,11,115,26,8,34,149
06/23/2008,JAN,MS,ASO,CE,Combined TRACON& Tower with Radar,28,61,41,39,169,0,0,17,9,26,28,61,58,48,195,34,90,124,319
06/24/2008,JAN,MS,ASO,CE,Combined TRACON& Tower with Radar,30,63,32,30,155,0,0,20,3,23,30,63,52,33,178,24,78,102,280
06/25/2008,JAN,MS,ASO,CE,Combined TRACON& Tower with Radar,25,63,38,31,157,0,0,11,5,16,25,63,49,36,173,0,60,60,233
06/26/2008,JAN,MS,ASO,CE,Combined TRACON& Tower with Radar,33,62,26,17,138,0,2,16,3,21,33,64,42,20,159,36,37,73,232
06/27/2008,JAN,MS,ASO,CE,Combined TRACON& Tower with Radar,34,53,20,39,146,0,0,4,1,5,34,53,24,40,151,6,48,54,205
06/28/2008,JAN,MS,ASO,CE,Combined TRACON& Tower with Radar,29,50,16,12,107,0,0,5,0,5,29,50,21,12,112,34,22,56,168
06/29/2008,JAN,MS,ASO,CE,Combined TRACON& Tower with Radar,22,54,19,17,112,0,0,5,2,7,22,54,24,19,119,0,16,16,135
06/30/2008,JAN,MS,ASO,CE,Combined TRACON& Tower with Radar,33,67,23,4,127,0,0,19,0,19,33,67,42,4,146,68,2,70,216
07/01/2008,JAN,MS,ASO,CE,Combined TRACON& Tower with Radar,28,62,41,13,144,0,0,0,0,0,28,62,41,13,144,2,6,8,152
07/02/2008,JAN,MS,ASO,CE,Combined TRACON& Tower with Radar,32,57,24,20,133,0,0,17,4,21,32,57,41,24,154,21,50,71,225
07/03/2008,JAN,MS,ASO,CE,Combined TRACON& Tower with Radar,33,57,26,33,149,0,0,20,1,21,33,57,46,34,170,32,124,156,326
07/04/2008,JAN,MS,ASO,CE,Combined TRACON& Tower with Radar,22,32,11,1,66,0,0,14,0,14,22,32,25,1,80,0,0,0,80
07/05/2008,JAN,MS,ASO,CE,Combined TRACON& Tower with Radar,24,39,6,0,69,0,0,6,2,8,24,39,12,2,77,0,0,0,77
07/06/2008,JAN,MS,ASO,CE,Combined TRACON& Tower with Radar,35,44,14,0,93,0,0,10,0,10,35,44,24,0,103,4,0,4,107
07/07/2008,JAN,MS,ASO,CE,Combined TRACON& Tower with Radar,26,59,20,16,121,0,0,11,0,11,26,59,31,16,132,4,4,8,140
07/08/2008,JAN,MS,ASO,CE,Combined TRACON& Tower with Radar,28,61,31,18,138,0,0,12,0,12,28,61,43,18,150,2,67,69,219
07/09/2008,JAN,MS,ASO,CE,Combined TRACON& Tower with Radar,27,58,22,27,134,0,0,5,0,5,27,58,27,27,139,0,92,92,231
07/10/2008,JAN,MS,ASO,CE,Combined TRACON& Tower with Radar,23,59,37,16,135,0,0,2,7,9,23,59,39,23,144,4,74,78,222
07/11/2008,JAN,MS,ASO,CE,Combined TRACON& Tower with Radar,38,51,30,22,141,0,0,4,1,5,38,51,34,23,146,20,58,78,224
07/12/2008,JAN,MS,ASO,CE,Combined TRACON& Tower with Radar,25,45,6,8,84,0,0,5,1,6,25,45,11,9,90,0,2,2,92
07/13/2008,JAN,MS,ASO,CE,Combined TRACON& Tower with Radar,17,55,17,14,103,0,0,9,0,9,17,55,26,14,112,6,10,16,128
07/14/2008,JAN,MS,ASO,CE,Combined TRACON& Tower with Radar,26,52,31,27,136,0,0,16,2,18,26,52,47,29,154,0,74,74,228
07/15/2008,JAN,MS,ASO,CE,Combined TRACON& Tower with Radar,31,61,25,26,143,0,0,20,8,28,31,61,45,34,171,44,104,148,319
07/16/2008,JAN,MS,ASO,CE,Combined TRACON& Tower with Radar,32,60,33,18,143,0,0,16,6,22,32,60,49,24,165,12,86,98,263
07/17/2008,JAN,MS,ASO,CE,Combined TRACON& Tower with Radar,26,59,44,21,150,0,0,11,6,17,26,59,55,27,167,4,42,46,213
07/18/2008,JAN,MS,ASO,CE,Combined TRACON& Tower with Radar,28,59,15,19,121,0,0,4,9,13,28,59,19,28,134,0,48,48,182
07/19/2008,JAN,MS,ASO,CE,Combined TRACON& Tower with Radar,24,38,17,2,81,0,0,6,0,6,24,38,23,2,87,4,0,4,91
07/20/2008,JAN,MS,ASO,CE,Combined TRACON& Tower with Radar,45,33,7,8,93,0,0,12,0,12,45,33,19,8,105,8,22,30,135
07/21/2008,JAN,MS,ASO,CE,Combined TRACON& Tower with Radar,25,57,34,12,128,0,0,13,2,15,25,57,47,14,143,0,50,50,193
07/22/2008,JAN,MS,ASO,CE,Combined TRACON& Tower with Radar,33,55,19,10,117,0,0,6,0,6,33,55,25,10,123,8,14,22,145
07/23/2008,JAN,MS,ASO,CE,Combined TRACON& Tower with Radar,20,67,44,11,142,0,0,6,2,8,20,67,50,13,150,8,36,44,194
07/24/2008,JAN,MS,ASO,CE,Combined TRACON& Tower with Radar,26,59,16,25,126,0,0,6,2,8,26,59,22,27,134,8,26,34,168
07/25/2008,JAN,MS,ASO,CE,Combined TRACON& Tower with Radar,41,50,23,10,124,0,0,3,2,5,41,50,26,12,129,14,46,60,189
07/26/2008,JAN,MS,ASO,CE,Combined TRACON& Tower with Radar,16,46,8,2,72,0,0,0,0,0,16,46,8,2,72,0,0,0,72
07/27/2008,JAN,MS,ASO,CE,Combined TRACON& Tower with Radar,22,55,16,3,96,0,0,6,0,6,22,55,22,3,102,6,0,6,108
07/28/2008,JAN,MS,ASO,CE,Combined TRACON& Tower with Radar,30,56,9,21,116,0,0,2,0,2,30,56,11,21,118,0,88,88,206
07/29/2008,JAN,MS,ASO,CE,Combined TRACON& Tower with Radar,29,64,29,19,141,0,0,8,3,11,29,64,37,22,152,0,42,42,194
07/30/2008,JAN,MS,ASO,CE,Combined TRACON& Tower with Radar,28,67,32,16,143,0,0,4,0,4,28,67,36,16,147,0,44,44,191
07/31/2008,JAN,MS,ASO,CE,Combined TRACON& Tower with Radar,28,61,27,11,127,0,0,2,3,5,28,61,29,14,132,0,18,18,150
08/01/2008,JAN,MS,ASO,CE,Combined TRACON& Tower with Radar,27,60,18,7,112,0,0,0,0,0,27,60,18,7,112,0,0,0,112
08/02/2008,JAN,MS,ASO,CE,Combined TRACON& Tower with Radar,16,44,10,5,75,0,0,4,0,4,16,44,14,5,79,4,6,10,89
08/03/2008,JAN,MS,ASO,CE,Combined TRACON& Tower with Radar,22,60,11,6,99,0,0,5,0,5,22,60,16,6,104,12,28,40,144
08/04/2008,JAN,MS,ASO,CE,Combined TRACON& Tower with Radar,26,65,15,11,117,0,0,6,0,6,26,65,21,11,123,18,28,46,169
08/05/2008,JAN,MS,ASO,CE,Combined TRACON& Tower with Radar,30,62,20,35,147,0,0,13,1,14,30,62,33,36,161,16,60,76,237
08/06/2008,JAN,MS,ASO,CE,Combined TRACON& Tower with Radar,25,62,45,45,177,0,0,6,3,9,25,62,51,48,186,6,82,88,274
08/07/2008,JAN,MS,ASO,CE,Combined TRACON& Tower with Radar,27,65,24,37,153,0,0,1,5,6,27,65,25,42,159,0,102,102,261
08/08/2008,JAN,MS,ASO,CE,Combined TRACON& Tower with Radar,26,65,19,38,148,0,0,12,2,14,26,65,31,40,162,4,88,92,254
08/09/2008,JAN,MS,ASO,CE,Combined TRACON& Tower with Radar,17,46,13,0,76,0,0,4,0,4,17,46,17,0,80,0,0,0,80
08/10/2008,JAN,MS,ASO,CE,Combined TRACON& Tower with Radar,21,64,14,0,99,0,0,3,0,3,21,64,17,0,102,6,0,6,108
08/11/2008,JAN,MS,ASO,CE,Combined TRACON& Tower with Radar,23,65,27,9,124,0,0,1,0,1,23,65,28,9,125,0,6,6,131
08/12/2008,JAN,MS,ASO,CE,Combined TRACON& Tower with Radar,26,59,31,8,124,0,0,0,0,0,26,59,31,8,124,0,0,0,124
08/13/2008,JAN,MS,ASO,CE,Combined TRACON& Tower with Radar,26,58,37,38,159,0,0,5,1,6,26,58,42,39,165,4,78,82,247
08/14/2008,JAN,MS,ASO,CE,Combined TRACON& Tower with Radar,31,58,37,20,146,0,0,17,5,22,31,58,54,25,168,0,96,96,264
08/15/2008,JAN,MS,ASO,CE,Combined TRACON& Tower with Radar,29,56,24,21,130,0,0,17,3,20,29,56,41,24,150,8,58,66,216
08/16/2008,JAN,MS,ASO,CE,Combined TRACON& Tower with Radar,25,38,11,0,74,0,0,4,0,4,25,38,15,0,78,2,0,2,80
08/17/2008,JAN,MS,ASO,CE,Combined TRACON& Tower with Radar,35,52,14,5,106,0,0,4,0,4,35,52,18,5,110,4,2,6,116
08/18/2008,JAN,MS,ASO,CE,Combined TRACON& Tower with Radar,22,65,23,23,133,0,0,9,2,11,22,65,32,25,144,2,98,100,244
08/19/2008,JAN,MS,ASO,CE,Combined TRACON& Tower with Radar,30,54,25,30,139,0,0,0,0,0,30,54,25,30,139,2,72,74,213
08/20/2008,JAN,MS,ASO,CE,Combined TRACON& Tower with Radar,25,64,40,11,140,0,0,0,0,0,25,64,40,11,140,0,64,64,204
08/21/2008,JAN,MS,ASO,CE,Combined TRACON& Tower with Radar,27,59,42,21,149,0,0,4,0,4,27,59,46,21,153,0,46,46,199
08/22/2008,JAN,MS,ASO,CE,Combined TRACON& Tower with Radar,54,33,25,22,134,0,0,4,0,4,54,33,29,22,138,0,78,78,216
08/23/2008,JAN,MS,ASO,CE,Combined TRACON& Tower with Radar,17,46,7,4,74,0,0,0,0,0,17,46,7,4,74,0,0,0,74
08/24/2008,JAN,MS,ASO,CE,Combined TRACON& Tower with Radar,51,31,2,3,87,0,0,0,0,0,51,31,2,3,87,0,0,0,87
08/25/2008,JAN,MS,ASO,CE,Combined TRACON& Tower with Radar,26,63,24,1,114,0,0,0,0,0,26,63,24,1,114,0,0,0,114
08/26/2008,JAN,MS,ASO,CE,Combined TRACON& Tower with Radar,26,63,23,29,141,0,0,7,0,7,26,63,30,29,148,22,82,104,252
08/27/2008,JAN,MS,ASO,CE,Combined TRACON& Tower with Radar,25,62,39,12,138,0,0,13,2,15,25,62,52,14,153,10,24,34,187
08/28/2008,JAN,MS,ASO,CE,Combined TRACON& Tower with Radar,33,60,30,10,133,0,0,14,1,15,33,60,44,11,148,34,48,82,230
08/29/2008,JAN,MS,ASO,CE,Combined TRACON& Tower with Radar,29,63,33,14,139,0,0,13,1,14,29,63,46,15,153,16,60,76,229
08/30/2008,JAN,MS,ASO,CE,Combined TRACON& Tower with Radar,19,46,18,0,83,0,0,0,0,0,19,46,18,0,83,6,0,6,89
08/31/2008,JAN,MS,ASO,CE,Combined TRACON& Tower with Radar,25,48,18,7,98,0,0,19,1,20,25,48,37,8,118,14,0,14,132
09/01/2008,JAN,MS,ASO,CE,Combined TRACON& Tower with Radar,9,28,5,1,43,0,0,0,0,0,9,28,5,1,43,0,0,0,43
09/02/2008,JAN,MS,ASO,CE,Combined TRACON& Tower with Radar,28,45,3,1,77,0,0,0,0,0,28,45,3,1,77,0,0,0,77
09/03/2008,JAN,MS,ASO,CE,Combined TRACON& Tower with Radar,26,61,19,3,109,0,0,1,0,1,26,61,20,3,110,0,0,0,110
09/04/2008,JAN,MS,ASO,CE,Combined TRACON& Tower with Radar,31,56,23,4,114,0,0,8,2,10,31,56,31,6,124,10,0,10,134
09/05/2008,JAN,MS,ASO,CE,Combined TRACON& Tower with Radar,31,52,27,17,127,0,0,3,1,4,31,52,30,18,131,2,46,48,179
09/06/2008,JAN,MS,ASO,CE,Combined TRACON& Tower with Radar,18,37,11,5,71,0,0,3,1,4,18,37,14,6,75,4,8,12,87
09/07/2008,JAN,MS,ASO,CE,Combined TRACON& Tower with Radar,25,52,10,1,88,0,0,6,2,8,25,52,16,3,96,12,2,14,110
09/08/2008,JAN,MS,ASO,CE,Combined TRACON& Tower with Radar,27,56,30,14,127,0,0,8,0,8,27,56,38,14,135,4,46,50,185
09/09/2008,JAN,MS,ASO,CE,Combined TRACON& Tower with Radar,33,47,29,20,129,0,0,9,0,9,33,47,38,20,138,2,112,114,252
09/10/2008,JAN,MS,ASO,CE,Combined TRACON& Tower with Radar,30,49,38,10,127,0,0,12,3,15,30,49,50,13,142,0,0,0,142
09/11/2008,JAN,MS,ASO,CE,Combined TRACON& Tower with Radar,32,63,23,39,157,0,0,17,0,17,32,63,40,39,174,24,78,102,276
09/12/2008,JAN,MS,ASO,CE,Combined TRACON& Tower with Radar,26,48,33,4,111,0,0,2,1,3,26,48,35,5,114,12,4,16,130
09/13/2008,JAN,MS,ASO,CE,Combined TRACON& Tower with Radar,17,29,15,4,65,0,0,0,1,1,17,29,15,5,66,24,0,24,90
09/14/2008,JAN,MS,ASO,CE,Combined TRACON& Tower with Radar,16,41,13,7,77,0,0,5,0,5,16,41,18,7,82,0,0,0,82
09/15/2008,JAN,MS,ASO,CE,Combined TRACON& Tower with Radar,20,55,37,24,136,0,1,9,0,10,20,56,46,24,146,3,110,113,259
09/16/2008,JAN,MS,ASO,CE,Combined TRACON& Tower with Radar,28,48,33,39,148,0,0,5,1,6,28,48,38,40,154,2,134,136,290
09/17/2008,JAN,MS,ASO,CE,Combined TRACON& Tower with Radar,25,52,48,17,142,0,0,15,0,15,25,52,63,17,157,14,146,160,317
09/18/2008,JAN,MS,ASO,CE,Combined TRACON& Tower with Radar,24,66,33,19,142,0,0,5,0,5,24,66,38,19,147,2,28,30,177
09/19/2008,JAN,MS,ASO,CE,Combined TRACON& Tower with Radar,30,55,24,11,120,0,0,4,3,7,30,55,28,14,127,0,24,24,151
09/20/2008,JAN,MS,ASO,CE,Combined TRACON& Tower with Radar,23,37,22,6,88,0,0,5,0,5,23,37,27,6,93,0,4,4,97
09/21/2008,JAN,MS,ASO,CE,Combined TRACON& Tower with Radar,21,53,15,14,103,0,0,6,2,8,21,53,21,16,111,2,40,42,153
09/22/2008,JAN,MS,ASO,CE,Combined TRACON& Tower with Radar,28,55,20,30,133,0,0,17,5,22,28,55,37,35,155,0,122,122,277
09/23/2008,JAN,MS,ASO,CE,Combined TRACON& Tower with Radar,31,48,41,18,138,0,0,16,2,18,31,48,57,20,156,14,54,68,224
09/24/2008,JAN,MS,ASO,CE,Combined TRACON& Tower with Radar,30,53,45,17,145,0,0,7,1,8,30,53,52,18,153,0,60,60,213
09/25/2008,JAN,MS,ASO,CE,Combined TRACON& Tower with Radar,29,59,43,22,153,0,0,7,3,10,29,59,50,25,163,10,70,80,243
09/26/2008,JAN,MS,ASO,CE,Combined TRACON& Tower with Radar,36,52,28,24,140,0,0,12,0,12,36,52,40,24,152,4,154,158,310
09/27/2008,JAN,MS,ASO,CE,Combined TRACON& Tower with Radar,21,38,10,18,87,0,0,15,0,15,21,38,25,18,102,42,32,74,176
09/28/2008,JAN,MS,ASO,CE,Combined TRACON& Tower with Radar,27,49,20,11,107,0,0,12,1,13,27,49,32,12,120,36,0,36,156
09/29/2008,JAN,MS,ASO,CE,Combined TRACON& Tower with Radar,27,54,22,21,124,0,0,13,0,13,27,54,35,21,137,4,80,84,221
09/30/2008,JAN,MS,ASO,CE,Combined TRACON& Tower with Radar,30,48,19,17,114,0,0,10,1,11,30,48,29,18,125,0,66,66,191
10/01/2008,JAN,MS,ASO,CE,Combined TRACON& Tower with Radar,26,54,38,11,129,0,0,11,4,15,26,54,49,15,144,2,0,2,146
10/02/2008,JAN,MS,ASO,CE,Combined TRACON& Tower with Radar,31,56,14,16,117,0,0,9,4,13,31,56,23,20,130,4,68,72,202
10/03/2008,JAN,MS,ASO,CE,Combined TRACON& Tower with Radar,29,56,28,18,131,0,0,15,0,15,29,56,43,18,146,10,26,36,182
10/04/2008,JAN,MS,ASO,CE,Combined TRACON& Tower with Radar,22,34,18,2,76,0,0,6,0,6,22,34,24,2,82,4,0,4,86
10/05/2008,JAN,MS,ASO,CE,Combined TRACON& Tower with Radar,22,55,12,10,99,0,0,5,1,6,22,55,17,11,105,0,0,0,105
10/06/2008,JAN,MS,ASO,CE,Combined TRACON& Tower with Radar,46,37,18,14,115,0,0,15,0,15,46,37,33,14,130,4,40,44,174
10/07/2008,JAN,MS,ASO,CE,Combined TRACON& Tower with Radar,27,51,41,22,141,0,0,4,0,4,27,51,45,22,145,2,3,5,150
10/08/2008,JAN,MS,ASO,CE,Combined TRACON& Tower with Radar,28,47,70,39,184,0,0,12,0,12,28,47,82,39,196,6,128,134,330
10/09/2008,JAN,MS,ASO,CE,Combined TRACON& Tower with Radar,33,47,49,44,173,0,0,9,0,9,33,47,58,44,182,4,112,116,298
10/10/2008,JAN,MS,ASO,CE,Combined TRACON& Tower with Radar,35,52,22,12,121,0,1,18,0,19,35,53,40,12,140,6,120,126,266
10/11/2008,JAN,MS,ASO,CE,Combined TRACON& Tower with Radar,20,33,11,0,64,0,0,2,0,2,20,33,13,0,66,0,0,0,66
10/12/2008,JAN,MS,ASO,CE,Combined TRACON& Tower with Radar,36,34,12,0,82,0,1,2,0,3,36,35,14,0,85,0,0,0,85
10/13/2008,JAN,MS,ASO,CE,Combined TRACON& Tower with Radar,27,55,31,13,126,0,0,8,0,8,27,55,39,13,134,10,0,10,144
10/14/2008,JAN,MS,ASO,CE,Combined TRACON& Tower with Radar,28,48,32,23,131,0,0,11,0,11,28,48,43,23,142,30,86,116,258
10/15/2008,JAN,MS,ASO,CE,Combined TRACON& Tower with Radar,27,58,32,35,152,0,0,13,0,13,27,58,45,35,165,2,142,144,309
10/16/2008,JAN,MS,ASO,CE,Combined TRACON& Tower with Radar,29,59,23,4,115,0,0,9,0,9,29,59,32,4,124,10,0,10,134
10/17/2008,JAN,MS,ASO,CE,Combined TRACON& Tower with Radar,32,57,26,9,124,0,0,11,0,11,32,57,37,9,135,6,10,16,151
10/18/2008,JAN,MS,ASO,CE,Combined TRACON& Tower with Radar,16,36,5,0,57,0,0,11,2,13,16,36,16,2,70,12,0,12,82
10/19/2008,JAN,MS,ASO,CE,Combined TRACON& Tower with Radar,22,48,18,9,97,0,0,11,0,11,22,48,29,9,108,2,4,6,114
10/20/2008,JAN,MS,ASO,CE,Combined TRACON& Tower with Radar,27,58,20,22,127,0,0,6,3,9,27,58,26,25,136,4,90,94,230
10/21/2008,JAN,MS,ASO,CE,Combined TRACON& Tower with Radar,33,46,26,11,116,0,0,6,0,6,33,46,32,11,122,0,16,16,138
10/22/2008,JAN,MS,ASO,CE,Combined TRACON& Tower with Radar,25,55,45,31,156,0,0,10,2,12,25,55,55,33,168,0,160,160,328
10/23/2008,JAN,MS,ASO,CE,Combined TRACON& Tower with Radar,29,52,44,11,136,0,0,1,0,1,29,52,45,11,137,0,0,0,137
10/24/2008,JAN,MS,ASO,CE,Combined TRACON& Tower with Radar,30,52,19,28,129,0,0,6,0,6,30,52,25,28,135,2,80,82,217
10/25/2008,JAN,MS,ASO,CE,Combined TRACON& Tower with Radar,17,38,6,4,65,0,0,13,0,13,17,38,19,4,78,10,4,14,92
10/26/2008,JAN,MS,ASO,CE,Combined TRACON& Tower with Radar,20,47,15,7,89,0,0,8,0,8,20,47,23,7,97,18,0,18,115
10/27/2008,JAN,MS,ASO,CE,Combined TRACON& Tower with Radar,27,56,29,19,131,0,0,9,1,10,27,56,38,20,141,8,78,86,227
10/28/2008,JAN,MS,ASO,CE,Combined TRACON& Tower with Radar,32,45,29,20,126,0,0,9,0,9,32,45,38,20,135,0,80,80,215
10/29/2008,JAN,MS,ASO,CE,Combined TRACON& Tower with Radar,29,49,29,19,126,0,0,20,1,21,29,49,49,20,147,2,2,4,151
10/30/2008,JAN,MS,ASO,CE,Combined TRACON& Tower with Radar,28,53,37,25,143,0,0,23,2,25,28,53,60,27,168,7,30,37,205
10/31/2008,JAN,MS,ASO,CE,Combined TRACON& Tower with Radar,27,56,28,10,121,0,0,17,2,19,27,56,45,12,140,14,46,60,200
11/01/2008,JAN,MS,ASO,CE,Combined TRACON& Tower with Radar,16,41,11,3,71,0,0,6,0,6,16,41,17,3,77,2,0,2,79
11/02/2008,JAN,MS,ASO,CE,Combined TRACON& Tower with Radar,20,51,14,6,91,0,0,3,2,5,20,51,17,8,96,0,0,0,96
11/03/2008,JAN,MS,ASO,CE,Combined TRACON& Tower with Radar,26,60,24,24,134,0,0,18,5,23,26,60,42,29,157,10,78,88,245
11/04/2008,JAN,MS,ASO,CE,Combined TRACON& Tower with Radar,26,55,24,34,139,0,0,9,1,10,26,55,33,35,149,10,84,94,243
11/05/2008,JAN,MS,ASO,CE,Combined TRACON& Tower with Radar,27,60,23,40,150,0,0,10,0,10,27,60,33,40,160,8,184,192,352
11/06/2008,JAN,MS,ASO,CE,Combined TRACON& Tower with Radar,27,67,42,9,145,0,0,16,3,19,27,67,58,12,164,2,14,16,180
11/07/2008,JAN,MS,ASO,CE,Combined TRACON& Tower with Radar,28,65,27,9,129,0,0,9,0,9,28,65,36,9,138,14,2,16,154
11/08/2008,JAN,MS,ASO,CE,Combined TRACON& Tower with Radar,20,44,8,1,73,0,0,21,0,21,20,44,29,1,94,14,4,18,112
11/09/2008,JAN,MS,ASO,CE,Combined TRACON& Tower with Radar,46,26,11,4,87,0,0,9,0,9,46,26,20,4,96,24,0,24,120
11/10/2008,JAN,MS,ASO,CE,Combined TRACON& Tower with Radar,25,58,28,18,129,0,0,11,1,12,25,58,39,19,141,1,114,115,256
11/11/2008,JAN,MS,ASO,CE,Combined TRACON& Tower with Radar,26,54,38,2,120,0,0,9,1,10,26,54,47,3,130,2,0,2,132
11/12/2008,JAN,MS,ASO,CE,Combined TRACON& Tower with Radar,24,61,34,10,129,0,0,0,0,0,24,61,34,10,129,0,2,2,131
11/13/2008,JAN,MS,ASO,CE,Combined TRACON& Tower with Radar,28,64,46,25,163,0,0,4,0,4,28,64,50,25,167,0,80,80,247
11/14/2008,JAN,MS,ASO,CE,Combined TRACON& Tower with Radar,35,45,29,9,118,0,0,7,2,9,35,45,36,11,127,0,28,28,155
11/15/2008,JAN,MS,ASO,CE,Combined TRACON& Tower with Radar,19,41,9,1,70,0,0,4,3,7,19,41,13,4,77,2,0,2,79
11/16/2008,JAN,MS,ASO,CE,Combined TRACON& Tower with Radar,20,51,16,5,92,0,0,12,0,12,20,51,28,5,104,28,6,34,138
11/17/2008,JAN,MS,ASO,CE,Combined TRACON& Tower with Radar,50,35,28,11,124,0,0,13,1,14,50,35,41,12,138,28,72,100,238
11/18/2008,JAN,MS,ASO,CE,Combined TRACON& Tower with Radar,28,54,33,43,158,0,0,11,1,12,28,54,44,44,170,2,138,140,310
11/19/2008,JAN,MS,ASO,CE,Combined TRACON& Tower with Radar,27,57,42,20,146,0,0,8,4,12,27,57,50,24,158,1,38,39,197
11/20/2008,JAN,MS,ASO,CE,Combined TRACON& Tower with Radar,35,64,23,17,139,0,0,4,1,5,35,64,27,18,144,8,24,32,176
11/21/2008,JAN,MS,ASO,CE,Combined TRACON& Tower with Radar,35,57,19,10,121,0,0,13,2,15,35,57,32,12,136,6,8,14,150
11/22/2008,JAN,MS,ASO,CE,Combined TRACON& Tower with Radar,18,44,9,0,71,0,0,3,3,6,18,44,12,3,77,2,14,16,93
11/23/2008,JAN,MS,ASO,CE,Combined TRACON& Tower with Radar,41,33,8,4,86,0,0,20,0,20,41,33,28,4,106,2,2,4,110
11/24/2008,JAN,MS,ASO,CE,Combined TRACON& Tower with Radar,25,52,19,12,108,0,0,2,0,2,25,52,21,12,110,2,8,10,120
11/25/2008,JAN,MS,ASO,CE,Combined TRACON& Tower with Radar,30,55,13,35,133,0,0,3,2,5,30,55,16,37,138,2,102,104,242
11/26/2008,JAN,MS,ASO,CE,Combined TRACON& Tower with Radar,30,58,10,11,109,0,0,3,2,5,30,58,13,13,114,10,94,104,218
11/27/2008,JAN,MS,ASO,CE,Combined TRACON& Tower with Radar,13,35,8,0,56,0,0,3,0,3,13,35,11,0,59,6,0,6,65
11/28/2008,JAN,MS,ASO,CE,Combined TRACON& Tower with Radar,27,47,25,3,102,0,0,4,0,4,27,47,29,3,106,0,0,0,106
11/29/2008,JAN,MS,ASO,CE,Combined TRACON& Tower with Radar,51,28,11,0,90,0,0,0,0,0,51,28,11,0,90,0,0,0,90
11/30/2008,JAN,MS,ASO,CE,Combined TRACON& Tower with Radar,23,54,10,1,88,0,0,0,0,0,23,54,10,1,88,0,0,0,88
12/01/2008,JAN,MS,ASO,CE,Combined TRACON& Tower with Radar,23,59,20,12,114,0,0,7,1,8,23,59,27,13,122,2,88,90,212
12/02/2008,JAN,MS,ASO,CE,Combined TRACON& Tower with Radar,29,58,28,32,147,0,0,11,2,13,29,58,39,34,160,2,200,202,362
12/03/2008,JAN,MS,ASO,CE,Combined TRACON& Tower with Radar,26,54,24,14,118,0,0,10,4,14,26,54,34,18,132,2,50,52,184
12/04/2008,JAN,MS,ASO,CE,Combined TRACON& Tower with Radar,28,60,31,18,137,0,0,5,0,5,28,60,36,18,142,20,22,42,184
12/05/2008,JAN,MS,ASO,CE,Combined TRACON& Tower with Radar,29,56,27,19,131,0,0,29,0,29,29,56,56,19,160,24,34,58,218
12/06/2008,JAN,MS,ASO,CE,Combined TRACON& Tower with Radar,16,40,5,2,63,0,0,15,2,17,16,40,20,4,80,14,0,14,94
12/07/2008,JAN,MS,ASO,CE,Combined TRACON& Tower with Radar,20,48,11,15,94,0,0,4,0,4,20,48,15,15,98,2,46,48,146
12/08/2008,JAN,MS,ASO,CE,Combined TRACON& Tower with Radar,25,61,30,16,132,0,0,7,2,9,25,61,37,18,141,0,38,38,179
12/09/2008,JAN,MS,ASO,CE,Combined TRACON& Tower with Radar,26,54,13,3,96,0,0,0,0,0,26,54,13,3,96,0,0,0,96
12/10/2008,JAN,MS,ASO,CE,Combined TRACON& Tower with Radar,29,54,27,25,135,0,0,0,0,0,29,54,27,25,135,0,24,24,159
12/11/2008,JAN,MS,ASO,CE,Combined TRACON& Tower with Radar,23,50,20,2,95,0,0,0,0,0,23,50,20,2,95,0,18,18,113
12/12/2008,JAN,MS,ASO,CE,Combined TRACON& Tower with Radar,31,56,28,13,128,0,0,19,7,26,31,56,47,20,154,0,28,28,182
12/13/2008,JAN,MS,ASO,CE,Combined TRACON& Tower with Radar,18,40,9,0,67,0,5,1,0,6,18,45,10,0,73,0,0,0,73
12/14/2008,JAN,MS,ASO,CE,Combined TRACON& Tower with Radar,17,48,12,13,90,0,0,2,1,3,17,48,14,14,93,0,14,14,107
12/15/2008,JAN,MS,ASO,CE,Combined TRACON& Tower with Radar,25,55,37,13,130,0,0,0,0,0,25,55,37,13,130,0,8,8,138
12/16/2008,JAN,MS,ASO,CE,Combined TRACON& Tower with Radar,31,45,34,2,112,0,0,0,0,0,31,45,34,2,112,0,0,0,112
12/17/2008,JAN,MS,ASO,CE,Combined TRACON& Tower with Radar,29,49,28,4,110,0,0,0,0,0,29,49,28,4,110,2,0,2,112
12/18/2008,JAN,MS,ASO,CE,Combined TRACON& Tower with Radar,35,61,88,52,236,0,0,41,0,41,35,61,129,52,277,0,132,132,409
12/19/2008,JAN,MS,ASO,CE,Combined TRACON& Tower with Radar,28,61,22,22,133,0,0,2,2,4,28,61,24,24,137,0,74,74,211
12/20/2008,JAN,MS,ASO,CE,Combined TRACON& Tower with Radar,20,42,18,0,80,0,0,4,1,5,20,42,22,1,85,2,2,4,89
12/21/2008,JAN,MS,ASO,CE,Combined TRACON& Tower with Radar,37,30,6,2,75,0,0,6,0,6,37,30,12,2,81,20,0,20,101
12/22/2008,JAN,MS,ASO,CE,Combined TRACON& Tower with Radar,22,53,19,23,117,0,0,9,0,9,22,53,28,23,126,6,72,78,204
12/23/2008,JAN,MS,ASO,CE,Combined TRACON& Tower with Radar,28,57,12,10,107,0,0,7,1,8,28,57,19,11,115,0,48,48,163
12/24/2008,JAN,MS,ASO,CE,Combined TRACON& Tower with Radar,23,50,4,1,78,0,0,0,0,0,23,50,4,1,78,0,0,0,78
12/25/2008,JAN,MS,ASO,CE,Combined TRACON& Tower with Radar,19,45,7,0,71,0,0,0,0,0,19,45,7,0,71,0,0,0,71
12/26/2008,JAN,MS,ASO,CE,Combined TRACON& Tower with Radar,29,49,23,3,104,0,0,7,0,7,29,49,30,3,111,0,0,0,111
12/27/2008,JAN,MS,ASO,CE,Combined TRACON& Tower with Radar,32,24,13,0,69,0,0,0,0,0,32,24,13,0,69,0,0,0,69
12/28/2008,JAN,MS,ASO,CE,Combined TRACON& Tower with Radar,16,54,14,0,84,0,0,8,0,8,16,54,22,0,92,0,2,2,94
12/29/2008,JAN,MS,ASO,CE,Combined TRACON& Tower with Radar,24,59,5,4,92,0,0,9,0,9,24,59,14,4,101,28,4,32,133
12/30/2008,JAN,MS,ASO,CE,Combined TRACON& Tower with Radar,46,39,15,4,104,0,0,15,0,15,46,39,30,4,119,0,0,0,119
12/31/2008,JAN,MS,ASO,CE,Combined TRACON& Tower with Radar,18,47,7,14,86,0,0,8,1,9,18,47,15,15,95,1,14,15,110
01/01/2009,JAN,MS,ASO,CE,Combined TRACON& Tower with Radar,18,47,2,1,68,0,0,9,1,10,18,47,11,2,78,2,0,2,80
01/02/2009,JAN,MS,ASO,CE,Combined TRACON& Tower with Radar,40,47,25,1,113,0,0,3,0,3,40,47,28,1,116,0,0,0,116
01/03/2009,JAN,MS,ASO,CE,Combined TRACON& Tower with Radar,24,40,14,2,80,0,0,2,0,2,24,40,16,2,82,0,0,0,82
01/04/2009,JAN,MS,ASO,CE,Combined TRACON& Tower with Radar,18,57,8,1,84,0,0,0,0,0,18,57,8,1,84,0,0,0,84
01/05/2009,JAN,MS,ASO,CE,Combined TRACON& Tower with Radar,28,54,13,6,101,0,0,0,0,0,28,54,13,6,101,0,8,8,109
01/06/2009,JAN,MS,ASO,CE,Combined TRACON& Tower with Radar,28,58,14,0,100,0,0,0,0,0,28,58,14,0,100,0,0,0,100
01/07/2009,JAN,MS,ASO,CE,Combined TRACON& Tower with Radar,22,58,29,16,125,0,0,7,0,7,22,58,36,16,132,2,70,72,204
01/08/2009,JAN,MS,ASO,CE,Combined TRACON& Tower with Radar,23,61,18,26,128,0,0,12,0,12,23,61,30,26,140,12,112,124,264
01/09/2009,JAN,MS,ASO,CE,Combined TRACON& Tower with Radar,29,59,11,29,128,0,0,20,1,21,29,59,31,30,149,0,124,124,273
01/10/2009,JAN,MS,ASO,CE,Combined TRACON& Tower with Radar,16,45,13,7,81,0,0,1,0,1,16,45,14,7,82,0,4,4,86
01/11/2009,JAN,MS,ASO,CE,Combined TRACON& Tower with Radar,17,55,14,7,93,0,0,1,0,1,17,55,15,7,94,0,0,0,94
01/12/2009,JAN,MS,ASO,CE,Combined TRACON& Tower with Radar,20,62,21,24,127,0,0,11,1,12,20,62,32,25,139,16,64,80,219
01/13/2009,JAN,MS,ASO,CE,Combined TRACON& Tower with Radar,21,57,31,35,144,0,0,5,0,5,21,57,36,35,149,0,88,88,237
01/14/2009,JAN,MS,ASO,CE,Combined TRACON& Tower with Radar,21,56,32,22,131,0,0,8,2,10,21,56,40,24,141,2,92,94,235
01/15/2009,JAN,MS,ASO,CE,Combined TRACON& Tower with Radar,34,52,23,18,127,0,0,17,1,18,34,52,40,19,145,0,116,116,261
01/16/2009,JAN,MS,ASO,CE,Combined TRACON& Tower with Radar,24,61,23,9,117,0,0,6,2,8,24,61,29,11,125,2,56,58,183
01/17/2009,JAN,MS,ASO,CE,Combined TRACON& Tower with Radar,15,46,2,17,80,0,0,4,1,5,15,46,6,18,85,0,12,12,97
01/18/2009,JAN,MS,ASO,CE,Combined TRACON& Tower with Radar,18,52,7,7,84,0,0,3,0,3,18,52,10,7,87,6,4,10,97
01/19/2009,JAN,MS,ASO,CE,Combined TRACON& Tower with Radar,20,64,16,9,109,0,0,2,0,2,20,64,18,9,111,0,16,16,127
01/20/2009,JAN,MS,ASO,CE,Combined TRACON& Tower with Radar,45,34,17,37,133,0,0,5,0,5,45,34,22,37,138,0,48,48,186
01/21/2009,JAN,MS,ASO,CE,Combined TRACON& Tower with Radar,24,64,25,37,150,0,0,8,1,9,24,64,33,38,159,4,76,80,239
01/22/2009,JAN,MS,ASO,CE,Combined TRACON& Tower with Radar,21,65,23,17,126,0,0,19,0,19,21,65,42,17,145,12,78,90,235
01/23/2009,JAN,MS,ASO,CE,Combined TRACON& Tower with Radar,28,55,23,22,128,0,0,3,0,3,28,55,26,22,131,10,46,56,187
01/24/2009,JAN,MS,ASO,CE,Combined TRACON& Tower with Radar,13,43,15,6,77,0,0,0,0,0,13,43,15,6,77,6,4,10,87
01/25/2009,JAN,MS,ASO,CE,Combined TRACON& Tower with Radar,30,39,16,20,105,0,0,2,0,2,30,39,18,20,107,8,4,12,119
01/26/2009,JAN,MS,ASO,CE,Combined TRACON& Tower with Radar,33,49,25,12,119,0,0,12,1,13,33,49,37,13,132,7,20,27,159
01/27/2009,JAN,MS,ASO,CE,Combined TRACON& Tower with Radar,32,42,26,48,148,0,0,4,0,4,32,42,30,48,152,2,182,184,336
01/28/2009,JAN,MS,ASO,CE,Combined TRACON& Tower with Radar,22,55,41,10,128,0,0,0,0,0,22,55,41,10,128,0,8,8,136
01/29/2009,JAN,MS,ASO,CE,Combined TRACON& Tower with Radar,22,67,37,23,149,0,0,13,0,13,22,67,50,23,162,8,36,44,206
01/30/2009,JAN,MS,ASO,CE,Combined TRACON& Tower with Radar,23,57,24,17,121,0,0,11,0,11,23,57,35,17,132,0,128,128,260
01/31/2009,JAN,MS,ASO,CE,Combined TRACON& Tower with Radar,16,45,12,0,73,0,0,0,0,0,16,45,12,0,73,0,0,0,73
02/01/2009,JAN,MS,ASO,CE,Combined TRACON& Tower with Radar,20,54,5,1,80,0,0,6,0,6,20,54,11,1,86,16,0,16,102
02/02/2009,JAN,MS,ASO,CE,Combined TRACON& Tower with Radar,29,52,12,29,122,0,0,8,3,11,29,52,20,32,133,0,70,70,203
02/03/2009,JAN,MS,ASO,CE,Combined TRACON& Tower with Radar,20,55,20,21,116,0,0,10,3,13,20,55,30,24,129,0,138,138,267
02/04/2009,JAN,MS,ASO,CE,Combined TRACON& Tower with Radar,25,62,43,24,154,0,0,6,0,6,25,62,49,24,160,2,58,60,220
02/05/2009,JAN,MS,ASO,CE,Combined TRACON& Tower with Radar,18,60,31,18,127,0,0,8,4,12,18,60,39,22,139,0,104,104,243
02/06/2009,JAN,MS,ASO,CE,Combined TRACON& Tower with Radar,24,60,25,29,138,0,0,9,0,9,24,60,34,29,147,8,168,176,323
02/07/2009,JAN,MS,ASO,CE,Combined TRACON& Tower with Radar,12,44,15,13,84,0,0,6,2,8,12,44,21,15,92,10,30,40,132
02/08/2009,JAN,MS,ASO,CE,Combined TRACON& Tower with Radar,19,53,17,26,115,0,0,3,0,3,19,53,20,26,118,4,24,28,146
02/09/2009,JAN,MS,ASO,CE,Combined TRACON& Tower with Radar,21,61,28,12,122,0,0,8,0,8,21,61,36,12,130,2,86,88,218
02/10/2009,JAN,MS,ASO,CE,Combined TRACON& Tower with Radar,23,49,20,21,113,0,2,2,0,4,23,51,22,21,117,0,38,38,155
02/11/2009,JAN,MS,ASO,CE,Combined TRACON& Tower with Radar,21,62,27,14,124,0,0,2,0,2,21,62,29,14,126,2,16,18,144
02/12/2009,JAN,MS,ASO,CE,Combined TRACON& Tower with Radar,22,61,34,26,143,0,0,21,4,25,22,61,55,30,168,10,112,122,290
02/13/2009,JAN,MS,ASO,CE,Combined TRACON& Tower with Radar,26,57,20,4,107,0,0,3,0,3,26,57,23,4,110,2,16,18,128
02/14/2009,JAN,MS,ASO,CE,Combined TRACON& Tower with Radar,14,45,9,2,70,0,0,2,0,2,14,45,11,2,72,4,0,4,76
02/15/2009,JAN,MS,ASO,CE,Combined TRACON& Tower with Radar,15,57,12,1,85,0,0,8,0,8,15,57,20,1,93,8,0,8,101
02/16/2009,JAN,MS,ASO,CE,Combined TRACON& Tower with Radar,22,63,33,6,124,0,0,16,0,16,22,63,49,6,140,18,2,20,160
02/17/2009,JAN,MS,ASO,CE,Combined TRACON& Tower with Radar,22,59,28,22,131,0,0,2,0,2,22,59,30,22,133,4,130,134,267
02/18/2009,JAN,MS,ASO,CE,Combined TRACON& Tower with Radar,20,60,27,21,128,0,1,0,0,1,20,61,27,21,129,0,16,16,145
02/19/2009,JAN,MS,ASO,CE,Combined TRACON& Tower with Radar,20,58,24,28,130,0,1,17,3,21,20,59,41,31,151,6,146,152,303
02/20/2009,JAN,MS,ASO,CE,Combined TRACON& Tower with Radar,25,52,37,47,161,0,0,13,0,13,25,52,50,47,174,4,200,204,378
02/21/2009,JAN,MS,ASO,CE,Combined TRACON& Tower with Radar,12,42,12,0,66,0,0,4,0,4,12,42,16,0,70,0,0,0,70
02/22/2009,JAN,MS,ASO,CE,Combined TRACON& Tower with Radar,35,38,18,7,98,0,0,7,0,7,35,38,25,7,105,2,6,8,113
02/23/2009,JAN,MS,ASO,CE,Combined TRACON& Tower with Radar,22,60,14,10,106,0,0,15,0,15,22,60,29,10,121,0,46,46,167
02/24/2009,JAN,MS,ASO,CE,Combined TRACON& Tower with Radar,23,57,19,29,128,0,0,7,0,7,23,57,26,29,135,2,152,154,289
02/25/2009,JAN,MS,ASO,CE,Combined TRACON& Tower with Radar,25,58,35,30,148,0,0,7,0,7,25,58,42,30,155,2,64,66,221
02/26/2009,JAN,MS,ASO,CE,Combined TRACON& Tower with Radar,31,63,37,40,171,0,1,10,6,17,31,64,47,46,188,24,96,120,308
02/27/2009,JAN,MS,ASO,CE,Combined TRACON& Tower with Radar,27,50,12,9,98,0,0,1,0,1,27,50,13,9,99,0,6,6,105
02/28/2009,JAN,MS,ASO,CE,Combined TRACON& Tower with Radar,17,34,19,0,70,0,0,0,0,0,17,34,19,0,70,0,0,0,70
03/01/2009,JAN,MS,ASO,CE,Combined TRACON& Tower with Radar,47,8,10,3,68,0,0,2,0,2,47,8,12,3,70,0,2,2,72
03/02/2009,JAN,MS,ASO,CE,Combined TRACON& Tower with Radar,20,56,22,19,117,0,1,5,0,6,20,57,27,19,123,6,50,56,179
03/03/2009,JAN,MS,ASO,CE,Combined TRACON& Tower with Radar,22,59,23,20,124,0,0,14,1,15,22,59,37,21,139,0,104,104,243
03/04/2009,JAN,MS,ASO,CE,Combined TRACON& Tower with Radar,23,54,22,33,132,0,0,10,4,14,23,54,32,37,146,4,40,44,190
03/05/2009,JAN,MS,ASO,CE,Combined TRACON& Tower with Radar,20,58,30,17,125,0,0,5,2,7,20,58,35,19,132,0,50,50,182
03/06/2009,JAN,MS,ASO,CE,Combined TRACON& Tower with Radar,26,54,19,14,113,0,0,12,1,13,26,54,31,15,126,8,86,94,220
03/07/2009,JAN,MS,ASO,CE,Combined TRACON& Tower with Radar,12,45,7,6,70,0,0,8,1,9,12,45,15,7,79,2,12,14,93
03/08/2009,JAN,MS,ASO,CE,Combined TRACON& Tower with Radar,31,43,11,13,98,0,0,3,2,5,31,43,14,15,103,4,2,6,109
03/09/2009,JAN,MS,ASO,CE,Combined TRACON& Tower with Radar,20,63,27,16,126,0,0,14,0,14,20,63,41,16,140,26,44,70,210
03/10/2009,JAN,MS,ASO,CE,Combined TRACON& Tower with Radar,26,56,24,32,138,0,2,7,1,10,26,58,31,33,148,2,58,60,208
03/11/2009,JAN,MS,ASO,CE,Combined TRACON& Tower with Radar,20,62,27,26,135,0,0,0,0,0,20,62,27,26,135,2,24,26,161
03/12/2009,JAN,MS,ASO,CE,Combined TRACON& Tower with Radar,21,63,25,26,135,0,0,1,0,1,21,63,26,26,136,0,20,20,156
03/13/2009,JAN,MS,ASO,CE,Combined TRACON& Tower with Radar,31,57,28,4,120,0,0,0,0,0,31,57,28,4,120,8,0,8,128
03/14/2009,JAN,MS,ASO,CE,Combined TRACON& Tower with Radar,18,41,12,5,76,0,0,0,0,0,18,41,12,5,76,0,0,0,76
03/15/2009,JAN,MS,ASO,CE,Combined TRACON& Tower with Radar,43,30,18,14,105,0,0,0,0,0,43,30,18,14,105,0,10,10,115
03/16/2009,JAN,MS,ASO,CE,Combined TRACON& Tower with Radar,22,61,14,27,124,0,1,1,0,2,22,62,15,27,126,0,20,20,146
03/17/2009,JAN,MS,ASO,CE,Combined TRACON& Tower with Radar,25,63,24,29,141,0,0,10,4,14,25,63,34,33,155,2,86,88,243
03/18/2009,JAN,MS,ASO,CE,Combined TRACON& Tower with Radar,24,60,29,24,137,0,0,13,3,16,24,60,42,27,153,0,54,54,207
03/19/2009,JAN,MS,ASO,CE,Combined TRACON& Tower with Radar,22,56,32,31,141,0,2,6,4,12,22,58,38,35,153,0,60,60,213
03/20/2009,JAN,MS,ASO,CE,Combined TRACON& Tower with Radar,24,57,16,25,122,0,0,11,0,11,24,57,27,25,133,0,66,66,199
03/21/2009,JAN,MS,ASO,CE,Combined TRACON& Tower with Radar,13,46,17,0,76,0,0,8,6,14,13,46,25,6,90,6,0,6,96
03/22/2009,JAN,MS,ASO,CE,Combined TRACON& Tower with Radar,26,54,12,11,103,0,0,13,0,13,26,54,25,11,116,16,14,30,146
03/23/2009,JAN,MS,ASO,CE,Combined TRACON& Tower with Radar,32,59,26,25,142,0,0,8,2,10,32,59,34,27,152,20,84,104,256
03/24/2009,JAN,MS,ASO,CE,Combined TRACON& Tower with Radar,24,69,30,33,156,0,0,2,0,2,24,69,32,33,158,10,52,62,220
03/25/2009,JAN,MS,ASO,CE,Combined TRACON& Tower with Radar,19,59,36,40,154,0,0,0,2,2,19,59,36,42,156,0,26,26,182
03/26/2009,JAN,MS,ASO,CE,Combined TRACON& Tower with Radar,21,60,39,19,139,0,0,4,0,4,21,60,43,19,143,2,24,26,169
03/27/2009,JAN,MS,ASO,CE,Combined TRACON& Tower with Radar,27,48,16,19,110,0,2,1,0,3,27,50,17,19,113,2,4,6,119
03/28/2009,JAN,MS,ASO,CE,Combined TRACON& Tower with Radar,33,25,21,6,85,0,0,4,0,4,33,25,25,6,89,8,10,18,107
03/29/2009,JAN,MS,ASO,CE,Combined TRACON& Tower with Radar,39,26,16,10,91,0,0,11,0,11,39,26,27,10,102,10,14,24,126
03/30/2009,JAN,MS,ASO,CE,Combined TRACON& Tower with Radar,26,52,13,25,116,0,0,10,0,10,26,52,23,25,126,2,60,62,188
03/31/2009,JAN,MS,ASO,CE,Combined TRACON& Tower with Radar,37,51,15,10,113,0,0,0,0,0,37,51,15,10,113,2,2,4,117
04/01/2009,JAN,MS,ASO,CE,Combined TRACON& Tower with Radar,25,48,20,56,149,0,2,7,3,12,25,50,27,59,161,34,54,88,249
04/02/2009,JAN,MS,ASO,CE,Combined TRACON& Tower with Radar,29,50,14,5,98,0,0,1,0,1,29,50,15,5,99,0,0,0,99
04/03/2009,JAN,MS,ASO,CE,Combined TRACON& Tower with Radar,32,54,16,17,119,0,6,10,22,38,32,60,26,39,157,20,20,40,197
04/04/2009,JAN,MS,ASO,CE,Combined TRACON& Tower with Radar,13,40,11,6,70,0,1,9,2,12,13,41,20,8,82,10,6,16,98
04/05/2009,JAN,MS,ASO,CE,Combined TRACON& Tower with Radar,22,54,5,56,137,0,0,1,0,1,22,54,6,56,138,0,64,64,202
04/06/2009,JAN,MS,ASO,CE,Combined TRACON& Tower with Radar,36,55,16,96,203,0,2,0,4,6,36,57,16,100,209,10,214,224,433
04/07/2009,JAN,MS,ASO,CE,Combined TRACON& Tower with Radar,24,52,32,33,141,0,4,6,2,12,24,56,38,35,153,2,32,34,187
04/08/2009,JAN,MS,ASO,CE,Combined TRACON& Tower with Radar,25,55,28,29,137,0,1,12,2,15,25,56,40,31,152,0,40,40,192
04/09/2009,JAN,MS,ASO,CE,Combined TRACON& Tower with Radar,27,56,32,31,146,0,0,7,2,9,27,56,39,33,155,6,104,110,265
04/10/2009,JAN,MS,ASO,CE,Combined TRACON& Tower with Radar,28,54,10,8,100,0,0,2,0,2,28,54,12,8,102,0,8,8,110
04/11/2009,JAN,MS,ASO,CE,Combined TRACON& Tower with Radar,14,45,8,0,67,0,0,5,0,5,14,45,13,0,72,0,0,0,72
04/12/2009,JAN,MS,ASO,CE,Combined TRACON& Tower with Radar,31,54,12,0,97,0,0,2,0,2,31,54,14,0,99,8,3,11,110
04/13/2009,JAN,MS,ASO,CE,Combined TRACON& Tower with Radar,27,51,36,38,152,0,0,7,0,7,27,51,43,38,159,0,104,104,263
04/14/2009,JAN,MS,ASO,CE,Combined TRACON& Tower with Radar,27,53,38,63,181,0,1,11,2,14,27,54,49,65,195,2,100,102,297
04/15/2009,JAN,MS,ASO,CE,Combined TRACON& Tower with Radar,26,55,32,17,130,0,1,12,1,14,26,56,44,18,144,0,8,8,152
04/16/2009,JAN,MS,ASO,CE,Combined TRACON& Tower with Radar,30,51,33,28,142,0,1,16,3,20,30,52,49,31,162,6,74,80,242
04/17/2009,JAN,MS,ASO,CE,Combined TRACON& Tower with Radar,32,60,26,40,158,0,4,13,1,18,32,64,39,41,176,0,26,26,202
04/18/2009,JAN,MS,ASO,CE,Combined TRACON& Tower with Radar,16,34,6,0,56,0,0,0,0,0,16,34,6,0,56,22,104,126,182
04/19/2009,JAN,MS,ASO,CE,Combined TRACON& Tower with Radar,22,55,18,22,117,0,0,3,0,3,22,55,21,22,120,0,0,0,120
04/20/2009,JAN,MS,ASO,CE,Combined TRACON& Tower with Radar,29,53,29,41,152,0,1,3,1,5,29,54,32,42,157,12,70,82,239
04/21/2009,JAN,MS,ASO,CE,Combined TRACON& Tower with Radar,26,52,19,45,142,0,6,11,0,17,26,58,30,45,159,2,112,114,273
04/22/2009,JAN,MS,ASO,CE,Combined TRACON& Tower with Radar,26,51,27,28,132,0,1,7,0,8,26,52,34,28,140,0,80,80,220
04/23/2009,JAN,MS,ASO,CE,Combined TRACON& Tower with Radar,25,57,35,68,185,0,1,6,2,9,25,58,41,70,194,0,104,104,298
04/24/2009,JAN,MS,ASO,CE,Combined TRACON& Tower with Radar,29,50,36,24,139,0,0,12,0,12,29,50,48,24,151,12,52,64,215
04/25/2009,JAN,MS,ASO,CE,Combined TRACON& Tower with Radar,14,48,18,17,97,0,0,13,0,13,14,48,31,17,110,0,0,0,110
04/26/2009,JAN,MS,ASO,CE,Combined TRACON& Tower with Radar,25,57,19,2,103,0,0,3,0,3,25,57,22,2,106,24,26,50,156
04/27/2009,JAN,MS,ASO,CE,Combined TRACON& Tower with Radar,28,49,28,13,118,0,1,3,0,4,28,50,31,13,122,8,44,52,174
04/28/2009,JAN,MS,ASO,CE,Combined TRACON& Tower with Radar,26,49,31,15,121,0,0,6,0,6,26,49,37,15,127,0,0,0,127
04/29/2009,JAN,MS,ASO,CE,Combined TRACON& Tower with Radar,25,54,35,16,130,0,0,16,0,16,25,54,51,16,146,14,12,26,172
04/30/2009,JAN,MS,ASO,CE,Combined TRACON& Tower with Radar,26,54,27,11,118,0,0,7,0,7,26,54,34,11,125,0,98,98,223
05/01/2009,JAN,MS,ASO,CE,Combined TRACON& Tower with Radar,27,60,23,53,163,0,0,10,1,11,27,60,33,54,174,2,22,24,198
05/02/2009,JAN,MS,ASO,CE,Combined TRACON& Tower with Radar,12,41,15,5,73,0,1,12,0,13,12,42,27,5,86,0,12,12,98
05/03/2009,JAN,MS,ASO,CE,Combined TRACON& Tower with Radar,24,49,8,1,82,0,0,3,0,3,24,49,11,1,85,0,0,0,85
05/04/2009,JAN,MS,ASO,CE,Combined TRACON& Tower with Radar,25,58,37,55,175,0,0,9,0,9,25,58,46,55,184,5,156,161,345
05/05/2009,JAN,MS,ASO,CE,Combined TRACON& Tower with Radar,23,61,26,58,168,0,0,9,1,10,23,61,35,59,178,6,164,170,348
05/06/2009,JAN,MS,ASO,CE,Combined TRACON& Tower with Radar,24,55,26,29,134,0,0,2,1,3,24,55,28,30,137,6,8,14,151
05/07/2009,JAN,MS,ASO,CE,Combined TRACON& Tower with Radar,26,56,33,13,128,0,0,4,0,4,26,56,37,13,132,0,12,12,144
05/08/2009,JAN,MS,ASO,CE,Combined TRACON& Tower with Radar,30,56,32,31,149,0,0,8,2,10,30,56,40,33,159,0,86,86,245
05/09/2009,JAN,MS,ASO,CE,Combined TRACON& Tower with Radar,16,39,15,0,70,0,1,4,0,5,16,40,19,0,75,10,0,10,85
05/10/2009,JAN,MS,ASO,CE,Combined TRACON& Tower with Radar,26,52,13,4,95,0,0,1,0,1,26,52,14,4,96,8,0,8,104
05/11/2009,JAN,MS,ASO,CE,Combined TRACON& Tower with Radar,28,56,13,14,111,0,0,0,0,0,28,56,13,14,111,4,12,16,127
05/12/2009,JAN,MS,ASO,CE,Combined TRACON& Tower with Radar,29,51,36,16,132,0,1,1,0,2,29,52,37,16,134,0,106,106,240
05/13/2009,JAN,MS,ASO,CE,Combined TRACON& Tower with Radar,27,59,37,51,174,0,3,10,6,19,27,62,47,57,193,0,16,16,209
05/14/2009,JAN,MS,ASO,CE,Combined TRACON& Tower with Radar,26,58,26,47,157,0,1,9,0,10,26,59,35,47,167,2,38,40,207
05/15/2009,JAN,MS,ASO,CE,Combined TRACON& Tower with Radar,33,56,30,24,143,0,0,10,0,10,33,56,40,24,153,20,84,104,257
05/16/2009,JAN,MS,ASO,CE,Combined TRACON& Tower with Radar,14,39,3,2,58,0,0,6,0,6,14,39,9,2,64,0,0,0,64
05/17/2009,JAN,MS,ASO,CE,Combined TRACON& Tower with Radar,27,52,10,32,121,0,0,2,0,2,27,52,12,32,123,0,58,58,181
05/18/2009,JAN,MS,ASO,CE,Combined TRACON& Tower with Radar,28,64,26,21,139,0,0,5,4,9,28,64,31,25,148,3,54,57,205
05/19/2009,JAN,MS,ASO,CE,Combined TRACON& Tower with Radar,28,55,14,35,132,0,0,5,1,6,28,55,19,36,138,0,46,46,184
05/20/2009,JAN,MS,ASO,CE,Combined TRACON& Tower with Radar,26,70,25,46,167,0,0,12,0,12,26,70,37,46,179,6,90,96,275
05/21/2009,JAN,MS,ASO,CE,Combined TRACON& Tower with Radar,34,58,31,44,167,0,0,9,0,9,34,58,40,44,176,0,96,96,272
05/22/2009,JAN,MS,ASO,CE,Combined TRACON& Tower with Radar,28,55,17,8,108,0,0,5,0,5,28,55,22,8,113,0,2,2,115
05/23/2009,JAN,MS,ASO,CE,Combined TRACON& Tower with Radar,14,41,3,0,58,0,0,1,0,1,14,41,4,0,59,4,0,4,63
05/24/2009,JAN,MS,ASO,CE,Combined TRACON& Tower with Radar,17,42,7,4,70,0,0,2,0,2,17,42,9,4,72,0,0,0,72
05/25/2009,JAN,MS,ASO,CE,Combined TRACON& Tower with Radar,25,52,10,0,87,0,1,2,0,3,25,53,12,0,90,2,0,2,92
05/26/2009,JAN,MS,ASO,CE,Combined TRACON& Tower with Radar,27,65,14,69,175,0,0,2,0,2,27,65,16,69,177,0,30,30,207
05/27/2009,JAN,MS,ASO,CE,Combined TRACON& Tower with Radar,28,61,27,30,146,0,0,15,0,15,28,61,42,30,161,0,72,72,233
05/28/2009,JAN,MS,ASO,CE,Combined TRACON& Tower with Radar,27,58,22,34,141,0,0,15,0,15,27,58,37,34,156,0,70,70,226
05/29/2009,JAN,MS,ASO,CE,Combined TRACON& Tower with Radar,29,58,33,19,139,0,0,10,0,10,29,58,43,19,149,1,86,87,236
05/30/2009,JAN,MS,ASO,CE,Combined TRACON& Tower with Radar,23,43,10,4,80,0,0,6,2,8,23,43,16,6,88,16,12,28,116
05/31/2009,JAN,MS,ASO,CE,Combined TRACON& Tower with Radar,27,68,15,10,120,0,2,7,0,9,27,70,22,10,129,6,38,44,173
06/01/2009,JAN,MS,ASO,CE,Combined TRACON& Tower with Radar,29,54,26,43,152,0,0,5,0,5,29,54,31,43,157,0,82,82,239
06/02/2009,JAN,MS,ASO,CE,Combined TRACON& Tower with Radar,31,58,18,53,160,0,0,15,0,15,31,58,33,53,175,0,142,142,317
06/03/2009,JAN,MS,ASO,CE,Combined TRACON& Tower with Radar,27,64,20,48,159,0,0,8,1,9,27,64,28,49,168,2,96,98,266
06/04/2009,JAN,MS,ASO,CE,Combined TRACON& Tower with Radar,27,57,20,15,119,0,0,1,0,1,27,57,21,15,120,0,10,10,130
06/05/2009,JAN,MS,ASO,CE,Combined TRACON& Tower with Radar,25,58,13,23,119,0,1,2,0,3,25,59,15,23,122,5,20,25,147
06/06/2009,JAN,MS,ASO,CE,Combined TRACON& Tower with Radar,15,41,8,22,86,0,1,11,1,13,15,42,19,23,99,4,18,22,121
06/07/2009,JAN,MS,ASO,CE,Combined TRACON& Tower with Radar,26,58,19,14,117,0,0,4,0,4,26,58,23,14,121,8,50,58,179
06/08/2009,JAN,MS,ASO,CE,Combined TRACON& Tower with Radar,28,65,31,21,145,0,0,6,0,6,28,65,37,21,151,0,36,36,187
06/09/2009,JAN,MS,ASO,CE,Combined TRACON& Tower with Radar,25,51,20,33,129,0,1,9,0,10,25,52,29,33,139,0,84,84,223
06/10/2009,JAN,MS,ASO,CE,Combined TRACON& Tower with Radar,33,57,31,21,142,0,0,6,0,6,33,57,37,21,148,2,74,76,224
06/11/2009,JAN,MS,ASO,CE,Combined TRACON& Tower with Radar,28,52,18,28,126,0,3,14,0,17,28,55,32,28,143,10,54,64,207
06/12/2009,JAN,MS,ASO,CE,Combined TRACON& Tower with Radar,30,52,16,24,122,0,0,14,0,14,30,52,30,24,136,0,26,26,162
06/13/2009,JAN,MS,ASO,CE,Combined TRACON& Tower with Radar,15,44,4,0,63,0,0,14,0,14,15,44,18,0,77,2,0,2,79
06/14/2009,JAN,MS,ASO,CE,Combined TRACON& Tower with Radar,27,59,7,29,122,0,0,10,1,11,27,59,17,30,133,4,28,32,165
06/15/2009,JAN,MS,ASO,CE,Combined TRACON& Tower with Radar,25,56,23,38,142,0,0,3,0,3,25,56,26,38,145,0,24,24,169
06/16/2009,JAN,MS,ASO,CE,Combined TRACON& Tower with Radar,28,59,22,21,130,0,5,8,6,19,28,64,30,27,149,6,114,120,269
06/17/2009,JAN,MS,ASO,CE,Combined TRACON& Tower with Radar,29,54,30,22,135,0,0,8,0,8,29,54,38,22,143,4,36,40,183
06/18/2009,JAN,MS,ASO,CE,Combined TRACON& Tower with Radar,28,59,21,33,141,0,1,14,0,15,28,60,35,33,156,16,109,125,281
06/19/2009,JAN,MS,ASO,CE,Combined TRACON& Tower with Radar,30,55,15,16,116,0,0,9,1,10,30,55,24,17,126,2,14,16,142
06/20/2009,JAN,MS,ASO,CE,Combined TRACON& Tower with Radar,15,46,10,0,71,0,2,7,0,9,15,48,17,0,80,8,0,8,88
06/21/2009,JAN,MS,ASO,CE,Combined TRACON& Tower with Radar,23,51,22,3,99,0,0,8,0,8,23,51,30,3,107,6,4,10,117
06/22/2009,JAN,MS,ASO,CE,Combined TRACON& Tower with Radar,55,52,26,26,159,0,2,9,1,12,55,54,35,27,171,0,148,148,319
06/23/2009,JAN,MS,ASO,CE,Combined TRACON& Tower with Radar,28,61,25,18,132,0,11,13,0,24,28,72,38,18,156,0,106,106,262
06/24/2009,JAN,MS,ASO,CE,Combined TRACON& Tower with Radar,27,64,20,24,135,0,7,10,0,17,27,71,30,24,152,4,48,52,204
06/25/2009,JAN,MS,ASO,CE,Combined TRACON& Tower with Radar,26,61,25,25,137,0,12,12,1,25,26,73,37,26,162,0,45,45,207
06/26/2009,JAN,MS,ASO,CE,Combined TRACON& Tower with Radar,30,58,29,34,151,0,7,17,1,25,30,65,46,35,176,4,99,103,279
06/27/2009,JAN,MS,ASO,CE,Combined TRACON& Tower with Radar,17,43,14,2,76,0,2,14,0,16,17,45,28,2,92,4,22,26,118
06/28/2009,JAN,MS,ASO,CE,Combined TRACON& Tower with Radar,28,54,15,7,104,0,1,8,0,9,28,55,23,7,113,12,0,12,125
06/29/2009,JAN,MS,ASO,CE,Combined TRACON& Tower with Radar,27,57,30,17,131,0,0,11,0,11,27,57,41,17,142,16,82,98,240
06/30/2009,JAN,MS,ASO,CE,Combined TRACON& Tower with Radar,27,58,24,44,153,0,0,5,0,5,27,58,29,44,158,2,78,80,238
07/01/2009,JAN,MS,ASO,CE,Combined TRACON& Tower with Radar,28,58,16,63,165,0,1,7,0,8,28,59,23,63,173,0,136,136,309
07/02/2009,JAN,MS,ASO,CE,Combined TRACON& Tower with Radar,29,54,24,30,137,0,0,4,2,6,29,54,28,32,143,38,86,124,267
07/03/2009,JAN,MS,ASO,CE,Combined TRACON& Tower with Radar,27,50,8,2,87,0,2,12,0,14,27,52,20,2,101,2,0,2,103
07/04/2009,JAN,MS,ASO,CE,Combined TRACON& Tower with Radar,17,36,7,0,60,0,0,5,0,5,17,36,12,0,65,0,0,0,65
07/05/2009,JAN,MS,ASO,CE,Combined TRACON& Tower with Radar,27,57,14,2,100,0,0,8,0,8,27,57,22,2,108,0,0,0,108
07/06/2009,JAN,MS,ASO,CE,Combined TRACON& Tower with Radar,24,56,17,1,98,0,0,1,0,1,24,56,18,1,99,0,22,22,121
07/07/2009,JAN,MS,ASO,CE,Combined TRACON& Tower with Radar,51,71,11,45,178,0,1,4,2,7,51,72,15,47,185,4,178,182,367
07/08/2009,JAN,MS,ASO,CE,Combined TRACON& Tower with Radar,25,70,27,37,159,0,3,12,1,16,25,73,39,38,175,4,66,70,245
07/09/2009,JAN,MS,ASO,CE,Combined TRACON& Tower with Radar,28,57,30,46,161,0,0,4,0,4,28,57,34,46,165,10,56,66,231
07/10/2009,JAN,MS,ASO,CE,Combined TRACON& Tower with Radar,27,54,14,42,137,0,0,9,0,9,27,54,23,42,146,8,36,44,190
07/11/2009,JAN,MS,ASO,CE,Combined TRACON& Tower with Radar,16,41,8,13,78,0,0,10,0,10,16,41,18,13,88,2,34,36,124
07/12/2009,JAN,MS,ASO,CE,Combined TRACON& Tower with Radar,22,56,17,13,108,0,0,5,1,6,22,56,22,14,114,14,6,20,134
07/13/2009,JAN,MS,ASO,CE,Combined TRACON& Tower with Radar,8,20,9,2,39,0,0,3,0,3,8,20,12,2,42,0,0,0,42
07/14/2009,JAN,MS,ASO,CE,Combined TRACON& Tower with Radar,24,53,19,13,109,0,0,4,1,5,24,53,23,14,114,0,2,2,116
07/15/2009,JAN,MS,ASO,CE,Combined TRACON& Tower with Radar,25,61,32,39,157,0,2,8,2,12,25,63,40,41,169,0,118,118,287
07/16/2009,JAN,MS,ASO,CE,Combined TRACON& Tower with Radar,28,67,34,47,176,0,0,2,2,4,28,67,36,49,180,10,224,234,414
07/17/2009,JAN,MS,ASO,CE,Combined TRACON& Tower with Radar,29,55,17,32,133,0,1,2,0,3,29,56,19,32,136,0,74,74,210
07/18/2009,JAN,MS,ASO,CE,Combined TRACON& Tower with Radar,16,41,8,0,65,0,0,5,1,6,16,41,13,1,71,0,0,0,71
07/19/2009,JAN,MS,ASO,CE,Combined TRACON& Tower with Radar,25,55,13,12,105,0,0,3,0,3,25,55,16,12,108,12,8,20,128
07/20/2009,JAN,MS,ASO,CE,Combined TRACON& Tower with Radar,30,60,18,45,153,0,1,2,2,5,30,61,20,47,158,2,82,84,242
07/21/2009,JAN,MS,ASO,CE,Combined TRACON& Tower with Radar,26,53,35,15,129,0,0,11,1,12,26,53,46,16,141,0,0,0,141
07/22/2009,JAN,MS,ASO,CE,Combined TRACON& Tower with Radar,26,56,22,23,127,0,1,11,0,12,26,57,33,23,139,0,10,10,149
07/23/2009,JAN,MS,ASO,CE,Combined TRACON& Tower with Radar,26,56,32,30,144,0,1,4,0,5,26,57,36,30,149,10,48,58,207
07/24/2009,JAN,MS,ASO,CE,Combined TRACON& Tower with Radar,28,55,18,16,117,0,1,6,0,7,28,56,24,16,124,0,16,16,140
07/25/2009,JAN,MS,ASO,CE,Combined TRACON& Tower with Radar,15,43,18,1,77,0,0,7,0,7,15,43,25,1,84,0,0,0,84
07/26/2009,JAN,MS,ASO,CE,Combined TRACON& Tower with Radar,27,54,13,4,98,0,0,2,0,2,27,54,15,4,100,0,2,2,102
07/27/2009,JAN,MS,ASO,CE,Combined TRACON& Tower with Radar,27,48,20,6,101,0,0,5,0,5,27,48,25,6,106,0,14,14,120
07/28/2009,JAN,MS,ASO,CE,Combined TRACON& Tower with Radar,22,56,13,12,103,0,0,1,0,1,22,56,14,12,104,0,0,0,104
07/29/2009,JAN,MS,ASO,CE,Combined TRACON& Tower with Radar,24,63,31,15,133,0,0,4,0,4,24,63,35,15,137,8,52,60,197
07/30/2009,JAN,MS,ASO,CE,Combined TRACON& Tower with Radar,26,50,26,42,144,0,0,2,0,2,26,50,28,42,146,0,102,102,248
07/31/2009,JAN,MS,ASO,CE,Combined TRACON& Tower with Radar,44,51,21,19,135,0,0,1,0,1,44,51,22,19,136,0,10,10,146
08/01/2009,JAN,MS,ASO,CE,Combined TRACON& Tower with Radar,16,38,5,8,67,0,0,1,0,1,16,38,6,8,68,4,40,44,112
08/02/2009,JAN,MS,ASO,CE,Combined TRACON& Tower with Radar,26,49,9,9,93,0,0,1,3,4,26,49,10,12,97,0,24,24,121
08/03/2009,JAN,MS,ASO,CE,Combined TRACON& Tower with Radar,46,58,18,31,153,0,0,6,1,7,46,58,24,32,160,0,118,118,278
08/04/2009,JAN,MS,ASO,CE,Combined TRACON& Tower with Radar,27,57,19,34,137,0,1,5,1,7,27,58,24,35,144,6,62,68,212
08/05/2009,JAN,MS,ASO,CE,Combined TRACON& Tower with Radar,24,53,27,15,119,0,0,4,0,4,24,53,31,15,123,2,2,4,127
08/06/2009,JAN,MS,ASO,CE,Combined TRACON& Tower with Radar,26,57,19,24,126,0,0,8,6,14,26,57,27,30,140,2,28,30,170
08/07/2009,JAN,MS,ASO,CE,Combined TRACON& Tower with Radar,26,64,30,36,156,0,0,3,0,3,26,64,33,36,159,2,178,180,339
08/08/2009,JAN,MS,ASO,CE,Combined TRACON& Tower with Radar,16,38,19,0,73,0,1,5,0,6,16,39,24,0,79,6,0,6,85
08/09/2009,JAN,MS,ASO,CE,Combined TRACON& Tower with Radar,27,54,15,6,102,0,0,5,0,5,27,54,20,6,107,0,4,4,111
08/10/2009,JAN,MS,ASO,CE,Combined TRACON& Tower with Radar,28,51,16,20,115,0,0,3,6,9,28,51,19,26,124,1,34,35,159
08/11/2009,JAN,MS,ASO,CE,Combined TRACON& Tower with Radar,26,55,27,20,128,0,0,3,1,4,26,55,30,21,132,2,12,14,146
08/12/2009,JAN,MS,ASO,CE,Combined TRACON& Tower with Radar,25,63,38,37,163,0,0,5,0,5,25,63,43,37,168,0,70,70,238
08/13/2009,JAN,MS,ASO,CE,Combined TRACON& Tower with Radar,29,62,30,20,141,0,0,6,8,14,29,62,36,28,155,12,76,88,243
08/14/2009,JAN,MS,ASO,CE,Combined TRACON& Tower with Radar,28,52,23,18,121,0,0,3,0,3,28,52,26,18,124,2,48,50,174
08/15/2009,JAN,MS,ASO,CE,Combined TRACON& Tower with Radar,14,42,18,0,74,0,0,3,2,5,14,42,21,2,79,0,0,0,79
08/16/2009,JAN,MS,ASO,CE,Combined TRACON& Tower with Radar,18,54,9,4,85,0,0,6,0,6,18,54,15,4,91,0,0,0,91
08/17/2009,JAN,MS,ASO,CE,Combined TRACON& Tower with Radar,27,56,21,12,116,0,1,6,0,7,27,57,27,12,123,0,4,4,127
08/18/2009,JAN,MS,ASO,CE,Combined TRACON& Tower with Radar,21,57,24,41,143,0,0,7,0,7,21,57,31,41,150,0,34,34,184
08/19/2009,JAN,MS,ASO,CE,Combined TRACON& Tower with Radar,21,59,22,38,140,0,0,7,0,7,21,59,29,38,147,0,114,114,261
08/20/2009,JAN,MS,ASO,CE,Combined TRACON& Tower with Radar,21,57,27,10,115,0,0,0,0,0,21,57,27,10,115,0,8,8,123
08/21/2009,JAN,MS,ASO,CE,Combined TRACON& Tower with Radar,24,58,17,13,112,0,0,3,0,3,24,58,20,13,115,0,16,16,131
08/22/2009,JAN,MS,ASO,CE,Combined TRACON& Tower with Radar,13,43,8,4,68,0,0,3,0,3,13,43,11,4,71,2,2,4,75
08/23/2009,JAN,MS,ASO,CE,Combined TRACON& Tower with Radar,17,53,12,14,96,0,0,7,1,8,17,53,19,15,104,1,24,25,129
08/24/2009,JAN,MS,ASO,CE,Combined TRACON& Tower with Radar,21,60,29,12,122,0,4,4,0,8,21,64,33,12,130,10,30,40,170
08/25/2009,JAN,MS,ASO,CE,Combined TRACON& Tower with Radar,21,61,26,49,157,0,0,10,1,11,21,61,36,50,168,0,148,148,316
08/26/2009,JAN,MS,ASO,CE,Combined TRACON& Tower with Radar,21,59,28,20,128,0,1,10,5,16,21,60,38,25,144,2,44,46,190
08/27/2009,JAN,MS,ASO,CE,Combined TRACON& Tower with Radar,21,65,23,65,174,0,1,4,2,7,21,66,27,67,181,12,134,146,327
08/28/2009,JAN,MS,ASO,CE,Combined TRACON& Tower with Radar,22,61,23,13,119,0,0,12,2,14,22,61,35,15,133,0,68,68,201
08/29/2009,JAN,MS,ASO,CE,Combined TRACON& Tower with Radar,12,46,7,6,71,0,0,2,0,2,12,46,9,6,73,12,2,14,87
08/30/2009,JAN,MS,ASO,CE,Combined TRACON& Tower with Radar,16,53,16,12,97,0,0,9,0,9,16,53,25,12,106,0,0,0,106
08/31/2009,JAN,MS,ASO,CE,Combined TRACON& Tower with Radar,21,57,24,11,113,0,1,6,1,8,21,58,30,12,121,0,76,76,197
09/01/2009,JAN,MS,ASO,CE,Combined TRACON& Tower with Radar,27,57,16,25,125,0,0,2,1,3,27,57,18,26,128,0,28,28,156
09/02/2009,JAN,MS,ASO,CE,Combined TRACON& Tower with Radar,26,58,23,38,145,0,0,11,3,14,26,58,34,41,159,14,126,140,299
09/03/2009,JAN,MS,ASO,CE,Combined TRACON& Tower with Radar,31,58,17,26,132,0,0,7,1,8,31,58,24,27,140,7,102,109,249
09/04/2009,JAN,MS,ASO,CE,Combined TRACON& Tower with Radar,30,56,11,23,120,0,0,9,0,9,30,56,20,23,129,10,91,101,230
09/05/2009,JAN,MS,ASO,CE,Combined TRACON& Tower with Radar,17,45,8,0,70,0,0,6,0,6,17,45,14,0,76,0,0,0,76
09/06/2009,JAN,MS,ASO,CE,Combined TRACON& Tower with Radar,18,46,1,4,69,0,1,2,0,3,18,47,3,4,72,0,4,4,76
09/07/2009,JAN,MS,ASO,CE,Combined TRACON& Tower with Radar,22,51,15,1,89,0,0,3,0,3,22,51,18,1,92,0,0,0,92
09/08/2009,JAN,MS,ASO,CE,Combined TRACON& Tower with Radar,26,64,28,28,146,0,0,9,0,9,26,64,37,28,155,21,78,99,254
09/09/2009,JAN,MS,ASO,CE,Combined TRACON& Tower with Radar,24,62,29,23,138,0,1,9,7,17,24,63,38,30,155,0,90,90,245
09/10/2009,JAN,MS,ASO,CE,Combined TRACON& Tower with Radar,31,80,24,28,163,0,0,2,1,3,31,80,26,29,166,16,100,116,282
09/11/2009,JAN,MS,ASO,CE,Combined TRACON& Tower with Radar,30,52,20,19,121,0,0,7,1,8,30,52,27,20,129,14,78,92,221
09/12/2009,JAN,MS,ASO,CE,Combined TRACON& Tower with Radar,16,40,14,33,103,0,0,0,2,2,16,40,14,35,105,4,14,18,123
09/13/2009,JAN,MS,ASO,CE,Combined TRACON& Tower with Radar,20,54,15,4,93,0,0,1,1,2,20,54,16,5,95,2,0,2,97
09/14/2009,JAN,MS,ASO,CE,Combined TRACON& Tower with Radar,25,56,28,1,110,0,1,1,0,2,25,57,29,1,112,1,0,1,113
09/15/2009,JAN,MS,ASO,CE,Combined TRACON& Tower with Radar,25,58,29,11,123,0,2,3,0,5,25,60,32,11,128,2,6,8,136
09/16/2009,JAN,MS,ASO,CE,Combined TRACON& Tower with Radar,23,70,29,71,193,0,0,4,0,4,23,70,33,71,197,3,208,211,408
09/17/2009,JAN,MS,ASO,CE,Combined TRACON& Tower with Radar,30,52,36,36,154,0,0,5,0,5,30,52,41,36,159,12,46,58,217
09/18/2009,JAN,MS,ASO,CE,Combined TRACON& Tower with Radar,29,64,18,6,117,0,1,6,0,7,29,65,24,6,124,0,8,8,132
09/19/2009,JAN,MS,ASO,CE,Combined TRACON& Tower with Radar,17,47,18,1,83,0,1,4,1,6,17,48,22,2,89,6,0,6,95
09/20/2009,JAN,MS,ASO,CE,Combined TRACON& Tower with Radar,19,61,29,17,126,0,0,3,1,4,19,61,32,18,130,8,46,54,184
09/21/2009,JAN,MS,ASO,CE,Combined TRACON& Tower with Radar,25,52,32,9,118,0,1,6,0,7,25,53,38,9,125,8,6,14,139
09/22/2009,JAN,MS,ASO,CE,Combined TRACON& Tower with Radar,27,51,36,11,125,0,0,6,0,6,27,51,42,11,131,4,4,8,139
09/23/2009,JAN,MS,ASO,CE,Combined TRACON& Tower with Radar,25,61,29,36,151,0,0,1,1,2,25,61,30,37,153,0,0,0,153
09/24/2009,JAN,MS,ASO,CE,Combined TRACON& Tower with Radar,33,56,40,9,138,0,3,4,3,10,33,59,44,12,148,8,6,14,162
09/25/2009,JAN,MS,ASO,CE,Combined TRACON& Tower with Radar,32,51,44,30,157,0,6,2,0,8,32,57,46,30,165,26,54,80,245
09/26/2009,JAN,MS,ASO,CE,Combined TRACON& Tower with Radar,17,40,11,0,68,0,2,0,2,4,17,42,11,2,72,2,0,2,74
09/27/2009,JAN,MS,ASO,CE,Combined TRACON& Tower with Radar,26,53,8,3,90,0,0,8,6,14,26,53,16,9,104,6,24,30,134
09/28/2009,JAN,MS,ASO,CE,Combined TRACON& Tower with Radar,29,61,31,38,159,0,0,2,0,2,29,61,33,38,161,12,290,302,463
09/29/2009,JAN,MS,ASO,CE,Combined TRACON& Tower with Radar,25,61,23,36,145,0,1,6,0,7,25,62,29,36,152,4,162,166,318
09/30/2009,JAN,MS,ASO,CE,Combined TRACON& Tower with Radar,23,64,33,24,144,0,0,7,0,7,23,64,40,24,151,4,72,76,227
10/01/2009,JAN,MS,ASO,CE,Combined TRACON& Tower with Radar,28,65,10,41,144,0,0,9,0,9,28,65,19,41,153,0,106,106,259
10/02/2009,JAN,MS,ASO,CE,Combined TRACON& Tower with Radar,26,60,12,34,132,0,1,5,2,8,26,61,17,36,140,0,64,64,204
10/03/2009,JAN,MS,ASO,CE,Combined TRACON& Tower with Radar,27,45,8,4,84,0,2,3,0,5,27,47,11,4,89,32,0,32,121
10/04/2009,JAN,MS,ASO,CE,Combined TRACON& Tower with Radar,25,64,17,2,108,0,0,2,0,2,25,64,19,2,110,10,0,10,120
10/05/2009,JAN,MS,ASO,CE,Combined TRACON& Tower with Radar,25,56,23,10,114,0,0,0,0,0,25,56,23,10,114,0,0,0,114
10/06/2009,JAN,MS,ASO,CE,Combined TRACON& Tower with Radar,26,62,32,15,135,0,0,0,0,0,26,62,32,15,135,0,48,48,183
10/07/2009,JAN,MS,ASO,CE,Combined TRACON& Tower with Radar,27,62,20,38,147,0,0,1,0,1,27,62,21,38,148,0,42,42,190
10/08/2009,JAN,MS,ASO,CE,Combined TRACON& Tower with Radar,25,61,29,59,174,0,0,6,1,7,25,61,35,60,181,2,88,90,271
10/09/2009,JAN,MS,ASO,CE,Combined TRACON& Tower with Radar,28,59,20,20,127,0,1,5,0,6,28,60,25,20,133,0,26,26,159
10/10/2009,JAN,MS,ASO,CE,Combined TRACON& Tower with Radar,18,44,11,2,75,0,0,0,1,1,18,44,11,3,76,0,0,0,76
10/11/2009,JAN,MS,ASO,CE,Combined TRACON& Tower with Radar,23,53,17,1,94,0,1,3,0,4,23,54,20,1,98,0,0,0,98
10/12/2009,JAN,MS,ASO,CE,Combined TRACON& Tower with Radar,26,56,18,5,105,0,0,0,0,0,26,56,18,5,105,2,4,6,111
10/13/2009,JAN,MS,ASO,CE,Combined TRACON& Tower with Radar,23,55,30,9,117,0,0,1,0,1,23,55,31,9,118,0,12,12,130
10/14/2009,JAN,MS,ASO,CE,Combined TRACON& Tower with Radar,27,51,21,35,134,0,0,1,0,1,27,51,22,35,135,0,52,52,187
10/15/2009,JAN,MS,ASO,CE,Combined TRACON& Tower with Radar,27,63,24,19,133,0,0,0,0,0,27,63,24,19,133,0,6,6,139
10/16/2009,JAN,MS,ASO,CE,Combined TRACON& Tower with Radar,26,74,28,33,161,0,0,7,0,7,26,74,35,33,168,0,116,116,284
10/17/2009,JAN,MS,ASO,CE,Combined TRACON& Tower with Radar,18,44,11,2,75,0,0,0,1,1,18,44,11,3,76,4,56,60,136
10/18/2009,JAN,MS,ASO,CE,Combined TRACON& Tower with Radar,23,53,17,1,94,0,1,3,0,4,23,54,20,1,98,0,6,6,104
10/19/2009,JAN,MS,ASO,CE,Combined TRACON& Tower with Radar,24,49,20,8,101,0,5,4,0,9,24,54,24,8,110,1,16,17,127
10/20/2009,JAN,MS,ASO,CE,Combined TRACON& Tower with Radar,23,62,22,24,131,0,0,11,0,11,23,62,33,24,142,2,48,50,192
10/21/2009,JAN,MS,ASO,CE,Combined TRACON& Tower with Radar,25,62,28,32,147,0,0,2,6,8,25,62,30,38,155,7,82,89,244
10/22/2009,JAN,MS,ASO,CE,Combined TRACON& Tower with Radar,27,59,17,18,121,0,0,4,0,4,27,59,21,18,125,0,34,34,159
10/23/2009,JAN,MS,ASO,CE,Combined TRACON& Tower with Radar,24,59,25,38,146,0,0,3,0,3,24,59,28,38,149,0,36,36,185
10/24/2009,JAN,MS,ASO,CE,Combined TRACON& Tower with Radar,18,41,17,2,78,0,0,3,0,3,18,41,20,2,81,14,0,14,95
10/25/2009,JAN,MS,ASO,CE,Combined TRACON& Tower with Radar,19,54,14,9,96,0,1,9,0,10,19,55,23,9,106,4,0,4,110
10/26/2009,JAN,MS,ASO,CE,Combined TRACON& Tower with Radar,27,67,31,21,146,0,4,8,2,14,27,71,39,23,160,10,156,166,326
10/27/2009,JAN,MS,ASO,CE,Combined TRACON& Tower with Radar,27,62,27,27,143,0,0,2,0,2,27,62,29,27,145,0,24,24,169
10/28/2009,JAN,MS,ASO,CE,Combined TRACON& Tower with Radar,30,63,37,49,179,0,1,13,0,14,30,64,50,49,193,6,124,130,323
10/29/2009,JAN,MS,ASO,CE,Combined TRACON& Tower with Radar,24,55,42,20,141,0,0,4,0,4,24,55,46,20,145,0,8,8,153
10/30/2009,JAN,MS,ASO,CE,Combined TRACON& Tower with Radar,25,59,16,22,122,0,0,0,0,0,25,59,16,22,122,0,34,34,156
10/31/2009,JAN,MS,ASO,CE,Combined TRACON& Tower with Radar,18,60,13,5,96,0,1,6,0,7,18,61,19,5,103,12,14,26,129
11/01/2009,JAN,MS,ASO,CE,Combined TRACON& Tower with Radar,19,63,12,7,101,0,0,2,0,2,19,63,14,7,103,10,0,10,113
11/02/2009,JAN,MS,ASO,CE,Combined TRACON& Tower with Radar,23,66,20,20,129,0,0,6,0,6,23,66,26,20,135,0,40,40,175
11/03/2009,JAN,MS,ASO,CE,Combined TRACON& Tower with Radar,23,58,29,37,147,0,1,13,0,14,23,59,42,37,161,0,44,44,205
11/04/2009,JAN,MS,ASO,CE,Combined TRACON& Tower with Radar,24,59,20,34,137,0,9,19,0,28,24,68,39,34,165,2,56,58,223
11/05/2009,JAN,MS,ASO,CE,Combined TRACON& Tower with Radar,24,60,25,41,150,0,7,8,2,17,24,67,33,43,167,32,162,194,361
11/06/2009,JAN,MS,ASO,CE,Combined TRACON& Tower with Radar,26,71,27,34,158,0,7,13,0,20,26,78,40,34,178,4,168,172,350
11/07/2009,JAN,MS,ASO,CE,Combined TRACON& Tower with Radar,17,49,9,7,82,0,0,9,0,9,17,49,18,7,91,0,20,20,111
11/08/2009,JAN,MS,ASO,CE,Combined TRACON& Tower with Radar,19,58,6,5,88,0,0,10,0,10,19,58,16,5,98,12,0,12,110
11/09/2009,JAN,MS,ASO,CE,Combined TRACON& Tower with Radar,23,59,29,29,140,0,2,9,1,12,23,61,38,30,152,4,82,86,238
11/10/2009,JAN,MS,ASO,CE,Combined TRACON& Tower with Radar,23,54,25,38,140,0,0,6,0,6,23,54,31,38,146,0,38,38,184
11/11/2009,JAN,MS,ASO,CE,Combined TRACON& Tower with Radar,23,59,29,2,113,0,0,9,0,9,23,59,38,2,122,0,4,4,126
11/12/2009,JAN,MS,ASO,CE,Combined TRACON& Tower with Radar,23,69,20,24,136,0,1,10,1,12,23,70,30,25,148,0,70,70,218
11/13/2009,JAN,MS,ASO,CE,Combined TRACON& Tower with Radar,26,62,35,11,134,0,1,12,2,15,26,63,47,13,149,4,10,14,163
11/14/2009,JAN,MS,ASO,CE,Combined TRACON& Tower with Radar,17,44,7,1,69,0,0,10,0,10,17,44,17,1,79,0,0,0,79
11/15/2009,JAN,MS,ASO,CE,Combined TRACON& Tower with Radar,22,58,10,6,96,0,0,8,0,8,22,58,18,6,104,0,4,4,108
11/16/2009,JAN,MS,ASO,CE,Combined TRACON& Tower with Radar,23,61,41,9,134,0,0,0,0,0,23,61,41,9,134,0,102,102,236
11/17/2009,JAN,MS,ASO,CE,Combined TRACON& Tower with Radar,23,61,37,50,171,0,5,9,0,14,23,66,46,50,185,0,162,162,347
11/18/2009,JAN,MS,ASO,CE,Combined TRACON& Tower with Radar,23,65,29,20,137,0,0,10,0,10,23,65,39,20,147,2,14,16,163
11/19/2009,JAN,MS,ASO,CE,Combined TRACON& Tower with Radar,23,64,46,29,162,0,1,11,2,14,23,65,57,31,176,0,82,82,258
11/20/2009,JAN,MS,ASO,CE,Combined TRACON& Tower with Radar,24,62,27,11,124,0,0,8,0,8,24,62,35,11,132,4,6,10,142
11/21/2009,JAN,MS,ASO,CE,Combined TRACON& Tower with Radar,17,44,19,1,81,0,0,1,0,1,17,44,20,1,82,0,0,0,82
11/22/2009,JAN,MS,ASO,CE,Combined TRACON& Tower with Radar,21,65,20,4,110,0,1,1,0,2,21,66,21,4,112,0,0,0,112
11/23/2009,JAN,MS,ASO,CE,Combined TRACON& Tower with Radar,23,62,33,19,137,0,0,8,0,8,23,62,41,19,145,0,48,48,193
11/24/2009,JAN,MS,ASO,CE,Combined TRACON& Tower with Radar,24,67,31,20,142,0,1,10,0,11,24,68,41,20,153,0,100,100,253
11/25/2009,JAN,MS,ASO,CE,Combined TRACON& Tower with Radar,25,59,24,43,151,0,1,19,2,22,25,60,43,45,173,12,190,202,375
11/26/2009,JAN,MS,ASO,CE,Combined TRACON& Tower with Radar,16,29,6,0,51,0,0,2,0,2,16,29,8,0,53,0,0,0,53
11/27/2009,JAN,MS,ASO,CE,Combined TRACON& Tower with Radar,26,37,8,2,73,0,2,7,0,9,26,39,15,2,82,4,0,4,86
11/28/2009,JAN,MS,ASO,CE,Combined TRACON& Tower with Radar,21,55,10,0,86,0,0,10,0,10,21,55,20,0,96,4,0,4,100
11/29/2009,JAN,MS,ASO,CE,Combined TRACON& Tower with Radar,22,60,10,2,94,0,0,9,0,9,22,60,19,2,103,8,8,16,119
11/30/2009,JAN,MS,ASO,CE,Combined TRACON& Tower with Radar,30,67,33,28,158,0,0,2,0,2,30,67,35,28,160,0,84,84,244
12/01/2009,JAN,MS,ASO,CE,Combined TRACON& Tower with Radar,38,59,29,54,180,0,1,2,0,3,38,60,31,54,183,26,190,216,399
12/02/2009,JAN,MS,ASO,CE,Combined TRACON& Tower with Radar,22,57,29,20,128,0,0,0,0,0,22,57,29,20,128,12,20,32,160
12/03/2009,JAN,MS,ASO,CE,Combined TRACON& Tower with Radar,23,67,31,25,146,0,0,10,1,11,23,67,41,26,157,6,82,88,245
12/04/2009,JAN,MS,ASO,CE,Combined TRACON& Tower with Radar,18,75,21,17,131,0,0,6,1,7,18,75,27,18,138,0,76,76,214
12/05/2009,JAN,MS,ASO,CE,Combined TRACON& Tower with Radar,16,50,8,11,85,0,0,8,0,8,16,50,16,11,93,0,16,16,109
12/06/2009,JAN,MS,ASO,CE,Combined TRACON& Tower with Radar,18,60,23,10,111,0,1,5,0,6,18,61,28,10,117,4,4,8,125
12/07/2009,JAN,MS,ASO,CE,Combined TRACON& Tower with Radar,23,62,21,1,107,0,0,0,0,0,23,62,21,1,107,0,0,0,107
12/08/2009,JAN,MS,ASO,CE,Combined TRACON& Tower with Radar,22,54,14,9,99,0,0,0,0,0,22,54,14,9,99,0,0,0,99
12/09/2009,JAN,MS,ASO,CE,Combined TRACON& Tower with Radar,22,66,29,39,156,0,1,3,4,8,22,67,32,43,164,2,242,244,408
12/10/2009,JAN,MS,ASO,CE,Combined TRACON& Tower with Radar,23,65,45,44,177,0,2,8,1,11,23,67,53,45,188,0,90,90,278
12/11/2009,JAN,MS,ASO,CE,Combined TRACON& Tower with Radar,21,77,24,13,135,0,0,6,0,6,21,77,30,13,141,0,44,44,185
12/12/2009,JAN,MS,ASO,CE,Combined TRACON& Tower with Radar,16,44,5,0,65,0,0,0,0,0,16,44,5,0,65,0,0,0,65
12/13/2009,JAN,MS,ASO,CE,Combined TRACON& Tower with Radar,18,59,28,0,105,0,0,0,0,0,18,59,28,0,105,2,0,2,107
12/14/2009,JAN,MS,ASO,CE,Combined TRACON& Tower with Radar,23,63,32,5,123,0,0,0,0,0,23,63,32,5,123,0,0,0,123
12/15/2009,JAN,MS,ASO,CE,Combined TRACON& Tower with Radar,24,71,31,13,139,0,0,0,0,0,24,71,31,13,139,0,10,10,149
12/16/2009,JAN,MS,ASO,CE,Combined TRACON& Tower with Radar,23,63,40,22,148,0,0,22,0,22,23,63,62,22,170,10,74,84,254
12/17/2009,JAN,MS,ASO,CE,Combined TRACON& Tower with Radar,20,64,44,54,182,0,2,12,2,16,20,66,56,56,198,0,128,128,326
12/18/2009,JAN,MS,ASO,CE,Combined TRACON& Tower with Radar,18,73,24,18,133,0,0,4,0,4,18,73,28,18,137,32,37,69,206
12/19/2009,JAN,MS,ASO,CE,Combined TRACON& Tower with Radar,11,55,13,2,81,0,1,11,0,12,11,56,24,2,93,0,2,2,95
12/20/2009,JAN,MS,ASO,CE,Combined TRACON& Tower with Radar,16,60,5,3,84,0,0,7,4,11,16,60,12,7,95,0,0,0,95
12/21/2009,JAN,MS,ASO,CE,Combined TRACON& Tower with Radar,19,64,15,23,121,0,0,8,0,8,19,64,23,23,129,2,46,48,177
12/22/2009,JAN,MS,ASO,CE,Combined TRACON& Tower with Radar,20,70,27,17,134,0,0,10,0,10,20,70,37,17,144,2,20,22,166
12/23/2009,JAN,MS,ASO,CE,Combined TRACON& Tower with Radar,20,71,15,3,109,0,0,2,1,3,20,71,17,4,112,0,0,0,112
12/24/2009,JAN,MS,ASO,CE,Combined TRACON& Tower with Radar,17,44,3,0,64,0,0,0,0,0,17,44,3,0,64,0,0,0,64
12/25/2009,JAN,MS,ASO,CE,Combined TRACON& Tower with Radar,14,48,2,2,66,0,0,4,0,4,14,48,6,2,70,0,0,0,70
12/26/2009,JAN,MS,ASO,CE,Combined TRACON& Tower with Radar,17,54,11,0,82,0,0,5,0,5,17,54,16,0,87,0,0,0,87
12/27/2009,JAN,MS,ASO,CE,Combined TRACON& Tower with Radar,15,66,11,1,93,0,0,8,1,9,15,66,19,2,102,0,0,0,102
12/28/2009,JAN,MS,ASO,CE,Combined TRACON& Tower with Radar,17,62,15,2,96,0,0,3,0,3,17,62,18,2,99,12,4,16,115
12/29/2009,JAN,MS,ASO,CE,Combined TRACON& Tower with Radar,17,64,16,11,108,0,0,7,0,7,17,64,23,11,115,18,6,24,139
12/30/2009,JAN,MS,ASO,CE,Combined TRACON& Tower with Radar,16,70,13,6,105,0,0,1,0,1,16,70,14,6,106,0,0,0,106
12/31/2009,JAN,MS,ASO,CE,Combined TRACON& Tower with Radar,14,52,7,0,73,0,0,3,0,3,14,52,10,0,76,2,0,2,78
01/01/2010,JAN,MS,ASO,CE,Combined TRACON& Tower with Radar,13,51,12,2,78,0,0,1,0,1,13,51,13,2,79,0,0,0,79
01/02/2010,JAN,MS,ASO,CE,Combined TRACON& Tower with Radar,15,57,7,0,79,0,0,3,0,3,15,57,10,0,82,0,0,0,82
01/03/2010,JAN,MS,ASO,CE,Combined TRACON& Tower with Radar,16,59,14,1,90,0,0,8,0,8,16,59,22,1,98,2,0,2,100
01/04/2010,JAN,MS,ASO,CE,Combined TRACON& Tower with Radar,17,63,9,5,94,0,0,0,0,0,17,63,9,5,94,0,2,2,96
01/05/2010,JAN,MS,ASO,CE,Combined TRACON& Tower with Radar,19,69,17,29,134,0,0,3,1,4,19,69,20,30,138,12,104,116,254
01/06/2010,JAN,MS,ASO,CE,Combined TRACON& Tower with Radar,27,63,25,41,156,0,0,8,8,16,27,63,33,49,172,0,80,80,252
01/07/2010,JAN,MS,ASO,CE,Combined TRACON& Tower with Radar,19,53,16,2,90,0,0,0,0,0,19,53,16,2,90,0,0,0,90
01/08/2010,JAN,MS,ASO,CE,Combined TRACON& Tower with Radar,22,60,15,8,105,0,0,4,1,5,22,60,19,9,110,2,6,8,118
01/09/2010,JAN,MS,ASO,CE,Combined TRACON& Tower with Radar,16,41,10,22,89,0,0,3,1,4,16,41,13,23,93,0,18,18,111
01/10/2010,JAN,MS,ASO,CE,Combined TRACON& Tower with Radar,16,54,7,14,91,0,0,3,0,3,16,54,10,14,94,0,4,4,98
01/11/2010,JAN,MS,ASO,CE,Combined TRACON& Tower with Radar,19,68,15,42,144,0,0,2,2,4,19,68,17,44,148,2,128,130,278
01/12/2010,JAN,MS,ASO,CE,Combined TRACON& Tower with Radar,18,72,9,44,143,0,3,7,3,13,18,75,16,47,156,8,130,138,294
01/13/2010,JAN,MS,ASO,CE,Combined TRACON& Tower with Radar,18,61,21,29,129,0,1,6,1,8,18,62,27,30,137,2,62,64,201
01/14/2010,JAN,MS,ASO,CE,Combined TRACON& Tower with Radar,20,66,33,21,140,0,1,10,1,12,20,67,43,22,152,0,102,102,254
01/15/2010,JAN,MS,ASO,CE,Combined TRACON& Tower with Radar,23,60,29,19,131,0,1,8,0,9,23,61,37,19,140,6,120,126,266
01/16/2010,JAN,MS,ASO,CE,Combined TRACON& Tower with Radar,11,31,7,0,49,0,0,0,0,0,11,31,7,0,49,0,0,0,49
01/17/2010,JAN,MS,ASO,CE,Combined TRACON& Tower with Radar,14,43,11,1,69,0,1,0,0,1,14,44,11,1,70,4,0,4,74
01/18/2010,JAN,MS,ASO,CE,Combined TRACON& Tower with Radar,19,60,17,2,98,0,1,4,1,6,19,61,21,3,104,2,0,2,106
01/19/2010,JAN,MS,ASO,CE,Combined TRACON& Tower with Radar,17,65,16,28,126,0,0,13,1,14,17,65,29,29,140,2,88,90,230
01/20/2010,JAN,MS,ASO,CE,Combined TRACON& Tower with Radar,18,65,33,21,137,0,0,1,0,1,18,65,34,21,138,2,20,22,160
01/21/2010,JAN,MS,ASO,CE,Combined TRACON& Tower with Radar,19,67,21,44,151,0,1,5,2,8,19,68,26,46,159,6,112,118,277
01/22/2010,JAN,MS,ASO,CE,Combined TRACON& Tower with Radar,20,72,33,72,197,0,0,9,0,9,20,72,42,72,206,0,184,184,390
01/23/2010,JAN,MS,ASO,CE,Combined TRACON& Tower with Radar,14,45,6,28,93,0,0,3,0,3,14,45,9,28,96,0,192,192,288
01/24/2010,JAN,MS,ASO,CE,Combined TRACON& Tower with Radar,17,48,13,8,86,0,0,2,0,2,17,48,15,8,88,0,8,8,96
01/25/2010,JAN,MS,ASO,CE,Combined TRACON& Tower with Radar,19,70,17,18,124,0,0,5,1,6,19,70,22,19,130,0,144,144,274
01/26/2010,JAN,MS,ASO,CE,Combined TRACON& Tower with Radar,18,65,34,27,144,0,3,9,1,13,18,68,43,28,157,2,70,72,229
01/27/2010,JAN,MS,ASO,CE,Combined TRACON& Tower with Radar,18,79,17,28,142,0,0,8,2,10,18,79,25,30,152,2,142,144,296
01/28/2010,JAN,MS,ASO,CE,Combined TRACON& Tower with Radar,19,59,46,41,165,0,6,6,0,12,19,65,52,41,177,2,132,134,311
01/29/2010,JAN,MS,ASO,CE,Combined TRACON& Tower with Radar,19,64,22,13,118,0,0,0,0,0,19,64,22,13,118,0,22,22,140
01/30/2010,JAN,MS,ASO,CE,Combined TRACON& Tower with Radar,15,39,18,1,73,0,0,0,0,0,15,39,18,1,73,0,0,0,73
01/31/2010,JAN,MS,ASO,CE,Combined TRACON& Tower with Radar,16,53,14,27,110,0,0,0,1,1,16,53,14,28,111,0,48,48,159
02/01/2010,JAN,MS,ASO,CE,Combined TRACON& Tower with Radar,19,70,31,24,144,0,0,0,2,2,19,70,31,26,146,0,136,136,282
02/02/2010,JAN,MS,ASO,CE,Combined TRACON& Tower with Radar,25,66,17,43,151,0,0,3,4,7,25,66,20,47,158,0,170,170,328
02/03/2010,JAN,MS,ASO,CE,Combined TRACON& Tower with Radar,19,64,25,29,137,0,0,8,1,9,19,64,33,30,146,0,70,70,216
02/04/2010,JAN,MS,ASO,CE,Combined TRACON& Tower with Radar,19,63,19,6,107,0,0,1,0,1,19,63,20,6,108,0,0,0,108
02/05/2010,JAN,MS,ASO,CE,Combined TRACON& Tower with Radar,18,64,23,17,122,0,1,1,0,2,18,65,24,17,124,0,6,6,130
02/06/2010,JAN,MS,ASO,CE,Combined TRACON& Tower with Radar,13,46,12,2,73,0,1,1,0,2,13,47,13,2,75,0,8,8,83
02/07/2010,JAN,MS,ASO,CE,Combined TRACON& Tower with Radar,14,63,5,17,99,0,0,2,0,2,14,63,7,17,101,0,22,22,123
02/08/2010,JAN,MS,ASO,CE,Combined TRACON& Tower with Radar,19,61,31,26,137,0,0,6,0,6,19,61,37,26,143,8,138,146,289
02/09/2010,JAN,MS,ASO,CE,Combined TRACON& Tower with Radar,22,66,17,39,144,0,0,1,0,1,22,66,18,39,145,4,52,56,201
02/10/2010,JAN,MS,ASO,CE,Combined TRACON& Tower with Radar,15,67,23,28,133,0,4,10,2,16,15,71,33,30,149,10,108,118,267
02/11/2010,JAN,MS,ASO,CE,Combined TRACON& Tower with Radar,14,44,26,23,107,0,2,1,1,4,14,46,27,24,111,0,40,40,151
02/12/2010,JAN,MS,ASO,CE,Combined TRACON& Tower with Radar,3,10,14,1,28,0,0,0,0,0,3,10,14,1,28,0,0,0,28
02/13/2010,JAN,MS,ASO,CE,Combined TRACON& Tower with Radar,11,37,11,1,60,0,1,2,0,3,11,38,13,1,63,0,0,0,63
02/14/2010,JAN,MS,ASO,CE,Combined TRACON& Tower with Radar,11,50,9,1,71,0,0,0,0,0,11,50,9,1,71,0,0,0,71
02/15/2010,JAN,MS,ASO,CE,Combined TRACON& Tower with Radar,20,53,15,8,96,0,0,10,0,10,20,53,25,8,106,14,10,24,130
02/16/2010,JAN,MS,ASO,CE,Combined TRACON& Tower with Radar,22,77,14,26,139,0,3,5,6,14,22,80,19,32,153,7,88,95,248
02/17/2010,JAN,MS,ASO,CE,Combined TRACON& Tower with Radar,17,70,30,27,144,0,0,8,2,10,17,70,38,29,154,18,86,104,258
02/18/2010,JAN,MS,ASO,CE,Combined TRACON& Tower with Radar,17,72,21,29,139,0,0,6,3,9,17,72,27,32,148,0,0,0,148
02/19/2010,JAN,MS,ASO,CE,Combined TRACON& Tower with Radar,22,59,10,24,115,0,1,13,0,14,22,60,23,24,129,6,66,72,201
02/20/2010,JAN,MS,ASO,CE,Combined TRACON& Tower with Radar,14,54,9,20,97,0,1,3,1,5,14,55,12,21,102,18,118,136,238
02/21/2010,JAN,MS,ASO,CE,Combined TRACON& Tower with Radar,13,57,13,5,88,0,0,2,0,2,13,57,15,5,90,2,4,6,96
02/22/2010,JAN,MS,ASO,CE,Combined TRACON& Tower with Radar,19,68,32,17,136,0,0,0,0,0,19,68,32,17,136,2,8,10,146
02/23/2010,JAN,MS,ASO,CE,Combined TRACON& Tower with Radar,17,57,28,43,145,0,0,4,1,5,17,57,32,44,150,9,88,97,247
02/24/2010,JAN,MS,ASO,CE,Combined TRACON& Tower with Radar,19,76,27,62,184,0,0,6,1,7,19,76,33,63,191,0,272,272,463
02/25/2010,JAN,MS,ASO,CE,Combined TRACON& Tower with Radar,31,68,26,41,166,0,0,11,4,15,31,68,37,45,181,38,95,133,314
02/26/2010,JAN,MS,ASO,CE,Combined TRACON& Tower with Radar,19,62,16,25,122,0,0,3,0,3,19,62,19,25,125,0,72,72,197
02/27/2010,JAN,MS,ASO,CE,Combined TRACON& Tower with Radar,11,50,10,1,72,0,1,9,0,10,11,51,19,1,82,2,8,10,92
02/28/2010,JAN,MS,ASO,CE,Combined TRACON& Tower with Radar,11,59,14,6,90,0,0,3,2,5,11,59,17,8,95,4,0,4,99
03/01/2010,JAN,MS,ASO,CE,Combined TRACON& Tower with Radar,19,72,17,19,127,0,0,0,0,0,19,72,17,19,127,2,26,28,155
03/02/2010,JAN,MS,ASO,CE,Combined TRACON& Tower with Radar,32,59,19,39,149,0,3,0,1,4,32,62,19,40,153,2,158,160,313
03/03/2010,JAN,MS,ASO,CE,Combined TRACON& Tower with Radar,19,80,31,44,174,0,1,2,0,3,19,81,33,44,177,2,118,120,297
03/04/2010,JAN,MS,ASO,CE,Combined TRACON& Tower with Radar,19,67,31,43,160,0,0,9,2,11,19,67,40,45,171,22,108,130,301
03/05/2010,JAN,MS,ASO,CE,Combined TRACON& Tower with Radar,24,70,18,50,162,0,0,15,4,19,24,70,33,54,181,0,72,72,253
03/06/2010,JAN,MS,ASO,CE,Combined TRACON& Tower with Radar,11,51,12,17,91,0,0,7,3,10,11,51,19,20,101,6,32,38,139
03/07/2010,JAN,MS,ASO,CE,Combined TRACON& Tower with Radar,13,60,15,20,108,0,1,8,0,9,13,61,23,20,117,4,24,28,145
03/08/2010,JAN,MS,ASO,CE,Combined TRACON& Tower with Radar,19,63,26,24,132,0,1,3,1,5,19,64,29,25,137,2,76,78,215
03/09/2010,JAN,MS,ASO,CE,Combined TRACON& Tower with Radar,19,66,22,6,113,0,0,0,0,0,19,66,22,6,113,0,3,3,116
03/10/2010,JAN,MS,ASO,CE,Combined TRACON& Tower with Radar,18,62,32,17,129,0,0,2,0,2,18,62,34,17,131,14,28,42,173
03/11/2010,JAN,MS,ASO,CE,Combined TRACON& Tower with Radar,18,68,30,44,160,0,4,4,3,11,18,72,34,47,171,2,254,256,427
03/12/2010,JAN,MS,ASO,CE,Combined TRACON& Tower with Radar,23,68,27,40,158,0,1,2,0,3,23,69,29,40,161,12,150,162,323
03/13/2010,JAN,MS,ASO,CE,Combined TRACON& Tower with Radar,12,52,14,6,84,0,2,4,0,6,12,54,18,6,90,4,6,10,100
03/14/2010,JAN,MS,ASO,CE,Combined TRACON& Tower with Radar,15,55,14,13,97,0,0,1,0,1,15,55,15,13,98,8,6,14,112
03/15/2010,JAN,MS,ASO,CE,Combined TRACON& Tower with Radar,23,65,17,36,141,0,2,2,2,6,23,67,19,38,147,0,98,98,245
03/16/2010,JAN,MS,ASO,CE,Combined TRACON& Tower with Radar,22,77,11,54,164,0,0,4,1,5,22,77,15,55,169,14,148,162,331
03/17/2010,JAN,MS,ASO,CE,Combined TRACON& Tower with Radar,23,64,20,31,138,0,0,0,2,2,23,64,20,33,140,6,90,96,236
03/18/2010,JAN,MS,ASO,CE,Combined TRACON& Tower with Radar,23,75,28,82,208,0,1,2,3,6,23,76,30,85,214,4,174,178,392
03/19/2010,JAN,MS,ASO,CE,Combined TRACON& Tower with Radar,26,57,21,40,144,0,0,7,0,7,26,57,28,40,151,0,126,126,277
03/20/2010,JAN,MS,ASO,CE,Combined TRACON& Tower with Radar,13,53,15,6,87,0,0,9,0,9,13,53,24,6,96,0,0,0,96
03/21/2010,JAN,MS,ASO,CE,Combined TRACON& Tower with Radar,17,55,3,7,82,0,0,1,0,1,17,55,4,7,83,0,2,2,85
03/22/2010,JAN,MS,ASO,CE,Combined TRACON& Tower with Radar,24,55,20,11,110,0,0,7,0,7,24,55,27,11,117,2,38,40,157
03/23/2010,JAN,MS,ASO,CE,Combined TRACON& Tower with Radar,21,64,38,48,171,0,4,10,1,15,21,68,48,49,186,0,80,80,266
03/24/2010,JAN,MS,ASO,CE,Combined TRACON& Tower with Radar,36,61,37,29,163,0,0,12,0,12,36,61,49,29,175,2,101,103,278
03/25/2010,JAN,MS,ASO,CE,Combined TRACON& Tower with Radar,21,67,24,15,127,0,2,5,0,7,21,69,29,15,134,8,20,28,162
03/26/2010,JAN,MS,ASO,CE,Combined TRACON& Tower with Radar,24,57,26,45,152,0,3,6,2,11,24,60,32,47,163,4,140,144,307
03/27/2010,JAN,MS,ASO,CE,Combined TRACON& Tower with Radar,11,49,10,8,78,0,0,8,0,8,11,49,18,8,86,4,6,10,96
03/28/2010,JAN,MS,ASO,CE,Combined TRACON& Tower with Radar,15,54,10,13,92,0,1,5,0,6,15,55,15,13,98,2,12,14,112
03/29/2010,JAN,MS,ASO,CE,Combined TRACON& Tower with Radar,23,65,21,27,136,0,0,2,0,2,23,65,23,27,138,0,114,114,252
03/30/2010,JAN,MS,ASO,CE,Combined TRACON& Tower with Radar,21,59,24,27,131,0,5,9,0,14,21,64,33,27,145,0,62,62,207
03/31/2010,JAN,MS,ASO,CE,Combined TRACON& Tower with Radar,19,73,28,28,148,0,1,4,2,7,19,74,32,30,155,2,100,102,257
04/01/2010,JAN,MS,ASO,CE,Combined TRACON& Tower with Radar,21,68,42,26,157,0,0,1,2,3,21,68,43,28,160,16,46,62,222
04/02/2010,JAN,MS,ASO,CE,Combined TRACON& Tower with Radar,24,71,35,15,145,0,0,1,0,1,24,71,36,15,146,14,138,152,298
04/03/2010,JAN,MS,ASO,CE,Combined TRACON& Tower with Radar,12,49,5,0,66,0,0,2,0,2,12,49,7,0,68,4,0,4,72
04/04/2010,JAN,MS,ASO,CE,Combined TRACON& Tower with Radar,15,58,17,1,91,0,0,6,0,6,15,58,23,1,97,0,0,0,97
04/05/2010,JAN,MS,ASO,CE,Combined TRACON& Tower with Radar,21,61,27,25,134,0,0,7,0,7,21,61,34,25,141,16,38,54,195
04/06/2010,JAN,MS,ASO,CE,Combined TRACON& Tower with Radar,21,70,25,61,177,0,1,7,0,8,21,71,32,61,185,14,144,158,343
04/07/2010,JAN,MS,ASO,CE,Combined TRACON& Tower with Radar,21,61,27,42,151,0,1,1,1,3,21,62,28,43,154,0,74,74,228
04/08/2010,JAN,MS,ASO,CE,Combined TRACON& Tower with Radar,23,65,17,43,148,0,2,6,3,11,23,67,23,46,159,0,118,118,277
04/09/2010,JAN,MS,ASO,CE,Combined TRACON& Tower with Radar,22,72,17,15,126,0,0,11,0,11,22,72,28,15,137,10,56,66,203
04/10/2010,JAN,MS,ASO,CE,Combined TRACON& Tower with Radar,16,36,18,7,77,0,1,5,0,6,16,37,23,7,83,0,0,0,83
04/11/2010,JAN,MS,ASO,CE,Combined TRACON& Tower with Radar,14,58,15,12,99,0,0,7,0,7,14,58,22,12,106,6,8,14,120
04/12/2010,JAN,MS,ASO,CE,Combined TRACON& Tower with Radar,24,68,16,24,132,0,0,3,0,3,24,68,19,24,135,4,114,118,253
04/13/2010,JAN,MS,ASO,CE,Combined TRACON& Tower with Radar,28,55,28,34,145,0,0,5,3,8,28,55,33,37,153,6,78,84,237
04/14/2010,JAN,MS,ASO,CE,Combined TRACON& Tower with Radar,23,62,32,41,158,0,0,3,10,13,23,62,35,51,171,12,86,98,269
04/15/2010,JAN,MS,ASO,CE,Combined TRACON& Tower with Radar,25,59,29,38,151,0,0,7,0,7,25,59,36,38,158,0,109,109,267
04/16/2010,JAN,MS,ASO,CE,Combined TRACON& Tower with Radar,24,68,17,35,144,0,0,8,0,8,24,68,25,35,152,2,168,170,322
04/17/2010,JAN,MS,ASO,CE,Combined TRACON& Tower with Radar,17,38,13,8,76,0,0,4,0,4,17,38,17,8,80,0,2,2,82
04/18/2010,JAN,MS,ASO,CE,Combined TRACON& Tower with Radar,16,58,14,22,110,0,0,7,0,7,16,58,21,22,117,8,8,16,133
04/19/2010,JAN,MS,ASO,CE,Combined TRACON& Tower with Radar,25,56,19,17,117,0,0,7,1,8,25,56,26,18,125,4,24,28,153
04/20/2010,JAN,MS,ASO,CE,Combined TRACON& Tower with Radar,23,57,20,34,134,0,0,10,0,10,23,57,30,34,144,4,24,28,172
04/21/2010,JAN,MS,ASO,CE,Combined TRACON& Tower with Radar,23,84,20,52,179,0,0,4,0,4,23,84,24,52,183,0,248,248,431
04/22/2010,JAN,MS,ASO,CE,Combined TRACON& Tower with Radar,27,57,38,27,149,0,0,7,1,8,27,57,45,28,157,4,66,70,227
04/23/2010,JAN,MS,ASO,CE,Combined TRACON& Tower with Radar,26,55,19,2,102,0,0,4,1,5,26,55,23,3,107,1,0,1,108
04/24/2010,JAN,MS,ASO,CE,Combined TRACON& Tower with Radar,16,40,8,1,65,0,2,1,0,3,16,42,9,1,68,0,0,0,68
04/25/2010,JAN,MS,ASO,CE,Combined TRACON& Tower with Radar,20,55,18,6,99,0,0,10,0,10,20,55,28,6,109,0,4,4,113
04/26/2010,JAN,MS,ASO,CE,Combined TRACON& Tower with Radar,24,64,25,36,149,0,0,6,0,6,24,64,31,36,155,2,132,134,289
04/27/2010,JAN,MS,ASO,CE,Combined TRACON& Tower with Radar,23,57,25,48,153,0,3,7,1,11,23,60,32,49,164,0,150,150,314
04/28/2010,JAN,MS,ASO,CE,Combined TRACON& Tower with Radar,23,71,32,23,149,0,0,5,1,6,23,71,37,24,155,2,90,92,247
04/29/2010,JAN,MS,ASO,CE,Combined TRACON& Tower with Radar,23,61,34,31,149,0,1,5,4,10,23,62,39,35,159,4,68,72,231
04/30/2010,JAN,MS,ASO,CE,Combined TRACON& Tower with Radar,26,58,49,10,143,0,0,0,1,1,26,58,49,11,144,0,8,8,152
05/01/2010,JAN,MS,ASO,CE,Combined TRACON& Tower with Radar,16,41,12,4,73,0,0,0,0,0,16,41,12,4,73,0,0,0,73
05/02/2010,JAN,MS,ASO,CE,Combined TRACON& Tower with Radar,16,53,12,3,84,0,0,0,1,1,16,53,12,4,85,0,0,0,85
05/03/2010,JAN,MS,ASO,CE,Combined TRACON& Tower with Radar,22,57,28,47,154,0,1,6,0,7,22,58,34,47,161,10,68,78,239
05/04/2010,JAN,MS,ASO,CE,Combined TRACON& Tower with Radar,21,63,15,44,143,0,3,8,7,18,21,66,23,51,161,2,154,156,317
05/05/2010,JAN,MS,ASO,CE,Combined TRACON& Tower with Radar,21,72,34,46,173,0,0,7,3,10,21,72,41,49,183,4,174,178,361
05/06/2010,JAN,MS,ASO,CE,Combined TRACON& Tower with Radar,25,61,39,30,155,0,1,12,0,13,25,62,51,30,168,0,130,130,298
05/07/2010,JAN,MS,ASO,CE,Combined TRACON& Tower with Radar,22,60,35,27,144,0,0,6,3,9,22,60,41,30,153,0,90,90,243
05/08/2010,JAN,MS,ASO,CE,Combined TRACON& Tower with Radar,15,42,4,0,61,0,0,4,1,5,15,42,8,1,66,2,0,2,68
05/09/2010,JAN,MS,ASO,CE,Combined TRACON& Tower with Radar,19,58,17,10,104,0,0,2,0,2,19,58,19,10,106,0,12,12,118
05/10/2010,JAN,MS,ASO,CE,Combined TRACON& Tower with Radar,23,71,29,28,151,0,0,7,1,8,23,71,36,29,159,10,198,208,367
05/11/2010,JAN,MS,ASO,CE,Combined TRACON& Tower with Radar,21,69,26,31,147,0,0,4,2,6,21,69,30,33,153,0,82,82,235
05/12/2010,JAN,MS,ASO,CE,Combined TRACON& Tower with Radar,21,72,38,18,149,0,0,3,2,5,21,72,41,20,154,20,48,68,222
05/13/2010,JAN,MS,ASO,CE,Combined TRACON& Tower with Radar,23,65,23,10,121,0,1,0,0,1,23,66,23,10,122,0,8,8,130
05/14/2010,JAN,MS,ASO,CE,Combined TRACON& Tower with Radar,29,66,18,7,120,0,0,0,0,0,29,66,18,7,120,3,38,41,161
05/15/2010,JAN,MS,ASO,CE,Combined TRACON& Tower with Radar,14,40,11,0,65,0,0,0,0,0,14,40,11,0,65,4,0,4,69
05/16/2010,JAN,MS,ASO,CE,Combined TRACON& Tower with Radar,22,64,17,14,117,0,0,3,0,3,22,64,20,14,120,0,26,26,146
05/17/2010,JAN,MS,ASO,CE,Combined TRACON& Tower with Radar,27,64,13,20,124,0,0,4,0,4,27,64,17,20,128,4,30,34,162
05/18/2010,JAN,MS,ASO,CE,Combined TRACON& Tower with Radar,21,62,31,61,175,0,0,14,1,15,21,62,45,62,190,14,86,100,290
05/19/2010,JAN,MS,ASO,CE,Combined TRACON& Tower with Radar,20,68,29,13,130,0,15,3,0,18,20,83,32,13,148,0,86,86,234
05/20/2010,JAN,MS,ASO,CE,Combined TRACON& Tower with Radar,23,61,18,6,108,0,1,1,0,2,23,62,19,6,110,0,14,14,124
05/21/2010,JAN,MS,ASO,CE,Combined TRACON& Tower with Radar,23,54,37,30,144,0,0,4,0,4,23,54,41,30,148,0,98,98,246
05/22/2010,JAN,MS,ASO,CE,Combined TRACON& Tower with Radar,14,42,14,0,70,0,0,5,0,5,14,42,19,0,75,0,0,0,75
05/23/2010,JAN,MS,ASO,CE,Combined TRACON& Tower with Radar,19,55,20,1,95,0,0,8,0,8,19,55,28,1,103,8,0,8,111
05/24/2010,JAN,MS,ASO,CE,Combined TRACON& Tower with Radar,38,72,41,24,175,0,0,8,2,10,38,72,49,26,185,4,126,130,315
05/25/2010,JAN,MS,ASO,CE,Combined TRACON& Tower with Radar,21,72,43,9,145,0,0,6,1,7,21,72,49,10,152,14,4,18,170
05/26/2010,JAN,MS,ASO,CE,Combined TRACON& Tower with Radar,21,61,30,40,152,0,0,9,12,21,21,61,39,52,173,8,130,138,311
05/27/2010,JAN,MS,ASO,CE,Combined TRACON& Tower with Radar,22,60,26,29,137,0,0,9,0,9,22,60,35,29,146,2,148,150,296
05/28/2010,JAN,MS,ASO,CE,Combined TRACON& Tower with Radar,22,64,29,8,123,0,0,7,0,7,22,64,36,8,130,0,68,68,198
05/29/2010,JAN,MS,ASO,CE,Combined TRACON& Tower with Radar,13,46,14,0,73,0,0,8,0,8,13,46,22,0,81,14,4,18,99
05/30/2010,JAN,MS,ASO,CE,Combined TRACON& Tower with Radar,22,46,13,7,88,0,0,10,0,10,22,46,23,7,98,12,0,12,110
05/31/2010,JAN,MS,ASO,CE,Combined TRACON& Tower with Radar,21,55,7,1,84,0,0,2,0,2,21,55,9,1,86,14,0,14,100
06/01/2010,JAN,MS,ASO,CE,Combined TRACON& Tower with Radar,19,68,33,11,131,0,0,5,1,6,19,68,38,12,137,2,32,34,171
06/02/2010,JAN,MS,ASO,CE,Combined TRACON& Tower with Radar,33,74,10,38,155,0,0,6,6,12,33,74,16,44,167,0,134,134,301
06/03/2010,JAN,MS,ASO,CE,Combined TRACON& Tower with Radar,23,74,43,36,176,0,0,1,0,1,23,74,44,36,177,8,100,108,285
06/04/2010,JAN,MS,ASO,CE,Combined TRACON& Tower with Radar,27,56,15,15,113,0,0,6,0,6,27,56,21,15,119,14,20,34,153
06/05/2010,JAN,MS,ASO,CE,Combined TRACON& Tower with Radar,16,44,5,0,65,0,0,11,0,11,16,44,16,0,76,0,0,0,76
06/06/2010,JAN,MS,ASO,CE,Combined TRACON& Tower with Radar,21,54,17,2,94,0,0,5,0,5,21,54,22,2,99,0,0,0,99
06/07/2010,JAN,MS,ASO,CE,Combined TRACON& Tower with Radar,23,65,21,45,154,0,0,12,0,12,23,65,33,45,166,4,106,110,276
06/08/2010,JAN,MS,ASO,CE,Combined TRACON& Tower with Radar,31,64,19,48,162,0,0,6,9,15,31,64,25,57,177,32,282,314,491
06/09/2010,JAN,MS,ASO,CE,Combined TRACON& Tower with Radar,25,57,15,58,155,0,1,10,1,12,25,58,25,59,167,0,152,152,319
06/10/2010,JAN,MS,ASO,CE,Combined TRACON& Tower with Radar,22,66,26,73,187,0,0,16,3,19,22,66,42,76,206,0,152,152,358
06/11/2010,JAN,MS,ASO,CE,Combined TRACON& Tower with Radar,22,64,14,13,113,0,0,5,0,5,22,64,19,13,118,0,24,24,142
06/12/2010,JAN,MS,ASO,CE,Combined TRACON& Tower with Radar,13,56,20,5,94,0,0,13,0,13,13,56,33,5,107,6,2,8,115
06/13/2010,JAN,MS,ASO,CE,Combined TRACON& Tower with Radar,19,60,12,11,102,0,2,7,0,9,19,62,19,11,111,4,8,12,123
06/14/2010,JAN,MS,ASO,CE,Combined TRACON& Tower with Radar,19,69,22,25,135,0,0,6,4,10,19,69,28,29,145,8,114,122,267
06/15/2010,JAN,MS,ASO,CE,Combined TRACON& Tower with Radar,21,65,26,18,130,0,2,5,0,7,21,67,31,18,137,8,42,50,187
06/16/2010,JAN,MS,ASO,CE,Combined TRACON& Tower with Radar,18,66,39,56,179,0,0,19,0,19,18,66,58,56,198,0,64,64,262
06/17/2010,JAN,MS,ASO,CE,Combined TRACON& Tower with Radar,18,67,26,26,137,0,1,8,2,11,18,68,34,28,148,0,68,68,216
06/18/2010,JAN,MS,ASO,CE,Combined TRACON& Tower with Radar,23,66,14,18,121,0,0,10,1,11,23,66,24,19,132,0,74,74,206
06/19/2010,JAN,MS,ASO,CE,Combined TRACON& Tower with Radar,16,57,11,2,86,0,1,10,0,11,16,58,21,2,97,0,2,2,99
06/20/2010,JAN,MS,ASO,CE,Combined TRACON& Tower with Radar,19,57,10,8,94,0,0,10,2,12,19,57,20,10,106,0,22,22,128
06/21/2010,JAN,MS,ASO,CE,Combined TRACON& Tower with Radar,19,64,24,26,133,0,0,3,0,3,19,64,27,26,136,2,44,46,182
06/22/2010,JAN,MS,ASO,CE,Combined TRACON& Tower with Radar,19,83,17,32,151,0,0,5,2,7,19,83,22,34,158,2,66,68,226
06/23/2010,JAN,MS,ASO,CE,Combined TRACON& Tower with Radar,18,70,39,13,140,0,0,9,0,9,18,70,48,13,149,0,78,78,227
06/24/2010,JAN,MS,ASO,CE,Combined TRACON& Tower with Radar,18,81,30,14,143,0,0,9,1,10,18,81,39,15,153,0,64,64,217
06/25/2010,JAN,MS,ASO,CE,Combined TRACON& Tower with Radar,29,62,23,25,139,0,0,7,1,8,29,62,30,26,147,8,30,38,185
06/26/2010,JAN,MS,ASO,CE,Combined TRACON& Tower with Radar,14,55,5,3,77,0,0,8,0,8,14,55,13,3,85,2,0,2,87
06/27/2010,JAN,MS,ASO,CE,Combined TRACON& Tower with Radar,18,62,7,16,103,0,1,8,4,13,18,63,15,20,116,8,24,32,148
06/28/2010,JAN,MS,ASO,CE,Combined TRACON& Tower with Radar,21,69,21,21,132,0,0,0,0,0,21,69,21,21,132,6,76,82,214
06/29/2010,JAN,MS,ASO,CE,Combined TRACON& Tower with Radar,22,78,19,24,143,0,0,3,0,3,22,78,22,24,146,10,84,94,240
06/30/2010,JAN,MS,ASO,CE,Combined TRACON& Tower with Radar,19,69,39,14,141,0,0,0,0,0,19,69,39,14,141,6,0,6,147
07/01/2010,JAN,MS,ASO,CE,Combined TRACON& Tower with Radar,23,81,18,11,133,0,0,6,2,8,23,81,24,13,141,0,54,54,195
07/02/2010,JAN,MS,ASO,CE,Combined TRACON& Tower with Radar,22,58,16,2,98,0,4,5,2,11,22,62,21,4,109,0,0,0,109
07/03/2010,JAN,MS,ASO,CE,Combined TRACON& Tower with Radar,16,55,13,1,85,0,0,11,0,11,16,55,24,1,96,4,0,4,100
07/04/2010,JAN,MS,ASO,CE,Combined TRACON& Tower with Radar,17,41,3,1,62,0,0,5,0,5,17,41,8,1,67,10,0,10,77
07/05/2010,JAN,MS,ASO,CE,Combined TRACON& Tower with Radar,21,54,9,1,85,0,0,6,0,6,21,54,15,1,91,12,0,12,103
07/06/2010,JAN,MS,ASO,CE,Combined TRACON& Tower with Radar,21,63,16,2,102,0,0,3,0,3,21,63,19,2,105,0,0,0,105
07/07/2010,JAN,MS,ASO,CE,Combined TRACON& Tower with Radar,22,63,26,16,127,0,0,2,0,2,22,63,28,16,129,0,10,10,139
07/08/2010,JAN,MS,ASO,CE,Combined TRACON& Tower with Radar,21,63,22,19,125,0,4,7,2,13,21,67,29,21,138,14,70,84,222
07/09/2010,JAN,MS,ASO,CE,Combined TRACON& Tower with Radar,21,62,27,33,143,0,1,6,0,7,21,63,33,33,150,0,110,110,260
07/10/2010,JAN,MS,ASO,CE,Combined TRACON& Tower with Radar,19,53,12,5,89,0,0,5,0,5,19,53,17,5,94,12,4,16,110
07/11/2010,JAN,MS,ASO,CE,Combined TRACON& Tower with Radar,20,53,8,11,92,0,0,3,0,3,20,53,11,11,95,0,12,12,107
07/12/2010,JAN,MS,ASO,CE,Combined TRACON& Tower with Radar,22,62,23,31,138,0,5,11,1,17,22,67,34,32,155,10,180,190,345
07/13/2010,JAN,MS,ASO,CE,Combined TRACON& Tower with Radar,21,65,21,39,146,0,0,9,0,9,21,65,30,39,155,0,142,142,297
07/14/2010,JAN,MS,ASO,CE,Combined TRACON& Tower with Radar,37,61,25,11,134,0,0,8,0,8,37,61,33,11,142,14,66,80,222
07/15/2010,JAN,MS,ASO,CE,Combined TRACON& Tower with Radar,21,64,35,43,163,0,0,10,4,14,21,64,45,47,177,0,176,176,353
07/16/2010,JAN,MS,ASO,CE,Combined TRACON& Tower with Radar,22,71,13,8,114,1,1,4,0,6,23,72,17,8,120,4,38,42,162
07/17/2010,JAN,MS,ASO,CE,Combined TRACON& Tower with Radar,15,59,9,1,84,0,0,5,0,5,15,59,14,1,89,0,0,0,89
07/18/2010,JAN,MS,ASO,CE,Combined TRACON& Tower with Radar,21,55,10,4,90,0,0,8,0,8,21,55,18,4,98,0,0,0,98
07/19/2010,JAN,MS,ASO,CE,Combined TRACON& Tower with Radar,42,67,18,21,148,0,0,0,0,0,42,67,18,21,148,0,76,76,224
07/20/2010,JAN,MS,ASO,CE,Combined TRACON& Tower with Radar,45,77,19,18,159,0,1,12,1,14,45,78,31,19,173,6,86,92,265
07/21/2010,JAN,MS,ASO,CE,Combined TRACON& Tower with Radar,23,61,17,28,129,0,2,14,0,16,23,63,31,28,145,8,108,116,261
07/22/2010,JAN,MS,ASO,CE,Combined TRACON& Tower with Radar,25,75,21,18,139,0,6,8,7,21,25,81,29,25,160,32,102,134,294
07/23/2010,JAN,MS,ASO,CE,Combined TRACON& Tower with Radar,19,74,34,24,151,0,0,6,1,7,19,74,40,25,158,10,46,56,214
07/24/2010,JAN,MS,ASO,CE,Combined TRACON& Tower with Radar,19,52,10,1,82,0,1,3,0,4,19,53,13,1,86,14,0,14,100
07/25/2010,JAN,MS,ASO,CE,Combined TRACON& Tower with Radar,21,58,13,2,94,0,0,7,0,7,21,58,20,2,101,8,0,8,109
07/26/2010,JAN,MS,ASO,CE,Combined TRACON& Tower with Radar,24,66,24,2,116,0,0,9,0,9,24,66,33,2,125,0,12,12,137
07/27/2010,JAN,MS,ASO,CE,Combined TRACON& Tower with Radar,21,66,17,24,128,0,0,1,2,3,21,66,18,26,131,0,22,22,153
07/28/2010,JAN,MS,ASO,CE,Combined TRACON& Tower with Radar,25,61,39,37,162,0,1,7,5,13,25,62,46,42,175,0,94,94,269
07/29/2010,JAN,MS,ASO,CE,Combined TRACON& Tower with Radar,23,61,25,31,140,0,2,4,1,7,23,63,29,32,147,14,62,76,223
07/30/2010,JAN,MS,ASO,CE,Combined TRACON& Tower with Radar,22,64,27,18,131,0,0,10,1,11,22,64,37,19,142,12,24,36,178
07/31/2010,JAN,MS,ASO,CE,Combined TRACON& Tower with Radar,15,51,16,3,85,0,0,13,0,13,15,51,29,3,98,6,2,8,106
08/01/2010,JAN,MS,ASO,CE,Combined TRACON& Tower with Radar,23,56,13,13,105,0,0,6,0,6,23,56,19,13,111,4,18,22,133
08/02/2010,JAN,MS,ASO,CE,Combined TRACON& Tower with Radar,25,63,12,29,129,0,1,0,0,1,25,64,12,29,130,12,122,134,264
08/03/2010,JAN,MS,ASO,CE,Combined TRACON& Tower with Radar,21,69,22,39,151,0,2,1,3,6,21,71,23,42,157,0,70,70,227
08/04/2010,JAN,MS,ASO,CE,Combined TRACON& Tower with Radar,22,61,31,37,151,0,2,7,1,10,22,63,38,38,161,3,66,69,230
08/05/2010,JAN,MS,ASO,CE,Combined TRACON& Tower with Radar,21,57,36,21,135,0,1,2,5,8,21,58,38,26,143,0,102,102,245
08/06/2010,JAN,MS,ASO,CE,Combined TRACON& Tower with Radar,23,75,11,43,152,0,0,3,2,5,23,75,14,45,157,0,76,76,233
08/07/2010,JAN,MS,ASO,CE,Combined TRACON& Tower with Radar,15,56,4,3,78,0,0,3,0,3,15,56,7,3,81,0,0,0,81
08/08/2010,JAN,MS,ASO,CE,Combined TRACON& Tower with Radar,21,54,9,10,94,0,0,7,0,7,21,54,16,10,101,0,8,8,109
08/09/2010,JAN,MS,ASO,CE,Combined TRACON& Tower with Radar,23,65,29,18,135,0,0,5,0,5,23,65,34,18,140,0,132,132,272
08/10/2010,JAN,MS,ASO,CE,Combined TRACON& Tower with Radar,21,65,27,16,129,0,1,7,1,9,21,66,34,17,138,4,24,28,166
08/11/2010,JAN,MS,ASO,CE,Combined TRACON& Tower with Radar,22,63,32,36,153,0,0,3,0,3,22,63,35,36,156,18,120,138,294
08/12/2010,JAN,MS,ASO,CE,Combined TRACON& Tower with Radar,22,71,23,21,137,0,0,15,0,15,22,71,38,21,152,2,49,51,203
08/13/2010,JAN,MS,ASO,CE,Combined TRACON& Tower with Radar,21,65,22,13,121,0,0,4,0,4,21,65,26,13,125,0,18,18,143
08/14/2010,JAN,MS,ASO,CE,Combined TRACON& Tower with Radar,18,51,10,9,88,0,0,3,0,3,18,51,13,9,91,0,6,6,97
08/15/2010,JAN,MS,ASO,CE,Combined TRACON& Tower with Radar,20,55,12,10,97,0,0,3,0,3,20,55,15,10,100,8,6,14,114
08/16/2010,JAN,MS,ASO,CE,Combined TRACON& Tower with Radar,21,63,18,41,143,0,0,1,4,5,21,63,19,45,148,6,76,82,230
08/17/2010,JAN,MS,ASO,CE,Combined TRACON& Tower with Radar,30,55,24,23,132,0,0,5,0,5,30,55,29,23,137,0,0,0,137
08/18/2010,JAN,MS,ASO,CE,Combined TRACON& Tower with Radar,36,49,31,31,147,0,0,3,0,3,36,49,34,31,150,0,18,18,168
08/19/2010,JAN,MS,ASO,CE,Combined TRACON& Tower with Radar,30,55,26,29,140,0,0,0,1,1,30,55,26,30,141,0,40,40,181
08/20/2010,JAN,MS,ASO,CE,Combined TRACON& Tower with Radar,33,49,22,21,125,0,0,3,6,9,33,49,25,27,134,6,29,35,169
08/21/2010,JAN,MS,ASO,CE,Combined TRACON& Tower with Radar,15,44,11,5,75,0,0,7,0,7,15,44,18,5,82,0,8,8,90
08/22/2010,JAN,MS,ASO,CE,Combined TRACON& Tower with Radar,19,52,10,4,85,0,0,4,2,6,19,52,14,6,91,0,0,0,91
08/23/2010,JAN,MS,ASO,CE,Combined TRACON& Tower with Radar,31,67,27,35,160,0,0,2,5,7,31,67,29,40,167,2,126,128,295
08/24/2010,JAN,MS,ASO,CE,Combined TRACON& Tower with Radar,31,60,27,56,174,0,0,7,1,8,31,60,34,57,182,10,168,178,360
08/25/2010,JAN,MS,ASO,CE,Combined TRACON& Tower with Radar,35,61,41,40,177,0,0,9,2,11,35,61,50,42,188,0,156,156,344
08/26/2010,JAN,MS,ASO,CE,Combined TRACON& Tower with Radar,31,56,14,65,166,0,10,9,6,25,31,66,23,71,191,4,232,236,427
08/27/2010,JAN,MS,ASO,CE,Combined TRACON& Tower with Radar,48,62,21,18,149,0,1,7,0,8,48,63,28,18,157,0,116,116,273
08/28/2010,JAN,MS,ASO,CE,Combined TRACON& Tower with Radar,17,44,7,1,69,0,0,6,1,7,17,44,13,2,76,0,0,0,76
08/29/2010,JAN,MS,ASO,CE,Combined TRACON& Tower with Radar,21,48,16,26,111,0,0,0,0,0,21,48,16,26,111,14,32,46,157
08/30/2010,JAN,MS,ASO,CE,Combined TRACON& Tower with Radar,30,53,14,37,134,0,0,4,0,4,30,53,18,37,138,4,186,190,328
08/31/2010,JAN,MS,ASO,CE,Combined TRACON& Tower with Radar,30,53,31,44,158,0,1,2,5,8,30,54,33,49,166,0,102,102,268
09/01/2010,JAN,MS,ASO,CE,Combined TRACON& Tower with Radar,37,43,35,49,164,0,0,6,1,7,37,43,41,50,171,0,140,140,311
09/02/2010,JAN,MS,ASO,CE,Combined TRACON& Tower with Radar,30,55,14,13,112,0,4,7,2,13,30,59,21,15,125,0,6,6,131
09/03/2010,JAN,MS,ASO,CE,Combined TRACON& Tower with Radar,36,56,20,5,117,0,0,5,1,6,36,56,25,6,123,0,12,12,135
09/04/2010,JAN,MS,ASO,CE,Combined TRACON& Tower with Radar,23,41,4,11,79,0,4,8,0,12,23,45,12,11,91,4,38,42,133
09/05/2010,JAN,MS,ASO,CE,Combined TRACON& Tower with Radar,20,37,0,6,63,0,1,1,0,2,20,38,1,6,65,0,8,8,73
09/06/2010,JAN,MS,ASO,CE,Combined TRACON& Tower with Radar,23,53,11,2,89,0,0,7,0,7,23,53,18,2,96,2,0,2,98
09/07/2010,JAN,MS,ASO,CE,Combined TRACON& Tower with Radar,29,51,18,9,107,0,0,0,0,0,29,51,18,9,107,0,4,4,111
09/08/2010,JAN,MS,ASO,CE,Combined TRACON& Tower with Radar,31,50,22,27,130,0,5,1,5,11,31,55,23,32,141,10,104,114,255
09/09/2010,JAN,MS,ASO,CE,Combined TRACON& Tower with Radar,29,56,22,25,132,0,1,3,0,4,29,57,25,25,136,5,136,141,277
09/10/2010,JAN,MS,ASO,CE,Combined TRACON& Tower with Radar,28,52,35,12,127,0,5,8,2,15,28,57,43,14,142,6,22,28,170
09/11/2010,JAN,MS,ASO,CE,Combined TRACON& Tower with Radar,19,35,15,2,71,0,3,5,0,8,19,38,20,2,79,0,0,0,79
09/12/2010,JAN,MS,ASO,CE,Combined TRACON& Tower with Radar,21,50,18,5,94,0,0,3,0,3,21,50,21,5,97,4,0,4,101
09/13/2010,JAN,MS,ASO,CE,Combined TRACON& Tower with Radar,29,59,19,39,146,0,3,6,1,10,29,62,25,40,156,6,76,82,238
09/14/2010,JAN,MS,ASO,CE,Combined TRACON& Tower with Radar,27,51,23,34,135,0,4,8,1,13,27,55,31,35,148,4,82,86,234
09/15/2010,JAN,MS,ASO,CE,Combined TRACON& Tower with Radar,28,49,21,31,129,0,0,7,2,9,28,49,28,33,138,8,60,68,206
09/16/2010,JAN,MS,ASO,CE,Combined TRACON& Tower with Radar,29,61,30,26,146,0,0,5,2,7,29,61,35,28,153,0,92,92,245
09/17/2010,JAN,MS,ASO,CE,Combined TRACON& Tower with Radar,29,58,33,31,151,0,1,8,0,9,29,59,41,31,160,2,44,46,206
09/18/2010,JAN,MS,ASO,CE,Combined TRACON& Tower with Radar,21,37,11,1,70,0,0,6,0,6,21,37,17,1,76,2,0,2,78
09/19/2010,JAN,MS,ASO,CE,Combined TRACON& Tower with Radar,23,46,13,13,95,0,2,4,0,6,23,48,17,13,101,8,0,8,109
09/20/2010,JAN,MS,ASO,CE,Combined TRACON& Tower with Radar,29,59,16,31,135,0,0,5,0,5,29,59,21,31,140,0,76,76,216
09/21/2010,JAN,MS,ASO,CE,Combined TRACON& Tower with Radar,27,53,16,45,141,0,6,4,1,11,27,59,20,46,152,8,84,92,244
09/22/2010,JAN,MS,ASO,CE,Combined TRACON& Tower with Radar,28,50,16,49,143,0,1,4,3,8,28,51,20,52,151,0,139,139,290
09/23/2010,JAN,MS,ASO,CE,Combined TRACON& Tower with Radar,27,53,33,30,143,0,1,4,3,8,27,54,37,33,151,0,0,0,151
09/24/2010,JAN,MS,ASO,CE,Combined TRACON& Tower with Radar,28,54,22,21,125,0,0,3,0,3,28,54,25,21,128,1,20,21,149
09/25/2010,JAN,MS,ASO,CE,Combined TRACON& Tower with Radar,19,34,3,1,57,0,0,1,0,1,19,34,4,1,58,0,4,4,62
09/26/2010,JAN,MS,ASO,CE,Combined TRACON& Tower with Radar,18,43,11,8,80,0,0,1,0,1,18,43,12,8,81,0,0,0,81
09/27/2010,JAN,MS,ASO,CE,Combined TRACON& Tower with Radar,46,62,26,36,170,0,1,6,0,7,46,63,32,36,177,24,126,150,327
09/28/2010,JAN,MS,ASO,CE,Combined TRACON& Tower with Radar,28,54,31,17,130,0,1,8,1,10,28,55,39,18,140,12,38,50,190
09/29/2010,JAN,MS,ASO,CE,Combined TRACON& Tower with Radar,27,54,39,28,148,0,1,7,1,9,27,55,46,29,157,0,80,80,237
09/30/2010,JAN,MS,ASO,CE,Combined TRACON& Tower with Radar,28,53,30,16,127,0,0,11,0,11,28,53,41,16,138,6,14,20,158
10/01/2010,JAN,MS,ASO,CE,Combined TRACON& Tower with Radar,28,55,24,14,121,0,0,12,0,12,28,55,36,14,133,0,30,30,163
10/02/2010,JAN,MS,ASO,CE,Combined TRACON& Tower with Radar,18,41,10,0,69,0,1,3,0,4,18,42,13,0,73,1,6,7,80
10/03/2010,JAN,MS,ASO,CE,Combined TRACON& Tower with Radar,23,55,10,11,99,0,0,3,0,3,23,55,13,11,102,0,4,4,106
10/04/2010,JAN,MS,ASO,CE,Combined TRACON& Tower with Radar,29,55,21,37,142,0,0,4,1,5,29,55,25,38,147,0,100,100,247
10/05/2010,JAN,MS,ASO,CE,Combined TRACON& Tower with Radar,28,61,23,39,151,0,0,6,7,13,28,61,29,46,164,2,90,92,256
10/06/2010,JAN,MS,ASO,CE,Combined TRACON& Tower with Radar,30,48,25,16,119,0,0,20,2,22,30,48,45,18,141,6,14,20,161
10/07/2010,JAN,MS,ASO,CE,Combined TRACON& Tower with Radar,29,56,21,56,162,0,1,11,7,19,29,57,32,63,181,0,124,124,305
10/08/2010,JAN,MS,ASO,CE,Combined TRACON& Tower with Radar,28,57,25,20,130,0,0,3,1,4,28,57,28,21,134,0,62,62,196
10/09/2010,JAN,MS,ASO,CE,Combined TRACON& Tower with Radar,19,37,9,2,67,0,0,5,0,5,19,37,14,2,72,0,8,8,80
10/10/2010,JAN,MS,ASO,CE,Combined TRACON& Tower with Radar,24,59,12,1,96,0,1,3,1,5,24,60,15,2,101,0,0,0,101
10/11/2010,JAN,MS,ASO,CE,Combined TRACON& Tower with Radar,29,51,27,16,123,0,1,9,0,10,29,52,36,16,133,0,34,34,167
10/12/2010,JAN,MS,ASO,CE,Combined TRACON& Tower with Radar,29,54,25,31,139,0,1,4,0,5,29,55,29,31,144,6,64,70,214
10/13/2010,JAN,MS,ASO,CE,Combined TRACON& Tower with Radar,29,51,24,35,139,0,0,6,0,6,29,51,30,35,145,0,82,82,227
10/14/2010,JAN,MS,ASO,CE,Combined TRACON& Tower with Radar,27,51,26,34,138,0,0,9,2,11,27,51,35,36,149,2,38,40,189
10/15/2010,JAN,MS,ASO,CE,Combined TRACON& Tower with Radar,27,56,18,6,107,0,0,7,0,7,27,56,25,6,114,4,6,10,124
10/16/2010,JAN,MS,ASO,CE,Combined TRACON& Tower with Radar,19,35,5,1,60,0,0,9,0,9,19,35,14,1,69,2,0,2,71
10/17/2010,JAN,MS,ASO,CE,Combined TRACON& Tower with Radar,22,47,15,7,91,0,1,13,0,14,22,48,28,7,105,0,4,4,109
10/18/2010,JAN,MS,ASO,CE,Combined TRACON& Tower with Radar,28,54,26,4,112,0,1,8,2,11,28,55,34,6,123,0,0,0,123
10/19/2010,JAN,MS,ASO,CE,Combined TRACON& Tower with Radar,29,53,22,18,122,0,1,5,4,10,29,54,27,22,132,0,0,0,132
10/20/2010,JAN,MS,ASO,CE,Combined TRACON& Tower with Radar,29,49,28,36,142,0,0,6,4,10,29,49,34,40,152,0,36,36,188
10/21/2010,JAN,MS,ASO,CE,Combined TRACON& Tower with Radar,29,53,40,25,147,0,0,5,3,8,29,53,45,28,155,0,46,46,201
10/22/2010,JAN,MS,ASO,CE,Combined TRACON& Tower with Radar,28,69,26,20,143,0,2,8,1,11,28,71,34,21,154,6,154,160,314
10/23/2010,JAN,MS,ASO,CE,Combined TRACON& Tower with Radar,19,33,16,2,70,0,0,2,0,2,19,33,18,2,72,0,0,0,72
10/24/2010,JAN,MS,ASO,CE,Combined TRACON& Tower with Radar,23,48,22,2,95,0,0,0,0,0,23,48,22,2,95,0,0,0,95
10/25/2010,JAN,MS,ASO,CE,Combined TRACON& Tower with Radar,28,51,26,19,124,0,1,0,2,3,28,52,26,21,127,0,56,56,183
10/26/2010,JAN,MS,ASO,CE,Combined TRACON& Tower with Radar,29,47,19,6,101,0,0,1,0,1,29,47,20,6,102,0,4,4,106
10/27/2010,JAN,MS,ASO,CE,Combined TRACON& Tower with Radar,26,51,24,5,106,0,0,1,0,1,26,51,25,5,107,0,10,10,117
10/28/2010,JAN,MS,ASO,CE,Combined TRACON& Tower with Radar,28,56,28,17,129,0,0,3,0,3,28,56,31,17,132,2,40,42,174
10/29/2010,JAN,MS,ASO,CE,Combined TRACON& Tower with Radar,28,54,21,25,128,0,0,1,1,2,28,54,22,26,130,0,38,38,168
10/30/2010,JAN,MS,ASO,CE,Combined TRACON& Tower with Radar,19,35,8,0,62,0,3,10,0,13,19,38,18,0,75,0,0,0,75
10/31/2010,JAN,MS,ASO,CE,Combined TRACON& Tower with Radar,20,47,13,4,84,0,0,7,0,7,20,47,20,4,91,12,2,14,105
11/01/2010,JAN,MS,ASO,CE,Combined TRACON& Tower with Radar,25,56,19,7,107,0,0,3,1,4,25,56,22,8,111,0,0,0,111
11/02/2010,JAN,MS,ASO,CE,Combined TRACON& Tower with Radar,25,52,14,1,92,0,0,0,0,0,25,52,14,1,92,0,0,0,92
11/03/2010,JAN,MS,ASO,CE,Combined TRACON& Tower with Radar,25,62,31,15,133,0,0,6,0,6,25,62,37,15,139,2,30,32,171
11/04/2010,JAN,MS,ASO,CE,Combined TRACON& Tower with Radar,31,59,28,33,151,0,0,4,2,6,31,59,32,35,157,24,54,78,235
11/05/2010,JAN,MS,ASO,CE,Combined TRACON& Tower with Radar,24,58,19,39,140,0,1,4,1,6,24,59,23,40,146,0,60,60,206
11/06/2010,JAN,MS,ASO,CE,Combined TRACON& Tower with Radar,17,37,9,7,70,0,0,9,0,9,17,37,18,7,79,2,2,4,83
11/07/2010,JAN,MS,ASO,CE,Combined TRACON& Tower with Radar,21,50,12,18,101,0,1,2,0,3,21,51,14,18,104,0,2,2,106
11/08/2010,JAN,MS,ASO,CE,Combined TRACON& Tower with Radar,23,57,18,17,115,0,1,10,2,13,23,58,28,19,128,0,40,40,168
11/09/2010,JAN,MS,ASO,CE,Combined TRACON& Tower with Radar,23,56,16,22,117,0,1,8,3,12,23,57,24,25,129,0,34,34,163
11/10/2010,JAN,MS,ASO,CE,Combined TRACON& Tower with Radar,23,55,16,42,136,0,2,5,5,12,23,57,21,47,148,1,104,105,253
11/11/2010,JAN,MS,ASO,CE,Combined TRACON& Tower with Radar,23,62,28,8,121,0,2,14,3,19,23,64,42,11,140,1,30,31,171
11/12/2010,JAN,MS,ASO,CE,Combined TRACON& Tower with Radar,24,55,17,23,119,0,2,5,1,8,24,57,22,24,127,8,46,54,181
11/13/2010,JAN,MS,ASO,CE,Combined TRACON& Tower with Radar,23,36,7,0,66,0,1,4,0,5,23,37,11,0,71,8,0,8,79
11/14/2010,JAN,MS,ASO,CE,Combined TRACON& Tower with Radar,21,50,10,4,85,0,0,0,0,0,21,50,10,4,85,2,0,2,87
11/15/2010,JAN,MS,ASO,CE,Combined TRACON& Tower with Radar,23,63,32,5,123,0,0,2,0,2,23,63,34,5,125,0,20,20,145
11/16/2010,JAN,MS,ASO,CE,Combined TRACON& Tower with Radar,23,64,55,23,165,0,0,3,0,3,23,64,58,23,168,0,18,18,186
11/17/2010,JAN,MS,ASO,CE,Combined TRACON& Tower with Radar,19,69,19,38,145,0,1,9,4,14,19,70,28,42,159,0,142,142,301
11/18/2010,JAN,MS,ASO,CE,Combined TRACON& Tower with Radar,23,57,43,22,145,0,0,6,0,6,23,57,49,22,151,0,30,30,181
11/19/2010,JAN,MS,ASO,CE,Combined TRACON& Tower with Radar,28,70,29,42,169,0,0,2,2,4,28,70,31,44,173,2,54,56,229
11/20/2010,JAN,MS,ASO,CE,Combined TRACON& Tower with Radar,20,37,21,4,82,0,0,5,0,5,20,37,26,4,87,0,4,4,91
11/21/2010,JAN,MS,ASO,CE,Combined TRACON& Tower with Radar,21,47,19,2,89,0,0,5,3,8,21,47,24,5,97,8,0,8,105
11/22/2010,JAN,MS,ASO,CE,Combined TRACON& Tower with Radar,22,51,23,9,105,0,0,2,0,2,22,51,25,9,107,2,2,4,111
11/23/2010,JAN,MS,ASO,CE,Combined TRACON& Tower with Radar,30,54,13,27,124,0,0,3,0,3,30,54,16,27,127,0,30,30,157
11/24/2010,JAN,MS,ASO,CE,Combined TRACON& Tower with Radar,26,57,14,17,114,0,0,1,0,1,26,57,15,17,115,0,32,32,147
11/25/2010,JAN,MS,ASO,CE,Combined TRACON& Tower with Radar,13,41,3,0,57,0,0,0,0,0,13,41,3,0,57,3,0,3,60
11/26/2010,JAN,MS,ASO,CE,Combined TRACON& Tower with Radar,20,42,5,2,69,0,0,2,0,2,20,42,7,2,71,1,0,1,72
11/27/2010,JAN,MS,ASO,CE,Combined TRACON& Tower with Radar,22,47,17,0,86,0,0,6,0,6,22,47,23,0,92,2,0,2,94
11/28/2010,JAN,MS,ASO,CE,Combined TRACON& Tower with Radar,26,53,21,1,101,0,0,5,0,5,26,53,26,1,106,0,6,6,112
11/29/2010,JAN,MS,ASO,CE,Combined TRACON& Tower with Radar,29,49,19,22,119,0,0,1,0,1,29,49,20,22,120,0,18,18,138
11/30/2010,JAN,MS,ASO,CE,Combined TRACON& Tower with Radar,25,58,30,68,181,0,0,1,0,1,25,58,31,68,182,0,98,98,280
12/01/2010,JAN,MS,ASO,CE,Combined TRACON& Tower with Radar,23,54,23,44,144,0,0,9,5,14,23,54,32,49,158,0,109,109,267
12/02/2010,JAN,MS,ASO,CE,Combined TRACON& Tower with Radar,29,57,20,24,130,0,1,17,3,21,29,58,37,27,151,6,48,54,205
12/03/2010,JAN,MS,ASO,CE,Combined TRACON& Tower with Radar,21,65,22,18,126,0,0,14,2,16,21,65,36,20,142,4,76,80,222
12/04/2010,JAN,MS,ASO,CE,Combined TRACON& Tower with Radar,17,41,13,6,77,0,0,3,0,3,17,41,16,6,80,0,2,2,82
12/05/2010,JAN,MS,ASO,CE,Combined TRACON& Tower with Radar,18,50,11,8,87,0,1,10,2,13,18,51,21,10,100,10,4,14,114
12/06/2010,JAN,MS,ASO,CE,Combined TRACON& Tower with Radar,35,59,20,25,139,0,0,6,0,6,35,59,26,25,145,0,118,118,263
12/07/2010,JAN,MS,ASO,CE,Combined TRACON& Tower with Radar,26,61,20,47,154,0,0,10,3,13,26,61,30,50,167,3,122,125,292
12/08/2010,JAN,MS,ASO,CE,Combined TRACON& Tower with Radar,25,57,29,25,136,0,1,3,2,6,25,58,32,27,142,0,48,48,190
12/09/2010,JAN,MS,ASO,CE,Combined TRACON& Tower with Radar,25,60,26,9,120,0,1,5,1,7,25,61,31,10,127,12,22,34,161
12/10/2010,JAN,MS,ASO,CE,Combined TRACON& Tower with Radar,22,61,11,24,118,0,0,10,0,10,22,61,21,24,128,9,44,53,181
12/11/2010,JAN,MS,ASO,CE,Combined TRACON& Tower with Radar,16,39,4,1,60,0,0,2,0,2,16,39,6,1,62,0,0,0,62
12/12/2010,JAN,MS,ASO,CE,Combined TRACON& Tower with Radar,22,44,12,1,79,0,0,3,0,3,22,44,15,1,82,0,0,0,82
12/13/2010,JAN,MS,ASO,CE,Combined TRACON& Tower with Radar,25,56,33,30,144,0,0,0,0,0,25,56,33,30,144,0,44,44,188
12/14/2010,JAN,MS,ASO,CE,Combined TRACON& Tower with Radar,25,51,24,17,117,0,0,11,0,11,25,51,35,17,128,6,96,102,230
12/15/2010,JAN,MS,ASO,CE,Combined TRACON& Tower with Radar,24,50,27,34,135,0,2,2,0,4,24,52,29,34,139,1,82,83,222
12/16/2010,JAN,MS,ASO,CE,Combined TRACON& Tower with Radar,24,58,25,26,133,0,1,4,0,5,24,59,29,26,138,0,34,34,172
12/17/2010,JAN,MS,ASO,CE,Combined TRACON& Tower with Radar,26,57,33,24,140,0,2,4,0,6,26,59,37,24,146,2,54,56,202
12/18/2010,JAN,MS,ASO,CE,Combined TRACON& Tower with Radar,17,48,11,5,81,0,0,5,0,5,17,48,16,5,86,0,0,0,86
12/19/2010,JAN,MS,ASO,CE,Combined TRACON& Tower with Radar,20,51,8,3,82,0,0,6,0,6,20,51,14,3,88,14,6,20,108
12/20/2010,JAN,MS,ASO,CE,Combined TRACON& Tower with Radar,18,63,12,28,121,0,2,12,0,14,18,65,24,28,135,30,116,146,281
12/21/2010,JAN,MS,ASO,CE,Combined TRACON& Tower with Radar,21,58,22,22,123,0,0,1,0,1,21,58,23,22,124,0,16,16,140
12/22/2010,JAN,MS,ASO,CE,Combined TRACON& Tower with Radar,24,55,25,11,115,0,0,2,0,2,24,55,27,11,117,5,12,17,134
12/23/2010,JAN,MS,ASO,CE,Combined TRACON& Tower with Radar,30,54,19,0,103,0,0,5,0,5,30,54,24,0,108,8,0,8,116
12/24/2010,JAN,MS,ASO,CE,Combined TRACON& Tower with Radar,15,45,4,1,65,0,0,3,0,3,15,45,7,1,68,0,0,0,68
12/25/2010,JAN,MS,ASO,CE,Combined TRACON& Tower with Radar,16,30,4,1,51,0,0,0,0,0,16,30,4,1,51,0,0,0,51
12/26/2010,JAN,MS,ASO,CE,Combined TRACON& Tower with Radar,16,49,25,0,90,0,0,2,0,2,16,49,27,0,92,0,0,0,92
12/27/2010,JAN,MS,ASO,CE,Combined TRACON& Tower with Radar,25,52,13,2,92,0,0,4,0,4,25,52,17,2,96,0,0,0,96
12/28/2010,JAN,MS,ASO,CE,Combined TRACON& Tower with Radar,23,52,17,13,105,0,0,7,0,7,23,52,24,13,112,0,24,24,136
12/29/2010,JAN,MS,ASO,CE,Combined TRACON& Tower with Radar,22,49,9,18,98,0,0,4,0,4,22,49,13,18,102,14,24,38,140
12/30/2010,JAN,MS,ASO,CE,Combined TRACON& Tower with Radar,22,52,8,1,83,0,0,0,0,0,22,52,8,1,83,2,0,2,85
12/31/2010,JAN,MS,ASO,CE,Combined TRACON& Tower with Radar,14,40,8,1,63,0,0,0,0,0,14,40,8,1,63,0,0,0,63
01/01/2011,JAN,MS,ASO,CE,Combined TRACON& Tower with Radar,16,36,14,1,67,0,0,4,0,4,16,36,18,1,71,0,0,0,71
01/02/2011,JAN,MS,ASO,CE,Combined TRACON& Tower with Radar,21,53,24,1,99,0,0,6,0,6,21,53,30,1,105,2,0,2,107
01/03/2011,JAN,MS,ASO,CE,Combined TRACON& Tower with Radar,21,51,25,1,98,0,0,5,0,5,21,51,30,1,103,0,0,0,103
01/04/2011,JAN,MS,ASO,CE,Combined TRACON& Tower with Radar,29,49,12,26,116,0,0,3,0,3,29,49,15,26,119,0,34,34,153
01/05/2011,JAN,MS,ASO,CE,Combined TRACON& Tower with Radar,25,53,27,29,134,0,0,0,0,0,25,53,27,29,134,2,40,42,176
01/06/2011,JAN,MS,ASO,CE,Combined TRACON& Tower with Radar,29,46,21,16,112,0,1,9,0,10,29,47,30,16,122,4,22,26,148
01/07/2011,JAN,MS,ASO,CE,Combined TRACON& Tower with Radar,29,47,19,43,138,0,0,6,1,7,29,47,25,44,145,0,68,68,213
01/08/2011,JAN,MS,ASO,CE,Combined TRACON& Tower with Radar,22,40,3,13,78,0,0,12,0,12,22,40,15,13,90,8,12,20,110
01/09/2011,JAN,MS,ASO,CE,Combined TRACON& Tower with Radar,12,33,3,2,50,0,0,0,0,0,12,33,3,2,50,0,0,0,50
01/10/2011,JAN,MS,ASO,CE,Combined TRACON& Tower with Radar,13,31,12,4,60,0,0,0,0,0,13,31,12,4,60,0,0,0,60
01/11/2011,JAN,MS,ASO,CE,Combined TRACON& Tower with Radar,24,45,20,45,134,0,0,1,1,2,24,45,21,46,136,2,96,98,234
01/12/2011,JAN,MS,ASO,CE,Combined TRACON& Tower with Radar,21,48,42,57,168,0,1,4,1,6,21,49,46,58,174,14,138,152,326
01/13/2011,JAN,MS,ASO,CE,Combined TRACON& Tower with Radar,24,49,24,40,137,0,1,11,2,14,24,50,35,42,151,2,70,72,223
01/14/2011,JAN,MS,ASO,CE,Combined TRACON& Tower with Radar,28,47,29,26,130,0,0,1,0,1,28,47,30,26,131,1,60,61,192
01/15/2011,JAN,MS,ASO,CE,Combined TRACON& Tower with Radar,20,35,8,1,64,0,0,7,0,7,20,35,15,1,71,0,0,0,71
01/16/2011,JAN,MS,ASO,CE,Combined TRACON& Tower with Radar,23,44,11,2,80,0,0,0,0,0,23,44,11,2,80,0,8,8,88
01/17/2011,JAN,MS,ASO,CE,Combined TRACON& Tower with Radar,26,48,10,1,85,0,0,4,0,4,26,48,14,1,89,4,0,4,93
01/18/2011,JAN,MS,ASO,CE,Combined TRACON& Tower with Radar,25,47,18,33,123,0,0,0,0,0,25,47,18,33,123,0,70,70,193
01/19/2011,JAN,MS,ASO,CE,Combined TRACON& Tower with Radar,24,54,37,34,149,0,0,5,0,5,24,54,42,34,154,1,46,47,201
01/20/2011,JAN,MS,ASO,CE,Combined TRACON& Tower with Radar,24,56,35,25,140,0,0,7,0,7,24,56,42,25,147,2,26,28,175
01/21/2011,JAN,MS,ASO,CE,Combined TRACON& Tower with Radar,26,51,36,54,167,0,2,7,3,12,26,53,43,57,179,20,88,108,287
01/22/2011,JAN,MS,ASO,CE,Combined TRACON& Tower with Radar,20,35,8,1,64,0,0,7,0,7,20,35,15,1,71,0,0,0,71
01/23/2011,JAN,MS,ASO,CE,Combined TRACON& Tower with Radar,23,44,11,2,80,0,0,0,0,0,23,44,11,2,80,2,10,12,92
01/24/2011,JAN,MS,ASO,CE,Combined TRACON& Tower with Radar,26,48,10,1,85,0,0,4,0,4,26,48,14,1,89,4,2,6,95
01/25/2011,JAN,MS,ASO,CE,Combined TRACON& Tower with Radar,24,50,27,25,126,0,0,0,0,0,24,50,27,25,126,0,0,0,126
01/26/2011,JAN,MS,ASO,CE,Combined TRACON& Tower with Radar,26,58,28,30,142,0,5,10,1,16,26,63,38,31,158,0,109,109,267
01/27/2011,JAN,MS,ASO,CE,Combined TRACON& Tower with Radar,25,52,31,34,142,0,0,9,2,11,25,52,40,36,153,18,34,52,205
01/28/2011,JAN,MS,ASO,CE,Combined TRACON& Tower with Radar,29,59,27,22,137,0,4,10,0,14,29,63,37,22,151,0,72,72,223
01/29/2011,JAN,MS,ASO,CE,Combined TRACON& Tower with Radar,18,37,2,13,70,0,1,6,2,9,18,38,8,15,79,0,10,10,89
01/30/2011,JAN,MS,ASO,CE,Combined TRACON& Tower with Radar,23,49,6,3,81,0,0,0,0,0,23,49,6,3,81,0,0,0,81
01/31/2011,JAN,MS,ASO,CE,Combined TRACON& Tower with Radar,26,57,22,36,141,0,0,1,0,1,26,57,23,36,142,0,76,76,218
02/01/2011,JAN,MS,ASO,CE,Combined TRACON& Tower with Radar,24,33,17,1,75,0,0,0,0,0,24,33,17,1,75,0,0,0,75
02/02/2011,JAN,MS,ASO,CE,Combined TRACON& Tower with Radar,21,46,25,58,150,0,2,1,1,4,21,48,26,59,154,10,142,152,306
02/03/2011,JAN,MS,ASO,CE,Combined TRACON& Tower with Radar,23,29,14,6,72,0,2,1,0,3,23,31,15,6,75,0,0,0,75
02/04/2011,JAN,MS,ASO,CE,Combined TRACON& Tower with Radar,20,22,10,22,74,0,0,0,0,0,20,22,10,22,74,0,34,34,108
02/05/2011,JAN,MS,ASO,CE,Combined TRACON& Tower with Radar,19,31,10,9,69,0,0,4,5,9,19,31,14,14,78,6,6,12,90
02/06/2011,JAN,MS,ASO,CE,Combined TRACON& Tower with Radar,19,48,7,33,107,0,0,1,3,4,19,48,8,36,111,0,48,48,159
02/07/2011,JAN,MS,ASO,CE,Combined TRACON& Tower with Radar,27,48,20,15,110,0,0,1,0,1,27,48,21,15,111,0,38,38,149
02/08/2011,JAN,MS,ASO,CE,Combined TRACON& Tower with Radar,26,51,24,55,156,0,0,8,1,9,26,51,32,56,165,0,180,180,345
02/09/2011,JAN,MS,ASO,CE,Combined TRACON& Tower with Radar,23,41,24,31,119,0,0,3,0,3,23,41,27,31,122,0,80,80,202
02/10/2011,JAN,MS,ASO,CE,Combined TRACON& Tower with Radar,25,54,26,14,119,0,0,0,0,0,25,54,26,14,119,0,38,38,157
02/11/2011,JAN,MS,ASO,CE,Combined TRACON& Tower with Radar,26,47,33,46,152,0,0,11,0,11,26,47,44,46,163,18,72,90,253
02/12/2011,JAN,MS,ASO,CE,Combined TRACON& Tower with Radar,17,43,9,11,80,0,0,3,0,3,17,43,12,11,83,0,40,40,123
02/13/2011,JAN,MS,ASO,CE,Combined TRACON& Tower with Radar,22,45,15,19,101,0,0,3,2,5,22,45,18,21,106,6,72,78,184
02/14/2011,JAN,MS,ASO,CE,Combined TRACON& Tower with Radar,27,63,18,45,153,0,0,11,2,13,27,63,29,47,166,0,198,198,364
02/15/2011,JAN,MS,ASO,CE,Combined TRACON& Tower with Radar,26,48,25,39,138,0,1,5,3,9,26,49,30,42,147,4,92,96,243
02/16/2011,JAN,MS,ASO,CE,Combined TRACON& Tower with Radar,23,49,26,57,155,0,0,3,2,5,23,49,29,59,160,0,116,116,276
02/17/2011,JAN,MS,ASO,CE,Combined TRACON& Tower with Radar,24,60,36,23,143,0,0,9,0,9,24,60,45,23,152,0,28,28,180
02/18/2011,JAN,MS,ASO,CE,Combined TRACON& Tower with Radar,28,71,31,31,161,0,0,2,0,2,28,71,33,31,163,2,64,66,229
02/19/2011,JAN,MS,ASO,CE,Combined TRACON& Tower with Radar,17,53,23,2,95,0,0,1,0,1,17,53,24,2,96,0,72,72,168
02/20/2011,JAN,MS,ASO,CE,Combined TRACON& Tower with Radar,17,46,8,4,75,0,0,3,0,3,17,46,11,4,78,0,0,0,78
02/21/2011,JAN,MS,ASO,CE,Combined TRACON& Tower with Radar,25,42,23,3,93,0,0,5,1,6,25,42,28,4,99,6,0,6,105
02/22/2011,JAN,MS,ASO,CE,Combined TRACON& Tower with Radar,29,79,26,30,164,0,0,2,1,3,29,79,28,31,167,8,128,136,303
02/23/2011,JAN,MS,ASO,CE,Combined TRACON& Tower with Radar,25,47,33,22,127,0,1,8,0,9,25,48,41,22,136,0,22,22,158
02/24/2011,JAN,MS,ASO,CE,Combined TRACON& Tower with Radar,24,55,25,40,144,0,2,3,0,5,24,57,28,40,149,0,130,130,279
02/25/2011,JAN,MS,ASO,CE,Combined TRACON& Tower with Radar,26,67,24,53,170,0,0,1,1,2,26,67,25,54,172,0,134,134,306
02/26/2011,JAN,MS,ASO,CE,Combined TRACON& Tower with Radar,17,40,16,1,74,0,0,8,0,8,17,40,24,1,82,20,0,20,102
02/27/2011,JAN,MS,ASO,CE,Combined TRACON& Tower with Radar,24,46,16,3,89,0,0,0,0,0,24,46,16,3,89,0,0,0,89
02/28/2011,JAN,MS,ASO,CE,Combined TRACON& Tower with Radar,25,49,20,61,155,0,0,0,0,0,25,49,20,61,155,0,100,100,255
03/01/2011,JAN,MS,ASO,CE,Combined TRACON& Tower with Radar,29,47,14,2,92,0,0,3,3,6,29,47,17,5,98,2,2,4,102
03/02/2011,JAN,MS,ASO,CE,Combined TRACON& Tower with Radar,21,47,35,22,125,0,0,7,3,10,21,47,42,25,135,0,38,38,173
03/03/2011,JAN,MS,ASO,CE,Combined TRACON& Tower with Radar,21,62,31,39,153,0,2,6,3,11,21,64,37,42,164,0,114,114,278
03/04/2011,JAN,MS,ASO,CE,Combined TRACON& Tower with Radar,21,59,16,25,121,0,0,1,0,1,21,59,17,25,122,0,32,32,154
03/05/2011,JAN,MS,ASO,CE,Combined TRACON& Tower with Radar,25,40,4,0,69,0,0,0,0,0,25,40,4,0,69,0,0,0,69
03/06/2011,JAN,MS,ASO,CE,Combined TRACON& Tower with Radar,23,41,18,5,87,0,0,1,0,1,23,41,19,5,88,8,0,8,96
03/07/2011,JAN,MS,ASO,CE,Combined TRACON& Tower with Radar,23,49,25,27,124,0,2,10,1,13,23,51,35,28,137,0,172,172,309
03/08/2011,JAN,MS,ASO,CE,Combined TRACON& Tower with Radar,18,47,19,13,97,0,0,0,0,0,18,47,19,13,97,4,10,14,111
03/09/2011,JAN,MS,ASO,CE,Combined TRACON& Tower with Radar,23,49,25,77,174,0,2,4,0,6,23,51,29,77,180,2,92,94,274
03/10/2011,JAN,MS,ASO,CE,Combined TRACON& Tower with Radar,22,47,13,20,102,0,1,7,2,10,22,48,20,22,112,0,30,30,142
03/11/2011,JAN,MS,ASO,CE,Combined TRACON& Tower with Radar,22,69,21,35,147,0,1,8,7,16,22,70,29,42,163,2,100,102,265
03/12/2011,JAN,MS,ASO,CE,Combined TRACON& Tower with Radar,21,43,16,4,84,0,1,3,0,4,21,44,19,4,88,2,0,2,90
03/13/2011,JAN,MS,ASO,CE,Combined TRACON& Tower with Radar,23,41,7,10,81,0,1,4,0,5,23,42,11,10,86,2,8,10,96
03/14/2011,JAN,MS,ASO,CE,Combined TRACON& Tower with Radar,27,48,17,8,100,0,1,0,0,1,27,49,17,8,101,0,2,2,103
03/15/2011,JAN,MS,ASO,CE,Combined TRACON& Tower with Radar,26,55,21,19,121,0,0,7,2,9,26,55,28,21,130,4,36,40,170
03/16/2011,JAN,MS,ASO,CE,Combined TRACON& Tower with Radar,27,55,30,52,164,0,5,7,0,12,27,60,37,52,176,0,172,172,348
03/17/2011,JAN,MS,ASO,CE,Combined TRACON& Tower with Radar,27,54,28,21,130,0,1,7,1,9,27,55,35,22,139,4,100,104,243
03/18/2011,JAN,MS,ASO,CE,Combined TRACON& Tower with Radar,26,56,28,24,134,0,1,7,0,8,26,57,35,24,142,6,96,102,244
03/19/2011,JAN,MS,ASO,CE,Combined TRACON& Tower with Radar,20,37,11,0,68,0,2,2,0,4,20,39,13,0,72,0,0,0,72
03/20/2011,JAN,MS,ASO,CE,Combined TRACON& Tower with Radar,24,46,13,3,86,0,0,8,0,8,24,46,21,3,94,4,2,6,100
03/21/2011,JAN,MS,ASO,CE,Combined TRACON& Tower with Radar,27,65,24,9,125,0,1,4,0,5,27,66,28,9,130,8,32,40,170
03/22/2011,JAN,MS,ASO,CE,Combined TRACON& Tower with Radar,27,52,18,28,125,0,0,8,2,10,27,52,26,30,135,0,50,50,185
03/23/2011,JAN,MS,ASO,CE,Combined TRACON& Tower with Radar,28,48,34,34,144,0,3,4,2,9,28,51,38,36,153,4,50,54,207
03/24/2011,JAN,MS,ASO,CE,Combined TRACON& Tower with Radar,29,89,47,35,200,0,0,12,3,15,29,89,59,38,215,6,182,188,403
03/25/2011,JAN,MS,ASO,CE,Combined TRACON& Tower with Radar,26,77,21,24,148,0,1,9,7,17,26,78,30,31,165,0,184,184,349
03/26/2011,JAN,MS,ASO,CE,Combined TRACON& Tower with Radar,20,40,17,7,84,0,0,0,1,1,20,40,17,8,85,4,4,8,93
03/27/2011,JAN,MS,ASO,CE,Combined TRACON& Tower with Radar,22,40,7,4,73,0,0,1,0,1,22,40,8,4,74,0,2,2,76
03/28/2011,JAN,MS,ASO,CE,Combined TRACON& Tower with Radar,27,71,34,34,166,0,0,2,0,2,27,71,36,34,168,2,67,69,237
03/29/2011,JAN,MS,ASO,CE,Combined TRACON& Tower with Radar,30,60,24,29,143,0,0,0,0,0,30,60,24,29,143,1,58,59,202
03/30/2011,JAN,MS,ASO,CE,Combined TRACON& Tower with Radar,25,54,39,29,147,0,0,0,0,0,25,54,39,29,147,0,22,22,169
03/31/2011,JAN,MS,ASO,CE,Combined TRACON& Tower with Radar,26,54,24,41,145,0,1,0,3,4,26,55,24,44,149,0,76,76,225
04/01/2011,JAN,MS,ASO,CE,Combined TRACON& Tower with Radar,32,42,33,20,127,0,5,4,0,9,32,47,37,20,136,1,72,73,209
04/02/2011,JAN,MS,ASO,CE,Combined TRACON& Tower with Radar,22,41,16,9,88,0,3,2,3,8,22,44,18,12,96,2,16,18,114
04/03/2011,JAN,MS,ASO,CE,Combined TRACON& Tower with Radar,23,41,13,10,87,0,0,4,0,4,23,41,17,10,91,0,4,4,95
04/04/2011,JAN,MS,ASO,CE,Combined TRACON& Tower with Radar,25,51,11,1,88,0,0,0,0,0,25,51,11,1,88,0,0,0,88
04/05/2011,JAN,MS,ASO,CE,Combined TRACON& Tower with Radar,28,44,15,70,157,0,0,4,4,8,28,44,19,74,165,2,102,104,269
04/06/2011,JAN,MS,ASO,CE,Combined TRACON& Tower with Radar,28,55,22,41,146,0,2,12,0,14,28,57,34,41,160,0,108,108,268
04/07/2011,JAN,MS,ASO,CE,Combined TRACON& Tower with Radar,27,58,29,50,164,0,4,10,1,15,27,62,39,51,179,12,100,112,291
04/08/2011,JAN,MS,ASO,CE,Combined TRACON& Tower with Radar,28,58,8,22,116,0,2,9,0,11,28,60,17,22,127,13,68,81,208
04/09/2011,JAN,MS,ASO,CE,Combined TRACON& Tower with Radar,20,35,11,0,66,0,0,6,1,7,20,35,17,1,73,6,0,6,79
04/10/2011,JAN,MS,ASO,CE,Combined TRACON& Tower with Radar,23,41,15,12,91,0,0,4,3,7,23,41,19,15,98,0,18,18,116
04/11/2011,JAN,MS,ASO,CE,Combined TRACON& Tower with Radar,31,51,25,9,116,0,0,0,1,1,31,51,25,10,117,0,18,18,135
04/12/2011,JAN,MS,ASO,CE,Combined TRACON& Tower with Radar,32,44,25,39,140,0,0,11,0,11,32,44,36,39,151,4,100,104,255
04/13/2011,JAN,MS,ASO,CE,Combined TRACON& Tower with Radar,30,41,35,51,157,0,1,2,0,3,30,42,37,51,160,3,86,89,249
04/14/2011,JAN,MS,ASO,CE,Combined TRACON& Tower with Radar,28,51,36,21,136,0,2,4,1,7,28,53,40,22,143,0,34,34,177
04/15/2011,JAN,MS,ASO,CE,Combined TRACON& Tower with Radar,33,43,24,1,101,0,0,5,0,5,33,43,29,1,106,1,0,1,107
04/16/2011,JAN,MS,ASO,CE,Combined TRACON& Tower with Radar,23,37,17,2,79,0,0,7,3,10,23,37,24,5,89,4,0,4,93
04/17/2011,JAN,MS,ASO,CE,Combined TRACON& Tower with Radar,22,42,19,3,86,0,0,8,0,8,22,42,27,3,94,2,0,2,96
04/18/2011,JAN,MS,ASO,CE,Combined TRACON& Tower with Radar,32,50,32,51,165,0,0,4,0,4,32,50,36,51,169,0,134,134,303
04/19/2011,JAN,MS,ASO,CE,Combined TRACON& Tower with Radar,31,50,41,34,156,0,1,4,3,8,31,51,45,37,164,10,76,86,250
04/20/2011,JAN,MS,ASO,CE,Combined TRACON& Tower with Radar,34,47,21,12,114,0,0,5,0,5,34,47,26,12,119,0,0,0,119
04/21/2011,JAN,MS,ASO,CE,Combined TRACON& Tower with Radar,33,44,38,12,127,0,0,5,0,5,33,44,43,12,132,0,0,0,132
04/22/2011,JAN,MS,ASO,CE,Combined TRACON& Tower with Radar,34,51,11,22,118,0,0,4,1,5,34,51,15,23,123,26,38,64,187
04/23/2011,JAN,MS,ASO,CE,Combined TRACON& Tower with Radar,25,27,3,8,63,0,0,7,0,7,25,27,10,8,70,0,6,6,76
04/24/2011,JAN,MS,ASO,CE,Combined TRACON& Tower with Radar,25,32,8,2,67,0,0,3,0,3,25,32,11,2,70,0,0,0,70
04/25/2011,JAN,MS,ASO,CE,Combined TRACON& Tower with Radar,31,38,32,16,117,0,2,6,2,10,31,40,38,18,127,4,98,102,229
04/26/2011,JAN,MS,ASO,CE,Combined TRACON& Tower with Radar,33,47,12,22,114,0,3,4,0,7,33,50,16,22,121,0,40,40,161
04/27/2011,JAN,MS,ASO,CE,Combined TRACON& Tower with Radar,23,43,30,9,105,0,0,7,3,10,23,43,37,12,115,0,0,0,115
04/28/2011,JAN,MS,ASO,CE,Combined TRACON& Tower with Radar,30,52,27,27,136,0,0,10,6,16,30,52,37,33,152,0,86,86,238
04/29/2011,JAN,MS,ASO,CE,Combined TRACON& Tower with Radar,36,43,27,25,131,0,1,9,4,14,36,44,36,29,145,0,42,42,187
04/30/2011,JAN,MS,ASO,CE,Combined TRACON& Tower with Radar,21,28,9,0,58,0,0,1,0,1,21,28,10,0,59,0,0,0,59
05/01/2011,JAN,MS,ASO,CE,Combined TRACON& Tower with Radar,27,50,12,7,96,0,0,5,0,5,27,50,17,7,101,0,10,10,111
05/02/2011,JAN,MS,ASO,CE,Combined TRACON& Tower with Radar,31,43,13,7,94,0,0,2,2,4,31,43,15,9,98,2,20,22,120
05/03/2011,JAN,MS,ASO,CE,Combined TRACON& Tower with Radar,35,48,29,26,138,0,0,2,0,2,35,48,31,26,140,2,61,63,203
05/04/2011,JAN,MS,ASO,CE,Combined TRACON& Tower with Radar,35,47,26,42,150,0,0,9,0,9,35,47,35,42,159,8,65,73,232
05/05/2011,JAN,MS,ASO,CE,Combined TRACON& Tower with Radar,36,43,23,20,122,0,0,8,4,12,36,43,31,24,134,0,20,20,154
05/06/2011,JAN,MS,ASO,CE,Combined TRACON& Tower with Radar,35,42,28,33,138,0,1,9,3,13,35,43,37,36,151,2,66,68,219
05/07/2011,JAN,MS,ASO,CE,Combined TRACON& Tower with Radar,24,40,10,1,75,0,0,11,4,15,24,40,21,5,90,0,10,10,100
05/08/2011,JAN,MS,ASO,CE,Combined TRACON& Tower with Radar,29,47,10,8,94,0,1,3,1,5,29,48,13,9,99,0,29,29,128
05/09/2011,JAN,MS,ASO,CE,Combined TRACON& Tower with Radar,32,43,30,18,123,0,2,7,1,10,32,45,37,19,133,8,48,56,189
05/10/2011,JAN,MS,ASO,CE,Combined TRACON& Tower with Radar,36,52,36,45,169,0,0,13,2,15,36,52,49,47,184,0,74,74,258
05/11/2011,JAN,MS,ASO,CE,Combined TRACON& Tower with Radar,34,33,30,39,136,0,1,8,2,11,34,34,38,41,147,0,60,60,207
05/12/2011,JAN,MS,ASO,CE,Combined TRACON& Tower with Radar,31,52,31,10,124,0,0,9,0,9,31,52,40,10,133,2,52,54,187
05/13/2011,JAN,MS,ASO,CE,Combined TRACON& Tower with Radar,34,47,28,2,111,0,0,8,0,8,34,47,36,2,119,0,12,12,131
05/14/2011,JAN,MS,ASO,CE,Combined TRACON& Tower with Radar,21,44,17,5,87,0,0,6,0,6,21,44,23,5,93,8,52,60,153
05/15/2011,JAN,MS,ASO,CE,Combined TRACON& Tower with Radar,28,44,16,21,109,0,0,3,0,3,28,44,19,21,112,0,30,30,142
05/16/2011,JAN,MS,ASO,CE,Combined TRACON& Tower with Radar,33,41,32,30,136,0,2,1,2,5,33,43,33,32,141,0,96,96,237
05/17/2011,JAN,MS,ASO,CE,Combined TRACON& Tower with Radar,35,59,21,52,167,0,1,5,3,9,35,60,26,55,176,0,127,127,303
05/18/2011,JAN,MS,ASO,CE,Combined TRACON& Tower with Radar,35,36,31,19,121,0,3,8,1,12,35,39,39,20,133,8,48,56,189
05/19/2011,JAN,MS,ASO,CE,Combined TRACON& Tower with Radar,35,52,27,11,125,0,0,10,6,16,35,52,37,17,141,0,66,66,207
05/20/2011,JAN,MS,ASO,CE,Combined TRACON& Tower with Radar,33,39,29,22,123,0,0,5,0,5,33,39,34,22,128,0,52,52,180
05/21/2011,JAN,MS,ASO,CE,Combined TRACON& Tower with Radar,20,32,9,2,63,0,0,6,0,6,20,32,15,2,69,4,0,4,73
05/22/2011,JAN,MS,ASO,CE,Combined TRACON& Tower with Radar,44,38,9,3,94,0,0,4,1,5,44,38,13,4,99,14,4,18,117
05/23/2011,JAN,MS,ASO,CE,Combined TRACON& Tower with Radar,34,35,25,28,122,0,2,3,0,5,34,37,28,28,127,0,64,64,191
05/24/2011,JAN,MS,ASO,CE,Combined TRACON& Tower with Radar,34,50,33,59,176,0,0,6,4,10,34,50,39,63,186,0,106,106,292
05/25/2011,JAN,MS,ASO,CE,Combined TRACON& Tower with Radar,32,44,27,25,128,0,0,3,2,5,32,44,30,27,133,0,78,78,211
05/26/2011,JAN,MS,ASO,CE,Combined TRACON& Tower with Radar,34,44,24,44,146,0,0,7,3,10,34,44,31,47,156,4,118,122,278
05/27/2011,JAN,MS,ASO,CE,Combined TRACON& Tower with Radar,34,45,18,16,113,0,0,6,1,7,34,45,24,17,120,0,28,28,148
05/28/2011,JAN,MS,ASO,CE,Combined TRACON& Tower with Radar,21,33,6,1,61,0,1,7,0,8,21,34,13,1,69,0,0,0,69
05/29/2011,JAN,MS,ASO,CE,Combined TRACON& Tower with Radar,18,31,8,0,57,0,0,4,0,4,18,31,12,0,61,4,0,4,65
05/30/2011,JAN,MS,ASO,CE,Combined TRACON& Tower with Radar,33,37,14,3,87,0,0,3,0,3,33,37,17,3,90,2,0,2,92
05/31/2011,JAN,MS,ASO,CE,Combined TRACON& Tower with Radar,33,43,23,20,119,0,0,8,1,9,33,43,31,21,128,0,40,40,168
06/01/2011,JAN,MS,ASO,CE,Combined TRACON& Tower with Radar,40,40,19,34,133,0,5,2,0,7,40,45,21,34,140,22,80,102,242
06/02/2011,JAN,MS,ASO,CE,Combined TRACON& Tower with Radar,32,39,21,17,109,0,0,6,0,6,32,39,27,17,115,2,98,100,215
06/03/2011,JAN,MS,ASO,CE,Combined TRACON& Tower with Radar,36,42,7,16,101,0,0,0,0,0,36,42,7,16,101,0,46,46,147
06/04/2011,JAN,MS,ASO,CE,Combined TRACON& Tower with Radar,19,35,2,7,63,0,0,4,1,5,19,35,6,8,68,8,0,8,76
06/05/2011,JAN,MS,ASO,CE,Combined TRACON& Tower with Radar,33,29,9,4,75,0,0,0,0,0,33,29,9,4,75,0,0,0,75
06/06/2011,JAN,MS,ASO,CE,Combined TRACON& Tower with Radar,33,43,23,24,123,0,0,1,0,1,33,43,24,24,124,0,82,82,206
06/07/2011,JAN,MS,ASO,CE,Combined TRACON& Tower with Radar,36,38,29,11,114,0,3,5,0,8,36,41,34,11,122,4,30,34,156
06/08/2011,JAN,MS,ASO,CE,Combined TRACON& Tower with Radar,33,37,28,23,121,0,0,7,1,8,33,37,35,24,129,8,98,106,235
06/09/2011,JAN,MS,ASO,CE,Combined TRACON& Tower with Radar,29,43,18,14,104,0,4,4,2,10,29,47,22,16,114,4,40,44,158
06/10/2011,JAN,MS,ASO,CE,Combined TRACON& Tower with Radar,32,42,32,9,115,0,4,1,3,8,32,46,33,12,123,12,4,16,139
06/11/2011,JAN,MS,ASO,CE,Combined TRACON& Tower with Radar,14,43,11,5,73,0,0,2,0,2,14,43,13,5,75,0,10,10,85
06/12/2011,JAN,MS,ASO,CE,Combined TRACON& Tower with Radar,29,39,15,1,84,0,2,3,0,5,29,41,18,1,89,0,0,0,89
06/13/2011,JAN,MS,ASO,CE,Combined TRACON& Tower with Radar,34,45,15,23,117,0,0,1,1,2,34,45,16,24,119,0,64,64,183
06/14/2011,JAN,MS,ASO,CE,Combined TRACON& Tower with Radar,30,43,29,27,129,0,3,1,0,4,30,46,30,27,133,0,16,16,149
06/15/2011,JAN,MS,ASO,CE,Combined TRACON& Tower with Radar,36,44,27,25,132,0,0,6,1,7,36,44,33,26,139,0,52,52,191
06/16/2011,JAN,MS,ASO,CE,Combined TRACON& Tower with Radar,31,50,29,14,124,0,0,0,2,2,31,50,29,16,126,1,68,69,195
06/17/2011,JAN,MS,ASO,CE,Combined TRACON& Tower with Radar,31,44,27,34,136,0,4,1,3,8,31,48,28,37,144,14,114,128,272
06/18/2011,JAN,MS,ASO,CE,Combined TRACON& Tower with Radar,17,44,7,3,71,0,1,4,3,8,17,45,11,6,79,0,2,2,81
06/19/2011,JAN,MS,ASO,CE,Combined TRACON& Tower with Radar,27,39,9,8,83,0,0,1,3,4,27,39,10,11,87,0,4,4,91
06/20/2011,JAN,MS,ASO,CE,Combined TRACON& Tower with Radar,28,54,26,17,125,0,0,6,4,10,28,54,32,21,135,0,42,42,177
06/21/2011,JAN,MS,ASO,CE,Combined TRACON& Tower with Radar,30,41,26,27,124,0,0,3,3,6,30,41,29,30,130,0,26,26,156
06/22/2011,JAN,MS,ASO,CE,Combined TRACON& Tower with Radar,29,41,23,16,109,0,0,2,0,2,29,41,25,16,111,0,12,12,123
06/23/2011,JAN,MS,ASO,CE,Combined TRACON& Tower with Radar,32,48,37,27,144,0,1,5,1,7,32,49,42,28,151,0,52,52,203
06/24/2011,JAN,MS,ASO,CE,Combined TRACON& Tower with Radar,33,49,23,37,142,0,3,3,6,12,33,52,26,43,154,0,126,126,280
06/25/2011,JAN,MS,ASO,CE,Combined TRACON& Tower with Radar,14,45,12,4,75,0,0,8,0,8,14,45,20,4,83,32,4,36,119
06/26/2011,JAN,MS,ASO,CE,Combined TRACON& Tower with Radar,26,48,20,10,104,0,0,2,2,4,26,48,22,12,108,4,4,8,116
06/27/2011,JAN,MS,ASO,CE,Combined TRACON& Tower with Radar,31,40,27,17,115,0,0,1,3,4,31,40,28,20,119,2,16,18,137
06/28/2011,JAN,MS,ASO,CE,Combined TRACON& Tower with Radar,38,48,33,21,140,0,0,1,0,1,38,48,34,21,141,2,34,36,177
06/29/2011,JAN,MS,ASO,CE,Combined TRACON& Tower with Radar,30,48,24,38,140,0,0,6,3,9,30,48,30,41,149,2,66,68,217
06/30/2011,JAN,MS,ASO,CE,Combined TRACON& Tower with Radar,32,44,28,29,133,0,2,14,8,24,32,46,42,37,157,4,60,64,221
07/01/2011,JAN,MS,ASO,CE,Combined TRACON& Tower with Radar,31,49,20,12,112,0,1,7,0,8,31,50,27,12,120,6,8,14,134
07/02/2011,JAN,MS,ASO,CE,Combined TRACON& Tower with Radar,17,35,10,8,70,0,0,4,0,4,17,35,14,8,74,0,4,4,78
07/03/2011,JAN,MS,ASO,CE,Combined TRACON& Tower with Radar,22,23,7,2,54,0,0,1,0,1,22,23,8,2,55,0,0,0,55
07/04/2011,JAN,MS,ASO,CE,Combined TRACON& Tower with Radar,25,34,2,1,62,0,0,4,0,4,25,34,6,1,66,0,0,0,66
07/05/2011,JAN,MS,ASO,CE,Combined TRACON& Tower with Radar,30,44,20,11,105,0,1,3,1,5,30,45,23,12,110,0,30,30,140
07/06/2011,JAN,MS,ASO,CE,Combined TRACON& Tower with Radar,30,47,27,15,119,0,1,8,1,10,30,48,35,16,129,10,32,42,171
07/07/2011,JAN,MS,ASO,CE,Combined TRACON& Tower with Radar,30,43,24,43,140,0,0,4,1,5,30,43,28,44,145,6,96,102,247
07/08/2011,JAN,MS,ASO,CE,Combined TRACON& Tower with Radar,28,47,14,28,117,0,1,3,0,4,28,48,17,28,121,0,74,74,195
07/09/2011,JAN,MS,ASO,CE,Combined TRACON& Tower with Radar,15,49,7,12,83,0,2,5,1,8,15,51,12,13,91,0,18,18,109
07/10/2011,JAN,MS,ASO,CE,Combined TRACON& Tower with Radar,24,41,16,2,83,0,0,3,1,4,24,41,19,3,87,2,0,2,89
07/11/2011,JAN,MS,ASO,CE,Combined TRACON& Tower with Radar,30,43,21,10,104,0,0,5,1,6,30,43,26,11,110,0,48,48,158
07/12/2011,JAN,MS,ASO,CE,Combined TRACON& Tower with Radar,30,50,26,26,132,0,0,7,2,9,30,50,33,28,141,0,54,54,195
07/13/2011,JAN,MS,ASO,CE,Combined TRACON& Tower with Radar,29,50,35,25,139,0,0,5,2,7,29,50,40,27,146,0,66,66,212
07/14/2011,JAN,MS,ASO,CE,Combined TRACON& Tower with Radar,30,48,21,17,116,0,0,0,0,0,30,48,21,17,116,0,30,30,146
07/15/2011,JAN,MS,ASO,CE,Combined TRACON& Tower with Radar,31,43,17,20,111,0,0,3,0,3,31,43,20,20,114,0,26,26,140
07/16/2011,JAN,MS,ASO,CE,Combined TRACON& Tower with Radar,15,43,13,2,73,0,1,5,0,6,15,44,18,2,79,0,0,0,79
07/17/2011,JAN,MS,ASO,CE,Combined TRACON& Tower with Radar,22,51,9,4,86,0,0,3,0,3,22,51,12,4,89,0,6,6,95
07/18/2011,JAN,MS,ASO,CE,Combined TRACON& Tower with Radar,29,46,26,25,126,0,0,1,0,1,29,46,27,25,127,2,32,34,161
07/19/2011,JAN,MS,ASO,CE,Combined TRACON& Tower with Radar,27,47,31,36,141,0,0,8,4,12,27,47,39,40,153,4,110,114,267
07/20/2011,JAN,MS,ASO,CE,Combined TRACON& Tower with Radar,31,43,17,37,128,0,2,0,1,3,31,45,17,38,131,0,76,76,207
07/21/2011,JAN,MS,ASO,CE,Combined TRACON& Tower with Radar,28,50,28,25,131,0,0,5,6,11,28,50,33,31,142,0,20,20,162
07/22/2011,JAN,MS,ASO,CE,Combined TRACON& Tower with Radar,31,44,26,22,123,0,1,7,4,12,31,45,33,26,135,0,36,36,171
07/23/2011,JAN,MS,ASO,CE,Combined TRACON& Tower with Radar,14,44,3,3,64,0,0,3,0,3,14,44,6,3,67,0,0,0,67
07/24/2011,JAN,MS,ASO,CE,Combined TRACON& Tower with Radar,21,45,18,10,94,0,0,1,2,3,21,45,19,12,97,0,6,6,103
07/25/2011,JAN,MS,ASO,CE,Combined TRACON& Tower with Radar,29,46,28,13,116,0,0,0,0,0,29,46,28,13,116,0,8,8,124
07/26/2011,JAN,MS,ASO,CE,Combined TRACON& Tower with Radar,29,46,20,20,115,0,0,5,0,5,29,46,25,20,120,2,24,26,146
07/27/2011,JAN,MS,ASO,CE,Combined TRACON& Tower with Radar,30,48,26,20,124,0,0,4,1,5,30,48,30,21,129,0,69,69,198
07/28/2011,JAN,MS,ASO,CE,Combined TRACON& Tower with Radar,32,54,30,20,136,0,2,1,0,3,32,56,31,20,139,0,22,22,161
07/29/2011,JAN,MS,ASO,CE,Combined TRACON& Tower with Radar,37,45,12,21,115,0,0,2,0,2,37,45,14,21,117,0,34,34,151
07/30/2011,JAN,MS,ASO,CE,Combined TRACON& Tower with Radar,15,43,6,0,64,0,0,9,0,9,15,43,15,0,73,2,0,2,75
07/31/2011,JAN,MS,ASO,CE,Combined TRACON& Tower with Radar,23,44,6,2,75,0,2,3,0,5,23,46,9,2,80,8,0,8,88
08/01/2011,JAN,MS,ASO,CE,Combined TRACON& Tower with Radar,27,51,19,30,127,0,0,2,0,2,27,51,21,30,129,12,84,96,225
08/02/2011,JAN,MS,ASO,CE,Combined TRACON& Tower with Radar,31,46,18,29,124,0,0,3,0,3,31,46,21,29,127,0,56,56,183
08/03/2011,JAN,MS,ASO,CE,Combined TRACON& Tower with Radar,30,45,35,29,139,0,0,7,0,7,30,45,42,29,146,0,61,61,207
08/04/2011,JAN,MS,ASO,CE,Combined TRACON& Tower with Radar,30,50,19,19,118,0,0,11,0,11,30,50,30,19,129,2,52,54,183
08/05/2011,JAN,MS,ASO,CE,Combined TRACON& Tower with Radar,38,45,26,32,141,0,2,12,0,14,38,47,38,32,155,0,100,100,255
08/06/2011,JAN,MS,ASO,CE,Combined TRACON& Tower with Radar,19,45,21,3,88,0,0,5,0,5,19,45,26,3,93,0,6,6,99
08/07/2011,JAN,MS,ASO,CE,Combined TRACON& Tower with Radar,23,43,12,15,93,0,0,4,0,4,23,43,16,15,97,0,12,12,109
08/08/2011,JAN,MS,ASO,CE,Combined TRACON& Tower with Radar,30,44,19,20,113,0,0,4,1,5,30,44,23,21,118,0,36,36,154
08/09/2011,JAN,MS,ASO,CE,Combined TRACON& Tower with Radar,30,40,26,45,141,0,0,1,0,1,30,40,27,45,142,0,102,102,244
08/10/2011,JAN,MS,ASO,CE,Combined TRACON& Tower with Radar,27,50,18,33,128,0,2,4,0,6,27,52,22,33,134,0,96,96,230
08/11/2011,JAN,MS,ASO,CE,Combined TRACON& Tower with Radar,30,48,26,22,126,0,1,4,0,5,30,49,30,22,131,6,18,24,155
08/12/2011,JAN,MS,ASO,CE,Combined TRACON& Tower with Radar,31,46,23,16,116,0,2,3,1,6,31,48,26,17,122,0,54,54,176
08/13/2011,JAN,MS,ASO,CE,Combined TRACON& Tower with Radar,17,42,5,0,64,0,0,1,0,1,17,42,6,0,65,0,0,0,65
08/14/2011,JAN,MS,ASO,CE,Combined TRACON& Tower with Radar,20,40,12,5,77,0,0,4,0,4,20,40,16,5,81,2,4,6,87
08/15/2011,JAN,MS,ASO,CE,Combined TRACON& Tower with Radar,25,49,23,24,121,0,0,8,0,8,25,49,31,24,129,2,84,86,215
08/16/2011,JAN,MS,ASO,CE,Combined TRACON& Tower with Radar,28,43,27,28,126,0,0,7,2,9,28,43,34,30,135,8,62,70,205
08/17/2011,JAN,MS,ASO,CE,Combined TRACON& Tower with Radar,28,38,31,11,108,0,0,4,1,5,28,38,35,12,113,0,12,12,125
08/18/2011,JAN,MS,ASO,CE,Combined TRACON& Tower with Radar,28,46,33,13,120,0,0,3,1,4,28,46,36,14,124,2,8,10,134
08/19/2011,JAN,MS,ASO,CE,Combined TRACON& Tower with Radar,25,36,15,17,93,0,0,6,0,6,25,36,21,17,99,0,78,78,177
08/20/2011,JAN,MS,ASO,CE,Combined TRACON& Tower with Radar,16,39,4,1,60,0,0,3,0,3,16,39,7,1,63,0,0,0,63
08/21/2011,JAN,MS,ASO,CE,Combined TRACON& Tower with Radar,24,36,12,3,75,0,0,5,0,5,24,36,17,3,80,2,0,2,82
08/22/2011,JAN,MS,ASO,CE,Combined TRACON& Tower with Radar,27,41,10,27,105,0,2,5,0,7,27,43,15,27,112,0,92,92,204
08/23/2011,JAN,MS,ASO,CE,Combined TRACON& Tower with Radar,28,48,14,18,108,0,0,8,0,8,28,48,22,18,116,0,28,28,144
08/24/2011,JAN,MS,ASO,CE,Combined TRACON& Tower with Radar,28,42,21,28,119,0,0,6,1,7,28,42,27,29,126,0,89,89,215
08/25/2011,JAN,MS,ASO,CE,Combined TRACON& Tower with Radar,28,43,10,13,94,0,0,4,1,5,28,43,14,14,99,0,48,48,147
08/26/2011,JAN,MS,ASO,CE,Combined TRACON& Tower with Radar,29,42,13,30,114,0,2,9,3,14,29,44,22,33,128,32,48,80,208
08/27/2011,JAN,MS,ASO,CE,Combined TRACON& Tower with Radar,16,37,6,9,68,0,0,6,1,7,16,37,12,10,75,6,14,20,95
08/28/2011,JAN,MS,ASO,CE,Combined TRACON& Tower with Radar,25,34,7,4,70,0,1,2,0,3,25,35,9,4,73,0,6,6,79
08/29/2011,JAN,MS,ASO,CE,Combined TRACON& Tower with Radar,32,38,28,51,149,0,0,13,0,13,32,38,41,51,162,0,112,112,274
08/30/2011,JAN,MS,ASO,CE,Combined TRACON& Tower with Radar,33,40,14,33,120,0,1,13,1,15,33,41,27,34,135,0,68,68,203
08/31/2011,JAN,MS,ASO,CE,Combined TRACON& Tower with Radar,38,38,27,20,123,0,0,19,2,21,38,38,46,22,144,0,98,98,242
09/01/2011,JAN,MS,ASO,CE,Combined TRACON& Tower with Radar,35,38,18,34,125,0,2,14,2,18,35,40,32,36,143,2,94,96,239
09/02/2011,JAN,MS,ASO,CE,Combined TRACON& Tower with Radar,31,39,23,25,118,0,0,12,1,13,31,39,35,26,131,4,28,32,163
09/03/2011,JAN,MS,ASO,CE,Combined TRACON& Tower with Radar,22,31,4,0,57,0,0,0,0,0,22,31,4,0,57,0,0,0,57
09/04/2011,JAN,MS,ASO,CE,Combined TRACON& Tower with Radar,18,32,4,1,55,0,0,0,0,0,18,32,4,1,55,0,0,0,55
09/05/2011,JAN,MS,ASO,CE,Combined TRACON& Tower with Radar,28,30,5,1,64,0,0,0,0,0,28,30,5,1,64,0,0,0,64
09/06/2011,JAN,MS,ASO,CE,Combined TRACON& Tower with Radar,31,39,16,30,116,0,1,4,4,9,31,40,20,34,125,2,38,40,165
09/07/2011,JAN,MS,ASO,CE,Combined TRACON& Tower with Radar,26,42,16,56,140,0,2,5,0,7,26,44,21,56,147,2,110,112,259
09/08/2011,JAN,MS,ASO,CE,Combined TRACON& Tower with Radar,29,53,18,38,138,0,1,5,3,9,29,54,23,41,147,6,50,56,203
09/09/2011,JAN,MS,ASO,CE,Combined TRACON& Tower with Radar,29,46,18,24,117,0,0,4,4,8,29,46,22,28,125,0,62,62,187
09/10/2011,JAN,MS,ASO,CE,Combined TRACON& Tower with Radar,18,37,10,2,67,0,2,13,0,15,18,39,23,2,82,0,0,0,82
09/11/2011,JAN,MS,ASO,CE,Combined TRACON& Tower with Radar,27,34,6,15,82,0,1,6,0,7,27,35,12,15,89,0,3,3,92
09/12/2011,JAN,MS,ASO,CE,Combined TRACON& Tower with Radar,28,42,17,38,125,0,0,2,0,2,28,42,19,38,127,0,90,90,217
09/13/2011,JAN,MS,ASO,CE,Combined TRACON& Tower with Radar,27,43,22,31,123,0,0,2,0,2,27,43,24,31,125,2,24,26,151
09/14/2011,JAN,MS,ASO,CE,Combined TRACON& Tower with Radar,27,42,38,46,153,0,3,6,1,10,27,45,44,47,163,0,94,94,257
09/15/2011,JAN,MS,ASO,CE,Combined TRACON& Tower with Radar,31,40,28,42,141,0,2,1,0,3,31,42,29,42,144,0,0,0,144
09/16/2011,JAN,MS,ASO,CE,Combined TRACON& Tower with Radar,27,49,28,19,123,0,0,2,1,3,27,49,30,20,126,0,78,78,204
09/17/2011,JAN,MS,ASO,CE,Combined TRACON& Tower with Radar,18,33,8,5,64,0,1,3,0,4,18,34,11,5,68,0,0,0,68
09/18/2011,JAN,MS,ASO,CE,Combined TRACON& Tower with Radar,24,43,14,1,82,0,0,1,0,1,24,43,15,1,83,0,0,0,83
09/19/2011,JAN,MS,ASO,CE,Combined TRACON& Tower with Radar,28,40,12,8,88,0,0,2,0,2,28,40,14,8,90,2,26,28,118
09/20/2011,JAN,MS,ASO,CE,Combined TRACON& Tower with Radar,26,50,33,22,131,0,2,1,0,3,26,52,34,22,134,18,64,82,216
09/21/2011,JAN,MS,ASO,CE,Combined TRACON& Tower with Radar,26,49,27,53,155,0,1,3,1,5,26,50,30,54,160,2,142,144,304
09/22/2011,JAN,MS,ASO,CE,Combined TRACON& Tower with Radar,28,47,27,36,138,0,0,11,0,11,28,47,38,36,149,1,70,71,220
09/23/2011,JAN,MS,ASO,CE,Combined TRACON& Tower with Radar,28,54,14,5,101,0,0,3,0,3,28,54,17,5,104,0,16,16,120
09/24/2011,JAN,MS,ASO,CE,Combined TRACON& Tower with Radar,18,32,4,1,55,0,0,7,0,7,18,32,11,1,62,0,0,0,62
09/25/2011,JAN,MS,ASO,CE,Combined TRACON& Tower with Radar,22,38,8,4,72,0,0,7,0,7,22,38,15,4,79,0,4,4,83
09/26/2011,JAN,MS,ASO,CE,Combined TRACON& Tower with Radar,28,40,31,24,123,0,0,7,0,7,28,40,38,24,130,4,50,54,184
09/27/2011,JAN,MS,ASO,CE,Combined TRACON& Tower with Radar,26,39,32,12,109,0,0,2,4,6,26,39,34,16,115,0,16,16,131
09/28/2011,JAN,MS,ASO,CE,Combined TRACON& Tower with Radar,38,43,21,22,124,0,2,5,2,9,38,45,26,24,133,0,0,0,133
09/29/2011,JAN,MS,ASO,CE,Combined TRACON& Tower with Radar,29,40,33,21,123,0,2,4,0,6,29,42,37,21,129,0,72,72,201
09/30/2011,JAN,MS,ASO,CE,Combined TRACON& Tower with Radar,32,49,30,5,116,0,0,6,0,6,32,49,36,5,122,14,58,72,194
10/01/2011,JAN,MS,ASO,CE,Combined TRACON& Tower with Radar,21,30,14,4,69,0,0,4,0,4,21,30,18,4,73,0,0,0,73
10/02/2011,JAN,MS,ASO,CE,Combined TRACON& Tower with Radar,23,39,8,4,74,0,0,6,0,6,23,39,14,4,80,4,0,4,84
10/03/2011,JAN,MS,ASO,CE,Combined TRACON& Tower with Radar,29,41,23,16,109,0,0,9,3,12,29,41,32,19,121,6,34,40,161
10/04/2011,JAN,MS,ASO,CE,Combined TRACON& Tower with Radar,30,52,39,32,153,0,0,3,9,12,30,52,42,41,165,0,148,148,313
10/05/2011,JAN,MS,ASO,CE,Combined TRACON& Tower with Radar,29,52,34,27,142,0,0,12,2,14,29,52,46,29,156,12,80,92,248
10/06/2011,JAN,MS,ASO,CE,Combined TRACON& Tower with Radar,29,42,27,46,144,0,0,2,3,5,29,42,29,49,149,2,118,120,269
10/07/2011,JAN,MS,ASO,CE,Combined TRACON& Tower with Radar,28,49,28,27,132,0,3,9,4,16,28,52,37,31,148,3,72,75,223
10/08/2011,JAN,MS,ASO,CE,Combined TRACON& Tower with Radar,17,35,12,0,64,0,2,6,0,8,17,37,18,0,72,4,0,4,76
10/09/2011,JAN,MS,ASO,CE,Combined TRACON& Tower with Radar,22,41,10,0,73,0,2,2,0,4,22,43,12,0,77,0,0,0,77
10/10/2011,JAN,MS,ASO,CE,Combined TRACON& Tower with Radar,29,40,23,10,102,0,0,6,6,12,29,40,29,16,114,17,52,69,183
10/11/2011,JAN,MS,ASO,CE,Combined TRACON& Tower with Radar,30,44,31,32,137,0,0,7,0,7,30,44,38,32,144,0,36,36,180
10/12/2011,JAN,MS,ASO,CE,Combined TRACON& Tower with Radar,30,51,30,13,124,0,0,1,2,3,30,51,31,15,127,2,26,28,155
10/13/2011,JAN,MS,ASO,CE,Combined TRACON& Tower with Radar,29,47,20,55,151,0,1,3,6,10,29,48,23,61,161,6,172,178,339
10/14/2011,JAN,MS,ASO,CE,Combined TRACON& Tower with Radar,25,47,27,23,122,0,1,8,4,13,25,48,35,27,135,0,102,102,237
10/15/2011,JAN,MS,ASO,CE,Combined TRACON& Tower with Radar,19,30,13,4,66,0,0,9,0,9,19,30,22,4,75,10,12,22,97
10/16/2011,JAN,MS,ASO,CE,Combined TRACON& Tower with Radar,25,42,18,8,93,0,0,6,1,7,25,42,24,9,100,4,24,28,128
10/17/2011,JAN,MS,ASO,CE,Combined TRACON& Tower with Radar,27,43,28,34,132,0,0,18,2,20,27,43,46,36,152,2,60,62,214
10/18/2011,JAN,MS,ASO,CE,Combined TRACON& Tower with Radar,28,42,29,40,139,0,0,2,0,2,28,42,31,40,141,0,58,58,199
10/19/2011,JAN,MS,ASO,CE,Combined TRACON& Tower with Radar,29,49,26,19,123,0,1,3,0,4,29,50,29,19,127,10,30,40,167
10/20/2011,JAN,MS,ASO,CE,Combined TRACON& Tower with Radar,29,56,19,11,115,0,0,1,5,6,29,56,20,16,121,0,30,30,151
10/21/2011,JAN,MS,ASO,CE,Combined TRACON& Tower with Radar,24,62,23,14,123,0,3,2,2,7,24,65,25,16,130,0,76,76,206
10/22/2011,JAN,MS,ASO,CE,Combined TRACON& Tower with Radar,19,30,3,0,52,0,0,6,0,6,19,30,9,0,58,0,0,0,58
10/23/2011,JAN,MS,ASO,CE,Combined TRACON& Tower with Radar,20,43,9,17,89,0,3,3,3,9,20,46,12,20,98,0,16,16,114
10/24/2011,JAN,MS,ASO,CE,Combined TRACON& Tower with Radar,29,41,22,8,100,0,0,4,1,5,29,41,26,9,105,0,10,10,115
10/25/2011,JAN,MS,ASO,CE,Combined TRACON& Tower with Radar,28,39,25,24,116,0,1,8,1,10,28,40,33,25,126,0,104,104,230
10/26/2011,JAN,MS,ASO,CE,Combined TRACON& Tower with Radar,33,39,26,19,117,0,0,8,2,10,33,39,34,21,127,4,30,34,161
10/27/2011,JAN,MS,ASO,CE,Combined TRACON& Tower with Radar,27,47,24,26,124,0,2,6,0,8,27,49,30,26,132,0,73,73,205
10/28/2011,JAN,MS,ASO,CE,Combined TRACON& Tower with Radar,28,46,16,23,113,0,1,2,0,3,28,47,18,23,116,2,18,20,136
10/29/2011,JAN,MS,ASO,CE,Combined TRACON& Tower with Radar,19,30,6,0,55,0,0,3,0,3,19,30,9,0,58,0,0,0,58
10/30/2011,JAN,MS,ASO,CE,Combined TRACON& Tower with Radar,23,39,17,3,82,0,1,7,0,8,23,40,24,3,90,22,0,22,112
10/31/2011,JAN,MS,ASO,CE,Combined TRACON& Tower with Radar,29,38,14,4,85,0,0,6,1,7,29,38,20,5,92,2,2,4,96
11/01/2011,JAN,MS,ASO,CE,Combined TRACON& Tower with Radar,29,44,23,10,106,0,0,14,5,19,29,44,37,15,125,2,70,72,197
11/02/2011,JAN,MS,ASO,CE,Combined TRACON& Tower with Radar,29,41,23,16,109,0,0,9,1,10,29,41,32,17,119,0,58,58,177
11/03/2011,JAN,MS,ASO,CE,Combined TRACON& Tower with Radar,31,50,29,24,134,0,0,6,1,7,31,50,35,25,141,0,44,44,185
11/04/2011,JAN,MS,ASO,CE,Combined TRACON& Tower with Radar,32,52,20,17,121,0,0,5,1,6,32,52,25,18,127,0,38,38,165
11/05/2011,JAN,MS,ASO,CE,Combined TRACON& Tower with Radar,21,30,7,1,59,0,0,4,0,4,21,30,11,1,63,0,0,0,63
11/06/2011,JAN,MS,ASO,CE,Combined TRACON& Tower with Radar,26,40,12,14,92,0,1,1,0,2,26,41,13,14,94,2,8,10,104
11/07/2011,JAN,MS,ASO,CE,Combined TRACON& Tower with Radar,31,45,27,15,118,0,0,4,1,5,31,45,31,16,123,8,54,62,185
11/08/2011,JAN,MS,ASO,CE,Combined TRACON& Tower with Radar,33,41,27,13,114,0,0,2,0,2,33,41,29,13,116,16,30,46,162
11/09/2011,JAN,MS,ASO,CE,Combined TRACON& Tower with Radar,29,41,26,16,112,0,0,5,4,9,29,41,31,20,121,0,56,56,177
11/10/2011,JAN,MS,ASO,CE,Combined TRACON& Tower with Radar,29,46,25,28,128,0,2,5,1,8,29,48,30,29,136,2,50,52,188
11/11/2011,JAN,MS,ASO,CE,Combined TRACON& Tower with Radar,30,47,15,17,109,0,0,6,0,6,30,47,21,17,115,0,10,10,125
11/12/2011,JAN,MS,ASO,CE,Combined TRACON& Tower with Radar,24,30,9,3,66,0,0,4,0,4,24,30,13,3,70,0,0,0,70
11/13/2011,JAN,MS,ASO,CE,Combined TRACON& Tower with Radar,27,37,12,0,76,0,4,5,0,9,27,41,17,0,85,0,0,0,85
11/14/2011,JAN,MS,ASO,CE,Combined TRACON& Tower with Radar,28,43,18,27,116,0,0,2,1,3,28,43,20,28,119,0,48,48,167
11/15/2011,JAN,MS,ASO,CE,Combined TRACON& Tower with Radar,30,43,27,44,144,0,0,2,2,4,30,43,29,46,148,0,78,78,226
11/16/2011,JAN,MS,ASO,CE,Combined TRACON& Tower with Radar,31,43,32,31,137,0,1,2,2,5,31,44,34,33,142,2,64,66,208
11/17/2011,JAN,MS,ASO,CE,Combined TRACON& Tower with Radar,29,42,30,14,115,0,3,13,3,19,29,45,43,17,134,1,64,65,199
11/18/2011,JAN,MS,ASO,CE,Combined TRACON& Tower with Radar,30,43,27,11,111,0,2,5,1,8,30,45,32,12,119,6,18,24,143
11/19/2011,JAN,MS,ASO,CE,Combined TRACON& Tower with Radar,25,27,4,1,57,0,0,2,0,2,25,27,6,1,59,2,0,2,61
11/20/2011,JAN,MS,ASO,CE,Combined TRACON& Tower with Radar,27,35,16,3,81,0,0,1,0,1,27,35,17,3,82,8,2,10,92
11/21/2011,JAN,MS,ASO,CE,Combined TRACON& Tower with Radar,29,34,26,29,118,0,1,0,0,1,29,35,26,29,119,2,64,66,185
11/22/2011,JAN,MS,ASO,CE,Combined TRACON& Tower with Radar,34,36,13,26,109,0,0,0,0,0,34,36,13,26,109,0,16,16,125
11/23/2011,JAN,MS,ASO,CE,Combined TRACON& Tower with Radar,31,45,21,29,126,0,1,5,0,6,31,46,26,29,132,22,62,84,216
11/24/2011,JAN,MS,ASO,CE,Combined TRACON& Tower with Radar,19,25,7,0,51,0,2,2,0,4,19,27,9,0,55,0,0,0,55
11/25/2011,JAN,MS,ASO,CE,Combined TRACON& Tower with Radar,25,30,11,1,67,0,0,1,0,1,25,30,12,1,68,0,0,0,68
11/26/2011,JAN,MS,ASO,CE,Combined TRACON& Tower with Radar,24,37,9,3,73,0,0,0,0,0,24,37,9,3,73,0,0,0,73
11/27/2011,JAN,MS,ASO,CE,Combined TRACON& Tower with Radar,31,48,21,1,101,0,0,1,0,1,31,48,22,1,102,0,0,0,102
11/28/2011,JAN,MS,ASO,CE,Combined TRACON& Tower with Radar,32,42,17,14,105,0,0,1,0,1,32,42,18,14,106,0,24,24,130
11/29/2011,JAN,MS,ASO,CE,Combined TRACON& Tower with Radar,32,33,27,57,149,0,0,5,0,5,32,33,32,57,154,0,130,130,284
11/30/2011,JAN,MS,ASO,CE,Combined TRACON& Tower with Radar,28,51,33,55,167,0,0,17,2,19,28,51,50,57,186,2,148,150,336
12/01/2011,JAN,MS,ASO,CE,Combined TRACON& Tower with Radar,28,47,21,39,135,0,0,6,8,14,28,47,27,47,149,20,68,88,237
12/02/2011,JAN,MS,ASO,CE,Combined TRACON& Tower with Radar,27,44,27,22,120,0,1,4,2,7,27,45,31,24,127,8,29,37,164
12/03/2011,JAN,MS,ASO,CE,Combined TRACON& Tower with Radar,23,30,15,3,71,0,0,2,0,2,23,30,17,3,73,0,0,0,73
12/04/2011,JAN,MS,ASO,CE,Combined TRACON& Tower with Radar,25,43,11,1,80,0,0,0,0,0,25,43,11,1,80,0,0,0,80
12/05/2011,JAN,MS,ASO,CE,Combined TRACON& Tower with Radar,30,41,25,1,97,0,0,0,0,0,30,41,25,1,97,0,0,0,97
12/06/2011,JAN,MS,ASO,CE,Combined TRACON& Tower with Radar,31,45,21,8,105,0,0,0,0,0,31,45,21,8,105,0,2,2,107
12/07/2011,JAN,MS,ASO,CE,Combined TRACON& Tower with Radar,31,43,15,76,165,0,0,2,2,4,31,43,17,78,169,0,66,66,235
12/08/2011,JAN,MS,ASO,CE,Combined TRACON& Tower with Radar,32,46,27,27,132,0,0,10,1,11,32,46,37,28,143,8,132,140,283
12/09/2011,JAN,MS,ASO,CE,Combined TRACON& Tower with Radar,30,47,18,32,127,0,2,9,0,11,30,49,27,32,138,2,104,106,244
12/10/2011,JAN,MS,ASO,CE,Combined TRACON& Tower with Radar,22,27,4,0,53,0,0,4,0,4,22,27,8,0,57,0,0,0,57
12/11/2011,JAN,MS,ASO,CE,Combined TRACON& Tower with Radar,25,38,11,17,91,0,0,5,0,5,25,38,16,17,96,8,20,28,124
12/12/2011,JAN,MS,ASO,CE,Combined TRACON& Tower with Radar,31,47,31,38,147,0,0,4,1,5,31,47,35,39,152,4,138,142,294
12/13/2011,JAN,MS,ASO,CE,Combined TRACON& Tower with Radar,31,38,29,40,138,0,1,4,0,5,31,39,33,40,143,2,42,44,187
12/14/2011,JAN,MS,ASO,CE,Combined TRACON& Tower with Radar,30,33,30,30,123,0,0,3,0,3,30,33,33,30,126,3,20,23,149
12/15/2011,JAN,MS,ASO,CE,Combined TRACON& Tower with Radar,33,43,24,26,126,0,0,3,0,3,33,43,27,26,129,0,24,24,153
12/16/2011,JAN,MS,ASO,CE,Combined TRACON& Tower with Radar,31,43,27,13,114,0,0,4,0,4,31,43,31,13,118,8,6,14,132
12/17/2011,JAN,MS,ASO,CE,Combined TRACON& Tower with Radar,18,38,11,4,71,0,3,8,1,12,18,41,19,5,83,2,2,4,87
12/18/2011,JAN,MS,ASO,CE,Combined TRACON& Tower with Radar,26,34,2,6,68,0,2,10,3,15,26,36,12,9,83,1,8,9,92
12/19/2011,JAN,MS,ASO,CE,Combined TRACON& Tower with Radar,28,42,17,18,105,0,1,5,1,7,28,43,22,19,112,0,64,64,176
12/20/2011,JAN,MS,ASO,CE,Combined TRACON& Tower with Radar,31,41,21,0,93,0,0,1,0,1,31,41,22,0,94,1,1,2,96
12/21/2011,JAN,MS,ASO,CE,Combined TRACON& Tower with Radar,29,40,12,57,138,0,0,10,2,12,29,40,22,59,150,0,74,74,224
12/22/2011,JAN,MS,ASO,CE,Combined TRACON& Tower with Radar,34,40,9,0,83,0,0,1,0,1,34,40,10,0,84,0,0,0,84
12/23/2011,JAN,MS,ASO,CE,Combined TRACON& Tower with Radar,28,46,12,1,87,0,1,3,0,4,28,47,15,1,91,0,0,0,91
12/24/2011,JAN,MS,ASO,CE,Combined TRACON& Tower with Radar,20,32,2,0,54,0,0,2,0,2,20,32,4,0,56,0,0,0,56
12/25/2011,JAN,MS,ASO,CE,Combined TRACON& Tower with Radar,22,22,7,1,52,0,0,0,0,0,22,22,7,1,52,0,0,0,52
12/26/2011,JAN,MS,ASO,CE,Combined TRACON& Tower with Radar,33,33,15,1,82,0,0,0,0,0,33,33,15,1,82,0,0,0,82
12/27/2011,JAN,MS,ASO,CE,Combined TRACON& Tower with Radar,32,37,11,19,99,0,1,7,0,8,32,38,18,19,107,2,26,28,135
12/28/2011,JAN,MS,ASO,CE,Combined TRACON& Tower with Radar,31,39,23,10,103,0,3,9,0,12,31,42,32,10,115,6,8,14,129
12/29/2011,JAN,MS,ASO,CE,Combined TRACON& Tower with Radar,27,39,11,5,82,0,0,5,0,5,27,39,16,5,87,0,2,2,89
12/30/2011,JAN,MS,ASO,CE,Combined TRACON& Tower with Radar,32,43,15,1,91,0,1,8,0,9,32,44,23,1,100,0,0,0,100
12/31/2011,JAN,MS,ASO,CE,Combined TRACON& Tower with Radar,20,27,9,0,56,0,0,2,0,2,20,27,11,0,58,0,0,0,58
01/01/2012,JAN,MS,ASO,CE,Combined TRACON& Tower with Radar,21,32,16,1,70,0,2,0,0,2,21,34,16,1,72,0,0,0,72
01/02/2012,JAN,MS,ASO,CE,Combined TRACON& Tower with Radar,31,39,7,0,77,0,0,13,0,13,31,39,20,0,90,2,0,2,92
01/03/2012,JAN,MS,ASO,CE,Combined TRACON& Tower with Radar,28,40,7,20,95,0,0,1,0,1,28,40,8,20,96,8,60,68,164
01/04/2012,JAN,MS,ASO,CE,Combined TRACON& Tower with Radar,28,51,20,19,118,0,0,8,2,10,28,51,28,21,128,2,84,86,214
01/05/2012,JAN,MS,ASO,CE,Combined TRACON& Tower with Radar,31,47,19,32,129,0,2,7,3,12,31,49,26,35,141,0,127,127,268
01/06/2012,JAN,MS,ASO,CE,Combined TRACON& Tower with Radar,32,44,11,21,108,0,2,4,1,7,32,46,15,22,115,0,60,60,175
01/07/2012,JAN,MS,ASO,CE,Combined TRACON& Tower with Radar,26,32,10,7,75,0,0,1,0,1,26,32,11,7,76,8,4,12,88
01/08/2012,JAN,MS,ASO,CE,Combined TRACON& Tower with Radar,26,35,9,6,76,0,0,0,0,0,26,35,9,6,76,0,0,0,76
01/09/2012,JAN,MS,ASO,CE,Combined TRACON& Tower with Radar,27,35,19,10,91,0,0,2,0,2,27,35,21,10,93,0,14,14,107
01/10/2012,JAN,MS,ASO,CE,Combined TRACON& Tower with Radar,25,37,22,21,105,0,0,2,0,2,25,37,24,21,107,0,30,30,137
01/11/2012,JAN,MS,ASO,CE,Combined TRACON& Tower with Radar,27,38,36,21,122,0,1,7,0,8,27,39,43,21,130,2,12,14,144
01/12/2012,JAN,MS,ASO,CE,Combined TRACON& Tower with Radar,26,40,20,72,158,0,0,7,2,9,26,40,27,74,167,0,206,206,373
01/13/2012,JAN,MS,ASO,CE,Combined TRACON& Tower with Radar,23,33,17,17,90,0,0,9,0,9,23,33,26,17,99,4,86,90,189
01/14/2012,JAN,MS,ASO,CE,Combined TRACON& Tower with Radar,18,30,6,0,54,0,0,0,0,0,18,30,6,0,54,0,0,0,54
01/15/2012,JAN,MS,ASO,CE,Combined TRACON& Tower with Radar,22,36,10,20,88,0,1,6,1,8,22,37,16,21,96,2,16,18,114
01/16/2012,JAN,MS,ASO,CE,Combined TRACON& Tower with Radar,27,39,20,1,87,0,0,1,0,1,27,39,21,1,88,4,0,4,92
01/17/2012,JAN,MS,ASO,CE,Combined TRACON& Tower with Radar,28,38,10,3,79,0,0,1,0,1,28,38,11,3,80,0,2,2,82
01/18/2012,JAN,MS,ASO,CE,Combined TRACON& Tower with Radar,24,39,30,29,122,0,2,6,1,9,24,41,36,30,131,0,42,42,173
01/19/2012,JAN,MS,ASO,CE,Combined TRACON& Tower with Radar,29,39,28,23,119,0,0,4,0,4,29,39,32,23,123,0,2,2,125
01/20/2012,JAN,MS,ASO,CE,Combined TRACON& Tower with Radar,32,43,26,26,127,0,0,4,0,4,32,43,30,26,131,0,64,64,195
01/21/2012,JAN,MS,ASO,CE,Combined TRACON& Tower with Radar,23,32,3,1,59,0,0,3,0,3,23,32,6,1,62,0,0,0,62
01/22/2012,JAN,MS,ASO,CE,Combined TRACON& Tower with Radar,25,34,13,33,105,0,1,1,0,2,25,35,14,33,107,0,34,34,141
01/23/2012,JAN,MS,ASO,CE,Combined TRACON& Tower with Radar,28,43,17,27,115,0,1,1,0,2,28,44,18,27,117,0,84,84,201
01/24/2012,JAN,MS,ASO,CE,Combined TRACON& Tower with Radar,29,35,39,19,122,0,0,3,0,3,29,35,42,19,125,0,48,48,173
01/25/2012,JAN,MS,ASO,CE,Combined TRACON& Tower with Radar,22,37,22,6,87,0,1,3,0,4,22,38,25,6,91,8,4,12,103
01/26/2012,JAN,MS,ASO,CE,Combined TRACON& Tower with Radar,29,47,8,42,126,0,0,2,0,2,29,47,10,42,128,0,94,94,222
01/27/2012,JAN,MS,ASO,CE,Combined TRACON& Tower with Radar,30,41,19,16,106,0,0,7,0,7,30,41,26,16,113,2,34,36,149
01/28/2012,JAN,MS,ASO,CE,Combined TRACON& Tower with Radar,22,29,11,0,62,0,0,8,0,8,22,29,19,0,70,0,0,0,70
01/29/2012,JAN,MS,ASO,CE,Combined TRACON& Tower with Radar,26,36,10,0,72,0,1,4,0,5,26,37,14,0,77,0,0,0,77
01/30/2012,JAN,MS,ASO,CE,Combined TRACON& Tower with Radar,29,38,23,22,112,0,0,7,0,7,29,38,30,22,119,4,58,62,181
01/31/2012,JAN,MS,ASO,CE,Combined TRACON& Tower with Radar,26,41,24,21,112,0,0,6,0,6,26,41,30,21,118,12,134,146,264
02/01/2012,JAN,MS,ASO,CE,Combined TRACON& Tower with Radar,33,42,29,16,120,0,0,3,0,3,33,42,32,16,123,14,26,40,163
02/02/2012,JAN,MS,ASO,CE,Combined TRACON& Tower with Radar,29,39,36,5,109,0,1,1,0,2,29,40,37,5,111,0,18,18,129
02/03/2012,JAN,MS,ASO,CE,Combined TRACON& Tower with Radar,34,41,19,3,97,0,0,1,0,1,34,41,20,3,98,0,0,0,98
02/04/2012,JAN,MS,ASO,CE,Combined TRACON& Tower with Radar,22,32,8,2,64,0,0,0,0,0,22,32,8,2,64,0,0,0,64
02/05/2012,JAN,MS,ASO,CE,Combined TRACON& Tower with Radar,28,35,7,7,77,0,1,0,0,1,28,36,7,7,78,0,2,2,80
02/06/2012,JAN,MS,ASO,CE,Combined TRACON& Tower with Radar,31,35,26,11,103,0,0,4,0,4,31,35,30,11,107,32,80,112,219
02/07/2012,JAN,MS,ASO,CE,Combined TRACON& Tower with Radar,29,32,29,17,107,0,1,9,0,10,29,33,38,17,117,6,26,32,149
02/08/2012,JAN,MS,ASO,CE,Combined TRACON& Tower with Radar,25,36,20,22,103,0,2,12,1,15,25,38,32,23,118,1,18,19,137
02/09/2012,JAN,MS,ASO,CE,Combined TRACON& Tower with Radar,30,37,26,18,111,0,0,12,2,14,30,37,38,20,125,8,14,22,147
02/10/2012,JAN,MS,ASO,CE,Combined TRACON& Tower with Radar,29,43,22,16,110,0,0,8,1,9,29,43,30,17,119,6,8,14,133
02/11/2012,JAN,MS,ASO,CE,Combined TRACON& Tower with Radar,23,28,12,22,85,0,0,1,0,1,23,28,13,22,86,0,28,28,114
02/12/2012,JAN,MS,ASO,CE,Combined TRACON& Tower with Radar,26,36,4,8,74,0,0,6,0,6,26,36,10,8,80,0,2,2,82
02/13/2012,JAN,MS,ASO,CE,Combined TRACON& Tower with Radar,29,42,22,7,100,0,0,4,0,4,29,42,26,7,104,8,4,12,116
02/14/2012,JAN,MS,ASO,CE,Combined TRACON& Tower with Radar,26,40,22,43,131,0,0,6,0,6,26,40,28,43,137,0,64,64,201
02/15/2012,JAN,MS,ASO,CE,Combined TRACON& Tower with Radar,27,38,28,16,109,0,1,1,1,3,27,39,29,17,112,2,38,40,152
02/16/2012,JAN,MS,ASO,CE,Combined TRACON& Tower with Radar,24,39,33,16,112,0,0,2,0,2,24,39,35,16,114,0,10,10,124
02/17/2012,JAN,MS,ASO,CE,Combined TRACON& Tower with Radar,26,45,25,8,104,0,1,8,0,9,26,46,33,8,113,19,102,121,234
02/18/2012,JAN,MS,ASO,CE,Combined TRACON& Tower with Radar,20,33,0,0,53,0,0,0,0,0,20,33,0,0,53,0,0,0,53
02/19/2012,JAN,MS,ASO,CE,Combined TRACON& Tower with Radar,20,42,7,0,69,0,0,3,0,3,20,42,10,0,72,0,0,0,72
02/20/2012,JAN,MS,ASO,CE,Combined TRACON& Tower with Radar,25,45,14,7,91,0,0,6,0,6,25,45,20,7,97,0,6,6,103
02/21/2012,JAN,MS,ASO,CE,Combined TRACON& Tower with Radar,26,50,10,19,105,0,0,5,0,5,26,50,15,19,110,0,110,110,220
02/22/2012,JAN,MS,ASO,CE,Combined TRACON& Tower with Radar,24,43,18,14,99,0,1,4,0,5,24,44,22,14,104,12,12,24,128
02/23/2012,JAN,MS,ASO,CE,Combined TRACON& Tower with Radar,24,47,17,18,106,0,0,4,2,6,24,47,21,20,112,0,8,8,120
02/24/2012,JAN,MS,ASO,CE,Combined TRACON& Tower with Radar,27,41,23,43,134,0,4,4,0,8,27,45,27,43,142,0,114,114,256
02/25/2012,JAN,MS,ASO,CE,Combined TRACON& Tower with Radar,22,30,11,3,66,0,2,9,0,11,22,32,20,3,77,6,8,14,91
02/26/2012,JAN,MS,ASO,CE,Combined TRACON& Tower with Radar,23,38,20,6,87,0,0,8,1,9,23,38,28,7,96,12,6,18,114
02/27/2012,JAN,MS,ASO,CE,Combined TRACON& Tower with Radar,25,50,21,10,106,0,2,4,0,6,25,52,25,10,112,2,116,118,230
02/28/2012,JAN,MS,ASO,CE,Combined TRACON& Tower with Radar,25,43,24,5,97,0,0,2,0,2,25,43,26,5,99,0,4,4,103
02/29/2012,JAN,MS,ASO,CE,Combined TRACON& Tower with Radar,23,47,23,18,111,0,1,3,0,4,23,48,26,18,115,0,24,24,139
03/01/2012,JAN,MS,ASO,CE,Combined TRACON& Tower with Radar,25,42,14,32,113,0,3,10,0,13,25,45,24,32,126,1,68,69,195
03/02/2012,JAN,MS,ASO,CE,Combined TRACON& Tower with Radar,20,40,8,10,78,0,0,2,0,2,20,40,10,10,80,2,14,16,96
03/03/2012,JAN,MS,ASO,CE,Combined TRACON& Tower with Radar,20,35,7,4,66,0,0,0,0,0,20,35,7,4,66,4,6,10,76
03/04/2012,JAN,MS,ASO,CE,Combined TRACON& Tower with Radar,26,37,4,9,76,0,0,4,0,4,26,37,8,9,80,0,20,20,100
03/05/2012,JAN,MS,ASO,CE,Combined TRACON& Tower with Radar,27,41,15,33,116,0,1,7,2,10,27,42,22,35,126,6,70,76,202
03/06/2012,JAN,MS,ASO,CE,Combined TRACON& Tower with Radar,25,42,9,29,105,0,3,6,1,10,25,45,15,30,115,0,66,66,181
03/07/2012,JAN,MS,ASO,CE,Combined TRACON& Tower with Radar,24,43,26,27,120,0,1,13,2,16,24,44,39,29,136,0,82,82,218
03/08/2012,JAN,MS,ASO,CE,Combined TRACON& Tower with Radar,27,55,40,29,151,0,2,4,0,6,27,57,44,29,157,0,100,100,257
03/09/2012,JAN,MS,ASO,CE,Combined TRACON& Tower with Radar,29,46,18,7,100,0,1,3,0,4,29,47,21,7,104,0,14,14,118
03/10/2012,JAN,MS,ASO,CE,Combined TRACON& Tower with Radar,25,29,8,12,74,0,1,3,2,6,25,30,11,14,80,4,18,22,102
03/11/2012,JAN,MS,ASO,CE,Combined TRACON& Tower with Radar,23,41,16,2,82,0,1,0,0,1,23,42,16,2,83,2,0,2,85
03/12/2012,JAN,MS,ASO,CE,Combined TRACON& Tower with Radar,27,40,17,45,129,0,0,6,1,7,27,40,23,46,136,0,164,164,300
03/13/2012,JAN,MS,ASO,CE,Combined TRACON& Tower with Radar,25,43,22,36,126,0,2,2,1,5,25,45,24,37,131,0,16,16,147
03/14/2012,JAN,MS,ASO,CE,Combined TRACON& Tower with Radar,27,39,27,33,126,0,0,8,1,9,27,39,35,34,135,0,46,46,181
03/15/2012,JAN,MS,ASO,CE,Combined TRACON& Tower with Radar,25,57,29,18,129,0,2,6,0,8,25,59,35,18,137,0,82,82,219
03/16/2012,JAN,MS,ASO,CE,Combined TRACON& Tower with Radar,28,49,26,35,138,0,1,19,4,24,28,50,45,39,162,2,124,126,288
03/17/2012,JAN,MS,ASO,CE,Combined TRACON& Tower with Radar,21,32,6,7,66,0,0,6,5,11,21,32,12,12,77,0,4,4,81
03/18/2012,JAN,MS,ASO,CE,Combined TRACON& Tower with Radar,23,34,14,2,73,0,0,3,0,3,23,34,17,2,76,0,2,2,78
03/19/2012,JAN,MS,ASO,CE,Combined TRACON& Tower with Radar,27,43,24,20,114,0,0,2,0,2,27,43,26,20,116,2,44,46,162
03/20/2012,JAN,MS,ASO,CE,Combined TRACON& Tower with Radar,23,30,16,30,99,0,2,1,1,4,23,32,17,31,103,4,108,112,215
03/21/2012,JAN,MS,ASO,CE,Combined TRACON& Tower with Radar,29,39,26,1,95,0,0,2,0,2,29,39,28,1,97,2,0,2,99
03/22/2012,JAN,MS,ASO,CE,Combined TRACON& Tower with Radar,25,40,17,10,92,0,1,10,1,12,25,41,27,11,104,4,38,42,146
03/23/2012,JAN,MS,ASO,CE,Combined TRACON& Tower with Radar,28,42,9,15,94,0,1,8,1,10,28,43,17,16,104,0,24,24,128
03/24/2012,JAN,MS,ASO,CE,Combined TRACON& Tower with Radar,23,28,4,8,63,0,0,3,0,3,23,28,7,8,66,2,0,2,68
03/25/2012,JAN,MS,ASO,CE,Combined TRACON& Tower with Radar,21,39,9,12,81,0,1,4,0,5,21,40,13,12,86,2,34,36,122
03/26/2012,JAN,MS,ASO,CE,Combined TRACON& Tower with Radar,27,43,18,20,108,0,1,10,0,11,27,44,28,20,119,0,138,138,257
03/27/2012,JAN,MS,ASO,CE,Combined TRACON& Tower with Radar,27,45,20,16,108,0,1,5,0,6,27,46,25,16,114,4,34,38,152
03/28/2012,JAN,MS,ASO,CE,Combined TRACON& Tower with Radar,25,42,37,32,136,0,0,11,1,12,25,42,48,33,148,0,102,102,250
03/29/2012,JAN,MS,ASO,CE,Combined TRACON& Tower with Radar,25,40,25,13,103,0,0,10,0,10,25,40,35,13,113,0,12,12,125
03/30/2012,JAN,MS,ASO,CE,Combined TRACON& Tower with Radar,30,42,21,21,114,0,0,3,0,3,30,42,24,21,117,0,20,20,137
03/31/2012,JAN,MS,ASO,CE,Combined TRACON& Tower with Radar,22,28,12,0,62,0,0,4,0,4,22,28,16,0,66,0,0,0,66
04/01/2012,JAN,MS,ASO,CE,Combined TRACON& Tower with Radar,22,36,6,4,68,0,0,1,2,3,22,36,7,6,71,6,4,10,81
04/02/2012,JAN,MS,ASO,CE,Combined TRACON& Tower with Radar,24,37,15,10,86,0,4,3,4,11,24,41,18,14,97,10,38,48,145
04/03/2012,JAN,MS,ASO,CE,Combined TRACON& Tower with Radar,26,33,27,27,113,0,1,5,2,8,26,34,32,29,121,8,102,110,231
04/04/2012,JAN,MS,ASO,CE,Combined TRACON& Tower with Radar,24,38,25,10,97,0,0,12,0,12,24,38,37,10,109,0,8,8,117
04/05/2012,JAN,MS,ASO,CE,Combined TRACON& Tower with Radar,24,50,21,32,127,0,3,2,2,7,24,53,23,34,134,0,52,52,186
04/06/2012,JAN,MS,ASO,CE,Combined TRACON& Tower with Radar,25,52,13,30,120,0,3,3,0,6,25,55,16,30,126,5,78,83,209
04/07/2012,JAN,MS,ASO,CE,Combined TRACON& Tower with Radar,15,41,6,1,63,0,0,9,0,9,15,41,15,1,72,0,0,0,72
04/08/2012,JAN,MS,ASO,CE,Combined TRACON& Tower with Radar,21,31,9,0,61,0,0,1,0,1,21,31,10,0,62,0,0,0,62
04/09/2012,JAN,MS,ASO,CE,Combined TRACON& Tower with Radar,24,48,21,21,114,0,0,13,1,14,24,48,34,22,128,2,54,56,184
04/10/2012,JAN,MS,ASO,CE,Combined TRACON& Tower with Radar,26,49,13,16,104,0,0,4,1,5,26,49,17,17,109,4,42,46,155
04/11/2012,JAN,MS,ASO,CE,Combined TRACON& Tower with Radar,25,46,25,24,120,0,2,14,1,17,25,48,39,25,137,0,40,40,177
04/12/2012,JAN,MS,ASO,CE,Combined TRACON& Tower with Radar,25,47,42,16,130,0,3,9,1,13,25,50,51,17,143,0,26,26,169
04/13/2012,JAN,MS,ASO,CE,Combined TRACON& Tower with Radar,28,45,14,8,95,0,1,12,0,13,28,46,26,8,108,2,68,70,178
04/14/2012,JAN,MS,ASO,CE,Combined TRACON& Tower with Radar,21,32,8,8,69,0,1,2,0,3,21,33,10,8,72,0,6,6,78
04/15/2012,JAN,MS,ASO,CE,Combined TRACON& Tower with Radar,25,38,7,11,81,0,0,1,3,4,25,38,8,14,85,0,0,0,85
04/16/2012,JAN,MS,ASO,CE,Combined TRACON& Tower with Radar,26,41,17,7,91,0,0,2,0,2,26,41,19,7,93,0,0,0,93
04/17/2012,JAN,MS,ASO,CE,Combined TRACON& Tower with Radar,24,43,19,3,89,0,0,1,0,1,24,43,20,3,90,0,0,0,90
04/18/2012,JAN,MS,ASO,CE,Combined TRACON& Tower with Radar,27,43,32,23,125,0,0,10,3,13,27,43,42,26,138,0,28,28,166
04/19/2012,JAN,MS,ASO,CE,Combined TRACON& Tower with Radar,26,45,24,18,113,0,1,6,8,15,26,46,30,26,128,0,94,94,222
04/20/2012,JAN,MS,ASO,CE,Combined TRACON& Tower with Radar,27,52,29,17,125,0,0,11,0,11,27,52,40,17,136,2,14,16,152
04/21/2012,JAN,MS,ASO,CE,Combined TRACON& Tower with Radar,22,34,6,3,65,0,1,4,0,5,22,35,10,3,70,0,0,0,70
04/22/2012,JAN,MS,ASO,CE,Combined TRACON& Tower with Radar,25,40,5,15,85,0,0,1,0,1,25,40,6,15,86,0,10,10,96
04/23/2012,JAN,MS,ASO,CE,Combined TRACON& Tower with Radar,22,47,25,20,114,0,1,9,0,10,22,48,34,20,124,10,104,114,238
04/24/2012,JAN,MS,ASO,CE,Combined TRACON& Tower with Radar,25,47,29,22,123,0,0,9,0,9,25,47,38,22,132,12,90,102,234
04/25/2012,JAN,MS,ASO,CE,Combined TRACON& Tower with Radar,24,54,26,17,121,0,0,11,2,13,24,54,37,19,134,0,56,56,190
04/26/2012,JAN,MS,ASO,CE,Combined TRACON& Tower with Radar,24,48,20,20,112,0,1,9,4,14,24,49,29,24,126,3,102,105,231
04/27/2012,JAN,MS,ASO,CE,Combined TRACON& Tower with Radar,25,53,22,10,110,0,0,7,0,7,25,53,29,10,117,4,40,44,161
04/28/2012,JAN,MS,ASO,CE,Combined TRACON& Tower with Radar,19,35,13,0,67,0,1,2,0,3,19,36,15,0,70,1,0,1,71
04/29/2012,JAN,MS,ASO,CE,Combined TRACON& Tower with Radar,27,40,9,4,80,0,1,3,0,4,27,41,12,4,84,2,0,2,86
04/30/2012,JAN,MS,ASO,CE,Combined TRACON& Tower with Radar,24,44,22,9,99,0,0,4,3,7,24,44,26,12,106,0,18,18,124
05/01/2012,JAN,MS,ASO,CE,Combined TRACON& Tower with Radar,24,48,28,10,110,0,4,6,0,10,24,52,34,10,120,2,2,4,124
05/02/2012,JAN,MS,ASO,CE,Combined TRACON& Tower with Radar,25,43,21,3,92,0,0,4,0,4,25,43,25,3,96,0,0,0,96
05/03/2012,JAN,MS,ASO,CE,Combined TRACON& Tower with Radar,26,49,24,30,129,0,0,6,2,8,26,49,30,32,137,0,98,98,235
05/04/2012,JAN,MS,ASO,CE,Combined TRACON& Tower with Radar,26,42,22,18,108,0,2,5,1,8,26,44,27,19,116,0,46,46,162
05/05/2012,JAN,MS,ASO,CE,Combined TRACON& Tower with Radar,24,34,6,3,67,0,0,7,0,7,24,34,13,3,74,0,0,0,74
05/06/2012,JAN,MS,ASO,CE,Combined TRACON& Tower with Radar,23,43,11,4,81,0,0,8,0,8,23,43,19,4,89,0,4,4,93
05/07/2012,JAN,MS,ASO,CE,Combined TRACON& Tower with Radar,29,47,14,24,114,0,5,1,2,8,29,52,15,26,122,4,48,52,174
05/08/2012,JAN,MS,ASO,CE,Combined TRACON& Tower with Radar,23,47,32,11,113,0,0,5,3,8,23,47,37,14,121,0,8,8,129
05/09/2012,JAN,MS,ASO,CE,Combined TRACON& Tower with Radar,27,46,21,18,112,0,0,5,0,5,27,46,26,18,117,8,20,28,145
05/10/2012,JAN,MS,ASO,CE,Combined TRACON& Tower with Radar,38,48,28,17,131,0,2,11,1,14,38,50,39,18,145,0,66,66,211
05/11/2012,JAN,MS,ASO,CE,Combined TRACON& Tower with Radar,25,40,23,14,102,0,5,6,1,12,25,45,29,15,114,4,18,22,136
05/12/2012,JAN,MS,ASO,CE,Combined TRACON& Tower with Radar,22,32,7,3,64,0,0,2,0,2,22,32,9,3,66,0,0,0,66
05/13/2012,JAN,MS,ASO,CE,Combined TRACON& Tower with Radar,21,46,10,2,79,0,1,0,0,1,21,47,10,2,80,0,2,2,82
05/14/2012,JAN,MS,ASO,CE,Combined TRACON& Tower with Radar,24,45,14,18,101,0,5,4,0,9,24,50,18,18,110,0,24,24,134
05/15/2012,JAN,MS,ASO,CE,Combined TRACON& Tower with Radar,24,48,31,20,123,0,1,2,0,3,24,49,33,20,126,2,68,70,196
05/16/2012,JAN,MS,ASO,CE,Combined TRACON& Tower with Radar,24,46,25,21,116,0,1,3,0,4,24,47,28,21,120,0,84,84,204
05/17/2012,JAN,MS,ASO,CE,Combined TRACON& Tower with Radar,26,52,30,23,131,0,0,8,1,9,26,52,38,24,140,0,18,18,158
05/18/2012,JAN,MS,ASO,CE,Combined TRACON& Tower with Radar,25,49,16,9,99,0,0,4,0,4,25,49,20,9,103,0,8,8,111
05/19/2012,JAN,MS,ASO,CE,Combined TRACON& Tower with Radar,20,37,10,0,67,0,0,5,0,5,20,37,15,0,72,0,0,0,72
05/20/2012,JAN,MS,ASO,CE,Combined TRACON& Tower with Radar,23,41,14,13,91,0,1,2,2,5,23,42,16,15,96,1,5,6,102
05/21/2012,JAN,MS,ASO,CE,Combined TRACON& Tower with Radar,26,45,39,6,116,0,0,9,0,9,26,45,48,6,125,9,26,35,160
05/22/2012,JAN,MS,ASO,CE,Combined TRACON& Tower with Radar,26,42,19,21,108,0,1,11,1,13,26,43,30,22,121,0,100,100,221
05/23/2012,JAN,MS,ASO,CE,Combined TRACON& Tower with Radar,27,43,36,17,123,0,1,5,1,7,27,44,41,18,130,1,48,49,179
05/24/2012,JAN,MS,ASO,CE,Combined TRACON& Tower with Radar,26,45,25,11,107,0,1,2,0,3,26,46,27,11,110,0,10,10,120
05/25/2012,JAN,MS,ASO,CE,Combined TRACON& Tower with Radar,27,45,13,2,87,0,1,5,0,6,27,46,18,2,93,2,2,4,97
05/26/2012,JAN,MS,ASO,CE,Combined TRACON& Tower with Radar,21,30,6,1,58,0,3,0,0,3,21,33,6,1,61,0,0,0,61
05/27/2012,JAN,MS,ASO,CE,Combined TRACON& Tower with Radar,21,37,3,5,66,0,1,2,0,3,21,38,5,5,69,0,4,4,73
05/28/2012,JAN,MS,ASO,CE,Combined TRACON& Tower with Radar,24,41,11,1,77,0,0,0,0,0,24,41,11,1,77,2,0,2,79
05/29/2012,JAN,MS,ASO,CE,Combined TRACON& Tower with Radar,23,58,24,31,136,0,1,9,0,10,23,59,33,31,146,4,68,72,218
05/30/2012,JAN,MS,ASO,CE,Combined TRACON& Tower with Radar,24,40,27,17,108,0,0,7,1,8,24,40,34,18,116,0,38,38,154
05/31/2012,JAN,MS,ASO,CE,Combined TRACON& Tower with Radar,28,47,26,6,107,0,0,4,0,4,28,47,30,6,111,18,0,18,129
06/01/2012,JAN,MS,ASO,CE,Combined TRACON& Tower with Radar,25,46,17,33,121,0,0,2,1,3,25,46,19,34,124,0,22,22,146
06/02/2012,JAN,MS,ASO,CE,Combined TRACON& Tower with Radar,21,37,4,0,62,0,1,0,2,3,21,38,4,2,65,2,0,2,67
06/03/2012,JAN,MS,ASO,CE,Combined TRACON& Tower with Radar,25,40,15,20,100,0,1,1,0,2,25,41,16,20,102,0,36,36,138
06/04/2012,JAN,MS,ASO,CE,Combined TRACON& Tower with Radar,26,43,6,10,85,0,0,2,1,3,26,43,8,11,88,0,14,14,102
06/05/2012,JAN,MS,ASO,CE,Combined TRACON& Tower with Radar,34,48,32,35,149,0,0,2,1,3,34,48,34,36,152,4,135,139,291
06/06/2012,JAN,MS,ASO,CE,Combined TRACON& Tower with Radar,25,39,25,26,115,0,1,6,0,7,25,40,31,26,122,4,40,44,166
06/07/2012,JAN,MS,ASO,CE,Combined TRACON& Tower with Radar,19,51,17,25,112,0,0,3,0,3,19,51,20,25,115,0,62,62,177
06/08/2012,JAN,MS,ASO,CE,Combined TRACON& Tower with Radar,23,53,16,29,121,0,1,9,3,13,23,54,25,32,134,0,86,86,220
06/09/2012,JAN,MS,ASO,CE,Combined TRACON& Tower with Radar,20,50,12,0,82,0,1,3,1,5,20,51,15,1,87,2,0,2,89
06/10/2012,JAN,MS,ASO,CE,Combined TRACON& Tower with Radar,17,48,16,1,82,0,0,2,0,2,17,48,18,1,84,0,0,0,84
06/11/2012,JAN,MS,ASO,CE,Combined TRACON& Tower with Radar,20,49,33,17,119,0,0,5,5,10,20,49,38,22,129,4,48,52,181
06/12/2012,JAN,MS,ASO,CE,Combined TRACON& Tower with Radar,17,51,14,7,89,0,0,3,0,3,17,51,17,7,92,2,12,14,106
06/13/2012,JAN,MS,ASO,CE,Combined TRACON& Tower with Radar,20,52,24,23,119,0,2,7,0,9,20,54,31,23,128,0,86,86,214
06/14/2012,JAN,MS,ASO,CE,Combined TRACON& Tower with Radar,19,54,15,11,99,0,2,7,1,10,19,56,22,12,109,5,122,127,236
06/15/2012,JAN,MS,ASO,CE,Combined TRACON& Tower with Radar,26,52,14,16,108,0,2,6,3,11,26,54,20,19,119,0,56,56,175
06/16/2012,JAN,MS,ASO,CE,Combined TRACON& Tower with Radar,18,41,18,2,79,0,0,9,0,9,18,41,27,2,88,4,0,4,92
06/17/2012,JAN,MS,ASO,CE,Combined TRACON& Tower with Radar,20,48,6,12,86,0,0,3,0,3,20,48,9,12,89,2,6,8,97
06/18/2012,JAN,MS,ASO,CE,Combined TRACON& Tower with Radar,22,49,17,16,104,0,0,8,0,8,22,49,25,16,112,6,18,24,136
06/19/2012,JAN,MS,ASO,CE,Combined TRACON& Tower with Radar,22,48,16,11,97,0,0,12,0,12,22,48,28,11,109,0,6,6,115
06/20/2012,JAN,MS,ASO,CE,Combined TRACON& Tower with Radar,22,48,28,16,114,0,1,8,1,10,22,49,36,17,124,0,48,48,172
06/21/2012,JAN,MS,ASO,CE,Combined TRACON& Tower with Radar,22,47,21,11,101,0,1,6,1,8,22,48,27,12,109,0,44,44,153
06/22/2012,JAN,MS,ASO,CE,Combined TRACON& Tower with Radar,27,57,20,6,110,0,3,11,1,15,27,60,31,7,125,8,10,18,143
06/23/2012,JAN,MS,ASO,CE,Combined TRACON& Tower with Radar,21,45,5,1,72,0,3,13,0,16,21,48,18,1,88,2,12,14,102
06/24/2012,JAN,MS,ASO,CE,Combined TRACON& Tower with Radar,22,48,6,8,84,0,1,1,0,2,22,49,7,8,86,0,0,0,86
06/25/2012,JAN,MS,ASO,CE,Combined TRACON& Tower with Radar,26,54,20,21,121,0,0,2,0,2,26,54,22,21,123,0,84,84,207
06/26/2012,JAN,MS,ASO,CE,Combined TRACON& Tower with Radar,25,53,14,18,110,0,1,8,2,11,25,54,22,20,121,6,8,14,135
06/27/2012,JAN,MS,ASO,CE,Combined TRACON& Tower with Radar,23,52,13,15,103,0,0,6,0,6,23,52,19,15,109,0,52,52,161
06/28/2012,JAN,MS,ASO,CE,Combined TRACON& Tower with Radar,25,50,26,11,112,0,3,17,2,22,25,53,43,13,134,2,59,61,195
06/29/2012,JAN,MS,ASO,CE,Combined TRACON& Tower with Radar,22,52,13,8,95,0,0,15,0,15,22,52,28,8,110,4,12,16,126
06/30/2012,JAN,MS,ASO,CE,Combined TRACON& Tower with Radar,17,41,5,3,66,0,1,2,0,3,17,42,7,3,69,2,0,2,71
07/01/2012,JAN,MS,ASO,CE,Combined TRACON& Tower with Radar,19,46,11,0,76,0,2,4,0,6,19,48,15,0,82,0,0,0,82
07/02/2012,JAN,MS,ASO,CE,Combined TRACON& Tower with Radar,29,37,17,16,99,0,1,8,0,9,29,38,25,16,108,6,42,48,156
07/03/2012,JAN,MS,ASO,CE,Combined TRACON& Tower with Radar,21,37,13,36,107,0,0,5,0,5,21,37,18,36,112,0,68,68,180
07/04/2012,JAN,MS,ASO,CE,Combined TRACON& Tower with Radar,20,28,1,1,50,0,0,2,0,2,20,28,3,1,52,0,0,0,52
07/05/2012,JAN,MS,ASO,CE,Combined TRACON& Tower with Radar,22,37,7,12,78,0,0,7,0,7,22,37,14,12,85,0,18,18,103
07/06/2012,JAN,MS,ASO,CE,Combined TRACON& Tower with Radar,29,40,10,10,89,0,2,7,0,9,29,42,17,10,98,0,158,158,256
07/07/2012,JAN,MS,ASO,CE,Combined TRACON& Tower with Radar,19,44,8,16,87,0,2,6,4,12,19,46,14,20,99,0,18,18,117
07/08/2012,JAN,MS,ASO,CE,Combined TRACON& Tower with Radar,18,52,14,1,85,0,0,3,0,3,18,52,17,1,88,0,0,0,88
07/09/2012,JAN,MS,ASO,CE,Combined TRACON& Tower with Radar,22,52,27,17,118,0,0,7,4,11,22,52,34,21,129,0,38,38,167
07/10/2012,JAN,MS,ASO,CE,Combined TRACON& Tower with Radar,22,45,16,12,95,0,1,5,0,6,22,46,21,12,101,0,0,0,101
07/11/2012,JAN,MS,ASO,CE,Combined TRACON& Tower with Radar,21,44,22,9,96,0,0,6,0,6,21,44,28,9,102,0,0,0,102
07/12/2012,JAN,MS,ASO,CE,Combined TRACON& Tower with Radar,24,48,25,4,101,0,0,9,0,9,24,48,34,4,110,0,0,0,110
07/13/2012,JAN,MS,ASO,CE,Combined TRACON& Tower with Radar,26,44,25,8,103,0,1,5,0,6,26,45,30,8,109,0,0,0,109
07/14/2012,JAN,MS,ASO,CE,Combined TRACON& Tower with Radar,19,44,8,16,87,0,2,6,4,12,19,46,14,20,99,0,0,0,99
07/15/2012,JAN,MS,ASO,CE,Combined TRACON& Tower with Radar,18,52,14,1,85,0,0,3,0,3,18,52,17,1,88,0,0,0,88
07/16/2012,JAN,MS,ASO,CE,Combined TRACON& Tower with Radar,22,52,27,17,118,0,0,7,4,11,22,52,34,21,129,4,0,4,133
07/17/2012,JAN,MS,ASO,CE,Combined TRACON& Tower with Radar,18,33,17,12,80,0,0,4,1,5,18,33,21,13,85,6,30,36,121
07/18/2012,JAN,MS,ASO,CE,Combined TRACON& Tower with Radar,16,38,21,7,82,0,2,5,2,9,16,40,26,9,91,8,62,70,161
07/19/2012,JAN,MS,ASO,CE,Combined TRACON& Tower with Radar,21,50,27,8,106,0,0,2,0,2,21,50,29,8,108,0,24,24,132
07/20/2012,JAN,MS,ASO,CE,Combined TRACON& Tower with Radar,29,39,20,23,111,1,0,2,1,4,30,39,22,24,115,0,28,28,143
07/21/2012,JAN,MS,ASO,CE,Combined TRACON& Tower with Radar,19,41,3,2,65,0,1,2,0,3,19,42,5,2,68,0,0,0,68
07/22/2012,JAN,MS,ASO,CE,Combined TRACON& Tower with Radar,21,45,11,8,85,0,0,3,0,3,21,45,14,8,88,0,0,0,88
07/23/2012,JAN,MS,ASO,CE,Combined TRACON& Tower with Radar,25,51,23,2,101,0,2,3,1,6,25,53,26,3,107,6,18,24,131
07/24/2012,JAN,MS,ASO,CE,Combined TRACON& Tower with Radar,25,47,36,13,121,0,1,2,0,3,25,48,38,13,124,6,16,22,146
07/25/2012,JAN,MS,ASO,CE,Combined TRACON& Tower with Radar,24,47,32,11,114,0,0,8,0,8,24,47,40,11,122,2,12,14,136
07/26/2012,JAN,MS,ASO,CE,Combined TRACON& Tower with Radar,22,51,24,32,129,0,1,2,0,3,22,52,26,32,132,0,46,46,178
07/27/2012,JAN,MS,ASO,CE,Combined TRACON& Tower with Radar,23,51,23,6,103,0,0,5,0,5,23,51,28,6,108,0,14,14,122
07/28/2012,JAN,MS,ASO,CE,Combined TRACON& Tower with Radar,20,47,14,5,86,0,3,4,0,7,20,50,18,5,93,0,0,0,93
07/29/2012,JAN,MS,ASO,CE,Combined TRACON& Tower with Radar,28,52,11,7,98,0,2,1,0,3,28,54,12,7,101,0,8,8,109
07/30/2012,JAN,MS,ASO,CE,Combined TRACON& Tower with Radar,25,50,16,16,107,0,0,8,0,8,25,50,24,16,115,3,54,57,172
07/31/2012,JAN,MS,ASO,CE,Combined TRACON& Tower with Radar,23,48,15,26,112,0,2,12,0,14,23,50,27,26,126,2,64,66,192
08/01/2012,JAN,MS,ASO,CE,Combined TRACON& Tower with Radar,24,49,17,9,99,0,1,7,0,8,24,50,24,9,107,0,24,24,131
08/02/2012,JAN,MS,ASO,CE,Combined TRACON& Tower with Radar,24,52,17,14,107,0,0,9,0,9,24,52,26,14,116,0,55,55,171
08/03/2012,JAN,MS,ASO,CE,Combined TRACON& Tower with Radar,25,53,20,33,131,0,1,7,1,9,25,54,27,34,140,0,108,108,248
08/04/2012,JAN,MS,ASO,CE,Combined TRACON& Tower with Radar,20,48,11,0,79,0,1,6,0,7,20,49,17,0,86,0,0,0,86
08/05/2012,JAN,MS,ASO,CE,Combined TRACON& Tower with Radar,21,46,6,4,77,0,1,4,0,5,21,47,10,4,82,0,2,2,84
08/06/2012,JAN,MS,ASO,CE,Combined TRACON& Tower with Radar,27,49,15,10,101,0,0,1,0,1,27,49,16,10,102,0,60,60,162
08/07/2012,JAN,MS,ASO,CE,Combined TRACON& Tower with Radar,27,50,20,26,123,0,1,7,0,8,27,51,27,26,131,2,146,148,279
08/08/2012,JAN,MS,ASO,CE,Combined TRACON& Tower with Radar,24,51,27,19,121,0,0,5,0,5,24,51,32,19,126,1,68,69,195
08/09/2012,JAN,MS,ASO,CE,Combined TRACON& Tower with Radar,20,46,17,13,96,0,0,6,1,7,20,46,23,14,103,0,14,14,117
08/10/2012,JAN,MS,ASO,CE,Combined TRACON& Tower with Radar,25,48,26,14,113,0,0,6,0,6,25,48,32,14,119,0,78,78,197
08/11/2012,JAN,MS,ASO,CE,Combined TRACON& Tower with Radar,18,42,7,0,67,0,0,7,0,7,18,42,14,0,74,0,0,0,74
08/12/2012,JAN,MS,ASO,CE,Combined TRACON& Tower with Radar,18,44,11,11,84,0,1,9,0,10,18,45,20,11,94,0,35,35,129
08/13/2012,JAN,MS,ASO,CE,Combined TRACON& Tower with Radar,20,51,20,10,101,0,1,6,0,7,20,52,26,10,108,8,22,30,138
08/14/2012,JAN,MS,ASO,CE,Combined TRACON& Tower with Radar,22,54,16,30,122,0,2,5,0,7,22,56,21,30,129,0,158,158,287
08/15/2012,JAN,MS,ASO,CE,Combined TRACON& Tower with Radar,30,44,30,7,111,0,2,8,2,12,30,46,38,9,123,20,30,50,173
08/16/2012,JAN,MS,ASO,CE,Combined TRACON& Tower with Radar,24,44,20,3,91,0,0,7,1,8,24,44,27,4,99,0,4,4,103
08/17/2012,JAN,MS,ASO,CE,Combined TRACON& Tower with Radar,24,45,30,12,111,0,0,6,0,6,24,45,36,12,117,6,27,33,150
08/18/2012,JAN,MS,ASO,CE,Combined TRACON& Tower with Radar,19,40,14,2,75,0,0,2,0,2,19,40,16,2,77,4,0,4,81
08/19/2012,JAN,MS,ASO,CE,Combined TRACON& Tower with Radar,18,42,4,0,64,0,2,1,1,4,18,44,5,1,68,1,0,1,69
08/20/2012,JAN,MS,ASO,CE,Combined TRACON& Tower with Radar,26,45,21,5,97,0,0,6,0,6,26,45,27,5,103,2,0,2,105
08/21/2012,JAN,MS,ASO,CE,Combined TRACON& Tower with Radar,25,41,23,22,111,0,1,12,0,13,25,42,35,22,124,2,58,60,184
08/22/2012,JAN,MS,ASO,CE,Combined TRACON& Tower with Radar,25,41,31,12,109,0,0,8,0,8,25,41,39,12,117,4,8,12,129
08/23/2012,JAN,MS,ASO,CE,Combined TRACON& Tower with Radar,22,51,19,7,99,0,2,8,0,10,22,53,27,7,109,6,2,8,117
08/24/2012,JAN,MS,ASO,CE,Combined TRACON& Tower with Radar,27,46,24,6,103,0,3,5,1,9,27,49,29,7,112,8,2,10,122
08/25/2012,JAN,MS,ASO,CE,Combined TRACON& Tower with Radar,17,36,8,9,70,0,2,0,2,4,17,38,8,11,74,0,8,8,82
08/26/2012,JAN,MS,ASO,CE,Combined TRACON& Tower with Radar,18,45,9,0,72,0,0,5,0,5,18,45,14,0,77,0,0,0,77
08/27/2012,JAN,MS,ASO,CE,Combined TRACON& Tower with Radar,22,46,30,11,109,0,1,10,0,11,22,47,40,11,120,0,46,46,166
08/28/2012,JAN,MS,ASO,CE,Combined TRACON& Tower with Radar,26,36,5,11,78,0,0,0,0,0,26,36,5,11,78,0,2,2,80
08/29/2012,JAN,MS,ASO,CE,Combined TRACON& Tower with Radar,18,29,1,0,48,0,0,0,0,0,18,29,1,0,48,0,0,0,48
08/30/2012,JAN,MS,ASO,CE,Combined TRACON& Tower with Radar,13,22,0,0,35,0,0,0,0,0,13,22,0,0,35,0,0,0,35
08/31/2012,JAN,MS,ASO,CE,Combined TRACON& Tower with Radar,22,44,18,6,90,0,0,3,0,3,22,44,21,6,93,0,0,0,93
09/01/2012,JAN,MS,ASO,CE,Combined TRACON& Tower with Radar,12,35,1,2,50,0,1,2,1,4,12,36,3,3,54,0,0,0,54
09/02/2012,JAN,MS,ASO,CE,Combined TRACON& Tower with Radar,12,33,6,1,52,0,0,3,1,4,12,33,9,2,56,4,0,4,60
09/03/2012,JAN,MS,ASO,CE,Combined TRACON& Tower with Radar,18,42,16,14,90,0,4,3,0,7,18,46,19,14,97,0,4,4,101
09/04/2012,JAN,MS,ASO,CE,Combined TRACON& Tower with Radar,21,50,19,18,108,0,1,4,0,5,21,51,23,18,113,2,98,100,213
09/05/2012,JAN,MS,ASO,CE,Combined TRACON& Tower with Radar,22,45,26,33,126,0,3,2,1,6,22,48,28,34,132,0,128,128,260
09/06/2012,JAN,MS,ASO,CE,Combined TRACON& Tower with Radar,22,44,27,25,118,0,0,10,2,12,22,44,37,27,130,0,34,34,164
09/07/2012,JAN,MS,ASO,CE,Combined TRACON& Tower with Radar,24,44,18,16,102,0,1,13,0,14,24,45,31,16,116,2,62,64,180
09/08/2012,JAN,MS,ASO,CE,Combined TRACON& Tower with Radar,14,33,3,7,57,0,0,5,0,5,14,33,8,7,62,0,12,12,74
09/09/2012,JAN,MS,ASO,CE,Combined TRACON& Tower with Radar,18,39,10,11,78,0,2,3,0,5,18,41,13,11,83,0,26,26,109
09/10/2012,JAN,MS,ASO,CE,Combined TRACON& Tower with Radar,21,50,28,20,119,0,2,7,0,9,21,52,35,20,128,4,50,54,182
09/11/2012,JAN,MS,ASO,CE,Combined TRACON& Tower with Radar,24,45,29,22,120,0,2,4,2,8,24,47,33,24,128,2,50,52,180
09/12/2012,JAN,MS,ASO,CE,Combined TRACON& Tower with Radar,23,43,29,13,108,0,0,10,1,11,23,43,39,14,119,0,8,8,127
09/13/2012,JAN,MS,ASO,CE,Combined TRACON& Tower with Radar,23,54,25,27,129,0,2,7,3,12,23,56,32,30,141,0,74,74,215
09/14/2012,JAN,MS,ASO,CE,Combined TRACON& Tower with Radar,24,44,24,6,98,0,1,10,1,12,24,45,34,7,110,0,2,2,112
09/15/2012,JAN,MS,ASO,CE,Combined TRACON& Tower with Radar,13,32,5,2,52,0,1,2,0,3,13,33,7,2,55,0,0,0,55
09/16/2012,JAN,MS,ASO,CE,Combined TRACON& Tower with Radar,18,40,14,5,77,0,0,2,0,2,18,40,16,5,79,0,0,0,79
09/17/2012,JAN,MS,ASO,CE,Combined TRACON& Tower with Radar,23,44,20,9,96,0,0,2,0,2,23,44,22,9,98,0,2,2,100
09/18/2012,JAN,MS,ASO,CE,Combined TRACON& Tower with Radar,22,44,22,21,109,0,0,0,0,0,22,44,22,21,109,10,66,76,185
09/19/2012,JAN,MS,ASO,CE,Combined TRACON& Tower with Radar,23,42,36,11,112,0,0,14,1,15,23,42,50,12,127,34,48,82,209
09/20/2012,JAN,MS,ASO,CE,Combined TRACON& Tower with Radar,21,50,30,33,134,0,1,18,3,22,21,51,48,36,156,0,92,92,248
09/21/2012,JAN,MS,ASO,CE,Combined TRACON& Tower with Radar,22,51,27,7,107,0,2,13,0,15,22,53,40,7,122,4,2,6,128
09/22/2012,JAN,MS,ASO,CE,Combined TRACON& Tower with Radar,13,32,8,0,53,0,1,10,0,11,13,33,18,0,64,2,0,2,66
09/23/2012,JAN,MS,ASO,CE,Combined TRACON& Tower with Radar,17,43,12,1,73,0,2,11,2,15,17,45,23,3,88,0,0,0,88
09/24/2012,JAN,MS,ASO,CE,Combined TRACON& Tower with Radar,23,44,26,10,103,0,2,7,0,9,23,46,33,10,112,0,44,44,156
09/25/2012,JAN,MS,ASO,CE,Combined TRACON& Tower with Radar,22,39,14,12,87,0,0,2,3,5,22,39,16,15,92,0,28,28,120
09/26/2012,JAN,MS,ASO,CE,Combined TRACON& Tower with Radar,23,50,20,16,109,0,0,5,2,7,23,50,25,18,116,0,20,20,136
09/27/2012,JAN,MS,ASO,CE,Combined TRACON& Tower with Radar,22,54,49,21,146,0,0,18,2,20,22,54,67,23,166,0,50,50,216
09/28/2012,JAN,MS,ASO,CE,Combined TRACON& Tower with Radar,25,45,16,12,98,0,1,9,0,10,25,46,25,12,108,0,96,96,204
09/29/2012,JAN,MS,ASO,CE,Combined TRACON& Tower with Radar,17,36,6,1,60,0,1,0,0,1,17,37,6,1,61,0,0,0,61
09/30/2012,JAN,MS,ASO,CE,Combined TRACON& Tower with Radar,22,44,10,0,76,0,0,2,0,2,22,44,12,0,78,0,0,0,78
10/01/2012,JAN,MS,ASO,CE,Combined TRACON& Tower with Radar,23,44,22,2,91,0,0,0,0,0,23,44,22,2,91,0,0,0,91
10/02/2012,JAN,MS,ASO,CE,Combined TRACON& Tower with Radar,25,39,26,34,124,0,2,11,0,13,25,41,37,34,137,12,144,156,293
10/03/2012,JAN,MS,ASO,CE,Combined TRACON& Tower with Radar,27,50,35,10,122,0,0,3,1,4,27,50,38,11,126,1,54,55,181
10/04/2012,JAN,MS,ASO,CE,Combined TRACON& Tower with Radar,26,48,22,9,105,0,3,5,0,8,26,51,27,9,113,2,14,16,129
10/05/2012,JAN,MS,ASO,CE,Combined TRACON& Tower with Radar,29,44,30,12,115,0,2,13,1,16,29,46,43,13,131,6,40,46,177
10/06/2012,JAN,MS,ASO,CE,Combined TRACON& Tower with Radar,19,26,14,12,71,0,0,0,1,1,19,26,14,13,72,0,0,0,72
10/07/2012,JAN,MS,ASO,CE,Combined TRACON& Tower with Radar,23,47,9,1,80,0,2,0,0,2,23,49,9,1,82,2,0,2,84
10/08/2012,JAN,MS,ASO,CE,Combined TRACON& Tower with Radar,24,51,17,24,116,0,2,6,0,8,24,53,23,24,124,0,32,32,156
10/09/2012,JAN,MS,ASO,CE,Combined TRACON& Tower with Radar,24,42,20,11,97,0,2,10,1,13,24,44,30,12,110,4,48,52,162
10/10/2012,JAN,MS,ASO,CE,Combined TRACON& Tower with Radar,25,47,18,30,120,0,1,7,2,10,25,48,25,32,130,0,116,116,246
10/11/2012,JAN,MS,ASO,CE,Combined TRACON& Tower with Radar,24,48,21,36,129,0,2,4,2,8,24,50,25,38,137,0,76,76,213
10/12/2012,JAN,MS,ASO,CE,Combined TRACON& Tower with Radar,24,49,18,38,129,0,1,5,0,6,24,50,23,38,135,0,46,46,181
10/13/2012,JAN,MS,ASO,CE,Combined TRACON& Tower with Radar,20,29,9,8,66,0,0,5,1,6,20,29,14,9,72,0,38,38,110
10/14/2012,JAN,MS,ASO,CE,Combined TRACON& Tower with Radar,25,38,10,5,78,0,2,2,0,4,25,40,12,5,82,0,4,4,86
10/15/2012,JAN,MS,ASO,CE,Combined TRACON& Tower with Radar,26,49,19,12,106,0,5,9,2,16,26,54,28,14,122,2,62,64,186
10/16/2012,JAN,MS,ASO,CE,Combined TRACON& Tower with Radar,25,45,23,23,116,0,1,15,1,17,25,46,38,24,133,6,104,110,243
10/17/2012,JAN,MS,ASO,CE,Combined TRACON& Tower with Radar,24,42,27,14,107,0,3,6,1,10,24,45,33,15,117,0,30,30,147
10/18/2012,JAN,MS,ASO,CE,Combined TRACON& Tower with Radar,22,47,25,25,119,0,0,7,1,8,22,47,32,26,127,0,91,91,218
10/19/2012,JAN,MS,ASO,CE,Combined TRACON& Tower with Radar,21,51,18,12,102,0,0,3,2,5,21,51,21,14,107,2,42,44,151
10/20/2012,JAN,MS,ASO,CE,Combined TRACON& Tower with Radar,21,24,8,3,56,0,2,8,0,10,21,26,16,3,66,12,0,12,78
10/21/2012,JAN,MS,ASO,CE,Combined TRACON& Tower with Radar,24,41,13,8,86,0,1,1,0,2,24,42,14,8,88,0,4,4,92
10/22/2012,JAN,MS,ASO,CE,Combined TRACON& Tower with Radar,27,42,20,25,114,0,1,6,3,10,27,43,26,28,124,0,74,74,198
10/23/2012,JAN,MS,ASO,CE,Combined TRACON& Tower with Radar,27,44,28,14,113,0,1,9,6,16,27,45,37,20,129,0,28,28,157
10/24/2012,JAN,MS,ASO,CE,Combined TRACON& Tower with Radar,29,45,38,17,129,0,0,6,1,7,29,45,44,18,136,0,68,68,204
10/25/2012,JAN,MS,ASO,CE,Combined TRACON& Tower with Radar,28,47,15,6,96,0,1,6,3,10,28,48,21,9,106,0,38,38,144
10/26/2012,JAN,MS,ASO,CE,Combined TRACON& Tower with Radar,34,42,36,4,116,0,0,2,0,2,34,42,38,4,118,0,21,21,139
10/27/2012,JAN,MS,ASO,CE,Combined TRACON& Tower with Radar,22,26,8,5,61,0,2,1,0,3,22,28,9,5,64,0,0,0,64
10/28/2012,JAN,MS,ASO,CE,Combined TRACON& Tower with Radar,24,43,10,13,90,1,0,3,0,4,25,43,13,13,94,0,26,26,120
10/29/2012,JAN,MS,ASO,CE,Combined TRACON& Tower with Radar,25,41,23,19,108,0,2,14,0,16,25,43,37,19,124,0,74,74,198
10/30/2012,JAN,MS,ASO,CE,Combined TRACON& Tower with Radar,24,46,19,18,107,0,3,13,4,20,24,49,32,22,127,6,106,112,239
10/31/2012,JAN,MS,ASO,CE,Combined TRACON& Tower with Radar,25,44,33,31,133,0,0,4,2,6,25,44,37,33,139,1,76,77,216
11/01/2012,JAN,MS,ASO,CE,Combined TRACON& Tower with Radar,26,43,32,27,128,0,2,6,2,10,26,45,38,29,138,2,62,64,202
11/02/2012,JAN,MS,ASO,CE,Combined TRACON& Tower with Radar,29,45,25,13,112,0,0,8,2,10,29,45,33,15,122,0,64,64,186
11/03/2012,JAN,MS,ASO,CE,Combined TRACON& Tower with Radar,26,31,6,2,65,0,0,6,2,8,26,31,12,4,73,0,0,0,73
11/04/2012,JAN,MS,ASO,CE,Combined TRACON& Tower with Radar,25,45,12,9,91,0,1,3,0,4,25,46,15,9,95,0,6,6,101
11/05/2012,JAN,MS,ASO,CE,Combined TRACON& Tower with Radar,29,43,18,3,93,0,0,7,0,7,29,43,25,3,100,0,0,0,100
11/06/2012,JAN,MS,ASO,CE,Combined TRACON& Tower with Radar,25,38,20,19,102,0,0,1,0,1,25,38,21,19,103,9,12,21,124
11/07/2012,JAN,MS,ASO,CE,Combined TRACON& Tower with Radar,29,40,24,14,107,0,1,7,1,9,29,41,31,15,116,4,62,66,182
11/08/2012,JAN,MS,ASO,CE,Combined TRACON& Tower with Radar,37,43,28,9,117,0,1,6,0,7,37,44,34,9,124,14,12,26,150
11/09/2012,JAN,MS,ASO,CE,Combined TRACON& Tower with Radar,25,45,22,10,102,0,1,9,1,11,25,46,31,11,113,0,68,68,181
11/10/2012,JAN,MS,ASO,CE,Combined TRACON& Tower with Radar,23,30,9,4,66,0,0,7,0,7,23,30,16,4,73,0,2,2,75
11/11/2012,JAN,MS,ASO,CE,Combined TRACON& Tower with Radar,24,41,7,0,72,0,0,5,0,5,24,41,12,0,77,0,0,0,77
11/12/2012,JAN,MS,ASO,CE,Combined TRACON& Tower with Radar,30,43,28,1,102,0,0,1,0,1,30,43,29,1,103,0,0,0,103
11/13/2012,JAN,MS,ASO,CE,Combined TRACON& Tower with Radar,29,44,15,18,106,0,2,10,0,12,29,46,25,18,118,5,20,25,143
11/14/2012,JAN,MS,ASO,CE,Combined TRACON& Tower with Radar,28,45,25,23,121,0,0,8,2,10,28,45,33,25,131,0,96,96,227
11/15/2012,JAN,MS,ASO,CE,Combined TRACON& Tower with Radar,29,46,41,19,135,0,0,4,2,6,29,46,45,21,141,0,46,46,187
11/16/2012,JAN,MS,ASO,CE,Combined TRACON& Tower with Radar,30,45,24,15,114,0,4,12,1,17,30,49,36,16,131,2,28,30,161
11/17/2012,JAN,MS,ASO,CE,Combined TRACON& Tower with Radar,23,26,5,1,55,0,0,1,0,1,23,26,6,1,56,2,0,2,58
11/18/2012,JAN,MS,ASO,CE,Combined TRACON& Tower with Radar,25,37,6,2,70,0,0,4,0,4,25,37,10,2,74,6,0,6,80
11/19/2012,JAN,MS,ASO,CE,Combined TRACON& Tower with Radar,28,40,15,22,105,0,5,10,0,15,28,45,25,22,120,0,68,68,188
11/20/2012,JAN,MS,ASO,CE,Combined TRACON& Tower with Radar,29,47,10,11,97,0,2,3,0,5,29,49,13,11,102,1,46,47,149
11/21/2012,JAN,MS,ASO,CE,Combined TRACON& Tower with Radar,28,43,11,12,94,0,1,10,0,11,28,44,21,12,105,2,51,53,158
11/22/2012,JAN,MS,ASO,CE,Combined TRACON& Tower with Radar,20,20,0,0,40,0,0,0,0,0,20,20,0,0,40,0,0,0,40
11/23/2012,JAN,MS,ASO,CE,Combined TRACON& Tower with Radar,25,29,9,2,65,0,1,4,0,5,25,30,13,2,70,10,0,10,80
11/24/2012,JAN,MS,ASO,CE,Combined TRACON& Tower with Radar,27,33,9,0,69,0,1,1,0,2,27,34,10,0,71,2,0,2,73
11/25/2012,JAN,MS,ASO,CE,Combined TRACON& Tower with Radar,31,42,12,2,87,0,0,5,0,5,31,42,17,2,92,0,0,0,92
11/26/2012,JAN,MS,ASO,CE,Combined TRACON& Tower with Radar,30,50,21,13,114,0,0,3,0,3,30,50,24,13,117,0,12,12,129
11/27/2012,JAN,MS,ASO,CE,Combined TRACON& Tower with Radar,27,45,26,16,114,0,0,2,0,2,27,45,28,16,116,0,2,2,118
11/28/2012,JAN,MS,ASO,CE,Combined TRACON& Tower with Radar,25,48,24,11,108,0,2,5,4,11,25,50,29,15,119,2,10,12,131
11/29/2012,JAN,MS,ASO,CE,Combined TRACON& Tower with Radar,25,44,25,22,116,0,0,8,0,8,25,44,33,22,124,0,44,44,168
11/30/2012,JAN,MS,ASO,CE,Combined TRACON& Tower with Radar,24,53,25,24,126,0,2,3,0,5,24,55,28,24,131,10,40,50,181
12/01/2012,JAN,MS,ASO,CE,Combined TRACON& Tower with Radar,17,32,7,5,61,0,1,2,1,4,17,33,9,6,65,2,0,2,67
12/02/2012,JAN,MS,ASO,CE,Combined TRACON& Tower with Radar,21,48,12,1,82,0,0,4,0,4,21,48,16,1,86,0,0,0,86
12/03/2012,JAN,MS,ASO,CE,Combined TRACON& Tower with Radar,27,47,22,6,102,0,2,11,0,13,27,49,33,6,115,0,2,2,117
12/04/2012,JAN,MS,ASO,CE,Combined TRACON& Tower with Radar,27,56,16,34,133,0,1,3,1,5,27,57,19,35,138,10,40,50,188
12/05/2012,JAN,MS,ASO,CE,Combined TRACON& Tower with Radar,26,59,23,8,116,0,0,8,0,8,26,59,31,8,124,2,6,8,132
12/06/2012,JAN,MS,ASO,CE,Combined TRACON& Tower with Radar,26,50,21,2,99,0,0,6,0,6,26,50,27,2,105,0,0,0,105
12/07/2012,JAN,MS,ASO,CE,Combined TRACON& Tower with Radar,25,53,21,16,115,0,1,0,0,1,25,54,21,16,116,2,18,20,136
12/08/2012,JAN,MS,ASO,CE,Combined TRACON& Tower with Radar,19,35,5,8,67,0,0,1,0,1,19,35,6,8,68,0,6,6,74
12/09/2012,JAN,MS,ASO,CE,Combined TRACON& Tower with Radar,21,46,10,2,79,0,1,0,2,3,21,47,10,4,82,0,0,0,82
12/10/2012,JAN,MS,ASO,CE,Combined TRACON& Tower with Radar,24,50,8,3,85,0,2,0,0,2,24,52,8,3,87,0,4,4,91
12/11/2012,JAN,MS,ASO,CE,Combined TRACON& Tower with Radar,25,44,31,33,133,0,5,2,2,9,25,49,33,35,142,0,76,76,218
12/12/2012,JAN,MS,ASO,CE,Combined TRACON& Tower with Radar,27,44,37,23,131,0,0,9,2,11,27,44,46,25,142,6,94,100,242
12/13/2012,JAN,MS,ASO,CE,Combined TRACON& Tower with Radar,25,45,26,22,118,0,2,14,0,16,25,47,40,22,134,0,44,44,178
12/14/2012,JAN,MS,ASO,CE,Combined TRACON& Tower with Radar,24,48,20,9,101,0,1,8,0,9,24,49,28,9,110,0,20,20,130
12/15/2012,JAN,MS,ASO,CE,Combined TRACON& Tower with Radar,17,35,20,5,77,0,0,0,0,0,17,35,20,5,77,0,2,2,79
12/16/2012,JAN,MS,ASO,CE,Combined TRACON& Tower with Radar,19,49,7,0,75,0,0,0,0,0,19,49,7,0,75,0,0,0,75
12/17/2012,JAN,MS,ASO,CE,Combined TRACON& Tower with Radar,23,51,24,43,141,0,2,4,1,7,23,53,28,44,148,0,80,80,228
12/18/2012,JAN,MS,ASO,CE,Combined TRACON& Tower with Radar,23,48,16,18,105,0,5,5,2,12,23,53,21,20,117,0,92,92,209
12/19/2012,JAN,MS,ASO,CE,Combined TRACON& Tower with Radar,24,49,21,21,115,0,2,7,0,9,24,51,28,21,124,0,34,34,158
12/20/2012,JAN,MS,ASO,CE,Combined TRACON& Tower with Radar,24,47,7,16,94,0,4,1,0,5,24,51,8,16,99,0,6,6,105
12/21/2012,JAN,MS,ASO,CE,Combined TRACON& Tower with Radar,22,47,8,20,97,0,1,5,0,6,22,48,13,20,103,5,38,43,146
12/22/2012,JAN,MS,ASO,CE,Combined TRACON& Tower with Radar,20,35,10,1,66,0,0,4,0,4,20,35,14,1,70,0,0,0,70
12/23/2012,JAN,MS,ASO,CE,Combined TRACON& Tower with Radar,13,50,4,0,67,0,1,2,0,3,13,51,6,0,70,0,0,0,70
12/24/2012,JAN,MS,ASO,CE,Combined TRACON& Tower with Radar,13,41,4,1,59,0,0,1,0,1,13,41,5,1,60,0,0,0,60
12/25/2012,JAN,MS,ASO,CE,Combined TRACON& Tower with Radar,12,23,2,0,37,0,0,0,0,0,12,23,2,0,37,0,0,0,37
12/26/2012,JAN,MS,ASO,CE,Combined TRACON& Tower with Radar,18,40,6,0,64,0,0,1,0,1,18,40,7,0,65,0,0,0,65
12/27/2012,JAN,MS,ASO,CE,Combined TRACON& Tower with Radar,17,45,4,0,66,0,0,1,4,5,17,45,5,4,71,0,0,0,71
12/28/2012,JAN,MS,ASO,CE,Combined TRACON& Tower with Radar,16,50,5,1,72,0,0,0,0,0,16,50,5,1,72,0,0,0,72
12/29/2012,JAN,MS,ASO,CE,Combined TRACON& Tower with Radar,15,41,9,1,66,0,0,0,0,0,15,41,9,1,66,0,0,0,66
12/30/2012,JAN,MS,ASO,CE,Combined TRACON& Tower with Radar,13,51,3,0,67,0,0,4,0,4,13,51,7,0,71,0,0,0,71
12/31/2012,JAN,MS,ASO,CE,Combined TRACON& Tower with Radar,12,46,0,1,59,0,1,1,0,2,12,47,1,1,61,2,0,2,63
01/01/2013,JAN,MS,ASO,CE,Combined TRACON& Tower with Radar,12,37,6,1,56,0,0,0,0,0,12,37,6,1,56,0,0,0,56
01/02/2013,JAN,MS,ASO,CE,Combined TRACON& Tower with Radar,16,60,23,0,99,0,1,2,0,3,16,61,25,0,102,0,6,6,108
01/03/2013,JAN,MS,ASO,CE,Combined TRACON& Tower with Radar,18,60,21,18,117,0,0,5,2,7,18,60,26,20,124,4,80,84,208
01/04/2013,JAN,MS,ASO,CE,Combined TRACON& Tower with Radar,20,52,12,15,99,0,1,6,0,7,20,53,18,15,106,24,22,46,152
01/05/2013,JAN,MS,ASO,CE,Combined TRACON& Tower with Radar,16,34,9,1,60,0,0,0,0,0,16,34,9,1,60,0,0,0,60
01/06/2013,JAN,MS,ASO,CE,Combined TRACON& Tower with Radar,17,45,10,4,76,0,0,1,0,1,17,45,11,4,77,12,0,12,89
01/07/2013,JAN,MS,ASO,CE,Combined TRACON& Tower with Radar,21,47,18,19,105,0,1,1,0,2,21,48,19,19,107,0,24,24,131
01/08/2013,JAN,MS,ASO,CE,Combined TRACON& Tower with Radar,21,53,25,32,131,0,2,2,0,4,21,55,27,32,135,0,74,74,209
01/09/2013,JAN,MS,ASO,CE,Combined TRACON& Tower with Radar,21,47,18,1,87,0,0,3,0,3,21,47,21,1,90,0,0,0,90
01/10/2013,JAN,MS,ASO,CE,Combined TRACON& Tower with Radar,21,54,14,2,91,0,0,3,0,3,21,54,17,2,94,0,0,0,94
01/11/2013,JAN,MS,ASO,CE,Combined TRACON& Tower with Radar,22,54,29,12,117,0,1,5,4,10,22,55,34,16,127,0,11,11,138
01/12/2013,JAN,MS,ASO,CE,Combined TRACON& Tower with Radar,16,34,7,15,72,0,2,1,1,4,16,36,8,16,76,0,6,6,82
01/13/2013,JAN,MS,ASO,CE,Combined TRACON& Tower with Radar,17,42,10,4,73,0,0,0,0,0,17,42,10,4,73,2,8,10,83
01/14/2013,JAN,MS,ASO,CE,Combined TRACON& Tower with Radar,21,42,16,3,82,0,0,0,0,0,21,42,16,3,82,0,0,0,82
01/15/2013,JAN,MS,ASO,CE,Combined TRACON& Tower with Radar,19,44,19,7,89,0,0,0,0,0,19,44,19,7,89,0,4,4,93
01/16/2013,JAN,MS,ASO,CE,Combined TRACON& Tower with Radar,21,43,29,6,99,0,0,0,0,0,21,43,29,6,99,0,6,6,105
01/17/2013,JAN,MS,ASO,CE,Combined TRACON& Tower with Radar,17,52,21,12,102,0,0,5,3,8,17,52,26,15,110,0,8,8,118
01/18/2013,JAN,MS,ASO,CE,Combined TRACON& Tower with Radar,20,46,17,10,93,0,1,7,0,8,20,47,24,10,101,4,88,92,193
01/19/2013,JAN,MS,ASO,CE,Combined TRACON& Tower with Radar,14,28,5,5,52,0,0,2,0,2,14,28,7,5,54,0,0,0,54
01/20/2013,JAN,MS,ASO,CE,Combined TRACON& Tower with Radar,14,33,4,1,52,0,1,3,0,4,14,34,7,1,56,0,0,0,56
01/21/2013,JAN,MS,ASO,CE,Combined TRACON& Tower with Radar,18,43,23,6,90,0,1,7,0,8,18,44,30,6,98,0,4,4,102
01/22/2013,JAN,MS,ASO,CE,Combined TRACON& Tower with Radar,21,44,21,19,105,0,1,7,0,8,21,45,28,19,113,0,12,12,125
01/23/2013,JAN,MS,ASO,CE,Combined TRACON& Tower with Radar,21,51,17,9,98,0,0,6,0,6,21,51,23,9,104,14,36,50,154
01/24/2013,JAN,MS,ASO,CE,Combined TRACON& Tower with Radar,21,59,27,24,131,0,0,3,0,3,21,59,30,24,134,6,72,78,212
01/25/2013,JAN,MS,ASO,CE,Combined TRACON& Tower with Radar,22,49,22,19,112,0,1,3,0,4,22,50,25,19,116,2,72,74,190
01/26/2013,JAN,MS,ASO,CE,Combined TRACON& Tower with Radar,16,35,10,14,75,0,0,0,0,0,16,35,10,14,75,0,14,14,89
01/27/2013,JAN,MS,ASO,CE,Combined TRACON& Tower with Radar,17,44,10,4,75,0,0,2,0,2,17,44,12,4,77,2,2,4,81
01/28/2013,JAN,MS,ASO,CE,Combined TRACON& Tower with Radar,21,50,19,15,105,0,3,2,2,7,21,53,21,17,112,0,4,4,116
01/29/2013,JAN,MS,ASO,CE,Combined TRACON& Tower with Radar,21,46,25,35,127,0,1,3,0,4,21,47,28,35,131,0,98,98,229
01/30/2013,JAN,MS,ASO,CE,Combined TRACON& Tower with Radar,22,49,27,22,120,0,0,3,2,5,22,49,30,24,125,0,52,52,177
01/31/2013,JAN,MS,ASO,CE,Combined TRACON& Tower with Radar,20,55,25,15,115,0,2,5,1,8,20,57,30,16,123,0,56,56,179
02/01/2013,JAN,MS,ASO,CE,Combined TRACON& Tower with Radar,21,51,17,26,115,0,0,1,0,1,21,51,18,26,116,24,42,66,182
02/02/2013,JAN,MS,ASO,CE,Combined TRACON& Tower with Radar,15,32,9,1,57,0,0,2,0,2,15,32,11,1,59,0,4,4,63
02/03/2013,JAN,MS,ASO,CE,Combined TRACON& Tower with Radar,15,42,10,5,72,0,0,0,1,1,15,42,10,6,73,0,0,0,73
02/04/2013,JAN,MS,ASO,CE,Combined TRACON& Tower with Radar,21,46,35,15,117,0,0,8,0,8,21,46,43,15,125,0,58,58,183
02/05/2013,JAN,MS,ASO,CE,Combined TRACON& Tower with Radar,21,46,30,40,137,0,0,2,0,2,21,46,32,40,139,0,8,8,147
02/06/2013,JAN,MS,ASO,CE,Combined TRACON& Tower with Radar,22,47,25,14,108,0,0,1,0,1,22,47,26,14,109,0,46,46,155
02/07/2013,JAN,MS,ASO,CE,Combined TRACON& Tower with Radar,21,54,24,55,154,0,0,3,1,4,21,54,27,56,158,4,80,84,242
02/08/2013,JAN,MS,ASO,CE,Combined TRACON& Tower with Radar,21,47,26,19,113,0,0,6,2,8,21,47,32,21,121,0,8,8,129
02/09/2013,JAN,MS,ASO,CE,Combined TRACON& Tower with Radar,15,30,7,1,53,0,1,7,0,8,15,31,14,1,61,0,0,0,61
02/10/2013,JAN,MS,ASO,CE,Combined TRACON& Tower with Radar,17,38,6,1,62,0,0,0,0,0,17,38,6,1,62,0,0,0,62
02/11/2013,JAN,MS,ASO,CE,Combined TRACON& Tower with Radar,20,50,14,8,92,0,0,1,0,1,20,50,15,8,93,6,4,10,103
02/12/2013,JAN,MS,ASO,CE,Combined TRACON& Tower with Radar,21,43,16,0,80,0,0,1,0,1,21,43,17,0,81,0,0,0,81
02/13/2013,JAN,MS,ASO,CE,Combined TRACON& Tower with Radar,21,48,37,24,130,0,1,2,2,5,21,49,39,26,135,0,72,72,207
02/14/2013,JAN,MS,ASO,CE,Combined TRACON& Tower with Radar,20,52,26,27,125,0,2,12,1,15,20,54,38,28,140,44,112,156,296
02/15/2013,JAN,MS,ASO,CE,Combined TRACON& Tower with Radar,22,50,15,6,93,0,1,7,2,10,22,51,22,8,103,8,34,42,145
02/16/2013,JAN,MS,ASO,CE,Combined TRACON& Tower with Radar,9,39,2,2,52,0,0,3,0,3,9,39,5,2,55,0,12,12,67
02/17/2013,JAN,MS,ASO,CE,Combined TRACON& Tower with Radar,18,36,14,0,68,0,0,6,0,6,18,36,20,0,74,7,2,9,83
02/18/2013,JAN,MS,ASO,CE,Combined TRACON& Tower with Radar,20,51,19,1,91,0,1,3,0,4,20,52,22,1,95,0,0,0,95
02/19/2013,JAN,MS,ASO,CE,Combined TRACON& Tower with Radar,21,52,18,21,112,0,1,7,3,11,21,53,25,24,123,2,72,74,197
02/20/2013,JAN,MS,ASO,CE,Combined TRACON& Tower with Radar,21,47,22,28,118,0,1,6,2,9,21,48,28,30,127,0,144,144,271
02/21/2013,JAN,MS,ASO,CE,Combined TRACON& Tower with Radar,22,46,26,0,94,0,0,1,0,1,22,46,27,0,95,0,0,0,95
02/22/2013,JAN,MS,ASO,CE,Combined TRACON& Tower with Radar,33,46,14,17,110,0,1,3,1,5,33,47,17,18,115,0,84,84,199
02/23/2013,JAN,MS,ASO,CE,Combined TRACON& Tower with Radar,9,42,11,0,62,0,1,4,0,5,9,43,15,0,67,0,0,0,67
02/24/2013,JAN,MS,ASO,CE,Combined TRACON& Tower with Radar,18,44,11,3,76,0,2,0,0,2,18,46,11,3,78,0,2,2,80
02/25/2013,JAN,MS,ASO,CE,Combined TRACON& Tower with Radar,21,44,20,1,86,0,0,0,0,0,21,44,20,1,86,0,0,0,86
02/26/2013,JAN,MS,ASO,CE,Combined TRACON& Tower with Radar,21,53,20,24,118,0,1,4,4,9,21,54,24,28,127,0,102,102,229
02/27/2013,JAN,MS,ASO,CE,Combined TRACON& Tower with Radar,22,50,19,27,118,0,0,5,2,7,22,50,24,29,125,0,80,80,205
02/28/2013,JAN,MS,ASO,CE,Combined TRACON& Tower with Radar,20,53,42,31,146,0,3,1,0,4,20,56,43,31,150,2,78,80,230
03/01/2013,JAN,MS,ASO,CE,Combined TRACON& Tower with Radar,22,55,27,12,116,0,0,4,0,4,22,55,31,12,120,0,46,46,166
03/02/2013,JAN,MS,ASO,CE,Combined TRACON& Tower with Radar,13,41,15,1,70,0,0,2,0,2,13,41,17,1,72,4,0,4,76
03/03/2013,JAN,MS,ASO,CE,Combined TRACON& Tower with Radar,19,51,12,0,82,0,0,4,0,4,19,51,16,0,86,12,0,12,98
03/04/2013,JAN,MS,ASO,CE,Combined TRACON& Tower with Radar,23,52,19,3,97,0,0,6,0,6,23,52,25,3,103,0,0,0,103
03/05/2013,JAN,MS,ASO,CE,Combined TRACON& Tower with Radar,20,51,34,27,132,0,1,2,0,3,20,52,36,27,135,0,46,46,181
03/06/2013,JAN,MS,ASO,CE,Combined TRACON& Tower with Radar,24,52,23,18,117,0,3,12,1,16,24,55,35,19,133,4,58,62,195
03/07/2013,JAN,MS,ASO,CE,Combined TRACON& Tower with Radar,23,56,40,24,143,0,1,10,0,11,23,57,50,24,154,0,56,56,210
03/08/2013,JAN,MS,ASO,CE,Combined TRACON& Tower with Radar,24,52,17,11,104,0,0,12,3,15,24,52,29,14,119,0,46,46,165
03/09/2013,JAN,MS,ASO,CE,Combined TRACON& Tower with Radar,18,33,11,4,66,0,1,6,0,7,18,34,17,4,73,14,0,14,87
03/10/2013,JAN,MS,ASO,CE,Combined TRACON& Tower with Radar,18,51,11,0,80,0,0,1,0,1,18,51,12,0,81,0,0,0,81
03/11/2013,JAN,MS,ASO,CE,Combined TRACON& Tower with Radar,23,57,19,24,123,0,1,5,0,6,23,58,24,24,129,0,42,42,171
03/12/2013,JAN,MS,ASO,CE,Combined TRACON& Tower with Radar,23,54,22,21,120,0,2,10,0,12,23,56,32,21,132,4,35,39,171
03/13/2013,JAN,MS,ASO,CE,Combined TRACON& Tower with Radar,21,53,28,25,127,0,3,10,2,15,21,56,38,27,142,0,52,52,194
03/14/2013,JAN,MS,ASO,CE,Combined TRACON& Tower with Radar,23,53,10,15,101,0,1,11,1,13,23,54,21,16,114,0,18,18,132
03/15/2013,JAN,MS,ASO,CE,Combined TRACON& Tower with Radar,24,47,21,16,108,0,1,3,0,4,24,48,24,16,112,0,20,20,132
03/16/2013,JAN,MS,ASO,CE,Combined TRACON& Tower with Radar,15,39,6,0,60,0,2,8,0,10,15,41,14,0,70,0,0,0,70
03/17/2013,JAN,MS,ASO,CE,Combined TRACON& Tower with Radar,19,49,8,0,76,0,4,5,2,11,19,53,13,2,87,0,8,8,95
03/18/2013,JAN,MS,ASO,CE,Combined TRACON& Tower with Radar,23,55,17,16,111,0,1,0,0,1,23,56,17,16,112,0,26,26,138
03/19/2013,JAN,MS,ASO,CE,Combined TRACON& Tower with Radar,24,53,19,13,109,0,0,8,0,8,24,53,27,13,117,0,70,70,187
03/20/2013,JAN,MS,ASO,CE,Combined TRACON& Tower with Radar,23,51,21,24,119,0,3,10,1,14,23,54,31,25,133,2,62,64,197
03/21/2013,JAN,MS,ASO,CE,Combined TRACON& Tower with Radar,24,54,24,28,130,0,3,6,2,11,24,57,30,30,141,0,0,0,141
03/22/2013,JAN,MS,ASO,CE,Combined TRACON& Tower with Radar,25,45,25,8,103,0,0,1,0,1,25,45,26,8,104,2,20,22,126
03/23/2013,JAN,MS,ASO,CE,Combined TRACON& Tower with Radar,16,34,12,1,63,0,0,0,0,0,16,34,12,1,63,0,0,0,63
03/24/2013,JAN,MS,ASO,CE,Combined TRACON& Tower with Radar,17,52,13,5,87,0,0,3,0,3,17,52,16,5,90,0,30,30,120
03/25/2013,JAN,MS,ASO,CE,Combined TRACON& Tower with Radar,22,55,26,30,133,0,1,9,0,10,22,56,35,30,143,2,80,82,225
03/26/2013,JAN,MS,ASO,CE,Combined TRACON& Tower with Radar,23,46,32,31,132,0,3,5,2,10,23,49,37,33,142,2,96,98,240
03/27/2013,JAN,MS,ASO,CE,Combined TRACON& Tower with Radar,23,48,27,23,121,0,1,4,0,5,23,49,31,23,126,0,104,104,230
03/28/2013,JAN,MS,ASO,CE,Combined TRACON& Tower with Radar,23,56,32,35,146,0,0,7,3,10,23,56,39,38,156,0,114,114,270
03/29/2013,JAN,MS,ASO,CE,Combined TRACON& Tower with Radar,23,53,18,21,115,0,2,5,0,7,23,55,23,21,122,0,68,68,190
03/30/2013,JAN,MS,ASO,CE,Combined TRACON& Tower with Radar,19,32,7,7,65,0,0,1,0,1,19,32,8,7,66,0,4,4,70
03/31/2013,JAN,MS,ASO,CE,Combined TRACON& Tower with Radar,17,53,13,4,87,0,0,0,0,0,17,53,13,4,87,0,0,0,87
04/01/2013,JAN,MS,ASO,CE,Combined TRACON& Tower with Radar,23,50,22,8,103,0,0,4,2,6,23,50,26,10,109,2,60,62,171
04/02/2013,JAN,MS,ASO,CE,Combined TRACON& Tower with Radar,22,43,20,43,128,0,0,1,1,2,22,43,21,44,130,0,108,108,238
04/03/2013,JAN,MS,ASO,CE,Combined TRACON& Tower with Radar,23,48,23,0,94,0,0,1,0,1,23,48,24,0,95,0,0,0,95
04/04/2013,JAN,MS,ASO,CE,Combined TRACON& Tower with Radar,22,53,24,28,127,0,0,0,0,0,22,53,24,28,127,0,22,22,149
04/05/2013,JAN,MS,ASO,CE,Combined TRACON& Tower with Radar,24,50,17,15,106,0,3,8,0,11,24,53,25,15,117,6,36,42,159
04/06/2013,JAN,MS,ASO,CE,Combined TRACON& Tower with Radar,17,33,7,8,65,0,0,7,1,8,17,33,14,9,73,0,4,4,77
04/07/2013,JAN,MS,ASO,CE,Combined TRACON& Tower with Radar,17,50,11,4,82,0,1,3,0,4,17,51,14,4,86,0,0,0,86
04/08/2013,JAN,MS,ASO,CE,Combined TRACON& Tower with Radar,22,58,16,13,109,0,2,3,1,6,22,60,19,14,115,2,18,20,135
04/09/2013,JAN,MS,ASO,CE,Combined TRACON& Tower with Radar,21,45,36,25,127,0,1,7,2,10,21,46,43,27,137,0,22,22,159
04/10/2013,JAN,MS,ASO,CE,Combined TRACON& Tower with Radar,21,44,33,23,121,0,1,3,0,4,21,45,36,23,125,0,62,62,187
04/11/2013,JAN,MS,ASO,CE,Combined TRACON& Tower with Radar,21,39,20,8,88,0,0,0,0,0,21,39,20,8,88,0,4,4,92
04/12/2013,JAN,MS,ASO,CE,Combined TRACON& Tower with Radar,21,53,30,18,122,0,0,5,0,5,21,53,35,18,127,0,94,94,221
04/13/2013,JAN,MS,ASO,CE,Combined TRACON& Tower with Radar,12,38,13,3,66,0,1,6,0,7,12,39,19,3,73,0,6,6,79
04/14/2013,JAN,MS,ASO,CE,Combined TRACON& Tower with Radar,19,46,17,25,107,0,0,3,0,3,19,46,20,25,110,2,8,10,120
04/15/2013,JAN,MS,ASO,CE,Combined TRACON& Tower with Radar,21,52,17,4,94,0,1,4,0,5,21,53,21,4,99,0,6,6,105
04/16/2013,JAN,MS,ASO,CE,Combined TRACON& Tower with Radar,22,44,26,13,105,0,0,4,0,4,22,44,30,13,109,4,22,26,135
04/17/2013,JAN,MS,ASO,CE,Combined TRACON& Tower with Radar,23,42,22,7,94,0,0,4,3,7,23,42,26,10,101,6,16,22,123
04/18/2013,JAN,MS,ASO,CE,Combined TRACON& Tower with Radar,21,42,18,9,90,0,1,1,0,2,21,43,19,9,92,0,8,8,100
04/19/2013,JAN,MS,ASO,CE,Combined TRACON& Tower with Radar,26,46,20,34,126,0,1,3,1,5,26,47,23,35,131,4,98,102,233
04/20/2013,JAN,MS,ASO,CE,Combined TRACON& Tower with Radar,12,31,7,6,56,0,0,5,0,5,12,31,12,6,61,0,4,4,65
04/21/2013,JAN,MS,ASO,CE,Combined TRACON& Tower with Radar,19,40,13,5,77,0,2,3,0,5,19,42,16,5,82,0,0,0,82
04/22/2013,JAN,MS,ASO,CE,Combined TRACON& Tower with Radar,21,48,23,21,113,0,1,5,3,9,21,49,28,24,122,1,76,77,199
04/23/2013,JAN,MS,ASO,CE,Combined TRACON& Tower with Radar,21,50,26,12,109,0,0,4,0,4,21,50,30,12,113,0,8,8,121
04/24/2013,JAN,MS,ASO,CE,Combined TRACON& Tower with Radar,25,49,26,30,130,0,0,1,0,1,25,49,27,30,131,0,28,28,159
04/25/2013,JAN,MS,ASO,CE,Combined TRACON& Tower with Radar,22,49,31,31,133,0,2,9,1,12,22,51,40,32,145,10,88,98,243
04/26/2013,JAN,MS,ASO,CE,Combined TRACON& Tower with Radar,25,49,20,21,115,0,0,8,1,9,25,49,28,22,124,0,50,50,174
04/27/2013,JAN,MS,ASO,CE,Combined TRACON& Tower with Radar,13,39,4,6,62,0,0,5,0,5,13,39,9,6,67,14,2,16,83
04/28/2013,JAN,MS,ASO,CE,Combined TRACON& Tower with Radar,17,43,12,24,96,0,0,2,0,2,17,43,14,24,98,0,16,16,114
04/29/2013,JAN,MS,ASO,CE,Combined TRACON& Tower with Radar,21,52,19,7,99,0,2,1,0,3,21,54,20,7,102,0,4,4,106
04/30/2013,JAN,MS,ASO,CE,Combined TRACON& Tower with Radar,21,50,17,16,104,0,0,8,0,8,21,50,25,16,112,2,62,64,176
05/01/2013,JAN,MS,ASO,CE,Combined TRACON& Tower with Radar,25,46,18,1,90,0,0,1,0,1,25,46,19,1,91,0,0,0,91
05/02/2013,JAN,MS,ASO,CE,Combined TRACON& Tower with Radar,23,47,26,18,114,0,0,0,0,0,23,47,26,18,114,0,16,16,130
05/03/2013,JAN,MS,ASO,CE,Combined TRACON& Tower with Radar,26,48,21,22,117,0,0,1,0,1,26,48,22,22,118,0,32,32,150
05/04/2013,JAN,MS,ASO,CE,Combined TRACON& Tower with Radar,16,29,8,3,56,0,1,1,0,2,16,30,9,3,58,0,0,0,58
05/05/2013,JAN,MS,ASO,CE,Combined TRACON& Tower with Radar,23,47,13,1,84,0,0,3,0,3,23,47,16,1,87,0,0,0,87
05/06/2013,JAN,MS,ASO,CE,Combined TRACON& Tower with Radar,23,44,21,19,107,0,3,5,1,9,23,47,26,20,116,0,70,70,186
05/07/2013,JAN,MS,ASO,CE,Combined TRACON& Tower with Radar,24,54,20,36,134,0,1,2,2,5,24,55,22,38,139,3,38,41,180
05/08/2013,JAN,MS,ASO,CE,Combined TRACON& Tower with Radar,25,50,36,28,139,0,1,8,0,9,25,51,44,28,148,0,62,62,210
05/09/2013,JAN,MS,ASO,CE,Combined TRACON& Tower with Radar,19,53,14,21,107,0,1,10,0,11,19,54,24,21,118,0,68,68,186
05/10/2013,JAN,MS,ASO,CE,Combined TRACON& Tower with Radar,25,40,18,10,93,0,1,4,0,5,25,41,22,10,98,0,12,12,110
05/11/2013,JAN,MS,ASO,CE,Combined TRACON& Tower with Radar,15,27,5,4,51,0,0,4,0,4,15,27,9,4,55,0,0,0,55
05/12/2013,JAN,MS,ASO,CE,Combined TRACON& Tower with Radar,17,41,11,9,78,0,0,3,1,4,17,41,14,10,82,0,6,6,88
05/13/2013,JAN,MS,ASO,CE,Combined TRACON& Tower with Radar,21,46,34,6,107,0,0,4,0,4,21,46,38,6,111,0,2,2,113
05/14/2013,JAN,MS,ASO,CE,Combined TRACON& Tower with Radar,23,43,24,24,114,0,1,7,2,10,23,44,31,26,124,4,76,80,204
05/15/2013,JAN,MS,ASO,CE,Combined TRACON& Tower with Radar,23,45,45,28,141,0,2,10,1,13,23,47,55,29,154,0,48,48,202
05/16/2013,JAN,MS,ASO,CE,Combined TRACON& Tower with Radar,23,45,24,15,107,0,2,13,1,16,23,47,37,16,123,0,52,52,175
05/17/2013,JAN,MS,ASO,CE,Combined TRACON& Tower with Radar,25,48,28,10,111,0,1,5,0,6,25,49,33,10,117,0,12,12,129
05/18/2013,JAN,MS,ASO,CE,Combined TRACON& Tower with Radar,17,34,3,2,56,0,3,4,0,7,17,37,7,2,63,0,0,0,63
05/19/2013,JAN,MS,ASO,CE,Combined TRACON& Tower with Radar,21,47,13,6,87,0,1,1,0,2,21,48,14,6,89,0,0,0,89
05/20/2013,JAN,MS,ASO,CE,Combined TRACON& Tower with Radar,23,50,15,8,96,0,1,6,2,9,23,51,21,10,105,14,62,76,181
05/21/2013,JAN,MS,ASO,CE,Combined TRACON& Tower with Radar,25,44,21,14,104,0,0,5,1,6,25,44,26,15,110,0,20,20,130
05/22/2013,JAN,MS,ASO,CE,Combined TRACON& Tower with Radar,24,42,14,24,104,0,1,9,0,10,24,43,23,24,114,14,78,92,206
05/23/2013,JAN,MS,ASO,CE,Combined TRACON& Tower with Radar,25,54,30,10,119,0,1,7,0,8,25,55,37,10,127,20,24,44,171
05/24/2013,JAN,MS,ASO,CE,Combined TRACON& Tower with Radar,26,44,22,6,98,0,0,7,0,7,26,44,29,6,105,0,0,0,105
05/25/2013,JAN,MS,ASO,CE,Combined TRACON& Tower with Radar,16,28,5,1,50,0,0,12,0,12,16,28,17,1,62,0,0,0,62
05/26/2013,JAN,MS,ASO,CE,Combined TRACON& Tower with Radar,16,39,7,2,64,0,0,0,0,0,16,39,7,2,64,0,0,0,64
05/27/2013,JAN,MS,ASO,CE,Combined TRACON& Tower with Radar,20,40,4,1,65,0,1,0,0,1,20,41,4,1,66,0,0,0,66
05/28/2013,JAN,MS,ASO,CE,Combined TRACON& Tower with Radar,23,56,23,17,119,0,1,10,0,11,23,57,33,17,130,0,62,62,192
05/29/2013,JAN,MS,ASO,CE,Combined TRACON& Tower with Radar,30,45,21,17,113,0,1,4,5,10,30,46,25,22,123,2,14,16,139
05/30/2013,JAN,MS,ASO,CE,Combined TRACON& Tower with Radar,23,42,25,18,108,0,3,5,0,8,23,45,30,18,116,0,24,24,140
05/31/2013,JAN,MS,ASO,CE,Combined TRACON& Tower with Radar,24,50,5,32,111,0,1,7,0,8,24,51,12,32,119,0,116,116,235
06/01/2013,JAN,MS,ASO,CE,Combined TRACON& Tower with Radar,17,30,5,3,55,0,2,3,0,5,17,32,8,3,60,0,0,0,60
06/02/2013,JAN,MS,ASO,CE,Combined TRACON& Tower with Radar,21,36,16,8,81,0,1,2,0,3,21,37,18,8,84,1,0,1,85
06/03/2013,JAN,MS,ASO,CE,Combined TRACON& Tower with Radar,21,52,13,34,120,0,1,2,1,4,21,53,15,35,124,0,130,130,254
06/04/2013,JAN,MS,ASO,CE,Combined TRACON& Tower with Radar,23,43,21,14,101,0,2,8,1,11,23,45,29,15,112,0,22,22,134
06/05/2013,JAN,MS,ASO,CE,Combined TRACON& Tower with Radar,26,49,25,23,123,0,0,2,0,2,26,49,27,23,125,0,40,40,165
06/06/2013,JAN,MS,ASO,CE,Combined TRACON& Tower with Radar,27,40,12,14,93,0,1,2,2,5,27,41,14,16,98,0,4,4,102
06/07/2013,JAN,MS,ASO,CE,Combined TRACON& Tower with Radar,21,50,11,15,97,0,7,1,0,8,21,57,12,15,105,0,36,36,141
06/08/2013,JAN,MS,ASO,CE,Combined TRACON& Tower with Radar,16,36,5,5,62,0,0,0,0,0,16,36,5,5,62,0,2,2,64
06/09/2013,JAN,MS,ASO,CE,Combined TRACON& Tower with Radar,20,38,7,3,68,0,0,0,0,0,20,38,7,3,68,0,8,8,76
06/10/2013,JAN,MS,ASO,CE,Combined TRACON& Tower with Radar,21,56,14,44,135,0,4,6,1,11,21,60,20,45,146,0,164,164,310
06/11/2013,JAN,MS,ASO,CE,Combined TRACON& Tower with Radar,24,46,26,32,128,0,0,5,0,5,24,46,31,32,133,0,118,118,251
06/12/2013,JAN,MS,ASO,CE,Combined TRACON& Tower with Radar,21,51,27,25,124,0,2,8,0,10,21,53,35,25,134,0,102,102,236
06/13/2013,JAN,MS,ASO,CE,Combined TRACON& Tower with Radar,24,43,22,13,102,0,3,10,2,15,24,46,32,15,117,2,4,6,123
06/14/2013,JAN,MS,ASO,CE,Combined TRACON& Tower with Radar,26,44,13,19,102,0,4,3,3,10,26,48,16,22,112,0,58,58,170
06/15/2013,JAN,MS,ASO,CE,Combined TRACON& Tower with Radar,14,41,10,7,72,0,1,10,0,11,14,42,20,7,83,0,6,6,89
06/16/2013,JAN,MS,ASO,CE,Combined TRACON& Tower with Radar,19,47,10,1,77,0,0,4,0,4,19,47,14,1,81,2,0,2,83
06/17/2013,JAN,MS,ASO,CE,Combined TRACON& Tower with Radar,22,53,22,21,118,0,5,5,1,11,22,58,27,22,129,0,104,104,233
06/18/2013,JAN,MS,ASO,CE,Combined TRACON& Tower with Radar,23,39,33,7,102,0,3,4,0,7,23,42,37,7,109,2,18,20,129
06/19/2013,JAN,MS,ASO,CE,Combined TRACON& Tower with Radar,23,47,31,14,115,0,0,3,0,3,23,47,34,14,118,10,36,46,164
06/20/2013,JAN,MS,ASO,CE,Combined TRACON& Tower with Radar,23,46,12,23,104,0,2,3,2,7,23,48,15,25,111,0,68,68,179
06/21/2013,JAN,MS,ASO,CE,Combined TRACON& Tower with Radar,24,52,19,20,115,0,1,2,0,3,24,53,21,20,118,0,112,112,230
06/22/2013,JAN,MS,ASO,CE,Combined TRACON& Tower with Radar,13,42,13,1,69,0,0,15,0,15,13,42,28,1,84,0,0,0,84
06/23/2013,JAN,MS,ASO,CE,Combined TRACON& Tower with Radar,19,52,7,14,92,0,0,6,0,6,19,52,13,14,98,8,44,52,150
06/24/2013,JAN,MS,ASO,CE,Combined TRACON& Tower with Radar,22,41,19,17,99,0,0,6,0,6,22,41,25,17,105,0,57,57,162
06/25/2013,JAN,MS,ASO,CE,Combined TRACON& Tower with Radar,23,42,20,26,111,0,2,0,3,5,23,44,20,29,116,0,96,96,212
06/26/2013,JAN,MS,ASO,CE,Combined TRACON& Tower with Radar,22,51,24,11,108,0,1,7,1,9,22,52,31,12,117,0,40,40,157
06/27/2013,JAN,MS,ASO,CE,Combined TRACON& Tower with Radar,21,45,22,33,121,0,3,9,2,14,21,48,31,35,135,2,130,132,267
06/28/2013,JAN,MS,ASO,CE,Combined TRACON& Tower with Radar,24,44,22,12,102,0,0,8,0,8,24,44,30,12,110,0,42,42,152
06/29/2013,JAN,MS,ASO,CE,Combined TRACON& Tower with Radar,15,40,3,1,59,0,0,2,1,3,15,40,5,2,62,0,4,4,66
06/30/2013,JAN,MS,ASO,CE,Combined TRACON& Tower with Radar,17,43,13,3,76,0,0,8,0,8,17,43,21,3,84,4,0,4,88
07/01/2013,JAN,MS,ASO,CE,Combined TRACON& Tower with Radar,25,47,22,13,107,0,0,9,0,9,25,47,31,13,116,6,86,92,208
07/02/2013,JAN,MS,ASO,CE,Combined TRACON& Tower with Radar,19,48,10,17,94,0,2,6,0,8,19,50,16,17,102,12,40,52,154
07/03/2013,JAN,MS,ASO,CE,Combined TRACON& Tower with Radar,22,42,11,17,92,0,0,7,0,7,22,42,18,17,99,16,34,50,149
07/04/2013,JAN,MS,ASO,CE,Combined TRACON& Tower with Radar,20,25,3,3,51,0,0,1,1,2,20,25,4,4,53,0,0,0,53
07/05/2013,JAN,MS,ASO,CE,Combined TRACON& Tower with Radar,23,31,4,1,59,0,3,2,0,5,23,34,6,1,64,0,0,0,64
07/06/2013,JAN,MS,ASO,CE,Combined TRACON& Tower with Radar,16,35,9,0,60,0,0,7,0,7,16,35,16,0,67,0,0,0,67
07/07/2013,JAN,MS,ASO,CE,Combined TRACON& Tower with Radar,20,42,7,0,69,0,1,4,0,5,20,43,11,0,74,12,0,12,86
07/08/2013,JAN,MS,ASO,CE,Combined TRACON& Tower with Radar,23,42,18,6,89,0,2,4,0,6,23,44,22,6,95,0,4,4,99
07/09/2013,JAN,MS,ASO,CE,Combined TRACON& Tower with Radar,21,49,23,25,118,0,0,3,0,3,21,49,26,25,121,0,18,18,139
07/10/2013,JAN,MS,ASO,CE,Combined TRACON& Tower with Radar,23,47,26,20,116,0,3,7,0,10,23,50,33,20,126,0,92,92,218
07/11/2013,JAN,MS,ASO,CE,Combined TRACON& Tower with Radar,23,41,19,7,90,0,0,16,0,16,23,41,35,7,106,1,10,11,117
07/12/2013,JAN,MS,ASO,CE,Combined TRACON& Tower with Radar,25,41,20,11,97,0,2,5,3,10,25,43,25,14,107,8,4,12,119
07/13/2013,JAN,MS,ASO,CE,Combined TRACON& Tower with Radar,16,37,3,20,76,0,0,8,1,9,16,37,11,21,85,0,54,54,139
07/14/2013,JAN,MS,ASO,CE,Combined TRACON& Tower with Radar,20,43,7,17,87,0,0,4,0,4,20,43,11,17,91,0,16,16,107
07/15/2013,JAN,MS,ASO,CE,Combined TRACON& Tower with Radar,23,47,21,14,105,0,0,2,0,2,23,47,23,14,107,0,36,36,143
07/16/2013,JAN,MS,ASO,CE,Combined TRACON& Tower with Radar,22,48,24,37,131,0,0,3,0,3,22,48,27,37,134,2,106,108,242
07/17/2013,JAN,MS,ASO,CE,Combined TRACON& Tower with Radar,20,45,20,28,113,0,0,9,2,11,20,45,29,30,124,10,118,128,252
07/18/2013,JAN,MS,ASO,CE,Combined TRACON& Tower with Radar,23,47,40,21,131,0,0,8,2,10,23,47,48,23,141,16,20,36,177
07/19/2013,JAN,MS,ASO,CE,Combined TRACON& Tower with Radar,26,46,31,16,119,0,0,8,0,8,26,46,39,16,127,8,26,34,161
07/20/2013,JAN,MS,ASO,CE,Combined TRACON& Tower with Radar,14,34,16,9,73,0,0,7,0,7,14,34,23,9,80,0,56,56,136
07/21/2013,JAN,MS,ASO,CE,Combined TRACON& Tower with Radar,21,49,17,13,100,0,0,3,0,3,21,49,20,13,103,0,10,10,113
07/22/2013,JAN,MS,ASO,CE,Combined TRACON& Tower with Radar,23,46,18,8,95,0,0,0,0,0,23,46,18,8,95,0,4,4,99
07/23/2013,JAN,MS,ASO,CE,Combined TRACON& Tower with Radar,23,54,20,26,123,0,1,8,0,9,23,55,28,26,132,0,98,98,230
07/24/2013,JAN,MS,ASO,CE,Combined TRACON& Tower with Radar,22,52,25,16,115,0,0,2,2,4,22,52,27,18,119,0,22,22,141
07/25/2013,JAN,MS,ASO,CE,Combined TRACON& Tower with Radar,23,51,35,35,144,0,1,7,0,8,23,52,42,35,152,8,68,76,228
07/26/2013,JAN,MS,ASO,CE,Combined TRACON& Tower with Radar,26,45,20,13,104,0,1,5,0,6,26,46,25,13,110,24,36,60,170
07/27/2013,JAN,MS,ASO,CE,Combined TRACON& Tower with Radar,18,34,6,3,61,0,1,1,0,2,18,35,7,3,63,2,2,4,67
07/28/2013,JAN,MS,ASO,CE,Combined TRACON& Tower with Radar,18,49,8,3,78,0,1,4,1,6,18,50,12,4,84,0,6,6,90
07/29/2013,JAN,MS,ASO,CE,Combined TRACON& Tower with Radar,21,48,24,15,108,0,0,8,0,8,21,48,32,15,116,0,66,66,182
07/30/2013,JAN,MS,ASO,CE,Combined TRACON& Tower with Radar,19,48,15,33,115,0,3,7,0,10,19,51,22,33,125,0,78,78,203
07/31/2013,JAN,MS,ASO,CE,Combined TRACON& Tower with Radar,21,52,21,35,129,0,2,5,1,8,21,54,26,36,137,2,100,102,239
08/01/2013,JAN,MS,ASO,CE,Combined TRACON& Tower with Radar,21,47,26,29,123,0,0,5,1,6,21,47,31,30,129,5,98,103,232
08/02/2013,JAN,MS,ASO,CE,Combined TRACON& Tower with Radar,22,47,25,23,117,0,0,6,6,12,22,47,31,29,129,6,66,72,201
08/03/2013,JAN,MS,ASO,CE,Combined TRACON& Tower with Radar,18,40,11,14,83,0,0,2,1,3,18,40,13,15,86,0,20,20,106
08/04/2013,JAN,MS,ASO,CE,Combined TRACON& Tower with Radar,22,44,6,21,93,0,1,2,0,3,22,45,8,21,96,0,12,12,108
08/05/2013,JAN,MS,ASO,CE,Combined TRACON& Tower with Radar,21,47,25,13,106,0,0,4,0,4,21,47,29,13,110,4,16,20,130
08/06/2013,JAN,MS,ASO,CE,Combined TRACON& Tower with Radar,19,52,31,34,136,0,0,12,0,12,19,52,43,34,148,6,148,154,302
08/07/2013,JAN,MS,ASO,CE,Combined TRACON& Tower with Radar,19,49,29,24,121,0,1,10,4,15,19,50,39,28,136,12,114,126,262
08/08/2013,JAN,MS,ASO,CE,Combined TRACON& Tower with Radar,19,50,30,28,127,0,3,11,1,15,19,53,41,29,142,2,58,60,202
08/09/2013,JAN,MS,ASO,CE,Combined TRACON& Tower with Radar,22,44,11,10,87,0,0,15,2,17,22,44,26,12,104,14,18,32,136
08/10/2013,JAN,MS,ASO,CE,Combined TRACON& Tower with Radar,16,37,2,7,62,0,1,11,0,12,16,38,13,7,74,10,2,12,86
08/11/2013,JAN,MS,ASO,CE,Combined TRACON& Tower with Radar,18,46,5,12,81,0,0,3,0,3,18,46,8,12,84,0,36,36,120
08/12/2013,JAN,MS,ASO,CE,Combined TRACON& Tower with Radar,17,48,19,9,93,0,0,4,0,4,17,48,23,9,97,0,52,52,149
08/13/2013,JAN,MS,ASO,CE,Combined TRACON& Tower with Radar,18,44,20,14,96,0,0,4,0,4,18,44,24,14,100,0,25,25,125
08/14/2013,JAN,MS,ASO,CE,Combined TRACON& Tower with Radar,21,51,39,18,129,0,0,1,0,1,21,51,40,18,130,8,28,36,166
08/15/2013,JAN,MS,ASO,CE,Combined TRACON& Tower with Radar,21,48,29,28,126,0,0,6,1,7,21,48,35,29,133,0,96,96,229
08/16/2013,JAN,MS,ASO,CE,Combined TRACON& Tower with Radar,20,50,28,28,126,0,2,6,3,11,20,52,34,31,137,10,114,124,261
08/17/2013,JAN,MS,ASO,CE,Combined TRACON& Tower with Radar,14,40,4,4,62,0,0,7,0,7,14,40,11,4,69,4,4,8,77
08/18/2013,JAN,MS,ASO,CE,Combined TRACON& Tower with Radar,16,48,7,6,77,0,3,1,0,4,16,51,8,6,81,0,2,2,83
08/19/2013,JAN,MS,ASO,CE,Combined TRACON& Tower with Radar,17,47,22,2,88,0,1,4,0,5,17,48,26,2,93,10,45,55,148
08/20/2013,JAN,MS,ASO,CE,Combined TRACON& Tower with Radar,19,46,28,17,110,0,1,8,0,9,19,47,36,17,119,2,40,42,161
08/21/2013,JAN,MS,ASO,CE,Combined TRACON& Tower with Radar,21,41,24,19,105,0,0,3,0,3,21,41,27,19,108,0,18,18,126
08/22/2013,JAN,MS,ASO,CE,Combined TRACON& Tower with Radar,21,42,33,30,126,0,0,11,0,11,21,42,44,30,137,4,60,64,201
08/23/2013,JAN,MS,ASO,CE,Combined TRACON& Tower with Radar,22,48,17,26,113,0,0,5,0,5,22,48,22,26,118,4,102,106,224
08/24/2013,JAN,MS,ASO,CE,Combined TRACON& Tower with Radar,14,32,11,1,58,0,0,8,0,8,14,32,19,1,66,0,0,0,66
08/25/2013,JAN,MS,ASO,CE,Combined TRACON& Tower with Radar,16,44,7,3,70,0,0,4,0,4,16,44,11,3,74,0,0,0,74
08/26/2013,JAN,MS,ASO,CE,Combined TRACON& Tower with Radar,22,46,23,23,114,0,0,10,2,12,22,46,33,25,126,10,66,76,202
08/27/2013,JAN,MS,ASO,CE,Combined TRACON& Tower with Radar,21,42,14,29,106,0,2,20,4,26,21,44,34,33,132,18,114,132,264
08/28/2013,JAN,MS,ASO,CE,Combined TRACON& Tower with Radar,19,50,33,29,131,0,0,11,1,12,19,50,44,30,143,9,108,117,260
08/29/2013,JAN,MS,ASO,CE,Combined TRACON& Tower with Radar,22,43,23,28,116,0,3,15,0,18,22,46,38,28,134,0,118,118,252
08/30/2013,JAN,MS,ASO,CE,Combined TRACON& Tower with Radar,21,44,19,22,106,0,1,6,0,7,21,45,25,22,113,8,88,96,209
08/31/2013,JAN,MS,ASO,CE,Combined TRACON& Tower with Radar,12,24,4,0,40,0,1,8,0,9,12,25,12,0,49,0,0,0,49
09/01/2013,JAN,MS,ASO,CE,Combined TRACON& Tower with Radar,18,33,2,0,53,0,0,5,0,5,18,33,7,0,58,0,0,0,58
09/02/2013,JAN,MS,ASO,CE,Combined TRACON& Tower with Radar,20,38,14,1,73,0,0,1,0,1,20,38,15,1,74,4,0,4,78
09/03/2013,JAN,MS,ASO,CE,Combined TRACON& Tower with Radar,21,49,20,29,119,0,0,4,1,5,21,49,24,30,124,4,96,100,224
09/04/2013,JAN,MS,ASO,CE,Combined TRACON& Tower with Radar,21,49,24,51,145,0,1,9,0,10,21,50,33,51,155,2,248,250,405
09/05/2013,JAN,MS,ASO,CE,Combined TRACON& Tower with Radar,19,47,19,43,128,0,1,6,0,7,19,48,25,43,135,2,166,168,303
09/06/2013,JAN,MS,ASO,CE,Combined TRACON& Tower with Radar,24,41,21,32,118,0,0,6,1,7,24,41,27,33,125,0,82,82,207
09/07/2013,JAN,MS,ASO,CE,Combined TRACON& Tower with Radar,12,35,5,5,57,0,1,4,0,5,12,36,9,5,62,8,2,10,72
09/08/2013,JAN,MS,ASO,CE,Combined TRACON& Tower with Radar,18,41,7,16,82,0,2,3,1,6,18,43,10,17,88,0,28,28,116
09/09/2013,JAN,MS,ASO,CE,Combined TRACON& Tower with Radar,21,44,14,11,90,0,0,4,0,4,21,44,18,11,94,6,92,98,192
09/10/2013,JAN,MS,ASO,CE,Combined TRACON& Tower with Radar,19,54,32,10,115,0,0,8,1,9,19,54,40,11,124,0,106,106,230
09/11/2013,JAN,MS,ASO,CE,Combined TRACON& Tower with Radar,22,42,32,17,113,0,0,9,0,9,22,42,41,17,122,16,100,116,238
09/12/2013,JAN,MS,ASO,CE,Combined TRACON& Tower with Radar,22,42,18,21,103,0,1,5,0,6,22,43,23,21,109,0,36,36,145
09/13/2013,JAN,MS,ASO,CE,Combined TRACON& Tower with Radar,26,43,15,24,108,0,2,5,0,7,26,45,20,24,115,0,114,114,229
09/14/2013,JAN,MS,ASO,CE,Combined TRACON& Tower with Radar,12,32,9,0,53,0,0,11,0,11,12,32,20,0,64,4,0,4,68
09/15/2013,JAN,MS,ASO,CE,Combined TRACON& Tower with Radar,20,39,16,1,76,0,0,5,0,5,20,39,21,1,81,0,0,0,81
09/16/2013,JAN,MS,ASO,CE,Combined TRACON& Tower with Radar,21,38,20,4,83,0,0,3,0,3,21,38,23,4,86,6,65,71,157
09/17/2013,JAN,MS,ASO,CE,Combined TRACON& Tower with Radar,22,44,24,46,136,0,0,5,0,5,22,44,29,46,141,6,104,110,251
09/18/2013,JAN,MS,ASO,CE,Combined TRACON& Tower with Radar,21,39,32,45,137,0,0,11,3,14,21,39,43,48,151,0,134,134,285
09/19/2013,JAN,MS,ASO,CE,Combined TRACON& Tower with Radar,21,37,33,42,133,0,0,6,0,6,21,37,39,42,139,4,158,162,301
09/20/2013,JAN,MS,ASO,CE,Combined TRACON& Tower with Radar,21,39,16,16,92,0,0,1,0,1,21,39,17,16,93,0,10,10,103
09/21/2013,JAN,MS,ASO,CE,Combined TRACON& Tower with Radar,12,33,6,7,58,0,0,1,0,1,12,33,7,7,59,0,4,4,63
09/22/2013,JAN,MS,ASO,CE,Combined TRACON& Tower with Radar,20,36,12,12,80,0,0,4,4,8,20,36,16,16,88,2,6,8,96
09/23/2013,JAN,MS,ASO,CE,Combined TRACON& Tower with Radar,20,44,32,11,107,0,1,5,4,10,20,45,37,15,117,0,48,48,165
09/24/2013,JAN,MS,ASO,CE,Combined TRACON& Tower with Radar,21,41,9,17,88,0,0,4,0,4,21,41,13,17,92,0,24,24,116
09/25/2013,JAN,MS,ASO,CE,Combined TRACON& Tower with Radar,24,45,25,7,101,0,0,7,0,7,24,45,32,7,108,0,26,26,134
09/26/2013,JAN,MS,ASO,CE,Combined TRACON& Tower with Radar,21,48,20,17,106,0,2,12,5,19,21,50,32,22,125,0,116,116,241
09/27/2013,JAN,MS,ASO,CE,Combined TRACON& Tower with Radar,22,42,26,16,106,0,1,17,1,19,22,43,43,17,125,0,152,152,277
09/28/2013,JAN,MS,ASO,CE,Combined TRACON& Tower with Radar,16,38,12,1,67,0,2,2,1,5,16,40,14,2,72,10,0,10,82
09/29/2013,JAN,MS,ASO,CE,Combined TRACON& Tower with Radar,18,42,10,9,79,0,2,4,0,6,18,44,14,9,85,2,14,16,101
09/30/2013,JAN,MS,ASO,CE,Combined TRACON& Tower with Radar,21,42,19,4,86,0,0,1,0,1,21,42,20,4,87,0,48,48,135
10/01/2013,JAN,MS,ASO,CE,Combined TRACON& Tower with Radar,21,38,22,14,95,0,1,5,0,6,21,39,27,14,101,0,86,86,187
10/02/2013,JAN,MS,ASO,CE,Combined TRACON& Tower with Radar,21,41,20,13,95,0,1,7,1,9,21,42,27,14,104,18,16,34,138
10/03/2013,JAN,MS,ASO,CE,Combined TRACON& Tower with Radar,26,47,34,16,123,0,0,4,0,4,26,47,38,16,127,0,34,34,161
10/04/2013,JAN,MS,ASO,CE,Combined TRACON& Tower with Radar,22,41,33,6,102,0,3,3,0,6,22,44,36,6,108,6,12,18,126
10/05/2013,JAN,MS,ASO,CE,Combined TRACON& Tower with Radar,17,30,18,0,65,0,0,0,0,0,17,30,18,0,65,0,0,0,65
10/06/2013,JAN,MS,ASO,CE,Combined TRACON& Tower with Radar,17,39,16,8,80,0,1,2,0,3,17,40,18,8,83,2,0,2,85
10/07/2013,JAN,MS,ASO,CE,Combined TRACON& Tower with Radar,23,41,9,6,79,0,0,2,0,2,23,41,11,6,81,3,66,69,150
10/08/2013,JAN,MS,ASO,CE,Combined TRACON& Tower with Radar,22,39,27,30,118,0,2,6,0,8,22,41,33,30,126,3,136,139,265
10/09/2013,JAN,MS,ASO,CE,Combined TRACON& Tower with Radar,23,38,17,28,106,0,3,0,0,3,23,41,17,28,109,6,26,32,141
10/10/2013,JAN,MS,ASO,CE,Combined TRACON& Tower with Radar,24,56,21,24,125,0,1,5,0,6,24,57,26,24,131,7,68,75,206
10/11/2013,JAN,MS,ASO,CE,Combined TRACON& Tower with Radar,20,50,22,11,103,0,2,8,1,11,20,52,30,12,114,2,28,30,144
10/12/2013,JAN,MS,ASO,CE,Combined TRACON& Tower with Radar,16,30,7,0,53,0,0,3,0,3,16,30,10,0,56,0,0,0,56
10/13/2013,JAN,MS,ASO,CE,Combined TRACON& Tower with Radar,20,40,17,0,77,0,0,3,0,3,20,40,20,0,80,0,0,0,80
10/14/2013,JAN,MS,ASO,CE,Combined TRACON& Tower with Radar,23,38,20,2,83,0,0,3,0,3,23,38,23,2,86,0,0,0,86
10/15/2013,JAN,MS,ASO,CE,Combined TRACON& Tower with Radar,23,41,25,21,110,0,0,1,2,3,23,41,26,23,113,0,106,106,219
10/16/2013,JAN,MS,ASO,CE,Combined TRACON& Tower with Radar,21,53,36,5,115,0,0,3,0,3,21,53,39,5,118,0,6,6,124
10/17/2013,JAN,MS,ASO,CE,Combined TRACON& Tower with Radar,23,43,32,10,108,0,0,6,0,6,23,43,38,10,114,0,6,6,120
10/18/2013,JAN,MS,ASO,CE,Combined TRACON& Tower with Radar,20,46,34,19,119,0,1,8,0,9,20,47,42,19,128,0,66,66,194
10/19/2013,JAN,MS,ASO,CE,Combined TRACON& Tower with Radar,20,28,3,6,57,0,0,4,0,4,20,28,7,6,61,0,6,6,67
10/20/2013,JAN,MS,ASO,CE,Combined TRACON& Tower with Radar,22,39,10,3,74,0,2,6,1,9,22,41,16,4,83,16,42,58,141
10/21/2013,JAN,MS,ASO,CE,Combined TRACON& Tower with Radar,23,46,11,6,86,0,1,4,0,5,23,47,15,6,91,0,46,46,137
10/22/2013,JAN,MS,ASO,CE,Combined TRACON& Tower with Radar,23,44,27,21,115,0,1,4,0,5,23,45,31,21,120,8,26,34,154
10/23/2013,JAN,MS,ASO,CE,Combined TRACON& Tower with Radar,25,42,26,24,117,0,1,10,1,12,25,43,36,25,129,0,52,52,181
10/24/2013,JAN,MS,ASO,CE,Combined TRACON& Tower with Radar,23,39,14,26,102,0,1,6,0,7,23,40,20,26,109,8,73,81,190
10/25/2013,JAN,MS,ASO,CE,Combined TRACON& Tower with Radar,25,44,20,21,110,0,2,7,3,12,25,46,27,24,122,7,82,89,211
10/26/2013,JAN,MS,ASO,CE,Combined TRACON& Tower with Radar,17,27,5,1,50,0,0,3,1,4,17,27,8,2,54,0,0,0,54
10/27/2013,JAN,MS,ASO,CE,Combined TRACON& Tower with Radar,22,39,18,0,79,0,3,7,1,11,22,42,25,1,90,0,0,0,90
10/28/2013,JAN,MS,ASO,CE,Combined TRACON& Tower with Radar,23,45,26,22,116,0,0,2,0,2,23,45,28,22,118,0,60,60,178
10/29/2013,JAN,MS,ASO,CE,Combined TRACON& Tower with Radar,25,39,27,17,108,0,2,9,1,12,25,41,36,18,120,0,14,14,134
10/30/2013,JAN,MS,ASO,CE,Combined TRACON& Tower with Radar,25,42,23,25,115,0,0,19,0,19,25,42,42,25,134,16,54,70,204
10/31/2013,JAN,MS,ASO,CE,Combined TRACON& Tower with Radar,25,38,20,0,83,0,1,3,0,4,25,39,23,0,87,0,0,0,87
11/01/2013,JAN,MS,ASO,CE,Combined TRACON& Tower with Radar,27,42,39,46,154,0,3,12,0,15,27,45,51,46,169,38,96,134,303
11/02/2013,JAN,MS,ASO,CE,Combined TRACON& Tower with Radar,15,32,16,14,77,0,3,6,2,11,15,35,22,16,88,0,18,18,106
11/03/2013,JAN,MS,ASO,CE,Combined TRACON& Tower with Radar,20,40,14,6,80,0,2,3,0,5,20,42,17,6,85,6,0,6,91
11/04/2013,JAN,MS,ASO,CE,Combined TRACON& Tower with Radar,22,42,21,18,103,0,0,9,1,10,22,42,30,19,113,2,72,74,187
11/05/2013,JAN,MS,ASO,CE,Combined TRACON& Tower with Radar,22,38,16,24,100,0,0,8,0,8,22,38,24,24,108,8,39,47,155
11/06/2013,JAN,MS,ASO,CE,Combined TRACON& Tower with Radar,22,53,26,29,130,0,0,7,0,7,22,53,33,29,137,0,180,180,317
11/07/2013,JAN,MS,ASO,CE,Combined TRACON& Tower with Radar,23,45,26,14,108,0,1,9,0,10,23,46,35,14,118,2,104,106,224
11/08/2013,JAN,MS,ASO,CE,Combined TRACON& Tower with Radar,22,45,20,24,111,0,2,9,1,12,22,47,29,25,123,8,108,116,239
11/09/2013,JAN,MS,ASO,CE,Combined TRACON& Tower with Radar,17,35,7,0,59,0,0,5,0,5,17,35,12,0,64,0,4,4,68
11/10/2013,JAN,MS,ASO,CE,Combined TRACON& Tower with Radar,20,37,14,0,71,0,0,10,2,12,20,37,24,2,83,2,0,2,85
11/11/2013,JAN,MS,ASO,CE,Combined TRACON& Tower with Radar,21,41,12,0,74,0,1,5,0,6,21,42,17,0,80,4,0,4,84
11/12/2013,JAN,MS,ASO,CE,Combined TRACON& Tower with Radar,22,45,18,17,102,0,2,1,1,4,22,47,19,18,106,0,14,14,120
11/13/2013,JAN,MS,ASO,CE,Combined TRACON& Tower with Radar,21,46,38,36,141,0,0,8,4,12,21,46,46,40,153,26,118,144,297
11/14/2013,JAN,MS,ASO,CE,Combined TRACON& Tower with Radar,21,43,25,22,111,0,6,10,0,16,21,49,35,22,127,0,40,40,167
11/15/2013,JAN,MS,ASO,CE,Combined TRACON& Tower with Radar,25,40,24,24,113,0,1,8,3,12,25,41,32,27,125,0,22,22,147
11/16/2013,JAN,MS,ASO,CE,Combined TRACON& Tower with Radar,22,32,17,1,72,0,2,1,0,3,22,34,18,1,75,8,0,8,83
11/17/2013,JAN,MS,ASO,CE,Combined TRACON& Tower with Radar,20,37,14,1,72,0,1,1,0,2,20,38,15,1,74,0,0,0,74
11/18/2013,JAN,MS,ASO,CE,Combined TRACON& Tower with Radar,23,40,14,8,85,0,0,8,0,8,23,40,22,8,93,2,26,28,121
11/19/2013,JAN,MS,ASO,CE,Combined TRACON& Tower with Radar,21,49,25,23,118,0,0,6,2,8,21,49,31,25,126,2,92,94,220
11/20/2013,JAN,MS,ASO,CE,Combined TRACON& Tower with Radar,21,42,30,16,109,0,2,11,2,15,21,44,41,18,124,0,22,22,146
11/21/2013,JAN,MS,ASO,CE,Combined TRACON& Tower with Radar,21,38,23,42,124,0,0,5,2,7,21,38,28,44,131,0,64,64,195
11/22/2013,JAN,MS,ASO,CE,Combined TRACON& Tower with Radar,21,37,17,5,80,0,0,2,0,2,21,37,19,5,82,0,6,6,88
11/23/2013,JAN,MS,ASO,CE,Combined TRACON& Tower with Radar,19,38,16,0,73,0,0,0,0,0,19,38,16,0,73,0,0,0,73
11/24/2013,JAN,MS,ASO,CE,Combined TRACON& Tower with Radar,18,27,4,6,55,0,4,1,2,7,18,31,5,8,62,0,2,2,64
11/25/2013,JAN,MS,ASO,CE,Combined TRACON& Tower with Radar,23,31,26,5,85,0,0,0,0,0,23,31,26,5,85,0,4,4,89
11/26/2013,JAN,MS,ASO,CE,Combined TRACON& Tower with Radar,25,43,25,3,96,0,0,0,0,0,25,43,25,3,96,0,0,0,96
11/27/2013,JAN,MS,ASO,CE,Combined TRACON& Tower with Radar,25,47,9,34,115,0,0,4,0,4,25,47,13,34,119,14,80,94,213
11/28/2013,JAN,MS,ASO,CE,Combined TRACON& Tower with Radar,13,25,2,0,40,0,0,4,0,4,13,25,6,0,44,0,0,0,44
11/29/2013,JAN,MS,ASO,CE,Combined TRACON& Tower with Radar,22,27,5,2,56,0,0,8,0,8,22,27,13,2,64,0,0,0,64
11/30/2013,JAN,MS,ASO,CE,Combined TRACON& Tower with Radar,12,46,3,1,62,0,0,4,0,4,12,46,7,1,66,0,0,0,66
12/01/2013,JAN,MS,ASO,CE,Combined TRACON& Tower with Radar,24,40,21,1,86,0,0,6,0,6,24,40,27,1,92,16,0,16,108
12/02/2013,JAN,MS,ASO,CE,Combined TRACON& Tower with Radar,24,45,25,31,125,0,2,8,0,10,24,47,33,31,135,0,171,171,306
12/03/2013,JAN,MS,ASO,CE,Combined TRACON& Tower with Radar,27,39,18,43,127,0,3,3,2,8,27,42,21,45,135,4,108,112,247
12/04/2013,JAN,MS,ASO,CE,Combined TRACON& Tower with Radar,23,53,19,28,123,0,2,3,0,5,23,55,22,28,128,0,46,46,174
12/05/2013,JAN,MS,ASO,CE,Combined TRACON& Tower with Radar,26,37,27,8,98,0,0,3,0,3,26,37,30,8,101,0,0,0,101
12/06/2013,JAN,MS,ASO,CE,Combined TRACON& Tower with Radar,24,22,15,3,64,0,0,0,0,0,24,22,15,3,64,0,0,0,64
12/07/2013,JAN,MS,ASO,CE,Combined TRACON& Tower with Radar,18,22,7,5,52,0,2,0,0,2,18,24,7,5,54,0,2,2,56
12/08/2013,JAN,MS,ASO,CE,Combined TRACON& Tower with Radar,24,19,5,2,50,0,0,0,0,0,24,19,5,2,50,0,0,0,50
12/09/2013,JAN,MS,ASO,CE,Combined TRACON& Tower with Radar,25,19,16,13,73,0,0,0,0,0,25,19,16,13,73,0,2,2,75
12/10/2013,JAN,MS,ASO,CE,Combined TRACON& Tower with Radar,27,33,28,21,109,0,2,4,4,10,27,35,32,25,119,0,42,42,161
12/11/2013,JAN,MS,ASO,CE,Combined TRACON& Tower with Radar,23,40,37,36,136,0,1,6,4,11,23,41,43,40,147,4,136,140,287
12/12/2013,JAN,MS,ASO,CE,Combined TRACON& Tower with Radar,25,41,16,30,112,0,1,6,2,9,25,42,22,32,121,0,80,80,201
12/13/2013,JAN,MS,ASO,CE,Combined TRACON& Tower with Radar,24,36,13,21,94,0,5,8,0,13,24,41,21,21,107,0,78,78,185
12/14/2013,JAN,MS,ASO,CE,Combined TRACON& Tower with Radar,16,34,13,9,72,0,0,1,0,1,16,34,14,9,73,0,6,6,79
12/15/2013,JAN,MS,ASO,CE,Combined TRACON& Tower with Radar,22,34,12,18,86,0,2,1,1,4,22,36,13,19,90,2,18,20,110
12/16/2013,JAN,MS,ASO,CE,Combined TRACON& Tower with Radar,25,38,24,16,103,0,3,10,0,13,25,41,34,16,116,4,78,82,198
12/17/2013,JAN,MS,ASO,CE,Combined TRACON& Tower with Radar,27,37,21,36,121,0,1,5,2,8,27,38,26,38,129,4,136,140,269
12/18/2013,JAN,MS,ASO,CE,Combined TRACON& Tower with Radar,23,39,25,19,106,0,0,12,0,12,23,39,37,19,118,10,20,30,148
12/19/2013,JAN,MS,ASO,CE,Combined TRACON& Tower with Radar,20,48,14,36,118,0,1,6,4,11,20,49,20,40,129,0,108,108,237
12/20/2013,JAN,MS,ASO,CE,Combined TRACON& Tower with Radar,18,44,22,18,102,0,0,3,0,3,18,44,25,18,105,0,66,66,171
12/21/2013,JAN,MS,ASO,CE,Combined TRACON& Tower with Radar,14,41,3,0,58,0,0,1,0,1,14,41,4,0,59,4,0,4,63
12/22/2013,JAN,MS,ASO,CE,Combined TRACON& Tower with Radar,17,37,6,0,60,0,0,4,0,4,17,37,10,0,64,8,0,8,72
12/23/2013,JAN,MS,ASO,CE,Combined TRACON& Tower with Radar,18,44,16,6,84,0,1,10,1,12,18,45,26,7,96,0,4,4,100
12/24/2013,JAN,MS,ASO,CE,Combined TRACON& Tower with Radar,18,32,5,0,55,0,1,3,0,4,18,33,8,0,59,0,0,0,59
12/25/2013,JAN,MS,ASO,CE,Combined TRACON& Tower with Radar,12,29,2,0,43,0,1,5,0,6,12,30,7,0,49,2,0,2,51
12/26/2013,JAN,MS,ASO,CE,Combined TRACON& Tower with Radar,20,44,18,2,84,0,2,6,0,8,20,46,24,2,92,4,4,8,100
12/27/2013,JAN,MS,ASO,CE,Combined TRACON& Tower with Radar,19,43,11,3,76,0,0,5,0,5,19,43,16,3,81,0,0,0,81
12/28/2013,JAN,MS,ASO,CE,Combined TRACON& Tower with Radar,15,40,12,0,67,0,0,0,0,0,15,40,12,0,67,2,2,4,71
12/29/2013,JAN,MS,ASO,CE,Combined TRACON& Tower with Radar,14,40,14,1,69,0,1,2,0,3,14,41,16,1,72,2,0,2,74
12/30/2013,JAN,MS,ASO,CE,Combined TRACON& Tower with Radar,17,40,12,5,74,0,1,1,0,2,17,41,13,5,76,2,0,2,78
12/31/2013,JAN,MS,ASO,CE,Combined TRACON& Tower with Radar,17,35,8,0,60,0,2,3,0,5,17,37,11,0,65,0,0,0,65
01/01/2014,JAN,MS,ASO,CE,Combined TRACON& Tower with Radar,13,33,7,0,53,0,0,5,0,5,13,33,12,0,58,0,0,0,58
01/02/2014,JAN,MS,ASO,CE,Combined TRACON& Tower with Radar,15,45,7,1,68,0,0,7,0,7,15,45,14,1,75,0,6,6,81
01/03/2014,JAN,MS,ASO,CE,Combined TRACON& Tower with Radar,19,36,10,4,69,0,0,12,0,12,19,36,22,4,81,12,17,29,110
01/04/2014,JAN,MS,ASO,CE,Combined TRACON& Tower with Radar,16,34,9,0,59,0,2,4,0,6,16,36,13,0,65,0,0,0,65
01/05/2014,JAN,MS,ASO,CE,Combined TRACON& Tower with Radar,14,39,8,4,65,0,0,0,0,0,14,39,8,4,65,0,2,2,67
01/06/2014,JAN,MS,ASO,CE,Combined TRACON& Tower with Radar,18,33,13,6,70,0,1,7,0,8,18,34,20,6,78,0,50,50,128
01/07/2014,JAN,MS,ASO,CE,Combined TRACON& Tower with Radar,22,27,20,16,85,0,0,7,0,7,22,27,27,16,92,0,14,14,106
01/08/2014,JAN,MS,ASO,CE,Combined TRACON& Tower with Radar,25,33,40,16,114,0,8,5,2,15,25,41,45,18,129,34,126,160,289
01/09/2014,JAN,MS,ASO,CE,Combined TRACON& Tower with Radar,27,35,13,36,111,0,1,9,3,13,27,36,22,39,124,6,121,127,251
01/10/2014,JAN,MS,ASO,CE,Combined TRACON& Tower with Radar,26,33,39,23,121,0,0,2,0,2,26,33,41,23,123,0,22,22,145
01/11/2014,JAN,MS,ASO,CE,Combined TRACON& Tower with Radar,19,27,9,3,58,0,1,3,0,4,19,28,12,3,62,4,0,4,66
01/12/2014,JAN,MS,ASO,CE,Combined TRACON& Tower with Radar,26,29,13,11,79,0,0,4,0,4,26,29,17,11,83,2,4,6,89
01/13/2014,JAN,MS,ASO,CE,Combined TRACON& Tower with Radar,24,49,20,12,105,0,0,3,0,3,24,49,23,12,108,0,22,22,130
01/14/2014,JAN,MS,ASO,CE,Combined TRACON& Tower with Radar,21,37,18,41,117,0,3,9,1,13,21,40,27,42,130,0,130,130,260
01/15/2014,JAN,MS,ASO,CE,Combined TRACON& Tower with Radar,26,46,20,33,125,0,1,4,0,5,26,47,24,33,130,8,119,127,257
01/16/2014,JAN,MS,ASO,CE,Combined TRACON& Tower with Radar,26,41,34,38,139,0,1,6,2,9,26,42,40,40,148,7,108,115,263
01/17/2014,JAN,MS,ASO,CE,Combined TRACON& Tower with Radar,27,34,27,11,99,0,2,5,0,7,27,36,32,11,106,0,70,70,176
01/18/2014,JAN,MS,ASO,CE,Combined TRACON& Tower with Radar,18,26,10,6,60,0,2,4,0,6,18,28,14,6,66,6,0,6,72
01/19/2014,JAN,MS,ASO,CE,Combined TRACON& Tower with Radar,24,28,9,7,68,0,1,2,0,3,24,29,11,7,71,0,6,6,77
01/20/2014,JAN,MS,ASO,CE,Combined TRACON& Tower with Radar,23,37,13,10,83,0,0,6,2,8,23,37,19,12,91,6,0,6,97
01/21/2014,JAN,MS,ASO,CE,Combined TRACON& Tower with Radar,25,34,19,22,100,0,2,6,0,8,25,36,25,22,108,0,184,184,292
01/22/2014,JAN,MS,ASO,CE,Combined TRACON& Tower with Radar,27,31,39,23,120,0,0,6,1,7,27,31,45,24,127,0,110,110,237
01/23/2014,JAN,MS,ASO,CE,Combined TRACON& Tower with Radar,26,39,39,30,134,0,3,4,1,8,26,42,43,31,142,2,54,56,198
01/24/2014,JAN,MS,ASO,CE,Combined TRACON& Tower with Radar,27,34,17,18,96,0,0,4,1,5,27,34,21,19,101,0,98,98,199
01/25/2014,JAN,MS,ASO,CE,Combined TRACON& Tower with Radar,19,30,11,6,66,0,2,5,0,7,19,32,16,6,73,0,15,15,88
01/26/2014,JAN,MS,ASO,CE,Combined TRACON& Tower with Radar,26,30,11,17,84,0,1,6,2,9,26,31,17,19,93,7,36,43,136
01/27/2014,JAN,MS,ASO,CE,Combined TRACON& Tower with Radar,23,31,29,20,103,0,3,10,0,13,23,34,39,20,116,6,72,78,194
01/28/2014,JAN,MS,ASO,CE,Combined TRACON& Tower with Radar,5,3,9,0,17,0,0,3,0,3,5,3,12,0,20,0,0,0,20
01/29/2014,JAN,MS,ASO,CE,Combined TRACON& Tower with Radar,12,35,22,4,73,0,0,4,0,4,12,35,26,4,77,4,4,8,85
01/30/2014,JAN,MS,ASO,CE,Combined TRACON& Tower with Radar,19,41,34,37,131,0,5,13,0,18,19,46,47,37,149,20,136,156,305
01/31/2014,JAN,MS,ASO,CE,Combined TRACON& Tower with Radar,23,37,17,27,104,0,3,7,0,10,23,40,24,27,114,2,98,100,214
02/01/2014,JAN,MS,ASO,CE,Combined TRACON& Tower with Radar,13,26,9,3,51,0,2,5,0,7,13,28,14,3,58,0,0,0,58
02/02/2014,JAN,MS,ASO,CE,Combined TRACON& Tower with Radar,26,19,11,2,58,0,0,0,0,0,26,19,11,2,58,0,0,0,58
02/03/2014,JAN,MS,ASO,CE,Combined TRACON& Tower with Radar,25,38,35,9,107,0,0,2,0,2,25,38,37,9,109,0,18,18,127
02/04/2014,JAN,MS,ASO,CE,Combined TRACON& Tower with Radar,25,39,20,2,86,0,0,1,0,1,25,39,21,2,87,0,0,0,87
02/05/2014,JAN,MS,ASO,CE,Combined TRACON& Tower with Radar,28,33,40,51,152,0,3,5,0,8,28,36,45,51,160,12,134,146,306
02/06/2014,JAN,MS,ASO,CE,Combined TRACON& Tower with Radar,26,28,20,54,128,0,0,4,2,6,26,28,24,56,134,0,122,122,256
02/07/2014,JAN,MS,ASO,CE,Combined TRACON& Tower with Radar,27,43,17,56,143,0,0,7,0,7,27,43,24,56,150,4,106,110,260
02/08/2014,JAN,MS,ASO,CE,Combined TRACON& Tower with Radar,19,29,4,13,65,0,0,6,2,8,19,29,10,15,73,4,16,20,93
02/09/2014,JAN,MS,ASO,CE,Combined TRACON& Tower with Radar,25,35,11,21,92,0,0,3,1,4,25,35,14,22,96,0,30,30,126
02/10/2014,JAN,MS,ASO,CE,Combined TRACON& Tower with Radar,26,41,34,26,127,0,0,1,0,1,26,41,35,26,128,0,4,4,132
02/11/2014,JAN,MS,ASO,CE,Combined TRACON& Tower with Radar,13,26,17,0,56,0,0,0,0,0,13,26,17,0,56,0,0,0,56
02/12/2014,JAN,MS,ASO,CE,Combined TRACON& Tower with Radar,10,33,32,13,88,0,0,2,0,2,10,33,34,13,90,0,12,12,102
02/13/2014,JAN,MS,ASO,CE,Combined TRACON& Tower with Radar,15,30,34,68,147,0,3,9,1,13,15,33,43,69,160,0,128,128,288
02/14/2014,JAN,MS,ASO,CE,Combined TRACON& Tower with Radar,25,34,11,9,79,0,3,4,2,9,25,37,15,11,88,2,48,50,138
02/15/2014,JAN,MS,ASO,CE,Combined TRACON& Tower with Radar,16,29,14,1,60,0,1,3,1,5,16,30,17,2,65,2,4,6,71
02/16/2014,JAN,MS,ASO,CE,Combined TRACON& Tower with Radar,21,34,6,1,62,0,0,6,0,6,21,34,12,1,68,4,0,4,72
02/17/2014,JAN,MS,ASO,CE,Combined TRACON& Tower with Radar,21,40,19,1,81,0,4,3,0,7,21,44,22,1,88,0,0,0,88
02/18/2014,JAN,MS,ASO,CE,Combined TRACON& Tower with Radar,23,36,33,23,115,0,0,7,0,7,23,36,40,23,122,14,22,36,158
02/19/2014,JAN,MS,ASO,CE,Combined TRACON& Tower with Radar,24,46,27,29,126,0,2,13,1,16,24,48,40,30,142,0,30,30,172
02/20/2014,JAN,MS,ASO,CE,Combined TRACON& Tower with Radar,24,35,13,20,92,0,0,9,0,9,24,35,22,20,101,0,88,88,189
02/21/2014,JAN,MS,ASO,CE,Combined TRACON& Tower with Radar,20,40,23,33,116,0,2,12,1,15,20,42,35,34,131,0,114,114,245
02/22/2014,JAN,MS,ASO,CE,Combined TRACON& Tower with Radar,18,27,12,6,63,0,1,9,2,12,18,28,21,8,75,6,20,26,101
02/23/2014,JAN,MS,ASO,CE,Combined TRACON& Tower with Radar,22,38,6,9,75,0,0,0,0,0,22,38,6,9,75,0,29,29,104
02/24/2014,JAN,MS,ASO,CE,Combined TRACON& Tower with Radar,25,38,14,17,94,0,1,3,2,6,25,39,17,19,100,2,52,54,154
02/25/2014,JAN,MS,ASO,CE,Combined TRACON& Tower with Radar,23,34,31,15,103,0,0,3,2,5,23,34,34,17,108,18,14,32,140
02/26/2014,JAN,MS,ASO,CE,Combined TRACON& Tower with Radar,23,43,33,37,136,0,5,1,1,7,23,48,34,38,143,6,124,130,273
02/27/2014,JAN,MS,ASO,CE,Combined TRACON& Tower with Radar,23,45,19,47,134,0,0,2,0,2,23,45,21,47,136,0,114,114,250
02/28/2014,JAN,MS,ASO,CE,Combined TRACON& Tower with Radar,24,42,19,19,104,0,2,11,0,13,24,44,30,19,117,6,70,76,193
03/01/2014,JAN,MS,ASO,CE,Combined TRACON& Tower with Radar,17,25,6,16,64,0,1,3,1,5,17,26,9,17,69,0,44,44,113
03/02/2014,JAN,MS,ASO,CE,Combined TRACON& Tower with Radar,22,20,8,12,62,0,0,3,0,3,22,20,11,12,65,0,12,12,77
03/03/2014,JAN,MS,ASO,CE,Combined TRACON& Tower with Radar,21,34,14,9,78,0,0,1,0,1,21,34,15,9,79,0,14,14,93
03/04/2014,JAN,MS,ASO,CE,Combined TRACON& Tower with Radar,19,37,19,2,77,0,1,1,0,2,19,38,20,2,79,0,0,0,79
03/05/2014,JAN,MS,ASO,CE,Combined TRACON& Tower with Radar,23,52,28,27,130,0,0,6,0,6,23,52,34,27,136,4,142,146,282
03/06/2014,JAN,MS,ASO,CE,Combined TRACON& Tower with Radar,20,42,31,2,95,0,0,0,0,0,20,42,31,2,95,0,0,0,95
03/07/2014,JAN,MS,ASO,CE,Combined TRACON& Tower with Radar,20,30,21,20,91,0,1,6,0,7,20,31,27,20,98,16,72,88,186
03/08/2014,JAN,MS,ASO,CE,Combined TRACON& Tower with Radar,15,49,15,2,81,0,0,2,0,2,15,49,17,2,83,0,12,12,95
03/09/2014,JAN,MS,ASO,CE,Combined TRACON& Tower with Radar,23,19,9,12,63,0,0,3,0,3,23,19,12,12,66,2,38,40,106
03/10/2014,JAN,MS,ASO,CE,Combined TRACON& Tower with Radar,19,48,17,13,97,0,0,1,0,1,19,48,18,13,98,6,72,78,176
03/11/2014,JAN,MS,ASO,CE,Combined TRACON& Tower with Radar,22,38,28,24,112,0,0,6,0,6,22,38,34,24,118,0,28,28,146
03/12/2014,JAN,MS,ASO,CE,Combined TRACON& Tower with Radar,20,44,27,62,153,0,0,6,0,6,20,44,33,62,159,0,110,110,269
03/13/2014,JAN,MS,ASO,CE,Combined TRACON& Tower with Radar,20,39,29,18,106,0,3,16,3,22,20,42,45,21,128,2,114,116,244
03/14/2014,JAN,MS,ASO,CE,Combined TRACON& Tower with Radar,22,41,17,20,100,0,0,10,1,11,22,41,27,21,111,10,106,116,227
03/15/2014,JAN,MS,ASO,CE,Combined TRACON& Tower with Radar,14,34,22,19,89,0,0,3,0,3,14,34,25,19,92,12,48,60,152
03/16/2014,JAN,MS,ASO,CE,Combined TRACON& Tower with Radar,19,43,9,21,92,0,1,1,0,2,19,44,10,21,94,4,14,18,112
03/17/2014,JAN,MS,ASO,CE,Combined TRACON& Tower with Radar,29,49,19,28,125,0,0,2,0,2,29,49,21,28,127,6,28,34,161
03/18/2014,JAN,MS,ASO,CE,Combined TRACON& Tower with Radar,22,43,28,41,134,0,4,2,3,9,22,47,30,44,143,0,126,126,269
03/19/2014,JAN,MS,ASO,CE,Combined TRACON& Tower with Radar,21,42,37,42,142,0,1,11,2,14,21,43,48,44,156,18,112,130,286
03/20/2014,JAN,MS,ASO,CE,Combined TRACON& Tower with Radar,23,51,30,33,137,0,0,5,0,5,23,51,35,33,142,0,0,0,142
03/21/2014,JAN,MS,ASO,CE,Combined TRACON& Tower with Radar,23,38,33,25,119,0,0,4,4,8,23,38,37,29,127,4,84,88,215
03/22/2014,JAN,MS,ASO,CE,Combined TRACON& Tower with Radar,14,33,7,2,56,0,1,3,0,4,14,34,10,2,60,0,0,0,60
03/23/2014,JAN,MS,ASO,CE,Combined TRACON& Tower with Radar,18,38,10,1,67,0,1,5,0,6,18,39,15,1,73,0,0,0,73
03/24/2014,JAN,MS,ASO,CE,Combined TRACON& Tower with Radar,22,43,22,11,98,0,0,7,1,8,22,43,29,12,106,4,26,30,136
03/25/2014,JAN,MS,ASO,CE,Combined TRACON& Tower with Radar,22,35,36,12,105,0,0,3,1,4,22,35,39,13,109,0,40,40,149
03/26/2014,JAN,MS,ASO,CE,Combined TRACON& Tower with Radar,22,41,29,55,147,0,1,10,3,14,22,42,39,58,161,0,136,136,297
03/27/2014,JAN,MS,ASO,CE,Combined TRACON& Tower with Radar,22,41,19,40,122,0,0,4,0,4,22,41,23,40,126,0,128,128,254
03/28/2014,JAN,MS,ASO,CE,Combined TRACON& Tower with Radar,31,53,17,45,146,0,1,0,0,1,31,54,17,45,147,4,182,186,333
03/29/2014,JAN,MS,ASO,CE,Combined TRACON& Tower with Radar,15,32,18,6,71,0,0,4,0,4,15,32,22,6,75,0,4,4,79
03/30/2014,JAN,MS,ASO,CE,Combined TRACON& Tower with Radar,19,39,5,4,67,0,0,1,0,1,19,39,6,4,68,0,4,4,72
03/31/2014,JAN,MS,ASO,CE,Combined TRACON& Tower with Radar,23,46,16,6,91,0,0,8,0,8,23,46,24,6,99,2,28,30,129
04/01/2014,JAN,MS,ASO,CE,Combined TRACON& Tower with Radar,21,34,22,59,136,0,1,7,0,8,21,35,29,59,144,6,170,176,320
04/02/2014,JAN,MS,ASO,CE,Combined TRACON& Tower with Radar,21,42,34,38,135,0,0,7,0,7,21,42,41,38,142,4,80,84,226
04/03/2014,JAN,MS,ASO,CE,Combined TRACON& Tower with Radar,20,39,19,26,104,0,1,4,3,8,20,40,23,29,112,18,52,70,182
04/04/2014,JAN,MS,ASO,CE,Combined TRACON& Tower with Radar,26,40,30,2,98,0,1,6,0,7,26,41,36,2,105,0,8,8,113
04/05/2014,JAN,MS,ASO,CE,Combined TRACON& Tower with Radar,14,33,8,15,70,0,0,4,3,7,14,33,12,18,77,0,12,12,89
04/06/2014,JAN,MS,ASO,CE,Combined TRACON& Tower with Radar,20,30,6,2,58,0,0,0,0,0,20,30,6,2,58,0,0,0,58
04/07/2014,JAN,MS,ASO,CE,Combined TRACON& Tower with Radar,22,41,22,39,124,0,0,2,0,2,22,41,24,39,126,0,92,92,218
04/08/2014,JAN,MS,ASO,CE,Combined TRACON& Tower with Radar,18,41,28,15,102,0,0,6,1,7,18,41,34,16,109,0,10,10,119
04/09/2014,JAN,MS,ASO,CE,Combined TRACON& Tower with Radar,21,39,38,17,115,0,3,8,2,13,21,42,46,19,128,6,100,106,234
04/10/2014,JAN,MS,ASO,CE,Combined TRACON& Tower with Radar,21,48,42,36,147,0,1,6,0,7,21,49,48,36,154,0,104,104,258
04/11/2014,JAN,MS,ASO,CE,Combined TRACON& Tower with Radar,21,45,30,31,127,0,4,8,1,13,21,49,38,32,140,10,142,152,292
04/12/2014,JAN,MS,ASO,CE,Combined TRACON& Tower with Radar,16,32,8,6,62,0,0,1,0,1,16,32,9,6,63,4,22,26,89
04/13/2014,JAN,MS,ASO,CE,Combined TRACON& Tower with Radar,23,44,25,18,110,0,3,4,0,7,23,47,29,18,117,2,50,52,169
04/14/2014,JAN,MS,ASO,CE,Combined TRACON& Tower with Radar,23,33,15,4,75,0,0,0,0,0,23,33,15,4,75,0,0,0,75
04/15/2014,JAN,MS,ASO,CE,Combined TRACON& Tower with Radar,20,45,22,52,139,0,2,0,0,2,20,47,22,52,141,0,126,126,267
04/16/2014,JAN,MS,ASO,CE,Combined TRACON& Tower with Radar,21,40,25,32,118,0,0,8,0,8,21,40,33,32,126,0,120,120,246
04/17/2014,JAN,MS,ASO,CE,Combined TRACON& Tower with Radar,20,51,27,36,134,0,0,12,1,13,20,51,39,37,147,0,96,96,243
04/18/2014,JAN,MS,ASO,CE,Combined TRACON& Tower with Radar,23,48,11,31,113,0,0,2,1,3,23,48,13,32,116,2,86,88,204
04/19/2014,JAN,MS,ASO,CE,Combined TRACON& Tower with Radar,14,30,4,3,51,0,0,7,0,7,14,30,11,3,58,8,0,8,66
04/20/2014,JAN,MS,ASO,CE,Combined TRACON& Tower with Radar,23,44,25,18,110,0,3,4,0,7,23,47,29,18,117,0,4,4,121
04/21/2014,JAN,MS,ASO,CE,Combined TRACON& Tower with Radar,21,36,16,27,100,0,1,6,1,8,21,37,22,28,108,0,48,48,156
04/22/2014,JAN,MS,ASO,CE,Combined TRACON& Tower with Radar,23,34,33,11,101,0,3,2,0,5,23,37,35,11,106,2,10,12,118
04/23/2014,JAN,MS,ASO,CE,Combined TRACON& Tower with Radar,22,38,20,65,145,0,1,5,1,7,22,39,25,66,152,0,188,188,340
04/24/2014,JAN,MS,ASO,CE,Combined TRACON& Tower with Radar,22,38,37,13,110,0,0,5,0,5,22,38,42,13,115,0,20,20,135
04/25/2014,JAN,MS,ASO,CE,Combined TRACON& Tower with Radar,24,37,23,20,104,0,1,9,1,11,24,38,32,21,115,2,160,162,277
04/26/2014,JAN,MS,ASO,CE,Combined TRACON& Tower with Radar,16,30,7,8,61,0,1,1,2,4,16,31,8,10,65,2,10,12,77
04/27/2014,JAN,MS,ASO,CE,Combined TRACON& Tower with Radar,29,30,11,7,77,0,0,4,0,4,29,30,15,7,81,8,0,8,89
04/28/2014,JAN,MS,ASO,CE,Combined TRACON& Tower with Radar,22,32,18,7,79,0,0,3,0,3,22,32,21,7,82,0,16,16,98
04/29/2014,JAN,MS,ASO,CE,Combined TRACON& Tower with Radar,20,36,35,20,111,0,0,3,0,3,20,36,38,20,114,0,24,24,138
04/30/2014,JAN,MS,ASO,CE,Combined TRACON& Tower with Radar,22,46,37,32,137,0,0,5,0,5,22,46,42,32,142,0,106,106,248
05/01/2014,JAN,MS,ASO,CE,Combined TRACON& Tower with Radar,22,42,33,28,125,0,4,9,1,14,22,46,42,29,139,16,58,74,213
05/02/2014,JAN,MS,ASO,CE,Combined TRACON& Tower with Radar,23,48,29,8,108,0,2,7,2,11,23,50,36,10,119,0,38,38,157
05/03/2014,JAN,MS,ASO,CE,Combined TRACON& Tower with Radar,19,26,13,33,91,0,0,9,0,9,19,26,22,33,100,0,52,52,152
05/04/2014,JAN,MS,ASO,CE,Combined TRACON& Tower with Radar,23,32,12,5,72,0,0,4,0,4,23,32,16,5,76,0,0,0,76
05/05/2014,JAN,MS,ASO,CE,Combined TRACON& Tower with Radar,23,38,22,10,93,0,2,13,0,15,23,40,35,10,108,0,86,86,194
05/06/2014,JAN,MS,ASO,CE,Combined TRACON& Tower with Radar,23,49,20,26,118,0,0,9,4,13,23,49,29,30,131,0,76,76,207
05/07/2014,JAN,MS,ASO,CE,Combined TRACON& Tower with Radar,23,41,23,45,132,0,1,7,1,9,23,42,30,46,141,0,102,102,243
05/08/2014,JAN,MS,ASO,CE,Combined TRACON& Tower with Radar,22,34,20,34,110,0,0,13,0,13,22,34,33,34,123,0,66,66,189
05/09/2014,JAN,MS,ASO,CE,Combined TRACON& Tower with Radar,30,41,9,4,84,0,0,2,0,2,30,41,11,4,86,0,2,2,88
05/10/2014,JAN,MS,ASO,CE,Combined TRACON& Tower with Radar,19,32,7,1,59,0,0,2,0,2,19,32,9,1,61,0,7,7,68
05/11/2014,JAN,MS,ASO,CE,Combined TRACON& Tower with Radar,22,33,15,12,82,0,2,0,0,2,22,35,15,12,84,6,12,18,102
05/12/2014,JAN,MS,ASO,CE,Combined TRACON& Tower with Radar,23,35,17,32,107,0,0,9,1,10,23,35,26,33,117,0,92,92,209
05/13/2014,JAN,MS,ASO,CE,Combined TRACON& Tower with Radar,20,35,14,30,99,0,1,9,1,11,20,36,23,31,110,0,68,68,178
05/14/2014,JAN,MS,ASO,CE,Combined TRACON& Tower with Radar,22,41,32,29,124,0,0,3,0,3,22,41,35,29,127,0,58,58,185
05/15/2014,JAN,MS,ASO,CE,Combined TRACON& Tower with Radar,22,44,24,36,126,0,0,3,0,3,22,44,27,36,129,0,110,110,239
05/16/2014,JAN,MS,ASO,CE,Combined TRACON& Tower with Radar,24,42,28,16,110,0,0,3,2,5,24,42,31,18,115,2,84,86,201
05/17/2014,JAN,MS,ASO,CE,Combined TRACON& Tower with Radar,18,28,12,21,79,0,0,2,0,2,18,28,14,21,81,0,62,62,143
05/18/2014,JAN,MS,ASO,CE,Combined TRACON& Tower with Radar,24,44,15,18,101,0,0,2,4,6,24,44,17,22,107,6,46,52,159
05/19/2014,JAN,MS,ASO,CE,Combined TRACON& Tower with Radar,23,46,27,30,126,0,0,6,0,6,23,46,33,30,132,12,56,68,200
05/20/2014,JAN,MS,ASO,CE,Combined TRACON& Tower with Radar,23,36,18,29,106,0,0,8,0,8,23,36,26,29,114,0,44,44,158
05/21/2014,JAN,MS,ASO,CE,Combined TRACON& Tower with Radar,22,48,28,41,139,0,0,14,0,14,22,48,42,41,153,0,134,134,287
05/22/2014,JAN,MS,ASO,CE,Combined TRACON& Tower with Radar,25,38,24,34,121,0,0,15,0,15,25,38,39,34,136,8,140,148,284
05/23/2014,JAN,MS,ASO,CE,Combined TRACON& Tower with Radar,23,46,20,2,91,0,0,11,0,11,23,46,31,2,102,0,8,8,110
05/24/2014,JAN,MS,ASO,CE,Combined TRACON& Tower with Radar,17,25,10,0,52,0,1,2,0,3,17,26,12,0,55,0,0,0,55
05/25/2014,JAN,MS,ASO,CE,Combined TRACON& Tower with Radar,18,29,20,5,72,0,0,3,0,3,18,29,23,5,75,6,4,10,85
05/26/2014,JAN,MS,ASO,CE,Combined TRACON& Tower with Radar,21,38,9,0,68,0,1,3,0,4,21,39,12,0,72,2,0,2,74
05/27/2014,JAN,MS,ASO,CE,Combined TRACON& Tower with Radar,21,37,15,15,88,0,1,7,0,8,21,38,22,15,96,0,64,64,160
05/28/2014,JAN,MS,ASO,CE,Combined TRACON& Tower with Radar,22,36,10,6,74,0,1,4,0,5,22,37,14,6,79,0,4,4,83
05/29/2014,JAN,MS,ASO,CE,Combined TRACON& Tower with Radar,22,42,7,15,86,0,0,3,0,3,22,42,10,15,89,0,16,16,105
05/30/2014,JAN,MS,ASO,CE,Combined TRACON& Tower with Radar,24,42,13,3,82,0,0,2,0,2,24,42,15,3,84,0,6,6,90
05/31/2014,JAN,MS,ASO,CE,Combined TRACON& Tower with Radar,19,27,6,1,53,0,0,0,0,0,19,27,6,1,53,0,0,0,53
06/01/2014,JAN,MS,ASO,CE,Combined TRACON& Tower with Radar,21,35,14,4,74,0,1,1,0,2,21,36,15,4,76,0,0,0,76
06/02/2014,JAN,MS,ASO,CE,Combined TRACON& Tower with Radar,23,43,16,37,119,0,0,3,0,3,23,43,19,37,122,0,34,34,156
06/03/2014,JAN,MS,ASO,CE,Combined TRACON& Tower with Radar,23,36,12,34,105,0,0,7,0,7,23,36,19,34,112,0,84,84,196
06/04/2014,JAN,MS,ASO,CE,Combined TRACON& Tower with Radar,22,44,25,58,149,0,0,7,5,12,22,44,32,63,161,0,112,112,273
06/05/2014,JAN,MS,ASO,CE,Combined TRACON& Tower with Radar,22,48,16,59,145,0,3,11,1,15,22,51,27,60,160,2,134,136,296
06/06/2014,JAN,MS,ASO,CE,Combined TRACON& Tower with Radar,26,43,11,21,101,0,0,3,0,3,26,43,14,21,104,0,100,100,204
06/07/2014,JAN,MS,ASO,CE,Combined TRACON& Tower with Radar,20,36,8,5,69,0,0,3,0,3,20,36,11,5,72,2,6,8,80
06/08/2014,JAN,MS,ASO,CE,Combined TRACON& Tower with Radar,11,42,13,18,84,0,0,3,0,3,11,42,16,18,87,0,6,6,93
06/09/2014,JAN,MS,ASO,CE,Combined TRACON& Tower with Radar,14,27,16,27,84,0,0,3,3,6,14,27,19,30,90,8,92,100,190
06/10/2014,JAN,MS,ASO,CE,Combined TRACON& Tower with Radar,13,41,21,18,93,0,0,0,0,0,13,41,21,18,93,0,84,84,177
06/11/2014,JAN,MS,ASO,CE,Combined TRACON& Tower with Radar,16,41,23,49,129,0,1,8,4,13,16,42,31,53,142,0,167,167,309
06/12/2014,JAN,MS,ASO,CE,Combined TRACON& Tower with Radar,16,59,35,70,180,0,0,8,2,10,16,59,43,72,190,0,264,264,454
06/13/2014,JAN,MS,ASO,CE,Combined TRACON& Tower with Radar,19,48,21,46,134,0,0,11,1,12,19,48,32,47,146,2,160,162,308
06/14/2014,JAN,MS,ASO,CE,Combined TRACON& Tower with Radar,16,31,13,4,64,0,0,7,0,7,16,31,20,4,71,2,0,2,73
06/15/2014,JAN,MS,ASO,CE,Combined TRACON& Tower with Radar,16,37,13,0,66,0,0,4,0,4,16,37,17,0,70,0,0,0,70
06/16/2014,JAN,MS,ASO,CE,Combined TRACON& Tower with Radar,16,42,25,12,95,0,1,5,0,6,16,43,30,12,101,2,84,86,187
06/17/2014,JAN,MS,ASO,CE,Combined TRACON& Tower with Radar,18,52,25,7,102,0,0,5,0,5,18,52,30,7,107,0,38,38,145
06/18/2014,JAN,MS,ASO,CE,Combined TRACON& Tower with Radar,19,39,38,22,118,0,1,10,0,11,19,40,48,22,129,8,36,44,173
06/19/2014,JAN,MS,ASO,CE,Combined TRACON& Tower with Radar,18,47,30,19,114,0,2,9,0,11,18,49,39,19,125,2,60,62,187
06/20/2014,JAN,MS,ASO,CE,Combined TRACON& Tower with Radar,21,43,24,4,92,0,0,3,0,3,21,43,27,4,95,0,28,28,123
06/21/2014,JAN,MS,ASO,CE,Combined TRACON& Tower with Radar,15,32,5,9,61,0,0,3,0,3,15,32,8,9,64,18,16,34,98
06/22/2014,JAN,MS,ASO,CE,Combined TRACON& Tower with Radar,16,46,15,18,95,0,0,3,0,3,16,46,18,18,98,0,16,16,114
06/23/2014,JAN,MS,ASO,CE,Combined TRACON& Tower with Radar,22,40,15,48,125,0,0,5,2,7,22,40,20,50,132,2,78,80,212
06/24/2014,JAN,MS,ASO,CE,Combined TRACON& Tower with Radar,16,49,24,33,122,0,0,3,1,4,16,49,27,34,126,2,28,30,156
06/25/2014,JAN,MS,ASO,CE,Combined TRACON& Tower with Radar,19,37,32,8,96,0,2,1,3,6,19,39,33,11,102,8,36,44,146
06/26/2014,JAN,MS,ASO,CE,Combined TRACON& Tower with Radar,19,37,34,13,103,0,0,17,2,19,19,37,51,15,122,28,72,100,222
06/27/2014,JAN,MS,ASO,CE,Combined TRACON& Tower with Radar,19,42,15,13,89,0,1,8,1,10,19,43,23,14,99,0,52,52,151
06/28/2014,JAN,MS,ASO,CE,Combined TRACON& Tower with Radar,16,30,6,6,58,0,1,1,0,2,16,31,7,6,60,2,4,6,66
06/29/2014,JAN,MS,ASO,CE,Combined TRACON& Tower with Radar,12,52,13,16,93,0,0,4,0,4,12,52,17,16,97,0,56,56,153
06/30/2014,JAN,MS,ASO,CE,Combined TRACON& Tower with Radar,16,45,19,18,98,0,0,9,0,9,16,45,28,18,107,8,34,42,149
07/01/2014,JAN,MS,ASO,CE,Combined TRACON& Tower with Radar,18,38,10,61,127,0,0,10,0,10,18,38,20,61,137,0,140,140,277
07/02/2014,JAN,MS,ASO,CE,Combined TRACON& Tower with Radar,19,41,21,15,96,0,0,7,0,7,19,41,28,15,103,2,66,68,171
07/03/2014,JAN,MS,ASO,CE,Combined TRACON& Tower with Radar,16,41,16,9,82,0,2,7,0,9,16,43,23,9,91,18,46,64,155
07/04/2014,JAN,MS,ASO,CE,Combined TRACON& Tower with Radar,8,26,1,0,35,0,0,2,0,2,8,26,3,0,37,2,2,4,41
07/05/2014,JAN,MS,ASO,CE,Combined TRACON& Tower with Radar,14,30,4,0,48,0,1,6,0,7,14,31,10,0,55,8,0,8,63
07/06/2014,JAN,MS,ASO,CE,Combined TRACON& Tower with Radar,16,40,19,0,75,0,0,0,0,0,16,40,19,0,75,0,0,0,75
07/07/2014,JAN,MS,ASO,CE,Combined TRACON& Tower with Radar,17,38,24,0,79,0,2,7,0,9,17,40,31,0,88,0,0,0,88
07/08/2014,JAN,MS,ASO,CE,Combined TRACON& Tower with Radar,18,43,21,24,106,0,0,12,5,17,18,43,33,29,123,10,98,108,231
07/09/2014,JAN,MS,ASO,CE,Combined TRACON& Tower with Radar,17,42,25,18,102,0,0,11,0,11,17,42,36,18,113,8,46,54,167
07/10/2014,JAN,MS,ASO,CE,Combined TRACON& Tower with Radar,17,42,14,14,87,0,0,2,0,2,17,42,16,14,89,0,66,66,155
07/11/2014,JAN,MS,ASO,CE,Combined TRACON& Tower with Radar,18,43,18,13,92,0,0,6,2,8,18,43,24,15,100,2,20,22,122
07/12/2014,JAN,MS,ASO,CE,Combined TRACON& Tower with Radar,14,38,6,7,65,0,0,5,0,5,14,38,11,7,70,6,22,28,98
07/13/2014,JAN,MS,ASO,CE,Combined TRACON& Tower with Radar,14,40,18,22,94,0,1,8,4,13,14,41,26,26,107,3,6,9,116
07/14/2014,JAN,MS,ASO,CE,Combined TRACON& Tower with Radar,17,47,15,21,100,0,0,3,1,4,17,47,18,22,104,8,132,140,244
07/15/2014,JAN,MS,ASO,CE,Combined TRACON& Tower with Radar,17,55,20,50,142,0,1,3,4,8,17,56,23,54,150,24,76,100,250
07/16/2014,JAN,MS,ASO,CE,Combined TRACON& Tower with Radar,17,41,21,42,121,0,0,4,1,5,17,41,25,43,126,0,80,80,206
07/17/2014,JAN,MS,ASO,CE,Combined TRACON& Tower with Radar,15,31,23,36,105,0,0,7,0,7,15,31,30,36,112,0,154,154,266
07/18/2014,JAN,MS,ASO,CE,Combined TRACON& Tower with Radar,22,43,24,5,94,0,0,0,0,0,22,43,24,5,94,0,0,0,94
07/19/2014,JAN,MS,ASO,CE,Combined TRACON& Tower with Radar,14,33,16,11,74,0,1,0,0,1,14,34,16,11,75,10,0,10,85
07/20/2014,JAN,MS,ASO,CE,Combined TRACON& Tower with Radar,12,39,15,0,66,0,0,3,0,3,12,39,18,0,69,0,0,0,69
07/21/2014,JAN,MS,ASO,CE,Combined TRACON& Tower with Radar,15,45,28,15,103,0,3,2,0,5,15,48,30,15,108,0,78,78,186
07/22/2014,JAN,MS,ASO,CE,Combined TRACON& Tower with Radar,17,44,34,38,133,0,0,3,2,5,17,44,37,40,138,2,186,188,326
07/23/2014,JAN,MS,ASO,CE,Combined TRACON& Tower with Radar,17,39,33,41,130,0,1,4,0,5,17,40,37,41,135,6,116,122,257
07/24/2014,JAN,MS,ASO,CE,Combined TRACON& Tower with Radar,16,46,15,17,94,0,0,5,0,5,16,46,20,17,99,2,74,76,175
07/25/2014,JAN,MS,ASO,CE,Combined TRACON& Tower with Radar,18,43,19,11,91,0,0,8,0,8,18,43,27,11,99,6,64,70,169
07/26/2014,JAN,MS,ASO,CE,Combined TRACON& Tower with Radar,12,33,14,1,60,0,0,1,0,1,12,33,15,1,61,10,0,10,71
07/27/2014,JAN,MS,ASO,CE,Combined TRACON& Tower with Radar,11,39,10,2,62,0,0,1,0,1,11,39,11,2,63,0,0,0,63
07/28/2014,JAN,MS,ASO,CE,Combined TRACON& Tower with Radar,17,44,16,36,113,0,0,6,0,6,17,44,22,36,119,0,102,102,221
07/29/2014,JAN,MS,ASO,CE,Combined TRACON& Tower with Radar,18,40,18,12,88,0,0,2,0,2,18,40,20,12,90,0,30,30,120
07/30/2014,JAN,MS,ASO,CE,Combined TRACON& Tower with Radar,17,45,23,21,106,0,1,25,3,29,17,46,48,24,135,0,78,78,213
07/31/2014,JAN,MS,ASO,CE,Combined TRACON& Tower with Radar,17,42,28,7,94,0,0,28,0,28,17,42,56,7,122,6,8,14,136
08/01/2014,JAN,MS,ASO,CE,Combined TRACON& Tower with Radar,18,41,19,4,82,0,1,5,0,6,18,42,24,4,88,0,0,0,88
08/02/2014,JAN,MS,ASO,CE,Combined TRACON& Tower with Radar,14,31,12,2,59,0,0,1,0,1,14,31,13,2,60,2,0,2,62
08/03/2014,JAN,MS,ASO,CE,Combined TRACON& Tower with Radar,12,40,13,15,80,0,1,3,0,4,12,41,16,15,84,0,18,18,102
08/04/2014,JAN,MS,ASO,CE,Combined TRACON& Tower with Radar,17,43,15,8,83,0,0,4,0,4,17,43,19,8,87,6,44,50,137
08/05/2014,JAN,MS,ASO,CE,Combined TRACON& Tower with Radar,19,45,20,8,92,0,0,6,0,6,19,45,26,8,98,0,56,56,154
08/06/2014,JAN,MS,ASO,CE,Combined TRACON& Tower with Radar,17,44,33,38,132,0,2,8,0,10,17,46,41,38,142,2,56,58,200
08/07/2014,JAN,MS,ASO,CE,Combined TRACON& Tower with Radar,17,46,22,27,112,0,1,3,2,6,17,47,25,29,118,6,96,102,220
08/08/2014,JAN,MS,ASO,CE,Combined TRACON& Tower with Radar,18,45,22,25,110,0,0,2,0,2,18,45,24,25,112,12,50,62,174
08/09/2014,JAN,MS,ASO,CE,Combined TRACON& Tower with Radar,11,33,5,14,63,0,0,1,0,1,11,33,6,14,64,0,20,20,84
08/10/2014,JAN,MS,ASO,CE,Combined TRACON& Tower with Radar,14,37,7,8,66,0,0,4,0,4,14,37,11,8,70,0,4,4,74
08/11/2014,JAN,MS,ASO,CE,Combined TRACON& Tower with Radar,17,48,12,25,102,0,0,1,0,1,17,48,13,25,103,0,124,124,227
08/12/2014,JAN,MS,ASO,CE,Combined TRACON& Tower with Radar,17,43,20,20,100,0,0,9,0,9,17,43,29,20,109,2,60,62,171
08/13/2014,JAN,MS,ASO,CE,Combined TRACON& Tower with Radar,17,45,25,22,109,0,0,8,3,11,17,45,33,25,120,6,148,154,274
08/14/2014,JAN,MS,ASO,CE,Combined TRACON& Tower with Radar,20,43,31,36,130,0,0,8,1,9,20,43,39,37,139,8,134,142,281
08/15/2014,JAN,MS,ASO,CE,Combined TRACON& Tower with Radar,21,41,21,47,130,0,1,5,0,6,21,42,26,47,136,2,64,66,202
08/16/2014,JAN,MS,ASO,CE,Combined TRACON& Tower with Radar,12,29,5,0,46,0,1,4,0,5,12,30,9,0,51,0,0,0,51
08/17/2014,JAN,MS,ASO,CE,Combined TRACON& Tower with Radar,13,32,12,13,70,0,0,0,0,0,13,32,12,13,70,0,36,36,106
08/18/2014,JAN,MS,ASO,CE,Combined TRACON& Tower with Radar,18,40,9,70,137,0,0,1,2,3,18,40,10,72,140,2,132,134,274
08/19/2014,JAN,MS,ASO,CE,Combined TRACON& Tower with Radar,26,29,26,10,91,0,0,6,2,8,26,29,32,12,99,2,50,52,151
08/20/2014,JAN,MS,ASO,CE,Combined TRACON& Tower with Radar,27,30,24,35,116,0,1,3,4,8,27,31,27,39,124,0,130,130,254
08/21/2014,JAN,MS,ASO,CE,Combined TRACON& Tower with Radar,27,23,25,28,103,0,0,9,0,9,27,23,34,28,112,0,0,0,112
08/22/2014,JAN,MS,ASO,CE,Combined TRACON& Tower with Radar,32,37,17,24,110,0,0,12,5,17,32,37,29,29,127,0,104,104,231
08/23/2014,JAN,MS,ASO,CE,Combined TRACON& Tower with Radar,15,24,8,1,48,0,2,8,0,10,15,26,16,1,58,2,2,4,62
08/24/2014,JAN,MS,ASO,CE,Combined TRACON& Tower with Radar,23,27,13,9,72,0,0,2,1,3,23,27,15,10,75,4,4,8,83
08/25/2014,JAN,MS,ASO,CE,Combined TRACON& Tower with Radar,23,33,22,18,96,0,0,4,1,5,23,33,26,19,101,12,64,76,177
08/26/2014,JAN,MS,ASO,CE,Combined TRACON& Tower with Radar,27,30,14,18,89,0,0,5,6,11,27,30,19,24,100,6,76,82,182
08/27/2014,JAN,MS,ASO,CE,Combined TRACON& Tower with Radar,32,36,24,34,126,0,0,7,2,9,32,36,31,36,135,0,94,94,229
08/28/2014,JAN,MS,ASO,CE,Combined TRACON& Tower with Radar,39,32,30,50,151,0,0,9,1,10,39,32,39,51,161,6,77,83,244
08/29/2014,JAN,MS,ASO,CE,Combined TRACON& Tower with Radar,38,31,33,18,120,0,0,3,2,5,38,31,36,20,125,0,50,50,175
08/30/2014,JAN,MS,ASO,CE,Combined TRACON& Tower with Radar,14,25,9,0,48,0,0,1,0,1,14,25,10,0,49,0,0,0,49
08/31/2014,JAN,MS,ASO,CE,Combined TRACON& Tower with Radar,17,24,16,8,65,0,0,3,2,5,17,24,19,10,70,14,0,14,84
09/01/2014,JAN,MS,ASO,CE,Combined TRACON& Tower with Radar,25,31,17,0,73,0,0,1,0,1,25,31,18,0,74,2,0,2,76
09/02/2014,JAN,MS,ASO,CE,Combined TRACON& Tower with Radar,22,34,23,31,110,0,0,6,0,6,22,34,29,31,116,0,46,46,162
09/03/2014,JAN,MS,ASO,CE,Combined TRACON& Tower with Radar,24,29,35,36,124,0,0,11,1,12,24,29,46,37,136,4,36,40,176
09/04/2014,JAN,MS,ASO,CE,Combined TRACON& Tower with Radar,28,27,24,22,101,0,1,6,0,7,28,28,30,22,108,0,118,118,226
09/05/2014,JAN,MS,ASO,CE,Combined TRACON& Tower with Radar,24,29,10,21,84,0,1,8,0,9,24,30,18,21,93,0,42,42,135
09/06/2014,JAN,MS,ASO,CE,Combined TRACON& Tower with Radar,18,26,6,12,62,0,1,0,0,1,18,27,6,12,63,0,6,6,69
09/07/2014,JAN,MS,ASO,CE,Combined TRACON& Tower with Radar,24,25,14,16,79,0,0,0,0,0,24,25,14,16,79,0,6,6,85
09/08/2014,JAN,MS,ASO,CE,Combined TRACON& Tower with Radar,25,35,19,29,108,0,1,4,0,5,25,36,23,29,113,4,130,134,247
09/09/2014,JAN,MS,ASO,CE,Combined TRACON& Tower with Radar,26,28,28,24,106,0,0,2,2,4,26,28,30,26,110,4,84,88,198
09/10/2014,JAN,MS,ASO,CE,Combined TRACON& Tower with Radar,30,21,31,22,104,0,0,8,0,8,30,21,39,22,112,0,62,62,174
09/11/2014,JAN,MS,ASO,CE,Combined TRACON& Tower with Radar,27,22,17,35,101,0,0,9,2,11,27,22,26,37,112,0,212,212,324
09/12/2014,JAN,MS,ASO,CE,Combined TRACON& Tower with Radar,27,35,23,16,101,0,1,0,0,1,27,36,23,16,102,2,16,18,120
09/13/2014,JAN,MS,ASO,CE,Combined TRACON& Tower with Radar,18,23,12,4,57,0,0,1,0,1,18,23,13,4,58,8,0,8,66
09/14/2014,JAN,MS,ASO,CE,Combined TRACON& Tower with Radar,24,27,7,5,63,0,1,5,1,7,24,28,12,6,70,0,6,6,76
09/15/2014,JAN,MS,ASO,CE,Combined TRACON& Tower with Radar,27,37,14,14,92,0,1,10,1,12,27,38,24,15,104,0,124,124,228
09/16/2014,JAN,MS,ASO,CE,Combined TRACON& Tower with Radar,29,25,31,27,112,0,0,9,0,9,29,25,40,27,121,0,152,152,273
09/17/2014,JAN,MS,ASO,CE,Combined TRACON& Tower with Radar,26,31,29,35,121,0,1,12,2,15,26,32,41,37,136,14,146,160,296
09/18/2014,JAN,MS,ASO,CE,Combined TRACON& Tower with Radar,25,26,20,22,93,0,0,4,2,6,25,26,24,24,99,0,66,66,165
09/19/2014,JAN,MS,ASO,CE,Combined TRACON& Tower with Radar,27,33,40,47,147,0,1,4,1,6,27,34,44,48,153,10,84,94,247
09/20/2014,JAN,MS,ASO,CE,Combined TRACON& Tower with Radar,17,20,7,2,46,0,0,1,0,1,17,20,8,2,47,0,0,0,47
09/21/2014,JAN,MS,ASO,CE,Combined TRACON& Tower with Radar,25,25,10,14,74,0,0,1,6,7,25,25,11,20,81,0,4,4,85
09/22/2014,JAN,MS,ASO,CE,Combined TRACON& Tower with Radar,27,34,22,25,108,0,0,2,0,2,27,34,24,25,110,0,26,26,136
09/23/2014,JAN,MS,ASO,CE,Combined TRACON& Tower with Radar,25,28,17,47,117,0,0,9,2,11,25,28,26,49,128,0,144,144,272
09/24/2014,JAN,MS,ASO,CE,Combined TRACON& Tower with Radar,26,38,17,60,141,0,0,13,1,14,26,38,30,61,155,2,120,122,277
09/25/2014,JAN,MS,ASO,CE,Combined TRACON& Tower with Radar,26,45,19,41,131,0,2,8,0,10,26,47,27,41,141,0,104,104,245
09/26/2014,JAN,MS,ASO,CE,Combined TRACON& Tower with Radar,27,36,24,28,115,0,2,10,1,13,27,38,34,29,128,6,93,99,227
09/27/2014,JAN,MS,ASO,CE,Combined TRACON& Tower with Radar,17,23,10,0,50,0,0,1,0,1,17,23,11,0,51,0,0,0,51
09/28/2014,JAN,MS,ASO,CE,Combined TRACON& Tower with Radar,25,29,6,8,68,0,0,4,0,4,25,29,10,8,72,0,10,10,82
09/29/2014,JAN,MS,ASO,CE,Combined TRACON& Tower with Radar,27,29,27,16,99,0,0,3,0,3,27,29,30,16,102,2,20,22,124
09/30/2014,JAN,MS,ASO,CE,Combined TRACON& Tower with Radar,27,22,26,5,80,0,1,9,0,10,27,23,35,5,90,0,2,2,92
10/01/2014,JAN,MS,ASO,CE,Combined TRACON& Tower with Radar,26,32,21,52,131,0,0,8,0,8,26,32,29,52,139,0,157,157,296
10/02/2014,JAN,MS,ASO,CE,Combined TRACON& Tower with Radar,19,32,14,10,75,0,0,8,0,8,19,32,22,10,83,0,16,16,99
10/03/2014,JAN,MS,ASO,CE,Combined TRACON& Tower with Radar,21,40,23,20,104,0,3,10,0,13,21,43,33,20,117,2,24,26,143
10/04/2014,JAN,MS,ASO,CE,Combined TRACON& Tower with Radar,12,31,17,8,68,0,0,6,0,6,12,31,23,8,74,4,6,10,84
10/05/2014,JAN,MS,ASO,CE,Combined TRACON& Tower with Radar,16,39,10,39,104,0,0,4,0,4,16,39,14,39,108,2,64,66,174
10/06/2014,JAN,MS,ASO,CE,Combined TRACON& Tower with Radar,18,29,15,22,84,0,2,2,0,4,18,31,17,22,88,0,76,76,164
10/07/2014,JAN,MS,ASO,CE,Combined TRACON& Tower with Radar,18,35,21,43,117,0,0,3,0,3,18,35,24,43,120,2,90,92,212
10/08/2014,JAN,MS,ASO,CE,Combined TRACON& Tower with Radar,18,39,28,34,119,0,0,3,0,3,18,39,31,34,122,0,132,132,254
10/09/2014,JAN,MS,ASO,CE,Combined TRACON& Tower with Radar,18,44,31,24,117,0,1,5,0,6,18,45,36,24,123,6,112,118,241
10/10/2014,JAN,MS,ASO,CE,Combined TRACON& Tower with Radar,20,40,12,14,86,0,1,8,0,9,20,41,20,14,95,0,46,46,141
10/11/2014,JAN,MS,ASO,CE,Combined TRACON& Tower with Radar,15,35,13,4,67,0,0,2,0,2,15,35,15,4,69,0,4,4,73
10/12/2014,JAN,MS,ASO,CE,Combined TRACON& Tower with Radar,19,33,15,0,67,0,0,6,0,6,19,33,21,0,73,0,0,0,73
10/13/2014,JAN,MS,ASO,CE,Combined TRACON& Tower with Radar,19,18,11,1,49,0,0,0,0,0,19,18,11,1,49,6,0,6,55
10/14/2014,JAN,MS,ASO,CE,Combined TRACON& Tower with Radar,19,33,26,53,131,0,0,0,0,0,19,33,26,53,131,0,86,86,217
10/15/2014,JAN,MS,ASO,CE,Combined TRACON& Tower with Radar,18,39,30,39,126,0,0,11,0,11,18,39,41,39,137,12,142,154,291
10/16/2014,JAN,MS,ASO,CE,Combined TRACON& Tower with Radar,19,39,11,21,90,0,0,11,0,11,19,39,22,21,101,2,104,106,207
10/17/2014,JAN,MS,ASO,CE,Combined TRACON& Tower with Radar,19,38,12,38,107,0,0,17,0,17,19,38,29,38,124,4,85,89,213
10/18/2014,JAN,MS,ASO,CE,Combined TRACON& Tower with Radar,12,30,8,11,61,0,0,1,0,1,12,30,9,11,62,4,42,46,108
10/19/2014,JAN,MS,ASO,CE,Combined TRACON& Tower with Radar,13,44,12,29,98,0,0,1,1,2,13,44,13,30,100,0,48,48,148
10/20/2014,JAN,MS,ASO,CE,Combined TRACON& Tower with Radar,18,50,17,33,118,0,0,6,4,10,18,50,23,37,128,4,156,160,288
10/21/2014,JAN,MS,ASO,CE,Combined TRACON& Tower with Radar,18,42,24,42,126,0,0,9,3,12,18,42,33,45,138,0,116,116,254
10/22/2014,JAN,MS,ASO,CE,Combined TRACON& Tower with Radar,18,40,19,27,104,0,0,6,0,6,18,40,25,27,110,10,114,124,234
10/23/2014,JAN,MS,ASO,CE,Combined TRACON& Tower with Radar,18,42,20,50,130,0,3,1,1,5,18,45,21,51,135,0,126,126,261
10/24/2014,JAN,MS,ASO,CE,Combined TRACON& Tower with Radar,20,41,19,27,107,0,0,2,0,2,20,41,21,27,109,0,127,127,236
10/25/2014,JAN,MS,ASO,CE,Combined TRACON& Tower with Radar,16,33,16,2,67,0,0,5,0,5,16,33,21,2,72,6,0,6,78
10/26/2014,JAN,MS,ASO,CE,Combined TRACON& Tower with Radar,15,38,9,9,71,0,0,5,0,5,15,38,14,9,76,14,16,30,106
10/27/2014,JAN,MS,ASO,CE,Combined TRACON& Tower with Radar,18,42,17,20,97,0,10,7,3,20,18,52,24,23,117,0,82,82,199
10/28/2014,JAN,MS,ASO,CE,Combined TRACON& Tower with Radar,16,39,21,4,80,0,0,6,0,6,16,39,27,4,86,2,6,8,94
10/29/2014,JAN,MS,ASO,CE,Combined TRACON& Tower with Radar,17,40,16,23,96,0,1,5,0,6,17,41,21,23,102,0,56,56,158
10/30/2014,JAN,MS,ASO,CE,Combined TRACON& Tower with Radar,18,47,35,35,135,0,0,9,0,9,18,47,44,35,144,12,80,92,236
10/31/2014,JAN,MS,ASO,CE,Combined TRACON& Tower with Radar,19,43,21,13,96,0,4,6,1,11,19,47,27,14,107,0,22,22,129
11/01/2014,JAN,MS,ASO,CE,Combined TRACON& Tower with Radar,12,30,7,6,55,0,0,4,2,6,12,30,11,8,61,0,14,14,75
11/02/2014,JAN,MS,ASO,CE,Combined TRACON& Tower with Radar,16,41,17,5,79,0,0,13,0,13,16,41,30,5,92,4,8,12,104
11/03/2014,JAN,MS,ASO,CE,Combined TRACON& Tower with Radar,19,41,17,28,105,0,0,6,2,8,19,41,23,30,113,0,120,120,233
11/04/2014,JAN,MS,ASO,CE,Combined TRACON& Tower with Radar,17,33,31,33,114,0,0,5,2,7,17,33,36,35,121,0,44,44,165
11/05/2014,JAN,MS,ASO,CE,Combined TRACON& Tower with Radar,22,49,33,50,154,0,1,4,0,5,22,50,37,50,159,0,124,124,283
11/06/2014,JAN,MS,ASO,CE,Combined TRACON& Tower with Radar,24,29,28,31,112,0,0,1,0,1,24,29,29,31,113,3,37,40,153
11/07/2014,JAN,MS,ASO,CE,Combined TRACON& Tower with Radar,26,41,33,26,126,0,0,9,3,12,26,41,42,29,138,14,56,70,208
11/08/2014,JAN,MS,ASO,CE,Combined TRACON& Tower with Radar,16,27,10,13,66,0,0,1,0,1,16,27,11,13,67,0,19,19,86
11/09/2014,JAN,MS,ASO,CE,Combined TRACON& Tower with Radar,24,38,22,7,91,0,0,5,0,5,24,38,27,7,96,0,12,12,108
11/10/2014,JAN,MS,ASO,CE,Combined TRACON& Tower with Radar,27,31,26,3,87,0,3,11,2,16,27,34,37,5,103,6,8,14,117
11/11/2014,JAN,MS,ASO,CE,Combined TRACON& Tower with Radar,25,30,12,0,67,0,0,6,0,6,25,30,18,0,73,4,0,4,77
11/12/2014,JAN,MS,ASO,CE,Combined TRACON& Tower with Radar,25,33,19,7,84,0,0,2,0,2,25,33,21,7,86,0,4,4,90
11/13/2014,JAN,MS,ASO,CE,Combined TRACON& Tower with Radar,23,36,17,39,115,0,0,13,0,13,23,36,30,39,128,4,108,112,240
11/14/2014,JAN,MS,ASO,CE,Combined TRACON& Tower with Radar,27,32,18,10,87,0,1,8,0,9,27,33,26,10,96,6,116,122,218
11/15/2014,JAN,MS,ASO,CE,Combined TRACON& Tower with Radar,17,31,12,3,63,0,0,2,0,2,17,31,14,3,65,8,12,20,85
11/16/2014,JAN,MS,ASO,CE,Combined TRACON& Tower with Radar,22,29,18,0,69,0,0,0,0,0,22,29,18,0,69,0,0,0,69
11/17/2014,JAN,MS,ASO,CE,Combined TRACON& Tower with Radar,27,40,25,32,124,0,0,9,2,11,27,40,34,34,135,0,126,126,261
11/18/2014,JAN,MS,ASO,CE,Combined TRACON& Tower with Radar,25,39,16,10,90,0,0,4,2,6,25,39,20,12,96,8,38,46,142
11/19/2014,JAN,MS,ASO,CE,Combined TRACON& Tower with Radar,26,44,28,33,131,0,2,2,1,5,26,46,30,34,136,0,77,77,213
11/20/2014,JAN,MS,ASO,CE,Combined TRACON& Tower with Radar,27,39,33,43,142,0,0,12,0,12,27,39,45,43,154,50,240,290,444
11/21/2014,JAN,MS,ASO,CE,Combined TRACON& Tower with Radar,28,42,25,14,109,0,0,6,1,7,28,42,31,15,116,2,72,74,190
11/22/2014,JAN,MS,ASO,CE,Combined TRACON& Tower with Radar,22,22,5,7,56,0,0,4,3,7,22,22,9,10,63,6,6,12,75
11/23/2014,JAN,MS,ASO,CE,Combined TRACON& Tower with Radar,19,26,9,2,56,0,2,4,0,6,19,28,13,2,62,20,0,20,82
11/24/2014,JAN,MS,ASO,CE,Combined TRACON& Tower with Radar,23,31,20,15,89,0,2,9,6,17,23,33,29,21,106,0,90,90,196
11/25/2014,JAN,MS,ASO,CE,Combined TRACON& Tower with Radar,28,24,18,22,92,0,1,10,0,11,28,25,28,22,103,0,62,62,165
11/26/2014,JAN,MS,ASO,CE,Combined TRACON& Tower with Radar,28,33,14,0,75,0,0,3,0,3,28,33,17,0,78,4,2,6,84
11/27/2014,JAN,MS,ASO,CE,Combined TRACON& Tower with Radar,15,16,2,2,35,0,0,4,0,4,15,16,6,2,39,0,0,0,39
11/28/2014,JAN,MS,ASO,CE,Combined TRACON& Tower with Radar,20,28,4,1,53,0,1,1,0,2,20,29,5,1,55,0,0,0,55
11/29/2014,JAN,MS,ASO,CE,Combined TRACON& Tower with Radar,19,29,14,0,62,0,0,3,0,3,19,29,17,0,65,18,0,18,83
11/30/2014,JAN,MS,ASO,CE,Combined TRACON& Tower with Radar,24,32,10,0,66,0,0,5,0,5,24,32,15,0,71,2,0,2,73
12/01/2014,JAN,MS,ASO,CE,Combined TRACON& Tower with Radar,28,37,17,15,97,0,0,5,0,5,28,37,22,15,102,8,42,50,152
12/02/2014,JAN,MS,ASO,CE,Combined TRACON& Tower with Radar,28,34,21,24,107,0,0,1,0,1,28,34,22,24,108,0,20,20,128
12/03/2014,JAN,MS,ASO,CE,Combined TRACON& Tower with Radar,27,29,43,34,133,0,2,4,0,6,27,31,47,34,139,20,106,126,265
12/04/2014,JAN,MS,ASO,CE,Combined TRACON& Tower with Radar,26,36,23,29,114,0,0,10,4,14,26,36,33,33,128,6,66,72,200
12/05/2014,JAN,MS,ASO,CE,Combined TRACON& Tower with Radar,28,31,22,43,124,0,0,8,0,8,28,31,30,43,132,2,110,112,244
12/06/2014,JAN,MS,ASO,CE,Combined TRACON& Tower with Radar,17,25,5,6,53,0,0,1,0,1,17,25,6,6,54,0,4,4,58
12/07/2014,JAN,MS,ASO,CE,Combined TRACON& Tower with Radar,23,31,10,0,64,0,0,4,0,4,23,31,14,0,68,0,0,0,68
12/08/2014,JAN,MS,ASO,CE,Combined TRACON& Tower with Radar,30,30,36,17,113,0,4,13,1,18,30,34,49,18,131,2,138,140,271
12/09/2014,JAN,MS,ASO,CE,Combined TRACON& Tower with Radar,27,22,27,20,96,0,0,6,3,9,27,22,33,23,105,0,156,156,261
12/10/2014,JAN,MS,ASO,CE,Combined TRACON& Tower with Radar,28,36,35,28,127,0,1,8,4,13,28,37,43,32,140,0,136,136,276
12/11/2014,JAN,MS,ASO,CE,Combined TRACON& Tower with Radar,24,34,27,27,112,0,1,11,1,13,24,35,38,28,125,2,112,114,239
12/12/2014,JAN,MS,ASO,CE,Combined TRACON& Tower with Radar,27,34,27,23,111,0,0,8,0,8,27,34,35,23,119,10,49,59,178
12/13/2014,JAN,MS,ASO,CE,Combined TRACON& Tower with Radar,16,21,7,4,48,0,0,0,1,1,16,21,7,5,49,0,0,0,49
12/14/2014,JAN,MS,ASO,CE,Combined TRACON& Tower with Radar,23,26,11,2,62,0,2,1,2,5,23,28,12,4,67,2,2,4,71
12/15/2014,JAN,MS,ASO,CE,Combined TRACON& Tower with Radar,27,28,14,5,74,0,0,3,0,3,27,28,17,5,77,0,2,2,79
12/16/2014,JAN,MS,ASO,CE,Combined TRACON& Tower with Radar,29,25,27,26,107,0,0,4,2,6,29,25,31,28,113,0,82,82,195
12/17/2014,JAN,MS,ASO,CE,Combined TRACON& Tower with Radar,26,28,27,29,110,0,0,5,2,7,26,28,32,31,117,0,134,134,251
12/18/2014,JAN,MS,ASO,CE,Combined TRACON& Tower with Radar,19,39,33,38,129,0,3,0,0,3,19,42,33,38,132,0,176,176,308
12/19/2014,JAN,MS,ASO,CE,Combined TRACON& Tower with Radar,17,36,13,8,74,0,0,0,0,0,17,36,13,8,74,0,4,4,78
12/20/2014,JAN,MS,ASO,CE,Combined TRACON& Tower with Radar,6,43,9,2,60,0,0,2,0,2,6,43,11,2,62,2,2,4,66
12/21/2014,JAN,MS,ASO,CE,Combined TRACON& Tower with Radar,10,50,7,5,72,0,0,0,0,0,10,50,7,5,72,0,6,6,78
12/22/2014,JAN,MS,ASO,CE,Combined TRACON& Tower with Radar,15,41,10,3,69,0,0,1,0,1,15,41,11,3,70,0,0,0,70
12/23/2014,JAN,MS,ASO,CE,Combined TRACON& Tower with Radar,16,37,17,0,70,0,0,0,0,0,16,37,17,0,70,0,0,0,70
12/24/2014,JAN,MS,ASO,CE,Combined TRACON& Tower with Radar,8,35,12,4,59,0,0,1,0,1,8,35,13,4,60,6,0,6,66
12/25/2014,JAN,MS,ASO,CE,Combined TRACON& Tower with Radar,8,30,6,0,44,0,0,4,0,4,8,30,10,0,48,2,0,2,50
12/26/2014,JAN,MS,ASO,CE,Combined TRACON& Tower with Radar,13,44,12,0,69,0,0,5,0,5,13,44,17,0,74,0,0,0,74
12/27/2014,JAN,MS,ASO,CE,Combined TRACON& Tower with Radar,4,37,16,0,57,0,0,0,0,0,4,37,16,0,57,0,0,0,57
12/28/2014,JAN,MS,ASO,CE,Combined TRACON& Tower with Radar,10,49,5,0,64,0,0,0,0,0,10,49,5,0,64,0,0,0,64
12/29/2014,JAN,MS,ASO,CE,Combined TRACON& Tower with Radar,16,36,14,14,80,0,0,0,0,0,16,36,14,14,80,0,2,2,82
12/30/2014,JAN,MS,ASO,CE,Combined TRACON& Tower with Radar,18,38,19,8,83,0,0,6,0,6,18,38,25,8,89,7,4,11,100
12/31/2014,JAN,MS,ASO,CE,Combined TRACON& Tower with Radar,10,38,18,4,70,0,1,0,0,1,10,39,18,4,71,0,0,0,71
01/01/2015,JAN,MS,ASO,CE,Combined TRACON& Tower with Radar,10,38,17,0,65,0,0,0,0,0,10,38,17,0,65,2,0,2,67
01/02/2015,JAN,MS,ASO,CE,Combined TRACON& Tower with Radar,14,50,14,0,78,0,0,0,0,0,14,50,14,0,78,2,0,2,80
01/03/2015,JAN,MS,ASO,CE,Combined TRACON& Tower with Radar,7,48,15,0,70,0,0,1,0,1,7,48,16,0,71,0,0,0,71
01/04/2015,JAN,MS,ASO,CE,Combined TRACON& Tower with Radar,14,47,14,0,75,0,1,3,0,4,14,48,17,0,79,4,0,4,83
01/05/2015,JAN,MS,ASO,CE,Combined TRACON& Tower with Radar,15,44,21,13,93,0,1,3,0,4,15,45,24,13,97,8,40,48,145
01/06/2015,JAN,MS,ASO,CE,Combined TRACON& Tower with Radar,17,40,16,26,99,0,0,13,4,17,17,40,29,30,116,6,38,44,160
01/07/2015,JAN,MS,ASO,CE,Combined TRACON& Tower with Radar,17,38,21,45,121,0,0,4,1,5,17,38,25,46,126,4,132,136,262
01/08/2015,JAN,MS,ASO,CE,Combined TRACON& Tower with Radar,19,38,22,28,107,0,0,8,1,9,19,38,30,29,116,0,74,74,190
01/09/2015,JAN,MS,ASO,CE,Combined TRACON& Tower with Radar,16,39,8,12,75,0,0,5,0,5,16,39,13,12,80,10,30,40,120
01/10/2015,JAN,MS,ASO,CE,Combined TRACON& Tower with Radar,10,27,15,18,70,0,1,1,0,2,10,28,16,18,72,4,26,30,102
01/11/2015,JAN,MS,ASO,CE,Combined TRACON& Tower with Radar,20,34,15,21,90,0,0,0,0,0,20,34,15,21,90,12,22,34,124
01/12/2015,JAN,MS,ASO,CE,Combined TRACON& Tower with Radar,23,37,8,13,81,0,0,0,0,0,23,37,8,13,81,0,20,20,101
01/13/2015,JAN,MS,ASO,CE,Combined TRACON& Tower with Radar,17,37,26,16,96,0,0,1,0,1,17,37,27,16,97,0,8,8,105
01/14/2015,JAN,MS,ASO,CE,Combined TRACON& Tower with Radar,17,34,18,38,107,0,1,5,1,7,17,35,23,39,114,5,44,49,163
01/15/2015,JAN,MS,ASO,CE,Combined TRACON& Tower with Radar,17,52,23,41,133,0,0,4,3,7,17,52,27,44,140,4,74,78,218
01/16/2015,JAN,MS,ASO,CE,Combined TRACON& Tower with Radar,18,41,16,19,94,0,1,8,4,13,18,42,24,23,107,4,72,76,183
01/17/2015,JAN,MS,ASO,CE,Combined TRACON& Tower with Radar,10,26,8,16,60,0,1,0,0,1,10,27,8,16,61,2,69,71,132
01/18/2015,JAN,MS,ASO,CE,Combined TRACON& Tower with Radar,10,36,12,11,69,0,0,4,0,4,10,36,16,11,73,6,88,94,167
01/19/2015,JAN,MS,ASO,CE,Combined TRACON& Tower with Radar,17,36,15,8,76,0,0,3,0,3,17,36,18,8,79,2,0,2,81
01/20/2015,JAN,MS,ASO,CE,Combined TRACON& Tower with Radar,17,36,18,14,85,0,0,5,1,6,17,36,23,15,91,2,46,48,139
01/21/2015,JAN,MS,ASO,CE,Combined TRACON& Tower with Radar,17,47,29,40,133,0,0,8,1,9,17,47,37,41,142,0,140,140,282
01/22/2015,JAN,MS,ASO,CE,Combined TRACON& Tower with Radar,17,42,19,24,102,0,3,1,0,4,17,45,20,24,106,4,26,30,136
01/23/2015,JAN,MS,ASO,CE,Combined TRACON& Tower with Radar,19,34,22,33,108,0,0,0,0,0,19,34,22,33,108,0,20,20,128
01/24/2015,JAN,MS,ASO,CE,Combined TRACON& Tower with Radar,11,26,6,0,43,0,1,3,2,6,11,27,9,2,49,0,18,18,67
01/25/2015,JAN,MS,ASO,CE,Combined TRACON& Tower with Radar,12,41,15,7,75,0,2,7,1,10,12,43,22,8,85,0,18,18,103
01/26/2015,JAN,MS,ASO,CE,Combined TRACON& Tower with Radar,17,40,21,13,91,0,0,2,4,6,17,40,23,17,97,2,60,62,159
01/27/2015,JAN,MS,ASO,CE,Combined TRACON& Tower with Radar,17,36,16,32,101,0,0,4,0,4,17,36,20,32,105,0,140,140,245
01/28/2015,JAN,MS,ASO,CE,Combined TRACON& Tower with Radar,17,37,21,47,122,0,0,7,1,8,17,37,28,48,130,2,84,86,216
01/29/2015,JAN,MS,ASO,CE,Combined TRACON& Tower with Radar,17,40,16,46,119,0,0,0,1,1,17,40,16,47,120,10,152,162,282
01/30/2015,JAN,MS,ASO,CE,Combined TRACON& Tower with Radar,21,34,25,27,107,0,1,7,1,9,21,35,32,28,116,2,64,66,182
01/31/2015,JAN,MS,ASO,CE,Combined TRACON& Tower with Radar,10,26,7,0,43,0,0,5,0,5,10,26,12,0,48,8,0,8,56
02/01/2015,JAN,MS,ASO,CE,Combined TRACON& Tower with Radar,8,38,7,7,60,0,0,0,0,0,8,38,7,7,60,0,18,18,78
02/02/2015,JAN,MS,ASO,CE,Combined TRACON& Tower with Radar,16,36,8,22,82,0,1,6,0,7,16,37,14,22,89,6,50,56,145
02/03/2015,JAN,MS,ASO,CE,Combined TRACON& Tower with Radar,17,40,24,22,103,0,3,3,1,7,17,43,27,23,110,4,93,97,207
02/04/2015,JAN,MS,ASO,CE,Combined TRACON& Tower with Radar,18,40,19,49,126,0,0,2,0,2,18,40,21,49,128,0,93,93,221
02/05/2015,JAN,MS,ASO,CE,Combined TRACON& Tower with Radar,17,36,19,50,122,0,0,6,1,7,17,36,25,51,129,0,200,200,329
02/06/2015,JAN,MS,ASO,CE,Combined TRACON& Tower with Radar,18,44,21,24,107,0,2,6,3,11,18,46,27,27,118,12,164,176,294
02/07/2015,JAN,MS,ASO,CE,Combined TRACON& Tower with Radar,10,26,5,16,57,0,0,4,1,5,10,26,9,17,62,2,34,36,98
02/08/2015,JAN,MS,ASO,CE,Combined TRACON& Tower with Radar,12,36,4,5,57,0,0,3,1,4,12,36,7,6,61,0,34,34,95
02/09/2015,JAN,MS,ASO,CE,Combined TRACON& Tower with Radar,19,44,18,31,112,0,0,6,0,6,19,44,24,31,118,10,64,74,192
02/10/2015,JAN,MS,ASO,CE,Combined TRACON& Tower with Radar,17,39,23,34,113,0,0,2,0,2,17,39,25,34,115,2,164,166,281
02/11/2015,JAN,MS,ASO,CE,Combined TRACON& Tower with Radar,17,46,25,25,113,0,2,10,0,12,17,48,35,25,125,6,68,74,199
02/12/2015,JAN,MS,ASO,CE,Combined TRACON& Tower with Radar,17,42,25,22,106,0,0,3,0,3,17,42,28,22,109,0,82,82,191
02/13/2015,JAN,MS,ASO,CE,Combined TRACON& Tower with Radar,18,39,15,8,80,0,0,3,2,5,18,39,18,10,85,0,16,16,101
02/14/2015,JAN,MS,ASO,CE,Combined TRACON& Tower with Radar,9,26,4,1,40,0,1,0,0,1,9,27,4,1,41,0,0,0,41
02/15/2015,JAN,MS,ASO,CE,Combined TRACON& Tower with Radar,12,33,20,11,76,0,1,5,0,6,12,34,25,11,82,8,4,12,94
02/16/2015,JAN,MS,ASO,CE,Combined TRACON& Tower with Radar,16,44,10,0,70,0,0,0,0,0,16,44,10,0,70,0,0,0,70
02/17/2015,JAN,MS,ASO,CE,Combined TRACON& Tower with Radar,17,47,16,4,84,0,0,2,3,5,17,47,18,7,89,22,4,26,115
02/18/2015,JAN,MS,ASO,CE,Combined TRACON& Tower with Radar,18,40,23,30,111,0,0,0,0,0,18,40,23,30,111,0,100,100,211
02/19/2015,JAN,MS,ASO,CE,Combined TRACON& Tower with Radar,17,41,25,22,105,0,2,3,4,9,17,43,28,26,114,0,66,66,180
02/20/2015,JAN,MS,ASO,CE,Combined TRACON& Tower with Radar,17,39,13,8,77,0,0,2,0,2,17,39,15,8,79,0,2,2,81
02/21/2015,JAN,MS,ASO,CE,Combined TRACON& Tower with Radar,11,28,3,0,42,0,0,0,0,0,11,28,3,0,42,0,0,0,42
02/22/2015,JAN,MS,ASO,CE,Combined TRACON& Tower with Radar,14,27,10,1,52,0,0,0,0,0,14,27,10,1,52,0,0,0,52
02/23/2015,JAN,MS,ASO,CE,Combined TRACON& Tower with Radar,13,20,11,1,45,0,0,0,0,0,13,20,11,1,45,0,0,0,45
02/24/2015,JAN,MS,ASO,CE,Combined TRACON& Tower with Radar,12,36,28,16,92,0,0,0,0,0,12,36,28,16,92,0,26,26,118
02/25/2015,JAN,MS,ASO,CE,Combined TRACON& Tower with Radar,12,17,5,1,35,0,0,0,0,0,12,17,5,1,35,0,0,0,35
02/26/2015,JAN,MS,ASO,CE,Combined TRACON& Tower with Radar,14,26,27,15,82,0,0,0,0,0,14,26,27,15,82,0,12,12,94
02/27/2015,JAN,MS,ASO,CE,Combined TRACON& Tower with Radar,17,31,20,22,90,0,2,2,0,4,17,33,22,22,94,10,42,52,146
02/28/2015,JAN,MS,ASO,CE,Combined TRACON& Tower with Radar,11,19,12,8,50,0,0,3,0,3,11,19,15,8,53,0,58,58,111
03/01/2015,JAN,MS,ASO,CE,Combined TRACON& Tower with Radar,11,31,12,0,54,0,0,0,0,0,11,31,12,0,54,0,0,0,54
03/02/2015,JAN,MS,ASO,CE,Combined TRACON& Tower with Radar,15,39,7,10,71,0,0,0,0,0,15,39,7,10,71,0,4,4,75
03/03/2015,JAN,MS,ASO,CE,Combined TRACON& Tower with Radar,14,33,29,51,127,0,0,0,0,0,14,33,29,51,127,0,38,38,165
03/04/2015,JAN,MS,ASO,CE,Combined TRACON& Tower with Radar,15,31,20,21,87,0,0,0,0,0,15,31,20,21,87,0,14,14,101
03/05/2015,JAN,MS,ASO,CE,Combined TRACON& Tower with Radar,9,5,6,0,20,0,0,0,0,0,9,5,6,0,20,0,0,0,20
03/06/2015,JAN,MS,ASO,CE,Combined TRACON& Tower with Radar,18,35,16,17,86,0,0,0,0,0,18,35,16,17,86,0,14,14,100
03/07/2015,JAN,MS,ASO,CE,Combined TRACON& Tower with Radar,11,36,18,13,78,0,0,6,1,7,11,36,24,14,85,1,4,5,90
03/08/2015,JAN,MS,ASO,CE,Combined TRACON& Tower with Radar,13,46,1,8,68,0,0,2,0,2,13,46,3,8,70,0,0,0,70
03/09/2015,JAN,MS,ASO,CE,Combined TRACON& Tower with Radar,18,42,17,22,99,0,1,0,0,1,18,43,17,22,100,0,42,42,142
03/10/2015,JAN,MS,ASO,CE,Combined TRACON& Tower with Radar,14,45,15,19,93,0,0,1,1,2,14,45,16,20,95,2,26,28,123
03/11/2015,JAN,MS,ASO,CE,Combined TRACON& Tower with Radar,15,41,25,16,97,0,0,0,0,0,15,41,25,16,97,4,16,20,117
03/12/2015,JAN,MS,ASO,CE,Combined TRACON& Tower with Radar,13,48,15,26,102,0,0,0,0,0,13,48,15,26,102,0,21,21,123
03/13/2015,JAN,MS,ASO,CE,Combined TRACON& Tower with Radar,17,37,9,7,70,0,0,0,0,0,17,37,9,7,70,0,4,4,74
03/14/2015,JAN,MS,ASO,CE,Combined TRACON& Tower with Radar,11,34,9,1,55,0,0,0,0,0,11,34,9,1,55,0,0,0,55
03/15/2015,JAN,MS,ASO,CE,Combined TRACON& Tower with Radar,13,45,9,0,67,0,0,1,0,1,13,45,10,0,68,2,0,2,70
03/16/2015,JAN,MS,ASO,CE,Combined TRACON& Tower with Radar,15,43,18,16,92,0,0,6,0,6,15,43,24,16,98,0,10,10,108
03/17/2015,JAN,MS,ASO,CE,Combined TRACON& Tower with Radar,15,39,23,18,95,0,0,4,0,4,15,39,27,18,99,0,72,72,171
03/18/2015,JAN,MS,ASO,CE,Combined TRACON& Tower with Radar,16,39,17,1,73,0,1,1,0,2,16,40,18,1,75,0,4,4,79
03/19/2015,JAN,MS,ASO,CE,Combined TRACON& Tower with Radar,13,43,28,43,127,0,0,1,0,1,13,43,29,43,128,0,106,106,234
03/20/2015,JAN,MS,ASO,CE,Combined TRACON& Tower with Radar,16,43,27,32,118,0,1,0,0,1,16,44,27,32,119,0,30,30,149
03/21/2015,JAN,MS,ASO,CE,Combined TRACON& Tower with Radar,11,35,6,5,57,0,0,0,0,0,11,35,6,5,57,0,0,0,57
03/22/2015,JAN,MS,ASO,CE,Combined TRACON& Tower with Radar,14,38,10,2,64,0,0,0,0,0,14,38,10,2,64,0,0,0,64
03/23/2015,JAN,MS,ASO,CE,Combined TRACON& Tower with Radar,14,43,22,6,85,0,0,1,2,3,14,43,23,8,88,2,0,2,90
03/24/2015,JAN,MS,ASO,CE,Combined TRACON& Tower with Radar,15,43,19,11,88,0,0,2,2,4,15,43,21,13,92,0,94,94,186
03/25/2015,JAN,MS,ASO,CE,Combined TRACON& Tower with Radar,15,46,22,61,144,0,0,5,0,5,15,46,27,61,149,0,87,87,236
03/26/2015,JAN,MS,ASO,CE,Combined TRACON& Tower with Radar,12,43,19,17,91,0,0,3,0,3,12,43,22,17,94,0,80,80,174
03/27/2015,JAN,MS,ASO,CE,Combined TRACON& Tower with Radar,16,46,17,33,112,0,0,0,5,5,16,46,17,38,117,0,122,122,239
03/28/2015,JAN,MS,ASO,CE,Combined TRACON& Tower with Radar,11,32,15,0,58,0,0,2,0,2,11,32,17,0,60,2,0,2,62
03/29/2015,JAN,MS,ASO,CE,Combined TRACON& Tower with Radar,12,42,11,13,78,0,2,0,1,3,12,44,11,14,81,0,22,22,103
03/30/2015,JAN,MS,ASO,CE,Combined TRACON& Tower with Radar,13,43,12,27,95,0,0,2,3,5,13,43,14,30,100,0,56,56,156
03/31/2015,JAN,MS,ASO,CE,Combined TRACON& Tower with Radar,13,41,10,21,85,0,1,3,1,5,13,42,13,22,90,0,64,64,154
04/01/2015,JAN,MS,ASO,CE,Combined TRACON& Tower with Radar,12,44,23,25,104,0,0,7,0,7,12,44,30,25,111,0,0,0,111
04/02/2015,JAN,MS,ASO,CE,Combined TRACON& Tower with Radar,11,43,25,26,105,0,0,2,0,2,11,43,27,26,107,0,80,80,187
04/03/2015,JAN,MS,ASO,CE,Combined TRACON& Tower with Radar,13,40,9,9,71,0,1,3,2,6,13,41,12,11,77,0,34,34,111
04/04/2015,JAN,MS,ASO,CE,Combined TRACON& Tower with Radar,11,30,5,4,50,0,0,4,0,4,11,30,9,4,54,0,4,4,58
04/05/2015,JAN,MS,ASO,CE,Combined TRACON& Tower with Radar,12,34,2,4,52,0,1,0,0,1,12,35,2,4,53,0,4,4,57
04/06/2015,JAN,MS,ASO,CE,Combined TRACON& Tower with Radar,13,41,19,39,112,0,0,1,1,2,13,41,20,40,114,0,44,44,158
04/07/2015,JAN,MS,ASO,CE,Combined TRACON& Tower with Radar,12,43,12,26,93,0,0,1,0,1,12,43,13,26,94,0,102,102,196
04/08/2015,JAN,MS,ASO,CE,Combined TRACON& Tower with Radar,11,49,30,41,131,0,0,5,6,11,11,49,35,47,142,12,98,110,252
04/09/2015,JAN,MS,ASO,CE,Combined TRACON& Tower with Radar,13,48,22,39,122,0,0,3,0,3,13,48,25,39,125,0,94,94,219
04/10/2015,JAN,MS,ASO,CE,Combined TRACON& Tower with Radar,12,41,15,2,70,0,0,0,0,0,12,41,15,2,70,0,0,0,70
04/11/2015,JAN,MS,ASO,CE,Combined TRACON& Tower with Radar,10,29,8,6,53,0,0,2,0,2,10,29,10,6,55,2,2,4,59
04/12/2015,JAN,MS,ASO,CE,Combined TRACON& Tower with Radar,12,40,17,3,72,0,0,4,0,4,12,40,21,3,76,10,0,10,86
04/13/2015,JAN,MS,ASO,CE,Combined TRACON& Tower with Radar,15,42,8,15,80,0,0,1,0,1,15,42,9,15,81,0,12,12,93
04/14/2015,JAN,MS,ASO,CE,Combined TRACON& Tower with Radar,12,43,22,1,78,0,0,1,0,1,12,43,23,1,79,0,0,0,79
04/15/2015,JAN,MS,ASO,CE,Combined TRACON& Tower with Radar,13,44,37,18,112,0,1,1,0,2,13,45,38,18,114,4,60,64,178
04/16/2015,JAN,MS,ASO,CE,Combined TRACON& Tower with Radar,13,43,28,16,100,0,0,0,0,0,13,43,28,16,100,0,0,0,100
04/17/2015,JAN,MS,ASO,CE,Combined TRACON& Tower with Radar,13,43,17,35,108,0,1,2,2,5,13,44,19,37,113,0,74,74,187
04/18/2015,JAN,MS,ASO,CE,Combined TRACON& Tower with Radar,10,28,13,2,53,0,0,2,0,2,10,28,15,2,55,2,0,2,57
04/19/2015,JAN,MS,ASO,CE,Combined TRACON& Tower with Radar,10,39,12,15,76,0,0,4,0,4,10,39,16,15,80,4,28,32,112
04/20/2015,JAN,MS,ASO,CE,Combined TRACON& Tower with Radar,13,51,23,32,119,0,4,11,3,18,13,55,34,35,137,6,100,106,243
04/21/2015,JAN,MS,ASO,CE,Combined TRACON& Tower with Radar,13,55,20,22,110,0,4,10,1,15,13,59,30,23,125,0,96,96,221
04/22/2015,JAN,MS,ASO,CE,Combined TRACON& Tower with Radar,13,50,36,21,120,0,0,7,0,7,13,50,43,21,127,8,44,52,179
04/23/2015,JAN,MS,ASO,CE,Combined TRACON& Tower with Radar,12,43,34,15,104,0,1,8,0,9,12,44,42,15,113,10,38,48,161
04/24/2015,JAN,MS,ASO,CE,Combined TRACON& Tower with Radar,15,44,21,9,89,0,2,4,0,6,15,46,25,9,95,0,54,54,149
04/25/2015,JAN,MS,ASO,CE,Combined TRACON& Tower with Radar,10,35,2,11,58,0,1,1,0,2,10,36,3,11,60,0,12,12,72
04/26/2015,JAN,MS,ASO,CE,Combined TRACON& Tower with Radar,14,37,19,5,75,0,0,7,0,7,14,37,26,5,82,0,70,70,152
04/27/2015,JAN,MS,ASO,CE,Combined TRACON& Tower with Radar,19,47,10,10,86,0,1,6,0,7,19,48,16,10,93,2,106,108,201
04/28/2015,JAN,MS,ASO,CE,Combined TRACON& Tower with Radar,11,44,32,18,105,0,0,3,0,3,11,44,35,18,108,0,20,20,128
04/29/2015,JAN,MS,ASO,CE,Combined TRACON& Tower with Radar,13,48,28,33,122,0,0,10,2,12,13,48,38,35,134,4,110,114,248
04/30/2015,JAN,MS,ASO,CE,Combined TRACON& Tower with Radar,13,48,8,50,119,0,1,5,1,7,13,49,13,51,126,0,176,176,302
05/01/2015,JAN,MS,ASO,CE,Combined TRACON& Tower with Radar,16,43,11,17,87,0,2,7,0,9,16,45,18,17,96,0,134,134,230
05/02/2015,JAN,MS,ASO,CE,Combined TRACON& Tower with Radar,10,31,6,2,49,0,1,7,0,8,10,32,13,2,57,0,0,0,57
05/03/2015,JAN,MS,ASO,CE,Combined TRACON& Tower with Radar,12,38,16,2,68,0,1,6,0,7,12,39,22,2,75,0,10,10,85
05/04/2015,JAN,MS,ASO,CE,Combined TRACON& Tower with Radar,15,41,14,29,99,0,1,3,1,5,15,42,17,30,104,3,148,151,255
05/05/2015,JAN,MS,ASO,CE,Combined TRACON& Tower with Radar,12,46,32,25,115,0,3,4,4,11,12,49,36,29,126,0,166,166,292
05/06/2015,JAN,MS,ASO,CE,Combined TRACON& Tower with Radar,14,55,29,33,131,0,1,7,1,9,14,56,36,34,140,4,155,159,299
05/07/2015,JAN,MS,ASO,CE,Combined TRACON& Tower with Radar,13,42,41,52,148,0,0,8,1,9,13,42,49,53,157,0,162,162,319
05/08/2015,JAN,MS,ASO,CE,Combined TRACON& Tower with Radar,15,53,29,24,121,0,2,7,0,9,15,55,36,24,130,0,68,68,198
05/09/2015,JAN,MS,ASO,CE,Combined TRACON& Tower with Radar,11,28,11,13,63,0,0,0,2,2,11,28,11,15,65,4,14,18,83
05/10/2015,JAN,MS,ASO,CE,Combined TRACON& Tower with Radar,11,30,7,1,49,0,0,2,0,2,11,30,9,1,51,0,0,0,51
05/11/2015,JAN,MS,ASO,CE,Combined TRACON& Tower with Radar,14,38,13,17,82,0,0,2,0,2,14,38,15,17,84,0,12,12,96
05/12/2015,JAN,MS,ASO,CE,Combined TRACON& Tower with Radar,15,49,21,13,98,0,0,3,1,4,15,49,24,14,102,0,28,28,130
05/13/2015,JAN,MS,ASO,CE,Combined TRACON& Tower with Radar,11,47,31,38,127,0,0,7,0,7,11,47,38,38,134,0,96,96,230
05/14/2015,JAN,MS,ASO,CE,Combined TRACON& Tower with Radar,13,47,22,31,113,0,1,4,1,6,13,48,26,32,119,0,126,126,245
05/15/2015,JAN,MS,ASO,CE,Combined TRACON& Tower with Radar,18,44,7,15,84,0,0,2,2,4,18,44,9,17,88,0,10,10,98
05/16/2015,JAN,MS,ASO,CE,Combined TRACON& Tower with Radar,11,31,3,0,45,0,0,0,0,0,11,31,3,0,45,0,0,0,45
05/17/2015,JAN,MS,ASO,CE,Combined TRACON& Tower with Radar,11,33,15,8,67,0,0,4,0,4,11,33,19,8,71,4,10,14,85
05/18/2015,JAN,MS,ASO,CE,Combined TRACON& Tower with Radar,15,46,11,10,82,0,1,2,0,3,15,47,13,10,85,0,14,14,99
05/19/2015,JAN,MS,ASO,CE,Combined TRACON& Tower with Radar,14,51,24,25,114,0,0,5,0,5,14,51,29,25,119,0,94,94,213
05/20/2015,JAN,MS,ASO,CE,Combined TRACON& Tower with Radar,15,50,29,24,118,0,3,4,3,10,15,53,33,27,128,2,114,116,244
05/21/2015,JAN,MS,ASO,CE,Combined TRACON& Tower with Radar,13,45,22,13,93,0,2,1,1,4,13,47,23,14,97,0,36,36,133
05/22/2015,JAN,MS,ASO,CE,Combined TRACON& Tower with Radar,18,48,19,2,87,0,0,4,0,4,18,48,23,2,91,0,0,0,91
05/23/2015,JAN,MS,ASO,CE,Combined TRACON& Tower with Radar,10,36,11,4,61,0,1,2,0,3,10,37,13,4,64,0,4,4,68
05/24/2015,JAN,MS,ASO,CE,Combined TRACON& Tower with Radar,10,34,7,1,52,0,0,0,0,0,10,34,7,1,52,0,0,0,52
05/25/2015,JAN,MS,ASO,CE,Combined TRACON& Tower with Radar,13,41,6,0,60,0,0,0,0,0,13,41,6,0,60,0,0,0,60
05/26/2015,JAN,MS,ASO,CE,Combined TRACON& Tower with Radar,13,44,18,17,92,0,0,5,0,5,13,44,23,17,97,0,52,52,149
05/27/2015,JAN,MS,ASO,CE,Combined TRACON& Tower with Radar,12,56,25,24,117,0,0,6,0,6,12,56,31,24,123,0,48,48,171
05/28/2015,JAN,MS,ASO,CE,Combined TRACON& Tower with Radar,14,46,21,34,115,0,1,3,1,5,14,47,24,35,120,2,75,77,197
05/29/2015,JAN,MS,ASO,CE,Combined TRACON& Tower with Radar,14,49,20,30,113,0,0,10,4,14,14,49,30,34,127,0,24,24,151
05/30/2015,JAN,MS,ASO,CE,Combined TRACON& Tower with Radar,10,34,6,0,50,0,0,0,2,2,10,34,6,2,52,0,0,0,52
05/31/2015,JAN,MS,ASO,CE,Combined TRACON& Tower with Radar,11,36,8,1,56,0,0,1,0,1,11,36,9,1,57,6,0,6,63
06/01/2015,JAN,MS,ASO,CE,Combined TRACON& Tower with Radar,15,44,6,29,94,0,0,1,1,2,15,44,7,30,96,10,52,62,158
06/02/2015,JAN,MS,ASO,CE,Combined TRACON& Tower with Radar,13,47,9,31,100,0,2,5,3,10,13,49,14,34,110,0,106,106,216
06/03/2015,JAN,MS,ASO,CE,Combined TRACON& Tower with Radar,12,42,17,45,116,0,0,6,6,12,12,42,23,51,128,2,148,150,278
06/04/2015,JAN,MS,ASO,CE,Combined TRACON& Tower with Radar,20,41,30,24,115,0,0,5,0,5,20,41,35,24,120,8,58,66,186
06/05/2015,JAN,MS,ASO,CE,Combined TRACON& Tower with Radar,23,40,25,12,100,0,1,7,1,9,23,41,32,13,109,0,8,8,117
06/06/2015,JAN,MS,ASO,CE,Combined TRACON& Tower with Radar,15,41,5,13,74,0,0,4,2,6,15,41,9,15,80,0,30,30,110
06/07/2015,JAN,MS,ASO,CE,Combined TRACON& Tower with Radar,16,42,19,6,83,0,0,3,6,9,16,42,22,12,92,2,6,8,100
06/08/2015,JAN,MS,ASO,CE,Combined TRACON& Tower with Radar,21,45,25,14,105,0,0,4,0,4,21,45,29,14,109,0,34,34,143
06/09/2015,JAN,MS,ASO,CE,Combined TRACON& Tower with Radar,22,37,27,14,100,0,1,7,1,9,22,38,34,15,109,0,24,24,133
06/10/2015,JAN,MS,ASO,CE,Combined TRACON& Tower with Radar,20,43,12,34,109,0,0,3,0,3,20,43,15,34,112,0,90,90,202
06/11/2015,JAN,MS,ASO,CE,Combined TRACON& Tower with Radar,21,38,38,25,122,0,0,13,2,15,21,38,51,27,137,0,68,68,205
06/12/2015,JAN,MS,ASO,CE,Combined TRACON& Tower with Radar,23,44,17,15,99,0,0,2,0,2,23,44,19,15,101,0,12,12,113
06/13/2015,JAN,MS,ASO,CE,Combined TRACON& Tower with Radar,16,32,3,2,53,0,0,1,0,1,16,32,4,2,54,0,0,0,54
06/14/2015,JAN,MS,ASO,CE,Combined TRACON& Tower with Radar,19,41,8,15,83,0,0,5,0,5,19,41,13,15,88,0,10,10,98
06/15/2015,JAN,MS,ASO,CE,Combined TRACON& Tower with Radar,23,41,11,1,76,0,1,6,0,7,23,42,17,1,83,0,6,6,89
06/16/2015,JAN,MS,ASO,CE,Combined TRACON& Tower with Radar,24,40,30,34,128,0,0,7,1,8,24,40,37,35,136,0,96,96,232
06/17/2015,JAN,MS,ASO,CE,Combined TRACON& Tower with Radar,21,25,16,46,108,0,0,10,3,13,21,25,26,49,121,0,112,112,233
06/18/2015,JAN,MS,ASO,CE,Combined TRACON& Tower with Radar,20,40,24,31,115,0,1,4,2,7,20,41,28,33,122,0,178,178,300
06/19/2015,JAN,MS,ASO,CE,Combined TRACON& Tower with Radar,25,37,18,24,104,0,0,2,0,2,25,37,20,24,106,6,14,20,126
06/20/2015,JAN,MS,ASO,CE,Combined TRACON& Tower with Radar,17,30,9,23,79,0,0,4,0,4,17,30,13,23,83,0,16,16,99
06/21/2015,JAN,MS,ASO,CE,Combined TRACON& Tower with Radar,19,40,9,13,81,0,0,8,0,8,19,40,17,13,89,2,34,36,125
06/22/2015,JAN,MS,ASO,CE,Combined TRACON& Tower with Radar,21,37,5,25,88,0,1,7,0,8,21,38,12,25,96,0,50,50,146
06/23/2015,JAN,MS,ASO,CE,Combined TRACON& Tower with Radar,23,59,32,36,150,0,1,12,2,15,23,60,44,38,165,2,138,140,305
06/24/2015,JAN,MS,ASO,CE,Combined TRACON& Tower with Radar,17,38,37,17,109,0,0,4,0,4,17,38,41,17,113,0,42,42,155
06/25/2015,JAN,MS,ASO,CE,Combined TRACON& Tower with Radar,22,43,24,28,117,0,0,8,3,11,22,43,32,31,128,2,50,52,180
06/26/2015,JAN,MS,ASO,CE,Combined TRACON& Tower with Radar,23,43,16,18,100,0,1,9,2,12,23,44,25,20,112,0,18,18,130
06/27/2015,JAN,MS,ASO,CE,Combined TRACON& Tower with Radar,16,34,20,3,73,0,1,0,0,1,16,35,20,3,74,0,4,4,78
06/28/2015,JAN,MS,ASO,CE,Combined TRACON& Tower with Radar,19,38,27,9,93,0,0,9,3,12,19,38,36,12,105,2,2,4,109
06/29/2015,JAN,MS,ASO,CE,Combined TRACON& Tower with Radar,21,46,15,32,114,0,0,9,1,10,21,46,24,33,124,0,64,64,188
06/30/2015,JAN,MS,ASO,CE,Combined TRACON& Tower with Radar,20,46,15,6,87,0,0,6,2,8,20,46,21,8,95,20,2,22,117
07/01/2015,JAN,MS,ASO,CE,Combined TRACON& Tower with Radar,20,43,17,34,114,0,2,8,3,13,20,45,25,37,127,4,84,88,215
07/02/2015,JAN,MS,ASO,CE,Combined TRACON& Tower with Radar,22,36,19,12,89,0,0,11,0,11,22,36,30,12,100,0,13,13,113
07/03/2015,JAN,MS,ASO,CE,Combined TRACON& Tower with Radar,15,33,5,1,54,0,0,2,0,2,15,33,7,1,56,0,0,0,56
07/04/2015,JAN,MS,ASO,CE,Combined TRACON& Tower with Radar,12,28,4,0,44,0,0,0,0,0,12,28,4,0,44,4,0,4,48
07/05/2015,JAN,MS,ASO,CE,Combined TRACON& Tower with Radar,19,37,23,0,79,0,1,3,0,4,19,38,26,0,83,0,0,0,83
07/06/2015,JAN,MS,ASO,CE,Combined TRACON& Tower with Radar,19,34,28,21,102,0,0,7,0,7,19,34,35,21,109,8,90,98,207
07/07/2015,JAN,MS,ASO,CE,Combined TRACON& Tower with Radar,17,44,18,25,104,0,1,3,1,5,17,45,21,26,109,0,64,64,173
07/08/2015,JAN,MS,ASO,CE,Combined TRACON& Tower with Radar,20,41,16,24,101,0,3,7,3,13,20,44,23,27,114,0,52,52,166
07/09/2015,JAN,MS,ASO,CE,Combined TRACON& Tower with Radar,20,36,15,39,110,0,1,9,0,10,20,37,24,39,120,2,54,56,176
07/10/2015,JAN,MS,ASO,CE,Combined TRACON& Tower with Radar,21,43,13,5,82,0,1,3,1,5,21,44,16,6,87,0,8,8,95
07/11/2015,JAN,MS,ASO,CE,Combined TRACON& Tower with Radar,14,31,15,8,68,0,1,4,0,5,14,32,19,8,73,4,2,6,79
07/12/2015,JAN,MS,ASO,CE,Combined TRACON& Tower with Radar,18,36,7,8,69,0,2,1,0,3,18,38,8,8,72,0,18,18,90
07/13/2015,JAN,MS,ASO,CE,Combined TRACON& Tower with Radar,20,41,9,31,101,0,2,5,2,9,20,43,14,33,110,4,38,42,152
07/14/2015,JAN,MS,ASO,CE,Combined TRACON& Tower with Radar,20,44,11,28,103,0,0,0,2,2,20,44,11,30,105,3,46,49,154
07/15/2015,JAN,MS,ASO,CE,Combined TRACON& Tower with Radar,18,40,12,23,93,0,0,9,0,9,18,40,21,23,102,0,23,23,125
07/16/2015,JAN,MS,ASO,CE,Combined TRACON& Tower with Radar,19,38,25,14,96,0,1,4,2,7,19,39,29,16,103,0,24,24,127
07/17/2015,JAN,MS,ASO,CE,Combined TRACON& Tower with Radar,20,42,8,34,104,0,2,14,1,17,20,44,22,35,121,0,96,96,217
07/18/2015,JAN,MS,ASO,CE,Combined TRACON& Tower with Radar,15,31,2,10,58,0,0,6,2,8,15,31,8,12,66,0,10,10,76
07/19/2015,JAN,MS,ASO,CE,Combined TRACON& Tower with Radar,19,40,10,19,88,0,0,5,1,6,19,40,15,20,94,14,20,34,128
07/20/2015,JAN,MS,ASO,CE,Combined TRACON& Tower with Radar,19,38,10,24,91,0,0,8,0,8,19,38,18,24,99,0,70,70,169
07/21/2015,JAN,MS,ASO,CE,Combined TRACON& Tower with Radar,18,36,22,15,91,0,0,10,0,10,18,36,32,15,101,6,84,90,191
07/22/2015,JAN,MS,ASO,CE,Combined TRACON& Tower with Radar,18,41,18,33,110,0,0,8,2,10,18,41,26,35,120,0,86,86,206
07/23/2015,JAN,MS,ASO,CE,Combined TRACON& Tower with Radar,19,38,18,23,98,0,0,10,1,11,19,38,28,24,109,4,56,60,169
07/24/2015,JAN,MS,ASO,CE,Combined TRACON& Tower with Radar,20,42,13,35,110,0,1,9,0,10,20,43,22,35,120,4,50,54,174
07/25/2015,JAN,MS,ASO,CE,Combined TRACON& Tower with Radar,15,32,7,16,70,0,1,2,1,4,15,33,9,17,74,4,28,32,106
07/26/2015,JAN,MS,ASO,CE,Combined TRACON& Tower with Radar,19,36,13,1,69,0,0,6,0,6,19,36,19,1,75,0,0,0,75
07/27/2015,JAN,MS,ASO,CE,Combined TRACON& Tower with Radar,19,42,10,14,85,0,4,7,0,11,19,46,17,14,96,0,16,16,112
07/28/2015,JAN,MS,ASO,CE,Combined TRACON& Tower with Radar,19,48,20,19,106,0,0,3,1,4,19,48,23,20,110,0,56,56,166
07/29/2015,JAN,MS,ASO,CE,Combined TRACON& Tower with Radar,21,48,13,23,105,0,0,3,0,3,21,48,16,23,108,0,68,68,176
07/30/2015,JAN,MS,ASO,CE,Combined TRACON& Tower with Radar,19,43,13,25,100,0,0,12,2,14,19,43,25,27,114,0,66,66,180
07/31/2015,JAN,MS,ASO,CE,Combined TRACON& Tower with Radar,19,42,10,15,86,0,2,1,4,7,19,44,11,19,93,14,26,40,133
08/01/2015,JAN,MS,ASO,CE,Combined TRACON& Tower with Radar,16,34,6,14,70,0,0,10,0,10,16,34,16,14,80,0,4,4,84
08/02/2015,JAN,MS,ASO,CE,Combined TRACON& Tower with Radar,19,35,10,6,70,0,0,1,0,1,19,35,11,6,71,2,4,6,77
08/03/2015,JAN,MS,ASO,CE,Combined TRACON& Tower with Radar,22,40,21,23,106,0,0,1,2,3,22,40,22,25,109,0,88,88,197
08/04/2015,JAN,MS,ASO,CE,Combined TRACON& Tower with Radar,20,38,22,24,104,0,2,4,1,7,20,40,26,25,111,0,46,46,157
08/05/2015,JAN,MS,ASO,CE,Combined TRACON& Tower with Radar,22,41,12,46,121,0,0,7,1,8,22,41,19,47,129,0,86,86,215
08/06/2015,JAN,MS,ASO,CE,Combined TRACON& Tower with Radar,20,37,16,43,116,0,1,4,0,5,20,38,20,43,121,0,70,70,191
08/07/2015,JAN,MS,ASO,CE,Combined TRACON& Tower with Radar,20,41,8,20,89,0,0,7,2,9,20,41,15,22,98,0,73,73,171
08/08/2015,JAN,MS,ASO,CE,Combined TRACON& Tower with Radar,14,38,5,6,63,0,0,1,3,4,14,38,6,9,67,2,12,14,81
08/09/2015,JAN,MS,ASO,CE,Combined TRACON& Tower with Radar,18,34,8,7,67,0,1,4,1,6,18,35,12,8,73,0,6,6,79
08/10/2015,JAN,MS,ASO,CE,Combined TRACON& Tower with Radar,19,37,13,30,99,0,0,2,1,3,19,37,15,31,102,4,44,48,150
08/11/2015,JAN,MS,ASO,CE,Combined TRACON& Tower with Radar,22,39,18,18,97,0,0,1,0,1,22,39,19,18,98,9,66,75,173
08/12/2015,JAN,MS,ASO,CE,Combined TRACON& Tower with Radar,26,41,21,28,116,0,0,6,2,8,26,41,27,30,124,14,90,104,228
08/13/2015,JAN,MS,ASO,CE,Combined TRACON& Tower with Radar,19,37,15,27,98,0,1,4,1,6,19,38,19,28,104,0,48,48,152
08/14/2015,JAN,MS,ASO,CE,Combined TRACON& Tower with Radar,22,41,14,25,102,0,1,5,0,6,22,42,19,25,108,10,74,84,192
08/15/2015,JAN,MS,ASO,CE,Combined TRACON& Tower with Radar,15,35,7,3,60,0,0,6,0,6,15,35,13,3,66,2,6,8,74
08/16/2015,JAN,MS,ASO,CE,Combined TRACON& Tower with Radar,18,36,9,6,69,0,0,1,0,1,18,36,10,6,70,4,8,12,82
08/17/2015,JAN,MS,ASO,CE,Combined TRACON& Tower with Radar,23,38,26,12,99,0,2,5,0,7,23,40,31,12,106,4,42,46,152
08/18/2015,JAN,MS,ASO,CE,Combined TRACON& Tower with Radar,21,37,23,35,116,0,0,3,1,4,21,37,26,36,120,0,146,146,266
08/19/2015,JAN,MS,ASO,CE,Combined TRACON& Tower with Radar,19,46,33,42,140,0,1,2,3,6,19,47,35,45,146,0,51,51,197
08/20/2015,JAN,MS,ASO,CE,Combined TRACON& Tower with Radar,23,39,17,23,102,0,1,2,3,6,23,40,19,26,108,0,27,27,135
08/21/2015,JAN,MS,ASO,CE,Combined TRACON& Tower with Radar,23,40,24,11,98,0,1,3,2,6,23,41,27,13,104,0,14,14,118
08/22/2015,JAN,MS,ASO,CE,Combined TRACON& Tower with Radar,15,29,9,8,61,0,0,2,1,3,15,29,11,9,64,0,10,10,74
08/23/2015,JAN,MS,ASO,CE,Combined TRACON& Tower with Radar,19,33,14,20,86,0,2,3,0,5,19,35,17,20,91,0,28,28,119
08/24/2015,JAN,MS,ASO,CE,Combined TRACON& Tower with Radar,22,37,24,10,93,0,1,5,2,8,22,38,29,12,101,8,12,20,121
08/25/2015,JAN,MS,ASO,CE,Combined TRACON& Tower with Radar,24,44,13,18,99,0,1,4,0,5,24,45,17,18,104,2,79,81,185
08/26/2015,JAN,MS,ASO,CE,Combined TRACON& Tower with Radar,23,37,24,20,104,0,0,11,1,12,23,37,35,21,116,14,82,96,212
08/27/2015,JAN,MS,ASO,CE,Combined TRACON& Tower with Radar,23,37,23,31,114,0,0,10,1,11,23,37,33,32,125,0,132,132,257
08/28/2015,JAN,MS,ASO,CE,Combined TRACON& Tower with Radar,25,45,26,28,124,0,0,5,0,5,25,45,31,28,129,0,124,124,253
08/29/2015,JAN,MS,ASO,CE,Combined TRACON& Tower with Radar,13,23,14,8,58,0,0,2,0,2,13,23,16,8,60,10,12,22,82
08/30/2015,JAN,MS,ASO,CE,Combined TRACON& Tower with Radar,17,35,8,5,65,0,1,4,2,7,17,36,12,7,72,0,0,0,72
08/31/2015,JAN,MS,ASO,CE,Combined TRACON& Tower with Radar,21,42,21,20,104,0,3,4,1,8,21,45,25,21,112,0,124,124,236
09/01/2015,JAN,MS,ASO,CE,Combined TRACON& Tower with Radar,18,39,18,14,89,0,2,4,0,6,18,41,22,14,95,0,126,126,221
09/02/2015,JAN,MS,ASO,CE,Combined TRACON& Tower with Radar,20,34,28,21,103,0,2,2,0,4,20,36,30,21,107,4,116,120,227
09/03/2015,JAN,MS,ASO,CE,Combined TRACON& Tower with Radar,18,45,38,15,116,0,2,6,0,8,18,47,44,15,124,0,62,62,186
09/04/2015,JAN,MS,ASO,CE,Combined TRACON& Tower with Radar,20,42,22,2,86,0,0,5,0,5,20,42,27,2,91,0,0,0,91
09/05/2015,JAN,MS,ASO,CE,Combined TRACON& Tower with Radar,13,21,6,8,48,0,0,6,2,8,13,21,12,10,56,0,8,8,64
09/06/2015,JAN,MS,ASO,CE,Combined TRACON& Tower with Radar,12,24,11,8,55,0,0,1,0,1,12,24,12,8,56,0,12,12,68
09/07/2015,JAN,MS,ASO,CE,Combined TRACON& Tower with Radar,16,35,12,2,65,0,0,2,0,2,16,35,14,2,67,0,4,4,71
09/08/2015,JAN,MS,ASO,CE,Combined TRACON& Tower with Radar,19,37,23,33,112,0,0,3,1,4,19,37,26,34,116,2,90,92,208
09/09/2015,JAN,MS,ASO,CE,Combined TRACON& Tower with Radar,22,32,18,20,92,0,0,1,1,2,22,32,19,21,94,0,80,80,174
09/10/2015,JAN,MS,ASO,CE,Combined TRACON& Tower with Radar,21,32,13,17,83,0,0,2,2,4,21,32,15,19,87,0,20,20,107
09/11/2015,JAN,MS,ASO,CE,Combined TRACON& Tower with Radar,25,34,8,13,80,0,0,3,0,3,25,34,11,13,83,2,12,14,97
09/12/2015,JAN,MS,ASO,CE,Combined TRACON& Tower with Radar,16,20,5,2,43,0,4,7,0,11,16,24,12,2,54,4,0,4,58
09/13/2015,JAN,MS,ASO,CE,Combined TRACON& Tower with Radar,20,37,19,33,109,0,0,3,0,3,20,37,22,33,112,0,40,40,152
09/14/2015,JAN,MS,ASO,CE,Combined TRACON& Tower with Radar,24,33,20,47,124,0,1,7,2,10,24,34,27,49,134,6,134,140,274
09/15/2015,JAN,MS,ASO,CE,Combined TRACON& Tower with Radar,23,32,9,34,98,0,0,8,2,10,23,32,17,36,108,1,62,63,171
09/16/2015,JAN,MS,ASO,CE,Combined TRACON& Tower with Radar,26,37,19,23,105,0,0,6,2,8,26,37,25,25,113,0,30,30,143
09/17/2015,JAN,MS,ASO,CE,Combined TRACON& Tower with Radar,24,48,24,41,137,0,1,7,3,11,24,49,31,44,148,0,142,142,290
09/18/2015,JAN,MS,ASO,CE,Combined TRACON& Tower with Radar,24,40,16,13,93,0,0,14,2,16,24,40,30,15,109,2,18,20,129
09/19/2015,JAN,MS,ASO,CE,Combined TRACON& Tower with Radar,20,26,12,6,64,0,0,6,0,6,20,26,18,6,70,0,14,14,84
09/20/2015,JAN,MS,ASO,CE,Combined TRACON& Tower with Radar,20,31,13,7,71,0,0,2,2,4,20,31,15,9,75,0,4,4,79
09/21/2015,JAN,MS,ASO,CE,Combined TRACON& Tower with Radar,24,35,12,5,76,0,0,3,0,3,24,35,15,5,79,4,4,8,87
09/22/2015,JAN,MS,ASO,CE,Combined TRACON& Tower with Radar,25,46,17,31,119,0,2,8,1,11,25,48,25,32,130,4,136,140,270
09/23/2015,JAN,MS,ASO,CE,Combined TRACON& Tower with Radar,25,35,28,15,103,0,1,10,3,14,25,36,38,18,117,4,68,72,189
09/24/2015,JAN,MS,ASO,CE,Combined TRACON& Tower with Radar,24,43,19,31,117,0,1,3,3,7,24,44,22,34,124,0,122,122,246
09/25/2015,JAN,MS,ASO,CE,Combined TRACON& Tower with Radar,24,40,12,18,94,0,1,4,2,7,24,41,16,20,101,0,98,98,199
09/26/2015,JAN,MS,ASO,CE,Combined TRACON& Tower with Radar,18,26,7,3,54,0,0,3,0,3,18,26,10,3,57,0,2,2,59
09/27/2015,JAN,MS,ASO,CE,Combined TRACON& Tower with Radar,20,33,13,8,74,0,0,1,4,5,20,33,14,12,79,4,10,14,93
09/28/2015,JAN,MS,ASO,CE,Combined TRACON& Tower with Radar,23,36,13,4,76,0,0,1,0,1,23,36,14,4,77,4,8,12,89
09/29/2015,JAN,MS,ASO,CE,Combined TRACON& Tower with Radar,25,33,15,25,98,0,0,6,0,6,25,33,21,25,104,0,20,20,124
09/30/2015,JAN,MS,ASO,CE,Combined TRACON& Tower with Radar,24,31,19,15,89,0,1,1,0,2,24,32,20,15,91,4,12,16,107
10/01/2015,JAN,MS,ASO,CE,Combined TRACON& Tower with Radar,23,40,14,33,110,0,1,12,1,14,23,41,26,34,124,2,70,72,196
10/02/2015,JAN,MS,ASO,CE,Combined TRACON& Tower with Radar,24,38,21,30,113,0,1,5,0,6,24,39,26,30,119,4,124,128,247
10/03/2015,JAN,MS,ASO,CE,Combined TRACON& Tower with Radar,18,21,14,9,62,0,0,0,0,0,18,21,14,9,62,4,8,12,74
10/04/2015,JAN,MS,ASO,CE,Combined TRACON& Tower with Radar,20,39,18,10,87,0,0,0,0,0,20,39,18,10,87,0,4,4,91
10/05/2015,JAN,MS,ASO,CE,Combined TRACON& Tower with Radar,21,43,12,9,85,0,0,3,0,3,21,43,15,9,88,0,10,10,98
10/06/2015,JAN,MS,ASO,CE,Combined TRACON& Tower with Radar,21,41,16,20,98,0,1,6,4,11,21,42,22,24,109,4,88,92,201
10/07/2015,JAN,MS,ASO,CE,Combined TRACON& Tower with Radar,23,35,25,24,107,0,0,6,1,7,23,35,31,25,114,4,62,66,180
10/08/2015,JAN,MS,ASO,CE,Combined TRACON& Tower with Radar,24,36,16,9,85,0,1,4,2,7,24,37,20,11,92,2,98,100,192
10/09/2015,JAN,MS,ASO,CE,Combined TRACON& Tower with Radar,25,35,15,10,85,0,1,5,1,7,25,36,20,11,92,8,2,10,102
10/10/2015,JAN,MS,ASO,CE,Combined TRACON& Tower with Radar,18,22,16,1,57,0,0,8,0,8,18,22,24,1,65,12,0,12,77
10/11/2015,JAN,MS,ASO,CE,Combined TRACON& Tower with Radar,20,33,7,2,62,0,0,0,0,0,20,33,7,2,62,0,14,14,76
10/12/2015,JAN,MS,ASO,CE,Combined TRACON& Tower with Radar,24,41,10,0,75,0,0,4,0,4,24,41,14,0,79,0,10,10,89
10/13/2015,JAN,MS,ASO,CE,Combined TRACON& Tower with Radar,25,42,23,15,105,0,2,3,2,7,25,44,26,17,112,2,34,36,148
10/14/2015,JAN,MS,ASO,CE,Combined TRACON& Tower with Radar,22,35,41,12,110,0,1,9,1,11,22,36,50,13,121,8,54,62,183
10/15/2015,JAN,MS,ASO,CE,Combined TRACON& Tower with Radar,21,39,27,20,107,0,0,6,2,8,21,39,33,22,115,4,110,114,229
10/16/2015,JAN,MS,ASO,CE,Combined TRACON& Tower with Radar,23,39,26,9,97,0,1,6,3,10,23,40,32,12,107,2,4,6,113
10/17/2015,JAN,MS,ASO,CE,Combined TRACON& Tower with Radar,17,20,11,2,50,0,1,1,0,2,17,21,12,2,52,2,0,2,54
10/18/2015,JAN,MS,ASO,CE,Combined TRACON& Tower with Radar,20,33,13,1,67,0,0,4,0,4,20,33,17,1,71,0,0,0,71
10/19/2015,JAN,MS,ASO,CE,Combined TRACON& Tower with Radar,24,37,16,16,93,0,0,7,0,7,24,37,23,16,100,4,52,56,156
10/20/2015,JAN,MS,ASO,CE,Combined TRACON& Tower with Radar,25,34,9,31,99,0,0,6,0,6,25,34,15,31,105,2,80,82,187
10/21/2015,JAN,MS,ASO,CE,Combined TRACON& Tower with Radar,25,43,21,36,125,0,0,10,1,11,25,43,31,37,136,6,106,112,248
10/22/2015,JAN,MS,ASO,CE,Combined TRACON& Tower with Radar,22,41,12,22,97,0,0,6,6,12,22,41,18,28,109,0,118,118,227
10/23/2015,JAN,MS,ASO,CE,Combined TRACON& Tower with Radar,21,32,11,23,87,0,2,4,2,8,21,34,15,25,95,1,78,79,174
10/24/2015,JAN,MS,ASO,CE,Combined TRACON& Tower with Radar,17,22,7,13,59,0,0,1,0,1,17,22,8,13,60,0,12,12,72
10/25/2015,JAN,MS,ASO,CE,Combined TRACON& Tower with Radar,22,34,9,3,68,0,0,0,0,0,22,34,9,3,68,0,2,2,70
10/26/2015,JAN,MS,ASO,CE,Combined TRACON& Tower with Radar,28,40,9,1,78,0,0,0,0,0,28,40,9,1,78,0,0,0,78
10/27/2015,JAN,MS,ASO,CE,Combined TRACON& Tower with Radar,24,32,23,26,105,0,0,3,0,3,24,32,26,26,108,0,18,18,126
10/28/2015,JAN,MS,ASO,CE,Combined TRACON& Tower with Radar,24,30,31,40,125,0,0,2,0,2,24,30,33,40,127,4,70,74,201
10/29/2015,JAN,MS,ASO,CE,Combined TRACON& Tower with Radar,23,35,35,28,121,0,2,4,2,8,23,37,39,30,129,4,66,70,199
10/30/2015,JAN,MS,ASO,CE,Combined TRACON& Tower with Radar,21,37,22,14,94,0,0,6,1,7,21,37,28,15,101,2,60,62,163
10/31/2015,JAN,MS,ASO,CE,Combined TRACON& Tower with Radar,13,17,14,0,44,0,0,0,0,0,13,17,14,0,44,0,0,0,44
11/01/2015,JAN,MS,ASO,CE,Combined TRACON& Tower with Radar,18,32,21,0,71,0,0,0,0,0,18,32,21,0,71,0,0,0,71
11/02/2015,JAN,MS,ASO,CE,Combined TRACON& Tower with Radar,23,50,15,4,92,0,0,1,0,1,23,50,16,4,93,2,14,16,109
11/03/2015,JAN,MS,ASO,CE,Combined TRACON& Tower with Radar,26,35,37,12,110,0,0,2,0,2,26,35,39,12,112,0,86,86,198
11/04/2015,JAN,MS,ASO,CE,Combined TRACON& Tower with Radar,26,41,34,37,138,0,1,6,2,9,26,42,40,39,147,13,88,101,248
11/05/2015,JAN,MS,ASO,CE,Combined TRACON& Tower with Radar,26,32,23,21,102,0,0,3,2,5,26,32,26,23,107,3,14,17,124
11/06/2015,JAN,MS,ASO,CE,Combined TRACON& Tower with Radar,24,38,24,3,89,0,0,1,0,1,24,38,25,3,90,0,14,14,104
11/07/2015,JAN,MS,ASO,CE,Combined TRACON& Tower with Radar,16,23,9,2,50,0,0,0,0,0,16,23,9,2,50,0,0,0,50
11/08/2015,JAN,MS,ASO,CE,Combined TRACON& Tower with Radar,22,28,28,4,82,0,0,5,7,12,22,28,33,11,94,0,18,18,112
11/09/2015,JAN,MS,ASO,CE,Combined TRACON& Tower with Radar,24,40,22,16,102,0,0,1,0,1,24,40,23,16,103,2,12,14,117
11/10/2015,JAN,MS,ASO,CE,Combined TRACON& Tower with Radar,26,39,22,30,117,0,0,4,2,6,26,39,26,32,123,2,55,57,180
11/11/2015,JAN,MS,ASO,CE,Combined TRACON& Tower with Radar,25,34,12,4,75,0,1,4,0,5,25,35,16,4,80,6,4,10,90
11/12/2015,JAN,MS,ASO,CE,Combined TRACON& Tower with Radar,26,38,32,24,120,0,0,4,4,8,26,38,36,28,128,8,108,116,244
11/13/2015,JAN,MS,ASO,CE,Combined TRACON& Tower with Radar,26,33,18,15,92,0,1,7,0,8,26,34,25,15,100,8,74,82,182
11/14/2015,JAN,MS,ASO,CE,Combined TRACON& Tower with Radar,18,29,10,8,65,0,0,1,2,3,18,29,11,10,68,2,8,10,78
11/15/2015,JAN,MS,ASO,CE,Combined TRACON& Tower with Radar,22,30,14,12,78,0,0,4,1,5,22,30,18,13,83,0,40,40,123
11/16/2015,JAN,MS,ASO,CE,Combined TRACON& Tower with Radar,24,37,9,15,85,0,0,4,0,4,24,37,13,15,89,12,32,44,133
11/17/2015,JAN,MS,ASO,CE,Combined TRACON& Tower with Radar,25,26,8,9,68,0,0,3,0,3,25,26,11,9,71,0,0,0,71
11/18/2015,JAN,MS,ASO,CE,Combined TRACON& Tower with Radar,25,34,19,31,109,0,0,3,0,3,25,34,22,31,112,14,62,76,188
11/19/2015,JAN,MS,ASO,CE,Combined TRACON& Tower with Radar,26,57,19,22,124,0,0,10,1,11,26,57,29,23,135,6,104,110,245
11/20/2015,JAN,MS,ASO,CE,Combined TRACON& Tower with Radar,26,36,18,19,99,0,1,8,4,13,26,37,26,23,112,0,54,54,166
11/21/2015,JAN,MS,ASO,CE,Combined TRACON& Tower with Radar,16,19,15,4,54,0,0,4,0,4,16,19,19,4,58,6,4,10,68
11/22/2015,JAN,MS,ASO,CE,Combined TRACON& Tower with Radar,19,27,8,9,63,0,1,6,4,11,19,28,14,13,74,2,38,40,114
11/23/2015,JAN,MS,ASO,CE,Combined TRACON& Tower with Radar,21,35,15,39,110,0,2,5,1,8,21,37,20,40,118,2,106,108,226
11/24/2015,JAN,MS,ASO,CE,Combined TRACON& Tower with Radar,27,31,16,33,107,0,0,13,0,13,27,31,29,33,120,0,104,104,224
11/25/2015,JAN,MS,ASO,CE,Combined TRACON& Tower with Radar,25,33,13,18,89,0,1,4,1,6,25,34,17,19,95,2,84,86,181
11/26/2015,JAN,MS,ASO,CE,Combined TRACON& Tower with Radar,12,21,1,0,34,0,0,1,0,1,12,21,2,0,35,0,0,0,35
11/27/2015,JAN,MS,ASO,CE,Combined TRACON& Tower with Radar,22,30,24,1,77,0,1,1,0,2,22,31,25,1,79,6,0,6,85
11/28/2015,JAN,MS,ASO,CE,Combined TRACON& Tower with Radar,18,40,12,0,70,0,0,1,0,1,18,40,13,0,71,0,0,0,71
11/29/2015,JAN,MS,ASO,CE,Combined TRACON& Tower with Radar,24,42,21,0,87,0,0,0,0,0,24,42,21,0,87,0,0,0,87
11/30/2015,JAN,MS,ASO,CE,Combined TRACON& Tower with Radar,26,32,20,0,78,0,0,6,0,6,26,32,26,0,84,4,0,4,88
12/01/2015,JAN,MS,ASO,CE,Combined TRACON& Tower with Radar,24,32,26,16,98,0,0,0,0,0,24,32,26,16,98,0,22,22,120
12/02/2015,JAN,MS,ASO,CE,Combined TRACON& Tower with Radar,24,36,35,31,126,0,0,5,2,7,24,36,40,33,133,4,56,60,193
12/03/2015,JAN,MS,ASO,CE,Combined TRACON& Tower with Radar,27,29,24,26,106,0,0,23,0,23,27,29,47,26,129,14,130,144,273
12/04/2015,JAN,MS,ASO,CE,Combined TRACON& Tower with Radar,26,36,20,21,103,0,1,15,0,16,26,37,35,21,119,0,58,58,177
12/05/2015,JAN,MS,ASO,CE,Combined TRACON& Tower with Radar,14,19,12,4,49,0,1,3,2,6,14,20,15,6,55,2,30,32,87
12/06/2015,JAN,MS,ASO,CE,Combined TRACON& Tower with Radar,22,24,10,5,61,0,3,5,0,8,22,27,15,5,69,0,2,2,71
12/07/2015,JAN,MS,ASO,CE,Combined TRACON& Tower with Radar,23,36,13,26,98,0,1,6,1,8,23,37,19,27,106,4,30,34,140
12/08/2015,JAN,MS,ASO,CE,Combined TRACON& Tower with Radar,25,33,18,42,118,0,0,5,1,6,25,33,23,43,124,1,37,38,162
12/09/2015,JAN,MS,ASO,CE,Combined TRACON& Tower with Radar,27,27,29,23,106,0,0,10,0,10,27,27,39,23,116,4,92,96,212
12/10/2015,JAN,MS,ASO,CE,Combined TRACON& Tower with Radar,26,29,36,22,113,0,0,8,1,9,26,29,44,23,122,0,48,48,170
12/11/2015,JAN,MS,ASO,CE,Combined TRACON& Tower with Radar,24,36,21,28,109,0,2,3,2,7,24,38,24,30,116,2,84,86,202
12/12/2015,JAN,MS,ASO,CE,Combined TRACON& Tower with Radar,11,21,9,4,45,0,0,4,0,4,11,21,13,4,49,8,0,8,57
12/13/2015,JAN,MS,ASO,CE,Combined TRACON& Tower with Radar,22,28,7,0,57,0,0,1,0,1,22,28,8,0,58,0,0,0,58
12/14/2015,JAN,MS,ASO,CE,Combined TRACON& Tower with Radar,25,35,28,35,123,0,0,3,1,4,25,35,31,36,127,0,112,112,239
12/15/2015,JAN,MS,ASO,CE,Combined TRACON& Tower with Radar,25,33,20,26,104,0,2,14,3,19,25,35,34,29,123,30,48,78,201
12/16/2015,JAN,MS,ASO,CE,Combined TRACON& Tower with Radar,25,31,30,7,93,0,0,0,0,0,25,31,30,7,93,0,0,0,93
12/17/2015,JAN,MS,ASO,CE,Combined TRACON& Tower with Radar,25,28,26,52,131,0,2,10,2,14,25,30,36,54,145,6,146,152,297
12/18/2015,JAN,MS,ASO,CE,Combined TRACON& Tower with Radar,25,29,17,26,97,0,0,9,1,10,25,29,26,27,107,4,46,50,157
12/19/2015,JAN,MS,ASO,CE,Combined TRACON& Tower with Radar,16,29,8,2,55,0,0,7,2,9,16,29,15,4,64,4,8,12,76
12/20/2015,JAN,MS,ASO,CE,Combined TRACON& Tower with Radar,15,30,9,8,62,0,2,4,0,6,15,32,13,8,68,0,0,0,68
12/21/2015,JAN,MS,ASO,CE,Combined TRACON& Tower with Radar,23,38,16,0,77,0,0,1,0,1,23,38,17,0,78,0,0,0,78
12/22/2015,JAN,MS,ASO,CE,Combined TRACON& Tower with Radar,24,33,17,7,81,0,0,1,0,1,24,33,18,7,82,0,0,0,82
12/23/2015,JAN,MS,ASO,CE,Combined TRACON& Tower with Radar,24,29,11,0,64,0,0,3,0,3,24,29,14,0,67,0,0,0,67
12/24/2015,JAN,MS,ASO,CE,Combined TRACON& Tower with Radar,19,26,12,0,57,0,1,5,0,6,19,27,17,0,63,0,0,0,63
12/25/2015,JAN,MS,ASO,CE,Combined TRACON& Tower with Radar,14,29,3,0,46,0,0,0,0,0,14,29,3,0,46,0,0,0,46
12/26/2015,JAN,MS,ASO,CE,Combined TRACON& Tower with Radar,12,28,21,0,61,0,0,1,0,1,12,28,22,0,62,0,0,0,62
12/27/2015,JAN,MS,ASO,CE,Combined TRACON& Tower with Radar,13,26,16,0,55,0,0,1,0,1,13,26,17,0,56,0,0,0,56
12/28/2015,JAN,MS,ASO,CE,Combined TRACON& Tower with Radar,21,40,5,1,67,0,0,5,0,5,21,40,10,1,72,0,2,2,74
12/29/2015,JAN,MS,ASO,CE,Combined TRACON& Tower with Radar,22,34,13,14,83,0,0,1,2,3,22,34,14,16,86,0,16,16,102
12/30/2015,JAN,MS,ASO,CE,Combined TRACON& Tower with Radar,21,38,11,11,81,0,0,1,0,1,21,38,12,11,82,0,6,6,88
12/31/2015,JAN,MS,ASO,CE,Combined TRACON& Tower with Radar,16,29,14,0,59,0,0,7,0,7,16,29,21,0,66,2,0,2,68
01/01/2016,JAN,MS,ASO,CE,Combined TRACON& Tower with Radar,18,31,12,0,61,0,0,6,1,7,18,31,18,1,68,0,0,0,68
01/02/2016,JAN,MS,ASO,CE,Combined TRACON& Tower with Radar,21,40,19,0,80,0,1,2,0,3,21,41,21,0,83,16,0,16,99
01/03/2016,JAN,MS,ASO,CE,Combined TRACON& Tower with Radar,13,38,15,0,66,0,0,2,0,2,13,38,17,0,68,2,0,2,70
01/04/2016,JAN,MS,ASO,CE,Combined TRACON& Tower with Radar,22,32,21,22,97,0,5,6,0,11,22,37,27,22,108,4,54,58,166
01/05/2016,JAN,MS,ASO,CE,Combined TRACON& Tower with Radar,22,26,12,23,83,0,1,5,2,8,22,27,17,25,91,4,95,99,190
01/06/2016,JAN,MS,ASO,CE,Combined TRACON& Tower with Radar,25,23,8,52,108,0,0,3,1,4,25,23,11,53,112,0,90,90,202
01/07/2016,JAN,MS,ASO,CE,Combined TRACON& Tower with Radar,24,25,12,12,73,0,0,2,0,2,24,25,14,12,75,0,36,36,111
01/08/2016,JAN,MS,ASO,CE,Combined TRACON& Tower with Radar,27,32,18,55,132,0,0,0,0,0,27,32,18,55,132,0,62,62,194
01/09/2016,JAN,MS,ASO,CE,Combined TRACON& Tower with Radar,17,22,7,12,58,0,0,0,0,0,17,22,7,12,58,0,8,8,66
01/10/2016,JAN,MS,ASO,CE,Combined TRACON& Tower with Radar,21,26,10,26,83,0,0,3,1,4,21,26,13,27,87,8,78,86,173
01/11/2016,JAN,MS,ASO,CE,Combined TRACON& Tower with Radar,22,34,6,20,82,0,0,5,2,7,22,34,11,22,89,0,62,62,151
01/12/2016,JAN,MS,ASO,CE,Combined TRACON& Tower with Radar,23,25,26,22,96,0,0,8,9,17,23,25,34,31,113,4,68,72,185
01/13/2016,JAN,MS,ASO,CE,Combined TRACON& Tower with Radar,25,30,21,18,94,0,6,10,4,20,25,36,31,22,114,6,80,86,200
01/14/2016,JAN,MS,ASO,CE,Combined TRACON& Tower with Radar,26,30,26,25,107,0,1,7,5,13,26,31,33,30,120,2,48,50,170
01/15/2016,JAN,MS,ASO,CE,Combined TRACON& Tower with Radar,29,43,24,26,122,0,0,5,0,5,29,43,29,26,127,4,26,30,157
01/16/2016,JAN,MS,ASO,CE,Combined TRACON& Tower with Radar,15,18,15,0,48,0,1,10,0,11,15,19,25,0,59,16,0,16,75
01/17/2016,JAN,MS,ASO,CE,Combined TRACON& Tower with Radar,20,22,11,3,56,0,1,9,0,10,20,23,20,3,66,8,2,10,76
01/18/2016,JAN,MS,ASO,CE,Combined TRACON& Tower with Radar,24,28,27,0,79,0,1,9,0,10,24,29,36,0,89,4,0,4,93
01/19/2016,JAN,MS,ASO,CE,Combined TRACON& Tower with Radar,24,41,30,23,118,0,0,4,2,6,24,41,34,25,124,0,85,85,209
01/20/2016,JAN,MS,ASO,CE,Combined TRACON& Tower with Radar,25,32,24,16,97,0,0,0,0,0,25,32,24,16,97,0,12,12,109
01/21/2016,JAN,MS,ASO,CE,Combined TRACON& Tower with Radar,23,28,22,8,81,0,0,0,0,0,23,28,22,8,81,0,4,4,85
01/22/2016,JAN,MS,ASO,CE,Combined TRACON& Tower with Radar,19,31,19,0,69,0,0,3,0,3,19,31,22,0,72,0,0,0,72
01/23/2016,JAN,MS,ASO,CE,Combined TRACON& Tower with Radar,18,18,10,4,50,0,0,2,1,3,18,18,12,5,53,0,34,34,87
01/24/2016,JAN,MS,ASO,CE,Combined TRACON& Tower with Radar,20,26,18,24,88,0,0,7,1,8,20,26,25,25,96,0,74,74,170
01/25/2016,JAN,MS,ASO,CE,Combined TRACON& Tower with Radar,21,30,18,23,92,0,0,3,0,3,21,30,21,23,95,0,88,88,183
01/26/2016,JAN,MS,ASO,CE,Combined TRACON& Tower with Radar,23,28,19,2,72,0,0,2,0,2,23,28,21,2,74,0,0,0,74
01/27/2016,JAN,MS,ASO,CE,Combined TRACON& Tower with Radar,31,41,29,43,144,0,0,1,2,3,31,41,30,45,147,0,166,166,313
01/28/2016,JAN,MS,ASO,CE,Combined TRACON& Tower with Radar,23,34,31,78,166,0,0,10,3,13,23,34,41,81,179,6,178,184,363
01/29/2016,JAN,MS,ASO,CE,Combined TRACON& Tower with Radar,23,32,14,40,109,0,2,13,2,17,23,34,27,42,126,8,128,136,262
01/30/2016,JAN,MS,ASO,CE,Combined TRACON& Tower with Radar,18,20,4,4,46,0,0,8,0,8,18,20,12,4,54,8,16,24,78
01/31/2016,JAN,MS,ASO,CE,Combined TRACON& Tower with Radar,20,20,16,12,68,0,0,2,1,3,20,20,18,13,71,2,26,28,99
02/01/2016,JAN,MS,ASO,CE,Combined TRACON& Tower with Radar,23,45,9,19,96,0,1,1,1,3,23,46,10,20,99,0,78,78,177
02/02/2016,JAN,MS,ASO,CE,Combined TRACON& Tower with Radar,25,27,3,15,70,0,0,2,0,2,25,27,5,15,72,0,38,38,110
02/03/2016,JAN,MS,ASO,CE,Combined TRACON& Tower with Radar,25,31,21,31,108,0,1,6,1,8,25,32,27,32,116,0,170,170,286
02/04/2016,JAN,MS,ASO,CE,Combined TRACON& Tower with Radar,25,30,20,33,108,0,0,5,2,7,25,30,25,35,115,1,117,118,233
02/05/2016,JAN,MS,ASO,CE,Combined TRACON& Tower with Radar,26,27,13,23,89,0,0,7,2,9,26,27,20,25,98,8,84,92,190
02/06/2016,JAN,MS,ASO,CE,Combined TRACON& Tower with Radar,14,19,7,15,55,0,0,4,0,4,14,19,11,15,59,6,22,28,87
02/07/2016,JAN,MS,ASO,CE,Combined TRACON& Tower with Radar,16,20,5,9,50,0,1,4,0,5,16,21,9,9,55,0,14,14,69
02/08/2016,JAN,MS,ASO,CE,Combined TRACON& Tower with Radar,23,37,17,30,107,0,1,4,3,8,23,38,21,33,115,0,100,100,215
02/09/2016,JAN,MS,ASO,CE,Combined TRACON& Tower with Radar,20,28,22,26,96,0,0,7,3,10,20,28,29,29,106,0,104,104,210
02/10/2016,JAN,MS,ASO,CE,Combined TRACON& Tower with Radar,26,28,21,36,111,0,1,13,1,15,26,29,34,37,126,12,156,168,294
02/11/2016,JAN,MS,ASO,CE,Combined TRACON& Tower with Radar,24,38,30,25,117,0,1,8,4,13,24,39,38,29,130,0,133,133,263
02/12/2016,JAN,MS,ASO,CE,Combined TRACON& Tower with Radar,26,35,13,47,121,0,3,4,1,8,26,38,17,48,129,2,123,125,254
02/13/2016,JAN,MS,ASO,CE,Combined TRACON& Tower with Radar,16,18,12,2,48,0,0,3,0,3,16,18,15,2,51,4,0,4,55
02/14/2016,JAN,MS,ASO,CE,Combined TRACON& Tower with Radar,20,27,9,32,88,0,0,3,1,4,20,27,12,33,92,12,32,44,136
02/15/2016,JAN,MS,ASO,CE,Combined TRACON& Tower with Radar,23,28,9,1,61,0,0,0,0,0,23,28,9,1,61,0,0,0,61
02/16/2016,JAN,MS,ASO,CE,Combined TRACON& Tower with Radar,25,33,13,54,125,0,1,2,0,3,25,34,15,54,128,0,132,132,260
02/17/2016,JAN,MS,ASO,CE,Combined TRACON& Tower with Radar,25,40,26,31,122,0,0,9,0,9,25,40,35,31,131,7,133,140,271
02/18/2016,JAN,MS,ASO,CE,Combined TRACON& Tower with Radar,25,27,26,36,114,0,0,4,2,6,25,27,30,38,120,10,118,128,248
02/19/2016,JAN,MS,ASO,CE,Combined TRACON& Tower with Radar,24,39,12,27,102,0,8,9,3,20,24,47,21,30,122,6,106,112,234
02/20/2016,JAN,MS,ASO,CE,Combined TRACON& Tower with Radar,15,19,6,12,52,0,0,3,0,3,15,19,9,12,55,0,8,8,63
02/21/2016,JAN,MS,ASO,CE,Combined TRACON& Tower with Radar,20,28,6,1,55,0,1,2,0,3,20,29,8,1,58,2,0,2,60
02/22/2016,JAN,MS,ASO,CE,Combined TRACON& Tower with Radar,24,30,18,6,78,0,0,1,0,1,24,30,19,6,79,0,4,4,83
02/23/2016,JAN,MS,ASO,CE,Combined TRACON& Tower with Radar,26,22,12,1,61,0,0,0,0,0,26,22,12,1,61,0,0,0,61
02/24/2016,JAN,MS,ASO,CE,Combined TRACON& Tower with Radar,27,28,23,22,100,0,0,5,0,5,27,28,28,22,105,0,62,62,167
02/25/2016,JAN,MS,ASO,CE,Combined TRACON& Tower with Radar,27,27,21,26,101,0,2,16,6,24,27,29,37,32,125,4,62,66,191
02/26/2016,JAN,MS,ASO,CE,Combined TRACON& Tower with Radar,27,36,21,41,125,0,0,10,2,12,27,36,31,43,137,10,44,54,191
02/27/2016,JAN,MS,ASO,CE,Combined TRACON& Tower with Radar,16,18,4,10,48,0,0,4,1,5,16,18,8,11,53,2,14,16,69
02/28/2016,JAN,MS,ASO,CE,Combined TRACON& Tower with Radar,22,24,14,2,62,0,0,6,3,9,22,24,20,5,71,2,10,12,83
02/29/2016,JAN,MS,ASO,CE,Combined TRACON& Tower with Radar,24,31,23,22,100,0,0,6,0,6,24,31,29,22,106,2,82,84,190
03/01/2016,JAN,MS,ASO,CE,Combined TRACON& Tower with Radar,26,29,24,11,90,0,2,4,0,6,26,31,28,11,96,0,20,20,116
03/02/2016,JAN,MS,ASO,CE,Combined TRACON& Tower with Radar,22,32,32,29,115,0,0,17,0,17,22,32,49,29,132,10,90,100,232
03/03/2016,JAN,MS,ASO,CE,Combined TRACON& Tower with Radar,23,33,18,16,90,0,0,1,1,2,23,33,19,17,92,4,14,18,110
03/04/2016,JAN,MS,ASO,CE,Combined TRACON& Tower with Radar,25,33,25,41,124,0,3,4,3,10,25,36,29,44,134,0,76,76,210
03/05/2016,JAN,MS,ASO,CE,Combined TRACON& Tower with Radar,17,25,7,12,61,0,1,5,0,6,17,26,12,12,67,12,20,32,99
03/06/2016,JAN,MS,ASO,CE,Combined TRACON& Tower with Radar,22,24,15,13,74,0,2,5,2,9,22,26,20,15,83,12,16,28,111
03/07/2016,JAN,MS,ASO,CE,Combined TRACON& Tower with Radar,22,74,32,14,142,0,2,11,0,13,22,76,43,14,155,22,116,138,293
03/08/2016,JAN,MS,ASO,CE,Combined TRACON& Tower with Radar,25,34,29,38,126,0,0,5,0,5,25,34,34,38,131,4,120,124,255
03/09/2016,JAN,MS,ASO,CE,Combined TRACON& Tower with Radar,22,28,22,22,94,0,0,0,2,2,22,28,22,24,96,2,42,44,140
03/10/2016,JAN,MS,ASO,CE,Combined TRACON& Tower with Radar,24,28,11,2,65,0,1,0,0,1,24,29,11,2,66,0,0,0,66
03/11/2016,JAN,MS,ASO,CE,Combined TRACON& Tower with Radar,24,35,15,6,80,0,2,0,0,2,24,37,15,6,82,0,0,0,82
03/12/2016,JAN,MS,ASO,CE,Combined TRACON& Tower with Radar,15,27,3,0,45,0,0,1,0,1,15,27,4,0,46,0,0,0,46
03/13/2016,JAN,MS,ASO,CE,Combined TRACON& Tower with Radar,25,23,14,11,73,0,0,1,0,1,25,23,15,11,74,0,8,8,82
03/14/2016,JAN,MS,ASO,CE,Combined TRACON& Tower with Radar,23,30,15,25,93,0,2,8,2,12,23,32,23,27,105,0,48,48,153
03/15/2016,JAN,MS,ASO,CE,Combined TRACON& Tower with Radar,23,36,26,23,108,0,0,9,0,9,23,36,35,23,117,6,34,40,157
03/16/2016,JAN,MS,ASO,CE,Combined TRACON& Tower with Radar,22,36,28,27,113,0,0,4,2,6,22,36,32,29,119,23,78,101,220
03/17/2016,JAN,MS,ASO,CE,Combined TRACON& Tower with Radar,21,33,22,9,85,0,0,5,0,5,21,33,27,9,90,0,18,18,108
03/18/2016,JAN,MS,ASO,CE,Combined TRACON& Tower with Radar,24,31,16,9,80,0,1,3,0,4,24,32,19,9,84,2,4,6,90
03/19/2016,JAN,MS,ASO,CE,Combined TRACON& Tower with Radar,16,24,10,13,63,0,0,5,1,6,16,24,15,14,69,10,0,10,79
03/20/2016,JAN,MS,ASO,CE,Combined TRACON& Tower with Radar,24,23,11,15,73,0,1,5,0,6,24,24,16,15,79,1,10,11,90
03/21/2016,JAN,MS,ASO,CE,Combined TRACON& Tower with Radar,23,32,20,27,102,0,0,6,0,6,23,32,26,27,108,2,32,34,142
03/22/2016,JAN,MS,ASO,CE,Combined TRACON& Tower with Radar,23,28,18,31,100,0,0,6,0,6,23,28,24,31,106,2,110,112,218
03/23/2016,JAN,MS,ASO,CE,Combined TRACON& Tower with Radar,25,28,13,37,103,0,1,3,2,6,25,29,16,39,109,0,74,74,183
03/24/2016,JAN,MS,ASO,CE,Combined TRACON& Tower with Radar,21,28,12,4,65,0,0,5,3,8,21,28,17,7,73,0,2,2,75
03/25/2016,JAN,MS,ASO,CE,Combined TRACON& Tower with Radar,24,36,11,9,80,0,1,15,1,17,24,37,26,10,97,10,87,97,194
03/26/2016,JAN,MS,ASO,CE,Combined TRACON& Tower with Radar,18,24,11,0,53,0,0,3,0,3,18,24,14,0,56,0,0,0,56
03/27/2016,JAN,MS,ASO,CE,Combined TRACON& Tower with Radar,23,22,10,0,55,0,1,1,0,2,23,23,11,0,57,0,0,0,57
03/28/2016,JAN,MS,ASO,CE,Combined TRACON& Tower with Radar,25,37,15,29,106,0,0,9,0,9,25,37,24,29,115,11,79,90,205
03/29/2016,JAN,MS,ASO,CE,Combined TRACON& Tower with Radar,22,32,21,32,107,0,1,13,3,17,22,33,34,35,124,0,104,104,228
03/30/2016,JAN,MS,ASO,CE,Combined TRACON& Tower with Radar,21,23,12,15,71,0,0,1,0,1,21,23,13,15,72,0,0,0,72
03/31/2016,JAN,MS,ASO,CE,Combined TRACON& Tower with Radar,24,27,13,33,97,0,0,0,0,0,24,27,13,33,97,0,50,50,147
04/01/2016,JAN,MS,ASO,CE,Combined TRACON& Tower with Radar,27,33,11,14,85,0,0,2,0,2,27,33,13,14,87,0,23,23,110
04/02/2016,JAN,MS,ASO,CE,Combined TRACON& Tower with Radar,18,22,11,12,63,0,0,1,0,1,18,22,12,12,64,4,4,8,72
04/03/2016,JAN,MS,ASO,CE,Combined TRACON& Tower with Radar,25,21,11,8,65,0,2,7,8,17,25,23,18,16,82,2,14,16,98
04/04/2016,JAN,MS,ASO,CE,Combined TRACON& Tower with Radar,21,31,15,18,85,0,0,4,4,8,21,31,19,22,93,2,180,182,275
04/05/2016,JAN,MS,ASO,CE,Combined TRACON& Tower with Radar,28,29,22,40,119,0,0,4,7,11,28,29,26,47,130,0,62,62,192
04/06/2016,JAN,MS,ASO,CE,Combined TRACON& Tower with Radar,23,29,26,19,97,0,1,8,2,11,23,30,34,21,108,2,42,44,152
04/07/2016,JAN,MS,ASO,CE,Combined TRACON& Tower with Radar,26,29,14,54,123,0,0,3,2,5,26,29,17,56,128,1,180,181,309
04/08/2016,JAN,MS,ASO,CE,Combined TRACON& Tower with Radar,26,32,14,60,132,0,0,8,0,8,26,32,22,60,140,2,86,88,228
04/09/2016,JAN,MS,ASO,CE,Combined TRACON& Tower with Radar,20,16,7,10,53,0,0,3,0,3,20,16,10,10,56,2,8,10,66
04/10/2016,JAN,MS,ASO,CE,Combined TRACON& Tower with Radar,24,22,13,21,80,0,0,3,1,4,24,22,16,22,84,0,8,8,92
04/11/2016,JAN,MS,ASO,CE,Combined TRACON& Tower with Radar,23,26,20,5,74,0,0,0,0,0,23,26,20,5,74,0,0,0,74
04/12/2016,JAN,MS,ASO,CE,Combined TRACON& Tower with Radar,27,32,37,29,125,0,1,6,0,7,27,33,43,29,132,0,38,38,170
04/13/2016,JAN,MS,ASO,CE,Combined TRACON& Tower with Radar,27,25,23,25,100,0,0,7,4,11,27,25,30,29,111,2,18,20,131
04/14/2016,JAN,MS,ASO,CE,Combined TRACON& Tower with Radar,26,28,14,19,87,0,0,1,0,1,26,28,15,19,88,0,12,12,100
04/15/2016,JAN,MS,ASO,CE,Combined TRACON& Tower with Radar,25,27,13,7,72,0,0,1,0,1,25,27,14,7,73,0,0,0,73
04/16/2016,JAN,MS,ASO,CE,Combined TRACON& Tower with Radar,18,24,17,7,66,0,1,0,0,1,18,25,17,7,67,0,10,10,77
04/17/2016,JAN,MS,ASO,CE,Combined TRACON& Tower with Radar,21,21,22,7,71,0,2,3,0,5,21,23,25,7,76,4,12,16,92
04/18/2016,JAN,MS,ASO,CE,Combined TRACON& Tower with Radar,26,25,19,12,82,0,0,9,3,12,26,25,28,15,94,4,60,64,158
04/19/2016,JAN,MS,ASO,CE,Combined TRACON& Tower with Radar,25,35,12,26,98,0,5,2,2,9,25,40,14,28,107,0,58,58,165
04/20/2016,JAN,MS,ASO,CE,Combined TRACON& Tower with Radar,25,26,19,7,77,0,1,3,0,4,25,27,22,7,81,10,8,18,99
04/21/2016,JAN,MS,ASO,CE,Combined TRACON& Tower with Radar,25,25,23,29,102,0,0,4,0,4,25,25,27,29,106,2,104,106,212
04/22/2016,JAN,MS,ASO,CE,Combined TRACON& Tower with Radar,25,26,17,34,102,0,0,10,1,11,25,26,27,35,113,4,68,72,185
04/23/2016,JAN,MS,ASO,CE,Combined TRACON& Tower with Radar,20,18,12,3,53,0,1,1,0,2,20,19,13,3,55,0,0,0,55
04/24/2016,JAN,MS,ASO,CE,Combined TRACON& Tower with Radar,26,21,11,5,63,0,0,5,1,6,26,21,16,6,69,4,26,30,99
04/25/2016,JAN,MS,ASO,CE,Combined TRACON& Tower with Radar,26,31,17,28,102,0,0,11,2,13,26,31,28,30,115,12,124,136,251
04/26/2016,JAN,MS,ASO,CE,Combined TRACON& Tower with Radar,26,32,28,45,131,0,2,5,9,16,26,34,33,54,147,2,122,124,271
04/27/2016,JAN,MS,ASO,CE,Combined TRACON& Tower with Radar,25,26,29,18,98,0,1,3,0,4,25,27,32,18,102,28,28,56,158
04/28/2016,JAN,MS,ASO,CE,Combined TRACON& Tower with Radar,29,32,23,64,148,0,1,14,0,15,29,33,37,64,163,16,185,201,364
04/29/2016,JAN,MS,ASO,CE,Combined TRACON& Tower with Radar,26,36,27,7,96,0,3,4,0,7,26,39,31,7,103,4,30,34,137
04/30/2016,JAN,MS,ASO,CE,Combined TRACON& Tower with Radar,20,19,13,2,54,0,0,3,0,3,20,19,16,2,57,4,0,4,61
05/01/2016,JAN,MS,ASO,CE,Combined TRACON& Tower with Radar,26,24,11,12,73,0,2,0,2,4,26,26,11,14,77,0,18,18,95
05/02/2016,JAN,MS,ASO,CE,Combined TRACON& Tower with Radar,24,31,22,4,81,0,0,2,0,2,24,31,24,4,83,4,2,6,89
05/03/2016,JAN,MS,ASO,CE,Combined TRACON& Tower with Radar,26,37,20,39,122,0,1,3,0,4,26,38,23,39,126,0,26,26,152
05/04/2016,JAN,MS,ASO,CE,Combined TRACON& Tower with Radar,25,30,30,33,118,0,1,6,4,11,25,31,36,37,129,14,38,52,181
05/05/2016,JAN,MS,ASO,CE,Combined TRACON& Tower with Radar,34,30,32,41,137,0,0,5,3,8,34,30,37,44,145,10,86,96,241
05/06/2016,JAN,MS,ASO,CE,Combined TRACON& Tower with Radar,26,39,23,26,114,0,0,7,1,8,26,39,30,27,122,8,74,82,204
05/07/2016,JAN,MS,ASO,CE,Combined TRACON& Tower with Radar,15,23,12,0,50,0,0,3,0,3,15,23,15,0,53,4,4,8,61
05/08/2016,JAN,MS,ASO,CE,Combined TRACON& Tower with Radar,21,27,12,9,69,0,1,3,1,5,21,28,15,10,74,2,4,6,80
05/09/2016,JAN,MS,ASO,CE,Combined TRACON& Tower with Radar,24,34,21,12,91,0,0,1,1,2,24,34,22,13,93,2,42,44,137
05/10/2016,JAN,MS,ASO,CE,Combined TRACON& Tower with Radar,24,41,25,34,124,0,1,9,1,11,24,42,34,35,135,20,84,104,239
05/11/2016,JAN,MS,ASO,CE,Combined TRACON& Tower with Radar,23,35,26,39,123,0,3,7,1,11,23,38,33,40,134,2,133,135,269
05/12/2016,JAN,MS,ASO,CE,Combined TRACON& Tower with Radar,23,34,21,31,109,0,2,4,1,7,23,36,25,32,116,0,98,98,214
05/13/2016,JAN,MS,ASO,CE,Combined TRACON& Tower with Radar,26,36,17,39,118,0,1,7,2,10,26,37,24,41,128,0,116,116,244
05/14/2016,JAN,MS,ASO,CE,Combined TRACON& Tower with Radar,17,16,12,9,54,0,0,6,0,6,17,16,18,9,60,0,0,0,60
05/15/2016,JAN,MS,ASO,CE,Combined TRACON& Tower with Radar,24,25,16,13,78,0,0,6,1,7,24,25,22,14,85,0,28,28,113
05/16/2016,JAN,MS,ASO,CE,Combined TRACON& Tower with Radar,25,32,14,25,96,0,2,3,3,8,25,34,17,28,104,0,92,92,196
05/17/2016,JAN,MS,ASO,CE,Combined TRACON& Tower with Radar,25,39,17,20,101,0,0,0,0,0,25,39,17,20,101,2,48,50,151
05/18/2016,JAN,MS,ASO,CE,Combined TRACON& Tower with Radar,24,40,25,11,100,0,0,1,0,1,24,40,26,11,101,0,28,28,129
05/19/2016,JAN,MS,ASO,CE,Combined TRACON& Tower with Radar,25,29,23,10,87,0,1,8,3,12,25,30,31,13,99,12,67,79,178
05/20/2016,JAN,MS,ASO,CE,Combined TRACON& Tower with Radar,25,33,9,56,123,0,1,5,2,8,25,34,14,58,131,0,162,162,293
05/21/2016,JAN,MS,ASO,CE,Combined TRACON& Tower with Radar,18,20,11,9,58,0,0,0,1,1,18,20,11,10,59,2,6,8,67
05/22/2016,JAN,MS,ASO,CE,Combined TRACON& Tower with Radar,23,33,17,8,81,0,0,4,1,5,23,33,21,9,86,6,18,24,110
05/23/2016,JAN,MS,ASO,CE,Combined TRACON& Tower with Radar,24,31,22,19,96,0,2,11,2,15,24,33,33,21,111,20,116,136,247
05/24/2016,JAN,MS,ASO,CE,Combined TRACON& Tower with Radar,24,38,15,45,122,0,2,1,0,3,24,40,16,45,125,2,68,70,195
05/25/2016,JAN,MS,ASO,CE,Combined TRACON& Tower with Radar,24,32,33,17,106,0,0,3,0,3,24,32,36,17,109,2,26,28,137
05/26/2016,JAN,MS,ASO,CE,Combined TRACON& Tower with Radar,26,31,15,40,112,0,0,7,0,7,26,31,22,40,119,0,57,57,176
05/27/2016,JAN,MS,ASO,CE,Combined TRACON& Tower with Radar,26,29,12,4,71,0,1,1,0,2,26,30,13,4,73,0,0,0,73
05/28/2016,JAN,MS,ASO,CE,Combined TRACON& Tower with Radar,17,17,8,4,46,0,1,7,0,8,17,18,15,4,54,14,4,18,72
05/29/2016,JAN,MS,ASO,CE,Combined TRACON& Tower with Radar,19,25,11,1,56,0,0,2,0,2,19,25,13,1,58,0,0,0,58
05/30/2016,JAN,MS,ASO,CE,Combined TRACON& Tower with Radar,22,32,11,2,67,0,1,5,0,6,22,33,16,2,73,0,4,4,77
05/31/2016,JAN,MS,ASO,CE,Combined TRACON& Tower with Radar,25,35,18,14,92,0,0,3,0,3,25,35,21,14,95,4,10,14,109
06/01/2016,JAN,MS,ASO,CE,Combined TRACON& Tower with Radar,20,29,13,18,80,0,1,6,5,12,20,30,19,23,92,0,28,28,120
06/02/2016,JAN,MS,ASO,CE,Combined TRACON& Tower with Radar,24,29,18,37,108,0,1,5,0,6,24,30,23,37,114,2,105,107,221
06/03/2016,JAN,MS,ASO,CE,Combined TRACON& Tower with Radar,24,23,25,14,86,0,0,4,0,4,24,23,29,14,90,2,24,26,116
06/04/2016,JAN,MS,ASO,CE,Combined TRACON& Tower with Radar,16,16,7,5,44,0,0,2,3,5,16,16,9,8,49,4,2,6,55
06/05/2016,JAN,MS,ASO,CE,Combined TRACON& Tower with Radar,22,25,14,32,93,0,2,2,2,6,22,27,16,34,99,0,14,14,113
06/06/2016,JAN,MS,ASO,CE,Combined TRACON& Tower with Radar,24,38,18,4,84,0,0,8,4,12,24,38,26,8,96,2,46,48,144
06/07/2016,JAN,MS,ASO,CE,Combined TRACON& Tower with Radar,24,27,21,21,93,0,0,5,2,7,24,27,26,23,100,0,80,80,180
06/08/2016,JAN,MS,ASO,CE,Combined TRACON& Tower with Radar,26,30,19,38,113,0,2,11,3,16,26,32,30,41,129,0,80,80,209
06/09/2016,JAN,MS,ASO,CE,Combined TRACON& Tower with Radar,28,36,12,18,94,0,0,9,1,10,28,36,21,19,104,0,103,103,207
06/10/2016,JAN,MS,ASO,CE,Combined TRACON& Tower with Radar,28,34,27,34,123,0,7,4,5,16,28,41,31,39,139,4,106,110,249
06/11/2016,JAN,MS,ASO,CE,Combined TRACON& Tower with Radar,18,20,3,11,52,0,3,0,0,3,18,23,3,11,55,0,18,18,73
06/12/2016,JAN,MS,ASO,CE,Combined TRACON& Tower with Radar,21,23,17,9,70,0,0,2,0,2,21,23,19,9,72,4,6,10,82
06/13/2016,JAN,MS,ASO,CE,Combined TRACON& Tower with Radar,26,27,12,25,90,0,1,3,0,4,26,28,15,25,94,0,26,26,120
06/14/2016,JAN,MS,ASO,CE,Combined TRACON& Tower with Radar,23,26,18,22,89,0,0,1,0,1,23,26,19,22,90,0,39,39,129
06/15/2016,JAN,MS,ASO,CE,Combined TRACON& Tower with Radar,29,29,31,43,132,0,0,3,0,3,29,29,34,43,135,0,88,88,223
06/16/2016,JAN,MS,ASO,CE,Combined TRACON& Tower with Radar,28,28,30,19,105,0,0,3,0,3,28,28,33,19,108,2,54,56,164
06/17/2016,JAN,MS,ASO,CE,Combined TRACON& Tower with Radar,27,29,17,11,84,0,1,2,0,3,27,30,19,11,87,2,6,8,95
06/18/2016,JAN,MS,ASO,CE,Combined TRACON& Tower with Radar,18,18,5,1,42,0,0,3,0,3,18,18,8,1,45,0,0,0,45
06/19/2016,JAN,MS,ASO,CE,Combined TRACON& Tower with Radar,23,24,7,0,54,0,2,5,0,7,23,26,12,0,61,0,0,0,61
06/20/2016,JAN,MS,ASO,CE,Combined TRACON& Tower with Radar,29,31,6,9,75,0,0,4,0,4,29,31,10,9,79,4,16,20,99
06/21/2016,JAN,MS,ASO,CE,Combined TRACON& Tower with Radar,27,27,30,31,115,0,2,4,2,8,27,29,34,33,123,6,95,101,224
06/22/2016,JAN,MS,ASO,CE,Combined TRACON& Tower with Radar,27,33,27,48,135,0,2,3,1,6,27,35,30,49,141,9,97,106,247
06/23/2016,JAN,MS,ASO,CE,Combined TRACON& Tower with Radar,27,31,17,41,116,0,2,3,0,5,27,33,20,41,121,7,109,116,237
06/24/2016,JAN,MS,ASO,CE,Combined TRACON& Tower with Radar,28,29,16,47,120,0,0,10,0,10,28,29,26,47,130,0,127,127,257
06/25/2016,JAN,MS,ASO,CE,Combined TRACON& Tower with Radar,19,22,4,4,49,0,1,8,0,9,19,23,12,4,58,0,6,6,64
06/26/2016,JAN,MS,ASO,CE,Combined TRACON& Tower with Radar,22,30,6,20,78,0,1,9,2,12,22,31,15,22,90,4,34,38,128
06/27/2016,JAN,MS,ASO,CE,Combined TRACON& Tower with Radar,25,29,16,29,99,0,0,3,0,3,25,29,19,29,102,2,82,84,186
06/28/2016,JAN,MS,ASO,CE,Combined TRACON& Tower with Radar,23,33,15,6,77,0,3,0,1,4,23,36,15,7,81,2,14,16,97
06/29/2016,JAN,MS,ASO,CE,Combined TRACON& Tower with Radar,26,26,13,65,130,0,0,4,3,7,26,26,17,68,137,2,162,164,301
06/30/2016,JAN,MS,ASO,CE,Combined TRACON& Tower with Radar,31,41,30,27,129,0,0,8,1,9,31,41,38,28,138,4,62,66,204
07/01/2016,JAN,MS,ASO,CE,Combined TRACON& Tower with Radar,29,32,21,37,119,0,1,6,0,7,29,33,27,37,126,4,170,174,300
07/02/2016,JAN,MS,ASO,CE,Combined TRACON& Tower with Radar,15,18,9,0,42,0,2,8,0,10,15,20,17,0,52,0,0,0,52
07/03/2016,JAN,MS,ASO,CE,Combined TRACON& Tower with Radar,17,18,10,0,45,0,0,6,0,6,17,18,16,0,51,2,0,2,53
07/04/2016,JAN,MS,ASO,CE,Combined TRACON& Tower with Radar,17,18,2,0,37,0,0,2,0,2,17,18,4,0,39,0,0,0,39
07/05/2016,JAN,MS,ASO,CE,Combined TRACON& Tower with Radar,24,28,19,19,90,0,2,5,2,9,24,30,24,21,99,0,12,12,111
07/06/2016,JAN,MS,ASO,CE,Combined TRACON& Tower with Radar,22,38,16,42,118,0,0,3,0,3,22,38,19,42,121,2,100,102,223
07/07/2016,JAN,MS,ASO,CE,Combined TRACON& Tower with Radar,25,30,20,37,112,0,0,1,6,7,25,30,21,43,119,0,158,158,277
07/08/2016,JAN,MS,ASO,CE,Combined TRACON& Tower with Radar,25,39,6,24,94,0,1,3,0,4,25,40,9,24,98,0,74,74,172
07/09/2016,JAN,MS,ASO,CE,Combined TRACON& Tower with Radar,13,24,5,3,45,0,0,3,0,3,13,24,8,3,48,0,0,0,48
07/10/2016,JAN,MS,ASO,CE,Combined TRACON& Tower with Radar,29,27,6,3,65,0,0,4,0,4,29,27,10,3,69,0,16,16,85
07/11/2016,JAN,MS,ASO,CE,Combined TRACON& Tower with Radar,26,33,21,52,132,0,0,7,2,9,26,33,28,54,141,6,152,158,299
07/12/2016,JAN,MS,ASO,CE,Combined TRACON& Tower with Radar,27,29,26,45,127,0,0,3,0,3,27,29,29,45,130,0,90,90,220
07/13/2016,JAN,MS,ASO,CE,Combined TRACON& Tower with Radar,29,24,25,31,109,0,0,2,3,5,29,24,27,34,114,0,110,110,224
07/14/2016,JAN,MS,ASO,CE,Combined TRACON& Tower with Radar,27,29,19,82,157,0,0,4,1,5,27,29,23,83,162,0,161,161,323
07/15/2016,JAN,MS,ASO,CE,Combined TRACON& Tower with Radar,27,40,27,72,166,0,0,3,3,6,27,40,30,75,172,0,116,116,288
07/16/2016,JAN,MS,ASO,CE,Combined TRACON& Tower with Radar,17,19,7,10,53,0,1,2,0,3,17,20,9,10,56,2,12,14,70
07/17/2016,JAN,MS,ASO,CE,Combined TRACON& Tower with Radar,23,28,11,2,64,0,1,5,0,6,23,29,16,2,70,0,6,6,76
07/18/2016,JAN,MS,ASO,CE,Combined TRACON& Tower with Radar,27,34,14,25,100,0,2,4,0,6,27,36,18,25,106,6,110,116,222
07/19/2016,JAN,MS,ASO,CE,Combined TRACON& Tower with Radar,27,30,13,23,93,0,1,11,3,15,27,31,24,26,108,0,74,74,182
07/20/2016,JAN,MS,ASO,CE,Combined TRACON& Tower with Radar,32,30,27,18,107,0,0,6,2,8,32,30,33,20,115,8,102,110,225
07/21/2016,JAN,MS,ASO,CE,Combined TRACON& Tower with Radar,29,29,18,31,107,0,0,4,0,4,29,29,22,31,111,6,112,118,229
07/22/2016,JAN,MS,ASO,CE,Combined TRACON& Tower with Radar,28,31,10,59,128,0,0,4,1,5,28,31,14,60,133,1,142,143,276
07/23/2016,JAN,MS,ASO,CE,Combined TRACON& Tower with Radar,16,16,4,3,39,0,0,6,1,7,16,16,10,4,46,6,22,28,74
07/24/2016,JAN,MS,ASO,CE,Combined TRACON& Tower with Radar,24,23,8,10,65,0,0,2,0,2,24,23,10,10,67,0,36,36,103
07/25/2016,JAN,MS,ASO,CE,Combined TRACON& Tower with Radar,26,37,16,28,107,0,4,7,1,12,26,41,23,29,119,4,93,97,216
07/26/2016,JAN,MS,ASO,CE,Combined TRACON& Tower with Radar,28,27,23,25,103,0,3,3,5,11,28,30,26,30,114,4,134,138,252
07/27/2016,JAN,MS,ASO,CE,Combined TRACON& Tower with Radar,26,28,11,9,74,0,0,0,0,0,26,28,11,9,74,0,0,0,74
07/28/2016,JAN,MS,ASO,CE,Combined TRACON& Tower with Radar,26,23,17,5,71,0,0,0,2,2,26,23,17,7,73,0,25,25,98
07/29/2016,JAN,MS,ASO,CE,Combined TRACON& Tower with Radar,27,37,16,20,100,0,0,6,0,6,27,37,22,20,106,6,134,140,246
07/30/2016,JAN,MS,ASO,CE,Combined TRACON& Tower with Radar,15,21,13,0,49,0,0,3,0,3,15,21,16,0,52,2,0,2,54
07/31/2016,JAN,MS,ASO,CE,Combined TRACON& Tower with Radar,22,26,15,22,85,0,0,6,0,6,22,26,21,22,91,0,14,14,105
08/01/2016,JAN,MS,ASO,CE,Combined TRACON& Tower with Radar,26,30,14,27,97,0,0,12,0,12,26,30,26,27,109,0,122,122,231
08/02/2016,JAN,MS,ASO,CE,Combined TRACON& Tower with Radar,25,40,20,34,119,0,3,9,0,12,25,43,29,34,131,20,122,142,273
08/03/2016,JAN,MS,ASO,CE,Combined TRACON& Tower with Radar,26,26,19,60,131,0,0,4,1,5,26,26,23,61,136,4,158,162,298
08/04/2016,JAN,MS,ASO,CE,Combined TRACON& Tower with Radar,26,27,20,31,104,0,2,8,0,10,26,29,28,31,114,0,136,136,250
08/05/2016,JAN,MS,ASO,CE,Combined TRACON& Tower with Radar,26,28,21,22,97,0,1,6,3,10,26,29,27,25,107,12,17,29,136
08/06/2016,JAN,MS,ASO,CE,Combined TRACON& Tower with Radar,18,20,4,5,47,0,2,4,0,6,18,22,8,5,53,10,16,26,79
08/07/2016,JAN,MS,ASO,CE,Combined TRACON& Tower with Radar,22,21,8,7,58,0,0,3,0,3,22,21,11,7,61,8,2,10,71
08/08/2016,JAN,MS,ASO,CE,Combined TRACON& Tower with Radar,19,36,21,47,123,0,0,7,0,7,19,36,28,47,130,0,100,100,230
08/09/2016,JAN,MS,ASO,CE,Combined TRACON& Tower with Radar,21,29,18,34,102,0,2,9,2,13,21,31,27,36,115,10,68,78,193
08/10/2016,JAN,MS,ASO,CE,Combined TRACON& Tower with Radar,29,32,23,42,126,0,0,2,3,5,29,32,25,45,131,18,42,60,191
08/11/2016,JAN,MS,ASO,CE,Combined TRACON& Tower with Radar,26,29,19,14,88,0,1,0,1,2,26,30,19,15,90,2,8,10,100
08/12/2016,JAN,MS,ASO,CE,Combined TRACON& Tower with Radar,29,27,11,23,90,0,0,0,0,0,29,27,11,23,90,0,23,23,113
08/13/2016,JAN,MS,ASO,CE,Combined TRACON& Tower with Radar,15,15,8,2,40,0,0,2,0,2,15,15,10,2,42,0,0,0,42
08/14/2016,JAN,MS,ASO,CE,Combined TRACON& Tower with Radar,22,21,4,21,68,0,0,2,0,2,22,21,6,21,70,0,10,10,80
08/15/2016,JAN,MS,ASO,CE,Combined TRACON& Tower with Radar,25,41,22,16,104,0,3,3,0,6,25,44,25,16,110,8,34,42,152
08/16/2016,JAN,MS,ASO,CE,Combined TRACON& Tower with Radar,29,29,16,12,86,0,2,5,1,8,29,31,21,13,94,0,22,22,116
08/17/2016,JAN,MS,ASO,CE,Combined TRACON& Tower with Radar,29,25,25,27,106,0,1,2,0,3,29,26,27,27,109,0,55,55,164
08/18/2016,JAN,MS,ASO,CE,Combined TRACON& Tower with Radar,25,26,24,26,101,0,1,3,0,4,25,27,27,26,105,2,84,86,191
08/19/2016,JAN,MS,ASO,CE,Combined TRACON& Tower with Radar,23,26,20,12,81,0,0,1,0,1,23,26,21,12,82,0,8,8,90
08/20/2016,JAN,MS,ASO,CE,Combined TRACON& Tower with Radar,11,20,16,8,55,0,5,7,2,14,11,25,23,10,69,2,8,10,79
08/21/2016,JAN,MS,ASO,CE,Combined TRACON& Tower with Radar,21,26,12,34,93,0,2,4,2,8,21,28,16,36,101,0,42,42,143
08/22/2016,JAN,MS,ASO,CE,Combined TRACON& Tower with Radar,26,29,35,16,106,0,1,15,2,18,26,30,50,18,124,32,42,74,198
08/23/2016,JAN,MS,ASO,CE,Combined TRACON& Tower with Radar,24,27,18,30,99,0,1,4,1,6,24,28,22,31,105,2,46,48,153
08/24/2016,JAN,MS,ASO,CE,Combined TRACON& Tower with Radar,24,28,32,13,97,0,1,3,3,7,24,29,35,16,104,0,43,43,147
08/25/2016,JAN,MS,ASO,CE,Combined TRACON& Tower with Radar,27,42,20,17,106,0,0,0,2,2,27,42,20,19,108,11,88,99,207
08/26/2016,JAN,MS,ASO,CE,Combined TRACON& Tower with Radar,26,27,24,17,94,0,0,2,0,2,26,27,26,17,96,0,84,84,180
08/27/2016,JAN,MS,ASO,CE,Combined TRACON& Tower with Radar,16,31,4,0,51,0,1,1,0,2,16,32,5,0,53,8,10,18,71
08/28/2016,JAN,MS,ASO,CE,Combined TRACON& Tower with Radar,22,41,10,23,96,0,1,0,0,1,22,42,10,23,97,0,86,86,183
08/29/2016,JAN,MS,ASO,CE,Combined TRACON& Tower with Radar,25,29,13,30,97,0,0,0,1,1,25,29,13,31,98,0,122,122,220
08/30/2016,JAN,MS,ASO,CE,Combined TRACON& Tower with Radar,30,25,9,28,92,0,0,2,0,2,30,25,11,28,94,2,74,76,170
08/31/2016,JAN,MS,ASO,CE,Combined TRACON& Tower with Radar,22,27,22,29,100,0,2,10,1,13,22,29,32,30,113,0,74,74,187
09/01/2016,JAN,MS,ASO,CE,Combined TRACON& Tower with Radar,26,27,27,35,115,0,2,5,0,7,26,29,32,35,122,0,50,50,172
09/02/2016,JAN,MS,ASO,CE,Combined TRACON& Tower with Radar,31,29,27,16,103,0,0,5,7,12,31,29,32,23,115,4,12,16,131
09/03/2016,JAN,MS,ASO,CE,Combined TRACON& Tower with Radar,11,17,5,6,39,0,0,4,0,4,11,17,9,6,43,0,6,6,49
09/04/2016,JAN,MS,ASO,CE,Combined TRACON& Tower with Radar,17,22,7,10,56,0,0,4,0,4,17,22,11,10,60,8,8,16,76
09/05/2016,JAN,MS,ASO,CE,Combined TRACON& Tower with Radar,22,28,14,0,64,0,0,4,0,4,22,28,18,0,68,4,0,4,72
09/06/2016,JAN,MS,ASO,CE,Combined TRACON& Tower with Radar,26,30,27,51,134,0,2,3,5,10,26,32,30,56,144,0,56,56,200
09/07/2016,JAN,MS,ASO,CE,Combined TRACON& Tower with Radar,23,34,22,56,135,0,0,7,0,7,23,34,29,56,142,0,144,144,286
09/08/2016,JAN,MS,ASO,CE,Combined TRACON& Tower with Radar,26,25,20,19,90,0,0,2,1,3,26,25,22,20,93,8,50,58,151
09/09/2016,JAN,MS,ASO,CE,Combined TRACON& Tower with Radar,26,28,13,41,108,0,0,6,0,6,26,28,19,41,114,7,101,108,222
09/10/2016,JAN,MS,ASO,CE,Combined TRACON& Tower with Radar,11,20,11,22,64,0,1,3,0,4,11,21,14,22,68,0,12,12,80
09/11/2016,JAN,MS,ASO,CE,Combined TRACON& Tower with Radar,19,23,11,5,58,0,1,3,0,4,19,24,14,5,62,0,0,0,62
09/12/2016,JAN,MS,ASO,CE,Combined TRACON& Tower with Radar,25,31,20,65,141,0,1,2,2,5,25,32,22,67,146,1,162,163,309
09/13/2016,JAN,MS,ASO,CE,Combined TRACON& Tower with Radar,25,23,22,25,95,0,1,1,0,2,25,24,23,25,97,1,64,65,162
09/14/2016,JAN,MS,ASO,CE,Combined TRACON& Tower with Radar,22,31,27,49,129,0,0,6,2,8,22,31,33,51,137,0,98,98,235
09/15/2016,JAN,MS,ASO,CE,Combined TRACON& Tower with Radar,23,30,23,31,107,0,2,5,0,7,23,32,28,31,114,0,113,113,227
09/16/2016,JAN,MS,ASO,CE,Combined TRACON& Tower with Radar,25,30,4,40,99,0,0,6,0,6,25,30,10,40,105,0,64,64,169
09/17/2016,JAN,MS,ASO,CE,Combined TRACON& Tower with Radar,13,18,4,14,49,0,0,3,0,3,13,18,7,14,52,0,12,12,64
09/18/2016,JAN,MS,ASO,CE,Combined TRACON& Tower with Radar,18,28,9,23,78,0,0,1,0,1,18,28,10,23,79,0,20,20,99
09/19/2016,JAN,MS,ASO,CE,Combined TRACON& Tower with Radar,24,50,12,28,114,0,0,2,0,2,24,50,14,28,116,0,104,104,220
09/20/2016,JAN,MS,ASO,CE,Combined TRACON& Tower with Radar,24,23,24,39,110,0,0,3,1,4,24,23,27,40,114,4,100,104,218
09/21/2016,JAN,MS,ASO,CE,Combined TRACON& Tower with Radar,23,35,18,25,101,0,0,7,0,7,23,35,25,25,108,0,108,108,216
09/22/2016,JAN,MS,ASO,CE,Combined TRACON& Tower with Radar,30,29,31,24,114,0,0,1,6,7,30,29,32,30,121,0,96,96,217
09/23/2016,JAN,MS,ASO,CE,Combined TRACON& Tower with Radar,26,38,25,10,99,0,0,4,0,4,26,38,29,10,103,10,20,30,133
09/24/2016,JAN,MS,ASO,CE,Combined TRACON& Tower with Radar,13,17,4,8,42,0,2,2,1,5,13,19,6,9,47,0,8,8,55
09/25/2016,JAN,MS,ASO,CE,Combined TRACON& Tower with Radar,18,21,10,23,72,0,0,1,0,1,18,21,11,23,73,0,22,22,95
09/26/2016,JAN,MS,ASO,CE,Combined TRACON& Tower with Radar,24,40,18,41,123,0,3,9,0,12,24,43,27,41,135,2,84,86,221
09/27/2016,JAN,MS,ASO,CE,Combined TRACON& Tower with Radar,28,24,23,26,101,0,0,2,1,3,28,24,25,27,104,0,164,164,268
09/28/2016,JAN,MS,ASO,CE,Combined TRACON& Tower with Radar,22,25,25,24,96,0,4,4,0,8,22,29,29,24,104,2,60,62,166
09/29/2016,JAN,MS,ASO,CE,Combined TRACON& Tower with Radar,26,30,20,23,99,0,3,3,1,7,26,33,23,24,106,2,50,52,158
09/30/2016,JAN,MS,ASO,CE,Combined TRACON& Tower with Radar,26,39,16,29,110,0,0,2,1,3,26,39,18,30,113,0,32,32,145
10/01/2016,JAN,MS,ASO,CE,Combined TRACON& Tower with Radar,13,20,10,8,51,0,0,0,0,0,13,20,10,8,51,0,8,8,59
10/02/2016,JAN,MS,ASO,CE,Combined TRACON& Tower with Radar,22,26,7,5,60,0,2,4,1,7,22,28,11,6,67,10,8,18,85
10/03/2016,JAN,MS,ASO,CE,Combined TRACON& Tower with Radar,27,41,19,47,134,0,1,5,4,10,27,42,24,51,144,2,136,138,282
10/04/2016,JAN,MS,ASO,CE,Combined TRACON& Tower with Radar,26,36,14,64,140,0,1,0,0,1,26,37,14,64,141,0,114,114,255
10/05/2016,JAN,MS,ASO,CE,Combined TRACON& Tower with Radar,23,35,17,61,136,0,2,7,1,10,23,37,24,62,146,0,112,112,258
10/06/2016,JAN,MS,ASO,CE,Combined TRACON& Tower with Radar,24,35,18,14,91,0,1,7,4,12,24,36,25,18,103,6,44,50,153
10/07/2016,JAN,MS,ASO,CE,Combined TRACON& Tower with Radar,24,40,8,43,115,0,0,4,1,5,24,40,12,44,120,0,110,110,230
10/08/2016,JAN,MS,ASO,CE,Combined TRACON& Tower with Radar,14,27,9,23,73,0,2,8,0,10,14,29,17,23,83,2,18,20,103
10/09/2016,JAN,MS,ASO,CE,Combined TRACON& Tower with Radar,20,34,7,0,61,0,0,5,0,5,20,34,12,0,66,0,0,0,66
10/10/2016,JAN,MS,ASO,CE,Combined TRACON& Tower with Radar,24,35,14,1,74,0,1,5,0,6,24,36,19,1,80,0,0,0,80
10/11/2016,JAN,MS,ASO,CE,Combined TRACON& Tower with Radar,23,29,28,43,123,0,0,8,0,8,23,29,36,43,131,2,38,40,171
10/12/2016,JAN,MS,ASO,CE,Combined TRACON& Tower with Radar,25,31,22,38,116,0,2,2,1,5,25,33,24,39,121,0,43,43,164
10/13/2016,JAN,MS,ASO,CE,Combined TRACON& Tower with Radar,23,42,19,56,140,0,1,4,0,5,23,43,23,56,145,1,86,87,232
10/14/2016,JAN,MS,ASO,CE,Combined TRACON& Tower with Radar,24,37,18,41,120,0,0,4,1,5,24,37,22,42,125,0,80,80,205
10/15/2016,JAN,MS,ASO,CE,Combined TRACON& Tower with Radar,13,21,9,0,43,0,1,7,3,11,13,22,16,3,54,0,0,0,54
10/16/2016,JAN,MS,ASO,CE,Combined TRACON& Tower with Radar,20,34,6,5,65,0,1,1,2,4,20,35,7,7,69,0,0,0,69
10/17/2016,JAN,MS,ASO,CE,Combined TRACON& Tower with Radar,25,48,20,30,123,0,0,6,0,6,25,48,26,30,129,2,40,42,171
10/18/2016,JAN,MS,ASO,CE,Combined TRACON& Tower with Radar,26,45,11,19,101,0,1,1,0,2,26,46,12,19,103,1,12,13,116
10/19/2016,JAN,MS,ASO,CE,Combined TRACON& Tower with Radar,23,48,42,21,134,0,1,1,1,3,23,49,43,22,137,0,36,36,173
10/20/2016,JAN,MS,ASO,CE,Combined TRACON& Tower with Radar,23,42,16,14,95,0,1,1,0,2,23,43,17,14,97,0,21,21,118
10/21/2016,JAN,MS,ASO,CE,Combined TRACON& Tower with Radar,25,40,18,25,108,0,3,1,2,6,25,43,19,27,114,9,60,69,183
10/22/2016,JAN,MS,ASO,CE,Combined TRACON& Tower with Radar,14,18,16,7,55,0,1,7,1,9,14,19,23,8,64,8,8,16,80
10/23/2016,JAN,MS,ASO,CE,Combined TRACON& Tower with Radar,19,35,31,39,124,0,0,6,0,6,19,35,37,39,130,2,42,44,174
10/24/2016,JAN,MS,ASO,CE,Combined TRACON& Tower with Radar,24,36,29,7,96,0,10,7,1,18,24,46,36,8,114,10,8,18,132
10/25/2016,JAN,MS,ASO,CE,Combined TRACON& Tower with Radar,24,43,40,13,120,0,1,5,0,6,24,44,45,13,126,4,76,80,206
10/26/2016,JAN,MS,ASO,CE,Combined TRACON& Tower with Radar,23,47,38,58,166,0,0,3,0,3,23,47,41,58,169,4,167,171,340
10/27/2016,JAN,MS,ASO,CE,Combined TRACON& Tower with Radar,25,40,57,20,142,0,0,5,0,5,25,40,62,20,147,2,110,112,259
10/28/2016,JAN,MS,ASO,CE,Combined TRACON& Tower with Radar,25,38,32,25,120,0,0,7,1,8,25,38,39,26,128,10,32,42,170
10/29/2016,JAN,MS,ASO,CE,Combined TRACON& Tower with Radar,14,20,15,9,58,0,0,8,0,8,14,20,23,9,66,0,18,18,84
10/30/2016,JAN,MS,ASO,CE,Combined TRACON& Tower with Radar,20,32,12,6,70,0,0,0,2,2,20,32,12,8,72,0,20,20,92
10/31/2016,JAN,MS,ASO,CE,Combined TRACON& Tower with Radar,27,28,20,22,97,0,2,2,0,4,27,30,22,22,101,0,148,148,249
11/01/2016,JAN,MS,ASO,CE,Combined TRACON& Tower with Radar,23,37,19,61,140,0,3,6,1,10,23,40,25,62,150,4,93,97,247
11/02/2016,JAN,MS,ASO,CE,Combined TRACON& Tower with Radar,25,35,27,49,136,0,0,3,0,3,25,35,30,49,139,4,134,138,277
11/03/2016,JAN,MS,ASO,CE,Combined TRACON& Tower with Radar,26,34,29,20,109,0,0,5,0,5,26,34,34,20,114,2,56,58,172
11/04/2016,JAN,MS,ASO,CE,Combined TRACON& Tower with Radar,25,43,23,40,131,0,0,7,0,7,25,43,30,40,138,2,102,104,242
11/05/2016,JAN,MS,ASO,CE,Combined TRACON& Tower with Radar,12,22,5,4,43,0,0,0,2,2,12,22,5,6,45,0,6,6,51
11/06/2016,JAN,MS,ASO,CE,Combined TRACON& Tower with Radar,23,27,7,20,77,0,0,3,2,5,23,27,10,22,82,0,30,30,112
11/07/2016,JAN,MS,ASO,CE,Combined TRACON& Tower with Radar,25,31,17,26,99,0,0,3,0,3,25,31,20,26,102,0,102,102,204
11/08/2016,JAN,MS,ASO,CE,Combined TRACON& Tower with Radar,25,26,13,44,108,0,0,3,0,3,25,26,16,44,111,0,72,72,183
11/09/2016,JAN,MS,ASO,CE,Combined TRACON& Tower with Radar,24,29,33,31,117,0,0,2,0,2,24,29,35,31,119,0,146,146,265
11/10/2016,JAN,MS,ASO,CE,Combined TRACON& Tower with Radar,24,38,30,16,108,0,0,4,0,4,24,38,34,16,112,6,30,36,148
11/11/2016,JAN,MS,ASO,CE,Combined TRACON& Tower with Radar,25,34,11,18,88,0,0,3,2,5,25,34,14,20,93,4,17,21,114
11/12/2016,JAN,MS,ASO,CE,Combined TRACON& Tower with Radar,13,21,1,0,35,0,0,2,2,4,13,21,3,2,39,0,0,0,39
11/13/2016,JAN,MS,ASO,CE,Combined TRACON& Tower with Radar,22,25,11,16,74,0,0,4,0,4,22,25,15,16,78,0,16,16,94
11/14/2016,JAN,MS,ASO,CE,Combined TRACON& Tower with Radar,24,34,26,47,131,0,0,8,0,8,24,34,34,47,139,10,128,138,277
11/15/2016,JAN,MS,ASO,CE,Combined TRACON& Tower with Radar,24,32,32,45,133,0,1,3,0,4,24,33,35,45,137,0,92,92,229
11/16/2016,JAN,MS,ASO,CE,Combined TRACON& Tower with Radar,24,29,24,30,107,0,0,5,1,6,24,29,29,31,113,3,134,137,250
11/17/2016,JAN,MS,ASO,CE,Combined TRACON& Tower with Radar,31,31,17,18,97,0,3,5,2,10,31,34,22,20,107,12,26,38,145
11/18/2016,JAN,MS,ASO,CE,Combined TRACON& Tower with Radar,26,38,16,28,108,0,0,2,2,4,26,38,18,30,112,0,124,124,236
11/19/2016,JAN,MS,ASO,CE,Combined TRACON& Tower with Radar,14,22,8,4,48,0,0,4,0,4,14,22,12,4,52,0,16,16,68
11/20/2016,JAN,MS,ASO,CE,Combined TRACON& Tower with Radar,19,29,12,2,62,0,2,5,4,11,19,31,17,6,73,10,4,14,87
11/21/2016,JAN,MS,ASO,CE,Combined TRACON& Tower with Radar,24,36,20,22,102,0,1,8,0,9,24,37,28,22,111,0,80,80,191
11/22/2016,JAN,MS,ASO,CE,Combined TRACON& Tower with Radar,26,35,17,44,122,0,0,10,1,11,26,35,27,45,133,6,106,112,245
11/23/2016,JAN,MS,ASO,CE,Combined TRACON& Tower with Radar,26,33,17,14,90,0,0,3,0,3,26,33,20,14,93,0,10,10,103
11/24/2016,JAN,MS,ASO,CE,Combined TRACON& Tower with Radar,15,17,2,1,35,0,0,5,0,5,15,17,7,1,40,1,0,1,41
11/25/2016,JAN,MS,ASO,CE,Combined TRACON& Tower with Radar,21,31,9,3,64,0,0,7,0,7,21,31,16,3,71,9,0,9,80
11/26/2016,JAN,MS,ASO,CE,Combined TRACON& Tower with Radar,21,27,7,0,55,0,0,4,0,4,21,27,11,0,59,4,0,4,63
11/27/2016,JAN,MS,ASO,CE,Combined TRACON& Tower with Radar,23,35,19,3,80,0,0,2,0,2,23,35,21,3,82,2,0,2,84
11/28/2016,JAN,MS,ASO,CE,Combined TRACON& Tower with Radar,31,34,11,9,85,0,0,0,0,0,31,34,11,9,85,0,10,10,95
11/29/2016,JAN,MS,ASO,CE,Combined TRACON& Tower with Radar,23,26,24,38,111,0,0,2,0,2,23,26,26,38,113,0,68,68,181
11/30/2016,JAN,MS,ASO,CE,Combined TRACON& Tower with Radar,24,38,11,43,116,0,4,3,3,10,24,42,14,46,126,0,116,116,242
12/01/2016,JAN,MS,ASO,CE,Combined TRACON& Tower with Radar,24,29,17,39,109,0,0,5,0,5,24,29,22,39,114,8,76,84,198
12/02/2016,JAN,MS,ASO,CE,Combined TRACON& Tower with Radar,22,35,19,19,95,0,6,6,1,13,22,41,25,20,108,0,36,36,144
12/03/2016,JAN,MS,ASO,CE,Combined TRACON& Tower with Radar,12,17,8,8,45,0,4,0,0,4,12,21,8,8,49,0,6,6,55
12/04/2016,JAN,MS,ASO,CE,Combined TRACON& Tower with Radar,23,27,16,8,74,0,0,0,0,0,23,27,16,8,74,0,2,2,76
12/05/2016,JAN,MS,ASO,CE,Combined TRACON& Tower with Radar,22,30,18,0,70,0,0,0,0,0,22,30,18,0,70,0,0,0,70
12/06/2016,JAN,MS,ASO,CE,Combined TRACON& Tower with Radar,26,24,18,36,104,0,3,1,0,4,26,27,19,36,108,0,22,22,130
12/07/2016,JAN,MS,ASO,CE,Combined TRACON& Tower with Radar,25,33,23,50,131,0,0,1,0,1,25,33,24,50,132,1,56,57,189
12/08/2016,JAN,MS,ASO,CE,Combined TRACON& Tower with Radar,23,29,22,29,103,0,1,3,1,5,23,30,25,30,108,8,56,64,172
12/09/2016,JAN,MS,ASO,CE,Combined TRACON& Tower with Radar,21,37,17,18,93,0,3,2,1,6,21,40,19,19,99,10,92,102,201
12/10/2016,JAN,MS,ASO,CE,Combined TRACON& Tower with Radar,11,17,14,6,48,0,2,2,2,6,11,19,16,8,54,4,24,28,82
12/11/2016,JAN,MS,ASO,CE,Combined TRACON& Tower with Radar,19,22,10,5,56,0,3,4,0,7,19,25,14,5,63,0,8,8,71
12/12/2016,JAN,MS,ASO,CE,Combined TRACON& Tower with Radar,22,30,18,23,93,0,0,0,0,0,22,30,18,23,93,0,18,18,111
12/13/2016,JAN,MS,ASO,CE,Combined TRACON& Tower with Radar,26,26,15,14,81,0,1,0,0,1,26,27,15,14,82,0,2,2,84
12/14/2016,JAN,MS,ASO,CE,Combined TRACON& Tower with Radar,25,30,23,36,114,0,0,0,0,0,25,30,23,36,114,0,40,40,154
12/15/2016,JAN,MS,ASO,CE,Combined TRACON& Tower with Radar,22,31,16,36,105,0,4,6,1,11,22,35,22,37,116,8,84,92,208
12/16/2016,JAN,MS,ASO,CE,Combined TRACON& Tower with Radar,21,33,19,50,123,0,6,6,3,15,21,39,25,53,138,6,90,96,234
12/17/2016,JAN,MS,ASO,CE,Combined TRACON& Tower with Radar,16,27,9,15,67,0,5,1,2,8,16,32,10,17,75,0,18,18,93
12/18/2016,JAN,MS,ASO,CE,Combined TRACON& Tower with Radar,16,28,8,5,57,0,1,2,0,3,16,29,10,5,60,0,4,4,64
12/19/2016,JAN,MS,ASO,CE,Combined TRACON& Tower with Radar,22,41,12,50,125,0,0,6,1,7,22,41,18,51,132,6,100,106,238
12/20/2016,JAN,MS,ASO,CE,Combined TRACON& Tower with Radar,23,41,26,32,122,0,4,5,0,9,23,45,31,32,131,2,55,57,188
12/21/2016,JAN,MS,ASO,CE,Combined TRACON& Tower with Radar,23,34,35,33,125,0,2,7,7,16,23,36,42,40,141,2,58,60,201
12/22/2016,JAN,MS,ASO,CE,Combined TRACON& Tower with Radar,23,38,10,11,82,0,1,2,1,4,23,39,12,12,86,10,36,46,132
12/23/2016,JAN,MS,ASO,CE,Combined TRACON& Tower with Radar,19,37,13,19,88,0,3,3,0,6,19,40,16,19,94,0,14,14,108
12/24/2016,JAN,MS,ASO,CE,Combined TRACON& Tower with Radar,14,22,1,0,37,0,2,1,0,3,14,24,2,0,40,0,0,0,40
12/25/2016,JAN,MS,ASO,CE,Combined TRACON& Tower with Radar,13,24,1,0,38,0,6,3,0,9,13,30,4,0,47,0,0,0,47
12/26/2016,JAN,MS,ASO,CE,Combined TRACON& Tower with Radar,16,30,25,0,71,0,2,6,0,8,16,32,31,0,79,2,0,2,81
12/27/2016,JAN,MS,ASO,CE,Combined TRACON& Tower with Radar,17,28,11,7,63,0,4,2,0,6,17,32,13,7,69,2,4,6,75
12/28/2016,JAN,MS,ASO,CE,Combined TRACON& Tower with Radar,18,31,9,25,83,0,2,2,0,4,18,33,11,25,87,0,40,40,127
12/29/2016,JAN,MS,ASO,CE,Combined TRACON& Tower with Radar,19,31,18,8,76,0,6,5,0,11,19,37,23,8,87,6,6,12,99
12/30/2016,JAN,MS,ASO,CE,Combined TRACON& Tower with Radar,20,33,2,0,55,0,4,7,0,11,20,37,9,0,66,0,0,0,66
12/31/2016,JAN,MS,ASO,CE,Combined TRACON& Tower with Radar,13,24,12,0,49,0,0,2,0,2,13,24,14,0,51,4,0,4,55
01/01/2017,JAN,MS,ASO,CE,Combined TRACON& Tower with Radar,18,25,15,0,58,0,0,0,0,0,18,25,15,0,58,0,0,0,58
01/02/2017,JAN,MS,ASO,CE,Combined TRACON& Tower with Radar,16,28,10,1,55,0,1,1,0,2,16,29,11,1,57,0,0,0,57
01/03/2017,JAN,MS,ASO,CE,Combined TRACON& Tower with Radar,19,30,16,23,88,0,6,5,1,12,19,36,21,24,100,8,54,62,162
01/04/2017,JAN,MS,ASO,CE,Combined TRACON& Tower with Radar,18,28,25,53,124,0,2,6,2,10,18,30,31,55,134,2,124,126,260
01/05/2017,JAN,MS,ASO,CE,Combined TRACON& Tower with Radar,18,46,29,31,124,0,2,4,1,7,18,48,33,32,131,2,75,77,208
01/06/2017,JAN,MS,ASO,CE,Combined TRACON& Tower with Radar,14,11,4,0,29,0,0,0,0,0,14,11,4,0,29,0,0,0,29
01/07/2017,JAN,MS,ASO,CE,Combined TRACON& Tower with Radar,5,10,9,4,28,0,0,5,5,10,5,10,14,9,38,0,14,14,52
01/08/2017,JAN,MS,ASO,CE,Combined TRACON& Tower with Radar,18,19,15,24,76,0,0,5,5,10,18,19,20,29,86,4,20,24,110
01/09/2017,JAN,MS,ASO,CE,Combined TRACON& Tower with Radar,27,30,22,21,100,0,3,6,3,12,27,33,28,24,112,0,96,96,208
01/10/2017,JAN,MS,ASO,CE,Combined TRACON& Tower with Radar,27,26,19,31,103,0,1,3,5,9,27,27,22,36,112,2,138,140,252
01/11/2017,JAN,MS,ASO,CE,Combined TRACON& Tower with Radar,25,37,16,66,144,0,0,1,3,4,25,37,17,69,148,4,140,144,292
01/12/2017,JAN,MS,ASO,CE,Combined TRACON& Tower with Radar,25,27,18,46,116,0,5,3,0,8,25,32,21,46,124,2,108,110,234
01/13/2017,JAN,MS,ASO,CE,Combined TRACON& Tower with Radar,26,34,20,23,103,0,1,3,1,5,26,35,23,24,108,4,72,76,184
01/14/2017,JAN,MS,ASO,CE,Combined TRACON& Tower with Radar,15,12,9,7,43,0,7,2,0,9,15,19,11,7,52,0,0,0,52
01/15/2017,JAN,MS,ASO,CE,Combined TRACON& Tower with Radar,18,19,12,1,50,0,1,3,0,4,18,20,15,1,54,2,0,2,56
01/16/2017,JAN,MS,ASO,CE,Combined TRACON& Tower with Radar,28,21,13,15,77,0,2,3,0,5,28,23,16,15,82,2,24,26,108
01/17/2017,JAN,MS,ASO,CE,Combined TRACON& Tower with Radar,27,30,25,36,118,0,1,1,2,4,27,31,26,38,122,0,34,34,156
01/18/2017,JAN,MS,ASO,CE,Combined TRACON& Tower with Radar,25,35,33,26,119,0,0,4,0,4,25,35,37,26,123,2,38,40,163
01/19/2017,JAN,MS,ASO,CE,Combined TRACON& Tower with Radar,23,28,15,30,96,0,1,0,0,1,23,29,15,30,97,0,28,28,125
01/20/2017,JAN,MS,ASO,CE,Combined TRACON& Tower with Radar,25,30,19,58,132,0,2,4,2,8,25,32,23,60,140,0,154,154,294
01/21/2017,JAN,MS,ASO,CE,Combined TRACON& Tower with Radar,17,18,9,29,73,0,1,3,2,6,17,19,12,31,79,2,30,32,111
01/22/2017,JAN,MS,ASO,CE,Combined TRACON& Tower with Radar,23,20,5,20,68,0,0,1,0,1,23,20,6,20,69,0,26,26,95
01/23/2017,JAN,MS,ASO,CE,Combined TRACON& Tower with Radar,27,26,20,37,110,0,1,2,2,5,27,27,22,39,115,16,142,158,273
01/24/2017,JAN,MS,ASO,CE,Combined TRACON& Tower with Radar,27,24,29,24,104,0,5,7,3,15,27,29,36,27,119,0,101,101,220
01/25/2017,JAN,MS,ASO,CE,Combined TRACON& Tower with Radar,26,27,29,36,118,0,0,1,0,1,26,27,30,36,119,0,0,0,119
01/26/2017,JAN,MS,ASO,CE,Combined TRACON& Tower with Radar,27,24,18,38,107,0,0,2,0,2,27,24,20,38,109,0,146,146,255
01/27/2017,JAN,MS,ASO,CE,Combined TRACON& Tower with Radar,28,36,8,36,108,0,4,6,3,13,28,40,14,39,121,4,108,112,233
01/28/2017,JAN,MS,ASO,CE,Combined TRACON& Tower with Radar,18,14,11,39,82,0,4,4,2,10,18,18,15,41,92,0,50,50,142
01/29/2017,JAN,MS,ASO,CE,Combined TRACON& Tower with Radar,23,21,11,21,76,0,0,3,0,3,23,21,14,21,79,0,14,14,93
01/30/2017,JAN,MS,ASO,CE,Combined TRACON& Tower with Radar,27,35,19,35,116,0,3,8,6,17,27,38,27,41,133,10,154,164,297
01/31/2017,JAN,MS,ASO,CE,Combined TRACON& Tower with Radar,27,29,13,24,93,0,2,11,2,15,27,31,24,26,108,0,98,98,206
02/01/2017,JAN,MS,ASO,CE,Combined TRACON& Tower with Radar,26,28,20,30,104,0,5,4,1,10,26,33,24,31,114,6,86,92,206
02/02/2017,JAN,MS,ASO,CE,Combined TRACON& Tower with Radar,26,23,18,6,73,0,0,0,0,0,26,23,18,6,73,0,12,12,85
02/03/2017,JAN,MS,ASO,CE,Combined TRACON& Tower with Radar,27,35,21,37,120,0,2,3,1,6,27,37,24,38,126,18,40,58,184
02/04/2017,JAN,MS,ASO,CE,Combined TRACON& Tower with Radar,15,12,12,6,45,0,1,3,3,7,15,13,15,9,52,2,6,8,60
02/05/2017,JAN,MS,ASO,CE,Combined TRACON& Tower with Radar,19,22,7,6,54,0,0,1,0,1,19,22,8,6,55,0,8,8,63
02/06/2017,JAN,MS,ASO,CE,Combined TRACON& Tower with Radar,27,33,13,66,139,0,2,3,0,5,27,35,16,66,144,0,120,120,264
02/07/2017,JAN,MS,ASO,CE,Combined TRACON& Tower with Radar,29,23,12,18,82,0,2,0,0,2,29,25,12,18,84,0,22,22,106
02/08/2017,JAN,MS,ASO,CE,Combined TRACON& Tower with Radar,25,37,26,29,117,0,3,1,0,4,25,40,27,29,121,0,62,62,183
02/09/2017,JAN,MS,ASO,CE,Combined TRACON& Tower with Radar,26,31,20,19,96,0,1,6,0,7,26,32,26,19,103,8,80,88,191
02/10/2017,JAN,MS,ASO,CE,Combined TRACON& Tower with Radar,27,47,17,20,111,0,2,2,0,4,27,49,19,20,115,6,76,82,197
02/11/2017,JAN,MS,ASO,CE,Combined TRACON& Tower with Radar,17,16,8,8,49,0,0,0,0,0,17,16,8,8,49,0,14,14,63
02/12/2017,JAN,MS,ASO,CE,Combined TRACON& Tower with Radar,24,27,12,16,79,0,0,0,1,1,24,27,12,17,80,2,13,15,95
02/13/2017,JAN,MS,ASO,CE,Combined TRACON& Tower with Radar,27,25,10,10,72,0,4,1,0,5,27,29,11,10,77,0,54,54,131
02/14/2017,JAN,MS,ASO,CE,Combined TRACON& Tower with Radar,26,25,13,5,69,0,4,6,0,10,26,29,19,5,79,2,58,60,139
02/15/2017,JAN,MS,ASO,CE,Combined TRACON& Tower with Radar,24,52,35,25,136,0,1,6,2,9,24,53,41,27,145,2,100,102,247
02/16/2017,JAN,MS,ASO,CE,Combined TRACON& Tower with Radar,26,33,23,17,99,0,1,4,2,7,26,34,27,19,106,24,42,66,172
02/17/2017,JAN,MS,ASO,CE,Combined TRACON& Tower with Radar,27,24,18,26,95,0,2,6,2,10,27,26,24,28,105,8,44,52,157
02/18/2017,JAN,MS,ASO,CE,Combined TRACON& Tower with Radar,18,15,4,11,48,0,6,0,0,6,18,21,4,11,54,0,6,6,60
02/19/2017,JAN,MS,ASO,CE,Combined TRACON& Tower with Radar,21,26,9,6,62,0,9,6,0,15,21,35,15,6,77,0,12,12,89
02/20/2017,JAN,MS,ASO,CE,Combined TRACON& Tower with Radar,28,29,18,0,75,0,2,9,0,11,28,31,27,0,86,10,18,28,114
02/21/2017,JAN,MS,ASO,CE,Combined TRACON& Tower with Radar,25,28,32,50,135,0,2,5,0,7,25,30,37,50,142,16,50,66,208
02/22/2017,JAN,MS,ASO,CE,Combined TRACON& Tower with Radar,25,32,33,41,131,0,2,0,3,5,25,34,33,44,136,8,103,111,247
02/23/2017,JAN,MS,ASO,CE,Combined TRACON& Tower with Radar,26,27,23,34,110,0,3,3,2,8,26,30,26,36,118,6,128,134,252
02/24/2017,JAN,MS,ASO,CE,Combined TRACON& Tower with Radar,29,25,19,58,131,0,7,2,1,10,29,32,21,59,141,0,72,72,213
02/25/2017,JAN,MS,ASO,CE,Combined TRACON& Tower with Radar,18,17,15,19,69,0,4,8,5,17,18,21,23,24,86,24,56,80,166
02/26/2017,JAN,MS,ASO,CE,Combined TRACON& Tower with Radar,23,21,5,11,60,0,0,4,7,11,23,21,9,18,71,0,10,10,81
02/27/2017,JAN,MS,ASO,CE,Combined TRACON& Tower with Radar,25,30,12,30,97,0,2,1,0,3,25,32,13,30,100,0,62,62,162
02/28/2017,JAN,MS,ASO,CE,Combined TRACON& Tower with Radar,26,26,21,37,110,0,7,1,1,9,26,33,22,38,119,7,56,63,182
03/01/2017,JAN,MS,ASO,CE,Combined TRACON& Tower with Radar,30,25,14,36,105,0,3,1,0,4,30,28,15,36,109,0,61,61,170
03/02/2017,JAN,MS,ASO,CE,Combined TRACON& Tower with Radar,26,34,29,30,119,0,0,4,4,8,26,34,33,34,127,14,122,136,263
03/03/2017,JAN,MS,ASO,CE,Combined TRACON& Tower with Radar,26,34,23,21,104,0,6,4,2,12,26,40,27,23,116,0,92,92,208
03/04/2017,JAN,MS,ASO,CE,Combined TRACON& Tower with Radar,17,23,15,16,71,0,0,3,2,5,17,23,18,18,76,0,22,22,98
03/05/2017,JAN,MS,ASO,CE,Combined TRACON& Tower with Radar,22,24,20,11,77,0,3,5,0,8,22,27,25,11,85,4,4,8,93
03/06/2017,JAN,MS,ASO,CE,Combined TRACON& Tower with Radar,24,28,24,46,122,0,1,4,0,5,24,29,28,46,127,2,166,168,295
03/07/2017,JAN,MS,ASO,CE,Combined TRACON& Tower with Radar,24,27,18,9,78,0,3,1,0,4,24,30,19,9,82,0,2,2,84
03/08/2017,JAN,MS,ASO,CE,Combined TRACON& Tower with Radar,23,34,29,34,120,0,2,6,6,14,23,36,35,40,134,15,129,144,278
03/09/2017,JAN,MS,ASO,CE,Combined TRACON& Tower with Radar,21,33,19,34,107,0,4,3,0,7,21,37,22,34,114,2,76,78,192
03/10/2017,JAN,MS,ASO,CE,Combined TRACON& Tower with Radar,23,31,23,29,106,0,1,4,0,5,23,32,27,29,111,2,98,100,211
03/11/2017,JAN,MS,ASO,CE,Combined TRACON& Tower with Radar,18,19,22,27,86,0,0,1,0,1,18,19,23,27,87,2,40,42,129
03/12/2017,JAN,MS,ASO,CE,Combined TRACON& Tower with Radar,22,23,16,11,72,0,3,3,2,8,22,26,19,13,80,12,2,14,94
03/13/2017,JAN,MS,ASO,CE,Combined TRACON& Tower with Radar,23,37,12,13,85,0,0,1,0,1,23,37,13,13,86,0,20,20,106
03/14/2017,JAN,MS,ASO,CE,Combined TRACON& Tower with Radar,23,32,24,9,88,0,3,3,0,6,23,35,27,9,94,2,46,48,142
03/15/2017,JAN,MS,ASO,CE,Combined TRACON& Tower with Radar,24,27,18,8,77,0,2,4,0,6,24,29,22,8,83,2,44,46,129
03/16/2017,JAN,MS,ASO,CE,Combined TRACON& Tower with Radar,22,31,11,43,107,0,6,3,6,15,22,37,14,49,122,0,120,120,242
03/17/2017,JAN,MS,ASO,CE,Combined TRACON& Tower with Radar,20,33,9,27,89,0,6,2,2,10,20,39,11,29,99,0,74,74,173
03/18/2017,JAN,MS,ASO,CE,Combined TRACON& Tower with Radar,17,20,20,3,60,0,4,1,0,5,17,24,21,3,65,2,4,6,71
03/19/2017,JAN,MS,ASO,CE,Combined TRACON& Tower with Radar,22,22,15,2,61,0,2,5,0,7,22,24,20,2,68,2,2,4,72
03/20/2017,JAN,MS,ASO,CE,Combined TRACON& Tower with Radar,22,34,25,17,98,0,1,6,0,7,22,35,31,17,105,6,42,48,153
03/21/2017,JAN,MS,ASO,CE,Combined TRACON& Tower with Radar,23,28,25,35,111,0,7,9,2,18,23,35,34,37,129,20,124,144,273
03/22/2017,JAN,MS,ASO,CE,Combined TRACON& Tower with Radar,24,26,18,24,92,0,5,7,3,15,24,31,25,27,107,7,82,89,196
03/23/2017,JAN,MS,ASO,CE,Combined TRACON& Tower with Radar,21,39,21,30,111,0,2,6,0,8,21,41,27,30,119,6,108,114,233
03/24/2017,JAN,MS,ASO,CE,Combined TRACON& Tower with Radar,21,31,25,24,101,0,2,2,0,4,21,33,27,24,105,0,40,40,145
03/25/2017,JAN,MS,ASO,CE,Combined TRACON& Tower with Radar,16,12,2,0,30,0,2,0,0,2,16,14,2,0,32,0,0,0,32
03/26/2017,JAN,MS,ASO,CE,Combined TRACON& Tower with Radar,20,22,29,1,72,0,1,5,0,6,20,23,34,1,78,6,0,6,84
03/27/2017,JAN,MS,ASO,CE,Combined TRACON& Tower with Radar,22,29,19,3,73,0,0,0,0,0,22,29,19,3,73,0,0,0,73
03/28/2017,JAN,MS,ASO,CE,Combined TRACON& Tower with Radar,22,31,33,53,139,0,4,5,0,9,22,35,38,53,148,18,78,96,244
03/29/2017,JAN,MS,ASO,CE,Combined TRACON& Tower with Radar,22,31,25,24,102,0,1,1,2,4,22,32,26,26,106,0,86,86,192
03/30/2017,JAN,MS,ASO,CE,Combined TRACON& Tower with Radar,24,32,17,23,96,0,3,1,1,5,24,35,18,24,101,0,58,58,159
03/31/2017,JAN,MS,ASO,CE,Combined TRACON& Tower with Radar,21,37,27,22,107,0,2,6,10,18,21,39,33,32,125,9,110,119,244
04/01/2017,JAN,MS,ASO,CE,Combined TRACON& Tower with Radar,19,12,6,10,47,0,0,1,0,1,19,12,7,10,48,0,10,10,58
04/02/2017,JAN,MS,ASO,CE,Combined TRACON& Tower with Radar,18,18,12,3,51,0,0,1,0,1,18,18,13,3,52,4,0,4,56
04/03/2017,JAN,MS,ASO,CE,Combined TRACON& Tower with Radar,27,27,12,17,83,0,4,7,2,13,27,31,19,19,96,0,88,88,184
04/04/2017,JAN,MS,ASO,CE,Combined TRACON& Tower with Radar,27,35,32,45,139,0,4,6,2,12,27,39,38,47,151,4,156,160,311
04/05/2017,JAN,MS,ASO,CE,Combined TRACON& Tower with Radar,19,23,26,24,92,0,0,2,1,3,19,23,28,25,95,0,160,160,255
04/06/2017,JAN,MS,ASO,CE,Combined TRACON& Tower with Radar,22,36,23,17,98,0,2,5,0,7,22,38,28,17,105,2,137,139,244
04/07/2017,JAN,MS,ASO,CE,Combined TRACON& Tower with Radar,23,26,25,55,129,0,5,3,2,10,23,31,28,57,139,2,147,149,288
04/08/2017,JAN,MS,ASO,CE,Combined TRACON& Tower with Radar,18,17,11,0,46,0,0,4,0,4,18,17,15,0,50,6,0,6,56
04/09/2017,JAN,MS,ASO,CE,Combined TRACON& Tower with Radar,22,29,12,10,73,0,6,6,2,14,22,35,18,12,87,2,16,18,105
04/10/2017,JAN,MS,ASO,CE,Combined TRACON& Tower with Radar,21,31,17,10,79,0,3,4,2,9,21,34,21,12,88,6,46,52,140
04/11/2017,JAN,MS,ASO,CE,Combined TRACON& Tower with Radar,24,30,23,10,87,0,1,1,0,2,24,31,24,10,89,0,36,36,125
04/12/2017,JAN,MS,ASO,CE,Combined TRACON& Tower with Radar,27,22,23,26,98,0,2,4,2,8,27,24,27,28,106,0,88,88,194
04/13/2017,JAN,MS,ASO,CE,Combined TRACON& Tower with Radar,26,36,28,24,114,0,5,7,1,13,26,41,35,25,127,0,94,94,221
04/14/2017,JAN,MS,ASO,CE,Combined TRACON& Tower with Radar,26,24,16,32,98,0,11,4,1,16,26,35,20,33,114,0,100,100,214
04/15/2017,JAN,MS,ASO,CE,Combined TRACON& Tower with Radar,15,21,9,0,45,0,4,3,0,7,15,25,12,0,52,14,0,14,66
04/16/2017,JAN,MS,ASO,CE,Combined TRACON& Tower with Radar,21,19,8,0,48,0,3,0,1,4,21,22,8,1,52,0,0,0,52
04/17/2017,JAN,MS,ASO,CE,Combined TRACON& Tower with Radar,24,31,19,11,85,0,1,1,1,3,24,32,20,12,88,2,26,28,116
04/18/2017,JAN,MS,ASO,CE,Combined TRACON& Tower with Radar,25,21,26,21,93,0,2,5,0,7,25,23,31,21,100,2,8,10,110
04/19/2017,JAN,MS,ASO,CE,Combined TRACON& Tower with Radar,24,32,41,42,139,0,6,7,3,16,24,38,48,45,155,4,66,70,225
04/20/2017,JAN,MS,ASO,CE,Combined TRACON& Tower with Radar,25,23,28,10,86,0,3,8,0,11,25,26,36,10,97,6,4,10,107
04/21/2017,JAN,MS,ASO,CE,Combined TRACON& Tower with Radar,26,29,25,11,91,0,5,1,2,8,26,34,26,13,99,0,32,32,131
04/22/2017,JAN,MS,ASO,CE,Combined TRACON& Tower with Radar,20,21,15,0,56,0,3,1,0,4,20,24,16,0,60,0,0,0,60
04/23/2017,JAN,MS,ASO,CE,Combined TRACON& Tower with Radar,23,25,14,13,75,0,0,3,0,3,23,25,17,13,78,0,10,10,88
04/24/2017,JAN,MS,ASO,CE,Combined TRACON& Tower with Radar,26,31,18,25,100,0,2,3,3,8,26,33,21,28,108,0,96,96,204
04/25/2017,JAN,MS,ASO,CE,Combined TRACON& Tower with Radar,26,24,21,30,101,0,1,6,0,7,26,25,27,30,108,10,96,106,214
04/26/2017,JAN,MS,ASO,CE,Combined TRACON& Tower with Radar,23,25,30,39,117,0,3,1,2,6,23,28,31,41,123,0,60,60,183
04/27/2017,JAN,MS,ASO,CE,Combined TRACON& Tower with Radar,25,25,29,33,112,0,1,7,0,8,25,26,36,33,120,10,62,72,192
04/28/2017,JAN,MS,ASO,CE,Combined TRACON& Tower with Radar,24,31,28,57,140,0,1,2,2,5,24,32,30,59,145,0,90,90,235
04/29/2017,JAN,MS,ASO,CE,Combined TRACON& Tower with Radar,20,14,6,2,42,0,2,0,0,2,20,16,6,2,44,0,0,0,44
04/30/2017,JAN,MS,ASO,CE,Combined TRACON& Tower with Radar,21,18,12,4,55,0,0,0,0,0,21,18,12,4,55,0,0,0,55
05/01/2017,JAN,MS,ASO,CE,Combined TRACON& Tower with Radar,25,27,30,19,101,0,0,4,0,4,25,27,34,19,105,0,38,38,143
05/02/2017,JAN,MS,ASO,CE,Combined TRACON& Tower with Radar,25,25,17,14,81,0,0,4,0,4,25,25,21,14,85,9,11,20,105
05/03/2017,JAN,MS,ASO,CE,Combined TRACON& Tower with Radar,25,17,21,12,75,0,3,1,1,5,25,20,22,13,80,0,10,10,90
05/04/2017,JAN,MS,ASO,CE,Combined TRACON& Tower with Radar,25,32,44,31,132,0,0,1,0,1,25,32,45,31,133,8,28,36,169
05/05/2017,JAN,MS,ASO,CE,Combined TRACON& Tower with Radar,26,35,21,39,121,0,4,5,1,10,26,39,26,40,131,0,92,92,223
05/06/2017,JAN,MS,ASO,CE,Combined TRACON& Tower with Radar,21,31,11,10,73,0,4,3,6,13,21,35,14,16,86,6,76,82,168
05/07/2017,JAN,MS,ASO,CE,Combined TRACON& Tower with Radar,25,30,10,13,78,0,3,7,3,13,25,33,17,16,91,4,10,14,105
05/08/2017,JAN,MS,ASO,CE,Combined TRACON& Tower with Radar,26,36,29,30,121,0,2,8,6,16,26,38,37,36,137,12,100,112,249
05/09/2017,JAN,MS,ASO,CE,Combined TRACON& Tower with Radar,25,32,18,60,135,0,7,6,17,30,25,39,24,77,165,6,86,92,257
05/10/2017,JAN,MS,ASO,CE,Combined TRACON& Tower with Radar,25,38,27,72,162,0,2,4,5,11,25,40,31,77,173,8,171,179,352
05/11/2017,JAN,MS,ASO,CE,Combined TRACON& Tower with Radar,25,44,41,63,173,0,3,3,4,10,25,47,44,67,183,2,182,184,367
05/12/2017,JAN,MS,ASO,CE,Combined TRACON& Tower with Radar,28,32,16,21,97,0,2,2,1,5,28,34,18,22,102,0,38,38,140
05/13/2017,JAN,MS,ASO,CE,Combined TRACON& Tower with Radar,17,20,10,7,54,0,5,1,2,8,17,25,11,9,62,0,0,0,62
05/14/2017,JAN,MS,ASO,CE,Combined TRACON& Tower with Radar,19,29,12,9,69,0,1,3,3,7,19,30,15,12,76,0,4,4,80
05/15/2017,JAN,MS,ASO,CE,Combined TRACON& Tower with Radar,34,33,12,35,114,0,2,10,2,14,34,35,22,37,128,4,120,124,252
05/16/2017,JAN,MS,ASO,CE,Combined TRACON& Tower with Radar,25,32,31,39,127,0,3,7,3,13,25,35,38,42,140,11,120,131,271
05/17/2017,JAN,MS,ASO,CE,Combined TRACON& Tower with Radar,25,27,30,22,104,0,4,5,2,11,25,31,35,24,115,0,99,99,214
05/18/2017,JAN,MS,ASO,CE,Combined TRACON& Tower with Radar,26,34,25,31,116,0,5,2,1,8,26,39,27,32,124,0,124,124,248
05/19/2017,JAN,MS,ASO,CE,Combined TRACON& Tower with Radar,34,29,16,19,98,0,6,1,1,8,34,35,17,20,106,0,28,28,134
05/20/2017,JAN,MS,ASO,CE,Combined TRACON& Tower with Radar,30,22,8,9,69,0,2,2,0,4,30,24,10,9,73,0,10,10,83
05/21/2017,JAN,MS,ASO,CE,Combined TRACON& Tower with Radar,36,23,7,0,66,0,0,3,0,3,36,23,10,0,69,0,0,0,69
05/22/2017,JAN,MS,ASO,CE,Combined TRACON& Tower with Radar,25,32,16,5,78,0,1,0,0,1,25,33,16,5,79,0,26,26,105
05/23/2017,JAN,MS,ASO,CE,Combined TRACON& Tower with Radar,24,27,36,26,113,0,6,1,1,8,24,33,37,27,121,0,108,108,229
05/24/2017,JAN,MS,ASO,CE,Combined TRACON& Tower with Radar,25,43,31,38,137,0,1,1,2,4,25,44,32,40,141,0,90,90,231
05/25/2017,JAN,MS,ASO,CE,Combined TRACON& Tower with Radar,30,33,34,40,137,0,4,10,2,16,30,37,44,42,153,16,132,148,301
05/26/2017,JAN,MS,ASO,CE,Combined TRACON& Tower with Radar,29,31,24,1,85,0,6,4,0,10,29,37,28,1,95,0,0,0,95
05/27/2017,JAN,MS,ASO,CE,Combined TRACON& Tower with Radar,20,16,10,0,46,0,4,0,0,4,20,20,10,0,50,0,0,0,50
05/28/2017,JAN,MS,ASO,CE,Combined TRACON& Tower with Radar,17,26,9,1,53,0,2,0,0,2,17,28,9,1,55,0,0,0,55
05/29/2017,JAN,MS,ASO,CE,Combined TRACON& Tower with Radar,26,22,6,1,55,0,1,3,11,15,26,23,9,12,70,0,0,0,70
05/30/2017,JAN,MS,ASO,CE,Combined TRACON& Tower with Radar,25,27,24,33,109,0,2,2,1,5,25,29,26,34,114,0,66,66,180
05/31/2017,JAN,MS,ASO,CE,Combined TRACON& Tower with Radar,27,29,20,73,149,0,2,4,0,6,27,31,24,73,155,10,122,132,287
06/01/2017,JAN,MS,ASO,CE,Combined TRACON& Tower with Radar,25,35,15,22,97,0,5,0,0,5,25,40,15,22,102,0,14,14,116
06/02/2017,JAN,MS,ASO,CE,Combined TRACON& Tower with Radar,23,45,26,20,114,0,3,4,0,7,23,48,30,20,121,2,86,88,209
06/03/2017,JAN,MS,ASO,CE,Combined TRACON& Tower with Radar,19,18,15,7,59,0,2,0,0,2,19,20,15,7,61,0,2,2,63
06/04/2017,JAN,MS,ASO,CE,Combined TRACON& Tower with Radar,24,25,13,21,83,0,3,2,1,6,24,28,15,22,89,0,22,22,111
06/05/2017,JAN,MS,ASO,CE,Combined TRACON& Tower with Radar,24,31,18,8,81,0,0,1,0,1,24,31,19,8,82,0,18,18,100
06/06/2017,JAN,MS,ASO,CE,Combined TRACON& Tower with Radar,30,31,24,23,108,0,4,2,0,6,30,35,26,23,114,0,38,38,152
06/07/2017,JAN,MS,ASO,CE,Combined TRACON& Tower with Radar,24,28,29,40,121,0,2,6,1,9,24,30,35,41,130,6,74,80,210
06/08/2017,JAN,MS,ASO,CE,Combined TRACON& Tower with Radar,27,29,17,40,113,0,4,10,7,21,27,33,27,47,134,0,104,104,238
06/09/2017,JAN,MS,ASO,CE,Combined TRACON& Tower with Radar,23,31,11,41,106,0,1,3,0,4,23,32,14,41,110,0,0,0,110
06/10/2017,JAN,MS,ASO,CE,Combined TRACON& Tower with Radar,20,22,6,0,48,0,3,1,3,7,20,25,7,3,55,0,0,0,55
06/11/2017,JAN,MS,ASO,CE,Combined TRACON& Tower with Radar,24,29,18,10,81,0,5,1,0,6,24,34,19,10,87,0,8,8,95
06/12/2017,JAN,MS,ASO,CE,Combined TRACON& Tower with Radar,30,32,11,50,123,0,4,4,1,9,30,36,15,51,132,0,113,113,245
06/13/2017,JAN,MS,ASO,CE,Combined TRACON& Tower with Radar,24,36,22,79,161,0,4,2,2,8,24,40,24,81,169,0,135,135,304
06/14/2017,JAN,MS,ASO,CE,Combined TRACON& Tower with Radar,30,25,21,64,140,0,3,1,1,5,30,28,22,65,145,0,123,123,268
06/15/2017,JAN,MS,ASO,CE,Combined TRACON& Tower with Radar,44,35,24,34,137,0,3,2,5,10,44,38,26,39,147,4,12,16,163
06/16/2017,JAN,MS,ASO,CE,Combined TRACON& Tower with Radar,29,29,26,30,114,0,0,3,2,5,29,29,29,32,119,4,128,132,251
06/17/2017,JAN,MS,ASO,CE,Combined TRACON& Tower with Radar,17,19,12,9,57,0,0,0,0,0,17,19,12,9,57,0,8,8,65
06/18/2017,JAN,MS,ASO,CE,Combined TRACON& Tower with Radar,32,21,19,9,81,0,2,4,2,8,32,23,23,11,89,6,8,14,103
06/19/2017,JAN,MS,ASO,CE,Combined TRACON& Tower with Radar,29,28,21,31,109,0,2,4,0,6,29,30,25,31,115,3,112,115,230
06/20/2017,JAN,MS,ASO,CE,Combined TRACON& Tower with Radar,26,31,32,42,131,0,2,1,0,3,26,33,33,42,134,14,69,83,217
06/21/2017,JAN,MS,ASO,CE,Combined TRACON& Tower with Radar,22,24,21,2,69,0,0,4,0,4,22,24,25,2,73,0,0,0,73
06/22/2017,JAN,MS,ASO,CE,Combined TRACON& Tower with Radar,27,24,22,35,108,0,4,1,1,6,27,28,23,36,114,0,43,43,157
06/23/2017,JAN,MS,ASO,CE,Combined TRACON& Tower with Radar,27,30,13,21,91,0,1,1,1,3,27,31,14,22,94,2,28,30,124
06/24/2017,JAN,MS,ASO,CE,Combined TRACON& Tower with Radar,21,27,14,6,68,0,5,0,0,5,21,32,14,6,73,6,16,22,95
06/25/2017,JAN,MS,ASO,CE,Combined TRACON& Tower with Radar,26,27,11,4,68,0,6,4,1,11,26,33,15,5,79,5,14,19,98
06/26/2017,JAN,MS,ASO,CE,Combined TRACON& Tower with Radar,26,34,17,41,118,0,0,2,0,2,26,34,19,41,120,6,104,110,230
06/27/2017,JAN,MS,ASO,CE,Combined TRACON& Tower with Radar,24,36,25,43,128,0,1,5,0,6,24,37,30,43,134,3,78,81,215
06/28/2017,JAN,MS,ASO,CE,Combined TRACON& Tower with Radar,24,27,23,85,159,0,0,7,2,9,24,27,30,87,168,2,150,152,320
06/29/2017,JAN,MS,ASO,CE,Combined TRACON& Tower with Radar,26,26,27,6,85,0,4,1,0,5,26,30,28,6,90,0,4,4,94
06/30/2017,JAN,MS,ASO,CE,Combined TRACON& Tower with Radar,28,36,19,44,127,0,0,3,0,3,28,36,22,44,130,0,70,70,200
07/01/2017,JAN,MS,ASO,CE,Combined TRACON& Tower with Radar,22,17,3,0,42,0,4,1,0,5,22,21,4,0,47,0,0,0,47
07/02/2017,JAN,MS,ASO,CE,Combined TRACON& Tower with Radar,22,24,9,5,60,0,1,4,1,6,22,25,13,6,66,0,10,10,76
07/03/2017,JAN,MS,ASO,CE,Combined TRACON& Tower with Radar,20,20,6,1,47,0,3,3,0,6,20,23,9,1,53,0,0,0,53
07/04/2017,JAN,MS,ASO,CE,Combined TRACON& Tower with Radar,18,24,10,0,52,0,2,4,0,6,18,26,14,0,58,18,0,18,76
07/05/2017,JAN,MS,ASO,CE,Combined TRACON& Tower with Radar,25,23,6,60,114,0,1,4,2,7,25,24,10,62,121,0,102,102,223
07/06/2017,JAN,MS,ASO,CE,Combined TRACON& Tower with Radar,25,28,13,62,128,0,5,10,0,15,25,33,23,62,143,0,196,196,339
07/07/2017,JAN,MS,ASO,CE,Combined TRACON& Tower with Radar,26,25,14,26,91,0,0,0,0,0,26,25,14,26,91,2,80,82,173
07/08/2017,JAN,MS,ASO,CE,Combined TRACON& Tower with Radar,17,21,8,4,50,0,2,2,0,4,17,23,10,4,54,3,8,11,65
07/09/2017,JAN,MS,ASO,CE,Combined TRACON& Tower with Radar,26,27,11,15,79,0,1,4,0,5,26,28,15,15,84,0,16,16,100
07/10/2017,JAN,MS,ASO,CE,Combined TRACON& Tower with Radar,30,28,23,46,127,0,3,7,0,10,30,31,30,46,137,0,150,150,287
07/11/2017,JAN,MS,ASO,CE,Combined TRACON& Tower with Radar,26,27,29,52,134,0,0,9,2,11,26,27,38,54,145,0,160,160,305
07/12/2017,JAN,MS,ASO,CE,Combined TRACON& Tower with Radar,28,32,26,27,113,0,6,5,1,12,28,38,31,28,125,0,82,82,207
07/13/2017,JAN,MS,ASO,CE,Combined TRACON& Tower with Radar,26,30,22,27,105,0,5,2,1,8,26,35,24,28,113,2,48,50,163
07/14/2017,JAN,MS,ASO,CE,Combined TRACON& Tower with Radar,29,37,23,42,131,0,7,0,1,8,29,44,23,43,139,2,120,122,261
07/15/2017,JAN,MS,ASO,CE,Combined TRACON& Tower with Radar,17,23,5,10,55,0,6,5,0,11,17,29,10,10,66,2,20,22,88
07/16/2017,JAN,MS,ASO,CE,Combined TRACON& Tower with Radar,27,23,12,18,80,0,2,7,2,11,27,25,19,20,91,2,14,16,107
07/17/2017,JAN,MS,ASO,CE,Combined TRACON& Tower with Radar,26,42,14,21,103,0,4,3,0,7,26,46,17,21,110,0,132,132,242
07/18/2017,JAN,MS,ASO,CE,Combined TRACON& Tower with Radar,26,37,16,22,101,0,0,1,0,1,26,37,17,22,102,8,108,116,218
07/19/2017,JAN,MS,ASO,CE,Combined TRACON& Tower with Radar,29,26,25,39,119,0,3,10,6,19,29,29,35,45,138,2,99,101,239
07/20/2017,JAN,MS,ASO,CE,Combined TRACON& Tower with Radar,25,27,21,33,106,0,2,3,3,8,25,29,24,36,114,0,97,97,211
07/21/2017,JAN,MS,ASO,CE,Combined TRACON& Tower with Radar,26,31,23,14,94,0,0,3,0,3,26,31,26,14,97,0,48,48,145
07/22/2017,JAN,MS,ASO,CE,Combined TRACON& Tower with Radar,18,23,6,4,51,0,2,5,1,8,18,25,11,5,59,0,4,4,63
07/23/2017,JAN,MS,ASO,CE,Combined TRACON& Tower with Radar,25,26,19,2,72,0,2,5,1,8,25,28,24,3,80,4,2,6,86
07/24/2017,JAN,MS,ASO,CE,Combined TRACON& Tower with Radar,26,38,13,13,90,0,1,2,0,3,26,39,15,13,93,0,18,18,111
07/25/2017,JAN,MS,ASO,CE,Combined TRACON& Tower with Radar,27,23,23,7,80,0,2,1,0,3,27,25,24,7,83,2,10,12,95
07/26/2017,JAN,MS,ASO,CE,Combined TRACON& Tower with Radar,25,39,26,17,107,0,5,5,0,10,25,44,31,17,117,0,38,38,155
07/27/2017,JAN,MS,ASO,CE,Combined TRACON& Tower with Radar,29,33,34,43,139,0,3,10,5,18,29,36,44,48,157,4,189,193,350
07/28/2017,JAN,MS,ASO,CE,Combined TRACON& Tower with Radar,27,31,10,27,95,0,0,5,0,5,27,31,15,27,100,0,133,133,233
07/29/2017,JAN,MS,ASO,CE,Combined TRACON& Tower with Radar,18,25,3,0,46,0,7,0,0,7,18,32,3,0,53,0,2,2,55
07/30/2017,JAN,MS,ASO,CE,Combined TRACON& Tower with Radar,25,24,14,0,63,0,2,7,1,10,25,26,21,1,73,2,2,4,77
07/31/2017,JAN,MS,ASO,CE,Combined TRACON& Tower with Radar,26,35,27,25,113,0,1,6,1,8,26,36,33,26,121,0,118,118,239
08/01/2017,JAN,MS,ASO,CE,Combined TRACON& Tower with Radar,26,24,24,37,111,0,1,16,1,18,26,25,40,38,129,0,164,164,293
08/02/2017,JAN,MS,ASO,CE,Combined TRACON& Tower with Radar,26,28,30,35,119,0,2,4,0,6,26,30,34,35,125,0,124,124,249
08/03/2017,JAN,MS,ASO,CE,Combined TRACON& Tower with Radar,26,30,28,44,128,0,4,6,4,14,26,34,34,48,142,16,197,213,355
08/04/2017,JAN,MS,ASO,CE,Combined TRACON& Tower with Radar,27,28,17,26,98,0,2,4,0,6,27,30,21,26,104,0,82,82,186
08/05/2017,JAN,MS,ASO,CE,Combined TRACON& Tower with Radar,19,20,19,1,59,0,1,5,3,9,19,21,24,4,68,4,6,10,78
08/06/2017,JAN,MS,ASO,CE,Combined TRACON& Tower with Radar,26,24,16,4,70,0,2,0,0,2,26,26,16,4,72,0,4,4,76
08/07/2017,JAN,MS,ASO,CE,Combined TRACON& Tower with Radar,26,27,23,10,86,0,0,1,0,1,26,27,24,10,87,6,24,30,117
08/08/2017,JAN,MS,ASO,CE,Combined TRACON& Tower with Radar,26,27,26,15,94,0,1,2,0,3,26,28,28,15,97,0,26,26,123
08/09/2017,JAN,MS,ASO,CE,Combined TRACON& Tower with Radar,26,42,16,34,118,0,0,1,2,3,26,42,17,36,121,0,96,96,217
08/10/2017,JAN,MS,ASO,CE,Combined TRACON& Tower with Radar,26,36,29,15,106,0,0,4,0,4,26,36,33,15,110,0,12,12,122
08/11/2017,JAN,MS,ASO,CE,Combined TRACON& Tower with Radar,28,37,12,30,107,0,1,1,0,2,28,38,13,30,109,0,68,68,177
08/12/2017,JAN,MS,ASO,CE,Combined TRACON& Tower with Radar,20,18,7,17,62,0,4,9,0,13,20,22,16,17,75,0,18,18,93
08/13/2017,JAN,MS,ASO,CE,Combined TRACON& Tower with Radar,27,28,8,8,71,0,2,3,0,5,27,30,11,8,76,0,8,8,84
08/14/2017,JAN,MS,ASO,CE,Combined TRACON& Tower with Radar,26,27,14,22,89,0,0,1,2,3,26,27,15,24,92,0,90,90,182
08/15/2017,JAN,MS,ASO,CE,Combined TRACON& Tower with Radar,24,23,29,39,115,0,2,2,0,4,24,25,31,39,119,0,134,134,253
08/16/2017,JAN,MS,ASO,CE,Combined TRACON& Tower with Radar,25,22,30,10,87,0,0,2,0,2,25,22,32,10,89,0,16,16,105
08/17/2017,JAN,MS,ASO,CE,Combined TRACON& Tower with Radar,24,28,21,25,98,0,1,0,1,2,24,29,21,26,100,0,26,26,126
08/18/2017,JAN,MS,ASO,CE,Combined TRACON& Tower with Radar,28,25,19,39,111,0,2,0,1,3,28,27,19,40,114,0,84,84,198
08/19/2017,JAN,MS,ASO,CE,Combined TRACON& Tower with Radar,19,21,9,0,49,0,3,0,0,3,19,24,9,0,52,1,0,1,53
08/20/2017,JAN,MS,ASO,CE,Combined TRACON& Tower with Radar,23,20,9,4,56,0,3,4,4,11,23,23,13,8,67,6,16,22,89
08/21/2017,JAN,MS,ASO,CE,Combined TRACON& Tower with Radar,28,25,11,20,84,0,2,1,0,3,28,27,12,20,87,0,70,70,157
08/22/2017,JAN,MS,ASO,CE,Combined TRACON& Tower with Radar,30,19,20,40,109,0,4,7,4,15,30,23,27,44,124,0,106,106,230
08/23/2017,JAN,MS,ASO,CE,Combined TRACON& Tower with Radar,28,24,24,16,92,0,1,7,0,8,28,25,31,16,100,0,64,64,164
08/24/2017,JAN,MS,ASO,CE,Combined TRACON& Tower with Radar,30,28,23,27,108,0,6,3,3,12,30,34,26,30,120,0,96,96,216
08/25/2017,JAN,MS,ASO,CE,Combined TRACON& Tower with Radar,30,20,20,4,74,0,3,10,0,13,30,23,30,4,87,9,48,57,144
08/26/2017,JAN,MS,ASO,CE,Combined TRACON& Tower with Radar,24,7,6,6,43,0,2,4,5,11,24,9,10,11,54,0,12,12,66
08/27/2017,JAN,MS,ASO,CE,Combined TRACON& Tower with Radar,22,13,13,20,68,0,0,3,3,6,22,13,16,23,74,12,30,42,116
08/28/2017,JAN,MS,ASO,CE,Combined TRACON& Tower with Radar,28,15,37,10,90,0,2,3,4,9,28,17,40,14,99,0,6,6,105
08/29/2017,JAN,MS,ASO,CE,Combined TRACON& Tower with Radar,29,9,23,44,105,0,5,2,1,8,29,14,25,45,113,2,50,52,165
08/30/2017,JAN,MS,ASO,CE,Combined TRACON& Tower with Radar,28,16,14,11,69,0,1,2,0,3,28,17,16,11,72,0,22,22,94
08/31/2017,JAN,MS,ASO,CE,Combined TRACON& Tower with Radar,27,14,18,10,69,0,0,0,0,0,27,14,18,10,69,0,10,10,79
09/01/2017,JAN,MS,ASO,CE,Combined TRACON& Tower with Radar,33,19,26,7,85,0,6,2,1,9,33,25,28,8,94,0,2,2,96
09/02/2017,JAN,MS,ASO,CE,Combined TRACON& Tower with Radar,24,4,5,1,34,0,3,0,0,3,24,7,5,1,37,6,0,6,43
09/03/2017,JAN,MS,ASO,CE,Combined TRACON& Tower with Radar,20,9,5,7,41,0,5,5,0,10,20,14,10,7,51,8,28,36,87
09/04/2017,JAN,MS,ASO,CE,Combined TRACON& Tower with Radar,25,20,17,0,62,0,2,1,0,3,25,22,18,0,65,0,0,0,65
09/05/2017,JAN,MS,ASO,CE,Combined TRACON& Tower with Radar,27,15,9,20,71,0,1,3,1,5,27,16,12,21,76,0,50,50,126
09/06/2017,JAN,MS,ASO,CE,Combined TRACON& Tower with Radar,27,21,35,19,102,0,2,3,2,7,27,23,38,21,109,4,92,96,205
09/07/2017,JAN,MS,ASO,CE,Combined TRACON& Tower with Radar,29,24,21,22,96,0,10,4,1,15,29,34,25,23,111,2,70,72,183
09/08/2017,JAN,MS,ASO,CE,Combined TRACON& Tower with Radar,31,25,29,31,116,0,4,4,8,16,31,29,33,39,132,0,78,78,210
09/09/2017,JAN,MS,ASO,CE,Combined TRACON& Tower with Radar,24,15,20,20,79,0,6,2,3,11,24,21,22,23,90,6,32,38,128
09/10/2017,JAN,MS,ASO,CE,Combined TRACON& Tower with Radar,26,34,13,17,90,0,8,5,0,13,26,42,18,17,103,6,42,48,151
09/11/2017,JAN,MS,ASO,CE,Combined TRACON& Tower with Radar,26,19,20,19,84,0,3,9,1,13,26,22,29,20,97,4,64,68,165
09/12/2017,JAN,MS,ASO,CE,Combined TRACON& Tower with Radar,30,38,32,21,121,0,4,5,1,10,30,42,37,22,131,0,44,44,175
09/13/2017,JAN,MS,ASO,CE,Combined TRACON& Tower with Radar,30,24,30,62,146,0,2,2,1,5,30,26,32,63,151,2,138,140,291
09/14/2017,JAN,MS,ASO,CE,Combined TRACON& Tower with Radar,30,19,21,14,84,0,3,2,1,6,30,22,23,15,90,0,8,8,98
09/15/2017,JAN,MS,ASO,CE,Combined TRACON& Tower with Radar,35,32,21,27,115,0,1,5,2,8,35,33,26,29,123,6,142,148,271
09/16/2017,JAN,MS,ASO,CE,Combined TRACON& Tower with Radar,24,12,9,15,60,0,3,3,5,11,24,15,12,20,71,0,22,22,93
09/17/2017,JAN,MS,ASO,CE,Combined TRACON& Tower with Radar,26,21,10,11,68,0,1,3,2,6,26,22,13,13,74,2,10,12,86
09/18/2017,JAN,MS,ASO,CE,Combined TRACON& Tower with Radar,30,39,20,13,102,0,2,3,1,6,30,41,23,14,108,6,124,130,238
09/19/2017,JAN,MS,ASO,CE,Combined TRACON& Tower with Radar,31,18,22,27,98,0,0,6,5,11,31,18,28,32,109,0,94,94,203
09/20/2017,JAN,MS,ASO,CE,Combined TRACON& Tower with Radar,30,25,30,17,102,0,1,7,0,8,30,26,37,17,110,0,76,76,186
09/21/2017,JAN,MS,ASO,CE,Combined TRACON& Tower with Radar,31,27,34,43,135,0,7,7,1,15,31,34,41,44,150,0,150,150,300
09/22/2017,JAN,MS,ASO,CE,Combined TRACON& Tower with Radar,41,25,14,22,102,0,4,4,0,8,41,29,18,22,110,0,148,148,258
09/23/2017,JAN,MS,ASO,CE,Combined TRACON& Tower with Radar,25,14,11,10,60,0,2,3,1,6,25,16,14,11,66,0,8,8,74
09/24/2017,JAN,MS,ASO,CE,Combined TRACON& Tower with Radar,28,16,12,2,58,0,1,3,0,4,28,17,15,2,62,0,6,6,68
09/25/2017,JAN,MS,ASO,CE,Combined TRACON& Tower with Radar,30,27,28,33,118,0,1,2,0,3,30,28,30,33,121,14,94,108,229
09/26/2017,JAN,MS,ASO,CE,Combined TRACON& Tower with Radar,31,19,32,25,107,0,2,4,2,8,31,21,36,27,115,2,106,108,223
09/27/2017,JAN,MS,ASO,CE,Combined TRACON& Tower with Radar,30,27,31,12,100,0,5,5,0,10,30,32,36,12,110,0,70,70,180
09/28/2017,JAN,MS,ASO,CE,Combined TRACON& Tower with Radar,30,34,21,30,115,0,1,9,2,12,30,35,30,32,127,2,48,50,177
09/29/2017,JAN,MS,ASO,CE,Combined TRACON& Tower with Radar,31,30,13,16,90,0,3,3,0,6,31,33,16,16,96,0,44,44,140
09/30/2017,JAN,MS,ASO,CE,Combined TRACON& Tower with Radar,24,16,9,1,50,0,2,4,0,6,24,18,13,1,56,6,0,6,62
10/01/2017,JAN,MS,ASO,CE,Combined TRACON& Tower with Radar,26,22,7,13,68,0,1,3,1,5,26,23,10,14,73,0,12,12,85
10/02/2017,JAN,MS,ASO,CE,Combined TRACON& Tower with Radar,31,27,28,18,104,0,0,2,0,2,31,27,30,18,106,4,82,86,192
10/03/2017,JAN,MS,ASO,CE,Combined TRACON& Tower with Radar,31,24,15,33,103,0,1,4,0,5,31,25,19,33,108,2,74,76,184
10/04/2017,JAN,MS,ASO,CE,Combined TRACON& Tower with Radar,30,23,12,16,81,0,0,5,3,8,30,23,17,19,89,0,89,89,178
10/05/2017,JAN,MS,ASO,CE,Combined TRACON& Tower with Radar,30,22,33,13,98,0,1,14,0,15,30,23,47,13,113,2,80,82,195
10/06/2017,JAN,MS,ASO,CE,Combined TRACON& Tower with Radar,33,21,21,25,100,0,1,6,0,7,33,22,27,25,107,6,40,46,153
10/07/2017,JAN,MS,ASO,CE,Combined TRACON& Tower with Radar,19,20,13,1,53,0,0,5,0,5,19,20,18,1,58,2,0,2,60
10/08/2017,JAN,MS,ASO,CE,Combined TRACON& Tower with Radar,27,17,21,2,67,0,0,2,0,2,27,17,23,2,69,0,4,4,73
10/09/2017,JAN,MS,ASO,CE,Combined TRACON& Tower with Radar,32,26,16,6,80,0,0,0,0,0,32,26,16,6,80,0,6,6,86
10/10/2017,JAN,MS,ASO,CE,Combined TRACON& Tower with Radar,30,18,30,4,82,0,1,0,0,1,30,19,30,4,83,4,6,10,93
10/11/2017,JAN,MS,ASO,CE,Combined TRACON& Tower with Radar,31,36,21,16,104,0,2,3,5,10,31,38,24,21,114,0,62,62,176
10/12/2017,JAN,MS,ASO,CE,Combined TRACON& Tower with Radar,30,34,17,22,103,0,0,8,0,8,30,34,25,22,111,0,98,98,209
10/13/2017,JAN,MS,ASO,CE,Combined TRACON& Tower with Radar,31,24,21,29,105,0,2,10,4,16,31,26,31,33,121,11,56,67,188
10/14/2017,JAN,MS,ASO,CE,Combined TRACON& Tower with Radar,19,17,9,7,52,0,0,9,3,12,19,17,18,10,64,2,12,14,78
10/15/2017,JAN,MS,ASO,CE,Combined TRACON& Tower with Radar,22,21,11,4,58,0,3,0,1,4,22,24,11,5,62,0,4,4,66
10/16/2017,JAN,MS,ASO,CE,Combined TRACON& Tower with Radar,30,29,18,15,92,0,0,6,1,7,30,29,24,16,99,2,70,72,171
10/17/2017,JAN,MS,ASO,CE,Combined TRACON& Tower with Radar,29,23,18,19,89,0,0,3,0,3,29,23,21,19,92,0,46,46,138
10/18/2017,JAN,MS,ASO,CE,Combined TRACON& Tower with Radar,30,25,31,29,115,0,1,4,2,7,30,26,35,31,122,4,64,68,190
10/19/2017,JAN,MS,ASO,CE,Combined TRACON& Tower with Radar,30,60,28,26,144,0,0,6,0,6,30,60,34,26,150,6,122,128,278
10/20/2017,JAN,MS,ASO,CE,Combined TRACON& Tower with Radar,33,18,26,30,107,0,2,4,0,6,33,20,30,30,113,4,84,88,201
10/21/2017,JAN,MS,ASO,CE,Combined TRACON& Tower with Radar,19,18,13,0,50,0,3,1,3,7,19,21,14,3,57,0,0,0,57
10/22/2017,JAN,MS,ASO,CE,Combined TRACON& Tower with Radar,27,13,24,4,68,0,0,1,0,1,27,13,25,4,69,0,0,0,69
10/23/2017,JAN,MS,ASO,CE,Combined TRACON& Tower with Radar,28,27,14,12,81,0,2,4,1,7,28,29,18,13,88,1,30,31,119
10/24/2017,JAN,MS,ASO,CE,Combined TRACON& Tower with Radar,32,29,37,17,115,0,0,8,3,11,32,29,45,20,126,8,50,58,184
10/25/2017,JAN,MS,ASO,CE,Combined TRACON& Tower with Radar,30,28,42,14,114,0,1,11,3,15,30,29,53,17,129,4,72,76,205
10/26/2017,JAN,MS,ASO,CE,Combined TRACON& Tower with Radar,30,24,46,24,124,0,0,5,2,7,30,24,51,26,131,10,42,52,183
10/27/2017,JAN,MS,ASO,CE,Combined TRACON& Tower with Radar,30,23,23,23,99,0,0,2,0,2,30,23,25,23,101,0,70,70,171
10/28/2017,JAN,MS,ASO,CE,Combined TRACON& Tower with Radar,19,16,10,12,57,0,1,4,0,5,19,17,14,12,62,0,4,4,66
10/29/2017,JAN,MS,ASO,CE,Combined TRACON& Tower with Radar,25,22,19,10,76,0,4,6,2,12,25,26,25,12,88,0,29,29,117
10/30/2017,JAN,MS,ASO,CE,Combined TRACON& Tower with Radar,31,22,21,18,92,0,1,7,0,8,31,23,28,18,100,10,14,24,124
10/31/2017,JAN,MS,ASO,CE,Combined TRACON& Tower with Radar,30,20,18,24,92,0,1,2,1,4,30,21,20,25,96,0,80,80,176
11/01/2017,JAN,MS,ASO,CE,Combined TRACON& Tower with Radar,30,27,21,23,101,0,0,0,1,1,30,27,21,24,102,0,14,14,116
11/02/2017,JAN,MS,ASO,CE,Combined TRACON& Tower with Radar,30,22,27,15,94,0,2,3,0,5,30,24,30,15,99,0,6,6,105
11/03/2017,JAN,MS,ASO,CE,Combined TRACON& Tower with Radar,31,26,19,32,108,0,0,1,0,1,31,26,20,32,109,0,56,56,165
11/04/2017,JAN,MS,ASO,CE,Combined TRACON& Tower with Radar,19,21,7,3,50,0,0,1,0,1,19,21,8,3,51,2,0,2,53
11/05/2017,JAN,MS,ASO,CE,Combined TRACON& Tower with Radar,23,21,15,14,73,0,0,2,2,4,23,21,17,16,77,4,18,22,99
11/06/2017,JAN,MS,ASO,CE,Combined TRACON& Tower with Radar,33,25,14,31,103,0,3,3,0,6,33,28,17,31,109,0,110,110,219
11/07/2017,JAN,MS,ASO,CE,Combined TRACON& Tower with Radar,28,22,27,30,107,0,1,3,1,5,28,23,30,31,112,0,38,38,150
11/08/2017,JAN,MS,ASO,CE,Combined TRACON& Tower with Radar,28,22,24,19,93,0,0,0,0,0,28,22,24,19,93,0,30,30,123
11/09/2017,JAN,MS,ASO,CE,Combined TRACON& Tower with Radar,28,29,41,21,119,0,2,4,2,8,28,31,45,23,127,6,40,46,173
11/10/2017,JAN,MS,ASO,CE,Combined TRACON& Tower with Radar,29,22,19,0,70,0,3,3,0,6,29,25,22,0,76,0,0,0,76
11/11/2017,JAN,MS,ASO,CE,Combined TRACON& Tower with Radar,19,15,4,0,38,0,0,6,0,6,19,15,10,0,44,18,0,18,62
11/12/2017,JAN,MS,ASO,CE,Combined TRACON& Tower with Radar,23,23,12,0,58,0,0,2,0,2,23,23,14,0,60,0,0,0,60
11/13/2017,JAN,MS,ASO,CE,Combined TRACON& Tower with Radar,28,22,17,9,76,0,2,4,0,6,28,24,21,9,82,14,78,92,174
11/14/2017,JAN,MS,ASO,CE,Combined TRACON& Tower with Radar,28,26,19,23,96,0,0,1,1,2,28,26,20,24,98,0,126,126,224
11/15/2017,JAN,MS,ASO,CE,Combined TRACON& Tower with Radar,27,25,30,36,118,0,0,4,3,7,27,25,34,39,125,8,107,115,240
11/16/2017,JAN,MS,ASO,CE,Combined TRACON& Tower with Radar,28,38,38,12,116,0,2,4,0,6,28,40,42,12,122,4,128,132,254
11/17/2017,JAN,MS,ASO,CE,Combined TRACON& Tower with Radar,29,25,17,54,125,0,2,4,0,6,29,27,21,54,131,0,114,114,245
11/18/2017,JAN,MS,ASO,CE,Combined TRACON& Tower with Radar,21,22,13,11,67,0,0,2,1,3,21,22,15,12,70,0,38,38,108
11/19/2017,JAN,MS,ASO,CE,Combined TRACON& Tower with Radar,22,20,13,23,78,0,1,7,0,8,22,21,20,23,86,2,71,73,159
11/20/2017,JAN,MS,ASO,CE,Combined TRACON& Tower with Radar,24,22,22,49,117,0,2,8,0,10,24,24,30,49,127,0,154,154,281
11/21/2017,JAN,MS,ASO,CE,Combined TRACON& Tower with Radar,29,24,19,28,100,0,1,4,0,5,29,25,23,28,105,0,78,78,183
11/22/2017,JAN,MS,ASO,CE,Combined TRACON& Tower with Radar,27,29,16,3,75,0,1,7,0,8,27,30,23,3,83,0,72,72,155
11/23/2017,JAN,MS,ASO,CE,Combined TRACON& Tower with Radar,14,11,1,1,27,0,0,1,0,1,14,11,2,1,28,0,0,0,28
11/24/2017,JAN,MS,ASO,CE,Combined TRACON& Tower with Radar,21,16,11,0,48,0,1,3,0,4,21,17,14,0,52,2,0,2,54
11/25/2017,JAN,MS,ASO,CE,Combined TRACON& Tower with Radar,25,19,11,0,55,0,1,5,0,6,25,20,16,0,61,2,0,2,63
11/26/2017,JAN,MS,ASO,CE,Combined TRACON& Tower with Radar,25,26,15,0,66,0,2,3,0,5,25,28,18,0,71,0,0,0,71
11/27/2017,JAN,MS,ASO,CE,Combined TRACON& Tower with Radar,29,30,18,27,104,0,0,1,2,3,29,30,19,29,107,4,98,102,209
11/28/2017,JAN,MS,ASO,CE,Combined TRACON& Tower with Radar,29,22,31,19,101,0,0,8,0,8,29,22,39,19,109,0,86,86,195
11/29/2017,JAN,MS,ASO,CE,Combined TRACON& Tower with Radar,29,46,21,27,123,0,2,3,5,10,29,48,24,32,133,0,86,86,219
11/30/2017,JAN,MS,ASO,CE,Combined TRACON& Tower with Radar,32,19,25,33,109,0,0,2,5,7,32,19,27,38,116,2,120,122,238
12/01/2017,JAN,MS,ASO,CE,Combined TRACON& Tower with Radar,30,28,25,29,112,0,0,4,6,10,30,28,29,35,122,0,179,179,301
12/02/2017,JAN,MS,ASO,CE,Combined TRACON& Tower with Radar,19,14,10,14,57,0,0,5,0,5,19,14,15,14,62,0,8,8,70
12/03/2017,JAN,MS,ASO,CE,Combined TRACON& Tower with Radar,21,21,9,18,69,0,0,2,0,2,21,21,11,18,71,0,14,14,85
12/04/2017,JAN,MS,ASO,CE,Combined TRACON& Tower with Radar,27,20,40,23,110,0,0,3,1,4,27,20,43,24,114,4,26,30,144
12/05/2017,JAN,MS,ASO,CE,Combined TRACON& Tower with Radar,28,24,16,27,95,0,0,0,0,0,28,24,16,27,95,0,26,26,121
12/06/2017,JAN,MS,ASO,CE,Combined TRACON& Tower with Radar,30,25,32,47,134,0,0,1,2,3,30,25,33,49,137,0,100,100,237
12/07/2017,JAN,MS,ASO,CE,Combined TRACON& Tower with Radar,30,22,10,30,92,0,3,3,6,12,30,25,13,36,104,12,93,105,209
12/08/2017,JAN,MS,ASO,CE,Combined TRACON& Tower with Radar,14,22,10,1,47,0,0,2,0,2,14,22,12,1,49,0,0,0,49
12/09/2017,JAN,MS,ASO,CE,Combined TRACON& Tower with Radar,17,12,3,6,38,0,2,2,0,4,17,14,5,6,42,0,2,2,44
12/10/2017,JAN,MS,ASO,CE,Combined TRACON& Tower with Radar,21,22,10,13,66,0,0,4,2,6,21,22,14,15,72,4,12,16,88
12/11/2017,JAN,MS,ASO,CE,Combined TRACON& Tower with Radar,31,32,18,28,109,0,1,1,3,5,31,33,19,31,114,0,110,110,224
12/12/2017,JAN,MS,ASO,CE,Combined TRACON& Tower with Radar,30,28,28,35,121,0,6,6,4,16,30,34,34,39,137,2,188,190,327
12/13/2017,JAN,MS,ASO,CE,Combined TRACON& Tower with Radar,29,26,20,37,112,0,0,3,4,7,29,26,23,41,119,2,128,130,249
12/14/2017,JAN,MS,ASO,CE,Combined TRACON& Tower with Radar,28,41,24,44,137,0,2,7,0,9,28,43,31,44,146,6,156,162,308
12/15/2017,JAN,MS,ASO,CE,Combined TRACON& Tower with Radar,24,25,13,30,92,0,0,2,3,5,24,25,15,33,97,0,144,144,241
12/16/2017,JAN,MS,ASO,CE,Combined TRACON& Tower with Radar,19,23,12,13,67,0,0,1,0,1,19,23,13,13,68,0,12,12,80
12/17/2017,JAN,MS,ASO,CE,Combined TRACON& Tower with Radar,13,33,8,7,61,0,0,0,0,0,13,33,8,7,61,0,8,8,69
12/18/2017,JAN,MS,ASO,CE,Combined TRACON& Tower with Radar,24,29,13,16,82,0,0,0,0,0,24,29,13,16,82,0,14,14,96
12/19/2017,JAN,MS,ASO,CE,Combined TRACON& Tower with Radar,30,26,13,7,76,0,1,1,4,6,30,27,14,11,82,0,20,20,102
12/20/2017,JAN,MS,ASO,CE,Combined TRACON& Tower with Radar,29,28,15,34,106,0,0,3,2,5,29,28,18,36,111,0,144,144,255
12/21/2017,JAN,MS,ASO,CE,Combined TRACON& Tower with Radar,30,31,22,39,122,0,0,6,1,7,30,31,28,40,129,0,118,118,247
12/22/2017,JAN,MS,ASO,CE,Combined TRACON& Tower with Radar,24,34,18,16,92,0,0,2,0,2,24,34,20,16,94,0,30,30,124
12/23/2017,JAN,MS,ASO,CE,Combined TRACON& Tower with Radar,18,27,11,0,56,0,1,0,0,1,18,28,11,0,57,0,0,0,57
12/24/2017,JAN,MS,ASO,CE,Combined TRACON& Tower with Radar,14,22,2,0,38,0,0,3,0,3,14,22,5,0,41,0,0,0,41
12/25/2017,JAN,MS,ASO,CE,Combined TRACON& Tower with Radar,16,24,1,0,41,0,2,3,0,5,16,26,4,0,46,0,0,0,46
12/26/2017,JAN,MS,ASO,CE,Combined TRACON& Tower with Radar,23,31,11,0,65,0,0,3,0,3,23,31,14,0,68,2,0,2,70
12/27/2017,JAN,MS,ASO,CE,Combined TRACON& Tower with Radar,25,31,25,6,87,0,0,4,0,4,25,31,29,6,91,0,4,4,95
12/28/2017,JAN,MS,ASO,CE,Combined TRACON& Tower with Radar,24,30,13,5,72,0,1,6,0,7,24,31,19,5,79,2,2,4,83
12/29/2017,JAN,MS,ASO,CE,Combined TRACON& Tower with Radar,24,32,17,2,75,0,2,0,0,2,24,34,17,2,77,4,0,4,81
12/30/2017,JAN,MS,ASO,CE,Combined TRACON& Tower with Radar,18,25,18,0,61,0,0,1,0,1,18,25,19,0,62,0,0,0,62
12/31/2017,JAN,MS,ASO,CE,Combined TRACON& Tower with Radar,12,16,5,2,35,0,0,0,0,0,12,16,5,2,35,0,0,0,35
01/01/2018,JAN,MS,ASO,CE,Combined TRACON& Tower with Radar,12,29,9,0,50,0,1,2,0,3,12,30,11,0,53,0,0,0,53
01/02/2018,JAN,MS,ASO,CE,Combined TRACON& Tower with Radar,23,31,23,8,85,0,1,6,1,8,23,32,29,9,93,0,28,28,121
01/03/2018,JAN,MS,ASO,CE,Combined TRACON& Tower with Radar,22,28,16,14,80,0,1,4,2,7,22,29,20,16,87,4,44,48,135
01/04/2018,JAN,MS,ASO,CE,Combined TRACON& Tower with Radar,22,21,13,27,83,0,0,0,0,0,22,21,13,27,83,12,60,72,155
01/05/2018,JAN,MS,ASO,CE,Combined TRACON& Tower with Radar,22,26,18,31,97,0,2,1,2,5,22,28,19,33,102,0,72,72,174
01/06/2018,JAN,MS,ASO,CE,Combined TRACON& Tower with Radar,16,14,6,31,67,0,1,3,1,5,16,15,9,32,72,0,36,36,108
01/07/2018,JAN,MS,ASO,CE,Combined TRACON& Tower with Radar,20,21,4,37,82,0,2,2,7,11,20,23,6,44,93,0,50,50,143
01/08/2018,JAN,MS,ASO,CE,Combined TRACON& Tower with Radar,21,23,8,3,55,0,0,0,0,0,21,23,8,3,55,0,2,2,57
01/09/2018,JAN,MS,ASO,CE,Combined TRACON& Tower with Radar,22,24,18,12,76,0,0,0,0,0,22,24,18,12,76,0,8,8,84
01/10/2018,JAN,MS,ASO,CE,Combined TRACON& Tower with Radar,23,23,33,28,107,0,0,0,0,0,23,23,33,28,107,0,38,38,145
01/11/2018,JAN,MS,ASO,CE,Combined TRACON& Tower with Radar,21,28,28,14,91,0,2,0,0,2,21,30,28,14,93,0,22,22,115
01/12/2018,JAN,MS,ASO,CE,Combined TRACON& Tower with Radar,22,25,25,2,74,0,1,1,3,5,22,26,26,5,79,0,0,0,79
01/13/2018,JAN,MS,ASO,CE,Combined TRACON& Tower with Radar,18,12,1,0,31,0,0,2,2,4,18,12,3,2,35,0,0,0,35
01/14/2018,JAN,MS,ASO,CE,Combined TRACON& Tower with Radar,17,19,18,3,57,0,0,4,2,6,17,19,22,5,63,8,10,18,81
01/15/2018,JAN,MS,ASO,CE,Combined TRACON& Tower with Radar,20,23,20,0,63,0,2,7,1,10,20,25,27,1,73,4,4,8,81
01/16/2018,JAN,MS,ASO,CE,Combined TRACON& Tower with Radar,21,16,7,1,45,0,0,0,0,0,21,16,7,1,45,0,0,0,45
01/17/2018,JAN,MS,ASO,CE,Combined TRACON& Tower with Radar,14,25,15,3,57,0,3,0,0,3,14,28,15,3,60,0,6,6,66
01/18/2018,JAN,MS,ASO,CE,Combined TRACON& Tower with Radar,19,25,28,43,115,0,1,1,10,12,19,26,29,53,127,0,226,226,353
01/19/2018,JAN,MS,ASO,CE,Combined TRACON& Tower with Radar,22,25,20,24,91,0,0,12,2,14,22,25,32,26,105,0,88,88,193
01/20/2018,JAN,MS,ASO,CE,Combined TRACON& Tower with Radar,16,14,5,5,40,0,0,6,0,6,16,14,11,5,46,0,52,52,98
01/21/2018,JAN,MS,ASO,CE,Combined TRACON& Tower with Radar,21,26,10,16,73,0,3,4,0,7,21,29,14,16,80,0,44,44,124
01/22/2018,JAN,MS,ASO,CE,Combined TRACON& Tower with Radar,25,32,21,16,94,0,2,1,2,5,25,34,22,18,99,0,106,106,205
01/23/2018,JAN,MS,ASO,CE,Combined TRACON& Tower with Radar,23,22,20,18,83,0,2,0,2,4,23,24,20,20,87,0,84,84,171
01/24/2018,JAN,MS,ASO,CE,Combined TRACON& Tower with Radar,22,31,34,19,106,0,0,2,0,2,22,31,36,19,108,0,112,112,220
01/25/2018,JAN,MS,ASO,CE,Combined TRACON& Tower with Radar,22,25,21,89,157,0,2,4,0,6,22,27,25,89,163,1,226,227,390
01/26/2018,JAN,MS,ASO,CE,Combined TRACON& Tower with Radar,23,32,24,34,113,0,1,2,1,4,23,33,26,35,117,10,96,106,223
01/27/2018,JAN,MS,ASO,CE,Combined TRACON& Tower with Radar,16,12,2,4,34,0,0,1,0,1,16,12,3,4,35,0,0,0,35
01/28/2018,JAN,MS,ASO,CE,Combined TRACON& Tower with Radar,23,21,10,5,59,0,0,0,0,0,23,21,10,5,59,0,0,0,59
01/29/2018,JAN,MS,ASO,CE,Combined TRACON& Tower with Radar,34,32,20,13,99,0,2,2,0,4,34,34,22,13,103,0,100,100,203
01/30/2018,JAN,MS,ASO,CE,Combined TRACON& Tower with Radar,23,27,18,23,91,0,0,9,1,10,23,27,27,24,101,16,124,140,241
01/31/2018,JAN,MS,ASO,CE,Combined TRACON& Tower with Radar,22,29,22,27,100,0,0,9,3,12,22,29,31,30,112,6,154,160,272
02/01/2018,JAN,MS,ASO,CE,Combined TRACON& Tower with Radar,22,25,26,38,111,0,3,0,0,3,22,28,26,38,114,0,98,98,212
02/02/2018,JAN,MS,ASO,CE,Combined TRACON& Tower with Radar,23,28,22,27,100,0,3,7,2,12,23,31,29,29,112,3,94,97,209
02/03/2018,JAN,MS,ASO,CE,Combined TRACON& Tower with Radar,14,13,4,8,39,0,0,0,0,0,14,13,4,8,39,0,44,44,83
02/04/2018,JAN,MS,ASO,CE,Combined TRACON& Tower with Radar,16,18,5,18,57,0,0,0,0,0,16,18,5,18,57,2,2,4,61
02/05/2018,JAN,MS,ASO,CE,Combined TRACON& Tower with Radar,22,26,17,24,89,0,0,5,0,5,22,26,22,24,94,2,144,146,240
02/06/2018,JAN,MS,ASO,CE,Combined TRACON& Tower with Radar,23,26,22,13,84,0,1,2,0,3,23,27,24,13,87,0,50,50,137
02/07/2018,JAN,MS,ASO,CE,Combined TRACON& Tower with Radar,22,24,43,23,112,0,0,0,0,0,22,24,43,23,112,0,32,32,144
02/08/2018,JAN,MS,ASO,CE,Combined TRACON& Tower with Radar,22,25,28,19,94,0,1,7,0,8,22,26,35,19,102,0,150,150,252
02/09/2018,JAN,MS,ASO,CE,Combined TRACON& Tower with Radar,23,30,14,17,84,0,0,0,0,0,23,30,14,17,84,0,80,80,164
02/10/2018,JAN,MS,ASO,CE,Combined TRACON& Tower with Radar,16,13,8,2,39,0,0,0,0,0,16,13,8,2,39,0,0,0,39
02/11/2018,JAN,MS,ASO,CE,Combined TRACON& Tower with Radar,19,20,18,0,57,0,0,0,0,0,19,20,18,0,57,0,0,0,57
02/12/2018,JAN,MS,ASO,CE,Combined TRACON& Tower with Radar,23,19,15,1,58,0,0,2,2,4,23,19,17,3,62,2,0,2,64
02/13/2018,JAN,MS,ASO,CE,Combined TRACON& Tower with Radar,23,27,27,27,104,0,0,0,0,0,23,27,27,27,104,0,34,34,138
02/14/2018,JAN,MS,ASO,CE,Combined TRACON& Tower with Radar,20,25,32,28,105,0,1,1,0,2,20,26,33,28,107,0,48,48,155
02/15/2018,JAN,MS,ASO,CE,Combined TRACON& Tower with Radar,22,31,32,22,107,0,0,1,0,1,22,31,33,22,108,0,56,56,164
02/16/2018,JAN,MS,ASO,CE,Combined TRACON& Tower with Radar,25,32,25,7,89,0,1,0,0,1,25,33,25,7,90,0,40,40,130
02/17/2018,JAN,MS,ASO,CE,Combined TRACON& Tower with Radar,18,13,7,3,41,0,0,1,0,1,18,13,8,3,42,0,0,0,42
02/18/2018,JAN,MS,ASO,CE,Combined TRACON& Tower with Radar,17,19,10,0,46,0,0,1,0,1,17,19,11,0,47,0,0,0,47
02/19/2018,JAN,MS,ASO,CE,Combined TRACON& Tower with Radar,22,24,18,0,64,0,1,1,0,2,22,25,19,0,66,0,0,0,66
02/20/2018,JAN,MS,ASO,CE,Combined TRACON& Tower with Radar,19,22,26,35,102,0,0,1,0,1,19,22,27,35,103,2,148,150,253
02/21/2018,JAN,MS,ASO,CE,Combined TRACON& Tower with Radar,24,24,18,25,91,0,0,1,1,2,24,24,19,26,93,0,52,52,145
02/22/2018,JAN,MS,ASO,CE,Combined TRACON& Tower with Radar,21,29,14,47,111,0,6,1,2,9,21,35,15,49,120,0,118,118,238
02/23/2018,JAN,MS,ASO,CE,Combined TRACON& Tower with Radar,23,31,26,10,90,0,1,1,1,3,23,32,27,11,93,4,8,12,105
02/24/2018,JAN,MS,ASO,CE,Combined TRACON& Tower with Radar,19,17,16,3,55,0,0,1,0,1,19,17,17,3,56,6,0,6,62
02/25/2018,JAN,MS,ASO,CE,Combined TRACON& Tower with Radar,20,29,14,18,81,0,0,0,0,0,20,29,14,18,81,0,18,18,99
02/26/2018,JAN,MS,ASO,CE,Combined TRACON& Tower with Radar,22,32,25,14,93,0,1,4,0,5,22,33,29,14,98,6,62,68,166
02/27/2018,JAN,MS,ASO,CE,Combined TRACON& Tower with Radar,24,24,26,40,114,0,0,4,1,5,24,24,30,41,119,0,80,80,199
02/28/2018,JAN,MS,ASO,CE,Combined TRACON& Tower with Radar,21,28,28,44,121,0,0,2,1,3,21,28,30,45,124,20,120,140,264
03/01/2018,JAN,MS,ASO,CE,Combined TRACON& Tower with Radar,20,24,16,50,110,0,1,2,0,3,20,25,18,50,113,0,112,112,225
03/02/2018,JAN,MS,ASO,CE,Combined TRACON& Tower with Radar,23,29,15,30,97,0,1,10,3,14,23,30,25,33,111,2,176,178,289
03/03/2018,JAN,MS,ASO,CE,Combined TRACON& Tower with Radar,18,22,4,9,53,0,0,1,0,1,18,22,5,9,54,6,4,10,64
03/04/2018,JAN,MS,ASO,CE,Combined TRACON& Tower with Radar,23,21,9,3,56,0,1,5,0,6,23,22,14,3,62,2,0,2,64
03/05/2018,JAN,MS,ASO,CE,Combined TRACON& Tower with Radar,24,22,19,34,99,0,0,1,0,1,24,22,20,34,100,0,120,120,220
03/06/2018,JAN,MS,ASO,CE,Combined TRACON& Tower with Radar,31,22,19,28,100,0,0,5,0,5,31,22,24,28,105,6,170,176,281
03/07/2018,JAN,MS,ASO,CE,Combined TRACON& Tower with Radar,24,25,33,21,103,0,1,1,0,2,24,26,34,21,105,14,94,108,213
03/08/2018,JAN,MS,ASO,CE,Combined TRACON& Tower with Radar,26,25,29,36,116,0,1,8,1,10,26,26,37,37,126,0,190,190,316
03/09/2018,JAN,MS,ASO,CE,Combined TRACON& Tower with Radar,25,22,26,60,133,0,0,5,3,8,25,22,31,63,141,14,176,190,331
03/10/2018,JAN,MS,ASO,CE,Combined TRACON& Tower with Radar,17,19,10,0,46,0,1,0,0,1,17,20,10,0,47,0,0,0,47
03/11/2018,JAN,MS,ASO,CE,Combined TRACON& Tower with Radar,24,22,6,1,53,0,2,0,0,2,24,24,6,1,55,0,2,2,57
03/12/2018,JAN,MS,ASO,CE,Combined TRACON& Tower with Radar,33,26,17,14,90,0,0,6,2,8,33,26,23,16,98,2,88,90,188
03/13/2018,JAN,MS,ASO,CE,Combined TRACON& Tower with Radar,24,30,10,20,84,0,0,6,3,9,24,30,16,23,93,0,162,162,255
03/14/2018,JAN,MS,ASO,CE,Combined TRACON& Tower with Radar,34,26,36,28,124,0,1,1,1,3,34,27,37,29,127,15,125,140,267
03/15/2018,JAN,MS,ASO,CE,Combined TRACON& Tower with Radar,26,32,12,17,87,0,1,8,0,9,26,33,20,17,96,12,66,78,174
03/16/2018,JAN,MS,ASO,CE,Combined TRACON& Tower with Radar,27,22,16,12,77,0,0,0,0,0,27,22,16,12,77,4,14,18,95
03/17/2018,JAN,MS,ASO,CE,Combined TRACON& Tower with Radar,18,14,7,7,46,0,0,2,0,2,18,14,9,7,48,2,4,6,54
03/18/2018,JAN,MS,ASO,CE,Combined TRACON& Tower with Radar,25,20,7,5,57,0,0,0,0,0,25,20,7,5,57,0,6,6,63
03/19/2018,JAN,MS,ASO,CE,Combined TRACON& Tower with Radar,26,42,23,39,130,0,0,1,0,1,26,42,24,39,131,0,42,42,173
03/20/2018,JAN,MS,ASO,CE,Combined TRACON& Tower with Radar,29,18,15,25,87,0,0,1,0,1,29,18,16,25,88,0,78,78,166
03/21/2018,JAN,MS,ASO,CE,Combined TRACON& Tower with Radar,30,23,29,38,120,0,0,1,1,2,30,23,30,39,122,0,127,127,249
03/22/2018,JAN,MS,ASO,CE,Combined TRACON& Tower with Radar,24,27,19,45,115,0,1,7,3,11,24,28,26,48,126,0,106,106,232
03/23/2018,JAN,MS,ASO,CE,Combined TRACON& Tower with Radar,26,24,19,21,90,0,0,8,0,8,26,24,27,21,98,0,72,72,170
03/24/2018,JAN,MS,ASO,CE,Combined TRACON& Tower with Radar,26,19,3,2,50,0,4,3,0,7,26,23,6,2,57,0,0,0,57
03/25/2018,JAN,MS,ASO,CE,Combined TRACON& Tower with Radar,22,23,14,5,64,0,0,2,0,2,22,23,16,5,66,2,6,8,74
03/26/2018,JAN,MS,ASO,CE,Combined TRACON& Tower with Radar,25,27,19,20,91,0,0,4,2,6,25,27,23,22,97,4,26,30,127
03/27/2018,JAN,MS,ASO,CE,Combined TRACON& Tower with Radar,33,43,23,35,134,0,0,3,0,3,33,43,26,35,137,0,51,51,188
03/28/2018,JAN,MS,ASO,CE,Combined TRACON& Tower with Radar,24,26,21,15,86,0,2,2,0,4,24,28,23,15,90,2,16,18,108
03/29/2018,JAN,MS,ASO,CE,Combined TRACON& Tower with Radar,24,27,27,22,100,0,0,2,0,2,24,27,29,22,102,0,116,116,218
03/30/2018,JAN,MS,ASO,CE,Combined TRACON& Tower with Radar,26,24,10,16,76,0,1,5,1,7,26,25,15,17,83,0,74,74,157
03/31/2018,JAN,MS,ASO,CE,Combined TRACON& Tower with Radar,16,16,9,1,42,0,1,2,0,3,16,17,11,1,45,6,0,6,51
04/01/2018,JAN,MS,ASO,CE,Combined TRACON& Tower with Radar,23,19,14,1,57,0,3,0,0,3,23,22,14,1,60,0,0,0,60
04/02/2018,JAN,MS,ASO,CE,Combined TRACON& Tower with Radar,23,23,17,30,93,0,0,2,0,2,23,23,19,30,95,0,116,116,211
04/03/2018,JAN,MS,ASO,CE,Combined TRACON& Tower with Radar,19,30,26,16,91,0,3,4,4,11,19,33,30,20,102,0,48,48,150
04/04/2018,JAN,MS,ASO,CE,Combined TRACON& Tower with Radar,22,31,33,21,107,0,1,2,0,3,22,32,35,21,110,0,92,92,202
04/05/2018,JAN,MS,ASO,CE,Combined TRACON& Tower with Radar,23,24,25,22,94,0,0,6,2,8,23,24,31,24,102,4,38,42,144
04/06/2018,JAN,MS,ASO,CE,Combined TRACON& Tower with Radar,17,27,14,6,64,0,0,0,0,0,17,27,14,6,64,2,0,2,66
04/07/2018,JAN,MS,ASO,CE,Combined TRACON& Tower with Radar,12,27,14,2,55,0,0,0,0,0,12,27,14,2,55,0,0,0,55
04/08/2018,JAN,MS,ASO,CE,Combined TRACON& Tower with Radar,17,32,9,14,72,0,0,5,0,5,17,32,14,14,77,8,26,34,111
04/09/2018,JAN,MS,ASO,CE,Combined TRACON& Tower with Radar,18,33,20,12,83,0,1,5,1,7,18,34,25,13,90,0,68,68,158
04/10/2018,JAN,MS,ASO,CE,Combined TRACON& Tower with Radar,17,33,17,29,96,0,2,8,2,12,17,35,25,31,108,5,66,71,179
04/11/2018,JAN,MS,ASO,CE,Combined TRACON& Tower with Radar,19,38,28,31,116,0,0,6,6,12,19,38,34,37,128,0,93,93,221
04/12/2018,JAN,MS,ASO,CE,Combined TRACON& Tower with Radar,20,33,31,61,145,0,2,3,3,8,20,35,34,64,153,16,120,136,289
04/13/2018,JAN,MS,ASO,CE,Combined TRACON& Tower with Radar,20,32,13,59,124,0,1,1,0,2,20,33,14,59,126,0,57,57,183
04/14/2018,JAN,MS,ASO,CE,Combined TRACON& Tower with Radar,13,25,4,0,42,0,0,0,0,0,13,25,4,0,42,0,0,0,42
04/15/2018,JAN,MS,ASO,CE,Combined TRACON& Tower with Radar,16,34,8,8,66,0,5,2,5,12,16,39,10,13,78,0,16,16,94
04/16/2018,JAN,MS,ASO,CE,Combined TRACON& Tower with Radar,18,28,16,14,76,0,2,6,2,10,18,30,22,16,86,6,58,64,150
04/17/2018,JAN,MS,ASO,CE,Combined TRACON& Tower with Radar,17,32,26,20,95,0,0,10,3,13,17,32,36,23,108,6,36,42,150
04/18/2018,JAN,MS,ASO,CE,Combined TRACON& Tower with Radar,19,33,23,28,103,0,1,2,1,4,19,34,25,29,107,2,130,132,239
04/19/2018,JAN,MS,ASO,CE,Combined TRACON& Tower with Radar,19,35,15,31,100,0,0,3,8,11,19,35,18,39,111,2,34,36,147
04/20/2018,JAN,MS,ASO,CE,Combined TRACON& Tower with Radar,20,37,29,9,95,0,5,7,1,13,20,42,36,10,108,16,36,52,160
04/21/2018,JAN,MS,ASO,CE,Combined TRACON& Tower with Radar,10,30,9,1,50,0,1,2,2,5,10,31,11,3,55,2,0,2,57
04/22/2018,JAN,MS,ASO,CE,Combined TRACON& Tower with Radar,17,33,15,5,70,0,0,1,1,2,17,33,16,6,72,0,0,0,72
04/23/2018,JAN,MS,ASO,CE,Combined TRACON& Tower with Radar,18,31,31,51,131,0,4,4,6,14,18,35,35,57,145,2,148,150,295
04/24/2018,JAN,MS,ASO,CE,Combined TRACON& Tower with Radar,17,36,24,12,89,0,0,8,0,8,17,36,32,12,97,4,54,58,155
04/25/2018,JAN,MS,ASO,CE,Combined TRACON& Tower with Radar,19,35,23,16,93,0,3,9,2,14,19,38,32,18,107,6,74,80,187
04/26/2018,JAN,MS,ASO,CE,Combined TRACON& Tower with Radar,23,34,26,27,110,0,1,7,0,8,23,35,33,27,118,4,13,17,135
04/27/2018,JAN,MS,ASO,CE,Combined TRACON& Tower with Radar,20,33,21,8,82,0,0,6,0,6,20,33,27,8,88,8,28,36,124
04/28/2018,JAN,MS,ASO,CE,Combined TRACON& Tower with Radar,11,25,12,0,48,0,0,2,1,3,11,25,14,1,51,6,18,24,75
04/29/2018,JAN,MS,ASO,CE,Combined TRACON& Tower with Radar,17,30,8,0,55,0,1,1,0,2,17,31,9,0,57,14,4,18,75
04/30/2018,JAN,MS,ASO,CE,Combined TRACON& Tower with Radar,24,38,25,26,113,0,2,2,0,4,24,40,27,26,117,14,122,136,253
05/01/2018,JAN,MS,ASO,CE,Combined TRACON& Tower with Radar,20,50,19,25,114,0,1,2,2,5,20,51,21,27,119,12,80,92,211
05/02/2018,JAN,MS,ASO,CE,Combined TRACON& Tower with Radar,20,29,27,33,109,0,2,4,2,8,20,31,31,35,117,0,72,72,189
05/03/2018,JAN,MS,ASO,CE,Combined TRACON& Tower with Radar,18,44,21,22,105,0,1,3,0,4,18,45,24,22,109,2,104,106,215
05/04/2018,JAN,MS,ASO,CE,Combined TRACON& Tower with Radar,27,31,17,11,86,0,0,2,0,2,27,31,19,11,88,0,82,82,170
05/05/2018,JAN,MS,ASO,CE,Combined TRACON& Tower with Radar,18,22,9,0,49,0,0,1,0,1,18,22,10,0,50,0,0,0,50
05/06/2018,JAN,MS,ASO,CE,Combined TRACON& Tower with Radar,25,29,17,6,77,0,1,5,1,7,25,30,22,7,84,0,22,22,106
05/07/2018,JAN,MS,ASO,CE,Combined TRACON& Tower with Radar,27,21,30,4,82,0,1,5,0,6,27,22,35,4,88,10,28,38,126
05/08/2018,JAN,MS,ASO,CE,Combined TRACON& Tower with Radar,27,33,16,30,106,0,2,2,3,7,27,35,18,33,113,0,82,82,195
05/09/2018,JAN,MS,ASO,CE,Combined TRACON& Tower with Radar,27,21,30,24,102,0,1,8,0,9,27,22,38,24,111,6,66,72,183
05/10/2018,JAN,MS,ASO,CE,Combined TRACON& Tower with Radar,26,22,24,21,93,0,2,4,2,8,26,24,28,23,101,10,28,38,139
05/11/2018,JAN,MS,ASO,CE,Combined TRACON& Tower with Radar,28,28,21,8,85,0,0,2,2,4,28,28,23,10,89,0,24,24,113
05/12/2018,JAN,MS,ASO,CE,Combined TRACON& Tower with Radar,20,20,9,3,52,0,0,5,1,6,20,20,14,4,58,4,2,6,64
05/13/2018,JAN,MS,ASO,CE,Combined TRACON& Tower with Radar,23,26,10,4,63,0,1,1,1,3,23,27,11,5,66,0,6,6,72
05/14/2018,JAN,MS,ASO,CE,Combined TRACON& Tower with Radar,26,25,18,2,71,0,2,7,0,9,26,27,25,2,80,2,0,2,82
05/15/2018,JAN,MS,ASO,CE,Combined TRACON& Tower with Radar,27,25,24,30,106,0,0,0,3,3,27,25,24,33,109,0,71,71,180
05/16/2018,JAN,MS,ASO,CE,Combined TRACON& Tower with Radar,29,38,30,29,126,0,0,2,0,2,29,38,32,29,128,1,82,83,211
05/17/2018,JAN,MS,ASO,CE,Combined TRACON& Tower with Radar,27,30,41,12,110,0,1,2,0,3,27,31,43,12,113,14,90,104,217
05/18/2018,JAN,MS,ASO,CE,Combined TRACON& Tower with Radar,31,22,21,29,103,0,0,6,0,6,31,22,27,29,109,2,48,50,159
05/19/2018,JAN,MS,ASO,CE,Combined TRACON& Tower with Radar,18,22,7,23,70,0,0,6,0,6,18,22,13,23,76,6,26,32,108
05/20/2018,JAN,MS,ASO,CE,Combined TRACON& Tower with Radar,23,25,19,26,93,0,1,0,1,2,23,26,19,27,95,0,36,36,131
05/21/2018,JAN,MS,ASO,CE,Combined TRACON& Tower with Radar,27,27,30,27,111,0,0,0,0,0,27,27,30,27,111,0,64,64,175
05/22/2018,JAN,MS,ASO,CE,Combined TRACON& Tower with Radar,27,28,20,29,104,0,1,2,0,3,27,29,22,29,107,0,102,102,209
05/23/2018,JAN,MS,ASO,CE,Combined TRACON& Tower with Radar,26,27,21,5,79,0,0,1,1,2,26,27,22,6,81,2,52,54,135
05/24/2018,JAN,MS,ASO,CE,Combined TRACON& Tower with Radar,29,24,20,16,89,0,1,0,0,1,29,25,20,16,90,6,10,16,106
05/25/2018,JAN,MS,ASO,CE,Combined TRACON& Tower with Radar,29,22,15,2,68,0,1,0,1,2,29,23,15,3,70,1,0,1,71
05/26/2018,JAN,MS,ASO,CE,Combined TRACON& Tower with Radar,18,22,4,1,45,0,0,4,0,4,18,22,8,1,49,4,0,4,53
05/27/2018,JAN,MS,ASO,CE,Combined TRACON& Tower with Radar,19,18,6,1,44,0,0,2,0,2,19,18,8,1,46,2,0,2,48
05/28/2018,JAN,MS,ASO,CE,Combined TRACON& Tower with Radar,24,21,9,0,54,0,0,1,0,1,24,21,10,0,55,2,0,2,57
05/29/2018,JAN,MS,ASO,CE,Combined TRACON& Tower with Radar,29,34,13,26,102,0,1,3,0,4,29,35,16,26,106,10,110,120,226
05/30/2018,JAN,MS,ASO,CE,Combined TRACON& Tower with Radar,27,23,16,43,109,0,0,0,1,1,27,23,16,44,110,0,92,92,202
05/31/2018,JAN,MS,ASO,CE,Combined TRACON& Tower with Radar,27,23,18,46,114,0,3,5,5,13,27,26,23,51,127,0,182,182,309
06/01/2018,JAN,MS,ASO,CE,Combined TRACON& Tower with Radar,28,22,16,91,157,0,4,2,4,10,28,26,18,95,167,6,146,152,319
06/02/2018,JAN,MS,ASO,CE,Combined TRACON& Tower with Radar,18,45,5,16,84,0,2,2,1,5,18,47,7,17,89,0,62,62,151
06/03/2018,JAN,MS,ASO,CE,Combined TRACON& Tower with Radar,22,25,11,11,69,0,2,7,1,10,22,27,18,12,79,4,8,12,91
06/04/2018,JAN,MS,ASO,CE,Combined TRACON& Tower with Radar,26,23,21,21,91,0,0,6,0,6,26,23,27,21,97,2,22,24,121
06/05/2018,JAN,MS,ASO,CE,Combined TRACON& Tower with Radar,27,27,21,13,88,0,0,0,0,0,27,27,21,13,88,0,22,22,110
06/06/2018,JAN,MS,ASO,CE,Combined TRACON& Tower with Radar,26,30,18,20,94,0,1,1,3,5,26,31,19,23,99,8,72,80,179
06/07/2018,JAN,MS,ASO,CE,Combined TRACON& Tower with Radar,31,36,19,29,115,0,2,8,1,11,31,38,27,30,126,12,28,40,166
06/08/2018,JAN,MS,ASO,CE,Combined TRACON& Tower with Radar,33,23,15,16,87,0,3,4,6,13,33,26,19,22,100,2,18,20,120
06/09/2018,JAN,MS,ASO,CE,Combined TRACON& Tower with Radar,28,16,3,4,51,0,0,5,2,7,28,16,8,6,58,0,15,15,73
06/10/2018,JAN,MS,ASO,CE,Combined TRACON& Tower with Radar,30,20,21,26,97,0,0,1,1,2,30,20,22,27,99,0,14,14,113
06/11/2018,JAN,MS,ASO,CE,Combined TRACON& Tower with Radar,35,41,16,11,103,0,2,2,0,4,35,43,18,11,107,8,26,34,141
06/12/2018,JAN,MS,ASO,CE,Combined TRACON& Tower with Radar,47,21,25,33,126,0,0,0,0,0,47,21,25,33,126,8,42,50,176
06/13/2018,JAN,MS,ASO,CE,Combined TRACON& Tower with Radar,43,21,20,18,102,0,1,3,1,5,43,22,23,19,107,2,20,22,129
06/14/2018,JAN,MS,ASO,CE,Combined TRACON& Tower with Radar,39,37,22,22,120,0,0,0,8,8,39,37,22,30,128,6,32,38,166
06/15/2018,JAN,MS,ASO,CE,Combined TRACON& Tower with Radar,38,26,20,14,98,0,0,0,1,1,38,26,20,15,99,4,18,22,121
06/16/2018,JAN,MS,ASO,CE,Combined TRACON& Tower with Radar,27,12,7,0,46,0,0,2,4,6,27,12,9,4,52,0,0,0,52
06/17/2018,JAN,MS,ASO,CE,Combined TRACON& Tower with Radar,26,19,23,21,89,0,2,3,0,5,26,21,26,21,94,0,34,34,128
06/18/2018,JAN,MS,ASO,CE,Combined TRACON& Tower with Radar,27,18,27,22,94,0,3,1,1,5,27,21,28,23,99,0,42,42,141
06/19/2018,JAN,MS,ASO,CE,Combined TRACON& Tower with Radar,28,24,12,18,82,0,0,1,0,1,28,24,13,18,83,0,36,36,119
06/20/2018,JAN,MS,ASO,CE,Combined TRACON& Tower with Radar,32,19,22,12,85,0,0,5,1,6,32,19,27,13,91,0,18,18,109
06/21/2018,JAN,MS,ASO,CE,Combined TRACON& Tower with Radar,30,22,16,23,91,0,0,1,0,1,30,22,17,23,92,6,28,34,126
06/22/2018,JAN,MS,ASO,CE,Combined TRACON& Tower with Radar,30,22,23,1,76,0,0,2,1,3,30,22,25,2,79,0,0,0,79
06/23/2018,JAN,MS,ASO,CE,Combined TRACON& Tower with Radar,27,17,8,9,61,0,0,0,0,0,27,17,8,9,61,0,16,16,77
06/24/2018,JAN,MS,ASO,CE,Combined TRACON& Tower with Radar,31,22,10,5,68,0,2,1,0,3,31,24,11,5,71,0,4,4,75
06/25/2018,JAN,MS,ASO,CE,Combined TRACON& Tower with Radar,32,27,28,17,104,0,0,8,0,8,32,27,36,17,112,12,32,44,156
06/26/2018,JAN,MS,ASO,CE,Combined TRACON& Tower with Radar,31,27,19,47,124,0,0,3,1,4,31,27,22,48,128,0,110,110,238
06/27/2018,JAN,MS,ASO,CE,Combined TRACON& Tower with Radar,37,22,20,60,139,0,0,1,0,1,37,22,21,60,140,0,115,115,255
06/28/2018,JAN,MS,ASO,CE,Combined TRACON& Tower with Radar,35,27,18,32,112,0,0,2,4,6,35,27,20,36,118,0,86,86,204
06/29/2018,JAN,MS,ASO,CE,Combined TRACON& Tower with Radar,31,22,29,9,91,0,0,1,0,1,31,22,30,9,92,0,2,2,94
06/30/2018,JAN,MS,ASO,CE,Combined TRACON& Tower with Radar,28,22,9,2,61,0,0,5,1,6,28,22,14,3,67,2,4,6,73
07/01/2018,JAN,MS,ASO,CE,Combined TRACON& Tower with Radar,24,26,9,2,61,0,0,4,0,4,24,26,13,2,65,0,12,12,77
07/02/2018,JAN,MS,ASO,CE,Combined TRACON& Tower with Radar,29,15,8,18,70,0,0,0,0,0,29,15,8,18,70,0,116,116,186
07/03/2018,JAN,MS,ASO,CE,Combined TRACON& Tower with Radar,25,20,20,22,87,0,1,2,0,3,25,21,22,22,90,0,28,28,118
07/04/2018,JAN,MS,ASO,CE,Combined TRACON& Tower with Radar,22,15,5,1,43,0,0,0,0,0,22,15,5,1,43,0,0,0,43
07/05/2018,JAN,MS,ASO,CE,Combined TRACON& Tower with Radar,32,19,23,29,103,0,0,2,0,2,32,19,25,29,105,20,22,42,147
07/06/2018,JAN,MS,ASO,CE,Combined TRACON& Tower with Radar,27,18,12,9,66,0,0,1,1,2,27,18,13,10,68,0,26,26,94
07/07/2018,JAN,MS,ASO,CE,Combined TRACON& Tower with Radar,26,18,11,4,59,0,2,1,1,4,26,20,12,5,63,0,0,0,63
07/08/2018,JAN,MS,ASO,CE,Combined TRACON& Tower with Radar,30,24,17,7,78,0,0,0,0,0,30,24,17,7,78,0,2,2,80
07/09/2018,JAN,MS,ASO,CE,Combined TRACON& Tower with Radar,32,19,18,16,85,0,2,3,2,7,32,21,21,18,92,0,70,70,162
07/10/2018,JAN,MS,ASO,CE,Combined TRACON& Tower with Radar,31,22,18,23,94,0,0,1,1,2,31,22,19,24,96,0,70,70,166
07/11/2018,JAN,MS,ASO,CE,Combined TRACON& Tower with Radar,33,17,27,19,96,0,0,4,5,9,33,17,31,24,105,4,60,64,169
07/12/2018,JAN,MS,ASO,CE,Combined TRACON& Tower with Radar,33,22,14,29,98,0,1,0,1,2,33,23,14,30,100,0,154,154,254
07/13/2018,JAN,MS,ASO,CE,Combined TRACON& Tower with Radar,37,20,10,6,73,0,1,3,0,4,37,21,13,6,77,6,12,18,95
07/14/2018,JAN,MS,ASO,CE,Combined TRACON& Tower with Radar,26,14,9,17,66,0,0,1,3,4,26,14,10,20,70,2,22,24,94
07/15/2018,JAN,MS,ASO,CE,Combined TRACON& Tower with Radar,30,23,14,12,79,0,1,2,0,3,30,24,16,12,82,2,6,8,90
07/16/2018,JAN,MS,ASO,CE,Combined TRACON& Tower with Radar,33,19,26,15,93,0,2,3,1,6,33,21,29,16,99,6,54,60,159
07/17/2018,JAN,MS,ASO,CE,Combined TRACON& Tower with Radar,34,30,23,9,96,0,1,1,2,4,34,31,24,11,100,0,12,12,112
07/18/2018,JAN,MS,ASO,CE,Combined TRACON& Tower with Radar,33,19,26,9,87,0,3,4,0,7,33,22,30,9,94,0,46,46,140
07/19/2018,JAN,MS,ASO,CE,Combined TRACON& Tower with Radar,28,26,25,22,101,0,1,5,1,7,28,27,30,23,108,32,56,88,196
07/20/2018,JAN,MS,ASO,CE,Combined TRACON& Tower with Radar,34,22,19,6,81,0,1,5,3,9,34,23,24,9,90,0,2,2,92
07/21/2018,JAN,MS,ASO,CE,Combined TRACON& Tower with Radar,25,15,3,3,46,0,0,2,0,2,25,15,5,3,48,0,14,14,62
07/22/2018,JAN,MS,ASO,CE,Combined TRACON& Tower with Radar,29,22,9,12,72,0,0,0,2,2,29,22,9,14,74,4,32,36,110
07/23/2018,JAN,MS,ASO,CE,Combined TRACON& Tower with Radar,32,19,20,17,88,0,1,3,0,4,32,20,23,17,92,4,98,102,194
07/24/2018,JAN,MS,ASO,CE,Combined TRACON& Tower with Radar,33,21,21,24,99,0,5,6,1,12,33,26,27,25,111,8,60,68,179
07/25/2018,JAN,MS,ASO,CE,Combined TRACON& Tower with Radar,33,20,26,33,112,0,1,3,5,9,33,21,29,38,121,4,170,174,295
07/26/2018,JAN,MS,ASO,CE,Combined TRACON& Tower with Radar,33,21,11,22,87,0,0,0,0,0,33,21,11,22,87,0,76,76,163
07/27/2018,JAN,MS,ASO,CE,Combined TRACON& Tower with Radar,36,22,24,14,96,0,1,2,0,3,36,23,26,14,99,2,75,77,176
07/28/2018,JAN,MS,ASO,CE,Combined TRACON& Tower with Radar,26,18,9,4,57,0,0,2,0,2,26,18,11,4,59,0,16,16,75
07/29/2018,JAN,MS,ASO,CE,Combined TRACON& Tower with Radar,28,40,10,16,94,0,0,2,2,4,28,40,12,18,98,0,58,58,156
07/30/2018,JAN,MS,ASO,CE,Combined TRACON& Tower with Radar,34,21,16,25,96,0,0,2,0,2,34,21,18,25,98,2,50,52,150
07/31/2018,JAN,MS,ASO,CE,Combined TRACON& Tower with Radar,35,20,32,2,89,0,1,1,0,2,35,21,33,2,91,2,0,2,93
08/01/2018,JAN,MS,ASO,CE,Combined TRACON& Tower with Radar,33,24,25,30,112,0,0,5,0,5,33,24,30,30,117,2,52,54,171
08/02/2018,JAN,MS,ASO,CE,Combined TRACON& Tower with Radar,33,26,21,16,96,0,2,8,2,12,33,28,29,18,108,10,60,70,178
08/03/2018,JAN,MS,ASO,CE,Combined TRACON& Tower with Radar,33,18,16,19,86,0,4,0,1,5,33,22,16,20,91,0,84,84,175
08/04/2018,JAN,MS,ASO,CE,Combined TRACON& Tower with Radar,26,13,3,5,47,0,2,2,0,4,26,15,5,5,51,0,12,12,63
08/05/2018,JAN,MS,ASO,CE,Combined TRACON& Tower with Radar,30,24,9,5,68,0,5,1,1,7,30,29,10,6,75,0,0,0,75
08/06/2018,JAN,MS,ASO,CE,Combined TRACON& Tower with Radar,37,21,19,14,91,0,6,3,2,11,37,27,22,16,102,0,45,45,147
08/07/2018,JAN,MS,ASO,CE,Combined TRACON& Tower with Radar,35,18,16,40,109,0,0,4,1,5,35,18,20,41,114,4,172,176,290
08/08/2018,JAN,MS,ASO,CE,Combined TRACON& Tower with Radar,38,16,23,37,114,0,1,5,3,9,38,17,28,40,123,6,134,140,263
08/09/2018,JAN,MS,ASO,CE,Combined TRACON& Tower with Radar,31,18,30,34,113,0,0,2,3,5,31,18,32,37,118,0,152,152,270
08/10/2018,JAN,MS,ASO,CE,Combined TRACON& Tower with Radar,30,22,14,10,76,0,1,3,0,4,30,23,17,10,80,2,22,24,104
08/11/2018,JAN,MS,ASO,CE,Combined TRACON& Tower with Radar,26,13,4,0,43,0,2,1,0,3,26,15,5,0,46,0,0,0,46
08/12/2018,JAN,MS,ASO,CE,Combined TRACON& Tower with Radar,30,18,4,1,53,0,1,0,2,3,30,19,4,3,56,0,0,0,56
08/13/2018,JAN,MS,ASO,CE,Combined TRACON& Tower with Radar,30,14,17,25,86,0,6,0,4,10,30,20,17,29,96,2,113,115,211
08/14/2018,JAN,MS,ASO,CE,Combined TRACON& Tower with Radar,36,15,42,31,124,0,2,7,2,11,36,17,49,33,135,0,89,89,224
08/15/2018,JAN,MS,ASO,CE,Combined TRACON& Tower with Radar,34,19,29,31,113,0,2,2,4,8,34,21,31,35,121,8,70,78,199
08/16/2018,JAN,MS,ASO,CE,Combined TRACON& Tower with Radar,35,16,28,35,114,0,0,2,1,3,35,16,30,36,117,2,70,72,189
08/17/2018,JAN,MS,ASO,CE,Combined TRACON& Tower with Radar,33,18,16,32,99,0,0,3,0,3,33,18,19,32,102,4,96,100,202
08/18/2018,JAN,MS,ASO,CE,Combined TRACON& Tower with Radar,24,18,10,2,54,0,0,1,0,1,24,18,11,2,55,0,6,6,61
08/19/2018,JAN,MS,ASO,CE,Combined TRACON& Tower with Radar,30,18,14,12,74,0,0,2,0,2,30,18,16,12,76,2,14,16,92
08/20/2018,JAN,MS,ASO,CE,Combined TRACON& Tower with Radar,33,23,13,32,101,0,3,1,0,4,33,26,14,32,105,2,126,128,233
08/21/2018,JAN,MS,ASO,CE,Combined TRACON& Tower with Radar,33,28,28,22,111,0,0,6,2,8,33,28,34,24,119,0,103,103,222
08/22/2018,JAN,MS,ASO,CE,Combined TRACON& Tower with Radar,34,18,33,21,106,0,3,0,8,11,34,21,33,29,117,0,137,137,254
08/23/2018,JAN,MS,ASO,CE,Combined TRACON& Tower with Radar,34,22,22,22,100,0,1,7,8,16,34,23,29,30,116,4,134,138,254
08/24/2018,JAN,MS,ASO,CE,Combined TRACON& Tower with Radar,35,24,22,24,105,0,2,5,0,7,35,26,27,24,112,20,88,108,220
08/25/2018,JAN,MS,ASO,CE,Combined TRACON& Tower with Radar,24,13,8,6,51,0,1,3,0,4,24,14,11,6,55,4,6,10,65
08/26/2018,JAN,MS,ASO,CE,Combined TRACON& Tower with Radar,30,19,15,6,70,0,0,3,0,3,30,19,18,6,73,18,4,22,95
08/27/2018,JAN,MS,ASO,CE,Combined TRACON& Tower with Radar,36,20,34,43,133,0,0,0,1,1,36,20,34,44,134,0,112,112,246
08/28/2018,JAN,MS,ASO,CE,Combined TRACON& Tower with Radar,34,21,25,26,106,0,0,2,0,2,34,21,27,26,108,0,201,201,309
08/29/2018,JAN,MS,ASO,CE,Combined TRACON& Tower with Radar,32,36,34,41,143,0,2,8,0,10,32,38,42,41,153,12,109,121,274
08/30/2018,JAN,MS,ASO,CE,Combined TRACON& Tower with Radar,33,26,24,47,130,0,0,3,2,5,33,26,27,49,135,2,92,94,229
08/31/2018,JAN,MS,ASO,CE,Combined TRACON& Tower with Radar,38,14,22,29,103,0,2,0,0,2,38,16,22,29,105,0,26,26,131
09/01/2018,JAN,MS,ASO,CE,Combined TRACON& Tower with Radar,18,13,5,1,37,0,2,0,0,2,18,15,5,1,39,0,0,0,39
09/02/2018,JAN,MS,ASO,CE,Combined TRACON& Tower with Radar,22,14,3,0,39,0,4,0,0,4,22,18,3,0,43,0,0,0,43
09/03/2018,JAN,MS,ASO,CE,Combined TRACON& Tower with Radar,31,21,10,0,62,0,0,4,0,4,31,21,14,0,66,2,0,2,68
09/04/2018,JAN,MS,ASO,CE,Combined TRACON& Tower with Radar,35,21,19,27,102,0,2,4,0,6,35,23,23,27,108,0,0,0,108
09/05/2018,JAN,MS,ASO,CE,Combined TRACON& Tower with Radar,38,13,5,5,61,0,1,0,0,1,38,14,5,5,62,0,2,2,64
09/06/2018,JAN,MS,ASO,CE,Combined TRACON& Tower with Radar,35,20,14,15,84,0,2,3,10,15,35,22,17,25,99,4,94,98,197
09/07/2018,JAN,MS,ASO,CE,Combined TRACON& Tower with Radar,37,19,18,45,119,0,0,0,3,3,37,19,18,48,122,0,120,120,242
09/08/2018,JAN,MS,ASO,CE,Combined TRACON& Tower with Radar,25,12,12,10,59,0,5,3,4,12,25,17,15,14,71,0,15,15,86
09/09/2018,JAN,MS,ASO,CE,Combined TRACON& Tower with Radar,27,25,14,10,76,0,0,3,0,3,27,25,17,10,79,0,10,10,89
09/10/2018,JAN,MS,ASO,CE,Combined TRACON& Tower with Radar,35,15,30,19,99,0,1,1,0,2,35,16,31,19,101,0,10,10,111
09/11/2018,JAN,MS,ASO,CE,Combined TRACON& Tower with Radar,37,19,20,9,85,0,0,2,0,2,37,19,22,9,87,0,10,10,97
09/12/2018,JAN,MS,ASO,CE,Combined TRACON& Tower with Radar,38,20,30,24,112,0,1,3,5,9,38,21,33,29,121,0,46,46,167
09/13/2018,JAN,MS,ASO,CE,Combined TRACON& Tower with Radar,37,28,16,28,109,0,2,4,5,11,37,30,20,33,120,16,70,86,206
09/14/2018,JAN,MS,ASO,CE,Combined TRACON& Tower with Radar,35,27,27,16,105,0,1,4,1,6,35,28,31,17,111,0,50,50,161
09/15/2018,JAN,MS,ASO,CE,Combined TRACON& Tower with Radar,24,12,8,2,46,0,1,10,0,11,24,13,18,2,57,0,2,2,59
09/16/2018,JAN,MS,ASO,CE,Combined TRACON& Tower with Radar,30,17,8,6,61,0,2,8,0,10,30,19,16,6,71,0,8,8,79
09/17/2018,JAN,MS,ASO,CE,Combined TRACON& Tower with Radar,36,14,24,27,101,0,0,9,2,11,36,14,33,29,112,2,84,86,198
09/18/2018,JAN,MS,ASO,CE,Combined TRACON& Tower with Radar,38,19,16,28,101,0,5,3,9,17,38,24,19,37,118,18,132,150,268
09/19/2018,JAN,MS,ASO,CE,Combined TRACON& Tower with Radar,37,18,23,16,94,0,2,8,2,12,37,20,31,18,106,6,38,44,150
09/20/2018,JAN,MS,ASO,CE,Combined TRACON& Tower with Radar,37,26,25,12,100,0,4,3,0,7,37,30,28,12,107,0,28,28,135
09/21/2018,JAN,MS,ASO,CE,Combined TRACON& Tower with Radar,35,15,33,16,99,0,4,2,1,7,35,19,35,17,106,2,14,16,122
09/22/2018,JAN,MS,ASO,CE,Combined TRACON& Tower with Radar,27,19,6,0,52,0,0,0,1,1,27,19,6,1,53,0,0,0,53
09/23/2018,JAN,MS,ASO,CE,Combined TRACON& Tower with Radar,30,21,15,0,66,0,0,0,0,0,30,21,15,0,66,0,0,0,66
09/24/2018,JAN,MS,ASO,CE,Combined TRACON& Tower with Radar,35,16,28,30,109,0,0,2,0,2,35,16,30,30,111,6,26,32,143
09/25/2018,JAN,MS,ASO,CE,Combined TRACON& Tower with Radar,36,22,19,29,106,0,1,3,0,4,36,23,22,29,110,0,45,45,155
09/26/2018,JAN,MS,ASO,CE,Combined TRACON& Tower with Radar,35,14,17,2,68,0,0,0,0,0,35,14,17,2,68,0,2,2,70
09/27/2018,JAN,MS,ASO,CE,Combined TRACON& Tower with Radar,38,19,20,18,95,0,0,3,0,3,38,19,23,18,98,0,14,14,112
09/28/2018,JAN,MS,ASO,CE,Combined TRACON& Tower with Radar,38,16,24,25,103,0,0,0,0,0,38,16,24,25,103,0,26,26,129
09/29/2018,JAN,MS,ASO,CE,Combined TRACON& Tower with Radar,27,17,2,10,56,0,3,1,0,4,27,20,3,10,60,0,14,14,74
09/30/2018,JAN,MS,ASO,CE,Combined TRACON& Tower with Radar,31,23,9,23,86,0,2,2,0,4,31,25,11,23,90,2,18,20,110
10/01/2018,JAN,MS,ASO,CE,Combined TRACON& Tower with Radar,38,17,32,36,123,0,3,5,1,9,38,20,37,37,132,0,158,158,290
10/02/2018,JAN,MS,ASO,CE,Combined TRACON& Tower with Radar,36,30,19,34,119,0,8,2,0,10,36,38,21,34,129,2,114,116,245
10/03/2018,JAN,MS,ASO,CE,Combined TRACON& Tower with Radar,36,19,24,40,119,0,1,3,0,4,36,20,27,40,123,0,96,96,219
10/04/2018,JAN,MS,ASO,CE,Combined TRACON& Tower with Radar,34,22,24,30,110,0,2,10,2,14,34,24,34,32,124,0,76,76,200
10/05/2018,JAN,MS,ASO,CE,Combined TRACON& Tower with Radar,37,19,10,20,86,0,1,0,0,1,37,20,10,20,87,0,40,40,127
10/06/2018,JAN,MS,ASO,CE,Combined TRACON& Tower with Radar,25,13,9,0,47,0,1,2,0,3,25,14,11,0,50,0,0,0,50
10/07/2018,JAN,MS,ASO,CE,Combined TRACON& Tower with Radar,32,15,8,2,57,0,2,0,0,2,32,17,8,2,59,6,4,10,69
10/08/2018,JAN,MS,ASO,CE,Combined TRACON& Tower with Radar,33,17,22,13,85,0,1,2,0,3,33,18,24,13,88,2,24,26,114
10/09/2018,JAN,MS,ASO,CE,Combined TRACON& Tower with Radar,30,34,28,28,120,0,1,0,0,1,30,35,28,28,121,0,46,46,167
10/10/2018,JAN,MS,ASO,CE,Combined TRACON& Tower with Radar,34,24,15,49,122,0,5,1,0,6,34,29,16,49,128,0,90,90,218
10/11/2018,JAN,MS,ASO,CE,Combined TRACON& Tower with Radar,33,34,23,28,118,0,4,0,3,7,33,38,23,31,125,0,108,108,233
10/12/2018,JAN,MS,ASO,CE,Combined TRACON& Tower with Radar,44,23,29,28,124,0,2,9,0,11,44,25,38,28,135,0,34,34,169
10/13/2018,JAN,MS,ASO,CE,Combined TRACON& Tower with Radar,28,12,6,6,52,0,2,3,2,7,28,14,9,8,59,0,0,0,59
10/14/2018,JAN,MS,ASO,CE,Combined TRACON& Tower with Radar,33,24,10,8,75,0,3,6,3,12,33,27,16,11,87,0,16,16,103
10/15/2018,JAN,MS,ASO,CE,Combined TRACON& Tower with Radar,33,21,21,33,108,0,0,3,2,5,33,21,24,35,113,8,58,66,179
10/16/2018,JAN,MS,ASO,CE,Combined TRACON& Tower with Radar,37,22,11,6,76,0,0,0,0,0,37,22,11,6,76,0,8,8,84
10/17/2018,JAN,MS,ASO,CE,Combined TRACON& Tower with Radar,35,25,31,12,103,0,2,0,0,2,35,27,31,12,105,4,34,38,143
10/18/2018,JAN,MS,ASO,CE,Combined TRACON& Tower with Radar,31,29,23,23,106,0,1,9,9,19,31,30,32,32,125,0,106,106,231
10/19/2018,JAN,MS,ASO,CE,Combined TRACON& Tower with Radar,34,23,24,27,108,0,1,1,6,8,34,24,25,33,116,0,82,82,198
10/20/2018,JAN,MS,ASO,CE,Combined TRACON& Tower with Radar,24,18,10,2,54,0,0,1,0,1,24,18,11,2,55,0,10,10,65
10/21/2018,JAN,MS,ASO,CE,Combined TRACON& Tower with Radar,29,23,25,2,79,0,2,2,0,4,29,25,27,2,83,0,6,6,89
10/22/2018,JAN,MS,ASO,CE,Combined TRACON& Tower with Radar,38,22,27,23,110,0,0,6,1,7,38,22,33,24,117,0,96,96,213
10/23/2018,JAN,MS,ASO,CE,Combined TRACON& Tower with Radar,34,68,43,24,169,0,0,4,0,4,34,68,47,24,173,0,158,158,331
10/24/2018,JAN,MS,ASO,CE,Combined TRACON& Tower with Radar,34,20,29,21,104,0,1,4,4,9,34,21,33,25,113,0,76,76,189
10/25/2018,JAN,MS,ASO,CE,Combined TRACON& Tower with Radar,37,31,41,20,129,0,0,0,0,0,37,31,41,20,129,0,18,18,147
10/26/2018,JAN,MS,ASO,CE,Combined TRACON& Tower with Radar,38,21,13,10,82,0,0,2,0,2,38,21,15,10,84,0,40,40,124
10/27/2018,JAN,MS,ASO,CE,Combined TRACON& Tower with Radar,27,11,17,2,57,0,3,4,0,7,27,14,21,2,64,16,0,16,80
10/28/2018,JAN,MS,ASO,CE,Combined TRACON& Tower with Radar,34,13,22,1,70,0,3,5,2,10,34,16,27,3,80,0,10,10,90
10/29/2018,JAN,MS,ASO,CE,Combined TRACON& Tower with Radar,33,25,27,27,112,0,0,5,3,8,33,25,32,30,120,14,158,172,292
10/30/2018,JAN,MS,ASO,CE,Combined TRACON& Tower with Radar,30,25,25,35,115,0,3,2,5,10,30,28,27,40,125,0,158,158,283
10/31/2018,JAN,MS,ASO,CE,Combined TRACON& Tower with Radar,31,20,12,34,97,0,0,0,0,0,31,20,12,34,97,0,132,132,229
11/01/2018,JAN,MS,ASO,CE,Combined TRACON& Tower with Radar,39,24,11,51,125,0,0,0,0,0,39,24,11,51,125,2,78,80,205
11/02/2018,JAN,MS,ASO,CE,Combined TRACON& Tower with Radar,40,30,30,26,126,0,1,2,4,7,40,31,32,30,133,6,108,114,247
11/03/2018,JAN,MS,ASO,CE,Combined TRACON& Tower with Radar,28,18,8,6,60,0,2,2,2,6,28,20,10,8,66,0,4,4,70
11/04/2018,JAN,MS,ASO,CE,Combined TRACON& Tower with Radar,36,21,10,8,75,0,0,1,1,2,36,21,11,9,77,0,0,0,77
11/05/2018,JAN,MS,ASO,CE,Combined TRACON& Tower with Radar,35,39,23,37,134,0,2,0,0,2,35,41,23,37,136,1,124,125,261
11/06/2018,JAN,MS,ASO,CE,Combined TRACON& Tower with Radar,38,23,19,56,136,0,4,3,5,12,38,27,22,61,148,0,94,94,242
11/07/2018,JAN,MS,ASO,CE,Combined TRACON& Tower with Radar,35,21,33,8,97,0,0,0,0,0,35,21,33,8,97,0,8,8,105
11/08/2018,JAN,MS,ASO,CE,Combined TRACON& Tower with Radar,27,25,26,9,87,0,0,0,0,0,27,25,26,9,87,0,2,2,89
11/09/2018,JAN,MS,ASO,CE,Combined TRACON& Tower with Radar,42,19,20,1,82,0,0,3,0,3,42,19,23,1,85,8,0,8,93
11/10/2018,JAN,MS,ASO,CE,Combined TRACON& Tower with Radar,30,20,8,0,58,0,2,5,0,7,30,22,13,0,65,2,0,2,67
11/11/2018,JAN,MS,ASO,CE,Combined TRACON& Tower with Radar,29,15,13,5,62,0,0,0,0,0,29,15,13,5,62,0,4,4,66
11/12/2018,JAN,MS,ASO,CE,Combined TRACON& Tower with Radar,36,19,13,2,70,0,0,0,0,0,36,19,13,2,70,0,4,4,74
11/13/2018,JAN,MS,ASO,CE,Combined TRACON& Tower with Radar,39,16,15,9,79,0,0,0,0,0,39,16,15,9,79,0,16,16,95
11/14/2018,JAN,MS,ASO,CE,Combined TRACON& Tower with Radar,31,25,30,7,93,0,0,0,0,0,31,25,30,7,93,0,2,2,95
11/15/2018,JAN,MS,ASO,CE,Combined TRACON& Tower with Radar,30,34,41,63,168,0,4,4,6,14,30,38,45,69,182,2,159,161,343
11/16/2018,JAN,MS,ASO,CE,Combined TRACON& Tower with Radar,37,28,26,43,134,0,2,4,2,8,37,30,30,45,142,8,110,118,260
11/17/2018,JAN,MS,ASO,CE,Combined TRACON& Tower with Radar,30,16,5,11,62,0,3,5,0,8,30,19,10,11,70,0,10,10,80
11/18/2018,JAN,MS,ASO,CE,Combined TRACON& Tower with Radar,29,28,11,8,76,0,4,4,0,8,29,32,15,8,84,0,2,2,86
11/19/2018,JAN,MS,ASO,CE,Combined TRACON& Tower with Radar,30,32,21,2,85,0,0,0,0,0,30,32,21,2,85,0,6,6,91
11/20/2018,JAN,MS,ASO,CE,Combined TRACON& Tower with Radar,32,22,25,14,93,0,0,6,2,8,32,22,31,16,101,0,72,72,173
11/21/2018,JAN,MS,ASO,CE,Combined TRACON& Tower with Radar,34,20,14,20,88,0,1,5,0,6,34,21,19,20,94,2,46,48,142
11/22/2018,JAN,MS,ASO,CE,Combined TRACON& Tower with Radar,14,15,2,0,31,0,1,0,0,1,14,16,2,0,32,0,0,0,32
11/23/2018,JAN,MS,ASO,CE,Combined TRACON& Tower with Radar,28,19,8,0,55,0,0,1,0,1,28,19,9,0,56,2,0,2,58
11/24/2018,JAN,MS,ASO,CE,Combined TRACON& Tower with Radar,27,21,11,0,59,0,1,2,0,3,27,22,13,0,62,0,0,0,62
11/25/2018,JAN,MS,ASO,CE,Combined TRACON& Tower with Radar,36,24,15,7,82,0,0,1,0,1,36,24,16,7,83,0,0,0,83
11/26/2018,JAN,MS,ASO,CE,Combined TRACON& Tower with Radar,34,17,29,20,100,0,1,1,2,4,34,18,30,22,104,0,104,104,208
11/27/2018,JAN,MS,ASO,CE,Combined TRACON& Tower with Radar,33,32,32,25,122,0,0,7,2,9,33,32,39,27,131,12,134,146,277
11/28/2018,JAN,MS,ASO,CE,Combined TRACON& Tower with Radar,28,18,30,30,106,0,1,2,4,7,28,19,32,34,113,6,92,98,211
11/29/2018,JAN,MS,ASO,CE,Combined TRACON& Tower with Radar,31,27,36,62,156,0,1,4,1,6,31,28,40,63,162,6,32,38,200
11/30/2018,JAN,MS,ASO,CE,Combined TRACON& Tower with Radar,30,19,25,19,93,0,0,2,0,2,30,19,27,19,95,0,36,36,131
12/01/2018,JAN,MS,ASO,CE,Combined TRACON& Tower with Radar,21,15,14,19,69,0,0,2,0,2,21,15,16,19,71,0,0,0,71
12/02/2018,JAN,MS,ASO,CE,Combined TRACON& Tower with Radar,28,17,3,14,62,0,2,0,0,2,28,19,3,14,64,6,8,14,78
12/03/2018,JAN,MS,ASO,CE,Combined TRACON& Tower with Radar,25,50,14,40,129,0,1,2,12,15,25,51,16,52,144,0,146,146,290
12/04/2018,JAN,MS,ASO,CE,Combined TRACON& Tower with Radar,27,26,14,43,110,0,7,8,7,22,27,33,22,50,132,4,138,142,274
12/05/2018,JAN,MS,ASO,CE,Combined TRACON& Tower with Radar,32,21,40,1,94,0,4,0,1,5,32,25,40,2,99,0,1,1,100
12/06/2018,JAN,MS,ASO,CE,Combined TRACON& Tower with Radar,39,25,16,43,123,0,0,5,6,11,39,25,21,49,134,2,46,48,182
12/07/2018,JAN,MS,ASO,CE,Combined TRACON& Tower with Radar,35,24,16,11,86,0,0,5,0,5,35,24,21,11,91,0,21,21,112
12/08/2018,JAN,MS,ASO,CE,Combined TRACON& Tower with Radar,22,16,6,1,45,0,0,0,0,0,22,16,6,1,45,0,0,0,45
12/09/2018,JAN,MS,ASO,CE,Combined TRACON& Tower with Radar,25,20,8,1,54,0,0,0,0,0,25,20,8,1,54,0,0,0,54
12/10/2018,JAN,MS,ASO,CE,Combined TRACON& Tower with Radar,30,22,16,26,94,0,0,6,4,10,30,22,22,30,104,0,53,53,157
12/11/2018,JAN,MS,ASO,CE,Combined TRACON& Tower with Radar,30,17,24,20,91,0,0,5,1,6,30,17,29,21,97,0,39,39,136
12/12/2018,JAN,MS,ASO,CE,Combined TRACON& Tower with Radar,34,18,30,31,113,0,2,4,3,9,34,20,34,34,122,0,97,97,219
12/13/2018,JAN,MS,ASO,CE,Combined TRACON& Tower with Radar,36,31,17,7,91,0,0,0,0,0,36,31,17,7,91,0,10,10,101
12/14/2018,JAN,MS,ASO,CE,Combined TRACON& Tower with Radar,32,34,19,43,128,0,0,0,0,0,32,34,19,43,128,2,117,119,247
12/15/2018,JAN,MS,ASO,CE,Combined TRACON& Tower with Radar,26,18,11,4,59,0,0,2,0,2,26,18,13,4,61,0,10,10,71
12/16/2018,JAN,MS,ASO,CE,Combined TRACON& Tower with Radar,32,24,5,8,69,0,5,1,2,8,32,29,6,10,77,4,2,6,83
12/17/2018,JAN,MS,ASO,CE,Combined TRACON& Tower with Radar,31,22,18,13,84,0,2,6,2,10,31,24,24,15,94,0,54,54,148
12/18/2018,JAN,MS,ASO,CE,Combined TRACON& Tower with Radar,39,15,25,22,101,0,3,8,5,16,39,18,33,27,117,2,46,48,165
12/19/2018,JAN,MS,ASO,CE,Combined TRACON& Tower with Radar,33,23,28,30,114,0,1,1,0,2,33,24,29,30,116,0,82,82,198
12/20/2018,JAN,MS,ASO,CE,Combined TRACON& Tower with Radar,41,22,26,9,98,0,0,0,0,0,41,22,26,9,98,0,16,16,114
12/21/2018,JAN,MS,ASO,CE,Combined TRACON& Tower with Radar,42,25,9,17,93,0,0,3,0,3,42,25,12,17,96,4,94,98,194
12/22/2018,JAN,MS,ASO,CE,Combined TRACON& Tower with Radar,40,21,5,0,66,0,3,0,1,4,40,24,5,1,70,0,0,0,70
12/23/2018,JAN,MS,ASO,CE,Combined TRACON& Tower with Radar,37,25,9,1,72,0,2,3,0,5,37,27,12,1,77,6,0,6,83
12/24/2018,JAN,MS,ASO,CE,Combined TRACON& Tower with Radar,24,18,0,0,42,0,4,0,0,4,24,22,0,0,46,0,0,0,46
12/25/2018,JAN,MS,ASO,CE,Combined TRACON& Tower with Radar,23,19,3,0,45,0,0,3,0,3,23,19,6,0,48,0,0,0,48
12/26/2018,JAN,MS,ASO,CE,Combined TRACON& Tower with Radar,35,20,7,0,62,0,0,1,0,1,35,20,8,0,63,0,0,0,63
12/27/2018,JAN,MS,ASO,CE,Combined TRACON& Tower with Radar,30,18,6,0,54,0,0,0,0,0,30,18,6,0,54,0,0,0,54
12/28/2018,JAN,MS,ASO,CE,Combined TRACON& Tower with Radar,38,21,6,4,69,0,0,2,0,2,38,21,8,4,71,0,4,4,75
12/29/2018,JAN,MS,ASO,CE,Combined TRACON& Tower with Radar,29,20,5,0,54,0,1,3,0,4,29,21,8,0,58,0,0,0,58
12/30/2018,JAN,MS,ASO,CE,Combined TRACON& Tower with Radar,33,18,4,0,55,0,0,0,0,0,33,18,4,0,55,0,0,0,55
12/31/2018,JAN,MS,ASO,CE,Combined TRACON& Tower with Radar,27,17,9,0,53,0,0,0,0,0,27,17,9,0,53,0,0,0,53
01/01/2019,JAN,MS,ASO,CE,Combined TRACON& Tower with Radar,24,22,14,0,60,0,0,0,0,0,24,22,14,0,60,2,0,2,62
01/02/2019,JAN,MS,ASO,CE,Combined TRACON& Tower with Radar,41,19,8,1,69,0,0,0,0,0,41,19,8,1,69,2,0,2,71
01/03/2019,JAN,MS,ASO,CE,Combined TRACON& Tower with Radar,29,20,17,13,79,0,0,0,0,0,29,20,17,13,79,0,4,4,83
01/04/2019,JAN,MS,ASO,CE,Combined TRACON& Tower with Radar,31,26,13,14,84,0,0,1,1,2,31,26,14,15,86,0,36,36,122
01/05/2019,JAN,MS,ASO,CE,Combined TRACON& Tower with Radar,20,20,4,18,62,0,3,6,0,9,20,23,10,18,71,2,12,14,85
01/06/2019,JAN,MS,ASO,CE,Combined TRACON& Tower with Radar,29,22,6,6,63,0,2,5,0,7,29,24,11,6,70,0,14,14,84
01/07/2019,JAN,MS,ASO,CE,Combined TRACON& Tower with Radar,35,23,18,13,89,0,1,1,0,2,35,24,19,13,91,4,54,58,149
01/08/2019,JAN,MS,ASO,CE,Combined TRACON& Tower with Radar,26,33,12,54,125,0,0,3,4,7,26,33,15,58,132,0,52,52,184
01/09/2019,JAN,MS,ASO,CE,Combined TRACON& Tower with Radar,33,22,19,29,103,0,0,2,2,4,33,22,21,31,107,0,36,36,143
01/10/2019,JAN,MS,ASO,CE,Combined TRACON& Tower with Radar,38,23,29,35,125,0,0,9,6,15,38,23,38,41,140,10,80,90,230
01/11/2019,JAN,MS,ASO,CE,Combined TRACON& Tower with Radar,34,29,20,51,134,0,1,1,3,5,34,30,21,54,139,0,112,112,251
01/12/2019,JAN,MS,ASO,CE,Combined TRACON& Tower with Radar,21,10,4,16,51,0,1,1,0,2,21,11,5,16,53,0,12,12,65
01/13/2019,JAN,MS,ASO,CE,Combined TRACON& Tower with Radar,31,21,8,9,69,0,2,1,0,3,31,23,9,9,72,0,2,2,74
01/14/2019,JAN,MS,ASO,CE,Combined TRACON& Tower with Radar,29,21,19,11,80,0,2,1,0,3,29,23,20,11,83,6,34,40,123
01/15/2019,JAN,MS,ASO,CE,Combined TRACON& Tower with Radar,28,30,14,36,108,0,0,3,0,3,28,30,17,36,111,10,46,56,167
01/16/2019,JAN,MS,ASO,CE,Combined TRACON& Tower with Radar,33,25,17,40,115,0,1,1,9,11,33,26,18,49,126,4,106,110,236
01/17/2019,JAN,MS,ASO,CE,Combined TRACON& Tower with Radar,31,26,17,44,118,0,0,0,0,0,31,26,17,44,118,0,34,34,152
01/18/2019,JAN,MS,ASO,CE,Combined TRACON& Tower with Radar,34,22,18,15,89,0,1,0,0,1,34,23,18,15,90,2,12,14,104
01/19/2019,JAN,MS,ASO,CE,Combined TRACON& Tower with Radar,19,10,3,2,34,0,0,0,0,0,19,10,3,2,34,0,0,0,34
01/20/2019,JAN,MS,ASO,CE,Combined TRACON& Tower with Radar,24,19,0,2,45,0,6,1,0,7,24,25,1,2,52,0,2,2,54
01/21/2019,JAN,MS,ASO,CE,Combined TRACON& Tower with Radar,30,28,8,2,68,0,2,0,0,2,30,30,8,2,70,6,0,6,76
01/22/2019,JAN,MS,ASO,CE,Combined TRACON& Tower with Radar,28,23,15,35,101,0,0,6,0,6,28,23,21,35,107,0,60,60,167
01/23/2019,JAN,MS,ASO,CE,Combined TRACON& Tower with Radar,31,20,20,2,73,0,0,0,0,0,31,20,20,2,73,0,0,0,73
01/24/2019,JAN,MS,ASO,CE,Combined TRACON& Tower with Radar,28,27,26,26,107,0,2,6,2,10,28,29,32,28,117,10,142,152,269
01/25/2019,JAN,MS,ASO,CE,Combined TRACON& Tower with Radar,34,21,15,29,99,0,0,3,0,3,34,21,18,29,102,0,122,122,224
01/26/2019,JAN,MS,ASO,CE,Combined TRACON& Tower with Radar,18,12,15,2,47,0,0,2,0,2,18,12,17,2,49,6,0,6,55
01/27/2019,JAN,MS,ASO,CE,Combined TRACON& Tower with Radar,29,18,3,14,64,0,3,0,1,4,29,21,3,15,68,0,22,22,90
01/28/2019,JAN,MS,ASO,CE,Combined TRACON& Tower with Radar,32,19,17,38,106,0,3,3,1,7,32,22,20,39,113,0,118,118,231
01/29/2019,JAN,MS,ASO,CE,Combined TRACON& Tower with Radar,29,22,22,31,104,0,0,0,4,4,29,22,22,35,108,0,84,84,192
01/30/2019,JAN,MS,ASO,CE,Combined TRACON& Tower with Radar,36,19,31,30,116,0,2,2,0,4,36,21,33,30,120,2,54,56,176
01/31/2019,JAN,MS,ASO,CE,Combined TRACON& Tower with Radar,33,19,29,36,117,0,4,1,5,10,33,23,30,41,127,4,134,138,265
02/01/2019,JAN,MS,ASO,CE,Combined TRACON& Tower with Radar,35,20,21,22,98,0,7,0,7,14,35,27,21,29,112,0,60,60,172
02/02/2019,JAN,MS,ASO,CE,Combined TRACON& Tower with Radar,18,10,8,4,40,0,0,1,0,1,18,10,9,4,41,0,4,4,45
02/03/2019,JAN,MS,ASO,CE,Combined TRACON& Tower with Radar,25,19,6,0,50,0,1,0,0,1,25,20,6,0,51,0,0,0,51
02/04/2019,JAN,MS,ASO,CE,Combined TRACON& Tower with Radar,30,40,12,56,138,0,3,0,0,3,30,43,12,56,141,0,72,72,213
02/05/2019,JAN,MS,ASO,CE,Combined TRACON& Tower with Radar,28,20,20,45,113,0,1,0,0,1,28,21,20,45,114,0,24,24,138
02/06/2019,JAN,MS,ASO,CE,Combined TRACON& Tower with Radar,32,26,22,71,151,0,2,0,1,3,32,28,22,72,154,0,84,84,238
02/07/2019,JAN,MS,ASO,CE,Combined TRACON& Tower with Radar,33,31,10,28,102,0,1,0,1,2,33,32,10,29,104,0,50,50,154
02/08/2019,JAN,MS,ASO,CE,Combined TRACON& Tower with Radar,33,33,18,28,112,0,0,4,3,7,33,33,22,31,119,6,118,124,243
02/09/2019,JAN,MS,ASO,CE,Combined TRACON& Tower with Radar,19,18,6,3,46,0,1,4,0,5,19,19,10,3,51,6,0,6,57
02/10/2019,JAN,MS,ASO,CE,Combined TRACON& Tower with Radar,29,27,11,26,93,0,1,3,4,8,29,28,14,30,101,2,38,40,141
02/11/2019,JAN,MS,ASO,CE,Combined TRACON& Tower with Radar,31,32,23,46,132,0,0,0,0,0,31,32,23,46,132,6,60,66,198
02/12/2019,JAN,MS,ASO,CE,Combined TRACON& Tower with Radar,33,21,19,16,89,0,0,2,0,2,33,21,21,16,91,0,68,68,159
02/13/2019,JAN,MS,ASO,CE,Combined TRACON& Tower with Radar,31,24,17,24,96,0,2,7,3,12,31,26,24,27,108,4,66,70,178
02/14/2019,JAN,MS,ASO,CE,Combined TRACON& Tower with Radar,31,21,19,40,111,0,3,4,3,10,31,24,23,43,121,0,168,168,289
02/15/2019,JAN,MS,ASO,CE,Combined TRACON& Tower with Radar,32,27,20,15,94,0,0,0,0,0,32,27,20,15,94,0,16,16,110
02/16/2019,JAN,MS,ASO,CE,Combined TRACON& Tower with Radar,19,16,14,3,52,0,0,0,0,0,19,16,14,3,52,0,4,4,56
02/17/2019,JAN,MS,ASO,CE,Combined TRACON& Tower with Radar,24,19,4,5,52,0,0,0,0,0,24,19,4,5,52,0,4,4,56
02/18/2019,JAN,MS,ASO,CE,Combined TRACON& Tower with Radar,37,17,16,6,76,0,2,1,4,7,37,19,17,10,83,2,4,6,89
02/19/2019,JAN,MS,ASO,CE,Combined TRACON& Tower with Radar,26,16,15,2,59,0,0,0,0,0,26,16,15,2,59,0,0,0,59
02/20/2019,JAN,MS,ASO,CE,Combined TRACON& Tower with Radar,32,13,18,16,79,0,1,0,0,1,32,14,18,16,80,2,22,24,104
02/21/2019,JAN,MS,ASO,CE,Combined TRACON& Tower with Radar,32,19,26,11,88,0,0,1,0,1,32,19,27,11,89,0,0,0,89
02/22/2019,JAN,MS,ASO,CE,Combined TRACON& Tower with Radar,32,50,21,6,109,0,0,1,0,1,32,50,22,6,110,0,26,26,136
02/23/2019,JAN,MS,ASO,CE,Combined TRACON& Tower with Radar,20,17,8,1,46,0,0,0,0,0,20,17,8,1,46,0,0,0,46
02/24/2019,JAN,MS,ASO,CE,Combined TRACON& Tower with Radar,29,18,5,2,54,0,0,4,2,6,29,18,9,4,60,0,0,0,60
02/25/2019,JAN,MS,ASO,CE,Combined TRACON& Tower with Radar,33,19,36,18,106,0,4,2,2,8,33,23,38,20,114,0,18,18,132
02/26/2019,JAN,MS,ASO,CE,Combined TRACON& Tower with Radar,37,20,33,22,112,0,0,8,4,12,37,20,41,26,124,6,60,66,190
02/27/2019,JAN,MS,ASO,CE,Combined TRACON& Tower with Radar,35,25,34,39,133,0,1,0,0,1,35,26,34,39,134,0,64,64,198
02/28/2019,JAN,MS,ASO,CE,Combined TRACON& Tower with Radar,32,19,22,32,105,0,0,0,0,0,32,19,22,32,105,0,24,24,129
03/01/2019,JAN,MS,ASO,CE,Combined TRACON& Tower with Radar,34,20,18,21,93,0,0,0,0,0,34,20,18,21,93,2,4,6,99
03/02/2019,JAN,MS,ASO,CE,Combined TRACON& Tower with Radar,18,16,3,17,54,0,0,0,1,1,18,16,3,18,55,2,6,8,63
03/03/2019,JAN,MS,ASO,CE,Combined TRACON& Tower with Radar,23,17,4,3,47,0,0,0,0,0,23,17,4,3,47,0,0,0,47
03/04/2019,JAN,MS,ASO,CE,Combined TRACON& Tower with Radar,31,21,22,4,78,0,0,4,1,5,31,21,26,5,83,14,12,26,109
03/05/2019,JAN,MS,ASO,CE,Combined TRACON& Tower with Radar,32,16,13,15,76,0,2,6,1,9,32,18,19,16,85,0,22,22,107
03/06/2019,JAN,MS,ASO,CE,Combined TRACON& Tower with Radar,34,17,17,13,81,0,4,7,2,13,34,21,24,15,94,4,24,28,122
03/07/2019,JAN,MS,ASO,CE,Combined TRACON& Tower with Radar,43,16,25,32,116,0,1,2,1,4,43,17,27,33,120,0,46,46,166
03/08/2019,JAN,MS,ASO,CE,Combined TRACON& Tower with Radar,32,27,19,30,108,0,3,2,0,5,32,30,21,30,113,0,34,34,147
03/09/2019,JAN,MS,ASO,CE,Combined TRACON& Tower with Radar,17,21,8,2,48,0,0,0,0,0,17,21,8,2,48,0,0,0,48
03/10/2019,JAN,MS,ASO,CE,Combined TRACON& Tower with Radar,33,18,20,8,79,0,2,0,0,2,33,20,20,8,81,2,8,10,91
03/11/2019,JAN,MS,ASO,CE,Combined TRACON& Tower with Radar,35,22,24,8,89,0,0,2,0,2,35,22,26,8,91,0,4,4,95
03/12/2019,JAN,MS,ASO,CE,Combined TRACON& Tower with Radar,31,29,23,33,116,0,0,0,2,2,31,29,23,35,118,0,30,30,148
03/13/2019,JAN,MS,ASO,CE,Combined TRACON& Tower with Radar,26,19,14,19,78,0,5,1,0,6,26,24,15,19,84,0,16,16,100
03/14/2019,JAN,MS,ASO,CE,Combined TRACON& Tower with Radar,34,23,8,2,67,0,1,6,0,7,34,24,14,2,74,0,4,4,78
03/15/2019,JAN,MS,ASO,CE,Combined TRACON& Tower with Radar,29,26,18,25,98,0,3,4,6,13,29,29,22,31,111,2,32,34,145
03/16/2019,JAN,MS,ASO,CE,Combined TRACON& Tower with Radar,18,20,16,18,72,0,2,2,1,5,18,22,18,19,77,2,26,28,105
03/17/2019,JAN,MS,ASO,CE,Combined TRACON& Tower with Radar,33,23,10,15,81,0,3,4,1,8,33,26,14,16,89,2,14,16,105
03/18/2019,JAN,MS,ASO,CE,Combined TRACON& Tower with Radar,31,19,27,22,99,0,4,2,3,9,31,23,29,25,108,2,30,32,140
03/19/2019,JAN,MS,ASO,CE,Combined TRACON& Tower with Radar,32,20,14,23,89,0,3,5,0,8,32,23,19,23,97,0,34,34,131
03/20/2019,JAN,MS,ASO,CE,Combined TRACON& Tower with Radar,29,21,15,9,74,0,5,6,3,14,29,26,21,12,88,0,18,18,106
03/21/2019,JAN,MS,ASO,CE,Combined TRACON& Tower with Radar,30,21,21,10,82,0,4,2,2,8,30,25,23,12,90,4,12,16,106
03/22/2019,JAN,MS,ASO,CE,Combined TRACON& Tower with Radar,32,28,21,14,95,0,1,3,3,7,32,29,24,17,102,4,18,22,124
03/23/2019,JAN,MS,ASO,CE,Combined TRACON& Tower with Radar,21,16,10,6,53,0,1,10,2,13,21,17,20,8,66,4,12,16,82
03/24/2019,JAN,MS,ASO,CE,Combined TRACON& Tower with Radar,27,23,10,2,62,0,1,1,1,3,27,24,11,3,65,4,16,20,85
03/25/2019,JAN,MS,ASO,CE,Combined TRACON& Tower with Radar,35,18,15,5,73,0,4,0,1,5,35,22,15,6,78,0,6,6,84
03/26/2019,JAN,MS,ASO,CE,Combined TRACON& Tower with Radar,41,19,18,10,88,0,0,2,1,3,41,19,20,11,91,0,26,26,117
03/27/2019,JAN,MS,ASO,CE,Combined TRACON& Tower with Radar,33,16,15,11,75,0,4,5,9,18,33,20,20,20,93,10,16,26,119
03/28/2019,JAN,MS,ASO,CE,Combined TRACON& Tower with Radar,31,26,18,29,104,0,3,3,2,8,31,29,21,31,112,6,32,38,150
03/29/2019,JAN,MS,ASO,CE,Combined TRACON& Tower with Radar,35,21,14,16,86,0,2,4,0,6,35,23,18,16,92,0,10,10,102
03/30/2019,JAN,MS,ASO,CE,Combined TRACON& Tower with Radar,24,14,5,4,47,0,0,0,0,0,24,14,5,4,47,0,2,2,49
03/31/2019,JAN,MS,ASO,CE,Combined TRACON& Tower with Radar,30,20,14,9,73,0,2,0,0,2,30,22,14,9,75,0,14,14,89
04/01/2019,JAN,MS,ASO,CE,Combined TRACON& Tower with Radar,32,38,20,34,124,0,0,1,2,3,32,38,21,36,127,0,48,48,175
04/02/2019,JAN,MS,ASO,CE,Combined TRACON& Tower with Radar,31,28,26,13,98,0,1,3,6,10,31,29,29,19,108,0,74,74,182
04/03/2019,JAN,MS,ASO,CE,Combined TRACON& Tower with Radar,30,28,25,37,120,0,10,1,3,14,30,38,26,40,134,4,54,58,192
04/04/2019,JAN,MS,ASO,CE,Combined TRACON& Tower with Radar,39,26,15,10,90,0,0,0,0,0,39,26,15,10,90,0,0,0,90
04/05/2019,JAN,MS,ASO,CE,Combined TRACON& Tower with Radar,34,30,24,71,159,0,2,4,1,7,34,32,28,72,166,6,80,86,252
04/06/2019,JAN,MS,ASO,CE,Combined TRACON& Tower with Radar,23,17,13,6,59,0,0,0,0,0,23,17,13,6,59,0,4,4,63
04/07/2019,JAN,MS,ASO,CE,Combined TRACON& Tower with Radar,27,21,5,4,57,0,2,0,1,3,27,23,5,5,60,6,0,6,66
04/08/2019,JAN,MS,ASO,CE,Combined TRACON& Tower with Radar,30,27,23,29,109,0,0,2,1,3,30,27,25,30,112,0,90,90,202
04/09/2019,JAN,MS,ASO,CE,Combined TRACON& Tower with Radar,31,26,11,33,101,0,2,3,1,6,31,28,14,34,107,12,92,104,211
04/10/2019,JAN,MS,ASO,CE,Combined TRACON& Tower with Radar,30,24,42,88,184,0,3,2,5,10,30,27,44,93,194,0,165,165,359
04/11/2019,JAN,MS,ASO,CE,Combined TRACON& Tower with Radar,33,34,31,38,136,0,4,4,3,11,33,38,35,41,147,0,112,112,259
04/12/2019,JAN,MS,ASO,CE,Combined TRACON& Tower with Radar,31,19,20,10,80,0,0,3,1,4,31,19,23,11,84,0,8,8,92
04/13/2019,JAN,MS,ASO,CE,Combined TRACON& Tower with Radar,16,11,3,0,30,0,0,0,0,0,16,11,3,0,30,0,0,0,30
04/14/2019,JAN,MS,ASO,CE,Combined TRACON& Tower with Radar,25,21,15,4,65,0,2,1,0,3,25,23,16,4,68,0,2,2,70
04/15/2019,JAN,MS,ASO,CE,Combined TRACON& Tower with Radar,32,17,10,20,79,0,5,2,2,9,32,22,12,22,88,6,38,44,132
04/16/2019,JAN,MS,ASO,CE,Combined TRACON& Tower with Radar,30,20,16,44,110,0,1,4,4,9,30,21,20,48,119,0,118,118,237
04/17/2019,JAN,MS,ASO,CE,Combined TRACON& Tower with Radar,28,24,15,36,103,0,3,1,2,6,28,27,16,38,109,0,92,92,201
04/18/2019,JAN,MS,ASO,CE,Combined TRACON& Tower with Radar,26,19,11,4,60,0,2,0,0,2,26,21,11,4,62,0,6,6,68
04/19/2019,JAN,MS,ASO,CE,Combined TRACON& Tower with Radar,31,21,8,1,61,0,0,2,0,2,31,21,10,1,63,0,2,2,65
04/20/2019,JAN,MS,ASO,CE,Combined TRACON& Tower with Radar,19,17,8,0,44,0,0,3,0,3,19,17,11,0,47,0,10,10,57
04/21/2019,JAN,MS,ASO,CE,Combined TRACON& Tower with Radar,29,13,8,8,58,0,0,2,0,2,29,13,10,8,60,4,12,16,76
04/22/2019,JAN,MS,ASO,CE,Combined TRACON& Tower with Radar,33,22,24,29,108,0,1,4,0,5,33,23,28,29,113,0,50,50,163
04/23/2019,JAN,MS,ASO,CE,Combined TRACON& Tower with Radar,32,21,30,39,122,0,3,1,4,8,32,24,31,43,130,0,116,116,246
04/24/2019,JAN,MS,ASO,CE,Combined TRACON& Tower with Radar,30,20,24,50,124,0,0,6,4,10,30,20,30,54,134,6,50,56,190
04/25/2019,JAN,MS,ASO,CE,Combined TRACON& Tower with Radar,33,18,16,10,77,0,2,4,0,6,33,20,20,10,83,6,6,12,95
04/26/2019,JAN,MS,ASO,CE,Combined TRACON& Tower with Radar,33,25,22,28,108,0,3,6,5,14,33,28,28,33,122,10,74,84,206
04/27/2019,JAN,MS,ASO,CE,Combined TRACON& Tower with Radar,20,14,10,8,52,0,5,2,0,7,20,19,12,8,59,2,4,6,65
04/28/2019,JAN,MS,ASO,CE,Combined TRACON& Tower with Radar,29,17,8,17,71,0,2,4,1,7,29,19,12,18,78,2,14,16,94
04/29/2019,JAN,MS,ASO,CE,Combined TRACON& Tower with Radar,30,39,17,34,120,0,1,1,4,6,30,40,18,38,126,16,130,146,272
04/30/2019,JAN,MS,ASO,CE,Combined TRACON& Tower with Radar,27,17,17,20,81,0,1,3,3,7,27,18,20,23,88,6,50,56,144
05/01/2019,JAN,MS,ASO,CE,Combined TRACON& Tower with Radar,32,33,22,47,134,0,1,1,3,5,32,34,23,50,139,6,110,116,255
05/02/2019,JAN,MS,ASO,CE,Combined TRACON& Tower with Radar,32,22,13,34,101,0,0,4,3,7,32,22,17,37,108,0,100,100,208
05/03/2019,JAN,MS,ASO,CE,Combined TRACON& Tower with Radar,40,14,16,48,118,0,2,3,0,5,40,16,19,48,123,2,68,70,193
05/04/2019,JAN,MS,ASO,CE,Combined TRACON& Tower with Radar,26,13,8,2,49,0,0,0,0,0,26,13,8,2,49,0,0,0,49
05/05/2019,JAN,MS,ASO,CE,Combined TRACON& Tower with Radar,32,20,25,15,92,0,2,3,4,9,32,22,28,19,101,6,12,18,119
05/06/2019,JAN,MS,ASO,CE,Combined TRACON& Tower with Radar,37,23,17,35,112,0,3,1,3,7,37,26,18,38,119,0,76,76,195
05/07/2019,JAN,MS,ASO,CE,Combined TRACON& Tower with Radar,33,18,32,19,102,0,1,2,2,5,33,19,34,21,107,6,68,74,181
05/08/2019,JAN,MS,ASO,CE,Combined TRACON& Tower with Radar,28,10,28,31,97,0,1,1,1,3,28,11,29,32,100,0,50,50,150
05/09/2019,JAN,MS,ASO,CE,Combined TRACON& Tower with Radar,34,14,18,39,105,0,0,1,0,1,34,14,19,39,106,0,64,64,170
05/10/2019,JAN,MS,ASO,CE,Combined TRACON& Tower with Radar,37,11,22,5,75,0,0,0,0,0,37,11,22,5,75,0,0,0,75
05/11/2019,JAN,MS,ASO,CE,Combined TRACON& Tower with Radar,29,12,14,6,61,0,1,0,0,1,29,13,14,6,62,0,8,8,70
05/12/2019,JAN,MS,ASO,CE,Combined TRACON& Tower with Radar,30,16,3,4,53,0,1,0,0,1,30,17,3,4,54,2,0,2,56
05/13/2019,JAN,MS,ASO,CE,Combined TRACON& Tower with Radar,37,18,25,33,113,0,1,3,0,4,37,19,28,33,117,2,86,88,205
05/14/2019,JAN,MS,ASO,CE,Combined TRACON& Tower with Radar,34,20,31,44,129,0,9,5,6,20,34,29,36,50,149,0,108,108,257
05/15/2019,JAN,MS,ASO,CE,Combined TRACON& Tower with Radar,38,21,34,49,142,0,0,8,6,14,38,21,42,55,156,0,174,174,330
05/16/2019,JAN,MS,ASO,CE,Combined TRACON& Tower with Radar,33,19,19,45,116,0,1,5,11,17,33,20,24,56,133,0,138,138,271
05/17/2019,JAN,MS,ASO,CE,Combined TRACON& Tower with Radar,36,23,15,31,105,0,1,6,3,10,36,24,21,34,115,6,26,32,147
05/18/2019,JAN,MS,ASO,CE,Combined TRACON& Tower with Radar,25,9,7,16,57,0,0,1,0,1,25,9,8,16,58,0,2,2,60
05/19/2019,JAN,MS,ASO,CE,Combined TRACON& Tower with Radar,33,20,11,5,69,0,0,1,0,1,33,20,12,5,70,0,4,4,74
05/20/2019,JAN,MS,ASO,CE,Combined TRACON& Tower with Radar,40,21,30,28,119,0,2,6,3,11,40,23,36,31,130,4,62,66,196
05/21/2019,JAN,MS,ASO,CE,Combined TRACON& Tower with Radar,35,16,20,39,110,0,2,4,7,13,35,18,24,46,123,0,70,70,193
05/22/2019,JAN,MS,ASO,CE,Combined TRACON& Tower with Radar,36,20,25,37,118,0,2,1,6,9,36,22,26,43,127,0,60,60,187
05/23/2019,JAN,MS,ASO,CE,Combined TRACON& Tower with Radar,33,30,31,27,121,0,3,3,5,11,33,33,34,32,132,16,36,52,184
05/24/2019,JAN,MS,ASO,CE,Combined TRACON& Tower with Radar,39,19,27,6,91,0,6,7,0,13,39,25,34,6,104,5,6,11,115
05/25/2019,JAN,MS,ASO,CE,Combined TRACON& Tower with Radar,27,8,5,2,42,0,1,4,0,5,27,9,9,2,47,0,0,0,47
05/26/2019,JAN,MS,ASO,CE,Combined TRACON& Tower with Radar,24,14,10,0,48,0,4,7,0,11,24,18,17,0,59,0,0,0,59
05/27/2019,JAN,MS,ASO,CE,Combined TRACON& Tower with Radar,35,18,14,6,73,0,3,3,2,8,35,21,17,8,81,8,0,8,89
05/28/2019,JAN,MS,ASO,CE,Combined TRACON& Tower with Radar,37,29,14,37,117,0,1,2,8,11,37,30,16,45,128,2,102,104,232
05/29/2019,JAN,MS,ASO,CE,Combined TRACON& Tower with Radar,37,14,11,41,103,0,2,2,7,11,37,16,13,48,114,2,142,144,258
05/30/2019,JAN,MS,ASO,CE,Combined TRACON& Tower with Radar,33,12,15,23,83,0,2,4,4,10,33,14,19,27,93,0,94,94,187
05/31/2019,JAN,MS,ASO,CE,Combined TRACON& Tower with Radar,40,18,19,22,99,0,1,3,5,9,40,19,22,27,108,0,84,84,192
06/01/2019,JAN,MS,ASO,CE,Combined TRACON& Tower with Radar,25,16,3,9,53,0,0,3,5,8,25,16,6,14,61,0,16,16,77
06/02/2019,JAN,MS,ASO,CE,Combined TRACON& Tower with Radar,33,13,13,3,62,0,2,1,1,4,33,15,14,4,66,0,6,6,72
06/03/2019,JAN,MS,ASO,CE,Combined TRACON& Tower with Radar,36,21,14,35,106,0,0,1,3,4,36,21,15,38,110,2,86,88,198
06/04/2019,JAN,MS,ASO,CE,Combined TRACON& Tower with Radar,35,15,15,29,94,0,1,2,4,7,35,16,17,33,101,2,84,86,187
06/05/2019,JAN,MS,ASO,CE,Combined TRACON& Tower with Radar,38,14,19,17,88,0,3,2,1,6,38,17,21,18,94,0,22,22,116
06/06/2019,JAN,MS,ASO,CE,Combined TRACON& Tower with Radar,31,23,16,19,89,0,0,0,0,0,31,23,16,19,89,0,36,36,125
06/07/2019,JAN,MS,ASO,CE,Combined TRACON& Tower with Radar,31,16,13,7,67,0,0,1,0,1,31,16,14,7,68,0,0,0,68
06/08/2019,JAN,MS,ASO,CE,Combined TRACON& Tower with Radar,29,16,7,0,52,0,2,4,0,6,29,18,11,0,58,0,0,0,58
06/09/2019,JAN,MS,ASO,CE,Combined TRACON& Tower with Radar,24,13,17,10,64,0,2,2,0,4,24,15,19,10,68,2,32,34,102
06/10/2019,JAN,MS,ASO,CE,Combined TRACON& Tower with Radar,34,19,23,18,94,0,0,4,8,12,34,19,27,26,106,0,160,160,266
06/11/2019,JAN,MS,ASO,CE,Combined TRACON& Tower with Radar,31,18,16,23,88,0,4,2,7,13,31,22,18,30,101,0,118,118,219
06/12/2019,JAN,MS,ASO,CE,Combined TRACON& Tower with Radar,27,20,27,25,99,0,1,8,14,23,27,21,35,39,122,0,110,110,232
06/13/2019,JAN,MS,ASO,CE,Combined TRACON& Tower with Radar,30,17,32,22,101,0,1,3,2,6,30,18,35,24,107,2,40,42,149
06/14/2019,JAN,MS,ASO,CE,Combined TRACON& Tower with Radar,34,16,20,19,89,0,4,7,2,13,34,20,27,21,102,6,108,114,216
06/15/2019,JAN,MS,ASO,CE,Combined TRACON& Tower with Radar,31,17,3,10,61,0,3,3,2,8,31,20,6,12,69,0,18,18,87
06/16/2019,JAN,MS,ASO,CE,Combined TRACON& Tower with Radar,30,9,11,16,66,0,1,0,0,1,30,10,11,16,67,0,12,12,79
06/17/2019,JAN,MS,ASO,CE,Combined TRACON& Tower with Radar,33,9,16,8,66,0,2,2,1,5,33,11,18,9,71,0,4,4,75
06/18/2019,JAN,MS,ASO,CE,Combined TRACON& Tower with Radar,30,17,19,75,141,0,4,3,5,12,30,21,22,80,153,4,112,116,269
06/19/2019,JAN,MS,ASO,CE,Combined TRACON& Tower with Radar,27,17,27,19,90,0,3,0,2,5,27,20,27,21,95,2,54,56,151
06/20/2019,JAN,MS,ASO,CE,Combined TRACON& Tower with Radar,30,16,41,39,126,0,3,3,7,13,30,19,44,46,139,0,80,80,219
06/21/2019,JAN,MS,ASO,CE,Combined TRACON& Tower with Radar,35,21,9,27,92,0,6,2,1,9,35,27,11,28,101,0,110,110,211
06/22/2019,JAN,MS,ASO,CE,Combined TRACON& Tower with Radar,26,15,7,18,66,0,0,0,1,1,26,15,7,19,67,2,14,16,83
06/23/2019,JAN,MS,ASO,CE,Combined TRACON& Tower with Radar,27,14,15,8,64,0,2,0,1,3,27,16,15,9,67,0,14,14,81
06/24/2019,JAN,MS,ASO,CE,Combined TRACON& Tower with Radar,37,15,12,30,94,0,5,2,5,12,37,20,14,35,106,0,132,132,238
06/25/2019,JAN,MS,ASO,CE,Combined TRACON& Tower with Radar,30,15,20,20,85,0,0,5,3,8,30,15,25,23,93,0,66,66,159
06/26/2019,JAN,MS,ASO,CE,Combined TRACON& Tower with Radar,30,17,19,20,86,0,2,2,4,8,30,19,21,24,94,10,82,92,186
06/27/2019,JAN,MS,ASO,CE,Combined TRACON& Tower with Radar,30,28,17,47,122,0,3,6,10,19,30,31,23,57,141,20,72,92,233
06/28/2019,JAN,MS,ASO,CE,Combined TRACON& Tower with Radar,34,12,10,3,59,0,0,2,0,2,34,12,12,3,61,0,10,10,71
06/29/2019,JAN,MS,ASO,CE,Combined TRACON& Tower with Radar,27,8,7,23,65,0,3,0,1,4,27,11,7,24,69,0,28,28,97
06/30/2019,JAN,MS,ASO,CE,Combined TRACON& Tower with Radar,23,13,14,12,62,0,1,4,0,5,23,14,18,12,67,0,12,12,79
07/01/2019,JAN,MS,ASO,CE,Combined TRACON& Tower with Radar,29,14,13,36,92,0,1,6,12,19,29,15,19,48,111,0,86,86,197
07/02/2019,JAN,MS,ASO,CE,Combined TRACON& Tower with Radar,26,16,23,34,99,0,3,7,1,11,26,19,30,35,110,6,90,96,206
07/03/2019,JAN,MS,ASO,CE,Combined TRACON& Tower with Radar,22,23,13,28,86,0,4,0,4,8,22,27,13,32,94,0,58,58,152
07/04/2019,JAN,MS,ASO,CE,Combined TRACON& Tower with Radar,22,5,6,3,36,0,5,2,0,7,22,10,8,3,43,2,0,2,45
07/05/2019,JAN,MS,ASO,CE,Combined TRACON& Tower with Radar,29,9,11,0,49,0,0,5,0,5,29,9,16,0,54,20,0,20,74
07/06/2019,JAN,MS,ASO,CE,Combined TRACON& Tower with Radar,25,9,5,2,41,0,2,1,1,4,25,11,6,3,45,4,1,5,50
07/07/2019,JAN,MS,ASO,CE,Combined TRACON& Tower with Radar,30,11,12,0,53,0,0,4,0,4,30,11,16,0,57,0,0,0,57
07/08/2019,JAN,MS,ASO,CE,Combined TRACON& Tower with Radar,35,16,20,26,97,0,3,2,2,7,35,19,22,28,104,0,40,40,144
07/09/2019,JAN,MS,ASO,CE,Combined TRACON& Tower with Radar,35,45,17,11,108,0,0,2,2,4,35,45,19,13,112,4,96,100,212
07/10/2019,JAN,MS,ASO,CE,Combined TRACON& Tower with Radar,30,26,24,32,112,0,3,2,12,17,30,29,26,44,129,4,86,90,219
07/11/2019,JAN,MS,ASO,CE,Combined TRACON& Tower with Radar,31,12,23,34,100,0,1,4,5,10,31,13,27,39,110,8,72,80,190
07/12/2019,JAN,MS,ASO,CE,Combined TRACON& Tower with Radar,38,21,9,21,89,0,0,1,5,6,38,21,10,26,95,2,46,48,143
07/13/2019,JAN,MS,ASO,CE,Combined TRACON& Tower with Radar,26,10,5,12,53,0,0,0,0,0,26,10,5,12,53,0,6,6,59
07/14/2019,JAN,MS,ASO,CE,Combined TRACON& Tower with Radar,30,12,6,3,51,0,0,0,0,0,30,12,6,3,51,0,0,0,51
07/15/2019,JAN,MS,ASO,CE,Combined TRACON& Tower with Radar,37,16,11,0,64,0,0,0,0,0,37,16,11,0,64,0,0,0,64
07/16/2019,JAN,MS,ASO,CE,Combined TRACON& Tower with Radar,33,15,20,8,76,0,3,0,0,3,33,18,20,8,79,0,6,6,85
07/17/2019,JAN,MS,ASO,CE,Combined TRACON& Tower with Radar,33,14,25,56,128,0,3,2,3,8,33,17,27,59,136,0,118,118,254
07/18/2019,JAN,MS,ASO,CE,Combined TRACON& Tower with Radar,32,21,19,35,107,0,6,4,10,20,32,27,23,45,127,8,180,188,315
07/19/2019,JAN,MS,ASO,CE,Combined TRACON& Tower with Radar,37,20,22,27,106,0,5,5,3,13,37,25,27,30,119,0,86,86,205
07/20/2019,JAN,MS,ASO,CE,Combined TRACON& Tower with Radar,27,8,6,2,43,0,1,6,0,7,27,9,12,2,50,0,0,0,50
07/21/2019,JAN,MS,ASO,CE,Combined TRACON& Tower with Radar,38,14,18,10,80,0,1,0,0,1,38,15,18,10,81,0,6,6,87
07/22/2019,JAN,MS,ASO,CE,Combined TRACON& Tower with Radar,35,18,14,43,110,0,4,0,3,7,35,22,14,46,117,4,64,68,185
07/23/2019,JAN,MS,ASO,CE,Combined TRACON& Tower with Radar,31,21,17,15,84,0,2,5,5,12,31,23,22,20,96,4,54,58,154
07/24/2019,JAN,MS,ASO,CE,Combined TRACON& Tower with Radar,32,20,30,28,110,0,1,5,6,12,32,21,35,34,122,12,158,170,292
07/25/2019,JAN,MS,ASO,CE,Combined TRACON& Tower with Radar,32,18,19,25,94,0,5,4,6,15,32,23,23,31,109,6,82,88,197
07/26/2019,JAN,MS,ASO,CE,Combined TRACON& Tower with Radar,36,18,16,25,95,0,2,4,4,10,36,20,20,29,105,6,100,106,211
07/27/2019,JAN,MS,ASO,CE,Combined TRACON& Tower with Radar,26,10,8,5,49,0,3,6,4,13,26,13,14,9,62,0,12,12,74
07/28/2019,JAN,MS,ASO,CE,Combined TRACON& Tower with Radar,31,16,11,17,75,0,2,0,0,2,31,18,11,17,77,0,38,38,115
07/29/2019,JAN,MS,ASO,CE,Combined TRACON& Tower with Radar,36,13,18,13,80,0,1,0,2,3,36,14,18,15,83,0,44,44,127
07/30/2019,JAN,MS,ASO,CE,Combined TRACON& Tower with Radar,32,16,11,29,88,0,1,0,2,3,32,17,11,31,91,0,0,0,91
07/31/2019,JAN,MS,ASO,CE,Combined TRACON& Tower with Radar,33,21,24,19,97,0,2,2,2,6,33,23,26,21,103,0,50,50,153
08/01/2019,JAN,MS,ASO,CE,Combined TRACON& Tower with Radar,29,21,18,40,108,0,1,3,13,17,29,22,21,53,125,2,76,78,203
08/02/2019,JAN,MS,ASO,CE,Combined TRACON& Tower with Radar,40,29,12,17,98,0,2,8,14,24,40,31,20,31,122,12,140,152,274
08/03/2019,JAN,MS,ASO,CE,Combined TRACON& Tower with Radar,32,10,1,0,43,0,3,4,0,7,32,13,5,0,50,12,0,12,62
08/04/2019,JAN,MS,ASO,CE,Combined TRACON& Tower with Radar,37,15,5,14,71,0,3,2,5,10,37,18,7,19,81,0,32,32,113
08/05/2019,JAN,MS,ASO,CE,Combined TRACON& Tower with Radar,38,21,23,31,113,0,2,3,1,6,38,23,26,32,119,9,48,57,176
08/06/2019,JAN,MS,ASO,CE,Combined TRACON& Tower with Radar,37,17,23,23,100,0,2,8,4,14,37,19,31,27,114,8,48,56,170
08/07/2019,JAN,MS,ASO,CE,Combined TRACON& Tower with Radar,38,23,13,7,81,0,5,2,7,14,38,28,15,14,95,0,16,16,111
08/08/2019,JAN,MS,ASO,CE,Combined TRACON& Tower with Radar,38,22,27,15,102,0,3,4,0,7,38,25,31,15,109,2,28,30,139
08/09/2019,JAN,MS,ASO,CE,Combined TRACON& Tower with Radar,40,14,8,16,78,0,4,1,0,5,40,18,9,16,83,6,24,30,113
08/10/2019,JAN,MS,ASO,CE,Combined TRACON& Tower with Radar,40,7,3,2,52,0,0,1,0,1,40,7,4,2,53,12,4,16,69
08/11/2019,JAN,MS,ASO,CE,Combined TRACON& Tower with Radar,41,29,12,3,85,0,2,1,0,3,41,31,13,3,88,0,18,18,106
08/12/2019,JAN,MS,ASO,CE,Combined TRACON& Tower with Radar,38,21,11,9,79,0,1,2,0,3,38,22,13,9,82,0,34,34,116
08/13/2019,JAN,MS,ASO,CE,Combined TRACON& Tower with Radar,35,17,23,18,93,0,4,6,5,15,35,21,29,23,108,0,108,108,216
08/14/2019,JAN,MS,ASO,CE,Combined TRACON& Tower with Radar,31,23,28,9,91,0,1,1,1,3,31,24,29,10,94,0,62,62,156
08/15/2019,JAN,MS,ASO,CE,Combined TRACON& Tower with Radar,33,24,35,31,123,0,1,3,11,15,33,25,38,42,138,0,102,102,240
08/16/2019,JAN,MS,ASO,CE,Combined TRACON& Tower with Radar,44,15,17,24,100,0,2,4,5,11,44,17,21,29,111,2,107,109,220
08/17/2019,JAN,MS,ASO,CE,Combined TRACON& Tower with Radar,29,8,4,9,50,0,3,3,0,6,29,11,7,9,56,0,14,14,70
08/18/2019,JAN,MS,ASO,CE,Combined TRACON& Tower with Radar,31,14,8,13,66,0,2,6,2,10,31,16,14,15,76,2,22,24,100
08/19/2019,JAN,MS,ASO,CE,Combined TRACON& Tower with Radar,36,15,29,6,86,0,0,2,0,2,36,15,31,6,88,0,48,48,136
08/20/2019,JAN,MS,ASO,CE,Combined TRACON& Tower with Radar,36,21,23,46,126,0,0,3,6,9,36,21,26,52,135,2,142,144,279
08/21/2019,JAN,MS,ASO,CE,Combined TRACON& Tower with Radar,40,14,21,38,113,0,1,5,1,7,40,15,26,39,120,0,84,84,204
08/22/2019,JAN,MS,ASO,CE,Combined TRACON& Tower with Radar,40,11,19,11,81,0,0,5,0,5,40,11,24,11,86,0,12,12,98
08/23/2019,JAN,MS,ASO,CE,Combined TRACON& Tower with Radar,39,16,19,52,126,0,0,3,6,9,39,16,22,58,135,2,178,180,315
08/24/2019,JAN,MS,ASO,CE,Combined TRACON& Tower with Radar,27,7,7,16,57,0,3,1,7,11,27,10,8,23,68,4,44,48,116
08/25/2019,JAN,MS,ASO,CE,Combined TRACON& Tower with Radar,34,6,16,37,93,0,2,0,2,4,34,8,16,39,97,0,34,34,131
08/26/2019,JAN,MS,ASO,CE,Combined TRACON& Tower with Radar,42,18,13,16,89,0,0,1,0,1,42,18,14,16,90,0,14,14,104
08/27/2019,JAN,MS,ASO,CE,Combined TRACON& Tower with Radar,36,12,15,27,90,0,0,0,1,1,36,12,15,28,91,0,50,50,141
08/28/2019,JAN,MS,ASO,CE,Combined TRACON& Tower with Radar,42,14,25,16,97,0,1,0,8,9,42,15,25,24,106,2,90,92,198
08/29/2019,JAN,MS,ASO,CE,Combined TRACON& Tower with Radar,39,12,33,22,106,0,5,4,5,14,39,17,37,27,120,0,44,44,164
08/30/2019,JAN,MS,ASO,CE,Combined TRACON& Tower with Radar,40,13,7,6,66,0,3,3,0,6,40,16,10,6,72,0,10,10,82
08/31/2019,JAN,MS,ASO,CE,Combined TRACON& Tower with Radar,27,9,6,3,45,0,1,3,1,5,27,10,9,4,50,1,2,3,53
09/01/2019,JAN,MS,ASO,CE,Combined TRACON& Tower with Radar,26,8,2,0,36,0,4,2,0,6,26,12,4,0,42,0,0,0,42
09/02/2019,JAN,MS,ASO,CE,Combined TRACON& Tower with Radar,32,11,19,0,62,0,1,3,0,4,32,12,22,0,66,0,0,0,66
09/03/2019,JAN,MS,ASO,CE,Combined TRACON& Tower with Radar,27,16,21,37,101,0,7,2,11,20,27,23,23,48,121,0,130,130,251
09/04/2019,JAN,MS,ASO,CE,Combined TRACON& Tower with Radar,27,20,16,22,85,0,1,2,9,12,27,21,18,31,97,2,54,56,153
09/05/2019,JAN,MS,ASO,CE,Combined TRACON& Tower with Radar,31,16,18,20,85,0,1,8,9,18,31,17,26,29,103,8,100,108,211
09/06/2019,JAN,MS,ASO,CE,Combined TRACON& Tower with Radar,31,19,18,25,93,0,1,6,1,8,31,20,24,26,101,2,36,38,139
09/07/2019,JAN,MS,ASO,CE,Combined TRACON& Tower with Radar,26,20,4,8,58,0,1,4,1,6,26,21,8,9,64,2,4,6,70
09/08/2019,JAN,MS,ASO,CE,Combined TRACON& Tower with Radar,27,19,7,17,70,0,8,4,5,17,27,27,11,22,87,2,32,34,121
09/09/2019,JAN,MS,ASO,CE,Combined TRACON& Tower with Radar,33,22,35,34,124,0,3,5,8,16,33,25,40,42,140,0,54,54,194
09/10/2019,JAN,MS,ASO,CE,Combined TRACON& Tower with Radar,32,19,12,31,94,0,1,0,7,8,32,20,12,38,102,0,108,108,210
09/11/2019,JAN,MS,ASO,CE,Combined TRACON& Tower with Radar,31,17,16,29,93,0,2,3,3,8,31,19,19,32,101,2,72,74,175
09/12/2019,JAN,MS,ASO,CE,Combined TRACON& Tower with Radar,32,23,17,40,112,0,3,6,8,17,32,26,23,48,129,0,104,104,233
09/13/2019,JAN,MS,ASO,CE,Combined TRACON& Tower with Radar,32,18,19,28,97,0,2,6,9,17,32,20,25,37,114,2,68,70,184
09/14/2019,JAN,MS,ASO,CE,Combined TRACON& Tower with Radar,24,14,9,4,51,0,1,3,0,4,24,15,12,4,55,4,4,8,63
09/15/2019,JAN,MS,ASO,CE,Combined TRACON& Tower with Radar,29,17,30,16,92,0,1,2,1,4,29,18,32,17,96,8,18,26,122
09/16/2019,JAN,MS,ASO,CE,Combined TRACON& Tower with Radar,32,26,32,27,117,0,1,5,7,13,32,27,37,34,130,9,46,55,185
09/17/2019,JAN,MS,ASO,CE,Combined TRACON& Tower with Radar,28,21,30,31,110,0,4,4,4,12,28,25,34,35,122,0,72,72,194
09/18/2019,JAN,MS,ASO,CE,Combined TRACON& Tower with Radar,31,26,34,33,124,0,2,9,7,18,31,28,43,40,142,20,144,164,306
09/19/2019,JAN,MS,ASO,CE,Combined TRACON& Tower with Radar,30,18,39,43,130,0,0,6,2,8,30,18,45,45,138,0,54,54,192
09/20/2019,JAN,MS,ASO,CE,Combined TRACON& Tower with Radar,36,14,37,44,131,0,4,3,8,15,36,18,40,52,146,0,92,92,238
09/21/2019,JAN,MS,ASO,CE,Combined TRACON& Tower with Radar,27,15,10,3,55,0,11,0,2,13,27,26,10,5,68,0,8,8,76
09/22/2019,JAN,MS,ASO,CE,Combined TRACON& Tower with Radar,26,25,23,13,87,0,3,5,0,8,26,28,28,13,95,0,36,36,131
09/23/2019,JAN,MS,ASO,CE,Combined TRACON& Tower with Radar,34,21,16,38,109,0,2,3,3,8,34,23,19,41,117,2,38,40,157
09/24/2019,JAN,MS,ASO,CE,Combined TRACON& Tower with Radar,28,26,15,42,111,0,1,4,12,17,28,27,19,54,128,0,118,118,246
09/25/2019,JAN,MS,ASO,CE,Combined TRACON& Tower with Radar,28,21,27,39,115,0,3,3,6,12,28,24,30,45,127,0,94,94,221
09/26/2019,JAN,MS,ASO,CE,Combined TRACON& Tower with Radar,34,23,23,32,112,0,6,2,3,11,34,29,25,35,123,0,71,71,194
09/27/2019,JAN,MS,ASO,CE,Combined TRACON& Tower with Radar,35,21,19,15,90,0,4,2,3,9,35,25,21,18,99,10,68,78,177
09/28/2019,JAN,MS,ASO,CE,Combined TRACON& Tower with Radar,23,15,11,2,51,0,1,2,0,3,23,16,13,2,54,0,10,10,64
09/29/2019,JAN,MS,ASO,CE,Combined TRACON& Tower with Radar,25,16,16,0,57,0,2,2,0,4,25,18,18,0,61,0,0,0,61
09/30/2019,JAN,MS,ASO,CE,Combined TRACON& Tower with Radar,33,24,25,12,94,0,0,7,5,12,33,24,32,17,106,4,24,28,134
10/01/2019,JAN,MS,ASO,CE,Combined TRACON& Tower with Radar,32,20,25,21,98,0,2,1,8,11,32,22,26,29,109,2,104,106,215
10/02/2019,JAN,MS,ASO,CE,Combined TRACON& Tower with Radar,33,16,19,20,88,0,2,4,4,10,33,18,23,24,98,8,72,80,178
10/03/2019,JAN,MS,ASO,CE,Combined TRACON& Tower with Radar,31,19,17,8,75,0,0,2,1,3,31,19,19,9,78,0,52,52,130
10/04/2019,JAN,MS,ASO,CE,Combined TRACON& Tower with Radar,36,17,12,13,78,0,3,4,3,10,36,20,16,16,88,1,14,15,103
10/05/2019,JAN,MS,ASO,CE,Combined TRACON& Tower with Radar,27,12,4,6,49,0,3,6,1,10,27,15,10,7,59,0,10,10,69
10/06/2019,JAN,MS,ASO,CE,Combined TRACON& Tower with Radar,30,21,9,26,86,0,1,0,0,1,30,22,9,26,87,0,28,28,115
10/07/2019,JAN,MS,ASO,CE,Combined TRACON& Tower with Radar,38,20,11,11,80,0,1,2,1,4,38,21,13,12,84,0,48,48,132
10/08/2019,JAN,MS,ASO,CE,Combined TRACON& Tower with Radar,34,19,26,19,98,0,1,5,2,8,34,20,31,21,106,10,72,82,188
10/09/2019,JAN,MS,ASO,CE,Combined TRACON& Tower with Radar,33,16,13,13,75,0,5,6,1,12,33,21,19,14,87,0,44,44,131
10/10/2019,JAN,MS,ASO,CE,Combined TRACON& Tower with Radar,37,21,38,25,121,0,2,4,4,10,37,23,42,29,131,0,74,74,205
10/11/2019,JAN,MS,ASO,CE,Combined TRACON& Tower with Radar,36,16,15,26,93,0,0,0,1,1,36,16,15,27,94,0,10,10,104
10/12/2019,JAN,MS,ASO,CE,Combined TRACON& Tower with Radar,30,14,18,1,63,0,0,3,0,3,30,14,21,1,66,0,0,0,66
10/13/2019,JAN,MS,ASO,CE,Combined TRACON& Tower with Radar,30,14,11,1,56,0,0,2,2,4,30,14,13,3,60,4,0,4,64
10/14/2019,JAN,MS,ASO,CE,Combined TRACON& Tower with Radar,40,15,15,6,76,0,0,2,0,2,40,15,17,6,78,0,4,4,82
10/15/2019,JAN,MS,ASO,CE,Combined TRACON& Tower with Radar,37,15,21,3,76,0,0,0,0,0,37,15,21,3,76,0,0,0,76
10/16/2019,JAN,MS,ASO,CE,Combined TRACON& Tower with Radar,34,16,26,25,101,0,1,5,4,10,34,17,31,29,111,2,68,70,181
10/17/2019,JAN,MS,ASO,CE,Combined TRACON& Tower with Radar,37,15,30,41,123,0,2,6,7,15,37,17,36,48,138,0,110,110,248
10/18/2019,JAN,MS,ASO,CE,Combined TRACON& Tower with Radar,42,16,21,19,98,0,1,1,3,5,42,17,22,22,103,4,52,56,159
10/19/2019,JAN,MS,ASO,CE,Combined TRACON& Tower with Radar,24,13,11,10,58,0,0,0,0,0,24,13,11,10,58,0,6,6,64
10/20/2019,JAN,MS,ASO,CE,Combined TRACON& Tower with Radar,28,18,12,1,59,0,1,1,0,2,28,19,13,1,61,0,0,0,61
10/21/2019,JAN,MS,ASO,CE,Combined TRACON& Tower with Radar,38,18,24,5,85,0,0,1,0,1,38,18,25,5,86,0,4,4,90
10/22/2019,JAN,MS,ASO,CE,Combined TRACON& Tower with Radar,28,13,19,17,77,0,0,7,5,12,28,13,26,22,89,6,20,26,115
10/23/2019,JAN,MS,ASO,CE,Combined TRACON& Tower with Radar,34,19,28,41,122,0,0,5,8,13,34,19,33,49,135,14,104,118,253
10/24/2019,JAN,MS,ASO,CE,Combined TRACON& Tower with Radar,32,20,23,46,121,0,3,1,8,12,32,23,24,54,133,2,108,110,243
10/25/2019,JAN,MS,ASO,CE,Combined TRACON& Tower with Radar,35,19,20,2,76,0,0,0,0,0,35,19,20,2,76,0,0,0,76
10/26/2019,JAN,MS,ASO,CE,Combined TRACON& Tower with Radar,28,12,15,14,69,0,0,0,0,0,28,12,15,14,69,4,6,10,79
10/27/2019,JAN,MS,ASO,CE,Combined TRACON& Tower with Radar,28,19,21,2,70,0,0,2,0,2,28,19,23,2,72,4,0,4,76
10/28/2019,JAN,MS,ASO,CE,Combined TRACON& Tower with Radar,29,21,17,23,90,0,1,2,0,3,29,22,19,23,93,0,22,22,115
10/29/2019,JAN,MS,ASO,CE,Combined TRACON& Tower with Radar,27,27,18,59,131,0,0,9,5,14,27,27,27,64,145,6,153,159,304
10/30/2019,JAN,MS,ASO,CE,Combined TRACON& Tower with Radar,26,20,25,42,113,0,0,0,0,0,26,20,25,42,113,0,48,48,161
10/31/2019,JAN,MS,ASO,CE,Combined TRACON& Tower with Radar,23,17,24,33,97,0,1,1,0,2,23,18,25,33,99,0,26,26,125
11/01/2019,JAN,MS,ASO,CE,Combined TRACON& Tower with Radar,30,26,21,26,103,0,2,7,6,15,30,28,28,32,118,0,156,156,274
11/02/2019,JAN,MS,ASO,CE,Combined TRACON& Tower with Radar,23,15,12,1,51,0,1,7,1,9,23,16,19,2,60,2,0,2,62
11/03/2019,JAN,MS,ASO,CE,Combined TRACON& Tower with Radar,29,24,21,4,78,0,2,4,0,6,29,26,25,4,84,2,6,8,92
11/04/2019,JAN,MS,ASO,CE,Combined TRACON& Tower with Radar,33,24,15,54,126,0,5,3,5,13,33,29,18,59,139,0,80,80,219
11/05/2019,JAN,MS,ASO,CE,Combined TRACON& Tower with Radar,27,22,32,38,119,0,3,4,12,19,27,25,36,50,138,0,114,114,252
11/06/2019,JAN,MS,ASO,CE,Combined TRACON& Tower with Radar,30,33,42,28,133,0,3,3,6,12,30,36,45,34,145,8,60,68,213
11/07/2019,JAN,MS,ASO,CE,Combined TRACON& Tower with Radar,27,28,19,13,87,1,2,1,0,4,28,30,20,13,91,0,10,10,101
11/08/2019,JAN,MS,ASO,CE,Combined TRACON& Tower with Radar,37,21,21,17,96,0,1,5,0,6,37,22,26,17,102,0,50,50,152
11/09/2019,JAN,MS,ASO,CE,Combined TRACON& Tower with Radar,22,18,7,1,48,0,1,1,1,3,22,19,8,2,51,4,6,10,61
11/10/2019,JAN,MS,ASO,CE,Combined TRACON& Tower with Radar,26,22,11,12,71,0,6,2,3,11,26,28,13,15,82,4,8,12,94
11/11/2019,JAN,MS,ASO,CE,Combined TRACON& Tower with Radar,30,25,12,6,73,0,0,0,0,0,30,25,12,6,73,0,10,10,83
11/12/2019,JAN,MS,ASO,CE,Combined TRACON& Tower with Radar,30,36,14,11,91,0,1,1,9,11,30,37,15,20,102,0,78,78,180
11/13/2019,JAN,MS,ASO,CE,Combined TRACON& Tower with Radar,31,36,12,27,106,0,3,4,22,29,31,39,16,49,135,0,74,74,209
11/14/2019,JAN,MS,ASO,CE,Combined TRACON& Tower with Radar,28,24,13,43,108,0,3,5,9,17,28,27,18,52,125,0,0,0,125
11/15/2019,JAN,MS,ASO,CE,Combined TRACON& Tower with Radar,29,32,19,26,106,0,4,1,6,11,29,36,20,32,117,0,126,126,243
11/16/2019,JAN,MS,ASO,CE,Combined TRACON& Tower with Radar,22,17,15,2,56,0,1,3,1,5,22,18,18,3,61,2,2,4,65
11/17/2019,JAN,MS,ASO,CE,Combined TRACON& Tower with Radar,26,23,21,7,77,0,0,6,0,6,26,23,27,7,83,0,8,8,91
11/18/2019,JAN,MS,ASO,CE,Combined TRACON& Tower with Radar,30,19,19,24,92,0,3,1,5,9,30,22,20,29,101,0,54,54,155
11/19/2019,JAN,MS,ASO,CE,Combined TRACON& Tower with Radar,31,21,31,27,110,0,2,4,2,8,31,23,35,29,118,0,134,134,252
11/20/2019,JAN,MS,ASO,CE,Combined TRACON& Tower with Radar,33,24,38,25,120,0,3,3,5,11,33,27,41,30,131,0,68,68,199
11/21/2019,JAN,MS,ASO,CE,Combined TRACON& Tower with Radar,29,19,39,21,108,0,1,4,2,7,29,20,43,23,115,4,100,104,219
11/22/2019,JAN,MS,ASO,CE,Combined TRACON& Tower with Radar,34,25,28,4,91,0,1,0,1,2,34,26,28,5,93,0,6,6,99
11/23/2019,JAN,MS,ASO,CE,Combined TRACON& Tower with Radar,26,12,5,5,48,0,3,1,0,4,26,15,6,5,52,0,2,2,54
11/24/2019,JAN,MS,ASO,CE,Combined TRACON& Tower with Radar,29,22,10,7,68,0,0,4,5,9,29,22,14,12,77,0,6,6,83
11/25/2019,JAN,MS,ASO,CE,Combined TRACON& Tower with Radar,32,31,14,27,104,0,2,0,4,6,32,33,14,31,110,0,78,78,188
11/26/2019,JAN,MS,ASO,CE,Combined TRACON& Tower with Radar,33,24,13,4,74,0,1,0,0,1,33,25,13,4,75,4,2,6,81
11/27/2019,JAN,MS,ASO,CE,Combined TRACON& Tower with Radar,35,21,12,11,79,0,0,3,2,5,35,21,15,13,84,4,72,76,160
11/28/2019,JAN,MS,ASO,CE,Combined TRACON& Tower with Radar,16,9,2,0,27,0,4,0,0,4,16,13,2,0,31,0,0,0,31
11/29/2019,JAN,MS,ASO,CE,Combined TRACON& Tower with Radar,25,17,7,0,49,0,3,5,0,8,25,20,12,0,57,2,0,2,59
11/30/2019,JAN,MS,ASO,CE,Combined TRACON& Tower with Radar,29,27,15,0,71,0,0,1,1,2,29,27,16,1,73,0,0,0,73
12/01/2019,JAN,MS,ASO,CE,Combined TRACON& Tower with Radar,33,19,16,1,69,0,4,3,0,7,33,23,19,1,76,0,1,1,77
12/02/2019,JAN,MS,ASO,CE,Combined TRACON& Tower with Radar,33,28,19,22,102,0,1,1,11,13,33,29,20,33,115,4,60,64,179
12/03/2019,JAN,MS,ASO,CE,Combined TRACON& Tower with Radar,33,21,34,22,110,0,10,3,5,18,33,31,37,27,128,0,138,138,266
12/04/2019,JAN,MS,ASO,CE,Combined TRACON& Tower with Radar,36,28,33,29,126,0,2,6,6,14,36,30,39,35,140,0,78,78,218
12/05/2019,JAN,MS,ASO,CE,Combined TRACON& Tower with Radar,27,31,35,25,118,0,8,15,8,31,27,39,50,33,149,0,82,82,231
12/06/2019,JAN,MS,ASO,CE,Combined TRACON& Tower with Radar,40,16,16,2,74,0,2,0,1,3,40,18,16,3,77,0,6,6,83
12/07/2019,JAN,MS,ASO,CE,Combined TRACON& Tower with Radar,26,12,16,15,69,0,2,0,0,2,26,14,16,15,71,0,10,10,81
12/08/2019,JAN,MS,ASO,CE,Combined TRACON& Tower with Radar,30,18,6,8,62,0,5,0,0,5,30,23,6,8,67,0,4,4,71
12/09/2019,JAN,MS,ASO,CE,Combined TRACON& Tower with Radar,35,22,15,21,93,0,0,1,1,2,35,22,16,22,95,0,22,22,117
12/10/2019,JAN,MS,ASO,CE,Combined TRACON& Tower with Radar,32,13,20,4,69,0,0,0,0,0,32,13,20,4,69,0,0,0,69
12/11/2019,JAN,MS,ASO,CE,Combined TRACON& Tower with Radar,36,11,18,8,73,0,4,3,0,7,36,15,21,8,80,2,44,46,126
12/12/2019,JAN,MS,ASO,CE,Combined TRACON& Tower with Radar,37,27,19,17,100,0,6,3,3,12,37,33,22,20,112,0,56,56,168
12/13/2019,JAN,MS,ASO,CE,Combined TRACON& Tower with Radar,35,17,36,3,91,0,1,3,0,4,35,18,39,3,95,4,2,6,101
12/14/2019,JAN,MS,ASO,CE,Combined TRACON& Tower with Radar,26,9,15,6,56,0,3,0,0,3,26,12,15,6,59,0,10,10,69
12/15/2019,JAN,MS,ASO,CE,Combined TRACON& Tower with Radar,32,14,17,18,81,0,7,3,1,11,32,21,20,19,92,0,8,8,100
12/16/2019,JAN,MS,ASO,CE,Combined TRACON& Tower with Radar,31,18,16,1,66,0,0,0,0,0,31,18,16,1,66,0,0,0,66
12/17/2019,JAN,MS,ASO,CE,Combined TRACON& Tower with Radar,38,22,22,12,94,0,1,1,0,2,38,23,23,12,96,0,18,18,114
12/18/2019,JAN,MS,ASO,CE,Combined TRACON& Tower with Radar,37,18,31,14,100,0,0,6,3,9,37,18,37,17,109,0,24,24,133
12/19/2019,JAN,MS,ASO,CE,Combined TRACON& Tower with Radar,38,18,27,13,96,0,3,7,4,14,38,21,34,17,110,2,63,65,175
12/20/2019,JAN,MS,ASO,CE,Combined TRACON& Tower with Radar,39,14,8,7,68,0,3,4,0,7,39,17,12,7,75,0,8,8,83
12/21/2019,JAN,MS,ASO,CE,Combined TRACON& Tower with Radar,35,10,7,0,52,0,1,1,0,2,35,11,8,0,54,0,0,0,54
12/22/2019,JAN,MS,ASO,CE,Combined TRACON& Tower with Radar,42,11,1,0,54,0,0,0,0,0,42,11,1,0,54,0,0,0,54
12/23/2019,JAN,MS,ASO,CE,Combined TRACON& Tower with Radar,39,14,17,1,71,0,0,0,0,0,39,14,17,1,71,2,0,2,73
12/24/2019,JAN,MS,ASO,CE,Combined TRACON& Tower with Radar,24,11,8,0,43,0,2,3,0,5,24,13,11,0,48,8,0,8,56
12/25/2019,JAN,MS,ASO,CE,Combined TRACON& Tower with Radar,26,8,2,0,36,0,1,0,0,1,26,9,2,0,37,0,0,0,37
12/26/2019,JAN,MS,ASO,CE,Combined TRACON& Tower with Radar,37,13,11,0,61,0,0,1,0,1,37,13,12,0,62,0,0,0,62
12/27/2019,JAN,MS,ASO,CE,Combined TRACON& Tower with Radar,37,13,13,0,63,0,1,0,0,1,37,14,13,0,64,0,0,0,64
12/28/2019,JAN,MS,ASO,CE,Combined TRACON& Tower with Radar,34,12,8,0,54,0,0,0,0,0,34,12,8,0,54,0,0,0,54
12/29/2019,JAN,MS,ASO,CE,Combined TRACON& Tower with Radar,32,10,5,0,47,0,0,1,0,1,32,10,6,0,48,0,0,0,48
12/30/2019,JAN,MS,ASO,CE,Combined TRACON& Tower with Radar,34,20,11,3,68,0,1,2,1,4,34,21,13,4,72,2,2,4,76
12/31/2019,JAN,MS,ASO,CE,Combined TRACON& Tower with Radar,26,14,3,0,43,0,1,4,0,5,26,15,7,0,48,2,0,2,50
01/01/2020,JAN,MS,ASO,CE,Combined TRACON& Tower with Radar,24,11,11,0,46,0,1,3,0,4,24,12,14,0,50,2,0,2,52
01/02/2020,JAN,MS,ASO,CE,Combined TRACON& Tower with Radar,33,11,3,0,47,0,0,0,0,0,33,11,3,0,47,0,0,0,47
01/03/2020,JAN,MS,ASO,CE,Combined TRACON& Tower with Radar,34,18,7,40,99,0,0,0,0,0,34,18,7,40,99,0,36,36,135
01/04/2020,JAN,MS,ASO,CE,Combined TRACON& Tower with Radar,31,9,16,1,57,0,2,7,0,9,31,11,23,1,66,0,0,0,66
01/05/2020,JAN,MS,ASO,CE,Combined TRACON& Tower with Radar,30,10,10,0,50,0,0,1,0,1,30,10,11,0,51,0,0,0,51
01/06/2020,JAN,MS,ASO,CE,Combined TRACON& Tower with Radar,38,22,17,26,103,1,0,0,1,2,39,22,17,27,105,0,110,110,215
01/07/2020,JAN,MS,ASO,CE,Combined TRACON& Tower with Radar,31,16,14,14,75,0,5,4,2,11,31,21,18,16,86,0,78,78,164
01/08/2020,JAN,MS,ASO,CE,Combined TRACON& Tower with Radar,32,24,19,28,103,0,1,4,6,11,32,25,23,34,114,0,100,100,214
01/09/2020,JAN,MS,ASO,CE,Combined TRACON& Tower with Radar,32,22,17,18,89,0,5,2,5,12,32,27,19,23,101,0,92,92,193
01/10/2020,JAN,MS,ASO,CE,Combined TRACON& Tower with Radar,31,22,5,24,82,0,2,0,0,2,31,24,5,24,84,0,4,4,88
01/11/2020,JAN,MS,ASO,CE,Combined TRACON& Tower with Radar,19,15,2,0,36,0,0,0,0,0,19,15,2,0,36,0,0,0,36
01/12/2020,JAN,MS,ASO,CE,Combined TRACON& Tower with Radar,32,25,6,7,70,0,1,2,0,3,32,26,8,7,73,8,0,8,81
01/13/2020,JAN,MS,ASO,CE,Combined TRACON& Tower with Radar,29,27,14,1,71,0,0,0,1,1,29,27,14,2,72,2,20,22,94
01/14/2020,JAN,MS,ASO,CE,Combined TRACON& Tower with Radar,30,21,14,1,66,0,0,0,0,0,30,21,14,1,66,0,0,0,66
01/15/2020,JAN,MS,ASO,CE,Combined TRACON& Tower with Radar,31,17,31,8,87,0,1,3,1,5,31,18,34,9,92,2,8,10,102
01/16/2020,JAN,MS,ASO,CE,Combined TRACON& Tower with Radar,40,17,22,2,81,0,4,0,1,5,40,21,22,3,86,0,6,6,92
01/17/2020,JAN,MS,ASO,CE,Combined TRACON& Tower with Radar,35,24,21,12,92,0,5,2,2,9,35,29,23,14,101,0,40,40,141
01/18/2020,JAN,MS,ASO,CE,Combined TRACON& Tower with Radar,19,12,3,6,40,0,0,1,0,1,19,12,4,6,41,0,0,0,41
01/19/2020,JAN,MS,ASO,CE,Combined TRACON& Tower with Radar,23,16,11,4,54,0,1,4,2,7,23,17,15,6,61,2,0,2,63
01/20/2020,JAN,MS,ASO,CE,Combined TRACON& Tower with Radar,28,19,13,9,69,0,3,0,0,3,28,22,13,9,72,14,8,22,94
01/21/2020,JAN,MS,ASO,CE,Combined TRACON& Tower with Radar,31,21,21,17,90,0,0,1,2,3,31,21,22,19,93,0,32,32,125
01/22/2020,JAN,MS,ASO,CE,Combined TRACON& Tower with Radar,31,23,33,34,121,0,1,4,5,10,31,24,37,39,131,0,114,114,245
01/23/2020,JAN,MS,ASO,CE,Combined TRACON& Tower with Radar,32,29,22,26,109,0,0,0,0,0,32,29,22,26,109,0,24,24,133
01/24/2020,JAN,MS,ASO,CE,Combined TRACON& Tower with Radar,33,21,24,15,93,0,0,4,2,6,33,21,28,17,99,2,68,70,169
01/25/2020,JAN,MS,ASO,CE,Combined TRACON& Tower with Radar,22,15,8,2,47,0,3,3,0,6,22,18,11,2,53,0,14,14,67
01/26/2020,JAN,MS,ASO,CE,Combined TRACON& Tower with Radar,33,15,7,2,57,0,0,0,0,0,33,15,7,2,57,0,0,0,57
01/27/2020,JAN,MS,ASO,CE,Combined TRACON& Tower with Radar,30,18,18,17,83,0,2,1,0,3,30,20,19,17,86,8,4,12,98
01/28/2020,JAN,MS,ASO,CE,Combined TRACON& Tower with Radar,31,19,26,29,105,0,1,0,0,1,31,20,26,29,106,0,92,92,198
01/29/2020,JAN,MS,ASO,CE,Combined TRACON& Tower with Radar,31,38,18,31,118,0,0,0,0,0,31,38,18,31,118,0,44,44,162
01/30/2020,JAN,MS,ASO,CE,Combined TRACON& Tower with Radar,34,23,16,9,82,0,4,3,0,7,34,27,19,9,89,0,4,4,93
01/31/2020,JAN,MS,ASO,CE,Combined TRACON& Tower with Radar,33,20,21,19,93,0,1,0,0,1,33,21,21,19,94,8,14,22,116
02/01/2020,JAN,MS,ASO,ES,Combined TRACON& Tower with Radar,21,15,3,16,55,0,4,3,0,7,21,19,6,16,62,0,20,20,82
02/02/2020,JAN,MS,ASO,ES,Combined TRACON& Tower with Radar,28,24,4,21,77,0,0,6,2,8,28,24,10,23,85,0,26,26,111
02/03/2020,JAN,MS,ASO,ES,Combined TRACON& Tower with Radar,31,19,21,29,100,0,1,3,4,8,31,20,24,33,108,0,84,84,192
02/04/2020,JAN,MS,ASO,ES,Combined TRACON& Tower with Radar,31,21,18,25,95,0,0,0,3,3,31,21,18,28,98,10,72,82,180
02/05/2020,JAN,MS,ASO,ES,Combined TRACON& Tower with Radar,29,22,14,13,78,0,0,0,0,0,29,22,14,13,78,0,14,14,92
02/06/2020,JAN,MS,ASO,ES,Combined TRACON& Tower with Radar,29,25,10,7,71,0,0,1,0,1,29,25,11,7,72,0,2,2,74
02/07/2020,JAN,MS,ASO,ES,Combined TRACON& Tower with Radar,33,27,21,38,119,0,6,5,13,24,33,33,26,51,143,2,98,100,243
02/08/2020,JAN,MS,ASO,ES,Combined TRACON& Tower with Radar,20,12,7,7,46,0,4,5,3,12,20,16,12,10,58,2,14,16,74
02/09/2020,JAN,MS,ASO,ES,Combined TRACON& Tower with Radar,34,15,9,6,64,0,1,3,1,5,34,16,12,7,69,6,6,12,81
02/10/2020,JAN,MS,ASO,ES,Combined TRACON& Tower with Radar,30,24,9,0,63,0,0,0,0,0,30,24,9,0,63,0,0,0,63
02/11/2020,JAN,MS,ASO,ES,Combined TRACON& Tower with Radar,37,15,15,11,78,0,0,0,0,0,37,15,15,11,78,0,0,0,78
02/12/2020,JAN,MS,ASO,ES,Combined TRACON& Tower with Radar,38,21,20,1,80,0,0,0,0,0,38,21,20,1,80,0,0,0,80
02/13/2020,JAN,MS,ASO,ES,Combined TRACON& Tower with Radar,32,16,33,44,125,0,0,0,2,2,32,16,33,46,127,4,72,76,203
02/14/2020,JAN,MS,ASO,ES,Combined TRACON& Tower with Radar,37,22,17,17,93,0,1,0,6,7,37,23,17,23,100,0,80,80,180
02/15/2020,JAN,MS,ASO,ES,Combined TRACON& Tower with Radar,18,11,4,5,38,0,0,2,2,4,18,11,6,7,42,6,18,24,66
02/16/2020,JAN,MS,ASO,ES,Combined TRACON& Tower with Radar,26,21,16,16,79,0,1,1,1,3,26,22,17,17,82,4,18,22,104
02/17/2020,JAN,MS,ASO,ES,Combined TRACON& Tower with Radar,33,21,24,4,82,0,0,0,0,0,33,21,24,4,82,6,2,8,90
02/18/2020,JAN,MS,ASO,ES,Combined TRACON& Tower with Radar,34,18,21,13,86,0,0,0,0,0,34,18,21,13,86,0,8,8,94
02/19/2020,JAN,MS,ASO,ES,Combined TRACON& Tower with Radar,33,24,29,10,96,0,0,0,0,0,33,24,29,10,96,0,8,8,104
02/20/2020,JAN,MS,ASO,ES,Combined TRACON& Tower with Radar,32,21,16,8,77,0,0,0,0,0,32,21,16,8,77,0,3,3,80
02/21/2020,JAN,MS,ASO,ES,Combined TRACON& Tower with Radar,34,18,12,23,87,0,2,3,8,13,34,20,15,31,100,0,62,62,162
02/22/2020,JAN,MS,ASO,ES,Combined TRACON& Tower with Radar,24,14,3,6,47,0,2,3,7,12,24,16,6,13,59,2,46,48,107
02/23/2020,JAN,MS,ASO,ES,Combined TRACON& Tower with Radar,32,18,4,28,82,0,4,4,1,9,32,22,8,29,91,0,40,40,131
02/24/2020,JAN,MS,ASO,ES,Combined TRACON& Tower with Radar,33,39,15,4,91,0,0,1,0,1,33,39,16,4,92,0,14,14,106
02/25/2020,JAN,MS,ASO,ES,Combined TRACON& Tower with Radar,33,28,17,30,108,0,3,1,8,12,33,31,18,38,120,0,120,120,240
02/26/2020,JAN,MS,ASO,ES,Combined TRACON& Tower with Radar,32,27,20,20,99,0,1,2,2,5,32,28,22,22,104,4,38,42,146
02/27/2020,JAN,MS,ASO,ES,Combined TRACON& Tower with Radar,31,23,23,27,104,0,2,14,6,22,31,25,37,33,126,8,122,130,256
02/28/2020,JAN,MS,ASO,ES,Combined TRACON& Tower with Radar,31,20,12,24,87,0,1,2,4,7,31,21,14,28,94,0,120,120,214
02/29/2020,JAN,MS,ASO,ES,Combined TRACON& Tower with Radar,24,16,14,0,54,0,4,1,2,7,24,20,15,2,61,0,6,6,67
03/01/2020,JAN,MS,ASO,ES,Combined TRACON& Tower with Radar,32,20,12,9,73,0,1,2,5,8,32,21,14,14,81,0,16,16,97
03/02/2020,JAN,MS,ASO,ES,Combined TRACON& Tower with Radar,33,26,15,17,91,0,1,1,0,2,33,27,16,17,93,0,16,16,109
03/03/2020,JAN,MS,ASO,ES,Combined TRACON& Tower with Radar,33,22,15,12,82,0,2,0,0,2,33,24,15,12,84,0,24,24,108
03/04/2020,JAN,MS,ASO,ES,Combined TRACON& Tower with Radar,32,24,11,4,71,0,0,0,0,0,32,24,11,4,71,0,0,0,71
03/05/2020,JAN,MS,ASO,ES,Combined TRACON& Tower with Radar,39,14,20,12,85,0,3,2,0,5,39,17,22,12,90,2,40,42,132
03/06/2020,JAN,MS,ASO,ES,Combined TRACON& Tower with Radar,38,19,13,27,97,0,3,5,5,13,38,22,18,32,110,0,100,100,210
03/07/2020,JAN,MS,ASO,ES,Combined TRACON& Tower with Radar,30,10,6,14,60,0,1,5,0,6,30,11,11,14,66,0,8,8,74
03/08/2020,JAN,MS,ASO,ES,Combined TRACON& Tower with Radar,38,14,12,10,74,0,3,0,8,11,38,17,12,18,85,12,20,32,117
03/09/2020,JAN,MS,ASO,ES,Combined TRACON& Tower with Radar,45,20,19,43,127,0,2,2,5,9,45,22,21,48,136,4,117,121,257
03/10/2020,JAN,MS,ASO,ES,Combined TRACON& Tower with Radar,33,20,17,27,97,0,0,0,0,0,33,20,17,27,97,2,14,16,113
03/11/2020,JAN,MS,ASO,ES,Combined TRACON& Tower with Radar,36,18,25,15,94,0,0,2,0,2,36,18,27,15,96,0,10,10,106
03/12/2020,JAN,MS,ASO,ES,Combined TRACON& Tower with Radar,37,19,16,42,114,0,0,1,11,12,37,19,17,53,126,0,60,60,186
03/13/2020,JAN,MS,ASO,ES,Combined TRACON& Tower with Radar,36,19,16,7,78,0,1,0,1,2,36,20,16,8,80,0,24,24,104
03/14/2020,JAN,MS,ASO,ES,Combined TRACON& Tower with Radar,26,5,9,2,42,0,1,2,0,3,26,6,11,2,45,4,2,6,51
03/15/2020,JAN,MS,ASO,ES,Combined TRACON& Tower with Radar,36,11,7,2,56,0,2,0,0,2,36,13,7,2,58,0,0,0,58
03/16/2020,JAN,MS,ASO,ES,Combined TRACON& Tower with Radar,35,20,12,19,86,0,4,3,3,10,35,24,15,22,96,4,113,117,213
03/17/2020,JAN,MS,ASO,ES,Combined TRACON& Tower with Radar,33,23,8,12,76,0,1,1,1,3,33,24,9,13,79,0,158,158,237
03/18/2020,JAN,MS,ASO,ES,Combined TRACON& Tower with Radar,35,21,10,32,98,0,0,1,1,2,35,21,11,33,100,8,86,94,194
03/19/2020,JAN,MS,ASO,ES,Combined TRACON& Tower with Radar,32,14,3,12,61,0,1,1,4,6,32,15,4,16,67,14,78,92,159
03/20/2020,JAN,MS,ASO,ES,Combined TRACON& Tower with Radar,32,13,4,2,51,0,0,1,0,1,32,13,5,2,52,0,0,0,52
03/21/2020,JAN,MS,ASO,ES,Combined TRACON& Tower with Radar,23,5,8,0,36,0,0,0,0,0,23,5,8,0,36,0,0,0,36
03/22/2020,JAN,MS,ASO,ES,Combined TRACON& Tower with Radar,21,8,3,1,33,0,0,0,0,0,21,8,3,1,33,0,0,0,33
03/23/2020,JAN,MS,ASO,ES,Combined TRACON& Tower with Radar,22,8,5,0,35,0,2,0,0,2,22,10,5,0,37,0,0,0,37
03/24/2020,JAN,MS,ASO,ES,Combined TRACON& Tower with Radar,23,6,3,16,48,0,0,0,3,3,23,6,3,19,51,0,74,74,125
03/25/2020,JAN,MS,ASO,ES,Combined TRACON& Tower with Radar,22,6,13,4,45,0,0,1,2,3,22,6,14,6,48,4,10,14,62
03/26/2020,JAN,MS,ASO,ES,Combined TRACON& Tower with Radar,18,10,3,12,43,0,1,4,2,7,18,11,7,14,50,8,122,130,180
03/27/2020,JAN,MS,ASO,ES,Combined TRACON& Tower with Radar,12,7,3,11,33,0,0,2,4,6,12,7,5,15,39,0,38,38,77
03/28/2020,JAN,MS,ASO,ES,Combined TRACON& Tower with Radar,11,3,0,17,31,0,2,0,6,8,11,5,0,23,39,6,80,86,125
03/29/2020,JAN,MS,ASO,ES,Combined TRACON& Tower with Radar,18,4,6,2,30,0,4,5,1,10,18,8,11,3,40,8,0,8,48
03/30/2020,JAN,MS,ASO,ES,Combined TRACON& Tower with Radar,18,6,11,8,43,0,0,2,3,5,18,6,13,11,48,4,72,76,124
03/31/2020,JAN,MS,ASO,ES,Combined TRACON& Tower with Radar,16,5,5,25,51,0,1,0,0,1,16,6,5,25,52,0,84,84,136
04/01/2020,JAN,MS,ASO,ES,Combined TRACON& Tower with Radar,16,5,2,16,39,0,0,4,1,5,16,5,6,17,44,2,60,62,106
04/02/2020,JAN,MS,ASO,ES,Combined TRACON& Tower with Radar,17,4,9,19,49,0,1,0,0,1,17,5,9,19,50,0,116,116,166
04/03/2020,JAN,MS,ASO,ES,Combined TRACON& Tower with Radar,16,4,0,21,41,0,2,2,1,5,16,6,2,22,46,0,60,60,106
04/04/2020,JAN,MS,ASO,ES,Combined TRACON& Tower with Radar,7,2,0,6,15,0,1,2,0,3,7,3,2,6,18,2,24,26,44
04/05/2020,JAN,MS,ASO,ES,Combined TRACON& Tower with Radar,12,3,3,0,18,0,1,1,0,2,12,4,4,0,20,0,0,0,20
04/06/2020,JAN,MS,ASO,ES,Combined TRACON& Tower with Radar,18,3,7,9,37,0,1,0,0,1,18,4,7,9,38,0,32,32,70
04/07/2020,JAN,MS,ASO,ES,Combined TRACON& Tower with Radar,16,4,1,0,21,0,1,0,0,1,16,5,1,0,22,0,0,0,22
04/08/2020,JAN,MS,ASO,ES,Combined TRACON& Tower with Radar,11,3,6,5,25,0,1,1,1,3,11,4,7,6,28,0,10,10,38
04/09/2020,JAN,MS,ASO,ES,Combined TRACON& Tower with Radar,15,3,2,19,39,0,0,6,0,6,15,3,8,19,45,12,152,164,209
04/10/2020,JAN,MS,ASO,ES,Combined TRACON& Tower with Radar,14,3,0,8,25,0,0,2,6,8,14,3,2,14,33,0,80,80,113
04/11/2020,JAN,MS,ASO,ES,Combined TRACON& Tower with Radar,12,4,3,7,26,0,1,3,1,5,12,5,6,8,31,0,62,62,93
04/12/2020,JAN,MS,ASO,ES,Combined TRACON& Tower with Radar,11,2,0,0,13,0,0,0,0,0,11,2,0,0,13,0,0,0,13
04/13/2020,JAN,MS,ASO,ES,Combined TRACON& Tower with Radar,12,4,6,15,37,0,2,2,0,4,12,6,8,15,41,0,90,90,131
04/14/2020,JAN,MS,ASO,ES,Combined TRACON& Tower with Radar,13,2,5,31,51,0,2,4,4,10,13,4,9,35,61,6,100,106,167
04/15/2020,JAN,MS,ASO,ES,Combined TRACON& Tower with Radar,12,9,13,17,51,0,2,2,4,8,12,11,15,21,59,0,90,90,149
04/16/2020,JAN,MS,ASO,ES,Combined TRACON& Tower with Radar,14,3,10,10,37,0,0,3,2,5,14,3,13,12,42,2,66,68,110
04/17/2020,JAN,MS,ASO,ES,Combined TRACON& Tower with Radar,12,4,4,13,33,0,2,6,4,12,12,6,10,17,45,0,36,36,81
04/18/2020,JAN,MS,ASO,ES,Combined TRACON& Tower with Radar,9,5,2,13,29,0,0,0,0,0,9,5,2,13,29,0,48,48,77
04/19/2020,JAN,MS,ASO,ES,Combined TRACON& Tower with Radar,10,6,1,0,17,0,0,0,0,0,10,6,1,0,17,0,0,0,17
04/20/2020,JAN,MS,ASO,ES,Combined TRACON& Tower with Radar,12,4,8,6,30,0,1,1,0,2,12,5,9,6,32,0,24,24,56
04/21/2020,JAN,MS,ASO,ES,Combined TRACON& Tower with Radar,10,4,3,13,30,0,1,5,0,6,10,5,8,13,36,0,50,50,86
04/22/2020,JAN,MS,ASO,ES,Combined TRACON& Tower with Radar,12,2,5,11,30,0,0,0,3,3,12,2,5,14,33,0,70,70,103
04/23/2020,JAN,MS,ASO,ES,Combined TRACON& Tower with Radar,10,6,5,6,27,0,0,1,9,10,10,6,6,15,37,0,22,22,59
04/24/2020,JAN,MS,ASO,ES,Combined TRACON& Tower with Radar,17,2,9,21,49,0,4,6,2,12,17,6,15,23,61,8,64,72,133
04/25/2020,JAN,MS,ASO,ES,Combined TRACON& Tower with Radar,10,2,7,22,41,0,0,0,1,1,10,2,7,23,42,0,26,26,68
04/26/2020,JAN,MS,ASO,ES,Combined TRACON& Tower with Radar,10,6,6,8,30,0,7,9,0,16,10,13,15,8,46,8,10,18,64
04/27/2020,JAN,MS,ASO,ES,Combined TRACON& Tower with Radar,11,2,7,18,38,0,1,5,4,10,11,3,12,22,48,0,84,84,132
04/28/2020,JAN,MS,ASO,ES,Combined TRACON& Tower with Radar,6,5,7,2,20,0,0,3,0,3,6,5,10,2,23,6,12,18,41
04/29/2020,JAN,MS,ASO,ES,Combined TRACON& Tower with Radar,8,2,5,6,21,0,2,1,0,3,8,4,6,6,24,0,14,14,38
04/30/2020,JAN,MS,ASO,ES,Combined TRACON& Tower with Radar,6,7,16,17,46,0,3,8,0,11,6,10,24,17,57,24,54,78,135
05/01/2020,JAN,MS,ASO,ES,Combined TRACON& Tower with Radar,8,3,9,19,39,0,1,5,4,10,8,4,14,23,49,12,74,86,135
05/02/2020,JAN,MS,ASO,ES,Combined TRACON& Tower with Radar,8,2,8,45,63,0,0,2,1,3,8,2,10,46,66,0,68,68,134
05/03/2020,JAN,MS,ASO,ES,Combined TRACON& Tower with Radar,9,2,2,0,13,0,2,5,0,7,9,4,7,0,20,0,0,0,20
05/04/2020,JAN,MS,ASO,ES,Combined TRACON& Tower with Radar,9,3,8,26,46,0,2,12,0,14,9,5,20,26,60,8,78,86,146
05/05/2020,JAN,MS,ASO,ES,Combined TRACON& Tower with Radar,9,2,4,9,24,0,0,2,1,3,9,2,6,10,27,0,8,8,35
05/06/2020,JAN,MS,ASO,ES,Combined TRACON& Tower with Radar,8,4,4,14,30,0,1,1,0,2,8,5,5,14,32,0,116,116,148
05/07/2020,JAN,MS,ASO,ES,Combined TRACON& Tower with Radar,9,7,15,42,73,0,2,7,2,11,9,9,22,44,84,14,78,92,176
05/08/2020,JAN,MS,ASO,ES,Combined TRACON& Tower with Radar,10,4,6,3,23,0,1,0,1,2,10,5,6,4,25,0,2,2,27
05/09/2020,JAN,MS,ASO,ES,Combined TRACON& Tower with Radar,10,3,1,3,17,0,2,1,1,4,10,5,2,4,21,0,2,2,23
05/10/2020,JAN,MS,ASO,ES,Combined TRACON& Tower with Radar,11,7,9,1,28,0,0,5,1,6,11,7,14,2,34,0,6,6,40
05/11/2020,JAN,MS,ASO,ES,Combined TRACON& Tower with Radar,11,7,13,4,35,0,0,8,1,9,11,7,21,5,44,2,30,32,76
05/12/2020,JAN,MS,ASO,ES,Combined TRACON& Tower with Radar,10,13,9,28,60,0,0,5,2,7,10,13,14,30,67,2,74,76,143
05/13/2020,JAN,MS,ASO,ES,Combined TRACON& Tower with Radar,10,5,14,20,49,0,2,3,6,11,10,7,17,26,60,0,74,74,134
05/14/2020,JAN,MS,ASO,ES,Combined TRACON& Tower with Radar,10,12,12,16,50,0,0,1,0,1,10,12,13,16,51,0,18,18,69
05/15/2020,JAN,MS,ASO,ES,Combined TRACON& Tower with Radar,10,5,6,13,34,0,1,2,0,3,10,6,8,13,37,0,28,28,65
05/16/2020,JAN,MS,ASO,ES,Combined TRACON& Tower with Radar,10,3,10,4,27,0,1,5,0,6,10,4,15,4,33,8,14,22,55
05/17/2020,JAN,MS,ASO,ES,Combined TRACON& Tower with Radar,11,5,7,10,33,0,1,1,0,2,11,6,8,10,35,0,14,14,49
05/18/2020,JAN,MS,ASO,ES,Combined TRACON& Tower with Radar,11,8,11,22,52,0,1,2,5,8,11,9,13,27,60,0,72,72,132
05/19/2020,JAN,MS,ASO,ES,Combined TRACON& Tower with Radar,10,7,8,29,54,0,3,6,6,15,10,10,14,35,69,6,62,68,137
05/20/2020,JAN,MS,ASO,ES,Combined TRACON& Tower with Radar,10,13,12,29,64,0,0,1,0,1,10,13,13,29,65,0,110,110,175
05/21/2020,JAN,MS,ASO,ES,Combined TRACON& Tower with Radar,10,12,25,24,71,0,2,1,9,12,10,14,26,33,83,4,54,58,141
05/22/2020,JAN,MS,ASO,ES,Combined TRACON& Tower with Radar,10,10,12,4,36,0,1,0,0,1,10,11,12,4,37,2,8,10,47
05/23/2020,JAN,MS,ASO,ES,Combined TRACON& Tower with Radar,10,6,5,0,21,0,0,0,0,0,10,6,5,0,21,0,0,0,21
05/24/2020,JAN,MS,ASO,ES,Combined TRACON& Tower with Radar,11,4,3,0,18,0,1,3,0,4,11,5,6,0,22,2,0,2,24
05/25/2020,JAN,MS,ASO,ES,Combined TRACON& Tower with Radar,12,5,11,2,30,0,4,2,0,6,12,9,13,2,36,0,0,0,36
05/26/2020,JAN,MS,ASO,ES,Combined TRACON& Tower with Radar,10,6,19,4,39,0,1,2,0,3,10,7,21,4,42,2,0,2,44
05/27/2020,JAN,MS,ASO,ES,Combined TRACON& Tower with Radar,9,10,14,16,49,0,2,1,0,3,9,12,15,16,52,0,46,46,98
05/28/2020,JAN,MS,ASO,ES,Combined TRACON& Tower with Radar,10,5,22,23,60,0,2,4,2,8,10,7,26,25,68,4,94,98,166
05/29/2020,JAN,MS,ASO,ES,Combined TRACON& Tower with Radar,11,10,21,48,90,0,4,3,16,23,11,14,24,64,113,8,152,160,273
05/30/2020,JAN,MS,ASO,ES,Combined TRACON& Tower with Radar,10,5,8,8,31,0,0,11,0,11,10,5,19,8,42,0,8,8,50
05/31/2020,JAN,MS,ASO,ES,Combined TRACON& Tower with Radar,11,4,11,16,42,0,0,17,0,17,11,4,28,16,59,20,20,40,99
06/01/2020,JAN,MS,ASO,ES,Combined TRACON& Tower with Radar,9,9,15,32,65,0,3,5,0,8,9,12,20,32,73,20,86,106,179
06/02/2020,JAN,MS,ASO,ES,Combined TRACON& Tower with Radar,10,14,11,36,71,0,2,0,9,11,10,16,11,45,82,0,98,98,180
06/03/2020,JAN,MS,ASO,ES,Combined TRACON& Tower with Radar,11,7,17,11,46,0,0,2,1,3,11,7,19,12,49,10,24,34,83
06/04/2020,JAN,MS,ASO,ES,Combined TRACON& Tower with Radar,10,7,6,42,65,0,1,1,5,7,10,8,7,47,72,0,60,60,132
06/05/2020,JAN,MS,ASO,ES,Combined TRACON& Tower with Radar,13,9,13,49,84,0,2,1,5,8,13,11,14,54,92,4,94,98,190
06/06/2020,JAN,MS,ASO,ES,Combined TRACON& Tower with Radar,17,4,15,19,55,0,1,9,0,10,17,5,24,19,65,14,14,28,93
06/07/2020,JAN,MS,ASO,ES,Combined TRACON& Tower with Radar,11,6,5,8,30,0,0,0,0,0,11,6,5,8,30,0,0,0,30
06/08/2020,JAN,MS,ASO,ES,Combined TRACON& Tower with Radar,11,7,5,1,24,0,0,0,0,0,11,7,5,1,24,0,0,0,24
06/09/2020,JAN,MS,ASO,ES,Combined TRACON& Tower with Radar,12,13,13,54,92,0,0,2,2,4,12,13,15,56,96,6,80,86,182
06/10/2020,JAN,MS,ASO,ES,Combined TRACON& Tower with Radar,11,10,12,51,84,0,1,4,6,11,11,11,16,57,95,4,66,70,165
06/11/2020,JAN,MS,ASO,ES,Combined TRACON& Tower with Radar,10,9,14,30,63,0,2,2,4,8,10,11,16,34,71,0,36,36,107
06/12/2020,JAN,MS,ASO,ES,Combined TRACON& Tower with Radar,10,15,20,15,60,0,5,2,3,10,10,20,22,18,70,0,102,102,172
06/13/2020,JAN,MS,ASO,ES,Combined TRACON& Tower with Radar,11,14,2,0,27,0,0,2,1,3,11,14,4,1,30,4,14,18,48
06/14/2020,JAN,MS,ASO,ES,Combined TRACON& Tower with Radar,11,5,10,10,36,0,3,6,0,9,11,8,16,10,45,0,14,14,59
06/15/2020,JAN,MS,ASO,ES,Combined TRACON& Tower with Radar,11,10,15,26,62,0,2,2,2,6,11,12,17,28,68,4,124,128,196
06/16/2020,JAN,MS,ASO,ES,Combined TRACON& Tower with Radar,10,6,12,10,38,0,2,6,1,9,10,8,18,11,47,0,50,50,97
06/17/2020,JAN,MS,ASO,ES,Combined TRACON& Tower with Radar,10,14,20,30,74,0,0,6,0,6,10,14,26,30,80,6,102,108,188
06/18/2020,JAN,MS,ASO,ES,Combined TRACON& Tower with Radar,10,8,13,16,47,0,0,5,1,6,10,8,18,17,53,4,38,42,95
06/19/2020,JAN,MS,ASO,ES,Combined TRACON& Tower with Radar,12,12,14,33,71,0,2,8,2,12,12,14,22,35,83,12,26,38,121
06/20/2020,JAN,MS,ASO,ES,Combined TRACON& Tower with Radar,10,6,17,0,33,0,1,3,0,4,10,7,20,0,37,4,0,4,41
06/21/2020,JAN,MS,ASO,ES,Combined TRACON& Tower with Radar,11,6,7,0,24,0,4,0,1,5,11,10,7,1,29,0,0,0,29
06/22/2020,JAN,MS,ASO,ES,Combined TRACON& Tower with Radar,11,13,14,29,67,0,0,1,4,5,11,13,15,33,72,0,40,40,112
06/23/2020,JAN,MS,ASO,ES,Combined TRACON& Tower with Radar,10,10,19,25,64,0,3,5,2,10,10,13,24,27,74,0,12,12,86
06/24/2020,JAN,MS,ASO,ES,Combined TRACON& Tower with Radar,10,10,23,17,60,0,0,0,1,1,10,10,23,18,61,0,14,14,75
06/25/2020,JAN,MS,ASO,ES,Combined TRACON& Tower with Radar,12,8,28,30,78,0,3,0,1,4,12,11,28,31,82,0,46,46,128
06/26/2020,JAN,MS,ASO,ES,Combined TRACON& Tower with Radar,10,13,17,31,71,0,1,2,0,3,10,14,19,31,74,2,50,52,126
06/27/2020,JAN,MS,ASO,ES,Combined TRACON& Tower with Radar,10,5,14,10,39,0,1,2,0,3,10,6,16,10,42,8,10,18,60
06/28/2020,JAN,MS,ASO,ES,Combined TRACON& Tower with Radar,11,11,9,0,31,0,0,1,1,2,11,11,10,1,33,10,0,10,43
06/29/2020,JAN,MS,ASO,ES,Combined TRACON& Tower with Radar,11,9,21,47,88,0,2,2,3,7,11,11,23,50,95,2,128,130,225
06/30/2020,JAN,MS,ASO,ES,Combined TRACON& Tower with Radar,12,11,15,40,78,0,1,1,2,4,12,12,16,42,82,2,176,178,260
07/01/2020,JAN,MS,ASO,ES,Combined TRACON& Tower with Radar,10,9,25,12,56,0,0,2,0,2,10,9,27,12,58,4,8,12,70
07/02/2020,JAN,MS,ASO,ES,Combined TRACON& Tower with Radar,11,7,19,12,49,0,1,3,0,4,11,8,22,12,53,0,0,0,53
07/03/2020,JAN,MS,ASO,ES,Combined TRACON& Tower with Radar,10,8,8,5,31,0,0,7,0,7,10,8,15,5,38,0,0,0,38
07/04/2020,JAN,MS,ASO,ES,Combined TRACON& Tower with Radar,12,3,5,4,24,0,3,0,0,3,12,6,5,4,27,0,2,2,29
07/05/2020,JAN,MS,ASO,ES,Combined TRACON& Tower with Radar,11,12,12,0,35,0,0,2,0,2,11,12,14,0,37,0,0,0,37
07/06/2020,JAN,MS,ASO,ES,Combined TRACON& Tower with Radar,11,12,14,0,37,0,2,1,2,5,11,14,15,2,42,0,0,0,42
07/07/2020,JAN,MS,ASO,ES,Combined TRACON& Tower with Radar,15,10,7,15,47,0,0,0,3,3,15,10,7,18,50,0,0,0,50
07/08/2020,JAN,MS,ASO,ES,Combined TRACON& Tower with Radar,15,6,7,7,35,0,1,0,0,1,15,7,7,7,36,0,0,0,36
07/09/2020,JAN,MS,ASO,ES,Combined TRACON& Tower with Radar,16,12,9,23,60,0,2,1,3,6,16,14,10,26,66,2,64,66,132
07/10/2020,JAN,MS,ASO,ES,Combined TRACON& Tower with Radar,17,10,16,11,54,0,3,1,4,8,17,13,17,15,62,0,58,58,120
07/11/2020,JAN,MS,ASO,ES,Combined TRACON& Tower with Radar,15,7,12,8,42,0,1,4,7,12,15,8,16,15,54,2,2,4,58
07/12/2020,JAN,MS,ASO,ES,Combined TRACON& Tower with Radar,18,5,10,1,34,1,1,2,4,8,19,6,12,5,42,4,6,10,52
07/13/2020,JAN,MS,ASO,ES,Combined TRACON& Tower with Radar,17,7,11,14,49,0,1,1,1,3,17,8,12,15,52,4,40,44,96
07/14/2020,JAN,MS,ASO,ES,Combined TRACON& Tower with Radar,15,7,11,19,52,0,1,3,3,7,15,8,14,22,59,0,102,102,161
07/15/2020,JAN,MS,ASO,ES,Combined TRACON& Tower with Radar,14,18,16,21,69,0,1,1,3,5,14,19,17,24,74,6,68,74,148
07/16/2020,JAN,MS,ASO,ES,Combined TRACON& Tower with Radar,16,14,15,50,95,1,2,3,5,11,17,16,18,55,106,4,110,114,220
07/17/2020,JAN,MS,ASO,ES,Combined TRACON& Tower with Radar,17,24,12,23,76,0,4,5,1,10,17,28,17,24,86,0,78,78,164
07/18/2020,JAN,MS,ASO,ES,Combined TRACON& Tower with Radar,15,9,8,9,41,0,2,2,0,4,15,11,10,9,45,8,8,16,61
07/19/2020,JAN,MS,ASO,ES,Combined TRACON& Tower with Radar,18,14,10,7,49,1,0,1,0,2,19,14,11,7,51,0,24,24,75
07/20/2020,JAN,MS,ASO,ES,Combined TRACON& Tower with Radar,19,9,11,28,67,0,2,1,9,12,19,11,12,37,79,0,132,132,211
07/21/2020,JAN,MS,ASO,ES,Combined TRACON& Tower with Radar,13,17,8,17,55,0,4,5,2,11,13,21,13,19,66,4,90,94,160
07/22/2020,JAN,MS,ASO,ES,Combined TRACON& Tower with Radar,15,11,18,30,74,0,0,1,15,16,15,11,19,45,90,2,102,104,194
07/23/2020,JAN,MS,ASO,ES,Combined TRACON& Tower with Radar,17,5,12,18,52,0,4,3,10,17,17,9,15,28,69,0,116,116,185
07/24/2020,JAN,MS,ASO,ES,Combined TRACON& Tower with Radar,19,9,12,8,48,0,0,2,0,2,19,9,14,8,50,2,6,8,58
07/25/2020,JAN,MS,ASO,ES,Combined TRACON& Tower with Radar,15,8,2,2,27,0,1,2,0,3,15,9,4,2,30,0,0,0,30
07/26/2020,JAN,MS,ASO,ES,Combined TRACON& Tower with Radar,18,5,10,3,36,0,0,5,4,9,18,5,15,7,45,0,22,22,67
07/27/2020,JAN,MS,ASO,ES,Combined TRACON& Tower with Radar,18,7,12,5,42,0,1,1,0,2,18,8,13,5,44,0,4,4,48
07/28/2020,JAN,MS,ASO,ES,Combined TRACON& Tower with Radar,15,9,14,15,53,0,2,0,0,2,15,11,14,15,55,0,32,32,87
07/29/2020,JAN,MS,ASO,ES,Combined TRACON& Tower with Radar,14,10,15,28,67,1,4,0,2,7,15,14,15,30,74,0,84,84,158
07/30/2020,JAN,MS,ASO,ES,Combined TRACON& Tower with Radar,15,9,24,20,68,0,2,3,4,9,15,11,27,24,77,2,66,68,145
07/31/2020,JAN,MS,ASO,ES,Combined TRACON& Tower with Radar,18,10,13,16,57,0,1,0,0,1,18,11,13,16,58,8,48,56,114
08/01/2020,JAN,MS,ASO,ES,Combined TRACON& Tower with Radar,16,5,14,5,40,0,0,2,0,2,16,5,16,5,42,0,0,0,42
08/02/2020,JAN,MS,ASO,ES,Combined TRACON& Tower with Radar,20,5,18,7,50,0,0,8,0,8,20,5,26,7,58,8,2,10,68
08/03/2020,JAN,MS,ASO,ES,Combined TRACON& Tower with Radar,18,8,8,8,42,0,0,4,0,4,18,8,12,8,46,2,80,82,128
08/04/2020,JAN,MS,ASO,ES,Combined TRACON& Tower with Radar,14,4,13,21,52,0,1,2,2,5,14,5,15,23,57,0,70,70,127
08/05/2020,JAN,MS,ASO,ES,Combined TRACON& Tower with Radar,14,22,23,25,84,0,3,5,3,11,14,25,28,28,95,14,106,120,215
08/06/2020,JAN,MS,ASO,ES,Combined TRACON& Tower with Radar,18,9,15,33,75,0,0,3,4,7,18,9,18,37,82,0,142,142,224
08/07/2020,JAN,MS,ASO,ES,Combined TRACON& Tower with Radar,18,6,11,26,61,0,0,4,3,7,18,6,15,29,68,0,56,56,124
08/08/2020,JAN,MS,ASO,ES,Combined TRACON& Tower with Radar,16,5,7,4,32,0,0,4,4,8,16,5,11,8,40,0,2,2,42
08/09/2020,JAN,MS,ASO,ES,Combined TRACON& Tower with Radar,20,5,15,3,43,0,0,5,0,5,20,5,20,3,48,4,0,4,52
08/10/2020,JAN,MS,ASO,ES,Combined TRACON& Tower with Radar,18,9,14,30,71,0,2,4,6,12,18,11,18,36,83,0,80,80,163
08/11/2020,JAN,MS,ASO,ES,Combined TRACON& Tower with Radar,14,11,19,23,67,0,2,2,4,8,14,13,21,27,75,16,158,174,249
08/12/2020,JAN,MS,ASO,ES,Combined TRACON& Tower with Radar,14,21,28,20,83,0,1,5,4,10,14,22,33,24,93,0,58,58,151
08/13/2020,JAN,MS,ASO,ES,Combined TRACON& Tower with Radar,18,15,13,37,83,0,1,0,2,3,18,16,13,39,86,0,122,122,208
08/14/2020,JAN,MS,ASO,ES,Combined TRACON& Tower with Radar,18,8,4,13,43,0,1,1,0,2,18,9,5,13,45,0,34,34,79
08/15/2020,JAN,MS,ASO,ES,Combined TRACON& Tower with Radar,16,7,5,0,28,0,2,11,2,15,16,9,16,2,43,2,0,2,45
08/16/2020,JAN,MS,ASO,ES,Combined TRACON& Tower with Radar,19,7,14,8,48,0,0,0,0,0,19,7,14,8,48,0,18,18,66
08/17/2020,JAN,MS,ASO,ES,Combined TRACON& Tower with Radar,18,14,12,28,72,0,2,3,1,6,18,16,15,29,78,0,114,114,192
08/18/2020,JAN,MS,ASO,ES,Combined TRACON& Tower with Radar,14,9,18,34,75,0,3,3,5,11,14,12,21,39,86,0,40,40,126
08/19/2020,JAN,MS,ASO,ES,Combined TRACON& Tower with Radar,14,10,17,46,87,0,0,9,2,11,14,10,26,48,98,10,90,100,198
08/20/2020,JAN,MS,ASO,ES,Combined TRACON& Tower with Radar,18,7,17,31,73,0,1,3,1,5,18,8,20,32,78,0,24,24,102
08/21/2020,JAN,MS,ASO,ES,Combined TRACON& Tower with Radar,18,7,12,2,39,0,0,2,0,2,18,7,14,2,41,0,0,0,41
08/22/2020,JAN,MS,ASO,ES,Combined TRACON& Tower with Radar,16,6,13,10,45,0,0,1,0,1,16,6,14,10,46,0,0,0,46
08/23/2020,JAN,MS,ASO,ES,Combined TRACON& Tower with Radar,20,6,12,9,47,0,0,3,0,3,20,6,15,9,50,0,0,0,50
08/24/2020,JAN,MS,ASO,ES,Combined TRACON& Tower with Radar,20,5,7,39,71,0,2,3,7,12,20,7,10,46,83,0,12,12,95
08/25/2020,JAN,MS,ASO,ES,Combined TRACON& Tower with Radar,15,3,10,8,36,0,0,0,0,0,15,3,10,8,36,0,4,4,40
08/26/2020,JAN,MS,ASO,ES,Combined TRACON& Tower with Radar,13,2,9,16,40,0,1,2,1,4,13,3,11,17,44,4,38,42,86
08/27/2020,JAN,MS,ASO,ES,Combined TRACON& Tower with Radar,20,4,4,11,39,0,0,0,0,0,20,4,4,11,39,0,18,18,57
08/28/2020,JAN,MS,ASO,ES,Combined TRACON& Tower with Radar,20,6,4,2,32,0,1,2,1,4,20,7,6,3,36,0,6,6,42
08/29/2020,JAN,MS,ASO,ES,Combined TRACON& Tower with Radar,16,5,16,5,42,0,0,4,0,4,16,5,20,5,46,12,6,18,64
08/30/2020,JAN,MS,ASO,ES,Combined TRACON& Tower with Radar,20,9,7,3,39,0,0,0,0,0,20,9,7,3,39,0,6,6,45
08/31/2020,JAN,MS,ASO,ES,Combined TRACON& Tower with Radar,20,14,12,16,62,0,2,1,1,4,20,16,13,17,66,0,14,14,80
09/01/2020,JAN,MS,ASO,ES,Combined TRACON& Tower with Radar,12,6,21,42,81,0,0,1,5,6,12,6,22,47,87,2,34,36,123
09/02/2020,JAN,MS,ASO,ES,Combined TRACON& Tower with Radar,17,13,31,27,88,0,3,3,2,8,17,16,34,29,96,0,10,10,106
09/03/2020,JAN,MS,ASO,ES,Combined TRACON& Tower with Radar,18,8,11,45,82,0,2,2,4,8,18,10,13,49,90,0,26,26,116
09/04/2020,JAN,MS,ASO,ES,Combined TRACON& Tower with Radar,18,10,14,3,45,0,3,3,0,6,18,13,17,3,51,0,0,0,51
09/05/2020,JAN,MS,ASO,ES,Combined TRACON& Tower with Radar,16,7,8,2,33,0,1,2,0,3,16,8,10,2,36,0,0,0,36
09/06/2020,JAN,MS,ASO,ES,Combined TRACON& Tower with Radar,18,6,4,9,37,0,0,4,1,5,18,6,8,10,42,0,0,0,42
09/07/2020,JAN,MS,ASO,ES,Combined TRACON& Tower with Radar,15,13,20,0,48,0,0,5,0,5,15,13,25,0,53,4,0,4,57
09/08/2020,JAN,MS,ASO,ES,Combined TRACON& Tower with Radar,15,10,16,26,67,0,3,3,7,13,15,13,19,33,80,0,76,76,156
09/09/2020,JAN,MS,ASO,ES,Combined TRACON& Tower with Radar,13,14,24,24,75,0,0,3,7,10,13,14,27,31,85,0,40,40,125
09/10/2020,JAN,MS,ASO,ES,Combined TRACON& Tower with Radar,14,13,23,26,76,0,1,2,3,6,14,14,25,29,82,0,92,92,174
09/11/2020,JAN,MS,ASO,ES,Combined TRACON& Tower with Radar,15,20,10,11,56,0,0,3,5,8,15,20,13,16,64,0,102,102,166
09/12/2020,JAN,MS,ASO,ES,Combined TRACON& Tower with Radar,14,7,9,16,46,0,2,1,2,5,14,9,10,18,51,2,24,26,77
09/13/2020,JAN,MS,ASO,ES,Combined TRACON& Tower with Radar,15,7,11,20,53,0,3,2,0,5,15,10,13,20,58,0,14,14,72
09/14/2020,JAN,MS,ASO,ES,Combined TRACON& Tower with Radar,15,15,12,43,85,0,0,2,0,2,15,15,14,43,87,2,110,112,199
09/15/2020,JAN,MS,ASO,ES,Combined TRACON& Tower with Radar,15,12,7,21,55,0,0,1,2,3,15,12,8,23,58,0,34,34,92
09/16/2020,JAN,MS,ASO,ES,Combined TRACON& Tower with Radar,15,8,11,44,78,0,2,1,1,4,15,10,12,45,82,2,46,48,130
09/17/2020,JAN,MS,ASO,ES,Combined TRACON& Tower with Radar,17,13,26,50,106,0,0,16,3,19,17,13,42,53,125,10,66,76,201
09/18/2020,JAN,MS,ASO,ES,Combined TRACON& Tower with Radar,18,15,12,21,66,0,0,4,9,13,18,15,16,30,79,2,22,24,103
09/19/2020,JAN,MS,ASO,ES,Combined TRACON& Tower with Radar,17,7,8,9,41,0,1,1,2,4,17,8,9,11,45,2,8,10,55
09/20/2020,JAN,MS,ASO,ES,Combined TRACON& Tower with Radar,17,8,16,9,50,0,4,0,0,4,17,12,16,9,54,0,6,6,60
09/21/2020,JAN,MS,ASO,ES,Combined TRACON& Tower with Radar,20,15,16,17,68,0,0,1,1,2,20,15,17,18,70,0,62,62,132
09/22/2020,JAN,MS,ASO,ES,Combined TRACON& Tower with Radar,16,12,9,22,59,0,2,2,3,7,16,14,11,25,66,0,44,44,110
09/23/2020,JAN,MS,ASO,ES,Combined TRACON& Tower with Radar,17,9,22,8,56,0,0,0,0,0,17,9,22,8,56,0,0,0,56
09/24/2020,JAN,MS,ASO,ES,Combined TRACON& Tower with Radar,17,13,17,12,59,0,0,0,0,0,17,13,17,12,59,0,0,0,59
09/25/2020,JAN,MS,ASO,ES,Combined TRACON& Tower with Radar,18,23,28,15,84,0,1,1,0,2,18,24,29,15,86,2,46,48,134
09/26/2020,JAN,MS,ASO,ES,Combined TRACON& Tower with Radar,17,7,16,3,43,0,2,3,1,6,17,9,19,4,49,2,14,16,65
09/27/2020,JAN,MS,ASO,ES,Combined TRACON& Tower with Radar,17,10,29,5,61,0,6,6,1,13,17,16,35,6,74,0,6,6,80
09/28/2020,JAN,MS,ASO,ES,Combined TRACON& Tower with Radar,20,11,14,17,62,0,0,0,0,0,20,11,14,17,62,0,12,12,74
09/29/2020,JAN,MS,ASO,ES,Combined TRACON& Tower with Radar,16,13,25,37,91,0,2,1,2,5,16,15,26,39,96,0,46,46,142
09/30/2020,JAN,MS,ASO,ES,Combined TRACON& Tower with Radar,19,13,30,14,76,0,2,4,8,14,19,15,34,22,90,0,0,0,90
10/01/2020,JAN,MS,ASO,ES,Combined TRACON& Tower with Radar,17,15,24,18,74,0,3,4,7,14,17,18,28,25,88,0,28,28,116
10/02/2020,JAN,MS,ASO,ES,Combined TRACON& Tower with Radar,17,18,22,24,81,0,0,16,5,21,17,18,38,29,102,4,8,12,114
10/03/2020,JAN,MS,ASO,ES,Combined TRACON& Tower with Radar,16,7,4,11,38,1,1,2,0,4,17,8,6,11,42,0,4,4,46
10/04/2020,JAN,MS,ASO,ES,Combined TRACON& Tower with Radar,17,14,7,3,41,0,1,9,0,10,17,15,16,3,51,4,0,4,55
10/05/2020,JAN,MS,ASO,ES,Combined TRACON& Tower with Radar,19,12,21,20,72,0,1,4,1,6,19,13,25,21,78,8,38,46,124
10/06/2020,JAN,MS,ASO,ES,Combined TRACON& Tower with Radar,23,11,21,23,78,0,2,4,8,14,23,13,25,31,92,0,46,46,138
10/07/2020,JAN,MS,ASO,ES,Combined TRACON& Tower with Radar,25,16,22,26,89,0,1,5,7,13,25,17,27,33,102,2,70,72,174
10/08/2020,JAN,MS,ASO,ES,Combined TRACON& Tower with Radar,21,11,15,23,70,0,1,2,0,3,21,12,17,23,73,0,20,20,93
10/09/2020,JAN,MS,ASO,ES,Combined TRACON& Tower with Radar,23,11,2,4,40,0,3,0,0,3,23,14,2,4,43,0,2,2,45
10/10/2020,JAN,MS,ASO,ES,Combined TRACON& Tower with Radar,18,4,2,0,24,0,0,0,0,0,18,4,2,0,24,0,0,0,24
10/11/2020,JAN,MS,ASO,ES,Combined TRACON& Tower with Radar,21,14,7,3,45,0,0,0,0,0,21,14,7,3,45,10,0,10,55
10/12/2020,JAN,MS,ASO,ES,Combined TRACON& Tower with Radar,21,12,27,1,61,0,3,4,0,7,21,15,31,1,68,0,0,0,68
10/13/2020,JAN,MS,ASO,ES,Combined TRACON& Tower with Radar,20,10,23,29,82,0,3,10,19,32,20,13,33,48,114,2,144,146,260
10/14/2020,JAN,MS,ASO,ES,Combined TRACON& Tower with Radar,20,13,15,22,70,0,3,10,6,19,20,16,25,28,89,2,76,78,167
10/15/2020,JAN,MS,ASO,ES,Combined TRACON& Tower with Radar,29,17,27,52,125,1,3,5,6,15,30,20,32,58,140,16,88,104,244
10/16/2020,JAN,MS,ASO,ES,Combined TRACON& Tower with Radar,37,12,21,9,79,0,7,4,8,19,37,19,25,17,98,0,62,62,160
10/17/2020,JAN,MS,ASO,ES,Combined TRACON& Tower with Radar,19,8,11,3,41,0,1,9,1,11,19,9,20,4,52,10,0,10,62
10/18/2020,JAN,MS,ASO,ES,Combined TRACON& Tower with Radar,20,19,20,18,77,0,4,14,3,21,20,23,34,21,98,16,24,40,138
10/19/2020,JAN,MS,ASO,ES,Combined TRACON& Tower with Radar,23,19,14,44,100,0,3,5,3,11,23,22,19,47,111,8,60,68,179
10/20/2020,JAN,MS,ASO,ES,Combined TRACON& Tower with Radar,17,12,32,49,110,0,5,11,9,25,17,17,43,58,135,6,104,110,245
10/21/2020,JAN,MS,ASO,ES,Combined TRACON& Tower with Radar,17,14,29,29,89,0,0,11,6,17,17,14,40,35,106,8,78,86,192
10/22/2020,JAN,MS,ASO,ES,Combined TRACON& Tower with Radar,20,27,32,71,150,0,2,3,15,20,20,29,35,86,170,0,46,46,216
10/23/2020,JAN,MS,ASO,ES,Combined TRACON& Tower with Radar,23,24,17,67,131,0,1,2,8,11,23,25,19,75,142,8,146,154,296
10/24/2020,JAN,MS,ASO,ES,Combined TRACON& Tower with Radar,16,8,14,0,38,0,0,0,0,0,16,8,14,0,38,0,0,0,38
10/25/2020,JAN,MS,ASO,ES,Combined TRACON& Tower with Radar,18,21,21,1,61,0,0,2,0,2,18,21,23,1,63,0,0,0,63
10/26/2020,JAN,MS,ASO,ES,Combined TRACON& Tower with Radar,20,16,24,39,99,0,2,6,5,13,20,18,30,44,112,4,60,64,176
10/27/2020,JAN,MS,ASO,ES,Combined TRACON& Tower with Radar,17,26,22,46,111,0,1,3,1,5,17,27,25,47,116,4,108,112,228
10/28/2020,JAN,MS,ASO,ES,Combined TRACON& Tower with Radar,17,10,18,6,51,0,0,0,0,0,17,10,18,6,51,0,0,0,51
10/29/2020,JAN,MS,ASO,ES,Combined TRACON& Tower with Radar,20,14,27,57,118,0,2,5,3,10,20,16,32,60,128,0,178,178,306
10/30/2020,JAN,MS,ASO,ES,Combined TRACON& Tower with Radar,22,15,21,31,89,0,3,4,2,9,22,18,25,33,98,6,64,70,168
10/31/2020,JAN,MS,ASO,ES,Combined TRACON& Tower with Radar,15,10,7,8,40,0,2,4,5,11,15,12,11,13,51,10,0,10,61
11/01/2020,JAN,MS,ASO,ES,Combined TRACON& Tower with Radar,15,9,18,5,47,0,3,2,0,5,15,12,20,5,52,0,0,0,52
11/02/2020,JAN,MS,ASO,ES,Combined TRACON& Tower with Radar,19,15,18,29,81,1,2,7,6,16,20,17,25,35,97,0,148,148,245
11/03/2020,JAN,MS,ASO,ES,Combined TRACON& Tower with Radar,15,9,15,10,49,0,0,7,3,10,15,9,22,13,59,4,14,18,77
11/04/2020,JAN,MS,ASO,ES,Combined TRACON& Tower with Radar,15,10,16,40,81,0,2,11,9,22,15,12,27,49,103,36,70,106,209
11/05/2020,JAN,MS,ASO,ES,Combined TRACON& Tower with Radar,19,19,25,16,79,0,5,1,8,14,19,24,26,24,93,4,116,120,213
11/06/2020,JAN,MS,ASO,ES,Combined TRACON& Tower with Radar,20,15,12,47,94,0,15,6,9,30,20,30,18,56,124,8,178,186,310
11/07/2020,JAN,MS,ASO,ES,Combined TRACON& Tower with Radar,20,9,11,12,52,0,1,1,4,6,20,10,12,16,58,14,12,26,84
11/08/2020,JAN,MS,ASO,ES,Combined TRACON& Tower with Radar,21,8,10,6,45,0,3,4,4,11,21,11,14,10,56,24,12,36,92
11/09/2020,JAN,MS,ASO,ES,Combined TRACON& Tower with Radar,20,19,16,23,78,0,2,1,0,3,20,21,17,23,81,0,12,12,93
11/10/2020,JAN,MS,ASO,ES,Combined TRACON& Tower with Radar,15,22,26,68,131,0,0,1,0,1,15,22,27,68,132,6,28,34,166
11/11/2020,JAN,MS,ASO,ES,Combined TRACON& Tower with Radar,16,9,22,0,47,0,0,1,0,1,16,9,23,0,48,14,0,14,62
11/12/2020,JAN,MS,ASO,ES,Combined TRACON& Tower with Radar,19,13,11,75,118,0,1,3,11,15,19,14,14,86,133,16,108,124,257
11/13/2020,JAN,MS,ASO,ES,Combined TRACON& Tower with Radar,22,10,10,37,79,0,2,3,4,9,22,12,13,41,88,4,10,14,102
11/14/2020,JAN,MS,ASO,ES,Combined TRACON& Tower with Radar,19,4,8,4,35,1,2,1,0,4,20,6,9,4,39,0,2,2,41
11/15/2020,JAN,MS,ASO,ES,Combined TRACON& Tower with Radar,21,6,16,12,55,0,3,3,0,6,21,9,19,12,61,38,6,44,105
11/16/2020,JAN,MS,ASO,ES,Combined TRACON& Tower with Radar,22,16,21,58,117,0,2,5,16,23,22,18,26,74,140,4,136,140,280
11/17/2020,JAN,MS,ASO,ES,Combined TRACON& Tower with Radar,17,23,21,37,98,0,4,5,5,14,17,27,26,42,112,28,104,132,244
11/18/2020,JAN,MS,ASO,ES,Combined TRACON& Tower with Radar,16,22,16,46,100,0,2,4,7,13,16,24,20,53,113,0,138,138,251
11/19/2020,JAN,MS,ASO,ES,Combined TRACON& Tower with Radar,24,9,24,52,109,0,2,7,1,10,24,11,31,53,119,0,68,68,187
11/20/2020,JAN,MS,ASO,ES,Combined TRACON& Tower with Radar,24,16,20,23,83,1,0,2,5,8,25,16,22,28,91,0,90,90,181
11/21/2020,JAN,MS,ASO,ES,Combined TRACON& Tower with Radar,24,4,15,5,48,0,2,3,0,5,24,6,18,5,53,2,18,20,73
11/22/2020,JAN,MS,ASO,ES,Combined TRACON& Tower with Radar,25,6,12,4,47,0,3,3,0,6,25,9,15,4,53,0,0,0,53
11/23/2020,JAN,MS,ASO,ES,Combined TRACON& Tower with Radar,19,8,15,43,85,0,2,7,4,13,19,10,22,47,98,14,64,78,176
11/24/2020,JAN,MS,ASO,ES,Combined TRACON& Tower with Radar,24,17,17,34,92,0,3,9,4,16,24,20,26,38,108,14,58,72,180
11/25/2020,JAN,MS,ASO,ES,Combined TRACON& Tower with Radar,25,15,15,1,56,0,2,0,0,2,25,17,15,1,58,0,0,0,58
11/26/2020,JAN,MS,ASO,ES,Combined TRACON& Tower with Radar,9,11,6,1,27,0,1,2,0,3,9,12,8,1,30,0,0,0,30
11/27/2020,JAN,MS,ASO,ES,Combined TRACON& Tower with Radar,21,12,13,0,46,0,0,0,0,0,21,12,13,0,46,0,0,0,46
11/28/2020,JAN,MS,ASO,ES,Combined TRACON& Tower with Radar,22,14,18,0,54,0,0,0,0,0,22,14,18,0,54,4,0,4,58
11/29/2020,JAN,MS,ASO,ES,Combined TRACON& Tower with Radar,25,12,21,2,60,0,0,0,0,0,25,12,21,2,60,0,0,0,60
11/30/2020,JAN,MS,ASO,ES,Combined TRACON& Tower with Radar,26,13,17,41,97,0,0,2,2,4,26,13,19,43,101,0,114,114,215
12/01/2020,JAN,MS,ASO,ES,Combined TRACON& Tower with Radar,26,31,19,23,99,0,4,6,5,15,26,35,25,28,114,4,74,78,192
12/02/2020,JAN,MS,ASO,ES,Combined TRACON& Tower with Radar,18,21,19,28,86,0,4,7,8,19,18,25,26,36,105,12,48,60,165
12/03/2020,JAN,MS,ASO,ES,Combined TRACON& Tower with Radar,25,16,9,20,70,0,0,0,0,0,25,16,9,20,70,0,8,8,78
12/04/2020,JAN,MS,ASO,ES,Combined TRACON& Tower with Radar,27,11,21,35,94,0,0,2,0,2,27,11,23,35,96,36,28,64,160
12/05/2020,JAN,MS,ASO,ES,Combined TRACON& Tower with Radar,18,12,19,28,77,0,1,0,3,4,18,13,19,31,81,8,70,78,159
12/06/2020,JAN,MS,ASO,ES,Combined TRACON& Tower with Radar,27,7,8,19,61,0,2,3,0,5,27,9,11,19,66,8,16,24,90
12/07/2020,JAN,MS,ASO,ES,Combined TRACON& Tower with Radar,26,12,13,22,73,0,0,4,5,9,26,12,17,27,82,2,114,116,198
12/08/2020,JAN,MS,ASO,ES,Combined TRACON& Tower with Radar,17,20,20,28,85,0,3,9,2,14,17,23,29,30,99,6,122,128,227
12/09/2020,JAN,MS,ASO,ES,Combined TRACON& Tower with Radar,18,7,21,21,67,0,1,9,4,14,18,8,30,25,81,14,74,88,169
12/10/2020,JAN,MS,ASO,ES,Combined TRACON& Tower with Radar,26,9,28,36,99,0,1,8,6,15,26,10,36,42,114,4,110,114,228
12/11/2020,JAN,MS,ASO,ES,Combined TRACON& Tower with Radar,29,10,10,21,70,0,0,6,6,12,29,10,16,27,82,2,116,118,200
12/12/2020,JAN,MS,ASO,ES,Combined TRACON& Tower with Radar,16,10,10,0,36,0,1,1,0,2,16,11,11,0,38,6,0,6,44
12/13/2020,JAN,MS,ASO,ES,Combined TRACON& Tower with Radar,26,10,12,18,66,0,0,5,0,5,26,10,17,18,71,0,10,10,81
12/14/2020,JAN,MS,ASO,ES,Combined TRACON& Tower with Radar,25,11,15,31,82,0,0,3,0,3,25,11,18,31,85,6,42,48,133
12/15/2020,JAN,MS,ASO,ES,Combined TRACON& Tower with Radar,17,18,17,14,66,0,0,0,1,1,17,18,17,15,67,2,26,28,95
12/16/2020,JAN,MS,ASO,ES,Combined TRACON& Tower with Radar,21,14,14,20,69,0,0,0,0,0,21,14,14,20,69,0,12,12,81
12/17/2020,JAN,MS,ASO,ES,Combined TRACON& Tower with Radar,23,13,24,53,113,0,2,15,16,33,23,15,39,69,146,0,216,216,362
12/18/2020,JAN,MS,ASO,ES,Combined TRACON& Tower with Radar,23,14,25,22,84,0,0,9,7,16,23,14,34,29,100,10,76,86,186
12/19/2020,JAN,MS,ASO,ES,Combined TRACON& Tower with Radar,24,9,20,0,53,0,1,2,0,3,24,10,22,0,56,0,0,0,56
12/20/2020,JAN,MS,ASO,ES,Combined TRACON& Tower with Radar,27,11,14,0,52,0,0,1,0,1,27,11,15,0,53,0,0,0,53
12/21/2020,JAN,MS,ASO,ES,Combined TRACON& Tower with Radar,28,20,16,25,89,0,4,17,4,25,28,24,33,29,114,6,66,72,186
12/22/2020,JAN,MS,ASO,ES,Combined TRACON& Tower with Radar,24,19,21,16,80,0,4,10,8,22,24,23,31,24,102,0,0,0,102
12/23/2020,JAN,MS,ASO,ES,Combined TRACON& Tower with Radar,28,16,11,3,58,0,3,2,0,5,28,19,13,3,63,0,0,0,63
12/24/2020,JAN,MS,ASO,ES,Combined TRACON& Tower with Radar,20,10,4,0,34,0,3,2,0,5,20,13,6,0,39,0,0,0,39
12/25/2020,JAN,MS,ASO,ES,Combined TRACON& Tower with Radar,16,6,3,0,25,0,1,3,0,4,16,7,6,0,29,0,0,0,29
12/26/2020,JAN,MS,ASO,ES,Combined TRACON& Tower with Radar,24,12,8,1,45,0,3,3,1,7,24,15,11,2,52,0,0,0,52
12/27/2020,JAN,MS,ASO,ES,Combined TRACON& Tower with Radar,23,13,9,0,45,0,2,9,1,12,23,15,18,1,57,4,0,4,61
12/28/2020,JAN,MS,ASO,ES,Combined TRACON& Tower with Radar,23,11,14,0,48,0,2,4,0,6,23,13,18,0,54,12,0,12,66
12/29/2020,JAN,MS,ASO,ES,Combined TRACON& Tower with Radar,25,9,15,1,50,0,0,8,1,9,25,9,23,2,59,4,0,4,63
12/30/2020,JAN,MS,ASO,ES,Combined TRACON& Tower with Radar,20,19,9,1,49,0,2,0,0,2,20,21,9,1,51,0,0,0,51
12/31/2020,JAN,MS,ASO,ES,Combined TRACON& Tower with Radar,18,11,9,1,39,0,1,0,0,1,18,12,9,1,40,0,0,0,40
01/01/2021,JAN,MS,ASO,ES,Combined TRACON& Tower with Radar,18,4,7,0,29,0,0,3,0,3,18,4,10,0,32,0,0,0,32
01/02/2021,JAN,MS,ASO,ES,Combined TRACON& Tower with Radar,23,9,7,0,39,0,1,4,0,5,23,10,11,0,44,0,0,0,44
01/03/2021,JAN,MS,ASO,ES,Combined TRACON& Tower with Radar,23,15,12,0,50,0,3,16,0,19,23,18,28,0,69,6,0,6,75
01/04/2021,JAN,MS,ASO,ES,Combined TRACON& Tower with Radar,22,12,7,0,41,0,3,6,0,9,22,15,13,0,50,0,0,0,50
01/05/2021,JAN,MS,ASO,ES,Combined TRACON& Tower with Radar,17,11,10,21,59,0,4,9,1,14,17,15,19,22,73,0,54,54,127
01/06/2021,JAN,MS,ASO,ES,Combined TRACON& Tower with Radar,21,14,10,39,84,0,2,5,5,12,21,16,15,44,96,0,72,72,168
01/07/2021,JAN,MS,ASO,ES,Combined TRACON& Tower with Radar,23,11,5,8,47,0,0,0,0,0,23,11,5,8,47,0,2,2,49
01/08/2021,JAN,MS,ASO,ES,Combined TRACON& Tower with Radar,28,12,10,22,72,0,0,0,0,0,28,12,10,22,72,0,8,8,80
01/09/2021,JAN,MS,ASO,ES,Combined TRACON& Tower with Radar,17,11,7,9,44,0,2,3,0,5,17,13,10,9,49,0,4,4,53
01/10/2021,JAN,MS,ASO,ES,Combined TRACON& Tower with Radar,21,9,13,8,51,0,1,3,0,4,21,10,16,8,55,10,10,20,75
01/11/2021,JAN,MS,ASO,ES,Combined TRACON& Tower with Radar,22,13,7,3,45,0,0,0,0,0,22,13,7,3,45,0,0,0,45
01/12/2021,JAN,MS,ASO,ES,Combined TRACON& Tower with Radar,17,22,13,49,101,0,1,0,2,3,17,23,13,51,104,0,50,50,154
01/13/2021,JAN,MS,ASO,ES,Combined TRACON& Tower with Radar,20,18,16,31,85,0,0,3,8,11,20,18,19,39,96,0,62,62,158
01/14/2021,JAN,MS,ASO,ES,Combined TRACON& Tower with Radar,23,19,16,38,96,0,3,2,4,9,23,22,18,42,105,6,122,128,233
01/15/2021,JAN,MS,ASO,ES,Combined TRACON& Tower with Radar,26,10,9,33,78,0,3,4,3,10,26,13,13,36,88,0,68,68,156
01/16/2021,JAN,MS,ASO,ES,Combined TRACON& Tower with Radar,19,8,15,6,48,0,0,7,0,7,19,8,22,6,55,18,4,22,77
01/17/2021,JAN,MS,ASO,ES,Combined TRACON& Tower with Radar,21,6,10,2,39,0,2,7,0,9,21,8,17,2,48,20,2,22,70
01/18/2021,JAN,MS,ASO,ES,Combined TRACON& Tower with Radar,24,13,19,28,84,0,4,7,1,12,24,17,26,29,96,2,26,28,124
01/19/2021,JAN,MS,ASO,ES,Combined TRACON& Tower with Radar,20,20,16,24,80,0,2,2,7,11,20,22,18,31,91,14,116,130,221
01/20/2021,JAN,MS,ASO,ES,Combined TRACON& Tower with Radar,20,22,28,13,83,0,6,5,2,13,20,28,33,15,96,4,96,100,196
01/21/2021,JAN,MS,ASO,ES,Combined TRACON& Tower with Radar,26,19,16,19,80,0,0,0,0,0,26,19,16,19,80,0,0,0,80
01/22/2021,JAN,MS,ASO,ES,Combined TRACON& Tower with Radar,26,11,19,3,59,0,0,0,0,0,26,11,19,3,59,0,4,4,63
01/23/2021,JAN,MS,ASO,ES,Combined TRACON& Tower with Radar,17,6,9,21,53,0,0,4,6,10,17,6,13,27,63,4,30,34,97
01/24/2021,JAN,MS,ASO,ES,Combined TRACON& Tower with Radar,23,13,18,11,65,0,0,0,0,0,23,13,18,11,65,6,0,6,71
01/25/2021,JAN,MS,ASO,ES,Combined TRACON& Tower with Radar,24,23,19,14,80,0,0,0,1,1,24,23,19,15,81,4,34,38,119
01/26/2021,JAN,MS,ASO,ES,Combined TRACON& Tower with Radar,18,29,21,33,101,0,3,7,6,16,18,32,28,39,117,10,124,134,251
01/27/2021,JAN,MS,ASO,ES,Combined TRACON& Tower with Radar,22,14,26,59,121,0,1,0,0,1,22,15,26,59,122,2,66,68,190
01/28/2021,JAN,MS,ASO,ES,Combined TRACON& Tower with Radar,21,17,29,46,113,0,1,11,7,19,21,18,40,53,132,16,66,82,214
01/29/2021,JAN,MS,ASO,ES,Combined TRACON& Tower with Radar,26,20,34,42,122,0,2,12,11,25,26,22,46,53,147,48,70,118,265
01/30/2021,JAN,MS,ASO,ES,Combined TRACON& Tower with Radar,16,8,9,8,41,0,2,4,3,9,16,10,13,11,50,0,16,16,66
01/31/2021,JAN,MS,ASO,ES,Combined TRACON& Tower with Radar,23,6,9,1,39,0,1,1,0,2,23,7,10,1,41,0,0,0,41
02/01/2021,JAN,MS,ASO,ES,Combined TRACON& Tower with Radar,24,12,26,17,79,0,1,0,0,1,24,13,26,17,80,0,68,68,148
02/02/2021,JAN,MS,ASO,ES,Combined TRACON& Tower with Radar,19,22,18,71,130,0,3,6,6,15,19,25,24,77,145,12,144,156,301
02/03/2021,JAN,MS,ASO,ES,Combined TRACON& Tower with Radar,19,15,19,45,98,0,0,9,7,16,19,15,28,52,114,8,168,176,290
02/04/2021,JAN,MS,ASO,ES,Combined TRACON& Tower with Radar,24,11,19,38,92,0,4,7,3,14,24,15,26,41,106,2,140,142,248
02/05/2021,JAN,MS,ASO,ES,Combined TRACON& Tower with Radar,27,17,20,37,101,0,1,3,4,8,27,18,23,41,109,10,132,142,251
02/06/2021,JAN,MS,ASO,ES,Combined TRACON& Tower with Radar,16,4,10,15,45,0,0,3,0,3,16,4,13,15,48,8,12,20,68
02/07/2021,JAN,MS,ASO,ES,Combined TRACON& Tower with Radar,21,4,17,25,67,0,3,3,4,10,21,7,20,29,77,8,30,38,115
02/08/2021,JAN,MS,ASO,ES,Combined TRACON& Tower with Radar,24,28,21,56,129,0,1,11,6,18,24,29,32,62,147,28,146,174,321
02/09/2021,JAN,MS,ASO,ES,Combined TRACON& Tower with Radar,20,29,28,34,111,0,2,5,2,9,20,31,33,36,120,26,118,144,264
02/10/2021,JAN,MS,ASO,ES,Combined TRACON& Tower with Radar,19,16,18,32,85,0,0,3,2,5,19,16,21,34,90,2,24,26,116
02/11/2021,JAN,MS,ASO,ES,Combined TRACON& Tower with Radar,22,16,3,0,41,0,0,0,0,0,22,16,3,0,41,0,0,0,41
02/12/2021,JAN,MS,ASO,ES,Combined TRACON& Tower with Radar,28,16,23,7,74,0,0,0,0,0,28,16,23,7,74,0,8,8,82
02/13/2021,JAN,MS,ASO,ES,Combined TRACON& Tower with Radar,18,11,3,0,32,0,0,0,0,0,18,11,3,0,32,0,0,0,32
02/14/2021,JAN,MS,ASO,ES,Combined TRACON& Tower with Radar,10,7,2,1,20,0,0,0,0,0,10,7,2,1,20,0,0,0,20
02/16/2021,JAN,MS,ASO,ES,Combined TRACON& Tower with Radar,0,0,0,0,0,0,0,0,0,0,0,0,0,0,0,0,0,0,0
02/17/2021,JAN,MS,ASO,ES,Combined TRACON& Tower with Radar,0,0,0,0,0,0,0,0,0,0,0,0,0,0,0,0,0,0,0
02/18/2021,JAN,MS,ASO,ES,Combined TRACON& Tower with Radar,0,0,0,0,0,0,0,0,0,0,0,0,0,0,0,0,0,0,0
02/19/2021,JAN,MS,ASO,ES,Combined TRACON& Tower with Radar,3,0,0,2,5,0,2,0,0,2,3,2,0,2,7,0,4,4,11
02/20/2021,JAN,MS,ASO,ES,Combined TRACON& Tower with Radar,23,8,9,2,42,0,0,3,6,9,23,8,12,8,51,0,0,0,51
02/21/2021,JAN,MS,ASO,ES,Combined TRACON& Tower with Radar,22,11,10,5,48,0,0,2,0,2,22,11,12,5,50,6,4,10,60
02/22/2021,JAN,MS,ASO,ES,Combined TRACON& Tower with Radar,25,12,21,9,67,0,3,5,0,8,25,15,26,9,75,12,0,12,87
02/23/2021,JAN,MS,ASO,ES,Combined TRACON& Tower with Radar,17,10,25,64,116,0,4,17,2,23,17,14,42,66,139,12,184,196,335
02/24/2021,JAN,MS,ASO,ES,Combined TRACON& Tower with Radar,19,13,27,27,86,0,2,4,9,15,19,15,31,36,101,4,172,176,277
02/25/2021,JAN,MS,ASO,ES,Combined TRACON& Tower with Radar,23,10,26,20,79,0,5,1,2,8,23,15,27,22,87,0,26,26,113
02/26/2021,JAN,MS,ASO,ES,Combined TRACON& Tower with Radar,27,31,21,51,130,0,7,3,6,16,27,38,24,57,146,8,138,146,292
02/27/2021,JAN,MS,ASO,ES,Combined TRACON& Tower with Radar,21,13,11,21,66,0,3,5,8,16,21,16,16,29,82,12,18,30,112
02/28/2021,JAN,MS,ASO,ES,Combined TRACON& Tower with Radar,24,10,11,4,49,0,1,4,0,5,24,11,15,4,54,0,0,0,54
03/01/2021,JAN,MS,ASO,ES,Combined TRACON& Tower with Radar,24,19,13,23,79,0,0,0,3,3,24,19,13,26,82,0,22,22,104
03/02/2021,JAN,MS,ASO,ES,Combined TRACON& Tower with Radar,18,15,13,38,84,0,2,0,0,2,18,17,13,38,86,0,20,20,106
03/03/2021,JAN,MS,ASO,ES,Combined TRACON& Tower with Radar,19,23,19,57,118,0,1,10,16,27,19,24,29,73,145,2,160,162,307
03/04/2021,JAN,MS,ASO,ES,Combined TRACON& Tower with Radar,30,17,25,32,104,0,4,6,3,13,30,21,31,35,117,24,60,84,201
03/05/2021,JAN,MS,ASO,ES,Combined TRACON& Tower with Radar,31,16,12,43,102,0,1,5,9,15,31,17,17,52,117,8,210,218,335
03/06/2021,JAN,MS,ASO,ES,Combined TRACON& Tower with Radar,23,10,2,37,72,0,0,1,8,9,23,10,3,45,81,0,34,34,115
03/07/2021,JAN,MS,ASO,ES,Combined TRACON& Tower with Radar,28,14,15,7,64,0,3,5,3,11,28,17,20,10,75,8,14,22,97
03/08/2021,JAN,MS,ASO,ES,Combined TRACON& Tower with Radar,30,17,11,18,76,0,4,4,7,15,30,21,15,25,91,0,104,104,195
03/09/2021,JAN,MS,ASO,ES,Combined TRACON& Tower with Radar,24,12,29,17,82,0,4,2,8,14,24,16,31,25,96,4,100,104,200
03/10/2021,JAN,MS,ASO,ES,Combined TRACON& Tower with Radar,24,13,18,18,73,0,1,4,2,7,24,14,22,20,80,0,78,78,158
03/11/2021,JAN,MS,ASO,ES,Combined TRACON& Tower with Radar,31,29,29,28,117,0,2,2,7,11,31,31,31,35,128,16,76,92,220
03/12/2021,JAN,MS,ASO,ES,Combined TRACON& Tower with Radar,32,21,17,14,84,0,4,4,1,9,32,25,21,15,93,0,50,50,143
03/13/2021,JAN,MS,ASO,ES,Combined TRACON& Tower with Radar,26,9,19,9,63,0,2,4,2,8,26,11,23,11,71,2,98,100,171
03/14/2021,JAN,MS,ASO,ES,Combined TRACON& Tower with Radar,29,11,11,22,73,0,1,4,0,5,29,12,15,22,78,10,24,34,112
03/15/2021,JAN,MS,ASO,ES,Combined TRACON& Tower with Radar,30,17,14,5,66,0,4,1,0,5,30,21,15,5,71,0,2,2,73
03/16/2021,JAN,MS,ASO,ES,Combined TRACON& Tower with Radar,29,13,30,4,76,0,0,1,1,2,29,13,31,5,78,0,0,0,78
03/17/2021,JAN,MS,ASO,ES,Combined TRACON& Tower with Radar,22,9,14,1,46,0,0,0,0,0,22,9,14,1,46,0,0,0,46
03/18/2021,JAN,MS,ASO,ES,Combined TRACON& Tower with Radar,31,22,20,15,88,0,3,2,0,5,31,25,22,15,93,0,6,6,99
03/19/2021,JAN,MS,ASO,ES,Combined TRACON& Tower with Radar,31,18,22,29,100,0,1,2,0,3,31,19,24,29,103,12,28,40,143
03/20/2021,JAN,MS,ASO,ES,Combined TRACON& Tower with Radar,26,18,21,13,78,0,5,9,3,17,26,23,30,16,95,26,22,48,143
03/21/2021,JAN,MS,ASO,ES,Combined TRACON& Tower with Radar,31,11,30,4,76,0,0,9,5,14,31,11,39,9,90,14,14,28,118
03/22/2021,JAN,MS,ASO,ES,Combined TRACON& Tower with Radar,20,11,13,32,76,0,1,7,10,18,20,12,20,42,94,2,86,88,182
03/23/2021,JAN,MS,ASO,ES,Combined TRACON& Tower with Radar,24,12,15,4,55,0,2,0,0,2,24,14,15,4,57,14,0,14,71
03/24/2021,JAN,MS,ASO,ES,Combined TRACON& Tower with Radar,24,15,41,12,92,0,3,4,0,7,24,18,45,12,99,20,2,22,121
03/25/2021,JAN,MS,ASO,ES,Combined TRACON& Tower with Radar,32,14,11,8,65,0,0,0,0,0,32,14,11,8,65,0,0,0,65
03/26/2021,JAN,MS,ASO,ES,Combined TRACON& Tower with Radar,31,20,23,25,99,0,4,8,6,18,31,24,31,31,117,14,74,88,205
03/27/2021,JAN,MS,ASO,ES,Combined TRACON& Tower with Radar,24,12,15,14,65,0,2,1,0,3,24,14,16,14,68,6,8,14,82
03/28/2021,JAN,MS,ASO,ES,Combined TRACON& Tower with Radar,29,11,12,6,58,0,2,2,0,4,29,13,14,6,62,0,22,22,84
03/29/2021,JAN,MS,ASO,ES,Combined TRACON& Tower with Radar,30,19,31,30,110,0,4,11,13,28,30,23,42,43,138,8,178,186,324
03/30/2021,JAN,MS,ASO,ES,Combined TRACON& Tower with Radar,26,19,20,10,75,0,2,4,0,6,26,21,24,10,81,2,12,14,95
03/31/2021,JAN,MS,ASO,ES,Combined TRACON& Tower with Radar,25,12,8,11,56,0,0,1,0,1,25,12,9,11,57,0,0,0,57
04/01/2021,JAN,MS,ASO,ES,Combined TRACON& Tower with Radar,30,17,30,24,101,0,2,3,3,8,30,19,33,27,109,4,48,52,161
04/02/2021,JAN,MS,ASO,ES,Combined TRACON& Tower with Radar,32,13,13,2,60,0,3,4,0,7,32,16,17,2,67,6,0,6,73
04/03/2021,JAN,MS,ASO,ES,Combined TRACON& Tower with Radar,23,6,13,0,42,0,1,3,2,6,23,7,16,2,48,6,0,6,54
04/04/2021,JAN,MS,ASO,ES,Combined TRACON& Tower with Radar,29,9,9,10,57,0,2,1,0,3,29,11,10,10,60,0,8,8,68
04/05/2021,JAN,MS,ASO,ES,Combined TRACON& Tower with Radar,32,25,21,39,117,0,3,4,14,21,32,28,25,53,138,12,174,186,324
04/06/2021,JAN,MS,ASO,ES,Combined TRACON& Tower with Radar,29,11,16,45,101,0,0,6,9,15,29,11,22,54,116,2,126,128,244
04/07/2021,JAN,MS,ASO,ES,Combined TRACON& Tower with Radar,26,17,21,21,85,0,0,3,7,10,26,17,24,28,95,4,140,144,239
04/08/2021,JAN,MS,ASO,ES,Combined TRACON& Tower with Radar,32,24,31,48,135,0,1,10,9,20,32,25,41,57,155,14,190,204,359
04/09/2021,JAN,MS,ASO,ES,Combined TRACON& Tower with Radar,29,15,18,14,76,0,3,1,0,4,29,18,19,14,80,2,18,20,100
04/10/2021,JAN,MS,ASO,ES,Combined TRACON& Tower with Radar,28,8,17,13,66,0,2,2,1,5,28,10,19,14,71,6,6,12,83
04/11/2021,JAN,MS,ASO,ES,Combined TRACON& Tower with Radar,29,12,7,9,57,0,2,6,5,13,29,14,13,14,70,10,22,32,102
04/12/2021,JAN,MS,ASO,ES,Combined TRACON& Tower with Radar,32,21,21,56,130,0,2,5,6,13,32,23,26,62,143,2,150,152,295
04/13/2021,JAN,MS,ASO,ES,Combined TRACON& Tower with Radar,29,13,15,27,84,0,5,4,3,12,29,18,19,30,96,4,66,70,166
04/14/2021,JAN,MS,ASO,ES,Combined TRACON& Tower with Radar,32,20,20,6,78,0,0,1,0,1,32,20,21,6,79,0,4,4,83
04/15/2021,JAN,MS,ASO,ES,Combined TRACON& Tower with Radar,35,13,19,43,110,0,0,6,7,13,35,13,25,50,123,10,68,78,201
04/16/2021,JAN,MS,ASO,ES,Combined TRACON& Tower with Radar,32,8,22,7,69,0,1,3,2,6,32,9,25,9,75,4,66,70,145
04/17/2021,JAN,MS,ASO,ES,Combined TRACON& Tower with Radar,29,14,25,17,85,0,2,5,2,9,29,16,30,19,94,14,16,30,124
04/18/2021,JAN,MS,ASO,ES,Combined TRACON& Tower with Radar,30,14,22,4,70,0,2,5,0,7,30,16,27,4,77,10,2,12,89
04/19/2021,JAN,MS,ASO,ES,Combined TRACON& Tower with Radar,33,14,21,54,122,0,4,8,15,27,33,18,29,69,149,4,220,224,373
04/20/2021,JAN,MS,ASO,ES,Combined TRACON& Tower with Radar,32,17,29,48,126,0,1,4,5,10,32,18,33,53,136,42,224,266,402
04/21/2021,JAN,MS,ASO,ES,Combined TRACON& Tower with Radar,30,26,18,39,113,0,5,5,7,17,30,31,23,46,130,4,212,216,346
04/22/2021,JAN,MS,ASO,ES,Combined TRACON& Tower with Radar,33,14,23,64,134,0,3,6,9,18,33,17,29,73,152,0,196,196,348
04/23/2021,JAN,MS,ASO,ES,Combined TRACON& Tower with Radar,31,15,24,40,110,0,4,0,7,11,31,19,24,47,121,0,90,90,211
04/24/2021,JAN,MS,ASO,ES,Combined TRACON& Tower with Radar,32,10,8,6,56,0,3,2,0,5,32,13,10,6,61,0,6,6,67
04/25/2021,JAN,MS,ASO,ES,Combined TRACON& Tower with Radar,31,8,22,7,68,0,0,15,6,21,31,8,37,13,89,18,6,24,113
04/26/2021,JAN,MS,ASO,ES,Combined TRACON& Tower with Radar,33,20,10,50,113,0,4,8,11,23,33,24,18,61,136,12,124,136,272
04/27/2021,JAN,MS,ASO,ES,Combined TRACON& Tower with Radar,28,12,26,33,99,0,5,4,1,10,28,17,30,34,109,0,32,32,141
04/28/2021,JAN,MS,ASO,ES,Combined TRACON& Tower with Radar,30,14,28,27,99,0,2,2,4,8,30,16,30,31,107,8,80,88,195
04/29/2021,JAN,MS,ASO,ES,Combined TRACON& Tower with Radar,33,15,25,60,133,0,1,1,8,10,33,16,26,68,143,0,166,166,309
04/30/2021,JAN,MS,ASO,ES,Combined TRACON& Tower with Radar,34,9,19,11,73,0,1,3,0,4,34,10,22,11,77,2,4,6,83
05/01/2021,JAN,MS,ASO,ES,Combined TRACON& Tower with Radar,29,15,19,2,65,0,4,12,1,17,29,19,31,3,82,10,0,10,92
05/02/2021,JAN,MS,ASO,ES,Combined TRACON& Tower with Radar,31,9,17,1,58,0,0,3,0,3,31,9,20,1,61,0,0,0,61
05/03/2021,JAN,MS,ASO,ES,Combined TRACON& Tower with Radar,30,12,29,26,97,0,3,2,2,7,30,15,31,28,104,16,38,54,158
05/04/2021,JAN,MS,ASO,ES,Combined TRACON& Tower with Radar,31,19,12,2,64,0,0,0,0,0,31,19,12,2,64,0,0,0,64
05/05/2021,JAN,MS,ASO,ES,Combined TRACON& Tower with Radar,32,15,27,40,114,0,2,4,3,9,32,17,31,43,123,16,118,134,257
05/06/2021,JAN,MS,ASO,ES,Combined TRACON& Tower with Radar,33,27,29,43,132,0,6,12,14,32,33,33,41,57,164,24,14,38,202
05/07/2021,JAN,MS,ASO,ES,Combined TRACON& Tower with Radar,35,15,18,44,112,0,2,5,26,33,35,17,23,70,145,16,308,324,469
05/08/2021,JAN,MS,ASO,ES,Combined TRACON& Tower with Radar,32,6,25,6,69,0,0,1,1,2,32,6,26,7,71,50,10,60,131
05/09/2021,JAN,MS,ASO,ES,Combined TRACON& Tower with Radar,35,7,17,2,61,0,0,2,0,2,35,7,19,2,63,0,2,2,65
05/10/2021,JAN,MS,ASO,ES,Combined TRACON& Tower with Radar,30,14,22,15,81,0,0,0,0,0,30,14,22,15,81,2,18,20,101
05/11/2021,JAN,MS,ASO,ES,Combined TRACON& Tower with Radar,27,14,17,1,59,0,0,1,0,1,27,14,18,1,60,4,0,4,64
05/12/2021,JAN,MS,ASO,ES,Combined TRACON& Tower with Radar,30,25,15,12,82,0,0,0,0,0,30,25,15,12,82,6,20,26,108
05/13/2021,JAN,MS,ASO,ES,Combined TRACON& Tower with Radar,33,17,15,24,89,0,3,18,8,29,33,20,33,32,118,8,134,142,260
05/14/2021,JAN,MS,ASO,ES,Combined TRACON& Tower with Radar,35,16,24,29,104,0,1,8,9,18,35,17,32,38,122,8,66,74,196
05/15/2021,JAN,MS,ASO,ES,Combined TRACON& Tower with Radar,31,12,15,8,66,0,2,3,0,5,31,14,18,8,71,6,4,10,81
05/16/2021,JAN,MS,ASO,ES,Combined TRACON& Tower with Radar,31,8,22,8,69,0,0,9,3,12,31,8,31,11,81,2,4,6,87
05/17/2021,JAN,MS,ASO,ES,Combined TRACON& Tower with Radar,35,17,19,18,89,0,0,3,1,4,35,17,22,19,93,4,4,8,101
05/18/2021,JAN,MS,ASO,ES,Combined TRACON& Tower with Radar,27,15,21,6,69,0,2,0,0,2,27,17,21,6,71,2,0,2,73
05/19/2021,JAN,MS,ASO,ES,Combined TRACON& Tower with Radar,31,13,43,19,106,0,3,3,11,17,31,16,46,30,123,2,84,86,209
05/20/2021,JAN,MS,ASO,ES,Combined TRACON& Tower with Radar,34,15,25,19,93,0,2,3,0,5,34,17,28,19,98,0,14,14,112
05/21/2021,JAN,MS,ASO,ES,Combined TRACON& Tower with Radar,36,10,21,39,106,0,6,2,4,12,36,16,23,43,118,0,84,84,202
05/22/2021,JAN,MS,ASO,ES,Combined TRACON& Tower with Radar,31,8,10,7,56,0,4,5,0,9,31,12,15,7,65,28,8,36,101
05/23/2021,JAN,MS,ASO,ES,Combined TRACON& Tower with Radar,34,8,17,11,70,0,2,4,0,6,34,10,21,11,76,24,4,28,104
05/24/2021,JAN,MS,ASO,ES,Combined TRACON& Tower with Radar,37,26,24,18,105,0,3,5,6,14,37,29,29,24,119,12,94,106,225
05/25/2021,JAN,MS,ASO,ES,Combined TRACON& Tower with Radar,35,10,14,34,93,0,3,7,12,22,35,13,21,46,115,12,106,118,233
05/26/2021,JAN,MS,ASO,ES,Combined TRACON& Tower with Radar,29,10,25,18,82,0,1,3,0,4,29,11,28,18,86,6,12,18,104
05/27/2021,JAN,MS,ASO,ES,Combined TRACON& Tower with Radar,35,14,27,22,98,0,4,5,1,10,35,18,32,23,108,8,32,40,148
05/28/2021,JAN,MS,ASO,ES,Combined TRACON& Tower with Radar,42,14,24,2,82,0,0,2,0,2,42,14,26,2,84,16,0,16,100
05/29/2021,JAN,MS,ASO,ES,Combined TRACON& Tower with Radar,42,9,18,0,69,0,2,4,0,6,42,11,22,0,75,6,0,6,81
05/30/2021,JAN,MS,ASO,ES,Combined TRACON& Tower with Radar,36,8,14,1,59,0,2,4,0,6,36,10,18,1,65,16,0,16,81
05/31/2021,JAN,MS,ASO,ES,Combined TRACON& Tower with Radar,32,12,34,4,82,0,1,7,0,8,32,13,41,4,90,28,4,32,122
06/01/2021,JAN,MS,ASO,ES,Combined TRACON& Tower with Radar,30,13,24,52,119,0,3,6,4,13,30,16,30,56,132,0,114,114,246
06/02/2021,JAN,MS,ASO,ES,Combined TRACON& Tower with Radar,31,10,14,16,71,0,2,1,0,3,31,12,15,16,74,0,8,8,82
06/03/2021,JAN,MS,ASO,ES,Combined TRACON& Tower with Radar,29,18,21,69,137,0,1,6,10,17,29,19,27,79,154,10,160,170,324
06/04/2021,JAN,MS,ASO,ES,Combined TRACON& Tower with Radar,36,30,11,36,113,0,3,0,7,10,36,33,11,43,123,2,46,48,171
06/05/2021,JAN,MS,ASO,ES,Combined TRACON& Tower with Radar,26,11,6,5,48,0,5,3,2,10,26,16,9,7,58,0,2,2,60
06/06/2021,JAN,MS,ASO,ES,Combined TRACON& Tower with Radar,39,17,9,4,69,0,0,0,0,0,39,17,9,4,69,0,0,0,69
06/07/2021,JAN,MS,ASO,ES,Combined TRACON& Tower with Radar,42,20,15,8,85,0,0,0,1,1,42,20,15,9,86,0,40,40,126
06/08/2021,JAN,MS,ASO,ES,Combined TRACON& Tower with Radar,48,26,19,26,119,0,2,4,5,11,48,28,23,31,130,18,62,80,210
06/09/2021,JAN,MS,ASO,ES,Combined TRACON& Tower with Radar,43,21,26,34,124,0,1,2,0,3,43,22,28,34,127,24,66,90,217
06/10/2021,JAN,MS,ASO,ES,Combined TRACON& Tower with Radar,44,24,18,16,102,0,0,0,0,0,44,24,18,16,102,2,2,4,106
06/11/2021,JAN,MS,ASO,ES,Combined TRACON& Tower with Radar,46,29,27,57,159,0,4,4,3,11,46,33,31,60,170,2,126,128,298
06/12/2021,JAN,MS,ASO,ES,Combined TRACON& Tower with Radar,36,19,12,15,82,0,1,1,2,4,36,20,13,17,86,2,20,22,108
06/13/2021,JAN,MS,ASO,ES,Combined TRACON& Tower with Radar,41,15,19,10,85,0,1,6,3,10,41,16,25,13,95,8,20,28,123
06/14/2021,JAN,MS,ASO,ES,Combined TRACON& Tower with Radar,45,27,25,24,121,0,0,6,8,14,45,27,31,32,135,6,88,94,229
06/15/2021,JAN,MS,ASO,ES,Combined TRACON& Tower with Radar,38,27,38,46,149,0,2,3,8,13,38,29,41,54,162,5,138,143,305
06/16/2021,JAN,MS,ASO,ES,Combined TRACON& Tower with Radar,42,26,31,47,146,0,1,2,6,9,42,27,33,53,155,0,158,158,313
06/17/2021,JAN,MS,ASO,ES,Combined TRACON& Tower with Radar,43,17,24,38,122,0,3,7,12,22,43,20,31,50,144,8,88,96,240
06/18/2021,JAN,MS,ASO,ES,Combined TRACON& Tower with Radar,47,18,18,5,88,0,0,6,3,9,47,18,24,8,97,18,2,20,117
06/19/2021,JAN,MS,ASO,ES,Combined TRACON& Tower with Radar,38,14,1,9,62,0,2,0,0,2,38,16,1,9,64,0,4,4,68
06/20/2021,JAN,MS,ASO,ES,Combined TRACON& Tower with Radar,41,16,26,1,84,0,2,7,0,9,41,18,33,1,93,14,0,14,107
06/21/2021,JAN,MS,ASO,ES,Combined TRACON& Tower with Radar,53,16,29,28,126,0,0,3,2,5,53,16,32,30,131,4,60,64,195
06/22/2021,JAN,MS,ASO,ES,Combined TRACON& Tower with Radar,54,22,21,38,135,0,2,3,9,14,54,24,24,47,149,40,92,132,281
06/23/2021,JAN,MS,ASO,ES,Combined TRACON& Tower with Radar,53,38,34,38,163,8,2,8,5,23,61,40,42,43,186,31,150,181,367
06/24/2021,JAN,MS,ASO,ES,Combined TRACON& Tower with Radar,43,18,22,18,101,0,2,1,2,5,43,20,23,20,106,4,68,72,178
06/25/2021,JAN,MS,ASO,ES,Combined TRACON& Tower with Radar,51,20,21,16,108,0,1,5,0,6,51,21,26,16,114,2,14,16,130
06/26/2021,JAN,MS,ASO,ES,Combined TRACON& Tower with Radar,38,17,6,1,62,0,5,2,0,7,38,22,8,1,69,4,0,4,73
06/27/2021,JAN,MS,ASO,ES,Combined TRACON& Tower with Radar,42,15,17,15,89,0,1,3,0,4,42,16,20,15,93,2,10,12,105
06/28/2021,JAN,MS,ASO,ES,Combined TRACON& Tower with Radar,50,20,26,39,135,0,4,1,16,21,50,24,27,55,156,16,154,170,326
06/29/2021,JAN,MS,ASO,ES,Combined TRACON& Tower with Radar,43,22,24,28,117,0,2,1,9,12,43,24,25,37,129,24,122,146,275
06/30/2021,JAN,MS,ASO,ES,Combined TRACON& Tower with Radar,46,23,28,38,135,0,5,11,8,24,46,28,39,46,159,0,130,130,289
07/01/2021,JAN,MS,ASO,ES,Combined TRACON& Tower with Radar,43,37,33,37,150,0,6,3,18,27,43,43,36,55,177,10,86,96,273
07/02/2021,JAN,MS,ASO,ES,Combined TRACON& Tower with Radar,40,16,17,1,74,0,3,0,0,3,40,19,17,1,77,10,0,10,87
07/03/2021,JAN,MS,ASO,ES,Combined TRACON& Tower with Radar,35,19,13,0,67,0,3,8,0,11,35,22,21,0,78,24,0,24,102
07/04/2021,JAN,MS,ASO,ES,Combined TRACON& Tower with Radar,36,8,8,0,52,0,4,15,0,19,36,12,23,0,71,8,0,8,79
07/05/2021,JAN,MS,ASO,ES,Combined TRACON& Tower with Radar,44,15,14,0,73,0,3,4,0,7,44,18,18,0,80,18,0,18,98
07/06/2021,JAN,MS,ASO,ES,Combined TRACON& Tower with Radar,42,17,29,7,95,0,0,3,1,4,42,17,32,8,99,18,30,48,147
07/07/2021,JAN,MS,ASO,ES,Combined TRACON& Tower with Radar,46,28,22,18,114,0,0,0,0,0,46,28,22,18,114,0,16,16,130
07/08/2021,JAN,MS,ASO,ES,Combined TRACON& Tower with Radar,40,25,32,34,131,0,1,5,5,11,40,26,37,39,142,40,66,106,248
07/09/2021,JAN,MS,ASO,ES,Combined TRACON& Tower with Radar,50,21,24,23,118,0,0,6,11,17,50,21,30,34,135,20,26,46,181
07/10/2021,JAN,MS,ASO,ES,Combined TRACON& Tower with Radar,39,15,8,14,76,0,0,0,0,0,39,15,8,14,76,4,12,16,92
07/11/2021,JAN,MS,ASO,ES,Combined TRACON& Tower with Radar,40,15,13,3,71,0,0,0,0,0,40,15,13,3,71,0,0,0,71
07/12/2021,JAN,MS,ASO,ES,Combined TRACON& Tower with Radar,45,18,15,30,108,0,2,3,4,9,45,20,18,34,117,0,60,60,177
07/13/2021,JAN,MS,ASO,ES,Combined TRACON& Tower with Radar,44,17,22,20,103,0,2,1,8,11,44,19,23,28,114,0,64,64,178
07/14/2021,JAN,MS,ASO,ES,Combined TRACON& Tower with Radar,44,23,39,10,116,0,1,2,2,5,44,24,41,12,121,6,34,40,161
07/15/2021,JAN,MS,ASO,ES,Combined TRACON& Tower with Radar,45,21,19,33,118,0,4,2,2,8,45,25,21,35,126,0,128,128,254
07/16/2021,JAN,MS,ASO,ES,Combined TRACON& Tower with Radar,47,24,14,5,90,0,0,0,2,2,47,24,14,7,92,0,0,0,92
07/17/2021,JAN,MS,ASO,ES,Combined TRACON& Tower with Radar,40,12,5,1,58,0,2,0,0,2,40,14,5,1,60,0,0,0,60
07/18/2021,JAN,MS,ASO,ES,Combined TRACON& Tower with Radar,42,16,17,21,96,0,2,3,1,6,42,18,20,22,102,0,10,10,112
07/19/2021,JAN,MS,ASO,ES,Combined TRACON& Tower with Radar,45,19,19,3,86,0,0,1,0,1,45,19,20,3,87,6,0,6,93
07/20/2021,JAN,MS,ASO,ES,Combined TRACON& Tower with Radar,46,24,20,13,103,0,0,0,0,0,46,24,20,13,103,0,10,10,113
07/21/2021,JAN,MS,ASO,ES,Combined TRACON& Tower with Radar,48,20,19,32,119,0,6,4,4,14,48,26,23,36,133,2,164,166,299
07/22/2021,JAN,MS,ASO,ES,Combined TRACON& Tower with Radar,50,29,33,25,137,0,3,4,10,17,50,32,37,35,154,0,132,132,286
07/23/2021,JAN,MS,ASO,ES,Combined TRACON& Tower with Radar,46,27,19,34,126,0,0,7,5,12,46,27,26,39,138,24,90,114,252
07/24/2021,JAN,MS,ASO,ES,Combined TRACON& Tower with Radar,42,16,5,12,75,0,1,3,1,5,42,17,8,13,80,12,60,72,152
07/25/2021,JAN,MS,ASO,ES,Combined TRACON& Tower with Radar,43,16,13,4,76,0,1,4,2,7,43,17,17,6,83,0,50,50,133
07/26/2021,JAN,MS,ASO,ES,Combined TRACON& Tower with Radar,43,32,21,18,114,0,3,2,2,7,43,35,23,20,121,0,106,106,227
07/27/2021,JAN,MS,ASO,ES,Combined TRACON& Tower with Radar,43,14,17,15,89,0,2,2,6,10,43,16,19,21,99,2,110,112,211
07/28/2021,JAN,MS,ASO,ES,Combined TRACON& Tower with Radar,46,19,36,23,124,0,0,2,1,3,46,19,38,24,127,0,76,76,203
07/29/2021,JAN,MS,ASO,ES,Combined TRACON& Tower with Radar,48,15,24,31,118,0,3,1,3,7,48,18,25,34,125,2,98,100,225
07/30/2021,JAN,MS,ASO,ES,Combined TRACON& Tower with Radar,47,25,18,43,133,0,0,2,7,9,47,25,20,50,142,0,224,224,366
07/31/2021,JAN,MS,ASO,ES,Combined TRACON& Tower with Radar,40,10,15,0,65,0,3,3,0,6,40,13,18,0,71,0,0,0,71
08/01/2021,JAN,MS,ASO,ES,Combined TRACON& Tower with Radar,41,14,15,12,82,0,2,8,0,10,41,16,23,12,92,0,8,8,100
08/02/2021,JAN,MS,ASO,ES,Combined TRACON& Tower with Radar,50,20,13,7,90,0,0,0,0,0,50,20,13,7,90,0,2,2,92
08/03/2021,JAN,MS,ASO,ES,Combined TRACON& Tower with Radar,44,31,20,42,137,0,5,3,1,9,44,36,23,43,146,6,150,156,302
08/04/2021,JAN,MS,ASO,ES,Combined TRACON& Tower with Radar,46,24,18,43,131,0,4,0,13,17,46,28,18,56,148,2,202,204,352
08/05/2021,JAN,MS,ASO,ES,Combined TRACON& Tower with Radar,47,29,22,35,133,0,3,4,5,12,47,32,26,40,145,0,212,212,357
08/06/2021,JAN,MS,ASO,ES,Combined TRACON& Tower with Radar,49,29,13,24,115,0,0,4,4,8,49,29,17,28,123,12,76,88,211
08/07/2021,JAN,MS,ASO,ES,Combined TRACON& Tower with Radar,37,13,3,27,80,0,1,3,1,5,37,14,6,28,85,0,22,22,107
08/08/2021,JAN,MS,ASO,ES,Combined TRACON& Tower with Radar,43,17,12,24,96,0,1,3,5,9,43,18,15,29,105,2,24,26,131
08/09/2021,JAN,MS,ASO,ES,Combined TRACON& Tower with Radar,46,32,17,28,123,0,6,2,7,15,46,38,19,35,138,0,112,112,250
08/10/2021,JAN,MS,ASO,ES,Combined TRACON& Tower with Radar,44,20,29,38,131,0,4,2,10,16,44,24,31,48,147,10,168,178,325
08/11/2021,JAN,MS,ASO,ES,Combined TRACON& Tower with Radar,46,22,31,52,151,0,0,7,10,17,46,22,38,62,168,8,182,190,358
08/12/2021,JAN,MS,ASO,ES,Combined TRACON& Tower with Radar,48,36,22,18,124,0,2,5,7,14,48,38,27,25,138,4,86,90,228
08/13/2021,JAN,MS,ASO,ES,Combined TRACON& Tower with Radar,44,16,21,27,108,0,0,11,10,21,44,16,32,37,129,6,110,116,245
08/14/2021,JAN,MS,ASO,ES,Combined TRACON& Tower with Radar,30,6,5,1,42,0,3,2,0,5,30,9,7,1,47,2,0,2,49
08/15/2021,JAN,MS,ASO,ES,Combined TRACON& Tower with Radar,40,12,15,11,78,0,2,3,0,5,40,14,18,11,83,2,8,10,93
08/16/2021,JAN,MS,ASO,ES,Combined TRACON& Tower with Radar,43,17,13,34,107,0,1,3,0,4,43,18,16,34,111,2,130,132,243
08/17/2021,JAN,MS,ASO,ES,Combined TRACON& Tower with Radar,48,20,16,74,158,0,1,4,9,14,48,21,20,83,172,0,228,228,400
08/18/2021,JAN,MS,ASO,ES,Combined TRACON& Tower with Radar,50,22,28,80,180,0,7,10,4,21,50,29,38,84,201,4,144,148,349
08/19/2021,JAN,MS,ASO,ES,Combined TRACON& Tower with Radar,52,17,19,50,138,0,2,2,2,6,52,19,21,52,144,6,74,80,224
08/20/2021,JAN,MS,ASO,ES,Combined TRACON& Tower with Radar,56,21,23,32,132,0,1,0,0,1,56,22,23,32,133,10,54,64,197
08/21/2021,JAN,MS,ASO,ES,Combined TRACON& Tower with Radar,40,8,10,12,70,0,7,3,3,13,40,15,13,15,83,8,26,34,117
08/22/2021,JAN,MS,ASO,ES,Combined TRACON& Tower with Radar,45,14,17,18,94,0,4,2,3,9,45,18,19,21,103,2,24,26,129
08/23/2021,JAN,MS,ASO,ES,Combined TRACON& Tower with Radar,50,27,21,38,136,0,5,0,3,8,50,32,21,41,144,24,108,132,276
08/24/2021,JAN,MS,ASO,ES,Combined TRACON& Tower with Radar,45,21,15,28,109,0,1,6,6,13,45,22,21,34,122,0,82,82,204
08/25/2021,JAN,MS,ASO,ES,Combined TRACON& Tower with Radar,49,15,23,50,137,0,0,4,6,10,49,15,27,56,147,0,96,96,243
08/26/2021,JAN,MS,ASO,ES,Combined TRACON& Tower with Radar,56,20,17,27,120,0,1,8,4,13,56,21,25,31,133,8,30,38,171
08/27/2021,JAN,MS,ASO,ES,Combined TRACON& Tower with Radar,53,23,29,20,125,0,1,4,3,8,53,24,33,23,133,4,58,62,195
08/28/2021,JAN,MS,ASO,ES,Combined TRACON& Tower with Radar,41,8,17,9,75,0,7,5,0,12,41,15,22,9,87,4,8,12,99
08/29/2021,JAN,MS,ASO,ES,Combined TRACON& Tower with Radar,43,8,8,4,63,0,0,0,0,0,43,8,8,4,63,2,0,2,65
08/30/2021,JAN,MS,ASO,ES,Combined TRACON& Tower with Radar,13,2,0,0,15,0,0,0,0,0,13,2,0,0,15,0,0,0,15
08/31/2021,JAN,MS,ASO,ES,Combined TRACON& Tower with Radar,43,16,15,24,98,0,4,1,2,7,43,20,16,26,105,2,10,12,117
09/01/2021,JAN,MS,ASO,ES,Combined TRACON& Tower with Radar,48,13,26,78,165,0,1,5,13,19,48,14,31,91,184,8,188,196,380
09/02/2021,JAN,MS,ASO,ES,Combined TRACON& Tower with Radar,52,22,39,38,151,0,3,13,9,25,52,25,52,47,176,14,40,54,230
09/03/2021,JAN,MS,ASO,ES,Combined TRACON& Tower with Radar,60,19,8,11,98,0,2,5,2,9,60,21,13,13,107,2,8,10,117
09/04/2021,JAN,MS,ASO,ES,Combined TRACON& Tower with Radar,46,14,9,6,75,0,2,1,2,5,46,16,10,8,80,8,10,18,98
09/05/2021,JAN,MS,ASO,ES,Combined TRACON& Tower with Radar,37,6,5,6,54,0,0,2,1,3,37,6,7,7,57,0,6,6,63
09/06/2021,JAN,MS,ASO,ES,Combined TRACON& Tower with Radar,57,12,22,7,98,0,1,3,0,4,57,13,25,7,102,0,6,6,108
09/07/2021,JAN,MS,ASO,ES,Combined TRACON& Tower with Radar,44,32,22,35,133,0,2,5,8,15,44,34,27,43,148,32,152,184,332
09/08/2021,JAN,MS,ASO,ES,Combined TRACON& Tower with Radar,46,22,22,32,122,0,2,5,26,33,46,24,27,58,155,8,127,135,290
09/09/2021,JAN,MS,ASO,ES,Combined TRACON& Tower with Radar,46,26,33,25,130,0,2,4,10,16,46,28,37,35,146,0,158,158,304
09/10/2021,JAN,MS,ASO,ES,Combined TRACON& Tower with Radar,51,15,20,57,143,0,7,4,7,18,51,22,24,64,161,0,104,104,265
09/11/2021,JAN,MS,ASO,ES,Combined TRACON& Tower with Radar,43,14,11,9,77,0,3,4,8,15,43,17,15,17,92,16,10,26,118
09/12/2021,JAN,MS,ASO,ES,Combined TRACON& Tower with Radar,46,24,19,1,90,0,4,3,2,9,46,28,22,3,99,4,10,14,113
09/13/2021,JAN,MS,ASO,ES,Combined TRACON& Tower with Radar,50,15,17,33,115,0,1,0,1,2,50,16,17,34,117,12,86,98,215
09/14/2021,JAN,MS,ASO,ES,Combined TRACON& Tower with Radar,45,17,24,2,88,0,2,1,0,3,45,19,25,2,91,2,38,40,131
09/15/2021,JAN,MS,ASO,ES,Combined TRACON& Tower with Radar,48,29,17,23,117,0,0,0,0,0,48,29,17,23,117,0,10,10,127
09/16/2021,JAN,MS,ASO,ES,Combined TRACON& Tower with Radar,52,20,11,8,91,0,0,1,0,1,52,20,12,8,92,2,2,4,96
09/17/2021,JAN,MS,ASO,ES,Combined TRACON& Tower with Radar,51,18,16,8,93,0,2,0,2,4,51,20,16,10,97,2,36,38,135
09/18/2021,JAN,MS,ASO,ES,Combined TRACON& Tower with Radar,42,8,4,7,61,0,2,1,0,3,42,10,5,7,64,0,36,36,100
09/19/2021,JAN,MS,ASO,ES,Combined TRACON& Tower with Radar,49,13,8,7,77,0,3,5,1,9,49,16,13,8,86,2,42,44,130
09/20/2021,JAN,MS,ASO,ES,Combined TRACON& Tower with Radar,51,16,5,17,89,0,1,3,0,4,51,17,8,17,93,0,14,14,107
09/21/2021,JAN,MS,ASO,ES,Combined TRACON& Tower with Radar,51,15,15,46,127,0,6,2,9,17,51,21,17,55,144,0,148,148,292
09/22/2021,JAN,MS,ASO,ES,Combined TRACON& Tower with Radar,60,30,21,47,158,0,2,4,14,20,60,32,25,61,178,0,250,250,428
09/23/2021,JAN,MS,ASO,ES,Combined TRACON& Tower with Radar,52,21,15,30,118,0,2,9,6,17,52,23,24,36,135,2,86,88,223
09/24/2021,JAN,MS,ASO,ES,Combined TRACON& Tower with Radar,52,18,35,15,120,0,2,3,1,6,52,20,38,16,126,2,44,46,172
09/25/2021,JAN,MS,ASO,ES,Combined TRACON& Tower with Radar,41,8,11,2,62,0,0,5,0,5,41,8,16,2,67,2,0,2,69
09/26/2021,JAN,MS,ASO,ES,Combined TRACON& Tower with Radar,49,17,12,13,91,0,1,16,0,17,49,18,28,13,108,2,8,10,118
09/27/2021,JAN,MS,ASO,ES,Combined TRACON& Tower with Radar,53,22,34,18,127,0,1,5,3,9,53,23,39,21,136,0,30,30,166
09/28/2021,JAN,MS,ASO,ES,Combined TRACON& Tower with Radar,48,22,27,5,102,0,3,2,0,5,48,25,29,5,107,8,0,8,115
09/29/2021,JAN,MS,ASO,ES,Combined TRACON& Tower with Radar,47,29,16,6,98,0,1,4,0,5,47,30,20,6,103,0,6,6,109
09/30/2021,JAN,MS,ASO,ES,Combined TRACON& Tower with Radar,51,21,19,5,96,0,0,1,0,1,51,21,20,5,97,28,26,54,151
10/01/2021,JAN,MS,ASO,ES,Combined TRACON& Tower with Radar,52,22,23,13,110,0,2,6,2,10,52,24,29,15,120,0,84,84,204
10/02/2021,JAN,MS,ASO,ES,Combined TRACON& Tower with Radar,44,15,29,8,96,0,7,2,0,9,44,22,31,8,105,10,0,10,115
10/03/2021,JAN,MS,ASO,ES,Combined TRACON& Tower with Radar,49,17,14,36,116,0,0,5,1,6,49,17,19,37,122,0,18,18,140
10/04/2021,JAN,MS,ASO,ES,Combined TRACON& Tower with Radar,52,16,22,26,116,0,2,4,4,10,52,18,26,30,126,0,80,80,206
10/05/2021,JAN,MS,ASO,ES,Combined TRACON& Tower with Radar,53,23,22,29,127,0,3,2,4,9,53,26,24,33,136,18,130,148,284
10/06/2021,JAN,MS,ASO,ES,Combined TRACON& Tower with Radar,54,18,15,41,128,0,2,4,1,7,54,20,19,42,135,4,160,164,299
10/07/2021,JAN,MS,ASO,ES,Combined TRACON& Tower with Radar,59,22,17,22,120,0,1,4,6,11,59,23,21,28,131,0,52,52,183
10/08/2021,JAN,MS,ASO,ES,Combined TRACON& Tower with Radar,62,16,27,21,126,0,4,2,11,17,62,20,29,32,143,4,44,48,191
10/09/2021,JAN,MS,ASO,ES,Combined TRACON& Tower with Radar,44,9,10,3,66,0,1,3,1,5,44,10,13,4,71,0,4,4,75
10/10/2021,JAN,MS,ASO,ES,Combined TRACON& Tower with Radar,47,9,22,1,79,0,1,1,0,2,47,10,23,1,81,0,0,0,81
10/11/2021,JAN,MS,ASO,ES,Combined TRACON& Tower with Radar,57,14,27,0,98,0,2,3,1,6,57,16,30,1,104,0,0,0,104
10/12/2021,JAN,MS,ASO,ES,Combined TRACON& Tower with Radar,53,16,17,17,103,0,2,0,5,7,53,18,17,22,110,10,110,120,230
10/13/2021,JAN,MS,ASO,ES,Combined TRACON& Tower with Radar,54,16,14,23,107,0,3,2,12,17,54,19,16,35,124,0,60,60,184
10/14/2021,JAN,MS,ASO,ES,Combined TRACON& Tower with Radar,57,20,26,17,120,0,0,7,2,9,57,20,33,19,129,24,12,36,165
10/15/2021,JAN,MS,ASO,ES,Combined TRACON& Tower with Radar,58,13,10,35,116,0,4,4,10,18,58,17,14,45,134,0,82,82,216
10/16/2021,JAN,MS,ASO,ES,Combined TRACON& Tower with Radar,44,16,10,12,82,0,1,4,2,7,44,17,14,14,89,0,6,6,95
10/17/2021,JAN,MS,ASO,ES,Combined TRACON& Tower with Radar,55,15,7,11,88,0,3,5,0,8,55,18,12,11,96,0,14,14,110
10/18/2021,JAN,MS,ASO,ES,Combined TRACON& Tower with Radar,58,10,34,18,120,0,2,9,6,17,58,12,43,24,137,2,98,100,237
10/19/2021,JAN,MS,ASO,ES,Combined TRACON& Tower with Radar,52,22,24,21,119,0,0,3,6,9,52,22,27,27,128,4,128,132,260
10/20/2021,JAN,MS,ASO,ES,Combined TRACON& Tower with Radar,54,23,28,17,122,0,1,1,0,2,54,24,29,17,124,2,32,34,158
10/21/2021,JAN,MS,ASO,ES,Combined TRACON& Tower with Radar,57,22,32,18,129,0,2,5,5,12,57,24,37,23,141,14,62,76,217
10/22/2021,JAN,MS,ASO,ES,Combined TRACON& Tower with Radar,59,16,11,7,93,0,2,4,0,6,59,18,15,7,99,0,4,4,103
10/23/2021,JAN,MS,ASO,ES,Combined TRACON& Tower with Radar,44,9,15,0,68,0,2,3,0,5,44,11,18,0,73,6,2,8,81
10/24/2021,JAN,MS,ASO,ES,Combined TRACON& Tower with Radar,52,10,22,0,84,0,1,2,0,3,52,11,24,0,87,0,2,2,89
10/25/2021,JAN,MS,ASO,ES,Combined TRACON& Tower with Radar,59,13,30,14,116,0,3,7,0,10,59,16,37,14,126,0,6,6,132
10/26/2021,JAN,MS,ASO,ES,Combined TRACON& Tower with Radar,50,18,28,72,168,0,1,10,10,21,50,19,38,82,189,0,164,164,353
10/27/2021,JAN,MS,ASO,ES,Combined TRACON& Tower with Radar,52,8,28,8,96,0,1,5,1,7,52,9,33,9,103,0,24,24,127
10/28/2021,JAN,MS,ASO,ES,Combined TRACON& Tower with Radar,57,15,21,32,125,0,2,6,1,9,57,17,27,33,134,0,86,86,220
10/29/2021,JAN,MS,ASO,ES,Combined TRACON& Tower with Radar,57,14,24,8,103,0,0,2,0,2,57,14,26,8,105,0,6,6,111
10/30/2021,JAN,MS,ASO,ES,Combined TRACON& Tower with Radar,45,6,7,5,63,0,1,2,0,3,45,7,9,5,66,0,0,0,66
10/31/2021,JAN,MS,ASO,ES,Combined TRACON& Tower with Radar,43,7,9,1,60,0,1,10,0,11,43,8,19,1,71,0,0,0,71
11/01/2021,JAN,MS,ASO,ES,Combined TRACON& Tower with Radar,51,14,15,35,115,0,2,3,10,15,51,16,18,45,130,4,140,144,274
11/02/2021,JAN,MS,ASO,ES,Combined TRACON& Tower with Radar,45,11,32,47,135,0,0,8,4,12,45,11,40,51,147,12,172,184,331
11/03/2021,JAN,MS,ASO,ES,Combined TRACON& Tower with Radar,50,22,38,17,127,0,1,7,5,13,50,23,45,22,140,8,184,192,332
11/04/2021,JAN,MS,ASO,ES,Combined TRACON& Tower with Radar,53,15,38,49,155,0,0,5,6,11,53,15,43,55,166,0,118,118,284
11/05/2021,JAN,MS,ASO,ES,Combined TRACON& Tower with Radar,56,25,39,42,162,0,1,1,1,3,56,26,40,43,165,2,36,38,203
11/06/2021,JAN,MS,ASO,ES,Combined TRACON& Tower with Radar,42,9,25,11,87,0,2,3,4,9,42,11,28,15,96,8,12,20,116
11/07/2021,JAN,MS,ASO,ES,Combined TRACON& Tower with Radar,45,11,22,9,87,0,2,6,2,10,45,13,28,11,97,7,10,17,114
11/08/2021,JAN,MS,ASO,ES,Combined TRACON& Tower with Radar,48,15,21,10,94,0,3,2,5,10,48,18,23,15,104,10,122,132,236
11/09/2021,JAN,MS,ASO,ES,Combined TRACON& Tower with Radar,44,16,23,37,120,0,1,7,9,17,44,17,30,46,137,46,157,203,340
11/10/2021,JAN,MS,ASO,ES,Combined TRACON& Tower with Radar,48,15,24,27,114,0,2,1,9,12,48,17,25,36,126,10,188,198,324
11/11/2021,JAN,MS,ASO,ES,Combined TRACON& Tower with Radar,49,16,12,6,83,0,2,2,0,4,49,18,14,6,87,16,16,32,119
11/12/2021,JAN,MS,ASO,ES,Combined TRACON& Tower with Radar,51,17,13,3,84,0,1,1,1,3,51,18,14,4,87,0,0,0,87
11/13/2021,JAN,MS,ASO,ES,Combined TRACON& Tower with Radar,38,8,18,3,67,0,3,4,0,7,38,11,22,3,74,10,10,20,94
11/14/2021,JAN,MS,ASO,ES,Combined TRACON& Tower with Radar,44,19,16,2,81,0,6,1,0,7,44,25,17,2,88,16,0,16,104
11/15/2021,JAN,MS,ASO,ES,Combined TRACON& Tower with Radar,48,16,19,23,106,0,4,5,4,13,48,20,24,27,119,0,72,72,191
11/16/2021,JAN,MS,ASO,ES,Combined TRACON& Tower with Radar,44,25,27,27,123,0,2,4,1,7,44,27,31,28,130,18,172,190,320
11/17/2021,JAN,MS,ASO,ES,Combined TRACON& Tower with Radar,47,17,37,31,132,0,1,0,6,7,47,18,37,37,139,2,96,98,237
11/18/2021,JAN,MS,ASO,ES,Combined TRACON& Tower with Radar,51,14,27,33,125,0,5,0,0,5,51,19,27,33,130,0,64,64,194
11/19/2021,JAN,MS,ASO,ES,Combined TRACON& Tower with Radar,52,16,15,17,100,0,8,4,3,15,52,24,19,20,115,10,40,50,165
11/20/2021,JAN,MS,ASO,ES,Combined TRACON& Tower with Radar,41,12,11,5,69,0,2,0,0,2,41,14,11,5,71,0,22,22,93
11/21/2021,JAN,MS,ASO,ES,Combined TRACON& Tower with Radar,41,9,11,2,63,0,4,1,0,5,41,13,12,2,68,4,0,4,72
11/22/2021,JAN,MS,ASO,ES,Combined TRACON& Tower with Radar,47,19,20,38,124,0,1,3,2,6,47,20,23,40,130,0,144,144,274
11/23/2021,JAN,MS,ASO,ES,Combined TRACON& Tower with Radar,52,15,13,19,99,0,2,2,10,14,52,17,15,29,113,0,112,112,225
11/24/2021,JAN,MS,ASO,ES,Combined TRACON& Tower with Radar,51,19,19,8,97,0,0,7,3,10,51,19,26,11,107,0,22,22,129
11/25/2021,JAN,MS,ASO,ES,Combined TRACON& Tower with Radar,27,8,1,0,36,0,0,1,0,1,27,8,2,0,37,0,0,0,37
11/26/2021,JAN,MS,ASO,ES,Combined TRACON& Tower with Radar,43,18,8,1,70,0,5,6,0,11,43,23,14,1,81,0,2,2,83
11/27/2021,JAN,MS,ASO,ES,Combined TRACON& Tower with Radar,41,13,17,1,72,0,1,6,0,7,41,14,23,1,79,4,8,12,91
11/28/2021,JAN,MS,ASO,ES,Combined TRACON& Tower with Radar,48,11,11,0,70,0,2,3,0,5,48,13,14,0,75,0,0,0,75
11/29/2021,JAN,MS,ASO,ES,Combined TRACON& Tower with Radar,50,22,17,13,102,0,2,5,7,14,50,24,22,20,116,4,98,102,218
11/30/2021,JAN,MS,ASO,ES,Combined TRACON& Tower with Radar,49,15,21,32,117,0,1,6,12,19,49,16,27,44,136,6,192,198,334
12/01/2021,JAN,MS,ASO,ES,Combined TRACON& Tower with Radar,48,16,31,25,120,0,2,4,18,24,48,18,35,43,144,10,116,126,270
12/02/2021,JAN,MS,ASO,ES,Combined TRACON& Tower with Radar,50,15,24,30,119,0,2,3,14,19,50,17,27,44,138,20,98,118,256
12/03/2021,JAN,MS,ASO,ES,Combined TRACON& Tower with Radar,53,11,34,48,146,0,3,8,7,18,53,14,42,55,164,10,218,228,392
12/04/2021,JAN,MS,ASO,ES,Combined TRACON& Tower with Radar,36,13,11,36,96,0,1,5,0,6,36,14,16,36,102,4,24,28,130
12/05/2021,JAN,MS,ASO,ES,Combined TRACON& Tower with Radar,46,16,8,10,80,0,3,2,1,6,46,19,10,11,86,0,10,10,96
12/06/2021,JAN,MS,ASO,ES,Combined TRACON& Tower with Radar,47,15,11,2,75,0,1,0,0,1,47,16,11,2,76,0,0,0,76
12/07/2021,JAN,MS,ASO,ES,Combined TRACON& Tower with Radar,62,11,22,26,121,0,1,0,1,2,62,12,22,27,123,26,18,44,167
12/08/2021,JAN,MS,ASO,ES,Combined TRACON& Tower with Radar,51,28,26,29,134,0,2,0,2,4,51,30,26,31,138,6,110,116,254
12/09/2021,JAN,MS,ASO,ES,Combined TRACON& Tower with Radar,50,12,28,11,101,0,0,0,5,5,50,12,28,16,106,0,70,70,176
12/10/2021,JAN,MS,ASO,ES,Combined TRACON& Tower with Radar,50,13,16,24,103,0,1,2,0,3,50,14,18,24,106,0,20,20,126
12/11/2021,JAN,MS,ASO,ES,Combined TRACON& Tower with Radar,36,7,6,0,49,0,2,1,0,3,36,9,7,0,52,24,0,24,76
12/12/2021,JAN,MS,ASO,ES,Combined TRACON& Tower with Radar,43,13,10,4,70,0,1,1,0,2,43,14,11,4,72,2,4,6,78
12/13/2021,JAN,MS,ASO,ES,Combined TRACON& Tower with Radar,48,14,26,43,131,0,4,6,6,16,48,18,32,49,147,2,124,126,273
12/14/2021,JAN,MS,ASO,ES,Combined TRACON& Tower with Radar,47,17,18,84,166,0,3,1,10,14,47,20,19,94,180,0,208,208,388
12/15/2021,JAN,MS,ASO,ES,Combined TRACON& Tower with Radar,50,18,29,44,141,0,1,2,4,7,50,19,31,48,148,14,92,106,254
12/16/2021,JAN,MS,ASO,ES,Combined TRACON& Tower with Radar,44,23,29,40,136,0,1,9,0,10,44,24,38,40,146,18,60,78,224
12/17/2021,JAN,MS,ASO,ES,Combined TRACON& Tower with Radar,47,22,36,92,197,0,1,1,0,2,47,23,37,92,199,6,132,138,337
12/18/2021,JAN,MS,ASO,ES,Combined TRACON& Tower with Radar,41,15,26,3,85,0,0,1,0,1,41,15,27,3,86,12,2,14,100
12/19/2021,JAN,MS,ASO,ES,Combined TRACON& Tower with Radar,32,16,15,3,66,0,2,2,0,4,32,18,17,3,70,6,0,6,76
12/20/2021,JAN,MS,ASO,ES,Combined TRACON& Tower with Radar,39,22,7,13,81,0,2,0,3,5,39,24,7,16,86,2,48,50,136
12/21/2021,JAN,MS,ASO,ES,Combined TRACON& Tower with Radar,40,31,16,25,112,0,5,1,0,6,40,36,17,25,118,0,76,76,194
12/22/2021,JAN,MS,ASO,ES,Combined TRACON& Tower with Radar,41,16,10,15,82,0,0,8,2,10,41,16,18,17,92,2,48,50,142
12/23/2021,JAN,MS,ASO,ES,Combined TRACON& Tower with Radar,39,18,12,1,70,0,1,8,0,9,39,19,20,1,79,0,0,0,79
12/24/2021,JAN,MS,ASO,ES,Combined TRACON& Tower with Radar,32,10,4,1,47,0,2,0,0,2,32,12,4,1,49,0,0,0,49
12/25/2021,JAN,MS,ASO,ES,Combined TRACON& Tower with Radar,24,12,0,0,36,0,4,4,0,8,24,16,4,0,44,0,0,0,44
12/26/2021,JAN,MS,ASO,ES,Combined TRACON& Tower with Radar,37,17,4,0,58,0,3,2,0,5,37,20,6,0,63,0,0,0,63
12/27/2021,JAN,MS,ASO,ES,Combined TRACON& Tower with Radar,38,15,21,4,78,0,4,2,0,6,38,19,23,4,84,2,0,2,86
12/28/2021,JAN,MS,ASO,ES,Combined TRACON& Tower with Radar,39,20,11,2,72,0,2,0,0,2,39,22,11,2,74,2,4,6,80
12/29/2021,JAN,MS,ASO,ES,Combined TRACON& Tower with Radar,43,18,14,4,79,0,0,0,4,4,43,18,14,8,83,8,10,18,101
12/30/2021,JAN,MS,ASO,ES,Combined TRACON& Tower with Radar,40,22,12,13,87,0,2,3,1,6,40,24,15,14,93,0,12,12,105
12/31/2021,JAN,MS,ASO,ES,Combined TRACON& Tower with Radar,35,16,8,0,59,0,1,1,1,3,35,17,9,1,62,0,0,0,62
01/01/2022,JAN,MS,ASO,ES,Combined TRACON& Tower with Radar,23,19,8,0,50,0,1,0,0,1,23,20,8,0,51,0,0,0,51
01/02/2022,JAN,MS,ASO,ES,Combined TRACON& Tower with Radar,32,21,11,0,64,0,0,0,0,0,32,21,11,0,64,0,0,0,64
01/03/2022,JAN,MS,ASO,ES,Combined TRACON& Tower with Radar,39,18,12,0,69,0,1,3,0,4,39,19,15,0,73,0,0,0,73
01/04/2022,JAN,MS,ASO,ES,Combined TRACON& Tower with Radar,36,17,15,26,94,0,4,4,5,13,36,21,19,31,107,20,28,48,155
01/05/2022,JAN,MS,ASO,ES,Combined TRACON& Tower with Radar,38,22,20,23,103,0,1,4,0,5,38,23,24,23,108,0,82,82,190
01/06/2022,JAN,MS,ASO,ES,Combined TRACON& Tower with Radar,37,19,8,33,97,0,0,0,0,0,37,19,8,33,97,0,34,34,131
01/07/2022,JAN,MS,ASO,ES,Combined TRACON& Tower with Radar,39,18,11,34,102,0,0,7,4,11,39,18,18,38,113,10,86,96,209
01/08/2022,JAN,MS,ASO,ES,Combined TRACON& Tower with Radar,30,12,24,11,77,0,1,9,2,12,30,13,33,13,89,10,6,16,105
01/09/2022,JAN,MS,ASO,ES,Combined TRACON& Tower with Radar,27,19,5,0,51,0,0,2,0,2,27,19,7,0,53,2,0,2,55
01/10/2022,JAN,MS,ASO,ES,Combined TRACON& Tower with Radar,38,23,17,24,102,0,2,13,12,27,38,25,30,36,129,18,92,110,239
01/11/2022,JAN,MS,ASO,ES,Combined TRACON& Tower with Radar,35,16,23,40,114,0,0,6,10,16,35,16,29,50,130,18,166,184,314
01/12/2022,JAN,MS,ASO,ES,Combined TRACON& Tower with Radar,39,19,26,53,137,0,1,6,6,13,39,20,32,59,150,24,104,128,278
01/13/2022,JAN,MS,ASO,ES,Combined TRACON& Tower with Radar,40,16,24,13,93,0,3,8,1,12,40,19,32,14,105,10,26,36,141
01/14/2022,JAN,MS,ASO,ES,Combined TRACON& Tower with Radar,40,26,27,60,153,0,4,3,8,15,40,30,30,68,168,10,66,76,244
01/15/2022,JAN,MS,ASO,ES,Combined TRACON& Tower with Radar,28,14,5,0,47,0,0,0,0,0,28,14,5,0,47,0,0,0,47
01/16/2022,JAN,MS,ASO,ES,Combined TRACON& Tower with Radar,20,11,7,1,39,0,2,0,0,2,20,13,7,1,41,0,0,0,41
01/17/2022,JAN,MS,ASO,ES,Combined TRACON& Tower with Radar,37,12,14,10,73,0,4,5,0,9,37,16,19,10,82,2,0,2,84
01/18/2022,JAN,MS,ASO,ES,Combined TRACON& Tower with Radar,38,21,24,49,132,0,1,5,5,11,38,22,29,54,143,12,182,194,337
01/19/2022,JAN,MS,ASO,ES,Combined TRACON& Tower with Radar,38,14,28,16,96,0,2,3,5,10,38,16,31,21,106,2,100,102,208
01/20/2022,JAN,MS,ASO,ES,Combined TRACON& Tower with Radar,43,11,15,21,90,0,1,3,0,4,43,12,18,21,94,0,32,32,126
01/21/2022,JAN,MS,ASO,ES,Combined TRACON& Tower with Radar,41,18,26,28,113,0,1,5,10,16,41,19,31,38,129,6,126,132,261
01/22/2022,JAN,MS,ASO,ES,Combined TRACON& Tower with Radar,31,8,10,6,55,0,1,9,0,10,31,9,19,6,65,6,6,12,77
01/23/2022,JAN,MS,ASO,ES,Combined TRACON& Tower with Radar,39,10,19,19,87,0,0,6,1,7,39,10,25,20,94,4,24,28,122
01/24/2022,JAN,MS,ASO,ES,Combined TRACON& Tower with Radar,39,19,23,31,112,0,3,5,8,16,39,22,28,39,128,4,92,96,224
01/25/2022,JAN,MS,ASO,ES,Combined TRACON& Tower with Radar,41,14,21,18,94,0,0,0,0,0,41,14,21,18,94,0,4,4,98
01/26/2022,JAN,MS,ASO,ES,Combined TRACON& Tower with Radar,39,11,26,30,106,0,3,7,5,15,39,14,33,35,121,12,140,152,273
01/27/2022,JAN,MS,ASO,ES,Combined TRACON& Tower with Radar,43,23,26,15,107,0,6,6,13,25,43,29,32,28,132,16,174,190,322
01/28/2022,JAN,MS,ASO,ES,Combined TRACON& Tower with Radar,39,12,8,53,112,0,6,5,7,18,39,18,13,60,130,0,200,200,330
01/29/2022,JAN,MS,ASO,ES,Combined TRACON& Tower with Radar,27,11,14,5,57,0,3,11,0,14,27,14,25,5,71,4,4,8,79
01/30/2022,JAN,MS,ASO,ES,Combined TRACON& Tower with Radar,38,14,14,12,78,0,12,8,2,22,38,26,22,14,100,10,10,20,120
01/31/2022,JAN,MS,ASO,ES,Combined TRACON& Tower with Radar,41,12,29,26,108,0,3,3,4,10,41,15,32,30,118,4,140,144,262
02/01/2022,JAN,MS,ASO,ES,Combined TRACON& Tower with Radar,37,16,28,27,108,0,5,4,2,11,37,21,32,29,119,8,56,64,183
02/02/2022,JAN,MS,ASO,ES,Combined TRACON& Tower with Radar,32,14,31,33,110,0,1,2,0,3,32,15,33,33,113,2,28,30,143
02/03/2022,JAN,MS,ASO,ES,Combined TRACON& Tower with Radar,36,6,13,1,56,0,0,0,0,0,36,6,13,1,56,0,0,0,56
02/04/2022,JAN,MS,ASO,ES,Combined TRACON& Tower with Radar,35,12,15,8,70,0,0,0,0,0,35,12,15,8,70,2,8,10,80
02/05/2022,JAN,MS,ASO,ES,Combined TRACON& Tower with Radar,25,10,10,6,51,0,0,8,0,8,25,10,18,6,59,10,2,12,71
02/06/2022,JAN,MS,ASO,ES,Combined TRACON& Tower with Radar,42,9,9,5,65,0,5,3,8,16,42,14,12,13,81,10,20,30,111
02/07/2022,JAN,MS,ASO,ES,Combined TRACON& Tower with Radar,38,24,34,21,117,0,0,7,8,15,38,24,41,29,132,18,148,166,298
02/08/2022,JAN,MS,ASO,ES,Combined TRACON& Tower with Radar,36,21,32,44,133,0,1,14,1,16,36,22,46,45,149,12,86,98,247
02/09/2022,JAN,MS,ASO,ES,Combined TRACON& Tower with Radar,40,12,47,25,124,0,3,11,3,17,40,15,58,28,141,20,72,92,233
02/10/2022,JAN,MS,ASO,ES,Combined TRACON& Tower with Radar,41,14,34,37,126,0,2,6,8,16,41,16,40,45,142,30,72,102,244
02/11/2022,JAN,MS,ASO,ES,Combined TRACON& Tower with Radar,46,21,15,44,126,0,4,1,9,14,46,25,16,53,140,0,124,124,264
02/12/2022,JAN,MS,ASO,ES,Combined TRACON& Tower with Radar,26,9,13,0,48,0,3,5,4,12,26,12,18,4,60,2,6,8,68
02/13/2022,JAN,MS,ASO,ES,Combined TRACON& Tower with Radar,39,13,15,21,88,0,1,3,2,6,39,14,18,23,94,0,10,10,104
02/14/2022,JAN,MS,ASO,ES,Combined TRACON& Tower with Radar,38,27,24,22,111,0,7,3,6,16,38,34,27,28,127,22,126,148,275
02/15/2022,JAN,MS,ASO,ES,Combined TRACON& Tower with Radar,34,18,24,32,108,0,2,6,2,10,34,20,30,34,118,0,80,80,198
02/16/2022,JAN,MS,ASO,ES,Combined TRACON& Tower with Radar,40,15,25,39,119,0,2,2,0,4,40,17,27,39,123,0,66,66,189
02/17/2022,JAN,MS,ASO,ES,Combined TRACON& Tower with Radar,39,17,17,1,74,0,0,0,0,0,39,17,17,1,74,0,0,0,74
02/18/2022,JAN,MS,ASO,ES,Combined TRACON& Tower with Radar,39,11,14,44,108,0,0,6,4,10,39,11,20,48,118,8,80,88,206
02/19/2022,JAN,MS,ASO,ES,Combined TRACON& Tower with Radar,25,9,8,26,68,0,1,6,0,7,25,10,14,26,75,0,20,20,95
02/20/2022,JAN,MS,ASO,ES,Combined TRACON& Tower with Radar,37,6,9,11,63,0,0,8,0,8,37,6,17,11,71,10,4,14,85
02/21/2022,JAN,MS,ASO,ES,Combined TRACON& Tower with Radar,42,9,10,1,62,0,0,0,0,0,42,9,10,1,62,2,0,2,64
02/22/2022,JAN,MS,ASO,ES,Combined TRACON& Tower with Radar,36,21,23,26,106,0,2,0,6,8,36,23,23,32,114,2,102,104,218
02/23/2022,JAN,MS,ASO,ES,Combined TRACON& Tower with Radar,38,12,25,14,89,0,0,0,0,0,38,12,25,14,89,0,10,10,99
02/24/2022,JAN,MS,ASO,ES,Combined TRACON& Tower with Radar,42,17,32,16,107,0,2,0,0,2,42,19,32,16,109,0,16,16,125
02/25/2022,JAN,MS,ASO,ES,Combined TRACON& Tower with Radar,43,14,16,10,83,0,0,1,0,1,43,14,17,10,84,2,12,14,98
02/26/2022,JAN,MS,ASO,ES,Combined TRACON& Tower with Radar,27,13,9,0,49,0,0,0,0,0,27,13,9,0,49,2,0,2,51
02/27/2022,JAN,MS,ASO,ES,Combined TRACON& Tower with Radar,39,10,10,1,60,0,0,0,0,0,39,10,10,1,60,0,2,2,62
02/28/2022,JAN,MS,ASO,ES,Combined TRACON& Tower with Radar,42,10,27,12,91,0,6,9,3,18,42,16,36,15,109,8,54,62,171
03/01/2022,JAN,MS,ASO,ES,Combined TRACON& Tower with Radar,36,19,28,37,120,0,5,7,5,17,36,24,35,42,137,16,60,76,213
03/02/2022,JAN,MS,ASO,ES,Combined TRACON& Tower with Radar,38,14,21,30,103,0,9,8,4,21,38,23,29,34,124,10,88,98,222
03/03/2022,JAN,MS,ASO,ES,Combined TRACON& Tower with Radar,35,11,41,26,113,0,3,15,16,34,35,14,56,42,147,28,94,122,269
03/04/2022,JAN,MS,ASO,ES,Combined TRACON& Tower with Radar,41,13,15,36,105,0,2,9,10,21,41,15,24,46,126,12,58,70,196
03/05/2022,JAN,MS,ASO,ES,Combined TRACON& Tower with Radar,30,8,2,5,45,0,5,0,0,5,30,13,2,5,50,2,0,2,52
03/06/2022,JAN,MS,ASO,ES,Combined TRACON& Tower with Radar,37,10,31,18,96,0,5,1,1,7,37,15,32,19,103,4,0,4,107
03/07/2022,JAN,MS,ASO,ES,Combined TRACON& Tower with Radar,39,13,15,21,88,0,1,0,2,3,39,14,15,23,91,2,48,50,141
03/08/2022,JAN,MS,ASO,ES,Combined TRACON& Tower with Radar,38,20,18,5,81,0,1,0,0,1,38,21,18,5,82,0,2,2,84
03/09/2022,JAN,MS,ASO,ES,Combined TRACON& Tower with Radar,37,22,17,17,93,0,0,1,0,1,37,22,18,17,94,2,22,24,118
03/10/2022,JAN,MS,ASO,ES,Combined TRACON& Tower with Radar,42,16,16,21,95,0,1,4,2,7,42,17,20,23,102,2,78,80,182
03/11/2022,JAN,MS,ASO,ES,Combined TRACON& Tower with Radar,42,25,24,40,131,0,5,1,10,16,42,30,25,50,147,10,102,112,259
03/12/2022,JAN,MS,ASO,ES,Combined TRACON& Tower with Radar,28,12,10,4,54,0,0,1,0,1,28,12,11,4,55,0,4,4,59
03/13/2022,JAN,MS,ASO,ES,Combined TRACON& Tower with Radar,39,13,11,2,65,0,1,3,3,7,39,14,14,5,72,0,2,2,74
03/14/2022,JAN,MS,ASO,ES,Combined TRACON& Tower with Radar,39,13,30,30,112,0,3,11,3,17,39,16,41,33,129,8,78,86,215
03/15/2022,JAN,MS,ASO,ES,Combined TRACON& Tower with Radar,38,18,10,19,85,0,0,0,0,0,38,18,10,19,85,0,42,42,127
03/16/2022,JAN,MS,ASO,ES,Combined TRACON& Tower with Radar,39,19,30,16,104,0,5,2,1,8,39,24,32,17,112,20,32,52,164
03/17/2022,JAN,MS,ASO,ES,Combined TRACON& Tower with Radar,39,28,27,27,121,0,1,5,0,6,39,29,32,27,127,14,56,70,197
03/18/2022,JAN,MS,ASO,ES,Combined TRACON& Tower with Radar,38,18,8,11,75,0,4,4,0,8,38,22,12,11,83,2,30,32,115
03/19/2022,JAN,MS,ASO,ES,Combined TRACON& Tower with Radar,30,10,7,8,55,0,0,3,1,4,30,10,10,9,59,6,14,20,79
03/20/2022,JAN,MS,ASO,ES,Combined TRACON& Tower with Radar,41,15,9,5,70,0,1,9,1,11,41,16,18,6,81,2,36,38,119
03/21/2022,JAN,MS,ASO,ES,Combined TRACON& Tower with Radar,36,11,21,17,85,0,3,2,11,16,36,14,23,28,101,0,72,72,173
03/22/2022,JAN,MS,ASO,ES,Combined TRACON& Tower with Radar,26,6,9,8,49,0,0,0,0,0,26,6,9,8,49,0,6,6,55
03/23/2022,JAN,MS,ASO,ES,Combined TRACON& Tower with Radar,34,13,31,28,106,0,1,2,8,11,34,14,33,36,117,0,100,100,217
03/24/2022,JAN,MS,ASO,ES,Combined TRACON& Tower with Radar,36,23,20,17,96,0,0,5,5,10,36,23,25,22,106,0,24,24,130
03/25/2022,JAN,MS,ASO,ES,Combined TRACON& Tower with Radar,40,9,22,12,83,0,4,12,6,22,40,13,34,18,105,2,16,18,123
03/26/2022,JAN,MS,ASO,ES,Combined TRACON& Tower with Radar,28,11,10,0,49,0,3,9,0,12,28,14,19,0,61,8,0,8,69
03/27/2022,JAN,MS,ASO,ES,Combined TRACON& Tower with Radar,38,5,20,3,66,0,5,8,2,15,38,10,28,5,81,0,0,0,81
03/28/2022,JAN,MS,ASO,ES,Combined TRACON& Tower with Radar,43,23,31,34,131,0,4,2,0,6,43,27,33,34,137,34,114,148,285
03/29/2022,JAN,MS,ASO,ES,Combined TRACON& Tower with Radar,45,11,30,17,103,0,3,3,2,8,45,14,33,19,111,28,22,50,161
03/30/2022,JAN,MS,ASO,ES,Combined TRACON& Tower with Radar,34,7,2,1,44,0,1,3,0,4,34,8,5,1,48,0,4,4,52
03/31/2022,JAN,MS,ASO,ES,Combined TRACON& Tower with Radar,37,16,18,16,87,0,0,1,1,2,37,16,19,17,89,2,14,16,105
04/01/2022,JAN,MS,ASO,ES,Combined TRACON& Tower with Radar,34,15,12,14,75,0,5,11,13,29,34,20,23,27,104,10,50,60,164
04/02/2022,JAN,MS,ASO,ES,Combined TRACON& Tower with Radar,25,11,13,6,55,0,2,2,2,6,25,13,15,8,61,20,6,26,87
04/03/2022,JAN,MS,ASO,ES,Combined TRACON& Tower with Radar,31,13,14,5,63,0,1,1,0,2,31,14,15,5,65,8,2,10,75
04/04/2022,JAN,MS,ASO,ES,Combined TRACON& Tower with Radar,37,10,14,54,115,0,2,5,9,16,37,12,19,63,131,2,186,188,319
04/05/2022,JAN,MS,ASO,ES,Combined TRACON& Tower with Radar,39,17,14,26,96,0,1,0,1,2,39,18,14,27,98,0,50,50,148
04/06/2022,JAN,MS,ASO,ES,Combined TRACON& Tower with Radar,40,27,29,48,144,0,0,3,1,4,40,27,32,49,148,4,94,98,246
04/07/2022,JAN,MS,ASO,ES,Combined TRACON& Tower with Radar,44,13,36,25,118,0,3,5,11,19,44,16,41,36,137,4,62,66,203
04/08/2022,JAN,MS,ASO,ES,Combined TRACON& Tower with Radar,42,19,17,19,97,0,2,3,10,15,42,21,20,29,112,4,36,40,152
04/09/2022,JAN,MS,ASO,ES,Combined TRACON& Tower with Radar,29,8,18,3,58,0,2,9,0,11,29,10,27,3,69,22,2,24,93
04/10/2022,JAN,MS,ASO,ES,Combined TRACON& Tower with Radar,39,10,13,4,66,0,2,7,0,9,39,12,20,4,75,14,0,14,89
04/11/2022,JAN,MS,ASO,ES,Combined TRACON& Tower with Radar,40,33,18,33,124,0,1,0,0,1,40,34,18,33,125,0,36,36,161
04/12/2022,JAN,MS,ASO,ES,Combined TRACON& Tower with Radar,41,24,32,38,135,0,0,2,8,10,41,24,34,46,145,2,110,112,257
04/13/2022,JAN,MS,ASO,ES,Combined TRACON& Tower with Radar,35,16,18,25,94,0,1,0,1,2,35,17,18,26,96,0,112,112,208
04/14/2022,JAN,MS,ASO,ES,Combined TRACON& Tower with Radar,41,23,18,67,149,0,2,5,8,15,41,25,23,75,164,12,116,128,292
04/15/2022,JAN,MS,ASO,ES,Combined TRACON& Tower with Radar,43,16,23,11,93,0,2,5,5,12,43,18,28,16,105,12,52,64,169
04/16/2022,JAN,MS,ASO,ES,Combined TRACON& Tower with Radar,33,10,9,0,52,0,0,0,0,0,33,10,9,0,52,2,4,6,58
04/17/2022,JAN,MS,ASO,ES,Combined TRACON& Tower with Radar,41,11,8,4,64,0,0,0,0,0,41,11,8,4,64,2,8,10,74
04/18/2022,JAN,MS,ASO,ES,Combined TRACON& Tower with Radar,42,32,31,57,162,0,3,0,1,4,42,35,31,58,166,24,122,146,312
04/19/2022,JAN,MS,ASO,ES,Combined TRACON& Tower with Radar,41,23,29,49,142,0,2,8,12,22,41,25,37,61,164,22,120,142,306
04/20/2022,JAN,MS,ASO,ES,Combined TRACON& Tower with Radar,39,16,25,48,128,0,5,1,7,13,39,21,26,55,141,0,142,142,283
04/21/2022,JAN,MS,ASO,ES,Combined TRACON& Tower with Radar,42,20,38,44,144,0,5,3,6,14,42,25,41,50,158,8,120,128,286
04/22/2022,JAN,MS,ASO,ES,Combined TRACON& Tower with Radar,43,30,22,32,127,0,6,4,9,19,43,36,26,41,146,6,112,118,264
04/23/2022,JAN,MS,ASO,ES,Combined TRACON& Tower with Radar,34,14,14,4,66,0,2,3,2,7,34,16,17,6,73,4,0,4,77
04/24/2022,JAN,MS,ASO,ES,Combined TRACON& Tower with Radar,39,10,22,11,82,0,1,2,1,4,39,11,24,12,86,4,4,8,94
04/25/2022,JAN,MS,ASO,ES,Combined TRACON& Tower with Radar,40,12,12,5,69,0,3,1,0,4,40,15,13,5,73,4,0,4,77
04/26/2022,JAN,MS,ASO,ES,Combined TRACON& Tower with Radar,39,13,18,57,127,0,7,2,6,15,39,20,20,63,142,2,170,172,314
04/27/2022,JAN,MS,ASO,ES,Combined TRACON& Tower with Radar,40,29,39,49,157,0,2,9,3,14,40,31,48,52,171,32,152,184,355
04/28/2022,JAN,MS,ASO,ES,Combined TRACON& Tower with Radar,42,19,30,26,117,0,3,7,7,17,42,22,37,33,134,28,98,126,260
04/29/2022,JAN,MS,ASO,ES,Combined TRACON& Tower with Radar,42,11,19,17,89,0,3,2,0,5,42,14,21,17,94,16,36,52,146
04/30/2022,JAN,MS,ASO,ES,Combined TRACON& Tower with Radar,34,10,13,1,58,0,5,1,3,9,34,15,14,4,67,2,4,6,73
05/01/2022,JAN,MS,ASO,ES,Combined TRACON& Tower with Radar,40,13,22,0,75,0,3,1,0,4,40,16,23,0,79,6,0,6,85
05/02/2022,JAN,MS,ASO,ES,Combined TRACON& Tower with Radar,42,14,22,40,118,0,1,4,1,6,42,15,26,41,124,4,70,74,198
05/03/2022,JAN,MS,ASO,ES,Combined TRACON& Tower with Radar,42,18,34,24,118,0,1,1,8,10,42,19,35,32,128,6,112,118,246
05/04/2022,JAN,MS,ASO,ES,Combined TRACON& Tower with Radar,38,17,32,27,114,0,0,5,13,18,38,17,37,40,132,14,66,80,212
05/05/2022,JAN,MS,ASO,ES,Combined TRACON& Tower with Radar,47,16,17,36,116,0,1,0,4,5,47,17,17,40,121,6,52,58,179
05/06/2022,JAN,MS,ASO,ES,Combined TRACON& Tower with Radar,42,13,12,27,94,0,3,3,3,9,42,16,15,30,103,0,116,116,219
05/07/2022,JAN,MS,ASO,ES,Combined TRACON& Tower with Radar,29,11,12,0,52,0,2,6,2,10,29,13,18,2,62,6,2,8,70
05/08/2022,JAN,MS,ASO,ES,Combined TRACON& Tower with Radar,41,9,12,1,63,0,2,8,0,10,41,11,20,1,73,0,2,2,75
05/09/2022,JAN,MS,ASO,ES,Combined TRACON& Tower with Radar,43,24,25,35,127,0,1,4,7,12,43,25,29,42,139,14,154,168,307
05/10/2022,JAN,MS,ASO,ES,Combined TRACON& Tower with Radar,41,14,24,53,132,0,2,2,4,8,41,16,26,57,140,4,172,176,316
05/11/2022,JAN,MS,ASO,ES,Combined TRACON& Tower with Radar,43,22,30,25,120,0,5,6,4,15,43,27,36,29,135,0,104,104,239
05/12/2022,JAN,MS,ASO,ES,Combined TRACON& Tower with Radar,41,14,29,27,111,0,1,10,7,18,41,15,39,34,129,24,134,158,287
05/13/2022,JAN,MS,ASO,ES,Combined TRACON& Tower with Radar,41,10,21,18,90,0,0,1,0,1,41,10,22,18,91,22,20,42,133
05/14/2022,JAN,MS,ASO,ES,Combined TRACON& Tower with Radar,31,14,9,5,59,0,3,3,0,6,31,17,12,5,65,2,4,6,71
05/15/2022,JAN,MS,ASO,ES,Combined TRACON& Tower with Radar,40,8,18,4,70,0,1,5,2,8,40,9,23,6,78,6,8,14,92
05/16/2022,JAN,MS,ASO,ES,Combined TRACON& Tower with Radar,43,11,22,44,120,0,0,2,12,14,43,11,24,56,134,0,150,150,284
05/17/2022,JAN,MS,ASO,ES,Combined TRACON& Tower with Radar,42,16,33,73,164,0,5,5,0,10,42,21,38,73,174,2,116,118,292
05/18/2022,JAN,MS,ASO,ES,Combined TRACON& Tower with Radar,43,11,40,42,136,1,6,5,2,14,44,17,45,44,150,2,88,90,240
05/19/2022,JAN,MS,ASO,ES,Combined TRACON& Tower with Radar,40,18,22,45,125,0,0,3,4,7,40,18,25,49,132,0,160,160,292
05/20/2022,JAN,MS,ASO,ES,Combined TRACON& Tower with Radar,42,13,20,10,85,0,0,3,0,3,42,13,23,10,88,4,42,46,134
05/21/2022,JAN,MS,ASO,ES,Combined TRACON& Tower with Radar,29,13,9,9,60,0,0,3,2,5,29,13,12,11,65,0,6,6,71
05/22/2022,JAN,MS,ASO,ES,Combined TRACON& Tower with Radar,40,12,2,12,66,0,0,0,0,0,40,12,2,12,66,0,10,10,76
05/23/2022,JAN,MS,ASO,ES,Combined TRACON& Tower with Radar,41,17,38,34,130,0,0,0,1,1,41,17,38,35,131,0,108,108,239
05/24/2022,JAN,MS,ASO,ES,Combined TRACON& Tower with Radar,41,17,14,31,103,0,0,4,4,8,41,17,18,35,111,2,62,64,175
05/25/2022,JAN,MS,ASO,ES,Combined TRACON& Tower with Radar,40,8,17,13,78,0,0,2,13,15,40,8,19,26,93,0,72,72,165
05/26/2022,JAN,MS,ASO,ES,Combined TRACON& Tower with Radar,43,16,27,44,130,0,2,5,8,15,43,18,32,52,145,8,114,122,267
05/27/2022,JAN,MS,ASO,ES,Combined TRACON& Tower with Radar,44,17,28,8,97,0,0,10,0,10,44,17,38,8,107,16,10,26,133
05/28/2022,JAN,MS,ASO,ES,Combined TRACON& Tower with Radar,29,13,11,7,60,0,3,2,0,5,29,16,13,7,65,2,18,20,85
05/29/2022,JAN,MS,ASO,ES,Combined TRACON& Tower with Radar,38,6,7,4,55,0,4,4,0,8,38,10,11,4,63,30,0,30,93
05/30/2022,JAN,MS,ASO,ES,Combined TRACON& Tower with Radar,42,10,16,12,80,0,0,6,3,9,42,10,22,15,89,8,6,14,103
05/31/2022,JAN,MS,ASO,ES,Combined TRACON& Tower with Radar,41,10,20,46,117,0,5,4,9,18,41,15,24,55,135,8,74,82,217
06/01/2022,JAN,MS,ASO,ES,Combined TRACON& Tower with Radar,39,11,19,24,93,1,1,5,1,8,40,12,24,25,101,0,44,44,145
06/02/2022,JAN,MS,ASO,ES,Combined TRACON& Tower with Radar,46,18,18,6,88,0,0,2,3,5,46,18,20,9,93,0,18,18,111
06/03/2022,JAN,MS,ASO,ES,Combined TRACON& Tower with Radar,42,15,14,24,95,0,1,2,0,3,42,16,16,24,98,4,8,12,110
06/04/2022,JAN,MS,ASO,ES,Combined TRACON& Tower with Radar,27,20,13,10,70,0,0,7,0,7,27,20,20,10,77,4,10,14,91
06/05/2022,JAN,MS,ASO,ES,Combined TRACON& Tower with Radar,43,16,4,8,71,0,2,1,1,4,43,18,5,9,75,0,0,0,75
06/06/2022,JAN,MS,ASO,ES,Combined TRACON& Tower with Radar,42,20,23,10,95,0,7,1,0,8,42,27,24,10,103,0,6,6,109
06/07/2022,JAN,MS,ASO,ES,Combined TRACON& Tower with Radar,39,18,28,20,105,0,2,7,3,12,39,20,35,23,117,0,12,12,129
06/08/2022,JAN,MS,ASO,ES,Combined TRACON& Tower with Radar,41,24,27,19,111,0,4,1,1,6,41,28,28,20,117,0,44,44,161
06/09/2022,JAN,MS,ASO,ES,Combined TRACON& Tower with Radar,44,17,36,26,123,0,2,7,1,10,44,19,43,27,133,12,16,28,161
06/10/2022,JAN,MS,ASO,ES,Combined TRACON& Tower with Radar,43,17,13,1,74,0,0,3,0,3,43,17,16,1,77,0,0,0,77
06/11/2022,JAN,MS,ASO,ES,Combined TRACON& Tower with Radar,33,23,10,2,68,0,1,0,0,1,33,24,10,2,69,14,0,14,83
06/12/2022,JAN,MS,ASO,ES,Combined TRACON& Tower with Radar,41,17,11,12,81,0,0,4,2,6,41,17,15,14,87,0,0,0,87
06/13/2022,JAN,MS,ASO,ES,Combined TRACON& Tower with Radar,43,16,32,14,105,0,0,3,4,7,43,16,35,18,112,0,0,0,112
06/14/2022,JAN,MS,ASO,ES,Combined TRACON& Tower with Radar,41,20,23,40,124,0,2,5,7,14,41,22,28,47,138,0,92,92,230
06/15/2022,JAN,MS,ASO,ES,Combined TRACON& Tower with Radar,39,24,35,50,148,0,4,3,3,10,39,28,38,53,158,0,64,64,222
06/16/2022,JAN,MS,ASO,ES,Combined TRACON& Tower with Radar,40,18,29,39,126,0,1,6,1,8,40,19,35,40,134,2,86,88,222
06/17/2022,JAN,MS,ASO,ES,Combined TRACON& Tower with Radar,40,25,22,30,117,0,2,8,3,13,40,27,30,33,130,6,84,90,220
06/18/2022,JAN,MS,ASO,ES,Combined TRACON& Tower with Radar,30,19,13,1,63,0,1,2,0,3,30,20,15,1,66,0,0,0,66
06/19/2022,JAN,MS,ASO,ES,Combined TRACON& Tower with Radar,45,15,13,0,73,0,2,3,0,5,45,17,16,0,78,0,0,0,78
06/20/2022,JAN,MS,ASO,ES,Combined TRACON& Tower with Radar,43,21,32,0,96,0,1,6,0,7,43,22,38,0,103,0,0,0,103
06/21/2022,JAN,MS,ASO,ES,Combined TRACON& Tower with Radar,41,24,28,31,124,0,4,17,9,30,41,28,45,40,154,10,108,118,272
06/22/2022,JAN,MS,ASO,ES,Combined TRACON& Tower with Radar,39,22,32,35,128,0,5,5,10,20,39,27,37,45,148,0,156,156,304
06/23/2022,JAN,MS,ASO,ES,Combined TRACON& Tower with Radar,43,19,32,40,134,0,1,10,12,23,43,20,42,52,157,22,196,218,375
06/24/2022,JAN,MS,ASO,ES,Combined TRACON& Tower with Radar,44,23,25,22,114,0,4,4,4,12,44,27,29,26,126,2,44,46,172
06/25/2022,JAN,MS,ASO,ES,Combined TRACON& Tower with Radar,29,25,17,1,72,0,6,3,6,15,29,31,20,7,87,0,6,6,93
06/26/2022,JAN,MS,ASO,ES,Combined TRACON& Tower with Radar,40,14,14,7,75,0,1,3,0,4,40,15,17,7,79,2,0,2,81
06/27/2022,JAN,MS,ASO,ES,Combined TRACON& Tower with Radar,47,25,35,17,124,0,1,4,0,5,47,26,39,17,129,2,30,32,161
06/28/2022,JAN,MS,ASO,ES,Combined TRACON& Tower with Radar,46,19,18,31,114,0,0,8,8,16,46,19,26,39,130,14,141,155,285
06/29/2022,JAN,MS,ASO,ES,Combined TRACON& Tower with Radar,40,38,25,30,133,0,1,6,3,10,40,39,31,33,143,4,64,68,211
06/30/2022,JAN,MS,ASO,ES,Combined TRACON& Tower with Radar,43,19,22,9,93,0,2,1,2,5,43,21,23,11,98,0,86,86,184
07/01/2022,JAN,MS,ASO,ES,Combined TRACON& Tower with Radar,38,24,30,11,103,1,1,0,1,3,39,25,30,12,106,0,6,6,112
07/02/2022,JAN,MS,ASO,ES,Combined TRACON& Tower with Radar,31,10,9,1,51,0,3,2,0,5,31,13,11,1,56,0,0,0,56
07/03/2022,JAN,MS,ASO,ES,Combined TRACON& Tower with Radar,37,5,3,0,45,0,0,4,1,5,37,5,7,1,50,0,0,0,50
07/04/2022,JAN,MS,ASO,ES,Combined TRACON& Tower with Radar,35,8,10,0,53,0,1,1,0,2,35,9,11,0,55,2,0,2,57
07/05/2022,JAN,MS,ASO,ES,Combined TRACON& Tower with Radar,36,14,23,14,87,0,2,1,3,6,36,16,24,17,93,0,30,30,123
07/06/2022,JAN,MS,ASO,ES,Combined TRACON& Tower with Radar,37,17,13,40,107,0,0,2,2,4,37,17,15,42,111,0,68,68,179
07/07/2022,JAN,MS,ASO,ES,Combined TRACON& Tower with Radar,40,24,18,31,113,0,2,5,1,8,40,26,23,32,121,42,102,144,265
07/08/2022,JAN,MS,ASO,ES,Combined TRACON& Tower with Radar,40,25,14,60,139,0,4,3,4,11,40,29,17,64,150,8,178,186,336
07/09/2022,JAN,MS,ASO,ES,Combined TRACON& Tower with Radar,28,12,8,6,54,0,2,4,0,6,28,14,12,6,60,6,2,8,68
07/10/2022,JAN,MS,ASO,ES,Combined TRACON& Tower with Radar,38,10,16,13,77,0,3,2,0,5,38,13,18,13,82,0,8,8,90
07/11/2022,JAN,MS,ASO,ES,Combined TRACON& Tower with Radar,44,21,24,56,145,0,4,5,1,10,44,25,29,57,155,6,112,118,273
07/12/2022,JAN,MS,ASO,ES,Combined TRACON& Tower with Radar,48,12,17,58,135,0,1,2,14,17,48,13,19,72,152,4,160,164,316
07/13/2022,JAN,MS,ASO,ES,Combined TRACON& Tower with Radar,41,12,19,30,102,0,4,4,3,11,41,16,23,33,113,4,86,90,203
07/14/2022,JAN,MS,ASO,ES,Combined TRACON& Tower with Radar,41,12,28,11,92,0,1,4,1,6,41,13,32,12,98,2,8,10,108
07/15/2022,JAN,MS,ASO,ES,Combined TRACON& Tower with Radar,40,15,17,28,100,0,0,3,2,5,40,15,20,30,105,4,50,54,159
07/16/2022,JAN,MS,ASO,ES,Combined TRACON& Tower with Radar,30,14,7,2,53,0,1,4,0,5,30,15,11,2,58,2,0,2,60
07/17/2022,JAN,MS,ASO,ES,Combined TRACON& Tower with Radar,36,10,12,8,66,0,0,2,0,2,36,10,14,8,68,16,0,16,84
07/18/2022,JAN,MS,ASO,ES,Combined TRACON& Tower with Radar,38,22,12,70,142,0,2,3,7,12,38,24,15,77,154,2,62,64,218
07/19/2022,JAN,MS,ASO,ES,Combined TRACON& Tower with Radar,39,30,27,60,156,0,3,8,4,15,39,33,35,64,171,10,116,126,297
07/20/2022,JAN,MS,ASO,ES,Combined TRACON& Tower with Radar,38,23,20,53,134,0,2,7,4,13,38,25,27,57,147,0,120,120,267
07/21/2022,JAN,MS,ASO,ES,Combined TRACON& Tower with Radar,39,15,13,24,91,0,2,0,3,5,39,17,13,27,96,0,80,80,176
07/22/2022,JAN,MS,ASO,ES,Combined TRACON& Tower with Radar,45,16,19,10,90,0,2,1,1,4,45,18,20,11,94,2,56,58,152
07/23/2022,JAN,MS,ASO,ES,Combined TRACON& Tower with Radar,27,14,12,2,55,0,0,1,0,1,27,14,13,2,56,0,0,0,56
07/24/2022,JAN,MS,ASO,ES,Combined TRACON& Tower with Radar,40,10,18,2,70,0,3,5,0,8,40,13,23,2,78,34,0,34,112
07/25/2022,JAN,MS,ASO,ES,Combined TRACON& Tower with Radar,44,8,25,31,108,0,7,5,8,20,44,15,30,39,128,2,138,140,268
07/26/2022,JAN,MS,ASO,ES,Combined TRACON& Tower with Radar,36,12,22,38,108,0,2,5,4,11,36,14,27,42,119,0,4,4,123
07/27/2022,JAN,MS,ASO,ES,Combined TRACON& Tower with Radar,38,29,34,34,135,0,2,2,2,6,38,31,36,36,141,24,80,104,245
07/28/2022,JAN,MS,ASO,ES,Combined TRACON& Tower with Radar,41,15,31,10,97,0,3,3,4,10,41,18,34,14,107,12,34,46,153
07/29/2022,JAN,MS,ASO,ES,Combined TRACON& Tower with Radar,39,14,13,16,82,0,0,2,2,4,39,14,15,18,86,6,28,34,120
07/30/2022,JAN,MS,ASO,ES,Combined TRACON& Tower with Radar,26,10,12,0,48,0,1,5,0,6,26,11,17,0,54,2,0,2,56
07/31/2022,JAN,MS,ASO,ES,Combined TRACON& Tower with Radar,39,14,10,11,74,0,5,1,1,7,39,19,11,12,81,2,4,6,87
08/01/2022,JAN,MS,ASO,ES,Combined TRACON& Tower with Radar,41,18,17,31,107,0,2,6,10,18,41,20,23,41,125,4,122,126,251
08/02/2022,JAN,MS,ASO,ES,Combined TRACON& Tower with Radar,37,18,7,7,69,0,0,7,0,7,37,18,14,7,76,0,0,0,76
08/03/2022,JAN,MS,ASO,ES,Combined TRACON& Tower with Radar,38,25,25,12,100,0,1,5,1,7,38,26,30,13,107,4,18,22,129
08/04/2022,JAN,MS,ASO,ES,Combined TRACON& Tower with Radar,38,15,23,5,81,0,5,2,6,13,38,20,25,11,94,2,26,28,122
08/05/2022,JAN,MS,ASO,ES,Combined TRACON& Tower with Radar,44,10,14,15,83,0,2,4,2,8,44,12,18,17,91,0,34,34,125
08/06/2022,JAN,MS,ASO,ES,Combined TRACON& Tower with Radar,25,12,5,0,42,0,1,4,0,5,25,13,9,0,47,0,0,0,47
08/07/2022,JAN,MS,ASO,ES,Combined TRACON& Tower with Radar,40,15,15,7,77,0,4,1,0,5,40,19,16,7,82,0,0,0,82
08/08/2022,JAN,MS,ASO,ES,Combined TRACON& Tower with Radar,45,12,20,31,108,0,0,2,5,7,45,12,22,36,115,6,46,52,167
08/09/2022,JAN,MS,ASO,ES,Combined TRACON& Tower with Radar,40,13,24,13,90,0,2,0,1,3,40,15,24,14,93,0,14,14,107
08/10/2022,JAN,MS,ASO,ES,Combined TRACON& Tower with Radar,38,14,27,4,83,0,0,5,1,6,38,14,32,5,89,2,0,2,91
08/11/2022,JAN,MS,ASO,ES,Combined TRACON& Tower with Radar,41,14,30,31,116,0,2,5,2,9,41,16,35,33,125,0,8,8,133
08/12/2022,JAN,MS,ASO,ES,Combined TRACON& Tower with Radar,45,12,7,13,77,0,4,4,1,9,45,16,11,14,86,0,16,16,102
08/13/2022,JAN,MS,ASO,ES,Combined TRACON& Tower with Radar,30,15,12,0,57,0,2,6,1,9,30,17,18,1,66,28,0,28,94
08/14/2022,JAN,MS,ASO,ES,Combined TRACON& Tower with Radar,41,20,18,3,82,0,0,9,2,11,41,20,27,5,93,4,2,6,99
08/15/2022,JAN,MS,ASO,ES,Combined TRACON& Tower with Radar,43,10,14,64,131,0,8,7,7,22,43,18,21,71,153,16,136,152,305
08/16/2022,JAN,MS,ASO,ES,Combined TRACON& Tower with Radar,45,14,18,25,102,0,2,2,2,6,45,16,20,27,108,0,56,56,164
08/17/2022,JAN,MS,ASO,ES,Combined TRACON& Tower with Radar,41,17,17,32,107,0,0,2,7,9,41,17,19,39,116,2,28,30,146
08/18/2022,JAN,MS,ASO,ES,Combined TRACON& Tower with Radar,45,13,17,8,83,0,3,0,0,3,45,16,17,8,86,0,0,0,86
08/19/2022,JAN,MS,ASO,ES,Combined TRACON& Tower with Radar,45,11,21,15,92,0,0,2,1,3,45,11,23,16,95,6,0,6,101
08/20/2022,JAN,MS,ASO,ES,Combined TRACON& Tower with Radar,35,15,16,9,75,0,1,2,0,3,35,16,18,9,78,10,2,12,90
08/21/2022,JAN,MS,ASO,ES,Combined TRACON& Tower with Radar,39,6,16,4,65,0,0,1,0,1,39,6,17,4,66,6,0,6,72
08/22/2022,JAN,MS,ASO,ES,Combined TRACON& Tower with Radar,40,11,10,0,61,0,0,0,0,0,40,11,10,0,61,0,0,0,61
08/23/2022,JAN,MS,ASO,ES,Combined TRACON& Tower with Radar,38,14,14,9,75,0,0,0,0,0,38,14,14,9,75,0,0,0,75
08/24/2022,JAN,MS,ASO,ES,Combined TRACON& Tower with Radar,46,17,16,3,82,0,0,0,0,0,46,17,16,3,82,0,0,0,82
08/25/2022,JAN,MS,ASO,ES,Combined TRACON& Tower with Radar,52,11,13,9,85,0,0,2,0,2,52,11,15,9,87,0,2,2,89
08/26/2022,JAN,MS,ASO,ES,Combined TRACON& Tower with Radar,46,9,21,25,101,0,1,2,0,3,46,10,23,25,104,6,10,16,120
08/27/2022,JAN,MS,ASO,ES,Combined TRACON& Tower with Radar,37,8,12,1,58,0,2,2,0,4,37,10,14,1,62,4,6,10,72
08/28/2022,JAN,MS,ASO,ES,Combined TRACON& Tower with Radar,44,7,3,0,54,0,1,4,0,5,44,8,7,0,59,0,2,2,61
08/29/2022,JAN,MS,ASO,ES,Combined TRACON& Tower with Radar,45,17,20,32,114,0,4,6,5,15,45,21,26,37,129,8,118,126,255
08/30/2022,JAN,MS,ASO,ES,Combined TRACON& Tower with Radar,45,18,16,30,109,0,0,8,2,10,45,18,24,32,119,4,54,58,177
08/31/2022,JAN,MS,ASO,ES,Combined TRACON& Tower with Radar,48,12,28,49,137,0,8,13,3,24,48,20,41,52,161,8,104,112,273
09/01/2022,JAN,MS,ASO,ES,Combined TRACON& Tower with Radar,50,14,10,65,139,0,3,6,8,17,50,17,16,73,156,6,138,144,300
09/02/2022,JAN,MS,ASO,ES,Combined TRACON& Tower with Radar,48,10,8,6,72,0,1,4,0,5,48,11,12,6,77,12,0,12,89
09/03/2022,JAN,MS,ASO,ES,Combined TRACON& Tower with Radar,30,5,9,1,45,0,3,4,2,9,30,8,13,3,54,0,0,0,54
09/04/2022,JAN,MS,ASO,ES,Combined TRACON& Tower with Radar,30,5,6,6,47,0,3,1,0,4,30,8,7,6,51,0,6,6,57
09/05/2022,JAN,MS,ASO,ES,Combined TRACON& Tower with Radar,51,13,17,0,81,0,1,2,0,3,51,14,19,0,84,6,0,6,90
09/06/2022,JAN,MS,ASO,ES,Combined TRACON& Tower with Radar,42,14,22,40,118,0,0,5,0,5,42,14,27,40,123,0,46,46,169
09/07/2022,JAN,MS,ASO,ES,Combined TRACON& Tower with Radar,39,19,30,52,140,0,1,4,1,6,39,20,34,53,146,4,56,60,206
09/08/2022,JAN,MS,ASO,ES,Combined TRACON& Tower with Radar,43,22,19,22,106,0,0,1,2,3,43,22,20,24,109,6,74,80,189
09/09/2022,JAN,MS,ASO,ES,Combined TRACON& Tower with Radar,46,17,28,39,130,0,0,2,4,6,46,17,30,43,136,0,100,100,236
09/10/2022,JAN,MS,ASO,ES,Combined TRACON& Tower with Radar,36,15,16,11,78,0,0,1,0,1,36,15,17,11,79,0,0,0,79
09/11/2022,JAN,MS,ASO,ES,Combined TRACON& Tower with Radar,40,32,18,4,94,0,0,3,0,3,40,32,21,4,97,0,0,0,97
09/12/2022,JAN,MS,ASO,ES,Combined TRACON& Tower with Radar,44,15,25,61,145,0,5,5,5,15,44,20,30,66,160,0,0,0,160
09/13/2022,JAN,MS,ASO,ES,Combined TRACON& Tower with Radar,39,27,20,35,121,0,5,4,4,13,39,32,24,39,134,0,104,104,238
09/14/2022,JAN,MS,ASO,ES,Combined TRACON& Tower with Radar,41,19,22,58,140,0,7,6,16,29,41,26,28,74,169,8,124,132,301
09/15/2022,JAN,MS,ASO,ES,Combined TRACON& Tower with Radar,44,39,24,48,155,0,1,7,10,18,44,40,31,58,173,2,124,126,299
09/16/2022,JAN,MS,ASO,ES,Combined TRACON& Tower with Radar,45,23,23,40,131,0,7,10,5,22,45,30,33,45,153,16,132,148,301
09/17/2022,JAN,MS,ASO,ES,Combined TRACON& Tower with Radar,34,13,7,3,57,0,0,5,1,6,34,13,12,4,63,2,0,2,65
09/18/2022,JAN,MS,ASO,ES,Combined TRACON& Tower with Radar,41,13,12,18,84,0,4,5,6,15,41,17,17,24,99,10,26,36,135
09/19/2022,JAN,MS,ASO,ES,Combined TRACON& Tower with Radar,44,14,33,40,131,0,3,11,5,19,44,17,44,45,150,2,96,98,248
09/20/2022,JAN,MS,ASO,ES,Combined TRACON& Tower with Radar,45,34,23,35,137,0,2,10,3,15,45,36,33,38,152,16,76,92,244
09/21/2022,JAN,MS,ASO,ES,Combined TRACON& Tower with Radar,50,19,31,45,145,0,1,6,6,13,50,20,37,51,158,0,84,84,242
09/22/2022,JAN,MS,ASO,ES,Combined TRACON& Tower with Radar,45,17,26,34,122,0,3,4,11,18,45,20,30,45,140,8,86,94,234
09/23/2022,JAN,MS,ASO,ES,Combined TRACON& Tower with Radar,46,12,28,41,127,0,1,5,5,11,46,13,33,46,138,4,50,54,192
09/24/2022,JAN,MS,ASO,ES,Combined TRACON& Tower with Radar,35,9,12,6,62,0,4,6,1,11,35,13,18,7,73,8,4,12,85
09/25/2022,JAN,MS,ASO,ES,Combined TRACON& Tower with Radar,42,9,13,8,72,0,1,6,5,12,42,10,19,13,84,20,0,20,104
09/26/2022,JAN,MS,ASO,ES,Combined TRACON& Tower with Radar,43,29,34,29,135,0,2,4,2,8,43,31,38,31,143,2,34,36,179
09/27/2022,JAN,MS,ASO,ES,Combined TRACON& Tower with Radar,41,28,30,66,165,0,2,13,13,28,41,30,43,79,193,8,82,90,283
09/28/2022,JAN,MS,ASO,ES,Combined TRACON& Tower with Radar,49,32,27,64,172,0,4,4,7,15,49,36,31,71,187,4,104,108,295
09/29/2022,JAN,MS,ASO,ES,Combined TRACON& Tower with Radar,43,28,24,104,199,0,1,7,9,17,43,29,31,113,216,2,128,130,346
09/30/2022,JAN,MS,ASO,ES,Combined TRACON& Tower with Radar,41,30,13,50,134,0,2,1,3,6,41,32,14,53,140,8,64,72,212
10/01/2022,JAN,MS,ASO,ES,Combined TRACON& Tower with Radar,33,9,7,9,58,0,2,5,1,8,33,11,12,10,66,10,8,18,84
10/02/2022,JAN,MS,ASO,ES,Combined TRACON& Tower with Radar,43,20,14,7,84,0,3,2,0,5,43,23,16,7,89,2,4,6,95
10/03/2022,JAN,MS,ASO,ES,Combined TRACON& Tower with Radar,44,21,17,21,103,0,3,3,2,8,44,24,20,23,111,2,34,36,147
10/04/2022,JAN,MS,ASO,ES,Combined TRACON& Tower with Radar,40,19,22,73,154,0,1,4,2,7,40,20,26,75,161,16,116,132,293
10/05/2022,JAN,MS,ASO,ES,Combined TRACON& Tower with Radar,39,19,20,33,111,0,2,4,3,9,39,21,24,36,120,4,58,62,182
10/06/2022,JAN,MS,ASO,ES,Combined TRACON& Tower with Radar,44,32,17,22,115,0,3,5,6,14,44,35,22,28,129,0,22,22,151
10/07/2022,JAN,MS,ASO,ES,Combined TRACON& Tower with Radar,45,19,29,29,122,0,3,6,3,12,45,22,35,32,134,2,48,50,184
10/08/2022,JAN,MS,ASO,ES,Combined TRACON& Tower with Radar,38,15,10,0,63,0,0,1,0,1,38,15,11,0,64,6,0,6,70
10/09/2022,JAN,MS,ASO,ES,Combined TRACON& Tower with Radar,43,22,9,9,83,0,2,0,0,2,43,24,9,9,85,12,4,16,101
10/10/2022,JAN,MS,ASO,ES,Combined TRACON& Tower with Radar,46,15,21,1,83,0,0,3,1,4,46,15,24,2,87,8,0,8,95
10/11/2022,JAN,MS,ASO,ES,Combined TRACON& Tower with Radar,43,16,29,22,110,0,1,3,4,8,43,17,32,26,118,2,50,52,170
10/12/2022,JAN,MS,ASO,ES,Combined TRACON& Tower with Radar,43,13,15,38,109,0,1,2,5,8,43,14,17,43,117,0,40,40,157
10/13/2022,JAN,MS,ASO,ES,Combined TRACON& Tower with Radar,46,25,20,45,136,0,5,13,13,31,46,30,33,58,167,0,76,76,243
10/14/2022,JAN,MS,ASO,ES,Combined TRACON& Tower with Radar,47,19,13,55,134,0,5,4,16,25,47,24,17,71,159,6,0,6,165
10/15/2022,JAN,MS,ASO,ES,Combined TRACON& Tower with Radar,38,7,10,0,55,0,2,3,0,5,38,9,13,0,60,4,84,88,148
10/16/2022,JAN,MS,ASO,ES,Combined TRACON& Tower with Radar,43,14,16,3,76,0,6,5,0,11,43,20,21,3,87,22,0,22,109
10/17/2022,JAN,MS,ASO,ES,Combined TRACON& Tower with Radar,40,17,21,14,92,0,3,2,0,5,40,20,23,14,97,22,20,42,139
10/18/2022,JAN,MS,ASO,ES,Combined TRACON& Tower with Radar,44,23,31,72,170,0,1,5,13,19,44,24,36,85,189,4,44,48,237
10/19/2022,JAN,MS,ASO,ES,Combined TRACON& Tower with Radar,44,27,27,37,135,0,4,6,9,19,44,31,33,46,154,22,46,68,222
10/20/2022,JAN,MS,ASO,ES,Combined TRACON& Tower with Radar,46,20,28,24,118,0,2,4,5,11,46,22,32,29,129,4,12,16,145
10/21/2022,JAN,MS,ASO,ES,Combined TRACON& Tower with Radar,46,27,22,4,99,0,3,3,3,9,46,30,25,7,108,4,14,18,126
10/22/2022,JAN,MS,ASO,ES,Combined TRACON& Tower with Radar,39,16,7,2,64,0,4,5,0,9,39,20,12,2,73,8,4,12,85
10/23/2022,JAN,MS,ASO,ES,Combined TRACON& Tower with Radar,41,11,13,2,67,0,3,7,0,10,41,14,20,2,77,8,2,10,87
10/24/2022,JAN,MS,ASO,ES,Combined TRACON& Tower with Radar,42,24,26,23,115,0,2,8,8,18,42,26,34,31,133,6,60,66,199
10/25/2022,JAN,MS,ASO,ES,Combined TRACON& Tower with Radar,45,12,27,14,98,0,2,0,1,3,45,14,27,15,101,2,0,2,103
10/26/2022,JAN,MS,ASO,ES,Combined TRACON& Tower with Radar,45,18,34,43,140,0,3,5,20,28,45,21,39,63,168,2,132,134,302
10/27/2022,JAN,MS,ASO,ES,Combined TRACON& Tower with Radar,43,32,25,10,110,0,5,4,4,13,43,37,29,14,123,0,40,40,163
10/28/2022,JAN,MS,ASO,ES,Combined TRACON& Tower with Radar,42,34,31,41,148,0,3,4,7,14,42,37,35,48,162,2,0,2,164
10/29/2022,JAN,MS,ASO,ES,Combined TRACON& Tower with Radar,33,22,5,0,60,0,0,0,0,0,33,22,5,0,60,0,0,0,60
10/30/2022,JAN,MS,ASO,ES,Combined TRACON& Tower with Radar,42,17,15,3,77,0,0,8,1,9,42,17,23,4,86,4,2,6,92
10/31/2022,JAN,MS,ASO,ES,Combined TRACON& Tower with Radar,36,14,30,62,142,0,4,8,1,13,36,18,38,63,155,24,100,124,279
11/01/2022,JAN,MS,ASO,ES,Combined TRACON& Tower with Radar,44,17,23,41,125,0,5,5,2,12,44,22,28,43,137,6,58,64,201
11/02/2022,JAN,MS,ASO,ES,Combined TRACON& Tower with Radar,43,36,22,36,137,0,11,4,21,36,43,47,26,57,173,2,58,60,233
11/03/2022,JAN,MS,ASO,ES,Combined TRACON& Tower with Radar,44,30,23,52,149,0,4,7,6,17,44,34,30,58,166,2,28,30,196
11/04/2022,JAN,MS,ASO,ES,Combined TRACON& Tower with Radar,44,14,12,44,114,0,1,2,0,3,44,15,14,44,117,0,22,22,139
11/05/2022,JAN,MS,ASO,ES,Combined TRACON& Tower with Radar,32,7,5,0,44,0,0,1,0,1,32,7,6,0,45,0,0,0,45
11/06/2022,JAN,MS,ASO,ES,Combined TRACON& Tower with Radar,40,15,19,18,92,0,2,0,6,8,40,17,19,24,100,8,80,88,188
11/07/2022,JAN,MS,ASO,ES,Combined TRACON& Tower with Radar,43,12,24,34,113,0,3,3,5,11,43,15,27,39,124,2,58,60,184
11/08/2022,JAN,MS,ASO,ES,Combined TRACON& Tower with Radar,42,18,29,48,137,0,1,3,7,11,42,19,32,55,148,2,54,56,204
11/09/2022,JAN,MS,ASO,ES,Combined TRACON& Tower with Radar,43,35,33,30,141,0,2,5,11,18,43,37,38,41,159,8,94,102,261
11/10/2022,JAN,MS,ASO,ES,Combined TRACON& Tower with Radar,41,20,31,43,135,0,2,5,12,19,41,22,36,55,154,2,44,46,200
11/11/2022,JAN,MS,ASO,ES,Combined TRACON& Tower with Radar,44,20,16,6,86,0,5,6,1,12,44,25,22,7,98,4,6,10,108
11/12/2022,JAN,MS,ASO,ES,Combined TRACON& Tower with Radar,40,8,2,16,66,0,2,0,0,2,40,10,2,16,68,2,12,14,82
11/13/2022,JAN,MS,ASO,ES,Combined TRACON& Tower with Radar,45,20,12,0,77,0,0,6,0,6,45,20,18,0,83,6,4,10,93
11/14/2022,JAN,MS,ASO,ES,Combined TRACON& Tower with Radar,42,25,14,11,92,0,4,0,0,4,42,29,14,11,96,0,26,26,122
11/15/2022,JAN,MS,ASO,ES,Combined TRACON& Tower with Radar,43,37,14,87,181,0,0,0,1,1,43,37,14,88,182,0,40,40,222
11/16/2022,JAN,MS,ASO,ES,Combined TRACON& Tower with Radar,47,23,34,70,174,0,2,2,3,7,47,25,36,73,181,2,56,58,239
11/17/2022,JAN,MS,ASO,ES,Combined TRACON& Tower with Radar,43,35,42,91,211,0,1,4,18,23,43,36,46,109,234,12,88,100,334
11/18/2022,JAN,MS,ASO,ES,Combined TRACON& Tower with Radar,48,20,24,14,106,0,2,1,0,3,48,22,25,14,109,22,6,28,137
11/19/2022,JAN,MS,ASO,ES,Combined TRACON& Tower with Radar,34,14,21,13,82,0,0,10,2,12,34,14,31,15,94,0,0,0,94
11/20/2022,JAN,MS,ASO,ES,Combined TRACON& Tower with Radar,46,12,12,1,71,0,1,8,0,9,46,13,20,1,80,16,16,32,112
11/21/2022,JAN,MS,ASO,ES,Combined TRACON& Tower with Radar,42,24,13,24,103,0,5,5,5,15,42,29,18,29,118,4,68,72,190
11/22/2022,JAN,MS,ASO,ES,Combined TRACON& Tower with Radar,44,39,18,57,158,0,0,10,10,20,44,39,28,67,178,0,0,0,178
11/23/2022,JAN,MS,ASO,ES,Combined TRACON& Tower with Radar,44,26,10,40,120,0,1,9,3,13,44,27,19,43,133,0,0,0,133
11/24/2022,JAN,MS,ASO,ES,Combined TRACON& Tower with Radar,25,8,1,1,35,0,0,0,0,0,25,8,1,1,35,0,0,0,35
11/25/2022,JAN,MS,ASO,ES,Combined TRACON& Tower with Radar,40,15,14,0,69,0,0,0,0,0,40,15,14,0,69,0,0,0,69
11/26/2022,JAN,MS,ASO,ES,Combined TRACON& Tower with Radar,41,15,6,0,62,0,0,0,0,0,41,15,6,0,62,0,94,94,156
11/27/2022,JAN,MS,ASO,ES,Combined TRACON& Tower with Radar,46,14,17,0,77,0,1,1,0,2,46,15,18,0,79,0,0,0,79
11/28/2022,JAN,MS,ASO,ES,Combined TRACON& Tower with Radar,43,14,34,24,115,0,1,14,4,19,43,15,48,28,134,0,102,102,236
11/29/2022,JAN,MS,ASO,ES,Combined TRACON& Tower with Radar,43,9,7,9,68,0,1,0,1,2,43,10,7,10,70,0,6,6,76
11/30/2022,JAN,MS,ASO,ES,Combined TRACON& Tower with Radar,43,11,25,44,123,0,5,3,4,12,43,16,28,48,135,0,14,14,149
12/01/2022,JAN,MS,ASO,ES,Combined TRACON& Tower with Radar,41,19,16,59,135,0,4,4,4,12,41,23,20,63,147,0,48,48,195
12/02/2022,JAN,MS,ASO,ES,Combined TRACON& Tower with Radar,40,13,17,40,110,0,3,3,11,17,40,16,20,51,127,0,40,40,167
12/03/2022,JAN,MS,ASO,ES,Combined TRACON& Tower with Radar,34,16,11,12,73,0,0,2,0,2,34,16,13,12,75,2,0,2,77
12/04/2022,JAN,MS,ASO,ES,Combined TRACON& Tower with Radar,38,9,14,18,79,0,1,1,1,3,38,10,15,19,82,4,8,12,94
12/05/2022,JAN,MS,ASO,ES,Combined TRACON& Tower with Radar,42,18,22,44,126,0,0,4,0,4,42,18,26,44,130,0,0,0,130
12/06/2022,JAN,MS,ASO,ES,Combined TRACON& Tower with Radar,38,27,23,60,148,0,6,4,10,20,38,33,27,70,168,0,86,86,254
12/07/2022,JAN,MS,ASO,ES,Combined TRACON& Tower with Radar,45,19,15,103,182,0,3,6,7,16,45,22,21,110,198,2,18,20,218
12/08/2022,JAN,MS,ASO,ES,Combined TRACON& Tower with Radar,42,34,31,86,193,0,14,1,1,16,42,48,32,87,209,0,84,84,293
12/09/2022,JAN,MS,ASO,ES,Combined TRACON& Tower with Radar,39,16,35,58,148,0,1,3,0,4,39,17,38,58,152,24,54,78,230
12/10/2022,JAN,MS,ASO,ES,Combined TRACON& Tower with Radar,36,8,19,10,73,0,0,2,0,2,36,8,21,10,75,0,0,0,75
12/11/2022,JAN,MS,ASO,ES,Combined TRACON& Tower with Radar,43,26,19,4,92,0,0,1,0,1,43,26,20,4,93,0,24,24,117
12/12/2022,JAN,MS,ASO,ES,Combined TRACON& Tower with Radar,41,35,30,1,107,0,0,0,0,0,41,35,30,1,107,2,2,4,111
12/13/2022,JAN,MS,ASO,ES,Combined TRACON& Tower with Radar,43,25,23,18,109,0,0,0,0,0,43,25,23,18,109,0,0,0,109
12/14/2022,JAN,MS,ASO,ES,Combined TRACON& Tower with Radar,52,10,20,6,88,0,0,1,0,1,52,10,21,6,89,2,106,108,197
12/15/2022,JAN,MS,ASO,ES,Combined TRACON& Tower with Radar,44,44,13,59,160,0,5,7,15,27,44,49,20,74,187,2,130,132,319
12/16/2022,JAN,MS,ASO,ES,Combined TRACON& Tower with Radar,43,15,18,38,114,0,1,5,4,10,43,16,23,42,124,16,18,34,158
12/17/2022,JAN,MS,ASO,ES,Combined TRACON& Tower with Radar,38,8,10,11,67,0,1,1,3,5,38,9,11,14,72,0,8,8,80
12/18/2022,JAN,MS,ASO,ES,Combined TRACON& Tower with Radar,44,13,17,11,85,0,0,7,1,8,44,13,24,12,93,14,4,18,111
12/19/2022,JAN,MS,ASO,ES,Combined TRACON& Tower with Radar,42,13,17,6,78,0,0,0,1,1,42,13,17,7,79,0,50,50,129
12/20/2022,JAN,MS,ASO,ES,Combined TRACON& Tower with Radar,47,12,21,5,85,0,0,0,0,0,47,12,21,5,85,0,0,0,85
12/21/2022,JAN,MS,ASO,ES,Combined TRACON& Tower with Radar,42,12,15,18,87,0,0,0,0,0,42,12,15,18,87,0,0,0,87
12/22/2022,JAN,MS,ASO,ES,Combined TRACON& Tower with Radar,40,18,16,8,82,0,0,0,0,0,40,18,16,8,82,5,2,7,89
12/23/2022,JAN,MS,ASO,ES,Combined TRACON& Tower with Radar,35,14,7,1,57,0,1,3,0,4,35,15,10,1,61,0,0,0,61
12/24/2022,JAN,MS,ASO,ES,Combined TRACON& Tower with Radar,25,9,1,0,35,0,3,4,0,7,25,12,5,0,42,0,0,0,42
12/25/2022,JAN,MS,ASO,ES,Combined TRACON& Tower with Radar,22,9,1,0,32,0,4,6,0,10,22,13,7,0,42,0,0,0,42
12/26/2022,JAN,MS,ASO,ES,Combined TRACON& Tower with Radar,28,9,11,0,48,0,3,3,1,7,28,12,14,1,55,0,0,0,55
12/27/2022,JAN,MS,ASO,ES,Combined TRACON& Tower with Radar,33,11,14,9,67,0,1,6,0,7,33,12,20,9,74,8,8,16,90
12/28/2022,JAN,MS,ASO,ES,Combined TRACON& Tower with Radar,32,15,14,4,65,0,2,6,1,9,32,17,20,5,74,0,4,4,78
12/29/2022,JAN,MS,ASO,ES,Combined TRACON& Tower with Radar,34,17,33,6,90,0,3,2,0,5,34,20,35,6,95,0,0,0,95
12/30/2022,JAN,MS,ASO,ES,Combined TRACON& Tower with Radar,43,9,7,0,59,0,0,0,0,0,43,9,7,0,59,0,0,0,59
12/31/2022,JAN,MS,ASO,ES,Combined TRACON& Tower with Radar,29,6,11,0,46,0,3,1,0,4,29,9,12,0,50,0,0,0,50
01/01/2023,JAN,MS,ASO,ES,Combined TRACON& Tower with Radar,37,7,22,0,66,0,3,0,0,3,37,10,22,0,69,0,0,0,69
01/02/2023,JAN,MS,ASO,ES,Combined TRACON& Tower with Radar,39,20,18,0,77,0,0,1,0,1,39,20,19,0,78,0,0,0,78
01/03/2023,JAN,MS,ASO,ES,Combined TRACON& Tower with Radar,40,18,5,6,69,0,1,0,0,1,40,19,5,6,70,0,0,0,70
01/04/2023,JAN,MS,ASO,ES,Combined TRACON& Tower with Radar,40,27,17,53,137,0,4,10,9,23,40,31,27,62,160,0,52,52,212
01/05/2023,JAN,MS,ASO,ES,Combined TRACON& Tower with Radar,39,19,13,43,114,0,3,6,12,21,39,22,19,55,135,2,56,58,193
01/06/2023,JAN,MS,ASO,ES,Combined TRACON& Tower with Radar,41,15,22,28,106,0,1,11,6,18,41,16,33,34,124,0,102,102,226
01/07/2023,JAN,MS,ASO,ES,Combined TRACON& Tower with Radar,33,6,8,16,63,0,1,5,0,6,33,7,13,16,69,38,0,38,107
01/08/2023,JAN,MS,ASO,ES,Combined TRACON& Tower with Radar,39,6,6,9,60,0,0,0,0,0,39,6,6,9,60,0,0,0,60
01/09/2023,JAN,MS,ASO,ES,Combined TRACON& Tower with Radar,39,9,19,42,109,0,7,5,10,22,39,16,24,52,131,0,54,54,185
01/10/2023,JAN,MS,ASO,ES,Combined TRACON& Tower with Radar,35,20,24,34,113,0,2,5,17,24,35,22,29,51,137,0,0,0,137
01/11/2023,JAN,MS,ASO,ES,Combined TRACON& Tower with Radar,37,7,22,31,97,0,2,1,0,3,37,9,23,31,100,0,26,26,126
01/12/2023,JAN,MS,ASO,ES,Combined TRACON& Tower with Radar,37,18,29,49,133,0,1,4,0,5,37,19,33,49,138,0,0,0,138
01/13/2023,JAN,MS,ASO,ES,Combined TRACON& Tower with Radar,42,14,14,41,111,0,1,4,2,7,42,15,18,43,118,0,0,0,118
01/14/2023,JAN,MS,ASO,ES,Combined TRACON& Tower with Radar,27,9,3,13,52,0,0,10,0,10,27,9,13,13,62,0,0,0,62
01/15/2023,JAN,MS,ASO,ES,Combined TRACON& Tower with Radar,40,9,7,3,59,0,0,5,0,5,40,9,12,3,64,0,0,0,64
01/16/2023,JAN,MS,ASO,ES,Combined TRACON& Tower with Radar,42,12,19,5,78,0,1,6,0,7,42,13,25,5,85,0,0,0,85
01/17/2023,JAN,MS,ASO,ES,Combined TRACON& Tower with Radar,34,13,26,24,97,0,1,3,1,5,34,14,29,25,102,0,0,0,102
01/18/2023,JAN,MS,ASO,ES,Combined TRACON& Tower with Radar,37,15,26,20,98,0,1,0,5,6,37,16,26,25,104,0,0,0,104
01/19/2023,JAN,MS,ASO,ES,Combined TRACON& Tower with Radar,41,9,21,25,96,0,4,9,9,22,41,13,30,34,118,0,12,12,130
01/20/2023,JAN,MS,ASO,ES,Combined TRACON& Tower with Radar,42,15,25,33,115,0,1,3,10,14,42,16,28,43,129,6,71,77,206
01/21/2023,JAN,MS,ASO,ES,Combined TRACON& Tower with Radar,27,5,2,10,44,0,0,0,0,0,27,5,2,10,44,0,0,0,44
01/22/2023,JAN,MS,ASO,ES,Combined TRACON& Tower with Radar,40,7,14,24,85,0,6,3,2,11,40,13,17,26,96,2,0,2,98
01/23/2023,JAN,MS,ASO,ES,Combined TRACON& Tower with Radar,39,18,16,26,99,0,4,3,12,19,39,22,19,38,118,0,45,45,163
01/24/2023,JAN,MS,ASO,ES,Combined TRACON& Tower with Radar,35,9,20,4,68,0,1,0,5,6,35,10,20,9,74,0,7,7,81
01/25/2023,JAN,MS,ASO,ES,Combined TRACON& Tower with Radar,39,18,26,21,104,0,0,0,0,0,39,18,26,21,104,4,16,20,124
01/26/2023,JAN,MS,ASO,ES,Combined TRACON& Tower with Radar,40,19,11,71,141,0,0,6,8,14,40,19,17,79,155,10,50,60,215
01/27/2023,JAN,MS,ASO,ES,Combined TRACON& Tower with Radar,41,14,20,27,102,0,1,6,5,12,41,15,26,32,114,6,30,36,150
01/28/2023,JAN,MS,ASO,ES,Combined TRACON& Tower with Radar,28,8,5,2,43,0,1,4,0,5,28,9,9,2,48,8,0,8,56
01/29/2023,JAN,MS,ASO,ES,Combined TRACON& Tower with Radar,40,11,6,0,57,0,0,0,0,0,40,11,6,0,57,0,0,0,57
01/30/2023,JAN,MS,ASO,ES,Combined TRACON& Tower with Radar,38,11,7,5,61,0,0,0,0,0,38,11,7,5,61,0,0,0,61
01/31/2023,JAN,MS,ASO,ES,Combined TRACON& Tower with Radar,33,9,9,6,57,0,0,0,0,0,33,9,9,6,57,0,0,0,57
02/01/2023,JAN,MS,ASO,ES,Combined TRACON& Tower with Radar,33,13,13,11,70,0,0,0,0,0,33,13,13,11,70,0,0,0,70
02/02/2023,JAN,MS,ASO,ES,Combined TRACON& Tower with Radar,39,9,9,6,63,0,0,0,0,0,39,9,9,6,63,0,0,0,63
02/03/2023,JAN,MS,ASO,ES,Combined TRACON& Tower with Radar,45,17,18,24,104,0,1,8,2,11,45,18,26,26,115,32,5,37,152
02/04/2023,JAN,MS,ASO,ES,Combined TRACON& Tower with Radar,35,7,10,10,62,0,4,7,2,13,35,11,17,12,75,36,0,36,111
02/05/2023,JAN,MS,ASO,ES,Combined TRACON& Tower with Radar,47,13,8,24,92,0,2,13,4,19,47,15,21,28,111,12,2,14,125
02/06/2023,JAN,MS,ASO,ES,Combined TRACON& Tower with Radar,46,16,30,19,111,0,2,15,9,26,46,18,45,28,137,3,95,98,235
02/07/2023,JAN,MS,ASO,ES,Combined TRACON& Tower with Radar,39,14,23,36,112,0,3,5,0,8,39,17,28,36,120,0,77,77,197
02/08/2023,JAN,MS,ASO,ES,Combined TRACON& Tower with Radar,42,29,11,9,91,0,1,0,2,3,42,30,11,11,94,0,16,16,110
02/09/2023,JAN,MS,ASO,ES,Combined TRACON& Tower with Radar,45,26,30,47,148,0,1,10,15,26,45,27,40,62,174,0,64,64,238
02/10/2023,JAN,MS,ASO,ES,Combined TRACON& Tower with Radar,44,14,21,32,111,0,1,9,3,13,44,15,30,35,124,0,30,30,154
02/11/2023,JAN,MS,ASO,ES,Combined TRACON& Tower with Radar,36,11,11,0,58,0,0,6,0,6,36,11,17,0,64,2,0,2,66
02/12/2023,JAN,MS,ASO,ES,Combined TRACON& Tower with Radar,40,18,13,9,80,0,2,6,5,13,40,20,19,14,93,0,0,0,93
02/13/2023,JAN,MS,ASO,ES,Combined TRACON& Tower with Radar,43,14,34,25,116,0,0,15,6,21,43,14,49,31,137,0,31,31,168
02/14/2023,JAN,MS,ASO,ES,Combined TRACON& Tower with Radar,39,15,15,48,117,0,0,6,9,15,39,15,21,57,132,10,8,18,150
02/15/2023,JAN,MS,ASO,ES,Combined TRACON& Tower with Radar,42,13,15,22,92,0,2,5,1,8,42,15,20,23,100,0,20,20,120
02/16/2023,JAN,MS,ASO,ES,Combined TRACON& Tower with Radar,43,13,6,2,64,0,0,0,0,0,43,13,6,2,64,0,0,0,64
02/17/2023,JAN,MS,ASO,ES,Combined TRACON& Tower with Radar,45,20,14,39,118,0,3,5,2,10,45,23,19,41,128,8,45,53,181
02/18/2023,JAN,MS,ASO,ES,Combined TRACON& Tower with Radar,32,12,16,0,60,0,4,4,0,8,32,16,20,0,68,0,0,0,68
02/19/2023,JAN,MS,ASO,ES,Combined TRACON& Tower with Radar,42,9,13,0,64,0,7,7,0,14,42,16,20,0,78,6,0,6,84
02/20/2023,JAN,MS,ASO,ES,Combined TRACON& Tower with Radar,42,19,15,0,76,0,1,3,0,4,42,20,18,0,80,0,0,0,80
02/21/2023,JAN,MS,ASO,ES,Combined TRACON& Tower with Radar,40,11,14,23,88,0,2,2,2,6,40,13,16,25,94,0,20,20,114
02/22/2023,JAN,MS,ASO,ES,Combined TRACON& Tower with Radar,43,19,25,20,107,0,3,1,3,7,43,22,26,23,114,0,18,18,132
02/23/2023,JAN,MS,ASO,ES,Combined TRACON& Tower with Radar,44,22,18,23,107,0,5,3,1,9,44,27,21,24,116,12,36,48,164
02/24/2023,JAN,MS,ASO,ES,Combined TRACON& Tower with Radar,46,18,19,51,134,0,2,3,5,10,46,20,22,56,144,18,17,35,179
02/25/2023,JAN,MS,ASO,ES,Combined TRACON& Tower with Radar,35,10,7,9,61,0,2,2,0,4,35,12,9,9,65,0,58,58,123
02/26/2023,JAN,MS,ASO,ES,Combined TRACON& Tower with Radar,46,15,8,7,76,0,2,1,1,4,46,17,9,8,80,0,0,0,80
02/27/2023,JAN,MS,ASO,ES,Combined TRACON& Tower with Radar,44,12,13,3,72,0,3,3,0,6,44,15,16,3,78,0,2,2,80
02/28/2023,JAN,MS,ASO,ES,Combined TRACON& Tower with Radar,41,28,18,40,127,0,3,12,10,25,41,31,30,50,152,5,134,139,291
03/01/2023,JAN,MS,ASO,ES,Combined TRACON& Tower with Radar,40,19,19,31,109,0,0,4,0,4,40,19,23,31,113,4,13,17,130
03/02/2023,JAN,MS,ASO,ES,Combined TRACON& Tower with Radar,40,23,25,75,163,0,2,5,1,8,40,25,30,76,171,0,113,113,284
03/03/2023,JAN,MS,ASO,ES,Combined TRACON& Tower with Radar,47,20,8,5,80,0,3,4,2,9,47,23,12,7,89,0,4,4,93
03/04/2023,JAN,MS,ASO,ES,Combined TRACON& Tower with Radar,34,15,11,10,70,0,6,6,0,12,34,21,17,10,82,0,0,0,82
03/05/2023,JAN,MS,ASO,ES,Combined TRACON& Tower with Radar,45,10,8,21,84,0,5,6,6,17,45,15,14,27,101,0,0,0,101
03/06/2023,JAN,MS,ASO,ES,Combined TRACON& Tower with Radar,42,11,19,42,114,0,2,5,0,7,42,13,24,42,121,5,0,5,126
03/07/2023,JAN,MS,ASO,ES,Combined TRACON& Tower with Radar,37,18,21,33,109,0,1,2,5,8,37,19,23,38,117,2,35,37,154
03/08/2023,JAN,MS,ASO,ES,Combined TRACON& Tower with Radar,41,16,24,31,112,0,0,2,3,5,41,16,26,34,117,5,38,43,160
03/09/2023,JAN,MS,ASO,ES,Combined TRACON& Tower with Radar,42,12,20,49,123,0,3,4,5,12,42,15,24,54,135,14,39,53,188
03/10/2023,JAN,MS,ASO,ES,Combined TRACON& Tower with Radar,45,19,20,17,101,0,0,2,6,8,45,19,22,23,109,0,0,0,109
03/11/2023,JAN,MS,ASO,ES,Combined TRACON& Tower with Radar,39,10,11,0,60,0,1,0,2,3,39,11,11,2,63,4,0,4,67
03/12/2023,JAN,MS,ASO,ES,Combined TRACON& Tower with Radar,45,10,9,1,65,0,0,0,0,0,45,10,9,1,65,0,0,0,65
03/13/2023,JAN,MS,ASO,ES,Combined TRACON& Tower with Radar,45,16,22,43,126,0,0,12,7,19,45,16,34,50,145,3,46,49,194
03/14/2023,JAN,MS,ASO,ES,Combined TRACON& Tower with Radar,37,21,10,22,90,0,4,8,9,21,37,25,18,31,111,0,30,30,141
03/15/2023,JAN,MS,ASO,ES,Combined TRACON& Tower with Radar,39,15,14,40,108,0,4,4,5,13,39,19,18,45,121,6,60,66,187
03/16/2023,JAN,MS,ASO,ES,Combined TRACON& Tower with Radar,41,13,12,47,113,0,8,5,6,19,41,21,17,53,132,0,96,96,228
03/17/2023,JAN,MS,ASO,ES,Combined TRACON& Tower with Radar,42,14,11,7,74,0,5,1,0,6,42,19,12,7,80,0,0,0,80
03/18/2023,JAN,MS,ASO,ES,Combined TRACON& Tower with Radar,36,13,12,3,64,0,3,6,1,10,36,16,18,4,74,0,0,0,74
03/19/2023,JAN,MS,ASO,ES,Combined TRACON& Tower with Radar,43,10,17,3,73,0,1,11,0,12,43,11,28,3,85,4,0,4,89
03/20/2023,JAN,MS,ASO,ES,Combined TRACON& Tower with Radar,44,22,18,25,109,0,5,12,2,19,44,27,30,27,128,0,9,9,137
03/21/2023,JAN,MS,ASO,ES,Combined TRACON& Tower with Radar,39,22,21,17,99,0,1,6,6,13,39,23,27,23,112,0,26,26,138
03/22/2023,JAN,MS,ASO,ES,Combined TRACON& Tower with Radar,39,25,27,49,140,0,7,4,7,18,39,32,31,56,158,0,48,48,206
03/23/2023,JAN,MS,ASO,ES,Combined TRACON& Tower with Radar,43,13,28,9,93,0,3,8,0,11,43,16,36,9,104,2,0,2,106
03/24/2023,JAN,MS,ASO,ES,Combined TRACON& Tower with Radar,47,14,34,13,108,0,0,0,1,1,47,14,34,14,109,0,0,0,109
03/25/2023,JAN,MS,ASO,ES,Combined TRACON& Tower with Radar,37,16,13,6,72,0,0,8,2,10,37,16,21,8,82,0,10,10,92
03/26/2023,JAN,MS,ASO,ES,Combined TRACON& Tower with Radar,42,19,10,2,73,0,2,2,0,4,42,21,12,2,77,0,0,0,77
03/27/2023,JAN,MS,ASO,ES,Combined TRACON& Tower with Radar,41,11,16,8,76,0,3,3,1,7,41,14,19,9,83,0,16,16,99
03/28/2023,JAN,MS,ASO,ES,Combined TRACON& Tower with Radar,42,17,19,25,103,0,10,7,11,28,42,27,26,36,131,1,46,47,178
03/29/2023,JAN,MS,ASO,ES,Combined TRACON& Tower with Radar,41,13,17,46,117,0,5,11,4,20,41,18,28,50,137,0,26,26,163
03/30/2023,JAN,MS,ASO,ES,Combined TRACON& Tower with Radar,45,14,26,24,109,0,1,4,14,19,45,15,30,38,128,0,34,34,162
03/31/2023,JAN,MS,ASO,ES,Combined TRACON& Tower with Radar,42,11,8,8,69,0,2,0,1,3,42,13,8,9,72,0,0,0,72
04/01/2023,JAN,MS,ASO,ES,Combined TRACON& Tower with Radar,38,7,6,7,58,0,1,0,1,2,38,8,6,8,60,10,0,10,70
04/02/2023,JAN,MS,ASO,ES,Combined TRACON& Tower with Radar,43,10,12,11,76,0,6,6,2,14,43,16,18,13,90,1,0,1,91
04/03/2023,JAN,MS,ASO,ES,Combined TRACON& Tower with Radar,44,23,16,57,140,0,0,0,2,2,44,23,16,59,142,8,27,35,177
04/04/2023,JAN,MS,ASO,ES,Combined TRACON& Tower with Radar,42,18,16,27,103,0,2,6,16,24,42,20,22,43,127,0,92,92,219
04/05/2023,JAN,MS,ASO,ES,Combined TRACON& Tower with Radar,40,11,12,29,92,0,1,2,1,4,40,12,14,30,96,0,8,8,104
04/06/2023,JAN,MS,ASO,ES,Combined TRACON& Tower with Radar,41,10,16,21,88,0,0,2,0,2,41,10,18,21,90,1,14,15,105
04/07/2023,JAN,MS,ASO,ES,Combined TRACON& Tower with Radar,46,13,9,5,73,0,0,0,0,0,46,13,9,5,73,0,0,0,73
04/08/2023,JAN,MS,ASO,ES,Combined TRACON& Tower with Radar,32,11,8,0,51,0,0,0,0,0,32,11,8,0,51,0,0,0,51
04/09/2023,JAN,MS,ASO,ES,Combined TRACON& Tower with Radar,44,14,5,2,65,0,2,1,0,3,44,16,6,2,68,0,0,0,68
04/10/2023,JAN,MS,ASO,ES,Combined TRACON& Tower with Radar,45,16,17,13,91,0,2,13,1,16,45,18,30,14,107,4,15,19,126
04/11/2023,JAN,MS,ASO,ES,Combined TRACON& Tower with Radar,41,13,24,22,100,0,7,6,1,14,41,20,30,23,114,1,44,45,159
04/12/2023,JAN,MS,ASO,ES,Combined TRACON& Tower with Radar,41,12,25,36,114,0,3,5,5,13,41,15,30,41,127,2,2,4,131
04/13/2023,JAN,MS,ASO,ES,Combined TRACON& Tower with Radar,41,12,18,8,79,0,0,0,0,0,41,12,18,8,79,0,0,0,79
04/14/2023,JAN,MS,ASO,ES,Combined TRACON& Tower with Radar,43,16,13,13,85,0,8,0,11,19,43,24,13,24,104,1,47,48,152
04/15/2023,JAN,MS,ASO,ES,Combined TRACON& Tower with Radar,36,7,5,0,48,0,2,1,0,3,36,9,6,0,51,0,0,0,51
04/16/2023,JAN,MS,ASO,ES,Combined TRACON& Tower with Radar,44,11,15,14,84,0,1,6,5,12,44,12,21,19,96,0,0,0,96
04/17/2023,JAN,MS,ASO,ES,Combined TRACON& Tower with Radar,41,35,19,70,165,0,5,7,4,16,41,40,26,74,181,16,58,74,255
04/18/2023,JAN,MS,ASO,ES,Combined TRACON& Tower with Radar,39,10,21,49,119,0,2,7,3,12,39,12,28,52,131,7,14,21,152
04/19/2023,JAN,MS,ASO,ES,Combined TRACON& Tower with Radar,40,18,22,43,123,0,2,9,3,14,40,20,31,46,137,6,15,21,158
04/20/2023,JAN,MS,ASO,ES,Combined TRACON& Tower with Radar,39,20,36,13,108,0,1,8,6,15,39,21,44,19,123,1,2,3,126
04/21/2023,JAN,MS,ASO,ES,Combined TRACON& Tower with Radar,42,12,16,9,79,0,2,0,0,2,42,14,16,9,81,0,0,0,81
04/22/2023,JAN,MS,ASO,ES,Combined TRACON& Tower with Radar,34,11,12,6,63,0,4,6,0,10,34,15,18,6,73,0,0,0,73
04/23/2023,JAN,MS,ASO,ES,Combined TRACON& Tower with Radar,45,12,13,3,73,0,9,3,1,13,45,21,16,4,86,0,0,0,86
04/24/2023,JAN,MS,ASO,ES,Combined TRACON& Tower with Radar,41,14,28,27,110,0,3,4,6,13,41,17,32,33,123,34,28,62,185
04/25/2023,JAN,MS,ASO,ES,Combined TRACON& Tower with Radar,41,16,32,51,140,0,7,8,1,16,41,23,40,52,156,0,84,84,240
04/26/2023,JAN,MS,ASO,ES,Combined TRACON& Tower with Radar,35,13,26,51,125,0,4,1,4,9,35,17,27,55,134,0,58,58,192
04/27/2023,JAN,MS,ASO,ES,Combined TRACON& Tower with Radar,49,14,23,23,109,0,2,0,4,6,49,16,23,27,115,0,4,4,119
04/28/2023,JAN,MS,ASO,ES,Combined TRACON& Tower with Radar,42,23,19,34,118,0,7,4,4,15,42,30,23,38,133,6,8,14,147
04/29/2023,JAN,MS,ASO,ES,Combined TRACON& Tower with Radar,32,11,7,0,50,0,2,1,0,3,32,13,8,0,53,0,0,0,53
04/30/2023,JAN,MS,ASO,ES,Combined TRACON& Tower with Radar,43,12,11,4,70,0,5,4,0,9,43,17,15,4,79,0,0,0,79
05/01/2023,JAN,MS,ASO,ES,Combined TRACON& Tower with Radar,44,17,12,31,104,0,6,6,4,16,44,23,18,35,120,4,69,73,193
05/02/2023,JAN,MS,ASO,ES,Combined TRACON& Tower with Radar,40,20,21,19,100,0,3,7,8,18,40,23,28,27,118,8,59,67,185
05/03/2023,JAN,MS,ASO,ES,Combined TRACON& Tower with Radar,40,26,32,17,115,0,1,6,4,11,40,27,38,21,126,10,4,14,140
05/04/2023,JAN,MS,ASO,ES,Combined TRACON& Tower with Radar,42,18,26,33,119,0,4,7,3,14,42,22,33,36,133,4,38,42,175
05/05/2023,JAN,MS,ASO,ES,Combined TRACON& Tower with Radar,49,20,29,26,124,0,0,3,0,3,49,20,32,26,127,0,4,4,131
05/06/2023,JAN,MS,ASO,ES,Combined TRACON& Tower with Radar,35,12,7,11,65,0,0,0,1,1,35,12,7,12,66,0,0,0,66
05/07/2023,JAN,MS,ASO,ES,Combined TRACON& Tower with Radar,42,9,16,8,75,0,4,0,1,5,42,13,16,9,80,0,5,5,85
05/08/2023,JAN,MS,ASO,ES,Combined TRACON& Tower with Radar,44,16,22,12,94,0,0,4,1,5,44,16,26,13,99,0,6,6,105
05/09/2023,JAN,MS,ASO,ES,Combined TRACON& Tower with Radar,41,19,30,32,122,0,2,8,3,13,41,21,38,35,135,0,9,9,144
05/10/2023,JAN,MS,ASO,ES,Combined TRACON& Tower with Radar,38,14,26,19,97,0,1,2,2,5,38,15,28,21,102,0,0,0,102
05/11/2023,JAN,MS,ASO,ES,Combined TRACON& Tower with Radar,40,19,22,9,90,0,1,1,0,2,40,20,23,9,92,0,0,0,92
05/12/2023,JAN,MS,ASO,ES,Combined TRACON& Tower with Radar,41,21,11,25,98,0,0,4,0,4,41,21,15,25,102,0,12,12,114
05/13/2023,JAN,MS,ASO,ES,Combined TRACON& Tower with Radar,37,14,10,2,63,0,4,4,3,11,37,18,14,5,74,4,0,4,78
05/14/2023,JAN,MS,ASO,ES,Combined TRACON& Tower with Radar,45,10,9,4,68,0,4,2,0,6,45,14,11,4,74,0,12,12,86
05/15/2023,JAN,MS,ASO,ES,Combined TRACON& Tower with Radar,43,23,20,22,108,0,2,0,3,5,43,25,20,25,113,0,54,54,167
05/16/2023,JAN,MS,ASO,ES,Combined TRACON& Tower with Radar,39,19,24,37,119,0,6,4,9,19,39,25,28,46,138,0,80,80,218
05/17/2023,JAN,MS,ASO,ES,Combined TRACON& Tower with Radar,39,15,25,18,97,0,0,6,1,7,39,15,31,19,104,0,38,38,142
05/18/2023,JAN,MS,ASO,ES,Combined TRACON& Tower with Radar,41,23,21,45,130,0,5,2,4,11,41,28,23,49,141,0,20,20,161
05/19/2023,JAN,MS,ASO,ES,Combined TRACON& Tower with Radar,38,22,22,53,135,0,3,6,2,11,38,25,28,55,146,0,26,26,172
05/20/2023,JAN,MS,ASO,ES,Combined TRACON& Tower with Radar,35,12,6,9,62,0,4,1,0,5,35,16,7,9,67,2,2,4,71
05/21/2023,JAN,MS,ASO,ES,Combined TRACON& Tower with Radar,44,16,10,26,96,0,2,0,0,2,44,18,10,26,98,0,0,0,98
05/22/2023,JAN,MS,ASO,ES,Combined TRACON& Tower with Radar,41,25,20,58,144,0,1,6,11,18,41,26,26,69,162,0,98,98,260
05/23/2023,JAN,MS,ASO,ES,Combined TRACON& Tower with Radar,41,22,16,67,146,0,0,6,14,20,41,22,22,81,166,36,109,145,311
05/24/2023,JAN,MS,ASO,ES,Combined TRACON& Tower with Radar,39,15,29,50,133,0,5,1,1,7,39,20,30,51,140,0,47,47,187
05/25/2023,JAN,MS,ASO,ES,Combined TRACON& Tower with Radar,42,24,24,22,112,0,14,8,2,24,42,38,32,24,136,0,13,13,149
05/26/2023,JAN,MS,ASO,ES,Combined TRACON& Tower with Radar,45,15,12,8,80,0,3,3,0,6,45,18,15,8,86,1,0,1,87
05/27/2023,JAN,MS,ASO,ES,Combined TRACON& Tower with Radar,36,16,7,0,59,0,8,3,0,11,36,24,10,0,70,0,0,0,70
05/28/2023,JAN,MS,ASO,ES,Combined TRACON& Tower with Radar,38,11,2,8,59,0,3,1,1,5,38,14,3,9,64,0,0,0,64
05/29/2023,JAN,MS,ASO,ES,Combined TRACON& Tower with Radar,38,13,12,0,63,0,3,3,0,6,38,16,15,0,69,0,0,0,69
05/30/2023,JAN,MS,ASO,ES,Combined TRACON& Tower with Radar,39,11,9,35,94,0,3,7,5,15,39,14,16,40,109,1,24,25,134
05/31/2023,JAN,MS,ASO,ES,Combined TRACON& Tower with Radar,41,10,17,14,82,0,1,5,7,13,41,11,22,21,95,8,15,23,118
06/01/2023,JAN,MS,ASO,ES,Combined TRACON& Tower with Radar,40,31,15,14,100,0,0,2,3,5,40,31,17,17,105,9,6,15,120
06/02/2023,JAN,MS,ASO,ES,Combined TRACON& Tower with Radar,41,21,20,12,94,0,3,3,8,14,41,24,23,20,108,0,10,10,118
06/03/2023,JAN,MS,ASO,ES,Combined TRACON& Tower with Radar,32,18,14,16,80,0,4,1,6,11,32,22,15,22,91,0,26,26,117
06/04/2023,JAN,MS,ASO,ES,Combined TRACON& Tower with Radar,41,15,18,19,93,0,1,1,0,2,41,16,19,19,95,1,4,5,100
06/05/2023,JAN,MS,ASO,ES,Combined TRACON& Tower with Radar,39,21,24,7,91,0,3,0,5,8,39,24,24,12,99,6,0,6,105
06/06/2023,JAN,MS,ASO,ES,Combined TRACON& Tower with Radar,35,23,16,36,110,0,0,6,9,15,35,23,22,45,125,0,36,36,161
06/07/2023,JAN,MS,ASO,ES,Combined TRACON& Tower with Radar,35,23,19,20,97,0,3,4,1,8,35,26,23,21,105,6,8,14,119
06/08/2023,JAN,MS,ASO,ES,Combined TRACON& Tower with Radar,38,20,12,10,80,0,2,4,2,8,38,22,16,12,88,0,0,0,88
06/09/2023,JAN,MS,ASO,ES,Combined TRACON& Tower with Radar,41,21,6,24,92,0,2,1,0,3,41,23,7,24,95,0,140,140,235
06/10/2023,JAN,MS,ASO,ES,Combined TRACON& Tower with Radar,31,16,6,3,56,0,1,2,0,3,31,17,8,3,59,2,0,2,61
06/11/2023,JAN,MS,ASO,ES,Combined TRACON& Tower with Radar,40,17,8,8,73,0,1,5,0,6,40,18,13,8,79,0,0,0,79
06/12/2023,JAN,MS,ASO,ES,Combined TRACON& Tower with Radar,39,22,15,29,105,0,1,3,2,6,39,23,18,31,111,1,118,119,230
06/13/2023,JAN,MS,ASO,ES,Combined TRACON& Tower with Radar,36,17,32,4,89,0,1,5,0,6,36,18,37,4,95,0,0,0,95
06/14/2023,JAN,MS,ASO,ES,Combined TRACON& Tower with Radar,36,19,12,38,105,0,2,2,1,5,36,21,14,39,110,36,35,71,181
06/15/2023,JAN,MS,ASO,ES,Combined TRACON& Tower with Radar,38,20,15,22,95,0,1,0,0,1,38,21,15,22,96,0,8,8,104
06/16/2023,JAN,MS,ASO,ES,Combined TRACON& Tower with Radar,38,22,17,29,106,0,0,8,1,9,38,22,25,30,115,2,20,22,137
06/17/2023,JAN,MS,ASO,ES,Combined TRACON& Tower with Radar,34,17,7,0,58,0,0,2,2,4,34,17,9,2,62,20,0,20,82
06/18/2023,JAN,MS,ASO,ES,Combined TRACON& Tower with Radar,40,15,7,0,62,0,0,2,0,2,40,15,9,0,64,0,0,0,64
06/19/2023,JAN,MS,ASO,ES,Combined TRACON& Tower with Radar,40,36,15,6,97,0,2,4,0,6,40,38,19,6,103,0,0,0,103
06/20/2023,JAN,MS,ASO,ES,Combined TRACON& Tower with Radar,37,34,18,47,136,0,3,3,5,11,37,37,21,52,147,10,42,52,199
06/21/2023,JAN,MS,ASO,ES,Combined TRACON& Tower with Radar,37,34,28,61,160,0,5,2,7,14,37,39,30,68,174,0,42,42,216
06/22/2023,JAN,MS,ASO,ES,Combined TRACON& Tower with Radar,39,28,29,53,149,0,12,2,5,19,39,40,31,58,168,4,38,42,210
06/23/2023,JAN,MS,ASO,ES,Combined TRACON& Tower with Radar,40,22,20,14,96,0,0,9,0,9,40,22,29,14,105,2,0,2,107
06/24/2023,JAN,MS,ASO,ES,Combined TRACON& Tower with Radar,33,17,10,0,60,0,8,7,0,15,33,25,17,0,75,0,0,0,75
06/25/2023,JAN,MS,ASO,ES,Combined TRACON& Tower with Radar,35,19,8,3,65,0,3,0,0,3,35,22,8,3,68,1,0,1,69
06/26/2023,JAN,MS,ASO,ES,Combined TRACON& Tower with Radar,40,27,17,23,107,0,0,0,14,14,40,27,17,37,121,2,21,23,144
06/27/2023,JAN,MS,ASO,ES,Combined TRACON& Tower with Radar,35,19,15,6,75,0,0,2,2,4,35,19,17,8,79,0,12,12,91
06/28/2023,JAN,MS,ASO,ES,Combined TRACON& Tower with Radar,42,18,10,38,108,0,2,3,9,14,42,20,13,47,122,0,29,29,151
06/29/2023,JAN,MS,ASO,ES,Combined TRACON& Tower with Radar,38,24,21,6,89,0,4,9,1,14,38,28,30,7,103,2,0,2,105
06/30/2023,JAN,MS,ASO,ES,Combined TRACON& Tower with Radar,41,17,19,10,87,0,1,5,0,6,41,18,24,10,93,0,6,6,99
07/01/2023,JAN,MS,ASO,ES,Combined TRACON& Tower with Radar,32,14,10,1,57,0,2,7,0,9,32,16,17,1,66,3,0,3,69
07/02/2023,JAN,MS,ASO,ES,Combined TRACON& Tower with Radar,33,14,13,0,60,0,2,0,0,2,33,16,13,0,62,0,0,0,62
07/03/2023,JAN,MS,ASO,ES,Combined TRACON& Tower with Radar,30,12,2,1,45,0,1,2,1,4,30,13,4,2,49,0,0,0,49
07/04/2023,JAN,MS,ASO,ES,Combined TRACON& Tower with Radar,29,8,4,0,41,0,0,1,0,1,29,8,5,0,42,0,0,0,42
07/05/2023,JAN,MS,ASO,ES,Combined TRACON& Tower with Radar,39,19,19,21,98,0,1,3,0,4,39,20,22,21,102,0,30,30,132
07/06/2023,JAN,MS,ASO,ES,Combined TRACON& Tower with Radar,39,33,6,28,106,0,2,1,3,6,39,35,7,31,112,0,24,24,136
07/07/2023,JAN,MS,ASO,ES,Combined TRACON& Tower with Radar,40,23,14,21,98,0,2,3,1,6,40,25,17,22,104,16,0,16,120
07/08/2023,JAN,MS,ASO,ES,Combined TRACON& Tower with Radar,35,18,9,13,75,0,5,2,10,17,35,23,11,23,92,2,0,2,94
07/09/2023,JAN,MS,ASO,ES,Combined TRACON& Tower with Radar,38,19,9,9,75,0,1,1,0,2,38,20,10,9,77,0,0,0,77
07/10/2023,JAN,MS,ASO,ES,Combined TRACON& Tower with Radar,40,35,11,25,111,0,3,1,1,5,40,38,12,26,116,0,14,14,130
07/11/2023,JAN,MS,ASO,ES,Combined TRACON& Tower with Radar,41,28,19,18,106,0,3,0,3,6,41,31,19,21,112,1,20,21,133
07/12/2023,JAN,MS,ASO,ES,Combined TRACON& Tower with Radar,40,23,19,3,85,0,1,1,0,2,40,24,20,3,87,0,0,0,87
07/13/2023,JAN,MS,ASO,ES,Combined TRACON& Tower with Radar,41,22,24,13,100,0,0,8,2,10,41,22,32,15,110,0,12,12,122
07/14/2023,JAN,MS,ASO,ES,Combined TRACON& Tower with Radar,41,17,15,23,96,0,1,3,2,6,41,18,18,25,102,1,12,13,115
07/15/2023,JAN,MS,ASO,ES,Combined TRACON& Tower with Radar,29,21,4,0,54,0,2,3,0,5,29,23,7,0,59,0,0,0,59
07/16/2023,JAN,MS,ASO,ES,Combined TRACON& Tower with Radar,43,19,8,12,82,0,3,1,0,4,43,22,9,12,86,0,6,6,92
07/17/2023,JAN,MS,ASO,ES,Combined TRACON& Tower with Radar,41,19,9,41,110,0,3,0,3,6,41,22,9,44,116,28,0,28,144
07/18/2023,JAN,MS,ASO,ES,Combined TRACON& Tower with Radar,41,16,12,40,109,0,3,2,13,18,41,19,14,53,127,0,40,40,167
07/19/2023,JAN,MS,ASO,ES,Combined TRACON& Tower with Radar,32,21,28,54,135,0,2,6,10,18,32,23,34,64,153,0,34,34,187
07/20/2023,JAN,MS,ASO,ES,Combined TRACON& Tower with Radar,34,20,26,39,119,0,2,4,22,28,34,22,30,61,147,0,8,8,155
07/21/2023,JAN,MS,ASO,ES,Combined TRACON& Tower with Radar,40,16,18,19,93,0,1,4,5,10,40,17,22,24,103,12,5,17,120
07/22/2023,JAN,MS,ASO,ES,Combined TRACON& Tower with Radar,33,14,14,1,62,0,1,0,0,1,33,15,14,1,63,3,0,3,66
07/23/2023,JAN,MS,ASO,ES,Combined TRACON& Tower with Radar,44,23,5,3,75,0,1,6,0,7,44,24,11,3,82,0,0,0,82
07/24/2023,JAN,MS,ASO,ES,Combined TRACON& Tower with Radar,41,20,14,25,100,0,0,4,3,7,41,20,18,28,107,0,28,28,135
07/25/2023,JAN,MS,ASO,ES,Combined TRACON& Tower with Radar,40,24,13,23,100,0,5,2,4,11,40,29,15,27,111,0,32,32,143
07/26/2023,JAN,MS,ASO,ES,Combined TRACON& Tower with Radar,42,36,22,19,119,0,2,1,5,8,42,38,23,24,127,0,44,44,171
07/27/2023,JAN,MS,ASO,ES,Combined TRACON& Tower with Radar,41,31,24,46,142,0,6,2,8,16,41,37,26,54,158,0,34,34,192
07/28/2023,JAN,MS,ASO,ES,Combined TRACON& Tower with Radar,39,17,14,3,73,0,0,4,0,4,39,17,18,3,77,4,0,4,81
07/29/2023,JAN,MS,ASO,ES,Combined TRACON& Tower with Radar,31,19,5,1,56,0,0,5,0,5,31,19,10,1,61,0,2,2,63
07/30/2023,JAN,MS,ASO,ES,Combined TRACON& Tower with Radar,44,34,26,15,119,0,2,7,5,14,44,36,33,20,133,0,0,0,133
07/31/2023,JAN,MS,ASO,ES,Combined TRACON& Tower with Radar,41,17,11,21,90,0,5,8,0,13,41,22,19,21,103,0,14,14,117
08/01/2023,JAN,MS,ASO,ES,Combined TRACON& Tower with Radar,39,22,18,47,126,0,5,15,5,25,39,27,33,52,151,0,77,77,228
08/02/2023,JAN,MS,ASO,ES,Combined TRACON& Tower with Radar,40,27,23,21,111,0,8,4,4,16,40,35,27,25,127,0,30,30,157
08/03/2023,JAN,MS,ASO,ES,Combined TRACON& Tower with Radar,41,24,24,27,116,0,3,12,2,17,41,27,36,29,133,2,2,4,137
08/04/2023,JAN,MS,ASO,ES,Combined TRACON& Tower with Radar,44,24,13,20,101,0,6,5,1,12,44,30,18,21,113,0,8,8,121
08/05/2023,JAN,MS,ASO,ES,Combined TRACON& Tower with Radar,32,20,7,6,65,0,2,12,2,16,32,22,19,8,81,0,13,13,94
08/06/2023,JAN,MS,ASO,ES,Combined TRACON& Tower with Radar,37,16,7,7,67,0,2,3,0,5,37,18,10,7,72,0,0,0,72
08/07/2023,JAN,MS,ASO,ES,Combined TRACON& Tower with Radar,41,21,22,14,98,0,1,2,2,5,41,22,24,16,103,0,24,24,127
08/08/2023,JAN,MS,ASO,ES,Combined TRACON& Tower with Radar,40,17,10,30,97,0,0,5,0,5,40,17,15,30,102,0,10,10,112
08/09/2023,JAN,MS,ASO,ES,Combined TRACON& Tower with Radar,39,21,26,19,105,0,4,3,3,10,39,25,29,22,115,0,20,20,135
08/10/2023,JAN,MS,ASO,ES,Combined TRACON& Tower with Radar,42,18,18,32,110,0,3,4,1,8,42,21,22,33,118,3,18,21,139
08/11/2023,JAN,MS,ASO,ES,Combined TRACON& Tower with Radar,42,19,10,54,125,0,3,3,12,18,42,22,13,66,143,0,54,54,197
08/12/2023,JAN,MS,ASO,ES,Combined TRACON& Tower with Radar,31,19,6,8,64,0,0,1,4,5,31,19,7,12,69,0,0,0,69
08/13/2023,JAN,MS,ASO,ES,Combined TRACON& Tower with Radar,44,16,13,3,76,0,0,1,0,1,44,16,14,3,77,4,0,4,81
08/14/2023,JAN,MS,ASO,ES,Combined TRACON& Tower with Radar,39,17,9,31,96,0,8,8,2,18,39,25,17,33,114,0,28,28,142
08/15/2023,JAN,MS,ASO,ES,Combined TRACON& Tower with Radar,43,30,18,64,155,0,2,7,6,15,43,32,25,70,170,0,24,24,194
08/16/2023,JAN,MS,ASO,ES,Combined TRACON& Tower with Radar,41,18,15,9,83,0,2,1,1,4,41,20,16,10,87,6,0,6,93
08/17/2023,JAN,MS,ASO,ES,Combined TRACON& Tower with Radar,43,22,24,37,126,0,5,1,8,14,43,27,25,45,140,2,68,70,210
08/18/2023,JAN,MS,ASO,ES,Combined TRACON& Tower with Radar,44,15,14,31,104,0,3,4,7,14,44,18,18,38,118,2,18,20,138
08/19/2023,JAN,MS,ASO,ES,Combined TRACON& Tower with Radar,37,21,6,18,82,0,1,0,0,1,37,22,6,18,83,18,0,18,101
08/20/2023,JAN,MS,ASO,ES,Combined TRACON& Tower with Radar,45,21,15,9,90,0,4,3,5,12,45,25,18,14,102,0,0,0,102
08/21/2023,JAN,MS,ASO,ES,Combined TRACON& Tower with Radar,43,32,20,6,101,0,3,8,0,11,43,35,28,6,112,23,0,23,135
08/22/2023,JAN,MS,ASO,ES,Combined TRACON& Tower with Radar,42,26,14,18,100,0,1,4,5,10,42,27,18,23,110,7,44,51,161
08/23/2023,JAN,MS,ASO,ES,Combined TRACON& Tower with Radar,42,20,16,7,85,0,2,9,0,11,42,22,25,7,96,0,4,4,100
08/24/2023,JAN,MS,ASO,ES,Combined TRACON& Tower with Radar,41,25,15,22,103,0,0,1,2,3,41,25,16,24,106,0,52,52,158
08/25/2023,JAN,MS,ASO,ES,Combined TRACON& Tower with Radar,47,15,16,11,89,0,1,5,2,8,47,16,21,13,97,0,10,10,107
08/26/2023,JAN,MS,ASO,ES,Combined TRACON& Tower with Radar,38,18,6,7,69,0,2,7,1,10,38,20,13,8,79,0,0,0,79
08/27/2023,JAN,MS,ASO,ES,Combined TRACON& Tower with Radar,42,20,10,10,82,0,1,4,2,7,42,21,14,12,89,0,0,0,89
08/28/2023,JAN,MS,ASO,ES,Combined TRACON& Tower with Radar,41,25,19,38,123,0,1,2,3,6,41,26,21,41,129,2,0,2,131
08/29/2023,JAN,MS,ASO,ES,Combined TRACON& Tower with Radar,41,35,17,34,127,0,2,1,0,3,41,37,18,34,130,0,50,50,180
08/30/2023,JAN,MS,ASO,ES,Combined TRACON& Tower with Radar,42,16,28,29,115,0,1,5,6,12,42,17,33,35,127,0,50,50,177
08/31/2023,JAN,MS,ASO,ES,Combined TRACON& Tower with Radar,45,32,20,37,134,0,1,2,1,4,45,33,22,38,138,0,54,54,192
