01/01/2000,JAX,FL,ASO,ES,Towers with Radar,84,25,30,0,139,35,0,28,0,63,119,25,58,0,202,33,0,33,235
01/02/2000,JAX,FL,ASO,ES,Towers with Radar,145,36,45,0,226,0,0,0,0,0,145,36,45,0,226,24,0,24,250
01/03/2000,JAX,FL,ASO,ES,Towers with Radar,152,63,40,14,269,7,4,0,10,21,159,67,40,24,290,26,42,68,358
01/04/2000,JAX,FL,ASO,ES,Towers with Radar,171,71,61,16,319,8,13,4,13,38,179,84,65,29,357,26,56,82,439
01/05/2000,JAX,FL,ASO,ES,Towers with Radar,174,81,70,18,343,0,17,10,9,36,174,98,80,27,379,52,32,84,463
01/06/2000,JAX,FL,ASO,ES,Towers with Radar,163,66,57,15,301,13,19,18,5,55,176,85,75,20,356,50,16,66,422
01/07/2000,JAX,FL,ASO,ES,Towers with Radar,171,79,78,20,348,0,0,10,14,24,171,79,88,34,372,48,58,106,478
01/08/2000,JAX,FL,ASO,ES,Towers with Radar,111,37,39,8,195,40,0,8,0,48,151,37,47,8,243,70,16,86,329
01/09/2000,JAX,FL,ASO,ES,Towers with Radar,115,48,41,6,210,29,11,15,0,55,144,59,56,6,265,42,0,42,307
01/10/2000,JAX,FL,ASO,ES,Towers with Radar,159,69,61,11,300,0,1,1,0,2,159,70,62,11,302,36,20,56,358
01/11/2000,JAX,FL,ASO,ES,Towers with Radar,181,76,66,17,340,0,5,17,12,34,181,81,83,29,374,36,52,88,462
01/12/2000,JAX,FL,ASO,ES,Towers with Radar,179,74,63,10,326,9,8,26,0,43,188,82,89,10,369,138,36,174,543
01/13/2000,JAX,FL,ASO,ES,Towers with Radar,173,77,68,16,334,0,17,26,18,61,173,94,94,34,395,34,108,142,537
01/14/2000,JAX,FL,ASO,ES,Towers with Radar,176,72,63,15,326,1,3,26,15,45,177,75,89,30,371,22,50,72,443
01/15/2000,JAX,FL,ASO,ES,Towers with Radar,125,46,45,0,216,34,0,40,0,74,159,46,85,0,290,46,0,46,336
01/16/2000,JAX,FL,ASO,ES,Towers with Radar,111,43,40,6,200,52,0,9,0,61,163,43,49,6,261,30,6,36,297
01/17/2000,JAX,FL,ASO,ES,Towers with Radar,153,52,55,6,266,10,0,15,0,25,163,52,70,6,291,24,0,24,315
01/18/2000,JAX,FL,ASO,ES,Towers with Radar,175,66,62,15,318,8,0,15,7,30,183,66,77,22,348,22,10,32,380
01/19/2000,JAX,FL,ASO,ES,Towers with Radar,179,85,74,18,356,0,1,11,22,34,179,86,85,40,390,30,70,100,490
01/20/2000,JAX,FL,ASO,ES,Towers with Radar,168,75,66,16,325,0,11,24,33,68,168,86,90,49,393,8,15,23,416
01/21/2000,JAX,FL,ASO,ES,Towers with Radar,180,73,78,19,350,0,0,25,24,49,180,73,103,43,399,16,73,89,488
01/22/2000,JAX,FL,ASO,ES,Towers with Radar,109,44,39,0,192,39,0,21,0,60,148,44,60,0,252,8,0,8,260
01/23/2000,JAX,FL,ASO,ES,Towers with Radar,134,49,48,0,231,19,0,83,0,102,153,49,131,0,333,8,0,8,341
01/24/2000,JAX,FL,ASO,ES,Towers with Radar,166,68,56,4,294,0,7,0,0,7,166,75,56,4,301,0,0,0,301
01/25/2000,JAX,FL,ASO,ES,Towers with Radar,146,79,70,17,312,0,2,18,13,33,146,81,88,30,345,14,18,32,377
01/26/2000,JAX,FL,ASO,ES,Towers with Radar,161,82,76,18,337,0,0,36,0,36,161,82,112,18,373,2,16,18,391
01/27/2000,JAX,FL,ASO,ES,Towers with Radar,167,86,77,18,348,0,0,13,28,41,167,86,90,46,389,18,52,70,459
01/28/2000,JAX,FL,ASO,ES,Towers with Radar,173,70,48,13,304,0,14,0,0,14,173,84,48,13,318,0,0,0,318
01/29/2000,JAX,FL,ASO,ES,Towers with Radar,93,37,33,6,169,37,1,1,0,39,130,38,34,6,208,0,0,0,208
01/30/2000,JAX,FL,ASO,ES,Towers with Radar,110,42,39,0,191,29,0,1,0,30,139,42,40,0,221,0,0,0,221
01/31/2000,JAX,FL,ASO,ES,Towers with Radar,173,75,70,8,326,0,0,26,0,26,173,75,96,8,352,0,10,10,362
02/01/2000,JAX,FL,ASO,ES,Towers with Radar,174,84,78,21,357,0,14,40,6,60,174,98,118,27,417,10,24,34,451
02/02/2000,JAX,FL,ASO,ES,Towers with Radar,165,70,65,17,317,15,21,26,3,65,180,91,91,20,382,0,14,14,396
02/03/2000,JAX,FL,ASO,ES,Towers with Radar,180,79,74,20,353,0,15,33,24,72,180,94,107,44,425,18,56,74,499
02/04/2000,JAX,FL,ASO,ES,Towers with Radar,170,78,73,19,340,0,5,11,6,22,170,83,84,25,362,14,73,87,449
02/05/2000,JAX,FL,ASO,ES,Towers with Radar,108,35,42,10,195,39,0,27,0,66,147,35,69,10,261,28,4,32,293
02/06/2000,JAX,FL,ASO,ES,Towers with Radar,129,48,50,14,241,30,0,40,7,77,159,48,90,21,318,23,26,49,367
02/07/2000,JAX,FL,ASO,ES,Towers with Radar,151,64,60,16,291,14,7,13,3,37,165,71,73,19,328,0,44,44,372
02/08/2000,JAX,FL,ASO,ES,Towers with Radar,191,83,78,21,373,0,2,27,17,46,191,85,105,38,419,12,8,20,439
02/09/2000,JAX,FL,ASO,ES,Towers with Radar,186,90,74,22,372,0,4,0,33,37,186,94,74,55,409,7,37,44,453
02/10/2000,JAX,FL,ASO,ES,Towers with Radar,189,79,74,19,361,10,22,14,0,46,199,101,88,19,407,18,57,75,482
02/11/2000,JAX,FL,ASO,ES,Towers with Radar,173,77,72,9,331,0,4,40,0,44,173,81,112,9,375,10,0,10,385
02/12/2000,JAX,FL,ASO,ES,Towers with Radar,125,35,49,7,216,39,0,37,0,76,164,35,86,7,292,0,0,0,292
02/13/2000,JAX,FL,ASO,ES,Towers with Radar,150,49,61,15,275,0,0,16,0,16,150,49,77,15,291,30,5,35,326
02/14/2000,JAX,FL,ASO,ES,Towers with Radar,158,67,49,9,283,10,13,0,0,23,168,80,49,9,306,3,0,3,309
02/15/2000,JAX,FL,ASO,ES,Towers with Radar,187,85,79,20,371,0,12,22,5,39,187,97,101,25,410,1,21,22,432
02/16/2000,JAX,FL,ASO,ES,Towers with Radar,182,82,77,20,361,0,8,73,7,88,182,90,150,27,449,13,17,30,479
02/17/2000,JAX,FL,ASO,ES,Towers with Radar,176,94,91,23,384,0,0,26,13,39,176,94,117,36,423,17,0,17,440
02/18/2000,JAX,FL,ASO,ES,Towers with Radar,138,76,73,18,305,0,12,52,6,70,138,88,125,24,375,22,0,22,397
02/19/2000,JAX,FL,ASO,ES,Towers with Radar,143,34,56,2,235,22,0,14,0,36,165,34,70,2,271,12,0,12,283
02/20/2000,JAX,FL,ASO,ES,Towers with Radar,159,33,67,2,261,0,0,3,0,3,159,33,70,2,264,5,0,5,269
02/21/2000,JAX,FL,ASO,ES,Towers with Radar,148,52,58,2,260,17,0,26,0,43,165,52,84,2,303,108,0,108,411
02/22/2000,JAX,FL,ASO,ES,Towers with Radar,176,70,73,18,337,0,0,18,17,35,176,70,91,35,372,111,23,134,506
02/23/2000,JAX,FL,ASO,ES,Towers with Radar,186,87,82,21,376,0,9,16,31,56,186,96,98,52,432,4,67,71,503
02/24/2000,JAX,FL,ASO,ES,Towers with Radar,172,72,67,17,328,0,18,39,5,62,172,90,106,22,390,0,0,0,390
02/25/2000,JAX,FL,ASO,ES,Towers with Radar,170,72,73,13,328,0,0,6,0,6,170,72,79,13,334,9,4,13,347
02/26/2000,JAX,FL,ASO,ES,Towers with Radar,121,37,48,2,208,49,0,24,0,73,170,37,72,2,281,2,0,2,283
02/27/2000,JAX,FL,ASO,ES,Towers with Radar,118,43,46,0,207,38,0,7,0,45,156,43,53,0,252,2,0,2,254
02/28/2000,JAX,FL,ASO,ES,Towers with Radar,169,68,67,15,319,0,0,36,0,36,169,68,103,15,355,7,2,9,364
02/29/2000,JAX,FL,ASO,ES,Towers with Radar,178,76,69,18,341,0,11,31,4,46,178,87,100,22,387,0,11,11,398
03/01/2000,JAX,FL,ASO,ES,Towers with Radar,178,77,72,21,348,4,20,20,16,60,182,97,92,37,408,2,22,24,432
03/02/2000,JAX,FL,ASO,ES,Towers with Radar,172,86,78,23,359,0,17,26,10,53,172,103,104,33,412,6,12,18,430
03/03/2000,JAX,FL,ASO,ES,Towers with Radar,181,72,74,22,349,0,0,41,20,61,181,72,115,42,410,6,31,37,447
03/04/2000,JAX,FL,ASO,ES,Towers with Radar,108,43,44,5,200,47,0,4,0,51,155,43,48,5,251,0,0,0,251
03/05/2000,JAX,FL,ASO,ES,Towers with Radar,139,53,56,1,249,18,0,13,0,31,157,53,69,1,280,0,0,0,280
03/06/2000,JAX,FL,ASO,ES,Towers with Radar,148,65,60,9,282,17,10,26,0,53,165,75,86,9,335,151,23,174,509
03/07/2000,JAX,FL,ASO,ES,Towers with Radar,169,74,69,20,332,12,22,38,14,86,181,96,107,34,418,0,6,6,424
03/08/2000,JAX,FL,ASO,ES,Towers with Radar,178,79,73,21,351,0,22,0,34,56,178,101,73,55,407,130,21,151,558
03/09/2000,JAX,FL,ASO,ES,Towers with Radar,182,81,75,22,360,0,13,30,27,70,182,94,105,49,430,14,66,80,510
03/10/2000,JAX,FL,ASO,ES,Towers with Radar,165,81,75,22,343,0,0,12,5,17,165,81,87,27,360,0,82,82,442
03/11/2000,JAX,FL,ASO,ES,Towers with Radar,101,44,41,12,198,71,0,27,9,107,172,44,68,21,305,0,14,14,319
03/12/2000,JAX,FL,ASO,ES,Towers with Radar,150,45,60,8,263,22,0,0,0,22,172,45,60,8,285,0,22,22,307
03/13/2000,JAX,FL,ASO,ES,Towers with Radar,165,72,67,20,324,2,0,20,15,37,167,72,87,35,361,0,10,10,371
03/14/2000,JAX,FL,ASO,ES,Towers with Radar,179,79,73,22,353,0,18,27,1,46,179,97,100,23,399,2,33,35,434
03/15/2000,JAX,FL,ASO,ES,Towers with Radar,185,81,75,21,362,0,16,47,13,76,185,97,122,34,438,33,8,41,479
03/16/2000,JAX,FL,ASO,ES,Towers with Radar,169,74,60,19,322,7,29,0,0,36,176,103,60,19,358,24,19,43,401
03/17/2000,JAX,FL,ASO,ES,Towers with Radar,215,89,100,24,428,0,0,5,0,5,215,89,105,24,433,16,51,67,500
03/18/2000,JAX,FL,ASO,ES,Towers with Radar,166,41,72,0,279,0,0,14,0,14,166,41,86,0,293,9,0,9,302
03/19/2000,JAX,FL,ASO,ES,Towers with Radar,159,44,51,15,269,0,0,0,0,0,159,44,51,15,269,3,0,3,272
03/20/2000,JAX,FL,ASO,ES,Towers with Radar,201,73,89,25,388,0,0,3,0,3,201,73,92,25,391,2,39,41,432
03/21/2000,JAX,FL,ASO,ES,Towers with Radar,184,89,82,23,378,0,5,27,13,45,184,94,109,36,423,12,71,83,506
03/22/2000,JAX,FL,ASO,ES,Towers with Radar,185,86,79,19,369,0,7,56,0,63,185,93,135,19,432,17,10,27,459
03/23/2000,JAX,FL,ASO,ES,Towers with Radar,185,90,85,19,379,0,12,4,0,16,185,102,89,19,395,15,22,37,432
03/24/2000,JAX,FL,ASO,ES,Towers with Radar,177,76,83,23,359,0,0,20,0,20,177,76,103,23,379,0,3,3,382
03/25/2000,JAX,FL,ASO,ES,Towers with Radar,139,48,56,1,244,29,0,26,0,55,168,48,82,1,299,6,0,6,305
03/26/2000,JAX,FL,ASO,ES,Towers with Radar,154,45,55,2,256,16,0,0,0,16,170,45,55,2,272,0,0,0,272
03/27/2000,JAX,FL,ASO,ES,Towers with Radar,166,71,65,19,321,12,4,0,8,24,178,75,65,27,345,2,0,2,347
03/28/2000,JAX,FL,ASO,ES,Towers with Radar,189,82,77,22,370,0,17,58,6,81,189,99,135,28,451,35,13,48,499
03/29/2000,JAX,FL,ASO,ES,Towers with Radar,192,82,77,22,373,0,10,50,0,60,192,92,127,22,433,15,0,15,448
03/30/2000,JAX,FL,ASO,ES,Towers with Radar,147,63,49,11,270,39,36,0,0,75,186,99,49,11,345,0,0,0,345
03/31/2000,JAX,FL,ASO,ES,Towers with Radar,182,66,98,20,366,0,0,28,0,28,182,66,126,20,394,0,30,30,424
04/01/2000,JAX,FL,ASO,ES,Towers with Radar,150,32,75,3,260,0,0,48,0,48,150,32,123,3,308,2,6,8,316
04/02/2000,JAX,FL,ASO,ES,Towers with Radar,138,41,65,0,244,29,0,47,0,76,167,41,112,0,320,4,0,4,324
04/03/2000,JAX,FL,ASO,ES,Towers with Radar,172,69,82,15,338,1,0,36,8,45,173,69,118,23,383,4,38,42,425
04/04/2000,JAX,FL,ASO,ES,Towers with Radar,184,76,75,16,351,0,21,0,1,22,184,97,75,17,373,12,29,41,414
04/05/2000,JAX,FL,ASO,ES,Towers with Radar,182,79,93,17,371,0,27,68,8,103,182,106,161,25,474,29,25,54,528
04/06/2000,JAX,FL,ASO,ES,Towers with Radar,185,78,91,17,371,0,28,37,6,71,185,106,128,23,442,7,60,67,509
04/07/2000,JAX,FL,ASO,ES,Towers with Radar,176,81,96,18,371,0,3,60,0,63,176,84,156,18,434,5,0,5,439
04/08/2000,JAX,FL,ASO,ES,Towers with Radar,149,36,72,3,260,26,0,10,0,36,175,36,82,3,296,17,0,17,313
04/09/2000,JAX,FL,ASO,ES,Towers with Radar,160,49,89,16,314,0,0,66,9,75,160,49,155,25,389,7,15,22,411
04/10/2000,JAX,FL,ASO,ES,Towers with Radar,178,76,98,18,370,0,0,26,6,32,178,76,124,24,402,2,8,10,412
04/11/2000,JAX,FL,ASO,ES,Towers with Radar,180,95,75,44,394,0,4,42,3,49,180,99,117,47,443,12,0,12,455
04/12/2000,JAX,FL,ASO,ES,Towers with Radar,188,97,109,38,432,0,5,19,8,32,188,102,128,46,464,0,45,45,509
04/13/2000,JAX,FL,ASO,ES,Towers with Radar,183,95,108,24,410,0,7,8,1,16,183,102,116,25,426,2,0,2,428
04/14/2000,JAX,FL,ASO,ES,Towers with Radar,190,85,110,10,395,0,4,0,1,5,190,89,110,11,400,0,0,0,400
04/15/2000,JAX,FL,ASO,ES,Towers with Radar,170,35,105,37,347,0,3,21,2,26,170,38,126,39,373,3,18,21,394
04/16/2000,JAX,FL,ASO,ES,Towers with Radar,159,48,40,0,247,0,2,20,2,24,159,50,60,2,271,23,0,23,294
04/17/2000,JAX,FL,ASO,ES,Towers with Radar,165,81,96,14,356,0,2,27,3,32,165,83,123,17,388,0,26,26,414
04/18/2000,JAX,FL,ASO,ES,Towers with Radar,183,96,84,27,390,0,5,32,6,43,183,101,116,33,433,0,56,56,489
04/19/2000,JAX,FL,ASO,ES,Towers with Radar,181,99,111,26,417,0,5,31,5,41,181,104,142,31,458,2,26,28,486
04/20/2000,JAX,FL,ASO,ES,Towers with Radar,173,105,133,33,444,0,2,39,4,45,173,107,172,37,489,12,8,20,509
04/21/2000,JAX,FL,ASO,ES,Towers with Radar,176,70,68,35,349,0,2,17,3,22,176,72,85,38,371,0,2,2,373
04/22/2000,JAX,FL,ASO,ES,Towers with Radar,116,43,56,0,215,62,0,55,0,117,178,43,111,0,332,24,0,24,356
04/23/2000,JAX,FL,ASO,ES,Towers with Radar,157,47,34,0,238,0,4,20,2,26,157,51,54,2,264,11,0,11,275
04/24/2000,JAX,FL,ASO,ES,Towers with Radar,172,83,73,9,337,0,2,27,2,31,172,85,100,11,368,0,25,25,393
04/25/2000,JAX,FL,ASO,ES,Towers with Radar,185,101,96,15,397,0,3,32,4,39,185,104,128,19,436,20,16,36,472
04/26/2000,JAX,FL,ASO,ES,Towers with Radar,185,97,88,14,384,0,3,25,6,34,185,100,113,20,418,0,62,62,480
04/27/2000,JAX,FL,ASO,ES,Towers with Radar,184,101,91,12,388,0,2,32,2,36,184,103,123,14,424,2,0,2,426
04/28/2000,JAX,FL,ASO,ES,Towers with Radar,188,77,71,0,336,0,3,8,1,12,188,80,79,1,348,5,0,5,353
04/29/2000,JAX,FL,ASO,ES,Towers with Radar,178,35,41,0,254,0,4,33,2,39,178,39,74,2,293,4,0,4,297
04/30/2000,JAX,FL,ASO,ES,Towers with Radar,139,47,66,3,255,33,0,19,0,52,172,47,85,3,307,0,0,0,307
05/01/2000,JAX,FL,ASO,ES,Towers with Radar,153,70,69,7,299,29,9,43,0,81,182,79,112,7,380,37,0,37,417
05/02/2000,JAX,FL,ASO,ES,Towers with Radar,188,103,101,13,405,1,1,34,0,36,189,104,135,13,441,0,8,8,449
05/03/2000,JAX,FL,ASO,ES,Towers with Radar,182,99,110,32,423,1,0,19,0,20,183,99,129,32,443,0,30,30,473
05/04/2000,JAX,FL,ASO,ES,Towers with Radar,181,97,91,9,378,1,0,17,3,21,182,97,108,12,399,4,88,92,491
05/05/2000,JAX,FL,ASO,ES,Towers with Radar,189,75,68,26,358,1,0,30,0,31,190,75,98,26,389,0,40,40,429
05/06/2000,JAX,FL,ASO,ES,Towers with Radar,177,32,48,12,269,1,0,24,0,25,178,32,72,12,294,4,0,4,298
05/07/2000,JAX,FL,ASO,ES,Towers with Radar,169,47,74,15,305,1,0,29,0,30,170,47,103,15,335,0,0,0,335
05/08/2000,JAX,FL,ASO,ES,Towers with Radar,166,77,76,14,333,0,14,18,0,32,166,91,94,14,365,0,101,101,466
05/09/2000,JAX,FL,ASO,ES,Towers with Radar,185,95,77,9,366,1,0,19,0,20,186,95,96,9,386,11,8,19,405
05/10/2000,JAX,FL,ASO,ES,Towers with Radar,188,90,81,21,380,1,0,9,0,10,189,90,90,21,390,0,0,0,390
05/11/2000,JAX,FL,ASO,ES,Towers with Radar,188,100,84,8,380,0,0,25,2,27,188,100,109,10,407,0,77,77,484
05/12/2000,JAX,FL,ASO,ES,Towers with Radar,200,78,80,26,384,0,0,48,2,50,200,78,128,28,434,0,17,17,451
05/13/2000,JAX,FL,ASO,ES,Towers with Radar,182,33,55,5,275,0,0,21,2,23,182,33,76,7,298,0,0,0,298
05/14/2000,JAX,FL,ASO,ES,Towers with Radar,168,43,64,8,283,0,0,21,0,21,168,43,85,8,304,0,0,0,304
05/15/2000,JAX,FL,ASO,ES,Towers with Radar,167,82,80,18,347,0,6,8,0,14,167,88,88,18,361,34,16,50,411
05/16/2000,JAX,FL,ASO,ES,Towers with Radar,183,89,87,20,379,0,16,67,11,94,183,105,154,31,473,0,45,45,518
05/17/2000,JAX,FL,ASO,ES,Towers with Radar,180,87,85,15,367,0,11,56,0,67,180,98,141,15,434,0,25,25,459
05/18/2000,JAX,FL,ASO,ES,Towers with Radar,178,89,87,20,374,0,3,52,14,69,178,92,139,34,443,26,38,64,507
05/19/2000,JAX,FL,ASO,ES,Towers with Radar,170,76,74,17,337,18,0,41,3,62,188,76,115,20,399,7,10,17,416
05/20/2000,JAX,FL,ASO,ES,Towers with Radar,135,38,59,14,246,34,0,42,15,91,169,38,101,29,337,0,0,0,337
05/21/2000,JAX,FL,ASO,ES,Towers with Radar,132,52,58,13,255,29,0,16,11,56,161,52,74,24,311,2,3,5,316
05/22/2000,JAX,FL,ASO,ES,Towers with Radar,170,79,78,18,345,0,4,24,25,53,170,83,102,43,398,2,16,18,416
05/23/2000,JAX,FL,ASO,ES,Towers with Radar,183,90,88,21,382,0,13,32,19,64,183,103,120,40,446,8,0,8,454
05/24/2000,JAX,FL,ASO,ES,Towers with Radar,182,87,83,21,373,0,18,23,13,54,182,105,106,34,427,4,54,58,485
05/25/2000,JAX,FL,ASO,ES,Towers with Radar,189,94,98,24,405,0,0,7,17,24,189,94,105,41,429,26,66,92,521
05/26/2000,JAX,FL,ASO,ES,Towers with Radar,190,82,90,7,369,0,0,38,0,38,190,82,128,7,407,0,0,0,407
05/27/2000,JAX,FL,ASO,ES,Towers with Radar,130,41,56,1,228,36,0,10,0,46,166,41,66,1,274,6,0,6,280
05/28/2000,JAX,FL,ASO,ES,Towers with Radar,97,44,42,1,184,63,0,6,0,69,160,44,48,1,253,2,0,2,255
05/29/2000,JAX,FL,ASO,ES,Towers with Radar,145,64,61,0,270,10,7,12,0,29,155,71,73,0,299,10,0,10,309
05/30/2000,JAX,FL,ASO,ES,Towers with Radar,163,80,83,20,346,0,0,13,1,14,163,80,96,21,360,16,0,16,376
05/31/2000,JAX,FL,ASO,ES,Towers with Radar,192,93,89,22,396,0,15,32,13,60,192,108,121,35,456,0,56,56,512
06/01/2000,JAX,FL,ASO,ES,Towers with Radar,181,95,97,23,396,0,2,21,27,50,181,97,118,50,446,12,32,44,490
06/02/2000,JAX,FL,ASO,ES,Towers with Radar,184,82,83,20,369,0,2,46,19,67,184,84,129,39,436,0,48,48,484
06/03/2000,JAX,FL,ASO,ES,Towers with Radar,121,35,48,12,216,49,0,20,11,80,170,35,68,23,296,2,34,36,332
06/04/2000,JAX,FL,ASO,ES,Towers with Radar,136,47,56,2,241,24,0,31,0,55,160,47,87,2,296,0,0,0,296
06/05/2000,JAX,FL,ASO,ES,Towers with Radar,162,72,74,18,326,0,27,18,7,52,162,99,92,25,378,0,0,0,378
06/06/2000,JAX,FL,ASO,ES,Towers with Radar,183,88,93,23,387,0,0,38,8,46,183,88,131,31,433,6,44,50,483
06/07/2000,JAX,FL,ASO,ES,Towers with Radar,180,79,81,20,360,0,17,36,15,68,180,96,117,35,428,8,62,70,498
06/08/2000,JAX,FL,ASO,ES,Towers with Radar,186,78,80,14,358,0,21,43,0,64,186,99,123,14,422,16,8,24,446
06/09/2000,JAX,FL,ASO,ES,Towers with Radar,189,79,84,21,373,0,0,33,11,44,189,79,117,32,417,2,0,2,419
06/10/2000,JAX,FL,ASO,ES,Towers with Radar,127,37,53,0,217,44,0,42,0,86,171,37,95,0,303,2,0,2,305
06/11/2000,JAX,FL,ASO,ES,Towers with Radar,145,47,60,0,252,24,0,0,0,24,169,47,60,0,276,0,0,0,276
06/12/2000,JAX,FL,ASO,ES,Towers with Radar,180,75,82,20,357,0,0,26,6,32,180,75,108,26,389,0,17,17,406
06/13/2000,JAX,FL,ASO,ES,Towers with Radar,191,78,80,18,367,1,13,42,0,56,192,91,122,18,423,34,6,40,463
06/14/2000,JAX,FL,ASO,ES,Towers with Radar,175,71,73,18,337,3,12,61,7,83,178,83,134,25,420,0,30,30,450
06/15/2000,JAX,FL,ASO,ES,Towers with Radar,183,79,82,16,360,0,20,34,0,54,183,99,116,16,414,4,48,52,466
06/16/2000,JAX,FL,ASO,ES,Towers with Radar,171,70,72,17,330,17,3,42,1,63,188,73,114,18,393,1,18,19,412
06/17/2000,JAX,FL,ASO,ES,Towers with Radar,158,40,66,11,275,28,0,2,0,30,186,40,68,11,305,0,0,0,305
06/18/2000,JAX,FL,ASO,ES,Towers with Radar,137,50,57,8,252,30,0,29,0,59,167,50,86,8,311,0,0,0,311
06/19/2000,JAX,FL,ASO,ES,Towers with Radar,164,66,69,16,315,3,14,24,9,50,167,80,93,25,365,22,0,22,387
06/20/2000,JAX,FL,ASO,ES,Towers with Radar,187,75,78,15,355,2,15,10,0,27,189,90,88,15,382,2,6,8,390
06/21/2000,JAX,FL,ASO,ES,Towers with Radar,187,77,79,19,362,0,21,15,17,53,187,98,94,36,415,0,5,5,420
06/22/2000,JAX,FL,ASO,ES,Towers with Radar,186,96,98,19,399,0,1,18,0,19,186,97,116,19,418,2,40,42,460
06/23/2000,JAX,FL,ASO,ES,Towers with Radar,190,75,86,20,371,0,0,9,12,21,190,75,95,32,392,2,20,22,414
06/24/2000,JAX,FL,ASO,ES,Towers with Radar,150,33,51,8,242,24,0,0,0,24,174,33,51,8,266,0,0,0,266
06/25/2000,JAX,FL,ASO,ES,Towers with Radar,138,42,57,0,237,32,0,0,0,32,170,42,57,0,269,23,0,23,292
06/26/2000,JAX,FL,ASO,ES,Towers with Radar,192,79,82,13,366,0,0,17,0,17,192,79,99,13,383,16,0,16,399
06/27/2000,JAX,FL,ASO,ES,Towers with Radar,191,93,94,8,386,0,1,20,0,21,191,94,114,8,407,10,51,61,468
06/28/2000,JAX,FL,ASO,ES,Towers with Radar,191,93,97,12,393,0,2,34,0,36,191,95,131,12,429,22,18,40,469
06/29/2000,JAX,FL,ASO,ES,Towers with Radar,187,93,94,21,395,0,1,25,0,26,187,94,119,21,421,0,16,16,437
06/30/2000,JAX,FL,ASO,ES,Towers with Radar,195,75,96,12,378,0,0,49,0,49,195,75,145,12,427,16,15,31,458
07/01/2000,JAX,FL,ASO,ES,Towers with Radar,180,27,88,9,304,2,3,65,0,70,182,30,153,9,374,26,16,42,416
07/02/2000,JAX,FL,ASO,ES,Towers with Radar,156,42,37,0,235,0,2,29,0,31,156,44,66,0,266,4,0,4,270
07/03/2000,JAX,FL,ASO,ES,Towers with Radar,135,58,29,0,222,0,2,20,0,22,135,60,49,0,244,0,0,0,244
07/04/2000,JAX,FL,ASO,ES,Towers with Radar,146,60,16,0,222,0,2,18,0,20,146,62,34,0,242,0,0,0,242
07/05/2000,JAX,FL,ASO,ES,Towers with Radar,173,70,60,23,326,0,2,31,3,36,173,72,91,26,362,15,11,26,388
07/06/2000,JAX,FL,ASO,ES,Towers with Radar,190,79,73,65,407,0,3,20,13,36,190,82,93,78,443,0,34,34,477
07/07/2000,JAX,FL,ASO,ES,Towers with Radar,194,79,52,19,344,0,3,17,0,20,194,82,69,19,364,20,30,50,414
07/08/2000,JAX,FL,ASO,ES,Towers with Radar,171,40,50,2,263,0,2,32,0,34,171,42,82,2,297,6,0,6,303
07/09/2000,JAX,FL,ASO,ES,Towers with Radar,167,39,49,4,259,0,2,18,0,20,167,41,67,4,279,34,0,34,313
07/10/2000,JAX,FL,ASO,ES,Towers with Radar,174,69,73,17,333,0,2,30,2,34,174,71,103,19,367,16,31,47,414
07/11/2000,JAX,FL,ASO,ES,Towers with Radar,188,114,93,20,415,0,2,17,0,19,188,116,110,20,434,0,34,34,468
07/12/2000,JAX,FL,ASO,ES,Towers with Radar,176,88,101,25,390,0,4,17,1,22,176,92,118,26,412,91,99,190,602
07/13/2000,JAX,FL,ASO,ES,Towers with Radar,205,85,74,18,382,0,6,22,2,30,205,91,96,20,412,20,52,72,484
07/14/2000,JAX,FL,ASO,ES,Towers with Radar,186,77,68,31,362,0,2,13,1,16,186,79,81,32,378,17,28,45,423
07/15/2000,JAX,FL,ASO,ES,Towers with Radar,195,43,53,2,293,0,2,25,0,27,195,45,78,2,320,6,0,6,326
07/16/2000,JAX,FL,ASO,ES,Towers with Radar,168,38,38,0,244,0,2,18,1,21,168,40,56,1,265,26,0,26,291
07/17/2000,JAX,FL,ASO,ES,Towers with Radar,166,86,67,29,348,0,2,12,2,16,166,88,79,31,364,28,61,89,453
07/18/2000,JAX,FL,ASO,ES,Towers with Radar,180,104,94,37,415,0,2,28,2,32,180,106,122,39,447,25,47,72,519
07/19/2000,JAX,FL,ASO,ES,Towers with Radar,193,95,80,28,396,0,2,34,4,40,193,97,114,32,436,12,20,32,468
07/20/2000,JAX,FL,ASO,ES,Towers with Radar,203,91,51,36,381,0,6,11,0,17,203,97,62,36,398,0,38,38,436
07/21/2000,JAX,FL,ASO,ES,Towers with Radar,206,66,74,22,368,2,0,46,14,62,208,66,120,36,430,0,111,111,541
07/22/2000,JAX,FL,ASO,ES,Towers with Radar,145,29,42,15,231,33,0,0,0,33,178,29,42,15,264,0,0,0,264
07/23/2000,JAX,FL,ASO,ES,Towers with Radar,166,51,59,2,278,0,1,32,0,33,166,52,91,2,311,48,0,48,359
07/24/2000,JAX,FL,ASO,ES,Towers with Radar,176,78,67,31,352,0,2,8,1,11,176,80,75,32,363,10,39,49,412
07/25/2000,JAX,FL,ASO,ES,Towers with Radar,177,97,107,36,417,0,2,18,2,22,177,99,125,38,439,3,38,41,480
07/26/2000,JAX,FL,ASO,ES,Towers with Radar,185,95,49,32,361,0,2,20,6,28,185,97,69,38,389,0,155,155,544
07/27/2000,JAX,FL,ASO,ES,Towers with Radar,204,92,77,16,389,0,2,29,2,33,204,94,106,18,422,26,44,70,492
07/28/2000,JAX,FL,ASO,ES,Towers with Radar,187,74,95,56,412,0,1,27,1,29,187,75,122,57,441,52,97,149,590
07/29/2000,JAX,FL,ASO,ES,Towers with Radar,174,38,68,8,288,0,1,23,0,24,174,39,91,8,312,24,0,24,336
07/30/2000,JAX,FL,ASO,ES,Towers with Radar,154,48,54,10,266,24,0,16,0,40,178,48,70,10,306,42,0,42,348
07/31/2000,JAX,FL,ASO,ES,Towers with Radar,176,73,86,11,346,0,1,23,1,25,176,74,109,12,371,0,98,98,469
08/01/2000,JAX,FL,ASO,ES,Towers with Radar,183,94,84,34,395,0,2,27,0,29,183,96,111,34,424,14,21,35,459
08/02/2000,JAX,FL,ASO,ES,Towers with Radar,182,85,90,30,387,0,1,23,3,27,182,86,113,33,414,21,59,80,494
08/03/2000,JAX,FL,ASO,ES,Towers with Radar,192,93,107,57,449,0,2,21,3,26,192,95,128,60,475,24,94,118,593
08/04/2000,JAX,FL,ASO,ES,Towers with Radar,189,86,63,24,362,0,2,16,0,18,189,88,79,24,380,6,34,40,420
08/05/2000,JAX,FL,ASO,ES,Towers with Radar,179,52,46,6,283,0,5,9,1,15,179,57,55,7,298,0,13,13,311
08/06/2000,JAX,FL,ASO,ES,Towers with Radar,176,41,38,12,267,0,1,29,1,31,176,42,67,13,298,0,0,0,298
08/07/2000,JAX,FL,ASO,ES,Towers with Radar,170,78,104,0,352,0,1,45,1,47,170,79,149,1,399,22,0,22,421
08/08/2000,JAX,FL,ASO,ES,Towers with Radar,186,92,60,37,375,0,1,20,4,25,186,93,80,41,400,22,109,131,531
08/09/2000,JAX,FL,ASO,ES,Towers with Radar,178,84,72,13,347,0,3,37,1,41,178,87,109,14,388,2,42,44,432
08/10/2000,JAX,FL,ASO,ES,Towers with Radar,196,86,94,37,413,0,2,49,5,56,196,88,143,42,469,4,99,103,572
08/11/2000,JAX,FL,ASO,ES,Towers with Radar,202,72,81,14,369,0,0,18,0,18,202,72,99,14,387,10,16,26,413
08/12/2000,JAX,FL,ASO,ES,Towers with Radar,127,32,47,13,219,40,0,38,0,78,167,32,85,13,297,16,0,16,313
08/13/2000,JAX,FL,ASO,ES,Towers with Radar,175,40,63,13,291,0,3,39,3,45,175,43,102,16,336,0,0,0,336
08/14/2000,JAX,FL,ASO,ES,Towers with Radar,174,90,62,27,353,0,2,31,7,40,174,92,93,34,393,27,14,41,434
08/15/2000,JAX,FL,ASO,ES,Towers with Radar,182,104,78,16,380,0,2,19,4,25,182,106,97,20,405,10,59,69,474
08/16/2000,JAX,FL,ASO,ES,Towers with Radar,192,90,86,20,388,0,2,42,1,45,192,92,128,21,433,20,37,57,490
08/17/2000,JAX,FL,ASO,ES,Towers with Radar,204,94,85,22,405,0,4,30,3,37,204,98,115,25,442,26,105,131,573
08/18/2000,JAX,FL,ASO,ES,Towers with Radar,201,70,85,34,390,0,1,28,10,39,201,71,113,44,429,38,165,203,632
08/19/2000,JAX,FL,ASO,ES,Towers with Radar,183,30,44,10,267,0,1,17,2,20,183,31,61,12,287,4,0,4,291
08/20/2000,JAX,FL,ASO,ES,Towers with Radar,171,42,27,12,252,0,1,13,10,24,171,43,40,22,276,0,9,9,285
08/21/2000,JAX,FL,ASO,ES,Towers with Radar,172,72,40,13,297,0,1,8,1,10,172,73,48,14,307,10,5,15,322
08/22/2000,JAX,FL,ASO,ES,Towers with Radar,190,92,83,58,423,0,2,35,1,38,190,94,118,59,461,22,40,62,523
08/23/2000,JAX,FL,ASO,ES,Towers with Radar,191,100,61,42,394,0,3,28,6,37,191,103,89,48,431,18,145,163,594
08/24/2000,JAX,FL,ASO,ES,Towers with Radar,189,78,68,18,353,3,14,40,0,57,192,92,108,18,410,6,93,99,509
08/25/2000,JAX,FL,ASO,ES,Towers with Radar,195,65,58,34,352,0,2,15,1,18,195,67,73,35,370,10,107,117,487
08/26/2000,JAX,FL,ASO,ES,Towers with Radar,176,39,52,36,303,0,0,31,2,33,176,39,83,38,336,16,150,166,502
08/27/2000,JAX,FL,ASO,ES,Towers with Radar,184,58,84,11,337,0,0,29,2,31,184,58,113,13,368,0,4,4,372
08/28/2000,JAX,FL,ASO,ES,Towers with Radar,175,81,58,17,331,0,2,28,1,31,175,83,86,18,362,0,6,6,368
08/29/2000,JAX,FL,ASO,ES,Towers with Radar,220,105,66,46,437,0,0,12,2,14,220,105,78,48,451,12,30,42,493
08/30/2000,JAX,FL,ASO,ES,Towers with Radar,202,88,61,27,378,0,7,0,19,26,202,95,61,46,404,28,108,136,540
08/31/2000,JAX,FL,ASO,ES,Towers with Radar,199,100,70,13,382,0,0,33,8,41,199,100,103,21,423,16,67,83,506
09/01/2000,JAX,FL,ASO,ES,Towers with Radar,188,69,55,18,330,2,4,0,0,6,190,73,55,18,336,0,30,30,366
09/02/2000,JAX,FL,ASO,ES,Towers with Radar,160,35,23,0,218,0,0,8,2,10,160,35,31,2,228,6,0,6,234
09/03/2000,JAX,FL,ASO,ES,Towers with Radar,166,36,21,0,223,1,0,9,0,10,167,36,30,0,233,5,0,5,238
09/04/2000,JAX,FL,ASO,ES,Towers with Radar,148,57,53,2,260,1,0,10,7,18,149,57,63,9,278,0,0,0,278
09/05/2000,JAX,FL,ASO,ES,Towers with Radar,170,76,44,35,325,1,1,16,3,21,171,77,60,38,346,11,10,21,367
09/06/2000,JAX,FL,ASO,ES,Towers with Radar,205,89,39,10,343,1,3,7,1,12,206,92,46,11,355,0,2,2,357
09/07/2000,JAX,FL,ASO,ES,Towers with Radar,193,98,64,22,377,1,1,5,2,9,194,99,69,24,386,0,0,0,386
09/08/2000,JAX,FL,ASO,ES,Towers with Radar,201,74,47,23,345,1,2,9,1,13,202,76,56,24,358,0,40,40,398
09/09/2000,JAX,FL,ASO,ES,Towers with Radar,182,34,28,29,273,0,1,7,1,9,182,35,35,30,282,0,36,36,318
09/10/2000,JAX,FL,ASO,ES,Towers with Radar,168,55,52,10,285,0,1,29,1,31,168,56,81,11,316,0,0,0,316
09/11/2000,JAX,FL,ASO,ES,Towers with Radar,174,79,68,42,363,0,1,35,4,40,174,80,103,46,403,8,5,13,416
09/12/2000,JAX,FL,ASO,ES,Towers with Radar,176,89,76,26,367,0,14,41,12,67,176,103,117,38,434,12,63,75,509
09/13/2000,JAX,FL,ASO,ES,Towers with Radar,213,82,82,66,443,0,3,26,10,39,213,85,108,76,482,21,59,80,562
09/14/2000,JAX,FL,ASO,ES,Towers with Radar,206,83,138,42,469,0,1,35,4,40,206,84,173,46,509,25,32,57,566
09/15/2000,JAX,FL,ASO,ES,Towers with Radar,205,76,75,31,387,0,2,14,2,18,205,78,89,33,405,12,4,16,421
09/16/2000,JAX,FL,ASO,ES,Towers with Radar,183,32,60,11,286,0,2,23,1,26,183,34,83,12,312,4,0,4,316
09/17/2000,JAX,FL,ASO,ES,Towers with Radar,176,17,14,0,207,0,4,5,0,9,176,21,19,0,216,0,0,0,216
09/18/2000,JAX,FL,ASO,ES,Towers with Radar,170,62,36,14,282,0,1,11,1,13,170,63,47,15,295,0,4,4,299
09/19/2000,JAX,FL,ASO,ES,Towers with Radar,184,96,78,12,370,0,6,18,2,26,184,102,96,14,396,2,2,4,400
09/20/2000,JAX,FL,ASO,ES,Towers with Radar,194,77,93,40,404,0,1,22,3,26,194,78,115,43,430,12,20,32,462
09/21/2000,JAX,FL,ASO,ES,Towers with Radar,213,87,58,29,387,0,2,40,5,47,213,89,98,34,434,39,67,106,540
09/22/2000,JAX,FL,ASO,ES,Towers with Radar,199,62,61,10,332,14,0,0,0,14,213,62,61,10,346,4,0,4,350
09/23/2000,JAX,FL,ASO,ES,Towers with Radar,201,36,60,0,297,0,1,13,0,14,201,37,73,0,311,0,0,0,311
09/24/2000,JAX,FL,ASO,ES,Towers with Radar,168,37,51,1,257,0,1,32,1,34,168,38,83,2,291,0,0,0,291
09/25/2000,JAX,FL,ASO,ES,Towers with Radar,181,77,73,38,369,0,0,31,10,41,181,77,104,48,410,16,38,54,464
09/26/2000,JAX,FL,ASO,ES,Towers with Radar,194,103,71,31,399,0,0,13,2,15,194,103,84,33,414,6,20,26,440
09/27/2000,JAX,FL,ASO,ES,Towers with Radar,214,98,90,11,413,0,1,9,0,10,214,99,99,11,423,30,0,30,453
09/28/2000,JAX,FL,ASO,ES,Towers with Radar,192,94,66,45,397,0,1,22,1,24,192,95,88,46,421,13,23,36,457
09/29/2000,JAX,FL,ASO,ES,Towers with Radar,237,94,57,12,400,0,2,9,0,11,237,96,66,12,411,10,22,32,443
09/30/2000,JAX,FL,ASO,ES,Towers with Radar,129,28,35,3,195,48,0,0,0,48,177,28,35,3,243,0,0,0,243
10/01/2000,JAX,FL,ASO,ES,Towers with Radar,179,36,62,1,278,1,0,14,0,15,180,36,76,1,293,0,0,0,293
10/02/2000,JAX,FL,ASO,ES,Towers with Radar,178,80,88,14,360,1,2,27,0,30,179,82,115,14,390,23,7,30,420
10/03/2000,JAX,FL,ASO,ES,Towers with Radar,198,108,79,48,433,1,2,30,4,37,199,110,109,52,470,24,18,42,512
10/04/2000,JAX,FL,ASO,ES,Towers with Radar,195,98,87,49,429,1,1,21,5,28,196,99,108,54,457,2,22,24,481
10/05/2000,JAX,FL,ASO,ES,Towers with Radar,210,91,76,37,414,1,0,37,4,42,211,91,113,41,456,24,139,163,619
10/06/2000,JAX,FL,ASO,ES,Towers with Radar,190,77,60,21,348,1,1,27,0,29,191,78,87,21,377,20,11,31,408
10/07/2000,JAX,FL,ASO,ES,Towers with Radar,192,35,73,1,301,1,0,4,1,6,193,35,77,2,307,8,0,8,315
10/08/2000,JAX,FL,ASO,ES,Towers with Radar,174,52,60,0,286,1,0,16,0,17,175,52,76,0,303,0,0,0,303
10/09/2000,JAX,FL,ASO,ES,Towers with Radar,181,66,30,2,279,1,0,17,0,18,182,66,47,2,297,6,0,6,303
10/10/2000,JAX,FL,ASO,ES,Towers with Radar,182,80,67,40,369,1,0,34,0,35,183,80,101,40,404,2,16,18,422
10/11/2000,JAX,FL,ASO,ES,Towers with Radar,199,91,65,22,377,1,1,30,0,32,200,92,95,22,409,10,18,28,437
10/12/2000,JAX,FL,ASO,ES,Towers with Radar,204,89,69,27,389,1,1,39,0,41,205,90,108,27,430,10,38,48,478
10/13/2000,JAX,FL,ASO,ES,Towers with Radar,198,77,60,15,350,1,1,49,2,53,199,78,109,17,403,10,39,49,452
10/14/2000,JAX,FL,ASO,ES,Towers with Radar,178,37,45,13,273,1,0,36,3,40,179,37,81,16,313,12,12,24,337
10/15/2000,JAX,FL,ASO,ES,Towers with Radar,174,43,17,5,239,1,0,26,2,29,175,43,43,7,268,15,12,27,295
10/16/2000,JAX,FL,ASO,ES,Towers with Radar,173,67,68,8,316,1,1,26,7,35,174,68,94,15,351,10,16,26,377
10/17/2000,JAX,FL,ASO,ES,Towers with Radar,192,102,109,38,441,1,1,28,3,33,193,103,137,41,474,24,53,77,551
10/18/2000,JAX,FL,ASO,ES,Towers with Radar,182,96,95,45,418,1,0,35,6,42,183,96,130,51,460,14,30,44,504
10/19/2000,JAX,FL,ASO,ES,Towers with Radar,197,91,94,48,430,1,1,37,1,40,198,92,131,49,470,15,66,81,551
10/20/2000,JAX,FL,ASO,ES,Towers with Radar,199,83,73,25,380,1,0,9,0,10,200,83,82,25,390,19,22,41,431
10/21/2000,JAX,FL,ASO,ES,Towers with Radar,213,45,50,2,310,1,1,23,0,25,214,46,73,2,335,10,0,10,345
10/22/2000,JAX,FL,ASO,ES,Towers with Radar,163,47,62,12,284,1,0,40,1,42,164,47,102,13,326,4,26,30,356
10/23/2000,JAX,FL,ASO,ES,Towers with Radar,173,83,105,54,415,1,2,6,22,31,174,85,111,76,446,2,23,25,471
10/24/2000,JAX,FL,ASO,ES,Towers with Radar,193,109,90,23,415,1,2,11,6,20,194,111,101,29,435,0,46,46,481
10/25/2000,JAX,FL,ASO,ES,Towers with Radar,192,96,86,20,394,0,6,29,2,37,192,102,115,22,431,47,34,81,512
10/26/2000,JAX,FL,ASO,ES,Towers with Radar,198,93,78,13,382,0,3,32,2,37,198,96,110,15,419,6,39,45,464
10/27/2000,JAX,FL,ASO,ES,Towers with Radar,200,83,46,10,339,0,1,35,0,36,200,84,81,10,375,23,24,47,422
10/28/2000,JAX,FL,ASO,ES,Towers with Radar,192,46,58,12,308,0,1,10,0,11,192,47,68,12,319,2,0,2,321
10/29/2000,JAX,FL,ASO,ES,Towers with Radar,167,50,44,7,268,0,0,23,1,24,167,50,67,8,292,0,0,0,292
10/30/2000,JAX,FL,ASO,ES,Towers with Radar,170,76,69,21,336,0,0,14,1,15,170,76,83,22,351,21,64,85,436
10/31/2000,JAX,FL,ASO,ES,Towers with Radar,184,96,45,6,331,0,0,26,4,30,184,96,71,10,361,25,3,28,389
11/01/2000,JAX,FL,ASO,ES,Towers with Radar,204,95,60,20,379,3,0,29,0,32,207,95,89,20,411,16,29,45,456
11/02/2000,JAX,FL,ASO,ES,Towers with Radar,190,114,93,21,418,3,5,35,4,47,193,119,128,25,465,2,51,53,518
11/03/2000,JAX,FL,ASO,ES,Towers with Radar,196,82,81,27,386,0,5,7,17,29,196,87,88,44,415,0,19,19,434
11/04/2000,JAX,FL,ASO,ES,Towers with Radar,173,42,69,6,290,3,0,34,0,37,176,42,103,6,327,2,0,2,329
11/05/2000,JAX,FL,ASO,ES,Towers with Radar,162,45,52,22,281,3,0,17,0,20,165,45,69,22,301,4,0,4,305
11/06/2000,JAX,FL,ASO,ES,Towers with Radar,169,68,71,9,317,2,2,34,0,38,171,70,105,9,355,6,0,6,361
11/07/2000,JAX,FL,ASO,ES,Towers with Radar,198,95,65,42,400,2,0,34,0,36,200,95,99,42,436,12,38,50,486
11/08/2000,JAX,FL,ASO,ES,Towers with Radar,188,75,75,25,363,17,20,60,7,104,205,95,135,32,467,30,51,81,548
11/09/2000,JAX,FL,ASO,ES,Towers with Radar,223,93,103,19,438,2,0,45,0,47,225,93,148,19,485,25,30,55,540
11/10/2000,JAX,FL,ASO,ES,Towers with Radar,198,68,81,14,361,2,0,40,0,42,200,68,121,14,403,0,0,0,403
11/11/2000,JAX,FL,ASO,ES,Towers with Radar,188,39,86,14,327,2,0,44,0,46,190,39,130,14,373,12,29,41,414
11/12/2000,JAX,FL,ASO,ES,Towers with Radar,167,42,57,16,282,2,0,33,0,35,169,42,90,16,317,0,23,23,340
11/13/2000,JAX,FL,ASO,ES,Towers with Radar,172,78,100,21,371,2,0,14,5,21,174,78,114,26,392,58,18,76,468
11/14/2000,JAX,FL,ASO,ES,Towers with Radar,193,97,103,11,404,2,0,16,3,21,195,97,119,14,425,46,0,46,471
11/15/2000,JAX,FL,ASO,ES,Towers with Radar,198,87,83,30,398,2,0,45,2,49,200,87,128,32,447,2,59,61,508
11/16/2000,JAX,FL,ASO,ES,Towers with Radar,209,93,68,36,406,2,5,24,2,33,211,98,92,38,439,18,30,48,487
11/17/2000,JAX,FL,ASO,ES,Towers with Radar,207,88,83,57,435,2,0,13,0,15,209,88,96,57,450,3,25,28,478
11/18/2000,JAX,FL,ASO,ES,Towers with Radar,188,41,63,11,303,2,0,28,0,30,190,41,91,11,333,31,0,31,364
11/19/2000,JAX,FL,ASO,ES,Towers with Radar,183,45,52,8,288,2,0,6,0,8,185,45,58,8,296,0,0,0,296
11/20/2000,JAX,FL,ASO,ES,Towers with Radar,173,78,82,38,371,2,0,17,3,22,175,78,99,41,393,17,118,135,528
11/21/2000,JAX,FL,ASO,ES,Towers with Radar,203,102,87,17,409,2,7,14,2,25,205,109,101,19,434,10,16,26,460
11/22/2000,JAX,FL,ASO,ES,Towers with Radar,195,80,112,43,430,2,0,27,0,29,197,80,139,43,459,4,58,62,521
11/23/2000,JAX,FL,ASO,ES,Towers with Radar,189,87,31,0,307,2,1,19,0,22,191,88,50,0,329,0,0,0,329
11/24/2000,JAX,FL,ASO,ES,Towers with Radar,158,38,40,4,240,2,0,28,0,30,160,38,68,4,270,16,0,16,286
11/25/2000,JAX,FL,ASO,ES,Towers with Radar,168,35,21,0,224,2,0,2,0,4,170,35,23,0,228,0,0,0,228
11/26/2000,JAX,FL,ASO,ES,Towers with Radar,177,58,50,2,287,2,0,13,0,15,179,58,63,2,302,0,0,0,302
11/27/2000,JAX,FL,ASO,ES,Towers with Radar,182,81,88,30,381,0,0,63,9,72,182,81,151,39,453,0,39,39,492
11/28/2000,JAX,FL,ASO,ES,Towers with Radar,194,94,92,66,446,2,0,25,5,32,196,94,117,71,478,22,95,117,595
11/29/2000,JAX,FL,ASO,ES,Towers with Radar,191,90,71,55,407,2,1,26,2,31,193,91,97,57,438,56,42,98,536
11/30/2000,JAX,FL,ASO,ES,Towers with Radar,209,93,93,32,427,0,5,36,23,64,209,98,129,55,491,22,48,70,561
12/01/2000,JAX,FL,ASO,ES,Towers with Radar,193,66,86,17,362,2,4,30,5,41,195,70,116,22,403,5,33,38,441
12/02/2000,JAX,FL,ASO,ES,Towers with Radar,178,40,74,16,308,2,2,20,1,25,180,42,94,17,333,48,25,73,406
12/03/2000,JAX,FL,ASO,ES,Towers with Radar,163,44,30,4,241,2,2,0,0,4,165,46,30,4,245,0,0,0,245
12/04/2000,JAX,FL,ASO,ES,Towers with Radar,168,77,83,27,355,0,0,32,33,65,168,77,115,60,420,8,50,58,478
12/05/2000,JAX,FL,ASO,ES,Towers with Radar,192,94,68,38,392,2,2,21,5,30,194,96,89,43,422,12,28,40,462
12/06/2000,JAX,FL,ASO,ES,Towers with Radar,201,101,125,30,457,2,2,36,4,44,203,103,161,34,501,23,40,63,564
12/07/2000,JAX,FL,ASO,ES,Towers with Radar,205,98,126,34,463,2,4,45,2,53,207,102,171,36,516,20,52,72,588
12/08/2000,JAX,FL,ASO,ES,Towers with Radar,211,73,86,24,394,2,2,27,3,34,213,75,113,27,428,14,45,59,487
12/09/2000,JAX,FL,ASO,ES,Towers with Radar,170,38,42,1,251,2,1,17,0,20,172,39,59,1,271,39,0,39,310
12/10/2000,JAX,FL,ASO,ES,Towers with Radar,165,39,41,14,259,2,1,6,0,9,167,40,47,14,268,0,4,4,272
12/11/2000,JAX,FL,ASO,ES,Towers with Radar,172,91,64,20,347,2,1,0,0,3,174,92,64,20,350,0,0,0,350
12/12/2000,JAX,FL,ASO,ES,Towers with Radar,194,86,73,42,395,2,3,13,0,18,196,89,86,42,413,22,8,30,443
12/13/2000,JAX,FL,ASO,ES,Towers with Radar,179,103,119,58,459,2,1,14,4,21,181,104,133,62,480,21,14,35,515
12/14/2000,JAX,FL,ASO,ES,Towers with Radar,202,92,77,49,420,2,5,13,0,20,204,97,90,49,440,0,7,7,447
12/15/2000,JAX,FL,ASO,ES,Towers with Radar,198,97,87,8,390,2,1,5,0,8,200,98,92,8,398,4,0,4,402
12/16/2000,JAX,FL,ASO,ES,Towers with Radar,190,38,28,9,265,2,1,51,0,54,192,39,79,9,319,9,0,9,328
12/17/2000,JAX,FL,ASO,ES,Towers with Radar,166,53,42,12,273,2,1,12,0,15,168,54,54,12,288,2,24,26,314
12/18/2000,JAX,FL,ASO,ES,Towers with Radar,188,67,65,19,339,2,2,41,0,45,190,69,106,19,384,3,56,59,443
12/19/2000,JAX,FL,ASO,ES,Towers with Radar,200,95,52,41,388,2,1,10,0,13,202,96,62,41,401,0,44,44,445
12/20/2000,JAX,FL,ASO,ES,Towers with Radar,200,101,87,15,403,1,4,38,0,43,201,105,125,15,446,37,42,79,525
12/21/2000,JAX,FL,ASO,ES,Towers with Radar,208,102,86,53,449,1,3,49,1,54,209,105,135,54,503,14,24,38,541
12/22/2000,JAX,FL,ASO,ES,Towers with Radar,203,62,43,19,327,1,3,24,1,29,204,65,67,20,356,4,0,4,360
12/23/2000,JAX,FL,ASO,ES,Towers with Radar,200,42,51,2,295,1,2,32,0,35,201,44,83,2,330,16,0,16,346
12/24/2000,JAX,FL,ASO,ES,Towers with Radar,156,34,25,0,215,1,2,8,0,11,157,36,33,0,226,4,0,4,230
12/25/2000,JAX,FL,ASO,ES,Towers with Radar,122,45,4,0,171,1,2,3,0,6,123,47,7,0,177,0,0,0,177
12/26/2000,JAX,FL,ASO,ES,Towers with Radar,161,69,39,4,273,1,2,3,0,6,162,71,42,4,279,0,0,0,279
12/27/2000,JAX,FL,ASO,ES,Towers with Radar,195,80,45,37,357,1,2,35,7,45,196,82,80,44,402,30,4,34,436
12/28/2000,JAX,FL,ASO,ES,Towers with Radar,244,115,50,9,418,1,2,0,0,3,245,117,50,9,421,0,0,0,421
12/29/2000,JAX,FL,ASO,ES,Towers with Radar,214,77,65,13,369,1,2,22,1,26,215,79,87,14,395,41,46,87,482
12/30/2000,JAX,FL,ASO,ES,Towers with Radar,159,30,53,3,245,30,0,32,0,62,189,30,85,3,307,0,0,0,307
12/31/2000,JAX,FL,ASO,ES,Towers with Radar,146,46,9,0,201,1,2,14,0,17,147,48,23,0,218,0,0,0,218
01/01/2001,JAX,FL,ASO,ES,Towers with Radar,125,59,50,2,236,5,0,20,0,25,130,59,70,2,261,7,0,7,268
01/02/2001,JAX,FL,ASO,ES,Towers with Radar,176,72,50,12,310,0,0,21,0,21,176,72,71,12,331,29,43,72,403
01/03/2001,JAX,FL,ASO,ES,Towers with Radar,198,104,54,35,391,0,0,17,0,17,198,104,71,35,408,13,12,25,433
01/04/2001,JAX,FL,ASO,ES,Towers with Radar,193,90,61,27,371,0,0,38,0,38,193,90,99,27,409,44,16,60,469
01/05/2001,JAX,FL,ASO,ES,Towers with Radar,212,92,50,34,388,0,0,37,4,41,212,92,87,38,429,20,34,54,483
01/06/2001,JAX,FL,ASO,ES,Towers with Radar,165,35,32,6,238,0,0,18,0,18,165,35,50,6,256,17,0,17,273
01/07/2001,JAX,FL,ASO,ES,Towers with Radar,177,52,16,36,281,0,1,14,0,15,177,53,30,36,296,2,69,71,367
01/08/2001,JAX,FL,ASO,ES,Towers with Radar,166,87,86,14,353,0,0,12,0,12,166,87,98,14,365,15,0,15,380
01/09/2001,JAX,FL,ASO,ES,Towers with Radar,182,98,63,37,380,0,0,23,0,23,182,98,86,37,403,6,97,103,506
01/10/2001,JAX,FL,ASO,ES,Towers with Radar,183,87,58,31,359,0,0,21,0,21,183,87,79,31,380,19,0,19,399
01/11/2001,JAX,FL,ASO,ES,Towers with Radar,201,94,78,36,409,0,0,20,0,20,201,94,98,36,429,59,8,67,496
01/12/2001,JAX,FL,ASO,ES,Towers with Radar,196,89,78,49,412,0,0,1,0,1,196,89,79,49,413,27,20,47,460
01/13/2001,JAX,FL,ASO,ES,Towers with Radar,166,34,111,25,336,0,0,39,0,39,166,34,150,25,375,8,6,14,389
01/14/2001,JAX,FL,ASO,ES,Towers with Radar,180,45,69,4,298,0,0,11,0,11,180,45,80,4,309,0,0,0,309
01/15/2001,JAX,FL,ASO,ES,Towers with Radar,169,61,61,2,293,0,0,13,0,13,169,61,74,2,306,10,0,10,316
01/16/2001,JAX,FL,ASO,ES,Towers with Radar,177,83,72,25,357,0,0,45,0,45,177,83,117,25,402,23,29,52,454
01/17/2001,JAX,FL,ASO,ES,Towers with Radar,189,85,72,32,378,0,4,54,27,85,189,89,126,59,463,29,26,55,518
01/18/2001,JAX,FL,ASO,ES,Towers with Radar,183,89,75,34,381,0,1,61,18,80,183,90,136,52,461,9,8,17,478
01/19/2001,JAX,FL,ASO,ES,Towers with Radar,182,71,66,29,348,11,0,43,16,70,193,71,109,45,418,10,45,55,473
01/20/2001,JAX,FL,ASO,ES,Towers with Radar,149,37,52,17,255,28,0,0,0,28,177,37,52,17,283,32,0,32,315
01/21/2001,JAX,FL,ASO,ES,Towers with Radar,129,50,47,6,232,31,0,1,0,32,160,50,48,6,264,0,0,0,264
01/22/2001,JAX,FL,ASO,ES,Towers with Radar,172,72,65,21,330,0,0,12,0,12,172,72,77,21,342,0,26,26,368
01/23/2001,JAX,FL,ASO,ES,Towers with Radar,188,79,68,29,364,0,4,13,11,28,188,83,81,40,392,2,65,67,459
01/24/2001,JAX,FL,ASO,ES,Towers with Radar,189,84,73,31,377,0,10,28,15,53,189,94,101,46,430,19,32,51,481
01/25/2001,JAX,FL,ASO,ES,Towers with Radar,191,82,70,30,373,0,25,24,6,55,191,107,94,36,428,8,99,107,535
01/26/2001,JAX,FL,ASO,ES,Towers with Radar,180,77,67,29,353,0,0,32,17,49,180,77,99,46,402,17,50,67,469
01/27/2001,JAX,FL,ASO,ES,Towers with Radar,140,38,51,8,237,20,0,69,0,89,160,38,120,8,326,18,0,18,344
01/28/2001,JAX,FL,ASO,ES,Towers with Radar,144,60,47,2,253,48,0,0,0,48,192,60,47,2,301,9,0,9,310
01/29/2001,JAX,FL,ASO,ES,Towers with Radar,169,71,61,26,327,1,11,21,17,50,170,82,82,43,377,34,17,51,428
01/30/2001,JAX,FL,ASO,ES,Towers with Radar,175,91,73,34,373,0,6,0,16,22,175,97,73,50,395,0,14,14,409
01/31/2001,JAX,FL,ASO,ES,Towers with Radar,208,96,82,36,422,0,18,29,14,61,208,114,111,50,483,0,98,98,581
02/01/2001,JAX,FL,ASO,ES,Towers with Radar,192,97,74,34,397,2,0,17,1,20,194,97,91,35,417,0,49,49,466
02/02/2001,JAX,FL,ASO,ES,Towers with Radar,192,79,69,19,359,2,0,14,0,16,194,79,83,19,375,8,0,8,383
02/03/2001,JAX,FL,ASO,ES,Towers with Radar,173,36,55,4,268,2,0,33,0,35,175,36,88,4,303,32,0,32,335
02/04/2001,JAX,FL,ASO,ES,Towers with Radar,170,51,44,2,267,2,0,0,0,2,172,51,44,2,269,0,0,0,269
02/05/2001,JAX,FL,ASO,ES,Towers with Radar,165,76,58,20,319,2,1,14,0,17,167,77,72,20,336,16,32,48,384
02/06/2001,JAX,FL,ASO,ES,Towers with Radar,182,102,61,20,365,2,1,22,0,25,184,103,83,20,390,92,9,101,491
02/07/2001,JAX,FL,ASO,ES,Towers with Radar,192,89,78,33,392,2,0,29,5,36,194,89,107,38,428,0,106,106,534
02/08/2001,JAX,FL,ASO,ES,Towers with Radar,178,89,103,39,409,2,0,49,1,52,180,89,152,40,461,17,125,142,603
02/09/2001,JAX,FL,ASO,ES,Towers with Radar,193,68,73,12,346,2,1,47,0,50,195,69,120,12,396,6,32,38,434
02/10/2001,JAX,FL,ASO,ES,Towers with Radar,177,35,47,46,305,2,0,19,0,21,179,35,66,46,326,15,3,18,344
02/11/2001,JAX,FL,ASO,ES,Towers with Radar,160,49,36,2,247,2,0,6,0,8,162,49,42,2,255,6,0,6,261
02/12/2001,JAX,FL,ASO,ES,Towers with Radar,161,80,67,39,347,2,0,0,0,2,163,80,67,39,349,0,2,2,351
02/13/2001,JAX,FL,ASO,ES,Towers with Radar,170,108,75,13,366,2,0,0,0,2,172,108,75,13,368,0,0,0,368
02/14/2001,JAX,FL,ASO,ES,Towers with Radar,189,105,81,31,406,2,0,29,1,32,191,105,110,32,438,28,8,36,474
02/15/2001,JAX,FL,ASO,ES,Towers with Radar,193,91,89,48,421,2,1,37,2,42,195,92,126,50,463,41,31,72,535
02/16/2001,JAX,FL,ASO,ES,Towers with Radar,186,84,84,8,362,2,0,31,0,33,188,84,115,8,395,29,0,29,424
02/17/2001,JAX,FL,ASO,ES,Towers with Radar,195,34,68,0,297,2,0,29,0,31,197,34,97,0,328,10,0,10,338
02/18/2001,JAX,FL,ASO,ES,Towers with Radar,170,53,32,9,264,1,0,21,0,22,171,53,53,9,286,0,0,0,286
02/19/2001,JAX,FL,ASO,ES,Towers with Radar,168,84,51,9,312,1,0,36,0,37,169,84,87,9,349,34,10,44,393
02/20/2001,JAX,FL,ASO,ES,Towers with Radar,172,75,76,30,353,1,0,30,0,31,173,75,106,30,384,21,58,79,463
02/21/2001,JAX,FL,ASO,ES,Towers with Radar,200,100,88,73,461,1,3,22,4,30,201,103,110,77,491,14,52,66,557
02/22/2001,JAX,FL,ASO,ES,Towers with Radar,184,96,88,32,400,0,5,14,18,37,184,101,102,50,437,4,73,77,514
02/23/2001,JAX,FL,ASO,ES,Towers with Radar,200,79,97,57,433,1,2,1,4,8,201,81,98,61,441,0,37,37,478
02/24/2001,JAX,FL,ASO,ES,Towers with Radar,179,51,83,15,328,1,0,6,0,7,180,51,89,15,335,17,0,17,352
02/25/2001,JAX,FL,ASO,ES,Towers with Radar,171,49,62,0,282,1,2,31,0,34,172,51,93,0,316,68,0,68,384
02/26/2001,JAX,FL,ASO,ES,Towers with Radar,164,75,63,48,350,1,0,20,0,21,165,75,83,48,371,34,49,83,454
02/27/2001,JAX,FL,ASO,ES,Towers with Radar,182,98,82,47,409,1,0,29,1,31,183,98,111,48,440,34,7,41,481
02/28/2001,JAX,FL,ASO,ES,Towers with Radar,185,102,73,23,383,1,1,10,3,15,186,103,83,26,398,0,53,53,451
03/01/2001,JAX,FL,ASO,ES,Towers with Radar,198,101,110,29,438,0,0,18,4,22,198,101,128,33,460,13,30,43,503
03/02/2001,JAX,FL,ASO,ES,Towers with Radar,193,96,80,34,403,0,1,24,5,30,193,97,104,39,433,0,32,32,465
03/03/2001,JAX,FL,ASO,ES,Towers with Radar,183,33,38,9,263,0,0,8,0,8,183,33,46,9,271,0,2,2,273
03/04/2001,JAX,FL,ASO,ES,Towers with Radar,165,55,32,2,254,0,0,0,2,2,165,55,32,4,256,0,0,0,256
03/05/2001,JAX,FL,ASO,ES,Towers with Radar,160,78,36,5,279,0,1,9,5,15,160,79,45,10,294,0,36,36,330
03/06/2001,JAX,FL,ASO,ES,Towers with Radar,176,89,67,35,367,0,1,16,2,19,176,90,83,37,386,2,92,94,480
03/07/2001,JAX,FL,ASO,ES,Towers with Radar,191,89,87,31,398,0,0,28,6,34,191,89,115,37,432,55,51,106,538
03/08/2001,JAX,FL,ASO,ES,Towers with Radar,202,94,76,63,435,0,0,38,1,39,202,94,114,64,474,5,7,12,486
03/09/2001,JAX,FL,ASO,ES,Towers with Radar,188,81,74,37,380,0,2,18,1,21,188,83,92,38,401,0,107,107,508
03/10/2001,JAX,FL,ASO,ES,Towers with Radar,179,46,42,0,267,0,0,24,0,24,179,46,66,0,291,2,0,2,293
03/11/2001,JAX,FL,ASO,ES,Towers with Radar,163,62,21,13,259,0,0,25,3,28,163,62,46,16,287,0,6,6,293
03/12/2001,JAX,FL,ASO,ES,Towers with Radar,164,83,51,30,328,0,2,13,3,18,164,85,64,33,346,14,14,28,374
03/13/2001,JAX,FL,ASO,ES,Towers with Radar,196,84,89,23,392,0,0,8,0,8,196,84,97,23,400,6,4,10,410
03/14/2001,JAX,FL,ASO,ES,Towers with Radar,190,95,92,36,413,0,1,32,6,39,190,96,124,42,452,27,34,61,513
03/15/2001,JAX,FL,ASO,ES,Towers with Radar,188,98,55,23,364,0,0,8,0,8,188,98,63,23,372,9,0,9,381
03/16/2001,JAX,FL,ASO,ES,Towers with Radar,190,90,73,19,372,0,0,35,6,41,190,90,108,25,413,6,0,6,419
03/17/2001,JAX,FL,ASO,ES,Towers with Radar,192,51,48,0,291,0,0,26,3,29,192,51,74,3,320,0,0,0,320
03/18/2001,JAX,FL,ASO,ES,Towers with Radar,168,58,46,2,274,0,0,0,0,0,168,58,46,2,274,0,0,0,274
03/19/2001,JAX,FL,ASO,ES,Towers with Radar,167,77,44,19,307,0,0,0,0,0,167,77,44,19,307,0,0,0,307
03/20/2001,JAX,FL,ASO,ES,Towers with Radar,187,100,65,22,374,0,0,16,8,24,187,100,81,30,398,0,36,36,434
03/21/2001,JAX,FL,ASO,ES,Towers with Radar,215,99,62,29,405,0,1,11,3,15,215,100,73,32,420,12,0,12,432
03/22/2001,JAX,FL,ASO,ES,Towers with Radar,185,95,92,19,391,0,0,42,5,47,185,95,134,24,438,64,60,124,562
03/23/2001,JAX,FL,ASO,ES,Towers with Radar,194,91,54,30,369,0,0,24,3,27,194,91,78,33,396,15,0,15,411
03/24/2001,JAX,FL,ASO,ES,Towers with Radar,183,47,55,1,286,0,0,34,0,34,183,47,89,1,320,24,0,24,344
03/25/2001,JAX,FL,ASO,ES,Towers with Radar,171,66,62,0,299,0,0,11,0,11,171,66,73,0,310,0,0,0,310
03/26/2001,JAX,FL,ASO,ES,Towers with Radar,166,84,36,32,318,0,0,24,2,26,166,84,60,34,344,0,59,59,403
03/27/2001,JAX,FL,ASO,ES,Towers with Radar,176,86,86,29,377,0,0,26,1,27,176,86,112,30,404,0,16,16,420
03/28/2001,JAX,FL,ASO,ES,Towers with Radar,228,94,79,35,436,0,1,10,4,15,228,95,89,39,451,0,33,33,484
03/29/2001,JAX,FL,ASO,ES,Towers with Radar,180,93,58,13,344,0,0,3,0,3,180,93,61,13,347,0,16,16,363
03/30/2001,JAX,FL,ASO,ES,Towers with Radar,182,86,81,13,362,0,0,5,3,8,182,86,86,16,370,2,14,16,386
03/31/2001,JAX,FL,ASO,ES,Towers with Radar,187,47,90,3,327,0,0,36,0,36,187,47,126,3,363,0,0,0,363
04/01/2001,JAX,FL,ASO,ES,Towers with Radar,201,69,78,1,349,1,0,40,0,41,202,69,118,1,390,6,0,6,396
04/02/2001,JAX,FL,ASO,ES,Towers with Radar,176,78,57,19,330,0,0,37,4,41,176,78,94,23,371,27,9,36,407
04/03/2001,JAX,FL,ASO,ES,Towers with Radar,175,74,69,22,340,12,11,44,16,83,187,85,113,38,423,0,32,32,455
04/04/2001,JAX,FL,ASO,ES,Towers with Radar,205,98,122,61,486,0,0,21,3,24,205,98,143,64,510,0,14,14,524
04/05/2001,JAX,FL,ASO,ES,Towers with Radar,193,92,98,31,414,0,0,28,0,28,193,92,126,31,442,8,0,8,450
04/06/2001,JAX,FL,ASO,ES,Towers with Radar,186,101,100,38,425,0,0,80,3,83,186,101,180,41,508,83,0,83,591
04/07/2001,JAX,FL,ASO,ES,Towers with Radar,183,48,71,55,357,0,0,41,1,42,183,48,112,56,399,8,23,31,430
04/08/2001,JAX,FL,ASO,ES,Towers with Radar,178,45,44,5,272,0,0,41,1,42,178,45,85,6,314,78,22,100,414
04/09/2001,JAX,FL,ASO,ES,Towers with Radar,167,88,72,35,362,0,0,25,2,27,167,88,97,37,389,0,6,6,395
04/10/2001,JAX,FL,ASO,ES,Towers with Radar,198,94,88,29,409,0,6,23,6,35,198,100,111,35,444,0,35,35,479
04/11/2001,JAX,FL,ASO,ES,Towers with Radar,196,91,109,51,447,0,0,62,1,63,196,91,171,52,510,22,41,63,573
04/12/2001,JAX,FL,ASO,ES,Towers with Radar,195,99,124,21,439,0,0,52,0,52,195,99,176,21,491,0,2,2,493
04/13/2001,JAX,FL,ASO,ES,Towers with Radar,184,90,85,28,387,0,12,16,14,42,184,102,101,42,429,0,44,44,473
04/14/2001,JAX,FL,ASO,ES,Towers with Radar,175,44,37,6,262,0,0,16,1,17,175,44,53,7,279,2,0,2,281
04/15/2001,JAX,FL,ASO,ES,Towers with Radar,179,36,31,0,246,0,0,11,0,11,179,36,42,0,257,18,0,18,275
04/16/2001,JAX,FL,ASO,ES,Towers with Radar,168,75,75,14,332,0,0,12,0,12,168,75,87,14,344,12,0,12,356
04/17/2001,JAX,FL,ASO,ES,Towers with Radar,184,104,56,17,361,0,0,25,2,27,184,104,81,19,388,11,34,45,433
04/18/2001,JAX,FL,ASO,ES,Towers with Radar,206,85,96,29,416,0,0,43,3,46,206,85,139,32,462,33,15,48,510
04/19/2001,JAX,FL,ASO,ES,Towers with Radar,188,99,57,23,367,0,0,18,0,18,188,99,75,23,385,0,4,4,389
04/20/2001,JAX,FL,ASO,ES,Towers with Radar,198,85,54,56,393,0,0,31,0,31,198,85,85,56,424,4,39,43,467
04/21/2001,JAX,FL,ASO,ES,Towers with Radar,185,39,64,2,290,0,0,56,0,56,185,39,120,2,346,14,0,14,360
04/22/2001,JAX,FL,ASO,ES,Towers with Radar,177,48,41,2,268,0,2,29,0,31,177,50,70,2,299,37,0,37,336
04/23/2001,JAX,FL,ASO,ES,Towers with Radar,161,80,87,28,356,0,0,29,2,31,161,80,116,30,387,6,39,45,432
04/24/2001,JAX,FL,ASO,ES,Towers with Radar,184,81,96,15,376,0,1,29,0,30,184,82,125,15,406,0,0,0,406
04/25/2001,JAX,FL,ASO,ES,Towers with Radar,206,84,64,25,379,0,1,0,0,1,206,85,64,25,380,0,0,0,380
04/26/2001,JAX,FL,ASO,ES,Towers with Radar,183,95,63,38,379,0,11,36,2,49,183,106,99,40,428,2,102,104,532
04/27/2001,JAX,FL,ASO,ES,Towers with Radar,179,97,94,23,393,0,0,54,5,59,179,97,148,28,452,21,76,97,549
04/28/2001,JAX,FL,ASO,ES,Towers with Radar,117,35,45,0,197,64,0,29,0,93,181,35,74,0,290,5,0,5,295
04/29/2001,JAX,FL,ASO,ES,Towers with Radar,170,46,46,3,265,0,0,37,0,37,170,46,83,3,302,0,0,0,302
04/30/2001,JAX,FL,ASO,ES,Towers with Radar,173,79,61,20,333,0,0,22,0,22,173,79,83,20,355,0,3,3,358
05/01/2001,JAX,FL,ASO,ES,Towers with Radar,183,86,66,26,361,0,1,29,1,31,183,87,95,27,392,40,4,44,436
05/02/2001,JAX,FL,ASO,ES,Towers with Radar,190,77,94,18,379,0,3,27,3,33,190,80,121,21,412,56,14,70,482
05/03/2001,JAX,FL,ASO,ES,Towers with Radar,183,89,46,34,352,0,1,22,0,23,183,90,68,34,375,30,4,34,409
05/04/2001,JAX,FL,ASO,ES,Towers with Radar,179,72,70,21,342,0,5,28,2,35,179,77,98,23,377,12,6,18,395
05/05/2001,JAX,FL,ASO,ES,Towers with Radar,165,33,45,28,271,0,1,25,5,31,165,34,70,33,302,10,19,29,331
05/06/2001,JAX,FL,ASO,ES,Towers with Radar,174,44,29,17,264,0,1,26,4,31,174,45,55,21,295,3,22,25,320
05/07/2001,JAX,FL,ASO,ES,Towers with Radar,171,66,66,34,337,0,1,11,0,12,171,67,77,34,349,11,19,30,379
05/08/2001,JAX,FL,ASO,ES,Towers with Radar,185,94,65,23,367,0,2,16,1,19,185,96,81,24,386,8,18,26,412
05/09/2001,JAX,FL,ASO,ES,Towers with Radar,196,73,76,38,383,0,1,35,3,39,196,74,111,41,422,27,18,45,467
05/10/2001,JAX,FL,ASO,ES,Towers with Radar,181,84,51,30,346,0,1,23,9,33,181,85,74,39,379,22,21,43,422
05/11/2001,JAX,FL,ASO,ES,Towers with Radar,172,84,79,16,351,0,2,26,0,28,172,86,105,16,379,13,2,15,394
05/12/2001,JAX,FL,ASO,ES,Towers with Radar,174,35,46,4,259,0,1,26,0,27,174,36,72,4,286,36,0,36,322
05/13/2001,JAX,FL,ASO,ES,Towers with Radar,134,36,44,6,220,48,0,0,0,48,182,36,44,6,268,8,0,8,276
05/14/2001,JAX,FL,ASO,ES,Towers with Radar,168,65,61,6,300,0,2,43,4,49,168,67,104,10,349,12,33,45,394
05/15/2001,JAX,FL,ASO,ES,Towers with Radar,206,88,79,33,406,0,3,60,2,65,206,91,139,35,471,23,0,23,494
05/16/2001,JAX,FL,ASO,ES,Towers with Radar,211,77,71,24,383,0,1,34,0,35,211,78,105,24,418,2,28,30,448
05/17/2001,JAX,FL,ASO,ES,Towers with Radar,188,88,61,34,371,0,0,16,2,18,188,88,77,36,389,18,8,26,415
05/18/2001,JAX,FL,ASO,ES,Towers with Radar,186,82,55,16,339,0,0,43,1,44,186,82,98,17,383,8,47,55,438
05/19/2001,JAX,FL,ASO,ES,Towers with Radar,178,38,49,0,265,0,0,43,0,43,178,38,92,0,308,15,0,15,323
05/20/2001,JAX,FL,ASO,ES,Towers with Radar,170,46,37,0,253,0,0,23,0,23,170,46,60,0,276,13,0,13,289
05/21/2001,JAX,FL,ASO,ES,Towers with Radar,172,62,59,17,310,0,3,30,4,37,172,65,89,21,347,8,24,32,379
05/22/2001,JAX,FL,ASO,ES,Towers with Radar,185,86,72,30,373,0,0,34,1,35,185,86,106,31,408,11,14,25,433
05/23/2001,JAX,FL,ASO,ES,Towers with Radar,193,84,94,29,400,0,0,49,3,52,193,84,143,32,452,2,17,19,471
05/24/2001,JAX,FL,ASO,ES,Towers with Radar,188,95,111,17,411,0,0,65,7,72,188,95,176,24,483,4,18,22,505
05/25/2001,JAX,FL,ASO,ES,Towers with Radar,193,73,76,0,342,0,0,26,0,26,193,73,102,0,368,64,0,64,432
05/26/2001,JAX,FL,ASO,ES,Towers with Radar,178,29,47,3,257,0,0,10,1,11,178,29,57,4,268,57,0,57,325
05/27/2001,JAX,FL,ASO,ES,Towers with Radar,146,33,31,6,216,0,0,10,0,10,146,33,41,6,226,0,0,0,226
05/28/2001,JAX,FL,ASO,ES,Towers with Radar,151,60,26,0,237,0,1,11,0,12,151,61,37,0,249,0,0,0,249
05/29/2001,JAX,FL,ASO,ES,Towers with Radar,162,67,59,18,306,0,0,5,12,17,162,67,64,30,323,8,24,32,355
05/30/2001,JAX,FL,ASO,ES,Towers with Radar,186,92,76,34,388,0,0,8,0,8,186,92,84,34,396,21,38,59,455
05/31/2001,JAX,FL,ASO,ES,Towers with Radar,182,89,78,32,381,0,2,16,3,21,182,91,94,35,402,32,56,88,490
06/01/2001,JAX,FL,ASO,ES,Towers with Radar,179,68,57,23,327,1,1,13,2,17,180,69,70,25,344,43,0,43,387
06/02/2001,JAX,FL,ASO,ES,Towers with Radar,150,64,44,26,284,1,1,17,1,20,151,65,61,27,304,0,30,30,334
06/03/2001,JAX,FL,ASO,ES,Towers with Radar,173,43,33,8,257,1,1,31,2,35,174,44,64,10,292,9,2,11,303
06/04/2001,JAX,FL,ASO,ES,Towers with Radar,167,68,71,18,324,1,2,35,2,40,168,70,106,20,364,31,0,31,395
06/05/2001,JAX,FL,ASO,ES,Towers with Radar,206,83,64,34,387,1,1,22,5,29,207,84,86,39,416,25,34,59,475
06/06/2001,JAX,FL,ASO,ES,Towers with Radar,179,101,80,43,403,1,1,27,3,32,180,102,107,46,435,22,14,36,471
06/07/2001,JAX,FL,ASO,ES,Towers with Radar,173,84,89,22,368,1,0,28,5,34,174,84,117,27,402,2,30,32,434
06/08/2001,JAX,FL,ASO,ES,Towers with Radar,189,77,55,20,341,1,0,12,4,17,190,77,67,24,358,0,27,27,385
06/09/2001,JAX,FL,ASO,ES,Towers with Radar,188,32,48,2,270,1,1,23,5,30,189,33,71,7,300,4,0,4,304
06/10/2001,JAX,FL,ASO,ES,Towers with Radar,164,38,37,1,240,1,0,8,1,10,165,38,45,2,250,2,0,2,252
06/11/2001,JAX,FL,ASO,ES,Towers with Radar,150,63,59,7,279,0,0,54,0,54,150,63,113,7,333,0,14,14,347
06/12/2001,JAX,FL,ASO,ES,Towers with Radar,172,81,48,17,318,1,0,5,1,7,173,81,53,18,325,8,4,12,337
06/13/2001,JAX,FL,ASO,ES,Towers with Radar,196,83,66,22,367,1,0,12,3,16,197,83,78,25,383,2,20,22,405
06/14/2001,JAX,FL,ASO,ES,Towers with Radar,172,108,60,46,386,1,1,14,5,21,173,109,74,51,407,12,21,33,440
06/15/2001,JAX,FL,ASO,ES,Towers with Radar,172,78,63,33,346,1,0,17,2,20,173,78,80,35,366,17,33,50,416
06/16/2001,JAX,FL,ASO,ES,Towers with Radar,167,41,22,2,232,1,0,20,1,22,168,41,42,3,254,3,0,3,257
06/17/2001,JAX,FL,ASO,ES,Towers with Radar,162,33,24,4,223,1,2,22,1,26,163,35,46,5,249,2,14,16,265
06/18/2001,JAX,FL,ASO,ES,Towers with Radar,172,72,59,22,325,1,0,16,4,21,173,72,75,26,346,20,20,40,386
06/19/2001,JAX,FL,ASO,ES,Towers with Radar,178,88,93,40,399,1,0,16,4,21,179,88,109,44,420,6,45,51,471
06/20/2001,JAX,FL,ASO,ES,Towers with Radar,186,81,96,38,401,1,0,41,5,47,187,81,137,43,448,16,68,84,532
06/21/2001,JAX,FL,ASO,ES,Towers with Radar,179,90,69,16,354,1,0,25,3,29,180,90,94,19,383,14,22,36,419
06/22/2001,JAX,FL,ASO,ES,Towers with Radar,180,77,64,22,343,1,0,15,1,17,181,77,79,23,360,10,0,10,370
06/23/2001,JAX,FL,ASO,ES,Towers with Radar,165,36,65,0,266,1,0,22,0,23,166,36,87,0,289,42,0,42,331
06/24/2001,JAX,FL,ASO,ES,Towers with Radar,158,43,26,0,227,1,0,13,1,15,159,43,39,1,242,23,0,23,265
06/25/2001,JAX,FL,ASO,ES,Towers with Radar,173,65,51,18,307,1,0,36,1,38,174,65,87,19,345,0,14,14,359
06/26/2001,JAX,FL,ASO,ES,Towers with Radar,178,84,78,17,357,1,2,43,2,48,179,86,121,19,405,41,26,67,472
06/27/2001,JAX,FL,ASO,ES,Towers with Radar,185,80,52,30,347,1,0,16,0,17,186,80,68,30,364,14,54,68,432
06/28/2001,JAX,FL,ASO,ES,Towers with Radar,174,86,71,53,384,1,0,14,4,19,175,86,85,57,403,2,114,116,519
06/29/2001,JAX,FL,ASO,ES,Towers with Radar,170,86,64,12,332,0,4,9,1,14,170,90,73,13,346,22,0,22,368
06/30/2001,JAX,FL,ASO,ES,Towers with Radar,164,33,50,2,249,0,1,27,0,28,164,34,77,2,277,16,0,16,293
07/01/2001,JAX,FL,ASO,ES,Towers with Radar,150,44,24,0,218,1,0,3,0,4,151,44,27,0,222,1,0,1,223
07/02/2001,JAX,FL,ASO,ES,Towers with Radar,176,58,22,22,278,0,0,24,8,32,176,58,46,30,310,2,26,28,338
07/03/2001,JAX,FL,ASO,ES,Towers with Radar,178,79,58,19,334,0,1,28,2,31,178,80,86,21,365,19,2,21,386
07/04/2001,JAX,FL,ASO,ES,Towers with Radar,176,56,18,0,250,1,0,20,0,21,177,56,38,0,271,26,0,26,297
07/05/2001,JAX,FL,ASO,ES,Towers with Radar,173,71,47,7,298,0,0,10,1,11,173,71,57,8,309,34,0,34,343
07/06/2001,JAX,FL,ASO,ES,Towers with Radar,168,75,31,17,291,0,0,29,5,34,168,75,60,22,325,14,0,14,339
07/07/2001,JAX,FL,ASO,ES,Towers with Radar,171,33,18,5,227,0,0,19,1,20,171,33,37,6,247,3,0,3,250
07/08/2001,JAX,FL,ASO,ES,Towers with Radar,152,47,33,0,232,1,0,14,0,15,153,47,47,0,247,0,0,0,247
07/09/2001,JAX,FL,ASO,ES,Towers with Radar,154,80,60,15,309,1,0,21,2,24,155,80,81,17,333,38,108,146,479
07/10/2001,JAX,FL,ASO,ES,Towers with Radar,175,88,61,16,340,1,2,20,0,23,176,90,81,16,363,10,0,10,373
07/11/2001,JAX,FL,ASO,ES,Towers with Radar,188,88,75,19,370,1,0,31,1,33,189,88,106,20,403,15,8,23,426
07/12/2001,JAX,FL,ASO,ES,Towers with Radar,174,105,54,38,371,1,0,29,0,30,175,105,83,38,401,32,35,67,468
07/13/2001,JAX,FL,ASO,ES,Towers with Radar,178,76,54,19,327,1,0,19,0,20,179,76,73,19,347,17,29,46,393
07/14/2001,JAX,FL,ASO,ES,Towers with Radar,212,45,46,1,304,1,0,14,2,17,213,45,60,3,321,0,0,0,321
07/15/2001,JAX,FL,ASO,ES,Towers with Radar,167,38,30,9,244,1,1,38,0,40,168,39,68,9,284,11,6,17,301
07/16/2001,JAX,FL,ASO,ES,Towers with Radar,158,77,72,11,318,1,0,18,0,19,159,77,90,11,337,14,4,18,355
07/17/2001,JAX,FL,ASO,ES,Towers with Radar,180,88,78,49,395,1,0,23,7,31,181,88,101,56,426,0,6,6,432
07/18/2001,JAX,FL,ASO,ES,Towers with Radar,205,91,68,17,381,1,0,15,1,17,206,91,83,18,398,22,0,22,420
07/19/2001,JAX,FL,ASO,ES,Towers with Radar,181,89,47,23,340,1,0,35,34,70,182,89,82,57,410,9,129,138,548
07/20/2001,JAX,FL,ASO,ES,Towers with Radar,172,82,51,24,329,1,0,27,1,29,173,82,78,25,358,0,0,0,358
07/21/2001,JAX,FL,ASO,ES,Towers with Radar,171,36,47,26,280,1,0,4,1,6,172,36,51,27,286,0,6,6,292
07/22/2001,JAX,FL,ASO,ES,Towers with Radar,153,62,44,21,280,1,0,9,0,10,154,62,53,21,290,0,13,13,303
07/23/2001,JAX,FL,ASO,ES,Towers with Radar,156,79,60,8,303,1,0,13,0,14,157,79,73,8,317,0,20,20,337
07/24/2001,JAX,FL,ASO,ES,Towers with Radar,173,110,72,26,381,1,0,23,0,24,174,110,95,26,405,6,42,48,453
07/25/2001,JAX,FL,ASO,ES,Towers with Radar,182,87,62,15,346,0,7,83,0,90,182,94,145,15,436,6,0,6,442
07/26/2001,JAX,FL,ASO,ES,Towers with Radar,174,101,88,33,396,1,0,30,2,33,175,101,118,35,429,0,30,30,459
07/27/2001,JAX,FL,ASO,ES,Towers with Radar,170,85,88,13,356,1,7,23,5,36,171,92,111,18,392,10,30,40,432
07/28/2001,JAX,FL,ASO,ES,Towers with Radar,156,52,37,1,246,1,0,36,0,37,157,52,73,1,283,26,0,26,309
07/29/2001,JAX,FL,ASO,ES,Towers with Radar,144,67,65,5,281,0,0,20,0,20,144,67,85,5,301,0,6,6,307
07/30/2001,JAX,FL,ASO,ES,Towers with Radar,169,70,42,19,300,0,0,10,3,13,169,70,52,22,313,4,35,39,352
07/31/2001,JAX,FL,ASO,ES,Towers with Radar,187,86,55,21,349,0,0,3,0,3,187,86,58,21,352,4,2,6,358
08/01/2001,JAX,FL,ASO,ES,Towers with Radar,187,91,56,25,359,1,0,1,2,4,188,91,57,27,363,0,24,24,387
08/02/2001,JAX,FL,ASO,ES,Towers with Radar,168,105,71,16,360,0,0,30,2,32,168,105,101,18,392,34,18,52,444
08/03/2001,JAX,FL,ASO,ES,Towers with Radar,175,92,51,31,349,1,0,14,0,15,176,92,65,31,364,16,8,24,388
08/04/2001,JAX,FL,ASO,ES,Towers with Radar,165,43,40,12,260,1,1,19,0,21,166,44,59,12,281,16,4,20,301
08/05/2001,JAX,FL,ASO,ES,Towers with Radar,157,52,23,9,241,1,0,5,0,6,158,52,28,9,247,0,0,0,247
08/06/2001,JAX,FL,ASO,ES,Towers with Radar,169,72,58,5,304,1,0,29,0,30,170,72,87,5,334,1,0,1,335
08/07/2001,JAX,FL,ASO,ES,Towers with Radar,179,87,62,38,366,1,0,38,2,41,180,87,100,40,407,20,4,24,431
08/08/2001,JAX,FL,ASO,ES,Towers with Radar,176,77,56,13,322,20,3,57,7,87,196,80,113,20,409,5,41,46,455
08/09/2001,JAX,FL,ASO,ES,Towers with Radar,177,90,72,13,352,1,2,20,1,24,178,92,92,14,376,0,0,0,376
08/10/2001,JAX,FL,ASO,ES,Towers with Radar,165,86,59,12,322,0,1,16,2,19,165,87,75,14,341,2,0,2,343
08/11/2001,JAX,FL,ASO,ES,Towers with Radar,154,55,46,1,256,0,1,25,0,26,154,56,71,1,282,8,0,8,290
08/12/2001,JAX,FL,ASO,ES,Towers with Radar,171,45,47,2,265,0,1,17,0,18,171,46,64,2,283,5,0,5,288
08/13/2001,JAX,FL,ASO,ES,Towers with Radar,176,67,48,17,308,0,1,20,1,22,176,68,68,18,330,0,61,61,391
08/14/2001,JAX,FL,ASO,ES,Towers with Radar,180,91,77,17,365,0,2,23,1,26,180,93,100,18,391,0,18,18,409
08/15/2001,JAX,FL,ASO,ES,Towers with Radar,198,77,70,14,359,0,0,22,0,22,198,77,92,14,381,2,46,48,429
08/16/2001,JAX,FL,ASO,ES,Towers with Radar,175,87,58,23,343,0,1,22,0,23,175,88,80,23,366,10,46,56,422
08/17/2001,JAX,FL,ASO,ES,Towers with Radar,177,94,64,13,348,0,1,26,0,27,177,95,90,13,375,0,0,0,375
08/18/2001,JAX,FL,ASO,ES,Towers with Radar,170,31,28,1,230,0,1,26,1,28,170,32,54,2,258,0,0,0,258
08/19/2001,JAX,FL,ASO,ES,Towers with Radar,157,62,38,5,262,0,1,18,0,19,157,63,56,5,281,6,4,10,291
08/20/2001,JAX,FL,ASO,ES,Towers with Radar,169,71,61,0,301,0,1,29,2,32,169,72,90,2,333,7,8,15,348
08/21/2001,JAX,FL,ASO,ES,Towers with Radar,183,90,54,19,346,0,1,24,2,27,183,91,78,21,373,4,4,8,381
08/22/2001,JAX,FL,ASO,ES,Towers with Radar,190,81,61,17,349,0,1,29,3,33,190,82,90,20,382,2,18,20,402
08/23/2001,JAX,FL,ASO,ES,Towers with Radar,180,75,75,32,362,0,1,40,4,45,180,76,115,36,407,0,35,35,442
08/24/2001,JAX,FL,ASO,ES,Towers with Radar,171,89,40,13,313,0,1,22,2,25,171,90,62,15,338,10,8,18,356
08/25/2001,JAX,FL,ASO,ES,Towers with Radar,158,30,41,0,229,0,1,25,0,26,158,31,66,0,255,0,0,0,255
08/26/2001,JAX,FL,ASO,ES,Towers with Radar,167,50,39,7,263,0,1,18,0,19,167,51,57,7,282,10,2,12,294
08/27/2001,JAX,FL,ASO,ES,Towers with Radar,170,68,38,20,296,0,1,19,3,23,170,69,57,23,319,0,35,35,354
08/28/2001,JAX,FL,ASO,ES,Towers with Radar,173,107,67,17,364,0,0,8,2,10,173,107,75,19,374,1,38,39,413
08/29/2001,JAX,FL,ASO,ES,Towers with Radar,175,80,57,18,330,0,0,16,4,20,175,80,73,22,350,15,54,69,419
08/30/2001,JAX,FL,ASO,ES,Towers with Radar,185,85,91,7,368,0,0,31,2,33,185,85,122,9,401,0,7,7,408
08/31/2001,JAX,FL,ASO,ES,Towers with Radar,166,90,56,5,317,0,0,9,0,9,166,90,65,5,326,0,6,6,332
09/01/2001,JAX,FL,ASO,ES,Towers with Radar,167,40,44,3,254,1,0,10,0,11,168,40,54,3,265,0,0,0,265
09/02/2001,JAX,FL,ASO,ES,Towers with Radar,145,36,19,2,202,1,0,16,1,18,146,36,35,3,220,6,0,6,226
09/03/2001,JAX,FL,ASO,ES,Towers with Radar,159,50,50,0,259,1,0,13,0,14,160,50,63,0,273,0,0,0,273
09/04/2001,JAX,FL,ASO,ES,Towers with Radar,164,73,47,34,318,1,0,17,0,18,165,73,64,34,336,0,85,85,421
09/05/2001,JAX,FL,ASO,ES,Towers with Radar,187,80,49,24,340,1,0,9,4,14,188,80,58,28,354,12,10,22,376
09/06/2001,JAX,FL,ASO,ES,Towers with Radar,181,85,45,13,324,0,1,15,0,16,181,86,60,13,340,0,13,13,353
09/07/2001,JAX,FL,ASO,ES,Towers with Radar,180,73,53,34,340,0,0,22,0,22,180,73,75,34,362,0,52,52,414
09/08/2001,JAX,FL,ASO,ES,Towers with Radar,147,37,27,24,235,0,0,15,0,15,147,37,42,24,250,0,0,0,250
09/09/2001,JAX,FL,ASO,ES,Towers with Radar,149,59,29,17,254,0,0,12,1,13,149,59,41,18,267,0,0,0,267
09/10/2001,JAX,FL,ASO,ES,Towers with Radar,166,66,49,19,300,0,0,25,0,25,166,66,74,19,325,0,21,21,346
09/11/2001,JAX,FL,ASO,ES,Towers with Radar,68,35,33,14,150,0,0,3,1,4,68,35,36,15,154,0,0,0,154
09/12/2001,JAX,FL,ASO,ES,Towers with Radar,0,0,0,0,0,0,0,0,0,0,0,0,0,0,0,0,0,0,0
09/13/2001,JAX,FL,ASO,ES,Towers with Radar,39,25,6,9,79,0,0,1,0,1,39,25,7,9,80,0,0,0,80
09/14/2001,JAX,FL,ASO,ES,Towers with Radar,84,49,6,4,143,0,0,1,1,2,84,49,7,5,145,0,0,0,145
09/15/2001,JAX,FL,ASO,ES,Towers with Radar,105,40,8,8,161,0,0,1,0,1,105,40,9,8,162,0,14,14,176
09/16/2001,JAX,FL,ASO,ES,Towers with Radar,132,47,37,5,221,0,1,3,0,4,132,48,40,5,225,0,0,0,225
09/17/2001,JAX,FL,ASO,ES,Towers with Radar,146,55,74,14,289,0,1,2,0,3,146,56,76,14,292,0,2,2,294
09/18/2001,JAX,FL,ASO,ES,Towers with Radar,155,76,65,41,337,0,0,6,0,6,155,76,71,41,343,18,0,18,361
09/19/2001,JAX,FL,ASO,ES,Towers with Radar,160,77,121,42,400,0,0,2,2,4,160,77,123,44,404,0,50,50,454
09/20/2001,JAX,FL,ASO,ES,Towers with Radar,156,75,84,27,342,0,0,3,3,6,156,75,87,30,348,0,18,18,366
09/21/2001,JAX,FL,ASO,ES,Towers with Radar,157,74,48,13,292,0,0,10,1,11,157,74,58,14,303,6,0,6,309
09/22/2001,JAX,FL,ASO,ES,Towers with Radar,136,25,25,16,202,0,0,15,0,15,136,25,40,16,217,0,4,4,221
09/23/2001,JAX,FL,ASO,ES,Towers with Radar,152,32,32,5,221,0,0,18,0,18,152,32,50,5,239,18,0,18,257
09/24/2001,JAX,FL,ASO,ES,Towers with Radar,142,55,38,9,244,0,0,12,1,13,142,55,50,10,257,30,0,30,287
09/25/2001,JAX,FL,ASO,ES,Towers with Radar,168,82,62,28,340,0,0,16,0,16,168,82,78,28,356,19,8,27,383
09/26/2001,JAX,FL,ASO,ES,Towers with Radar,97,40,31,11,179,0,18,9,8,35,97,58,40,19,214,0,9,9,223
09/27/2001,JAX,FL,ASO,ES,Towers with Radar,161,73,67,40,341,0,1,29,4,34,161,74,96,44,375,20,8,28,403
09/28/2001,JAX,FL,ASO,ES,Towers with Radar,169,75,60,23,327,0,0,26,0,26,169,75,86,23,353,16,12,28,381
09/29/2001,JAX,FL,ASO,ES,Towers with Radar,137,29,30,1,197,0,3,7,0,10,137,32,37,1,207,0,0,0,207
09/30/2001,JAX,FL,ASO,ES,Towers with Radar,146,47,36,1,230,0,1,14,0,15,146,48,50,1,245,0,0,0,245
10/01/2001,JAX,FL,ASO,ES,Towers with Radar,147,58,43,8,256,1,0,26,1,28,148,58,69,9,284,0,8,8,292
10/02/2001,JAX,FL,ASO,ES,Towers with Radar,153,80,44,17,294,1,0,16,5,22,154,80,60,22,316,6,12,18,334
10/03/2001,JAX,FL,ASO,ES,Towers with Radar,170,76,43,27,316,1,0,26,1,28,171,76,69,28,344,20,40,60,404
10/04/2001,JAX,FL,ASO,ES,Towers with Radar,163,74,65,43,345,1,1,26,2,30,164,75,91,45,375,30,0,30,405
10/05/2001,JAX,FL,ASO,ES,Towers with Radar,158,68,54,25,305,1,0,31,0,32,159,68,85,25,337,7,6,13,350
10/06/2001,JAX,FL,ASO,ES,Towers with Radar,143,45,20,3,211,1,0,21,0,22,144,45,41,3,233,9,0,9,242
10/07/2001,JAX,FL,ASO,ES,Towers with Radar,154,41,37,2,234,1,2,1,0,4,155,43,38,2,238,5,0,5,243
10/08/2001,JAX,FL,ASO,ES,Towers with Radar,147,63,29,20,259,1,1,15,0,17,148,64,44,20,276,0,0,0,276
10/09/2001,JAX,FL,ASO,ES,Towers with Radar,161,73,65,18,317,1,0,9,0,10,162,73,74,18,327,0,4,4,331
10/10/2001,JAX,FL,ASO,ES,Towers with Radar,157,80,67,27,331,1,0,8,4,13,158,80,75,31,344,28,51,79,423
10/11/2001,JAX,FL,ASO,ES,Towers with Radar,162,81,64,45,352,1,0,17,3,21,163,81,81,48,373,0,4,4,377
10/12/2001,JAX,FL,ASO,ES,Towers with Radar,170,66,71,27,334,1,0,37,2,40,171,66,108,29,374,28,35,63,437
10/13/2001,JAX,FL,ASO,ES,Towers with Radar,132,23,33,1,189,1,0,18,0,19,133,23,51,1,208,8,0,8,216
10/14/2001,JAX,FL,ASO,ES,Towers with Radar,153,45,35,0,233,1,0,6,0,7,154,45,41,0,240,0,0,0,240
10/15/2001,JAX,FL,ASO,ES,Towers with Radar,151,60,57,24,292,0,0,15,17,32,151,60,72,41,324,0,46,46,370
10/16/2001,JAX,FL,ASO,ES,Towers with Radar,144,83,58,35,320,1,0,19,0,20,145,83,77,35,340,18,65,83,423
10/17/2001,JAX,FL,ASO,ES,Towers with Radar,169,90,69,38,366,1,8,24,2,35,170,98,93,40,401,2,15,17,418
10/18/2001,JAX,FL,ASO,ES,Towers with Radar,168,63,71,35,337,0,1,12,0,13,168,64,83,35,350,0,0,0,350
10/19/2001,JAX,FL,ASO,ES,Towers with Radar,159,66,53,24,302,0,1,7,0,8,159,67,60,24,310,12,6,18,328
10/20/2001,JAX,FL,ASO,ES,Towers with Radar,148,21,37,6,212,0,1,22,0,23,148,22,59,6,235,2,0,2,237
10/21/2001,JAX,FL,ASO,ES,Towers with Radar,154,49,55,2,260,0,1,13,0,14,154,50,68,2,274,14,0,14,288
10/22/2001,JAX,FL,ASO,ES,Towers with Radar,155,63,58,56,332,0,1,3,0,4,155,64,61,56,336,8,26,34,370
10/23/2001,JAX,FL,ASO,ES,Towers with Radar,163,69,85,23,340,0,1,6,0,7,163,70,91,23,347,2,12,14,361
10/24/2001,JAX,FL,ASO,ES,Towers with Radar,170,74,68,33,345,0,3,15,3,21,170,77,83,36,366,0,6,6,372
10/25/2001,JAX,FL,ASO,ES,Towers with Radar,163,72,59,32,326,0,2,30,0,32,163,74,89,32,358,24,0,24,382
10/26/2001,JAX,FL,ASO,ES,Towers with Radar,160,60,75,24,319,0,0,24,0,24,160,60,99,24,343,0,4,4,347
10/27/2001,JAX,FL,ASO,ES,Towers with Radar,148,37,46,4,235,0,0,17,0,17,148,37,63,4,252,0,0,0,252
10/28/2001,JAX,FL,ASO,ES,Towers with Radar,149,47,55,9,260,0,0,24,0,24,149,47,79,9,284,0,0,0,284
10/29/2001,JAX,FL,ASO,ES,Towers with Radar,147,63,47,22,279,0,1,14,0,15,147,64,61,22,294,0,50,50,344
10/30/2001,JAX,FL,ASO,ES,Towers with Radar,167,73,45,21,306,0,0,26,9,35,167,73,71,30,341,2,29,31,372
10/31/2001,JAX,FL,ASO,ES,Towers with Radar,173,74,59,22,328,0,0,25,2,27,173,74,84,24,355,0,6,6,361
11/01/2001,JAX,FL,ASO,ES,Towers with Radar,166,80,72,19,337,0,0,22,5,27,166,80,94,24,364,0,0,0,364
11/02/2001,JAX,FL,ASO,ES,Towers with Radar,161,74,86,29,350,0,0,4,1,5,161,74,90,30,355,6,0,6,361
11/03/2001,JAX,FL,ASO,ES,Towers with Radar,140,30,34,16,220,0,0,20,0,20,140,30,54,16,240,0,0,0,240
11/04/2001,JAX,FL,ASO,ES,Towers with Radar,153,46,68,16,283,0,0,12,0,12,153,46,80,16,295,0,0,0,295
11/05/2001,JAX,FL,ASO,ES,Towers with Radar,156,52,38,29,275,0,0,21,5,26,156,52,59,34,301,20,8,28,329
11/06/2001,JAX,FL,ASO,ES,Towers with Radar,165,88,68,28,349,0,0,23,8,31,165,88,91,36,380,2,8,10,390
11/07/2001,JAX,FL,ASO,ES,Towers with Radar,168,86,76,27,357,0,0,23,7,30,168,86,99,34,387,10,58,68,455
11/08/2001,JAX,FL,ASO,ES,Towers with Radar,160,86,65,26,337,0,0,27,0,27,160,86,92,26,364,15,2,17,381
11/09/2001,JAX,FL,ASO,ES,Towers with Radar,151,90,83,22,346,0,0,39,3,42,151,90,122,25,388,0,2,2,390
11/10/2001,JAX,FL,ASO,ES,Towers with Radar,136,42,53,2,233,0,0,38,1,39,136,42,91,3,272,0,16,16,288
11/11/2001,JAX,FL,ASO,ES,Towers with Radar,142,61,59,4,266,0,0,27,0,27,142,61,86,4,293,0,8,8,301
11/12/2001,JAX,FL,ASO,ES,Towers with Radar,142,76,44,9,271,0,0,29,1,30,142,76,73,10,301,2,4,6,307
11/13/2001,JAX,FL,ASO,ES,Towers with Radar,167,74,86,15,342,0,0,3,2,5,167,74,89,17,347,0,19,19,366
11/14/2001,JAX,FL,ASO,ES,Towers with Radar,154,71,50,17,292,22,24,0,1,47,176,95,50,18,339,0,0,0,339
11/15/2001,JAX,FL,ASO,ES,Towers with Radar,161,88,47,23,319,0,0,1,0,1,161,88,48,23,320,2,27,29,349
11/16/2001,JAX,FL,ASO,ES,Towers with Radar,151,83,85,27,346,0,0,10,0,10,151,83,95,27,356,22,0,22,378
11/17/2001,JAX,FL,ASO,ES,Towers with Radar,148,24,50,6,228,0,0,21,0,21,148,24,71,6,249,6,0,6,255
11/18/2001,JAX,FL,ASO,ES,Towers with Radar,153,42,53,8,256,0,0,16,0,16,153,42,69,8,272,0,0,0,272
11/19/2001,JAX,FL,ASO,ES,Towers with Radar,140,60,67,22,289,0,0,8,0,8,140,60,75,22,297,0,0,0,297
11/20/2001,JAX,FL,ASO,ES,Towers with Radar,152,66,76,26,320,0,0,28,4,32,152,66,104,30,352,12,12,24,376
11/21/2001,JAX,FL,ASO,ES,Towers with Radar,166,82,45,20,313,0,0,19,1,20,166,82,64,21,333,12,12,24,357
11/22/2001,JAX,FL,ASO,ES,Towers with Radar,107,56,14,0,177,0,0,11,0,11,107,56,25,0,188,0,0,0,188
11/23/2001,JAX,FL,ASO,ES,Towers with Radar,121,40,29,5,195,0,0,9,0,9,121,40,38,5,204,0,0,0,204
11/24/2001,JAX,FL,ASO,ES,Towers with Radar,133,50,20,5,208,0,0,8,0,8,133,50,28,5,216,0,0,0,216
11/25/2001,JAX,FL,ASO,ES,Towers with Radar,153,70,61,0,284,0,0,21,0,21,153,70,82,0,305,4,0,4,309
11/26/2001,JAX,FL,ASO,ES,Towers with Radar,148,80,61,10,299,0,0,29,2,31,148,80,90,12,330,39,2,41,371
11/27/2001,JAX,FL,ASO,ES,Towers with Radar,159,85,82,35,361,0,0,28,9,37,159,85,110,44,398,0,57,57,455
11/28/2001,JAX,FL,ASO,ES,Towers with Radar,150,84,65,18,317,0,0,21,1,22,150,84,86,19,339,4,56,60,399
11/29/2001,JAX,FL,ASO,ES,Towers with Radar,157,87,85,25,354,0,0,25,4,29,157,87,110,29,383,8,64,72,455
11/30/2001,JAX,FL,ASO,ES,Towers with Radar,155,76,73,38,342,0,0,26,1,27,155,76,99,39,369,18,51,69,438
12/01/2001,JAX,FL,ASO,ES,Towers with Radar,144,28,55,5,232,0,0,22,2,24,144,28,77,7,256,20,0,20,276
12/02/2001,JAX,FL,ASO,ES,Towers with Radar,156,42,46,8,252,0,0,26,0,26,156,42,72,8,278,0,0,0,278
12/03/2001,JAX,FL,ASO,ES,Towers with Radar,150,65,98,34,347,0,0,2,3,5,150,65,100,37,352,22,11,33,385
12/04/2001,JAX,FL,ASO,ES,Towers with Radar,169,83,89,20,361,0,1,7,1,9,169,84,96,21,370,2,48,50,420
12/05/2001,JAX,FL,ASO,ES,Towers with Radar,176,81,92,47,396,0,2,27,6,35,176,83,119,53,431,0,49,49,480
12/06/2001,JAX,FL,ASO,ES,Towers with Radar,178,80,93,28,379,0,3,28,1,32,178,83,121,29,411,38,12,50,461
12/07/2001,JAX,FL,ASO,ES,Towers with Radar,180,78,45,23,326,0,0,11,2,13,180,78,56,25,339,7,5,12,351
12/08/2001,JAX,FL,ASO,ES,Towers with Radar,148,28,60,1,237,0,0,12,0,12,148,28,72,1,249,0,0,0,249
12/09/2001,JAX,FL,ASO,ES,Towers with Radar,163,23,63,10,259,0,0,12,4,16,163,23,75,14,275,2,0,2,277
12/10/2001,JAX,FL,ASO,ES,Towers with Radar,145,59,51,17,272,0,0,1,0,1,145,59,52,17,273,0,0,0,273
12/11/2001,JAX,FL,ASO,ES,Towers with Radar,162,92,65,14,333,0,0,1,0,1,162,92,66,14,334,0,0,0,334
12/12/2001,JAX,FL,ASO,ES,Towers with Radar,160,74,82,11,327,0,0,1,0,1,160,74,83,11,328,0,0,0,328
12/13/2001,JAX,FL,ASO,ES,Towers with Radar,153,66,72,13,304,0,0,10,1,11,153,66,82,14,315,0,0,0,315
12/14/2001,JAX,FL,ASO,ES,Towers with Radar,164,69,53,6,292,0,0,4,1,5,164,69,57,7,297,0,0,0,297
12/15/2001,JAX,FL,ASO,ES,Towers with Radar,153,25,42,5,225,0,0,9,1,10,153,25,51,6,235,4,0,4,239
12/16/2001,JAX,FL,ASO,ES,Towers with Radar,163,23,39,5,230,0,0,21,3,24,163,23,60,8,254,19,6,25,279
12/17/2001,JAX,FL,ASO,ES,Towers with Radar,154,64,52,39,309,0,0,13,2,15,154,64,65,41,324,0,38,38,362
12/18/2001,JAX,FL,ASO,ES,Towers with Radar,161,76,40,37,314,0,0,10,4,14,161,76,50,41,328,16,17,33,361
12/19/2001,JAX,FL,ASO,ES,Towers with Radar,185,67,46,37,335,0,0,22,13,35,185,67,68,50,370,2,39,41,411
12/20/2001,JAX,FL,ASO,ES,Towers with Radar,183,83,57,29,352,0,0,20,4,24,183,83,77,33,376,4,58,62,438
12/21/2001,JAX,FL,ASO,ES,Towers with Radar,178,76,45,19,318,0,0,17,2,19,178,76,62,21,337,12,0,12,349
12/22/2001,JAX,FL,ASO,ES,Towers with Radar,146,40,30,2,218,0,0,20,0,20,146,40,50,2,238,20,0,20,258
12/23/2001,JAX,FL,ASO,ES,Towers with Radar,93,33,30,5,161,71,1,5,0,77,164,34,35,5,238,7,6,13,251
12/24/2001,JAX,FL,ASO,ES,Towers with Radar,121,47,20,5,193,0,0,5,0,5,121,47,25,5,198,0,0,0,198
12/25/2001,JAX,FL,ASO,ES,Towers with Radar,120,67,10,0,197,0,4,4,0,8,120,71,14,0,205,2,0,2,207
12/26/2001,JAX,FL,ASO,ES,Towers with Radar,158,61,30,7,256,0,0,15,0,15,158,61,45,7,271,0,2,2,273
12/27/2001,JAX,FL,ASO,ES,Towers with Radar,162,79,44,10,295,0,0,20,1,21,162,79,64,11,316,13,0,13,329
12/28/2001,JAX,FL,ASO,ES,Towers with Radar,172,65,35,15,287,0,0,16,0,16,172,65,51,15,303,8,8,16,319
12/29/2001,JAX,FL,ASO,ES,Towers with Radar,154,33,48,2,237,0,0,17,0,17,154,33,65,2,254,8,0,8,262
12/30/2001,JAX,FL,ASO,ES,Towers with Radar,151,33,42,4,230,0,0,14,0,14,151,33,56,4,244,8,4,12,256
12/31/2001,JAX,FL,ASO,ES,Towers with Radar,129,51,26,4,210,0,0,11,0,11,129,51,37,4,221,4,0,4,225
01/01/2002,JAX,FL,ASO,ES,Towers with Radar,138,57,28,2,225,0,0,17,1,18,138,57,45,3,243,4,0,4,247
01/02/2002,JAX,FL,ASO,ES,Towers with Radar,152,57,43,4,256,0,0,1,0,1,152,57,44,4,257,0,0,0,257
01/03/2002,JAX,FL,ASO,ES,Towers with Radar,155,68,31,12,266,0,0,7,0,7,155,68,38,12,273,0,0,0,273
01/04/2002,JAX,FL,ASO,ES,Towers with Radar,171,60,57,29,317,0,0,20,5,25,171,60,77,34,342,0,61,61,403
01/05/2002,JAX,FL,ASO,ES,Towers with Radar,147,28,28,7,210,0,0,19,0,19,147,28,47,7,229,0,10,10,239
01/06/2002,JAX,FL,ASO,ES,Towers with Radar,143,42,18,10,213,0,0,5,0,5,143,42,23,10,218,2,0,2,220
01/07/2002,JAX,FL,ASO,ES,Towers with Radar,130,44,51,13,238,35,1,0,4,40,165,45,51,17,278,10,4,14,292
01/08/2002,JAX,FL,ASO,ES,Towers with Radar,163,61,43,17,284,0,0,25,2,27,163,61,68,19,311,0,20,20,331
01/09/2002,JAX,FL,ASO,ES,Towers with Radar,167,67,43,26,303,0,1,21,0,22,167,68,64,26,325,0,4,4,329
01/10/2002,JAX,FL,ASO,ES,Towers with Radar,158,78,77,26,339,0,0,22,3,25,158,78,99,29,364,4,7,11,375
01/11/2002,JAX,FL,ASO,ES,Towers with Radar,167,64,75,24,330,0,0,14,1,15,167,64,89,25,345,6,13,19,364
01/12/2002,JAX,FL,ASO,ES,Towers with Radar,140,35,63,19,257,0,0,5,0,5,140,35,68,19,262,0,30,30,292
01/13/2002,JAX,FL,ASO,ES,Towers with Radar,150,44,46,15,255,0,0,25,1,26,150,44,71,16,281,13,0,13,294
01/14/2002,JAX,FL,ASO,ES,Towers with Radar,154,55,58,18,285,0,0,0,0,0,154,55,58,18,285,0,0,0,285
01/15/2002,JAX,FL,ASO,ES,Towers with Radar,170,65,106,23,364,0,1,20,5,26,170,66,126,28,390,12,32,44,434
01/16/2002,JAX,FL,ASO,ES,Towers with Radar,178,57,106,33,374,0,0,14,4,18,178,57,120,37,392,26,48,74,466
01/17/2002,JAX,FL,ASO,ES,Towers with Radar,175,67,109,13,364,0,0,29,5,34,175,67,138,18,398,2,28,30,428
01/18/2002,JAX,FL,ASO,ES,Towers with Radar,161,50,58,20,289,0,0,21,0,21,161,50,79,20,310,18,28,46,356
01/19/2002,JAX,FL,ASO,ES,Towers with Radar,143,26,47,2,218,0,0,25,2,27,143,26,72,4,245,24,0,24,269
01/20/2002,JAX,FL,ASO,ES,Towers with Radar,150,34,61,4,249,0,0,12,0,12,150,34,73,4,261,14,12,26,287
01/21/2002,JAX,FL,ASO,ES,Towers with Radar,153,45,71,2,271,0,0,2,0,2,153,45,73,2,273,0,0,0,273
01/22/2002,JAX,FL,ASO,ES,Towers with Radar,164,50,95,33,342,0,0,9,5,14,164,50,104,38,356,2,48,50,406
01/23/2002,JAX,FL,ASO,ES,Towers with Radar,169,78,104,32,383,0,0,24,1,25,169,78,128,33,408,10,28,38,446
01/24/2002,JAX,FL,ASO,ES,Towers with Radar,173,69,75,24,341,0,1,19,0,20,173,70,94,24,361,0,0,0,361
01/25/2002,JAX,FL,ASO,ES,Towers with Radar,167,62,69,14,312,0,0,6,0,6,167,62,75,14,318,4,0,4,322
01/26/2002,JAX,FL,ASO,ES,Towers with Radar,151,31,43,14,239,0,0,0,0,0,151,31,43,14,239,0,0,0,239
01/27/2002,JAX,FL,ASO,ES,Towers with Radar,140,56,51,2,249,0,0,10,0,10,140,56,61,2,259,0,0,0,259
01/28/2002,JAX,FL,ASO,ES,Towers with Radar,149,51,94,17,311,0,0,16,4,20,149,51,110,21,331,46,46,92,423
01/29/2002,JAX,FL,ASO,ES,Towers with Radar,162,72,76,16,326,0,1,6,1,8,162,73,82,17,334,0,26,26,360
01/30/2002,JAX,FL,ASO,ES,Towers with Radar,164,49,87,29,329,0,0,21,2,23,164,49,108,31,352,0,18,18,370
01/31/2002,JAX,FL,ASO,ES,Towers with Radar,184,68,132,30,414,0,0,28,0,28,184,68,160,30,442,0,24,24,466
02/01/2002,JAX,FL,ASO,ES,Towers with Radar,161,66,79,37,343,0,0,37,0,37,161,66,116,37,380,17,34,51,431
02/02/2002,JAX,FL,ASO,ES,Towers with Radar,147,33,43,20,243,0,0,32,0,32,147,33,75,20,275,10,0,10,285
02/03/2002,JAX,FL,ASO,ES,Towers with Radar,145,42,34,19,240,0,0,18,0,18,145,42,52,19,258,4,6,10,268
02/04/2002,JAX,FL,ASO,ES,Towers with Radar,162,57,83,9,311,0,0,13,1,14,162,57,96,10,325,0,4,4,329
02/05/2002,JAX,FL,ASO,ES,Towers with Radar,160,67,93,24,344,0,0,16,0,16,160,67,109,24,360,26,71,97,457
02/06/2002,JAX,FL,ASO,ES,Towers with Radar,171,61,84,26,342,0,0,19,0,19,171,61,103,26,361,0,71,71,432
02/07/2002,JAX,FL,ASO,ES,Towers with Radar,162,74,74,13,323,0,2,2,0,4,162,76,76,13,327,0,0,0,327
02/08/2002,JAX,FL,ASO,ES,Towers with Radar,179,67,74,17,337,0,1,28,3,32,179,68,102,20,369,16,10,26,395
02/09/2002,JAX,FL,ASO,ES,Towers with Radar,144,31,51,4,230,0,2,30,0,32,144,33,81,4,262,9,0,9,271
02/10/2002,JAX,FL,ASO,ES,Towers with Radar,147,47,66,7,267,0,0,6,0,6,147,47,72,7,273,0,11,11,284
02/11/2002,JAX,FL,ASO,ES,Towers with Radar,161,64,61,22,308,0,0,24,3,27,161,64,85,25,335,7,7,14,349
02/12/2002,JAX,FL,ASO,ES,Towers with Radar,174,73,79,22,348,0,0,35,0,35,174,73,114,22,383,44,14,58,441
02/13/2002,JAX,FL,ASO,ES,Towers with Radar,167,78,77,36,358,0,1,11,1,13,167,79,88,37,371,24,26,50,421
02/14/2002,JAX,FL,ASO,ES,Towers with Radar,184,65,81,35,365,0,1,18,0,19,184,66,99,35,384,12,74,86,470
02/15/2002,JAX,FL,ASO,ES,Towers with Radar,172,81,75,11,339,0,2,14,0,16,172,83,89,11,355,12,0,12,367
02/16/2002,JAX,FL,ASO,ES,Towers with Radar,167,38,65,0,270,0,0,11,0,11,167,38,76,0,281,0,0,0,281
02/17/2002,JAX,FL,ASO,ES,Towers with Radar,150,39,30,2,221,0,0,14,0,14,150,39,44,2,235,0,0,0,235
02/18/2002,JAX,FL,ASO,ES,Towers with Radar,156,56,67,9,288,14,4,29,0,47,170,60,96,9,335,0,0,0,335
02/19/2002,JAX,FL,ASO,ES,Towers with Radar,174,60,87,17,338,0,0,32,3,35,174,60,119,20,373,8,44,52,425
02/20/2002,JAX,FL,ASO,ES,Towers with Radar,179,62,99,46,386,0,0,23,4,27,179,62,122,50,413,0,15,15,428
02/21/2002,JAX,FL,ASO,ES,Towers with Radar,185,71,118,37,411,0,0,17,0,17,185,71,135,37,428,0,76,76,504
02/22/2002,JAX,FL,ASO,ES,Towers with Radar,178,69,75,33,355,0,0,13,2,15,178,69,88,35,370,0,0,0,370
02/23/2002,JAX,FL,ASO,ES,Towers with Radar,162,37,80,8,287,0,0,1,0,1,162,37,81,8,288,0,0,0,288
02/24/2002,JAX,FL,ASO,ES,Towers with Radar,152,50,53,3,258,0,0,20,0,20,152,50,73,3,278,0,0,0,278
02/25/2002,JAX,FL,ASO,ES,Towers with Radar,156,57,68,18,299,3,2,41,17,63,159,59,109,35,362,25,45,70,432
02/26/2002,JAX,FL,ASO,ES,Towers with Radar,175,91,86,26,378,0,0,25,6,31,175,91,111,32,409,0,15,15,424
02/27/2002,JAX,FL,ASO,ES,Towers with Radar,183,78,62,15,338,0,0,18,3,21,183,78,80,18,359,0,12,12,371
02/28/2002,JAX,FL,ASO,ES,Towers with Radar,181,63,62,20,326,0,0,25,3,28,181,63,87,23,354,16,14,30,384
03/01/2002,JAX,FL,ASO,ES,Towers with Radar,178,63,81,19,341,1,0,16,1,18,179,63,97,20,359,0,0,0,359
03/02/2002,JAX,FL,ASO,ES,Towers with Radar,176,22,25,1,224,1,0,1,0,2,177,22,26,1,226,0,0,0,226
03/03/2002,JAX,FL,ASO,ES,Towers with Radar,161,43,18,2,224,1,0,0,0,1,162,43,18,2,225,0,0,0,225
03/04/2002,JAX,FL,ASO,ES,Towers with Radar,159,72,48,26,305,1,0,16,0,17,160,72,64,26,322,0,24,24,346
03/05/2002,JAX,FL,ASO,ES,Towers with Radar,176,85,78,27,366,1,0,10,2,13,177,85,88,29,379,0,121,121,500
03/06/2002,JAX,FL,ASO,ES,Towers with Radar,173,74,86,23,356,1,0,19,0,20,174,74,105,23,376,2,40,42,418
03/07/2002,JAX,FL,ASO,ES,Towers with Radar,186,68,91,19,364,1,0,6,2,9,187,68,97,21,373,5,2,7,380
03/08/2002,JAX,FL,ASO,ES,Towers with Radar,178,63,74,64,379,1,0,13,3,17,179,63,87,67,396,0,10,10,406
03/09/2002,JAX,FL,ASO,ES,Towers with Radar,117,32,44,11,204,47,0,39,0,86,164,32,83,11,290,0,0,0,290
03/10/2002,JAX,FL,ASO,ES,Towers with Radar,160,41,42,5,248,1,0,34,0,35,161,41,76,5,283,0,0,0,283
03/11/2002,JAX,FL,ASO,ES,Towers with Radar,159,59,59,36,313,1,0,13,1,15,160,59,72,37,328,0,19,19,347
03/12/2002,JAX,FL,ASO,ES,Towers with Radar,179,62,88,32,361,1,0,31,5,37,180,62,119,37,398,0,0,0,398
03/13/2002,JAX,FL,ASO,ES,Towers with Radar,183,87,84,24,378,1,0,18,0,19,184,87,102,24,397,3,0,3,400
03/14/2002,JAX,FL,ASO,ES,Towers with Radar,178,79,86,31,374,1,0,23,0,24,179,79,109,31,398,34,2,36,434
03/15/2002,JAX,FL,ASO,ES,Towers with Radar,187,72,75,26,360,1,1,22,0,24,188,73,97,26,384,8,8,16,400
03/16/2002,JAX,FL,ASO,ES,Towers with Radar,169,32,40,1,242,1,1,27,0,29,170,33,67,1,271,18,0,18,289
03/17/2002,JAX,FL,ASO,ES,Towers with Radar,156,44,47,8,255,1,0,15,1,17,157,44,62,9,272,6,9,15,287
03/18/2002,JAX,FL,ASO,ES,Towers with Radar,166,66,59,30,321,1,0,8,2,11,167,66,67,32,332,0,24,24,356
03/19/2002,JAX,FL,ASO,ES,Towers with Radar,161,92,60,23,336,0,4,23,3,30,161,96,83,26,366,20,14,34,400
03/20/2002,JAX,FL,ASO,ES,Towers with Radar,176,94,95,38,403,0,0,20,2,22,176,94,115,40,425,2,44,46,471
03/21/2002,JAX,FL,ASO,ES,Towers with Radar,177,94,60,35,366,0,0,7,0,7,177,94,67,35,373,0,23,23,396
03/22/2002,JAX,FL,ASO,ES,Towers with Radar,168,91,75,29,363,0,0,21,6,27,168,91,96,35,390,0,13,13,403
03/23/2002,JAX,FL,ASO,ES,Towers with Radar,167,58,65,2,292,0,0,27,0,27,167,58,92,2,319,0,0,0,319
03/24/2002,JAX,FL,ASO,ES,Towers with Radar,155,70,59,10,294,0,0,25,0,25,155,70,84,10,319,0,0,0,319
03/25/2002,JAX,FL,ASO,ES,Towers with Radar,163,70,83,9,325,0,0,29,0,29,163,70,112,9,354,0,14,14,368
03/26/2002,JAX,FL,ASO,ES,Towers with Radar,178,85,73,31,367,0,0,11,4,15,178,85,84,35,382,19,17,36,418
03/27/2002,JAX,FL,ASO,ES,Towers with Radar,171,91,85,28,375,0,15,0,12,27,171,106,85,40,402,5,18,23,425
03/28/2002,JAX,FL,ASO,ES,Towers with Radar,177,77,69,28,351,0,3,48,1,52,177,80,117,29,403,7,0,7,410
03/29/2002,JAX,FL,ASO,ES,Towers with Radar,167,63,64,13,307,0,0,19,2,21,167,63,83,15,328,0,0,0,328
03/30/2002,JAX,FL,ASO,ES,Towers with Radar,171,40,32,2,245,0,0,17,0,17,171,40,49,2,262,0,0,0,262
03/31/2002,JAX,FL,ASO,ES,Towers with Radar,154,53,27,0,234,0,0,10,0,10,154,53,37,0,244,0,0,0,244
04/01/2002,JAX,FL,ASO,ES,Towers with Radar,159,72,80,14,325,0,0,15,1,16,159,72,95,15,341,4,10,14,355
04/02/2002,JAX,FL,ASO,ES,Towers with Radar,173,88,63,27,351,0,0,7,2,9,173,88,70,29,360,0,68,68,428
04/03/2002,JAX,FL,ASO,ES,Towers with Radar,172,92,74,21,359,0,0,9,1,10,172,92,83,22,369,0,0,0,369
04/04/2002,JAX,FL,ASO,ES,Towers with Radar,175,80,63,29,347,0,0,3,2,5,175,80,66,31,352,0,29,29,381
04/05/2002,JAX,FL,ASO,ES,Towers with Radar,173,77,108,9,367,0,0,35,9,44,173,77,143,18,411,4,4,8,419
04/06/2002,JAX,FL,ASO,ES,Towers with Radar,171,38,50,6,265,0,0,21,0,21,171,38,71,6,286,0,0,0,286
04/07/2002,JAX,FL,ASO,ES,Towers with Radar,149,61,41,10,261,0,0,15,1,16,149,61,56,11,277,0,6,6,283
04/08/2002,JAX,FL,ASO,ES,Towers with Radar,153,70,69,18,310,0,0,19,1,20,153,70,88,19,330,14,0,14,344
04/09/2002,JAX,FL,ASO,ES,Towers with Radar,168,88,77,27,360,0,0,20,4,24,168,88,97,31,384,0,13,13,397
04/10/2002,JAX,FL,ASO,ES,Towers with Radar,182,94,108,34,418,0,0,14,0,14,182,94,122,34,432,6,28,34,466
04/11/2002,JAX,FL,ASO,ES,Towers with Radar,181,80,73,6,340,0,0,3,0,3,181,80,76,6,343,0,0,0,343
04/12/2002,JAX,FL,ASO,ES,Towers with Radar,173,71,57,17,318,0,0,10,0,10,173,71,67,17,328,0,0,0,328
04/13/2002,JAX,FL,ASO,ES,Towers with Radar,177,38,52,0,267,0,0,18,0,18,177,38,70,0,285,0,0,0,285
04/14/2002,JAX,FL,ASO,ES,Towers with Radar,147,61,39,1,248,0,1,16,0,17,147,62,55,1,265,0,0,0,265
04/15/2002,JAX,FL,ASO,ES,Towers with Radar,150,76,61,9,296,0,0,29,1,30,150,76,90,10,326,11,0,11,337
04/16/2002,JAX,FL,ASO,ES,Towers with Radar,162,86,78,19,345,0,0,18,5,23,162,86,96,24,368,8,54,62,430
04/17/2002,JAX,FL,ASO,ES,Towers with Radar,179,81,82,25,367,0,0,16,4,20,179,81,98,29,387,0,55,55,442
04/18/2002,JAX,FL,ASO,ES,Towers with Radar,170,81,87,36,374,0,0,24,3,27,170,81,111,39,401,10,63,73,474
04/19/2002,JAX,FL,ASO,ES,Towers with Radar,186,71,84,9,350,0,0,26,0,26,186,71,110,9,376,0,0,0,376
04/20/2002,JAX,FL,ASO,ES,Towers with Radar,181,34,65,5,285,0,0,23,0,23,181,34,88,5,308,5,0,5,313
04/21/2002,JAX,FL,ASO,ES,Towers with Radar,134,56,55,9,254,8,7,17,0,32,142,63,72,9,286,0,0,0,286
04/22/2002,JAX,FL,ASO,ES,Towers with Radar,163,71,60,27,321,0,0,19,2,21,163,71,79,29,342,15,53,68,410
04/23/2002,JAX,FL,ASO,ES,Towers with Radar,157,111,91,15,374,0,0,17,2,19,157,111,108,17,393,0,4,4,397
04/24/2002,JAX,FL,ASO,ES,Towers with Radar,159,79,76,7,321,0,0,22,2,24,159,79,98,9,345,12,0,12,357
04/25/2002,JAX,FL,ASO,ES,Towers with Radar,193,71,67,8,339,0,0,24,2,26,193,71,91,10,365,0,18,18,383
04/26/2002,JAX,FL,ASO,ES,Towers with Radar,181,62,96,20,359,0,0,23,1,24,181,62,119,21,383,8,6,14,397
04/27/2002,JAX,FL,ASO,ES,Towers with Radar,164,30,62,2,258,0,0,8,0,8,164,30,70,2,266,12,0,12,278
04/28/2002,JAX,FL,ASO,ES,Towers with Radar,162,45,50,2,259,0,0,16,0,16,162,45,66,2,275,5,0,5,280
04/29/2002,JAX,FL,ASO,ES,Towers with Radar,163,72,68,17,320,0,0,6,4,10,163,72,74,21,330,6,16,22,352
04/30/2002,JAX,FL,ASO,ES,Towers with Radar,157,87,68,23,335,0,0,16,1,17,157,87,84,24,352,8,0,8,360
05/01/2002,JAX,FL,ASO,ES,Towers with Radar,154,89,78,34,355,1,1,13,0,15,155,90,91,34,370,6,83,89,459
05/02/2002,JAX,FL,ASO,ES,Towers with Radar,158,74,67,31,330,1,2,9,5,17,159,76,76,36,347,26,39,65,412
05/03/2002,JAX,FL,ASO,ES,Towers with Radar,189,60,86,30,365,1,1,33,0,35,190,61,119,30,400,8,2,10,410
05/04/2002,JAX,FL,ASO,ES,Towers with Radar,157,39,29,43,268,1,1,15,0,17,158,40,44,43,285,0,6,6,291
05/05/2002,JAX,FL,ASO,ES,Towers with Radar,153,48,39,11,251,1,0,7,0,8,154,48,46,11,259,0,0,0,259
05/06/2002,JAX,FL,ASO,ES,Towers with Radar,157,66,83,28,334,1,0,16,0,17,158,66,99,28,351,13,18,31,382
05/07/2002,JAX,FL,ASO,ES,Towers with Radar,175,69,70,20,334,1,0,26,2,29,176,69,96,22,363,0,19,19,382
05/08/2002,JAX,FL,ASO,ES,Towers with Radar,174,85,70,36,365,1,0,14,0,15,175,85,84,36,380,4,43,47,427
05/09/2002,JAX,FL,ASO,ES,Towers with Radar,166,90,66,44,366,1,1,29,0,31,167,91,95,44,397,2,12,14,411
05/10/2002,JAX,FL,ASO,ES,Towers with Radar,184,65,72,30,351,1,0,26,11,38,185,65,98,41,389,2,24,26,415
05/11/2002,JAX,FL,ASO,ES,Towers with Radar,159,31,39,4,233,1,0,20,0,21,160,31,59,4,254,4,0,4,258
05/12/2002,JAX,FL,ASO,ES,Towers with Radar,154,49,36,5,244,1,0,20,0,21,155,49,56,5,265,0,0,0,265
05/13/2002,JAX,FL,ASO,ES,Towers with Radar,150,73,71,13,307,1,0,15,0,16,151,73,86,13,323,4,32,36,359
05/14/2002,JAX,FL,ASO,ES,Towers with Radar,165,82,91,33,371,1,0,12,0,13,166,82,103,33,384,0,22,22,406
05/15/2002,JAX,FL,ASO,ES,Towers with Radar,183,106,99,49,437,1,0,32,7,40,184,106,131,56,477,6,21,27,504
05/16/2002,JAX,FL,ASO,ES,Towers with Radar,166,82,83,17,348,1,1,31,3,36,167,83,114,20,384,2,36,38,422
05/17/2002,JAX,FL,ASO,ES,Towers with Radar,188,61,82,24,355,1,0,26,0,27,189,61,108,24,382,0,0,0,382
05/18/2002,JAX,FL,ASO,ES,Towers with Radar,162,40,50,2,254,1,0,15,0,16,163,40,65,2,270,0,0,0,270
05/19/2002,JAX,FL,ASO,ES,Towers with Radar,167,53,53,0,273,1,0,5,0,6,168,53,58,0,279,0,0,0,279
05/20/2002,JAX,FL,ASO,ES,Towers with Radar,164,60,71,64,359,1,2,20,0,23,165,62,91,64,382,0,74,74,456
05/21/2002,JAX,FL,ASO,ES,Towers with Radar,172,73,77,62,384,1,1,21,19,42,173,74,98,81,426,0,25,25,451
05/22/2002,JAX,FL,ASO,ES,Towers with Radar,178,78,58,42,356,1,1,24,11,37,179,79,82,53,393,2,14,16,409
05/23/2002,JAX,FL,ASO,ES,Towers with Radar,181,63,102,27,373,1,0,18,3,22,182,63,120,30,395,7,25,32,427
05/24/2002,JAX,FL,ASO,ES,Towers with Radar,179,66,69,14,328,1,0,21,0,22,180,66,90,14,350,4,0,4,354
05/25/2002,JAX,FL,ASO,ES,Towers with Radar,165,34,38,2,239,1,0,17,0,18,166,34,55,2,257,14,0,14,271
05/26/2002,JAX,FL,ASO,ES,Towers with Radar,142,38,28,2,210,1,0,11,0,12,143,38,39,2,222,0,0,0,222
05/27/2002,JAX,FL,ASO,ES,Towers with Radar,138,48,40,0,226,1,0,25,0,26,139,48,65,0,252,0,0,0,252
05/28/2002,JAX,FL,ASO,ES,Towers with Radar,174,60,68,15,317,1,0,9,0,10,175,60,77,15,327,0,4,4,331
05/29/2002,JAX,FL,ASO,ES,Towers with Radar,111,58,59,23,251,0,17,31,20,68,111,75,90,43,319,0,44,44,363
05/30/2002,JAX,FL,ASO,ES,Towers with Radar,189,65,87,33,374,1,0,25,0,26,190,65,112,33,400,6,2,8,408
05/31/2002,JAX,FL,ASO,ES,Towers with Radar,176,57,62,27,322,8,0,0,29,37,184,57,62,56,359,2,27,29,388
06/01/2002,JAX,FL,ASO,ES,Towers with Radar,169,33,25,4,231,4,0,14,2,20,173,33,39,6,251,10,0,10,261
06/02/2002,JAX,FL,ASO,ES,Towers with Radar,109,43,33,0,185,40,10,0,0,50,149,53,33,0,235,0,0,0,235
06/03/2002,JAX,FL,ASO,ES,Towers with Radar,156,66,44,28,294,0,0,16,4,20,156,66,60,32,314,0,87,87,401
06/04/2002,JAX,FL,ASO,ES,Towers with Radar,153,84,69,63,369,0,0,8,4,12,153,84,77,67,381,0,8,8,389
06/05/2002,JAX,FL,ASO,ES,Towers with Radar,161,79,86,43,369,0,0,18,2,20,161,79,104,45,389,4,20,24,413
06/06/2002,JAX,FL,ASO,ES,Towers with Radar,165,77,66,38,346,0,0,8,2,10,165,77,74,40,356,6,3,9,365
06/07/2002,JAX,FL,ASO,ES,Towers with Radar,192,58,73,25,348,0,0,6,5,11,192,58,79,30,359,0,20,20,379
06/08/2002,JAX,FL,ASO,ES,Towers with Radar,163,38,27,13,241,0,0,8,2,10,163,38,35,15,251,0,46,46,297
06/09/2002,JAX,FL,ASO,ES,Towers with Radar,153,58,27,1,239,0,0,6,2,8,153,58,33,3,247,0,16,16,263
06/10/2002,JAX,FL,ASO,ES,Towers with Radar,145,63,54,6,268,0,15,22,0,37,145,78,76,6,305,19,49,68,373
06/11/2002,JAX,FL,ASO,ES,Towers with Radar,167,94,71,35,367,0,0,13,3,16,167,94,84,38,383,4,31,35,418
06/12/2002,JAX,FL,ASO,ES,Towers with Radar,162,79,61,35,337,0,0,11,4,15,162,79,72,39,352,19,0,19,371
06/13/2002,JAX,FL,ASO,ES,Towers with Radar,171,65,59,36,331,0,0,24,5,29,171,65,83,41,360,18,10,28,388
06/14/2002,JAX,FL,ASO,ES,Towers with Radar,162,58,70,23,313,0,0,7,4,11,162,58,77,27,324,0,16,16,340
06/15/2002,JAX,FL,ASO,ES,Towers with Radar,171,40,36,1,248,0,0,12,1,13,171,40,48,2,261,0,0,0,261
06/16/2002,JAX,FL,ASO,ES,Towers with Radar,155,45,26,2,228,0,0,7,2,9,155,45,33,4,237,0,0,0,237
06/17/2002,JAX,FL,ASO,ES,Towers with Radar,160,62,55,22,299,3,11,38,8,60,163,73,93,30,359,16,2,18,377
06/18/2002,JAX,FL,ASO,ES,Towers with Radar,162,84,53,31,330,0,0,1,1,2,162,84,54,32,332,0,0,0,332
06/19/2002,JAX,FL,ASO,ES,Towers with Radar,171,78,94,32,375,0,3,14,3,20,171,81,108,35,395,13,2,15,410
06/20/2002,JAX,FL,ASO,ES,Towers with Radar,179,67,68,19,333,0,0,5,4,9,179,67,73,23,342,0,14,14,356
06/21/2002,JAX,FL,ASO,ES,Towers with Radar,187,64,40,1,292,0,0,0,1,1,187,64,40,2,293,0,0,0,293
06/22/2002,JAX,FL,ASO,ES,Towers with Radar,162,32,15,0,209,0,0,0,0,0,162,32,15,0,209,0,0,0,209
06/23/2002,JAX,FL,ASO,ES,Towers with Radar,148,51,43,0,242,0,0,5,0,5,148,51,48,0,247,0,0,0,247
06/24/2002,JAX,FL,ASO,ES,Towers with Radar,157,71,83,32,343,0,0,8,2,10,157,71,91,34,353,7,8,15,368
06/25/2002,JAX,FL,ASO,ES,Towers with Radar,173,84,98,32,387,0,0,7,4,11,173,84,105,36,398,0,28,28,426
06/26/2002,JAX,FL,ASO,ES,Towers with Radar,177,67,86,29,359,0,0,4,3,7,177,67,90,32,366,20,69,89,455
06/27/2002,JAX,FL,ASO,ES,Towers with Radar,162,65,95,79,401,0,0,17,4,21,162,65,112,83,422,4,32,36,458
06/28/2002,JAX,FL,ASO,ES,Towers with Radar,177,65,68,30,340,0,0,24,7,31,177,65,92,37,371,0,40,40,411
06/29/2002,JAX,FL,ASO,ES,Towers with Radar,168,45,24,35,272,0,0,16,1,17,168,45,40,36,289,22,26,48,337
06/30/2002,JAX,FL,ASO,ES,Towers with Radar,162,43,24,8,237,0,0,6,1,7,162,43,30,9,244,0,0,0,244
07/01/2002,JAX,FL,ASO,ES,Towers with Radar,165,58,76,50,349,1,0,7,1,9,166,58,83,51,358,10,71,81,439
07/02/2002,JAX,FL,ASO,ES,Towers with Radar,163,71,81,28,343,1,0,13,1,15,164,71,94,29,358,10,7,17,375
07/03/2002,JAX,FL,ASO,ES,Towers with Radar,173,73,64,15,325,1,0,16,0,17,174,73,80,15,342,12,0,12,354
07/04/2002,JAX,FL,ASO,ES,Towers with Radar,145,45,12,2,204,1,0,6,0,7,146,45,18,2,211,0,0,0,211
07/05/2002,JAX,FL,ASO,ES,Towers with Radar,158,34,33,2,227,1,0,3,0,4,159,34,36,2,231,0,0,0,231
07/06/2002,JAX,FL,ASO,ES,Towers with Radar,168,26,33,6,233,1,0,14,0,15,169,26,47,6,248,0,0,0,248
07/07/2002,JAX,FL,ASO,ES,Towers with Radar,152,43,40,4,239,1,0,11,0,12,153,43,51,4,251,0,0,0,251
07/08/2002,JAX,FL,ASO,ES,Towers with Radar,151,60,42,12,265,1,0,8,2,11,152,60,50,14,276,3,9,12,288
07/09/2002,JAX,FL,ASO,ES,Towers with Radar,178,52,67,27,324,1,0,1,6,8,179,52,68,33,332,0,17,17,349
07/10/2002,JAX,FL,ASO,ES,Towers with Radar,182,69,64,26,341,0,9,62,14,85,182,78,126,40,426,10,22,32,458
07/11/2002,JAX,FL,ASO,ES,Towers with Radar,172,80,62,34,348,1,0,16,1,18,173,80,78,35,366,24,14,38,404
07/12/2002,JAX,FL,ASO,ES,Towers with Radar,172,62,66,26,326,1,0,1,1,3,173,62,67,27,329,0,2,2,331
07/13/2002,JAX,FL,ASO,ES,Towers with Radar,166,27,28,19,240,1,0,3,0,4,167,27,31,19,244,0,6,6,250
07/14/2002,JAX,FL,ASO,ES,Towers with Radar,156,52,22,6,236,0,0,11,0,11,156,52,33,6,247,20,0,20,267
07/15/2002,JAX,FL,ASO,ES,Towers with Radar,144,71,45,20,280,0,0,13,1,14,144,71,58,21,294,10,53,63,357
07/16/2002,JAX,FL,ASO,ES,Towers with Radar,171,73,64,28,336,0,1,25,3,29,171,74,89,31,365,6,8,14,379
07/17/2002,JAX,FL,ASO,ES,Towers with Radar,164,66,51,50,331,0,0,25,2,27,164,66,76,52,358,10,47,57,415
07/18/2002,JAX,FL,ASO,ES,Towers with Radar,168,75,98,27,368,0,0,23,3,26,168,75,121,30,394,11,10,21,415
07/19/2002,JAX,FL,ASO,ES,Towers with Radar,177,68,50,37,332,0,0,13,0,13,177,68,63,37,345,10,16,26,371
07/20/2002,JAX,FL,ASO,ES,Towers with Radar,171,29,38,9,247,0,1,13,0,14,171,30,51,9,261,0,0,0,261
07/21/2002,JAX,FL,ASO,ES,Towers with Radar,177,52,41,8,278,0,0,12,0,12,177,52,53,8,290,0,0,0,290
07/22/2002,JAX,FL,ASO,ES,Towers with Radar,152,57,60,14,283,0,0,14,4,18,152,57,74,18,301,8,0,8,309
07/23/2002,JAX,FL,ASO,ES,Towers with Radar,166,65,72,21,324,0,0,4,0,4,166,65,76,21,328,0,8,8,336
07/24/2002,JAX,FL,ASO,ES,Towers with Radar,171,75,70,12,328,0,1,4,1,6,171,76,74,13,334,27,0,27,361
07/25/2002,JAX,FL,ASO,ES,Towers with Radar,178,68,64,37,347,0,0,10,3,13,178,68,74,40,360,0,58,58,418
07/26/2002,JAX,FL,ASO,ES,Towers with Radar,181,55,48,19,303,0,0,6,1,7,181,55,54,20,310,0,0,0,310
07/27/2002,JAX,FL,ASO,ES,Towers with Radar,157,25,33,0,215,0,0,12,0,12,157,25,45,0,227,0,0,0,227
07/28/2002,JAX,FL,ASO,ES,Towers with Radar,153,54,34,2,243,0,0,9,1,10,153,54,43,3,253,0,17,17,270
07/29/2002,JAX,FL,ASO,ES,Towers with Radar,143,64,81,57,345,0,0,18,14,32,143,64,99,71,377,0,25,25,402
07/30/2002,JAX,FL,ASO,ES,Towers with Radar,160,87,57,59,363,0,1,13,6,20,160,88,70,65,383,0,14,14,397
07/31/2002,JAX,FL,ASO,ES,Towers with Radar,167,65,61,29,322,0,0,10,1,11,167,65,71,30,333,0,0,0,333
08/01/2002,JAX,FL,ASO,ES,Towers with Radar,165,73,71,56,365,0,0,15,6,21,165,73,86,62,386,10,44,54,440
08/02/2002,JAX,FL,ASO,ES,Towers with Radar,184,66,48,69,367,0,2,16,3,21,184,68,64,72,388,12,20,32,420
08/03/2002,JAX,FL,ASO,ES,Towers with Radar,155,45,19,3,222,0,0,7,0,7,155,45,26,3,229,6,0,6,235
08/04/2002,JAX,FL,ASO,ES,Towers with Radar,150,57,25,2,234,0,0,6,0,6,150,57,31,2,240,5,0,5,245
08/05/2002,JAX,FL,ASO,ES,Towers with Radar,143,65,43,14,265,0,0,7,2,9,143,65,50,16,274,24,4,28,302
08/06/2002,JAX,FL,ASO,ES,Towers with Radar,172,71,57,44,344,0,0,15,2,17,172,71,72,46,361,11,16,27,388
08/07/2002,JAX,FL,ASO,ES,Towers with Radar,163,82,84,55,384,0,0,7,8,15,163,82,91,63,399,0,85,85,484
08/08/2002,JAX,FL,ASO,ES,Towers with Radar,172,61,74,43,350,0,0,25,8,33,172,61,99,51,383,0,6,6,389
08/09/2002,JAX,FL,ASO,ES,Towers with Radar,187,63,59,25,334,0,0,12,2,14,187,63,71,27,348,0,18,18,366
08/10/2002,JAX,FL,ASO,ES,Towers with Radar,164,24,24,38,250,0,1,10,2,13,164,25,34,40,263,2,9,11,274
08/11/2002,JAX,FL,ASO,ES,Towers with Radar,142,50,30,8,230,0,0,19,1,20,142,50,49,9,250,0,14,14,264
08/12/2002,JAX,FL,ASO,ES,Towers with Radar,164,56,52,41,313,0,0,8,4,12,164,56,60,45,325,0,22,22,347
08/13/2002,JAX,FL,ASO,ES,Towers with Radar,180,59,49,29,317,0,0,17,2,19,180,59,66,31,336,20,40,60,396
08/14/2002,JAX,FL,ASO,ES,Towers with Radar,169,58,96,46,369,0,0,25,4,29,169,58,121,50,398,0,22,22,420
08/15/2002,JAX,FL,ASO,ES,Towers with Radar,175,71,51,28,325,0,0,14,1,15,175,71,65,29,340,0,6,6,346
08/16/2002,JAX,FL,ASO,ES,Towers with Radar,182,62,90,28,362,0,0,23,9,32,182,62,113,37,394,7,33,40,434
08/17/2002,JAX,FL,ASO,ES,Towers with Radar,171,27,24,3,225,0,0,0,0,0,171,27,24,3,225,10,0,10,235
08/18/2002,JAX,FL,ASO,ES,Towers with Radar,147,52,36,3,238,0,1,5,0,6,147,53,41,3,244,2,0,2,246
08/19/2002,JAX,FL,ASO,ES,Towers with Radar,139,70,38,16,263,0,0,10,1,11,139,70,48,17,274,9,26,35,309
08/20/2002,JAX,FL,ASO,ES,Towers with Radar,171,74,82,34,361,0,0,9,1,10,171,74,91,35,371,14,43,57,428
08/21/2002,JAX,FL,ASO,ES,Towers with Radar,177,64,90,36,367,0,0,27,2,29,177,64,117,38,396,25,27,52,448
08/22/2002,JAX,FL,ASO,ES,Towers with Radar,177,64,71,39,351,0,0,30,2,32,177,64,101,41,383,17,21,38,421
08/23/2002,JAX,FL,ASO,ES,Towers with Radar,173,55,59,18,305,0,0,22,1,23,173,55,81,19,328,0,8,8,336
08/24/2002,JAX,FL,ASO,ES,Towers with Radar,167,26,33,4,230,0,1,21,0,22,167,27,54,4,252,10,0,10,262
08/25/2002,JAX,FL,ASO,ES,Towers with Radar,151,48,64,7,270,0,1,19,0,20,151,49,83,7,290,0,0,0,290
08/26/2002,JAX,FL,ASO,ES,Towers with Radar,158,54,39,20,271,0,0,7,0,7,158,54,46,20,278,0,28,28,306
08/27/2002,JAX,FL,ASO,ES,Towers with Radar,181,67,59,45,352,0,0,16,0,16,181,67,75,45,368,0,5,5,373
08/28/2002,JAX,FL,ASO,ES,Towers with Radar,182,74,85,37,378,0,0,8,7,15,182,74,93,44,393,0,0,0,393
08/29/2002,JAX,FL,ASO,ES,Towers with Radar,181,62,45,13,301,0,0,1,0,1,181,62,46,13,302,0,32,32,334
08/30/2002,JAX,FL,ASO,ES,Towers with Radar,171,70,38,0,279,0,0,6,0,6,171,70,44,0,285,6,0,6,291
08/31/2002,JAX,FL,ASO,ES,Towers with Radar,157,32,31,0,220,0,0,2,0,2,157,32,33,0,222,0,0,0,222
09/01/2002,JAX,FL,ASO,ES,Towers with Radar,129,28,36,1,194,0,0,10,1,11,129,28,46,2,205,0,0,0,205
09/02/2002,JAX,FL,ASO,ES,Towers with Radar,158,43,42,0,243,0,0,8,0,8,158,43,50,0,251,0,0,0,251
09/03/2002,JAX,FL,ASO,ES,Towers with Radar,161,60,43,31,295,0,0,6,6,12,161,60,49,37,307,9,39,48,355
09/04/2002,JAX,FL,ASO,ES,Towers with Radar,179,104,50,23,356,0,0,6,1,7,179,104,56,24,363,20,31,51,414
09/05/2002,JAX,FL,ASO,ES,Towers with Radar,182,66,74,29,351,0,0,6,3,9,182,66,80,32,360,0,37,37,397
09/06/2002,JAX,FL,ASO,ES,Towers with Radar,179,60,63,27,329,0,0,21,1,22,179,60,84,28,351,0,0,0,351
09/07/2002,JAX,FL,ASO,ES,Towers with Radar,158,33,31,6,228,0,0,19,1,20,158,33,50,7,248,12,0,12,260
09/08/2002,JAX,FL,ASO,ES,Towers with Radar,150,51,36,19,256,0,0,9,3,12,150,51,45,22,268,0,7,7,275
09/09/2002,JAX,FL,ASO,ES,Towers with Radar,162,71,43,16,292,0,0,11,1,12,162,71,54,17,304,0,0,0,304
09/10/2002,JAX,FL,ASO,ES,Towers with Radar,162,70,67,14,313,0,0,29,0,29,162,70,96,14,342,0,11,11,353
09/11/2002,JAX,FL,ASO,ES,Towers with Radar,160,74,82,48,364,0,0,23,2,25,160,74,105,50,389,14,92,106,495
09/12/2002,JAX,FL,ASO,ES,Towers with Radar,178,61,92,18,349,0,0,22,5,27,178,61,114,23,376,18,32,50,426
09/13/2002,JAX,FL,ASO,ES,Towers with Radar,178,58,73,32,341,0,0,7,1,8,178,58,80,33,349,0,10,10,359
09/14/2002,JAX,FL,ASO,ES,Towers with Radar,102,35,34,4,175,50,0,13,0,63,152,35,47,4,238,0,4,4,242
09/15/2002,JAX,FL,ASO,ES,Towers with Radar,150,54,48,2,254,0,0,16,1,17,150,54,64,3,271,4,0,4,275
09/16/2002,JAX,FL,ASO,ES,Towers with Radar,158,62,66,9,295,0,0,13,1,14,158,62,79,10,309,0,0,0,309
09/17/2002,JAX,FL,ASO,ES,Towers with Radar,166,87,51,25,329,0,0,25,3,28,166,87,76,28,357,14,20,34,391
09/18/2002,JAX,FL,ASO,ES,Towers with Radar,168,75,60,36,339,0,0,11,1,12,168,75,71,37,351,0,10,10,361
09/19/2002,JAX,FL,ASO,ES,Towers with Radar,180,65,64,40,349,0,0,22,3,25,180,65,86,43,374,9,8,17,391
09/20/2002,JAX,FL,ASO,ES,Towers with Radar,183,50,76,12,321,0,0,23,1,24,183,50,99,13,345,0,0,0,345
09/21/2002,JAX,FL,ASO,ES,Towers with Radar,136,30,33,7,206,0,0,9,1,10,136,30,42,8,216,0,33,33,249
09/22/2002,JAX,FL,ASO,ES,Towers with Radar,151,48,47,10,256,0,0,12,6,18,151,48,59,16,274,0,0,0,274
09/23/2002,JAX,FL,ASO,ES,Towers with Radar,160,69,49,16,294,0,0,12,3,15,160,69,61,19,309,24,27,51,360
09/24/2002,JAX,FL,ASO,ES,Towers with Radar,146,55,50,6,257,10,20,11,0,41,156,75,61,6,298,0,0,0,298
09/25/2002,JAX,FL,ASO,ES,Towers with Radar,160,84,70,14,328,0,1,5,5,11,160,85,75,19,339,0,0,0,339
09/26/2002,JAX,FL,ASO,ES,Towers with Radar,170,74,65,6,315,0,0,5,1,6,170,74,70,7,321,0,0,0,321
09/27/2002,JAX,FL,ASO,ES,Towers with Radar,170,73,73,17,333,0,1,13,4,18,170,74,86,21,351,0,10,10,361
09/28/2002,JAX,FL,ASO,ES,Towers with Radar,149,42,42,0,233,0,0,17,1,18,149,42,59,1,251,0,2,2,253
09/29/2002,JAX,FL,ASO,ES,Towers with Radar,148,50,35,5,238,0,0,17,0,17,148,50,52,5,255,39,0,39,294
09/30/2002,JAX,FL,ASO,ES,Towers with Radar,146,63,50,17,276,0,0,3,0,3,146,63,53,17,279,2,0,2,281
10/01/2002,JAX,FL,ASO,ES,Towers with Radar,158,69,53,21,301,2,0,8,0,10,160,69,61,21,311,16,0,16,327
10/02/2002,JAX,FL,ASO,ES,Towers with Radar,175,68,91,27,361,2,0,20,1,23,177,68,111,28,384,1,91,92,476
10/03/2002,JAX,FL,ASO,ES,Towers with Radar,180,61,89,38,368,2,1,30,6,39,182,62,119,44,407,28,46,74,481
10/04/2002,JAX,FL,ASO,ES,Towers with Radar,171,56,48,28,303,2,0,12,1,15,173,56,60,29,318,0,8,8,326
10/05/2002,JAX,FL,ASO,ES,Towers with Radar,159,29,33,11,232,2,3,23,0,28,161,32,56,11,260,14,0,14,274
10/06/2002,JAX,FL,ASO,ES,Towers with Radar,148,48,23,10,229,2,0,14,1,17,150,48,37,11,246,0,0,0,246
10/07/2002,JAX,FL,ASO,ES,Towers with Radar,163,55,50,26,294,2,0,13,0,15,165,55,63,26,309,18,16,34,343
10/08/2002,JAX,FL,ASO,ES,Towers with Radar,161,70,64,20,315,2,0,7,0,9,163,70,71,20,324,0,36,36,360
10/09/2002,JAX,FL,ASO,ES,Towers with Radar,183,85,108,41,417,2,0,7,0,9,185,85,115,41,426,6,0,6,432
10/10/2002,JAX,FL,ASO,ES,Towers with Radar,171,71,60,13,315,2,0,4,1,7,173,71,64,14,322,0,38,38,360
10/11/2002,JAX,FL,ASO,ES,Towers with Radar,172,56,75,4,307,2,0,10,0,12,174,56,85,4,319,6,0,6,325
10/12/2002,JAX,FL,ASO,ES,Towers with Radar,168,28,22,2,220,1,1,16,0,18,169,29,38,2,238,0,0,0,238
10/13/2002,JAX,FL,ASO,ES,Towers with Radar,148,39,36,0,223,1,1,14,0,16,149,40,50,0,239,2,0,2,241
10/14/2002,JAX,FL,ASO,ES,Towers with Radar,152,51,45,0,248,1,2,7,0,10,153,53,52,0,258,0,0,0,258
10/15/2002,JAX,FL,ASO,ES,Towers with Radar,166,63,60,16,305,1,0,0,0,1,167,63,60,16,306,0,0,0,306
10/16/2002,JAX,FL,ASO,ES,Towers with Radar,177,83,84,27,371,0,0,4,17,21,177,83,88,44,392,0,22,22,414
10/17/2002,JAX,FL,ASO,ES,Towers with Radar,176,63,63,26,328,1,0,22,2,25,177,63,85,28,353,20,8,28,381
10/18/2002,JAX,FL,ASO,ES,Towers with Radar,169,59,49,28,305,1,1,23,4,29,170,60,72,32,334,6,24,30,364
10/19/2002,JAX,FL,ASO,ES,Towers with Radar,151,43,51,21,266,1,0,21,7,29,152,43,72,28,295,0,0,0,295
10/20/2002,JAX,FL,ASO,ES,Towers with Radar,142,55,32,4,233,1,0,23,0,24,143,55,55,4,257,26,0,26,283
10/21/2002,JAX,FL,ASO,ES,Towers with Radar,145,79,46,28,298,1,0,14,2,17,146,79,60,30,315,18,2,20,335
10/22/2002,JAX,FL,ASO,ES,Towers with Radar,158,71,64,15,308,1,2,17,2,22,159,73,81,17,330,0,0,0,330
10/23/2002,JAX,FL,ASO,ES,Towers with Radar,178,70,84,34,366,1,2,11,1,15,179,72,95,35,381,0,22,22,403
10/24/2002,JAX,FL,ASO,ES,Towers with Radar,183,72,80,20,355,1,0,1,1,3,184,72,81,21,358,4,6,10,368
10/25/2002,JAX,FL,ASO,ES,Towers with Radar,180,61,68,42,351,1,0,1,0,2,181,61,69,42,353,2,0,2,355
10/26/2002,JAX,FL,ASO,ES,Towers with Radar,136,46,47,9,238,17,0,2,0,19,153,46,49,9,257,18,18,36,293
10/27/2002,JAX,FL,ASO,ES,Towers with Radar,148,43,58,12,261,1,0,13,0,14,149,43,71,12,275,8,16,24,299
10/28/2002,JAX,FL,ASO,ES,Towers with Radar,158,47,56,14,275,1,0,19,2,22,159,47,75,16,297,8,16,24,321
10/29/2002,JAX,FL,ASO,ES,Towers with Radar,184,79,58,28,349,1,2,7,2,12,185,81,65,30,361,0,22,22,383
10/30/2002,JAX,FL,ASO,ES,Towers with Radar,176,68,81,22,347,1,0,16,0,17,177,68,97,22,364,12,10,22,386
10/31/2002,JAX,FL,ASO,ES,Towers with Radar,183,58,57,12,310,1,0,13,1,15,184,58,70,13,325,0,6,6,331
11/01/2002,JAX,FL,ASO,ES,Towers with Radar,184,50,61,11,306,0,0,25,3,28,184,50,86,14,334,32,2,34,368
11/02/2002,JAX,FL,ASO,ES,Towers with Radar,165,44,49,5,263,0,0,20,1,21,165,44,69,6,284,1,0,1,285
11/03/2002,JAX,FL,ASO,ES,Towers with Radar,146,52,40,8,246,0,0,15,1,16,146,52,55,9,262,0,0,0,262
11/04/2002,JAX,FL,ASO,ES,Towers with Radar,160,66,66,30,322,0,0,14,0,14,160,66,80,30,336,16,12,28,364
11/05/2002,JAX,FL,ASO,ES,Towers with Radar,172,64,86,25,347,0,4,18,5,27,172,68,104,30,374,3,106,109,483
11/06/2002,JAX,FL,ASO,ES,Towers with Radar,157,79,54,34,324,0,0,6,1,7,157,79,60,35,331,0,0,0,331
11/07/2002,JAX,FL,ASO,ES,Towers with Radar,175,75,77,46,373,0,0,18,1,19,175,75,95,47,392,6,40,46,438
11/08/2002,JAX,FL,ASO,ES,Towers with Radar,180,58,67,13,318,0,0,17,2,19,180,58,84,15,337,28,87,115,452
11/09/2002,JAX,FL,ASO,ES,Towers with Radar,152,38,67,5,262,0,0,20,0,20,152,38,87,5,282,0,0,0,282
11/10/2002,JAX,FL,ASO,ES,Towers with Radar,148,39,28,0,215,0,0,12,0,12,148,39,40,0,227,0,0,0,227
11/11/2002,JAX,FL,ASO,ES,Towers with Radar,152,52,59,0,263,0,1,8,0,9,152,53,67,0,272,18,0,18,290
11/12/2002,JAX,FL,ASO,ES,Towers with Radar,164,59,51,2,276,0,2,4,0,6,164,61,55,2,282,0,0,0,282
11/13/2002,JAX,FL,ASO,ES,Towers with Radar,172,70,89,29,360,0,1,12,5,18,172,71,101,34,378,18,31,49,427
11/14/2002,JAX,FL,ASO,ES,Towers with Radar,158,80,88,27,353,0,0,22,4,26,158,80,110,31,379,22,12,34,413
11/15/2002,JAX,FL,ASO,ES,Towers with Radar,167,58,65,40,330,0,0,25,2,27,167,58,90,42,357,4,20,24,381
11/16/2002,JAX,FL,ASO,ES,Towers with Radar,137,53,26,5,221,0,0,10,0,10,137,53,36,5,231,0,0,0,231
11/17/2002,JAX,FL,ASO,ES,Towers with Radar,141,54,37,3,235,0,0,2,0,2,141,54,39,3,237,0,0,0,237
11/18/2002,JAX,FL,ASO,ES,Towers with Radar,156,59,46,15,276,0,0,22,1,23,156,59,68,16,299,13,8,21,320
11/19/2002,JAX,FL,ASO,ES,Towers with Radar,161,79,62,25,327,0,0,28,4,32,161,79,90,29,359,10,85,95,454
11/20/2002,JAX,FL,ASO,ES,Towers with Radar,163,82,65,50,360,0,0,23,3,26,163,82,88,53,386,7,49,56,442
11/21/2002,JAX,FL,ASO,ES,Towers with Radar,170,73,90,18,351,0,0,14,0,14,170,73,104,18,365,0,0,0,365
11/22/2002,JAX,FL,ASO,ES,Towers with Radar,182,62,96,36,376,0,0,32,2,34,182,62,128,38,410,28,4,32,442
11/23/2002,JAX,FL,ASO,ES,Towers with Radar,134,48,45,1,228,0,0,22,1,23,134,48,67,2,251,41,0,41,292
11/24/2002,JAX,FL,ASO,ES,Towers with Radar,135,50,72,10,267,0,0,28,1,29,135,50,100,11,296,12,4,16,312
11/25/2002,JAX,FL,ASO,ES,Towers with Radar,148,54,70,14,286,0,0,34,1,35,148,54,104,15,321,8,2,10,331
11/26/2002,JAX,FL,ASO,ES,Towers with Radar,159,87,56,20,322,0,0,14,2,16,159,87,70,22,338,9,0,9,347
11/27/2002,JAX,FL,ASO,ES,Towers with Radar,176,85,32,7,300,0,0,24,1,25,176,85,56,8,325,4,6,10,335
11/28/2002,JAX,FL,ASO,ES,Towers with Radar,109,62,11,0,182,0,0,13,0,13,109,62,24,0,195,0,0,0,195
11/29/2002,JAX,FL,ASO,ES,Towers with Radar,97,37,32,0,166,14,12,0,0,26,111,49,32,0,192,6,0,6,198
11/30/2002,JAX,FL,ASO,ES,Towers with Radar,135,49,37,0,221,0,0,10,0,10,135,49,47,0,231,14,0,14,245
12/01/2002,JAX,FL,ASO,ES,Towers with Radar,158,45,0,0,203,0,0,43,0,43,158,45,43,0,246,0,0,0,246
12/02/2002,JAX,FL,ASO,ES,Towers with Radar,145,62,69,31,307,0,0,11,7,18,145,62,80,38,325,0,0,0,325
12/03/2002,JAX,FL,ASO,ES,Towers with Radar,165,85,102,22,374,0,0,24,5,29,165,85,126,27,403,12,14,26,429
12/04/2002,JAX,FL,ASO,ES,Towers with Radar,154,103,110,22,389,0,0,12,3,15,154,103,122,25,404,0,18,18,422
12/05/2002,JAX,FL,ASO,ES,Towers with Radar,149,72,76,21,318,0,0,2,3,5,149,72,78,24,323,0,0,0,323
12/06/2002,JAX,FL,ASO,ES,Towers with Radar,167,63,111,37,378,0,0,1,3,4,167,63,112,40,382,0,0,0,382
12/07/2002,JAX,FL,ASO,ES,Towers with Radar,155,44,42,21,262,0,0,9,3,12,155,44,51,24,274,0,0,0,274
12/08/2002,JAX,FL,ASO,ES,Towers with Radar,140,56,56,3,255,0,0,19,3,22,140,56,75,6,277,6,0,6,283
12/09/2002,JAX,FL,ASO,ES,Towers with Radar,142,76,68,20,306,0,0,0,2,2,142,76,68,22,308,0,0,0,308
12/10/2002,JAX,FL,ASO,ES,Towers with Radar,162,59,42,31,294,0,0,0,2,2,162,59,42,33,296,0,0,0,296
12/11/2002,JAX,FL,ASO,ES,Towers with Radar,174,78,102,13,367,0,0,3,1,4,174,78,105,14,371,4,0,4,375
12/12/2002,JAX,FL,ASO,ES,Towers with Radar,159,88,84,25,356,0,0,16,3,19,159,88,100,28,375,18,32,50,425
12/13/2002,JAX,FL,ASO,ES,Towers with Radar,159,80,44,24,307,0,0,1,2,3,159,80,45,26,310,8,0,8,318
12/14/2002,JAX,FL,ASO,ES,Towers with Radar,147,53,28,0,228,0,0,11,0,11,147,53,39,0,239,9,0,9,248
12/15/2002,JAX,FL,ASO,ES,Towers with Radar,138,59,28,1,226,0,0,20,1,21,138,59,48,2,247,0,0,0,247
12/16/2002,JAX,FL,ASO,ES,Towers with Radar,155,65,66,23,309,0,0,17,2,19,155,65,83,25,328,4,0,4,332
12/17/2002,JAX,FL,ASO,ES,Towers with Radar,154,76,77,32,339,0,0,17,2,19,154,76,94,34,358,2,28,30,388
12/18/2002,JAX,FL,ASO,ES,Towers with Radar,168,90,71,8,337,0,0,3,1,4,168,90,74,9,341,2,0,2,343
12/19/2002,JAX,FL,ASO,ES,Towers with Radar,154,74,68,16,312,0,0,6,3,9,154,74,74,19,321,2,10,12,333
12/20/2002,JAX,FL,ASO,ES,Towers with Radar,164,75,43,20,302,0,0,15,1,16,164,75,58,21,318,0,0,0,318
12/21/2002,JAX,FL,ASO,ES,Towers with Radar,135,60,31,1,227,0,0,6,1,7,135,60,37,2,234,0,0,0,234
12/22/2002,JAX,FL,ASO,ES,Towers with Radar,134,50,25,2,211,0,0,5,1,6,134,50,30,3,217,0,0,0,217
12/23/2002,JAX,FL,ASO,ES,Towers with Radar,144,59,30,18,251,0,0,8,1,9,144,59,38,19,260,0,0,0,260
12/24/2002,JAX,FL,ASO,ES,Towers with Radar,73,33,13,0,119,73,29,0,0,102,146,62,13,0,221,0,0,0,221
12/25/2002,JAX,FL,ASO,ES,Towers with Radar,116,60,9,0,185,0,0,2,0,2,116,60,11,0,187,0,0,0,187
12/26/2002,JAX,FL,ASO,ES,Towers with Radar,155,61,16,6,238,0,0,11,3,14,155,61,27,9,252,0,6,6,258
12/27/2002,JAX,FL,ASO,ES,Towers with Radar,157,80,25,19,281,0,0,23,1,24,157,80,48,20,305,14,0,14,319
12/28/2002,JAX,FL,ASO,ES,Towers with Radar,137,54,16,0,207,0,0,6,0,6,137,54,22,0,213,18,0,18,231
12/29/2002,JAX,FL,ASO,ES,Towers with Radar,140,55,36,0,231,0,0,12,0,12,140,55,48,0,243,0,0,0,243
12/30/2002,JAX,FL,ASO,ES,Towers with Radar,135,64,41,7,247,0,0,17,1,18,135,64,58,8,265,8,2,10,275
12/31/2002,JAX,FL,ASO,ES,Towers with Radar,140,61,33,0,234,0,0,6,0,6,140,61,39,0,240,0,0,0,240
01/01/2003,JAX,FL,ASO,ES,Towers with Radar,117,65,62,4,248,2,1,10,0,13,119,66,72,4,261,6,0,6,267
01/02/2003,JAX,FL,ASO,ES,Towers with Radar,148,80,40,10,278,0,1,11,1,13,148,81,51,11,291,12,22,34,325
01/03/2003,JAX,FL,ASO,ES,Towers with Radar,149,71,24,12,256,0,1,10,1,12,149,72,34,13,268,0,0,0,268
01/04/2003,JAX,FL,ASO,ES,Towers with Radar,128,50,27,2,207,0,0,12,2,14,128,50,39,4,221,4,0,4,225
01/05/2003,JAX,FL,ASO,ES,Towers with Radar,145,33,29,3,210,0,0,9,2,11,145,33,38,5,221,0,0,0,221
01/06/2003,JAX,FL,ASO,ES,Towers with Radar,151,50,28,4,233,0,0,13,2,15,151,50,41,6,248,0,0,0,248
01/07/2003,JAX,FL,ASO,ES,Towers with Radar,158,77,58,24,317,0,0,22,7,29,158,77,80,31,346,10,32,42,388
01/08/2003,JAX,FL,ASO,ES,Towers with Radar,154,71,55,32,312,0,0,13,4,17,154,71,68,36,329,0,48,48,377
01/09/2003,JAX,FL,ASO,ES,Towers with Radar,148,74,69,23,314,0,0,10,1,11,148,74,79,24,325,0,4,4,329
01/10/2003,JAX,FL,ASO,ES,Towers with Radar,148,60,62,25,295,0,0,5,3,8,148,60,67,28,303,18,60,78,381
01/11/2003,JAX,FL,ASO,ES,Towers with Radar,115,40,43,0,198,16,0,24,0,40,131,40,67,0,238,4,0,4,242
01/12/2003,JAX,FL,ASO,ES,Towers with Radar,124,48,36,0,208,0,0,13,2,15,124,48,49,2,223,4,0,4,227
01/13/2003,JAX,FL,ASO,ES,Towers with Radar,137,62,100,15,314,0,0,7,0,7,137,62,107,15,321,4,18,22,343
01/14/2003,JAX,FL,ASO,ES,Towers with Radar,146,75,73,32,326,0,0,19,1,20,146,75,92,33,346,37,3,40,386
01/15/2003,JAX,FL,ASO,ES,Towers with Radar,142,95,71,24,332,0,0,11,0,11,142,95,82,24,343,8,0,8,351
01/16/2003,JAX,FL,ASO,ES,Towers with Radar,142,77,97,32,348,0,0,12,3,15,142,77,109,35,363,12,2,14,377
01/17/2003,JAX,FL,ASO,ES,Towers with Radar,141,75,65,18,299,0,0,18,0,18,141,75,83,18,317,4,40,44,361
01/18/2003,JAX,FL,ASO,ES,Towers with Radar,134,45,18,4,201,0,0,9,0,9,134,45,27,4,210,0,0,0,210
01/19/2003,JAX,FL,ASO,ES,Towers with Radar,129,55,31,2,217,0,0,18,0,18,129,55,49,2,235,11,0,11,246
01/20/2003,JAX,FL,ASO,ES,Towers with Radar,136,59,58,0,253,0,0,13,0,13,136,59,71,0,266,3,0,3,269
01/21/2003,JAX,FL,ASO,ES,Towers with Radar,145,62,59,29,295,0,1,24,5,30,145,63,83,34,325,4,84,88,413
01/22/2003,JAX,FL,ASO,ES,Towers with Radar,142,69,73,31,315,0,0,1,0,1,142,69,74,31,316,4,0,4,320
01/23/2003,JAX,FL,ASO,ES,Towers with Radar,157,62,52,18,289,0,1,6,4,11,157,63,58,22,300,2,56,58,358
01/24/2003,JAX,FL,ASO,ES,Towers with Radar,139,62,58,18,277,0,1,10,3,14,139,63,68,21,291,12,31,43,334
01/25/2003,JAX,FL,ASO,ES,Towers with Radar,129,44,47,13,233,0,1,17,0,18,129,45,64,13,251,8,6,14,265
01/26/2003,JAX,FL,ASO,ES,Towers with Radar,130,44,18,10,202,0,1,25,0,26,130,45,43,10,228,18,7,25,253
01/27/2003,JAX,FL,ASO,ES,Towers with Radar,134,59,55,24,272,0,1,21,1,23,134,60,76,25,295,4,6,10,305
01/28/2003,JAX,FL,ASO,ES,Towers with Radar,146,75,56,34,311,0,2,22,3,27,146,77,78,37,338,0,50,50,388
01/29/2003,JAX,FL,ASO,ES,Towers with Radar,143,71,74,38,326,0,1,24,4,29,143,72,98,42,355,9,88,97,452
01/30/2003,JAX,FL,ASO,ES,Towers with Radar,142,79,97,23,341,0,1,7,2,10,142,80,104,25,351,8,36,44,395
01/31/2003,JAX,FL,ASO,ES,Towers with Radar,144,67,43,9,263,0,1,1,0,2,144,68,44,9,265,0,0,0,265
02/01/2003,JAX,FL,ASO,ES,Towers with Radar,124,45,65,8,242,0,0,12,0,12,124,45,77,8,254,8,0,8,262
02/02/2003,JAX,FL,ASO,ES,Towers with Radar,126,46,26,2,200,0,0,14,0,14,126,46,40,2,214,11,0,11,225
02/03/2003,JAX,FL,ASO,ES,Towers with Radar,134,50,48,20,252,0,0,15,3,18,134,50,63,23,270,14,34,48,318
02/04/2003,JAX,FL,ASO,ES,Towers with Radar,141,78,90,44,353,0,0,2,2,4,141,78,92,46,357,0,4,4,361
02/05/2003,JAX,FL,ASO,ES,Towers with Radar,145,74,72,32,323,0,0,15,6,21,145,74,87,38,344,39,16,55,399
02/06/2003,JAX,FL,ASO,ES,Towers with Radar,142,72,79,27,320,0,0,19,4,23,142,72,98,31,343,6,20,26,369
02/07/2003,JAX,FL,ASO,ES,Towers with Radar,147,57,55,46,305,0,0,2,1,3,147,57,57,47,308,12,6,18,326
02/08/2003,JAX,FL,ASO,ES,Towers with Radar,120,49,31,23,223,0,0,8,0,8,120,49,39,23,231,0,0,0,231
02/09/2003,JAX,FL,ASO,ES,Towers with Radar,140,43,40,7,230,0,0,3,0,3,140,43,43,7,233,0,0,0,233
02/10/2003,JAX,FL,ASO,ES,Towers with Radar,135,67,74,15,291,0,0,0,1,1,135,67,74,16,292,0,18,18,310
02/11/2003,JAX,FL,ASO,ES,Towers with Radar,146,77,68,22,313,0,0,13,6,19,146,77,81,28,332,0,152,152,484
02/12/2003,JAX,FL,ASO,ES,Towers with Radar,156,88,89,33,366,0,1,20,9,30,156,89,109,42,396,4,36,40,436
02/13/2003,JAX,FL,ASO,ES,Towers with Radar,159,72,82,26,339,0,0,25,2,27,159,72,107,28,366,12,61,73,439
02/14/2003,JAX,FL,ASO,ES,Towers with Radar,147,65,78,13,303,0,0,23,0,23,147,65,101,13,326,16,32,48,374
02/15/2003,JAX,FL,ASO,ES,Towers with Radar,136,43,70,8,257,0,0,22,0,22,136,43,92,8,279,4,0,4,283
02/16/2003,JAX,FL,ASO,ES,Towers with Radar,122,28,46,1,197,0,0,0,0,0,122,28,46,1,197,0,0,0,197
02/17/2003,JAX,FL,ASO,ES,Towers with Radar,143,30,46,15,234,0,0,4,0,4,143,30,50,15,238,0,14,14,252
02/18/2003,JAX,FL,ASO,ES,Towers with Radar,155,56,106,10,327,0,0,8,0,8,155,56,114,10,335,0,9,9,344
02/19/2003,JAX,FL,ASO,ES,Towers with Radar,158,68,131,15,372,0,0,27,0,27,158,68,158,15,399,16,11,27,426
02/20/2003,JAX,FL,ASO,ES,Towers with Radar,150,68,93,29,340,0,0,13,1,14,150,68,106,30,354,8,0,8,362
02/21/2003,JAX,FL,ASO,ES,Towers with Radar,146,72,86,20,324,0,0,4,0,4,146,72,90,20,328,0,12,12,340
02/22/2003,JAX,FL,ASO,ES,Towers with Radar,140,30,17,10,197,0,0,0,0,0,140,30,17,10,197,0,0,0,197
02/23/2003,JAX,FL,ASO,ES,Towers with Radar,143,34,27,10,214,0,0,5,0,5,143,34,32,10,219,0,0,0,219
02/24/2003,JAX,FL,ASO,ES,Towers with Radar,151,48,66,33,298,0,0,25,5,30,151,48,91,38,328,44,8,52,380
02/25/2003,JAX,FL,ASO,ES,Towers with Radar,159,68,90,19,336,0,0,14,4,18,159,68,104,23,354,12,96,108,462
02/26/2003,JAX,FL,ASO,ES,Towers with Radar,158,78,82,48,366,0,0,4,3,7,158,78,86,51,373,0,16,16,389
02/27/2003,JAX,FL,ASO,ES,Towers with Radar,159,80,67,12,318,0,0,8,1,9,159,80,75,13,327,14,30,44,371
02/28/2003,JAX,FL,ASO,ES,Towers with Radar,158,73,84,29,344,0,0,1,0,1,158,73,85,29,345,0,0,0,345
03/01/2003,JAX,FL,ASO,ES,Towers with Radar,131,50,29,0,210,0,0,1,0,1,131,50,30,0,211,0,0,0,211
03/02/2003,JAX,FL,ASO,ES,Towers with Radar,130,48,43,0,221,0,0,11,0,11,130,48,54,0,232,0,0,0,232
03/03/2003,JAX,FL,ASO,ES,Towers with Radar,161,45,50,16,272,0,0,9,3,12,161,45,59,19,284,2,26,28,312
03/04/2003,JAX,FL,ASO,ES,Towers with Radar,149,78,76,23,326,0,0,1,1,2,149,78,77,24,328,0,0,0,328
03/05/2003,JAX,FL,ASO,ES,Towers with Radar,157,71,52,16,296,0,0,15,3,18,157,71,67,19,314,60,28,88,402
03/06/2003,JAX,FL,ASO,ES,Towers with Radar,162,76,59,17,314,0,0,6,2,8,162,76,65,19,322,6,4,10,332
03/07/2003,JAX,FL,ASO,ES,Towers with Radar,146,63,56,6,271,15,15,0,0,30,161,78,56,6,301,0,0,0,301
03/08/2003,JAX,FL,ASO,ES,Towers with Radar,131,52,102,4,289,0,0,2,1,3,131,52,104,5,292,0,0,0,292
03/09/2003,JAX,FL,ASO,ES,Towers with Radar,155,73,38,0,266,0,0,0,0,0,155,73,38,0,266,0,0,0,266
03/10/2003,JAX,FL,ASO,ES,Towers with Radar,139,62,60,20,281,0,0,1,1,2,139,62,61,21,283,0,26,26,309
03/11/2003,JAX,FL,ASO,ES,Towers with Radar,165,45,100,19,329,0,0,12,1,13,165,45,112,20,342,11,0,11,353
03/12/2003,JAX,FL,ASO,ES,Towers with Radar,162,80,108,24,374,0,0,25,3,28,162,80,133,27,402,8,10,18,420
03/13/2003,JAX,FL,ASO,ES,Towers with Radar,154,76,75,15,320,0,0,10,3,13,154,76,85,18,333,0,14,14,347
03/14/2003,JAX,FL,ASO,ES,Towers with Radar,152,77,76,32,337,0,1,10,0,11,152,78,86,32,348,0,46,46,394
03/15/2003,JAX,FL,ASO,ES,Towers with Radar,139,52,52,1,244,0,0,0,0,0,139,52,52,1,244,16,0,16,260
03/16/2003,JAX,FL,ASO,ES,Towers with Radar,154,52,50,7,263,0,0,0,0,0,154,52,50,7,263,0,0,0,263
03/17/2003,JAX,FL,ASO,ES,Towers with Radar,162,51,43,17,273,0,0,3,0,3,162,51,46,17,276,4,4,8,284
03/18/2003,JAX,FL,ASO,ES,Towers with Radar,155,80,84,30,349,0,0,14,0,14,155,80,98,30,363,8,6,14,377
03/19/2003,JAX,FL,ASO,ES,Towers with Radar,159,70,98,39,366,0,0,11,1,12,159,70,109,40,378,16,26,42,420
03/20/2003,JAX,FL,ASO,ES,Towers with Radar,152,75,76,25,328,0,0,7,3,10,152,75,83,28,338,11,10,21,359
03/21/2003,JAX,FL,ASO,ES,Towers with Radar,155,71,78,18,322,0,0,8,0,8,155,71,86,18,330,0,0,0,330
03/22/2003,JAX,FL,ASO,ES,Towers with Radar,145,55,51,6,257,0,0,22,0,22,145,55,73,6,279,0,0,0,279
03/23/2003,JAX,FL,ASO,ES,Towers with Radar,140,51,29,6,226,0,0,7,0,7,140,51,36,6,233,16,0,16,249
03/24/2003,JAX,FL,ASO,ES,Towers with Radar,155,50,66,38,309,0,0,11,0,11,155,50,77,38,320,10,50,60,380
03/25/2003,JAX,FL,ASO,ES,Towers with Radar,157,79,88,36,360,0,0,9,1,10,157,79,97,37,370,2,32,34,404
03/26/2003,JAX,FL,ASO,ES,Towers with Radar,154,87,91,26,358,0,0,13,1,14,154,87,104,27,372,4,33,37,409
03/27/2003,JAX,FL,ASO,ES,Towers with Radar,157,81,66,31,335,0,0,3,0,3,157,81,69,31,338,0,36,36,374
03/28/2003,JAX,FL,ASO,ES,Towers with Radar,159,79,71,22,331,0,0,10,1,11,159,79,81,23,342,3,30,33,375
03/29/2003,JAX,FL,ASO,ES,Towers with Radar,135,51,34,3,223,0,0,18,0,18,135,51,52,3,241,0,0,0,241
03/30/2003,JAX,FL,ASO,ES,Towers with Radar,143,52,40,8,243,0,0,0,0,0,143,52,40,8,243,14,0,14,257
03/31/2003,JAX,FL,ASO,ES,Towers with Radar,149,59,59,5,272,0,0,5,1,6,149,59,64,6,278,0,38,38,316
04/01/2003,JAX,FL,ASO,ES,Towers with Radar,167,69,78,21,335,0,0,22,2,24,167,69,100,23,359,47,16,63,422
04/02/2003,JAX,FL,ASO,ES,Towers with Radar,158,89,68,23,338,0,3,20,4,27,158,92,88,27,365,31,28,59,424
04/03/2003,JAX,FL,ASO,ES,Towers with Radar,156,71,80,39,346,0,0,17,5,22,156,71,97,44,368,0,32,32,400
04/04/2003,JAX,FL,ASO,ES,Towers with Radar,150,68,69,21,308,0,0,8,0,8,150,68,77,21,316,0,0,0,316
04/05/2003,JAX,FL,ASO,ES,Towers with Radar,138,46,30,11,225,0,0,25,0,25,138,46,55,11,250,0,0,0,250
04/06/2003,JAX,FL,ASO,ES,Towers with Radar,133,70,36,3,242,0,0,13,1,14,133,70,49,4,256,0,0,0,256
04/07/2003,JAX,FL,ASO,ES,Towers with Radar,140,55,57,27,279,0,0,12,0,12,140,55,69,27,291,0,24,24,315
04/08/2003,JAX,FL,ASO,ES,Towers with Radar,146,83,52,11,292,0,0,1,0,1,146,83,53,11,293,0,0,0,293
04/09/2003,JAX,FL,ASO,ES,Towers with Radar,153,82,63,31,329,0,0,4,2,6,153,82,67,33,335,0,17,17,352
04/10/2003,JAX,FL,ASO,ES,Towers with Radar,163,80,98,13,354,0,0,6,0,6,163,80,104,13,360,0,0,0,360
04/11/2003,JAX,FL,ASO,ES,Towers with Radar,141,85,88,21,335,0,0,18,1,19,141,85,106,22,354,46,0,46,400
04/12/2003,JAX,FL,ASO,ES,Towers with Radar,118,58,36,15,227,0,0,26,5,31,118,58,62,20,258,27,11,38,296
04/13/2003,JAX,FL,ASO,ES,Towers with Radar,129,65,43,4,241,0,0,17,3,20,129,65,60,7,261,2,0,2,263
04/14/2003,JAX,FL,ASO,ES,Towers with Radar,140,63,55,13,271,0,0,18,2,20,140,63,73,15,291,8,12,20,311
04/15/2003,JAX,FL,ASO,ES,Towers with Radar,143,89,93,21,346,0,0,17,6,23,143,89,110,27,369,50,77,127,496
04/16/2003,JAX,FL,ASO,ES,Towers with Radar,153,100,52,43,348,0,1,11,5,17,153,101,63,48,365,28,14,42,407
04/17/2003,JAX,FL,ASO,ES,Towers with Radar,151,99,82,21,353,0,0,20,2,22,151,99,102,23,375,0,4,4,379
04/18/2003,JAX,FL,ASO,ES,Towers with Radar,141,96,56,15,308,0,0,14,5,19,141,96,70,20,327,20,30,50,377
04/19/2003,JAX,FL,ASO,ES,Towers with Radar,117,66,36,1,220,0,0,20,0,20,117,66,56,1,240,34,0,34,274
04/20/2003,JAX,FL,ASO,ES,Towers with Radar,123,69,33,1,226,0,0,2,0,2,123,69,35,1,228,0,0,0,228
04/21/2003,JAX,FL,ASO,ES,Towers with Radar,142,73,60,10,285,0,0,15,0,15,142,73,75,10,300,0,0,0,300
04/22/2003,JAX,FL,ASO,ES,Towers with Radar,147,90,61,32,330,0,0,13,0,13,147,90,74,32,343,0,22,22,365
04/23/2003,JAX,FL,ASO,ES,Towers with Radar,158,73,81,31,343,0,0,13,0,13,158,73,94,31,356,0,30,30,386
04/24/2003,JAX,FL,ASO,ES,Towers with Radar,148,92,68,30,338,0,0,31,6,37,148,92,99,36,375,0,22,22,397
04/25/2003,JAX,FL,ASO,ES,Towers with Radar,144,97,48,23,312,0,0,5,0,5,144,97,53,23,317,2,8,10,327
04/26/2003,JAX,FL,ASO,ES,Towers with Radar,115,68,35,2,220,0,0,23,0,23,115,68,58,2,243,2,0,2,245
04/27/2003,JAX,FL,ASO,ES,Towers with Radar,131,65,52,3,251,0,0,14,0,14,131,65,66,3,265,0,0,0,265
04/28/2003,JAX,FL,ASO,ES,Towers with Radar,135,81,59,18,293,0,0,7,3,10,135,81,66,21,303,0,53,53,356
04/29/2003,JAX,FL,ASO,ES,Towers with Radar,147,101,84,22,354,0,0,17,1,18,147,101,101,23,372,4,46,50,422
04/30/2003,JAX,FL,ASO,ES,Towers with Radar,142,97,82,20,341,0,0,18,1,19,142,97,100,21,360,10,19,29,389
05/01/2003,JAX,FL,ASO,ES,Towers with Radar,146,96,70,11,323,0,0,16,10,26,146,96,86,21,349,2,30,32,381
05/02/2003,JAX,FL,ASO,ES,Towers with Radar,140,107,27,11,285,0,7,13,0,20,140,114,40,11,305,4,0,4,309
05/03/2003,JAX,FL,ASO,ES,Towers with Radar,115,63,41,5,224,0,0,25,0,25,115,63,66,5,249,0,0,0,249
05/04/2003,JAX,FL,ASO,ES,Towers with Radar,116,75,43,8,242,0,0,15,4,19,116,75,58,12,261,0,7,7,268
05/05/2003,JAX,FL,ASO,ES,Towers with Radar,144,79,61,4,288,0,0,16,0,16,144,79,77,4,304,17,0,17,321
05/06/2003,JAX,FL,ASO,ES,Towers with Radar,179,90,51,11,331,0,2,17,0,19,179,92,68,11,350,41,0,41,391
05/07/2003,JAX,FL,ASO,ES,Towers with Radar,156,106,66,13,341,0,1,17,3,21,156,107,83,16,362,2,24,26,388
05/08/2003,JAX,FL,ASO,ES,Towers with Radar,137,112,66,22,337,0,0,16,1,17,137,112,82,23,354,0,0,0,354
05/09/2003,JAX,FL,ASO,ES,Towers with Radar,135,96,50,12,293,0,0,13,2,15,135,96,63,14,308,18,8,26,334
05/10/2003,JAX,FL,ASO,ES,Towers with Radar,114,62,38,9,223,0,0,17,0,17,114,62,55,9,240,4,0,4,244
05/11/2003,JAX,FL,ASO,ES,Towers with Radar,123,72,20,6,221,0,0,7,0,7,123,72,27,6,228,0,0,0,228
05/12/2003,JAX,FL,ASO,ES,Towers with Radar,139,80,64,14,297,0,0,23,0,23,139,80,87,14,320,51,20,71,391
05/13/2003,JAX,FL,ASO,ES,Towers with Radar,150,90,77,17,334,0,0,20,5,25,150,90,97,22,359,16,3,19,378
05/14/2003,JAX,FL,ASO,ES,Towers with Radar,138,107,76,13,334,0,0,12,3,15,138,107,88,16,349,24,52,76,425
05/15/2003,JAX,FL,ASO,ES,Towers with Radar,148,118,64,9,339,0,2,10,1,13,148,120,74,10,352,0,4,4,356
05/16/2003,JAX,FL,ASO,ES,Towers with Radar,143,106,52,32,333,0,0,5,7,12,143,106,57,39,345,6,12,18,363
05/17/2003,JAX,FL,ASO,ES,Towers with Radar,112,71,28,1,212,0,0,9,1,10,112,71,37,2,222,0,0,0,222
05/18/2003,JAX,FL,ASO,ES,Towers with Radar,114,77,55,2,248,0,0,22,1,23,114,77,77,3,271,0,0,0,271
05/19/2003,JAX,FL,ASO,ES,Towers with Radar,138,79,35,14,266,0,0,8,2,10,138,79,43,16,276,0,66,66,342
05/20/2003,JAX,FL,ASO,ES,Towers with Radar,146,107,66,11,330,0,0,7,3,10,146,107,73,14,340,0,26,26,366
05/21/2003,JAX,FL,ASO,ES,Towers with Radar,148,104,63,21,336,0,0,11,2,13,148,104,74,23,349,0,44,44,393
05/22/2003,JAX,FL,ASO,ES,Towers with Radar,141,99,52,14,306,0,0,7,0,7,141,99,59,14,313,0,0,0,313
05/23/2003,JAX,FL,ASO,ES,Towers with Radar,136,96,43,8,283,0,0,3,0,3,136,96,46,8,286,0,0,0,286
05/24/2003,JAX,FL,ASO,ES,Towers with Radar,115,65,45,5,230,0,0,8,0,8,115,65,53,5,238,0,0,0,238
05/25/2003,JAX,FL,ASO,ES,Towers with Radar,77,50,29,1,157,28,17,0,0,45,105,67,29,1,202,0,0,0,202
05/26/2003,JAX,FL,ASO,ES,Towers with Radar,133,64,34,0,231,0,0,21,0,21,133,64,55,0,252,0,0,0,252
05/27/2003,JAX,FL,ASO,ES,Towers with Radar,141,80,36,23,280,0,0,9,1,10,141,80,45,24,290,10,51,61,351
05/28/2003,JAX,FL,ASO,ES,Towers with Radar,143,100,77,23,343,0,0,27,2,29,143,100,104,25,372,20,32,52,424
05/29/2003,JAX,FL,ASO,ES,Towers with Radar,144,97,56,20,317,0,0,15,2,17,144,97,71,22,334,4,37,41,375
05/30/2003,JAX,FL,ASO,ES,Towers with Radar,139,96,46,22,303,0,0,20,0,20,139,96,66,22,323,0,40,40,363
05/31/2003,JAX,FL,ASO,ES,Towers with Radar,116,66,23,8,213,0,0,11,0,11,116,66,34,8,224,0,0,0,224
06/01/2003,JAX,FL,ASO,ES,Towers with Radar,117,78,45,4,244,0,0,0,0,0,117,78,45,4,244,0,0,0,244
06/02/2003,JAX,FL,ASO,ES,Towers with Radar,143,87,79,15,324,0,1,9,6,16,143,88,88,21,340,3,45,48,388
06/03/2003,JAX,FL,ASO,ES,Towers with Radar,141,89,37,20,287,0,1,5,2,8,141,90,42,22,295,0,8,8,303
06/04/2003,JAX,FL,ASO,ES,Towers with Radar,151,98,70,31,350,0,1,11,2,14,151,99,81,33,364,10,26,36,400
06/05/2003,JAX,FL,ASO,ES,Towers with Radar,140,108,63,16,327,0,2,12,5,19,140,110,75,21,346,1,22,23,369
06/06/2003,JAX,FL,ASO,ES,Towers with Radar,135,102,84,20,341,0,1,8,0,9,135,103,92,20,350,7,2,9,359
06/07/2003,JAX,FL,ASO,ES,Towers with Radar,120,65,31,9,225,0,1,7,6,14,120,66,38,15,239,0,0,0,239
06/08/2003,JAX,FL,ASO,ES,Towers with Radar,116,85,40,1,242,0,1,3,0,4,116,86,43,1,246,0,0,0,246
06/09/2003,JAX,FL,ASO,ES,Towers with Radar,117,82,61,17,277,0,0,12,5,17,117,82,73,22,294,18,60,78,372
06/10/2003,JAX,FL,ASO,ES,Towers with Radar,147,92,71,20,330,0,3,17,5,25,147,95,88,25,355,2,54,56,411
06/11/2003,JAX,FL,ASO,ES,Towers with Radar,134,137,63,21,355,0,1,11,3,15,134,138,74,24,370,10,63,73,443
06/12/2003,JAX,FL,ASO,ES,Towers with Radar,130,114,41,15,300,0,1,10,10,21,130,115,51,25,321,6,46,52,373
06/13/2003,JAX,FL,ASO,ES,Towers with Radar,135,86,64,14,299,0,1,7,7,15,135,87,71,21,314,18,2,20,334
06/14/2003,JAX,FL,ASO,ES,Towers with Radar,122,82,32,2,238,0,1,21,1,23,122,83,53,3,261,6,4,10,271
06/15/2003,JAX,FL,ASO,ES,Towers with Radar,112,76,48,3,239,21,8,7,0,36,133,84,55,3,275,24,0,24,299
06/16/2003,JAX,FL,ASO,ES,Towers with Radar,126,77,55,14,272,13,0,11,9,33,139,77,66,23,305,0,33,33,338
06/17/2003,JAX,FL,ASO,ES,Towers with Radar,152,99,74,34,359,0,2,19,3,24,152,101,93,37,383,27,67,94,477
06/18/2003,JAX,FL,ASO,ES,Towers with Radar,145,106,73,16,340,0,1,4,2,7,145,107,77,18,347,9,0,9,356
06/19/2003,JAX,FL,ASO,ES,Towers with Radar,138,102,105,31,376,0,1,13,1,15,138,103,118,32,391,0,0,0,391
06/20/2003,JAX,FL,ASO,ES,Towers with Radar,134,92,79,23,328,0,1,2,1,4,134,93,81,24,332,0,63,63,395
06/21/2003,JAX,FL,ASO,ES,Towers with Radar,134,55,33,0,222,0,1,3,0,4,134,56,36,0,226,0,0,0,226
06/22/2003,JAX,FL,ASO,ES,Towers with Radar,121,79,47,0,247,0,1,4,0,5,121,80,51,0,252,0,0,0,252
06/23/2003,JAX,FL,ASO,ES,Towers with Radar,128,88,56,9,281,0,1,27,2,30,128,89,83,11,311,25,49,74,385
06/24/2003,JAX,FL,ASO,ES,Towers with Radar,144,108,65,30,347,0,1,24,9,34,144,109,89,39,381,40,79,119,500
06/25/2003,JAX,FL,ASO,ES,Towers with Radar,135,107,46,35,323,0,1,21,7,29,135,108,67,42,352,28,47,75,427
06/26/2003,JAX,FL,ASO,ES,Towers with Radar,139,107,61,39,346,0,0,21,11,32,139,107,82,50,378,18,4,22,400
06/27/2003,JAX,FL,ASO,ES,Towers with Radar,143,93,76,24,336,0,2,18,11,31,143,95,94,35,367,9,22,31,398
06/28/2003,JAX,FL,ASO,ES,Towers with Radar,124,61,33,1,219,0,0,14,0,14,124,61,47,1,233,0,0,0,233
06/29/2003,JAX,FL,ASO,ES,Towers with Radar,129,78,45,2,254,0,0,7,0,7,129,78,52,2,261,1,0,1,262
06/30/2003,JAX,FL,ASO,ES,Towers with Radar,131,101,53,19,304,0,0,7,1,8,131,101,60,20,312,8,13,21,333
07/01/2003,JAX,FL,ASO,ES,Towers with Radar,146,102,73,25,346,0,0,5,5,10,146,102,78,30,356,21,26,47,403
07/02/2003,JAX,FL,ASO,ES,Towers with Radar,145,110,80,28,363,0,1,9,1,11,145,111,89,29,374,0,10,10,384
07/03/2003,JAX,FL,ASO,ES,Towers with Radar,142,90,58,18,308,0,1,4,3,8,142,91,62,21,316,0,2,2,318
07/04/2003,JAX,FL,ASO,ES,Towers with Radar,100,65,10,0,175,0,0,5,0,5,100,65,15,0,180,18,0,18,198
07/05/2003,JAX,FL,ASO,ES,Towers with Radar,109,68,28,0,205,0,0,16,0,16,109,68,44,0,221,0,0,0,221
07/06/2003,JAX,FL,ASO,ES,Towers with Radar,130,83,35,0,248,0,0,9,0,9,130,83,44,0,257,0,0,0,257
07/07/2003,JAX,FL,ASO,ES,Towers with Radar,126,91,41,12,270,0,0,8,7,15,126,91,49,19,285,4,0,4,289
07/08/2003,JAX,FL,ASO,ES,Towers with Radar,141,103,77,22,343,0,0,27,6,33,141,103,104,28,376,35,16,51,427
07/09/2003,JAX,FL,ASO,ES,Towers with Radar,146,100,63,21,330,0,0,11,9,20,146,100,74,30,350,0,65,65,415
07/10/2003,JAX,FL,ASO,ES,Towers with Radar,151,100,42,17,310,0,0,7,4,11,151,100,49,21,321,0,34,34,355
07/11/2003,JAX,FL,ASO,ES,Towers with Radar,145,101,58,20,324,0,0,11,4,15,145,101,69,24,339,0,4,4,343
07/12/2003,JAX,FL,ASO,ES,Towers with Radar,125,69,48,1,243,0,0,11,0,11,125,69,59,1,254,2,0,2,256
07/13/2003,JAX,FL,ASO,ES,Towers with Radar,107,75,41,1,224,20,3,26,0,49,127,78,67,1,273,5,0,5,278
07/14/2003,JAX,FL,ASO,ES,Towers with Radar,148,74,45,13,280,0,0,14,1,15,148,74,59,14,295,0,41,41,336
07/15/2003,JAX,FL,ASO,ES,Towers with Radar,164,93,60,31,348,0,0,3,2,5,164,93,63,33,353,0,18,18,371
07/16/2003,JAX,FL,ASO,ES,Towers with Radar,143,109,76,42,370,0,0,25,4,29,143,109,101,46,399,26,66,92,491
07/17/2003,JAX,FL,ASO,ES,Towers with Radar,145,106,67,34,352,0,0,13,3,16,145,106,80,37,368,14,26,40,408
07/18/2003,JAX,FL,ASO,ES,Towers with Radar,140,99,60,22,321,0,0,4,2,6,140,99,64,24,327,0,26,26,353
07/19/2003,JAX,FL,ASO,ES,Towers with Radar,120,79,48,38,285,0,0,6,6,12,120,79,54,44,297,0,24,24,321
07/20/2003,JAX,FL,ASO,ES,Towers with Radar,117,76,32,1,226,0,0,10,0,10,117,76,42,1,236,5,0,5,241
07/21/2003,JAX,FL,ASO,ES,Towers with Radar,136,92,40,6,274,0,0,17,1,18,136,92,57,7,292,6,86,92,384
07/22/2003,JAX,FL,ASO,ES,Towers with Radar,142,88,46,38,314,0,0,6,1,7,142,88,52,39,321,0,20,20,341
07/23/2003,JAX,FL,ASO,ES,Towers with Radar,153,111,61,22,347,0,10,20,7,37,153,121,81,29,384,0,25,25,409
07/24/2003,JAX,FL,ASO,ES,Towers with Radar,144,92,56,30,322,0,0,14,5,19,144,92,70,35,341,0,34,34,375
07/25/2003,JAX,FL,ASO,ES,Towers with Radar,143,99,53,47,342,0,0,7,2,9,143,99,60,49,351,0,16,16,367
07/26/2003,JAX,FL,ASO,ES,Towers with Radar,130,65,54,2,251,0,0,15,0,15,130,65,69,2,266,0,0,0,266
07/27/2003,JAX,FL,ASO,ES,Towers with Radar,124,102,45,6,277,0,0,11,2,13,124,102,56,8,290,21,24,45,335
07/28/2003,JAX,FL,ASO,ES,Towers with Radar,152,117,56,22,347,0,0,17,1,18,152,117,73,23,365,6,34,40,405
07/29/2003,JAX,FL,ASO,ES,Towers with Radar,144,117,53,11,325,0,0,22,6,28,144,117,75,17,353,10,32,42,395
07/30/2003,JAX,FL,ASO,ES,Towers with Radar,142,110,63,25,340,0,0,20,5,25,142,110,83,30,365,13,21,34,399
07/31/2003,JAX,FL,ASO,ES,Towers with Radar,141,116,49,13,319,0,0,12,2,14,141,116,61,15,333,0,16,16,349
08/01/2003,JAX,FL,ASO,ES,Towers with Radar,140,100,46,16,302,0,1,12,1,14,140,101,58,17,316,8,0,8,324
08/02/2003,JAX,FL,ASO,ES,Towers with Radar,116,69,35,0,220,0,0,11,1,12,116,69,46,1,232,0,0,0,232
08/03/2003,JAX,FL,ASO,ES,Towers with Radar,128,81,21,12,242,0,0,5,3,8,128,81,26,15,250,0,4,4,254
08/04/2003,JAX,FL,ASO,ES,Towers with Radar,135,93,55,8,291,0,0,18,0,18,135,93,73,8,309,0,0,0,309
08/05/2003,JAX,FL,ASO,ES,Towers with Radar,140,124,29,26,319,0,3,17,2,22,140,127,46,28,341,9,28,37,378
08/06/2003,JAX,FL,ASO,ES,Towers with Radar,149,100,49,21,319,0,0,19,4,23,149,100,68,25,342,0,88,88,430
08/07/2003,JAX,FL,ASO,ES,Towers with Radar,138,111,41,20,310,0,0,11,5,16,138,111,52,25,326,0,28,28,354
08/08/2003,JAX,FL,ASO,ES,Towers with Radar,142,99,37,30,308,0,0,14,0,14,142,99,51,30,322,8,2,10,332
08/09/2003,JAX,FL,ASO,ES,Towers with Radar,134,86,22,0,242,0,0,4,1,5,134,86,26,1,247,10,0,10,257
08/10/2003,JAX,FL,ASO,ES,Towers with Radar,128,90,33,5,256,0,0,5,1,6,128,90,38,6,262,0,9,9,271
08/11/2003,JAX,FL,ASO,ES,Towers with Radar,128,98,32,25,283,0,0,9,4,13,128,98,41,29,296,5,30,35,331
08/12/2003,JAX,FL,ASO,ES,Towers with Radar,152,98,67,31,348,0,0,24,7,31,152,98,91,38,379,11,10,21,400
08/13/2003,JAX,FL,ASO,ES,Towers with Radar,143,119,68,23,353,0,0,20,4,24,143,119,88,27,377,0,6,6,383
08/14/2003,JAX,FL,ASO,ES,Towers with Radar,138,108,47,14,307,0,1,10,1,12,138,109,57,15,319,6,0,6,325
08/15/2003,JAX,FL,ASO,ES,Towers with Radar,136,94,50,16,296,0,0,4,1,5,136,94,54,17,301,0,14,14,315
08/16/2003,JAX,FL,ASO,ES,Towers with Radar,113,70,38,18,239,0,0,12,2,14,113,70,50,20,253,4,15,19,272
08/17/2003,JAX,FL,ASO,ES,Towers with Radar,123,84,34,6,247,0,0,14,1,15,123,84,48,7,262,0,0,0,262
08/18/2003,JAX,FL,ASO,ES,Towers with Radar,122,100,105,0,327,0,0,14,2,16,122,100,119,2,343,8,4,12,355
08/19/2003,JAX,FL,ASO,ES,Towers with Radar,151,99,85,24,359,0,0,17,2,19,151,99,102,26,378,0,0,0,378
08/20/2003,JAX,FL,ASO,ES,Towers with Radar,149,106,59,34,348,0,1,10,3,14,149,107,69,37,362,5,33,38,400
08/21/2003,JAX,FL,ASO,ES,Towers with Radar,142,112,57,26,337,0,0,12,7,19,142,112,69,33,356,4,41,45,401
08/22/2003,JAX,FL,ASO,ES,Towers with Radar,148,97,64,15,324,0,0,17,1,18,148,97,81,16,342,10,10,20,362
08/23/2003,JAX,FL,ASO,ES,Towers with Radar,115,70,21,6,212,0,0,4,0,4,115,70,25,6,216,0,0,0,216
08/24/2003,JAX,FL,ASO,ES,Towers with Radar,129,76,59,14,278,0,0,9,1,10,129,76,68,15,288,0,10,10,298
08/25/2003,JAX,FL,ASO,ES,Towers with Radar,120,97,51,26,294,0,0,5,2,7,120,97,56,28,301,0,18,18,319
08/26/2003,JAX,FL,ASO,ES,Towers with Radar,151,97,71,16,335,0,0,13,3,16,151,97,84,19,351,20,24,44,395
08/27/2003,JAX,FL,ASO,ES,Towers with Radar,144,104,65,19,332,0,0,12,4,16,144,104,77,23,348,14,20,34,382
08/28/2003,JAX,FL,ASO,ES,Towers with Radar,138,109,80,25,352,0,0,19,2,21,138,109,99,27,373,14,63,77,450
08/29/2003,JAX,FL,ASO,ES,Towers with Radar,138,91,46,8,283,0,0,14,1,15,138,91,60,9,298,6,0,6,304
08/30/2003,JAX,FL,ASO,ES,Towers with Radar,114,77,37,0,228,0,0,15,0,15,114,77,52,0,243,10,0,10,253
08/31/2003,JAX,FL,ASO,ES,Towers with Radar,79,57,29,3,168,24,6,1,0,31,103,63,30,3,199,1,0,1,200
09/01/2003,JAX,FL,ASO,ES,Towers with Radar,120,78,27,0,225,0,0,5,0,5,120,78,32,0,230,18,0,18,248
09/02/2003,JAX,FL,ASO,ES,Towers with Radar,140,78,44,23,285,0,0,10,1,11,140,78,54,24,296,0,4,4,300
09/03/2003,JAX,FL,ASO,ES,Towers with Radar,143,110,49,17,319,0,0,5,4,9,143,110,54,21,328,16,28,44,372
09/04/2003,JAX,FL,ASO,ES,Towers with Radar,151,101,48,19,319,0,0,6,1,7,151,101,54,20,326,0,58,58,384
09/05/2003,JAX,FL,ASO,ES,Towers with Radar,143,97,39,18,297,0,0,11,0,11,143,97,50,18,308,8,0,8,316
09/06/2003,JAX,FL,ASO,ES,Towers with Radar,119,65,21,0,205,0,1,5,0,6,119,66,26,0,211,0,0,0,211
09/07/2003,JAX,FL,ASO,ES,Towers with Radar,123,75,24,0,222,0,0,0,0,0,123,75,24,0,222,0,0,0,222
09/08/2003,JAX,FL,ASO,ES,Towers with Radar,132,97,71,25,325,0,3,5,1,9,132,100,76,26,334,26,26,52,386
09/09/2003,JAX,FL,ASO,ES,Towers with Radar,142,108,68,20,338,0,0,13,0,13,142,108,81,20,351,0,0,0,351
09/10/2003,JAX,FL,ASO,ES,Towers with Radar,137,113,41,20,311,0,0,7,0,7,137,113,48,20,318,22,4,26,344
09/11/2003,JAX,FL,ASO,ES,Towers with Radar,140,107,68,31,346,0,0,20,1,21,140,107,88,32,367,16,0,16,383
09/12/2003,JAX,FL,ASO,ES,Towers with Radar,138,97,45,16,296,0,0,11,1,12,138,97,56,17,308,0,4,4,312
09/13/2003,JAX,FL,ASO,ES,Towers with Radar,112,64,33,29,238,0,0,5,1,6,112,64,38,30,244,0,0,0,244
09/14/2003,JAX,FL,ASO,ES,Towers with Radar,132,78,37,11,258,0,0,9,1,10,132,78,46,12,268,0,0,0,268
09/15/2003,JAX,FL,ASO,ES,Towers with Radar,129,96,53,6,284,0,0,12,10,22,129,96,65,16,306,10,35,45,351
09/16/2003,JAX,FL,ASO,ES,Towers with Radar,145,106,42,20,313,0,0,15,0,15,145,106,57,20,328,0,12,12,340
09/17/2003,JAX,FL,ASO,ES,Towers with Radar,147,103,57,30,337,0,0,12,1,13,147,103,69,31,350,14,24,38,388
09/18/2003,JAX,FL,ASO,ES,Towers with Radar,130,99,59,27,315,0,1,16,0,17,130,100,75,27,332,0,56,56,388
09/19/2003,JAX,FL,ASO,ES,Towers with Radar,142,103,51,27,323,0,0,13,4,17,142,103,64,31,340,6,60,66,406
09/20/2003,JAX,FL,ASO,ES,Towers with Radar,125,75,30,0,230,0,0,10,0,10,125,75,40,0,240,10,0,10,250
09/21/2003,JAX,FL,ASO,ES,Towers with Radar,124,86,32,5,247,0,0,4,1,5,124,86,36,6,252,8,22,30,282
09/22/2003,JAX,FL,ASO,ES,Towers with Radar,135,86,46,21,288,0,0,12,0,12,135,86,58,21,300,0,8,8,308
09/23/2003,JAX,FL,ASO,ES,Towers with Radar,143,111,53,44,351,0,0,8,2,10,143,111,61,46,361,0,14,14,375
09/24/2003,JAX,FL,ASO,ES,Towers with Radar,138,120,63,29,350,0,0,2,0,2,138,120,65,29,352,0,10,10,362
09/25/2003,JAX,FL,ASO,ES,Towers with Radar,152,112,85,21,370,0,0,5,0,5,152,112,90,21,375,24,0,24,399
09/26/2003,JAX,FL,ASO,ES,Towers with Radar,139,118,59,19,335,0,0,4,1,5,139,118,63,20,340,0,22,22,362
09/27/2003,JAX,FL,ASO,ES,Towers with Radar,116,65,31,2,214,0,0,7,0,7,116,65,38,2,221,0,0,0,221
09/28/2003,JAX,FL,ASO,ES,Towers with Radar,126,78,30,6,240,0,0,18,0,18,126,78,48,6,258,0,0,0,258
09/29/2003,JAX,FL,ASO,ES,Towers with Radar,140,91,48,1,280,0,0,17,0,17,140,91,65,1,297,12,0,12,309
09/30/2003,JAX,FL,ASO,ES,Towers with Radar,142,109,60,12,323,0,0,12,0,12,142,109,72,12,335,14,0,14,349
10/01/2003,JAX,FL,ASO,ES,Towers with Radar,141,112,59,22,334,0,12,25,7,44,141,124,84,29,378,22,23,45,423
10/02/2003,JAX,FL,ASO,ES,Towers with Radar,146,107,58,21,332,0,0,11,24,35,146,107,69,45,367,21,111,132,499
10/03/2003,JAX,FL,ASO,ES,Towers with Radar,139,107,56,15,317,0,0,0,0,0,139,107,56,15,317,4,44,48,365
10/04/2003,JAX,FL,ASO,ES,Towers with Radar,107,71,40,15,233,11,0,7,13,31,118,71,47,28,264,4,6,10,274
10/05/2003,JAX,FL,ASO,ES,Towers with Radar,110,79,42,3,234,17,11,3,0,31,127,90,45,3,265,13,0,13,278
10/06/2003,JAX,FL,ASO,ES,Towers with Radar,125,103,56,21,305,0,0,9,1,10,125,103,65,22,315,6,23,29,344
10/07/2003,JAX,FL,ASO,ES,Towers with Radar,143,103,54,13,313,0,0,16,0,16,143,103,70,13,329,0,14,14,343
10/08/2003,JAX,FL,ASO,ES,Towers with Radar,151,107,52,24,334,0,0,0,9,9,151,107,52,33,343,2,14,16,359
10/09/2003,JAX,FL,ASO,ES,Towers with Radar,147,107,63,12,329,0,0,19,0,19,147,107,82,12,348,18,28,46,394
10/10/2003,JAX,FL,ASO,ES,Towers with Radar,156,94,60,8,318,0,0,30,0,30,156,94,90,8,348,10,16,26,374
10/11/2003,JAX,FL,ASO,ES,Towers with Radar,107,71,39,2,219,14,0,6,0,20,121,71,45,2,239,0,0,0,239
10/12/2003,JAX,FL,ASO,ES,Towers with Radar,124,89,44,0,257,4,7,0,0,11,128,96,44,0,268,0,0,0,268
10/13/2003,JAX,FL,ASO,ES,Towers with Radar,126,97,47,3,273,0,9,0,0,9,126,106,47,3,282,0,0,0,282
10/14/2003,JAX,FL,ASO,ES,Towers with Radar,141,90,49,13,293,0,0,0,0,0,141,90,49,13,293,10,57,67,360
10/15/2003,JAX,FL,ASO,ES,Towers with Radar,155,106,61,24,346,0,0,33,13,46,155,106,94,37,392,20,100,120,512
10/16/2003,JAX,FL,ASO,ES,Towers with Radar,146,105,45,21,317,0,16,0,11,27,146,121,45,32,344,0,54,54,398
10/17/2003,JAX,FL,ASO,ES,Towers with Radar,150,111,59,23,343,0,0,13,31,44,150,111,72,54,387,10,14,24,411
10/18/2003,JAX,FL,ASO,ES,Towers with Radar,113,73,41,6,233,15,0,6,0,21,128,73,47,6,254,36,0,36,290
10/19/2003,JAX,FL,ASO,ES,Towers with Radar,134,93,34,13,274,6,1,0,0,7,140,94,34,13,281,0,46,46,327
10/20/2003,JAX,FL,ASO,ES,Towers with Radar,117,81,39,16,253,18,8,0,0,26,135,89,39,16,279,0,30,30,309
10/21/2003,JAX,FL,ASO,ES,Towers with Radar,140,99,52,19,310,2,14,16,3,35,142,113,68,22,345,13,37,50,395
10/22/2003,JAX,FL,ASO,ES,Towers with Radar,147,114,59,22,342,0,4,12,22,38,147,118,71,44,380,2,134,136,516
10/23/2003,JAX,FL,ASO,ES,Towers with Radar,146,102,54,20,322,1,15,29,7,52,147,117,83,27,374,0,39,39,413
10/24/2003,JAX,FL,ASO,ES,Towers with Radar,142,99,54,20,315,0,0,36,11,47,142,99,90,31,362,0,8,8,370
10/25/2003,JAX,FL,ASO,ES,Towers with Radar,91,60,34,2,187,32,0,6,0,38,123,60,40,2,225,12,4,16,241
10/26/2003,JAX,FL,ASO,ES,Towers with Radar,102,72,32,11,217,27,13,0,0,40,129,85,32,11,257,9,7,16,273
10/27/2003,JAX,FL,ASO,ES,Towers with Radar,132,93,49,14,288,12,9,12,0,33,144,102,61,14,321,0,18,18,339
10/28/2003,JAX,FL,ASO,ES,Towers with Radar,123,86,45,9,263,20,27,36,0,83,143,113,81,9,346,0,0,0,346
10/29/2003,JAX,FL,ASO,ES,Towers with Radar,152,91,63,24,330,0,0,28,58,86,152,91,91,82,416,0,73,73,489
10/30/2003,JAX,FL,ASO,ES,Towers with Radar,153,101,57,21,332,0,0,20,32,52,153,101,77,53,384,5,38,43,427
10/31/2003,JAX,FL,ASO,ES,Towers with Radar,142,101,53,19,315,5,2,22,3,32,147,103,75,22,347,0,20,20,367
11/01/2003,JAX,FL,ASO,ES,Towers with Radar,109,60,45,11,225,11,0,30,0,41,120,60,75,11,266,22,0,22,288
11/02/2003,JAX,FL,ASO,ES,Towers with Radar,121,77,51,1,250,6,0,17,0,23,127,77,68,1,273,2,0,2,275
11/03/2003,JAX,FL,ASO,ES,Towers with Radar,123,89,51,17,280,18,1,7,20,46,141,90,58,37,326,0,41,41,367
11/04/2003,JAX,FL,ASO,ES,Towers with Radar,143,107,61,21,332,0,16,5,27,48,143,123,66,48,380,5,46,51,431
11/05/2003,JAX,FL,ASO,ES,Towers with Radar,86,68,37,14,205,0,1,0,2,3,86,69,37,16,208,0,0,0,208
11/06/2003,JAX,FL,ASO,ES,Towers with Radar,78,65,36,13,192,0,1,7,6,14,78,66,43,19,206,0,5,5,211
11/07/2003,JAX,FL,ASO,ES,Towers with Radar,139,115,65,20,339,0,0,0,0,0,139,115,65,20,339,0,12,12,351
11/08/2003,JAX,FL,ASO,ES,Towers with Radar,111,72,45,9,237,17,0,5,0,22,128,72,50,9,259,0,0,0,259
11/09/2003,JAX,FL,ASO,ES,Towers with Radar,123,88,34,13,258,6,2,0,0,8,129,90,34,13,266,0,0,0,266
11/10/2003,JAX,FL,ASO,ES,Towers with Radar,137,89,56,6,288,3,0,10,0,13,140,89,66,6,301,0,0,0,301
11/11/2003,JAX,FL,ASO,ES,Towers with Radar,133,96,54,3,286,9,9,12,0,30,142,105,66,3,316,0,0,0,316
11/12/2003,JAX,FL,ASO,ES,Towers with Radar,149,94,63,22,328,0,0,32,0,32,149,94,95,22,360,0,6,6,366
11/13/2003,JAX,FL,ASO,ES,Towers with Radar,141,120,70,25,356,0,0,26,20,46,141,120,96,45,402,0,45,45,447
11/14/2003,JAX,FL,ASO,ES,Towers with Radar,144,102,62,22,330,0,0,97,14,111,144,102,159,36,441,14,38,52,493
11/15/2003,JAX,FL,ASO,ES,Towers with Radar,92,67,37,12,208,28,8,8,0,44,120,75,45,12,252,4,0,4,256
11/16/2003,JAX,FL,ASO,ES,Towers with Radar,115,81,40,17,253,18,4,0,18,40,133,85,40,35,293,0,0,0,293
11/17/2003,JAX,FL,ASO,ES,Towers with Radar,121,91,51,19,282,0,2,35,8,45,121,93,86,27,327,4,0,4,331
11/18/2003,JAX,FL,ASO,ES,Towers with Radar,139,98,56,19,312,11,16,27,16,70,150,114,83,35,382,5,19,24,406
11/19/2003,JAX,FL,ASO,ES,Towers with Radar,133,94,53,18,298,10,17,32,41,100,143,111,85,59,398,0,46,46,444
11/20/2003,JAX,FL,ASO,ES,Towers with Radar,145,110,64,21,340,0,6,27,1,34,145,116,91,22,374,22,8,30,404
11/21/2003,JAX,FL,ASO,ES,Towers with Radar,146,100,69,23,338,0,0,45,20,65,146,100,114,43,403,6,0,6,409
11/22/2003,JAX,FL,ASO,ES,Towers with Radar,100,66,41,8,215,16,0,15,0,31,116,66,56,8,246,0,5,5,251
11/23/2003,JAX,FL,ASO,ES,Towers with Radar,114,78,46,9,247,23,0,17,0,40,137,78,63,9,287,0,0,0,287
11/24/2003,JAX,FL,ASO,ES,Towers with Radar,129,92,52,11,284,0,14,31,0,45,129,106,83,11,329,8,0,8,337
11/25/2003,JAX,FL,ASO,ES,Towers with Radar,141,124,53,24,342,0,10,0,6,16,141,134,53,30,358,0,21,21,379
11/26/2003,JAX,FL,ASO,ES,Towers with Radar,135,112,56,22,325,0,0,0,0,0,135,112,56,22,325,5,0,5,330
11/27/2003,JAX,FL,ASO,ES,Towers with Radar,60,42,7,0,109,43,41,0,0,84,103,83,7,0,193,7,0,7,200
11/28/2003,JAX,FL,ASO,ES,Towers with Radar,90,64,27,1,182,22,11,0,0,33,112,75,27,1,215,0,0,0,215
11/29/2003,JAX,FL,ASO,ES,Towers with Radar,120,75,49,0,244,0,0,8,0,8,120,75,57,0,252,0,0,0,252
11/30/2003,JAX,FL,ASO,ES,Towers with Radar,139,88,47,0,274,0,0,0,0,0,139,88,47,0,274,4,0,4,278
12/01/2003,JAX,FL,ASO,ES,Towers with Radar,121,102,45,15,283,0,5,22,3,30,121,107,67,18,313,18,0,18,331
12/02/2003,JAX,FL,ASO,ES,Towers with Radar,146,113,50,16,325,0,3,46,12,61,146,116,96,28,386,0,20,20,406
12/03/2003,JAX,FL,ASO,ES,Towers with Radar,146,117,55,18,336,0,0,13,9,22,146,117,68,27,358,0,4,4,362
12/04/2003,JAX,FL,ASO,ES,Towers with Radar,152,115,51,14,332,3,10,28,0,41,155,125,79,14,373,0,0,0,373
12/05/2003,JAX,FL,ASO,ES,Towers with Radar,139,109,57,10,315,0,0,0,0,0,139,109,57,10,315,0,0,0,315
12/06/2003,JAX,FL,ASO,ES,Towers with Radar,103,68,25,11,207,10,0,0,20,30,113,68,25,31,237,8,0,8,245
12/07/2003,JAX,FL,ASO,ES,Towers with Radar,129,92,45,13,279,0,0,19,0,19,129,92,64,13,298,14,10,24,322
12/08/2003,JAX,FL,ASO,ES,Towers with Radar,130,83,49,16,278,0,0,41,13,54,130,83,90,29,332,0,12,12,344
12/09/2003,JAX,FL,ASO,ES,Towers with Radar,152,109,60,19,340,0,0,22,8,30,152,109,82,27,370,0,20,20,390
12/10/2003,JAX,FL,ASO,ES,Towers with Radar,154,100,39,11,304,0,0,0,0,0,154,100,39,11,304,2,4,6,310
12/11/2003,JAX,FL,ASO,ES,Towers with Radar,139,94,57,20,310,0,0,4,34,38,139,94,61,54,348,0,19,19,367
12/12/2003,JAX,FL,ASO,ES,Towers with Radar,151,99,60,12,322,0,0,17,0,17,151,99,77,12,339,8,8,16,355
12/13/2003,JAX,FL,ASO,ES,Towers with Radar,107,81,35,12,235,13,5,11,0,29,120,86,46,12,264,4,0,4,268
12/14/2003,JAX,FL,ASO,ES,Towers with Radar,96,72,30,5,203,22,3,0,0,25,118,75,30,5,228,0,0,0,228
12/15/2003,JAX,FL,ASO,ES,Towers with Radar,124,101,45,16,286,0,0,35,20,55,124,101,80,36,341,14,0,14,355
12/16/2003,JAX,FL,ASO,ES,Towers with Radar,156,116,57,20,349,0,0,45,11,56,156,116,102,31,405,6,27,33,438
12/17/2003,JAX,FL,ASO,ES,Towers with Radar,159,117,55,17,348,0,0,44,0,44,159,117,99,17,392,4,14,18,410
12/18/2003,JAX,FL,ASO,ES,Towers with Radar,150,124,55,19,348,0,10,59,10,79,150,134,114,29,427,6,0,6,433
12/19/2003,JAX,FL,ASO,ES,Towers with Radar,144,113,50,17,324,0,3,6,8,17,144,116,56,25,341,4,2,6,347
12/20/2003,JAX,FL,ASO,ES,Towers with Radar,104,77,34,0,215,23,5,2,0,30,127,82,36,0,245,0,0,0,245
12/21/2003,JAX,FL,ASO,ES,Towers with Radar,91,67,29,3,190,38,17,9,0,64,129,84,38,3,254,2,0,2,256
12/22/2003,JAX,FL,ASO,ES,Towers with Radar,107,79,20,5,211,21,21,0,0,42,128,100,20,5,253,0,10,10,263
12/23/2003,JAX,FL,ASO,ES,Towers with Radar,141,104,46,16,307,10,17,14,10,51,151,121,60,26,358,0,0,0,358
12/24/2003,JAX,FL,ASO,ES,Towers with Radar,94,68,22,6,190,48,46,0,0,94,142,114,22,6,284,0,0,0,284
12/25/2003,JAX,FL,ASO,ES,Towers with Radar,63,46,16,1,126,38,53,0,0,91,101,99,16,1,217,0,0,0,217
12/26/2003,JAX,FL,ASO,ES,Towers with Radar,134,99,23,0,256,5,2,0,0,7,139,101,23,0,263,0,0,0,263
12/27/2003,JAX,FL,ASO,ES,Towers with Radar,121,90,30,3,244,3,1,0,0,4,124,91,30,3,248,0,0,0,248
12/28/2003,JAX,FL,ASO,ES,Towers with Radar,118,83,25,0,226,9,0,0,0,9,127,83,25,0,235,0,0,0,235
12/29/2003,JAX,FL,ASO,ES,Towers with Radar,114,84,15,12,225,18,5,0,2,25,132,89,15,14,250,12,6,18,268
12/30/2003,JAX,FL,ASO,ES,Towers with Radar,138,102,32,15,287,11,10,0,1,22,149,112,32,16,309,0,2,2,311
12/31/2003,JAX,FL,ASO,ES,Towers with Radar,130,106,46,9,291,0,8,4,0,12,130,114,50,9,303,0,0,0,303
01/01/2004,JAX,FL,ASO,ES,Towers with Radar,83,64,30,1,178,26,46,7,0,79,109,110,37,1,257,0,0,0,257
01/02/2004,JAX,FL,ASO,ES,Towers with Radar,129,85,46,14,274,13,0,8,0,21,142,85,54,14,295,28,0,28,323
01/03/2004,JAX,FL,ASO,ES,Towers with Radar,123,89,44,3,259,0,0,10,0,10,123,89,54,3,269,0,0,0,269
01/04/2004,JAX,FL,ASO,ES,Towers with Radar,118,74,42,0,234,7,0,30,0,37,125,74,72,0,271,0,0,0,271
01/05/2004,JAX,FL,ASO,ES,Towers with Radar,104,81,39,10,234,20,8,1,0,29,124,89,40,10,263,0,0,0,263
01/06/2004,JAX,FL,ASO,ES,Towers with Radar,122,95,43,14,274,22,9,0,0,31,144,104,43,14,305,0,0,0,305
01/07/2004,JAX,FL,ASO,ES,Towers with Radar,132,113,48,17,310,0,11,0,8,19,132,124,48,25,329,14,0,14,343
01/08/2004,JAX,FL,ASO,ES,Towers with Radar,144,103,51,17,315,0,0,13,12,25,144,103,64,29,340,0,6,6,346
01/09/2004,JAX,FL,ASO,ES,Towers with Radar,135,108,40,13,296,0,4,0,0,4,135,112,40,13,300,0,62,62,362
01/10/2004,JAX,FL,ASO,ES,Towers with Radar,95,74,27,0,196,24,3,0,0,27,119,77,27,0,223,8,0,8,231
01/11/2004,JAX,FL,ASO,ES,Towers with Radar,99,77,35,2,213,15,0,15,0,30,114,77,50,2,243,0,0,0,243
01/12/2004,JAX,FL,ASO,ES,Towers with Radar,120,93,43,16,272,1,6,16,13,36,121,99,59,29,308,0,61,61,369
01/13/2004,JAX,FL,ASO,ES,Towers with Radar,139,108,49,17,313,0,15,48,12,75,139,123,97,29,388,9,21,30,418
01/14/2004,JAX,FL,ASO,ES,Towers with Radar,128,119,54,19,320,0,2,14,17,33,128,121,68,36,353,2,25,27,380
01/15/2004,JAX,FL,ASO,ES,Towers with Radar,132,116,57,20,325,0,0,1,30,31,132,116,58,50,356,0,61,61,417
01/16/2004,JAX,FL,ASO,ES,Towers with Radar,142,121,56,20,339,0,0,0,8,8,142,121,56,28,347,0,6,6,353
01/17/2004,JAX,FL,ASO,ES,Towers with Radar,107,78,38,7,230,13,0,12,0,25,120,78,50,7,255,4,0,4,259
01/18/2004,JAX,FL,ASO,ES,Towers with Radar,83,63,29,0,175,39,14,4,0,57,122,77,33,0,232,0,0,0,232
01/19/2004,JAX,FL,ASO,ES,Towers with Radar,113,86,27,1,227,6,19,0,0,25,119,105,27,1,252,0,0,0,252
01/20/2004,JAX,FL,ASO,ES,Towers with Radar,122,97,44,10,273,0,3,27,0,30,122,100,71,10,303,4,33,37,340
01/21/2004,JAX,FL,ASO,ES,Towers with Radar,146,120,58,20,344,0,0,19,18,37,146,120,77,38,381,18,22,40,421
01/22/2004,JAX,FL,ASO,ES,Towers with Radar,144,122,56,20,342,0,2,14,9,25,144,124,70,29,367,0,41,41,408
01/23/2004,JAX,FL,ASO,ES,Towers with Radar,139,113,45,19,316,0,0,0,3,3,139,113,45,22,319,0,0,0,319
01/24/2004,JAX,FL,ASO,ES,Towers with Radar,113,72,39,11,235,2,0,24,0,26,115,72,63,11,261,40,4,44,305
01/25/2004,JAX,FL,ASO,ES,Towers with Radar,107,69,34,13,223,11,0,0,3,14,118,69,34,16,237,0,0,0,237
01/26/2004,JAX,FL,ASO,ES,Towers with Radar,103,77,36,12,228,21,0,20,6,47,124,77,56,18,275,10,36,46,321
01/27/2004,JAX,FL,ASO,ES,Towers with Radar,127,97,44,8,276,20,22,8,0,50,147,119,52,8,326,0,11,11,337
01/28/2004,JAX,FL,ASO,ES,Towers with Radar,139,105,59,18,321,0,0,22,0,22,139,105,81,18,343,6,4,10,353
01/29/2004,JAX,FL,ASO,ES,Towers with Radar,125,123,56,19,323,0,0,14,10,24,125,123,70,29,347,0,18,18,365
01/30/2004,JAX,FL,ASO,ES,Towers with Radar,131,113,53,18,315,0,0,3,16,19,131,113,56,34,334,0,36,36,370
01/31/2004,JAX,FL,ASO,ES,Towers with Radar,118,68,41,5,232,6,0,10,0,16,124,68,51,5,248,0,8,8,256
02/01/2004,JAX,FL,ASO,ES,Towers with Radar,83,65,24,0,172,38,16,0,0,54,121,81,24,0,226,0,0,0,226
02/02/2004,JAX,FL,ASO,ES,Towers with Radar,105,82,38,2,227,19,15,16,0,50,124,97,54,2,277,0,0,0,277
02/03/2004,JAX,FL,ASO,ES,Towers with Radar,137,107,50,16,310,3,10,11,11,35,140,117,61,27,345,8,25,33,378
02/04/2004,JAX,FL,ASO,ES,Towers with Radar,147,119,55,18,339,0,10,23,2,35,147,129,78,20,374,4,24,28,402
02/05/2004,JAX,FL,ASO,ES,Towers with Radar,132,108,50,16,306,0,15,25,17,57,132,123,75,33,363,3,9,12,375
02/06/2004,JAX,FL,ASO,ES,Towers with Radar,107,84,38,13,242,32,22,5,19,78,139,106,43,32,320,0,26,26,346
02/07/2004,JAX,FL,ASO,ES,Towers with Radar,97,71,35,12,215,41,0,7,17,65,138,71,42,29,280,10,0,10,290
02/08/2004,JAX,FL,ASO,ES,Towers with Radar,100,79,36,12,227,20,3,12,5,40,120,82,48,17,267,36,0,36,303
02/09/2004,JAX,FL,ASO,ES,Towers with Radar,120,94,43,15,272,7,11,7,13,38,127,105,50,28,310,0,24,24,334
02/10/2004,JAX,FL,ASO,ES,Towers with Radar,131,108,49,17,305,0,16,22,17,55,131,124,71,34,360,0,10,10,370
02/11/2004,JAX,FL,ASO,ES,Towers with Radar,132,130,60,20,342,0,0,2,9,11,132,130,62,29,353,0,0,0,353
02/12/2004,JAX,FL,ASO,ES,Towers with Radar,136,113,49,18,316,0,0,0,8,8,136,113,49,26,324,0,2,2,326
02/13/2004,JAX,FL,ASO,ES,Towers with Radar,170,117,64,6,357,0,0,0,0,0,170,117,64,6,357,0,0,0,357
02/14/2004,JAX,FL,ASO,ES,Towers with Radar,82,64,21,0,167,37,25,0,0,62,119,89,21,0,229,0,0,0,229
02/15/2004,JAX,FL,ASO,ES,Towers with Radar,110,83,37,5,235,17,0,0,0,17,127,83,37,5,252,18,0,18,270
02/16/2004,JAX,FL,ASO,ES,Towers with Radar,126,99,44,1,270,0,0,0,0,0,126,99,44,1,270,0,0,0,270
02/17/2004,JAX,FL,ASO,ES,Towers with Radar,139,110,50,7,306,0,0,0,0,0,139,110,50,7,306,0,0,0,306
02/18/2004,JAX,FL,ASO,ES,Towers with Radar,138,122,57,20,337,0,0,25,6,31,138,122,82,26,368,0,10,10,378
02/19/2004,JAX,FL,ASO,ES,Towers with Radar,126,119,55,19,319,0,3,20,6,29,126,122,75,25,348,29,13,42,390
02/20/2004,JAX,FL,ASO,ES,Towers with Radar,133,118,54,19,324,0,3,8,12,23,133,121,62,31,347,10,0,10,357
02/21/2004,JAX,FL,ASO,ES,Towers with Radar,99,76,35,12,222,24,1,16,6,47,123,77,51,18,269,28,0,28,297
02/22/2004,JAX,FL,ASO,ES,Towers with Radar,118,86,42,8,254,3,0,0,0,3,121,86,42,8,257,0,0,0,257
02/23/2004,JAX,FL,ASO,ES,Towers with Radar,122,78,43,14,257,19,0,34,7,60,141,78,77,21,317,13,12,25,342
02/24/2004,JAX,FL,ASO,ES,Towers with Radar,125,96,44,10,275,25,39,7,0,71,150,135,51,10,346,0,0,0,346
02/25/2004,JAX,FL,ASO,ES,Towers with Radar,141,121,49,7,318,0,0,0,0,0,141,121,49,7,318,0,0,0,318
02/26/2004,JAX,FL,ASO,ES,Towers with Radar,146,106,59,16,327,0,0,24,0,24,146,106,83,16,351,0,0,0,351
02/27/2004,JAX,FL,ASO,ES,Towers with Radar,144,120,39,16,319,0,0,0,0,0,144,120,39,16,319,0,0,0,319
02/28/2004,JAX,FL,ASO,ES,Towers with Radar,121,74,42,14,251,8,0,16,12,36,129,74,58,26,287,10,0,10,297
02/29/2004,JAX,FL,ASO,ES,Towers with Radar,111,86,33,10,240,13,0,0,0,13,124,86,33,10,253,9,0,9,262
03/01/2004,JAX,FL,ASO,ES,Towers with Radar,119,96,37,14,266,5,12,0,0,17,124,108,37,14,283,0,52,52,335
03/02/2004,JAX,FL,ASO,ES,Towers with Radar,133,116,45,17,311,0,18,0,9,27,133,134,45,26,338,12,67,79,417
03/03/2004,JAX,FL,ASO,ES,Towers with Radar,128,125,66,20,339,0,0,55,24,79,128,125,121,44,418,12,32,44,462
03/04/2004,JAX,FL,ASO,ES,Towers with Radar,140,133,64,19,356,0,3,45,34,82,140,136,109,53,438,14,28,42,480
03/05/2004,JAX,FL,ASO,ES,Towers with Radar,138,100,50,18,306,0,0,0,5,5,138,100,50,23,311,2,8,10,321
03/06/2004,JAX,FL,ASO,ES,Towers with Radar,104,81,41,12,238,18,0,0,2,20,122,81,41,14,258,20,4,24,282
03/07/2004,JAX,FL,ASO,ES,Towers with Radar,126,80,49,7,262,3,0,0,0,3,129,80,49,7,265,12,0,12,277
03/08/2004,JAX,FL,ASO,ES,Towers with Radar,117,95,44,14,270,8,5,0,5,18,125,100,44,19,288,0,36,36,324
03/09/2004,JAX,FL,ASO,ES,Towers with Radar,135,111,53,16,315,0,13,24,6,43,135,124,77,22,358,4,49,53,411
03/10/2004,JAX,FL,ASO,ES,Towers with Radar,136,112,60,19,327,0,0,12,19,31,136,112,72,38,358,20,55,75,433
03/11/2004,JAX,FL,ASO,ES,Towers with Radar,148,136,65,21,370,0,2,44,2,48,148,138,109,23,418,37,26,63,481
03/12/2004,JAX,FL,ASO,ES,Towers with Radar,153,117,61,20,351,0,0,13,3,16,153,117,74,23,367,0,16,16,383
03/13/2004,JAX,FL,ASO,ES,Towers with Radar,120,85,46,10,261,2,0,14,0,16,122,85,60,10,277,2,0,2,279
03/14/2004,JAX,FL,ASO,ES,Towers with Radar,132,89,46,10,277,5,0,0,0,5,137,89,46,10,282,17,0,17,299
03/15/2004,JAX,FL,ASO,ES,Towers with Radar,128,105,49,6,288,2,1,4,0,7,130,106,53,6,295,14,1,15,310
03/16/2004,JAX,FL,ASO,ES,Towers with Radar,128,105,49,3,285,12,11,7,0,30,140,116,56,3,315,3,0,3,318
03/17/2004,JAX,FL,ASO,ES,Towers with Radar,150,132,63,20,365,0,0,7,4,11,150,132,70,24,376,3,9,12,388
03/18/2004,JAX,FL,ASO,ES,Towers with Radar,142,133,64,20,359,0,2,14,30,46,142,135,78,50,405,0,24,24,429
03/19/2004,JAX,FL,ASO,ES,Towers with Radar,153,130,63,20,366,0,0,5,6,11,153,130,68,26,377,0,0,0,377
03/20/2004,JAX,FL,ASO,ES,Towers with Radar,117,87,43,2,249,9,0,0,0,9,126,87,43,2,258,18,0,18,276
03/21/2004,JAX,FL,ASO,ES,Towers with Radar,121,92,47,3,263,15,0,6,0,21,136,92,53,3,284,28,0,28,312
03/22/2004,JAX,FL,ASO,ES,Towers with Radar,123,105,51,3,282,0,6,17,0,23,123,111,68,3,305,16,19,35,340
03/23/2004,JAX,FL,ASO,ES,Towers with Radar,134,108,52,15,309,23,28,17,0,68,157,136,69,15,377,0,22,22,399
03/24/2004,JAX,FL,ASO,ES,Towers with Radar,155,120,60,19,354,8,0,17,11,36,163,120,77,30,390,20,60,80,470
03/25/2004,JAX,FL,ASO,ES,Towers with Radar,153,123,49,15,340,7,19,0,0,26,160,142,49,15,366,2,0,2,368
03/26/2004,JAX,FL,ASO,ES,Towers with Radar,154,116,59,6,335,0,0,9,0,9,154,116,68,6,344,4,0,4,348
03/27/2004,JAX,FL,ASO,ES,Towers with Radar,107,79,31,12,229,39,0,0,2,41,146,79,31,14,270,0,0,0,270
03/28/2004,JAX,FL,ASO,ES,Towers with Radar,121,86,41,10,258,15,0,0,0,15,136,86,41,10,273,0,8,8,281
03/29/2004,JAX,FL,ASO,ES,Towers with Radar,123,100,48,13,284,0,3,21,0,24,123,103,69,13,308,0,4,4,312
03/30/2004,JAX,FL,ASO,ES,Towers with Radar,142,114,54,17,327,6,25,16,22,69,148,139,70,39,396,24,87,111,507
03/31/2004,JAX,FL,ASO,ES,Towers with Radar,144,116,55,17,332,12,18,52,11,93,156,134,107,28,425,4,18,22,447
04/01/2004,JAX,FL,ASO,ES,Towers with Radar,132,126,56,19,333,0,38,30,2,70,132,164,86,21,403,22,43,65,468
04/02/2004,JAX,FL,ASO,ES,Towers with Radar,126,119,55,19,319,0,0,9,8,17,126,119,64,27,336,4,30,34,370
04/03/2004,JAX,FL,ASO,ES,Towers with Radar,100,81,41,10,232,6,0,12,0,18,106,81,53,10,250,8,0,8,258
04/04/2004,JAX,FL,ASO,ES,Towers with Radar,99,81,40,1,221,20,0,9,0,29,119,81,49,1,250,0,0,0,250
04/05/2004,JAX,FL,ASO,ES,Towers with Radar,126,103,51,18,298,0,0,42,2,44,126,103,93,20,342,18,34,52,394
04/06/2004,JAX,FL,ASO,ES,Towers with Radar,129,119,52,19,319,4,13,6,13,36,133,132,58,32,355,0,78,78,433
04/07/2004,JAX,FL,ASO,ES,Towers with Radar,138,129,59,22,348,0,0,30,4,34,138,129,89,26,382,16,30,46,428
04/08/2004,JAX,FL,ASO,ES,Towers with Radar,124,114,49,17,304,9,26,38,0,73,133,140,87,17,377,0,0,0,377
04/09/2004,JAX,FL,ASO,ES,Towers with Radar,131,118,62,23,334,0,0,0,1,1,131,118,62,24,335,0,2,2,337
04/10/2004,JAX,FL,ASO,ES,Towers with Radar,102,87,30,0,219,11,0,0,0,11,113,87,30,0,230,0,0,0,230
04/11/2004,JAX,FL,ASO,ES,Towers with Radar,101,81,39,0,221,29,0,0,0,29,130,81,39,0,250,0,0,0,250
04/12/2004,JAX,FL,ASO,ES,Towers with Radar,119,112,49,15,295,0,0,10,0,10,119,112,59,15,305,0,0,0,305
04/13/2004,JAX,FL,ASO,ES,Towers with Radar,126,116,50,18,310,16,9,15,0,40,142,125,65,18,350,4,50,54,404
04/14/2004,JAX,FL,ASO,ES,Towers with Radar,133,133,61,23,350,0,0,4,0,4,133,133,65,23,354,0,12,12,366
04/15/2004,JAX,FL,ASO,ES,Towers with Radar,133,124,72,27,356,0,0,20,7,27,133,124,92,34,383,12,60,72,455
04/16/2004,JAX,FL,ASO,ES,Towers with Radar,127,131,61,21,340,0,0,3,0,3,127,131,64,21,343,0,62,62,405
04/17/2004,JAX,FL,ASO,ES,Towers with Radar,111,96,33,0,240,0,0,0,0,0,111,96,33,0,240,4,0,4,244
04/18/2004,JAX,FL,ASO,ES,Towers with Radar,121,93,50,4,268,0,0,0,0,0,121,93,50,4,268,4,6,10,278
04/19/2004,JAX,FL,ASO,ES,Towers with Radar,126,98,50,19,293,0,0,17,7,24,126,98,67,26,317,6,16,22,339
04/20/2004,JAX,FL,ASO,ES,Towers with Radar,136,123,54,20,333,2,18,30,15,65,138,141,84,35,398,8,30,38,436
04/21/2004,JAX,FL,ASO,ES,Towers with Radar,132,119,52,19,322,1,14,44,10,69,133,133,96,29,391,0,0,0,391
04/22/2004,JAX,FL,ASO,ES,Towers with Radar,134,122,54,20,330,0,21,27,11,59,134,143,81,31,389,0,0,0,389
04/23/2004,JAX,FL,ASO,ES,Towers with Radar,128,116,51,18,313,6,12,20,0,38,134,128,71,18,351,6,0,6,357
04/24/2004,JAX,FL,ASO,ES,Towers with Radar,85,77,34,12,208,25,12,19,18,74,110,89,53,30,282,2,14,16,298
04/25/2004,JAX,FL,ASO,ES,Towers with Radar,96,87,38,13,234,22,3,0,16,41,118,90,38,29,275,0,0,0,275
04/26/2004,JAX,FL,ASO,ES,Towers with Radar,102,92,40,10,244,28,5,17,0,50,130,97,57,10,294,14,38,52,346
04/27/2004,JAX,FL,ASO,ES,Towers with Radar,127,115,51,18,311,13,13,39,25,90,140,128,90,43,401,7,30,37,438
04/28/2004,JAX,FL,ASO,ES,Towers with Radar,135,128,55,20,338,0,3,9,2,14,135,131,64,22,352,0,2,2,354
04/29/2004,JAX,FL,ASO,ES,Towers with Radar,126,126,55,19,326,0,9,11,18,38,126,135,66,37,364,10,30,40,404
04/30/2004,JAX,FL,ASO,ES,Towers with Radar,124,113,50,6,293,6,27,1,0,34,130,140,51,6,327,14,2,16,343
05/01/2004,JAX,FL,ASO,ES,Towers with Radar,87,79,31,7,204,21,0,0,0,21,108,79,31,7,225,0,0,0,225
05/02/2004,JAX,FL,ASO,ES,Towers with Radar,101,91,44,1,237,20,7,0,0,27,121,98,44,1,264,0,0,0,264
05/03/2004,JAX,FL,ASO,ES,Towers with Radar,123,101,53,12,289,1,0,0,0,1,124,101,53,12,290,4,28,32,322
05/04/2004,JAX,FL,ASO,ES,Towers with Radar,138,140,72,23,373,0,0,12,0,12,138,140,84,23,385,16,32,48,433
05/05/2004,JAX,FL,ASO,ES,Towers with Radar,130,126,65,20,341,0,7,27,11,45,130,133,92,31,386,16,48,64,450
05/06/2004,JAX,FL,ASO,ES,Towers with Radar,128,129,66,21,344,0,0,29,6,35,128,129,95,27,379,4,0,4,383
05/07/2004,JAX,FL,ASO,ES,Towers with Radar,131,119,62,19,331,0,5,6,1,12,131,124,68,20,343,6,12,18,361
05/08/2004,JAX,FL,ASO,ES,Towers with Radar,87,78,40,1,206,22,0,17,0,39,109,78,57,1,245,0,0,0,245
05/09/2004,JAX,FL,ASO,ES,Towers with Radar,95,87,38,9,229,26,5,0,0,31,121,92,38,9,260,4,0,4,264
05/10/2004,JAX,FL,ASO,ES,Towers with Radar,125,114,59,18,316,0,6,4,3,13,125,120,63,21,329,4,2,6,335
05/11/2004,JAX,FL,ASO,ES,Towers with Radar,135,137,71,22,365,0,5,18,8,31,135,142,89,30,396,11,12,23,419
05/12/2004,JAX,FL,ASO,ES,Towers with Radar,136,132,69,21,358,0,5,19,13,37,136,137,88,34,395,0,74,74,469
05/13/2004,JAX,FL,ASO,ES,Towers with Radar,125,134,73,23,355,0,0,43,12,55,125,134,116,35,410,10,56,66,476
05/14/2004,JAX,FL,ASO,ES,Towers with Radar,138,124,68,21,351,0,0,23,18,41,138,124,91,39,392,10,57,67,459
05/15/2004,JAX,FL,ASO,ES,Towers with Radar,89,79,41,13,222,26,5,19,5,55,115,84,60,18,277,22,20,42,319
05/16/2004,JAX,FL,ASO,ES,Towers with Radar,110,88,51,16,265,7,0,19,2,28,117,88,70,18,293,0,0,0,293
05/17/2004,JAX,FL,ASO,ES,Towers with Radar,123,102,48,15,288,0,0,0,0,0,123,102,48,15,288,0,14,14,302
05/18/2004,JAX,FL,ASO,ES,Towers with Radar,139,125,69,20,353,0,0,23,3,26,139,125,92,23,379,6,12,18,397
05/19/2004,JAX,FL,ASO,ES,Towers with Radar,126,134,72,21,353,0,0,4,7,11,126,134,76,28,364,0,34,34,398
05/20/2004,JAX,FL,ASO,ES,Towers with Radar,130,134,70,17,351,0,0,27,0,27,130,134,97,17,378,4,6,10,388
05/21/2004,JAX,FL,ASO,ES,Towers with Radar,130,125,66,19,340,0,5,32,9,46,130,130,98,28,386,30,20,50,436
05/22/2004,JAX,FL,ASO,ES,Towers with Radar,90,80,40,12,222,27,11,0,8,46,117,91,40,20,268,8,10,18,286
05/23/2004,JAX,FL,ASO,ES,Towers with Radar,95,84,44,2,225,22,1,4,0,27,117,85,48,2,252,20,0,20,272
05/24/2004,JAX,FL,ASO,ES,Towers with Radar,126,109,51,14,300,0,0,0,0,0,126,109,51,14,300,12,0,12,312
05/25/2004,JAX,FL,ASO,ES,Towers with Radar,135,127,72,21,355,0,0,26,36,62,135,127,98,57,417,14,88,102,519
05/26/2004,JAX,FL,ASO,ES,Towers with Radar,131,130,67,20,348,0,0,9,8,17,131,130,76,28,365,0,4,4,369
05/27/2004,JAX,FL,ASO,ES,Towers with Radar,132,133,70,21,356,0,0,17,7,24,132,133,87,28,380,4,6,10,390
05/28/2004,JAX,FL,ASO,ES,Towers with Radar,130,124,65,5,324,0,1,16,0,17,130,125,81,5,341,10,0,10,351
05/29/2004,JAX,FL,ASO,ES,Towers with Radar,92,82,43,0,217,17,2,0,0,19,109,84,43,0,236,0,0,0,236
05/30/2004,JAX,FL,ASO,ES,Towers with Radar,69,61,22,2,154,38,15,0,0,53,107,76,22,2,207,6,0,6,213
05/31/2004,JAX,FL,ASO,ES,Towers with Radar,93,83,41,0,217,15,12,0,0,27,108,95,41,0,244,2,0,2,246
06/01/2004,JAX,FL,ASO,ES,Towers with Radar,130,109,54,19,312,0,0,20,6,26,130,109,74,25,338,0,0,0,338
06/02/2004,JAX,FL,ASO,ES,Towers with Radar,132,133,57,20,342,0,0,9,5,14,132,133,66,25,356,0,38,38,394
06/03/2004,JAX,FL,ASO,ES,Towers with Radar,137,131,56,20,344,0,5,17,8,30,137,136,73,28,374,0,16,16,390
06/04/2004,JAX,FL,ASO,ES,Towers with Radar,128,128,55,19,330,0,6,4,15,25,128,134,59,34,355,8,0,8,363
06/05/2004,JAX,FL,ASO,ES,Towers with Radar,101,87,40,9,237,13,0,15,0,28,114,87,55,9,265,0,0,0,265
06/06/2004,JAX,FL,ASO,ES,Towers with Radar,98,91,20,14,223,31,3,0,4,38,129,94,20,18,261,0,0,0,261
06/07/2004,JAX,FL,ASO,ES,Towers with Radar,120,109,39,17,285,4,0,0,6,10,124,109,39,23,295,0,0,0,295
06/08/2004,JAX,FL,ASO,ES,Towers with Radar,130,126,53,20,329,0,7,1,7,15,130,133,54,27,344,0,0,0,344
06/09/2004,JAX,FL,ASO,ES,Towers with Radar,132,122,39,19,312,0,7,0,3,10,132,129,39,22,322,0,0,0,322
06/10/2004,JAX,FL,ASO,ES,Towers with Radar,133,132,48,21,334,0,0,0,3,3,133,132,48,24,337,0,0,0,337
06/11/2004,JAX,FL,ASO,ES,Towers with Radar,130,119,40,19,308,5,23,0,5,33,135,142,40,24,341,0,0,0,341
06/12/2004,JAX,FL,ASO,ES,Towers with Radar,101,93,29,3,226,17,3,0,0,20,118,96,29,3,246,0,0,0,246
06/13/2004,JAX,FL,ASO,ES,Towers with Radar,115,89,30,10,244,0,0,0,0,0,115,89,30,10,244,0,12,12,256
06/14/2004,JAX,FL,ASO,ES,Towers with Radar,126,102,42,13,283,0,0,0,0,0,126,102,42,13,283,0,4,4,287
06/15/2004,JAX,FL,ASO,ES,Towers with Radar,141,139,60,21,361,0,0,54,0,54,141,139,114,21,415,0,0,0,415
06/16/2004,JAX,FL,ASO,ES,Towers with Radar,136,126,57,21,340,0,0,30,13,43,136,126,87,34,383,4,121,125,508
06/17/2004,JAX,FL,ASO,ES,Towers with Radar,126,131,55,21,333,0,3,2,1,6,126,134,57,22,339,0,6,6,345
06/18/2004,JAX,FL,ASO,ES,Towers with Radar,137,127,60,14,338,0,0,1,0,1,137,127,61,14,339,0,2,2,341
06/19/2004,JAX,FL,ASO,ES,Towers with Radar,100,90,39,4,233,12,0,3,0,15,112,90,42,4,248,0,0,0,248
06/20/2004,JAX,FL,ASO,ES,Towers with Radar,102,91,29,0,222,20,1,0,0,21,122,92,29,0,243,0,0,0,243
06/21/2004,JAX,FL,ASO,ES,Towers with Radar,121,108,47,9,285,1,0,2,0,3,122,108,49,9,288,0,0,0,288
06/22/2004,JAX,FL,ASO,ES,Towers with Radar,130,117,49,18,314,2,14,12,13,41,132,131,61,31,355,0,13,13,368
06/23/2004,JAX,FL,ASO,ES,Towers with Radar,130,120,51,18,319,0,3,27,11,41,130,123,78,29,360,0,50,50,410
06/24/2004,JAX,FL,ASO,ES,Towers with Radar,137,138,58,21,354,0,6,50,2,58,137,144,108,23,412,13,26,39,451
06/25/2004,JAX,FL,ASO,ES,Towers with Radar,133,123,52,18,326,0,5,12,0,17,133,128,64,18,343,10,22,32,375
06/26/2004,JAX,FL,ASO,ES,Towers with Radar,92,83,35,0,210,26,2,0,0,28,118,85,35,0,238,4,0,4,242
06/27/2004,JAX,FL,ASO,ES,Towers with Radar,104,90,39,14,247,14,0,0,17,31,118,90,39,31,278,2,12,14,292
06/28/2004,JAX,FL,ASO,ES,Towers with Radar,115,103,44,12,274,13,4,37,0,54,128,107,81,12,328,14,2,16,344
06/29/2004,JAX,FL,ASO,ES,Towers with Radar,136,123,52,19,330,14,11,42,3,70,150,134,94,22,400,20,0,20,420
06/30/2004,JAX,FL,ASO,ES,Towers with Radar,132,126,53,19,330,0,8,23,2,33,132,134,76,21,363,0,20,20,383
07/01/2004,JAX,FL,ASO,ES,Towers with Radar,139,136,49,17,341,0,0,0,3,3,139,136,49,20,344,0,14,14,358
07/02/2004,JAX,FL,ASO,ES,Towers with Radar,143,132,50,3,328,0,0,23,0,23,143,132,73,3,351,6,0,6,357
07/03/2004,JAX,FL,ASO,ES,Towers with Radar,99,93,27,3,222,21,0,0,0,21,120,93,27,3,243,0,0,0,243
07/04/2004,JAX,FL,ASO,ES,Towers with Radar,68,66,13,0,147,39,17,0,0,56,107,83,13,0,203,6,0,6,209
07/05/2004,JAX,FL,ASO,ES,Towers with Radar,108,105,36,0,249,15,0,2,0,17,123,105,38,0,266,0,0,0,266
07/06/2004,JAX,FL,ASO,ES,Towers with Radar,122,125,45,14,306,0,0,4,2,6,122,125,49,16,312,2,0,2,314
07/07/2004,JAX,FL,ASO,ES,Towers with Radar,129,125,45,14,313,3,5,8,5,21,132,130,53,19,334,0,50,50,384
07/08/2004,JAX,FL,ASO,ES,Towers with Radar,137,134,47,15,333,0,9,11,3,23,137,143,58,18,356,3,28,31,387
07/09/2004,JAX,FL,ASO,ES,Towers with Radar,130,130,51,17,328,0,0,8,16,24,130,130,59,33,352,2,2,4,356
07/10/2004,JAX,FL,ASO,ES,Towers with Radar,104,101,34,12,251,9,3,4,2,18,113,104,38,14,269,0,0,0,269
07/11/2004,JAX,FL,ASO,ES,Towers with Radar,109,96,22,6,233,14,0,0,0,14,123,96,22,6,247,0,0,0,247
07/12/2004,JAX,FL,ASO,ES,Towers with Radar,123,110,41,15,289,1,0,7,10,18,124,110,48,25,307,0,8,8,315
07/13/2004,JAX,FL,ASO,ES,Towers with Radar,141,136,46,16,339,1,19,6,2,28,142,155,52,18,367,4,2,6,373
07/14/2004,JAX,FL,ASO,ES,Towers with Radar,132,143,49,17,341,0,2,23,10,35,132,145,72,27,376,0,18,18,394
07/15/2004,JAX,FL,ASO,ES,Towers with Radar,125,121,41,6,293,6,14,28,0,48,131,135,69,6,341,0,38,38,379
07/16/2004,JAX,FL,ASO,ES,Towers with Radar,128,140,50,18,336,0,0,21,16,37,128,140,71,34,373,0,54,54,427
07/17/2004,JAX,FL,ASO,ES,Towers with Radar,91,88,27,6,212,23,14,0,0,37,114,102,27,6,249,4,0,4,253
07/18/2004,JAX,FL,ASO,ES,Towers with Radar,93,89,27,9,218,25,18,0,0,43,118,107,27,9,261,6,4,10,271
07/19/2004,JAX,FL,ASO,ES,Towers with Radar,123,112,39,12,286,6,0,0,0,6,129,112,39,12,292,4,0,4,296
07/20/2004,JAX,FL,ASO,ES,Towers with Radar,131,140,53,19,343,0,0,13,17,30,131,140,66,36,373,0,31,31,404
07/21/2004,JAX,FL,ASO,ES,Towers with Radar,127,137,47,9,320,0,3,35,0,38,127,140,82,9,358,4,16,20,378
07/22/2004,JAX,FL,ASO,ES,Towers with Radar,130,141,49,8,328,0,0,8,0,8,130,141,57,8,336,0,0,0,336
07/23/2004,JAX,FL,ASO,ES,Towers with Radar,131,141,51,18,341,0,0,19,8,27,131,141,70,26,368,0,36,36,404
07/24/2004,JAX,FL,ASO,ES,Towers with Radar,101,96,21,1,219,11,8,0,0,19,112,104,21,1,238,12,0,12,250
07/25/2004,JAX,FL,ASO,ES,Towers with Radar,106,96,34,5,241,21,0,3,0,24,127,96,37,5,265,0,18,18,283
07/26/2004,JAX,FL,ASO,ES,Towers with Radar,123,106,41,14,284,7,0,21,1,29,130,106,62,15,313,4,8,12,325
07/27/2004,JAX,FL,ASO,ES,Towers with Radar,129,129,44,12,314,0,11,13,0,24,129,140,57,12,338,0,17,17,355
07/28/2004,JAX,FL,ASO,ES,Towers with Radar,136,130,45,12,323,1,0,2,0,3,137,130,47,12,326,8,0,8,334
07/29/2004,JAX,FL,ASO,ES,Towers with Radar,135,144,51,17,347,0,0,42,8,50,135,144,93,25,397,0,4,4,401
07/30/2004,JAX,FL,ASO,ES,Towers with Radar,132,137,47,16,332,0,3,14,14,31,132,140,61,30,363,10,6,16,379
07/31/2004,JAX,FL,ASO,ES,Towers with Radar,97,92,31,10,230,13,5,5,12,35,110,97,36,22,265,0,14,14,279
08/01/2004,JAX,FL,ASO,ES,Towers with Radar,101,96,24,9,230,14,0,0,3,17,115,96,24,12,247,0,6,6,253
08/02/2004,JAX,FL,ASO,ES,Towers with Radar,115,98,28,10,251,15,0,0,3,18,130,98,28,13,269,0,0,0,269
08/03/2004,JAX,FL,ASO,ES,Towers with Radar,133,139,44,11,327,0,2,0,0,2,133,141,44,11,329,0,0,0,329
08/04/2004,JAX,FL,ASO,ES,Towers with Radar,130,143,49,14,336,0,0,0,2,2,130,143,49,16,338,0,0,0,338
08/05/2004,JAX,FL,ASO,ES,Towers with Radar,127,138,47,14,326,0,0,12,7,19,127,138,59,21,345,2,75,77,422
08/06/2004,JAX,FL,ASO,ES,Towers with Radar,133,125,39,15,312,0,0,0,3,3,133,125,39,18,315,0,0,0,315
08/07/2004,JAX,FL,ASO,ES,Towers with Radar,106,101,26,2,235,9,2,0,0,11,115,103,26,2,246,0,0,0,246
08/08/2004,JAX,FL,ASO,ES,Towers with Radar,110,95,29,9,243,18,0,0,0,18,128,95,29,9,261,0,0,0,261
08/09/2004,JAX,FL,ASO,ES,Towers with Radar,128,116,45,13,302,0,0,7,4,11,128,116,52,17,313,0,6,6,319
08/10/2004,JAX,FL,ASO,ES,Towers with Radar,135,133,49,14,331,0,0,17,25,42,135,133,66,39,373,0,66,66,439
08/11/2004,JAX,FL,ASO,ES,Towers with Radar,133,142,50,14,339,0,1,23,20,44,133,143,73,34,383,0,32,32,415
08/12/2004,JAX,FL,ASO,ES,Towers with Radar,109,104,35,11,259,21,22,31,3,77,130,126,66,14,336,0,14,14,350
08/13/2004,JAX,FL,ASO,ES,Towers with Radar,65,62,21,1,149,47,42,4,0,93,112,104,25,1,242,0,0,0,242
08/14/2004,JAX,FL,ASO,ES,Towers with Radar,59,56,19,2,136,24,9,7,0,40,83,65,26,2,176,0,0,0,176
08/15/2004,JAX,FL,ASO,ES,Towers with Radar,96,92,31,0,219,30,7,2,0,39,126,99,33,0,258,0,0,0,258
08/16/2004,JAX,FL,ASO,ES,Towers with Radar,122,107,40,4,273,0,0,5,0,5,122,107,45,4,278,20,6,26,304
08/17/2004,JAX,FL,ASO,ES,Towers with Radar,130,133,49,14,326,0,0,28,1,29,130,133,77,15,355,6,0,6,361
08/18/2004,JAX,FL,ASO,ES,Towers with Radar,130,124,50,10,314,0,0,20,0,20,130,124,70,10,334,6,2,8,342
08/19/2004,JAX,FL,ASO,ES,Towers with Radar,132,132,50,15,329,0,0,5,1,6,132,132,55,16,335,0,0,0,335
08/20/2004,JAX,FL,ASO,ES,Towers with Radar,133,139,48,4,324,0,6,27,0,33,133,145,75,4,357,0,0,0,357
08/21/2004,JAX,FL,ASO,ES,Towers with Radar,93,87,30,2,212,47,9,9,0,65,140,96,39,2,277,8,0,8,285
08/22/2004,JAX,FL,ASO,ES,Towers with Radar,112,102,36,6,256,14,0,3,0,17,126,102,39,6,273,0,0,0,273
08/23/2004,JAX,FL,ASO,ES,Towers with Radar,127,110,42,9,288,0,0,0,0,0,127,110,42,9,288,0,0,0,288
08/24/2004,JAX,FL,ASO,ES,Towers with Radar,135,130,45,12,322,0,12,1,6,19,135,142,46,18,341,0,42,42,383
08/25/2004,JAX,FL,ASO,ES,Towers with Radar,129,139,51,14,333,0,0,8,0,8,129,139,59,14,341,10,34,44,385
08/26/2004,JAX,FL,ASO,ES,Towers with Radar,143,149,51,14,357,0,16,18,0,34,143,165,69,14,391,0,0,0,391
08/27/2004,JAX,FL,ASO,ES,Towers with Radar,127,135,47,13,322,0,1,9,7,17,127,136,56,20,339,0,26,26,365
08/28/2004,JAX,FL,ASO,ES,Towers with Radar,95,89,31,6,221,17,6,2,0,25,112,95,33,6,246,0,4,4,250
08/29/2004,JAX,FL,ASO,ES,Towers with Radar,102,95,31,7,235,18,6,0,0,24,120,101,31,7,259,0,0,0,259
08/30/2004,JAX,FL,ASO,ES,Towers with Radar,121,113,37,9,280,6,4,0,0,10,127,117,37,9,290,0,0,0,290
08/31/2004,JAX,FL,ASO,ES,Towers with Radar,132,123,42,12,309,0,8,23,1,32,132,131,65,13,341,0,0,0,341
09/01/2004,JAX,FL,ASO,ES,Towers with Radar,137,130,43,13,323,0,0,13,5,18,137,130,56,18,341,0,0,0,341
09/02/2004,JAX,FL,ASO,ES,Towers with Radar,130,150,57,10,347,0,0,0,0,0,130,150,57,10,347,0,0,0,347
09/03/2004,JAX,FL,ASO,ES,Towers with Radar,119,117,36,0,272,4,21,2,0,27,123,138,38,0,299,0,0,0,299
09/04/2004,JAX,FL,ASO,ES,Towers with Radar,27,27,5,0,59,37,27,0,0,64,64,54,5,0,123,0,0,0,123
09/05/2004,JAX,FL,ASO,ES,Towers with Radar,1,2,1,0,4,3,0,1,0,4,4,2,2,0,8,0,0,0,8
09/06/2004,JAX,FL,ASO,ES,Towers with Radar,23,23,8,0,54,24,21,3,0,48,47,44,11,0,102,0,0,0,102
09/07/2004,JAX,FL,ASO,ES,Towers with Radar,100,98,30,8,236,29,23,11,0,63,129,121,41,8,299,0,0,0,299
09/08/2004,JAX,FL,ASO,ES,Towers with Radar,127,131,42,15,315,0,0,0,3,3,127,131,42,18,318,0,44,44,362
09/09/2004,JAX,FL,ASO,ES,Towers with Radar,130,141,42,14,327,0,0,4,13,17,130,141,46,27,344,0,0,0,344
09/10/2004,JAX,FL,ASO,ES,Towers with Radar,131,129,38,13,311,3,2,3,5,13,134,131,41,18,324,6,2,8,332
09/11/2004,JAX,FL,ASO,ES,Towers with Radar,96,95,28,5,224,17,4,11,0,32,113,99,39,5,256,0,0,0,256
09/12/2004,JAX,FL,ASO,ES,Towers with Radar,87,86,24,1,198,38,9,0,0,47,125,95,24,1,245,0,0,0,245
09/13/2004,JAX,FL,ASO,ES,Towers with Radar,116,111,23,5,255,10,0,0,0,10,126,111,23,5,265,2,0,2,267
09/14/2004,JAX,FL,ASO,ES,Towers with Radar,123,121,36,7,287,13,19,4,0,36,136,140,40,7,323,0,0,0,323
09/15/2004,JAX,FL,ASO,ES,Towers with Radar,126,124,36,12,298,8,13,11,3,35,134,137,47,15,333,10,0,10,343
09/16/2004,JAX,FL,ASO,ES,Towers with Radar,109,107,31,11,258,24,32,16,19,91,133,139,47,30,349,0,22,22,371
09/17/2004,JAX,FL,ASO,ES,Towers with Radar,127,123,37,12,299,10,0,0,5,15,137,123,37,17,314,12,2,14,328
09/18/2004,JAX,FL,ASO,ES,Towers with Radar,97,93,28,5,223,8,10,11,0,29,105,103,39,5,252,0,0,0,252
09/19/2004,JAX,FL,ASO,ES,Towers with Radar,96,93,28,0,217,25,11,5,0,41,121,104,33,0,258,0,0,0,258
09/20/2004,JAX,FL,ASO,ES,Towers with Radar,132,120,38,13,303,1,0,1,1,3,133,120,39,14,306,0,0,0,306
09/21/2004,JAX,FL,ASO,ES,Towers with Radar,143,133,46,16,338,0,0,6,3,9,143,133,52,19,347,2,22,24,371
09/22/2004,JAX,FL,ASO,ES,Towers with Radar,137,138,45,15,335,0,0,33,18,51,137,138,78,33,386,15,18,33,419
09/23/2004,JAX,FL,ASO,ES,Towers with Radar,139,141,46,15,341,0,0,22,13,35,139,141,68,28,376,0,0,0,376
09/24/2004,JAX,FL,ASO,ES,Towers with Radar,132,134,45,14,325,0,0,0,9,9,132,134,45,23,334,0,6,6,340
09/25/2004,JAX,FL,ASO,ES,Towers with Radar,107,110,33,9,259,0,0,0,0,0,107,110,33,9,259,0,0,0,259
09/26/2004,JAX,FL,ASO,ES,Towers with Radar,5,3,0,0,8,6,6,0,0,12,11,9,0,0,20,0,0,0,20
09/27/2004,JAX,FL,ASO,ES,Towers with Radar,67,65,19,1,152,33,15,1,0,49,100,80,20,1,201,0,0,0,201
09/28/2004,JAX,FL,ASO,ES,Towers with Radar,134,145,41,3,323,0,0,0,0,0,134,145,41,3,323,0,0,0,323
09/29/2004,JAX,FL,ASO,ES,Towers with Radar,136,139,43,12,330,0,0,7,0,7,136,139,50,12,337,0,0,0,337
09/30/2004,JAX,FL,ASO,ES,Towers with Radar,138,150,46,14,348,0,0,24,8,32,138,150,70,22,380,0,4,4,384
10/01/2004,JAX,FL,ASO,ES,Towers with Radar,135,141,36,13,325,0,0,2,2,4,135,141,38,15,329,0,20,20,349
10/02/2004,JAX,FL,ASO,ES,Towers with Radar,108,103,37,12,260,0,0,9,0,9,108,103,46,12,269,18,10,28,297
10/03/2004,JAX,FL,ASO,ES,Towers with Radar,120,98,33,10,261,0,0,3,0,3,120,98,36,10,264,0,0,0,264
10/04/2004,JAX,FL,ASO,ES,Towers with Radar,139,126,46,35,346,0,0,8,4,12,139,126,54,39,358,0,0,0,358
10/05/2004,JAX,FL,ASO,ES,Towers with Radar,134,150,50,29,363,0,0,19,3,22,134,150,69,32,385,10,18,28,413
10/06/2004,JAX,FL,ASO,ES,Towers with Radar,134,151,54,19,358,0,0,19,7,26,134,151,73,26,384,16,4,20,404
10/07/2004,JAX,FL,ASO,ES,Towers with Radar,135,151,55,16,357,0,0,15,2,17,135,151,70,18,374,14,0,14,388
10/08/2004,JAX,FL,ASO,ES,Towers with Radar,132,145,37,5,319,0,0,11,2,13,132,145,48,7,332,4,18,22,354
10/09/2004,JAX,FL,ASO,ES,Towers with Radar,111,104,31,10,256,0,0,8,0,8,111,104,39,10,264,0,0,0,264
10/10/2004,JAX,FL,ASO,ES,Towers with Radar,125,106,30,9,270,0,0,11,1,12,125,106,41,10,282,2,0,2,284
10/11/2004,JAX,FL,ASO,ES,Towers with Radar,132,120,33,3,288,0,4,11,0,15,132,124,44,3,303,0,0,0,303
10/12/2004,JAX,FL,ASO,ES,Towers with Radar,136,120,44,18,318,0,0,5,0,5,136,120,49,18,323,0,0,0,323
10/13/2004,JAX,FL,ASO,ES,Towers with Radar,137,155,51,27,370,0,1,13,1,15,137,156,64,28,385,6,46,52,437
10/14/2004,JAX,FL,ASO,ES,Towers with Radar,135,149,64,13,361,0,0,15,2,17,135,149,79,15,378,0,0,0,378
10/15/2004,JAX,FL,ASO,ES,Towers with Radar,136,145,69,16,366,0,2,4,1,7,136,147,73,17,373,4,0,4,377
10/16/2004,JAX,FL,ASO,ES,Towers with Radar,112,98,21,2,233,0,0,16,1,17,112,98,37,3,250,6,6,12,262
10/17/2004,JAX,FL,ASO,ES,Towers with Radar,134,96,54,4,288,0,0,9,0,9,134,96,63,4,297,0,0,0,297
10/18/2004,JAX,FL,ASO,ES,Towers with Radar,130,121,38,21,310,0,3,15,0,18,130,124,53,21,328,0,6,6,334
10/19/2004,JAX,FL,ASO,ES,Towers with Radar,141,140,52,23,356,0,0,17,3,20,141,140,69,26,376,8,0,8,384
10/20/2004,JAX,FL,ASO,ES,Towers with Radar,141,151,26,21,339,0,2,2,5,9,141,153,28,26,348,0,29,29,377
10/21/2004,JAX,FL,ASO,ES,Towers with Radar,137,140,59,20,356,0,1,6,4,11,137,141,65,24,367,0,2,2,369
10/22/2004,JAX,FL,ASO,ES,Towers with Radar,137,142,60,25,364,0,0,1,0,1,137,142,61,25,365,0,0,0,365
10/23/2004,JAX,FL,ASO,ES,Towers with Radar,115,100,18,7,240,0,1,5,0,6,115,101,23,7,246,0,0,0,246
10/24/2004,JAX,FL,ASO,ES,Towers with Radar,126,109,40,2,277,0,0,6,3,9,126,109,46,5,286,12,0,12,298
10/25/2004,JAX,FL,ASO,ES,Towers with Radar,129,124,48,6,307,0,0,11,0,11,129,124,59,6,318,2,0,2,320
10/26/2004,JAX,FL,ASO,ES,Towers with Radar,135,139,66,17,357,0,0,8,0,8,135,139,74,17,365,0,0,0,365
10/27/2004,JAX,FL,ASO,ES,Towers with Radar,132,151,50,26,359,0,0,10,5,15,132,151,60,31,374,0,14,14,388
10/28/2004,JAX,FL,ASO,ES,Towers with Radar,131,150,67,16,364,0,1,14,2,17,131,151,81,18,381,10,4,14,395
10/29/2004,JAX,FL,ASO,ES,Towers with Radar,129,141,84,10,364,0,0,4,0,4,129,141,88,10,368,6,0,6,374
10/30/2004,JAX,FL,ASO,ES,Towers with Radar,117,101,57,2,277,0,0,10,0,10,117,101,67,2,287,0,0,0,287
10/31/2004,JAX,FL,ASO,ES,Towers with Radar,143,101,34,15,293,0,0,12,0,12,143,101,46,15,305,0,0,0,305
11/01/2004,JAX,FL,ASO,ES,Combined TRACON& Tower with Radar,130,111,38,18,297,0,0,16,7,23,130,111,54,25,320,12,37,49,369
11/02/2004,JAX,FL,ASO,ES,Combined TRACON& Tower with Radar,140,128,60,22,350,0,0,16,11,27,140,128,76,33,377,0,52,52,429
11/03/2004,JAX,FL,ASO,ES,Combined TRACON& Tower with Radar,135,136,51,36,358,0,0,14,2,16,135,136,65,38,374,6,10,16,390
11/04/2004,JAX,FL,ASO,ES,Combined TRACON& Tower with Radar,140,122,82,16,360,0,0,8,5,13,140,122,90,21,373,0,4,4,377
11/05/2004,JAX,FL,ASO,ES,Combined TRACON& Tower with Radar,135,131,55,10,331,0,0,28,4,32,135,131,83,14,363,0,0,0,363
11/06/2004,JAX,FL,ASO,ES,Combined TRACON& Tower with Radar,112,91,30,21,254,0,0,12,3,15,112,91,42,24,269,0,0,0,269
11/07/2004,JAX,FL,ASO,ES,Combined TRACON& Tower with Radar,130,86,30,10,256,0,0,17,1,18,130,86,47,11,274,0,0,0,274
11/08/2004,JAX,FL,ASO,ES,Combined TRACON& Tower with Radar,138,106,50,17,311,0,3,15,1,19,138,109,65,18,330,0,59,59,389
11/09/2004,JAX,FL,ASO,ES,Combined TRACON& Tower with Radar,146,128,73,29,376,0,1,10,3,14,146,129,83,32,390,0,72,72,462
11/10/2004,JAX,FL,ASO,ES,Combined TRACON& Tower with Radar,143,150,58,13,364,0,1,18,1,20,143,151,76,14,384,0,10,10,394
11/11/2004,JAX,FL,ASO,ES,Combined TRACON& Tower with Radar,144,132,70,7,353,0,0,12,1,13,144,132,82,8,366,0,0,0,366
11/12/2004,JAX,FL,ASO,ES,Combined TRACON& Tower with Radar,150,106,47,15,318,0,0,14,0,14,150,106,61,15,332,0,0,0,332
11/13/2004,JAX,FL,ASO,ES,Combined TRACON& Tower with Radar,115,87,49,7,258,0,0,1,0,1,115,87,50,7,259,4,0,4,263
11/14/2004,JAX,FL,ASO,ES,Combined TRACON& Tower with Radar,133,96,32,4,265,0,0,1,0,1,133,96,33,4,266,0,0,0,266
11/15/2004,JAX,FL,ASO,ES,Combined TRACON& Tower with Radar,142,113,73,26,354,0,0,15,2,17,142,113,88,28,371,0,0,0,371
11/16/2004,JAX,FL,ASO,ES,Combined TRACON& Tower with Radar,146,121,62,31,360,0,2,9,4,15,146,123,71,35,375,0,6,6,381
11/17/2004,JAX,FL,ASO,ES,Combined TRACON& Tower with Radar,144,122,66,22,354,0,0,19,6,25,144,122,85,28,379,0,16,16,395
11/18/2004,JAX,FL,ASO,ES,Combined TRACON& Tower with Radar,146,135,76,24,381,0,0,16,3,19,146,135,92,27,400,0,22,22,422
11/19/2004,JAX,FL,ASO,ES,Combined TRACON& Tower with Radar,147,118,48,22,335,0,2,17,1,20,147,120,65,23,355,4,8,12,367
11/20/2004,JAX,FL,ASO,ES,Combined TRACON& Tower with Radar,117,88,47,9,261,0,1,17,0,18,117,89,64,9,279,6,0,6,285
11/21/2004,JAX,FL,ASO,ES,Combined TRACON& Tower with Radar,141,82,42,18,283,0,0,6,0,6,141,82,48,18,289,0,0,0,289
11/22/2004,JAX,FL,ASO,ES,Combined TRACON& Tower with Radar,134,95,35,7,271,0,0,0,0,0,134,95,35,7,271,0,82,82,353
11/23/2004,JAX,FL,ASO,ES,Combined TRACON& Tower with Radar,150,125,52,23,350,0,0,0,0,0,150,125,52,23,350,0,0,0,350
11/24/2004,JAX,FL,ASO,ES,Combined TRACON& Tower with Radar,151,122,37,11,321,0,0,5,1,6,151,122,42,12,327,0,4,4,331
11/25/2004,JAX,FL,ASO,ES,Combined TRACON& Tower with Radar,120,104,9,0,233,0,0,3,2,5,120,104,12,2,238,0,0,0,238
11/26/2004,JAX,FL,ASO,ES,Combined TRACON& Tower with Radar,114,83,17,0,214,0,0,0,0,0,114,83,17,0,214,8,0,8,222
11/27/2004,JAX,FL,ASO,ES,Combined TRACON& Tower with Radar,113,91,20,0,224,0,0,11,0,11,113,91,31,0,235,10,0,10,245
11/28/2004,JAX,FL,ASO,ES,Combined TRACON& Tower with Radar,129,88,66,0,283,0,1,10,0,11,129,89,76,0,294,0,0,0,294
11/29/2004,JAX,FL,ASO,ES,Combined TRACON& Tower with Radar,142,108,48,17,315,0,0,8,5,13,142,108,56,22,328,0,0,0,328
11/30/2004,JAX,FL,ASO,ES,Combined TRACON& Tower with Radar,144,128,68,9,349,0,0,0,0,0,144,128,68,9,349,0,50,50,399
12/01/2004,JAX,FL,ASO,ES,Combined TRACON& Tower with Radar,149,122,75,21,367,0,1,4,3,8,149,123,79,24,375,2,62,64,439
12/02/2004,JAX,FL,ASO,ES,Combined TRACON& Tower with Radar,148,128,71,22,369,0,1,21,2,24,148,129,92,24,393,0,0,0,393
12/03/2004,JAX,FL,ASO,ES,Combined TRACON& Tower with Radar,148,114,81,6,349,0,0,14,0,14,148,114,95,6,363,0,28,28,391
12/04/2004,JAX,FL,ASO,ES,Combined TRACON& Tower with Radar,122,77,45,2,246,0,0,8,0,8,122,77,53,2,254,0,0,0,254
12/05/2004,JAX,FL,ASO,ES,Combined TRACON& Tower with Radar,146,87,61,7,301,0,0,10,1,11,146,87,71,8,312,18,6,24,336
12/06/2004,JAX,FL,ASO,ES,Combined TRACON& Tower with Radar,138,105,58,36,337,0,0,18,0,18,138,105,76,36,355,6,6,12,367
12/07/2004,JAX,FL,ASO,ES,Combined TRACON& Tower with Radar,154,115,80,25,374,0,2,11,6,19,154,117,91,31,393,0,53,53,446
12/08/2004,JAX,FL,ASO,ES,Combined TRACON& Tower with Radar,156,117,64,26,363,0,2,9,4,15,156,119,73,30,378,0,6,6,384
12/09/2004,JAX,FL,ASO,ES,Combined TRACON& Tower with Radar,143,117,61,22,343,0,0,8,6,14,143,117,69,28,357,0,10,10,367
12/10/2004,JAX,FL,ASO,ES,Combined TRACON& Tower with Radar,148,112,48,9,317,0,0,12,4,16,148,112,60,13,333,0,0,0,333
12/11/2004,JAX,FL,ASO,ES,Combined TRACON& Tower with Radar,129,84,34,1,248,0,0,7,0,7,129,84,41,1,255,0,0,0,255
12/12/2004,JAX,FL,ASO,ES,Combined TRACON& Tower with Radar,141,85,21,2,249,0,0,11,0,11,141,85,32,2,260,0,0,0,260
12/13/2004,JAX,FL,ASO,ES,Combined TRACON& Tower with Radar,141,100,68,9,318,0,0,11,0,11,141,100,79,9,329,6,0,6,335
12/14/2004,JAX,FL,ASO,ES,Combined TRACON& Tower with Radar,147,109,64,17,337,0,0,22,5,27,147,109,86,22,364,12,37,49,413
12/15/2004,JAX,FL,ASO,ES,Combined TRACON& Tower with Radar,148,140,73,23,384,0,3,18,10,31,148,143,91,33,415,0,86,86,501
12/16/2004,JAX,FL,ASO,ES,Combined TRACON& Tower with Radar,148,122,70,24,364,0,0,5,1,6,148,122,75,25,370,0,14,14,384
12/17/2004,JAX,FL,ASO,ES,Combined TRACON& Tower with Radar,148,123,59,22,352,0,0,12,2,14,148,123,71,24,366,0,0,0,366
12/18/2004,JAX,FL,ASO,ES,Combined TRACON& Tower with Radar,126,86,34,7,253,0,0,8,0,8,126,86,42,7,261,0,0,0,261
12/19/2004,JAX,FL,ASO,ES,Combined TRACON& Tower with Radar,134,71,17,3,225,0,0,5,0,5,134,71,22,3,230,0,0,0,230
12/20/2004,JAX,FL,ASO,ES,Combined TRACON& Tower with Radar,146,95,26,4,271,0,0,11,2,13,146,95,37,6,284,0,0,0,284
12/21/2004,JAX,FL,ASO,ES,Combined TRACON& Tower with Radar,163,136,37,12,348,0,0,6,5,11,163,136,43,17,359,0,18,18,377
12/22/2004,JAX,FL,ASO,ES,Combined TRACON& Tower with Radar,145,104,27,14,290,0,2,13,0,15,145,106,40,14,305,0,0,0,305
12/23/2004,JAX,FL,ASO,ES,Combined TRACON& Tower with Radar,142,106,21,0,269,0,0,1,0,1,142,106,22,0,270,0,0,0,270
12/24/2004,JAX,FL,ASO,ES,Combined TRACON& Tower with Radar,137,103,6,0,246,0,0,5,0,5,137,103,11,0,251,0,0,0,251
12/25/2004,JAX,FL,ASO,ES,Combined TRACON& Tower with Radar,105,66,8,0,179,0,0,2,0,2,105,66,10,0,181,0,0,0,181
12/26/2004,JAX,FL,ASO,ES,Combined TRACON& Tower with Radar,141,79,28,0,248,0,0,5,0,5,141,79,33,0,253,0,0,0,253
12/27/2004,JAX,FL,ASO,ES,Combined TRACON& Tower with Radar,143,93,45,8,289,0,1,14,1,16,143,94,59,9,305,0,0,0,305
12/28/2004,JAX,FL,ASO,ES,Combined TRACON& Tower with Radar,151,117,30,12,310,0,0,12,1,13,151,117,42,13,323,0,0,0,323
12/29/2004,JAX,FL,ASO,ES,Combined TRACON& Tower with Radar,146,115,28,7,296,0,0,13,0,13,146,115,41,7,309,0,24,24,333
12/30/2004,JAX,FL,ASO,ES,Combined TRACON& Tower with Radar,146,114,45,0,305,0,0,11,0,11,146,114,56,0,316,0,0,0,316
12/31/2004,JAX,FL,ASO,ES,Combined TRACON& Tower with Radar,142,106,13,0,261,0,0,10,0,10,142,106,23,0,271,4,0,4,275
01/01/2005,JAX,FL,ASO,ES,Combined TRACON& Tower with Radar,112,77,21,0,210,0,1,10,0,11,112,78,31,0,221,8,0,8,229
01/02/2005,JAX,FL,ASO,ES,Combined TRACON& Tower with Radar,134,89,38,0,261,0,0,14,0,14,134,89,52,0,275,0,0,0,275
01/03/2005,JAX,FL,ASO,ES,Combined TRACON& Tower with Radar,140,92,25,13,270,0,1,10,0,11,140,93,35,13,281,0,18,18,299
01/04/2005,JAX,FL,ASO,ES,Combined TRACON& Tower with Radar,143,122,58,16,339,0,0,6,6,12,143,122,64,22,351,2,40,42,393
01/05/2005,JAX,FL,ASO,ES,Combined TRACON& Tower with Radar,139,116,51,28,334,0,0,13,4,17,139,116,64,32,351,0,28,28,379
01/06/2005,JAX,FL,ASO,ES,Combined TRACON& Tower with Radar,138,105,64,26,333,0,0,4,0,4,138,105,68,26,337,10,12,22,359
01/07/2005,JAX,FL,ASO,ES,Combined TRACON& Tower with Radar,141,116,57,39,353,0,0,7,4,11,141,116,64,43,364,0,14,14,378
01/08/2005,JAX,FL,ASO,ES,Combined TRACON& Tower with Radar,115,81,41,17,254,0,0,0,0,0,115,81,41,17,254,0,4,4,258
01/09/2005,JAX,FL,ASO,ES,Combined TRACON& Tower with Radar,130,77,54,12,273,0,0,9,1,10,130,77,63,13,283,0,4,4,287
01/10/2005,JAX,FL,ASO,ES,Combined TRACON& Tower with Radar,138,96,55,13,302,0,0,6,0,6,138,96,61,13,308,0,0,0,308
01/11/2005,JAX,FL,ASO,ES,Combined TRACON& Tower with Radar,143,132,73,33,381,0,3,10,0,13,143,135,83,33,394,0,100,100,494
01/12/2005,JAX,FL,ASO,ES,Combined TRACON& Tower with Radar,142,123,60,19,344,0,0,23,2,25,142,123,83,21,369,8,2,10,379
01/13/2005,JAX,FL,ASO,ES,Combined TRACON& Tower with Radar,136,120,77,28,361,0,1,8,0,9,136,121,85,28,370,0,24,24,394
01/14/2005,JAX,FL,ASO,ES,Combined TRACON& Tower with Radar,151,127,59,16,353,0,0,2,0,2,151,127,61,16,355,0,0,0,355
01/15/2005,JAX,FL,ASO,ES,Combined TRACON& Tower with Radar,115,73,19,0,207,0,0,1,0,1,115,73,20,0,208,0,0,0,208
01/16/2005,JAX,FL,ASO,ES,Combined TRACON& Tower with Radar,132,77,46,2,257,0,0,5,0,5,132,77,51,2,262,0,0,0,262
01/17/2005,JAX,FL,ASO,ES,Combined TRACON& Tower with Radar,133,109,61,1,304,0,0,8,2,10,133,109,69,3,314,0,0,0,314
01/18/2005,JAX,FL,ASO,ES,Combined TRACON& Tower with Radar,137,105,54,19,315,0,1,5,0,6,137,106,59,19,321,0,44,44,365
01/19/2005,JAX,FL,ASO,ES,Combined TRACON& Tower with Radar,145,110,62,21,338,0,0,13,4,17,145,110,75,25,355,2,58,60,415
01/20/2005,JAX,FL,ASO,ES,Combined TRACON& Tower with Radar,143,116,71,15,345,0,4,15,0,19,143,120,86,15,364,4,18,22,386
01/21/2005,JAX,FL,ASO,ES,Combined TRACON& Tower with Radar,144,111,82,38,375,0,1,16,7,24,144,112,98,45,399,8,42,50,449
01/22/2005,JAX,FL,ASO,ES,Combined TRACON& Tower with Radar,121,68,43,8,240,0,2,4,1,7,121,70,47,9,247,0,0,0,247
01/23/2005,JAX,FL,ASO,ES,Combined TRACON& Tower with Radar,132,69,29,2,232,0,0,10,2,12,132,69,39,4,244,3,0,3,247
01/24/2005,JAX,FL,ASO,ES,Combined TRACON& Tower with Radar,134,98,59,20,311,0,1,7,3,11,134,99,66,23,322,14,70,84,406
01/25/2005,JAX,FL,ASO,ES,Combined TRACON& Tower with Radar,159,128,39,12,338,0,0,17,8,25,159,128,56,20,363,26,86,112,475
01/26/2005,JAX,FL,ASO,ES,Combined TRACON& Tower with Radar,141,129,71,21,362,0,0,16,3,19,141,129,87,24,381,4,108,112,493
01/27/2005,JAX,FL,ASO,ES,Combined TRACON& Tower with Radar,138,122,59,24,343,0,1,7,0,8,138,123,66,24,351,0,0,0,351
01/28/2005,JAX,FL,ASO,ES,Combined TRACON& Tower with Radar,147,129,40,18,334,0,0,2,0,2,147,129,42,18,336,0,2,2,338
01/29/2005,JAX,FL,ASO,ES,Combined TRACON& Tower with Radar,104,70,30,14,218,0,0,0,0,0,104,70,30,14,218,0,0,0,218
01/30/2005,JAX,FL,ASO,ES,Combined TRACON& Tower with Radar,128,64,28,0,220,0,0,4,0,4,128,64,32,0,224,0,0,0,224
01/31/2005,JAX,FL,ASO,ES,Combined TRACON& Tower with Radar,138,108,46,3,295,0,0,3,1,4,138,108,49,4,299,0,88,88,387
02/01/2005,JAX,FL,ASO,ES,Combined TRACON& Tower with Radar,147,128,71,17,363,0,0,8,0,8,147,128,79,17,371,0,0,0,371
02/02/2005,JAX,FL,ASO,ES,Combined TRACON& Tower with Radar,146,145,41,19,351,0,0,0,4,4,146,145,41,23,355,0,0,0,355
02/03/2005,JAX,FL,ASO,ES,Combined TRACON& Tower with Radar,197,144,85,14,440,0,0,0,0,0,197,144,85,14,440,0,0,0,440
02/04/2005,JAX,FL,ASO,ES,Combined TRACON& Tower with Radar,208,154,101,2,465,0,0,6,1,7,208,154,107,3,472,0,0,0,472
02/05/2005,JAX,FL,ASO,ES,Combined TRACON& Tower with Radar,140,104,56,0,300,0,1,4,1,6,140,105,60,1,306,0,0,0,306
02/06/2005,JAX,FL,ASO,ES,Combined TRACON& Tower with Radar,148,121,79,2,350,0,0,7,1,8,148,121,86,3,358,0,0,0,358
02/07/2005,JAX,FL,ASO,ES,Combined TRACON& Tower with Radar,303,237,216,7,763,0,0,10,2,12,303,237,226,9,775,0,0,0,775
02/08/2005,JAX,FL,ASO,ES,Combined TRACON& Tower with Radar,170,112,64,60,406,0,0,12,5,17,170,112,76,65,423,0,96,96,519
02/09/2005,JAX,FL,ASO,ES,Combined TRACON& Tower with Radar,142,124,69,16,351,0,3,17,0,20,142,127,86,16,371,0,0,0,371
02/10/2005,JAX,FL,ASO,ES,Combined TRACON& Tower with Radar,147,123,62,49,381,0,3,14,3,20,147,126,76,52,401,18,66,84,485
02/11/2005,JAX,FL,ASO,ES,Combined TRACON& Tower with Radar,151,120,50,21,342,0,0,16,3,19,151,120,66,24,361,4,20,24,385
02/12/2005,JAX,FL,ASO,ES,Combined TRACON& Tower with Radar,127,82,44,6,259,0,0,10,2,12,127,82,54,8,271,0,0,0,271
02/13/2005,JAX,FL,ASO,ES,Combined TRACON& Tower with Radar,116,61,23,8,208,0,0,11,0,11,116,61,34,8,219,0,0,0,219
02/14/2005,JAX,FL,ASO,ES,Combined TRACON& Tower with Radar,127,97,33,13,270,0,1,5,7,13,127,98,38,20,283,0,10,10,293
02/15/2005,JAX,FL,ASO,ES,Combined TRACON& Tower with Radar,150,124,62,10,346,0,0,8,0,8,150,124,70,10,354,0,12,12,366
02/16/2005,JAX,FL,ASO,ES,Combined TRACON& Tower with Radar,145,109,59,34,347,0,2,12,1,15,145,111,71,35,362,0,38,38,400
02/17/2005,JAX,FL,ASO,ES,Combined TRACON& Tower with Radar,151,133,54,19,357,0,0,6,2,8,151,133,60,21,365,0,86,86,451
02/18/2005,JAX,FL,ASO,ES,Combined TRACON& Tower with Radar,149,129,57,31,366,0,1,22,0,23,149,130,79,31,389,0,0,0,389
02/19/2005,JAX,FL,ASO,ES,Combined TRACON& Tower with Radar,130,95,31,4,260,0,0,20,2,22,130,95,51,6,282,2,6,8,290
02/20/2005,JAX,FL,ASO,ES,Combined TRACON& Tower with Radar,141,81,28,0,250,0,0,26,0,26,141,81,54,0,276,0,0,0,276
02/21/2005,JAX,FL,ASO,ES,Combined TRACON& Tower with Radar,134,100,59,8,301,0,0,13,0,13,134,100,72,8,314,0,0,0,314
02/22/2005,JAX,FL,ASO,ES,Combined TRACON& Tower with Radar,158,105,83,32,378,0,0,6,0,6,158,105,89,32,384,0,6,6,390
02/23/2005,JAX,FL,ASO,ES,Combined TRACON& Tower with Radar,149,140,108,20,417,0,0,4,0,4,149,140,112,20,421,0,0,0,421
02/24/2005,JAX,FL,ASO,ES,Combined TRACON& Tower with Radar,144,128,87,19,378,0,1,8,0,9,144,129,95,19,387,26,0,26,413
02/25/2005,JAX,FL,ASO,ES,Combined TRACON& Tower with Radar,153,142,59,20,374,0,0,2,0,2,153,142,61,20,376,0,0,0,376
02/26/2005,JAX,FL,ASO,ES,Combined TRACON& Tower with Radar,135,94,32,8,269,0,0,10,0,10,135,94,42,8,279,0,0,0,279
02/27/2005,JAX,FL,ASO,ES,Combined TRACON& Tower with Radar,135,93,47,1,276,0,0,0,0,0,135,93,47,1,276,0,0,0,276
02/28/2005,JAX,FL,ASO,ES,Combined TRACON& Tower with Radar,144,100,40,8,292,0,1,3,3,7,144,101,43,11,299,0,0,0,299
03/01/2005,JAX,FL,ASO,ES,Combined TRACON& Tower with Radar,155,127,41,28,351,0,2,14,11,27,155,129,55,39,378,0,16,16,394
03/02/2005,JAX,FL,ASO,ES,Combined TRACON& Tower with Radar,145,137,61,28,371,0,2,32,3,37,145,139,93,31,408,0,88,88,496
03/03/2005,JAX,FL,ASO,ES,Combined TRACON& Tower with Radar,148,136,82,8,374,0,2,17,1,20,148,138,99,9,394,0,58,58,452
03/04/2005,JAX,FL,ASO,ES,Combined TRACON& Tower with Radar,150,141,78,7,376,0,0,17,2,19,150,141,95,9,395,8,6,14,409
03/05/2005,JAX,FL,ASO,ES,Combined TRACON& Tower with Radar,138,97,30,2,267,0,0,0,0,0,138,97,30,2,267,12,0,12,279
03/06/2005,JAX,FL,ASO,ES,Combined TRACON& Tower with Radar,137,81,40,6,264,0,0,33,1,34,137,81,73,7,298,0,0,0,298
03/07/2005,JAX,FL,ASO,ES,Combined TRACON& Tower with Radar,143,106,75,23,347,0,0,37,0,37,143,106,112,23,384,16,0,16,400
03/08/2005,JAX,FL,ASO,ES,Combined TRACON& Tower with Radar,161,124,78,17,380,0,0,4,1,5,161,124,82,18,385,0,6,6,391
03/09/2005,JAX,FL,ASO,ES,Combined TRACON& Tower with Radar,144,128,91,17,380,0,2,18,0,20,144,130,109,17,400,0,16,16,416
03/10/2005,JAX,FL,ASO,ES,Combined TRACON& Tower with Radar,158,134,84,29,405,0,0,21,0,21,158,134,105,29,426,4,36,40,466
03/11/2005,JAX,FL,ASO,ES,Combined TRACON& Tower with Radar,151,119,53,25,348,0,1,24,2,27,151,120,77,27,375,0,0,0,375
03/12/2005,JAX,FL,ASO,ES,Combined TRACON& Tower with Radar,136,84,42,10,272,0,0,11,1,12,136,84,53,11,284,6,0,6,290
03/13/2005,JAX,FL,ASO,ES,Combined TRACON& Tower with Radar,138,82,23,3,246,0,1,30,2,33,138,83,53,5,279,0,0,0,279
03/14/2005,JAX,FL,ASO,ES,Combined TRACON& Tower with Radar,155,105,78,6,344,0,0,4,3,7,155,105,82,9,351,0,92,92,443
03/15/2005,JAX,FL,ASO,ES,Combined TRACON& Tower with Radar,150,137,87,18,392,0,0,1,0,1,150,137,88,18,393,0,0,0,393
03/16/2005,JAX,FL,ASO,ES,Combined TRACON& Tower with Radar,147,149,54,5,355,0,0,1,0,1,147,149,55,5,356,0,0,0,356
03/17/2005,JAX,FL,ASO,ES,Combined TRACON& Tower with Radar,147,149,85,10,391,0,0,0,0,0,147,149,85,10,391,0,0,0,391
03/18/2005,JAX,FL,ASO,ES,Combined TRACON& Tower with Radar,159,154,70,24,407,0,0,3,0,3,159,154,73,24,410,0,0,0,410
03/19/2005,JAX,FL,ASO,ES,Combined TRACON& Tower with Radar,133,93,18,2,246,0,0,19,1,20,133,93,37,3,266,0,0,0,266
03/20/2005,JAX,FL,ASO,ES,Combined TRACON& Tower with Radar,146,81,36,6,269,0,0,11,2,13,146,81,47,8,282,4,0,4,286
03/21/2005,JAX,FL,ASO,ES,Combined TRACON& Tower with Radar,139,112,34,19,304,0,1,10,4,15,139,113,44,23,319,0,28,28,347
03/22/2005,JAX,FL,ASO,ES,Combined TRACON& Tower with Radar,160,149,42,5,356,0,0,2,0,2,160,149,44,5,358,0,0,0,358
03/23/2005,JAX,FL,ASO,ES,Combined TRACON& Tower with Radar,154,131,68,25,378,0,1,8,2,11,154,132,76,27,389,0,0,0,389
03/24/2005,JAX,FL,ASO,ES,Combined TRACON& Tower with Radar,155,130,43,15,343,0,2,32,2,36,155,132,75,17,379,2,12,14,393
03/25/2005,JAX,FL,ASO,ES,Combined TRACON& Tower with Radar,163,120,33,8,324,0,0,6,0,6,163,120,39,8,330,2,0,2,332
03/26/2005,JAX,FL,ASO,ES,Combined TRACON& Tower with Radar,143,96,39,0,278,0,0,2,0,2,143,96,41,0,280,12,0,12,292
03/27/2005,JAX,FL,ASO,ES,Combined TRACON& Tower with Radar,135,90,22,0,247,0,0,1,0,1,135,90,23,0,248,12,0,12,260
03/28/2005,JAX,FL,ASO,ES,Combined TRACON& Tower with Radar,153,114,44,10,321,0,2,12,0,14,153,116,56,10,335,0,0,0,335
03/29/2005,JAX,FL,ASO,ES,Combined TRACON& Tower with Radar,166,125,72,14,377,0,1,13,2,16,166,126,85,16,393,5,12,17,410
03/30/2005,JAX,FL,ASO,ES,Combined TRACON& Tower with Radar,140,120,54,22,336,0,3,9,1,13,140,123,63,23,349,0,2,2,351
03/31/2005,JAX,FL,ASO,ES,Combined TRACON& Tower with Radar,141,126,52,18,337,0,0,11,5,16,141,126,63,23,353,0,0,0,353
04/01/2005,JAX,FL,ASO,ES,Combined TRACON& Tower with Radar,147,119,51,18,335,0,0,3,3,6,147,119,54,21,341,0,0,0,341
04/02/2005,JAX,FL,ASO,ES,Combined TRACON& Tower with Radar,136,88,28,0,252,0,0,6,5,11,136,88,34,5,263,0,0,0,263
04/03/2005,JAX,FL,ASO,ES,Combined TRACON& Tower with Radar,149,86,45,3,283,0,0,13,2,15,149,86,58,5,298,0,0,0,298
04/04/2005,JAX,FL,ASO,ES,Combined TRACON& Tower with Radar,140,96,75,16,327,0,0,20,8,28,140,96,95,24,355,0,0,0,355
04/05/2005,JAX,FL,ASO,ES,Combined TRACON& Tower with Radar,150,116,74,16,356,0,1,20,4,25,150,117,94,20,381,0,8,8,389
04/06/2005,JAX,FL,ASO,ES,Combined TRACON& Tower with Radar,147,132,64,24,367,0,1,21,3,25,147,133,85,27,392,0,0,0,392
04/07/2005,JAX,FL,ASO,ES,Combined TRACON& Tower with Radar,148,131,57,9,345,0,2,2,0,4,148,133,59,9,349,0,0,0,349
04/08/2005,JAX,FL,ASO,ES,Combined TRACON& Tower with Radar,147,125,41,15,328,0,7,12,2,21,147,132,53,17,349,0,8,8,357
04/09/2005,JAX,FL,ASO,ES,Combined TRACON& Tower with Radar,129,87,42,1,259,0,0,19,0,19,129,87,61,1,278,24,0,24,302
04/10/2005,JAX,FL,ASO,ES,Combined TRACON& Tower with Radar,139,86,43,3,271,0,0,6,0,6,139,86,49,3,277,0,0,0,277
04/11/2005,JAX,FL,ASO,ES,Combined TRACON& Tower with Radar,140,105,58,8,311,0,1,14,4,19,140,106,72,12,330,20,12,32,362
04/12/2005,JAX,FL,ASO,ES,Combined TRACON& Tower with Radar,151,138,63,15,367,0,0,15,0,15,151,138,78,15,382,0,4,4,386
04/13/2005,JAX,FL,ASO,ES,Combined TRACON& Tower with Radar,146,130,52,14,342,0,1,9,1,11,146,131,61,15,353,0,10,10,363
04/14/2005,JAX,FL,ASO,ES,Combined TRACON& Tower with Radar,151,140,72,23,386,0,0,5,1,6,151,140,77,24,392,6,0,6,398
04/15/2005,JAX,FL,ASO,ES,Combined TRACON& Tower with Radar,145,117,41,19,322,0,0,17,4,21,145,117,58,23,343,0,0,0,343
04/16/2005,JAX,FL,ASO,ES,Combined TRACON& Tower with Radar,127,92,18,14,251,0,0,15,4,19,127,92,33,18,270,0,0,0,270
04/17/2005,JAX,FL,ASO,ES,Combined TRACON& Tower with Radar,136,93,42,8,279,0,2,12,1,15,136,95,54,9,294,0,0,0,294
04/18/2005,JAX,FL,ASO,ES,Combined TRACON& Tower with Radar,145,105,48,17,315,0,8,18,2,28,145,113,66,19,343,0,2,2,345
04/19/2005,JAX,FL,ASO,ES,Combined TRACON& Tower with Radar,147,126,56,23,352,0,2,12,3,17,147,128,68,26,369,0,0,0,369
04/20/2005,JAX,FL,ASO,ES,Combined TRACON& Tower with Radar,153,143,74,26,396,0,0,15,0,15,153,143,89,26,411,0,2,2,413
04/21/2005,JAX,FL,ASO,ES,Combined TRACON& Tower with Radar,144,134,75,21,374,0,0,17,5,22,144,134,92,26,396,6,16,22,418
04/22/2005,JAX,FL,ASO,ES,Combined TRACON& Tower with Radar,141,138,36,22,337,0,2,10,0,12,141,140,46,22,349,2,0,2,351
04/23/2005,JAX,FL,ASO,ES,Combined TRACON& Tower with Radar,128,84,47,2,261,0,0,2,0,2,128,84,49,2,263,0,0,0,263
04/24/2005,JAX,FL,ASO,ES,Combined TRACON& Tower with Radar,139,91,27,0,257,0,2,7,0,9,139,93,34,0,266,6,0,6,272
04/25/2005,JAX,FL,ASO,ES,Combined TRACON& Tower with Radar,140,100,57,23,320,0,0,7,0,7,140,100,64,23,327,0,18,18,345
04/26/2005,JAX,FL,ASO,ES,Combined TRACON& Tower with Radar,148,135,44,19,346,0,3,3,0,6,148,138,47,19,352,0,0,0,352
04/27/2005,JAX,FL,ASO,ES,Combined TRACON& Tower with Radar,149,130,62,24,365,0,2,5,10,17,149,132,67,34,382,0,16,16,398
04/28/2005,JAX,FL,ASO,ES,Combined TRACON& Tower with Radar,138,128,62,25,353,0,2,9,6,17,138,130,71,31,370,0,36,36,406
04/29/2005,JAX,FL,ASO,ES,Combined TRACON& Tower with Radar,147,132,56,26,361,0,2,18,3,23,147,134,74,29,384,0,16,16,400
04/30/2005,JAX,FL,ASO,ES,Combined TRACON& Tower with Radar,121,85,35,2,243,0,0,5,0,5,121,85,40,2,248,0,0,0,248
05/01/2005,JAX,FL,ASO,ES,Combined TRACON& Tower with Radar,142,95,20,1,258,0,0,8,0,8,142,95,28,1,266,0,0,0,266
05/02/2005,JAX,FL,ASO,ES,Combined TRACON& Tower with Radar,142,96,48,18,304,0,0,10,2,12,142,96,58,20,316,0,0,0,316
05/03/2005,JAX,FL,ASO,ES,Combined TRACON& Tower with Radar,147,119,52,21,339,0,1,17,2,20,147,120,69,23,359,0,0,0,359
05/04/2005,JAX,FL,ASO,ES,Combined TRACON& Tower with Radar,153,130,83,18,384,0,1,8,7,16,153,131,91,25,400,0,50,50,450
05/05/2005,JAX,FL,ASO,ES,Combined TRACON& Tower with Radar,145,136,54,15,350,0,0,2,0,2,145,136,56,15,352,0,0,0,352
05/06/2005,JAX,FL,ASO,ES,Combined TRACON& Tower with Radar,146,123,42,18,329,0,2,8,2,12,146,125,50,20,341,0,0,0,341
05/07/2005,JAX,FL,ASO,ES,Combined TRACON& Tower with Radar,127,85,23,5,240,0,0,15,3,18,127,85,38,8,258,0,0,0,258
05/08/2005,JAX,FL,ASO,ES,Combined TRACON& Tower with Radar,138,95,20,7,260,0,0,7,0,7,138,95,27,7,267,6,0,6,273
05/09/2005,JAX,FL,ASO,ES,Combined TRACON& Tower with Radar,139,101,35,15,290,0,0,16,0,16,139,101,51,15,306,6,0,6,312
05/10/2005,JAX,FL,ASO,ES,Combined TRACON& Tower with Radar,144,121,58,16,339,0,0,25,1,26,144,121,83,17,365,14,4,18,383
05/11/2005,JAX,FL,ASO,ES,Combined TRACON& Tower with Radar,147,130,47,20,344,0,6,17,8,31,147,136,64,28,375,0,0,0,375
05/12/2005,JAX,FL,ASO,ES,Combined TRACON& Tower with Radar,146,140,53,29,368,0,10,13,1,24,146,150,66,30,392,0,0,0,392
05/13/2005,JAX,FL,ASO,ES,Combined TRACON& Tower with Radar,143,110,34,7,294,0,0,10,4,14,143,110,44,11,308,0,0,0,308
05/14/2005,JAX,FL,ASO,ES,Combined TRACON& Tower with Radar,127,81,23,0,231,0,0,4,0,4,127,81,27,0,235,0,0,0,235
05/15/2005,JAX,FL,ASO,ES,Combined TRACON& Tower with Radar,134,84,38,12,268,0,0,9,7,16,134,84,47,19,284,0,0,0,284
05/16/2005,JAX,FL,ASO,ES,Combined TRACON& Tower with Radar,141,97,40,13,291,0,0,10,0,10,141,97,50,13,301,0,0,0,301
05/17/2005,JAX,FL,ASO,ES,Combined TRACON& Tower with Radar,141,129,70,11,351,0,0,5,5,10,141,129,75,16,361,0,52,52,413
05/18/2005,JAX,FL,ASO,ES,Combined TRACON& Tower with Radar,143,133,70,2,348,0,1,9,2,12,143,134,79,4,360,0,6,6,366
05/19/2005,JAX,FL,ASO,ES,Combined TRACON& Tower with Radar,144,126,48,2,320,0,1,12,3,16,144,127,60,5,336,4,14,18,354
05/20/2005,JAX,FL,ASO,ES,Combined TRACON& Tower with Radar,145,120,50,1,316,0,3,10,1,14,145,123,60,2,330,0,0,0,330
05/21/2005,JAX,FL,ASO,ES,Combined TRACON& Tower with Radar,132,88,25,0,245,0,0,7,0,7,132,88,32,0,252,20,0,20,272
05/22/2005,JAX,FL,ASO,ES,Combined TRACON& Tower with Radar,132,88,25,0,245,0,0,7,0,7,132,88,32,0,252,20,0,20,272
05/23/2005,JAX,FL,ASO,ES,Combined TRACON& Tower with Radar,136,99,45,6,286,0,0,16,0,16,136,99,61,6,302,0,0,0,302
05/24/2005,JAX,FL,ASO,ES,Combined TRACON& Tower with Radar,152,128,44,4,328,0,0,5,1,6,152,128,49,5,334,0,0,0,334
05/25/2005,JAX,FL,ASO,ES,Combined TRACON& Tower with Radar,141,139,43,8,331,0,3,10,5,18,141,142,53,13,349,6,22,28,377
05/26/2005,JAX,FL,ASO,ES,Combined TRACON& Tower with Radar,145,138,39,2,324,0,1,11,2,14,145,139,50,4,338,4,0,4,342
05/27/2005,JAX,FL,ASO,ES,Combined TRACON& Tower with Radar,152,135,45,18,350,0,0,12,3,15,152,135,57,21,365,0,0,0,365
05/28/2005,JAX,FL,ASO,ES,Combined TRACON& Tower with Radar,124,82,29,0,235,0,0,5,2,7,124,82,34,2,242,4,0,4,246
05/29/2005,JAX,FL,ASO,ES,Combined TRACON& Tower with Radar,124,74,16,2,216,0,0,8,0,8,124,74,24,2,224,0,0,0,224
05/30/2005,JAX,FL,ASO,ES,Combined TRACON& Tower with Radar,127,86,14,1,228,0,0,12,0,12,127,86,26,1,240,18,0,18,258
05/31/2005,JAX,FL,ASO,ES,Combined TRACON& Tower with Radar,135,101,39,6,281,0,0,3,0,3,135,101,42,6,284,0,8,8,292
06/01/2005,JAX,FL,ASO,ES,Combined TRACON& Tower with Radar,144,135,45,5,329,0,0,2,0,2,144,135,47,5,331,0,0,0,331
06/02/2005,JAX,FL,ASO,ES,Combined TRACON& Tower with Radar,152,136,57,20,365,0,0,14,1,15,152,136,71,21,380,0,24,24,404
06/03/2005,JAX,FL,ASO,ES,Combined TRACON& Tower with Radar,146,128,56,33,363,0,2,11,2,15,146,130,67,35,378,2,20,22,400
06/04/2005,JAX,FL,ASO,ES,Combined TRACON& Tower with Radar,131,84,32,4,251,0,1,5,0,6,131,85,37,4,257,2,0,2,259
06/05/2005,JAX,FL,ASO,ES,Combined TRACON& Tower with Radar,134,85,32,0,251,0,0,4,0,4,134,85,36,0,255,0,0,0,255
06/06/2005,JAX,FL,ASO,ES,Combined TRACON& Tower with Radar,135,96,36,8,275,0,0,13,3,16,135,96,49,11,291,0,37,37,328
06/07/2005,JAX,FL,ASO,ES,Combined TRACON& Tower with Radar,150,128,54,27,359,0,0,3,2,5,150,128,57,29,364,0,0,0,364
06/08/2005,JAX,FL,ASO,ES,Combined TRACON& Tower with Radar,147,123,31,23,324,0,1,14,8,23,147,124,45,31,347,0,26,26,373
06/09/2005,JAX,FL,ASO,ES,Combined TRACON& Tower with Radar,142,134,65,14,355,0,4,14,3,21,142,138,79,17,376,4,32,36,412
06/10/2005,JAX,FL,ASO,ES,Combined TRACON& Tower with Radar,154,133,41,22,350,0,0,9,5,14,154,133,50,27,364,0,0,0,364
06/11/2005,JAX,FL,ASO,ES,Combined TRACON& Tower with Radar,132,98,11,3,244,0,0,0,0,0,132,98,11,3,244,0,28,28,272
06/12/2005,JAX,FL,ASO,ES,Combined TRACON& Tower with Radar,145,88,22,10,265,0,0,2,0,2,145,88,24,10,267,0,8,8,275
06/13/2005,JAX,FL,ASO,ES,Combined TRACON& Tower with Radar,140,114,49,26,329,0,0,9,1,10,140,114,58,27,339,0,0,0,339
06/14/2005,JAX,FL,ASO,ES,Combined TRACON& Tower with Radar,154,129,47,15,345,0,0,8,2,10,154,129,55,17,355,0,8,8,363
06/15/2005,JAX,FL,ASO,ES,Combined TRACON& Tower with Radar,155,131,68,22,376,0,1,16,0,17,155,132,84,22,393,0,0,0,393
06/16/2005,JAX,FL,ASO,ES,Combined TRACON& Tower with Radar,157,132,44,23,356,0,0,19,1,20,157,132,63,24,376,10,6,16,392
06/17/2005,JAX,FL,ASO,ES,Combined TRACON& Tower with Radar,153,130,42,16,341,0,1,22,1,24,153,131,64,17,365,12,0,12,377
06/18/2005,JAX,FL,ASO,ES,Combined TRACON& Tower with Radar,128,100,44,0,272,0,0,7,0,7,128,100,51,0,279,18,0,18,297
06/19/2005,JAX,FL,ASO,ES,Combined TRACON& Tower with Radar,134,89,22,0,245,0,0,4,0,4,134,89,26,0,249,2,0,2,251
06/20/2005,JAX,FL,ASO,ES,Combined TRACON& Tower with Radar,142,105,35,11,293,0,0,9,0,9,142,105,44,11,302,6,0,6,308
06/21/2005,JAX,FL,ASO,ES,Combined TRACON& Tower with Radar,158,133,59,26,376,0,1,6,3,10,158,134,65,29,386,2,0,2,388
06/22/2005,JAX,FL,ASO,ES,Combined TRACON& Tower with Radar,147,124,51,28,350,0,0,12,1,13,147,124,63,29,363,6,0,6,369
06/23/2005,JAX,FL,ASO,ES,Combined TRACON& Tower with Radar,157,124,70,31,382,0,0,10,2,12,157,124,80,33,394,2,6,8,402
06/24/2005,JAX,FL,ASO,ES,Combined TRACON& Tower with Radar,152,133,52,27,364,0,0,11,2,13,152,133,63,29,377,0,41,41,418
06/25/2005,JAX,FL,ASO,ES,Combined TRACON& Tower with Radar,131,97,22,1,251,0,0,1,0,1,131,97,23,1,252,0,0,0,252
06/26/2005,JAX,FL,ASO,ES,Combined TRACON& Tower with Radar,142,90,27,0,259,0,0,7,0,7,142,90,34,0,266,0,0,0,266
06/27/2005,JAX,FL,ASO,ES,Combined TRACON& Tower with Radar,138,107,32,19,296,0,0,4,2,6,138,107,36,21,302,0,0,0,302
06/28/2005,JAX,FL,ASO,ES,Combined TRACON& Tower with Radar,147,130,30,8,315,0,0,2,0,2,147,130,32,8,317,0,0,0,317
06/29/2005,JAX,FL,ASO,ES,Combined TRACON& Tower with Radar,148,133,41,22,344,0,0,6,0,6,148,133,47,22,350,0,0,0,350
06/30/2005,JAX,FL,ASO,ES,Combined TRACON& Tower with Radar,159,146,38,15,358,0,0,5,0,5,159,146,43,15,363,0,0,0,363
07/01/2005,JAX,FL,ASO,ES,Combined TRACON& Tower with Radar,146,141,45,2,334,0,0,5,0,5,146,141,50,2,339,0,0,0,339
07/02/2005,JAX,FL,ASO,ES,Combined TRACON& Tower with Radar,137,93,24,4,258,0,0,4,0,4,137,93,28,4,262,0,0,0,262
07/03/2005,JAX,FL,ASO,ES,Combined TRACON& Tower with Radar,125,70,9,0,204,0,0,4,0,4,125,70,13,0,208,0,0,0,208
07/04/2005,JAX,FL,ASO,ES,Combined TRACON& Tower with Radar,130,82,26,0,238,0,0,2,0,2,130,82,28,0,240,0,0,0,240
07/05/2005,JAX,FL,ASO,ES,Combined TRACON& Tower with Radar,140,99,60,13,312,0,3,18,3,24,140,102,78,16,336,0,0,0,336
07/06/2005,JAX,FL,ASO,ES,Combined TRACON& Tower with Radar,149,129,46,18,342,0,2,6,6,14,149,131,52,24,356,0,68,68,424
07/07/2005,JAX,FL,ASO,ES,Combined TRACON& Tower with Radar,149,127,30,25,331,0,2,10,1,13,149,129,40,26,344,0,6,6,350
07/08/2005,JAX,FL,ASO,ES,Combined TRACON& Tower with Radar,148,129,48,27,352,0,0,9,5,14,148,129,57,32,366,0,74,74,440
07/09/2005,JAX,FL,ASO,ES,Combined TRACON& Tower with Radar,135,95,25,4,259,0,0,1,0,1,135,95,26,4,260,0,4,4,264
07/10/2005,JAX,FL,ASO,ES,Combined TRACON& Tower with Radar,142,95,11,0,248,0,0,1,0,1,142,95,12,0,249,0,0,0,249
07/11/2005,JAX,FL,ASO,ES,Combined TRACON& Tower with Radar,136,105,37,9,287,0,0,11,2,13,136,105,48,11,300,4,13,17,317
07/12/2005,JAX,FL,ASO,ES,Combined TRACON& Tower with Radar,154,130,81,15,380,0,0,21,5,26,154,130,102,20,406,0,0,0,406
07/13/2005,JAX,FL,ASO,ES,Combined TRACON& Tower with Radar,150,119,68,12,349,0,0,5,1,6,150,119,73,13,355,0,4,4,359
07/14/2005,JAX,FL,ASO,ES,Combined TRACON& Tower with Radar,148,116,55,4,323,0,0,12,4,16,148,116,67,8,339,0,4,4,343
07/15/2005,JAX,FL,ASO,ES,Combined TRACON& Tower with Radar,145,133,33,5,316,0,0,0,0,0,145,133,33,5,316,0,0,0,316
07/16/2005,JAX,FL,ASO,ES,Combined TRACON& Tower with Radar,134,98,25,7,264,0,0,22,0,22,134,98,47,7,286,5,0,5,291
07/17/2005,JAX,FL,ASO,ES,Combined TRACON& Tower with Radar,136,91,28,7,262,0,2,11,2,15,136,93,39,9,277,8,0,8,285
07/18/2005,JAX,FL,ASO,ES,Combined TRACON& Tower with Radar,144,115,37,8,304,0,0,7,0,7,144,115,44,8,311,0,0,0,311
07/19/2005,JAX,FL,ASO,ES,Combined TRACON& Tower with Radar,150,139,51,30,370,0,0,21,2,23,150,139,72,32,393,6,8,14,407
07/20/2005,JAX,FL,ASO,ES,Combined TRACON& Tower with Radar,156,142,33,17,348,0,0,16,2,18,156,142,49,19,366,12,10,22,388
07/21/2005,JAX,FL,ASO,ES,Combined TRACON& Tower with Radar,148,141,49,18,356,0,0,16,5,21,148,141,65,23,377,0,48,48,425
07/22/2005,JAX,FL,ASO,ES,Combined TRACON& Tower with Radar,152,130,30,18,330,0,2,9,1,12,152,132,39,19,342,6,0,6,348
07/23/2005,JAX,FL,ASO,ES,Combined TRACON& Tower with Radar,129,102,14,0,245,0,0,4,0,4,129,102,18,0,249,0,0,0,249
07/24/2005,JAX,FL,ASO,ES,Combined TRACON& Tower with Radar,139,99,14,14,266,0,0,8,0,8,139,99,22,14,274,0,0,0,274
07/25/2005,JAX,FL,ASO,ES,Combined TRACON& Tower with Radar,138,108,39,16,301,0,0,11,7,18,138,108,50,23,319,0,36,36,355
07/26/2005,JAX,FL,ASO,ES,Combined TRACON& Tower with Radar,153,131,48,19,351,0,0,6,0,6,153,131,54,19,357,0,0,0,357
07/27/2005,JAX,FL,ASO,ES,Combined TRACON& Tower with Radar,154,146,37,18,355,0,2,25,5,32,154,148,62,23,387,16,70,86,473
07/28/2005,JAX,FL,ASO,ES,Combined TRACON& Tower with Radar,157,144,44,18,363,0,0,17,0,17,157,144,61,18,380,0,0,0,380
07/29/2005,JAX,FL,ASO,ES,Combined TRACON& Tower with Radar,148,133,16,8,305,0,0,12,1,13,148,133,28,9,318,0,4,4,322
07/30/2005,JAX,FL,ASO,ES,Combined TRACON& Tower with Radar,143,96,13,0,252,0,0,17,0,17,143,96,30,0,269,10,0,10,279
07/31/2005,JAX,FL,ASO,ES,Combined TRACON& Tower with Radar,136,97,17,0,250,0,0,2,0,2,136,97,19,0,252,0,0,0,252
08/01/2005,JAX,FL,ASO,ES,Combined TRACON& Tower with Radar,146,118,32,0,296,0,0,2,0,2,146,118,34,0,298,0,0,0,298
08/02/2005,JAX,FL,ASO,ES,Combined TRACON& Tower with Radar,150,139,40,11,340,0,0,7,2,9,150,139,47,13,349,14,2,16,365
08/03/2005,JAX,FL,ASO,ES,Combined TRACON& Tower with Radar,148,137,38,13,336,0,0,7,2,9,148,137,45,15,345,2,2,4,349
08/04/2005,JAX,FL,ASO,ES,Combined TRACON& Tower with Radar,147,141,64,14,366,0,0,18,1,19,147,141,82,15,385,0,0,0,385
08/05/2005,JAX,FL,ASO,ES,Combined TRACON& Tower with Radar,138,134,29,16,317,0,0,9,2,11,138,134,38,18,328,2,0,2,330
08/06/2005,JAX,FL,ASO,ES,Combined TRACON& Tower with Radar,128,107,33,5,273,0,1,13,0,14,128,108,46,5,287,0,0,0,287
08/07/2005,JAX,FL,ASO,ES,Combined TRACON& Tower with Radar,133,97,27,2,259,0,0,6,0,6,133,97,33,2,265,0,0,0,265
08/08/2005,JAX,FL,ASO,ES,Combined TRACON& Tower with Radar,137,108,26,18,289,0,0,16,2,18,137,108,42,20,307,0,0,0,307
08/09/2005,JAX,FL,ASO,ES,Combined TRACON& Tower with Radar,150,149,33,25,357,0,0,9,0,9,150,149,42,25,366,0,0,0,366
08/10/2005,JAX,FL,ASO,ES,Combined TRACON& Tower with Radar,146,137,58,28,369,0,0,10,1,11,146,137,68,29,380,0,14,14,394
08/11/2005,JAX,FL,ASO,ES,Combined TRACON& Tower with Radar,155,129,43,21,348,0,0,7,1,8,155,129,50,22,356,0,0,0,356
08/12/2005,JAX,FL,ASO,ES,Combined TRACON& Tower with Radar,151,138,35,20,344,0,0,10,7,17,151,138,45,27,361,0,6,6,367
08/13/2005,JAX,FL,ASO,ES,Combined TRACON& Tower with Radar,126,98,17,19,260,0,0,12,0,12,126,98,29,19,272,0,0,0,272
08/14/2005,JAX,FL,ASO,ES,Combined TRACON& Tower with Radar,141,96,17,7,261,0,0,7,0,7,141,96,24,7,268,0,0,0,268
08/15/2005,JAX,FL,ASO,ES,Combined TRACON& Tower with Radar,144,113,25,5,287,0,0,17,2,19,144,113,42,7,306,0,0,0,306
08/16/2005,JAX,FL,ASO,ES,Combined TRACON& Tower with Radar,153,135,58,21,367,0,0,12,2,14,153,135,70,23,381,0,0,0,381
08/17/2005,JAX,FL,ASO,ES,Combined TRACON& Tower with Radar,149,140,52,14,355,0,1,13,2,16,149,141,65,16,371,8,2,10,381
08/18/2005,JAX,FL,ASO,ES,Combined TRACON& Tower with Radar,145,129,39,7,320,0,0,5,3,8,145,129,44,10,328,0,14,14,342
08/19/2005,JAX,FL,ASO,ES,Combined TRACON& Tower with Radar,145,122,32,15,314,0,0,0,0,0,145,122,32,15,314,0,0,0,314
08/20/2005,JAX,FL,ASO,ES,Combined TRACON& Tower with Radar,122,94,23,3,242,0,3,19,0,22,122,97,42,3,264,0,0,0,264
08/21/2005,JAX,FL,ASO,ES,Combined TRACON& Tower with Radar,139,91,30,5,265,0,2,13,0,15,139,93,43,5,280,0,0,0,280
08/22/2005,JAX,FL,ASO,ES,Combined TRACON& Tower with Radar,141,111,27,9,288,0,1,11,0,12,141,112,38,9,300,8,20,28,328
08/23/2005,JAX,FL,ASO,ES,Combined TRACON& Tower with Radar,150,144,46,6,346,0,2,25,1,28,150,146,71,7,374,0,0,0,374
08/24/2005,JAX,FL,ASO,ES,Combined TRACON& Tower with Radar,156,135,50,4,345,0,2,11,2,15,156,137,61,6,360,0,10,10,370
08/25/2005,JAX,FL,ASO,ES,Combined TRACON& Tower with Radar,139,135,58,0,332,0,2,3,1,6,139,137,61,1,338,0,8,8,346
08/26/2005,JAX,FL,ASO,ES,Combined TRACON& Tower with Radar,145,126,48,8,327,0,0,3,0,3,145,126,51,8,330,0,0,0,330
08/27/2005,JAX,FL,ASO,ES,Combined TRACON& Tower with Radar,130,100,17,8,255,0,1,3,1,5,130,101,20,9,260,0,0,0,260
08/28/2005,JAX,FL,ASO,ES,Combined TRACON& Tower with Radar,134,107,22,0,263,0,0,18,0,18,134,107,40,0,281,0,0,0,281
08/29/2005,JAX,FL,ASO,ES,Combined TRACON& Tower with Radar,136,109,40,3,288,0,1,13,1,15,136,110,53,4,303,0,0,0,303
08/30/2005,JAX,FL,ASO,ES,Combined TRACON& Tower with Radar,150,153,45,0,348,0,0,3,0,3,150,153,48,0,351,0,0,0,351
08/31/2005,JAX,FL,ASO,ES,Combined TRACON& Tower with Radar,148,133,38,6,325,0,0,14,2,16,148,133,52,8,341,14,8,22,363
09/01/2005,JAX,FL,ASO,ES,Combined TRACON& Tower with Radar,147,152,59,10,368,0,0,5,0,5,147,152,64,10,373,0,38,38,411
09/02/2005,JAX,FL,ASO,ES,Combined TRACON& Tower with Radar,141,143,43,12,339,0,0,9,0,9,141,143,52,12,348,4,0,4,352
09/03/2005,JAX,FL,ASO,ES,Combined TRACON& Tower with Radar,119,100,24,2,245,0,1,6,0,7,119,101,30,2,252,0,0,0,252
09/04/2005,JAX,FL,ASO,ES,Combined TRACON& Tower with Radar,115,86,12,0,213,0,0,4,0,4,115,86,16,0,217,0,0,0,217
09/05/2005,JAX,FL,ASO,ES,Combined TRACON& Tower with Radar,118,110,28,0,256,0,0,3,0,3,118,110,31,0,259,0,0,0,259
09/06/2005,JAX,FL,ASO,ES,Combined TRACON& Tower with Radar,142,112,42,13,309,0,0,3,0,3,142,112,45,13,312,0,0,0,312
09/07/2005,JAX,FL,ASO,ES,Combined TRACON& Tower with Radar,154,139,20,13,326,0,0,3,0,3,154,139,23,13,329,0,0,0,329
09/08/2005,JAX,FL,ASO,ES,Combined TRACON& Tower with Radar,152,127,24,1,304,0,1,3,0,4,152,128,27,1,308,0,0,0,308
09/09/2005,JAX,FL,ASO,ES,Combined TRACON& Tower with Radar,151,134,32,6,323,0,1,5,0,6,151,135,37,6,329,0,0,0,329
09/10/2005,JAX,FL,ASO,ES,Combined TRACON& Tower with Radar,123,92,37,10,262,0,0,2,1,3,123,92,39,11,265,0,4,4,269
09/11/2005,JAX,FL,ASO,ES,Combined TRACON& Tower with Radar,129,86,27,1,243,0,0,17,1,18,129,86,44,2,261,0,0,0,261
09/12/2005,JAX,FL,ASO,ES,Combined TRACON& Tower with Radar,146,110,48,0,304,0,0,8,0,8,146,110,56,0,312,0,0,0,312
09/13/2005,JAX,FL,ASO,ES,Combined TRACON& Tower with Radar,149,138,44,17,348,0,1,18,2,21,149,139,62,19,369,18,64,82,451
09/14/2005,JAX,FL,ASO,ES,Combined TRACON& Tower with Radar,152,121,57,23,353,0,0,11,4,15,152,121,68,27,368,0,22,22,390
09/15/2005,JAX,FL,ASO,ES,Combined TRACON& Tower with Radar,148,134,35,19,336,0,0,7,14,21,148,134,42,33,357,2,76,78,435
09/16/2005,JAX,FL,ASO,ES,Combined TRACON& Tower with Radar,149,129,33,23,334,0,0,11,1,12,149,129,44,24,346,0,0,0,346
09/17/2005,JAX,FL,ASO,ES,Combined TRACON& Tower with Radar,126,98,14,3,241,0,0,8,0,8,126,98,22,3,249,8,0,8,257
09/18/2005,JAX,FL,ASO,ES,Combined TRACON& Tower with Radar,137,88,29,6,260,0,0,0,0,0,137,88,29,6,260,0,0,0,260
09/19/2005,JAX,FL,ASO,ES,Combined TRACON& Tower with Radar,147,106,25,17,295,0,2,3,1,6,147,108,28,18,301,0,0,0,301
09/20/2005,JAX,FL,ASO,ES,Combined TRACON& Tower with Radar,149,131,47,18,345,0,3,6,1,10,149,134,53,19,355,0,26,26,381
09/21/2005,JAX,FL,ASO,ES,Combined TRACON& Tower with Radar,152,122,40,9,323,0,3,2,3,8,152,125,42,12,331,0,94,94,425
09/22/2005,JAX,FL,ASO,ES,Combined TRACON& Tower with Radar,147,130,47,18,342,0,0,8,2,10,147,130,55,20,352,0,0,0,352
09/23/2005,JAX,FL,ASO,ES,Combined TRACON& Tower with Radar,152,114,24,29,319,0,0,4,2,6,152,114,28,31,325,0,20,20,345
09/24/2005,JAX,FL,ASO,ES,Combined TRACON& Tower with Radar,129,88,23,3,243,0,0,15,0,15,129,88,38,3,258,0,0,0,258
09/25/2005,JAX,FL,ASO,ES,Combined TRACON& Tower with Radar,129,76,43,0,248,0,0,8,0,8,129,76,51,0,256,0,0,0,256
09/26/2005,JAX,FL,ASO,ES,Combined TRACON& Tower with Radar,146,112,22,3,283,0,0,7,0,7,146,112,29,3,290,0,0,0,290
09/27/2005,JAX,FL,ASO,ES,Combined TRACON& Tower with Radar,153,131,32,10,326,0,1,13,4,18,153,132,45,14,344,0,0,0,344
09/28/2005,JAX,FL,ASO,ES,Combined TRACON& Tower with Radar,156,128,34,12,330,0,1,6,6,13,156,129,40,18,343,0,0,0,343
09/29/2005,JAX,FL,ASO,ES,Combined TRACON& Tower with Radar,146,125,52,19,342,0,1,6,4,11,146,126,58,23,353,0,6,6,359
09/30/2005,JAX,FL,ASO,ES,Combined TRACON& Tower with Radar,152,137,52,17,358,0,1,12,0,13,152,138,64,17,371,0,0,0,371
10/01/2005,JAX,FL,ASO,ES,Combined TRACON& Tower with Radar,123,90,26,3,242,0,0,7,0,7,123,90,33,3,249,0,0,0,249
10/02/2005,JAX,FL,ASO,ES,Combined TRACON& Tower with Radar,136,102,42,6,286,0,0,6,0,6,136,102,48,6,292,22,0,22,314
10/03/2005,JAX,FL,ASO,ES,Combined TRACON& Tower with Radar,142,115,31,15,303,0,0,0,0,0,142,115,31,15,303,0,0,0,303
10/04/2005,JAX,FL,ASO,ES,Combined TRACON& Tower with Radar,152,128,39,16,335,0,0,0,0,0,152,128,39,16,335,0,2,2,337
10/05/2005,JAX,FL,ASO,ES,Combined TRACON& Tower with Radar,151,115,34,4,304,0,0,0,0,0,151,115,34,4,304,0,0,0,304
10/06/2005,JAX,FL,ASO,ES,Combined TRACON& Tower with Radar,155,137,48,6,346,0,0,0,2,2,155,137,48,8,348,0,28,28,376
10/07/2005,JAX,FL,ASO,ES,Combined TRACON& Tower with Radar,159,128,40,5,332,0,0,1,0,1,159,128,41,5,333,0,12,12,345
10/08/2005,JAX,FL,ASO,ES,Combined TRACON& Tower with Radar,134,95,25,1,255,0,1,3,0,4,134,96,28,1,259,0,0,0,259
10/09/2005,JAX,FL,ASO,ES,Combined TRACON& Tower with Radar,138,89,27,0,254,0,1,1,0,2,138,90,28,0,256,0,0,0,256
10/10/2005,JAX,FL,ASO,ES,Combined TRACON& Tower with Radar,149,104,43,4,300,0,0,8,0,8,149,104,51,4,308,0,0,0,308
10/11/2005,JAX,FL,ASO,ES,Combined TRACON& Tower with Radar,154,110,40,9,313,0,0,2,0,2,154,110,42,9,315,0,0,0,315
10/12/2005,JAX,FL,ASO,ES,Combined TRACON& Tower with Radar,158,139,37,13,347,0,2,0,3,5,158,141,37,16,352,0,14,14,366
10/13/2005,JAX,FL,ASO,ES,Combined TRACON& Tower with Radar,157,131,48,24,360,0,5,3,1,9,157,136,51,25,369,0,48,48,417
10/14/2005,JAX,FL,ASO,ES,Combined TRACON& Tower with Radar,154,116,33,15,318,0,2,28,3,33,154,118,61,18,351,8,0,8,359
10/15/2005,JAX,FL,ASO,ES,Combined TRACON& Tower with Radar,131,90,29,2,252,0,0,10,0,10,131,90,39,2,262,0,0,0,262
10/16/2005,JAX,FL,ASO,ES,Combined TRACON& Tower with Radar,141,94,24,3,262,0,0,0,0,0,141,94,24,3,262,0,0,0,262
10/17/2005,JAX,FL,ASO,ES,Combined TRACON& Tower with Radar,151,96,29,4,280,0,0,14,6,20,151,96,43,10,300,0,2,2,302
10/18/2005,JAX,FL,ASO,ES,Combined TRACON& Tower with Radar,157,129,44,14,344,0,1,10,4,15,157,130,54,18,359,0,27,27,386
10/19/2005,JAX,FL,ASO,ES,Combined TRACON& Tower with Radar,157,134,50,4,345,0,1,20,3,24,157,135,70,7,369,4,38,42,411
10/20/2005,JAX,FL,ASO,ES,Combined TRACON& Tower with Radar,156,131,67,9,363,0,0,22,5,27,156,131,89,14,390,0,32,32,422
10/21/2005,JAX,FL,ASO,ES,Combined TRACON& Tower with Radar,156,137,38,3,334,0,0,4,0,4,156,137,42,3,338,0,0,0,338
10/22/2005,JAX,FL,ASO,ES,Combined TRACON& Tower with Radar,130,89,42,2,263,0,1,6,0,7,130,90,48,2,270,0,0,0,270
10/23/2005,JAX,FL,ASO,ES,Combined TRACON& Tower with Radar,137,108,20,7,272,0,0,1,0,1,137,108,21,7,273,0,0,0,273
10/24/2005,JAX,FL,ASO,ES,Combined TRACON& Tower with Radar,129,87,25,4,245,0,2,3,0,5,129,89,28,4,250,0,0,0,250
10/25/2005,JAX,FL,ASO,ES,Combined TRACON& Tower with Radar,135,132,40,7,314,0,9,17,0,26,135,141,57,7,340,0,0,0,340
10/26/2005,JAX,FL,ASO,ES,Combined TRACON& Tower with Radar,145,128,58,18,349,0,1,31,6,38,145,129,89,24,387,0,59,59,446
10/27/2005,JAX,FL,ASO,ES,Combined TRACON& Tower with Radar,157,141,23,15,336,0,0,24,1,25,157,141,47,16,361,0,2,2,363
10/28/2005,JAX,FL,ASO,ES,Combined TRACON& Tower with Radar,154,124,53,10,341,0,0,0,0,0,154,124,53,10,341,10,2,12,353
10/29/2005,JAX,FL,ASO,ES,Combined TRACON& Tower with Radar,136,98,48,7,289,0,1,19,0,20,136,99,67,7,309,16,0,16,325
10/30/2005,JAX,FL,ASO,ES,Combined TRACON& Tower with Radar,142,97,25,4,268,0,0,6,8,14,142,97,31,12,282,0,0,0,282
10/31/2005,JAX,FL,ASO,ES,Combined TRACON& Tower with Radar,149,94,30,12,285,0,3,13,3,19,149,97,43,15,304,0,0,0,304
11/01/2005,JAX,FL,ASO,ES,Combined TRACON& Tower with Radar,157,130,49,23,359,0,0,8,4,12,157,130,57,27,371,0,34,34,405
11/02/2005,JAX,FL,ASO,ES,Combined TRACON& Tower with Radar,162,142,66,15,385,0,0,14,3,17,162,142,80,18,402,0,0,0,402
11/03/2005,JAX,FL,ASO,ES,Combined TRACON& Tower with Radar,158,128,50,20,356,0,4,15,16,35,158,132,65,36,391,10,40,50,441
11/04/2005,JAX,FL,ASO,ES,Combined TRACON& Tower with Radar,158,134,38,19,349,0,1,21,0,22,158,135,59,19,371,0,0,0,371
11/05/2005,JAX,FL,ASO,ES,Combined TRACON& Tower with Radar,134,89,10,10,243,0,0,16,4,20,134,89,26,14,263,2,4,6,269
11/06/2005,JAX,FL,ASO,ES,Combined TRACON& Tower with Radar,146,96,36,5,283,0,0,9,0,9,146,96,45,5,292,0,0,0,292
11/07/2005,JAX,FL,ASO,ES,Combined TRACON& Tower with Radar,155,114,40,7,316,0,0,11,4,15,155,114,51,11,331,0,0,0,331
11/08/2005,JAX,FL,ASO,ES,Combined TRACON& Tower with Radar,158,124,63,22,367,0,4,9,1,14,158,128,72,23,381,0,0,0,381
11/09/2005,JAX,FL,ASO,ES,Combined TRACON& Tower with Radar,163,125,53,19,360,0,3,6,5,14,163,128,59,24,374,0,55,55,429
11/10/2005,JAX,FL,ASO,ES,Combined TRACON& Tower with Radar,164,142,71,17,394,0,2,15,5,22,164,144,86,22,416,0,22,22,438
11/11/2005,JAX,FL,ASO,ES,Combined TRACON& Tower with Radar,161,107,49,0,317,0,1,15,0,16,161,108,64,0,333,0,0,0,333
11/12/2005,JAX,FL,ASO,ES,Combined TRACON& Tower with Radar,141,84,35,4,264,0,0,9,0,9,141,84,44,4,273,0,0,0,273
11/13/2005,JAX,FL,ASO,ES,Combined TRACON& Tower with Radar,155,97,50,5,307,0,0,21,0,21,155,97,71,5,328,0,0,0,328
11/14/2005,JAX,FL,ASO,ES,Combined TRACON& Tower with Radar,152,117,41,18,328,0,0,12,4,16,152,117,53,22,344,0,0,0,344
11/15/2005,JAX,FL,ASO,ES,Combined TRACON& Tower with Radar,156,123,69,23,371,0,3,26,6,35,156,126,95,29,406,0,12,12,418
11/16/2005,JAX,FL,ASO,ES,Combined TRACON& Tower with Radar,163,126,59,24,372,0,0,13,0,13,163,126,72,24,385,10,0,10,395
11/17/2005,JAX,FL,ASO,ES,Combined TRACON& Tower with Radar,167,137,56,24,384,0,0,9,4,13,167,137,65,28,397,0,28,28,425
11/18/2005,JAX,FL,ASO,ES,Combined TRACON& Tower with Radar,165,131,45,17,358,0,0,5,1,6,165,131,50,18,364,0,0,0,364
11/19/2005,JAX,FL,ASO,ES,Combined TRACON& Tower with Radar,140,90,32,10,272,0,0,4,0,4,140,90,36,10,276,6,0,6,282
11/20/2005,JAX,FL,ASO,ES,Combined TRACON& Tower with Radar,147,94,21,9,271,0,0,1,0,1,147,94,22,9,272,0,0,0,272
11/21/2005,JAX,FL,ASO,ES,Combined TRACON& Tower with Radar,155,111,50,11,327,0,0,1,1,2,155,111,51,12,329,0,0,0,329
11/22/2005,JAX,FL,ASO,ES,Combined TRACON& Tower with Radar,170,142,30,9,351,0,1,11,6,18,170,143,41,15,369,0,0,0,369
11/23/2005,JAX,FL,ASO,ES,Combined TRACON& Tower with Radar,161,134,35,10,340,0,2,16,0,18,161,136,51,10,358,0,6,6,364
11/24/2005,JAX,FL,ASO,ES,Combined TRACON& Tower with Radar,121,86,4,0,211,0,0,10,0,10,121,86,14,0,221,0,0,0,221
11/25/2005,JAX,FL,ASO,ES,Combined TRACON& Tower with Radar,128,79,16,0,223,0,0,16,0,16,128,79,32,0,239,0,0,0,239
11/26/2005,JAX,FL,ASO,ES,Combined TRACON& Tower with Radar,128,95,28,1,252,0,0,8,0,8,128,95,36,1,260,0,0,0,260
11/27/2005,JAX,FL,ASO,ES,Combined TRACON& Tower with Radar,201,118,33,0,352,0,0,12,0,12,201,118,45,0,364,0,0,0,364
11/28/2005,JAX,FL,ASO,ES,Combined TRACON& Tower with Radar,160,121,25,12,318,0,2,5,0,7,160,123,30,12,325,0,0,0,325
11/29/2005,JAX,FL,ASO,ES,Combined TRACON& Tower with Radar,178,140,41,16,375,0,0,1,0,1,178,140,42,16,376,0,0,0,376
11/30/2005,JAX,FL,ASO,ES,Combined TRACON& Tower with Radar,166,130,59,26,381,0,0,12,6,18,166,130,71,32,399,0,14,14,413
12/01/2005,JAX,FL,ASO,ES,Combined TRACON& Tower with Radar,158,128,65,12,363,0,0,17,1,18,158,128,82,13,381,0,0,0,381
12/02/2005,JAX,FL,ASO,ES,Combined TRACON& Tower with Radar,159,108,52,8,327,0,0,16,5,21,159,108,68,13,348,8,0,8,356
12/03/2005,JAX,FL,ASO,ES,Combined TRACON& Tower with Radar,131,65,38,9,243,0,0,13,0,13,131,65,51,9,256,10,0,10,266
12/04/2005,JAX,FL,ASO,ES,Combined TRACON& Tower with Radar,141,70,49,5,265,0,0,20,1,21,141,70,69,6,286,0,0,0,286
12/05/2005,JAX,FL,ASO,ES,Combined TRACON& Tower with Radar,153,92,41,4,290,2,0,2,0,4,155,92,43,4,294,0,0,0,294
12/06/2005,JAX,FL,ASO,ES,Combined TRACON& Tower with Radar,167,130,49,24,370,0,0,9,1,10,167,130,58,25,380,6,0,6,386
12/07/2005,JAX,FL,ASO,ES,Combined TRACON& Tower with Radar,149,126,51,26,352,0,0,5,0,5,149,126,56,26,357,0,0,0,357
12/08/2005,JAX,FL,ASO,ES,Combined TRACON& Tower with Radar,153,113,55,4,325,0,0,3,0,3,153,113,58,4,328,0,0,0,328
12/09/2005,JAX,FL,ASO,ES,Combined TRACON& Tower with Radar,152,107,36,25,320,0,0,2,0,2,152,107,38,25,322,0,0,0,322
12/10/2005,JAX,FL,ASO,ES,Combined TRACON& Tower with Radar,132,74,21,0,227,0,1,13,1,15,132,75,34,1,242,0,0,0,242
12/11/2005,JAX,FL,ASO,ES,Combined TRACON& Tower with Radar,143,79,25,12,259,0,0,5,0,5,143,79,30,12,264,0,0,0,264
12/12/2005,JAX,FL,ASO,ES,Combined TRACON& Tower with Radar,155,103,45,20,323,0,0,12,2,14,155,103,57,22,337,2,10,12,349
12/13/2005,JAX,FL,ASO,ES,Combined TRACON& Tower with Radar,163,101,51,13,328,0,1,15,0,16,163,102,66,13,344,2,0,2,346
12/14/2005,JAX,FL,ASO,ES,Combined TRACON& Tower with Radar,160,121,88,18,387,0,0,0,0,0,160,121,88,18,387,0,0,0,387
12/15/2005,JAX,FL,ASO,ES,Combined TRACON& Tower with Radar,151,121,59,15,346,0,1,0,0,1,151,122,59,15,347,0,0,0,347
12/16/2005,JAX,FL,ASO,ES,Combined TRACON& Tower with Radar,174,124,48,2,348,0,1,14,0,15,174,125,62,2,363,0,0,0,363
12/17/2005,JAX,FL,ASO,ES,Combined TRACON& Tower with Radar,136,83,46,0,265,0,0,0,0,0,136,83,46,0,265,0,0,0,265
12/18/2005,JAX,FL,ASO,ES,Combined TRACON& Tower with Radar,149,80,31,0,260,0,0,0,0,0,149,80,31,0,260,0,0,0,260
12/19/2005,JAX,FL,ASO,ES,Combined TRACON& Tower with Radar,157,93,53,10,313,0,0,2,0,2,157,93,55,10,315,0,0,0,315
12/20/2005,JAX,FL,ASO,ES,Combined TRACON& Tower with Radar,180,128,51,33,392,0,0,19,2,21,180,128,70,35,413,0,0,0,413
12/21/2005,JAX,FL,ASO,ES,Combined TRACON& Tower with Radar,172,120,52,19,363,0,2,8,1,11,172,122,60,20,374,0,12,12,386
12/22/2005,JAX,FL,ASO,ES,Combined TRACON& Tower with Radar,172,113,40,18,343,0,1,5,3,9,172,114,45,21,352,0,14,14,366
12/23/2005,JAX,FL,ASO,ES,Combined TRACON& Tower with Radar,177,108,12,0,297,0,0,5,0,5,177,108,17,0,302,0,0,0,302
12/24/2005,JAX,FL,ASO,ES,Combined TRACON& Tower with Radar,140,74,8,0,222,0,0,4,0,4,140,74,12,0,226,0,0,0,226
12/25/2005,JAX,FL,ASO,ES,Combined TRACON& Tower with Radar,131,67,8,0,206,0,0,2,0,2,131,67,10,0,208,0,0,0,208
12/26/2005,JAX,FL,ASO,ES,Combined TRACON& Tower with Radar,152,94,21,0,267,0,0,3,0,3,152,94,24,0,270,0,0,0,270
12/27/2005,JAX,FL,ASO,ES,Combined TRACON& Tower with Radar,165,88,41,6,300,0,0,12,1,13,165,88,53,7,313,0,0,0,313
12/28/2005,JAX,FL,ASO,ES,Combined TRACON& Tower with Radar,170,110,21,5,306,0,0,0,0,0,170,110,21,5,306,0,0,0,306
12/29/2005,JAX,FL,ASO,ES,Combined TRACON& Tower with Radar,163,109,25,15,312,0,1,17,0,18,163,110,42,15,330,0,10,10,340
12/30/2005,JAX,FL,ASO,ES,Combined TRACON& Tower with Radar,162,104,27,0,293,0,0,12,0,12,162,104,39,0,305,0,0,0,305
12/31/2005,JAX,FL,ASO,ES,Combined TRACON& Tower with Radar,137,65,18,0,220,0,0,15,0,15,137,65,33,0,235,0,0,0,235
01/01/2006,JAX,FL,ASO,ES,Combined TRACON& Tower with Radar,138,73,21,0,232,0,0,2,0,2,138,73,23,0,234,0,0,0,234
01/02/2006,JAX,FL,ASO,ES,Combined TRACON& Tower with Radar,157,102,48,0,307,0,0,5,0,5,157,102,53,0,312,0,0,0,312
01/03/2006,JAX,FL,ASO,ES,Combined TRACON& Tower with Radar,161,100,25,12,298,0,3,10,4,17,161,103,35,16,315,0,0,0,315
01/04/2006,JAX,FL,ASO,ES,Combined TRACON& Tower with Radar,172,108,27,9,316,0,2,9,4,15,172,110,36,13,331,0,0,0,331
01/05/2006,JAX,FL,ASO,ES,Combined TRACON& Tower with Radar,152,103,36,28,319,0,2,10,3,15,152,105,46,31,334,0,38,38,372
01/06/2006,JAX,FL,ASO,ES,Combined TRACON& Tower with Radar,159,104,39,22,324,0,0,0,0,0,159,104,39,22,324,0,0,0,324
01/07/2006,JAX,FL,ASO,ES,Combined TRACON& Tower with Radar,120,63,24,1,208,0,0,8,2,10,120,63,32,3,218,0,10,10,228
01/08/2006,JAX,FL,ASO,ES,Combined TRACON& Tower with Radar,142,66,21,3,232,0,0,7,0,7,142,66,28,3,239,0,0,0,239
01/09/2006,JAX,FL,ASO,ES,Combined TRACON& Tower with Radar,150,82,29,21,282,0,4,19,1,24,150,86,48,22,306,0,0,0,306
01/10/2006,JAX,FL,ASO,ES,Combined TRACON& Tower with Radar,162,97,45,16,320,0,2,12,2,16,162,99,57,18,336,12,4,16,352
01/11/2006,JAX,FL,ASO,ES,Combined TRACON& Tower with Radar,158,100,30,13,301,0,1,14,2,17,158,101,44,15,318,12,0,12,330
01/12/2006,JAX,FL,ASO,ES,Combined TRACON& Tower with Radar,163,113,49,19,344,0,2,10,7,19,163,115,59,26,363,44,50,94,457
01/13/2006,JAX,FL,ASO,ES,Combined TRACON& Tower with Radar,153,94,22,4,273,0,0,5,2,7,153,94,27,6,280,0,0,0,280
01/14/2006,JAX,FL,ASO,ES,Combined TRACON& Tower with Radar,136,73,13,0,222,0,0,0,0,0,136,73,13,0,222,0,0,0,222
01/15/2006,JAX,FL,ASO,ES,Combined TRACON& Tower with Radar,146,57,40,10,253,0,0,14,0,14,146,57,54,10,267,0,0,0,267
01/16/2006,JAX,FL,ASO,ES,Combined TRACON& Tower with Radar,145,87,36,0,268,3,0,9,2,14,148,87,45,2,282,0,0,0,282
01/17/2006,JAX,FL,ASO,ES,Combined TRACON& Tower with Radar,156,85,60,17,318,0,0,1,3,4,156,85,61,20,322,0,0,0,322
01/18/2006,JAX,FL,ASO,ES,Combined TRACON& Tower with Radar,166,105,58,19,348,0,0,6,0,6,166,105,64,19,354,0,6,6,360
01/19/2006,JAX,FL,ASO,ES,Combined TRACON& Tower with Radar,158,107,32,14,311,0,0,9,1,10,158,107,41,15,321,0,0,0,321
01/20/2006,JAX,FL,ASO,ES,Combined TRACON& Tower with Radar,156,114,57,9,336,0,1,12,0,13,156,115,69,9,349,0,0,0,349
01/21/2006,JAX,FL,ASO,ES,Combined TRACON& Tower with Radar,130,55,18,2,205,0,0,7,0,7,130,55,25,2,212,0,0,0,212
01/22/2006,JAX,FL,ASO,ES,Combined TRACON& Tower with Radar,136,72,23,8,239,0,0,8,0,8,136,72,31,8,247,0,0,0,247
01/23/2006,JAX,FL,ASO,ES,Combined TRACON& Tower with Radar,145,81,33,4,263,0,0,12,0,12,145,81,45,4,275,0,0,0,275
01/24/2006,JAX,FL,ASO,ES,Combined TRACON& Tower with Radar,162,112,45,14,333,0,0,2,2,4,162,112,47,16,337,8,14,22,359
01/25/2006,JAX,FL,ASO,ES,Combined TRACON& Tower with Radar,158,108,53,22,341,0,1,11,1,13,158,109,64,23,354,0,0,0,354
01/26/2006,JAX,FL,ASO,ES,Combined TRACON& Tower with Radar,157,113,38,35,343,0,1,16,6,23,157,114,54,41,366,0,28,28,394
01/27/2006,JAX,FL,ASO,ES,Combined TRACON& Tower with Radar,156,106,70,27,359,0,1,18,6,25,156,107,88,33,384,0,0,0,384
01/28/2006,JAX,FL,ASO,ES,Combined TRACON& Tower with Radar,127,62,28,1,218,0,2,14,0,16,127,64,42,1,234,0,0,0,234
01/29/2006,JAX,FL,ASO,ES,Combined TRACON& Tower with Radar,141,59,28,0,228,0,1,7,0,8,141,60,35,0,236,0,0,0,236
01/30/2006,JAX,FL,ASO,ES,Combined TRACON& Tower with Radar,147,83,36,22,288,0,0,2,0,2,147,83,38,22,290,0,0,0,290
01/31/2006,JAX,FL,ASO,ES,Combined TRACON& Tower with Radar,167,102,43,14,326,0,0,20,1,21,167,102,63,15,347,6,2,8,355
02/01/2006,JAX,FL,ASO,ES,Combined TRACON& Tower with Radar,167,96,57,12,332,0,1,17,0,18,167,97,74,12,350,0,0,0,350
02/02/2006,JAX,FL,ASO,ES,Combined TRACON& Tower with Radar,158,107,44,22,331,0,1,3,0,4,158,108,47,22,335,0,0,0,335
02/03/2006,JAX,FL,ASO,ES,Combined TRACON& Tower with Radar,202,114,61,10,387,0,1,1,1,3,202,115,62,11,390,0,0,0,390
02/04/2006,JAX,FL,ASO,ES,Combined TRACON& Tower with Radar,146,61,23,2,232,0,0,3,0,3,146,61,26,2,235,0,0,0,235
02/05/2006,JAX,FL,ASO,ES,Combined TRACON& Tower with Radar,161,66,26,0,253,0,0,7,0,7,161,66,33,0,260,0,0,0,260
02/06/2006,JAX,FL,ASO,ES,Combined TRACON& Tower with Radar,160,76,68,17,321,0,3,13,0,16,160,79,81,17,337,0,46,46,383
02/07/2006,JAX,FL,ASO,ES,Combined TRACON& Tower with Radar,171,98,52,30,351,0,0,0,0,0,171,98,52,30,351,0,0,0,351
02/08/2006,JAX,FL,ASO,ES,Combined TRACON& Tower with Radar,163,97,36,26,322,0,0,12,4,16,163,97,48,30,338,0,4,4,342
02/09/2006,JAX,FL,ASO,ES,Combined TRACON& Tower with Radar,171,101,52,17,341,0,0,17,3,20,171,101,69,20,361,14,30,44,405
02/10/2006,JAX,FL,ASO,ES,Combined TRACON& Tower with Radar,175,103,46,11,335,0,1,21,2,24,175,104,67,13,359,6,0,6,365
02/11/2006,JAX,FL,ASO,ES,Combined TRACON& Tower with Radar,141,54,15,1,211,0,0,2,0,2,141,54,17,1,213,0,0,0,213
02/12/2006,JAX,FL,ASO,ES,Combined TRACON& Tower with Radar,138,46,23,5,212,1,0,2,1,4,139,46,25,6,216,0,0,0,216
02/13/2006,JAX,FL,ASO,ES,Combined TRACON& Tower with Radar,0,0,0,0,0,168,81,48,3,300,168,81,48,3,300,12,0,12,312
02/14/2006,JAX,FL,ASO,ES,Combined TRACON& Tower with Radar,168,109,33,5,315,0,0,7,1,8,168,109,40,6,323,0,0,0,323
02/15/2006,JAX,FL,ASO,ES,Combined TRACON& Tower with Radar,173,102,57,24,356,0,1,5,1,7,173,103,62,25,363,0,0,0,363
02/16/2006,JAX,FL,ASO,ES,Combined TRACON& Tower with Radar,179,103,38,26,346,0,2,7,5,14,179,105,45,31,360,0,24,24,384
02/17/2006,JAX,FL,ASO,ES,Combined TRACON& Tower with Radar,172,113,49,17,351,0,0,6,1,7,172,113,55,18,358,0,0,0,358
02/18/2006,JAX,FL,ASO,ES,Combined TRACON& Tower with Radar,151,60,21,2,234,0,0,18,0,18,151,60,39,2,252,0,0,0,252
02/19/2006,JAX,FL,ASO,ES,Combined TRACON& Tower with Radar,159,57,33,2,251,0,0,1,0,1,159,57,34,2,252,0,0,0,252
02/20/2006,JAX,FL,ASO,ES,Combined TRACON& Tower with Radar,171,79,25,4,279,0,0,3,0,3,171,79,28,4,282,0,0,0,282
02/21/2006,JAX,FL,ASO,ES,Combined TRACON& Tower with Radar,179,88,50,12,329,0,0,4,2,6,179,88,54,14,335,0,0,0,335
02/22/2006,JAX,FL,ASO,ES,Combined TRACON& Tower with Radar,174,103,57,11,345,0,0,15,0,15,174,103,72,11,360,0,0,0,360
02/23/2006,JAX,FL,ASO,ES,Combined TRACON& Tower with Radar,177,106,53,9,345,0,0,3,1,4,177,106,56,10,349,0,0,0,349
02/24/2006,JAX,FL,ASO,ES,Combined TRACON& Tower with Radar,176,111,42,3,332,0,2,6,0,8,176,113,48,3,340,0,0,0,340
02/25/2006,JAX,FL,ASO,ES,Combined TRACON& Tower with Radar,156,55,28,7,246,0,0,6,1,7,156,55,34,8,253,0,0,0,253
02/26/2006,JAX,FL,ASO,ES,Combined TRACON& Tower with Radar,161,67,37,4,269,0,0,5,0,5,161,67,42,4,274,0,0,0,274
02/27/2006,JAX,FL,ASO,ES,Combined TRACON& Tower with Radar,180,74,54,5,313,0,0,13,0,13,180,74,67,5,326,0,0,0,326
02/28/2006,JAX,FL,ASO,ES,Combined TRACON& Tower with Radar,176,96,49,9,330,0,1,8,3,12,176,97,57,12,342,0,10,10,352
03/01/2006,JAX,FL,ASO,ES,Combined TRACON& Tower with Radar,266,156,74,6,502,0,0,15,3,18,266,156,89,9,520,0,4,4,524
03/02/2006,JAX,FL,ASO,ES,Combined TRACON& Tower with Radar,261,163,77,15,516,0,0,26,5,31,261,163,103,20,547,0,0,0,547
03/03/2006,JAX,FL,ASO,ES,Combined TRACON& Tower with Radar,278,143,62,14,497,0,2,9,0,11,278,145,71,14,508,6,0,6,514
03/04/2006,JAX,FL,ASO,ES,Combined TRACON& Tower with Radar,241,83,21,17,362,0,0,5,0,5,241,83,26,17,367,2,6,8,375
03/05/2006,JAX,FL,ASO,ES,Combined TRACON& Tower with Radar,242,82,32,1,357,0,1,9,0,10,242,83,41,1,367,0,0,0,367
03/06/2006,JAX,FL,ASO,ES,Combined TRACON& Tower with Radar,260,120,71,9,460,0,0,21,5,26,260,120,92,14,486,0,0,0,486
03/07/2006,JAX,FL,ASO,ES,Combined TRACON& Tower with Radar,280,144,63,0,487,0,0,10,0,10,280,144,73,0,497,0,0,0,497
03/08/2006,JAX,FL,ASO,ES,Combined TRACON& Tower with Radar,210,132,88,13,443,0,0,10,1,11,210,132,98,14,454,0,0,0,454
03/09/2006,JAX,FL,ASO,ES,Combined TRACON& Tower with Radar,174,118,66,9,367,0,0,10,0,10,174,118,76,9,377,0,0,0,377
03/10/2006,JAX,FL,ASO,ES,Combined TRACON& Tower with Radar,180,121,47,5,353,0,0,8,1,9,180,121,55,6,362,0,2,2,364
03/11/2006,JAX,FL,ASO,ES,Combined TRACON& Tower with Radar,163,61,48,1,273,0,0,2,0,2,163,61,50,1,275,0,0,0,275
03/12/2006,JAX,FL,ASO,ES,Combined TRACON& Tower with Radar,157,58,36,17,268,0,0,13,0,13,157,58,49,17,281,0,20,20,301
03/13/2006,JAX,FL,ASO,ES,Combined TRACON& Tower with Radar,173,86,40,2,301,0,1,11,3,15,173,87,51,5,316,2,10,12,328
03/14/2006,JAX,FL,ASO,ES,Combined TRACON& Tower with Radar,186,121,36,3,346,0,0,5,0,5,186,121,41,3,351,6,0,6,357
03/15/2006,JAX,FL,ASO,ES,Combined TRACON& Tower with Radar,181,110,65,8,364,0,5,15,1,21,181,115,80,9,385,6,22,28,413
03/16/2006,JAX,FL,ASO,ES,Combined TRACON& Tower with Radar,177,125,40,10,352,0,1,12,3,16,177,126,52,13,368,0,22,22,390
03/17/2006,JAX,FL,ASO,ES,Combined TRACON& Tower with Radar,176,105,42,16,339,0,4,8,8,20,176,109,50,24,359,0,34,34,393
03/18/2006,JAX,FL,ASO,ES,Combined TRACON& Tower with Radar,165,65,31,13,274,0,0,10,0,10,165,65,41,13,284,0,0,0,284
03/19/2006,JAX,FL,ASO,ES,Combined TRACON& Tower with Radar,161,61,28,22,272,0,1,7,0,8,161,62,35,22,280,0,0,0,280
03/20/2006,JAX,FL,ASO,ES,Combined TRACON& Tower with Radar,166,80,26,22,294,0,1,13,8,22,166,81,39,30,316,10,24,34,350
03/21/2006,JAX,FL,ASO,ES,Combined TRACON& Tower with Radar,186,104,45,16,351,0,0,2,1,3,186,104,47,17,354,0,4,4,358
03/22/2006,JAX,FL,ASO,ES,Combined TRACON& Tower with Radar,177,108,32,9,326,0,3,27,4,34,177,111,59,13,360,0,0,0,360
03/23/2006,JAX,FL,ASO,ES,Combined TRACON& Tower with Radar,171,108,52,16,347,0,1,4,0,5,171,109,56,16,352,0,0,0,352
03/24/2006,JAX,FL,ASO,ES,Combined TRACON& Tower with Radar,187,106,56,13,362,0,1,12,3,16,187,107,68,16,378,0,4,4,382
03/25/2006,JAX,FL,ASO,ES,Combined TRACON& Tower with Radar,164,61,39,0,264,0,0,11,0,11,164,61,50,0,275,0,0,0,275
03/26/2006,JAX,FL,ASO,ES,Combined TRACON& Tower with Radar,163,72,25,6,266,0,0,9,1,10,163,72,34,7,276,0,0,0,276
03/27/2006,JAX,FL,ASO,ES,Combined TRACON& Tower with Radar,173,82,45,7,307,0,0,12,0,12,173,82,57,7,319,0,0,0,319
03/28/2006,JAX,FL,ASO,ES,Combined TRACON& Tower with Radar,181,100,53,24,358,0,0,7,2,9,181,100,60,26,367,0,0,0,367
03/29/2006,JAX,FL,ASO,ES,Combined TRACON& Tower with Radar,182,103,80,19,384,0,0,4,1,5,182,103,84,20,389,0,0,0,389
03/30/2006,JAX,FL,ASO,ES,Combined TRACON& Tower with Radar,182,102,55,24,363,0,0,12,2,14,182,102,67,26,377,2,14,16,393
03/31/2006,JAX,FL,ASO,ES,Combined TRACON& Tower with Radar,173,111,49,10,343,0,3,8,0,11,173,114,57,10,354,8,4,12,366
04/01/2006,JAX,FL,ASO,ES,Combined TRACON& Tower with Radar,155,75,28,2,260,0,0,6,1,7,155,75,34,3,267,0,0,0,267
04/02/2006,JAX,FL,ASO,ES,Combined TRACON& Tower with Radar,153,76,27,2,258,0,0,5,0,5,153,76,32,2,263,0,0,0,263
04/03/2006,JAX,FL,ASO,ES,Combined TRACON& Tower with Radar,164,79,25,15,283,0,2,15,0,17,164,81,40,15,300,0,0,0,300
04/04/2006,JAX,FL,ASO,ES,Combined TRACON& Tower with Radar,177,103,58,15,353,0,0,13,2,15,177,103,71,17,368,0,0,0,368
04/05/2006,JAX,FL,ASO,ES,Combined TRACON& Tower with Radar,171,109,45,15,340,0,2,21,2,25,171,111,66,17,365,0,12,12,377
04/06/2006,JAX,FL,ASO,ES,Combined TRACON& Tower with Radar,169,113,52,11,345,0,0,8,1,9,169,113,60,12,354,0,0,0,354
04/07/2006,JAX,FL,ASO,ES,Combined TRACON& Tower with Radar,166,99,47,28,340,0,0,14,0,14,166,99,61,28,354,0,0,0,354
04/08/2006,JAX,FL,ASO,ES,Combined TRACON& Tower with Radar,142,65,22,18,247,0,1,2,2,5,142,66,24,20,252,0,0,0,252
04/09/2006,JAX,FL,ASO,ES,Combined TRACON& Tower with Radar,169,70,27,3,269,0,0,17,0,17,169,70,44,3,286,0,0,0,286
04/10/2006,JAX,FL,ASO,ES,Combined TRACON& Tower with Radar,164,86,33,0,283,0,0,13,0,13,164,86,46,0,296,0,0,0,296
04/11/2006,JAX,FL,ASO,ES,Combined TRACON& Tower with Radar,175,111,39,16,341,0,1,6,1,8,175,112,45,17,349,0,2,2,351
04/12/2006,JAX,FL,ASO,ES,Combined TRACON& Tower with Radar,170,104,56,19,349,0,0,9,0,9,170,104,65,19,358,0,0,0,358
04/13/2006,JAX,FL,ASO,ES,Combined TRACON& Tower with Radar,171,108,65,17,361,0,3,19,0,22,171,111,84,17,383,0,0,0,383
04/14/2006,JAX,FL,ASO,ES,Combined TRACON& Tower with Radar,166,108,28,13,315,0,0,5,1,6,166,108,33,14,321,0,0,0,321
04/15/2006,JAX,FL,ASO,ES,Combined TRACON& Tower with Radar,154,63,11,0,228,0,1,9,0,10,154,64,20,0,238,0,0,0,238
04/16/2006,JAX,FL,ASO,ES,Combined TRACON& Tower with Radar,149,66,20,0,235,0,0,12,0,12,149,66,32,0,247,0,0,0,247
04/17/2006,JAX,FL,ASO,ES,Combined TRACON& Tower with Radar,164,77,69,23,333,0,0,15,3,18,164,77,84,26,351,0,0,0,351
04/18/2006,JAX,FL,ASO,ES,Combined TRACON& Tower with Radar,169,111,53,25,358,0,0,6,0,6,169,111,59,25,364,0,0,0,364
04/19/2006,JAX,FL,ASO,ES,Combined TRACON& Tower with Radar,170,109,52,32,363,0,1,10,2,13,170,110,62,34,376,2,22,24,400
04/20/2006,JAX,FL,ASO,ES,Combined TRACON& Tower with Radar,179,126,79,25,409,0,1,11,3,15,179,127,90,28,424,0,18,18,442
04/21/2006,JAX,FL,ASO,ES,Combined TRACON& Tower with Radar,171,86,50,10,317,0,2,4,2,8,171,88,54,12,325,30,0,30,355
04/22/2006,JAX,FL,ASO,ES,Combined TRACON& Tower with Radar,159,66,18,3,246,0,1,0,1,2,159,67,18,4,248,0,0,0,248
04/23/2006,JAX,FL,ASO,ES,Combined TRACON& Tower with Radar,159,73,51,9,292,0,0,6,1,7,159,73,57,10,299,0,0,0,299
04/24/2006,JAX,FL,ASO,ES,Combined TRACON& Tower with Radar,166,87,32,10,295,0,0,14,1,15,166,87,46,11,310,0,0,0,310
04/25/2006,JAX,FL,ASO,ES,Combined TRACON& Tower with Radar,173,106,44,15,338,0,0,12,3,15,173,106,56,18,353,0,0,0,353
04/26/2006,JAX,FL,ASO,ES,Combined TRACON& Tower with Radar,177,105,52,12,346,0,1,8,0,9,177,106,60,12,355,0,0,0,355
04/27/2006,JAX,FL,ASO,ES,Combined TRACON& Tower with Radar,175,110,54,16,355,0,0,6,1,7,175,110,60,17,362,0,4,4,366
04/28/2006,JAX,FL,ASO,ES,Combined TRACON& Tower with Radar,171,107,50,24,352,0,0,13,2,15,171,107,63,26,367,0,0,0,367
04/29/2006,JAX,FL,ASO,ES,Combined TRACON& Tower with Radar,150,61,20,11,242,0,0,18,6,24,150,61,38,17,266,10,26,36,302
04/30/2006,JAX,FL,ASO,ES,Combined TRACON& Tower with Radar,153,65,19,2,239,0,0,11,0,11,153,65,30,2,250,0,0,0,250
05/01/2006,JAX,FL,ASO,ES,Combined TRACON& Tower with Radar,162,74,34,27,297,0,0,4,1,5,162,74,38,28,302,6,12,18,320
05/02/2006,JAX,FL,ASO,ES,Combined TRACON& Tower with Radar,170,97,53,24,344,0,0,15,2,17,170,97,68,26,361,16,26,42,403
05/03/2006,JAX,FL,ASO,ES,Combined TRACON& Tower with Radar,172,111,46,24,353,0,2,10,1,13,172,113,56,25,366,6,20,26,392
05/04/2006,JAX,FL,ASO,ES,Combined TRACON& Tower with Radar,173,111,50,15,349,0,0,8,0,8,173,111,58,15,357,0,0,0,357
05/05/2006,JAX,FL,ASO,ES,Combined TRACON& Tower with Radar,163,103,43,12,321,0,2,13,1,16,163,105,56,13,337,0,0,0,337
05/06/2006,JAX,FL,ASO,ES,Combined TRACON& Tower with Radar,142,61,25,15,243,0,0,14,1,15,142,61,39,16,258,0,0,0,258
05/07/2006,JAX,FL,ASO,ES,Combined TRACON& Tower with Radar,157,63,34,9,263,0,0,10,1,11,157,63,44,10,274,0,0,0,274
05/08/2006,JAX,FL,ASO,ES,Combined TRACON& Tower with Radar,159,84,35,2,280,0,0,3,1,4,159,84,38,3,284,0,0,0,284
05/09/2006,JAX,FL,ASO,ES,Combined TRACON& Tower with Radar,166,99,70,17,352,0,0,7,1,8,166,99,77,18,360,0,0,0,360
05/10/2006,JAX,FL,ASO,ES,Combined TRACON& Tower with Radar,171,108,57,29,365,0,0,5,4,9,171,108,62,33,374,4,8,12,386
05/11/2006,JAX,FL,ASO,ES,Combined TRACON& Tower with Radar,177,100,60,12,349,0,1,6,1,8,177,101,66,13,357,0,0,0,357
05/12/2006,JAX,FL,ASO,ES,Combined TRACON& Tower with Radar,168,104,37,27,336,0,0,17,4,21,168,104,54,31,357,0,60,60,417
05/13/2006,JAX,FL,ASO,ES,Combined TRACON& Tower with Radar,150,56,27,0,233,0,0,16,0,16,150,56,43,0,249,0,0,0,249
05/14/2006,JAX,FL,ASO,ES,Combined TRACON& Tower with Radar,155,62,14,2,233,0,0,12,1,13,155,62,26,3,246,0,0,0,246
05/15/2006,JAX,FL,ASO,ES,Combined TRACON& Tower with Radar,165,75,41,10,291,0,0,6,1,7,165,75,47,11,298,0,0,0,298
05/16/2006,JAX,FL,ASO,ES,Combined TRACON& Tower with Radar,183,120,40,26,369,0,0,2,2,4,183,120,42,28,373,0,0,0,373
05/17/2006,JAX,FL,ASO,ES,Combined TRACON& Tower with Radar,177,107,53,30,367,0,0,6,1,7,177,107,59,31,374,0,0,0,374
05/18/2006,JAX,FL,ASO,ES,Combined TRACON& Tower with Radar,170,112,57,19,358,0,1,14,4,19,170,113,71,23,377,0,0,0,377
05/19/2006,JAX,FL,ASO,ES,Combined TRACON& Tower with Radar,170,105,35,22,332,0,0,9,1,10,170,105,44,23,342,0,0,0,342
05/20/2006,JAX,FL,ASO,ES,Combined TRACON& Tower with Radar,150,54,18,2,224,0,0,10,0,10,150,54,28,2,234,0,0,0,234
05/21/2006,JAX,FL,ASO,ES,Combined TRACON& Tower with Radar,155,70,31,3,259,0,0,8,0,8,155,70,39,3,267,0,0,0,267
05/22/2006,JAX,FL,ASO,ES,Combined TRACON& Tower with Radar,160,82,30,6,278,1,2,10,2,15,161,84,40,8,293,0,12,12,305
05/23/2006,JAX,FL,ASO,ES,Combined TRACON& Tower with Radar,173,95,31,24,323,0,0,11,5,16,173,95,42,29,339,6,12,18,357
05/24/2006,JAX,FL,ASO,ES,Combined TRACON& Tower with Radar,174,95,42,11,322,0,0,9,1,10,174,95,51,12,332,4,8,12,344
05/25/2006,JAX,FL,ASO,ES,Combined TRACON& Tower with Radar,170,94,48,18,330,0,0,10,6,16,170,94,58,24,346,0,0,0,346
05/26/2006,JAX,FL,ASO,ES,Combined TRACON& Tower with Radar,178,92,36,11,317,0,0,12,0,12,178,92,48,11,329,0,0,0,329
05/27/2006,JAX,FL,ASO,ES,Combined TRACON& Tower with Radar,146,59,22,2,229,0,0,4,0,4,146,59,26,2,233,0,0,0,233
05/28/2006,JAX,FL,ASO,ES,Combined TRACON& Tower with Radar,137,47,16,0,200,0,1,5,0,6,137,48,21,0,206,0,0,0,206
05/29/2006,JAX,FL,ASO,ES,Combined TRACON& Tower with Radar,138,65,14,0,217,0,0,5,1,6,138,65,19,1,223,0,0,0,223
05/30/2006,JAX,FL,ASO,ES,Combined TRACON& Tower with Radar,160,75,55,13,303,0,0,14,1,15,160,75,69,14,318,0,0,0,318
05/31/2006,JAX,FL,ASO,ES,Combined TRACON& Tower with Radar,167,98,52,15,332,0,2,5,2,9,167,100,57,17,341,0,0,0,341
06/01/2006,JAX,FL,ASO,ES,Combined TRACON& Tower with Radar,169,121,50,8,348,0,2,5,2,9,169,123,55,10,357,0,32,32,389
06/02/2006,JAX,FL,ASO,ES,Combined TRACON& Tower with Radar,159,91,25,21,296,0,0,8,0,8,159,91,33,21,304,0,0,0,304
06/03/2006,JAX,FL,ASO,ES,Combined TRACON& Tower with Radar,146,60,29,2,237,0,0,10,0,10,146,60,39,2,247,22,0,22,269
06/04/2006,JAX,FL,ASO,ES,Combined TRACON& Tower with Radar,151,64,26,4,245,0,0,12,0,12,151,64,38,4,257,0,0,0,257
06/05/2006,JAX,FL,ASO,ES,Combined TRACON& Tower with Radar,162,76,16,5,259,1,0,8,0,9,163,76,24,5,268,0,0,0,268
06/06/2006,JAX,FL,ASO,ES,Combined TRACON& Tower with Radar,166,102,46,11,325,0,1,15,5,21,166,103,61,16,346,0,32,32,378
06/07/2006,JAX,FL,ASO,ES,Combined TRACON& Tower with Radar,165,94,62,4,325,0,1,12,6,19,165,95,74,10,344,0,0,0,344
06/08/2006,JAX,FL,ASO,ES,Combined TRACON& Tower with Radar,166,121,35,17,339,0,1,6,3,10,166,122,41,20,349,4,28,32,381
06/09/2006,JAX,FL,ASO,ES,Combined TRACON& Tower with Radar,167,89,31,1,288,0,0,16,0,16,167,89,47,1,304,12,0,12,316
06/10/2006,JAX,FL,ASO,ES,Combined TRACON& Tower with Radar,143,63,29,11,246,0,1,7,0,8,143,64,36,11,254,0,0,0,254
06/11/2006,JAX,FL,ASO,ES,Combined TRACON& Tower with Radar,147,74,32,2,255,0,1,6,0,7,147,75,38,2,262,0,0,0,262
06/12/2006,JAX,FL,ASO,ES,Combined TRACON& Tower with Radar,159,89,26,2,276,0,0,0,0,0,159,89,26,2,276,0,0,0,276
06/13/2006,JAX,FL,ASO,ES,Combined TRACON& Tower with Radar,170,93,21,1,285,0,2,0,0,2,170,95,21,1,287,2,0,2,289
06/14/2006,JAX,FL,ASO,ES,Combined TRACON& Tower with Radar,171,109,47,1,328,0,0,3,0,3,171,109,50,1,331,0,0,0,331
06/15/2006,JAX,FL,ASO,ES,Combined TRACON& Tower with Radar,172,105,70,13,360,0,0,8,0,8,172,105,78,13,368,0,0,0,368
06/16/2006,JAX,FL,ASO,ES,Combined TRACON& Tower with Radar,173,98,41,37,349,0,2,13,1,16,173,100,54,38,365,46,0,46,411
06/17/2006,JAX,FL,ASO,ES,Combined TRACON& Tower with Radar,145,56,36,1,238,0,0,13,2,15,145,56,49,3,253,0,0,0,253
06/18/2006,JAX,FL,ASO,ES,Combined TRACON& Tower with Radar,153,69,15,7,244,0,0,4,0,4,153,69,19,7,248,0,0,0,248
06/19/2006,JAX,FL,ASO,ES,Combined TRACON& Tower with Radar,162,75,33,8,278,0,1,5,0,6,162,76,38,8,284,0,0,0,284
06/20/2006,JAX,FL,ASO,ES,Combined TRACON& Tower with Radar,179,95,45,16,335,0,0,7,1,8,179,95,52,17,343,0,12,12,355
06/21/2006,JAX,FL,ASO,ES,Combined TRACON& Tower with Radar,173,104,77,22,376,0,0,20,2,22,173,104,97,24,398,8,0,8,406
06/22/2006,JAX,FL,ASO,ES,Combined TRACON& Tower with Radar,178,104,55,23,360,1,0,5,1,7,179,104,60,24,367,0,0,0,367
06/23/2006,JAX,FL,ASO,ES,Combined TRACON& Tower with Radar,175,92,33,26,326,0,2,8,4,14,175,94,41,30,340,0,0,0,340
06/24/2006,JAX,FL,ASO,ES,Combined TRACON& Tower with Radar,142,54,19,12,227,0,1,8,5,14,142,55,27,17,241,2,18,20,261
06/25/2006,JAX,FL,ASO,ES,Combined TRACON& Tower with Radar,151,73,26,3,253,0,0,1,0,1,151,73,27,3,254,0,0,0,254
06/26/2006,JAX,FL,ASO,ES,Combined TRACON& Tower with Radar,169,72,26,13,280,0,0,2,0,2,169,72,28,13,282,0,0,0,282
06/27/2006,JAX,FL,ASO,ES,Combined TRACON& Tower with Radar,180,99,46,11,336,0,0,4,1,5,180,99,50,12,341,0,0,0,341
06/28/2006,JAX,FL,ASO,ES,Combined TRACON& Tower with Radar,174,110,46,18,348,0,0,8,6,14,174,110,54,24,362,0,32,32,394
06/29/2006,JAX,FL,ASO,ES,Combined TRACON& Tower with Radar,173,108,35,23,339,0,0,21,2,23,173,108,56,25,362,28,2,30,392
06/30/2006,JAX,FL,ASO,ES,Combined TRACON& Tower with Radar,175,102,43,3,323,0,1,7,1,9,175,103,50,4,332,0,0,0,332
07/01/2006,JAX,FL,ASO,ES,Combined TRACON& Tower with Radar,150,64,12,0,226,0,2,8,0,10,150,66,20,0,236,0,6,6,242
07/02/2006,JAX,FL,ASO,ES,Combined TRACON& Tower with Radar,152,73,19,0,244,0,0,9,0,9,152,73,28,0,253,8,0,8,261
07/03/2006,JAX,FL,ASO,ES,Combined TRACON& Tower with Radar,154,61,17,0,232,0,1,10,0,11,154,62,27,0,243,0,0,0,243
07/04/2006,JAX,FL,ASO,ES,Combined TRACON& Tower with Radar,150,61,23,0,234,0,0,6,0,6,150,61,29,0,240,0,0,0,240
07/05/2006,JAX,FL,ASO,ES,Combined TRACON& Tower with Radar,167,71,30,16,284,0,1,10,5,16,167,72,40,21,300,16,50,66,366
07/06/2006,JAX,FL,ASO,ES,Combined TRACON& Tower with Radar,176,100,31,11,318,0,1,8,3,12,176,101,39,14,330,0,56,56,386
07/07/2006,JAX,FL,ASO,ES,Combined TRACON& Tower with Radar,179,92,33,16,320,0,0,1,0,1,179,92,34,16,321,0,2,2,323
07/08/2006,JAX,FL,ASO,ES,Combined TRACON& Tower with Radar,145,64,13,3,225,0,0,4,2,6,145,64,17,5,231,0,0,0,231
07/09/2006,JAX,FL,ASO,ES,Combined TRACON& Tower with Radar,155,62,17,5,239,0,0,12,4,16,155,62,29,9,255,0,0,0,255
07/10/2006,JAX,FL,ASO,ES,Combined TRACON& Tower with Radar,161,79,25,10,275,0,0,5,4,9,161,79,30,14,284,0,0,0,284
07/11/2006,JAX,FL,ASO,ES,Combined TRACON& Tower with Radar,171,100,38,15,324,0,1,3,3,7,171,101,41,18,331,0,28,28,359
07/12/2006,JAX,FL,ASO,ES,Combined TRACON& Tower with Radar,183,106,42,11,342,0,3,18,4,25,183,109,60,15,367,0,76,76,443
07/13/2006,JAX,FL,ASO,ES,Combined TRACON& Tower with Radar,173,102,35,13,323,0,1,5,1,7,173,103,40,14,330,0,16,16,346
07/14/2006,JAX,FL,ASO,ES,Combined TRACON& Tower with Radar,174,94,51,7,326,0,0,22,1,23,174,94,73,8,349,0,0,0,349
07/15/2006,JAX,FL,ASO,ES,Combined TRACON& Tower with Radar,147,56,16,24,243,0,1,2,2,5,147,57,18,26,248,0,0,0,248
07/16/2006,JAX,FL,ASO,ES,Combined TRACON& Tower with Radar,148,68,16,1,233,0,1,13,0,14,148,69,29,1,247,0,0,0,247
07/17/2006,JAX,FL,ASO,ES,Combined TRACON& Tower with Radar,182,86,37,1,306,0,0,13,1,14,182,86,50,2,320,0,0,0,320
07/18/2006,JAX,FL,ASO,ES,Combined TRACON& Tower with Radar,172,113,39,4,328,0,0,7,0,7,172,113,46,4,335,0,0,0,335
07/19/2006,JAX,FL,ASO,ES,Combined TRACON& Tower with Radar,175,101,60,24,360,0,0,7,5,12,175,101,67,29,372,0,44,44,416
07/20/2006,JAX,FL,ASO,ES,Combined TRACON& Tower with Radar,171,105,53,18,347,0,1,14,1,16,171,106,67,19,363,0,0,0,363
07/21/2006,JAX,FL,ASO,ES,Combined TRACON& Tower with Radar,169,87,32,17,305,0,1,6,1,8,169,88,38,18,313,0,0,0,313
07/22/2006,JAX,FL,ASO,ES,Combined TRACON& Tower with Radar,145,63,18,0,226,0,0,10,1,11,145,63,28,1,237,0,0,0,237
07/23/2006,JAX,FL,ASO,ES,Combined TRACON& Tower with Radar,153,71,27,3,254,0,1,7,0,8,153,72,34,3,262,0,0,0,262
07/24/2006,JAX,FL,ASO,ES,Combined TRACON& Tower with Radar,162,73,41,15,291,0,0,4,0,4,162,73,45,15,295,0,0,0,295
07/25/2006,JAX,FL,ASO,ES,Combined TRACON& Tower with Radar,176,102,41,12,331,0,1,2,3,6,176,103,43,15,337,0,0,0,337
07/26/2006,JAX,FL,ASO,ES,Combined TRACON& Tower with Radar,177,104,43,33,357,0,0,9,5,14,177,104,52,38,371,0,28,28,399
07/27/2006,JAX,FL,ASO,ES,Combined TRACON& Tower with Radar,175,99,24,19,317,0,1,11,0,12,175,100,35,19,329,2,6,8,337
07/28/2006,JAX,FL,ASO,ES,Combined TRACON& Tower with Radar,170,94,23,2,289,0,2,13,3,18,170,96,36,5,307,0,20,20,327
07/29/2006,JAX,FL,ASO,ES,Combined TRACON& Tower with Radar,149,62,18,4,233,0,0,5,0,5,149,62,23,4,238,0,0,0,238
07/30/2006,JAX,FL,ASO,ES,Combined TRACON& Tower with Radar,151,75,20,4,250,0,0,5,2,7,151,75,25,6,257,0,0,0,257
07/31/2006,JAX,FL,ASO,ES,Combined TRACON& Tower with Radar,165,74,27,1,267,0,0,10,2,12,165,74,37,3,279,0,0,0,279
08/01/2006,JAX,FL,ASO,ES,Combined TRACON& Tower with Radar,176,107,38,13,334,0,1,13,4,18,176,108,51,17,352,0,52,52,404
08/02/2006,JAX,FL,ASO,ES,Combined TRACON& Tower with Radar,181,98,35,25,339,0,1,8,6,15,181,99,43,31,354,0,41,41,395
08/03/2006,JAX,FL,ASO,ES,Combined TRACON& Tower with Radar,171,99,44,16,330,0,0,13,5,18,171,99,57,21,348,0,14,14,362
08/04/2006,JAX,FL,ASO,ES,Combined TRACON& Tower with Radar,178,93,32,15,318,0,0,7,1,8,178,93,39,16,326,0,8,8,334
08/05/2006,JAX,FL,ASO,ES,Combined TRACON& Tower with Radar,153,58,11,2,224,0,0,3,0,3,153,58,14,2,227,0,0,0,227
08/06/2006,JAX,FL,ASO,ES,Combined TRACON& Tower with Radar,151,64,24,3,242,0,2,8,0,10,151,66,32,3,252,0,0,0,252
08/07/2006,JAX,FL,ASO,ES,Combined TRACON& Tower with Radar,167,74,34,11,286,0,0,6,2,8,167,74,40,13,294,0,0,0,294
08/08/2006,JAX,FL,ASO,ES,Combined TRACON& Tower with Radar,179,108,37,10,334,0,0,4,0,4,179,108,41,10,338,0,0,0,338
08/09/2006,JAX,FL,ASO,ES,Combined TRACON& Tower with Radar,174,98,24,10,306,0,0,15,1,16,174,98,39,11,322,0,0,0,322
08/10/2006,JAX,FL,ASO,ES,Combined TRACON& Tower with Radar,169,100,44,14,327,0,0,6,8,14,169,100,50,22,341,0,10,10,351
08/11/2006,JAX,FL,ASO,ES,Combined TRACON& Tower with Radar,187,91,18,11,307,0,1,14,0,15,187,92,32,11,322,0,0,0,322
08/12/2006,JAX,FL,ASO,ES,Combined TRACON& Tower with Radar,143,63,17,18,241,0,0,10,2,12,143,63,27,20,253,0,0,0,253
08/13/2006,JAX,FL,ASO,ES,Combined TRACON& Tower with Radar,153,74,24,7,258,0,0,1,0,1,153,74,25,7,259,0,0,0,259
08/14/2006,JAX,FL,ASO,ES,Combined TRACON& Tower with Radar,164,64,47,3,278,0,0,5,0,5,164,64,52,3,283,0,0,0,283
08/15/2006,JAX,FL,ASO,ES,Combined TRACON& Tower with Radar,171,100,35,11,317,0,0,5,3,8,171,100,40,14,325,0,0,0,325
08/16/2006,JAX,FL,ASO,ES,Combined TRACON& Tower with Radar,179,104,46,25,354,0,0,11,2,13,179,104,57,27,367,4,24,28,395
08/17/2006,JAX,FL,ASO,ES,Combined TRACON& Tower with Radar,176,121,33,16,346,0,0,12,2,14,176,121,45,18,360,0,10,10,370
08/18/2006,JAX,FL,ASO,ES,Combined TRACON& Tower with Radar,172,98,47,28,345,0,1,5,2,8,172,99,52,30,353,0,0,0,353
08/19/2006,JAX,FL,ASO,ES,Combined TRACON& Tower with Radar,148,63,18,2,231,0,0,3,0,3,148,63,21,2,234,0,0,0,234
08/20/2006,JAX,FL,ASO,ES,Combined TRACON& Tower with Radar,153,66,25,15,259,0,0,9,2,11,153,66,34,17,270,0,0,0,270
08/21/2006,JAX,FL,ASO,ES,Combined TRACON& Tower with Radar,165,75,30,14,284,0,1,12,4,17,165,76,42,18,301,0,0,0,301
08/22/2006,JAX,FL,ASO,ES,Combined TRACON& Tower with Radar,176,98,49,22,345,0,1,11,1,13,176,99,60,23,358,0,0,0,358
08/23/2006,JAX,FL,ASO,ES,Combined TRACON& Tower with Radar,173,103,41,21,338,0,0,7,0,7,173,103,48,21,345,0,0,0,345
08/24/2006,JAX,FL,ASO,ES,Combined TRACON& Tower with Radar,175,105,39,22,341,0,1,11,0,12,175,106,50,22,353,0,0,0,353
08/25/2006,JAX,FL,ASO,ES,Combined TRACON& Tower with Radar,175,105,36,3,319,0,0,6,1,7,175,105,42,4,326,4,4,8,334
08/26/2006,JAX,FL,ASO,ES,Combined TRACON& Tower with Radar,143,62,17,0,222,0,0,4,0,4,143,62,21,0,226,0,0,0,226
08/27/2006,JAX,FL,ASO,ES,Combined TRACON& Tower with Radar,153,86,24,0,263,0,0,6,0,6,153,86,30,0,269,0,0,0,269
08/28/2006,JAX,FL,ASO,ES,Combined TRACON& Tower with Radar,161,82,21,3,267,0,0,3,2,5,161,82,24,5,272,0,0,0,272
08/29/2006,JAX,FL,ASO,ES,Combined TRACON& Tower with Radar,163,97,41,14,315,0,2,17,1,20,163,99,58,15,335,0,10,10,345
08/30/2006,JAX,FL,ASO,ES,Combined TRACON& Tower with Radar,140,60,15,7,222,1,1,0,1,3,141,61,15,8,225,0,0,0,225
08/31/2006,JAX,FL,ASO,ES,Combined TRACON& Tower with Radar,176,94,30,6,306,0,0,16,1,17,176,94,46,7,323,0,4,4,327
09/01/2006,JAX,FL,ASO,ES,Combined TRACON& Tower with Radar,180,90,39,5,314,0,1,14,1,16,180,91,53,6,330,10,0,10,340
09/02/2006,JAX,FL,ASO,ES,Combined TRACON& Tower with Radar,141,62,20,2,225,0,0,5,0,5,141,62,25,2,230,0,0,0,230
09/03/2006,JAX,FL,ASO,ES,Combined TRACON& Tower with Radar,133,55,11,1,200,0,0,1,0,1,133,55,12,1,201,0,0,0,201
09/04/2006,JAX,FL,ASO,ES,Combined TRACON& Tower with Radar,149,69,23,2,243,0,0,4,0,4,149,69,27,2,247,0,0,0,247
09/05/2006,JAX,FL,ASO,ES,Combined TRACON& Tower with Radar,167,77,28,18,290,0,0,10,3,13,167,77,38,21,303,4,8,12,315
09/06/2006,JAX,FL,ASO,ES,Combined TRACON& Tower with Radar,161,105,45,8,319,0,0,4,4,8,161,105,49,12,327,0,60,60,387
09/07/2006,JAX,FL,ASO,ES,Combined TRACON& Tower with Radar,170,120,35,9,334,0,0,2,0,2,170,120,37,9,336,0,0,0,336
09/08/2006,JAX,FL,ASO,ES,Combined TRACON& Tower with Radar,171,126,24,5,326,0,1,10,0,11,171,127,34,5,337,10,0,10,347
09/09/2006,JAX,FL,ASO,ES,Combined TRACON& Tower with Radar,140,68,25,11,244,0,0,10,1,11,140,68,35,12,255,0,0,0,255
09/10/2006,JAX,FL,ASO,ES,Combined TRACON& Tower with Radar,144,73,26,7,250,0,0,7,3,10,144,73,33,10,260,0,0,0,260
09/11/2006,JAX,FL,ASO,ES,Combined TRACON& Tower with Radar,157,85,29,6,277,0,0,6,2,8,157,85,35,8,285,0,0,0,285
09/12/2006,JAX,FL,ASO,ES,Combined TRACON& Tower with Radar,164,118,37,22,341,0,1,7,6,14,164,119,44,28,355,0,32,32,387
09/13/2006,JAX,FL,ASO,ES,Combined TRACON& Tower with Radar,161,110,36,19,326,0,0,6,0,6,161,110,42,19,332,0,0,0,332
09/14/2006,JAX,FL,ASO,ES,Combined TRACON& Tower with Radar,164,127,36,10,337,0,1,4,4,9,164,128,40,14,346,0,47,47,393
09/15/2006,JAX,FL,ASO,ES,Combined TRACON& Tower with Radar,163,107,48,9,327,0,1,13,0,14,163,108,61,9,341,6,0,6,347
09/16/2006,JAX,FL,ASO,ES,Combined TRACON& Tower with Radar,142,70,22,3,237,0,0,7,1,8,142,70,29,4,245,0,0,0,245
09/17/2006,JAX,FL,ASO,ES,Combined TRACON& Tower with Radar,139,69,21,1,230,0,0,6,0,6,139,69,27,1,236,0,0,0,236
09/18/2006,JAX,FL,ASO,ES,Combined TRACON& Tower with Radar,157,96,33,19,305,0,0,6,1,7,157,96,39,20,312,2,26,28,340
09/19/2006,JAX,FL,ASO,ES,Combined TRACON& Tower with Radar,180,124,43,13,360,0,0,4,2,6,180,124,47,15,366,0,0,0,366
09/20/2006,JAX,FL,ASO,ES,Combined TRACON& Tower with Radar,169,118,47,10,344,0,1,19,1,21,169,119,66,11,365,4,26,30,395
09/21/2006,JAX,FL,ASO,ES,Combined TRACON& Tower with Radar,163,127,42,15,347,0,1,9,4,14,163,128,51,19,361,6,8,14,375
09/22/2006,JAX,FL,ASO,ES,Combined TRACON& Tower with Radar,157,106,21,9,293,0,0,7,1,8,157,106,28,10,301,0,0,0,301
09/23/2006,JAX,FL,ASO,ES,Combined TRACON& Tower with Radar,141,69,16,11,237,0,0,6,0,6,141,69,22,11,243,0,0,0,243
09/24/2006,JAX,FL,ASO,ES,Combined TRACON& Tower with Radar,157,78,18,0,253,0,1,13,0,14,157,79,31,0,267,0,0,0,267
09/25/2006,JAX,FL,ASO,ES,Combined TRACON& Tower with Radar,158,95,38,6,297,0,0,9,0,9,158,95,47,6,306,0,0,0,306
09/26/2006,JAX,FL,ASO,ES,Combined TRACON& Tower with Radar,164,113,28,18,323,0,1,7,1,9,164,114,35,19,332,0,0,0,332
09/27/2006,JAX,FL,ASO,ES,Combined TRACON& Tower with Radar,161,113,54,12,340,0,0,7,0,7,161,113,61,12,347,4,0,4,351
09/28/2006,JAX,FL,ASO,ES,Combined TRACON& Tower with Radar,167,128,38,19,352,0,0,12,0,12,167,128,50,19,364,0,0,0,364
09/29/2006,JAX,FL,ASO,ES,Combined TRACON& Tower with Radar,164,110,35,9,318,0,0,15,0,15,164,110,50,9,333,0,0,0,333
09/30/2006,JAX,FL,ASO,ES,Combined TRACON& Tower with Radar,136,64,22,0,222,0,0,9,0,9,136,64,31,0,231,0,0,0,231
10/01/2006,JAX,FL,ASO,ES,Combined TRACON& Tower with Radar,153,74,16,0,243,0,1,5,0,6,153,75,21,0,249,0,0,0,249
10/02/2006,JAX,FL,ASO,ES,Combined TRACON& Tower with Radar,156,100,27,20,303,0,3,9,5,17,156,103,36,25,320,12,24,36,356
10/03/2006,JAX,FL,ASO,ES,Combined TRACON& Tower with Radar,164,121,47,24,356,0,0,7,5,12,164,121,54,29,368,0,20,20,388
10/04/2006,JAX,FL,ASO,ES,Combined TRACON& Tower with Radar,165,118,47,17,347,0,0,18,5,23,165,118,65,22,370,0,26,26,396
10/05/2006,JAX,FL,ASO,ES,Combined TRACON& Tower with Radar,170,127,60,19,376,0,0,9,8,17,170,127,69,27,393,0,20,20,413
10/06/2006,JAX,FL,ASO,ES,Combined TRACON& Tower with Radar,164,114,43,12,333,0,2,11,5,18,164,116,54,17,351,12,0,12,363
10/07/2006,JAX,FL,ASO,ES,Combined TRACON& Tower with Radar,146,75,14,2,237,0,0,13,3,16,146,75,27,5,253,0,0,0,253
10/08/2006,JAX,FL,ASO,ES,Combined TRACON& Tower with Radar,161,78,29,0,268,0,0,13,5,18,161,78,42,5,286,0,0,0,286
10/09/2006,JAX,FL,ASO,ES,Combined TRACON& Tower with Radar,168,88,29,3,288,0,0,6,0,6,168,88,35,3,294,0,0,0,294
10/10/2006,JAX,FL,ASO,ES,Combined TRACON& Tower with Radar,171,94,43,15,323,0,0,11,2,13,171,94,54,17,336,0,12,12,348
10/11/2006,JAX,FL,ASO,ES,Combined TRACON& Tower with Radar,166,116,40,14,336,0,0,17,3,20,166,116,57,17,356,0,4,4,360
10/12/2006,JAX,FL,ASO,ES,Combined TRACON& Tower with Radar,188,117,34,16,355,0,1,15,4,20,188,118,49,20,375,0,70,70,445
10/13/2006,JAX,FL,ASO,ES,Combined TRACON& Tower with Radar,174,120,31,32,357,0,0,8,2,10,174,120,39,34,367,0,4,4,371
10/14/2006,JAX,FL,ASO,ES,Combined TRACON& Tower with Radar,143,72,15,6,236,0,3,19,0,22,143,75,34,6,258,0,0,0,258
10/15/2006,JAX,FL,ASO,ES,Combined TRACON& Tower with Radar,148,73,29,6,256,0,0,9,0,9,148,73,38,6,265,0,0,0,265
10/16/2006,JAX,FL,ASO,ES,Combined TRACON& Tower with Radar,153,86,36,12,287,0,0,14,7,21,153,86,50,19,308,0,12,12,320
10/17/2006,JAX,FL,ASO,ES,Combined TRACON& Tower with Radar,170,122,50,26,368,0,0,3,2,5,170,122,53,28,373,0,24,24,397
10/18/2006,JAX,FL,ASO,ES,Combined TRACON& Tower with Radar,166,116,52,9,343,0,0,4,4,8,166,116,56,13,351,1,12,13,364
10/19/2006,JAX,FL,ASO,ES,Combined TRACON& Tower with Radar,167,126,64,11,368,0,0,18,4,22,167,126,82,15,390,0,0,0,390
10/20/2006,JAX,FL,ASO,ES,Combined TRACON& Tower with Radar,169,117,31,9,326,0,0,8,5,13,169,117,39,14,339,0,0,0,339
10/21/2006,JAX,FL,ASO,ES,Combined TRACON& Tower with Radar,153,73,27,10,263,0,0,10,6,16,153,73,37,16,279,4,0,4,283
10/22/2006,JAX,FL,ASO,ES,Combined TRACON& Tower with Radar,156,79,26,2,263,0,1,17,0,18,156,80,43,2,281,0,0,0,281
10/23/2006,JAX,FL,ASO,ES,Combined TRACON& Tower with Radar,169,94,22,11,296,0,1,4,3,8,169,95,26,14,304,0,18,18,322
10/24/2006,JAX,FL,ASO,ES,Combined TRACON& Tower with Radar,189,126,41,17,373,0,0,7,3,10,189,126,48,20,383,2,20,22,405
10/25/2006,JAX,FL,ASO,ES,Combined TRACON& Tower with Radar,177,120,69,13,379,0,3,15,4,22,177,123,84,17,401,0,30,30,431
10/26/2006,JAX,FL,ASO,ES,Combined TRACON& Tower with Radar,180,131,51,27,389,1,2,11,1,15,181,133,62,28,404,0,0,0,404
10/27/2006,JAX,FL,ASO,ES,Combined TRACON& Tower with Radar,171,112,50,17,350,0,0,5,0,5,171,112,55,17,355,0,0,0,355
10/28/2006,JAX,FL,ASO,ES,Combined TRACON& Tower with Radar,156,67,47,10,280,0,0,2,0,2,156,67,49,10,282,0,0,0,282
10/29/2006,JAX,FL,ASO,ES,Combined TRACON& Tower with Radar,156,70,32,2,260,0,0,11,0,11,156,70,43,2,271,0,0,0,271
10/30/2006,JAX,FL,ASO,ES,Combined TRACON& Tower with Radar,160,95,34,21,310,0,1,9,3,13,160,96,43,24,323,0,0,0,323
10/31/2006,JAX,FL,ASO,ES,Combined TRACON& Tower with Radar,173,117,31,8,329,0,3,5,0,8,173,120,36,8,337,0,6,6,343
11/01/2006,JAX,FL,ASO,ES,Combined TRACON& Tower with Radar,176,112,45,24,357,0,0,14,1,15,176,112,59,25,372,40,0,40,412
11/02/2006,JAX,FL,ASO,ES,Combined TRACON& Tower with Radar,176,121,48,16,361,0,0,12,2,14,176,121,60,18,375,0,0,0,375
11/03/2006,JAX,FL,ASO,ES,Combined TRACON& Tower with Radar,175,106,56,23,360,0,0,9,4,13,175,106,65,27,373,0,0,0,373
11/04/2006,JAX,FL,ASO,ES,Combined TRACON& Tower with Radar,151,63,21,4,239,0,1,3,3,7,151,64,24,7,246,0,0,0,246
11/05/2006,JAX,FL,ASO,ES,Combined TRACON& Tower with Radar,165,81,34,8,288,0,1,5,1,7,165,82,39,9,295,0,0,0,295
11/06/2006,JAX,FL,ASO,ES,Combined TRACON& Tower with Radar,175,96,47,0,318,0,0,4,1,5,175,96,51,1,323,0,8,8,331
11/07/2006,JAX,FL,ASO,ES,Combined TRACON& Tower with Radar,179,123,38,10,350,0,0,2,0,2,179,123,40,10,352,0,0,0,352
11/08/2006,JAX,FL,ASO,ES,Combined TRACON& Tower with Radar,177,119,43,13,352,0,0,3,4,7,177,119,46,17,359,0,0,0,359
11/09/2006,JAX,FL,ASO,ES,Combined TRACON& Tower with Radar,175,118,48,11,352,0,1,11,6,18,175,119,59,17,370,8,72,80,450
11/10/2006,JAX,FL,ASO,ES,Combined TRACON& Tower with Radar,165,121,46,2,334,0,1,6,0,7,165,122,52,2,341,0,0,0,341
11/11/2006,JAX,FL,ASO,ES,Combined TRACON& Tower with Radar,145,64,16,0,225,0,1,12,0,13,145,65,28,0,238,0,0,0,238
11/12/2006,JAX,FL,ASO,ES,Combined TRACON& Tower with Radar,155,77,37,2,271,0,1,9,0,10,155,78,46,2,281,0,0,0,281
11/13/2006,JAX,FL,ASO,ES,Combined TRACON& Tower with Radar,167,88,44,21,320,0,0,12,3,15,167,88,56,24,335,0,18,18,353
11/14/2006,JAX,FL,ASO,ES,Combined TRACON& Tower with Radar,180,126,70,13,389,0,0,9,1,10,180,126,79,14,399,0,0,0,399
11/15/2006,JAX,FL,ASO,ES,Combined TRACON& Tower with Radar,167,134,57,23,381,0,2,5,1,8,167,136,62,24,389,0,0,0,389
11/16/2006,JAX,FL,ASO,ES,Combined TRACON& Tower with Radar,178,120,52,23,373,0,1,5,3,9,178,121,57,26,382,0,38,38,420
11/17/2006,JAX,FL,ASO,ES,Combined TRACON& Tower with Radar,181,117,40,21,359,0,0,8,3,11,181,117,48,24,370,0,0,0,370
11/18/2006,JAX,FL,ASO,ES,Combined TRACON& Tower with Radar,146,69,25,20,260,0,0,6,1,7,146,69,31,21,267,0,0,0,267
11/19/2006,JAX,FL,ASO,ES,Combined TRACON& Tower with Radar,159,64,27,25,275,0,0,6,2,8,159,64,33,27,283,0,0,0,283
11/20/2006,JAX,FL,ASO,ES,Combined TRACON& Tower with Radar,171,107,50,6,334,0,0,8,0,8,171,107,58,6,342,0,24,24,366
11/21/2006,JAX,FL,ASO,ES,Combined TRACON& Tower with Radar,178,146,58,14,396,0,1,1,4,6,178,147,59,18,402,0,0,0,402
11/22/2006,JAX,FL,ASO,ES,Combined TRACON& Tower with Radar,178,122,38,9,347,0,0,3,1,4,178,122,41,10,351,0,2,2,353
11/23/2006,JAX,FL,ASO,ES,Combined TRACON& Tower with Radar,139,79,5,0,223,0,0,4,0,4,139,79,9,0,227,0,0,0,227
11/24/2006,JAX,FL,ASO,ES,Combined TRACON& Tower with Radar,141,66,9,0,216,0,0,1,0,1,141,66,10,0,217,0,0,0,217
11/25/2006,JAX,FL,ASO,ES,Combined TRACON& Tower with Radar,147,69,32,2,250,0,0,7,1,8,147,69,39,3,258,0,0,0,258
11/26/2006,JAX,FL,ASO,ES,Combined TRACON& Tower with Radar,162,87,41,0,290,0,0,11,0,11,162,87,52,0,301,0,0,0,301
11/27/2006,JAX,FL,ASO,ES,Combined TRACON& Tower with Radar,165,92,27,14,298,0,0,2,2,4,165,92,29,16,302,0,0,0,302
11/28/2006,JAX,FL,ASO,ES,Combined TRACON& Tower with Radar,180,118,38,9,345,0,0,9,1,10,180,118,47,10,355,0,0,0,355
11/29/2006,JAX,FL,ASO,ES,Combined TRACON& Tower with Radar,177,112,54,22,365,0,2,5,5,12,177,114,59,27,377,0,10,10,387
11/30/2006,JAX,FL,ASO,ES,Combined TRACON& Tower with Radar,174,125,66,22,387,0,0,12,0,12,174,125,78,22,399,0,0,0,399
12/01/2006,JAX,FL,ASO,ES,Combined TRACON& Tower with Radar,165,119,46,15,345,0,0,1,1,2,165,119,47,16,347,0,0,0,347
12/02/2006,JAX,FL,ASO,ES,Combined TRACON& Tower with Radar,157,78,51,2,288,0,0,0,0,0,157,78,51,2,288,0,0,0,288
12/03/2006,JAX,FL,ASO,ES,Combined TRACON& Tower with Radar,152,84,36,2,274,0,0,1,0,1,152,84,37,2,275,0,0,0,275
12/04/2006,JAX,FL,ASO,ES,Combined TRACON& Tower with Radar,167,98,22,3,290,1,4,4,1,10,168,102,26,4,300,0,10,10,310
12/05/2006,JAX,FL,ASO,ES,Combined TRACON& Tower with Radar,184,106,60,16,366,0,0,11,3,14,184,106,71,19,380,4,26,30,410
12/06/2006,JAX,FL,ASO,ES,Combined TRACON& Tower with Radar,175,114,55,27,371,1,4,7,1,13,176,118,62,28,384,0,62,62,446
12/07/2006,JAX,FL,ASO,ES,Combined TRACON& Tower with Radar,175,128,35,16,354,0,2,5,3,10,175,130,40,19,364,0,36,36,400
12/08/2006,JAX,FL,ASO,ES,Combined TRACON& Tower with Radar,176,114,22,17,329,0,2,5,6,13,176,116,27,23,342,10,6,16,358
12/09/2006,JAX,FL,ASO,ES,Combined TRACON& Tower with Radar,142,62,27,12,243,0,0,12,3,15,142,62,39,15,258,0,0,0,258
12/10/2006,JAX,FL,ASO,ES,Combined TRACON& Tower with Radar,161,81,23,4,269,0,0,6,1,7,161,81,29,5,276,0,0,0,276
12/11/2006,JAX,FL,ASO,ES,Combined TRACON& Tower with Radar,155,92,51,14,312,0,1,16,1,18,155,93,67,15,330,2,22,24,354
12/12/2006,JAX,FL,ASO,ES,Combined TRACON& Tower with Radar,175,130,49,24,378,0,0,12,6,18,175,130,61,30,396,0,8,8,404
12/13/2006,JAX,FL,ASO,ES,Combined TRACON& Tower with Radar,179,118,51,10,358,0,4,7,11,22,179,122,58,21,380,0,58,58,438
12/14/2006,JAX,FL,ASO,ES,Combined TRACON& Tower with Radar,173,129,74,6,382,0,0,0,0,0,173,129,74,6,382,0,0,0,382
12/15/2006,JAX,FL,ASO,ES,Combined TRACON& Tower with Radar,178,109,46,6,339,0,0,4,0,4,178,109,50,6,343,0,0,0,343
12/16/2006,JAX,FL,ASO,ES,Combined TRACON& Tower with Radar,145,68,33,0,246,0,1,11,0,12,145,69,44,0,258,0,0,0,258
12/17/2006,JAX,FL,ASO,ES,Combined TRACON& Tower with Radar,170,74,39,1,284,2,2,8,0,12,172,76,47,1,296,0,0,0,296
12/18/2006,JAX,FL,ASO,ES,Combined TRACON& Tower with Radar,172,82,36,2,292,0,1,5,9,15,172,83,41,11,307,0,42,42,349
12/19/2006,JAX,FL,ASO,ES,Combined TRACON& Tower with Radar,198,117,55,15,385,0,4,6,2,12,198,121,61,17,397,8,0,8,405
12/20/2006,JAX,FL,ASO,ES,Combined TRACON& Tower with Radar,186,112,40,12,350,0,0,1,2,3,186,112,41,14,353,6,8,14,367
12/21/2006,JAX,FL,ASO,ES,Combined TRACON& Tower with Radar,191,119,38,5,353,0,0,2,0,2,191,119,40,5,355,0,0,0,355
12/22/2006,JAX,FL,ASO,ES,Combined TRACON& Tower with Radar,189,106,29,8,332,0,0,2,2,4,189,106,31,10,336,0,0,0,336
12/23/2006,JAX,FL,ASO,ES,Combined TRACON& Tower with Radar,151,69,17,0,237,1,0,7,0,8,152,69,24,0,245,0,0,0,245
12/24/2006,JAX,FL,ASO,ES,Combined TRACON& Tower with Radar,152,59,6,0,217,0,0,0,0,0,152,59,6,0,217,0,0,0,217
12/25/2006,JAX,FL,ASO,ES,Combined TRACON& Tower with Radar,145,59,1,1,206,0,0,0,0,0,145,59,1,1,206,0,0,0,206
12/26/2006,JAX,FL,ASO,ES,Combined TRACON& Tower with Radar,180,95,29,6,310,0,0,9,2,11,180,95,38,8,321,0,0,0,321
12/27/2006,JAX,FL,ASO,ES,Combined TRACON& Tower with Radar,180,110,21,5,316,0,1,19,2,22,180,111,40,7,338,0,0,0,338
12/28/2006,JAX,FL,ASO,ES,Combined TRACON& Tower with Radar,177,105,29,5,316,1,1,8,0,10,178,106,37,5,326,0,0,0,326
12/29/2006,JAX,FL,ASO,ES,Combined TRACON& Tower with Radar,181,109,14,5,309,0,0,11,0,11,181,109,25,5,320,0,0,0,320
12/30/2006,JAX,FL,ASO,ES,Combined TRACON& Tower with Radar,156,61,17,2,236,0,1,3,0,4,156,62,20,2,240,0,0,0,240
12/31/2006,JAX,FL,ASO,ES,Combined TRACON& Tower with Radar,151,63,16,0,230,0,0,1,0,1,151,63,17,0,231,0,0,0,231
01/01/2007,JAX,FL,ASO,ES,Combined TRACON& Tower with Radar,159,71,48,2,280,0,0,3,0,3,159,71,51,2,283,0,0,0,283
01/02/2007,JAX,FL,ASO,ES,Combined TRACON& Tower with Radar,178,103,32,4,317,0,1,3,0,4,178,104,35,4,321,0,0,0,321
01/03/2007,JAX,FL,ASO,ES,Combined TRACON& Tower with Radar,184,109,32,12,337,0,9,6,2,17,184,118,38,14,354,0,36,36,390
01/04/2007,JAX,FL,ASO,ES,Combined TRACON& Tower with Radar,178,120,25,13,336,0,0,13,1,14,178,120,38,14,350,6,8,14,364
01/05/2007,JAX,FL,ASO,ES,Combined TRACON& Tower with Radar,175,107,39,9,330,0,3,4,4,11,175,110,43,13,341,0,0,0,341
01/06/2007,JAX,FL,ASO,ES,Combined TRACON& Tower with Radar,139,61,18,0,218,0,0,6,0,6,139,61,24,0,224,0,0,0,224
01/07/2007,JAX,FL,ASO,ES,Combined TRACON& Tower with Radar,161,60,21,2,244,0,0,10,0,10,161,60,31,2,254,0,0,0,254
01/08/2007,JAX,FL,ASO,ES,Combined TRACON& Tower with Radar,174,94,32,13,313,0,0,2,3,5,174,94,34,16,318,0,8,8,326
01/09/2007,JAX,FL,ASO,ES,Combined TRACON& Tower with Radar,183,119,29,18,349,0,0,8,4,12,183,119,37,22,361,4,34,38,399
01/10/2007,JAX,FL,ASO,ES,Combined TRACON& Tower with Radar,178,104,49,23,354,0,0,4,4,8,178,104,53,27,362,0,31,31,393
01/11/2007,JAX,FL,ASO,ES,Combined TRACON& Tower with Radar,183,113,24,16,336,0,1,17,0,18,183,114,41,16,354,10,4,14,368
01/12/2007,JAX,FL,ASO,ES,Combined TRACON& Tower with Radar,174,107,38,8,327,0,2,7,0,9,174,109,45,8,336,0,0,0,336
01/13/2007,JAX,FL,ASO,ES,Combined TRACON& Tower with Radar,136,64,16,15,231,0,0,11,1,12,136,64,27,16,243,0,0,0,243
01/14/2007,JAX,FL,ASO,ES,Combined TRACON& Tower with Radar,152,60,22,6,240,0,0,1,1,2,152,60,23,7,242,0,0,0,242
01/15/2007,JAX,FL,ASO,ES,Combined TRACON& Tower with Radar,161,73,33,5,272,0,0,9,0,9,161,73,42,5,281,0,0,0,281
01/16/2007,JAX,FL,ASO,ES,Combined TRACON& Tower with Radar,183,95,53,20,351,1,3,8,1,13,184,98,61,21,364,0,20,20,384
01/17/2007,JAX,FL,ASO,ES,Combined TRACON& Tower with Radar,178,108,53,15,354,0,1,3,0,4,178,109,56,15,358,0,0,0,358
01/18/2007,JAX,FL,ASO,ES,Combined TRACON& Tower with Radar,175,115,32,13,335,0,1,0,0,1,175,116,32,13,336,0,0,0,336
01/19/2007,JAX,FL,ASO,ES,Combined TRACON& Tower with Radar,186,119,31,15,351,1,3,7,5,16,187,122,38,20,367,12,12,24,391
01/20/2007,JAX,FL,ASO,ES,Combined TRACON& Tower with Radar,150,65,25,12,252,2,0,9,6,17,152,65,34,18,269,0,0,0,269
01/21/2007,JAX,FL,ASO,ES,Combined TRACON& Tower with Radar,153,62,35,8,258,1,1,9,1,12,154,63,44,9,270,0,4,4,274
01/22/2007,JAX,FL,ASO,ES,Combined TRACON& Tower with Radar,178,92,32,23,325,0,0,1,1,2,178,92,33,24,327,0,0,0,327
01/23/2007,JAX,FL,ASO,ES,Combined TRACON& Tower with Radar,182,104,43,17,346,0,4,9,9,22,182,108,52,26,368,0,0,0,368
01/24/2007,JAX,FL,ASO,ES,Combined TRACON& Tower with Radar,179,114,56,14,363,0,0,11,8,19,179,114,67,22,382,0,54,54,436
01/25/2007,JAX,FL,ASO,ES,Combined TRACON& Tower with Radar,177,105,48,8,338,0,10,10,6,26,177,115,58,14,364,0,46,46,410
01/26/2007,JAX,FL,ASO,ES,Combined TRACON& Tower with Radar,175,102,36,15,328,2,2,9,4,17,177,104,45,19,345,0,0,0,345
01/27/2007,JAX,FL,ASO,ES,Combined TRACON& Tower with Radar,141,64,23,2,230,0,0,8,1,9,141,64,31,3,239,0,0,0,239
01/28/2007,JAX,FL,ASO,ES,Combined TRACON& Tower with Radar,154,66,18,12,250,0,0,4,0,4,154,66,22,12,254,0,10,10,264
01/29/2007,JAX,FL,ASO,ES,Combined TRACON& Tower with Radar,171,81,34,0,286,0,0,7,0,7,171,81,41,0,293,0,0,0,293
01/30/2007,JAX,FL,ASO,ES,Combined TRACON& Tower with Radar,181,111,42,12,346,0,4,4,0,8,181,115,46,12,354,0,0,0,354
01/31/2007,JAX,FL,ASO,ES,Combined TRACON& Tower with Radar,182,118,36,14,350,0,1,7,9,17,182,119,43,23,367,0,42,42,409
02/01/2007,JAX,FL,ASO,ES,Combined TRACON& Tower with Radar,170,120,24,17,331,0,2,4,3,9,170,122,28,20,340,0,0,0,340
02/02/2007,JAX,FL,ASO,ES,Combined TRACON& Tower with Radar,175,123,44,21,363,0,1,8,3,12,175,124,52,24,375,20,30,50,425
02/03/2007,JAX,FL,ASO,ES,Combined TRACON& Tower with Radar,137,65,18,5,225,0,0,12,2,14,137,65,30,7,239,0,10,10,249
02/04/2007,JAX,FL,ASO,ES,Combined TRACON& Tower with Radar,157,75,24,9,265,0,3,4,1,8,157,78,28,10,273,0,0,0,273
02/05/2007,JAX,FL,ASO,ES,Combined TRACON& Tower with Radar,172,92,41,11,316,0,1,11,3,15,172,93,52,14,331,0,0,0,331
02/06/2007,JAX,FL,ASO,ES,Combined TRACON& Tower with Radar,167,110,68,6,351,0,7,9,4,20,167,117,77,10,371,0,22,22,393
02/07/2007,JAX,FL,ASO,ES,Combined TRACON& Tower with Radar,186,105,23,7,321,0,1,12,12,25,186,106,35,19,346,0,0,0,346
02/08/2007,JAX,FL,ASO,ES,Combined TRACON& Tower with Radar,181,104,37,10,332,0,0,15,2,17,181,104,52,12,349,0,0,0,349
02/09/2007,JAX,FL,ASO,ES,Combined TRACON& Tower with Radar,175,101,32,7,315,0,0,3,1,4,175,101,35,8,319,0,0,0,319
02/10/2007,JAX,FL,ASO,ES,Combined TRACON& Tower with Radar,143,56,24,11,234,0,0,7,3,10,143,56,31,14,244,0,0,0,244
02/11/2007,JAX,FL,ASO,ES,Combined TRACON& Tower with Radar,159,58,24,7,248,0,0,11,4,15,159,58,35,11,263,0,14,14,277
02/12/2007,JAX,FL,ASO,ES,Combined TRACON& Tower with Radar,167,93,48,11,319,0,0,11,0,11,167,93,59,11,330,0,0,0,330
02/13/2007,JAX,FL,ASO,ES,Combined TRACON& Tower with Radar,171,118,36,13,338,0,0,2,0,2,171,118,38,13,340,0,0,0,340
02/14/2007,JAX,FL,ASO,ES,Combined TRACON& Tower with Radar,159,94,41,14,308,0,0,1,1,2,159,94,42,15,310,0,0,0,310
02/15/2007,JAX,FL,ASO,ES,Combined TRACON& Tower with Radar,167,102,58,12,339,0,1,2,0,3,167,103,60,12,342,0,0,0,342
02/16/2007,JAX,FL,ASO,ES,Combined TRACON& Tower with Radar,180,106,50,16,352,0,0,3,0,3,180,106,53,16,355,0,0,0,355
02/17/2007,JAX,FL,ASO,ES,Combined TRACON& Tower with Radar,141,77,28,0,246,1,0,11,0,12,142,77,39,0,258,0,0,0,258
02/18/2007,JAX,FL,ASO,ES,Combined TRACON& Tower with Radar,155,72,18,0,245,0,0,0,0,0,155,72,18,0,245,0,0,0,245
02/19/2007,JAX,FL,ASO,ES,Combined TRACON& Tower with Radar,168,78,41,0,287,0,0,13,0,13,168,78,54,0,300,0,0,0,300
02/20/2007,JAX,FL,ASO,ES,Combined TRACON& Tower with Radar,175,88,47,18,328,0,0,10,3,13,175,88,57,21,341,0,0,0,341
02/21/2007,JAX,FL,ASO,ES,Combined TRACON& Tower with Radar,174,108,51,11,344,0,1,8,4,13,174,109,59,15,357,0,22,22,379
02/22/2007,JAX,FL,ASO,ES,Combined TRACON& Tower with Radar,174,120,48,8,350,0,0,7,0,7,174,120,55,8,357,0,0,0,357
02/23/2007,JAX,FL,ASO,ES,Combined TRACON& Tower with Radar,183,106,48,12,349,0,0,17,2,19,183,106,65,14,368,0,0,0,368
02/24/2007,JAX,FL,ASO,ES,Combined TRACON& Tower with Radar,142,74,20,3,239,0,1,5,0,6,142,75,25,3,245,0,0,0,245
02/25/2007,JAX,FL,ASO,ES,Combined TRACON& Tower with Radar,153,57,29,0,239,0,0,7,0,7,153,57,36,0,246,0,0,0,246
02/26/2007,JAX,FL,ASO,ES,Combined TRACON& Tower with Radar,177,78,38,4,297,1,2,5,3,11,178,80,43,7,308,0,10,10,318
02/27/2007,JAX,FL,ASO,ES,Combined TRACON& Tower with Radar,194,116,29,8,347,0,1,3,4,8,194,117,32,12,355,0,10,10,365
02/28/2007,JAX,FL,ASO,ES,Combined TRACON& Tower with Radar,191,118,38,3,350,0,0,12,1,13,191,118,50,4,363,0,0,0,363
03/01/2007,JAX,FL,ASO,ES,Combined TRACON& Tower with Radar,177,118,45,7,347,0,0,7,14,21,177,118,52,21,368,0,0,0,368
03/02/2007,JAX,FL,ASO,ES,Combined TRACON& Tower with Radar,185,94,37,9,325,0,0,7,0,7,185,94,44,9,332,0,78,78,410
03/03/2007,JAX,FL,ASO,ES,Combined TRACON& Tower with Radar,150,69,19,1,239,1,0,2,0,3,151,69,21,1,242,0,0,0,242
03/04/2007,JAX,FL,ASO,ES,Combined TRACON& Tower with Radar,163,72,21,5,261,0,0,11,1,12,163,72,32,6,273,0,0,0,273
03/05/2007,JAX,FL,ASO,ES,Combined TRACON& Tower with Radar,173,92,44,3,312,0,0,13,3,16,173,92,57,6,328,0,14,14,342
03/06/2007,JAX,FL,ASO,ES,Combined TRACON& Tower with Radar,183,117,35,4,339,0,1,8,1,10,183,118,43,5,349,0,0,0,349
03/07/2007,JAX,FL,ASO,ES,Combined TRACON& Tower with Radar,176,110,48,8,342,0,1,17,1,19,176,111,65,9,361,0,0,0,361
03/08/2007,JAX,FL,ASO,ES,Combined TRACON& Tower with Radar,183,110,54,9,356,1,1,14,0,16,184,111,68,9,372,0,0,0,372
03/09/2007,JAX,FL,ASO,ES,Combined TRACON& Tower with Radar,182,100,47,17,346,0,0,3,0,3,182,100,50,17,349,0,0,0,349
03/10/2007,JAX,FL,ASO,ES,Combined TRACON& Tower with Radar,149,79,19,10,257,0,0,9,1,10,149,79,28,11,267,0,0,0,267
03/11/2007,JAX,FL,ASO,ES,Combined TRACON& Tower with Radar,163,75,18,6,262,0,1,8,1,10,163,76,26,7,272,0,0,0,272
03/12/2007,JAX,FL,ASO,ES,Combined TRACON& Tower with Radar,177,87,28,2,294,0,2,2,0,4,177,89,30,2,298,0,0,0,298
03/13/2007,JAX,FL,ASO,ES,Combined TRACON& Tower with Radar,200,121,34,15,370,0,2,16,3,21,200,123,50,18,391,0,18,18,409
03/14/2007,JAX,FL,ASO,ES,Combined TRACON& Tower with Radar,184,111,34,8,337,4,5,10,0,19,188,116,44,8,356,0,0,0,356
03/15/2007,JAX,FL,ASO,ES,Combined TRACON& Tower with Radar,189,126,39,18,372,0,2,0,2,4,189,128,39,20,376,0,28,28,404
03/16/2007,JAX,FL,ASO,ES,Combined TRACON& Tower with Radar,166,102,43,11,322,2,0,3,0,5,168,102,46,11,327,0,0,0,327
03/17/2007,JAX,FL,ASO,ES,Combined TRACON& Tower with Radar,144,60,28,0,232,0,1,5,2,8,144,61,33,2,240,0,0,0,240
03/18/2007,JAX,FL,ASO,ES,Combined TRACON& Tower with Radar,166,62,30,0,258,0,0,9,0,9,166,62,39,0,267,0,0,0,267
03/19/2007,JAX,FL,ASO,ES,Combined TRACON& Tower with Radar,172,86,37,10,305,0,1,4,3,8,172,87,41,13,313,0,24,24,337
03/20/2007,JAX,FL,ASO,ES,Combined TRACON& Tower with Radar,180,127,35,5,347,0,0,4,9,13,180,127,39,14,360,0,40,40,400
03/21/2007,JAX,FL,ASO,ES,Combined TRACON& Tower with Radar,183,102,23,6,314,0,1,3,4,8,183,103,26,10,322,0,0,0,322
03/22/2007,JAX,FL,ASO,ES,Combined TRACON& Tower with Radar,174,116,44,9,343,0,1,13,4,18,174,117,57,13,361,0,0,0,361
03/23/2007,JAX,FL,ASO,ES,Combined TRACON& Tower with Radar,177,107,26,12,322,0,0,11,3,14,177,107,37,15,336,0,0,0,336
03/24/2007,JAX,FL,ASO,ES,Combined TRACON& Tower with Radar,163,72,18,0,253,0,1,6,0,7,163,73,24,0,260,0,0,0,260
03/25/2007,JAX,FL,ASO,ES,Combined TRACON& Tower with Radar,170,72,20,0,262,0,1,12,2,15,170,73,32,2,277,0,0,0,277
03/26/2007,JAX,FL,ASO,ES,Combined TRACON& Tower with Radar,168,84,36,4,292,0,2,7,4,13,168,86,43,8,305,0,0,0,305
03/27/2007,JAX,FL,ASO,ES,Combined TRACON& Tower with Radar,182,120,43,10,355,0,1,6,4,11,182,121,49,14,366,0,18,18,384
03/28/2007,JAX,FL,ASO,ES,Combined TRACON& Tower with Radar,184,109,49,17,359,0,2,6,4,12,184,111,55,21,371,0,0,0,371
03/29/2007,JAX,FL,ASO,ES,Combined TRACON& Tower with Radar,177,112,50,17,356,0,0,5,5,10,177,112,55,22,366,0,20,20,386
03/30/2007,JAX,FL,ASO,ES,Combined TRACON& Tower with Radar,177,111,53,15,356,0,2,1,0,3,177,113,54,15,359,0,0,0,359
03/31/2007,JAX,FL,ASO,ES,Combined TRACON& Tower with Radar,157,79,24,0,260,0,4,13,0,17,157,83,37,0,277,4,8,12,289
04/01/2007,JAX,FL,ASO,ES,Combined TRACON& Tower with Radar,159,80,42,3,284,0,0,9,0,9,159,80,51,3,293,0,0,0,293
04/02/2007,JAX,FL,ASO,ES,Combined TRACON& Tower with Radar,174,85,34,12,305,0,1,18,0,19,174,86,52,12,324,6,0,6,330
04/03/2007,JAX,FL,ASO,ES,Combined TRACON& Tower with Radar,180,112,41,15,348,0,2,4,4,10,180,114,45,19,358,0,0,0,358
04/04/2007,JAX,FL,ASO,ES,Combined TRACON& Tower with Radar,172,105,56,15,348,0,4,8,0,12,172,109,64,15,360,6,6,12,372
04/05/2007,JAX,FL,ASO,ES,Combined TRACON& Tower with Radar,181,121,37,16,355,0,0,4,2,6,181,121,41,18,361,0,8,8,369
04/06/2007,JAX,FL,ASO,ES,Combined TRACON& Tower with Radar,185,107,28,15,335,0,0,13,1,14,185,107,41,16,349,0,0,0,349
04/07/2007,JAX,FL,ASO,ES,Combined TRACON& Tower with Radar,155,63,15,0,233,0,1,7,0,8,155,64,22,0,241,0,0,0,241
04/08/2007,JAX,FL,ASO,ES,Combined TRACON& Tower with Radar,159,70,15,1,245,0,0,13,0,13,159,70,28,1,258,0,0,0,258
04/09/2007,JAX,FL,ASO,ES,Combined TRACON& Tower with Radar,171,78,33,3,285,0,0,11,1,12,171,78,44,4,297,12,12,24,321
04/10/2007,JAX,FL,ASO,ES,Combined TRACON& Tower with Radar,182,117,68,10,377,0,0,5,3,8,182,117,73,13,385,0,0,0,385
04/11/2007,JAX,FL,ASO,ES,Combined TRACON& Tower with Radar,175,131,43,8,357,1,0,3,0,4,176,131,46,8,361,0,0,0,361
04/12/2007,JAX,FL,ASO,ES,Combined TRACON& Tower with Radar,178,112,46,12,348,0,3,18,4,25,178,115,64,16,373,0,0,0,373
04/13/2007,JAX,FL,ASO,ES,Combined TRACON& Tower with Radar,175,106,33,8,322,0,0,12,2,14,175,106,45,10,336,0,0,0,336
04/14/2007,JAX,FL,ASO,ES,Combined TRACON& Tower with Radar,153,79,28,5,265,0,3,11,2,16,153,82,39,7,281,0,14,14,295
04/15/2007,JAX,FL,ASO,ES,Combined TRACON& Tower with Radar,161,58,27,2,248,0,0,4,0,4,161,58,31,2,252,0,0,0,252
04/16/2007,JAX,FL,ASO,ES,Combined TRACON& Tower with Radar,167,93,46,2,308,0,2,10,2,14,167,95,56,4,322,0,0,0,322
04/17/2007,JAX,FL,ASO,ES,Combined TRACON& Tower with Radar,175,117,38,5,335,0,0,4,0,4,175,117,42,5,339,0,0,0,339
04/18/2007,JAX,FL,ASO,ES,Combined TRACON& Tower with Radar,166,108,50,18,342,0,1,4,1,6,166,109,54,19,348,0,0,0,348
04/19/2007,JAX,FL,ASO,ES,Combined TRACON& Tower with Radar,179,121,53,13,366,0,0,12,11,23,179,121,65,24,389,0,0,0,389
04/20/2007,JAX,FL,ASO,ES,Combined TRACON& Tower with Radar,168,108,52,9,337,0,1,7,1,9,168,109,59,10,346,0,0,0,346
04/21/2007,JAX,FL,ASO,ES,Combined TRACON& Tower with Radar,150,71,10,16,247,0,3,21,1,25,150,74,31,17,272,0,0,0,272
04/22/2007,JAX,FL,ASO,ES,Combined TRACON& Tower with Radar,158,82,29,0,269,0,0,14,0,14,158,82,43,0,283,0,0,0,283
04/23/2007,JAX,FL,ASO,ES,Combined TRACON& Tower with Radar,166,87,52,1,306,0,4,17,2,23,166,91,69,3,329,0,18,18,347
04/24/2007,JAX,FL,ASO,ES,Combined TRACON& Tower with Radar,179,127,57,12,375,2,0,7,1,10,181,127,64,13,385,0,6,6,391
04/25/2007,JAX,FL,ASO,ES,Combined TRACON& Tower with Radar,175,113,55,12,355,0,3,7,1,11,175,116,62,13,366,0,0,0,366
04/26/2007,JAX,FL,ASO,ES,Combined TRACON& Tower with Radar,176,127,53,12,368,2,1,10,9,22,178,128,63,21,390,0,36,36,426
04/27/2007,JAX,FL,ASO,ES,Combined TRACON& Tower with Radar,179,108,34,11,332,0,0,11,4,15,179,108,45,15,347,0,0,0,347
04/28/2007,JAX,FL,ASO,ES,Combined TRACON& Tower with Radar,158,64,17,0,239,0,1,13,0,14,158,65,30,0,253,4,0,4,257
04/29/2007,JAX,FL,ASO,ES,Combined TRACON& Tower with Radar,160,74,25,4,263,0,0,1,0,1,160,74,26,4,264,0,0,0,264
04/30/2007,JAX,FL,ASO,ES,Combined TRACON& Tower with Radar,162,107,47,6,322,0,0,4,1,5,162,107,51,7,327,0,0,0,327
05/01/2007,JAX,FL,ASO,ES,Combined TRACON& Tower with Radar,180,133,22,1,336,0,0,6,6,12,180,133,28,7,348,0,10,10,358
05/02/2007,JAX,FL,ASO,ES,Combined TRACON& Tower with Radar,170,125,67,11,373,0,0,8,0,8,170,125,75,11,381,0,0,0,381
05/03/2007,JAX,FL,ASO,ES,Combined TRACON& Tower with Radar,184,125,56,8,373,0,5,3,0,8,184,130,59,8,381,0,22,22,403
05/04/2007,JAX,FL,ASO,ES,Combined TRACON& Tower with Radar,171,117,44,4,336,0,1,0,0,1,171,118,44,4,337,0,8,8,345
05/05/2007,JAX,FL,ASO,ES,Combined TRACON& Tower with Radar,159,80,13,2,254,0,0,4,0,4,159,80,17,2,258,0,0,0,258
05/06/2007,JAX,FL,ASO,ES,Combined TRACON& Tower with Radar,171,90,21,3,285,1,0,1,1,3,172,90,22,4,288,0,0,0,288
05/07/2007,JAX,FL,ASO,ES,Combined TRACON& Tower with Radar,171,108,15,0,294,0,0,2,0,2,171,108,17,0,296,0,0,0,296
05/08/2007,JAX,FL,ASO,ES,Combined TRACON& Tower with Radar,182,128,31,3,344,0,2,2,5,9,182,130,33,8,353,0,8,8,361
05/09/2007,JAX,FL,ASO,ES,Combined TRACON& Tower with Radar,184,135,41,3,363,0,1,4,3,8,184,136,45,6,371,0,0,0,371
05/10/2007,JAX,FL,ASO,ES,Combined TRACON& Tower with Radar,179,139,31,5,354,1,3,1,8,13,180,142,32,13,367,0,10,10,377
05/11/2007,JAX,FL,ASO,ES,Combined TRACON& Tower with Radar,181,125,41,5,352,1,3,10,3,17,182,128,51,8,369,0,0,0,369
05/12/2007,JAX,FL,ASO,ES,Combined TRACON& Tower with Radar,160,88,25,2,275,0,0,10,0,10,160,88,35,2,285,0,0,0,285
05/13/2007,JAX,FL,ASO,ES,Combined TRACON& Tower with Radar,162,98,32,0,292,0,0,9,0,9,162,98,41,0,301,0,0,0,301
05/14/2007,JAX,FL,ASO,ES,Combined TRACON& Tower with Radar,167,124,40,2,333,0,0,5,1,6,167,124,45,3,339,0,0,0,339
05/15/2007,JAX,FL,ASO,ES,Combined TRACON& Tower with Radar,166,129,59,12,366,0,1,10,3,14,166,130,69,15,380,0,0,0,380
05/16/2007,JAX,FL,ASO,ES,Combined TRACON& Tower with Radar,170,120,46,2,338,0,1,15,7,23,170,121,61,9,361,0,0,0,361
05/17/2007,JAX,FL,ASO,ES,Combined TRACON& Tower with Radar,180,139,39,4,362,0,0,1,0,1,180,139,40,4,363,0,0,0,363
05/18/2007,JAX,FL,ASO,ES,Combined TRACON& Tower with Radar,184,122,52,0,358,0,2,8,2,12,184,124,60,2,370,0,0,0,370
05/19/2007,JAX,FL,ASO,ES,Combined TRACON& Tower with Radar,154,84,24,0,262,0,2,8,0,10,154,86,32,0,272,0,0,0,272
05/20/2007,JAX,FL,ASO,ES,Combined TRACON& Tower with Radar,159,103,23,1,286,0,1,6,3,10,159,104,29,4,296,0,6,6,302
05/21/2007,JAX,FL,ASO,ES,Combined TRACON& Tower with Radar,165,98,29,0,292,0,0,5,1,6,165,98,34,1,298,0,0,0,298
05/22/2007,JAX,FL,ASO,ES,Combined TRACON& Tower with Radar,175,120,47,2,344,1,1,16,0,18,176,121,63,2,362,0,0,0,362
05/23/2007,JAX,FL,ASO,ES,Combined TRACON& Tower with Radar,179,115,46,3,343,1,1,7,0,9,180,116,53,3,352,0,0,0,352
05/24/2007,JAX,FL,ASO,ES,Combined TRACON& Tower with Radar,179,124,48,2,353,3,1,3,0,7,182,125,51,2,360,0,0,0,360
05/25/2007,JAX,FL,ASO,ES,Combined TRACON& Tower with Radar,180,128,40,3,351,1,0,10,0,11,181,128,50,3,362,0,0,0,362
05/26/2007,JAX,FL,ASO,ES,Combined TRACON& Tower with Radar,150,88,23,1,262,3,4,6,1,14,153,92,29,2,276,0,0,0,276
05/27/2007,JAX,FL,ASO,ES,Combined TRACON& Tower with Radar,144,81,19,3,247,0,0,0,0,0,144,81,19,3,247,0,0,0,247
05/28/2007,JAX,FL,ASO,ES,Combined TRACON& Tower with Radar,149,89,24,2,264,0,3,3,0,6,149,92,27,2,270,0,0,0,270
05/29/2007,JAX,FL,ASO,ES,Combined TRACON& Tower with Radar,173,97,32,6,308,0,0,9,3,12,173,97,41,9,320,0,19,19,339
05/30/2007,JAX,FL,ASO,ES,Combined TRACON& Tower with Radar,170,115,42,12,339,0,2,15,5,22,170,117,57,17,361,0,18,18,379
05/31/2007,JAX,FL,ASO,ES,Combined TRACON& Tower with Radar,176,123,32,13,344,0,0,6,6,12,176,123,38,19,356,0,6,6,362
06/01/2007,JAX,FL,ASO,ES,Combined TRACON& Tower with Radar,177,113,21,20,331,0,0,4,2,6,177,113,25,22,337,0,0,0,337
06/02/2007,JAX,FL,ASO,ES,Combined TRACON& Tower with Radar,148,81,11,1,241,0,0,0,0,0,148,81,11,1,241,0,0,0,241
06/03/2007,JAX,FL,ASO,ES,Combined TRACON& Tower with Radar,159,91,14,3,267,0,0,3,1,4,159,91,17,4,271,0,0,0,271
06/04/2007,JAX,FL,ASO,ES,Combined TRACON& Tower with Radar,168,100,16,0,284,0,0,3,0,3,168,100,19,0,287,0,0,0,287
06/05/2007,JAX,FL,ASO,ES,Combined TRACON& Tower with Radar,174,133,38,6,351,0,4,0,0,4,174,137,38,6,355,0,0,0,355
06/06/2007,JAX,FL,ASO,ES,Combined TRACON& Tower with Radar,179,122,54,11,366,0,1,8,1,10,179,123,62,12,376,0,0,0,376
06/07/2007,JAX,FL,ASO,ES,Combined TRACON& Tower with Radar,175,123,36,20,354,0,1,6,0,7,175,124,42,20,361,0,0,0,361
06/08/2007,JAX,FL,ASO,ES,Combined TRACON& Tower with Radar,168,117,44,14,343,0,0,10,2,12,168,117,54,16,355,0,0,0,355
06/09/2007,JAX,FL,ASO,ES,Combined TRACON& Tower with Radar,169,82,21,4,276,0,0,17,2,19,169,82,38,6,295,0,0,0,295
06/10/2007,JAX,FL,ASO,ES,Combined TRACON& Tower with Radar,165,97,30,1,293,0,0,11,2,13,165,97,41,3,306,0,0,0,306
06/11/2007,JAX,FL,ASO,ES,Combined TRACON& Tower with Radar,167,96,48,21,332,0,0,6,1,7,167,96,54,22,339,0,0,0,339
06/12/2007,JAX,FL,ASO,ES,Combined TRACON& Tower with Radar,173,107,31,6,317,0,1,2,5,8,173,108,33,11,325,0,14,14,339
06/13/2007,JAX,FL,ASO,ES,Combined TRACON& Tower with Radar,174,113,53,14,354,0,0,4,1,5,174,113,57,15,359,0,4,4,363
06/14/2007,JAX,FL,ASO,ES,Combined TRACON& Tower with Radar,180,127,37,14,358,0,1,6,1,8,180,128,43,15,366,0,0,0,366
06/15/2007,JAX,FL,ASO,ES,Combined TRACON& Tower with Radar,179,113,30,21,343,0,0,11,0,11,179,113,41,21,354,0,0,0,354
06/16/2007,JAX,FL,ASO,ES,Combined TRACON& Tower with Radar,156,90,15,6,267,0,1,6,2,9,156,91,21,8,276,0,12,12,288
06/17/2007,JAX,FL,ASO,ES,Combined TRACON& Tower with Radar,167,90,19,1,277,0,2,10,0,12,167,92,29,1,289,0,0,0,289
06/18/2007,JAX,FL,ASO,ES,Combined TRACON& Tower with Radar,171,93,31,1,296,0,0,10,3,13,171,93,41,4,309,0,6,6,315
06/19/2007,JAX,FL,ASO,ES,Combined TRACON& Tower with Radar,177,115,33,16,341,0,4,6,3,13,177,119,39,19,354,0,0,0,354
06/20/2007,JAX,FL,ASO,ES,Combined TRACON& Tower with Radar,194,124,41,15,374,1,0,0,0,1,195,124,41,15,375,0,0,0,375
06/21/2007,JAX,FL,ASO,ES,Combined TRACON& Tower with Radar,176,128,54,10,368,0,0,5,0,5,176,128,59,10,373,0,0,0,373
06/22/2007,JAX,FL,ASO,ES,Combined TRACON& Tower with Radar,181,124,36,11,352,1,0,5,1,7,182,124,41,12,359,0,0,0,359
06/23/2007,JAX,FL,ASO,ES,Combined TRACON& Tower with Radar,162,86,10,0,258,0,1,6,0,7,162,87,16,0,265,10,0,10,275
06/24/2007,JAX,FL,ASO,ES,Combined TRACON& Tower with Radar,166,93,26,2,287,0,0,16,1,17,166,93,42,3,304,18,0,18,322
06/25/2007,JAX,FL,ASO,ES,Combined TRACON& Tower with Radar,165,101,32,10,308,0,0,5,1,6,165,101,37,11,314,0,0,0,314
06/26/2007,JAX,FL,ASO,ES,Combined TRACON& Tower with Radar,175,132,43,20,370,0,1,9,1,11,175,133,52,21,381,0,14,14,395
06/27/2007,JAX,FL,ASO,ES,Combined TRACON& Tower with Radar,170,119,43,17,349,0,0,14,7,21,170,119,57,24,370,0,0,0,370
06/28/2007,JAX,FL,ASO,ES,Combined TRACON& Tower with Radar,169,123,33,14,339,0,3,6,2,11,169,126,39,16,350,0,0,0,350
06/29/2007,JAX,FL,ASO,ES,Combined TRACON& Tower with Radar,174,119,31,2,326,0,0,8,0,8,174,119,39,2,334,0,0,0,334
06/30/2007,JAX,FL,ASO,ES,Combined TRACON& Tower with Radar,168,90,16,4,278,0,0,4,0,4,168,90,20,4,282,0,0,0,282
07/01/2007,JAX,FL,ASO,ES,Combined TRACON& Tower with Radar,171,86,15,1,273,0,2,3,1,6,171,88,18,2,279,0,0,0,279
07/02/2007,JAX,FL,ASO,ES,Combined TRACON& Tower with Radar,167,87,22,2,278,0,0,3,2,5,167,87,25,4,283,0,16,16,299
07/03/2007,JAX,FL,ASO,ES,Combined TRACON& Tower with Radar,178,110,31,2,321,1,3,0,0,4,179,113,31,2,325,0,0,0,325
07/04/2007,JAX,FL,ASO,ES,Combined TRACON& Tower with Radar,155,86,10,0,251,2,0,1,0,3,157,86,11,0,254,0,4,4,258
07/05/2007,JAX,FL,ASO,ES,Combined TRACON& Tower with Radar,175,96,24,13,308,1,1,3,1,6,176,97,27,14,314,0,0,0,314
07/06/2007,JAX,FL,ASO,ES,Combined TRACON& Tower with Radar,174,105,27,18,324,0,0,4,3,7,174,105,31,21,331,0,0,0,331
07/07/2007,JAX,FL,ASO,ES,Combined TRACON& Tower with Radar,166,85,18,0,269,0,2,8,0,10,166,87,26,0,279,0,0,0,279
07/08/2007,JAX,FL,ASO,ES,Combined TRACON& Tower with Radar,160,83,20,0,263,0,0,10,2,12,160,83,30,2,275,0,0,0,275
07/09/2007,JAX,FL,ASO,ES,Combined TRACON& Tower with Radar,166,90,27,11,294,0,0,7,1,8,166,90,34,12,302,0,0,0,302
07/10/2007,JAX,FL,ASO,ES,Combined TRACON& Tower with Radar,176,113,36,22,347,0,0,16,4,20,176,113,52,26,367,0,0,0,367
07/11/2007,JAX,FL,ASO,ES,Combined TRACON& Tower with Radar,184,115,39,22,360,0,1,16,1,18,184,116,55,23,378,0,0,0,378
07/12/2007,JAX,FL,ASO,ES,Combined TRACON& Tower with Radar,182,121,30,19,352,0,1,4,0,5,182,122,34,19,357,0,0,0,357
07/13/2007,JAX,FL,ASO,ES,Combined TRACON& Tower with Radar,184,108,42,15,349,0,1,5,3,9,184,109,47,18,358,0,0,0,358
07/14/2007,JAX,FL,ASO,ES,Combined TRACON& Tower with Radar,158,74,6,18,256,0,0,5,2,7,158,74,11,20,263,0,0,0,263
07/15/2007,JAX,FL,ASO,ES,Combined TRACON& Tower with Radar,163,80,23,1,267,0,0,1,0,1,163,80,24,1,268,0,0,0,268
07/16/2007,JAX,FL,ASO,ES,Combined TRACON& Tower with Radar,176,96,19,2,293,0,0,3,2,5,176,96,22,4,298,0,0,0,298
07/17/2007,JAX,FL,ASO,ES,Combined TRACON& Tower with Radar,187,117,37,20,361,0,0,10,2,12,187,117,47,22,373,0,9,9,382
07/18/2007,JAX,FL,ASO,ES,Combined TRACON& Tower with Radar,194,110,33,16,353,2,0,5,2,9,196,110,38,18,362,0,6,6,368
07/19/2007,JAX,FL,ASO,ES,Combined TRACON& Tower with Radar,185,107,23,23,338,0,0,6,4,10,185,107,29,27,348,0,0,0,348
07/20/2007,JAX,FL,ASO,ES,Combined TRACON& Tower with Radar,183,108,39,19,349,0,0,4,5,9,183,108,43,24,358,0,0,0,358
07/21/2007,JAX,FL,ASO,ES,Combined TRACON& Tower with Radar,169,85,10,3,267,0,0,8,3,11,169,85,18,6,278,0,4,4,282
07/22/2007,JAX,FL,ASO,ES,Combined TRACON& Tower with Radar,164,84,23,2,273,0,0,10,1,11,164,84,33,3,284,0,0,0,284
07/23/2007,JAX,FL,ASO,ES,Combined TRACON& Tower with Radar,168,100,38,19,325,0,0,3,0,3,168,100,41,19,328,0,0,0,328
07/24/2007,JAX,FL,ASO,ES,Combined TRACON& Tower with Radar,186,121,42,13,362,0,0,1,0,1,186,121,43,13,363,0,0,0,363
07/25/2007,JAX,FL,ASO,ES,Combined TRACON& Tower with Radar,198,118,35,8,359,0,1,1,2,4,198,119,36,10,363,0,0,0,363
07/26/2007,JAX,FL,ASO,ES,Combined TRACON& Tower with Radar,203,132,52,18,405,0,0,9,3,12,203,132,61,21,417,0,0,0,417
07/27/2007,JAX,FL,ASO,ES,Combined TRACON& Tower with Radar,187,138,26,10,361,0,0,12,1,13,187,138,38,11,374,0,0,0,374
07/28/2007,JAX,FL,ASO,ES,Combined TRACON& Tower with Radar,170,84,18,2,274,0,0,8,0,8,170,84,26,2,282,0,0,0,282
07/29/2007,JAX,FL,ASO,ES,Combined TRACON& Tower with Radar,148,81,24,5,258,0,1,12,1,14,148,82,36,6,272,0,0,0,272
07/30/2007,JAX,FL,ASO,ES,Combined TRACON& Tower with Radar,181,97,29,4,311,0,0,10,0,10,181,97,39,4,321,0,0,0,321
07/31/2007,JAX,FL,ASO,ES,Combined TRACON& Tower with Radar,199,124,34,8,365,1,0,6,0,7,200,124,40,8,372,0,0,0,372
08/01/2007,JAX,FL,ASO,ES,Combined TRACON& Tower with Radar,200,124,33,9,366,0,1,3,1,5,200,125,36,10,371,0,0,0,371
08/02/2007,JAX,FL,ASO,ES,Combined TRACON& Tower with Radar,191,133,25,11,360,0,1,0,1,2,191,134,25,12,362,0,0,0,362
08/03/2007,JAX,FL,ASO,ES,Combined TRACON& Tower with Radar,179,118,35,5,337,0,1,5,0,6,179,119,40,5,343,0,0,0,343
08/04/2007,JAX,FL,ASO,ES,Combined TRACON& Tower with Radar,162,85,15,0,262,0,0,4,0,4,162,85,19,0,266,0,0,0,266
08/05/2007,JAX,FL,ASO,ES,Combined TRACON& Tower with Radar,153,98,18,3,272,0,3,8,0,11,153,101,26,3,283,0,0,0,283
08/06/2007,JAX,FL,ASO,ES,Combined TRACON& Tower with Radar,169,104,23,5,301,0,0,10,0,10,169,104,33,5,311,0,0,0,311
08/07/2007,JAX,FL,ASO,ES,Combined TRACON& Tower with Radar,180,119,35,7,341,0,1,0,3,4,180,120,35,10,345,0,0,0,345
08/08/2007,JAX,FL,ASO,ES,Combined TRACON& Tower with Radar,176,121,21,1,319,0,0,4,6,10,176,121,25,7,329,0,0,0,329
08/09/2007,JAX,FL,ASO,ES,Combined TRACON& Tower with Radar,167,120,35,5,327,0,0,6,6,12,167,120,41,11,339,0,0,0,339
08/10/2007,JAX,FL,ASO,ES,Combined TRACON& Tower with Radar,181,126,39,2,348,0,1,8,12,21,181,127,47,14,369,0,0,0,369
08/11/2007,JAX,FL,ASO,ES,Combined TRACON& Tower with Radar,160,103,2,1,266,0,0,6,0,6,160,103,8,1,272,0,0,0,272
08/12/2007,JAX,FL,ASO,ES,Combined TRACON& Tower with Radar,162,96,7,6,271,0,0,1,0,1,162,96,8,6,272,0,0,0,272
08/13/2007,JAX,FL,ASO,ES,Combined TRACON& Tower with Radar,168,101,22,7,298,0,2,5,2,9,168,103,27,9,307,0,6,6,313
08/14/2007,JAX,FL,ASO,ES,Combined TRACON& Tower with Radar,183,126,55,2,366,0,0,7,2,9,183,126,62,4,375,0,0,0,375
08/15/2007,JAX,FL,ASO,ES,Combined TRACON& Tower with Radar,184,142,61,10,397,0,2,5,6,13,184,144,66,16,410,0,0,0,410
08/16/2007,JAX,FL,ASO,ES,Combined TRACON& Tower with Radar,176,130,25,11,342,0,0,5,0,5,176,130,30,11,347,0,0,0,347
08/17/2007,JAX,FL,ASO,ES,Combined TRACON& Tower with Radar,179,102,31,6,318,2,0,12,0,14,181,102,43,6,332,0,0,0,332
08/18/2007,JAX,FL,ASO,ES,Combined TRACON& Tower with Radar,153,90,16,19,278,1,0,11,1,13,154,90,27,20,291,4,18,22,313
08/19/2007,JAX,FL,ASO,ES,Combined TRACON& Tower with Radar,159,87,18,4,268,0,0,8,0,8,159,87,26,4,276,0,0,0,276
08/20/2007,JAX,FL,ASO,ES,Combined TRACON& Tower with Radar,157,95,38,10,300,0,0,7,0,7,157,95,45,10,307,0,0,0,307
08/21/2007,JAX,FL,ASO,ES,Combined TRACON& Tower with Radar,164,107,48,11,330,0,3,6,0,9,164,110,54,11,339,4,10,14,353
08/22/2007,JAX,FL,ASO,ES,Combined TRACON& Tower with Radar,156,102,33,14,305,0,0,3,0,3,156,102,36,14,308,0,0,0,308
08/23/2007,JAX,FL,ASO,ES,Combined TRACON& Tower with Radar,173,121,32,15,341,0,0,7,0,7,173,121,39,15,348,0,0,0,348
08/24/2007,JAX,FL,ASO,ES,Combined TRACON& Tower with Radar,169,117,23,12,321,0,0,10,1,11,169,117,33,13,332,0,0,0,332
08/25/2007,JAX,FL,ASO,ES,Combined TRACON& Tower with Radar,154,93,11,8,266,0,0,1,0,1,154,93,12,8,267,0,0,0,267
08/26/2007,JAX,FL,ASO,ES,Combined TRACON& Tower with Radar,149,90,10,0,249,0,2,6,0,8,149,92,16,0,257,0,0,0,257
08/27/2007,JAX,FL,ASO,ES,Combined TRACON& Tower with Radar,168,98,26,1,293,0,1,3,0,4,168,99,29,1,297,0,0,0,297
08/28/2007,JAX,FL,ASO,ES,Combined TRACON& Tower with Radar,183,124,41,13,361,0,3,8,1,12,183,127,49,14,373,0,0,0,373
08/29/2007,JAX,FL,ASO,ES,Combined TRACON& Tower with Radar,180,132,30,9,351,0,0,10,0,10,180,132,40,9,361,0,0,0,361
08/30/2007,JAX,FL,ASO,ES,Combined TRACON& Tower with Radar,183,124,42,8,357,0,0,28,0,28,183,124,70,8,385,0,0,0,385
08/31/2007,JAX,FL,ASO,ES,Combined TRACON& Tower with Radar,186,121,46,3,356,0,0,4,0,4,186,121,50,3,360,0,0,0,360
09/01/2007,JAX,FL,ASO,ES,Combined TRACON& Tower with Radar,147,80,11,0,238,0,1,7,0,8,147,81,18,0,246,0,0,0,246
09/02/2007,JAX,FL,ASO,ES,Combined TRACON& Tower with Radar,118,70,10,0,198,0,2,3,0,5,118,72,13,0,203,0,0,0,203
09/03/2007,JAX,FL,ASO,ES,Combined TRACON& Tower with Radar,149,92,17,1,259,0,1,9,0,10,149,93,26,1,269,0,0,0,269
09/04/2007,JAX,FL,ASO,ES,Combined TRACON& Tower with Radar,163,97,18,9,287,1,0,10,3,14,164,97,28,12,301,0,0,0,301
09/05/2007,JAX,FL,ASO,ES,Combined TRACON& Tower with Radar,176,100,31,4,311,0,0,11,0,11,176,100,42,4,322,0,0,0,322
09/06/2007,JAX,FL,ASO,ES,Combined TRACON& Tower with Radar,175,111,33,0,319,0,2,12,1,15,175,113,45,1,334,0,0,0,334
09/07/2007,JAX,FL,ASO,ES,Combined TRACON& Tower with Radar,182,102,21,4,309,0,1,11,0,12,182,103,32,4,321,4,0,4,325
09/08/2007,JAX,FL,ASO,ES,Combined TRACON& Tower with Radar,148,75,20,4,247,0,0,6,0,6,148,75,26,4,253,0,0,0,253
09/09/2007,JAX,FL,ASO,ES,Combined TRACON& Tower with Radar,156,69,32,5,262,0,0,12,1,13,156,69,44,6,275,0,0,0,275
09/10/2007,JAX,FL,ASO,ES,Combined TRACON& Tower with Radar,174,95,24,0,293,0,0,4,2,6,174,95,28,2,299,0,0,0,299
09/11/2007,JAX,FL,ASO,ES,Combined TRACON& Tower with Radar,184,116,25,2,327,0,1,2,2,5,184,117,27,4,332,0,0,0,332
09/12/2007,JAX,FL,ASO,ES,Combined TRACON& Tower with Radar,182,119,31,6,338,0,0,4,1,5,182,119,35,7,343,0,0,0,343
09/13/2007,JAX,FL,ASO,ES,Combined TRACON& Tower with Radar,189,124,33,1,347,0,0,13,1,14,189,124,46,2,361,12,8,20,381
09/14/2007,JAX,FL,ASO,ES,Combined TRACON& Tower with Radar,172,117,31,10,330,0,0,9,0,9,172,117,40,10,339,0,0,0,339
09/15/2007,JAX,FL,ASO,ES,Combined TRACON& Tower with Radar,154,70,15,5,244,0,2,9,0,11,154,72,24,5,255,0,0,0,255
09/16/2007,JAX,FL,ASO,ES,Combined TRACON& Tower with Radar,155,88,20,0,263,0,0,8,0,8,155,88,28,0,271,0,0,0,271
09/17/2007,JAX,FL,ASO,ES,Combined TRACON& Tower with Radar,166,105,20,13,304,0,3,0,0,3,166,108,20,13,307,0,36,36,343
09/18/2007,JAX,FL,ASO,ES,Combined TRACON& Tower with Radar,174,112,42,13,341,0,0,1,1,2,174,112,43,14,343,6,0,6,349
09/19/2007,JAX,FL,ASO,ES,Combined TRACON& Tower with Radar,171,110,28,12,321,0,0,0,0,0,171,110,28,12,321,0,0,0,321
09/20/2007,JAX,FL,ASO,ES,Combined TRACON& Tower with Radar,174,115,30,12,331,0,0,0,0,0,174,115,30,12,331,0,0,0,331
09/21/2007,JAX,FL,ASO,ES,Combined TRACON& Tower with Radar,171,115,23,8,317,0,0,1,0,1,171,115,24,8,318,0,0,0,318
09/22/2007,JAX,FL,ASO,ES,Combined TRACON& Tower with Radar,153,75,18,0,246,0,0,4,0,4,153,75,22,0,250,0,0,0,250
09/23/2007,JAX,FL,ASO,ES,Combined TRACON& Tower with Radar,167,78,19,3,267,0,1,8,0,9,167,79,27,3,276,0,0,0,276
09/24/2007,JAX,FL,ASO,ES,Combined TRACON& Tower with Radar,164,103,35,2,304,0,2,6,0,8,164,105,41,2,312,0,0,0,312
09/25/2007,JAX,FL,ASO,ES,Combined TRACON& Tower with Radar,178,104,37,5,324,0,0,4,2,6,178,104,41,7,330,0,0,0,330
09/26/2007,JAX,FL,ASO,ES,Combined TRACON& Tower with Radar,180,108,32,5,325,0,2,4,0,6,180,110,36,5,331,0,0,0,331
09/27/2007,JAX,FL,ASO,ES,Combined TRACON& Tower with Radar,188,118,47,12,365,0,2,7,2,11,188,120,54,14,376,0,0,0,376
09/28/2007,JAX,FL,ASO,ES,Combined TRACON& Tower with Radar,186,113,35,5,339,0,0,10,0,10,186,113,45,5,349,0,0,0,349
09/29/2007,JAX,FL,ASO,ES,Combined TRACON& Tower with Radar,154,86,69,0,309,0,0,12,0,12,154,86,81,0,321,0,0,0,321
09/30/2007,JAX,FL,ASO,ES,Combined TRACON& Tower with Radar,161,92,68,0,321,0,0,2,0,2,161,92,70,0,323,0,0,0,323
10/01/2007,JAX,FL,ASO,ES,Combined TRACON& Tower with Radar,163,105,21,8,297,0,2,5,12,19,163,107,26,20,316,0,0,0,316
10/02/2007,JAX,FL,ASO,ES,Combined TRACON& Tower with Radar,174,117,35,2,328,0,0,0,0,0,174,117,35,2,328,0,0,0,328
10/03/2007,JAX,FL,ASO,ES,Combined TRACON& Tower with Radar,175,109,30,8,322,0,0,2,0,2,175,109,32,8,324,0,0,0,324
10/04/2007,JAX,FL,ASO,ES,Combined TRACON& Tower with Radar,179,115,30,8,332,0,0,2,0,2,179,115,32,8,334,0,0,0,334
10/05/2007,JAX,FL,ASO,ES,Combined TRACON& Tower with Radar,178,105,17,0,300,0,0,0,0,0,178,105,17,0,300,0,0,0,300
10/06/2007,JAX,FL,ASO,ES,Combined TRACON& Tower with Radar,150,73,18,0,241,0,0,3,1,4,150,73,21,1,245,0,0,0,245
10/07/2007,JAX,FL,ASO,ES,Combined TRACON& Tower with Radar,148,78,20,0,246,0,0,3,0,3,148,78,23,0,249,0,0,0,249
10/08/2007,JAX,FL,ASO,ES,Combined TRACON& Tower with Radar,175,93,18,2,288,0,0,4,0,4,175,93,22,2,292,0,0,0,292
10/09/2007,JAX,FL,ASO,ES,Combined TRACON& Tower with Radar,174,102,35,12,323,0,1,6,0,7,174,103,41,12,330,0,0,0,330
10/10/2007,JAX,FL,ASO,ES,Combined TRACON& Tower with Radar,189,116,34,5,344,0,0,22,0,22,189,116,56,5,366,0,0,0,366
10/11/2007,JAX,FL,ASO,ES,Combined TRACON& Tower with Radar,184,114,25,8,331,0,0,15,0,15,184,114,40,8,346,0,0,0,346
10/12/2007,JAX,FL,ASO,ES,Combined TRACON& Tower with Radar,182,111,20,6,319,0,2,12,1,15,182,113,32,7,334,0,0,0,334
10/13/2007,JAX,FL,ASO,ES,Combined TRACON& Tower with Radar,148,75,21,10,254,0,0,8,2,10,148,75,29,12,264,0,0,0,264
10/14/2007,JAX,FL,ASO,ES,Combined TRACON& Tower with Radar,147,85,16,6,254,0,0,6,1,7,147,85,22,7,261,2,0,2,263
10/15/2007,JAX,FL,ASO,ES,Combined TRACON& Tower with Radar,164,92,30,14,300,0,0,8,1,9,164,92,38,15,309,0,0,0,309
10/16/2007,JAX,FL,ASO,ES,Combined TRACON& Tower with Radar,181,112,36,12,341,0,0,6,0,6,181,112,42,12,347,4,10,14,361
10/17/2007,JAX,FL,ASO,ES,Combined TRACON& Tower with Radar,175,117,26,11,329,0,2,15,2,19,175,119,41,13,348,2,18,20,368
10/18/2007,JAX,FL,ASO,ES,Combined TRACON& Tower with Radar,178,127,41,10,356,0,0,7,1,8,178,127,48,11,364,4,6,10,374
10/19/2007,JAX,FL,ASO,ES,Combined TRACON& Tower with Radar,172,117,27,13,329,0,0,4,0,4,172,117,31,13,333,2,0,2,335
10/20/2007,JAX,FL,ASO,ES,Combined TRACON& Tower with Radar,146,80,6,3,235,0,0,4,0,4,146,80,10,3,239,0,0,0,239
10/21/2007,JAX,FL,ASO,ES,Combined TRACON& Tower with Radar,149,82,27,0,258,0,0,3,0,3,149,82,30,0,261,0,0,0,261
10/22/2007,JAX,FL,ASO,ES,Combined TRACON& Tower with Radar,168,97,33,4,302,0,0,0,0,0,168,97,33,4,302,0,0,0,302
10/23/2007,JAX,FL,ASO,ES,Combined TRACON& Tower with Radar,196,144,48,19,407,0,1,9,2,12,196,145,57,21,419,4,18,22,441
10/24/2007,JAX,FL,ASO,ES,Combined TRACON& Tower with Radar,183,119,24,11,337,0,1,0,0,1,183,120,24,11,338,0,0,0,338
10/25/2007,JAX,FL,ASO,ES,Combined TRACON& Tower with Radar,194,127,38,9,368,0,1,10,4,15,194,128,48,13,383,0,0,0,383
10/26/2007,JAX,FL,ASO,ES,Combined TRACON& Tower with Radar,176,134,38,5,353,0,0,3,0,3,176,134,41,5,356,0,0,0,356
10/27/2007,JAX,FL,ASO,ES,Combined TRACON& Tower with Radar,155,83,35,1,274,0,0,1,0,1,155,83,36,1,275,0,0,0,275
10/28/2007,JAX,FL,ASO,ES,Combined TRACON& Tower with Radar,150,87,28,1,266,0,0,4,0,4,150,87,32,1,270,0,0,0,270
10/29/2007,JAX,FL,ASO,ES,Combined TRACON& Tower with Radar,170,105,24,6,305,0,0,0,1,1,170,105,24,7,306,0,4,4,310
10/30/2007,JAX,FL,ASO,ES,Combined TRACON& Tower with Radar,179,115,35,7,336,0,0,4,1,5,179,115,39,8,341,0,0,0,341
10/31/2007,JAX,FL,ASO,ES,Combined TRACON& Tower with Radar,177,108,14,1,300,0,0,0,1,1,177,108,14,2,301,0,0,0,301
11/01/2007,JAX,FL,ASO,ES,Combined TRACON& Tower with Radar,177,121,23,5,326,0,0,2,0,2,177,121,25,5,328,0,0,0,328
11/02/2007,JAX,FL,ASO,ES,Combined TRACON& Tower with Radar,181,110,31,1,323,0,1,5,0,6,181,111,36,1,329,0,0,0,329
11/03/2007,JAX,FL,ASO,ES,Combined TRACON& Tower with Radar,149,77,16,2,244,0,0,5,1,6,149,77,21,3,250,0,0,0,250
11/04/2007,JAX,FL,ASO,ES,Combined TRACON& Tower with Radar,157,76,22,0,255,0,0,3,0,3,157,76,25,0,258,0,0,0,258
11/05/2007,JAX,FL,ASO,ES,Combined TRACON& Tower with Radar,172,87,32,1,292,0,1,16,0,17,172,88,48,1,309,0,0,0,309
11/06/2007,JAX,FL,ASO,ES,Combined TRACON& Tower with Radar,185,125,33,2,345,0,0,8,2,10,185,125,41,4,355,0,60,60,415
11/07/2007,JAX,FL,ASO,ES,Combined TRACON& Tower with Radar,194,114,43,2,353,0,0,1,2,3,194,114,44,4,356,0,20,20,376
11/08/2007,JAX,FL,ASO,ES,Combined TRACON& Tower with Radar,189,123,54,8,374,0,2,5,1,8,189,125,59,9,382,0,8,8,390
11/09/2007,JAX,FL,ASO,ES,Combined TRACON& Tower with Radar,181,110,34,19,344,0,1,13,3,17,181,111,47,22,361,0,0,0,361
11/10/2007,JAX,FL,ASO,ES,Combined TRACON& Tower with Radar,149,76,19,0,244,0,0,7,0,7,149,76,26,0,251,0,0,0,251
11/11/2007,JAX,FL,ASO,ES,Combined TRACON& Tower with Radar,156,74,19,0,249,0,1,7,1,9,156,75,26,1,258,0,0,0,258
11/12/2007,JAX,FL,ASO,ES,Combined TRACON& Tower with Radar,166,93,26,0,285,0,2,7,0,9,166,95,33,0,294,0,0,0,294
11/13/2007,JAX,FL,ASO,ES,Combined TRACON& Tower with Radar,186,92,23,0,301,1,0,9,0,10,187,92,32,0,311,8,0,8,319
11/14/2007,JAX,FL,ASO,ES,Combined TRACON& Tower with Radar,175,108,46,0,329,0,0,8,2,10,175,108,54,2,339,0,0,0,339
11/15/2007,JAX,FL,ASO,ES,Combined TRACON& Tower with Radar,182,127,51,1,361,0,0,9,0,9,182,127,60,1,370,0,0,0,370
11/16/2007,JAX,FL,ASO,ES,Combined TRACON& Tower with Radar,174,107,41,2,324,0,1,9,0,10,174,108,50,2,334,0,0,0,334
11/17/2007,JAX,FL,ASO,ES,Combined TRACON& Tower with Radar,148,73,30,2,253,0,0,17,0,17,148,73,47,2,270,0,0,0,270
11/18/2007,JAX,FL,ASO,ES,Combined TRACON& Tower with Radar,160,77,27,2,266,0,0,3,0,3,160,77,30,2,269,0,0,0,269
11/19/2007,JAX,FL,ASO,ES,Combined TRACON& Tower with Radar,180,90,26,3,299,0,0,5,0,5,180,90,31,3,304,4,58,62,366
11/20/2007,JAX,FL,ASO,ES,Combined TRACON& Tower with Radar,189,108,31,2,330,0,3,2,2,7,189,111,33,4,337,0,0,0,337
11/21/2007,JAX,FL,ASO,ES,Combined TRACON& Tower with Radar,182,110,20,0,312,0,1,7,0,8,182,111,27,0,320,0,0,0,320
11/22/2007,JAX,FL,ASO,ES,Combined TRACON& Tower with Radar,138,77,3,0,218,0,0,2,0,2,138,77,5,0,220,0,0,0,220
11/23/2007,JAX,FL,ASO,ES,Combined TRACON& Tower with Radar,140,58,15,0,213,0,0,2,2,4,140,58,17,2,217,0,27,27,244
11/24/2007,JAX,FL,ASO,ES,Combined TRACON& Tower with Radar,139,78,10,0,227,0,1,0,0,1,139,79,10,0,228,0,0,0,228
11/25/2007,JAX,FL,ASO,ES,Combined TRACON& Tower with Radar,164,91,27,1,283,0,0,0,0,0,164,91,27,1,283,0,0,0,283
11/26/2007,JAX,FL,ASO,ES,Combined TRACON& Tower with Radar,167,90,23,6,286,0,0,7,0,7,167,90,30,6,293,0,0,0,293
11/27/2007,JAX,FL,ASO,ES,Combined TRACON& Tower with Radar,183,102,39,0,324,0,2,6,1,9,183,104,45,1,333,0,0,0,333
11/28/2007,JAX,FL,ASO,ES,Combined TRACON& Tower with Radar,177,100,36,1,314,0,0,11,0,11,177,100,47,1,325,0,0,0,325
11/29/2007,JAX,FL,ASO,ES,Combined TRACON& Tower with Radar,207,113,33,2,355,0,0,1,0,1,207,113,34,2,356,0,0,0,356
11/30/2007,JAX,FL,ASO,ES,Combined TRACON& Tower with Radar,186,95,55,2,338,0,1,1,1,3,186,96,56,3,341,0,0,0,341
12/01/2007,JAX,FL,ASO,ES,Combined TRACON& Tower with Radar,146,87,42,3,278,0,0,13,0,13,146,87,55,3,291,0,0,0,291
12/02/2007,JAX,FL,ASO,ES,Combined TRACON& Tower with Radar,159,64,20,6,249,0,0,5,0,5,159,64,25,6,254,0,0,0,254
12/03/2007,JAX,FL,ASO,ES,Combined TRACON& Tower with Radar,168,97,31,4,300,0,2,6,3,11,168,99,37,7,311,8,64,72,383
12/04/2007,JAX,FL,ASO,ES,Combined TRACON& Tower with Radar,184,115,28,7,334,0,0,11,0,11,184,115,39,7,345,0,0,0,345
12/05/2007,JAX,FL,ASO,ES,Combined TRACON& Tower with Radar,184,98,40,3,325,0,0,12,0,12,184,98,52,3,337,0,0,0,337
12/06/2007,JAX,FL,ASO,ES,Combined TRACON& Tower with Radar,190,120,39,2,351,0,0,8,0,8,190,120,47,2,359,0,0,0,359
12/07/2007,JAX,FL,ASO,ES,Combined TRACON& Tower with Radar,176,117,55,3,351,0,0,0,0,0,176,117,55,3,351,0,0,0,351
12/08/2007,JAX,FL,ASO,ES,Combined TRACON& Tower with Radar,146,68,15,4,233,0,0,4,1,5,146,68,19,5,238,0,0,0,238
12/09/2007,JAX,FL,ASO,ES,Combined TRACON& Tower with Radar,157,76,30,2,265,0,2,7,0,9,157,78,37,2,274,0,0,0,274
12/10/2007,JAX,FL,ASO,ES,Combined TRACON& Tower with Radar,167,95,43,0,305,0,0,8,0,8,167,95,51,0,313,0,0,0,313
12/11/2007,JAX,FL,ASO,ES,Combined TRACON& Tower with Radar,174,99,29,12,314,0,2,7,5,14,174,101,36,17,328,0,0,0,328
12/12/2007,JAX,FL,ASO,ES,Combined TRACON& Tower with Radar,181,99,56,2,338,0,0,8,3,11,181,99,64,5,349,4,10,14,363
12/13/2007,JAX,FL,ASO,ES,Combined TRACON& Tower with Radar,177,111,38,0,326,0,0,21,0,21,177,111,59,0,347,0,0,0,347
12/14/2007,JAX,FL,ASO,ES,Combined TRACON& Tower with Radar,173,103,54,1,331,0,1,9,0,10,173,104,63,1,341,0,0,0,341
12/15/2007,JAX,FL,ASO,ES,Combined TRACON& Tower with Radar,148,59,12,0,219,0,0,2,0,2,148,59,14,0,221,0,0,0,221
12/16/2007,JAX,FL,ASO,ES,Combined TRACON& Tower with Radar,147,68,11,3,229,0,0,3,4,7,147,68,14,7,236,0,0,0,236
12/17/2007,JAX,FL,ASO,ES,Combined TRACON& Tower with Radar,172,106,33,3,314,0,0,2,0,2,172,106,35,3,316,0,0,0,316
12/18/2007,JAX,FL,ASO,ES,Combined TRACON& Tower with Radar,186,106,28,2,322,0,1,2,0,3,186,107,30,2,325,0,0,0,325
12/19/2007,JAX,FL,ASO,ES,Combined TRACON& Tower with Radar,204,110,31,1,346,0,1,10,2,13,204,111,41,3,359,0,0,0,359
12/20/2007,JAX,FL,ASO,ES,Combined TRACON& Tower with Radar,199,114,37,5,355,0,1,5,3,9,199,115,42,8,364,0,0,0,364
12/21/2007,JAX,FL,ASO,ES,Combined TRACON& Tower with Radar,182,104,23,2,311,0,0,1,0,1,182,104,24,2,312,0,12,12,324
12/22/2007,JAX,FL,ASO,ES,Combined TRACON& Tower with Radar,163,73,19,0,255,0,0,0,0,0,163,73,19,0,255,0,0,0,255
12/23/2007,JAX,FL,ASO,ES,Combined TRACON& Tower with Radar,164,63,10,0,237,0,0,3,0,3,164,63,13,0,240,0,0,0,240
12/24/2007,JAX,FL,ASO,ES,Combined TRACON& Tower with Radar,154,78,1,0,233,0,0,0,0,0,154,78,1,0,233,0,0,0,233
12/25/2007,JAX,FL,ASO,ES,Combined TRACON& Tower with Radar,126,80,4,0,210,0,0,0,0,0,126,80,4,0,210,0,0,0,210
12/26/2007,JAX,FL,ASO,ES,Combined TRACON& Tower with Radar,182,95,11,0,288,0,0,2,0,2,182,95,13,0,290,0,0,0,290
12/27/2007,JAX,FL,ASO,ES,Combined TRACON& Tower with Radar,185,96,28,4,313,0,0,8,0,8,185,96,36,4,321,0,0,0,321
12/28/2007,JAX,FL,ASO,ES,Combined TRACON& Tower with Radar,184,118,23,8,333,0,0,12,0,12,184,118,35,8,345,0,0,0,345
12/29/2007,JAX,FL,ASO,ES,Combined TRACON& Tower with Radar,162,85,15,0,262,0,0,4,0,4,162,85,19,0,266,0,0,0,266
12/30/2007,JAX,FL,ASO,ES,Combined TRACON& Tower with Radar,162,81,31,0,274,0,0,0,0,0,162,81,31,0,274,0,0,0,274
12/31/2007,JAX,FL,ASO,ES,Combined TRACON& Tower with Radar,159,74,31,0,264,0,0,8,0,8,159,74,39,0,272,0,0,0,272
01/01/2008,JAX,FL,ASO,ES,Combined TRACON& Tower with Radar,147,93,24,0,264,0,1,9,0,10,147,94,33,0,274,0,0,0,274
01/02/2008,JAX,FL,ASO,ES,Combined TRACON& Tower with Radar,183,92,41,0,316,0,0,7,0,7,183,92,48,0,323,0,0,0,323
01/03/2008,JAX,FL,ASO,ES,Combined TRACON& Tower with Radar,187,117,28,10,342,0,0,4,0,4,187,117,32,10,346,0,0,0,346
01/04/2008,JAX,FL,ASO,ES,Combined TRACON& Tower with Radar,178,93,29,6,306,0,1,7,4,12,178,94,36,10,318,0,0,0,318
01/05/2008,JAX,FL,ASO,ES,Combined TRACON& Tower with Radar,152,65,24,2,243,0,0,1,0,1,152,65,25,2,244,0,0,0,244
01/06/2008,JAX,FL,ASO,ES,Combined TRACON& Tower with Radar,164,63,23,0,250,0,0,2,0,2,164,63,25,0,252,0,0,0,252
01/07/2008,JAX,FL,ASO,ES,Combined TRACON& Tower with Radar,163,83,23,2,271,0,1,7,0,8,163,84,30,2,279,0,0,0,279
01/08/2008,JAX,FL,ASO,ES,Combined TRACON& Tower with Radar,194,103,30,2,329,0,3,2,0,5,194,106,32,2,334,2,9,11,345
01/09/2008,JAX,FL,ASO,ES,Combined TRACON& Tower with Radar,188,95,39,19,341,0,0,7,3,10,188,95,46,22,351,0,0,0,351
01/10/2008,JAX,FL,ASO,ES,Combined TRACON& Tower with Radar,166,107,38,28,339,0,1,9,3,13,166,108,47,31,352,0,0,0,352
01/11/2008,JAX,FL,ASO,ES,Combined TRACON& Tower with Radar,182,92,32,18,324,0,0,2,0,2,182,92,34,18,326,0,0,0,326
01/12/2008,JAX,FL,ASO,ES,Combined TRACON& Tower with Radar,145,72,15,18,250,0,0,0,0,0,145,72,15,18,250,0,0,0,250
01/13/2008,JAX,FL,ASO,ES,Combined TRACON& Tower with Radar,165,70,14,13,262,0,0,0,3,3,165,70,14,16,265,0,0,0,265
01/14/2008,JAX,FL,ASO,ES,Combined TRACON& Tower with Radar,161,88,23,0,272,0,1,3,0,4,161,89,26,0,276,0,0,0,276
01/15/2008,JAX,FL,ASO,ES,Combined TRACON& Tower with Radar,173,102,38,17,330,0,1,7,4,12,173,103,45,21,342,0,0,0,342
01/16/2008,JAX,FL,ASO,ES,Combined TRACON& Tower with Radar,171,113,36,20,340,0,1,1,0,2,171,114,37,20,342,0,18,18,360
01/17/2008,JAX,FL,ASO,ES,Combined TRACON& Tower with Radar,172,104,36,21,333,0,2,1,2,5,172,106,37,23,338,0,0,0,338
01/18/2008,JAX,FL,ASO,ES,Combined TRACON& Tower with Radar,186,102,27,17,332,0,0,1,0,1,186,102,28,17,333,0,0,0,333
01/19/2008,JAX,FL,ASO,ES,Combined TRACON& Tower with Radar,132,72,26,2,232,0,1,0,0,1,132,73,26,2,233,0,0,0,233
01/20/2008,JAX,FL,ASO,ES,Combined TRACON& Tower with Radar,158,69,16,1,244,0,0,1,1,2,158,69,17,2,246,0,0,0,246
01/21/2008,JAX,FL,ASO,ES,Combined TRACON& Tower with Radar,165,92,29,0,286,0,0,2,0,2,165,92,31,0,288,0,0,0,288
01/22/2008,JAX,FL,ASO,ES,Combined TRACON& Tower with Radar,166,99,30,13,308,0,0,7,0,7,166,99,37,13,315,0,0,0,315
01/23/2008,JAX,FL,ASO,ES,Combined TRACON& Tower with Radar,173,100,45,19,337,0,1,3,0,4,173,101,48,19,341,0,0,0,341
01/24/2008,JAX,FL,ASO,ES,Combined TRACON& Tower with Radar,178,108,44,17,347,0,0,4,0,4,178,108,48,17,351,0,0,0,351
01/25/2008,JAX,FL,ASO,ES,Combined TRACON& Tower with Radar,168,103,35,19,325,0,0,7,3,10,168,103,42,22,335,0,0,0,335
01/26/2008,JAX,FL,ASO,ES,Combined TRACON& Tower with Radar,134,71,9,0,214,0,0,0,0,0,134,71,9,0,214,0,0,0,214
01/27/2008,JAX,FL,ASO,ES,Combined TRACON& Tower with Radar,154,65,16,4,239,0,1,7,4,12,154,66,23,8,251,0,0,0,251
01/28/2008,JAX,FL,ASO,ES,Combined TRACON& Tower with Radar,165,92,29,0,286,0,0,14,0,14,165,92,43,0,300,0,0,0,300
01/29/2008,JAX,FL,ASO,ES,Combined TRACON& Tower with Radar,168,103,32,6,309,0,1,11,0,12,168,104,43,6,321,0,0,0,321
01/30/2008,JAX,FL,ASO,ES,Combined TRACON& Tower with Radar,176,89,40,12,317,0,0,4,0,4,176,89,44,12,321,0,0,0,321
01/31/2008,JAX,FL,ASO,ES,Combined TRACON& Tower with Radar,173,103,43,10,329,0,0,5,2,7,173,103,48,12,336,0,0,0,336
02/01/2008,JAX,FL,ASO,ES,Combined TRACON& Tower with Radar,171,100,29,11,311,0,0,4,9,13,171,100,33,20,324,0,24,24,348
02/02/2008,JAX,FL,ASO,ES,Combined TRACON& Tower with Radar,154,60,12,12,238,0,0,3,2,5,154,60,15,14,243,0,18,18,261
02/03/2008,JAX,FL,ASO,ES,Combined TRACON& Tower with Radar,153,60,18,0,231,0,0,3,0,3,153,60,21,0,234,0,0,0,234
02/04/2008,JAX,FL,ASO,ES,Combined TRACON& Tower with Radar,160,82,28,4,274,0,0,1,0,1,160,82,29,4,275,0,0,0,275
02/05/2008,JAX,FL,ASO,ES,Combined TRACON& Tower with Radar,188,101,30,10,329,0,0,5,4,9,188,101,35,14,338,0,0,0,338
02/06/2008,JAX,FL,ASO,ES,Combined TRACON& Tower with Radar,176,88,24,23,311,6,2,5,4,17,182,90,29,27,328,0,0,0,328
02/07/2008,JAX,FL,ASO,ES,Combined TRACON& Tower with Radar,177,102,38,6,323,0,0,3,0,3,177,102,41,6,326,0,11,11,337
02/08/2008,JAX,FL,ASO,ES,Combined TRACON& Tower with Radar,177,97,51,10,335,0,1,5,0,6,177,98,56,10,341,0,0,0,341
02/09/2008,JAX,FL,ASO,ES,Combined TRACON& Tower with Radar,140,64,19,6,229,0,0,16,0,16,140,64,35,6,245,0,0,0,245
02/10/2008,JAX,FL,ASO,ES,Combined TRACON& Tower with Radar,157,59,19,6,241,0,0,7,2,9,157,59,26,8,250,0,0,0,250
02/11/2008,JAX,FL,ASO,ES,Combined TRACON& Tower with Radar,170,76,37,3,286,1,0,6,4,11,171,76,43,7,297,0,0,0,297
02/12/2008,JAX,FL,ASO,ES,Combined TRACON& Tower with Radar,171,104,73,7,355,0,0,7,0,7,171,104,80,7,362,0,0,0,362
02/13/2008,JAX,FL,ASO,ES,Combined TRACON& Tower with Radar,176,106,49,10,341,0,2,1,1,4,176,108,50,11,345,0,14,14,359
02/14/2008,JAX,FL,ASO,ES,Combined TRACON& Tower with Radar,185,110,39,9,343,0,1,12,0,13,185,111,51,9,356,0,0,0,356
02/15/2008,JAX,FL,ASO,ES,Combined TRACON& Tower with Radar,182,101,16,8,307,0,0,14,0,14,182,101,30,8,321,8,0,8,329
02/16/2008,JAX,FL,ASO,ES,Combined TRACON& Tower with Radar,148,80,9,2,239,1,0,8,1,10,149,80,17,3,249,0,0,0,249
02/17/2008,JAX,FL,ASO,ES,Combined TRACON& Tower with Radar,156,71,11,4,242,0,0,2,0,2,156,71,13,4,244,0,0,0,244
02/18/2008,JAX,FL,ASO,ES,Combined TRACON& Tower with Radar,170,77,40,0,287,0,0,1,2,3,170,77,41,2,290,0,0,0,290
02/19/2008,JAX,FL,ASO,ES,Combined TRACON& Tower with Radar,186,100,33,26,345,0,2,6,2,10,186,102,39,28,355,0,12,12,367
02/20/2008,JAX,FL,ASO,ES,Combined TRACON& Tower with Radar,176,99,25,23,323,0,1,20,5,26,176,100,45,28,349,0,0,0,349
02/21/2008,JAX,FL,ASO,ES,Combined TRACON& Tower with Radar,184,95,35,25,339,0,2,2,4,8,184,97,37,29,347,0,0,0,347
02/22/2008,JAX,FL,ASO,ES,Combined TRACON& Tower with Radar,159,93,28,13,293,0,0,4,0,4,159,93,32,13,297,0,0,0,297
02/23/2008,JAX,FL,ASO,ES,Combined TRACON& Tower with Radar,155,66,22,1,244,0,1,3,0,4,155,67,25,1,248,10,0,10,258
02/24/2008,JAX,FL,ASO,ES,Combined TRACON& Tower with Radar,157,70,23,0,250,0,0,6,0,6,157,70,29,0,256,0,0,0,256
02/25/2008,JAX,FL,ASO,ES,Combined TRACON& Tower with Radar,171,88,26,9,294,1,3,17,0,21,172,91,43,9,315,4,0,4,319
02/26/2008,JAX,FL,ASO,ES,Combined TRACON& Tower with Radar,186,114,33,4,337,0,0,3,0,3,186,114,36,4,340,0,0,0,340
02/27/2008,JAX,FL,ASO,ES,Combined TRACON& Tower with Radar,187,100,23,4,314,0,0,4,0,4,187,100,27,4,318,0,0,0,318
02/28/2008,JAX,FL,ASO,ES,Combined TRACON& Tower with Radar,188,105,25,7,325,0,1,10,1,12,188,106,35,8,337,0,0,0,337
02/29/2008,JAX,FL,ASO,ES,Combined TRACON& Tower with Radar,175,93,30,12,310,0,0,9,2,11,175,93,39,14,321,0,0,0,321
03/01/2008,JAX,FL,ASO,ES,Combined TRACON& Tower with Radar,147,64,8,1,220,0,1,18,0,19,147,65,26,1,239,0,0,0,239
03/02/2008,JAX,FL,ASO,ES,Combined TRACON& Tower with Radar,154,64,19,3,240,0,0,7,0,7,154,64,26,3,247,0,0,0,247
03/03/2008,JAX,FL,ASO,ES,Combined TRACON& Tower with Radar,174,95,33,13,315,0,0,6,0,6,174,95,39,13,321,0,0,0,321
03/04/2008,JAX,FL,ASO,ES,Combined TRACON& Tower with Radar,168,98,27,14,307,0,0,0,0,0,168,98,27,14,307,0,0,0,307
03/05/2008,JAX,FL,ASO,ES,Combined TRACON& Tower with Radar,187,114,25,9,335,0,0,13,0,13,187,114,38,9,348,0,0,0,348
03/06/2008,JAX,FL,ASO,ES,Combined TRACON& Tower with Radar,178,110,29,13,330,0,0,14,6,20,178,110,43,19,350,0,0,0,350
03/07/2008,JAX,FL,ASO,ES,Combined TRACON& Tower with Radar,173,90,24,5,292,0,0,2,0,2,173,90,26,5,294,0,0,0,294
03/08/2008,JAX,FL,ASO,ES,Combined TRACON& Tower with Radar,155,72,27,18,272,0,0,3,0,3,155,72,30,18,275,0,8,8,283
03/09/2008,JAX,FL,ASO,ES,Combined TRACON& Tower with Radar,156,60,23,1,240,0,0,25,0,25,156,60,48,1,265,0,0,0,265
03/10/2008,JAX,FL,ASO,ES,Combined TRACON& Tower with Radar,168,88,35,0,291,0,2,14,0,16,168,90,49,0,307,0,0,0,307
03/11/2008,JAX,FL,ASO,ES,Combined TRACON& Tower with Radar,196,103,24,7,330,0,1,3,0,4,196,104,27,7,334,0,0,0,334
03/12/2008,JAX,FL,ASO,ES,Combined TRACON& Tower with Radar,197,115,35,10,357,0,0,14,0,14,197,115,49,10,371,0,0,0,371
03/13/2008,JAX,FL,ASO,ES,Combined TRACON& Tower with Radar,195,123,43,13,374,0,0,24,4,28,195,123,67,17,402,0,0,0,402
03/14/2008,JAX,FL,ASO,ES,Combined TRACON& Tower with Radar,199,109,30,10,348,0,0,8,1,9,199,109,38,11,357,0,0,0,357
03/15/2008,JAX,FL,ASO,ES,Combined TRACON& Tower with Radar,157,83,18,1,259,0,0,4,0,4,157,83,22,1,263,0,0,0,263
03/16/2008,JAX,FL,ASO,ES,Combined TRACON& Tower with Radar,170,78,17,5,270,0,0,15,0,15,170,78,32,5,285,0,0,0,285
03/17/2008,JAX,FL,ASO,ES,Combined TRACON& Tower with Radar,174,89,25,13,301,0,1,7,2,10,174,90,32,15,311,0,0,0,311
03/18/2008,JAX,FL,ASO,ES,Combined TRACON& Tower with Radar,176,105,34,22,337,0,0,6,0,6,176,105,40,22,343,0,0,0,343
03/19/2008,JAX,FL,ASO,ES,Combined TRACON& Tower with Radar,178,111,26,18,333,1,0,8,5,14,179,111,34,23,347,0,0,0,347
03/20/2008,JAX,FL,ASO,ES,Combined TRACON& Tower with Radar,193,104,22,14,333,0,0,7,1,8,193,104,29,15,341,0,0,0,341
03/21/2008,JAX,FL,ASO,ES,Combined TRACON& Tower with Radar,180,108,28,19,335,0,1,9,2,12,180,109,37,21,347,0,0,0,347
03/22/2008,JAX,FL,ASO,ES,Combined TRACON& Tower with Radar,156,79,15,0,250,0,1,1,0,2,156,80,16,0,252,0,0,0,252
03/23/2008,JAX,FL,ASO,ES,Combined TRACON& Tower with Radar,149,72,12,1,234,0,4,7,1,12,149,76,19,2,246,0,0,0,246
03/24/2008,JAX,FL,ASO,ES,Combined TRACON& Tower with Radar,177,93,19,0,289,0,0,7,0,7,177,93,26,0,296,0,0,0,296
03/25/2008,JAX,FL,ASO,ES,Combined TRACON& Tower with Radar,198,106,27,10,341,0,2,11,0,13,198,108,38,10,354,0,0,0,354
03/26/2008,JAX,FL,ASO,ES,Combined TRACON& Tower with Radar,195,110,38,15,358,0,0,12,5,17,195,110,50,20,375,2,16,18,393
03/27/2008,JAX,FL,ASO,ES,Combined TRACON& Tower with Radar,188,120,27,17,352,0,2,9,2,13,188,122,36,19,365,0,0,0,365
03/28/2008,JAX,FL,ASO,ES,Combined TRACON& Tower with Radar,187,118,39,13,357,0,0,12,4,16,187,118,51,17,373,0,0,0,373
03/29/2008,JAX,FL,ASO,ES,Combined TRACON& Tower with Radar,154,86,14,2,256,0,1,10,3,14,154,87,24,5,270,0,0,0,270
03/30/2008,JAX,FL,ASO,ES,Combined TRACON& Tower with Radar,161,62,17,8,248,0,0,0,0,0,161,62,17,8,248,0,0,0,248
03/31/2008,JAX,FL,ASO,ES,Combined TRACON& Tower with Radar,182,83,35,16,316,0,0,0,0,0,182,83,35,16,316,0,0,0,316
04/01/2008,JAX,FL,ASO,ES,Combined TRACON& Tower with Radar,189,102,21,12,324,0,1,12,0,13,189,103,33,12,337,0,0,0,337
04/02/2008,JAX,FL,ASO,ES,Combined TRACON& Tower with Radar,191,93,37,10,331,0,0,7,2,9,191,93,44,12,340,0,0,0,340
04/03/2008,JAX,FL,ASO,ES,Combined TRACON& Tower with Radar,183,106,46,3,338,0,0,1,0,1,183,106,47,3,339,0,0,0,339
04/04/2008,JAX,FL,ASO,ES,Combined TRACON& Tower with Radar,185,99,31,24,339,0,2,7,4,13,185,101,38,28,352,0,0,0,352
04/05/2008,JAX,FL,ASO,ES,Combined TRACON& Tower with Radar,158,72,17,2,249,0,1,1,0,2,158,73,18,2,251,0,0,0,251
04/06/2008,JAX,FL,ASO,ES,Combined TRACON& Tower with Radar,157,75,27,0,259,0,0,3,2,5,157,75,30,2,264,0,0,0,264
04/07/2008,JAX,FL,ASO,ES,Combined TRACON& Tower with Radar,175,94,29,2,300,0,0,3,0,3,175,94,32,2,303,0,0,0,303
04/08/2008,JAX,FL,ASO,ES,Combined TRACON& Tower with Radar,184,106,32,11,333,0,0,2,2,4,184,106,34,13,337,0,0,0,337
04/09/2008,JAX,FL,ASO,ES,Combined TRACON& Tower with Radar,185,98,33,10,326,0,0,19,0,19,185,98,52,10,345,0,0,0,345
04/10/2008,JAX,FL,ASO,ES,Combined TRACON& Tower with Radar,186,103,33,14,336,0,0,23,1,24,186,103,56,15,360,0,0,0,360
04/11/2008,JAX,FL,ASO,ES,Combined TRACON& Tower with Radar,172,97,37,13,319,0,0,18,1,19,172,97,55,14,338,0,0,0,338
04/12/2008,JAX,FL,ASO,ES,Combined TRACON& Tower with Radar,152,75,17,0,244,0,0,5,0,5,152,75,22,0,249,0,0,0,249
04/13/2008,JAX,FL,ASO,ES,Combined TRACON& Tower with Radar,167,71,29,6,273,0,0,13,1,14,167,71,42,7,287,0,0,0,287
04/14/2008,JAX,FL,ASO,ES,Combined TRACON& Tower with Radar,174,78,29,32,313,0,0,4,1,5,174,78,33,33,318,0,0,0,318
04/15/2008,JAX,FL,ASO,ES,Combined TRACON& Tower with Radar,184,98,34,14,330,0,0,1,0,1,184,98,35,14,331,0,0,0,331
04/16/2008,JAX,FL,ASO,ES,Combined TRACON& Tower with Radar,179,98,33,15,325,0,5,6,2,13,179,103,39,17,338,0,0,0,338
04/17/2008,JAX,FL,ASO,ES,Combined TRACON& Tower with Radar,185,107,28,14,334,0,0,9,2,11,185,107,37,16,345,0,0,0,345
04/18/2008,JAX,FL,ASO,ES,Combined TRACON& Tower with Radar,183,97,32,2,314,0,0,19,4,23,183,97,51,6,337,0,0,0,337
04/19/2008,JAX,FL,ASO,ES,Combined TRACON& Tower with Radar,156,76,11,23,266,0,1,7,2,10,156,77,18,25,276,0,0,0,276
04/20/2008,JAX,FL,ASO,ES,Combined TRACON& Tower with Radar,166,68,13,10,257,0,0,4,4,8,166,68,17,14,265,0,0,0,265
04/21/2008,JAX,FL,ASO,ES,Combined TRACON& Tower with Radar,177,82,19,4,282,0,5,9,0,14,177,87,28,4,296,0,0,0,296
04/22/2008,JAX,FL,ASO,ES,Combined TRACON& Tower with Radar,199,106,34,11,350,0,1,17,6,24,199,107,51,17,374,0,7,7,381
04/23/2008,JAX,FL,ASO,ES,Combined TRACON& Tower with Radar,194,97,23,16,330,0,0,5,1,6,194,97,28,17,336,0,0,0,336
04/24/2008,JAX,FL,ASO,ES,Combined TRACON& Tower with Radar,191,112,45,10,358,0,1,13,0,14,191,113,58,10,372,0,0,0,372
04/25/2008,JAX,FL,ASO,ES,Combined TRACON& Tower with Radar,177,98,30,11,316,0,0,7,2,9,177,98,37,13,325,0,0,0,325
04/26/2008,JAX,FL,ASO,ES,Combined TRACON& Tower with Radar,155,69,17,2,243,0,0,10,0,10,155,69,27,2,253,8,0,8,261
04/27/2008,JAX,FL,ASO,ES,Combined TRACON& Tower with Radar,168,80,19,14,281,1,0,7,3,11,169,80,26,17,292,0,0,0,292
04/28/2008,JAX,FL,ASO,ES,Combined TRACON& Tower with Radar,171,90,13,11,285,0,3,4,0,7,171,93,17,11,292,0,0,0,292
04/29/2008,JAX,FL,ASO,ES,Combined TRACON& Tower with Radar,188,105,44,18,355,0,0,14,1,15,188,105,58,19,370,0,0,0,370
04/30/2008,JAX,FL,ASO,ES,Combined TRACON& Tower with Radar,185,96,50,10,341,0,3,17,0,20,185,99,67,10,361,0,0,0,361
05/01/2008,JAX,FL,ASO,ES,Combined TRACON& Tower with Radar,179,108,44,8,339,0,0,8,0,8,179,108,52,8,347,0,0,0,347
05/02/2008,JAX,FL,ASO,ES,Combined TRACON& Tower with Radar,179,93,29,4,305,0,1,5,3,9,179,94,34,7,314,0,0,0,314
05/03/2008,JAX,FL,ASO,ES,Combined TRACON& Tower with Radar,161,64,14,1,240,0,1,13,2,16,161,65,27,3,256,0,0,0,256
05/04/2008,JAX,FL,ASO,ES,Combined TRACON& Tower with Radar,168,76,25,0,269,0,1,3,0,4,168,77,28,0,273,0,0,0,273
05/05/2008,JAX,FL,ASO,ES,Combined TRACON& Tower with Radar,168,85,25,2,280,0,0,11,0,11,168,85,36,2,291,0,0,0,291
05/06/2008,JAX,FL,ASO,ES,Combined TRACON& Tower with Radar,185,94,32,4,315,0,0,16,2,18,185,94,48,6,333,0,30,30,363
05/07/2008,JAX,FL,ASO,ES,Combined TRACON& Tower with Radar,209,106,38,6,359,0,1,12,5,18,209,107,50,11,377,0,10,10,387
05/08/2008,JAX,FL,ASO,ES,Combined TRACON& Tower with Radar,207,114,31,8,360,0,0,4,0,4,207,114,35,8,364,0,0,0,364
05/09/2008,JAX,FL,ASO,ES,Combined TRACON& Tower with Radar,200,95,36,13,344,0,0,7,1,8,200,95,43,14,352,0,0,0,352
05/10/2008,JAX,FL,ASO,ES,Combined TRACON& Tower with Radar,173,66,21,0,260,0,0,9,0,9,173,66,30,0,269,0,0,0,269
05/11/2008,JAX,FL,ASO,ES,Combined TRACON& Tower with Radar,158,64,20,2,244,0,0,1,1,2,158,64,21,3,246,0,0,0,246
05/12/2008,JAX,FL,ASO,ES,Combined TRACON& Tower with Radar,175,90,21,10,296,0,0,4,1,5,175,90,25,11,301,0,0,0,301
05/13/2008,JAX,FL,ASO,ES,Combined TRACON& Tower with Radar,185,86,16,10,297,0,1,6,3,10,185,87,22,13,307,0,0,0,307
05/14/2008,JAX,FL,ASO,ES,Combined TRACON& Tower with Radar,183,99,37,17,336,0,0,15,0,15,183,99,52,17,351,0,0,0,351
05/15/2008,JAX,FL,ASO,ES,Combined TRACON& Tower with Radar,180,100,26,16,322,0,0,9,2,11,180,100,35,18,333,0,6,6,339
05/16/2008,JAX,FL,ASO,ES,Combined TRACON& Tower with Radar,185,88,54,24,351,0,0,4,0,4,185,88,58,24,355,0,0,0,355
05/17/2008,JAX,FL,ASO,ES,Combined TRACON& Tower with Radar,125,52,10,16,203,0,1,3,0,4,125,53,13,16,207,0,0,0,207
05/18/2008,JAX,FL,ASO,ES,Combined TRACON& Tower with Radar,169,65,23,6,263,0,0,10,0,10,169,65,33,6,273,0,0,0,273
05/19/2008,JAX,FL,ASO,ES,Combined TRACON& Tower with Radar,178,69,21,0,268,0,0,3,2,5,178,69,24,2,273,0,0,0,273
05/20/2008,JAX,FL,ASO,ES,Combined TRACON& Tower with Radar,181,90,38,9,318,0,0,9,1,10,181,90,47,10,328,0,0,0,328
05/21/2008,JAX,FL,ASO,ES,Combined TRACON& Tower with Radar,199,99,33,17,348,0,2,4,0,6,199,101,37,17,354,0,0,0,354
05/22/2008,JAX,FL,ASO,ES,Combined TRACON& Tower with Radar,199,117,51,10,377,0,1,6,5,12,199,118,57,15,389,0,0,0,389
05/23/2008,JAX,FL,ASO,ES,Combined TRACON& Tower with Radar,197,107,32,11,347,0,0,6,0,6,197,107,38,11,353,0,0,0,353
05/24/2008,JAX,FL,ASO,ES,Combined TRACON& Tower with Radar,165,63,9,5,242,0,0,2,0,2,165,63,11,5,244,0,0,0,244
05/25/2008,JAX,FL,ASO,ES,Combined TRACON& Tower with Radar,154,47,5,6,212,0,0,3,1,4,154,47,8,7,216,0,0,0,216
05/26/2008,JAX,FL,ASO,ES,Combined TRACON& Tower with Radar,157,69,18,0,244,0,0,6,0,6,157,69,24,0,250,0,0,0,250
05/27/2008,JAX,FL,ASO,ES,Combined TRACON& Tower with Radar,170,89,30,19,308,0,0,7,2,9,170,89,37,21,317,0,0,0,317
05/28/2008,JAX,FL,ASO,ES,Combined TRACON& Tower with Radar,186,103,44,10,343,0,4,5,2,11,186,107,49,12,354,0,0,0,354
05/29/2008,JAX,FL,ASO,ES,Combined TRACON& Tower with Radar,183,102,28,17,330,0,0,17,2,19,183,102,45,19,349,0,0,0,349
05/30/2008,JAX,FL,ASO,ES,Combined TRACON& Tower with Radar,179,88,23,8,298,0,0,5,1,6,179,88,28,9,304,0,0,0,304
05/31/2008,JAX,FL,ASO,ES,Combined TRACON& Tower with Radar,160,60,17,0,237,0,0,2,0,2,160,60,19,0,239,0,0,0,239
06/01/2008,JAX,FL,ASO,ES,Combined TRACON& Tower with Radar,160,67,14,4,245,0,0,7,1,8,160,67,21,5,253,0,0,0,253
06/02/2008,JAX,FL,ASO,ES,Combined TRACON& Tower with Radar,177,79,14,4,274,0,0,3,0,3,177,79,17,4,277,0,0,0,277
06/03/2008,JAX,FL,ASO,ES,Combined TRACON& Tower with Radar,178,94,35,15,322,0,0,5,2,7,178,94,40,17,329,0,0,0,329
06/04/2008,JAX,FL,ASO,ES,Combined TRACON& Tower with Radar,184,94,31,10,319,0,0,8,0,8,184,94,39,10,327,0,0,0,327
06/05/2008,JAX,FL,ASO,ES,Combined TRACON& Tower with Radar,181,96,55,11,343,0,1,9,0,10,181,97,64,11,353,0,0,0,353
06/06/2008,JAX,FL,ASO,ES,Combined TRACON& Tower with Radar,181,90,25,21,317,1,0,11,5,17,182,90,36,26,334,0,0,0,334
06/07/2008,JAX,FL,ASO,ES,Combined TRACON& Tower with Radar,155,67,11,1,234,0,0,5,0,5,155,67,16,1,239,0,0,0,239
06/08/2008,JAX,FL,ASO,ES,Combined TRACON& Tower with Radar,148,71,18,4,241,0,0,10,3,13,148,71,28,7,254,0,0,0,254
06/09/2008,JAX,FL,ASO,ES,Combined TRACON& Tower with Radar,184,82,24,18,308,0,0,3,1,4,184,82,27,19,312,0,0,0,312
06/10/2008,JAX,FL,ASO,ES,Combined TRACON& Tower with Radar,171,93,40,14,318,0,2,11,0,13,171,95,51,14,331,0,0,0,331
06/11/2008,JAX,FL,ASO,ES,Combined TRACON& Tower with Radar,177,93,26,16,312,0,0,7,3,10,177,93,33,19,322,0,0,0,322
06/12/2008,JAX,FL,ASO,ES,Combined TRACON& Tower with Radar,179,112,38,8,337,0,0,3,3,6,179,112,41,11,343,0,8,8,351
06/13/2008,JAX,FL,ASO,ES,Combined TRACON& Tower with Radar,168,106,35,9,318,0,0,6,1,7,168,106,41,10,325,0,0,0,325
06/14/2008,JAX,FL,ASO,ES,Combined TRACON& Tower with Radar,160,59,15,0,234,0,0,6,0,6,160,59,21,0,240,0,0,0,240
06/15/2008,JAX,FL,ASO,ES,Combined TRACON& Tower with Radar,146,71,16,0,233,0,0,8,0,8,146,71,24,0,241,0,0,0,241
06/16/2008,JAX,FL,ASO,ES,Combined TRACON& Tower with Radar,171,88,31,0,290,0,0,9,0,9,171,88,40,0,299,0,0,0,299
06/17/2008,JAX,FL,ASO,ES,Combined TRACON& Tower with Radar,174,102,26,23,325,0,1,3,0,4,174,103,29,23,329,0,10,10,339
06/18/2008,JAX,FL,ASO,ES,Combined TRACON& Tower with Radar,180,104,23,8,315,1,3,6,2,12,181,107,29,10,327,0,0,0,327
06/19/2008,JAX,FL,ASO,ES,Combined TRACON& Tower with Radar,182,108,43,12,345,0,1,3,0,4,182,109,46,12,349,0,0,0,349
06/20/2008,JAX,FL,ASO,ES,Combined TRACON& Tower with Radar,191,96,34,7,328,0,0,9,5,14,191,96,43,12,342,0,0,0,342
06/21/2008,JAX,FL,ASO,ES,Combined TRACON& Tower with Radar,167,64,16,3,250,0,0,5,1,6,167,64,21,4,256,0,0,0,256
06/22/2008,JAX,FL,ASO,ES,Combined TRACON& Tower with Radar,154,74,18,14,260,0,1,1,0,2,154,75,19,14,262,0,0,0,262
06/23/2008,JAX,FL,ASO,ES,Combined TRACON& Tower with Radar,167,94,26,16,303,0,0,8,2,10,167,94,34,18,313,0,0,0,313
06/24/2008,JAX,FL,ASO,ES,Combined TRACON& Tower with Radar,174,100,34,6,314,0,0,4,8,12,174,100,38,14,326,0,0,0,326
06/25/2008,JAX,FL,ASO,ES,Combined TRACON& Tower with Radar,183,104,36,4,327,0,0,8,2,10,183,104,44,6,337,0,0,0,337
06/26/2008,JAX,FL,ASO,ES,Combined TRACON& Tower with Radar,178,116,20,5,319,0,0,3,0,3,178,116,23,5,322,0,0,0,322
06/27/2008,JAX,FL,ASO,ES,Combined TRACON& Tower with Radar,165,105,27,9,306,0,0,6,1,7,165,105,33,10,313,0,0,0,313
06/28/2008,JAX,FL,ASO,ES,Combined TRACON& Tower with Radar,160,64,12,2,238,0,0,6,0,6,160,64,18,2,244,0,0,0,244
06/29/2008,JAX,FL,ASO,ES,Combined TRACON& Tower with Radar,147,72,8,5,232,0,1,3,3,7,147,73,11,8,239,0,0,0,239
06/30/2008,JAX,FL,ASO,ES,Combined TRACON& Tower with Radar,165,85,6,12,268,0,2,2,1,5,165,87,8,13,273,0,0,0,273
07/01/2008,JAX,FL,ASO,ES,Combined TRACON& Tower with Radar,170,96,14,13,293,0,2,7,1,10,170,98,21,14,303,10,0,10,313
07/02/2008,JAX,FL,ASO,ES,Combined TRACON& Tower with Radar,183,92,21,15,311,0,0,11,4,15,183,92,32,19,326,0,28,28,354
07/03/2008,JAX,FL,ASO,ES,Combined TRACON& Tower with Radar,181,103,18,7,309,0,0,9,0,9,181,103,27,7,318,0,0,0,318
07/04/2008,JAX,FL,ASO,ES,Combined TRACON& Tower with Radar,138,58,6,2,204,0,0,10,0,10,138,58,16,2,214,0,0,0,214
07/05/2008,JAX,FL,ASO,ES,Combined TRACON& Tower with Radar,151,64,5,2,222,0,0,2,0,2,151,64,7,2,224,0,0,0,224
07/06/2008,JAX,FL,ASO,ES,Combined TRACON& Tower with Radar,161,72,9,0,242,0,0,4,0,4,161,72,13,0,246,0,0,0,246
07/07/2008,JAX,FL,ASO,ES,Combined TRACON& Tower with Radar,177,74,27,11,289,0,0,4,3,7,177,74,31,14,296,0,0,0,296
07/08/2008,JAX,FL,ASO,ES,Combined TRACON& Tower with Radar,183,97,28,10,318,0,0,10,1,11,183,97,38,11,329,0,0,0,329
07/09/2008,JAX,FL,ASO,ES,Combined TRACON& Tower with Radar,166,90,25,10,291,0,0,9,3,12,166,90,34,13,303,0,0,0,303
07/10/2008,JAX,FL,ASO,ES,Combined TRACON& Tower with Radar,180,90,26,10,306,0,0,6,1,7,180,90,32,11,313,16,14,30,343
07/11/2008,JAX,FL,ASO,ES,Combined TRACON& Tower with Radar,171,88,28,4,291,0,0,11,0,11,171,88,39,4,302,0,0,0,302
07/12/2008,JAX,FL,ASO,ES,Combined TRACON& Tower with Radar,160,66,10,1,237,0,0,3,0,3,160,66,13,1,240,0,0,0,240
07/13/2008,JAX,FL,ASO,ES,Combined TRACON& Tower with Radar,151,63,10,1,225,0,0,4,1,5,151,63,14,2,230,0,0,0,230
07/14/2008,JAX,FL,ASO,ES,Combined TRACON& Tower with Radar,162,71,16,21,270,0,1,8,0,9,162,72,24,21,279,0,0,0,279
07/15/2008,JAX,FL,ASO,ES,Combined TRACON& Tower with Radar,182,93,26,13,314,0,0,0,0,0,182,93,26,13,314,4,6,10,324
07/16/2008,JAX,FL,ASO,ES,Combined TRACON& Tower with Radar,178,101,19,18,316,0,2,9,0,11,178,103,28,18,327,0,0,0,327
07/17/2008,JAX,FL,ASO,ES,Combined TRACON& Tower with Radar,172,98,41,9,320,0,0,0,0,0,172,98,41,9,320,0,0,0,320
07/18/2008,JAX,FL,ASO,ES,Combined TRACON& Tower with Radar,171,108,33,17,329,0,0,4,0,4,171,108,37,17,333,0,0,0,333
07/19/2008,JAX,FL,ASO,ES,Combined TRACON& Tower with Radar,158,58,19,0,235,0,0,7,1,8,158,58,26,1,243,0,0,0,243
07/20/2008,JAX,FL,ASO,ES,Combined TRACON& Tower with Radar,163,64,27,0,254,0,0,8,1,9,163,64,35,1,263,0,0,0,263
07/21/2008,JAX,FL,ASO,ES,Combined TRACON& Tower with Radar,162,85,27,7,281,0,3,4,2,9,162,88,31,9,290,0,0,0,290
07/22/2008,JAX,FL,ASO,ES,Combined TRACON& Tower with Radar,179,108,37,7,331,0,1,0,2,3,179,109,37,9,334,0,8,8,342
07/23/2008,JAX,FL,ASO,ES,Combined TRACON& Tower with Radar,170,98,40,12,320,0,0,4,1,5,170,98,44,13,325,0,0,0,325
07/24/2008,JAX,FL,ASO,ES,Combined TRACON& Tower with Radar,173,104,24,29,330,0,0,8,4,12,173,104,32,33,342,0,0,0,342
07/25/2008,JAX,FL,ASO,ES,Combined TRACON& Tower with Radar,173,96,26,7,302,0,0,5,2,7,173,96,31,9,309,0,0,0,309
07/26/2008,JAX,FL,ASO,ES,Combined TRACON& Tower with Radar,157,61,9,2,229,0,0,3,0,3,157,61,12,2,232,0,0,0,232
07/27/2008,JAX,FL,ASO,ES,Combined TRACON& Tower with Radar,144,56,24,4,228,0,0,6,0,6,144,56,30,4,234,0,0,0,234
07/28/2008,JAX,FL,ASO,ES,Combined TRACON& Tower with Radar,171,75,16,1,263,0,1,3,0,4,171,76,19,1,267,0,0,0,267
07/29/2008,JAX,FL,ASO,ES,Combined TRACON& Tower with Radar,170,85,22,4,281,0,0,6,3,9,170,85,28,7,290,0,0,0,290
07/30/2008,JAX,FL,ASO,ES,Combined TRACON& Tower with Radar,177,88,27,11,303,0,1,7,2,10,177,89,34,13,313,0,28,28,341
07/31/2008,JAX,FL,ASO,ES,Combined TRACON& Tower with Radar,172,89,13,5,279,0,0,4,2,6,172,89,17,7,285,0,18,18,303
08/01/2008,JAX,FL,ASO,ES,Combined TRACON& Tower with Radar,176,87,14,13,290,0,0,5,3,8,176,87,19,16,298,0,20,20,318
08/02/2008,JAX,FL,ASO,ES,Combined TRACON& Tower with Radar,150,57,14,0,221,0,0,2,0,2,150,57,16,0,223,0,0,0,223
08/03/2008,JAX,FL,ASO,ES,Combined TRACON& Tower with Radar,156,61,13,0,230,0,0,10,6,16,156,61,23,6,246,0,0,0,246
08/04/2008,JAX,FL,ASO,ES,Combined TRACON& Tower with Radar,169,74,20,10,273,0,2,0,4,6,169,76,20,14,279,0,4,4,283
08/05/2008,JAX,FL,ASO,ES,Combined TRACON& Tower with Radar,173,90,21,17,301,0,0,7,3,10,173,90,28,20,311,0,0,0,311
08/06/2008,JAX,FL,ASO,ES,Combined TRACON& Tower with Radar,175,86,23,3,287,0,0,9,0,9,175,86,32,3,296,0,0,0,296
08/07/2008,JAX,FL,ASO,ES,Combined TRACON& Tower with Radar,174,92,40,7,313,0,0,4,4,8,174,92,44,11,321,0,0,0,321
08/08/2008,JAX,FL,ASO,ES,Combined TRACON& Tower with Radar,175,82,17,12,286,0,0,4,0,4,175,82,21,12,290,0,0,0,290
08/09/2008,JAX,FL,ASO,ES,Combined TRACON& Tower with Radar,159,60,11,1,231,0,0,3,0,3,159,60,14,1,234,0,0,0,234
08/10/2008,JAX,FL,ASO,ES,Combined TRACON& Tower with Radar,149,57,15,1,222,0,0,3,1,4,149,57,18,2,226,0,0,0,226
08/11/2008,JAX,FL,ASO,ES,Combined TRACON& Tower with Radar,157,72,30,0,259,0,2,4,0,6,157,74,34,0,265,0,0,0,265
08/12/2008,JAX,FL,ASO,ES,Combined TRACON& Tower with Radar,182,88,30,2,302,0,0,8,0,8,182,88,38,2,310,0,0,0,310
08/13/2008,JAX,FL,ASO,ES,Combined TRACON& Tower with Radar,170,80,27,0,277,0,0,2,0,2,170,80,29,0,279,0,0,0,279
08/14/2008,JAX,FL,ASO,ES,Combined TRACON& Tower with Radar,172,101,27,6,306,0,0,0,0,0,172,101,27,6,306,0,0,0,306
08/15/2008,JAX,FL,ASO,ES,Combined TRACON& Tower with Radar,171,81,31,1,284,0,1,5,0,6,171,82,36,1,290,0,0,0,290
08/16/2008,JAX,FL,ASO,ES,Combined TRACON& Tower with Radar,159,63,16,0,238,0,0,3,0,3,159,63,19,0,241,0,0,0,241
08/17/2008,JAX,FL,ASO,ES,Combined TRACON& Tower with Radar,158,56,14,3,231,0,0,10,4,14,158,56,24,7,245,0,0,0,245
08/18/2008,JAX,FL,ASO,ES,Combined TRACON& Tower with Radar,166,82,25,3,276,0,0,1,0,1,166,82,26,3,277,0,0,0,277
08/19/2008,JAX,FL,ASO,ES,Combined TRACON& Tower with Radar,163,89,17,1,270,0,0,1,0,1,163,89,18,1,271,0,0,0,271
08/20/2008,JAX,FL,ASO,ES,Combined TRACON& Tower with Radar,171,78,5,2,256,0,0,0,0,0,171,78,5,2,256,0,0,0,256
08/21/2008,JAX,FL,ASO,ES,Combined TRACON& Tower with Radar,151,55,2,0,208,0,0,0,0,0,151,55,2,0,208,0,0,0,208
08/22/2008,JAX,FL,ASO,ES,Combined TRACON& Tower with Radar,82,31,3,0,116,0,0,0,0,0,82,31,3,0,116,0,0,0,116
08/23/2008,JAX,FL,ASO,ES,Combined TRACON& Tower with Radar,122,57,8,4,191,0,0,0,0,0,122,57,8,4,191,0,0,0,191
08/24/2008,JAX,FL,ASO,ES,Combined TRACON& Tower with Radar,150,52,22,8,232,0,1,6,0,7,150,53,28,8,239,0,0,0,239
08/25/2008,JAX,FL,ASO,ES,Combined TRACON& Tower with Radar,161,64,27,13,265,0,0,11,0,11,161,64,38,13,276,6,10,16,292
08/26/2008,JAX,FL,ASO,ES,Combined TRACON& Tower with Radar,170,70,20,10,270,0,0,14,0,14,170,70,34,10,284,0,0,0,284
08/27/2008,JAX,FL,ASO,ES,Combined TRACON& Tower with Radar,172,77,27,7,283,0,0,6,4,10,172,77,33,11,293,0,0,0,293
08/28/2008,JAX,FL,ASO,ES,Combined TRACON& Tower with Radar,172,82,29,16,299,0,2,4,2,8,172,84,33,18,307,0,0,0,307
08/29/2008,JAX,FL,ASO,ES,Combined TRACON& Tower with Radar,173,78,22,7,280,0,0,9,0,9,173,78,31,7,289,0,0,0,289
08/30/2008,JAX,FL,ASO,ES,Combined TRACON& Tower with Radar,133,55,17,2,207,0,0,1,0,1,133,55,18,2,208,0,0,0,208
08/31/2008,JAX,FL,ASO,ES,Combined TRACON& Tower with Radar,120,49,12,0,181,0,0,5,0,5,120,49,17,0,186,0,0,0,186
09/01/2008,JAX,FL,ASO,ES,Combined TRACON& Tower with Radar,135,55,11,1,202,0,0,3,0,3,135,55,14,1,205,0,0,0,205
09/02/2008,JAX,FL,ASO,ES,Combined TRACON& Tower with Radar,163,58,16,2,239,0,0,4,0,4,163,58,20,2,243,0,0,0,243
09/03/2008,JAX,FL,ASO,ES,Combined TRACON& Tower with Radar,170,78,29,5,282,0,0,8,2,10,170,78,37,7,292,16,18,34,326
09/04/2008,JAX,FL,ASO,ES,Combined TRACON& Tower with Radar,172,75,26,4,277,0,4,12,0,16,172,79,38,4,293,10,20,30,323
09/05/2008,JAX,FL,ASO,ES,Combined TRACON& Tower with Radar,157,70,18,0,245,0,0,1,0,1,157,70,19,0,246,0,0,0,246
09/06/2008,JAX,FL,ASO,ES,Combined TRACON& Tower with Radar,128,44,18,3,193,0,0,10,0,10,128,44,28,3,203,0,0,0,203
09/07/2008,JAX,FL,ASO,ES,Combined TRACON& Tower with Radar,144,55,28,8,235,0,0,7,0,7,144,55,35,8,242,0,8,8,250
09/08/2008,JAX,FL,ASO,ES,Combined TRACON& Tower with Radar,157,56,32,12,257,0,1,7,2,10,157,57,39,14,267,2,39,41,308
09/09/2008,JAX,FL,ASO,ES,Combined TRACON& Tower with Radar,165,79,36,18,298,0,0,5,3,8,165,79,41,21,306,0,43,43,349
09/10/2008,JAX,FL,ASO,ES,Combined TRACON& Tower with Radar,165,76,31,9,281,0,0,1,6,7,165,76,32,15,288,0,34,34,322
09/11/2008,JAX,FL,ASO,ES,Combined TRACON& Tower with Radar,165,78,33,10,286,0,1,10,2,13,165,79,43,12,299,0,0,0,299
09/12/2008,JAX,FL,ASO,ES,Combined TRACON& Tower with Radar,160,68,18,34,280,0,1,3,5,9,160,69,21,39,289,0,0,0,289
09/13/2008,JAX,FL,ASO,ES,Combined TRACON& Tower with Radar,129,38,9,20,196,0,0,2,1,3,129,38,11,21,199,0,0,0,199
09/14/2008,JAX,FL,ASO,ES,Combined TRACON& Tower with Radar,139,41,10,3,193,0,0,8,6,14,139,41,18,9,207,0,0,0,207
09/15/2008,JAX,FL,ASO,ES,Combined TRACON& Tower with Radar,155,54,38,16,263,0,3,5,2,10,155,57,43,18,273,0,0,0,273
09/16/2008,JAX,FL,ASO,ES,Combined TRACON& Tower with Radar,165,75,43,17,300,0,3,6,0,9,165,78,49,17,309,0,10,10,319
09/17/2008,JAX,FL,ASO,ES,Combined TRACON& Tower with Radar,164,75,34,18,291,0,0,4,30,34,164,75,38,48,325,0,0,0,325
09/18/2008,JAX,FL,ASO,ES,Combined TRACON& Tower with Radar,162,75,33,15,285,0,0,3,1,4,162,75,36,16,289,0,0,0,289
09/19/2008,JAX,FL,ASO,ES,Combined TRACON& Tower with Radar,165,76,27,24,292,0,0,11,3,14,165,76,38,27,306,0,0,0,306
09/20/2008,JAX,FL,ASO,ES,Combined TRACON& Tower with Radar,131,49,14,3,197,0,0,1,0,1,131,49,15,3,198,0,0,0,198
09/21/2008,JAX,FL,ASO,ES,Combined TRACON& Tower with Radar,141,56,22,0,219,0,0,1,2,3,141,56,23,2,222,0,0,0,222
09/22/2008,JAX,FL,ASO,ES,Combined TRACON& Tower with Radar,156,69,20,1,246,0,0,0,0,0,156,69,20,1,246,0,0,0,246
09/23/2008,JAX,FL,ASO,ES,Combined TRACON& Tower with Radar,169,73,29,27,298,0,2,7,5,14,169,75,36,32,312,0,0,0,312
09/24/2008,JAX,FL,ASO,ES,Combined TRACON& Tower with Radar,160,70,25,18,273,0,3,9,3,15,160,73,34,21,288,0,0,0,288
09/25/2008,JAX,FL,ASO,ES,Combined TRACON& Tower with Radar,166,79,34,16,295,0,2,7,5,14,166,81,41,21,309,0,0,0,309
09/26/2008,JAX,FL,ASO,ES,Combined TRACON& Tower with Radar,166,76,32,23,297,0,2,14,0,16,166,78,46,23,313,2,12,14,327
09/27/2008,JAX,FL,ASO,ES,Combined TRACON& Tower with Radar,138,49,8,16,211,0,0,14,2,16,138,49,22,18,227,0,0,0,227
09/28/2008,JAX,FL,ASO,ES,Combined TRACON& Tower with Radar,137,51,29,7,224,0,0,6,2,8,137,51,35,9,232,0,0,0,232
09/29/2008,JAX,FL,ASO,ES,Combined TRACON& Tower with Radar,160,63,23,13,259,0,0,5,0,5,160,63,28,13,264,0,10,10,274
09/30/2008,JAX,FL,ASO,ES,Combined TRACON& Tower with Radar,165,71,35,11,282,0,0,2,3,5,165,71,37,14,287,0,0,0,287
10/01/2008,JAX,FL,ASO,ES,Combined TRACON& Tower with Radar,166,70,25,16,277,0,0,16,1,17,166,70,41,17,294,8,2,10,304
10/02/2008,JAX,FL,ASO,ES,Combined TRACON& Tower with Radar,169,81,35,10,295,0,0,12,0,12,169,81,47,10,307,0,0,0,307
10/03/2008,JAX,FL,ASO,ES,Combined TRACON& Tower with Radar,167,68,32,22,289,0,1,12,4,17,167,69,44,26,306,2,0,2,308
10/04/2008,JAX,FL,ASO,ES,Combined TRACON& Tower with Radar,131,50,14,11,206,0,0,12,1,13,131,50,26,12,219,0,10,10,229
10/05/2008,JAX,FL,ASO,ES,Combined TRACON& Tower with Radar,145,53,30,1,229,0,0,7,0,7,145,53,37,1,236,0,0,0,236
10/06/2008,JAX,FL,ASO,ES,Combined TRACON& Tower with Radar,164,57,21,6,248,0,0,7,0,7,164,57,28,6,255,0,0,0,255
10/07/2008,JAX,FL,ASO,ES,Combined TRACON& Tower with Radar,169,80,46,23,318,0,0,6,5,11,169,80,52,28,329,2,14,16,345
10/08/2008,JAX,FL,ASO,ES,Combined TRACON& Tower with Radar,180,72,28,20,300,0,0,3,1,4,180,72,31,21,304,0,12,12,316
10/09/2008,JAX,FL,ASO,ES,Combined TRACON& Tower with Radar,181,72,37,11,301,0,0,8,5,13,181,72,45,16,314,0,0,0,314
10/10/2008,JAX,FL,ASO,ES,Combined TRACON& Tower with Radar,177,77,21,9,284,0,1,4,1,6,177,78,25,10,290,0,10,10,300
10/11/2008,JAX,FL,ASO,ES,Combined TRACON& Tower with Radar,127,51,22,0,200,0,0,6,0,6,127,51,28,0,206,0,0,0,206
10/12/2008,JAX,FL,ASO,ES,Combined TRACON& Tower with Radar,140,55,19,1,215,0,1,1,0,2,140,56,20,1,217,0,0,0,217
10/13/2008,JAX,FL,ASO,ES,Combined TRACON& Tower with Radar,166,51,33,0,250,0,0,2,0,2,166,51,35,0,252,0,0,0,252
10/14/2008,JAX,FL,ASO,ES,Combined TRACON& Tower with Radar,166,58,26,8,258,0,2,10,2,14,166,60,36,10,272,0,28,28,300
10/15/2008,JAX,FL,ASO,ES,Combined TRACON& Tower with Radar,163,66,33,15,277,0,0,12,3,15,163,66,45,18,292,10,43,53,345
10/16/2008,JAX,FL,ASO,ES,Combined TRACON& Tower with Radar,173,74,34,11,292,0,0,13,2,15,173,74,47,13,307,0,0,0,307
10/17/2008,JAX,FL,ASO,ES,Combined TRACON& Tower with Radar,175,69,31,10,285,0,1,8,1,10,175,70,39,11,295,2,12,14,309
10/18/2008,JAX,FL,ASO,ES,Combined TRACON& Tower with Radar,132,53,12,0,197,0,0,14,0,14,132,53,26,0,211,2,0,2,213
10/19/2008,JAX,FL,ASO,ES,Combined TRACON& Tower with Radar,141,60,19,3,223,0,0,16,0,16,141,60,35,3,239,0,0,0,239
10/20/2008,JAX,FL,ASO,ES,Combined TRACON& Tower with Radar,161,57,20,11,249,0,0,8,1,9,161,57,28,12,258,2,2,4,262
10/21/2008,JAX,FL,ASO,ES,Combined TRACON& Tower with Radar,179,71,19,14,283,0,0,8,1,9,179,71,27,15,292,0,8,8,300
10/22/2008,JAX,FL,ASO,ES,Combined TRACON& Tower with Radar,168,75,32,9,284,0,0,16,1,17,168,75,48,10,301,11,4,15,316
10/23/2008,JAX,FL,ASO,ES,Combined TRACON& Tower with Radar,190,81,41,12,324,0,0,7,0,7,190,81,48,12,331,0,0,0,331
10/24/2008,JAX,FL,ASO,ES,Combined TRACON& Tower with Radar,183,88,28,10,309,0,0,1,0,1,183,88,29,10,310,0,0,0,310
10/25/2008,JAX,FL,ASO,ES,Combined TRACON& Tower with Radar,127,49,19,0,195,0,0,0,0,0,127,49,19,0,195,0,0,0,195
10/26/2008,JAX,FL,ASO,ES,Combined TRACON& Tower with Radar,146,63,19,3,231,0,0,11,0,11,146,63,30,3,242,0,0,0,242
10/27/2008,JAX,FL,ASO,ES,Combined TRACON& Tower with Radar,161,56,31,10,258,0,1,2,2,5,161,57,33,12,263,0,0,0,263
10/28/2008,JAX,FL,ASO,ES,Combined TRACON& Tower with Radar,172,71,26,12,281,0,1,2,2,5,172,72,28,14,286,0,0,0,286
10/29/2008,JAX,FL,ASO,ES,Combined TRACON& Tower with Radar,162,67,33,9,271,0,0,8,3,11,162,67,41,12,282,2,4,6,288
10/30/2008,JAX,FL,ASO,ES,Combined TRACON& Tower with Radar,165,72,30,12,279,0,1,15,2,18,165,73,45,14,297,0,0,0,297
10/31/2008,JAX,FL,ASO,ES,Combined TRACON& Tower with Radar,171,70,34,9,284,0,0,5,6,11,171,70,39,15,295,8,10,18,313
11/01/2008,JAX,FL,ASO,ES,Combined TRACON& Tower with Radar,135,66,62,2,265,0,0,17,0,17,135,66,79,2,282,0,0,0,282
11/02/2008,JAX,FL,ASO,ES,Combined TRACON& Tower with Radar,136,63,25,0,224,0,0,6,1,7,136,63,31,1,231,0,0,0,231
11/03/2008,JAX,FL,ASO,ES,Combined TRACON& Tower with Radar,157,57,31,4,249,0,0,1,0,1,157,57,32,4,250,0,0,0,250
11/04/2008,JAX,FL,ASO,ES,Combined TRACON& Tower with Radar,180,74,26,2,282,0,1,3,0,4,180,75,29,2,286,0,0,0,286
11/05/2008,JAX,FL,ASO,ES,Combined TRACON& Tower with Radar,176,77,30,27,310,0,7,4,0,11,176,84,34,27,321,0,0,0,321
11/06/2008,JAX,FL,ASO,ES,Combined TRACON& Tower with Radar,178,95,35,7,315,0,2,13,0,15,178,97,48,7,330,2,10,12,342
11/07/2008,JAX,FL,ASO,ES,Combined TRACON& Tower with Radar,176,82,26,45,329,0,0,1,1,2,176,82,27,46,331,0,0,0,331
11/08/2008,JAX,FL,ASO,ES,Combined TRACON& Tower with Radar,130,56,16,22,224,0,0,6,0,6,130,56,22,22,230,6,14,20,250
11/09/2008,JAX,FL,ASO,ES,Combined TRACON& Tower with Radar,135,53,27,7,222,0,0,13,1,14,135,53,40,8,236,0,0,0,236
11/10/2008,JAX,FL,ASO,ES,Combined TRACON& Tower with Radar,151,60,21,7,239,0,1,11,0,12,151,61,32,7,251,0,0,0,251
11/11/2008,JAX,FL,ASO,ES,Combined TRACON& Tower with Radar,165,71,22,0,258,0,0,9,0,9,165,71,31,0,267,0,0,0,267
11/12/2008,JAX,FL,ASO,ES,Combined TRACON& Tower with Radar,157,55,45,19,276,0,1,2,0,3,157,56,47,19,279,0,10,10,289
11/13/2008,JAX,FL,ASO,ES,Combined TRACON& Tower with Radar,168,93,44,6,311,0,1,6,0,7,168,94,50,6,318,0,10,10,328
11/14/2008,JAX,FL,ASO,ES,Combined TRACON& Tower with Radar,159,78,38,18,293,0,0,5,0,5,159,78,43,18,298,8,6,14,312
11/15/2008,JAX,FL,ASO,ES,Combined TRACON& Tower with Radar,134,53,18,8,213,0,0,2,0,2,134,53,20,8,215,0,0,0,215
11/16/2008,JAX,FL,ASO,ES,Combined TRACON& Tower with Radar,133,56,39,10,238,0,0,13,5,18,133,56,52,15,256,0,0,0,256
11/17/2008,JAX,FL,ASO,ES,Combined TRACON& Tower with Radar,159,65,26,0,250,0,0,9,0,9,159,65,35,0,259,0,0,0,259
11/18/2008,JAX,FL,ASO,ES,Combined TRACON& Tower with Radar,175,74,35,11,295,0,0,11,0,11,175,74,46,11,306,0,0,0,306
11/19/2008,JAX,FL,ASO,ES,Combined TRACON& Tower with Radar,174,62,32,15,283,0,0,12,0,12,174,62,44,15,295,0,0,0,295
11/20/2008,JAX,FL,ASO,ES,Combined TRACON& Tower with Radar,176,79,41,16,312,0,0,12,5,17,176,79,53,21,329,2,8,10,339
11/21/2008,JAX,FL,ASO,ES,Combined TRACON& Tower with Radar,166,67,34,12,279,0,0,12,0,12,166,67,46,12,291,0,0,0,291
11/22/2008,JAX,FL,ASO,ES,Combined TRACON& Tower with Radar,132,58,20,0,210,0,1,12,1,14,132,59,32,1,224,2,0,2,226
11/23/2008,JAX,FL,ASO,ES,Combined TRACON& Tower with Radar,135,58,18,2,213,0,0,3,2,5,135,58,21,4,218,0,0,0,218
11/24/2008,JAX,FL,ASO,ES,Combined TRACON& Tower with Radar,158,70,23,10,261,0,0,13,0,13,158,70,36,10,274,6,0,6,280
11/25/2008,JAX,FL,ASO,ES,Combined TRACON& Tower with Radar,161,77,27,15,280,0,0,9,2,11,161,77,36,17,291,3,15,18,309
11/26/2008,JAX,FL,ASO,ES,Combined TRACON& Tower with Radar,165,68,14,3,250,0,2,11,1,14,165,70,25,4,264,2,0,2,266
11/27/2008,JAX,FL,ASO,ES,Combined TRACON& Tower with Radar,106,52,6,0,164,0,1,4,0,5,106,53,10,0,169,0,0,0,169
11/28/2008,JAX,FL,ASO,ES,Combined TRACON& Tower with Radar,128,46,15,1,190,0,0,13,0,13,128,46,28,1,203,10,0,10,213
11/29/2008,JAX,FL,ASO,ES,Combined TRACON& Tower with Radar,133,63,13,0,209,0,0,11,0,11,133,63,24,0,220,0,0,0,220
11/30/2008,JAX,FL,ASO,ES,Combined TRACON& Tower with Radar,151,71,22,0,244,0,0,1,0,1,151,71,23,0,245,0,0,0,245
12/01/2008,JAX,FL,ASO,ES,Combined TRACON& Tower with Radar,161,82,32,4,279,0,0,7,0,7,161,82,39,4,286,0,0,0,286
12/02/2008,JAX,FL,ASO,ES,Combined TRACON& Tower with Radar,163,80,31,10,284,0,0,11,1,12,163,80,42,11,296,0,0,0,296
12/03/2008,JAX,FL,ASO,ES,Combined TRACON& Tower with Radar,162,68,29,17,276,0,1,6,5,12,162,69,35,22,288,0,0,0,288
12/04/2008,JAX,FL,ASO,ES,Combined TRACON& Tower with Radar,170,84,54,11,319,0,0,7,2,9,170,84,61,13,328,0,10,10,338
12/05/2008,JAX,FL,ASO,ES,Combined TRACON& Tower with Radar,158,69,28,18,273,0,0,6,3,9,158,69,34,21,282,0,2,2,284
12/06/2008,JAX,FL,ASO,ES,Combined TRACON& Tower with Radar,122,50,28,0,200,0,0,2,0,2,122,50,30,0,202,0,0,0,202
12/07/2008,JAX,FL,ASO,ES,Combined TRACON& Tower with Radar,132,67,19,1,219,0,1,6,0,7,132,68,25,1,226,0,0,0,226
12/08/2008,JAX,FL,ASO,ES,Combined TRACON& Tower with Radar,151,70,31,18,270,0,1,13,1,15,151,71,44,19,285,8,16,24,309
12/09/2008,JAX,FL,ASO,ES,Combined TRACON& Tower with Radar,156,66,36,7,265,0,0,15,0,15,156,66,51,7,280,0,3,3,283
12/10/2008,JAX,FL,ASO,ES,Combined TRACON& Tower with Radar,158,65,39,19,281,0,0,3,2,5,158,65,42,21,286,0,0,0,286
12/11/2008,JAX,FL,ASO,ES,Combined TRACON& Tower with Radar,162,79,26,2,269,0,0,0,1,1,162,79,26,3,270,0,0,0,270
12/12/2008,JAX,FL,ASO,ES,Combined TRACON& Tower with Radar,160,71,36,16,283,0,0,14,2,16,160,71,50,18,299,10,6,16,315
12/13/2008,JAX,FL,ASO,ES,Combined TRACON& Tower with Radar,126,50,14,14,204,0,0,11,0,11,126,50,25,14,215,0,8,8,223
12/14/2008,JAX,FL,ASO,ES,Combined TRACON& Tower with Radar,134,56,19,23,232,0,0,5,5,10,134,56,24,28,242,0,0,0,242
12/15/2008,JAX,FL,ASO,ES,Combined TRACON& Tower with Radar,152,58,28,0,238,0,0,13,1,14,152,58,41,1,252,0,0,0,252
12/16/2008,JAX,FL,ASO,ES,Combined TRACON& Tower with Radar,156,64,23,8,251,0,0,9,0,9,156,64,32,8,260,0,0,0,260
12/17/2008,JAX,FL,ASO,ES,Combined TRACON& Tower with Radar,171,65,28,10,274,0,0,7,3,10,171,65,35,13,284,0,0,0,284
12/18/2008,JAX,FL,ASO,ES,Combined TRACON& Tower with Radar,177,71,27,15,290,0,0,10,3,13,177,71,37,18,303,0,0,0,303
12/19/2008,JAX,FL,ASO,ES,Combined TRACON& Tower with Radar,167,70,21,4,262,0,2,17,0,19,167,72,38,4,281,0,0,0,281
12/20/2008,JAX,FL,ASO,ES,Combined TRACON& Tower with Radar,134,65,20,0,219,0,0,3,0,3,134,65,23,0,222,0,0,0,222
12/21/2008,JAX,FL,ASO,ES,Combined TRACON& Tower with Radar,129,68,10,0,207,0,1,1,0,2,129,69,11,0,209,0,0,0,209
12/22/2008,JAX,FL,ASO,ES,Combined TRACON& Tower with Radar,153,57,10,4,224,0,0,3,0,3,153,57,13,4,227,0,0,0,227
12/23/2008,JAX,FL,ASO,ES,Combined TRACON& Tower with Radar,163,70,15,8,256,0,0,8,0,8,163,70,23,8,264,0,0,0,264
12/24/2008,JAX,FL,ASO,ES,Combined TRACON& Tower with Radar,144,64,5,0,213,0,1,8,0,9,144,65,13,0,222,0,0,0,222
12/25/2008,JAX,FL,ASO,ES,Combined TRACON& Tower with Radar,126,63,4,0,193,0,1,2,0,3,126,64,6,0,196,0,0,0,196
12/26/2008,JAX,FL,ASO,ES,Combined TRACON& Tower with Radar,148,54,24,0,226,0,0,3,0,3,148,54,27,0,229,0,0,0,229
12/27/2008,JAX,FL,ASO,ES,Combined TRACON& Tower with Radar,138,66,11,0,215,0,0,4,0,4,138,66,15,0,219,0,0,0,219
12/28/2008,JAX,FL,ASO,ES,Combined TRACON& Tower with Radar,152,72,20,0,244,0,0,4,0,4,152,72,24,0,248,0,0,0,248
12/29/2008,JAX,FL,ASO,ES,Combined TRACON& Tower with Radar,159,59,7,2,227,0,0,4,0,4,159,59,11,2,231,0,46,46,277
12/30/2008,JAX,FL,ASO,ES,Combined TRACON& Tower with Radar,177,79,14,4,274,0,0,3,0,3,177,79,17,4,277,0,0,0,277
12/31/2008,JAX,FL,ASO,ES,Combined TRACON& Tower with Radar,144,65,12,1,222,0,0,9,0,9,144,65,21,1,231,0,0,0,231
01/01/2009,JAX,FL,ASO,ES,Combined TRACON& Tower with Radar,129,54,25,0,208,0,0,3,0,3,129,54,28,0,211,0,0,0,211
01/02/2009,JAX,FL,ASO,ES,Combined TRACON& Tower with Radar,159,70,38,3,270,0,1,9,0,10,159,71,47,3,280,0,0,0,280
01/03/2009,JAX,FL,ASO,ES,Combined TRACON& Tower with Radar,135,65,15,0,215,0,0,3,0,3,135,65,18,0,218,0,0,0,218
01/04/2009,JAX,FL,ASO,ES,Combined TRACON& Tower with Radar,139,61,24,0,224,0,0,15,0,15,139,61,39,0,239,0,0,0,239
01/05/2009,JAX,FL,ASO,ES,Combined TRACON& Tower with Radar,157,67,15,14,253,0,0,3,0,3,157,67,18,14,256,0,0,0,256
01/06/2009,JAX,FL,ASO,ES,Combined TRACON& Tower with Radar,169,72,31,21,293,0,1,4,0,5,169,73,35,21,298,0,12,12,310
01/07/2009,JAX,FL,ASO,ES,Combined TRACON& Tower with Radar,169,49,33,14,265,0,1,8,1,10,169,50,41,15,275,0,0,0,275
01/08/2009,JAX,FL,ASO,ES,Combined TRACON& Tower with Radar,180,67,32,20,299,0,2,7,3,12,180,69,39,23,311,0,36,36,347
01/09/2009,JAX,FL,ASO,ES,Combined TRACON& Tower with Radar,158,65,23,16,262,0,0,11,0,11,158,65,34,16,273,0,0,0,273
01/10/2009,JAX,FL,ASO,ES,Combined TRACON& Tower with Radar,131,45,13,14,203,0,1,9,4,14,131,46,22,18,217,0,0,0,217
01/11/2009,JAX,FL,ASO,ES,Combined TRACON& Tower with Radar,137,47,15,4,203,0,0,2,0,2,137,47,17,4,205,0,0,0,205
01/12/2009,JAX,FL,ASO,ES,Combined TRACON& Tower with Radar,150,60,24,6,240,0,0,8,1,9,150,60,32,7,249,0,0,0,249
01/13/2009,JAX,FL,ASO,ES,Combined TRACON& Tower with Radar,153,77,31,6,267,0,0,0,0,0,153,77,31,6,267,0,0,0,267
01/14/2009,JAX,FL,ASO,ES,Combined TRACON& Tower with Radar,158,63,27,11,259,0,2,18,3,23,158,65,45,14,282,2,14,16,298
01/15/2009,JAX,FL,ASO,ES,Combined TRACON& Tower with Radar,158,67,17,23,265,0,0,5,3,8,158,67,22,26,273,0,0,0,273
01/16/2009,JAX,FL,ASO,ES,Combined TRACON& Tower with Radar,164,86,31,15,296,0,0,5,2,7,164,86,36,17,303,0,0,0,303
01/17/2009,JAX,FL,ASO,ES,Combined TRACON& Tower with Radar,128,51,19,0,198,0,0,18,0,18,128,51,37,0,216,0,0,0,216
01/18/2009,JAX,FL,ASO,ES,Combined TRACON& Tower with Radar,128,54,13,11,206,0,2,4,2,8,128,56,17,13,214,0,0,0,214
01/19/2009,JAX,FL,ASO,ES,Combined TRACON& Tower with Radar,149,66,30,1,246,0,0,9,0,9,149,66,39,1,255,0,0,0,255
01/20/2009,JAX,FL,ASO,ES,Combined TRACON& Tower with Radar,168,74,28,7,277,0,0,5,0,5,168,74,33,7,282,0,0,0,282
01/21/2009,JAX,FL,ASO,ES,Combined TRACON& Tower with Radar,155,83,57,11,306,0,1,15,4,20,155,84,72,15,326,0,64,64,390
01/22/2009,JAX,FL,ASO,ES,Combined TRACON& Tower with Radar,158,80,40,2,280,0,0,9,2,11,158,80,49,4,291,0,0,0,291
01/23/2009,JAX,FL,ASO,ES,Combined TRACON& Tower with Radar,175,73,33,12,293,0,3,8,8,19,175,76,41,20,312,0,0,0,312
01/24/2009,JAX,FL,ASO,ES,Combined TRACON& Tower with Radar,132,53,14,36,235,0,0,2,0,2,132,53,16,36,237,0,0,0,237
01/25/2009,JAX,FL,ASO,ES,Combined TRACON& Tower with Radar,136,61,17,6,220,0,0,3,0,3,136,61,20,6,223,0,0,0,223
01/26/2009,JAX,FL,ASO,ES,Combined TRACON& Tower with Radar,151,61,28,0,240,0,1,4,0,5,151,62,32,0,245,0,0,0,245
01/27/2009,JAX,FL,ASO,ES,Combined TRACON& Tower with Radar,152,65,35,8,260,0,0,1,0,1,152,65,36,8,261,0,0,0,261
01/28/2009,JAX,FL,ASO,ES,Combined TRACON& Tower with Radar,135,54,33,13,235,0,0,2,3,5,135,54,35,16,240,0,0,0,240
01/29/2009,JAX,FL,ASO,ES,Combined TRACON& Tower with Radar,165,78,45,8,296,0,0,2,0,2,165,78,47,8,298,0,0,0,298
01/30/2009,JAX,FL,ASO,ES,Combined TRACON& Tower with Radar,160,72,26,13,271,0,1,10,2,13,160,73,36,15,284,0,16,16,300
01/31/2009,JAX,FL,ASO,ES,Combined TRACON& Tower with Radar,129,50,21,1,201,0,0,6,0,6,129,50,27,1,207,14,0,14,221
02/01/2009,JAX,FL,ASO,ES,Combined TRACON& Tower with Radar,139,50,17,0,206,0,0,6,0,6,139,50,23,0,212,12,6,18,230
02/02/2009,JAX,FL,ASO,ES,Combined TRACON& Tower with Radar,158,53,18,15,244,0,0,4,0,4,158,53,22,15,248,0,0,0,248
02/03/2009,JAX,FL,ASO,ES,Combined TRACON& Tower with Radar,164,65,24,12,265,0,0,8,0,8,164,65,32,12,273,9,8,17,290
02/04/2009,JAX,FL,ASO,ES,Combined TRACON& Tower with Radar,172,74,31,9,286,0,0,8,1,9,172,74,39,10,295,0,0,0,295
02/05/2009,JAX,FL,ASO,ES,Combined TRACON& Tower with Radar,163,73,29,13,278,0,1,6,2,9,163,74,35,15,287,0,0,0,287
02/06/2009,JAX,FL,ASO,ES,Combined TRACON& Tower with Radar,159,64,29,14,266,0,0,16,4,20,159,64,45,18,286,0,8,8,294
02/07/2009,JAX,FL,ASO,ES,Combined TRACON& Tower with Radar,132,45,9,3,189,0,0,15,0,15,132,45,24,3,204,0,0,0,204
02/08/2009,JAX,FL,ASO,ES,Combined TRACON& Tower with Radar,136,54,24,4,218,0,0,7,3,10,136,54,31,7,228,0,0,0,228
02/09/2009,JAX,FL,ASO,ES,Combined TRACON& Tower with Radar,149,62,19,7,237,0,0,6,0,6,149,62,25,7,243,0,0,0,243
02/10/2009,JAX,FL,ASO,ES,Combined TRACON& Tower with Radar,160,69,26,21,276,0,0,14,1,15,160,69,40,22,291,0,0,0,291
02/11/2009,JAX,FL,ASO,ES,Combined TRACON& Tower with Radar,152,81,32,29,294,0,0,3,2,5,152,81,35,31,299,0,0,0,299
02/12/2009,JAX,FL,ASO,ES,Combined TRACON& Tower with Radar,168,69,40,15,292,0,1,6,1,8,168,70,46,16,300,0,0,0,300
02/13/2009,JAX,FL,ASO,ES,Combined TRACON& Tower with Radar,164,70,30,19,283,0,0,9,6,15,164,70,39,25,298,0,0,0,298
02/14/2009,JAX,FL,ASO,ES,Combined TRACON& Tower with Radar,137,49,19,0,205,0,0,2,0,2,137,49,21,0,207,0,0,0,207
02/15/2009,JAX,FL,ASO,ES,Combined TRACON& Tower with Radar,148,56,24,0,228,0,0,3,2,5,148,56,27,2,233,0,0,0,233
02/16/2009,JAX,FL,ASO,ES,Combined TRACON& Tower with Radar,156,60,18,0,234,0,0,9,0,9,156,60,27,0,243,0,0,0,243
02/17/2009,JAX,FL,ASO,ES,Combined TRACON& Tower with Radar,169,66,25,33,293,0,0,6,1,7,169,66,31,34,300,0,0,0,300
02/18/2009,JAX,FL,ASO,ES,Combined TRACON& Tower with Radar,154,63,36,11,264,0,1,9,0,10,154,64,45,11,274,0,0,0,274
02/19/2009,JAX,FL,ASO,ES,Combined TRACON& Tower with Radar,166,72,37,18,293,0,0,6,2,8,166,72,43,20,301,0,0,0,301
02/20/2009,JAX,FL,ASO,ES,Combined TRACON& Tower with Radar,164,66,42,19,291,0,1,8,3,12,164,67,50,22,303,0,0,0,303
02/21/2009,JAX,FL,ASO,ES,Combined TRACON& Tower with Radar,140,55,26,7,228,0,0,6,0,6,140,55,32,7,234,14,0,14,248
02/22/2009,JAX,FL,ASO,ES,Combined TRACON& Tower with Radar,149,59,12,0,220,0,0,7,0,7,149,59,19,0,227,0,0,0,227
02/23/2009,JAX,FL,ASO,ES,Combined TRACON& Tower with Radar,156,67,31,1,255,0,0,10,0,10,156,67,41,1,265,0,0,0,265
02/24/2009,JAX,FL,ASO,ES,Combined TRACON& Tower with Radar,170,65,22,18,275,0,0,16,6,22,170,65,38,24,297,0,0,0,297
02/25/2009,JAX,FL,ASO,ES,Combined TRACON& Tower with Radar,171,74,29,16,290,0,0,8,1,9,171,74,37,17,299,0,6,6,305
02/26/2009,JAX,FL,ASO,ES,Combined TRACON& Tower with Radar,169,75,38,15,297,0,1,10,3,14,169,76,48,18,311,8,4,12,323
02/27/2009,JAX,FL,ASO,ES,Combined TRACON& Tower with Radar,160,75,31,6,272,0,0,11,1,12,160,75,42,7,284,0,0,0,284
02/28/2009,JAX,FL,ASO,ES,Combined TRACON& Tower with Radar,143,51,19,1,214,0,0,4,0,4,143,51,23,1,218,0,0,0,218
03/01/2009,JAX,FL,ASO,ES,Combined TRACON& Tower with Radar,114,49,7,0,170,0,0,0,0,0,114,49,7,0,170,0,0,0,170
03/02/2009,JAX,FL,ASO,ES,Combined TRACON& Tower with Radar,145,50,21,12,228,0,0,2,0,2,145,50,23,12,230,0,0,0,230
03/03/2009,JAX,FL,ASO,ES,Combined TRACON& Tower with Radar,159,62,32,17,270,0,1,4,1,6,159,63,36,18,276,0,2,2,278
03/04/2009,JAX,FL,ASO,ES,Combined TRACON& Tower with Radar,162,65,25,24,276,0,0,8,0,8,162,65,33,24,284,8,2,10,294
03/05/2009,JAX,FL,ASO,ES,Combined TRACON& Tower with Radar,160,78,30,20,288,0,1,7,5,13,160,79,37,25,301,0,24,24,325
03/06/2009,JAX,FL,ASO,ES,Combined TRACON& Tower with Radar,159,68,25,17,269,0,1,16,3,20,159,69,41,20,289,0,0,0,289
03/07/2009,JAX,FL,ASO,ES,Combined TRACON& Tower with Radar,148,48,17,2,215,0,0,9,0,9,148,48,26,2,224,0,0,0,224
03/08/2009,JAX,FL,ASO,ES,Combined TRACON& Tower with Radar,147,50,15,3,215,0,0,10,5,15,147,50,25,8,230,0,0,0,230
03/09/2009,JAX,FL,ASO,ES,Combined TRACON& Tower with Radar,161,57,15,8,241,0,0,7,0,7,161,57,22,8,248,0,0,0,248
03/10/2009,JAX,FL,ASO,ES,Combined TRACON& Tower with Radar,170,66,21,10,267,0,0,4,0,4,170,66,25,10,271,0,0,0,271
03/11/2009,JAX,FL,ASO,ES,Combined TRACON& Tower with Radar,176,63,25,16,280,0,0,5,0,5,176,63,30,16,285,0,0,0,285
03/12/2009,JAX,FL,ASO,ES,Combined TRACON& Tower with Radar,168,74,43,10,295,0,2,8,2,12,168,76,51,12,307,2,20,22,329
03/13/2009,JAX,FL,ASO,ES,Combined TRACON& Tower with Radar,167,70,56,22,315,0,0,0,1,1,167,70,56,23,316,0,0,0,316
03/14/2009,JAX,FL,ASO,ES,Combined TRACON& Tower with Radar,151,56,21,8,236,0,0,0,0,0,151,56,21,8,236,0,0,0,236
03/15/2009,JAX,FL,ASO,ES,Combined TRACON& Tower with Radar,149,60,30,8,247,0,0,2,0,2,149,60,32,8,249,0,0,0,249
03/16/2009,JAX,FL,ASO,ES,Combined TRACON& Tower with Radar,153,59,34,12,258,0,0,1,0,1,153,59,35,12,259,0,0,0,259
03/17/2009,JAX,FL,ASO,ES,Combined TRACON& Tower with Radar,164,68,32,2,266,0,0,5,0,5,164,68,37,2,271,0,0,0,271
03/18/2009,JAX,FL,ASO,ES,Combined TRACON& Tower with Radar,166,66,40,0,272,0,0,6,0,6,166,66,46,0,278,0,0,0,278
03/19/2009,JAX,FL,ASO,ES,Combined TRACON& Tower with Radar,162,72,29,18,281,0,2,3,3,8,162,74,32,21,289,0,0,0,289
03/20/2009,JAX,FL,ASO,ES,Combined TRACON& Tower with Radar,164,70,31,52,317,0,0,6,2,8,164,70,37,54,325,0,20,20,345
03/21/2009,JAX,FL,ASO,ES,Combined TRACON& Tower with Radar,153,58,15,29,255,0,4,1,0,5,153,62,16,29,260,0,0,0,260
03/22/2009,JAX,FL,ASO,ES,Combined TRACON& Tower with Radar,155,53,30,19,257,0,2,4,0,6,155,55,34,19,263,0,0,0,263
03/23/2009,JAX,FL,ASO,ES,Combined TRACON& Tower with Radar,159,58,20,2,239,0,1,1,0,2,159,59,21,2,241,0,0,0,241
03/24/2009,JAX,FL,ASO,ES,Combined TRACON& Tower with Radar,164,75,27,14,280,0,1,5,1,7,164,76,32,15,287,0,10,10,297
03/25/2009,JAX,FL,ASO,ES,Combined TRACON& Tower with Radar,169,69,35,10,283,0,0,5,2,7,169,69,40,12,290,2,0,2,292
03/26/2009,JAX,FL,ASO,ES,Combined TRACON& Tower with Radar,168,74,38,14,294,0,0,4,0,4,168,74,42,14,298,5,10,15,313
03/27/2009,JAX,FL,ASO,ES,Combined TRACON& Tower with Radar,173,70,24,1,268,0,0,4,4,8,173,70,28,5,276,10,6,16,292
03/28/2009,JAX,FL,ASO,ES,Combined TRACON& Tower with Radar,142,59,22,0,223,0,0,0,0,0,142,59,22,0,223,0,10,10,233
03/29/2009,JAX,FL,ASO,ES,Combined TRACON& Tower with Radar,156,66,19,4,245,0,0,0,0,0,156,66,19,4,245,0,0,0,245
03/30/2009,JAX,FL,ASO,ES,Combined TRACON& Tower with Radar,159,60,18,21,258,0,0,3,1,4,159,60,21,22,262,0,10,10,272
03/31/2009,JAX,FL,ASO,ES,Combined TRACON& Tower with Radar,156,63,22,17,258,0,1,2,4,7,156,64,24,21,265,0,56,56,321
04/01/2009,JAX,FL,ASO,ES,Combined TRACON& Tower with Radar,164,66,18,4,252,0,0,0,1,1,164,66,18,5,253,0,0,0,253
04/02/2009,JAX,FL,ASO,ES,Combined TRACON& Tower with Radar,155,60,30,12,257,0,0,1,0,1,155,60,31,12,258,0,0,0,258
04/03/2009,JAX,FL,ASO,ES,Combined TRACON& Tower with Radar,176,61,44,17,298,0,1,6,0,7,176,62,50,17,305,0,0,0,305
04/04/2009,JAX,FL,ASO,ES,Combined TRACON& Tower with Radar,151,48,40,2,241,0,0,5,0,5,151,48,45,2,246,0,0,0,246
04/05/2009,JAX,FL,ASO,ES,Combined TRACON& Tower with Radar,151,58,24,0,233,0,0,4,0,4,151,58,28,0,237,10,0,10,247
04/06/2009,JAX,FL,ASO,ES,Combined TRACON& Tower with Radar,156,61,13,16,246,0,0,0,0,0,156,61,13,16,246,0,0,0,246
04/07/2009,JAX,FL,ASO,ES,Combined TRACON& Tower with Radar,178,56,32,12,278,0,0,2,3,5,178,56,34,15,283,0,0,0,283
04/08/2009,JAX,FL,ASO,ES,Combined TRACON& Tower with Radar,173,69,33,10,285,0,0,5,2,7,173,69,38,12,292,0,0,0,292
04/09/2009,JAX,FL,ASO,ES,Combined TRACON& Tower with Radar,173,72,50,9,304,0,1,3,3,7,173,73,53,12,311,0,22,22,333
04/10/2009,JAX,FL,ASO,ES,Combined TRACON& Tower with Radar,174,59,31,23,287,0,1,8,2,11,174,60,39,25,298,4,6,10,308
04/11/2009,JAX,FL,ASO,ES,Combined TRACON& Tower with Radar,151,54,24,0,229,0,0,0,0,0,151,54,24,0,229,0,0,0,229
04/12/2009,JAX,FL,ASO,ES,Combined TRACON& Tower with Radar,154,58,21,6,239,0,0,2,0,2,154,58,23,6,241,0,0,0,241
04/13/2009,JAX,FL,ASO,ES,Combined TRACON& Tower with Radar,167,45,21,12,245,0,1,0,0,1,167,46,21,12,246,0,0,0,246
04/14/2009,JAX,FL,ASO,ES,Combined TRACON& Tower with Radar,168,59,23,19,269,0,0,0,1,1,168,59,23,20,270,2,20,22,292
04/15/2009,JAX,FL,ASO,ES,Combined TRACON& Tower with Radar,166,61,42,11,280,0,0,16,1,17,166,61,58,12,297,2,16,18,315
04/16/2009,JAX,FL,ASO,ES,Combined TRACON& Tower with Radar,176,66,31,21,294,0,0,8,3,11,176,66,39,24,305,0,0,0,305
04/17/2009,JAX,FL,ASO,ES,Combined TRACON& Tower with Radar,163,57,34,32,286,0,0,6,3,9,163,57,40,35,295,0,0,0,295
04/18/2009,JAX,FL,ASO,ES,Combined TRACON& Tower with Radar,145,40,26,2,213,0,0,6,0,6,145,40,32,2,219,0,0,0,219
04/19/2009,JAX,FL,ASO,ES,Combined TRACON& Tower with Radar,157,61,25,13,256,0,1,2,0,3,157,62,27,13,259,0,0,0,259
04/20/2009,JAX,FL,ASO,ES,Combined TRACON& Tower with Radar,159,55,13,8,235,0,1,0,0,1,159,56,13,8,236,0,0,0,236
04/21/2009,JAX,FL,ASO,ES,Combined TRACON& Tower with Radar,176,63,30,17,286,0,1,3,0,4,176,64,33,17,290,0,0,0,290
04/22/2009,JAX,FL,ASO,ES,Combined TRACON& Tower with Radar,174,64,44,12,294,0,0,5,0,5,174,64,49,12,299,0,0,0,299
04/23/2009,JAX,FL,ASO,ES,Combined TRACON& Tower with Radar,174,62,31,17,284,0,0,1,4,5,174,62,32,21,289,0,0,0,289
04/24/2009,JAX,FL,ASO,ES,Combined TRACON& Tower with Radar,174,67,31,17,289,0,0,14,3,17,174,67,45,20,306,0,0,0,306
04/25/2009,JAX,FL,ASO,ES,Combined TRACON& Tower with Radar,146,47,16,0,209,0,0,4,0,4,146,47,20,0,213,0,0,0,213
04/26/2009,JAX,FL,ASO,ES,Combined TRACON& Tower with Radar,155,56,21,7,239,0,0,3,2,5,155,56,24,9,244,0,0,0,244
04/27/2009,JAX,FL,ASO,ES,Combined TRACON& Tower with Radar,155,49,17,17,238,0,0,5,0,5,155,49,22,17,243,0,0,0,243
04/28/2009,JAX,FL,ASO,ES,Combined TRACON& Tower with Radar,162,59,41,19,281,0,0,4,2,6,162,59,45,21,287,0,0,0,287
04/29/2009,JAX,FL,ASO,ES,Combined TRACON& Tower with Radar,160,59,38,9,266,0,1,6,2,9,160,60,44,11,275,0,0,0,275
04/30/2009,JAX,FL,ASO,ES,Combined TRACON& Tower with Radar,168,66,41,26,301,0,2,4,0,6,168,68,45,26,307,0,0,0,307
05/01/2009,JAX,FL,ASO,ES,Combined TRACON& Tower with Radar,154,72,32,7,265,0,0,5,1,6,154,72,37,8,271,0,1,1,272
05/02/2009,JAX,FL,ASO,ES,Combined TRACON& Tower with Radar,153,51,28,2,234,0,0,2,0,2,153,51,30,2,236,0,0,0,236
05/03/2009,JAX,FL,ASO,ES,Combined TRACON& Tower with Radar,142,61,22,2,227,0,0,5,0,5,142,61,27,2,232,0,0,0,232
05/04/2009,JAX,FL,ASO,ES,Combined TRACON& Tower with Radar,155,61,27,15,258,0,3,1,2,6,155,64,28,17,264,0,0,0,264
05/05/2009,JAX,FL,ASO,ES,Combined TRACON& Tower with Radar,173,56,21,21,271,0,0,0,1,1,173,56,21,22,272,0,0,0,272
05/06/2009,JAX,FL,ASO,ES,Combined TRACON& Tower with Radar,181,61,66,7,315,0,0,2,3,5,181,61,68,10,320,0,0,0,320
05/07/2009,JAX,FL,ASO,ES,Combined TRACON& Tower with Radar,182,68,39,3,292,0,0,4,3,7,182,68,43,6,299,0,0,0,299
05/08/2009,JAX,FL,ASO,ES,Combined TRACON& Tower with Radar,167,69,41,4,281,0,0,6,0,6,167,69,47,4,287,0,0,0,287
05/09/2009,JAX,FL,ASO,ES,Combined TRACON& Tower with Radar,143,44,12,16,215,0,2,0,1,3,143,46,12,17,218,0,0,0,218
05/10/2009,JAX,FL,ASO,ES,Combined TRACON& Tower with Radar,148,58,22,19,247,0,0,7,0,7,148,58,29,19,254,0,0,0,254
05/11/2009,JAX,FL,ASO,ES,Combined TRACON& Tower with Radar,157,59,41,11,268,0,0,9,2,11,157,59,50,13,279,0,0,0,279
05/12/2009,JAX,FL,ASO,ES,Combined TRACON& Tower with Radar,167,58,27,4,256,0,1,4,1,6,167,59,31,5,262,0,0,0,262
05/13/2009,JAX,FL,ASO,ES,Combined TRACON& Tower with Radar,165,59,30,10,264,0,0,0,4,4,165,59,30,14,268,0,0,0,268
05/14/2009,JAX,FL,ASO,ES,Combined TRACON& Tower with Radar,165,59,21,35,280,0,1,3,1,5,165,60,24,36,285,0,0,0,285
05/15/2009,JAX,FL,ASO,ES,Combined TRACON& Tower with Radar,169,70,34,11,284,0,0,1,0,1,169,70,35,11,285,0,0,0,285
05/16/2009,JAX,FL,ASO,ES,Combined TRACON& Tower with Radar,147,44,15,6,212,0,0,3,0,3,147,44,18,6,215,0,8,8,223
05/17/2009,JAX,FL,ASO,ES,Combined TRACON& Tower with Radar,150,48,19,4,221,0,0,1,0,1,150,48,20,4,222,0,0,0,222
05/18/2009,JAX,FL,ASO,ES,Combined TRACON& Tower with Radar,158,66,25,4,253,0,0,0,0,0,158,66,25,4,253,0,0,0,253
05/19/2009,JAX,FL,ASO,ES,Combined TRACON& Tower with Radar,162,64,36,2,264,0,0,0,0,0,162,64,36,2,264,0,0,0,264
05/20/2009,JAX,FL,ASO,ES,Combined TRACON& Tower with Radar,166,72,33,10,281,0,0,0,0,0,166,72,33,10,281,0,0,0,281
05/21/2009,JAX,FL,ASO,ES,Combined TRACON& Tower with Radar,170,71,38,3,282,0,0,2,0,2,170,71,40,3,284,0,0,0,284
05/22/2009,JAX,FL,ASO,ES,Combined TRACON& Tower with Radar,181,73,27,13,294,0,0,1,0,1,181,73,28,13,295,0,0,0,295
05/23/2009,JAX,FL,ASO,ES,Combined TRACON& Tower with Radar,141,45,8,0,194,0,0,0,1,1,141,45,8,1,195,0,0,0,195
05/24/2009,JAX,FL,ASO,ES,Combined TRACON& Tower with Radar,135,46,16,0,197,0,0,0,0,0,135,46,16,0,197,0,0,0,197
05/25/2009,JAX,FL,ASO,ES,Combined TRACON& Tower with Radar,137,53,20,2,212,0,0,7,0,7,137,53,27,2,219,0,0,0,219
05/26/2009,JAX,FL,ASO,ES,Combined TRACON& Tower with Radar,154,52,17,21,244,0,1,3,1,5,154,53,20,22,249,0,8,8,257
05/27/2009,JAX,FL,ASO,ES,Combined TRACON& Tower with Radar,171,65,27,19,282,0,0,3,1,4,171,65,30,20,286,0,0,0,286
05/28/2009,JAX,FL,ASO,ES,Combined TRACON& Tower with Radar,162,83,30,23,298,0,2,8,0,10,162,85,38,23,308,4,12,16,324
05/29/2009,JAX,FL,ASO,ES,Combined TRACON& Tower with Radar,159,86,28,29,302,0,0,3,0,3,159,86,31,29,305,0,0,0,305
05/30/2009,JAX,FL,ASO,ES,Combined TRACON& Tower with Radar,146,48,9,0,203,0,0,14,0,14,146,48,23,0,217,0,0,0,217
05/31/2009,JAX,FL,ASO,ES,Combined TRACON& Tower with Radar,149,58,17,3,227,0,0,9,2,11,149,58,26,5,238,0,0,0,238
06/01/2009,JAX,FL,ASO,ES,Combined TRACON& Tower with Radar,151,58,13,2,224,0,0,6,0,6,151,58,19,2,230,0,0,0,230
06/02/2009,JAX,FL,ASO,ES,Combined TRACON& Tower with Radar,162,60,21,21,264,0,1,7,1,9,162,61,28,22,273,0,7,7,280
06/03/2009,JAX,FL,ASO,ES,Combined TRACON& Tower with Radar,160,57,34,19,270,0,1,9,2,12,160,58,43,21,282,0,38,38,320
06/04/2009,JAX,FL,ASO,ES,Combined TRACON& Tower with Radar,159,75,35,30,299,0,1,10,3,14,159,76,45,33,313,0,12,12,325
06/05/2009,JAX,FL,ASO,ES,Combined TRACON& Tower with Radar,160,64,16,11,251,0,0,5,0,5,160,64,21,11,256,0,0,0,256
06/06/2009,JAX,FL,ASO,ES,Combined TRACON& Tower with Radar,139,47,7,0,193,0,0,4,0,4,139,47,11,0,197,0,0,0,197
06/07/2009,JAX,FL,ASO,ES,Combined TRACON& Tower with Radar,141,52,19,0,212,0,0,1,0,1,141,52,20,0,213,0,0,0,213
06/08/2009,JAX,FL,ASO,ES,Combined TRACON& Tower with Radar,154,56,30,16,256,0,0,17,5,22,154,56,47,21,278,0,0,0,278
06/09/2009,JAX,FL,ASO,ES,Combined TRACON& Tower with Radar,156,61,36,11,264,0,1,6,1,8,156,62,42,12,272,0,0,0,272
06/10/2009,JAX,FL,ASO,ES,Combined TRACON& Tower with Radar,174,64,30,17,285,0,1,8,3,12,174,65,38,20,297,0,28,28,325
06/11/2009,JAX,FL,ASO,ES,Combined TRACON& Tower with Radar,161,68,36,14,279,0,0,14,3,17,161,68,50,17,296,0,0,0,296
06/12/2009,JAX,FL,ASO,ES,Combined TRACON& Tower with Radar,156,69,20,7,252,0,0,11,4,15,156,69,31,11,267,2,0,2,269
06/13/2009,JAX,FL,ASO,ES,Combined TRACON& Tower with Radar,146,48,19,13,226,0,0,13,3,16,146,48,32,16,242,0,0,0,242
06/14/2009,JAX,FL,ASO,ES,Combined TRACON& Tower with Radar,145,57,12,5,219,0,0,15,2,17,145,57,27,7,236,0,0,0,236
06/15/2009,JAX,FL,ASO,ES,Combined TRACON& Tower with Radar,155,50,12,1,218,0,3,5,1,9,155,53,17,2,227,16,16,32,259
06/16/2009,JAX,FL,ASO,ES,Combined TRACON& Tower with Radar,166,64,36,23,289,0,0,8,1,9,166,64,44,24,298,0,0,0,298
06/17/2009,JAX,FL,ASO,ES,Combined TRACON& Tower with Radar,165,70,27,21,283,0,0,9,5,14,165,70,36,26,297,0,18,18,315
06/18/2009,JAX,FL,ASO,ES,Combined TRACON& Tower with Radar,158,62,29,14,263,0,0,6,0,6,158,62,35,14,269,0,0,0,269
06/19/2009,JAX,FL,ASO,ES,Combined TRACON& Tower with Radar,162,65,20,14,261,0,0,5,1,6,162,65,25,15,267,1,2,3,270
06/20/2009,JAX,FL,ASO,ES,Combined TRACON& Tower with Radar,141,51,11,1,204,0,0,5,0,5,141,51,16,1,209,0,0,0,209
06/21/2009,JAX,FL,ASO,ES,Combined TRACON& Tower with Radar,152,45,21,2,220,0,0,6,2,8,152,45,27,4,228,0,0,0,228
06/22/2009,JAX,FL,ASO,ES,Combined TRACON& Tower with Radar,152,50,18,14,234,0,3,2,1,6,152,53,20,15,240,0,0,0,240
06/23/2009,JAX,FL,ASO,ES,Combined TRACON& Tower with Radar,170,80,40,14,304,0,1,11,4,16,170,81,51,18,320,0,8,8,328
06/24/2009,JAX,FL,ASO,ES,Combined TRACON& Tower with Radar,166,69,29,14,278,0,1,4,5,10,166,70,33,19,288,0,0,0,288
06/25/2009,JAX,FL,ASO,ES,Combined TRACON& Tower with Radar,162,70,42,11,285,0,1,11,4,16,162,71,53,15,301,0,0,0,301
06/26/2009,JAX,FL,ASO,ES,Combined TRACON& Tower with Radar,160,73,21,5,259,0,0,11,6,17,160,73,32,11,276,0,0,0,276
06/27/2009,JAX,FL,ASO,ES,Combined TRACON& Tower with Radar,142,53,15,3,213,0,0,5,0,5,142,53,20,3,218,0,0,0,218
06/28/2009,JAX,FL,ASO,ES,Combined TRACON& Tower with Radar,150,57,8,0,215,0,0,13,3,16,150,57,21,3,231,0,0,0,231
06/29/2009,JAX,FL,ASO,ES,Combined TRACON& Tower with Radar,157,49,20,0,226,0,0,5,3,8,157,49,25,3,234,0,0,0,234
06/30/2009,JAX,FL,ASO,ES,Combined TRACON& Tower with Radar,185,72,23,10,290,0,0,7,4,11,185,72,30,14,301,0,0,0,301
07/01/2009,JAX,FL,ASO,ES,Combined TRACON& Tower with Radar,175,59,18,13,265,0,0,11,3,14,175,59,29,16,279,10,34,44,323
07/02/2009,JAX,FL,ASO,ES,Combined TRACON& Tower with Radar,177,69,25,8,279,0,0,13,0,13,177,69,38,8,292,6,0,6,298
07/03/2009,JAX,FL,ASO,ES,Combined TRACON& Tower with Radar,160,59,14,0,233,0,0,7,0,7,160,59,21,0,240,4,0,4,244
07/04/2009,JAX,FL,ASO,ES,Combined TRACON& Tower with Radar,120,36,10,0,166,0,1,6,0,7,120,37,16,0,173,4,0,4,177
07/05/2009,JAX,FL,ASO,ES,Combined TRACON& Tower with Radar,153,53,11,0,217,0,0,8,0,8,153,53,19,0,225,6,0,6,231
07/06/2009,JAX,FL,ASO,ES,Combined TRACON& Tower with Radar,157,49,12,7,225,0,1,4,0,5,157,50,16,7,230,0,0,0,230
07/07/2009,JAX,FL,ASO,ES,Combined TRACON& Tower with Radar,167,54,23,14,258,0,0,7,0,7,167,54,30,14,265,0,0,0,265
07/08/2009,JAX,FL,ASO,ES,Combined TRACON& Tower with Radar,169,59,28,10,266,0,2,2,2,6,169,61,30,12,272,0,0,0,272
07/09/2009,JAX,FL,ASO,ES,Combined TRACON& Tower with Radar,170,58,29,14,271,0,0,4,8,12,170,58,33,22,283,0,12,12,295
07/10/2009,JAX,FL,ASO,ES,Combined TRACON& Tower with Radar,176,62,17,14,269,0,0,3,0,3,176,62,20,14,272,0,4,4,276
07/11/2009,JAX,FL,ASO,ES,Combined TRACON& Tower with Radar,148,44,13,10,215,0,0,2,1,3,148,44,15,11,218,0,0,0,218
07/12/2009,JAX,FL,ASO,ES,Combined TRACON& Tower with Radar,149,47,12,5,213,0,1,12,1,14,149,48,24,6,227,0,0,0,227
07/13/2009,JAX,FL,ASO,ES,Combined TRACON& Tower with Radar,161,42,29,5,237,0,0,7,2,9,161,42,36,7,246,15,29,44,290
07/14/2009,JAX,FL,ASO,ES,Combined TRACON& Tower with Radar,173,63,37,11,284,0,0,16,2,18,173,63,53,13,302,0,16,16,318
07/15/2009,JAX,FL,ASO,ES,Combined TRACON& Tower with Radar,168,59,21,10,258,0,0,4,4,8,168,59,25,14,266,0,12,12,278
07/16/2009,JAX,FL,ASO,ES,Combined TRACON& Tower with Radar,172,65,20,8,265,0,0,16,2,18,172,65,36,10,283,0,16,16,299
07/17/2009,JAX,FL,ASO,ES,Combined TRACON& Tower with Radar,178,62,13,17,270,0,0,19,2,21,178,62,32,19,291,0,0,0,291
07/18/2009,JAX,FL,ASO,ES,Combined TRACON& Tower with Radar,150,49,6,1,206,0,0,9,0,9,150,49,15,1,215,0,0,0,215
07/19/2009,JAX,FL,ASO,ES,Combined TRACON& Tower with Radar,151,47,15,25,238,0,0,8,4,12,151,47,23,29,250,0,0,0,250
07/20/2009,JAX,FL,ASO,ES,Combined TRACON& Tower with Radar,156,52,7,12,227,0,0,10,0,10,156,52,17,12,237,0,0,0,237
07/21/2009,JAX,FL,ASO,ES,Combined TRACON& Tower with Radar,170,62,19,19,270,0,1,8,5,14,170,63,27,24,284,11,39,50,334
07/22/2009,JAX,FL,ASO,ES,Combined TRACON& Tower with Radar,166,65,33,11,275,0,0,23,2,25,166,65,56,13,300,0,36,36,336
07/23/2009,JAX,FL,ASO,ES,Combined TRACON& Tower with Radar,165,67,24,15,271,0,0,9,1,10,165,67,33,16,281,16,48,64,345
07/24/2009,JAX,FL,ASO,ES,Combined TRACON& Tower with Radar,165,70,20,13,268,0,1,13,1,15,165,71,33,14,283,0,4,4,287
07/25/2009,JAX,FL,ASO,ES,Combined TRACON& Tower with Radar,143,50,4,1,198,0,0,10,0,10,143,50,14,1,208,0,0,0,208
07/26/2009,JAX,FL,ASO,ES,Combined TRACON& Tower with Radar,154,50,13,2,219,0,0,6,0,6,154,50,19,2,225,0,0,0,225
07/27/2009,JAX,FL,ASO,ES,Combined TRACON& Tower with Radar,161,50,24,6,241,0,0,6,0,6,161,50,30,6,247,2,0,2,249
07/28/2009,JAX,FL,ASO,ES,Combined TRACON& Tower with Radar,182,60,20,11,273,0,4,9,3,16,182,64,29,14,289,8,0,8,297
07/29/2009,JAX,FL,ASO,ES,Combined TRACON& Tower with Radar,176,64,17,7,264,0,1,9,2,12,176,65,26,9,276,0,6,6,282
07/30/2009,JAX,FL,ASO,ES,Combined TRACON& Tower with Radar,174,67,29,7,277,0,0,5,3,8,174,67,34,10,285,0,0,0,285
07/31/2009,JAX,FL,ASO,ES,Combined TRACON& Tower with Radar,158,59,18,2,237,0,0,8,0,8,158,59,26,2,245,8,0,8,253
08/01/2009,JAX,FL,ASO,ES,Combined TRACON& Tower with Radar,152,54,11,0,217,0,0,3,1,4,152,54,14,1,221,0,0,0,221
08/02/2009,JAX,FL,ASO,ES,Combined TRACON& Tower with Radar,143,53,14,0,210,0,0,7,0,7,143,53,21,0,217,0,0,0,217
08/03/2009,JAX,FL,ASO,ES,Combined TRACON& Tower with Radar,156,52,10,15,233,0,0,9,1,10,156,52,19,16,243,0,0,0,243
08/04/2009,JAX,FL,ASO,ES,Combined TRACON& Tower with Radar,166,62,25,14,267,0,0,3,2,5,166,62,28,16,272,0,4,4,276
08/05/2009,JAX,FL,ASO,ES,Combined TRACON& Tower with Radar,167,61,24,12,264,0,1,12,9,22,167,62,36,21,286,6,38,44,330
08/06/2009,JAX,FL,ASO,ES,Combined TRACON& Tower with Radar,166,75,23,23,287,0,0,7,19,26,166,75,30,42,313,0,0,0,313
08/07/2009,JAX,FL,ASO,ES,Combined TRACON& Tower with Radar,159,71,22,21,273,0,0,13,1,14,159,71,35,22,287,0,4,4,291
08/08/2009,JAX,FL,ASO,ES,Combined TRACON& Tower with Radar,148,49,13,25,235,0,0,14,1,15,148,49,27,26,250,8,6,14,264
08/09/2009,JAX,FL,ASO,ES,Combined TRACON& Tower with Radar,146,55,15,33,249,0,0,9,4,13,146,55,24,37,262,10,0,10,272
08/10/2009,JAX,FL,ASO,ES,Combined TRACON& Tower with Radar,157,48,21,1,227,0,0,8,0,8,157,48,29,1,235,0,12,12,247
08/11/2009,JAX,FL,ASO,ES,Combined TRACON& Tower with Radar,163,60,18,14,255,0,0,12,0,12,163,60,30,14,267,0,6,6,273
08/12/2009,JAX,FL,ASO,ES,Combined TRACON& Tower with Radar,158,55,34,10,257,0,1,10,1,12,158,56,44,11,269,6,0,6,275
08/13/2009,JAX,FL,ASO,ES,Combined TRACON& Tower with Radar,170,81,14,13,278,0,1,4,0,5,170,82,18,13,283,0,20,20,303
08/14/2009,JAX,FL,ASO,ES,Combined TRACON& Tower with Radar,172,84,34,12,302,0,0,1,3,4,172,84,35,15,306,0,8,8,314
08/15/2009,JAX,FL,ASO,ES,Combined TRACON& Tower with Radar,151,45,7,0,203,0,0,2,0,2,151,45,9,0,205,0,0,0,205
08/16/2009,JAX,FL,ASO,ES,Combined TRACON& Tower with Radar,149,53,13,5,220,0,0,7,4,11,149,53,20,9,231,0,0,0,231
08/17/2009,JAX,FL,ASO,ES,Combined TRACON& Tower with Radar,155,47,12,22,236,0,0,6,2,8,155,47,18,24,244,12,40,52,296
08/18/2009,JAX,FL,ASO,ES,Combined TRACON& Tower with Radar,176,52,25,20,273,0,0,6,6,12,176,52,31,26,285,0,54,54,339
08/19/2009,JAX,FL,ASO,ES,Combined TRACON& Tower with Radar,177,57,33,27,294,0,0,6,4,10,177,57,39,31,304,0,44,44,348
08/20/2009,JAX,FL,ASO,ES,Combined TRACON& Tower with Radar,176,55,25,18,274,0,2,2,4,8,176,57,27,22,282,0,14,14,296
08/21/2009,JAX,FL,ASO,ES,Combined TRACON& Tower with Radar,174,53,16,20,263,0,0,5,0,5,174,53,21,20,268,0,42,42,310
08/22/2009,JAX,FL,ASO,ES,Combined TRACON& Tower with Radar,139,45,8,0,192,0,0,0,0,0,139,45,8,0,192,0,0,0,192
08/23/2009,JAX,FL,ASO,ES,Combined TRACON& Tower with Radar,157,52,9,10,228,0,0,17,0,17,157,52,26,10,245,6,76,82,327
08/24/2009,JAX,FL,ASO,ES,Combined TRACON& Tower with Radar,170,39,33,14,256,0,3,7,7,17,170,42,40,21,273,0,0,0,273
08/25/2009,JAX,FL,ASO,ES,Combined TRACON& Tower with Radar,180,49,17,14,260,0,2,6,3,11,180,51,23,17,271,0,39,39,310
08/26/2009,JAX,FL,ASO,ES,Combined TRACON& Tower with Radar,174,53,16,8,251,0,0,5,0,5,174,53,21,8,256,10,0,10,266
08/27/2009,JAX,FL,ASO,ES,Combined TRACON& Tower with Radar,175,49,22,8,254,0,0,1,0,1,175,49,23,8,255,0,6,6,261
08/28/2009,JAX,FL,ASO,ES,Combined TRACON& Tower with Radar,181,49,14,6,250,0,2,4,1,7,181,51,18,7,257,0,0,0,257
08/29/2009,JAX,FL,ASO,ES,Combined TRACON& Tower with Radar,142,47,12,0,201,0,0,8,0,8,142,47,20,0,209,0,0,0,209
08/30/2009,JAX,FL,ASO,ES,Combined TRACON& Tower with Radar,159,40,8,2,209,0,0,8,0,8,159,40,16,2,217,0,0,0,217
08/31/2009,JAX,FL,ASO,ES,Combined TRACON& Tower with Radar,166,45,18,15,244,0,0,5,1,6,166,45,23,16,250,4,26,30,280
09/01/2009,JAX,FL,ASO,ES,Combined TRACON& Tower with Radar,159,51,18,21,249,0,0,3,3,6,159,51,21,24,255,0,26,26,281
09/02/2009,JAX,FL,ASO,ES,Combined TRACON& Tower with Radar,165,52,21,26,264,0,0,0,0,0,165,52,21,26,264,0,0,0,264
09/03/2009,JAX,FL,ASO,ES,Combined TRACON& Tower with Radar,167,61,20,14,262,0,1,5,0,6,167,62,25,14,268,0,24,24,292
09/04/2009,JAX,FL,ASO,ES,Combined TRACON& Tower with Radar,169,62,25,0,256,0,0,1,0,1,169,62,26,0,257,0,0,0,257
09/05/2009,JAX,FL,ASO,ES,Combined TRACON& Tower with Radar,135,31,13,4,183,0,0,6,0,6,135,31,19,4,189,0,0,0,189
09/06/2009,JAX,FL,ASO,ES,Combined TRACON& Tower with Radar,109,33,15,0,157,0,0,11,0,11,109,33,26,0,168,8,0,8,176
09/07/2009,JAX,FL,ASO,ES,Combined TRACON& Tower with Radar,141,47,18,0,206,0,0,10,0,10,141,47,28,0,216,0,0,0,216
09/08/2009,JAX,FL,ASO,ES,Combined TRACON& Tower with Radar,152,41,20,14,227,0,0,27,0,27,152,41,47,14,254,0,0,0,254
09/09/2009,JAX,FL,ASO,ES,Combined TRACON& Tower with Radar,163,49,26,12,250,0,0,7,3,10,163,49,33,15,260,0,42,42,302
09/10/2009,JAX,FL,ASO,ES,Combined TRACON& Tower with Radar,169,56,29,1,255,0,0,13,0,13,169,56,42,1,268,0,0,0,268
09/11/2009,JAX,FL,ASO,ES,Combined TRACON& Tower with Radar,166,58,28,9,261,0,1,12,5,18,166,59,40,14,279,0,12,12,291
09/12/2009,JAX,FL,ASO,ES,Combined TRACON& Tower with Radar,132,41,5,1,179,0,0,14,0,14,132,41,19,1,193,6,0,6,199
09/13/2009,JAX,FL,ASO,ES,Combined TRACON& Tower with Radar,152,50,15,9,226,0,0,2,2,4,152,50,17,11,230,0,0,0,230
09/14/2009,JAX,FL,ASO,ES,Combined TRACON& Tower with Radar,158,40,20,0,218,0,0,5,1,6,158,40,25,1,224,0,0,0,224
09/15/2009,JAX,FL,ASO,ES,Combined TRACON& Tower with Radar,153,62,34,2,251,0,0,7,2,9,153,62,41,4,260,0,14,14,274
09/16/2009,JAX,FL,ASO,ES,Combined TRACON& Tower with Radar,158,56,26,0,240,0,0,5,1,6,158,56,31,1,246,0,0,0,246
09/17/2009,JAX,FL,ASO,ES,Combined TRACON& Tower with Radar,162,63,21,11,257,0,0,21,0,21,162,63,42,11,278,0,12,12,290
09/18/2009,JAX,FL,ASO,ES,Combined TRACON& Tower with Radar,175,57,34,13,279,0,0,13,0,13,175,57,47,13,292,0,14,14,306
09/19/2009,JAX,FL,ASO,ES,Combined TRACON& Tower with Radar,129,33,15,11,188,0,0,7,0,7,129,33,22,11,195,0,0,0,195
09/20/2009,JAX,FL,ASO,ES,Combined TRACON& Tower with Radar,147,50,17,3,217,0,0,4,1,5,147,50,21,4,222,0,0,0,222
09/21/2009,JAX,FL,ASO,ES,Combined TRACON& Tower with Radar,158,40,22,3,223,0,2,6,0,8,158,42,28,3,231,0,6,6,237
09/22/2009,JAX,FL,ASO,ES,Combined TRACON& Tower with Radar,164,49,25,15,253,0,0,21,1,22,164,49,46,16,275,22,0,22,297
09/23/2009,JAX,FL,ASO,ES,Combined TRACON& Tower with Radar,160,50,22,8,240,0,2,18,0,20,160,52,40,8,260,0,0,0,260
09/24/2009,JAX,FL,ASO,ES,Combined TRACON& Tower with Radar,162,53,28,20,263,0,0,10,2,12,162,53,38,22,275,2,22,24,299
09/25/2009,JAX,FL,ASO,ES,Combined TRACON& Tower with Radar,166,56,17,11,250,0,0,10,4,14,166,56,27,15,264,0,12,12,276
09/26/2009,JAX,FL,ASO,ES,Combined TRACON& Tower with Radar,130,34,12,0,176,0,0,9,0,9,130,34,21,0,185,0,0,0,185
09/27/2009,JAX,FL,ASO,ES,Combined TRACON& Tower with Radar,156,39,16,0,211,0,0,3,0,3,156,39,19,0,214,0,0,0,214
09/28/2009,JAX,FL,ASO,ES,Combined TRACON& Tower with Radar,154,39,22,27,242,0,0,13,0,13,154,39,35,27,255,8,0,8,263
09/29/2009,JAX,FL,ASO,ES,Combined TRACON& Tower with Radar,167,57,44,10,278,0,0,13,0,13,167,57,57,10,291,8,0,8,299
09/30/2009,JAX,FL,ASO,ES,Combined TRACON& Tower with Radar,161,54,20,3,238,0,0,9,0,9,161,54,29,3,247,0,0,0,247
10/01/2009,JAX,FL,ASO,ES,Combined TRACON& Tower with Radar,171,60,31,24,286,0,0,3,2,5,171,60,34,26,291,0,0,0,291
10/02/2009,JAX,FL,ASO,ES,Combined TRACON& Tower with Radar,170,49,17,9,245,0,0,10,3,13,170,49,27,12,258,4,0,4,262
10/03/2009,JAX,FL,ASO,ES,Combined TRACON& Tower with Radar,138,39,14,4,195,0,1,12,3,16,138,40,26,7,211,0,6,6,217
10/04/2009,JAX,FL,ASO,ES,Combined TRACON& Tower with Radar,178,48,15,6,247,6,0,1,1,8,184,48,16,7,255,38,0,38,293
10/05/2009,JAX,FL,ASO,ES,Combined TRACON& Tower with Radar,162,40,27,10,239,0,0,3,2,5,162,40,30,12,244,2,44,46,290
10/06/2009,JAX,FL,ASO,ES,Combined TRACON& Tower with Radar,161,55,42,14,272,0,0,7,0,7,161,55,49,14,279,0,0,0,279
10/07/2009,JAX,FL,ASO,ES,Combined TRACON& Tower with Radar,157,44,22,21,244,0,0,3,0,3,157,44,25,21,247,10,0,10,257
10/08/2009,JAX,FL,ASO,ES,Combined TRACON& Tower with Radar,175,55,27,19,276,0,0,12,1,13,175,55,39,20,289,0,0,0,289
10/09/2009,JAX,FL,ASO,ES,Combined TRACON& Tower with Radar,179,55,18,23,275,0,0,6,2,8,179,55,24,25,283,0,4,4,287
10/10/2009,JAX,FL,ASO,ES,Combined TRACON& Tower with Radar,141,40,5,3,189,0,0,1,0,1,141,40,6,3,190,0,0,0,190
10/11/2009,JAX,FL,ASO,ES,Combined TRACON& Tower with Radar,154,37,18,13,222,0,0,4,1,5,154,37,22,14,227,0,0,0,227
10/12/2009,JAX,FL,ASO,ES,Combined TRACON& Tower with Radar,161,33,38,2,234,0,0,11,0,11,161,33,49,2,245,0,0,0,245
10/13/2009,JAX,FL,ASO,ES,Combined TRACON& Tower with Radar,170,34,23,9,236,0,0,0,0,0,170,34,23,9,236,2,2,4,240
10/14/2009,JAX,FL,ASO,ES,Combined TRACON& Tower with Radar,164,53,23,11,251,0,1,5,1,7,164,54,28,12,258,2,24,26,284
10/15/2009,JAX,FL,ASO,ES,Combined TRACON& Tower with Radar,168,47,21,20,256,0,0,4,0,4,168,47,25,20,260,0,0,0,260
10/16/2009,JAX,FL,ASO,ES,Combined TRACON& Tower with Radar,174,45,24,19,262,0,0,2,5,7,174,45,26,24,269,0,22,22,291
10/17/2009,JAX,FL,ASO,ES,Combined TRACON& Tower with Radar,143,34,17,11,205,0,0,3,4,7,143,34,20,15,212,0,0,0,212
10/18/2009,JAX,FL,ASO,ES,Combined TRACON& Tower with Radar,150,38,19,3,210,0,0,6,2,8,150,38,25,5,218,0,0,0,218
10/19/2009,JAX,FL,ASO,ES,Combined TRACON& Tower with Radar,166,38,30,3,237,0,0,10,3,13,166,38,40,6,250,0,28,28,278
10/20/2009,JAX,FL,ASO,ES,Combined TRACON& Tower with Radar,167,46,30,15,258,0,0,6,4,10,167,46,36,19,268,0,18,18,286
10/21/2009,JAX,FL,ASO,ES,Combined TRACON& Tower with Radar,165,51,41,19,276,0,0,11,6,17,165,51,52,25,293,9,26,35,328
10/22/2009,JAX,FL,ASO,ES,Combined TRACON& Tower with Radar,172,61,26,11,270,0,0,13,0,13,172,61,39,11,283,0,0,0,283
10/23/2009,JAX,FL,ASO,ES,Combined TRACON& Tower with Radar,173,62,32,15,282,0,2,11,1,14,173,64,43,16,296,0,0,0,296
10/24/2009,JAX,FL,ASO,ES,Combined TRACON& Tower with Radar,138,36,11,2,187,0,0,2,2,4,138,36,13,4,191,22,0,22,213
10/25/2009,JAX,FL,ASO,ES,Combined TRACON& Tower with Radar,148,53,18,3,222,0,0,3,3,6,148,53,21,6,228,20,0,20,248
10/26/2009,JAX,FL,ASO,ES,Combined TRACON& Tower with Radar,165,42,23,10,240,0,0,2,2,4,165,42,25,12,244,0,0,0,244
10/27/2009,JAX,FL,ASO,ES,Combined TRACON& Tower with Radar,165,47,30,22,264,0,2,2,0,4,165,49,32,22,268,0,38,38,306
10/28/2009,JAX,FL,ASO,ES,Combined TRACON& Tower with Radar,162,52,42,12,268,0,2,1,0,3,162,54,43,12,271,0,4,4,275
10/29/2009,JAX,FL,ASO,ES,Combined TRACON& Tower with Radar,173,51,29,12,265,0,0,3,3,6,173,51,32,15,271,4,32,36,307
10/30/2009,JAX,FL,ASO,ES,Combined TRACON& Tower with Radar,171,46,29,4,250,0,0,8,1,9,171,46,37,5,259,0,0,0,259
10/31/2009,JAX,FL,ASO,ES,Combined TRACON& Tower with Radar,135,54,23,6,218,0,0,3,0,3,135,54,26,6,221,0,0,0,221
11/01/2009,JAX,FL,ASO,ES,Combined TRACON& Tower with Radar,153,53,17,1,224,0,0,8,0,8,153,53,25,1,232,12,0,12,244
11/02/2009,JAX,FL,ASO,ES,Combined TRACON& Tower with Radar,161,45,37,2,245,0,0,1,2,3,161,45,38,4,248,0,0,0,248
11/03/2009,JAX,FL,ASO,ES,Combined TRACON& Tower with Radar,160,43,19,10,232,0,1,10,4,15,160,44,29,14,247,0,0,0,247
11/04/2009,JAX,FL,ASO,ES,Combined TRACON& Tower with Radar,156,47,32,16,251,1,0,16,0,17,157,47,48,16,268,10,0,10,278
11/05/2009,JAX,FL,ASO,ES,Combined TRACON& Tower with Radar,165,57,17,9,248,0,0,19,0,19,165,57,36,9,267,0,0,0,267
11/06/2009,JAX,FL,ASO,ES,Combined TRACON& Tower with Radar,170,56,40,18,284,0,1,9,3,13,170,57,49,21,297,0,0,0,297
11/07/2009,JAX,FL,ASO,ES,Combined TRACON& Tower with Radar,130,35,15,15,195,0,1,14,3,18,130,36,29,18,213,0,0,0,213
11/08/2009,JAX,FL,ASO,ES,Combined TRACON& Tower with Radar,151,45,26,6,228,0,0,4,1,5,151,45,30,7,233,0,16,16,249
11/09/2009,JAX,FL,ASO,ES,Combined TRACON& Tower with Radar,160,39,27,10,236,0,0,1,6,7,160,39,28,16,243,0,0,0,243
11/10/2009,JAX,FL,ASO,ES,Combined TRACON& Tower with Radar,161,47,29,29,266,0,0,3,7,10,161,47,32,36,276,0,0,0,276
11/11/2009,JAX,FL,ASO,ES,Combined TRACON& Tower with Radar,156,49,27,0,232,0,0,3,0,3,156,49,30,0,235,0,0,0,235
11/12/2009,JAX,FL,ASO,ES,Combined TRACON& Tower with Radar,171,44,22,14,251,0,0,1,2,3,171,44,23,16,254,0,0,0,254
11/13/2009,JAX,FL,ASO,ES,Combined TRACON& Tower with Radar,173,47,24,11,255,0,0,11,3,14,173,47,35,14,269,0,2,2,271
11/14/2009,JAX,FL,ASO,ES,Combined TRACON& Tower with Radar,127,38,11,0,176,0,1,16,0,17,127,39,27,0,193,16,2,18,211
11/15/2009,JAX,FL,ASO,ES,Combined TRACON& Tower with Radar,158,40,30,2,230,0,0,12,1,13,158,40,42,3,243,44,0,44,287
11/16/2009,JAX,FL,ASO,ES,Combined TRACON& Tower with Radar,159,39,34,5,237,0,0,12,1,13,159,39,46,6,250,0,0,0,250
11/17/2009,JAX,FL,ASO,ES,Combined TRACON& Tower with Radar,167,45,24,19,255,0,0,9,0,9,167,45,33,19,264,0,4,4,268
11/18/2009,JAX,FL,ASO,ES,Combined TRACON& Tower with Radar,161,61,18,31,271,0,1,4,1,6,161,62,22,32,277,0,0,0,277
11/19/2009,JAX,FL,ASO,ES,Combined TRACON& Tower with Radar,166,56,26,13,261,0,0,3,1,4,166,56,29,14,265,0,0,0,265
11/20/2009,JAX,FL,ASO,ES,Combined TRACON& Tower with Radar,171,53,39,27,290,0,0,8,2,10,171,53,47,29,300,0,0,0,300
11/21/2009,JAX,FL,ASO,ES,Combined TRACON& Tower with Radar,133,35,18,0,186,0,0,4,0,4,133,35,22,0,190,0,0,0,190
11/22/2009,JAX,FL,ASO,ES,Combined TRACON& Tower with Radar,161,41,15,0,217,0,0,1,3,4,161,41,16,3,221,0,0,0,221
11/23/2009,JAX,FL,ASO,ES,Combined TRACON& Tower with Radar,152,38,20,12,222,0,0,2,1,3,152,38,22,13,225,0,0,0,225
11/24/2009,JAX,FL,ASO,ES,Combined TRACON& Tower with Radar,166,49,36,21,272,0,0,0,0,0,166,49,36,21,272,0,0,0,272
11/25/2009,JAX,FL,ASO,ES,Combined TRACON& Tower with Radar,178,51,21,0,250,0,0,2,0,2,178,51,23,0,252,0,0,0,252
11/26/2009,JAX,FL,ASO,ES,Combined TRACON& Tower with Radar,116,37,5,0,158,0,1,2,0,3,116,38,7,0,161,0,0,0,161
11/27/2009,JAX,FL,ASO,ES,Combined TRACON& Tower with Radar,132,33,12,1,178,0,0,2,0,2,132,33,14,1,180,0,0,0,180
11/28/2009,JAX,FL,ASO,ES,Combined TRACON& Tower with Radar,145,39,11,2,197,0,0,3,0,3,145,39,14,2,200,0,0,0,200
11/29/2009,JAX,FL,ASO,ES,Combined TRACON& Tower with Radar,167,37,26,1,231,0,0,5,0,5,167,37,31,1,236,0,0,0,236
11/30/2009,JAX,FL,ASO,ES,Combined TRACON& Tower with Radar,165,39,22,4,230,0,0,17,0,17,165,39,39,4,247,0,0,0,247
12/01/2009,JAX,FL,ASO,ES,Combined TRACON& Tower with Radar,172,42,39,12,265,0,0,0,1,1,172,42,39,13,266,0,2,2,268
12/02/2009,JAX,FL,ASO,ES,Combined TRACON& Tower with Radar,168,52,15,14,249,0,0,0,1,1,168,52,15,15,250,0,0,0,250
12/03/2009,JAX,FL,ASO,ES,Combined TRACON& Tower with Radar,174,52,40,10,276,0,1,7,2,10,174,53,47,12,286,0,0,0,286
12/04/2009,JAX,FL,ASO,ES,Combined TRACON& Tower with Radar,165,48,34,16,263,0,1,3,1,5,165,49,37,17,268,0,0,0,268
12/05/2009,JAX,FL,ASO,ES,Combined TRACON& Tower with Radar,126,38,24,8,196,0,0,4,0,4,126,38,28,8,200,0,0,0,200
12/06/2009,JAX,FL,ASO,ES,Combined TRACON& Tower with Radar,153,41,24,6,224,0,0,7,4,11,153,41,31,10,235,12,0,12,247
12/07/2009,JAX,FL,ASO,ES,Combined TRACON& Tower with Radar,155,52,17,28,252,0,0,0,0,0,155,52,17,28,252,0,32,32,284
12/08/2009,JAX,FL,ASO,ES,Combined TRACON& Tower with Radar,164,54,33,16,267,0,0,10,1,11,164,54,43,17,278,12,0,12,290
12/09/2009,JAX,FL,ASO,ES,Combined TRACON& Tower with Radar,162,50,50,12,274,0,0,6,0,6,162,50,56,12,280,0,0,0,280
12/10/2009,JAX,FL,ASO,ES,Combined TRACON& Tower with Radar,163,54,28,18,263,0,0,6,0,6,163,54,34,18,269,0,0,0,269
12/11/2009,JAX,FL,ASO,ES,Combined TRACON& Tower with Radar,167,47,33,1,248,0,0,9,1,10,167,47,42,2,258,12,0,12,270
12/12/2009,JAX,FL,ASO,ES,Combined TRACON& Tower with Radar,130,35,14,0,179,0,0,1,0,1,130,35,15,0,180,0,0,0,180
12/13/2009,JAX,FL,ASO,ES,Combined TRACON& Tower with Radar,159,42,16,11,228,0,0,4,1,5,159,42,20,12,233,2,1,3,236
12/14/2009,JAX,FL,ASO,ES,Combined TRACON& Tower with Radar,156,46,42,3,247,0,0,7,1,8,156,46,49,4,255,18,0,18,273
12/15/2009,JAX,FL,ASO,ES,Combined TRACON& Tower with Radar,158,45,26,24,253,0,0,3,0,3,158,45,29,24,256,0,0,0,256
12/16/2009,JAX,FL,ASO,ES,Combined TRACON& Tower with Radar,158,47,36,15,256,0,0,9,0,9,158,47,45,15,265,0,0,0,265
12/17/2009,JAX,FL,ASO,ES,Combined TRACON& Tower with Radar,164,57,33,14,268,0,0,7,1,8,164,57,40,15,276,8,14,22,298
12/18/2009,JAX,FL,ASO,ES,Combined TRACON& Tower with Radar,167,62,32,13,274,0,0,1,1,2,167,62,33,14,276,0,0,0,276
12/19/2009,JAX,FL,ASO,ES,Combined TRACON& Tower with Radar,131,34,18,2,185,0,0,0,0,0,131,34,18,2,185,0,0,0,185
12/20/2009,JAX,FL,ASO,ES,Combined TRACON& Tower with Radar,124,39,4,1,168,0,1,6,2,9,124,40,10,3,177,19,0,19,196
12/21/2009,JAX,FL,ASO,ES,Combined TRACON& Tower with Radar,163,41,24,14,242,0,0,7,1,8,163,41,31,15,250,0,0,0,250
12/22/2009,JAX,FL,ASO,ES,Combined TRACON& Tower with Radar,180,46,16,16,258,0,2,7,2,11,180,48,23,18,269,0,16,16,285
12/23/2009,JAX,FL,ASO,ES,Combined TRACON& Tower with Radar,173,50,23,12,258,0,0,12,3,15,173,50,35,15,273,0,0,0,273
12/24/2009,JAX,FL,ASO,ES,Combined TRACON& Tower with Radar,157,39,9,0,205,0,2,2,0,4,157,41,11,0,209,0,0,0,209
12/25/2009,JAX,FL,ASO,ES,Combined TRACON& Tower with Radar,107,42,1,0,150,0,0,0,0,0,107,42,1,0,150,0,0,0,150
12/26/2009,JAX,FL,ASO,ES,Combined TRACON& Tower with Radar,148,51,21,2,222,0,0,5,0,5,148,51,26,2,227,0,0,0,227
12/27/2009,JAX,FL,ASO,ES,Combined TRACON& Tower with Radar,155,39,19,2,215,0,0,7,0,7,155,39,26,2,222,0,0,0,222
12/28/2009,JAX,FL,ASO,ES,Combined TRACON& Tower with Radar,167,36,13,0,216,0,0,5,0,5,167,36,18,0,221,0,0,0,221
12/29/2009,JAX,FL,ASO,ES,Combined TRACON& Tower with Radar,176,50,17,11,254,0,0,10,1,11,176,50,27,12,265,6,2,8,273
12/30/2009,JAX,FL,ASO,ES,Combined TRACON& Tower with Radar,180,53,21,6,260,0,1,8,1,10,180,54,29,7,270,2,0,2,272
12/31/2009,JAX,FL,ASO,ES,Combined TRACON& Tower with Radar,142,55,17,6,220,0,0,1,1,2,142,55,18,7,222,0,0,0,222
01/01/2010,JAX,FL,ASO,ES,Combined TRACON& Tower with Radar,123,46,14,1,184,0,0,2,1,3,123,46,16,2,187,0,0,0,187
01/02/2010,JAX,FL,ASO,ES,Combined TRACON& Tower with Radar,142,54,19,2,217,0,0,8,0,8,142,54,27,2,225,0,0,0,225
01/03/2010,JAX,FL,ASO,ES,Combined TRACON& Tower with Radar,155,47,15,2,219,0,1,4,0,5,155,48,19,2,224,0,0,0,224
01/04/2010,JAX,FL,ASO,ES,Combined TRACON& Tower with Radar,161,39,11,11,222,0,0,7,3,10,161,39,18,14,232,0,0,0,232
01/05/2010,JAX,FL,ASO,ES,Combined TRACON& Tower with Radar,155,50,26,8,239,0,6,11,3,20,155,56,37,11,259,11,11,22,281
01/06/2010,JAX,FL,ASO,ES,Combined TRACON& Tower with Radar,147,45,24,6,222,0,0,11,2,13,147,45,35,8,235,0,4,4,239
01/07/2010,JAX,FL,ASO,ES,Combined TRACON& Tower with Radar,145,49,15,19,228,0,0,10,1,11,145,49,25,20,239,24,0,24,263
01/08/2010,JAX,FL,ASO,ES,Combined TRACON& Tower with Radar,147,50,11,9,217,0,0,2,0,2,147,50,13,9,219,0,0,0,219
01/09/2010,JAX,FL,ASO,ES,Combined TRACON& Tower with Radar,138,31,13,33,215,0,1,0,2,3,138,32,13,35,218,0,0,0,218
01/10/2010,JAX,FL,ASO,ES,Combined TRACON& Tower with Radar,134,37,15,4,190,0,0,12,2,14,134,37,27,6,204,20,0,20,224
01/11/2010,JAX,FL,ASO,ES,Combined TRACON& Tower with Radar,149,44,16,10,219,0,0,4,0,4,149,44,20,10,223,0,0,0,223
01/12/2010,JAX,FL,ASO,ES,Combined TRACON& Tower with Radar,152,51,35,7,245,0,1,4,0,5,152,52,39,7,250,0,0,0,250
01/13/2010,JAX,FL,ASO,ES,Combined TRACON& Tower with Radar,145,56,29,9,239,0,0,6,1,7,145,56,35,10,246,0,0,0,246
01/14/2010,JAX,FL,ASO,ES,Combined TRACON& Tower with Radar,151,50,29,16,246,0,0,2,1,3,151,50,31,17,249,10,0,10,259
01/15/2010,JAX,FL,ASO,ES,Combined TRACON& Tower with Radar,157,66,42,18,283,0,0,6,4,10,157,66,48,22,293,8,0,8,301
01/16/2010,JAX,FL,ASO,ES,Combined TRACON& Tower with Radar,125,41,12,1,179,0,0,0,0,0,125,41,12,1,179,0,0,0,179
01/17/2010,JAX,FL,ASO,ES,Combined TRACON& Tower with Radar,143,37,22,4,206,0,0,4,1,5,143,37,26,5,211,0,0,0,211
01/18/2010,JAX,FL,ASO,ES,Combined TRACON& Tower with Radar,145,40,29,1,215,0,2,7,0,9,145,42,36,1,224,6,0,6,230
01/19/2010,JAX,FL,ASO,ES,Combined TRACON& Tower with Radar,149,44,24,6,223,0,0,3,6,9,149,44,27,12,232,0,0,0,232
01/20/2010,JAX,FL,ASO,ES,Combined TRACON& Tower with Radar,142,63,45,19,269,0,1,11,1,13,142,64,56,20,282,0,0,0,282
01/21/2010,JAX,FL,ASO,ES,Combined TRACON& Tower with Radar,154,64,22,8,248,0,0,1,0,1,154,64,23,8,249,0,0,0,249
01/22/2010,JAX,FL,ASO,ES,Combined TRACON& Tower with Radar,160,59,47,14,280,0,0,4,1,5,160,59,51,15,285,8,0,8,293
01/23/2010,JAX,FL,ASO,ES,Combined TRACON& Tower with Radar,125,33,13,0,171,0,0,3,0,3,125,33,16,0,174,0,0,0,174
01/24/2010,JAX,FL,ASO,ES,Combined TRACON& Tower with Radar,126,38,10,1,175,0,0,1,0,1,126,38,11,1,176,0,0,0,176
01/25/2010,JAX,FL,ASO,ES,Combined TRACON& Tower with Radar,146,40,28,4,218,0,1,6,0,7,146,41,34,4,225,6,0,6,231
01/26/2010,JAX,FL,ASO,ES,Combined TRACON& Tower with Radar,151,55,25,16,247,0,0,11,2,13,151,55,36,18,260,0,0,0,260
01/27/2010,JAX,FL,ASO,ES,Combined TRACON& Tower with Radar,146,45,32,23,246,0,0,13,6,19,146,45,45,29,265,0,6,6,271
01/28/2010,JAX,FL,ASO,ES,Combined TRACON& Tower with Radar,145,52,39,16,252,0,0,14,3,17,145,52,53,19,269,10,12,22,291
01/29/2010,JAX,FL,ASO,ES,Combined TRACON& Tower with Radar,152,50,26,6,234,0,0,12,5,17,152,50,38,11,251,12,6,18,269
01/30/2010,JAX,FL,ASO,ES,Combined TRACON& Tower with Radar,116,36,10,0,162,0,0,0,0,0,116,36,10,0,162,0,0,0,162
01/31/2010,JAX,FL,ASO,ES,Combined TRACON& Tower with Radar,153,47,19,1,220,0,0,4,4,8,153,47,23,5,228,0,0,0,228
02/01/2010,JAX,FL,ASO,ES,Combined TRACON& Tower with Radar,153,45,17,24,239,0,0,1,2,3,153,45,18,26,242,0,0,0,242
02/02/2010,JAX,FL,ASO,ES,Combined TRACON& Tower with Radar,149,57,20,5,231,0,0,1,2,3,149,57,21,7,234,0,14,14,248
02/03/2010,JAX,FL,ASO,ES,Combined TRACON& Tower with Radar,143,52,23,15,233,0,0,7,3,10,143,52,30,18,243,0,0,0,243
02/04/2010,JAX,FL,ASO,ES,Combined TRACON& Tower with Radar,156,61,34,14,265,0,0,5,1,6,156,61,39,15,271,14,0,14,285
02/05/2010,JAX,FL,ASO,ES,Combined TRACON& Tower with Radar,147,62,15,30,254,0,0,0,1,1,147,62,15,31,255,0,0,0,255
02/06/2010,JAX,FL,ASO,ES,Combined TRACON& Tower with Radar,108,29,14,24,175,0,0,5,0,5,108,29,19,24,180,0,0,0,180
02/07/2010,JAX,FL,ASO,ES,Combined TRACON& Tower with Radar,116,37,21,6,180,0,0,5,0,5,116,37,26,6,185,0,0,0,185
02/08/2010,JAX,FL,ASO,ES,Combined TRACON& Tower with Radar,135,57,17,4,213,0,1,9,1,11,135,58,26,5,224,0,30,30,254
02/09/2010,JAX,FL,ASO,ES,Combined TRACON& Tower with Radar,141,66,29,13,249,0,0,2,1,3,141,66,31,14,252,0,0,0,252
02/10/2010,JAX,FL,ASO,ES,Combined TRACON& Tower with Radar,116,41,16,16,189,0,0,9,0,9,116,41,25,16,198,0,0,0,198
02/11/2010,JAX,FL,ASO,ES,Combined TRACON& Tower with Radar,128,49,41,12,230,0,2,12,4,18,128,51,53,16,248,4,20,24,272
02/12/2010,JAX,FL,ASO,ES,Combined TRACON& Tower with Radar,144,63,34,5,246,0,0,2,0,2,144,63,36,5,248,0,0,0,248
02/13/2010,JAX,FL,ASO,ES,Combined TRACON& Tower with Radar,132,38,16,1,187,0,2,4,0,6,132,40,20,1,193,0,0,0,193
02/14/2010,JAX,FL,ASO,ES,Combined TRACON& Tower with Radar,144,45,12,11,212,0,1,5,0,6,144,46,17,11,218,0,0,0,218
02/15/2010,JAX,FL,ASO,ES,Combined TRACON& Tower with Radar,150,49,39,1,239,0,0,9,0,9,150,49,48,1,248,0,0,0,248
02/16/2010,JAX,FL,ASO,ES,Combined TRACON& Tower with Radar,159,52,27,13,251,0,1,4,0,5,159,53,31,13,256,2,0,2,258
02/17/2010,JAX,FL,ASO,ES,Combined TRACON& Tower with Radar,158,58,29,10,255,0,0,9,1,10,158,58,38,11,265,0,0,0,265
02/18/2010,JAX,FL,ASO,ES,Combined TRACON& Tower with Radar,156,63,31,12,262,0,1,11,3,15,156,64,42,15,277,0,8,8,285
02/19/2010,JAX,FL,ASO,ES,Combined TRACON& Tower with Radar,159,62,24,24,269,0,0,14,9,23,159,62,38,33,292,6,8,14,306
02/20/2010,JAX,FL,ASO,ES,Combined TRACON& Tower with Radar,143,38,15,0,196,0,0,5,0,5,143,38,20,0,201,0,0,0,201
02/21/2010,JAX,FL,ASO,ES,Combined TRACON& Tower with Radar,143,51,25,4,223,0,1,9,5,15,143,52,34,9,238,0,0,0,238
02/22/2010,JAX,FL,ASO,ES,Combined TRACON& Tower with Radar,154,41,33,12,240,0,1,2,0,3,154,42,35,12,243,0,0,0,243
02/23/2010,JAX,FL,ASO,ES,Combined TRACON& Tower with Radar,163,52,30,10,255,0,0,7,0,7,163,52,37,10,262,8,0,8,270
02/24/2010,JAX,FL,ASO,ES,Combined TRACON& Tower with Radar,162,50,32,17,261,0,0,7,2,9,162,50,39,19,270,0,2,2,272
02/25/2010,JAX,FL,ASO,ES,Combined TRACON& Tower with Radar,156,42,35,17,250,0,0,11,1,12,156,42,46,18,262,4,28,32,294
02/26/2010,JAX,FL,ASO,ES,Combined TRACON& Tower with Radar,153,50,31,3,237,0,0,29,0,29,153,50,60,3,266,0,0,0,266
02/27/2010,JAX,FL,ASO,ES,Combined TRACON& Tower with Radar,135,36,11,2,184,0,0,16,0,16,135,36,27,2,200,0,0,0,200
02/28/2010,JAX,FL,ASO,ES,Combined TRACON& Tower with Radar,146,47,30,12,235,0,0,8,1,9,146,47,38,13,244,0,0,0,244
03/01/2010,JAX,FL,ASO,ES,Combined TRACON& Tower with Radar,152,39,31,10,232,0,0,15,2,17,152,39,46,12,249,11,18,29,278
03/02/2010,JAX,FL,ASO,ES,Combined TRACON& Tower with Radar,146,48,22,12,228,0,0,2,0,2,146,48,24,12,230,19,18,37,267
03/03/2010,JAX,FL,ASO,ES,Combined TRACON& Tower with Radar,159,52,26,15,252,0,0,9,1,10,159,52,35,16,262,0,0,0,262
03/04/2010,JAX,FL,ASO,ES,Combined TRACON& Tower with Radar,163,54,30,1,248,0,0,16,3,19,163,54,46,4,267,0,50,50,317
03/05/2010,JAX,FL,ASO,ES,Combined TRACON& Tower with Radar,159,48,23,8,238,0,0,10,3,13,159,48,33,11,251,8,0,8,259
03/06/2010,JAX,FL,ASO,ES,Combined TRACON& Tower with Radar,146,43,15,6,210,0,0,15,2,17,146,43,30,8,227,0,0,0,227
03/07/2010,JAX,FL,ASO,ES,Combined TRACON& Tower with Radar,142,46,19,4,211,0,0,12,1,13,142,46,31,5,224,14,0,14,238
03/08/2010,JAX,FL,ASO,ES,Combined TRACON& Tower with Radar,153,43,41,2,239,0,0,16,0,16,153,43,57,2,255,2,0,2,257
03/09/2010,JAX,FL,ASO,ES,Combined TRACON& Tower with Radar,161,53,30,17,261,0,0,3,5,8,161,53,33,22,269,0,14,14,283
03/10/2010,JAX,FL,ASO,ES,Combined TRACON& Tower with Radar,160,48,35,10,253,0,1,8,7,16,160,49,43,17,269,2,12,14,283
03/11/2010,JAX,FL,ASO,ES,Combined TRACON& Tower with Radar,184,57,38,4,283,0,0,1,1,2,184,57,39,5,285,0,2,2,287
03/12/2010,JAX,FL,ASO,ES,Combined TRACON& Tower with Radar,160,62,47,8,277,0,0,2,0,2,160,62,49,8,279,0,0,0,279
03/13/2010,JAX,FL,ASO,ES,Combined TRACON& Tower with Radar,151,36,17,5,209,0,1,2,0,3,151,37,19,5,212,4,0,4,216
03/14/2010,JAX,FL,ASO,ES,Combined TRACON& Tower with Radar,141,42,21,5,209,0,0,4,1,5,141,42,25,6,214,0,0,0,214
03/15/2010,JAX,FL,ASO,ES,Combined TRACON& Tower with Radar,153,48,23,8,232,0,0,16,0,16,153,48,39,8,248,0,0,0,248
03/16/2010,JAX,FL,ASO,ES,Combined TRACON& Tower with Radar,161,46,29,2,238,0,0,21,7,28,161,46,50,9,266,0,28,28,294
03/17/2010,JAX,FL,ASO,ES,Combined TRACON& Tower with Radar,174,51,45,9,279,0,0,5,0,5,174,51,50,9,284,0,4,4,288
03/18/2010,JAX,FL,ASO,ES,Combined TRACON& Tower with Radar,167,59,47,2,275,0,0,6,1,7,167,59,53,3,282,2,36,38,320
03/19/2010,JAX,FL,ASO,ES,Combined TRACON& Tower with Radar,164,53,69,20,306,0,3,19,2,24,164,56,88,22,330,0,0,0,330
03/20/2010,JAX,FL,ASO,ES,Combined TRACON& Tower with Radar,154,43,20,1,218,0,0,8,3,11,154,43,28,4,229,8,0,8,237
03/21/2010,JAX,FL,ASO,ES,Combined TRACON& Tower with Radar,149,55,18,4,226,0,0,1,0,1,149,55,19,4,227,0,0,0,227
03/22/2010,JAX,FL,ASO,ES,Combined TRACON& Tower with Radar,164,47,30,4,245,0,0,6,4,10,164,47,36,8,255,0,0,0,255
03/23/2010,JAX,FL,ASO,ES,Combined TRACON& Tower with Radar,165,47,28,18,258,0,1,11,4,16,165,48,39,22,274,0,40,40,314
03/24/2010,JAX,FL,ASO,ES,Combined TRACON& Tower with Radar,161,51,40,16,268,0,2,15,4,21,161,53,55,20,289,30,12,42,331
03/25/2010,JAX,FL,ASO,ES,Combined TRACON& Tower with Radar,155,50,28,16,249,0,1,15,1,17,155,51,43,17,266,0,12,12,278
03/26/2010,JAX,FL,ASO,ES,Combined TRACON& Tower with Radar,172,59,32,14,277,0,1,5,2,8,172,60,37,16,285,0,0,0,285
03/27/2010,JAX,FL,ASO,ES,Combined TRACON& Tower with Radar,148,46,26,2,222,0,0,1,0,1,148,46,27,2,223,2,0,2,225
03/28/2010,JAX,FL,ASO,ES,Combined TRACON& Tower with Radar,161,47,17,3,228,0,0,0,0,0,161,47,17,3,228,0,0,0,228
03/29/2010,JAX,FL,ASO,ES,Combined TRACON& Tower with Radar,163,38,28,16,245,0,0,8,5,13,163,38,36,21,258,0,0,0,258
03/30/2010,JAX,FL,ASO,ES,Combined TRACON& Tower with Radar,155,56,33,16,260,0,0,16,7,23,155,56,49,23,283,0,4,4,287
03/31/2010,JAX,FL,ASO,ES,Combined TRACON& Tower with Radar,160,39,20,1,220,0,0,18,0,18,160,39,38,1,238,12,0,12,250
04/01/2010,JAX,FL,ASO,ES,Combined TRACON& Tower with Radar,124,88,31,8,251,0,0,10,6,16,124,88,41,14,267,4,0,4,271
04/02/2010,JAX,FL,ASO,ES,Combined TRACON& Tower with Radar,123,88,27,9,247,0,0,11,5,16,123,88,38,14,263,4,6,10,273
04/03/2010,JAX,FL,ASO,ES,Combined TRACON& Tower with Radar,97,91,8,2,198,0,0,19,1,20,97,91,27,3,218,8,0,8,226
04/04/2010,JAX,FL,ASO,ES,Combined TRACON& Tower with Radar,104,90,15,3,212,0,0,0,3,3,104,90,15,6,215,0,0,0,215
04/05/2010,JAX,FL,ASO,ES,Combined TRACON& Tower with Radar,119,87,29,6,241,0,0,15,1,16,119,87,44,7,257,20,0,20,277
04/06/2010,JAX,FL,ASO,ES,Combined TRACON& Tower with Radar,120,88,34,7,249,0,0,10,3,13,120,88,44,10,262,6,0,6,268
04/07/2010,JAX,FL,ASO,ES,Combined TRACON& Tower with Radar,118,89,31,21,259,0,0,12,1,13,118,89,43,22,272,0,28,28,300
04/08/2010,JAX,FL,ASO,ES,Combined TRACON& Tower with Radar,119,96,31,13,259,0,0,7,2,9,119,96,38,15,268,0,0,0,268
04/09/2010,JAX,FL,ASO,ES,Combined TRACON& Tower with Radar,124,96,28,13,261,0,0,7,0,7,124,96,35,13,268,0,12,12,280
04/10/2010,JAX,FL,ASO,ES,Combined TRACON& Tower with Radar,90,97,10,2,199,0,0,7,0,7,90,97,17,2,206,0,0,0,206
04/11/2010,JAX,FL,ASO,ES,Combined TRACON& Tower with Radar,106,100,19,1,226,0,1,13,5,19,106,101,32,6,245,0,0,0,245
04/12/2010,JAX,FL,ASO,ES,Combined TRACON& Tower with Radar,118,92,25,16,251,0,0,7,1,8,118,92,32,17,259,0,14,14,273
04/13/2010,JAX,FL,ASO,ES,Combined TRACON& Tower with Radar,124,96,37,7,264,0,0,7,4,11,124,96,44,11,275,0,6,6,281
04/14/2010,JAX,FL,ASO,ES,Combined TRACON& Tower with Radar,123,87,24,8,242,0,0,8,0,8,123,87,32,8,250,0,0,0,250
04/15/2010,JAX,FL,ASO,ES,Combined TRACON& Tower with Radar,124,99,29,7,259,0,0,3,1,4,124,99,32,8,263,0,0,0,263
04/16/2010,JAX,FL,ASO,ES,Combined TRACON& Tower with Radar,126,93,17,7,243,0,0,8,3,11,126,93,25,10,254,0,0,0,254
04/17/2010,JAX,FL,ASO,ES,Combined TRACON& Tower with Radar,94,97,15,3,209,0,1,9,0,10,94,98,24,3,219,0,0,0,219
04/18/2010,JAX,FL,ASO,ES,Combined TRACON& Tower with Radar,113,97,20,8,238,0,1,6,1,8,113,98,26,9,246,0,0,0,246
04/19/2010,JAX,FL,ASO,ES,Combined TRACON& Tower with Radar,120,101,27,3,251,0,1,6,0,7,120,102,33,3,258,12,0,12,270
04/20/2010,JAX,FL,ASO,ES,Combined TRACON& Tower with Radar,121,106,32,10,269,0,0,2,1,3,121,106,34,11,272,2,0,2,274
04/21/2010,JAX,FL,ASO,ES,Combined TRACON& Tower with Radar,123,92,49,18,282,0,1,12,1,14,123,93,61,19,296,0,10,10,306
04/22/2010,JAX,FL,ASO,ES,Combined TRACON& Tower with Radar,120,111,32,14,277,0,0,11,2,13,120,111,43,16,290,0,6,6,296
04/23/2010,JAX,FL,ASO,ES,Combined TRACON& Tower with Radar,137,106,44,16,303,0,0,17,3,20,137,106,61,19,323,0,0,0,323
04/24/2010,JAX,FL,ASO,ES,Combined TRACON& Tower with Radar,89,98,21,9,217,0,0,0,1,1,89,98,21,10,218,0,0,0,218
04/25/2010,JAX,FL,ASO,ES,Combined TRACON& Tower with Radar,120,96,13,29,258,0,0,4,1,5,120,96,17,30,263,0,0,0,263
04/26/2010,JAX,FL,ASO,ES,Combined TRACON& Tower with Radar,159,84,29,12,284,0,0,7,0,7,159,84,36,12,291,0,26,26,317
04/27/2010,JAX,FL,ASO,ES,Combined TRACON& Tower with Radar,126,96,25,14,261,0,1,6,0,7,126,97,31,14,268,0,10,10,278
04/28/2010,JAX,FL,ASO,ES,Combined TRACON& Tower with Radar,122,90,35,8,255,0,1,14,1,16,122,91,49,9,271,6,4,10,281
04/29/2010,JAX,FL,ASO,ES,Combined TRACON& Tower with Radar,125,94,36,18,273,0,3,15,2,20,125,97,51,20,293,6,44,50,343
04/30/2010,JAX,FL,ASO,ES,Combined TRACON& Tower with Radar,126,94,22,20,262,0,0,12,4,16,126,94,34,24,278,0,12,12,290
05/01/2010,JAX,FL,ASO,ES,Combined TRACON& Tower with Radar,92,89,14,0,195,0,0,7,0,7,92,89,21,0,202,0,0,0,202
05/02/2010,JAX,FL,ASO,ES,Combined TRACON& Tower with Radar,107,98,31,0,236,0,0,8,0,8,107,98,39,0,244,10,0,10,254
05/03/2010,JAX,FL,ASO,ES,Combined TRACON& Tower with Radar,118,89,22,0,229,0,0,5,0,5,118,89,27,0,234,0,0,0,234
05/04/2010,JAX,FL,ASO,ES,Combined TRACON& Tower with Radar,125,108,23,9,265,0,0,5,1,6,125,108,28,10,271,0,8,8,279
05/05/2010,JAX,FL,ASO,ES,Combined TRACON& Tower with Radar,128,107,28,8,271,0,0,0,2,2,128,107,28,10,273,0,16,16,289
05/06/2010,JAX,FL,ASO,ES,Combined TRACON& Tower with Radar,133,110,48,7,298,0,3,8,3,14,133,113,56,10,312,0,34,34,346
05/07/2010,JAX,FL,ASO,ES,Combined TRACON& Tower with Radar,133,95,36,10,274,0,0,10,6,16,133,95,46,16,290,0,0,0,290
05/08/2010,JAX,FL,ASO,ES,Combined TRACON& Tower with Radar,102,95,17,2,216,0,0,8,1,9,102,95,25,3,225,0,0,0,225
05/09/2010,JAX,FL,ASO,ES,Combined TRACON& Tower with Radar,115,114,27,0,256,0,0,5,0,5,115,114,32,0,261,0,0,0,261
05/10/2010,JAX,FL,ASO,ES,Combined TRACON& Tower with Radar,121,124,30,16,291,0,0,9,3,12,121,124,39,19,303,6,10,16,319
05/11/2010,JAX,FL,ASO,ES,Combined TRACON& Tower with Radar,127,110,33,10,280,0,0,10,5,15,127,110,43,15,295,0,37,37,332
05/12/2010,JAX,FL,ASO,ES,Combined TRACON& Tower with Radar,126,106,23,19,274,0,3,7,6,16,126,109,30,25,290,0,18,18,308
05/13/2010,JAX,FL,ASO,ES,Combined TRACON& Tower with Radar,126,96,40,12,274,0,0,9,6,15,126,96,49,18,289,0,46,46,335
05/14/2010,JAX,FL,ASO,ES,Combined TRACON& Tower with Radar,117,96,29,12,254,0,1,7,4,12,117,97,36,16,266,0,6,6,272
05/15/2010,JAX,FL,ASO,ES,Combined TRACON& Tower with Radar,102,97,15,15,229,0,0,6,3,9,102,97,21,18,238,0,0,0,238
05/16/2010,JAX,FL,ASO,ES,Combined TRACON& Tower with Radar,111,96,16,0,223,0,0,8,0,8,111,96,24,0,231,0,0,0,231
05/17/2010,JAX,FL,ASO,ES,Combined TRACON& Tower with Radar,119,88,23,2,232,0,0,1,0,1,119,88,24,2,233,0,0,0,233
05/18/2010,JAX,FL,ASO,ES,Combined TRACON& Tower with Radar,126,100,31,31,288,0,0,7,7,14,126,100,38,38,302,8,47,55,357
05/19/2010,JAX,FL,ASO,ES,Combined TRACON& Tower with Radar,126,93,40,10,269,0,0,9,6,15,126,93,49,16,284,0,0,0,284
05/20/2010,JAX,FL,ASO,ES,Combined TRACON& Tower with Radar,126,119,13,12,270,0,1,15,5,21,126,120,28,17,291,6,18,24,315
05/21/2010,JAX,FL,ASO,ES,Combined TRACON& Tower with Radar,135,112,43,11,301,0,0,10,2,12,135,112,53,13,313,0,0,0,313
05/22/2010,JAX,FL,ASO,ES,Combined TRACON& Tower with Radar,100,93,16,1,210,0,0,5,0,5,100,93,21,1,215,0,0,0,215
05/23/2010,JAX,FL,ASO,ES,Combined TRACON& Tower with Radar,113,105,19,9,246,0,0,2,3,5,113,105,21,12,251,0,0,0,251
05/24/2010,JAX,FL,ASO,ES,Combined TRACON& Tower with Radar,128,94,25,14,261,0,6,8,0,14,128,100,33,14,275,0,0,0,275
05/25/2010,JAX,FL,ASO,ES,Combined TRACON& Tower with Radar,136,112,40,12,300,0,0,6,0,6,136,112,46,12,306,0,0,0,306
05/26/2010,JAX,FL,ASO,ES,Combined TRACON& Tower with Radar,127,109,32,21,289,0,0,14,2,16,127,109,46,23,305,6,6,12,317
05/27/2010,JAX,FL,ASO,ES,Combined TRACON& Tower with Radar,129,102,34,5,270,0,0,3,1,4,129,102,37,6,274,0,0,0,274
05/28/2010,JAX,FL,ASO,ES,Combined TRACON& Tower with Radar,127,98,32,3,260,0,0,4,2,6,127,98,36,5,266,2,0,2,268
05/29/2010,JAX,FL,ASO,ES,Combined TRACON& Tower with Radar,97,99,8,0,204,0,0,9,0,9,97,99,17,0,213,0,0,0,213
05/30/2010,JAX,FL,ASO,ES,Combined TRACON& Tower with Radar,99,84,12,1,196,0,0,0,0,0,99,84,12,1,196,0,0,0,196
05/31/2010,JAX,FL,ASO,ES,Combined TRACON& Tower with Radar,113,79,24,2,218,0,0,3,0,3,113,79,27,2,221,0,0,0,221
06/01/2010,JAX,FL,ASO,ES,Combined TRACON& Tower with Radar,121,88,34,11,254,0,0,12,3,15,121,88,46,14,269,0,32,32,301
06/02/2010,JAX,FL,ASO,ES,Combined TRACON& Tower with Radar,128,100,31,8,267,0,0,15,4,19,128,100,46,12,286,8,2,10,296
06/03/2010,JAX,FL,ASO,ES,Combined TRACON& Tower with Radar,137,117,47,34,335,0,0,4,1,5,137,117,51,35,340,8,18,26,366
06/04/2010,JAX,FL,ASO,ES,Combined TRACON& Tower with Radar,130,109,23,12,274,0,1,7,1,9,130,110,30,13,283,0,0,0,283
06/05/2010,JAX,FL,ASO,ES,Combined TRACON& Tower with Radar,102,90,5,1,198,0,0,9,0,9,102,90,14,1,207,8,2,10,217
06/06/2010,JAX,FL,ASO,ES,Combined TRACON& Tower with Radar,110,94,20,7,231,0,0,3,0,3,110,94,23,7,234,0,0,0,234
06/07/2010,JAX,FL,ASO,ES,Combined TRACON& Tower with Radar,125,96,29,17,267,0,0,16,0,16,125,96,45,17,283,0,0,0,283
06/08/2010,JAX,FL,ASO,ES,Combined TRACON& Tower with Radar,128,91,35,18,272,0,0,21,3,24,128,91,56,21,296,2,59,61,357
06/09/2010,JAX,FL,ASO,ES,Combined TRACON& Tower with Radar,126,94,12,4,236,0,6,14,7,27,126,100,26,11,263,0,26,26,289
06/10/2010,JAX,FL,ASO,ES,Combined TRACON& Tower with Radar,129,105,33,1,268,0,0,9,0,9,129,105,42,1,277,0,0,0,277
06/11/2010,JAX,FL,ASO,ES,Combined TRACON& Tower with Radar,128,95,29,0,252,0,0,6,0,6,128,95,35,0,258,0,0,0,258
06/12/2010,JAX,FL,ASO,ES,Combined TRACON& Tower with Radar,101,89,14,0,204,0,0,10,0,10,101,89,24,0,214,0,0,0,214
06/13/2010,JAX,FL,ASO,ES,Combined TRACON& Tower with Radar,109,88,9,2,208,0,0,6,0,6,109,88,15,2,214,0,0,0,214
06/14/2010,JAX,FL,ASO,ES,Combined TRACON& Tower with Radar,124,89,17,0,230,0,0,6,0,6,124,89,23,0,236,0,0,0,236
06/15/2010,JAX,FL,ASO,ES,Combined TRACON& Tower with Radar,123,95,26,4,248,0,0,6,0,6,123,95,32,4,254,14,0,14,268
06/16/2010,JAX,FL,ASO,ES,Combined TRACON& Tower with Radar,128,106,34,2,270,0,0,9,6,15,128,106,43,8,285,0,0,0,285
06/17/2010,JAX,FL,ASO,ES,Combined TRACON& Tower with Radar,133,93,42,0,268,0,0,4,0,4,133,93,46,0,272,0,0,0,272
06/18/2010,JAX,FL,ASO,ES,Combined TRACON& Tower with Radar,125,90,19,0,234,0,0,8,0,8,125,90,27,0,242,0,0,0,242
06/19/2010,JAX,FL,ASO,ES,Combined TRACON& Tower with Radar,106,92,10,11,219,0,0,3,0,3,106,92,13,11,222,0,0,0,222
06/20/2010,JAX,FL,ASO,ES,Combined TRACON& Tower with Radar,114,92,20,0,226,0,0,2,0,2,114,92,22,0,228,0,0,0,228
06/21/2010,JAX,FL,ASO,ES,Combined TRACON& Tower with Radar,120,84,25,0,229,0,0,2,0,2,120,84,27,0,231,0,0,0,231
06/22/2010,JAX,FL,ASO,ES,Combined TRACON& Tower with Radar,128,96,35,2,261,0,2,4,5,11,128,98,39,7,272,0,0,0,272
06/23/2010,JAX,FL,ASO,ES,Combined TRACON& Tower with Radar,129,87,27,1,244,0,0,11,0,11,129,87,38,1,255,0,4,4,259
06/24/2010,JAX,FL,ASO,ES,Combined TRACON& Tower with Radar,126,90,36,8,260,0,0,9,1,10,126,90,45,9,270,0,6,6,276
06/25/2010,JAX,FL,ASO,ES,Combined TRACON& Tower with Radar,129,95,26,14,264,0,0,9,0,9,129,95,35,14,273,0,0,0,273
06/26/2010,JAX,FL,ASO,ES,Combined TRACON& Tower with Radar,104,90,10,12,216,0,0,3,6,9,104,90,13,18,225,0,20,20,245
06/27/2010,JAX,FL,ASO,ES,Combined TRACON& Tower with Radar,119,97,24,3,243,0,0,2,0,2,119,97,26,3,245,0,0,0,245
06/28/2010,JAX,FL,ASO,ES,Combined TRACON& Tower with Radar,118,100,26,4,248,0,0,6,0,6,118,100,32,4,254,0,0,0,254
06/29/2010,JAX,FL,ASO,ES,Combined TRACON& Tower with Radar,124,94,25,0,243,0,0,9,2,11,124,94,34,2,254,0,0,0,254
06/30/2010,JAX,FL,ASO,ES,Combined TRACON& Tower with Radar,127,110,18,6,261,0,1,4,6,11,127,111,22,12,272,2,34,36,308
07/01/2010,JAX,FL,ASO,ES,Combined TRACON& Tower with Radar,132,99,22,29,282,0,0,1,3,4,132,99,23,32,286,0,0,0,286
07/02/2010,JAX,FL,ASO,ES,Combined TRACON& Tower with Radar,131,74,18,1,224,0,0,5,0,5,131,74,23,1,229,8,0,8,237
07/03/2010,JAX,FL,ASO,ES,Combined TRACON& Tower with Radar,99,84,17,0,200,0,0,5,0,5,99,84,22,0,205,16,0,16,221
07/04/2010,JAX,FL,ASO,ES,Combined TRACON& Tower with Radar,90,71,4,0,165,0,0,5,0,5,90,71,9,0,170,0,0,0,170
07/05/2010,JAX,FL,ASO,ES,Combined TRACON& Tower with Radar,116,78,11,2,207,0,0,5,0,5,116,78,16,2,212,4,0,4,216
07/06/2010,JAX,FL,ASO,ES,Combined TRACON& Tower with Radar,126,80,25,13,244,0,1,9,5,15,126,81,34,18,259,0,6,6,265
07/07/2010,JAX,FL,ASO,ES,Combined TRACON& Tower with Radar,130,88,26,15,259,0,0,14,2,16,130,88,40,17,275,14,6,20,295
07/08/2010,JAX,FL,ASO,ES,Combined TRACON& Tower with Radar,125,85,32,13,255,0,0,10,8,18,125,85,42,21,273,4,28,32,305
07/09/2010,JAX,FL,ASO,ES,Combined TRACON& Tower with Radar,133,87,25,10,255,0,0,16,1,17,133,87,41,11,272,0,12,12,284
07/10/2010,JAX,FL,ASO,ES,Combined TRACON& Tower with Radar,111,88,14,10,223,0,0,4,0,4,111,88,18,10,227,0,0,0,227
07/11/2010,JAX,FL,ASO,ES,Combined TRACON& Tower with Radar,116,88,15,12,231,0,0,10,2,12,116,88,25,14,243,0,40,40,283
07/12/2010,JAX,FL,ASO,ES,Combined TRACON& Tower with Radar,118,72,31,2,223,0,0,4,0,4,118,72,35,2,227,0,0,0,227
07/13/2010,JAX,FL,ASO,ES,Combined TRACON& Tower with Radar,135,101,46,37,319,0,0,9,6,15,135,101,55,43,334,2,46,48,382
07/14/2010,JAX,FL,ASO,ES,Combined TRACON& Tower with Radar,133,98,36,23,290,0,0,9,4,13,133,98,45,27,303,0,4,4,307
07/15/2010,JAX,FL,ASO,ES,Combined TRACON& Tower with Radar,141,96,27,15,279,0,1,5,4,10,141,97,32,19,289,6,20,26,315
07/16/2010,JAX,FL,ASO,ES,Combined TRACON& Tower with Radar,129,83,23,26,261,0,0,19,3,22,129,83,42,29,283,8,10,18,301
07/17/2010,JAX,FL,ASO,ES,Combined TRACON& Tower with Radar,123,85,12,18,238,0,0,6,0,6,123,85,18,18,244,10,6,16,260
07/18/2010,JAX,FL,ASO,ES,Combined TRACON& Tower with Radar,122,89,41,0,252,0,0,12,0,12,122,89,53,0,264,6,0,6,270
07/19/2010,JAX,FL,ASO,ES,Combined TRACON& Tower with Radar,139,58,24,30,251,0,1,8,2,11,139,59,32,32,262,0,12,12,274
07/20/2010,JAX,FL,ASO,ES,Combined TRACON& Tower with Radar,171,54,20,12,257,0,0,10,3,13,171,54,30,15,270,0,0,0,270
07/21/2010,JAX,FL,ASO,ES,Combined TRACON& Tower with Radar,168,50,24,16,258,0,0,6,2,8,168,50,30,18,266,0,0,0,266
07/22/2010,JAX,FL,ASO,ES,Combined TRACON& Tower with Radar,168,57,20,30,275,0,0,8,2,10,168,57,28,32,285,2,18,20,305
07/23/2010,JAX,FL,ASO,ES,Combined TRACON& Tower with Radar,167,51,23,27,268,0,0,6,3,9,167,51,29,30,277,8,2,10,287
07/24/2010,JAX,FL,ASO,ES,Combined TRACON& Tower with Radar,152,47,11,14,224,0,0,9,4,13,152,47,20,18,237,0,2,2,239
07/25/2010,JAX,FL,ASO,ES,Combined TRACON& Tower with Radar,155,43,7,27,232,0,0,10,3,13,155,43,17,30,245,0,42,42,287
07/26/2010,JAX,FL,ASO,ES,Combined TRACON& Tower with Radar,163,43,37,10,253,0,0,10,0,10,163,43,47,10,263,0,0,0,263
07/27/2010,JAX,FL,ASO,ES,Combined TRACON& Tower with Radar,170,48,28,8,254,0,1,14,5,20,170,49,42,13,274,0,0,0,274
07/28/2010,JAX,FL,ASO,ES,Combined TRACON& Tower with Radar,172,46,32,15,265,0,0,6,0,6,172,46,38,15,271,14,0,14,285
07/29/2010,JAX,FL,ASO,ES,Combined TRACON& Tower with Radar,169,50,30,35,284,0,0,7,4,11,169,50,37,39,295,14,42,56,351
07/30/2010,JAX,FL,ASO,ES,Combined TRACON& Tower with Radar,174,49,25,28,276,0,0,5,2,7,174,49,30,30,283,0,0,0,283
07/31/2010,JAX,FL,ASO,ES,Combined TRACON& Tower with Radar,148,49,20,0,217,0,2,1,2,5,148,51,21,2,222,0,16,16,238
08/01/2010,JAX,FL,ASO,ES,Combined TRACON& Tower with Radar,156,49,10,5,220,0,0,3,0,3,156,49,13,5,223,0,0,0,223
08/02/2010,JAX,FL,ASO,ES,Combined TRACON& Tower with Radar,160,41,18,30,249,0,0,8,0,8,160,41,26,30,257,0,0,0,257
08/03/2010,JAX,FL,ASO,ES,Combined TRACON& Tower with Radar,166,48,25,44,283,0,0,9,1,10,166,48,34,45,293,4,0,4,297
08/04/2010,JAX,FL,ASO,ES,Combined TRACON& Tower with Radar,161,53,26,28,268,0,0,13,0,13,161,53,39,28,281,0,0,0,281
08/05/2010,JAX,FL,ASO,ES,Combined TRACON& Tower with Radar,159,55,51,21,286,0,0,4,1,5,159,55,55,22,291,0,8,8,299
08/06/2010,JAX,FL,ASO,ES,Combined TRACON& Tower with Radar,165,59,30,12,266,0,2,9,1,12,165,61,39,13,278,4,8,12,290
08/07/2010,JAX,FL,ASO,ES,Combined TRACON& Tower with Radar,147,57,14,12,230,0,0,2,0,2,147,57,16,12,232,0,0,0,232
08/08/2010,JAX,FL,ASO,ES,Combined TRACON& Tower with Radar,160,56,18,0,234,0,1,6,0,7,160,57,24,0,241,0,0,0,241
08/09/2010,JAX,FL,ASO,ES,Combined TRACON& Tower with Radar,155,49,22,5,231,0,2,5,2,9,155,51,27,7,240,0,12,12,252
08/10/2010,JAX,FL,ASO,ES,Combined TRACON& Tower with Radar,187,55,39,21,302,0,2,13,3,18,187,57,52,24,320,0,30,30,350
08/11/2010,JAX,FL,ASO,ES,Combined TRACON& Tower with Radar,177,51,21,26,275,0,0,11,12,23,177,51,32,38,298,2,22,24,322
08/12/2010,JAX,FL,ASO,ES,Combined TRACON& Tower with Radar,161,59,25,15,260,0,0,7,10,17,161,59,32,25,277,0,46,46,323
08/13/2010,JAX,FL,ASO,ES,Combined TRACON& Tower with Radar,179,48,33,9,269,0,0,6,0,6,179,48,39,9,275,0,0,0,275
08/14/2010,JAX,FL,ASO,ES,Combined TRACON& Tower with Radar,149,54,12,1,216,0,1,4,0,5,149,55,16,1,221,6,0,6,227
08/15/2010,JAX,FL,ASO,ES,Combined TRACON& Tower with Radar,156,43,14,2,215,0,0,2,0,2,156,43,16,2,217,0,0,0,217
08/16/2010,JAX,FL,ASO,ES,Combined TRACON& Tower with Radar,165,41,22,4,232,0,0,1,0,1,165,41,23,4,233,0,0,0,233
08/17/2010,JAX,FL,ASO,ES,Combined TRACON& Tower with Radar,161,44,40,16,261,0,0,7,2,9,161,44,47,18,270,4,24,28,298
08/18/2010,JAX,FL,ASO,ES,Combined TRACON& Tower with Radar,161,42,35,17,255,0,0,12,9,21,161,42,47,26,276,10,64,74,350
08/19/2010,JAX,FL,ASO,ES,Combined TRACON& Tower with Radar,164,55,46,6,271,0,0,5,5,10,164,55,51,11,281,0,22,22,303
08/20/2010,JAX,FL,ASO,ES,Combined TRACON& Tower with Radar,162,44,27,21,254,0,0,4,1,5,162,44,31,22,259,0,10,10,269
08/21/2010,JAX,FL,ASO,ES,Combined TRACON& Tower with Radar,142,41,16,31,230,0,0,6,0,6,142,41,22,31,236,16,0,16,252
08/22/2010,JAX,FL,ASO,ES,Combined TRACON& Tower with Radar,151,39,12,11,213,0,0,8,2,10,151,39,20,13,223,0,0,0,223
08/23/2010,JAX,FL,ASO,ES,Combined TRACON& Tower with Radar,166,40,22,3,231,0,0,2,0,2,166,40,24,3,233,0,0,0,233
08/24/2010,JAX,FL,ASO,ES,Combined TRACON& Tower with Radar,185,50,28,12,275,0,0,0,1,1,185,50,28,13,276,0,0,0,276
08/25/2010,JAX,FL,ASO,ES,Combined TRACON& Tower with Radar,184,41,25,23,273,0,0,4,4,8,184,41,29,27,281,0,32,32,313
08/26/2010,JAX,FL,ASO,ES,Combined TRACON& Tower with Radar,176,49,28,7,260,0,0,4,3,7,176,49,32,10,267,0,92,92,359
08/27/2010,JAX,FL,ASO,ES,Combined TRACON& Tower with Radar,172,52,23,8,255,0,0,4,7,11,172,52,27,15,266,0,26,26,292
08/28/2010,JAX,FL,ASO,ES,Combined TRACON& Tower with Radar,150,48,5,6,209,0,0,4,0,4,150,48,9,6,213,6,0,6,219
08/29/2010,JAX,FL,ASO,ES,Combined TRACON& Tower with Radar,159,46,14,0,219,0,0,3,1,4,159,46,17,1,223,0,0,0,223
08/30/2010,JAX,FL,ASO,ES,Combined TRACON& Tower with Radar,160,38,20,12,230,0,0,10,1,11,160,38,30,13,241,0,0,0,241
08/31/2010,JAX,FL,ASO,ES,Combined TRACON& Tower with Radar,157,49,39,15,260,0,0,9,3,12,157,49,48,18,272,2,8,10,282
09/01/2010,JAX,FL,ASO,ES,Combined TRACON& Tower with Radar,160,49,47,21,277,0,2,3,2,7,160,51,50,23,284,0,6,6,290
09/02/2010,JAX,FL,ASO,ES,Combined TRACON& Tower with Radar,158,59,28,11,256,0,0,9,5,14,158,59,37,16,270,0,8,8,278
09/03/2010,JAX,FL,ASO,ES,Combined TRACON& Tower with Radar,163,50,17,2,232,0,0,6,2,8,163,50,23,4,240,0,12,12,252
09/04/2010,JAX,FL,ASO,ES,Combined TRACON& Tower with Radar,150,38,7,0,195,0,0,2,1,3,150,38,9,1,198,0,0,0,198
09/05/2010,JAX,FL,ASO,ES,Combined TRACON& Tower with Radar,124,36,9,0,169,0,1,4,0,5,124,37,13,0,174,50,0,50,224
09/06/2010,JAX,FL,ASO,ES,Combined TRACON& Tower with Radar,139,39,18,3,199,0,1,5,1,7,139,40,23,4,206,38,0,38,244
09/07/2010,JAX,FL,ASO,ES,Combined TRACON& Tower with Radar,173,48,26,43,290,0,0,8,3,11,173,48,34,46,301,14,36,50,351
09/08/2010,JAX,FL,ASO,ES,Combined TRACON& Tower with Radar,173,51,49,32,305,0,0,8,4,12,173,51,57,36,317,0,38,38,355
09/09/2010,JAX,FL,ASO,ES,Combined TRACON& Tower with Radar,176,57,38,17,288,0,0,8,3,11,176,57,46,20,299,28,6,34,333
09/10/2010,JAX,FL,ASO,ES,Combined TRACON& Tower with Radar,170,47,37,11,265,0,0,13,3,16,170,47,50,14,281,0,0,0,281
09/11/2010,JAX,FL,ASO,ES,Combined TRACON& Tower with Radar,140,35,13,8,196,0,0,6,0,6,140,35,19,8,202,0,0,0,202
09/12/2010,JAX,FL,ASO,ES,Combined TRACON& Tower with Radar,149,41,21,4,215,0,0,10,2,12,149,41,31,6,227,0,0,0,227
09/13/2010,JAX,FL,ASO,ES,Combined TRACON& Tower with Radar,151,49,31,10,241,0,0,0,1,1,151,49,31,11,242,0,4,4,246
09/14/2010,JAX,FL,ASO,ES,Combined TRACON& Tower with Radar,166,55,45,14,280,0,0,16,2,18,166,55,61,16,298,0,6,6,304
09/15/2010,JAX,FL,ASO,ES,Combined TRACON& Tower with Radar,155,46,45,49,295,0,0,8,1,9,155,46,53,50,304,0,0,0,304
09/16/2010,JAX,FL,ASO,ES,Combined TRACON& Tower with Radar,154,53,33,12,252,0,0,8,1,9,154,53,41,13,261,0,6,6,267
09/17/2010,JAX,FL,ASO,ES,Combined TRACON& Tower with Radar,164,53,29,12,258,0,0,10,2,12,164,53,39,14,270,0,0,0,270
09/18/2010,JAX,FL,ASO,ES,Combined TRACON& Tower with Radar,145,36,15,1,197,0,1,4,0,5,145,37,19,1,202,0,2,2,204
09/19/2010,JAX,FL,ASO,ES,Combined TRACON& Tower with Radar,151,42,12,4,209,0,0,5,1,6,151,42,17,5,215,0,0,0,215
09/20/2010,JAX,FL,ASO,ES,Combined TRACON& Tower with Radar,170,48,12,4,234,0,0,8,0,8,170,48,20,4,242,0,0,0,242
09/21/2010,JAX,FL,ASO,ES,Combined TRACON& Tower with Radar,175,50,43,15,283,0,0,13,0,13,175,50,56,15,296,0,0,0,296
09/22/2010,JAX,FL,ASO,ES,Combined TRACON& Tower with Radar,165,47,41,3,256,0,0,7,1,8,165,47,48,4,264,0,0,0,264
09/23/2010,JAX,FL,ASO,ES,Combined TRACON& Tower with Radar,160,50,32,8,250,0,0,10,1,11,160,50,42,9,261,0,0,0,261
09/24/2010,JAX,FL,ASO,ES,Combined TRACON& Tower with Radar,167,52,40,11,270,0,0,3,2,5,167,52,43,13,275,0,20,20,295
09/25/2010,JAX,FL,ASO,ES,Combined TRACON& Tower with Radar,137,38,17,2,194,0,0,10,0,10,137,38,27,2,204,0,0,0,204
09/26/2010,JAX,FL,ASO,ES,Combined TRACON& Tower with Radar,154,52,33,1,240,0,0,1,1,2,154,52,34,2,242,0,0,0,242
09/27/2010,JAX,FL,ASO,ES,Combined TRACON& Tower with Radar,157,45,18,10,230,0,0,6,0,6,157,45,24,10,236,4,0,4,240
09/28/2010,JAX,FL,ASO,ES,Combined TRACON& Tower with Radar,172,42,37,11,262,0,1,3,2,6,172,43,40,13,268,0,30,30,298
09/29/2010,JAX,FL,ASO,ES,Combined TRACON& Tower with Radar,158,53,29,4,244,0,0,0,0,0,158,53,29,4,244,0,0,0,244
09/30/2010,JAX,FL,ASO,ES,Combined TRACON& Tower with Radar,157,55,24,9,245,0,1,8,0,9,157,56,32,9,254,0,8,8,262
10/01/2010,JAX,FL,ASO,ES,Combined TRACON& Tower with Radar,156,45,31,5,237,0,0,14,5,19,156,45,45,10,256,0,0,0,256
10/02/2010,JAX,FL,ASO,ES,Combined TRACON& Tower with Radar,142,44,15,0,201,0,0,17,0,17,142,44,32,0,218,8,0,8,226
10/03/2010,JAX,FL,ASO,ES,Combined TRACON& Tower with Radar,149,54,33,10,246,0,0,8,7,15,149,54,41,17,261,0,0,0,261
10/04/2010,JAX,FL,ASO,ES,Combined TRACON& Tower with Radar,153,44,34,1,232,0,1,11,1,13,153,45,45,2,245,0,0,0,245
10/05/2010,JAX,FL,ASO,ES,Combined TRACON& Tower with Radar,170,44,27,14,255,0,0,8,0,8,170,44,35,14,263,0,0,0,263
10/06/2010,JAX,FL,ASO,ES,Combined TRACON& Tower with Radar,157,48,27,19,251,0,0,12,0,12,157,48,39,19,263,0,0,0,263
10/07/2010,JAX,FL,ASO,ES,Combined TRACON& Tower with Radar,174,62,39,4,279,1,0,10,0,11,175,62,49,4,290,0,0,0,290
10/08/2010,JAX,FL,ASO,ES,Combined TRACON& Tower with Radar,161,53,33,4,251,0,0,11,4,15,161,53,44,8,266,0,0,0,266
10/09/2010,JAX,FL,ASO,ES,Combined TRACON& Tower with Radar,140,43,9,2,194,0,1,7,0,8,140,44,16,2,202,2,0,2,204
10/10/2010,JAX,FL,ASO,ES,Combined TRACON& Tower with Radar,154,46,24,0,224,0,0,9,2,11,154,46,33,2,235,0,0,0,235
10/11/2010,JAX,FL,ASO,ES,Combined TRACON& Tower with Radar,162,42,29,2,235,0,0,8,1,9,162,42,37,3,244,6,0,6,250
10/12/2010,JAX,FL,ASO,ES,Combined TRACON& Tower with Radar,163,54,38,14,269,0,2,8,0,10,163,56,46,14,279,0,0,0,279
10/13/2010,JAX,FL,ASO,ES,Combined TRACON& Tower with Radar,164,44,39,27,274,0,0,14,2,16,164,44,53,29,290,2,20,22,312
10/14/2010,JAX,FL,ASO,ES,Combined TRACON& Tower with Radar,164,55,40,2,261,0,0,14,5,19,164,55,54,7,280,2,6,8,288
10/15/2010,JAX,FL,ASO,ES,Combined TRACON& Tower with Radar,167,58,40,8,273,0,0,12,5,17,167,58,52,13,290,14,6,20,310
10/16/2010,JAX,FL,ASO,ES,Combined TRACON& Tower with Radar,137,42,11,10,200,0,0,9,0,9,137,42,20,10,209,0,0,0,209
10/17/2010,JAX,FL,ASO,ES,Combined TRACON& Tower with Radar,152,54,20,4,230,0,0,13,2,15,152,54,33,6,245,18,0,18,263
10/18/2010,JAX,FL,ASO,ES,Combined TRACON& Tower with Radar,153,50,46,13,262,0,0,3,1,4,153,50,49,14,266,0,6,6,272
10/19/2010,JAX,FL,ASO,ES,Combined TRACON& Tower with Radar,168,55,24,4,251,0,0,9,0,9,168,55,33,4,260,0,0,0,260
10/20/2010,JAX,FL,ASO,ES,Combined TRACON& Tower with Radar,177,52,30,17,276,0,0,8,2,10,177,52,38,19,286,2,0,2,288
10/21/2010,JAX,FL,ASO,ES,Combined TRACON& Tower with Radar,185,55,37,1,278,0,0,12,3,15,185,55,49,4,293,0,104,104,397
10/22/2010,JAX,FL,ASO,ES,Combined TRACON& Tower with Radar,174,54,30,12,270,0,0,14,0,14,174,54,44,12,284,0,0,0,284
10/23/2010,JAX,FL,ASO,ES,Combined TRACON& Tower with Radar,142,52,13,4,211,0,0,21,0,21,142,52,34,4,232,0,0,0,232
10/24/2010,JAX,FL,ASO,ES,Combined TRACON& Tower with Radar,156,46,26,6,234,0,0,5,0,5,156,46,31,6,239,0,0,0,239
10/25/2010,JAX,FL,ASO,ES,Combined TRACON& Tower with Radar,154,50,33,8,245,0,0,3,0,3,154,50,36,8,248,0,0,0,248
10/26/2010,JAX,FL,ASO,ES,Combined TRACON& Tower with Radar,166,45,36,15,262,0,0,10,3,13,166,45,46,18,275,22,0,22,297
10/27/2010,JAX,FL,ASO,ES,Combined TRACON& Tower with Radar,151,48,44,17,260,0,0,6,0,6,151,48,50,17,266,8,30,38,304
10/28/2010,JAX,FL,ASO,ES,Combined TRACON& Tower with Radar,163,55,43,8,269,0,0,8,6,14,163,55,51,14,283,4,70,74,357
10/29/2010,JAX,FL,ASO,ES,Combined TRACON& Tower with Radar,166,61,31,20,278,0,0,8,1,9,166,61,39,21,287,0,0,0,287
10/30/2010,JAX,FL,ASO,ES,Combined TRACON& Tower with Radar,142,50,28,0,220,0,1,5,2,8,142,51,33,2,228,0,10,10,238
10/31/2010,JAX,FL,ASO,ES,Combined TRACON& Tower with Radar,151,44,27,3,225,0,0,7,0,7,151,44,34,3,232,0,0,0,232
11/01/2010,JAX,FL,ASO,ES,Combined TRACON& Tower with Radar,160,47,26,1,234,0,0,4,0,4,160,47,30,1,238,0,0,0,238
11/02/2010,JAX,FL,ASO,ES,Combined TRACON& Tower with Radar,165,51,28,8,252,0,0,4,2,6,165,51,32,10,258,0,0,0,258
11/03/2010,JAX,FL,ASO,ES,Combined TRACON& Tower with Radar,168,56,35,17,276,0,0,0,1,1,168,56,35,18,277,0,10,10,287
11/04/2010,JAX,FL,ASO,ES,Combined TRACON& Tower with Radar,160,64,32,3,259,0,0,0,0,0,160,64,32,3,259,0,0,0,259
11/05/2010,JAX,FL,ASO,ES,Combined TRACON& Tower with Radar,169,63,38,20,290,0,0,8,1,9,169,63,46,21,299,0,0,0,299
11/06/2010,JAX,FL,ASO,ES,Combined TRACON& Tower with Radar,158,41,10,6,215,0,1,7,3,11,158,42,17,9,226,0,0,0,226
11/07/2010,JAX,FL,ASO,ES,Combined TRACON& Tower with Radar,157,40,24,7,228,0,0,8,0,8,157,40,32,7,236,0,0,0,236
11/08/2010,JAX,FL,ASO,ES,Combined TRACON& Tower with Radar,163,51,22,14,250,0,0,3,0,3,163,51,25,14,253,0,0,0,253
11/09/2010,JAX,FL,ASO,ES,Combined TRACON& Tower with Radar,164,59,30,1,254,0,0,11,2,13,164,59,41,3,267,16,6,22,289
11/10/2010,JAX,FL,ASO,ES,Combined TRACON& Tower with Radar,161,58,41,22,282,0,0,3,5,8,161,58,44,27,290,0,14,14,304
11/11/2010,JAX,FL,ASO,ES,Combined TRACON& Tower with Radar,168,64,39,0,271,0,0,13,0,13,168,64,52,0,284,0,0,0,284
11/12/2010,JAX,FL,ASO,ES,Combined TRACON& Tower with Radar,173,55,21,23,272,0,0,1,0,1,173,55,22,23,273,0,0,0,273
11/13/2010,JAX,FL,ASO,ES,Combined TRACON& Tower with Radar,148,41,19,9,217,0,0,10,0,10,148,41,29,9,227,8,0,8,235
11/14/2010,JAX,FL,ASO,ES,Combined TRACON& Tower with Radar,156,42,22,3,223,0,0,6,2,8,156,42,28,5,231,0,20,20,251
11/15/2010,JAX,FL,ASO,ES,Combined TRACON& Tower with Radar,161,51,31,13,256,0,0,16,0,16,161,51,47,13,272,0,0,0,272
11/16/2010,JAX,FL,ASO,ES,Combined TRACON& Tower with Radar,190,49,43,20,302,0,0,2,3,5,190,49,45,23,307,0,8,8,315
11/17/2010,JAX,FL,ASO,ES,Combined TRACON& Tower with Radar,174,54,41,24,293,0,2,2,9,13,174,56,43,33,306,6,6,12,318
11/18/2010,JAX,FL,ASO,ES,Combined TRACON& Tower with Radar,169,60,39,30,298,0,0,9,8,17,169,60,48,38,315,0,34,34,349
11/19/2010,JAX,FL,ASO,ES,Combined TRACON& Tower with Radar,168,65,34,12,279,0,0,7,6,13,168,65,41,18,292,0,0,0,292
11/20/2010,JAX,FL,ASO,ES,Combined TRACON& Tower with Radar,143,51,24,2,220,0,0,11,0,11,143,51,35,2,231,0,0,0,231
11/21/2010,JAX,FL,ASO,ES,Combined TRACON& Tower with Radar,157,51,33,3,244,0,0,1,2,3,157,51,34,5,247,0,0,0,247
11/22/2010,JAX,FL,ASO,ES,Combined TRACON& Tower with Radar,154,52,31,22,259,0,0,4,2,6,154,52,35,24,265,0,0,0,265
11/23/2010,JAX,FL,ASO,ES,Combined TRACON& Tower with Radar,174,58,43,24,299,0,0,6,5,11,174,58,49,29,310,0,2,2,312
11/24/2010,JAX,FL,ASO,ES,Combined TRACON& Tower with Radar,172,69,25,2,268,0,1,9,1,11,172,70,34,3,279,2,0,2,281
11/25/2010,JAX,FL,ASO,ES,Combined TRACON& Tower with Radar,117,37,10,0,164,0,0,1,0,1,117,37,11,0,165,0,0,0,165
11/26/2010,JAX,FL,ASO,ES,Combined TRACON& Tower with Radar,122,39,17,0,178,0,0,2,0,2,122,39,19,0,180,4,0,4,184
11/27/2010,JAX,FL,ASO,ES,Combined TRACON& Tower with Radar,155,51,14,0,220,0,0,6,0,6,155,51,20,0,226,0,0,0,226
11/28/2010,JAX,FL,ASO,ES,Combined TRACON& Tower with Radar,169,65,27,0,261,0,0,4,0,4,169,65,31,0,265,0,0,0,265
11/29/2010,JAX,FL,ASO,ES,Combined TRACON& Tower with Radar,168,44,23,9,244,0,0,8,0,8,168,44,31,9,252,0,0,0,252
11/30/2010,JAX,FL,ASO,ES,Combined TRACON& Tower with Radar,164,51,43,11,269,0,0,9,10,19,164,51,52,21,288,0,59,59,347
12/01/2010,JAX,FL,ASO,ES,Combined TRACON& Tower with Radar,167,48,39,15,269,0,0,5,6,11,167,48,44,21,280,0,26,26,306
12/02/2010,JAX,FL,ASO,ES,Combined TRACON& Tower with Radar,165,65,41,13,284,0,0,9,3,12,165,65,50,16,296,0,24,24,320
12/03/2010,JAX,FL,ASO,ES,Combined TRACON& Tower with Radar,170,64,31,14,279,0,0,4,6,10,170,64,35,20,289,2,50,52,341
12/04/2010,JAX,FL,ASO,ES,Combined TRACON& Tower with Radar,140,41,16,35,232,0,0,11,3,14,140,41,27,38,246,0,0,0,246
12/05/2010,JAX,FL,ASO,ES,Combined TRACON& Tower with Radar,152,45,21,3,221,0,0,11,4,15,152,45,32,7,236,0,10,10,246
12/06/2010,JAX,FL,ASO,ES,Combined TRACON& Tower with Radar,159,57,36,22,274,0,0,4,2,6,159,57,40,24,280,0,0,0,280
12/07/2010,JAX,FL,ASO,ES,Combined TRACON& Tower with Radar,164,60,48,14,286,0,1,11,1,13,164,61,59,15,299,0,0,0,299
12/08/2010,JAX,FL,ASO,ES,Combined TRACON& Tower with Radar,164,64,61,20,309,0,1,9,3,13,164,65,70,23,322,32,0,32,354
12/09/2010,JAX,FL,ASO,ES,Combined TRACON& Tower with Radar,171,65,46,25,307,0,0,8,3,11,171,65,54,28,318,0,12,12,330
12/10/2010,JAX,FL,ASO,ES,Combined TRACON& Tower with Radar,166,45,37,6,254,0,1,2,2,5,166,46,39,8,259,0,38,38,297
12/11/2010,JAX,FL,ASO,ES,Combined TRACON& Tower with Radar,138,45,20,15,218,0,0,2,0,2,138,45,22,15,220,0,8,8,228
12/12/2010,JAX,FL,ASO,ES,Combined TRACON& Tower with Radar,133,39,17,1,190,0,0,0,0,0,133,39,17,1,190,0,0,0,190
12/13/2010,JAX,FL,ASO,ES,Combined TRACON& Tower with Radar,160,52,36,1,249,0,1,4,6,11,160,53,40,7,260,6,2,8,268
12/14/2010,JAX,FL,ASO,ES,Combined TRACON& Tower with Radar,174,47,30,17,268,0,0,11,0,11,174,47,41,17,279,0,0,0,279
12/15/2010,JAX,FL,ASO,ES,Combined TRACON& Tower with Radar,163,59,40,10,272,0,1,7,1,9,163,60,47,11,281,0,0,0,281
12/16/2010,JAX,FL,ASO,ES,Combined TRACON& Tower with Radar,167,60,33,16,276,0,1,11,0,12,167,61,44,16,288,0,4,4,292
12/17/2010,JAX,FL,ASO,ES,Combined TRACON& Tower with Radar,181,57,31,21,290,0,0,10,1,11,181,57,41,22,301,0,0,0,301
12/18/2010,JAX,FL,ASO,ES,Combined TRACON& Tower with Radar,143,58,28,0,229,0,0,5,0,5,143,58,33,0,234,0,0,0,234
12/19/2010,JAX,FL,ASO,ES,Combined TRACON& Tower with Radar,153,62,15,0,230,0,0,4,0,4,153,62,19,0,234,0,0,0,234
12/20/2010,JAX,FL,ASO,ES,Combined TRACON& Tower with Radar,163,59,22,20,264,0,0,10,4,14,163,59,32,24,278,18,8,26,304
12/21/2010,JAX,FL,ASO,ES,Combined TRACON& Tower with Radar,172,52,35,15,274,0,0,7,8,15,172,52,42,23,289,4,26,30,319
12/22/2010,JAX,FL,ASO,ES,Combined TRACON& Tower with Radar,181,63,13,17,274,0,0,8,0,8,181,63,21,17,282,0,16,16,298
12/23/2010,JAX,FL,ASO,ES,Combined TRACON& Tower with Radar,179,55,13,4,251,0,0,12,0,12,179,55,25,4,263,4,22,26,289
12/24/2010,JAX,FL,ASO,ES,Combined TRACON& Tower with Radar,143,45,7,0,195,0,0,4,0,4,143,45,11,0,199,6,0,6,205
12/25/2010,JAX,FL,ASO,ES,Combined TRACON& Tower with Radar,98,39,6,0,143,0,0,0,0,0,98,39,6,0,143,0,0,0,143
12/26/2010,JAX,FL,ASO,ES,Combined TRACON& Tower with Radar,147,78,32,0,257,0,0,6,0,6,147,78,38,0,263,0,0,0,263
12/27/2010,JAX,FL,ASO,ES,Combined TRACON& Tower with Radar,143,55,14,0,212,0,0,4,0,4,143,55,18,0,216,0,0,0,216
12/28/2010,JAX,FL,ASO,ES,Combined TRACON& Tower with Radar,154,59,16,7,236,0,0,9,1,10,154,59,25,8,246,0,0,0,246
12/29/2010,JAX,FL,ASO,ES,Combined TRACON& Tower with Radar,169,60,10,8,247,0,0,13,3,16,169,60,23,11,263,6,14,20,283
12/30/2010,JAX,FL,ASO,ES,Combined TRACON& Tower with Radar,169,54,18,4,245,0,2,7,3,12,169,56,25,7,257,2,8,10,267
12/31/2010,JAX,FL,ASO,ES,Combined TRACON& Tower with Radar,140,50,20,0,210,0,0,3,0,3,140,50,23,0,213,0,0,0,213
01/01/2011,JAX,FL,ASO,ES,Combined TRACON& Tower with Radar,129,49,16,0,194,0,0,1,0,1,129,49,17,0,195,4,0,4,199
01/02/2011,JAX,FL,ASO,ES,Combined TRACON& Tower with Radar,158,71,37,1,267,0,0,1,1,2,158,71,38,2,269,0,0,0,269
01/03/2011,JAX,FL,ASO,ES,Combined TRACON& Tower with Radar,165,57,20,6,248,0,0,10,1,11,165,57,30,7,259,0,14,14,273
01/04/2011,JAX,FL,ASO,ES,Combined TRACON& Tower with Radar,160,63,17,9,249,0,0,7,1,8,160,63,24,10,257,0,0,0,257
01/05/2011,JAX,FL,ASO,ES,Combined TRACON& Tower with Radar,157,60,23,14,254,0,0,5,0,5,157,60,28,14,259,0,10,10,269
01/06/2011,JAX,FL,ASO,ES,Combined TRACON& Tower with Radar,154,66,37,11,268,0,0,8,4,12,154,66,45,15,280,0,0,0,280
01/07/2011,JAX,FL,ASO,ES,Combined TRACON& Tower with Radar,154,53,20,26,253,0,0,8,2,10,154,53,28,28,263,0,0,0,263
01/08/2011,JAX,FL,ASO,ES,Combined TRACON& Tower with Radar,129,46,12,19,206,0,0,7,5,12,129,46,19,24,218,0,8,8,226
01/09/2011,JAX,FL,ASO,ES,Combined TRACON& Tower with Radar,140,41,20,2,203,0,0,2,3,5,140,41,22,5,208,0,16,16,224
01/10/2011,JAX,FL,ASO,ES,Combined TRACON& Tower with Radar,114,53,22,2,191,0,0,1,0,1,114,53,23,2,192,0,0,0,192
01/11/2011,JAX,FL,ASO,ES,Combined TRACON& Tower with Radar,108,55,25,20,208,0,0,0,0,0,108,55,25,20,208,0,0,0,208
01/12/2011,JAX,FL,ASO,ES,Combined TRACON& Tower with Radar,132,50,37,24,243,0,0,10,5,15,132,50,47,29,258,2,24,26,284
01/13/2011,JAX,FL,ASO,ES,Combined TRACON& Tower with Radar,160,62,44,32,298,0,0,9,2,11,160,62,53,34,309,8,0,8,317
01/14/2011,JAX,FL,ASO,ES,Combined TRACON& Tower with Radar,156,61,36,15,268,0,0,8,11,19,156,61,44,26,287,0,12,12,299
01/15/2011,JAX,FL,ASO,ES,Combined TRACON& Tower with Radar,138,46,18,0,202,0,0,7,0,7,138,46,25,0,209,0,0,0,209
01/16/2011,JAX,FL,ASO,ES,Combined TRACON& Tower with Radar,154,48,27,7,236,0,0,13,5,18,154,48,40,12,254,0,4,4,258
01/17/2011,JAX,FL,ASO,ES,Combined TRACON& Tower with Radar,162,49,20,5,236,0,0,1,0,1,162,49,21,5,237,0,0,0,237
01/18/2011,JAX,FL,ASO,ES,Combined TRACON& Tower with Radar,151,59,34,17,261,0,0,1,2,3,151,59,35,19,264,2,0,2,266
01/19/2011,JAX,FL,ASO,ES,Combined TRACON& Tower with Radar,161,62,33,14,270,0,0,3,4,7,161,62,36,18,277,0,16,16,293
01/20/2011,JAX,FL,ASO,ES,Combined TRACON& Tower with Radar,159,57,42,15,273,0,0,9,3,12,159,57,51,18,285,0,3,3,288
01/21/2011,JAX,FL,ASO,ES,Combined TRACON& Tower with Radar,157,67,38,37,299,0,0,2,0,2,157,67,40,37,301,18,0,18,319
01/22/2011,JAX,FL,ASO,ES,Combined TRACON& Tower with Radar,136,48,20,1,205,0,0,9,0,9,136,48,29,1,214,0,0,0,214
01/23/2011,JAX,FL,ASO,ES,Combined TRACON& Tower with Radar,139,52,23,2,216,0,1,8,6,15,139,53,31,8,231,0,0,0,231
01/24/2011,JAX,FL,ASO,ES,Combined TRACON& Tower with Radar,152,58,38,14,262,0,0,14,0,14,152,58,52,14,276,0,18,18,294
01/25/2011,JAX,FL,ASO,ES,Combined TRACON& Tower with Radar,156,77,28,9,270,0,0,2,0,2,156,77,30,9,272,0,0,0,272
01/26/2011,JAX,FL,ASO,ES,Combined TRACON& Tower with Radar,145,51,52,8,256,0,0,1,4,5,145,51,53,12,261,0,0,0,261
01/27/2011,JAX,FL,ASO,ES,Combined TRACON& Tower with Radar,139,62,44,16,261,0,0,19,5,24,139,62,63,21,285,52,8,60,345
01/28/2011,JAX,FL,ASO,ES,Combined TRACON& Tower with Radar,158,62,31,5,256,0,0,12,3,15,158,62,43,8,271,0,0,0,271
01/29/2011,JAX,FL,ASO,ES,Combined TRACON& Tower with Radar,137,49,21,6,213,0,0,9,0,9,137,49,30,6,222,24,0,24,246
01/30/2011,JAX,FL,ASO,ES,Combined TRACON& Tower with Radar,139,57,16,3,215,0,1,9,0,10,139,58,25,3,225,0,0,0,225
01/31/2011,JAX,FL,ASO,ES,Combined TRACON& Tower with Radar,151,55,38,18,262,0,0,8,0,8,151,55,46,18,270,0,0,0,270
02/01/2011,JAX,FL,ASO,ES,Combined TRACON& Tower with Radar,134,43,30,15,222,0,0,3,4,7,134,43,33,19,229,9,24,33,262
02/02/2011,JAX,FL,ASO,ES,Combined TRACON& Tower with Radar,144,42,31,17,234,0,0,1,2,3,144,42,32,19,237,0,28,28,265
02/03/2011,JAX,FL,ASO,ES,Combined TRACON& Tower with Radar,151,55,31,0,237,0,0,2,0,2,151,55,33,0,239,0,0,0,239
02/04/2011,JAX,FL,ASO,ES,Combined TRACON& Tower with Radar,148,56,21,19,244,0,0,0,0,0,148,56,21,19,244,0,0,0,244
02/05/2011,JAX,FL,ASO,ES,Combined TRACON& Tower with Radar,138,39,14,3,194,0,0,0,0,0,138,39,14,3,194,0,0,0,194
02/06/2011,JAX,FL,ASO,ES,Combined TRACON& Tower with Radar,138,49,34,0,221,0,0,9,0,9,138,49,43,0,230,15,0,15,245
02/07/2011,JAX,FL,ASO,ES,Combined TRACON& Tower with Radar,148,65,32,1,246,0,0,0,0,0,148,65,32,1,246,0,0,0,246
02/08/2011,JAX,FL,ASO,ES,Combined TRACON& Tower with Radar,160,61,35,16,272,0,0,16,12,28,160,61,51,28,300,0,33,33,333
02/09/2011,JAX,FL,ASO,ES,Combined TRACON& Tower with Radar,157,59,39,22,277,0,0,10,5,15,157,59,49,27,292,0,40,40,332
02/10/2011,JAX,FL,ASO,ES,Combined TRACON& Tower with Radar,159,61,31,29,280,0,0,2,1,3,159,61,33,30,283,0,20,20,303
02/11/2011,JAX,FL,ASO,ES,Combined TRACON& Tower with Radar,162,74,39,28,303,0,0,12,6,18,162,74,51,34,321,16,7,23,344
02/12/2011,JAX,FL,ASO,ES,Combined TRACON& Tower with Radar,136,49,18,7,210,0,1,9,3,13,136,50,27,10,223,0,0,0,223
02/13/2011,JAX,FL,ASO,ES,Combined TRACON& Tower with Radar,144,42,8,2,196,0,0,27,0,27,144,42,35,2,223,0,0,0,223
02/14/2011,JAX,FL,ASO,ES,Combined TRACON& Tower with Radar,153,52,31,13,249,0,0,6,8,14,153,52,37,21,263,8,0,8,271
02/15/2011,JAX,FL,ASO,ES,Combined TRACON& Tower with Radar,150,60,45,19,274,0,2,7,1,10,150,62,52,20,284,0,36,36,320
02/16/2011,JAX,FL,ASO,ES,Combined TRACON& Tower with Radar,154,61,29,12,256,0,0,10,3,13,154,61,39,15,269,6,16,22,291
02/17/2011,JAX,FL,ASO,ES,Combined TRACON& Tower with Radar,161,64,44,15,284,0,0,7,2,9,161,64,51,17,293,6,0,6,299
02/18/2011,JAX,FL,ASO,ES,Combined TRACON& Tower with Radar,166,69,44,4,283,0,2,8,2,12,166,71,52,6,295,8,0,8,303
02/19/2011,JAX,FL,ASO,ES,Combined TRACON& Tower with Radar,144,49,23,0,216,0,2,9,0,11,144,51,32,0,227,0,0,0,227
02/20/2011,JAX,FL,ASO,ES,Combined TRACON& Tower with Radar,147,53,19,3,222,0,1,5,2,8,147,54,24,5,230,8,0,8,238
02/21/2011,JAX,FL,ASO,ES,Combined TRACON& Tower with Radar,164,57,34,15,270,0,0,4,0,4,164,57,38,15,274,0,0,0,274
02/22/2011,JAX,FL,ASO,ES,Combined TRACON& Tower with Radar,165,58,34,15,272,0,2,8,7,17,165,60,42,22,289,0,22,22,311
02/23/2011,JAX,FL,ASO,ES,Combined TRACON& Tower with Radar,165,59,41,19,284,0,0,3,2,5,165,59,44,21,289,8,0,8,297
02/24/2011,JAX,FL,ASO,ES,Combined TRACON& Tower with Radar,161,60,43,11,275,0,0,10,2,12,161,60,53,13,287,10,0,10,297
02/25/2011,JAX,FL,ASO,ES,Combined TRACON& Tower with Radar,159,71,40,22,292,0,0,6,0,6,159,71,46,22,298,0,2,2,300
02/26/2011,JAX,FL,ASO,ES,Combined TRACON& Tower with Radar,148,51,11,1,211,0,0,2,0,2,148,51,13,1,213,0,0,0,213
02/27/2011,JAX,FL,ASO,ES,Combined TRACON& Tower with Radar,148,53,17,5,223,0,0,5,0,5,148,53,22,5,228,0,10,10,238
02/28/2011,JAX,FL,ASO,ES,Combined TRACON& Tower with Radar,157,58,34,20,269,0,0,7,2,9,157,58,41,22,278,6,0,6,284
03/01/2011,JAX,FL,ASO,ES,Combined TRACON& Tower with Radar,165,63,30,18,276,0,0,5,1,6,165,63,35,19,282,0,18,18,300
03/02/2011,JAX,FL,ASO,ES,Combined TRACON& Tower with Radar,160,55,38,15,268,0,0,7,5,12,160,55,45,20,280,38,38,76,356
03/03/2011,JAX,FL,ASO,ES,Combined TRACON& Tower with Radar,161,66,37,20,284,0,0,6,1,7,161,66,43,21,291,0,8,8,299
03/04/2011,JAX,FL,ASO,ES,Combined TRACON& Tower with Radar,167,67,37,21,292,0,0,6,2,8,167,67,43,23,300,0,4,4,304
03/05/2011,JAX,FL,ASO,ES,Combined TRACON& Tower with Radar,149,53,21,12,235,0,1,10,4,15,149,54,31,16,250,0,0,0,250
03/06/2011,JAX,FL,ASO,ES,Combined TRACON& Tower with Radar,149,59,16,3,227,0,0,1,0,1,149,59,17,3,228,0,0,0,228
03/07/2011,JAX,FL,ASO,ES,Combined TRACON& Tower with Radar,166,53,25,2,246,0,1,5,1,7,166,54,30,3,253,0,16,16,269
03/08/2011,JAX,FL,ASO,ES,Combined TRACON& Tower with Radar,168,57,39,32,296,0,0,15,4,19,168,57,54,36,315,10,2,12,327
03/09/2011,JAX,FL,ASO,ES,Combined TRACON& Tower with Radar,165,57,22,11,255,0,1,8,3,12,165,58,30,14,267,14,12,26,293
03/10/2011,JAX,FL,ASO,ES,Combined TRACON& Tower with Radar,159,62,48,11,280,0,0,2,3,5,159,62,50,14,285,0,34,34,319
03/11/2011,JAX,FL,ASO,ES,Combined TRACON& Tower with Radar,166,66,33,3,268,0,0,9,5,14,166,66,42,8,282,0,0,0,282
03/12/2011,JAX,FL,ASO,ES,Combined TRACON& Tower with Radar,152,42,26,1,221,0,0,13,0,13,152,42,39,1,234,6,0,6,240
03/13/2011,JAX,FL,ASO,ES,Combined TRACON& Tower with Radar,149,53,23,0,225,0,0,9,0,9,149,53,32,0,234,0,0,0,234
03/14/2011,JAX,FL,ASO,ES,Combined TRACON& Tower with Radar,160,58,27,11,256,0,1,10,5,16,160,59,37,16,272,0,0,0,272
03/15/2011,JAX,FL,ASO,ES,Combined TRACON& Tower with Radar,169,64,35,14,282,0,0,8,4,12,169,64,43,18,294,0,36,36,330
03/16/2011,JAX,FL,ASO,ES,Combined TRACON& Tower with Radar,169,61,35,11,276,0,0,9,2,11,169,61,44,13,287,14,0,14,301
03/17/2011,JAX,FL,ASO,ES,Combined TRACON& Tower with Radar,159,61,49,11,280,0,0,4,3,7,159,61,53,14,287,0,0,0,287
03/18/2011,JAX,FL,ASO,ES,Combined TRACON& Tower with Radar,167,64,32,20,283,0,0,4,14,18,167,64,36,34,301,0,0,0,301
03/19/2011,JAX,FL,ASO,ES,Combined TRACON& Tower with Radar,157,53,23,0,233,0,0,3,0,3,157,53,26,0,236,0,0,0,236
03/20/2011,JAX,FL,ASO,ES,Combined TRACON& Tower with Radar,159,76,20,9,264,0,0,6,5,11,159,76,26,14,275,0,0,0,275
03/21/2011,JAX,FL,ASO,ES,Combined TRACON& Tower with Radar,169,57,32,0,258,0,0,6,0,6,169,57,38,0,264,0,0,0,264
03/22/2011,JAX,FL,ASO,ES,Combined TRACON& Tower with Radar,169,65,31,16,281,0,0,7,4,11,169,65,38,20,292,0,58,58,350
03/23/2011,JAX,FL,ASO,ES,Combined TRACON& Tower with Radar,169,52,31,20,272,0,0,8,3,11,169,52,39,23,283,0,22,22,305
03/24/2011,JAX,FL,ASO,ES,Combined TRACON& Tower with Radar,172,74,32,8,286,0,4,8,1,13,172,78,40,9,299,0,0,0,299
03/25/2011,JAX,FL,ASO,ES,Combined TRACON& Tower with Radar,162,71,25,11,269,1,2,9,7,19,163,73,34,18,288,20,0,20,308
03/26/2011,JAX,FL,ASO,ES,Combined TRACON& Tower with Radar,148,54,22,0,224,0,0,17,1,18,148,54,39,1,242,26,1,27,269
03/27/2011,JAX,FL,ASO,ES,Combined TRACON& Tower with Radar,165,83,18,0,266,0,0,6,0,6,165,83,24,0,272,8,0,8,280
03/28/2011,JAX,FL,ASO,ES,Combined TRACON& Tower with Radar,165,70,28,19,282,0,0,0,3,3,165,70,28,22,285,0,0,0,285
03/29/2011,JAX,FL,ASO,ES,Combined TRACON& Tower with Radar,168,71,20,10,269,1,0,0,0,1,169,71,20,10,270,0,0,0,270
03/30/2011,JAX,FL,ASO,ES,Combined TRACON& Tower with Radar,161,64,15,11,251,0,0,0,0,0,161,64,15,11,251,0,0,0,251
03/31/2011,JAX,FL,ASO,ES,Combined TRACON& Tower with Radar,188,74,21,0,283,0,0,0,0,0,188,74,21,0,283,0,0,0,283
04/01/2011,JAX,FL,ASO,ES,Combined TRACON& Tower with Radar,172,71,27,9,279,0,0,8,2,10,172,71,35,11,289,0,10,10,299
04/02/2011,JAX,FL,ASO,ES,Combined TRACON& Tower with Radar,165,50,15,0,230,0,0,9,0,9,165,50,24,0,239,0,0,0,239
04/03/2011,JAX,FL,ASO,ES,Combined TRACON& Tower with Radar,148,52,17,2,219,0,0,15,0,15,148,52,32,2,234,0,0,0,234
04/04/2011,JAX,FL,ASO,ES,Combined TRACON& Tower with Radar,156,61,26,2,245,0,0,13,0,13,156,61,39,2,258,0,0,0,258
04/05/2011,JAX,FL,ASO,ES,Combined TRACON& Tower with Radar,161,50,17,9,237,0,0,6,1,7,161,50,23,10,244,8,0,8,252
04/06/2011,JAX,FL,ASO,ES,Combined TRACON& Tower with Radar,164,61,53,15,293,0,0,12,3,15,164,61,65,18,308,12,2,14,322
04/07/2011,JAX,FL,ASO,ES,Combined TRACON& Tower with Radar,169,72,36,14,291,0,0,21,3,24,169,72,57,17,315,2,14,16,331
04/08/2011,JAX,FL,ASO,ES,Combined TRACON& Tower with Radar,170,62,24,19,275,0,0,8,0,8,170,62,32,19,283,4,0,4,287
04/09/2011,JAX,FL,ASO,ES,Combined TRACON& Tower with Radar,156,60,21,0,237,0,0,8,0,8,156,60,29,0,245,0,0,0,245
04/10/2011,JAX,FL,ASO,ES,Combined TRACON& Tower with Radar,152,59,14,2,227,0,0,6,0,6,152,59,20,2,233,0,0,0,233
04/11/2011,JAX,FL,ASO,ES,Combined TRACON& Tower with Radar,160,60,33,11,264,0,1,14,0,15,160,61,47,11,279,0,24,24,303
04/12/2011,JAX,FL,ASO,ES,Combined TRACON& Tower with Radar,163,57,34,11,265,0,1,12,1,14,163,58,46,12,279,6,0,6,285
04/13/2011,JAX,FL,ASO,ES,Combined TRACON& Tower with Radar,170,65,49,32,316,0,0,13,1,14,170,65,62,33,330,4,5,9,339
04/14/2011,JAX,FL,ASO,ES,Combined TRACON& Tower with Radar,165,73,40,11,289,0,1,6,1,8,165,74,46,12,297,0,16,16,313
04/15/2011,JAX,FL,ASO,ES,Combined TRACON& Tower with Radar,166,63,26,21,276,0,0,11,7,18,166,63,37,28,294,6,4,10,304
04/16/2011,JAX,FL,ASO,ES,Combined TRACON& Tower with Radar,146,58,17,12,233,0,0,5,3,8,146,58,22,15,241,0,10,10,251
04/17/2011,JAX,FL,ASO,ES,Combined TRACON& Tower with Radar,147,62,9,2,220,0,0,11,2,13,147,62,20,4,233,0,0,0,233
04/18/2011,JAX,FL,ASO,ES,Combined TRACON& Tower with Radar,158,66,18,2,244,0,0,12,0,12,158,66,30,2,256,0,0,0,256
04/19/2011,JAX,FL,ASO,ES,Combined TRACON& Tower with Radar,161,57,49,23,290,0,0,16,6,22,161,57,65,29,312,0,32,32,344
04/20/2011,JAX,FL,ASO,ES,Combined TRACON& Tower with Radar,156,56,42,8,262,0,1,15,3,19,156,57,57,11,281,8,39,47,328
04/21/2011,JAX,FL,ASO,ES,Combined TRACON& Tower with Radar,170,79,38,7,294,0,0,8,2,10,170,79,46,9,304,0,0,0,304
04/22/2011,JAX,FL,ASO,ES,Combined TRACON& Tower with Radar,166,69,24,10,269,0,0,6,3,9,166,69,30,13,278,0,0,0,278
04/23/2011,JAX,FL,ASO,ES,Combined TRACON& Tower with Radar,140,62,21,0,223,0,0,6,0,6,140,62,27,0,229,0,0,0,229
04/24/2011,JAX,FL,ASO,ES,Combined TRACON& Tower with Radar,149,51,17,0,217,0,0,3,0,3,149,51,20,0,220,0,0,0,220
04/25/2011,JAX,FL,ASO,ES,Combined TRACON& Tower with Radar,162,63,30,14,269,0,0,6,2,8,162,63,36,16,277,0,0,0,277
04/26/2011,JAX,FL,ASO,ES,Combined TRACON& Tower with Radar,156,58,37,25,276,0,0,13,5,18,156,58,50,30,294,0,42,42,336
04/27/2011,JAX,FL,ASO,ES,Combined TRACON& Tower with Radar,152,66,24,29,271,0,0,7,1,8,152,66,31,30,279,0,0,0,279
04/28/2011,JAX,FL,ASO,ES,Combined TRACON& Tower with Radar,169,72,29,4,274,0,0,6,0,6,169,72,35,4,280,0,42,42,322
04/29/2011,JAX,FL,ASO,ES,Combined TRACON& Tower with Radar,168,70,34,12,284,0,0,11,2,13,168,70,45,14,297,0,0,0,297
04/30/2011,JAX,FL,ASO,ES,Combined TRACON& Tower with Radar,142,55,20,0,217,0,0,3,0,3,142,55,23,0,220,0,0,0,220
05/01/2011,JAX,FL,ASO,ES,Combined TRACON& Tower with Radar,148,62,23,17,250,0,0,6,1,7,148,62,29,18,257,0,0,0,257
05/02/2011,JAX,FL,ASO,ES,Combined TRACON& Tower with Radar,157,62,21,8,248,0,0,5,1,6,157,62,26,9,254,0,0,0,254
05/03/2011,JAX,FL,ASO,ES,Combined TRACON& Tower with Radar,161,54,30,10,255,0,1,8,1,10,161,55,38,11,265,0,0,0,265
05/04/2011,JAX,FL,ASO,ES,Combined TRACON& Tower with Radar,158,65,43,4,270,0,0,4,1,5,158,65,47,5,275,0,0,0,275
05/05/2011,JAX,FL,ASO,ES,Combined TRACON& Tower with Radar,162,69,31,3,265,0,0,11,5,16,162,69,42,8,281,0,16,16,297
05/06/2011,JAX,FL,ASO,ES,Combined TRACON& Tower with Radar,160,64,36,12,272,0,0,2,3,5,160,64,38,15,277,0,0,0,277
05/07/2011,JAX,FL,ASO,ES,Combined TRACON& Tower with Radar,148,54,10,0,212,0,0,15,0,15,148,54,25,0,227,0,0,0,227
05/08/2011,JAX,FL,ASO,ES,Combined TRACON& Tower with Radar,147,57,19,0,223,0,1,4,0,5,147,58,23,0,228,0,0,0,228
05/09/2011,JAX,FL,ASO,ES,Combined TRACON& Tower with Radar,157,70,25,6,258,0,0,5,1,6,157,70,30,7,264,0,4,4,268
05/10/2011,JAX,FL,ASO,ES,Combined TRACON& Tower with Radar,163,69,31,40,303,0,0,8,2,10,163,69,39,42,313,2,32,34,347
05/11/2011,JAX,FL,ASO,ES,Combined TRACON& Tower with Radar,158,62,24,22,266,0,1,10,1,12,158,63,34,23,278,4,0,4,282
05/12/2011,JAX,FL,ASO,ES,Combined TRACON& Tower with Radar,161,71,39,13,284,0,0,6,1,7,161,71,45,14,291,2,24,26,317
05/13/2011,JAX,FL,ASO,ES,Combined TRACON& Tower with Radar,168,61,18,10,257,0,2,7,2,11,168,63,25,12,268,0,26,26,294
05/14/2011,JAX,FL,ASO,ES,Combined TRACON& Tower with Radar,155,48,14,9,226,0,0,9,0,9,155,48,23,9,235,0,0,0,235
05/15/2011,JAX,FL,ASO,ES,Combined TRACON& Tower with Radar,143,58,19,20,240,0,0,16,2,18,143,58,35,22,258,0,12,12,270
05/16/2011,JAX,FL,ASO,ES,Combined TRACON& Tower with Radar,155,67,40,22,284,0,0,11,3,14,155,67,51,25,298,1,33,34,332
05/17/2011,JAX,FL,ASO,ES,Combined TRACON& Tower with Radar,162,64,40,9,275,0,0,13,1,14,162,64,53,10,289,0,0,0,289
05/18/2011,JAX,FL,ASO,ES,Combined TRACON& Tower with Radar,160,63,29,12,264,0,0,3,4,7,160,63,32,16,271,6,23,29,300
05/19/2011,JAX,FL,ASO,ES,Combined TRACON& Tower with Radar,168,72,34,26,300,0,0,13,1,14,168,72,47,27,314,8,40,48,362
05/20/2011,JAX,FL,ASO,ES,Combined TRACON& Tower with Radar,162,77,27,23,289,0,0,7,1,8,162,77,34,24,297,0,6,6,303
05/21/2011,JAX,FL,ASO,ES,Combined TRACON& Tower with Radar,158,52,23,2,235,0,0,7,1,8,158,52,30,3,243,0,0,0,243
05/22/2011,JAX,FL,ASO,ES,Combined TRACON& Tower with Radar,157,60,17,4,238,0,0,4,2,6,157,60,21,6,244,0,0,0,244
05/23/2011,JAX,FL,ASO,ES,Combined TRACON& Tower with Radar,156,63,16,21,256,0,2,10,2,14,156,65,26,23,270,4,0,4,274
05/24/2011,JAX,FL,ASO,ES,Combined TRACON& Tower with Radar,164,58,16,17,255,0,0,8,1,9,164,58,24,18,264,10,6,16,280
05/25/2011,JAX,FL,ASO,ES,Combined TRACON& Tower with Radar,164,55,31,14,264,0,0,11,10,21,164,55,42,24,285,0,16,16,301
05/26/2011,JAX,FL,ASO,ES,Combined TRACON& Tower with Radar,159,71,35,10,275,0,0,6,1,7,159,71,41,11,282,6,0,6,288
05/27/2011,JAX,FL,ASO,ES,Combined TRACON& Tower with Radar,167,72,21,0,260,0,0,7,0,7,167,72,28,0,267,0,0,0,267
05/28/2011,JAX,FL,ASO,ES,Combined TRACON& Tower with Radar,153,55,26,5,239,0,0,4,0,4,153,55,30,5,243,0,0,0,243
05/29/2011,JAX,FL,ASO,ES,Combined TRACON& Tower with Radar,126,54,14,1,195,0,0,4,0,4,126,54,18,1,199,0,0,0,199
05/30/2011,JAX,FL,ASO,ES,Combined TRACON& Tower with Radar,145,51,15,6,217,0,0,19,0,19,145,51,34,6,236,0,0,0,236
05/31/2011,JAX,FL,ASO,ES,Combined TRACON& Tower with Radar,164,58,27,11,260,0,1,8,2,11,164,59,35,13,271,0,54,54,325
06/01/2011,JAX,FL,ASO,ES,Combined TRACON& Tower with Radar,166,64,33,17,280,0,0,9,3,12,166,64,42,20,292,0,0,0,292
06/02/2011,JAX,FL,ASO,ES,Combined TRACON& Tower with Radar,170,68,31,47,316,0,0,6,2,8,170,68,37,49,324,0,12,12,336
06/03/2011,JAX,FL,ASO,ES,Combined TRACON& Tower with Radar,166,72,33,18,289,0,0,9,5,14,166,72,42,23,303,0,38,38,341
06/04/2011,JAX,FL,ASO,ES,Combined TRACON& Tower with Radar,158,56,22,0,236,0,1,4,0,5,158,57,26,0,241,12,6,18,259
06/05/2011,JAX,FL,ASO,ES,Combined TRACON& Tower with Radar,155,51,17,5,228,0,0,8,1,9,155,51,25,6,237,0,0,0,237
06/06/2011,JAX,FL,ASO,ES,Combined TRACON& Tower with Radar,165,62,21,9,257,0,0,7,3,10,165,62,28,12,267,12,24,36,303
06/07/2011,JAX,FL,ASO,ES,Combined TRACON& Tower with Radar,168,52,33,13,266,0,0,11,1,12,168,52,44,14,278,16,6,22,300
06/08/2011,JAX,FL,ASO,ES,Combined TRACON& Tower with Radar,162,60,58,5,285,0,0,6,1,7,162,60,64,6,292,0,0,0,292
06/09/2011,JAX,FL,ASO,ES,Combined TRACON& Tower with Radar,169,60,41,9,279,0,0,6,2,8,169,60,47,11,287,0,0,0,287
06/10/2011,JAX,FL,ASO,ES,Combined TRACON& Tower with Radar,166,49,32,3,250,0,1,2,0,3,166,50,34,3,253,0,0,0,253
06/11/2011,JAX,FL,ASO,ES,Combined TRACON& Tower with Radar,154,47,16,9,226,0,0,6,5,11,154,47,22,14,237,6,8,14,251
06/12/2011,JAX,FL,ASO,ES,Combined TRACON& Tower with Radar,154,43,17,8,222,0,0,5,4,9,154,43,22,12,231,4,0,4,235
06/13/2011,JAX,FL,ASO,ES,Combined TRACON& Tower with Radar,179,48,28,3,258,0,1,3,0,4,179,49,31,3,262,0,0,0,262
06/14/2011,JAX,FL,ASO,ES,Combined TRACON& Tower with Radar,181,64,31,12,288,0,0,3,3,6,181,64,34,15,294,0,0,0,294
06/15/2011,JAX,FL,ASO,ES,Combined TRACON& Tower with Radar,173,55,28,7,263,0,0,1,1,2,173,55,29,8,265,0,0,0,265
06/16/2011,JAX,FL,ASO,ES,Combined TRACON& Tower with Radar,188,59,21,17,285,0,0,7,2,9,188,59,28,19,294,0,6,6,300
06/17/2011,JAX,FL,ASO,ES,Combined TRACON& Tower with Radar,176,56,22,13,267,0,0,0,0,0,176,56,22,13,267,0,6,6,273
06/18/2011,JAX,FL,ASO,ES,Combined TRACON& Tower with Radar,165,58,12,1,236,0,0,5,0,5,165,58,17,1,241,0,0,0,241
06/19/2011,JAX,FL,ASO,ES,Combined TRACON& Tower with Radar,159,53,22,5,239,0,0,10,0,10,159,53,32,5,249,0,0,0,249
06/20/2011,JAX,FL,ASO,ES,Combined TRACON& Tower with Radar,176,43,39,18,276,0,0,16,2,18,176,43,55,20,294,0,38,38,332
06/21/2011,JAX,FL,ASO,ES,Combined TRACON& Tower with Radar,179,60,14,14,267,0,0,1,0,1,179,60,15,14,268,0,0,0,268
06/22/2011,JAX,FL,ASO,ES,Combined TRACON& Tower with Radar,167,50,43,9,269,0,0,2,0,2,167,50,45,9,271,0,0,0,271
06/23/2011,JAX,FL,ASO,ES,Combined TRACON& Tower with Radar,175,48,33,16,272,0,0,4,2,6,175,48,37,18,278,6,0,6,284
06/24/2011,JAX,FL,ASO,ES,Combined TRACON& Tower with Radar,172,50,34,8,264,0,0,4,2,6,172,50,38,10,270,2,2,4,274
06/25/2011,JAX,FL,ASO,ES,Combined TRACON& Tower with Radar,156,57,14,4,231,0,1,3,0,4,156,58,17,4,235,0,0,0,235
06/26/2011,JAX,FL,ASO,ES,Combined TRACON& Tower with Radar,163,53,13,2,231,0,1,6,0,7,163,54,19,2,238,0,0,0,238
06/27/2011,JAX,FL,ASO,ES,Combined TRACON& Tower with Radar,173,51,39,14,277,0,0,9,2,11,173,51,48,16,288,0,0,0,288
06/28/2011,JAX,FL,ASO,ES,Combined TRACON& Tower with Radar,172,56,28,23,279,0,0,6,15,21,172,56,34,38,300,0,0,0,300
06/29/2011,JAX,FL,ASO,ES,Combined TRACON& Tower with Radar,181,48,36,20,285,0,0,12,1,13,181,48,48,21,298,6,0,6,304
06/30/2011,JAX,FL,ASO,ES,Combined TRACON& Tower with Radar,173,54,39,10,276,0,0,8,0,8,173,54,47,10,284,0,0,0,284
07/01/2011,JAX,FL,ASO,ES,Combined TRACON& Tower with Radar,180,57,31,8,276,0,0,7,4,11,180,57,38,12,287,0,14,14,301
07/02/2011,JAX,FL,ASO,ES,Combined TRACON& Tower with Radar,152,52,19,2,225,0,0,19,2,21,152,52,38,4,246,0,0,0,246
07/03/2011,JAX,FL,ASO,ES,Combined TRACON& Tower with Radar,126,43,22,2,193,0,0,13,0,13,126,43,35,2,206,0,0,0,206
07/04/2011,JAX,FL,ASO,ES,Combined TRACON& Tower with Radar,147,44,3,0,194,0,0,5,0,5,147,44,8,0,199,0,0,0,199
07/05/2011,JAX,FL,ASO,ES,Combined TRACON& Tower with Radar,175,52,35,9,271,0,0,8,2,10,175,52,43,11,281,0,0,0,281
07/06/2011,JAX,FL,ASO,ES,Combined TRACON& Tower with Radar,175,46,27,9,257,0,0,12,4,16,175,46,39,13,273,0,17,17,290
07/07/2011,JAX,FL,ASO,ES,Combined TRACON& Tower with Radar,178,52,17,16,263,0,0,7,1,8,178,52,24,17,271,0,20,20,291
07/08/2011,JAX,FL,ASO,ES,Combined TRACON& Tower with Radar,173,49,32,15,269,0,0,3,3,6,173,49,35,18,275,0,0,0,275
07/09/2011,JAX,FL,ASO,ES,Combined TRACON& Tower with Radar,161,48,13,0,222,0,2,6,0,8,161,50,19,0,230,0,0,0,230
07/10/2011,JAX,FL,ASO,ES,Combined TRACON& Tower with Radar,165,47,29,0,241,0,0,8,0,8,165,47,37,0,249,0,0,0,249
07/11/2011,JAX,FL,ASO,ES,Combined TRACON& Tower with Radar,167,44,23,8,242,0,0,7,0,7,167,44,30,8,249,0,0,0,249
07/12/2011,JAX,FL,ASO,ES,Combined TRACON& Tower with Radar,181,45,26,15,267,0,0,8,2,10,181,45,34,17,277,0,0,0,277
07/13/2011,JAX,FL,ASO,ES,Combined TRACON& Tower with Radar,168,50,31,18,267,0,0,5,1,6,168,50,36,19,273,0,0,0,273
07/14/2011,JAX,FL,ASO,ES,Combined TRACON& Tower with Radar,182,51,22,25,280,0,0,3,0,3,182,51,25,25,283,0,0,0,283
07/15/2011,JAX,FL,ASO,ES,Combined TRACON& Tower with Radar,183,48,36,11,278,0,1,3,0,4,183,49,39,11,282,0,0,0,282
07/16/2011,JAX,FL,ASO,ES,Combined TRACON& Tower with Radar,154,47,14,3,218,0,0,4,2,6,154,47,18,5,224,0,0,0,224
07/17/2011,JAX,FL,ASO,ES,Combined TRACON& Tower with Radar,169,45,22,2,238,0,0,5,0,5,169,45,27,2,243,0,14,14,257
07/18/2011,JAX,FL,ASO,ES,Combined TRACON& Tower with Radar,173,53,23,11,260,0,0,8,0,8,173,53,31,11,268,12,0,12,280
07/19/2011,JAX,FL,ASO,ES,Combined TRACON& Tower with Radar,174,42,39,9,264,0,4,10,2,16,174,46,49,11,280,0,54,54,334
07/20/2011,JAX,FL,ASO,ES,Combined TRACON& Tower with Radar,179,55,26,9,269,0,1,20,6,27,179,56,46,15,296,0,30,30,326
07/21/2011,JAX,FL,ASO,ES,Combined TRACON& Tower with Radar,176,61,34,0,271,0,0,9,0,9,176,61,43,0,280,1,0,1,281
07/22/2011,JAX,FL,ASO,ES,Combined TRACON& Tower with Radar,178,53,25,13,269,0,1,8,1,10,178,54,33,14,279,0,2,2,281
07/23/2011,JAX,FL,ASO,ES,Combined TRACON& Tower with Radar,153,43,15,11,222,0,0,1,1,2,153,43,16,12,224,0,6,6,230
07/24/2011,JAX,FL,ASO,ES,Combined TRACON& Tower with Radar,158,43,10,0,211,0,0,7,2,9,158,43,17,2,220,14,10,24,244
07/25/2011,JAX,FL,ASO,ES,Combined TRACON& Tower with Radar,165,54,27,8,254,0,0,4,4,8,165,54,31,12,262,0,52,52,314
07/26/2011,JAX,FL,ASO,ES,Combined TRACON& Tower with Radar,183,49,30,7,269,0,2,10,1,13,183,51,40,8,282,0,8,8,290
07/27/2011,JAX,FL,ASO,ES,Combined TRACON& Tower with Radar,176,44,30,11,261,0,0,4,0,4,176,44,34,11,265,0,0,0,265
07/28/2011,JAX,FL,ASO,ES,Combined TRACON& Tower with Radar,175,55,36,13,279,0,0,1,7,8,175,55,37,20,287,0,12,12,299
07/29/2011,JAX,FL,ASO,ES,Combined TRACON& Tower with Radar,177,43,38,7,265,0,0,10,2,12,177,43,48,9,277,14,2,16,293
07/30/2011,JAX,FL,ASO,ES,Combined TRACON& Tower with Radar,150,47,11,0,208,0,0,8,0,8,150,47,19,0,216,0,0,0,216
07/31/2011,JAX,FL,ASO,ES,Combined TRACON& Tower with Radar,182,47,26,0,255,0,0,4,0,4,182,47,30,0,259,8,0,8,267
08/01/2011,JAX,FL,ASO,ES,Combined TRACON& Tower with Radar,168,45,13,15,241,0,0,2,0,2,168,45,15,15,243,4,48,52,295
08/02/2011,JAX,FL,ASO,ES,Combined TRACON& Tower with Radar,178,50,23,32,283,0,0,9,3,12,178,50,32,35,295,10,0,10,305
08/03/2011,JAX,FL,ASO,ES,Combined TRACON& Tower with Radar,174,44,21,16,255,0,1,9,1,11,174,45,30,17,266,0,56,56,322
08/04/2011,JAX,FL,ASO,ES,Combined TRACON& Tower with Radar,175,52,27,9,263,0,0,12,4,16,175,52,39,13,279,13,38,51,330
08/05/2011,JAX,FL,ASO,ES,Combined TRACON& Tower with Radar,169,48,28,11,256,0,1,9,0,10,169,49,37,11,266,0,0,0,266
08/06/2011,JAX,FL,ASO,ES,Combined TRACON& Tower with Radar,153,43,9,10,215,0,0,5,0,5,153,43,14,10,220,0,0,0,220
08/07/2011,JAX,FL,ASO,ES,Combined TRACON& Tower with Radar,162,41,18,6,227,0,0,4,1,5,162,41,22,7,232,0,0,0,232
08/08/2011,JAX,FL,ASO,ES,Combined TRACON& Tower with Radar,170,43,33,4,250,0,0,10,0,10,170,43,43,4,260,0,0,0,260
08/09/2011,JAX,FL,ASO,ES,Combined TRACON& Tower with Radar,174,47,24,7,252,0,0,7,1,8,174,47,31,8,260,7,0,7,267
08/10/2011,JAX,FL,ASO,ES,Combined TRACON& Tower with Radar,191,43,38,11,283,0,0,9,3,12,191,43,47,14,295,0,0,0,295
08/11/2011,JAX,FL,ASO,ES,Combined TRACON& Tower with Radar,181,56,28,17,282,0,0,13,2,15,181,56,41,19,297,10,24,34,331
08/12/2011,JAX,FL,ASO,ES,Combined TRACON& Tower with Radar,176,50,26,26,278,0,0,12,19,31,176,50,38,45,309,0,0,0,309
08/13/2011,JAX,FL,ASO,ES,Combined TRACON& Tower with Radar,145,54,8,0,207,0,0,3,1,4,145,54,11,1,211,10,0,10,221
08/14/2011,JAX,FL,ASO,ES,Combined TRACON& Tower with Radar,155,49,21,2,227,0,0,7,1,8,155,49,28,3,235,7,0,7,242
08/15/2011,JAX,FL,ASO,ES,Combined TRACON& Tower with Radar,161,48,17,13,239,0,0,4,2,6,161,48,21,15,245,0,4,4,249
08/16/2011,JAX,FL,ASO,ES,Combined TRACON& Tower with Radar,165,49,38,16,268,0,0,13,7,20,165,49,51,23,288,0,24,24,312
08/17/2011,JAX,FL,ASO,ES,Combined TRACON& Tower with Radar,165,47,41,14,267,0,0,7,3,10,165,47,48,17,277,10,24,34,311
08/18/2011,JAX,FL,ASO,ES,Combined TRACON& Tower with Radar,167,56,30,22,275,0,0,14,3,17,167,56,44,25,292,0,18,18,310
08/19/2011,JAX,FL,ASO,ES,Combined TRACON& Tower with Radar,165,57,31,17,270,0,0,9,7,16,165,57,40,24,286,0,48,48,334
08/20/2011,JAX,FL,ASO,ES,Combined TRACON& Tower with Radar,157,59,14,18,248,0,1,4,6,11,157,60,18,24,259,0,16,16,275
08/21/2011,JAX,FL,ASO,ES,Combined TRACON& Tower with Radar,146,47,14,5,212,0,0,3,1,4,146,47,17,6,216,0,8,8,224
08/22/2011,JAX,FL,ASO,ES,Combined TRACON& Tower with Radar,161,48,25,0,234,0,0,6,0,6,161,48,31,0,240,0,0,0,240
08/23/2011,JAX,FL,ASO,ES,Combined TRACON& Tower with Radar,162,44,28,15,249,0,0,8,0,8,162,44,36,15,257,14,0,14,271
08/24/2011,JAX,FL,ASO,ES,Combined TRACON& Tower with Radar,165,44,30,13,252,0,2,2,0,4,165,46,32,13,256,0,10,10,266
08/25/2011,JAX,FL,ASO,ES,Combined TRACON& Tower with Radar,169,41,24,15,249,0,0,4,5,9,169,41,28,20,258,0,12,12,270
08/26/2011,JAX,FL,ASO,ES,Combined TRACON& Tower with Radar,177,44,18,1,240,0,0,4,2,6,177,44,22,3,246,0,0,0,246
08/27/2011,JAX,FL,ASO,ES,Combined TRACON& Tower with Radar,111,35,12,1,159,0,0,4,0,4,111,35,16,1,163,0,0,0,163
08/28/2011,JAX,FL,ASO,ES,Combined TRACON& Tower with Radar,117,35,14,1,167,0,0,4,0,4,117,35,18,1,171,0,0,0,171
08/29/2011,JAX,FL,ASO,ES,Combined TRACON& Tower with Radar,151,38,21,12,222,0,0,7,0,7,151,38,28,12,229,0,0,0,229
08/30/2011,JAX,FL,ASO,ES,Combined TRACON& Tower with Radar,156,49,29,22,256,0,2,3,1,6,156,51,32,23,262,10,12,22,284
08/31/2011,JAX,FL,ASO,ES,Combined TRACON& Tower with Radar,165,47,32,9,253,0,0,2,0,2,165,47,34,9,255,0,0,0,255
09/01/2011,JAX,FL,ASO,ES,Combined TRACON& Tower with Radar,165,48,34,71,318,0,1,15,1,17,165,49,49,72,335,0,50,50,385
09/02/2011,JAX,FL,ASO,ES,Combined TRACON& Tower with Radar,171,43,36,1,251,0,0,21,1,22,171,43,57,2,273,0,0,0,273
09/03/2011,JAX,FL,ASO,ES,Combined TRACON& Tower with Radar,119,36,15,3,173,0,0,8,0,8,119,36,23,3,181,0,0,0,181
09/04/2011,JAX,FL,ASO,ES,Combined TRACON& Tower with Radar,111,38,10,1,160,0,0,3,4,7,111,38,13,5,167,0,0,0,167
09/05/2011,JAX,FL,ASO,ES,Combined TRACON& Tower with Radar,151,46,14,1,212,0,0,5,0,5,151,46,19,1,217,10,0,10,227
09/06/2011,JAX,FL,ASO,ES,Combined TRACON& Tower with Radar,154,46,17,12,229,0,0,3,1,4,154,46,20,13,233,0,22,22,255
09/07/2011,JAX,FL,ASO,ES,Combined TRACON& Tower with Radar,156,44,30,17,247,0,0,6,0,6,156,44,36,17,253,8,0,8,261
09/08/2011,JAX,FL,ASO,ES,Combined TRACON& Tower with Radar,163,61,19,11,254,0,1,15,2,18,163,62,34,13,272,0,14,14,286
09/09/2011,JAX,FL,ASO,ES,Combined TRACON& Tower with Radar,176,46,32,17,271,0,0,5,4,9,176,46,37,21,280,2,16,18,298
09/10/2011,JAX,FL,ASO,ES,Combined TRACON& Tower with Radar,121,40,10,1,172,0,0,4,0,4,121,40,14,1,176,0,0,0,176
09/11/2011,JAX,FL,ASO,ES,Combined TRACON& Tower with Radar,149,47,16,4,216,0,0,9,3,12,149,47,25,7,228,0,0,0,228
09/12/2011,JAX,FL,ASO,ES,Combined TRACON& Tower with Radar,164,52,27,12,255,0,0,9,2,11,164,52,36,14,266,6,28,34,300
09/13/2011,JAX,FL,ASO,ES,Combined TRACON& Tower with Radar,162,50,32,9,253,0,0,8,6,14,162,50,40,15,267,10,8,18,285
09/14/2011,JAX,FL,ASO,ES,Combined TRACON& Tower with Radar,160,47,31,7,245,0,0,6,1,7,160,47,37,8,252,16,4,20,272
09/15/2011,JAX,FL,ASO,ES,Combined TRACON& Tower with Radar,164,58,32,11,265,0,0,7,0,7,164,58,39,11,272,2,18,20,292
09/16/2011,JAX,FL,ASO,ES,Combined TRACON& Tower with Radar,171,57,21,5,254,0,0,3,1,4,171,57,24,6,258,0,0,0,258
09/17/2011,JAX,FL,ASO,ES,Combined TRACON& Tower with Radar,114,35,11,0,160,0,0,2,0,2,114,35,13,0,162,0,0,0,162
09/18/2011,JAX,FL,ASO,ES,Combined TRACON& Tower with Radar,152,50,15,4,221,0,0,0,0,0,152,50,15,4,221,0,0,0,221
09/19/2011,JAX,FL,ASO,ES,Combined TRACON& Tower with Radar,158,46,13,19,236,0,0,4,0,4,158,46,17,19,240,14,0,14,254
09/20/2011,JAX,FL,ASO,ES,Combined TRACON& Tower with Radar,159,46,27,20,252,0,0,4,1,5,159,46,31,21,257,0,44,44,301
09/21/2011,JAX,FL,ASO,ES,Combined TRACON& Tower with Radar,161,47,38,12,258,0,0,7,0,7,161,47,45,12,265,0,0,0,265
09/22/2011,JAX,FL,ASO,ES,Combined TRACON& Tower with Radar,164,57,40,7,268,0,0,4,1,5,164,57,44,8,273,0,18,18,291
09/23/2011,JAX,FL,ASO,ES,Combined TRACON& Tower with Radar,169,49,22,7,247,0,0,7,2,9,169,49,29,9,256,0,14,14,270
09/24/2011,JAX,FL,ASO,ES,Combined TRACON& Tower with Radar,127,42,14,2,185,0,0,5,0,5,127,42,19,2,190,0,0,0,190
09/25/2011,JAX,FL,ASO,ES,Combined TRACON& Tower with Radar,154,54,31,2,241,0,0,5,3,8,154,54,36,5,249,0,0,0,249
09/26/2011,JAX,FL,ASO,ES,Combined TRACON& Tower with Radar,163,51,23,12,249,0,2,4,0,6,163,53,27,12,255,4,0,4,259
09/27/2011,JAX,FL,ASO,ES,Combined TRACON& Tower with Radar,161,44,36,6,247,0,0,12,3,15,161,44,48,9,262,19,12,31,293
09/28/2011,JAX,FL,ASO,ES,Combined TRACON& Tower with Radar,163,42,39,8,252,0,0,8,1,9,163,42,47,9,261,4,3,7,268
09/29/2011,JAX,FL,ASO,ES,Combined TRACON& Tower with Radar,169,49,33,12,263,0,0,17,0,17,169,49,50,12,280,12,14,26,306
09/30/2011,JAX,FL,ASO,ES,Combined TRACON& Tower with Radar,180,48,15,8,251,0,2,9,2,13,180,50,24,10,264,0,0,0,264
10/01/2011,JAX,FL,ASO,ES,Combined TRACON& Tower with Radar,127,37,13,0,177,0,0,2,0,2,127,37,15,0,179,0,0,0,179
10/02/2011,JAX,FL,ASO,ES,Combined TRACON& Tower with Radar,150,45,12,0,207,0,0,7,1,8,150,45,19,1,215,18,22,40,255
10/03/2011,JAX,FL,ASO,ES,Combined TRACON& Tower with Radar,165,41,17,1,224,0,0,9,2,11,165,41,26,3,235,18,22,40,275
10/04/2011,JAX,FL,ASO,ES,Combined TRACON& Tower with Radar,164,41,31,9,245,0,0,9,3,12,164,41,40,12,257,16,6,22,279
10/05/2011,JAX,FL,ASO,ES,Combined TRACON& Tower with Radar,169,43,22,8,242,0,0,10,4,14,169,43,32,12,256,0,20,20,276
10/06/2011,JAX,FL,ASO,ES,Combined TRACON& Tower with Radar,163,53,22,22,260,0,1,8,3,12,163,54,30,25,272,0,58,58,330
10/07/2011,JAX,FL,ASO,ES,Combined TRACON& Tower with Radar,171,54,12,11,248,0,0,5,0,5,171,54,17,11,253,0,2,2,255
10/08/2011,JAX,FL,ASO,ES,Combined TRACON& Tower with Radar,139,42,6,0,187,0,0,3,0,3,139,42,9,0,190,0,0,0,190
10/09/2011,JAX,FL,ASO,ES,Combined TRACON& Tower with Radar,156,45,9,0,210,0,2,1,0,3,156,47,10,0,213,0,0,0,213
10/10/2011,JAX,FL,ASO,ES,Combined TRACON& Tower with Radar,164,58,21,0,243,0,0,4,0,4,164,58,25,0,247,0,0,0,247
10/11/2011,JAX,FL,ASO,ES,Combined TRACON& Tower with Radar,169,47,33,16,265,0,0,8,4,12,169,47,41,20,277,12,12,24,301
10/12/2011,JAX,FL,ASO,ES,Combined TRACON& Tower with Radar,168,48,36,11,263,0,0,9,1,10,168,48,45,12,273,6,8,14,287
10/13/2011,JAX,FL,ASO,ES,Combined TRACON& Tower with Radar,164,51,39,10,264,0,2,12,3,17,164,53,51,13,281,30,8,38,319
10/14/2011,JAX,FL,ASO,ES,Combined TRACON& Tower with Radar,178,47,38,12,275,0,1,15,1,17,178,48,53,13,292,0,2,2,294
10/15/2011,JAX,FL,ASO,ES,Combined TRACON& Tower with Radar,130,41,18,0,189,0,0,4,0,4,130,41,22,0,193,0,0,0,193
10/16/2011,JAX,FL,ASO,ES,Combined TRACON& Tower with Radar,154,56,26,4,240,0,1,11,4,16,154,57,37,8,256,8,0,8,264
10/17/2011,JAX,FL,ASO,ES,Combined TRACON& Tower with Radar,173,57,25,4,259,0,0,12,0,12,173,57,37,4,271,16,18,34,305
10/18/2011,JAX,FL,ASO,ES,Combined TRACON& Tower with Radar,166,42,15,14,237,0,0,0,0,0,166,42,15,14,237,0,0,0,237
10/19/2011,JAX,FL,ASO,ES,Combined TRACON& Tower with Radar,171,53,28,10,262,0,2,2,0,4,171,55,30,10,266,0,6,6,272
10/20/2011,JAX,FL,ASO,ES,Combined TRACON& Tower with Radar,172,52,37,18,279,0,0,2,2,4,172,52,39,20,283,0,6,6,289
10/21/2011,JAX,FL,ASO,ES,Combined TRACON& Tower with Radar,170,50,25,17,262,0,0,17,5,22,170,50,42,22,284,2,0,2,286
10/22/2011,JAX,FL,ASO,ES,Combined TRACON& Tower with Radar,131,49,17,16,213,0,0,5,0,5,131,49,22,16,218,0,0,0,218
10/23/2011,JAX,FL,ASO,ES,Combined TRACON& Tower with Radar,154,55,24,5,238,0,0,10,3,13,154,55,34,8,251,16,0,16,267
10/24/2011,JAX,FL,ASO,ES,Combined TRACON& Tower with Radar,163,49,28,13,253,0,0,18,1,19,163,49,46,14,272,8,0,8,280
10/25/2011,JAX,FL,ASO,ES,Combined TRACON& Tower with Radar,166,49,31,21,267,0,3,8,2,13,166,52,39,23,280,0,32,32,312
10/26/2011,JAX,FL,ASO,ES,Combined TRACON& Tower with Radar,168,53,35,9,265,0,2,4,5,11,168,55,39,14,276,6,26,32,308
10/27/2011,JAX,FL,ASO,ES,Combined TRACON& Tower with Radar,167,56,45,50,318,0,0,4,3,7,167,56,49,53,325,4,14,18,343
10/28/2011,JAX,FL,ASO,ES,Combined TRACON& Tower with Radar,170,50,22,14,256,0,0,9,5,14,170,50,31,19,270,12,10,22,292
10/29/2011,JAX,FL,ASO,ES,Combined TRACON& Tower with Radar,128,44,20,9,201,0,0,4,0,4,128,44,24,9,205,0,0,0,205
10/30/2011,JAX,FL,ASO,ES,Combined TRACON& Tower with Radar,150,52,24,5,231,0,0,3,1,4,150,52,27,6,235,0,0,0,235
10/31/2011,JAX,FL,ASO,ES,Combined TRACON& Tower with Radar,159,48,28,7,242,0,0,6,6,12,159,48,34,13,254,0,25,25,279
11/01/2011,JAX,FL,ASO,ES,Combined TRACON& Tower with Radar,161,46,29,15,251,0,0,6,4,10,161,46,35,19,261,0,4,4,265
11/02/2011,JAX,FL,ASO,ES,Combined TRACON& Tower with Radar,162,53,27,19,261,0,0,3,2,5,162,53,30,21,266,0,26,26,292
11/03/2011,JAX,FL,ASO,ES,Combined TRACON& Tower with Radar,167,48,40,16,271,0,2,7,6,15,167,50,47,22,286,4,0,4,290
11/04/2011,JAX,FL,ASO,ES,Combined TRACON& Tower with Radar,169,61,27,13,270,0,0,16,0,16,169,61,43,13,286,0,0,0,286
11/05/2011,JAX,FL,ASO,ES,Combined TRACON& Tower with Radar,129,44,17,12,202,0,0,0,0,0,129,44,17,12,202,0,12,12,214
11/06/2011,JAX,FL,ASO,ES,Combined TRACON& Tower with Radar,149,55,25,4,233,0,0,3,0,3,149,55,28,4,236,0,0,0,236
11/07/2011,JAX,FL,ASO,ES,Combined TRACON& Tower with Radar,168,56,25,16,265,0,0,3,0,3,168,56,28,16,268,0,0,0,268
11/08/2011,JAX,FL,ASO,ES,Combined TRACON& Tower with Radar,168,42,38,8,256,0,0,6,4,10,168,42,44,12,266,0,0,0,266
11/09/2011,JAX,FL,ASO,ES,Combined TRACON& Tower with Radar,166,44,46,18,274,0,0,4,8,12,166,44,50,26,286,6,2,8,294
11/10/2011,JAX,FL,ASO,ES,Combined TRACON& Tower with Radar,170,65,42,22,299,0,0,8,7,15,170,65,50,29,314,2,8,10,324
11/11/2011,JAX,FL,ASO,ES,Combined TRACON& Tower with Radar,182,53,39,1,275,0,2,14,0,16,182,55,53,1,291,2,0,2,293
11/12/2011,JAX,FL,ASO,ES,Combined TRACON& Tower with Radar,140,43,18,3,204,0,0,9,1,10,140,43,27,4,214,10,0,10,224
11/13/2011,JAX,FL,ASO,ES,Combined TRACON& Tower with Radar,163,52,11,2,228,0,0,14,0,14,163,52,25,2,242,0,0,0,242
11/14/2011,JAX,FL,ASO,ES,Combined TRACON& Tower with Radar,165,57,50,0,272,0,1,6,0,7,165,58,56,0,279,8,0,8,287
11/15/2011,JAX,FL,ASO,ES,Combined TRACON& Tower with Radar,159,61,39,13,272,0,1,7,0,8,159,62,46,13,280,0,16,16,296
11/16/2011,JAX,FL,ASO,ES,Combined TRACON& Tower with Radar,161,56,38,15,270,0,0,5,0,5,161,56,43,15,275,10,0,10,285
11/17/2011,JAX,FL,ASO,ES,Combined TRACON& Tower with Radar,165,61,37,14,277,0,0,1,1,2,165,61,38,15,279,0,0,0,279
11/18/2011,JAX,FL,ASO,ES,Combined TRACON& Tower with Radar,164,55,46,15,280,0,0,1,0,1,164,55,47,15,281,0,0,0,281
11/19/2011,JAX,FL,ASO,ES,Combined TRACON& Tower with Radar,141,35,21,0,197,0,0,11,0,11,141,35,32,0,208,0,0,0,208
11/20/2011,JAX,FL,ASO,ES,Combined TRACON& Tower with Radar,154,42,27,1,224,0,0,3,1,4,154,42,30,2,228,0,0,0,228
11/21/2011,JAX,FL,ASO,ES,Combined TRACON& Tower with Radar,150,40,26,13,229,0,1,21,1,23,150,41,47,14,252,32,0,32,284
11/22/2011,JAX,FL,ASO,ES,Combined TRACON& Tower with Radar,160,59,20,13,252,0,0,7,4,11,160,59,27,17,263,0,30,30,293
11/23/2011,JAX,FL,ASO,ES,Combined TRACON& Tower with Radar,168,48,27,5,248,0,0,7,0,7,168,48,34,5,255,0,0,0,255
11/24/2011,JAX,FL,ASO,ES,Combined TRACON& Tower with Radar,98,24,12,0,134,0,0,3,0,3,98,24,15,0,137,0,0,0,137
11/25/2011,JAX,FL,ASO,ES,Combined TRACON& Tower with Radar,123,40,13,0,176,0,0,5,0,5,123,40,18,0,181,10,0,10,191
11/26/2011,JAX,FL,ASO,ES,Combined TRACON& Tower with Radar,149,46,20,0,215,0,0,9,0,9,149,46,29,0,224,0,0,0,224
11/27/2011,JAX,FL,ASO,ES,Combined TRACON& Tower with Radar,160,54,25,0,239,0,0,9,2,11,160,54,34,2,250,10,0,10,260
11/28/2011,JAX,FL,ASO,ES,Combined TRACON& Tower with Radar,156,43,19,5,223,0,0,2,1,3,156,43,21,6,226,0,8,8,234
11/29/2011,JAX,FL,ASO,ES,Combined TRACON& Tower with Radar,152,47,30,11,240,0,0,3,5,8,152,47,33,16,248,2,18,20,268
11/30/2011,JAX,FL,ASO,ES,Combined TRACON& Tower with Radar,150,45,29,15,239,0,0,7,4,11,150,45,36,19,250,16,18,34,284
12/01/2011,JAX,FL,ASO,ES,Combined TRACON& Tower with Radar,156,62,31,15,264,0,0,10,0,10,156,62,41,15,274,0,0,0,274
12/02/2011,JAX,FL,ASO,ES,Combined TRACON& Tower with Radar,158,61,35,24,278,0,0,15,3,18,158,61,50,27,296,0,0,0,296
12/03/2011,JAX,FL,ASO,ES,Combined TRACON& Tower with Radar,123,32,17,1,173,0,1,6,0,7,123,33,23,1,180,2,0,2,182
12/04/2011,JAX,FL,ASO,ES,Combined TRACON& Tower with Radar,142,50,21,9,222,0,1,5,0,6,142,51,26,9,228,2,4,6,234
12/05/2011,JAX,FL,ASO,ES,Combined TRACON& Tower with Radar,146,51,34,11,242,0,0,11,6,17,146,51,45,17,259,5,2,7,266
12/06/2011,JAX,FL,ASO,ES,Combined TRACON& Tower with Radar,156,44,53,28,281,0,0,5,5,10,156,44,58,33,291,0,0,0,291
12/07/2011,JAX,FL,ASO,ES,Combined TRACON& Tower with Radar,151,44,40,22,257,0,0,13,4,17,151,44,53,26,274,0,0,0,274
12/08/2011,JAX,FL,ASO,ES,Combined TRACON& Tower with Radar,156,57,50,20,283,0,0,6,3,9,156,57,56,23,292,2,0,2,294
12/09/2011,JAX,FL,ASO,ES,Combined TRACON& Tower with Radar,155,50,25,0,230,0,0,5,2,7,155,50,30,2,237,0,0,0,237
12/10/2011,JAX,FL,ASO,ES,Combined TRACON& Tower with Radar,126,32,25,0,183,0,0,4,2,6,126,32,29,2,189,8,0,8,197
12/11/2011,JAX,FL,ASO,ES,Combined TRACON& Tower with Radar,145,49,19,0,213,0,0,3,0,3,145,49,22,0,216,0,0,0,216
12/12/2011,JAX,FL,ASO,ES,Combined TRACON& Tower with Radar,147,51,34,3,235,0,0,0,0,0,147,51,34,3,235,0,0,0,235
12/13/2011,JAX,FL,ASO,ES,Combined TRACON& Tower with Radar,149,47,32,30,258,0,0,2,0,2,149,47,34,30,260,2,0,2,262
12/14/2011,JAX,FL,ASO,ES,Combined TRACON& Tower with Radar,150,49,33,24,256,0,0,2,20,22,150,49,35,44,278,0,28,28,306
12/15/2011,JAX,FL,ASO,ES,Combined TRACON& Tower with Radar,151,53,31,28,263,0,1,15,2,18,151,54,46,30,281,0,22,22,303
12/16/2011,JAX,FL,ASO,ES,Combined TRACON& Tower with Radar,161,55,24,23,263,0,0,11,3,14,161,55,35,26,277,0,0,0,277
12/17/2011,JAX,FL,ASO,ES,Combined TRACON& Tower with Radar,139,42,10,1,192,0,0,3,2,5,139,42,13,3,197,0,0,0,197
12/18/2011,JAX,FL,ASO,ES,Combined TRACON& Tower with Radar,147,42,18,7,214,0,0,5,0,5,147,42,23,7,219,0,0,0,219
12/19/2011,JAX,FL,ASO,ES,Combined TRACON& Tower with Radar,155,48,47,15,265,0,0,6,2,8,155,48,53,17,273,0,0,0,273
12/20/2011,JAX,FL,ASO,ES,Combined TRACON& Tower with Radar,166,53,44,9,272,0,0,9,2,11,166,53,53,11,283,0,0,0,283
12/21/2011,JAX,FL,ASO,ES,Combined TRACON& Tower with Radar,163,48,24,10,245,0,0,7,6,13,163,48,31,16,258,0,12,12,270
12/22/2011,JAX,FL,ASO,ES,Combined TRACON& Tower with Radar,169,53,14,6,242,0,0,5,1,6,169,53,19,7,248,0,18,18,266
12/23/2011,JAX,FL,ASO,ES,Combined TRACON& Tower with Radar,167,49,20,0,236,0,0,0,0,0,167,49,20,0,236,0,0,0,236
12/24/2011,JAX,FL,ASO,ES,Combined TRACON& Tower with Radar,122,37,15,0,174,0,0,2,0,2,122,37,17,0,176,2,0,2,178
12/25/2011,JAX,FL,ASO,ES,Combined TRACON& Tower with Radar,109,41,4,0,154,0,1,0,0,1,109,42,4,0,155,0,0,0,155
12/26/2011,JAX,FL,ASO,ES,Combined TRACON& Tower with Radar,151,49,13,0,213,0,0,4,0,4,151,49,17,0,217,0,0,0,217
12/27/2011,JAX,FL,ASO,ES,Combined TRACON& Tower with Radar,159,43,17,8,227,0,0,4,1,5,159,43,21,9,232,2,10,12,244
12/28/2011,JAX,FL,ASO,ES,Combined TRACON& Tower with Radar,164,50,21,7,242,0,1,11,3,15,164,51,32,10,257,0,0,0,257
12/29/2011,JAX,FL,ASO,ES,Combined TRACON& Tower with Radar,160,42,16,10,228,0,0,14,3,17,160,42,30,13,245,4,10,14,259
12/30/2011,JAX,FL,ASO,ES,Combined TRACON& Tower with Radar,161,45,20,0,226,0,1,12,1,14,161,46,32,1,240,0,0,0,240
12/31/2011,JAX,FL,ASO,ES,Combined TRACON& Tower with Radar,128,38,9,0,175,0,0,4,0,4,128,38,13,0,179,0,0,0,179
01/01/2012,JAX,FL,ASO,ES,Combined TRACON& Tower with Radar,123,44,9,3,179,0,0,3,1,4,123,44,12,4,183,6,0,6,189
01/02/2012,JAX,FL,ASO,ES,Combined TRACON& Tower with Radar,155,54,28,0,237,0,0,11,0,11,155,54,39,0,248,0,0,0,248
01/03/2012,JAX,FL,ASO,ES,Combined TRACON& Tower with Radar,163,47,23,7,240,0,1,3,2,6,163,48,26,9,246,0,2,2,248
01/04/2012,JAX,FL,ASO,ES,Combined TRACON& Tower with Radar,139,39,21,11,210,0,2,8,0,10,139,41,29,11,220,0,0,0,220
01/05/2012,JAX,FL,ASO,ES,Combined TRACON& Tower with Radar,146,41,19,14,220,0,0,2,6,8,146,41,21,20,228,0,0,0,228
01/06/2012,JAX,FL,ASO,ES,Combined TRACON& Tower with Radar,145,50,29,9,233,0,0,8,2,10,145,50,37,11,243,0,4,4,247
01/07/2012,JAX,FL,ASO,ES,Combined TRACON& Tower with Radar,115,36,17,28,196,0,0,0,7,7,115,36,17,35,203,6,0,6,209
01/08/2012,JAX,FL,ASO,ES,Combined TRACON& Tower with Radar,131,37,20,9,197,0,0,5,2,7,131,37,25,11,204,0,0,0,204
01/09/2012,JAX,FL,ASO,ES,Combined TRACON& Tower with Radar,141,42,21,3,207,0,0,3,0,3,141,42,24,3,210,0,0,0,210
01/10/2012,JAX,FL,ASO,ES,Combined TRACON& Tower with Radar,144,39,36,9,228,0,0,13,3,16,144,39,49,12,244,0,2,2,246
01/11/2012,JAX,FL,ASO,ES,Combined TRACON& Tower with Radar,142,38,36,19,235,0,0,4,1,5,142,38,40,20,240,0,24,24,264
01/12/2012,JAX,FL,ASO,ES,Combined TRACON& Tower with Radar,149,43,31,16,239,0,2,3,3,8,149,45,34,19,247,4,6,10,257
01/13/2012,JAX,FL,ASO,ES,Combined TRACON& Tower with Radar,145,54,40,29,268,0,0,19,0,19,145,54,59,29,287,0,0,0,287
01/14/2012,JAX,FL,ASO,ES,Combined TRACON& Tower with Radar,115,34,12,0,161,0,0,7,0,7,115,34,19,0,168,2,0,2,170
01/15/2012,JAX,FL,ASO,ES,Combined TRACON& Tower with Radar,120,38,9,0,167,0,0,3,0,3,120,38,12,0,170,0,0,0,170
01/16/2012,JAX,FL,ASO,ES,Combined TRACON& Tower with Radar,138,52,22,2,214,0,0,6,0,6,138,52,28,2,220,0,0,0,220
01/17/2012,JAX,FL,ASO,ES,Combined TRACON& Tower with Radar,137,37,20,8,202,0,0,9,2,11,137,37,29,10,213,8,34,42,255
01/18/2012,JAX,FL,ASO,ES,Combined TRACON& Tower with Radar,141,39,37,11,228,0,0,2,5,7,141,39,39,16,235,0,38,38,273
01/19/2012,JAX,FL,ASO,ES,Combined TRACON& Tower with Radar,143,46,30,17,236,0,0,20,1,21,143,46,50,18,257,12,0,12,269
01/20/2012,JAX,FL,ASO,ES,Combined TRACON& Tower with Radar,145,51,29,19,244,0,0,7,2,9,145,51,36,21,253,0,0,0,253
01/21/2012,JAX,FL,ASO,ES,Combined TRACON& Tower with Radar,114,35,16,2,167,0,0,11,0,11,114,35,27,2,178,0,0,0,178
01/22/2012,JAX,FL,ASO,ES,Combined TRACON& Tower with Radar,127,44,19,0,190,0,0,0,0,0,127,44,19,0,190,0,0,0,190
01/23/2012,JAX,FL,ASO,ES,Combined TRACON& Tower with Radar,138,36,26,4,204,0,0,5,0,5,138,36,31,4,209,0,0,0,209
01/24/2012,JAX,FL,ASO,ES,Combined TRACON& Tower with Radar,137,33,36,11,217,0,0,8,2,10,137,33,44,13,227,4,22,26,253
01/25/2012,JAX,FL,ASO,ES,Combined TRACON& Tower with Radar,143,39,37,17,236,0,0,10,0,10,143,39,47,17,246,0,0,0,246
01/26/2012,JAX,FL,ASO,ES,Combined TRACON& Tower with Radar,144,51,49,15,259,0,0,6,7,13,144,51,55,22,272,6,82,88,360
01/27/2012,JAX,FL,ASO,ES,Combined TRACON& Tower with Radar,146,48,21,17,232,0,1,5,2,8,146,49,26,19,240,0,0,0,240
01/28/2012,JAX,FL,ASO,ES,Combined TRACON& Tower with Radar,115,35,17,0,167,0,0,11,0,11,115,35,28,0,178,0,0,0,178
01/29/2012,JAX,FL,ASO,ES,Combined TRACON& Tower with Radar,128,45,14,1,188,0,0,7,3,10,128,45,21,4,198,0,0,0,198
01/30/2012,JAX,FL,ASO,ES,Combined TRACON& Tower with Radar,142,39,35,11,227,0,0,16,1,17,142,39,51,12,244,0,10,10,254
01/31/2012,JAX,FL,ASO,ES,Combined TRACON& Tower with Radar,138,34,49,23,244,0,0,6,4,10,138,34,55,27,254,0,40,40,294
02/01/2012,JAX,FL,ASO,ES,Combined TRACON& Tower with Radar,141,34,29,20,224,0,1,9,2,12,141,35,38,22,236,0,0,0,236
02/02/2012,JAX,FL,ASO,ES,Combined TRACON& Tower with Radar,143,47,37,9,236,0,0,3,1,4,143,47,40,10,240,0,2,2,242
02/03/2012,JAX,FL,ASO,ES,Combined TRACON& Tower with Radar,145,44,25,24,238,0,0,9,1,10,145,44,34,25,248,0,0,0,248
02/04/2012,JAX,FL,ASO,ES,Combined TRACON& Tower with Radar,115,39,13,0,167,0,0,6,1,7,115,39,19,1,174,0,0,0,174
02/05/2012,JAX,FL,ASO,ES,Combined TRACON& Tower with Radar,126,37,5,3,171,0,1,1,0,2,126,38,6,3,173,0,0,0,173
02/06/2012,JAX,FL,ASO,ES,Combined TRACON& Tower with Radar,137,46,32,0,215,0,0,0,0,0,137,46,32,0,215,0,0,0,215
02/07/2012,JAX,FL,ASO,ES,Combined TRACON& Tower with Radar,140,36,29,13,218,0,0,2,15,17,140,36,31,28,235,0,0,0,235
02/08/2012,JAX,FL,ASO,ES,Combined TRACON& Tower with Radar,140,41,38,12,231,0,0,6,7,13,140,41,44,19,244,0,16,16,260
02/09/2012,JAX,FL,ASO,ES,Combined TRACON& Tower with Radar,146,49,29,14,238,0,3,11,2,16,146,52,40,16,254,6,30,36,290
02/10/2012,JAX,FL,ASO,ES,Combined TRACON& Tower with Radar,147,44,22,20,233,0,0,2,2,4,147,44,24,22,237,0,12,12,249
02/11/2012,JAX,FL,ASO,ES,Combined TRACON& Tower with Radar,118,34,8,13,173,0,0,6,2,8,118,34,14,15,181,6,4,10,191
02/12/2012,JAX,FL,ASO,ES,Combined TRACON& Tower with Radar,132,47,10,6,195,0,0,7,4,11,132,47,17,10,206,0,0,0,206
02/13/2012,JAX,FL,ASO,ES,Combined TRACON& Tower with Radar,141,35,31,13,220,0,0,7,8,15,141,35,38,21,235,0,0,0,235
02/14/2012,JAX,FL,ASO,ES,Combined TRACON& Tower with Radar,144,41,29,18,232,0,0,7,3,10,144,41,36,21,242,0,6,6,248
02/15/2012,JAX,FL,ASO,ES,Combined TRACON& Tower with Radar,142,48,41,31,262,0,0,0,0,0,142,48,41,31,262,4,0,4,266
02/16/2012,JAX,FL,ASO,ES,Combined TRACON& Tower with Radar,154,50,52,10,266,0,0,3,6,9,154,50,55,16,275,4,46,50,325
02/17/2012,JAX,FL,ASO,ES,Combined TRACON& Tower with Radar,162,49,62,2,275,0,0,0,0,0,162,49,62,2,275,0,0,0,275
02/18/2012,JAX,FL,ASO,ES,Combined TRACON& Tower with Radar,135,34,11,25,205,0,3,5,1,9,135,37,16,26,214,0,0,0,214
02/19/2012,JAX,FL,ASO,ES,Combined TRACON& Tower with Radar,138,36,18,3,195,0,0,3,0,3,138,36,21,3,198,4,46,50,248
02/20/2012,JAX,FL,ASO,ES,Combined TRACON& Tower with Radar,153,40,25,0,218,0,0,13,0,13,153,40,38,0,231,6,0,6,237
02/21/2012,JAX,FL,ASO,ES,Combined TRACON& Tower with Radar,162,35,32,13,242,0,0,0,3,3,162,35,32,16,245,0,0,0,245
02/22/2012,JAX,FL,ASO,ES,Combined TRACON& Tower with Radar,163,28,36,15,242,0,0,1,3,4,163,28,37,18,246,0,74,74,320
02/23/2012,JAX,FL,ASO,ES,Combined TRACON& Tower with Radar,162,40,56,17,275,0,0,8,3,11,162,40,64,20,286,2,54,56,342
02/24/2012,JAX,FL,ASO,ES,Combined TRACON& Tower with Radar,159,45,36,11,251,0,0,2,0,2,159,45,38,11,253,4,0,4,257
02/25/2012,JAX,FL,ASO,ES,Combined TRACON& Tower with Radar,148,32,28,2,210,0,0,2,0,2,148,32,30,2,212,0,0,0,212
02/26/2012,JAX,FL,ASO,ES,Combined TRACON& Tower with Radar,145,42,36,0,223,0,0,1,0,1,145,42,37,0,224,0,0,0,224
02/27/2012,JAX,FL,ASO,ES,Combined TRACON& Tower with Radar,155,51,28,8,242,0,0,1,0,1,155,51,29,8,243,0,0,0,243
02/28/2012,JAX,FL,ASO,ES,Combined TRACON& Tower with Radar,158,43,27,10,238,0,0,2,1,3,158,43,29,11,241,2,6,8,249
02/29/2012,JAX,FL,ASO,ES,Combined TRACON& Tower with Radar,160,32,41,22,255,0,0,4,1,5,160,32,45,23,260,0,20,20,280
03/01/2012,JAX,FL,ASO,ES,Combined TRACON& Tower with Radar,163,46,39,2,250,0,0,10,0,10,163,46,49,2,260,2,0,2,262
03/02/2012,JAX,FL,ASO,ES,Combined TRACON& Tower with Radar,161,48,40,10,259,0,1,11,2,14,161,49,51,12,273,0,2,2,275
03/03/2012,JAX,FL,ASO,ES,Combined TRACON& Tower with Radar,140,37,10,5,192,0,0,1,0,1,140,37,11,5,193,0,0,0,193
03/04/2012,JAX,FL,ASO,ES,Combined TRACON& Tower with Radar,147,45,23,6,221,0,0,2,1,3,147,45,25,7,224,0,0,0,224
03/05/2012,JAX,FL,ASO,ES,Combined TRACON& Tower with Radar,156,37,21,3,217,0,0,3,0,3,156,37,24,3,220,0,0,0,220
03/06/2012,JAX,FL,ASO,ES,Combined TRACON& Tower with Radar,160,39,25,3,227,0,0,9,5,14,160,39,34,8,241,0,26,26,267
03/07/2012,JAX,FL,ASO,ES,Combined TRACON& Tower with Radar,158,36,32,9,235,0,0,6,0,6,158,36,38,9,241,6,2,8,249
03/08/2012,JAX,FL,ASO,ES,Combined TRACON& Tower with Radar,164,49,35,0,248,0,0,11,3,14,164,49,46,3,262,6,22,28,290
03/09/2012,JAX,FL,ASO,ES,Combined TRACON& Tower with Radar,166,44,35,3,248,0,0,3,0,3,166,44,38,3,251,0,0,0,251
03/10/2012,JAX,FL,ASO,ES,Combined TRACON& Tower with Radar,137,39,16,0,192,0,0,5,0,5,137,39,21,0,197,0,0,0,197
03/11/2012,JAX,FL,ASO,ES,Combined TRACON& Tower with Radar,151,47,28,8,234,0,0,4,0,4,151,47,32,8,238,0,0,0,238
03/12/2012,JAX,FL,ASO,ES,Combined TRACON& Tower with Radar,158,48,27,0,233,0,0,2,0,2,158,48,29,0,235,0,0,0,235
03/13/2012,JAX,FL,ASO,ES,Combined TRACON& Tower with Radar,164,42,22,3,231,0,0,5,7,12,164,42,27,10,243,11,16,27,270
03/14/2012,JAX,FL,ASO,ES,Combined TRACON& Tower with Radar,158,44,37,8,247,0,0,2,3,5,158,44,39,11,252,2,12,14,266
03/15/2012,JAX,FL,ASO,ES,Combined TRACON& Tower with Radar,164,52,36,7,259,0,0,9,1,10,164,52,45,8,269,2,24,26,295
03/16/2012,JAX,FL,ASO,ES,Combined TRACON& Tower with Radar,168,42,29,13,252,0,5,1,4,10,168,47,30,17,262,0,42,42,304
03/17/2012,JAX,FL,ASO,ES,Combined TRACON& Tower with Radar,139,42,15,2,198,0,1,8,1,10,139,43,23,3,208,0,48,48,256
03/18/2012,JAX,FL,ASO,ES,Combined TRACON& Tower with Radar,149,39,22,13,223,0,0,6,4,10,149,39,28,17,233,0,0,0,233
03/19/2012,JAX,FL,ASO,ES,Combined TRACON& Tower with Radar,157,45,18,9,229,0,2,8,3,13,157,47,26,12,242,0,0,0,242
03/20/2012,JAX,FL,ASO,ES,Combined TRACON& Tower with Radar,159,50,41,10,260,0,2,9,7,18,159,52,50,17,278,16,4,20,298
03/21/2012,JAX,FL,ASO,ES,Combined TRACON& Tower with Radar,165,37,37,0,239,0,1,7,10,18,165,38,44,10,257,4,15,19,276
03/22/2012,JAX,FL,ASO,ES,Combined TRACON& Tower with Radar,164,55,44,8,271,0,2,9,2,13,164,57,53,10,284,4,0,4,288
03/23/2012,JAX,FL,ASO,ES,Combined TRACON& Tower with Radar,164,39,50,3,256,0,2,12,2,16,164,41,62,5,272,4,0,4,276
03/24/2012,JAX,FL,ASO,ES,Combined TRACON& Tower with Radar,143,52,18,0,213,0,0,5,1,6,143,52,23,1,219,0,0,0,219
03/25/2012,JAX,FL,ASO,ES,Combined TRACON& Tower with Radar,150,44,36,15,245,0,0,14,2,16,150,44,50,17,261,0,0,0,261
03/26/2012,JAX,FL,ASO,ES,Combined TRACON& Tower with Radar,159,35,42,2,238,0,0,6,2,8,159,35,48,4,246,0,0,0,246
03/27/2012,JAX,FL,ASO,ES,Combined TRACON& Tower with Radar,165,37,28,5,235,0,0,8,1,9,165,37,36,6,244,0,0,0,244
03/28/2012,JAX,FL,ASO,ES,Combined TRACON& Tower with Radar,176,42,31,4,253,0,0,13,0,13,176,42,44,4,266,0,0,0,266
03/29/2012,JAX,FL,ASO,ES,Combined TRACON& Tower with Radar,178,47,36,6,267,0,0,4,4,8,178,47,40,10,275,0,0,0,275
03/30/2012,JAX,FL,ASO,ES,Combined TRACON& Tower with Radar,165,36,32,5,238,0,0,5,1,6,165,36,37,6,244,0,0,0,244
03/31/2012,JAX,FL,ASO,ES,Combined TRACON& Tower with Radar,136,49,15,0,200,0,0,0,0,0,136,49,15,0,200,0,0,0,200
04/01/2012,JAX,FL,ASO,ES,Combined TRACON& Tower with Radar,143,44,20,0,207,0,0,5,4,9,143,44,25,4,216,0,0,0,216
04/02/2012,JAX,FL,ASO,ES,Combined TRACON& Tower with Radar,156,38,32,3,229,0,0,7,0,7,156,38,39,3,236,0,0,0,236
04/03/2012,JAX,FL,ASO,ES,Combined TRACON& Tower with Radar,149,48,37,2,236,0,1,13,1,15,149,49,50,3,251,2,6,8,259
04/04/2012,JAX,FL,ASO,ES,Combined TRACON& Tower with Radar,159,45,34,13,251,0,1,5,2,8,159,46,39,15,259,2,0,2,261
04/05/2012,JAX,FL,ASO,ES,Combined TRACON& Tower with Radar,154,50,42,9,255,0,0,5,1,6,154,50,47,10,261,2,10,12,273
04/06/2012,JAX,FL,ASO,ES,Combined TRACON& Tower with Radar,152,45,28,12,237,0,1,3,4,8,152,46,31,16,245,0,0,0,245
04/07/2012,JAX,FL,ASO,ES,Combined TRACON& Tower with Radar,128,33,18,1,180,0,0,8,2,10,128,33,26,3,190,0,0,0,190
04/08/2012,JAX,FL,ASO,ES,Combined TRACON& Tower with Radar,144,46,15,0,205,0,0,4,1,5,144,46,19,1,210,0,0,0,210
04/09/2012,JAX,FL,ASO,ES,Combined TRACON& Tower with Radar,151,49,30,18,248,0,0,8,2,10,151,49,38,20,258,0,0,0,258
04/10/2012,JAX,FL,ASO,ES,Combined TRACON& Tower with Radar,157,39,45,31,272,0,1,11,5,17,157,40,56,36,289,0,0,0,289
04/11/2012,JAX,FL,ASO,ES,Combined TRACON& Tower with Radar,156,42,32,34,264,0,0,8,9,17,156,42,40,43,281,0,0,0,281
04/12/2012,JAX,FL,ASO,ES,Combined TRACON& Tower with Radar,156,57,54,22,289,0,0,6,4,10,156,57,60,26,299,0,0,0,299
04/13/2012,JAX,FL,ASO,ES,Combined TRACON& Tower with Radar,155,52,40,16,263,0,0,16,4,20,155,52,56,20,283,2,0,2,285
04/14/2012,JAX,FL,ASO,ES,Combined TRACON& Tower with Radar,130,42,18,22,212,0,1,5,6,12,130,43,23,28,224,0,0,0,224
04/15/2012,JAX,FL,ASO,ES,Combined TRACON& Tower with Radar,141,40,17,5,203,0,0,5,1,6,141,40,22,6,209,0,0,0,209
04/16/2012,JAX,FL,ASO,ES,Combined TRACON& Tower with Radar,152,41,22,2,217,0,1,8,0,9,152,42,30,2,226,0,0,0,226
04/17/2012,JAX,FL,ASO,ES,Combined TRACON& Tower with Radar,153,45,21,18,237,0,0,17,1,18,153,45,38,19,255,12,0,12,267
04/18/2012,JAX,FL,ASO,ES,Combined TRACON& Tower with Radar,156,44,22,9,231,0,0,5,1,6,156,44,27,10,237,0,0,0,237
04/19/2012,JAX,FL,ASO,ES,Combined TRACON& Tower with Radar,154,54,33,24,265,0,0,1,1,2,154,54,34,25,267,0,0,0,267
04/20/2012,JAX,FL,ASO,ES,Combined TRACON& Tower with Radar,167,47,25,16,255,0,0,8,0,8,167,47,33,16,263,2,14,16,279
04/21/2012,JAX,FL,ASO,ES,Combined TRACON& Tower with Radar,127,38,12,0,177,0,0,2,0,2,127,38,14,0,179,0,0,0,179
04/22/2012,JAX,FL,ASO,ES,Combined TRACON& Tower with Radar,140,46,12,0,198,0,0,2,0,2,140,46,14,0,200,0,0,0,200
04/23/2012,JAX,FL,ASO,ES,Combined TRACON& Tower with Radar,153,51,30,14,248,0,0,5,5,10,153,51,35,19,258,2,10,12,270
04/24/2012,JAX,FL,ASO,ES,Combined TRACON& Tower with Radar,154,40,40,19,253,0,0,7,2,9,154,40,47,21,262,0,6,6,268
04/25/2012,JAX,FL,ASO,ES,Combined TRACON& Tower with Radar,155,42,44,21,262,0,0,9,0,9,155,42,53,21,271,0,0,0,271
04/26/2012,JAX,FL,ASO,ES,Combined TRACON& Tower with Radar,156,61,38,10,265,0,0,5,2,7,156,61,43,12,272,0,18,18,290
04/27/2012,JAX,FL,ASO,ES,Combined TRACON& Tower with Radar,159,55,36,26,276,0,2,8,4,14,159,57,44,30,290,0,22,22,312
04/28/2012,JAX,FL,ASO,ES,Combined TRACON& Tower with Radar,131,34,4,6,175,0,0,6,0,6,131,34,10,6,181,0,0,0,181
04/29/2012,JAX,FL,ASO,ES,Combined TRACON& Tower with Radar,147,53,31,7,238,0,0,4,3,7,147,53,35,10,245,0,0,0,245
04/30/2012,JAX,FL,ASO,ES,Combined TRACON& Tower with Radar,151,36,24,3,214,0,0,8,2,10,151,36,32,5,224,0,0,0,224
05/01/2012,JAX,FL,ASO,ES,Combined TRACON& Tower with Radar,159,50,26,14,249,0,0,11,2,13,159,50,37,16,262,8,14,22,284
05/02/2012,JAX,FL,ASO,ES,Combined TRACON& Tower with Radar,159,42,35,13,249,0,0,10,1,11,159,42,45,14,260,6,0,6,266
05/03/2012,JAX,FL,ASO,ES,Combined TRACON& Tower with Radar,159,53,38,8,258,0,3,8,3,14,159,56,46,11,272,0,8,8,280
05/04/2012,JAX,FL,ASO,ES,Combined TRACON& Tower with Radar,163,36,28,4,231,0,0,12,2,14,163,36,40,6,245,8,0,8,253
05/05/2012,JAX,FL,ASO,ES,Combined TRACON& Tower with Radar,130,38,23,2,193,0,0,13,0,13,130,38,36,2,206,26,0,26,232
05/06/2012,JAX,FL,ASO,ES,Combined TRACON& Tower with Radar,146,40,9,0,195,0,0,3,2,5,146,40,12,2,200,0,0,0,200
05/07/2012,JAX,FL,ASO,ES,Combined TRACON& Tower with Radar,169,41,34,4,248,0,0,5,1,6,169,41,39,5,254,0,0,0,254
05/08/2012,JAX,FL,ASO,ES,Combined TRACON& Tower with Radar,157,44,26,14,241,0,0,10,1,11,157,44,36,15,252,0,0,0,252
05/09/2012,JAX,FL,ASO,ES,Combined TRACON& Tower with Radar,159,30,33,9,231,0,0,5,1,6,159,30,38,10,237,0,0,0,237
05/10/2012,JAX,FL,ASO,ES,Combined TRACON& Tower with Radar,167,53,46,6,272,0,1,15,2,18,167,54,61,8,290,16,0,16,306
05/11/2012,JAX,FL,ASO,ES,Combined TRACON& Tower with Radar,160,36,31,10,237,0,0,11,1,12,160,36,42,11,249,2,8,10,259
05/12/2012,JAX,FL,ASO,ES,Combined TRACON& Tower with Radar,127,37,23,0,187,0,0,3,0,3,127,37,26,0,190,0,0,0,190
05/13/2012,JAX,FL,ASO,ES,Combined TRACON& Tower with Radar,145,33,16,7,201,0,0,2,0,2,145,33,18,7,203,0,0,0,203
05/14/2012,JAX,FL,ASO,ES,Combined TRACON& Tower with Radar,160,45,25,2,232,0,1,1,0,2,160,46,26,2,234,0,23,23,257
05/15/2012,JAX,FL,ASO,ES,Combined TRACON& Tower with Radar,154,49,16,8,227,0,0,3,1,4,154,49,19,9,231,0,0,0,231
05/16/2012,JAX,FL,ASO,ES,Combined TRACON& Tower with Radar,161,35,34,23,253,0,0,9,1,10,161,35,43,24,263,6,2,8,271
05/17/2012,JAX,FL,ASO,ES,Combined TRACON& Tower with Radar,167,39,36,12,254,0,0,4,0,4,167,39,40,12,258,0,0,0,258
05/18/2012,JAX,FL,ASO,ES,Combined TRACON& Tower with Radar,164,55,21,6,246,0,0,4,0,4,164,55,25,6,250,0,0,0,250
05/19/2012,JAX,FL,ASO,ES,Combined TRACON& Tower with Radar,125,37,21,15,198,0,0,6,1,7,125,37,27,16,205,0,0,0,205
05/20/2012,JAX,FL,ASO,ES,Combined TRACON& Tower with Radar,152,42,21,0,215,0,1,9,0,10,152,43,30,0,225,0,0,0,225
05/21/2012,JAX,FL,ASO,ES,Combined TRACON& Tower with Radar,156,40,38,10,244,0,0,5,1,6,156,40,43,11,250,0,0,0,250
05/22/2012,JAX,FL,ASO,ES,Combined TRACON& Tower with Radar,160,38,24,13,235,0,0,1,1,2,160,38,25,14,237,0,0,0,237
05/23/2012,JAX,FL,ASO,ES,Combined TRACON& Tower with Radar,165,39,17,6,227,0,0,11,1,12,165,39,28,7,239,0,0,0,239
05/24/2012,JAX,FL,ASO,ES,Combined TRACON& Tower with Radar,161,54,33,7,255,0,0,8,2,10,161,54,41,9,265,0,0,0,265
05/25/2012,JAX,FL,ASO,ES,Combined TRACON& Tower with Radar,166,37,24,0,227,0,0,7,2,9,166,37,31,2,236,8,0,8,244
05/26/2012,JAX,FL,ASO,ES,Combined TRACON& Tower with Radar,119,39,13,0,171,0,0,2,0,2,119,39,15,0,173,8,0,8,181
05/27/2012,JAX,FL,ASO,ES,Combined TRACON& Tower with Radar,105,29,8,1,143,0,0,0,0,0,105,29,8,1,143,0,0,0,143
05/28/2012,JAX,FL,ASO,ES,Combined TRACON& Tower with Radar,134,37,12,0,183,0,0,1,0,1,134,37,13,0,184,0,0,0,184
05/29/2012,JAX,FL,ASO,ES,Combined TRACON& Tower with Radar,157,35,24,12,228,0,0,0,1,1,157,35,24,13,229,0,0,0,229
05/30/2012,JAX,FL,ASO,ES,Combined TRACON& Tower with Radar,157,38,26,8,229,0,0,9,2,11,157,38,35,10,240,0,0,0,240
05/31/2012,JAX,FL,ASO,ES,Combined TRACON& Tower with Radar,165,43,28,26,262,0,0,5,1,6,165,43,33,27,268,18,2,20,288
06/01/2012,JAX,FL,ASO,ES,Combined TRACON& Tower with Radar,155,36,27,2,220,0,0,8,0,8,155,36,35,2,228,2,0,2,230
06/02/2012,JAX,FL,ASO,ES,Combined TRACON& Tower with Radar,131,40,14,0,185,0,0,9,0,9,131,40,23,0,194,0,0,0,194
06/03/2012,JAX,FL,ASO,ES,Combined TRACON& Tower with Radar,146,33,6,1,186,0,0,6,2,8,146,33,12,3,194,16,0,16,210
06/04/2012,JAX,FL,ASO,ES,Combined TRACON& Tower with Radar,156,35,21,0,212,0,0,2,0,2,156,35,23,0,214,0,0,0,214
06/05/2012,JAX,FL,ASO,ES,Combined TRACON& Tower with Radar,153,45,25,4,227,0,2,7,0,9,153,47,32,4,236,10,0,10,246
06/06/2012,JAX,FL,ASO,ES,Combined TRACON& Tower with Radar,157,35,26,0,218,0,0,1,0,1,157,35,27,0,219,0,0,0,219
06/07/2012,JAX,FL,ASO,ES,Combined TRACON& Tower with Radar,161,49,27,6,243,0,0,3,0,3,161,49,30,6,246,0,0,0,246
06/08/2012,JAX,FL,ASO,ES,Combined TRACON& Tower with Radar,167,38,35,22,262,0,0,5,1,6,167,38,40,23,268,0,0,0,268
06/09/2012,JAX,FL,ASO,ES,Combined TRACON& Tower with Radar,138,32,12,17,199,0,2,0,0,2,138,34,12,17,201,0,0,0,201
06/10/2012,JAX,FL,ASO,ES,Combined TRACON& Tower with Radar,151,35,7,1,194,0,0,6,0,6,151,35,13,1,200,0,0,0,200
06/11/2012,JAX,FL,ASO,ES,Combined TRACON& Tower with Radar,159,36,26,0,221,0,0,0,0,0,159,36,26,0,221,0,0,0,221
06/12/2012,JAX,FL,ASO,ES,Combined TRACON& Tower with Radar,165,31,14,0,210,0,0,12,0,12,165,31,26,0,222,0,0,0,222
06/13/2012,JAX,FL,ASO,ES,Combined TRACON& Tower with Radar,162,41,49,11,263,0,0,3,1,4,162,41,52,12,267,0,0,0,267
06/14/2012,JAX,FL,ASO,ES,Combined TRACON& Tower with Radar,182,51,26,22,281,0,0,5,0,5,182,51,31,22,286,0,0,0,286
06/15/2012,JAX,FL,ASO,ES,Combined TRACON& Tower with Radar,171,34,19,16,240,0,0,6,2,8,171,34,25,18,248,0,0,0,248
06/16/2012,JAX,FL,ASO,ES,Combined TRACON& Tower with Radar,148,29,7,2,186,0,0,7,0,7,148,29,14,2,193,0,0,0,193
06/17/2012,JAX,FL,ASO,ES,Combined TRACON& Tower with Radar,152,33,20,1,206,0,0,4,1,5,152,33,24,2,211,0,0,0,211
06/18/2012,JAX,FL,ASO,ES,Combined TRACON& Tower with Radar,153,35,30,22,240,0,0,14,2,16,153,35,44,24,256,14,14,28,284
06/19/2012,JAX,FL,ASO,ES,Combined TRACON& Tower with Radar,165,31,28,19,243,0,0,10,6,16,165,31,38,25,259,2,0,2,261
06/20/2012,JAX,FL,ASO,ES,Combined TRACON& Tower with Radar,164,32,24,14,234,0,0,8,0,8,164,32,32,14,242,0,0,0,242
06/21/2012,JAX,FL,ASO,ES,Combined TRACON& Tower with Radar,159,46,23,17,245,0,0,10,2,12,159,46,33,19,257,0,20,20,277
06/22/2012,JAX,FL,ASO,ES,Combined TRACON& Tower with Radar,155,37,36,10,238,0,1,4,1,6,155,38,40,11,244,0,0,0,244
06/23/2012,JAX,FL,ASO,ES,Combined TRACON& Tower with Radar,138,37,12,0,187,0,0,2,0,2,138,37,14,0,189,2,0,2,191
06/24/2012,JAX,FL,ASO,ES,Combined TRACON& Tower with Radar,163,36,25,0,224,0,0,0,2,2,163,36,25,2,226,7,0,7,233
06/25/2012,JAX,FL,ASO,ES,Combined TRACON& Tower with Radar,154,46,39,0,239,0,0,3,0,3,154,46,42,0,242,5,0,5,247
06/26/2012,JAX,FL,ASO,ES,Combined TRACON& Tower with Radar,173,41,20,4,238,0,0,1,0,1,173,41,21,4,239,0,0,0,239
06/27/2012,JAX,FL,ASO,ES,Combined TRACON& Tower with Radar,163,39,21,9,232,0,0,2,0,2,163,39,23,9,234,0,2,2,236
06/28/2012,JAX,FL,ASO,ES,Combined TRACON& Tower with Radar,160,49,26,13,248,0,0,19,3,22,160,49,45,16,270,2,0,2,272
06/29/2012,JAX,FL,ASO,ES,Combined TRACON& Tower with Radar,161,49,26,6,242,0,2,4,2,8,161,51,30,8,250,0,0,0,250
06/30/2012,JAX,FL,ASO,ES,Combined TRACON& Tower with Radar,140,30,8,0,178,0,0,4,3,7,140,30,12,3,185,6,24,30,215
07/01/2012,JAX,FL,ASO,ES,Combined TRACON& Tower with Radar,149,34,16,2,201,0,0,5,2,7,149,34,21,4,208,0,0,0,208
07/02/2012,JAX,FL,ASO,ES,Combined TRACON& Tower with Radar,165,32,30,21,248,0,0,7,3,10,165,32,37,24,258,0,0,0,258
07/03/2012,JAX,FL,ASO,ES,Combined TRACON& Tower with Radar,159,33,14,4,210,0,0,1,0,1,159,33,15,4,211,0,0,0,211
07/04/2012,JAX,FL,ASO,ES,Combined TRACON& Tower with Radar,126,19,15,0,160,0,0,7,0,7,126,19,22,0,167,0,0,0,167
07/05/2012,JAX,FL,ASO,ES,Combined TRACON& Tower with Radar,152,28,16,26,222,0,0,15,0,15,152,28,31,26,237,2,2,4,241
07/06/2012,JAX,FL,ASO,ES,Combined TRACON& Tower with Radar,156,32,11,7,206,2,1,8,1,12,158,33,19,8,218,0,0,0,218
07/07/2012,JAX,FL,ASO,ES,Combined TRACON& Tower with Radar,139,26,14,0,179,0,0,2,0,2,139,26,16,0,181,0,0,0,181
07/08/2012,JAX,FL,ASO,ES,Combined TRACON& Tower with Radar,148,34,22,5,209,0,0,3,0,3,148,34,25,5,212,0,0,0,212
07/09/2012,JAX,FL,ASO,ES,Combined TRACON& Tower with Radar,158,31,23,10,222,0,0,6,0,6,158,31,29,10,228,0,0,0,228
07/10/2012,JAX,FL,ASO,ES,Combined TRACON& Tower with Radar,163,35,27,16,241,0,1,5,2,8,163,36,32,18,249,0,0,0,249
07/11/2012,JAX,FL,ASO,ES,Combined TRACON& Tower with Radar,166,32,21,12,231,0,0,8,0,8,166,32,29,12,239,0,0,0,239
07/12/2012,JAX,FL,ASO,ES,Combined TRACON& Tower with Radar,160,41,43,12,256,0,0,3,1,4,160,41,46,13,260,0,36,36,296
07/13/2012,JAX,FL,ASO,ES,Combined TRACON& Tower with Radar,160,39,28,6,233,0,0,5,11,16,160,39,33,17,249,0,30,30,279
07/14/2012,JAX,FL,ASO,ES,Combined TRACON& Tower with Radar,144,32,8,0,184,0,0,7,0,7,144,32,15,0,191,4,0,4,195
07/15/2012,JAX,FL,ASO,ES,Combined TRACON& Tower with Radar,149,33,6,14,202,0,0,3,3,6,149,33,9,17,208,0,0,0,208
07/16/2012,JAX,FL,ASO,ES,Combined TRACON& Tower with Radar,152,35,29,5,221,0,0,6,0,6,152,35,35,5,227,0,0,0,227
07/17/2012,JAX,FL,ASO,ES,Combined TRACON& Tower with Radar,161,39,28,1,229,0,1,6,0,7,161,40,34,1,236,0,0,0,236
07/18/2012,JAX,FL,ASO,ES,Combined TRACON& Tower with Radar,143,33,34,27,237,0,0,6,3,9,143,33,40,30,246,0,18,18,264
07/19/2012,JAX,FL,ASO,ES,Combined TRACON& Tower with Radar,163,30,25,1,219,0,0,7,0,7,163,30,32,1,226,0,0,0,226
07/20/2012,JAX,FL,ASO,ES,Combined TRACON& Tower with Radar,166,40,22,12,240,0,0,3,0,3,166,40,25,12,243,0,4,4,247
07/21/2012,JAX,FL,ASO,ES,Combined TRACON& Tower with Radar,142,31,11,3,187,0,0,11,0,11,142,31,22,3,198,0,0,0,198
07/22/2012,JAX,FL,ASO,ES,Combined TRACON& Tower with Radar,156,31,14,2,203,0,0,7,0,7,156,31,21,2,210,0,0,0,210
07/23/2012,JAX,FL,ASO,ES,Combined TRACON& Tower with Radar,164,33,27,8,232,0,0,0,1,1,164,33,27,9,233,0,4,4,237
07/24/2012,JAX,FL,ASO,ES,Combined TRACON& Tower with Radar,161,32,33,0,226,0,1,14,2,17,161,33,47,2,243,0,4,4,247
07/25/2012,JAX,FL,ASO,ES,Combined TRACON& Tower with Radar,172,31,30,6,239,0,1,4,5,10,172,32,34,11,249,0,36,36,285
07/26/2012,JAX,FL,ASO,ES,Combined TRACON& Tower with Radar,165,38,36,24,263,0,0,2,5,7,165,38,38,29,270,0,10,10,280
07/27/2012,JAX,FL,ASO,ES,Combined TRACON& Tower with Radar,160,51,30,10,251,0,2,10,1,13,160,53,40,11,264,0,0,0,264
07/28/2012,JAX,FL,ASO,ES,Combined TRACON& Tower with Radar,138,26,10,5,179,0,0,4,0,4,138,26,14,5,183,0,0,0,183
07/29/2012,JAX,FL,ASO,ES,Combined TRACON& Tower with Radar,157,35,16,3,211,0,0,2,2,4,157,35,18,5,215,0,0,0,215
07/30/2012,JAX,FL,ASO,ES,Combined TRACON& Tower with Radar,154,33,16,6,209,0,0,4,2,6,154,33,20,8,215,0,0,0,215
07/31/2012,JAX,FL,ASO,ES,Combined TRACON& Tower with Radar,156,36,23,34,249,0,0,9,1,10,156,36,32,35,259,0,52,52,311
08/01/2012,JAX,FL,ASO,ES,Combined TRACON& Tower with Radar,162,44,23,30,259,0,1,4,1,6,162,45,27,31,265,0,0,0,265
08/02/2012,JAX,FL,ASO,ES,Combined TRACON& Tower with Radar,159,44,19,18,240,0,0,4,3,7,159,44,23,21,247,2,2,4,251
08/03/2012,JAX,FL,ASO,ES,Combined TRACON& Tower with Radar,159,38,19,16,232,0,1,8,1,10,159,39,27,17,242,0,0,0,242
08/04/2012,JAX,FL,ASO,ES,Combined TRACON& Tower with Radar,144,32,9,1,186,0,0,7,0,7,144,32,16,1,193,0,0,0,193
08/05/2012,JAX,FL,ASO,ES,Combined TRACON& Tower with Radar,154,31,22,0,207,0,0,4,0,4,154,31,26,0,211,0,0,0,211
08/06/2012,JAX,FL,ASO,ES,Combined TRACON& Tower with Radar,159,29,26,12,226,0,0,2,0,2,159,29,28,12,228,0,0,0,228
08/07/2012,JAX,FL,ASO,ES,Combined TRACON& Tower with Radar,162,33,20,7,222,0,0,5,2,7,162,33,25,9,229,0,10,10,239
08/08/2012,JAX,FL,ASO,ES,Combined TRACON& Tower with Radar,161,41,27,23,252,0,0,5,2,7,161,41,32,25,259,8,14,22,281
08/09/2012,JAX,FL,ASO,ES,Combined TRACON& Tower with Radar,156,45,21,15,237,0,0,5,1,6,156,45,26,16,243,0,10,10,253
08/10/2012,JAX,FL,ASO,ES,Combined TRACON& Tower with Radar,162,33,32,14,241,0,0,12,0,12,162,33,44,14,253,0,0,0,253
08/11/2012,JAX,FL,ASO,ES,Combined TRACON& Tower with Radar,146,31,14,12,203,0,1,0,0,1,146,32,14,12,204,0,0,0,204
08/12/2012,JAX,FL,ASO,ES,Combined TRACON& Tower with Radar,143,33,19,10,205,1,0,3,2,6,144,33,22,12,211,0,2,2,213
08/13/2012,JAX,FL,ASO,ES,Combined TRACON& Tower with Radar,147,36,18,15,216,0,0,9,1,10,147,36,27,16,226,0,0,0,226
08/14/2012,JAX,FL,ASO,ES,Combined TRACON& Tower with Radar,152,39,33,16,240,0,0,9,6,15,152,39,42,22,255,0,0,0,255
08/15/2012,JAX,FL,ASO,ES,Combined TRACON& Tower with Radar,156,44,28,18,246,0,0,8,0,8,156,44,36,18,254,0,10,10,264
08/16/2012,JAX,FL,ASO,ES,Combined TRACON& Tower with Radar,155,55,31,10,251,0,0,12,1,13,155,55,43,11,264,6,4,10,274
08/17/2012,JAX,FL,ASO,ES,Combined TRACON& Tower with Radar,152,36,24,12,224,0,0,14,2,16,152,36,38,14,240,40,30,70,310
08/18/2012,JAX,FL,ASO,ES,Combined TRACON& Tower with Radar,127,34,10,14,185,0,0,4,2,6,127,34,14,16,191,0,0,0,191
08/19/2012,JAX,FL,ASO,ES,Combined TRACON& Tower with Radar,144,38,10,14,206,0,0,1,0,1,144,38,11,14,207,0,0,0,207
08/20/2012,JAX,FL,ASO,ES,Combined TRACON& Tower with Radar,147,44,25,14,230,0,0,1,0,1,147,44,26,14,231,0,0,0,231
08/21/2012,JAX,FL,ASO,ES,Combined TRACON& Tower with Radar,157,37,26,10,230,0,0,1,1,2,157,37,27,11,232,0,0,0,232
08/22/2012,JAX,FL,ASO,ES,Combined TRACON& Tower with Radar,154,47,23,22,246,0,0,5,1,6,154,47,28,23,252,0,0,0,252
08/23/2012,JAX,FL,ASO,ES,Combined TRACON& Tower with Radar,155,39,28,11,233,0,0,2,1,3,155,39,30,12,236,2,0,2,238
08/24/2012,JAX,FL,ASO,ES,Combined TRACON& Tower with Radar,158,34,20,5,217,0,0,15,0,15,158,34,35,5,232,0,6,6,238
08/25/2012,JAX,FL,ASO,ES,Combined TRACON& Tower with Radar,122,32,18,1,173,0,1,4,2,7,122,33,22,3,180,0,0,0,180
08/26/2012,JAX,FL,ASO,ES,Combined TRACON& Tower with Radar,135,36,28,15,214,0,0,3,0,3,135,36,31,15,217,0,0,0,217
08/27/2012,JAX,FL,ASO,ES,Combined TRACON& Tower with Radar,146,40,22,15,223,0,0,0,0,0,146,40,22,15,223,0,0,0,223
08/28/2012,JAX,FL,ASO,ES,Combined TRACON& Tower with Radar,159,40,35,15,249,0,0,4,3,7,159,40,39,18,256,2,19,21,277
08/29/2012,JAX,FL,ASO,ES,Combined TRACON& Tower with Radar,154,44,40,11,249,0,0,4,0,4,154,44,44,11,253,0,4,4,257
08/30/2012,JAX,FL,ASO,ES,Combined TRACON& Tower with Radar,152,50,21,9,232,0,0,8,0,8,152,50,29,9,240,0,0,0,240
08/31/2012,JAX,FL,ASO,ES,Combined TRACON& Tower with Radar,152,42,27,10,231,0,0,3,2,5,152,42,30,12,236,0,0,0,236
09/01/2012,JAX,FL,ASO,ES,Combined TRACON& Tower with Radar,115,29,13,0,157,0,1,4,0,5,115,30,17,0,162,6,0,6,168
09/02/2012,JAX,FL,ASO,ES,Combined TRACON& Tower with Radar,112,27,6,1,146,0,0,1,0,1,112,27,7,1,147,0,0,0,147
09/03/2012,JAX,FL,ASO,ES,Combined TRACON& Tower with Radar,128,36,11,0,175,0,0,2,6,8,128,36,13,6,183,14,0,14,197
09/04/2012,JAX,FL,ASO,ES,Combined TRACON& Tower with Radar,146,40,22,13,221,0,1,4,0,5,146,41,26,13,226,4,0,4,230
09/05/2012,JAX,FL,ASO,ES,Combined TRACON& Tower with Radar,144,46,31,13,234,0,0,7,2,9,144,46,38,15,243,2,14,16,259
09/06/2012,JAX,FL,ASO,ES,Combined TRACON& Tower with Radar,150,54,19,23,246,0,0,7,2,9,150,54,26,25,255,22,0,22,277
09/07/2012,JAX,FL,ASO,ES,Combined TRACON& Tower with Radar,153,47,30,13,243,0,0,10,1,11,153,47,40,14,254,18,8,26,280
09/08/2012,JAX,FL,ASO,ES,Combined TRACON& Tower with Radar,117,26,6,12,161,0,0,8,0,8,117,26,14,12,169,0,0,0,169
09/09/2012,JAX,FL,ASO,ES,Combined TRACON& Tower with Radar,141,39,29,0,209,0,0,2,0,2,141,39,31,0,211,0,0,0,211
09/10/2012,JAX,FL,ASO,ES,Combined TRACON& Tower with Radar,145,43,24,11,223,0,0,11,5,16,145,43,35,16,239,2,4,6,245
09/11/2012,JAX,FL,ASO,ES,Combined TRACON& Tower with Radar,144,43,41,11,239,0,0,7,3,10,144,43,48,14,249,0,20,20,269
09/12/2012,JAX,FL,ASO,ES,Combined TRACON& Tower with Radar,145,47,50,14,256,0,0,8,2,10,145,47,58,16,266,0,0,0,266
09/13/2012,JAX,FL,ASO,ES,Combined TRACON& Tower with Radar,150,47,30,10,237,0,1,4,0,5,150,48,34,10,242,2,0,2,244
09/14/2012,JAX,FL,ASO,ES,Combined TRACON& Tower with Radar,150,43,29,11,233,0,0,3,2,5,150,43,32,13,238,0,0,0,238
09/15/2012,JAX,FL,ASO,ES,Combined TRACON& Tower with Radar,114,35,19,3,171,0,0,6,0,6,114,35,25,3,177,0,0,0,177
09/16/2012,JAX,FL,ASO,ES,Combined TRACON& Tower with Radar,150,36,22,11,219,0,0,2,2,4,150,36,24,13,223,0,0,0,223
09/17/2012,JAX,FL,ASO,ES,Combined TRACON& Tower with Radar,139,40,18,3,200,0,0,7,2,9,139,40,25,5,209,0,0,0,209
09/18/2012,JAX,FL,ASO,ES,Combined TRACON& Tower with Radar,149,40,19,9,217,0,0,3,0,3,149,40,22,9,220,0,0,0,220
09/19/2012,JAX,FL,ASO,ES,Combined TRACON& Tower with Radar,148,45,26,5,224,0,0,9,0,9,148,45,35,5,233,0,0,0,233
09/20/2012,JAX,FL,ASO,ES,Combined TRACON& Tower with Radar,147,50,29,15,241,0,0,3,0,3,147,50,32,15,244,8,0,8,252
09/21/2012,JAX,FL,ASO,ES,Combined TRACON& Tower with Radar,143,48,37,12,240,0,0,11,5,16,143,48,48,17,256,2,48,50,306
09/22/2012,JAX,FL,ASO,ES,Combined TRACON& Tower with Radar,110,35,17,0,162,0,0,7,0,7,110,35,24,0,169,4,0,4,173
09/23/2012,JAX,FL,ASO,ES,Combined TRACON& Tower with Radar,138,44,22,1,205,0,0,6,1,7,138,44,28,2,212,0,0,0,212
09/24/2012,JAX,FL,ASO,ES,Combined TRACON& Tower with Radar,141,47,25,3,216,0,0,12,2,14,141,47,37,5,230,0,0,0,230
09/25/2012,JAX,FL,ASO,ES,Combined TRACON& Tower with Radar,140,42,28,14,224,0,0,12,1,13,140,42,40,15,237,0,0,0,237
09/26/2012,JAX,FL,ASO,ES,Combined TRACON& Tower with Radar,145,46,29,20,240,0,0,19,0,19,145,46,48,20,259,24,0,24,283
09/27/2012,JAX,FL,ASO,ES,Combined TRACON& Tower with Radar,150,51,39,4,244,0,0,5,0,5,150,51,44,4,249,12,8,20,269
09/28/2012,JAX,FL,ASO,ES,Combined TRACON& Tower with Radar,148,48,25,3,224,0,0,7,0,7,148,48,32,3,231,0,0,0,231
09/29/2012,JAX,FL,ASO,ES,Combined TRACON& Tower with Radar,117,31,10,0,158,0,0,4,0,4,117,31,14,0,162,8,0,8,170
09/30/2012,JAX,FL,ASO,ES,Combined TRACON& Tower with Radar,144,47,16,3,210,0,0,15,0,15,144,47,31,3,225,14,0,14,239
10/01/2012,JAX,FL,ASO,ES,Combined TRACON& Tower with Radar,144,45,26,12,227,0,1,5,0,6,144,46,31,12,233,0,0,0,233
10/02/2012,JAX,FL,ASO,ES,Combined TRACON& Tower with Radar,144,44,37,27,252,0,0,3,0,3,144,44,40,27,255,0,10,10,265
10/03/2012,JAX,FL,ASO,ES,Combined TRACON& Tower with Radar,147,40,30,11,228,0,0,6,1,7,147,40,36,12,235,4,32,36,271
10/04/2012,JAX,FL,ASO,ES,Combined TRACON& Tower with Radar,151,53,31,6,241,0,0,3,1,4,151,53,34,7,245,0,16,16,261
10/05/2012,JAX,FL,ASO,ES,Combined TRACON& Tower with Radar,151,45,24,3,223,0,0,0,0,0,151,45,24,3,223,2,2,4,227
10/06/2012,JAX,FL,ASO,ES,Combined TRACON& Tower with Radar,121,30,12,1,164,0,1,9,3,13,121,31,21,4,177,12,0,12,189
10/07/2012,JAX,FL,ASO,ES,Combined TRACON& Tower with Radar,135,40,21,8,204,0,1,5,2,8,135,41,26,10,212,4,0,4,216
10/08/2012,JAX,FL,ASO,ES,Combined TRACON& Tower with Radar,148,46,31,0,225,0,0,7,0,7,148,46,38,0,232,22,0,22,254
10/09/2012,JAX,FL,ASO,ES,Combined TRACON& Tower with Radar,153,43,40,13,249,0,0,0,0,0,153,43,40,13,249,4,10,14,263
10/10/2012,JAX,FL,ASO,ES,Combined TRACON& Tower with Radar,148,38,34,2,222,0,0,8,3,11,148,38,42,5,233,4,46,50,283
10/11/2012,JAX,FL,ASO,ES,Combined TRACON& Tower with Radar,149,50,32,6,237,0,0,15,2,17,149,50,47,8,254,0,0,0,254
10/12/2012,JAX,FL,ASO,ES,Combined TRACON& Tower with Radar,141,54,26,22,243,0,1,7,9,17,141,55,33,31,260,2,18,20,280
10/13/2012,JAX,FL,ASO,ES,Combined TRACON& Tower with Radar,114,29,14,22,179,0,1,2,1,4,114,30,16,23,183,0,0,0,183
10/14/2012,JAX,FL,ASO,ES,Combined TRACON& Tower with Radar,135,45,11,6,197,0,0,3,4,7,135,45,14,10,204,0,0,0,204
10/15/2012,JAX,FL,ASO,ES,Combined TRACON& Tower with Radar,146,47,25,4,222,0,0,10,2,12,146,47,35,6,234,4,10,14,248
10/16/2012,JAX,FL,ASO,ES,Combined TRACON& Tower with Radar,149,44,27,23,243,0,0,7,2,9,149,44,34,25,252,0,14,14,266
10/17/2012,JAX,FL,ASO,ES,Combined TRACON& Tower with Radar,148,37,37,15,237,0,0,9,5,14,148,37,46,20,251,12,10,22,273
10/18/2012,JAX,FL,ASO,ES,Combined TRACON& Tower with Radar,152,50,43,30,275,0,0,16,5,21,152,50,59,35,296,0,26,26,322
10/19/2012,JAX,FL,ASO,ES,Combined TRACON& Tower with Radar,147,47,28,0,222,0,0,8,0,8,147,47,36,0,230,4,0,4,234
10/20/2012,JAX,FL,ASO,ES,Combined TRACON& Tower with Radar,116,30,12,2,160,0,0,6,0,6,116,30,18,2,166,0,0,0,166
10/21/2012,JAX,FL,ASO,ES,Combined TRACON& Tower with Radar,134,49,31,5,219,0,0,5,2,7,134,49,36,7,226,0,0,0,226
10/22/2012,JAX,FL,ASO,ES,Combined TRACON& Tower with Radar,151,45,36,5,237,0,0,9,0,9,151,45,45,5,246,14,0,14,260
10/23/2012,JAX,FL,ASO,ES,Combined TRACON& Tower with Radar,155,51,42,26,274,0,0,13,1,14,155,51,55,27,288,10,2,12,300
10/24/2012,JAX,FL,ASO,ES,Combined TRACON& Tower with Radar,152,44,32,10,238,0,0,9,4,13,152,44,41,14,251,10,17,27,278
10/25/2012,JAX,FL,ASO,ES,Combined TRACON& Tower with Radar,150,51,41,22,264,0,1,16,4,21,150,52,57,26,285,0,0,0,285
10/26/2012,JAX,FL,ASO,ES,Combined TRACON& Tower with Radar,150,47,30,13,240,0,1,3,2,6,150,48,33,15,246,0,0,0,246
10/27/2012,JAX,FL,ASO,ES,Combined TRACON& Tower with Radar,121,38,26,0,185,0,0,2,0,2,121,38,28,0,187,0,0,0,187
10/28/2012,JAX,FL,ASO,ES,Combined TRACON& Tower with Radar,133,40,26,1,200,0,1,8,1,10,133,41,34,2,210,10,0,10,220
10/29/2012,JAX,FL,ASO,ES,Combined TRACON& Tower with Radar,99,33,19,0,151,0,0,11,0,11,99,33,30,0,162,6,0,6,168
10/30/2012,JAX,FL,ASO,ES,Combined TRACON& Tower with Radar,108,41,13,3,165,0,0,19,2,21,108,41,32,5,186,0,0,0,186
10/31/2012,JAX,FL,ASO,ES,Combined TRACON& Tower with Radar,120,46,21,11,198,0,0,16,7,23,120,46,37,18,221,10,23,33,254
11/01/2012,JAX,FL,ASO,ES,Combined TRACON& Tower with Radar,146,62,36,18,262,0,0,9,6,15,146,62,45,24,277,6,10,16,293
11/02/2012,JAX,FL,ASO,ES,Combined TRACON& Tower with Radar,141,61,29,29,260,0,0,2,2,4,141,61,31,31,264,0,28,28,292
11/03/2012,JAX,FL,ASO,ES,Combined TRACON& Tower with Radar,113,32,23,11,179,0,0,18,1,19,113,32,41,12,198,0,0,0,198
11/04/2012,JAX,FL,ASO,ES,Combined TRACON& Tower with Radar,138,36,19,3,196,0,0,10,3,13,138,36,29,6,209,0,0,0,209
11/05/2012,JAX,FL,ASO,ES,Combined TRACON& Tower with Radar,151,43,31,10,235,0,1,6,0,7,151,44,37,10,242,8,16,24,266
11/06/2012,JAX,FL,ASO,ES,Combined TRACON& Tower with Radar,140,39,36,16,231,0,0,6,5,11,140,39,42,21,242,14,28,42,284
11/07/2012,JAX,FL,ASO,ES,Combined TRACON& Tower with Radar,143,40,30,20,233,0,1,7,0,8,143,41,37,20,241,0,2,2,243
11/08/2012,JAX,FL,ASO,ES,Combined TRACON& Tower with Radar,146,43,38,24,251,0,0,7,6,13,146,43,45,30,264,4,40,44,308
11/09/2012,JAX,FL,ASO,ES,Combined TRACON& Tower with Radar,151,39,32,1,223,0,1,8,0,9,151,40,40,1,232,4,0,4,236
11/10/2012,JAX,FL,ASO,ES,Combined TRACON& Tower with Radar,124,32,22,0,178,0,0,5,0,5,124,32,27,0,183,2,0,2,185
11/11/2012,JAX,FL,ASO,ES,Combined TRACON& Tower with Radar,138,35,18,1,192,0,0,7,1,8,138,35,25,2,200,12,0,12,212
11/12/2012,JAX,FL,ASO,ES,Combined TRACON& Tower with Radar,147,47,28,0,222,0,0,10,0,10,147,47,38,0,232,6,2,8,240
11/13/2012,JAX,FL,ASO,ES,Combined TRACON& Tower with Radar,152,60,28,12,252,0,0,7,3,10,152,60,35,15,262,2,25,27,289
11/14/2012,JAX,FL,ASO,ES,Combined TRACON& Tower with Radar,151,61,34,16,262,0,0,0,0,0,151,61,34,16,262,0,0,0,262
11/15/2012,JAX,FL,ASO,ES,Combined TRACON& Tower with Radar,162,51,40,23,276,0,0,2,0,2,162,51,42,23,278,0,0,0,278
11/16/2012,JAX,FL,ASO,ES,Combined TRACON& Tower with Radar,150,51,29,38,268,0,0,2,0,2,150,51,31,38,270,0,0,0,270
11/17/2012,JAX,FL,ASO,ES,Combined TRACON& Tower with Radar,132,38,15,1,186,0,0,0,0,0,132,38,15,1,186,0,0,0,186
11/18/2012,JAX,FL,ASO,ES,Combined TRACON& Tower with Radar,139,39,25,4,207,0,0,1,1,2,139,39,26,5,209,2,10,12,221
11/19/2012,JAX,FL,ASO,ES,Combined TRACON& Tower with Radar,144,46,30,17,237,0,0,3,2,5,144,46,33,19,242,2,6,8,250
11/20/2012,JAX,FL,ASO,ES,Combined TRACON& Tower with Radar,152,51,43,7,253,0,0,16,0,16,152,51,59,7,269,19,0,19,288
11/21/2012,JAX,FL,ASO,ES,Combined TRACON& Tower with Radar,162,57,20,6,245,0,0,17,0,17,162,57,37,6,262,8,0,8,270
11/22/2012,JAX,FL,ASO,ES,Combined TRACON& Tower with Radar,90,26,3,0,119,0,0,9,0,9,90,26,12,0,128,0,0,0,128
11/23/2012,JAX,FL,ASO,ES,Combined TRACON& Tower with Radar,110,31,12,0,153,0,0,12,0,12,110,31,24,0,165,4,0,4,169
11/24/2012,JAX,FL,ASO,ES,Combined TRACON& Tower with Radar,137,41,21,4,203,0,0,8,0,8,137,41,29,4,211,0,0,0,211
11/25/2012,JAX,FL,ASO,ES,Combined TRACON& Tower with Radar,147,56,31,0,234,0,0,12,0,12,147,56,43,0,246,14,0,14,260
11/26/2012,JAX,FL,ASO,ES,Combined TRACON& Tower with Radar,145,57,38,5,245,0,0,11,7,18,145,57,49,12,263,2,16,18,281
11/27/2012,JAX,FL,ASO,ES,Combined TRACON& Tower with Radar,137,50,40,17,244,0,2,13,6,21,137,52,53,23,265,4,36,40,305
11/28/2012,JAX,FL,ASO,ES,Combined TRACON& Tower with Radar,143,55,37,25,260,0,0,2,4,6,143,55,39,29,266,8,44,52,318
11/29/2012,JAX,FL,ASO,ES,Combined TRACON& Tower with Radar,146,55,35,14,250,0,0,7,3,10,146,55,42,17,260,16,38,54,314
11/30/2012,JAX,FL,ASO,ES,Combined TRACON& Tower with Radar,148,48,51,21,268,0,0,9,8,17,148,48,60,29,285,4,6,10,295
12/01/2012,JAX,FL,ASO,ES,Combined TRACON& Tower with Radar,112,56,26,11,205,0,1,9,1,11,112,57,35,12,216,42,0,42,258
12/02/2012,JAX,FL,ASO,ES,Combined TRACON& Tower with Radar,131,51,21,9,212,0,0,4,4,8,131,51,25,13,220,0,0,0,220
12/03/2012,JAX,FL,ASO,ES,Combined TRACON& Tower with Radar,133,53,29,16,231,0,0,5,0,5,133,53,34,16,236,0,0,0,236
12/04/2012,JAX,FL,ASO,ES,Combined TRACON& Tower with Radar,139,53,45,13,250,0,0,10,1,11,139,53,55,14,261,20,4,24,285
12/05/2012,JAX,FL,ASO,ES,Combined TRACON& Tower with Radar,153,49,49,10,261,0,0,11,0,11,153,49,60,10,272,8,0,8,280
12/06/2012,JAX,FL,ASO,ES,Combined TRACON& Tower with Radar,146,60,42,20,268,0,1,2,1,4,146,61,44,21,272,0,0,0,272
12/07/2012,JAX,FL,ASO,ES,Combined TRACON& Tower with Radar,140,60,43,4,247,0,0,0,0,0,140,60,43,4,247,0,0,0,247
12/08/2012,JAX,FL,ASO,ES,Combined TRACON& Tower with Radar,112,44,30,10,196,0,0,0,0,0,112,44,30,10,196,0,0,0,196
12/09/2012,JAX,FL,ASO,ES,Combined TRACON& Tower with Radar,123,48,20,6,197,0,0,2,0,2,123,48,22,6,199,4,0,4,203
12/10/2012,JAX,FL,ASO,ES,Combined TRACON& Tower with Radar,127,47,28,3,205,0,0,3,1,4,127,47,31,4,209,0,0,0,209
12/11/2012,JAX,FL,ASO,ES,Combined TRACON& Tower with Radar,140,57,53,16,266,0,0,4,2,6,140,57,57,18,272,4,10,14,286
12/12/2012,JAX,FL,ASO,ES,Combined TRACON& Tower with Radar,138,47,36,24,245,0,0,0,0,0,138,47,36,24,245,0,0,0,245
12/13/2012,JAX,FL,ASO,ES,Combined TRACON& Tower with Radar,145,73,37,31,286,0,0,0,0,0,145,73,37,31,286,0,0,0,286
12/14/2012,JAX,FL,ASO,ES,Combined TRACON& Tower with Radar,142,56,27,12,237,0,0,4,4,8,142,56,31,16,245,0,30,30,275
12/15/2012,JAX,FL,ASO,ES,Combined TRACON& Tower with Radar,114,40,13,0,167,0,0,5,0,5,114,40,18,0,172,0,0,0,172
12/16/2012,JAX,FL,ASO,ES,Combined TRACON& Tower with Radar,129,53,12,0,194,0,0,3,0,3,129,53,15,0,197,0,0,0,197
12/17/2012,JAX,FL,ASO,ES,Combined TRACON& Tower with Radar,132,56,23,11,222,0,1,8,1,10,132,57,31,12,232,0,0,0,232
12/18/2012,JAX,FL,ASO,ES,Combined TRACON& Tower with Radar,150,53,30,21,254,0,0,10,0,10,150,53,40,21,264,0,12,12,276
12/19/2012,JAX,FL,ASO,ES,Combined TRACON& Tower with Radar,158,57,32,11,258,0,0,14,3,17,158,57,46,14,275,0,0,0,275
12/20/2012,JAX,FL,ASO,ES,Combined TRACON& Tower with Radar,163,58,25,15,261,0,0,6,4,10,163,58,31,19,271,0,0,0,271
12/21/2012,JAX,FL,ASO,ES,Combined TRACON& Tower with Radar,159,55,18,12,244,0,0,2,1,3,159,55,20,13,247,0,2,2,249
12/22/2012,JAX,FL,ASO,ES,Combined TRACON& Tower with Radar,135,42,20,2,199,0,1,9,0,10,135,43,29,2,209,8,8,16,225
12/23/2012,JAX,FL,ASO,ES,Combined TRACON& Tower with Radar,143,40,24,0,207,0,1,5,0,6,143,41,29,0,213,0,0,0,213
12/24/2012,JAX,FL,ASO,ES,Combined TRACON& Tower with Radar,111,32,5,0,148,0,0,5,0,5,111,32,10,0,153,4,0,4,157
12/25/2012,JAX,FL,ASO,ES,Combined TRACON& Tower with Radar,105,33,11,0,149,0,0,2,0,2,105,33,13,0,151,0,0,0,151
12/26/2012,JAX,FL,ASO,ES,Combined TRACON& Tower with Radar,148,52,22,2,224,0,1,7,0,8,148,53,29,2,232,0,0,0,232
12/27/2012,JAX,FL,ASO,ES,Combined TRACON& Tower with Radar,153,62,13,4,232,0,0,11,0,11,153,62,24,4,243,4,0,4,247
12/28/2012,JAX,FL,ASO,ES,Combined TRACON& Tower with Radar,154,50,20,2,226,0,0,9,6,15,154,50,29,8,241,0,14,14,255
12/29/2012,JAX,FL,ASO,ES,Combined TRACON& Tower with Radar,122,46,11,0,179,0,0,4,0,4,122,46,15,0,183,0,0,0,183
12/30/2012,JAX,FL,ASO,ES,Combined TRACON& Tower with Radar,133,41,17,2,193,0,1,8,0,9,133,42,25,2,202,4,0,4,206
12/31/2012,JAX,FL,ASO,ES,Combined TRACON& Tower with Radar,113,42,16,2,173,0,0,6,0,6,113,42,22,2,179,4,0,4,183
01/01/2013,JAX,FL,ASO,ES,Combined TRACON& Tower with Radar,113,51,32,0,196,1,0,6,0,7,114,51,38,0,203,0,0,0,203
01/02/2013,JAX,FL,ASO,ES,Combined TRACON& Tower with Radar,152,54,41,19,266,0,0,11,1,12,152,54,52,20,278,24,0,24,302
01/03/2013,JAX,FL,ASO,ES,Combined TRACON& Tower with Radar,142,55,36,11,244,0,0,0,2,2,142,55,36,13,246,0,10,10,256
01/04/2013,JAX,FL,ASO,ES,Combined TRACON& Tower with Radar,139,46,28,16,229,0,0,3,2,5,139,46,31,18,234,0,0,0,234
01/05/2013,JAX,FL,ASO,ES,Combined TRACON& Tower with Radar,114,39,27,5,185,0,0,19,0,19,114,39,46,5,204,26,0,26,230
01/06/2013,JAX,FL,ASO,ES,Combined TRACON& Tower with Radar,130,36,13,1,180,0,0,0,0,0,130,36,13,1,180,0,0,0,180
01/07/2013,JAX,FL,ASO,ES,Combined TRACON& Tower with Radar,128,47,21,2,198,0,0,7,0,7,128,47,28,2,205,12,16,28,233
01/08/2013,JAX,FL,ASO,ES,Combined TRACON& Tower with Radar,134,47,36,16,233,0,0,6,0,6,134,47,42,16,239,0,0,0,239
01/09/2013,JAX,FL,ASO,ES,Combined TRACON& Tower with Radar,137,51,23,9,220,0,0,0,0,0,137,51,23,9,220,0,0,0,220
01/10/2013,JAX,FL,ASO,ES,Combined TRACON& Tower with Radar,131,52,42,13,238,0,0,6,2,8,131,52,48,15,246,2,10,12,258
01/11/2013,JAX,FL,ASO,ES,Combined TRACON& Tower with Radar,135,52,35,11,233,0,0,13,6,19,135,52,48,17,252,14,2,16,268
01/12/2013,JAX,FL,ASO,ES,Combined TRACON& Tower with Radar,107,31,28,12,178,0,0,12,6,18,107,31,40,18,196,0,24,24,220
01/13/2013,JAX,FL,ASO,ES,Combined TRACON& Tower with Radar,124,34,15,5,178,0,1,2,1,4,124,35,17,6,182,0,4,4,186
01/14/2013,JAX,FL,ASO,ES,Combined TRACON& Tower with Radar,129,45,19,31,224,0,0,8,2,10,129,45,27,33,234,8,20,28,262
01/15/2013,JAX,FL,ASO,ES,Combined TRACON& Tower with Radar,130,46,27,15,218,0,0,6,2,8,130,46,33,17,226,2,34,36,262
01/16/2013,JAX,FL,ASO,ES,Combined TRACON& Tower with Radar,133,49,30,10,222,0,1,5,7,13,133,50,35,17,235,0,6,6,241
01/17/2013,JAX,FL,ASO,ES,Combined TRACON& Tower with Radar,136,68,35,9,248,0,0,4,4,8,136,68,39,13,256,4,18,22,278
01/18/2013,JAX,FL,ASO,ES,Combined TRACON& Tower with Radar,137,59,30,6,232,0,0,3,3,6,137,59,33,9,238,0,6,6,244
01/19/2013,JAX,FL,ASO,ES,Combined TRACON& Tower with Radar,102,33,11,3,149,0,0,1,0,1,102,33,12,3,150,0,36,36,186
01/20/2013,JAX,FL,ASO,ES,Combined TRACON& Tower with Radar,125,37,21,0,183,0,0,3,0,3,125,37,24,0,186,6,0,6,192
01/21/2013,JAX,FL,ASO,ES,Combined TRACON& Tower with Radar,123,53,25,1,202,0,0,16,0,16,123,53,41,1,218,18,0,18,236
01/22/2013,JAX,FL,ASO,ES,Combined TRACON& Tower with Radar,133,52,42,14,241,0,0,22,2,24,133,52,64,16,265,0,0,0,265
01/23/2013,JAX,FL,ASO,ES,Combined TRACON& Tower with Radar,138,49,40,9,236,0,1,22,1,24,138,50,62,10,260,12,2,14,274
01/24/2013,JAX,FL,ASO,ES,Combined TRACON& Tower with Radar,136,46,32,5,219,0,0,21,0,21,136,46,53,5,240,12,22,34,274
01/25/2013,JAX,FL,ASO,ES,Combined TRACON& Tower with Radar,135,52,29,13,229,0,0,17,2,19,135,52,46,15,248,18,10,28,276
01/26/2013,JAX,FL,ASO,ES,Combined TRACON& Tower with Radar,110,33,16,0,159,0,2,12,0,14,110,35,28,0,173,34,0,34,207
01/27/2013,JAX,FL,ASO,ES,Combined TRACON& Tower with Radar,124,45,12,1,182,0,0,2,7,9,124,45,14,8,191,0,0,0,191
01/28/2013,JAX,FL,ASO,ES,Combined TRACON& Tower with Radar,138,56,35,1,230,0,1,8,2,11,138,57,43,3,241,4,8,12,253
01/29/2013,JAX,FL,ASO,ES,Combined TRACON& Tower with Radar,135,62,28,28,253,0,2,2,6,10,135,64,30,34,263,0,62,62,325
01/30/2013,JAX,FL,ASO,ES,Combined TRACON& Tower with Radar,131,46,34,1,212,0,0,9,0,9,131,46,43,1,221,2,0,2,223
01/31/2013,JAX,FL,ASO,ES,Combined TRACON& Tower with Radar,139,52,31,28,250,0,0,3,0,3,139,52,34,28,253,2,0,2,255
02/01/2013,JAX,FL,ASO,ES,Combined TRACON& Tower with Radar,136,53,41,2,232,0,0,14,0,14,136,53,55,2,246,10,0,10,256
02/02/2013,JAX,FL,ASO,ES,Combined TRACON& Tower with Radar,103,36,7,0,146,0,0,15,0,15,103,36,22,0,161,36,0,36,197
02/03/2013,JAX,FL,ASO,ES,Combined TRACON& Tower with Radar,117,50,22,0,189,0,0,4,0,4,117,50,26,0,193,12,0,12,205
02/04/2013,JAX,FL,ASO,ES,Combined TRACON& Tower with Radar,131,49,25,18,223,0,0,12,0,12,131,49,37,18,235,0,0,0,235
02/05/2013,JAX,FL,ASO,ES,Combined TRACON& Tower with Radar,135,50,43,0,228,0,2,14,0,16,135,52,57,0,244,2,28,30,274
02/06/2013,JAX,FL,ASO,ES,Combined TRACON& Tower with Radar,137,50,44,1,232,0,0,4,4,8,137,50,48,5,240,4,20,24,264
02/07/2013,JAX,FL,ASO,ES,Combined TRACON& Tower with Radar,135,51,28,2,216,0,0,3,2,5,135,51,31,4,221,0,6,6,227
02/08/2013,JAX,FL,ASO,ES,Combined TRACON& Tower with Radar,134,43,33,13,223,0,0,9,1,10,134,43,42,14,233,4,16,20,253
02/09/2013,JAX,FL,ASO,ES,Combined TRACON& Tower with Radar,98,35,15,0,148,0,0,6,0,6,98,35,21,0,154,0,0,0,154
02/10/2013,JAX,FL,ASO,ES,Combined TRACON& Tower with Radar,121,38,24,0,183,0,0,6,0,6,121,38,30,0,189,2,0,2,191
02/11/2013,JAX,FL,ASO,ES,Combined TRACON& Tower with Radar,127,45,34,15,221,0,0,5,1,6,127,45,39,16,227,0,0,0,227
02/12/2013,JAX,FL,ASO,ES,Combined TRACON& Tower with Radar,136,63,38,16,253,0,0,4,2,6,136,63,42,18,259,0,10,10,269
02/13/2013,JAX,FL,ASO,ES,Combined TRACON& Tower with Radar,134,50,42,12,238,0,0,2,0,2,134,50,44,12,240,0,0,0,240
02/14/2013,JAX,FL,ASO,ES,Combined TRACON& Tower with Radar,149,64,46,27,286,0,1,8,1,10,149,65,54,28,296,2,14,16,312
02/15/2013,JAX,FL,ASO,ES,Combined TRACON& Tower with Radar,144,59,22,2,227,0,0,16,2,18,144,59,38,4,245,2,0,2,247
02/16/2013,JAX,FL,ASO,ES,Combined TRACON& Tower with Radar,124,38,23,2,187,0,0,12,0,12,124,38,35,2,199,4,0,4,203
02/17/2013,JAX,FL,ASO,ES,Combined TRACON& Tower with Radar,120,50,9,1,180,0,4,6,0,10,120,54,15,1,190,6,0,6,196
02/18/2013,JAX,FL,ASO,ES,Combined TRACON& Tower with Radar,136,59,22,1,218,0,0,10,0,10,136,59,32,1,228,8,0,8,236
02/19/2013,JAX,FL,ASO,ES,Combined TRACON& Tower with Radar,142,61,24,13,240,0,0,4,4,8,142,61,28,17,248,4,24,28,276
02/20/2013,JAX,FL,ASO,ES,Combined TRACON& Tower with Radar,139,55,46,14,254,0,1,10,4,15,139,56,56,18,269,12,4,16,285
02/21/2013,JAX,FL,ASO,ES,Combined TRACON& Tower with Radar,144,68,42,7,261,0,0,16,2,18,144,68,58,9,279,4,0,4,283
02/22/2013,JAX,FL,ASO,ES,Combined TRACON& Tower with Radar,140,64,39,18,261,0,0,17,1,18,140,64,56,19,279,18,0,18,297
02/23/2013,JAX,FL,ASO,ES,Combined TRACON& Tower with Radar,121,49,18,4,192,0,0,4,0,4,121,49,22,4,196,8,6,14,210
02/24/2013,JAX,FL,ASO,ES,Combined TRACON& Tower with Radar,128,58,17,4,207,0,0,9,1,10,128,58,26,5,217,28,0,28,245
02/25/2013,JAX,FL,ASO,ES,Combined TRACON& Tower with Radar,142,61,13,0,216,0,0,0,0,0,142,61,13,0,216,8,28,36,252
02/26/2013,JAX,FL,ASO,ES,Combined TRACON& Tower with Radar,137,65,31,23,256,0,0,3,6,9,137,65,34,29,265,0,0,0,265
02/27/2013,JAX,FL,ASO,ES,Combined TRACON& Tower with Radar,143,52,36,7,238,0,0,13,2,15,143,52,49,9,253,6,30,36,289
02/28/2013,JAX,FL,ASO,ES,Combined TRACON& Tower with Radar,139,63,37,0,239,0,0,8,0,8,139,63,45,0,247,6,0,6,253
03/01/2013,JAX,FL,ASO,ES,Combined TRACON& Tower with Radar,145,54,27,22,248,0,2,16,6,24,145,56,43,28,272,42,0,42,314
03/02/2013,JAX,FL,ASO,ES,Combined TRACON& Tower with Radar,120,35,24,6,185,0,0,8,0,8,120,35,32,6,193,6,0,6,199
03/03/2013,JAX,FL,ASO,ES,Combined TRACON& Tower with Radar,140,40,23,3,206,0,0,3,10,13,140,40,26,13,219,24,0,24,243
03/04/2013,JAX,FL,ASO,ES,Combined TRACON& Tower with Radar,152,48,31,4,235,0,0,12,0,12,152,48,43,4,247,4,0,4,251
03/05/2013,JAX,FL,ASO,ES,Combined TRACON& Tower with Radar,158,39,20,10,227,0,2,4,8,14,158,41,24,18,241,0,22,22,263
03/06/2013,JAX,FL,ASO,ES,Combined TRACON& Tower with Radar,142,47,36,3,228,0,0,7,6,13,142,47,43,9,241,0,60,60,301
03/07/2013,JAX,FL,ASO,ES,Combined TRACON& Tower with Radar,152,57,27,16,252,0,0,14,2,16,152,57,41,18,268,0,0,0,268
03/08/2013,JAX,FL,ASO,ES,Combined TRACON& Tower with Radar,156,50,25,12,243,0,0,12,4,16,156,50,37,16,259,0,0,0,259
03/09/2013,JAX,FL,ASO,ES,Combined TRACON& Tower with Radar,127,44,27,0,198,0,0,7,0,7,127,44,34,0,205,0,0,0,205
03/10/2013,JAX,FL,ASO,ES,Combined TRACON& Tower with Radar,143,45,23,2,213,0,0,4,1,5,143,45,27,3,218,4,0,4,222
03/11/2013,JAX,FL,ASO,ES,Combined TRACON& Tower with Radar,157,56,31,4,248,0,0,2,1,3,157,56,33,5,251,0,2,2,253
03/12/2013,JAX,FL,ASO,ES,Combined TRACON& Tower with Radar,158,59,34,12,263,0,1,0,0,1,158,60,34,12,264,0,0,0,264
03/13/2013,JAX,FL,ASO,ES,Combined TRACON& Tower with Radar,161,47,28,0,236,0,1,21,3,25,161,48,49,3,261,8,16,24,285
03/14/2013,JAX,FL,ASO,ES,Combined TRACON& Tower with Radar,159,63,28,8,258,0,0,15,4,19,159,63,43,12,277,6,4,10,287
03/15/2013,JAX,FL,ASO,ES,Combined TRACON& Tower with Radar,156,46,23,16,241,0,1,9,6,16,156,47,32,22,257,6,2,8,265
03/16/2013,JAX,FL,ASO,ES,Combined TRACON& Tower with Radar,130,39,18,12,199,0,0,7,2,9,130,39,25,14,208,4,0,4,212
03/17/2013,JAX,FL,ASO,ES,Combined TRACON& Tower with Radar,143,41,25,2,211,0,0,7,2,9,143,41,32,4,220,0,0,0,220
03/18/2013,JAX,FL,ASO,ES,Combined TRACON& Tower with Radar,157,50,33,14,254,0,0,6,0,6,157,50,39,14,260,4,0,4,264
03/19/2013,JAX,FL,ASO,ES,Combined TRACON& Tower with Radar,162,49,26,16,253,0,0,2,2,4,162,49,28,18,257,0,0,0,257
03/20/2013,JAX,FL,ASO,ES,Combined TRACON& Tower with Radar,161,54,31,13,259,0,0,10,1,11,161,54,41,14,270,6,0,6,276
03/21/2013,JAX,FL,ASO,ES,Combined TRACON& Tower with Radar,157,54,29,8,248,0,1,14,4,19,157,55,43,12,267,12,40,52,319
03/22/2013,JAX,FL,ASO,ES,Combined TRACON& Tower with Radar,159,51,36,4,250,0,0,26,3,29,159,51,62,7,279,0,28,28,307
03/23/2013,JAX,FL,ASO,ES,Combined TRACON& Tower with Radar,129,29,16,0,174,0,2,3,0,5,129,31,19,0,179,0,0,0,179
03/24/2013,JAX,FL,ASO,ES,Combined TRACON& Tower with Radar,179,41,36,0,256,0,0,2,0,2,179,41,38,0,258,0,0,0,258
03/25/2013,JAX,FL,ASO,ES,Combined TRACON& Tower with Radar,158,41,20,7,226,0,2,12,2,16,158,43,32,9,242,0,60,60,302
03/26/2013,JAX,FL,ASO,ES,Combined TRACON& Tower with Radar,160,56,34,10,260,0,0,5,24,29,160,56,39,34,289,12,22,34,323
03/27/2013,JAX,FL,ASO,ES,Combined TRACON& Tower with Radar,160,46,23,0,229,0,1,21,0,22,160,47,44,0,251,0,0,0,251
03/28/2013,JAX,FL,ASO,ES,Combined TRACON& Tower with Radar,158,52,22,6,238,0,0,18,4,22,158,52,40,10,260,2,24,26,286
03/29/2013,JAX,FL,ASO,ES,Combined TRACON& Tower with Radar,157,55,34,6,252,0,0,19,0,19,157,55,53,6,271,12,0,12,283
03/30/2013,JAX,FL,ASO,ES,Combined TRACON& Tower with Radar,128,37,25,16,206,0,0,2,0,2,128,37,27,16,208,0,0,0,208
03/31/2013,JAX,FL,ASO,ES,Combined TRACON& Tower with Radar,145,38,20,0,203,0,0,5,0,5,145,38,25,0,208,0,12,12,220
04/01/2013,JAX,FL,ASO,ES,Combined TRACON& Tower with Radar,152,55,26,0,233,0,0,6,2,8,152,55,32,2,241,2,10,12,253
04/02/2013,JAX,FL,ASO,ES,Combined TRACON& Tower with Radar,159,53,28,22,262,0,1,11,70,82,159,54,39,92,344,0,18,18,362
04/03/2013,JAX,FL,ASO,ES,Combined TRACON& Tower with Radar,161,55,42,9,267,0,0,7,2,9,161,55,49,11,276,0,14,14,290
04/04/2013,JAX,FL,ASO,ES,Combined TRACON& Tower with Radar,157,66,23,18,264,0,0,1,0,1,157,66,24,18,265,0,0,0,265
04/05/2013,JAX,FL,ASO,ES,Combined TRACON& Tower with Radar,160,57,19,8,244,0,0,1,1,2,160,57,20,9,246,20,0,20,266
04/06/2013,JAX,FL,ASO,ES,Combined TRACON& Tower with Radar,132,48,13,3,196,0,0,9,1,10,132,48,22,4,206,0,2,2,208
04/07/2013,JAX,FL,ASO,ES,Combined TRACON& Tower with Radar,144,55,16,3,218,0,0,4,5,9,144,55,20,8,227,0,0,0,227
04/08/2013,JAX,FL,ASO,ES,Combined TRACON& Tower with Radar,152,50,48,17,267,0,1,11,27,39,152,51,59,44,306,2,12,14,320
04/09/2013,JAX,FL,ASO,ES,Combined TRACON& Tower with Radar,164,47,32,21,264,0,0,10,7,17,164,47,42,28,281,12,30,42,323
04/10/2013,JAX,FL,ASO,ES,Combined TRACON& Tower with Radar,152,47,39,16,254,0,0,16,2,18,152,47,55,18,272,6,20,26,298
04/11/2013,JAX,FL,ASO,ES,Combined TRACON& Tower with Radar,153,54,50,24,281,0,0,15,22,37,153,54,65,46,318,2,18,20,338
04/12/2013,JAX,FL,ASO,ES,Combined TRACON& Tower with Radar,155,51,31,14,251,0,0,13,4,17,155,51,44,18,268,0,0,0,268
04/13/2013,JAX,FL,ASO,ES,Combined TRACON& Tower with Radar,133,40,32,12,217,0,0,10,4,14,133,40,42,16,231,0,24,24,255
04/14/2013,JAX,FL,ASO,ES,Combined TRACON& Tower with Radar,147,40,14,1,202,0,0,3,2,5,147,40,17,3,207,0,0,0,207
04/15/2013,JAX,FL,ASO,ES,Combined TRACON& Tower with Radar,157,49,19,18,243,0,1,6,3,10,157,50,25,21,253,6,18,24,277
04/16/2013,JAX,FL,ASO,ES,Combined TRACON& Tower with Radar,152,46,33,14,245,0,0,12,2,14,152,46,45,16,259,0,0,0,259
04/17/2013,JAX,FL,ASO,ES,Combined TRACON& Tower with Radar,155,47,33,19,254,0,0,5,2,7,155,47,38,21,261,8,60,68,329
04/18/2013,JAX,FL,ASO,ES,Combined TRACON& Tower with Radar,152,60,37,19,268,0,2,12,8,22,152,62,49,27,290,2,66,68,358
04/19/2013,JAX,FL,ASO,ES,Combined TRACON& Tower with Radar,160,52,32,9,253,0,0,6,0,6,160,52,38,9,259,28,0,28,287
04/20/2013,JAX,FL,ASO,ES,Combined TRACON& Tower with Radar,132,35,21,1,189,0,0,0,2,2,132,35,21,3,191,0,0,0,191
04/21/2013,JAX,FL,ASO,ES,Combined TRACON& Tower with Radar,151,46,26,5,228,0,0,6,0,6,151,46,32,5,234,6,0,6,240
04/22/2013,JAX,FL,ASO,ES,Combined TRACON& Tower with Radar,155,53,39,20,267,0,0,6,3,9,155,53,45,23,276,0,32,32,308
04/23/2013,JAX,FL,ASO,ES,Combined TRACON& Tower with Radar,161,53,40,14,268,0,0,49,7,56,161,53,89,21,324,22,6,28,352
04/24/2013,JAX,FL,ASO,ES,Combined TRACON& Tower with Radar,164,64,49,10,287,0,0,9,10,19,164,64,58,20,306,14,2,16,322
04/25/2013,JAX,FL,ASO,ES,Combined TRACON& Tower with Radar,158,72,22,9,261,0,0,4,32,36,158,72,26,41,297,0,26,26,323
04/26/2013,JAX,FL,ASO,ES,Combined TRACON& Tower with Radar,160,53,28,13,254,0,0,7,9,16,160,53,35,22,270,20,0,20,290
04/27/2013,JAX,FL,ASO,ES,Combined TRACON& Tower with Radar,127,38,12,0,177,0,1,6,0,7,127,39,18,0,184,0,0,0,184
04/28/2013,JAX,FL,ASO,ES,Combined TRACON& Tower with Radar,151,41,13,8,213,0,0,7,6,13,151,41,20,14,226,0,0,0,226
04/29/2013,JAX,FL,ASO,ES,Combined TRACON& Tower with Radar,153,52,18,8,231,0,0,2,0,2,153,52,20,8,233,0,0,0,233
04/30/2013,JAX,FL,ASO,ES,Combined TRACON& Tower with Radar,156,57,24,9,246,0,1,4,23,28,156,58,28,32,274,0,0,0,274
05/01/2013,JAX,FL,ASO,ES,Combined TRACON& Tower with Radar,157,56,36,11,260,0,0,17,9,26,157,56,53,20,286,16,17,33,319
05/02/2013,JAX,FL,ASO,ES,Combined TRACON& Tower with Radar,155,61,31,0,247,0,0,0,35,35,155,61,31,35,282,0,0,0,282
05/03/2013,JAX,FL,ASO,ES,Combined TRACON& Tower with Radar,157,50,19,0,226,0,0,0,0,0,157,50,19,0,226,0,0,0,226
05/04/2013,JAX,FL,ASO,ES,Combined TRACON& Tower with Radar,128,42,12,0,182,0,0,0,0,0,128,42,12,0,182,0,0,0,182
05/05/2013,JAX,FL,ASO,ES,Combined TRACON& Tower with Radar,145,51,25,2,223,0,0,8,0,8,145,51,33,2,231,0,0,0,231
05/06/2013,JAX,FL,ASO,ES,Combined TRACON& Tower with Radar,154,55,25,9,243,0,1,19,2,22,154,56,44,11,265,6,0,6,271
05/07/2013,JAX,FL,ASO,ES,Combined TRACON& Tower with Radar,160,61,28,16,265,0,0,15,0,15,160,61,43,16,280,10,0,10,290
05/08/2013,JAX,FL,ASO,ES,Combined TRACON& Tower with Radar,160,57,22,7,246,0,0,13,3,16,160,57,35,10,262,16,14,30,292
05/09/2013,JAX,FL,ASO,ES,Combined TRACON& Tower with Radar,161,63,36,6,266,0,0,11,4,15,161,63,47,10,281,0,28,28,309
05/10/2013,JAX,FL,ASO,ES,Combined TRACON& Tower with Radar,161,59,28,11,259,0,0,11,1,12,161,59,39,12,271,2,0,2,273
05/11/2013,JAX,FL,ASO,ES,Combined TRACON& Tower with Radar,122,41,19,0,182,0,0,3,0,3,122,41,22,0,185,0,0,0,185
05/12/2013,JAX,FL,ASO,ES,Combined TRACON& Tower with Radar,137,47,5,4,193,0,0,4,0,4,137,47,9,4,197,0,0,0,197
05/13/2013,JAX,FL,ASO,ES,Combined TRACON& Tower with Radar,158,46,21,2,227,0,1,11,0,12,158,47,32,2,239,2,6,8,247
05/14/2013,JAX,FL,ASO,ES,Combined TRACON& Tower with Radar,158,51,11,13,233,0,0,10,3,13,158,51,21,16,246,8,0,8,254
05/15/2013,JAX,FL,ASO,ES,Combined TRACON& Tower with Radar,155,42,42,21,260,0,0,12,2,14,155,42,54,23,274,18,0,18,292
05/16/2013,JAX,FL,ASO,ES,Combined TRACON& Tower with Radar,159,58,26,10,253,0,0,4,3,7,159,58,30,13,260,0,0,0,260
05/17/2013,JAX,FL,ASO,ES,Combined TRACON& Tower with Radar,156,61,28,8,253,0,1,16,2,19,156,62,44,10,272,0,0,0,272
05/18/2013,JAX,FL,ASO,ES,Combined TRACON& Tower with Radar,125,41,7,13,186,0,0,2,3,5,125,41,9,16,191,0,0,0,191
05/19/2013,JAX,FL,ASO,ES,Combined TRACON& Tower with Radar,145,51,11,7,214,0,0,6,0,6,145,51,17,7,220,0,0,0,220
05/20/2013,JAX,FL,ASO,ES,Combined TRACON& Tower with Radar,158,52,31,23,264,0,0,8,1,9,158,52,39,24,273,0,0,0,273
05/21/2013,JAX,FL,ASO,ES,Combined TRACON& Tower with Radar,157,49,28,10,244,0,0,5,0,5,157,49,33,10,249,0,0,0,249
05/22/2013,JAX,FL,ASO,ES,Combined TRACON& Tower with Radar,161,45,25,10,241,0,0,6,0,6,161,45,31,10,247,0,0,0,247
05/23/2013,JAX,FL,ASO,ES,Combined TRACON& Tower with Radar,150,62,26,7,245,0,1,7,2,10,150,63,33,9,255,0,0,0,255
05/24/2013,JAX,FL,ASO,ES,Combined TRACON& Tower with Radar,161,60,16,0,237,0,0,20,0,20,161,60,36,0,257,12,0,12,269
05/25/2013,JAX,FL,ASO,ES,Combined TRACON& Tower with Radar,119,45,10,0,174,0,0,3,0,3,119,45,13,0,177,0,0,0,177
05/26/2013,JAX,FL,ASO,ES,Combined TRACON& Tower with Radar,119,41,5,0,165,0,0,7,0,7,119,41,12,0,172,0,0,0,172
05/27/2013,JAX,FL,ASO,ES,Combined TRACON& Tower with Radar,139,46,31,0,216,0,1,8,0,9,139,47,39,0,225,0,0,0,225
05/28/2013,JAX,FL,ASO,ES,Combined TRACON& Tower with Radar,148,55,45,34,282,0,0,8,4,12,148,55,53,38,294,0,26,26,320
05/29/2013,JAX,FL,ASO,ES,Combined TRACON& Tower with Radar,158,59,29,23,269,0,0,1,0,1,158,59,30,23,270,20,0,20,290
05/30/2013,JAX,FL,ASO,ES,Combined TRACON& Tower with Radar,154,64,40,18,276,0,0,8,0,8,154,64,48,18,284,8,0,8,292
05/31/2013,JAX,FL,ASO,ES,Combined TRACON& Tower with Radar,156,58,22,14,250,0,0,10,4,14,156,58,32,18,264,0,4,4,268
06/01/2013,JAX,FL,ASO,ES,Combined TRACON& Tower with Radar,128,36,19,5,188,0,0,5,6,11,128,36,24,11,199,0,0,0,199
06/02/2013,JAX,FL,ASO,ES,Combined TRACON& Tower with Radar,140,40,25,2,207,0,0,1,0,1,140,40,26,2,208,0,0,0,208
06/03/2013,JAX,FL,ASO,ES,Combined TRACON& Tower with Radar,150,47,35,11,243,0,0,1,3,4,150,47,36,14,247,0,16,16,263
06/04/2013,JAX,FL,ASO,ES,Combined TRACON& Tower with Radar,153,54,31,10,248,0,0,3,4,7,153,54,34,14,255,0,10,10,265
06/05/2013,JAX,FL,ASO,ES,Combined TRACON& Tower with Radar,152,64,34,26,276,0,0,3,0,3,152,64,37,26,279,2,0,2,281
06/06/2013,JAX,FL,ASO,ES,Combined TRACON& Tower with Radar,155,52,20,0,227,0,0,2,0,2,155,52,22,0,229,0,0,0,229
06/07/2013,JAX,FL,ASO,ES,Combined TRACON& Tower with Radar,148,45,25,7,225,0,0,15,2,17,148,45,40,9,242,6,0,6,248
06/08/2013,JAX,FL,ASO,ES,Combined TRACON& Tower with Radar,142,38,15,38,233,0,1,2,2,5,142,39,17,40,238,0,6,6,244
06/09/2013,JAX,FL,ASO,ES,Combined TRACON& Tower with Radar,139,46,26,1,212,0,0,3,1,4,139,46,29,2,216,4,0,4,220
06/10/2013,JAX,FL,ASO,ES,Combined TRACON& Tower with Radar,145,49,27,16,237,0,0,2,0,2,145,49,29,16,239,20,36,56,295
06/11/2013,JAX,FL,ASO,ES,Combined TRACON& Tower with Radar,158,53,12,12,235,0,1,29,36,66,158,54,41,48,301,0,0,0,301
06/12/2013,JAX,FL,ASO,ES,Combined TRACON& Tower with Radar,155,46,30,7,238,0,0,13,1,14,155,46,43,8,252,0,0,0,252
06/13/2013,JAX,FL,ASO,ES,Combined TRACON& Tower with Radar,142,66,19,15,242,0,1,11,4,16,142,67,30,19,258,6,14,20,278
06/14/2013,JAX,FL,ASO,ES,Combined TRACON& Tower with Radar,161,61,29,10,261,0,0,7,0,7,161,61,36,10,268,0,0,0,268
06/15/2013,JAX,FL,ASO,ES,Combined TRACON& Tower with Radar,126,41,18,1,186,0,0,4,0,4,126,41,22,1,190,0,0,0,190
06/16/2013,JAX,FL,ASO,ES,Combined TRACON& Tower with Radar,140,52,28,0,220,0,0,10,0,10,140,52,38,0,230,0,0,0,230
06/17/2013,JAX,FL,ASO,ES,Combined TRACON& Tower with Radar,141,49,23,9,222,0,0,8,1,9,141,49,31,10,231,0,4,4,235
06/18/2013,JAX,FL,ASO,ES,Combined TRACON& Tower with Radar,153,61,29,8,251,0,0,34,9,43,153,61,63,17,294,7,0,7,301
06/19/2013,JAX,FL,ASO,ES,Combined TRACON& Tower with Radar,158,58,40,14,270,0,0,7,1,8,158,58,47,15,278,16,6,22,300
06/20/2013,JAX,FL,ASO,ES,Combined TRACON& Tower with Radar,150,68,36,16,270,0,0,4,0,4,150,68,40,16,274,10,0,10,284
06/21/2013,JAX,FL,ASO,ES,Combined TRACON& Tower with Radar,154,46,30,7,237,0,1,8,1,10,154,47,38,8,247,10,0,10,257
06/22/2013,JAX,FL,ASO,ES,Combined TRACON& Tower with Radar,133,39,22,2,196,0,0,4,0,4,133,39,26,2,200,0,0,0,200
06/23/2013,JAX,FL,ASO,ES,Combined TRACON& Tower with Radar,137,49,16,0,202,0,0,3,0,3,137,49,19,0,205,0,0,0,205
06/24/2013,JAX,FL,ASO,ES,Combined TRACON& Tower with Radar,146,53,17,0,216,0,0,5,0,5,146,53,22,0,221,0,0,0,221
06/25/2013,JAX,FL,ASO,ES,Combined TRACON& Tower with Radar,157,53,37,15,262,0,0,2,2,4,157,53,39,17,266,0,0,0,266
06/26/2013,JAX,FL,ASO,ES,Combined TRACON& Tower with Radar,151,56,18,6,231,0,0,4,2,6,151,56,22,8,237,0,0,0,237
06/27/2013,JAX,FL,ASO,ES,Combined TRACON& Tower with Radar,151,73,35,14,273,0,0,12,6,18,151,73,47,20,291,16,54,70,361
06/28/2013,JAX,FL,ASO,ES,Combined TRACON& Tower with Radar,141,52,22,14,229,0,0,5,2,7,141,52,27,16,236,2,0,2,238
06/29/2013,JAX,FL,ASO,ES,Combined TRACON& Tower with Radar,134,36,17,0,187,0,0,3,0,3,134,36,20,0,190,0,0,0,190
06/30/2013,JAX,FL,ASO,ES,Combined TRACON& Tower with Radar,137,45,20,1,203,0,0,4,0,4,137,45,24,1,207,0,0,0,207
07/01/2013,JAX,FL,ASO,ES,Combined TRACON& Tower with Radar,138,48,15,9,210,0,1,2,1,4,138,49,17,10,214,6,0,6,220
07/02/2013,JAX,FL,ASO,ES,Combined TRACON& Tower with Radar,138,60,29,12,239,0,0,0,2,2,138,60,29,14,241,6,0,6,247
07/03/2013,JAX,FL,ASO,ES,Combined TRACON& Tower with Radar,144,52,31,6,233,0,0,9,0,9,144,52,40,6,242,10,2,12,254
07/04/2013,JAX,FL,ASO,ES,Combined TRACON& Tower with Radar,109,33,13,1,156,0,0,2,4,6,109,33,15,5,162,0,0,0,162
07/05/2013,JAX,FL,ASO,ES,Combined TRACON& Tower with Radar,126,39,12,4,181,0,0,14,0,14,126,39,26,4,195,28,0,28,223
07/06/2013,JAX,FL,ASO,ES,Combined TRACON& Tower with Radar,123,47,17,0,187,0,0,2,0,2,123,47,19,0,189,0,0,0,189
07/07/2013,JAX,FL,ASO,ES,Combined TRACON& Tower with Radar,139,43,26,0,208,0,0,8,0,8,139,43,34,0,216,0,0,0,216
07/08/2013,JAX,FL,ASO,ES,Combined TRACON& Tower with Radar,143,53,23,15,234,0,0,18,2,20,143,53,41,17,254,10,24,34,288
07/09/2013,JAX,FL,ASO,ES,Combined TRACON& Tower with Radar,148,62,36,13,259,0,1,24,11,36,148,63,60,24,295,0,0,0,295
07/10/2013,JAX,FL,ASO,ES,Combined TRACON& Tower with Radar,142,50,31,20,243,0,0,22,0,22,142,50,53,20,265,4,0,4,269
07/11/2013,JAX,FL,ASO,ES,Combined TRACON& Tower with Radar,144,62,23,16,245,0,2,19,2,23,144,64,42,18,268,6,16,22,290
07/12/2013,JAX,FL,ASO,ES,Combined TRACON& Tower with Radar,153,55,18,2,228,0,2,8,2,12,153,57,26,4,240,2,18,20,260
07/13/2013,JAX,FL,ASO,ES,Combined TRACON& Tower with Radar,128,39,11,5,183,0,0,0,4,4,128,39,11,9,187,0,18,18,205
07/14/2013,JAX,FL,ASO,ES,Combined TRACON& Tower with Radar,145,41,29,0,215,0,1,10,0,11,145,42,39,0,226,0,0,0,226
07/15/2013,JAX,FL,ASO,ES,Combined TRACON& Tower with Radar,150,53,15,17,235,0,0,9,0,9,150,53,24,17,244,8,31,39,283
07/16/2013,JAX,FL,ASO,ES,Combined TRACON& Tower with Radar,143,57,23,1,224,0,0,8,1,9,143,57,31,2,233,0,0,0,233
07/17/2013,JAX,FL,ASO,ES,Combined TRACON& Tower with Radar,150,56,27,28,261,0,0,3,5,8,150,56,30,33,269,0,12,12,281
07/18/2013,JAX,FL,ASO,ES,Combined TRACON& Tower with Radar,151,63,19,11,244,0,0,7,0,7,151,63,26,11,251,4,0,4,255
07/19/2013,JAX,FL,ASO,ES,Combined TRACON& Tower with Radar,146,56,41,3,246,0,0,2,1,3,146,56,43,4,249,0,0,0,249
07/20/2013,JAX,FL,ASO,ES,Combined TRACON& Tower with Radar,123,44,18,8,193,0,0,3,1,4,123,44,21,9,197,2,2,4,201
07/21/2013,JAX,FL,ASO,ES,Combined TRACON& Tower with Radar,136,47,22,0,205,0,0,10,3,13,136,47,32,3,218,0,0,0,218
07/22/2013,JAX,FL,ASO,ES,Combined TRACON& Tower with Radar,143,54,16,23,236,0,0,4,2,6,143,54,20,25,242,4,8,12,254
07/23/2013,JAX,FL,ASO,ES,Combined TRACON& Tower with Radar,147,62,24,24,257,0,1,5,11,17,147,63,29,35,274,0,24,24,298
07/24/2013,JAX,FL,ASO,ES,Combined TRACON& Tower with Radar,150,60,27,25,262,0,0,4,2,6,150,60,31,27,268,36,6,42,310
07/25/2013,JAX,FL,ASO,ES,Combined TRACON& Tower with Radar,150,53,27,26,256,0,0,5,0,5,150,53,32,26,261,0,0,0,261
07/26/2013,JAX,FL,ASO,ES,Combined TRACON& Tower with Radar,152,56,22,5,235,0,0,6,3,9,152,56,28,8,244,0,0,0,244
07/27/2013,JAX,FL,ASO,ES,Combined TRACON& Tower with Radar,129,37,10,0,176,0,0,2,0,2,129,37,12,0,178,0,0,0,178
07/28/2013,JAX,FL,ASO,ES,Combined TRACON& Tower with Radar,144,48,11,0,203,0,0,3,0,3,144,48,14,0,206,0,0,0,206
07/29/2013,JAX,FL,ASO,ES,Combined TRACON& Tower with Radar,149,54,22,14,239,0,0,5,18,23,149,54,27,32,262,2,18,20,282
07/30/2013,JAX,FL,ASO,ES,Combined TRACON& Tower with Radar,144,62,20,32,258,0,2,4,2,8,144,64,24,34,266,0,2,2,268
07/31/2013,JAX,FL,ASO,ES,Combined TRACON& Tower with Radar,151,56,16,13,236,0,0,5,0,5,151,56,21,13,241,12,0,12,253
08/01/2013,JAX,FL,ASO,ES,Combined TRACON& Tower with Radar,145,58,20,15,238,0,0,2,3,5,145,58,22,18,243,0,6,6,249
08/02/2013,JAX,FL,ASO,ES,Combined TRACON& Tower with Radar,147,54,17,11,229,0,1,11,0,12,147,55,28,11,241,12,0,12,253
08/03/2013,JAX,FL,ASO,ES,Combined TRACON& Tower with Radar,122,36,9,0,167,0,0,8,0,8,122,36,17,0,175,0,0,0,175
08/04/2013,JAX,FL,ASO,ES,Combined TRACON& Tower with Radar,138,46,14,0,198,0,0,2,0,2,138,46,16,0,200,0,0,0,200
08/05/2013,JAX,FL,ASO,ES,Combined TRACON& Tower with Radar,147,55,24,7,233,0,0,10,0,10,147,55,34,7,243,12,0,12,255
08/06/2013,JAX,FL,ASO,ES,Combined TRACON& Tower with Radar,147,54,26,44,271,0,0,9,9,18,147,54,35,53,289,6,46,52,341
08/07/2013,JAX,FL,ASO,ES,Combined TRACON& Tower with Radar,143,54,29,28,254,0,1,0,2,3,143,55,29,30,257,0,62,62,319
08/08/2013,JAX,FL,ASO,ES,Combined TRACON& Tower with Radar,146,54,25,13,238,0,0,6,2,8,146,54,31,15,246,12,0,12,258
08/09/2013,JAX,FL,ASO,ES,Combined TRACON& Tower with Radar,147,51,32,12,242,0,0,7,0,7,147,51,39,12,249,0,0,0,249
08/10/2013,JAX,FL,ASO,ES,Combined TRACON& Tower with Radar,129,41,12,2,184,0,0,5,0,5,129,41,17,2,189,0,0,0,189
08/11/2013,JAX,FL,ASO,ES,Combined TRACON& Tower with Radar,136,44,24,3,207,0,0,13,1,14,136,44,37,4,221,2,18,20,241
08/12/2013,JAX,FL,ASO,ES,Combined TRACON& Tower with Radar,138,49,21,5,213,0,0,5,2,7,138,49,26,7,220,0,10,10,230
08/13/2013,JAX,FL,ASO,ES,Combined TRACON& Tower with Radar,142,47,35,13,237,0,1,8,3,12,142,48,43,16,249,0,10,10,259
08/14/2013,JAX,FL,ASO,ES,Combined TRACON& Tower with Radar,172,51,34,11,268,0,0,13,5,18,172,51,47,16,286,0,0,0,286
08/15/2013,JAX,FL,ASO,ES,Combined TRACON& Tower with Radar,149,64,29,13,255,0,1,7,3,11,149,65,36,16,266,6,0,6,272
08/16/2013,JAX,FL,ASO,ES,Combined TRACON& Tower with Radar,148,61,24,21,254,0,2,2,1,5,148,63,26,22,259,2,0,2,261
08/17/2013,JAX,FL,ASO,ES,Combined TRACON& Tower with Radar,118,50,18,9,195,0,2,5,1,8,118,52,23,10,203,2,0,2,205
08/18/2013,JAX,FL,ASO,ES,Combined TRACON& Tower with Radar,153,42,26,4,225,0,2,9,0,11,153,44,35,4,236,0,0,0,236
08/19/2013,JAX,FL,ASO,ES,Combined TRACON& Tower with Radar,146,50,27,15,238,0,0,21,0,21,146,50,48,15,259,18,0,18,277
08/20/2013,JAX,FL,ASO,ES,Combined TRACON& Tower with Radar,144,58,25,34,261,0,0,33,6,39,144,58,58,40,300,0,0,0,300
08/21/2013,JAX,FL,ASO,ES,Combined TRACON& Tower with Radar,146,58,34,14,252,0,0,4,0,4,146,58,38,14,256,0,0,0,256
08/22/2013,JAX,FL,ASO,ES,Combined TRACON& Tower with Radar,139,55,32,36,262,0,0,7,7,14,139,55,39,43,276,2,20,22,298
08/23/2013,JAX,FL,ASO,ES,Combined TRACON& Tower with Radar,153,56,20,11,240,0,0,7,8,15,153,56,27,19,255,0,0,0,255
08/24/2013,JAX,FL,ASO,ES,Combined TRACON& Tower with Radar,121,39,18,0,178,0,0,7,0,7,121,39,25,0,185,0,0,0,185
08/25/2013,JAX,FL,ASO,ES,Combined TRACON& Tower with Radar,139,50,18,0,207,0,0,9,0,9,139,50,27,0,216,20,0,20,236
08/26/2013,JAX,FL,ASO,ES,Combined TRACON& Tower with Radar,143,64,28,20,255,0,0,3,0,3,143,64,31,20,258,0,0,0,258
08/27/2013,JAX,FL,ASO,ES,Combined TRACON& Tower with Radar,144,55,27,24,250,0,1,9,0,10,144,56,36,24,260,10,0,10,270
08/28/2013,JAX,FL,ASO,ES,Combined TRACON& Tower with Radar,147,58,20,43,268,0,0,8,1,9,147,58,28,44,277,0,20,20,297
08/29/2013,JAX,FL,ASO,ES,Combined TRACON& Tower with Radar,144,63,26,16,249,0,0,9,0,9,144,63,35,16,258,10,44,54,312
08/30/2013,JAX,FL,ASO,ES,Combined TRACON& Tower with Radar,148,51,27,0,226,0,0,5,0,5,148,51,32,0,231,0,0,0,231
08/31/2013,JAX,FL,ASO,ES,Combined TRACON& Tower with Radar,100,38,10,0,148,0,0,2,0,2,100,38,12,0,150,0,0,0,150
09/01/2013,JAX,FL,ASO,ES,Combined TRACON& Tower with Radar,95,32,8,0,135,0,0,6,0,6,95,32,14,0,141,0,0,0,141
09/02/2013,JAX,FL,ASO,ES,Combined TRACON& Tower with Radar,120,44,14,0,178,0,0,11,0,11,120,44,25,0,189,10,0,10,199
09/03/2013,JAX,FL,ASO,ES,Combined TRACON& Tower with Radar,137,57,37,25,256,0,0,9,0,9,137,57,46,25,265,0,0,0,265
09/04/2013,JAX,FL,ASO,ES,Combined TRACON& Tower with Radar,137,58,17,30,242,0,0,11,7,18,137,58,28,37,260,24,2,26,286
09/05/2013,JAX,FL,ASO,ES,Combined TRACON& Tower with Radar,137,57,35,42,271,0,0,3,4,7,137,57,38,46,278,0,0,0,278
09/06/2013,JAX,FL,ASO,ES,Combined TRACON& Tower with Radar,154,56,25,34,269,0,0,3,0,3,154,56,28,34,272,0,0,0,272
09/07/2013,JAX,FL,ASO,ES,Combined TRACON& Tower with Radar,100,30,12,7,149,0,0,10,1,11,100,30,22,8,160,0,4,4,164
09/08/2013,JAX,FL,ASO,ES,Combined TRACON& Tower with Radar,129,45,21,5,200,0,0,30,4,34,129,45,51,9,234,0,0,0,234
09/09/2013,JAX,FL,ASO,ES,Combined TRACON& Tower with Radar,134,57,21,31,243,0,1,7,0,8,134,58,28,31,251,5,6,11,262
09/10/2013,JAX,FL,ASO,ES,Combined TRACON& Tower with Radar,130,68,35,26,259,0,0,6,2,8,130,68,41,28,267,16,10,26,293
09/11/2013,JAX,FL,ASO,ES,Combined TRACON& Tower with Radar,137,67,18,5,227,0,0,28,12,40,137,67,46,17,267,0,0,0,267
09/12/2013,JAX,FL,ASO,ES,Combined TRACON& Tower with Radar,144,61,39,26,270,0,0,13,3,16,144,61,52,29,286,12,40,52,338
09/13/2013,JAX,FL,ASO,ES,Combined TRACON& Tower with Radar,151,53,23,21,248,0,0,5,2,7,151,53,28,23,255,2,0,2,257
09/14/2013,JAX,FL,ASO,ES,Combined TRACON& Tower with Radar,96,32,9,13,150,0,0,1,1,2,96,32,10,14,152,2,2,4,156
09/15/2013,JAX,FL,ASO,ES,Combined TRACON& Tower with Radar,129,45,25,0,199,0,0,6,0,6,129,45,31,0,205,4,0,4,209
09/16/2013,JAX,FL,ASO,ES,Combined TRACON& Tower with Radar,135,59,20,14,228,0,0,5,0,5,135,59,25,14,233,4,0,4,237
09/17/2013,JAX,FL,ASO,ES,Combined TRACON& Tower with Radar,134,65,26,16,241,0,0,3,3,6,134,65,29,19,247,0,0,0,247
09/18/2013,JAX,FL,ASO,ES,Combined TRACON& Tower with Radar,133,63,31,16,243,0,0,16,2,18,133,63,47,18,261,0,0,0,261
09/19/2013,JAX,FL,ASO,ES,Combined TRACON& Tower with Radar,140,68,33,18,259,0,1,7,5,13,140,69,40,23,272,0,16,16,288
09/20/2013,JAX,FL,ASO,ES,Combined TRACON& Tower with Radar,145,67,21,13,246,0,0,9,1,10,145,67,30,14,256,0,0,0,256
09/21/2013,JAX,FL,ASO,ES,Combined TRACON& Tower with Radar,100,33,15,0,148,0,1,11,0,12,100,34,26,0,160,0,0,0,160
09/22/2013,JAX,FL,ASO,ES,Combined TRACON& Tower with Radar,129,53,20,17,219,0,0,5,0,5,129,53,25,17,224,0,0,0,224
09/23/2013,JAX,FL,ASO,ES,Combined TRACON& Tower with Radar,138,50,28,8,224,0,0,5,1,6,138,50,33,9,230,10,19,29,259
09/24/2013,JAX,FL,ASO,ES,Combined TRACON& Tower with Radar,134,59,26,13,232,0,0,2,0,2,134,59,28,13,234,4,0,4,238
09/25/2013,JAX,FL,ASO,ES,Combined TRACON& Tower with Radar,132,59,25,11,227,0,0,3,0,3,132,59,28,11,230,16,0,16,246
09/26/2013,JAX,FL,ASO,ES,Combined TRACON& Tower with Radar,145,69,50,7,271,0,0,3,0,3,145,69,53,7,274,0,0,0,274
09/27/2013,JAX,FL,ASO,ES,Combined TRACON& Tower with Radar,142,59,27,24,252,0,1,21,0,22,142,60,48,24,274,0,0,0,274
09/28/2013,JAX,FL,ASO,ES,Combined TRACON& Tower with Radar,97,33,16,12,158,0,0,9,0,9,97,33,25,12,167,16,0,16,183
09/29/2013,JAX,FL,ASO,ES,Combined TRACON& Tower with Radar,130,49,18,1,198,0,0,14,0,14,130,49,32,1,212,6,0,6,218
09/30/2013,JAX,FL,ASO,ES,Combined TRACON& Tower with Radar,146,54,22,3,225,0,0,0,0,0,146,54,22,3,225,0,0,0,225
10/01/2013,JAX,FL,ASO,ES,Combined TRACON& Tower with Radar,105,59,20,17,201,0,1,7,8,16,105,60,27,25,217,0,0,0,217
10/02/2013,JAX,FL,ASO,ES,Combined TRACON& Tower with Radar,136,66,23,8,233,0,0,9,3,12,136,66,32,11,245,0,0,0,245
10/03/2013,JAX,FL,ASO,ES,Combined TRACON& Tower with Radar,141,55,35,37,268,0,0,8,2,10,141,55,43,39,278,0,26,26,304
10/04/2013,JAX,FL,ASO,ES,Combined TRACON& Tower with Radar,144,61,29,13,247,0,0,5,1,6,144,61,34,14,253,0,0,0,253
10/05/2013,JAX,FL,ASO,ES,Combined TRACON& Tower with Radar,105,30,14,0,149,0,0,11,0,11,105,30,25,0,160,0,0,0,160
10/06/2013,JAX,FL,ASO,ES,Combined TRACON& Tower with Radar,133,47,10,0,190,0,0,8,0,8,133,47,18,0,198,0,0,0,198
10/07/2013,JAX,FL,ASO,ES,Combined TRACON& Tower with Radar,138,55,15,43,251,0,0,2,3,5,138,55,17,46,256,0,0,0,256
10/08/2013,JAX,FL,ASO,ES,Combined TRACON& Tower with Radar,138,61,38,18,255,0,0,1,1,2,138,61,39,19,257,0,0,0,257
10/09/2013,JAX,FL,ASO,ES,Combined TRACON& Tower with Radar,139,59,28,4,230,0,0,1,1,2,139,59,29,5,232,3,6,9,241
10/10/2013,JAX,FL,ASO,ES,Combined TRACON& Tower with Radar,138,65,20,57,280,0,0,19,3,22,138,65,39,60,302,2,12,14,316
10/11/2013,JAX,FL,ASO,ES,Combined TRACON& Tower with Radar,151,59,40,0,250,0,0,7,0,7,151,59,47,0,257,0,0,0,257
10/12/2013,JAX,FL,ASO,ES,Combined TRACON& Tower with Radar,107,35,14,0,156,0,0,11,0,11,107,35,25,0,167,0,0,0,167
10/13/2013,JAX,FL,ASO,ES,Combined TRACON& Tower with Radar,135,54,10,0,199,0,0,7,0,7,135,54,17,0,206,24,0,24,230
10/14/2013,JAX,FL,ASO,ES,Combined TRACON& Tower with Radar,140,55,20,0,215,0,0,3,0,3,140,55,23,0,218,0,0,0,218
10/15/2013,JAX,FL,ASO,ES,Combined TRACON& Tower with Radar,133,59,27,8,227,0,0,1,0,1,133,59,28,8,228,0,0,0,228
10/16/2013,JAX,FL,ASO,ES,Combined TRACON& Tower with Radar,138,59,24,12,233,0,1,9,1,11,138,60,33,13,244,0,0,0,244
10/17/2013,JAX,FL,ASO,ES,Combined TRACON& Tower with Radar,142,61,34,8,245,0,0,10,2,12,142,61,44,10,257,0,0,0,257
10/18/2013,JAX,FL,ASO,ES,Combined TRACON& Tower with Radar,145,57,29,15,246,0,0,7,1,8,145,57,36,16,254,0,0,0,254
10/19/2013,JAX,FL,ASO,ES,Combined TRACON& Tower with Radar,107,32,16,0,155,0,0,4,0,4,107,32,20,0,159,0,0,0,159
10/20/2013,JAX,FL,ASO,ES,Combined TRACON& Tower with Radar,132,52,30,0,214,0,0,5,0,5,132,52,35,0,219,0,0,0,219
10/21/2013,JAX,FL,ASO,ES,Combined TRACON& Tower with Radar,141,59,33,32,265,0,0,0,0,0,141,59,33,32,265,0,0,0,265
10/22/2013,JAX,FL,ASO,ES,Combined TRACON& Tower with Radar,141,67,32,11,251,0,0,0,0,0,141,67,32,11,251,0,0,0,251
10/23/2013,JAX,FL,ASO,ES,Combined TRACON& Tower with Radar,138,58,37,13,246,0,0,11,3,14,138,58,48,16,260,0,0,0,260
10/24/2013,JAX,FL,ASO,ES,Combined TRACON& Tower with Radar,141,59,37,16,253,0,0,20,0,20,141,59,57,16,273,0,0,0,273
10/25/2013,JAX,FL,ASO,ES,Combined TRACON& Tower with Radar,144,64,21,26,255,0,0,8,3,11,144,64,29,29,266,0,0,0,266
10/26/2013,JAX,FL,ASO,ES,Combined TRACON& Tower with Radar,109,37,7,0,153,0,0,6,0,6,109,37,13,0,159,18,0,18,177
10/27/2013,JAX,FL,ASO,ES,Combined TRACON& Tower with Radar,130,51,20,0,201,0,0,7,0,7,130,51,27,0,208,16,0,16,224
10/28/2013,JAX,FL,ASO,ES,Combined TRACON& Tower with Radar,137,62,27,0,226,0,0,16,0,16,137,62,43,0,242,0,0,0,242
10/29/2013,JAX,FL,ASO,ES,Combined TRACON& Tower with Radar,138,63,41,21,263,0,0,4,3,7,138,63,45,24,270,0,0,0,270
10/30/2013,JAX,FL,ASO,ES,Combined TRACON& Tower with Radar,137,59,35,25,256,0,0,11,5,16,137,59,46,30,272,6,24,30,302
10/31/2013,JAX,FL,ASO,ES,Combined TRACON& Tower with Radar,139,62,29,8,238,0,0,4,5,9,139,62,33,13,247,0,0,0,247
11/01/2013,JAX,FL,ASO,ES,Combined TRACON& Tower with Radar,143,53,33,5,234,0,0,2,7,9,143,53,35,12,243,0,8,8,251
11/02/2013,JAX,FL,ASO,ES,Combined TRACON& Tower with Radar,105,43,28,0,176,0,0,7,2,9,105,43,35,2,185,18,0,18,203
11/03/2013,JAX,FL,ASO,ES,Combined TRACON& Tower with Radar,123,49,23,0,195,0,0,19,0,19,123,49,42,0,214,4,0,4,218
11/04/2013,JAX,FL,ASO,ES,Combined TRACON& Tower with Radar,131,52,30,10,223,0,0,4,3,7,131,52,34,13,230,0,0,0,230
11/05/2013,JAX,FL,ASO,ES,Combined TRACON& Tower with Radar,132,57,35,13,237,0,0,1,0,1,132,57,36,13,238,0,0,0,238
11/06/2013,JAX,FL,ASO,ES,Combined TRACON& Tower with Radar,138,64,42,27,271,0,0,0,0,0,138,64,42,27,271,0,0,0,271
11/07/2013,JAX,FL,ASO,ES,Combined TRACON& Tower with Radar,137,67,42,10,256,0,0,8,0,8,137,67,50,10,264,2,0,2,266
11/08/2013,JAX,FL,ASO,ES,Combined TRACON& Tower with Radar,137,62,35,2,236,0,0,9,2,11,137,62,44,4,247,4,0,4,251
11/09/2013,JAX,FL,ASO,ES,Combined TRACON& Tower with Radar,110,33,16,0,159,0,1,9,2,12,110,34,25,2,171,6,0,6,177
11/10/2013,JAX,FL,ASO,ES,Combined TRACON& Tower with Radar,126,58,26,0,210,0,0,11,0,11,126,58,37,0,221,0,0,0,221
11/11/2013,JAX,FL,ASO,ES,Combined TRACON& Tower with Radar,136,61,25,0,222,0,0,6,0,6,136,61,31,0,228,0,0,0,228
11/12/2013,JAX,FL,ASO,ES,Combined TRACON& Tower with Radar,137,73,29,38,277,0,1,7,4,12,137,74,36,42,289,0,0,0,289
11/13/2013,JAX,FL,ASO,ES,Combined TRACON& Tower with Radar,134,69,32,19,254,0,0,0,0,0,134,69,32,19,254,0,4,4,258
11/14/2013,JAX,FL,ASO,ES,Combined TRACON& Tower with Radar,137,64,31,12,244,0,0,9,2,11,137,64,40,14,255,0,0,0,255
11/15/2013,JAX,FL,ASO,ES,Combined TRACON& Tower with Radar,142,60,32,25,259,0,0,3,7,10,142,60,35,32,269,0,0,0,269
11/16/2013,JAX,FL,ASO,ES,Combined TRACON& Tower with Radar,107,34,26,15,182,0,0,4,0,4,107,34,30,15,186,2,2,4,190
11/17/2013,JAX,FL,ASO,ES,Combined TRACON& Tower with Radar,126,53,13,7,199,0,1,2,10,13,126,54,15,17,212,0,0,0,212
11/18/2013,JAX,FL,ASO,ES,Combined TRACON& Tower with Radar,138,57,34,25,254,0,0,0,0,0,138,57,34,25,254,0,0,0,254
11/19/2013,JAX,FL,ASO,ES,Combined TRACON& Tower with Radar,134,67,37,15,253,0,0,6,0,6,134,67,43,15,259,6,0,6,265
11/20/2013,JAX,FL,ASO,ES,Combined TRACON& Tower with Radar,134,61,22,15,232,0,0,1,0,1,134,61,23,15,233,0,0,0,233
11/21/2013,JAX,FL,ASO,ES,Combined TRACON& Tower with Radar,136,68,26,30,260,0,0,1,0,1,136,68,27,30,261,0,0,0,261
11/22/2013,JAX,FL,ASO,ES,Combined TRACON& Tower with Radar,142,63,34,25,264,0,0,3,2,5,142,63,37,27,269,0,0,0,269
11/23/2013,JAX,FL,ASO,ES,Combined TRACON& Tower with Radar,116,40,31,10,197,0,0,8,1,9,116,40,39,11,206,8,0,8,214
11/24/2013,JAX,FL,ASO,ES,Combined TRACON& Tower with Radar,119,51,9,2,181,0,0,7,0,7,119,51,16,2,188,0,0,0,188
11/25/2013,JAX,FL,ASO,ES,Combined TRACON& Tower with Radar,131,55,25,0,211,0,0,3,2,5,131,55,28,2,216,0,0,0,216
11/26/2013,JAX,FL,ASO,ES,Combined TRACON& Tower with Radar,139,58,35,11,243,0,0,2,0,2,139,58,37,11,245,0,0,0,245
11/27/2013,JAX,FL,ASO,ES,Combined TRACON& Tower with Radar,152,66,25,4,247,0,0,4,0,4,152,66,29,4,251,2,0,2,253
11/28/2013,JAX,FL,ASO,ES,Combined TRACON& Tower with Radar,81,35,4,1,121,1,0,4,0,5,82,35,8,1,126,0,0,0,126
11/29/2013,JAX,FL,ASO,ES,Combined TRACON& Tower with Radar,97,47,17,0,161,0,0,8,1,9,97,47,25,1,170,0,0,0,170
11/30/2013,JAX,FL,ASO,ES,Combined TRACON& Tower with Radar,130,69,13,3,215,0,0,1,0,1,130,69,14,3,216,0,0,0,216
12/01/2013,JAX,FL,ASO,ES,Combined TRACON& Tower with Radar,148,65,32,0,245,0,0,7,0,7,148,65,39,0,252,0,0,0,252
12/02/2013,JAX,FL,ASO,ES,Combined TRACON& Tower with Radar,139,66,37,16,258,0,0,5,2,7,139,66,42,18,265,6,0,6,271
12/03/2013,JAX,FL,ASO,ES,Combined TRACON& Tower with Radar,136,64,25,30,255,0,1,5,5,11,136,65,30,35,266,0,58,58,324
12/04/2013,JAX,FL,ASO,ES,Combined TRACON& Tower with Radar,145,49,35,26,255,0,0,4,13,17,145,49,39,39,272,0,14,14,286
12/05/2013,JAX,FL,ASO,ES,Combined TRACON& Tower with Radar,142,52,51,38,283,0,0,12,3,15,142,52,63,41,298,0,22,22,320
12/06/2013,JAX,FL,ASO,ES,Combined TRACON& Tower with Radar,137,52,33,16,238,0,0,9,3,12,137,52,42,19,250,0,0,0,250
12/07/2013,JAX,FL,ASO,ES,Combined TRACON& Tower with Radar,101,32,9,7,149,0,0,7,2,9,101,32,16,9,158,0,0,0,158
12/08/2013,JAX,FL,ASO,ES,Combined TRACON& Tower with Radar,117,42,19,7,185,0,0,0,0,0,117,42,19,7,185,0,0,0,185
12/09/2013,JAX,FL,ASO,ES,Combined TRACON& Tower with Radar,133,52,27,16,228,0,0,1,1,2,133,52,28,17,230,0,0,0,230
12/10/2013,JAX,FL,ASO,ES,Combined TRACON& Tower with Radar,138,49,26,13,226,0,2,2,0,4,138,51,28,13,230,0,10,10,240
12/11/2013,JAX,FL,ASO,ES,Combined TRACON& Tower with Radar,142,49,33,18,242,0,0,5,5,10,142,49,38,23,252,0,4,4,256
12/12/2013,JAX,FL,ASO,ES,Combined TRACON& Tower with Radar,148,59,34,9,250,0,0,14,1,15,148,59,48,10,265,6,0,6,271
12/13/2013,JAX,FL,ASO,ES,Combined TRACON& Tower with Radar,147,56,28,29,260,0,0,13,0,13,147,56,41,29,273,0,0,0,273
12/14/2013,JAX,FL,ASO,ES,Combined TRACON& Tower with Radar,99,29,12,8,148,0,0,3,0,3,99,29,15,8,151,0,0,0,151
12/15/2013,JAX,FL,ASO,ES,Combined TRACON& Tower with Radar,131,39,17,0,187,0,0,4,0,4,131,39,21,0,191,2,0,2,193
12/16/2013,JAX,FL,ASO,ES,Combined TRACON& Tower with Radar,136,36,29,8,209,0,0,17,4,21,136,36,46,12,230,0,0,0,230
12/17/2013,JAX,FL,ASO,ES,Combined TRACON& Tower with Radar,141,43,32,8,224,0,0,6,4,10,141,43,38,12,234,0,0,0,234
12/18/2013,JAX,FL,ASO,ES,Combined TRACON& Tower with Radar,154,43,42,11,250,0,1,4,4,9,154,44,46,15,259,0,0,0,259
12/19/2013,JAX,FL,ASO,ES,Combined TRACON& Tower with Radar,152,62,37,14,265,0,0,10,0,10,152,62,47,14,275,0,0,0,275
12/20/2013,JAX,FL,ASO,ES,Combined TRACON& Tower with Radar,150,65,28,12,255,0,0,9,0,9,150,65,37,12,264,0,0,0,264
12/21/2013,JAX,FL,ASO,ES,Combined TRACON& Tower with Radar,136,47,12,1,196,0,0,9,0,9,136,47,21,1,205,0,0,0,205
12/22/2013,JAX,FL,ASO,ES,Combined TRACON& Tower with Radar,139,43,16,1,199,0,0,4,0,4,139,43,20,1,203,0,0,0,203
12/23/2013,JAX,FL,ASO,ES,Combined TRACON& Tower with Radar,129,52,8,8,197,0,0,4,1,5,129,52,12,9,202,0,0,0,202
12/24/2013,JAX,FL,ASO,ES,Combined TRACON& Tower with Radar,121,43,4,0,168,0,0,8,0,8,121,43,12,0,176,0,0,0,176
12/25/2013,JAX,FL,ASO,ES,Combined TRACON& Tower with Radar,102,27,3,0,132,0,0,0,0,0,102,27,3,0,132,0,0,0,132
12/26/2013,JAX,FL,ASO,ES,Combined TRACON& Tower with Radar,137,62,19,2,220,0,0,2,2,4,137,62,21,4,224,0,16,16,240
12/27/2013,JAX,FL,ASO,ES,Combined TRACON& Tower with Radar,138,70,20,6,234,0,0,1,0,1,138,70,21,6,235,0,0,0,235
12/28/2013,JAX,FL,ASO,ES,Combined TRACON& Tower with Radar,124,54,6,0,184,0,0,0,0,0,124,54,6,0,184,0,0,0,184
12/29/2013,JAX,FL,ASO,ES,Combined TRACON& Tower with Radar,132,51,15,0,198,0,0,3,0,3,132,51,18,0,201,0,0,0,201
12/30/2013,JAX,FL,ASO,ES,Combined TRACON& Tower with Radar,128,53,8,22,211,0,1,11,0,12,128,54,19,22,223,4,14,18,241
12/31/2013,JAX,FL,ASO,ES,Combined TRACON& Tower with Radar,119,44,11,4,178,0,0,10,0,10,119,44,21,4,188,0,0,0,188
01/01/2014,JAX,FL,ASO,ES,Combined TRACON& Tower with Radar,104,45,8,0,157,0,0,2,0,2,104,45,10,0,159,0,0,0,159
01/02/2014,JAX,FL,ASO,ES,Combined TRACON& Tower with Radar,115,53,23,4,195,0,0,0,0,0,115,53,23,4,195,0,0,0,195
01/03/2014,JAX,FL,ASO,ES,Combined TRACON& Tower with Radar,122,57,16,11,206,0,2,9,1,12,122,59,25,12,218,0,0,0,218
01/04/2014,JAX,FL,ASO,ES,Combined TRACON& Tower with Radar,104,48,25,0,177,0,0,2,0,2,104,48,27,0,179,0,0,0,179
01/05/2014,JAX,FL,ASO,ES,Combined TRACON& Tower with Radar,114,45,27,0,186,0,0,5,0,5,114,45,32,0,191,0,0,0,191
01/06/2014,JAX,FL,ASO,ES,Combined TRACON& Tower with Radar,110,55,28,0,193,0,0,1,3,4,110,55,29,3,197,0,6,6,203
01/07/2014,JAX,FL,ASO,ES,Combined TRACON& Tower with Radar,113,51,16,12,192,0,0,3,5,8,113,51,19,17,200,0,10,10,210
01/08/2014,JAX,FL,ASO,ES,Combined TRACON& Tower with Radar,126,48,25,18,217,0,0,5,2,7,126,48,30,20,224,0,0,0,224
01/09/2014,JAX,FL,ASO,ES,Combined TRACON& Tower with Radar,133,62,34,15,244,0,0,0,0,0,133,62,34,15,244,0,0,0,244
01/10/2014,JAX,FL,ASO,ES,Combined TRACON& Tower with Radar,131,64,28,24,247,0,0,2,0,2,131,64,30,24,249,0,0,0,249
01/11/2014,JAX,FL,ASO,ES,Combined TRACON& Tower with Radar,90,43,7,24,164,0,0,1,1,2,90,43,8,25,166,0,10,10,176
01/12/2014,JAX,FL,ASO,ES,Combined TRACON& Tower with Radar,116,54,26,6,202,0,0,15,3,18,116,54,41,9,220,0,0,0,220
01/13/2014,JAX,FL,ASO,ES,Combined TRACON& Tower with Radar,126,74,28,26,254,0,1,12,3,16,126,75,40,29,270,0,24,24,294
01/14/2014,JAX,FL,ASO,ES,Combined TRACON& Tower with Radar,118,64,17,26,225,0,0,3,15,18,118,64,20,41,243,0,0,0,243
01/15/2014,JAX,FL,ASO,ES,Combined TRACON& Tower with Radar,119,59,35,32,245,0,0,5,16,21,119,59,40,48,266,0,0,0,266
01/16/2014,JAX,FL,ASO,ES,Combined TRACON& Tower with Radar,128,65,27,8,228,0,0,8,0,8,128,65,35,8,236,4,14,18,254
01/17/2014,JAX,FL,ASO,ES,Combined TRACON& Tower with Radar,131,67,30,2,230,0,0,13,0,13,131,67,43,2,243,6,0,6,249
01/18/2014,JAX,FL,ASO,ES,Combined TRACON& Tower with Radar,92,43,7,0,142,0,0,9,0,9,92,43,16,0,151,0,0,0,151
01/19/2014,JAX,FL,ASO,ES,Combined TRACON& Tower with Radar,113,43,13,1,170,0,0,4,0,4,113,43,17,1,174,0,0,0,174
01/20/2014,JAX,FL,ASO,ES,Combined TRACON& Tower with Radar,126,68,25,1,220,0,0,4,0,4,126,68,29,1,224,0,0,0,224
01/21/2014,JAX,FL,ASO,ES,Combined TRACON& Tower with Radar,102,76,31,23,232,0,0,2,0,2,102,76,33,23,234,0,10,10,244
01/22/2014,JAX,FL,ASO,ES,Combined TRACON& Tower with Radar,117,59,27,9,212,0,0,16,2,18,117,59,43,11,230,0,0,0,230
01/23/2014,JAX,FL,ASO,ES,Combined TRACON& Tower with Radar,128,72,34,34,268,0,0,8,4,12,128,72,42,38,280,40,36,76,356
01/24/2014,JAX,FL,ASO,ES,Combined TRACON& Tower with Radar,128,56,22,33,239,0,1,12,4,17,128,57,34,37,256,0,0,0,256
01/25/2014,JAX,FL,ASO,ES,Combined TRACON& Tower with Radar,93,43,14,0,150,0,0,9,0,9,93,43,23,0,159,0,0,0,159
01/26/2014,JAX,FL,ASO,ES,Combined TRACON& Tower with Radar,120,44,22,0,186,0,0,4,0,4,120,44,26,0,190,0,0,0,190
01/27/2014,JAX,FL,ASO,ES,Combined TRACON& Tower with Radar,121,63,36,29,249,0,0,6,5,11,121,63,42,34,260,0,0,0,260
01/28/2014,JAX,FL,ASO,ES,Combined TRACON& Tower with Radar,101,50,24,37,212,0,0,0,0,0,101,50,24,37,212,0,0,0,212
01/29/2014,JAX,FL,ASO,ES,Combined TRACON& Tower with Radar,85,62,28,32,207,0,0,0,0,0,85,62,28,32,207,0,0,0,207
01/30/2014,JAX,FL,ASO,ES,Combined TRACON& Tower with Radar,112,72,47,14,245,0,0,0,1,1,112,72,47,15,246,0,0,0,246
01/31/2014,JAX,FL,ASO,ES,Combined TRACON& Tower with Radar,130,67,45,5,247,0,0,2,1,3,130,67,47,6,250,0,0,0,250
02/01/2014,JAX,FL,ASO,ES,Combined TRACON& Tower with Radar,90,37,16,0,143,0,0,3,0,3,90,37,19,0,146,0,0,0,146
02/02/2014,JAX,FL,ASO,ES,Combined TRACON& Tower with Radar,109,56,14,4,183,0,0,0,0,0,109,56,14,4,183,0,0,0,183
02/03/2014,JAX,FL,ASO,ES,Combined TRACON& Tower with Radar,108,47,39,0,194,0,0,7,0,7,108,47,46,0,201,0,0,0,201
02/04/2014,JAX,FL,ASO,ES,Combined TRACON& Tower with Radar,116,56,35,21,228,0,0,0,0,0,116,56,35,21,228,0,0,0,228
02/05/2014,JAX,FL,ASO,ES,Combined TRACON& Tower with Radar,110,47,21,38,216,0,0,1,4,5,110,47,22,42,221,0,8,8,229
02/06/2014,JAX,FL,ASO,ES,Combined TRACON& Tower with Radar,129,68,30,27,254,0,1,8,1,10,129,69,38,28,264,0,0,0,264
02/07/2014,JAX,FL,ASO,ES,Combined TRACON& Tower with Radar,127,63,34,11,235,0,0,4,1,5,127,63,38,12,240,0,0,0,240
02/08/2014,JAX,FL,ASO,ES,Combined TRACON& Tower with Radar,99,38,29,10,176,0,0,2,0,2,99,38,31,10,178,0,0,0,178
02/09/2014,JAX,FL,ASO,ES,Combined TRACON& Tower with Radar,119,42,16,21,198,0,1,10,10,21,119,43,26,31,219,0,0,0,219
02/10/2014,JAX,FL,ASO,ES,Combined TRACON& Tower with Radar,123,61,20,7,211,0,0,3,4,7,123,61,23,11,218,0,0,0,218
02/11/2014,JAX,FL,ASO,ES,Combined TRACON& Tower with Radar,111,67,26,41,245,0,0,1,2,3,111,67,27,43,248,0,8,8,256
02/12/2014,JAX,FL,ASO,ES,Combined TRACON& Tower with Radar,101,69,40,16,226,0,0,0,0,0,101,69,40,16,226,0,0,0,226
02/13/2014,JAX,FL,ASO,ES,Combined TRACON& Tower with Radar,79,53,36,32,200,0,0,0,5,5,79,53,36,37,205,0,52,52,257
02/14/2014,JAX,FL,ASO,ES,Combined TRACON& Tower with Radar,138,50,44,16,248,0,0,4,0,4,138,50,48,16,252,0,0,0,252
02/15/2014,JAX,FL,ASO,ES,Combined TRACON& Tower with Radar,102,36,29,0,167,0,1,6,0,7,102,37,35,0,174,0,0,0,174
02/16/2014,JAX,FL,ASO,ES,Combined TRACON& Tower with Radar,115,48,22,14,199,0,0,8,0,8,115,48,30,14,207,15,0,15,222
02/17/2014,JAX,FL,ASO,ES,Combined TRACON& Tower with Radar,132,52,19,0,203,0,0,7,0,7,132,52,26,0,210,0,0,0,210
02/18/2014,JAX,FL,ASO,ES,Combined TRACON& Tower with Radar,140,55,24,23,242,0,0,1,13,14,140,55,25,36,256,0,14,14,270
02/19/2014,JAX,FL,ASO,ES,Combined TRACON& Tower with Radar,135,61,32,27,255,0,1,14,3,18,135,62,46,30,273,0,0,0,273
02/20/2014,JAX,FL,ASO,ES,Combined TRACON& Tower with Radar,137,56,46,25,264,0,1,15,1,17,137,57,61,26,281,14,0,14,295
02/21/2014,JAX,FL,ASO,ES,Combined TRACON& Tower with Radar,132,48,28,17,225,0,0,2,0,2,132,48,30,17,227,0,0,0,227
02/22/2014,JAX,FL,ASO,ES,Combined TRACON& Tower with Radar,116,44,20,0,180,0,0,10,0,10,116,44,30,0,190,30,0,30,220
02/23/2014,JAX,FL,ASO,ES,Combined TRACON& Tower with Radar,125,66,17,0,208,0,0,0,0,0,125,66,17,0,208,0,0,0,208
02/24/2014,JAX,FL,ASO,ES,Combined TRACON& Tower with Radar,135,60,32,33,260,0,0,1,4,5,135,60,33,37,265,0,10,10,275
02/25/2014,JAX,FL,ASO,ES,Combined TRACON& Tower with Radar,138,65,43,9,255,0,0,7,33,40,138,65,50,42,295,0,0,0,295
02/26/2014,JAX,FL,ASO,ES,Combined TRACON& Tower with Radar,132,59,29,2,222,0,0,0,0,0,132,59,29,2,222,0,0,0,222
02/27/2014,JAX,FL,ASO,ES,Combined TRACON& Tower with Radar,139,70,36,24,269,0,0,6,1,7,139,70,42,25,276,0,0,0,276
02/28/2014,JAX,FL,ASO,ES,Combined TRACON& Tower with Radar,140,62,25,23,250,0,0,11,2,13,140,62,36,25,263,0,0,0,263
03/01/2014,JAX,FL,ASO,ES,Combined TRACON& Tower with Radar,112,44,10,20,186,0,0,8,0,8,112,44,18,20,194,0,0,0,194
03/02/2014,JAX,FL,ASO,ES,Combined TRACON& Tower with Radar,125,59,14,0,198,0,0,4,1,5,125,59,18,1,203,2,2,4,207
03/03/2014,JAX,FL,ASO,ES,Combined TRACON& Tower with Radar,124,46,26,15,211,0,0,8,0,8,124,46,34,15,219,0,14,14,233
03/04/2014,JAX,FL,ASO,ES,Combined TRACON& Tower with Radar,144,64,30,28,266,0,0,0,0,0,144,64,30,28,266,0,0,0,266
03/05/2014,JAX,FL,ASO,ES,Combined TRACON& Tower with Radar,149,54,37,13,253,0,0,0,0,0,149,54,37,13,253,0,0,0,253
03/06/2014,JAX,FL,ASO,ES,Combined TRACON& Tower with Radar,156,64,32,9,261,0,0,0,0,0,156,64,32,9,261,0,0,0,261
03/07/2014,JAX,FL,ASO,ES,Combined TRACON& Tower with Radar,152,66,46,18,282,0,0,3,0,3,152,66,49,18,285,0,0,0,285
03/08/2014,JAX,FL,ASO,ES,Combined TRACON& Tower with Radar,127,56,20,7,210,0,0,12,1,13,127,56,32,8,223,0,0,0,223
03/09/2014,JAX,FL,ASO,ES,Combined TRACON& Tower with Radar,141,47,34,4,226,0,0,15,0,15,141,47,49,4,241,0,0,0,241
03/10/2014,JAX,FL,ASO,ES,Combined TRACON& Tower with Radar,143,54,38,25,260,0,1,13,4,18,143,55,51,29,278,0,22,22,300
03/11/2014,JAX,FL,ASO,ES,Combined TRACON& Tower with Radar,151,62,32,35,280,0,0,4,8,12,151,62,36,43,292,0,18,18,310
03/12/2014,JAX,FL,ASO,ES,Combined TRACON& Tower with Radar,145,49,36,9,239,0,0,2,4,6,145,49,38,13,245,0,4,4,249
03/13/2014,JAX,FL,ASO,ES,Combined TRACON& Tower with Radar,149,57,34,15,255,0,0,3,3,6,149,57,37,18,261,2,26,28,289
03/14/2014,JAX,FL,ASO,ES,Combined TRACON& Tower with Radar,156,61,48,8,273,0,0,3,7,10,156,61,51,15,283,0,0,0,283
03/15/2014,JAX,FL,ASO,ES,Combined TRACON& Tower with Radar,126,53,15,12,206,0,0,1,0,1,126,53,16,12,207,0,0,0,207
03/16/2014,JAX,FL,ASO,ES,Combined TRACON& Tower with Radar,146,51,17,0,214,0,0,1,0,1,146,51,18,0,215,0,0,0,215
03/17/2014,JAX,FL,ASO,ES,Combined TRACON& Tower with Radar,142,43,14,0,199,0,0,0,0,0,142,43,14,0,199,0,0,0,199
03/18/2014,JAX,FL,ASO,ES,Combined TRACON& Tower with Radar,153,69,35,18,275,0,0,0,0,0,153,69,35,18,275,0,0,0,275
03/19/2014,JAX,FL,ASO,ES,Combined TRACON& Tower with Radar,147,52,42,15,256,0,0,3,3,6,147,52,45,18,262,0,0,0,262
03/20/2014,JAX,FL,ASO,ES,Combined TRACON& Tower with Radar,149,63,38,19,269,0,0,11,1,12,149,63,49,20,281,0,0,0,281
03/21/2014,JAX,FL,ASO,ES,Combined TRACON& Tower with Radar,151,61,26,8,246,0,1,9,1,11,151,62,35,9,257,0,0,0,257
03/22/2014,JAX,FL,ASO,ES,Combined TRACON& Tower with Radar,128,47,12,0,187,0,0,1,0,1,128,47,13,0,188,0,0,0,188
03/23/2014,JAX,FL,ASO,ES,Combined TRACON& Tower with Radar,144,42,21,1,208,0,0,3,0,3,144,42,24,1,211,0,0,0,211
03/24/2014,JAX,FL,ASO,ES,Combined TRACON& Tower with Radar,146,50,11,29,236,0,0,2,2,4,146,50,13,31,240,0,0,0,240
03/25/2014,JAX,FL,ASO,ES,Combined TRACON& Tower with Radar,150,55,22,19,246,0,0,2,2,4,150,55,24,21,250,0,4,4,254
03/26/2014,JAX,FL,ASO,ES,Combined TRACON& Tower with Radar,145,61,20,8,234,0,0,6,1,7,145,61,26,9,241,0,0,0,241
03/27/2014,JAX,FL,ASO,ES,Combined TRACON& Tower with Radar,152,63,17,6,238,0,1,1,1,3,152,64,18,7,241,0,6,6,247
03/28/2014,JAX,FL,ASO,ES,Combined TRACON& Tower with Radar,151,55,36,15,257,0,0,3,1,4,151,55,39,16,261,0,0,0,261
03/29/2014,JAX,FL,ASO,ES,Combined TRACON& Tower with Radar,140,45,18,0,203,0,0,9,0,9,140,45,27,0,212,8,0,8,220
03/30/2014,JAX,FL,ASO,ES,Combined TRACON& Tower with Radar,146,58,11,2,217,0,0,7,0,7,146,58,18,2,224,0,0,0,224
03/31/2014,JAX,FL,ASO,ES,Combined TRACON& Tower with Radar,142,58,13,8,221,0,0,9,1,10,142,58,22,9,231,0,0,0,231
04/01/2014,JAX,FL,ASO,ES,Combined TRACON& Tower with Radar,141,66,22,6,235,0,0,13,4,17,141,66,35,10,252,0,0,0,252
04/02/2014,JAX,FL,ASO,ES,Combined TRACON& Tower with Radar,142,59,25,25,251,0,0,3,3,6,142,59,28,28,257,0,28,28,285
04/03/2014,JAX,FL,ASO,ES,Combined TRACON& Tower with Radar,142,66,31,22,261,0,1,5,1,7,142,67,36,23,268,0,0,0,268
04/04/2014,JAX,FL,ASO,ES,Combined TRACON& Tower with Radar,140,59,29,21,249,0,0,6,0,6,140,59,35,21,255,0,0,0,255
04/05/2014,JAX,FL,ASO,ES,Combined TRACON& Tower with Radar,124,48,5,0,177,0,1,1,1,3,124,49,6,1,180,0,8,8,188
04/06/2014,JAX,FL,ASO,ES,Combined TRACON& Tower with Radar,144,52,23,4,223,0,0,2,0,2,144,52,25,4,225,0,0,0,225
04/07/2014,JAX,FL,ASO,ES,Combined TRACON& Tower with Radar,141,60,24,21,246,0,0,2,0,2,141,60,26,21,248,0,0,0,248
04/08/2014,JAX,FL,ASO,ES,Combined TRACON& Tower with Radar,144,72,25,16,257,0,0,0,0,0,144,72,25,16,257,0,0,0,257
04/09/2014,JAX,FL,ASO,ES,Combined TRACON& Tower with Radar,143,68,39,15,265,0,0,9,2,11,143,68,48,17,276,0,0,0,276
04/10/2014,JAX,FL,ASO,ES,Combined TRACON& Tower with Radar,146,66,45,8,265,0,0,3,7,10,146,66,48,15,275,0,0,0,275
04/11/2014,JAX,FL,ASO,ES,Combined TRACON& Tower with Radar,145,66,31,4,246,0,0,14,2,16,145,66,45,6,262,0,0,0,262
04/12/2014,JAX,FL,ASO,ES,Combined TRACON& Tower with Radar,120,52,19,12,203,0,0,11,4,15,120,52,30,16,218,8,0,8,226
04/13/2014,JAX,FL,ASO,ES,Combined TRACON& Tower with Radar,143,55,22,2,222,0,0,9,2,11,143,55,31,4,233,8,0,8,241
04/14/2014,JAX,FL,ASO,ES,Combined TRACON& Tower with Radar,137,57,25,0,219,0,5,9,1,15,137,62,34,1,234,24,0,24,258
04/15/2014,JAX,FL,ASO,ES,Combined TRACON& Tower with Radar,143,60,15,11,229,0,0,1,16,17,143,60,16,27,246,0,0,0,246
04/16/2014,JAX,FL,ASO,ES,Combined TRACON& Tower with Radar,150,69,36,42,297,0,0,2,3,5,150,69,38,45,302,0,0,0,302
04/17/2014,JAX,FL,ASO,ES,Combined TRACON& Tower with Radar,147,64,25,14,250,0,0,1,2,3,147,64,26,16,253,0,0,0,253
04/18/2014,JAX,FL,ASO,ES,Combined TRACON& Tower with Radar,144,61,16,2,223,0,0,1,0,1,144,61,17,2,224,0,0,0,224
04/19/2014,JAX,FL,ASO,ES,Combined TRACON& Tower with Radar,117,50,2,0,169,0,0,0,0,0,117,50,2,0,169,0,0,0,169
04/20/2014,JAX,FL,ASO,ES,Combined TRACON& Tower with Radar,140,56,10,0,206,0,0,0,0,0,140,56,10,0,206,0,0,0,206
04/21/2014,JAX,FL,ASO,ES,Combined TRACON& Tower with Radar,141,65,27,13,246,0,0,3,4,7,141,65,30,17,253,0,22,22,275
04/22/2014,JAX,FL,ASO,ES,Combined TRACON& Tower with Radar,144,71,35,17,267,0,2,8,2,12,144,73,43,19,279,8,48,56,335
04/23/2014,JAX,FL,ASO,ES,Combined TRACON& Tower with Radar,145,57,28,12,242,0,0,8,5,13,145,57,36,17,255,22,36,58,313
04/24/2014,JAX,FL,ASO,ES,Combined TRACON& Tower with Radar,149,65,33,43,290,0,0,5,1,6,149,65,38,44,296,2,36,38,334
04/25/2014,JAX,FL,ASO,ES,Combined TRACON& Tower with Radar,146,67,27,20,260,0,0,7,2,9,146,67,34,22,269,0,0,0,269
04/26/2014,JAX,FL,ASO,ES,Combined TRACON& Tower with Radar,124,46,8,15,193,0,0,8,1,9,124,46,16,16,202,5,18,23,225
04/27/2014,JAX,FL,ASO,ES,Combined TRACON& Tower with Radar,142,47,26,0,215,0,0,2,0,2,142,47,28,0,217,0,0,0,217
04/28/2014,JAX,FL,ASO,ES,Combined TRACON& Tower with Radar,149,67,57,14,287,0,0,8,4,12,149,67,65,18,299,0,0,0,299
04/29/2014,JAX,FL,ASO,ES,Combined TRACON& Tower with Radar,149,67,36,21,273,0,0,3,16,19,149,67,39,37,292,0,12,12,304
04/30/2014,JAX,FL,ASO,ES,Combined TRACON& Tower with Radar,149,56,40,26,271,0,0,22,8,30,149,56,62,34,301,0,0,0,301
05/01/2014,JAX,FL,ASO,ES,Combined TRACON& Tower with Radar,158,70,29,4,261,0,0,4,1,5,158,70,33,5,266,0,0,0,266
05/02/2014,JAX,FL,ASO,ES,Combined TRACON& Tower with Radar,153,69,15,22,259,0,0,0,3,3,153,69,15,25,262,14,0,14,276
05/03/2014,JAX,FL,ASO,ES,Combined TRACON& Tower with Radar,119,50,16,4,189,0,0,1,0,1,119,50,17,4,190,0,0,0,190
05/04/2014,JAX,FL,ASO,ES,Combined TRACON& Tower with Radar,142,59,30,3,234,0,0,5,3,8,142,59,35,6,242,12,0,12,254
05/05/2014,JAX,FL,ASO,ES,Combined TRACON& Tower with Radar,142,64,33,22,261,0,0,13,0,13,142,64,46,22,274,0,0,0,274
05/06/2014,JAX,FL,ASO,ES,Combined TRACON& Tower with Radar,147,63,17,8,235,0,0,9,4,13,147,63,26,12,248,0,34,34,282
05/07/2014,JAX,FL,ASO,ES,Combined TRACON& Tower with Radar,154,63,27,11,255,0,1,12,2,15,154,64,39,13,270,0,0,0,270
05/08/2014,JAX,FL,ASO,ES,Combined TRACON& Tower with Radar,149,64,31,7,251,0,0,7,20,27,149,64,38,27,278,0,54,54,332
05/09/2014,JAX,FL,ASO,ES,Combined TRACON& Tower with Radar,153,49,33,8,243,0,1,6,2,9,153,50,39,10,252,0,0,0,252
05/10/2014,JAX,FL,ASO,ES,Combined TRACON& Tower with Radar,120,44,15,0,179,0,0,6,0,6,120,44,21,0,185,0,0,0,185
05/11/2014,JAX,FL,ASO,ES,Combined TRACON& Tower with Radar,137,64,11,0,212,0,1,0,0,1,137,65,11,0,213,0,0,0,213
05/12/2014,JAX,FL,ASO,ES,Combined TRACON& Tower with Radar,139,70,39,10,258,0,0,6,5,11,139,70,45,15,269,0,96,96,365
05/13/2014,JAX,FL,ASO,ES,Combined TRACON& Tower with Radar,142,57,19,38,256,0,1,4,5,10,142,58,23,43,266,0,28,28,294
05/14/2014,JAX,FL,ASO,ES,Combined TRACON& Tower with Radar,151,50,30,35,266,0,0,1,5,6,151,50,31,40,272,0,32,32,304
05/15/2014,JAX,FL,ASO,ES,Combined TRACON& Tower with Radar,155,50,16,11,232,0,1,0,0,1,155,51,16,11,233,0,0,0,233
05/16/2014,JAX,FL,ASO,ES,Combined TRACON& Tower with Radar,143,60,21,38,262,0,0,10,8,18,143,60,31,46,280,54,0,54,334
05/17/2014,JAX,FL,ASO,ES,Combined TRACON& Tower with Radar,130,41,10,20,201,0,0,19,4,23,130,41,29,24,224,22,4,26,250
05/18/2014,JAX,FL,ASO,ES,Combined TRACON& Tower with Radar,142,54,19,9,224,0,0,8,0,8,142,54,27,9,232,0,0,0,232
05/19/2014,JAX,FL,ASO,ES,Combined TRACON& Tower with Radar,145,63,28,19,255,0,0,9,5,14,145,63,37,24,269,0,20,20,289
05/20/2014,JAX,FL,ASO,ES,Combined TRACON& Tower with Radar,151,65,39,24,279,0,1,29,5,35,151,66,68,29,314,30,22,52,366
05/21/2014,JAX,FL,ASO,ES,Combined TRACON& Tower with Radar,156,58,29,20,263,0,2,5,3,10,156,60,34,23,273,0,0,0,273
05/22/2014,JAX,FL,ASO,ES,Combined TRACON& Tower with Radar,148,67,33,11,259,0,1,10,2,13,148,68,43,13,272,0,16,16,288
05/23/2014,JAX,FL,ASO,ES,Combined TRACON& Tower with Radar,154,50,30,6,240,0,0,9,1,10,154,50,39,7,250,12,0,12,262
05/24/2014,JAX,FL,ASO,ES,Combined TRACON& Tower with Radar,121,45,6,0,172,0,0,4,4,8,121,45,10,4,180,0,0,0,180
05/25/2014,JAX,FL,ASO,ES,Combined TRACON& Tower with Radar,109,39,6,0,154,0,0,4,0,4,109,39,10,0,158,0,0,0,158
05/26/2014,JAX,FL,ASO,ES,Combined TRACON& Tower with Radar,128,48,12,2,190,0,0,4,0,4,128,48,16,2,194,0,0,0,194
05/27/2014,JAX,FL,ASO,ES,Combined TRACON& Tower with Radar,149,53,24,16,242,0,0,5,2,7,149,53,29,18,249,0,0,0,249
05/28/2014,JAX,FL,ASO,ES,Combined TRACON& Tower with Radar,152,50,35,10,247,0,0,15,8,23,152,50,50,18,270,0,12,12,282
05/29/2014,JAX,FL,ASO,ES,Combined TRACON& Tower with Radar,164,69,19,23,275,0,0,12,2,14,164,69,31,25,289,0,0,0,289
05/30/2014,JAX,FL,ASO,ES,Combined TRACON& Tower with Radar,154,53,19,6,232,0,1,8,1,10,154,54,27,7,242,0,0,0,242
05/31/2014,JAX,FL,ASO,ES,Combined TRACON& Tower with Radar,125,53,14,0,192,0,0,6,0,6,125,53,20,0,198,0,0,0,198
06/01/2014,JAX,FL,ASO,ES,Combined TRACON& Tower with Radar,145,55,18,12,230,0,0,1,0,1,145,55,19,12,231,0,12,12,243
06/02/2014,JAX,FL,ASO,ES,Combined TRACON& Tower with Radar,146,62,20,29,257,0,2,3,4,9,146,64,23,33,266,0,0,0,266
06/03/2014,JAX,FL,ASO,ES,Combined TRACON& Tower with Radar,155,59,31,8,253,0,1,9,4,14,155,60,40,12,267,5,0,5,272
06/04/2014,JAX,FL,ASO,ES,Combined TRACON& Tower with Radar,154,56,41,13,264,0,1,7,8,16,154,57,48,21,280,18,0,18,298
06/05/2014,JAX,FL,ASO,ES,Combined TRACON& Tower with Radar,152,55,26,8,241,0,0,4,0,4,152,55,30,8,245,0,0,0,245
06/06/2014,JAX,FL,ASO,ES,Combined TRACON& Tower with Radar,155,50,20,10,235,0,0,3,2,5,155,50,23,12,240,0,0,0,240
06/07/2014,JAX,FL,ASO,ES,Combined TRACON& Tower with Radar,129,52,6,11,198,0,2,2,2,6,129,54,8,13,204,6,20,26,230
06/08/2014,JAX,FL,ASO,ES,Combined TRACON& Tower with Radar,148,48,18,11,225,0,0,5,0,5,148,48,23,11,230,0,0,0,230
06/09/2014,JAX,FL,ASO,ES,Combined TRACON& Tower with Radar,154,38,31,8,231,0,0,7,1,8,154,38,38,9,239,0,6,6,245
06/10/2014,JAX,FL,ASO,ES,Combined TRACON& Tower with Radar,166,57,22,2,247,0,0,3,1,4,166,57,25,3,251,0,0,0,251
06/11/2014,JAX,FL,ASO,ES,Combined TRACON& Tower with Radar,154,54,29,4,241,0,0,1,0,1,154,54,30,4,242,0,0,0,242
06/12/2014,JAX,FL,ASO,ES,Combined TRACON& Tower with Radar,157,59,23,5,244,0,1,3,3,7,157,60,26,8,251,0,0,0,251
06/13/2014,JAX,FL,ASO,ES,Combined TRACON& Tower with Radar,150,51,31,2,234,0,1,3,10,14,150,52,34,12,248,0,0,0,248
06/14/2014,JAX,FL,ASO,ES,Combined TRACON& Tower with Radar,126,40,12,4,182,0,2,3,0,5,126,42,15,4,187,0,0,0,187
06/15/2014,JAX,FL,ASO,ES,Combined TRACON& Tower with Radar,143,40,9,0,192,0,0,3,7,10,143,40,12,7,202,0,0,0,202
06/16/2014,JAX,FL,ASO,ES,Combined TRACON& Tower with Radar,149,57,23,26,255,0,0,2,2,4,149,57,25,28,259,0,0,0,259
06/17/2014,JAX,FL,ASO,ES,Combined TRACON& Tower with Radar,152,51,25,6,234,0,0,6,1,7,152,51,31,7,241,8,10,18,259
06/18/2014,JAX,FL,ASO,ES,Combined TRACON& Tower with Radar,148,58,27,15,248,0,3,7,6,16,148,61,34,21,264,4,4,8,272
06/19/2014,JAX,FL,ASO,ES,Combined TRACON& Tower with Radar,146,63,33,16,258,0,3,7,2,12,146,66,40,18,270,0,4,4,274
06/20/2014,JAX,FL,ASO,ES,Combined TRACON& Tower with Radar,159,48,41,1,249,0,0,19,2,21,159,48,60,3,270,0,0,0,270
06/21/2014,JAX,FL,ASO,ES,Combined TRACON& Tower with Radar,128,44,11,0,183,0,1,8,2,11,128,45,19,2,194,0,0,0,194
06/22/2014,JAX,FL,ASO,ES,Combined TRACON& Tower with Radar,143,46,18,0,207,0,0,3,0,3,143,46,21,0,210,0,0,0,210
06/23/2014,JAX,FL,ASO,ES,Combined TRACON& Tower with Radar,146,51,26,17,240,0,2,1,3,6,146,53,27,20,246,0,18,18,264
06/24/2014,JAX,FL,ASO,ES,Combined TRACON& Tower with Radar,152,54,26,3,235,0,0,4,1,5,152,54,30,4,240,0,0,0,240
06/25/2014,JAX,FL,ASO,ES,Combined TRACON& Tower with Radar,146,52,28,0,226,0,0,3,2,5,146,52,31,2,231,0,2,2,233
06/26/2014,JAX,FL,ASO,ES,Combined TRACON& Tower with Radar,161,59,19,1,240,0,0,3,6,9,161,59,22,7,249,0,10,10,259
06/27/2014,JAX,FL,ASO,ES,Combined TRACON& Tower with Radar,166,45,18,9,238,0,1,8,11,20,166,46,26,20,258,0,0,0,258
06/28/2014,JAX,FL,ASO,ES,Combined TRACON& Tower with Radar,128,37,20,3,188,0,2,4,0,6,128,39,24,3,194,0,0,0,194
06/29/2014,JAX,FL,ASO,ES,Combined TRACON& Tower with Radar,143,42,8,13,206,0,0,3,6,9,143,42,11,19,215,0,0,0,215
06/30/2014,JAX,FL,ASO,ES,Combined TRACON& Tower with Radar,143,37,10,7,197,0,0,4,0,4,143,37,14,7,201,0,0,0,201
07/01/2014,JAX,FL,ASO,ES,Combined TRACON& Tower with Radar,148,47,26,3,224,0,0,13,3,16,148,47,39,6,240,4,14,18,258
07/02/2014,JAX,FL,ASO,ES,Combined TRACON& Tower with Radar,154,47,28,4,233,0,0,3,1,4,154,47,31,5,237,0,0,0,237
07/03/2014,JAX,FL,ASO,ES,Combined TRACON& Tower with Radar,132,47,21,8,208,0,0,2,0,2,132,47,23,8,210,0,0,0,210
07/04/2014,JAX,FL,ASO,ES,Combined TRACON& Tower with Radar,100,31,6,0,137,0,0,1,0,1,100,31,7,0,138,0,0,0,138
07/05/2014,JAX,FL,ASO,ES,Combined TRACON& Tower with Radar,122,34,10,0,166,0,0,4,0,4,122,34,14,0,170,0,0,0,170
07/06/2014,JAX,FL,ASO,ES,Combined TRACON& Tower with Radar,151,44,16,0,211,0,2,7,0,9,151,46,23,0,220,10,0,10,230
07/07/2014,JAX,FL,ASO,ES,Combined TRACON& Tower with Radar,150,49,29,16,244,0,0,5,0,5,150,49,34,16,249,0,0,0,249
07/08/2014,JAX,FL,ASO,ES,Combined TRACON& Tower with Radar,144,55,24,11,234,0,2,9,4,15,144,57,33,15,249,0,40,40,289
07/09/2014,JAX,FL,ASO,ES,Combined TRACON& Tower with Radar,158,57,25,9,249,0,1,8,4,13,158,58,33,13,262,0,0,0,262
07/10/2014,JAX,FL,ASO,ES,Combined TRACON& Tower with Radar,152,57,27,17,253,0,2,2,3,7,152,59,29,20,260,6,8,14,274
07/11/2014,JAX,FL,ASO,ES,Combined TRACON& Tower with Radar,151,50,19,19,239,0,2,0,3,5,151,52,19,22,244,0,10,10,254
07/12/2014,JAX,FL,ASO,ES,Combined TRACON& Tower with Radar,125,40,16,0,181,0,0,2,0,2,125,40,18,0,183,0,0,0,183
07/13/2014,JAX,FL,ASO,ES,Combined TRACON& Tower with Radar,141,41,12,1,195,0,0,1,0,1,141,41,13,1,196,0,0,0,196
07/14/2014,JAX,FL,ASO,ES,Combined TRACON& Tower with Radar,142,57,20,28,247,0,0,2,6,8,142,57,22,34,255,0,0,0,255
07/15/2014,JAX,FL,ASO,ES,Combined TRACON& Tower with Radar,138,50,26,12,226,0,0,4,2,6,138,50,30,14,232,0,0,0,232
07/16/2014,JAX,FL,ASO,ES,Combined TRACON& Tower with Radar,164,53,27,10,254,0,0,1,0,1,164,53,28,10,255,0,0,0,255
07/17/2014,JAX,FL,ASO,ES,Combined TRACON& Tower with Radar,151,57,23,18,249,0,2,6,4,12,151,59,29,22,261,0,0,0,261
07/18/2014,JAX,FL,ASO,ES,Combined TRACON& Tower with Radar,146,54,24,23,247,0,0,8,1,9,146,54,32,24,256,0,0,0,256
07/19/2014,JAX,FL,ASO,ES,Combined TRACON& Tower with Radar,127,40,19,17,203,0,0,11,3,14,127,40,30,20,217,44,26,70,287
07/20/2014,JAX,FL,ASO,ES,Combined TRACON& Tower with Radar,143,49,16,0,208,0,0,12,0,12,143,49,28,0,220,54,0,54,274
07/21/2014,JAX,FL,ASO,ES,Combined TRACON& Tower with Radar,142,59,27,0,228,0,3,5,0,8,142,62,32,0,236,10,0,10,246
07/22/2014,JAX,FL,ASO,ES,Combined TRACON& Tower with Radar,146,54,18,6,224,0,0,3,2,5,146,54,21,8,229,0,0,0,229
07/23/2014,JAX,FL,ASO,ES,Combined TRACON& Tower with Radar,146,54,27,7,234,0,0,6,3,9,146,54,33,10,243,0,6,6,249
07/24/2014,JAX,FL,ASO,ES,Combined TRACON& Tower with Radar,153,60,28,12,253,0,2,4,4,10,153,62,32,16,263,0,0,0,263
07/25/2014,JAX,FL,ASO,ES,Combined TRACON& Tower with Radar,153,58,23,7,241,0,0,8,6,14,153,58,31,13,255,2,10,12,267
07/26/2014,JAX,FL,ASO,ES,Combined TRACON& Tower with Radar,125,37,12,5,179,0,1,7,4,12,125,38,19,9,191,0,0,0,191
07/27/2014,JAX,FL,ASO,ES,Combined TRACON& Tower with Radar,147,50,15,6,218,0,0,4,2,6,147,50,19,8,224,0,6,6,230
07/28/2014,JAX,FL,ASO,ES,Combined TRACON& Tower with Radar,145,48,17,28,238,0,0,7,1,8,145,48,24,29,246,0,6,6,252
07/29/2014,JAX,FL,ASO,ES,Combined TRACON& Tower with Radar,150,45,16,9,220,0,3,7,1,11,150,48,23,10,231,0,0,0,231
07/30/2014,JAX,FL,ASO,ES,Combined TRACON& Tower with Radar,151,52,26,9,238,0,5,2,1,8,151,57,28,10,246,0,0,0,246
07/31/2014,JAX,FL,ASO,ES,Combined TRACON& Tower with Radar,151,61,36,4,252,0,0,6,1,7,151,61,42,5,259,0,0,0,259
08/01/2014,JAX,FL,ASO,ES,Combined TRACON& Tower with Radar,150,45,21,6,222,0,0,12,1,13,150,45,33,7,235,0,0,0,235
08/02/2014,JAX,FL,ASO,ES,Combined TRACON& Tower with Radar,127,40,7,0,174,0,0,1,0,1,127,40,8,0,175,0,0,0,175
08/03/2014,JAX,FL,ASO,ES,Combined TRACON& Tower with Radar,177,60,16,1,254,0,0,5,1,6,177,60,21,2,260,0,0,0,260
08/04/2014,JAX,FL,ASO,ES,Combined TRACON& Tower with Radar,145,48,20,12,225,0,1,4,0,5,145,49,24,12,230,0,0,0,230
08/05/2014,JAX,FL,ASO,ES,Combined TRACON& Tower with Radar,145,46,13,8,212,0,0,0,1,1,145,46,13,9,213,14,40,54,267
08/06/2014,JAX,FL,ASO,ES,Combined TRACON& Tower with Radar,153,48,27,15,243,0,0,7,1,8,153,48,34,16,251,0,0,0,251
08/07/2014,JAX,FL,ASO,ES,Combined TRACON& Tower with Radar,149,69,23,25,266,0,2,8,2,12,149,71,31,27,278,8,10,18,296
08/08/2014,JAX,FL,ASO,ES,Combined TRACON& Tower with Radar,148,66,31,8,253,0,0,3,6,9,148,66,34,14,262,30,0,30,292
08/09/2014,JAX,FL,ASO,ES,Combined TRACON& Tower with Radar,130,38,12,0,180,0,0,5,0,5,130,38,17,0,185,0,0,0,185
08/10/2014,JAX,FL,ASO,ES,Combined TRACON& Tower with Radar,142,48,14,0,204,0,0,0,6,6,142,48,14,6,210,0,0,0,210
08/11/2014,JAX,FL,ASO,ES,Combined TRACON& Tower with Radar,154,58,33,22,267,0,0,2,2,4,154,58,35,24,271,0,0,0,271
08/12/2014,JAX,FL,ASO,ES,Combined TRACON& Tower with Radar,139,49,41,20,249,0,0,7,2,9,139,49,48,22,258,0,0,0,258
08/13/2014,JAX,FL,ASO,ES,Combined TRACON& Tower with Radar,146,62,35,9,252,0,0,1,4,5,146,62,36,13,257,30,0,30,287
08/14/2014,JAX,FL,ASO,ES,Combined TRACON& Tower with Radar,150,63,25,23,261,0,0,7,2,9,150,63,32,25,270,0,0,0,270
08/15/2014,JAX,FL,ASO,ES,Combined TRACON& Tower with Radar,154,51,21,24,250,0,0,7,8,15,154,51,28,32,265,20,0,20,285
08/16/2014,JAX,FL,ASO,ES,Combined TRACON& Tower with Radar,118,44,17,7,186,0,1,7,6,14,118,45,24,13,200,0,0,0,200
08/17/2014,JAX,FL,ASO,ES,Combined TRACON& Tower with Radar,135,44,9,0,188,0,0,2,6,8,135,44,11,6,196,0,0,0,196
08/18/2014,JAX,FL,ASO,ES,Combined TRACON& Tower with Radar,148,55,17,29,249,0,0,3,3,6,148,55,20,32,255,12,0,12,267
08/19/2014,JAX,FL,ASO,ES,Combined TRACON& Tower with Radar,143,65,24,52,284,0,1,9,0,10,143,66,33,52,294,0,0,0,294
08/20/2014,JAX,FL,ASO,ES,Combined TRACON& Tower with Radar,145,62,21,18,246,0,2,7,11,20,145,64,28,29,266,12,16,28,294
08/21/2014,JAX,FL,ASO,ES,Combined TRACON& Tower with Radar,147,64,31,18,260,0,0,11,0,11,147,64,42,18,271,10,0,10,281
08/22/2014,JAX,FL,ASO,ES,Combined TRACON& Tower with Radar,145,66,26,8,245,0,0,9,5,14,145,66,35,13,259,0,26,26,285
08/23/2014,JAX,FL,ASO,ES,Combined TRACON& Tower with Radar,120,38,6,5,169,0,0,6,1,7,120,38,12,6,176,0,0,0,176
08/24/2014,JAX,FL,ASO,ES,Combined TRACON& Tower with Radar,134,49,21,0,204,0,0,2,1,3,134,49,23,1,207,0,0,0,207
08/25/2014,JAX,FL,ASO,ES,Combined TRACON& Tower with Radar,147,62,25,19,253,0,0,3,5,8,147,62,28,24,261,0,25,25,286
08/26/2014,JAX,FL,ASO,ES,Combined TRACON& Tower with Radar,147,58,39,11,255,0,0,1,1,2,147,58,40,12,257,0,12,12,269
08/27/2014,JAX,FL,ASO,ES,Combined TRACON& Tower with Radar,151,57,20,14,242,0,4,3,7,14,151,61,23,21,256,0,0,0,256
08/28/2014,JAX,FL,ASO,ES,Combined TRACON& Tower with Radar,161,65,27,7,260,0,2,4,4,10,161,67,31,11,270,0,0,0,270
08/29/2014,JAX,FL,ASO,ES,Combined TRACON& Tower with Radar,152,67,21,0,240,0,0,6,0,6,152,67,27,0,246,0,0,0,246
08/30/2014,JAX,FL,ASO,ES,Combined TRACON& Tower with Radar,112,33,11,2,158,0,0,5,0,5,112,33,16,2,163,0,0,0,163
08/31/2014,JAX,FL,ASO,ES,Combined TRACON& Tower with Radar,108,38,13,0,159,0,0,7,0,7,108,38,20,0,166,0,0,0,166
09/01/2014,JAX,FL,ASO,ES,Combined TRACON& Tower with Radar,127,59,7,0,193,0,0,0,1,1,127,59,7,1,194,0,0,0,194
09/02/2014,JAX,FL,ASO,ES,Combined TRACON& Tower with Radar,141,61,18,24,244,0,2,1,1,4,141,63,19,25,248,0,0,0,248
09/03/2014,JAX,FL,ASO,ES,Combined TRACON& Tower with Radar,138,63,31,17,249,0,4,7,1,12,138,67,38,18,261,0,28,28,289
09/04/2014,JAX,FL,ASO,ES,Combined TRACON& Tower with Radar,133,56,26,15,230,0,4,5,1,10,133,60,31,16,240,0,8,8,248
09/05/2014,JAX,FL,ASO,ES,Combined TRACON& Tower with Radar,133,58,7,13,211,0,0,1,2,3,133,58,8,15,214,0,0,0,214
09/06/2014,JAX,FL,ASO,ES,Combined TRACON& Tower with Radar,98,34,8,9,149,0,0,3,0,3,98,34,11,9,152,0,0,0,152
09/07/2014,JAX,FL,ASO,ES,Combined TRACON& Tower with Radar,134,47,14,9,204,0,0,2,0,2,134,47,16,9,206,0,0,0,206
09/08/2014,JAX,FL,ASO,ES,Combined TRACON& Tower with Radar,145,67,21,13,246,0,0,2,1,3,145,67,23,14,249,0,0,0,249
09/09/2014,JAX,FL,ASO,ES,Combined TRACON& Tower with Radar,142,76,18,12,248,0,0,0,5,5,142,76,18,17,253,0,18,18,271
09/10/2014,JAX,FL,ASO,ES,Combined TRACON& Tower with Radar,144,72,20,19,255,0,0,6,4,10,144,72,26,23,265,0,0,0,265
09/11/2014,JAX,FL,ASO,ES,Combined TRACON& Tower with Radar,144,66,17,21,248,0,2,12,6,20,144,68,29,27,268,0,14,14,282
09/12/2014,JAX,FL,ASO,ES,Combined TRACON& Tower with Radar,143,68,35,12,258,0,4,1,5,10,143,72,36,17,268,6,2,8,276
09/13/2014,JAX,FL,ASO,ES,Combined TRACON& Tower with Radar,109,42,13,24,188,0,1,5,23,29,109,43,18,47,217,0,14,14,231
09/14/2014,JAX,FL,ASO,ES,Combined TRACON& Tower with Radar,137,53,12,3,205,0,0,2,2,4,137,53,14,5,209,15,0,15,224
09/15/2014,JAX,FL,ASO,ES,Combined TRACON& Tower with Radar,139,61,31,15,246,0,0,0,3,3,139,61,31,18,249,0,18,18,267
09/16/2014,JAX,FL,ASO,ES,Combined TRACON& Tower with Radar,146,62,24,7,239,0,0,0,2,2,146,62,24,9,241,0,0,0,241
09/17/2014,JAX,FL,ASO,ES,Combined TRACON& Tower with Radar,144,60,20,7,231,0,6,7,2,15,144,66,27,9,246,0,16,16,262
09/18/2014,JAX,FL,ASO,ES,Combined TRACON& Tower with Radar,145,70,18,16,249,0,6,3,2,11,145,76,21,18,260,0,12,12,272
09/19/2014,JAX,FL,ASO,ES,Combined TRACON& Tower with Radar,145,73,25,13,256,0,0,7,6,13,145,73,32,19,269,16,0,16,285
09/20/2014,JAX,FL,ASO,ES,Combined TRACON& Tower with Radar,101,43,37,0,181,0,0,2,0,2,101,43,39,0,183,0,0,0,183
09/21/2014,JAX,FL,ASO,ES,Combined TRACON& Tower with Radar,132,47,18,7,204,0,0,4,2,6,132,47,22,9,210,0,0,0,210
09/22/2014,JAX,FL,ASO,ES,Combined TRACON& Tower with Radar,139,61,24,9,233,0,2,7,5,14,139,63,31,14,247,0,6,6,253
09/23/2014,JAX,FL,ASO,ES,Combined TRACON& Tower with Radar,141,78,20,5,244,0,0,0,1,1,141,78,20,6,245,0,0,0,245
09/24/2014,JAX,FL,ASO,ES,Combined TRACON& Tower with Radar,141,66,22,5,234,0,0,0,0,0,141,66,22,5,234,0,0,0,234
09/25/2014,JAX,FL,ASO,ES,Combined TRACON& Tower with Radar,137,72,26,6,241,0,0,6,0,6,137,72,32,6,247,8,0,8,255
09/26/2014,JAX,FL,ASO,ES,Combined TRACON& Tower with Radar,147,64,29,11,251,0,0,0,0,0,147,64,29,11,251,0,8,8,259
09/27/2014,JAX,FL,ASO,ES,Combined TRACON& Tower with Radar,93,33,8,0,134,0,0,0,0,0,93,33,8,0,134,0,0,0,134
09/28/2014,JAX,FL,ASO,ES,Combined TRACON& Tower with Radar,132,50,32,0,214,0,0,2,0,2,132,50,34,0,216,6,0,6,222
09/29/2014,JAX,FL,ASO,ES,Combined TRACON& Tower with Radar,141,62,19,8,230,0,0,0,0,0,141,62,19,8,230,0,0,0,230
09/30/2014,JAX,FL,ASO,ES,Combined TRACON& Tower with Radar,143,65,19,6,233,0,0,3,2,5,143,65,22,8,238,16,0,16,254
10/01/2014,JAX,FL,ASO,ES,Combined TRACON& Tower with Radar,137,59,27,26,249,0,12,1,5,18,137,71,28,31,267,6,4,10,277
10/02/2014,JAX,FL,ASO,ES,Combined TRACON& Tower with Radar,151,61,32,20,264,0,2,2,1,5,151,63,34,21,269,0,0,0,269
10/03/2014,JAX,FL,ASO,ES,Combined TRACON& Tower with Radar,149,64,18,19,250,0,2,4,2,8,149,66,22,21,258,0,0,0,258
10/04/2014,JAX,FL,ASO,ES,Combined TRACON& Tower with Radar,114,36,8,11,169,0,2,7,2,11,114,38,15,13,180,2,0,2,182
10/05/2014,JAX,FL,ASO,ES,Combined TRACON& Tower with Radar,144,50,14,2,210,0,3,7,0,10,144,53,21,2,220,0,0,0,220
10/06/2014,JAX,FL,ASO,ES,Combined TRACON& Tower with Radar,145,47,27,22,241,0,2,4,1,7,145,49,31,23,248,2,0,2,250
10/07/2014,JAX,FL,ASO,ES,Combined TRACON& Tower with Radar,158,57,44,12,271,0,1,10,7,18,158,58,54,19,289,4,64,68,357
10/08/2014,JAX,FL,ASO,ES,Combined TRACON& Tower with Radar,155,59,28,32,274,0,1,10,5,16,155,60,38,37,290,6,42,48,338
10/09/2014,JAX,FL,ASO,ES,Combined TRACON& Tower with Radar,151,60,30,32,273,0,3,12,9,24,151,63,42,41,297,2,66,68,365
10/10/2014,JAX,FL,ASO,ES,Combined TRACON& Tower with Radar,147,62,29,6,244,0,0,11,2,13,147,62,40,8,257,0,0,0,257
10/11/2014,JAX,FL,ASO,ES,Combined TRACON& Tower with Radar,115,27,11,0,153,0,0,4,0,4,115,27,15,0,157,0,0,0,157
10/12/2014,JAX,FL,ASO,ES,Combined TRACON& Tower with Radar,141,41,25,2,209,0,0,4,3,7,141,41,29,5,216,0,0,0,216
10/13/2014,JAX,FL,ASO,ES,Combined TRACON& Tower with Radar,146,50,37,1,234,0,1,10,1,12,146,51,47,2,246,0,0,0,246
10/14/2014,JAX,FL,ASO,ES,Combined TRACON& Tower with Radar,151,49,22,9,231,0,1,4,1,6,151,50,26,10,237,0,0,0,237
10/15/2014,JAX,FL,ASO,ES,Combined TRACON& Tower with Radar,148,62,31,12,253,0,4,5,5,14,148,66,36,17,267,0,0,0,267
10/16/2014,JAX,FL,ASO,ES,Combined TRACON& Tower with Radar,145,58,26,16,245,0,2,6,7,15,145,60,32,23,260,16,0,16,276
10/17/2014,JAX,FL,ASO,ES,Combined TRACON& Tower with Radar,155,49,26,14,244,0,0,12,10,22,155,49,38,24,266,2,4,6,272
10/18/2014,JAX,FL,ASO,ES,Combined TRACON& Tower with Radar,111,41,11,10,173,0,4,3,3,10,111,45,14,13,183,0,0,0,183
10/19/2014,JAX,FL,ASO,ES,Combined TRACON& Tower with Radar,141,51,22,15,229,0,0,10,0,10,141,51,32,15,239,0,0,0,239
10/20/2014,JAX,FL,ASO,ES,Combined TRACON& Tower with Radar,148,57,24,11,240,0,0,6,2,8,148,57,30,13,248,0,22,22,270
10/21/2014,JAX,FL,ASO,ES,Combined TRACON& Tower with Radar,148,57,37,11,253,0,4,22,4,30,148,61,59,15,283,12,14,26,309
10/22/2014,JAX,FL,ASO,ES,Combined TRACON& Tower with Radar,148,58,25,24,255,0,4,15,5,24,148,62,40,29,279,34,0,34,313
10/23/2014,JAX,FL,ASO,ES,Combined TRACON& Tower with Radar,150,68,37,21,276,0,5,15,5,25,150,73,52,26,301,6,2,8,309
10/24/2014,JAX,FL,ASO,ES,Combined TRACON& Tower with Radar,152,63,26,8,249,0,0,5,5,10,152,63,31,13,259,0,0,0,259
10/25/2014,JAX,FL,ASO,ES,Combined TRACON& Tower with Radar,112,29,11,0,152,0,2,4,0,6,112,31,15,0,158,0,0,0,158
10/26/2014,JAX,FL,ASO,ES,Combined TRACON& Tower with Radar,143,55,21,3,222,0,0,7,6,13,143,55,28,9,235,0,0,0,235
10/27/2014,JAX,FL,ASO,ES,Combined TRACON& Tower with Radar,146,57,42,14,259,0,0,10,2,12,146,57,52,16,271,10,12,22,293
10/28/2014,JAX,FL,ASO,ES,Combined TRACON& Tower with Radar,148,72,36,31,287,0,0,4,7,11,148,72,40,38,298,0,18,18,316
10/29/2014,JAX,FL,ASO,ES,Combined TRACON& Tower with Radar,145,71,30,14,260,0,0,4,5,9,145,71,34,19,269,0,28,28,297
10/30/2014,JAX,FL,ASO,ES,Combined TRACON& Tower with Radar,150,66,26,12,254,0,0,5,1,6,150,66,31,13,260,0,0,0,260
10/31/2014,JAX,FL,ASO,ES,Combined TRACON& Tower with Radar,145,64,18,14,241,1,2,8,1,12,146,66,26,15,253,8,4,12,265
11/01/2014,JAX,FL,ASO,ES,Combined TRACON& Tower with Radar,110,40,27,10,187,0,0,3,13,16,110,40,30,23,203,0,46,46,249
11/02/2014,JAX,FL,ASO,ES,Combined TRACON& Tower with Radar,139,59,15,0,213,0,0,8,2,10,139,59,23,2,223,0,0,0,223
11/03/2014,JAX,FL,ASO,ES,Combined TRACON& Tower with Radar,139,70,18,33,260,0,1,6,0,7,139,71,24,33,267,16,0,16,283
11/04/2014,JAX,FL,ASO,ES,Combined TRACON& Tower with Radar,144,67,10,25,246,0,2,6,2,10,144,69,16,27,256,0,0,0,256
11/05/2014,JAX,FL,ASO,ES,Combined TRACON& Tower with Radar,148,59,29,41,277,0,1,8,3,12,148,60,37,44,289,2,60,62,351
11/06/2014,JAX,FL,ASO,ES,Combined TRACON& Tower with Radar,145,67,30,69,311,0,0,6,6,12,145,67,36,75,323,6,10,16,339
11/07/2014,JAX,FL,ASO,ES,Combined TRACON& Tower with Radar,151,58,22,41,272,0,0,16,6,22,151,58,38,47,294,4,26,30,324
11/08/2014,JAX,FL,ASO,ES,Combined TRACON& Tower with Radar,118,29,11,1,159,0,2,8,0,10,118,31,19,1,169,4,0,4,173
11/09/2014,JAX,FL,ASO,ES,Combined TRACON& Tower with Radar,146,43,40,2,231,0,2,7,4,13,146,45,47,6,244,0,10,10,254
11/10/2014,JAX,FL,ASO,ES,Combined TRACON& Tower with Radar,143,48,35,0,226,0,0,2,0,2,143,48,37,0,228,0,0,0,228
11/11/2014,JAX,FL,ASO,ES,Combined TRACON& Tower with Radar,146,60,23,0,229,0,0,6,4,10,146,60,29,4,239,6,0,6,245
11/12/2014,JAX,FL,ASO,ES,Combined TRACON& Tower with Radar,147,61,41,25,274,0,5,10,0,15,147,66,51,25,289,0,0,0,289
11/13/2014,JAX,FL,ASO,ES,Combined TRACON& Tower with Radar,149,64,51,46,310,0,1,8,6,15,149,65,59,52,325,6,43,49,374
11/14/2014,JAX,FL,ASO,ES,Combined TRACON& Tower with Radar,148,54,48,53,303,0,0,8,6,14,148,54,56,59,317,0,0,0,317
11/15/2014,JAX,FL,ASO,ES,Combined TRACON& Tower with Radar,117,28,10,11,166,0,0,0,7,7,117,28,10,18,173,0,0,0,173
11/16/2014,JAX,FL,ASO,ES,Combined TRACON& Tower with Radar,146,51,16,10,223,0,0,11,5,16,146,51,27,15,239,2,18,20,259
11/17/2014,JAX,FL,ASO,ES,Combined TRACON& Tower with Radar,139,47,32,26,244,0,0,2,1,3,139,47,34,27,247,0,0,0,247
11/18/2014,JAX,FL,ASO,ES,Combined TRACON& Tower with Radar,149,66,44,25,284,0,0,9,8,17,149,66,53,33,301,6,20,26,327
11/19/2014,JAX,FL,ASO,ES,Combined TRACON& Tower with Radar,149,57,27,21,254,0,0,1,1,2,149,57,28,22,256,0,16,16,272
11/20/2014,JAX,FL,ASO,ES,Combined TRACON& Tower with Radar,149,67,23,7,246,0,1,0,9,10,149,68,23,16,256,0,0,0,256
11/21/2014,JAX,FL,ASO,ES,Combined TRACON& Tower with Radar,152,70,34,41,297,0,0,11,2,13,152,70,45,43,310,0,0,0,310
11/22/2014,JAX,FL,ASO,ES,Combined TRACON& Tower with Radar,123,27,13,0,163,0,0,3,0,3,123,27,16,0,166,0,0,0,166
11/23/2014,JAX,FL,ASO,ES,Combined TRACON& Tower with Radar,145,48,11,0,204,0,0,0,0,0,145,48,11,0,204,0,0,0,204
11/24/2014,JAX,FL,ASO,ES,Combined TRACON& Tower with Radar,133,57,36,64,290,0,0,2,10,12,133,57,38,74,302,0,0,0,302
11/25/2014,JAX,FL,ASO,ES,Combined TRACON& Tower with Radar,160,65,19,8,252,0,2,0,0,2,160,67,19,8,254,0,0,0,254
11/26/2014,JAX,FL,ASO,ES,Combined TRACON& Tower with Radar,160,57,21,5,243,0,0,3,0,3,160,57,24,5,246,0,0,0,246
11/27/2014,JAX,FL,ASO,ES,Combined TRACON& Tower with Radar,89,29,4,0,122,0,0,1,2,3,89,29,5,2,125,0,0,0,125
11/28/2014,JAX,FL,ASO,ES,Combined TRACON& Tower with Radar,108,43,8,0,159,0,4,2,0,6,108,47,10,0,165,0,0,0,165
11/29/2014,JAX,FL,ASO,ES,Combined TRACON& Tower with Radar,137,48,21,1,207,0,0,6,2,8,137,48,27,3,215,0,6,6,221
11/30/2014,JAX,FL,ASO,ES,Combined TRACON& Tower with Radar,152,66,40,0,258,0,0,8,0,8,152,66,48,0,266,0,0,0,266
12/01/2014,JAX,FL,ASO,ES,Combined TRACON& Tower with Radar,151,61,18,27,257,0,1,1,2,4,151,62,19,29,261,0,0,0,261
12/02/2014,JAX,FL,ASO,ES,Combined TRACON& Tower with Radar,149,50,30,23,252,0,0,3,2,5,149,50,33,25,257,0,0,0,257
12/03/2014,JAX,FL,ASO,ES,Combined TRACON& Tower with Radar,144,57,32,9,242,0,1,0,1,2,144,58,32,10,244,0,12,12,256
12/04/2014,JAX,FL,ASO,ES,Combined TRACON& Tower with Radar,149,67,37,33,286,0,0,6,5,11,149,67,43,38,297,0,10,10,307
12/05/2014,JAX,FL,ASO,ES,Combined TRACON& Tower with Radar,147,68,44,8,267,0,0,0,1,1,147,68,44,9,268,0,0,0,268
12/06/2014,JAX,FL,ASO,ES,Combined TRACON& Tower with Radar,106,40,25,3,174,0,1,1,0,2,106,41,26,3,176,0,0,0,176
12/07/2014,JAX,FL,ASO,ES,Combined TRACON& Tower with Radar,138,58,34,4,234,0,0,0,1,1,138,58,34,5,235,0,0,0,235
12/08/2014,JAX,FL,ASO,ES,Combined TRACON& Tower with Radar,140,61,24,7,232,0,4,0,1,5,140,65,24,8,237,10,0,10,247
12/09/2014,JAX,FL,ASO,ES,Combined TRACON& Tower with Radar,141,66,42,21,270,0,2,10,1,13,141,68,52,22,283,4,3,7,290
12/10/2014,JAX,FL,ASO,ES,Combined TRACON& Tower with Radar,156,72,21,6,255,0,4,7,4,15,156,76,28,10,270,0,0,0,270
12/11/2014,JAX,FL,ASO,ES,Combined TRACON& Tower with Radar,151,70,31,9,261,0,0,15,2,17,151,70,46,11,278,14,28,42,320
12/12/2014,JAX,FL,ASO,ES,Combined TRACON& Tower with Radar,151,63,33,13,260,0,0,15,2,17,151,63,48,15,277,0,0,0,277
12/13/2014,JAX,FL,ASO,ES,Combined TRACON& Tower with Radar,112,25,9,0,146,0,0,2,1,3,112,25,11,1,149,0,8,8,157
12/14/2014,JAX,FL,ASO,ES,Combined TRACON& Tower with Radar,151,48,9,2,210,0,3,4,2,9,151,51,13,4,219,0,6,6,225
12/15/2014,JAX,FL,ASO,ES,Combined TRACON& Tower with Radar,140,66,23,19,248,0,3,5,3,11,140,69,28,22,259,0,20,20,279
12/16/2014,JAX,FL,ASO,ES,Combined TRACON& Tower with Radar,152,64,17,37,270,0,4,2,2,8,152,68,19,39,278,12,28,40,318
12/17/2014,JAX,FL,ASO,ES,Combined TRACON& Tower with Radar,158,60,26,24,268,0,1,4,0,5,158,61,30,24,273,0,4,4,277
12/18/2014,JAX,FL,ASO,ES,Combined TRACON& Tower with Radar,166,67,37,26,296,0,3,13,9,25,166,70,50,35,321,0,62,62,383
12/19/2014,JAX,FL,ASO,ES,Combined TRACON& Tower with Radar,163,55,22,10,250,0,2,3,4,9,163,57,25,14,259,16,2,18,277
12/20/2014,JAX,FL,ASO,ES,Combined TRACON& Tower with Radar,146,33,5,6,190,0,0,4,0,4,146,33,9,6,194,0,0,0,194
12/21/2014,JAX,FL,ASO,ES,Combined TRACON& Tower with Radar,158,46,14,0,218,0,0,0,0,0,158,46,14,0,218,0,0,0,218
12/22/2014,JAX,FL,ASO,ES,Combined TRACON& Tower with Radar,164,45,23,6,238,0,0,1,0,1,164,45,24,6,239,0,0,0,239
12/23/2014,JAX,FL,ASO,ES,Combined TRACON& Tower with Radar,163,44,34,24,265,0,0,2,0,2,163,44,36,24,267,0,0,0,267
12/24/2014,JAX,FL,ASO,ES,Combined TRACON& Tower with Radar,141,32,11,0,184,0,0,0,0,0,141,32,11,0,184,0,0,0,184
12/25/2014,JAX,FL,ASO,ES,Combined TRACON& Tower with Radar,120,33,6,0,159,0,0,2,0,2,120,33,8,0,161,0,0,0,161
12/26/2014,JAX,FL,ASO,ES,Combined TRACON& Tower with Radar,152,57,18,4,231,0,2,4,0,6,152,59,22,4,237,0,0,0,237
12/27/2014,JAX,FL,ASO,ES,Combined TRACON& Tower with Radar,144,51,19,0,214,0,0,2,0,2,144,51,21,0,216,0,0,0,216
12/28/2014,JAX,FL,ASO,ES,Combined TRACON& Tower with Radar,157,50,10,0,217,0,0,1,2,3,157,50,11,2,220,0,0,0,220
12/29/2014,JAX,FL,ASO,ES,Combined TRACON& Tower with Radar,148,54,17,8,227,0,0,1,1,2,148,54,18,9,229,0,0,0,229
12/30/2014,JAX,FL,ASO,ES,Combined TRACON& Tower with Radar,164,42,8,9,223,0,0,1,0,1,164,42,9,9,224,0,0,0,224
12/31/2014,JAX,FL,ASO,ES,Combined TRACON& Tower with Radar,142,28,10,4,184,0,0,2,0,2,142,28,12,4,186,0,0,0,186
01/01/2015,JAX,FL,ASO,ES,Combined TRACON& Tower with Radar,119,34,12,0,165,0,0,0,0,0,119,34,12,0,165,0,0,0,165
01/02/2015,JAX,FL,ASO,ES,Combined TRACON& Tower with Radar,156,61,47,4,268,0,0,0,0,0,156,61,47,4,268,0,0,0,268
01/03/2015,JAX,FL,ASO,ES,Combined TRACON& Tower with Radar,144,50,33,0,227,0,1,2,0,3,144,51,35,0,230,0,0,0,230
01/04/2015,JAX,FL,ASO,ES,Combined TRACON& Tower with Radar,150,51,13,0,214,0,0,2,0,2,150,51,15,0,216,0,0,0,216
01/05/2015,JAX,FL,ASO,ES,Combined TRACON& Tower with Radar,148,41,9,2,200,0,0,5,0,5,148,41,14,2,205,0,0,0,205
01/06/2015,JAX,FL,ASO,ES,Combined TRACON& Tower with Radar,147,37,15,22,221,0,0,7,3,10,147,37,22,25,231,23,24,47,278
01/07/2015,JAX,FL,ASO,ES,Combined TRACON& Tower with Radar,150,51,26,29,256,0,0,5,5,10,150,51,31,34,266,4,10,14,280
01/08/2015,JAX,FL,ASO,ES,Combined TRACON& Tower with Radar,143,41,20,22,226,0,1,3,4,8,143,42,23,26,234,8,8,16,250
01/09/2015,JAX,FL,ASO,ES,Combined TRACON& Tower with Radar,147,40,12,18,217,0,0,0,3,3,147,40,12,21,220,0,0,0,220
01/10/2015,JAX,FL,ASO,ES,Combined TRACON& Tower with Radar,114,30,9,27,180,0,2,7,5,14,114,32,16,32,194,11,38,49,243
01/11/2015,JAX,FL,ASO,ES,Combined TRACON& Tower with Radar,128,37,9,0,174,0,0,3,2,5,128,37,12,2,179,0,0,0,179
01/12/2015,JAX,FL,ASO,ES,Combined TRACON& Tower with Radar,144,56,26,18,244,0,0,0,0,0,144,56,26,18,244,0,0,0,244
01/13/2015,JAX,FL,ASO,ES,Combined TRACON& Tower with Radar,152,46,19,16,233,0,0,0,0,0,152,46,19,16,233,0,0,0,233
01/14/2015,JAX,FL,ASO,ES,Combined TRACON& Tower with Radar,150,46,25,20,241,0,0,1,1,2,150,46,26,21,243,0,0,0,243
01/15/2015,JAX,FL,ASO,ES,Combined TRACON& Tower with Radar,156,46,39,5,246,0,0,0,0,0,156,46,39,5,246,0,0,0,246
01/16/2015,JAX,FL,ASO,ES,Combined TRACON& Tower with Radar,156,48,19,16,239,0,1,5,9,15,156,49,24,25,254,2,34,36,290
01/17/2015,JAX,FL,ASO,ES,Combined TRACON& Tower with Radar,110,28,13,6,157,0,1,1,1,3,110,29,14,7,160,0,0,0,160
01/18/2015,JAX,FL,ASO,ES,Combined TRACON& Tower with Radar,121,34,11,1,167,0,2,2,1,5,121,36,13,2,172,0,0,0,172
01/19/2015,JAX,FL,ASO,ES,Combined TRACON& Tower with Radar,146,51,20,0,217,0,2,6,0,8,146,53,26,0,225,0,0,0,225
01/20/2015,JAX,FL,ASO,ES,Combined TRACON& Tower with Radar,156,56,31,29,272,0,2,5,1,8,156,58,36,30,280,0,12,12,292
01/21/2015,JAX,FL,ASO,ES,Combined TRACON& Tower with Radar,153,54,38,32,277,0,0,5,3,8,153,54,43,35,285,0,28,28,313
01/22/2015,JAX,FL,ASO,ES,Combined TRACON& Tower with Radar,155,56,25,28,264,0,8,11,3,22,155,64,36,31,286,0,11,11,297
01/23/2015,JAX,FL,ASO,ES,Combined TRACON& Tower with Radar,156,45,22,12,235,0,0,0,0,0,156,45,22,12,235,0,0,0,235
01/24/2015,JAX,FL,ASO,ES,Combined TRACON& Tower with Radar,113,26,5,2,146,0,2,3,0,5,113,28,8,2,151,0,0,0,151
01/25/2015,JAX,FL,ASO,ES,Combined TRACON& Tower with Radar,138,37,14,0,189,0,2,10,0,12,138,39,24,0,201,0,0,0,201
01/26/2015,JAX,FL,ASO,ES,Combined TRACON& Tower with Radar,132,38,27,40,237,0,2,4,0,6,132,40,31,40,243,0,0,0,243
01/27/2015,JAX,FL,ASO,ES,Combined TRACON& Tower with Radar,128,53,14,12,207,0,0,6,5,11,128,53,20,17,218,0,48,48,266
01/28/2015,JAX,FL,ASO,ES,Combined TRACON& Tower with Radar,145,65,18,16,244,0,0,9,3,12,145,65,27,19,256,32,24,56,312
01/29/2015,JAX,FL,ASO,ES,Combined TRACON& Tower with Radar,156,72,25,12,265,0,6,9,5,20,156,78,34,17,285,0,0,0,285
01/30/2015,JAX,FL,ASO,ES,Combined TRACON& Tower with Radar,152,57,22,10,241,0,2,3,3,8,152,59,25,13,249,10,52,62,311
01/31/2015,JAX,FL,ASO,ES,Combined TRACON& Tower with Radar,111,30,11,4,156,0,2,3,0,5,111,32,14,4,161,0,0,0,161
02/01/2015,JAX,FL,ASO,ES,Combined TRACON& Tower with Radar,115,39,6,1,161,0,4,3,1,8,115,43,9,2,169,0,0,0,169
02/02/2015,JAX,FL,ASO,ES,Combined TRACON& Tower with Radar,123,32,29,3,187,0,8,2,0,10,123,40,31,3,197,0,4,4,201
02/03/2015,JAX,FL,ASO,ES,Combined TRACON& Tower with Radar,147,46,23,15,231,1,2,6,5,14,148,48,29,20,245,18,58,76,321
02/04/2015,JAX,FL,ASO,ES,Combined TRACON& Tower with Radar,155,38,20,24,237,0,0,0,0,0,155,38,20,24,237,0,0,0,237
02/05/2015,JAX,FL,ASO,ES,Combined TRACON& Tower with Radar,154,53,22,27,256,0,0,2,3,5,154,53,24,30,261,0,0,0,261
02/06/2015,JAX,FL,ASO,ES,Combined TRACON& Tower with Radar,156,49,7,23,235,0,0,4,7,11,156,49,11,30,246,0,46,46,292
02/07/2015,JAX,FL,ASO,ES,Combined TRACON& Tower with Radar,110,25,9,5,149,0,1,6,10,17,110,26,15,15,166,8,0,8,174
02/08/2015,JAX,FL,ASO,ES,Combined TRACON& Tower with Radar,134,42,18,9,203,0,0,7,3,10,134,42,25,12,213,0,0,0,213
02/09/2015,JAX,FL,ASO,ES,Combined TRACON& Tower with Radar,136,41,19,12,208,0,0,2,4,6,136,41,21,16,214,0,0,0,214
02/10/2015,JAX,FL,ASO,ES,Combined TRACON& Tower with Radar,151,53,34,26,264,0,0,1,2,3,151,53,35,28,267,0,58,58,325
02/11/2015,JAX,FL,ASO,ES,Combined TRACON& Tower with Radar,155,52,43,24,274,0,2,3,3,8,155,54,46,27,282,0,7,7,289
02/12/2015,JAX,FL,ASO,ES,Combined TRACON& Tower with Radar,161,64,27,39,291,0,0,16,12,28,161,64,43,51,319,0,12,12,331
02/13/2015,JAX,FL,ASO,ES,Combined TRACON& Tower with Radar,161,47,36,13,257,0,1,3,1,5,161,48,39,14,262,0,0,0,262
02/14/2015,JAX,FL,ASO,ES,Combined TRACON& Tower with Radar,127,35,11,6,179,0,2,3,1,6,127,37,14,7,185,0,0,0,185
02/15/2015,JAX,FL,ASO,ES,Combined TRACON& Tower with Radar,130,29,17,1,177,0,0,5,2,7,130,29,22,3,184,0,36,36,220
02/16/2015,JAX,FL,ASO,ES,Combined TRACON& Tower with Radar,137,49,24,3,213,0,1,6,2,9,137,50,30,5,222,0,2,2,224
02/17/2015,JAX,FL,ASO,ES,Combined TRACON& Tower with Radar,145,44,22,56,267,0,0,0,0,0,145,44,22,56,267,0,0,0,267
02/18/2015,JAX,FL,ASO,ES,Combined TRACON& Tower with Radar,167,46,36,19,268,0,0,5,7,12,167,46,41,26,280,0,0,0,280
02/19/2015,JAX,FL,ASO,ES,Combined TRACON& Tower with Radar,163,54,23,30,270,0,1,3,4,8,163,55,26,34,278,0,0,0,278
02/20/2015,JAX,FL,ASO,ES,Combined TRACON& Tower with Radar,162,41,27,27,257,0,0,1,14,15,162,41,28,41,272,0,22,22,294
02/21/2015,JAX,FL,ASO,ES,Combined TRACON& Tower with Radar,120,42,29,9,200,0,3,4,4,11,120,45,33,13,211,0,0,0,211
02/22/2015,JAX,FL,ASO,ES,Combined TRACON& Tower with Radar,140,41,19,2,202,0,0,5,12,17,140,41,24,14,219,0,0,0,219
02/23/2015,JAX,FL,ASO,ES,Combined TRACON& Tower with Radar,165,51,21,27,264,0,0,0,6,6,165,51,21,33,270,0,0,0,270
02/24/2015,JAX,FL,ASO,ES,Combined TRACON& Tower with Radar,165,47,29,14,255,0,0,0,0,0,165,47,29,14,255,0,0,0,255
02/25/2015,JAX,FL,ASO,ES,Combined TRACON& Tower with Radar,151,46,36,13,246,0,0,0,0,0,151,46,36,13,246,0,0,0,246
02/26/2015,JAX,FL,ASO,ES,Combined TRACON& Tower with Radar,163,50,31,19,263,0,0,2,5,7,163,50,33,24,270,0,0,0,270
02/27/2015,JAX,FL,ASO,ES,Combined TRACON& Tower with Radar,160,39,28,18,245,0,0,5,4,9,160,39,33,22,254,0,0,0,254
02/28/2015,JAX,FL,ASO,ES,Combined TRACON& Tower with Radar,119,34,24,9,186,0,0,0,0,0,119,34,24,9,186,0,8,8,194
03/01/2015,JAX,FL,ASO,ES,Combined TRACON& Tower with Radar,127,35,13,0,175,0,0,0,0,0,127,35,13,0,175,0,0,0,175
03/02/2015,JAX,FL,ASO,ES,Combined TRACON& Tower with Radar,152,44,22,40,258,0,0,2,0,2,152,44,24,40,260,0,0,0,260
03/03/2015,JAX,FL,ASO,ES,Combined TRACON& Tower with Radar,155,60,30,49,294,0,2,7,0,9,155,62,37,49,303,0,22,22,325
03/04/2015,JAX,FL,ASO,ES,Combined TRACON& Tower with Radar,154,51,32,36,273,0,0,12,7,19,154,51,44,43,292,20,4,24,316
03/05/2015,JAX,FL,ASO,ES,Combined TRACON& Tower with Radar,114,56,27,20,217,0,2,6,3,11,114,58,33,23,228,30,2,32,260
03/06/2015,JAX,FL,ASO,ES,Combined TRACON& Tower with Radar,154,51,23,9,237,0,0,0,0,0,154,51,23,9,237,0,0,0,237
03/07/2015,JAX,FL,ASO,ES,Combined TRACON& Tower with Radar,146,45,12,6,209,0,3,4,3,10,146,48,16,9,219,0,0,0,219
03/08/2015,JAX,FL,ASO,ES,Combined TRACON& Tower with Radar,158,61,13,2,234,0,4,3,0,7,158,65,16,2,241,0,0,0,241
03/09/2015,JAX,FL,ASO,ES,Combined TRACON& Tower with Radar,166,60,35,10,271,0,1,0,0,1,166,61,35,10,272,0,0,0,272
03/10/2015,JAX,FL,ASO,ES,Combined TRACON& Tower with Radar,168,49,20,19,256,0,2,12,2,16,168,51,32,21,272,8,16,24,296
03/11/2015,JAX,FL,ASO,ES,Combined TRACON& Tower with Radar,168,57,24,29,278,0,3,4,1,8,168,60,28,30,286,0,14,14,300
03/12/2015,JAX,FL,ASO,ES,Combined TRACON& Tower with Radar,165,66,52,16,299,0,0,0,0,0,165,66,52,16,299,0,0,0,299
03/13/2015,JAX,FL,ASO,ES,Combined TRACON& Tower with Radar,170,62,26,15,273,0,0,7,4,11,170,62,33,19,284,0,0,0,284
03/14/2015,JAX,FL,ASO,ES,Combined TRACON& Tower with Radar,149,42,36,4,231,0,0,14,0,14,149,42,50,4,245,0,0,0,245
03/15/2015,JAX,FL,ASO,ES,Combined TRACON& Tower with Radar,151,65,39,3,258,0,0,5,1,6,151,65,44,4,264,0,0,0,264
03/16/2015,JAX,FL,ASO,ES,Combined TRACON& Tower with Radar,165,58,38,12,273,0,0,7,5,12,165,58,45,17,285,0,28,28,313
03/17/2015,JAX,FL,ASO,ES,Combined TRACON& Tower with Radar,166,56,30,20,272,0,0,7,0,7,166,56,37,20,279,4,8,12,291
03/18/2015,JAX,FL,ASO,ES,Combined TRACON& Tower with Radar,168,56,25,16,265,0,0,0,5,5,168,56,25,21,270,0,16,16,286
03/19/2015,JAX,FL,ASO,ES,Combined TRACON& Tower with Radar,173,64,45,32,314,0,0,2,0,2,173,64,47,32,316,0,0,0,316
03/20/2015,JAX,FL,ASO,ES,Combined TRACON& Tower with Radar,166,49,30,16,261,0,0,1,3,4,166,49,31,19,265,0,0,0,265
03/21/2015,JAX,FL,ASO,ES,Combined TRACON& Tower with Radar,151,42,23,10,226,0,0,3,2,5,151,42,26,12,231,0,0,0,231
03/22/2015,JAX,FL,ASO,ES,Combined TRACON& Tower with Radar,150,55,22,1,228,0,0,3,0,3,150,55,25,1,231,2,0,2,233
03/23/2015,JAX,FL,ASO,ES,Combined TRACON& Tower with Radar,154,60,28,10,252,0,0,0,0,0,154,60,28,10,252,0,0,0,252
03/24/2015,JAX,FL,ASO,ES,Combined TRACON& Tower with Radar,162,78,28,20,288,0,0,0,0,0,162,78,28,20,288,0,0,0,288
03/25/2015,JAX,FL,ASO,ES,Combined TRACON& Tower with Radar,162,63,26,25,276,0,0,5,2,7,162,63,31,27,283,16,34,50,333
03/26/2015,JAX,FL,ASO,ES,Combined TRACON& Tower with Radar,175,54,24,47,300,0,1,5,12,18,175,55,29,59,318,1,1,2,320
03/27/2015,JAX,FL,ASO,ES,Combined TRACON& Tower with Radar,173,63,25,49,310,0,0,3,11,14,173,63,28,60,324,8,102,110,434
03/28/2015,JAX,FL,ASO,ES,Combined TRACON& Tower with Radar,150,46,17,0,213,0,4,6,2,12,150,50,23,2,225,0,0,0,225
03/29/2015,JAX,FL,ASO,ES,Combined TRACON& Tower with Radar,148,49,16,14,227,0,0,10,0,10,148,49,26,14,237,0,0,0,237
03/30/2015,JAX,FL,ASO,ES,Combined TRACON& Tower with Radar,165,57,24,14,260,0,3,3,0,6,165,60,27,14,266,0,0,0,266
03/31/2015,JAX,FL,ASO,ES,Combined TRACON& Tower with Radar,167,58,24,10,259,0,0,8,0,8,167,58,32,10,267,0,0,0,267
04/01/2015,JAX,FL,ASO,ES,Combined TRACON& Tower with Radar,159,57,25,8,249,0,0,4,9,13,159,57,29,17,262,3,44,47,309
04/02/2015,JAX,FL,ASO,ES,Combined TRACON& Tower with Radar,161,73,46,18,298,0,0,4,0,4,161,73,50,18,302,4,0,4,306
04/03/2015,JAX,FL,ASO,ES,Combined TRACON& Tower with Radar,165,55,28,6,254,0,0,5,0,5,165,55,33,6,259,0,18,18,277
04/04/2015,JAX,FL,ASO,ES,Combined TRACON& Tower with Radar,144,38,6,1,189,0,1,0,0,1,144,39,6,1,190,0,0,0,190
04/05/2015,JAX,FL,ASO,ES,Combined TRACON& Tower with Radar,150,47,16,0,213,0,1,1,0,2,150,48,17,0,215,0,0,0,215
04/06/2015,JAX,FL,ASO,ES,Combined TRACON& Tower with Radar,161,52,38,19,270,0,1,5,6,12,161,53,43,25,282,0,2,2,284
04/07/2015,JAX,FL,ASO,ES,Combined TRACON& Tower with Radar,160,50,38,12,260,0,0,12,3,15,160,50,50,15,275,10,6,16,291
04/08/2015,JAX,FL,ASO,ES,Combined TRACON& Tower with Radar,167,55,22,18,262,0,0,4,4,8,167,55,26,22,270,0,8,8,278
04/09/2015,JAX,FL,ASO,ES,Combined TRACON& Tower with Radar,168,57,49,32,306,0,1,12,0,13,168,58,61,32,319,4,0,4,323
04/10/2015,JAX,FL,ASO,ES,Combined TRACON& Tower with Radar,166,47,33,15,261,0,1,5,6,12,166,48,38,21,273,0,0,0,273
04/11/2015,JAX,FL,ASO,ES,Combined TRACON& Tower with Radar,153,40,19,6,218,0,0,1,0,1,153,40,20,6,219,0,0,0,219
04/12/2015,JAX,FL,ASO,ES,Combined TRACON& Tower with Radar,150,48,13,7,218,0,0,3,4,7,150,48,16,11,225,0,0,0,225
04/13/2015,JAX,FL,ASO,ES,Combined TRACON& Tower with Radar,163,48,16,15,242,0,0,2,0,2,163,48,18,15,244,0,0,0,244
04/14/2015,JAX,FL,ASO,ES,Combined TRACON& Tower with Radar,168,47,12,9,236,0,0,13,1,14,168,47,25,10,250,0,42,42,292
04/15/2015,JAX,FL,ASO,ES,Combined TRACON& Tower with Radar,160,50,23,8,241,0,0,2,2,4,160,50,25,10,245,0,0,0,245
04/16/2015,JAX,FL,ASO,ES,Combined TRACON& Tower with Radar,172,63,31,42,308,0,0,0,0,0,172,63,31,42,308,0,0,0,308
04/17/2015,JAX,FL,ASO,ES,Combined TRACON& Tower with Radar,177,49,26,3,255,0,0,0,5,5,177,49,26,8,260,0,20,20,280
04/18/2015,JAX,FL,ASO,ES,Combined TRACON& Tower with Radar,145,41,9,0,195,0,0,1,0,1,145,41,10,0,196,0,0,0,196
04/19/2015,JAX,FL,ASO,ES,Combined TRACON& Tower with Radar,151,49,33,10,243,0,0,4,1,5,151,49,37,11,248,0,0,0,248
04/20/2015,JAX,FL,ASO,ES,Combined TRACON& Tower with Radar,159,41,21,10,231,0,0,3,2,5,159,41,24,12,236,0,0,0,236
04/21/2015,JAX,FL,ASO,ES,Combined TRACON& Tower with Radar,168,66,25,9,268,0,4,6,3,13,168,70,31,12,281,10,34,44,325
04/22/2015,JAX,FL,ASO,ES,Combined TRACON& Tower with Radar,163,63,24,31,281,0,2,5,1,8,163,65,29,32,289,14,23,37,326
04/23/2015,JAX,FL,ASO,ES,Combined TRACON& Tower with Radar,176,66,30,12,284,0,2,16,5,23,176,68,46,17,307,0,0,0,307
04/24/2015,JAX,FL,ASO,ES,Combined TRACON& Tower with Radar,171,51,31,12,265,0,1,6,1,8,171,52,37,13,273,0,0,0,273
04/25/2015,JAX,FL,ASO,ES,Combined TRACON& Tower with Radar,150,33,9,1,193,0,0,2,0,2,150,33,11,1,195,0,0,0,195
04/26/2015,JAX,FL,ASO,ES,Combined TRACON& Tower with Radar,150,52,35,0,237,0,0,7,0,7,150,52,42,0,244,0,0,0,244
04/27/2015,JAX,FL,ASO,ES,Combined TRACON& Tower with Radar,169,39,44,9,261,0,0,5,4,9,169,39,49,13,270,0,0,0,270
04/28/2015,JAX,FL,ASO,ES,Combined TRACON& Tower with Radar,172,63,15,23,273,0,0,1,1,2,172,63,16,24,275,0,0,0,275
04/29/2015,JAX,FL,ASO,ES,Combined TRACON& Tower with Radar,163,54,42,19,278,0,0,0,1,1,163,54,42,20,279,0,12,12,291
04/30/2015,JAX,FL,ASO,ES,Combined TRACON& Tower with Radar,174,67,25,26,292,0,8,9,5,22,174,75,34,31,314,0,0,0,314
05/01/2015,JAX,FL,ASO,ES,Combined TRACON& Tower with Radar,171,48,25,19,263,0,1,5,6,12,171,49,30,25,275,0,30,30,305
05/02/2015,JAX,FL,ASO,ES,Combined TRACON& Tower with Radar,145,33,14,6,198,0,0,3,2,5,145,33,17,8,203,6,0,6,209
05/03/2015,JAX,FL,ASO,ES,Combined TRACON& Tower with Radar,148,53,19,0,220,0,4,6,0,10,148,57,25,0,230,0,0,0,230
05/04/2015,JAX,FL,ASO,ES,Combined TRACON& Tower with Radar,164,46,22,24,256,0,0,8,7,15,164,46,30,31,271,4,28,32,303
05/05/2015,JAX,FL,ASO,ES,Combined TRACON& Tower with Radar,172,54,33,28,287,0,0,12,4,16,172,54,45,32,303,0,0,0,303
05/06/2015,JAX,FL,ASO,ES,Combined TRACON& Tower with Radar,169,62,36,29,296,0,0,4,1,5,169,62,40,30,301,0,0,0,301
05/07/2015,JAX,FL,ASO,ES,Combined TRACON& Tower with Radar,170,53,43,17,283,0,8,11,0,19,170,61,54,17,302,0,0,0,302
05/08/2015,JAX,FL,ASO,ES,Combined TRACON& Tower with Radar,167,57,22,0,246,0,0,10,0,10,167,57,32,0,256,0,0,0,256
05/09/2015,JAX,FL,ASO,ES,Combined TRACON& Tower with Radar,131,36,7,2,176,0,2,2,1,5,131,38,9,3,181,0,0,0,181
05/10/2015,JAX,FL,ASO,ES,Combined TRACON& Tower with Radar,144,41,12,6,203,0,1,6,6,13,144,42,18,12,216,0,0,0,216
05/11/2015,JAX,FL,ASO,ES,Combined TRACON& Tower with Radar,159,53,23,3,238,0,0,0,8,8,159,53,23,11,246,0,0,0,246
05/12/2015,JAX,FL,ASO,ES,Combined TRACON& Tower with Radar,165,65,28,12,270,0,2,1,6,9,165,67,29,18,279,0,42,42,321
05/13/2015,JAX,FL,ASO,ES,Combined TRACON& Tower with Radar,157,56,29,12,254,0,1,9,4,14,157,57,38,16,268,0,0,0,268
05/14/2015,JAX,FL,ASO,ES,Combined TRACON& Tower with Radar,164,62,27,7,260,0,0,8,3,11,164,62,35,10,271,0,10,10,281
05/15/2015,JAX,FL,ASO,ES,Combined TRACON& Tower with Radar,163,62,26,3,254,0,0,6,0,6,163,62,32,3,260,0,0,0,260
05/16/2015,JAX,FL,ASO,ES,Combined TRACON& Tower with Radar,136,28,19,0,183,0,2,14,2,18,136,30,33,2,201,4,0,4,205
05/17/2015,JAX,FL,ASO,ES,Combined TRACON& Tower with Radar,151,51,20,6,228,0,0,2,1,3,151,51,22,7,231,0,0,0,231
05/18/2015,JAX,FL,ASO,ES,Combined TRACON& Tower with Radar,159,58,34,14,265,0,4,2,1,7,159,62,36,15,272,0,24,24,296
05/19/2015,JAX,FL,ASO,ES,Combined TRACON& Tower with Radar,164,56,27,4,251,0,0,3,4,7,164,56,30,8,258,50,0,50,308
05/20/2015,JAX,FL,ASO,ES,Combined TRACON& Tower with Radar,164,59,26,8,257,0,5,3,8,16,164,64,29,16,273,50,20,70,343
05/21/2015,JAX,FL,ASO,ES,Combined TRACON& Tower with Radar,165,57,34,18,274,0,0,13,4,17,165,57,47,22,291,8,0,8,299
05/22/2015,JAX,FL,ASO,ES,Combined TRACON& Tower with Radar,167,38,22,2,229,0,0,9,6,15,167,38,31,8,244,14,0,14,258
05/23/2015,JAX,FL,ASO,ES,Combined TRACON& Tower with Radar,146,30,18,0,194,0,0,6,0,6,146,30,24,0,200,0,0,0,200
05/24/2015,JAX,FL,ASO,ES,Combined TRACON& Tower with Radar,133,31,10,0,174,0,0,4,0,4,133,31,14,0,178,0,0,0,178
05/25/2015,JAX,FL,ASO,ES,Combined TRACON& Tower with Radar,149,37,7,2,195,0,1,7,0,8,149,38,14,2,203,0,0,0,203
05/26/2015,JAX,FL,ASO,ES,Combined TRACON& Tower with Radar,166,55,30,25,276,0,2,7,0,9,166,57,37,25,285,10,0,10,295
05/27/2015,JAX,FL,ASO,ES,Combined TRACON& Tower with Radar,160,55,28,15,258,0,4,7,9,20,160,59,35,24,278,0,0,0,278
05/28/2015,JAX,FL,ASO,ES,Combined TRACON& Tower with Radar,165,54,36,15,270,0,3,5,5,13,165,57,41,20,283,6,13,19,302
05/29/2015,JAX,FL,ASO,ES,Combined TRACON& Tower with Radar,167,43,37,16,263,0,0,4,5,9,167,43,41,21,272,0,2,2,274
05/30/2015,JAX,FL,ASO,ES,Combined TRACON& Tower with Radar,139,28,6,0,173,0,0,2,0,2,139,28,8,0,175,0,0,0,175
05/31/2015,JAX,FL,ASO,ES,Combined TRACON& Tower with Radar,146,31,24,9,210,0,0,12,1,13,146,31,36,10,223,10,0,10,233
06/01/2015,JAX,FL,ASO,ES,Combined TRACON& Tower with Radar,156,43,14,46,259,0,4,6,3,13,156,47,20,49,272,0,38,38,310
06/02/2015,JAX,FL,ASO,ES,Combined TRACON& Tower with Radar,153,49,10,16,228,0,0,5,1,6,153,49,15,17,234,0,9,9,243
06/03/2015,JAX,FL,ASO,ES,Combined TRACON& Tower with Radar,157,48,26,14,245,0,2,5,4,11,157,50,31,18,256,0,22,22,278
06/04/2015,JAX,FL,ASO,ES,Combined TRACON& Tower with Radar,159,71,28,4,262,0,5,2,3,10,159,76,30,7,272,0,0,0,272
06/05/2015,JAX,FL,ASO,ES,Combined TRACON& Tower with Radar,157,59,23,0,239,0,0,6,0,6,157,59,29,0,245,0,0,0,245
06/06/2015,JAX,FL,ASO,ES,Combined TRACON& Tower with Radar,133,30,22,0,185,0,0,6,0,6,133,30,28,0,191,0,0,0,191
06/07/2015,JAX,FL,ASO,ES,Combined TRACON& Tower with Radar,146,55,22,4,227,0,4,12,0,16,146,59,34,4,243,32,0,32,275
06/08/2015,JAX,FL,ASO,ES,Combined TRACON& Tower with Radar,150,46,24,27,247,0,5,8,8,21,150,51,32,35,268,14,38,52,320
06/09/2015,JAX,FL,ASO,ES,Combined TRACON& Tower with Radar,159,54,18,60,291,0,2,2,0,4,159,56,20,60,295,16,0,16,311
06/10/2015,JAX,FL,ASO,ES,Combined TRACON& Tower with Radar,156,60,20,4,240,0,2,4,0,6,156,62,24,4,246,2,0,2,248
06/11/2015,JAX,FL,ASO,ES,Combined TRACON& Tower with Radar,165,47,16,49,277,0,0,8,0,8,165,47,24,49,285,16,0,16,301
06/12/2015,JAX,FL,ASO,ES,Combined TRACON& Tower with Radar,158,47,25,8,238,0,2,9,1,12,158,49,34,9,250,8,10,18,268
06/13/2015,JAX,FL,ASO,ES,Combined TRACON& Tower with Radar,133,32,25,10,200,0,0,12,2,14,133,32,37,12,214,4,32,36,250
06/14/2015,JAX,FL,ASO,ES,Combined TRACON& Tower with Radar,140,47,32,4,223,0,2,1,1,4,140,49,33,5,227,0,0,0,227
06/15/2015,JAX,FL,ASO,ES,Combined TRACON& Tower with Radar,150,46,24,9,229,0,6,4,4,14,150,52,28,13,243,18,12,30,273
06/16/2015,JAX,FL,ASO,ES,Combined TRACON& Tower with Radar,153,65,23,25,266,0,2,3,2,7,153,67,26,27,273,26,7,33,306
06/17/2015,JAX,FL,ASO,ES,Combined TRACON& Tower with Radar,146,62,30,34,272,0,0,3,4,7,146,62,33,38,279,11,26,37,316
06/18/2015,JAX,FL,ASO,ES,Combined TRACON& Tower with Radar,158,57,42,23,280,0,2,6,5,13,158,59,48,28,293,2,0,2,295
06/19/2015,JAX,FL,ASO,ES,Combined TRACON& Tower with Radar,158,50,17,12,237,0,0,2,5,7,158,50,19,17,244,0,23,23,267
06/20/2015,JAX,FL,ASO,ES,Combined TRACON& Tower with Radar,133,39,12,2,186,0,2,3,1,6,133,41,15,3,192,2,0,2,194
06/21/2015,JAX,FL,ASO,ES,Combined TRACON& Tower with Radar,145,40,11,17,213,0,0,1,0,1,145,40,12,17,214,0,0,0,214
06/22/2015,JAX,FL,ASO,ES,Combined TRACON& Tower with Radar,151,46,22,4,223,0,0,7,4,11,151,46,29,8,234,16,18,34,268
06/23/2015,JAX,FL,ASO,ES,Combined TRACON& Tower with Radar,160,49,26,19,254,0,0,4,5,9,160,49,30,24,263,0,23,23,286
06/24/2015,JAX,FL,ASO,ES,Combined TRACON& Tower with Radar,155,58,25,4,242,0,0,12,2,14,155,58,37,6,256,4,0,4,260
06/25/2015,JAX,FL,ASO,ES,Combined TRACON& Tower with Radar,172,58,28,5,263,0,0,5,5,10,172,58,33,10,273,0,36,36,309
06/26/2015,JAX,FL,ASO,ES,Combined TRACON& Tower with Radar,166,70,30,15,281,0,1,9,0,10,166,71,39,15,291,12,0,12,303
06/27/2015,JAX,FL,ASO,ES,Combined TRACON& Tower with Radar,133,43,18,1,195,0,2,2,2,6,133,45,20,3,201,13,0,13,214
06/28/2015,JAX,FL,ASO,ES,Combined TRACON& Tower with Radar,141,48,9,5,203,0,0,0,1,1,141,48,9,6,204,0,0,0,204
06/29/2015,JAX,FL,ASO,ES,Combined TRACON& Tower with Radar,162,44,27,15,248,0,0,8,4,12,162,44,35,19,260,0,0,0,260
06/30/2015,JAX,FL,ASO,ES,Combined TRACON& Tower with Radar,151,50,33,0,234,0,0,5,0,5,151,50,38,0,239,0,0,0,239
07/01/2015,JAX,FL,ASO,ES,Combined TRACON& Tower with Radar,161,50,21,12,244,0,4,10,2,16,161,54,31,14,260,0,20,20,280
07/02/2015,JAX,FL,ASO,ES,Combined TRACON& Tower with Radar,175,49,31,5,260,0,0,4,0,4,175,49,35,5,264,0,6,6,270
07/03/2015,JAX,FL,ASO,ES,Combined TRACON& Tower with Radar,146,32,23,2,203,0,0,6,0,6,146,32,29,2,209,0,0,0,209
07/04/2015,JAX,FL,ASO,ES,Combined TRACON& Tower with Radar,122,20,10,0,152,1,0,2,2,5,123,20,12,2,157,0,0,0,157
07/05/2015,JAX,FL,ASO,ES,Combined TRACON& Tower with Radar,151,36,19,0,206,0,0,3,0,3,151,36,22,0,209,0,0,0,209
07/06/2015,JAX,FL,ASO,ES,Combined TRACON& Tower with Radar,160,49,17,13,239,0,3,6,3,12,160,52,23,16,251,0,0,0,251
07/07/2015,JAX,FL,ASO,ES,Combined TRACON& Tower with Radar,160,65,23,43,291,0,1,3,0,4,160,66,26,43,295,6,0,6,301
07/08/2015,JAX,FL,ASO,ES,Combined TRACON& Tower with Radar,161,48,27,19,255,0,0,3,7,10,161,48,30,26,265,0,22,22,287
07/09/2015,JAX,FL,ASO,ES,Combined TRACON& Tower with Radar,155,60,18,10,243,0,0,0,1,1,155,60,18,11,244,0,10,10,254
07/10/2015,JAX,FL,ASO,ES,Combined TRACON& Tower with Radar,164,49,16,25,254,0,0,8,0,8,164,49,24,25,262,2,66,68,330
07/11/2015,JAX,FL,ASO,ES,Combined TRACON& Tower with Radar,147,35,2,7,191,0,4,0,0,4,147,39,2,7,195,0,0,0,195
07/12/2015,JAX,FL,ASO,ES,Combined TRACON& Tower with Radar,151,40,15,2,208,0,0,7,3,10,151,40,22,5,218,0,0,0,218
07/13/2015,JAX,FL,ASO,ES,Combined TRACON& Tower with Radar,154,50,26,33,263,0,0,5,4,9,154,50,31,37,272,4,23,27,299
07/14/2015,JAX,FL,ASO,ES,Combined TRACON& Tower with Radar,161,54,12,31,258,0,0,1,3,4,161,54,13,34,262,0,6,6,268
07/15/2015,JAX,FL,ASO,ES,Combined TRACON& Tower with Radar,158,51,20,18,247,0,0,2,1,3,158,51,22,19,250,0,0,0,250
07/16/2015,JAX,FL,ASO,ES,Combined TRACON& Tower with Radar,175,64,24,17,280,0,1,1,3,5,175,65,25,20,285,0,0,0,285
07/17/2015,JAX,FL,ASO,ES,Combined TRACON& Tower with Radar,158,54,21,13,246,0,0,4,5,9,158,54,25,18,255,6,0,6,261
07/18/2015,JAX,FL,ASO,ES,Combined TRACON& Tower with Radar,136,34,22,6,198,0,0,2,4,6,136,34,24,10,204,12,10,22,226
07/19/2015,JAX,FL,ASO,ES,Combined TRACON& Tower with Radar,141,49,26,8,224,0,0,3,0,3,141,49,29,8,227,0,0,0,227
07/20/2015,JAX,FL,ASO,ES,Combined TRACON& Tower with Radar,155,47,18,1,221,0,3,3,0,6,155,50,21,1,227,0,0,0,227
07/21/2015,JAX,FL,ASO,ES,Combined TRACON& Tower with Radar,155,61,29,16,261,0,1,5,4,10,155,62,34,20,271,0,20,20,291
07/22/2015,JAX,FL,ASO,ES,Combined TRACON& Tower with Radar,158,50,20,28,256,0,0,7,6,13,158,50,27,34,269,8,40,48,317
07/23/2015,JAX,FL,ASO,ES,Combined TRACON& Tower with Radar,166,57,30,16,269,0,0,5,1,6,166,57,35,17,275,12,11,23,298
07/24/2015,JAX,FL,ASO,ES,Combined TRACON& Tower with Radar,168,54,27,15,264,0,0,5,0,5,168,54,32,15,269,0,0,0,269
07/25/2015,JAX,FL,ASO,ES,Combined TRACON& Tower with Radar,140,24,14,6,184,0,0,9,0,9,140,24,23,6,193,0,0,0,193
07/26/2015,JAX,FL,ASO,ES,Combined TRACON& Tower with Radar,142,55,13,7,217,0,2,2,2,6,142,57,15,9,223,20,0,20,243
07/27/2015,JAX,FL,ASO,ES,Combined TRACON& Tower with Radar,160,38,19,21,238,0,0,12,3,15,160,38,31,24,253,0,0,0,253
07/28/2015,JAX,FL,ASO,ES,Combined TRACON& Tower with Radar,158,58,24,21,261,0,0,4,9,13,158,58,28,30,274,16,38,54,328
07/29/2015,JAX,FL,ASO,ES,Combined TRACON& Tower with Radar,164,50,30,21,265,0,0,4,13,17,164,50,34,34,282,5,40,45,327
07/30/2015,JAX,FL,ASO,ES,Combined TRACON& Tower with Radar,157,52,37,33,279,0,3,0,5,8,157,55,37,38,287,8,49,57,344
07/31/2015,JAX,FL,ASO,ES,Combined TRACON& Tower with Radar,166,57,11,14,248,0,0,1,4,5,166,57,12,18,253,0,0,0,253
08/01/2015,JAX,FL,ASO,ES,Combined TRACON& Tower with Radar,154,32,22,0,208,0,2,1,2,5,154,34,23,2,213,0,0,0,213
08/02/2015,JAX,FL,ASO,ES,Combined TRACON& Tower with Radar,146,47,19,0,212,0,1,3,0,4,146,48,22,0,216,0,0,0,216
08/03/2015,JAX,FL,ASO,ES,Combined TRACON& Tower with Radar,151,50,30,14,245,0,0,2,5,7,151,50,32,19,252,16,0,16,268
08/04/2015,JAX,FL,ASO,ES,Combined TRACON& Tower with Radar,158,55,20,37,270,0,0,4,1,5,158,55,24,38,275,0,0,0,275
08/05/2015,JAX,FL,ASO,ES,Combined TRACON& Tower with Radar,156,46,20,17,239,0,0,7,0,7,156,46,27,17,246,0,0,0,246
08/06/2015,JAX,FL,ASO,ES,Combined TRACON& Tower with Radar,160,53,26,17,256,0,0,12,4,16,160,53,38,21,272,34,0,34,306
08/07/2015,JAX,FL,ASO,ES,Combined TRACON& Tower with Radar,158,61,12,20,251,0,0,0,7,7,158,61,12,27,258,0,32,32,290
08/08/2015,JAX,FL,ASO,ES,Combined TRACON& Tower with Radar,142,33,9,1,185,0,0,3,1,4,142,33,12,2,189,0,0,0,189
08/09/2015,JAX,FL,ASO,ES,Combined TRACON& Tower with Radar,137,48,13,0,198,0,3,5,0,8,137,51,18,0,206,0,0,0,206
08/10/2015,JAX,FL,ASO,ES,Combined TRACON& Tower with Radar,151,56,22,20,249,0,2,5,13,20,151,58,27,33,269,0,42,42,311
08/11/2015,JAX,FL,ASO,ES,Combined TRACON& Tower with Radar,154,58,36,29,277,0,2,12,3,17,154,60,48,32,294,0,0,0,294
08/12/2015,JAX,FL,ASO,ES,Combined TRACON& Tower with Radar,157,56,21,25,259,0,4,21,15,40,157,60,42,40,299,0,0,0,299
08/13/2015,JAX,FL,ASO,ES,Combined TRACON& Tower with Radar,158,66,39,31,294,0,0,4,2,6,158,66,43,33,300,2,4,6,306
08/14/2015,JAX,FL,ASO,ES,Combined TRACON& Tower with Radar,163,55,20,31,269,0,2,1,3,6,163,57,21,34,275,0,16,16,291
08/15/2015,JAX,FL,ASO,ES,Combined TRACON& Tower with Radar,124,33,5,8,170,0,0,3,5,8,124,33,8,13,178,4,0,4,182
08/16/2015,JAX,FL,ASO,ES,Combined TRACON& Tower with Radar,138,55,17,0,210,0,0,5,0,5,138,55,22,0,215,0,0,0,215
08/17/2015,JAX,FL,ASO,ES,Combined TRACON& Tower with Radar,148,50,25,9,232,0,0,4,44,48,148,50,29,53,280,0,0,0,280
08/18/2015,JAX,FL,ASO,ES,Combined TRACON& Tower with Radar,148,63,16,18,245,0,0,3,3,6,148,63,19,21,251,0,18,18,269
08/19/2015,JAX,FL,ASO,ES,Combined TRACON& Tower with Radar,160,46,24,22,252,0,0,0,4,4,160,46,24,26,256,0,0,0,256
08/20/2015,JAX,FL,ASO,ES,Combined TRACON& Tower with Radar,146,60,35,13,254,0,2,1,0,3,146,62,36,13,257,0,0,0,257
08/21/2015,JAX,FL,ASO,ES,Combined TRACON& Tower with Radar,158,56,23,11,248,0,3,7,3,13,158,59,30,14,261,0,0,0,261
08/22/2015,JAX,FL,ASO,ES,Combined TRACON& Tower with Radar,123,29,9,0,161,0,0,7,2,9,123,29,16,2,170,16,0,16,186
08/23/2015,JAX,FL,ASO,ES,Combined TRACON& Tower with Radar,140,49,23,1,213,0,0,1,1,2,140,49,24,2,215,0,18,18,233
08/24/2015,JAX,FL,ASO,ES,Combined TRACON& Tower with Radar,147,38,15,51,251,0,2,3,1,6,147,40,18,52,257,0,30,30,287
08/25/2015,JAX,FL,ASO,ES,Combined TRACON& Tower with Radar,144,52,26,16,238,0,2,8,1,11,144,54,34,17,249,0,14,14,263
08/26/2015,JAX,FL,ASO,ES,Combined TRACON& Tower with Radar,154,46,24,9,233,0,1,5,4,10,154,47,29,13,243,0,8,8,251
08/27/2015,JAX,FL,ASO,ES,Combined TRACON& Tower with Radar,155,47,24,13,239,0,1,0,4,5,155,48,24,17,244,8,0,8,252
08/28/2015,JAX,FL,ASO,ES,Combined TRACON& Tower with Radar,157,43,19,11,230,0,0,2,4,6,157,43,21,15,236,0,18,18,254
08/29/2015,JAX,FL,ASO,ES,Combined TRACON& Tower with Radar,117,29,5,0,151,0,0,2,0,2,117,29,7,0,153,0,0,0,153
08/30/2015,JAX,FL,ASO,ES,Combined TRACON& Tower with Radar,131,36,6,0,173,0,0,0,0,0,131,36,6,0,173,0,0,0,173
08/31/2015,JAX,FL,ASO,ES,Combined TRACON& Tower with Radar,149,39,25,0,213,0,0,3,1,4,149,39,28,1,217,4,0,4,221
09/01/2015,JAX,FL,ASO,ES,Combined TRACON& Tower with Radar,148,45,26,17,236,0,0,2,2,4,148,45,28,19,240,0,20,20,260
09/02/2015,JAX,FL,ASO,ES,Combined TRACON& Tower with Radar,156,43,20,12,231,0,0,0,2,2,156,43,20,14,233,0,0,0,233
09/03/2015,JAX,FL,ASO,ES,Combined TRACON& Tower with Radar,151,62,35,12,260,0,0,8,1,9,151,62,43,13,269,0,42,42,311
09/04/2015,JAX,FL,ASO,ES,Combined TRACON& Tower with Radar,157,45,20,12,234,0,0,6,0,6,157,45,26,12,240,6,0,6,246
09/05/2015,JAX,FL,ASO,ES,Combined TRACON& Tower with Radar,122,17,5,0,144,0,1,1,0,2,122,18,6,0,146,0,0,0,146
09/06/2015,JAX,FL,ASO,ES,Combined TRACON& Tower with Radar,118,25,4,0,147,0,0,1,0,1,118,25,5,0,148,0,0,0,148
09/07/2015,JAX,FL,ASO,ES,Combined TRACON& Tower with Radar,140,39,11,0,190,0,0,2,0,2,140,39,13,0,192,0,0,0,192
09/08/2015,JAX,FL,ASO,ES,Combined TRACON& Tower with Radar,162,52,36,25,275,0,0,1,5,6,162,52,37,30,281,2,14,16,297
09/09/2015,JAX,FL,ASO,ES,Combined TRACON& Tower with Radar,146,48,40,20,254,0,2,6,1,9,146,50,46,21,263,0,0,0,263
09/10/2015,JAX,FL,ASO,ES,Combined TRACON& Tower with Radar,143,55,29,35,262,0,0,1,2,3,143,55,30,37,265,0,0,0,265
09/11/2015,JAX,FL,ASO,ES,Combined TRACON& Tower with Radar,150,53,26,44,273,0,2,9,4,15,150,55,35,48,288,4,0,4,292
09/12/2015,JAX,FL,ASO,ES,Combined TRACON& Tower with Radar,108,34,6,2,150,0,1,1,0,2,108,35,7,2,152,0,4,4,156
09/13/2015,JAX,FL,ASO,ES,Combined TRACON& Tower with Radar,140,35,17,15,207,0,0,6,5,11,140,35,23,20,218,0,4,4,222
09/14/2015,JAX,FL,ASO,ES,Combined TRACON& Tower with Radar,147,41,21,31,240,0,2,10,3,15,147,43,31,34,255,0,0,0,255
09/15/2015,JAX,FL,ASO,ES,Combined TRACON& Tower with Radar,151,40,19,35,245,0,0,0,5,5,151,40,19,40,250,4,0,4,254
09/16/2015,JAX,FL,ASO,ES,Combined TRACON& Tower with Radar,152,40,24,11,227,0,0,1,1,2,152,40,25,12,229,0,0,0,229
09/17/2015,JAX,FL,ASO,ES,Combined TRACON& Tower with Radar,154,56,17,14,241,0,0,0,0,0,154,56,17,14,241,0,0,0,241
09/18/2015,JAX,FL,ASO,ES,Combined TRACON& Tower with Radar,160,59,13,20,252,0,0,1,0,1,160,59,14,20,253,0,0,0,253
09/19/2015,JAX,FL,ASO,ES,Combined TRACON& Tower with Radar,109,37,11,19,176,0,0,4,1,5,109,37,15,20,181,0,0,0,181
09/20/2015,JAX,FL,ASO,ES,Combined TRACON& Tower with Radar,143,52,20,18,233,0,0,3,0,3,143,52,23,18,236,20,2,22,258
09/21/2015,JAX,FL,ASO,ES,Combined TRACON& Tower with Radar,147,39,19,23,228,0,9,5,1,15,147,48,24,24,243,0,64,64,307
09/22/2015,JAX,FL,ASO,ES,Combined TRACON& Tower with Radar,147,53,25,41,266,0,8,4,53,65,147,61,29,94,331,0,0,0,331
09/23/2015,JAX,FL,ASO,ES,Combined TRACON& Tower with Radar,145,51,37,25,258,0,1,3,0,4,145,52,40,25,262,4,0,4,266
09/24/2015,JAX,FL,ASO,ES,Combined TRACON& Tower with Radar,162,46,28,16,252,0,0,1,1,2,162,46,29,17,254,0,38,38,292
09/25/2015,JAX,FL,ASO,ES,Combined TRACON& Tower with Radar,159,45,30,18,252,0,0,4,0,4,159,45,34,18,256,0,0,0,256
09/26/2015,JAX,FL,ASO,ES,Combined TRACON& Tower with Radar,110,34,11,0,155,0,0,3,0,3,110,34,14,0,158,10,0,10,168
09/27/2015,JAX,FL,ASO,ES,Combined TRACON& Tower with Radar,146,48,20,1,215,0,0,0,1,1,146,48,20,2,216,0,0,0,216
09/28/2015,JAX,FL,ASO,ES,Combined TRACON& Tower with Radar,151,39,26,0,216,0,0,1,2,3,151,39,27,2,219,0,16,16,235
09/29/2015,JAX,FL,ASO,ES,Combined TRACON& Tower with Radar,156,37,30,38,261,0,3,1,7,11,156,40,31,45,272,0,46,46,318
09/30/2015,JAX,FL,ASO,ES,Combined TRACON& Tower with Radar,159,39,37,36,271,0,0,5,4,9,159,39,42,40,280,0,14,14,294
10/01/2015,JAX,FL,ASO,ES,Combined TRACON& Tower with Radar,158,52,31,28,269,0,0,0,4,4,158,52,31,32,273,0,0,0,273
10/02/2015,JAX,FL,ASO,ES,Combined TRACON& Tower with Radar,163,54,20,27,264,0,0,0,0,0,163,54,20,27,264,0,0,0,264
10/03/2015,JAX,FL,ASO,ES,Combined TRACON& Tower with Radar,112,24,10,0,146,0,0,2,2,4,112,24,12,2,150,0,0,0,150
10/04/2015,JAX,FL,ASO,ES,Combined TRACON& Tower with Radar,146,45,16,7,214,0,0,1,0,1,146,45,17,7,215,10,0,10,225
10/05/2015,JAX,FL,ASO,ES,Combined TRACON& Tower with Radar,156,32,31,22,241,0,0,0,0,0,156,32,31,22,241,0,0,0,241
10/06/2015,JAX,FL,ASO,ES,Combined TRACON& Tower with Radar,161,39,26,11,237,0,0,5,0,5,161,39,31,11,242,0,0,0,242
10/07/2015,JAX,FL,ASO,ES,Combined TRACON& Tower with Radar,163,31,32,14,240,0,0,6,4,10,163,31,38,18,250,4,12,16,266
10/08/2015,JAX,FL,ASO,ES,Combined TRACON& Tower with Radar,168,43,29,8,248,0,0,3,3,6,168,43,32,11,254,0,18,18,272
10/09/2015,JAX,FL,ASO,ES,Combined TRACON& Tower with Radar,174,38,31,0,243,0,0,7,2,9,174,38,38,2,252,0,0,0,252
10/10/2015,JAX,FL,ASO,ES,Combined TRACON& Tower with Radar,125,24,11,0,160,0,0,5,0,5,125,24,16,0,165,0,0,0,165
10/11/2015,JAX,FL,ASO,ES,Combined TRACON& Tower with Radar,153,31,22,1,207,0,0,6,0,6,153,31,28,1,213,0,0,0,213
10/12/2015,JAX,FL,ASO,ES,Combined TRACON& Tower with Radar,156,49,13,1,219,0,2,6,2,10,156,51,19,3,229,2,10,12,241
10/13/2015,JAX,FL,ASO,ES,Combined TRACON& Tower with Radar,160,41,38,50,289,0,1,11,1,13,160,42,49,51,302,0,10,10,312
10/14/2015,JAX,FL,ASO,ES,Combined TRACON& Tower with Radar,161,28,29,21,239,0,4,1,4,9,161,32,30,25,248,0,14,14,262
10/15/2015,JAX,FL,ASO,ES,Combined TRACON& Tower with Radar,160,41,18,17,236,0,1,13,6,20,160,42,31,23,256,0,54,54,310
10/16/2015,JAX,FL,ASO,ES,Combined TRACON& Tower with Radar,168,42,23,12,245,0,3,12,4,19,168,45,35,16,264,0,6,6,270
10/17/2015,JAX,FL,ASO,ES,Combined TRACON& Tower with Radar,121,33,9,19,182,0,3,5,3,11,121,36,14,22,193,0,0,0,193
10/18/2015,JAX,FL,ASO,ES,Combined TRACON& Tower with Radar,147,35,18,0,200,0,1,3,0,4,147,36,21,0,204,0,0,0,204
10/19/2015,JAX,FL,ASO,ES,Combined TRACON& Tower with Radar,160,37,17,24,238,0,4,4,3,11,160,41,21,27,249,0,35,35,284
10/20/2015,JAX,FL,ASO,ES,Combined TRACON& Tower with Radar,158,34,20,14,226,0,0,6,4,10,158,34,26,18,236,0,8,8,244
10/21/2015,JAX,FL,ASO,ES,Combined TRACON& Tower with Radar,163,38,26,18,245,0,0,3,6,9,163,38,29,24,254,0,4,4,258
10/22/2015,JAX,FL,ASO,ES,Combined TRACON& Tower with Radar,165,45,28,10,248,0,0,5,9,14,165,45,33,19,262,0,98,98,360
10/23/2015,JAX,FL,ASO,ES,Combined TRACON& Tower with Radar,159,41,22,13,235,0,0,3,1,4,159,41,25,14,239,0,0,0,239
10/24/2015,JAX,FL,ASO,ES,Combined TRACON& Tower with Radar,113,26,10,1,150,0,0,1,0,1,113,26,11,1,151,0,0,0,151
10/25/2015,JAX,FL,ASO,ES,Combined TRACON& Tower with Radar,144,34,16,0,194,0,0,2,2,4,144,34,18,2,198,0,0,0,198
10/26/2015,JAX,FL,ASO,ES,Combined TRACON& Tower with Radar,162,31,16,22,231,0,1,4,6,11,162,32,20,28,242,0,118,118,360
10/27/2015,JAX,FL,ASO,ES,Combined TRACON& Tower with Radar,157,44,28,35,264,0,0,0,4,4,157,44,28,39,268,0,50,50,318
10/28/2015,JAX,FL,ASO,ES,Combined TRACON& Tower with Radar,152,41,30,43,266,0,1,2,0,3,152,42,32,43,269,0,0,0,269
10/29/2015,JAX,FL,ASO,ES,Combined TRACON& Tower with Radar,160,52,27,22,261,0,4,6,1,11,160,56,33,23,272,2,30,32,304
10/30/2015,JAX,FL,ASO,ES,Combined TRACON& Tower with Radar,161,50,25,17,253,0,2,3,3,8,161,52,28,20,261,0,0,0,261
10/31/2015,JAX,FL,ASO,ES,Combined TRACON& Tower with Radar,113,43,18,1,175,0,0,9,1,10,113,43,27,2,185,0,0,0,185
11/01/2015,JAX,FL,ASO,ES,Combined TRACON& Tower with Radar,140,44,27,0,211,0,0,13,0,13,140,44,40,0,224,4,0,4,228
11/02/2015,JAX,FL,ASO,ES,Combined TRACON& Tower with Radar,161,37,21,21,240,0,2,4,5,11,161,39,25,26,251,0,0,0,251
11/03/2015,JAX,FL,ASO,ES,Combined TRACON& Tower with Radar,158,44,25,11,238,0,0,2,4,6,158,44,27,15,244,0,18,18,262
11/04/2015,JAX,FL,ASO,ES,Combined TRACON& Tower with Radar,160,39,36,44,279,0,0,5,2,7,160,39,41,46,286,0,20,20,306
11/05/2015,JAX,FL,ASO,ES,Combined TRACON& Tower with Radar,164,57,32,42,295,0,2,5,6,13,164,59,37,48,308,1,22,23,331
11/06/2015,JAX,FL,ASO,ES,Combined TRACON& Tower with Radar,167,49,20,38,274,0,1,7,11,19,167,50,27,49,293,0,0,0,293
11/07/2015,JAX,FL,ASO,ES,Combined TRACON& Tower with Radar,117,23,13,3,156,0,2,9,1,12,117,25,22,4,168,0,0,0,168
11/08/2015,JAX,FL,ASO,ES,Combined TRACON& Tower with Radar,146,37,28,0,211,0,0,0,0,0,146,37,28,0,211,0,0,0,211
11/09/2015,JAX,FL,ASO,ES,Combined TRACON& Tower with Radar,163,41,31,2,237,0,3,4,0,7,163,44,35,2,244,0,0,0,244
11/10/2015,JAX,FL,ASO,ES,Combined TRACON& Tower with Radar,162,47,38,50,297,0,0,4,1,5,162,47,42,51,302,0,20,20,322
11/11/2015,JAX,FL,ASO,ES,Combined TRACON& Tower with Radar,159,50,26,2,237,0,1,4,0,5,159,51,30,2,242,4,0,4,246
11/12/2015,JAX,FL,ASO,ES,Combined TRACON& Tower with Radar,164,42,41,15,262,0,3,16,4,23,164,45,57,19,285,8,0,8,293
11/13/2015,JAX,FL,ASO,ES,Combined TRACON& Tower with Radar,169,39,18,39,265,0,1,5,1,7,169,40,23,40,272,28,2,30,302
11/14/2015,JAX,FL,ASO,ES,Combined TRACON& Tower with Radar,116,23,11,16,166,0,2,7,6,15,116,25,18,22,181,0,2,2,183
11/15/2015,JAX,FL,ASO,ES,Combined TRACON& Tower with Radar,145,38,20,0,203,0,0,9,0,9,145,38,29,0,212,0,0,0,212
11/16/2015,JAX,FL,ASO,ES,Combined TRACON& Tower with Radar,159,35,35,14,243,0,0,2,7,9,159,35,37,21,252,0,32,32,284
11/17/2015,JAX,FL,ASO,ES,Combined TRACON& Tower with Radar,158,56,26,37,277,0,0,4,3,7,158,56,30,40,284,0,0,0,284
11/18/2015,JAX,FL,ASO,ES,Combined TRACON& Tower with Radar,159,45,23,37,264,0,0,5,1,6,159,45,28,38,270,0,10,10,280
11/19/2015,JAX,FL,ASO,ES,Combined TRACON& Tower with Radar,164,46,32,59,301,0,2,2,2,6,164,48,34,61,307,0,0,0,307
11/20/2015,JAX,FL,ASO,ES,Combined TRACON& Tower with Radar,167,50,34,38,289,0,0,5,5,10,167,50,39,43,299,0,4,4,303
11/21/2015,JAX,FL,ASO,ES,Combined TRACON& Tower with Radar,122,30,19,2,173,0,0,3,0,3,122,30,22,2,176,0,0,0,176
11/22/2015,JAX,FL,ASO,ES,Combined TRACON& Tower with Radar,134,34,11,0,179,0,0,0,0,0,134,34,11,0,179,0,0,0,179
11/23/2015,JAX,FL,ASO,ES,Combined TRACON& Tower with Radar,145,38,29,0,212,0,2,4,0,6,145,40,33,0,218,0,0,0,218
11/24/2015,JAX,FL,ASO,ES,Combined TRACON& Tower with Radar,161,36,16,7,220,0,1,8,0,9,161,37,24,7,229,0,0,0,229
11/25/2015,JAX,FL,ASO,ES,Combined TRACON& Tower with Radar,174,50,25,6,255,0,7,6,0,13,174,57,31,6,268,0,0,0,268
11/26/2015,JAX,FL,ASO,ES,Combined TRACON& Tower with Radar,104,18,1,0,123,0,0,2,0,2,104,18,3,0,125,0,0,0,125
11/27/2015,JAX,FL,ASO,ES,Combined TRACON& Tower with Radar,120,29,13,1,163,0,0,4,0,4,120,29,17,1,167,0,0,0,167
11/28/2015,JAX,FL,ASO,ES,Combined TRACON& Tower with Radar,142,36,16,4,198,0,0,2,0,2,142,36,18,4,200,0,0,0,200
11/29/2015,JAX,FL,ASO,ES,Combined TRACON& Tower with Radar,156,60,33,2,251,0,2,3,0,5,156,62,36,2,256,0,0,0,256
11/30/2015,JAX,FL,ASO,ES,Combined TRACON& Tower with Radar,158,56,38,35,287,0,7,7,2,16,158,63,45,37,303,30,29,59,362
12/01/2015,JAX,FL,ASO,ES,Combined TRACON& Tower with Radar,156,65,30,6,257,0,6,8,3,17,156,71,38,9,274,18,48,66,340
12/02/2015,JAX,FL,ASO,ES,Combined TRACON& Tower with Radar,156,64,38,31,289,0,3,0,6,9,156,67,38,37,298,0,6,6,304
12/03/2015,JAX,FL,ASO,ES,Combined TRACON& Tower with Radar,157,78,24,30,289,0,0,4,0,4,157,78,28,30,293,4,4,8,301
12/04/2015,JAX,FL,ASO,ES,Combined TRACON& Tower with Radar,160,53,29,14,256,0,0,0,3,3,160,53,29,17,259,0,0,0,259
12/05/2015,JAX,FL,ASO,ES,Combined TRACON& Tower with Radar,110,21,8,13,152,0,0,2,0,2,110,21,10,13,154,0,0,0,154
12/06/2015,JAX,FL,ASO,ES,Combined TRACON& Tower with Radar,142,48,15,3,208,0,0,5,1,6,142,48,20,4,214,0,0,0,214
12/07/2015,JAX,FL,ASO,ES,Combined TRACON& Tower with Radar,144,54,21,23,242,0,2,3,0,5,144,56,24,23,247,0,0,0,247
12/08/2015,JAX,FL,ASO,ES,Combined TRACON& Tower with Radar,164,59,28,6,257,0,5,4,11,20,164,64,32,17,277,0,0,0,277
12/09/2015,JAX,FL,ASO,ES,Combined TRACON& Tower with Radar,151,60,32,37,280,0,7,12,0,19,151,67,44,37,299,0,0,0,299
12/10/2015,JAX,FL,ASO,ES,Combined TRACON& Tower with Radar,157,65,20,10,252,0,0,11,1,12,157,65,31,11,264,0,20,20,284
12/11/2015,JAX,FL,ASO,ES,Combined TRACON& Tower with Radar,155,41,17,5,218,0,2,5,5,12,155,43,22,10,230,0,0,0,230
12/12/2015,JAX,FL,ASO,ES,Combined TRACON& Tower with Radar,121,22,15,0,158,0,6,3,2,11,121,28,18,2,169,0,0,0,169
12/13/2015,JAX,FL,ASO,ES,Combined TRACON& Tower with Radar,141,46,15,1,203,0,0,2,0,2,141,46,17,1,205,0,0,0,205
12/14/2015,JAX,FL,ASO,ES,Combined TRACON& Tower with Radar,135,49,33,25,242,0,2,4,0,6,135,51,37,25,248,0,12,12,260
12/15/2015,JAX,FL,ASO,ES,Combined TRACON& Tower with Radar,158,55,21,6,240,0,0,0,3,3,158,55,21,9,243,2,30,32,275
12/16/2015,JAX,FL,ASO,ES,Combined TRACON& Tower with Radar,159,48,28,9,244,0,0,4,2,6,159,48,32,11,250,0,0,0,250
12/17/2015,JAX,FL,ASO,ES,Combined TRACON& Tower with Radar,157,69,32,19,277,0,1,2,7,10,157,70,34,26,287,0,22,22,309
12/18/2015,JAX,FL,ASO,ES,Combined TRACON& Tower with Radar,173,53,25,14,265,0,5,2,5,12,173,58,27,19,277,0,13,13,290
12/19/2015,JAX,FL,ASO,ES,Combined TRACON& Tower with Radar,153,45,7,9,214,0,2,5,3,10,153,47,12,12,224,4,0,4,228
12/20/2015,JAX,FL,ASO,ES,Combined TRACON& Tower with Radar,155,51,12,1,219,0,0,2,0,2,155,51,14,1,221,0,0,0,221
12/21/2015,JAX,FL,ASO,ES,Combined TRACON& Tower with Radar,160,58,20,18,256,0,0,2,2,4,160,58,22,20,260,0,0,0,260
12/22/2015,JAX,FL,ASO,ES,Combined TRACON& Tower with Radar,171,42,16,42,271,0,0,3,7,10,171,42,19,49,281,0,22,22,303
12/23/2015,JAX,FL,ASO,ES,Combined TRACON& Tower with Radar,163,45,11,5,224,0,0,2,0,2,163,45,13,5,226,0,0,0,226
12/24/2015,JAX,FL,ASO,ES,Combined TRACON& Tower with Radar,140,39,5,0,184,0,0,7,0,7,140,39,12,0,191,0,0,0,191
12/25/2015,JAX,FL,ASO,ES,Combined TRACON& Tower with Radar,107,28,5,0,140,0,0,6,0,6,107,28,11,0,146,0,0,0,146
12/26/2015,JAX,FL,ASO,ES,Combined TRACON& Tower with Radar,139,46,20,0,205,0,0,9,0,9,139,46,29,0,214,0,0,0,214
12/27/2015,JAX,FL,ASO,ES,Combined TRACON& Tower with Radar,145,31,27,0,203,0,0,5,0,5,145,31,32,0,208,0,0,0,208
12/28/2015,JAX,FL,ASO,ES,Combined TRACON& Tower with Radar,157,51,16,25,249,0,1,3,4,8,157,52,19,29,257,0,28,28,285
12/29/2015,JAX,FL,ASO,ES,Combined TRACON& Tower with Radar,148,45,8,18,219,0,2,4,0,6,148,47,12,18,225,0,10,10,235
12/30/2015,JAX,FL,ASO,ES,Combined TRACON& Tower with Radar,150,57,14,18,239,0,2,3,2,7,150,59,17,20,246,0,0,0,246
12/31/2015,JAX,FL,ASO,ES,Combined TRACON& Tower with Radar,150,31,15,8,204,0,0,5,0,5,150,31,20,8,209,0,0,0,209
01/01/2016,JAX,FL,ASO,ES,Combined TRACON& Tower with Radar,124,33,9,0,166,0,0,0,0,0,124,33,9,0,166,0,0,0,166
01/02/2016,JAX,FL,ASO,ES,Combined TRACON& Tower with Radar,145,61,16,0,222,0,0,0,0,0,145,61,16,0,222,0,0,0,222
01/03/2016,JAX,FL,ASO,ES,Combined TRACON& Tower with Radar,160,47,17,0,224,0,1,4,0,5,160,48,21,0,229,0,0,0,229
01/04/2016,JAX,FL,ASO,ES,Combined TRACON& Tower with Radar,161,49,9,4,223,0,3,12,0,15,161,52,21,4,238,0,0,0,238
01/05/2016,JAX,FL,ASO,ES,Combined TRACON& Tower with Radar,146,51,27,11,235,0,1,4,0,5,146,52,31,11,240,0,0,0,240
01/06/2016,JAX,FL,ASO,ES,Combined TRACON& Tower with Radar,146,43,27,12,228,0,0,1,5,6,146,43,28,17,234,0,0,0,234
01/07/2016,JAX,FL,ASO,ES,Combined TRACON& Tower with Radar,144,55,27,13,239,0,0,0,0,0,144,55,27,13,239,0,0,0,239
01/08/2016,JAX,FL,ASO,ES,Combined TRACON& Tower with Radar,149,34,28,24,235,0,0,1,0,1,149,34,29,24,236,0,0,0,236
01/09/2016,JAX,FL,ASO,ES,Combined TRACON& Tower with Radar,115,25,12,16,168,0,0,0,0,0,115,25,12,16,168,0,0,0,168
01/10/2016,JAX,FL,ASO,ES,Combined TRACON& Tower with Radar,124,36,15,1,176,0,4,8,0,12,124,40,23,1,188,0,0,0,188
01/11/2016,JAX,FL,ASO,ES,Combined TRACON& Tower with Radar,142,35,14,13,204,0,2,3,5,10,142,37,17,18,214,0,28,28,242
01/12/2016,JAX,FL,ASO,ES,Combined TRACON& Tower with Radar,149,41,12,30,232,0,6,17,9,32,149,47,29,39,264,16,68,84,348
01/13/2016,JAX,FL,ASO,ES,Combined TRACON& Tower with Radar,153,52,28,27,260,0,4,3,9,16,153,56,31,36,276,6,26,32,308
01/14/2016,JAX,FL,ASO,ES,Combined TRACON& Tower with Radar,149,52,38,4,243,0,1,6,4,11,149,53,44,8,254,4,40,44,298
01/15/2016,JAX,FL,ASO,ES,Combined TRACON& Tower with Radar,151,46,26,21,244,0,1,0,2,3,151,47,26,23,247,4,40,44,291
01/16/2016,JAX,FL,ASO,ES,Combined TRACON& Tower with Radar,110,31,24,0,165,0,0,1,0,1,110,31,25,0,166,0,0,0,166
01/17/2016,JAX,FL,ASO,ES,Combined TRACON& Tower with Radar,118,44,21,0,183,0,0,1,0,1,118,44,22,0,184,0,0,0,184
01/18/2016,JAX,FL,ASO,ES,Combined TRACON& Tower with Radar,140,52,9,0,201,0,3,7,0,10,140,55,16,0,211,0,0,0,211
01/19/2016,JAX,FL,ASO,ES,Combined TRACON& Tower with Radar,149,55,38,41,283,0,0,8,6,14,149,55,46,47,297,10,73,83,380
01/20/2016,JAX,FL,ASO,ES,Combined TRACON& Tower with Radar,149,46,30,13,238,0,1,6,3,10,149,47,36,16,248,0,18,18,266
01/21/2016,JAX,FL,ASO,ES,Combined TRACON& Tower with Radar,155,56,53,42,306,0,0,10,0,10,155,56,63,42,316,0,0,0,316
01/22/2016,JAX,FL,ASO,ES,Combined TRACON& Tower with Radar,114,34,19,19,186,0,0,1,2,3,114,34,20,21,189,0,0,0,189
01/23/2016,JAX,FL,ASO,ES,Combined TRACON& Tower with Radar,75,20,12,0,107,0,0,1,0,1,75,20,13,0,108,0,0,0,108
01/24/2016,JAX,FL,ASO,ES,Combined TRACON& Tower with Radar,93,25,21,5,144,0,10,10,1,21,93,35,31,6,165,4,6,10,175
01/25/2016,JAX,FL,ASO,ES,Combined TRACON& Tower with Radar,136,33,34,25,228,0,0,1,6,7,136,33,35,31,235,0,41,41,276
01/26/2016,JAX,FL,ASO,ES,Combined TRACON& Tower with Radar,151,50,41,27,269,0,7,4,8,19,151,57,45,35,288,0,87,87,375
01/27/2016,JAX,FL,ASO,ES,Combined TRACON& Tower with Radar,148,45,24,16,233,0,2,0,3,5,148,47,24,19,238,0,58,58,296
01/28/2016,JAX,FL,ASO,ES,Combined TRACON& Tower with Radar,150,44,19,12,225,0,0,0,0,0,150,44,19,12,225,12,32,44,269
01/29/2016,JAX,FL,ASO,ES,Combined TRACON& Tower with Radar,157,54,40,18,269,0,4,14,11,29,157,58,54,29,298,12,32,44,342
01/30/2016,JAX,FL,ASO,ES,Combined TRACON& Tower with Radar,111,25,9,6,151,0,2,4,2,8,111,27,13,8,159,0,0,0,159
01/31/2016,JAX,FL,ASO,ES,Combined TRACON& Tower with Radar,126,31,10,9,176,0,10,4,0,14,126,41,14,9,190,0,0,0,190
02/01/2016,JAX,FL,ASO,ES,Combined TRACON& Tower with Radar,143,27,17,4,191,0,0,7,74,81,143,27,24,78,272,0,0,0,272
02/02/2016,JAX,FL,ASO,ES,Combined TRACON& Tower with Radar,155,36,38,25,254,0,3,10,10,23,155,39,48,35,277,0,156,156,433
02/03/2016,JAX,FL,ASO,ES,Combined TRACON& Tower with Radar,156,32,40,49,277,0,0,4,9,13,156,32,44,58,290,0,78,78,368
02/04/2016,JAX,FL,ASO,ES,Combined TRACON& Tower with Radar,158,37,23,11,229,0,0,0,0,0,158,37,23,11,229,0,0,0,229
02/05/2016,JAX,FL,ASO,ES,Combined TRACON& Tower with Radar,143,40,24,44,251,0,1,16,9,26,143,41,40,53,277,6,8,14,291
02/06/2016,JAX,FL,ASO,ES,Combined TRACON& Tower with Radar,113,33,6,17,169,0,1,8,3,12,113,34,14,20,181,0,0,0,181
02/07/2016,JAX,FL,ASO,ES,Combined TRACON& Tower with Radar,109,29,14,4,156,0,0,9,0,9,109,29,23,4,165,0,0,0,165
02/08/2016,JAX,FL,ASO,ES,Combined TRACON& Tower with Radar,134,38,23,7,202,0,3,2,4,9,134,41,25,11,211,0,10,10,221
02/09/2016,JAX,FL,ASO,ES,Combined TRACON& Tower with Radar,148,47,30,22,247,0,4,3,12,19,148,51,33,34,266,0,71,71,337
02/10/2016,JAX,FL,ASO,ES,Combined TRACON& Tower with Radar,150,38,42,19,249,0,2,6,6,14,150,40,48,25,263,26,46,72,335
02/11/2016,JAX,FL,ASO,ES,Combined TRACON& Tower with Radar,160,40,28,30,258,0,1,11,59,71,160,41,39,89,329,0,0,0,329
02/12/2016,JAX,FL,ASO,ES,Combined TRACON& Tower with Radar,156,35,41,6,238,0,3,4,4,11,156,38,45,10,249,0,50,50,299
02/13/2016,JAX,FL,ASO,ES,Combined TRACON& Tower with Radar,121,25,24,0,170,0,4,17,0,21,121,29,41,0,191,0,0,0,191
02/14/2016,JAX,FL,ASO,ES,Combined TRACON& Tower with Radar,131,25,7,1,164,0,2,3,1,6,131,27,10,2,170,0,0,0,170
02/15/2016,JAX,FL,ASO,ES,Combined TRACON& Tower with Radar,135,30,25,4,194,0,0,2,6,8,135,30,27,10,202,0,0,0,202
02/16/2016,JAX,FL,ASO,ES,Combined TRACON& Tower with Radar,152,36,26,38,252,0,3,4,8,15,152,39,30,46,267,0,117,117,384
02/17/2016,JAX,FL,ASO,ES,Combined TRACON& Tower with Radar,160,54,41,12,267,0,2,10,10,22,160,56,51,22,289,0,66,66,355
02/18/2016,JAX,FL,ASO,ES,Combined TRACON& Tower with Radar,165,55,30,13,263,0,3,9,15,27,165,58,39,28,290,0,146,146,436
02/19/2016,JAX,FL,ASO,ES,Combined TRACON& Tower with Radar,156,40,32,15,243,0,4,5,7,16,156,44,37,22,259,0,0,0,259
02/20/2016,JAX,FL,ASO,ES,Combined TRACON& Tower with Radar,123,30,15,3,171,0,4,9,2,15,123,34,24,5,186,6,0,6,192
02/21/2016,JAX,FL,ASO,ES,Combined TRACON& Tower with Radar,141,31,25,13,210,0,4,5,4,13,141,35,30,17,223,0,12,12,235
02/22/2016,JAX,FL,ASO,ES,Combined TRACON& Tower with Radar,156,32,29,8,225,0,2,28,44,74,156,34,57,52,299,0,0,0,299
02/23/2016,JAX,FL,ASO,ES,Combined TRACON& Tower with Radar,154,37,31,31,253,0,0,7,8,15,154,37,38,39,268,0,106,106,374
02/24/2016,JAX,FL,ASO,ES,Combined TRACON& Tower with Radar,145,39,23,28,235,0,6,0,6,12,145,45,23,34,247,10,42,52,299
02/25/2016,JAX,FL,ASO,ES,Combined TRACON& Tower with Radar,168,51,26,19,264,0,6,6,46,58,168,57,32,65,322,0,8,8,330
02/26/2016,JAX,FL,ASO,ES,Combined TRACON& Tower with Radar,159,36,45,13,253,0,2,3,2,7,159,38,48,15,260,6,0,6,266
02/27/2016,JAX,FL,ASO,ES,Combined TRACON& Tower with Radar,122,33,19,6,180,0,4,6,0,10,122,37,25,6,190,0,0,0,190
02/28/2016,JAX,FL,ASO,ES,Combined TRACON& Tower with Radar,140,37,25,0,202,0,1,3,0,4,140,38,28,0,206,6,0,6,212
02/29/2016,JAX,FL,ASO,ES,Combined TRACON& Tower with Radar,152,27,34,11,224,0,1,9,52,62,152,28,43,63,286,0,0,0,286
03/01/2016,JAX,FL,ASO,ES,Combined TRACON& Tower with Radar,167,52,40,34,293,0,7,6,9,22,167,59,46,43,315,10,84,94,409
03/02/2016,JAX,FL,ASO,ES,Combined TRACON& Tower with Radar,164,48,41,24,277,0,4,12,3,19,164,52,53,27,296,8,114,122,418
03/03/2016,JAX,FL,ASO,ES,Combined TRACON& Tower with Radar,161,53,55,48,317,0,4,4,4,12,161,57,59,52,329,0,72,72,401
03/04/2016,JAX,FL,ASO,ES,Combined TRACON& Tower with Radar,159,46,17,24,246,0,4,11,0,15,159,50,28,24,261,0,0,0,261
03/05/2016,JAX,FL,ASO,ES,Combined TRACON& Tower with Radar,138,49,16,11,214,0,4,5,0,9,138,53,21,11,223,12,2,14,237
03/06/2016,JAX,FL,ASO,ES,Combined TRACON& Tower with Radar,144,45,25,14,228,0,4,8,2,14,144,49,33,16,242,0,0,0,242
03/07/2016,JAX,FL,ASO,ES,Combined TRACON& Tower with Radar,153,45,30,40,268,0,0,8,3,11,153,45,38,43,279,0,30,30,309
03/08/2016,JAX,FL,ASO,ES,Combined TRACON& Tower with Radar,150,46,32,53,281,0,1,12,7,20,150,47,44,60,301,5,30,35,336
03/09/2016,JAX,FL,ASO,ES,Combined TRACON& Tower with Radar,149,38,33,44,264,0,3,11,3,17,149,41,44,47,281,9,40,49,330
03/10/2016,JAX,FL,ASO,ES,Combined TRACON& Tower with Radar,164,45,43,16,268,0,2,4,7,13,164,47,47,23,281,0,62,62,343
03/11/2016,JAX,FL,ASO,ES,Combined TRACON& Tower with Radar,153,63,48,31,295,0,1,14,1,16,153,64,62,32,311,0,0,0,311
03/12/2016,JAX,FL,ASO,ES,Combined TRACON& Tower with Radar,146,37,26,1,210,0,0,2,0,2,146,37,28,1,212,0,0,0,212
03/13/2016,JAX,FL,ASO,ES,Combined TRACON& Tower with Radar,145,49,22,2,218,0,0,5,0,5,145,49,27,2,223,0,0,0,223
03/14/2016,JAX,FL,ASO,ES,Combined TRACON& Tower with Radar,158,47,40,13,258,0,4,9,30,43,158,51,49,43,301,0,0,0,301
03/15/2016,JAX,FL,ASO,ES,Combined TRACON& Tower with Radar,161,48,34,38,281,0,6,6,4,16,161,54,40,42,297,0,51,51,348
03/16/2016,JAX,FL,ASO,ES,Combined TRACON& Tower with Radar,163,52,30,27,272,0,4,14,8,26,163,56,44,35,298,10,48,58,356
03/17/2016,JAX,FL,ASO,ES,Combined TRACON& Tower with Radar,163,45,40,11,259,0,2,4,1,7,163,47,44,12,266,0,4,4,270
03/18/2016,JAX,FL,ASO,ES,Combined TRACON& Tower with Radar,158,40,22,38,258,0,0,0,0,0,158,40,22,38,258,0,0,0,258
03/19/2016,JAX,FL,ASO,ES,Combined TRACON& Tower with Radar,148,44,13,0,205,0,0,2,0,2,148,44,15,0,207,6,0,6,213
03/20/2016,JAX,FL,ASO,ES,Combined TRACON& Tower with Radar,152,39,26,3,220,0,6,7,1,14,152,45,33,4,234,0,0,0,234
03/21/2016,JAX,FL,ASO,ES,Combined TRACON& Tower with Radar,153,41,29,21,244,0,4,20,103,127,153,45,49,124,371,0,0,0,371
03/22/2016,JAX,FL,ASO,ES,Combined TRACON& Tower with Radar,162,50,43,31,286,0,2,3,2,7,162,52,46,33,293,5,28,33,326
03/23/2016,JAX,FL,ASO,ES,Combined TRACON& Tower with Radar,169,47,49,30,295,0,0,10,6,16,169,47,59,36,311,2,88,90,401
03/24/2016,JAX,FL,ASO,ES,Combined TRACON& Tower with Radar,173,39,29,34,275,0,0,10,38,48,173,39,39,72,323,0,0,0,323
03/25/2016,JAX,FL,ASO,ES,Combined TRACON& Tower with Radar,174,46,25,14,259,0,0,2,4,6,174,46,27,18,265,0,0,0,265
03/26/2016,JAX,FL,ASO,ES,Combined TRACON& Tower with Radar,165,26,25,18,234,0,0,3,1,4,165,26,28,19,238,0,0,0,238
03/27/2016,JAX,FL,ASO,ES,Combined TRACON& Tower with Radar,160,35,13,13,221,0,0,0,0,0,160,35,13,13,221,0,0,0,221
03/28/2016,JAX,FL,ASO,ES,Combined TRACON& Tower with Radar,149,48,18,15,230,0,9,3,18,30,149,57,21,33,260,0,0,0,260
03/29/2016,JAX,FL,ASO,ES,Combined TRACON& Tower with Radar,163,65,53,13,294,0,3,6,9,18,163,68,59,22,312,0,56,56,368
03/30/2016,JAX,FL,ASO,ES,Combined TRACON& Tower with Radar,158,47,50,14,269,0,3,9,3,15,158,50,59,17,284,0,66,66,350
03/31/2016,JAX,FL,ASO,ES,Combined TRACON& Tower with Radar,159,56,47,58,320,0,6,7,10,23,159,62,54,68,343,0,58,58,401
04/01/2016,JAX,FL,ASO,ES,Combined TRACON& Tower with Radar,157,48,29,23,257,0,5,7,4,16,157,53,36,27,273,18,22,40,313
04/02/2016,JAX,FL,ASO,ES,Combined TRACON& Tower with Radar,161,34,14,12,221,0,1,1,1,3,161,35,15,13,224,0,0,0,224
04/03/2016,JAX,FL,ASO,ES,Combined TRACON& Tower with Radar,147,46,27,16,236,0,3,3,1,7,147,49,30,17,243,6,92,98,341
04/04/2016,JAX,FL,ASO,ES,Combined TRACON& Tower with Radar,152,46,36,30,264,0,15,15,29,59,152,61,51,59,323,0,0,0,323
04/05/2016,JAX,FL,ASO,ES,Combined TRACON& Tower with Radar,174,42,43,23,282,0,11,11,10,32,174,53,54,33,314,18,104,122,436
04/06/2016,JAX,FL,ASO,ES,Combined TRACON& Tower with Radar,162,54,40,12,268,0,12,17,5,34,162,66,57,17,302,0,26,26,328
04/07/2016,JAX,FL,ASO,ES,Combined TRACON& Tower with Radar,163,59,36,52,310,0,6,7,13,26,163,65,43,65,336,6,138,144,480
04/08/2016,JAX,FL,ASO,ES,Combined TRACON& Tower with Radar,159,50,18,30,257,0,2,9,4,15,159,52,27,34,272,0,0,0,272
04/09/2016,JAX,FL,ASO,ES,Combined TRACON& Tower with Radar,136,44,17,0,197,0,2,5,2,9,136,46,22,2,206,0,8,8,214
04/10/2016,JAX,FL,ASO,ES,Combined TRACON& Tower with Radar,159,46,23,1,229,0,6,2,2,10,159,52,25,3,239,0,0,0,239
04/11/2016,JAX,FL,ASO,ES,Combined TRACON& Tower with Radar,160,48,47,6,261,0,2,9,8,19,160,50,56,14,280,0,0,0,280
04/12/2016,JAX,FL,ASO,ES,Combined TRACON& Tower with Radar,166,53,32,16,267,1,0,4,38,43,167,53,36,54,310,0,0,0,310
04/13/2016,JAX,FL,ASO,ES,Combined TRACON& Tower with Radar,172,47,31,24,274,0,0,2,2,4,172,47,33,26,278,0,36,36,314
04/14/2016,JAX,FL,ASO,ES,Combined TRACON& Tower with Radar,167,56,25,10,258,0,2,0,3,5,167,58,25,13,263,0,22,22,285
04/15/2016,JAX,FL,ASO,ES,Combined TRACON& Tower with Radar,175,45,23,6,249,0,0,1,2,3,175,45,24,8,252,0,0,0,252
04/16/2016,JAX,FL,ASO,ES,Combined TRACON& Tower with Radar,139,40,11,0,190,0,0,4,2,6,139,40,15,2,196,0,22,22,218
04/17/2016,JAX,FL,ASO,ES,Combined TRACON& Tower with Radar,162,46,25,9,242,0,2,4,4,10,162,48,29,13,252,17,22,39,291
04/18/2016,JAX,FL,ASO,ES,Combined TRACON& Tower with Radar,159,53,31,36,279,0,6,6,58,70,159,59,37,94,349,0,0,0,349
04/19/2016,JAX,FL,ASO,ES,Combined TRACON& Tower with Radar,162,58,30,31,281,0,3,8,7,18,162,61,38,38,299,10,120,130,429
04/20/2016,JAX,FL,ASO,ES,Combined TRACON& Tower with Radar,163,53,31,21,268,0,7,24,5,36,163,60,55,26,304,12,64,76,380
04/21/2016,JAX,FL,ASO,ES,Combined TRACON& Tower with Radar,171,62,35,35,303,0,4,9,57,70,171,66,44,92,373,0,0,0,373
04/22/2016,JAX,FL,ASO,ES,Combined TRACON& Tower with Radar,172,52,22,13,259,0,0,5,1,6,172,52,27,14,265,0,26,26,291
04/23/2016,JAX,FL,ASO,ES,Combined TRACON& Tower with Radar,133,32,12,3,180,0,7,1,0,8,133,39,13,3,188,0,4,4,192
04/24/2016,JAX,FL,ASO,ES,Combined TRACON& Tower with Radar,155,33,15,0,203,0,3,3,0,6,155,36,18,0,209,4,14,18,227
04/25/2016,JAX,FL,ASO,ES,Combined TRACON& Tower with Radar,163,44,44,10,261,0,4,9,4,17,163,48,53,14,278,0,20,20,298
04/26/2016,JAX,FL,ASO,ES,Combined TRACON& Tower with Radar,158,57,53,22,290,0,1,11,1,13,158,58,64,23,303,0,0,0,303
04/27/2016,JAX,FL,ASO,ES,Combined TRACON& Tower with Radar,167,64,63,17,311,0,1,5,7,13,167,65,68,24,324,0,62,62,386
04/28/2016,JAX,FL,ASO,ES,Combined TRACON& Tower with Radar,174,46,40,26,286,0,2,15,76,93,174,48,55,102,379,0,0,0,379
04/29/2016,JAX,FL,ASO,ES,Combined TRACON& Tower with Radar,165,47,35,6,253,0,0,3,4,7,165,47,38,10,260,0,0,0,260
04/30/2016,JAX,FL,ASO,ES,Combined TRACON& Tower with Radar,132,34,16,9,191,0,2,9,0,11,132,36,25,9,202,0,16,16,218
05/01/2016,JAX,FL,ASO,ES,Combined TRACON& Tower with Radar,153,46,20,2,221,0,3,3,1,7,153,49,23,3,228,0,26,26,254
05/02/2016,JAX,FL,ASO,ES,Combined TRACON& Tower with Radar,156,46,25,24,251,0,1,5,31,37,156,47,30,55,288,0,0,0,288
05/03/2016,JAX,FL,ASO,ES,Combined TRACON& Tower with Radar,167,52,11,25,255,0,4,5,10,19,167,56,16,35,274,0,84,84,358
05/04/2016,JAX,FL,ASO,ES,Combined TRACON& Tower with Radar,176,36,40,7,259,0,0,5,5,10,176,36,45,12,269,0,130,130,399
05/05/2016,JAX,FL,ASO,ES,Combined TRACON& Tower with Radar,169,52,17,17,255,0,2,0,66,68,169,54,17,83,323,0,0,0,323
05/06/2016,JAX,FL,ASO,ES,Combined TRACON& Tower with Radar,175,44,18,34,271,0,1,10,2,13,175,45,28,36,284,0,0,0,284
05/07/2016,JAX,FL,ASO,ES,Combined TRACON& Tower with Radar,125,39,12,6,182,0,1,6,1,8,125,40,18,7,190,0,0,0,190
05/08/2016,JAX,FL,ASO,ES,Combined TRACON& Tower with Radar,159,37,12,6,214,0,6,10,0,16,159,43,22,6,230,0,0,0,230
05/09/2016,JAX,FL,ASO,ES,Combined TRACON& Tower with Radar,167,37,40,18,262,0,4,7,9,20,167,41,47,27,282,0,16,16,298
05/10/2016,JAX,FL,ASO,ES,Combined TRACON& Tower with Radar,170,67,40,20,297,0,7,9,16,32,170,74,49,36,329,0,40,40,369
05/11/2016,JAX,FL,ASO,ES,Combined TRACON& Tower with Radar,168,59,33,17,277,0,0,7,4,11,168,59,40,21,288,0,34,34,322
05/12/2016,JAX,FL,ASO,ES,Combined TRACON& Tower with Radar,169,55,51,38,313,0,0,3,8,11,169,55,54,46,324,0,106,106,430
05/13/2016,JAX,FL,ASO,ES,Combined TRACON& Tower with Radar,170,39,26,23,258,0,1,5,2,8,170,40,31,25,266,0,0,0,266
05/14/2016,JAX,FL,ASO,ES,Combined TRACON& Tower with Radar,131,32,32,11,206,0,5,14,8,27,131,37,46,19,233,0,0,0,233
05/15/2016,JAX,FL,ASO,ES,Combined TRACON& Tower with Radar,160,61,22,7,250,0,2,10,0,12,160,63,32,7,262,13,0,13,275
05/16/2016,JAX,FL,ASO,ES,Combined TRACON& Tower with Radar,166,53,36,34,289,0,5,10,37,52,166,58,46,71,341,0,0,0,341
05/17/2016,JAX,FL,ASO,ES,Combined TRACON& Tower with Radar,170,58,30,25,283,0,1,2,4,7,170,59,32,29,290,0,72,72,362
05/18/2016,JAX,FL,ASO,ES,Combined TRACON& Tower with Radar,168,61,41,20,290,0,1,1,4,6,168,62,42,24,296,0,67,67,363
05/19/2016,JAX,FL,ASO,ES,Combined TRACON& Tower with Radar,166,50,33,22,271,0,0,1,5,6,166,50,34,27,277,0,20,20,297
05/20/2016,JAX,FL,ASO,ES,Combined TRACON& Tower with Radar,174,44,22,11,251,0,2,7,4,13,174,46,29,15,264,20,10,30,294
05/21/2016,JAX,FL,ASO,ES,Combined TRACON& Tower with Radar,127,30,12,11,180,0,1,6,1,8,127,31,18,12,188,0,4,4,192
05/22/2016,JAX,FL,ASO,ES,Combined TRACON& Tower with Radar,156,41,19,9,225,0,3,6,5,14,156,44,25,14,239,0,0,0,239
05/23/2016,JAX,FL,ASO,ES,Combined TRACON& Tower with Radar,165,53,44,10,272,0,5,5,68,78,165,58,49,78,350,0,0,0,350
05/24/2016,JAX,FL,ASO,ES,Combined TRACON& Tower with Radar,167,57,46,31,301,0,8,11,5,24,167,65,57,36,325,0,36,36,361
05/25/2016,JAX,FL,ASO,ES,Combined TRACON& Tower with Radar,160,53,31,11,255,0,2,12,2,16,160,55,43,13,271,14,0,14,285
05/26/2016,JAX,FL,ASO,ES,Combined TRACON& Tower with Radar,167,53,42,34,296,0,5,24,1,30,167,58,66,35,326,0,56,56,382
05/27/2016,JAX,FL,ASO,ES,Combined TRACON& Tower with Radar,175,54,34,1,264,0,2,16,0,18,175,56,50,1,282,0,0,0,282
05/28/2016,JAX,FL,ASO,ES,Combined TRACON& Tower with Radar,131,37,10,0,178,0,1,2,0,3,131,38,12,0,181,16,0,16,197
05/29/2016,JAX,FL,ASO,ES,Combined TRACON& Tower with Radar,134,39,8,0,181,0,2,2,1,5,134,41,10,1,186,0,0,0,186
05/30/2016,JAX,FL,ASO,ES,Combined TRACON& Tower with Radar,163,35,10,1,209,0,2,6,0,8,163,37,16,1,217,0,0,0,217
05/31/2016,JAX,FL,ASO,ES,Combined TRACON& Tower with Radar,163,53,26,26,268,0,0,3,2,5,163,53,29,28,273,0,0,0,273
06/01/2016,JAX,FL,ASO,ES,Combined TRACON& Tower with Radar,172,47,19,21,259,0,2,3,3,8,172,49,22,24,267,0,8,8,275
06/02/2016,JAX,FL,ASO,ES,Combined TRACON& Tower with Radar,188,48,24,18,278,0,3,10,4,17,188,51,34,22,295,0,16,16,311
06/03/2016,JAX,FL,ASO,ES,Combined TRACON& Tower with Radar,176,53,34,9,272,0,4,4,4,12,176,57,38,13,284,4,10,14,298
06/04/2016,JAX,FL,ASO,ES,Combined TRACON& Tower with Radar,148,23,22,14,207,0,1,2,4,7,148,24,24,18,214,0,0,0,214
06/05/2016,JAX,FL,ASO,ES,Combined TRACON& Tower with Radar,165,35,22,7,229,0,2,5,4,11,165,37,27,11,240,0,0,0,240
06/06/2016,JAX,FL,ASO,ES,Combined TRACON& Tower with Radar,171,30,12,0,213,0,0,2,0,2,171,30,14,0,215,0,0,0,215
06/07/2016,JAX,FL,ASO,ES,Combined TRACON& Tower with Radar,163,36,33,28,260,0,5,5,5,15,163,41,38,33,275,0,0,0,275
06/08/2016,JAX,FL,ASO,ES,Combined TRACON& Tower with Radar,169,35,23,28,255,0,8,20,6,34,169,43,43,34,289,0,56,56,345
06/09/2016,JAX,FL,ASO,ES,Combined TRACON& Tower with Radar,174,39,28,18,259,0,3,19,4,26,174,42,47,22,285,0,56,56,341
06/10/2016,JAX,FL,ASO,ES,Combined TRACON& Tower with Radar,179,37,33,44,293,0,2,9,1,12,179,39,42,45,305,0,0,0,305
06/11/2016,JAX,FL,ASO,ES,Combined TRACON& Tower with Radar,149,31,39,6,225,0,0,11,0,11,149,31,50,6,236,0,0,0,236
06/12/2016,JAX,FL,ASO,ES,Combined TRACON& Tower with Radar,166,30,23,7,226,0,6,16,1,23,166,36,39,8,249,0,0,0,249
06/13/2016,JAX,FL,ASO,ES,Combined TRACON& Tower with Radar,180,31,30,11,252,0,2,16,1,19,180,33,46,12,271,0,42,42,313
06/14/2016,JAX,FL,ASO,ES,Combined TRACON& Tower with Radar,165,43,35,33,276,0,0,7,11,18,165,43,42,44,294,0,0,0,294
06/15/2016,JAX,FL,ASO,ES,Combined TRACON& Tower with Radar,172,32,26,28,258,0,1,6,0,7,172,33,32,28,265,0,0,0,265
06/16/2016,JAX,FL,ASO,ES,Combined TRACON& Tower with Radar,173,45,34,6,258,0,2,3,3,8,173,47,37,9,266,0,0,0,266
06/17/2016,JAX,FL,ASO,ES,Combined TRACON& Tower with Radar,187,43,48,20,298,0,0,10,2,12,187,43,58,22,310,0,0,0,310
06/18/2016,JAX,FL,ASO,ES,Combined TRACON& Tower with Radar,161,26,29,0,216,0,0,1,0,1,161,26,30,0,217,0,0,0,217
06/19/2016,JAX,FL,ASO,ES,Combined TRACON& Tower with Radar,173,15,23,4,215,0,1,5,0,6,173,16,28,4,221,0,10,10,231
06/20/2016,JAX,FL,ASO,ES,Combined TRACON& Tower with Radar,179,31,32,19,261,0,0,15,2,17,179,31,47,21,278,9,0,9,287
06/21/2016,JAX,FL,ASO,ES,Combined TRACON& Tower with Radar,158,30,37,38,263,0,5,24,1,30,158,35,61,39,293,0,0,0,293
06/22/2016,JAX,FL,ASO,ES,Combined TRACON& Tower with Radar,174,29,31,17,251,0,2,14,4,20,174,31,45,21,271,4,24,28,299
06/23/2016,JAX,FL,ASO,ES,Combined TRACON& Tower with Radar,168,44,32,29,273,0,1,9,1,11,168,45,41,30,284,2,6,8,292
06/24/2016,JAX,FL,ASO,ES,Combined TRACON& Tower with Radar,186,34,38,20,278,0,2,5,1,8,186,36,43,21,286,0,0,0,286
06/25/2016,JAX,FL,ASO,ES,Combined TRACON& Tower with Radar,144,38,17,2,201,0,3,9,0,12,144,41,26,2,213,0,0,0,213
06/26/2016,JAX,FL,ASO,ES,Combined TRACON& Tower with Radar,169,25,18,1,213,0,2,2,0,4,169,27,20,1,217,0,0,0,217
06/27/2016,JAX,FL,ASO,ES,Combined TRACON& Tower with Radar,177,30,15,11,233,0,0,13,1,14,177,30,28,12,247,0,0,0,247
06/28/2016,JAX,FL,ASO,ES,Combined TRACON& Tower with Radar,157,41,27,17,242,0,2,18,4,24,157,43,45,21,266,28,36,64,330
06/29/2016,JAX,FL,ASO,ES,Combined TRACON& Tower with Radar,173,42,45,9,269,0,2,17,2,21,173,44,62,11,290,0,0,0,290
06/30/2016,JAX,FL,ASO,ES,Combined TRACON& Tower with Radar,174,40,33,6,253,0,2,10,2,14,174,42,43,8,267,0,18,18,285
07/01/2016,JAX,FL,ASO,ES,Combined TRACON& Tower with Radar,171,30,38,10,249,0,2,5,0,7,171,32,43,10,256,0,0,0,256
07/02/2016,JAX,FL,ASO,ES,Combined TRACON& Tower with Radar,155,25,15,0,195,0,0,7,0,7,155,25,22,0,202,0,0,0,202
07/03/2016,JAX,FL,ASO,ES,Combined TRACON& Tower with Radar,137,24,13,0,174,0,0,14,0,14,137,24,27,0,188,0,0,0,188
07/04/2016,JAX,FL,ASO,ES,Combined TRACON& Tower with Radar,146,21,10,0,177,0,0,8,0,8,146,21,18,0,185,0,0,0,185
07/05/2016,JAX,FL,ASO,ES,Combined TRACON& Tower with Radar,166,49,22,14,251,0,0,6,0,6,166,49,28,14,257,0,0,0,257
07/06/2016,JAX,FL,ASO,ES,Combined TRACON& Tower with Radar,174,41,20,16,251,0,0,9,13,22,174,41,29,29,273,0,24,24,297
07/07/2016,JAX,FL,ASO,ES,Combined TRACON& Tower with Radar,178,29,17,9,233,0,0,9,12,21,178,29,26,21,254,0,26,26,280
07/08/2016,JAX,FL,ASO,ES,Combined TRACON& Tower with Radar,168,28,27,20,243,0,2,20,5,27,168,30,47,25,270,0,67,67,337
07/09/2016,JAX,FL,ASO,ES,Combined TRACON& Tower with Radar,152,36,14,8,210,0,0,12,25,37,152,36,26,33,247,10,0,10,257
07/10/2016,JAX,FL,ASO,ES,Combined TRACON& Tower with Radar,169,31,10,5,215,0,4,2,0,6,169,35,12,5,221,0,0,0,221
07/11/2016,JAX,FL,ASO,ES,Combined TRACON& Tower with Radar,178,27,31,15,251,0,0,7,8,15,178,27,38,23,266,0,0,0,266
07/12/2016,JAX,FL,ASO,ES,Combined TRACON& Tower with Radar,165,32,47,11,255,0,0,5,4,9,165,32,52,15,264,0,28,28,292
07/13/2016,JAX,FL,ASO,ES,Combined TRACON& Tower with Radar,167,38,37,26,268,0,1,15,16,32,167,39,52,42,300,0,188,188,488
07/14/2016,JAX,FL,ASO,ES,Combined TRACON& Tower with Radar,167,33,30,16,246,0,0,11,6,17,167,33,41,22,263,0,98,98,361
07/15/2016,JAX,FL,ASO,ES,Combined TRACON& Tower with Radar,176,33,24,19,252,0,0,5,5,10,176,33,29,24,262,0,40,40,302
07/16/2016,JAX,FL,ASO,ES,Combined TRACON& Tower with Radar,151,26,14,5,196,0,0,7,0,7,151,26,21,5,203,10,44,54,257
07/17/2016,JAX,FL,ASO,ES,Combined TRACON& Tower with Radar,170,35,14,9,228,0,0,4,0,4,170,35,18,9,232,6,8,14,246
07/18/2016,JAX,FL,ASO,ES,Combined TRACON& Tower with Radar,174,28,34,6,242,0,7,8,71,86,174,35,42,77,328,0,0,0,328
07/19/2016,JAX,FL,ASO,ES,Combined TRACON& Tower with Radar,166,38,31,19,254,0,2,3,4,9,166,40,34,23,263,0,70,70,333
07/20/2016,JAX,FL,ASO,ES,Combined TRACON& Tower with Radar,170,45,18,35,268,0,7,13,7,27,170,52,31,42,295,0,6,6,301
07/21/2016,JAX,FL,ASO,ES,Combined TRACON& Tower with Radar,165,52,31,43,291,0,7,8,6,21,165,59,39,49,312,2,128,130,442
07/22/2016,JAX,FL,ASO,ES,Combined TRACON& Tower with Radar,177,34,26,41,278,0,2,15,8,25,177,36,41,49,303,0,115,115,418
07/23/2016,JAX,FL,ASO,ES,Combined TRACON& Tower with Radar,144,29,18,2,193,0,0,14,0,14,144,29,32,2,207,0,115,115,322
07/24/2016,JAX,FL,ASO,ES,Combined TRACON& Tower with Radar,167,34,13,2,216,0,4,58,3,65,167,38,71,5,281,0,22,22,303
07/25/2016,JAX,FL,ASO,ES,Combined TRACON& Tower with Radar,155,31,20,19,225,0,1,19,60,80,155,32,39,79,305,0,0,0,305
07/26/2016,JAX,FL,ASO,ES,Combined TRACON& Tower with Radar,158,44,33,7,242,0,3,11,11,25,158,47,44,18,267,2,192,194,461
07/27/2016,JAX,FL,ASO,ES,Combined TRACON& Tower with Radar,168,33,44,60,305,0,2,22,2,26,168,35,66,62,331,2,34,36,367
07/28/2016,JAX,FL,ASO,ES,Combined TRACON& Tower with Radar,159,44,33,19,255,0,2,2,7,11,159,46,35,26,266,0,48,48,314
07/29/2016,JAX,FL,ASO,ES,Combined TRACON& Tower with Radar,187,40,19,12,258,0,0,5,0,5,187,40,24,12,263,0,18,18,281
07/30/2016,JAX,FL,ASO,ES,Combined TRACON& Tower with Radar,139,36,17,2,194,0,2,4,0,6,139,38,21,2,200,0,0,0,200
07/31/2016,JAX,FL,ASO,ES,Combined TRACON& Tower with Radar,157,28,19,0,204,0,0,16,0,16,157,28,35,0,220,0,0,0,220
08/01/2016,JAX,FL,ASO,ES,Combined TRACON& Tower with Radar,182,43,30,2,257,0,0,11,26,37,182,43,41,28,294,0,0,0,294
08/02/2016,JAX,FL,ASO,ES,Combined TRACON& Tower with Radar,165,36,27,17,245,0,0,8,4,12,165,36,35,21,257,2,109,111,368
08/03/2016,JAX,FL,ASO,ES,Combined TRACON& Tower with Radar,168,47,26,12,253,0,3,8,1,12,168,50,34,13,265,2,36,38,303
08/04/2016,JAX,FL,ASO,ES,Combined TRACON& Tower with Radar,170,57,36,3,266,0,3,4,2,9,170,60,40,5,275,0,0,0,275
08/05/2016,JAX,FL,ASO,ES,Combined TRACON& Tower with Radar,175,48,24,14,261,0,4,1,0,5,175,52,25,14,266,0,0,0,266
08/06/2016,JAX,FL,ASO,ES,Combined TRACON& Tower with Radar,153,28,8,2,191,0,0,5,0,5,153,28,13,2,196,0,0,0,196
08/07/2016,JAX,FL,ASO,ES,Combined TRACON& Tower with Radar,161,41,13,0,215,0,1,3,0,4,161,42,16,0,219,0,0,0,219
08/08/2016,JAX,FL,ASO,ES,Combined TRACON& Tower with Radar,160,38,46,6,250,0,2,8,4,14,160,40,54,10,264,15,89,104,368
08/09/2016,JAX,FL,ASO,ES,Combined TRACON& Tower with Radar,150,58,30,30,268,0,2,4,4,10,150,60,34,34,278,8,120,128,406
08/10/2016,JAX,FL,ASO,ES,Combined TRACON& Tower with Radar,164,40,30,19,253,0,0,4,5,9,164,40,34,24,262,0,70,70,332
08/11/2016,JAX,FL,ASO,ES,Combined TRACON& Tower with Radar,167,57,36,13,273,0,3,12,4,19,167,60,48,17,292,10,78,88,380
08/12/2016,JAX,FL,ASO,ES,Combined TRACON& Tower with Radar,167,37,21,6,231,1,2,9,1,13,168,39,30,7,244,0,0,0,244
08/13/2016,JAX,FL,ASO,ES,Combined TRACON& Tower with Radar,142,25,25,12,204,0,2,9,1,12,142,27,34,13,216,0,7,7,223
08/14/2016,JAX,FL,ASO,ES,Combined TRACON& Tower with Radar,159,31,11,0,201,0,0,4,0,4,159,31,15,0,205,0,0,0,205
08/15/2016,JAX,FL,ASO,ES,Combined TRACON& Tower with Radar,164,59,21,14,258,0,3,7,4,14,164,62,28,18,272,0,98,98,370
08/16/2016,JAX,FL,ASO,ES,Combined TRACON& Tower with Radar,158,34,31,51,274,0,0,6,2,8,158,34,37,53,282,0,54,54,336
08/17/2016,JAX,FL,ASO,ES,Combined TRACON& Tower with Radar,161,47,41,28,277,0,2,8,1,11,161,49,49,29,288,0,65,65,353
08/18/2016,JAX,FL,ASO,ES,Combined TRACON& Tower with Radar,168,50,37,13,268,0,0,9,8,17,168,50,46,21,285,0,118,118,403
08/19/2016,JAX,FL,ASO,ES,Combined TRACON& Tower with Radar,158,47,14,29,248,0,0,11,1,12,158,47,25,30,260,0,58,58,318
08/20/2016,JAX,FL,ASO,ES,Combined TRACON& Tower with Radar,118,40,17,0,175,0,0,5,0,5,118,40,22,0,180,0,0,0,180
08/21/2016,JAX,FL,ASO,ES,Combined TRACON& Tower with Radar,154,43,16,12,225,0,4,5,0,9,154,47,21,12,234,14,12,26,260
08/22/2016,JAX,FL,ASO,ES,Combined TRACON& Tower with Radar,150,47,22,10,229,0,2,1,90,93,150,49,23,100,322,0,0,0,322
08/23/2016,JAX,FL,ASO,ES,Combined TRACON& Tower with Radar,146,56,13,6,221,0,0,3,9,12,146,56,16,15,233,4,166,170,403
08/24/2016,JAX,FL,ASO,ES,Combined TRACON& Tower with Radar,151,58,39,24,272,0,2,9,4,15,151,60,48,28,287,2,42,44,331
08/25/2016,JAX,FL,ASO,ES,Combined TRACON& Tower with Radar,154,59,32,21,266,0,2,5,9,16,154,61,37,30,282,12,48,60,342
08/26/2016,JAX,FL,ASO,ES,Combined TRACON& Tower with Radar,156,50,17,20,243,0,2,8,0,10,156,52,25,20,253,0,0,0,253
08/27/2016,JAX,FL,ASO,ES,Combined TRACON& Tower with Radar,114,32,18,0,164,0,0,5,0,5,114,32,23,0,169,0,0,0,169
08/28/2016,JAX,FL,ASO,ES,Combined TRACON& Tower with Radar,146,46,7,0,199,0,0,5,0,5,146,46,12,0,204,6,0,6,210
08/29/2016,JAX,FL,ASO,ES,Combined TRACON& Tower with Radar,148,52,30,13,243,0,0,4,16,20,148,52,34,29,263,0,0,0,263
08/30/2016,JAX,FL,ASO,ES,Combined TRACON& Tower with Radar,143,44,32,12,231,0,0,3,5,8,143,44,35,17,239,0,95,95,334
08/31/2016,JAX,FL,ASO,ES,Combined TRACON& Tower with Radar,150,57,18,17,242,0,1,0,3,4,150,58,18,20,246,0,129,129,375
09/01/2016,JAX,FL,ASO,ES,Combined TRACON& Tower with Radar,153,50,18,5,226,0,0,0,3,3,153,50,18,8,229,0,8,8,237
09/02/2016,JAX,FL,ASO,ES,Combined TRACON& Tower with Radar,122,26,9,0,157,0,0,0,0,0,122,26,9,0,157,0,0,0,157
09/03/2016,JAX,FL,ASO,ES,Combined TRACON& Tower with Radar,113,31,16,0,160,0,0,1,0,1,113,31,17,0,161,0,0,0,161
09/04/2016,JAX,FL,ASO,ES,Combined TRACON& Tower with Radar,130,37,17,0,184,0,0,0,0,0,130,37,17,0,184,0,0,0,184
09/05/2016,JAX,FL,ASO,ES,Combined TRACON& Tower with Radar,134,52,19,0,205,0,2,4,0,6,134,54,23,0,211,0,0,0,211
09/06/2016,JAX,FL,ASO,ES,Combined TRACON& Tower with Radar,135,65,36,17,253,0,5,6,3,14,135,70,42,20,267,0,10,10,277
09/07/2016,JAX,FL,ASO,ES,Combined TRACON& Tower with Radar,141,64,31,15,251,0,5,7,4,16,141,69,38,19,267,18,44,62,329
09/08/2016,JAX,FL,ASO,ES,Combined TRACON& Tower with Radar,144,66,46,16,272,0,0,9,15,24,144,66,55,31,296,62,138,200,496
09/09/2016,JAX,FL,ASO,ES,Combined TRACON& Tower with Radar,143,67,27,6,243,0,2,3,2,7,143,69,30,8,250,0,0,0,250
09/10/2016,JAX,FL,ASO,ES,Combined TRACON& Tower with Radar,102,54,11,7,174,0,1,15,3,19,102,55,26,10,193,0,0,0,193
09/11/2016,JAX,FL,ASO,ES,Combined TRACON& Tower with Radar,146,57,38,11,252,0,1,3,1,5,146,58,41,12,257,0,0,0,257
09/12/2016,JAX,FL,ASO,ES,Combined TRACON& Tower with Radar,148,62,36,8,254,0,0,4,57,61,148,62,40,65,315,0,34,34,349
09/13/2016,JAX,FL,ASO,ES,Combined TRACON& Tower with Radar,138,61,29,10,238,0,0,3,41,44,138,61,32,51,282,0,0,0,282
09/14/2016,JAX,FL,ASO,ES,Combined TRACON& Tower with Radar,146,62,32,9,249,0,0,2,3,5,146,62,34,12,254,0,42,42,296
09/15/2016,JAX,FL,ASO,ES,Combined TRACON& Tower with Radar,164,61,26,30,281,0,2,6,9,17,164,63,32,39,298,4,82,86,384
09/16/2016,JAX,FL,ASO,ES,Combined TRACON& Tower with Radar,160,43,34,13,250,0,0,8,0,8,160,43,42,13,258,0,0,0,258
09/17/2016,JAX,FL,ASO,ES,Combined TRACON& Tower with Radar,123,30,16,0,169,0,1,2,0,3,123,31,18,0,172,0,0,0,172
09/18/2016,JAX,FL,ASO,ES,Combined TRACON& Tower with Radar,158,41,20,1,220,0,1,10,0,11,158,42,30,1,231,12,0,12,243
09/19/2016,JAX,FL,ASO,ES,Combined TRACON& Tower with Radar,159,43,36,16,254,0,2,13,126,141,159,45,49,142,395,0,0,0,395
09/20/2016,JAX,FL,ASO,ES,Combined TRACON& Tower with Radar,156,44,15,10,225,0,4,0,4,8,156,48,15,14,233,0,36,36,269
09/21/2016,JAX,FL,ASO,ES,Combined TRACON& Tower with Radar,153,43,19,12,227,0,2,10,5,17,153,45,29,17,244,30,60,90,334
09/22/2016,JAX,FL,ASO,ES,Combined TRACON& Tower with Radar,165,45,26,17,253,0,0,12,0,12,165,45,38,17,265,12,12,24,289
09/23/2016,JAX,FL,ASO,ES,Combined TRACON& Tower with Radar,158,62,24,13,257,0,7,9,4,20,158,69,33,17,277,10,16,26,303
09/24/2016,JAX,FL,ASO,ES,Combined TRACON& Tower with Radar,123,28,12,0,163,0,4,4,0,8,123,32,16,0,171,0,0,0,171
09/25/2016,JAX,FL,ASO,ES,Combined TRACON& Tower with Radar,157,50,12,1,220,0,3,0,1,4,157,53,12,2,224,0,0,0,224
09/26/2016,JAX,FL,ASO,ES,Combined TRACON& Tower with Radar,154,48,34,23,259,0,3,6,1,10,154,51,40,24,269,0,0,0,269
09/27/2016,JAX,FL,ASO,ES,Combined TRACON& Tower with Radar,154,50,27,20,251,0,2,4,0,6,154,52,31,20,257,0,0,0,257
09/28/2016,JAX,FL,ASO,ES,Combined TRACON& Tower with Radar,155,39,43,15,252,0,0,1,4,5,155,39,44,19,257,0,0,0,257
09/29/2016,JAX,FL,ASO,ES,Combined TRACON& Tower with Radar,173,55,46,11,285,0,3,8,147,158,173,58,54,158,443,0,0,0,443
09/30/2016,JAX,FL,ASO,ES,Combined TRACON& Tower with Radar,165,34,39,14,252,0,4,15,5,24,165,38,54,19,276,0,40,40,316
10/01/2016,JAX,FL,ASO,ES,Combined TRACON& Tower with Radar,128,26,17,9,180,0,1,4,5,10,128,27,21,14,190,0,24,24,214
10/02/2016,JAX,FL,ASO,ES,Combined TRACON& Tower with Radar,156,38,15,7,216,0,1,13,0,14,156,39,28,7,230,0,0,0,230
10/03/2016,JAX,FL,ASO,ES,Combined TRACON& Tower with Radar,162,40,18,18,238,0,0,11,72,83,162,40,29,90,321,0,0,0,321
10/04/2016,JAX,FL,ASO,ES,Combined TRACON& Tower with Radar,155,49,27,10,241,0,0,0,4,4,155,49,27,14,245,0,12,12,257
10/05/2016,JAX,FL,ASO,ES,Combined TRACON& Tower with Radar,159,55,38,6,258,0,0,0,0,0,159,55,38,6,258,0,0,0,258
10/06/2016,JAX,FL,ASO,ES,Combined TRACON& Tower with Radar,142,40,41,4,227,0,0,0,0,0,142,40,41,4,227,0,0,0,227
10/07/2016,JAX,FL,ASO,ES,Combined TRACON& Tower with Radar,1,0,0,0,1,0,0,0,0,0,1,0,0,0,1,0,0,0,1
10/08/2016,JAX,FL,ASO,ES,Combined TRACON& Tower with Radar,73,11,13,1,98,0,1,4,1,6,73,12,17,2,104,0,0,0,104
10/09/2016,JAX,FL,ASO,ES,Combined TRACON& Tower with Radar,164,33,41,2,240,0,0,13,0,13,164,33,54,2,253,0,0,0,253
10/10/2016,JAX,FL,ASO,ES,Combined TRACON& Tower with Radar,166,40,28,2,236,0,1,7,4,12,166,41,35,6,248,0,0,0,248
10/11/2016,JAX,FL,ASO,ES,Combined TRACON& Tower with Radar,164,29,21,21,235,0,0,2,23,25,164,29,23,44,260,0,0,0,260
10/12/2016,JAX,FL,ASO,ES,Combined TRACON& Tower with Radar,167,36,40,13,256,0,0,0,3,3,167,36,40,16,259,0,34,34,293
10/13/2016,JAX,FL,ASO,ES,Combined TRACON& Tower with Radar,172,45,23,7,247,0,1,9,8,18,172,46,32,15,265,0,158,158,423
10/14/2016,JAX,FL,ASO,ES,Combined TRACON& Tower with Radar,175,38,40,15,268,0,6,7,0,13,175,44,47,15,281,0,16,16,297
10/15/2016,JAX,FL,ASO,ES,Combined TRACON& Tower with Radar,130,25,4,0,159,0,1,3,0,4,130,26,7,0,163,0,16,16,179
10/16/2016,JAX,FL,ASO,ES,Combined TRACON& Tower with Radar,169,24,18,6,217,0,0,5,0,5,169,24,23,6,222,0,0,0,222
10/17/2016,JAX,FL,ASO,ES,Combined TRACON& Tower with Radar,172,30,28,11,241,0,2,5,6,13,172,32,33,17,254,0,143,143,397
10/18/2016,JAX,FL,ASO,ES,Combined TRACON& Tower with Radar,164,52,26,12,254,0,0,17,222,239,164,52,43,234,493,0,0,0,493
10/19/2016,JAX,FL,ASO,ES,Combined TRACON& Tower with Radar,172,38,53,29,292,0,4,12,5,21,172,42,65,34,313,12,36,48,361
10/20/2016,JAX,FL,ASO,ES,Combined TRACON& Tower with Radar,174,44,42,9,269,0,1,7,2,10,174,45,49,11,279,0,32,32,311
10/21/2016,JAX,FL,ASO,ES,Combined TRACON& Tower with Radar,182,29,33,20,264,0,2,10,5,17,182,31,43,25,281,3,26,29,310
10/22/2016,JAX,FL,ASO,ES,Combined TRACON& Tower with Radar,141,16,12,0,169,0,4,19,0,23,141,20,31,0,192,0,0,0,192
10/23/2016,JAX,FL,ASO,ES,Combined TRACON& Tower with Radar,173,21,26,7,227,0,5,9,1,15,173,26,35,8,242,0,0,0,242
10/24/2016,JAX,FL,ASO,ES,Combined TRACON& Tower with Radar,166,33,30,6,235,0,0,14,97,111,166,33,44,103,346,0,0,0,346
10/25/2016,JAX,FL,ASO,ES,Combined TRACON& Tower with Radar,166,36,45,15,262,0,2,13,10,25,166,38,58,25,287,0,84,84,371
10/26/2016,JAX,FL,ASO,ES,Combined TRACON& Tower with Radar,171,52,38,27,288,0,5,5,3,13,171,57,43,30,301,0,30,30,331
10/27/2016,JAX,FL,ASO,ES,Combined TRACON& Tower with Radar,167,57,40,31,295,0,0,14,5,19,167,57,54,36,314,0,101,101,415
10/28/2016,JAX,FL,ASO,ES,Combined TRACON& Tower with Radar,182,40,45,11,278,0,2,5,5,12,182,42,50,16,290,0,0,0,290
10/29/2016,JAX,FL,ASO,ES,Combined TRACON& Tower with Radar,138,24,43,0,205,0,4,8,0,12,138,28,51,0,217,0,0,0,217
10/30/2016,JAX,FL,ASO,ES,Combined TRACON& Tower with Radar,169,21,22,0,212,0,9,7,0,16,169,30,29,0,228,4,12,16,244
10/31/2016,JAX,FL,ASO,ES,Combined TRACON& Tower with Radar,158,22,29,13,222,0,2,18,223,243,158,24,47,236,465,0,0,0,465
11/01/2016,JAX,FL,ASO,ES,Combined TRACON& Tower with Radar,172,29,28,12,241,0,3,5,5,13,172,32,33,17,254,6,62,68,322
11/02/2016,JAX,FL,ASO,ES,Combined TRACON& Tower with Radar,177,28,34,11,250,0,0,4,5,9,177,28,38,16,259,2,40,42,301
11/03/2016,JAX,FL,ASO,ES,Combined TRACON& Tower with Radar,182,44,39,31,296,0,0,10,9,19,182,44,49,40,315,14,36,50,365
11/04/2016,JAX,FL,ASO,ES,Combined TRACON& Tower with Radar,185,30,30,33,278,0,0,8,12,20,185,30,38,45,298,0,0,0,298
11/05/2016,JAX,FL,ASO,ES,Combined TRACON& Tower with Radar,147,22,21,11,201,0,2,9,6,17,147,24,30,17,218,0,0,0,218
11/06/2016,JAX,FL,ASO,ES,Combined TRACON& Tower with Radar,177,25,25,13,240,0,0,5,2,7,177,25,30,15,247,0,0,0,247
11/07/2016,JAX,FL,ASO,ES,Combined TRACON& Tower with Radar,172,23,19,11,225,0,2,7,101,110,172,25,26,112,335,0,0,0,335
11/08/2016,JAX,FL,ASO,ES,Combined TRACON& Tower with Radar,170,30,49,14,263,0,4,2,3,9,170,34,51,17,272,0,72,72,344
11/09/2016,JAX,FL,ASO,ES,Combined TRACON& Tower with Radar,174,32,34,14,254,0,0,5,7,12,174,32,39,21,266,4,76,80,346
11/10/2016,JAX,FL,ASO,ES,Combined TRACON& Tower with Radar,186,41,35,27,289,0,5,3,7,15,186,46,38,34,304,0,48,48,352
11/11/2016,JAX,FL,ASO,ES,Combined TRACON& Tower with Radar,183,32,26,1,242,0,8,7,6,21,183,40,33,7,263,0,0,0,263
11/12/2016,JAX,FL,ASO,ES,Combined TRACON& Tower with Radar,142,11,17,0,170,0,0,1,0,1,142,11,18,0,171,0,0,0,171
11/13/2016,JAX,FL,ASO,ES,Combined TRACON& Tower with Radar,178,19,37,0,234,0,0,6,0,6,178,19,43,0,240,0,0,0,240
11/14/2016,JAX,FL,ASO,ES,Combined TRACON& Tower with Radar,171,43,38,24,276,0,1,24,35,60,171,44,62,59,336,0,0,0,336
11/15/2016,JAX,FL,ASO,ES,Combined TRACON& Tower with Radar,175,37,36,20,268,0,2,2,5,9,175,39,38,25,277,0,126,126,403
11/16/2016,JAX,FL,ASO,ES,Combined TRACON& Tower with Radar,176,36,30,9,251,0,2,9,4,15,176,38,39,13,266,0,20,20,286
11/17/2016,JAX,FL,ASO,ES,Combined TRACON& Tower with Radar,188,34,38,20,280,0,0,15,8,23,188,34,53,28,303,0,84,84,387
11/18/2016,JAX,FL,ASO,ES,Combined TRACON& Tower with Radar,184,34,31,17,266,0,2,13,3,18,184,36,44,20,284,0,26,26,310
11/19/2016,JAX,FL,ASO,ES,Combined TRACON& Tower with Radar,141,13,14,0,168,0,0,4,0,4,141,13,18,0,172,0,0,0,172
11/20/2016,JAX,FL,ASO,ES,Combined TRACON& Tower with Radar,166,23,15,0,204,0,0,4,0,4,166,23,19,0,208,0,0,0,208
11/21/2016,JAX,FL,ASO,ES,Combined TRACON& Tower with Radar,165,32,32,4,233,0,3,6,58,67,165,35,38,62,300,0,0,0,300
11/22/2016,JAX,FL,ASO,ES,Combined TRACON& Tower with Radar,174,44,42,6,266,0,3,5,4,12,174,47,47,10,278,0,138,138,416
11/23/2016,JAX,FL,ASO,ES,Combined TRACON& Tower with Radar,196,25,26,3,250,0,0,10,1,11,196,25,36,4,261,0,0,0,261
11/24/2016,JAX,FL,ASO,ES,Combined TRACON& Tower with Radar,104,11,5,0,120,0,0,1,0,1,104,11,6,0,121,0,0,0,121
11/25/2016,JAX,FL,ASO,ES,Combined TRACON& Tower with Radar,140,12,12,0,164,0,3,6,0,9,140,15,18,0,173,0,0,0,173
11/26/2016,JAX,FL,ASO,ES,Combined TRACON& Tower with Radar,173,38,12,0,223,0,4,4,0,8,173,42,16,0,231,0,0,0,231
11/27/2016,JAX,FL,ASO,ES,Combined TRACON& Tower with Radar,189,40,21,1,251,0,0,13,0,13,189,40,34,1,264,0,0,0,264
11/28/2016,JAX,FL,ASO,ES,Combined TRACON& Tower with Radar,181,26,38,20,265,0,0,5,8,13,181,26,43,28,278,0,8,8,286
11/29/2016,JAX,FL,ASO,ES,Combined TRACON& Tower with Radar,172,28,52,30,282,0,0,12,8,20,172,28,64,38,302,4,62,66,368
11/30/2016,JAX,FL,ASO,ES,Combined TRACON& Tower with Radar,175,43,53,16,287,0,6,9,1,16,175,49,62,17,303,4,0,4,307
12/01/2016,JAX,FL,ASO,ES,Combined TRACON& Tower with Radar,180,49,38,20,287,0,2,5,0,7,180,51,43,20,294,0,0,0,294
12/02/2016,JAX,FL,ASO,ES,Combined TRACON& Tower with Radar,178,35,26,19,258,0,4,10,4,18,178,39,36,23,276,6,4,10,286
12/03/2016,JAX,FL,ASO,ES,Combined TRACON& Tower with Radar,125,25,11,0,161,0,1,6,0,7,125,26,17,0,168,0,0,0,168
12/04/2016,JAX,FL,ASO,ES,Combined TRACON& Tower with Radar,168,23,23,10,224,0,2,8,0,10,168,25,31,10,234,0,0,0,234
12/05/2016,JAX,FL,ASO,ES,Combined TRACON& Tower with Radar,173,39,49,10,271,0,2,6,0,8,173,41,55,10,279,0,0,0,279
12/06/2016,JAX,FL,ASO,ES,Combined TRACON& Tower with Radar,178,30,42,3,253,0,4,6,0,10,178,34,48,3,263,0,0,0,263
12/07/2016,JAX,FL,ASO,ES,Combined TRACON& Tower with Radar,175,27,40,20,262,0,3,6,0,9,175,30,46,20,271,4,44,48,319
12/08/2016,JAX,FL,ASO,ES,Combined TRACON& Tower with Radar,176,34,53,10,273,0,1,9,2,12,176,35,62,12,285,0,0,0,285
12/09/2016,JAX,FL,ASO,ES,Combined TRACON& Tower with Radar,184,34,27,9,254,0,4,9,1,14,184,38,36,10,268,0,0,0,268
12/10/2016,JAX,FL,ASO,ES,Combined TRACON& Tower with Radar,124,20,16,8,168,0,2,5,1,8,124,22,21,9,176,0,0,0,176
12/11/2016,JAX,FL,ASO,ES,Combined TRACON& Tower with Radar,161,20,25,0,206,0,0,7,2,9,161,20,32,2,215,0,0,0,215
12/12/2016,JAX,FL,ASO,ES,Combined TRACON& Tower with Radar,167,23,19,13,222,0,0,4,26,30,167,23,23,39,252,0,0,0,252
12/13/2016,JAX,FL,ASO,ES,Combined TRACON& Tower with Radar,174,36,33,36,279,0,6,9,4,19,174,42,42,40,298,0,24,24,322
12/14/2016,JAX,FL,ASO,ES,Combined TRACON& Tower with Radar,180,27,31,8,246,0,2,5,4,11,180,29,36,12,257,0,30,30,287
12/15/2016,JAX,FL,ASO,ES,Combined TRACON& Tower with Radar,185,29,34,12,260,0,0,2,4,6,185,29,36,16,266,0,0,0,266
12/16/2016,JAX,FL,ASO,ES,Combined TRACON& Tower with Radar,177,43,31,10,261,0,3,8,2,13,177,46,39,12,274,10,0,10,284
12/17/2016,JAX,FL,ASO,ES,Combined TRACON& Tower with Radar,127,17,17,2,163,0,1,6,0,7,127,18,23,2,170,0,0,0,170
12/18/2016,JAX,FL,ASO,ES,Combined TRACON& Tower with Radar,158,23,21,6,208,0,0,0,0,0,158,23,21,6,208,0,0,0,208
12/19/2016,JAX,FL,ASO,ES,Combined TRACON& Tower with Radar,171,37,22,0,230,0,0,0,0,0,171,37,22,0,230,0,0,0,230
12/20/2016,JAX,FL,ASO,ES,Combined TRACON& Tower with Radar,177,35,31,3,246,0,0,0,0,0,177,35,31,3,246,0,0,0,246
12/21/2016,JAX,FL,ASO,ES,Combined TRACON& Tower with Radar,179,36,30,12,257,0,23,0,1,24,179,59,30,13,281,0,3,3,284
12/22/2016,JAX,FL,ASO,ES,Combined TRACON& Tower with Radar,190,36,29,12,267,0,4,11,3,18,190,40,40,15,285,12,0,12,297
12/23/2016,JAX,FL,ASO,ES,Combined TRACON& Tower with Radar,191,34,20,10,255,0,0,8,0,8,191,34,28,10,263,0,0,0,263
12/24/2016,JAX,FL,ASO,ES,Combined TRACON& Tower with Radar,139,18,7,0,164,0,0,0,0,0,139,18,7,0,164,0,0,0,164
12/25/2016,JAX,FL,ASO,ES,Combined TRACON& Tower with Radar,118,18,10,0,146,0,0,5,0,5,118,18,15,0,151,0,0,0,151
12/26/2016,JAX,FL,ASO,ES,Combined TRACON& Tower with Radar,166,26,26,0,218,0,0,4,0,4,166,26,30,0,222,0,0,0,222
12/27/2016,JAX,FL,ASO,ES,Combined TRACON& Tower with Radar,185,29,34,15,263,0,0,1,3,4,185,29,35,18,267,0,46,46,313
12/28/2016,JAX,FL,ASO,ES,Combined TRACON& Tower with Radar,185,24,25,4,238,0,4,5,1,10,185,28,30,5,248,0,0,0,248
12/29/2016,JAX,FL,ASO,ES,Combined TRACON& Tower with Radar,190,36,21,16,263,0,0,2,6,8,190,36,23,22,271,0,28,28,299
12/30/2016,JAX,FL,ASO,ES,Combined TRACON& Tower with Radar,184,31,21,2,238,0,0,4,0,4,184,31,25,2,242,12,0,12,254
12/31/2016,JAX,FL,ASO,ES,Combined TRACON& Tower with Radar,137,15,20,0,172,0,2,4,0,6,137,17,24,0,178,0,0,0,178
01/01/2017,JAX,FL,ASO,ES,Combined TRACON& Tower with Radar,142,34,21,0,197,0,0,2,0,2,142,34,23,0,199,0,0,0,199
01/02/2017,JAX,FL,ASO,ES,Combined TRACON& Tower with Radar,171,47,48,0,266,0,3,5,0,8,171,50,53,0,274,0,0,0,274
01/03/2017,JAX,FL,ASO,ES,Combined TRACON& Tower with Radar,168,51,28,6,253,0,0,0,1,1,168,51,28,7,254,0,0,0,254
01/04/2017,JAX,FL,ASO,ES,Combined TRACON& Tower with Radar,163,33,18,14,228,0,3,6,1,10,163,36,24,15,238,0,44,44,282
01/05/2017,JAX,FL,ASO,ES,Combined TRACON& Tower with Radar,153,44,24,12,233,0,2,6,4,12,153,46,30,16,245,0,8,8,253
01/06/2017,JAX,FL,ASO,ES,Combined TRACON& Tower with Radar,153,20,30,22,225,0,2,2,3,7,153,22,32,25,232,0,30,30,262
01/07/2017,JAX,FL,ASO,ES,Combined TRACON& Tower with Radar,118,12,10,22,162,0,0,4,0,4,118,12,14,22,166,0,0,0,166
01/08/2017,JAX,FL,ASO,ES,Combined TRACON& Tower with Radar,148,15,17,2,182,0,0,8,0,8,148,15,25,2,190,0,0,0,190
01/09/2017,JAX,FL,ASO,ES,Combined TRACON& Tower with Radar,150,28,26,13,217,0,1,6,2,9,150,29,32,15,226,0,30,30,256
01/10/2017,JAX,FL,ASO,ES,Combined TRACON& Tower with Radar,147,38,29,25,239,0,0,6,2,8,147,38,35,27,247,0,0,0,247
01/11/2017,JAX,FL,ASO,ES,Combined TRACON& Tower with Radar,157,31,37,18,243,0,0,6,4,10,157,31,43,22,253,0,76,76,329
01/12/2017,JAX,FL,ASO,ES,Combined TRACON& Tower with Radar,163,36,33,54,286,0,1,9,5,15,163,37,42,59,301,0,98,98,399
01/13/2017,JAX,FL,ASO,ES,Combined TRACON& Tower with Radar,159,32,32,2,225,0,0,0,1,1,159,32,32,3,226,0,18,18,244
01/14/2017,JAX,FL,ASO,ES,Combined TRACON& Tower with Radar,108,17,10,0,135,0,0,11,0,11,108,17,21,0,146,4,18,22,168
01/15/2017,JAX,FL,ASO,ES,Combined TRACON& Tower with Radar,132,13,14,3,162,0,2,2,0,4,132,15,16,3,166,0,0,0,166
01/16/2017,JAX,FL,ASO,ES,Combined TRACON& Tower with Radar,154,28,26,0,208,0,0,15,0,15,154,28,41,0,223,12,0,12,235
01/17/2017,JAX,FL,ASO,ES,Combined TRACON& Tower with Radar,154,42,31,3,230,0,2,1,10,13,154,44,32,13,243,0,0,0,243
01/18/2017,JAX,FL,ASO,ES,Combined TRACON& Tower with Radar,156,40,26,15,237,0,0,14,3,17,156,40,40,18,254,0,0,0,254
01/19/2017,JAX,FL,ASO,ES,Combined TRACON& Tower with Radar,164,39,29,44,276,0,1,1,3,5,164,40,30,47,281,0,64,64,345
01/20/2017,JAX,FL,ASO,ES,Combined TRACON& Tower with Radar,160,41,27,17,245,0,6,7,70,83,160,47,34,87,328,0,0,0,328
01/21/2017,JAX,FL,ASO,ES,Combined TRACON& Tower with Radar,140,14,19,0,173,0,2,2,0,4,140,16,21,0,177,8,0,8,185
01/22/2017,JAX,FL,ASO,ES,Combined TRACON& Tower with Radar,163,26,22,10,221,0,0,2,1,3,163,26,24,11,224,0,0,0,224
01/23/2017,JAX,FL,ASO,ES,Combined TRACON& Tower with Radar,152,29,46,18,245,0,3,2,2,7,152,32,48,20,252,0,0,0,252
01/24/2017,JAX,FL,ASO,ES,Combined TRACON& Tower with Radar,154,46,41,39,280,0,0,5,3,8,154,46,46,42,288,10,10,20,308
01/25/2017,JAX,FL,ASO,ES,Combined TRACON& Tower with Radar,160,42,47,38,287,0,2,16,5,23,160,44,63,43,310,2,12,14,324
01/26/2017,JAX,FL,ASO,ES,Combined TRACON& Tower with Radar,163,29,22,6,220,0,0,11,1,12,163,29,33,7,232,0,74,74,306
01/27/2017,JAX,FL,ASO,ES,Combined TRACON& Tower with Radar,164,35,30,7,236,0,2,10,11,23,164,37,40,18,259,19,0,19,278
01/28/2017,JAX,FL,ASO,ES,Combined TRACON& Tower with Radar,115,9,14,5,143,0,2,8,0,10,115,11,22,5,153,20,0,20,173
01/29/2017,JAX,FL,ASO,ES,Combined TRACON& Tower with Radar,145,22,16,9,192,0,4,5,3,12,145,26,21,12,204,0,0,0,204
01/30/2017,JAX,FL,ASO,ES,Combined TRACON& Tower with Radar,154,32,21,7,214,0,2,6,3,11,154,34,27,10,225,6,60,66,291
01/31/2017,JAX,FL,ASO,ES,Combined TRACON& Tower with Radar,157,43,35,10,245,0,1,10,8,19,157,44,45,18,264,2,60,62,326
02/01/2017,JAX,FL,ASO,ES,Combined TRACON& Tower with Radar,159,35,29,4,227,0,0,8,0,8,159,35,37,4,235,0,0,0,235
02/02/2017,JAX,FL,ASO,ES,Combined TRACON& Tower with Radar,168,35,37,29,269,0,1,9,7,17,168,36,46,36,286,0,44,44,330
02/03/2017,JAX,FL,ASO,ES,Combined TRACON& Tower with Radar,160,40,24,20,244,0,0,13,7,20,160,40,37,27,264,0,46,46,310
02/04/2017,JAX,FL,ASO,ES,Combined TRACON& Tower with Radar,115,24,10,15,164,0,0,1,1,2,115,24,11,16,166,0,0,0,166
02/05/2017,JAX,FL,ASO,ES,Combined TRACON& Tower with Radar,139,23,17,0,179,0,2,4,0,6,139,25,21,0,185,12,0,12,197
02/06/2017,JAX,FL,ASO,ES,Combined TRACON& Tower with Radar,157,34,36,5,232,0,2,1,5,8,157,36,37,10,240,0,22,22,262
02/07/2017,JAX,FL,ASO,ES,Combined TRACON& Tower with Radar,148,36,33,12,229,0,0,3,103,106,148,36,36,115,335,0,0,0,335
02/08/2017,JAX,FL,ASO,ES,Combined TRACON& Tower with Radar,163,40,42,32,277,0,1,6,2,9,163,41,48,34,286,0,28,28,314
02/09/2017,JAX,FL,ASO,ES,Combined TRACON& Tower with Radar,137,28,27,22,214,0,1,8,7,16,137,29,35,29,230,4,56,60,290
02/10/2017,JAX,FL,ASO,ES,Combined TRACON& Tower with Radar,161,24,24,22,231,0,1,6,4,11,161,25,30,26,242,0,0,0,242
02/11/2017,JAX,FL,ASO,ES,Combined TRACON& Tower with Radar,117,18,18,6,159,0,0,9,2,11,117,18,27,8,170,0,0,0,170
02/12/2017,JAX,FL,ASO,ES,Combined TRACON& Tower with Radar,150,21,17,2,190,0,1,7,2,10,150,22,24,4,200,8,0,8,208
02/13/2017,JAX,FL,ASO,ES,Combined TRACON& Tower with Radar,159,20,21,4,204,0,5,9,3,17,159,25,30,7,221,2,38,40,261
02/14/2017,JAX,FL,ASO,ES,Combined TRACON& Tower with Radar,154,27,21,8,210,0,1,7,1,9,154,28,28,9,219,10,52,62,281
02/15/2017,JAX,FL,ASO,ES,Combined TRACON& Tower with Radar,162,31,44,6,243,0,3,1,0,4,162,34,45,6,247,0,14,14,261
02/16/2017,JAX,FL,ASO,ES,Combined TRACON& Tower with Radar,174,36,40,7,257,0,0,4,8,12,174,36,44,15,269,0,114,114,383
02/17/2017,JAX,FL,ASO,ES,Combined TRACON& Tower with Radar,162,24,31,9,226,0,3,10,4,17,162,27,41,13,243,0,15,15,258
02/18/2017,JAX,FL,ASO,ES,Combined TRACON& Tower with Radar,128,21,13,5,167,0,2,5,1,8,128,23,18,6,175,0,0,0,175
02/19/2017,JAX,FL,ASO,ES,Combined TRACON& Tower with Radar,142,19,11,0,172,0,0,0,1,1,142,19,11,1,173,0,0,0,173
02/20/2017,JAX,FL,ASO,ES,Combined TRACON& Tower with Radar,163,19,35,1,218,0,8,13,0,21,163,27,48,1,239,0,0,0,239
02/21/2017,JAX,FL,ASO,ES,Combined TRACON& Tower with Radar,167,23,49,14,253,0,0,8,4,12,167,23,57,18,265,10,0,10,275
02/22/2017,JAX,FL,ASO,ES,Combined TRACON& Tower with Radar,162,30,40,9,241,0,0,0,2,2,162,30,40,11,243,10,0,10,253
02/23/2017,JAX,FL,ASO,ES,Combined TRACON& Tower with Radar,167,37,36,26,266,0,0,4,1,5,167,37,40,27,271,0,0,0,271
02/24/2017,JAX,FL,ASO,ES,Combined TRACON& Tower with Radar,163,29,29,13,234,0,0,5,7,12,163,29,34,20,246,12,24,36,282
02/25/2017,JAX,FL,ASO,ES,Combined TRACON& Tower with Radar,122,13,22,0,157,0,0,6,0,6,122,13,28,0,163,0,0,0,163
02/26/2017,JAX,FL,ASO,ES,Combined TRACON& Tower with Radar,157,29,17,0,203,0,0,12,4,16,157,29,29,4,219,2,0,2,221
02/27/2017,JAX,FL,ASO,ES,Combined TRACON& Tower with Radar,160,24,47,11,242,0,0,6,3,9,160,24,53,14,251,4,34,38,289
02/28/2017,JAX,FL,ASO,ES,Combined TRACON& Tower with Radar,161,31,38,12,242,0,0,2,1,3,161,31,40,13,245,0,0,0,245
03/01/2017,JAX,FL,ASO,ES,Combined TRACON& Tower with Radar,165,31,29,13,238,0,0,10,1,11,165,31,39,14,249,2,5,7,256
03/02/2017,JAX,FL,ASO,ES,Combined TRACON& Tower with Radar,175,39,51,9,274,0,0,7,0,7,175,39,58,9,281,24,2,26,307
03/03/2017,JAX,FL,ASO,ES,Combined TRACON& Tower with Radar,164,43,29,18,254,0,4,15,2,21,164,47,44,20,275,0,0,0,275
03/04/2017,JAX,FL,ASO,ES,Combined TRACON& Tower with Radar,128,20,25,11,184,0,2,12,1,15,128,22,37,12,199,27,28,55,254
03/05/2017,JAX,FL,ASO,ES,Combined TRACON& Tower with Radar,155,26,16,10,207,0,0,2,3,5,155,26,18,13,212,0,14,14,226
03/06/2017,JAX,FL,ASO,ES,Combined TRACON& Tower with Radar,158,19,24,19,220,0,3,14,0,17,158,22,38,19,237,0,0,0,237
03/07/2017,JAX,FL,ASO,ES,Combined TRACON& Tower with Radar,165,37,31,27,260,0,1,15,3,19,165,38,46,30,279,0,61,61,340
03/08/2017,JAX,FL,ASO,ES,Combined TRACON& Tower with Radar,164,40,44,4,252,0,4,11,58,73,164,44,55,62,325,0,0,0,325
03/09/2017,JAX,FL,ASO,ES,Combined TRACON& Tower with Radar,171,45,40,10,266,0,2,10,36,48,171,47,50,46,314,0,0,0,314
03/10/2017,JAX,FL,ASO,ES,Combined TRACON& Tower with Radar,166,25,35,37,263,0,2,7,1,10,166,27,42,38,273,0,0,0,273
03/11/2017,JAX,FL,ASO,ES,Combined TRACON& Tower with Radar,151,28,26,0,205,0,0,25,0,25,151,28,51,0,230,20,0,20,250
03/12/2017,JAX,FL,ASO,ES,Combined TRACON& Tower with Radar,167,21,27,0,215,0,0,0,0,0,167,21,27,0,215,0,0,0,215
03/13/2017,JAX,FL,ASO,ES,Combined TRACON& Tower with Radar,154,23,33,0,210,0,0,0,0,0,154,23,33,0,210,0,0,0,210
03/14/2017,JAX,FL,ASO,ES,Combined TRACON& Tower with Radar,121,27,38,11,197,0,0,6,46,52,121,27,44,57,249,0,0,0,249
03/15/2017,JAX,FL,ASO,ES,Combined TRACON& Tower with Radar,164,29,47,15,255,0,2,5,3,10,164,31,52,18,265,0,16,16,281
03/16/2017,JAX,FL,ASO,ES,Combined TRACON& Tower with Radar,176,49,36,19,280,0,4,6,0,10,176,53,42,19,290,0,12,12,302
03/17/2017,JAX,FL,ASO,ES,Combined TRACON& Tower with Radar,170,31,29,30,260,0,3,15,20,38,170,34,44,50,298,0,108,108,406
03/18/2017,JAX,FL,ASO,ES,Combined TRACON& Tower with Radar,148,24,24,14,210,0,0,19,1,20,148,24,43,15,230,0,0,0,230
03/19/2017,JAX,FL,ASO,ES,Combined TRACON& Tower with Radar,167,12,21,7,207,0,0,19,1,20,167,12,40,8,227,0,0,0,227
03/20/2017,JAX,FL,ASO,ES,Combined TRACON& Tower with Radar,164,26,31,11,232,0,0,10,7,17,164,26,41,18,249,0,54,54,303
03/21/2017,JAX,FL,ASO,ES,Combined TRACON& Tower with Radar,159,31,37,13,240,0,1,7,41,49,159,32,44,54,289,0,0,0,289
03/22/2017,JAX,FL,ASO,ES,Combined TRACON& Tower with Radar,168,27,23,6,224,0,2,7,3,12,168,29,30,9,236,26,0,26,262
03/23/2017,JAX,FL,ASO,ES,Combined TRACON& Tower with Radar,170,43,26,8,247,0,2,3,2,7,170,45,29,10,254,0,0,0,254
03/24/2017,JAX,FL,ASO,ES,Combined TRACON& Tower with Radar,167,29,24,26,246,0,0,2,20,22,167,29,26,46,268,0,0,0,268
03/25/2017,JAX,FL,ASO,ES,Combined TRACON& Tower with Radar,144,26,23,4,197,0,0,11,2,13,144,26,34,6,210,0,0,0,210
03/26/2017,JAX,FL,ASO,ES,Combined TRACON& Tower with Radar,167,17,23,13,220,0,2,16,0,18,167,19,39,13,238,0,0,0,238
03/27/2017,JAX,FL,ASO,ES,Combined TRACON& Tower with Radar,166,33,32,0,231,0,0,9,41,50,166,33,41,41,281,6,0,6,287
03/28/2017,JAX,FL,ASO,ES,Combined TRACON& Tower with Radar,161,25,35,28,249,0,0,15,2,17,161,25,50,30,266,0,0,0,266
03/29/2017,JAX,FL,ASO,ES,Combined TRACON& Tower with Radar,163,33,29,13,238,0,2,8,2,12,163,35,37,15,250,0,0,0,250
03/30/2017,JAX,FL,ASO,ES,Combined TRACON& Tower with Radar,174,35,41,12,262,0,0,10,4,14,174,35,51,16,276,3,36,39,315
03/31/2017,JAX,FL,ASO,ES,Combined TRACON& Tower with Radar,165,29,31,9,234,0,5,3,0,8,165,34,34,9,242,0,0,0,242
04/01/2017,JAX,FL,ASO,ES,Combined TRACON& Tower with Radar,147,18,21,0,186,0,1,7,0,8,147,19,28,0,194,0,0,0,194
04/02/2017,JAX,FL,ASO,ES,Combined TRACON& Tower with Radar,163,20,22,0,205,0,7,11,1,19,163,27,33,1,224,0,0,0,224
04/03/2017,JAX,FL,ASO,ES,Combined TRACON& Tower with Radar,158,35,26,4,223,0,2,2,1,5,158,37,28,5,228,0,18,18,246
04/04/2017,JAX,FL,ASO,ES,Combined TRACON& Tower with Radar,157,42,34,8,241,0,0,8,26,34,157,42,42,34,275,0,0,0,275
04/05/2017,JAX,FL,ASO,ES,Combined TRACON& Tower with Radar,146,47,39,14,246,0,0,4,3,7,146,47,43,17,253,0,38,38,291
04/06/2017,JAX,FL,ASO,ES,Combined TRACON& Tower with Radar,142,33,58,12,245,0,2,3,5,10,142,35,61,17,255,8,0,8,263
04/07/2017,JAX,FL,ASO,ES,Combined TRACON& Tower with Radar,158,42,26,6,232,0,0,10,4,14,158,42,36,10,246,0,0,0,246
04/08/2017,JAX,FL,ASO,ES,Combined TRACON& Tower with Radar,144,27,14,5,190,0,2,9,0,11,144,29,23,5,201,12,0,12,213
04/09/2017,JAX,FL,ASO,ES,Combined TRACON& Tower with Radar,159,23,24,13,219,0,4,5,2,11,159,27,29,15,230,14,0,14,244
04/10/2017,JAX,FL,ASO,ES,Combined TRACON& Tower with Radar,164,38,31,16,249,0,0,7,5,12,164,38,38,21,261,0,30,30,291
04/11/2017,JAX,FL,ASO,ES,Combined TRACON& Tower with Radar,168,30,25,5,228,0,0,8,8,16,168,30,33,13,244,0,0,0,244
04/12/2017,JAX,FL,ASO,ES,Combined TRACON& Tower with Radar,164,38,56,31,289,0,6,19,0,25,164,44,75,31,314,0,0,0,314
04/13/2017,JAX,FL,ASO,ES,Combined TRACON& Tower with Radar,175,37,39,15,266,0,3,7,3,13,175,40,46,18,279,0,0,0,279
04/14/2017,JAX,FL,ASO,ES,Combined TRACON& Tower with Radar,172,34,13,11,230,0,0,9,0,9,172,34,22,11,239,0,0,0,239
04/15/2017,JAX,FL,ASO,ES,Combined TRACON& Tower with Radar,137,17,14,0,168,0,4,7,0,11,137,21,21,0,179,0,0,0,179
04/16/2017,JAX,FL,ASO,ES,Combined TRACON& Tower with Radar,165,28,15,4,212,0,1,3,0,4,165,29,18,4,216,0,0,0,216
04/17/2017,JAX,FL,ASO,ES,Combined TRACON& Tower with Radar,165,47,53,3,268,0,3,16,3,22,165,50,69,6,290,0,0,0,290
04/18/2017,JAX,FL,ASO,ES,Combined TRACON& Tower with Radar,162,32,35,4,233,0,1,6,1,8,162,33,41,5,241,22,45,67,308
04/19/2017,JAX,FL,ASO,ES,Combined TRACON& Tower with Radar,168,33,47,20,268,0,4,5,5,14,168,37,52,25,282,0,74,74,356
04/20/2017,JAX,FL,ASO,ES,Combined TRACON& Tower with Radar,169,46,39,33,287,0,4,10,7,21,169,50,49,40,308,13,54,67,375
04/21/2017,JAX,FL,ASO,ES,Combined TRACON& Tower with Radar,174,37,43,24,278,0,2,8,5,15,174,39,51,29,293,0,0,0,293
04/22/2017,JAX,FL,ASO,ES,Combined TRACON& Tower with Radar,152,19,34,0,205,0,0,8,0,8,152,19,42,0,213,0,0,0,213
04/23/2017,JAX,FL,ASO,ES,Combined TRACON& Tower with Radar,170,24,22,8,224,0,0,1,5,6,170,24,23,13,230,0,0,0,230
04/24/2017,JAX,FL,ASO,ES,Combined TRACON& Tower with Radar,172,26,28,3,229,0,7,5,1,13,172,33,33,4,242,2,12,14,256
04/25/2017,JAX,FL,ASO,ES,Combined TRACON& Tower with Radar,164,47,29,18,258,0,2,4,0,6,164,49,33,18,264,0,10,10,274
04/26/2017,JAX,FL,ASO,ES,Combined TRACON& Tower with Radar,164,44,40,8,256,0,2,1,7,10,164,46,41,15,266,0,38,38,304
04/27/2017,JAX,FL,ASO,ES,Combined TRACON& Tower with Radar,176,59,50,11,296,0,4,14,3,21,176,63,64,14,317,0,26,26,343
04/28/2017,JAX,FL,ASO,ES,Combined TRACON& Tower with Radar,177,37,38,10,262,0,0,7,12,19,177,37,45,22,281,0,0,0,281
04/29/2017,JAX,FL,ASO,ES,Combined TRACON& Tower with Radar,146,25,24,13,208,0,0,1,1,2,146,25,25,14,210,0,8,8,218
04/30/2017,JAX,FL,ASO,ES,Combined TRACON& Tower with Radar,170,25,26,0,221,0,2,4,0,6,170,27,30,0,227,4,0,4,231
05/01/2017,JAX,FL,ASO,ES,Combined TRACON& Tower with Radar,165,40,30,9,244,0,1,2,1,4,165,41,32,10,248,0,40,40,288
05/02/2017,JAX,FL,ASO,ES,Combined TRACON& Tower with Radar,168,40,29,22,259,0,1,12,3,16,168,41,41,25,275,3,42,45,320
05/03/2017,JAX,FL,ASO,ES,Combined TRACON& Tower with Radar,162,38,44,0,244,0,2,7,0,9,162,40,51,0,253,0,0,0,253
05/04/2017,JAX,FL,ASO,ES,Combined TRACON& Tower with Radar,167,48,43,11,269,0,1,6,7,14,167,49,49,18,283,0,42,42,325
05/05/2017,JAX,FL,ASO,ES,Combined TRACON& Tower with Radar,173,38,29,17,257,0,0,2,6,8,173,38,31,23,265,2,0,2,267
05/06/2017,JAX,FL,ASO,ES,Combined TRACON& Tower with Radar,146,35,15,12,208,0,1,3,1,5,146,36,18,13,213,0,10,10,223
05/07/2017,JAX,FL,ASO,ES,Combined TRACON& Tower with Radar,164,35,42,1,242,0,0,12,0,12,164,35,54,1,254,10,0,10,264
05/08/2017,JAX,FL,ASO,ES,Combined TRACON& Tower with Radar,171,39,33,22,265,0,0,6,3,9,171,39,39,25,274,0,48,48,322
05/09/2017,JAX,FL,ASO,ES,Combined TRACON& Tower with Radar,173,42,32,11,258,0,0,11,9,20,173,42,43,20,278,0,0,0,278
05/10/2017,JAX,FL,ASO,ES,Combined TRACON& Tower with Radar,172,42,29,19,262,0,0,13,4,17,172,42,42,23,279,2,16,18,297
05/11/2017,JAX,FL,ASO,ES,Combined TRACON& Tower with Radar,175,54,42,10,281,0,2,13,3,18,175,56,55,13,299,2,18,20,319
05/12/2017,JAX,FL,ASO,ES,Combined TRACON& Tower with Radar,177,51,53,15,296,0,2,3,1,6,177,53,56,16,302,0,10,10,312
05/13/2017,JAX,FL,ASO,ES,Combined TRACON& Tower with Radar,136,27,17,0,180,0,0,0,0,0,136,27,17,0,180,0,0,0,180
05/14/2017,JAX,FL,ASO,ES,Combined TRACON& Tower with Radar,161,41,24,4,230,0,4,5,2,11,161,45,29,6,241,0,0,0,241
05/15/2017,JAX,FL,ASO,ES,Combined TRACON& Tower with Radar,170,35,26,11,242,0,3,7,6,16,170,38,33,17,258,0,76,76,334
05/16/2017,JAX,FL,ASO,ES,Combined TRACON& Tower with Radar,166,37,37,9,249,0,1,9,3,13,166,38,46,12,262,0,0,0,262
05/17/2017,JAX,FL,ASO,ES,Combined TRACON& Tower with Radar,165,38,51,16,270,0,2,7,4,13,165,40,58,20,283,0,92,92,375
05/18/2017,JAX,FL,ASO,ES,Combined TRACON& Tower with Radar,168,32,55,37,292,0,2,10,11,23,168,34,65,48,315,0,50,50,365
05/19/2017,JAX,FL,ASO,ES,Combined TRACON& Tower with Radar,167,44,57,14,282,0,0,6,2,8,167,44,63,16,290,0,0,0,290
05/20/2017,JAX,FL,ASO,ES,Combined TRACON& Tower with Radar,146,20,17,0,183,0,0,1,5,6,146,20,18,5,189,0,0,0,189
05/21/2017,JAX,FL,ASO,ES,Combined TRACON& Tower with Radar,165,19,17,0,201,0,0,2,0,2,165,19,19,0,203,0,0,0,203
05/22/2017,JAX,FL,ASO,ES,Combined TRACON& Tower with Radar,171,49,36,16,272,0,0,4,1,5,171,49,40,17,277,0,20,20,297
05/23/2017,JAX,FL,ASO,ES,Combined TRACON& Tower with Radar,166,44,42,13,265,0,1,7,3,11,166,45,49,16,276,0,74,74,350
05/24/2017,JAX,FL,ASO,ES,Combined TRACON& Tower with Radar,167,33,21,10,231,0,0,2,3,5,167,33,23,13,236,0,0,0,236
05/25/2017,JAX,FL,ASO,ES,Combined TRACON& Tower with Radar,163,40,27,19,249,0,7,9,7,23,163,47,36,26,272,0,0,0,272
05/26/2017,JAX,FL,ASO,ES,Combined TRACON& Tower with Radar,170,34,49,17,270,0,3,21,2,26,170,37,70,19,296,0,0,0,296
05/27/2017,JAX,FL,ASO,ES,Combined TRACON& Tower with Radar,135,23,20,0,178,0,2,7,0,9,135,25,27,0,187,0,0,0,187
05/28/2017,JAX,FL,ASO,ES,Combined TRACON& Tower with Radar,143,24,19,0,186,0,8,14,0,22,143,32,33,0,208,0,0,0,208
05/29/2017,JAX,FL,ASO,ES,Combined TRACON& Tower with Radar,170,37,21,4,232,0,0,1,0,1,170,37,22,4,233,2,0,2,235
05/30/2017,JAX,FL,ASO,ES,Combined TRACON& Tower with Radar,159,26,28,26,239,0,0,5,5,10,159,26,33,31,249,0,0,0,249
05/31/2017,JAX,FL,ASO,ES,Combined TRACON& Tower with Radar,171,45,42,23,281,0,0,10,0,10,171,45,52,23,291,0,0,0,291
06/01/2017,JAX,FL,ASO,ES,Combined TRACON& Tower with Radar,175,37,46,20,278,0,2,5,4,11,175,39,51,24,289,0,68,68,357
06/02/2017,JAX,FL,ASO,ES,Combined TRACON& Tower with Radar,175,39,44,10,268,0,0,15,15,30,175,39,59,25,298,0,0,0,298
06/03/2017,JAX,FL,ASO,ES,Combined TRACON& Tower with Radar,139,26,28,5,198,0,0,14,2,16,139,26,42,7,214,3,0,3,217
06/04/2017,JAX,FL,ASO,ES,Combined TRACON& Tower with Radar,164,23,38,11,236,0,5,11,5,21,164,28,49,16,257,0,22,22,279
06/05/2017,JAX,FL,ASO,ES,Combined TRACON& Tower with Radar,164,37,33,4,238,0,2,4,2,8,164,39,37,6,246,6,0,6,252
06/06/2017,JAX,FL,ASO,ES,Combined TRACON& Tower with Radar,160,34,26,14,234,0,0,0,13,13,160,34,26,27,247,0,0,0,247
06/07/2017,JAX,FL,ASO,ES,Combined TRACON& Tower with Radar,167,44,33,11,255,0,0,0,2,2,167,44,33,13,257,0,16,16,273
06/08/2017,JAX,FL,ASO,ES,Combined TRACON& Tower with Radar,170,36,40,12,258,0,0,2,0,2,170,36,42,12,260,0,0,0,260
06/09/2017,JAX,FL,ASO,ES,Combined TRACON& Tower with Radar,170,27,42,30,269,0,0,8,0,8,170,27,50,30,277,0,0,0,277
06/10/2017,JAX,FL,ASO,ES,Combined TRACON& Tower with Radar,152,18,31,4,205,0,2,5,0,7,152,20,36,4,212,0,0,0,212
06/11/2017,JAX,FL,ASO,ES,Combined TRACON& Tower with Radar,179,18,19,13,229,0,0,5,0,5,179,18,24,13,234,0,12,12,246
06/12/2017,JAX,FL,ASO,ES,Combined TRACON& Tower with Radar,169,30,31,10,240,0,0,0,0,0,169,30,31,10,240,0,0,0,240
06/13/2017,JAX,FL,ASO,ES,Combined TRACON& Tower with Radar,158,41,28,8,235,0,2,10,3,15,158,43,38,11,250,0,14,14,264
06/14/2017,JAX,FL,ASO,ES,Combined TRACON& Tower with Radar,167,39,38,17,261,0,0,7,1,8,167,39,45,18,269,0,2,2,271
06/15/2017,JAX,FL,ASO,ES,Combined TRACON& Tower with Radar,167,52,37,16,272,0,3,4,2,9,167,55,41,18,281,0,18,18,299
06/16/2017,JAX,FL,ASO,ES,Combined TRACON& Tower with Radar,169,41,37,3,250,0,0,5,0,5,169,41,42,3,255,14,0,14,269
06/17/2017,JAX,FL,ASO,ES,Combined TRACON& Tower with Radar,148,16,25,4,193,0,0,0,2,2,148,16,25,6,195,0,0,0,195
06/18/2017,JAX,FL,ASO,ES,Combined TRACON& Tower with Radar,173,22,16,2,213,0,0,0,0,0,173,22,16,2,213,0,0,0,213
06/19/2017,JAX,FL,ASO,ES,Combined TRACON& Tower with Radar,147,24,31,0,202,0,0,2,0,2,147,24,33,0,204,2,0,2,206
06/20/2017,JAX,FL,ASO,ES,Combined TRACON& Tower with Radar,168,41,33,22,264,0,1,7,0,8,168,42,40,22,272,0,0,0,272
06/21/2017,JAX,FL,ASO,ES,Combined TRACON& Tower with Radar,170,32,37,12,251,0,0,2,1,3,170,32,39,13,254,0,16,16,270
06/22/2017,JAX,FL,ASO,ES,Combined TRACON& Tower with Radar,169,37,34,24,264,0,2,7,2,11,169,39,41,26,275,10,32,42,317
06/23/2017,JAX,FL,ASO,ES,Combined TRACON& Tower with Radar,164,35,37,18,254,0,3,4,1,8,164,38,41,19,262,0,0,0,262
06/24/2017,JAX,FL,ASO,ES,Combined TRACON& Tower with Radar,148,14,36,4,202,0,0,6,0,6,148,14,42,4,208,0,0,0,208
06/25/2017,JAX,FL,ASO,ES,Combined TRACON& Tower with Radar,167,26,18,0,211,0,2,2,0,4,167,28,20,0,215,0,0,0,215
06/26/2017,JAX,FL,ASO,ES,Combined TRACON& Tower with Radar,161,26,36,26,249,0,1,1,3,5,161,27,37,29,254,0,38,38,292
06/27/2017,JAX,FL,ASO,ES,Combined TRACON& Tower with Radar,170,31,29,4,234,0,0,5,11,16,170,31,34,15,250,0,30,30,280
06/28/2017,JAX,FL,ASO,ES,Combined TRACON& Tower with Radar,168,40,39,4,251,0,6,20,0,26,168,46,59,4,277,98,0,98,375
06/29/2017,JAX,FL,ASO,ES,Combined TRACON& Tower with Radar,167,43,33,24,267,0,0,3,8,11,167,43,36,32,278,73,52,125,403
06/30/2017,JAX,FL,ASO,ES,Combined TRACON& Tower with Radar,167,45,44,9,265,0,0,6,2,8,167,45,50,11,273,0,0,0,273
07/01/2017,JAX,FL,ASO,ES,Combined TRACON& Tower with Radar,156,25,38,0,219,0,0,2,0,2,156,25,40,0,221,0,0,0,221
07/02/2017,JAX,FL,ASO,ES,Combined TRACON& Tower with Radar,161,17,18,0,196,0,0,4,0,4,161,17,22,0,200,0,0,0,200
07/03/2017,JAX,FL,ASO,ES,Combined TRACON& Tower with Radar,144,19,15,0,178,0,4,12,0,16,144,23,27,0,194,22,0,22,216
07/04/2017,JAX,FL,ASO,ES,Combined TRACON& Tower with Radar,154,27,12,0,193,0,3,14,0,17,154,30,26,0,210,0,0,0,210
07/05/2017,JAX,FL,ASO,ES,Combined TRACON& Tower with Radar,166,36,26,18,246,0,6,22,0,28,166,42,48,18,274,0,0,0,274
07/06/2017,JAX,FL,ASO,ES,Combined TRACON& Tower with Radar,163,34,37,6,240,0,5,18,3,26,163,39,55,9,266,0,24,24,290
07/07/2017,JAX,FL,ASO,ES,Combined TRACON& Tower with Radar,174,32,33,20,259,0,2,7,2,11,174,34,40,22,270,0,4,4,274
07/08/2017,JAX,FL,ASO,ES,Combined TRACON& Tower with Radar,154,21,24,0,199,0,1,2,2,5,154,22,26,2,204,0,0,0,204
07/09/2017,JAX,FL,ASO,ES,Combined TRACON& Tower with Radar,170,19,18,2,209,0,1,9,0,10,170,20,27,2,219,0,0,0,219
07/10/2017,JAX,FL,ASO,ES,Combined TRACON& Tower with Radar,161,28,29,6,224,0,2,4,0,6,161,30,33,6,230,0,0,0,230
07/11/2017,JAX,FL,ASO,ES,Combined TRACON& Tower with Radar,170,38,28,7,243,0,3,10,1,14,170,41,38,8,257,0,22,22,279
07/12/2017,JAX,FL,ASO,ES,Combined TRACON& Tower with Radar,167,37,41,26,271,0,0,9,3,12,167,37,50,29,283,14,34,48,331
07/13/2017,JAX,FL,ASO,ES,Combined TRACON& Tower with Radar,177,49,29,8,263,0,1,5,0,6,177,50,34,8,269,0,0,0,269
07/14/2017,JAX,FL,ASO,ES,Combined TRACON& Tower with Radar,165,28,28,27,248,0,1,13,1,15,165,29,41,28,263,12,24,36,299
07/15/2017,JAX,FL,ASO,ES,Combined TRACON& Tower with Radar,144,25,28,0,197,0,1,7,0,8,144,26,35,0,205,0,0,0,205
07/16/2017,JAX,FL,ASO,ES,Combined TRACON& Tower with Radar,168,23,27,2,220,0,2,3,0,5,168,25,30,2,225,0,0,0,225
07/17/2017,JAX,FL,ASO,ES,Combined TRACON& Tower with Radar,174,36,34,8,252,0,1,2,5,8,174,37,36,13,260,0,24,24,284
07/18/2017,JAX,FL,ASO,ES,Combined TRACON& Tower with Radar,174,41,33,10,258,0,1,12,4,17,174,42,45,14,275,0,44,44,319
07/19/2017,JAX,FL,ASO,ES,Combined TRACON& Tower with Radar,170,34,28,9,241,0,2,4,3,9,170,36,32,12,250,0,12,12,262
07/20/2017,JAX,FL,ASO,ES,Combined TRACON& Tower with Radar,182,42,38,4,266,0,2,6,1,9,182,44,44,5,275,0,12,12,287
07/21/2017,JAX,FL,ASO,ES,Combined TRACON& Tower with Radar,172,34,28,17,251,0,0,9,1,10,172,34,37,18,261,0,0,0,261
07/22/2017,JAX,FL,ASO,ES,Combined TRACON& Tower with Radar,151,13,34,0,198,0,0,7,0,7,151,13,41,0,205,0,0,0,205
07/23/2017,JAX,FL,ASO,ES,Combined TRACON& Tower with Radar,166,18,19,3,206,0,0,6,0,6,166,18,25,3,212,14,0,14,226
07/24/2017,JAX,FL,ASO,ES,Combined TRACON& Tower with Radar,162,34,29,21,246,0,1,7,13,21,162,35,36,34,267,0,66,66,333
07/25/2017,JAX,FL,ASO,ES,Combined TRACON& Tower with Radar,170,36,23,17,246,0,2,1,1,4,170,38,24,18,250,0,8,8,258
07/26/2017,JAX,FL,ASO,ES,Combined TRACON& Tower with Radar,170,32,27,10,239,0,0,4,6,10,170,32,31,16,249,28,14,42,291
07/27/2017,JAX,FL,ASO,ES,Combined TRACON& Tower with Radar,172,34,59,12,277,0,0,3,2,5,172,34,62,14,282,0,12,12,294
07/28/2017,JAX,FL,ASO,ES,Combined TRACON& Tower with Radar,167,25,29,6,227,0,0,9,0,9,167,25,38,6,236,0,0,0,236
07/29/2017,JAX,FL,ASO,ES,Combined TRACON& Tower with Radar,155,22,29,0,206,0,0,4,0,4,155,22,33,0,210,0,0,0,210
07/30/2017,JAX,FL,ASO,ES,Combined TRACON& Tower with Radar,171,24,27,0,222,0,1,5,0,6,171,25,32,0,228,0,0,0,228
07/31/2017,JAX,FL,ASO,ES,Combined TRACON& Tower with Radar,164,28,28,10,230,0,0,6,2,8,164,28,34,12,238,0,12,12,250
08/01/2017,JAX,FL,ASO,ES,Combined TRACON& Tower with Radar,165,34,42,24,265,0,2,9,17,28,165,36,51,41,293,0,0,0,293
08/02/2017,JAX,FL,ASO,ES,Combined TRACON& Tower with Radar,151,24,26,5,206,0,0,9,16,25,151,24,35,21,231,0,0,0,231
08/03/2017,JAX,FL,ASO,ES,Combined TRACON& Tower with Radar,168,38,42,20,268,0,1,0,2,3,168,39,42,22,271,0,44,44,315
08/04/2017,JAX,FL,ASO,ES,Combined TRACON& Tower with Radar,154,28,30,5,217,0,0,9,0,9,154,28,39,5,226,0,0,0,226
08/05/2017,JAX,FL,ASO,ES,Combined TRACON& Tower with Radar,154,14,32,1,201,0,1,5,0,6,154,15,37,1,207,0,0,0,207
08/06/2017,JAX,FL,ASO,ES,Combined TRACON& Tower with Radar,169,21,20,1,211,0,2,11,0,13,169,23,31,1,224,0,0,0,224
08/07/2017,JAX,FL,ASO,ES,Combined TRACON& Tower with Radar,158,26,33,15,232,0,0,7,2,9,158,26,40,17,241,0,55,55,296
08/08/2017,JAX,FL,ASO,ES,Combined TRACON& Tower with Radar,167,38,27,1,233,0,0,10,4,14,167,38,37,5,247,0,0,0,247
08/09/2017,JAX,FL,ASO,ES,Combined TRACON& Tower with Radar,169,31,39,7,246,0,3,5,2,10,169,34,44,9,256,0,22,22,278
08/10/2017,JAX,FL,ASO,ES,Combined TRACON& Tower with Radar,178,27,40,25,270,0,0,5,5,10,178,27,45,30,280,0,10,10,290
08/11/2017,JAX,FL,ASO,ES,Combined TRACON& Tower with Radar,165,30,30,12,237,0,2,13,8,23,165,32,43,20,260,0,10,10,270
08/12/2017,JAX,FL,ASO,ES,Combined TRACON& Tower with Radar,156,15,12,2,185,0,1,4,0,5,156,16,16,2,190,0,0,0,190
08/13/2017,JAX,FL,ASO,ES,Combined TRACON& Tower with Radar,171,22,15,2,210,0,1,13,2,16,171,23,28,4,226,0,0,0,226
08/14/2017,JAX,FL,ASO,ES,Combined TRACON& Tower with Radar,164,32,28,10,234,0,0,3,1,4,164,32,31,11,238,0,36,36,274
08/15/2017,JAX,FL,ASO,ES,Combined TRACON& Tower with Radar,164,50,38,4,256,0,0,2,2,4,164,50,40,6,260,0,0,0,260
08/16/2017,JAX,FL,ASO,ES,Combined TRACON& Tower with Radar,164,35,34,8,241,0,0,11,1,12,164,35,45,9,253,10,36,46,299
08/17/2017,JAX,FL,ASO,ES,Combined TRACON& Tower with Radar,170,39,37,45,291,0,2,11,2,15,170,41,48,47,306,10,42,52,358
08/18/2017,JAX,FL,ASO,ES,Combined TRACON& Tower with Radar,167,34,35,11,247,0,0,12,0,12,167,34,47,11,259,0,20,20,279
08/19/2017,JAX,FL,ASO,ES,Combined TRACON& Tower with Radar,147,12,15,1,175,0,0,10,0,10,147,12,25,1,185,0,0,0,185
08/20/2017,JAX,FL,ASO,ES,Combined TRACON& Tower with Radar,160,16,25,0,201,0,4,8,2,14,160,20,33,2,215,0,0,0,215
08/21/2017,JAX,FL,ASO,ES,Combined TRACON& Tower with Radar,161,19,47,6,233,0,0,8,0,8,161,19,55,6,241,0,0,0,241
08/22/2017,JAX,FL,ASO,ES,Combined TRACON& Tower with Radar,159,34,36,15,244,0,4,2,4,10,159,38,38,19,254,0,18,18,272
08/23/2017,JAX,FL,ASO,ES,Combined TRACON& Tower with Radar,164,43,36,28,271,0,0,10,0,10,164,43,46,28,281,0,0,0,281
08/24/2017,JAX,FL,ASO,ES,Combined TRACON& Tower with Radar,170,37,42,12,261,0,2,4,2,8,170,39,46,14,269,0,8,8,277
08/25/2017,JAX,FL,ASO,ES,Combined TRACON& Tower with Radar,171,33,47,14,265,0,2,5,1,8,171,35,52,15,273,0,0,0,273
08/26/2017,JAX,FL,ASO,ES,Combined TRACON& Tower with Radar,118,24,14,1,157,0,1,0,1,2,118,25,14,2,159,0,0,0,159
08/27/2017,JAX,FL,ASO,ES,Combined TRACON& Tower with Radar,145,31,26,0,202,0,0,7,0,7,145,31,33,0,209,0,0,0,209
08/28/2017,JAX,FL,ASO,ES,Combined TRACON& Tower with Radar,147,40,11,4,202,0,0,0,2,2,147,40,11,6,204,0,32,32,236
08/29/2017,JAX,FL,ASO,ES,Combined TRACON& Tower with Radar,147,34,30,5,216,0,0,6,1,7,147,34,36,6,223,0,0,0,223
08/30/2017,JAX,FL,ASO,ES,Combined TRACON& Tower with Radar,149,39,25,24,237,0,0,5,0,5,149,39,30,24,242,0,0,0,242
08/31/2017,JAX,FL,ASO,ES,Combined TRACON& Tower with Radar,155,40,27,5,227,0,2,10,1,13,155,42,37,6,240,0,0,0,240
09/01/2017,JAX,FL,ASO,ES,Combined TRACON& Tower with Radar,157,40,35,4,236,0,2,5,0,7,157,42,40,4,243,0,0,0,243
09/02/2017,JAX,FL,ASO,ES,Combined TRACON& Tower with Radar,113,19,13,1,146,0,2,8,0,10,113,21,21,1,156,0,0,0,156
09/03/2017,JAX,FL,ASO,ES,Combined TRACON& Tower with Radar,118,16,23,0,157,0,1,5,0,6,118,17,28,0,163,0,0,0,163
09/04/2017,JAX,FL,ASO,ES,Combined TRACON& Tower with Radar,149,28,27,0,204,0,2,9,0,11,149,30,36,0,215,0,0,0,215
09/05/2017,JAX,FL,ASO,ES,Combined TRACON& Tower with Radar,148,35,25,7,215,0,4,9,2,15,148,39,34,9,230,0,0,0,230
09/06/2017,JAX,FL,ASO,ES,Combined TRACON& Tower with Radar,159,27,38,28,252,0,0,11,0,11,159,27,49,28,263,0,0,0,263
09/07/2017,JAX,FL,ASO,ES,Combined TRACON& Tower with Radar,168,45,61,11,285,0,0,13,0,13,168,45,74,11,298,10,0,10,308
09/08/2017,JAX,FL,ASO,ES,Combined TRACON& Tower with Radar,164,64,64,5,297,0,0,7,0,7,164,64,71,5,304,0,0,0,304
09/09/2017,JAX,FL,ASO,ES,Combined TRACON& Tower with Radar,79,20,24,1,124,0,0,1,2,3,79,20,25,3,127,0,0,0,127
09/10/2017,JAX,FL,ASO,ES,Combined TRACON& Tower with Radar,0,0,0,0,0,0,0,0,0,0,0,0,0,0,0,0,0,0,0
09/11/2017,JAX,FL,ASO,ES,Combined TRACON& Tower with Radar,0,0,1,0,1,0,0,0,1,1,0,0,1,1,2,0,0,0,2
09/12/2017,JAX,FL,ASO,ES,Combined TRACON& Tower with Radar,74,27,42,2,145,0,1,14,2,17,74,28,56,4,162,0,0,0,162
09/13/2017,JAX,FL,ASO,ES,Combined TRACON& Tower with Radar,115,32,30,1,178,0,3,24,3,30,115,35,54,4,208,0,0,0,208
09/14/2017,JAX,FL,ASO,ES,Combined TRACON& Tower with Radar,132,29,27,26,214,0,1,13,3,17,132,30,40,29,231,0,0,0,231
09/15/2017,JAX,FL,ASO,ES,Combined TRACON& Tower with Radar,127,27,38,2,194,0,0,3,1,4,127,27,41,3,198,0,1,1,199
09/16/2017,JAX,FL,ASO,ES,Combined TRACON& Tower with Radar,107,26,24,0,157,0,0,12,0,12,107,26,36,0,169,0,0,0,169
09/17/2017,JAX,FL,ASO,ES,Combined TRACON& Tower with Radar,144,20,24,0,188,0,2,10,0,12,144,22,34,0,200,0,0,0,200
09/18/2017,JAX,FL,ASO,ES,Combined TRACON& Tower with Radar,158,34,30,12,234,0,2,12,0,14,158,36,42,12,248,0,0,0,248
09/19/2017,JAX,FL,ASO,ES,Combined TRACON& Tower with Radar,156,31,32,29,248,0,1,3,2,6,156,32,35,31,254,0,0,0,254
09/20/2017,JAX,FL,ASO,ES,Combined TRACON& Tower with Radar,165,40,38,14,257,0,3,14,5,22,165,43,52,19,279,0,5,5,284
09/21/2017,JAX,FL,ASO,ES,Combined TRACON& Tower with Radar,170,37,44,2,253,0,0,16,6,22,170,37,60,8,275,0,20,20,295
09/22/2017,JAX,FL,ASO,ES,Combined TRACON& Tower with Radar,168,31,31,20,250,0,2,14,2,18,168,33,45,22,268,2,6,8,276
09/23/2017,JAX,FL,ASO,ES,Combined TRACON& Tower with Radar,116,30,13,0,159,0,0,13,0,13,116,30,26,0,172,10,0,10,182
09/24/2017,JAX,FL,ASO,ES,Combined TRACON& Tower with Radar,153,26,26,2,207,0,2,2,1,5,153,28,28,3,212,0,0,0,212
09/25/2017,JAX,FL,ASO,ES,Combined TRACON& Tower with Radar,168,46,31,6,251,0,2,4,2,8,168,48,35,8,259,0,16,16,275
09/26/2017,JAX,FL,ASO,ES,Combined TRACON& Tower with Radar,161,33,30,25,249,0,3,8,4,15,161,36,38,29,264,0,32,32,296
09/27/2017,JAX,FL,ASO,ES,Combined TRACON& Tower with Radar,167,35,24,7,233,0,0,10,1,11,167,35,34,8,244,0,16,16,260
09/28/2017,JAX,FL,ASO,ES,Combined TRACON& Tower with Radar,167,40,32,20,259,0,3,14,3,20,167,43,46,23,279,0,0,0,279
09/29/2017,JAX,FL,ASO,ES,Combined TRACON& Tower with Radar,169,28,40,5,242,0,6,8,0,14,169,34,48,5,256,0,0,0,256
09/30/2017,JAX,FL,ASO,ES,Combined TRACON& Tower with Radar,116,30,12,0,158,0,0,0,0,0,116,30,12,0,158,0,0,0,158
10/01/2017,JAX,FL,ASO,ES,Combined TRACON& Tower with Radar,155,35,16,0,206,0,0,4,0,4,155,35,20,0,210,0,0,0,210
10/02/2017,JAX,FL,ASO,ES,Combined TRACON& Tower with Radar,161,37,39,7,244,0,2,10,1,13,161,39,49,8,257,0,2,2,259
10/03/2017,JAX,FL,ASO,ES,Combined TRACON& Tower with Radar,157,26,48,37,268,0,0,10,0,10,157,26,58,37,278,0,0,0,278
10/04/2017,JAX,FL,ASO,ES,Combined TRACON& Tower with Radar,163,43,55,13,274,0,0,1,3,4,163,43,56,16,278,0,26,26,304
10/05/2017,JAX,FL,ASO,ES,Combined TRACON& Tower with Radar,168,38,46,10,262,0,3,6,0,9,168,41,52,10,271,0,26,26,297
10/06/2017,JAX,FL,ASO,ES,Combined TRACON& Tower with Radar,162,41,32,2,237,0,0,3,0,3,162,41,35,2,240,6,0,6,246
10/07/2017,JAX,FL,ASO,ES,Combined TRACON& Tower with Radar,116,28,27,0,171,0,2,13,0,15,116,30,40,0,186,6,0,6,192
10/08/2017,JAX,FL,ASO,ES,Combined TRACON& Tower with Radar,151,26,27,1,205,0,0,8,1,9,151,26,35,2,214,28,11,39,253
10/09/2017,JAX,FL,ASO,ES,Combined TRACON& Tower with Radar,157,31,36,0,224,0,0,5,0,5,157,31,41,0,229,14,0,14,243
10/10/2017,JAX,FL,ASO,ES,Combined TRACON& Tower with Radar,157,33,26,14,230,0,0,5,2,7,157,33,31,16,237,0,2,2,239
10/11/2017,JAX,FL,ASO,ES,Combined TRACON& Tower with Radar,152,38,42,16,248,0,3,9,5,17,152,41,51,21,265,14,78,92,357
10/12/2017,JAX,FL,ASO,ES,Combined TRACON& Tower with Radar,166,52,30,5,253,0,2,17,2,21,166,54,47,7,274,10,20,30,304
10/13/2017,JAX,FL,ASO,ES,Combined TRACON& Tower with Radar,168,36,42,12,258,0,0,7,2,9,168,36,49,14,267,0,6,6,273
10/14/2017,JAX,FL,ASO,ES,Combined TRACON& Tower with Radar,120,29,25,8,182,0,0,7,0,7,120,29,32,8,189,0,0,0,189
10/15/2017,JAX,FL,ASO,ES,Combined TRACON& Tower with Radar,150,31,30,0,211,0,0,2,0,2,150,31,32,0,213,0,0,0,213
10/16/2017,JAX,FL,ASO,ES,Combined TRACON& Tower with Radar,167,31,34,10,242,0,0,9,1,10,167,31,43,11,252,0,0,0,252
10/17/2017,JAX,FL,ASO,ES,Combined TRACON& Tower with Radar,164,45,49,5,263,0,0,2,6,8,164,45,51,11,271,0,24,24,295
10/18/2017,JAX,FL,ASO,ES,Combined TRACON& Tower with Radar,157,36,44,6,243,0,1,6,0,7,157,37,50,6,250,4,28,32,282
10/19/2017,JAX,FL,ASO,ES,Combined TRACON& Tower with Radar,172,35,37,9,253,0,3,6,3,12,172,38,43,12,265,0,36,36,301
10/20/2017,JAX,FL,ASO,ES,Combined TRACON& Tower with Radar,165,53,42,14,274,0,6,8,1,15,165,59,50,15,289,0,4,4,293
10/21/2017,JAX,FL,ASO,ES,Combined TRACON& Tower with Radar,118,34,29,18,199,0,2,9,1,12,118,36,38,19,211,18,0,18,229
10/22/2017,JAX,FL,ASO,ES,Combined TRACON& Tower with Radar,154,33,23,0,210,0,0,9,0,9,154,33,32,0,219,8,0,8,227
10/23/2017,JAX,FL,ASO,ES,Combined TRACON& Tower with Radar,157,50,32,0,239,0,0,1,1,2,157,50,33,1,241,0,12,12,253
10/24/2017,JAX,FL,ASO,ES,Combined TRACON& Tower with Radar,154,43,26,8,231,0,2,7,2,11,154,45,33,10,242,0,20,20,262
10/25/2017,JAX,FL,ASO,ES,Combined TRACON& Tower with Radar,157,55,21,9,242,0,0,8,3,11,157,55,29,12,253,0,16,16,269
10/26/2017,JAX,FL,ASO,ES,Combined TRACON& Tower with Radar,165,45,28,9,247,0,1,11,2,14,165,46,39,11,261,0,0,0,261
10/27/2017,JAX,FL,ASO,ES,Combined TRACON& Tower with Radar,170,41,46,16,273,0,3,14,2,19,170,44,60,18,292,0,14,14,306
10/28/2017,JAX,FL,ASO,ES,Combined TRACON& Tower with Radar,123,41,47,16,227,0,0,11,0,11,123,41,58,16,238,0,0,0,238
10/29/2017,JAX,FL,ASO,ES,Combined TRACON& Tower with Radar,151,27,51,11,240,0,0,9,1,10,151,27,60,12,250,0,0,0,250
10/30/2017,JAX,FL,ASO,ES,Combined TRACON& Tower with Radar,155,34,46,33,268,0,8,13,2,23,155,42,59,35,291,0,82,82,373
10/31/2017,JAX,FL,ASO,ES,Combined TRACON& Tower with Radar,147,34,42,10,233,0,7,4,1,12,147,41,46,11,245,0,0,0,245
11/01/2017,JAX,FL,ASO,ES,Combined TRACON& Tower with Radar,162,35,33,11,241,0,2,14,0,16,162,37,47,11,257,0,0,0,257
11/02/2017,JAX,FL,ASO,ES,Combined TRACON& Tower with Radar,174,31,41,12,258,0,8,11,0,19,174,39,52,12,277,0,0,0,277
11/03/2017,JAX,FL,ASO,ES,Combined TRACON& Tower with Radar,173,45,23,21,262,0,1,10,1,12,173,46,33,22,274,0,0,0,274
11/04/2017,JAX,FL,ASO,ES,Combined TRACON& Tower with Radar,124,27,12,12,175,0,5,16,2,23,124,32,28,14,198,10,6,16,214
11/05/2017,JAX,FL,ASO,ES,Combined TRACON& Tower with Radar,155,43,33,2,233,0,0,8,3,11,155,43,41,5,244,0,0,0,244
11/06/2017,JAX,FL,ASO,ES,Combined TRACON& Tower with Radar,165,35,33,0,233,0,0,3,1,4,165,35,36,1,237,0,12,12,249
11/07/2017,JAX,FL,ASO,ES,Combined TRACON& Tower with Radar,160,30,54,16,260,0,2,6,2,10,160,32,60,18,270,0,26,26,296
11/08/2017,JAX,FL,ASO,ES,Combined TRACON& Tower with Radar,168,33,47,32,280,0,0,8,2,10,168,33,55,34,290,0,31,31,321
11/09/2017,JAX,FL,ASO,ES,Combined TRACON& Tower with Radar,171,52,33,17,273,0,3,5,0,8,171,55,38,17,281,0,12,12,293
11/10/2017,JAX,FL,ASO,ES,Combined TRACON& Tower with Radar,178,34,28,12,252,0,0,4,0,4,178,34,32,12,256,0,0,0,256
11/11/2017,JAX,FL,ASO,ES,Combined TRACON& Tower with Radar,128,17,16,0,161,0,2,2,0,4,128,19,18,0,165,0,0,0,165
11/12/2017,JAX,FL,ASO,ES,Combined TRACON& Tower with Radar,160,30,42,0,232,0,0,7,0,7,160,30,49,0,239,0,0,0,239
11/13/2017,JAX,FL,ASO,ES,Combined TRACON& Tower with Radar,160,42,34,11,247,0,0,3,1,4,160,42,37,12,251,0,0,0,251
11/14/2017,JAX,FL,ASO,ES,Combined TRACON& Tower with Radar,155,31,30,24,240,0,0,3,1,4,155,31,33,25,244,0,0,0,244
11/15/2017,JAX,FL,ASO,ES,Combined TRACON& Tower with Radar,169,43,38,11,261,0,0,3,1,4,169,43,41,12,265,0,0,0,265
11/16/2017,JAX,FL,ASO,ES,Combined TRACON& Tower with Radar,165,42,34,12,253,0,0,4,5,9,165,42,38,17,262,0,30,30,292
11/17/2017,JAX,FL,ASO,ES,Combined TRACON& Tower with Radar,183,33,37,46,299,0,4,6,2,12,183,37,43,48,311,22,18,40,351
11/18/2017,JAX,FL,ASO,ES,Combined TRACON& Tower with Radar,134,31,30,2,197,0,2,13,0,15,134,33,43,2,212,0,0,0,212
11/19/2017,JAX,FL,ASO,ES,Combined TRACON& Tower with Radar,150,29,35,3,217,0,1,5,1,7,150,30,40,4,224,0,0,0,224
11/20/2017,JAX,FL,ASO,ES,Combined TRACON& Tower with Radar,153,48,23,0,224,0,2,13,2,17,153,50,36,2,241,6,14,20,261
11/21/2017,JAX,FL,ASO,ES,Combined TRACON& Tower with Radar,170,46,26,7,249,0,3,0,3,6,170,49,26,10,255,0,28,28,283
11/22/2017,JAX,FL,ASO,ES,Combined TRACON& Tower with Radar,188,41,30,7,266,0,2,7,1,10,188,43,37,8,276,5,4,9,285
11/23/2017,JAX,FL,ASO,ES,Combined TRACON& Tower with Radar,95,16,9,0,120,0,0,0,0,0,95,16,9,0,120,0,0,0,120
11/24/2017,JAX,FL,ASO,ES,Combined TRACON& Tower with Radar,120,28,17,0,165,0,0,3,0,3,120,28,20,0,168,0,0,0,168
11/25/2017,JAX,FL,ASO,ES,Combined TRACON& Tower with Radar,162,22,25,0,209,0,4,7,0,11,162,26,32,0,220,0,0,0,220
11/26/2017,JAX,FL,ASO,ES,Combined TRACON& Tower with Radar,176,47,32,0,255,0,2,7,0,9,176,49,39,0,264,4,0,4,268
11/27/2017,JAX,FL,ASO,ES,Combined TRACON& Tower with Radar,173,53,36,7,269,0,8,8,1,17,173,61,44,8,286,12,21,33,319
11/28/2017,JAX,FL,ASO,ES,Combined TRACON& Tower with Radar,159,35,34,19,247,0,2,10,8,20,159,37,44,27,267,4,0,4,271
11/29/2017,JAX,FL,ASO,ES,Combined TRACON& Tower with Radar,165,33,55,20,273,0,0,14,1,15,165,33,69,21,288,0,0,0,288
11/30/2017,JAX,FL,ASO,ES,Combined TRACON& Tower with Radar,177,42,34,1,254,0,2,11,2,15,177,44,45,3,269,0,36,36,305
12/01/2017,JAX,FL,ASO,ES,Combined TRACON& Tower with Radar,170,28,32,22,252,0,1,21,8,30,170,29,53,30,282,4,31,35,317
12/02/2017,JAX,FL,ASO,ES,Combined TRACON& Tower with Radar,133,22,26,16,197,0,0,7,3,10,133,22,33,19,207,15,0,15,222
12/03/2017,JAX,FL,ASO,ES,Combined TRACON& Tower with Radar,158,26,26,2,212,0,0,1,1,2,158,26,27,3,214,2,0,2,216
12/04/2017,JAX,FL,ASO,ES,Combined TRACON& Tower with Radar,166,42,27,15,250,0,2,4,2,8,166,44,31,17,258,0,6,6,264
12/05/2017,JAX,FL,ASO,ES,Combined TRACON& Tower with Radar,161,42,30,18,251,0,1,6,2,9,161,43,36,20,260,0,0,0,260
12/06/2017,JAX,FL,ASO,ES,Combined TRACON& Tower with Radar,171,45,31,32,279,0,1,3,2,6,171,46,34,34,285,0,0,0,285
12/07/2017,JAX,FL,ASO,ES,Combined TRACON& Tower with Radar,172,37,38,28,275,0,0,0,0,0,172,37,38,28,275,0,10,10,285
12/08/2017,JAX,FL,ASO,ES,Combined TRACON& Tower with Radar,160,37,31,20,248,0,0,0,0,0,160,37,31,20,248,0,0,0,248
12/09/2017,JAX,FL,ASO,ES,Combined TRACON& Tower with Radar,113,26,14,0,153,0,0,1,0,1,113,26,15,0,154,0,0,0,154
12/10/2017,JAX,FL,ASO,ES,Combined TRACON& Tower with Radar,160,24,42,6,232,0,2,7,0,9,160,26,49,6,241,0,0,0,241
12/11/2017,JAX,FL,ASO,ES,Combined TRACON& Tower with Radar,162,37,43,15,257,0,2,9,2,13,162,39,52,17,270,14,46,60,330
12/12/2017,JAX,FL,ASO,ES,Combined TRACON& Tower with Radar,178,40,37,15,270,0,3,9,7,19,178,43,46,22,289,0,74,74,363
12/13/2017,JAX,FL,ASO,ES,Combined TRACON& Tower with Radar,176,47,44,13,280,0,2,12,1,15,176,49,56,14,295,14,12,26,321
12/14/2017,JAX,FL,ASO,ES,Combined TRACON& Tower with Radar,175,52,35,4,266,0,1,9,4,14,175,53,44,8,280,2,70,72,352
12/15/2017,JAX,FL,ASO,ES,Combined TRACON& Tower with Radar,170,42,36,7,255,0,0,7,2,9,170,42,43,9,264,0,0,0,264
12/16/2017,JAX,FL,ASO,ES,Combined TRACON& Tower with Radar,128,31,16,4,179,0,4,8,0,12,128,35,24,4,191,6,0,6,197
12/17/2017,JAX,FL,ASO,ES,Combined TRACON& Tower with Radar,139,27,13,0,179,0,1,3,0,4,139,28,16,0,183,0,0,0,183
12/18/2017,JAX,FL,ASO,ES,Combined TRACON& Tower with Radar,167,35,29,20,251,0,0,6,4,10,167,35,35,24,261,0,0,0,261
12/19/2017,JAX,FL,ASO,ES,Combined TRACON& Tower with Radar,172,42,32,19,265,0,0,3,5,8,172,42,35,24,273,0,20,20,293
12/20/2017,JAX,FL,ASO,ES,Combined TRACON& Tower with Radar,181,36,22,18,257,0,0,10,7,17,181,36,32,25,274,0,23,23,297
12/21/2017,JAX,FL,ASO,ES,Combined TRACON& Tower with Radar,175,41,26,11,253,0,0,3,0,3,175,41,29,11,256,0,0,0,256
12/22/2017,JAX,FL,ASO,ES,Combined TRACON& Tower with Radar,183,41,23,17,264,0,0,2,0,2,183,41,25,17,266,0,0,0,266
12/23/2017,JAX,FL,ASO,ES,Combined TRACON& Tower with Radar,156,27,15,0,198,0,0,5,0,5,156,27,20,0,203,0,0,0,203
12/24/2017,JAX,FL,ASO,ES,Combined TRACON& Tower with Radar,124,20,5,0,149,0,2,3,0,5,124,22,8,0,154,0,0,0,154
12/25/2017,JAX,FL,ASO,ES,Combined TRACON& Tower with Radar,126,26,6,0,158,0,1,4,0,5,126,27,10,0,163,0,0,0,163
12/26/2017,JAX,FL,ASO,ES,Combined TRACON& Tower with Radar,176,44,24,6,250,0,0,7,0,7,176,44,31,6,257,0,0,0,257
12/27/2017,JAX,FL,ASO,ES,Combined TRACON& Tower with Radar,172,40,23,0,235,0,0,1,0,1,172,40,24,0,236,0,0,0,236
12/28/2017,JAX,FL,ASO,ES,Combined TRACON& Tower with Radar,183,35,21,0,239,0,0,0,0,0,183,35,21,0,239,0,0,0,239
12/29/2017,JAX,FL,ASO,ES,Combined TRACON& Tower with Radar,179,40,15,2,236,0,0,0,0,0,179,40,15,2,236,0,0,0,236
12/30/2017,JAX,FL,ASO,ES,Combined TRACON& Tower with Radar,157,28,28,2,215,0,2,3,0,5,157,30,31,2,220,0,0,0,220
12/31/2017,JAX,FL,ASO,ES,Combined TRACON& Tower with Radar,132,32,13,2,179,0,2,3,0,5,132,34,16,2,184,0,0,0,184
01/01/2018,JAX,FL,ASO,ES,Combined TRACON& Tower with Radar,133,43,9,2,187,0,0,1,0,1,133,43,10,2,188,0,0,0,188
01/02/2018,JAX,FL,ASO,ES,Combined TRACON& Tower with Radar,170,51,26,2,249,0,0,3,0,3,170,51,29,2,252,0,0,0,252
01/03/2018,JAX,FL,ASO,ES,Combined TRACON& Tower with Radar,117,37,22,0,176,0,0,0,0,0,117,37,22,0,176,0,0,0,176
01/04/2018,JAX,FL,ASO,ES,Combined TRACON& Tower with Radar,129,46,29,3,207,0,4,5,2,11,129,50,34,5,218,0,0,0,218
01/05/2018,JAX,FL,ASO,ES,Combined TRACON& Tower with Radar,144,39,30,4,217,0,4,5,4,13,144,43,35,8,230,0,24,24,254
01/06/2018,JAX,FL,ASO,ES,Combined TRACON& Tower with Radar,123,28,30,16,197,0,1,10,1,12,123,29,40,17,209,0,4,4,213
01/07/2018,JAX,FL,ASO,ES,Combined TRACON& Tower with Radar,145,43,43,1,232,0,2,15,2,19,145,45,58,3,251,0,10,10,261
01/08/2018,JAX,FL,ASO,ES,Combined TRACON& Tower with Radar,153,39,27,12,231,0,0,4,3,7,153,39,31,15,238,0,28,28,266
01/09/2018,JAX,FL,ASO,ES,Combined TRACON& Tower with Radar,148,32,37,30,247,0,0,1,0,1,148,32,38,30,248,0,20,20,268
01/10/2018,JAX,FL,ASO,ES,Combined TRACON& Tower with Radar,162,38,28,17,245,0,0,0,1,1,162,38,28,18,246,0,0,0,246
01/11/2018,JAX,FL,ASO,ES,Combined TRACON& Tower with Radar,158,45,33,10,246,0,0,0,1,1,158,45,33,11,247,0,14,14,261
01/12/2018,JAX,FL,ASO,ES,Combined TRACON& Tower with Radar,148,53,42,9,252,0,2,4,2,8,148,55,46,11,260,0,0,0,260
01/13/2018,JAX,FL,ASO,ES,Combined TRACON& Tower with Radar,110,33,27,0,170,0,0,11,0,11,110,33,38,0,181,0,0,0,181
01/14/2018,JAX,FL,ASO,ES,Combined TRACON& Tower with Radar,141,38,26,0,205,0,2,9,0,11,141,40,35,0,216,0,0,0,216
01/15/2018,JAX,FL,ASO,ES,Combined TRACON& Tower with Radar,159,40,38,0,237,0,2,8,0,10,159,42,46,0,247,0,0,0,247
01/16/2018,JAX,FL,ASO,ES,Combined TRACON& Tower with Radar,137,42,42,20,241,0,4,13,2,19,137,46,55,22,260,0,0,0,260
01/17/2018,JAX,FL,ASO,ES,Combined TRACON& Tower with Radar,121,38,39,21,219,0,4,9,4,17,121,42,48,25,236,0,0,0,236
01/18/2018,JAX,FL,ASO,ES,Combined TRACON& Tower with Radar,157,58,27,21,263,0,12,15,1,28,157,70,42,22,291,0,14,14,305
01/19/2018,JAX,FL,ASO,ES,Combined TRACON& Tower with Radar,170,42,27,34,273,0,0,20,0,20,170,42,47,34,293,15,0,15,308
01/20/2018,JAX,FL,ASO,ES,Combined TRACON& Tower with Radar,117,23,24,1,165,0,0,15,1,16,117,23,39,2,181,20,24,44,225
01/21/2018,JAX,FL,ASO,ES,Combined TRACON& Tower with Radar,141,38,21,0,200,0,0,6,0,6,141,38,27,0,206,0,0,0,206
01/22/2018,JAX,FL,ASO,ES,Combined TRACON& Tower with Radar,159,55,32,10,256,0,7,8,1,16,159,62,40,11,272,0,6,6,278
01/23/2018,JAX,FL,ASO,ES,Combined TRACON& Tower with Radar,149,46,35,7,237,0,1,0,1,2,149,47,35,8,239,0,42,42,281
01/24/2018,JAX,FL,ASO,ES,Combined TRACON& Tower with Radar,156,41,42,10,249,0,6,12,3,21,156,47,54,13,270,0,0,0,270
01/25/2018,JAX,FL,ASO,ES,Combined TRACON& Tower with Radar,160,55,39,10,264,0,3,7,4,14,160,58,46,14,278,0,38,38,316
01/26/2018,JAX,FL,ASO,ES,Combined TRACON& Tower with Radar,169,50,33,11,263,0,8,13,4,25,169,58,46,15,288,6,20,26,314
01/27/2018,JAX,FL,ASO,ES,Combined TRACON& Tower with Radar,108,23,16,0,147,0,4,6,0,10,108,27,22,0,157,0,0,0,157
01/28/2018,JAX,FL,ASO,ES,Combined TRACON& Tower with Radar,139,33,26,0,198,0,2,6,0,8,139,35,32,0,206,0,0,0,206
01/29/2018,JAX,FL,ASO,ES,Combined TRACON& Tower with Radar,164,45,26,10,245,0,0,3,0,3,164,45,29,10,248,0,0,0,248
01/30/2018,JAX,FL,ASO,ES,Combined TRACON& Tower with Radar,150,38,37,11,236,0,7,13,6,26,150,45,50,17,262,0,0,0,262
01/31/2018,JAX,FL,ASO,ES,Combined TRACON& Tower with Radar,154,40,27,11,232,0,6,5,8,19,154,46,32,19,251,0,0,0,251
02/01/2018,JAX,FL,ASO,ES,Combined TRACON& Tower with Radar,160,47,33,24,264,0,2,10,4,16,160,49,43,28,280,18,74,92,372
02/02/2018,JAX,FL,ASO,ES,Combined TRACON& Tower with Radar,164,39,23,27,253,0,3,7,6,16,164,42,30,33,269,0,66,66,335
02/03/2018,JAX,FL,ASO,ES,Combined TRACON& Tower with Radar,112,29,19,17,177,0,2,9,0,11,112,31,28,17,188,0,0,0,188
02/04/2018,JAX,FL,ASO,ES,Combined TRACON& Tower with Radar,123,21,20,5,169,0,0,3,0,3,123,21,23,5,172,0,0,0,172
02/05/2018,JAX,FL,ASO,ES,Combined TRACON& Tower with Radar,159,37,39,19,254,0,4,6,3,13,159,41,45,22,267,0,18,18,285
02/06/2018,JAX,FL,ASO,ES,Combined TRACON& Tower with Radar,148,33,48,9,238,0,2,9,6,17,148,35,57,15,255,0,60,60,315
02/07/2018,JAX,FL,ASO,ES,Combined TRACON& Tower with Radar,147,29,56,28,260,0,0,6,2,8,147,29,62,30,268,0,0,0,268
02/08/2018,JAX,FL,ASO,ES,Combined TRACON& Tower with Radar,161,50,36,22,269,0,0,0,1,1,161,50,36,23,270,0,52,52,322
02/09/2018,JAX,FL,ASO,ES,Combined TRACON& Tower with Radar,161,44,34,30,269,0,0,3,0,3,161,44,37,30,272,0,0,0,272
02/10/2018,JAX,FL,ASO,ES,Combined TRACON& Tower with Radar,107,27,14,9,157,0,0,5,0,5,107,27,19,9,162,0,8,8,170
02/11/2018,JAX,FL,ASO,ES,Combined TRACON& Tower with Radar,138,34,10,9,191,0,0,2,0,2,138,34,12,9,193,0,0,0,193
02/12/2018,JAX,FL,ASO,ES,Combined TRACON& Tower with Radar,162,43,32,2,239,0,0,0,0,0,162,43,32,2,239,0,0,0,239
02/13/2018,JAX,FL,ASO,ES,Combined TRACON& Tower with Radar,153,34,43,1,231,0,0,0,0,0,153,34,43,1,231,0,0,0,231
02/14/2018,JAX,FL,ASO,ES,Combined TRACON& Tower with Radar,148,36,32,7,223,0,0,0,0,0,148,36,32,7,223,0,0,0,223
02/15/2018,JAX,FL,ASO,ES,Combined TRACON& Tower with Radar,168,48,45,13,274,0,6,8,3,17,168,54,53,16,291,0,8,8,299
02/16/2018,JAX,FL,ASO,ES,Combined TRACON& Tower with Radar,163,59,28,1,251,0,0,7,0,7,163,59,35,1,258,0,0,0,258
02/17/2018,JAX,FL,ASO,ES,Combined TRACON& Tower with Radar,123,28,21,2,174,0,2,6,0,8,123,30,27,2,182,0,0,0,182
02/18/2018,JAX,FL,ASO,ES,Combined TRACON& Tower with Radar,154,38,21,10,223,0,2,8,0,10,154,40,29,10,233,0,0,0,233
02/19/2018,JAX,FL,ASO,ES,Combined TRACON& Tower with Radar,155,50,41,6,252,0,0,4,0,4,155,50,45,6,256,0,0,0,256
02/20/2018,JAX,FL,ASO,ES,Combined TRACON& Tower with Radar,160,34,46,21,261,0,2,9,1,12,160,36,55,22,273,0,0,0,273
02/21/2018,JAX,FL,ASO,ES,Combined TRACON& Tower with Radar,162,43,54,29,288,0,8,2,2,12,162,51,56,31,300,8,26,34,334
02/22/2018,JAX,FL,ASO,ES,Combined TRACON& Tower with Radar,163,50,34,12,259,0,5,5,5,15,163,55,39,17,274,0,0,0,274
02/23/2018,JAX,FL,ASO,ES,Combined TRACON& Tower with Radar,163,40,32,39,274,0,4,5,3,12,163,44,37,42,286,0,22,22,308
02/24/2018,JAX,FL,ASO,ES,Combined TRACON& Tower with Radar,126,37,13,6,182,0,0,5,0,5,126,37,18,6,187,0,0,0,187
02/25/2018,JAX,FL,ASO,ES,Combined TRACON& Tower with Radar,151,35,28,0,214,0,0,2,0,2,151,35,30,0,216,0,0,0,216
02/26/2018,JAX,FL,ASO,ES,Combined TRACON& Tower with Radar,160,36,28,10,234,0,1,3,2,6,160,37,31,12,240,4,22,26,266
02/27/2018,JAX,FL,ASO,ES,Combined TRACON& Tower with Radar,156,43,35,38,272,0,0,3,1,4,156,43,38,39,276,0,0,0,276
02/28/2018,JAX,FL,ASO,ES,Combined TRACON& Tower with Radar,159,45,36,12,252,0,3,4,2,9,159,48,40,14,261,0,60,60,321
03/01/2018,JAX,FL,ASO,ES,Combined TRACON& Tower with Radar,162,34,48,13,257,0,0,1,5,6,162,34,49,18,263,0,14,14,277
03/02/2018,JAX,FL,ASO,ES,Combined TRACON& Tower with Radar,140,36,40,16,232,0,12,6,2,20,140,48,46,18,252,4,20,24,276
03/03/2018,JAX,FL,ASO,ES,Combined TRACON& Tower with Radar,125,35,26,2,188,0,3,5,2,10,125,38,31,4,198,0,0,0,198
03/04/2018,JAX,FL,ASO,ES,Combined TRACON& Tower with Radar,150,29,17,0,196,0,2,19,0,21,150,31,36,0,217,9,0,9,226
03/05/2018,JAX,FL,ASO,ES,Combined TRACON& Tower with Radar,159,50,35,8,252,0,8,7,10,25,159,58,42,18,277,0,94,94,371
03/06/2018,JAX,FL,ASO,ES,Combined TRACON& Tower with Radar,159,52,26,35,272,0,2,2,4,8,159,54,28,39,280,0,50,50,330
03/07/2018,JAX,FL,ASO,ES,Combined TRACON& Tower with Radar,138,44,26,11,219,0,8,5,5,18,138,52,31,16,237,8,26,34,271
03/08/2018,JAX,FL,ASO,ES,Combined TRACON& Tower with Radar,165,55,34,8,262,0,5,6,5,16,165,60,40,13,278,0,48,48,326
03/09/2018,JAX,FL,ASO,ES,Combined TRACON& Tower with Radar,165,43,40,13,261,0,4,7,4,15,165,47,47,17,276,4,49,53,329
03/10/2018,JAX,FL,ASO,ES,Combined TRACON& Tower with Radar,149,40,29,0,218,0,7,19,0,26,149,47,48,0,244,0,22,22,266
03/11/2018,JAX,FL,ASO,ES,Combined TRACON& Tower with Radar,159,41,31,9,240,0,4,6,1,11,159,45,37,10,251,0,28,28,279
03/12/2018,JAX,FL,ASO,ES,Combined TRACON& Tower with Radar,164,41,36,0,241,0,0,1,7,8,164,41,37,7,249,0,56,56,305
03/13/2018,JAX,FL,ASO,ES,Combined TRACON& Tower with Radar,152,42,33,21,248,0,6,16,9,31,152,48,49,30,279,0,104,104,383
03/14/2018,JAX,FL,ASO,ES,Combined TRACON& Tower with Radar,165,53,31,15,264,0,4,3,0,7,165,57,34,15,271,0,0,0,271
03/15/2018,JAX,FL,ASO,ES,Combined TRACON& Tower with Radar,167,50,37,23,277,0,5,7,1,13,167,55,44,24,290,0,28,28,318
03/16/2018,JAX,FL,ASO,ES,Combined TRACON& Tower with Radar,163,36,24,10,233,0,2,9,3,14,163,38,33,13,247,0,14,14,261
03/17/2018,JAX,FL,ASO,ES,Combined TRACON& Tower with Radar,147,28,18,0,193,0,2,4,0,6,147,30,22,0,199,0,0,0,199
03/18/2018,JAX,FL,ASO,ES,Combined TRACON& Tower with Radar,157,33,30,1,221,0,2,3,0,5,157,35,33,1,226,0,0,0,226
03/19/2018,JAX,FL,ASO,ES,Combined TRACON& Tower with Radar,160,59,20,11,250,0,0,0,0,0,160,59,20,11,250,0,0,0,250
03/20/2018,JAX,FL,ASO,ES,Combined TRACON& Tower with Radar,154,38,27,6,225,0,0,0,0,0,154,38,27,6,225,0,0,0,225
03/21/2018,JAX,FL,ASO,ES,Combined TRACON& Tower with Radar,134,38,35,26,233,0,7,9,3,19,134,45,44,29,252,0,8,8,260
03/22/2018,JAX,FL,ASO,ES,Combined TRACON& Tower with Radar,163,49,30,18,260,0,3,14,10,27,163,52,44,28,287,0,76,76,363
03/23/2018,JAX,FL,ASO,ES,Combined TRACON& Tower with Radar,162,45,35,23,265,0,2,12,4,18,162,47,47,27,283,22,34,56,339
03/24/2018,JAX,FL,ASO,ES,Combined TRACON& Tower with Radar,150,36,24,15,225,0,2,11,3,16,150,38,35,18,241,8,26,34,275
03/25/2018,JAX,FL,ASO,ES,Combined TRACON& Tower with Radar,160,31,38,1,230,0,0,8,1,9,160,31,46,2,239,10,0,10,249
03/26/2018,JAX,FL,ASO,ES,Combined TRACON& Tower with Radar,167,42,22,0,231,0,0,0,0,0,167,42,22,0,231,0,0,0,231
03/27/2018,JAX,FL,ASO,ES,Combined TRACON& Tower with Radar,162,44,19,28,253,0,6,1,12,19,162,50,20,40,272,0,190,190,462
03/28/2018,JAX,FL,ASO,ES,Combined TRACON& Tower with Radar,160,65,51,16,292,0,4,10,8,22,160,69,61,24,314,0,32,32,346
03/29/2018,JAX,FL,ASO,ES,Combined TRACON& Tower with Radar,171,59,38,19,287,0,3,9,5,17,171,62,47,24,304,0,40,40,344
03/30/2018,JAX,FL,ASO,ES,Combined TRACON& Tower with Radar,168,36,25,9,238,0,0,1,2,3,168,36,26,11,241,0,0,0,241
03/31/2018,JAX,FL,ASO,ES,Combined TRACON& Tower with Radar,145,29,18,0,192,0,1,7,0,8,145,30,25,0,200,0,0,0,200
04/01/2018,JAX,FL,ASO,ES,Combined TRACON& Tower with Radar,157,33,25,0,215,0,0,4,0,4,157,33,29,0,219,0,0,0,219
04/02/2018,JAX,FL,ASO,ES,Combined TRACON& Tower with Radar,154,49,31,6,240,0,0,5,2,7,154,49,36,8,247,0,0,0,247
04/03/2018,JAX,FL,ASO,ES,Combined TRACON& Tower with Radar,167,46,42,34,289,0,4,7,9,20,167,50,49,43,309,0,122,122,431
04/04/2018,JAX,FL,ASO,ES,Combined TRACON& Tower with Radar,171,43,44,7,265,0,0,7,6,13,171,43,51,13,278,34,14,48,326
04/05/2018,JAX,FL,ASO,ES,Combined TRACON& Tower with Radar,169,37,32,6,244,0,9,10,2,21,169,46,42,8,265,0,0,0,265
04/06/2018,JAX,FL,ASO,ES,Combined TRACON& Tower with Radar,173,47,39,13,272,0,4,9,1,14,173,51,48,14,286,0,24,24,310
04/07/2018,JAX,FL,ASO,ES,Combined TRACON& Tower with Radar,157,36,21,2,216,0,0,4,0,4,157,36,25,2,220,0,0,0,220
04/08/2018,JAX,FL,ASO,ES,Combined TRACON& Tower with Radar,174,43,24,1,242,0,0,2,0,2,174,43,26,1,244,0,0,0,244
04/09/2018,JAX,FL,ASO,ES,Combined TRACON& Tower with Radar,181,51,32,3,267,0,0,0,1,1,181,51,32,4,268,0,4,4,272
04/10/2018,JAX,FL,ASO,ES,Combined TRACON& Tower with Radar,189,45,30,1,265,0,0,0,0,0,189,45,30,1,265,0,0,0,265
04/11/2018,JAX,FL,ASO,ES,Combined TRACON& Tower with Radar,191,47,30,7,275,0,7,9,7,23,191,54,39,14,298,6,0,6,304
04/12/2018,JAX,FL,ASO,ES,Combined TRACON& Tower with Radar,193,52,49,15,309,0,8,1,13,22,193,60,50,28,331,0,94,94,425
04/13/2018,JAX,FL,ASO,ES,Combined TRACON& Tower with Radar,190,60,27,22,299,0,7,14,3,24,190,67,41,25,323,6,26,32,355
04/14/2018,JAX,FL,ASO,ES,Combined TRACON& Tower with Radar,158,27,21,11,217,0,3,15,1,19,158,30,36,12,236,0,0,0,236
04/15/2018,JAX,FL,ASO,ES,Combined TRACON& Tower with Radar,179,29,17,2,227,0,0,2,0,2,179,29,19,2,229,0,0,0,229
04/16/2018,JAX,FL,ASO,ES,Combined TRACON& Tower with Radar,173,43,27,14,257,0,6,9,4,19,173,49,36,18,276,0,0,0,276
04/17/2018,JAX,FL,ASO,ES,Combined TRACON& Tower with Radar,184,48,29,16,277,0,2,4,3,9,184,50,33,19,286,0,0,0,286
04/18/2018,JAX,FL,ASO,ES,Combined TRACON& Tower with Radar,188,40,35,36,299,0,2,5,4,11,188,42,40,40,310,0,18,18,328
04/19/2018,JAX,FL,ASO,ES,Combined TRACON& Tower with Radar,193,42,25,14,274,0,2,7,9,18,193,44,32,23,292,2,84,86,378
04/20/2018,JAX,FL,ASO,ES,Combined TRACON& Tower with Radar,183,49,38,15,285,0,2,2,0,4,183,51,40,15,289,0,0,0,289
04/21/2018,JAX,FL,ASO,ES,Combined TRACON& Tower with Radar,154,41,11,0,206,0,1,0,0,1,154,42,11,0,207,0,0,0,207
04/22/2018,JAX,FL,ASO,ES,Combined TRACON& Tower with Radar,179,30,35,1,245,0,0,6,0,6,179,30,41,1,251,0,0,0,251
04/23/2018,JAX,FL,ASO,ES,Combined TRACON& Tower with Radar,179,41,26,10,256,0,0,0,1,1,179,41,26,11,257,0,10,10,267
04/24/2018,JAX,FL,ASO,ES,Combined TRACON& Tower with Radar,189,55,51,23,318,0,6,14,7,27,189,61,65,30,345,10,25,35,380
04/25/2018,JAX,FL,ASO,ES,Combined TRACON& Tower with Radar,179,41,38,13,271,0,3,7,3,13,179,44,45,16,284,0,14,14,298
04/26/2018,JAX,FL,ASO,ES,Combined TRACON& Tower with Radar,197,53,39,23,312,0,10,12,4,26,197,63,51,27,338,8,8,16,354
04/27/2018,JAX,FL,ASO,ES,Combined TRACON& Tower with Radar,183,41,40,13,277,0,5,17,1,23,183,46,57,14,300,0,0,0,300
04/28/2018,JAX,FL,ASO,ES,Combined TRACON& Tower with Radar,158,26,13,6,203,0,5,0,2,7,158,31,13,8,210,0,0,0,210
04/29/2018,JAX,FL,ASO,ES,Combined TRACON& Tower with Radar,183,36,31,0,250,0,3,11,0,14,183,39,42,0,264,0,0,0,264
04/30/2018,JAX,FL,ASO,ES,Combined TRACON& Tower with Radar,181,42,30,16,269,0,3,5,2,10,181,45,35,18,279,0,0,0,279
05/01/2018,JAX,FL,ASO,ES,Combined TRACON& Tower with Radar,183,51,33,9,276,0,4,8,3,15,183,55,41,12,291,0,0,0,291
05/02/2018,JAX,FL,ASO,ES,Combined TRACON& Tower with Radar,182,42,42,12,278,0,3,14,2,19,182,45,56,14,297,0,8,8,305
05/03/2018,JAX,FL,ASO,ES,Combined TRACON& Tower with Radar,194,64,43,21,322,0,0,11,6,17,194,64,54,27,339,0,44,44,383
05/04/2018,JAX,FL,ASO,ES,Combined TRACON& Tower with Radar,186,40,21,16,263,0,7,15,2,24,186,47,36,18,287,0,4,4,291
05/05/2018,JAX,FL,ASO,ES,Combined TRACON& Tower with Radar,161,19,18,0,198,0,3,8,1,12,161,22,26,1,210,14,0,14,224
05/06/2018,JAX,FL,ASO,ES,Combined TRACON& Tower with Radar,188,39,36,0,263,0,0,10,3,13,188,39,46,3,276,0,0,0,276
05/07/2018,JAX,FL,ASO,ES,Combined TRACON& Tower with Radar,182,53,23,0,258,0,4,8,1,13,182,57,31,1,271,0,18,18,289
05/08/2018,JAX,FL,ASO,ES,Combined TRACON& Tower with Radar,179,50,24,16,269,0,7,12,8,27,179,57,36,24,296,2,58,60,356
05/09/2018,JAX,FL,ASO,ES,Combined TRACON& Tower with Radar,182,60,44,2,288,0,5,2,1,8,182,65,46,3,296,0,18,18,314
05/10/2018,JAX,FL,ASO,ES,Combined TRACON& Tower with Radar,188,57,24,11,280,0,4,17,4,25,188,61,41,15,305,0,22,22,327
05/11/2018,JAX,FL,ASO,ES,Combined TRACON& Tower with Radar,194,47,44,13,298,0,4,7,5,16,194,51,51,18,314,0,0,0,314
05/12/2018,JAX,FL,ASO,ES,Combined TRACON& Tower with Radar,159,28,15,0,202,0,0,18,0,18,159,28,33,0,220,0,0,0,220
05/13/2018,JAX,FL,ASO,ES,Combined TRACON& Tower with Radar,182,39,18,1,240,0,0,4,0,4,182,39,22,1,244,0,0,0,244
05/14/2018,JAX,FL,ASO,ES,Combined TRACON& Tower with Radar,178,46,33,6,263,0,0,0,0,0,178,46,33,6,263,0,0,0,263
05/15/2018,JAX,FL,ASO,ES,Combined TRACON& Tower with Radar,161,40,28,18,247,0,0,2,0,2,161,40,30,18,249,0,0,0,249
05/16/2018,JAX,FL,ASO,ES,Combined TRACON& Tower with Radar,180,37,31,17,265,0,1,10,0,11,180,38,41,17,276,0,0,0,276
05/17/2018,JAX,FL,ASO,ES,Combined TRACON& Tower with Radar,191,43,54,14,302,0,0,2,1,3,191,43,56,15,305,12,28,40,345
05/18/2018,JAX,FL,ASO,ES,Combined TRACON& Tower with Radar,188,51,38,8,285,0,0,4,0,4,188,51,42,8,289,0,0,0,289
05/19/2018,JAX,FL,ASO,ES,Combined TRACON& Tower with Radar,158,27,26,0,211,0,0,2,0,2,158,27,28,0,213,0,0,0,213
05/20/2018,JAX,FL,ASO,ES,Combined TRACON& Tower with Radar,171,37,19,1,228,0,2,0,0,2,171,39,19,1,230,0,0,0,230
05/21/2018,JAX,FL,ASO,ES,Combined TRACON& Tower with Radar,189,45,27,0,261,0,0,3,0,3,189,45,30,0,264,2,0,2,266
05/22/2018,JAX,FL,ASO,ES,Combined TRACON& Tower with Radar,183,46,32,10,271,0,5,5,1,11,183,51,37,11,282,0,0,0,282
05/23/2018,JAX,FL,ASO,ES,Combined TRACON& Tower with Radar,196,38,46,25,305,0,2,6,5,13,196,40,52,30,318,0,34,34,352
05/24/2018,JAX,FL,ASO,ES,Combined TRACON& Tower with Radar,193,50,30,48,321,0,4,9,2,15,193,54,39,50,336,0,12,12,348
05/25/2018,JAX,FL,ASO,ES,Combined TRACON& Tower with Radar,187,32,47,3,269,0,0,8,0,8,187,32,55,3,277,0,0,0,277
05/26/2018,JAX,FL,ASO,ES,Combined TRACON& Tower with Radar,155,43,39,0,237,0,0,11,0,11,155,43,50,0,248,0,0,0,248
05/27/2018,JAX,FL,ASO,ES,Combined TRACON& Tower with Radar,143,33,14,0,190,0,0,2,0,2,143,33,16,0,192,0,0,0,192
05/28/2018,JAX,FL,ASO,ES,Combined TRACON& Tower with Radar,182,38,32,1,253,0,0,4,1,5,182,38,36,2,258,0,16,16,274
05/29/2018,JAX,FL,ASO,ES,Combined TRACON& Tower with Radar,172,47,23,7,249,0,0,1,0,1,172,47,24,7,250,0,0,0,250
05/30/2018,JAX,FL,ASO,ES,Combined TRACON& Tower with Radar,195,34,40,9,278,0,0,1,2,3,195,34,41,11,281,0,0,0,281
05/31/2018,JAX,FL,ASO,ES,Combined TRACON& Tower with Radar,181,49,30,30,290,0,1,4,1,6,181,50,34,31,296,0,0,0,296
06/01/2018,JAX,FL,ASO,ES,Combined TRACON& Tower with Radar,185,38,44,24,291,0,0,13,4,17,185,38,57,28,308,0,0,0,308
06/02/2018,JAX,FL,ASO,ES,Combined TRACON& Tower with Radar,165,30,13,5,213,0,1,9,1,11,165,31,22,6,224,0,0,0,224
06/03/2018,JAX,FL,ASO,ES,Combined TRACON& Tower with Radar,179,29,15,6,229,0,1,10,3,14,179,30,25,9,243,6,0,6,249
06/04/2018,JAX,FL,ASO,ES,Combined TRACON& Tower with Radar,184,36,23,1,244,0,0,12,2,14,184,36,35,3,258,0,0,0,258
06/05/2018,JAX,FL,ASO,ES,Combined TRACON& Tower with Radar,178,51,45,19,293,0,6,8,3,17,178,57,53,22,310,22,22,44,354
06/06/2018,JAX,FL,ASO,ES,Combined TRACON& Tower with Radar,191,36,32,51,310,0,6,3,5,14,191,42,35,56,324,0,0,0,324
06/07/2018,JAX,FL,ASO,ES,Combined TRACON& Tower with Radar,185,45,38,25,293,0,0,14,2,16,185,45,52,27,309,0,0,0,309
06/08/2018,JAX,FL,ASO,ES,Combined TRACON& Tower with Radar,191,59,36,3,289,0,0,15,0,15,191,59,51,3,304,0,0,0,304
06/09/2018,JAX,FL,ASO,ES,Combined TRACON& Tower with Radar,165,30,15,26,236,0,2,10,4,16,165,32,25,30,252,0,0,0,252
06/10/2018,JAX,FL,ASO,ES,Combined TRACON& Tower with Radar,173,41,26,5,245,0,1,4,0,5,173,42,30,5,250,0,6,6,256
06/11/2018,JAX,FL,ASO,ES,Combined TRACON& Tower with Radar,186,46,42,38,312,0,4,2,3,9,186,50,44,41,321,20,0,20,341
06/12/2018,JAX,FL,ASO,ES,Combined TRACON& Tower with Radar,184,49,40,23,296,0,1,2,6,9,184,50,42,29,305,0,14,14,319
06/13/2018,JAX,FL,ASO,ES,Combined TRACON& Tower with Radar,184,48,34,6,272,0,2,5,1,8,184,50,39,7,280,0,0,0,280
06/14/2018,JAX,FL,ASO,ES,Combined TRACON& Tower with Radar,193,50,37,28,308,0,1,6,7,14,193,51,43,35,322,18,16,34,356
06/15/2018,JAX,FL,ASO,ES,Combined TRACON& Tower with Radar,187,45,40,17,289,0,4,9,0,13,187,49,49,17,302,0,0,0,302
06/16/2018,JAX,FL,ASO,ES,Combined TRACON& Tower with Radar,155,30,17,0,202,0,0,5,0,5,155,30,22,0,207,0,0,0,207
06/17/2018,JAX,FL,ASO,ES,Combined TRACON& Tower with Radar,171,42,15,2,230,0,0,3,0,3,171,42,18,2,233,10,0,10,243
06/18/2018,JAX,FL,ASO,ES,Combined TRACON& Tower with Radar,178,47,37,9,271,0,6,8,2,16,178,53,45,11,287,49,0,49,336
06/19/2018,JAX,FL,ASO,ES,Combined TRACON& Tower with Radar,167,47,33,7,254,0,0,6,4,10,167,47,39,11,264,0,0,0,264
06/20/2018,JAX,FL,ASO,ES,Combined TRACON& Tower with Radar,186,50,51,10,297,0,0,10,1,11,186,50,61,11,308,20,8,28,336
06/21/2018,JAX,FL,ASO,ES,Combined TRACON& Tower with Radar,191,50,37,6,284,0,0,5,5,10,191,50,42,11,294,0,0,0,294
06/22/2018,JAX,FL,ASO,ES,Combined TRACON& Tower with Radar,187,46,31,11,275,0,1,5,0,6,187,47,36,11,281,0,0,0,281
06/23/2018,JAX,FL,ASO,ES,Combined TRACON& Tower with Radar,162,27,15,0,204,0,0,9,0,9,162,27,24,0,213,0,0,0,213
06/24/2018,JAX,FL,ASO,ES,Combined TRACON& Tower with Radar,187,38,25,0,250,0,4,6,0,10,187,42,31,0,260,0,0,0,260
06/25/2018,JAX,FL,ASO,ES,Combined TRACON& Tower with Radar,211,49,34,26,320,0,1,15,7,23,211,50,49,33,343,4,32,36,379
06/26/2018,JAX,FL,ASO,ES,Combined TRACON& Tower with Radar,175,51,29,29,284,0,2,7,3,12,175,53,36,32,296,6,48,54,350
06/27/2018,JAX,FL,ASO,ES,Combined TRACON& Tower with Radar,182,52,25,20,279,0,0,8,5,13,182,52,33,25,292,0,0,0,292
06/28/2018,JAX,FL,ASO,ES,Combined TRACON& Tower with Radar,179,54,29,9,271,0,1,1,1,3,179,55,30,10,274,0,4,4,278
06/29/2018,JAX,FL,ASO,ES,Combined TRACON& Tower with Radar,196,55,24,12,287,0,1,3,0,4,196,56,27,12,291,0,0,0,291
06/30/2018,JAX,FL,ASO,ES,Combined TRACON& Tower with Radar,173,38,18,1,230,0,0,8,2,10,173,38,26,3,240,0,20,20,260
07/01/2018,JAX,FL,ASO,ES,Combined TRACON& Tower with Radar,172,49,13,2,236,0,4,5,0,9,172,53,18,2,245,0,0,0,245
07/02/2018,JAX,FL,ASO,ES,Combined TRACON& Tower with Radar,173,49,33,1,256,0,3,9,1,13,173,52,42,2,269,4,0,4,273
07/03/2018,JAX,FL,ASO,ES,Combined TRACON& Tower with Radar,154,39,23,5,221,0,3,8,2,13,154,42,31,7,234,0,0,0,234
07/04/2018,JAX,FL,ASO,ES,Combined TRACON& Tower with Radar,147,26,8,0,181,0,1,5,0,6,147,27,13,0,187,0,0,0,187
07/05/2018,JAX,FL,ASO,ES,Combined TRACON& Tower with Radar,178,39,20,0,237,0,2,7,1,10,178,41,27,1,247,0,0,0,247
07/06/2018,JAX,FL,ASO,ES,Combined TRACON& Tower with Radar,179,45,29,4,257,0,1,3,0,4,179,46,32,4,261,6,0,6,267
07/07/2018,JAX,FL,ASO,ES,Combined TRACON& Tower with Radar,170,35,18,0,223,0,0,9,0,9,170,35,27,0,232,0,0,0,232
07/08/2018,JAX,FL,ASO,ES,Combined TRACON& Tower with Radar,183,40,25,0,248,0,0,5,0,5,183,40,30,0,253,0,0,0,253
07/09/2018,JAX,FL,ASO,ES,Combined TRACON& Tower with Radar,194,55,26,14,289,0,8,12,1,21,194,63,38,15,310,0,2,2,312
07/10/2018,JAX,FL,ASO,ES,Combined TRACON& Tower with Radar,186,59,28,26,299,0,4,25,3,32,186,63,53,29,331,10,26,36,367
07/11/2018,JAX,FL,ASO,ES,Combined TRACON& Tower with Radar,193,46,24,10,273,0,8,13,0,21,193,54,37,10,294,2,0,2,296
07/12/2018,JAX,FL,ASO,ES,Combined TRACON& Tower with Radar,185,55,22,16,278,0,8,5,5,18,185,63,27,21,296,2,108,110,406
07/13/2018,JAX,FL,ASO,ES,Combined TRACON& Tower with Radar,202,39,32,28,301,0,2,12,6,20,202,41,44,34,321,40,60,100,421
07/14/2018,JAX,FL,ASO,ES,Combined TRACON& Tower with Radar,169,26,18,1,214,0,0,8,0,8,169,26,26,1,222,0,0,0,222
07/15/2018,JAX,FL,ASO,ES,Combined TRACON& Tower with Radar,174,42,12,0,228,0,0,9,0,9,174,42,21,0,237,4,0,4,241
07/16/2018,JAX,FL,ASO,ES,Combined TRACON& Tower with Radar,189,40,30,4,263,0,1,8,0,9,189,41,38,4,272,0,0,0,272
07/17/2018,JAX,FL,ASO,ES,Combined TRACON& Tower with Radar,181,36,19,10,246,0,5,7,1,13,181,41,26,11,259,7,22,29,288
07/18/2018,JAX,FL,ASO,ES,Combined TRACON& Tower with Radar,201,46,34,0,281,0,3,8,2,13,201,49,42,2,294,16,18,34,328
07/19/2018,JAX,FL,ASO,ES,Combined TRACON& Tower with Radar,199,43,36,14,292,0,2,5,0,7,199,45,41,14,299,0,0,0,299
07/20/2018,JAX,FL,ASO,ES,Combined TRACON& Tower with Radar,197,35,34,4,270,0,0,0,3,3,197,35,34,7,273,0,52,52,325
07/21/2018,JAX,FL,ASO,ES,Combined TRACON& Tower with Radar,166,27,27,0,220,0,0,4,0,4,166,27,31,0,224,0,0,0,224
07/22/2018,JAX,FL,ASO,ES,Combined TRACON& Tower with Radar,213,41,26,1,281,0,0,2,1,3,213,41,28,2,284,0,0,0,284
07/23/2018,JAX,FL,ASO,ES,Combined TRACON& Tower with Radar,194,44,37,14,289,0,0,6,1,7,194,44,43,15,296,0,0,0,296
07/24/2018,JAX,FL,ASO,ES,Combined TRACON& Tower with Radar,180,46,38,13,277,0,1,7,3,11,180,47,45,16,288,0,0,0,288
07/25/2018,JAX,FL,ASO,ES,Combined TRACON& Tower with Radar,191,47,42,8,288,0,1,5,3,9,191,48,47,11,297,0,8,8,305
07/26/2018,JAX,FL,ASO,ES,Combined TRACON& Tower with Radar,197,65,38,10,310,0,0,6,0,6,197,65,44,10,316,0,0,0,316
07/27/2018,JAX,FL,ASO,ES,Combined TRACON& Tower with Radar,183,40,24,12,259,0,3,3,4,10,183,43,27,16,269,0,0,0,269
07/28/2018,JAX,FL,ASO,ES,Combined TRACON& Tower with Radar,178,28,15,5,226,0,1,5,1,7,178,29,20,6,233,0,0,0,233
07/29/2018,JAX,FL,ASO,ES,Combined TRACON& Tower with Radar,181,37,16,0,234,0,0,2,0,2,181,37,18,0,236,0,0,0,236
07/30/2018,JAX,FL,ASO,ES,Combined TRACON& Tower with Radar,197,52,27,8,284,0,1,3,3,7,197,53,30,11,291,0,28,28,319
07/31/2018,JAX,FL,ASO,ES,Combined TRACON& Tower with Radar,178,41,18,10,247,0,0,4,1,5,178,41,22,11,252,12,6,18,270
08/01/2018,JAX,FL,ASO,ES,Combined TRACON& Tower with Radar,191,49,27,13,280,0,2,8,5,15,191,51,35,18,295,0,16,16,311
08/02/2018,JAX,FL,ASO,ES,Combined TRACON& Tower with Radar,188,41,38,8,275,0,0,2,2,4,188,41,40,10,279,0,16,16,295
08/03/2018,JAX,FL,ASO,ES,Combined TRACON& Tower with Radar,178,47,22,23,270,0,1,2,2,5,178,48,24,25,275,2,12,14,289
08/04/2018,JAX,FL,ASO,ES,Combined TRACON& Tower with Radar,163,27,6,6,202,0,0,14,2,16,163,27,20,8,218,0,14,14,232
08/05/2018,JAX,FL,ASO,ES,Combined TRACON& Tower with Radar,187,36,11,1,235,0,3,3,0,6,187,39,14,1,241,0,0,0,241
08/06/2018,JAX,FL,ASO,ES,Combined TRACON& Tower with Radar,189,42,24,10,265,0,4,2,0,6,189,46,26,10,271,0,0,0,271
08/07/2018,JAX,FL,ASO,ES,Combined TRACON& Tower with Radar,186,51,25,12,274,0,10,3,4,17,186,61,28,16,291,0,46,46,337
08/08/2018,JAX,FL,ASO,ES,Combined TRACON& Tower with Radar,178,36,35,19,268,0,4,10,2,16,178,40,45,21,284,32,18,50,334
08/09/2018,JAX,FL,ASO,ES,Combined TRACON& Tower with Radar,191,50,37,15,293,0,0,11,7,18,191,50,48,22,311,14,30,44,355
08/10/2018,JAX,FL,ASO,ES,Combined TRACON& Tower with Radar,203,34,17,7,261,0,2,11,1,14,203,36,28,8,275,32,18,50,325
08/11/2018,JAX,FL,ASO,ES,Combined TRACON& Tower with Radar,144,33,14,0,191,0,5,3,0,8,144,38,17,0,199,22,0,22,221
08/12/2018,JAX,FL,ASO,ES,Combined TRACON& Tower with Radar,174,33,14,2,223,0,0,6,0,6,174,33,20,2,229,22,0,22,251
08/13/2018,JAX,FL,ASO,ES,Combined TRACON& Tower with Radar,184,33,24,9,250,0,0,4,0,4,184,33,28,9,254,2,0,2,256
08/14/2018,JAX,FL,ASO,ES,Combined TRACON& Tower with Radar,198,43,27,17,285,0,0,12,2,14,198,43,39,19,299,0,40,40,339
08/15/2018,JAX,FL,ASO,ES,Combined TRACON& Tower with Radar,190,45,52,4,291,0,2,2,3,7,190,47,54,7,298,0,8,8,306
08/16/2018,JAX,FL,ASO,ES,Combined TRACON& Tower with Radar,197,51,32,13,293,0,5,5,1,11,197,56,37,14,304,0,0,0,304
08/17/2018,JAX,FL,ASO,ES,Combined TRACON& Tower with Radar,192,43,27,14,276,0,0,7,2,9,192,43,34,16,285,0,0,0,285
08/18/2018,JAX,FL,ASO,ES,Combined TRACON& Tower with Radar,164,27,22,0,213,0,1,5,0,6,164,28,27,0,219,2,0,2,221
08/19/2018,JAX,FL,ASO,ES,Combined TRACON& Tower with Radar,208,37,16,3,264,0,0,6,3,9,208,37,22,6,273,0,0,0,273
08/20/2018,JAX,FL,ASO,ES,Combined TRACON& Tower with Radar,196,42,32,7,277,0,0,3,1,4,196,42,35,8,281,8,0,8,289
08/21/2018,JAX,FL,ASO,ES,Combined TRACON& Tower with Radar,193,50,35,7,285,0,0,4,1,5,193,50,39,8,290,0,5,5,295
08/22/2018,JAX,FL,ASO,ES,Combined TRACON& Tower with Radar,190,45,37,14,286,0,2,8,0,10,190,47,45,14,296,0,0,0,296
08/23/2018,JAX,FL,ASO,ES,Combined TRACON& Tower with Radar,198,50,30,24,302,0,5,5,4,14,198,55,35,28,316,14,4,18,334
08/24/2018,JAX,FL,ASO,ES,Combined TRACON& Tower with Radar,200,45,22,5,272,0,0,3,1,4,200,45,25,6,276,0,0,0,276
08/25/2018,JAX,FL,ASO,ES,Combined TRACON& Tower with Radar,152,28,14,0,194,0,0,2,0,2,152,28,16,0,196,0,0,0,196
08/26/2018,JAX,FL,ASO,ES,Combined TRACON& Tower with Radar,182,45,17,4,248,0,3,5,0,8,182,48,22,4,256,8,0,8,264
08/27/2018,JAX,FL,ASO,ES,Combined TRACON& Tower with Radar,185,40,34,10,269,0,1,5,1,7,185,41,39,11,276,10,16,26,302
08/28/2018,JAX,FL,ASO,ES,Combined TRACON& Tower with Radar,193,46,32,11,282,0,0,7,3,10,193,46,39,14,292,0,20,20,312
08/29/2018,JAX,FL,ASO,ES,Combined TRACON& Tower with Radar,187,48,27,8,270,0,4,4,1,9,187,52,31,9,279,0,0,0,279
08/30/2018,JAX,FL,ASO,ES,Combined TRACON& Tower with Radar,197,42,40,10,289,0,4,10,3,17,197,46,50,13,306,6,34,40,346
08/31/2018,JAX,FL,ASO,ES,Combined TRACON& Tower with Radar,193,40,38,11,282,0,0,5,0,5,193,40,43,11,287,0,0,0,287
09/01/2018,JAX,FL,ASO,ES,Combined TRACON& Tower with Radar,142,22,16,0,180,0,2,9,2,13,142,24,25,2,193,8,0,8,201
09/02/2018,JAX,FL,ASO,ES,Combined TRACON& Tower with Radar,137,21,18,0,176,0,0,0,0,0,137,21,18,0,176,0,0,0,176
09/03/2018,JAX,FL,ASO,ES,Combined TRACON& Tower with Radar,175,35,35,0,245,0,0,3,0,3,175,35,38,0,248,0,0,0,248
09/04/2018,JAX,FL,ASO,ES,Combined TRACON& Tower with Radar,184,49,32,8,273,0,2,5,7,14,184,51,37,15,287,0,16,16,303
09/05/2018,JAX,FL,ASO,ES,Combined TRACON& Tower with Radar,182,55,43,23,303,0,7,5,3,15,182,62,48,26,318,14,38,52,370
09/06/2018,JAX,FL,ASO,ES,Combined TRACON& Tower with Radar,182,50,36,0,268,0,0,8,0,8,182,50,44,0,276,0,0,0,276
09/07/2018,JAX,FL,ASO,ES,Combined TRACON& Tower with Radar,179,41,22,15,257,0,6,5,0,11,179,47,27,15,268,0,20,20,288
09/08/2018,JAX,FL,ASO,ES,Combined TRACON& Tower with Radar,151,29,26,8,214,0,8,3,1,12,151,37,29,9,226,0,0,0,226
09/09/2018,JAX,FL,ASO,ES,Combined TRACON& Tower with Radar,177,42,10,0,229,0,0,8,0,8,177,42,18,0,237,0,6,6,243
09/10/2018,JAX,FL,ASO,ES,Combined TRACON& Tower with Radar,195,41,25,0,261,0,0,6,0,6,195,41,31,0,267,0,0,0,267
09/11/2018,JAX,FL,ASO,ES,Combined TRACON& Tower with Radar,183,46,39,30,298,0,2,2,1,5,183,48,41,31,303,0,16,16,319
09/12/2018,JAX,FL,ASO,ES,Combined TRACON& Tower with Radar,188,50,31,13,282,0,6,4,0,10,188,56,35,13,292,0,10,10,302
09/13/2018,JAX,FL,ASO,ES,Combined TRACON& Tower with Radar,192,47,36,13,288,0,4,6,2,12,192,51,42,15,300,6,8,14,314
09/14/2018,JAX,FL,ASO,ES,Combined TRACON& Tower with Radar,194,44,21,5,264,0,7,12,1,20,194,51,33,6,284,0,4,4,288
09/15/2018,JAX,FL,ASO,ES,Combined TRACON& Tower with Radar,144,31,16,0,191,0,4,12,0,16,144,35,28,0,207,0,0,0,207
09/16/2018,JAX,FL,ASO,ES,Combined TRACON& Tower with Radar,182,47,15,0,244,0,0,14,0,14,182,47,29,0,258,7,0,7,265
09/17/2018,JAX,FL,ASO,ES,Combined TRACON& Tower with Radar,189,35,31,7,262,0,0,11,2,13,189,35,42,9,275,0,0,0,275
09/18/2018,JAX,FL,ASO,ES,Combined TRACON& Tower with Radar,193,44,25,7,269,0,0,10,2,12,193,44,35,9,281,0,24,24,305
09/19/2018,JAX,FL,ASO,ES,Combined TRACON& Tower with Radar,191,43,31,8,273,0,0,13,1,14,191,43,44,9,287,0,0,0,287
09/20/2018,JAX,FL,ASO,ES,Combined TRACON& Tower with Radar,197,60,37,38,332,0,6,9,5,20,197,66,46,43,352,0,30,30,382
09/21/2018,JAX,FL,ASO,ES,Combined TRACON& Tower with Radar,190,48,28,10,276,0,5,8,1,14,190,53,36,11,290,0,0,0,290
09/22/2018,JAX,FL,ASO,ES,Combined TRACON& Tower with Radar,151,29,27,1,208,0,2,19,1,22,151,31,46,2,230,0,20,20,250
09/23/2018,JAX,FL,ASO,ES,Combined TRACON& Tower with Radar,182,46,24,5,257,0,4,3,2,9,182,50,27,7,266,0,0,0,266
09/24/2018,JAX,FL,ASO,ES,Combined TRACON& Tower with Radar,190,42,38,24,294,0,1,7,2,10,190,43,45,26,304,0,36,36,340
09/25/2018,JAX,FL,ASO,ES,Combined TRACON& Tower with Radar,194,40,33,14,281,0,8,4,0,12,194,48,37,14,293,8,4,12,305
09/26/2018,JAX,FL,ASO,ES,Combined TRACON& Tower with Radar,190,40,35,13,278,0,6,6,3,15,190,46,41,16,293,0,0,0,293
09/27/2018,JAX,FL,ASO,ES,Combined TRACON& Tower with Radar,199,57,39,38,333,0,2,7,1,10,199,59,46,39,343,0,10,10,353
09/28/2018,JAX,FL,ASO,ES,Combined TRACON& Tower with Radar,192,61,28,13,294,0,0,7,8,15,192,61,35,21,309,0,14,14,323
09/29/2018,JAX,FL,ASO,ES,Combined TRACON& Tower with Radar,146,35,21,0,202,0,4,7,0,11,146,39,28,0,213,0,0,0,213
09/30/2018,JAX,FL,ASO,ES,Combined TRACON& Tower with Radar,185,43,23,1,252,0,0,5,0,5,185,43,28,1,257,0,0,0,257
10/01/2018,JAX,FL,ASO,ES,Combined TRACON& Tower with Radar,186,44,29,15,274,0,0,1,6,7,186,44,30,21,281,0,33,33,314
10/02/2018,JAX,FL,ASO,ES,Combined TRACON& Tower with Radar,196,45,29,10,280,0,10,4,4,18,196,55,33,14,298,6,61,67,365
10/03/2018,JAX,FL,ASO,ES,Combined TRACON& Tower with Radar,190,60,42,7,299,0,2,11,1,14,190,62,53,8,313,0,0,0,313
10/04/2018,JAX,FL,ASO,ES,Combined TRACON& Tower with Radar,199,45,35,9,288,0,3,3,1,7,199,48,38,10,295,0,0,0,295
10/05/2018,JAX,FL,ASO,ES,Combined TRACON& Tower with Radar,197,42,31,1,271,0,2,8,1,11,197,44,39,2,282,0,0,0,282
10/06/2018,JAX,FL,ASO,ES,Combined TRACON& Tower with Radar,157,23,13,0,193,0,7,3,0,10,157,30,16,0,203,0,0,0,203
10/07/2018,JAX,FL,ASO,ES,Combined TRACON& Tower with Radar,193,29,22,1,245,0,1,4,0,5,193,30,26,1,250,0,0,0,250
10/08/2018,JAX,FL,ASO,ES,Combined TRACON& Tower with Radar,187,31,30,0,248,0,2,0,0,2,187,33,30,0,250,0,0,0,250
10/09/2018,JAX,FL,ASO,ES,Combined TRACON& Tower with Radar,196,38,37,7,278,0,0,1,0,1,196,38,38,7,279,0,0,0,279
10/10/2018,JAX,FL,ASO,ES,Combined TRACON& Tower with Radar,191,41,20,0,252,0,0,0,1,1,191,41,20,1,253,0,14,14,267
10/11/2018,JAX,FL,ASO,ES,Combined TRACON& Tower with Radar,197,40,25,20,282,0,2,9,2,13,197,42,34,22,295,4,12,16,311
10/12/2018,JAX,FL,ASO,ES,Combined TRACON& Tower with Radar,203,41,31,17,292,0,5,11,6,22,203,46,42,23,314,0,70,70,384
10/13/2018,JAX,FL,ASO,ES,Combined TRACON& Tower with Radar,159,19,17,11,206,0,2,12,3,17,159,21,29,14,223,0,0,0,223
10/14/2018,JAX,FL,ASO,ES,Combined TRACON& Tower with Radar,186,32,19,4,241,0,4,7,0,11,186,36,26,4,252,0,70,70,322
10/15/2018,JAX,FL,ASO,ES,Combined TRACON& Tower with Radar,189,35,28,0,252,0,2,12,0,14,189,37,40,0,266,0,10,10,276
10/16/2018,JAX,FL,ASO,ES,Combined TRACON& Tower with Radar,204,48,36,37,325,0,4,5,7,16,204,52,41,44,341,0,0,0,341
10/17/2018,JAX,FL,ASO,ES,Combined TRACON& Tower with Radar,191,41,25,10,267,0,1,13,3,17,191,42,38,13,284,0,0,0,284
10/18/2018,JAX,FL,ASO,ES,Combined TRACON& Tower with Radar,196,41,38,6,281,0,1,4,3,8,196,42,42,9,289,0,42,42,331
10/19/2018,JAX,FL,ASO,ES,Combined TRACON& Tower with Radar,197,35,27,20,279,0,1,10,15,26,197,36,37,35,305,30,36,66,371
10/20/2018,JAX,FL,ASO,ES,Combined TRACON& Tower with Radar,151,16,18,4,189,0,2,11,0,13,151,18,29,4,202,0,0,0,202
10/21/2018,JAX,FL,ASO,ES,Combined TRACON& Tower with Radar,186,36,16,4,242,0,0,9,3,12,186,36,25,7,254,0,6,6,260
10/22/2018,JAX,FL,ASO,ES,Combined TRACON& Tower with Radar,194,45,30,13,282,0,0,12,5,17,194,45,42,18,299,0,0,0,299
10/23/2018,JAX,FL,ASO,ES,Combined TRACON& Tower with Radar,192,53,35,29,309,0,0,7,0,7,192,53,42,29,316,4,16,20,336
10/24/2018,JAX,FL,ASO,ES,Combined TRACON& Tower with Radar,197,61,23,18,299,0,3,13,6,22,197,64,36,24,321,6,52,58,379
10/25/2018,JAX,FL,ASO,ES,Combined TRACON& Tower with Radar,201,52,38,14,305,0,1,10,2,13,201,53,48,16,318,0,0,0,318
10/26/2018,JAX,FL,ASO,ES,Combined TRACON& Tower with Radar,200,49,33,21,303,0,3,1,3,7,200,52,34,24,310,0,0,0,310
10/27/2018,JAX,FL,ASO,ES,Combined TRACON& Tower with Radar,154,25,43,8,230,0,0,14,2,16,154,25,57,10,246,0,5,5,251
10/28/2018,JAX,FL,ASO,ES,Combined TRACON& Tower with Radar,182,34,27,12,255,0,0,11,2,13,182,34,38,14,268,0,0,0,268
10/29/2018,JAX,FL,ASO,ES,Combined TRACON& Tower with Radar,185,43,41,12,281,0,8,16,7,31,185,51,57,19,312,60,20,80,392
10/30/2018,JAX,FL,ASO,ES,Combined TRACON& Tower with Radar,179,45,32,45,301,0,4,13,10,27,179,49,45,55,328,0,0,0,328
10/31/2018,JAX,FL,ASO,ES,Combined TRACON& Tower with Radar,159,50,19,20,248,0,1,9,5,15,159,51,28,25,263,0,18,18,281
11/01/2018,JAX,FL,ASO,ES,Combined TRACON& Tower with Radar,189,51,42,3,285,0,4,20,4,28,189,55,62,7,313,8,14,22,335
11/02/2018,JAX,FL,ASO,ES,Combined TRACON& Tower with Radar,183,42,24,33,282,0,0,3,5,8,183,42,27,38,290,0,30,30,320
11/03/2018,JAX,FL,ASO,ES,Combined TRACON& Tower with Radar,144,21,17,13,195,0,1,13,0,14,144,22,30,13,209,0,12,12,221
11/04/2018,JAX,FL,ASO,ES,Combined TRACON& Tower with Radar,192,31,26,0,249,0,0,5,0,5,192,31,31,0,254,0,0,0,254
11/05/2018,JAX,FL,ASO,ES,Combined TRACON& Tower with Radar,190,30,38,13,271,0,1,5,1,7,190,31,43,14,278,0,16,16,294
11/06/2018,JAX,FL,ASO,ES,Combined TRACON& Tower with Radar,186,35,23,8,252,0,0,7,4,11,186,35,30,12,263,2,12,14,277
11/07/2018,JAX,FL,ASO,ES,Combined TRACON& Tower with Radar,188,41,31,37,297,0,4,10,1,15,188,45,41,38,312,0,0,0,312
11/08/2018,JAX,FL,ASO,ES,Combined TRACON& Tower with Radar,196,47,30,21,294,0,3,1,1,5,196,50,31,22,299,12,18,30,329
11/09/2018,JAX,FL,ASO,ES,Combined TRACON& Tower with Radar,196,38,27,17,278,0,0,2,0,2,196,38,29,17,280,0,10,10,290
11/10/2018,JAX,FL,ASO,ES,Combined TRACON& Tower with Radar,154,24,17,0,195,0,0,5,0,5,154,24,22,0,200,0,0,0,200
11/11/2018,JAX,FL,ASO,ES,Combined TRACON& Tower with Radar,181,40,28,0,249,0,0,3,0,3,181,40,31,0,252,0,0,0,252
11/12/2018,JAX,FL,ASO,ES,Combined TRACON& Tower with Radar,191,41,38,1,271,0,0,2,0,2,191,41,40,1,273,0,0,0,273
11/13/2018,JAX,FL,ASO,ES,Combined TRACON& Tower with Radar,196,40,41,34,311,0,2,2,0,4,196,42,43,34,315,0,0,0,315
11/14/2018,JAX,FL,ASO,ES,Combined TRACON& Tower with Radar,187,40,22,28,277,0,0,1,3,4,187,40,23,31,281,0,54,54,335
11/15/2018,JAX,FL,ASO,ES,Combined TRACON& Tower with Radar,183,54,30,27,294,0,0,3,2,5,183,54,33,29,299,4,0,4,303
11/16/2018,JAX,FL,ASO,ES,Combined TRACON& Tower with Radar,196,38,42,10,286,0,3,11,0,14,196,41,53,10,300,0,55,55,355
11/17/2018,JAX,FL,ASO,ES,Combined TRACON& Tower with Radar,155,21,21,6,203,0,3,10,0,13,155,24,31,6,216,0,0,0,216
11/18/2018,JAX,FL,ASO,ES,Combined TRACON& Tower with Radar,182,45,24,0,251,0,0,11,0,11,182,45,35,0,262,0,0,0,262
11/19/2018,JAX,FL,ASO,ES,Combined TRACON& Tower with Radar,180,34,33,6,253,0,0,6,5,11,180,34,39,11,264,18,0,18,282
11/20/2018,JAX,FL,ASO,ES,Combined TRACON& Tower with Radar,206,51,40,11,308,0,0,5,0,5,206,51,45,11,313,24,28,52,365
11/21/2018,JAX,FL,ASO,ES,Combined TRACON& Tower with Radar,195,41,21,23,280,0,2,9,3,14,195,43,30,26,294,12,10,22,316
11/22/2018,JAX,FL,ASO,ES,Combined TRACON& Tower with Radar,114,14,9,0,137,0,1,5,0,6,114,15,14,0,143,0,0,0,143
11/23/2018,JAX,FL,ASO,ES,Combined TRACON& Tower with Radar,149,22,22,0,193,0,0,1,0,1,149,22,23,0,194,0,0,0,194
11/24/2018,JAX,FL,ASO,ES,Combined TRACON& Tower with Radar,186,37,21,0,244,0,0,5,0,5,186,37,26,0,249,0,0,0,249
11/25/2018,JAX,FL,ASO,ES,Combined TRACON& Tower with Radar,218,46,33,0,297,0,0,2,0,2,218,46,35,0,299,0,0,0,299
11/26/2018,JAX,FL,ASO,ES,Combined TRACON& Tower with Radar,186,41,33,0,260,0,0,1,0,1,186,41,34,0,261,0,0,0,261
11/27/2018,JAX,FL,ASO,ES,Combined TRACON& Tower with Radar,206,41,37,27,311,0,4,6,9,19,206,45,43,36,330,0,42,42,372
11/28/2018,JAX,FL,ASO,ES,Combined TRACON& Tower with Radar,193,38,25,11,267,0,2,12,7,21,193,40,37,18,288,8,4,12,300
11/29/2018,JAX,FL,ASO,ES,Combined TRACON& Tower with Radar,201,48,21,3,273,0,4,13,3,20,201,52,34,6,293,24,0,24,317
11/30/2018,JAX,FL,ASO,ES,Combined TRACON& Tower with Radar,193,49,26,25,293,0,3,10,1,14,193,52,36,26,307,0,34,34,341
12/01/2018,JAX,FL,ASO,ES,Combined TRACON& Tower with Radar,137,22,14,12,185,0,0,1,0,1,137,22,15,12,186,0,0,0,186
12/02/2018,JAX,FL,ASO,ES,Combined TRACON& Tower with Radar,176,40,28,1,245,0,0,2,1,3,176,40,30,2,248,0,0,0,248
12/03/2018,JAX,FL,ASO,ES,Combined TRACON& Tower with Radar,188,33,20,0,241,0,0,0,0,0,188,33,20,0,241,0,0,0,241
12/04/2018,JAX,FL,ASO,ES,Combined TRACON& Tower with Radar,189,48,39,5,281,0,4,9,3,16,189,52,48,8,297,8,28,36,333
12/05/2018,JAX,FL,ASO,ES,Combined TRACON& Tower with Radar,190,40,31,1,262,0,4,2,0,6,190,44,33,1,268,0,0,0,268
12/06/2018,JAX,FL,ASO,ES,Combined TRACON& Tower with Radar,202,40,44,22,308,0,4,16,3,23,202,44,60,25,331,6,38,44,375
12/07/2018,JAX,FL,ASO,ES,Combined TRACON& Tower with Radar,192,39,34,1,266,0,1,13,8,22,192,40,47,9,288,8,10,18,306
12/08/2018,JAX,FL,ASO,ES,Combined TRACON& Tower with Radar,132,28,12,0,172,0,2,7,0,9,132,30,19,0,181,0,0,0,181
12/09/2018,JAX,FL,ASO,ES,Combined TRACON& Tower with Radar,165,31,21,0,217,0,0,3,0,3,165,31,24,0,220,0,0,0,220
12/10/2018,JAX,FL,ASO,ES,Combined TRACON& Tower with Radar,173,35,35,17,260,0,0,7,1,8,173,35,42,18,268,14,46,60,328
12/11/2018,JAX,FL,ASO,ES,Combined TRACON& Tower with Radar,195,52,36,29,312,0,3,4,6,13,195,55,40,35,325,2,42,44,369
12/12/2018,JAX,FL,ASO,ES,Combined TRACON& Tower with Radar,194,40,47,12,293,0,3,6,6,15,194,43,53,18,308,0,56,56,364
12/13/2018,JAX,FL,ASO,ES,Combined TRACON& Tower with Radar,201,47,46,14,308,0,1,6,5,12,201,48,52,19,320,0,30,30,350
12/14/2018,JAX,FL,ASO,ES,Combined TRACON& Tower with Radar,202,29,26,10,267,0,0,0,0,0,202,29,26,10,267,0,0,0,267
12/15/2018,JAX,FL,ASO,ES,Combined TRACON& Tower with Radar,144,30,24,1,199,0,2,6,1,9,144,32,30,2,208,0,0,0,208
12/16/2018,JAX,FL,ASO,ES,Combined TRACON& Tower with Radar,173,24,28,0,225,0,0,4,1,5,173,24,32,1,230,0,0,0,230
12/17/2018,JAX,FL,ASO,ES,Combined TRACON& Tower with Radar,193,36,29,11,269,0,4,7,4,15,193,40,36,15,284,0,0,0,284
12/18/2018,JAX,FL,ASO,ES,Combined TRACON& Tower with Radar,197,42,51,23,313,0,5,11,3,19,197,47,62,26,332,0,0,0,332
12/19/2018,JAX,FL,ASO,ES,Combined TRACON& Tower with Radar,185,45,31,23,284,0,3,7,4,14,185,48,38,27,298,0,46,46,344
12/20/2018,JAX,FL,ASO,ES,Combined TRACON& Tower with Radar,216,37,19,0,272,0,0,0,0,0,216,37,19,0,272,0,0,0,272
12/21/2018,JAX,FL,ASO,ES,Combined TRACON& Tower with Radar,206,47,23,15,291,0,2,8,0,10,206,49,31,15,301,0,2,2,303
12/22/2018,JAX,FL,ASO,ES,Combined TRACON& Tower with Radar,186,32,14,0,232,0,1,5,0,6,186,33,19,0,238,0,0,0,238
12/23/2018,JAX,FL,ASO,ES,Combined TRACON& Tower with Radar,187,36,11,0,234,0,2,10,0,12,187,38,21,0,246,0,10,10,256
12/24/2018,JAX,FL,ASO,ES,Combined TRACON& Tower with Radar,137,28,6,0,171,0,1,5,0,6,137,29,11,0,177,0,0,0,177
12/25/2018,JAX,FL,ASO,ES,Combined TRACON& Tower with Radar,140,25,9,0,174,0,2,5,0,7,140,27,14,0,181,0,0,0,181
12/26/2018,JAX,FL,ASO,ES,Combined TRACON& Tower with Radar,183,39,22,9,253,0,2,3,1,6,183,41,25,10,259,0,0,0,259
12/27/2018,JAX,FL,ASO,ES,Combined TRACON& Tower with Radar,200,40,27,6,273,0,0,4,1,5,200,40,31,7,278,0,0,0,278
12/28/2018,JAX,FL,ASO,ES,Combined TRACON& Tower with Radar,186,44,17,8,255,0,0,6,0,6,186,44,23,8,261,0,0,0,261
12/29/2018,JAX,FL,ASO,ES,Combined TRACON& Tower with Radar,172,41,32,1,246,0,0,0,0,0,172,41,32,1,246,0,0,0,246
12/30/2018,JAX,FL,ASO,ES,Combined TRACON& Tower with Radar,205,35,30,1,271,0,0,0,0,0,205,35,30,1,271,0,0,0,271
12/31/2018,JAX,FL,ASO,ES,Combined TRACON& Tower with Radar,148,30,24,0,202,0,0,0,0,0,148,30,24,0,202,0,0,0,202
01/01/2019,JAX,FL,ASO,ES,Combined TRACON& Tower with Radar,171,29,31,0,231,0,0,7,0,7,171,29,38,0,238,0,0,0,238
01/02/2019,JAX,FL,ASO,ES,Combined TRACON& Tower with Radar,189,42,38,30,299,0,0,3,4,7,189,42,41,34,306,0,0,0,306
01/03/2019,JAX,FL,ASO,ES,Combined TRACON& Tower with Radar,191,53,28,36,308,0,0,9,1,10,191,53,37,37,318,0,48,48,366
01/04/2019,JAX,FL,ASO,ES,Combined TRACON& Tower with Radar,182,34,9,8,233,0,0,1,0,1,182,34,10,8,234,0,0,0,234
01/05/2019,JAX,FL,ASO,ES,Combined TRACON& Tower with Radar,143,39,20,2,204,0,0,8,1,9,143,39,28,3,213,0,0,0,213
01/06/2019,JAX,FL,ASO,ES,Combined TRACON& Tower with Radar,175,42,27,0,244,0,5,21,2,28,175,47,48,2,272,0,0,0,272
01/07/2019,JAX,FL,ASO,ES,Combined TRACON& Tower with Radar,190,40,32,35,297,0,6,14,2,22,190,46,46,37,319,26,6,32,351
01/08/2019,JAX,FL,ASO,ES,Combined TRACON& Tower with Radar,182,41,40,9,272,0,5,8,5,18,182,46,48,14,290,42,116,158,448
01/09/2019,JAX,FL,ASO,ES,Combined TRACON& Tower with Radar,178,47,30,49,304,0,9,5,9,23,178,56,35,58,327,0,34,34,361
01/10/2019,JAX,FL,ASO,ES,Combined TRACON& Tower with Radar,192,42,30,10,274,0,2,14,1,17,192,44,44,11,291,0,8,8,299
01/11/2019,JAX,FL,ASO,ES,Combined TRACON& Tower with Radar,179,42,26,18,265,0,2,7,4,13,179,44,33,22,278,8,10,18,296
01/12/2019,JAX,FL,ASO,ES,Combined TRACON& Tower with Radar,129,29,20,30,208,0,7,8,0,15,129,36,28,30,223,0,0,0,223
01/13/2019,JAX,FL,ASO,ES,Combined TRACON& Tower with Radar,162,33,25,0,220,0,2,2,0,4,162,35,27,0,224,0,4,4,228
01/14/2019,JAX,FL,ASO,ES,Combined TRACON& Tower with Radar,180,37,15,24,256,0,0,2,4,6,180,37,17,28,262,5,37,42,304
01/15/2019,JAX,FL,ASO,ES,Combined TRACON& Tower with Radar,183,32,22,16,253,0,0,2,7,9,183,32,24,23,262,0,95,95,357
01/16/2019,JAX,FL,ASO,ES,Combined TRACON& Tower with Radar,176,36,36,21,269,0,4,12,0,16,176,40,48,21,285,0,0,0,285
01/17/2019,JAX,FL,ASO,ES,Combined TRACON& Tower with Radar,192,53,40,42,327,0,6,13,2,21,192,59,53,44,348,0,28,28,376
01/18/2019,JAX,FL,ASO,ES,Combined TRACON& Tower with Radar,183,55,17,9,264,0,3,4,4,11,183,58,21,13,275,0,0,0,275
01/19/2019,JAX,FL,ASO,ES,Combined TRACON& Tower with Radar,115,25,22,0,162,0,1,5,0,6,115,26,27,0,168,0,0,0,168
01/20/2019,JAX,FL,ASO,ES,Combined TRACON& Tower with Radar,145,34,9,0,188,0,0,0,0,0,145,34,9,0,188,0,0,0,188
01/21/2019,JAX,FL,ASO,ES,Combined TRACON& Tower with Radar,162,39,28,0,229,0,6,10,2,18,162,45,38,2,247,0,0,0,247
01/22/2019,JAX,FL,ASO,ES,Combined TRACON& Tower with Radar,173,64,38,12,287,0,3,10,13,26,173,67,48,25,313,45,101,146,459
01/23/2019,JAX,FL,ASO,ES,Combined TRACON& Tower with Radar,178,42,41,50,311,0,5,5,9,19,178,47,46,59,330,49,85,134,464
01/24/2019,JAX,FL,ASO,ES,Combined TRACON& Tower with Radar,184,38,39,12,273,0,0,3,4,7,184,38,42,16,280,0,0,0,280
01/25/2019,JAX,FL,ASO,ES,Combined TRACON& Tower with Radar,185,40,37,7,269,0,0,12,2,14,185,40,49,9,283,0,8,8,291
01/26/2019,JAX,FL,ASO,ES,Combined TRACON& Tower with Radar,127,33,10,5,175,0,2,13,0,15,127,35,23,5,190,4,8,12,202
01/27/2019,JAX,FL,ASO,ES,Combined TRACON& Tower with Radar,166,44,15,0,225,0,0,2,0,2,166,44,17,0,227,0,0,0,227
01/28/2019,JAX,FL,ASO,ES,Combined TRACON& Tower with Radar,180,42,26,34,282,0,3,0,4,7,180,45,26,38,289,0,0,0,289
01/29/2019,JAX,FL,ASO,ES,Combined TRACON& Tower with Radar,180,53,30,27,290,0,6,5,3,14,180,59,35,30,304,0,0,0,304
01/30/2019,JAX,FL,ASO,ES,Combined TRACON& Tower with Radar,161,41,44,11,257,0,2,6,4,12,161,43,50,15,269,0,0,0,269
01/31/2019,JAX,FL,ASO,ES,Combined TRACON& Tower with Radar,181,61,23,37,302,0,3,5,2,10,181,64,28,39,312,0,0,0,312
02/01/2019,JAX,FL,ASO,ES,Combined TRACON& Tower with Radar,182,41,32,14,269,0,2,6,5,13,182,43,38,19,282,8,20,28,310
02/02/2019,JAX,FL,ASO,ES,Combined TRACON& Tower with Radar,135,24,14,0,173,0,0,1,0,1,135,24,15,0,174,0,0,0,174
02/03/2019,JAX,FL,ASO,ES,Combined TRACON& Tower with Radar,152,31,19,4,206,0,0,1,1,2,152,31,20,5,208,0,0,0,208
02/04/2019,JAX,FL,ASO,ES,Combined TRACON& Tower with Radar,179,51,36,15,281,0,6,1,2,9,179,57,37,17,290,0,34,34,324
02/05/2019,JAX,FL,ASO,ES,Combined TRACON& Tower with Radar,191,44,32,22,289,0,4,14,6,24,191,48,46,28,313,24,52,76,389
02/06/2019,JAX,FL,ASO,ES,Combined TRACON& Tower with Radar,178,44,43,45,310,0,10,10,9,29,178,54,53,54,339,0,22,22,361
02/07/2019,JAX,FL,ASO,ES,Combined TRACON& Tower with Radar,190,48,36,16,290,0,8,10,8,26,190,56,46,24,316,0,14,14,330
02/08/2019,JAX,FL,ASO,ES,Combined TRACON& Tower with Radar,187,49,32,15,283,0,6,13,4,23,187,55,45,19,306,2,42,44,350
02/09/2019,JAX,FL,ASO,ES,Combined TRACON& Tower with Radar,133,33,21,12,199,0,0,3,0,3,133,33,24,12,202,2,28,30,232
02/10/2019,JAX,FL,ASO,ES,Combined TRACON& Tower with Radar,165,42,16,0,223,0,0,2,0,2,165,42,18,0,225,0,0,0,225
02/11/2019,JAX,FL,ASO,ES,Combined TRACON& Tower with Radar,183,48,34,28,293,0,2,5,4,11,183,50,39,32,304,0,52,52,356
02/12/2019,JAX,FL,ASO,ES,Combined TRACON& Tower with Radar,176,49,28,23,276,0,5,6,4,15,176,54,34,27,291,7,38,45,336
02/13/2019,JAX,FL,ASO,ES,Combined TRACON& Tower with Radar,177,55,48,34,314,0,10,6,4,20,177,65,54,38,334,2,46,48,382
02/14/2019,JAX,FL,ASO,ES,Combined TRACON& Tower with Radar,201,59,22,12,294,0,3,5,3,11,201,62,27,15,305,6,70,76,381
02/15/2019,JAX,FL,ASO,ES,Combined TRACON& Tower with Radar,197,42,31,5,275,0,2,12,1,15,197,44,43,6,290,0,0,0,290
02/16/2019,JAX,FL,ASO,ES,Combined TRACON& Tower with Radar,140,41,14,0,195,0,1,8,0,9,140,42,22,0,204,0,0,0,204
02/17/2019,JAX,FL,ASO,ES,Combined TRACON& Tower with Radar,164,31,15,5,215,0,1,3,0,4,164,32,18,5,219,0,0,0,219
02/18/2019,JAX,FL,ASO,ES,Combined TRACON& Tower with Radar,187,51,25,5,268,0,0,4,0,4,187,51,29,5,272,0,0,0,272
02/19/2019,JAX,FL,ASO,ES,Combined TRACON& Tower with Radar,197,41,27,23,288,0,2,1,0,3,197,43,28,23,291,0,0,0,291
02/20/2019,JAX,FL,ASO,ES,Combined TRACON& Tower with Radar,187,55,35,45,322,0,1,1,2,4,187,56,36,47,326,0,34,34,360
02/21/2019,JAX,FL,ASO,ES,Combined TRACON& Tower with Radar,214,49,49,23,335,0,7,10,4,21,214,56,59,27,356,0,38,38,394
02/22/2019,JAX,FL,ASO,ES,Combined TRACON& Tower with Radar,198,37,38,21,294,0,10,4,4,18,198,47,42,25,312,0,6,6,318
02/23/2019,JAX,FL,ASO,ES,Combined TRACON& Tower with Radar,154,41,6,0,201,0,1,0,0,1,154,42,6,0,202,0,0,0,202
02/24/2019,JAX,FL,ASO,ES,Combined TRACON& Tower with Radar,188,43,26,1,258,0,0,0,1,1,188,43,26,2,259,0,0,0,259
02/25/2019,JAX,FL,ASO,ES,Combined TRACON& Tower with Radar,189,43,46,8,286,0,6,4,4,14,189,49,50,12,300,0,0,0,300
02/26/2019,JAX,FL,ASO,ES,Combined TRACON& Tower with Radar,195,49,48,19,311,0,0,9,5,14,195,49,57,24,325,14,30,44,369
02/27/2019,JAX,FL,ASO,ES,Combined TRACON& Tower with Radar,185,45,39,6,275,0,1,6,5,12,185,46,45,11,287,0,0,0,287
02/28/2019,JAX,FL,ASO,ES,Combined TRACON& Tower with Radar,201,53,37,22,313,0,3,9,2,14,201,56,46,24,327,20,26,46,373
03/01/2019,JAX,FL,ASO,ES,Combined TRACON& Tower with Radar,194,54,31,7,286,0,4,2,0,6,194,58,33,7,292,0,56,56,348
03/02/2019,JAX,FL,ASO,ES,Combined TRACON& Tower with Radar,159,32,20,0,211,0,0,1,0,1,159,32,21,0,212,0,0,0,212
03/03/2019,JAX,FL,ASO,ES,Combined TRACON& Tower with Radar,185,39,19,1,244,0,0,1,0,1,185,39,20,1,245,0,0,0,245
03/04/2019,JAX,FL,ASO,ES,Combined TRACON& Tower with Radar,190,54,21,4,269,0,0,5,2,7,190,54,26,6,276,0,0,0,276
03/05/2019,JAX,FL,ASO,ES,Combined TRACON& Tower with Radar,196,45,30,8,279,0,5,4,2,11,196,50,34,10,290,0,0,0,290
03/06/2019,JAX,FL,ASO,ES,Combined TRACON& Tower with Radar,192,62,36,11,301,0,6,12,3,21,192,68,48,14,322,3,12,15,337
03/07/2019,JAX,FL,ASO,ES,Combined TRACON& Tower with Radar,208,53,48,16,325,0,5,15,4,24,208,58,63,20,349,3,12,15,364
03/08/2019,JAX,FL,ASO,ES,Combined TRACON& Tower with Radar,200,50,43,19,312,0,5,11,4,20,200,55,54,23,332,0,22,22,354
03/09/2019,JAX,FL,ASO,ES,Combined TRACON& Tower with Radar,176,49,23,0,248,0,8,10,0,18,176,57,33,0,266,6,0,6,272
03/10/2019,JAX,FL,ASO,ES,Combined TRACON& Tower with Radar,186,41,45,13,285,0,4,14,4,22,186,45,59,17,307,12,0,12,319
03/11/2019,JAX,FL,ASO,ES,Combined TRACON& Tower with Radar,200,54,30,6,290,0,4,3,10,17,200,58,33,16,307,0,55,55,362
03/12/2019,JAX,FL,ASO,ES,Combined TRACON& Tower with Radar,200,40,36,13,289,0,6,4,1,11,200,46,40,14,300,0,0,0,300
03/13/2019,JAX,FL,ASO,ES,Combined TRACON& Tower with Radar,199,52,32,41,324,0,2,6,2,10,199,54,38,43,334,0,12,12,346
03/14/2019,JAX,FL,ASO,ES,Combined TRACON& Tower with Radar,202,70,41,10,323,0,4,9,4,17,202,74,50,14,340,0,20,20,360
03/15/2019,JAX,FL,ASO,ES,Combined TRACON& Tower with Radar,200,56,53,15,324,0,3,16,5,24,200,59,69,20,348,0,0,0,348
03/16/2019,JAX,FL,ASO,ES,Combined TRACON& Tower with Radar,176,43,37,24,280,0,3,8,0,11,176,46,45,24,291,8,18,26,317
03/17/2019,JAX,FL,ASO,ES,Combined TRACON& Tower with Radar,192,58,33,0,283,0,0,2,0,2,192,58,35,0,285,0,0,0,285
03/18/2019,JAX,FL,ASO,ES,Combined TRACON& Tower with Radar,195,50,34,13,292,0,2,7,3,12,195,52,41,16,304,0,8,8,312
03/19/2019,JAX,FL,ASO,ES,Combined TRACON& Tower with Radar,211,59,23,21,314,0,4,0,4,8,211,63,23,25,322,0,32,32,354
03/20/2019,JAX,FL,ASO,ES,Combined TRACON& Tower with Radar,197,52,38,25,312,0,12,8,6,26,197,64,46,31,338,0,86,86,424
03/21/2019,JAX,FL,ASO,ES,Combined TRACON& Tower with Radar,207,49,38,21,315,0,3,3,1,7,207,52,41,22,322,0,0,0,322
03/22/2019,JAX,FL,ASO,ES,Combined TRACON& Tower with Radar,208,56,32,27,323,0,0,19,4,23,208,56,51,31,346,14,20,34,380
03/23/2019,JAX,FL,ASO,ES,Combined TRACON& Tower with Radar,183,34,58,2,277,0,12,17,0,29,183,46,75,2,306,0,0,0,306
03/24/2019,JAX,FL,ASO,ES,Combined TRACON& Tower with Radar,189,48,26,0,263,0,8,11,0,19,189,56,37,0,282,0,0,0,282
03/25/2019,JAX,FL,ASO,ES,Combined TRACON& Tower with Radar,201,41,25,38,305,0,7,13,0,20,201,48,38,38,325,32,0,32,357
03/26/2019,JAX,FL,ASO,ES,Combined TRACON& Tower with Radar,207,46,25,38,316,0,10,5,3,18,207,56,30,41,334,20,34,54,388
03/27/2019,JAX,FL,ASO,ES,Combined TRACON& Tower with Radar,198,45,23,13,279,0,1,3,1,5,198,46,26,14,284,0,4,4,288
03/28/2019,JAX,FL,ASO,ES,Combined TRACON& Tower with Radar,204,59,44,7,314,1,3,4,2,10,205,62,48,9,324,0,10,10,334
03/29/2019,JAX,FL,ASO,ES,Combined TRACON& Tower with Radar,200,56,43,13,312,0,4,9,1,14,200,60,52,14,326,0,0,0,326
03/30/2019,JAX,FL,ASO,ES,Combined TRACON& Tower with Radar,174,44,21,0,239,0,3,15,0,18,174,47,36,0,257,30,0,30,287
03/31/2019,JAX,FL,ASO,ES,Combined TRACON& Tower with Radar,193,41,35,5,274,0,0,8,5,13,193,41,43,10,287,8,0,8,295
04/01/2019,JAX,FL,ASO,ES,Combined TRACON& Tower with Radar,201,43,34,17,295,0,0,0,0,0,201,43,34,17,295,0,0,0,295
04/02/2019,JAX,FL,ASO,ES,Combined TRACON& Tower with Radar,205,41,27,10,283,0,4,5,0,9,205,45,32,10,292,18,0,18,310
04/03/2019,JAX,FL,ASO,ES,Combined TRACON& Tower with Radar,203,37,33,8,281,0,4,15,0,19,203,41,48,8,300,6,0,6,306
04/04/2019,JAX,FL,ASO,ES,Combined TRACON& Tower with Radar,211,61,45,5,322,0,4,9,3,16,211,65,54,8,338,6,0,6,344
04/05/2019,JAX,FL,ASO,ES,Combined TRACON& Tower with Radar,204,55,26,10,295,0,2,11,0,13,204,57,37,10,308,16,0,16,324
04/06/2019,JAX,FL,ASO,ES,Combined TRACON& Tower with Radar,165,31,18,1,215,0,6,7,0,13,165,37,25,1,228,0,8,8,236
04/07/2019,JAX,FL,ASO,ES,Combined TRACON& Tower with Radar,193,46,31,0,270,0,3,2,1,6,193,49,33,1,276,0,8,8,284
04/08/2019,JAX,FL,ASO,ES,Combined TRACON& Tower with Radar,208,30,26,7,271,0,1,3,1,5,208,31,29,8,276,0,4,4,280
04/09/2019,JAX,FL,ASO,ES,Combined TRACON& Tower with Radar,200,57,22,12,291,0,1,4,1,6,200,58,26,13,297,0,78,78,375
04/10/2019,JAX,FL,ASO,ES,Combined TRACON& Tower with Radar,202,51,49,16,318,0,6,14,2,22,202,57,63,18,340,8,2,10,350
04/11/2019,JAX,FL,ASO,ES,Combined TRACON& Tower with Radar,208,45,41,18,312,0,2,4,2,8,208,47,45,20,320,0,0,0,320
04/12/2019,JAX,FL,ASO,ES,Combined TRACON& Tower with Radar,204,33,45,15,297,0,4,15,3,22,204,37,60,18,319,20,0,20,339
04/13/2019,JAX,FL,ASO,ES,Combined TRACON& Tower with Radar,165,36,24,4,229,0,0,8,1,9,165,36,32,5,238,0,0,0,238
04/14/2019,JAX,FL,ASO,ES,Combined TRACON& Tower with Radar,189,35,29,1,254,0,0,1,0,1,189,35,30,1,255,0,0,0,255
04/15/2019,JAX,FL,ASO,ES,Combined TRACON& Tower with Radar,206,40,31,22,299,0,8,5,4,17,206,48,36,26,316,0,30,30,346
04/16/2019,JAX,FL,ASO,ES,Combined TRACON& Tower with Radar,208,48,23,11,290,0,5,15,1,21,208,53,38,12,311,8,0,8,319
04/17/2019,JAX,FL,ASO,ES,Combined TRACON& Tower with Radar,206,43,38,19,306,0,6,13,2,21,206,49,51,21,327,0,0,0,327
04/18/2019,JAX,FL,ASO,ES,Combined TRACON& Tower with Radar,208,59,55,15,337,0,13,12,2,27,208,72,67,17,364,0,4,4,368
04/19/2019,JAX,FL,ASO,ES,Combined TRACON& Tower with Radar,179,25,21,11,236,0,0,1,0,1,179,25,22,11,237,0,0,0,237
04/20/2019,JAX,FL,ASO,ES,Combined TRACON& Tower with Radar,166,43,20,1,230,0,7,3,0,10,166,50,23,1,240,0,0,0,240
04/21/2019,JAX,FL,ASO,ES,Combined TRACON& Tower with Radar,197,37,23,0,257,0,1,9,0,10,197,38,32,0,267,0,0,0,267
04/22/2019,JAX,FL,ASO,ES,Combined TRACON& Tower with Radar,201,53,47,2,303,0,5,12,0,17,201,58,59,2,320,10,0,10,330
04/23/2019,JAX,FL,ASO,ES,Combined TRACON& Tower with Radar,207,60,46,22,335,0,11,11,4,26,207,71,57,26,361,16,26,42,403
04/24/2019,JAX,FL,ASO,ES,Combined TRACON& Tower with Radar,202,39,47,9,297,0,8,6,2,16,202,47,53,11,313,8,0,8,321
04/25/2019,JAX,FL,ASO,ES,Combined TRACON& Tower with Radar,217,51,47,34,349,0,9,14,7,30,217,60,61,41,379,2,32,34,413
04/26/2019,JAX,FL,ASO,ES,Combined TRACON& Tower with Radar,194,39,35,14,282,0,2,1,8,11,194,41,36,22,293,0,0,0,293
04/27/2019,JAX,FL,ASO,ES,Combined TRACON& Tower with Radar,171,35,20,3,229,0,3,3,1,7,171,38,23,4,236,0,0,0,236
04/28/2019,JAX,FL,ASO,ES,Combined TRACON& Tower with Radar,192,39,29,1,261,0,7,10,0,17,192,46,39,1,278,2,0,2,280
04/29/2019,JAX,FL,ASO,ES,Combined TRACON& Tower with Radar,206,44,34,15,299,0,8,3,2,13,206,52,37,17,312,0,0,0,312
04/30/2019,JAX,FL,ASO,ES,Combined TRACON& Tower with Radar,199,57,37,31,324,0,6,5,2,13,199,63,42,33,337,0,4,4,341
05/01/2019,JAX,FL,ASO,ES,Combined TRACON& Tower with Radar,209,46,28,11,294,0,2,5,10,17,209,48,33,21,311,0,168,168,479
05/02/2019,JAX,FL,ASO,ES,Combined TRACON& Tower with Radar,204,54,37,16,311,0,0,4,4,8,204,54,41,20,319,4,76,80,399
05/03/2019,JAX,FL,ASO,ES,Combined TRACON& Tower with Radar,213,62,46,10,331,0,0,1,2,3,213,62,47,12,334,0,0,0,334
05/04/2019,JAX,FL,ASO,ES,Combined TRACON& Tower with Radar,171,33,17,3,224,0,1,4,3,8,171,34,21,6,232,0,0,0,232
05/05/2019,JAX,FL,ASO,ES,Combined TRACON& Tower with Radar,198,54,34,2,288,0,0,0,0,0,198,54,34,2,288,0,8,8,296
05/06/2019,JAX,FL,ASO,ES,Combined TRACON& Tower with Radar,204,60,35,13,312,0,2,9,3,14,204,62,44,16,326,0,34,34,360
05/07/2019,JAX,FL,ASO,ES,Combined TRACON& Tower with Radar,196,70,35,12,313,0,7,7,4,18,196,77,42,16,331,4,44,48,379
05/08/2019,JAX,FL,ASO,ES,Combined TRACON& Tower with Radar,192,62,41,16,311,0,9,11,4,24,192,71,52,20,335,0,36,36,371
05/09/2019,JAX,FL,ASO,ES,Combined TRACON& Tower with Radar,209,73,67,14,363,0,7,10,3,20,209,80,77,17,383,0,20,20,403
05/10/2019,JAX,FL,ASO,ES,Combined TRACON& Tower with Radar,204,68,53,7,332,0,15,13,0,28,204,83,66,7,360,0,0,0,360
05/11/2019,JAX,FL,ASO,ES,Combined TRACON& Tower with Radar,154,35,20,1,210,0,6,9,0,15,154,41,29,1,225,0,0,0,225
05/12/2019,JAX,FL,ASO,ES,Combined TRACON& Tower with Radar,191,42,37,1,271,0,7,4,0,11,191,49,41,1,282,0,0,0,282
05/13/2019,JAX,FL,ASO,ES,Combined TRACON& Tower with Radar,240,58,39,20,357,0,10,9,1,20,240,68,48,21,377,0,2,2,379
05/14/2019,JAX,FL,ASO,ES,Combined TRACON& Tower with Radar,203,48,36,15,302,0,6,12,6,24,203,54,48,21,326,6,38,44,370
05/15/2019,JAX,FL,ASO,ES,Combined TRACON& Tower with Radar,204,60,27,12,303,0,8,10,2,20,204,68,37,14,323,0,14,14,337
05/16/2019,JAX,FL,ASO,ES,Combined TRACON& Tower with Radar,214,50,34,17,315,0,6,8,10,24,214,56,42,27,339,0,62,62,401
05/17/2019,JAX,FL,ASO,ES,Combined TRACON& Tower with Radar,203,60,40,7,310,0,5,10,4,19,203,65,50,11,329,0,64,64,393
05/18/2019,JAX,FL,ASO,ES,Combined TRACON& Tower with Radar,165,32,14,12,223,0,10,6,0,16,165,42,20,12,239,0,0,0,239
05/19/2019,JAX,FL,ASO,ES,Combined TRACON& Tower with Radar,192,44,22,0,258,0,4,10,0,14,192,48,32,0,272,12,0,12,284
05/20/2019,JAX,FL,ASO,ES,Combined TRACON& Tower with Radar,208,50,47,0,305,0,13,11,0,24,208,63,58,0,329,0,0,0,329
05/21/2019,JAX,FL,ASO,ES,Combined TRACON& Tower with Radar,196,62,34,35,327,0,9,10,8,27,196,71,44,43,354,8,52,60,414
05/22/2019,JAX,FL,ASO,ES,Combined TRACON& Tower with Radar,205,62,32,21,320,0,5,9,2,16,205,67,41,23,336,16,54,70,406
05/23/2019,JAX,FL,ASO,ES,Combined TRACON& Tower with Radar,205,69,51,20,345,0,2,11,7,20,205,71,62,27,365,0,16,16,381
05/24/2019,JAX,FL,ASO,ES,Combined TRACON& Tower with Radar,204,68,35,14,321,0,9,21,0,30,204,77,56,14,351,0,0,0,351
05/25/2019,JAX,FL,ASO,ES,Combined TRACON& Tower with Radar,161,27,9,0,197,0,3,18,0,21,161,30,27,0,218,4,0,4,222
05/26/2019,JAX,FL,ASO,ES,Combined TRACON& Tower with Radar,149,16,15,0,180,0,5,9,0,14,149,21,24,0,194,0,0,0,194
05/27/2019,JAX,FL,ASO,ES,Combined TRACON& Tower with Radar,177,45,29,0,251,0,4,5,0,9,177,49,34,0,260,0,0,0,260
05/28/2019,JAX,FL,ASO,ES,Combined TRACON& Tower with Radar,194,44,31,10,279,0,5,4,0,9,194,49,35,10,288,0,0,0,288
05/29/2019,JAX,FL,ASO,ES,Combined TRACON& Tower with Radar,192,72,50,10,324,0,9,13,1,23,192,81,63,11,347,12,0,12,359
05/30/2019,JAX,FL,ASO,ES,Combined TRACON& Tower with Radar,207,57,52,20,336,0,5,10,1,16,207,62,62,21,352,0,0,0,352
05/31/2019,JAX,FL,ASO,ES,Combined TRACON& Tower with Radar,208,50,29,13,300,0,2,7,6,15,208,52,36,19,315,0,0,0,315
06/01/2019,JAX,FL,ASO,ES,Combined TRACON& Tower with Radar,171,38,18,25,252,0,6,12,3,21,171,44,30,28,273,10,8,18,291
06/02/2019,JAX,FL,ASO,ES,Combined TRACON& Tower with Radar,194,30,19,11,254,0,0,6,0,6,194,30,25,11,260,0,0,0,260
06/03/2019,JAX,FL,ASO,ES,Combined TRACON& Tower with Radar,207,48,12,0,267,0,14,10,1,25,207,62,22,1,292,19,0,19,311
06/04/2019,JAX,FL,ASO,ES,Combined TRACON& Tower with Radar,204,42,30,10,286,0,7,5,0,12,204,49,35,10,298,24,0,24,322
06/05/2019,JAX,FL,ASO,ES,Combined TRACON& Tower with Radar,203,50,30,24,307,0,0,8,4,12,203,50,38,28,319,0,50,50,369
06/06/2019,JAX,FL,ASO,ES,Combined TRACON& Tower with Radar,220,60,35,65,380,0,2,3,10,15,220,62,38,75,395,0,58,58,453
06/07/2019,JAX,FL,ASO,ES,Combined TRACON& Tower with Radar,201,45,29,13,288,0,5,9,1,15,201,50,38,14,303,0,0,0,303
06/08/2019,JAX,FL,ASO,ES,Combined TRACON& Tower with Radar,187,36,14,0,237,0,0,12,2,14,187,36,26,2,251,2,22,24,275
06/09/2019,JAX,FL,ASO,ES,Combined TRACON& Tower with Radar,193,38,22,2,255,0,1,2,0,3,193,39,24,2,258,0,0,0,258
06/10/2019,JAX,FL,ASO,ES,Combined TRACON& Tower with Radar,194,52,29,21,296,0,11,15,2,28,194,63,44,23,324,8,12,20,344
06/11/2019,JAX,FL,ASO,ES,Combined TRACON& Tower with Radar,206,41,46,12,305,0,1,2,1,4,206,42,48,13,309,0,0,0,309
06/12/2019,JAX,FL,ASO,ES,Combined TRACON& Tower with Radar,202,50,42,22,316,0,0,3,0,3,202,50,45,22,319,0,14,14,333
06/13/2019,JAX,FL,ASO,ES,Combined TRACON& Tower with Radar,211,54,41,13,319,0,5,6,1,12,211,59,47,14,331,0,0,0,331
06/14/2019,JAX,FL,ASO,ES,Combined TRACON& Tower with Radar,205,57,30,12,304,0,9,5,0,14,205,66,35,12,318,0,0,0,318
06/15/2019,JAX,FL,ASO,ES,Combined TRACON& Tower with Radar,172,34,17,2,225,0,8,5,0,13,172,42,22,2,238,0,0,0,238
06/16/2019,JAX,FL,ASO,ES,Combined TRACON& Tower with Radar,179,41,10,0,230,0,6,4,0,10,179,47,14,0,240,0,0,0,240
06/17/2019,JAX,FL,ASO,ES,Combined TRACON& Tower with Radar,197,53,35,21,306,0,5,11,7,23,197,58,46,28,329,0,0,0,329
06/18/2019,JAX,FL,ASO,ES,Combined TRACON& Tower with Radar,201,41,27,19,288,0,9,4,2,15,201,50,31,21,303,0,0,0,303
06/19/2019,JAX,FL,ASO,ES,Combined TRACON& Tower with Radar,224,50,37,11,322,0,0,6,0,6,224,50,43,11,328,0,0,0,328
06/20/2019,JAX,FL,ASO,ES,Combined TRACON& Tower with Radar,191,55,28,20,294,0,5,4,2,11,191,60,32,22,305,4,60,64,369
06/21/2019,JAX,FL,ASO,ES,Combined TRACON& Tower with Radar,209,56,25,18,308,0,5,7,0,12,209,61,32,18,320,0,10,10,330
06/22/2019,JAX,FL,ASO,ES,Combined TRACON& Tower with Radar,169,34,16,0,219,0,0,6,0,6,169,34,22,0,225,4,0,4,229
06/23/2019,JAX,FL,ASO,ES,Combined TRACON& Tower with Radar,194,50,23,0,267,0,2,8,0,10,194,52,31,0,277,4,0,4,281
06/24/2019,JAX,FL,ASO,ES,Combined TRACON& Tower with Radar,197,50,34,14,295,0,4,6,7,17,197,54,40,21,312,0,0,0,312
06/25/2019,JAX,FL,ASO,ES,Combined TRACON& Tower with Radar,217,60,31,34,342,0,3,5,12,20,217,63,36,46,362,0,34,34,396
06/26/2019,JAX,FL,ASO,ES,Combined TRACON& Tower with Radar,208,51,30,0,289,0,17,1,5,23,208,68,31,5,312,0,0,0,312
06/27/2019,JAX,FL,ASO,ES,Combined TRACON& Tower with Radar,209,59,47,10,325,0,9,13,7,29,209,68,60,17,354,0,20,20,374
06/28/2019,JAX,FL,ASO,ES,Combined TRACON& Tower with Radar,200,51,21,9,281,0,1,11,1,13,200,52,32,10,294,0,42,42,336
06/29/2019,JAX,FL,ASO,ES,Combined TRACON& Tower with Radar,165,42,19,4,230,0,9,11,1,21,165,51,30,5,251,0,2,2,253
06/30/2019,JAX,FL,ASO,ES,Combined TRACON& Tower with Radar,184,41,22,4,251,0,1,4,0,5,184,42,26,4,256,0,0,0,256
07/01/2019,JAX,FL,ASO,ES,Combined TRACON& Tower with Radar,180,46,28,13,267,0,3,9,3,15,180,49,37,16,282,10,16,26,308
07/02/2019,JAX,FL,ASO,ES,Combined TRACON& Tower with Radar,187,42,26,13,268,0,6,6,6,18,187,48,32,19,286,8,46,54,340
07/03/2019,JAX,FL,ASO,ES,Combined TRACON& Tower with Radar,188,56,18,4,266,0,3,2,1,6,188,59,20,5,272,8,46,54,326
07/04/2019,JAX,FL,ASO,ES,Combined TRACON& Tower with Radar,136,34,9,2,181,0,0,4,1,5,136,34,13,3,186,20,0,20,206
07/05/2019,JAX,FL,ASO,ES,Combined TRACON& Tower with Radar,169,40,12,0,221,0,1,5,0,6,169,41,17,0,227,8,0,8,235
07/06/2019,JAX,FL,ASO,ES,Combined TRACON& Tower with Radar,163,38,20,0,221,0,2,5,0,7,163,40,25,0,228,0,0,0,228
07/07/2019,JAX,FL,ASO,ES,Combined TRACON& Tower with Radar,200,41,23,0,264,0,5,1,0,6,200,46,24,0,270,0,0,0,270
07/08/2019,JAX,FL,ASO,ES,Combined TRACON& Tower with Radar,214,46,24,2,286,0,5,5,3,13,214,51,29,5,299,0,0,0,299
07/09/2019,JAX,FL,ASO,ES,Combined TRACON& Tower with Radar,217,45,36,12,310,0,6,7,4,17,217,51,43,16,327,0,66,66,393
07/10/2019,JAX,FL,ASO,ES,Combined TRACON& Tower with Radar,208,39,27,18,292,0,2,2,5,9,208,41,29,23,301,0,86,86,387
07/11/2019,JAX,FL,ASO,ES,Combined TRACON& Tower with Radar,193,39,34,7,273,0,14,11,0,25,193,53,45,7,298,16,0,16,314
07/12/2019,JAX,FL,ASO,ES,Combined TRACON& Tower with Radar,207,33,40,15,295,0,4,12,1,17,207,37,52,16,312,0,0,0,312
07/13/2019,JAX,FL,ASO,ES,Combined TRACON& Tower with Radar,183,28,18,2,231,0,12,10,1,23,183,40,28,3,254,0,0,0,254
07/14/2019,JAX,FL,ASO,ES,Combined TRACON& Tower with Radar,185,33,16,0,234,0,3,9,0,12,185,36,25,0,246,0,0,0,246
07/15/2019,JAX,FL,ASO,ES,Combined TRACON& Tower with Radar,203,50,24,12,289,0,12,10,2,24,203,62,34,14,313,0,0,0,313
07/16/2019,JAX,FL,ASO,ES,Combined TRACON& Tower with Radar,209,42,21,19,291,0,20,2,6,28,209,62,23,25,319,0,0,0,319
07/17/2019,JAX,FL,ASO,ES,Combined TRACON& Tower with Radar,209,43,32,17,301,0,4,10,2,16,209,47,42,19,317,0,0,0,317
07/18/2019,JAX,FL,ASO,ES,Combined TRACON& Tower with Radar,197,48,25,36,306,0,0,6,0,6,197,48,31,36,312,0,0,0,312
07/19/2019,JAX,FL,ASO,ES,Combined TRACON& Tower with Radar,205,46,38,15,304,0,2,9,0,11,205,48,47,15,315,0,0,0,315
07/20/2019,JAX,FL,ASO,ES,Combined TRACON& Tower with Radar,185,26,22,3,236,0,2,8,1,11,185,28,30,4,247,12,12,24,271
07/21/2019,JAX,FL,ASO,ES,Combined TRACON& Tower with Radar,194,33,21,0,248,0,2,6,0,8,194,35,27,0,256,0,0,0,256
07/22/2019,JAX,FL,ASO,ES,Combined TRACON& Tower with Radar,200,36,31,9,276,0,6,5,1,12,200,42,36,10,288,0,0,0,288
07/23/2019,JAX,FL,ASO,ES,Combined TRACON& Tower with Radar,204,40,21,17,282,0,2,3,3,8,204,42,24,20,290,0,0,0,290
07/24/2019,JAX,FL,ASO,ES,Combined TRACON& Tower with Radar,219,52,22,0,293,0,1,3,1,5,219,53,25,1,298,0,0,0,298
07/25/2019,JAX,FL,ASO,ES,Combined TRACON& Tower with Radar,203,70,28,27,328,0,4,10,2,16,203,74,38,29,344,0,0,0,344
07/26/2019,JAX,FL,ASO,ES,Combined TRACON& Tower with Radar,203,44,12,11,270,0,0,2,2,4,203,44,14,13,274,0,0,0,274
07/27/2019,JAX,FL,ASO,ES,Combined TRACON& Tower with Radar,179,24,18,0,221,0,0,3,0,3,179,24,21,0,224,0,0,0,224
07/28/2019,JAX,FL,ASO,ES,Combined TRACON& Tower with Radar,197,36,9,0,242,0,0,3,0,3,197,36,12,0,245,0,0,0,245
07/29/2019,JAX,FL,ASO,ES,Combined TRACON& Tower with Radar,201,62,26,12,301,0,7,8,4,19,201,69,34,16,320,0,0,0,320
07/30/2019,JAX,FL,ASO,ES,Combined TRACON& Tower with Radar,211,56,32,9,308,0,14,9,0,23,211,70,41,9,331,7,0,7,338
07/31/2019,JAX,FL,ASO,ES,Combined TRACON& Tower with Radar,204,37,28,12,281,0,5,7,2,14,204,42,35,14,295,0,0,0,295
08/01/2019,JAX,FL,ASO,ES,Combined TRACON& Tower with Radar,204,46,26,13,289,0,2,2,8,12,204,48,28,21,301,0,40,40,341
08/02/2019,JAX,FL,ASO,ES,Combined TRACON& Tower with Radar,205,53,42,2,302,0,0,4,4,8,205,53,46,6,310,0,64,64,374
08/03/2019,JAX,FL,ASO,ES,Combined TRACON& Tower with Radar,179,20,13,0,212,0,2,1,0,3,179,22,14,0,215,0,0,0,215
08/04/2019,JAX,FL,ASO,ES,Combined TRACON& Tower with Radar,203,41,24,0,268,0,2,3,0,5,203,43,27,0,273,0,0,0,273
08/05/2019,JAX,FL,ASO,ES,Combined TRACON& Tower with Radar,206,42,20,13,281,0,4,5,0,9,206,46,25,13,290,16,0,16,306
08/06/2019,JAX,FL,ASO,ES,Combined TRACON& Tower with Radar,206,40,28,28,302,0,3,9,1,13,206,43,37,29,315,14,22,36,351
08/07/2019,JAX,FL,ASO,ES,Combined TRACON& Tower with Radar,200,49,33,12,294,0,7,7,2,16,200,56,40,14,310,0,8,8,318
08/08/2019,JAX,FL,ASO,ES,Combined TRACON& Tower with Radar,209,39,47,11,306,0,4,6,2,12,209,43,53,13,318,4,24,28,346
08/09/2019,JAX,FL,ASO,ES,Combined TRACON& Tower with Radar,212,40,36,4,292,0,8,3,2,13,212,48,39,6,305,0,0,0,305
08/10/2019,JAX,FL,ASO,ES,Combined TRACON& Tower with Radar,170,28,10,1,209,0,2,14,0,16,170,30,24,1,225,4,0,4,229
08/11/2019,JAX,FL,ASO,ES,Combined TRACON& Tower with Radar,182,26,22,9,239,0,2,5,0,7,182,28,27,9,246,0,0,0,246
08/12/2019,JAX,FL,ASO,ES,Combined TRACON& Tower with Radar,207,39,23,0,269,0,16,1,0,17,207,55,24,0,286,22,0,22,308
08/13/2019,JAX,FL,ASO,ES,Combined TRACON& Tower with Radar,195,40,23,16,274,0,10,15,0,25,195,50,38,16,299,16,30,46,345
08/14/2019,JAX,FL,ASO,ES,Combined TRACON& Tower with Radar,202,35,28,13,278,0,2,10,1,13,202,37,38,14,291,0,0,0,291
08/15/2019,JAX,FL,ASO,ES,Combined TRACON& Tower with Radar,200,51,26,4,281,0,2,6,1,9,200,53,32,5,290,0,18,18,308
08/16/2019,JAX,FL,ASO,ES,Combined TRACON& Tower with Radar,212,36,26,29,303,0,1,2,0,3,212,37,28,29,306,0,0,0,306
08/17/2019,JAX,FL,ASO,ES,Combined TRACON& Tower with Radar,164,18,12,0,194,0,0,1,0,1,164,18,13,0,195,0,0,0,195
08/18/2019,JAX,FL,ASO,ES,Combined TRACON& Tower with Radar,171,33,17,17,238,0,2,4,6,12,171,35,21,23,250,0,0,0,250
08/19/2019,JAX,FL,ASO,ES,Combined TRACON& Tower with Radar,197,34,22,16,269,0,4,4,0,8,197,38,26,16,277,0,0,0,277
08/20/2019,JAX,FL,ASO,ES,Combined TRACON& Tower with Radar,188,43,30,0,261,0,11,16,0,27,188,54,46,0,288,24,0,24,312
08/21/2019,JAX,FL,ASO,ES,Combined TRACON& Tower with Radar,202,59,29,14,304,0,17,10,8,35,202,76,39,22,339,24,46,70,409
08/22/2019,JAX,FL,ASO,ES,Combined TRACON& Tower with Radar,197,64,29,2,292,0,14,2,3,19,197,78,31,5,311,0,52,52,363
08/23/2019,JAX,FL,ASO,ES,Combined TRACON& Tower with Radar,198,38,25,5,266,0,8,8,0,16,198,46,33,5,282,0,0,0,282
08/24/2019,JAX,FL,ASO,ES,Combined TRACON& Tower with Radar,172,28,8,0,208,0,1,10,0,11,172,29,18,0,219,22,0,22,241
08/25/2019,JAX,FL,ASO,ES,Combined TRACON& Tower with Radar,178,33,28,0,239,0,0,6,0,6,178,33,34,0,245,0,0,0,245
08/26/2019,JAX,FL,ASO,ES,Combined TRACON& Tower with Radar,193,48,27,11,279,0,1,5,0,6,193,49,32,11,285,0,0,0,285
08/27/2019,JAX,FL,ASO,ES,Combined TRACON& Tower with Radar,193,40,12,24,269,0,9,6,1,16,193,49,18,25,285,0,0,0,285
08/28/2019,JAX,FL,ASO,ES,Combined TRACON& Tower with Radar,197,43,22,5,267,0,2,3,1,6,197,45,25,6,273,0,0,0,273
08/29/2019,JAX,FL,ASO,ES,Combined TRACON& Tower with Radar,202,50,32,6,290,0,5,10,0,15,202,55,42,6,305,0,0,0,305
08/30/2019,JAX,FL,ASO,ES,Combined TRACON& Tower with Radar,197,36,29,4,266,0,0,0,0,0,197,36,29,4,266,0,0,0,266
08/31/2019,JAX,FL,ASO,ES,Combined TRACON& Tower with Radar,150,34,13,0,197,0,0,0,0,0,150,34,13,0,197,0,0,0,197
09/01/2019,JAX,FL,ASO,ES,Combined TRACON& Tower with Radar,156,20,12,0,188,0,0,2,0,2,156,20,14,0,190,0,0,0,190
09/02/2019,JAX,FL,ASO,ES,Combined TRACON& Tower with Radar,150,32,17,0,199,0,0,2,0,2,150,32,19,0,201,0,0,0,201
09/03/2019,JAX,FL,ASO,ES,Combined TRACON& Tower with Radar,147,22,18,0,187,0,0,2,0,2,147,22,20,0,189,0,0,0,189
09/04/2019,JAX,FL,ASO,ES,Combined TRACON& Tower with Radar,20,0,0,0,20,0,0,0,0,0,20,0,0,0,20,0,0,0,20
09/05/2019,JAX,FL,ASO,ES,Combined TRACON& Tower with Radar,165,38,33,0,236,0,6,5,0,11,165,44,38,0,247,0,0,0,247
09/06/2019,JAX,FL,ASO,ES,Combined TRACON& Tower with Radar,188,43,45,0,276,0,3,7,0,10,188,46,52,0,286,0,0,0,286
09/07/2019,JAX,FL,ASO,ES,Combined TRACON& Tower with Radar,153,30,31,1,215,0,7,7,1,15,153,37,38,2,230,8,0,8,238
09/08/2019,JAX,FL,ASO,ES,Combined TRACON& Tower with Radar,177,32,31,0,240,0,4,1,0,5,177,36,32,0,245,0,0,0,245
09/09/2019,JAX,FL,ASO,ES,Combined TRACON& Tower with Radar,195,47,15,3,260,0,8,5,3,16,195,55,20,6,276,0,0,0,276
09/10/2019,JAX,FL,ASO,ES,Combined TRACON& Tower with Radar,209,78,32,7,326,0,6,9,1,16,209,84,41,8,342,4,22,26,368
09/11/2019,JAX,FL,ASO,ES,Combined TRACON& Tower with Radar,193,45,31,3,272,0,0,4,5,9,193,45,35,8,281,0,22,22,303
09/12/2019,JAX,FL,ASO,ES,Combined TRACON& Tower with Radar,197,56,25,5,283,0,8,3,4,15,197,64,28,9,298,0,54,54,352
09/13/2019,JAX,FL,ASO,ES,Combined TRACON& Tower with Radar,205,39,27,12,283,0,8,0,0,8,205,47,27,12,291,14,18,32,323
09/14/2019,JAX,FL,ASO,ES,Combined TRACON& Tower with Radar,159,26,19,0,204,0,2,6,0,8,159,28,25,0,212,0,0,0,212
09/15/2019,JAX,FL,ASO,ES,Combined TRACON& Tower with Radar,178,28,16,2,224,0,4,0,0,4,178,32,16,2,228,0,0,0,228
09/16/2019,JAX,FL,ASO,ES,Combined TRACON& Tower with Radar,193,42,10,6,251,0,4,2,1,7,193,46,12,7,258,4,58,62,320
09/17/2019,JAX,FL,ASO,ES,Combined TRACON& Tower with Radar,199,51,18,15,283,0,13,7,2,22,199,64,25,17,305,0,24,24,329
09/18/2019,JAX,FL,ASO,ES,Combined TRACON& Tower with Radar,198,34,32,2,266,0,3,2,2,7,198,37,34,4,273,0,20,20,293
09/19/2019,JAX,FL,ASO,ES,Combined TRACON& Tower with Radar,197,41,40,11,289,0,0,9,2,11,197,41,49,13,300,0,82,82,382
09/20/2019,JAX,FL,ASO,ES,Combined TRACON& Tower with Radar,204,62,24,26,316,0,5,7,4,16,204,67,31,30,332,0,22,22,354
09/21/2019,JAX,FL,ASO,ES,Combined TRACON& Tower with Radar,161,35,17,0,213,0,2,9,0,11,161,37,26,0,224,0,0,0,224
09/22/2019,JAX,FL,ASO,ES,Combined TRACON& Tower with Radar,176,30,24,4,234,0,8,10,0,18,176,38,34,4,252,0,0,0,252
09/23/2019,JAX,FL,ASO,ES,Combined TRACON& Tower with Radar,193,35,26,4,258,0,6,6,1,13,193,41,32,5,271,0,0,0,271
09/24/2019,JAX,FL,ASO,ES,Combined TRACON& Tower with Radar,200,45,37,6,288,0,11,9,1,21,200,56,46,7,309,0,4,4,313
09/25/2019,JAX,FL,ASO,ES,Combined TRACON& Tower with Radar,194,38,45,6,283,0,11,3,0,14,194,49,48,6,297,0,0,0,297
09/26/2019,JAX,FL,ASO,ES,Combined TRACON& Tower with Radar,200,55,40,10,305,0,6,14,2,22,200,61,54,12,327,0,32,32,359
09/27/2019,JAX,FL,ASO,ES,Combined TRACON& Tower with Radar,197,40,35,13,285,0,8,12,2,22,197,48,47,15,307,0,0,0,307
09/28/2019,JAX,FL,ASO,ES,Combined TRACON& Tower with Radar,160,35,14,0,209,0,7,6,0,13,160,42,20,0,222,0,0,0,222
09/29/2019,JAX,FL,ASO,ES,Combined TRACON& Tower with Radar,177,30,26,0,233,0,5,15,0,20,177,35,41,0,253,0,32,32,285
09/30/2019,JAX,FL,ASO,ES,Combined TRACON& Tower with Radar,199,37,36,7,279,0,0,4,2,6,199,37,40,9,285,0,0,0,285
10/01/2019,JAX,FL,ASO,ES,Combined TRACON& Tower with Radar,193,42,45,11,291,0,5,10,2,17,193,47,55,13,308,0,36,36,344
10/02/2019,JAX,FL,ASO,ES,Combined TRACON& Tower with Radar,189,56,39,3,287,0,5,6,2,13,189,61,45,5,300,0,8,8,308
10/03/2019,JAX,FL,ASO,ES,Combined TRACON& Tower with Radar,199,60,27,11,297,0,9,6,9,24,199,69,33,20,321,0,52,52,373
10/04/2019,JAX,FL,ASO,ES,Combined TRACON& Tower with Radar,196,35,25,7,263,0,2,10,1,13,196,37,35,8,276,0,60,60,336
10/05/2019,JAX,FL,ASO,ES,Combined TRACON& Tower with Radar,171,35,18,0,224,0,1,5,0,6,171,36,23,0,230,0,0,0,230
10/06/2019,JAX,FL,ASO,ES,Combined TRACON& Tower with Radar,180,33,19,0,232,0,0,16,0,16,180,33,35,0,248,0,0,0,248
10/07/2019,JAX,FL,ASO,ES,Combined TRACON& Tower with Radar,201,37,28,0,266,0,0,3,0,3,201,37,31,0,269,0,0,0,269
10/08/2019,JAX,FL,ASO,ES,Combined TRACON& Tower with Radar,194,39,32,18,283,0,3,3,3,9,194,42,35,21,292,0,0,0,292
10/09/2019,JAX,FL,ASO,ES,Combined TRACON& Tower with Radar,191,42,24,10,267,0,1,6,4,11,191,43,30,14,278,8,34,42,320
10/10/2019,JAX,FL,ASO,ES,Combined TRACON& Tower with Radar,204,56,37,7,304,0,1,3,3,7,204,57,40,10,311,0,10,10,321
10/11/2019,JAX,FL,ASO,ES,Combined TRACON& Tower with Radar,200,48,30,0,278,0,4,13,4,21,200,52,43,4,299,16,2,18,317
10/12/2019,JAX,FL,ASO,ES,Combined TRACON& Tower with Radar,167,29,18,0,214,0,4,6,2,12,167,33,24,2,226,0,0,0,226
10/13/2019,JAX,FL,ASO,ES,Combined TRACON& Tower with Radar,182,44,32,2,260,0,6,4,2,12,182,50,36,4,272,0,0,0,272
10/14/2019,JAX,FL,ASO,ES,Combined TRACON& Tower with Radar,203,38,46,2,289,0,5,3,2,10,203,43,49,4,299,0,0,0,299
10/15/2019,JAX,FL,ASO,ES,Combined TRACON& Tower with Radar,196,35,28,7,266,0,3,1,1,5,196,38,29,8,271,0,0,0,271
10/16/2019,JAX,FL,ASO,ES,Combined TRACON& Tower with Radar,188,34,36,24,282,0,3,11,4,18,188,37,47,28,300,0,117,117,417
10/17/2019,JAX,FL,ASO,ES,Combined TRACON& Tower with Radar,197,52,26,14,289,0,8,9,4,21,197,60,35,18,310,0,52,52,362
10/18/2019,JAX,FL,ASO,ES,Combined TRACON& Tower with Radar,204,44,36,20,304,0,0,6,1,7,204,44,42,21,311,0,0,0,311
10/19/2019,JAX,FL,ASO,ES,Combined TRACON& Tower with Radar,161,25,15,2,203,0,0,0,1,1,161,25,15,3,204,0,18,18,222
10/20/2019,JAX,FL,ASO,ES,Combined TRACON& Tower with Radar,182,40,25,28,275,0,1,0,0,1,182,41,25,28,276,0,0,0,276
10/21/2019,JAX,FL,ASO,ES,Combined TRACON& Tower with Radar,202,47,33,0,282,0,4,0,0,4,202,51,33,0,286,0,0,0,286
10/22/2019,JAX,FL,ASO,ES,Combined TRACON& Tower with Radar,194,44,32,14,284,0,2,1,2,5,194,46,33,16,289,0,26,26,315
10/23/2019,JAX,FL,ASO,ES,Combined TRACON& Tower with Radar,197,40,27,9,273,0,4,2,3,9,197,44,29,12,282,0,6,6,288
10/24/2019,JAX,FL,ASO,ES,Combined TRACON& Tower with Radar,195,55,29,10,289,0,6,5,2,13,195,61,34,12,302,0,20,20,322
10/25/2019,JAX,FL,ASO,ES,Combined TRACON& Tower with Radar,202,61,31,2,296,0,1,4,4,9,202,62,35,6,305,0,0,0,305
10/26/2019,JAX,FL,ASO,ES,Combined TRACON& Tower with Radar,161,24,11,0,196,0,0,3,0,3,161,24,14,0,199,0,0,0,199
10/27/2019,JAX,FL,ASO,ES,Combined TRACON& Tower with Radar,173,49,17,1,240,0,2,0,0,2,173,51,17,1,242,0,0,0,242
10/28/2019,JAX,FL,ASO,ES,Combined TRACON& Tower with Radar,184,54,28,14,280,0,8,6,2,16,184,62,34,16,296,2,4,6,302
10/29/2019,JAX,FL,ASO,ES,Combined TRACON& Tower with Radar,182,35,24,5,246,0,0,2,0,2,182,35,26,5,248,0,0,0,248
10/30/2019,JAX,FL,ASO,ES,Combined TRACON& Tower with Radar,181,57,43,21,302,0,3,2,3,8,181,60,45,24,310,0,0,0,310
10/31/2019,JAX,FL,ASO,ES,Combined TRACON& Tower with Radar,171,56,48,25,300,0,6,1,0,7,171,62,49,25,307,0,4,4,311
11/01/2019,JAX,FL,ASO,ES,Combined TRACON& Tower with Radar,178,44,36,7,265,0,0,7,1,8,178,44,43,8,273,0,0,0,273
11/02/2019,JAX,FL,ASO,ES,Combined TRACON& Tower with Radar,160,47,29,0,236,0,2,9,0,11,160,49,38,0,247,0,0,0,247
11/03/2019,JAX,FL,ASO,ES,Combined TRACON& Tower with Radar,178,35,29,2,244,0,2,7,1,10,178,37,36,3,254,0,18,18,272
11/04/2019,JAX,FL,ASO,ES,Combined TRACON& Tower with Radar,195,40,28,8,271,0,2,2,4,8,195,42,30,12,279,0,50,50,329
11/05/2019,JAX,FL,ASO,ES,Combined TRACON& Tower with Radar,182,34,37,15,268,0,0,1,0,1,182,34,38,15,269,0,30,30,299
11/06/2019,JAX,FL,ASO,ES,Combined TRACON& Tower with Radar,189,39,47,4,279,0,0,0,2,2,189,39,47,6,281,0,6,6,287
11/07/2019,JAX,FL,ASO,ES,Combined TRACON& Tower with Radar,201,54,37,8,300,0,1,6,0,7,201,55,43,8,307,0,6,6,313
11/08/2019,JAX,FL,ASO,ES,Combined TRACON& Tower with Radar,211,49,38,25,323,0,0,1,1,2,211,49,39,26,325,0,0,0,325
11/09/2019,JAX,FL,ASO,ES,Combined TRACON& Tower with Radar,157,26,18,7,208,0,6,5,2,13,157,32,23,9,221,0,0,0,221
11/10/2019,JAX,FL,ASO,ES,Combined TRACON& Tower with Radar,174,39,32,1,246,0,10,4,0,14,174,49,36,1,260,0,0,0,260
11/11/2019,JAX,FL,ASO,ES,Combined TRACON& Tower with Radar,191,45,31,0,267,0,4,3,0,7,191,49,34,0,274,0,0,0,274
11/12/2019,JAX,FL,ASO,ES,Combined TRACON& Tower with Radar,208,41,32,17,298,0,0,0,0,0,208,41,32,17,298,0,6,6,304
11/13/2019,JAX,FL,ASO,ES,Combined TRACON& Tower with Radar,200,36,24,17,277,0,4,3,2,9,200,40,27,19,286,0,6,6,292
11/14/2019,JAX,FL,ASO,ES,Combined TRACON& Tower with Radar,198,43,40,27,308,0,0,0,0,0,198,43,40,27,308,0,0,0,308
11/15/2019,JAX,FL,ASO,ES,Combined TRACON& Tower with Radar,202,39,22,4,267,0,0,0,0,0,202,39,22,4,267,0,0,0,267
11/16/2019,JAX,FL,ASO,ES,Combined TRACON& Tower with Radar,153,28,24,1,206,0,0,0,0,0,153,28,24,1,206,0,0,0,206
11/17/2019,JAX,FL,ASO,ES,Combined TRACON& Tower with Radar,176,37,34,6,253,0,0,5,0,5,176,37,39,6,258,0,0,0,258
11/18/2019,JAX,FL,ASO,ES,Combined TRACON& Tower with Radar,194,44,25,17,280,0,14,4,0,18,194,58,29,17,298,0,0,0,298
11/19/2019,JAX,FL,ASO,ES,Combined TRACON& Tower with Radar,194,38,25,9,266,1,6,4,6,17,195,44,29,15,283,4,30,34,317
11/20/2019,JAX,FL,ASO,ES,Combined TRACON& Tower with Radar,193,34,29,7,263,0,10,7,2,19,193,44,36,9,282,4,30,34,316
11/21/2019,JAX,FL,ASO,ES,Combined TRACON& Tower with Radar,205,47,42,9,303,0,5,5,4,14,205,52,47,13,317,0,40,40,357
11/22/2019,JAX,FL,ASO,ES,Combined TRACON& Tower with Radar,211,33,41,8,293,0,4,8,0,12,211,37,49,8,305,0,0,0,305
11/23/2019,JAX,FL,ASO,ES,Combined TRACON& Tower with Radar,174,28,21,0,223,0,3,5,1,9,174,31,26,1,232,0,0,0,232
11/24/2019,JAX,FL,ASO,ES,Combined TRACON& Tower with Radar,180,35,27,1,243,0,7,6,1,14,180,42,33,2,257,0,0,0,257
11/25/2019,JAX,FL,ASO,ES,Combined TRACON& Tower with Radar,183,46,29,9,267,0,9,8,3,20,183,55,37,12,287,0,2,2,289
11/26/2019,JAX,FL,ASO,ES,Combined TRACON& Tower with Radar,193,48,35,12,288,0,12,4,3,19,193,60,39,15,307,0,40,40,347
11/27/2019,JAX,FL,ASO,ES,Combined TRACON& Tower with Radar,210,42,26,5,283,0,5,9,1,15,210,47,35,6,298,0,0,0,298
11/28/2019,JAX,FL,ASO,ES,Combined TRACON& Tower with Radar,111,16,14,0,141,0,0,8,0,8,111,16,22,0,149,0,0,0,149
11/29/2019,JAX,FL,ASO,ES,Combined TRACON& Tower with Radar,143,26,10,0,179,0,2,9,0,11,143,28,19,0,190,0,0,0,190
11/30/2019,JAX,FL,ASO,ES,Combined TRACON& Tower with Radar,188,30,31,0,249,0,4,6,0,10,188,34,37,0,259,0,0,0,259
12/01/2019,JAX,FL,ASO,ES,Combined TRACON& Tower with Radar,193,64,46,0,303,0,3,2,0,5,193,67,48,0,308,0,0,0,308
12/02/2019,JAX,FL,ASO,ES,Combined TRACON& Tower with Radar,201,35,32,29,297,0,7,6,2,15,201,42,38,31,312,0,36,36,348
12/03/2019,JAX,FL,ASO,ES,Combined TRACON& Tower with Radar,197,40,53,20,310,0,16,4,6,26,197,56,57,26,336,0,0,0,336
12/04/2019,JAX,FL,ASO,ES,Combined TRACON& Tower with Radar,191,46,40,15,292,0,8,10,13,31,191,54,50,28,323,0,50,50,373
12/05/2019,JAX,FL,ASO,ES,Combined TRACON& Tower with Radar,197,44,36,22,299,0,5,5,13,23,197,49,41,35,322,0,150,150,472
12/06/2019,JAX,FL,ASO,ES,Combined TRACON& Tower with Radar,199,41,34,14,288,0,4,11,2,17,199,45,45,16,305,0,0,0,305
12/07/2019,JAX,FL,ASO,ES,Combined TRACON& Tower with Radar,142,26,16,12,196,0,5,3,5,13,142,31,19,17,209,4,4,8,217
12/08/2019,JAX,FL,ASO,ES,Combined TRACON& Tower with Radar,167,35,28,12,242,0,0,1,2,3,167,35,29,14,245,0,0,0,245
12/09/2019,JAX,FL,ASO,ES,Combined TRACON& Tower with Radar,184,44,41,33,302,0,2,4,9,15,184,46,45,42,317,2,92,94,411
12/10/2019,JAX,FL,ASO,ES,Combined TRACON& Tower with Radar,193,47,34,55,329,0,7,6,0,13,193,54,40,55,342,0,36,36,378
12/11/2019,JAX,FL,ASO,ES,Combined TRACON& Tower with Radar,186,47,42,42,317,1,0,2,3,6,187,47,44,45,323,0,16,16,339
12/12/2019,JAX,FL,ASO,ES,Combined TRACON& Tower with Radar,197,72,40,13,322,0,0,6,1,7,197,72,46,14,329,0,0,0,329
12/13/2019,JAX,FL,ASO,ES,Combined TRACON& Tower with Radar,206,45,46,7,304,0,0,0,0,0,206,45,46,7,304,0,0,0,304
12/14/2019,JAX,FL,ASO,ES,Combined TRACON& Tower with Radar,143,28,14,1,186,0,10,10,0,20,143,38,24,1,206,0,0,0,206
12/15/2019,JAX,FL,ASO,ES,Combined TRACON& Tower with Radar,166,35,29,0,230,0,3,19,0,22,166,38,48,0,252,0,0,0,252
12/16/2019,JAX,FL,ASO,ES,Combined TRACON& Tower with Radar,191,51,41,14,297,0,6,15,8,29,191,57,56,22,326,0,6,6,332
12/17/2019,JAX,FL,ASO,ES,Combined TRACON& Tower with Radar,208,46,33,42,329,0,0,0,0,0,208,46,33,42,329,2,20,22,351
12/18/2019,JAX,FL,ASO,ES,Combined TRACON& Tower with Radar,193,43,31,23,290,0,5,8,0,13,193,48,39,23,303,0,0,0,303
12/19/2019,JAX,FL,ASO,ES,Combined TRACON& Tower with Radar,201,51,38,24,314,0,5,8,0,13,201,56,46,24,327,0,12,12,339
12/20/2019,JAX,FL,ASO,ES,Combined TRACON& Tower with Radar,207,54,29,12,302,0,0,6,1,7,207,54,35,13,309,0,0,0,309
12/21/2019,JAX,FL,ASO,ES,Combined TRACON& Tower with Radar,191,34,17,0,242,0,2,7,0,9,191,36,24,0,251,0,0,0,251
12/22/2019,JAX,FL,ASO,ES,Combined TRACON& Tower with Radar,193,38,8,0,239,0,0,0,0,0,193,38,8,0,239,0,0,0,239
12/23/2019,JAX,FL,ASO,ES,Combined TRACON& Tower with Radar,193,42,23,19,277,0,0,6,0,6,193,42,29,19,283,0,0,0,283
12/24/2019,JAX,FL,ASO,ES,Combined TRACON& Tower with Radar,156,39,6,0,201,1,0,2,0,3,157,39,8,0,204,0,0,0,204
12/25/2019,JAX,FL,ASO,ES,Combined TRACON& Tower with Radar,140,23,7,0,170,0,0,1,0,1,140,23,8,0,171,0,0,0,171
12/26/2019,JAX,FL,ASO,ES,Combined TRACON& Tower with Radar,194,47,21,4,266,0,0,2,0,2,194,47,23,4,268,0,0,0,268
12/27/2019,JAX,FL,ASO,ES,Combined TRACON& Tower with Radar,200,45,41,11,297,0,3,8,2,13,200,48,49,13,310,6,6,12,322
12/28/2019,JAX,FL,ASO,ES,Combined TRACON& Tower with Radar,181,60,27,0,268,0,2,0,0,2,181,62,27,0,270,0,0,0,270
12/29/2019,JAX,FL,ASO,ES,Combined TRACON& Tower with Radar,188,37,15,0,240,0,0,1,0,1,188,37,16,0,241,0,0,0,241
12/30/2019,JAX,FL,ASO,ES,Combined TRACON& Tower with Radar,195,41,33,14,283,0,1,4,0,5,195,42,37,14,288,0,0,0,288
12/31/2019,JAX,FL,ASO,ES,Combined TRACON& Tower with Radar,159,35,17,4,215,0,4,9,3,16,159,39,26,7,231,0,0,0,231
01/01/2020,JAX,FL,ASO,ES,Combined TRACON& Tower with Radar,144,41,14,0,199,0,2,8,0,10,144,43,22,0,209,0,0,0,209
01/02/2020,JAX,FL,ASO,ES,Combined TRACON& Tower with Radar,181,66,61,6,314,0,0,8,0,8,181,66,69,6,322,0,0,0,322
01/03/2020,JAX,FL,ASO,ES,Combined TRACON& Tower with Radar,202,55,44,34,335,0,3,4,5,12,202,58,48,39,347,0,8,8,355
01/04/2020,JAX,FL,ASO,ES,Combined TRACON& Tower with Radar,165,28,11,2,206,0,0,9,0,9,165,28,20,2,215,6,0,6,221
01/05/2020,JAX,FL,ASO,ES,Combined TRACON& Tower with Radar,173,25,19,3,220,0,6,10,0,16,173,31,29,3,236,0,0,0,236
01/06/2020,JAX,FL,ASO,ES,Combined TRACON& Tower with Radar,173,37,32,11,253,0,6,10,5,21,173,43,42,16,274,0,24,24,298
01/07/2020,JAX,FL,ASO,ES,Combined TRACON& Tower with Radar,158,43,29,25,255,0,2,6,9,17,158,45,35,34,272,0,56,56,328
01/08/2020,JAX,FL,ASO,ES,Combined TRACON& Tower with Radar,162,40,24,6,232,0,5,2,0,7,162,45,26,6,239,0,0,0,239
01/09/2020,JAX,FL,ASO,ES,Combined TRACON& Tower with Radar,168,52,42,11,273,0,3,6,5,14,168,55,48,16,287,0,18,18,305
01/10/2020,JAX,FL,ASO,ES,Combined TRACON& Tower with Radar,171,37,35,33,276,0,3,6,1,10,171,40,41,34,286,0,0,0,286
01/11/2020,JAX,FL,ASO,ES,Combined TRACON& Tower with Radar,122,29,20,6,177,0,0,2,2,4,122,29,22,8,181,0,0,0,181
01/12/2020,JAX,FL,ASO,ES,Combined TRACON& Tower with Radar,155,28,26,0,209,0,0,4,2,6,155,28,30,2,215,0,0,0,215
01/13/2020,JAX,FL,ASO,ES,Combined TRACON& Tower with Radar,169,49,28,22,268,0,2,4,3,9,169,51,32,25,277,0,45,45,322
01/14/2020,JAX,FL,ASO,ES,Combined TRACON& Tower with Radar,166,42,31,26,265,0,2,1,18,21,166,44,32,44,286,0,34,34,320
01/15/2020,JAX,FL,ASO,ES,Combined TRACON& Tower with Radar,170,42,27,14,253,0,0,3,2,5,170,42,30,16,258,2,36,38,296
01/16/2020,JAX,FL,ASO,ES,Combined TRACON& Tower with Radar,176,32,32,23,263,0,2,9,5,16,176,34,41,28,279,0,0,0,279
01/17/2020,JAX,FL,ASO,ES,Combined TRACON& Tower with Radar,171,47,26,21,265,0,4,10,1,15,171,51,36,22,280,0,0,0,280
01/18/2020,JAX,FL,ASO,ES,Combined TRACON& Tower with Radar,122,29,21,2,174,0,6,6,0,12,122,35,27,2,186,0,0,0,186
01/19/2020,JAX,FL,ASO,ES,Combined TRACON& Tower with Radar,143,19,11,0,173,0,1,1,0,2,143,20,12,0,175,0,0,0,175
01/20/2020,JAX,FL,ASO,ES,Combined TRACON& Tower with Radar,157,36,42,0,235,0,3,3,0,6,157,39,45,0,241,0,0,0,241
01/21/2020,JAX,FL,ASO,ES,Combined TRACON& Tower with Radar,159,28,21,12,220,0,2,7,4,13,159,30,28,16,233,0,64,64,297
01/22/2020,JAX,FL,ASO,ES,Combined TRACON& Tower with Radar,162,28,33,12,235,0,0,3,4,7,162,28,36,16,242,0,26,26,268
01/23/2020,JAX,FL,ASO,ES,Combined TRACON& Tower with Radar,166,41,30,8,245,0,0,0,0,0,166,41,30,8,245,0,0,0,245
01/24/2020,JAX,FL,ASO,ES,Combined TRACON& Tower with Radar,170,48,32,43,293,0,8,13,3,24,170,56,45,46,317,2,34,36,353
01/25/2020,JAX,FL,ASO,ES,Combined TRACON& Tower with Radar,123,29,7,2,161,0,2,6,2,10,123,31,13,4,171,0,0,0,171
01/26/2020,JAX,FL,ASO,ES,Combined TRACON& Tower with Radar,159,36,20,2,217,0,10,15,0,25,159,46,35,2,242,14,0,14,256
01/27/2020,JAX,FL,ASO,ES,Combined TRACON& Tower with Radar,160,41,22,2,225,0,10,20,2,32,160,51,42,4,257,4,28,32,289
01/28/2020,JAX,FL,ASO,ES,Combined TRACON& Tower with Radar,160,47,47,2,256,0,5,24,4,33,160,52,71,6,289,0,16,16,305
01/29/2020,JAX,FL,ASO,ES,Combined TRACON& Tower with Radar,165,45,33,24,267,0,5,13,2,20,165,50,46,26,287,0,8,8,295
01/30/2020,JAX,FL,ASO,ES,Combined TRACON& Tower with Radar,169,50,45,18,282,0,0,4,0,4,169,50,49,18,286,2,4,6,292
01/31/2020,JAX,FL,ASO,ES,Combined TRACON& Tower with Radar,170,49,29,20,268,0,0,0,0,0,170,49,29,20,268,0,0,0,268
02/01/2020,JAX,FL,ASO,ES,Combined TRACON& Tower with Radar,126,33,18,0,177,0,0,0,0,0,126,33,18,0,177,0,0,0,177
02/02/2020,JAX,FL,ASO,ES,Combined TRACON& Tower with Radar,148,32,11,1,192,0,7,17,1,25,148,39,28,2,217,0,0,0,217
02/03/2020,JAX,FL,ASO,ES,Combined TRACON& Tower with Radar,159,47,36,5,247,0,2,16,4,22,159,49,52,9,269,10,0,10,279
02/04/2020,JAX,FL,ASO,ES,Combined TRACON& Tower with Radar,160,49,30,12,251,0,8,11,4,23,160,57,41,16,274,2,42,44,318
02/05/2020,JAX,FL,ASO,ES,Combined TRACON& Tower with Radar,166,46,42,31,285,0,4,4,5,13,166,50,46,36,298,0,26,26,324
02/06/2020,JAX,FL,ASO,ES,Combined TRACON& Tower with Radar,157,31,37,40,265,0,0,0,2,2,157,31,37,42,267,0,12,12,279
02/07/2020,JAX,FL,ASO,ES,Combined TRACON& Tower with Radar,169,40,36,24,269,0,8,4,1,13,169,48,40,25,282,0,0,0,282
02/08/2020,JAX,FL,ASO,ES,Combined TRACON& Tower with Radar,130,43,17,0,190,0,8,13,2,23,130,51,30,2,213,0,0,0,213
02/09/2020,JAX,FL,ASO,ES,Combined TRACON& Tower with Radar,148,35,20,4,207,0,4,7,0,11,148,39,27,4,218,0,0,0,218
02/10/2020,JAX,FL,ASO,ES,Combined TRACON& Tower with Radar,167,41,35,15,258,0,4,9,6,19,167,45,44,21,277,10,42,52,329
02/11/2020,JAX,FL,ASO,ES,Combined TRACON& Tower with Radar,161,38,26,34,259,0,0,3,4,7,161,38,29,38,266,4,8,12,278
02/12/2020,JAX,FL,ASO,ES,Combined TRACON& Tower with Radar,163,42,58,53,316,0,8,3,16,27,163,50,61,69,343,0,46,46,389
02/13/2020,JAX,FL,ASO,ES,Combined TRACON& Tower with Radar,172,49,49,44,314,0,1,4,5,10,172,50,53,49,324,0,24,24,348
02/14/2020,JAX,FL,ASO,ES,Combined TRACON& Tower with Radar,172,47,35,15,269,0,0,6,1,7,172,47,41,16,276,0,0,0,276
02/15/2020,JAX,FL,ASO,ES,Combined TRACON& Tower with Radar,131,35,16,4,186,0,1,8,0,9,131,36,24,4,195,0,0,0,195
02/16/2020,JAX,FL,ASO,ES,Combined TRACON& Tower with Radar,149,37,21,10,217,0,2,4,0,6,149,39,25,10,223,0,0,0,223
02/17/2020,JAX,FL,ASO,ES,Combined TRACON& Tower with Radar,164,42,20,0,226,0,0,1,0,1,164,42,21,0,227,0,0,0,227
02/18/2020,JAX,FL,ASO,ES,Combined TRACON& Tower with Radar,163,35,38,25,261,0,0,9,13,22,163,35,47,38,283,0,94,94,377
02/19/2020,JAX,FL,ASO,ES,Combined TRACON& Tower with Radar,170,39,33,33,275,0,2,7,8,17,170,41,40,41,292,8,32,40,332
02/20/2020,JAX,FL,ASO,ES,Combined TRACON& Tower with Radar,168,49,29,13,259,0,0,0,1,1,168,49,29,14,260,0,0,0,260
02/21/2020,JAX,FL,ASO,ES,Combined TRACON& Tower with Radar,170,46,28,11,255,0,2,2,0,4,170,48,30,11,259,0,0,0,259
02/22/2020,JAX,FL,ASO,ES,Combined TRACON& Tower with Radar,134,26,13,24,197,0,2,5,0,7,134,28,18,24,204,0,0,0,204
02/23/2020,JAX,FL,ASO,ES,Combined TRACON& Tower with Radar,158,31,40,0,229,0,3,10,1,14,158,34,50,1,243,0,0,0,243
02/24/2020,JAX,FL,ASO,ES,Combined TRACON& Tower with Radar,162,58,40,15,275,0,7,13,2,22,162,65,53,17,297,17,0,17,314
02/25/2020,JAX,FL,ASO,ES,Combined TRACON& Tower with Radar,169,47,28,7,251,0,0,0,0,0,169,47,28,7,251,0,0,0,251
02/26/2020,JAX,FL,ASO,ES,Combined TRACON& Tower with Radar,163,48,34,27,272,0,0,0,6,6,163,48,34,33,278,0,0,0,278
02/27/2020,JAX,FL,ASO,ES,Combined TRACON& Tower with Radar,174,56,43,27,300,0,0,13,2,15,174,56,56,29,315,0,0,0,315
02/28/2020,JAX,FL,ASO,ES,Combined TRACON& Tower with Radar,167,56,28,10,261,0,2,12,7,21,167,58,40,17,282,0,82,82,364
02/29/2020,JAX,FL,ASO,ES,Combined TRACON& Tower with Radar,131,29,15,9,184,0,1,3,0,4,131,30,18,9,188,0,0,0,188
03/01/2020,JAX,FL,ASO,ES,Combined TRACON& Tower with Radar,159,30,30,3,222,0,7,4,0,11,159,37,34,3,233,0,2,2,235
03/02/2020,JAX,FL,ASO,ES,Combined TRACON& Tower with Radar,163,49,36,14,262,0,7,4,6,17,163,56,40,20,279,0,88,88,367
03/03/2020,JAX,FL,ASO,ES,Combined TRACON& Tower with Radar,162,53,28,20,263,0,7,11,10,28,162,60,39,30,291,79,12,91,382
03/04/2020,JAX,FL,ASO,ES,Combined TRACON& Tower with Radar,162,39,38,34,273,0,0,2,8,10,162,39,40,42,283,0,64,64,347
03/05/2020,JAX,FL,ASO,ES,Combined TRACON& Tower with Radar,182,41,29,17,269,1,0,1,8,10,183,41,30,25,279,0,62,62,341
03/06/2020,JAX,FL,ASO,ES,Combined TRACON& Tower with Radar,185,44,43,12,284,0,1,10,1,12,185,45,53,13,296,10,12,22,318
03/07/2020,JAX,FL,ASO,ES,Combined TRACON& Tower with Radar,154,25,19,0,198,0,2,7,0,9,154,27,26,0,207,0,0,0,207
03/08/2020,JAX,FL,ASO,ES,Combined TRACON& Tower with Radar,170,37,33,4,244,0,0,2,3,5,170,37,35,7,249,0,0,0,249
03/09/2020,JAX,FL,ASO,ES,Combined TRACON& Tower with Radar,180,45,37,18,280,0,3,8,4,15,180,48,45,22,295,6,10,16,311
03/10/2020,JAX,FL,ASO,ES,Combined TRACON& Tower with Radar,177,42,27,11,257,0,4,13,7,24,177,46,40,18,281,0,6,6,287
03/11/2020,JAX,FL,ASO,ES,Combined TRACON& Tower with Radar,180,45,30,26,281,0,5,9,8,22,180,50,39,34,303,4,42,46,349
03/12/2020,JAX,FL,ASO,ES,Combined TRACON& Tower with Radar,184,40,30,28,282,0,12,7,7,26,184,52,37,35,308,0,38,38,346
03/13/2020,JAX,FL,ASO,ES,Combined TRACON& Tower with Radar,185,54,37,23,299,0,15,3,6,24,185,69,40,29,323,0,78,78,401
03/14/2020,JAX,FL,ASO,ES,Combined TRACON& Tower with Radar,167,40,34,4,245,0,7,9,0,16,167,47,43,4,261,4,0,4,265
03/15/2020,JAX,FL,ASO,ES,Combined TRACON& Tower with Radar,179,33,14,0,226,0,6,7,2,15,179,39,21,2,241,12,0,12,253
03/16/2020,JAX,FL,ASO,ES,Combined TRACON& Tower with Radar,193,38,14,16,261,0,0,0,0,0,193,38,14,16,261,12,0,12,273
03/17/2020,JAX,FL,ASO,ES,Combined TRACON& Tower with Radar,173,43,30,33,279,1,3,1,4,9,174,46,31,37,288,0,34,34,322
03/18/2020,JAX,FL,ASO,ES,Combined TRACON& Tower with Radar,181,42,31,11,265,0,4,12,2,18,181,46,43,13,283,0,20,20,303
03/19/2020,JAX,FL,ASO,ES,Combined TRACON& Tower with Radar,160,41,20,13,234,0,4,12,1,17,160,45,32,14,251,0,20,20,271
03/20/2020,JAX,FL,ASO,ES,Combined TRACON& Tower with Radar,159,49,31,46,285,0,10,9,2,21,159,59,40,48,306,0,8,8,314
03/21/2020,JAX,FL,ASO,ES,Combined TRACON& Tower with Radar,142,21,17,4,184,0,8,4,0,12,142,29,21,4,196,18,0,18,214
03/22/2020,JAX,FL,ASO,ES,Combined TRACON& Tower with Radar,138,23,3,0,164,0,0,5,0,5,138,23,8,0,169,0,0,0,169
03/23/2020,JAX,FL,ASO,ES,Combined TRACON& Tower with Radar,119,24,6,12,161,0,1,5,0,6,119,25,11,12,167,10,0,10,177
03/24/2020,JAX,FL,ASO,ES,Combined TRACON& Tower with Radar,110,28,11,25,174,0,12,1,2,15,110,40,12,27,189,0,14,14,203
03/25/2020,JAX,FL,ASO,ES,Combined TRACON& Tower with Radar,109,16,15,8,148,0,2,1,2,5,109,18,16,10,153,0,0,0,153
03/26/2020,JAX,FL,ASO,ES,Combined TRACON& Tower with Radar,109,23,5,33,170,0,3,5,3,11,109,26,10,36,181,0,14,14,195
03/27/2020,JAX,FL,ASO,ES,Combined TRACON& Tower with Radar,91,20,12,4,127,0,0,2,5,7,91,20,14,9,134,8,0,8,142
03/28/2020,JAX,FL,ASO,ES,Combined TRACON& Tower with Radar,88,15,5,0,108,0,0,3,0,3,88,15,8,0,111,0,0,0,111
03/29/2020,JAX,FL,ASO,ES,Combined TRACON& Tower with Radar,85,14,4,0,103,0,1,10,0,11,85,15,14,0,114,0,2,2,116
03/30/2020,JAX,FL,ASO,ES,Combined TRACON& Tower with Radar,79,19,7,5,110,0,2,4,2,8,79,21,11,7,118,2,2,4,122
03/31/2020,JAX,FL,ASO,ES,Combined TRACON& Tower with Radar,87,10,11,2,110,0,0,1,1,2,87,10,12,3,112,0,0,0,112
04/01/2020,JAX,FL,ASO,ES,Combined TRACON& Tower with Radar,86,12,7,9,114,0,4,5,0,9,86,16,12,9,123,0,0,0,123
04/02/2020,JAX,FL,ASO,ES,Combined TRACON& Tower with Radar,74,10,10,4,98,0,8,8,4,20,74,18,18,8,118,6,44,50,168
04/03/2020,JAX,FL,ASO,ES,Combined TRACON& Tower with Radar,85,11,9,3,108,0,3,3,1,7,85,14,12,4,115,0,8,8,123
04/04/2020,JAX,FL,ASO,ES,Combined TRACON& Tower with Radar,70,14,5,0,89,0,0,5,0,5,70,14,10,0,94,0,0,0,94
04/05/2020,JAX,FL,ASO,ES,Combined TRACON& Tower with Radar,70,6,1,0,77,0,0,4,0,4,70,6,5,0,81,0,0,0,81
04/06/2020,JAX,FL,ASO,ES,Combined TRACON& Tower with Radar,76,6,1,2,85,0,4,1,0,5,76,10,2,2,90,0,4,4,94
04/07/2020,JAX,FL,ASO,ES,Combined TRACON& Tower with Radar,79,9,12,8,108,0,4,7,4,15,79,13,19,12,123,0,40,40,163
04/08/2020,JAX,FL,ASO,ES,Combined TRACON& Tower with Radar,82,12,5,5,104,0,4,2,2,8,82,16,7,7,112,0,0,0,112
04/09/2020,JAX,FL,ASO,ES,Combined TRACON& Tower with Radar,73,4,5,13,95,0,1,3,3,7,73,5,8,16,102,0,14,14,116
04/10/2020,JAX,FL,ASO,ES,Combined TRACON& Tower with Radar,77,7,9,8,101,0,3,1,2,6,77,10,10,10,107,0,20,20,127
04/11/2020,JAX,FL,ASO,ES,Combined TRACON& Tower with Radar,54,16,1,4,75,0,2,5,0,7,54,18,6,4,82,0,0,0,82
04/12/2020,JAX,FL,ASO,ES,Combined TRACON& Tower with Radar,47,5,6,0,58,0,1,0,0,1,47,6,6,0,59,0,0,0,59
04/13/2020,JAX,FL,ASO,ES,Combined TRACON& Tower with Radar,59,6,4,9,78,0,0,2,1,3,59,6,6,10,81,0,0,0,81
04/14/2020,JAX,FL,ASO,ES,Combined TRACON& Tower with Radar,59,8,7,11,85,0,0,0,0,0,59,8,7,11,85,0,0,0,85
04/15/2020,JAX,FL,ASO,ES,Combined TRACON& Tower with Radar,55,10,3,13,81,0,0,0,1,1,55,10,3,14,82,0,0,0,82
04/16/2020,JAX,FL,ASO,ES,Combined TRACON& Tower with Radar,48,20,7,27,102,0,2,0,8,10,48,22,7,35,112,0,26,26,138
04/17/2020,JAX,FL,ASO,ES,Combined TRACON& Tower with Radar,49,11,14,16,90,0,4,1,3,8,49,15,15,19,98,0,26,26,124
04/18/2020,JAX,FL,ASO,ES,Combined TRACON& Tower with Radar,42,2,0,0,44,0,0,3,0,3,42,2,3,0,47,0,0,0,47
04/19/2020,JAX,FL,ASO,ES,Combined TRACON& Tower with Radar,45,8,1,2,56,0,0,1,0,1,45,8,2,2,57,0,26,26,83
04/20/2020,JAX,FL,ASO,ES,Combined TRACON& Tower with Radar,39,11,7,4,61,0,2,4,4,10,39,13,11,8,71,0,0,0,71
04/21/2020,JAX,FL,ASO,ES,Combined TRACON& Tower with Radar,54,5,11,9,79,0,2,5,5,12,54,7,16,14,91,0,24,24,115
04/22/2020,JAX,FL,ASO,ES,Combined TRACON& Tower with Radar,44,15,11,31,101,0,1,5,2,8,44,16,16,33,109,20,28,48,157
04/23/2020,JAX,FL,ASO,ES,Combined TRACON& Tower with Radar,56,16,10,10,92,0,0,6,4,10,56,16,16,14,102,0,0,0,102
04/24/2020,JAX,FL,ASO,ES,Combined TRACON& Tower with Radar,51,16,14,13,94,0,1,5,0,6,51,17,19,13,100,2,16,18,118
04/25/2020,JAX,FL,ASO,ES,Combined TRACON& Tower with Radar,39,5,11,2,57,0,0,7,0,7,39,5,18,2,64,0,0,0,64
04/26/2020,JAX,FL,ASO,ES,Combined TRACON& Tower with Radar,46,6,5,2,59,0,7,7,0,14,46,13,12,2,73,0,0,0,73
04/27/2020,JAX,FL,ASO,ES,Combined TRACON& Tower with Radar,41,15,15,8,79,0,4,3,1,8,41,19,18,9,87,0,0,0,87
04/28/2020,JAX,FL,ASO,ES,Combined TRACON& Tower with Radar,54,13,20,6,93,0,1,8,2,11,54,14,28,8,104,20,30,50,154
04/29/2020,JAX,FL,ASO,ES,Combined TRACON& Tower with Radar,48,19,13,7,87,0,3,5,4,12,48,22,18,11,99,0,10,10,109
04/30/2020,JAX,FL,ASO,ES,Combined TRACON& Tower with Radar,51,7,17,17,92,0,0,2,13,15,51,7,19,30,107,18,76,94,201
05/01/2020,JAX,FL,ASO,ES,Combined TRACON& Tower with Radar,59,15,18,9,101,0,0,18,2,20,59,15,36,11,121,0,0,0,121
05/02/2020,JAX,FL,ASO,ES,Combined TRACON& Tower with Radar,38,4,5,0,47,0,0,7,0,7,38,4,12,0,54,0,0,0,54
05/03/2020,JAX,FL,ASO,ES,Combined TRACON& Tower with Radar,56,9,13,0,78,0,0,17,0,17,56,9,30,0,95,0,0,0,95
05/04/2020,JAX,FL,ASO,ES,Combined TRACON& Tower with Radar,52,6,25,1,84,0,5,10,2,17,52,11,35,3,101,10,60,70,171
05/05/2020,JAX,FL,ASO,ES,Combined TRACON& Tower with Radar,58,7,12,20,97,0,2,7,3,12,58,9,19,23,109,14,14,28,137
05/06/2020,JAX,FL,ASO,ES,Combined TRACON& Tower with Radar,57,9,11,14,91,0,1,2,2,5,57,10,13,16,96,0,30,30,126
05/07/2020,JAX,FL,ASO,ES,Combined TRACON& Tower with Radar,59,12,18,24,113,0,1,3,8,12,59,13,21,32,125,0,128,128,253
05/08/2020,JAX,FL,ASO,ES,Combined TRACON& Tower with Radar,52,23,16,12,103,0,4,5,5,14,52,27,21,17,117,0,0,0,117
05/09/2020,JAX,FL,ASO,ES,Combined TRACON& Tower with Radar,44,16,12,0,72,0,5,7,0,12,44,21,19,0,84,0,0,0,84
05/10/2020,JAX,FL,ASO,ES,Combined TRACON& Tower with Radar,56,4,15,6,81,0,0,5,0,5,56,4,20,6,86,0,0,0,86
05/11/2020,JAX,FL,ASO,ES,Combined TRACON& Tower with Radar,50,17,27,11,105,0,1,5,3,9,50,18,32,14,114,0,0,0,114
05/12/2020,JAX,FL,ASO,ES,Combined TRACON& Tower with Radar,51,7,11,30,99,0,3,10,8,21,51,10,21,38,120,0,10,10,130
05/13/2020,JAX,FL,ASO,ES,Combined TRACON& Tower with Radar,55,29,29,11,124,0,1,11,3,15,55,30,40,14,139,0,14,14,153
05/14/2020,JAX,FL,ASO,ES,Combined TRACON& Tower with Radar,58,21,27,11,117,0,2,5,4,11,58,23,32,15,128,0,30,30,158
05/15/2020,JAX,FL,ASO,ES,Combined TRACON& Tower with Radar,64,7,28,7,106,0,0,4,0,4,64,7,32,7,110,12,16,28,138
05/16/2020,JAX,FL,ASO,ES,Combined TRACON& Tower with Radar,45,7,13,0,65,0,0,5,0,5,45,7,18,0,70,0,0,0,70
05/17/2020,JAX,FL,ASO,ES,Combined TRACON& Tower with Radar,57,5,13,0,75,0,1,0,0,1,57,6,13,0,76,0,0,0,76
05/18/2020,JAX,FL,ASO,ES,Combined TRACON& Tower with Radar,63,14,29,10,116,0,6,7,2,15,63,20,36,12,131,0,0,0,131
05/19/2020,JAX,FL,ASO,ES,Combined TRACON& Tower with Radar,60,9,24,11,104,0,5,10,11,26,60,14,34,22,130,16,46,62,192
05/20/2020,JAX,FL,ASO,ES,Combined TRACON& Tower with Radar,54,9,23,15,101,0,2,2,5,9,54,11,25,20,110,0,52,52,162
05/21/2020,JAX,FL,ASO,ES,Combined TRACON& Tower with Radar,61,23,26,12,122,0,3,6,15,24,61,26,32,27,146,10,66,76,222
05/22/2020,JAX,FL,ASO,ES,Combined TRACON& Tower with Radar,63,15,22,5,105,0,3,6,1,10,63,18,28,6,115,0,52,52,167
05/23/2020,JAX,FL,ASO,ES,Combined TRACON& Tower with Radar,47,3,17,0,67,0,2,5,0,7,47,5,22,0,74,2,0,2,76
05/24/2020,JAX,FL,ASO,ES,Combined TRACON& Tower with Radar,55,1,16,0,72,0,1,3,0,4,55,2,19,0,76,0,0,0,76
05/25/2020,JAX,FL,ASO,ES,Combined TRACON& Tower with Radar,56,12,25,0,93,0,0,1,0,1,56,12,26,0,94,0,0,0,94
05/26/2020,JAX,FL,ASO,ES,Combined TRACON& Tower with Radar,48,17,22,9,96,0,2,0,1,3,48,19,22,10,99,0,0,0,99
05/27/2020,JAX,FL,ASO,ES,Combined TRACON& Tower with Radar,57,24,31,7,119,0,0,4,8,12,57,24,35,15,131,6,52,58,189
05/28/2020,JAX,FL,ASO,ES,Combined TRACON& Tower with Radar,64,15,27,7,113,0,0,2,4,6,64,15,29,11,119,0,22,22,141
05/29/2020,JAX,FL,ASO,ES,Combined TRACON& Tower with Radar,58,12,23,13,106,0,0,4,2,6,58,12,27,15,112,0,6,6,118
05/30/2020,JAX,FL,ASO,ES,Combined TRACON& Tower with Radar,44,16,15,3,78,0,2,3,1,6,44,18,18,4,84,0,0,0,84
05/31/2020,JAX,FL,ASO,ES,Combined TRACON& Tower with Radar,61,10,11,0,82,0,0,5,0,5,61,10,16,0,87,0,0,0,87
06/01/2020,JAX,FL,ASO,ES,Combined TRACON& Tower with Radar,59,12,16,27,114,0,3,0,13,16,59,15,16,40,130,4,8,12,142
06/02/2020,JAX,FL,ASO,ES,Combined TRACON& Tower with Radar,60,45,28,41,174,0,1,9,6,16,60,46,37,47,190,0,50,50,240
06/03/2020,JAX,FL,ASO,ES,Combined TRACON& Tower with Radar,59,19,20,14,112,0,4,8,3,15,59,23,28,17,127,2,10,12,139
06/04/2020,JAX,FL,ASO,ES,Combined TRACON& Tower with Radar,74,35,27,4,140,0,1,0,0,1,74,36,27,4,141,0,0,0,141
06/05/2020,JAX,FL,ASO,ES,Combined TRACON& Tower with Radar,75,25,21,19,140,0,2,2,5,9,75,27,23,24,149,0,8,8,157
06/06/2020,JAX,FL,ASO,ES,Combined TRACON& Tower with Radar,55,9,19,0,83,0,0,11,0,11,55,9,30,0,94,0,0,0,94
06/07/2020,JAX,FL,ASO,ES,Combined TRACON& Tower with Radar,67,9,22,0,98,0,0,0,0,0,67,9,22,0,98,4,18,22,120
06/08/2020,JAX,FL,ASO,ES,Combined TRACON& Tower with Radar,63,12,29,10,114,0,4,7,2,13,63,16,36,12,127,0,14,14,141
06/09/2020,JAX,FL,ASO,ES,Combined TRACON& Tower with Radar,60,9,24,11,104,0,5,10,11,26,60,14,34,22,130,0,42,42,172
06/10/2020,JAX,FL,ASO,ES,Combined TRACON& Tower with Radar,67,15,24,21,127,0,0,7,2,9,67,15,31,23,136,10,0,10,146
06/11/2020,JAX,FL,ASO,ES,Combined TRACON& Tower with Radar,76,17,18,12,123,0,4,2,4,10,76,21,20,16,133,0,50,50,183
06/12/2020,JAX,FL,ASO,ES,Combined TRACON& Tower with Radar,76,30,32,22,160,0,3,8,6,17,76,33,40,28,177,0,0,0,177
06/13/2020,JAX,FL,ASO,ES,Combined TRACON& Tower with Radar,59,6,17,4,86,0,3,7,0,10,59,9,24,4,96,0,0,0,96
06/14/2020,JAX,FL,ASO,ES,Combined TRACON& Tower with Radar,75,8,14,0,97,0,2,4,0,6,75,10,18,0,103,0,0,0,103
06/15/2020,JAX,FL,ASO,ES,Combined TRACON& Tower with Radar,74,19,17,12,122,0,0,6,0,6,74,19,23,12,128,0,0,0,128
06/16/2020,JAX,FL,ASO,ES,Combined TRACON& Tower with Radar,74,17,28,21,140,0,4,11,2,17,74,21,39,23,157,12,36,48,205
06/17/2020,JAX,FL,ASO,ES,Combined TRACON& Tower with Radar,75,24,40,7,146,0,4,10,3,17,75,28,50,10,163,0,46,46,209
06/18/2020,JAX,FL,ASO,ES,Combined TRACON& Tower with Radar,85,20,43,12,160,0,2,8,7,17,85,22,51,19,177,22,118,140,317
06/19/2020,JAX,FL,ASO,ES,Combined TRACON& Tower with Radar,83,21,30,9,143,0,0,9,0,9,83,21,39,9,152,0,1,1,153
06/20/2020,JAX,FL,ASO,ES,Combined TRACON& Tower with Radar,65,9,17,0,91,0,2,15,0,17,65,11,32,0,108,0,0,0,108
06/21/2020,JAX,FL,ASO,ES,Combined TRACON& Tower with Radar,79,16,32,0,127,0,0,6,0,6,79,16,38,0,133,0,0,0,133
06/22/2020,JAX,FL,ASO,ES,Combined TRACON& Tower with Radar,86,12,35,5,138,0,4,7,1,12,86,16,42,6,150,0,0,0,150
06/23/2020,JAX,FL,ASO,ES,Combined TRACON& Tower with Radar,76,17,16,3,112,0,9,5,3,17,76,26,21,6,129,0,0,0,129
06/24/2020,JAX,FL,ASO,ES,Combined TRACON& Tower with Radar,73,24,32,3,132,0,0,5,0,5,73,24,37,3,137,0,0,0,137
06/25/2020,JAX,FL,ASO,ES,Combined TRACON& Tower with Radar,86,24,18,24,152,0,3,6,6,15,86,27,24,30,167,0,78,78,245
06/26/2020,JAX,FL,ASO,ES,Combined TRACON& Tower with Radar,89,20,30,11,150,0,2,3,4,9,89,22,33,15,159,0,16,16,175
06/27/2020,JAX,FL,ASO,ES,Combined TRACON& Tower with Radar,64,12,6,0,82,0,0,4,0,4,64,12,10,0,86,4,0,4,90
06/28/2020,JAX,FL,ASO,ES,Combined TRACON& Tower with Radar,79,12,18,0,109,0,1,3,0,4,79,13,21,0,113,4,0,4,117
06/29/2020,JAX,FL,ASO,ES,Combined TRACON& Tower with Radar,83,33,9,0,125,0,0,5,0,5,83,33,14,0,130,24,0,24,154
06/30/2020,JAX,FL,ASO,ES,Combined TRACON& Tower with Radar,74,20,18,17,129,0,0,2,13,15,74,20,20,30,144,0,60,60,204
07/01/2020,JAX,FL,ASO,ES,Combined TRACON& Tower with Radar,86,14,25,14,139,0,2,4,4,10,86,16,29,18,149,0,0,0,149
07/02/2020,JAX,FL,ASO,ES,Combined TRACON& Tower with Radar,92,22,27,3,144,0,0,8,3,11,92,22,35,6,155,0,8,8,163
07/03/2020,JAX,FL,ASO,ES,Combined TRACON& Tower with Radar,89,19,12,0,120,0,0,0,0,0,89,19,12,0,120,0,8,8,128
07/04/2020,JAX,FL,ASO,ES,Combined TRACON& Tower with Radar,58,9,11,0,78,0,0,2,0,2,58,9,13,0,80,0,0,0,80
07/05/2020,JAX,FL,ASO,ES,Combined TRACON& Tower with Radar,86,10,11,0,107,0,0,0,0,0,86,10,11,0,107,0,0,0,107
07/06/2020,JAX,FL,ASO,ES,Combined TRACON& Tower with Radar,87,13,25,10,135,0,0,2,2,4,87,13,27,12,139,2,0,2,141
07/07/2020,JAX,FL,ASO,ES,Combined TRACON& Tower with Radar,105,14,20,40,179,0,2,7,3,12,105,16,27,43,191,0,6,6,197
07/08/2020,JAX,FL,ASO,ES,Combined TRACON& Tower with Radar,104,19,24,9,156,0,0,3,11,14,104,19,27,20,170,4,34,38,208
07/09/2020,JAX,FL,ASO,ES,Combined TRACON& Tower with Radar,111,12,25,3,151,0,0,8,3,11,111,12,33,6,162,0,14,14,176
07/10/2020,JAX,FL,ASO,ES,Combined TRACON& Tower with Radar,110,11,16,7,144,0,0,5,0,5,110,11,21,7,149,0,0,0,149
07/11/2020,JAX,FL,ASO,ES,Combined TRACON& Tower with Radar,92,10,8,0,110,0,0,5,2,7,92,10,13,2,117,0,0,0,117
07/12/2020,JAX,FL,ASO,ES,Combined TRACON& Tower with Radar,104,9,14,2,129,0,2,6,0,8,104,11,20,2,137,0,0,0,137
07/13/2020,JAX,FL,ASO,ES,Combined TRACON& Tower with Radar,102,21,32,10,165,0,0,7,0,7,102,21,39,10,172,0,0,0,172
07/14/2020,JAX,FL,ASO,ES,Combined TRACON& Tower with Radar,104,16,23,19,162,0,2,1,0,3,104,18,24,19,165,2,0,2,167
07/15/2020,JAX,FL,ASO,ES,Combined TRACON& Tower with Radar,123,28,41,14,206,0,0,2,1,3,123,28,43,15,209,0,0,0,209
07/16/2020,JAX,FL,ASO,ES,Combined TRACON& Tower with Radar,117,28,18,22,185,0,10,5,3,18,117,38,23,25,203,0,4,4,207
07/17/2020,JAX,FL,ASO,ES,Combined TRACON& Tower with Radar,108,23,28,7,166,0,3,10,5,18,108,26,38,12,184,22,8,30,214
07/18/2020,JAX,FL,ASO,ES,Combined TRACON& Tower with Radar,91,14,14,4,123,0,4,8,0,12,91,18,22,4,135,10,0,10,145
07/19/2020,JAX,FL,ASO,ES,Combined TRACON& Tower with Radar,105,11,16,0,132,0,1,12,2,15,105,12,28,2,147,18,0,18,165
07/20/2020,JAX,FL,ASO,ES,Combined TRACON& Tower with Radar,111,19,24,5,159,0,5,5,1,11,111,24,29,6,170,4,0,4,174
07/21/2020,JAX,FL,ASO,ES,Combined TRACON& Tower with Radar,107,26,17,34,184,0,4,6,2,12,107,30,23,36,196,4,0,4,200
07/22/2020,JAX,FL,ASO,ES,Combined TRACON& Tower with Radar,104,19,13,7,143,0,6,8,7,21,104,25,21,14,164,0,26,26,190
07/23/2020,JAX,FL,ASO,ES,Combined TRACON& Tower with Radar,124,19,30,13,186,0,1,3,9,13,124,20,33,22,199,0,28,28,227
07/24/2020,JAX,FL,ASO,ES,Combined TRACON& Tower with Radar,110,42,25,10,187,1,6,10,1,18,111,48,35,11,205,0,0,0,205
07/25/2020,JAX,FL,ASO,ES,Combined TRACON& Tower with Radar,95,9,14,0,118,0,1,4,0,5,95,10,18,0,123,0,0,0,123
07/26/2020,JAX,FL,ASO,ES,Combined TRACON& Tower with Radar,111,7,24,2,144,0,2,6,2,10,111,9,30,4,154,0,0,0,154
07/27/2020,JAX,FL,ASO,ES,Combined TRACON& Tower with Radar,100,20,31,4,155,0,0,6,0,6,100,20,37,4,161,0,0,0,161
07/28/2020,JAX,FL,ASO,ES,Combined TRACON& Tower with Radar,103,13,24,23,163,0,3,8,4,15,103,16,32,27,178,0,34,34,212
07/29/2020,JAX,FL,ASO,ES,Combined TRACON& Tower with Radar,101,16,29,17,163,0,0,7,2,9,101,16,36,19,172,0,0,0,172
07/30/2020,JAX,FL,ASO,ES,Combined TRACON& Tower with Radar,103,27,27,10,167,0,0,5,2,7,103,27,32,12,174,0,8,8,182
07/31/2020,JAX,FL,ASO,ES,Combined TRACON& Tower with Radar,101,11,22,5,139,0,3,4,3,10,101,14,26,8,149,0,0,0,149
08/01/2020,JAX,FL,ASO,ES,Combined TRACON& Tower with Radar,81,15,17,0,113,0,0,5,0,5,81,15,22,0,118,0,0,0,118
08/02/2020,JAX,FL,ASO,ES,Combined TRACON& Tower with Radar,106,18,10,0,134,0,0,5,0,5,106,18,15,0,139,0,0,0,139
08/03/2020,JAX,FL,ASO,ES,Combined TRACON& Tower with Radar,104,25,18,2,149,0,4,3,0,7,104,29,21,2,156,4,0,4,160
08/04/2020,JAX,FL,ASO,ES,Combined TRACON& Tower with Radar,99,19,17,11,146,0,0,4,6,10,99,19,21,17,156,2,34,36,192
08/05/2020,JAX,FL,ASO,ES,Combined TRACON& Tower with Radar,98,29,31,8,166,0,13,5,2,20,98,42,36,10,186,0,10,10,196
08/06/2020,JAX,FL,ASO,ES,Combined TRACON& Tower with Radar,120,20,25,8,173,0,2,15,6,23,120,22,40,14,196,0,0,0,196
08/07/2020,JAX,FL,ASO,ES,Combined TRACON& Tower with Radar,115,13,23,18,169,0,0,2,4,6,115,13,25,22,175,6,60,66,241
08/08/2020,JAX,FL,ASO,ES,Combined TRACON& Tower with Radar,85,22,15,2,124,0,0,3,0,3,85,22,18,2,127,6,60,66,193
08/09/2020,JAX,FL,ASO,ES,Combined TRACON& Tower with Radar,110,18,30,0,158,0,0,4,0,4,110,18,34,0,162,0,0,0,162
08/10/2020,JAX,FL,ASO,ES,Combined TRACON& Tower with Radar,104,23,20,2,149,0,2,2,0,4,104,25,22,2,153,0,0,0,153
08/11/2020,JAX,FL,ASO,ES,Combined TRACON& Tower with Radar,101,25,21,11,158,0,0,5,6,11,101,25,26,17,169,0,14,14,183
08/12/2020,JAX,FL,ASO,ES,Combined TRACON& Tower with Radar,100,24,29,18,171,0,2,13,5,20,100,26,42,23,191,0,72,72,263
08/13/2020,JAX,FL,ASO,ES,Combined TRACON& Tower with Radar,122,20,27,4,173,0,1,3,7,11,122,21,30,11,184,0,40,40,224
08/14/2020,JAX,FL,ASO,ES,Combined TRACON& Tower with Radar,110,17,21,6,154,0,2,5,4,11,110,19,26,10,165,0,0,0,165
08/15/2020,JAX,FL,ASO,ES,Combined TRACON& Tower with Radar,88,8,6,0,102,0,0,0,0,0,88,8,6,0,102,0,0,0,102
08/16/2020,JAX,FL,ASO,ES,Combined TRACON& Tower with Radar,107,10,14,0,131,0,0,10,0,10,107,10,24,0,141,0,0,0,141
08/17/2020,JAX,FL,ASO,ES,Combined TRACON& Tower with Radar,98,25,15,9,147,0,0,8,2,10,98,25,23,11,157,0,22,22,179
08/18/2020,JAX,FL,ASO,ES,Combined TRACON& Tower with Radar,95,20,30,23,168,0,0,1,3,4,95,20,31,26,172,0,0,0,172
08/19/2020,JAX,FL,ASO,ES,Combined TRACON& Tower with Radar,93,16,30,12,151,0,4,5,4,13,93,20,35,16,164,2,6,8,172
08/20/2020,JAX,FL,ASO,ES,Combined TRACON& Tower with Radar,113,15,25,15,168,0,0,2,5,7,113,15,27,20,175,0,26,26,201
08/21/2020,JAX,FL,ASO,ES,Combined TRACON& Tower with Radar,109,22,33,4,168,0,3,3,0,6,109,25,36,4,174,0,0,0,174
08/22/2020,JAX,FL,ASO,ES,Combined TRACON& Tower with Radar,92,13,18,10,133,0,0,3,4,7,92,13,21,14,140,0,0,0,140
08/23/2020,JAX,FL,ASO,ES,Combined TRACON& Tower with Radar,108,13,12,0,133,0,0,2,0,2,108,13,14,0,135,0,0,0,135
08/24/2020,JAX,FL,ASO,ES,Combined TRACON& Tower with Radar,102,24,24,0,150,0,4,1,0,5,102,28,25,0,155,0,50,50,205
08/25/2020,JAX,FL,ASO,ES,Combined TRACON& Tower with Radar,95,29,22,34,180,0,0,5,7,12,95,29,27,41,192,0,114,114,306
08/26/2020,JAX,FL,ASO,ES,Combined TRACON& Tower with Radar,89,44,37,11,181,0,3,13,4,20,89,47,50,15,201,10,30,40,241
08/27/2020,JAX,FL,ASO,ES,Combined TRACON& Tower with Radar,109,34,44,18,205,0,4,8,2,14,109,38,52,20,219,0,40,40,259
08/28/2020,JAX,FL,ASO,ES,Combined TRACON& Tower with Radar,102,17,30,25,174,0,2,2,3,7,102,19,32,28,181,0,0,0,181
08/29/2020,JAX,FL,ASO,ES,Combined TRACON& Tower with Radar,91,9,8,0,108,0,1,5,5,11,91,10,13,5,119,0,0,0,119
08/30/2020,JAX,FL,ASO,ES,Combined TRACON& Tower with Radar,105,31,20,2,158,0,2,6,0,8,105,33,26,2,166,0,0,0,166
08/31/2020,JAX,FL,ASO,ES,Combined TRACON& Tower with Radar,97,28,20,20,165,0,2,4,3,9,97,30,24,23,174,0,0,0,174
09/01/2020,JAX,FL,ASO,ES,Combined TRACON& Tower with Radar,93,22,19,24,158,0,0,5,3,8,93,22,24,27,166,0,42,42,208
09/02/2020,JAX,FL,ASO,ES,Combined TRACON& Tower with Radar,96,26,30,7,159,0,2,5,1,8,96,28,35,8,167,0,0,0,167
09/03/2020,JAX,FL,ASO,ES,Combined TRACON& Tower with Radar,112,28,21,34,195,0,4,5,2,11,112,32,26,36,206,0,4,4,210
09/04/2020,JAX,FL,ASO,ES,Combined TRACON& Tower with Radar,107,13,32,1,153,1,0,4,2,7,108,13,36,3,160,0,0,0,160
09/05/2020,JAX,FL,ASO,ES,Combined TRACON& Tower with Radar,80,13,9,0,102,0,2,6,0,8,80,15,15,0,110,0,0,0,110
09/06/2020,JAX,FL,ASO,ES,Combined TRACON& Tower with Radar,74,10,12,0,96,0,0,0,0,0,74,10,12,0,96,0,0,0,96
09/07/2020,JAX,FL,ASO,ES,Combined TRACON& Tower with Radar,87,18,25,0,130,0,2,3,0,5,87,20,28,0,135,0,0,0,135
09/08/2020,JAX,FL,ASO,ES,Combined TRACON& Tower with Radar,76,21,14,7,118,0,0,4,5,9,76,21,18,12,127,0,0,0,127
09/09/2020,JAX,FL,ASO,ES,Combined TRACON& Tower with Radar,94,21,25,30,170,0,0,2,6,8,94,21,27,36,178,0,0,0,178
09/10/2020,JAX,FL,ASO,ES,Combined TRACON& Tower with Radar,104,33,18,12,167,0,0,5,5,10,104,33,23,17,177,0,46,46,223
09/11/2020,JAX,FL,ASO,ES,Combined TRACON& Tower with Radar,94,18,47,22,181,0,1,2,4,7,94,19,49,26,188,0,0,0,188
09/12/2020,JAX,FL,ASO,ES,Combined TRACON& Tower with Radar,80,11,10,15,116,0,0,3,0,3,80,11,13,15,119,0,0,0,119
09/13/2020,JAX,FL,ASO,ES,Combined TRACON& Tower with Radar,87,21,19,1,128,0,0,1,1,2,87,21,20,2,130,0,0,0,130
09/14/2020,JAX,FL,ASO,ES,Combined TRACON& Tower with Radar,95,22,28,20,165,0,0,4,9,13,95,22,32,29,178,0,26,26,204
09/15/2020,JAX,FL,ASO,ES,Combined TRACON& Tower with Radar,83,25,11,15,134,0,4,3,2,9,83,29,14,17,143,0,8,8,151
09/16/2020,JAX,FL,ASO,ES,Combined TRACON& Tower with Radar,95,31,20,7,153,0,4,0,0,4,95,35,20,7,157,0,0,0,157
09/17/2020,JAX,FL,ASO,ES,Combined TRACON& Tower with Radar,100,25,20,3,148,0,2,4,3,9,100,27,24,6,157,0,18,18,175
09/18/2020,JAX,FL,ASO,ES,Combined TRACON& Tower with Radar,95,18,34,25,172,0,0,5,7,12,95,18,39,32,184,4,60,64,248
09/19/2020,JAX,FL,ASO,ES,Combined TRACON& Tower with Radar,83,13,15,12,123,0,0,0,0,0,83,13,15,12,123,0,0,0,123
09/20/2020,JAX,FL,ASO,ES,Combined TRACON& Tower with Radar,88,17,15,0,120,0,0,0,0,0,88,17,15,0,120,0,0,0,120
09/21/2020,JAX,FL,ASO,ES,Combined TRACON& Tower with Radar,93,26,13,18,150,0,0,1,0,1,93,26,14,18,151,0,0,0,151
09/22/2020,JAX,FL,ASO,ES,Combined TRACON& Tower with Radar,84,30,29,16,159,0,4,10,7,21,84,34,39,23,180,0,52,52,232
09/23/2020,JAX,FL,ASO,ES,Combined TRACON& Tower with Radar,92,24,29,42,187,0,0,12,5,17,92,24,41,47,204,10,2,12,216
09/24/2020,JAX,FL,ASO,ES,Combined TRACON& Tower with Radar,106,17,49,6,178,0,0,12,0,12,106,17,61,6,190,6,20,26,216
09/25/2020,JAX,FL,ASO,ES,Combined TRACON& Tower with Radar,102,27,39,6,174,0,2,16,0,18,102,29,55,6,192,0,0,0,192
09/26/2020,JAX,FL,ASO,ES,Combined TRACON& Tower with Radar,78,8,20,0,106,0,0,12,0,12,78,8,32,0,118,20,0,20,138
09/27/2020,JAX,FL,ASO,ES,Combined TRACON& Tower with Radar,89,15,17,0,121,0,0,3,0,3,89,15,20,0,124,14,0,14,138
09/28/2020,JAX,FL,ASO,ES,Combined TRACON& Tower with Radar,93,23,11,21,148,0,1,2,0,3,93,24,13,21,151,0,0,0,151
09/29/2020,JAX,FL,ASO,ES,Combined TRACON& Tower with Radar,83,23,22,20,148,0,0,0,1,1,83,23,22,21,149,0,0,0,149
09/30/2020,JAX,FL,ASO,ES,Combined TRACON& Tower with Radar,92,15,30,14,151,0,7,4,2,13,92,22,34,16,164,0,0,0,164
10/01/2020,JAX,FL,ASO,ES,Combined TRACON& Tower with Radar,101,28,30,28,187,0,1,15,2,18,101,29,45,30,205,0,0,0,205
10/02/2020,JAX,FL,ASO,ES,Combined TRACON& Tower with Radar,97,23,17,7,144,0,0,1,0,1,97,23,18,7,145,0,0,0,145
10/03/2020,JAX,FL,ASO,ES,Combined TRACON& Tower with Radar,81,15,16,0,112,0,1,6,0,7,81,16,22,0,119,0,0,0,119
10/04/2020,JAX,FL,ASO,ES,Combined TRACON& Tower with Radar,88,26,27,1,142,0,0,4,0,4,88,26,31,1,146,0,0,0,146
10/05/2020,JAX,FL,ASO,ES,Combined TRACON& Tower with Radar,88,30,18,2,138,0,0,0,0,0,88,30,18,2,138,0,0,0,138
10/06/2020,JAX,FL,ASO,ES,Combined TRACON& Tower with Radar,77,19,22,24,142,0,0,7,5,12,77,19,29,29,154,0,14,14,168
10/07/2020,JAX,FL,ASO,ES,Combined TRACON& Tower with Radar,84,26,42,24,176,0,0,1,2,3,84,26,43,26,179,0,0,0,179
10/08/2020,JAX,FL,ASO,ES,Combined TRACON& Tower with Radar,102,31,49,5,187,0,1,5,3,9,102,32,54,8,196,0,0,0,196
10/09/2020,JAX,FL,ASO,ES,Combined TRACON& Tower with Radar,103,39,23,12,177,0,0,1,0,1,103,39,24,12,178,0,0,0,178
10/10/2020,JAX,FL,ASO,ES,Combined TRACON& Tower with Radar,80,28,15,0,123,0,5,0,0,5,80,33,15,0,128,0,0,0,128
10/11/2020,JAX,FL,ASO,ES,Combined TRACON& Tower with Radar,93,18,16,0,127,0,0,1,0,1,93,18,17,0,128,4,0,4,132
10/12/2020,JAX,FL,ASO,ES,Combined TRACON& Tower with Radar,91,30,35,0,156,0,0,7,0,7,91,30,42,0,163,0,0,0,163
10/13/2020,JAX,FL,ASO,ES,Combined TRACON& Tower with Radar,76,23,40,22,161,0,14,9,2,25,76,37,49,24,186,0,6,6,192
10/14/2020,JAX,FL,ASO,ES,Combined TRACON& Tower with Radar,84,44,32,10,170,0,10,2,2,14,84,54,34,12,184,0,34,34,218
10/15/2020,JAX,FL,ASO,ES,Combined TRACON& Tower with Radar,101,62,30,12,205,0,14,5,4,23,101,76,35,16,228,0,80,80,308
10/16/2020,JAX,FL,ASO,ES,Combined TRACON& Tower with Radar,103,33,26,27,189,0,2,9,2,13,103,35,35,29,202,0,0,0,202
10/17/2020,JAX,FL,ASO,ES,Combined TRACON& Tower with Radar,77,21,23,23,144,0,2,13,9,24,77,23,36,32,168,0,0,0,168
10/18/2020,JAX,FL,ASO,ES,Combined TRACON& Tower with Radar,92,28,40,0,160,0,0,4,2,6,92,28,44,2,166,2,0,2,168
10/19/2020,JAX,FL,ASO,ES,Combined TRACON& Tower with Radar,95,16,24,1,136,0,0,2,2,4,95,16,26,3,140,2,58,60,200
10/20/2020,JAX,FL,ASO,ES,Combined TRACON& Tower with Radar,84,35,38,23,180,0,1,0,8,9,84,36,38,31,189,0,106,106,295
10/21/2020,JAX,FL,ASO,ES,Combined TRACON& Tower with Radar,89,33,32,12,166,1,0,5,4,10,90,33,37,16,176,0,27,27,203
10/22/2020,JAX,FL,ASO,ES,Combined TRACON& Tower with Radar,100,27,34,11,172,0,1,7,3,11,100,28,41,14,183,0,0,0,183
10/23/2020,JAX,FL,ASO,ES,Combined TRACON& Tower with Radar,99,33,44,21,197,0,0,2,5,7,99,33,46,26,204,0,0,0,204
10/24/2020,JAX,FL,ASO,ES,Combined TRACON& Tower with Radar,76,15,22,1,114,0,2,5,5,12,76,17,27,6,126,12,0,12,138
10/25/2020,JAX,FL,ASO,ES,Combined TRACON& Tower with Radar,90,34,21,2,147,0,0,4,0,4,90,34,25,2,151,0,0,0,151
10/26/2020,JAX,FL,ASO,ES,Combined TRACON& Tower with Radar,95,44,25,5,169,0,1,3,2,6,95,45,28,7,175,0,0,0,175
10/27/2020,JAX,FL,ASO,ES,Combined TRACON& Tower with Radar,82,44,22,34,182,0,2,4,7,13,82,46,26,41,195,32,26,58,253
10/28/2020,JAX,FL,ASO,ES,Combined TRACON& Tower with Radar,88,39,33,8,168,0,0,7,1,8,88,39,40,9,176,0,16,16,192
10/29/2020,JAX,FL,ASO,ES,Combined TRACON& Tower with Radar,101,32,28,11,172,0,0,2,6,8,101,32,30,17,180,0,10,10,190
10/30/2020,JAX,FL,ASO,ES,Combined TRACON& Tower with Radar,101,30,28,11,170,0,2,9,3,14,101,32,37,14,184,0,18,18,202
10/31/2020,JAX,FL,ASO,ES,Combined TRACON& Tower with Radar,63,16,16,0,95,0,0,2,0,2,63,16,18,0,97,0,0,0,97
11/01/2020,JAX,FL,ASO,ES,Combined TRACON& Tower with Radar,86,23,24,3,136,0,0,1,0,1,86,23,25,3,137,0,0,0,137
11/02/2020,JAX,FL,ASO,ES,Combined TRACON& Tower with Radar,89,29,15,18,151,0,0,11,6,17,89,29,26,24,168,2,22,24,192
11/03/2020,JAX,FL,ASO,ES,Combined TRACON& Tower with Radar,80,23,22,17,142,0,3,15,5,23,80,26,37,22,165,18,86,104,269
11/04/2020,JAX,FL,ASO,ES,Combined TRACON& Tower with Radar,88,36,32,27,183,0,3,9,7,19,88,39,41,34,202,0,76,76,278
11/05/2020,JAX,FL,ASO,ES,Combined TRACON& Tower with Radar,115,32,24,19,190,0,0,6,2,8,115,32,30,21,198,2,10,12,210
11/06/2020,JAX,FL,ASO,ES,Combined TRACON& Tower with Radar,110,33,36,3,182,0,0,2,4,6,110,33,38,7,188,0,0,0,188
11/07/2020,JAX,FL,ASO,ES,Combined TRACON& Tower with Radar,85,26,17,0,128,0,0,1,0,1,85,26,18,0,129,0,0,0,129
11/08/2020,JAX,FL,ASO,ES,Combined TRACON& Tower with Radar,102,20,37,0,159,0,0,3,2,5,102,20,40,2,164,0,0,0,164
11/09/2020,JAX,FL,ASO,ES,Combined TRACON& Tower with Radar,112,20,19,21,172,0,0,0,1,1,112,20,19,22,173,0,34,34,207
11/10/2020,JAX,FL,ASO,ES,Combined TRACON& Tower with Radar,89,40,17,13,159,0,1,1,0,2,89,41,18,13,161,2,10,12,173
11/11/2020,JAX,FL,ASO,ES,Combined TRACON& Tower with Radar,96,30,36,2,164,0,1,1,0,2,96,31,37,2,166,0,0,0,166
11/12/2020,JAX,FL,ASO,ES,Combined TRACON& Tower with Radar,121,19,22,0,162,0,1,0,1,2,121,20,22,1,164,0,0,0,164
11/13/2020,JAX,FL,ASO,ES,Combined TRACON& Tower with Radar,118,27,29,8,182,0,2,6,1,9,118,29,35,9,191,0,0,0,191
11/14/2020,JAX,FL,ASO,ES,Combined TRACON& Tower with Radar,87,26,24,6,143,0,5,9,8,22,87,31,33,14,165,0,0,0,165
11/15/2020,JAX,FL,ASO,ES,Combined TRACON& Tower with Radar,102,15,36,0,153,0,0,4,0,4,102,15,40,0,157,0,0,0,157
11/16/2020,JAX,FL,ASO,ES,Combined TRACON& Tower with Radar,112,23,26,13,174,0,2,12,1,15,112,25,38,14,189,6,6,12,201
11/17/2020,JAX,FL,ASO,ES,Combined TRACON& Tower with Radar,89,12,38,12,151,0,9,5,18,32,89,21,43,30,183,0,88,88,271
11/18/2020,JAX,FL,ASO,ES,Combined TRACON& Tower with Radar,95,23,29,22,169,0,0,9,8,17,95,23,38,30,186,0,0,0,186
11/19/2020,JAX,FL,ASO,ES,Combined TRACON& Tower with Radar,119,31,28,13,191,0,2,2,6,10,119,33,30,19,201,0,42,42,243
11/20/2020,JAX,FL,ASO,ES,Combined TRACON& Tower with Radar,122,30,24,4,180,0,0,1,3,4,122,30,25,7,184,0,22,22,206
11/21/2020,JAX,FL,ASO,ES,Combined TRACON& Tower with Radar,105,28,14,0,147,0,0,5,0,5,105,28,19,0,152,0,0,0,152
11/22/2020,JAX,FL,ASO,ES,Combined TRACON& Tower with Radar,109,26,19,0,154,0,0,3,0,3,109,26,22,0,157,0,0,0,157
11/23/2020,JAX,FL,ASO,ES,Combined TRACON& Tower with Radar,103,18,14,8,143,0,4,3,2,9,103,22,17,10,152,0,44,44,196
11/24/2020,JAX,FL,ASO,ES,Combined TRACON& Tower with Radar,125,31,28,30,214,0,6,5,6,17,125,37,33,36,231,0,36,36,267
11/25/2020,JAX,FL,ASO,ES,Combined TRACON& Tower with Radar,129,25,10,12,176,0,3,12,4,19,129,28,22,16,195,0,0,0,195
11/26/2020,JAX,FL,ASO,ES,Combined TRACON& Tower with Radar,52,11,4,0,67,0,0,4,0,4,52,11,8,0,71,0,0,0,71
11/27/2020,JAX,FL,ASO,ES,Combined TRACON& Tower with Radar,92,15,14,2,123,0,2,5,0,7,92,17,19,2,130,0,0,0,130
11/28/2020,JAX,FL,ASO,ES,Combined TRACON& Tower with Radar,110,29,15,0,154,0,0,0,0,0,110,29,15,0,154,0,0,0,154
11/29/2020,JAX,FL,ASO,ES,Combined TRACON& Tower with Radar,126,17,30,0,173,0,0,2,0,2,126,17,32,0,175,0,0,0,175
11/30/2020,JAX,FL,ASO,ES,Combined TRACON& Tower with Radar,126,25,23,44,218,0,0,2,4,6,126,25,25,48,224,0,12,12,236
12/01/2020,JAX,FL,ASO,ES,Combined TRACON& Tower with Radar,115,10,36,12,173,0,4,6,3,13,115,14,42,15,186,0,32,32,218
12/02/2020,JAX,FL,ASO,ES,Combined TRACON& Tower with Radar,89,12,27,13,141,0,1,11,4,16,89,13,38,17,157,4,4,8,165
12/03/2020,JAX,FL,ASO,ES,Combined TRACON& Tower with Radar,112,22,36,16,186,0,2,13,6,21,112,24,49,22,207,0,38,38,245
12/04/2020,JAX,FL,ASO,ES,Combined TRACON& Tower with Radar,108,38,32,18,196,0,4,9,5,18,108,42,41,23,214,0,4,4,218
12/05/2020,JAX,FL,ASO,ES,Combined TRACON& Tower with Radar,79,23,18,3,123,0,0,6,3,9,79,23,24,6,132,0,0,0,132
12/06/2020,JAX,FL,ASO,ES,Combined TRACON& Tower with Radar,102,21,19,4,146,0,3,9,0,12,102,24,28,4,158,2,0,2,160
12/07/2020,JAX,FL,ASO,ES,Combined TRACON& Tower with Radar,104,24,15,39,182,0,3,0,8,11,104,27,15,47,193,0,93,93,286
12/08/2020,JAX,FL,ASO,ES,Combined TRACON& Tower with Radar,86,14,22,8,130,0,9,5,1,15,86,23,27,9,145,0,14,14,159
12/09/2020,JAX,FL,ASO,ES,Combined TRACON& Tower with Radar,92,31,23,9,155,0,8,4,6,18,92,39,27,15,173,10,28,38,211
12/10/2020,JAX,FL,ASO,ES,Combined TRACON& Tower with Radar,111,18,19,6,154,0,0,4,2,6,111,18,23,8,160,0,20,20,180
12/11/2020,JAX,FL,ASO,ES,Combined TRACON& Tower with Radar,106,16,28,9,159,0,6,10,5,21,106,22,38,14,180,0,0,0,180
12/12/2020,JAX,FL,ASO,ES,Combined TRACON& Tower with Radar,73,18,10,2,103,0,0,6,0,6,73,18,16,2,109,0,0,0,109
12/13/2020,JAX,FL,ASO,ES,Combined TRACON& Tower with Radar,100,18,20,2,140,0,0,2,2,4,100,18,22,4,144,0,0,0,144
12/14/2020,JAX,FL,ASO,ES,Combined TRACON& Tower with Radar,98,24,19,0,141,0,0,0,0,0,98,24,19,0,141,6,0,6,147
12/15/2020,JAX,FL,ASO,ES,Combined TRACON& Tower with Radar,93,13,15,13,134,0,1,4,1,6,93,14,19,14,140,0,24,24,164
12/16/2020,JAX,FL,ASO,ES,Combined TRACON& Tower with Radar,95,22,17,0,134,0,0,0,2,2,95,22,17,2,136,0,0,0,136
12/17/2020,JAX,FL,ASO,ES,Combined TRACON& Tower with Radar,119,26,30,25,200,0,3,3,5,11,119,29,33,30,211,0,0,0,211
12/18/2020,JAX,FL,ASO,ES,Combined TRACON& Tower with Radar,131,26,33,6,196,0,3,5,0,8,131,29,38,6,204,0,48,48,252
12/19/2020,JAX,FL,ASO,ES,Combined TRACON& Tower with Radar,128,29,35,9,201,0,1,5,1,7,128,30,40,10,208,8,0,8,216
12/20/2020,JAX,FL,ASO,ES,Combined TRACON& Tower with Radar,132,29,22,7,190,0,0,1,0,1,132,29,23,7,191,0,0,0,191
12/21/2020,JAX,FL,ASO,ES,Combined TRACON& Tower with Radar,124,29,27,8,188,0,0,4,2,6,124,29,31,10,194,0,14,14,208
12/22/2020,JAX,FL,ASO,ES,Combined TRACON& Tower with Radar,132,20,21,11,184,0,0,7,2,9,132,20,28,13,193,0,0,0,193
12/23/2020,JAX,FL,ASO,ES,Combined TRACON& Tower with Radar,136,41,22,11,210,0,3,10,1,14,136,44,32,12,224,0,0,0,224
12/24/2020,JAX,FL,ASO,ES,Combined TRACON& Tower with Radar,94,13,4,0,111,0,3,0,0,3,94,16,4,0,114,0,0,0,114
12/25/2020,JAX,FL,ASO,ES,Combined TRACON& Tower with Radar,60,11,2,0,73,0,0,0,0,0,60,11,2,0,73,0,0,0,73
12/26/2020,JAX,FL,ASO,ES,Combined TRACON& Tower with Radar,105,34,17,0,156,0,0,3,0,3,105,34,20,0,159,0,0,0,159
12/27/2020,JAX,FL,ASO,ES,Combined TRACON& Tower with Radar,126,26,21,0,173,0,0,6,0,6,126,26,27,0,179,0,0,0,179
12/28/2020,JAX,FL,ASO,ES,Combined TRACON& Tower with Radar,111,26,14,0,151,0,2,3,2,7,111,28,17,2,158,0,0,0,158
12/29/2020,JAX,FL,ASO,ES,Combined TRACON& Tower with Radar,126,36,14,11,187,0,0,3,4,7,126,36,17,15,194,0,0,0,194
12/30/2020,JAX,FL,ASO,ES,Combined TRACON& Tower with Radar,120,22,16,7,165,0,0,10,3,13,120,22,26,10,178,0,6,6,184
12/31/2020,JAX,FL,ASO,ES,Combined TRACON& Tower with Radar,99,23,23,6,151,0,1,8,2,11,99,24,31,8,162,0,2,2,164
01/01/2021,JAX,FL,ASO,ES,Combined TRACON& Tower with Radar,78,18,14,2,112,0,0,6,0,6,78,18,20,2,118,0,0,0,118
01/02/2021,JAX,FL,ASO,ES,Combined TRACON& Tower with Radar,112,26,32,0,170,0,0,3,0,3,112,26,35,0,173,0,0,0,173
01/03/2021,JAX,FL,ASO,ES,Combined TRACON& Tower with Radar,126,26,33,0,185,0,0,8,0,8,126,26,41,0,193,0,0,0,193
01/04/2021,JAX,FL,ASO,ES,Combined TRACON& Tower with Radar,106,23,18,2,149,0,0,12,3,15,106,23,30,5,164,24,10,34,198
01/05/2021,JAX,FL,ASO,ES,Combined TRACON& Tower with Radar,90,22,23,8,143,0,0,9,5,14,90,22,32,13,157,0,10,10,167
01/06/2021,JAX,FL,ASO,ES,Combined TRACON& Tower with Radar,88,13,21,8,130,0,3,16,1,20,88,16,37,9,150,0,0,0,150
01/07/2021,JAX,FL,ASO,ES,Combined TRACON& Tower with Radar,108,21,30,27,186,0,2,3,4,9,108,23,33,31,195,0,55,55,250
01/08/2021,JAX,FL,ASO,ES,Combined TRACON& Tower with Radar,111,29,22,38,200,0,2,0,11,13,111,31,22,49,213,0,0,0,213
01/09/2021,JAX,FL,ASO,ES,Combined TRACON& Tower with Radar,85,12,20,30,147,0,1,0,2,3,85,13,20,32,150,0,0,0,150
01/10/2021,JAX,FL,ASO,ES,Combined TRACON& Tower with Radar,105,16,25,2,148,0,0,9,0,9,105,16,34,2,157,0,0,0,157
01/11/2021,JAX,FL,ASO,ES,Combined TRACON& Tower with Radar,101,23,20,5,149,0,0,3,3,6,101,23,23,8,155,2,26,28,183
01/12/2021,JAX,FL,ASO,ES,Combined TRACON& Tower with Radar,87,17,18,14,136,0,0,0,5,5,87,17,18,19,141,0,50,50,191
01/13/2021,JAX,FL,ASO,ES,Combined TRACON& Tower with Radar,81,14,28,25,148,1,0,2,5,8,82,14,30,30,156,4,42,46,202
01/14/2021,JAX,FL,ASO,ES,Combined TRACON& Tower with Radar,111,19,28,41,199,0,2,19,5,26,111,21,47,46,225,0,65,65,290
01/15/2021,JAX,FL,ASO,ES,Combined TRACON& Tower with Radar,115,31,34,10,190,0,0,6,2,8,115,31,40,12,198,0,0,0,198
01/16/2021,JAX,FL,ASO,ES,Combined TRACON& Tower with Radar,80,17,11,0,108,0,0,16,0,16,80,17,27,0,124,4,0,4,128
01/17/2021,JAX,FL,ASO,ES,Combined TRACON& Tower with Radar,104,12,27,1,144,0,0,15,0,15,104,12,42,1,159,2,0,2,161
01/18/2021,JAX,FL,ASO,ES,Combined TRACON& Tower with Radar,96,26,26,1,149,0,3,13,0,16,96,29,39,1,165,2,0,2,167
01/19/2021,JAX,FL,ASO,ES,Combined TRACON& Tower with Radar,84,21,33,40,178,0,9,16,0,25,84,30,49,40,203,4,2,6,209
01/20/2021,JAX,FL,ASO,ES,Combined TRACON& Tower with Radar,85,19,38,31,173,0,5,16,5,26,85,24,54,36,199,4,50,54,253
01/21/2021,JAX,FL,ASO,ES,Combined TRACON& Tower with Radar,110,31,28,23,192,0,7,9,13,29,110,38,37,36,221,4,90,94,315
01/22/2021,JAX,FL,ASO,ES,Combined TRACON& Tower with Radar,118,42,26,18,204,0,0,1,0,1,118,42,27,18,205,0,0,0,205
01/23/2021,JAX,FL,ASO,ES,Combined TRACON& Tower with Radar,79,18,20,0,117,0,0,8,4,12,79,18,28,4,129,0,0,0,129
01/24/2021,JAX,FL,ASO,ES,Combined TRACON& Tower with Radar,104,23,26,0,153,0,0,12,2,14,104,23,38,2,167,0,0,0,167
01/25/2021,JAX,FL,ASO,ES,Combined TRACON& Tower with Radar,96,32,19,4,151,0,0,1,7,8,96,32,20,11,159,0,22,22,181
01/26/2021,JAX,FL,ASO,ES,Combined TRACON& Tower with Radar,83,27,36,24,170,0,0,13,12,25,83,27,49,36,195,2,30,32,227
01/27/2021,JAX,FL,ASO,ES,Combined TRACON& Tower with Radar,86,29,37,17,169,0,0,2,2,4,86,29,39,19,173,0,0,0,173
01/28/2021,JAX,FL,ASO,ES,Combined TRACON& Tower with Radar,105,28,33,10,176,0,3,11,4,18,105,31,44,14,194,0,0,0,194
01/29/2021,JAX,FL,ASO,ES,Combined TRACON& Tower with Radar,114,26,24,10,174,0,0,9,9,18,114,26,33,19,192,4,0,4,196
01/30/2021,JAX,FL,ASO,ES,Combined TRACON& Tower with Radar,75,28,19,1,123,0,1,18,0,19,75,29,37,1,142,0,0,0,142
01/31/2021,JAX,FL,ASO,ES,Combined TRACON& Tower with Radar,98,15,10,1,124,0,0,3,0,3,98,15,13,1,127,0,0,0,127
02/01/2021,JAX,FL,ASO,ES,Combined TRACON& Tower with Radar,85,31,14,15,145,0,0,2,15,17,85,31,16,30,162,0,70,70,232
02/02/2021,JAX,FL,ASO,ES,Combined TRACON& Tower with Radar,79,18,13,27,137,0,3,2,12,17,79,21,15,39,154,4,76,80,234
02/03/2021,JAX,FL,ASO,ES,Combined TRACON& Tower with Radar,87,22,25,13,147,0,2,11,18,31,87,24,36,31,178,0,28,28,206
02/04/2021,JAX,FL,ASO,ES,Combined TRACON& Tower with Radar,107,35,34,7,183,0,2,14,12,28,107,37,48,19,211,0,0,0,211
02/05/2021,JAX,FL,ASO,ES,Combined TRACON& Tower with Radar,111,29,54,8,202,0,2,2,1,5,111,31,56,9,207,0,0,0,207
02/06/2021,JAX,FL,ASO,ES,Combined TRACON& Tower with Radar,80,27,17,0,124,0,0,1,0,1,80,27,18,0,125,0,0,0,125
02/07/2021,JAX,FL,ASO,ES,Combined TRACON& Tower with Radar,93,17,22,3,135,0,0,4,0,4,93,17,26,3,139,0,0,0,139
02/08/2021,JAX,FL,ASO,ES,Combined TRACON& Tower with Radar,96,39,36,2,173,0,1,7,0,8,96,40,43,2,181,0,0,0,181
02/09/2021,JAX,FL,ASO,ES,Combined TRACON& Tower with Radar,90,26,21,10,147,0,2,1,0,3,90,28,22,10,150,0,0,0,150
02/10/2021,JAX,FL,ASO,ES,Combined TRACON& Tower with Radar,90,24,32,25,171,0,0,3,11,14,90,24,35,36,185,0,0,0,185
02/11/2021,JAX,FL,ASO,ES,Combined TRACON& Tower with Radar,115,37,62,24,238,0,2,4,1,7,115,39,66,25,245,0,0,0,245
02/12/2021,JAX,FL,ASO,ES,Combined TRACON& Tower with Radar,122,32,27,14,195,0,0,0,0,0,122,32,27,14,195,0,0,0,195
02/13/2021,JAX,FL,ASO,ES,Combined TRACON& Tower with Radar,90,25,16,2,133,0,0,0,0,0,90,25,16,2,133,0,0,0,133
02/14/2021,JAX,FL,ASO,ES,Combined TRACON& Tower with Radar,99,20,12,0,131,0,0,0,0,0,99,20,12,0,131,0,0,0,131
02/15/2021,JAX,FL,ASO,ES,Combined TRACON& Tower with Radar,90,26,14,3,133,0,0,1,0,1,90,26,15,3,134,0,0,0,134
02/16/2021,JAX,FL,ASO,ES,Combined TRACON& Tower with Radar,70,19,29,8,126,0,2,11,2,15,70,21,40,10,141,0,0,0,141
02/17/2021,JAX,FL,ASO,ES,Combined TRACON& Tower with Radar,73,40,24,14,151,0,1,4,4,9,73,41,28,18,160,0,58,58,218
02/18/2021,JAX,FL,ASO,ES,Combined TRACON& Tower with Radar,96,41,44,41,222,0,4,5,7,16,96,45,49,48,238,14,112,126,364
02/19/2021,JAX,FL,ASO,ES,Combined TRACON& Tower with Radar,113,41,27,15,196,0,0,0,2,2,113,41,27,17,198,0,0,0,198
02/20/2021,JAX,FL,ASO,ES,Combined TRACON& Tower with Radar,85,33,17,9,144,0,2,9,4,15,85,35,26,13,159,20,0,20,179
02/21/2021,JAX,FL,ASO,ES,Combined TRACON& Tower with Radar,115,30,24,6,175,0,0,6,1,7,115,30,30,7,182,0,0,0,182
02/22/2021,JAX,FL,ASO,ES,Combined TRACON& Tower with Radar,111,34,34,10,189,0,2,6,1,9,111,36,40,11,198,0,0,0,198
02/23/2021,JAX,FL,ASO,ES,Combined TRACON& Tower with Radar,92,22,31,18,163,0,0,12,9,21,92,22,43,27,184,2,129,131,315
02/24/2021,JAX,FL,ASO,ES,Combined TRACON& Tower with Radar,93,34,27,23,177,0,8,8,12,28,93,42,35,35,205,0,83,83,288
02/25/2021,JAX,FL,ASO,ES,Combined TRACON& Tower with Radar,122,32,34,23,211,0,5,11,7,23,122,37,45,30,234,0,58,58,292
02/26/2021,JAX,FL,ASO,ES,Combined TRACON& Tower with Radar,132,37,26,24,219,0,1,14,2,17,132,38,40,26,236,0,0,0,236
02/27/2021,JAX,FL,ASO,ES,Combined TRACON& Tower with Radar,83,34,23,6,146,0,1,10,0,11,83,35,33,6,157,0,0,0,157
02/28/2021,JAX,FL,ASO,ES,Combined TRACON& Tower with Radar,115,21,25,9,170,0,0,12,0,12,115,21,37,9,182,12,0,12,194
03/01/2021,JAX,FL,ASO,ES,Combined TRACON& Tower with Radar,111,40,9,13,173,0,2,4,5,11,111,42,13,18,184,0,24,24,208
03/02/2021,JAX,FL,ASO,ES,Combined TRACON& Tower with Radar,96,32,18,29,175,0,0,0,0,0,96,32,18,29,175,0,0,0,175
03/03/2021,JAX,FL,ASO,ES,Combined TRACON& Tower with Radar,99,22,32,20,173,0,0,0,5,5,99,22,32,25,178,0,0,0,178
03/04/2021,JAX,FL,ASO,ES,Combined TRACON& Tower with Radar,130,39,44,26,239,0,2,25,12,39,130,41,69,38,278,0,0,0,278
03/05/2021,JAX,FL,ASO,ES,Combined TRACON& Tower with Radar,138,24,36,13,211,0,4,13,3,20,138,28,49,16,231,0,0,0,231
03/06/2021,JAX,FL,ASO,ES,Combined TRACON& Tower with Radar,107,15,23,14,159,0,0,1,2,3,107,15,24,16,162,0,0,0,162
03/07/2021,JAX,FL,ASO,ES,Combined TRACON& Tower with Radar,126,18,34,2,180,0,1,17,0,18,126,19,51,2,198,12,0,12,210
03/08/2021,JAX,FL,ASO,ES,Combined TRACON& Tower with Radar,137,19,26,9,191,0,4,6,3,13,137,23,32,12,204,2,0,2,206
03/09/2021,JAX,FL,ASO,ES,Combined TRACON& Tower with Radar,118,18,30,11,177,1,0,7,7,15,119,18,37,18,192,0,24,24,216
03/10/2021,JAX,FL,ASO,ES,Combined TRACON& Tower with Radar,123,41,48,13,225,1,8,7,6,22,124,49,55,19,247,0,0,0,247
03/11/2021,JAX,FL,ASO,ES,Combined TRACON& Tower with Radar,141,24,41,5,211,0,4,7,3,14,141,28,48,8,225,0,0,0,225
03/12/2021,JAX,FL,ASO,ES,Combined TRACON& Tower with Radar,149,39,26,33,247,0,0,9,3,12,149,39,35,36,259,0,89,89,348
03/13/2021,JAX,FL,ASO,ES,Combined TRACON& Tower with Radar,112,30,30,14,186,0,1,2,4,7,112,31,32,18,193,0,14,14,207
03/14/2021,JAX,FL,ASO,ES,Combined TRACON& Tower with Radar,132,19,27,10,188,0,0,6,1,7,132,19,33,11,195,0,0,0,195
03/15/2021,JAX,FL,ASO,ES,Combined TRACON& Tower with Radar,132,26,21,7,186,0,0,8,1,9,132,26,29,8,195,0,0,0,195
03/16/2021,JAX,FL,ASO,ES,Combined TRACON& Tower with Radar,129,16,29,16,190,0,0,9,8,17,129,16,38,24,207,8,8,16,223
03/17/2021,JAX,FL,ASO,ES,Combined TRACON& Tower with Radar,125,43,29,42,239,0,1,3,5,9,125,44,32,47,248,0,76,76,324
03/18/2021,JAX,FL,ASO,ES,Combined TRACON& Tower with Radar,145,32,17,18,212,0,0,3,5,8,145,32,20,23,220,0,22,22,242
03/19/2021,JAX,FL,ASO,ES,Combined TRACON& Tower with Radar,147,42,32,11,232,0,2,7,0,9,147,44,39,11,241,0,22,22,263
03/20/2021,JAX,FL,ASO,ES,Combined TRACON& Tower with Radar,147,28,27,6,208,0,2,2,0,4,147,30,29,6,212,0,0,0,212
03/21/2021,JAX,FL,ASO,ES,Combined TRACON& Tower with Radar,142,30,26,2,200,0,0,0,0,0,142,30,26,2,200,0,0,0,200
03/22/2021,JAX,FL,ASO,ES,Combined TRACON& Tower with Radar,135,33,19,7,194,0,0,4,0,4,135,33,23,7,198,0,0,0,198
03/23/2021,JAX,FL,ASO,ES,Combined TRACON& Tower with Radar,152,36,47,14,249,0,2,14,3,19,152,38,61,17,268,4,70,74,342
03/24/2021,JAX,FL,ASO,ES,Combined TRACON& Tower with Radar,131,33,41,18,223,0,0,4,12,16,131,33,45,30,239,0,16,16,255
03/25/2021,JAX,FL,ASO,ES,Combined TRACON& Tower with Radar,148,41,31,21,241,0,0,6,13,19,148,41,37,34,260,0,52,52,312
03/26/2021,JAX,FL,ASO,ES,Combined TRACON& Tower with Radar,148,47,48,13,256,0,1,9,1,11,148,48,57,14,267,4,0,4,271
03/27/2021,JAX,FL,ASO,ES,Combined TRACON& Tower with Radar,117,21,34,13,185,0,0,7,3,10,117,21,41,16,195,12,0,12,207
03/28/2021,JAX,FL,ASO,ES,Combined TRACON& Tower with Radar,133,27,21,10,191,0,0,10,0,10,133,27,31,10,201,0,0,0,201
03/29/2021,JAX,FL,ASO,ES,Combined TRACON& Tower with Radar,137,35,45,15,232,0,5,10,1,16,137,40,55,16,248,0,0,0,248
03/30/2021,JAX,FL,ASO,ES,Combined TRACON& Tower with Radar,135,23,24,10,192,0,0,3,2,5,135,23,27,12,197,0,30,30,227
03/31/2021,JAX,FL,ASO,ES,Combined TRACON& Tower with Radar,134,20,35,28,217,0,1,8,3,12,134,21,43,31,229,0,28,28,257
04/01/2021,JAX,FL,ASO,ES,Combined TRACON& Tower with Radar,146,19,32,10,207,0,2,5,1,8,146,21,37,11,215,4,0,4,219
04/02/2021,JAX,FL,ASO,ES,Combined TRACON& Tower with Radar,154,28,22,0,204,0,0,6,0,6,154,28,28,0,210,0,0,0,210
04/03/2021,JAX,FL,ASO,ES,Combined TRACON& Tower with Radar,124,22,33,0,179,0,0,2,0,2,124,22,35,0,181,4,0,4,185
04/04/2021,JAX,FL,ASO,ES,Combined TRACON& Tower with Radar,145,16,26,0,187,0,0,13,0,13,145,16,39,0,200,0,0,0,200
04/05/2021,JAX,FL,ASO,ES,Combined TRACON& Tower with Radar,142,44,25,6,217,0,0,8,2,10,142,44,33,8,227,0,2,2,229
04/06/2021,JAX,FL,ASO,ES,Combined TRACON& Tower with Radar,132,28,35,11,206,0,3,13,5,21,132,31,48,16,227,0,28,28,255
04/07/2021,JAX,FL,ASO,ES,Combined TRACON& Tower with Radar,134,39,37,18,228,0,3,22,10,35,134,42,59,28,263,16,44,60,323
04/08/2021,JAX,FL,ASO,ES,Combined TRACON& Tower with Radar,154,34,39,23,250,0,4,6,5,15,154,38,45,28,265,0,24,24,289
04/09/2021,JAX,FL,ASO,ES,Combined TRACON& Tower with Radar,151,39,32,17,239,0,0,8,7,15,151,39,40,24,254,0,0,0,254
04/10/2021,JAX,FL,ASO,ES,Combined TRACON& Tower with Radar,129,25,17,3,174,0,0,5,0,5,129,25,22,3,179,0,0,0,179
04/11/2021,JAX,FL,ASO,ES,Combined TRACON& Tower with Radar,139,26,24,2,191,0,1,5,0,6,139,27,29,2,197,0,0,0,197
04/12/2021,JAX,FL,ASO,ES,Combined TRACON& Tower with Radar,133,33,36,10,212,0,3,6,13,22,133,36,42,23,234,0,34,34,268
04/13/2021,JAX,FL,ASO,ES,Combined TRACON& Tower with Radar,121,25,34,16,196,0,4,17,8,29,121,29,51,24,225,18,54,72,297
04/14/2021,JAX,FL,ASO,ES,Combined TRACON& Tower with Radar,125,42,42,29,238,0,6,12,13,31,125,48,54,42,269,30,60,90,359
04/15/2021,JAX,FL,ASO,ES,Combined TRACON& Tower with Radar,150,26,47,35,258,0,3,10,11,24,150,29,57,46,282,0,114,114,396
04/16/2021,JAX,FL,ASO,ES,Combined TRACON& Tower with Radar,149,32,24,12,217,0,0,2,4,6,149,32,26,16,223,0,0,0,223
04/17/2021,JAX,FL,ASO,ES,Combined TRACON& Tower with Radar,121,20,25,7,173,0,0,5,0,5,121,20,30,7,178,0,0,0,178
04/18/2021,JAX,FL,ASO,ES,Combined TRACON& Tower with Radar,140,18,23,2,183,0,0,0,1,1,140,18,23,3,184,0,0,0,184
04/19/2021,JAX,FL,ASO,ES,Combined TRACON& Tower with Radar,147,19,38,2,206,0,2,5,1,8,147,21,43,3,214,20,50,70,284
04/20/2021,JAX,FL,ASO,ES,Combined TRACON& Tower with Radar,144,26,38,12,220,0,0,7,9,16,144,26,45,21,236,0,16,16,252
04/21/2021,JAX,FL,ASO,ES,Combined TRACON& Tower with Radar,130,34,42,13,219,0,6,3,3,12,130,40,45,16,231,10,12,22,253
04/22/2021,JAX,FL,ASO,ES,Combined TRACON& Tower with Radar,158,30,42,14,244,0,0,7,4,11,158,30,49,18,255,0,0,0,255
04/23/2021,JAX,FL,ASO,ES,Combined TRACON& Tower with Radar,148,35,25,7,215,0,2,10,4,16,148,37,35,11,231,8,2,10,241
04/24/2021,JAX,FL,ASO,ES,Combined TRACON& Tower with Radar,115,39,38,5,197,0,0,1,0,1,115,39,39,5,198,0,0,0,198
04/25/2021,JAX,FL,ASO,ES,Combined TRACON& Tower with Radar,156,41,66,3,266,0,0,11,0,11,156,41,77,3,277,0,0,0,277
04/26/2021,JAX,FL,ASO,ES,Combined TRACON& Tower with Radar,145,38,40,5,228,0,2,11,4,17,145,40,51,9,245,0,44,44,289
04/27/2021,JAX,FL,ASO,ES,Combined TRACON& Tower with Radar,123,37,29,19,208,0,2,15,3,20,123,39,44,22,228,66,100,166,394
04/28/2021,JAX,FL,ASO,ES,Combined TRACON& Tower with Radar,123,35,32,10,200,0,0,12,7,19,123,35,44,17,219,60,88,148,367
04/29/2021,JAX,FL,ASO,ES,Combined TRACON& Tower with Radar,149,31,36,8,224,0,0,9,7,16,149,31,45,15,240,26,28,54,294
04/30/2021,JAX,FL,ASO,ES,Combined TRACON& Tower with Radar,150,37,38,4,229,0,2,15,5,22,150,39,53,9,251,24,16,40,291
05/01/2021,JAX,FL,ASO,ES,Combined TRACON& Tower with Radar,117,23,26,6,172,0,1,14,3,18,117,24,40,9,190,0,0,0,190
05/02/2021,JAX,FL,ASO,ES,Combined TRACON& Tower with Radar,133,22,31,0,186,0,0,7,0,7,133,22,38,0,193,0,0,0,193
05/03/2021,JAX,FL,ASO,ES,Combined TRACON& Tower with Radar,137,28,21,2,188,0,2,8,0,10,137,30,29,2,198,0,0,0,198
05/04/2021,JAX,FL,ASO,ES,Combined TRACON& Tower with Radar,128,16,41,18,203,0,0,10,2,12,128,16,51,20,215,0,2,2,217
05/05/2021,JAX,FL,ASO,ES,Combined TRACON& Tower with Radar,136,29,42,8,215,0,0,5,4,9,136,29,47,12,224,16,0,16,240
05/06/2021,JAX,FL,ASO,ES,Combined TRACON& Tower with Radar,162,45,40,10,257,0,0,2,5,7,162,45,42,15,264,0,14,14,278
05/07/2021,JAX,FL,ASO,ES,Combined TRACON& Tower with Radar,162,50,27,10,249,0,0,9,1,10,162,50,36,11,259,0,0,0,259
05/08/2021,JAX,FL,ASO,ES,Combined TRACON& Tower with Radar,133,20,24,11,188,0,1,9,1,11,133,21,33,12,199,4,8,12,211
05/09/2021,JAX,FL,ASO,ES,Combined TRACON& Tower with Radar,144,26,24,4,198,0,2,9,0,11,144,28,33,4,209,0,0,0,209
05/10/2021,JAX,FL,ASO,ES,Combined TRACON& Tower with Radar,155,35,44,7,241,0,0,2,0,2,155,35,46,7,243,0,0,0,243
05/11/2021,JAX,FL,ASO,ES,Combined TRACON& Tower with Radar,144,15,45,13,217,0,0,8,9,17,144,15,53,22,234,20,90,110,344
05/12/2021,JAX,FL,ASO,ES,Combined TRACON& Tower with Radar,149,21,33,13,216,0,2,5,5,12,149,23,38,18,228,6,14,20,248
05/13/2021,JAX,FL,ASO,ES,Combined TRACON& Tower with Radar,166,30,38,13,247,0,2,2,1,5,166,32,40,14,252,0,12,12,264
05/14/2021,JAX,FL,ASO,ES,Combined TRACON& Tower with Radar,166,33,38,12,249,0,2,5,4,11,166,35,43,16,260,0,0,0,260
05/15/2021,JAX,FL,ASO,ES,Combined TRACON& Tower with Radar,131,17,22,0,170,0,0,8,0,8,131,17,30,0,178,0,0,0,178
05/16/2021,JAX,FL,ASO,ES,Combined TRACON& Tower with Radar,149,35,35,2,221,0,1,15,0,16,149,36,50,2,237,0,0,0,237
05/17/2021,JAX,FL,ASO,ES,Combined TRACON& Tower with Radar,150,44,26,36,256,0,4,4,4,12,150,48,30,40,268,0,0,0,268
05/18/2021,JAX,FL,ASO,ES,Combined TRACON& Tower with Radar,153,35,28,18,234,0,1,5,6,12,153,36,33,24,246,0,10,10,256
05/19/2021,JAX,FL,ASO,ES,Combined TRACON& Tower with Radar,154,48,41,19,262,0,2,8,9,19,154,50,49,28,281,4,46,50,331
05/20/2021,JAX,FL,ASO,ES,Combined TRACON& Tower with Radar,159,38,40,19,256,0,2,4,3,9,159,40,44,22,265,6,30,36,301
05/21/2021,JAX,FL,ASO,ES,Combined TRACON& Tower with Radar,164,46,50,39,299,0,0,4,3,7,164,46,54,42,306,0,0,0,306
05/22/2021,JAX,FL,ASO,ES,Combined TRACON& Tower with Radar,133,13,27,48,221,0,0,3,0,3,133,13,30,48,224,0,4,4,228
05/23/2021,JAX,FL,ASO,ES,Combined TRACON& Tower with Radar,153,36,40,7,236,0,2,9,1,12,153,38,49,8,248,0,0,0,248
05/24/2021,JAX,FL,ASO,ES,Combined TRACON& Tower with Radar,154,38,30,8,230,0,2,15,4,21,154,40,45,12,251,24,0,24,275
05/25/2021,JAX,FL,ASO,ES,Combined TRACON& Tower with Radar,154,26,38,13,231,0,3,21,8,32,154,29,59,21,263,54,36,90,353
05/26/2021,JAX,FL,ASO,ES,Combined TRACON& Tower with Radar,152,38,35,22,247,0,2,14,5,21,152,40,49,27,268,8,0,8,276
05/27/2021,JAX,FL,ASO,ES,Combined TRACON& Tower with Radar,161,29,48,3,241,0,0,5,4,9,161,29,53,7,250,2,26,28,278
05/28/2021,JAX,FL,ASO,ES,Combined TRACON& Tower with Radar,161,28,25,2,216,0,2,11,0,13,161,30,36,2,229,26,0,26,255
05/29/2021,JAX,FL,ASO,ES,Combined TRACON& Tower with Radar,136,12,33,0,181,0,1,4,0,5,136,13,37,0,186,0,0,0,186
05/30/2021,JAX,FL,ASO,ES,Combined TRACON& Tower with Radar,145,18,15,0,178,0,0,13,0,13,145,18,28,0,191,0,0,0,191
05/31/2021,JAX,FL,ASO,ES,Combined TRACON& Tower with Radar,148,31,44,0,223,0,3,15,0,18,148,34,59,0,241,0,0,0,241
06/01/2021,JAX,FL,ASO,ES,Combined TRACON& Tower with Radar,141,15,38,34,228,0,3,10,7,20,141,18,48,41,248,0,50,50,298
06/02/2021,JAX,FL,ASO,ES,Combined TRACON& Tower with Radar,157,28,21,18,224,0,2,7,10,19,157,30,28,28,243,0,48,48,291
06/03/2021,JAX,FL,ASO,ES,Combined TRACON& Tower with Radar,168,24,27,26,245,0,2,2,3,7,168,26,29,29,252,4,28,32,284
06/04/2021,JAX,FL,ASO,ES,Combined TRACON& Tower with Radar,172,33,46,16,267,0,0,10,2,12,172,33,56,18,279,0,0,0,279
06/05/2021,JAX,FL,ASO,ES,Combined TRACON& Tower with Radar,134,21,18,1,174,0,0,4,0,4,134,21,22,1,178,0,0,0,178
06/06/2021,JAX,FL,ASO,ES,Combined TRACON& Tower with Radar,156,25,38,2,221,0,0,11,0,11,156,25,49,2,232,0,0,0,232
06/07/2021,JAX,FL,ASO,ES,Combined TRACON& Tower with Radar,158,17,39,5,219,0,0,0,3,3,158,17,39,8,222,0,0,0,222
06/08/2021,JAX,FL,ASO,ES,Combined TRACON& Tower with Radar,158,27,32,13,230,0,5,8,2,15,158,32,40,15,245,0,26,26,271
06/09/2021,JAX,FL,ASO,ES,Combined TRACON& Tower with Radar,170,33,36,11,250,0,3,12,4,19,170,36,48,15,269,0,53,53,322
06/10/2021,JAX,FL,ASO,ES,Combined TRACON& Tower with Radar,170,32,39,19,260,0,0,7,3,10,170,32,46,22,270,0,22,22,292
06/11/2021,JAX,FL,ASO,ES,Combined TRACON& Tower with Radar,176,37,28,6,247,0,2,2,1,5,176,39,30,7,252,0,10,10,262
06/12/2021,JAX,FL,ASO,ES,Combined TRACON& Tower with Radar,132,20,31,9,192,0,0,2,10,12,132,20,33,19,204,0,0,0,204
06/13/2021,JAX,FL,ASO,ES,Combined TRACON& Tower with Radar,163,19,22,2,206,0,0,3,0,3,163,19,25,2,209,0,0,0,209
06/14/2021,JAX,FL,ASO,ES,Combined TRACON& Tower with Radar,161,35,18,0,214,0,0,3,2,5,161,35,21,2,219,0,10,10,229
06/15/2021,JAX,FL,ASO,ES,Combined TRACON& Tower with Radar,170,16,26,10,222,0,0,2,1,3,170,16,28,11,225,0,0,0,225
06/16/2021,JAX,FL,ASO,ES,Combined TRACON& Tower with Radar,177,28,30,16,251,0,3,9,1,13,177,31,39,17,264,3,14,17,281
06/17/2021,JAX,FL,ASO,ES,Combined TRACON& Tower with Radar,181,43,41,20,285,0,0,7,2,9,181,43,48,22,294,12,1,13,307
06/18/2021,JAX,FL,ASO,ES,Combined TRACON& Tower with Radar,178,28,45,5,256,0,0,3,0,3,178,28,48,5,259,0,0,0,259
06/19/2021,JAX,FL,ASO,ES,Combined TRACON& Tower with Radar,139,24,40,0,203,0,0,8,0,8,139,24,48,0,211,0,0,0,211
06/20/2021,JAX,FL,ASO,ES,Combined TRACON& Tower with Radar,158,26,20,0,204,0,0,2,0,2,158,26,22,0,206,0,0,0,206
06/21/2021,JAX,FL,ASO,ES,Combined TRACON& Tower with Radar,158,31,51,2,242,0,0,4,2,6,158,31,55,4,248,0,0,0,248
06/22/2021,JAX,FL,ASO,ES,Combined TRACON& Tower with Radar,179,23,45,9,256,0,0,4,1,5,179,23,49,10,261,12,19,31,292
06/23/2021,JAX,FL,ASO,ES,Combined TRACON& Tower with Radar,171,28,37,8,244,0,0,0,1,1,171,28,37,9,245,0,10,10,255
06/24/2021,JAX,FL,ASO,ES,Combined TRACON& Tower with Radar,182,40,39,0,261,0,0,2,1,3,182,40,41,1,264,0,0,0,264
06/25/2021,JAX,FL,ASO,ES,Combined TRACON& Tower with Radar,176,45,32,5,258,0,0,6,2,8,176,45,38,7,266,0,0,0,266
06/26/2021,JAX,FL,ASO,ES,Combined TRACON& Tower with Radar,138,28,16,1,183,0,0,1,0,1,138,28,17,1,184,0,0,0,184
06/27/2021,JAX,FL,ASO,ES,Combined TRACON& Tower with Radar,160,27,36,0,223,0,1,3,0,4,160,28,39,0,227,0,0,0,227
06/28/2021,JAX,FL,ASO,ES,Combined TRACON& Tower with Radar,168,35,33,4,240,0,0,2,0,2,168,35,35,4,242,0,0,0,242
06/29/2021,JAX,FL,ASO,ES,Combined TRACON& Tower with Radar,169,26,20,10,225,0,3,10,3,16,169,29,30,13,241,0,8,8,249
06/30/2021,JAX,FL,ASO,ES,Combined TRACON& Tower with Radar,167,39,54,21,281,0,0,3,1,4,167,39,57,22,285,0,0,0,285
07/01/2021,JAX,FL,ASO,ES,Combined TRACON& Tower with Radar,175,34,51,8,268,0,0,4,3,7,175,34,55,11,275,0,0,0,275
07/02/2021,JAX,FL,ASO,ES,Combined TRACON& Tower with Radar,171,48,30,8,257,0,0,3,1,4,171,48,33,9,261,0,0,0,261
07/03/2021,JAX,FL,ASO,ES,Combined TRACON& Tower with Radar,152,13,21,0,186,0,0,2,0,2,152,13,23,0,188,0,0,0,188
07/04/2021,JAX,FL,ASO,ES,Combined TRACON& Tower with Radar,133,15,10,0,158,0,0,2,0,2,133,15,12,0,160,0,0,0,160
07/05/2021,JAX,FL,ASO,ES,Combined TRACON& Tower with Radar,150,30,33,1,214,0,0,0,0,0,150,30,33,1,214,0,0,0,214
07/06/2021,JAX,FL,ASO,ES,Combined TRACON& Tower with Radar,148,21,22,4,195,0,0,5,1,6,148,21,27,5,201,0,0,0,201
07/07/2021,JAX,FL,ASO,ES,Combined TRACON& Tower with Radar,131,11,4,0,146,0,0,0,0,0,131,11,4,0,146,0,0,0,146
07/08/2021,JAX,FL,ASO,ES,Combined TRACON& Tower with Radar,177,28,27,28,260,0,2,5,12,19,177,30,32,40,279,2,40,42,321
07/09/2021,JAX,FL,ASO,ES,Combined TRACON& Tower with Radar,165,28,35,18,246,0,0,4,6,10,165,28,39,24,256,0,0,0,256
07/10/2021,JAX,FL,ASO,ES,Combined TRACON& Tower with Radar,152,23,17,7,199,0,2,3,4,9,152,25,20,11,208,0,4,4,212
07/11/2021,JAX,FL,ASO,ES,Combined TRACON& Tower with Radar,161,29,21,0,211,0,0,3,0,3,161,29,24,0,214,0,0,0,214
07/12/2021,JAX,FL,ASO,ES,Combined TRACON& Tower with Radar,173,29,29,3,234,0,1,1,2,4,173,30,30,5,238,0,14,14,252
07/13/2021,JAX,FL,ASO,ES,Combined TRACON& Tower with Radar,165,24,21,20,230,0,4,3,8,15,165,28,24,28,245,0,30,30,275
07/14/2021,JAX,FL,ASO,ES,Combined TRACON& Tower with Radar,161,38,33,9,241,0,2,5,3,10,161,40,38,12,251,0,0,0,251
07/15/2021,JAX,FL,ASO,ES,Combined TRACON& Tower with Radar,183,24,40,13,260,0,5,5,6,16,183,29,45,19,276,0,12,12,288
07/16/2021,JAX,FL,ASO,ES,Combined TRACON& Tower with Radar,175,24,33,22,254,0,0,6,6,12,175,24,39,28,266,0,11,11,277
07/17/2021,JAX,FL,ASO,ES,Combined TRACON& Tower with Radar,140,13,16,6,175,0,1,10,4,15,140,14,26,10,190,0,52,52,242
07/18/2021,JAX,FL,ASO,ES,Combined TRACON& Tower with Radar,164,26,18,1,209,0,2,5,0,7,164,28,23,1,216,0,0,0,216
07/19/2021,JAX,FL,ASO,ES,Combined TRACON& Tower with Radar,164,32,22,37,255,0,0,2,7,9,164,32,24,44,264,0,0,0,264
07/20/2021,JAX,FL,ASO,ES,Combined TRACON& Tower with Radar,171,35,37,11,254,0,2,2,2,6,171,37,39,13,260,2,10,12,272
07/21/2021,JAX,FL,ASO,ES,Combined TRACON& Tower with Radar,168,31,33,13,245,0,0,7,0,7,168,31,40,13,252,18,0,18,270
07/22/2021,JAX,FL,ASO,ES,Combined TRACON& Tower with Radar,175,43,35,11,264,0,0,1,1,2,175,43,36,12,266,0,0,0,266
07/23/2021,JAX,FL,ASO,ES,Combined TRACON& Tower with Radar,169,27,18,30,244,0,2,4,4,10,169,29,22,34,254,0,0,0,254
07/24/2021,JAX,FL,ASO,ES,Combined TRACON& Tower with Radar,149,16,24,0,189,0,1,4,0,5,149,17,28,0,194,10,0,10,204
07/25/2021,JAX,FL,ASO,ES,Combined TRACON& Tower with Radar,160,18,22,2,202,0,2,7,2,11,160,20,29,4,213,0,0,0,213
07/26/2021,JAX,FL,ASO,ES,Combined TRACON& Tower with Radar,168,30,28,2,228,0,0,1,0,1,168,30,29,2,229,0,0,0,229
07/27/2021,JAX,FL,ASO,ES,Combined TRACON& Tower with Radar,171,23,28,10,232,0,0,5,2,7,171,23,33,12,239,0,0,0,239
07/28/2021,JAX,FL,ASO,ES,Combined TRACON& Tower with Radar,177,29,32,9,247,0,0,6,5,11,177,29,38,14,258,0,0,0,258
07/29/2021,JAX,FL,ASO,ES,Combined TRACON& Tower with Radar,175,40,37,10,262,0,0,5,3,8,175,40,42,13,270,0,0,0,270
07/30/2021,JAX,FL,ASO,ES,Combined TRACON& Tower with Radar,171,36,32,9,248,1,0,4,0,5,172,36,36,9,253,0,0,0,253
07/31/2021,JAX,FL,ASO,ES,Combined TRACON& Tower with Radar,143,17,17,0,177,0,2,4,0,6,143,19,21,0,183,0,0,0,183
08/01/2021,JAX,FL,ASO,ES,Combined TRACON& Tower with Radar,158,32,21,0,211,0,0,4,0,4,158,32,25,0,215,0,0,0,215
08/02/2021,JAX,FL,ASO,ES,Combined TRACON& Tower with Radar,176,24,15,3,218,0,0,11,6,17,176,24,26,9,235,4,6,10,245
08/03/2021,JAX,FL,ASO,ES,Combined TRACON& Tower with Radar,164,24,28,5,221,0,0,1,3,4,164,24,29,8,225,0,12,12,237
08/04/2021,JAX,FL,ASO,ES,Combined TRACON& Tower with Radar,171,40,17,26,254,0,0,0,2,2,171,40,17,28,256,0,0,0,256
08/05/2021,JAX,FL,ASO,ES,Combined TRACON& Tower with Radar,177,22,35,10,244,0,0,3,4,7,177,22,38,14,251,0,10,10,261
08/06/2021,JAX,FL,ASO,ES,Combined TRACON& Tower with Radar,181,26,26,17,250,0,1,6,4,11,181,27,32,21,261,14,20,34,295
08/07/2021,JAX,FL,ASO,ES,Combined TRACON& Tower with Radar,146,16,12,0,174,0,0,7,0,7,146,16,19,0,181,0,0,0,181
08/08/2021,JAX,FL,ASO,ES,Combined TRACON& Tower with Radar,166,19,26,0,211,0,0,4,0,4,166,19,30,0,215,0,0,0,215
08/09/2021,JAX,FL,ASO,ES,Combined TRACON& Tower with Radar,164,45,16,24,249,0,2,5,3,10,164,47,21,27,259,4,12,16,275
08/10/2021,JAX,FL,ASO,ES,Combined TRACON& Tower with Radar,157,25,22,34,238,1,2,7,6,16,158,27,29,40,254,0,0,0,254
08/11/2021,JAX,FL,ASO,ES,Combined TRACON& Tower with Radar,161,31,30,22,244,0,3,20,3,26,161,34,50,25,270,4,14,18,288
08/12/2021,JAX,FL,ASO,ES,Combined TRACON& Tower with Radar,172,38,38,7,255,0,2,10,2,14,172,40,48,9,269,0,30,30,299
08/13/2021,JAX,FL,ASO,ES,Combined TRACON& Tower with Radar,175,31,28,6,240,0,0,3,4,7,175,31,31,10,247,13,0,13,260
08/14/2021,JAX,FL,ASO,ES,Combined TRACON& Tower with Radar,149,20,26,0,195,0,0,4,0,4,149,20,30,0,199,0,0,0,199
08/15/2021,JAX,FL,ASO,ES,Combined TRACON& Tower with Radar,156,20,17,0,193,0,0,2,0,2,156,20,19,0,195,0,0,0,195
08/16/2021,JAX,FL,ASO,ES,Combined TRACON& Tower with Radar,169,22,13,1,205,0,0,1,5,6,169,22,14,6,211,0,12,12,223
08/17/2021,JAX,FL,ASO,ES,Combined TRACON& Tower with Radar,148,27,17,22,214,0,0,0,8,8,148,27,17,30,222,0,73,73,295
08/18/2021,JAX,FL,ASO,ES,Combined TRACON& Tower with Radar,159,27,50,10,246,0,2,3,3,8,159,29,53,13,254,4,0,4,258
08/19/2021,JAX,FL,ASO,ES,Combined TRACON& Tower with Radar,165,21,28,9,223,0,0,5,3,8,165,21,33,12,231,0,0,0,231
08/20/2021,JAX,FL,ASO,ES,Combined TRACON& Tower with Radar,174,28,29,8,239,0,0,5,2,7,174,28,34,10,246,0,0,0,246
08/21/2021,JAX,FL,ASO,ES,Combined TRACON& Tower with Radar,140,13,22,11,186,0,0,8,4,12,140,13,30,15,198,0,0,0,198
08/22/2021,JAX,FL,ASO,ES,Combined TRACON& Tower with Radar,146,24,24,2,196,0,0,9,0,9,146,24,33,2,205,0,0,0,205
08/23/2021,JAX,FL,ASO,ES,Combined TRACON& Tower with Radar,160,21,37,0,218,0,0,0,0,0,160,21,37,0,218,0,0,0,218
08/24/2021,JAX,FL,ASO,ES,Combined TRACON& Tower with Radar,157,32,24,11,224,0,2,0,4,6,157,34,24,15,230,0,16,16,246
08/25/2021,JAX,FL,ASO,ES,Combined TRACON& Tower with Radar,156,29,29,22,236,0,1,5,15,21,156,30,34,37,257,0,84,84,341
08/26/2021,JAX,FL,ASO,ES,Combined TRACON& Tower with Radar,169,38,27,20,254,0,0,2,0,2,169,38,29,20,256,0,0,0,256
08/27/2021,JAX,FL,ASO,ES,Combined TRACON& Tower with Radar,170,32,42,6,250,0,0,2,1,3,170,32,44,7,253,4,0,4,257
08/28/2021,JAX,FL,ASO,ES,Combined TRACON& Tower with Radar,137,17,17,0,171,0,0,0,0,0,137,17,17,0,171,0,0,0,171
08/29/2021,JAX,FL,ASO,ES,Combined TRACON& Tower with Radar,160,25,21,0,206,0,0,3,0,3,160,25,24,0,209,0,0,0,209
08/30/2021,JAX,FL,ASO,ES,Combined TRACON& Tower with Radar,162,24,26,16,228,0,2,8,3,13,162,26,34,19,241,0,0,0,241
08/31/2021,JAX,FL,ASO,ES,Combined TRACON& Tower with Radar,151,24,19,37,231,0,2,4,1,7,151,26,23,38,238,0,0,0,238
09/01/2021,JAX,FL,ASO,ES,Combined TRACON& Tower with Radar,145,24,22,25,216,0,4,0,14,18,145,28,22,39,234,0,0,0,234
09/02/2021,JAX,FL,ASO,ES,Combined TRACON& Tower with Radar,168,28,28,7,231,0,2,1,6,9,168,30,29,13,240,4,50,54,294
09/03/2021,JAX,FL,ASO,ES,Combined TRACON& Tower with Radar,168,31,34,0,233,0,2,6,0,8,168,33,40,0,241,0,0,0,241
09/04/2021,JAX,FL,ASO,ES,Combined TRACON& Tower with Radar,138,10,24,0,172,0,2,9,0,11,138,12,33,0,183,0,0,0,183
09/05/2021,JAX,FL,ASO,ES,Combined TRACON& Tower with Radar,130,14,13,0,157,0,1,6,0,7,130,15,19,0,164,0,0,0,164
09/06/2021,JAX,FL,ASO,ES,Combined TRACON& Tower with Radar,148,33,34,2,217,0,0,14,0,14,148,33,48,2,231,0,0,0,231
09/07/2021,JAX,FL,ASO,ES,Combined TRACON& Tower with Radar,135,29,26,9,199,0,1,7,2,10,135,30,33,11,209,0,8,8,217
09/08/2021,JAX,FL,ASO,ES,Combined TRACON& Tower with Radar,148,26,34,11,219,1,4,2,6,13,149,30,36,17,232,2,18,20,252
09/09/2021,JAX,FL,ASO,ES,Combined TRACON& Tower with Radar,171,51,48,4,274,0,3,16,0,19,171,54,64,4,293,16,0,16,309
09/10/2021,JAX,FL,ASO,ES,Combined TRACON& Tower with Radar,167,31,39,12,249,0,0,8,0,8,167,31,47,12,257,0,0,0,257
09/11/2021,JAX,FL,ASO,ES,Combined TRACON& Tower with Radar,140,20,17,0,177,1,1,8,0,10,141,21,25,0,187,2,0,2,189
09/12/2021,JAX,FL,ASO,ES,Combined TRACON& Tower with Radar,166,33,35,2,236,0,0,13,0,13,166,33,48,2,249,6,0,6,255
09/13/2021,JAX,FL,ASO,ES,Combined TRACON& Tower with Radar,168,38,31,2,239,0,2,8,1,11,168,40,39,3,250,0,24,24,274
09/14/2021,JAX,FL,ASO,ES,Combined TRACON& Tower with Radar,146,25,15,2,188,0,0,3,6,9,146,25,18,8,197,0,103,103,300
09/15/2021,JAX,FL,ASO,ES,Combined TRACON& Tower with Radar,150,29,41,25,245,0,5,4,1,10,150,34,45,26,255,0,20,20,275
09/16/2021,JAX,FL,ASO,ES,Combined TRACON& Tower with Radar,167,36,29,8,240,0,2,2,1,5,167,38,31,9,245,0,0,0,245
09/17/2021,JAX,FL,ASO,ES,Combined TRACON& Tower with Radar,177,38,34,1,250,0,1,1,0,2,177,39,35,1,252,0,0,0,252
09/18/2021,JAX,FL,ASO,ES,Combined TRACON& Tower with Radar,141,20,9,6,176,0,0,4,0,4,141,20,13,6,180,0,0,0,180
09/19/2021,JAX,FL,ASO,ES,Combined TRACON& Tower with Radar,169,30,38,0,237,0,0,5,0,5,169,30,43,0,242,13,0,13,255
09/20/2021,JAX,FL,ASO,ES,Combined TRACON& Tower with Radar,158,31,36,0,225,0,0,2,2,4,158,31,38,2,229,0,24,24,253
09/21/2021,JAX,FL,ASO,ES,Combined TRACON& Tower with Radar,151,28,24,23,226,0,0,1,2,3,151,28,25,25,229,0,8,8,237
09/22/2021,JAX,FL,ASO,ES,Combined TRACON& Tower with Radar,150,19,48,7,224,0,2,3,5,10,150,21,51,12,234,40,44,84,318
09/23/2021,JAX,FL,ASO,ES,Combined TRACON& Tower with Radar,154,34,21,3,212,0,14,10,2,26,154,48,31,5,238,0,86,86,324
09/24/2021,JAX,FL,ASO,ES,Combined TRACON& Tower with Radar,176,28,40,18,262,0,11,11,7,29,176,39,51,25,291,0,12,12,303
09/25/2021,JAX,FL,ASO,ES,Combined TRACON& Tower with Radar,142,16,28,0,186,0,7,7,1,15,142,23,35,1,201,0,0,0,201
09/26/2021,JAX,FL,ASO,ES,Combined TRACON& Tower with Radar,164,40,31,2,237,0,0,3,0,3,164,40,34,2,240,0,0,0,240
09/27/2021,JAX,FL,ASO,ES,Combined TRACON& Tower with Radar,161,36,25,13,235,0,5,3,1,9,161,41,28,14,244,0,0,0,244
09/28/2021,JAX,FL,ASO,ES,Combined TRACON& Tower with Radar,147,30,26,4,207,0,8,8,1,17,147,38,34,5,224,0,0,0,224
09/29/2021,JAX,FL,ASO,ES,Combined TRACON& Tower with Radar,159,24,30,2,215,0,4,3,0,7,159,28,33,2,222,6,50,56,278
09/30/2021,JAX,FL,ASO,ES,Combined TRACON& Tower with Radar,169,32,40,2,243,0,4,6,2,12,169,36,46,4,255,0,0,0,255
10/01/2021,JAX,FL,ASO,ES,Combined TRACON& Tower with Radar,175,37,35,24,271,0,3,17,2,22,175,40,52,26,293,0,17,17,310
10/02/2021,JAX,FL,ASO,ES,Combined TRACON& Tower with Radar,142,24,20,0,186,0,1,15,0,16,142,25,35,0,202,0,15,15,217
10/03/2021,JAX,FL,ASO,ES,Combined TRACON& Tower with Radar,168,22,39,0,229,0,0,6,0,6,168,22,45,0,235,0,0,0,235
10/04/2021,JAX,FL,ASO,ES,Combined TRACON& Tower with Radar,166,39,25,8,238,0,4,11,0,15,166,43,36,8,253,0,0,0,253
10/05/2021,JAX,FL,ASO,ES,Combined TRACON& Tower with Radar,149,50,40,9,248,0,4,2,10,16,149,54,42,19,264,0,0,0,264
10/06/2021,JAX,FL,ASO,ES,Combined TRACON& Tower with Radar,155,45,38,12,250,0,0,7,6,13,155,45,45,18,263,0,39,39,302
10/07/2021,JAX,FL,ASO,ES,Combined TRACON& Tower with Radar,180,44,62,11,297,0,0,6,2,8,180,44,68,13,305,0,0,0,305
10/08/2021,JAX,FL,ASO,ES,Combined TRACON& Tower with Radar,185,43,31,16,275,0,0,1,1,2,185,43,32,17,277,0,0,0,277
10/09/2021,JAX,FL,ASO,ES,Combined TRACON& Tower with Radar,145,18,28,0,191,0,0,2,0,2,145,18,30,0,193,0,0,0,193
10/10/2021,JAX,FL,ASO,ES,Combined TRACON& Tower with Radar,151,44,27,0,222,0,0,12,0,12,151,44,39,0,234,4,0,4,238
10/11/2021,JAX,FL,ASO,ES,Combined TRACON& Tower with Radar,172,41,37,0,250,0,0,10,0,10,172,41,47,0,260,0,0,0,260
10/12/2021,JAX,FL,ASO,ES,Combined TRACON& Tower with Radar,168,40,34,20,262,0,0,3,6,9,168,40,37,26,271,0,32,32,303
10/13/2021,JAX,FL,ASO,ES,Combined TRACON& Tower with Radar,168,28,59,21,276,0,4,5,6,15,168,32,64,27,291,0,38,38,329
10/14/2021,JAX,FL,ASO,ES,Combined TRACON& Tower with Radar,184,38,40,11,273,0,3,10,11,24,184,41,50,22,297,0,37,37,334
10/15/2021,JAX,FL,ASO,ES,Combined TRACON& Tower with Radar,190,38,51,11,290,0,0,9,8,17,190,38,60,19,307,0,0,0,307
10/16/2021,JAX,FL,ASO,ES,Combined TRACON& Tower with Radar,155,17,12,7,191,0,0,3,9,12,155,17,15,16,203,0,34,34,237
10/17/2021,JAX,FL,ASO,ES,Combined TRACON& Tower with Radar,170,28,35,18,251,0,1,6,0,7,170,29,41,18,258,0,0,0,258
10/18/2021,JAX,FL,ASO,ES,Combined TRACON& Tower with Radar,180,49,25,18,272,0,1,2,6,9,180,50,27,24,281,0,6,6,287
10/19/2021,JAX,FL,ASO,ES,Combined TRACON& Tower with Radar,169,29,28,48,274,0,5,9,2,16,169,34,37,50,290,0,24,24,314
10/20/2021,JAX,FL,ASO,ES,Combined TRACON& Tower with Radar,173,26,49,10,258,0,4,13,2,19,173,30,62,12,277,0,14,14,291
10/21/2021,JAX,FL,ASO,ES,Combined TRACON& Tower with Radar,186,36,55,25,302,0,2,12,4,18,186,38,67,29,320,0,6,6,326
10/22/2021,JAX,FL,ASO,ES,Combined TRACON& Tower with Radar,186,25,44,10,265,0,2,6,2,10,186,27,50,12,275,0,0,0,275
10/23/2021,JAX,FL,ASO,ES,Combined TRACON& Tower with Radar,157,25,26,1,209,0,4,12,0,16,157,29,38,1,225,0,0,0,225
10/24/2021,JAX,FL,ASO,ES,Combined TRACON& Tower with Radar,168,31,38,3,240,0,0,6,0,6,168,31,44,3,246,0,0,0,246
10/25/2021,JAX,FL,ASO,ES,Combined TRACON& Tower with Radar,179,43,29,10,261,0,2,0,1,3,179,45,29,11,264,4,0,4,268
10/26/2021,JAX,FL,ASO,ES,Combined TRACON& Tower with Radar,160,29,25,10,224,0,5,15,9,29,160,34,40,19,253,6,8,14,267
10/27/2021,JAX,FL,ASO,ES,Combined TRACON& Tower with Radar,175,48,41,20,284,0,3,6,6,15,175,51,47,26,299,0,8,8,307
10/28/2021,JAX,FL,ASO,ES,Combined TRACON& Tower with Radar,180,49,59,0,288,0,1,1,0,2,180,50,60,0,290,0,0,0,290
10/29/2021,JAX,FL,ASO,ES,Combined TRACON& Tower with Radar,189,56,46,5,296,0,5,8,2,15,189,61,54,7,311,0,0,0,311
10/30/2021,JAX,FL,ASO,ES,Combined TRACON& Tower with Radar,146,42,66,0,254,0,0,15,0,15,146,42,81,0,269,0,0,0,269
10/31/2021,JAX,FL,ASO,ES,Combined TRACON& Tower with Radar,151,28,45,0,224,0,1,7,0,8,151,29,52,0,232,0,0,0,232
11/01/2021,JAX,FL,ASO,ES,Combined TRACON& Tower with Radar,183,42,33,0,258,0,0,3,0,3,183,42,36,0,261,0,0,0,261
11/02/2021,JAX,FL,ASO,ES,Combined TRACON& Tower with Radar,159,27,38,11,235,0,0,4,4,8,159,27,42,15,243,0,54,54,297
11/03/2021,JAX,FL,ASO,ES,Combined TRACON& Tower with Radar,183,49,49,8,289,0,0,7,0,7,183,49,56,8,296,2,14,16,312
11/04/2021,JAX,FL,ASO,ES,Combined TRACON& Tower with Radar,196,36,38,17,287,0,0,0,4,4,196,36,38,21,291,0,64,64,355
11/05/2021,JAX,FL,ASO,ES,Combined TRACON& Tower with Radar,198,43,33,9,283,0,0,0,0,0,198,43,33,9,283,0,0,0,283
11/06/2021,JAX,FL,ASO,ES,Combined TRACON& Tower with Radar,156,22,22,4,204,0,0,0,0,0,156,22,22,4,204,10,0,10,214
11/07/2021,JAX,FL,ASO,ES,Combined TRACON& Tower with Radar,178,46,47,1,272,0,0,7,1,8,178,46,54,2,280,0,0,0,280
11/08/2021,JAX,FL,ASO,ES,Combined TRACON& Tower with Radar,182,43,49,1,275,0,0,7,0,7,182,43,56,1,282,0,0,0,282
11/09/2021,JAX,FL,ASO,ES,Combined TRACON& Tower with Radar,170,21,36,10,237,0,8,3,6,17,170,29,39,16,254,0,68,68,322
11/10/2021,JAX,FL,ASO,ES,Combined TRACON& Tower with Radar,187,29,42,16,274,0,1,8,5,14,187,30,50,21,288,0,104,104,392
11/11/2021,JAX,FL,ASO,ES,Combined TRACON& Tower with Radar,186,38,69,0,293,0,0,4,0,4,186,38,73,0,297,0,0,0,297
11/12/2021,JAX,FL,ASO,ES,Combined TRACON& Tower with Radar,198,39,34,12,283,0,0,2,4,6,198,39,36,16,289,0,0,0,289
11/13/2021,JAX,FL,ASO,ES,Combined TRACON& Tower with Radar,148,23,33,0,204,0,0,8,0,8,148,23,41,0,212,0,0,0,212
11/14/2021,JAX,FL,ASO,ES,Combined TRACON& Tower with Radar,179,30,28,0,237,0,0,4,0,4,179,30,32,0,241,0,0,0,241
11/15/2021,JAX,FL,ASO,ES,Combined TRACON& Tower with Radar,189,40,32,6,267,0,7,6,1,14,189,47,38,7,281,2,2,4,285
11/16/2021,JAX,FL,ASO,ES,Combined TRACON& Tower with Radar,171,32,49,8,260,0,6,11,14,31,171,38,60,22,291,0,164,164,455
11/17/2021,JAX,FL,ASO,ES,Combined TRACON& Tower with Radar,186,48,48,20,302,0,4,8,7,19,186,52,56,27,321,0,93,93,414
11/18/2021,JAX,FL,ASO,ES,Combined TRACON& Tower with Radar,190,43,69,23,325,0,2,6,0,8,190,45,75,23,333,0,44,44,377
11/19/2021,JAX,FL,ASO,ES,Combined TRACON& Tower with Radar,197,54,46,9,306,0,0,4,1,5,197,54,50,10,311,0,0,0,311
11/20/2021,JAX,FL,ASO,ES,Combined TRACON& Tower with Radar,158,36,29,4,227,0,1,9,0,10,158,37,38,4,237,0,0,0,237
11/21/2021,JAX,FL,ASO,ES,Combined TRACON& Tower with Radar,181,43,42,0,266,0,0,5,0,5,181,43,47,0,271,0,0,0,271
11/22/2021,JAX,FL,ASO,ES,Combined TRACON& Tower with Radar,187,30,42,10,269,0,0,4,1,5,187,30,46,11,274,0,0,0,274
11/23/2021,JAX,FL,ASO,ES,Combined TRACON& Tower with Radar,193,40,33,20,286,0,3,15,10,28,193,43,48,30,314,0,6,6,320
11/24/2021,JAX,FL,ASO,ES,Combined TRACON& Tower with Radar,212,38,34,4,288,0,4,18,2,24,212,42,52,6,312,0,0,0,312
11/25/2021,JAX,FL,ASO,ES,Combined TRACON& Tower with Radar,103,7,11,0,121,0,1,6,0,7,103,8,17,0,128,0,0,0,128
11/26/2021,JAX,FL,ASO,ES,Combined TRACON& Tower with Radar,143,27,12,0,182,0,0,1,0,1,143,27,13,0,183,0,0,0,183
11/27/2021,JAX,FL,ASO,ES,Combined TRACON& Tower with Radar,184,27,28,0,239,0,2,12,0,14,184,29,40,0,253,0,0,0,253
11/28/2021,JAX,FL,ASO,ES,Combined TRACON& Tower with Radar,193,31,34,0,258,0,0,7,0,7,193,31,41,0,265,0,0,0,265
11/29/2021,JAX,FL,ASO,ES,Combined TRACON& Tower with Radar,197,39,34,15,285,0,6,12,5,23,197,45,46,20,308,0,0,0,308
11/30/2021,JAX,FL,ASO,ES,Combined TRACON& Tower with Radar,184,46,35,20,285,0,2,10,5,17,184,48,45,25,302,0,20,20,322
12/01/2021,JAX,FL,ASO,ES,Combined TRACON& Tower with Radar,183,51,35,12,281,0,3,18,8,29,183,54,53,20,310,0,48,48,358
12/02/2021,JAX,FL,ASO,ES,Combined TRACON& Tower with Radar,197,40,31,32,300,0,4,12,11,27,197,44,43,43,327,0,39,39,366
12/03/2021,JAX,FL,ASO,ES,Combined TRACON& Tower with Radar,208,20,28,13,269,0,0,8,4,12,208,20,36,17,281,0,6,6,287
12/04/2021,JAX,FL,ASO,ES,Combined TRACON& Tower with Radar,152,11,14,4,181,0,0,4,2,6,152,11,18,6,187,0,0,0,187
12/05/2021,JAX,FL,ASO,ES,Combined TRACON& Tower with Radar,183,17,30,1,231,0,0,1,0,1,183,17,31,1,232,0,0,0,232
12/06/2021,JAX,FL,ASO,ES,Combined TRACON& Tower with Radar,186,28,38,17,269,0,0,3,6,9,186,28,41,23,278,0,36,36,314
12/07/2021,JAX,FL,ASO,ES,Combined TRACON& Tower with Radar,172,50,48,25,295,0,0,6,6,12,172,50,54,31,307,0,106,106,413
12/08/2021,JAX,FL,ASO,ES,Combined TRACON& Tower with Radar,181,28,29,39,277,0,0,0,2,2,181,28,29,41,279,0,8,8,287
12/09/2021,JAX,FL,ASO,ES,Combined TRACON& Tower with Radar,194,48,40,22,304,0,0,0,0,0,194,48,40,22,304,0,0,0,304
12/10/2021,JAX,FL,ASO,ES,Combined TRACON& Tower with Radar,201,57,42,19,319,0,1,3,3,7,201,58,45,22,326,0,0,0,326
12/11/2021,JAX,FL,ASO,ES,Combined TRACON& Tower with Radar,145,23,22,0,190,0,1,9,0,10,145,24,31,0,200,0,0,0,200
12/12/2021,JAX,FL,ASO,ES,Combined TRACON& Tower with Radar,181,29,37,0,247,0,0,3,0,3,181,29,40,0,250,0,0,0,250
12/13/2021,JAX,FL,ASO,ES,Combined TRACON& Tower with Radar,186,31,60,0,277,0,0,6,0,6,186,31,66,0,283,4,0,4,287
12/14/2021,JAX,FL,ASO,ES,Combined TRACON& Tower with Radar,172,48,44,10,274,0,0,1,0,1,172,48,45,10,275,0,0,0,275
12/15/2021,JAX,FL,ASO,ES,Combined TRACON& Tower with Radar,179,36,59,7,281,0,0,5,1,6,179,36,64,8,287,0,0,0,287
12/16/2021,JAX,FL,ASO,ES,Combined TRACON& Tower with Radar,186,56,45,14,301,0,0,2,3,5,186,56,47,17,306,0,0,0,306
12/17/2021,JAX,FL,ASO,ES,Combined TRACON& Tower with Radar,199,52,39,1,291,0,0,4,0,4,199,52,43,1,295,0,0,0,295
12/18/2021,JAX,FL,ASO,ES,Combined TRACON& Tower with Radar,167,22,19,0,208,0,0,2,0,2,167,22,21,0,210,0,0,0,210
12/19/2021,JAX,FL,ASO,ES,Combined TRACON& Tower with Radar,180,28,36,1,245,0,0,3,1,4,180,28,39,2,249,0,0,0,249
12/20/2021,JAX,FL,ASO,ES,Combined TRACON& Tower with Radar,182,29,32,6,249,0,0,0,0,0,182,29,32,6,249,0,0,0,249
12/21/2021,JAX,FL,ASO,ES,Combined TRACON& Tower with Radar,198,30,27,4,259,0,0,0,0,0,198,30,27,4,259,0,0,0,259
12/22/2021,JAX,FL,ASO,ES,Combined TRACON& Tower with Radar,201,32,42,0,275,0,1,7,0,8,201,33,49,0,283,0,0,0,283
12/23/2021,JAX,FL,ASO,ES,Combined TRACON& Tower with Radar,194,18,14,6,232,0,2,16,4,22,194,20,30,10,254,0,10,10,264
12/24/2021,JAX,FL,ASO,ES,Combined TRACON& Tower with Radar,154,22,17,0,193,0,0,4,1,5,154,22,21,1,198,6,0,6,204
12/25/2021,JAX,FL,ASO,ES,Combined TRACON& Tower with Radar,122,12,5,0,139,0,0,0,0,0,122,12,5,0,139,0,0,0,139
12/26/2021,JAX,FL,ASO,ES,Combined TRACON& Tower with Radar,163,38,37,2,240,0,0,5,0,5,163,38,42,2,245,0,0,0,245
12/27/2021,JAX,FL,ASO,ES,Combined TRACON& Tower with Radar,181,17,25,1,224,0,0,11,1,12,181,17,36,2,236,0,0,0,236
12/28/2021,JAX,FL,ASO,ES,Combined TRACON& Tower with Radar,184,36,35,4,259,0,2,9,0,11,184,38,44,4,270,0,0,0,270
12/29/2021,JAX,FL,ASO,ES,Combined TRACON& Tower with Radar,187,29,20,3,239,0,0,1,2,3,187,29,21,5,242,2,22,24,266
12/30/2021,JAX,FL,ASO,ES,Combined TRACON& Tower with Radar,174,31,28,0,233,0,0,7,0,7,174,31,35,0,240,0,0,0,240
12/31/2021,JAX,FL,ASO,ES,Combined TRACON& Tower with Radar,158,18,19,0,195,0,0,9,0,9,158,18,28,0,204,0,0,0,204
01/01/2022,JAX,FL,ASO,ES,Combined TRACON& Tower with Radar,128,15,17,0,160,0,0,5,1,6,128,15,22,1,166,6,0,6,172
01/02/2022,JAX,FL,ASO,ES,Combined TRACON& Tower with Radar,152,43,34,0,229,0,0,8,0,8,152,43,42,0,237,0,0,0,237
01/03/2022,JAX,FL,ASO,ES,Combined TRACON& Tower with Radar,157,38,35,1,231,0,0,11,0,11,157,38,46,1,242,0,0,0,242
01/04/2022,JAX,FL,ASO,ES,Combined TRACON& Tower with Radar,148,30,27,0,205,0,5,15,0,20,148,35,42,0,225,4,0,4,229
01/05/2022,JAX,FL,ASO,ES,Combined TRACON& Tower with Radar,170,30,26,9,235,0,0,4,1,5,170,30,30,10,240,0,0,0,240
01/06/2022,JAX,FL,ASO,ES,Combined TRACON& Tower with Radar,164,27,42,8,241,0,3,18,7,28,164,30,60,15,269,0,8,8,277
01/07/2022,JAX,FL,ASO,ES,Combined TRACON& Tower with Radar,152,31,21,5,209,0,0,14,1,15,152,31,35,6,224,0,0,0,224
01/08/2022,JAX,FL,ASO,ES,Combined TRACON& Tower with Radar,124,24,11,3,162,0,0,21,1,22,124,24,32,4,184,0,0,0,184
01/09/2022,JAX,FL,ASO,ES,Combined TRACON& Tower with Radar,172,35,17,0,224,0,0,3,0,3,172,35,20,0,227,0,0,0,227
01/10/2022,JAX,FL,ASO,ES,Combined TRACON& Tower with Radar,172,25,38,22,257,0,0,0,0,0,172,25,38,22,257,0,0,0,257
01/11/2022,JAX,FL,ASO,ES,Combined TRACON& Tower with Radar,158,25,29,14,226,0,3,26,1,30,158,28,55,15,256,0,20,20,276
01/12/2022,JAX,FL,ASO,ES,Combined TRACON& Tower with Radar,174,20,17,3,214,0,2,19,5,26,174,22,36,8,240,0,0,0,240
01/13/2022,JAX,FL,ASO,ES,Combined TRACON& Tower with Radar,179,26,28,2,235,0,0,10,2,12,179,26,38,4,247,12,54,66,313
01/14/2022,JAX,FL,ASO,ES,Combined TRACON& Tower with Radar,180,32,36,3,251,0,0,15,1,16,180,32,51,4,267,0,0,0,267
01/15/2022,JAX,FL,ASO,ES,Combined TRACON& Tower with Radar,122,18,15,2,157,0,0,6,1,7,122,18,21,3,164,0,0,0,164
01/16/2022,JAX,FL,ASO,ES,Combined TRACON& Tower with Radar,126,15,10,0,151,0,0,0,0,0,126,15,10,0,151,0,0,0,151
01/17/2022,JAX,FL,ASO,ES,Combined TRACON& Tower with Radar,164,28,29,0,221,0,0,3,0,3,164,28,32,0,224,0,0,0,224
01/18/2022,JAX,FL,ASO,ES,Combined TRACON& Tower with Radar,160,31,48,0,239,0,0,9,0,9,160,31,57,0,248,6,0,6,254
01/19/2022,JAX,FL,ASO,ES,Combined TRACON& Tower with Radar,170,45,44,3,262,0,0,15,2,17,170,45,59,5,279,8,0,8,287
01/20/2022,JAX,FL,ASO,ES,Combined TRACON& Tower with Radar,180,43,55,23,301,0,4,12,2,18,180,47,67,25,319,0,0,0,319
01/21/2022,JAX,FL,ASO,ES,Combined TRACON& Tower with Radar,189,26,30,12,257,0,0,0,0,0,189,26,30,12,257,0,0,0,257
01/22/2022,JAX,FL,ASO,ES,Combined TRACON& Tower with Radar,126,12,14,0,152,0,0,0,0,0,126,12,14,0,152,0,0,0,152
01/23/2022,JAX,FL,ASO,ES,Combined TRACON& Tower with Radar,164,18,18,2,202,0,0,5,0,5,164,18,23,2,207,0,0,0,207
01/24/2022,JAX,FL,ASO,ES,Combined TRACON& Tower with Radar,174,33,28,10,245,0,0,10,0,10,174,33,38,10,255,0,0,0,255
01/25/2022,JAX,FL,ASO,ES,Combined TRACON& Tower with Radar,167,41,43,7,258,0,0,4,1,5,167,41,47,8,263,0,0,0,263
01/26/2022,JAX,FL,ASO,ES,Combined TRACON& Tower with Radar,173,25,57,12,267,0,0,0,0,0,173,25,57,12,267,0,0,0,267
01/27/2022,JAX,FL,ASO,ES,Combined TRACON& Tower with Radar,181,42,49,10,282,0,0,7,0,7,181,42,56,10,289,0,0,0,289
01/28/2022,JAX,FL,ASO,ES,Combined TRACON& Tower with Radar,181,31,27,5,244,0,0,14,0,14,181,31,41,5,258,0,0,0,258
01/29/2022,JAX,FL,ASO,ES,Combined TRACON& Tower with Radar,107,20,7,0,134,0,2,2,0,4,107,22,9,0,138,0,20,20,158
01/30/2022,JAX,FL,ASO,ES,Combined TRACON& Tower with Radar,148,22,26,0,196,0,0,13,0,13,148,22,39,0,209,0,0,0,209
01/31/2022,JAX,FL,ASO,ES,Combined TRACON& Tower with Radar,175,32,39,10,256,0,2,16,4,22,175,34,55,14,278,24,26,50,328
02/01/2022,JAX,FL,ASO,ES,Combined TRACON& Tower with Radar,163,40,36,7,246,0,2,5,2,9,163,42,41,9,255,2,0,2,257
02/02/2022,JAX,FL,ASO,ES,Combined TRACON& Tower with Radar,166,17,50,15,248,0,0,16,2,18,166,17,66,17,266,0,38,38,304
02/03/2022,JAX,FL,ASO,ES,Combined TRACON& Tower with Radar,160,39,30,9,238,0,3,8,7,18,160,42,38,16,256,0,0,0,256
02/04/2022,JAX,FL,ASO,ES,Combined TRACON& Tower with Radar,138,15,33,24,210,0,0,3,3,6,138,15,36,27,216,0,44,44,260
02/05/2022,JAX,FL,ASO,ES,Combined TRACON& Tower with Radar,117,12,24,5,158,0,0,7,1,8,117,12,31,6,166,0,0,0,166
02/06/2022,JAX,FL,ASO,ES,Combined TRACON& Tower with Radar,160,20,16,4,200,0,1,0,0,1,160,21,16,4,201,0,0,0,201
02/07/2022,JAX,FL,ASO,ES,Combined TRACON& Tower with Radar,170,38,29,4,241,0,0,2,0,2,170,38,31,4,243,0,0,0,243
02/08/2022,JAX,FL,ASO,ES,Combined TRACON& Tower with Radar,164,34,27,12,237,0,0,0,0,0,164,34,27,12,237,0,0,0,237
02/09/2022,JAX,FL,ASO,ES,Combined TRACON& Tower with Radar,176,35,38,4,253,0,3,6,4,13,176,38,44,8,266,0,16,16,282
02/10/2022,JAX,FL,ASO,ES,Combined TRACON& Tower with Radar,177,45,33,3,258,0,0,10,0,10,177,45,43,3,268,0,22,22,290
02/11/2022,JAX,FL,ASO,ES,Combined TRACON& Tower with Radar,181,38,27,13,259,0,4,11,0,15,181,42,38,13,274,0,0,0,274
02/12/2022,JAX,FL,ASO,ES,Combined TRACON& Tower with Radar,134,13,15,5,167,0,0,2,0,2,134,13,17,5,169,0,0,0,169
02/13/2022,JAX,FL,ASO,ES,Combined TRACON& Tower with Radar,143,21,25,2,191,0,0,3,0,3,143,21,28,2,194,0,0,0,194
02/14/2022,JAX,FL,ASO,ES,Combined TRACON& Tower with Radar,172,40,25,2,239,0,1,27,0,28,172,41,52,2,267,0,0,0,267
02/15/2022,JAX,FL,ASO,ES,Combined TRACON& Tower with Radar,170,29,25,8,232,0,0,10,1,11,170,29,35,9,243,0,20,20,263
02/16/2022,JAX,FL,ASO,ES,Combined TRACON& Tower with Radar,176,34,33,13,256,0,3,16,6,25,176,37,49,19,281,2,104,106,387
02/17/2022,JAX,FL,ASO,ES,Combined TRACON& Tower with Radar,183,59,33,19,294,0,0,6,5,11,183,59,39,24,305,0,90,90,395
02/18/2022,JAX,FL,ASO,ES,Combined TRACON& Tower with Radar,193,39,25,0,257,0,0,3,0,3,193,39,28,0,260,0,0,0,260
02/19/2022,JAX,FL,ASO,ES,Combined TRACON& Tower with Radar,141,24,26,0,191,0,1,7,0,8,141,25,33,0,199,0,0,0,199
02/20/2022,JAX,FL,ASO,ES,Combined TRACON& Tower with Radar,163,32,29,0,224,0,1,12,0,13,163,33,41,0,237,0,0,0,237
02/21/2022,JAX,FL,ASO,ES,Combined TRACON& Tower with Radar,181,57,46,0,284,0,2,24,2,28,181,59,70,2,312,0,0,0,312
02/22/2022,JAX,FL,ASO,ES,Combined TRACON& Tower with Radar,183,36,53,53,325,0,4,13,7,24,183,40,66,60,349,4,28,32,381
02/23/2022,JAX,FL,ASO,ES,Combined TRACON& Tower with Radar,190,42,44,10,286,0,2,12,1,15,190,44,56,11,301,0,12,12,313
02/24/2022,JAX,FL,ASO,ES,Combined TRACON& Tower with Radar,184,63,42,33,322,0,2,11,1,14,184,65,53,34,336,0,0,0,336
02/25/2022,JAX,FL,ASO,ES,Combined TRACON& Tower with Radar,170,44,30,26,270,0,1,6,3,10,170,45,36,29,280,0,0,0,280
02/26/2022,JAX,FL,ASO,ES,Combined TRACON& Tower with Radar,147,29,19,0,195,0,4,10,1,15,147,33,29,1,210,0,0,0,210
02/27/2022,JAX,FL,ASO,ES,Combined TRACON& Tower with Radar,173,24,46,1,244,0,0,11,0,11,173,24,57,1,255,0,0,0,255
02/28/2022,JAX,FL,ASO,ES,Combined TRACON& Tower with Radar,185,30,40,2,257,0,0,0,0,0,185,30,40,2,257,0,0,0,257
03/01/2022,JAX,FL,ASO,ES,Combined TRACON& Tower with Radar,178,20,34,34,266,0,2,2,8,12,178,22,36,42,278,0,0,0,278
03/02/2022,JAX,FL,ASO,ES,Combined TRACON& Tower with Radar,182,40,49,0,271,0,3,10,0,13,182,43,59,0,284,8,0,8,292
03/03/2022,JAX,FL,ASO,ES,Combined TRACON& Tower with Radar,183,30,51,11,275,0,0,9,1,10,183,30,60,12,285,0,54,54,339
03/04/2022,JAX,FL,ASO,ES,Combined TRACON& Tower with Radar,188,44,38,20,290,0,0,8,0,8,188,44,46,20,298,0,0,0,298
03/05/2022,JAX,FL,ASO,ES,Combined TRACON& Tower with Radar,144,42,45,1,232,0,0,11,1,12,144,42,56,2,244,0,0,0,244
03/06/2022,JAX,FL,ASO,ES,Combined TRACON& Tower with Radar,172,52,44,0,268,0,0,10,0,10,172,52,54,0,278,0,0,0,278
03/07/2022,JAX,FL,ASO,ES,Combined TRACON& Tower with Radar,176,49,38,13,276,0,0,9,0,9,176,49,47,13,285,0,0,0,285
03/08/2022,JAX,FL,ASO,ES,Combined TRACON& Tower with Radar,171,40,46,7,264,0,0,0,6,6,171,40,46,13,270,0,32,32,302
03/09/2022,JAX,FL,ASO,ES,Combined TRACON& Tower with Radar,175,56,44,9,284,0,0,1,8,9,175,56,45,17,293,0,72,72,365
03/10/2022,JAX,FL,ASO,ES,Combined TRACON& Tower with Radar,183,54,51,7,295,0,2,0,4,6,183,56,51,11,301,0,42,42,343
03/11/2022,JAX,FL,ASO,ES,Combined TRACON& Tower with Radar,183,44,26,0,253,0,0,0,0,0,183,44,26,0,253,0,0,0,253
03/12/2022,JAX,FL,ASO,ES,Combined TRACON& Tower with Radar,164,21,24,0,209,0,0,0,0,0,164,21,24,0,209,0,0,0,209
03/13/2022,JAX,FL,ASO,ES,Combined TRACON& Tower with Radar,165,51,43,0,259,0,1,6,0,7,165,52,49,0,266,0,0,0,266
03/14/2022,JAX,FL,ASO,ES,Combined TRACON& Tower with Radar,178,63,30,3,274,0,2,8,4,14,178,65,38,7,288,0,74,74,362
03/15/2022,JAX,FL,ASO,ES,Combined TRACON& Tower with Radar,170,47,23,8,248,0,1,7,3,11,170,48,30,11,259,0,0,0,259
03/16/2022,JAX,FL,ASO,ES,Combined TRACON& Tower with Radar,183,41,42,3,269,0,0,3,7,10,183,41,45,10,279,0,28,28,307
03/17/2022,JAX,FL,ASO,ES,Combined TRACON& Tower with Radar,180,44,29,5,258,0,3,3,6,12,180,47,32,11,270,0,48,48,318
03/18/2022,JAX,FL,ASO,ES,Combined TRACON& Tower with Radar,184,34,40,0,258,0,0,6,2,8,184,34,46,2,266,0,0,0,266
03/19/2022,JAX,FL,ASO,ES,Combined TRACON& Tower with Radar,156,42,31,0,229,0,2,2,0,4,156,44,33,0,233,0,0,0,233
03/20/2022,JAX,FL,ASO,ES,Combined TRACON& Tower with Radar,185,33,39,0,257,0,0,3,0,3,185,33,42,0,260,0,0,0,260
03/21/2022,JAX,FL,ASO,ES,Combined TRACON& Tower with Radar,181,26,45,0,252,0,4,6,0,10,181,30,51,0,262,0,6,6,268
03/22/2022,JAX,FL,ASO,ES,Combined TRACON& Tower with Radar,167,28,42,5,242,0,4,2,1,7,167,32,44,6,249,0,0,0,249
03/23/2022,JAX,FL,ASO,ES,Combined TRACON& Tower with Radar,173,34,27,11,245,0,0,2,4,6,173,34,29,15,251,0,0,0,251
03/24/2022,JAX,FL,ASO,ES,Combined TRACON& Tower with Radar,186,42,46,2,276,0,0,0,0,0,186,42,46,2,276,0,0,0,276
03/25/2022,JAX,FL,ASO,ES,Combined TRACON& Tower with Radar,192,34,46,9,281,0,0,7,1,8,192,34,53,10,289,6,0,6,295
03/26/2022,JAX,FL,ASO,ES,Combined TRACON& Tower with Radar,151,28,21,0,200,0,1,2,0,3,151,29,23,0,203,0,0,0,203
03/27/2022,JAX,FL,ASO,ES,Combined TRACON& Tower with Radar,177,44,42,0,263,0,0,11,0,11,177,44,53,0,274,0,0,0,274
03/28/2022,JAX,FL,ASO,ES,Combined TRACON& Tower with Radar,183,23,41,5,252,0,2,5,2,9,183,25,46,7,261,0,46,46,307
03/29/2022,JAX,FL,ASO,ES,Combined TRACON& Tower with Radar,171,47,45,17,280,0,0,6,2,8,171,47,51,19,288,0,40,40,328
03/30/2022,JAX,FL,ASO,ES,Combined TRACON& Tower with Radar,167,53,51,3,274,0,0,5,3,8,167,53,56,6,282,0,48,48,330
03/31/2022,JAX,FL,ASO,ES,Combined TRACON& Tower with Radar,175,36,29,19,259,0,0,0,0,0,175,36,29,19,259,0,0,0,259
04/01/2022,JAX,FL,ASO,ES,Combined TRACON& Tower with Radar,200,41,29,8,278,0,1,3,3,7,200,42,32,11,285,0,22,22,307
04/02/2022,JAX,FL,ASO,ES,Combined TRACON& Tower with Radar,140,17,36,1,194,0,1,6,0,7,140,18,42,1,201,0,0,0,201
04/03/2022,JAX,FL,ASO,ES,Combined TRACON& Tower with Radar,167,34,44,3,248,0,0,4,0,4,167,34,48,3,252,0,0,0,252
04/04/2022,JAX,FL,ASO,ES,Combined TRACON& Tower with Radar,169,56,29,8,262,0,0,17,4,21,169,56,46,12,283,0,50,50,333
04/05/2022,JAX,FL,ASO,ES,Combined TRACON& Tower with Radar,175,63,40,5,283,0,0,4,1,5,175,63,44,6,288,0,0,0,288
04/06/2022,JAX,FL,ASO,ES,Combined TRACON& Tower with Radar,169,52,57,4,282,0,0,3,5,8,169,52,60,9,290,0,39,39,329
04/07/2022,JAX,FL,ASO,ES,Combined TRACON& Tower with Radar,192,33,50,0,275,1,0,7,1,9,193,33,57,1,284,0,0,0,284
04/08/2022,JAX,FL,ASO,ES,Combined TRACON& Tower with Radar,187,52,46,21,306,0,0,8,2,10,187,52,54,23,316,0,16,16,332
04/09/2022,JAX,FL,ASO,ES,Combined TRACON& Tower with Radar,140,33,32,0,205,0,0,14,0,14,140,33,46,0,219,0,0,0,219
04/10/2022,JAX,FL,ASO,ES,Combined TRACON& Tower with Radar,171,49,54,2,276,0,0,21,0,21,171,49,75,2,297,20,0,20,317
04/11/2022,JAX,FL,ASO,ES,Combined TRACON& Tower with Radar,180,41,40,9,270,0,0,10,7,17,180,41,50,16,287,0,0,0,287
04/12/2022,JAX,FL,ASO,ES,Combined TRACON& Tower with Radar,170,39,42,3,254,0,0,12,0,12,170,39,54,3,266,0,0,0,266
04/13/2022,JAX,FL,ASO,ES,Combined TRACON& Tower with Radar,176,57,43,9,285,0,1,6,2,9,176,58,49,11,294,0,0,0,294
04/14/2022,JAX,FL,ASO,ES,Combined TRACON& Tower with Radar,178,61,45,7,291,0,0,7,1,8,178,61,52,8,299,0,0,0,299
04/15/2022,JAX,FL,ASO,ES,Combined TRACON& Tower with Radar,194,40,41,4,279,0,0,1,2,3,194,40,42,6,282,0,0,0,282
04/16/2022,JAX,FL,ASO,ES,Combined TRACON& Tower with Radar,134,33,26,4,197,0,1,5,0,6,134,34,31,4,203,0,0,0,203
04/17/2022,JAX,FL,ASO,ES,Combined TRACON& Tower with Radar,167,14,14,0,195,0,0,2,0,2,167,14,16,0,197,0,0,0,197
04/18/2022,JAX,FL,ASO,ES,Combined TRACON& Tower with Radar,184,41,42,10,277,0,5,8,0,13,184,46,50,10,290,0,0,0,290
04/19/2022,JAX,FL,ASO,ES,Combined TRACON& Tower with Radar,175,43,25,23,266,0,2,8,4,14,175,45,33,27,280,6,0,6,286
04/20/2022,JAX,FL,ASO,ES,Combined TRACON& Tower with Radar,175,33,39,16,263,0,6,10,5,21,175,39,49,21,284,6,104,110,394
04/21/2022,JAX,FL,ASO,ES,Combined TRACON& Tower with Radar,185,45,43,7,280,0,0,6,2,8,185,45,49,9,288,0,36,36,324
04/22/2022,JAX,FL,ASO,ES,Combined TRACON& Tower with Radar,192,44,30,3,269,0,0,1,0,1,192,44,31,3,270,0,0,0,270
04/23/2022,JAX,FL,ASO,ES,Combined TRACON& Tower with Radar,132,38,21,14,205,0,0,1,0,1,132,38,22,14,206,0,0,0,206
04/24/2022,JAX,FL,ASO,ES,Combined TRACON& Tower with Radar,175,43,50,2,270,0,1,17,0,18,175,44,67,2,288,0,0,0,288
04/25/2022,JAX,FL,ASO,ES,Combined TRACON& Tower with Radar,180,34,32,8,254,0,2,13,12,27,180,36,45,20,281,0,0,0,281
04/26/2022,JAX,FL,ASO,ES,Combined TRACON& Tower with Radar,177,37,54,14,282,0,0,6,3,9,177,37,60,17,291,0,28,28,319
04/27/2022,JAX,FL,ASO,ES,Combined TRACON& Tower with Radar,168,36,38,13,255,0,0,4,2,6,168,36,42,15,261,0,0,0,261
04/28/2022,JAX,FL,ASO,ES,Combined TRACON& Tower with Radar,187,51,46,18,302,0,0,8,1,9,187,51,54,19,311,0,0,0,311
04/29/2022,JAX,FL,ASO,ES,Combined TRACON& Tower with Radar,191,35,46,2,274,0,0,13,2,15,191,35,59,4,289,0,6,6,295
04/30/2022,JAX,FL,ASO,ES,Combined TRACON& Tower with Radar,137,26,32,12,207,0,0,11,0,11,137,26,43,12,218,0,0,0,218
05/01/2022,JAX,FL,ASO,ES,Combined TRACON& Tower with Radar,181,31,33,0,245,0,0,8,0,8,181,31,41,0,253,0,0,0,253
05/02/2022,JAX,FL,ASO,ES,Combined TRACON& Tower with Radar,178,43,51,12,284,0,2,6,25,33,178,45,57,37,317,0,0,0,317
05/03/2022,JAX,FL,ASO,ES,Combined TRACON& Tower with Radar,179,58,43,30,310,0,3,5,5,13,179,61,48,35,323,0,0,0,323
05/04/2022,JAX,FL,ASO,ES,Combined TRACON& Tower with Radar,170,33,44,17,264,0,2,9,5,16,170,35,53,22,280,0,0,0,280
05/05/2022,JAX,FL,ASO,ES,Combined TRACON& Tower with Radar,195,50,40,16,301,0,0,11,7,18,195,50,51,23,319,0,88,88,407
05/06/2022,JAX,FL,ASO,ES,Combined TRACON& Tower with Radar,195,54,46,1,296,0,0,8,1,9,195,54,54,2,305,0,0,0,305
05/07/2022,JAX,FL,ASO,ES,Combined TRACON& Tower with Radar,156,21,16,0,193,0,0,15,0,15,156,21,31,0,208,0,0,0,208
05/08/2022,JAX,FL,ASO,ES,Combined TRACON& Tower with Radar,183,24,31,0,238,0,1,8,0,9,183,25,39,0,247,0,0,0,247
05/09/2022,JAX,FL,ASO,ES,Combined TRACON& Tower with Radar,188,36,44,5,273,0,2,14,3,19,188,38,58,8,292,0,6,6,298
05/10/2022,JAX,FL,ASO,ES,Combined TRACON& Tower with Radar,185,31,29,6,251,0,4,3,0,7,185,35,32,6,258,0,2,2,260
05/11/2022,JAX,FL,ASO,ES,Combined TRACON& Tower with Radar,181,31,30,4,246,0,2,3,7,12,181,33,33,11,258,0,20,20,278
05/12/2022,JAX,FL,ASO,ES,Combined TRACON& Tower with Radar,192,51,40,5,288,0,0,6,0,6,192,51,46,5,294,0,0,0,294
05/13/2022,JAX,FL,ASO,ES,Combined TRACON& Tower with Radar,199,49,49,10,307,0,2,8,8,18,199,51,57,18,325,0,0,0,325
05/14/2022,JAX,FL,ASO,ES,Combined TRACON& Tower with Radar,148,15,23,8,194,0,0,1,1,2,148,15,24,9,196,6,12,18,214
05/15/2022,JAX,FL,ASO,ES,Combined TRACON& Tower with Radar,184,41,31,7,263,0,0,4,6,10,184,41,35,13,273,0,0,0,273
05/16/2022,JAX,FL,ASO,ES,Combined TRACON& Tower with Radar,173,31,33,16,253,0,0,14,34,48,173,31,47,50,301,0,0,0,301
05/17/2022,JAX,FL,ASO,ES,Combined TRACON& Tower with Radar,181,40,28,23,272,0,0,17,9,26,181,40,45,32,298,0,12,12,310
05/18/2022,JAX,FL,ASO,ES,Combined TRACON& Tower with Radar,180,30,51,17,278,0,0,9,15,24,180,30,60,32,302,0,46,46,348
05/19/2022,JAX,FL,ASO,ES,Combined TRACON& Tower with Radar,199,51,36,7,293,0,1,12,3,16,199,52,48,10,309,0,0,0,309
05/20/2022,JAX,FL,ASO,ES,Combined TRACON& Tower with Radar,198,39,51,15,303,0,0,12,3,15,198,39,63,18,318,0,0,0,318
05/21/2022,JAX,FL,ASO,ES,Combined TRACON& Tower with Radar,147,12,25,0,184,0,0,0,0,0,147,12,25,0,184,0,0,0,184
05/22/2022,JAX,FL,ASO,ES,Combined TRACON& Tower with Radar,182,37,41,0,260,0,0,8,0,8,182,37,49,0,268,0,0,0,268
05/23/2022,JAX,FL,ASO,ES,Combined TRACON& Tower with Radar,196,33,46,41,316,0,0,4,14,18,196,33,50,55,334,0,0,0,334
05/24/2022,JAX,FL,ASO,ES,Combined TRACON& Tower with Radar,186,29,48,24,287,0,1,19,9,29,186,30,67,33,316,0,18,18,334
05/25/2022,JAX,FL,ASO,ES,Combined TRACON& Tower with Radar,179,24,43,7,253,0,0,12,5,17,179,24,55,12,270,0,28,28,298
05/26/2022,JAX,FL,ASO,ES,Combined TRACON& Tower with Radar,207,45,45,18,315,0,2,10,5,17,207,47,55,23,332,0,12,12,344
05/27/2022,JAX,FL,ASO,ES,Combined TRACON& Tower with Radar,190,34,38,1,263,0,0,6,0,6,190,34,44,1,269,0,0,0,269
05/28/2022,JAX,FL,ASO,ES,Combined TRACON& Tower with Radar,149,30,10,0,189,0,2,10,0,12,149,32,20,0,201,0,0,0,201
05/29/2022,JAX,FL,ASO,ES,Combined TRACON& Tower with Radar,184,20,23,0,227,0,0,9,0,9,184,20,32,0,236,0,0,0,236
05/30/2022,JAX,FL,ASO,ES,Combined TRACON& Tower with Radar,185,20,22,0,227,0,0,6,0,6,185,20,28,0,233,0,0,0,233
05/31/2022,JAX,FL,ASO,ES,Combined TRACON& Tower with Radar,174,48,29,16,267,0,0,9,3,12,174,48,38,19,279,0,0,0,279
06/01/2022,JAX,FL,ASO,ES,Combined TRACON& Tower with Radar,164,39,61,24,288,0,3,7,2,12,164,42,68,26,300,4,26,30,330
06/02/2022,JAX,FL,ASO,ES,Combined TRACON& Tower with Radar,187,38,23,26,274,0,6,19,3,28,187,44,42,29,302,2,34,36,338
06/03/2022,JAX,FL,ASO,ES,Combined TRACON& Tower with Radar,179,51,37,7,274,0,0,8,5,13,179,51,45,12,287,68,44,112,399
06/04/2022,JAX,FL,ASO,ES,Combined TRACON& Tower with Radar,142,18,15,0,175,0,0,3,0,3,142,18,18,0,178,0,0,0,178
06/05/2022,JAX,FL,ASO,ES,Combined TRACON& Tower with Radar,185,31,29,0,245,0,0,1,0,1,185,31,30,0,246,0,0,0,246
06/06/2022,JAX,FL,ASO,ES,Combined TRACON& Tower with Radar,175,30,31,4,240,0,0,1,2,3,175,30,32,6,243,0,0,0,243
06/07/2022,JAX,FL,ASO,ES,Combined TRACON& Tower with Radar,182,34,32,9,257,0,10,2,4,16,182,44,34,13,273,10,56,66,339
06/08/2022,JAX,FL,ASO,ES,Combined TRACON& Tower with Radar,171,30,38,15,254,0,0,9,4,13,171,30,47,19,267,0,6,6,273
06/09/2022,JAX,FL,ASO,ES,Combined TRACON& Tower with Radar,180,38,39,14,271,0,0,12,12,24,180,38,51,26,295,0,124,124,419
06/10/2022,JAX,FL,ASO,ES,Combined TRACON& Tower with Radar,190,50,36,18,294,0,0,9,4,13,190,50,45,22,307,0,0,0,307
06/11/2022,JAX,FL,ASO,ES,Combined TRACON& Tower with Radar,152,19,28,6,205,0,2,4,4,10,152,21,32,10,215,20,0,20,235
06/12/2022,JAX,FL,ASO,ES,Combined TRACON& Tower with Radar,180,29,31,0,240,0,0,4,2,6,180,29,35,2,246,20,0,20,266
06/13/2022,JAX,FL,ASO,ES,Combined TRACON& Tower with Radar,182,40,29,0,251,0,2,8,0,10,182,42,37,0,261,23,0,23,284
06/14/2022,JAX,FL,ASO,ES,Combined TRACON& Tower with Radar,176,35,31,30,272,0,5,7,8,20,176,40,38,38,292,6,92,98,390
06/15/2022,JAX,FL,ASO,ES,Combined TRACON& Tower with Radar,183,22,49,28,282,0,2,8,8,18,183,24,57,36,300,0,58,58,358
06/16/2022,JAX,FL,ASO,ES,Combined TRACON& Tower with Radar,166,42,35,14,257,0,2,7,2,11,166,44,42,16,268,0,4,4,272
06/17/2022,JAX,FL,ASO,ES,Combined TRACON& Tower with Radar,187,51,37,7,282,0,0,8,5,13,187,51,45,12,295,0,0,0,295
06/18/2022,JAX,FL,ASO,ES,Combined TRACON& Tower with Radar,142,18,15,0,175,0,0,3,0,3,142,18,18,0,178,0,0,0,178
06/19/2022,JAX,FL,ASO,ES,Combined TRACON& Tower with Radar,185,31,29,0,245,0,0,1,0,1,185,31,30,0,246,4,0,4,250
06/20/2022,JAX,FL,ASO,ES,Combined TRACON& Tower with Radar,175,30,31,4,240,0,0,1,2,3,175,30,32,6,243,0,0,0,243
06/21/2022,JAX,FL,ASO,ES,Combined TRACON& Tower with Radar,182,34,32,9,257,0,10,2,4,16,182,44,34,13,273,0,54,54,327
06/22/2022,JAX,FL,ASO,ES,Combined TRACON& Tower with Radar,171,30,38,15,254,0,0,9,4,13,171,30,47,19,267,0,38,38,305
06/23/2022,JAX,FL,ASO,ES,Combined TRACON& Tower with Radar,181,48,39,3,271,0,2,6,7,15,181,50,45,10,286,2,94,96,382
06/24/2022,JAX,FL,ASO,ES,Combined TRACON& Tower with Radar,201,31,34,21,287,0,0,4,9,13,201,31,38,30,300,2,80,82,382
06/25/2022,JAX,FL,ASO,ES,Combined TRACON& Tower with Radar,149,22,19,0,190,0,0,3,0,3,149,22,22,0,193,0,0,0,193
06/26/2022,JAX,FL,ASO,ES,Combined TRACON& Tower with Radar,175,43,31,6,255,0,0,9,0,9,175,43,40,6,264,0,0,0,264
06/27/2022,JAX,FL,ASO,ES,Combined TRACON& Tower with Radar,173,46,43,6,268,0,0,7,2,9,173,46,50,8,277,0,2,2,279
06/28/2022,JAX,FL,ASO,ES,Combined TRACON& Tower with Radar,180,41,31,23,275,0,1,0,6,7,180,42,31,29,282,0,0,0,282
06/29/2022,JAX,FL,ASO,ES,Combined TRACON& Tower with Radar,170,48,52,28,298,0,0,5,16,21,170,48,57,44,319,0,44,44,363
06/30/2022,JAX,FL,ASO,ES,Combined TRACON& Tower with Radar,194,38,40,7,279,0,0,0,3,3,194,38,40,10,282,0,18,18,300
07/01/2022,JAX,FL,ASO,ES,Combined TRACON& Tower with Radar,187,35,39,11,272,0,1,1,3,5,187,36,40,14,277,0,0,0,277
07/02/2022,JAX,FL,ASO,ES,Combined TRACON& Tower with Radar,147,17,26,0,190,0,0,2,0,2,147,17,28,0,192,0,0,0,192
07/03/2022,JAX,FL,ASO,ES,Combined TRACON& Tower with Radar,169,17,15,0,201,0,0,3,0,3,169,17,18,0,204,2,0,2,206
07/04/2022,JAX,FL,ASO,ES,Combined TRACON& Tower with Radar,178,15,15,0,208,0,0,5,0,5,178,15,20,0,213,0,0,0,213
07/05/2022,JAX,FL,ASO,ES,Combined TRACON& Tower with Radar,165,36,19,7,227,0,2,5,0,7,165,38,24,7,234,0,0,0,234
07/06/2022,JAX,FL,ASO,ES,Combined TRACON& Tower with Radar,167,57,25,9,258,0,0,11,9,20,167,57,36,18,278,6,140,146,424
07/07/2022,JAX,FL,ASO,ES,Combined TRACON& Tower with Radar,181,36,26,5,248,0,0,9,7,16,181,36,35,12,264,0,40,40,304
07/08/2022,JAX,FL,ASO,ES,Combined TRACON& Tower with Radar,200,26,27,5,258,0,0,2,4,6,200,26,29,9,264,0,40,40,304
07/09/2022,JAX,FL,ASO,ES,Combined TRACON& Tower with Radar,154,17,17,0,188,0,2,4,0,6,154,19,21,0,194,6,0,6,200
07/10/2022,JAX,FL,ASO,ES,Combined TRACON& Tower with Radar,179,29,37,0,245,0,0,4,0,4,179,29,41,0,249,0,0,0,249
07/11/2022,JAX,FL,ASO,ES,Combined TRACON& Tower with Radar,189,31,20,0,240,0,3,4,0,7,189,34,24,0,247,0,0,0,247
07/12/2022,JAX,FL,ASO,ES,Combined TRACON& Tower with Radar,174,38,40,16,268,0,0,1,8,9,174,38,41,24,277,0,44,44,321
07/13/2022,JAX,FL,ASO,ES,Combined TRACON& Tower with Radar,172,35,54,13,274,0,0,11,3,14,172,35,65,16,288,0,64,64,352
07/14/2022,JAX,FL,ASO,ES,Combined TRACON& Tower with Radar,189,34,32,2,257,0,0,3,2,5,189,34,35,4,262,0,0,0,262
07/15/2022,JAX,FL,ASO,ES,Combined TRACON& Tower with Radar,190,37,18,8,253,0,0,13,87,100,190,37,31,95,353,0,0,0,353
07/16/2022,JAX,FL,ASO,ES,Combined TRACON& Tower with Radar,155,17,22,0,194,0,0,1,0,1,155,17,23,0,195,0,0,0,195
07/17/2022,JAX,FL,ASO,ES,Combined TRACON& Tower with Radar,177,29,15,0,221,0,0,2,0,2,177,29,17,0,223,0,0,0,223
07/18/2022,JAX,FL,ASO,ES,Combined TRACON& Tower with Radar,174,29,40,1,244,0,2,0,3,5,174,31,40,4,249,0,0,0,249
07/19/2022,JAX,FL,ASO,ES,Combined TRACON& Tower with Radar,177,48,37,8,270,0,2,4,2,8,177,50,41,10,278,12,8,20,298
07/20/2022,JAX,FL,ASO,ES,Combined TRACON& Tower with Radar,177,39,43,9,268,0,0,1,1,2,177,39,44,10,270,0,0,0,270
07/21/2022,JAX,FL,ASO,ES,Combined TRACON& Tower with Radar,182,47,36,24,289,0,1,6,8,15,182,48,42,32,304,0,44,44,348
07/22/2022,JAX,FL,ASO,ES,Combined TRACON& Tower with Radar,194,47,39,14,294,0,1,3,3,7,194,48,42,17,301,0,0,0,301
07/23/2022,JAX,FL,ASO,ES,Combined TRACON& Tower with Radar,149,15,26,0,190,0,2,5,0,7,149,17,31,0,197,0,0,0,197
07/24/2022,JAX,FL,ASO,ES,Combined TRACON& Tower with Radar,175,17,33,0,225,0,0,8,2,10,175,17,41,2,235,0,0,0,235
07/25/2022,JAX,FL,ASO,ES,Combined TRACON& Tower with Radar,169,35,28,20,252,2,2,10,31,45,171,37,38,51,297,0,0,0,297
07/26/2022,JAX,FL,ASO,ES,Combined TRACON& Tower with Radar,191,60,24,19,294,0,4,10,3,17,191,64,34,22,311,0,28,28,339
07/27/2022,JAX,FL,ASO,ES,Combined TRACON& Tower with Radar,170,35,25,22,252,0,2,9,18,29,170,37,34,40,281,0,106,106,387
07/28/2022,JAX,FL,ASO,ES,Combined TRACON& Tower with Radar,181,43,36,21,281,0,0,13,4,17,181,43,49,25,298,0,12,12,310
07/29/2022,JAX,FL,ASO,ES,Combined TRACON& Tower with Radar,184,26,35,25,270,0,1,7,3,11,184,27,42,28,281,0,0,0,281
07/30/2022,JAX,FL,ASO,ES,Combined TRACON& Tower with Radar,153,18,14,0,185,0,1,5,0,6,153,19,19,0,191,0,0,0,191
07/31/2022,JAX,FL,ASO,ES,Combined TRACON& Tower with Radar,173,36,30,0,239,0,0,10,0,10,173,36,40,0,249,0,0,0,249
08/01/2022,JAX,FL,ASO,ES,Combined TRACON& Tower with Radar,185,29,25,6,245,0,1,9,4,14,185,30,34,10,259,0,8,8,267
08/02/2022,JAX,FL,ASO,ES,Combined TRACON& Tower with Radar,174,28,28,9,239,0,1,14,5,20,174,29,42,14,259,10,0,10,269
08/03/2022,JAX,FL,ASO,ES,Combined TRACON& Tower with Radar,166,33,30,6,235,0,0,5,2,7,166,33,35,8,242,0,0,0,242
08/04/2022,JAX,FL,ASO,ES,Combined TRACON& Tower with Radar,179,44,36,16,275,0,1,15,2,18,179,45,51,18,293,0,0,0,293
08/05/2022,JAX,FL,ASO,ES,Combined TRACON& Tower with Radar,174,24,18,25,241,0,0,6,2,8,174,24,24,27,249,34,2,36,285
08/06/2022,JAX,FL,ASO,ES,Combined TRACON& Tower with Radar,153,17,21,12,203,0,0,8,0,8,153,17,29,12,211,0,0,0,211
08/07/2022,JAX,FL,ASO,ES,Combined TRACON& Tower with Radar,170,30,34,0,234,0,4,10,0,14,170,34,44,0,248,0,0,0,248
08/08/2022,JAX,FL,ASO,ES,Combined TRACON& Tower with Radar,183,32,23,2,240,0,0,8,0,8,183,32,31,2,248,0,16,16,264
08/09/2022,JAX,FL,ASO,ES,Combined TRACON& Tower with Radar,173,30,32,23,258,0,3,4,1,8,173,33,36,24,266,4,12,16,282
08/10/2022,JAX,FL,ASO,ES,Combined TRACON& Tower with Radar,170,45,42,13,270,0,1,7,4,12,170,46,49,17,282,0,8,8,290
08/11/2022,JAX,FL,ASO,ES,Combined TRACON& Tower with Radar,179,32,35,20,266,0,0,5,4,9,179,32,40,24,275,0,38,38,313
08/12/2022,JAX,FL,ASO,ES,Combined TRACON& Tower with Radar,190,23,33,9,255,0,0,11,7,18,190,23,44,16,273,0,16,16,289
08/13/2022,JAX,FL,ASO,ES,Combined TRACON& Tower with Radar,149,25,17,7,198,0,0,7,1,8,149,25,24,8,206,0,0,0,206
08/14/2022,JAX,FL,ASO,ES,Combined TRACON& Tower with Radar,181,34,15,1,231,0,0,8,0,8,181,34,23,1,239,0,0,0,239
08/15/2022,JAX,FL,ASO,ES,Combined TRACON& Tower with Radar,172,35,26,2,235,0,0,12,3,15,172,35,38,5,250,0,0,0,250
08/16/2022,JAX,FL,ASO,ES,Combined TRACON& Tower with Radar,167,24,29,8,228,0,2,8,1,11,167,26,37,9,239,2,18,20,259
08/17/2022,JAX,FL,ASO,ES,Combined TRACON& Tower with Radar,172,23,31,3,229,0,1,5,3,9,172,24,36,6,238,0,0,0,238
08/18/2022,JAX,FL,ASO,ES,Combined TRACON& Tower with Radar,181,44,42,8,275,0,0,2,3,5,181,44,44,11,280,0,30,30,310
08/19/2022,JAX,FL,ASO,ES,Combined TRACON& Tower with Radar,187,35,28,8,258,0,3,3,0,6,187,38,31,8,264,4,34,38,302
08/20/2022,JAX,FL,ASO,ES,Combined TRACON& Tower with Radar,151,11,11,0,173,0,2,5,0,7,151,13,16,0,180,0,0,0,180
08/21/2022,JAX,FL,ASO,ES,Combined TRACON& Tower with Radar,162,26,27,0,215,0,0,10,0,10,162,26,37,0,225,0,0,0,225
08/22/2022,JAX,FL,ASO,ES,Combined TRACON& Tower with Radar,170,36,30,2,238,0,0,8,0,8,170,36,38,2,246,0,0,0,246
08/23/2022,JAX,FL,ASO,ES,Combined TRACON& Tower with Radar,183,39,35,11,268,0,0,10,7,17,183,39,45,18,285,0,50,50,335
08/24/2022,JAX,FL,ASO,ES,Combined TRACON& Tower with Radar,172,42,45,2,261,0,0,6,4,10,172,42,51,6,271,0,0,0,271
08/25/2022,JAX,FL,ASO,ES,Combined TRACON& Tower with Radar,171,34,44,3,252,0,0,1,1,2,171,34,45,4,254,0,22,22,276
08/26/2022,JAX,FL,ASO,ES,Combined TRACON& Tower with Radar,189,26,33,7,255,0,0,4,0,4,189,26,37,7,259,0,0,0,259
08/27/2022,JAX,FL,ASO,ES,Combined TRACON& Tower with Radar,154,16,14,2,186,0,1,4,0,5,154,17,18,2,191,0,0,0,191
08/28/2022,JAX,FL,ASO,ES,Combined TRACON& Tower with Radar,163,26,40,0,229,0,0,6,0,6,163,26,46,0,235,0,0,0,235
08/29/2022,JAX,FL,ASO,ES,Combined TRACON& Tower with Radar,169,30,17,13,229,0,0,2,4,6,169,30,19,17,235,0,2,2,237
08/30/2022,JAX,FL,ASO,ES,Combined TRACON& Tower with Radar,164,23,37,7,231,0,1,2,3,6,164,24,39,10,237,0,8,8,245
08/31/2022,JAX,FL,ASO,ES,Combined TRACON& Tower with Radar,169,25,31,7,232,0,0,6,2,8,169,25,37,9,240,0,0,0,240
09/01/2022,JAX,FL,ASO,ES,Combined TRACON& Tower with Radar,182,42,24,11,259,0,2,2,6,10,182,44,26,17,269,0,2,2,271
09/02/2022,JAX,FL,ASO,ES,Combined TRACON& Tower with Radar,183,43,63,1,290,0,0,3,0,3,183,43,66,1,293,0,0,0,293
09/03/2022,JAX,FL,ASO,ES,Combined TRACON& Tower with Radar,145,24,12,0,181,0,0,0,0,0,145,24,12,0,181,0,0,0,181
09/04/2022,JAX,FL,ASO,ES,Combined TRACON& Tower with Radar,142,10,15,0,167,0,0,0,0,0,142,10,15,0,167,0,0,0,167
09/05/2022,JAX,FL,ASO,ES,Combined TRACON& Tower with Radar,160,46,33,0,239,0,2,8,0,10,160,48,41,0,249,10,0,10,259
09/06/2022,JAX,FL,ASO,ES,Combined TRACON& Tower with Radar,160,44,30,19,253,0,0,7,5,12,160,44,37,24,265,0,0,0,265
09/07/2022,JAX,FL,ASO,ES,Combined TRACON& Tower with Radar,164,39,27,6,236,0,0,10,5,15,164,39,37,11,251,10,22,32,283
09/08/2022,JAX,FL,ASO,ES,Combined TRACON& Tower with Radar,185,38,33,13,269,0,0,5,1,6,185,38,38,14,275,2,44,46,321
09/09/2022,JAX,FL,ASO,ES,Combined TRACON& Tower with Radar,176,54,42,10,282,0,0,4,3,7,176,54,46,13,289,0,10,10,299
09/10/2022,JAX,FL,ASO,ES,Combined TRACON& Tower with Radar,138,20,24,10,192,0,1,3,6,10,138,21,27,16,202,0,4,4,206
09/11/2022,JAX,FL,ASO,ES,Combined TRACON& Tower with Radar,180,29,29,0,238,0,0,11,0,11,180,29,40,0,249,2,0,2,251
09/12/2022,JAX,FL,ASO,ES,Combined TRACON& Tower with Radar,164,36,35,21,256,0,0,2,1,3,164,36,37,22,259,0,10,10,269
09/13/2022,JAX,FL,ASO,ES,Combined TRACON& Tower with Radar,167,31,52,25,275,0,2,5,1,8,167,33,57,26,283,2,6,8,291
09/14/2022,JAX,FL,ASO,ES,Combined TRACON& Tower with Radar,180,37,32,17,266,0,0,3,4,7,180,37,35,21,273,0,24,24,297
09/15/2022,JAX,FL,ASO,ES,Combined TRACON& Tower with Radar,184,41,49,11,285,0,0,6,4,10,184,41,55,15,295,0,0,0,295
09/16/2022,JAX,FL,ASO,ES,Combined TRACON& Tower with Radar,183,44,33,23,283,0,0,4,2,6,183,44,37,25,289,2,6,8,297
09/17/2022,JAX,FL,ASO,ES,Combined TRACON& Tower with Radar,136,19,15,7,177,0,0,4,0,4,136,19,19,7,181,0,0,0,181
09/18/2022,JAX,FL,ASO,ES,Combined TRACON& Tower with Radar,177,36,26,2,241,0,0,2,0,2,177,36,28,2,243,0,0,0,243
09/19/2022,JAX,FL,ASO,ES,Combined TRACON& Tower with Radar,170,39,35,4,248,0,0,2,0,2,170,39,37,4,250,0,0,0,250
09/20/2022,JAX,FL,ASO,ES,Combined TRACON& Tower with Radar,171,37,26,11,245,0,0,14,4,18,171,37,40,15,263,0,20,20,283
09/21/2022,JAX,FL,ASO,ES,Combined TRACON& Tower with Radar,161,38,41,16,256,0,0,10,5,15,161,38,51,21,271,12,60,72,343
09/22/2022,JAX,FL,ASO,ES,Combined TRACON& Tower with Radar,179,49,30,14,272,0,5,14,1,20,179,54,44,15,292,6,6,12,304
09/23/2022,JAX,FL,ASO,ES,Combined TRACON& Tower with Radar,183,31,26,15,255,1,2,7,1,11,184,33,33,16,266,8,0,8,274
09/24/2022,JAX,FL,ASO,ES,Combined TRACON& Tower with Radar,136,23,25,0,184,0,4,25,4,33,136,27,50,4,217,0,0,0,217
09/25/2022,JAX,FL,ASO,ES,Combined TRACON& Tower with Radar,172,46,42,1,261,0,4,4,1,9,172,50,46,2,270,0,52,52,322
09/26/2022,JAX,FL,ASO,ES,Combined TRACON& Tower with Radar,168,39,37,11,255,0,2,21,5,28,168,41,58,16,283,0,0,0,283
09/27/2022,JAX,FL,ASO,ES,Combined TRACON& Tower with Radar,170,33,35,5,243,0,2,7,3,12,170,35,42,8,255,0,0,0,255
09/28/2022,JAX,FL,ASO,ES,Combined TRACON& Tower with Radar,120,31,13,1,165,0,0,0,1,1,120,31,13,2,166,0,0,0,166
09/29/2022,JAX,FL,ASO,ES,Combined TRACON& Tower with Radar,0,0,1,0,1,0,0,0,0,0,0,0,1,0,1,0,0,0,1
09/30/2022,JAX,FL,ASO,ES,Combined TRACON& Tower with Radar,61,20,13,0,94,0,0,1,0,1,61,20,14,0,95,0,0,0,95
10/01/2022,JAX,FL,ASO,ES,Combined TRACON& Tower with Radar,126,26,18,0,170,0,1,7,0,8,126,27,25,0,178,0,0,0,178
10/02/2022,JAX,FL,ASO,ES,Combined TRACON& Tower with Radar,180,39,18,0,237,0,1,8,0,9,180,40,26,0,246,0,0,0,246
10/03/2022,JAX,FL,ASO,ES,Combined TRACON& Tower with Radar,160,29,22,0,211,0,2,8,1,11,160,31,30,1,222,0,0,0,222
10/04/2022,JAX,FL,ASO,ES,Combined TRACON& Tower with Radar,158,49,40,20,267,0,0,17,7,24,158,49,57,27,291,0,0,0,291
10/05/2022,JAX,FL,ASO,ES,Combined TRACON& Tower with Radar,154,44,38,16,252,0,4,11,4,19,154,48,49,20,271,10,18,28,299
10/06/2022,JAX,FL,ASO,ES,Combined TRACON& Tower with Radar,185,63,34,11,293,0,0,13,1,14,185,63,47,12,307,0,0,0,307
10/07/2022,JAX,FL,ASO,ES,Combined TRACON& Tower with Radar,178,47,50,9,284,0,2,8,6,16,178,49,58,15,300,0,0,0,300
10/08/2022,JAX,FL,ASO,ES,Combined TRACON& Tower with Radar,137,30,28,2,197,0,3,16,2,21,137,33,44,4,218,0,0,0,218
10/09/2022,JAX,FL,ASO,ES,Combined TRACON& Tower with Radar,177,54,53,5,289,0,0,11,1,12,177,54,64,6,301,0,0,0,301
10/10/2022,JAX,FL,ASO,ES,Combined TRACON& Tower with Radar,161,52,38,8,259,0,0,9,0,9,161,52,47,8,268,0,0,0,268
10/11/2022,JAX,FL,ASO,ES,Combined TRACON& Tower with Radar,165,54,44,30,293,0,0,7,5,12,165,54,51,35,305,0,8,8,313
10/12/2022,JAX,FL,ASO,ES,Combined TRACON& Tower with Radar,154,49,39,41,283,0,1,0,3,4,154,50,39,44,287,0,66,66,353
10/13/2022,JAX,FL,ASO,ES,Combined TRACON& Tower with Radar,185,52,36,17,290,0,6,4,7,17,185,58,40,24,307,0,16,16,323
10/14/2022,JAX,FL,ASO,ES,Combined TRACON& Tower with Radar,179,45,45,16,285,0,31,12,11,54,179,76,57,27,339,26,26,52,391
10/15/2022,JAX,FL,ASO,ES,Combined TRACON& Tower with Radar,145,29,23,9,206,1,0,13,13,27,146,29,36,22,233,0,0,0,233
10/16/2022,JAX,FL,ASO,ES,Combined TRACON& Tower with Radar,181,35,23,0,239,0,1,6,0,7,181,36,29,0,246,0,0,0,246
10/17/2022,JAX,FL,ASO,ES,Combined TRACON& Tower with Radar,164,47,42,20,273,0,0,8,8,16,164,47,50,28,289,0,26,26,315
10/18/2022,JAX,FL,ASO,ES,Combined TRACON& Tower with Radar,162,35,27,17,241,0,0,12,3,15,162,35,39,20,256,0,12,12,268
10/19/2022,JAX,FL,ASO,ES,Combined TRACON& Tower with Radar,156,39,55,11,261,0,2,16,1,19,156,41,71,12,280,4,0,4,284
10/20/2022,JAX,FL,ASO,ES,Combined TRACON& Tower with Radar,185,43,39,7,274,0,4,14,3,21,185,47,53,10,295,0,0,0,295
10/21/2022,JAX,FL,ASO,ES,Combined TRACON& Tower with Radar,177,46,28,13,264,0,0,10,4,14,177,46,38,17,278,0,0,0,278
10/22/2022,JAX,FL,ASO,ES,Combined TRACON& Tower with Radar,140,23,19,11,193,0,0,10,0,10,140,23,29,11,203,8,0,8,211
10/23/2022,JAX,FL,ASO,ES,Combined TRACON& Tower with Radar,177,40,37,0,254,0,0,2,0,2,177,40,39,0,256,0,0,0,256
10/24/2022,JAX,FL,ASO,ES,Combined TRACON& Tower with Radar,163,43,32,9,247,0,1,7,7,15,163,44,39,16,262,0,0,0,262
10/25/2022,JAX,FL,ASO,ES,Combined TRACON& Tower with Radar,157,31,37,24,249,0,2,9,5,16,157,33,46,29,265,0,58,58,323
10/26/2022,JAX,FL,ASO,ES,Combined TRACON& Tower with Radar,161,43,31,14,249,0,4,4,6,14,161,47,35,20,263,0,26,26,289
10/27/2022,JAX,FL,ASO,ES,Combined TRACON& Tower with Radar,190,41,30,26,287,0,3,14,9,26,190,44,44,35,313,0,0,0,313
10/28/2022,JAX,FL,ASO,ES,Combined TRACON& Tower with Radar,173,37,39,16,265,0,0,2,0,2,173,37,41,16,267,0,10,10,277
10/29/2022,JAX,FL,ASO,ES,Combined TRACON& Tower with Radar,136,44,58,8,246,0,0,0,0,0,136,44,58,8,246,0,0,0,246
10/30/2022,JAX,FL,ASO,ES,Combined TRACON& Tower with Radar,174,22,32,2,230,0,0,3,0,3,174,22,35,2,233,0,0,0,233
10/31/2022,JAX,FL,ASO,ES,Combined TRACON& Tower with Radar,152,31,30,0,213,0,0,10,0,10,152,31,40,0,223,0,0,0,223
11/01/2022,JAX,FL,ASO,ES,Combined TRACON& Tower with Radar,159,32,45,23,259,0,2,27,61,90,159,34,72,84,349,0,4,4,353
11/02/2022,JAX,FL,ASO,ES,Combined TRACON& Tower with Radar,162,30,41,21,254,1,4,8,7,20,163,34,49,28,274,8,64,72,346
11/03/2022,JAX,FL,ASO,ES,Combined TRACON& Tower with Radar,182,40,46,4,272,0,5,3,2,10,182,45,49,6,282,0,0,0,282
11/04/2022,JAX,FL,ASO,ES,Combined TRACON& Tower with Radar,165,42,35,20,262,0,0,7,1,8,165,42,42,21,270,0,0,0,270
11/05/2022,JAX,FL,ASO,ES,Combined TRACON& Tower with Radar,137,23,27,18,205,0,0,5,2,7,137,23,32,20,212,0,6,6,218
11/06/2022,JAX,FL,ASO,ES,Combined TRACON& Tower with Radar,166,40,38,1,245,1,0,5,1,7,167,40,43,2,252,0,0,0,252
11/07/2022,JAX,FL,ASO,ES,Combined TRACON& Tower with Radar,168,31,34,3,236,0,1,8,37,46,168,32,42,40,282,0,6,6,288
11/08/2022,JAX,FL,ASO,ES,Combined TRACON& Tower with Radar,164,34,45,4,247,0,1,11,4,16,164,35,56,8,263,2,0,2,265
11/09/2022,JAX,FL,ASO,ES,Combined TRACON& Tower with Radar,165,42,34,4,245,0,0,4,0,4,165,42,38,4,249,0,0,0,249
11/10/2022,JAX,FL,ASO,ES,Combined TRACON& Tower with Radar,134,11,10,0,155,0,0,0,0,0,134,11,10,0,155,0,0,0,155
11/11/2022,JAX,FL,ASO,ES,Combined TRACON& Tower with Radar,173,47,37,0,257,0,0,2,0,2,173,47,39,0,259,0,0,0,259
11/12/2022,JAX,FL,ASO,ES,Combined TRACON& Tower with Radar,159,23,27,0,209,0,1,7,0,8,159,24,34,0,217,0,0,0,217
11/13/2022,JAX,FL,ASO,ES,Combined TRACON& Tower with Radar,177,31,19,0,227,0,0,7,0,7,177,31,26,0,234,0,0,0,234
11/14/2022,JAX,FL,ASO,ES,Combined TRACON& Tower with Radar,173,40,40,0,253,0,0,4,0,4,173,40,44,0,257,0,0,0,257
11/15/2022,JAX,FL,ASO,ES,Combined TRACON& Tower with Radar,171,43,35,35,284,0,2,9,0,11,171,45,44,35,295,8,10,18,313
11/16/2022,JAX,FL,ASO,ES,Combined TRACON& Tower with Radar,168,41,42,8,259,0,1,0,3,4,168,42,42,11,263,0,44,44,307
11/17/2022,JAX,FL,ASO,ES,Combined TRACON& Tower with Radar,189,46,36,6,277,0,0,10,1,11,189,46,46,7,288,0,0,0,288
11/18/2022,JAX,FL,ASO,ES,Combined TRACON& Tower with Radar,194,41,43,9,287,0,1,14,3,18,194,42,57,12,305,0,44,44,349
11/19/2022,JAX,FL,ASO,ES,Combined TRACON& Tower with Radar,156,34,25,0,215,0,4,5,0,9,156,38,30,0,224,0,0,0,224
11/20/2022,JAX,FL,ASO,ES,Combined TRACON& Tower with Radar,179,37,24,0,240,0,0,5,0,5,179,37,29,0,245,0,0,0,245
11/21/2022,JAX,FL,ASO,ES,Combined TRACON& Tower with Radar,179,52,25,20,276,0,0,4,60,64,179,52,29,80,340,0,0,0,340
11/22/2022,JAX,FL,ASO,ES,Combined TRACON& Tower with Radar,184,39,22,12,257,0,0,0,0,0,184,39,22,12,257,0,6,6,263
11/23/2022,JAX,FL,ASO,ES,Combined TRACON& Tower with Radar,205,33,23,7,268,0,0,0,1,1,205,33,23,8,269,0,0,0,269
11/24/2022,JAX,FL,ASO,ES,Combined TRACON& Tower with Radar,93,9,8,1,111,0,0,0,0,0,93,9,8,1,111,0,0,0,111
11/25/2022,JAX,FL,ASO,ES,Combined TRACON& Tower with Radar,153,28,31,1,213,0,0,0,0,0,153,28,31,1,213,0,0,0,213
11/26/2022,JAX,FL,ASO,ES,Combined TRACON& Tower with Radar,175,34,23,0,232,0,0,3,0,3,175,34,26,0,235,0,0,0,235
11/27/2022,JAX,FL,ASO,ES,Combined TRACON& Tower with Radar,192,49,39,0,280,0,0,5,0,5,192,49,44,0,285,0,0,0,285
11/28/2022,JAX,FL,ASO,ES,Combined TRACON& Tower with Radar,187,33,45,9,274,0,0,12,0,12,187,33,57,9,286,0,0,0,286
11/29/2022,JAX,FL,ASO,ES,Combined TRACON& Tower with Radar,170,45,35,12,262,0,1,9,3,13,170,46,44,15,275,0,4,4,279
11/30/2022,JAX,FL,ASO,ES,Combined TRACON& Tower with Radar,165,45,44,4,258,0,0,6,1,7,165,45,50,5,265,0,0,0,265
12/01/2022,JAX,FL,ASO,ES,Combined TRACON& Tower with Radar,189,59,40,13,301,0,1,7,5,13,189,60,47,18,314,0,14,14,328
12/02/2022,JAX,FL,ASO,ES,Combined TRACON& Tower with Radar,197,41,42,11,291,0,4,15,3,22,197,45,57,14,313,6,0,6,319
12/03/2022,JAX,FL,ASO,ES,Combined TRACON& Tower with Radar,148,19,21,9,197,0,0,4,2,6,148,19,25,11,203,0,0,0,203
12/04/2022,JAX,FL,ASO,ES,Combined TRACON& Tower with Radar,175,24,37,0,236,0,0,5,0,5,175,24,42,0,241,0,0,0,241
12/05/2022,JAX,FL,ASO,ES,Combined TRACON& Tower with Radar,182,40,28,22,272,0,0,7,3,10,182,40,35,25,282,2,16,18,300
12/06/2022,JAX,FL,ASO,ES,Combined TRACON& Tower with Radar,169,39,40,12,260,0,1,8,4,13,169,40,48,16,273,8,14,22,295
12/07/2022,JAX,FL,ASO,ES,Combined TRACON& Tower with Radar,172,51,34,9,266,0,1,12,0,13,172,52,46,9,279,0,12,12,291
12/08/2022,JAX,FL,ASO,ES,Combined TRACON& Tower with Radar,186,41,49,21,297,0,0,21,5,26,186,41,70,26,323,0,20,20,343
12/09/2022,JAX,FL,ASO,ES,Combined TRACON& Tower with Radar,189,54,40,8,291,0,0,13,2,15,189,54,53,10,306,0,0,0,306
12/10/2022,JAX,FL,ASO,ES,Combined TRACON& Tower with Radar,150,9,24,9,192,0,0,0,1,1,150,9,24,10,193,0,0,0,193
12/11/2022,JAX,FL,ASO,ES,Combined TRACON& Tower with Radar,173,17,35,0,225,0,0,2,0,2,173,17,37,0,227,0,0,0,227
12/12/2022,JAX,FL,ASO,ES,Combined TRACON& Tower with Radar,178,43,30,2,253,0,0,5,3,8,178,43,35,5,261,0,6,6,267
12/13/2022,JAX,FL,ASO,ES,Combined TRACON& Tower with Radar,172,45,38,21,276,0,4,8,5,17,172,49,46,26,293,4,12,16,309
12/14/2022,JAX,FL,ASO,ES,Combined TRACON& Tower with Radar,172,44,46,22,284,0,5,13,1,19,172,49,59,23,303,0,0,0,303
12/15/2022,JAX,FL,ASO,ES,Combined TRACON& Tower with Radar,202,46,37,5,290,0,1,1,1,3,202,47,38,6,293,2,0,2,295
12/16/2022,JAX,FL,ASO,ES,Combined TRACON& Tower with Radar,191,34,41,10,276,0,1,13,5,19,191,35,54,15,295,0,14,14,309
12/17/2022,JAX,FL,ASO,ES,Combined TRACON& Tower with Radar,187,22,31,2,242,0,0,20,0,20,187,22,51,2,262,0,0,0,262
12/18/2022,JAX,FL,ASO,ES,Combined TRACON& Tower with Radar,187,25,27,0,239,0,4,6,0,10,187,29,33,0,249,0,0,0,249
12/19/2022,JAX,FL,ASO,ES,Combined TRACON& Tower with Radar,175,46,36,6,263,0,1,4,3,8,175,47,40,9,271,0,0,0,271
12/20/2022,JAX,FL,ASO,ES,Combined TRACON& Tower with Radar,197,54,31,13,295,0,0,0,0,0,197,54,31,13,295,0,0,0,295
12/21/2022,JAX,FL,ASO,ES,Combined TRACON& Tower with Radar,188,37,38,2,265,0,0,0,0,0,188,37,38,2,265,0,0,0,265
12/22/2022,JAX,FL,ASO,ES,Combined TRACON& Tower with Radar,193,35,24,11,263,0,2,0,0,2,193,37,24,11,265,14,0,14,279
12/23/2022,JAX,FL,ASO,ES,Combined TRACON& Tower with Radar,163,23,16,0,202,0,0,6,0,6,163,23,22,0,208,0,0,0,208
12/24/2022,JAX,FL,ASO,ES,Combined TRACON& Tower with Radar,122,9,3,0,134,0,4,4,1,9,122,13,7,1,143,0,0,0,143
12/25/2022,JAX,FL,ASO,ES,Combined TRACON& Tower with Radar,128,17,3,0,148,0,5,7,0,12,128,22,10,0,160,0,0,0,160
12/26/2022,JAX,FL,ASO,ES,Combined TRACON& Tower with Radar,156,59,40,0,255,0,2,15,0,17,156,61,55,0,272,0,0,0,272
12/27/2022,JAX,FL,ASO,ES,Combined TRACON& Tower with Radar,178,35,25,6,244,0,3,18,1,22,178,38,43,7,266,0,0,0,266
12/28/2022,JAX,FL,ASO,ES,Combined TRACON& Tower with Radar,171,40,25,6,242,0,3,14,2,19,171,43,39,8,261,0,0,0,261
12/29/2022,JAX,FL,ASO,ES,Combined TRACON& Tower with Radar,177,48,40,9,274,0,2,3,2,7,177,50,43,11,281,4,0,4,285
12/30/2022,JAX,FL,ASO,ES,Combined TRACON& Tower with Radar,189,44,34,8,275,0,0,17,2,19,189,44,51,10,294,10,2,12,306
12/31/2022,JAX,FL,ASO,ES,Combined TRACON& Tower with Radar,152,24,26,0,202,0,0,0,0,0,152,24,26,0,202,0,0,0,202
01/01/2023,JAX,FL,ASO,ES,Combined TRACON& Tower with Radar,151,40,21,0,212,0,0,3,0,3,151,40,24,0,215,0,0,0,215
01/02/2023,JAX,FL,ASO,ES,Combined TRACON& Tower with Radar,162,44,34,0,240,0,0,7,0,7,162,44,41,0,247,0,0,0,247
01/03/2023,JAX,FL,ASO,ES,Combined TRACON& Tower with Radar,185,26,18,11,240,0,2,9,3,14,185,28,27,14,254,2,10,12,266
01/04/2023,JAX,FL,ASO,ES,Combined TRACON& Tower with Radar,167,35,29,11,242,0,0,2,2,4,167,35,31,13,246,0,0,0,246
01/05/2023,JAX,FL,ASO,ES,Combined TRACON& Tower with Radar,176,28,23,14,241,0,0,6,3,9,176,28,29,17,250,0,4,4,254
01/06/2023,JAX,FL,ASO,ES,Combined TRACON& Tower with Radar,165,23,24,14,226,0,3,13,10,26,165,26,37,24,252,0,72,72,324
01/07/2023,JAX,FL,ASO,ES,Combined TRACON& Tower with Radar,147,22,41,8,218,0,2,4,1,7,147,24,45,9,225,10,0,10,235
01/08/2023,JAX,FL,ASO,ES,Combined TRACON& Tower with Radar,164,37,33,0,234,0,2,2,0,4,164,39,35,0,238,0,0,0,238
01/09/2023,JAX,FL,ASO,ES,Combined TRACON& Tower with Radar,160,31,29,9,229,0,2,7,0,9,160,33,36,9,238,0,0,0,238
01/10/2023,JAX,FL,ASO,ES,Combined TRACON& Tower with Radar,164,36,29,7,236,0,4,16,0,20,164,40,45,7,256,18,0,18,274
01/11/2023,JAX,FL,ASO,ES,Combined TRACON& Tower with Radar,152,37,34,25,248,0,0,13,3,16,152,37,47,28,264,0,12,12,276
01/12/2023,JAX,FL,ASO,ES,Combined TRACON& Tower with Radar,179,43,49,32,303,0,0,8,5,13,179,43,57,37,316,0,0,0,316
01/13/2023,JAX,FL,ASO,ES,Combined TRACON& Tower with Radar,191,36,45,21,293,0,0,5,1,6,191,36,50,22,299,0,0,0,299
01/14/2023,JAX,FL,ASO,ES,Combined TRACON& Tower with Radar,146,34,42,3,225,1,0,7,0,8,147,34,49,3,233,6,0,6,239
01/15/2023,JAX,FL,ASO,ES,Combined TRACON& Tower with Radar,155,24,48,0,227,0,0,13,0,13,155,24,61,0,240,0,0,0,240
01/16/2023,JAX,FL,ASO,ES,Combined TRACON& Tower with Radar,162,16,28,3,209,0,0,1,0,1,162,16,29,3,210,0,0,0,210
01/17/2023,JAX,FL,ASO,ES,Combined TRACON& Tower with Radar,167,30,43,23,263,0,0,15,1,16,167,30,58,24,279,0,56,56,335
01/18/2023,JAX,FL,ASO,ES,Combined TRACON& Tower with Radar,173,38,43,12,266,0,1,4,5,10,173,39,47,17,276,0,0,0,276
01/19/2023,JAX,FL,ASO,ES,Combined TRACON& Tower with Radar,183,35,33,26,277,0,0,6,2,8,183,35,39,28,285,0,0,0,285
01/20/2023,JAX,FL,ASO,ES,Combined TRACON& Tower with Radar,182,34,29,30,275,0,1,3,1,5,182,35,32,31,280,0,8,8,288
01/21/2023,JAX,FL,ASO,ES,Combined TRACON& Tower with Radar,147,21,28,0,196,0,0,3,0,3,147,21,31,0,199,0,0,0,199
01/22/2023,JAX,FL,ASO,ES,Combined TRACON& Tower with Radar,174,31,27,0,232,0,0,2,0,2,174,31,29,0,234,0,0,0,234
01/23/2023,JAX,FL,ASO,ES,Combined TRACON& Tower with Radar,163,44,29,0,236,0,3,5,0,8,163,47,34,0,244,0,0,0,244
01/24/2023,JAX,FL,ASO,ES,Combined TRACON& Tower with Radar,166,49,40,4,259,0,2,14,0,16,166,51,54,4,275,0,0,0,275
01/25/2023,JAX,FL,ASO,ES,Combined TRACON& Tower with Radar,163,45,33,39,280,0,0,7,1,8,163,45,40,40,288,0,0,0,288
01/26/2023,JAX,FL,ASO,ES,Combined TRACON& Tower with Radar,180,53,43,10,286,0,1,7,1,9,180,54,50,11,295,0,22,22,317
01/27/2023,JAX,FL,ASO,ES,Combined TRACON& Tower with Radar,184,37,34,13,268,1,0,11,1,13,185,37,45,14,281,0,0,0,281
01/28/2023,JAX,FL,ASO,ES,Combined TRACON& Tower with Radar,150,32,29,0,211,0,0,9,0,9,150,32,38,0,220,0,0,0,220
01/29/2023,JAX,FL,ASO,ES,Combined TRACON& Tower with Radar,166,45,47,0,258,0,1,4,0,5,166,46,51,0,263,0,0,0,263
01/30/2023,JAX,FL,ASO,ES,Combined TRACON& Tower with Radar,161,43,31,31,266,0,0,9,8,17,161,43,40,39,283,0,42,42,325
01/31/2023,JAX,FL,ASO,ES,Combined TRACON& Tower with Radar,162,36,28,16,242,0,0,2,0,2,162,36,30,16,244,0,0,0,244
02/01/2023,JAX,FL,ASO,ES,Combined TRACON& Tower with Radar,150,36,34,8,228,0,0,4,0,4,150,36,38,8,232,0,0,0,232
02/02/2023,JAX,FL,ASO,ES,Combined TRACON& Tower with Radar,171,35,32,19,257,0,6,8,4,18,171,41,40,23,275,0,44,44,319
02/03/2023,JAX,FL,ASO,ES,Combined TRACON& Tower with Radar,176,24,27,10,237,0,0,3,1,4,176,24,30,11,241,0,0,0,241
02/04/2023,JAX,FL,ASO,ES,Combined TRACON& Tower with Radar,160,34,13,9,216,0,2,11,0,13,160,36,24,9,229,10,0,10,239
02/05/2023,JAX,FL,ASO,ES,Combined TRACON& Tower with Radar,170,29,21,3,223,0,0,4,0,4,170,29,25,3,227,0,0,0,227
02/06/2023,JAX,FL,ASO,ES,Combined TRACON& Tower with Radar,166,32,25,0,223,0,0,11,0,11,166,32,36,0,234,0,0,0,234
02/07/2023,JAX,FL,ASO,ES,Combined TRACON& Tower with Radar,166,43,29,10,248,0,2,15,4,21,166,45,44,14,269,0,0,0,269
02/08/2023,JAX,FL,ASO,ES,Combined TRACON& Tower with Radar,162,46,38,29,275,0,1,12,5,18,162,47,50,34,293,0,0,0,293
02/09/2023,JAX,FL,ASO,ES,Combined TRACON& Tower with Radar,178,48,24,19,269,0,0,6,3,9,178,48,30,22,278,28,0,28,306
02/10/2023,JAX,FL,ASO,ES,Combined TRACON& Tower with Radar,183,31,37,15,266,0,0,0,0,0,183,31,37,15,266,0,10,10,276
02/11/2023,JAX,FL,ASO,ES,Combined TRACON& Tower with Radar,154,13,16,0,183,0,0,0,0,0,154,13,16,0,183,0,0,0,183
02/12/2023,JAX,FL,ASO,ES,Combined TRACON& Tower with Radar,159,27,29,0,215,0,0,1,0,1,159,27,30,0,216,0,0,0,216
02/13/2023,JAX,FL,ASO,ES,Combined TRACON& Tower with Radar,158,32,20,4,214,0,2,6,0,8,158,34,26,4,222,0,0,0,222
02/14/2023,JAX,FL,ASO,ES,Combined TRACON& Tower with Radar,172,35,20,11,238,0,6,4,2,12,172,41,24,13,250,0,62,62,312
02/15/2023,JAX,FL,ASO,ES,Combined TRACON& Tower with Radar,166,47,51,8,272,0,0,3,5,8,166,47,54,13,280,0,0,0,280
02/16/2023,JAX,FL,ASO,ES,Combined TRACON& Tower with Radar,176,61,32,13,282,0,1,17,5,23,176,62,49,18,305,0,0,0,305
02/17/2023,JAX,FL,ASO,ES,Combined TRACON& Tower with Radar,190,36,32,38,296,0,0,5,1,6,190,36,37,39,302,0,0,0,302
02/18/2023,JAX,FL,ASO,ES,Combined TRACON& Tower with Radar,170,25,22,0,217,0,0,19,0,19,170,25,41,0,236,0,0,0,236
02/19/2023,JAX,FL,ASO,ES,Combined TRACON& Tower with Radar,171,27,18,0,216,0,0,18,1,19,171,27,36,1,235,0,0,0,235
02/20/2023,JAX,FL,ASO,ES,Combined TRACON& Tower with Radar,169,49,37,0,255,0,0,10,0,10,169,49,47,0,265,0,6,6,271
02/21/2023,JAX,FL,ASO,ES,Combined TRACON& Tower with Radar,178,47,40,38,303,0,0,11,1,12,178,47,51,39,315,8,6,14,329
02/22/2023,JAX,FL,ASO,ES,Combined TRACON& Tower with Radar,169,46,38,14,267,0,2,3,6,11,169,48,41,20,278,2,16,18,296
02/23/2023,JAX,FL,ASO,ES,Combined TRACON& Tower with Radar,186,45,41,23,295,0,1,10,2,13,186,46,51,25,308,12,6,18,326
02/24/2023,JAX,FL,ASO,ES,Combined TRACON& Tower with Radar,196,39,45,7,287,0,3,16,3,22,196,42,61,10,309,0,0,0,309
02/25/2023,JAX,FL,ASO,ES,Combined TRACON& Tower with Radar,169,20,22,5,216,0,1,9,9,19,169,21,31,14,235,0,0,0,235
02/26/2023,JAX,FL,ASO,ES,Combined TRACON& Tower with Radar,173,22,35,0,230,0,2,4,1,7,173,24,39,1,237,0,0,0,237
02/27/2023,JAX,FL,ASO,ES,Combined TRACON& Tower with Radar,170,36,28,3,237,0,0,3,2,5,170,36,31,5,242,0,0,0,242
02/28/2023,JAX,FL,ASO,ES,Combined TRACON& Tower with Radar,168,42,24,16,250,0,1,5,5,11,168,43,29,21,261,4,34,38,299
03/01/2023,JAX,FL,ASO,ES,Combined TRACON& Tower with Radar,168,56,57,18,299,0,4,2,2,8,168,60,59,20,307,0,12,12,319
03/02/2023,JAX,FL,ASO,ES,Combined TRACON& Tower with Radar,180,58,45,8,291,0,1,16,3,20,180,59,61,11,311,20,30,50,361
03/03/2023,JAX,FL,ASO,ES,Combined TRACON& Tower with Radar,195,47,41,25,308,0,0,14,4,18,195,47,55,29,326,0,0,0,326
03/04/2023,JAX,FL,ASO,ES,Combined TRACON& Tower with Radar,166,25,53,0,244,0,1,3,1,5,166,26,56,1,249,0,0,0,249
03/05/2023,JAX,FL,ASO,ES,Combined TRACON& Tower with Radar,175,34,43,0,252,0,0,10,0,10,175,34,53,0,262,0,0,0,262
03/06/2023,JAX,FL,ASO,ES,Combined TRACON& Tower with Radar,176,45,30,2,253,0,0,9,2,11,176,45,39,4,264,0,0,0,264
03/07/2023,JAX,FL,ASO,ES,Combined TRACON& Tower with Radar,166,32,26,13,237,0,0,13,4,17,166,32,39,17,254,0,78,78,332
03/08/2023,JAX,FL,ASO,ES,Combined TRACON& Tower with Radar,171,59,60,4,294,0,1,16,3,20,171,60,76,7,314,0,0,0,314
03/09/2023,JAX,FL,ASO,ES,Combined TRACON& Tower with Radar,191,62,50,6,309,0,1,2,0,3,191,63,52,6,312,0,12,12,324
03/10/2023,JAX,FL,ASO,ES,Combined TRACON& Tower with Radar,196,50,43,13,302,0,0,3,1,4,196,50,46,14,306,6,0,6,312
03/11/2023,JAX,FL,ASO,ES,Combined TRACON& Tower with Radar,177,43,17,7,244,0,0,9,2,11,177,43,26,9,255,0,0,0,255
03/12/2023,JAX,FL,ASO,ES,Combined TRACON& Tower with Radar,185,46,35,9,275,0,0,9,1,10,185,46,44,10,285,6,10,16,301
03/13/2023,JAX,FL,ASO,ES,Combined TRACON& Tower with Radar,187,49,36,15,287,0,1,3,0,4,187,50,39,15,291,0,0,0,291
03/14/2023,JAX,FL,ASO,ES,Combined TRACON& Tower with Radar,178,29,24,11,242,0,2,10,14,26,178,31,34,25,268,12,64,76,344
03/15/2023,JAX,FL,ASO,ES,Combined TRACON& Tower with Radar,174,44,32,14,264,0,1,19,6,26,174,45,51,20,290,0,0,0,290
03/16/2023,JAX,FL,ASO,ES,Combined TRACON& Tower with Radar,188,40,38,8,274,0,1,10,6,17,188,41,48,14,291,0,0,0,291
03/17/2023,JAX,FL,ASO,ES,Combined TRACON& Tower with Radar,192,26,33,5,256,0,0,9,6,15,192,26,42,11,271,0,0,0,271
03/18/2023,JAX,FL,ASO,ES,Combined TRACON& Tower with Radar,175,31,25,0,231,0,0,0,0,0,175,31,25,0,231,0,0,0,231
03/19/2023,JAX,FL,ASO,ES,Combined TRACON& Tower with Radar,191,35,29,2,257,0,0,9,0,9,191,35,38,2,266,8,0,8,274
03/20/2023,JAX,FL,ASO,ES,Combined TRACON& Tower with Radar,181,38,27,8,254,0,1,11,0,12,181,39,38,8,266,0,0,0,266
03/21/2023,JAX,FL,ASO,ES,Combined TRACON& Tower with Radar,176,31,35,9,251,0,2,3,1,6,176,33,38,10,257,0,0,0,257
03/22/2023,JAX,FL,ASO,ES,Combined TRACON& Tower with Radar,177,37,32,25,271,0,0,7,5,12,177,37,39,30,283,0,36,36,319
03/23/2023,JAX,FL,ASO,ES,Combined TRACON& Tower with Radar,193,43,46,19,301,0,0,4,4,8,193,43,50,23,309,0,10,10,319
03/24/2023,JAX,FL,ASO,ES,Combined TRACON& Tower with Radar,191,55,41,15,302,0,0,8,8,16,191,55,49,23,318,0,0,0,318
03/25/2023,JAX,FL,ASO,ES,Combined TRACON& Tower with Radar,171,48,28,0,247,0,0,2,0,2,171,48,30,0,249,0,0,0,249
03/26/2023,JAX,FL,ASO,ES,Combined TRACON& Tower with Radar,182,40,28,1,251,1,0,3,2,6,183,40,31,3,257,0,0,0,257
03/27/2023,JAX,FL,ASO,ES,Combined TRACON& Tower with Radar,189,41,26,22,278,0,2,6,3,11,189,43,32,25,289,0,0,0,289
03/28/2023,JAX,FL,ASO,ES,Combined TRACON& Tower with Radar,180,38,22,15,255,0,0,2,0,2,180,38,24,15,257,0,0,0,257
03/29/2023,JAX,FL,ASO,ES,Combined TRACON& Tower with Radar,178,59,51,6,294,0,0,3,8,11,178,59,54,14,305,2,24,26,331
03/30/2023,JAX,FL,ASO,ES,Combined TRACON& Tower with Radar,192,45,39,9,285,0,0,6,5,11,192,45,45,14,296,0,0,0,296
03/31/2023,JAX,FL,ASO,ES,Combined TRACON& Tower with Radar,191,38,25,5,259,0,0,16,2,18,191,38,41,7,277,0,4,4,281
04/01/2023,JAX,FL,ASO,ES,Combined TRACON& Tower with Radar,175,24,19,8,226,0,0,7,3,10,175,24,26,11,236,0,0,0,236
04/02/2023,JAX,FL,ASO,ES,Combined TRACON& Tower with Radar,183,33,31,1,248,0,0,7,0,7,183,33,38,1,255,0,0,0,255
04/03/2023,JAX,FL,ASO,ES,Combined TRACON& Tower with Radar,180,40,39,2,261,0,0,7,0,7,180,40,46,2,268,0,0,0,268
04/04/2023,JAX,FL,ASO,ES,Combined TRACON& Tower with Radar,182,54,29,4,269,0,0,5,3,8,182,54,34,7,277,0,26,26,303
04/05/2023,JAX,FL,ASO,ES,Combined TRACON& Tower with Radar,163,36,46,21,266,0,0,8,1,9,163,36,54,22,275,0,30,30,305
04/06/2023,JAX,FL,ASO,ES,Combined TRACON& Tower with Radar,191,36,36,8,271,0,2,13,5,20,191,38,49,13,291,0,48,48,339
04/07/2023,JAX,FL,ASO,ES,Combined TRACON& Tower with Radar,200,56,31,9,296,0,1,12,0,13,200,57,43,9,309,0,0,0,309
04/08/2023,JAX,FL,ASO,ES,Combined TRACON& Tower with Radar,174,38,22,2,236,0,0,0,0,0,174,38,22,2,236,0,0,0,236
04/09/2023,JAX,FL,ASO,ES,Combined TRACON& Tower with Radar,180,34,13,2,229,0,0,0,0,0,180,34,13,2,229,0,0,0,229
04/10/2023,JAX,FL,ASO,ES,Combined TRACON& Tower with Radar,182,48,30,6,266,0,0,1,0,1,182,48,31,6,267,0,0,0,267
04/11/2023,JAX,FL,ASO,ES,Combined TRACON& Tower with Radar,179,39,21,7,246,0,0,3,0,3,179,39,24,7,249,0,0,0,249
04/12/2023,JAX,FL,ASO,ES,Combined TRACON& Tower with Radar,186,50,48,13,297,0,1,5,7,13,186,51,53,20,310,0,70,70,380
04/13/2023,JAX,FL,ASO,ES,Combined TRACON& Tower with Radar,195,56,42,2,295,0,1,1,1,3,195,57,43,3,298,0,0,0,298
04/14/2023,JAX,FL,ASO,ES,Combined TRACON& Tower with Radar,204,54,22,11,291,0,2,7,6,15,204,56,29,17,306,0,34,34,340
04/15/2023,JAX,FL,ASO,ES,Combined TRACON& Tower with Radar,158,53,33,0,244,0,3,5,0,8,158,56,38,0,252,0,0,0,252
04/16/2023,JAX,FL,ASO,ES,Combined TRACON& Tower with Radar,195,16,26,0,237,0,1,11,0,12,195,17,37,0,249,0,0,0,249
04/17/2023,JAX,FL,ASO,ES,Combined TRACON& Tower with Radar,185,23,19,2,229,0,1,15,2,18,185,24,34,4,247,0,0,0,247
04/18/2023,JAX,FL,ASO,ES,Combined TRACON& Tower with Radar,181,31,31,8,251,0,4,9,0,13,181,35,40,8,264,0,0,0,264
04/19/2023,JAX,FL,ASO,ES,Combined TRACON& Tower with Radar,177,57,43,32,309,0,2,13,2,17,177,59,56,34,326,0,0,0,326
04/20/2023,JAX,FL,ASO,ES,Combined TRACON& Tower with Radar,189,53,54,5,301,0,4,8,1,13,189,57,62,6,314,0,18,18,332
04/21/2023,JAX,FL,ASO,ES,Combined TRACON& Tower with Radar,193,45,41,11,290,0,2,8,2,12,193,47,49,13,302,0,0,0,302
04/22/2023,JAX,FL,ASO,ES,Combined TRACON& Tower with Radar,164,20,14,3,201,0,0,9,0,9,164,20,23,3,210,0,0,0,210
04/23/2023,JAX,FL,ASO,ES,Combined TRACON& Tower with Radar,189,36,30,12,267,0,2,15,0,17,189,38,45,12,284,0,0,0,284
04/24/2023,JAX,FL,ASO,ES,Combined TRACON& Tower with Radar,185,31,30,22,268,0,1,6,24,31,185,32,36,46,299,0,0,0,299
04/25/2023,JAX,FL,ASO,ES,Combined TRACON& Tower with Radar,176,28,39,19,262,0,2,12,1,15,176,30,51,20,277,0,12,12,289
04/26/2023,JAX,FL,ASO,ES,Combined TRACON& Tower with Radar,174,52,40,16,282,0,2,1,1,4,174,54,41,17,286,4,4,8,294
04/27/2023,JAX,FL,ASO,ES,Combined TRACON& Tower with Radar,195,46,32,12,285,0,0,5,4,9,195,46,37,16,294,0,0,0,294
04/28/2023,JAX,FL,ASO,ES,Combined TRACON& Tower with Radar,190,45,36,6,277,0,1,2,1,4,190,46,38,7,281,0,0,0,281
04/29/2023,JAX,FL,ASO,ES,Combined TRACON& Tower with Radar,156,22,27,0,205,0,0,2,1,3,156,22,29,1,208,0,0,0,208
04/30/2023,JAX,FL,ASO,ES,Combined TRACON& Tower with Radar,184,56,39,0,279,1,0,1,0,2,185,56,40,0,281,0,0,0,281
05/01/2023,JAX,FL,ASO,ES,Combined TRACON& Tower with Radar,179,53,33,0,265,0,0,13,0,13,179,53,46,0,278,0,0,0,278
05/02/2023,JAX,FL,ASO,ES,Combined TRACON& Tower with Radar,176,26,36,25,263,0,3,17,4,24,176,29,53,29,287,20,8,28,315
05/03/2023,JAX,FL,ASO,ES,Combined TRACON& Tower with Radar,175,40,38,8,261,0,0,8,3,11,175,40,46,11,272,0,14,14,286
05/04/2023,JAX,FL,ASO,ES,Combined TRACON& Tower with Radar,201,68,42,12,323,0,0,9,7,16,201,68,51,19,339,0,40,40,379
05/05/2023,JAX,FL,ASO,ES,Combined TRACON& Tower with Radar,198,53,27,12,290,0,1,10,9,20,198,54,37,21,310,0,74,74,384
05/06/2023,JAX,FL,ASO,ES,Combined TRACON& Tower with Radar,170,18,20,8,216,0,0,3,1,4,170,18,23,9,220,0,0,0,220
05/07/2023,JAX,FL,ASO,ES,Combined TRACON& Tower with Radar,199,30,31,3,263,0,0,1,0,1,199,30,32,3,264,0,0,0,264
05/08/2023,JAX,FL,ASO,ES,Combined TRACON& Tower with Radar,171,58,39,15,283,0,2,11,4,17,171,60,50,19,300,0,0,0,300
05/09/2023,JAX,FL,ASO,ES,Combined TRACON& Tower with Radar,182,32,29,10,253,0,0,11,2,13,182,32,40,12,266,0,54,54,320
05/10/2023,JAX,FL,ASO,ES,Combined TRACON& Tower with Radar,180,40,64,8,292,0,0,4,1,5,180,40,68,9,297,0,0,0,297
05/11/2023,JAX,FL,ASO,ES,Combined TRACON& Tower with Radar,198,56,46,11,311,0,0,6,1,7,198,56,52,12,318,0,0,0,318
05/12/2023,JAX,FL,ASO,ES,Combined TRACON& Tower with Radar,204,39,38,10,291,0,0,11,1,12,204,39,49,11,303,0,0,0,303
05/13/2023,JAX,FL,ASO,ES,Combined TRACON& Tower with Radar,169,16,17,0,202,0,3,0,0,3,169,19,17,0,205,0,0,0,205
05/14/2023,JAX,FL,ASO,ES,Combined TRACON& Tower with Radar,192,29,17,1,239,0,0,1,0,1,192,29,18,1,240,0,0,0,240
05/15/2023,JAX,FL,ASO,ES,Combined TRACON& Tower with Radar,184,53,32,0,269,0,3,4,2,9,184,56,36,2,278,2,38,40,318
05/16/2023,JAX,FL,ASO,ES,Combined TRACON& Tower with Radar,179,20,27,14,240,0,1,11,2,14,179,21,38,16,254,0,0,0,254
05/17/2023,JAX,FL,ASO,ES,Combined TRACON& Tower with Radar,187,41,35,6,269,0,0,3,1,4,187,41,38,7,273,6,0,6,279
05/18/2023,JAX,FL,ASO,ES,Combined TRACON& Tower with Radar,209,37,47,5,298,0,1,1,2,4,209,38,48,7,302,0,0,0,302
05/19/2023,JAX,FL,ASO,ES,Combined TRACON& Tower with Radar,198,47,27,24,296,0,0,3,2,5,198,47,30,26,301,0,0,0,301
05/20/2023,JAX,FL,ASO,ES,Combined TRACON& Tower with Radar,171,24,12,0,207,0,0,3,0,3,171,24,15,0,210,0,0,0,210
05/21/2023,JAX,FL,ASO,ES,Combined TRACON& Tower with Radar,205,44,33,39,321,0,0,0,0,0,205,44,33,39,321,0,0,0,321
05/22/2023,JAX,FL,ASO,ES,Combined TRACON& Tower with Radar,188,39,32,6,265,0,0,1,0,1,188,39,33,6,266,0,0,0,266
05/23/2023,JAX,FL,ASO,ES,Combined TRACON& Tower with Radar,189,46,45,10,290,0,0,0,2,2,189,46,45,12,292,0,0,0,292
05/24/2023,JAX,FL,ASO,ES,Combined TRACON& Tower with Radar,188,40,28,11,267,0,2,5,2,9,188,42,33,13,276,0,34,34,310
05/25/2023,JAX,FL,ASO,ES,Combined TRACON& Tower with Radar,205,49,35,5,294,0,0,5,3,8,205,49,40,8,302,0,0,0,302
05/26/2023,JAX,FL,ASO,ES,Combined TRACON& Tower with Radar,207,35,30,5,277,0,0,0,0,0,207,35,30,5,277,0,0,0,277
05/27/2023,JAX,FL,ASO,ES,Combined TRACON& Tower with Radar,167,28,19,0,214,0,0,1,0,1,167,28,20,0,215,0,0,0,215
05/28/2023,JAX,FL,ASO,ES,Combined TRACON& Tower with Radar,189,17,18,0,224,0,0,13,0,13,189,17,31,0,237,0,0,0,237
05/29/2023,JAX,FL,ASO,ES,Combined TRACON& Tower with Radar,183,39,20,4,246,0,0,9,0,9,183,39,29,4,255,0,0,0,255
05/30/2023,JAX,FL,ASO,ES,Combined TRACON& Tower with Radar,174,27,32,7,240,0,1,6,3,10,174,28,38,10,250,0,0,0,250
05/31/2023,JAX,FL,ASO,ES,Combined TRACON& Tower with Radar,188,50,43,12,293,0,0,7,11,18,188,50,50,23,311,0,4,4,315
06/01/2023,JAX,FL,ASO,ES,Combined TRACON& Tower with Radar,208,31,31,6,276,0,0,10,0,10,208,31,41,6,286,6,0,6,292
06/02/2023,JAX,FL,ASO,ES,Combined TRACON& Tower with Radar,209,29,24,17,279,0,0,6,30,36,209,29,30,47,315,0,4,4,319
06/03/2023,JAX,FL,ASO,ES,Combined TRACON& Tower with Radar,170,18,8,5,201,0,0,5,0,5,170,18,13,5,206,0,0,0,206
06/04/2023,JAX,FL,ASO,ES,Combined TRACON& Tower with Radar,205,28,33,7,273,0,0,3,1,4,205,28,36,8,277,0,0,0,277
06/05/2023,JAX,FL,ASO,ES,Combined TRACON& Tower with Radar,191,22,23,8,244,0,0,12,21,33,191,22,35,29,277,0,0,0,277
06/06/2023,JAX,FL,ASO,ES,Combined TRACON& Tower with Radar,187,45,42,9,283,1,8,14,3,26,188,53,56,12,309,0,14,14,323
06/07/2023,JAX,FL,ASO,ES,Combined TRACON& Tower with Radar,181,37,48,15,281,0,5,6,1,12,181,42,54,16,293,0,0,0,293
06/08/2023,JAX,FL,ASO,ES,Combined TRACON& Tower with Radar,209,45,30,9,293,0,3,8,5,16,209,48,38,14,309,0,22,22,331
06/09/2023,JAX,FL,ASO,ES,Combined TRACON& Tower with Radar,215,29,23,10,277,0,3,0,3,6,215,32,23,13,283,6,0,6,289
06/10/2023,JAX,FL,ASO,ES,Combined TRACON& Tower with Radar,172,28,25,10,235,0,0,5,0,5,172,28,30,10,240,0,0,0,240
06/11/2023,JAX,FL,ASO,ES,Combined TRACON& Tower with Radar,199,24,25,3,251,0,0,8,0,8,199,24,33,3,259,0,0,0,259
06/12/2023,JAX,FL,ASO,ES,Combined TRACON& Tower with Radar,187,27,17,1,232,0,1,7,1,9,187,28,24,2,241,0,18,18,259
06/13/2023,JAX,FL,ASO,ES,Combined TRACON& Tower with Radar,191,34,46,27,298,0,0,10,4,14,191,34,56,31,312,0,0,0,312
06/14/2023,JAX,FL,ASO,ES,Combined TRACON& Tower with Radar,174,21,42,26,263,0,1,8,2,11,174,22,50,28,274,0,0,0,274
06/15/2023,JAX,FL,ASO,ES,Combined TRACON& Tower with Radar,209,33,23,10,275,0,0,3,1,4,209,33,26,11,279,0,0,0,279
06/16/2023,JAX,FL,ASO,ES,Combined TRACON& Tower with Radar,205,40,29,20,294,0,1,13,1,15,205,41,42,21,309,10,0,10,319
06/17/2023,JAX,FL,ASO,ES,Combined TRACON& Tower with Radar,180,19,20,1,220,0,0,4,0,4,180,19,24,1,224,0,0,0,224
06/18/2023,JAX,FL,ASO,ES,Combined TRACON& Tower with Radar,196,9,24,1,230,0,0,1,0,1,196,9,25,1,231,0,0,0,231
06/19/2023,JAX,FL,ASO,ES,Combined TRACON& Tower with Radar,195,26,25,1,247,0,0,5,0,5,195,26,30,1,252,0,0,0,252
06/20/2023,JAX,FL,ASO,ES,Combined TRACON& Tower with Radar,180,28,44,4,256,0,0,0,0,0,180,28,44,4,256,0,0,0,256
06/21/2023,JAX,FL,ASO,ES,Combined TRACON& Tower with Radar,184,33,46,21,284,0,3,3,1,7,184,36,49,22,291,2,14,16,307
06/22/2023,JAX,FL,ASO,ES,Combined TRACON& Tower with Radar,208,25,22,5,260,0,0,5,1,6,208,25,27,6,266,12,0,12,278
06/23/2023,JAX,FL,ASO,ES,Combined TRACON& Tower with Radar,228,20,14,5,267,0,0,3,3,6,228,20,17,8,273,0,0,0,273
06/24/2023,JAX,FL,ASO,ES,Combined TRACON& Tower with Radar,175,22,35,1,233,0,0,6,0,6,175,22,41,1,239,0,0,0,239
06/25/2023,JAX,FL,ASO,ES,Combined TRACON& Tower with Radar,198,30,21,2,251,0,2,4,0,6,198,32,25,2,257,0,0,0,257
06/26/2023,JAX,FL,ASO,ES,Combined TRACON& Tower with Radar,172,41,43,0,256,0,6,13,0,19,172,47,56,0,275,0,0,0,275
06/27/2023,JAX,FL,ASO,ES,Combined TRACON& Tower with Radar,162,39,42,23,266,0,3,17,3,23,162,42,59,26,289,4,0,4,293
06/28/2023,JAX,FL,ASO,ES,Combined TRACON& Tower with Radar,182,33,44,6,265,1,0,5,3,9,183,33,49,9,274,8,0,8,282
06/29/2023,JAX,FL,ASO,ES,Combined TRACON& Tower with Radar,198,60,42,11,311,0,2,14,3,19,198,62,56,14,330,6,6,12,342
06/30/2023,JAX,FL,ASO,ES,Combined TRACON& Tower with Radar,193,41,39,10,283,0,1,14,2,17,193,42,53,12,300,0,0,0,300
07/01/2023,JAX,FL,ASO,ES,Combined TRACON& Tower with Radar,179,28,34,0,241,0,0,22,0,22,179,28,56,0,263,0,0,0,263
07/02/2023,JAX,FL,ASO,ES,Combined TRACON& Tower with Radar,185,17,33,0,235,0,0,8,0,8,185,17,41,0,243,24,0,24,267
07/03/2023,JAX,FL,ASO,ES,Combined TRACON& Tower with Radar,169,23,11,1,204,0,0,3,0,3,169,23,14,1,207,0,0,0,207
07/04/2023,JAX,FL,ASO,ES,Combined TRACON& Tower with Radar,143,26,10,0,179,0,0,6,0,6,143,26,16,0,185,0,0,0,185
07/05/2023,JAX,FL,ASO,ES,Combined TRACON& Tower with Radar,183,28,14,7,232,0,3,9,2,14,183,31,23,9,246,4,0,4,250
07/06/2023,JAX,FL,ASO,ES,Combined TRACON& Tower with Radar,204,40,17,5,266,1,0,11,5,17,205,40,28,10,283,0,20,20,303
07/07/2023,JAX,FL,ASO,ES,Combined TRACON& Tower with Radar,189,20,28,3,240,0,2,12,1,15,189,22,40,4,255,0,10,10,265
07/08/2023,JAX,FL,ASO,ES,Combined TRACON& Tower with Radar,174,16,25,3,218,0,0,7,0,7,174,16,32,3,225,8,0,8,233
07/09/2023,JAX,FL,ASO,ES,Combined TRACON& Tower with Radar,182,32,38,0,252,0,0,4,0,4,182,32,42,0,256,20,0,20,276
07/10/2023,JAX,FL,ASO,ES,Combined TRACON& Tower with Radar,201,33,22,1,257,0,0,1,0,1,201,33,23,1,258,0,0,0,258
07/11/2023,JAX,FL,ASO,ES,Combined TRACON& Tower with Radar,189,25,32,14,260,0,2,3,1,6,189,27,35,15,266,6,12,18,284
07/12/2023,JAX,FL,ASO,ES,Combined TRACON& Tower with Radar,182,33,47,16,278,0,0,9,3,12,182,33,56,19,290,8,4,12,302
07/13/2023,JAX,FL,ASO,ES,Combined TRACON& Tower with Radar,207,37,26,6,276,0,0,1,4,5,207,37,27,10,281,0,32,32,313
07/14/2023,JAX,FL,ASO,ES,Combined TRACON& Tower with Radar,180,29,32,22,263,0,0,12,0,12,180,29,44,22,275,0,0,0,275
07/15/2023,JAX,FL,ASO,ES,Combined TRACON& Tower with Radar,195,15,25,0,235,0,0,11,0,11,195,15,36,0,246,0,0,0,246
07/16/2023,JAX,FL,ASO,ES,Combined TRACON& Tower with Radar,194,36,26,1,257,0,0,3,1,4,194,36,29,2,261,0,0,0,261
07/17/2023,JAX,FL,ASO,ES,Combined TRACON& Tower with Radar,192,58,27,10,287,0,0,7,1,8,192,58,34,11,295,0,26,26,321
07/18/2023,JAX,FL,ASO,ES,Combined TRACON& Tower with Radar,190,31,34,11,266,0,0,10,5,15,190,31,44,16,281,4,40,44,325
07/19/2023,JAX,FL,ASO,ES,Combined TRACON& Tower with Radar,194,41,33,17,285,0,0,8,3,11,194,41,41,20,296,14,8,22,318
07/20/2023,JAX,FL,ASO,ES,Combined TRACON& Tower with Radar,216,30,37,21,304,0,4,11,1,16,216,34,48,22,320,68,8,76,396
07/21/2023,JAX,FL,ASO,ES,Combined TRACON& Tower with Radar,209,48,25,8,290,0,1,8,3,12,209,49,33,11,302,0,0,0,302
07/22/2023,JAX,FL,ASO,ES,Combined TRACON& Tower with Radar,174,13,12,2,201,0,0,9,0,9,174,13,21,2,210,0,0,0,210
07/23/2023,JAX,FL,ASO,ES,Combined TRACON& Tower with Radar,187,23,24,0,234,0,0,4,0,4,187,23,28,0,238,6,0,6,244
07/24/2023,JAX,FL,ASO,ES,Combined TRACON& Tower with Radar,201,28,32,0,261,0,2,4,0,6,201,30,36,0,267,0,0,0,267
07/25/2023,JAX,FL,ASO,ES,Combined TRACON& Tower with Radar,174,23,25,12,234,0,1,4,1,6,174,24,29,13,240,0,14,14,254
07/26/2023,JAX,FL,ASO,ES,Combined TRACON& Tower with Radar,182,34,34,24,274,0,4,15,6,25,182,38,49,30,299,6,6,12,311
07/27/2023,JAX,FL,ASO,ES,Combined TRACON& Tower with Radar,201,36,29,8,274,0,2,4,1,7,201,38,33,9,281,4,0,4,285
07/28/2023,JAX,FL,ASO,ES,Combined TRACON& Tower with Radar,189,29,30,9,257,0,0,3,0,3,189,29,33,9,260,0,0,0,260
07/29/2023,JAX,FL,ASO,ES,Combined TRACON& Tower with Radar,180,22,14,0,216,0,0,4,0,4,180,22,18,0,220,6,0,6,226
07/30/2023,JAX,FL,ASO,ES,Combined TRACON& Tower with Radar,183,21,23,3,230,0,0,9,0,9,183,21,32,3,239,6,0,6,245
07/31/2023,JAX,FL,ASO,ES,Combined TRACON& Tower with Radar,214,24,15,10,263,0,0,0,4,4,214,24,15,14,267,0,0,0,267
08/01/2023,JAX,FL,ASO,ES,Combined TRACON& Tower with Radar,173,26,32,26,257,0,2,16,3,21,173,28,48,29,278,0,76,76,354
08/02/2023,JAX,FL,ASO,ES,Combined TRACON& Tower with Radar,180,50,35,17,282,0,0,5,2,7,180,50,40,19,289,0,46,46,335
08/03/2023,JAX,FL,ASO,ES,Combined TRACON& Tower with Radar,212,36,31,3,282,0,1,7,3,11,212,37,38,6,293,44,6,50,343
08/04/2023,JAX,FL,ASO,ES,Combined TRACON& Tower with Radar,197,22,26,11,256,0,0,6,1,7,197,22,32,12,263,22,6,28,291
08/05/2023,JAX,FL,ASO,ES,Combined TRACON& Tower with Radar,167,19,19,2,207,0,0,1,2,3,167,19,20,4,210,0,0,0,210
08/06/2023,JAX,FL,ASO,ES,Combined TRACON& Tower with Radar,188,30,14,14,246,0,1,4,0,5,188,31,18,14,251,2,0,2,253
08/07/2023,JAX,FL,ASO,ES,Combined TRACON& Tower with Radar,164,41,31,5,241,0,1,3,5,9,164,42,34,10,250,0,22,22,272
08/08/2023,JAX,FL,ASO,ES,Combined TRACON& Tower with Radar,183,42,27,18,270,0,0,11,4,15,183,42,38,22,285,6,20,26,311
08/09/2023,JAX,FL,ASO,ES,Combined TRACON& Tower with Radar,184,51,25,13,273,0,0,13,5,18,184,51,38,18,291,4,4,8,299
08/10/2023,JAX,FL,ASO,ES,Combined TRACON& Tower with Radar,194,35,18,4,251,0,0,6,1,7,194,35,24,5,258,0,0,0,258
08/11/2023,JAX,FL,ASO,ES,Combined TRACON& Tower with Radar,204,25,18,5,252,0,0,8,0,8,204,25,26,5,260,0,0,0,260
08/12/2023,JAX,FL,ASO,ES,Combined TRACON& Tower with Radar,166,22,16,0,204,0,1,7,0,8,166,23,23,0,212,0,0,0,212
08/13/2023,JAX,FL,ASO,ES,Combined TRACON& Tower with Radar,186,30,16,2,234,0,0,6,0,6,186,30,22,2,240,0,0,0,240
08/14/2023,JAX,FL,ASO,ES,Combined TRACON& Tower with Radar,196,39,26,6,267,0,1,9,2,12,196,40,35,8,279,0,0,0,279
08/15/2023,JAX,FL,ASO,ES,Combined TRACON& Tower with Radar,188,32,24,11,255,0,4,0,6,10,188,36,24,17,265,24,60,84,349
08/16/2023,JAX,FL,ASO,ES,Combined TRACON& Tower with Radar,174,31,36,2,243,0,0,4,1,5,174,31,40,3,248,0,0,0,248
08/17/2023,JAX,FL,ASO,ES,Combined TRACON& Tower with Radar,202,41,38,2,283,0,0,1,1,2,202,41,39,3,285,0,0,0,285
08/18/2023,JAX,FL,ASO,ES,Combined TRACON& Tower with Radar,190,36,27,13,266,0,2,11,2,15,190,38,38,15,281,4,0,4,285
08/19/2023,JAX,FL,ASO,ES,Combined TRACON& Tower with Radar,167,18,22,2,209,0,0,7,0,7,167,18,29,2,216,0,0,0,216
08/20/2023,JAX,FL,ASO,ES,Combined TRACON& Tower with Radar,170,29,21,2,222,0,0,5,0,5,170,29,26,2,227,0,0,0,227
08/21/2023,JAX,FL,ASO,ES,Combined TRACON& Tower with Radar,172,23,23,1,219,0,0,21,1,22,172,23,44,2,241,0,0,0,241
08/22/2023,JAX,FL,ASO,ES,Combined TRACON& Tower with Radar,161,25,31,8,225,0,0,21,8,29,161,25,52,16,254,2,60,62,316
08/23/2023,JAX,FL,ASO,ES,Combined TRACON& Tower with Radar,170,30,19,3,222,0,0,9,2,11,170,30,28,5,233,0,20,20,253
08/24/2023,JAX,FL,ASO,ES,Combined TRACON& Tower with Radar,182,45,30,2,259,0,1,13,1,15,182,46,43,3,274,20,12,32,306
08/25/2023,JAX,FL,ASO,ES,Combined TRACON& Tower with Radar,187,18,33,12,250,0,1,8,1,10,187,19,41,13,260,6,0,6,266
08/26/2023,JAX,FL,ASO,ES,Combined TRACON& Tower with Radar,163,28,22,1,214,0,0,9,1,10,163,28,31,2,224,0,0,0,224
08/27/2023,JAX,FL,ASO,ES,Combined TRACON& Tower with Radar,166,39,21,9,235,0,1,7,0,8,166,40,28,9,243,0,0,0,243
08/28/2023,JAX,FL,ASO,ES,Combined TRACON& Tower with Radar,170,31,31,12,244,0,1,0,0,1,170,32,31,12,245,0,28,28,273
08/29/2023,JAX,FL,ASO,ES,Combined TRACON& Tower with Radar,166,34,36,5,241,0,0,2,1,3,166,34,38,6,244,0,0,0,244
08/30/2023,JAX,FL,ASO,ES,Combined TRACON& Tower with Radar,33,0,0,0,33,0,0,0,0,0,33,0,0,0,33,0,0,0,33
08/31/2023,JAX,FL,ASO,ES,Combined TRACON& Tower with Radar,182,42,31,0,255,0,0,9,0,9,182,42,40,0,264,0,0,0,264
