05/01/2001,JEF,MO,ACE,CE,Federal Contract Tower,0,2,17,2,21,0,0,31,4,35,0,2,48,6,56,32,28,60,116
05/02/2001,JEF,MO,ACE,CE,Federal Contract Tower,0,4,21,3,28,0,5,29,8,42,0,9,50,11,70,18,6,24,94
05/03/2001,JEF,MO,ACE,CE,Federal Contract Tower,0,2,27,1,30,0,0,38,0,38,0,2,65,1,68,52,4,56,124
05/04/2001,JEF,MO,ACE,CE,Federal Contract Tower,0,3,16,2,21,0,7,37,4,48,0,10,53,6,69,52,12,64,133
05/05/2001,JEF,MO,ACE,CE,Federal Contract Tower,0,2,6,1,9,0,0,17,3,20,0,2,23,4,29,16,0,16,45
05/06/2001,JEF,MO,ACE,CE,Federal Contract Tower,0,0,4,1,5,0,2,30,5,37,0,2,34,6,42,0,8,8,50
05/07/2001,JEF,MO,ACE,CE,Federal Contract Tower,0,5,23,3,31,0,3,25,6,34,0,8,48,9,65,26,0,26,91
05/08/2001,JEF,MO,ACE,CE,Federal Contract Tower,0,3,16,2,21,0,0,58,2,60,0,3,74,4,81,38,18,56,137
05/09/2001,JEF,MO,ACE,CE,Federal Contract Tower,0,4,23,2,29,0,8,57,0,65,0,12,80,2,94,26,0,26,120
05/10/2001,JEF,MO,ACE,CE,Federal Contract Tower,0,4,17,2,23,0,0,22,5,27,0,4,39,7,50,14,0,14,64
05/11/2001,JEF,MO,ACE,CE,Federal Contract Tower,0,2,12,2,16,0,12,6,8,26,0,14,18,10,42,40,12,52,94
05/12/2001,JEF,MO,ACE,CE,Federal Contract Tower,0,0,3,1,4,0,4,52,12,68,0,4,55,13,72,4,24,28,100
05/13/2001,JEF,MO,ACE,CE,Federal Contract Tower,0,0,3,0,3,0,0,37,0,37,0,0,40,0,40,18,0,18,58
05/14/2001,JEF,MO,ACE,CE,Federal Contract Tower,0,3,16,1,20,0,15,32,0,47,0,18,48,1,67,82,0,82,149
05/15/2001,JEF,MO,ACE,CE,Federal Contract Tower,0,3,16,2,21,0,0,45,6,51,0,3,61,8,72,42,4,46,118
05/16/2001,JEF,MO,ACE,CE,Federal Contract Tower,0,4,16,2,22,0,8,32,5,45,0,12,48,7,67,42,0,42,109
05/17/2001,JEF,MO,ACE,CE,Federal Contract Tower,0,0,29,2,31,0,0,19,0,19,0,0,48,2,50,32,0,32,82
05/18/2001,JEF,MO,ACE,CE,Federal Contract Tower,0,4,17,2,23,0,12,0,6,18,0,16,17,8,41,0,28,28,69
05/19/2001,JEF,MO,ACE,CE,Federal Contract Tower,0,1,9,0,10,0,0,50,4,54,0,1,59,4,64,18,0,18,82
05/20/2001,JEF,MO,ACE,CE,Federal Contract Tower,0,0,4,0,4,0,0,6,2,8,0,0,10,2,12,10,0,10,22
05/21/2001,JEF,MO,ACE,CE,Federal Contract Tower,0,4,22,2,28,0,8,0,8,16,0,12,22,10,44,6,12,18,62
05/22/2001,JEF,MO,ACE,CE,Federal Contract Tower,0,1,30,2,33,0,0,21,15,36,0,1,51,17,69,22,18,40,109
05/23/2001,JEF,MO,ACE,CE,Federal Contract Tower,0,4,17,1,22,0,6,29,9,44,0,10,46,10,66,6,8,14,80
05/24/2001,JEF,MO,ACE,CE,Federal Contract Tower,0,0,17,1,18,0,0,32,16,48,0,0,49,17,66,32,6,38,104
05/25/2001,JEF,MO,ACE,CE,Federal Contract Tower,0,7,30,2,39,0,2,20,2,24,0,9,50,4,63,0,0,0,63
05/26/2001,JEF,MO,ACE,CE,Federal Contract Tower,0,1,7,0,8,0,0,46,0,46,0,1,53,0,54,34,0,34,88
05/27/2001,JEF,MO,ACE,CE,Federal Contract Tower,0,0,10,0,10,0,0,101,0,101,0,0,111,0,111,34,0,34,145
05/28/2001,JEF,MO,ACE,CE,Federal Contract Tower,0,2,11,0,13,0,2,76,0,78,0,4,87,0,91,86,0,86,177
05/29/2001,JEF,MO,ACE,CE,Federal Contract Tower,0,2,12,1,15,0,2,21,10,33,0,4,33,11,48,30,6,36,84
05/30/2001,JEF,MO,ACE,CE,Federal Contract Tower,0,4,19,1,24,0,1,23,5,29,0,5,42,6,53,24,0,24,77
05/31/2001,JEF,MO,ACE,CE,Federal Contract Tower,0,1,29,2,32,0,0,18,5,23,0,1,47,7,55,26,0,26,81
06/01/2001,JEF,MO,ACE,CE,Federal Contract Tower,0,6,11,0,17,0,1,39,12,52,0,7,50,12,69,44,2,46,115
06/02/2001,JEF,MO,ACE,CE,Federal Contract Tower,0,7,1,3,11,0,0,41,5,46,0,7,42,8,57,22,8,30,87
06/03/2001,JEF,MO,ACE,CE,Federal Contract Tower,0,2,6,5,13,0,0,2,1,3,0,2,8,6,16,0,0,0,16
06/04/2001,JEF,MO,ACE,CE,Federal Contract Tower,0,1,18,1,20,0,1,1,1,3,0,2,19,2,23,0,2,2,25
06/05/2001,JEF,MO,ACE,CE,Federal Contract Tower,0,9,24,1,34,0,1,40,9,50,0,10,64,10,84,50,38,88,172
06/06/2001,JEF,MO,ACE,CE,Federal Contract Tower,0,11,23,0,34,0,1,32,6,39,0,12,55,6,73,42,0,42,115
06/07/2001,JEF,MO,ACE,CE,Federal Contract Tower,0,6,23,2,31,0,0,50,9,59,0,6,73,11,90,84,16,100,190
06/08/2001,JEF,MO,ACE,CE,Federal Contract Tower,0,3,11,0,14,0,0,49,14,63,0,3,60,14,77,42,4,46,123
06/09/2001,JEF,MO,ACE,CE,Federal Contract Tower,0,2,5,0,7,0,2,205,0,207,0,4,210,0,214,32,0,32,246
06/10/2001,JEF,MO,ACE,CE,Federal Contract Tower,0,1,2,4,7,0,1,38,0,39,0,2,40,4,46,26,0,26,72
06/11/2001,JEF,MO,ACE,CE,Federal Contract Tower,0,7,14,2,23,0,0,59,0,59,0,7,73,2,82,28,0,28,110
06/12/2001,JEF,MO,ACE,CE,Federal Contract Tower,0,16,28,0,44,0,0,36,9,45,0,16,64,9,89,12,24,36,125
06/13/2001,JEF,MO,ACE,CE,Federal Contract Tower,0,18,30,0,48,0,0,34,6,40,0,18,64,6,88,6,28,34,122
06/14/2001,JEF,MO,ACE,CE,Federal Contract Tower,0,5,17,4,26,0,0,20,7,27,0,5,37,11,53,18,6,24,77
06/15/2001,JEF,MO,ACE,CE,Federal Contract Tower,0,6,17,4,27,0,0,52,2,54,0,6,69,6,81,20,14,34,115
06/16/2001,JEF,MO,ACE,CE,Federal Contract Tower,0,0,0,0,0,0,2,69,8,79,0,2,69,8,79,54,0,54,133
06/17/2001,JEF,MO,ACE,CE,Federal Contract Tower,0,2,3,0,5,0,1,30,0,31,0,3,33,0,36,0,0,0,36
06/18/2001,JEF,MO,ACE,CE,Federal Contract Tower,0,4,12,2,18,0,0,55,0,55,0,4,67,2,73,32,0,32,105
06/19/2001,JEF,MO,ACE,CE,Federal Contract Tower,0,4,21,3,28,0,0,27,5,32,0,4,48,8,60,50,2,52,112
06/20/2001,JEF,MO,ACE,CE,Federal Contract Tower,0,5,17,5,27,0,0,16,4,20,0,5,33,9,47,72,2,74,121
06/21/2001,JEF,MO,ACE,CE,Federal Contract Tower,0,13,23,1,37,0,0,25,4,29,0,13,48,5,66,34,5,39,105
06/22/2001,JEF,MO,ACE,CE,Federal Contract Tower,0,6,14,2,22,0,0,48,18,66,0,6,62,20,88,40,26,66,154
06/23/2001,JEF,MO,ACE,CE,Federal Contract Tower,0,0,3,0,3,0,4,65,0,69,0,4,68,0,72,52,0,52,124
06/24/2001,JEF,MO,ACE,CE,Federal Contract Tower,0,4,3,0,7,0,12,51,0,63,0,16,54,0,70,40,0,40,110
06/25/2001,JEF,MO,ACE,CE,Federal Contract Tower,0,16,21,0,37,0,0,35,2,37,0,16,56,2,74,20,12,32,106
06/26/2001,JEF,MO,ACE,CE,Federal Contract Tower,0,8,10,0,18,0,0,33,7,40,0,8,43,7,58,112,12,124,182
06/27/2001,JEF,MO,ACE,CE,Federal Contract Tower,0,12,14,2,28,0,0,30,12,42,0,12,44,14,70,30,28,58,128
06/28/2001,JEF,MO,ACE,CE,Federal Contract Tower,0,12,13,1,26,0,0,87,20,107,0,12,100,21,133,42,12,54,187
06/29/2001,JEF,MO,ACE,CE,Federal Contract Tower,0,8,21,4,33,0,0,27,7,34,0,8,48,11,67,30,22,52,119
06/30/2001,JEF,MO,ACE,CE,Federal Contract Tower,0,2,6,3,11,0,0,43,7,50,0,2,49,10,61,20,0,20,81
07/01/2001,JEF,MO,ACE,CE,Federal Contract Tower,0,2,2,0,4,0,0,31,3,34,0,2,33,3,38,30,4,34,72
07/02/2001,JEF,MO,ACE,CE,Federal Contract Tower,0,1,10,1,12,0,11,24,2,37,0,12,34,3,49,38,4,42,91
07/03/2001,JEF,MO,ACE,CE,Federal Contract Tower,0,0,4,0,4,0,10,53,0,63,0,10,57,0,67,14,4,18,85
07/04/2001,JEF,MO,ACE,CE,Federal Contract Tower,0,0,2,0,2,0,2,23,1,26,0,2,25,1,28,18,0,18,46
07/05/2001,JEF,MO,ACE,CE,Federal Contract Tower,0,2,10,0,12,0,2,36,2,40,0,4,46,2,52,12,0,12,64
07/06/2001,JEF,MO,ACE,CE,Federal Contract Tower,0,8,19,2,29,0,0,59,20,79,0,8,78,22,108,36,70,106,214
07/07/2001,JEF,MO,ACE,CE,Federal Contract Tower,0,0,5,1,6,0,0,27,2,29,0,0,32,3,35,8,4,12,47
07/08/2001,JEF,MO,ACE,CE,Federal Contract Tower,0,1,2,0,3,0,1,21,0,22,0,2,23,0,25,6,0,6,31
07/09/2001,JEF,MO,ACE,CE,Federal Contract Tower,0,8,10,0,18,0,0,24,3,27,0,8,34,3,45,8,0,8,53
07/10/2001,JEF,MO,ACE,CE,Federal Contract Tower,0,10,7,1,18,0,0,32,2,34,0,10,39,3,52,20,0,20,72
07/11/2001,JEF,MO,ACE,CE,Federal Contract Tower,0,4,13,2,19,0,0,39,8,47,0,4,52,10,66,48,20,68,134
07/12/2001,JEF,MO,ACE,CE,Federal Contract Tower,0,8,30,8,46,0,0,12,0,12,0,8,42,8,58,38,24,62,120
07/13/2001,JEF,MO,ACE,CE,Federal Contract Tower,0,10,15,1,26,0,0,54,10,64,0,10,69,11,90,72,8,80,170
07/14/2001,JEF,MO,ACE,CE,Federal Contract Tower,0,0,11,2,13,0,4,44,6,54,0,4,55,8,67,30,0,30,97
07/15/2001,JEF,MO,ACE,CE,Federal Contract Tower,0,2,6,1,9,0,0,60,0,60,0,2,66,1,69,28,0,28,97
07/16/2001,JEF,MO,ACE,CE,Federal Contract Tower,0,12,12,2,26,0,0,41,7,48,0,12,53,9,74,14,0,14,88
07/17/2001,JEF,MO,ACE,CE,Federal Contract Tower,0,10,10,2,22,0,0,49,10,59,0,10,59,12,81,44,20,64,145
07/18/2001,JEF,MO,ACE,CE,Federal Contract Tower,0,12,10,4,26,0,0,39,7,46,0,12,49,11,72,68,16,84,156
07/19/2001,JEF,MO,ACE,CE,Federal Contract Tower,0,12,24,2,38,0,0,25,6,31,0,12,49,8,69,72,12,84,153
07/20/2001,JEF,MO,ACE,CE,Federal Contract Tower,0,6,9,2,17,0,2,33,5,40,0,8,42,7,57,56,22,78,135
07/21/2001,JEF,MO,ACE,CE,Federal Contract Tower,0,4,12,2,18,0,0,44,2,46,0,4,56,4,64,6,0,6,70
07/22/2001,JEF,MO,ACE,CE,Federal Contract Tower,0,8,7,2,17,0,0,50,0,50,0,8,57,2,67,22,0,22,89
07/23/2001,JEF,MO,ACE,CE,Federal Contract Tower,0,6,21,0,27,0,0,40,14,54,0,6,61,14,81,52,14,66,147
07/24/2001,JEF,MO,ACE,CE,Federal Contract Tower,0,8,19,5,32,0,0,30,30,60,0,8,49,35,92,48,78,126,218
07/25/2001,JEF,MO,ACE,CE,Federal Contract Tower,0,2,18,0,20,0,0,19,4,23,0,2,37,4,43,32,26,58,101
07/26/2001,JEF,MO,ACE,CE,Federal Contract Tower,0,2,14,2,18,0,0,26,3,29,0,2,40,5,47,20,0,20,67
07/27/2001,JEF,MO,ACE,CE,Federal Contract Tower,0,6,23,10,39,0,0,11,6,17,0,6,34,16,56,0,34,34,90
07/28/2001,JEF,MO,ACE,CE,Federal Contract Tower,0,2,2,2,6,0,0,22,0,22,0,2,24,2,28,26,0,26,54
07/29/2001,JEF,MO,ACE,CE,Federal Contract Tower,0,6,4,2,12,0,0,46,0,46,0,6,50,2,58,58,0,58,116
07/30/2001,JEF,MO,ACE,CE,Federal Contract Tower,0,12,9,2,23,0,0,58,9,67,0,12,67,11,90,46,6,52,142
07/31/2001,JEF,MO,ACE,CE,Federal Contract Tower,0,16,7,1,24,0,4,51,7,62,0,20,58,8,86,62,28,90,176
08/01/2001,JEF,MO,ACE,CE,Federal Contract Tower,0,4,21,3,28,0,2,43,7,52,0,6,64,10,80,18,6,24,104
08/02/2001,JEF,MO,ACE,CE,Federal Contract Tower,0,2,20,0,22,0,4,41,6,51,0,6,61,6,73,30,12,42,115
08/03/2001,JEF,MO,ACE,CE,Federal Contract Tower,0,4,4,3,11,0,2,32,6,40,0,6,36,9,51,24,6,30,81
08/04/2001,JEF,MO,ACE,CE,Federal Contract Tower,0,2,2,5,9,0,4,39,9,52,0,6,41,14,61,44,8,52,113
08/05/2001,JEF,MO,ACE,CE,Federal Contract Tower,0,2,7,0,9,0,0,56,4,60,0,2,63,4,69,34,4,38,107
08/06/2001,JEF,MO,ACE,CE,Federal Contract Tower,0,8,6,0,14,0,0,63,5,68,0,8,69,5,82,42,2,44,126
08/07/2001,JEF,MO,ACE,CE,Federal Contract Tower,0,4,18,2,24,0,0,53,6,59,0,4,71,8,83,26,20,46,129
08/08/2001,JEF,MO,ACE,CE,Federal Contract Tower,0,8,20,3,31,0,0,23,1,24,0,8,43,4,55,18,32,50,105
08/09/2001,JEF,MO,ACE,CE,Federal Contract Tower,0,6,23,0,29,0,0,33,2,35,0,6,56,2,64,48,4,52,116
08/10/2001,JEF,MO,ACE,CE,Federal Contract Tower,0,8,27,6,41,0,0,35,8,43,0,8,62,14,84,0,36,36,120
08/11/2001,JEF,MO,ACE,CE,Federal Contract Tower,0,0,2,5,7,0,0,51,7,58,0,0,53,12,65,32,24,56,121
08/12/2001,JEF,MO,ACE,CE,Federal Contract Tower,0,4,1,0,5,0,0,53,1,54,0,4,54,1,59,102,0,102,161
08/13/2001,JEF,MO,ACE,CE,Federal Contract Tower,0,4,7,2,13,0,2,37,5,44,0,6,44,7,57,46,4,50,107
08/14/2001,JEF,MO,ACE,CE,Federal Contract Tower,0,6,13,2,21,0,0,55,4,59,0,6,68,6,80,48,0,48,128
08/15/2001,JEF,MO,ACE,CE,Federal Contract Tower,0,8,22,1,31,0,0,40,3,43,0,8,62,4,74,8,0,8,82
08/16/2001,JEF,MO,ACE,CE,Federal Contract Tower,0,12,22,1,35,0,0,40,8,48,0,12,62,9,83,28,10,38,121
08/17/2001,JEF,MO,ACE,CE,Federal Contract Tower,0,8,14,6,28,0,0,50,15,65,0,8,64,21,93,20,56,76,169
08/18/2001,JEF,MO,ACE,CE,Federal Contract Tower,0,2,3,2,7,0,0,40,0,40,0,2,43,2,47,24,0,24,71
08/19/2001,JEF,MO,ACE,CE,Federal Contract Tower,0,0,8,2,10,0,0,45,4,49,0,0,53,6,59,46,0,46,105
08/20/2001,JEF,MO,ACE,CE,Federal Contract Tower,0,8,11,0,19,0,6,51,12,69,0,14,62,12,88,72,0,72,160
08/21/2001,JEF,MO,ACE,CE,Federal Contract Tower,0,14,29,4,47,0,0,79,10,89,0,14,108,14,136,22,34,56,192
08/22/2001,JEF,MO,ACE,CE,Federal Contract Tower,0,20,37,2,59,0,0,37,5,42,0,20,74,7,101,42,8,50,151
08/23/2001,JEF,MO,ACE,CE,Federal Contract Tower,0,12,24,6,42,0,0,31,11,42,0,12,55,17,84,18,42,60,144
08/24/2001,JEF,MO,ACE,CE,Federal Contract Tower,0,4,36,4,44,0,0,12,7,19,0,4,48,11,63,22,16,38,101
08/25/2001,JEF,MO,ACE,CE,Federal Contract Tower,0,4,8,0,12,0,0,26,0,26,0,4,34,0,38,24,0,24,62
08/26/2001,JEF,MO,ACE,CE,Federal Contract Tower,0,0,8,0,8,0,0,40,0,40,0,0,48,0,48,36,0,36,84
08/27/2001,JEF,MO,ACE,CE,Federal Contract Tower,0,14,27,5,46,0,0,49,14,63,0,14,76,19,109,14,18,32,141
08/28/2001,JEF,MO,ACE,CE,Federal Contract Tower,0,12,20,0,32,0,0,56,8,64,0,12,76,8,96,16,30,46,142
08/29/2001,JEF,MO,ACE,CE,Federal Contract Tower,0,6,21,0,27,0,0,55,4,59,0,6,76,4,86,12,62,74,160
08/30/2001,JEF,MO,ACE,CE,Federal Contract Tower,0,6,18,0,24,0,0,45,8,53,0,6,63,8,77,14,12,26,103
08/31/2001,JEF,MO,ACE,CE,Federal Contract Tower,0,2,11,0,13,0,6,54,2,62,0,8,65,2,75,26,0,26,101
09/01/2001,JEF,MO,ACE,CE,Federal Contract Tower,0,2,9,0,11,0,0,41,0,41,0,2,50,0,52,10,0,10,62
09/02/2001,JEF,MO,ACE,CE,Federal Contract Tower,0,0,0,0,0,0,0,34,0,34,0,0,34,0,34,8,0,8,42
09/03/2001,JEF,MO,ACE,CE,Federal Contract Tower,0,0,5,0,5,0,0,53,0,53,0,0,58,0,58,44,0,44,102
09/04/2001,JEF,MO,ACE,CE,Federal Contract Tower,0,8,15,9,32,0,0,72,22,94,0,8,87,31,126,26,34,60,186
09/05/2001,JEF,MO,ACE,CE,Federal Contract Tower,0,8,15,4,27,0,0,46,0,46,0,8,61,4,73,26,6,32,105
09/06/2001,JEF,MO,ACE,CE,Federal Contract Tower,0,8,21,2,31,0,0,31,4,35,0,8,52,6,66,0,8,8,74
09/07/2001,JEF,MO,ACE,CE,Federal Contract Tower,0,4,23,6,33,0,0,41,57,98,0,4,64,63,131,34,56,90,221
09/08/2001,JEF,MO,ACE,CE,Federal Contract Tower,0,0,1,0,1,0,0,13,2,15,0,0,14,2,16,0,0,0,16
09/09/2001,JEF,MO,ACE,CE,Federal Contract Tower,0,0,4,0,4,0,0,14,6,20,0,0,18,6,24,38,8,46,70
09/10/2001,JEF,MO,ACE,CE,Federal Contract Tower,0,12,11,2,25,0,0,77,19,96,0,12,88,21,121,24,54,78,199
09/11/2001,JEF,MO,ACE,CE,Federal Contract Tower,0,2,9,0,11,0,0,7,1,8,0,2,16,1,19,0,0,0,19
09/12/2001,JEF,MO,ACE,CE,Federal Contract Tower,0,0,2,0,2,0,0,0,0,0,0,0,2,0,2,0,0,0,2
09/13/2001,JEF,MO,ACE,CE,Federal Contract Tower,0,0,7,4,11,0,0,0,4,4,0,0,7,8,15,0,0,0,15
09/14/2001,JEF,MO,ACE,CE,Federal Contract Tower,0,3,1,10,14,0,0,0,19,19,0,3,1,29,33,0,0,0,33
09/15/2001,JEF,MO,ACE,CE,Federal Contract Tower,0,0,16,0,16,0,0,0,0,0,0,0,16,0,16,0,0,0,16
09/16/2001,JEF,MO,ACE,CE,Federal Contract Tower,0,0,12,0,12,0,0,0,0,0,0,0,12,0,12,0,0,0,12
09/17/2001,JEF,MO,ACE,CE,Federal Contract Tower,0,4,28,0,32,0,0,0,0,0,0,4,28,0,32,0,0,0,32
09/18/2001,JEF,MO,ACE,CE,Federal Contract Tower,0,8,10,0,18,0,0,0,0,0,0,8,10,0,18,0,0,0,18
09/19/2001,JEF,MO,ACE,CE,Federal Contract Tower,0,4,21,2,27,0,0,0,0,0,0,4,21,2,27,0,0,0,27
09/20/2001,JEF,MO,ACE,CE,Federal Contract Tower,0,4,32,12,48,0,0,10,0,10,0,4,42,12,58,0,0,0,58
09/21/2001,JEF,MO,ACE,CE,Federal Contract Tower,0,14,40,3,57,0,0,29,3,32,0,14,69,6,89,20,0,20,109
09/22/2001,JEF,MO,ACE,CE,Federal Contract Tower,0,2,26,6,34,0,0,30,0,30,0,2,56,6,64,24,0,24,88
09/23/2001,JEF,MO,ACE,CE,Federal Contract Tower,0,6,25,0,31,0,0,14,0,14,0,6,39,0,45,24,0,24,69
09/24/2001,JEF,MO,ACE,CE,Federal Contract Tower,0,8,41,4,53,0,0,49,0,49,0,8,90,4,102,96,0,96,198
09/25/2001,JEF,MO,ACE,CE,Federal Contract Tower,0,4,30,7,41,0,0,78,5,83,0,4,108,12,124,48,0,48,172
09/26/2001,JEF,MO,ACE,CE,Federal Contract Tower,0,16,46,3,65,0,0,56,6,62,0,16,102,9,127,70,0,70,197
09/27/2001,JEF,MO,ACE,CE,Federal Contract Tower,0,10,34,5,49,0,0,39,4,43,0,10,73,9,92,74,6,80,172
09/28/2001,JEF,MO,ACE,CE,Federal Contract Tower,0,14,24,5,43,0,0,58,6,64,0,14,82,11,107,96,12,108,215
09/29/2001,JEF,MO,ACE,CE,Federal Contract Tower,0,2,3,0,5,0,0,34,0,34,0,2,37,0,39,62,0,62,101
09/30/2001,JEF,MO,ACE,CE,Federal Contract Tower,0,4,12,0,16,0,0,34,0,34,0,4,46,0,50,22,0,22,72
10/01/2001,JEF,MO,ACE,CE,Federal Contract Tower,0,4,21,0,25,0,0,46,0,46,0,4,67,0,71,38,10,48,119
10/02/2001,JEF,MO,ACE,CE,Federal Contract Tower,0,10,32,7,49,0,0,70,0,70,0,10,102,7,119,24,30,54,173
10/03/2001,JEF,MO,ACE,CE,Federal Contract Tower,0,12,27,0,39,0,0,44,17,61,0,12,71,17,100,28,18,46,146
10/04/2001,JEF,MO,ACE,CE,Federal Contract Tower,0,8,21,2,31,0,0,25,12,37,0,8,46,14,68,40,6,46,114
10/05/2001,JEF,MO,ACE,CE,Federal Contract Tower,0,2,16,0,18,0,0,11,0,11,0,2,27,0,29,0,30,30,59
10/06/2001,JEF,MO,ACE,CE,Federal Contract Tower,0,8,15,0,23,0,0,63,0,63,0,8,78,0,86,52,0,52,138
10/07/2001,JEF,MO,ACE,CE,Federal Contract Tower,0,0,5,0,5,0,0,24,0,24,0,0,29,0,29,24,0,24,53
10/08/2001,JEF,MO,ACE,CE,Federal Contract Tower,0,12,16,0,28,0,0,15,2,17,0,12,31,2,45,0,0,0,45
10/09/2001,JEF,MO,ACE,CE,Federal Contract Tower,0,16,29,2,47,0,0,29,14,43,0,16,58,16,90,0,12,12,102
10/10/2001,JEF,MO,ACE,CE,Federal Contract Tower,0,4,19,2,25,0,2,7,1,10,0,6,26,3,35,10,0,10,45
10/11/2001,JEF,MO,ACE,CE,Federal Contract Tower,0,10,24,2,36,0,0,24,2,26,0,10,48,4,62,0,0,0,62
10/12/2001,JEF,MO,ACE,CE,Federal Contract Tower,0,4,22,0,26,0,0,24,2,26,0,4,46,2,52,22,4,26,78
10/13/2001,JEF,MO,ACE,CE,Federal Contract Tower,0,2,8,0,10,0,0,2,6,8,0,2,10,6,18,4,64,68,86
10/14/2001,JEF,MO,ACE,CE,Federal Contract Tower,0,10,13,0,23,0,0,9,0,9,0,10,22,0,32,8,0,8,40
10/15/2001,JEF,MO,ACE,CE,Federal Contract Tower,0,12,29,0,41,0,0,12,4,16,0,12,41,4,57,18,0,18,75
10/16/2001,JEF,MO,ACE,CE,Federal Contract Tower,0,6,28,2,36,0,0,48,8,56,0,6,76,10,92,10,6,16,108
10/17/2001,JEF,MO,ACE,CE,Federal Contract Tower,0,4,21,4,29,0,0,57,0,57,0,4,78,4,86,44,0,44,130
10/18/2001,JEF,MO,ACE,CE,Federal Contract Tower,0,8,22,2,32,0,0,44,16,60,0,8,66,18,92,14,30,44,136
10/19/2001,JEF,MO,ACE,CE,Federal Contract Tower,0,7,20,1,28,0,3,60,5,68,0,10,80,6,96,52,24,76,172
10/20/2001,JEF,MO,ACE,CE,Federal Contract Tower,0,5,13,1,19,0,1,52,5,58,0,6,65,6,77,48,24,72,149
10/21/2001,JEF,MO,ACE,CE,Federal Contract Tower,0,4,6,0,10,0,0,40,2,42,0,4,46,2,52,26,0,26,78
10/22/2001,JEF,MO,ACE,CE,Federal Contract Tower,0,4,18,2,24,0,4,32,4,40,0,8,50,6,64,12,4,16,80
10/23/2001,JEF,MO,ACE,CE,Federal Contract Tower,0,6,21,2,29,0,0,24,1,25,0,6,45,3,54,28,0,28,82
10/24/2001,JEF,MO,ACE,CE,Federal Contract Tower,0,8,33,8,49,0,0,18,3,21,0,8,51,11,70,22,44,66,136
10/25/2001,JEF,MO,ACE,CE,Federal Contract Tower,0,8,15,4,27,0,0,21,3,24,0,8,36,7,51,12,8,20,71
10/26/2001,JEF,MO,ACE,CE,Federal Contract Tower,0,10,25,4,39,0,0,28,16,44,0,10,53,20,83,26,24,50,133
10/27/2001,JEF,MO,ACE,CE,Federal Contract Tower,0,6,9,2,17,0,0,45,1,46,0,6,54,3,63,18,0,18,81
10/28/2001,JEF,MO,ACE,CE,Federal Contract Tower,0,2,11,2,15,0,2,27,2,31,0,4,38,4,46,22,0,22,68
10/29/2001,JEF,MO,ACE,CE,Federal Contract Tower,0,4,11,0,15,0,2,59,4,65,0,6,70,4,80,32,0,32,112
10/30/2001,JEF,MO,ACE,CE,Federal Contract Tower,0,6,15,2,23,0,0,79,31,110,0,6,94,33,133,68,60,128,261
10/31/2001,JEF,MO,ACE,CE,Federal Contract Tower,0,8,27,6,41,0,0,33,3,36,0,8,60,9,77,10,6,16,93
11/01/2001,JEF,MO,ACE,CE,Federal Contract Tower,0,17,32,2,51,0,15,4,3,22,0,32,36,5,73,12,8,20,93
11/02/2001,JEF,MO,ACE,CE,Federal Contract Tower,0,11,18,1,30,0,5,46,4,55,0,16,64,5,85,58,36,94,179
11/03/2001,JEF,MO,ACE,CE,Federal Contract Tower,0,2,10,0,12,0,0,58,7,65,0,2,68,7,77,42,20,62,139
11/04/2001,JEF,MO,ACE,CE,Federal Contract Tower,0,4,15,6,25,0,0,29,0,29,0,4,44,6,54,38,24,62,116
11/05/2001,JEF,MO,ACE,CE,Federal Contract Tower,0,4,22,2,28,0,0,31,8,39,0,4,53,10,67,26,2,28,95
11/06/2001,JEF,MO,ACE,CE,Federal Contract Tower,0,5,20,0,25,0,3,61,8,72,0,8,81,8,97,64,56,120,217
11/07/2001,JEF,MO,ACE,CE,Federal Contract Tower,0,12,4,4,20,0,0,58,7,65,0,12,62,11,85,26,4,30,115
11/08/2001,JEF,MO,ACE,CE,Federal Contract Tower,0,10,17,4,31,0,0,25,8,33,0,10,42,12,64,26,28,54,118
11/09/2001,JEF,MO,ACE,CE,Federal Contract Tower,0,4,16,1,21,0,0,50,10,60,0,4,66,11,81,24,0,24,105
11/10/2001,JEF,MO,ACE,CE,Federal Contract Tower,0,5,7,1,13,0,1,42,5,48,0,6,49,6,61,30,14,44,105
11/11/2001,JEF,MO,ACE,CE,Federal Contract Tower,0,2,2,0,4,0,2,67,0,69,0,4,69,0,73,78,0,78,151
11/12/2001,JEF,MO,ACE,CE,Federal Contract Tower,0,4,10,0,14,0,0,32,0,32,0,4,42,0,46,64,0,64,110
11/13/2001,JEF,MO,ACE,CE,Federal Contract Tower,0,7,11,0,18,0,1,54,28,83,0,8,65,28,101,34,98,132,233
11/14/2001,JEF,MO,ACE,CE,Federal Contract Tower,0,8,25,1,34,0,0,41,13,54,0,8,66,14,88,22,16,38,126
11/15/2001,JEF,MO,ACE,CE,Federal Contract Tower,0,8,25,4,37,0,0,43,7,50,0,8,68,11,87,76,8,84,171
11/16/2001,JEF,MO,ACE,CE,Federal Contract Tower,0,4,16,0,20,0,0,37,17,54,0,4,53,17,74,16,50,66,140
11/17/2001,JEF,MO,ACE,CE,Federal Contract Tower,0,2,5,0,7,0,0,20,6,26,0,2,25,6,33,4,28,32,65
11/18/2001,JEF,MO,ACE,CE,Federal Contract Tower,0,0,5,0,5,0,0,16,0,16,0,0,21,0,21,22,0,22,43
11/19/2001,JEF,MO,ACE,CE,Federal Contract Tower,0,12,9,0,21,0,0,37,15,52,0,12,46,15,73,34,42,76,149
11/20/2001,JEF,MO,ACE,CE,Federal Contract Tower,0,9,27,0,36,0,3,49,9,61,0,12,76,9,97,64,40,104,201
11/21/2001,JEF,MO,ACE,CE,Federal Contract Tower,0,3,14,0,17,0,1,42,6,49,0,4,56,6,66,16,32,48,114
11/22/2001,JEF,MO,ACE,CE,Federal Contract Tower,0,0,0,0,0,0,0,33,0,33,0,0,33,0,33,8,0,8,41
11/23/2001,JEF,MO,ACE,CE,Federal Contract Tower,0,0,4,0,4,0,0,15,0,15,0,0,19,0,19,14,0,14,33
11/24/2001,JEF,MO,ACE,CE,Federal Contract Tower,0,0,2,0,2,0,0,1,0,1,0,0,3,0,3,0,0,0,3
11/25/2001,JEF,MO,ACE,CE,Federal Contract Tower,0,0,11,0,11,0,0,21,0,21,0,0,32,0,32,28,0,28,60
11/26/2001,JEF,MO,ACE,CE,Federal Contract Tower,0,2,16,4,22,0,0,20,2,22,0,2,36,6,44,0,0,0,44
11/27/2001,JEF,MO,ACE,CE,Federal Contract Tower,0,5,30,0,35,0,3,41,8,52,0,8,71,8,87,30,10,40,127
11/28/2001,JEF,MO,ACE,CE,Federal Contract Tower,0,6,19,0,25,0,0,2,3,5,0,6,21,3,30,4,0,4,34
11/29/2001,JEF,MO,ACE,CE,Federal Contract Tower,0,18,38,3,59,0,0,0,1,1,0,18,38,4,60,0,0,0,60
11/30/2001,JEF,MO,ACE,CE,Federal Contract Tower,0,8,19,1,28,0,0,21,17,38,0,8,40,18,66,18,80,98,164
12/01/2001,JEF,MO,ACE,CE,Federal Contract Tower,0,2,6,0,8,0,0,40,2,42,0,2,46,2,50,40,0,40,90
12/02/2001,JEF,MO,ACE,CE,Federal Contract Tower,0,2,3,0,5,0,0,39,0,39,0,2,42,0,44,40,0,40,84
12/03/2001,JEF,MO,ACE,CE,Federal Contract Tower,0,4,29,2,35,0,2,51,5,58,0,6,80,7,93,10,0,10,103
12/04/2001,JEF,MO,ACE,CE,Federal Contract Tower,0,8,19,4,31,0,0,9,8,17,0,8,28,12,48,0,36,36,84
12/05/2001,JEF,MO,ACE,CE,Federal Contract Tower,0,14,21,4,39,0,0,19,2,21,0,14,40,6,60,0,0,0,60
12/06/2001,JEF,MO,ACE,CE,Federal Contract Tower,0,10,15,3,28,0,0,26,6,32,0,10,41,9,60,38,14,52,112
12/07/2001,JEF,MO,ACE,CE,Federal Contract Tower,0,10,16,6,32,0,0,62,16,78,0,10,78,22,110,32,78,110,220
12/08/2001,JEF,MO,ACE,CE,Federal Contract Tower,0,0,3,2,5,0,2,20,12,34,0,2,23,14,39,20,86,106,145
12/09/2001,JEF,MO,ACE,CE,Federal Contract Tower,0,0,16,1,17,0,2,51,1,54,0,2,67,2,71,40,0,40,111
12/10/2001,JEF,MO,ACE,CE,Federal Contract Tower,0,5,18,2,25,0,5,58,2,65,0,10,76,4,90,30,0,30,120
12/11/2001,JEF,MO,ACE,CE,Federal Contract Tower,0,10,34,2,46,0,0,94,14,108,0,10,128,16,154,26,32,58,212
12/12/2001,JEF,MO,ACE,CE,Federal Contract Tower,0,4,18,11,33,0,0,3,3,6,0,4,21,14,39,0,68,68,107
12/13/2001,JEF,MO,ACE,CE,Federal Contract Tower,0,6,26,7,39,0,0,10,3,13,0,6,36,10,52,0,8,8,60
12/14/2001,JEF,MO,ACE,CE,Federal Contract Tower,0,6,28,4,38,0,0,20,1,21,0,6,48,5,59,50,32,82,141
12/15/2001,JEF,MO,ACE,CE,Federal Contract Tower,0,2,3,6,11,0,0,23,0,23,0,2,26,6,34,24,2,26,60
12/16/2001,JEF,MO,ACE,CE,Federal Contract Tower,0,4,7,0,11,0,0,0,0,0,0,4,7,0,11,0,0,0,11
12/17/2001,JEF,MO,ACE,CE,Federal Contract Tower,0,10,19,1,30,0,0,41,25,66,0,10,60,26,96,18,48,66,162
12/18/2001,JEF,MO,ACE,CE,Federal Contract Tower,0,6,18,0,24,0,0,105,12,117,0,6,123,12,141,52,22,74,215
12/19/2001,JEF,MO,ACE,CE,Federal Contract Tower,0,20,20,1,41,0,0,21,5,26,0,20,41,6,67,22,22,44,111
12/20/2001,JEF,MO,ACE,CE,Federal Contract Tower,0,6,20,3,29,0,2,46,9,57,0,8,66,12,86,8,8,16,102
12/21/2001,JEF,MO,ACE,CE,Federal Contract Tower,0,0,25,2,27,0,10,49,6,65,0,10,74,8,92,10,4,14,106
12/22/2001,JEF,MO,ACE,CE,Federal Contract Tower,0,3,6,0,9,0,2,13,0,15,0,5,19,0,24,0,0,0,24
12/23/2001,JEF,MO,ACE,CE,Federal Contract Tower,0,0,1,0,1,0,0,8,0,8,0,0,9,0,9,0,0,0,9
12/24/2001,JEF,MO,ACE,CE,Federal Contract Tower,0,0,3,0,3,0,0,13,0,13,0,0,16,0,16,0,0,0,16
12/25/2001,JEF,MO,ACE,CE,Federal Contract Tower,0,0,6,0,6,0,0,9,0,9,0,0,15,0,15,4,0,4,19
12/26/2001,JEF,MO,ACE,CE,Federal Contract Tower,0,0,7,0,7,0,0,15,0,15,0,0,22,0,22,8,0,8,30
12/27/2001,JEF,MO,ACE,CE,Federal Contract Tower,0,0,11,0,11,0,6,34,11,51,0,6,45,11,62,0,16,16,78
12/28/2001,JEF,MO,ACE,CE,Federal Contract Tower,0,4,9,0,13,0,0,39,0,39,0,4,48,0,52,14,0,14,66
12/29/2001,JEF,MO,ACE,CE,Federal Contract Tower,0,2,6,0,8,0,0,30,0,30,0,2,36,0,38,26,0,26,64
12/30/2001,JEF,MO,ACE,CE,Federal Contract Tower,0,0,7,0,7,0,0,17,0,17,0,0,24,0,24,4,0,4,28
12/31/2001,JEF,MO,ACE,CE,Federal Contract Tower,0,2,11,0,13,0,0,32,0,32,0,2,43,0,45,22,0,22,67
01/01/2002,JEF,MO,ACE,CE,Federal Contract Tower,0,2,2,0,4,0,0,29,0,29,0,2,31,0,33,24,0,24,57
01/02/2002,JEF,MO,ACE,CE,Federal Contract Tower,0,0,16,2,18,0,0,13,3,16,0,0,29,5,34,2,0,2,36
01/03/2002,JEF,MO,ACE,CE,Federal Contract Tower,0,6,30,0,36,0,0,24,6,30,0,6,54,6,66,16,26,42,108
01/04/2002,JEF,MO,ACE,CE,Federal Contract Tower,0,6,17,1,24,0,0,27,8,35,0,6,44,9,59,22,38,60,119
01/05/2002,JEF,MO,ACE,CE,Federal Contract Tower,0,0,6,0,6,0,0,0,0,0,0,0,6,0,6,0,0,0,6
01/06/2002,JEF,MO,ACE,CE,Federal Contract Tower,0,0,6,1,7,0,0,1,0,1,0,0,7,1,8,0,38,38,46
01/07/2002,JEF,MO,ACE,CE,Federal Contract Tower,0,6,17,4,27,0,0,39,4,43,0,6,56,8,70,2,34,36,106
01/08/2002,JEF,MO,ACE,CE,Federal Contract Tower,0,8,31,2,41,0,0,103,22,125,0,8,134,24,166,30,44,74,240
01/09/2002,JEF,MO,ACE,CE,Federal Contract Tower,0,10,36,0,46,0,0,38,4,42,0,10,74,4,88,28,62,90,178
01/10/2002,JEF,MO,ACE,CE,Federal Contract Tower,0,14,23,16,53,0,0,23,12,35,0,14,46,28,88,14,8,22,110
01/11/2002,JEF,MO,ACE,CE,Federal Contract Tower,0,12,11,0,23,0,0,53,2,55,0,12,64,2,78,56,42,98,176
01/12/2002,JEF,MO,ACE,CE,Federal Contract Tower,0,0,7,1,8,0,0,37,10,47,0,0,44,11,55,22,38,60,115
01/13/2002,JEF,MO,ACE,CE,Federal Contract Tower,0,2,7,1,10,0,0,45,0,45,0,2,52,1,55,6,0,6,61
01/14/2002,JEF,MO,ACE,CE,Federal Contract Tower,0,8,18,2,28,0,0,44,6,50,0,8,62,8,78,0,0,0,78
01/15/2002,JEF,MO,ACE,CE,Federal Contract Tower,0,10,28,2,40,0,0,48,8,56,0,10,76,10,96,28,32,60,156
01/16/2002,JEF,MO,ACE,CE,Federal Contract Tower,0,6,16,0,22,0,0,24,2,26,0,6,40,2,48,8,12,20,68
01/17/2002,JEF,MO,ACE,CE,Federal Contract Tower,0,8,27,4,39,0,0,19,8,27,0,8,46,12,66,10,52,62,128
01/18/2002,JEF,MO,ACE,CE,Federal Contract Tower,0,14,29,2,45,0,0,22,5,27,0,14,51,7,72,14,22,36,108
01/19/2002,JEF,MO,ACE,CE,Federal Contract Tower,0,4,3,0,7,0,0,3,0,3,0,4,6,0,10,0,0,0,10
01/20/2002,JEF,MO,ACE,CE,Federal Contract Tower,0,3,2,0,5,0,0,27,0,27,0,3,29,0,32,72,0,72,104
01/21/2002,JEF,MO,ACE,CE,Federal Contract Tower,0,3,11,0,14,0,3,31,0,34,0,6,42,0,48,0,0,0,48
01/22/2002,JEF,MO,ACE,CE,Federal Contract Tower,0,15,25,5,45,0,0,55,0,55,0,15,80,5,100,10,0,10,110
01/23/2002,JEF,MO,ACE,CE,Federal Contract Tower,0,4,41,0,45,0,12,15,7,34,0,16,56,7,79,28,0,28,107
01/24/2002,JEF,MO,ACE,CE,Federal Contract Tower,0,0,16,2,18,0,6,16,13,35,0,6,32,15,53,28,42,70,123
01/25/2002,JEF,MO,ACE,CE,Federal Contract Tower,0,6,15,4,25,0,0,59,5,64,0,6,74,9,89,22,2,24,113
01/26/2002,JEF,MO,ACE,CE,Federal Contract Tower,0,0,7,0,7,0,0,54,8,62,0,0,61,8,69,36,30,66,135
01/27/2002,JEF,MO,ACE,CE,Federal Contract Tower,0,2,8,6,16,0,0,44,2,46,0,2,52,8,62,38,44,82,144
01/28/2002,JEF,MO,ACE,CE,Federal Contract Tower,0,11,19,2,32,0,0,78,4,82,0,11,97,6,114,32,0,32,146
01/29/2002,JEF,MO,ACE,CE,Federal Contract Tower,0,2,31,0,33,0,0,7,0,7,0,2,38,0,40,2,0,2,42
01/30/2002,JEF,MO,ACE,CE,Federal Contract Tower,0,0,15,0,15,0,0,0,0,0,0,0,15,0,15,0,0,0,15
01/31/2002,JEF,MO,ACE,CE,Federal Contract Tower,0,5,12,0,17,0,0,0,0,0,0,5,12,0,17,0,0,0,17
02/01/2002,JEF,MO,ACE,CE,Federal Contract Tower,0,7,21,2,30,0,1,19,5,25,0,8,40,7,55,24,6,30,85
02/02/2002,JEF,MO,ACE,CE,Federal Contract Tower,0,0,3,0,3,0,0,46,6,52,0,0,49,6,55,28,0,28,83
02/03/2002,JEF,MO,ACE,CE,Federal Contract Tower,0,0,1,2,3,0,0,55,2,57,0,0,56,4,60,54,0,54,114
02/04/2002,JEF,MO,ACE,CE,Federal Contract Tower,0,6,29,3,38,0,0,39,5,44,0,6,68,8,82,24,2,26,108
02/05/2002,JEF,MO,ACE,CE,Federal Contract Tower,0,9,33,6,48,0,1,57,15,73,0,10,90,21,121,26,0,26,147
02/06/2002,JEF,MO,ACE,CE,Federal Contract Tower,0,11,14,2,27,0,1,30,3,34,0,12,44,5,61,36,12,48,109
02/07/2002,JEF,MO,ACE,CE,Federal Contract Tower,0,9,22,1,32,0,1,17,0,18,0,10,39,1,50,4,16,20,70
02/08/2002,JEF,MO,ACE,CE,Federal Contract Tower,0,11,27,3,41,0,1,39,5,45,0,12,66,8,86,24,20,44,130
02/09/2002,JEF,MO,ACE,CE,Federal Contract Tower,0,0,7,0,7,0,2,13,8,23,0,2,20,8,30,2,30,32,62
02/10/2002,JEF,MO,ACE,CE,Federal Contract Tower,0,0,1,2,3,0,0,0,0,0,0,0,1,2,3,0,0,0,3
02/11/2002,JEF,MO,ACE,CE,Federal Contract Tower,0,1,10,1,12,0,1,55,7,63,0,2,65,8,75,60,0,60,135
02/12/2002,JEF,MO,ACE,CE,Federal Contract Tower,0,10,19,2,31,0,0,65,11,76,0,10,84,13,107,54,40,94,201
02/13/2002,JEF,MO,ACE,CE,Federal Contract Tower,0,6,33,4,43,0,0,58,3,61,0,6,91,7,104,26,32,58,162
02/14/2002,JEF,MO,ACE,CE,Federal Contract Tower,0,14,30,0,44,0,0,32,2,34,0,14,62,2,78,14,22,36,114
02/15/2002,JEF,MO,ACE,CE,Federal Contract Tower,0,12,27,3,42,0,0,66,7,73,0,12,93,10,115,36,28,64,179
02/16/2002,JEF,MO,ACE,CE,Federal Contract Tower,0,6,1,0,7,0,0,38,0,38,0,6,39,0,45,12,0,12,57
02/17/2002,JEF,MO,ACE,CE,Federal Contract Tower,0,2,5,0,7,0,0,63,0,63,0,2,68,0,70,34,0,34,104
02/18/2002,JEF,MO,ACE,CE,Federal Contract Tower,0,7,10,0,17,0,0,27,2,29,0,7,37,2,46,10,0,10,56
02/19/2002,JEF,MO,ACE,CE,Federal Contract Tower,0,10,24,0,34,0,0,20,6,26,0,10,44,6,60,0,60,60,120
02/20/2002,JEF,MO,ACE,CE,Federal Contract Tower,0,12,28,2,42,0,0,16,4,20,0,12,44,6,62,6,4,10,72
02/21/2002,JEF,MO,ACE,CE,Federal Contract Tower,0,8,25,0,33,0,0,27,6,33,0,8,52,6,66,12,22,34,100
02/22/2002,JEF,MO,ACE,CE,Federal Contract Tower,0,6,19,7,32,0,2,56,7,65,0,8,75,14,97,58,0,58,155
02/23/2002,JEF,MO,ACE,CE,Federal Contract Tower,0,0,5,2,7,0,0,55,4,59,0,0,60,6,66,30,20,50,116
02/24/2002,JEF,MO,ACE,CE,Federal Contract Tower,0,2,6,5,13,0,0,14,1,15,0,2,20,6,28,0,0,0,28
02/25/2002,JEF,MO,ACE,CE,Federal Contract Tower,0,6,12,3,21,0,0,16,3,19,0,6,28,6,40,24,6,30,70
02/26/2002,JEF,MO,ACE,CE,Federal Contract Tower,0,8,14,0,22,0,0,7,0,7,0,8,21,0,29,4,0,4,33
02/27/2002,JEF,MO,ACE,CE,Federal Contract Tower,0,10,16,0,26,0,0,47,12,59,0,10,63,12,85,86,6,92,177
02/28/2002,JEF,MO,ACE,CE,Federal Contract Tower,0,4,21,0,25,0,0,33,2,35,0,4,54,2,60,40,0,40,100
03/01/2002,JEF,MO,ACE,CE,Federal Contract Tower,0,3,23,0,26,0,1,17,6,24,0,4,40,6,50,32,16,48,98
03/02/2002,JEF,MO,ACE,CE,Federal Contract Tower,0,0,0,0,0,0,0,0,0,0,0,0,0,0,0,0,0,0,0
03/03/2002,JEF,MO,ACE,CE,Federal Contract Tower,0,0,2,0,2,0,0,6,0,6,0,0,8,0,8,0,0,0,8
03/04/2002,JEF,MO,ACE,CE,Federal Contract Tower,0,10,17,0,27,0,0,25,4,29,0,10,42,4,56,12,62,74,130
03/05/2002,JEF,MO,ACE,CE,Federal Contract Tower,0,12,26,1,39,0,0,98,13,111,0,12,124,14,150,20,30,50,200
03/06/2002,JEF,MO,ACE,CE,Federal Contract Tower,0,6,21,0,27,0,0,45,12,57,0,6,66,12,84,24,18,42,126
03/07/2002,JEF,MO,ACE,CE,Federal Contract Tower,0,4,18,0,22,0,0,33,8,41,0,4,51,8,63,20,24,44,107
03/08/2002,JEF,MO,ACE,CE,Federal Contract Tower,0,2,8,0,10,0,0,22,7,29,0,2,30,7,39,2,0,2,41
03/09/2002,JEF,MO,ACE,CE,Federal Contract Tower,0,0,2,0,2,0,0,3,0,3,0,0,5,0,5,0,0,0,5
03/10/2002,JEF,MO,ACE,CE,Federal Contract Tower,0,0,10,0,10,0,0,81,0,81,0,0,91,0,91,148,0,148,239
03/11/2002,JEF,MO,ACE,CE,Federal Contract Tower,0,12,12,3,27,0,0,29,3,32,0,12,41,6,59,34,10,44,103
03/12/2002,JEF,MO,ACE,CE,Federal Contract Tower,0,2,15,1,18,0,0,26,7,33,0,2,41,8,51,32,20,52,103
03/13/2002,JEF,MO,ACE,CE,Federal Contract Tower,0,8,37,1,46,0,0,42,5,47,0,8,79,6,93,16,0,16,109
03/14/2002,JEF,MO,ACE,CE,Federal Contract Tower,0,12,31,1,44,0,0,49,5,54,0,12,80,6,98,2,0,2,100
03/15/2002,JEF,MO,ACE,CE,Federal Contract Tower,0,2,22,2,26,0,0,6,15,21,0,2,28,17,47,4,46,50,97
03/16/2002,JEF,MO,ACE,CE,Federal Contract Tower,0,0,13,0,13,0,0,24,14,38,0,0,37,14,51,18,34,52,103
03/17/2002,JEF,MO,ACE,CE,Federal Contract Tower,0,0,7,0,7,0,0,16,0,16,0,0,23,0,23,108,0,108,131
03/18/2002,JEF,MO,ACE,CE,Federal Contract Tower,0,6,15,0,21,0,0,23,2,25,0,6,38,2,46,64,38,102,148
03/19/2002,JEF,MO,ACE,CE,Federal Contract Tower,0,2,14,0,16,0,0,3,0,3,0,2,17,0,19,0,0,0,19
03/20/2002,JEF,MO,ACE,CE,Federal Contract Tower,0,7,26,1,34,0,1,17,7,25,0,8,43,8,59,24,36,60,119
03/21/2002,JEF,MO,ACE,CE,Federal Contract Tower,0,8,26,2,36,0,0,7,7,14,0,8,33,9,50,0,14,14,64
03/22/2002,JEF,MO,ACE,CE,Federal Contract Tower,0,4,28,0,32,0,0,58,4,62,0,4,86,4,94,42,6,48,142
03/23/2002,JEF,MO,ACE,CE,Federal Contract Tower,0,8,7,1,16,0,0,34,0,34,0,8,41,1,50,14,0,14,64
03/24/2002,JEF,MO,ACE,CE,Federal Contract Tower,0,0,3,0,3,0,0,14,0,14,0,0,17,0,17,28,0,28,45
03/25/2002,JEF,MO,ACE,CE,Federal Contract Tower,0,0,11,2,13,0,0,1,0,1,0,0,12,2,14,0,14,14,28
03/26/2002,JEF,MO,ACE,CE,Federal Contract Tower,0,12,25,2,39,0,0,13,2,15,0,12,38,4,54,4,16,20,74
03/27/2002,JEF,MO,ACE,CE,Federal Contract Tower,0,8,16,0,24,0,0,50,4,54,0,8,66,4,78,30,0,30,108
03/28/2002,JEF,MO,ACE,CE,Federal Contract Tower,0,8,11,0,19,0,0,47,0,47,0,8,58,0,66,52,0,52,118
03/29/2002,JEF,MO,ACE,CE,Federal Contract Tower,0,1,8,1,10,0,0,25,1,26,0,1,33,2,36,42,2,44,80
03/30/2002,JEF,MO,ACE,CE,Federal Contract Tower,0,0,1,2,3,0,0,51,0,51,0,0,52,2,54,72,0,72,126
03/31/2002,JEF,MO,ACE,CE,Federal Contract Tower,0,2,6,0,8,0,0,27,0,27,0,2,33,0,35,0,0,0,35
04/01/2002,JEF,MO,ACE,CE,Federal Contract Tower,0,2,14,0,16,0,0,38,4,42,0,2,52,4,58,0,12,12,70
04/02/2002,JEF,MO,ACE,CE,Federal Contract Tower,0,12,22,4,38,0,0,30,8,38,0,12,52,12,76,14,32,46,122
04/03/2002,JEF,MO,ACE,CE,Federal Contract Tower,0,16,23,2,41,0,0,51,6,57,0,16,74,8,98,56,12,68,166
04/04/2002,JEF,MO,ACE,CE,Federal Contract Tower,0,10,16,2,28,0,0,75,6,81,0,10,91,8,109,34,16,50,159
04/05/2002,JEF,MO,ACE,CE,Federal Contract Tower,0,0,25,0,25,0,6,45,10,61,0,6,70,10,86,24,8,32,118
04/06/2002,JEF,MO,ACE,CE,Federal Contract Tower,0,2,5,9,16,0,0,23,7,30,0,2,28,16,46,24,0,24,70
04/07/2002,JEF,MO,ACE,CE,Federal Contract Tower,0,0,2,2,4,0,0,10,0,10,0,0,12,2,14,0,0,0,14
04/08/2002,JEF,MO,ACE,CE,Federal Contract Tower,0,16,22,4,42,0,0,15,0,15,0,16,37,4,57,0,0,0,57
04/09/2002,JEF,MO,ACE,CE,Federal Contract Tower,0,11,13,2,26,0,0,78,20,98,0,11,91,22,124,34,42,76,200
04/10/2002,JEF,MO,ACE,CE,Federal Contract Tower,0,23,18,1,42,0,0,74,1,75,0,23,92,2,117,46,6,52,169
04/11/2002,JEF,MO,ACE,CE,Federal Contract Tower,0,10,30,0,40,0,0,37,3,40,0,10,67,3,80,64,0,64,144
04/12/2002,JEF,MO,ACE,CE,Federal Contract Tower,0,4,16,3,23,0,0,29,7,36,0,4,45,10,59,40,14,54,113
04/13/2002,JEF,MO,ACE,CE,Federal Contract Tower,0,2,15,4,21,0,0,18,1,19,0,2,33,5,40,30,0,30,70
04/14/2002,JEF,MO,ACE,CE,Federal Contract Tower,0,4,9,2,15,0,0,47,0,47,0,4,56,2,62,34,0,34,96
04/15/2002,JEF,MO,ACE,CE,Federal Contract Tower,0,10,15,2,27,0,0,55,4,59,0,10,70,6,86,36,38,74,160
04/16/2002,JEF,MO,ACE,CE,Federal Contract Tower,0,17,13,4,34,0,0,52,14,66,0,17,65,18,100,26,68,94,194
04/17/2002,JEF,MO,ACE,CE,Federal Contract Tower,0,20,25,1,46,0,0,55,9,64,0,20,80,10,110,28,30,58,168
04/18/2002,JEF,MO,ACE,CE,Federal Contract Tower,0,6,22,2,30,0,0,37,2,39,0,6,59,4,69,16,16,32,101
04/19/2002,JEF,MO,ACE,CE,Federal Contract Tower,0,5,18,0,23,0,0,20,10,30,0,5,38,10,53,46,34,80,133
04/20/2002,JEF,MO,ACE,CE,Federal Contract Tower,0,4,23,2,29,0,0,7,0,7,0,4,30,2,36,8,0,8,44
04/21/2002,JEF,MO,ACE,CE,Federal Contract Tower,0,2,6,0,8,0,0,12,0,12,0,2,18,0,20,6,0,6,26
04/22/2002,JEF,MO,ACE,CE,Federal Contract Tower,0,13,20,3,36,0,0,81,19,100,0,13,101,22,136,92,18,110,246
04/23/2002,JEF,MO,ACE,CE,Federal Contract Tower,0,12,27,0,39,0,0,86,10,96,0,12,113,10,135,80,0,80,215
04/24/2002,JEF,MO,ACE,CE,Federal Contract Tower,0,6,16,1,23,0,0,25,5,30,0,6,41,6,53,14,8,22,75
04/25/2002,JEF,MO,ACE,CE,Federal Contract Tower,0,9,23,0,32,0,0,61,11,72,0,9,84,11,104,40,12,52,156
04/26/2002,JEF,MO,ACE,CE,Federal Contract Tower,0,6,22,0,28,0,0,22,9,31,0,6,44,9,59,14,4,18,77
04/27/2002,JEF,MO,ACE,CE,Federal Contract Tower,0,0,1,0,1,0,0,2,0,2,0,0,3,0,3,2,0,2,5
04/28/2002,JEF,MO,ACE,CE,Federal Contract Tower,0,1,5,1,7,0,0,39,4,43,0,1,44,5,50,32,14,46,96
04/29/2002,JEF,MO,ACE,CE,Federal Contract Tower,0,8,25,2,35,0,0,87,6,93,0,8,112,8,128,76,0,76,204
04/30/2002,JEF,MO,ACE,CE,Federal Contract Tower,0,2,22,2,26,0,0,37,32,69,0,2,59,34,95,22,50,72,167
05/01/2002,JEF,MO,ACE,CE,Federal Contract Tower,0,14,28,0,42,0,0,4,2,6,0,14,32,2,48,6,6,12,60
05/02/2002,JEF,MO,ACE,CE,Federal Contract Tower,0,6,23,3,32,0,0,43,6,49,0,6,66,9,81,8,12,20,101
05/03/2002,JEF,MO,ACE,CE,Federal Contract Tower,0,7,16,0,23,0,0,55,4,59,0,7,71,4,82,38,22,60,142
05/04/2002,JEF,MO,ACE,CE,Federal Contract Tower,0,0,3,0,3,0,0,56,4,60,0,0,59,4,63,58,0,58,121
05/05/2002,JEF,MO,ACE,CE,Federal Contract Tower,0,2,4,2,8,0,0,59,0,59,0,2,63,2,67,52,0,52,119
05/06/2002,JEF,MO,ACE,CE,Federal Contract Tower,0,4,15,2,21,0,0,26,0,26,0,4,41,2,47,16,0,16,63
05/07/2002,JEF,MO,ACE,CE,Federal Contract Tower,0,8,17,0,25,0,0,17,3,20,0,8,34,3,45,32,4,36,81
05/08/2002,JEF,MO,ACE,CE,Federal Contract Tower,0,10,11,3,24,0,0,22,1,23,0,10,33,4,47,26,10,36,83
05/09/2002,JEF,MO,ACE,CE,Federal Contract Tower,0,16,13,2,31,0,0,49,5,54,0,16,62,7,85,22,12,34,119
05/10/2002,JEF,MO,ACE,CE,Federal Contract Tower,0,4,12,0,16,0,0,55,10,65,0,4,67,10,81,14,84,98,179
05/11/2002,JEF,MO,ACE,CE,Federal Contract Tower,0,3,8,0,11,0,0,11,6,17,0,3,19,6,28,30,8,38,66
05/12/2002,JEF,MO,ACE,CE,Federal Contract Tower,0,0,10,0,10,0,0,0,0,0,0,0,10,0,10,0,0,0,10
05/13/2002,JEF,MO,ACE,CE,Federal Contract Tower,0,6,18,2,26,0,0,50,12,62,0,6,68,14,88,40,0,40,128
05/14/2002,JEF,MO,ACE,CE,Federal Contract Tower,0,10,32,0,42,0,0,80,32,112,0,10,112,32,154,72,34,106,260
05/15/2002,JEF,MO,ACE,CE,Federal Contract Tower,0,3,23,2,28,0,0,40,17,57,0,3,63,19,85,24,18,42,127
05/16/2002,JEF,MO,ACE,CE,Federal Contract Tower,0,4,14,5,23,0,0,6,4,10,0,4,20,9,33,12,30,42,75
05/17/2002,JEF,MO,ACE,CE,Federal Contract Tower,0,8,16,4,28,0,0,15,7,22,0,8,31,11,50,0,0,0,50
05/18/2002,JEF,MO,ACE,CE,Federal Contract Tower,0,8,8,4,20,0,0,65,20,85,0,8,73,24,105,30,10,40,145
05/19/2002,JEF,MO,ACE,CE,Federal Contract Tower,0,6,8,4,18,0,0,38,4,42,0,6,46,8,60,64,2,66,126
05/20/2002,JEF,MO,ACE,CE,Federal Contract Tower,0,6,23,2,31,0,0,91,26,117,0,6,114,28,148,56,56,112,260
05/21/2002,JEF,MO,ACE,CE,Federal Contract Tower,0,3,20,5,28,0,0,81,7,88,0,3,101,12,116,68,14,82,198
05/22/2002,JEF,MO,ACE,CE,Federal Contract Tower,0,4,28,2,34,0,0,42,19,61,0,4,70,21,95,38,20,58,153
05/23/2002,JEF,MO,ACE,CE,Federal Contract Tower,0,6,18,0,24,0,0,34,17,51,0,6,52,17,75,8,12,20,95
05/24/2002,JEF,MO,ACE,CE,Federal Contract Tower,0,9,24,6,39,0,0,21,1,22,0,9,45,7,61,0,0,0,61
05/25/2002,JEF,MO,ACE,CE,Federal Contract Tower,0,6,19,2,27,0,0,13,2,15,0,6,32,4,42,40,0,40,82
05/26/2002,JEF,MO,ACE,CE,Federal Contract Tower,0,4,8,2,14,0,0,99,1,100,0,4,107,3,114,34,0,34,148
05/27/2002,JEF,MO,ACE,CE,Federal Contract Tower,0,7,8,2,17,0,0,40,0,40,0,7,48,2,57,62,0,62,119
05/28/2002,JEF,MO,ACE,CE,Federal Contract Tower,0,6,8,2,16,0,0,36,8,44,0,6,44,10,60,60,2,62,122
05/29/2002,JEF,MO,ACE,CE,Federal Contract Tower,0,13,31,4,48,0,0,42,10,52,0,13,73,14,100,10,20,30,130
05/30/2002,JEF,MO,ACE,CE,Federal Contract Tower,0,6,23,2,31,0,0,65,4,69,0,6,88,6,100,46,0,46,146
05/31/2002,JEF,MO,ACE,CE,Federal Contract Tower,0,5,10,0,15,0,0,41,2,43,0,5,51,2,58,34,0,34,92
06/01/2002,JEF,MO,ACE,CE,Federal Contract Tower,0,3,5,2,10,0,0,56,0,56,0,3,61,2,66,28,12,40,106
06/02/2002,JEF,MO,ACE,CE,Federal Contract Tower,0,7,9,0,16,0,0,59,0,59,0,7,68,0,75,46,0,46,121
06/03/2002,JEF,MO,ACE,CE,Federal Contract Tower,0,2,30,0,32,0,2,53,11,66,0,4,83,11,98,16,44,60,158
06/04/2002,JEF,MO,ACE,CE,Federal Contract Tower,0,6,18,4,28,0,0,42,8,50,0,6,60,12,78,2,20,22,100
06/05/2002,JEF,MO,ACE,CE,Federal Contract Tower,0,10,25,0,35,0,0,27,16,43,0,10,52,16,78,34,12,46,124
06/06/2002,JEF,MO,ACE,CE,Federal Contract Tower,0,10,21,0,31,0,0,106,20,126,0,10,127,20,157,92,46,138,295
06/07/2002,JEF,MO,ACE,CE,Federal Contract Tower,0,7,11,1,19,0,0,63,10,73,0,7,74,11,92,56,48,104,196
06/08/2002,JEF,MO,ACE,CE,Federal Contract Tower,0,0,3,3,6,0,0,146,0,146,0,0,149,3,152,50,0,50,202
06/09/2002,JEF,MO,ACE,CE,Federal Contract Tower,0,0,8,3,11,0,0,47,0,47,0,0,55,3,58,10,0,10,68
06/10/2002,JEF,MO,ACE,CE,Federal Contract Tower,0,12,14,2,28,0,0,36,8,44,0,12,50,10,72,18,20,38,110
06/11/2002,JEF,MO,ACE,CE,Federal Contract Tower,0,15,19,2,36,0,0,30,3,33,0,15,49,5,69,104,4,108,177
06/12/2002,JEF,MO,ACE,CE,Federal Contract Tower,0,6,19,1,26,0,0,37,6,43,0,6,56,7,69,130,28,158,227
06/13/2002,JEF,MO,ACE,CE,Federal Contract Tower,0,5,15,5,25,0,0,43,6,49,0,5,58,11,74,52,4,56,130
06/14/2002,JEF,MO,ACE,CE,Federal Contract Tower,0,4,18,6,28,0,0,46,11,57,0,4,64,17,85,50,0,50,135
06/15/2002,JEF,MO,ACE,CE,Federal Contract Tower,0,0,9,2,11,0,0,76,0,76,0,0,85,2,87,26,0,26,113
06/16/2002,JEF,MO,ACE,CE,Federal Contract Tower,0,2,2,0,4,0,0,61,2,63,0,2,63,2,67,36,0,36,103
06/17/2002,JEF,MO,ACE,CE,Federal Contract Tower,0,6,11,0,17,0,0,53,7,60,0,6,64,7,77,34,10,44,121
06/18/2002,JEF,MO,ACE,CE,Federal Contract Tower,0,10,20,6,36,0,0,54,5,59,0,10,74,11,95,56,12,68,163
06/19/2002,JEF,MO,ACE,CE,Federal Contract Tower,0,3,12,1,16,0,0,63,13,76,0,3,75,14,92,44,34,78,170
06/20/2002,JEF,MO,ACE,CE,Federal Contract Tower,0,4,29,0,33,0,0,83,35,118,0,4,112,35,151,48,30,78,229
06/21/2002,JEF,MO,ACE,CE,Federal Contract Tower,0,4,14,2,20,0,2,43,7,52,0,6,57,9,72,32,40,72,144
06/22/2002,JEF,MO,ACE,CE,Federal Contract Tower,0,0,7,3,10,0,0,43,2,45,0,0,50,5,55,40,20,60,115
06/23/2002,JEF,MO,ACE,CE,Federal Contract Tower,0,2,7,1,10,0,0,40,0,40,0,2,47,1,50,112,0,112,162
06/24/2002,JEF,MO,ACE,CE,Federal Contract Tower,0,5,11,0,16,0,0,67,11,78,0,5,78,11,94,48,12,60,154
06/25/2002,JEF,MO,ACE,CE,Federal Contract Tower,0,5,22,0,27,0,0,41,26,67,0,5,63,26,94,42,54,96,190
06/26/2002,JEF,MO,ACE,CE,Federal Contract Tower,0,4,17,0,21,0,2,55,8,65,0,6,72,8,86,42,0,42,128
06/27/2002,JEF,MO,ACE,CE,Federal Contract Tower,0,4,21,3,28,0,0,55,8,63,0,4,76,11,91,26,12,38,129
06/28/2002,JEF,MO,ACE,CE,Federal Contract Tower,0,10,27,1,38,0,0,57,7,64,0,10,84,8,102,40,20,60,162
06/29/2002,JEF,MO,ACE,CE,Federal Contract Tower,0,3,9,0,12,0,0,160,2,162,0,3,169,2,174,36,10,46,220
06/30/2002,JEF,MO,ACE,CE,Federal Contract Tower,0,6,1,0,7,0,0,71,0,71,0,6,72,0,78,24,0,24,102
07/01/2002,JEF,MO,ACE,CE,Federal Contract Tower,0,9,12,1,22,0,0,44,7,51,0,9,56,8,73,38,28,66,139
07/02/2002,JEF,MO,ACE,CE,Federal Contract Tower,0,4,12,2,18,0,0,71,15,86,0,4,83,17,104,26,4,30,134
07/03/2002,JEF,MO,ACE,CE,Federal Contract Tower,0,5,6,0,11,0,0,29,8,37,0,5,35,8,48,70,28,98,146
07/04/2002,JEF,MO,ACE,CE,Federal Contract Tower,0,2,1,0,3,0,0,27,12,39,0,2,28,12,42,58,2,60,102
07/05/2002,JEF,MO,ACE,CE,Federal Contract Tower,0,2,11,2,15,0,0,42,8,50,0,2,53,10,65,36,4,40,105
07/06/2002,JEF,MO,ACE,CE,Federal Contract Tower,0,0,4,1,5,0,0,34,1,35,0,0,38,2,40,42,2,44,84
07/07/2002,JEF,MO,ACE,CE,Federal Contract Tower,0,0,5,0,5,0,0,47,3,50,0,0,52,3,55,34,0,34,89
07/08/2002,JEF,MO,ACE,CE,Federal Contract Tower,0,2,12,3,17,0,0,16,6,22,0,2,28,9,39,20,0,20,59
07/09/2002,JEF,MO,ACE,CE,Federal Contract Tower,0,4,18,2,24,0,0,41,5,46,0,4,59,7,70,32,0,32,102
07/10/2002,JEF,MO,ACE,CE,Federal Contract Tower,0,4,17,2,23,0,0,13,1,14,0,4,30,3,37,92,0,92,129
07/11/2002,JEF,MO,ACE,CE,Federal Contract Tower,0,1,26,0,27,0,0,15,9,24,0,1,41,9,51,28,40,68,119
07/12/2002,JEF,MO,ACE,CE,Federal Contract Tower,0,10,18,6,34,0,0,28,18,46,0,10,46,24,80,92,56,148,228
07/13/2002,JEF,MO,ACE,CE,Federal Contract Tower,0,2,4,2,8,0,0,43,10,53,0,2,47,12,61,52,14,66,127
07/14/2002,JEF,MO,ACE,CE,Federal Contract Tower,0,1,2,0,3,0,0,59,4,63,0,1,61,4,66,46,26,72,138
07/15/2002,JEF,MO,ACE,CE,Federal Contract Tower,0,6,24,2,32,0,0,37,12,49,0,6,61,14,81,30,0,30,111
07/16/2002,JEF,MO,ACE,CE,Federal Contract Tower,0,6,17,2,25,0,0,44,10,54,0,6,61,12,79,22,10,32,111
07/17/2002,JEF,MO,ACE,CE,Federal Contract Tower,0,10,13,4,27,0,0,45,4,49,0,10,58,8,76,26,0,26,102
07/18/2002,JEF,MO,ACE,CE,Federal Contract Tower,0,4,15,1,20,0,3,38,2,43,0,7,53,3,63,18,8,26,89
07/19/2002,JEF,MO,ACE,CE,Federal Contract Tower,0,3,15,2,20,0,0,66,4,70,0,3,81,6,90,32,14,46,136
07/20/2002,JEF,MO,ACE,CE,Federal Contract Tower,0,0,11,0,11,0,1,42,2,45,0,1,53,2,56,56,0,56,112
07/21/2002,JEF,MO,ACE,CE,Federal Contract Tower,0,0,12,0,12,0,0,44,1,45,0,0,56,1,57,28,0,28,85
07/22/2002,JEF,MO,ACE,CE,Federal Contract Tower,0,1,14,0,15,0,1,33,5,39,0,2,47,5,54,30,0,30,84
07/23/2002,JEF,MO,ACE,CE,Federal Contract Tower,0,2,17,5,24,0,0,44,3,47,0,2,61,8,71,40,16,56,127
07/24/2002,JEF,MO,ACE,CE,Federal Contract Tower,0,11,19,4,34,0,0,72,4,76,0,11,91,8,110,48,38,86,196
07/25/2002,JEF,MO,ACE,CE,Federal Contract Tower,0,12,21,0,33,0,0,54,11,65,0,12,75,11,98,82,32,114,212
07/26/2002,JEF,MO,ACE,CE,Federal Contract Tower,0,1,14,0,15,0,0,56,5,61,0,1,70,5,76,42,4,46,122
07/27/2002,JEF,MO,ACE,CE,Federal Contract Tower,0,2,4,0,6,0,0,26,0,26,0,2,30,0,32,24,0,24,56
07/28/2002,JEF,MO,ACE,CE,Federal Contract Tower,0,2,3,0,5,0,0,28,0,28,0,2,31,0,33,22,0,22,55
07/29/2002,JEF,MO,ACE,CE,Federal Contract Tower,0,0,14,4,18,0,0,28,2,30,0,0,42,6,48,132,0,132,180
07/30/2002,JEF,MO,ACE,CE,Federal Contract Tower,0,12,29,1,42,0,0,65,10,75,0,12,94,11,117,94,8,102,219
07/31/2002,JEF,MO,ACE,CE,Federal Contract Tower,0,6,17,0,23,0,0,79,4,83,0,6,96,4,106,84,0,84,190
08/01/2002,JEF,MO,ACE,CE,Federal Contract Tower,0,4,19,0,23,0,0,29,9,38,0,4,48,9,61,16,0,16,77
08/02/2002,JEF,MO,ACE,CE,Federal Contract Tower,0,4,12,0,16,0,0,55,17,72,0,4,67,17,88,60,0,60,148
08/03/2002,JEF,MO,ACE,CE,Federal Contract Tower,0,7,11,3,21,0,0,55,13,68,0,7,66,16,89,40,10,50,139
08/04/2002,JEF,MO,ACE,CE,Federal Contract Tower,0,3,9,3,15,0,0,53,11,64,0,3,62,14,79,30,10,40,119
08/05/2002,JEF,MO,ACE,CE,Federal Contract Tower,0,5,10,1,16,0,0,78,5,83,0,5,88,6,99,54,6,60,159
08/06/2002,JEF,MO,ACE,CE,Federal Contract Tower,0,6,20,3,29,0,0,26,4,30,0,6,46,7,59,28,18,46,105
08/07/2002,JEF,MO,ACE,CE,Federal Contract Tower,0,2,27,3,32,0,0,23,5,28,0,2,50,8,60,44,10,54,114
08/08/2002,JEF,MO,ACE,CE,Federal Contract Tower,0,2,32,2,36,0,0,27,4,31,0,2,59,6,67,60,8,68,135
08/09/2002,JEF,MO,ACE,CE,Federal Contract Tower,0,8,11,0,19,0,0,62,8,70,0,8,73,8,89,20,20,40,129
08/10/2002,JEF,MO,ACE,CE,Federal Contract Tower,0,0,9,0,9,0,0,26,0,26,0,0,35,0,35,18,0,18,53
08/11/2002,JEF,MO,ACE,CE,Federal Contract Tower,0,4,8,0,12,0,0,39,0,39,0,4,47,0,51,38,0,38,89
08/12/2002,JEF,MO,ACE,CE,Federal Contract Tower,0,3,18,4,25,0,0,73,10,83,0,3,91,14,108,42,42,84,192
08/13/2002,JEF,MO,ACE,CE,Federal Contract Tower,0,0,16,2,18,0,0,9,3,12,0,0,25,5,30,22,20,42,72
08/14/2002,JEF,MO,ACE,CE,Federal Contract Tower,0,0,26,3,29,0,0,13,1,14,0,0,39,4,43,38,14,52,95
08/15/2002,JEF,MO,ACE,CE,Federal Contract Tower,0,9,19,2,30,0,0,61,5,66,0,9,80,7,96,44,2,46,142
08/16/2002,JEF,MO,ACE,CE,Federal Contract Tower,0,4,21,0,25,0,0,37,5,42,0,4,58,5,67,46,0,46,113
08/17/2002,JEF,MO,ACE,CE,Federal Contract Tower,0,2,2,2,6,0,0,14,3,17,0,2,16,5,23,14,0,14,37
08/18/2002,JEF,MO,ACE,CE,Federal Contract Tower,0,6,6,2,14,0,0,31,0,31,0,6,37,2,45,26,0,26,71
08/19/2002,JEF,MO,ACE,CE,Federal Contract Tower,0,0,15,2,17,0,0,24,6,30,0,0,39,8,47,22,16,38,85
08/20/2002,JEF,MO,ACE,CE,Federal Contract Tower,0,2,31,0,33,0,0,21,1,22,0,2,52,1,55,40,16,56,111
08/21/2002,JEF,MO,ACE,CE,Federal Contract Tower,0,10,16,0,26,0,0,53,8,61,0,10,69,8,87,12,12,24,111
08/22/2002,JEF,MO,ACE,CE,Federal Contract Tower,0,5,11,2,18,0,0,34,12,46,0,5,45,14,64,30,16,46,110
08/23/2002,JEF,MO,ACE,CE,Federal Contract Tower,0,3,17,2,22,0,0,29,4,33,0,3,46,6,55,24,22,46,101
08/24/2002,JEF,MO,ACE,CE,Federal Contract Tower,0,6,12,0,18,0,0,63,0,63,0,6,75,0,81,64,0,64,145
08/25/2002,JEF,MO,ACE,CE,Federal Contract Tower,0,0,10,1,11,0,0,32,0,32,0,0,42,1,43,62,0,62,105
08/26/2002,JEF,MO,ACE,CE,Federal Contract Tower,0,2,31,1,34,0,4,34,13,51,0,6,65,14,85,30,10,40,125
08/27/2002,JEF,MO,ACE,CE,Federal Contract Tower,0,2,18,1,21,0,0,29,1,30,0,2,47,2,51,10,0,10,61
08/28/2002,JEF,MO,ACE,CE,Federal Contract Tower,0,13,18,0,31,0,0,57,4,61,0,13,75,4,92,38,0,38,130
08/29/2002,JEF,MO,ACE,CE,Federal Contract Tower,0,4,14,1,19,0,0,48,10,58,0,4,62,11,77,32,6,38,115
08/30/2002,JEF,MO,ACE,CE,Federal Contract Tower,0,8,22,0,30,0,0,79,2,81,0,8,101,2,111,22,4,26,137
08/31/2002,JEF,MO,ACE,CE,Federal Contract Tower,0,0,6,0,6,0,0,37,0,37,0,0,43,0,43,15,0,15,58
09/01/2002,JEF,MO,ACE,CE,Federal Contract Tower,0,0,6,0,6,0,0,24,0,24,0,0,30,0,30,32,0,32,62
09/02/2002,JEF,MO,ACE,CE,Federal Contract Tower,0,0,6,2,8,0,0,25,2,27,0,0,31,4,35,28,0,28,63
09/03/2002,JEF,MO,ACE,CE,Federal Contract Tower,0,5,15,2,22,0,0,37,13,50,0,5,52,15,72,10,16,26,98
09/04/2002,JEF,MO,ACE,CE,Federal Contract Tower,0,4,17,5,26,0,0,43,6,49,0,4,60,11,75,24,2,26,101
09/05/2002,JEF,MO,ACE,CE,Federal Contract Tower,0,3,17,1,21,0,0,50,6,56,0,3,67,7,77,6,0,6,83
09/06/2002,JEF,MO,ACE,CE,Federal Contract Tower,0,4,30,2,36,0,0,38,8,46,0,4,68,10,82,56,4,60,142
09/07/2002,JEF,MO,ACE,CE,Federal Contract Tower,0,0,7,2,9,0,0,40,13,53,0,0,47,15,62,10,30,40,102
09/08/2002,JEF,MO,ACE,CE,Federal Contract Tower,0,4,11,2,17,0,0,40,5,45,0,4,51,7,62,32,14,46,108
09/09/2002,JEF,MO,ACE,CE,Federal Contract Tower,0,12,17,1,30,0,0,27,11,38,0,12,44,12,68,14,6,20,88
09/10/2002,JEF,MO,ACE,CE,Federal Contract Tower,0,10,27,3,40,0,0,59,19,78,0,10,86,22,118,6,10,16,134
09/11/2002,JEF,MO,ACE,CE,Federal Contract Tower,0,3,14,0,17,0,0,44,5,49,0,3,58,5,66,10,0,10,76
09/12/2002,JEF,MO,ACE,CE,Federal Contract Tower,0,5,37,1,43,0,1,48,0,49,0,6,85,1,92,12,10,22,114
09/13/2002,JEF,MO,ACE,CE,Federal Contract Tower,0,0,22,2,24,0,0,36,3,39,0,0,58,5,63,110,0,110,173
09/14/2002,JEF,MO,ACE,CE,Federal Contract Tower,0,2,7,1,10,0,0,26,0,26,0,2,33,1,36,58,0,58,94
09/15/2002,JEF,MO,ACE,CE,Federal Contract Tower,0,6,7,0,13,0,0,12,0,12,0,6,19,0,25,8,0,8,33
09/16/2002,JEF,MO,ACE,CE,Federal Contract Tower,0,4,21,0,25,0,0,49,2,51,0,4,70,2,76,60,0,60,136
09/17/2002,JEF,MO,ACE,CE,Federal Contract Tower,0,4,18,0,22,0,0,32,6,38,0,4,50,6,60,32,0,32,92
09/18/2002,JEF,MO,ACE,CE,Federal Contract Tower,0,2,12,2,16,0,0,19,4,23,0,2,31,6,39,50,4,54,93
09/19/2002,JEF,MO,ACE,CE,Federal Contract Tower,0,3,16,0,19,0,0,22,3,25,0,3,38,3,44,22,0,22,66
09/20/2002,JEF,MO,ACE,CE,Federal Contract Tower,0,7,23,4,34,0,0,47,5,52,0,7,70,9,86,6,12,18,104
09/21/2002,JEF,MO,ACE,CE,Federal Contract Tower,0,5,4,0,9,0,0,71,0,71,0,5,75,0,80,44,0,44,124
09/22/2002,JEF,MO,ACE,CE,Federal Contract Tower,0,0,4,0,4,0,0,34,0,34,0,0,38,0,38,68,0,68,106
09/23/2002,JEF,MO,ACE,CE,Federal Contract Tower,0,2,11,3,16,0,0,40,5,45,0,2,51,8,61,64,0,64,125
09/24/2002,JEF,MO,ACE,CE,Federal Contract Tower,0,0,15,1,16,0,0,43,5,48,0,0,58,6,64,40,4,44,108
09/25/2002,JEF,MO,ACE,CE,Federal Contract Tower,0,0,19,0,19,0,0,28,4,32,0,0,47,4,51,30,2,32,83
09/26/2002,JEF,MO,ACE,CE,Federal Contract Tower,0,8,17,0,25,0,0,43,11,54,0,8,60,11,79,12,10,22,101
09/27/2002,JEF,MO,ACE,CE,Federal Contract Tower,0,8,19,2,29,0,0,76,7,83,0,8,95,9,112,46,16,62,174
09/28/2002,JEF,MO,ACE,CE,Federal Contract Tower,0,4,9,0,13,0,0,50,0,50,0,4,59,0,63,116,0,116,179
09/29/2002,JEF,MO,ACE,CE,Federal Contract Tower,0,2,13,0,15,0,0,54,0,54,0,2,67,0,69,34,0,34,103
09/30/2002,JEF,MO,ACE,CE,Federal Contract Tower,0,2,14,0,16,0,0,34,4,38,0,2,48,4,54,20,0,20,74
10/01/2002,JEF,MO,ACE,CE,Federal Contract Tower,0,0,19,2,21,0,0,37,9,46,0,0,56,11,67,112,38,150,217
10/02/2002,JEF,MO,ACE,CE,Federal Contract Tower,0,4,7,3,14,0,1,29,11,41,0,5,36,14,55,142,34,176,231
10/03/2002,JEF,MO,ACE,CE,Federal Contract Tower,0,8,11,0,19,0,0,21,2,23,0,8,32,2,42,80,4,84,126
10/04/2002,JEF,MO,ACE,CE,Federal Contract Tower,0,3,21,3,27,0,1,26,7,34,0,4,47,10,61,12,0,12,73
10/05/2002,JEF,MO,ACE,CE,Federal Contract Tower,0,0,13,1,14,0,0,60,6,66,0,0,73,7,80,34,8,42,122
10/06/2002,JEF,MO,ACE,CE,Federal Contract Tower,0,0,8,3,11,0,0,20,3,23,0,0,28,6,34,54,10,64,98
10/07/2002,JEF,MO,ACE,CE,Federal Contract Tower,0,0,23,1,24,0,0,39,1,40,0,0,62,2,64,30,0,30,94
10/08/2002,JEF,MO,ACE,CE,Federal Contract Tower,0,10,13,1,24,0,0,63,3,66,0,10,76,4,90,48,22,70,160
10/09/2002,JEF,MO,ACE,CE,Federal Contract Tower,0,11,15,4,30,0,1,62,6,69,0,12,77,10,99,72,12,84,183
10/10/2002,JEF,MO,ACE,CE,Federal Contract Tower,0,6,13,1,20,0,0,50,18,68,0,6,63,19,88,70,12,82,170
10/11/2002,JEF,MO,ACE,CE,Federal Contract Tower,0,5,24,1,30,0,0,38,7,45,0,5,62,8,75,28,4,32,107
10/12/2002,JEF,MO,ACE,CE,Federal Contract Tower,0,0,8,0,8,0,0,12,0,12,0,0,20,0,20,0,0,0,20
10/13/2002,JEF,MO,ACE,CE,Federal Contract Tower,0,2,9,0,11,0,0,51,0,51,0,2,60,0,62,6,0,6,68
10/14/2002,JEF,MO,ACE,CE,Federal Contract Tower,0,0,15,2,17,0,2,42,0,44,0,2,57,2,61,34,0,34,95
10/15/2002,JEF,MO,ACE,CE,Federal Contract Tower,0,0,10,5,15,0,0,53,7,60,0,0,63,12,75,98,50,148,223
10/16/2002,JEF,MO,ACE,CE,Federal Contract Tower,0,3,16,4,23,0,1,49,7,57,0,4,65,11,80,32,8,40,120
10/17/2002,JEF,MO,ACE,CE,Federal Contract Tower,0,5,22,8,35,0,1,30,5,36,0,6,52,13,71,12,12,24,95
10/18/2002,JEF,MO,ACE,CE,Federal Contract Tower,0,3,30,6,39,0,0,26,7,33,0,3,56,13,72,8,30,38,110
10/19/2002,JEF,MO,ACE,CE,Federal Contract Tower,0,0,10,2,12,0,0,29,14,43,0,0,39,16,55,16,12,28,83
10/20/2002,JEF,MO,ACE,CE,Federal Contract Tower,0,4,2,1,7,0,0,41,4,45,0,4,43,5,52,44,12,56,108
10/21/2002,JEF,MO,ACE,CE,Federal Contract Tower,0,6,13,3,22,0,1,50,11,62,0,7,63,14,84,76,18,94,178
10/22/2002,JEF,MO,ACE,CE,Federal Contract Tower,0,12,19,0,31,0,0,51,21,72,0,12,70,21,103,54,64,118,221
10/23/2002,JEF,MO,ACE,CE,Federal Contract Tower,0,2,16,2,20,0,0,46,4,50,0,2,62,6,70,98,16,114,184
10/24/2002,JEF,MO,ACE,CE,Federal Contract Tower,0,4,41,1,46,0,0,33,4,37,0,4,74,5,83,46,26,72,155
10/25/2002,JEF,MO,ACE,CE,Federal Contract Tower,0,0,17,6,23,0,0,0,0,0,0,0,17,6,23,16,0,16,39
10/26/2002,JEF,MO,ACE,CE,Federal Contract Tower,0,3,7,11,21,0,0,16,7,23,0,3,23,18,44,26,60,86,130
10/27/2002,JEF,MO,ACE,CE,Federal Contract Tower,0,2,7,4,13,0,0,13,0,13,0,2,20,4,26,4,0,4,30
10/28/2002,JEF,MO,ACE,CE,Federal Contract Tower,0,6,17,7,30,0,0,12,0,12,0,6,29,7,42,0,42,42,84
10/29/2002,JEF,MO,ACE,CE,Federal Contract Tower,0,0,8,4,12,0,0,0,28,28,0,0,8,32,40,0,32,32,72
10/30/2002,JEF,MO,ACE,CE,Federal Contract Tower,0,4,25,3,32,0,0,4,0,4,0,4,29,3,36,2,0,2,38
10/31/2002,JEF,MO,ACE,CE,Federal Contract Tower,0,14,18,1,33,0,0,18,6,24,0,14,36,7,57,58,6,64,121
11/01/2002,JEF,MO,ACE,CE,Federal Contract Tower,0,8,20,1,29,0,0,73,16,89,0,8,93,17,118,66,38,104,222
11/02/2002,JEF,MO,ACE,CE,Federal Contract Tower,0,3,5,2,10,0,0,17,14,31,0,3,22,16,41,54,34,88,129
11/03/2002,JEF,MO,ACE,CE,Federal Contract Tower,0,0,11,1,12,0,0,0,0,0,0,0,11,1,12,0,0,0,12
11/04/2002,JEF,MO,ACE,CE,Federal Contract Tower,0,3,40,3,46,0,0,4,12,16,0,3,44,15,62,26,0,26,88
11/05/2002,JEF,MO,ACE,CE,Federal Contract Tower,0,9,27,3,39,0,0,22,7,29,0,9,49,10,68,0,22,22,90
11/06/2002,JEF,MO,ACE,CE,Federal Contract Tower,0,20,19,3,42,0,0,60,4,64,0,20,79,7,106,46,16,62,168
11/07/2002,JEF,MO,ACE,CE,Federal Contract Tower,0,8,17,5,30,0,0,53,6,59,0,8,70,11,89,66,16,82,171
11/08/2002,JEF,MO,ACE,CE,Federal Contract Tower,0,16,16,0,32,0,0,33,6,39,0,16,49,6,71,18,8,26,97
11/09/2002,JEF,MO,ACE,CE,Federal Contract Tower,0,0,7,2,9,0,0,2,2,4,0,0,9,4,13,0,0,0,13
11/10/2002,JEF,MO,ACE,CE,Federal Contract Tower,0,0,9,4,13,0,0,36,1,37,0,0,45,5,50,20,0,20,70
11/11/2002,JEF,MO,ACE,CE,Federal Contract Tower,0,9,5,0,14,0,0,50,3,53,0,9,55,3,67,40,20,60,127
11/12/2002,JEF,MO,ACE,CE,Federal Contract Tower,0,4,32,3,39,0,0,69,12,81,0,4,101,15,120,64,28,92,212
11/13/2002,JEF,MO,ACE,CE,Federal Contract Tower,0,8,22,3,33,0,0,44,4,48,0,8,66,7,81,78,22,100,181
11/14/2002,JEF,MO,ACE,CE,Federal Contract Tower,0,17,25,1,43,0,0,35,5,40,0,17,60,6,83,68,18,86,169
11/15/2002,JEF,MO,ACE,CE,Federal Contract Tower,0,4,25,4,33,0,0,17,4,21,0,4,42,8,54,14,18,32,86
11/16/2002,JEF,MO,ACE,CE,Federal Contract Tower,0,0,3,4,7,0,0,27,3,30,0,0,30,7,37,216,0,216,253
11/17/2002,JEF,MO,ACE,CE,Federal Contract Tower,0,4,16,2,22,0,0,32,0,32,0,4,48,2,54,46,0,46,100
11/18/2002,JEF,MO,ACE,CE,Federal Contract Tower,0,10,20,5,35,0,0,41,3,44,0,10,61,8,79,82,44,126,205
11/19/2002,JEF,MO,ACE,CE,Federal Contract Tower,0,12,10,0,22,0,0,48,9,57,0,12,58,9,79,72,112,184,263
11/20/2002,JEF,MO,ACE,CE,Federal Contract Tower,0,14,15,1,30,0,0,66,17,83,0,14,81,18,113,66,4,70,183
11/21/2002,JEF,MO,ACE,CE,Federal Contract Tower,0,4,18,2,24,0,0,20,5,25,0,4,38,7,49,0,0,0,49
11/22/2002,JEF,MO,ACE,CE,Federal Contract Tower,0,4,10,5,19,0,0,40,3,43,0,4,50,8,62,56,8,64,126
11/23/2002,JEF,MO,ACE,CE,Federal Contract Tower,0,0,5,0,5,0,0,31,0,31,0,0,36,0,36,18,0,18,54
11/24/2002,JEF,MO,ACE,CE,Federal Contract Tower,0,1,2,0,3,0,0,28,2,30,0,1,30,2,33,0,0,0,33
11/25/2002,JEF,MO,ACE,CE,Federal Contract Tower,0,3,13,4,20,0,0,24,14,38,0,3,37,18,58,36,6,42,100
11/26/2002,JEF,MO,ACE,CE,Federal Contract Tower,0,10,13,0,23,0,0,32,30,62,0,10,45,30,85,36,82,118,203
11/27/2002,JEF,MO,ACE,CE,Federal Contract Tower,0,2,12,0,14,0,0,23,2,25,0,2,35,2,39,25,0,25,64
11/28/2002,JEF,MO,ACE,CE,Federal Contract Tower,0,2,2,0,4,0,0,20,0,20,0,2,22,0,24,0,0,0,24
11/29/2002,JEF,MO,ACE,CE,Federal Contract Tower,0,3,4,0,7,0,0,27,0,27,0,3,31,0,34,22,0,22,56
11/30/2002,JEF,MO,ACE,CE,Federal Contract Tower,0,0,3,0,3,0,0,22,0,22,0,0,25,0,25,18,0,18,43
12/01/2002,JEF,MO,ACE,CE,Federal Contract Tower,0,2,8,2,12,0,0,26,0,26,0,2,34,2,38,12,0,12,50
12/02/2002,JEF,MO,ACE,CE,Federal Contract Tower,0,6,6,2,14,0,0,40,2,42,0,6,46,4,56,76,0,76,132
12/03/2002,JEF,MO,ACE,CE,Federal Contract Tower,0,1,24,2,27,0,1,13,0,14,0,2,37,2,41,6,8,14,55
12/04/2002,JEF,MO,ACE,CE,Federal Contract Tower,0,0,17,0,17,0,0,0,0,0,0,0,17,0,17,0,0,0,17
12/05/2002,JEF,MO,ACE,CE,Federal Contract Tower,0,6,14,2,22,0,0,32,11,43,0,6,46,13,65,14,2,16,81
12/06/2002,JEF,MO,ACE,CE,Federal Contract Tower,0,2,13,2,17,0,0,28,9,37,0,2,41,11,54,6,0,6,60
12/07/2002,JEF,MO,ACE,CE,Federal Contract Tower,0,2,1,1,4,0,0,26,11,37,0,2,27,12,41,90,0,90,131
12/08/2002,JEF,MO,ACE,CE,Federal Contract Tower,0,0,2,0,2,0,0,28,5,33,0,0,30,5,35,98,0,98,133
12/09/2002,JEF,MO,ACE,CE,Federal Contract Tower,0,0,19,4,23,0,1,28,0,29,0,1,47,4,52,4,57,61,113
12/10/2002,JEF,MO,ACE,CE,Federal Contract Tower,0,0,29,0,29,0,2,29,5,36,0,2,58,5,65,54,18,72,137
12/11/2002,JEF,MO,ACE,CE,Federal Contract Tower,0,6,15,1,22,0,0,17,4,21,0,6,32,5,43,34,2,36,79
12/12/2002,JEF,MO,ACE,CE,Federal Contract Tower,0,9,28,3,40,0,0,31,2,33,0,9,59,5,73,12,0,12,85
12/13/2002,JEF,MO,ACE,CE,Federal Contract Tower,0,12,13,5,30,0,0,21,3,24,0,12,34,8,54,26,22,48,102
12/14/2002,JEF,MO,ACE,CE,Federal Contract Tower,0,0,10,0,10,0,0,38,0,38,0,0,48,0,48,44,0,44,92
12/15/2002,JEF,MO,ACE,CE,Federal Contract Tower,0,2,16,4,22,0,0,29,0,29,0,2,45,4,51,42,0,42,93
12/16/2002,JEF,MO,ACE,CE,Federal Contract Tower,0,1,19,0,20,0,0,30,19,49,0,1,49,19,69,50,8,58,127
12/17/2002,JEF,MO,ACE,CE,Federal Contract Tower,0,8,10,6,24,0,0,11,2,13,0,8,21,8,37,0,28,28,65
12/18/2002,JEF,MO,ACE,CE,Federal Contract Tower,0,2,23,1,26,0,0,17,0,17,0,2,40,1,43,22,0,22,65
12/19/2002,JEF,MO,ACE,CE,Federal Contract Tower,0,19,31,1,51,0,0,57,14,71,0,19,88,15,122,12,14,26,148
12/20/2002,JEF,MO,ACE,CE,Federal Contract Tower,0,12,16,2,30,0,0,68,13,81,0,12,84,15,111,16,4,20,131
12/21/2002,JEF,MO,ACE,CE,Federal Contract Tower,0,0,9,2,11,0,0,11,0,11,0,0,20,2,22,20,0,20,42
12/22/2002,JEF,MO,ACE,CE,Federal Contract Tower,0,0,1,0,1,0,0,15,0,15,0,0,16,0,16,46,0,46,62
12/23/2002,JEF,MO,ACE,CE,Federal Contract Tower,0,8,13,0,21,0,0,58,0,58,0,8,71,0,79,94,0,94,173
12/24/2002,JEF,MO,ACE,CE,Federal Contract Tower,0,0,0,0,0,0,0,0,0,0,0,0,0,0,0,0,0,0,0
12/25/2002,JEF,MO,ACE,CE,Federal Contract Tower,0,1,3,0,4,0,0,4,0,4,0,1,7,0,8,0,0,0,8
12/26/2002,JEF,MO,ACE,CE,Federal Contract Tower,0,0,11,0,11,0,0,29,2,31,0,0,40,2,42,22,34,56,98
12/27/2002,JEF,MO,ACE,CE,Federal Contract Tower,0,0,6,0,6,0,0,20,0,20,0,0,26,0,26,14,0,14,40
12/28/2002,JEF,MO,ACE,CE,Federal Contract Tower,0,0,8,0,8,0,1,9,0,10,0,1,17,0,18,0,0,0,18
12/29/2002,JEF,MO,ACE,CE,Federal Contract Tower,0,3,4,0,7,0,0,27,0,27,0,3,31,0,34,14,0,14,48
12/30/2002,JEF,MO,ACE,CE,Federal Contract Tower,0,3,13,0,16,0,0,12,4,16,0,3,25,4,32,16,4,20,52
12/31/2002,JEF,MO,ACE,CE,Federal Contract Tower,0,1,5,0,6,0,0,36,2,38,0,1,41,2,44,58,0,58,102
01/01/2003,JEF,MO,ACE,CE,Federal Contract Tower,0,0,1,0,1,0,0,19,0,19,0,0,20,0,20,18,0,18,38
01/02/2003,JEF,MO,ACE,CE,Federal Contract Tower,0,0,6,0,6,0,0,0,0,0,0,0,6,0,6,0,0,0,6
01/03/2003,JEF,MO,ACE,CE,Federal Contract Tower,0,0,14,0,14,0,0,10,1,11,0,0,24,1,25,18,4,22,47
01/04/2003,JEF,MO,ACE,CE,Federal Contract Tower,0,0,8,0,8,0,0,35,0,35,0,0,43,0,43,32,0,32,75
01/05/2003,JEF,MO,ACE,CE,Federal Contract Tower,0,4,2,0,6,0,0,16,8,24,0,4,18,8,30,64,16,80,110
01/06/2003,JEF,MO,ACE,CE,Federal Contract Tower,0,3,25,1,29,0,0,20,1,21,0,3,45,2,50,34,8,42,92
01/07/2003,JEF,MO,ACE,CE,Federal Contract Tower,0,4,9,3,16,0,0,38,24,62,0,4,47,27,78,58,20,78,156
01/08/2003,JEF,MO,ACE,CE,Federal Contract Tower,0,0,27,0,27,0,0,53,7,60,0,0,80,7,87,48,34,82,169
01/09/2003,JEF,MO,ACE,CE,Federal Contract Tower,0,0,18,2,20,0,0,37,6,43,0,0,55,8,63,22,20,42,105
01/10/2003,JEF,MO,ACE,CE,Federal Contract Tower,0,4,14,1,19,0,0,30,14,44,0,4,44,15,63,66,50,116,179
01/11/2003,JEF,MO,ACE,CE,Federal Contract Tower,0,2,2,4,8,0,0,38,24,62,0,2,40,28,70,54,46,100,170
01/12/2003,JEF,MO,ACE,CE,Federal Contract Tower,0,0,3,2,5,0,0,49,8,57,0,0,52,10,62,46,54,100,162
01/13/2003,JEF,MO,ACE,CE,Federal Contract Tower,0,3,20,2,25,0,0,50,3,53,0,3,70,5,78,64,22,86,164
01/14/2003,JEF,MO,ACE,CE,Federal Contract Tower,0,0,8,0,8,0,2,9,0,11,0,2,17,0,19,12,4,16,35
01/15/2003,JEF,MO,ACE,CE,Federal Contract Tower,0,0,21,1,22,0,0,14,13,27,0,0,35,14,49,20,60,80,129
01/16/2003,JEF,MO,ACE,CE,Federal Contract Tower,0,5,9,2,16,0,0,1,0,1,0,5,10,2,17,0,0,0,17
01/17/2003,JEF,MO,ACE,CE,Federal Contract Tower,0,1,14,4,19,0,0,22,7,29,0,1,36,11,48,18,16,34,82
01/18/2003,JEF,MO,ACE,CE,Federal Contract Tower,0,0,5,1,6,0,0,13,0,13,0,0,18,1,19,26,4,30,49
01/19/2003,JEF,MO,ACE,CE,Federal Contract Tower,0,0,2,0,2,0,0,19,1,20,0,0,21,1,22,32,0,32,54
01/20/2003,JEF,MO,ACE,CE,Federal Contract Tower,0,1,11,0,12,0,0,28,0,28,0,1,39,0,40,8,0,8,48
01/21/2003,JEF,MO,ACE,CE,Federal Contract Tower,0,1,16,4,21,0,0,23,2,25,0,1,39,6,46,12,8,20,66
01/22/2003,JEF,MO,ACE,CE,Federal Contract Tower,0,16,12,2,30,0,0,2,0,2,0,16,14,2,32,6,0,6,38
01/23/2003,JEF,MO,ACE,CE,Federal Contract Tower,0,13,15,0,28,0,0,17,11,28,0,13,32,11,56,6,32,38,94
01/24/2003,JEF,MO,ACE,CE,Federal Contract Tower,0,3,19,5,27,0,0,28,4,32,0,3,47,9,59,4,16,20,79
01/25/2003,JEF,MO,ACE,CE,Federal Contract Tower,0,2,10,1,13,0,0,36,3,39,0,2,46,4,52,40,0,40,92
01/26/2003,JEF,MO,ACE,CE,Federal Contract Tower,0,0,6,2,8,0,0,17,0,17,0,0,23,2,25,14,0,14,39
01/27/2003,JEF,MO,ACE,CE,Federal Contract Tower,0,0,27,2,29,0,5,36,1,42,0,5,63,3,71,14,16,30,101
01/28/2003,JEF,MO,ACE,CE,Federal Contract Tower,0,12,14,2,28,0,0,7,14,21,0,12,21,16,49,46,84,130,179
01/29/2003,JEF,MO,ACE,CE,Federal Contract Tower,0,16,20,1,37,0,0,21,10,31,0,16,41,11,68,56,12,68,136
01/30/2003,JEF,MO,ACE,CE,Federal Contract Tower,0,2,25,1,28,0,0,11,4,15,0,2,36,5,43,10,0,10,53
01/31/2003,JEF,MO,ACE,CE,Federal Contract Tower,0,3,24,0,27,0,0,16,3,19,0,3,40,3,46,4,18,22,68
02/01/2003,JEF,MO,ACE,CE,Federal Contract Tower,0,0,5,4,9,0,0,42,7,49,0,0,47,11,58,26,6,32,90
02/02/2003,JEF,MO,ACE,CE,Federal Contract Tower,0,0,13,1,14,0,0,27,5,32,0,0,40,6,46,56,0,56,102
02/03/2003,JEF,MO,ACE,CE,Federal Contract Tower,0,8,13,2,23,0,0,0,0,0,0,8,13,2,23,12,0,12,35
02/04/2003,JEF,MO,ACE,CE,Federal Contract Tower,0,7,12,2,21,0,0,26,19,45,0,7,38,21,66,18,84,102,168
02/05/2003,JEF,MO,ACE,CE,Federal Contract Tower,0,6,20,1,27,0,0,45,3,48,0,6,65,4,75,52,0,52,127
02/06/2003,JEF,MO,ACE,CE,Federal Contract Tower,0,4,21,1,26,0,0,5,0,5,0,4,26,1,31,0,0,0,31
02/07/2003,JEF,MO,ACE,CE,Federal Contract Tower,0,0,22,3,25,0,0,34,5,39,0,0,56,8,64,16,56,72,136
02/08/2003,JEF,MO,ACE,CE,Federal Contract Tower,0,0,8,2,10,0,0,41,1,42,0,0,49,3,52,42,32,74,126
02/09/2003,JEF,MO,ACE,CE,Federal Contract Tower,0,4,2,4,10,0,0,34,4,38,0,4,36,8,48,42,12,54,102
02/10/2003,JEF,MO,ACE,CE,Federal Contract Tower,0,3,22,5,30,0,0,7,2,9,0,3,29,7,39,0,10,10,49
02/11/2003,JEF,MO,ACE,CE,Federal Contract Tower,0,6,13,1,20,0,0,34,12,46,0,6,47,13,66,6,10,16,82
02/12/2003,JEF,MO,ACE,CE,Federal Contract Tower,0,4,25,0,29,0,0,64,8,72,0,4,89,8,101,94,0,94,195
02/13/2003,JEF,MO,ACE,CE,Federal Contract Tower,0,0,23,1,24,0,0,45,1,46,0,0,68,2,70,104,54,158,228
02/14/2003,JEF,MO,ACE,CE,Federal Contract Tower,0,2,13,2,17,0,0,0,1,1,0,2,13,3,18,0,0,0,18
02/15/2003,JEF,MO,ACE,CE,Federal Contract Tower,0,0,4,0,4,0,0,0,0,0,0,0,4,0,4,0,0,0,4
02/16/2003,JEF,MO,ACE,CE,Federal Contract Tower,0,0,2,0,2,0,0,0,0,0,0,0,2,0,2,0,0,0,2
02/17/2003,JEF,MO,ACE,CE,Federal Contract Tower,0,11,15,2,28,0,0,1,0,1,0,11,16,2,29,0,0,0,29
02/18/2003,JEF,MO,ACE,CE,Federal Contract Tower,0,3,32,6,41,0,0,15,5,20,0,3,47,11,61,22,16,38,99
02/19/2003,JEF,MO,ACE,CE,Federal Contract Tower,0,8,20,0,28,0,0,29,2,31,0,8,49,2,59,110,0,110,169
02/20/2003,JEF,MO,ACE,CE,Federal Contract Tower,0,7,22,0,29,0,0,59,9,68,0,7,81,9,97,68,4,72,169
02/21/2003,JEF,MO,ACE,CE,Federal Contract Tower,0,0,19,6,25,0,0,2,11,13,0,0,21,17,38,22,26,48,86
02/22/2003,JEF,MO,ACE,CE,Federal Contract Tower,0,0,6,4,10,0,0,1,3,4,0,0,7,7,14,18,14,32,46
02/23/2003,JEF,MO,ACE,CE,Federal Contract Tower,0,0,9,0,9,0,0,4,0,4,0,0,13,0,13,0,0,0,13
02/24/2003,JEF,MO,ACE,CE,Federal Contract Tower,0,2,9,3,14,0,0,27,8,35,0,2,36,11,49,22,4,26,75
02/25/2003,JEF,MO,ACE,CE,Federal Contract Tower,0,5,14,0,19,0,0,45,6,51,0,5,59,6,70,26,0,26,96
02/26/2003,JEF,MO,ACE,CE,Federal Contract Tower,0,4,11,1,16,0,0,19,0,19,0,4,30,1,35,66,0,66,101
02/27/2003,JEF,MO,ACE,CE,Federal Contract Tower,0,0,27,0,27,0,0,8,0,8,0,0,35,0,35,0,0,0,35
02/28/2003,JEF,MO,ACE,CE,Federal Contract Tower,0,0,19,6,25,0,0,8,1,9,0,0,27,7,34,26,68,94,128
03/01/2003,JEF,MO,ACE,CE,Federal Contract Tower,0,0,6,6,12,0,0,2,1,3,0,0,8,7,15,24,16,40,55
03/02/2003,JEF,MO,ACE,CE,Federal Contract Tower,0,0,16,3,19,0,0,20,7,27,0,0,36,10,46,36,12,48,94
03/03/2003,JEF,MO,ACE,CE,Federal Contract Tower,0,7,13,3,23,0,0,61,11,72,0,7,74,14,95,42,18,60,155
03/04/2003,JEF,MO,ACE,CE,Federal Contract Tower,0,13,16,1,30,0,0,47,8,55,0,13,63,9,85,16,24,40,125
03/05/2003,JEF,MO,ACE,CE,Federal Contract Tower,0,4,12,3,19,0,0,12,6,18,0,4,24,9,37,24,0,24,61
03/06/2003,JEF,MO,ACE,CE,Federal Contract Tower,0,0,46,5,51,0,0,14,9,23,0,0,60,14,74,16,28,44,118
03/07/2003,JEF,MO,ACE,CE,Federal Contract Tower,0,4,27,0,31,0,0,38,3,41,0,4,65,3,72,70,12,82,154
03/08/2003,JEF,MO,ACE,CE,Federal Contract Tower,0,0,8,0,8,0,0,32,0,32,0,0,40,0,40,50,0,50,90
03/09/2003,JEF,MO,ACE,CE,Federal Contract Tower,0,2,6,0,8,0,0,25,4,29,0,2,31,4,37,16,12,28,65
03/10/2003,JEF,MO,ACE,CE,Federal Contract Tower,0,0,13,0,13,0,0,37,8,45,0,0,50,8,58,10,2,12,70
03/11/2003,JEF,MO,ACE,CE,Federal Contract Tower,0,0,22,1,23,0,0,31,7,38,0,0,53,8,61,28,10,38,99
03/12/2003,JEF,MO,ACE,CE,Federal Contract Tower,0,0,27,4,31,0,0,20,12,32,0,0,47,16,63,40,4,44,107
03/13/2003,JEF,MO,ACE,CE,Federal Contract Tower,0,2,19,2,23,0,0,0,0,0,0,2,19,2,23,4,0,4,27
03/14/2003,JEF,MO,ACE,CE,Federal Contract Tower,0,0,26,2,28,0,0,8,0,8,0,0,34,2,36,28,0,28,64
03/15/2003,JEF,MO,ACE,CE,Federal Contract Tower,0,3,9,0,12,0,0,47,3,50,0,3,56,3,62,88,0,88,150
03/16/2003,JEF,MO,ACE,CE,Federal Contract Tower,0,0,8,0,8,0,0,36,8,44,0,0,44,8,52,104,8,112,164
03/17/2003,JEF,MO,ACE,CE,Federal Contract Tower,0,6,12,0,18,0,0,48,15,63,0,6,60,15,81,20,16,36,117
03/18/2003,JEF,MO,ACE,CE,Federal Contract Tower,0,0,18,1,19,0,0,7,6,13,0,0,25,7,32,18,10,28,60
03/19/2003,JEF,MO,ACE,CE,Federal Contract Tower,0,2,19,2,23,0,0,7,0,7,0,2,26,2,30,0,2,2,32
03/20/2003,JEF,MO,ACE,CE,Federal Contract Tower,0,2,20,1,23,0,2,0,3,5,0,4,20,4,28,0,34,34,62
03/21/2003,JEF,MO,ACE,CE,Federal Contract Tower,0,6,22,2,30,0,0,32,6,38,0,6,54,8,68,46,6,52,120
03/22/2003,JEF,MO,ACE,CE,Federal Contract Tower,0,6,9,0,15,0,0,50,6,56,0,6,59,6,71,34,30,64,135
03/23/2003,JEF,MO,ACE,CE,Federal Contract Tower,0,0,5,0,5,0,0,77,0,77,0,0,82,0,82,42,0,42,124
03/24/2003,JEF,MO,ACE,CE,Federal Contract Tower,0,0,13,3,16,0,0,47,11,58,0,0,60,14,74,0,14,14,88
03/25/2003,JEF,MO,ACE,CE,Federal Contract Tower,0,0,8,3,11,0,0,6,4,10,0,0,14,7,21,6,12,18,39
03/26/2003,JEF,MO,ACE,CE,Federal Contract Tower,0,4,15,0,19,0,0,18,3,21,0,4,33,3,40,10,10,20,60
03/27/2003,JEF,MO,ACE,CE,Federal Contract Tower,0,0,11,1,12,0,0,12,9,21,0,0,23,10,33,6,24,30,63
03/28/2003,JEF,MO,ACE,CE,Federal Contract Tower,0,0,13,2,15,0,0,6,0,6,0,0,19,2,21,0,0,0,21
03/29/2003,JEF,MO,ACE,CE,Federal Contract Tower,0,0,1,0,1,0,0,14,1,15,0,0,15,1,16,0,0,0,16
03/30/2003,JEF,MO,ACE,CE,Federal Contract Tower,0,0,2,0,2,0,0,34,2,36,0,0,36,2,38,76,0,76,114
03/31/2003,JEF,MO,ACE,CE,Federal Contract Tower,0,0,30,2,32,0,0,29,26,55,0,0,59,28,87,32,0,32,119
04/01/2003,JEF,MO,ACE,CE,Federal Contract Tower,0,3,19,0,22,0,0,8,6,14,0,3,27,6,36,14,28,42,78
04/02/2003,JEF,MO,ACE,CE,Federal Contract Tower,0,9,15,0,24,0,0,51,7,58,0,9,66,7,82,14,8,22,104
04/03/2003,JEF,MO,ACE,CE,Federal Contract Tower,0,10,23,0,33,0,0,54,5,59,0,10,77,5,92,14,0,14,106
04/04/2003,JEF,MO,ACE,CE,Federal Contract Tower,0,0,26,2,28,0,0,15,4,19,0,0,41,6,47,36,24,60,107
04/05/2003,JEF,MO,ACE,CE,Federal Contract Tower,0,2,4,0,6,0,0,48,3,51,0,2,52,3,57,30,0,30,87
04/06/2003,JEF,MO,ACE,CE,Federal Contract Tower,0,0,6,3,9,0,0,2,0,2,0,0,8,3,11,0,0,0,11
04/07/2003,JEF,MO,ACE,CE,Federal Contract Tower,0,2,36,0,38,0,0,12,5,17,0,2,48,5,55,58,6,64,119
04/08/2003,JEF,MO,ACE,CE,Federal Contract Tower,0,9,15,2,26,0,0,24,3,27,0,9,39,5,53,0,30,30,83
04/09/2003,JEF,MO,ACE,CE,Federal Contract Tower,0,10,17,1,28,0,0,61,6,67,0,10,78,7,95,82,0,82,177
04/10/2003,JEF,MO,ACE,CE,Federal Contract Tower,0,7,19,3,29,0,2,55,5,62,0,9,74,8,91,52,8,60,151
04/11/2003,JEF,MO,ACE,CE,Federal Contract Tower,0,0,18,0,18,0,2,63,4,69,0,2,81,4,87,26,12,38,125
04/12/2003,JEF,MO,ACE,CE,Federal Contract Tower,0,0,8,2,10,0,0,38,5,43,0,0,46,7,53,44,4,48,101
04/13/2003,JEF,MO,ACE,CE,Federal Contract Tower,0,0,4,0,4,0,0,49,0,49,0,0,53,0,53,38,0,38,91
04/14/2003,JEF,MO,ACE,CE,Federal Contract Tower,0,4,20,1,25,0,0,53,38,91,0,4,73,39,116,34,12,46,162
04/15/2003,JEF,MO,ACE,CE,Federal Contract Tower,0,10,19,4,33,0,0,23,4,27,0,10,42,8,60,2,8,10,70
04/16/2003,JEF,MO,ACE,CE,Federal Contract Tower,0,3,26,3,32,0,0,20,9,29,0,3,46,12,61,8,32,40,101
04/17/2003,JEF,MO,ACE,CE,Federal Contract Tower,0,6,44,2,52,0,0,11,22,33,0,6,55,24,85,4,8,12,97
04/18/2003,JEF,MO,ACE,CE,Federal Contract Tower,0,0,21,1,22,0,0,10,1,11,0,0,31,2,33,12,32,44,77
04/19/2003,JEF,MO,ACE,CE,Federal Contract Tower,0,1,0,0,1,0,0,11,2,13,0,1,11,2,14,0,0,0,14
04/20/2003,JEF,MO,ACE,CE,Federal Contract Tower,0,1,0,0,1,0,0,13,0,13,0,1,13,0,14,0,0,0,14
04/21/2003,JEF,MO,ACE,CE,Federal Contract Tower,0,12,9,1,22,0,0,40,10,50,0,12,49,11,72,28,22,50,122
04/22/2003,JEF,MO,ACE,CE,Federal Contract Tower,0,12,21,2,35,0,0,58,11,69,0,12,79,13,104,50,20,70,174
04/23/2003,JEF,MO,ACE,CE,Federal Contract Tower,0,2,19,3,24,0,0,58,9,67,0,2,77,12,91,46,38,84,175
04/24/2003,JEF,MO,ACE,CE,Federal Contract Tower,0,2,26,3,31,0,0,0,0,0,0,2,26,3,31,18,50,68,99
04/25/2003,JEF,MO,ACE,CE,Federal Contract Tower,0,0,27,5,32,0,2,6,14,22,0,2,33,19,54,0,40,40,94
04/26/2003,JEF,MO,ACE,CE,Federal Contract Tower,0,4,9,4,17,0,0,67,1,68,0,4,76,5,85,18,14,32,117
04/27/2003,JEF,MO,ACE,CE,Federal Contract Tower,0,0,5,2,7,0,0,42,6,48,0,0,47,8,55,8,0,8,63
04/28/2003,JEF,MO,ACE,CE,Federal Contract Tower,0,0,22,1,23,0,0,18,6,24,0,0,40,7,47,6,0,6,53
04/29/2003,JEF,MO,ACE,CE,Federal Contract Tower,0,6,21,6,33,0,0,38,9,47,0,6,59,15,80,70,20,90,170
04/30/2003,JEF,MO,ACE,CE,Federal Contract Tower,0,1,22,2,25,0,0,22,7,29,0,1,44,9,54,112,12,124,178
05/01/2003,JEF,MO,ACE,CE,Federal Contract Tower,0,1,31,2,34,0,1,7,7,15,0,2,38,9,49,44,64,108,157
05/02/2003,JEF,MO,ACE,CE,Federal Contract Tower,0,8,35,0,43,0,0,32,24,56,0,8,67,24,99,6,88,94,193
05/03/2003,JEF,MO,ACE,CE,Federal Contract Tower,0,0,17,0,17,0,0,36,8,44,0,0,53,8,61,30,14,44,105
05/04/2003,JEF,MO,ACE,CE,Federal Contract Tower,0,0,1,0,1,0,0,4,4,8,0,0,5,4,9,14,0,14,23
05/05/2003,JEF,MO,ACE,CE,Federal Contract Tower,0,4,15,0,19,0,0,48,15,63,0,4,63,15,82,80,8,88,170
05/06/2003,JEF,MO,ACE,CE,Federal Contract Tower,0,4,21,2,27,0,2,13,5,20,0,6,34,7,47,10,0,10,57
05/07/2003,JEF,MO,ACE,CE,Federal Contract Tower,0,0,24,6,30,0,0,18,8,26,0,0,42,14,56,144,50,194,250
05/08/2003,JEF,MO,ACE,CE,Federal Contract Tower,0,8,6,1,15,0,0,24,5,29,0,8,30,6,44,32,28,60,104
05/09/2003,JEF,MO,ACE,CE,Federal Contract Tower,0,0,16,2,18,0,0,29,9,38,0,0,45,11,56,6,8,14,70
05/10/2003,JEF,MO,ACE,CE,Federal Contract Tower,0,0,6,2,8,0,0,10,0,10,0,0,16,2,18,4,0,4,22
05/11/2003,JEF,MO,ACE,CE,Federal Contract Tower,0,2,3,0,5,0,0,9,0,9,0,2,12,0,14,22,0,22,36
05/12/2003,JEF,MO,ACE,CE,Federal Contract Tower,0,0,32,1,33,0,0,30,11,41,0,0,62,12,74,52,0,52,126
05/13/2003,JEF,MO,ACE,CE,Federal Contract Tower,0,0,27,0,27,0,0,59,6,65,0,0,86,6,92,52,0,52,144
05/14/2003,JEF,MO,ACE,CE,Federal Contract Tower,0,0,28,3,31,0,0,38,14,52,0,0,66,17,83,66,0,66,149
05/15/2003,JEF,MO,ACE,CE,Federal Contract Tower,0,0,28,2,30,0,0,66,9,75,0,0,94,11,105,26,12,38,143
05/16/2003,JEF,MO,ACE,CE,Federal Contract Tower,0,2,27,4,33,0,0,17,7,24,0,2,44,11,57,140,50,190,247
05/17/2003,JEF,MO,ACE,CE,Federal Contract Tower,0,1,7,2,10,0,0,17,7,24,0,1,24,9,34,80,6,86,120
05/18/2003,JEF,MO,ACE,CE,Federal Contract Tower,0,1,12,0,13,0,0,4,0,4,0,1,16,0,17,16,0,16,33
05/19/2003,JEF,MO,ACE,CE,Federal Contract Tower,0,0,25,4,29,0,0,13,12,25,0,0,38,16,54,114,22,136,190
05/20/2003,JEF,MO,ACE,CE,Federal Contract Tower,0,1,31,5,37,0,1,36,13,50,0,2,67,18,87,100,28,128,215
05/21/2003,JEF,MO,ACE,CE,Federal Contract Tower,0,1,33,1,35,0,0,86,25,111,0,1,119,26,146,180,8,188,334
05/22/2003,JEF,MO,ACE,CE,Federal Contract Tower,0,6,15,0,21,0,0,75,12,87,0,6,90,12,108,100,4,104,212
05/23/2003,JEF,MO,ACE,CE,Federal Contract Tower,0,4,24,0,28,0,0,66,11,77,0,4,90,11,105,152,30,182,287
05/24/2003,JEF,MO,ACE,CE,Federal Contract Tower,0,0,10,1,11,0,1,37,15,53,0,1,47,16,64,46,0,46,110
05/25/2003,JEF,MO,ACE,CE,Federal Contract Tower,0,0,10,0,10,0,0,21,2,23,0,0,31,2,33,22,0,22,55
05/26/2003,JEF,MO,ACE,CE,Federal Contract Tower,0,1,18,0,19,0,12,65,2,79,0,13,83,2,98,88,4,92,190
05/27/2003,JEF,MO,ACE,CE,Federal Contract Tower,0,2,25,1,28,0,0,70,13,83,0,2,95,14,111,32,24,56,167
05/28/2003,JEF,MO,ACE,CE,Federal Contract Tower,0,4,27,1,32,0,0,54,8,62,0,4,81,9,94,22,10,32,126
05/29/2003,JEF,MO,ACE,CE,Federal Contract Tower,0,4,25,1,30,0,0,41,15,56,0,4,66,16,86,48,6,54,140
05/30/2003,JEF,MO,ACE,CE,Federal Contract Tower,0,0,21,1,22,0,0,29,11,40,0,0,50,12,62,20,12,32,94
05/31/2003,JEF,MO,ACE,CE,Federal Contract Tower,0,1,15,0,16,0,1,29,0,30,0,2,44,0,46,6,0,6,52
06/01/2003,JEF,MO,ACE,CE,Federal Contract Tower,0,0,4,1,5,0,0,34,1,35,0,0,38,2,40,26,0,26,66
06/02/2003,JEF,MO,ACE,CE,Federal Contract Tower,0,0,26,2,28,0,0,0,0,0,0,0,26,2,28,10,0,10,38
06/03/2003,JEF,MO,ACE,CE,Federal Contract Tower,0,0,25,4,29,0,0,35,4,39,0,0,60,8,68,44,10,54,122
06/04/2003,JEF,MO,ACE,CE,Federal Contract Tower,0,0,17,0,17,0,0,45,10,55,0,0,62,10,72,70,12,82,154
06/05/2003,JEF,MO,ACE,CE,Federal Contract Tower,0,0,19,2,21,0,0,45,6,51,0,0,64,8,72,122,78,200,272
06/06/2003,JEF,MO,ACE,CE,Federal Contract Tower,0,0,27,4,31,0,0,16,6,22,0,0,43,10,53,16,52,68,121
06/07/2003,JEF,MO,ACE,CE,Federal Contract Tower,0,4,4,1,9,0,0,50,6,56,0,4,54,7,65,60,4,64,129
06/08/2003,JEF,MO,ACE,CE,Federal Contract Tower,0,0,1,0,1,0,0,29,5,34,0,0,30,5,35,4,4,8,43
06/09/2003,JEF,MO,ACE,CE,Federal Contract Tower,0,1,19,4,24,0,0,47,13,60,0,1,66,17,84,48,12,60,144
06/10/2003,JEF,MO,ACE,CE,Federal Contract Tower,0,4,13,4,21,0,0,31,3,34,0,4,44,7,55,86,0,86,141
06/11/2003,JEF,MO,ACE,CE,Federal Contract Tower,0,4,20,1,25,0,0,28,14,42,0,4,48,15,67,116,52,168,235
06/12/2003,JEF,MO,ACE,CE,Federal Contract Tower,0,5,16,7,28,0,0,30,13,43,0,5,46,20,71,176,26,202,273
06/13/2003,JEF,MO,ACE,CE,Federal Contract Tower,0,4,20,7,31,0,0,52,10,62,0,4,72,17,93,64,4,68,161
06/14/2003,JEF,MO,ACE,CE,Federal Contract Tower,0,3,10,1,14,0,0,65,2,67,0,3,75,3,81,78,0,78,159
06/15/2003,JEF,MO,ACE,CE,Federal Contract Tower,0,2,9,0,11,0,0,51,0,51,0,2,60,0,62,32,0,32,94
06/16/2003,JEF,MO,ACE,CE,Federal Contract Tower,0,2,21,2,25,0,0,57,10,67,0,2,78,12,92,112,4,116,208
06/17/2003,JEF,MO,ACE,CE,Federal Contract Tower,0,9,10,0,19,0,0,62,8,70,0,9,72,8,89,90,0,90,179
06/18/2003,JEF,MO,ACE,CE,Federal Contract Tower,0,1,12,1,14,0,0,46,9,55,0,1,58,10,69,94,10,104,173
06/19/2003,JEF,MO,ACE,CE,Federal Contract Tower,0,0,28,2,30,0,0,34,9,43,0,0,62,11,73,46,36,82,155
06/20/2003,JEF,MO,ACE,CE,Federal Contract Tower,0,0,29,2,31,0,0,61,10,71,0,0,90,12,102,82,28,110,212
06/21/2003,JEF,MO,ACE,CE,Federal Contract Tower,0,0,12,2,14,0,0,24,0,24,0,0,36,2,38,68,0,68,106
06/22/2003,JEF,MO,ACE,CE,Federal Contract Tower,0,2,6,0,8,0,0,32,0,32,0,2,38,0,40,58,0,58,98
06/23/2003,JEF,MO,ACE,CE,Federal Contract Tower,0,3,12,3,18,0,0,40,9,49,0,3,52,12,67,86,2,88,155
06/24/2003,JEF,MO,ACE,CE,Federal Contract Tower,0,7,8,2,17,0,0,62,3,65,0,7,70,5,82,56,6,62,144
06/25/2003,JEF,MO,ACE,CE,Federal Contract Tower,0,1,25,3,29,0,3,40,4,47,0,4,65,7,76,86,14,100,176
06/26/2003,JEF,MO,ACE,CE,Federal Contract Tower,0,0,25,1,26,0,0,26,1,27,0,0,51,2,53,168,0,168,221
06/27/2003,JEF,MO,ACE,CE,Federal Contract Tower,0,6,23,1,30,0,0,45,8,53,0,6,68,9,83,152,4,156,239
06/28/2003,JEF,MO,ACE,CE,Federal Contract Tower,0,2,8,4,14,0,0,30,18,48,0,2,38,22,62,26,42,68,130
06/29/2003,JEF,MO,ACE,CE,Federal Contract Tower,0,2,7,2,11,0,0,41,11,52,0,2,48,13,63,38,24,62,125
06/30/2003,JEF,MO,ACE,CE,Federal Contract Tower,0,6,11,0,17,0,0,31,1,32,0,6,42,1,49,74,0,74,123
07/01/2003,JEF,MO,ACE,CE,Federal Contract Tower,0,0,28,0,28,0,4,24,3,31,0,4,52,3,59,44,0,44,103
07/02/2003,JEF,MO,ACE,CE,Federal Contract Tower,0,2,28,0,30,0,0,33,3,36,0,2,61,3,66,162,0,162,228
07/03/2003,JEF,MO,ACE,CE,Federal Contract Tower,0,4,14,5,23,0,0,50,2,52,0,4,64,7,75,48,6,54,129
07/04/2003,JEF,MO,ACE,CE,Federal Contract Tower,0,0,6,0,6,0,0,48,16,64,0,0,54,16,70,140,20,160,230
07/05/2003,JEF,MO,ACE,CE,Federal Contract Tower,0,0,5,0,5,0,0,33,0,33,0,0,38,0,38,12,0,12,50
07/06/2003,JEF,MO,ACE,CE,Federal Contract Tower,0,2,4,0,6,0,0,31,0,31,0,2,35,0,37,22,0,22,59
07/07/2003,JEF,MO,ACE,CE,Federal Contract Tower,0,1,18,3,22,0,1,40,19,60,0,2,58,22,82,166,12,178,260
07/08/2003,JEF,MO,ACE,CE,Federal Contract Tower,0,1,18,0,19,0,4,88,20,112,0,5,106,20,131,130,14,144,275
07/09/2003,JEF,MO,ACE,CE,Federal Contract Tower,0,0,13,1,14,0,7,81,3,91,0,7,94,4,105,16,2,18,123
07/10/2003,JEF,MO,ACE,CE,Federal Contract Tower,0,2,32,3,37,0,0,30,16,46,0,2,62,19,83,174,24,198,281
07/11/2003,JEF,MO,ACE,CE,Federal Contract Tower,0,0,14,0,14,0,0,45,13,58,0,0,59,13,72,38,24,62,134
07/12/2003,JEF,MO,ACE,CE,Federal Contract Tower,0,0,14,2,16,0,0,31,0,31,0,0,45,2,47,26,0,26,73
07/13/2003,JEF,MO,ACE,CE,Federal Contract Tower,0,2,11,2,15,0,0,54,2,56,0,2,65,4,71,32,0,32,103
07/14/2003,JEF,MO,ACE,CE,Federal Contract Tower,0,5,8,2,15,0,1,44,9,54,0,6,52,11,69,106,0,106,175
07/15/2003,JEF,MO,ACE,CE,Federal Contract Tower,0,0,20,0,20,0,0,40,5,45,0,0,60,5,65,168,2,170,235
07/16/2003,JEF,MO,ACE,CE,Federal Contract Tower,0,0,16,3,19,0,0,51,7,58,0,0,67,10,77,142,10,152,229
07/17/2003,JEF,MO,ACE,CE,Federal Contract Tower,0,4,18,1,23,0,0,32,4,36,0,4,50,5,59,36,0,36,95
07/18/2003,JEF,MO,ACE,CE,Federal Contract Tower,0,4,22,3,29,0,0,24,16,40,0,4,46,19,69,46,8,54,123
07/19/2003,JEF,MO,ACE,CE,Federal Contract Tower,0,2,13,0,15,0,0,45,0,45,0,2,58,0,60,26,0,26,86
07/20/2003,JEF,MO,ACE,CE,Federal Contract Tower,0,0,8,0,8,0,0,36,0,36,0,0,44,0,44,22,0,22,66
07/21/2003,JEF,MO,ACE,CE,Federal Contract Tower,0,0,25,1,26,0,0,41,8,49,0,0,66,9,75,30,0,30,105
07/22/2003,JEF,MO,ACE,CE,Federal Contract Tower,0,0,18,5,23,0,0,38,1,39,0,0,56,6,62,36,8,44,106
07/23/2003,JEF,MO,ACE,CE,Federal Contract Tower,0,1,14,1,16,0,0,85,6,91,0,1,99,7,107,58,28,86,193
07/24/2003,JEF,MO,ACE,CE,Federal Contract Tower,0,6,17,1,24,0,0,50,5,55,0,6,67,6,79,46,6,52,131
07/25/2003,JEF,MO,ACE,CE,Federal Contract Tower,0,2,18,1,21,0,0,66,21,87,0,2,84,22,108,60,74,134,242
07/26/2003,JEF,MO,ACE,CE,Federal Contract Tower,0,0,12,0,12,0,0,40,4,44,0,0,52,4,56,22,4,26,82
07/27/2003,JEF,MO,ACE,CE,Federal Contract Tower,0,1,7,1,9,0,0,27,0,27,0,1,34,1,36,10,0,10,46
07/28/2003,JEF,MO,ACE,CE,Federal Contract Tower,0,0,20,0,20,0,0,16,9,25,0,0,36,9,45,10,38,48,93
07/29/2003,JEF,MO,ACE,CE,Federal Contract Tower,0,0,20,0,20,0,0,61,18,79,0,0,81,18,99,32,14,46,145
07/30/2003,JEF,MO,ACE,CE,Federal Contract Tower,0,7,17,2,26,0,0,69,13,82,0,7,86,15,108,90,2,92,200
07/31/2003,JEF,MO,ACE,CE,Federal Contract Tower,0,0,31,6,37,0,0,40,20,60,0,0,71,26,97,72,8,80,177
08/01/2003,JEF,MO,ACE,CE,Federal Contract Tower,0,1,24,2,27,0,1,36,9,46,0,2,60,11,73,32,34,66,139
08/02/2003,JEF,MO,ACE,CE,Federal Contract Tower,0,0,9,2,11,0,2,23,4,29,0,2,32,6,40,10,0,10,50
08/03/2003,JEF,MO,ACE,CE,Federal Contract Tower,0,0,11,2,13,0,0,28,4,32,0,0,39,6,45,14,0,14,59
08/04/2003,JEF,MO,ACE,CE,Federal Contract Tower,0,9,15,1,25,0,1,71,12,84,0,10,86,13,109,14,0,14,123
08/05/2003,JEF,MO,ACE,CE,Federal Contract Tower,0,0,9,1,10,0,0,35,13,48,0,0,44,14,58,30,4,34,92
08/06/2003,JEF,MO,ACE,CE,Federal Contract Tower,0,2,37,4,43,0,2,42,14,58,0,4,79,18,101,10,8,18,119
08/07/2003,JEF,MO,ACE,CE,Federal Contract Tower,0,2,21,0,23,0,0,52,12,64,0,2,73,12,87,28,0,28,115
08/08/2003,JEF,MO,ACE,CE,Federal Contract Tower,0,0,18,3,21,0,0,44,9,53,0,0,62,12,74,28,40,68,142
08/09/2003,JEF,MO,ACE,CE,Federal Contract Tower,0,2,6,1,9,0,0,44,1,45,0,2,50,2,54,12,0,12,66
08/10/2003,JEF,MO,ACE,CE,Federal Contract Tower,0,5,11,1,17,0,0,37,0,37,0,5,48,1,54,6,0,6,60
08/11/2003,JEF,MO,ACE,CE,Federal Contract Tower,0,5,16,6,27,0,0,26,5,31,0,5,42,11,58,12,0,12,70
08/12/2003,JEF,MO,ACE,CE,Federal Contract Tower,0,3,33,0,36,0,0,34,3,37,0,3,67,3,73,36,0,36,109
08/13/2003,JEF,MO,ACE,CE,Federal Contract Tower,0,0,31,1,32,0,0,64,4,68,0,0,95,5,100,0,0,0,100
08/14/2003,JEF,MO,ACE,CE,Federal Contract Tower,0,2,34,6,42,0,0,19,3,22,0,2,53,9,64,8,22,30,94
08/15/2003,JEF,MO,ACE,CE,Federal Contract Tower,0,0,26,3,29,0,0,66,8,74,0,0,92,11,103,46,32,78,181
08/16/2003,JEF,MO,ACE,CE,Federal Contract Tower,0,0,12,3,15,0,0,28,0,28,0,0,40,3,43,26,4,30,73
08/17/2003,JEF,MO,ACE,CE,Federal Contract Tower,0,2,9,2,13,0,0,40,0,40,0,2,49,2,53,6,0,6,59
08/18/2003,JEF,MO,ACE,CE,Federal Contract Tower,0,4,20,0,24,0,0,57,15,72,0,4,77,15,96,8,10,18,114
08/19/2003,JEF,MO,ACE,CE,Federal Contract Tower,0,2,7,4,13,0,0,52,6,58,0,2,59,10,71,22,16,38,109
08/20/2003,JEF,MO,ACE,CE,Federal Contract Tower,0,0,20,3,23,0,0,30,9,39,0,0,50,12,62,0,15,15,77
08/21/2003,JEF,MO,ACE,CE,Federal Contract Tower,0,0,15,4,19,0,0,37,5,42,0,0,52,9,61,24,28,52,113
08/22/2003,JEF,MO,ACE,CE,Federal Contract Tower,0,10,13,2,25,0,0,53,5,58,0,10,66,7,83,62,16,78,161
08/23/2003,JEF,MO,ACE,CE,Federal Contract Tower,0,4,5,0,9,0,0,44,4,48,0,4,49,4,57,4,0,4,61
08/24/2003,JEF,MO,ACE,CE,Federal Contract Tower,0,2,6,0,8,0,0,41,0,41,0,2,47,0,49,20,0,20,69
08/25/2003,JEF,MO,ACE,CE,Federal Contract Tower,0,2,20,2,24,0,0,95,10,105,0,2,115,12,129,20,24,44,173
08/26/2003,JEF,MO,ACE,CE,Federal Contract Tower,0,0,22,2,24,0,0,24,2,26,0,0,46,4,50,32,6,38,88
08/27/2003,JEF,MO,ACE,CE,Federal Contract Tower,0,2,37,3,42,0,0,30,4,34,0,2,67,7,76,12,30,42,118
08/28/2003,JEF,MO,ACE,CE,Federal Contract Tower,0,4,21,0,25,0,0,44,5,49,0,4,65,5,74,32,36,68,142
08/29/2003,JEF,MO,ACE,CE,Federal Contract Tower,0,4,19,4,27,0,0,20,0,20,0,4,39,4,47,64,14,78,125
08/30/2003,JEF,MO,ACE,CE,Federal Contract Tower,0,2,9,0,11,0,0,23,0,23,0,2,32,0,34,6,0,6,40
08/31/2003,JEF,MO,ACE,CE,Federal Contract Tower,0,0,13,0,13,0,0,8,0,8,0,0,21,0,21,0,0,0,21
09/01/2003,JEF,MO,ACE,CE,Federal Contract Tower,0,2,12,0,14,0,0,0,0,0,0,2,12,0,14,4,0,4,18
09/02/2003,JEF,MO,ACE,CE,Federal Contract Tower,0,0,20,2,22,0,0,14,2,16,0,0,34,4,38,62,22,84,122
09/03/2003,JEF,MO,ACE,CE,Federal Contract Tower,0,0,41,11,52,0,0,65,5,70,0,0,106,16,122,38,38,76,198
09/04/2003,JEF,MO,ACE,CE,Federal Contract Tower,0,0,25,4,29,0,0,57,13,70,0,0,82,17,99,52,22,74,173
09/05/2003,JEF,MO,ACE,CE,Federal Contract Tower,0,2,9,0,11,0,0,58,10,68,0,2,67,10,79,58,20,78,157
09/06/2003,JEF,MO,ACE,CE,Federal Contract Tower,0,0,9,2,11,0,0,60,6,66,0,0,69,8,77,30,0,30,107
09/07/2003,JEF,MO,ACE,CE,Federal Contract Tower,0,0,12,2,14,0,0,43,3,46,0,0,55,5,60,70,0,70,130
09/08/2003,JEF,MO,ACE,CE,Federal Contract Tower,0,0,22,0,22,0,0,27,12,39,0,0,49,12,61,44,16,60,121
09/09/2003,JEF,MO,ACE,CE,Federal Contract Tower,0,0,31,3,34,0,0,35,7,42,0,0,66,10,76,18,30,48,124
09/10/2003,JEF,MO,ACE,CE,Federal Contract Tower,0,0,31,0,31,0,0,41,4,45,0,0,72,4,76,54,2,56,132
09/11/2003,JEF,MO,ACE,CE,Federal Contract Tower,0,4,27,0,31,0,0,38,7,45,0,4,65,7,76,42,12,54,130
09/12/2003,JEF,MO,ACE,CE,Federal Contract Tower,0,2,28,9,39,0,0,9,18,27,0,2,37,27,66,0,44,44,110
09/13/2003,JEF,MO,ACE,CE,Federal Contract Tower,0,0,9,2,11,0,0,0,0,0,0,0,9,2,11,0,0,0,11
09/14/2003,JEF,MO,ACE,CE,Federal Contract Tower,0,0,10,1,11,0,0,34,5,39,0,0,44,6,50,4,8,12,62
09/15/2003,JEF,MO,ACE,CE,Federal Contract Tower,0,0,17,4,21,0,0,31,10,41,0,0,48,14,62,90,78,168,230
09/16/2003,JEF,MO,ACE,CE,Federal Contract Tower,0,4,25,4,33,0,0,43,21,64,0,4,68,25,97,46,72,118,215
09/17/2003,JEF,MO,ACE,CE,Federal Contract Tower,0,4,21,0,25,0,0,61,8,69,0,4,82,8,94,26,28,54,148
09/18/2003,JEF,MO,ACE,CE,Federal Contract Tower,0,2,24,0,26,0,0,38,7,45,0,2,62,7,71,34,10,44,115
09/19/2003,JEF,MO,ACE,CE,Federal Contract Tower,0,0,19,7,26,0,0,46,9,55,0,0,65,16,81,38,34,72,153
09/20/2003,JEF,MO,ACE,CE,Federal Contract Tower,0,0,9,0,9,0,0,72,2,74,0,0,81,2,83,24,0,24,107
09/21/2003,JEF,MO,ACE,CE,Federal Contract Tower,0,0,8,3,11,0,0,20,4,24,0,0,28,7,35,24,0,24,59
09/22/2003,JEF,MO,ACE,CE,Federal Contract Tower,0,0,36,3,39,0,0,67,0,67,0,0,103,3,106,84,0,84,190
09/23/2003,JEF,MO,ACE,CE,Federal Contract Tower,0,2,21,0,23,0,0,78,11,89,0,2,99,11,112,4,14,18,130
09/24/2003,JEF,MO,ACE,CE,Federal Contract Tower,0,0,18,0,18,0,0,28,2,30,0,0,46,2,48,30,0,30,78
09/25/2003,JEF,MO,ACE,CE,Federal Contract Tower,0,2,20,0,22,0,2,55,3,60,0,4,75,3,82,80,0,80,162
09/26/2003,JEF,MO,ACE,CE,Federal Contract Tower,0,0,18,1,19,0,0,18,4,22,0,0,36,5,41,20,0,20,61
09/27/2003,JEF,MO,ACE,CE,Federal Contract Tower,0,0,16,0,16,0,0,80,5,85,0,0,96,5,101,48,0,48,149
09/28/2003,JEF,MO,ACE,CE,Federal Contract Tower,0,0,15,0,15,0,0,51,0,51,0,0,66,0,66,32,0,32,98
09/29/2003,JEF,MO,ACE,CE,Federal Contract Tower,0,4,24,0,28,0,0,51,5,56,0,4,75,5,84,60,0,60,144
09/30/2003,JEF,MO,ACE,CE,Federal Contract Tower,0,2,15,1,18,0,0,17,1,18,0,2,32,2,36,18,2,20,56
10/01/2003,JEF,MO,ACE,CE,Federal Contract Tower,0,2,25,3,30,0,6,43,11,60,0,8,68,14,90,18,12,30,120
10/02/2003,JEF,MO,ACE,CE,Federal Contract Tower,0,1,17,2,20,0,5,74,8,87,0,6,91,10,107,66,8,74,181
10/03/2003,JEF,MO,ACE,CE,Federal Contract Tower,0,1,19,3,23,0,0,15,1,16,0,1,34,4,39,6,24,30,69
10/04/2003,JEF,MO,ACE,CE,Federal Contract Tower,0,0,4,1,5,0,1,38,7,46,0,1,42,8,51,34,12,46,97
10/05/2003,JEF,MO,ACE,CE,Federal Contract Tower,0,1,9,2,12,0,1,40,0,41,0,2,49,2,53,18,0,18,71
10/06/2003,JEF,MO,ACE,CE,Federal Contract Tower,0,3,25,3,31,0,0,64,2,66,0,3,89,5,97,42,0,42,139
10/07/2003,JEF,MO,ACE,CE,Federal Contract Tower,0,3,24,3,30,0,2,40,15,57,0,5,64,18,87,20,18,38,125
10/08/2003,JEF,MO,ACE,CE,Federal Contract Tower,0,2,24,3,29,0,0,28,10,38,0,2,52,13,67,12,8,20,87
10/09/2003,JEF,MO,ACE,CE,Federal Contract Tower,0,0,22,3,25,0,0,6,1,7,0,0,28,4,32,32,34,66,98
10/10/2003,JEF,MO,ACE,CE,Federal Contract Tower,0,4,33,4,41,0,2,26,4,32,0,6,59,8,73,74,4,78,151
10/11/2003,JEF,MO,ACE,CE,Federal Contract Tower,0,0,13,2,15,0,0,35,1,36,0,0,48,3,51,66,0,66,117
10/12/2003,JEF,MO,ACE,CE,Federal Contract Tower,0,0,10,0,10,0,0,46,0,46,0,0,56,0,56,24,0,24,80
10/13/2003,JEF,MO,ACE,CE,Federal Contract Tower,0,2,18,3,23,0,0,60,1,61,0,2,78,4,84,62,0,62,146
10/14/2003,JEF,MO,ACE,CE,Federal Contract Tower,0,0,10,2,12,0,0,30,9,39,0,0,40,11,51,2,12,14,65
10/15/2003,JEF,MO,ACE,CE,Federal Contract Tower,0,1,16,2,19,0,0,46,8,54,0,1,62,10,73,46,0,46,119
10/16/2003,JEF,MO,ACE,CE,Federal Contract Tower,0,0,18,3,21,0,0,28,10,38,0,0,46,13,59,12,12,24,83
10/17/2003,JEF,MO,ACE,CE,Federal Contract Tower,0,2,16,2,20,0,0,33,8,41,0,2,49,10,61,50,34,84,145
10/18/2003,JEF,MO,ACE,CE,Federal Contract Tower,0,0,9,2,11,0,0,21,3,24,0,0,30,5,35,24,14,38,73
10/19/2003,JEF,MO,ACE,CE,Federal Contract Tower,0,2,16,1,19,0,0,30,6,36,0,2,46,7,55,0,0,0,55
10/20/2003,JEF,MO,ACE,CE,Federal Contract Tower,0,4,26,2,32,0,5,32,9,46,0,9,58,11,78,6,4,10,88
10/21/2003,JEF,MO,ACE,CE,Federal Contract Tower,0,0,17,1,18,0,0,65,15,80,0,0,82,16,98,16,62,78,176
10/22/2003,JEF,MO,ACE,CE,Federal Contract Tower,0,2,34,3,39,0,0,60,8,68,0,2,94,11,107,18,4,22,129
10/23/2003,JEF,MO,ACE,CE,Federal Contract Tower,0,2,25,2,29,0,0,31,8,39,0,2,56,10,68,62,6,68,136
10/24/2003,JEF,MO,ACE,CE,Federal Contract Tower,0,2,21,2,25,0,0,23,8,31,0,2,44,10,56,18,10,28,84
10/25/2003,JEF,MO,ACE,CE,Federal Contract Tower,0,0,7,0,7,0,0,0,9,9,0,0,7,9,16,0,18,18,34
10/26/2003,JEF,MO,ACE,CE,Federal Contract Tower,0,1,9,0,10,0,3,27,0,30,0,4,36,0,40,12,0,12,52
10/27/2003,JEF,MO,ACE,CE,Federal Contract Tower,0,2,20,2,24,0,0,46,10,56,0,2,66,12,80,40,2,42,122
10/28/2003,JEF,MO,ACE,CE,Federal Contract Tower,0,0,21,2,23,0,0,50,17,67,0,0,71,19,90,54,42,96,186
10/29/2003,JEF,MO,ACE,CE,Federal Contract Tower,0,0,24,2,26,0,0,10,12,22,0,0,34,14,48,18,6,24,72
10/30/2003,JEF,MO,ACE,CE,Federal Contract Tower,0,2,17,1,20,0,0,17,9,26,0,2,34,10,46,18,4,22,68
10/31/2003,JEF,MO,ACE,CE,Federal Contract Tower,0,3,23,2,28,0,5,23,6,34,0,8,46,8,62,46,10,56,118
11/01/2003,JEF,MO,ACE,CE,Federal Contract Tower,0,0,13,1,14,0,0,0,7,7,0,0,13,8,21,0,2,2,23
11/02/2003,JEF,MO,ACE,CE,Federal Contract Tower,0,0,11,1,12,0,0,63,9,72,0,0,74,10,84,46,2,48,132
11/03/2003,JEF,MO,ACE,CE,Federal Contract Tower,0,2,20,3,25,0,0,38,8,46,0,2,58,11,71,22,4,26,97
11/04/2003,JEF,MO,ACE,CE,Federal Contract Tower,0,2,24,3,29,0,0,26,3,29,0,2,50,6,58,20,2,22,80
11/05/2003,JEF,MO,ACE,CE,Federal Contract Tower,0,4,31,4,39,0,0,4,7,11,0,4,35,11,50,14,12,26,76
11/06/2003,JEF,MO,ACE,CE,Federal Contract Tower,0,7,44,5,56,0,11,25,2,38,0,18,69,7,94,30,6,36,130
11/07/2003,JEF,MO,ACE,CE,Federal Contract Tower,0,3,19,3,25,0,4,62,7,73,0,7,81,10,98,54,10,64,162
11/08/2003,JEF,MO,ACE,CE,Federal Contract Tower,0,2,13,2,17,0,0,34,4,38,0,2,47,6,55,6,18,24,79
11/09/2003,JEF,MO,ACE,CE,Federal Contract Tower,0,0,6,0,6,0,0,35,0,35,0,0,41,0,41,16,0,16,57
11/10/2003,JEF,MO,ACE,CE,Federal Contract Tower,0,0,9,2,11,0,0,24,6,30,0,0,33,8,41,6,2,8,49
11/11/2003,JEF,MO,ACE,CE,Federal Contract Tower,0,0,15,2,17,0,0,9,8,17,0,0,24,10,34,0,2,2,36
11/12/2003,JEF,MO,ACE,CE,Federal Contract Tower,0,3,19,3,25,0,3,18,8,29,0,6,37,11,54,2,24,26,80
11/13/2003,JEF,MO,ACE,CE,Federal Contract Tower,0,5,33,4,42,0,6,32,5,43,0,11,65,9,85,46,2,48,133
11/14/2003,JEF,MO,ACE,CE,Federal Contract Tower,0,2,18,3,23,0,0,12,0,12,0,2,30,3,35,32,0,32,67
11/15/2003,JEF,MO,ACE,CE,Federal Contract Tower,0,0,7,0,7,0,0,2,0,2,0,0,9,0,9,72,0,72,81
11/16/2003,JEF,MO,ACE,CE,Federal Contract Tower,0,1,12,0,13,0,0,5,0,5,0,1,17,0,18,30,0,30,48
11/17/2003,JEF,MO,ACE,CE,Federal Contract Tower,0,0,19,2,21,0,0,6,2,8,0,0,25,4,29,28,0,28,57
11/18/2003,JEF,MO,ACE,CE,Federal Contract Tower,0,3,22,1,26,0,1,19,0,20,0,4,41,1,46,0,0,0,46
11/19/2003,JEF,MO,ACE,CE,Federal Contract Tower,0,4,28,3,35,0,3,51,1,55,0,7,79,4,90,122,0,122,212
11/20/2003,JEF,MO,ACE,CE,Federal Contract Tower,0,0,28,3,31,0,0,46,8,54,0,0,74,11,85,38,4,42,127
11/21/2003,JEF,MO,ACE,CE,Federal Contract Tower,0,0,20,2,22,0,0,55,5,60,0,0,75,7,82,44,22,66,148
11/22/2003,JEF,MO,ACE,CE,Federal Contract Tower,0,0,8,0,8,0,0,21,2,23,0,0,29,2,31,24,0,24,55
11/23/2003,JEF,MO,ACE,CE,Federal Contract Tower,0,0,4,0,4,0,0,1,0,1,0,0,5,0,5,0,0,0,5
11/24/2003,JEF,MO,ACE,CE,Federal Contract Tower,0,0,12,1,13,0,0,20,18,38,0,0,32,19,51,10,16,26,77
11/25/2003,JEF,MO,ACE,CE,Federal Contract Tower,0,3,17,1,21,0,2,26,3,31,0,5,43,4,52,26,12,38,90
11/26/2003,JEF,MO,ACE,CE,Federal Contract Tower,0,2,16,1,19,0,0,37,10,47,0,2,53,11,66,56,4,60,126
11/27/2003,JEF,MO,ACE,CE,Federal Contract Tower,0,0,6,0,6,0,0,27,0,27,0,0,33,0,33,50,0,50,83
11/28/2003,JEF,MO,ACE,CE,Federal Contract Tower,0,0,3,0,3,0,0,2,0,2,0,0,5,0,5,0,0,0,5
11/29/2003,JEF,MO,ACE,CE,Federal Contract Tower,0,0,3,0,3,0,0,19,0,19,0,0,22,0,22,0,0,0,22
11/30/2003,JEF,MO,ACE,CE,Federal Contract Tower,0,0,4,0,4,0,0,37,0,37,0,0,41,0,41,20,0,20,61
12/01/2003,JEF,MO,ACE,CE,Federal Contract Tower,0,1,12,2,15,0,3,73,2,78,0,4,85,4,93,40,4,44,137
12/02/2003,JEF,MO,ACE,CE,Federal Contract Tower,0,4,17,2,23,0,4,26,16,46,0,8,43,18,69,14,40,54,123
12/03/2003,JEF,MO,ACE,CE,Federal Contract Tower,0,2,15,0,17,0,0,5,0,5,0,2,20,0,22,0,8,8,30
12/04/2003,JEF,MO,ACE,CE,Federal Contract Tower,0,3,18,2,23,0,1,7,0,8,0,4,25,2,31,20,20,40,71
12/05/2003,JEF,MO,ACE,CE,Federal Contract Tower,0,0,14,2,16,0,0,7,4,11,0,0,21,6,27,0,12,12,39
12/06/2003,JEF,MO,ACE,CE,Federal Contract Tower,0,0,9,2,11,0,0,12,2,14,0,0,21,4,25,2,0,2,27
12/07/2003,JEF,MO,ACE,CE,Federal Contract Tower,0,0,5,0,5,0,1,36,0,37,0,1,41,0,42,26,0,26,68
12/08/2003,JEF,MO,ACE,CE,Federal Contract Tower,0,1,20,3,24,0,0,46,3,49,0,1,66,6,73,36,2,38,111
12/09/2003,JEF,MO,ACE,CE,Federal Contract Tower,0,4,20,3,27,0,1,3,4,8,0,5,23,7,35,14,32,46,81
12/10/2003,JEF,MO,ACE,CE,Federal Contract Tower,0,0,9,1,10,0,0,3,0,3,0,0,12,1,13,0,0,0,13
12/11/2003,JEF,MO,ACE,CE,Federal Contract Tower,0,2,33,4,39,0,0,32,8,40,0,2,65,12,79,52,14,66,145
12/12/2003,JEF,MO,ACE,CE,Federal Contract Tower,0,3,21,3,27,0,0,34,15,49,0,3,55,18,76,60,58,118,194
12/13/2003,JEF,MO,ACE,CE,Federal Contract Tower,0,0,3,0,3,0,0,1,0,1,0,0,4,0,4,0,0,0,4
12/14/2003,JEF,MO,ACE,CE,Federal Contract Tower,0,1,2,0,3,0,2,0,11,13,0,3,2,11,16,0,18,18,34
12/15/2003,JEF,MO,ACE,CE,Federal Contract Tower,0,2,21,2,25,0,0,19,9,28,0,2,40,11,53,2,0,2,55
12/16/2003,JEF,MO,ACE,CE,Federal Contract Tower,0,2,14,1,17,0,2,14,2,18,0,4,28,3,35,0,0,0,35
12/17/2003,JEF,MO,ACE,CE,Federal Contract Tower,0,1,25,2,28,0,0,57,11,68,0,1,82,13,96,54,8,62,158
12/18/2003,JEF,MO,ACE,CE,Federal Contract Tower,0,2,21,2,25,0,6,24,4,34,0,8,45,6,59,8,0,8,67
12/19/2003,JEF,MO,ACE,CE,Federal Contract Tower,0,3,23,2,28,0,2,32,7,41,0,5,55,9,69,26,24,50,119
12/20/2003,JEF,MO,ACE,CE,Federal Contract Tower,0,0,5,0,5,0,0,47,2,49,0,0,52,2,54,20,0,20,74
12/21/2003,JEF,MO,ACE,CE,Federal Contract Tower,0,0,6,0,6,0,2,26,0,28,0,2,32,0,34,14,0,14,48
12/22/2003,JEF,MO,ACE,CE,Federal Contract Tower,0,0,13,0,13,0,0,10,0,10,0,0,23,0,23,0,18,18,41
12/23/2003,JEF,MO,ACE,CE,Federal Contract Tower,0,0,7,0,7,0,0,4,0,4,0,0,11,0,11,23,26,49,60
12/24/2003,JEF,MO,ACE,CE,Federal Contract Tower,0,0,8,0,8,0,0,36,0,36,0,0,44,0,44,22,0,22,66
12/25/2003,JEF,MO,ACE,CE,Federal Contract Tower,0,0,2,0,2,0,0,29,0,29,0,0,31,0,31,12,0,12,43
12/26/2003,JEF,MO,ACE,CE,Federal Contract Tower,0,0,7,0,7,0,3,64,0,67,0,3,71,0,74,24,0,24,98
12/27/2003,JEF,MO,ACE,CE,Federal Contract Tower,0,0,2,0,2,0,0,19,0,19,0,0,21,0,21,12,0,12,33
12/28/2003,JEF,MO,ACE,CE,Federal Contract Tower,0,0,4,0,4,0,0,23,0,23,0,0,27,0,27,14,0,14,41
12/29/2003,JEF,MO,ACE,CE,Federal Contract Tower,0,1,8,0,9,0,0,26,9,35,0,1,34,9,44,40,0,40,84
12/30/2003,JEF,MO,ACE,CE,Federal Contract Tower,0,0,15,1,16,0,0,31,15,46,0,0,46,16,62,6,32,38,100
12/31/2003,JEF,MO,ACE,CE,Federal Contract Tower,0,0,11,1,12,0,0,49,7,56,0,0,60,8,68,42,2,44,112
01/01/2004,JEF,MO,ACE,CE,Federal Contract Tower,0,0,1,0,1,0,0,6,0,6,0,0,7,0,7,12,0,12,19
01/02/2004,JEF,MO,ACE,CE,Federal Contract Tower,0,0,8,1,9,0,0,18,15,33,0,0,26,16,42,0,24,24,66
01/03/2004,JEF,MO,ACE,CE,Federal Contract Tower,0,2,11,1,14,0,2,10,5,17,0,4,21,6,31,0,6,6,37
01/04/2004,JEF,MO,ACE,CE,Federal Contract Tower,0,0,6,0,6,0,2,0,2,4,0,2,6,2,10,0,10,10,20
01/05/2004,JEF,MO,ACE,CE,Federal Contract Tower,0,0,8,0,8,0,0,3,15,18,0,0,11,15,26,0,4,4,30
01/06/2004,JEF,MO,ACE,CE,Federal Contract Tower,0,0,8,1,9,0,0,36,4,40,0,0,44,5,49,36,0,36,85
01/07/2004,JEF,MO,ACE,CE,Federal Contract Tower,0,3,16,2,21,0,2,30,1,33,0,5,46,3,54,24,0,24,78
01/08/2004,JEF,MO,ACE,CE,Federal Contract Tower,0,1,13,0,14,0,0,42,0,42,0,1,55,0,56,2,0,2,58
01/09/2004,JEF,MO,ACE,CE,Federal Contract Tower,0,2,20,2,24,0,0,9,4,13,0,2,29,6,37,20,4,24,61
01/10/2004,JEF,MO,ACE,CE,Federal Contract Tower,0,0,9,1,10,0,0,25,4,29,0,0,34,5,39,42,0,42,81
01/11/2004,JEF,MO,ACE,CE,Federal Contract Tower,0,0,6,0,6,0,0,16,2,18,0,0,22,2,24,28,0,28,52
01/12/2004,JEF,MO,ACE,CE,Federal Contract Tower,0,1,12,1,14,0,0,32,0,32,0,1,44,1,46,72,2,74,120
01/13/2004,JEF,MO,ACE,CE,Federal Contract Tower,0,0,10,1,11,0,0,65,5,70,0,0,75,6,81,36,12,48,129
01/14/2004,JEF,MO,ACE,CE,Federal Contract Tower,0,3,18,2,23,0,1,35,2,38,0,4,53,4,61,22,0,22,83
01/15/2004,JEF,MO,ACE,CE,Federal Contract Tower,0,0,10,1,11,0,0,51,2,53,0,0,61,3,64,48,4,52,116
01/16/2004,JEF,MO,ACE,CE,Federal Contract Tower,0,1,22,3,26,0,0,26,2,28,0,1,48,5,54,0,2,2,56
01/17/2004,JEF,MO,ACE,CE,Federal Contract Tower,0,0,6,0,6,0,0,1,0,1,0,0,7,0,7,0,0,0,7
01/18/2004,JEF,MO,ACE,CE,Federal Contract Tower,0,0,7,0,7,0,0,34,0,34,0,0,41,0,41,4,0,4,45
01/19/2004,JEF,MO,ACE,CE,Federal Contract Tower,0,0,11,1,12,0,0,38,1,39,0,0,49,2,51,50,0,50,101
01/20/2004,JEF,MO,ACE,CE,Federal Contract Tower,0,3,23,3,29,0,0,25,7,32,0,3,48,10,61,12,12,24,85
01/21/2004,JEF,MO,ACE,CE,Federal Contract Tower,0,3,19,2,24,0,4,36,2,42,0,7,55,4,66,22,40,62,128
01/22/2004,JEF,MO,ACE,CE,Federal Contract Tower,0,2,22,4,28,0,3,19,0,22,0,5,41,4,50,24,14,38,88
01/23/2004,JEF,MO,ACE,CE,Federal Contract Tower,0,0,24,4,28,0,0,20,6,26,0,0,44,10,54,18,32,50,104
01/24/2004,JEF,MO,ACE,CE,Federal Contract Tower,0,0,9,2,11,0,0,29,0,29,0,0,38,2,40,26,0,26,66
01/25/2004,JEF,MO,ACE,CE,Federal Contract Tower,0,0,1,0,1,0,0,0,0,0,0,0,1,0,1,0,0,0,1
01/26/2004,JEF,MO,ACE,CE,Federal Contract Tower,0,0,0,0,0,0,0,0,0,0,0,0,0,0,0,0,0,0,0
01/27/2004,JEF,MO,ACE,CE,Federal Contract Tower,0,1,9,2,12,0,2,2,2,6,0,3,11,4,18,0,0,0,18
01/28/2004,JEF,MO,ACE,CE,Federal Contract Tower,0,2,23,4,29,0,5,32,0,37,0,7,55,4,66,20,4,24,90
01/29/2004,JEF,MO,ACE,CE,Federal Contract Tower,0,0,17,2,19,0,0,4,2,6,0,0,21,4,25,44,4,48,73
01/30/2004,JEF,MO,ACE,CE,Federal Contract Tower,0,0,17,2,19,0,0,16,10,26,0,0,33,12,45,16,26,42,87
01/31/2004,JEF,MO,ACE,CE,Federal Contract Tower,0,0,2,0,2,0,2,15,0,17,0,2,17,0,19,0,0,0,19
02/01/2004,JEF,MO,ACE,CE,Federal Contract Tower,0,0,0,0,0,0,0,3,0,3,0,0,3,0,3,0,0,0,3
02/02/2004,JEF,MO,ACE,CE,Federal Contract Tower,0,4,1,0,5,0,0,7,4,11,0,4,8,4,16,0,0,0,16
02/03/2004,JEF,MO,ACE,CE,Federal Contract Tower,0,9,2,0,11,0,0,74,6,80,0,9,76,6,91,2,16,18,109
02/04/2004,JEF,MO,ACE,CE,Federal Contract Tower,0,2,2,0,4,0,0,50,2,52,0,2,52,2,56,52,8,60,116
02/05/2004,JEF,MO,ACE,CE,Federal Contract Tower,0,0,0,0,0,0,0,10,2,12,0,0,10,2,12,0,0,0,12
02/06/2004,JEF,MO,ACE,CE,Federal Contract Tower,0,0,2,0,2,0,0,13,6,19,0,0,15,6,21,26,0,26,47
02/07/2004,JEF,MO,ACE,CE,Federal Contract Tower,0,0,0,0,0,0,0,19,0,19,0,0,19,0,19,4,8,12,31
02/08/2004,JEF,MO,ACE,CE,Federal Contract Tower,0,0,0,0,0,0,0,22,4,26,0,0,22,4,26,8,0,8,34
02/09/2004,JEF,MO,ACE,CE,Federal Contract Tower,0,4,2,0,6,0,0,47,3,50,0,4,49,3,56,8,10,18,74
02/10/2004,JEF,MO,ACE,CE,Federal Contract Tower,0,8,3,0,11,0,0,67,9,76,0,8,70,9,87,28,36,64,151
02/11/2004,JEF,MO,ACE,CE,Federal Contract Tower,0,0,3,0,3,0,0,65,8,73,0,0,68,8,76,10,16,26,102
02/12/2004,JEF,MO,ACE,CE,Federal Contract Tower,0,1,3,0,4,0,0,67,9,76,0,1,70,9,80,2,22,24,104
02/13/2004,JEF,MO,ACE,CE,Federal Contract Tower,0,2,2,0,4,0,0,50,3,53,0,2,52,3,57,54,0,54,111
02/14/2004,JEF,MO,ACE,CE,Federal Contract Tower,0,1,0,0,1,0,0,39,2,41,0,1,39,2,42,58,0,58,100
02/15/2004,JEF,MO,ACE,CE,Federal Contract Tower,0,0,0,0,0,0,0,62,2,64,0,0,62,2,64,26,0,26,90
02/16/2004,JEF,MO,ACE,CE,Federal Contract Tower,0,1,2,0,3,0,0,47,0,47,0,1,49,0,50,25,0,25,75
02/17/2004,JEF,MO,ACE,CE,Federal Contract Tower,0,0,3,0,3,0,0,64,14,78,0,0,67,14,81,42,32,74,155
02/18/2004,JEF,MO,ACE,CE,Federal Contract Tower,0,2,3,0,5,0,0,57,4,61,0,2,60,4,66,26,12,38,104
02/19/2004,JEF,MO,ACE,CE,Federal Contract Tower,0,1,3,0,4,0,0,51,1,52,0,1,54,1,56,16,0,16,72
02/20/2004,JEF,MO,ACE,CE,Federal Contract Tower,0,2,2,0,4,0,0,20,0,20,0,2,22,0,24,0,0,0,24
02/21/2004,JEF,MO,ACE,CE,Federal Contract Tower,0,0,0,0,0,0,0,44,1,45,0,0,44,1,45,24,0,24,69
02/22/2004,JEF,MO,ACE,CE,Federal Contract Tower,0,0,0,0,0,0,0,27,5,32,0,0,27,5,32,22,0,22,54
02/23/2004,JEF,MO,ACE,CE,Federal Contract Tower,0,4,3,0,7,0,0,43,7,50,0,4,46,7,57,38,16,54,111
02/24/2004,JEF,MO,ACE,CE,Federal Contract Tower,0,1,2,0,3,0,0,34,5,39,0,1,36,5,42,22,12,34,76
02/25/2004,JEF,MO,ACE,CE,Federal Contract Tower,0,0,2,0,2,0,0,43,5,48,0,0,45,5,50,40,0,40,90
02/26/2004,JEF,MO,ACE,CE,Federal Contract Tower,0,11,3,0,14,0,0,66,17,83,0,11,69,17,97,16,6,22,119
02/27/2004,JEF,MO,ACE,CE,Federal Contract Tower,0,3,1,0,4,0,0,83,10,93,0,3,84,10,97,20,0,20,117
02/28/2004,JEF,MO,ACE,CE,Federal Contract Tower,0,0,0,0,0,0,0,60,0,60,0,0,60,0,60,32,0,32,92
02/29/2004,JEF,MO,ACE,CE,Federal Contract Tower,0,0,0,0,0,0,0,16,0,16,0,0,16,0,16,0,0,0,16
03/01/2004,JEF,MO,ACE,CE,Federal Contract Tower,0,0,14,0,14,0,0,8,1,9,0,0,22,1,23,14,0,14,37
03/02/2004,JEF,MO,ACE,CE,Federal Contract Tower,0,2,30,2,34,0,0,49,10,59,0,2,79,12,93,52,8,60,153
03/03/2004,JEF,MO,ACE,CE,Federal Contract Tower,0,1,21,2,24,0,0,3,0,3,0,1,24,2,27,6,0,6,33
03/04/2004,JEF,MO,ACE,CE,Federal Contract Tower,0,1,12,0,13,0,3,5,0,8,0,4,17,0,21,0,18,18,39
03/05/2004,JEF,MO,ACE,CE,Federal Contract Tower,0,0,13,1,14,0,0,31,13,44,0,0,44,14,58,22,14,36,94
03/06/2004,JEF,MO,ACE,CE,Federal Contract Tower,0,0,14,0,14,0,0,40,11,51,0,0,54,11,65,36,2,38,103
03/07/2004,JEF,MO,ACE,CE,Federal Contract Tower,0,0,13,0,13,0,0,7,2,9,0,0,20,2,22,16,0,16,38
03/08/2004,JEF,MO,ACE,CE,Federal Contract Tower,0,3,21,2,26,0,1,41,11,53,0,4,62,13,79,4,10,14,93
03/09/2004,JEF,MO,ACE,CE,Federal Contract Tower,0,3,37,4,44,0,1,22,7,30,0,4,59,11,74,0,6,6,80
03/10/2004,JEF,MO,ACE,CE,Federal Contract Tower,0,2,14,2,18,0,0,29,2,31,0,2,43,4,49,6,0,6,55
03/11/2004,JEF,MO,ACE,CE,Federal Contract Tower,0,0,26,1,27,0,0,30,0,30,0,0,56,1,57,0,0,0,57
03/12/2004,JEF,MO,ACE,CE,Federal Contract Tower,0,2,14,2,18,0,0,59,2,61,0,2,73,4,79,64,0,64,143
03/13/2004,JEF,MO,ACE,CE,Federal Contract Tower,0,0,14,1,15,0,0,21,2,23,0,0,35,3,38,16,0,16,54
03/14/2004,JEF,MO,ACE,CE,Federal Contract Tower,0,0,8,1,9,0,0,14,2,16,0,0,22,3,25,8,0,8,33
03/15/2004,JEF,MO,ACE,CE,Federal Contract Tower,0,1,18,2,21,0,1,13,5,19,0,2,31,7,40,2,8,10,50
03/16/2004,JEF,MO,ACE,CE,Federal Contract Tower,0,0,13,0,13,0,2,7,2,11,0,2,20,2,24,12,0,12,36
03/17/2004,JEF,MO,ACE,CE,Federal Contract Tower,0,2,30,2,34,0,0,47,11,58,0,2,77,13,92,24,2,26,118
03/18/2004,JEF,MO,ACE,CE,Federal Contract Tower,0,0,22,2,24,0,0,38,2,40,0,0,60,4,64,16,12,28,92
03/19/2004,JEF,MO,ACE,CE,Federal Contract Tower,0,2,32,2,36,0,2,70,2,74,0,4,102,4,110,108,2,110,220
03/20/2004,JEF,MO,ACE,CE,Federal Contract Tower,0,0,7,0,7,0,0,10,5,15,0,0,17,5,22,20,14,34,56
03/21/2004,JEF,MO,ACE,CE,Federal Contract Tower,0,0,9,0,9,0,0,35,0,35,0,0,44,0,44,2,0,2,46
03/22/2004,JEF,MO,ACE,CE,Federal Contract Tower,0,1,18,1,20,0,1,56,0,57,0,2,74,1,77,2,0,2,79
03/23/2004,JEF,MO,ACE,CE,Federal Contract Tower,0,0,15,0,15,0,4,17,0,21,0,4,32,0,36,22,0,22,58
03/24/2004,JEF,MO,ACE,CE,Federal Contract Tower,0,0,10,0,10,0,2,19,1,22,0,2,29,1,32,4,0,4,36
03/25/2004,JEF,MO,ACE,CE,Federal Contract Tower,0,1,35,3,39,0,0,61,8,69,0,1,96,11,108,2,0,2,110
03/26/2004,JEF,MO,ACE,CE,Federal Contract Tower,0,0,16,1,17,0,0,25,2,27,0,0,41,3,44,0,0,0,44
03/27/2004,JEF,MO,ACE,CE,Federal Contract Tower,0,0,3,0,3,0,0,5,2,7,0,0,8,2,10,6,0,6,16
03/28/2004,JEF,MO,ACE,CE,Federal Contract Tower,0,0,7,0,7,0,0,5,0,5,0,0,12,0,12,0,0,0,12
03/29/2004,JEF,MO,ACE,CE,Federal Contract Tower,0,0,20,1,21,0,0,25,13,38,0,0,45,14,59,16,8,24,83
03/30/2004,JEF,MO,ACE,CE,Federal Contract Tower,0,1,27,2,30,0,5,43,14,62,0,6,70,16,92,62,4,66,158
03/31/2004,JEF,MO,ACE,CE,Federal Contract Tower,0,1,24,2,27,0,1,62,12,75,0,2,86,14,102,40,2,42,144
04/01/2004,JEF,MO,ACE,CE,Federal Contract Tower,0,2,17,0,19,0,0,71,1,72,0,2,88,1,91,58,0,58,149
04/02/2004,JEF,MO,ACE,CE,Federal Contract Tower,0,3,23,1,27,0,0,64,1,65,0,3,87,2,92,72,4,76,168
04/03/2004,JEF,MO,ACE,CE,Federal Contract Tower,0,0,9,1,10,0,1,47,2,50,0,1,56,3,60,80,2,82,142
04/04/2004,JEF,MO,ACE,CE,Federal Contract Tower,0,0,6,1,7,0,0,43,4,47,0,0,49,5,54,58,0,58,112
04/05/2004,JEF,MO,ACE,CE,Federal Contract Tower,0,0,10,1,11,0,2,55,1,58,0,2,65,2,69,22,0,22,91
04/06/2004,JEF,MO,ACE,CE,Federal Contract Tower,0,3,29,2,34,0,1,79,14,94,0,4,108,16,128,32,4,36,164
04/07/2004,JEF,MO,ACE,CE,Federal Contract Tower,0,2,27,2,31,0,0,36,7,43,0,2,63,9,74,8,2,10,84
04/08/2004,JEF,MO,ACE,CE,Federal Contract Tower,0,2,26,2,30,0,0,41,4,45,0,2,67,6,75,32,4,36,111
04/09/2004,JEF,MO,ACE,CE,Federal Contract Tower,0,0,15,1,16,0,2,50,4,56,0,2,65,5,72,30,0,30,102
04/10/2004,JEF,MO,ACE,CE,Federal Contract Tower,0,0,3,1,4,0,0,8,3,11,0,0,11,4,15,24,28,52,67
04/11/2004,JEF,MO,ACE,CE,Federal Contract Tower,0,0,10,0,10,0,0,31,0,31,0,0,41,0,41,12,0,12,53
04/12/2004,JEF,MO,ACE,CE,Federal Contract Tower,0,0,20,0,20,0,0,15,0,15,0,0,35,0,35,12,4,16,51
04/13/2004,JEF,MO,ACE,CE,Federal Contract Tower,0,2,34,2,38,0,0,24,5,29,0,2,58,7,67,6,10,16,83
04/14/2004,JEF,MO,ACE,CE,Federal Contract Tower,0,0,26,2,28,0,0,56,7,63,0,0,82,9,91,48,24,72,163
04/15/2004,JEF,MO,ACE,CE,Federal Contract Tower,0,1,25,2,28,0,3,22,1,26,0,4,47,3,54,22,0,22,76
04/16/2004,JEF,MO,ACE,CE,Federal Contract Tower,0,0,17,1,18,0,0,47,15,62,0,0,64,16,80,34,12,46,126
04/17/2004,JEF,MO,ACE,CE,Federal Contract Tower,0,0,3,1,4,0,0,31,0,31,0,0,34,1,35,42,0,42,77
04/18/2004,JEF,MO,ACE,CE,Federal Contract Tower,0,1,16,0,17,0,1,1,0,2,0,2,17,0,19,18,0,18,37
04/19/2004,JEF,MO,ACE,CE,Federal Contract Tower,0,0,18,0,18,0,0,18,4,22,0,0,36,4,40,2,0,2,42
04/20/2004,JEF,MO,ACE,CE,Federal Contract Tower,0,2,19,0,21,0,2,5,7,14,0,4,24,7,35,2,4,6,41
04/21/2004,JEF,MO,ACE,CE,Federal Contract Tower,0,2,34,1,37,0,3,31,6,40,0,5,65,7,77,20,2,22,99
04/22/2004,JEF,MO,ACE,CE,Federal Contract Tower,0,1,27,1,29,0,1,10,9,20,0,2,37,10,49,16,4,20,69
04/23/2004,JEF,MO,ACE,CE,Federal Contract Tower,0,1,25,0,26,0,2,7,0,9,0,3,32,0,35,0,0,0,35
04/24/2004,JEF,MO,ACE,CE,Federal Contract Tower,0,0,9,0,9,0,0,0,0,0,0,0,9,0,9,4,0,4,13
04/25/2004,JEF,MO,ACE,CE,Federal Contract Tower,0,1,16,0,17,0,1,25,2,28,0,2,41,2,45,28,4,32,77
04/26/2004,JEF,MO,ACE,CE,Federal Contract Tower,0,0,21,0,21,0,0,39,5,44,0,0,60,5,65,6,0,6,71
04/27/2004,JEF,MO,ACE,CE,Federal Contract Tower,0,0,17,0,17,0,0,39,3,42,0,0,56,3,59,34,0,34,93
04/28/2004,JEF,MO,ACE,CE,Federal Contract Tower,0,0,18,0,18,0,0,18,2,20,0,0,36,2,38,0,0,0,38
04/29/2004,JEF,MO,ACE,CE,Federal Contract Tower,0,0,16,0,16,0,0,27,5,32,0,0,43,5,48,18,16,34,82
04/30/2004,JEF,MO,ACE,CE,Federal Contract Tower,0,0,22,1,23,0,0,8,2,10,0,0,30,3,33,50,6,56,89
05/01/2004,JEF,MO,ACE,CE,Federal Contract Tower,0,0,7,0,7,0,2,11,0,13,0,2,18,0,20,2,22,24,44
05/02/2004,JEF,MO,ACE,CE,Federal Contract Tower,0,2,17,1,20,0,0,23,3,26,0,2,40,4,46,26,0,26,72
05/03/2004,JEF,MO,ACE,CE,Federal Contract Tower,0,0,15,1,16,0,0,57,11,68,0,0,72,12,84,38,4,42,126
05/04/2004,JEF,MO,ACE,CE,Federal Contract Tower,0,2,17,1,20,0,2,48,14,64,0,4,65,15,84,52,32,84,168
05/05/2004,JEF,MO,ACE,CE,Federal Contract Tower,0,0,23,1,24,0,0,49,7,56,0,0,72,8,80,66,22,88,168
05/06/2004,JEF,MO,ACE,CE,Federal Contract Tower,0,2,24,1,27,0,3,19,2,24,0,5,43,3,51,10,0,10,61
05/07/2004,JEF,MO,ACE,CE,Federal Contract Tower,0,0,12,1,13,0,0,56,2,58,0,0,68,3,71,8,2,10,81
05/08/2004,JEF,MO,ACE,CE,Federal Contract Tower,0,0,6,1,7,0,0,43,0,43,0,0,49,1,50,26,0,26,76
05/09/2004,JEF,MO,ACE,CE,Federal Contract Tower,0,1,18,0,19,0,0,7,0,7,0,1,25,0,26,0,0,0,26
05/10/2004,JEF,MO,ACE,CE,Federal Contract Tower,0,0,25,0,25,0,0,38,7,45,0,0,63,7,70,46,12,58,128
05/11/2004,JEF,MO,ACE,CE,Federal Contract Tower,0,2,23,2,27,0,2,51,0,53,0,4,74,2,80,24,2,26,106
05/12/2004,JEF,MO,ACE,CE,Federal Contract Tower,0,1,17,0,18,0,3,20,5,28,0,4,37,5,46,12,0,12,58
05/13/2004,JEF,MO,ACE,CE,Federal Contract Tower,0,0,20,0,20,0,0,0,0,0,0,0,20,0,20,6,0,6,26
05/14/2004,JEF,MO,ACE,CE,Federal Contract Tower,0,2,19,0,21,0,1,16,0,17,0,3,35,0,38,42,0,42,80
05/15/2004,JEF,MO,ACE,CE,Federal Contract Tower,0,2,24,0,26,0,0,30,2,32,0,2,54,2,58,70,0,70,128
05/16/2004,JEF,MO,ACE,CE,Federal Contract Tower,0,0,13,0,13,0,0,27,1,28,0,0,40,1,41,34,0,34,75
05/17/2004,JEF,MO,ACE,CE,Federal Contract Tower,0,0,14,0,14,0,0,37,2,39,0,0,51,2,53,42,0,42,95
05/18/2004,JEF,MO,ACE,CE,Federal Contract Tower,0,1,16,0,17,0,5,23,6,34,0,6,39,6,51,24,10,34,85
05/19/2004,JEF,MO,ACE,CE,Federal Contract Tower,0,0,19,0,19,0,0,11,3,14,0,0,30,3,33,34,0,34,67
05/20/2004,JEF,MO,ACE,CE,Federal Contract Tower,0,1,24,3,28,0,0,16,3,19,0,1,40,6,47,0,0,0,47
05/21/2004,JEF,MO,ACE,CE,Federal Contract Tower,0,1,15,0,16,0,1,59,10,70,0,2,74,10,86,32,0,32,118
05/22/2004,JEF,MO,ACE,CE,Federal Contract Tower,0,1,22,0,23,0,0,35,2,37,0,1,57,2,60,48,6,54,114
05/23/2004,JEF,MO,ACE,CE,Federal Contract Tower,0,0,16,0,16,0,0,21,2,23,0,0,37,2,39,32,0,32,71
05/24/2004,JEF,MO,ACE,CE,Federal Contract Tower,0,0,17,0,17,0,0,27,5,32,0,0,44,5,49,2,12,14,63
05/25/2004,JEF,MO,ACE,CE,Federal Contract Tower,0,0,23,0,23,0,0,2,10,12,0,0,25,10,35,0,16,16,51
05/26/2004,JEF,MO,ACE,CE,Federal Contract Tower,0,2,26,3,31,0,0,0,2,2,0,2,26,5,33,2,22,24,57
05/27/2004,JEF,MO,ACE,CE,Federal Contract Tower,0,2,22,0,24,0,0,41,3,44,0,2,63,3,68,26,0,26,94
05/28/2004,JEF,MO,ACE,CE,Federal Contract Tower,0,1,16,0,17,0,5,45,4,54,0,6,61,4,71,68,0,68,139
05/29/2004,JEF,MO,ACE,CE,Federal Contract Tower,0,0,12,0,12,0,2,29,8,39,0,2,41,8,51,8,0,8,59
05/30/2004,JEF,MO,ACE,CE,Federal Contract Tower,0,0,6,0,6,0,3,9,2,14,0,3,15,2,20,20,2,22,42
05/31/2004,JEF,MO,ACE,CE,Federal Contract Tower,0,1,15,0,16,0,5,38,0,43,0,6,53,0,59,32,0,32,91
06/01/2004,JEF,MO,ACE,CE,Federal Contract Tower,0,2,17,1,20,0,1,36,5,42,0,3,53,6,62,10,4,14,76
06/02/2004,JEF,MO,ACE,CE,Federal Contract Tower,0,5,29,1,35,0,0,32,5,37,0,5,61,6,72,80,8,88,160
06/03/2004,JEF,MO,ACE,CE,Federal Contract Tower,0,0,18,1,19,0,0,66,13,79,0,0,84,14,98,82,14,96,194
06/04/2004,JEF,MO,ACE,CE,Federal Contract Tower,0,2,22,1,25,0,0,79,5,84,0,2,101,6,109,72,2,74,183
06/05/2004,JEF,MO,ACE,CE,Federal Contract Tower,0,1,9,0,10,0,0,26,2,28,0,1,35,2,38,56,0,56,94
06/06/2004,JEF,MO,ACE,CE,Federal Contract Tower,0,0,9,1,10,0,0,15,8,23,0,0,24,9,33,6,0,6,39
06/07/2004,JEF,MO,ACE,CE,Federal Contract Tower,0,1,13,1,15,0,1,38,5,44,0,2,51,6,59,28,0,28,87
06/08/2004,JEF,MO,ACE,CE,Federal Contract Tower,0,2,23,2,27,0,2,69,4,75,0,4,92,6,102,0,12,12,114
06/09/2004,JEF,MO,ACE,CE,Federal Contract Tower,0,2,36,3,41,0,0,2,6,8,0,2,38,9,49,0,10,10,59
06/10/2004,JEF,MO,ACE,CE,Federal Contract Tower,0,0,17,2,19,0,0,20,3,23,0,0,37,5,42,58,40,98,140
06/11/2004,JEF,MO,ACE,CE,Federal Contract Tower,0,0,22,0,22,0,0,41,0,41,0,0,63,0,63,126,0,126,189
06/12/2004,JEF,MO,ACE,CE,Federal Contract Tower,0,0,6,1,7,0,0,52,1,53,0,0,58,2,60,44,0,44,104
06/13/2004,JEF,MO,ACE,CE,Federal Contract Tower,0,0,9,1,10,0,2,35,5,42,0,2,44,6,52,24,8,32,84
06/14/2004,JEF,MO,ACE,CE,Federal Contract Tower,0,2,23,2,27,0,0,40,6,46,0,2,63,8,73,38,0,38,111
06/15/2004,JEF,MO,ACE,CE,Federal Contract Tower,0,0,16,1,17,0,0,29,0,29,0,0,45,1,46,22,0,22,68
06/16/2004,JEF,MO,ACE,CE,Federal Contract Tower,0,2,22,2,26,0,0,16,0,16,0,2,38,2,42,14,2,16,58
06/17/2004,JEF,MO,ACE,CE,Federal Contract Tower,0,3,30,2,35,0,0,34,4,38,0,3,64,6,73,54,0,54,127
06/18/2004,JEF,MO,ACE,CE,Federal Contract Tower,0,1,21,2,24,0,0,35,0,35,0,1,56,2,59,4,0,4,63
06/19/2004,JEF,MO,ACE,CE,Federal Contract Tower,0,0,8,0,8,0,2,38,0,40,0,2,46,0,48,24,0,24,72
06/20/2004,JEF,MO,ACE,CE,Federal Contract Tower,0,0,5,0,5,0,0,33,0,33,0,0,38,0,38,6,0,6,44
06/21/2004,JEF,MO,ACE,CE,Federal Contract Tower,0,0,24,1,25,0,0,20,1,21,0,0,44,2,46,0,0,0,46
06/22/2004,JEF,MO,ACE,CE,Federal Contract Tower,0,2,25,1,28,0,8,31,5,44,0,10,56,6,72,50,0,50,122
06/23/2004,JEF,MO,ACE,CE,Federal Contract Tower,0,1,33,2,36,0,0,64,1,65,0,1,97,3,101,36,3,39,140
06/24/2004,JEF,MO,ACE,CE,Federal Contract Tower,0,1,20,1,22,0,2,55,5,62,0,3,75,6,84,20,0,20,104
06/25/2004,JEF,MO,ACE,CE,Federal Contract Tower,0,2,21,1,24,0,1,39,3,43,0,3,60,4,67,32,28,60,127
06/26/2004,JEF,MO,ACE,CE,Federal Contract Tower,0,0,10,0,10,0,0,94,0,94,0,0,104,0,104,28,0,28,132
06/27/2004,JEF,MO,ACE,CE,Federal Contract Tower,0,0,14,0,14,0,0,34,8,42,0,0,48,8,56,8,36,44,100
06/28/2004,JEF,MO,ACE,CE,Federal Contract Tower,0,2,15,0,17,0,0,22,2,24,0,2,37,2,41,24,6,30,71
06/29/2004,JEF,MO,ACE,CE,Federal Contract Tower,0,1,21,1,23,0,0,48,12,60,0,1,69,13,83,70,8,78,161
06/30/2004,JEF,MO,ACE,CE,Federal Contract Tower,0,1,21,1,23,0,0,40,16,56,0,1,61,17,79,12,2,14,93
07/01/2004,JEF,MO,ACE,CE,Federal Contract Tower,0,2,20,1,23,0,0,19,7,26,0,2,39,8,49,10,0,10,59
07/02/2004,JEF,MO,ACE,CE,Federal Contract Tower,0,2,15,0,17,0,1,26,0,27,0,3,41,0,44,16,0,16,60
07/03/2004,JEF,MO,ACE,CE,Federal Contract Tower,0,1,5,0,6,0,0,4,0,4,0,1,9,0,10,0,0,0,10
07/04/2004,JEF,MO,ACE,CE,Federal Contract Tower,0,1,3,0,4,0,0,33,0,33,0,1,36,0,37,34,0,34,71
07/05/2004,JEF,MO,ACE,CE,Federal Contract Tower,0,1,5,0,6,0,2,22,0,24,0,3,27,0,30,12,0,12,42
07/06/2004,JEF,MO,ACE,CE,Federal Contract Tower,0,0,12,0,12,0,0,23,1,24,0,0,35,1,36,42,4,46,82
07/07/2004,JEF,MO,ACE,CE,Federal Contract Tower,0,1,20,2,23,0,0,53,0,53,0,1,73,2,76,78,0,78,154
07/08/2004,JEF,MO,ACE,CE,Federal Contract Tower,0,1,21,2,24,0,0,39,6,45,0,1,60,8,69,36,0,36,105
07/09/2004,JEF,MO,ACE,CE,Federal Contract Tower,0,1,13,1,15,0,0,31,6,37,0,1,44,7,52,48,8,56,108
07/10/2004,JEF,MO,ACE,CE,Federal Contract Tower,0,1,13,0,14,0,2,23,0,25,0,3,36,0,39,6,0,6,45
07/11/2004,JEF,MO,ACE,CE,Federal Contract Tower,0,0,13,1,14,0,1,43,5,49,0,1,56,6,63,4,0,4,67
07/12/2004,JEF,MO,ACE,CE,Federal Contract Tower,0,0,13,1,14,0,1,9,1,11,0,1,22,2,25,8,0,8,33
07/13/2004,JEF,MO,ACE,CE,Federal Contract Tower,0,2,23,2,27,0,0,39,6,45,0,2,62,8,72,8,12,20,92
07/14/2004,JEF,MO,ACE,CE,Federal Contract Tower,0,0,18,2,20,0,0,41,7,48,0,0,59,9,68,56,14,70,138
07/15/2004,JEF,MO,ACE,CE,Federal Contract Tower,0,0,31,3,34,0,0,24,7,31,0,0,55,10,65,76,2,78,143
07/16/2004,JEF,MO,ACE,CE,Federal Contract Tower,0,0,32,1,33,0,0,29,0,29,0,0,61,1,62,14,1,15,77
07/17/2004,JEF,MO,ACE,CE,Federal Contract Tower,0,0,8,1,9,0,0,27,3,30,0,0,35,4,39,18,0,18,57
07/18/2004,JEF,MO,ACE,CE,Federal Contract Tower,0,0,20,2,22,0,0,32,1,33,0,0,52,3,55,28,0,28,83
07/19/2004,JEF,MO,ACE,CE,Federal Contract Tower,0,0,24,2,26,0,0,46,11,57,0,0,70,13,83,66,10,76,159
07/20/2004,JEF,MO,ACE,CE,Federal Contract Tower,0,3,27,2,32,0,0,56,10,66,0,3,83,12,98,98,0,98,196
07/21/2004,JEF,MO,ACE,CE,Federal Contract Tower,0,2,22,2,26,0,0,23,0,23,0,2,45,2,49,46,0,46,95
07/22/2004,JEF,MO,ACE,CE,Federal Contract Tower,0,0,28,1,29,0,0,26,7,33,0,0,54,8,62,58,0,58,120
07/23/2004,JEF,MO,ACE,CE,Federal Contract Tower,0,1,19,1,21,0,1,20,3,24,0,2,39,4,45,26,2,28,73
07/24/2004,JEF,MO,ACE,CE,Federal Contract Tower,0,0,6,0,6,0,0,0,2,2,0,0,6,2,8,0,0,0,8
07/25/2004,JEF,MO,ACE,CE,Federal Contract Tower,0,1,16,1,18,0,3,24,2,29,0,4,40,3,47,20,0,20,67
07/26/2004,JEF,MO,ACE,CE,Federal Contract Tower,0,2,23,1,26,0,2,61,11,74,0,4,84,12,100,68,0,68,168
07/27/2004,JEF,MO,ACE,CE,Federal Contract Tower,0,2,27,1,30,0,2,49,6,57,0,4,76,7,87,58,12,70,157
07/28/2004,JEF,MO,ACE,CE,Federal Contract Tower,0,0,21,1,22,0,0,44,10,54,0,0,65,11,76,42,2,44,120
07/29/2004,JEF,MO,ACE,CE,Federal Contract Tower,0,2,24,1,27,0,0,28,18,46,0,2,52,19,73,68,2,70,143
07/30/2004,JEF,MO,ACE,CE,Federal Contract Tower,0,3,33,2,38,0,2,0,1,3,0,5,33,3,41,4,0,4,45
07/31/2004,JEF,MO,ACE,CE,Federal Contract Tower,0,0,6,0,6,0,1,36,11,48,0,1,42,11,54,4,2,6,60
08/01/2004,JEF,MO,ACE,CE,Federal Contract Tower,0,2,19,0,21,0,0,55,0,55,0,2,74,0,76,20,0,20,96
08/02/2004,JEF,MO,ACE,CE,Federal Contract Tower,0,0,11,2,13,0,0,20,8,28,0,0,31,10,41,12,32,44,85
08/03/2004,JEF,MO,ACE,CE,Federal Contract Tower,0,2,27,3,32,0,0,38,6,44,0,2,65,9,76,32,42,74,150
08/04/2004,JEF,MO,ACE,CE,Federal Contract Tower,0,2,22,2,26,0,0,17,6,23,0,2,39,8,49,6,0,6,55
08/05/2004,JEF,MO,ACE,CE,Federal Contract Tower,0,0,23,3,26,0,0,61,6,67,0,0,84,9,93,40,4,44,137
08/06/2004,JEF,MO,ACE,CE,Federal Contract Tower,0,3,28,3,34,0,0,61,10,71,0,3,89,13,105,96,6,102,207
08/07/2004,JEF,MO,ACE,CE,Federal Contract Tower,0,1,11,1,13,0,1,42,2,45,0,2,53,3,58,26,0,26,84
08/08/2004,JEF,MO,ACE,CE,Federal Contract Tower,0,1,15,2,18,0,0,29,0,29,0,1,44,2,47,14,0,14,61
08/09/2004,JEF,MO,ACE,CE,Federal Contract Tower,0,2,22,2,26,0,1,24,6,31,0,3,46,8,57,36,42,78,135
08/10/2004,JEF,MO,ACE,CE,Federal Contract Tower,0,2,22,2,26,0,0,37,16,53,0,2,59,18,79,66,12,78,157
08/11/2004,JEF,MO,ACE,CE,Federal Contract Tower,0,3,30,3,36,0,1,25,12,38,0,4,55,15,74,34,8,42,116
08/12/2004,JEF,MO,ACE,CE,Federal Contract Tower,0,0,22,2,24,0,0,49,13,62,0,0,71,15,86,28,22,50,136
08/13/2004,JEF,MO,ACE,CE,Federal Contract Tower,0,3,22,2,27,0,1,45,10,56,0,4,67,12,83,34,0,34,117
08/14/2004,JEF,MO,ACE,CE,Federal Contract Tower,0,1,16,2,19,0,1,29,0,30,0,2,45,2,49,18,0,18,67
08/15/2004,JEF,MO,ACE,CE,Federal Contract Tower,0,2,19,2,23,0,1,32,0,33,0,3,51,2,56,14,0,14,70
08/16/2004,JEF,MO,ACE,CE,Federal Contract Tower,0,2,26,3,31,0,1,57,1,59,0,3,83,4,90,42,2,44,134
08/17/2004,JEF,MO,ACE,CE,Federal Contract Tower,0,2,16,2,20,0,3,19,5,27,0,5,35,7,47,60,4,64,111
08/18/2004,JEF,MO,ACE,CE,Federal Contract Tower,0,3,34,2,39,0,0,48,8,56,0,3,82,10,95,34,18,52,147
08/19/2004,JEF,MO,ACE,CE,Federal Contract Tower,0,1,29,2,32,0,0,15,8,23,0,1,44,10,55,32,2,34,89
08/20/2004,JEF,MO,ACE,CE,Federal Contract Tower,0,2,28,2,32,0,0,0,1,1,0,2,28,3,33,0,0,0,33
08/21/2004,JEF,MO,ACE,CE,Federal Contract Tower,0,0,14,1,15,0,0,36,3,39,0,0,50,4,54,14,2,16,70
08/22/2004,JEF,MO,ACE,CE,Federal Contract Tower,0,1,14,0,15,0,1,39,0,40,0,2,53,0,55,48,0,48,103
08/23/2004,JEF,MO,ACE,CE,Federal Contract Tower,0,0,12,0,12,0,0,9,0,9,0,0,21,0,21,8,0,8,29
08/24/2004,JEF,MO,ACE,CE,Federal Contract Tower,0,0,12,0,12,0,0,6,6,12,0,0,18,6,24,0,0,0,24
08/25/2004,JEF,MO,ACE,CE,Federal Contract Tower,0,2,27,2,31,0,0,13,4,17,0,2,40,6,48,22,0,22,70
08/26/2004,JEF,MO,ACE,CE,Federal Contract Tower,0,3,39,2,44,0,1,47,0,48,0,4,86,2,92,48,0,48,140
08/27/2004,JEF,MO,ACE,CE,Federal Contract Tower,0,2,19,1,22,0,0,31,8,39,0,2,50,9,61,19,14,33,94
08/28/2004,JEF,MO,ACE,CE,Federal Contract Tower,0,1,12,0,13,0,1,5,0,6,0,2,17,0,19,0,0,0,19
08/29/2004,JEF,MO,ACE,CE,Federal Contract Tower,0,0,15,1,16,0,0,21,1,22,0,0,36,2,38,30,0,30,68
08/30/2004,JEF,MO,ACE,CE,Federal Contract Tower,0,2,21,1,24,0,0,56,8,64,0,2,77,9,88,38,2,40,128
08/31/2004,JEF,MO,ACE,CE,Federal Contract Tower,0,2,21,1,24,0,2,41,25,68,0,4,62,26,92,42,8,50,142
09/01/2004,JEF,MO,ACE,CE,Federal Contract Tower,0,0,29,3,32,0,0,56,8,64,0,0,85,11,96,24,2,26,122
09/02/2004,JEF,MO,ACE,CE,Federal Contract Tower,0,0,0,0,0,0,0,64,11,75,0,0,64,11,75,26,0,26,101
09/03/2004,JEF,MO,ACE,CE,Federal Contract Tower,0,1,14,1,16,0,3,19,1,23,0,4,33,2,39,34,0,34,73
09/04/2004,JEF,MO,ACE,CE,Federal Contract Tower,0,0,5,0,5,0,0,22,0,22,0,0,27,0,27,16,0,16,43
09/05/2004,JEF,MO,ACE,CE,Federal Contract Tower,0,0,5,0,5,0,0,36,2,38,0,0,41,2,43,20,0,20,63
09/06/2004,JEF,MO,ACE,CE,Federal Contract Tower,0,1,8,0,9,0,1,30,2,33,0,2,38,2,42,18,0,18,60
09/07/2004,JEF,MO,ACE,CE,Federal Contract Tower,0,2,21,2,25,0,3,19,7,29,0,5,40,9,54,24,0,24,78
09/08/2004,JEF,MO,ACE,CE,Federal Contract Tower,0,2,28,3,33,0,0,50,11,61,0,2,78,14,94,42,2,44,138
09/09/2004,JEF,MO,ACE,CE,Federal Contract Tower,0,1,15,1,17,0,0,34,12,46,0,1,49,13,63,26,0,26,89
09/10/2004,JEF,MO,ACE,CE,Federal Contract Tower,0,1,30,2,33,0,0,50,10,60,0,1,80,12,93,38,4,42,135
09/11/2004,JEF,MO,ACE,CE,Federal Contract Tower,0,0,14,0,14,0,0,36,16,52,0,0,50,16,66,20,0,20,86
09/12/2004,JEF,MO,ACE,CE,Federal Contract Tower,0,0,20,1,21,0,0,51,12,63,0,0,71,13,84,16,14,30,114
09/13/2004,JEF,MO,ACE,CE,Federal Contract Tower,0,1,19,1,21,0,0,40,10,50,0,1,59,11,71,28,0,28,99
09/14/2004,JEF,MO,ACE,CE,Federal Contract Tower,0,2,15,1,18,0,0,35,8,43,0,2,50,9,61,8,6,14,75
09/15/2004,JEF,MO,ACE,CE,Federal Contract Tower,0,1,28,4,33,0,2,6,1,9,0,3,34,5,42,0,8,8,50
09/16/2004,JEF,MO,ACE,CE,Federal Contract Tower,0,1,21,2,24,0,1,32,19,52,0,2,53,21,76,66,14,80,156
09/17/2004,JEF,MO,ACE,CE,Federal Contract Tower,0,0,24,3,27,0,0,49,3,52,0,0,73,6,79,47,0,47,126
09/18/2004,JEF,MO,ACE,CE,Federal Contract Tower,0,0,9,0,9,0,0,8,1,9,0,0,17,1,18,22,0,22,40
09/19/2004,JEF,MO,ACE,CE,Federal Contract Tower,0,0,15,2,17,0,2,24,1,27,0,2,39,3,44,12,0,12,56
09/20/2004,JEF,MO,ACE,CE,Federal Contract Tower,0,2,33,2,37,0,0,46,4,50,0,2,79,6,87,30,0,30,117
09/21/2004,JEF,MO,ACE,CE,Federal Contract Tower,0,1,18,1,20,0,1,33,3,37,0,2,51,4,57,32,0,32,89
09/22/2004,JEF,MO,ACE,CE,Federal Contract Tower,0,2,32,2,36,0,0,32,2,34,0,2,64,4,70,30,0,30,100
09/23/2004,JEF,MO,ACE,CE,Federal Contract Tower,0,2,32,2,36,0,0,26,5,31,0,2,58,7,67,18,0,18,85
09/24/2004,JEF,MO,ACE,CE,Federal Contract Tower,0,1,23,2,26,0,2,48,6,56,0,3,71,8,82,38,10,48,130
09/25/2004,JEF,MO,ACE,CE,Federal Contract Tower,0,0,14,0,14,0,0,41,4,45,0,0,55,4,59,22,0,22,81
09/26/2004,JEF,MO,ACE,CE,Federal Contract Tower,0,1,19,1,21,0,1,43,2,46,0,2,62,3,67,60,0,60,127
09/27/2004,JEF,MO,ACE,CE,Federal Contract Tower,0,1,25,2,28,0,1,30,1,32,0,2,55,3,60,10,0,10,70
09/28/2004,JEF,MO,ACE,CE,Federal Contract Tower,0,0,17,1,18,0,0,37,11,48,0,0,54,12,66,42,0,42,108
09/29/2004,JEF,MO,ACE,CE,Federal Contract Tower,0,0,28,2,30,0,0,55,6,61,0,0,83,8,91,96,0,96,187
09/30/2004,JEF,MO,ACE,CE,Federal Contract Tower,0,2,31,2,35,0,1,55,18,74,0,3,86,20,109,14,0,14,123
10/01/2004,JEF,MO,ACE,CE,Federal Contract Tower,0,0,18,0,18,0,0,22,6,28,0,0,40,6,46,32,8,40,86
10/02/2004,JEF,MO,ACE,CE,Federal Contract Tower,0,0,7,2,9,0,0,47,9,56,0,0,54,11,65,30,6,36,101
10/03/2004,JEF,MO,ACE,CE,Federal Contract Tower,0,0,14,2,16,0,0,55,2,57,0,0,69,4,73,16,0,16,89
10/04/2004,JEF,MO,ACE,CE,Federal Contract Tower,0,2,25,2,29,0,0,44,12,56,0,2,69,14,85,46,4,50,135
10/05/2004,JEF,MO,ACE,CE,Federal Contract Tower,0,8,26,3,37,0,6,48,7,61,0,14,74,10,98,24,20,44,142
10/06/2004,JEF,MO,ACE,CE,Federal Contract Tower,0,4,15,0,19,0,0,34,9,43,0,4,49,9,62,16,0,16,78
10/07/2004,JEF,MO,ACE,CE,Federal Contract Tower,0,5,22,0,27,0,0,12,11,23,0,5,34,11,50,28,2,30,80
10/08/2004,JEF,MO,ACE,CE,Federal Contract Tower,0,0,18,0,18,0,0,10,0,10,0,0,28,0,28,10,0,10,38
10/09/2004,JEF,MO,ACE,CE,Federal Contract Tower,0,0,15,1,16,0,0,138,1,139,0,0,153,2,155,8,0,8,163
10/10/2004,JEF,MO,ACE,CE,Federal Contract Tower,0,0,8,0,8,0,0,21,0,21,0,0,29,0,29,54,0,54,83
10/11/2004,JEF,MO,ACE,CE,Federal Contract Tower,0,2,10,0,12,0,0,3,0,3,0,2,13,0,15,0,0,0,15
10/12/2004,JEF,MO,ACE,CE,Federal Contract Tower,0,2,21,1,24,0,0,0,1,1,0,2,21,2,25,0,0,0,25
10/13/2004,JEF,MO,ACE,CE,Federal Contract Tower,0,4,34,0,38,0,0,23,7,30,0,4,57,7,68,22,2,24,92
10/14/2004,JEF,MO,ACE,CE,Federal Contract Tower,0,4,20,0,24,0,0,0,6,6,0,4,20,6,30,2,10,12,42
10/15/2004,JEF,MO,ACE,CE,Federal Contract Tower,0,4,28,0,32,0,0,25,10,35,0,4,53,10,67,24,0,24,91
10/16/2004,JEF,MO,ACE,CE,Federal Contract Tower,0,0,10,0,10,0,0,29,8,37,0,0,39,8,47,24,0,24,71
10/17/2004,JEF,MO,ACE,CE,Federal Contract Tower,0,0,14,0,14,0,0,39,4,43,0,0,53,4,57,8,0,8,65
10/18/2004,JEF,MO,ACE,CE,Federal Contract Tower,0,2,17,2,21,0,1,10,0,11,0,3,27,2,32,2,0,2,34
10/19/2004,JEF,MO,ACE,CE,Federal Contract Tower,0,0,34,0,34,0,0,9,0,9,0,0,43,0,43,0,0,0,43
10/20/2004,JEF,MO,ACE,CE,Federal Contract Tower,0,2,23,2,27,0,0,3,2,5,0,2,26,4,32,2,0,2,34
10/21/2004,JEF,MO,ACE,CE,Federal Contract Tower,0,6,41,4,51,0,0,24,3,27,0,6,65,7,78,8,0,8,86
10/22/2004,JEF,MO,ACE,CE,Federal Contract Tower,0,8,9,1,18,0,0,10,0,10,0,8,19,1,28,44,0,44,72
10/23/2004,JEF,MO,ACE,CE,Federal Contract Tower,0,2,9,2,13,0,0,21,7,28,0,2,30,9,41,2,12,14,55
10/24/2004,JEF,MO,ACE,CE,Federal Contract Tower,0,0,20,2,22,0,0,75,6,81,0,0,95,8,103,56,26,82,185
10/25/2004,JEF,MO,ACE,CE,Federal Contract Tower,0,6,26,0,32,0,0,52,15,67,0,6,78,15,99,74,2,76,175
10/26/2004,JEF,MO,ACE,CE,Federal Contract Tower,0,0,31,2,33,0,0,6,0,6,0,0,37,2,39,0,0,0,39
10/27/2004,JEF,MO,ACE,CE,Federal Contract Tower,0,0,17,0,17,0,0,3,2,5,0,0,20,2,22,0,6,6,28
10/28/2004,JEF,MO,ACE,CE,Federal Contract Tower,0,0,25,2,27,0,0,4,2,6,0,0,29,4,33,44,0,44,77
10/29/2004,JEF,MO,ACE,CE,Federal Contract Tower,0,2,24,3,29,0,0,5,6,11,0,2,29,9,40,0,2,2,42
10/30/2004,JEF,MO,ACE,CE,Federal Contract Tower,0,0,10,0,10,0,0,35,0,35,0,0,45,0,45,0,0,0,45
10/31/2004,JEF,MO,ACE,CE,Federal Contract Tower,0,0,8,0,8,0,0,19,0,19,0,0,27,0,27,10,0,10,37
11/01/2004,JEF,MO,ACE,CE,Federal Contract Tower,0,0,18,4,22,0,0,2,0,2,0,0,20,4,24,0,0,0,24
11/02/2004,JEF,MO,ACE,CE,Federal Contract Tower,0,1,16,2,19,0,0,10,2,12,0,1,26,4,31,0,0,0,31
11/03/2004,JEF,MO,ACE,CE,Federal Contract Tower,0,4,15,3,22,0,0,13,3,16,0,4,28,6,38,26,38,64,102
11/04/2004,JEF,MO,ACE,CE,Federal Contract Tower,0,1,25,0,26,0,0,16,3,19,0,1,41,3,45,0,6,6,51
11/05/2004,JEF,MO,ACE,CE,Federal Contract Tower,0,1,18,0,19,0,0,51,4,55,0,1,69,4,74,14,8,22,96
11/06/2004,JEF,MO,ACE,CE,Federal Contract Tower,0,5,21,2,28,0,0,21,2,23,0,5,42,4,51,18,0,18,69
11/07/2004,JEF,MO,ACE,CE,Federal Contract Tower,0,2,9,2,13,0,0,32,2,34,0,2,41,4,47,16,0,16,63
11/08/2004,JEF,MO,ACE,CE,Federal Contract Tower,0,0,20,3,23,0,0,41,18,59,0,0,61,21,82,16,26,42,124
11/09/2004,JEF,MO,ACE,CE,Federal Contract Tower,0,2,39,1,42,0,0,53,17,70,0,2,92,18,112,22,36,58,170
11/10/2004,JEF,MO,ACE,CE,Federal Contract Tower,0,0,28,3,31,0,0,9,5,14,0,0,37,8,45,10,0,10,55
11/11/2004,JEF,MO,ACE,CE,Federal Contract Tower,0,2,11,0,13,0,0,0,1,1,0,2,11,1,14,0,20,20,34
11/12/2004,JEF,MO,ACE,CE,Federal Contract Tower,0,0,16,2,18,0,0,41,6,47,0,0,57,8,65,16,6,22,87
11/13/2004,JEF,MO,ACE,CE,Federal Contract Tower,0,0,6,2,8,0,0,25,0,25,0,0,31,2,33,20,0,20,53
11/14/2004,JEF,MO,ACE,CE,Federal Contract Tower,0,1,5,2,8,0,0,27,0,27,0,1,32,2,35,2,12,14,49
11/15/2004,JEF,MO,ACE,CE,Federal Contract Tower,0,0,25,2,27,0,0,27,11,38,0,0,52,13,65,8,32,40,105
11/16/2004,JEF,MO,ACE,CE,Federal Contract Tower,0,0,20,5,25,0,1,5,2,8,0,1,25,7,33,0,0,0,33
11/17/2004,JEF,MO,ACE,CE,Federal Contract Tower,0,1,20,3,24,0,2,32,7,41,0,3,52,10,65,12,0,12,77
11/18/2004,JEF,MO,ACE,CE,Federal Contract Tower,0,0,29,0,29,0,0,2,0,2,0,0,31,0,31,0,0,0,31
11/19/2004,JEF,MO,ACE,CE,Federal Contract Tower,0,0,40,7,47,0,0,1,5,6,0,0,41,12,53,2,20,22,75
11/20/2004,JEF,MO,ACE,CE,Federal Contract Tower,0,0,0,0,0,0,0,23,7,30,0,0,23,7,30,0,0,0,30
11/21/2004,JEF,MO,ACE,CE,Federal Contract Tower,0,0,0,0,0,0,0,36,3,39,0,0,36,3,39,2,0,2,41
11/22/2004,JEF,MO,ACE,CE,Federal Contract Tower,0,2,24,2,28,0,0,5,0,5,0,2,29,2,33,0,86,86,119
11/23/2004,JEF,MO,ACE,CE,Federal Contract Tower,0,3,21,5,29,0,0,5,10,15,0,3,26,15,44,0,18,18,62
11/24/2004,JEF,MO,ACE,CE,Federal Contract Tower,0,2,8,0,10,0,0,0,0,0,0,2,8,0,10,0,0,0,10
11/25/2004,JEF,MO,ACE,CE,Federal Contract Tower,0,0,2,0,2,0,0,19,0,19,0,0,21,0,21,0,0,0,21
11/26/2004,JEF,MO,ACE,CE,Federal Contract Tower,0,0,7,0,7,0,0,23,0,23,0,0,30,0,30,18,0,18,48
11/27/2004,JEF,MO,ACE,CE,Federal Contract Tower,0,0,8,0,8,0,0,0,0,0,0,0,8,0,8,0,0,0,8
11/28/2004,JEF,MO,ACE,CE,Federal Contract Tower,0,0,0,0,0,0,3,46,0,49,0,3,46,0,49,32,0,32,81
11/29/2004,JEF,MO,ACE,CE,Federal Contract Tower,0,4,9,4,17,0,0,0,0,0,0,4,9,4,17,0,0,0,17
11/30/2004,JEF,MO,ACE,CE,Federal Contract Tower,0,2,19,0,21,0,0,0,0,0,0,2,19,0,21,0,0,0,21
12/01/2004,JEF,MO,ACE,CE,Federal Contract Tower,0,0,19,0,19,0,0,35,13,48,0,0,54,13,67,32,4,36,103
12/02/2004,JEF,MO,ACE,CE,Federal Contract Tower,0,2,15,6,23,0,0,36,5,41,0,2,51,11,64,18,0,18,82
12/03/2004,JEF,MO,ACE,CE,Federal Contract Tower,0,0,19,8,27,0,0,47,12,59,0,0,66,20,86,0,17,17,103
12/04/2004,JEF,MO,ACE,CE,Federal Contract Tower,0,0,16,2,18,0,0,18,1,19,0,0,34,3,37,10,0,10,47
12/05/2004,JEF,MO,ACE,CE,Federal Contract Tower,0,4,7,1,12,0,0,3,0,3,0,4,10,1,15,0,0,0,15
12/06/2004,JEF,MO,ACE,CE,Federal Contract Tower,0,0,21,4,25,0,0,13,4,17,0,0,34,8,42,2,8,10,52
12/07/2004,JEF,MO,ACE,CE,Federal Contract Tower,0,2,22,2,26,0,0,10,3,13,0,2,32,5,39,2,24,26,65
12/08/2004,JEF,MO,ACE,CE,Federal Contract Tower,0,1,37,2,40,0,0,21,10,31,0,1,58,12,71,12,14,26,97
12/09/2004,JEF,MO,ACE,CE,Federal Contract Tower,0,0,33,3,36,0,0,29,18,47,0,0,62,21,83,14,10,24,107
12/10/2004,JEF,MO,ACE,CE,Federal Contract Tower,0,4,18,6,28,0,1,4,5,10,0,5,22,11,38,12,22,34,72
12/11/2004,JEF,MO,ACE,CE,Federal Contract Tower,0,0,9,4,13,0,0,4,0,4,0,0,13,4,17,6,6,12,29
12/12/2004,JEF,MO,ACE,CE,Federal Contract Tower,0,2,13,0,15,0,0,21,10,31,0,2,34,10,46,116,0,116,162
12/13/2004,JEF,MO,ACE,CE,Federal Contract Tower,0,13,20,6,39,0,0,26,6,32,0,13,46,12,71,36,8,44,115
12/14/2004,JEF,MO,ACE,CE,Federal Contract Tower,0,2,19,3,24,0,0,19,7,26,0,2,38,10,50,16,14,30,80
12/15/2004,JEF,MO,ACE,CE,Federal Contract Tower,0,0,23,2,25,0,0,31,4,35,0,0,54,6,60,0,0,0,60
12/16/2004,JEF,MO,ACE,CE,Federal Contract Tower,0,2,31,0,33,0,0,28,3,31,0,2,59,3,64,24,0,24,88
12/17/2004,JEF,MO,ACE,CE,Federal Contract Tower,0,2,28,2,32,0,0,41,10,51,0,2,69,12,83,30,12,42,125
12/18/2004,JEF,MO,ACE,CE,Federal Contract Tower,0,0,4,0,4,0,0,30,7,37,0,0,34,7,41,8,12,20,61
12/19/2004,JEF,MO,ACE,CE,Federal Contract Tower,0,0,4,2,6,0,0,26,0,26,0,0,30,2,32,32,0,32,64
12/20/2004,JEF,MO,ACE,CE,Federal Contract Tower,0,4,13,0,17,0,0,13,13,26,0,4,26,13,43,4,4,8,51
12/21/2004,JEF,MO,ACE,CE,Federal Contract Tower,0,4,20,2,26,0,1,47,8,56,0,5,67,10,82,8,24,32,114
12/22/2004,JEF,MO,ACE,CE,Federal Contract Tower,0,4,12,2,18,0,0,9,2,11,0,4,21,4,29,14,18,32,61
12/23/2004,JEF,MO,ACE,CE,Federal Contract Tower,0,0,4,2,6,0,0,23,1,24,0,0,27,3,30,4,0,4,34
12/24/2004,JEF,MO,ACE,CE,Federal Contract Tower,0,0,3,0,3,0,0,13,0,13,0,0,16,0,16,6,0,6,22
12/25/2004,JEF,MO,ACE,CE,Federal Contract Tower,0,0,2,0,2,0,0,4,0,4,0,0,6,0,6,0,0,0,6
12/26/2004,JEF,MO,ACE,CE,Federal Contract Tower,0,0,10,0,10,0,0,29,0,29,0,0,39,0,39,22,0,22,61
12/27/2004,JEF,MO,ACE,CE,Federal Contract Tower,0,0,3,1,4,0,0,27,0,27,0,0,30,1,31,30,0,30,61
12/28/2004,JEF,MO,ACE,CE,Federal Contract Tower,0,0,17,0,17,0,0,14,2,16,0,0,31,2,33,46,6,52,85
12/29/2004,JEF,MO,ACE,CE,Federal Contract Tower,0,0,12,0,12,0,0,32,8,40,0,0,44,8,52,10,0,10,62
12/30/2004,JEF,MO,ACE,CE,Federal Contract Tower,0,0,5,1,6,0,0,14,0,14,0,0,19,1,20,4,0,4,24
12/31/2004,JEF,MO,ACE,CE,Federal Contract Tower,0,0,9,0,9,0,0,26,0,26,0,0,35,0,35,26,0,26,61
01/01/2005,JEF,MO,ACE,CE,Federal Contract Tower,0,0,1,0,1,0,0,2,0,2,0,0,3,0,3,0,2,2,5
01/02/2005,JEF,MO,ACE,CE,Federal Contract Tower,0,2,16,0,18,0,0,0,0,0,0,2,16,0,18,0,0,0,18
01/03/2005,JEF,MO,ACE,CE,Federal Contract Tower,0,0,16,3,19,0,0,5,0,5,0,0,21,3,24,0,0,0,24
01/04/2005,JEF,MO,ACE,CE,Federal Contract Tower,0,2,12,1,15,0,0,1,0,1,0,2,13,1,16,0,32,32,48
01/05/2005,JEF,MO,ACE,CE,Federal Contract Tower,0,0,5,0,5,0,0,1,3,4,0,0,6,3,9,0,38,38,47
01/06/2005,JEF,MO,ACE,CE,Federal Contract Tower,0,2,17,1,20,0,0,7,4,11,0,2,24,5,31,0,22,22,53
01/07/2005,JEF,MO,ACE,CE,Federal Contract Tower,0,0,11,1,12,0,0,20,4,24,0,0,31,5,36,14,36,50,86
01/08/2005,JEF,MO,ACE,CE,Federal Contract Tower,0,0,10,0,10,0,0,6,7,13,0,0,16,7,23,0,0,0,23
01/09/2005,JEF,MO,ACE,CE,Federal Contract Tower,0,2,24,4,30,0,0,27,2,29,0,2,51,6,59,16,22,38,97
01/10/2005,JEF,MO,ACE,CE,Federal Contract Tower,0,6,41,5,52,0,0,7,0,7,0,6,48,5,59,0,58,58,117
01/11/2005,JEF,MO,ACE,CE,Federal Contract Tower,0,1,24,2,27,0,0,0,0,0,0,1,24,2,27,0,0,0,27
01/12/2005,JEF,MO,ACE,CE,Federal Contract Tower,0,0,9,2,11,0,1,3,7,11,0,1,12,9,22,4,20,24,46
01/13/2005,JEF,MO,ACE,CE,Federal Contract Tower,0,2,12,2,16,0,0,11,11,22,0,2,23,13,38,0,36,36,74
01/14/2005,JEF,MO,ACE,CE,Federal Contract Tower,0,0,31,4,35,0,0,32,5,37,0,0,63,9,72,10,24,34,106
01/15/2005,JEF,MO,ACE,CE,Federal Contract Tower,0,0,4,0,4,0,0,14,0,14,0,0,18,0,18,0,0,0,18
01/16/2005,JEF,MO,ACE,CE,Federal Contract Tower,0,0,6,0,6,0,0,17,0,17,0,0,23,0,23,8,0,8,31
01/17/2005,JEF,MO,ACE,CE,Federal Contract Tower,0,0,17,2,19,0,0,23,4,27,0,0,40,6,46,14,30,44,90
01/18/2005,JEF,MO,ACE,CE,Federal Contract Tower,0,4,23,2,29,0,2,28,8,38,0,6,51,10,67,4,24,28,95
01/19/2005,JEF,MO,ACE,CE,Federal Contract Tower,0,0,22,2,24,0,0,26,11,37,0,0,48,13,61,8,14,22,83
01/20/2005,JEF,MO,ACE,CE,Federal Contract Tower,0,0,18,2,20,0,0,49,9,58,0,0,67,11,78,26,8,34,112
01/21/2005,JEF,MO,ACE,CE,Federal Contract Tower,0,0,13,2,15,0,0,0,11,11,0,0,13,13,26,0,22,22,48
01/22/2005,JEF,MO,ACE,CE,Federal Contract Tower,0,0,9,3,12,0,0,3,0,3,0,0,12,3,15,0,8,8,23
01/23/2005,JEF,MO,ACE,CE,Federal Contract Tower,0,0,5,2,7,0,0,27,0,27,0,0,32,2,34,8,0,8,42
01/24/2005,JEF,MO,ACE,CE,Federal Contract Tower,0,0,26,2,28,0,0,46,13,59,0,0,72,15,87,60,32,92,179
01/25/2005,JEF,MO,ACE,CE,Federal Contract Tower,0,5,32,2,39,0,0,57,14,71,0,5,89,16,110,32,16,48,158
01/26/2005,JEF,MO,ACE,CE,Federal Contract Tower,0,5,32,0,37,0,0,26,7,33,0,5,58,7,70,6,2,8,78
01/27/2005,JEF,MO,ACE,CE,Federal Contract Tower,0,0,32,0,32,0,0,24,14,38,0,0,56,14,70,28,16,44,114
01/28/2005,JEF,MO,ACE,CE,Federal Contract Tower,0,3,18,0,21,0,0,10,5,15,0,3,28,5,36,8,10,18,54
01/29/2005,JEF,MO,ACE,CE,Federal Contract Tower,0,2,4,0,6,0,0,0,0,0,0,2,4,0,6,0,0,0,6
01/30/2005,JEF,MO,ACE,CE,Federal Contract Tower,0,0,6,0,6,0,0,9,0,9,0,0,15,0,15,22,0,22,37
01/31/2005,JEF,MO,ACE,CE,Federal Contract Tower,0,2,12,0,14,0,0,1,0,1,0,2,13,0,15,0,0,0,15
02/01/2005,JEF,MO,ACE,CE,Federal Contract Tower,0,1,15,0,16,0,0,23,9,32,0,1,38,9,48,22,8,30,78
02/02/2005,JEF,MO,ACE,CE,Federal Contract Tower,0,0,18,6,24,0,0,6,7,13,0,0,24,13,37,0,0,0,37
02/03/2005,JEF,MO,ACE,CE,Federal Contract Tower,0,0,28,3,31,0,0,19,4,23,0,0,47,7,54,10,6,16,70
02/04/2005,JEF,MO,ACE,CE,Federal Contract Tower,0,2,30,4,36,0,2,47,7,56,0,4,77,11,92,52,12,64,156
02/05/2005,JEF,MO,ACE,CE,Federal Contract Tower,0,0,7,0,7,0,0,29,5,34,0,0,36,5,41,14,0,14,55
02/06/2005,JEF,MO,ACE,CE,Federal Contract Tower,0,0,8,4,12,0,0,9,2,11,0,0,17,6,23,4,2,6,29
02/07/2005,JEF,MO,ACE,CE,Federal Contract Tower,0,3,26,1,30,0,0,8,11,19,0,3,34,12,49,0,24,24,73
02/08/2005,JEF,MO,ACE,CE,Federal Contract Tower,0,4,25,4,33,0,0,12,2,14,0,4,37,6,47,0,28,28,75
02/09/2005,JEF,MO,ACE,CE,Federal Contract Tower,0,6,36,1,43,0,0,17,3,20,0,6,53,4,63,4,18,22,85
02/10/2005,JEF,MO,ACE,CE,Federal Contract Tower,0,0,20,2,22,0,0,42,20,62,0,0,62,22,84,42,0,42,126
02/11/2005,JEF,MO,ACE,CE,Federal Contract Tower,0,1,23,2,26,0,0,50,6,56,0,1,73,8,82,30,2,32,114
02/12/2005,JEF,MO,ACE,CE,Federal Contract Tower,0,1,4,2,7,0,0,27,0,27,0,1,31,2,34,10,0,10,44
02/13/2005,JEF,MO,ACE,CE,Federal Contract Tower,0,0,9,0,9,0,0,0,0,0,0,0,9,0,9,0,0,0,9
02/14/2005,JEF,MO,ACE,CE,Federal Contract Tower,0,0,23,2,25,0,2,48,4,54,0,2,71,6,79,58,2,60,139
02/15/2005,JEF,MO,ACE,CE,Federal Contract Tower,0,0,27,4,31,0,0,45,10,55,0,0,72,14,86,88,4,92,178
02/16/2005,JEF,MO,ACE,CE,Federal Contract Tower,0,2,20,0,22,0,0,40,4,44,0,2,60,4,66,48,0,48,114
02/17/2005,JEF,MO,ACE,CE,Federal Contract Tower,0,0,12,2,14,0,0,58,13,71,0,0,70,15,85,36,0,36,121
02/18/2005,JEF,MO,ACE,CE,Federal Contract Tower,0,1,21,4,26,0,0,16,4,20,0,1,37,8,46,24,4,28,74
02/19/2005,JEF,MO,ACE,CE,Federal Contract Tower,0,4,8,0,12,0,0,6,0,6,0,4,14,0,18,26,0,26,44
02/20/2005,JEF,MO,ACE,CE,Federal Contract Tower,0,0,2,0,2,0,0,14,0,14,0,0,16,0,16,10,0,10,26
02/21/2005,JEF,MO,ACE,CE,Federal Contract Tower,0,2,15,4,21,0,6,28,0,34,0,8,43,4,55,18,0,18,73
02/22/2005,JEF,MO,ACE,CE,Federal Contract Tower,0,2,36,0,38,0,0,37,7,44,0,2,73,7,82,88,16,104,186
02/23/2005,JEF,MO,ACE,CE,Federal Contract Tower,0,0,26,2,28,0,0,15,8,23,0,0,41,10,51,42,4,46,97
02/24/2005,JEF,MO,ACE,CE,Federal Contract Tower,0,0,23,2,25,0,0,6,7,13,0,0,29,9,38,0,20,20,58
02/25/2005,JEF,MO,ACE,CE,Federal Contract Tower,0,2,25,2,29,0,0,49,5,54,0,2,74,7,83,34,0,34,117
02/26/2005,JEF,MO,ACE,CE,Federal Contract Tower,0,0,5,0,5,0,0,47,0,47,0,0,52,0,52,26,0,26,78
02/27/2005,JEF,MO,ACE,CE,Federal Contract Tower,0,0,5,0,5,0,0,7,0,7,0,0,12,0,12,18,0,18,30
02/28/2005,JEF,MO,ACE,CE,Federal Contract Tower,0,6,16,0,22,0,0,27,0,27,0,6,43,0,49,14,0,14,63
03/01/2005,JEF,MO,ACE,CE,Federal Contract Tower,0,7,11,0,18,0,0,33,9,42,0,7,44,9,60,16,2,18,78
03/02/2005,JEF,MO,ACE,CE,Federal Contract Tower,0,0,26,1,27,0,0,40,13,53,0,0,66,14,80,18,22,40,120
03/03/2005,JEF,MO,ACE,CE,Federal Contract Tower,0,0,9,3,12,0,0,41,11,52,0,0,50,14,64,24,4,28,92
03/04/2005,JEF,MO,ACE,CE,Federal Contract Tower,0,0,17,0,17,0,0,37,17,54,0,0,54,17,71,28,10,38,109
03/05/2005,JEF,MO,ACE,CE,Federal Contract Tower,0,0,5,0,5,0,0,34,0,34,0,0,39,0,39,24,0,24,63
03/06/2005,JEF,MO,ACE,CE,Federal Contract Tower,0,0,17,3,20,0,0,35,2,37,0,0,52,5,57,30,0,30,87
03/07/2005,JEF,MO,ACE,CE,Federal Contract Tower,0,4,18,2,24,0,0,23,10,33,0,4,41,12,57,0,6,6,63
03/08/2005,JEF,MO,ACE,CE,Federal Contract Tower,0,0,43,0,43,0,0,44,15,59,0,0,87,15,102,26,16,42,144
03/09/2005,JEF,MO,ACE,CE,Federal Contract Tower,0,2,23,3,28,0,0,33,7,40,0,2,56,10,68,4,0,4,72
03/10/2005,JEF,MO,ACE,CE,Federal Contract Tower,0,3,17,2,22,0,0,26,4,30,0,3,43,6,52,10,14,24,76
03/11/2005,JEF,MO,ACE,CE,Federal Contract Tower,0,0,34,4,38,0,0,7,6,13,0,0,41,10,51,4,16,20,71
03/12/2005,JEF,MO,ACE,CE,Federal Contract Tower,0,0,4,0,4,0,0,35,2,37,0,0,39,2,41,22,0,22,63
03/13/2005,JEF,MO,ACE,CE,Federal Contract Tower,0,0,10,0,10,0,0,34,1,35,0,0,44,1,45,48,2,50,95
03/14/2005,JEF,MO,ACE,CE,Federal Contract Tower,0,2,15,1,18,0,0,50,4,54,0,2,65,5,72,70,10,80,152
03/15/2005,JEF,MO,ACE,CE,Federal Contract Tower,0,1,26,0,27,0,0,31,9,40,0,1,57,9,67,28,40,68,135
03/16/2005,JEF,MO,ACE,CE,Federal Contract Tower,0,0,25,3,28,0,0,37,8,45,0,0,62,11,73,6,14,20,93
03/17/2005,JEF,MO,ACE,CE,Federal Contract Tower,0,9,20,1,30,0,0,50,9,59,0,9,70,10,89,0,4,4,93
03/18/2005,JEF,MO,ACE,CE,Federal Contract Tower,0,2,17,6,25,0,0,21,0,21,0,2,38,6,46,2,4,6,52
03/19/2005,JEF,MO,ACE,CE,Federal Contract Tower,0,0,19,0,19,0,2,29,4,35,0,2,48,4,54,8,36,44,98
03/20/2005,JEF,MO,ACE,CE,Federal Contract Tower,0,0,15,0,15,0,0,49,0,49,0,0,64,0,64,40,0,40,104
03/21/2005,JEF,MO,ACE,CE,Federal Contract Tower,0,0,19,0,19,0,0,26,3,29,0,0,45,3,48,0,10,10,58
03/22/2005,JEF,MO,ACE,CE,Federal Contract Tower,0,0,27,0,27,0,0,6,1,7,0,0,33,1,34,0,18,18,52
03/23/2005,JEF,MO,ACE,CE,Federal Contract Tower,0,0,11,0,11,0,0,9,3,12,0,0,20,3,23,0,2,2,25
03/24/2005,JEF,MO,ACE,CE,Federal Contract Tower,0,2,30,2,34,0,0,9,2,11,0,2,39,4,45,14,0,14,59
03/25/2005,JEF,MO,ACE,CE,Federal Contract Tower,0,0,11,0,11,0,0,11,0,11,0,0,22,0,22,0,20,20,42
03/26/2005,JEF,MO,ACE,CE,Federal Contract Tower,0,0,3,0,3,0,1,0,0,1,0,1,3,0,4,0,0,0,4
03/27/2005,JEF,MO,ACE,CE,Federal Contract Tower,0,1,3,0,4,0,0,14,0,14,0,1,17,0,18,0,0,0,18
03/28/2005,JEF,MO,ACE,CE,Federal Contract Tower,0,0,0,0,0,0,3,82,15,100,0,3,82,15,100,28,38,66,166
03/29/2005,JEF,MO,ACE,CE,Federal Contract Tower,0,8,27,0,35,0,0,35,11,46,0,8,62,11,81,16,8,24,105
03/30/2005,JEF,MO,ACE,CE,Federal Contract Tower,0,0,46,0,46,0,0,24,11,35,0,0,70,11,81,4,28,32,113
03/31/2005,JEF,MO,ACE,CE,Federal Contract Tower,0,3,36,0,39,0,0,36,18,54,0,3,72,18,93,34,38,72,165
04/01/2005,JEF,MO,ACE,CE,Federal Contract Tower,0,3,33,2,38,0,2,19,9,30,0,5,52,11,68,16,0,16,84
04/02/2005,JEF,MO,ACE,CE,Federal Contract Tower,0,0,31,0,31,0,0,49,2,51,0,0,80,2,82,46,0,46,128
04/03/2005,JEF,MO,ACE,CE,Federal Contract Tower,0,4,22,2,28,0,0,42,1,43,0,4,64,3,71,30,2,32,103
04/04/2005,JEF,MO,ACE,CE,Federal Contract Tower,0,5,24,2,31,0,4,43,4,51,0,9,67,6,82,0,20,20,102
04/05/2005,JEF,MO,ACE,CE,Federal Contract Tower,0,2,26,2,30,0,0,41,30,71,0,2,67,32,101,32,18,50,151
04/06/2005,JEF,MO,ACE,CE,Federal Contract Tower,0,4,29,0,33,0,0,23,9,32,0,4,52,9,65,10,4,14,79
04/07/2005,JEF,MO,ACE,CE,Federal Contract Tower,0,5,34,1,40,0,0,3,5,8,0,5,37,6,48,0,22,22,70
04/08/2005,JEF,MO,ACE,CE,Federal Contract Tower,0,0,19,1,20,0,0,44,9,53,0,0,63,10,73,26,4,30,103
04/09/2005,JEF,MO,ACE,CE,Federal Contract Tower,0,0,9,0,9,0,0,45,3,48,0,0,54,3,57,26,0,26,83
04/10/2005,JEF,MO,ACE,CE,Federal Contract Tower,0,2,9,0,11,0,1,44,0,45,0,3,53,0,56,18,0,18,74
04/11/2005,JEF,MO,ACE,CE,Federal Contract Tower,0,7,25,1,33,0,0,15,8,23,0,7,40,9,56,2,70,72,128
04/12/2005,JEF,MO,ACE,CE,Federal Contract Tower,0,0,30,2,32,0,1,20,16,37,0,1,50,18,69,8,8,16,85
04/13/2005,JEF,MO,ACE,CE,Federal Contract Tower,0,3,37,2,42,0,0,41,13,54,0,3,78,15,96,32,10,42,138
04/14/2005,JEF,MO,ACE,CE,Federal Contract Tower,0,3,38,0,41,0,0,67,17,84,0,3,105,17,125,66,12,78,203
04/15/2005,JEF,MO,ACE,CE,Federal Contract Tower,0,2,20,0,22,0,0,61,13,74,0,2,81,13,96,62,12,74,170
04/16/2005,JEF,MO,ACE,CE,Federal Contract Tower,0,0,9,1,10,0,0,49,6,55,0,0,58,7,65,16,2,18,83
04/17/2005,JEF,MO,ACE,CE,Federal Contract Tower,0,0,6,0,6,0,0,27,2,29,0,0,33,2,35,62,0,62,97
04/18/2005,JEF,MO,ACE,CE,Federal Contract Tower,0,0,0,0,0,0,1,67,17,85,0,1,67,17,85,76,28,104,189
04/19/2005,JEF,MO,ACE,CE,Federal Contract Tower,0,3,16,2,21,0,0,42,7,49,0,3,58,9,70,34,24,58,128
04/20/2005,JEF,MO,ACE,CE,Federal Contract Tower,0,2,22,5,29,0,0,21,15,36,0,2,43,20,65,10,0,10,75
04/21/2005,JEF,MO,ACE,CE,Federal Contract Tower,0,0,21,2,23,0,0,10,3,13,0,0,31,5,36,52,0,52,88
04/22/2005,JEF,MO,ACE,CE,Federal Contract Tower,0,0,26,0,26,0,0,1,3,4,0,0,27,3,30,6,0,6,36
04/23/2005,JEF,MO,ACE,CE,Federal Contract Tower,0,4,6,0,10,0,0,10,2,12,0,4,16,2,22,0,0,0,22
04/24/2005,JEF,MO,ACE,CE,Federal Contract Tower,0,0,21,1,22,0,0,24,2,26,0,0,45,3,48,40,0,40,88
04/25/2005,JEF,MO,ACE,CE,Federal Contract Tower,0,2,20,2,24,0,3,20,4,27,0,5,40,6,51,36,0,36,87
04/26/2005,JEF,MO,ACE,CE,Federal Contract Tower,0,0,25,1,26,0,0,33,14,47,0,0,58,15,73,56,2,58,131
04/27/2005,JEF,MO,ACE,CE,Federal Contract Tower,0,1,33,0,34,0,0,33,7,40,0,1,66,7,74,42,0,42,116
04/28/2005,JEF,MO,ACE,CE,Federal Contract Tower,0,1,15,5,21,0,0,4,15,19,0,1,19,20,40,16,16,32,72
04/29/2005,JEF,MO,ACE,CE,Federal Contract Tower,0,3,33,1,37,0,0,13,5,18,0,3,46,6,55,62,8,70,125
04/30/2005,JEF,MO,ACE,CE,Federal Contract Tower,0,0,16,0,16,0,0,23,0,23,0,0,39,0,39,2,0,2,41
05/01/2005,JEF,MO,ACE,CE,Federal Contract Tower,0,0,34,0,34,0,0,38,2,40,0,0,72,2,74,40,0,40,114
05/02/2005,JEF,MO,ACE,CE,Federal Contract Tower,0,0,21,0,21,0,2,35,3,40,0,2,56,3,61,36,0,36,97
05/03/2005,JEF,MO,ACE,CE,Federal Contract Tower,0,1,30,0,31,0,0,41,16,57,0,1,71,16,88,118,2,120,208
05/04/2005,JEF,MO,ACE,CE,Federal Contract Tower,0,3,23,0,26,0,3,44,10,57,0,6,67,10,83,108,2,110,193
05/05/2005,JEF,MO,ACE,CE,Federal Contract Tower,0,1,17,6,24,0,0,58,3,61,0,1,75,9,85,90,2,92,177
05/06/2005,JEF,MO,ACE,CE,Federal Contract Tower,0,1,11,0,12,0,0,50,7,57,0,1,61,7,69,32,2,34,103
05/07/2005,JEF,MO,ACE,CE,Federal Contract Tower,0,0,16,2,18,0,0,25,3,28,0,0,41,5,46,8,0,8,54
05/08/2005,JEF,MO,ACE,CE,Federal Contract Tower,0,0,5,0,5,0,0,15,0,15,0,0,20,0,20,24,0,24,44
05/09/2005,JEF,MO,ACE,CE,Federal Contract Tower,0,0,0,2,2,0,0,26,5,31,0,0,26,7,33,16,12,28,61
05/10/2005,JEF,MO,ACE,CE,Federal Contract Tower,0,0,17,1,18,0,0,62,15,77,0,0,79,16,95,78,18,96,191
05/11/2005,JEF,MO,ACE,CE,Federal Contract Tower,0,0,34,2,36,0,0,36,3,39,0,0,70,5,75,64,0,64,139
05/12/2005,JEF,MO,ACE,CE,Federal Contract Tower,0,0,22,2,24,0,0,17,12,29,0,0,39,14,53,36,34,70,123
05/13/2005,JEF,MO,ACE,CE,Federal Contract Tower,0,0,13,2,15,0,0,21,14,35,0,0,34,16,50,80,22,102,152
05/14/2005,JEF,MO,ACE,CE,Federal Contract Tower,0,6,14,0,20,0,0,22,5,27,0,6,36,5,47,2,0,2,49
05/15/2005,JEF,MO,ACE,CE,Federal Contract Tower,0,1,13,2,16,0,0,31,2,33,0,1,44,4,49,12,0,12,61
05/16/2005,JEF,MO,ACE,CE,Federal Contract Tower,0,3,18,3,24,0,0,48,17,65,0,3,66,20,89,80,0,80,169
05/17/2005,JEF,MO,ACE,CE,Federal Contract Tower,0,2,28,0,30,0,0,59,8,67,0,2,87,8,97,86,20,106,203
05/18/2005,JEF,MO,ACE,CE,Federal Contract Tower,0,0,11,3,14,0,0,33,12,45,0,0,44,15,59,58,22,80,139
05/19/2005,JEF,MO,ACE,CE,Federal Contract Tower,0,0,9,2,11,0,0,33,10,43,0,0,42,12,54,36,18,54,108
05/20/2005,JEF,MO,ACE,CE,Federal Contract Tower,0,4,31,4,39,0,0,25,3,28,0,4,56,7,67,4,2,6,73
05/21/2005,JEF,MO,ACE,CE,Federal Contract Tower,0,0,8,0,8,0,0,36,10,46,0,0,44,10,54,30,4,34,88
05/22/2005,JEF,MO,ACE,CE,Federal Contract Tower,0,1,5,0,6,0,0,35,0,35,0,1,40,0,41,62,0,62,103
05/23/2005,JEF,MO,ACE,CE,Federal Contract Tower,0,0,14,1,15,0,0,34,4,38,0,0,48,5,53,74,10,84,137
05/24/2005,JEF,MO,ACE,CE,Federal Contract Tower,0,3,21,1,25,0,0,33,5,38,0,3,54,6,63,8,4,12,75
05/25/2005,JEF,MO,ACE,CE,Federal Contract Tower,0,0,22,0,22,0,1,33,13,47,0,1,55,13,69,30,4,34,103
05/26/2005,JEF,MO,ACE,CE,Federal Contract Tower,0,0,40,3,43,0,0,41,16,57,0,0,81,19,100,22,6,28,128
05/27/2005,JEF,MO,ACE,CE,Federal Contract Tower,0,1,19,0,20,0,0,51,10,61,0,1,70,10,81,8,2,10,91
05/28/2005,JEF,MO,ACE,CE,Federal Contract Tower,0,3,15,0,18,0,0,27,2,29,0,3,42,2,47,6,0,6,53
05/29/2005,JEF,MO,ACE,CE,Federal Contract Tower,0,2,4,0,6,0,0,51,1,52,0,2,55,1,58,32,0,32,90
05/30/2005,JEF,MO,ACE,CE,Federal Contract Tower,0,4,16,0,20,0,0,40,0,40,0,4,56,0,60,6,0,6,66
05/31/2005,JEF,MO,ACE,CE,Federal Contract Tower,0,2,22,0,24,0,0,25,11,36,0,2,47,11,60,14,18,32,92
06/01/2005,JEF,MO,ACE,CE,Federal Contract Tower,0,8,15,0,23,0,0,45,8,53,0,8,60,8,76,26,2,28,104
06/02/2005,JEF,MO,ACE,CE,Federal Contract Tower,0,2,16,0,18,0,0,32,15,47,0,2,48,15,65,14,4,18,83
06/03/2005,JEF,MO,ACE,CE,Federal Contract Tower,0,3,17,0,20,0,0,32,12,44,0,3,49,12,64,28,6,34,98
06/04/2005,JEF,MO,ACE,CE,Federal Contract Tower,0,0,6,0,6,0,0,21,5,26,0,0,27,5,32,10,0,10,42
06/05/2005,JEF,MO,ACE,CE,Federal Contract Tower,0,0,9,0,9,0,0,16,5,21,0,0,25,5,30,10,2,12,42
06/06/2005,JEF,MO,ACE,CE,Federal Contract Tower,0,0,0,0,0,0,0,49,13,62,0,0,49,13,62,18,0,18,80
06/07/2005,JEF,MO,ACE,CE,Federal Contract Tower,0,0,14,0,14,0,0,36,9,45,0,0,50,9,59,22,0,22,81
06/08/2005,JEF,MO,ACE,CE,Federal Contract Tower,0,3,21,0,24,0,0,27,9,36,0,3,48,9,60,46,0,46,106
06/09/2005,JEF,MO,ACE,CE,Federal Contract Tower,0,2,16,2,20,0,0,16,7,23,0,2,32,9,43,10,22,32,75
06/10/2005,JEF,MO,ACE,CE,Federal Contract Tower,0,2,22,3,27,0,0,15,10,25,0,2,37,13,52,12,0,12,64
06/11/2005,JEF,MO,ACE,CE,Federal Contract Tower,0,0,5,4,9,0,0,21,1,22,0,0,26,5,31,34,0,34,65
06/12/2005,JEF,MO,ACE,CE,Federal Contract Tower,0,0,15,0,15,0,0,47,4,51,0,0,62,4,66,20,10,30,96
06/13/2005,JEF,MO,ACE,CE,Federal Contract Tower,0,2,17,0,19,0,0,18,9,27,0,2,35,9,46,12,8,20,66
06/14/2005,JEF,MO,ACE,CE,Federal Contract Tower,0,2,16,0,18,0,0,42,22,64,0,2,58,22,82,22,2,24,106
06/15/2005,JEF,MO,ACE,CE,Federal Contract Tower,0,2,21,0,23,0,0,43,10,53,0,2,64,10,76,14,0,14,90
06/16/2005,JEF,MO,ACE,CE,Federal Contract Tower,0,2,19,1,22,0,0,51,16,67,0,2,70,17,89,4,26,30,119
06/17/2005,JEF,MO,ACE,CE,Federal Contract Tower,0,2,10,1,13,0,0,41,5,46,0,2,51,6,59,34,0,34,93
06/18/2005,JEF,MO,ACE,CE,Federal Contract Tower,0,0,6,0,6,0,0,58,3,61,0,0,64,3,67,28,16,44,111
06/19/2005,JEF,MO,ACE,CE,Federal Contract Tower,0,0,14,0,14,0,0,47,0,47,0,0,61,0,61,18,0,18,79
06/20/2005,JEF,MO,ACE,CE,Federal Contract Tower,0,0,27,0,27,0,0,34,23,57,0,0,61,23,84,24,8,32,116
06/21/2005,JEF,MO,ACE,CE,Federal Contract Tower,0,3,26,0,29,0,0,25,19,44,0,3,51,19,73,14,0,14,87
06/22/2005,JEF,MO,ACE,CE,Federal Contract Tower,0,0,21,2,23,0,0,66,19,85,0,0,87,21,108,70,36,106,214
06/23/2005,JEF,MO,ACE,CE,Federal Contract Tower,0,1,23,3,27,0,0,48,11,59,0,1,71,14,86,12,0,12,98
06/24/2005,JEF,MO,ACE,CE,Federal Contract Tower,0,2,16,1,19,0,0,34,20,54,0,2,50,21,73,14,32,46,119
06/25/2005,JEF,MO,ACE,CE,Federal Contract Tower,0,0,3,0,3,0,0,85,2,87,0,0,88,2,90,36,12,48,138
06/26/2005,JEF,MO,ACE,CE,Federal Contract Tower,0,3,7,2,12,0,1,19,1,21,0,4,26,3,33,2,0,2,35
06/27/2005,JEF,MO,ACE,CE,Federal Contract Tower,0,1,22,0,23,0,0,14,6,20,0,1,36,6,43,28,6,34,77
06/28/2005,JEF,MO,ACE,CE,Federal Contract Tower,0,0,20,0,20,0,0,51,11,62,0,0,71,11,82,52,8,60,142
06/29/2005,JEF,MO,ACE,CE,Federal Contract Tower,0,2,19,2,23,0,0,40,12,52,0,2,59,14,75,40,24,64,139
06/30/2005,JEF,MO,ACE,CE,Federal Contract Tower,0,0,25,0,25,0,0,20,19,39,0,0,45,19,64,30,12,42,106
07/01/2005,JEF,MO,ACE,CE,Federal Contract Tower,0,6,8,0,14,0,0,36,0,36,0,6,44,0,50,0,0,0,50
07/02/2005,JEF,MO,ACE,CE,Federal Contract Tower,0,2,5,0,7,0,0,34,1,35,0,2,39,1,42,10,2,12,54
07/03/2005,JEF,MO,ACE,CE,Federal Contract Tower,0,0,1,0,1,0,0,22,2,24,0,0,23,2,25,14,0,14,39
07/04/2005,JEF,MO,ACE,CE,Federal Contract Tower,0,4,2,0,6,0,0,25,19,44,0,4,27,19,50,12,0,12,62
07/05/2005,JEF,MO,ACE,CE,Federal Contract Tower,0,2,28,0,30,0,0,41,3,44,0,2,69,3,74,22,0,22,96
07/06/2005,JEF,MO,ACE,CE,Federal Contract Tower,0,3,14,0,17,0,0,40,7,47,0,3,54,7,64,20,2,22,86
07/07/2005,JEF,MO,ACE,CE,Federal Contract Tower,0,2,20,0,22,0,0,47,8,55,0,2,67,8,77,26,26,52,129
07/08/2005,JEF,MO,ACE,CE,Federal Contract Tower,0,0,18,2,20,0,0,37,4,41,0,0,55,6,61,0,10,10,71
07/09/2005,JEF,MO,ACE,CE,Federal Contract Tower,0,0,17,0,17,0,0,27,5,32,0,0,44,5,49,0,0,0,49
07/10/2005,JEF,MO,ACE,CE,Federal Contract Tower,0,0,0,0,0,0,2,43,0,45,0,2,43,0,45,0,0,0,45
07/11/2005,JEF,MO,ACE,CE,Federal Contract Tower,0,4,10,0,14,0,0,30,2,32,0,4,40,2,46,12,2,14,60
07/12/2005,JEF,MO,ACE,CE,Federal Contract Tower,0,0,20,5,25,0,0,14,1,15,0,0,34,6,40,6,2,8,48
07/13/2005,JEF,MO,ACE,CE,Federal Contract Tower,0,0,17,2,19,0,0,29,2,31,0,0,46,4,50,0,2,2,52
07/14/2005,JEF,MO,ACE,CE,Federal Contract Tower,0,4,17,2,23,0,0,33,10,43,0,4,50,12,66,0,14,14,80
07/15/2005,JEF,MO,ACE,CE,Federal Contract Tower,0,0,11,2,13,0,0,33,10,43,0,0,44,12,56,16,14,30,86
07/16/2005,JEF,MO,ACE,CE,Federal Contract Tower,0,2,14,0,16,0,0,24,6,30,0,2,38,6,46,22,0,22,68
07/17/2005,JEF,MO,ACE,CE,Federal Contract Tower,0,0,21,0,21,0,0,32,4,36,0,0,53,4,57,14,0,14,71
07/18/2005,JEF,MO,ACE,CE,Federal Contract Tower,0,0,16,2,18,0,0,28,10,38,0,0,44,12,56,2,12,14,70
07/19/2005,JEF,MO,ACE,CE,Federal Contract Tower,0,0,26,1,27,0,0,42,17,59,0,0,68,18,86,28,16,44,130
07/20/2005,JEF,MO,ACE,CE,Federal Contract Tower,0,0,26,0,26,0,0,49,14,63,0,0,75,14,89,10,10,20,109
07/21/2005,JEF,MO,ACE,CE,Federal Contract Tower,0,0,22,0,22,0,0,45,14,59,0,0,67,14,81,38,30,68,149
07/22/2005,JEF,MO,ACE,CE,Federal Contract Tower,0,2,21,0,23,0,0,26,6,32,0,2,47,6,55,24,6,30,85
07/23/2005,JEF,MO,ACE,CE,Federal Contract Tower,0,0,6,0,6,0,0,35,4,39,0,0,41,4,45,10,0,10,55
07/24/2005,JEF,MO,ACE,CE,Federal Contract Tower,0,0,14,0,14,0,0,37,2,39,0,0,51,2,53,22,2,24,77
07/25/2005,JEF,MO,ACE,CE,Federal Contract Tower,0,0,24,2,26,0,0,27,5,32,0,0,51,7,58,34,0,34,92
07/26/2005,JEF,MO,ACE,CE,Federal Contract Tower,0,0,30,0,30,0,0,23,10,33,0,0,53,10,63,16,0,16,79
07/27/2005,JEF,MO,ACE,CE,Federal Contract Tower,0,0,24,0,24,0,0,52,4,56,0,0,76,4,80,42,1,43,123
07/28/2005,JEF,MO,ACE,CE,Federal Contract Tower,0,0,35,0,35,0,0,62,10,72,0,0,97,10,107,26,6,32,139
07/29/2005,JEF,MO,ACE,CE,Federal Contract Tower,0,4,24,2,30,0,0,45,14,59,0,4,69,16,89,24,2,26,115
07/30/2005,JEF,MO,ACE,CE,Federal Contract Tower,0,0,7,0,7,0,0,23,6,29,0,0,30,6,36,70,0,70,106
07/31/2005,JEF,MO,ACE,CE,Federal Contract Tower,0,0,12,0,12,0,0,46,4,50,0,0,58,4,62,52,10,62,124
08/01/2005,JEF,MO,ACE,CE,Federal Contract Tower,0,0,17,0,17,0,0,29,6,35,0,0,46,6,52,14,0,14,66
08/02/2005,JEF,MO,ACE,CE,Federal Contract Tower,0,0,24,2,26,0,0,41,6,47,0,0,65,8,73,28,0,28,101
08/03/2005,JEF,MO,ACE,CE,Federal Contract Tower,0,2,24,0,26,0,1,32,15,48,0,3,56,15,74,38,4,42,116
08/04/2005,JEF,MO,ACE,CE,Federal Contract Tower,0,2,22,0,24,0,0,27,15,42,0,2,49,15,66,8,72,80,146
08/05/2005,JEF,MO,ACE,CE,Federal Contract Tower,0,0,16,2,18,0,0,18,7,25,0,0,34,9,43,10,16,26,69
08/06/2005,JEF,MO,ACE,CE,Federal Contract Tower,0,0,11,0,11,0,0,35,4,39,0,0,46,4,50,0,2,2,52
08/07/2005,JEF,MO,ACE,CE,Federal Contract Tower,0,3,16,0,19,0,0,35,0,35,0,3,51,0,54,8,0,8,62
08/08/2005,JEF,MO,ACE,CE,Federal Contract Tower,0,3,17,0,20,0,0,61,18,79,0,3,78,18,99,32,0,32,131
08/09/2005,JEF,MO,ACE,CE,Federal Contract Tower,0,0,21,0,21,0,0,65,23,88,0,0,86,23,109,20,24,44,153
08/10/2005,JEF,MO,ACE,CE,Federal Contract Tower,0,0,25,2,27,0,0,43,23,66,0,0,68,25,93,10,22,32,125
08/11/2005,JEF,MO,ACE,CE,Federal Contract Tower,0,2,25,0,27,0,0,47,12,59,0,2,72,12,86,40,45,85,171
08/12/2005,JEF,MO,ACE,CE,Federal Contract Tower,0,0,18,1,19,0,0,29,7,36,0,0,47,8,55,0,24,24,79
08/13/2005,JEF,MO,ACE,CE,Federal Contract Tower,0,2,2,0,4,0,0,17,0,17,0,2,19,0,21,0,0,0,21
08/14/2005,JEF,MO,ACE,CE,Federal Contract Tower,0,0,11,0,11,0,0,1,0,1,0,0,12,0,12,0,0,0,12
08/15/2005,JEF,MO,ACE,CE,Federal Contract Tower,0,0,22,0,22,0,0,1,0,1,0,0,23,0,23,2,48,50,73
08/16/2005,JEF,MO,ACE,CE,Federal Contract Tower,0,0,41,2,43,0,0,28,7,35,0,0,69,9,78,0,76,76,154
08/17/2005,JEF,MO,ACE,CE,Federal Contract Tower,0,3,17,1,21,0,0,32,22,54,0,3,49,23,75,22,42,64,139
08/18/2005,JEF,MO,ACE,CE,Federal Contract Tower,0,0,21,1,22,0,0,51,15,66,0,0,72,16,88,20,4,24,112
08/19/2005,JEF,MO,ACE,CE,Federal Contract Tower,0,0,32,0,32,0,0,23,1,24,0,0,55,1,56,22,0,22,78
08/20/2005,JEF,MO,ACE,CE,Federal Contract Tower,0,0,6,0,6,0,0,30,0,30,0,0,36,0,36,0,0,0,36
08/21/2005,JEF,MO,ACE,CE,Federal Contract Tower,0,0,5,0,5,0,0,40,0,40,0,0,45,0,45,30,0,30,75
08/22/2005,JEF,MO,ACE,CE,Federal Contract Tower,0,0,25,8,33,0,0,28,17,45,0,0,53,25,78,10,0,10,88
08/23/2005,JEF,MO,ACE,CE,Federal Contract Tower,0,0,31,4,35,0,0,16,6,22,0,0,47,10,57,0,70,70,127
08/24/2005,JEF,MO,ACE,CE,Federal Contract Tower,0,0,17,0,17,0,0,35,12,47,0,0,52,12,64,22,26,48,112
08/25/2005,JEF,MO,ACE,CE,Federal Contract Tower,0,0,12,0,12,0,0,7,9,16,0,0,19,9,28,30,48,78,106
08/26/2005,JEF,MO,ACE,CE,Federal Contract Tower,0,0,13,3,16,0,0,18,2,20,0,0,31,5,36,0,46,46,82
08/27/2005,JEF,MO,ACE,CE,Federal Contract Tower,0,0,7,0,7,0,0,20,1,21,0,0,27,1,28,14,0,14,42
08/28/2005,JEF,MO,ACE,CE,Federal Contract Tower,0,0,9,0,9,0,0,50,0,50,0,0,59,0,59,8,0,8,67
08/29/2005,JEF,MO,ACE,CE,Federal Contract Tower,0,0,6,1,7,0,2,45,11,58,0,2,51,12,65,8,26,34,99
08/30/2005,JEF,MO,ACE,CE,Federal Contract Tower,0,4,22,0,26,0,0,38,5,43,0,4,60,5,69,12,24,36,105
08/31/2005,JEF,MO,ACE,CE,Federal Contract Tower,0,0,24,0,24,0,0,50,4,54,0,0,74,4,78,2,0,2,80
09/01/2005,JEF,MO,ACE,CE,Federal Contract Tower,0,0,23,4,27,0,2,36,14,52,0,2,59,18,79,10,12,22,101
09/02/2005,JEF,MO,ACE,CE,Federal Contract Tower,0,1,18,2,21,0,0,36,17,53,0,1,54,19,74,0,6,6,80
09/03/2005,JEF,MO,ACE,CE,Federal Contract Tower,0,1,7,0,8,0,0,27,7,34,0,1,34,7,42,12,6,18,60
09/04/2005,JEF,MO,ACE,CE,Federal Contract Tower,0,0,5,1,6,0,0,37,9,46,0,0,42,10,52,36,0,36,88
09/05/2005,JEF,MO,ACE,CE,Federal Contract Tower,0,2,5,0,7,0,0,41,8,49,0,2,46,8,56,16,0,16,72
09/06/2005,JEF,MO,ACE,CE,Federal Contract Tower,0,2,10,2,14,0,0,31,6,37,0,2,41,8,51,0,40,40,91
09/07/2005,JEF,MO,ACE,CE,Federal Contract Tower,0,4,40,2,46,0,0,42,8,50,0,4,82,10,96,0,0,0,96
09/08/2005,JEF,MO,ACE,CE,Federal Contract Tower,0,0,33,6,39,0,0,42,12,54,0,0,75,18,93,28,20,48,141
09/09/2005,JEF,MO,ACE,CE,Federal Contract Tower,0,2,19,4,25,0,0,27,5,32,0,2,46,9,57,44,0,44,101
09/10/2005,JEF,MO,ACE,CE,Federal Contract Tower,0,2,12,0,14,0,0,25,24,49,0,2,37,24,63,10,2,12,75
09/11/2005,JEF,MO,ACE,CE,Federal Contract Tower,0,0,20,1,21,0,0,22,6,28,0,0,42,7,49,24,6,30,79
09/12/2005,JEF,MO,ACE,CE,Federal Contract Tower,0,4,27,2,33,0,0,55,15,70,0,4,82,17,103,20,4,24,127
09/13/2005,JEF,MO,ACE,CE,Federal Contract Tower,0,3,33,2,38,0,4,34,6,44,0,7,67,8,82,8,0,8,90
09/14/2005,JEF,MO,ACE,CE,Federal Contract Tower,0,0,24,0,24,0,0,46,2,48,0,0,70,2,72,2,0,2,74
09/15/2005,JEF,MO,ACE,CE,Federal Contract Tower,0,0,32,0,32,0,0,30,2,32,0,0,62,2,64,4,0,4,68
09/16/2005,JEF,MO,ACE,CE,Federal Contract Tower,0,6,22,0,28,0,0,16,0,16,0,6,38,0,44,48,0,48,92
09/17/2005,JEF,MO,ACE,CE,Federal Contract Tower,0,0,2,2,4,0,0,19,1,20,0,0,21,3,24,0,0,0,24
09/18/2005,JEF,MO,ACE,CE,Federal Contract Tower,0,2,21,0,23,0,1,52,0,53,0,3,73,0,76,40,0,40,116
09/19/2005,JEF,MO,ACE,CE,Federal Contract Tower,0,2,10,2,14,0,0,24,5,29,0,2,34,7,43,22,0,22,65
09/20/2005,JEF,MO,ACE,CE,Federal Contract Tower,0,0,29,0,29,0,0,23,4,27,0,0,52,4,56,18,2,20,76
09/21/2005,JEF,MO,ACE,CE,Federal Contract Tower,0,0,27,0,27,0,0,31,4,35,0,0,58,4,62,40,0,40,102
09/22/2005,JEF,MO,ACE,CE,Federal Contract Tower,0,0,27,6,33,0,0,35,4,39,0,0,62,10,72,58,0,58,130
09/23/2005,JEF,MO,ACE,CE,Federal Contract Tower,0,1,15,2,18,0,0,13,15,28,0,1,28,17,46,40,30,70,116
09/24/2005,JEF,MO,ACE,CE,Federal Contract Tower,0,0,7,0,7,0,0,25,2,27,0,0,32,2,34,44,10,54,88
09/25/2005,JEF,MO,ACE,CE,Federal Contract Tower,0,0,8,0,8,0,0,17,4,21,0,0,25,4,29,2,0,2,31
09/26/2005,JEF,MO,ACE,CE,Federal Contract Tower,0,0,17,0,17,0,0,27,4,31,0,0,44,4,48,14,0,14,62
09/27/2005,JEF,MO,ACE,CE,Federal Contract Tower,0,6,30,0,36,0,0,38,7,45,0,6,68,7,81,44,10,54,135
09/28/2005,JEF,MO,ACE,CE,Federal Contract Tower,0,0,20,0,20,0,1,7,0,8,0,1,27,0,28,0,0,0,28
09/29/2005,JEF,MO,ACE,CE,Federal Contract Tower,0,2,14,0,16,0,0,42,10,52,0,2,56,10,68,36,0,36,104
09/30/2005,JEF,MO,ACE,CE,Federal Contract Tower,0,2,13,0,15,0,0,47,5,52,0,2,60,5,67,8,12,20,87
10/01/2005,JEF,MO,ACE,CE,Federal Contract Tower,0,0,8,0,8,0,0,38,0,38,0,0,46,0,46,32,0,32,78
10/02/2005,JEF,MO,ACE,CE,Federal Contract Tower,0,0,11,0,11,0,0,35,0,35,0,0,46,0,46,6,0,6,52
10/03/2005,JEF,MO,ACE,CE,Federal Contract Tower,0,4,7,0,11,0,0,36,7,43,0,4,43,7,54,8,42,50,104
10/04/2005,JEF,MO,ACE,CE,Federal Contract Tower,0,3,19,0,22,0,0,31,12,43,0,3,50,12,65,28,4,32,97
10/05/2005,JEF,MO,ACE,CE,Federal Contract Tower,0,4,16,0,20,0,0,17,8,25,0,4,33,8,45,4,24,28,73
10/06/2005,JEF,MO,ACE,CE,Federal Contract Tower,0,2,21,0,23,0,0,45,7,52,0,2,66,7,75,16,34,50,125
10/07/2005,JEF,MO,ACE,CE,Federal Contract Tower,0,0,11,0,11,0,0,26,2,28,0,0,37,2,39,16,0,16,55
10/08/2005,JEF,MO,ACE,CE,Federal Contract Tower,0,0,19,0,19,0,0,10,0,10,0,0,29,0,29,10,0,10,39
10/09/2005,JEF,MO,ACE,CE,Federal Contract Tower,0,2,20,0,22,0,0,54,0,54,0,2,74,0,76,18,0,18,94
10/10/2005,JEF,MO,ACE,CE,Federal Contract Tower,0,0,18,0,18,0,0,25,0,25,0,0,43,0,43,36,0,36,79
10/11/2005,JEF,MO,ACE,CE,Federal Contract Tower,0,0,23,0,23,0,0,22,14,36,0,0,45,14,59,10,0,10,69
10/12/2005,JEF,MO,ACE,CE,Federal Contract Tower,0,4,20,1,25,0,0,32,16,48,0,4,52,17,73,0,6,6,79
10/13/2005,JEF,MO,ACE,CE,Federal Contract Tower,0,0,17,4,21,0,0,46,24,70,0,0,63,28,91,6,12,18,109
10/14/2005,JEF,MO,ACE,CE,Federal Contract Tower,0,4,19,3,26,0,0,55,9,64,0,4,74,12,90,0,16,16,106
10/15/2005,JEF,MO,ACE,CE,Federal Contract Tower,0,0,14,0,14,0,0,9,3,12,0,0,23,3,26,12,0,12,38
10/16/2005,JEF,MO,ACE,CE,Federal Contract Tower,0,0,8,0,8,0,0,52,0,52,0,0,60,0,60,22,0,22,82
10/17/2005,JEF,MO,ACE,CE,Federal Contract Tower,0,2,17,2,21,0,0,22,18,40,0,2,39,20,61,4,14,18,79
10/18/2005,JEF,MO,ACE,CE,Federal Contract Tower,0,0,30,4,34,0,0,29,10,39,0,0,59,14,73,20,64,84,157
10/19/2005,JEF,MO,ACE,CE,Federal Contract Tower,0,2,18,0,20,0,0,33,15,48,0,2,51,15,68,10,2,12,80
10/20/2005,JEF,MO,ACE,CE,Federal Contract Tower,0,6,22,2,30,0,2,18,8,28,0,8,40,10,58,0,22,22,80
10/21/2005,JEF,MO,ACE,CE,Federal Contract Tower,0,0,32,7,39,0,0,5,0,5,0,0,37,7,44,0,4,4,48
10/22/2005,JEF,MO,ACE,CE,Federal Contract Tower,0,0,7,0,7,0,0,27,7,34,0,0,34,7,41,4,0,4,45
10/23/2005,JEF,MO,ACE,CE,Federal Contract Tower,0,0,12,0,12,0,0,11,0,11,0,0,23,0,23,0,0,0,23
10/24/2005,JEF,MO,ACE,CE,Federal Contract Tower,0,2,16,0,18,0,0,19,2,21,0,2,35,2,39,0,0,0,39
10/25/2005,JEF,MO,ACE,CE,Federal Contract Tower,0,6,27,4,37,0,0,35,9,44,0,6,62,13,81,6,82,88,169
10/26/2005,JEF,MO,ACE,CE,Federal Contract Tower,0,3,17,7,27,0,0,41,6,47,0,3,58,13,74,12,4,16,90
10/27/2005,JEF,MO,ACE,CE,Federal Contract Tower,0,1,25,0,26,0,0,39,7,46,0,1,64,7,72,20,18,38,110
10/28/2005,JEF,MO,ACE,CE,Federal Contract Tower,0,0,22,3,25,0,0,27,5,32,0,0,49,8,57,30,22,52,109
10/29/2005,JEF,MO,ACE,CE,Federal Contract Tower,0,0,6,4,10,0,0,34,3,37,0,0,40,7,47,24,0,24,71
10/30/2005,JEF,MO,ACE,CE,Federal Contract Tower,0,0,14,0,14,0,0,19,2,21,0,0,33,2,35,14,6,20,55
10/31/2005,JEF,MO,ACE,CE,Federal Contract Tower,0,0,12,2,14,0,0,4,1,5,0,0,16,3,19,0,0,0,19
11/01/2005,JEF,MO,ACE,CE,Federal Contract Tower,0,9,16,0,25,0,0,39,27,66,0,9,55,27,91,4,28,32,123
11/02/2005,JEF,MO,ACE,CE,Federal Contract Tower,0,4,9,0,13,0,0,49,13,62,0,4,58,13,75,10,32,42,117
11/03/2005,JEF,MO,ACE,CE,Federal Contract Tower,0,1,22,2,25,0,0,33,6,39,0,1,55,8,64,2,26,28,92
11/04/2005,JEF,MO,ACE,CE,Federal Contract Tower,0,0,18,1,19,0,0,49,11,60,0,0,67,12,79,24,28,52,131
11/05/2005,JEF,MO,ACE,CE,Federal Contract Tower,0,0,11,0,11,0,0,30,2,32,0,0,41,2,43,0,0,0,43
11/06/2005,JEF,MO,ACE,CE,Federal Contract Tower,0,4,16,4,24,0,0,34,10,44,0,4,50,14,68,32,0,32,100
11/07/2005,JEF,MO,ACE,CE,Federal Contract Tower,0,2,13,4,19,0,0,29,13,42,0,2,42,17,61,0,78,78,139
11/08/2005,JEF,MO,ACE,CE,Federal Contract Tower,0,2,21,0,23,0,0,32,19,51,0,2,53,19,74,0,40,40,114
11/09/2005,JEF,MO,ACE,CE,Federal Contract Tower,0,0,17,3,20,0,0,39,11,50,0,0,56,14,70,2,20,22,92
11/10/2005,JEF,MO,ACE,CE,Federal Contract Tower,0,5,28,1,34,0,0,42,25,67,0,5,70,26,101,2,42,44,145
11/11/2005,JEF,MO,ACE,CE,Federal Contract Tower,0,4,14,0,18,0,2,36,4,42,0,6,50,4,60,18,0,18,78
11/12/2005,JEF,MO,ACE,CE,Federal Contract Tower,0,0,5,0,5,0,0,8,0,8,0,0,13,0,13,0,0,0,13
11/13/2005,JEF,MO,ACE,CE,Federal Contract Tower,0,3,16,0,19,0,0,13,0,13,0,3,29,0,32,26,0,26,58
11/14/2005,JEF,MO,ACE,CE,Federal Contract Tower,0,2,18,2,22,0,0,18,2,20,0,2,36,4,42,8,30,38,80
11/15/2005,JEF,MO,ACE,CE,Federal Contract Tower,0,2,20,2,24,0,0,15,3,18,0,2,35,5,42,0,0,0,42
11/16/2005,JEF,MO,ACE,CE,Federal Contract Tower,0,0,19,0,19,0,0,26,12,38,0,0,45,12,57,0,10,10,67
11/17/2005,JEF,MO,ACE,CE,Federal Contract Tower,0,0,32,4,36,0,0,55,15,70,0,0,87,19,106,8,2,10,116
11/18/2005,JEF,MO,ACE,CE,Federal Contract Tower,0,0,29,2,31,0,0,34,10,44,0,0,63,12,75,28,44,72,147
11/19/2005,JEF,MO,ACE,CE,Federal Contract Tower,0,0,7,0,7,0,0,22,0,22,0,0,29,0,29,16,0,16,45
11/20/2005,JEF,MO,ACE,CE,Federal Contract Tower,0,0,12,0,12,0,0,7,0,7,0,0,19,0,19,6,2,8,27
11/21/2005,JEF,MO,ACE,CE,Federal Contract Tower,0,0,24,3,27,0,0,23,6,29,0,0,47,9,56,4,10,14,70
11/22/2005,JEF,MO,ACE,CE,Federal Contract Tower,0,0,17,5,22,0,0,52,21,73,0,0,69,26,95,18,26,44,139
11/23/2005,JEF,MO,ACE,CE,Federal Contract Tower,0,0,16,2,18,0,0,28,8,36,0,0,44,10,54,2,36,38,92
11/24/2005,JEF,MO,ACE,CE,Federal Contract Tower,0,0,4,0,4,0,0,8,0,8,0,0,12,0,12,0,0,0,12
11/25/2005,JEF,MO,ACE,CE,Federal Contract Tower,0,0,7,0,7,0,0,26,0,26,0,0,33,0,33,20,0,20,53
11/26/2005,JEF,MO,ACE,CE,Federal Contract Tower,0,0,7,0,7,0,0,17,0,17,0,0,24,0,24,0,0,0,24
11/27/2005,JEF,MO,ACE,CE,Federal Contract Tower,0,2,4,0,6,0,0,11,3,14,0,2,15,3,20,0,32,32,52
11/28/2005,JEF,MO,ACE,CE,Federal Contract Tower,0,0,10,4,14,0,0,11,0,11,0,0,21,4,25,0,6,6,31
11/29/2005,JEF,MO,ACE,CE,Federal Contract Tower,0,0,20,2,22,0,0,16,3,19,0,0,36,5,41,12,92,104,145
11/30/2005,JEF,MO,ACE,CE,Federal Contract Tower,0,0,26,0,26,0,0,51,8,59,0,0,77,8,85,68,8,76,161
12/01/2005,JEF,MO,ACE,CE,Federal Contract Tower,0,2,10,2,14,0,0,20,5,25,0,2,30,7,39,0,6,6,45
12/02/2005,JEF,MO,ACE,CE,Federal Contract Tower,0,4,15,0,19,0,0,39,7,46,0,4,54,7,65,16,22,38,103
12/03/2005,JEF,MO,ACE,CE,Federal Contract Tower,0,0,12,0,12,0,0,8,3,11,0,0,20,3,23,4,14,18,41
12/04/2005,JEF,MO,ACE,CE,Federal Contract Tower,0,2,17,1,20,0,0,17,2,19,0,2,34,3,39,0,2,2,41
12/05/2005,JEF,MO,ACE,CE,Federal Contract Tower,0,0,23,4,27,0,0,35,19,54,0,0,58,23,81,0,28,28,109
12/06/2005,JEF,MO,ACE,CE,Federal Contract Tower,0,2,22,4,28,0,0,11,8,19,0,2,33,12,47,0,24,24,71
12/07/2005,JEF,MO,ACE,CE,Federal Contract Tower,0,0,27,3,30,0,0,9,6,15,0,0,36,9,45,0,10,10,55
12/08/2005,JEF,MO,ACE,CE,Federal Contract Tower,0,0,7,1,8,0,0,3,11,14,0,0,10,12,22,0,58,58,80
12/09/2005,JEF,MO,ACE,CE,Federal Contract Tower,0,0,18,1,19,0,0,10,6,16,0,0,28,7,35,8,18,26,61
12/10/2005,JEF,MO,ACE,CE,Federal Contract Tower,0,0,2,2,4,0,0,13,0,13,0,0,15,2,17,24,0,24,41
12/11/2005,JEF,MO,ACE,CE,Federal Contract Tower,0,0,6,0,6,0,0,22,0,22,0,0,28,0,28,8,0,8,36
12/12/2005,JEF,MO,ACE,CE,Federal Contract Tower,0,2,26,7,35,0,0,18,15,33,0,2,44,22,68,10,26,36,104
12/13/2005,JEF,MO,ACE,CE,Federal Contract Tower,0,2,19,2,23,0,0,45,23,68,0,2,64,25,91,48,20,68,159
12/14/2005,JEF,MO,ACE,CE,Federal Contract Tower,0,4,23,0,27,0,0,15,21,36,0,4,38,21,63,34,34,68,131
12/15/2005,JEF,MO,ACE,CE,Federal Contract Tower,0,0,22,2,24,0,1,32,14,47,0,1,54,16,71,18,24,42,113
12/16/2005,JEF,MO,ACE,CE,Federal Contract Tower,0,0,17,0,17,0,0,23,7,30,0,0,40,7,47,6,18,24,71
12/17/2005,JEF,MO,ACE,CE,Federal Contract Tower,0,0,6,0,6,0,0,13,7,20,0,0,19,7,26,6,32,38,64
12/18/2005,JEF,MO,ACE,CE,Federal Contract Tower,0,0,3,2,5,0,0,9,0,9,0,0,12,2,14,0,0,0,14
12/19/2005,JEF,MO,ACE,CE,Federal Contract Tower,0,2,18,1,21,0,1,45,10,56,0,3,63,11,77,4,22,26,103
12/20/2005,JEF,MO,ACE,CE,Federal Contract Tower,0,0,12,0,12,0,0,34,14,48,0,0,46,14,60,10,30,40,100
12/21/2005,JEF,MO,ACE,CE,Federal Contract Tower,0,2,15,0,17,0,0,38,9,47,0,2,53,9,64,4,32,36,100
12/22/2005,JEF,MO,ACE,CE,Federal Contract Tower,0,0,10,0,10,0,0,41,10,51,0,0,51,10,61,30,0,30,91
12/23/2005,JEF,MO,ACE,CE,Federal Contract Tower,0,0,12,0,12,0,0,28,0,28,0,0,40,0,40,30,0,30,70
12/24/2005,JEF,MO,ACE,CE,Federal Contract Tower,0,0,0,0,0,0,0,0,0,0,0,0,0,0,0,0,0,0,0
12/25/2005,JEF,MO,ACE,CE,Federal Contract Tower,0,0,3,0,3,0,0,1,0,1,0,0,4,0,4,0,0,0,4
12/26/2005,JEF,MO,ACE,CE,Federal Contract Tower,0,2,9,0,11,0,0,36,0,36,0,2,45,0,47,14,0,14,61
12/27/2005,JEF,MO,ACE,CE,Federal Contract Tower,0,0,11,1,12,0,0,65,2,67,0,0,76,3,79,56,18,74,153
12/28/2005,JEF,MO,ACE,CE,Federal Contract Tower,0,0,8,1,9,0,0,2,3,5,0,0,10,4,14,0,56,56,70
12/29/2005,JEF,MO,ACE,CE,Federal Contract Tower,0,0,8,1,9,0,0,17,6,23,0,0,25,7,32,104,44,148,180
12/30/2005,JEF,MO,ACE,CE,Federal Contract Tower,0,4,16,0,20,0,0,33,4,37,0,4,49,4,57,34,20,54,111
12/31/2005,JEF,MO,ACE,CE,Federal Contract Tower,0,0,8,0,8,0,0,43,0,43,0,0,51,0,51,50,0,50,101
01/01/2006,JEF,MO,ACE,CE,Federal Contract Tower,0,0,2,0,2,0,0,28,0,28,0,0,30,0,30,18,0,18,48
01/02/2006,JEF,MO,ACE,CE,Federal Contract Tower,0,5,2,0,7,0,0,1,0,1,0,5,3,0,8,0,0,0,8
01/03/2006,JEF,MO,ACE,CE,Federal Contract Tower,0,0,17,5,22,0,0,13,4,17,0,0,30,9,39,0,38,38,77
01/04/2006,JEF,MO,ACE,CE,Federal Contract Tower,0,0,12,2,14,0,0,18,9,27,0,0,30,11,41,0,22,22,63
01/05/2006,JEF,MO,ACE,CE,Federal Contract Tower,0,2,15,2,19,0,0,29,22,51,0,2,44,24,70,32,8,40,110
01/06/2006,JEF,MO,ACE,CE,Federal Contract Tower,0,2,13,0,15,0,0,40,14,54,0,2,53,14,69,68,38,106,175
01/07/2006,JEF,MO,ACE,CE,Federal Contract Tower,0,0,4,0,4,0,0,28,9,37,0,0,32,9,41,42,0,42,83
01/08/2006,JEF,MO,ACE,CE,Federal Contract Tower,0,1,5,2,8,0,0,22,8,30,0,1,27,10,38,2,0,2,40
01/09/2006,JEF,MO,ACE,CE,Federal Contract Tower,0,1,20,0,21,0,0,20,4,24,0,1,40,4,45,0,6,6,51
01/10/2006,JEF,MO,ACE,CE,Federal Contract Tower,0,0,14,3,17,0,0,0,0,0,0,0,14,3,17,0,68,68,85
01/11/2006,JEF,MO,ACE,CE,Federal Contract Tower,0,2,25,2,29,0,0,33,7,40,0,2,58,9,69,26,6,32,101
01/12/2006,JEF,MO,ACE,CE,Federal Contract Tower,0,2,23,2,27,0,0,41,6,47,0,2,64,8,74,24,0,24,98
01/13/2006,JEF,MO,ACE,CE,Federal Contract Tower,0,0,17,2,19,0,1,12,2,15,0,1,29,4,34,0,6,6,40
01/14/2006,JEF,MO,ACE,CE,Federal Contract Tower,0,4,6,0,10,0,0,54,0,54,0,4,60,0,64,48,0,48,112
01/15/2006,JEF,MO,ACE,CE,Federal Contract Tower,0,0,10,0,10,0,0,19,0,19,0,0,29,0,29,20,0,20,49
01/16/2006,JEF,MO,ACE,CE,Federal Contract Tower,0,2,13,0,15,0,0,42,0,42,0,2,55,0,57,2,0,2,59
01/17/2006,JEF,MO,ACE,CE,Federal Contract Tower,0,1,34,5,40,0,0,24,13,37,0,1,58,18,77,6,16,22,99
01/18/2006,JEF,MO,ACE,CE,Federal Contract Tower,0,2,31,0,33,0,0,58,11,69,0,2,89,11,102,84,38,122,224
01/19/2006,JEF,MO,ACE,CE,Federal Contract Tower,0,1,12,2,15,0,0,42,11,53,0,1,54,13,68,26,8,34,102
01/20/2006,JEF,MO,ACE,CE,Federal Contract Tower,0,5,20,0,25,0,0,14,12,26,0,5,34,12,51,48,10,58,109
01/21/2006,JEF,MO,ACE,CE,Federal Contract Tower,0,2,4,0,6,0,0,2,0,2,0,2,6,0,8,14,0,14,22
01/22/2006,JEF,MO,ACE,CE,Federal Contract Tower,0,0,8,0,8,0,0,13,1,14,0,0,21,1,22,72,0,72,94
01/23/2006,JEF,MO,ACE,CE,Federal Contract Tower,0,0,17,3,20,0,0,10,2,12,0,0,27,5,32,2,0,2,34
01/24/2006,JEF,MO,ACE,CE,Federal Contract Tower,0,0,26,1,27,0,0,48,15,63,0,0,74,16,90,10,0,10,100
01/25/2006,JEF,MO,ACE,CE,Federal Contract Tower,0,4,34,1,39,0,0,81,5,86,0,4,115,6,125,70,6,76,201
01/26/2006,JEF,MO,ACE,CE,Federal Contract Tower,0,0,20,1,21,0,0,41,4,45,0,0,61,5,66,76,0,76,142
01/27/2006,JEF,MO,ACE,CE,Federal Contract Tower,0,0,22,4,26,0,0,48,13,61,0,0,70,17,87,22,0,22,109
01/28/2006,JEF,MO,ACE,CE,Federal Contract Tower,0,2,5,0,7,0,0,1,2,3,0,2,6,2,10,2,32,34,44
01/29/2006,JEF,MO,ACE,CE,Federal Contract Tower,0,0,5,0,5,0,0,36,0,36,0,0,41,0,41,42,0,42,83
01/30/2006,JEF,MO,ACE,CE,Federal Contract Tower,0,0,18,0,18,0,0,41,4,45,0,0,59,4,63,37,1,38,101
01/31/2006,JEF,MO,ACE,CE,Federal Contract Tower,0,4,22,0,26,0,5,27,9,41,0,9,49,9,67,10,0,10,77
02/01/2006,JEF,MO,ACE,CE,Federal Contract Tower,0,2,17,2,21,0,0,40,8,48,0,2,57,10,69,44,4,48,117
02/02/2006,JEF,MO,ACE,CE,Federal Contract Tower,0,0,18,2,20,0,0,35,3,38,0,0,53,5,58,60,0,60,118
02/03/2006,JEF,MO,ACE,CE,Federal Contract Tower,0,0,14,2,16,0,0,34,1,35,0,0,48,3,51,24,0,24,75
02/04/2006,JEF,MO,ACE,CE,Federal Contract Tower,0,0,6,0,6,0,0,21,13,34,0,0,27,13,40,8,20,28,68
02/05/2006,JEF,MO,ACE,CE,Federal Contract Tower,0,0,10,0,10,0,0,27,8,35,0,0,37,8,45,34,10,44,89
02/06/2006,JEF,MO,ACE,CE,Federal Contract Tower,0,2,23,0,25,0,0,37,6,43,0,2,60,6,68,72,0,72,140
02/07/2006,JEF,MO,ACE,CE,Federal Contract Tower,0,3,43,2,48,0,0,38,10,48,0,3,81,12,96,8,0,8,104
02/08/2006,JEF,MO,ACE,CE,Federal Contract Tower,0,3,28,3,34,0,0,11,5,16,0,3,39,8,50,22,10,32,82
02/09/2006,JEF,MO,ACE,CE,Federal Contract Tower,0,0,17,3,20,0,0,39,9,48,0,0,56,12,68,20,12,32,100
02/10/2006,JEF,MO,ACE,CE,Federal Contract Tower,0,0,22,3,25,0,0,20,0,20,0,0,42,3,45,10,0,10,55
02/11/2006,JEF,MO,ACE,CE,Federal Contract Tower,0,0,9,1,10,0,0,1,0,1,0,0,10,1,11,0,0,0,11
02/12/2006,JEF,MO,ACE,CE,Federal Contract Tower,0,1,9,1,11,0,0,11,1,12,0,1,20,2,23,0,0,0,23
02/13/2006,JEF,MO,ACE,CE,Federal Contract Tower,0,1,13,2,16,0,0,29,5,34,0,1,42,7,50,0,22,22,72
02/14/2006,JEF,MO,ACE,CE,Federal Contract Tower,0,0,20,6,26,0,0,57,7,64,0,0,77,13,90,42,4,46,136
02/15/2006,JEF,MO,ACE,CE,Federal Contract Tower,0,0,30,3,33,0,0,36,7,43,0,0,66,10,76,20,20,40,116
02/16/2006,JEF,MO,ACE,CE,Federal Contract Tower,0,6,25,2,33,0,0,8,0,8,0,6,33,2,41,0,0,0,41
02/17/2006,JEF,MO,ACE,CE,Federal Contract Tower,0,2,26,2,30,0,1,30,2,33,0,3,56,4,63,50,0,50,113
02/18/2006,JEF,MO,ACE,CE,Federal Contract Tower,0,0,6,0,6,0,0,29,0,29,0,0,35,0,35,26,0,26,61
02/19/2006,JEF,MO,ACE,CE,Federal Contract Tower,0,0,10,0,10,0,0,4,0,4,0,0,14,0,14,42,0,42,56
02/20/2006,JEF,MO,ACE,CE,Federal Contract Tower,0,0,11,0,11,0,0,42,0,42,0,0,53,0,53,78,0,78,131
02/21/2006,JEF,MO,ACE,CE,Federal Contract Tower,0,0,17,6,23,0,0,51,31,82,0,0,68,37,105,28,26,54,159
02/22/2006,JEF,MO,ACE,CE,Federal Contract Tower,0,0,25,0,25,0,0,52,10,62,0,0,77,10,87,36,8,44,131
02/23/2006,JEF,MO,ACE,CE,Federal Contract Tower,0,0,0,4,4,0,0,60,5,65,0,0,60,9,69,0,4,4,73
02/24/2006,JEF,MO,ACE,CE,Federal Contract Tower,0,0,23,2,25,0,0,36,10,46,0,0,59,12,71,56,2,58,129
02/25/2006,JEF,MO,ACE,CE,Federal Contract Tower,0,0,12,0,12,0,0,21,3,24,0,0,33,3,36,2,20,22,58
02/26/2006,JEF,MO,ACE,CE,Federal Contract Tower,0,0,15,0,15,0,0,39,0,39,0,0,54,0,54,12,0,12,66
02/27/2006,JEF,MO,ACE,CE,Federal Contract Tower,0,0,17,2,19,0,0,24,1,25,0,0,41,3,44,14,6,20,64
02/28/2006,JEF,MO,ACE,CE,Federal Contract Tower,0,2,19,2,23,0,0,40,9,49,0,2,59,11,72,16,6,22,94
03/01/2006,JEF,MO,ACE,CE,Federal Contract Tower,0,5,16,0,21,0,0,32,9,41,0,5,48,9,62,24,16,40,102
03/02/2006,JEF,MO,ACE,CE,Federal Contract Tower,0,7,27,2,36,0,2,41,9,52,0,9,68,11,88,18,0,18,106
03/03/2006,JEF,MO,ACE,CE,Federal Contract Tower,0,0,19,0,19,0,0,45,6,51,0,0,64,6,70,28,26,54,124
03/04/2006,JEF,MO,ACE,CE,Federal Contract Tower,0,0,8,2,10,0,0,8,1,9,0,0,16,3,19,22,0,22,41
03/05/2006,JEF,MO,ACE,CE,Federal Contract Tower,0,0,4,3,7,0,0,33,3,36,0,0,37,6,43,0,0,0,43
03/06/2006,JEF,MO,ACE,CE,Federal Contract Tower,0,0,17,3,20,0,0,26,4,30,0,0,43,7,50,26,0,26,76
03/07/2006,JEF,MO,ACE,CE,Federal Contract Tower,0,0,26,2,28,0,0,38,5,43,0,0,64,7,71,0,34,34,105
03/08/2006,JEF,MO,ACE,CE,Federal Contract Tower,0,2,31,0,33,0,0,16,0,16,0,2,47,0,49,0,0,0,49
03/09/2006,JEF,MO,ACE,CE,Federal Contract Tower,0,2,11,3,16,0,0,5,2,7,0,2,16,5,23,0,0,0,23
03/10/2006,JEF,MO,ACE,CE,Federal Contract Tower,0,0,19,0,19,0,0,26,3,29,0,0,45,3,48,6,12,18,66
03/11/2006,JEF,MO,ACE,CE,Federal Contract Tower,0,2,11,0,13,0,2,24,0,26,0,4,35,0,39,6,0,6,45
03/12/2006,JEF,MO,ACE,CE,Federal Contract Tower,0,0,2,0,2,0,0,8,4,12,0,0,10,4,14,2,0,2,16
03/13/2006,JEF,MO,ACE,CE,Federal Contract Tower,0,2,11,0,13,0,0,16,6,22,0,2,27,6,35,0,0,0,35
03/14/2006,JEF,MO,ACE,CE,Federal Contract Tower,0,4,26,2,32,0,0,64,8,72,0,4,90,10,104,86,4,90,194
03/15/2006,JEF,MO,ACE,CE,Federal Contract Tower,0,0,17,0,17,0,0,60,6,66,0,0,77,6,83,76,4,80,163
03/16/2006,JEF,MO,ACE,CE,Federal Contract Tower,0,0,23,0,23,0,0,46,8,54,0,0,69,8,77,20,0,20,97
03/17/2006,JEF,MO,ACE,CE,Federal Contract Tower,0,1,18,0,19,0,1,24,6,31,0,2,42,6,50,90,16,106,156
03/18/2006,JEF,MO,ACE,CE,Federal Contract Tower,0,0,6,2,8,0,0,23,4,27,0,0,29,6,35,46,4,50,85
03/19/2006,JEF,MO,ACE,CE,Federal Contract Tower,0,0,10,0,10,0,0,12,0,12,0,0,22,0,22,0,0,0,22
03/20/2006,JEF,MO,ACE,CE,Federal Contract Tower,0,0,9,2,11,0,0,0,0,0,0,0,9,2,11,0,0,0,11
03/21/2006,JEF,MO,ACE,CE,Federal Contract Tower,0,0,9,0,9,0,0,9,2,11,0,0,18,2,20,8,12,20,40
03/22/2006,JEF,MO,ACE,CE,Federal Contract Tower,0,0,10,0,10,0,0,49,14,63,0,0,59,14,73,36,12,48,121
03/23/2006,JEF,MO,ACE,CE,Federal Contract Tower,0,1,11,0,12,0,0,37,10,47,0,1,48,10,59,22,6,28,87
03/24/2006,JEF,MO,ACE,CE,Federal Contract Tower,0,1,23,0,24,0,0,50,5,55,0,1,73,5,79,12,8,20,99
03/25/2006,JEF,MO,ACE,CE,Federal Contract Tower,0,0,12,0,12,0,0,40,0,40,0,0,52,0,52,34,0,34,86
03/26/2006,JEF,MO,ACE,CE,Federal Contract Tower,0,0,9,0,9,0,0,38,4,42,0,0,47,4,51,6,0,6,57
03/27/2006,JEF,MO,ACE,CE,Federal Contract Tower,0,0,25,0,25,0,0,30,2,32,0,0,55,2,57,10,0,10,67
03/28/2006,JEF,MO,ACE,CE,Federal Contract Tower,0,0,29,1,30,0,0,33,6,39,0,0,62,7,69,28,8,36,105
03/29/2006,JEF,MO,ACE,CE,Federal Contract Tower,0,0,31,1,32,0,0,54,5,59,0,0,85,6,91,66,0,66,157
03/30/2006,JEF,MO,ACE,CE,Federal Contract Tower,0,0,26,6,32,0,0,16,2,18,0,0,42,8,50,0,14,14,64
03/31/2006,JEF,MO,ACE,CE,Federal Contract Tower,0,2,18,4,24,0,0,33,16,49,0,2,51,20,73,22,22,44,117
04/01/2006,JEF,MO,ACE,CE,Federal Contract Tower,0,0,7,2,9,0,0,23,15,38,0,0,30,17,47,20,18,38,85
04/02/2006,JEF,MO,ACE,CE,Federal Contract Tower,0,0,9,2,11,0,0,12,1,13,0,0,21,3,24,0,2,2,26
04/03/2006,JEF,MO,ACE,CE,Federal Contract Tower,0,2,16,2,20,0,0,31,8,39,0,2,47,10,59,8,0,8,67
04/04/2006,JEF,MO,ACE,CE,Federal Contract Tower,0,1,32,2,35,0,0,53,12,65,0,1,85,14,100,40,12,52,152
04/05/2006,JEF,MO,ACE,CE,Federal Contract Tower,0,3,23,0,26,0,0,38,9,47,0,3,61,9,73,4,0,4,77
04/06/2006,JEF,MO,ACE,CE,Federal Contract Tower,0,2,28,0,30,0,0,20,3,23,0,2,48,3,53,14,0,14,67
04/07/2006,JEF,MO,ACE,CE,Federal Contract Tower,0,0,17,0,17,0,0,26,16,42,0,0,43,16,59,10,28,38,97
04/08/2006,JEF,MO,ACE,CE,Federal Contract Tower,0,0,16,0,16,0,0,26,3,29,0,0,42,3,45,32,0,32,77
04/09/2006,JEF,MO,ACE,CE,Federal Contract Tower,0,0,17,0,17,0,0,69,0,69,0,0,86,0,86,12,0,12,98
04/10/2006,JEF,MO,ACE,CE,Federal Contract Tower,0,0,33,0,33,0,0,50,1,51,0,0,83,1,84,58,2,60,144
04/11/2006,JEF,MO,ACE,CE,Federal Contract Tower,0,2,22,1,25,0,0,24,7,31,0,2,46,8,56,10,18,28,84
04/12/2006,JEF,MO,ACE,CE,Federal Contract Tower,0,2,25,4,31,0,1,69,10,80,0,3,94,14,111,16,14,30,141
04/13/2006,JEF,MO,ACE,CE,Federal Contract Tower,0,0,29,2,31,0,0,46,13,59,0,0,75,15,90,6,10,16,106
04/14/2006,JEF,MO,ACE,CE,Federal Contract Tower,0,3,22,1,26,0,0,28,10,38,0,3,50,11,64,12,4,16,80
04/15/2006,JEF,MO,ACE,CE,Federal Contract Tower,0,0,4,0,4,0,0,28,0,28,0,0,32,0,32,50,0,50,82
04/16/2006,JEF,MO,ACE,CE,Federal Contract Tower,0,2,4,0,6,0,0,7,0,7,0,2,11,0,13,8,0,8,21
04/17/2006,JEF,MO,ACE,CE,Federal Contract Tower,0,3,38,5,46,0,0,30,24,54,0,3,68,29,100,62,40,102,202
04/18/2006,JEF,MO,ACE,CE,Federal Contract Tower,0,5,26,1,32,0,0,30,7,37,0,5,56,8,69,24,8,32,101
04/19/2006,JEF,MO,ACE,CE,Federal Contract Tower,0,1,19,3,23,0,0,35,5,40,0,1,54,8,63,26,20,46,109
04/20/2006,JEF,MO,ACE,CE,Federal Contract Tower,0,2,35,1,38,0,1,46,4,51,0,3,81,5,89,38,8,46,135
04/21/2006,JEF,MO,ACE,CE,Federal Contract Tower,0,1,30,1,32,0,0,30,5,35,0,1,60,6,67,18,10,28,95
04/22/2006,JEF,MO,ACE,CE,Federal Contract Tower,0,1,13,0,14,0,0,30,6,36,0,1,43,6,50,26,6,32,82
04/23/2006,JEF,MO,ACE,CE,Federal Contract Tower,0,1,9,0,10,0,0,22,0,22,0,1,31,0,32,28,0,28,60
04/24/2006,JEF,MO,ACE,CE,Federal Contract Tower,0,4,23,0,27,0,0,19,4,23,0,4,42,4,50,0,12,12,62
04/25/2006,JEF,MO,ACE,CE,Federal Contract Tower,0,2,21,3,26,0,0,19,12,31,0,2,40,15,57,24,80,104,161
04/26/2006,JEF,MO,ACE,CE,Federal Contract Tower,0,4,29,2,35,0,0,50,8,58,0,4,79,10,93,26,0,26,119
04/27/2006,JEF,MO,ACE,CE,Federal Contract Tower,0,0,29,1,30,0,0,63,22,85,0,0,92,23,115,32,28,60,175
04/28/2006,JEF,MO,ACE,CE,Federal Contract Tower,0,2,21,2,25,0,0,13,3,16,0,2,34,5,41,4,14,18,59
04/29/2006,JEF,MO,ACE,CE,Federal Contract Tower,0,2,6,0,8,0,0,1,0,1,0,2,7,0,9,0,0,0,9
04/30/2006,JEF,MO,ACE,CE,Federal Contract Tower,0,2,7,0,9,0,0,13,0,13,0,2,20,0,22,46,0,46,68
05/01/2006,JEF,MO,ACE,CE,Federal Contract Tower,0,0,21,3,24,0,1,35,15,51,0,1,56,18,75,34,30,64,139
05/02/2006,JEF,MO,ACE,CE,Federal Contract Tower,0,4,10,3,17,0,2,58,6,66,0,6,68,9,83,50,0,50,133
05/03/2006,JEF,MO,ACE,CE,Federal Contract Tower,0,0,19,2,21,0,0,11,4,15,0,0,30,6,36,14,42,56,92
05/04/2006,JEF,MO,ACE,CE,Federal Contract Tower,0,2,23,0,25,0,1,44,10,55,0,3,67,10,80,48,32,80,160
05/05/2006,JEF,MO,ACE,CE,Federal Contract Tower,0,3,18,1,22,0,0,32,8,40,0,3,50,9,62,46,26,72,134
05/06/2006,JEF,MO,ACE,CE,Federal Contract Tower,0,1,13,0,14,0,0,28,0,28,0,1,41,0,42,14,0,14,56
05/07/2006,JEF,MO,ACE,CE,Federal Contract Tower,0,4,16,2,22,0,0,41,6,47,0,4,57,8,69,6,0,6,75
05/08/2006,JEF,MO,ACE,CE,Federal Contract Tower,0,2,5,2,9,0,0,28,4,32,0,2,33,6,41,18,4,22,63
05/09/2006,JEF,MO,ACE,CE,Federal Contract Tower,0,0,25,2,27,0,0,36,19,55,0,0,61,21,82,0,32,32,114
05/10/2006,JEF,MO,ACE,CE,Federal Contract Tower,0,2,29,2,33,0,0,24,8,32,0,2,53,10,65,10,42,52,117
05/11/2006,JEF,MO,ACE,CE,Federal Contract Tower,0,2,24,2,28,0,0,21,9,30,0,2,45,11,58,6,28,34,92
05/12/2006,JEF,MO,ACE,CE,Federal Contract Tower,0,0,28,1,29,0,0,30,7,37,0,0,58,8,66,10,2,12,78
05/13/2006,JEF,MO,ACE,CE,Federal Contract Tower,0,0,11,1,12,0,0,24,2,26,0,0,35,3,38,28,0,28,66
05/14/2006,JEF,MO,ACE,CE,Federal Contract Tower,0,0,12,1,13,0,0,17,0,17,0,0,29,1,30,6,0,6,36
05/15/2006,JEF,MO,ACE,CE,Federal Contract Tower,0,0,27,0,27,0,6,33,6,45,0,6,60,6,72,2,22,24,96
05/16/2006,JEF,MO,ACE,CE,Federal Contract Tower,0,3,22,1,26,0,0,31,13,44,0,3,53,14,70,4,12,16,86
05/17/2006,JEF,MO,ACE,CE,Federal Contract Tower,0,2,21,0,23,0,0,48,31,79,0,2,69,31,102,6,16,22,124
05/18/2006,JEF,MO,ACE,CE,Federal Contract Tower,0,2,20,2,24,0,0,30,11,41,0,2,50,13,65,12,10,22,87
05/19/2006,JEF,MO,ACE,CE,Federal Contract Tower,0,0,10,0,10,0,0,34,11,45,0,0,44,11,55,0,8,8,63
05/20/2006,JEF,MO,ACE,CE,Federal Contract Tower,0,0,11,2,13,0,0,28,8,36,0,0,39,10,49,8,2,10,59
05/21/2006,JEF,MO,ACE,CE,Federal Contract Tower,0,0,6,2,8,0,0,31,2,33,0,0,37,4,41,0,0,0,41
05/22/2006,JEF,MO,ACE,CE,Federal Contract Tower,0,0,17,2,19,0,0,52,11,63,0,0,69,13,82,32,2,34,116
05/23/2006,JEF,MO,ACE,CE,Federal Contract Tower,0,0,0,1,1,0,0,17,10,27,0,0,17,11,28,0,0,0,28
05/24/2006,JEF,MO,ACE,CE,Federal Contract Tower,0,0,0,0,0,0,0,8,18,26,0,0,8,18,26,2,6,8,34
05/25/2006,JEF,MO,ACE,CE,Federal Contract Tower,0,0,0,0,0,0,0,5,31,36,0,0,5,31,36,0,14,14,50
05/26/2006,JEF,MO,ACE,CE,Federal Contract Tower,0,0,0,0,0,0,0,2,16,18,0,0,2,16,18,0,4,4,22
05/27/2006,JEF,MO,ACE,CE,Federal Contract Tower,0,0,0,0,0,0,0,4,0,4,0,0,4,0,4,0,0,0,4
05/28/2006,JEF,MO,ACE,CE,Federal Contract Tower,0,0,9,0,9,0,0,33,4,37,0,0,42,4,46,24,0,24,70
05/29/2006,JEF,MO,ACE,CE,Federal Contract Tower,0,0,0,0,0,0,36,0,0,36,0,36,0,0,36,8,0,8,44
05/30/2006,JEF,MO,ACE,CE,Federal Contract Tower,0,4,10,2,16,0,0,51,19,70,0,4,61,21,86,18,18,36,122
05/31/2006,JEF,MO,ACE,CE,Federal Contract Tower,0,0,15,2,17,0,0,21,9,30,0,0,36,11,47,26,6,32,79
06/01/2006,JEF,MO,ACE,CE,Federal Contract Tower,0,3,27,2,32,0,0,11,8,19,0,3,38,10,51,8,26,34,85
06/02/2006,JEF,MO,ACE,CE,Federal Contract Tower,0,3,17,9,29,0,0,71,12,83,0,3,88,21,112,44,2,46,158
06/03/2006,JEF,MO,ACE,CE,Federal Contract Tower,0,0,9,1,10,0,0,56,12,68,0,0,65,13,78,6,0,6,84
06/04/2006,JEF,MO,ACE,CE,Federal Contract Tower,0,0,9,2,11,0,0,16,11,27,0,0,25,13,38,10,0,10,48
06/05/2006,JEF,MO,ACE,CE,Federal Contract Tower,0,2,20,1,23,0,0,34,11,45,0,2,54,12,68,8,2,10,78
06/06/2006,JEF,MO,ACE,CE,Federal Contract Tower,0,0,15,0,15,0,0,34,7,41,0,0,49,7,56,32,2,34,90
06/07/2006,JEF,MO,ACE,CE,Federal Contract Tower,0,2,11,2,15,0,0,34,11,45,0,2,45,13,60,14,32,46,106
06/08/2006,JEF,MO,ACE,CE,Federal Contract Tower,0,0,24,3,27,0,1,43,12,56,0,1,67,15,83,26,16,42,125
06/09/2006,JEF,MO,ACE,CE,Federal Contract Tower,0,0,22,9,31,0,0,37,5,42,0,0,59,14,73,20,6,26,99
06/10/2006,JEF,MO,ACE,CE,Federal Contract Tower,0,1,17,4,22,0,0,13,3,16,0,1,30,7,38,14,0,14,52
06/11/2006,JEF,MO,ACE,CE,Federal Contract Tower,0,0,4,0,4,0,0,16,0,16,0,0,20,0,20,6,0,6,26
06/12/2006,JEF,MO,ACE,CE,Federal Contract Tower,0,2,12,2,16,0,0,23,48,71,0,2,35,50,87,10,6,16,103
06/13/2006,JEF,MO,ACE,CE,Federal Contract Tower,0,0,16,3,19,0,1,35,34,70,0,1,51,37,89,38,94,132,221
06/14/2006,JEF,MO,ACE,CE,Federal Contract Tower,0,0,25,2,27,0,0,34,24,58,0,0,59,26,85,18,22,40,125
06/15/2006,JEF,MO,ACE,CE,Federal Contract Tower,0,2,19,0,21,0,0,51,20,71,0,2,70,20,92,38,4,42,134
06/16/2006,JEF,MO,ACE,CE,Federal Contract Tower,0,5,14,3,22,0,0,32,20,52,0,5,46,23,74,34,28,62,136
06/17/2006,JEF,MO,ACE,CE,Federal Contract Tower,0,0,7,2,9,0,0,21,5,26,0,0,28,7,35,0,12,12,47
06/18/2006,JEF,MO,ACE,CE,Federal Contract Tower,0,1,9,1,11,0,0,35,10,45,0,1,44,11,56,16,18,34,90
06/19/2006,JEF,MO,ACE,CE,Federal Contract Tower,0,0,22,2,24,0,0,28,9,37,0,0,50,11,61,6,0,6,67
06/20/2006,JEF,MO,ACE,CE,Federal Contract Tower,0,0,29,2,31,0,0,38,10,48,0,0,67,12,79,24,6,30,109
06/21/2006,JEF,MO,ACE,CE,Federal Contract Tower,0,0,27,2,29,0,0,37,19,56,0,0,64,21,85,16,20,36,121
06/22/2006,JEF,MO,ACE,CE,Federal Contract Tower,0,0,16,0,16,0,0,21,4,25,0,0,37,4,41,4,0,4,45
06/23/2006,JEF,MO,ACE,CE,Federal Contract Tower,0,0,21,2,23,0,0,26,13,39,0,0,47,15,62,66,18,84,146
06/24/2006,JEF,MO,ACE,CE,Federal Contract Tower,0,0,17,2,19,0,0,27,4,31,0,0,44,6,50,10,0,10,60
06/25/2006,JEF,MO,ACE,CE,Federal Contract Tower,0,0,15,0,15,0,0,32,4,36,0,0,47,4,51,6,26,32,83
06/26/2006,JEF,MO,ACE,CE,Federal Contract Tower,0,2,19,1,22,0,0,18,8,26,0,2,37,9,48,18,16,34,82
06/27/2006,JEF,MO,ACE,CE,Federal Contract Tower,0,0,36,2,38,0,0,22,4,26,0,0,58,6,64,6,2,8,72
06/28/2006,JEF,MO,ACE,CE,Federal Contract Tower,0,2,22,2,26,0,0,54,3,57,0,2,76,5,83,36,0,36,119
06/29/2006,JEF,MO,ACE,CE,Federal Contract Tower,0,6,37,2,45,0,1,37,8,46,0,7,74,10,91,60,2,62,153
06/30/2006,JEF,MO,ACE,CE,Federal Contract Tower,0,2,28,2,32,0,0,40,0,40,0,2,68,2,72,36,0,36,108
07/01/2006,JEF,MO,ACE,CE,Federal Contract Tower,0,0,8,0,8,0,0,39,0,39,0,0,47,0,47,8,0,8,55
07/02/2006,JEF,MO,ACE,CE,Federal Contract Tower,0,0,7,0,7,0,0,28,0,28,0,0,35,0,35,4,0,4,39
07/03/2006,JEF,MO,ACE,CE,Federal Contract Tower,0,0,2,0,2,0,1,22,0,23,0,1,24,0,25,24,0,24,49
07/04/2006,JEF,MO,ACE,CE,Federal Contract Tower,0,2,2,0,4,0,0,6,10,16,0,2,8,10,20,0,0,0,20
07/05/2006,JEF,MO,ACE,CE,Federal Contract Tower,0,0,13,2,15,0,0,25,9,34,0,0,38,11,49,24,32,56,105
07/06/2006,JEF,MO,ACE,CE,Federal Contract Tower,0,0,28,1,29,0,1,40,12,53,0,1,68,13,82,22,16,38,120
07/07/2006,JEF,MO,ACE,CE,Federal Contract Tower,0,0,20,2,22,0,0,41,3,44,0,0,61,5,66,10,16,26,92
07/08/2006,JEF,MO,ACE,CE,Federal Contract Tower,0,3,12,2,17,0,0,33,5,38,0,3,45,7,55,26,6,32,87
07/09/2006,JEF,MO,ACE,CE,Federal Contract Tower,0,1,11,1,13,0,0,25,5,30,0,1,36,6,43,42,22,64,107
07/10/2006,JEF,MO,ACE,CE,Federal Contract Tower,0,0,20,0,20,0,0,23,5,28,0,0,43,5,48,8,0,8,56
07/11/2006,JEF,MO,ACE,CE,Federal Contract Tower,0,2,31,1,34,0,0,37,26,63,0,2,68,27,97,28,2,30,127
07/12/2006,JEF,MO,ACE,CE,Federal Contract Tower,0,0,34,1,35,0,9,38,11,58,0,9,72,12,93,30,4,34,127
07/13/2006,JEF,MO,ACE,CE,Federal Contract Tower,0,0,24,0,24,0,0,52,7,59,0,0,76,7,83,44,0,44,127
07/14/2006,JEF,MO,ACE,CE,Federal Contract Tower,0,0,33,2,35,0,0,47,15,62,0,0,80,17,97,26,2,28,125
07/15/2006,JEF,MO,ACE,CE,Federal Contract Tower,0,0,4,2,6,0,2,32,0,34,0,2,36,2,40,40,2,42,82
07/16/2006,JEF,MO,ACE,CE,Federal Contract Tower,0,0,10,6,16,0,0,29,0,29,0,0,39,6,45,26,4,30,75
07/17/2006,JEF,MO,ACE,CE,Federal Contract Tower,0,0,15,7,22,0,1,43,5,49,0,1,58,12,71,28,12,40,111
07/18/2006,JEF,MO,ACE,CE,Federal Contract Tower,0,0,20,3,23,0,0,41,6,47,0,0,61,9,70,22,8,30,100
07/19/2006,JEF,MO,ACE,CE,Federal Contract Tower,0,0,16,1,17,0,1,21,10,32,0,1,37,11,49,6,14,20,69
07/20/2006,JEF,MO,ACE,CE,Federal Contract Tower,0,0,14,4,18,0,1,28,10,39,0,1,42,14,57,0,4,4,61
07/21/2006,JEF,MO,ACE,CE,Federal Contract Tower,0,0,21,2,23,0,0,25,11,36,0,0,46,13,59,26,10,36,95
07/22/2006,JEF,MO,ACE,CE,Federal Contract Tower,0,0,12,0,12,0,0,35,0,35,0,0,47,0,47,34,0,34,81
07/23/2006,JEF,MO,ACE,CE,Federal Contract Tower,0,0,18,0,18,0,0,45,0,45,0,0,63,0,63,6,0,6,69
07/24/2006,JEF,MO,ACE,CE,Federal Contract Tower,0,0,22,0,22,0,0,40,11,51,0,0,62,11,73,38,0,38,111
07/25/2006,JEF,MO,ACE,CE,Federal Contract Tower,0,2,19,2,23,0,0,52,5,57,0,2,71,7,80,52,0,52,132
07/26/2006,JEF,MO,ACE,CE,Federal Contract Tower,0,4,23,0,27,0,0,30,11,41,0,4,53,11,68,2,12,14,82
07/27/2006,JEF,MO,ACE,CE,Federal Contract Tower,0,0,20,1,21,0,0,35,6,41,0,0,55,7,62,70,14,84,146
07/28/2006,JEF,MO,ACE,CE,Federal Contract Tower,0,4,24,1,29,0,0,29,12,41,0,4,53,13,70,20,6,26,96
07/29/2006,JEF,MO,ACE,CE,Federal Contract Tower,0,0,8,2,10,0,0,23,0,23,0,0,31,2,33,8,0,8,41
07/30/2006,JEF,MO,ACE,CE,Federal Contract Tower,0,2,14,0,16,0,0,47,2,49,0,2,61,2,65,22,0,22,87
07/31/2006,JEF,MO,ACE,CE,Federal Contract Tower,0,0,31,5,36,0,0,45,5,50,0,0,76,10,86,24,0,24,110
08/01/2006,JEF,MO,ACE,CE,Federal Contract Tower,0,0,14,4,18,0,0,37,14,51,0,0,51,18,69,18,0,18,87
08/02/2006,JEF,MO,ACE,CE,Federal Contract Tower,0,2,18,4,24,0,0,41,14,55,0,2,59,18,79,22,22,44,123
08/03/2006,JEF,MO,ACE,CE,Federal Contract Tower,0,0,23,2,25,0,0,51,23,74,0,0,74,25,99,2,12,14,113
08/04/2006,JEF,MO,ACE,CE,Federal Contract Tower,0,0,10,1,11,0,2,33,4,39,0,2,43,5,50,54,0,54,104
08/05/2006,JEF,MO,ACE,CE,Federal Contract Tower,0,2,4,4,10,0,2,38,13,53,0,4,42,17,63,6,16,22,85
08/06/2006,JEF,MO,ACE,CE,Federal Contract Tower,0,5,14,5,24,0,0,34,7,41,0,5,48,12,65,0,6,6,71
08/07/2006,JEF,MO,ACE,CE,Federal Contract Tower,0,5,20,4,29,0,2,50,4,56,0,7,70,8,85,28,0,28,113
08/08/2006,JEF,MO,ACE,CE,Federal Contract Tower,0,0,25,0,25,0,0,26,1,27,0,0,51,1,52,16,0,16,68
08/09/2006,JEF,MO,ACE,CE,Federal Contract Tower,0,4,23,0,27,0,0,30,17,47,0,4,53,17,74,36,8,44,118
08/10/2006,JEF,MO,ACE,CE,Federal Contract Tower,0,0,16,0,16,0,0,30,8,38,0,0,46,8,54,2,16,18,72
08/11/2006,JEF,MO,ACE,CE,Federal Contract Tower,0,2,22,0,24,0,0,21,5,26,0,2,43,5,50,30,0,30,80
08/12/2006,JEF,MO,ACE,CE,Federal Contract Tower,0,1,12,0,13,0,0,16,0,16,0,1,28,0,29,14,0,14,43
08/13/2006,JEF,MO,ACE,CE,Federal Contract Tower,0,2,13,0,15,0,0,15,0,15,0,2,28,0,30,22,0,22,52
08/14/2006,JEF,MO,ACE,CE,Federal Contract Tower,0,2,21,2,25,0,2,38,1,41,0,4,59,3,66,12,0,12,78
08/15/2006,JEF,MO,ACE,CE,Federal Contract Tower,0,6,16,3,25,0,1,55,21,77,0,7,71,24,102,70,26,96,198
08/16/2006,JEF,MO,ACE,CE,Federal Contract Tower,0,3,22,0,25,0,0,45,15,60,0,3,67,15,85,12,4,16,101
08/17/2006,JEF,MO,ACE,CE,Federal Contract Tower,0,0,15,0,15,0,0,27,10,37,0,0,42,10,52,4,0,4,56
08/18/2006,JEF,MO,ACE,CE,Federal Contract Tower,0,2,17,0,19,0,2,35,4,41,0,4,52,4,60,10,6,16,76
08/19/2006,JEF,MO,ACE,CE,Federal Contract Tower,0,1,7,0,8,0,3,35,1,39,0,4,42,1,47,0,0,0,47
08/20/2006,JEF,MO,ACE,CE,Federal Contract Tower,0,0,8,0,8,0,0,14,0,14,0,0,22,0,22,4,0,4,26
08/21/2006,JEF,MO,ACE,CE,Federal Contract Tower,0,1,28,1,30,0,0,45,9,54,0,1,73,10,84,16,0,16,100
08/22/2006,JEF,MO,ACE,CE,Federal Contract Tower,0,1,20,0,21,0,0,54,11,65,0,1,74,11,86,18,14,32,118
08/23/2006,JEF,MO,ACE,CE,Federal Contract Tower,0,3,20,0,23,0,0,50,16,66,0,3,70,16,89,6,6,12,101
08/24/2006,JEF,MO,ACE,CE,Federal Contract Tower,0,0,19,0,19,0,2,55,4,61,0,2,74,4,80,0,0,0,80
08/25/2006,JEF,MO,ACE,CE,Federal Contract Tower,0,2,20,0,22,0,0,8,1,9,0,2,28,1,31,0,0,0,31
08/26/2006,JEF,MO,ACE,CE,Federal Contract Tower,0,1,6,0,7,0,0,20,6,26,0,1,26,6,33,8,0,8,41
08/27/2006,JEF,MO,ACE,CE,Federal Contract Tower,0,0,15,0,15,0,0,21,0,21,0,0,36,0,36,8,0,8,44
08/28/2006,JEF,MO,ACE,CE,Federal Contract Tower,0,0,18,2,20,0,2,25,5,32,0,2,43,7,52,18,0,18,70
08/29/2006,JEF,MO,ACE,CE,Federal Contract Tower,0,0,21,2,23,0,0,27,9,36,0,0,48,11,59,0,28,28,87
08/30/2006,JEF,MO,ACE,CE,Federal Contract Tower,0,2,33,6,41,0,0,30,16,46,0,2,63,22,87,20,14,34,121
08/31/2006,JEF,MO,ACE,CE,Federal Contract Tower,0,4,49,1,54,0,0,62,8,70,0,4,111,9,124,24,22,46,170
09/01/2006,JEF,MO,ACE,CE,Federal Contract Tower,0,0,15,0,15,0,0,39,0,39,0,0,54,0,54,8,2,10,64
09/02/2006,JEF,MO,ACE,CE,Federal Contract Tower,0,0,4,1,5,0,0,26,0,26,0,0,30,1,31,32,0,32,63
09/03/2006,JEF,MO,ACE,CE,Federal Contract Tower,0,0,7,0,7,0,0,22,0,22,0,0,29,0,29,28,0,28,57
09/04/2006,JEF,MO,ACE,CE,Federal Contract Tower,0,0,7,0,7,0,0,27,0,27,0,0,34,0,34,26,0,26,60
09/05/2006,JEF,MO,ACE,CE,Federal Contract Tower,0,0,12,0,12,0,0,41,6,47,0,0,53,6,59,10,0,10,69
09/06/2006,JEF,MO,ACE,CE,Federal Contract Tower,0,0,15,2,17,0,0,68,5,73,0,0,83,7,90,12,0,12,102
09/07/2006,JEF,MO,ACE,CE,Federal Contract Tower,0,0,24,0,24,0,0,52,9,61,0,0,76,9,85,14,4,18,103
09/08/2006,JEF,MO,ACE,CE,Federal Contract Tower,0,3,26,0,29,0,0,46,14,60,0,3,72,14,89,20,20,40,129
09/09/2006,JEF,MO,ACE,CE,Federal Contract Tower,0,0,5,0,5,0,0,19,6,25,0,0,24,6,30,32,14,46,76
09/10/2006,JEF,MO,ACE,CE,Federal Contract Tower,0,0,14,0,14,0,0,24,13,37,0,0,38,13,51,18,12,30,81
09/11/2006,JEF,MO,ACE,CE,Federal Contract Tower,0,1,16,1,18,0,0,22,4,26,0,1,38,5,44,2,4,6,50
09/12/2006,JEF,MO,ACE,CE,Federal Contract Tower,0,0,34,1,35,0,0,14,8,22,0,0,48,9,57,0,32,32,89
09/13/2006,JEF,MO,ACE,CE,Federal Contract Tower,0,2,33,4,39,0,2,44,12,58,0,4,77,16,97,10,0,10,107
09/14/2006,JEF,MO,ACE,CE,Federal Contract Tower,0,0,20,1,21,0,0,54,8,62,0,0,74,9,83,12,8,20,103
09/15/2006,JEF,MO,ACE,CE,Federal Contract Tower,0,0,34,2,36,0,0,37,9,46,0,0,71,11,82,10,2,12,94
09/16/2006,JEF,MO,ACE,CE,Federal Contract Tower,0,0,7,0,7,0,0,26,4,30,0,0,33,4,37,16,6,22,59
09/17/2006,JEF,MO,ACE,CE,Federal Contract Tower,0,1,5,0,6,0,0,10,0,10,0,1,15,0,16,4,0,4,20
09/18/2006,JEF,MO,ACE,CE,Federal Contract Tower,0,1,15,2,18,0,1,34,14,49,0,2,49,16,67,20,0,20,87
09/19/2006,JEF,MO,ACE,CE,Federal Contract Tower,0,1,9,2,12,0,0,45,9,54,0,1,54,11,66,0,0,0,66
09/20/2006,JEF,MO,ACE,CE,Federal Contract Tower,0,1,18,3,22,0,1,70,8,79,0,2,88,11,101,48,0,48,149
09/21/2006,JEF,MO,ACE,CE,Federal Contract Tower,0,2,23,1,26,0,0,20,1,21,0,2,43,2,47,18,0,18,65
09/22/2006,JEF,MO,ACE,CE,Federal Contract Tower,0,4,31,3,38,0,0,17,3,20,0,4,48,6,58,28,2,30,88
09/23/2006,JEF,MO,ACE,CE,Federal Contract Tower,0,0,6,0,6,0,0,12,3,15,0,0,18,3,21,4,2,6,27
09/24/2006,JEF,MO,ACE,CE,Federal Contract Tower,0,0,9,0,9,0,0,13,2,15,0,0,22,2,24,6,0,6,30
09/25/2006,JEF,MO,ACE,CE,Federal Contract Tower,0,0,19,4,23,0,0,45,6,51,0,0,64,10,74,38,6,44,118
09/26/2006,JEF,MO,ACE,CE,Federal Contract Tower,0,0,19,2,21,0,0,39,10,49,0,0,58,12,70,14,10,24,94
09/27/2006,JEF,MO,ACE,CE,Federal Contract Tower,0,0,16,2,18,0,0,33,9,42,0,0,49,11,60,14,20,34,94
09/28/2006,JEF,MO,ACE,CE,Federal Contract Tower,0,0,37,2,39,0,0,46,16,62,0,0,83,18,101,2,30,32,133
09/29/2006,JEF,MO,ACE,CE,Federal Contract Tower,0,0,36,0,36,0,2,44,4,50,0,2,80,4,86,50,4,54,140
09/30/2006,JEF,MO,ACE,CE,Federal Contract Tower,0,0,13,2,15,0,0,34,1,35,0,0,47,3,50,12,0,12,62
10/01/2006,JEF,MO,ACE,CE,Federal Contract Tower,0,0,14,0,14,0,0,41,0,41,0,0,55,0,55,18,0,18,73
10/02/2006,JEF,MO,ACE,CE,Federal Contract Tower,0,0,25,1,26,0,0,45,8,53,0,0,70,9,79,4,6,10,89
10/03/2006,JEF,MO,ACE,CE,Federal Contract Tower,0,0,20,1,21,0,0,61,11,72,0,0,81,12,93,14,6,20,113
10/04/2006,JEF,MO,ACE,CE,Federal Contract Tower,0,0,23,3,26,0,4,29,11,44,0,4,52,14,70,18,4,22,92
10/05/2006,JEF,MO,ACE,CE,Federal Contract Tower,0,0,27,2,29,0,1,24,4,29,0,1,51,6,58,0,4,4,62
10/06/2006,JEF,MO,ACE,CE,Federal Contract Tower,0,0,17,0,17,0,9,44,7,60,0,9,61,7,77,24,5,29,106
10/07/2006,JEF,MO,ACE,CE,Federal Contract Tower,0,0,9,0,9,0,0,32,0,32,0,0,41,0,41,40,0,40,81
10/08/2006,JEF,MO,ACE,CE,Federal Contract Tower,0,4,14,0,18,0,0,33,12,45,0,4,47,12,63,50,20,70,133
10/09/2006,JEF,MO,ACE,CE,Federal Contract Tower,0,4,13,0,17,0,7,41,0,48,0,11,54,0,65,16,0,16,81
10/10/2006,JEF,MO,ACE,CE,Federal Contract Tower,0,2,16,1,19,0,0,35,16,51,0,2,51,17,70,14,20,34,104
10/11/2006,JEF,MO,ACE,CE,Federal Contract Tower,0,0,30,4,34,0,0,21,4,25,0,0,51,8,59,6,6,12,71
10/12/2006,JEF,MO,ACE,CE,Federal Contract Tower,0,2,26,2,30,0,1,35,11,47,0,3,61,13,77,4,2,6,83
10/13/2006,JEF,MO,ACE,CE,Federal Contract Tower,0,2,22,0,24,0,0,31,2,33,0,2,53,2,57,12,0,12,69
10/14/2006,JEF,MO,ACE,CE,Federal Contract Tower,0,1,5,2,8,0,0,39,8,47,0,1,44,10,55,12,10,22,77
10/15/2006,JEF,MO,ACE,CE,Federal Contract Tower,0,3,12,2,17,0,1,11,4,16,0,4,23,6,33,0,8,8,41
10/16/2006,JEF,MO,ACE,CE,Federal Contract Tower,0,2,23,4,29,0,8,4,1,13,0,10,27,5,42,0,0,0,42
10/17/2006,JEF,MO,ACE,CE,Federal Contract Tower,0,4,20,1,25,0,0,14,2,16,0,4,34,3,41,26,4,30,71
10/18/2006,JEF,MO,ACE,CE,Federal Contract Tower,0,1,27,0,28,0,3,12,1,16,0,4,39,1,44,10,0,10,54
10/19/2006,JEF,MO,ACE,CE,Federal Contract Tower,0,2,19,3,24,0,4,28,6,38,0,6,47,9,62,30,2,32,94
10/20/2006,JEF,MO,ACE,CE,Federal Contract Tower,0,0,25,3,28,0,0,40,2,42,0,0,65,5,70,12,4,16,86
10/21/2006,JEF,MO,ACE,CE,Federal Contract Tower,0,0,15,1,16,0,0,19,5,24,0,0,34,6,40,0,0,0,40
10/22/2006,JEF,MO,ACE,CE,Federal Contract Tower,0,0,10,1,11,0,0,30,0,30,0,0,40,1,41,6,0,6,47
10/23/2006,JEF,MO,ACE,CE,Federal Contract Tower,0,0,21,1,22,0,2,19,6,27,0,2,40,7,49,8,8,16,65
10/24/2006,JEF,MO,ACE,CE,Federal Contract Tower,0,1,9,0,10,0,4,39,0,43,0,5,48,0,53,36,0,36,89
10/25/2006,JEF,MO,ACE,CE,Federal Contract Tower,0,0,23,1,24,0,0,12,1,13,0,0,35,2,37,0,0,0,37
10/26/2006,JEF,MO,ACE,CE,Federal Contract Tower,0,0,27,0,27,0,1,6,2,9,0,1,33,2,36,0,0,0,36
10/27/2006,JEF,MO,ACE,CE,Federal Contract Tower,0,0,18,2,20,0,1,0,3,4,0,1,18,5,24,0,0,0,24
10/28/2006,JEF,MO,ACE,CE,Federal Contract Tower,0,0,11,1,12,0,0,21,4,25,0,0,32,5,37,20,0,20,57
10/29/2006,JEF,MO,ACE,CE,Federal Contract Tower,0,0,11,0,11,0,2,87,0,89,0,2,98,0,100,32,0,32,132
10/30/2006,JEF,MO,ACE,CE,Federal Contract Tower,0,4,16,2,22,0,2,34,6,42,0,6,50,8,64,0,0,0,64
10/31/2006,JEF,MO,ACE,CE,Federal Contract Tower,0,7,28,3,38,0,1,36,7,44,0,8,64,10,82,2,0,2,84
11/01/2006,JEF,MO,ACE,CE,Federal Contract Tower,0,4,18,3,25,0,1,49,4,54,0,5,67,7,79,2,2,4,83
11/02/2006,JEF,MO,ACE,CE,Federal Contract Tower,0,4,29,4,37,0,4,51,16,71,0,8,80,20,108,14,2,16,124
11/03/2006,JEF,MO,ACE,CE,Federal Contract Tower,0,4,11,3,18,0,0,48,7,55,0,4,59,10,73,14,24,38,111
11/04/2006,JEF,MO,ACE,CE,Federal Contract Tower,0,0,14,2,16,0,4,24,5,33,0,4,38,7,49,20,10,30,79
11/05/2006,JEF,MO,ACE,CE,Federal Contract Tower,0,2,15,3,20,0,0,22,6,28,0,2,37,9,48,4,12,16,64
11/06/2006,JEF,MO,ACE,CE,Federal Contract Tower,0,4,16,1,21,0,1,8,0,9,0,5,24,1,30,2,0,2,32
11/07/2006,JEF,MO,ACE,CE,Federal Contract Tower,0,2,26,0,28,0,5,36,0,41,0,7,62,0,69,6,0,6,75
11/08/2006,JEF,MO,ACE,CE,Federal Contract Tower,0,7,24,0,31,0,1,61,2,64,0,8,85,2,95,20,0,20,115
11/09/2006,JEF,MO,ACE,CE,Federal Contract Tower,0,3,18,0,21,0,2,66,6,74,0,5,84,6,95,32,8,40,135
11/10/2006,JEF,MO,ACE,CE,Federal Contract Tower,0,0,16,0,16,0,0,13,0,13,0,0,29,0,29,6,0,6,35
11/11/2006,JEF,MO,ACE,CE,Federal Contract Tower,0,0,14,0,14,0,0,20,0,20,0,0,34,0,34,18,0,18,52
11/12/2006,JEF,MO,ACE,CE,Federal Contract Tower,0,0,17,0,17,0,0,36,0,36,0,0,53,0,53,2,0,2,55
11/13/2006,JEF,MO,ACE,CE,Federal Contract Tower,0,0,21,2,23,0,0,36,5,41,0,0,57,7,64,0,6,6,70
11/14/2006,JEF,MO,ACE,CE,Federal Contract Tower,0,3,23,2,28,0,0,17,9,26,0,3,40,11,54,24,24,48,102
11/15/2006,JEF,MO,ACE,CE,Federal Contract Tower,0,0,11,2,13,0,0,5,3,8,0,0,16,5,21,0,4,4,25
11/16/2006,JEF,MO,ACE,CE,Federal Contract Tower,0,0,33,6,39,0,4,22,7,33,0,4,55,13,72,0,30,30,102
11/17/2006,JEF,MO,ACE,CE,Federal Contract Tower,0,2,19,0,21,0,0,33,4,37,0,2,52,4,58,2,6,8,66
11/18/2006,JEF,MO,ACE,CE,Federal Contract Tower,0,0,10,2,12,0,0,21,0,21,0,0,31,2,33,18,0,18,51
11/19/2006,JEF,MO,ACE,CE,Federal Contract Tower,0,2,10,2,14,0,0,44,0,44,0,2,54,2,58,24,0,24,82
11/20/2006,JEF,MO,ACE,CE,Federal Contract Tower,0,4,25,0,29,0,0,41,4,45,0,4,66,4,74,22,0,22,96
11/21/2006,JEF,MO,ACE,CE,Federal Contract Tower,0,2,34,0,36,0,0,50,6,56,0,2,84,6,92,26,0,26,118
11/22/2006,JEF,MO,ACE,CE,Federal Contract Tower,0,4,10,0,14,0,3,34,0,37,0,7,44,0,51,16,0,16,67
11/23/2006,JEF,MO,ACE,CE,Federal Contract Tower,0,2,2,0,4,0,0,32,0,32,0,2,34,0,36,10,0,10,46
11/24/2006,JEF,MO,ACE,CE,Federal Contract Tower,0,2,11,0,13,0,2,48,0,50,0,4,59,0,63,12,0,12,75
11/25/2006,JEF,MO,ACE,CE,Federal Contract Tower,0,0,2,0,2,0,0,25,0,25,0,0,27,0,27,8,0,8,35
11/26/2006,JEF,MO,ACE,CE,Federal Contract Tower,0,4,12,0,16,0,0,35,0,35,0,4,47,0,51,14,0,14,65
11/27/2006,JEF,MO,ACE,CE,Federal Contract Tower,0,2,32,0,34,0,3,27,4,34,0,5,59,4,68,16,8,24,92
11/28/2006,JEF,MO,ACE,CE,Federal Contract Tower,0,2,18,0,20,0,2,23,17,42,0,4,41,17,62,0,16,16,78
11/29/2006,JEF,MO,ACE,CE,Federal Contract Tower,0,1,21,2,24,0,0,8,0,8,0,1,29,2,32,2,0,2,34
11/30/2006,JEF,MO,ACE,CE,Federal Contract Tower,0,1,5,0,6,0,0,1,2,3,0,1,6,2,9,0,20,20,29
12/01/2006,JEF,MO,ACE,CE,Federal Contract Tower,0,0,0,0,0,0,0,2,0,2,0,0,2,0,2,0,0,0,2
12/02/2006,JEF,MO,ACE,CE,Federal Contract Tower,0,4,6,0,10,0,0,0,0,0,0,4,6,0,10,0,0,0,10
12/03/2006,JEF,MO,ACE,CE,Federal Contract Tower,0,0,11,0,11,0,0,10,0,10,0,0,21,0,21,0,0,0,21
12/04/2006,JEF,MO,ACE,CE,Federal Contract Tower,0,3,27,5,35,0,0,34,10,44,0,3,61,15,79,0,32,32,111
12/05/2006,JEF,MO,ACE,CE,Federal Contract Tower,0,4,34,0,38,0,0,27,4,31,0,4,61,4,69,2,16,18,87
12/06/2006,JEF,MO,ACE,CE,Federal Contract Tower,0,4,28,0,32,0,2,42,2,46,0,6,70,2,78,14,0,14,92
12/07/2006,JEF,MO,ACE,CE,Federal Contract Tower,0,3,22,0,25,0,0,41,4,45,0,3,63,4,70,8,0,8,78
12/08/2006,JEF,MO,ACE,CE,Federal Contract Tower,0,0,24,5,29,0,0,27,1,28,0,0,51,6,57,6,0,6,63
12/09/2006,JEF,MO,ACE,CE,Federal Contract Tower,0,0,7,2,9,0,2,21,0,23,0,2,28,2,32,14,0,14,46
12/10/2006,JEF,MO,ACE,CE,Federal Contract Tower,0,0,12,2,14,0,0,40,1,41,0,0,52,3,55,14,0,14,69
12/11/2006,JEF,MO,ACE,CE,Federal Contract Tower,0,4,16,1,21,0,0,16,0,16,0,4,32,1,37,12,0,12,49
12/12/2006,JEF,MO,ACE,CE,Federal Contract Tower,0,0,21,2,23,0,0,15,2,17,0,0,36,4,40,2,12,14,54
12/13/2006,JEF,MO,ACE,CE,Federal Contract Tower,0,2,32,2,36,0,2,53,7,62,0,4,85,9,98,32,10,42,140
12/14/2006,JEF,MO,ACE,CE,Federal Contract Tower,0,6,38,2,46,0,0,28,3,31,0,6,66,5,77,20,24,44,121
12/15/2006,JEF,MO,ACE,CE,Federal Contract Tower,0,2,27,1,30,0,0,61,3,64,0,2,88,4,94,0,2,2,96
12/16/2006,JEF,MO,ACE,CE,Federal Contract Tower,0,6,14,1,21,0,0,22,1,23,0,6,36,2,44,36,6,42,86
12/17/2006,JEF,MO,ACE,CE,Federal Contract Tower,0,2,17,2,21,0,0,8,0,8,0,2,25,2,29,6,0,6,35
12/18/2006,JEF,MO,ACE,CE,Federal Contract Tower,0,4,17,2,23,0,0,50,2,52,0,4,67,4,75,12,0,12,87
12/19/2006,JEF,MO,ACE,CE,Federal Contract Tower,0,0,28,4,32,0,0,30,2,32,0,0,58,6,64,4,4,8,72
12/20/2006,JEF,MO,ACE,CE,Federal Contract Tower,0,0,16,2,18,0,4,15,0,19,0,4,31,2,37,2,12,14,51
12/21/2006,JEF,MO,ACE,CE,Federal Contract Tower,0,0,13,0,13,0,0,28,2,30,0,0,41,2,43,42,0,42,85
12/22/2006,JEF,MO,ACE,CE,Federal Contract Tower,0,0,10,0,10,0,0,24,0,24,0,0,34,0,34,24,0,24,58
12/23/2006,JEF,MO,ACE,CE,Federal Contract Tower,0,0,7,0,7,0,0,21,0,21,0,0,28,0,28,8,0,8,36
12/24/2006,JEF,MO,ACE,CE,Federal Contract Tower,0,0,5,0,5,0,0,15,0,15,0,0,20,0,20,14,0,14,34
12/25/2006,JEF,MO,ACE,CE,Federal Contract Tower,0,0,2,0,2,0,0,5,0,5,0,0,7,0,7,0,0,0,7
12/26/2006,JEF,MO,ACE,CE,Federal Contract Tower,0,0,10,0,10,0,1,34,0,35,0,1,44,0,45,2,0,2,47
12/27/2006,JEF,MO,ACE,CE,Federal Contract Tower,0,2,11,0,13,0,1,52,2,55,0,3,63,2,68,28,0,28,96
12/28/2006,JEF,MO,ACE,CE,Federal Contract Tower,0,0,8,2,10,0,0,35,5,40,0,0,43,7,50,4,22,26,76
12/29/2006,JEF,MO,ACE,CE,Federal Contract Tower,0,0,7,0,7,0,1,23,0,24,0,1,30,0,31,6,0,6,37
12/30/2006,JEF,MO,ACE,CE,Federal Contract Tower,0,2,1,0,3,0,0,7,0,7,0,2,8,0,10,2,0,2,12
12/31/2006,JEF,MO,ACE,CE,Federal Contract Tower,0,0,5,0,5,0,0,13,0,13,0,0,18,0,18,30,0,30,48
01/01/2007,JEF,MO,ACE,CE,Federal Contract Tower,0,0,3,0,3,0,0,16,0,16,0,0,19,0,19,14,0,14,33
01/02/2007,JEF,MO,ACE,CE,Federal Contract Tower,0,0,13,2,15,0,1,34,0,35,0,1,47,2,50,2,0,2,52
01/03/2007,JEF,MO,ACE,CE,Federal Contract Tower,0,0,17,2,19,0,0,46,2,48,0,0,63,4,67,22,4,26,93
01/04/2007,JEF,MO,ACE,CE,Federal Contract Tower,0,0,22,2,24,0,0,27,2,29,0,0,49,4,53,0,18,18,71
01/05/2007,JEF,MO,ACE,CE,Federal Contract Tower,0,0,15,4,19,0,0,8,7,15,0,0,23,11,34,20,22,42,76
01/06/2007,JEF,MO,ACE,CE,Federal Contract Tower,0,0,3,3,6,0,0,12,9,21,0,0,15,12,27,28,0,28,55
01/07/2007,JEF,MO,ACE,CE,Federal Contract Tower,0,0,4,3,7,0,0,17,3,20,0,0,21,6,27,0,8,8,35
01/08/2007,JEF,MO,ACE,CE,Federal Contract Tower,0,0,7,0,7,0,0,13,1,14,0,0,20,1,21,24,0,24,45
01/09/2007,JEF,MO,ACE,CE,Federal Contract Tower,0,0,24,2,26,0,0,24,2,26,0,0,48,4,52,40,0,40,92
01/10/2007,JEF,MO,ACE,CE,Federal Contract Tower,0,0,21,2,23,0,1,47,1,49,0,1,68,3,72,36,0,36,108
01/11/2007,JEF,MO,ACE,CE,Federal Contract Tower,0,0,26,2,28,0,1,11,0,12,0,1,37,2,40,14,6,20,60
01/12/2007,JEF,MO,ACE,CE,Federal Contract Tower,0,2,23,2,27,0,0,0,0,0,0,2,23,2,27,0,0,0,27
01/13/2007,JEF,MO,ACE,CE,Federal Contract Tower,0,0,1,0,1,0,0,0,0,0,0,0,1,0,1,0,0,0,1
01/14/2007,JEF,MO,ACE,CE,Federal Contract Tower,0,0,0,0,0,0,0,0,0,0,0,0,0,0,0,0,0,0,0
01/15/2007,JEF,MO,ACE,CE,Federal Contract Tower,0,0,3,0,3,0,0,8,0,8,0,0,11,0,11,0,0,0,11
01/16/2007,JEF,MO,ACE,CE,Federal Contract Tower,0,0,24,1,25,0,0,10,3,13,0,0,34,4,38,8,14,22,60
01/17/2007,JEF,MO,ACE,CE,Federal Contract Tower,0,2,25,0,27,0,0,20,4,24,0,2,45,4,51,0,0,0,51
01/18/2007,JEF,MO,ACE,CE,Federal Contract Tower,0,4,21,1,26,0,0,18,4,22,0,4,39,5,48,10,20,30,78
01/19/2007,JEF,MO,ACE,CE,Federal Contract Tower,0,0,32,0,32,0,0,38,1,39,0,0,70,1,71,8,0,8,79
01/20/2007,JEF,MO,ACE,CE,Federal Contract Tower,0,2,5,4,11,0,0,10,0,10,0,2,15,4,21,8,2,10,31
01/21/2007,JEF,MO,ACE,CE,Federal Contract Tower,0,0,6,1,7,0,0,4,0,4,0,0,10,1,11,0,0,0,11
01/22/2007,JEF,MO,ACE,CE,Federal Contract Tower,0,0,9,0,9,0,1,41,3,45,0,1,50,3,54,26,14,40,94
01/23/2007,JEF,MO,ACE,CE,Federal Contract Tower,0,1,11,0,12,0,0,33,8,41,0,1,44,8,53,2,22,24,77
01/24/2007,JEF,MO,ACE,CE,Federal Contract Tower,0,2,28,0,30,0,0,15,2,17,0,2,43,2,47,18,0,18,65
01/25/2007,JEF,MO,ACE,CE,Federal Contract Tower,0,4,28,3,35,0,1,32,12,45,0,5,60,15,80,8,14,22,102
01/26/2007,JEF,MO,ACE,CE,Federal Contract Tower,0,3,25,4,32,0,1,32,0,33,0,4,57,4,65,12,0,12,77
01/27/2007,JEF,MO,ACE,CE,Federal Contract Tower,0,0,7,2,9,0,0,12,0,12,0,0,19,2,21,0,0,0,21
01/28/2007,JEF,MO,ACE,CE,Federal Contract Tower,0,0,10,2,12,0,0,28,0,28,0,0,38,2,40,6,0,6,46
01/29/2007,JEF,MO,ACE,CE,Federal Contract Tower,0,4,21,3,28,0,0,55,9,64,0,4,76,12,92,8,18,26,118
01/30/2007,JEF,MO,ACE,CE,Federal Contract Tower,0,4,23,2,29,0,3,35,4,42,0,7,58,6,71,10,20,30,101
01/31/2007,JEF,MO,ACE,CE,Federal Contract Tower,0,2,10,1,13,0,0,11,0,11,0,2,21,1,24,0,0,0,24
02/01/2007,JEF,MO,ACE,CE,Federal Contract Tower,0,0,19,1,20,0,2,8,1,11,0,2,27,2,31,0,0,0,31
02/02/2007,JEF,MO,ACE,CE,Federal Contract Tower,0,0,21,2,23,0,0,14,5,19,0,0,35,7,42,2,0,2,44
02/03/2007,JEF,MO,ACE,CE,Federal Contract Tower,0,0,6,2,8,0,0,13,3,16,0,0,19,5,24,12,20,32,56
02/04/2007,JEF,MO,ACE,CE,Federal Contract Tower,0,0,7,3,10,0,0,23,1,24,0,0,30,4,34,12,0,12,46
02/05/2007,JEF,MO,ACE,CE,Federal Contract Tower,0,0,20,0,20,0,0,22,8,30,0,0,42,8,50,0,38,38,88
02/06/2007,JEF,MO,ACE,CE,Federal Contract Tower,0,1,25,0,26,0,0,9,4,13,0,1,34,4,39,14,0,14,53
02/07/2007,JEF,MO,ACE,CE,Federal Contract Tower,0,0,23,2,25,0,0,21,1,22,0,0,44,3,47,4,0,4,51
02/08/2007,JEF,MO,ACE,CE,Federal Contract Tower,0,2,17,2,21,0,0,25,15,40,0,2,42,17,61,12,14,26,87
02/09/2007,JEF,MO,ACE,CE,Federal Contract Tower,0,0,19,0,19,0,0,17,0,17,0,0,36,0,36,20,0,20,56
02/10/2007,JEF,MO,ACE,CE,Federal Contract Tower,0,0,6,0,6,0,0,35,0,35,0,0,41,0,41,0,0,0,41
02/11/2007,JEF,MO,ACE,CE,Federal Contract Tower,0,0,6,2,8,0,0,46,0,46,0,0,52,2,54,12,0,12,66
02/12/2007,JEF,MO,ACE,CE,Federal Contract Tower,0,4,9,0,13,0,0,11,0,11,0,4,20,0,24,8,0,8,32
02/13/2007,JEF,MO,ACE,CE,Federal Contract Tower,0,0,5,0,5,0,0,0,1,1,0,0,5,1,6,0,0,0,6
02/14/2007,JEF,MO,ACE,CE,Federal Contract Tower,0,2,13,2,17,0,0,27,0,27,0,2,40,2,44,0,0,0,44
02/15/2007,JEF,MO,ACE,CE,Federal Contract Tower,0,0,31,3,34,0,0,32,3,35,0,0,63,6,69,10,12,22,91
02/16/2007,JEF,MO,ACE,CE,Federal Contract Tower,0,3,29,0,32,0,0,13,2,15,0,3,42,2,47,6,0,6,53
02/17/2007,JEF,MO,ACE,CE,Federal Contract Tower,0,0,11,0,11,0,0,9,0,9,0,0,20,0,20,0,0,0,20
02/18/2007,JEF,MO,ACE,CE,Federal Contract Tower,0,0,19,0,19,0,0,49,2,51,0,0,68,2,70,32,0,32,102
02/19/2007,JEF,MO,ACE,CE,Federal Contract Tower,0,0,12,0,12,0,1,22,0,23,0,1,34,0,35,4,0,4,39
02/20/2007,JEF,MO,ACE,CE,Federal Contract Tower,0,4,30,4,38,0,1,46,7,54,0,5,76,11,92,34,16,50,142
02/21/2007,JEF,MO,ACE,CE,Federal Contract Tower,0,1,36,3,40,0,0,44,8,52,0,1,80,11,92,16,0,16,108
02/22/2007,JEF,MO,ACE,CE,Federal Contract Tower,0,0,21,2,23,0,0,52,3,55,0,0,73,5,78,50,0,50,128
02/23/2007,JEF,MO,ACE,CE,Federal Contract Tower,0,0,29,5,34,0,0,22,7,29,0,0,51,12,63,0,4,4,67
02/24/2007,JEF,MO,ACE,CE,Federal Contract Tower,0,0,0,0,0,0,0,0,0,0,0,0,0,0,0,0,0,0,0
02/25/2007,JEF,MO,ACE,CE,Federal Contract Tower,0,0,6,0,6,0,0,5,0,5,0,0,11,0,11,0,0,0,11
02/26/2007,JEF,MO,ACE,CE,Federal Contract Tower,0,2,24,2,28,0,0,29,2,31,0,2,53,4,59,20,22,42,101
02/27/2007,JEF,MO,ACE,CE,Federal Contract Tower,0,3,22,2,27,0,0,64,9,73,0,3,86,11,100,22,0,22,122
02/28/2007,JEF,MO,ACE,CE,Federal Contract Tower,0,1,22,2,25,0,0,17,2,19,0,1,39,4,44,0,0,0,44
03/01/2007,JEF,MO,ACE,CE,Federal Contract Tower,0,0,15,0,15,0,0,12,0,12,0,0,27,0,27,0,0,0,27
03/02/2007,JEF,MO,ACE,CE,Federal Contract Tower,0,4,13,2,19,0,0,11,0,11,0,4,24,2,30,2,0,2,32
03/03/2007,JEF,MO,ACE,CE,Federal Contract Tower,0,0,6,2,8,0,0,0,1,1,0,0,6,3,9,0,0,0,9
03/04/2007,JEF,MO,ACE,CE,Federal Contract Tower,0,2,11,0,13,0,0,40,8,48,0,2,51,8,61,0,0,0,61
03/05/2007,JEF,MO,ACE,CE,Federal Contract Tower,0,0,8,1,9,0,0,31,6,37,0,0,39,7,46,8,20,28,74
03/06/2007,JEF,MO,ACE,CE,Federal Contract Tower,0,3,27,2,32,0,0,40,7,47,0,3,67,9,79,4,0,4,83
03/07/2007,JEF,MO,ACE,CE,Federal Contract Tower,0,0,17,2,19,0,0,51,9,60,0,0,68,11,79,12,6,18,97
03/08/2007,JEF,MO,ACE,CE,Federal Contract Tower,0,0,38,2,40,0,0,38,5,43,0,0,76,7,83,40,18,58,141
03/09/2007,JEF,MO,ACE,CE,Federal Contract Tower,0,0,7,2,9,0,0,3,0,3,0,0,10,2,12,0,0,0,12
03/10/2007,JEF,MO,ACE,CE,Federal Contract Tower,0,0,9,2,11,0,0,35,0,35,0,0,44,2,46,6,0,6,52
03/11/2007,JEF,MO,ACE,CE,Federal Contract Tower,0,0,4,0,4,0,0,28,2,30,0,0,32,2,34,6,0,6,40
03/12/2007,JEF,MO,ACE,CE,Federal Contract Tower,0,0,22,0,22,0,1,28,8,37,0,1,50,8,59,16,30,46,105
03/13/2007,JEF,MO,ACE,CE,Federal Contract Tower,0,0,32,3,35,0,0,17,5,22,0,0,49,8,57,6,8,14,71
03/14/2007,JEF,MO,ACE,CE,Federal Contract Tower,0,4,13,2,19,0,0,50,4,54,0,4,63,6,73,10,10,20,93
03/15/2007,JEF,MO,ACE,CE,Federal Contract Tower,0,0,18,4,22,0,0,21,17,38,0,0,39,21,60,4,8,12,72
03/16/2007,JEF,MO,ACE,CE,Federal Contract Tower,0,0,11,4,15,0,0,47,7,54,0,0,58,11,69,28,0,28,97
03/17/2007,JEF,MO,ACE,CE,Federal Contract Tower,0,0,3,0,3,0,0,5,2,7,0,0,8,2,10,38,0,38,48
03/18/2007,JEF,MO,ACE,CE,Federal Contract Tower,0,0,13,2,15,0,0,33,0,33,0,0,46,2,48,8,0,8,56
03/19/2007,JEF,MO,ACE,CE,Federal Contract Tower,0,2,21,0,23,0,0,17,2,19,0,2,38,2,42,62,2,64,106
03/20/2007,JEF,MO,ACE,CE,Federal Contract Tower,0,0,15,4,19,0,0,21,1,22,0,0,36,5,41,2,0,2,43
03/21/2007,JEF,MO,ACE,CE,Federal Contract Tower,0,2,17,4,23,0,0,27,5,32,0,2,44,9,55,6,10,16,71
03/22/2007,JEF,MO,ACE,CE,Federal Contract Tower,0,4,19,2,25,0,0,12,0,12,0,4,31,2,37,2,0,2,39
03/23/2007,JEF,MO,ACE,CE,Federal Contract Tower,0,0,23,3,26,0,0,10,0,10,0,0,33,3,36,16,0,16,52
03/24/2007,JEF,MO,ACE,CE,Federal Contract Tower,0,2,3,1,6,0,0,35,0,35,0,2,38,1,41,14,0,14,55
03/25/2007,JEF,MO,ACE,CE,Federal Contract Tower,0,0,8,0,8,0,0,34,0,34,0,0,42,0,42,12,0,12,54
03/26/2007,JEF,MO,ACE,CE,Federal Contract Tower,0,2,11,2,15,0,0,32,0,32,0,2,43,2,47,12,0,12,59
03/27/2007,JEF,MO,ACE,CE,Federal Contract Tower,0,0,26,2,28,0,0,31,0,31,0,0,57,2,59,4,2,6,65
03/28/2007,JEF,MO,ACE,CE,Federal Contract Tower,0,4,37,0,41,0,0,31,2,33,0,4,68,2,74,32,10,42,116
03/29/2007,JEF,MO,ACE,CE,Federal Contract Tower,0,2,30,0,32,0,0,21,5,26,0,2,51,5,58,10,0,10,68
03/30/2007,JEF,MO,ACE,CE,Federal Contract Tower,0,0,17,0,17,0,0,3,4,7,0,0,20,4,24,2,0,2,26
03/31/2007,JEF,MO,ACE,CE,Federal Contract Tower,0,2,6,0,8,0,0,7,0,7,0,2,13,0,15,0,0,0,15
04/01/2007,JEF,MO,ACE,CE,Federal Contract Tower,0,0,6,2,8,0,0,23,6,29,0,0,29,8,37,6,0,6,43
04/02/2007,JEF,MO,ACE,CE,Federal Contract Tower,0,0,17,8,25,0,0,72,1,73,0,0,89,9,98,20,4,24,122
04/03/2007,JEF,MO,ACE,CE,Federal Contract Tower,0,0,14,2,16,0,4,17,4,25,0,4,31,6,41,14,2,16,57
04/04/2007,JEF,MO,ACE,CE,Federal Contract Tower,0,0,26,2,28,0,2,29,2,33,0,2,55,4,61,6,0,6,67
04/05/2007,JEF,MO,ACE,CE,Federal Contract Tower,0,3,22,2,27,0,2,29,8,39,0,5,51,10,66,40,4,44,110
04/06/2007,JEF,MO,ACE,CE,Federal Contract Tower,0,0,22,2,24,0,0,26,0,26,0,0,48,2,50,20,0,20,70
04/07/2007,JEF,MO,ACE,CE,Federal Contract Tower,0,0,2,0,2,0,0,14,0,14,0,0,16,0,16,22,0,22,38
04/08/2007,JEF,MO,ACE,CE,Federal Contract Tower,0,0,3,0,3,0,0,26,0,26,0,0,29,0,29,26,0,26,55
04/09/2007,JEF,MO,ACE,CE,Federal Contract Tower,0,0,20,2,22,0,0,33,2,35,0,0,53,4,57,14,14,28,85
04/10/2007,JEF,MO,ACE,CE,Federal Contract Tower,0,2,36,2,40,0,0,16,0,16,0,2,52,2,56,6,0,6,62
04/11/2007,JEF,MO,ACE,CE,Federal Contract Tower,0,2,34,0,36,0,0,8,2,10,0,2,42,2,46,22,26,48,94
04/12/2007,JEF,MO,ACE,CE,Federal Contract Tower,0,0,36,0,36,0,0,14,7,21,0,0,50,7,57,0,0,0,57
04/13/2007,JEF,MO,ACE,CE,Federal Contract Tower,0,4,14,0,18,0,0,22,2,24,0,4,36,2,42,4,0,4,46
04/14/2007,JEF,MO,ACE,CE,Federal Contract Tower,0,0,4,0,4,0,0,2,6,8,0,0,6,6,12,0,0,0,12
04/15/2007,JEF,MO,ACE,CE,Federal Contract Tower,0,0,9,2,11,0,0,40,14,54,0,0,49,16,65,2,12,14,79
04/16/2007,JEF,MO,ACE,CE,Federal Contract Tower,0,0,18,2,20,0,0,63,3,66,0,0,81,5,86,92,0,92,178
04/17/2007,JEF,MO,ACE,CE,Federal Contract Tower,0,0,27,2,29,0,0,35,2,37,0,0,62,4,66,24,0,24,90
04/18/2007,JEF,MO,ACE,CE,Federal Contract Tower,0,0,25,0,25,0,0,26,1,27,0,0,51,1,52,10,0,10,62
04/19/2007,JEF,MO,ACE,CE,Federal Contract Tower,0,0,18,0,18,0,0,53,5,58,0,0,71,5,76,64,0,64,140
04/20/2007,JEF,MO,ACE,CE,Federal Contract Tower,0,4,22,4,30,0,0,64,2,66,0,4,86,6,96,50,2,52,148
04/21/2007,JEF,MO,ACE,CE,Federal Contract Tower,0,1,7,0,8,0,0,20,2,22,0,1,27,2,30,6,0,6,36
04/22/2007,JEF,MO,ACE,CE,Federal Contract Tower,0,1,3,2,6,0,0,11,0,11,0,1,14,2,17,0,0,0,17
04/23/2007,JEF,MO,ACE,CE,Federal Contract Tower,0,3,41,1,45,0,0,26,7,33,0,3,67,8,78,6,16,22,100
04/24/2007,JEF,MO,ACE,CE,Federal Contract Tower,0,4,15,0,19,0,0,27,3,30,0,4,42,3,49,2,0,2,51
04/25/2007,JEF,MO,ACE,CE,Federal Contract Tower,0,0,37,3,40,0,0,23,4,27,0,0,60,7,67,0,0,0,67
04/26/2007,JEF,MO,ACE,CE,Federal Contract Tower,0,1,29,2,32,0,0,12,2,14,0,1,41,4,46,0,0,0,46
04/27/2007,JEF,MO,ACE,CE,Federal Contract Tower,0,2,24,0,26,0,0,32,3,35,0,2,56,3,61,62,16,78,139
04/28/2007,JEF,MO,ACE,CE,Federal Contract Tower,0,2,13,0,15,0,0,12,8,20,0,2,25,8,35,4,0,4,39
04/29/2007,JEF,MO,ACE,CE,Federal Contract Tower,0,4,18,0,22,0,0,37,0,37,0,4,55,0,59,4,0,4,63
04/30/2007,JEF,MO,ACE,CE,Federal Contract Tower,0,0,23,0,23,0,1,33,2,36,0,1,56,2,59,6,0,6,65
05/01/2007,JEF,MO,ACE,CE,Federal Contract Tower,0,2,21,2,25,0,2,18,1,21,0,4,39,3,46,0,0,0,46
05/02/2007,JEF,MO,ACE,CE,Federal Contract Tower,0,0,42,3,45,0,0,14,1,15,0,0,56,4,60,0,0,0,60
05/03/2007,JEF,MO,ACE,CE,Federal Contract Tower,0,4,11,2,17,0,0,7,0,7,0,4,18,2,24,0,0,0,24
05/04/2007,JEF,MO,ACE,CE,Federal Contract Tower,0,2,16,2,20,0,0,6,0,6,0,2,22,2,26,0,0,0,26
05/05/2007,JEF,MO,ACE,CE,Federal Contract Tower,0,0,8,1,9,0,0,8,4,12,0,0,16,5,21,14,0,14,35
05/06/2007,JEF,MO,ACE,CE,Federal Contract Tower,0,0,7,0,7,0,4,2,0,6,0,4,9,0,13,0,0,0,13
05/07/2007,JEF,MO,ACE,CE,Federal Contract Tower,0,2,14,1,17,0,0,24,2,26,0,2,38,3,43,4,0,4,47
05/08/2007,JEF,MO,ACE,CE,Federal Contract Tower,0,2,16,4,22,0,2,41,6,49,0,4,57,10,71,4,0,4,75
05/09/2007,JEF,MO,ACE,CE,Federal Contract Tower,0,3,14,1,18,0,0,37,1,38,0,3,51,2,56,20,0,20,76
05/10/2007,JEF,MO,ACE,CE,Federal Contract Tower,0,4,21,0,25,0,0,23,6,29,0,4,44,6,54,4,0,4,58
05/11/2007,JEF,MO,ACE,CE,Federal Contract Tower,0,2,10,0,12,0,1,33,3,37,0,3,43,3,49,28,4,32,81
05/12/2007,JEF,MO,ACE,CE,Federal Contract Tower,0,0,5,0,5,0,0,49,17,66,0,0,54,17,71,60,0,60,131
05/13/2007,JEF,MO,ACE,CE,Federal Contract Tower,0,0,2,0,2,0,0,50,2,52,0,0,52,2,54,0,0,0,54
05/14/2007,JEF,MO,ACE,CE,Federal Contract Tower,0,0,15,1,16,0,0,54,0,54,0,0,69,1,70,28,0,28,98
05/15/2007,JEF,MO,ACE,CE,Federal Contract Tower,0,5,15,0,20,0,0,11,2,13,0,5,26,2,33,62,0,62,95
05/16/2007,JEF,MO,ACE,CE,Federal Contract Tower,0,2,23,1,26,0,0,37,9,46,0,2,60,10,72,18,16,34,106
05/17/2007,JEF,MO,ACE,CE,Federal Contract Tower,0,4,40,0,44,0,0,49,6,55,0,4,89,6,99,12,0,12,111
05/18/2007,JEF,MO,ACE,CE,Federal Contract Tower,0,0,25,2,27,0,0,31,5,36,0,0,56,7,63,4,0,4,67
05/19/2007,JEF,MO,ACE,CE,Federal Contract Tower,0,0,4,2,6,0,0,40,0,40,0,0,44,2,46,4,0,4,50
05/20/2007,JEF,MO,ACE,CE,Federal Contract Tower,0,0,8,2,10,0,0,34,0,34,0,0,42,2,44,12,0,12,56
05/21/2007,JEF,MO,ACE,CE,Federal Contract Tower,0,0,25,5,30,0,0,34,0,34,0,0,59,5,64,44,4,48,112
05/22/2007,JEF,MO,ACE,CE,Federal Contract Tower,0,2,25,2,29,0,0,37,1,38,0,2,62,3,67,0,0,0,67
05/23/2007,JEF,MO,ACE,CE,Federal Contract Tower,0,0,23,2,25,0,0,19,6,25,0,0,42,8,50,0,2,2,52
05/24/2007,JEF,MO,ACE,CE,Federal Contract Tower,0,0,17,0,17,0,0,16,8,24,0,0,33,8,41,2,0,2,43
05/25/2007,JEF,MO,ACE,CE,Federal Contract Tower,0,2,13,0,15,0,0,5,0,5,0,2,18,0,20,0,0,0,20
05/26/2007,JEF,MO,ACE,CE,Federal Contract Tower,0,2,12,0,14,0,0,12,0,12,0,2,24,0,26,2,0,2,28
05/27/2007,JEF,MO,ACE,CE,Federal Contract Tower,0,0,3,0,3,0,0,10,2,12,0,0,13,2,15,18,0,18,33
05/28/2007,JEF,MO,ACE,CE,Federal Contract Tower,0,2,7,0,9,0,0,33,6,39,0,2,40,6,48,34,0,34,82
05/29/2007,JEF,MO,ACE,CE,Federal Contract Tower,0,0,13,1,14,0,0,13,8,21,0,0,26,9,35,32,10,42,77
05/30/2007,JEF,MO,ACE,CE,Federal Contract Tower,0,2,16,0,18,0,0,27,17,44,0,2,43,17,62,24,2,26,88
05/31/2007,JEF,MO,ACE,CE,Federal Contract Tower,0,3,12,2,17,0,0,24,4,28,0,3,36,6,45,12,0,12,57
06/01/2007,JEF,MO,ACE,CE,Federal Contract Tower,0,0,11,2,13,0,0,10,11,21,0,0,21,13,34,8,0,8,42
06/02/2007,JEF,MO,ACE,CE,Federal Contract Tower,0,4,15,2,21,0,0,2,0,2,0,4,17,2,23,8,0,8,31
06/03/2007,JEF,MO,ACE,CE,Federal Contract Tower,0,0,11,4,15,0,0,42,7,49,0,0,53,11,64,34,2,36,100
06/04/2007,JEF,MO,ACE,CE,Federal Contract Tower,0,0,22,0,22,0,0,41,11,52,0,0,63,11,74,52,20,72,146
06/05/2007,JEF,MO,ACE,CE,Federal Contract Tower,0,1,28,0,29,0,0,45,3,48,0,1,73,3,77,14,2,16,93
06/06/2007,JEF,MO,ACE,CE,Federal Contract Tower,0,1,20,2,23,0,0,34,4,38,0,1,54,6,61,10,0,10,71
06/07/2007,JEF,MO,ACE,CE,Federal Contract Tower,0,4,16,4,24,0,0,11,8,19,0,4,27,12,43,2,0,2,45
06/08/2007,JEF,MO,ACE,CE,Federal Contract Tower,0,0,22,4,26,0,0,42,2,44,0,0,64,6,70,8,0,8,78
06/09/2007,JEF,MO,ACE,CE,Federal Contract Tower,0,0,14,0,14,0,0,36,13,49,0,0,50,13,63,14,12,26,89
06/10/2007,JEF,MO,ACE,CE,Federal Contract Tower,0,0,11,2,13,0,0,19,0,19,0,0,30,2,32,0,0,0,32
06/11/2007,JEF,MO,ACE,CE,Federal Contract Tower,0,1,18,2,21,0,0,26,8,34,0,1,44,10,55,0,8,8,63
06/12/2007,JEF,MO,ACE,CE,Federal Contract Tower,0,5,22,4,31,0,0,43,5,48,0,5,65,9,79,62,4,66,145
06/13/2007,JEF,MO,ACE,CE,Federal Contract Tower,0,2,17,2,21,0,0,43,1,44,0,2,60,3,65,8,0,8,73
06/14/2007,JEF,MO,ACE,CE,Federal Contract Tower,0,4,29,2,35,0,0,35,11,46,0,4,64,13,81,34,0,34,115
06/15/2007,JEF,MO,ACE,CE,Federal Contract Tower,0,2,23,2,27,0,0,39,15,54,0,2,62,17,81,18,0,18,99
06/16/2007,JEF,MO,ACE,CE,Federal Contract Tower,0,0,9,4,13,0,0,23,0,23,0,0,32,4,36,10,2,12,48
06/17/2007,JEF,MO,ACE,CE,Federal Contract Tower,0,2,10,0,12,0,0,32,0,32,0,2,42,0,44,32,0,32,76
06/18/2007,JEF,MO,ACE,CE,Federal Contract Tower,0,3,16,2,21,0,0,18,0,18,0,3,34,2,39,0,0,0,39
06/19/2007,JEF,MO,ACE,CE,Federal Contract Tower,0,4,26,0,30,0,0,71,8,79,0,4,97,8,109,154,4,158,267
06/20/2007,JEF,MO,ACE,CE,Federal Contract Tower,0,1,25,3,29,0,0,91,2,93,0,1,116,5,122,130,4,134,256
06/21/2007,JEF,MO,ACE,CE,Federal Contract Tower,0,0,32,4,36,0,0,50,4,54,0,0,82,8,90,42,0,42,132
06/22/2007,JEF,MO,ACE,CE,Federal Contract Tower,0,0,14,4,18,0,0,19,1,20,0,0,33,5,38,22,0,22,60
06/23/2007,JEF,MO,ACE,CE,Federal Contract Tower,0,2,5,0,7,0,0,11,3,14,0,2,16,3,21,20,0,20,41
06/24/2007,JEF,MO,ACE,CE,Federal Contract Tower,0,0,14,0,14,0,0,31,0,31,0,0,45,0,45,0,0,0,45
06/25/2007,JEF,MO,ACE,CE,Federal Contract Tower,0,2,12,2,16,0,8,28,2,38,0,10,40,4,54,6,2,8,62
06/26/2007,JEF,MO,ACE,CE,Federal Contract Tower,0,1,17,2,20,0,0,39,4,43,0,1,56,6,63,26,0,26,89
06/27/2007,JEF,MO,ACE,CE,Federal Contract Tower,0,0,22,2,24,0,0,27,11,38,0,0,49,13,62,6,14,20,82
06/28/2007,JEF,MO,ACE,CE,Federal Contract Tower,0,0,21,2,23,0,0,3,0,3,0,0,24,2,26,10,2,12,38
06/29/2007,JEF,MO,ACE,CE,Federal Contract Tower,0,2,21,0,23,0,0,0,1,1,0,2,21,1,24,6,0,6,30
06/30/2007,JEF,MO,ACE,CE,Federal Contract Tower,0,0,6,0,6,0,0,0,0,0,0,0,6,0,6,0,0,0,6
07/01/2007,JEF,MO,ACE,CE,Federal Contract Tower,0,0,8,0,8,0,0,34,0,34,0,0,42,0,42,16,0,16,58
07/02/2007,JEF,MO,ACE,CE,Federal Contract Tower,0,1,29,0,30,0,0,56,1,57,0,1,85,1,87,22,0,22,109
07/03/2007,JEF,MO,ACE,CE,Federal Contract Tower,0,0,7,0,7,0,0,51,9,60,0,0,58,9,67,26,26,52,119
07/04/2007,JEF,MO,ACE,CE,Federal Contract Tower,0,0,2,0,2,0,0,48,0,48,0,0,50,0,50,36,0,36,86
07/05/2007,JEF,MO,ACE,CE,Federal Contract Tower,0,1,8,1,10,0,0,54,4,58,0,1,62,5,68,30,0,30,98
07/06/2007,JEF,MO,ACE,CE,Federal Contract Tower,0,0,19,0,19,0,0,40,0,40,0,0,59,0,59,14,0,14,73
07/07/2007,JEF,MO,ACE,CE,Federal Contract Tower,0,0,2,1,3,0,0,23,1,24,0,0,25,2,27,8,0,8,35
07/08/2007,JEF,MO,ACE,CE,Federal Contract Tower,0,0,13,2,15,0,0,49,0,49,0,0,62,2,64,48,0,48,112
07/09/2007,JEF,MO,ACE,CE,Federal Contract Tower,0,0,16,7,23,0,5,34,3,42,0,5,50,10,65,22,0,22,87
07/10/2007,JEF,MO,ACE,CE,Federal Contract Tower,0,5,10,0,15,0,3,24,5,32,0,8,34,5,47,0,0,0,47
07/11/2007,JEF,MO,ACE,CE,Federal Contract Tower,0,0,16,2,18,0,5,57,12,74,0,5,73,14,92,30,0,30,122
07/12/2007,JEF,MO,ACE,CE,Federal Contract Tower,0,1,27,1,29,0,0,47,5,52,0,1,74,6,81,46,0,46,127
07/13/2007,JEF,MO,ACE,CE,Federal Contract Tower,0,2,16,3,21,0,0,46,4,50,0,2,62,7,71,32,2,34,105
07/14/2007,JEF,MO,ACE,CE,Federal Contract Tower,0,0,8,3,11,0,0,43,0,43,0,0,51,3,54,10,0,10,64
07/15/2007,JEF,MO,ACE,CE,Federal Contract Tower,0,1,4,4,9,0,0,30,0,30,0,1,34,4,39,2,0,2,41
07/16/2007,JEF,MO,ACE,CE,Federal Contract Tower,0,0,21,4,25,0,10,42,6,58,0,10,63,10,83,4,30,34,117
07/17/2007,JEF,MO,ACE,CE,Federal Contract Tower,0,5,34,2,41,0,0,27,2,29,0,5,61,4,70,30,2,32,102
07/18/2007,JEF,MO,ACE,CE,Federal Contract Tower,0,2,20,4,26,0,0,55,7,62,0,2,75,11,88,20,0,20,108
07/19/2007,JEF,MO,ACE,CE,Federal Contract Tower,0,2,12,2,16,0,0,27,10,37,0,2,39,12,53,4,2,6,59
07/20/2007,JEF,MO,ACE,CE,Federal Contract Tower,0,2,21,0,23,0,0,23,3,26,0,2,44,3,49,10,0,10,59
07/21/2007,JEF,MO,ACE,CE,Federal Contract Tower,0,0,5,0,5,0,0,28,0,28,0,0,33,0,33,30,0,30,63
07/22/2007,JEF,MO,ACE,CE,Federal Contract Tower,0,2,7,2,11,0,4,28,0,32,0,6,35,2,43,6,0,6,49
07/23/2007,JEF,MO,ACE,CE,Federal Contract Tower,0,0,18,0,18,0,2,47,2,51,0,2,65,2,69,38,0,38,107
07/24/2007,JEF,MO,ACE,CE,Federal Contract Tower,0,0,14,1,15,0,0,54,3,57,0,0,68,4,72,52,2,54,126
07/25/2007,JEF,MO,ACE,CE,Federal Contract Tower,0,2,10,2,14,0,0,39,5,44,0,2,49,7,58,18,0,18,76
07/26/2007,JEF,MO,ACE,CE,Federal Contract Tower,0,2,28,1,31,0,0,45,1,46,0,2,73,2,77,20,2,22,99
07/27/2007,JEF,MO,ACE,CE,Federal Contract Tower,0,2,16,0,18,0,0,28,3,31,0,2,44,3,49,6,0,6,55
07/28/2007,JEF,MO,ACE,CE,Federal Contract Tower,0,2,5,0,7,0,0,31,0,31,0,2,36,0,38,24,0,24,62
07/29/2007,JEF,MO,ACE,CE,Federal Contract Tower,0,0,14,0,14,0,0,39,0,39,0,0,53,0,53,26,0,26,79
07/30/2007,JEF,MO,ACE,CE,Federal Contract Tower,0,2,25,0,27,0,0,36,2,38,0,2,61,2,65,20,0,20,85
07/31/2007,JEF,MO,ACE,CE,Federal Contract Tower,0,0,27,0,27,0,0,33,7,40,0,0,60,7,67,12,2,14,81
08/01/2007,JEF,MO,ACE,CE,Federal Contract Tower,0,0,23,5,28,0,5,42,5,52,0,5,65,10,80,24,0,24,104
08/02/2007,JEF,MO,ACE,CE,Federal Contract Tower,0,4,24,2,30,0,5,28,5,38,0,9,52,7,68,26,4,30,98
08/03/2007,JEF,MO,ACE,CE,Federal Contract Tower,0,0,26,2,28,0,0,18,1,19,0,0,44,3,47,6,0,6,53
08/04/2007,JEF,MO,ACE,CE,Federal Contract Tower,0,3,11,2,16,0,0,14,0,14,0,3,25,2,30,16,0,16,46
08/05/2007,JEF,MO,ACE,CE,Federal Contract Tower,0,1,9,0,10,0,6,20,0,26,0,7,29,0,36,6,0,6,42
08/06/2007,JEF,MO,ACE,CE,Federal Contract Tower,0,0,18,2,20,0,0,26,3,29,0,0,44,5,49,2,2,4,53
08/07/2007,JEF,MO,ACE,CE,Federal Contract Tower,0,0,22,0,22,0,0,38,3,41,0,0,60,3,63,6,0,6,69
08/08/2007,JEF,MO,ACE,CE,Federal Contract Tower,0,2,32,0,34,0,0,33,8,41,0,2,65,8,75,4,0,4,79
08/09/2007,JEF,MO,ACE,CE,Federal Contract Tower,0,2,19,2,23,0,2,27,6,35,0,4,46,8,58,0,2,2,60
08/10/2007,JEF,MO,ACE,CE,Federal Contract Tower,0,0,23,0,23,0,0,21,2,23,0,0,44,2,46,22,0,22,68
08/11/2007,JEF,MO,ACE,CE,Federal Contract Tower,0,2,0,0,2,0,2,16,0,18,0,4,16,0,20,2,0,2,22
08/12/2007,JEF,MO,ACE,CE,Federal Contract Tower,0,0,9,2,11,0,2,23,0,25,0,2,32,2,36,0,0,0,36
08/13/2007,JEF,MO,ACE,CE,Federal Contract Tower,0,2,8,1,11,0,0,29,2,31,0,2,37,3,42,4,12,16,58
08/14/2007,JEF,MO,ACE,CE,Federal Contract Tower,0,0,13,1,14,0,0,36,6,42,0,0,49,7,56,0,0,0,56
08/15/2007,JEF,MO,ACE,CE,Federal Contract Tower,0,5,22,10,37,0,2,26,1,29,0,7,48,11,66,10,4,14,80
08/16/2007,JEF,MO,ACE,CE,Federal Contract Tower,0,0,12,5,17,0,2,25,14,41,0,2,37,19,58,20,16,36,94
08/17/2007,JEF,MO,ACE,CE,Federal Contract Tower,0,0,25,3,28,0,0,29,5,34,0,0,54,8,62,26,4,30,92
08/18/2007,JEF,MO,ACE,CE,Federal Contract Tower,0,1,10,0,11,0,0,20,7,27,0,1,30,7,38,22,4,26,64
08/19/2007,JEF,MO,ACE,CE,Federal Contract Tower,0,1,4,0,5,0,0,18,10,28,0,1,22,10,33,26,2,28,61
08/20/2007,JEF,MO,ACE,CE,Federal Contract Tower,0,0,24,0,24,0,0,38,0,38,0,0,62,0,62,6,0,6,68
08/21/2007,JEF,MO,ACE,CE,Federal Contract Tower,0,1,30,1,32,0,2,34,4,40,0,3,64,5,72,14,0,14,86
08/22/2007,JEF,MO,ACE,CE,Federal Contract Tower,0,3,21,2,26,0,0,33,9,42,0,3,54,11,68,2,0,2,70
08/23/2007,JEF,MO,ACE,CE,Federal Contract Tower,0,0,24,0,24,0,0,29,2,31,0,0,53,2,55,10,0,10,65
08/24/2007,JEF,MO,ACE,CE,Federal Contract Tower,0,0,9,0,9,0,0,7,4,11,0,0,16,4,20,0,2,2,22
08/25/2007,JEF,MO,ACE,CE,Federal Contract Tower,0,0,12,2,14,0,0,6,2,8,0,0,18,4,22,14,0,14,36
08/26/2007,JEF,MO,ACE,CE,Federal Contract Tower,0,0,5,0,5,0,0,55,0,55,0,0,60,0,60,0,0,0,60
08/27/2007,JEF,MO,ACE,CE,Federal Contract Tower,0,1,24,2,27,0,2,44,4,50,0,3,68,6,77,0,0,0,77
08/28/2007,JEF,MO,ACE,CE,Federal Contract Tower,0,0,17,1,18,0,0,44,2,46,0,0,61,3,64,20,0,20,84
08/29/2007,JEF,MO,ACE,CE,Federal Contract Tower,0,1,30,2,33,0,3,34,0,37,0,4,64,2,70,14,0,14,84
08/30/2007,JEF,MO,ACE,CE,Federal Contract Tower,0,0,42,0,42,0,2,44,6,52,0,2,86,6,94,24,0,24,118
08/31/2007,JEF,MO,ACE,CE,Federal Contract Tower,0,0,9,0,9,0,0,46,10,56,0,0,55,10,65,4,0,4,69
09/01/2007,JEF,MO,ACE,CE,Federal Contract Tower,0,0,8,0,8,0,0,37,0,37,0,0,45,0,45,26,0,26,71
09/02/2007,JEF,MO,ACE,CE,Federal Contract Tower,0,0,6,0,6,0,0,29,0,29,0,0,35,0,35,40,0,40,75
09/03/2007,JEF,MO,ACE,CE,Federal Contract Tower,0,0,13,0,13,0,6,33,0,39,0,6,46,0,52,42,0,42,94
09/04/2007,JEF,MO,ACE,CE,Federal Contract Tower,0,1,11,1,13,0,5,25,2,32,0,6,36,3,45,34,0,34,79
09/05/2007,JEF,MO,ACE,CE,Federal Contract Tower,0,2,19,3,24,0,4,28,12,44,0,6,47,15,68,12,12,24,92
09/06/2007,JEF,MO,ACE,CE,Federal Contract Tower,0,0,34,4,38,0,0,30,6,36,0,0,64,10,74,26,0,26,100
09/07/2007,JEF,MO,ACE,CE,Federal Contract Tower,0,2,16,0,18,0,2,16,1,19,0,4,32,1,37,14,0,14,51
09/08/2007,JEF,MO,ACE,CE,Federal Contract Tower,0,0,9,2,11,0,0,10,0,10,0,0,19,2,21,8,0,8,29
09/09/2007,JEF,MO,ACE,CE,Federal Contract Tower,0,0,19,0,19,0,8,46,4,58,0,8,65,4,77,16,0,16,93
09/10/2007,JEF,MO,ACE,CE,Federal Contract Tower,0,1,31,0,32,0,0,31,17,48,0,1,62,17,80,0,34,34,114
09/11/2007,JEF,MO,ACE,CE,Federal Contract Tower,0,3,21,4,28,0,3,55,5,63,0,6,76,9,91,16,0,16,107
09/12/2007,JEF,MO,ACE,CE,Federal Contract Tower,0,2,30,1,33,0,4,63,5,72,0,6,93,6,105,22,2,24,129
09/13/2007,JEF,MO,ACE,CE,Federal Contract Tower,0,0,26,0,26,0,2,43,8,53,0,2,69,8,79,40,0,40,119
09/14/2007,JEF,MO,ACE,CE,Federal Contract Tower,0,0,14,1,15,0,2,44,8,54,0,2,58,9,69,14,0,14,83
09/15/2007,JEF,MO,ACE,CE,Federal Contract Tower,0,0,5,2,7,0,0,44,3,47,0,0,49,5,54,24,0,24,78
09/16/2007,JEF,MO,ACE,CE,Federal Contract Tower,0,1,9,1,11,0,5,52,0,57,0,6,61,1,68,68,0,68,136
09/17/2007,JEF,MO,ACE,CE,Federal Contract Tower,0,0,24,0,24,0,0,38,4,42,0,0,62,4,66,12,0,12,78
09/18/2007,JEF,MO,ACE,CE,Federal Contract Tower,0,0,21,2,23,0,0,43,0,43,0,0,64,2,66,34,0,34,100
09/19/2007,JEF,MO,ACE,CE,Federal Contract Tower,0,6,16,2,24,0,0,36,13,49,0,6,52,15,73,24,26,50,123
09/20/2007,JEF,MO,ACE,CE,Federal Contract Tower,0,0,24,7,31,0,1,34,3,38,0,1,58,10,69,18,16,34,103
09/21/2007,JEF,MO,ACE,CE,Federal Contract Tower,0,4,22,1,27,0,1,43,1,45,0,5,65,2,72,36,0,36,108
09/22/2007,JEF,MO,ACE,CE,Federal Contract Tower,0,0,7,4,11,0,0,36,0,36,0,0,43,4,47,32,0,32,79
09/23/2007,JEF,MO,ACE,CE,Federal Contract Tower,0,0,10,0,10,0,4,53,0,57,0,4,63,0,67,42,0,42,109
09/24/2007,JEF,MO,ACE,CE,Federal Contract Tower,0,0,25,0,25,0,0,25,5,30,0,0,50,5,55,12,14,26,81
09/25/2007,JEF,MO,ACE,CE,Federal Contract Tower,0,2,18,0,20,0,0,22,6,28,0,2,40,6,48,0,0,0,48
09/26/2007,JEF,MO,ACE,CE,Federal Contract Tower,0,0,35,0,35,0,0,31,10,41,0,0,66,10,76,48,22,70,146
09/27/2007,JEF,MO,ACE,CE,Federal Contract Tower,0,2,16,1,19,0,3,42,2,47,0,5,58,3,66,26,0,26,92
09/28/2007,JEF,MO,ACE,CE,Federal Contract Tower,0,0,37,2,39,0,0,45,4,49,0,0,82,6,88,18,26,44,132
09/29/2007,JEF,MO,ACE,CE,Federal Contract Tower,0,0,5,2,7,0,0,35,1,36,0,0,40,3,43,16,0,16,59
09/30/2007,JEF,MO,ACE,CE,Federal Contract Tower,0,1,6,0,7,0,5,23,0,28,0,6,29,0,35,6,0,6,41
10/01/2007,JEF,MO,ACE,CE,Federal Contract Tower,0,0,12,0,12,0,0,29,9,38,0,0,41,9,50,16,12,28,78
10/02/2007,JEF,MO,ACE,CE,Federal Contract Tower,0,0,26,0,26,0,0,18,9,27,0,0,44,9,53,22,0,22,75
10/03/2007,JEF,MO,ACE,CE,Federal Contract Tower,0,0,16,2,18,0,0,42,4,46,0,0,58,6,64,32,6,38,102
10/04/2007,JEF,MO,ACE,CE,Federal Contract Tower,0,0,35,0,35,0,1,47,8,56,0,1,82,8,91,62,2,64,155
10/05/2007,JEF,MO,ACE,CE,Federal Contract Tower,0,0,11,0,11,0,0,31,2,33,0,0,42,2,44,38,0,38,82
10/06/2007,JEF,MO,ACE,CE,Federal Contract Tower,0,0,7,5,12,0,0,30,0,30,0,0,37,5,42,26,14,40,82
10/07/2007,JEF,MO,ACE,CE,Federal Contract Tower,0,2,4,3,9,0,0,36,0,36,0,2,40,3,45,20,0,20,65
10/08/2007,JEF,MO,ACE,CE,Federal Contract Tower,0,2,12,0,14,0,2,20,0,22,0,4,32,0,36,12,0,12,48
10/09/2007,JEF,MO,ACE,CE,Federal Contract Tower,0,0,14,0,14,0,1,45,5,51,0,1,59,5,65,26,0,26,91
10/10/2007,JEF,MO,ACE,CE,Federal Contract Tower,0,4,25,3,32,0,4,41,5,50,0,8,66,8,82,18,2,20,102
10/11/2007,JEF,MO,ACE,CE,Federal Contract Tower,0,0,29,0,29,0,2,37,2,41,0,2,66,2,70,14,2,16,86
10/12/2007,JEF,MO,ACE,CE,Federal Contract Tower,0,0,15,0,15,0,0,17,2,19,0,0,32,2,34,32,2,34,68
10/13/2007,JEF,MO,ACE,CE,Federal Contract Tower,0,0,3,1,4,0,0,10,8,18,0,0,13,9,22,0,30,30,52
10/14/2007,JEF,MO,ACE,CE,Federal Contract Tower,0,0,9,0,9,0,0,34,1,35,0,0,43,1,44,20,10,30,74
10/15/2007,JEF,MO,ACE,CE,Federal Contract Tower,0,0,14,0,14,0,4,15,6,25,0,4,29,6,39,2,20,22,61
10/16/2007,JEF,MO,ACE,CE,Federal Contract Tower,0,3,37,3,43,0,4,54,11,69,0,7,91,14,112,8,2,10,122
10/17/2007,JEF,MO,ACE,CE,Federal Contract Tower,0,2,14,1,17,0,2,15,0,17,0,4,29,1,34,0,0,0,34
10/18/2007,JEF,MO,ACE,CE,Federal Contract Tower,0,0,14,2,16,0,0,20,9,29,0,0,34,11,45,4,0,4,49
10/19/2007,JEF,MO,ACE,CE,Federal Contract Tower,0,2,17,2,21,0,0,34,7,41,0,2,51,9,62,2,0,2,64
10/20/2007,JEF,MO,ACE,CE,Federal Contract Tower,0,0,6,0,6,0,0,38,0,38,0,0,44,0,44,12,0,12,56
10/21/2007,JEF,MO,ACE,CE,Federal Contract Tower,0,0,5,0,5,0,0,9,0,9,0,0,14,0,14,0,0,0,14
10/22/2007,JEF,MO,ACE,CE,Federal Contract Tower,0,0,2,3,5,0,0,1,6,7,0,0,3,9,12,0,8,8,20
10/23/2007,JEF,MO,ACE,CE,Federal Contract Tower,0,0,15,3,18,0,0,36,8,44,0,0,51,11,62,18,30,48,110
10/24/2007,JEF,MO,ACE,CE,Federal Contract Tower,0,0,18,3,21,0,0,37,16,53,0,0,55,19,74,6,30,36,110
10/25/2007,JEF,MO,ACE,CE,Federal Contract Tower,0,0,30,1,31,0,1,29,10,40,0,1,59,11,71,0,24,24,95
10/26/2007,JEF,MO,ACE,CE,Federal Contract Tower,0,0,19,0,19,0,0,0,0,0,0,0,19,0,19,8,0,8,27
10/27/2007,JEF,MO,ACE,CE,Federal Contract Tower,0,0,15,2,17,0,0,13,2,15,0,0,28,4,32,12,0,12,44
10/28/2007,JEF,MO,ACE,CE,Federal Contract Tower,0,0,3,3,6,0,2,38,0,40,0,2,41,3,46,26,0,26,72
10/29/2007,JEF,MO,ACE,CE,Federal Contract Tower,0,0,12,3,15,0,0,37,13,50,0,0,49,16,65,4,22,26,91
10/30/2007,JEF,MO,ACE,CE,Federal Contract Tower,0,0,12,2,14,0,0,41,6,47,0,0,53,8,61,34,10,44,105
10/31/2007,JEF,MO,ACE,CE,Federal Contract Tower,0,0,14,3,17,0,0,31,3,34,0,0,45,6,51,32,2,34,85
11/01/2007,JEF,MO,ACE,CE,Federal Contract Tower,0,0,14,1,15,0,0,40,7,47,0,0,54,8,62,21,0,21,83
11/02/2007,JEF,MO,ACE,CE,Federal Contract Tower,0,0,16,2,18,0,0,38,4,42,0,0,54,6,60,2,2,4,64
11/03/2007,JEF,MO,ACE,CE,Federal Contract Tower,0,0,3,4,7,0,0,34,5,39,0,0,37,9,46,2,8,10,56
11/04/2007,JEF,MO,ACE,CE,Federal Contract Tower,0,0,0,2,2,0,4,31,4,39,0,4,31,6,41,24,0,24,65
11/05/2007,JEF,MO,ACE,CE,Federal Contract Tower,0,0,7,0,7,0,0,22,2,24,0,0,29,2,31,0,10,10,41
11/06/2007,JEF,MO,ACE,CE,Federal Contract Tower,0,0,12,0,12,0,0,23,9,32,0,0,35,9,44,10,28,38,82
11/07/2007,JEF,MO,ACE,CE,Federal Contract Tower,0,6,28,0,34,0,0,46,12,58,0,6,74,12,92,24,10,34,126
11/08/2007,JEF,MO,ACE,CE,Federal Contract Tower,0,0,20,0,20,0,2,38,12,52,0,2,58,12,72,14,8,22,94
11/09/2007,JEF,MO,ACE,CE,Federal Contract Tower,0,0,13,0,13,0,0,36,2,38,0,0,49,2,51,14,8,22,73
11/10/2007,JEF,MO,ACE,CE,Federal Contract Tower,0,0,8,0,8,0,0,14,1,15,0,0,22,1,23,10,0,10,33
11/11/2007,JEF,MO,ACE,CE,Federal Contract Tower,0,0,2,0,2,0,0,10,2,12,0,0,12,2,14,0,0,0,14
11/12/2007,JEF,MO,ACE,CE,Federal Contract Tower,0,0,9,0,9,0,0,2,2,4,0,0,11,2,13,0,0,0,13
11/13/2007,JEF,MO,ACE,CE,Federal Contract Tower,0,0,30,0,30,0,0,19,1,20,0,0,49,1,50,2,0,2,52
11/14/2007,JEF,MO,ACE,CE,Federal Contract Tower,0,0,21,1,22,0,0,42,8,50,0,0,63,9,72,0,0,0,72
11/15/2007,JEF,MO,ACE,CE,Federal Contract Tower,0,0,22,0,22,0,0,26,8,34,0,0,48,8,56,0,34,34,90
11/16/2007,JEF,MO,ACE,CE,Federal Contract Tower,0,0,25,0,25,0,2,41,5,48,0,2,66,5,73,0,8,8,81
11/17/2007,JEF,MO,ACE,CE,Federal Contract Tower,0,0,5,0,5,0,0,33,2,35,0,0,38,2,40,12,0,12,52
11/18/2007,JEF,MO,ACE,CE,Federal Contract Tower,0,0,5,0,5,0,2,28,0,30,0,2,33,0,35,12,0,12,47
11/19/2007,JEF,MO,ACE,CE,Federal Contract Tower,0,2,35,0,37,0,0,42,3,45,0,2,77,3,82,4,0,4,86
11/20/2007,JEF,MO,ACE,CE,Federal Contract Tower,0,0,23,1,24,0,2,25,3,30,0,2,48,4,54,26,8,34,88
11/21/2007,JEF,MO,ACE,CE,Federal Contract Tower,0,0,12,0,12,0,1,4,0,5,0,1,16,0,17,0,0,0,17
11/22/2007,JEF,MO,ACE,CE,Federal Contract Tower,0,0,7,0,7,0,0,12,0,12,0,0,19,0,19,8,0,8,27
11/23/2007,JEF,MO,ACE,CE,Federal Contract Tower,0,0,7,0,7,0,0,30,0,30,0,0,37,0,37,58,0,58,95
11/24/2007,JEF,MO,ACE,CE,Federal Contract Tower,0,2,3,0,5,0,0,7,0,7,0,2,10,0,12,14,0,14,26
11/25/2007,JEF,MO,ACE,CE,Federal Contract Tower,0,0,12,0,12,0,0,14,0,14,0,0,26,0,26,40,0,40,66
11/26/2007,JEF,MO,ACE,CE,Federal Contract Tower,0,0,28,0,28,0,2,17,2,21,0,2,45,2,49,6,6,12,61
11/27/2007,JEF,MO,ACE,CE,Federal Contract Tower,0,0,46,0,46,0,0,31,15,46,0,0,77,15,92,32,14,46,138
11/28/2007,JEF,MO,ACE,CE,Federal Contract Tower,0,4,19,0,23,0,0,21,0,21,0,4,40,0,44,20,0,20,64
11/29/2007,JEF,MO,ACE,CE,Federal Contract Tower,0,0,23,0,23,0,0,40,10,50,0,0,63,10,73,12,0,12,85
11/30/2007,JEF,MO,ACE,CE,Federal Contract Tower,0,2,18,0,20,0,0,44,15,59,0,2,62,15,79,10,12,22,101
12/01/2007,JEF,MO,ACE,CE,Federal Contract Tower,0,0,5,0,5,0,0,5,0,5,0,0,10,0,10,0,0,0,10
12/02/2007,JEF,MO,ACE,CE,Federal Contract Tower,0,0,7,0,7,0,0,3,0,3,0,0,10,0,10,0,0,0,10
12/03/2007,JEF,MO,ACE,CE,Federal Contract Tower,0,2,15,0,17,0,0,30,6,36,0,2,45,6,53,32,2,34,87
12/04/2007,JEF,MO,ACE,CE,Federal Contract Tower,0,1,32,4,37,0,1,47,9,57,0,2,79,13,94,18,14,32,126
12/05/2007,JEF,MO,ACE,CE,Federal Contract Tower,0,7,21,0,28,0,0,11,2,13,0,7,32,2,41,0,0,0,41
12/06/2007,JEF,MO,ACE,CE,Federal Contract Tower,0,0,13,0,13,0,0,18,9,27,0,0,31,9,40,2,22,24,64
12/07/2007,JEF,MO,ACE,CE,Federal Contract Tower,0,3,7,0,10,0,0,5,0,5,0,3,12,0,15,0,0,0,15
12/08/2007,JEF,MO,ACE,CE,Federal Contract Tower,0,1,3,2,6,0,0,0,0,0,0,1,3,2,6,2,0,2,8
12/09/2007,JEF,MO,ACE,CE,Federal Contract Tower,0,0,4,0,4,0,0,0,0,0,0,0,4,0,4,0,0,0,4
12/10/2007,JEF,MO,ACE,CE,Federal Contract Tower,0,2,6,0,8,0,0,0,0,0,0,2,6,0,8,0,0,0,8
12/11/2007,JEF,MO,ACE,CE,Federal Contract Tower,0,0,5,0,5,0,0,1,0,1,0,0,6,0,6,0,0,0,6
12/12/2007,JEF,MO,ACE,CE,Federal Contract Tower,0,0,0,1,1,0,0,19,1,20,0,0,19,2,21,0,20,20,41
12/13/2007,JEF,MO,ACE,CE,Federal Contract Tower,0,0,41,2,43,0,0,11,0,11,0,0,52,2,54,12,0,12,66
12/14/2007,JEF,MO,ACE,CE,Federal Contract Tower,0,0,28,0,28,0,0,12,0,12,0,0,40,0,40,0,0,0,40
12/15/2007,JEF,MO,ACE,CE,Federal Contract Tower,0,2,0,0,2,0,0,0,0,0,0,2,0,0,2,0,0,0,2
12/16/2007,JEF,MO,ACE,CE,Federal Contract Tower,0,3,2,2,7,0,2,18,0,20,0,5,20,2,27,0,0,0,27
12/17/2007,JEF,MO,ACE,CE,Federal Contract Tower,0,2,18,0,20,0,0,34,4,38,0,2,52,4,58,14,14,28,86
12/18/2007,JEF,MO,ACE,CE,Federal Contract Tower,0,5,23,2,30,0,4,43,16,63,0,9,66,18,93,20,8,28,121
12/19/2007,JEF,MO,ACE,CE,Federal Contract Tower,0,0,15,0,15,0,0,21,12,33,0,0,36,12,48,16,2,18,66
12/20/2007,JEF,MO,ACE,CE,Federal Contract Tower,0,0,32,0,32,0,0,0,0,0,0,0,32,0,32,0,0,0,32
12/21/2007,JEF,MO,ACE,CE,Federal Contract Tower,0,0,17,0,17,0,0,15,0,15,0,0,32,0,32,0,0,0,32
12/22/2007,JEF,MO,ACE,CE,Federal Contract Tower,0,0,12,0,12,0,0,7,0,7,0,0,19,0,19,0,0,0,19
12/23/2007,JEF,MO,ACE,CE,Federal Contract Tower,0,0,1,0,1,0,0,23,0,23,0,0,24,0,24,0,0,0,24
12/24/2007,JEF,MO,ACE,CE,Federal Contract Tower,0,2,9,0,11,0,2,43,0,45,0,4,52,0,56,10,0,10,66
12/25/2007,JEF,MO,ACE,CE,Federal Contract Tower,0,1,0,0,1,0,2,15,0,17,0,3,15,0,18,0,0,0,18
12/26/2007,JEF,MO,ACE,CE,Federal Contract Tower,0,1,13,0,14,0,0,13,3,16,0,1,26,3,30,0,0,0,30
12/27/2007,JEF,MO,ACE,CE,Federal Contract Tower,0,0,8,0,8,0,0,0,0,0,0,0,8,0,8,0,0,0,8
12/28/2007,JEF,MO,ACE,CE,Federal Contract Tower,0,1,8,0,9,0,0,4,7,11,0,1,12,7,20,18,6,24,44
12/29/2007,JEF,MO,ACE,CE,Federal Contract Tower,0,0,8,0,8,0,0,31,0,31,0,0,39,0,39,28,0,28,67
12/30/2007,JEF,MO,ACE,CE,Federal Contract Tower,0,2,0,0,2,0,3,21,0,24,0,5,21,0,26,16,0,16,42
12/31/2007,JEF,MO,ACE,CE,Federal Contract Tower,0,0,8,0,8,0,0,8,1,9,0,0,16,1,17,0,4,4,21
01/01/2008,JEF,MO,ACE,CE,Federal Contract Tower,0,0,8,0,8,0,0,2,0,2,0,0,10,0,10,0,0,0,10
01/02/2008,JEF,MO,ACE,CE,Federal Contract Tower,0,0,12,2,14,0,0,11,6,17,0,0,23,8,31,2,14,16,47
01/03/2008,JEF,MO,ACE,CE,Federal Contract Tower,0,2,22,4,28,0,0,47,19,66,0,2,69,23,94,24,0,24,118
01/04/2008,JEF,MO,ACE,CE,Federal Contract Tower,0,0,13,0,13,0,0,9,5,14,0,0,22,5,27,0,0,0,27
01/05/2008,JEF,MO,ACE,CE,Federal Contract Tower,0,0,11,0,11,0,0,12,3,15,0,0,23,3,26,8,4,12,38
01/06/2008,JEF,MO,ACE,CE,Federal Contract Tower,0,0,10,0,10,0,4,7,0,11,0,4,17,0,21,0,2,2,23
01/07/2008,JEF,MO,ACE,CE,Federal Contract Tower,0,1,10,2,13,0,0,19,9,28,0,1,29,11,41,0,24,24,65
01/08/2008,JEF,MO,ACE,CE,Federal Contract Tower,0,6,21,2,29,0,0,0,0,0,0,6,21,2,29,0,0,0,29
01/09/2008,JEF,MO,ACE,CE,Federal Contract Tower,0,1,27,0,28,0,2,31,12,45,0,3,58,12,73,0,10,10,83
01/10/2008,JEF,MO,ACE,CE,Federal Contract Tower,0,0,23,1,24,0,0,11,1,12,0,0,34,2,36,0,0,0,36
01/11/2008,JEF,MO,ACE,CE,Federal Contract Tower,0,0,18,4,22,0,2,41,11,54,0,2,59,15,76,24,29,53,129
01/12/2008,JEF,MO,ACE,CE,Federal Contract Tower,0,0,4,2,6,0,0,26,4,30,0,0,30,6,36,24,36,60,96
01/13/2008,JEF,MO,ACE,CE,Federal Contract Tower,0,2,5,2,9,0,0,22,14,36,0,2,27,16,45,6,24,30,75
01/14/2008,JEF,MO,ACE,CE,Federal Contract Tower,0,0,22,0,22,0,2,24,0,26,0,2,46,0,48,14,2,16,64
01/15/2008,JEF,MO,ACE,CE,Federal Contract Tower,0,1,21,2,24,0,0,35,2,37,0,1,56,4,61,24,0,24,85
01/16/2008,JEF,MO,ACE,CE,Federal Contract Tower,0,2,13,0,15,0,1,27,4,32,0,3,40,4,47,4,0,4,51
01/17/2008,JEF,MO,ACE,CE,Federal Contract Tower,0,2,16,2,20,0,0,9,5,14,0,2,25,7,34,0,6,6,40
01/18/2008,JEF,MO,ACE,CE,Federal Contract Tower,0,0,15,2,17,0,0,20,12,32,0,0,35,14,49,22,10,32,81
01/19/2008,JEF,MO,ACE,CE,Federal Contract Tower,0,1,9,0,10,0,0,16,0,16,0,1,25,0,26,8,0,8,34
01/20/2008,JEF,MO,ACE,CE,Federal Contract Tower,0,1,3,0,4,0,0,7,0,7,0,1,10,0,11,10,0,10,21
01/21/2008,JEF,MO,ACE,CE,Federal Contract Tower,0,0,12,0,12,0,0,14,0,14,0,0,26,0,26,28,6,34,60
01/22/2008,JEF,MO,ACE,CE,Federal Contract Tower,0,0,23,1,24,0,0,28,5,33,0,0,51,6,57,24,0,24,81
01/23/2008,JEF,MO,ACE,CE,Federal Contract Tower,0,0,22,3,25,0,0,16,15,31,0,0,38,18,56,2,6,8,64
01/24/2008,JEF,MO,ACE,CE,Federal Contract Tower,0,0,24,0,24,0,0,28,9,37,0,0,52,9,61,20,14,34,95
01/25/2008,JEF,MO,ACE,CE,Federal Contract Tower,0,0,18,2,20,0,2,14,10,26,0,2,32,12,46,10,6,16,62
01/26/2008,JEF,MO,ACE,CE,Federal Contract Tower,0,0,7,0,7,0,0,21,2,23,0,0,28,2,30,30,0,30,60
01/27/2008,JEF,MO,ACE,CE,Federal Contract Tower,0,0,7,0,7,0,0,40,0,40,0,0,47,0,47,30,0,30,77
01/28/2008,JEF,MO,ACE,CE,Federal Contract Tower,0,0,17,0,17,0,0,19,5,24,0,0,36,5,41,2,24,26,67
01/29/2008,JEF,MO,ACE,CE,Federal Contract Tower,0,0,20,0,20,0,2,13,0,15,0,2,33,0,35,0,0,0,35
01/30/2008,JEF,MO,ACE,CE,Federal Contract Tower,0,0,15,2,17,0,0,29,7,36,0,0,44,9,53,8,10,18,71
01/31/2008,JEF,MO,ACE,CE,Federal Contract Tower,0,2,17,0,19,0,0,9,2,11,0,2,26,2,30,0,8,8,38
02/01/2008,JEF,MO,ACE,CE,Federal Contract Tower,0,1,31,4,36,0,0,16,3,19,0,1,47,7,55,42,6,48,103
02/02/2008,JEF,MO,ACE,CE,Federal Contract Tower,0,3,8,0,11,0,0,43,0,43,0,3,51,0,54,32,0,32,86
02/03/2008,JEF,MO,ACE,CE,Federal Contract Tower,0,0,7,0,7,0,0,13,0,13,0,0,20,0,20,2,0,2,22
02/04/2008,JEF,MO,ACE,CE,Federal Contract Tower,0,5,14,0,19,0,6,30,2,38,0,11,44,2,57,2,28,30,87
02/05/2008,JEF,MO,ACE,CE,Federal Contract Tower,0,1,16,0,17,0,0,0,0,0,0,1,16,0,17,2,0,2,19
02/06/2008,JEF,MO,ACE,CE,Federal Contract Tower,0,0,28,1,29,0,0,0,0,0,0,0,28,1,29,0,0,0,29
02/07/2008,JEF,MO,ACE,CE,Federal Contract Tower,0,0,20,2,22,0,0,20,10,30,0,0,40,12,52,20,0,20,72
02/08/2008,JEF,MO,ACE,CE,Federal Contract Tower,0,3,15,3,21,0,1,36,17,54,0,4,51,20,75,14,14,28,103
02/09/2008,JEF,MO,ACE,CE,Federal Contract Tower,0,2,5,0,7,0,0,39,1,40,0,2,44,1,47,6,0,6,53
02/10/2008,JEF,MO,ACE,CE,Federal Contract Tower,0,1,17,0,18,0,0,23,0,23,0,1,40,0,41,22,0,22,63
02/11/2008,JEF,MO,ACE,CE,Federal Contract Tower,0,0,4,0,4,0,0,3,0,3,0,0,7,0,7,0,0,0,7
02/12/2008,JEF,MO,ACE,CE,Federal Contract Tower,0,2,7,0,9,0,0,3,0,3,0,2,10,0,12,0,0,0,12
02/13/2008,JEF,MO,ACE,CE,Federal Contract Tower,0,6,34,2,42,0,1,36,5,42,0,7,70,7,84,24,0,24,108
02/14/2008,JEF,MO,ACE,CE,Federal Contract Tower,0,0,19,2,21,0,0,20,0,20,0,0,39,2,41,0,0,0,41
02/15/2008,JEF,MO,ACE,CE,Federal Contract Tower,0,2,22,3,27,0,0,16,18,34,0,2,38,21,61,14,42,56,117
02/16/2008,JEF,MO,ACE,CE,Federal Contract Tower,0,0,9,0,9,0,0,14,0,14,0,0,23,0,23,36,0,36,59
02/17/2008,JEF,MO,ACE,CE,Federal Contract Tower,0,2,6,0,8,0,0,0,0,0,0,2,6,0,8,0,0,0,8
02/18/2008,JEF,MO,ACE,CE,Federal Contract Tower,0,2,10,0,12,0,0,16,2,18,0,2,26,2,30,4,0,4,34
02/19/2008,JEF,MO,ACE,CE,Federal Contract Tower,0,2,39,0,41,0,7,25,18,50,0,9,64,18,91,24,26,50,141
02/20/2008,JEF,MO,ACE,CE,Federal Contract Tower,0,2,29,2,33,0,0,31,10,41,0,2,60,12,74,8,6,14,88
02/21/2008,JEF,MO,ACE,CE,Federal Contract Tower,0,0,4,0,4,0,0,0,0,0,0,0,4,0,4,0,0,0,4
02/22/2008,JEF,MO,ACE,CE,Federal Contract Tower,0,0,11,2,13,0,0,4,0,4,0,0,15,2,17,16,6,22,39
02/23/2008,JEF,MO,ACE,CE,Federal Contract Tower,0,0,9,2,11,0,0,26,3,29,0,0,35,5,40,44,24,68,108
02/24/2008,JEF,MO,ACE,CE,Federal Contract Tower,0,0,3,0,3,0,0,0,0,0,0,0,3,0,3,0,0,0,3
02/25/2008,JEF,MO,ACE,CE,Federal Contract Tower,0,2,15,2,19,0,0,13,5,18,0,2,28,7,37,14,44,58,95
02/26/2008,JEF,MO,ACE,CE,Federal Contract Tower,0,3,15,1,19,0,0,10,2,12,0,3,25,3,31,18,4,22,53
02/27/2008,JEF,MO,ACE,CE,Federal Contract Tower,0,7,29,2,38,0,0,40,8,48,0,7,69,10,86,30,0,30,116
02/28/2008,JEF,MO,ACE,CE,Federal Contract Tower,0,0,24,4,28,0,2,24,5,31,0,2,48,9,59,26,8,34,93
02/29/2008,JEF,MO,ACE,CE,Federal Contract Tower,0,0,17,5,22,0,0,51,5,56,0,0,68,10,78,28,12,40,118
03/01/2008,JEF,MO,ACE,CE,Federal Contract Tower,0,0,7,2,9,0,0,40,4,44,0,0,47,6,53,14,6,20,73
03/02/2008,JEF,MO,ACE,CE,Federal Contract Tower,0,0,6,1,7,0,0,7,1,8,0,0,13,2,15,4,24,28,43
03/03/2008,JEF,MO,ACE,CE,Federal Contract Tower,0,1,2,1,4,0,0,4,3,7,0,1,6,4,11,0,14,14,25
03/04/2008,JEF,MO,ACE,CE,Federal Contract Tower,0,3,16,3,22,0,4,24,13,41,0,7,40,16,63,8,12,20,83
03/05/2008,JEF,MO,ACE,CE,Federal Contract Tower,0,4,24,0,28,0,6,22,5,33,0,10,46,5,61,6,4,10,71
03/06/2008,JEF,MO,ACE,CE,Federal Contract Tower,0,2,28,3,33,0,2,22,4,28,0,4,50,7,61,2,20,22,83
03/07/2008,JEF,MO,ACE,CE,Federal Contract Tower,0,4,13,2,19,0,0,19,4,23,0,4,32,6,42,30,0,30,72
03/08/2008,JEF,MO,ACE,CE,Federal Contract Tower,0,3,8,2,13,0,13,45,0,58,0,16,53,2,71,6,0,6,77
03/09/2008,JEF,MO,ACE,CE,Federal Contract Tower,0,4,8,1,13,0,0,56,0,56,0,4,64,1,69,22,0,22,91
03/10/2008,JEF,MO,ACE,CE,Federal Contract Tower,0,0,10,0,10,0,0,42,6,48,0,0,52,6,58,0,2,2,60
03/11/2008,JEF,MO,ACE,CE,Federal Contract Tower,0,1,16,0,17,0,0,49,7,56,0,1,65,7,73,48,0,48,121
03/12/2008,JEF,MO,ACE,CE,Federal Contract Tower,0,1,20,0,21,0,1,36,7,44,0,2,56,7,65,2,18,20,85
03/13/2008,JEF,MO,ACE,CE,Federal Contract Tower,0,0,16,0,16,0,0,13,11,24,0,0,29,11,40,26,0,26,66
03/14/2008,JEF,MO,ACE,CE,Federal Contract Tower,0,0,24,3,27,0,0,26,13,39,0,0,50,16,66,26,0,26,92
03/15/2008,JEF,MO,ACE,CE,Federal Contract Tower,0,0,10,2,12,0,0,1,1,2,0,0,11,3,14,2,0,2,16
03/16/2008,JEF,MO,ACE,CE,Federal Contract Tower,0,0,11,2,13,0,0,31,0,31,0,0,42,2,44,0,0,0,44
03/17/2008,JEF,MO,ACE,CE,Federal Contract Tower,0,0,10,0,10,0,0,1,0,1,0,0,11,0,11,0,0,0,11
03/18/2008,JEF,MO,ACE,CE,Federal Contract Tower,0,0,14,0,14,0,0,2,0,2,0,0,16,0,16,0,0,0,16
03/19/2008,JEF,MO,ACE,CE,Federal Contract Tower,0,0,24,2,26,0,0,28,4,32,0,0,52,6,58,4,0,4,62
03/20/2008,JEF,MO,ACE,CE,Federal Contract Tower,0,2,23,0,25,0,3,70,9,82,0,5,93,9,107,10,24,34,141
03/21/2008,JEF,MO,ACE,CE,Federal Contract Tower,0,0,6,0,6,0,0,29,3,32,0,0,35,3,38,0,0,0,38
03/22/2008,JEF,MO,ACE,CE,Federal Contract Tower,0,0,2,0,2,0,0,31,0,31,0,0,33,0,33,4,0,4,37
03/23/2008,JEF,MO,ACE,CE,Federal Contract Tower,0,0,5,0,5,0,2,18,0,20,0,2,23,0,25,0,0,0,25
03/24/2008,JEF,MO,ACE,CE,Federal Contract Tower,0,1,12,0,13,0,2,52,2,56,0,3,64,2,69,28,10,38,107
03/25/2008,JEF,MO,ACE,CE,Federal Contract Tower,0,7,18,7,32,0,3,46,8,57,0,10,64,15,89,34,4,38,127
03/26/2008,JEF,MO,ACE,CE,Federal Contract Tower,0,2,15,4,21,0,4,17,6,27,0,6,32,10,48,0,0,0,48
03/27/2008,JEF,MO,ACE,CE,Federal Contract Tower,0,0,23,0,23,0,0,7,0,7,0,0,30,0,30,0,0,0,30
03/28/2008,JEF,MO,ACE,CE,Federal Contract Tower,0,4,14,4,22,0,0,30,0,30,0,4,44,4,52,4,0,4,56
03/29/2008,JEF,MO,ACE,CE,Federal Contract Tower,0,0,8,2,10,0,1,24,0,25,0,1,32,2,35,6,0,6,41
03/30/2008,JEF,MO,ACE,CE,Federal Contract Tower,0,0,9,0,9,0,0,3,0,3,0,0,12,0,12,0,0,0,12
03/31/2008,JEF,MO,ACE,CE,Federal Contract Tower,0,0,6,1,7,0,0,0,0,0,0,0,6,1,7,0,0,0,7
04/01/2008,JEF,MO,ACE,CE,Federal Contract Tower,0,1,13,4,18,0,0,41,13,54,0,1,54,17,72,56,2,58,130
04/02/2008,JEF,MO,ACE,CE,Federal Contract Tower,0,2,27,0,29,0,2,72,6,80,0,4,99,6,109,94,2,96,205
04/03/2008,JEF,MO,ACE,CE,Federal Contract Tower,0,1,34,0,35,0,0,4,0,4,0,1,38,0,39,0,0,0,39
04/04/2008,JEF,MO,ACE,CE,Federal Contract Tower,0,0,27,0,27,0,0,13,1,14,0,0,40,1,41,6,0,6,47
04/05/2008,JEF,MO,ACE,CE,Federal Contract Tower,0,2,16,1,19,0,0,109,1,110,0,2,125,2,129,0,0,0,129
04/06/2008,JEF,MO,ACE,CE,Federal Contract Tower,0,0,6,2,8,0,0,30,0,30,0,0,36,2,38,10,0,10,48
04/07/2008,JEF,MO,ACE,CE,Federal Contract Tower,0,4,25,2,31,0,4,46,4,54,0,8,71,6,85,14,4,18,103
04/08/2008,JEF,MO,ACE,CE,Federal Contract Tower,0,0,22,0,22,0,0,9,0,9,0,0,31,0,31,8,0,8,39
04/09/2008,JEF,MO,ACE,CE,Federal Contract Tower,0,1,35,0,36,0,0,38,7,45,0,1,73,7,81,48,0,48,129
04/10/2008,JEF,MO,ACE,CE,Federal Contract Tower,0,1,10,0,11,0,0,1,0,1,0,1,11,0,12,0,0,0,12
04/11/2008,JEF,MO,ACE,CE,Federal Contract Tower,0,0,10,2,12,0,0,10,0,10,0,0,20,2,22,0,0,0,22
04/12/2008,JEF,MO,ACE,CE,Federal Contract Tower,0,0,3,0,3,0,0,5,0,5,0,0,8,0,8,0,0,0,8
04/13/2008,JEF,MO,ACE,CE,Federal Contract Tower,0,0,7,2,9,0,2,6,2,10,0,2,13,4,19,46,0,46,65
04/14/2008,JEF,MO,ACE,CE,Federal Contract Tower,0,0,18,0,18,0,0,57,2,59,0,0,75,2,77,28,42,70,147
04/15/2008,JEF,MO,ACE,CE,Federal Contract Tower,0,0,32,2,34,0,3,32,3,38,0,3,64,5,72,34,0,34,106
04/16/2008,JEF,MO,ACE,CE,Federal Contract Tower,0,1,22,0,23,0,1,23,10,34,0,2,45,10,57,4,0,4,61
04/17/2008,JEF,MO,ACE,CE,Federal Contract Tower,0,1,16,0,17,0,0,34,4,38,0,1,50,4,55,16,0,16,71
04/18/2008,JEF,MO,ACE,CE,Federal Contract Tower,0,2,25,0,27,0,1,5,2,8,0,3,30,2,35,0,0,0,35
04/19/2008,JEF,MO,ACE,CE,Federal Contract Tower,0,0,16,1,17,0,0,3,0,3,0,0,19,1,20,10,0,10,30
04/20/2008,JEF,MO,ACE,CE,Federal Contract Tower,0,0,7,2,9,0,0,57,0,57,0,0,64,2,66,18,0,18,84
04/21/2008,JEF,MO,ACE,CE,Federal Contract Tower,0,1,22,0,23,0,0,28,4,32,0,1,50,4,55,10,0,10,65
04/22/2008,JEF,MO,ACE,CE,Federal Contract Tower,0,3,12,5,20,0,0,11,12,23,0,3,23,17,43,0,14,14,57
04/23/2008,JEF,MO,ACE,CE,Federal Contract Tower,0,0,31,0,31,0,0,35,2,37,0,0,66,2,68,10,0,10,78
04/24/2008,JEF,MO,ACE,CE,Federal Contract Tower,0,4,23,0,27,0,0,7,0,7,0,4,30,0,34,2,8,10,44
04/25/2008,JEF,MO,ACE,CE,Federal Contract Tower,0,2,17,0,19,0,0,12,0,12,0,2,29,0,31,14,0,14,45
04/26/2008,JEF,MO,ACE,CE,Federal Contract Tower,0,0,19,0,19,0,2,30,2,34,0,2,49,2,53,4,0,4,57
04/27/2008,JEF,MO,ACE,CE,Federal Contract Tower,0,2,4,0,6,0,1,12,0,13,0,3,16,0,19,14,0,14,33
04/28/2008,JEF,MO,ACE,CE,Federal Contract Tower,0,4,18,0,22,0,3,18,6,27,0,7,36,6,49,10,0,10,59
04/29/2008,JEF,MO,ACE,CE,Federal Contract Tower,0,5,15,0,20,0,2,63,9,74,0,7,78,9,94,32,4,36,130
04/30/2008,JEF,MO,ACE,CE,Federal Contract Tower,0,1,30,6,37,0,3,28,10,41,0,4,58,16,78,36,10,46,124
05/01/2008,JEF,MO,ACE,CE,Federal Contract Tower,0,0,21,0,21,0,0,22,3,25,0,0,43,3,46,4,2,6,52
05/02/2008,JEF,MO,ACE,CE,Federal Contract Tower,0,2,8,2,12,0,0,11,2,13,0,2,19,4,25,0,20,20,45
05/03/2008,JEF,MO,ACE,CE,Federal Contract Tower,0,0,0,0,0,0,20,0,0,20,0,20,0,0,20,6,0,6,26
05/04/2008,JEF,MO,ACE,CE,Federal Contract Tower,0,4,9,0,13,0,0,60,0,60,0,4,69,0,73,18,0,18,91
05/05/2008,JEF,MO,ACE,CE,Federal Contract Tower,0,2,23,4,29,0,0,45,3,48,0,2,68,7,77,6,38,44,121
05/06/2008,JEF,MO,ACE,CE,Federal Contract Tower,0,1,19,0,20,0,0,18,3,21,0,1,37,3,41,6,0,6,47
05/07/2008,JEF,MO,ACE,CE,Federal Contract Tower,0,1,0,0,1,0,0,13,0,13,0,1,13,0,14,6,0,6,20
05/08/2008,JEF,MO,ACE,CE,Federal Contract Tower,0,0,27,0,27,0,0,4,0,4,0,0,31,0,31,2,0,2,33
05/09/2008,JEF,MO,ACE,CE,Federal Contract Tower,0,2,16,0,18,0,0,6,0,6,0,2,22,0,24,0,0,0,24
05/10/2008,JEF,MO,ACE,CE,Federal Contract Tower,0,2,2,0,4,0,0,13,0,13,0,2,15,0,17,0,0,0,17
05/11/2008,JEF,MO,ACE,CE,Federal Contract Tower,0,0,6,0,6,0,0,13,0,13,0,0,19,0,19,0,0,0,19
05/12/2008,JEF,MO,ACE,CE,Federal Contract Tower,0,2,22,1,25,0,2,41,10,53,0,4,63,11,78,20,2,22,100
05/13/2008,JEF,MO,ACE,CE,Federal Contract Tower,0,0,38,1,39,0,0,13,15,28,0,0,51,16,67,10,2,12,79
05/14/2008,JEF,MO,ACE,CE,Federal Contract Tower,0,1,37,0,38,0,0,25,8,33,0,1,62,8,71,4,10,14,85
05/15/2008,JEF,MO,ACE,CE,Federal Contract Tower,0,1,21,0,22,0,0,9,1,10,0,1,30,1,32,4,0,4,36
05/16/2008,JEF,MO,ACE,CE,Federal Contract Tower,0,2,24,0,26,0,2,46,8,56,0,4,70,8,82,6,4,10,92
05/17/2008,JEF,MO,ACE,CE,Federal Contract Tower,0,0,13,0,13,0,0,40,6,46,0,0,53,6,59,18,0,18,77
05/18/2008,JEF,MO,ACE,CE,Federal Contract Tower,0,2,9,0,11,0,0,40,4,44,0,2,49,4,55,26,0,26,81
05/19/2008,JEF,MO,ACE,CE,Federal Contract Tower,0,0,21,4,25,0,0,33,6,39,0,0,54,10,64,6,10,16,80
05/20/2008,JEF,MO,ACE,CE,Federal Contract Tower,0,1,28,2,31,0,2,22,6,30,0,3,50,8,61,10,0,10,71
05/21/2008,JEF,MO,ACE,CE,Federal Contract Tower,0,2,21,0,23,0,3,30,6,39,0,5,51,6,62,0,0,0,62
05/22/2008,JEF,MO,ACE,CE,Federal Contract Tower,0,1,18,0,19,0,0,9,0,9,0,1,27,0,28,4,0,4,32
05/23/2008,JEF,MO,ACE,CE,Federal Contract Tower,0,1,26,4,31,0,7,54,2,63,0,8,80,6,94,24,0,24,118
05/24/2008,JEF,MO,ACE,CE,Federal Contract Tower,0,3,10,0,13,0,0,10,0,10,0,3,20,0,23,2,0,2,25
05/25/2008,JEF,MO,ACE,CE,Federal Contract Tower,0,1,8,0,9,0,0,14,0,14,0,1,22,0,23,8,0,8,31
05/26/2008,JEF,MO,ACE,CE,Federal Contract Tower,0,0,9,0,9,0,0,9,0,9,0,0,18,0,18,12,0,12,30
05/27/2008,JEF,MO,ACE,CE,Federal Contract Tower,0,2,14,0,16,0,0,32,6,38,0,2,46,6,54,0,8,8,62
05/28/2008,JEF,MO,ACE,CE,Federal Contract Tower,0,0,16,0,16,0,6,19,0,25,0,6,35,0,41,20,0,20,61
05/29/2008,JEF,MO,ACE,CE,Federal Contract Tower,0,0,22,0,22,0,1,51,3,55,0,1,73,3,77,10,0,10,87
05/30/2008,JEF,MO,ACE,CE,Federal Contract Tower,0,2,12,0,14,0,0,42,0,42,0,2,54,0,56,22,0,22,78
05/31/2008,JEF,MO,ACE,CE,Federal Contract Tower,0,2,6,0,8,0,0,24,3,27,0,2,30,3,35,42,0,42,77
06/01/2008,JEF,MO,ACE,CE,Federal Contract Tower,0,1,8,0,9,0,4,67,0,71,0,5,75,0,80,26,0,26,106
06/02/2008,JEF,MO,ACE,CE,Federal Contract Tower,0,1,10,2,13,0,2,32,0,34,0,3,42,2,47,20,0,20,67
06/03/2008,JEF,MO,ACE,CE,Federal Contract Tower,0,2,23,0,25,0,0,32,0,32,0,2,55,0,57,8,0,8,65
06/04/2008,JEF,MO,ACE,CE,Federal Contract Tower,0,0,17,0,17,0,0,27,0,27,0,0,44,0,44,16,0,16,60
06/05/2008,JEF,MO,ACE,CE,Federal Contract Tower,0,1,14,2,17,0,2,28,8,38,0,3,42,10,55,8,2,10,65
06/06/2008,JEF,MO,ACE,CE,Federal Contract Tower,0,3,22,4,29,0,0,12,3,15,0,3,34,7,44,0,0,0,44
06/07/2008,JEF,MO,ACE,CE,Federal Contract Tower,0,2,12,0,14,0,2,25,4,31,0,4,37,4,45,26,0,26,71
06/08/2008,JEF,MO,ACE,CE,Federal Contract Tower,0,0,14,0,14,0,1,21,0,22,0,1,35,0,36,10,0,10,46
06/09/2008,JEF,MO,ACE,CE,Federal Contract Tower,0,1,14,0,15,0,0,4,4,8,0,1,18,4,23,12,0,12,35
06/10/2008,JEF,MO,ACE,CE,Federal Contract Tower,0,1,23,3,27,0,1,40,0,41,0,2,63,3,68,2,0,2,70
06/11/2008,JEF,MO,ACE,CE,Federal Contract Tower,0,0,24,0,24,0,0,34,6,40,0,0,58,6,64,2,0,2,66
06/12/2008,JEF,MO,ACE,CE,Federal Contract Tower,0,0,20,3,23,0,1,36,3,40,0,1,56,6,63,6,2,8,71
06/13/2008,JEF,MO,ACE,CE,Federal Contract Tower,0,0,9,0,9,0,0,5,0,5,0,0,14,0,14,14,0,14,28
06/14/2008,JEF,MO,ACE,CE,Federal Contract Tower,0,0,13,0,13,0,0,36,0,36,0,0,49,0,49,62,0,62,111
06/15/2008,JEF,MO,ACE,CE,Federal Contract Tower,0,0,7,0,7,0,0,24,0,24,0,0,31,0,31,16,0,16,47
06/16/2008,JEF,MO,ACE,CE,Federal Contract Tower,0,0,16,0,16,0,0,29,13,42,0,0,45,13,58,20,2,22,80
06/17/2008,JEF,MO,ACE,CE,Federal Contract Tower,0,0,23,0,23,0,3,48,3,54,0,3,71,3,77,50,0,50,127
06/18/2008,JEF,MO,ACE,CE,Federal Contract Tower,0,2,21,3,26,0,3,59,12,74,0,5,80,15,100,46,14,60,160
06/19/2008,JEF,MO,ACE,CE,Federal Contract Tower,0,0,28,1,29,0,0,60,9,69,0,0,88,10,98,22,0,22,120
06/20/2008,JEF,MO,ACE,CE,Federal Contract Tower,0,0,18,7,25,0,0,25,11,36,0,0,43,18,61,10,32,42,103
06/21/2008,JEF,MO,ACE,CE,Federal Contract Tower,0,5,10,0,15,0,2,52,2,56,0,7,62,2,71,32,0,32,103
06/22/2008,JEF,MO,ACE,CE,Federal Contract Tower,0,0,6,0,6,0,0,36,4,40,0,0,42,4,46,14,2,16,62
06/23/2008,JEF,MO,ACE,CE,Federal Contract Tower,0,5,13,4,22,0,0,48,0,48,0,5,61,4,70,16,0,16,86
06/24/2008,JEF,MO,ACE,CE,Federal Contract Tower,0,1,16,2,19,0,0,30,8,38,0,1,46,10,57,34,38,72,129
06/25/2008,JEF,MO,ACE,CE,Federal Contract Tower,0,9,32,2,43,0,0,34,13,47,0,9,66,15,90,18,8,26,116
06/26/2008,JEF,MO,ACE,CE,Federal Contract Tower,0,1,33,2,36,0,1,11,11,23,0,2,44,13,59,0,34,34,93
06/27/2008,JEF,MO,ACE,CE,Federal Contract Tower,0,4,21,4,29,0,0,15,10,25,0,4,36,14,54,2,2,4,58
06/28/2008,JEF,MO,ACE,CE,Federal Contract Tower,0,1,4,0,5,0,0,27,3,30,0,1,31,3,35,10,8,18,53
06/29/2008,JEF,MO,ACE,CE,Federal Contract Tower,0,4,3,0,7,0,0,239,0,239,0,4,242,0,246,10,0,10,256
06/30/2008,JEF,MO,ACE,CE,Federal Contract Tower,0,5,11,0,16,0,0,267,3,270,0,5,278,3,286,40,8,48,334
07/01/2008,JEF,MO,ACE,CE,Federal Contract Tower,0,0,17,0,17,0,0,75,15,90,0,0,92,15,107,42,0,42,149
07/02/2008,JEF,MO,ACE,CE,Federal Contract Tower,0,1,15,1,17,0,0,20,2,22,0,1,35,3,39,22,2,24,63
07/03/2008,JEF,MO,ACE,CE,Federal Contract Tower,0,0,13,3,16,0,0,9,1,10,0,0,22,4,26,0,0,0,26
07/04/2008,JEF,MO,ACE,CE,Federal Contract Tower,0,0,5,0,5,0,0,11,0,11,0,0,16,0,16,6,0,6,22
07/05/2008,JEF,MO,ACE,CE,Federal Contract Tower,0,0,6,0,6,0,0,27,0,27,0,0,33,0,33,2,0,2,35
07/06/2008,JEF,MO,ACE,CE,Federal Contract Tower,0,0,4,0,4,0,0,34,0,34,0,0,38,0,38,12,0,12,50
07/07/2008,JEF,MO,ACE,CE,Federal Contract Tower,0,0,12,0,12,0,4,48,8,60,0,4,60,8,72,24,0,24,96
07/08/2008,JEF,MO,ACE,CE,Federal Contract Tower,0,0,15,1,16,0,0,36,5,41,0,0,51,6,57,22,14,36,93
07/09/2008,JEF,MO,ACE,CE,Federal Contract Tower,0,2,17,6,25,0,0,42,1,43,0,2,59,7,68,30,0,30,98
07/10/2008,JEF,MO,ACE,CE,Federal Contract Tower,0,0,14,4,18,0,0,38,4,42,0,0,52,8,60,14,2,16,76
07/11/2008,JEF,MO,ACE,CE,Federal Contract Tower,0,0,19,2,21,0,1,21,5,27,0,1,40,7,48,2,6,8,56
07/12/2008,JEF,MO,ACE,CE,Federal Contract Tower,0,0,0,1,1,0,0,14,0,14,0,0,14,1,15,12,0,12,27
07/13/2008,JEF,MO,ACE,CE,Federal Contract Tower,0,0,16,1,17,0,2,44,5,51,0,2,60,6,68,14,2,16,84
07/14/2008,JEF,MO,ACE,CE,Federal Contract Tower,0,1,15,2,18,0,0,72,1,73,0,1,87,3,91,26,16,42,133
07/15/2008,JEF,MO,ACE,CE,Federal Contract Tower,0,6,38,3,47,0,0,53,5,58,0,6,91,8,105,22,0,22,127
07/16/2008,JEF,MO,ACE,CE,Federal Contract Tower,0,0,13,5,18,0,0,58,6,64,0,0,71,11,82,10,20,30,112
07/17/2008,JEF,MO,ACE,CE,Federal Contract Tower,0,0,5,0,5,0,0,46,5,51,0,0,51,5,56,20,0,20,76
07/18/2008,JEF,MO,ACE,CE,Federal Contract Tower,0,0,15,2,17,0,5,41,4,50,0,5,56,6,67,18,0,18,85
07/19/2008,JEF,MO,ACE,CE,Federal Contract Tower,0,0,10,0,10,0,0,24,0,24,0,0,34,0,34,8,0,8,42
07/20/2008,JEF,MO,ACE,CE,Federal Contract Tower,0,2,6,0,8,0,0,32,0,32,0,2,38,0,40,16,0,16,56
07/21/2008,JEF,MO,ACE,CE,Federal Contract Tower,0,1,9,3,13,0,0,41,4,45,0,1,50,7,58,90,0,90,148
07/22/2008,JEF,MO,ACE,CE,Federal Contract Tower,0,0,14,0,14,0,0,15,9,24,0,0,29,9,38,8,0,8,46
07/23/2008,JEF,MO,ACE,CE,Federal Contract Tower,0,0,13,3,16,0,0,15,1,16,0,0,28,4,32,36,2,38,70
07/24/2008,JEF,MO,ACE,CE,Federal Contract Tower,0,2,22,4,28,0,0,15,12,27,0,2,37,16,55,2,0,2,57
07/25/2008,JEF,MO,ACE,CE,Federal Contract Tower,0,2,7,2,11,0,0,20,1,21,0,2,27,3,32,68,0,68,100
07/26/2008,JEF,MO,ACE,CE,Federal Contract Tower,0,0,14,0,14,0,0,16,0,16,0,0,30,0,30,0,0,0,30
07/27/2008,JEF,MO,ACE,CE,Federal Contract Tower,0,0,2,2,4,0,0,26,0,26,0,0,28,2,30,38,0,38,68
07/28/2008,JEF,MO,ACE,CE,Federal Contract Tower,0,0,12,0,12,0,0,41,0,41,0,0,53,0,53,22,0,22,75
07/29/2008,JEF,MO,ACE,CE,Federal Contract Tower,0,2,21,0,23,0,0,51,10,61,0,2,72,10,84,32,2,34,118
07/30/2008,JEF,MO,ACE,CE,Federal Contract Tower,0,0,17,1,18,0,0,6,0,6,0,0,23,1,24,0,0,0,24
07/31/2008,JEF,MO,ACE,CE,Federal Contract Tower,0,0,20,0,20,0,0,15,0,15,0,0,35,0,35,4,0,4,39
08/01/2008,JEF,MO,ACE,CE,Federal Contract Tower,0,2,21,1,24,0,0,35,11,46,0,2,56,12,70,28,18,46,116
08/02/2008,JEF,MO,ACE,CE,Federal Contract Tower,0,0,12,0,12,0,0,34,2,36,0,0,46,2,48,30,0,30,78
08/03/2008,JEF,MO,ACE,CE,Federal Contract Tower,0,0,7,1,8,0,0,26,2,28,0,0,33,3,36,36,0,36,72
08/04/2008,JEF,MO,ACE,CE,Federal Contract Tower,0,1,28,4,33,0,2,38,4,44,0,3,66,8,77,30,0,30,107
08/05/2008,JEF,MO,ACE,CE,Federal Contract Tower,0,4,32,5,41,0,7,32,5,44,0,11,64,10,85,32,10,42,127
08/06/2008,JEF,MO,ACE,CE,Federal Contract Tower,0,0,27,1,28,0,0,23,2,25,0,0,50,3,53,18,4,22,75
08/07/2008,JEF,MO,ACE,CE,Federal Contract Tower,0,0,21,2,23,0,0,45,4,49,0,0,66,6,72,10,0,10,82
08/08/2008,JEF,MO,ACE,CE,Federal Contract Tower,0,3,17,2,22,0,0,43,7,50,0,3,60,9,72,32,0,32,104
08/09/2008,JEF,MO,ACE,CE,Federal Contract Tower,0,1,2,0,3,0,0,30,0,30,0,1,32,0,33,50,0,50,83
08/10/2008,JEF,MO,ACE,CE,Federal Contract Tower,0,0,10,1,11,0,0,37,0,37,0,0,47,1,48,16,0,16,64
08/11/2008,JEF,MO,ACE,CE,Federal Contract Tower,0,1,17,3,21,0,0,43,6,49,0,1,60,9,70,10,0,10,80
08/12/2008,JEF,MO,ACE,CE,Federal Contract Tower,0,1,18,0,19,0,0,27,0,27,0,1,45,0,46,74,0,74,120
08/13/2008,JEF,MO,ACE,CE,Federal Contract Tower,0,0,28,1,29,0,0,31,0,31,0,0,59,1,60,8,0,8,68
08/14/2008,JEF,MO,ACE,CE,Federal Contract Tower,0,0,19,2,21,0,0,24,2,26,0,0,43,4,47,2,0,2,49
08/15/2008,JEF,MO,ACE,CE,Federal Contract Tower,0,0,14,6,20,0,0,22,3,25,0,0,36,9,45,24,0,24,69
08/16/2008,JEF,MO,ACE,CE,Federal Contract Tower,0,9,7,2,18,0,0,34,3,37,0,9,41,5,55,6,4,10,65
08/17/2008,JEF,MO,ACE,CE,Federal Contract Tower,0,0,11,2,13,0,2,37,0,39,0,2,48,2,52,38,0,38,90
08/18/2008,JEF,MO,ACE,CE,Federal Contract Tower,0,0,16,2,18,0,0,39,4,43,0,0,55,6,61,70,0,70,131
08/19/2008,JEF,MO,ACE,CE,Federal Contract Tower,0,3,26,2,31,0,0,71,2,73,0,3,97,4,104,30,0,30,134
08/20/2008,JEF,MO,ACE,CE,Federal Contract Tower,0,1,27,2,30,0,0,14,5,19,0,1,41,7,49,12,16,28,77
08/21/2008,JEF,MO,ACE,CE,Federal Contract Tower,0,1,19,2,22,0,0,5,3,8,0,1,24,5,30,2,0,2,32
08/22/2008,JEF,MO,ACE,CE,Federal Contract Tower,0,1,21,2,24,0,0,21,6,27,0,1,42,8,51,18,0,18,69
08/23/2008,JEF,MO,ACE,CE,Federal Contract Tower,0,0,8,0,8,0,0,21,0,21,0,0,29,0,29,16,0,16,45
08/24/2008,JEF,MO,ACE,CE,Federal Contract Tower,0,0,13,0,13,0,0,30,5,35,0,0,43,5,48,18,0,18,66
08/25/2008,JEF,MO,ACE,CE,Federal Contract Tower,0,0,9,2,11,0,0,37,8,45,0,0,46,10,56,8,6,14,70
08/26/2008,JEF,MO,ACE,CE,Federal Contract Tower,0,0,25,2,27,0,0,40,11,51,0,0,65,13,78,28,0,28,106
08/27/2008,JEF,MO,ACE,CE,Federal Contract Tower,0,2,15,0,17,0,0,33,6,39,0,2,48,6,56,4,0,4,60
08/28/2008,JEF,MO,ACE,CE,Federal Contract Tower,0,0,27,4,31,0,0,14,5,19,0,0,41,9,50,26,0,26,76
08/29/2008,JEF,MO,ACE,CE,Federal Contract Tower,0,0,14,1,15,0,0,27,1,28,0,0,41,2,43,36,6,42,85
08/30/2008,JEF,MO,ACE,CE,Federal Contract Tower,0,0,7,0,7,0,0,29,0,29,0,0,36,0,36,10,0,10,46
08/31/2008,JEF,MO,ACE,CE,Federal Contract Tower,0,0,9,0,9,0,4,37,0,41,0,4,46,0,50,0,0,0,50
09/01/2008,JEF,MO,ACE,CE,Federal Contract Tower,0,0,11,1,12,0,2,17,8,27,0,2,28,9,39,14,0,14,53
09/02/2008,JEF,MO,ACE,CE,Federal Contract Tower,0,0,12,2,14,0,0,35,7,42,0,0,47,9,56,66,2,68,124
09/03/2008,JEF,MO,ACE,CE,Federal Contract Tower,0,0,13,2,15,0,0,0,0,0,0,0,13,2,15,0,0,0,15
09/04/2008,JEF,MO,ACE,CE,Federal Contract Tower,0,0,12,2,14,0,0,3,1,4,0,0,15,3,18,0,0,0,18
09/05/2008,JEF,MO,ACE,CE,Federal Contract Tower,0,0,18,2,20,0,0,21,3,24,0,0,39,5,44,4,0,4,48
09/06/2008,JEF,MO,ACE,CE,Federal Contract Tower,0,0,12,2,14,0,0,17,1,18,0,0,29,3,32,2,0,2,34
09/07/2008,JEF,MO,ACE,CE,Federal Contract Tower,0,0,16,4,20,0,0,4,1,5,0,0,20,5,25,0,2,2,27
09/08/2008,JEF,MO,ACE,CE,Federal Contract Tower,0,0,20,2,22,0,0,26,9,35,0,0,46,11,57,16,10,26,83
09/09/2008,JEF,MO,ACE,CE,Federal Contract Tower,0,2,18,1,21,0,0,31,13,44,0,2,49,14,65,16,4,20,85
09/10/2008,JEF,MO,ACE,CE,Federal Contract Tower,0,2,19,2,23,0,2,38,2,42,0,4,57,4,65,30,0,30,95
09/11/2008,JEF,MO,ACE,CE,Federal Contract Tower,0,4,23,0,27,0,0,7,5,12,0,4,30,5,39,0,0,0,39
09/12/2008,JEF,MO,ACE,CE,Federal Contract Tower,0,0,15,2,17,0,0,12,3,15,0,0,27,5,32,24,10,34,66
09/13/2008,JEF,MO,ACE,CE,Federal Contract Tower,0,0,2,0,2,0,0,8,0,8,0,0,10,0,10,0,2,2,12
09/14/2008,JEF,MO,ACE,CE,Federal Contract Tower,0,0,11,0,11,0,0,36,0,36,0,0,47,0,47,18,0,18,65
09/15/2008,JEF,MO,ACE,CE,Federal Contract Tower,0,0,19,0,19,0,0,44,1,45,0,0,63,1,64,62,0,62,126
09/16/2008,JEF,MO,ACE,CE,Federal Contract Tower,0,4,7,2,13,0,2,49,7,58,0,6,56,9,71,38,22,60,131
09/17/2008,JEF,MO,ACE,CE,Federal Contract Tower,0,1,11,1,13,0,2,41,12,55,0,3,52,13,68,30,4,34,102
09/18/2008,JEF,MO,ACE,CE,Federal Contract Tower,0,0,26,2,28,0,2,39,8,49,0,2,65,10,77,20,0,20,97
09/19/2008,JEF,MO,ACE,CE,Federal Contract Tower,0,0,23,8,31,0,4,27,6,37,0,4,50,14,68,24,0,24,92
09/20/2008,JEF,MO,ACE,CE,Federal Contract Tower,0,0,13,2,15,0,0,18,1,19,0,0,31,3,34,38,2,40,74
09/21/2008,JEF,MO,ACE,CE,Federal Contract Tower,0,0,12,0,12,0,0,10,0,10,0,0,22,0,22,6,0,6,28
09/22/2008,JEF,MO,ACE,CE,Federal Contract Tower,0,0,11,7,18,0,0,29,19,48,0,0,40,26,66,32,32,64,130
09/23/2008,JEF,MO,ACE,CE,Federal Contract Tower,0,0,26,3,29,0,1,37,12,50,0,1,63,15,79,40,12,52,131
09/24/2008,JEF,MO,ACE,CE,Federal Contract Tower,0,0,20,2,22,0,0,45,10,55,0,0,65,12,77,46,4,50,127
09/25/2008,JEF,MO,ACE,CE,Federal Contract Tower,0,0,24,0,24,0,2,27,11,40,0,2,51,11,64,48,40,88,152
09/26/2008,JEF,MO,ACE,CE,Federal Contract Tower,0,0,23,1,24,0,5,36,5,46,0,5,59,6,70,36,10,46,116
09/27/2008,JEF,MO,ACE,CE,Federal Contract Tower,0,0,12,0,12,0,2,15,0,17,0,2,27,0,29,0,0,0,29
09/28/2008,JEF,MO,ACE,CE,Federal Contract Tower,0,0,7,0,7,0,0,37,0,37,0,0,44,0,44,26,0,26,70
09/29/2008,JEF,MO,ACE,CE,Federal Contract Tower,0,0,17,5,22,0,0,23,6,29,0,0,40,11,51,0,22,22,73
09/30/2008,JEF,MO,ACE,CE,Federal Contract Tower,0,0,24,0,24,0,5,37,4,46,0,5,61,4,70,46,0,46,116
10/01/2008,JEF,MO,ACE,CE,Federal Contract Tower,0,2,14,1,17,0,0,31,1,32,0,2,45,2,49,40,0,40,89
10/02/2008,JEF,MO,ACE,CE,Federal Contract Tower,0,3,16,2,21,0,0,15,3,18,0,3,31,5,39,2,2,4,43
10/03/2008,JEF,MO,ACE,CE,Federal Contract Tower,0,0,13,6,19,0,0,38,4,42,0,0,51,10,61,24,2,26,87
10/04/2008,JEF,MO,ACE,CE,Federal Contract Tower,0,2,7,0,9,0,0,0,0,0,0,2,7,0,9,46,0,46,55
10/05/2008,JEF,MO,ACE,CE,Federal Contract Tower,0,0,13,2,15,0,4,31,0,35,0,4,44,2,50,30,0,30,80
10/06/2008,JEF,MO,ACE,CE,Federal Contract Tower,0,0,17,2,19,0,0,30,0,30,0,0,47,2,49,0,0,0,49
10/07/2008,JEF,MO,ACE,CE,Federal Contract Tower,0,0,20,0,20,0,0,4,2,6,0,0,24,2,26,2,2,4,30
10/08/2008,JEF,MO,ACE,CE,Federal Contract Tower,0,2,12,0,14,0,0,36,4,40,0,2,48,4,54,40,0,40,94
10/09/2008,JEF,MO,ACE,CE,Federal Contract Tower,0,1,25,3,29,0,0,41,3,44,0,1,66,6,73,20,0,20,93
10/10/2008,JEF,MO,ACE,CE,Federal Contract Tower,0,0,14,2,16,0,2,45,8,55,0,2,59,10,71,30,0,30,101
10/11/2008,JEF,MO,ACE,CE,Federal Contract Tower,0,0,2,0,2,0,0,19,0,19,0,0,21,0,21,104,0,104,125
10/12/2008,JEF,MO,ACE,CE,Federal Contract Tower,0,0,12,0,12,0,0,14,0,14,0,0,26,0,26,0,0,0,26
10/13/2008,JEF,MO,ACE,CE,Federal Contract Tower,0,2,24,0,26,0,4,30,0,34,0,6,54,0,60,16,0,16,76
10/14/2008,JEF,MO,ACE,CE,Federal Contract Tower,0,8,35,2,45,0,0,14,4,18,0,8,49,6,63,0,16,16,79
10/15/2008,JEF,MO,ACE,CE,Federal Contract Tower,0,4,27,5,36,0,0,7,2,9,0,4,34,7,45,2,0,2,47
10/16/2008,JEF,MO,ACE,CE,Federal Contract Tower,0,2,19,3,24,0,0,43,11,54,0,2,62,14,78,10,0,10,88
10/17/2008,JEF,MO,ACE,CE,Federal Contract Tower,0,0,28,0,28,0,0,30,7,37,0,0,58,7,65,56,0,56,121
10/18/2008,JEF,MO,ACE,CE,Federal Contract Tower,0,0,12,4,16,0,2,31,2,35,0,2,43,6,51,42,0,42,93
10/19/2008,JEF,MO,ACE,CE,Federal Contract Tower,0,1,13,2,16,0,0,36,0,36,0,1,49,2,52,10,0,10,62
10/20/2008,JEF,MO,ACE,CE,Federal Contract Tower,0,2,18,0,20,0,0,31,6,37,0,2,49,6,57,16,42,58,115
10/21/2008,JEF,MO,ACE,CE,Federal Contract Tower,0,2,23,0,25,0,4,35,6,45,0,6,58,6,70,42,12,54,124
10/22/2008,JEF,MO,ACE,CE,Federal Contract Tower,0,1,9,4,14,0,0,13,2,15,0,1,22,6,29,24,0,24,53
10/23/2008,JEF,MO,ACE,CE,Federal Contract Tower,0,2,26,3,31,0,0,14,2,16,0,2,40,5,47,2,0,2,49
10/24/2008,JEF,MO,ACE,CE,Federal Contract Tower,0,0,21,2,23,0,0,12,3,15,0,0,33,5,38,28,0,28,66
10/25/2008,JEF,MO,ACE,CE,Federal Contract Tower,0,0,11,0,11,0,0,35,0,35,0,0,46,0,46,32,0,32,78
10/26/2008,JEF,MO,ACE,CE,Federal Contract Tower,0,2,10,0,12,0,0,17,0,17,0,2,27,0,29,0,0,0,29
10/27/2008,JEF,MO,ACE,CE,Federal Contract Tower,0,1,19,2,22,0,0,30,5,35,0,1,49,7,57,10,2,12,69
10/28/2008,JEF,MO,ACE,CE,Federal Contract Tower,0,0,9,0,9,0,4,39,13,56,0,4,48,13,65,18,24,42,107
10/29/2008,JEF,MO,ACE,CE,Federal Contract Tower,0,2,27,2,31,0,0,45,6,51,0,2,72,8,82,22,0,22,104
10/30/2008,JEF,MO,ACE,CE,Federal Contract Tower,0,1,22,0,23,0,0,41,7,48,0,1,63,7,71,48,8,56,127
10/31/2008,JEF,MO,ACE,CE,Federal Contract Tower,0,0,21,6,27,0,0,19,7,26,0,0,40,13,53,28,0,28,81
11/01/2008,JEF,MO,ACE,CE,Federal Contract Tower,0,2,6,0,8,0,0,30,6,36,0,2,36,6,44,32,0,32,76
11/02/2008,JEF,MO,ACE,CE,Federal Contract Tower,0,0,18,0,18,0,7,30,0,37,0,7,48,0,55,60,0,60,115
11/03/2008,JEF,MO,ACE,CE,Federal Contract Tower,0,4,24,1,29,0,2,31,4,37,0,6,55,5,66,0,32,32,98
11/04/2008,JEF,MO,ACE,CE,Federal Contract Tower,0,1,18,0,19,0,0,63,16,79,0,1,81,16,98,46,16,62,160
11/05/2008,JEF,MO,ACE,CE,Federal Contract Tower,0,3,14,0,17,0,0,19,4,23,0,3,33,4,40,0,0,0,40
11/06/2008,JEF,MO,ACE,CE,Federal Contract Tower,0,8,24,1,33,0,4,18,6,28,0,12,42,7,61,0,0,0,61
11/07/2008,JEF,MO,ACE,CE,Federal Contract Tower,0,1,15,0,16,0,0,8,8,16,0,1,23,8,32,0,0,0,32
11/08/2008,JEF,MO,ACE,CE,Federal Contract Tower,0,2,12,0,14,0,0,15,0,15,0,2,27,0,29,28,0,28,57
11/09/2008,JEF,MO,ACE,CE,Federal Contract Tower,0,0,3,0,3,0,0,24,0,24,0,0,27,0,27,16,0,16,43
11/10/2008,JEF,MO,ACE,CE,Federal Contract Tower,0,0,13,0,13,0,0,22,2,24,0,0,35,2,37,36,10,46,83
11/11/2008,JEF,MO,ACE,CE,Federal Contract Tower,0,1,12,0,13,0,0,10,0,10,0,1,22,0,23,64,0,64,87
11/12/2008,JEF,MO,ACE,CE,Federal Contract Tower,0,1,13,2,16,0,0,12,5,17,0,1,25,7,33,36,0,36,69
11/13/2008,JEF,MO,ACE,CE,Federal Contract Tower,0,0,18,2,20,0,0,41,7,48,0,0,59,9,68,38,2,40,108
11/14/2008,JEF,MO,ACE,CE,Federal Contract Tower,0,1,14,0,15,0,0,14,0,14,0,1,28,0,29,26,0,26,55
11/15/2008,JEF,MO,ACE,CE,Federal Contract Tower,0,1,8,2,11,0,0,2,0,2,0,1,10,2,13,0,0,0,13
11/16/2008,JEF,MO,ACE,CE,Federal Contract Tower,0,0,11,2,13,0,4,20,0,24,0,4,31,2,37,60,0,60,97
11/17/2008,JEF,MO,ACE,CE,Federal Contract Tower,0,1,16,2,19,0,6,28,6,40,0,7,44,8,59,36,8,44,103
11/18/2008,JEF,MO,ACE,CE,Federal Contract Tower,0,2,23,0,25,0,2,58,10,70,0,4,81,10,95,44,10,54,149
11/19/2008,JEF,MO,ACE,CE,Federal Contract Tower,0,2,26,5,33,0,3,27,8,38,0,5,53,13,71,14,0,14,85
11/20/2008,JEF,MO,ACE,CE,Federal Contract Tower,0,0,28,4,32,0,0,8,9,17,0,0,36,13,49,12,0,12,61
11/21/2008,JEF,MO,ACE,CE,Federal Contract Tower,0,0,20,2,22,0,1,33,3,37,0,1,53,5,59,20,20,40,99
11/22/2008,JEF,MO,ACE,CE,Federal Contract Tower,0,0,8,2,10,0,0,16,0,16,0,0,24,2,26,48,0,48,74
11/23/2008,JEF,MO,ACE,CE,Federal Contract Tower,0,0,9,2,11,0,4,20,0,24,0,4,29,2,35,28,0,28,63
11/24/2008,JEF,MO,ACE,CE,Federal Contract Tower,0,0,20,5,25,0,0,29,4,33,0,0,49,9,58,28,6,34,92
11/25/2008,JEF,MO,ACE,CE,Federal Contract Tower,0,0,22,4,26,0,0,51,6,57,0,0,73,10,83,28,0,28,111
11/26/2008,JEF,MO,ACE,CE,Federal Contract Tower,0,0,5,0,5,0,0,33,1,34,0,0,38,1,39,26,6,32,71
11/27/2008,JEF,MO,ACE,CE,Federal Contract Tower,0,0,1,0,1,0,0,14,0,14,0,0,15,0,15,24,0,24,39
11/28/2008,JEF,MO,ACE,CE,Federal Contract Tower,0,0,4,0,4,0,0,13,0,13,0,0,17,0,17,52,0,52,69
11/29/2008,JEF,MO,ACE,CE,Federal Contract Tower,0,0,7,0,7,0,0,20,0,20,0,0,27,0,27,24,0,24,51
11/30/2008,JEF,MO,ACE,CE,Federal Contract Tower,0,2,7,0,9,0,0,0,0,0,0,2,7,0,9,0,0,0,9
12/01/2008,JEF,MO,ACE,CE,Federal Contract Tower,0,2,9,2,13,0,0,8,0,8,0,2,17,2,21,22,0,22,43
12/02/2008,JEF,MO,ACE,CE,Federal Contract Tower,0,0,22,2,24,0,0,33,5,38,0,0,55,7,62,16,0,16,78
12/03/2008,JEF,MO,ACE,CE,Federal Contract Tower,0,2,21,2,25,0,0,3,1,4,0,2,24,3,29,0,0,0,29
12/04/2008,JEF,MO,ACE,CE,Federal Contract Tower,0,2,14,4,20,0,0,21,4,25,0,2,35,8,45,16,0,16,61
12/05/2008,JEF,MO,ACE,CE,Federal Contract Tower,0,1,17,0,18,0,1,28,4,33,0,2,45,4,51,26,0,26,77
12/06/2008,JEF,MO,ACE,CE,Federal Contract Tower,0,2,3,0,5,0,2,21,2,25,0,4,24,2,30,12,0,12,42
12/07/2008,JEF,MO,ACE,CE,Federal Contract Tower,0,1,4,0,5,0,4,20,4,28,0,5,24,4,33,36,18,54,87
12/08/2008,JEF,MO,ACE,CE,Federal Contract Tower,0,3,17,1,21,0,0,6,1,7,0,3,23,2,28,0,0,0,28
12/09/2008,JEF,MO,ACE,CE,Federal Contract Tower,0,0,13,2,15,0,0,0,0,0,0,0,13,2,15,0,38,38,53
12/10/2008,JEF,MO,ACE,CE,Federal Contract Tower,0,0,24,2,26,0,2,35,4,41,0,2,59,6,67,96,0,96,163
12/11/2008,JEF,MO,ACE,CE,Federal Contract Tower,0,0,18,0,18,0,0,35,9,44,0,0,53,9,62,24,12,36,98
12/12/2008,JEF,MO,ACE,CE,Federal Contract Tower,0,4,35,0,39,0,1,35,8,44,0,5,70,8,83,20,12,32,115
12/13/2008,JEF,MO,ACE,CE,Federal Contract Tower,0,0,6,0,6,0,0,4,0,4,0,0,10,0,10,0,0,0,10
12/14/2008,JEF,MO,ACE,CE,Federal Contract Tower,0,2,5,0,7,0,0,0,0,0,0,2,5,0,7,0,0,0,7
12/15/2008,JEF,MO,ACE,CE,Federal Contract Tower,0,0,9,2,11,0,0,3,0,3,0,0,12,2,14,0,0,0,14
12/16/2008,JEF,MO,ACE,CE,Federal Contract Tower,0,0,6,0,6,0,0,0,0,0,0,0,6,0,6,0,0,0,6
12/17/2008,JEF,MO,ACE,CE,Federal Contract Tower,0,0,9,0,9,0,0,9,9,18,0,0,18,9,27,2,20,22,49
12/18/2008,JEF,MO,ACE,CE,Federal Contract Tower,0,3,11,0,14,0,0,0,0,0,0,3,11,0,14,0,0,0,14
12/19/2008,JEF,MO,ACE,CE,Federal Contract Tower,0,2,16,8,26,0,0,9,8,17,0,2,25,16,43,2,22,24,67
12/20/2008,JEF,MO,ACE,CE,Federal Contract Tower,0,1,6,2,9,0,0,2,0,2,0,1,8,2,11,24,0,24,35
12/21/2008,JEF,MO,ACE,CE,Federal Contract Tower,0,2,5,0,7,0,0,8,0,8,0,2,13,0,15,2,0,2,17
12/22/2008,JEF,MO,ACE,CE,Federal Contract Tower,0,2,10,2,14,0,0,15,8,23,0,2,25,10,37,2,10,12,49
12/23/2008,JEF,MO,ACE,CE,Federal Contract Tower,0,0,11,2,13,0,0,0,0,0,0,0,11,2,13,2,0,2,15
12/24/2008,JEF,MO,ACE,CE,Federal Contract Tower,0,0,5,0,5,0,0,7,0,7,0,0,12,0,12,14,0,14,26
12/25/2008,JEF,MO,ACE,CE,Federal Contract Tower,0,0,2,0,2,0,0,1,0,1,0,0,3,0,3,0,0,0,3
12/26/2008,JEF,MO,ACE,CE,Federal Contract Tower,0,0,9,0,9,0,0,2,0,2,0,0,11,0,11,38,0,38,49
12/27/2008,JEF,MO,ACE,CE,Federal Contract Tower,0,0,2,0,2,0,0,2,0,2,0,0,4,0,4,0,0,0,4
12/28/2008,JEF,MO,ACE,CE,Federal Contract Tower,0,2,9,0,11,0,0,0,0,0,0,2,9,0,11,74,0,74,85
12/29/2008,JEF,MO,ACE,CE,Federal Contract Tower,0,0,14,0,14,0,2,37,0,39,0,2,51,0,53,102,28,130,183
12/30/2008,JEF,MO,ACE,CE,Federal Contract Tower,0,0,9,6,15,0,2,25,6,33,0,2,34,12,48,98,0,98,146
12/31/2008,JEF,MO,ACE,CE,Federal Contract Tower,0,1,3,0,4,0,0,28,8,36,0,1,31,8,40,44,4,48,88
01/01/2009,JEF,MO,ACE,CE,Federal Contract Tower,0,1,3,0,4,0,0,10,0,10,0,1,13,0,14,0,0,0,14
01/02/2009,JEF,MO,ACE,CE,Federal Contract Tower,0,0,6,0,6,0,0,39,0,39,0,0,45,0,45,44,0,44,89
01/03/2009,JEF,MO,ACE,CE,Federal Contract Tower,0,0,9,0,9,0,0,6,0,6,0,0,15,0,15,10,0,10,25
01/04/2009,JEF,MO,ACE,CE,Federal Contract Tower,0,1,11,0,12,0,0,15,0,15,0,1,26,0,27,32,0,32,59
01/05/2009,JEF,MO,ACE,CE,Federal Contract Tower,0,1,5,0,6,0,2,14,14,30,0,3,19,14,36,38,16,54,90
01/06/2009,JEF,MO,ACE,CE,Federal Contract Tower,0,5,18,2,25,0,0,5,4,9,0,5,23,6,34,32,8,40,74
01/07/2009,JEF,MO,ACE,CE,Federal Contract Tower,0,2,31,0,33,0,0,24,2,26,0,2,55,2,59,4,0,4,63
01/08/2009,JEF,MO,ACE,CE,Federal Contract Tower,0,0,16,2,18,0,0,41,7,48,0,0,57,9,66,34,4,38,104
01/09/2009,JEF,MO,ACE,CE,Federal Contract Tower,0,2,11,1,14,0,0,20,2,22,0,2,31,3,36,74,0,74,110
01/10/2009,JEF,MO,ACE,CE,Federal Contract Tower,0,0,6,0,6,0,0,0,0,0,0,0,6,0,6,0,34,34,40
01/11/2009,JEF,MO,ACE,CE,Federal Contract Tower,0,0,13,1,14,0,4,30,2,36,0,4,43,3,50,44,0,44,94
01/12/2009,JEF,MO,ACE,CE,Federal Contract Tower,0,4,15,2,21,0,0,1,2,3,0,4,16,4,24,22,0,22,46
01/13/2009,JEF,MO,ACE,CE,Federal Contract Tower,0,0,10,4,14,0,0,31,6,37,0,0,41,10,51,16,0,16,67
01/14/2009,JEF,MO,ACE,CE,Federal Contract Tower,0,0,8,2,10,0,4,10,0,14,0,4,18,2,24,4,0,4,28
01/15/2009,JEF,MO,ACE,CE,Federal Contract Tower,0,0,18,1,19,0,0,16,0,16,0,0,34,1,35,0,0,0,35
01/16/2009,JEF,MO,ACE,CE,Federal Contract Tower,0,0,13,2,15,0,0,1,1,2,0,0,14,3,17,0,0,0,17
01/17/2009,JEF,MO,ACE,CE,Federal Contract Tower,0,0,8,0,8,0,0,21,0,21,0,0,29,0,29,14,0,14,43
01/18/2009,JEF,MO,ACE,CE,Federal Contract Tower,0,0,1,0,1,0,2,22,0,24,0,2,23,0,25,24,0,24,49
01/19/2009,JEF,MO,ACE,CE,Federal Contract Tower,0,0,9,0,9,0,4,20,0,24,0,4,29,0,33,28,0,28,61
01/20/2009,JEF,MO,ACE,CE,Federal Contract Tower,0,0,8,3,11,0,1,27,5,33,0,1,35,8,44,14,0,14,58
01/21/2009,JEF,MO,ACE,CE,Federal Contract Tower,0,0,12,1,13,0,0,22,3,25,0,0,34,4,38,0,22,22,60
01/22/2009,JEF,MO,ACE,CE,Federal Contract Tower,0,2,16,2,20,0,1,47,6,54,0,3,63,8,74,4,0,4,78
01/23/2009,JEF,MO,ACE,CE,Federal Contract Tower,0,4,5,2,11,0,0,15,5,20,0,4,20,7,31,28,0,28,59
01/24/2009,JEF,MO,ACE,CE,Federal Contract Tower,0,0,3,0,3,0,0,18,4,22,0,0,21,4,25,24,2,26,51
01/25/2009,JEF,MO,ACE,CE,Federal Contract Tower,0,1,3,0,4,0,1,6,0,7,0,2,9,0,11,0,8,8,19
01/26/2009,JEF,MO,ACE,CE,Federal Contract Tower,0,0,14,0,14,0,0,16,0,16,0,0,30,0,30,24,0,24,54
01/27/2009,JEF,MO,ACE,CE,Federal Contract Tower,0,0,4,0,4,0,0,0,0,0,0,0,4,0,4,0,0,0,4
01/28/2009,JEF,MO,ACE,CE,Federal Contract Tower,0,2,22,1,25,0,0,17,6,23,0,2,39,7,48,2,6,8,56
01/29/2009,JEF,MO,ACE,CE,Federal Contract Tower,0,0,14,0,14,0,2,23,8,33,0,2,37,8,47,6,20,26,73
01/30/2009,JEF,MO,ACE,CE,Federal Contract Tower,0,0,9,0,9,0,2,32,2,36,0,2,41,2,45,12,0,12,57
01/31/2009,JEF,MO,ACE,CE,Federal Contract Tower,0,0,9,4,13,0,0,21,2,23,0,0,30,6,36,42,0,42,78
02/01/2009,JEF,MO,ACE,CE,Federal Contract Tower,0,0,1,0,1,0,0,22,0,22,0,0,23,0,23,18,0,18,41
02/02/2009,JEF,MO,ACE,CE,Federal Contract Tower,17,0,0,0,17,0,4,35,12,51,17,4,35,12,68,50,0,50,118
02/03/2009,JEF,MO,ACE,CE,Federal Contract Tower,0,0,27,0,27,0,4,16,14,34,0,4,43,14,61,10,0,10,71
02/04/2009,JEF,MO,ACE,CE,Federal Contract Tower,0,0,16,0,16,0,0,23,10,33,0,0,39,10,49,8,8,16,65
02/05/2009,JEF,MO,ACE,CE,Federal Contract Tower,0,0,18,0,18,0,0,24,4,28,0,0,42,4,46,38,0,38,84
02/06/2009,JEF,MO,ACE,CE,Federal Contract Tower,0,0,10,0,10,0,0,24,7,31,0,0,34,7,41,22,4,26,67
02/07/2009,JEF,MO,ACE,CE,Federal Contract Tower,0,0,6,2,8,0,0,6,8,14,0,0,12,10,22,4,4,8,30
02/08/2009,JEF,MO,ACE,CE,Federal Contract Tower,0,0,15,0,15,0,0,24,8,32,0,0,39,8,47,26,0,26,73
02/09/2009,JEF,MO,ACE,CE,Federal Contract Tower,0,0,11,2,13,0,0,2,4,6,0,0,13,6,19,0,4,4,23
02/10/2009,JEF,MO,ACE,CE,Federal Contract Tower,0,1,18,2,21,0,0,23,5,28,0,1,41,7,49,69,18,87,136
02/11/2009,JEF,MO,ACE,CE,Federal Contract Tower,0,0,16,1,17,0,0,0,0,0,0,0,16,1,17,0,2,2,19
02/12/2009,JEF,MO,ACE,CE,Federal Contract Tower,0,0,4,5,9,0,0,31,4,35,0,0,35,9,44,14,20,34,78
02/13/2009,JEF,MO,ACE,CE,Federal Contract Tower,0,0,14,2,16,0,0,14,2,16,0,0,28,4,32,10,2,12,44
02/14/2009,JEF,MO,ACE,CE,Federal Contract Tower,0,0,4,2,6,0,0,7,0,7,0,0,11,2,13,4,0,4,17
02/15/2009,JEF,MO,ACE,CE,Federal Contract Tower,0,0,8,1,9,0,0,42,0,42,0,0,50,1,51,10,0,10,61
02/16/2009,JEF,MO,ACE,CE,Federal Contract Tower,0,2,16,0,18,0,2,26,0,28,0,4,42,0,46,58,0,58,104
02/17/2009,JEF,MO,ACE,CE,Federal Contract Tower,0,2,29,6,37,0,0,23,10,33,0,2,52,16,70,0,6,6,76
02/18/2009,JEF,MO,ACE,CE,Federal Contract Tower,0,4,21,2,27,0,0,13,0,13,0,4,34,2,40,72,0,72,112
02/19/2009,JEF,MO,ACE,CE,Federal Contract Tower,0,2,27,2,31,0,2,33,1,36,0,4,60,3,67,98,22,120,187
02/20/2009,JEF,MO,ACE,CE,Federal Contract Tower,0,2,24,0,26,0,2,38,8,48,0,4,62,8,74,46,18,64,138
02/21/2009,JEF,MO,ACE,CE,Federal Contract Tower,0,0,9,5,14,0,1,2,0,3,0,1,11,5,17,0,14,14,31
02/22/2009,JEF,MO,ACE,CE,Federal Contract Tower,0,0,8,2,10,0,3,46,4,53,0,3,54,6,63,12,0,12,75
02/23/2009,JEF,MO,ACE,CE,Federal Contract Tower,0,2,16,2,20,0,3,43,2,48,0,5,59,4,68,56,4,60,128
02/24/2009,JEF,MO,ACE,CE,Federal Contract Tower,0,0,24,4,28,0,0,20,7,27,0,0,44,11,55,4,4,8,63
02/25/2009,JEF,MO,ACE,CE,Federal Contract Tower,0,0,17,0,17,0,0,40,6,46,0,0,57,6,63,14,0,14,77
02/26/2009,JEF,MO,ACE,CE,Federal Contract Tower,0,2,25,1,28,0,0,11,5,16,0,2,36,6,44,6,0,6,50
02/27/2009,JEF,MO,ACE,CE,Federal Contract Tower,0,2,19,0,21,0,0,10,13,23,0,2,29,13,44,0,0,0,44
02/28/2009,JEF,MO,ACE,CE,Federal Contract Tower,0,0,4,0,4,0,0,0,0,0,0,0,4,0,4,22,0,22,26
03/01/2009,JEF,MO,ACE,CE,Federal Contract Tower,0,2,4,0,6,0,0,33,0,33,0,2,37,0,39,58,0,58,97
03/02/2009,JEF,MO,ACE,CE,Federal Contract Tower,0,2,9,0,11,0,8,33,3,44,0,10,42,3,55,42,32,74,129
03/03/2009,JEF,MO,ACE,CE,Federal Contract Tower,0,2,31,0,33,0,0,48,10,58,0,2,79,10,91,56,4,60,151
03/04/2009,JEF,MO,ACE,CE,Federal Contract Tower,0,4,27,2,33,0,8,24,2,34,0,12,51,4,67,36,0,36,103
03/05/2009,JEF,MO,ACE,CE,Federal Contract Tower,0,8,10,0,18,0,4,17,11,32,0,12,27,11,50,6,4,10,60
03/06/2009,JEF,MO,ACE,CE,Federal Contract Tower,0,0,14,0,14,0,2,32,6,40,0,2,46,6,54,14,4,18,72
03/07/2009,JEF,MO,ACE,CE,Federal Contract Tower,0,2,15,0,17,0,0,14,6,20,0,2,29,6,37,22,4,26,63
03/08/2009,JEF,MO,ACE,CE,Federal Contract Tower,0,0,18,0,18,0,0,12,2,14,0,0,30,2,32,34,0,34,66
03/09/2009,JEF,MO,ACE,CE,Federal Contract Tower,0,0,15,2,17,0,0,10,8,18,0,0,25,10,35,20,6,26,61
03/10/2009,JEF,MO,ACE,CE,Federal Contract Tower,0,0,18,1,19,0,0,10,9,19,0,0,28,10,38,0,12,12,50
03/11/2009,JEF,MO,ACE,CE,Federal Contract Tower,0,2,21,3,26,0,2,39,5,46,0,4,60,8,72,10,2,12,84
03/12/2009,JEF,MO,ACE,CE,Federal Contract Tower,0,2,16,2,20,0,1,34,13,48,0,3,50,15,68,18,2,20,88
03/13/2009,JEF,MO,ACE,CE,Federal Contract Tower,0,0,26,2,28,0,0,32,3,35,0,0,58,5,63,30,2,32,95
03/14/2009,JEF,MO,ACE,CE,Federal Contract Tower,0,0,6,6,12,0,0,34,0,34,0,0,40,6,46,38,0,38,84
03/15/2009,JEF,MO,ACE,CE,Federal Contract Tower,0,0,11,2,13,0,2,34,0,36,0,2,45,2,49,40,0,40,89
03/16/2009,JEF,MO,ACE,CE,Federal Contract Tower,0,0,10,0,10,0,2,39,5,46,0,2,49,5,56,18,8,26,82
03/17/2009,JEF,MO,ACE,CE,Federal Contract Tower,0,0,20,0,20,0,0,35,6,41,0,0,55,6,61,48,2,50,111
03/18/2009,JEF,MO,ACE,CE,Federal Contract Tower,0,0,8,1,9,0,0,22,13,35,0,0,30,14,44,26,12,38,82
03/19/2009,JEF,MO,ACE,CE,Federal Contract Tower,0,0,7,4,11,0,0,37,4,41,0,0,44,8,52,0,8,8,60
03/20/2009,JEF,MO,ACE,CE,Federal Contract Tower,0,2,13,2,17,0,0,36,6,42,0,2,49,8,59,22,4,26,85
03/21/2009,JEF,MO,ACE,CE,Federal Contract Tower,0,0,10,0,10,0,0,19,0,19,0,0,29,0,29,28,0,28,57
03/22/2009,JEF,MO,ACE,CE,Federal Contract Tower,0,0,10,0,10,0,0,12,0,12,0,0,22,0,22,0,0,0,22
03/23/2009,JEF,MO,ACE,CE,Federal Contract Tower,11,0,0,0,11,0,2,11,0,13,11,2,11,0,24,0,0,0,24
03/24/2009,JEF,MO,ACE,CE,Federal Contract Tower,0,2,12,2,16,0,0,5,0,5,0,2,17,2,21,2,0,2,23
03/25/2009,JEF,MO,ACE,CE,Federal Contract Tower,0,0,24,2,26,0,6,38,0,44,0,6,62,2,70,36,0,36,106
03/26/2009,JEF,MO,ACE,CE,Federal Contract Tower,0,2,28,0,30,0,2,27,0,29,0,4,55,0,59,14,0,14,73
03/27/2009,JEF,MO,ACE,CE,Federal Contract Tower,0,5,14,0,19,0,0,2,0,2,0,5,16,0,21,0,0,0,21
03/28/2009,JEF,MO,ACE,CE,Federal Contract Tower,0,0,4,0,4,0,0,0,0,0,0,0,4,0,4,0,0,0,4
03/29/2009,JEF,MO,ACE,CE,Federal Contract Tower,0,1,14,0,15,0,0,27,0,27,0,1,41,0,42,18,0,18,60
03/30/2009,JEF,MO,ACE,CE,Federal Contract Tower,0,0,23,2,25,0,0,25,2,27,0,0,48,4,52,6,4,10,62
03/31/2009,JEF,MO,ACE,CE,Federal Contract Tower,0,0,30,0,30,0,0,6,2,8,0,0,36,2,38,0,2,2,40
04/01/2009,JEF,MO,ACE,CE,Federal Contract Tower,0,5,24,0,29,0,8,54,11,73,0,13,78,11,102,12,12,24,126
04/02/2009,JEF,MO,ACE,CE,Federal Contract Tower,0,0,19,2,21,0,0,4,8,12,0,0,23,10,33,0,8,8,41
04/03/2009,JEF,MO,ACE,CE,Federal Contract Tower,0,0,17,2,19,0,4,44,7,55,0,4,61,9,74,72,6,78,152
04/04/2009,JEF,MO,ACE,CE,Federal Contract Tower,0,0,6,0,6,0,0,24,0,24,0,0,30,0,30,24,0,24,54
04/05/2009,JEF,MO,ACE,CE,Federal Contract Tower,0,0,2,0,2,0,0,11,0,11,0,0,13,0,13,44,0,44,57
04/06/2009,JEF,MO,ACE,CE,Federal Contract Tower,0,1,5,0,6,0,0,5,1,6,0,1,10,1,12,0,0,0,12
04/07/2009,JEF,MO,ACE,CE,Federal Contract Tower,0,0,13,3,16,0,0,42,10,52,0,0,55,13,68,92,28,120,188
04/08/2009,JEF,MO,ACE,CE,Federal Contract Tower,0,2,33,3,38,0,0,44,2,46,0,2,77,5,84,28,6,34,118
04/09/2009,JEF,MO,ACE,CE,Federal Contract Tower,0,2,15,2,19,0,0,11,4,15,0,2,26,6,34,0,8,8,42
04/10/2009,JEF,MO,ACE,CE,Federal Contract Tower,0,0,11,4,15,0,0,5,2,7,0,0,16,6,22,0,0,0,22
04/11/2009,JEF,MO,ACE,CE,Federal Contract Tower,0,0,4,0,4,0,4,38,0,42,0,4,42,0,46,42,0,42,88
04/12/2009,JEF,MO,ACE,CE,Federal Contract Tower,0,0,3,0,3,0,2,8,0,10,0,2,11,0,13,0,0,0,13
04/13/2009,JEF,MO,ACE,CE,Federal Contract Tower,0,0,10,2,12,0,0,0,0,0,0,0,10,2,12,12,46,58,70
04/14/2009,JEF,MO,ACE,CE,Federal Contract Tower,0,2,19,3,24,0,0,13,7,20,0,2,32,10,44,12,20,32,76
04/15/2009,JEF,MO,ACE,CE,Federal Contract Tower,0,0,29,2,31,0,5,52,2,59,0,5,81,4,90,48,2,50,140
04/16/2009,JEF,MO,ACE,CE,Federal Contract Tower,0,0,31,0,31,0,0,29,2,31,0,0,60,2,62,42,0,42,104
04/17/2009,JEF,MO,ACE,CE,Federal Contract Tower,0,1,24,0,25,0,0,50,3,53,0,1,74,3,78,34,0,34,112
04/18/2009,JEF,MO,ACE,CE,Federal Contract Tower,0,0,5,0,5,0,0,6,1,7,0,0,11,1,12,26,0,26,38
04/19/2009,JEF,MO,ACE,CE,Federal Contract Tower,0,1,5,1,7,0,0,0,0,0,0,1,5,1,7,2,0,2,9
04/20/2009,JEF,MO,ACE,CE,Federal Contract Tower,0,1,14,2,17,0,0,23,6,29,0,1,37,8,46,54,0,54,100
04/21/2009,JEF,MO,ACE,CE,Federal Contract Tower,0,2,16,0,18,0,2,28,4,34,0,4,44,4,52,6,6,12,64
04/22/2009,JEF,MO,ACE,CE,Federal Contract Tower,0,0,14,2,16,0,2,46,2,50,0,2,60,4,66,0,0,0,66
04/23/2009,JEF,MO,ACE,CE,Federal Contract Tower,0,2,16,0,18,0,0,17,0,17,0,2,33,0,35,50,0,50,85
04/24/2009,JEF,MO,ACE,CE,Federal Contract Tower,0,0,21,0,21,0,0,15,9,24,0,0,36,9,45,14,24,38,83
04/25/2009,JEF,MO,ACE,CE,Federal Contract Tower,0,0,1,0,1,0,0,14,0,14,0,0,15,0,15,24,0,24,39
04/26/2009,JEF,MO,ACE,CE,Federal Contract Tower,0,0,5,0,5,0,0,6,0,6,0,0,11,0,11,6,0,6,17
04/27/2009,JEF,MO,ACE,CE,Federal Contract Tower,0,0,13,0,13,0,0,2,0,2,0,0,15,0,15,16,0,16,31
04/28/2009,JEF,MO,ACE,CE,Federal Contract Tower,0,1,27,1,29,0,0,9,0,9,0,1,36,1,38,70,4,74,112
04/29/2009,JEF,MO,ACE,CE,Federal Contract Tower,0,2,25,2,29,0,0,0,0,0,0,2,25,2,29,0,0,0,29
04/30/2009,JEF,MO,ACE,CE,Federal Contract Tower,0,0,26,0,26,0,0,2,0,2,0,0,28,0,28,10,0,10,38
05/01/2009,JEF,MO,ACE,CE,Federal Contract Tower,0,4,19,0,23,0,0,9,2,11,0,4,28,2,34,12,0,12,46
05/02/2009,JEF,MO,ACE,CE,Federal Contract Tower,0,0,8,0,8,0,0,19,4,23,0,0,27,4,31,50,0,50,81
05/03/2009,JEF,MO,ACE,CE,Federal Contract Tower,0,2,5,3,10,0,0,22,2,24,0,2,27,5,34,58,2,60,94
05/04/2009,JEF,MO,ACE,CE,Federal Contract Tower,0,2,20,2,24,0,2,53,15,70,0,4,73,17,94,52,20,72,166
05/05/2009,JEF,MO,ACE,CE,Federal Contract Tower,0,4,18,1,23,0,0,45,9,54,0,4,63,10,77,42,46,88,165
05/06/2009,JEF,MO,ACE,CE,Federal Contract Tower,0,0,21,5,26,0,0,13,3,16,0,0,34,8,42,4,10,14,56
05/07/2009,JEF,MO,ACE,CE,Federal Contract Tower,0,0,21,2,23,0,4,9,10,23,0,4,30,12,46,6,20,26,72
05/08/2009,JEF,MO,ACE,CE,Federal Contract Tower,0,0,11,2,13,0,0,16,3,19,0,0,27,5,32,34,0,34,66
05/09/2009,JEF,MO,ACE,CE,Federal Contract Tower,0,2,16,0,18,0,1,18,1,20,0,3,34,1,38,52,0,52,90
05/10/2009,JEF,MO,ACE,CE,Federal Contract Tower,0,0,7,0,7,0,0,25,1,26,0,0,32,1,33,18,0,18,51
05/11/2009,JEF,MO,ACE,CE,Federal Contract Tower,0,2,21,0,23,0,2,38,11,51,0,4,59,11,74,24,12,36,110
05/12/2009,JEF,MO,ACE,CE,Federal Contract Tower,0,1,15,0,16,0,0,18,5,23,0,1,33,5,39,10,0,10,49
05/13/2009,JEF,MO,ACE,CE,Federal Contract Tower,0,0,10,0,10,0,0,8,4,12,0,0,18,4,22,0,0,0,22
05/14/2009,JEF,MO,ACE,CE,Federal Contract Tower,0,2,20,3,25,0,3,39,5,47,0,5,59,8,72,50,8,58,130
05/15/2009,JEF,MO,ACE,CE,Federal Contract Tower,0,0,13,0,13,0,0,21,6,27,0,0,34,6,40,14,28,42,82
05/16/2009,JEF,MO,ACE,CE,Federal Contract Tower,0,3,9,0,12,0,5,24,0,29,0,8,33,0,41,2,0,2,43
05/17/2009,JEF,MO,ACE,CE,Federal Contract Tower,0,0,8,2,10,0,6,24,1,31,0,6,32,3,41,6,0,6,47
05/18/2009,JEF,MO,ACE,CE,Federal Contract Tower,0,2,21,0,23,0,2,48,4,54,0,4,69,4,77,52,10,62,139
05/19/2009,JEF,MO,ACE,CE,Federal Contract Tower,0,0,17,3,20,0,5,32,6,43,0,5,49,9,63,20,12,32,95
05/20/2009,JEF,MO,ACE,CE,Federal Contract Tower,0,0,22,2,24,0,2,24,8,34,0,2,46,10,58,0,30,30,88
05/21/2009,JEF,MO,ACE,CE,Federal Contract Tower,0,6,38,2,46,0,0,27,2,29,0,6,65,4,75,6,0,6,81
05/22/2009,JEF,MO,ACE,CE,Federal Contract Tower,0,0,26,2,28,0,1,43,1,45,0,1,69,3,73,40,2,42,115
05/23/2009,JEF,MO,ACE,CE,Federal Contract Tower,0,0,12,0,12,0,0,29,0,29,0,0,41,0,41,32,0,32,73
05/24/2009,JEF,MO,ACE,CE,Federal Contract Tower,0,0,9,0,9,0,2,15,0,17,0,2,24,0,26,2,0,2,28
05/25/2009,JEF,MO,ACE,CE,Federal Contract Tower,0,0,10,0,10,0,0,2,0,2,0,0,12,0,12,0,0,0,12
05/26/2009,JEF,MO,ACE,CE,Federal Contract Tower,0,0,19,0,19,0,0,8,0,8,0,0,27,0,27,0,0,0,27
05/27/2009,JEF,MO,ACE,CE,Federal Contract Tower,0,2,26,2,30,0,0,15,0,15,0,2,41,2,45,0,10,10,55
05/28/2009,JEF,MO,ACE,CE,Federal Contract Tower,0,2,14,3,19,0,0,16,3,19,0,2,30,6,38,0,14,14,52
05/29/2009,JEF,MO,ACE,CE,Federal Contract Tower,0,0,16,2,18,0,0,55,1,56,0,0,71,3,74,46,0,46,120
05/30/2009,JEF,MO,ACE,CE,Federal Contract Tower,0,0,4,0,4,0,0,13,6,19,0,0,17,6,23,36,0,36,59
05/31/2009,JEF,MO,ACE,CE,Federal Contract Tower,0,0,19,0,19,0,0,35,0,35,0,0,54,0,54,2,0,2,56
06/01/2009,JEF,MO,ACE,CE,Federal Contract Tower,0,4,8,2,14,0,4,37,5,46,0,8,45,7,60,64,4,68,128
06/02/2009,JEF,MO,ACE,CE,Federal Contract Tower,0,0,21,2,23,0,0,11,8,19,0,0,32,10,42,8,28,36,78
06/03/2009,JEF,MO,ACE,CE,Federal Contract Tower,0,0,24,2,26,0,0,12,2,14,0,0,36,4,40,8,4,12,52
06/04/2009,JEF,MO,ACE,CE,Federal Contract Tower,0,0,22,2,24,0,0,30,7,37,0,0,52,9,61,12,0,12,73
06/05/2009,JEF,MO,ACE,CE,Federal Contract Tower,0,1,9,1,11,0,0,63,6,69,0,1,72,7,80,14,6,20,100
06/06/2009,JEF,MO,ACE,CE,Federal Contract Tower,0,3,11,2,16,0,0,33,4,37,0,3,44,6,53,4,0,4,57
06/07/2009,JEF,MO,ACE,CE,Federal Contract Tower,0,0,6,0,6,0,2,30,0,32,0,2,36,0,38,6,0,6,44
06/08/2009,JEF,MO,ACE,CE,Federal Contract Tower,0,4,10,0,14,0,0,27,2,29,0,4,37,2,43,46,0,46,89
06/09/2009,JEF,MO,ACE,CE,Federal Contract Tower,0,0,17,2,19,0,0,18,0,18,0,0,35,2,37,60,6,66,103
06/10/2009,JEF,MO,ACE,CE,Federal Contract Tower,0,3,15,2,20,0,0,15,5,20,0,3,30,7,40,42,2,44,84
06/11/2009,JEF,MO,ACE,CE,Federal Contract Tower,0,2,13,3,18,0,0,16,4,20,0,2,29,7,38,34,2,36,74
06/12/2009,JEF,MO,ACE,CE,Federal Contract Tower,0,2,29,2,33,0,0,21,4,25,0,2,50,6,58,8,6,14,72
06/13/2009,JEF,MO,ACE,CE,Federal Contract Tower,0,3,11,1,15,0,0,30,4,34,0,3,41,5,49,16,0,16,65
06/14/2009,JEF,MO,ACE,CE,Federal Contract Tower,0,3,9,0,12,0,0,16,0,16,0,3,25,0,28,4,0,4,32
06/15/2009,JEF,MO,ACE,CE,Federal Contract Tower,0,1,11,4,16,0,4,2,0,6,0,5,13,4,22,0,0,0,22
06/16/2009,JEF,MO,ACE,CE,Federal Contract Tower,0,2,20,0,22,0,0,15,0,15,0,2,35,0,37,8,0,8,45
06/17/2009,JEF,MO,ACE,CE,Federal Contract Tower,0,2,26,0,28,0,0,28,0,28,0,2,54,0,56,6,0,6,62
06/18/2009,JEF,MO,ACE,CE,Federal Contract Tower,0,2,33,0,35,0,2,18,2,22,0,4,51,2,57,4,0,4,61
06/19/2009,JEF,MO,ACE,CE,Federal Contract Tower,0,0,8,2,10,0,0,29,1,30,0,0,37,3,40,36,0,36,76
06/20/2009,JEF,MO,ACE,CE,Federal Contract Tower,0,0,16,2,18,0,0,25,0,25,0,0,41,2,43,40,0,40,83
06/21/2009,JEF,MO,ACE,CE,Federal Contract Tower,0,0,7,0,7,0,0,24,0,24,0,0,31,0,31,16,0,16,47
06/22/2009,JEF,MO,ACE,CE,Federal Contract Tower,0,0,14,0,14,0,0,32,0,32,0,0,46,0,46,20,0,20,66
06/23/2009,JEF,MO,ACE,CE,Federal Contract Tower,0,0,21,3,24,0,0,29,3,32,0,0,50,6,56,24,2,26,82
06/24/2009,JEF,MO,ACE,CE,Federal Contract Tower,0,4,12,2,18,0,0,36,0,36,0,4,48,2,54,26,0,26,80
06/25/2009,JEF,MO,ACE,CE,Federal Contract Tower,0,3,21,6,30,0,0,27,4,31,0,3,48,10,61,18,10,28,89
06/26/2009,JEF,MO,ACE,CE,Federal Contract Tower,0,1,18,3,22,0,15,28,9,52,0,16,46,12,74,44,14,58,132
06/27/2009,JEF,MO,ACE,CE,Federal Contract Tower,0,1,5,0,6,0,0,28,0,28,0,1,33,0,34,42,0,42,76
06/28/2009,JEF,MO,ACE,CE,Federal Contract Tower,0,2,10,0,12,0,0,35,0,35,0,2,45,0,47,12,0,12,59
06/29/2009,JEF,MO,ACE,CE,Federal Contract Tower,0,0,21,0,21,0,6,24,5,35,0,6,45,5,56,32,12,44,100
06/30/2009,JEF,MO,ACE,CE,Federal Contract Tower,0,2,16,0,18,0,4,33,15,52,0,6,49,15,70,10,30,40,110
07/01/2009,JEF,MO,ACE,CE,Federal Contract Tower,0,3,14,1,18,0,1,48,2,51,0,4,62,3,69,64,0,64,133
07/02/2009,JEF,MO,ACE,CE,Federal Contract Tower,0,1,16,0,17,0,5,45,4,54,0,6,61,4,71,32,2,34,105
07/03/2009,JEF,MO,ACE,CE,Federal Contract Tower,0,0,4,0,4,0,0,27,4,31,0,0,31,4,35,64,0,64,99
07/04/2009,JEF,MO,ACE,CE,Federal Contract Tower,0,0,0,0,0,0,0,1,1,2,0,0,1,1,2,20,0,20,22
07/05/2009,JEF,MO,ACE,CE,Federal Contract Tower,0,4,10,0,14,0,4,32,0,36,0,8,42,0,50,30,0,30,80
07/06/2009,JEF,MO,ACE,CE,Federal Contract Tower,0,0,15,0,15,0,6,55,1,62,0,6,70,1,77,40,0,40,117
07/07/2009,JEF,MO,ACE,CE,Federal Contract Tower,0,0,22,3,25,0,0,37,6,43,0,0,59,9,68,42,10,52,120
07/08/2009,JEF,MO,ACE,CE,Federal Contract Tower,0,0,16,4,20,0,0,40,1,41,0,0,56,5,61,34,0,34,95
07/09/2009,JEF,MO,ACE,CE,Federal Contract Tower,0,0,23,3,26,0,2,30,6,38,0,2,53,9,64,28,2,30,94
07/10/2009,JEF,MO,ACE,CE,Federal Contract Tower,0,0,5,2,7,0,0,23,0,23,0,0,28,2,30,34,0,34,64
07/11/2009,JEF,MO,ACE,CE,Federal Contract Tower,0,0,2,4,6,0,0,11,0,11,0,0,13,4,17,12,0,12,29
07/12/2009,JEF,MO,ACE,CE,Federal Contract Tower,0,0,4,0,4,0,0,22,0,22,0,0,26,0,26,38,0,38,64
07/13/2009,JEF,MO,ACE,CE,Federal Contract Tower,0,0,11,0,11,0,1,31,12,44,0,1,42,12,55,28,6,34,89
07/14/2009,JEF,MO,ACE,CE,Federal Contract Tower,0,0,10,3,13,0,0,6,3,9,0,0,16,6,22,4,6,10,32
07/15/2009,JEF,MO,ACE,CE,Federal Contract Tower,0,0,17,2,19,0,0,31,6,37,0,0,48,8,56,62,0,62,118
07/16/2009,JEF,MO,ACE,CE,Federal Contract Tower,0,1,16,0,17,0,4,19,9,32,0,5,35,9,49,20,0,20,69
07/17/2009,JEF,MO,ACE,CE,Federal Contract Tower,0,2,10,0,12,0,0,40,12,52,0,2,50,12,64,48,0,48,112
07/18/2009,JEF,MO,ACE,CE,Federal Contract Tower,0,0,3,0,3,0,0,26,0,26,0,0,29,0,29,10,0,10,39
07/19/2009,JEF,MO,ACE,CE,Federal Contract Tower,0,0,10,2,12,0,0,46,2,48,0,0,56,4,60,30,0,30,90
07/20/2009,JEF,MO,ACE,CE,Federal Contract Tower,0,2,14,0,16,0,3,38,6,47,0,5,52,6,63,46,8,54,117
07/21/2009,JEF,MO,ACE,CE,Federal Contract Tower,0,0,28,0,28,0,0,8,11,19,0,0,36,11,47,12,20,32,79
07/22/2009,JEF,MO,ACE,CE,Federal Contract Tower,0,4,22,0,26,0,0,21,2,23,0,4,43,2,49,32,0,32,81
07/23/2009,JEF,MO,ACE,CE,Federal Contract Tower,0,1,15,0,16,0,3,39,16,58,0,4,54,16,74,4,6,10,84
07/24/2009,JEF,MO,ACE,CE,Federal Contract Tower,0,2,11,0,13,0,2,38,10,50,0,4,49,10,63,10,0,10,73
07/25/2009,JEF,MO,ACE,CE,Federal Contract Tower,0,0,6,0,6,0,0,25,0,25,0,0,31,0,31,44,0,44,75
07/26/2009,JEF,MO,ACE,CE,Federal Contract Tower,0,0,16,0,16,0,0,33,0,33,0,0,49,0,49,30,0,30,79
07/27/2009,JEF,MO,ACE,CE,Federal Contract Tower,0,2,17,0,19,0,0,26,9,35,0,2,43,9,54,22,2,24,78
07/28/2009,JEF,MO,ACE,CE,Federal Contract Tower,0,0,13,0,13,0,0,24,6,30,0,0,37,6,43,10,0,10,53
07/29/2009,JEF,MO,ACE,CE,Federal Contract Tower,0,0,25,5,30,0,0,36,2,38,0,0,61,7,68,16,0,16,84
07/30/2009,JEF,MO,ACE,CE,Federal Contract Tower,0,0,23,0,23,0,0,21,6,27,0,0,44,6,50,4,24,28,78
07/31/2009,JEF,MO,ACE,CE,Federal Contract Tower,0,4,25,3,32,0,0,47,5,52,0,4,72,8,84,16,0,16,100
08/01/2009,JEF,MO,ACE,CE,Federal Contract Tower,0,11,18,2,31,0,0,16,9,25,0,11,34,11,56,16,0,16,72
08/02/2009,JEF,MO,ACE,CE,Federal Contract Tower,0,0,5,0,5,0,6,59,6,71,0,6,64,6,76,38,0,38,114
08/03/2009,JEF,MO,ACE,CE,Federal Contract Tower,0,6,6,0,12,0,0,32,0,32,0,6,38,0,44,0,0,0,44
08/04/2009,JEF,MO,ACE,CE,Federal Contract Tower,0,0,14,0,14,0,0,16,3,19,0,0,30,3,33,0,0,0,33
08/05/2009,JEF,MO,ACE,CE,Federal Contract Tower,0,2,29,0,31,0,0,21,3,24,0,2,50,3,55,64,12,76,131
08/06/2009,JEF,MO,ACE,CE,Federal Contract Tower,0,0,20,0,20,0,0,29,0,29,0,0,49,0,49,38,10,48,97
08/07/2009,JEF,MO,ACE,CE,Federal Contract Tower,0,3,22,0,25,0,2,38,4,44,0,5,60,4,69,22,18,40,109
08/08/2009,JEF,MO,ACE,CE,Federal Contract Tower,0,0,6,4,10,0,0,14,0,14,0,0,20,4,24,18,0,18,42
08/09/2009,JEF,MO,ACE,CE,Federal Contract Tower,0,2,3,0,5,0,0,37,0,37,0,2,40,0,42,4,0,4,46
08/10/2009,JEF,MO,ACE,CE,Federal Contract Tower,0,0,16,3,19,0,0,5,5,10,0,0,21,8,29,0,0,0,29
08/11/2009,JEF,MO,ACE,CE,Federal Contract Tower,0,0,15,0,15,0,0,24,2,26,0,0,39,2,41,8,0,8,49
08/12/2009,JEF,MO,ACE,CE,Federal Contract Tower,0,0,18,0,18,0,2,35,2,39,0,2,53,2,57,2,0,2,59
08/13/2009,JEF,MO,ACE,CE,Federal Contract Tower,0,2,29,2,33,0,0,48,2,50,0,2,77,4,83,46,0,46,129
08/14/2009,JEF,MO,ACE,CE,Federal Contract Tower,0,0,23,2,25,0,0,26,13,39,0,0,49,15,64,6,2,8,72
08/15/2009,JEF,MO,ACE,CE,Federal Contract Tower,0,0,9,0,9,0,0,23,0,23,0,0,32,0,32,0,0,0,32
08/16/2009,JEF,MO,ACE,CE,Federal Contract Tower,0,0,4,0,4,0,0,16,0,16,0,0,20,0,20,30,0,30,50
08/17/2009,JEF,MO,ACE,CE,Federal Contract Tower,0,0,7,0,7,0,0,0,2,2,0,0,7,2,9,26,2,28,37
08/18/2009,JEF,MO,ACE,CE,Federal Contract Tower,0,0,26,1,27,0,2,10,7,19,0,2,36,8,46,26,0,26,72
08/19/2009,JEF,MO,ACE,CE,Federal Contract Tower,0,2,17,0,19,0,0,7,4,11,0,2,24,4,30,18,8,26,56
08/20/2009,JEF,MO,ACE,CE,Federal Contract Tower,0,2,16,0,18,0,0,19,10,29,0,2,35,10,47,6,0,6,53
08/21/2009,JEF,MO,ACE,CE,Federal Contract Tower,0,0,21,1,22,0,0,24,12,36,0,0,45,13,58,6,10,16,74
08/22/2009,JEF,MO,ACE,CE,Federal Contract Tower,0,0,2,0,2,0,0,28,0,28,0,0,30,0,30,44,0,44,74
08/23/2009,JEF,MO,ACE,CE,Federal Contract Tower,0,2,9,0,11,0,0,30,0,30,0,2,39,0,41,56,0,56,97
08/24/2009,JEF,MO,ACE,CE,Federal Contract Tower,0,0,14,0,14,0,2,37,8,47,0,2,51,8,61,0,4,4,65
08/25/2009,JEF,MO,ACE,CE,Federal Contract Tower,0,0,21,4,25,0,0,70,9,79,0,0,91,13,104,10,0,10,114
08/26/2009,JEF,MO,ACE,CE,Federal Contract Tower,0,0,18,0,18,0,2,37,13,52,0,2,55,13,70,26,24,50,120
08/27/2009,JEF,MO,ACE,CE,Federal Contract Tower,0,0,19,0,19,0,0,26,5,31,0,0,45,5,50,14,16,30,80
08/28/2009,JEF,MO,ACE,CE,Federal Contract Tower,0,0,25,0,25,0,0,5,3,8,0,0,30,3,33,2,0,2,35
08/29/2009,JEF,MO,ACE,CE,Federal Contract Tower,0,0,19,0,19,0,0,19,0,19,0,0,38,0,38,34,0,34,72
08/30/2009,JEF,MO,ACE,CE,Federal Contract Tower,0,2,5,0,7,0,7,47,0,54,0,9,52,0,61,14,0,14,75
08/31/2009,JEF,MO,ACE,CE,Federal Contract Tower,0,2,16,2,20,0,1,29,2,32,0,3,45,4,52,2,2,4,56
09/01/2009,JEF,MO,ACE,CE,Federal Contract Tower,0,0,30,0,30,0,10,26,11,47,0,10,56,11,77,2,2,4,81
09/02/2009,JEF,MO,ACE,CE,Federal Contract Tower,0,0,33,0,33,0,0,29,6,35,0,0,62,6,68,6,2,8,76
09/03/2009,JEF,MO,ACE,CE,Federal Contract Tower,0,2,15,0,17,0,0,21,3,24,0,2,36,3,41,26,0,26,67
09/04/2009,JEF,MO,ACE,CE,Federal Contract Tower,0,0,23,0,23,0,0,8,0,8,0,0,31,0,31,8,0,8,39
09/05/2009,JEF,MO,ACE,CE,Federal Contract Tower,0,0,10,0,10,0,0,5,0,5,0,0,15,0,15,38,0,38,53
09/06/2009,JEF,MO,ACE,CE,Federal Contract Tower,0,0,3,0,3,0,2,0,0,2,0,2,3,0,5,0,0,0,5
09/07/2009,JEF,MO,ACE,CE,Federal Contract Tower,0,2,10,0,12,0,0,19,0,19,0,2,29,0,31,20,2,22,53
09/08/2009,JEF,MO,ACE,CE,Federal Contract Tower,0,0,17,0,17,0,0,25,5,30,0,0,42,5,47,26,0,26,73
09/09/2009,JEF,MO,ACE,CE,Federal Contract Tower,0,0,24,0,24,0,0,10,0,10,0,0,34,0,34,2,0,2,36
09/10/2009,JEF,MO,ACE,CE,Federal Contract Tower,0,4,19,4,27,0,6,24,3,33,0,10,43,7,60,20,0,20,80
09/11/2009,JEF,MO,ACE,CE,Federal Contract Tower,0,2,11,0,13,0,0,25,8,33,0,2,36,8,46,24,0,24,70
09/12/2009,JEF,MO,ACE,CE,Federal Contract Tower,0,0,8,0,8,0,0,11,0,11,0,0,19,0,19,16,10,26,45
09/13/2009,JEF,MO,ACE,CE,Federal Contract Tower,0,1,6,0,7,0,4,28,4,36,0,5,34,4,43,26,0,26,69
09/14/2009,JEF,MO,ACE,CE,Federal Contract Tower,0,1,12,2,15,0,2,27,4,33,0,3,39,6,48,40,0,40,88
09/15/2009,JEF,MO,ACE,CE,Federal Contract Tower,0,0,21,2,23,0,0,25,1,26,0,0,46,3,49,16,2,18,67
09/16/2009,JEF,MO,ACE,CE,Federal Contract Tower,0,2,25,0,27,0,0,26,0,26,0,2,51,0,53,36,0,36,89
09/17/2009,JEF,MO,ACE,CE,Federal Contract Tower,0,0,28,0,28,0,0,23,1,24,0,0,51,1,52,10,0,10,62
09/18/2009,JEF,MO,ACE,CE,Federal Contract Tower,0,0,26,0,26,0,0,36,4,40,0,0,62,4,66,12,0,12,78
09/19/2009,JEF,MO,ACE,CE,Federal Contract Tower,0,0,10,0,10,0,0,22,2,24,0,0,32,2,34,64,0,64,98
09/20/2009,JEF,MO,ACE,CE,Federal Contract Tower,0,2,21,3,26,0,0,5,0,5,0,2,26,3,31,0,0,0,31
09/21/2009,JEF,MO,ACE,CE,Federal Contract Tower,0,0,8,0,8,0,0,10,2,12,0,0,18,2,20,0,6,6,26
09/22/2009,JEF,MO,ACE,CE,Federal Contract Tower,0,1,19,0,20,0,0,5,8,13,0,1,24,8,33,2,0,2,35
09/23/2009,JEF,MO,ACE,CE,Federal Contract Tower,0,3,12,3,18,0,0,11,5,16,0,3,23,8,34,46,2,48,82
09/24/2009,JEF,MO,ACE,CE,Federal Contract Tower,0,0,13,0,13,0,0,6,0,6,0,0,19,0,19,0,0,0,19
09/25/2009,JEF,MO,ACE,CE,Federal Contract Tower,0,1,21,4,26,0,0,43,4,47,0,1,64,8,73,0,0,0,73
09/26/2009,JEF,MO,ACE,CE,Federal Contract Tower,0,1,6,2,9,0,0,100,11,111,0,1,106,13,120,8,4,12,132
09/27/2009,JEF,MO,ACE,CE,Federal Contract Tower,0,0,2,7,9,0,4,33,3,40,0,4,35,10,49,12,0,12,61
09/28/2009,JEF,MO,ACE,CE,Federal Contract Tower,0,0,21,0,21,0,2,23,13,38,0,2,44,13,59,40,2,42,101
09/29/2009,JEF,MO,ACE,CE,Federal Contract Tower,0,0,18,0,18,0,6,37,8,51,0,6,55,8,69,24,6,30,99
09/30/2009,JEF,MO,ACE,CE,Federal Contract Tower,0,0,28,0,28,0,4,45,2,51,0,4,73,2,79,26,0,26,105
10/01/2009,JEF,MO,ACE,CE,Federal Contract Tower,0,2,10,0,12,0,0,7,0,7,0,2,17,0,19,0,0,0,19
10/02/2009,JEF,MO,ACE,CE,Federal Contract Tower,0,0,12,0,12,0,0,9,4,13,0,0,21,4,25,0,8,8,33
10/03/2009,JEF,MO,ACE,CE,Federal Contract Tower,0,0,2,2,4,0,0,11,5,16,0,0,13,7,20,26,0,26,46
10/04/2009,JEF,MO,ACE,CE,Federal Contract Tower,0,0,5,0,5,0,7,17,8,32,0,7,22,8,37,16,0,16,53
10/05/2009,JEF,MO,ACE,CE,Federal Contract Tower,0,0,25,0,25,0,2,16,5,23,0,2,41,5,48,22,2,24,72
10/06/2009,JEF,MO,ACE,CE,Federal Contract Tower,0,0,13,0,13,0,0,9,8,17,0,0,22,8,30,0,2,2,32
10/07/2009,JEF,MO,ACE,CE,Federal Contract Tower,0,0,20,0,20,0,0,32,34,66,0,0,52,34,86,10,12,22,108
10/08/2009,JEF,MO,ACE,CE,Federal Contract Tower,0,0,7,0,7,0,0,0,0,0,0,0,7,0,7,0,0,0,7
10/09/2009,JEF,MO,ACE,CE,Federal Contract Tower,0,6,24,3,33,0,0,6,3,9,0,6,30,6,42,2,0,2,44
10/10/2009,JEF,MO,ACE,CE,Federal Contract Tower,0,1,5,0,6,0,0,24,0,24,0,1,29,0,30,4,0,4,34
10/11/2009,JEF,MO,ACE,CE,Federal Contract Tower,0,2,8,0,10,0,0,25,0,25,0,2,33,0,35,0,0,0,35
10/12/2009,JEF,MO,ACE,CE,Federal Contract Tower,0,2,10,2,14,0,0,3,0,3,0,2,13,2,17,18,0,18,35
10/13/2009,JEF,MO,ACE,CE,Federal Contract Tower,0,0,10,4,14,0,0,2,0,2,0,0,12,4,16,0,20,20,36
10/14/2009,JEF,MO,ACE,CE,Federal Contract Tower,0,1,28,4,33,0,0,0,0,0,0,1,28,4,33,0,16,16,49
10/15/2009,JEF,MO,ACE,CE,Federal Contract Tower,0,1,30,0,31,0,0,4,5,9,0,1,34,5,40,20,0,20,60
10/16/2009,JEF,MO,ACE,CE,Federal Contract Tower,0,2,21,1,24,0,0,16,2,18,0,2,37,3,42,28,0,28,70
10/17/2009,JEF,MO,ACE,CE,Federal Contract Tower,0,3,2,0,5,0,0,33,0,33,0,3,35,0,38,54,0,54,92
10/18/2009,JEF,MO,ACE,CE,Federal Contract Tower,0,3,14,0,17,0,0,29,0,29,0,3,43,0,46,4,0,4,50
10/19/2009,JEF,MO,ACE,CE,Federal Contract Tower,0,6,6,0,12,0,3,50,2,55,0,9,56,2,67,10,0,10,77
10/20/2009,JEF,MO,ACE,CE,Federal Contract Tower,0,0,13,0,13,0,0,19,4,23,0,0,32,4,36,66,0,66,102
10/21/2009,JEF,MO,ACE,CE,Federal Contract Tower,0,0,18,0,18,0,4,31,5,40,0,4,49,5,58,18,8,26,84
10/22/2009,JEF,MO,ACE,CE,Federal Contract Tower,0,1,12,0,13,0,0,0,0,0,0,1,12,0,13,0,0,0,13
10/23/2009,JEF,MO,ACE,CE,Federal Contract Tower,0,1,23,0,24,0,0,4,0,4,0,1,27,0,28,0,0,0,28
10/24/2009,JEF,MO,ACE,CE,Federal Contract Tower,0,2,4,0,6,0,2,29,0,31,0,4,33,0,37,12,0,12,49
10/25/2009,JEF,MO,ACE,CE,Federal Contract Tower,0,4,10,0,14,0,0,6,0,6,0,4,16,0,20,10,0,10,30
10/26/2009,JEF,MO,ACE,CE,Federal Contract Tower,0,2,27,0,29,0,0,2,0,2,0,2,29,0,31,0,0,0,31
10/27/2009,JEF,MO,ACE,CE,Federal Contract Tower,0,2,18,2,22,0,0,0,0,0,0,2,18,2,22,0,0,0,22
10/28/2009,JEF,MO,ACE,CE,Federal Contract Tower,0,1,16,0,17,0,0,10,4,14,0,1,26,4,31,28,0,28,59
10/29/2009,JEF,MO,ACE,CE,Federal Contract Tower,0,0,12,0,12,0,0,3,0,3,0,0,15,0,15,0,0,0,15
10/30/2009,JEF,MO,ACE,CE,Federal Contract Tower,0,1,12,0,13,0,0,18,10,28,0,1,30,10,41,8,2,10,51
10/31/2009,JEF,MO,ACE,CE,Federal Contract Tower,0,1,9,0,10,0,0,16,0,16,0,1,25,0,26,58,0,58,84
11/01/2009,JEF,MO,ACE,CE,Federal Contract Tower,0,3,9,2,14,0,0,49,0,49,0,3,58,2,63,52,0,52,115
11/02/2009,JEF,MO,ACE,CE,Federal Contract Tower,0,1,15,2,18,0,2,32,4,38,0,3,47,6,56,10,6,16,72
11/03/2009,JEF,MO,ACE,CE,Federal Contract Tower,0,0,28,1,29,0,2,28,13,43,0,2,56,14,72,70,22,92,164
11/04/2009,JEF,MO,ACE,CE,Federal Contract Tower,0,4,26,0,30,0,2,16,4,22,0,6,42,4,52,20,0,20,72
11/05/2009,JEF,MO,ACE,CE,Federal Contract Tower,0,0,19,0,19,0,2,26,18,46,0,2,45,18,65,12,0,12,77
11/06/2009,JEF,MO,ACE,CE,Federal Contract Tower,0,2,17,6,25,0,0,30,17,47,0,2,47,23,72,10,0,10,82
11/07/2009,JEF,MO,ACE,CE,Federal Contract Tower,0,0,6,2,8,0,0,33,10,43,0,0,39,12,51,28,0,28,79
11/08/2009,JEF,MO,ACE,CE,Federal Contract Tower,0,0,4,2,6,0,2,34,0,36,0,2,38,2,42,16,0,16,58
11/09/2009,JEF,MO,ACE,CE,Federal Contract Tower,0,4,17,0,21,0,2,17,11,30,0,6,34,11,51,6,0,6,57
11/10/2009,JEF,MO,ACE,CE,Federal Contract Tower,0,3,19,2,24,0,0,14,2,16,0,3,33,4,40,56,0,56,96
11/11/2009,JEF,MO,ACE,CE,Federal Contract Tower,0,1,11,0,12,0,2,32,4,38,0,3,43,4,50,26,0,26,76
11/12/2009,JEF,MO,ACE,CE,Federal Contract Tower,0,0,21,0,21,0,2,31,20,53,0,2,52,20,74,40,0,40,114
11/13/2009,JEF,MO,ACE,CE,Federal Contract Tower,0,0,15,0,15,0,6,31,0,37,0,6,46,0,52,26,0,26,78
11/14/2009,JEF,MO,ACE,CE,Federal Contract Tower,0,0,6,2,8,0,0,17,0,17,0,0,23,2,25,32,0,32,57
11/15/2009,JEF,MO,ACE,CE,Federal Contract Tower,0,2,3,0,5,0,0,0,0,0,0,2,3,0,5,0,0,0,5
11/16/2009,JEF,MO,ACE,CE,Federal Contract Tower,0,0,16,2,18,0,0,0,0,0,0,0,16,2,18,0,0,0,18
11/17/2009,JEF,MO,ACE,CE,Federal Contract Tower,0,4,22,0,26,0,0,0,2,2,0,4,22,2,28,0,6,6,34
11/18/2009,JEF,MO,ACE,CE,Federal Contract Tower,0,2,21,2,25,0,0,0,0,0,0,2,21,2,25,0,0,0,25
11/19/2009,JEF,MO,ACE,CE,Federal Contract Tower,0,0,21,2,23,0,2,32,3,37,0,2,53,5,60,14,20,34,94
11/20/2009,JEF,MO,ACE,CE,Federal Contract Tower,0,2,17,0,19,0,0,25,0,25,0,2,42,0,44,12,0,12,56
11/21/2009,JEF,MO,ACE,CE,Federal Contract Tower,0,2,15,0,17,0,0,22,0,22,0,2,37,0,39,6,0,6,45
11/22/2009,JEF,MO,ACE,CE,Federal Contract Tower,0,2,4,2,8,0,2,31,0,33,0,4,35,2,41,32,0,32,73
11/23/2009,JEF,MO,ACE,CE,Federal Contract Tower,0,4,14,2,20,0,16,26,8,50,0,20,40,10,70,26,14,40,110
11/24/2009,JEF,MO,ACE,CE,Federal Contract Tower,0,1,16,0,17,0,0,6,0,6,0,1,22,0,23,0,0,0,23
11/25/2009,JEF,MO,ACE,CE,Federal Contract Tower,0,0,18,0,18,0,7,17,7,31,0,7,35,7,49,22,0,22,71
11/26/2009,JEF,MO,ACE,CE,Federal Contract Tower,0,0,3,0,3,0,2,13,0,15,0,2,16,0,18,0,0,0,18
11/27/2009,JEF,MO,ACE,CE,Federal Contract Tower,0,2,3,0,5,0,0,30,0,30,0,2,33,0,35,20,0,20,55
11/28/2009,JEF,MO,ACE,CE,Federal Contract Tower,0,2,9,0,11,0,0,30,0,30,0,2,39,0,41,24,0,24,65
11/29/2009,JEF,MO,ACE,CE,Federal Contract Tower,0,3,16,0,19,0,2,8,0,10,0,5,24,0,29,10,0,10,39
11/30/2009,JEF,MO,ACE,CE,Federal Contract Tower,0,2,8,0,10,0,0,34,3,37,0,2,42,3,47,8,24,32,79
12/01/2009,JEF,MO,ACE,CE,Federal Contract Tower,0,1,21,0,22,0,2,51,12,65,0,3,72,12,87,42,4,46,133
12/02/2009,JEF,MO,ACE,CE,Federal Contract Tower,0,0,26,0,26,0,1,4,4,9,0,1,30,4,35,0,0,0,35
12/03/2009,JEF,MO,ACE,CE,Federal Contract Tower,0,5,14,1,20,0,2,22,2,26,0,7,36,3,46,0,0,0,46
12/04/2009,JEF,MO,ACE,CE,Federal Contract Tower,0,4,13,2,19,0,3,26,5,34,0,7,39,7,53,14,0,14,67
12/05/2009,JEF,MO,ACE,CE,Federal Contract Tower,0,0,2,0,2,0,0,19,0,19,0,0,21,0,21,46,0,46,67
12/06/2009,JEF,MO,ACE,CE,Federal Contract Tower,0,0,17,5,22,0,2,18,3,23,0,2,35,8,45,22,0,22,67
12/07/2009,JEF,MO,ACE,CE,Federal Contract Tower,0,0,21,0,21,0,0,1,2,3,0,0,22,2,24,0,0,0,24
12/08/2009,JEF,MO,ACE,CE,Federal Contract Tower,0,1,6,0,7,0,0,0,0,0,0,1,6,0,7,0,0,0,7
12/09/2009,JEF,MO,ACE,CE,Federal Contract Tower,0,1,10,0,11,0,0,1,0,1,0,1,11,0,12,0,0,0,12
12/10/2009,JEF,MO,ACE,CE,Federal Contract Tower,0,0,25,2,27,0,0,30,4,34,0,0,55,6,61,12,0,12,73
12/11/2009,JEF,MO,ACE,CE,Federal Contract Tower,0,1,20,8,29,0,0,24,11,35,0,1,44,19,64,32,6,38,102
12/12/2009,JEF,MO,ACE,CE,Federal Contract Tower,0,0,14,2,16,0,0,15,10,25,0,0,29,12,41,26,0,26,67
12/13/2009,JEF,MO,ACE,CE,Federal Contract Tower,0,0,13,2,15,0,0,20,1,21,0,0,33,3,36,22,0,22,58
12/14/2009,JEF,MO,ACE,CE,Federal Contract Tower,0,0,14,0,14,0,0,0,2,2,0,0,14,2,16,0,0,0,16
12/15/2009,JEF,MO,ACE,CE,Federal Contract Tower,0,2,21,1,24,0,0,35,27,62,0,2,56,28,86,8,10,18,104
12/16/2009,JEF,MO,ACE,CE,Federal Contract Tower,0,3,17,0,20,0,0,28,6,34,0,3,45,6,54,10,8,18,72
12/17/2009,JEF,MO,ACE,CE,Federal Contract Tower,0,3,15,1,19,0,0,31,11,42,0,3,46,12,61,34,2,36,97
12/18/2009,JEF,MO,ACE,CE,Federal Contract Tower,0,2,23,0,25,0,0,8,0,8,0,2,31,0,33,6,0,6,39
12/19/2009,JEF,MO,ACE,CE,Federal Contract Tower,0,0,3,0,3,0,0,0,0,0,0,0,3,0,3,0,0,0,3
12/20/2009,JEF,MO,ACE,CE,Federal Contract Tower,0,0,6,3,9,0,0,7,1,8,0,0,13,4,17,8,0,8,25
12/21/2009,JEF,MO,ACE,CE,Federal Contract Tower,0,2,9,0,11,0,0,1,4,5,0,2,10,4,16,0,2,2,18
12/22/2009,JEF,MO,ACE,CE,Federal Contract Tower,0,1,9,0,10,0,0,11,5,16,0,1,20,5,26,2,0,2,28
12/23/2009,JEF,MO,ACE,CE,Federal Contract Tower,0,4,3,0,7,0,0,0,0,0,0,4,3,0,7,0,0,0,7
12/24/2009,JEF,MO,ACE,CE,Federal Contract Tower,0,0,4,0,4,0,0,0,0,0,0,0,4,0,4,0,0,0,4
12/25/2009,JEF,MO,ACE,CE,Federal Contract Tower,0,0,1,0,1,0,0,0,0,0,0,0,1,0,1,0,0,0,1
12/26/2009,JEF,MO,ACE,CE,Federal Contract Tower,0,0,8,0,8,0,0,0,0,0,0,0,8,0,8,0,0,0,8
12/27/2009,JEF,MO,ACE,CE,Federal Contract Tower,0,0,0,0,0,0,4,0,0,4,0,4,0,0,4,4,0,4,8
12/28/2009,JEF,MO,ACE,CE,Federal Contract Tower,0,4,9,0,13,0,4,40,7,51,0,8,49,7,64,28,16,44,108
12/29/2009,JEF,MO,ACE,CE,Federal Contract Tower,0,0,15,0,15,0,0,33,2,35,0,0,48,2,50,18,2,20,70
12/30/2009,JEF,MO,ACE,CE,Federal Contract Tower,0,2,18,0,20,0,0,0,0,0,0,2,18,0,20,0,0,0,20
12/31/2009,JEF,MO,ACE,CE,Federal Contract Tower,0,0,12,0,12,0,0,4,0,4,0,0,16,0,16,0,0,0,16
01/01/2010,JEF,MO,ACE,CE,Federal Contract Tower,0,2,1,0,3,0,0,11,0,11,0,2,12,0,14,14,0,14,28
01/02/2010,JEF,MO,ACE,CE,Federal Contract Tower,0,0,3,0,3,0,0,12,0,12,0,0,15,0,15,0,0,0,15
01/03/2010,JEF,MO,ACE,CE,Federal Contract Tower,0,1,7,0,8,0,0,3,0,3,0,1,10,0,11,0,0,0,11
01/04/2010,JEF,MO,ACE,CE,Federal Contract Tower,0,2,5,0,7,0,2,22,4,28,0,4,27,4,35,10,12,22,57
01/05/2010,JEF,MO,ACE,CE,Federal Contract Tower,0,3,16,0,19,0,0,34,9,43,0,3,50,9,62,6,0,6,68
01/06/2010,JEF,MO,ACE,CE,Federal Contract Tower,0,0,21,0,21,0,2,4,10,16,0,2,25,10,37,2,6,8,45
01/07/2010,JEF,MO,ACE,CE,Federal Contract Tower,0,0,6,0,6,0,0,0,0,0,0,0,6,0,6,0,0,0,6
01/08/2010,JEF,MO,ACE,CE,Federal Contract Tower,0,0,9,0,9,0,0,4,4,8,0,0,13,4,17,0,0,0,17
01/09/2010,JEF,MO,ACE,CE,Federal Contract Tower,0,0,6,0,6,0,0,5,0,5,0,0,11,0,11,0,0,0,11
01/10/2010,JEF,MO,ACE,CE,Federal Contract Tower,0,1,6,0,7,0,0,15,0,15,0,1,21,0,22,8,0,8,30
01/11/2010,JEF,MO,ACE,CE,Federal Contract Tower,0,2,8,2,12,0,2,12,0,14,0,4,20,2,26,6,0,6,32
01/12/2010,JEF,MO,ACE,CE,Federal Contract Tower,0,7,13,2,22,0,0,1,0,1,0,7,14,2,23,0,0,0,23
01/13/2010,JEF,MO,ACE,CE,Federal Contract Tower,0,1,25,0,26,0,0,29,1,30,0,1,54,1,56,8,0,8,64
01/14/2010,JEF,MO,ACE,CE,Federal Contract Tower,0,0,12,2,14,0,2,7,1,10,0,2,19,3,24,0,0,0,24
01/15/2010,JEF,MO,ACE,CE,Federal Contract Tower,0,0,13,0,13,0,0,1,0,1,0,0,14,0,14,0,0,0,14
01/16/2010,JEF,MO,ACE,CE,Federal Contract Tower,0,0,6,0,6,0,0,6,0,6,0,0,12,0,12,8,0,8,20
01/17/2010,JEF,MO,ACE,CE,Federal Contract Tower,0,0,6,0,6,0,0,0,0,0,0,0,6,0,6,0,0,0,6
01/18/2010,JEF,MO,ACE,CE,Federal Contract Tower,0,2,10,0,12,0,0,15,0,15,0,2,25,0,27,4,0,4,31
01/19/2010,JEF,MO,ACE,CE,Federal Contract Tower,0,0,15,2,17,0,0,13,4,17,0,0,28,6,34,2,24,26,60
01/20/2010,JEF,MO,ACE,CE,Federal Contract Tower,0,3,13,0,16,0,0,21,1,22,0,3,34,1,38,8,0,8,46
01/21/2010,JEF,MO,ACE,CE,Federal Contract Tower,0,0,21,2,23,0,0,0,0,0,0,0,21,2,23,0,0,0,23
01/22/2010,JEF,MO,ACE,CE,Federal Contract Tower,0,2,15,2,19,0,0,3,0,3,0,2,18,2,22,0,0,0,22
01/23/2010,JEF,MO,ACE,CE,Federal Contract Tower,0,0,5,0,5,0,0,0,0,0,0,0,5,0,5,0,0,0,5
01/24/2010,JEF,MO,ACE,CE,Federal Contract Tower,0,2,9,0,11,0,2,13,0,15,0,4,22,0,26,2,0,2,28
01/25/2010,JEF,MO,ACE,CE,Federal Contract Tower,0,1,13,0,14,0,0,3,2,5,0,1,16,2,19,0,2,2,21
01/26/2010,JEF,MO,ACE,CE,Federal Contract Tower,0,1,14,0,15,0,1,27,10,38,0,2,41,10,53,16,0,16,69
01/27/2010,JEF,MO,ACE,CE,Federal Contract Tower,0,1,31,0,32,0,0,3,2,5,0,1,34,2,37,0,0,0,37
01/28/2010,JEF,MO,ACE,CE,Federal Contract Tower,0,0,22,0,22,0,0,16,5,21,0,0,38,5,43,18,0,18,61
01/29/2010,JEF,MO,ACE,CE,Federal Contract Tower,0,0,10,0,10,0,0,1,0,1,0,0,11,0,11,0,0,0,11
01/30/2010,JEF,MO,ACE,CE,Federal Contract Tower,0,0,4,0,4,0,1,20,0,21,0,1,24,0,25,20,0,20,45
01/31/2010,JEF,MO,ACE,CE,Federal Contract Tower,0,1,11,0,12,0,2,39,0,41,0,3,50,0,53,10,0,10,63
02/01/2010,JEF,MO,ACE,CE,Federal Contract Tower,0,4,14,0,18,0,0,15,2,17,0,4,29,2,35,8,2,10,45
02/02/2010,JEF,MO,ACE,CE,Federal Contract Tower,0,0,16,0,16,0,0,10,8,18,0,0,26,8,34,26,0,26,60
02/03/2010,JEF,MO,ACE,CE,Federal Contract Tower,0,2,17,2,21,0,5,31,7,43,0,7,48,9,64,26,0,26,90
02/04/2010,JEF,MO,ACE,CE,Federal Contract Tower,0,2,21,1,24,0,2,19,7,28,0,4,40,8,52,4,2,6,58
02/05/2010,JEF,MO,ACE,CE,Federal Contract Tower,0,3,7,0,10,0,0,0,0,0,0,3,7,0,10,0,0,0,10
02/06/2010,JEF,MO,ACE,CE,Federal Contract Tower,0,0,2,0,2,0,0,4,2,6,0,0,6,2,8,0,0,0,8
02/07/2010,JEF,MO,ACE,CE,Federal Contract Tower,0,1,5,0,6,0,2,22,8,32,0,3,27,8,38,50,2,52,90
02/08/2010,JEF,MO,ACE,CE,Federal Contract Tower,0,0,5,0,5,0,0,3,0,3,0,0,8,0,8,0,0,0,8
02/09/2010,JEF,MO,ACE,CE,Federal Contract Tower,0,2,11,0,13,0,0,11,5,16,0,2,22,5,29,12,0,12,41
02/10/2010,JEF,MO,ACE,CE,Federal Contract Tower,0,2,17,0,19,0,2,26,5,33,0,4,43,5,52,8,0,8,60
02/11/2010,JEF,MO,ACE,CE,Federal Contract Tower,0,3,17,0,20,0,2,19,12,33,0,5,36,12,53,10,2,12,65
02/12/2010,JEF,MO,ACE,CE,Federal Contract Tower,0,0,9,0,9,0,0,2,1,3,0,0,11,1,12,0,0,0,12
02/13/2010,JEF,MO,ACE,CE,Federal Contract Tower,0,2,6,0,8,0,0,9,0,9,0,2,15,0,17,6,0,6,23
02/14/2010,JEF,MO,ACE,CE,Federal Contract Tower,0,0,4,0,4,0,0,1,0,1,0,0,5,0,5,12,0,12,17
02/15/2010,JEF,MO,ACE,CE,Federal Contract Tower,0,1,9,0,10,0,0,3,0,3,0,1,12,0,13,0,0,0,13
02/16/2010,JEF,MO,ACE,CE,Federal Contract Tower,0,1,22,0,23,0,2,23,14,39,0,3,45,14,62,30,0,30,92
02/17/2010,JEF,MO,ACE,CE,Federal Contract Tower,0,1,28,0,29,0,2,44,9,55,0,3,72,9,84,30,0,30,114
02/18/2010,JEF,MO,ACE,CE,Federal Contract Tower,0,6,16,2,24,0,4,39,10,53,0,10,55,12,77,22,4,26,103
02/19/2010,JEF,MO,ACE,CE,Federal Contract Tower,0,0,11,2,13,0,0,16,3,19,0,0,27,5,32,12,14,26,58
02/20/2010,JEF,MO,ACE,CE,Federal Contract Tower,0,0,5,0,5,0,0,7,9,16,0,0,12,9,21,0,0,0,21
02/21/2010,JEF,MO,ACE,CE,Federal Contract Tower,0,0,2,0,2,0,0,0,0,0,0,0,2,0,2,0,0,0,2
02/22/2010,JEF,MO,ACE,CE,Federal Contract Tower,0,2,18,0,20,0,0,25,2,27,0,2,43,2,47,14,10,24,71
02/23/2010,JEF,MO,ACE,CE,Federal Contract Tower,0,1,27,0,28,0,5,38,10,53,0,6,65,10,81,6,34,40,121
02/24/2010,JEF,MO,ACE,CE,Federal Contract Tower,0,2,15,0,17,0,7,26,0,33,0,9,41,0,50,20,0,20,70
02/25/2010,JEF,MO,ACE,CE,Federal Contract Tower,0,2,23,0,25,0,4,46,18,68,0,6,69,18,93,38,8,46,139
02/26/2010,JEF,MO,ACE,CE,Federal Contract Tower,0,2,18,6,26,0,2,45,2,49,0,4,63,8,75,52,0,52,127
02/27/2010,JEF,MO,ACE,CE,Federal Contract Tower,0,1,5,0,6,0,4,40,0,44,0,5,45,0,50,56,0,56,106
02/28/2010,JEF,MO,ACE,CE,Federal Contract Tower,0,0,10,0,10,0,3,66,0,69,0,3,76,0,79,54,0,54,133
03/01/2010,JEF,MO,ACE,CE,Federal Contract Tower,0,2,23,0,25,0,0,23,4,27,0,2,46,4,52,0,0,0,52
03/02/2010,JEF,MO,ACE,CE,Federal Contract Tower,0,0,18,0,18,0,0,11,11,22,0,0,29,11,40,34,2,36,76
03/03/2010,JEF,MO,ACE,CE,Federal Contract Tower,0,0,17,0,17,0,0,34,5,39,0,0,51,5,56,50,10,60,116
03/04/2010,JEF,MO,ACE,CE,Federal Contract Tower,0,4,14,0,18,0,2,37,10,49,0,6,51,10,67,28,4,32,99
03/05/2010,JEF,MO,ACE,CE,Federal Contract Tower,0,3,17,0,20,0,3,36,6,45,0,6,53,6,65,50,8,58,123
03/06/2010,JEF,MO,ACE,CE,Federal Contract Tower,0,0,7,0,7,0,2,28,0,30,0,2,35,0,37,60,0,60,97
03/07/2010,JEF,MO,ACE,CE,Federal Contract Tower,0,3,12,0,15,0,0,12,0,12,0,3,24,0,27,34,0,34,61
03/08/2010,JEF,MO,ACE,CE,Federal Contract Tower,0,0,26,0,26,0,2,31,9,42,0,2,57,9,68,10,2,12,80
03/09/2010,JEF,MO,ACE,CE,Federal Contract Tower,0,0,11,0,11,0,1,14,0,15,0,1,25,0,26,2,0,2,28
03/10/2010,JEF,MO,ACE,CE,Federal Contract Tower,0,3,26,0,29,0,0,31,4,35,0,3,57,4,64,2,0,2,66
03/11/2010,JEF,MO,ACE,CE,Federal Contract Tower,0,1,24,0,25,0,0,13,7,20,0,1,37,7,45,2,2,4,49
03/12/2010,JEF,MO,ACE,CE,Federal Contract Tower,0,0,16,0,16,0,0,11,4,15,0,0,27,4,31,40,4,44,75
03/13/2010,JEF,MO,ACE,CE,Federal Contract Tower,0,4,4,3,11,0,0,0,0,0,0,4,4,3,11,0,0,0,11
03/14/2010,JEF,MO,ACE,CE,Federal Contract Tower,0,2,4,0,6,0,0,0,0,0,0,2,4,0,6,0,0,0,6
03/15/2010,JEF,MO,ACE,CE,Federal Contract Tower,0,2,27,0,29,0,0,20,0,20,0,2,47,0,49,24,0,24,73
03/16/2010,JEF,MO,ACE,CE,Federal Contract Tower,0,1,20,0,21,0,0,0,0,0,0,1,20,0,21,0,0,0,21
03/17/2010,JEF,MO,ACE,CE,Federal Contract Tower,0,0,31,0,31,0,0,1,0,1,0,0,32,0,32,0,0,0,32
03/18/2010,JEF,MO,ACE,CE,Federal Contract Tower,0,0,26,0,26,0,6,61,2,69,0,6,87,2,95,40,2,42,137
03/19/2010,JEF,MO,ACE,CE,Federal Contract Tower,0,2,14,0,16,0,2,37,0,39,0,4,51,0,55,48,0,48,103
03/20/2010,JEF,MO,ACE,CE,Federal Contract Tower,0,0,0,0,0,0,0,0,0,0,0,0,0,0,0,0,0,0,0
03/21/2010,JEF,MO,ACE,CE,Federal Contract Tower,0,2,6,0,8,0,0,4,0,4,0,2,10,0,12,0,0,0,12
03/22/2010,JEF,MO,ACE,CE,Federal Contract Tower,0,0,23,0,23,0,2,38,2,42,0,2,61,2,65,76,0,76,141
03/23/2010,JEF,MO,ACE,CE,Federal Contract Tower,0,2,28,0,30,0,5,57,18,80,0,7,85,18,110,62,34,96,206
03/24/2010,JEF,MO,ACE,CE,Federal Contract Tower,0,9,30,0,39,0,0,39,8,47,0,9,69,8,86,26,2,28,114
03/25/2010,JEF,MO,ACE,CE,Federal Contract Tower,0,2,16,0,18,0,0,4,0,4,0,2,20,0,22,0,0,0,22
03/26/2010,JEF,MO,ACE,CE,Federal Contract Tower,0,3,12,0,15,0,2,37,1,40,0,5,49,1,55,78,0,78,133
03/27/2010,JEF,MO,ACE,CE,Federal Contract Tower,0,1,9,0,10,0,0,16,1,17,0,1,25,1,27,32,0,32,59
03/28/2010,JEF,MO,ACE,CE,Federal Contract Tower,0,1,8,0,9,0,0,15,0,15,0,1,23,0,24,2,0,2,26
03/29/2010,JEF,MO,ACE,CE,Federal Contract Tower,0,1,17,8,26,0,0,44,6,50,0,1,61,14,76,44,0,44,120
03/30/2010,JEF,MO,ACE,CE,Federal Contract Tower,0,1,12,0,13,0,2,36,4,42,0,3,48,4,55,10,0,10,65
03/31/2010,JEF,MO,ACE,CE,Federal Contract Tower,0,0,16,0,16,0,2,27,6,35,0,2,43,6,51,46,0,46,97
04/01/2010,JEF,MO,ACE,CE,Federal Contract Tower,0,2,23,0,25,0,0,22,6,28,0,2,45,6,53,46,2,48,101
04/02/2010,JEF,MO,ACE,CE,Federal Contract Tower,0,0,12,0,12,0,0,10,0,10,0,0,22,0,22,14,0,14,36
04/03/2010,JEF,MO,ACE,CE,Federal Contract Tower,0,0,4,0,4,0,0,34,0,34,0,0,38,0,38,12,0,12,50
04/04/2010,JEF,MO,ACE,CE,Federal Contract Tower,0,0,7,0,7,0,0,5,0,5,0,0,12,0,12,6,0,6,18
04/05/2010,JEF,MO,ACE,CE,Federal Contract Tower,0,2,25,0,27,0,4,13,5,22,0,6,38,5,49,58,2,60,109
04/06/2010,JEF,MO,ACE,CE,Federal Contract Tower,0,0,20,0,20,0,0,14,8,22,0,0,34,8,42,8,4,12,54
04/07/2010,JEF,MO,ACE,CE,Federal Contract Tower,0,0,27,1,28,0,0,13,2,15,0,0,40,3,43,4,0,4,47
04/08/2010,JEF,MO,ACE,CE,Federal Contract Tower,0,6,21,0,27,0,4,40,3,47,0,10,61,3,74,76,0,76,150
04/09/2010,JEF,MO,ACE,CE,Federal Contract Tower,0,2,6,0,8,0,1,28,13,42,0,3,34,13,50,70,20,90,140
04/10/2010,JEF,MO,ACE,CE,Federal Contract Tower,0,2,2,2,6,0,0,27,7,34,0,2,29,9,40,42,0,42,82
04/11/2010,JEF,MO,ACE,CE,Federal Contract Tower,0,2,13,0,15,0,0,69,10,79,0,2,82,10,94,72,2,74,168
04/12/2010,JEF,MO,ACE,CE,Federal Contract Tower,0,1,9,0,10,0,0,47,2,49,0,1,56,2,59,44,0,44,103
04/13/2010,JEF,MO,ACE,CE,Federal Contract Tower,0,2,19,0,21,0,4,32,2,38,0,6,51,2,59,72,0,72,131
04/14/2010,JEF,MO,ACE,CE,Federal Contract Tower,0,0,18,0,18,0,0,47,0,47,0,0,65,0,65,62,0,62,127
04/15/2010,JEF,MO,ACE,CE,Federal Contract Tower,0,2,18,3,23,0,2,38,8,48,0,4,56,11,71,90,10,100,171
04/16/2010,JEF,MO,ACE,CE,Federal Contract Tower,0,0,18,0,18,0,0,15,5,20,0,0,33,5,38,64,0,64,102
04/17/2010,JEF,MO,ACE,CE,Federal Contract Tower,0,0,4,0,4,0,2,39,5,46,0,2,43,5,50,22,0,22,72
04/18/2010,JEF,MO,ACE,CE,Federal Contract Tower,0,2,7,0,9,0,0,41,0,41,0,2,48,0,50,20,0,20,70
04/19/2010,JEF,MO,ACE,CE,Federal Contract Tower,0,0,14,0,14,0,0,31,6,37,0,0,45,6,51,52,4,56,107
04/20/2010,JEF,MO,ACE,CE,Federal Contract Tower,0,2,21,0,23,0,5,47,8,60,0,7,68,8,83,70,6,76,159
04/21/2010,JEF,MO,ACE,CE,Federal Contract Tower,0,1,16,0,17,0,1,24,1,26,0,2,40,1,43,78,0,78,121
04/22/2010,JEF,MO,ACE,CE,Federal Contract Tower,0,4,20,0,24,0,0,6,6,12,0,4,26,6,36,0,14,14,50
04/23/2010,JEF,MO,ACE,CE,Federal Contract Tower,0,0,15,0,15,0,0,12,0,12,0,0,27,0,27,24,0,24,51
04/24/2010,JEF,MO,ACE,CE,Federal Contract Tower,0,0,1,0,1,0,0,2,0,2,0,0,3,0,3,0,0,0,3
04/25/2010,JEF,MO,ACE,CE,Federal Contract Tower,0,1,7,0,8,0,0,0,0,0,0,1,7,0,8,0,0,0,8
04/26/2010,JEF,MO,ACE,CE,Federal Contract Tower,0,2,22,1,25,0,0,7,4,11,0,2,29,5,36,0,6,6,42
04/27/2010,JEF,MO,ACE,CE,Federal Contract Tower,0,2,20,2,24,0,0,28,9,37,0,2,48,11,61,16,16,32,93
04/28/2010,JEF,MO,ACE,CE,Federal Contract Tower,0,2,11,0,13,0,2,36,4,42,0,4,47,4,55,32,0,32,87
04/29/2010,JEF,MO,ACE,CE,Federal Contract Tower,0,0,21,1,22,0,4,14,16,34,0,4,35,17,56,6,4,10,66
04/30/2010,JEF,MO,ACE,CE,Federal Contract Tower,0,3,6,0,9,0,0,1,7,8,0,3,7,7,17,8,0,8,25
05/01/2010,JEF,MO,ACE,CE,Federal Contract Tower,0,2,11,0,13,0,0,15,3,18,0,2,26,3,31,16,0,16,47
05/02/2010,JEF,MO,ACE,CE,Federal Contract Tower,0,1,9,0,10,0,0,28,0,28,0,1,37,0,38,2,0,2,40
05/03/2010,JEF,MO,ACE,CE,Federal Contract Tower,0,2,16,2,20,0,2,37,0,39,0,4,53,2,59,34,0,34,93
05/04/2010,JEF,MO,ACE,CE,Federal Contract Tower,0,1,24,0,25,0,2,49,0,51,0,3,73,0,76,16,0,16,92
05/05/2010,JEF,MO,ACE,CE,Federal Contract Tower,0,2,20,1,23,0,0,28,4,32,0,2,48,5,55,14,0,14,69
05/06/2010,JEF,MO,ACE,CE,Federal Contract Tower,0,0,16,0,16,0,2,45,4,51,0,2,61,4,67,10,0,10,77
05/07/2010,JEF,MO,ACE,CE,Federal Contract Tower,0,0,16,0,16,0,0,18,7,25,0,0,34,7,41,6,0,6,47
05/08/2010,JEF,MO,ACE,CE,Federal Contract Tower,0,0,17,0,17,0,0,9,0,9,0,0,26,0,26,0,0,0,26
05/09/2010,JEF,MO,ACE,CE,Federal Contract Tower,0,1,10,0,11,0,0,27,0,27,0,1,37,0,38,4,0,4,42
05/10/2010,JEF,MO,ACE,CE,Federal Contract Tower,0,2,16,0,18,0,0,4,1,5,0,2,20,1,23,0,0,0,23
05/11/2010,JEF,MO,ACE,CE,Federal Contract Tower,0,1,30,0,31,0,0,9,6,15,0,1,39,6,46,22,4,26,72
05/12/2010,JEF,MO,ACE,CE,Federal Contract Tower,0,3,23,2,28,0,0,11,4,15,0,3,34,6,43,18,0,18,61
05/13/2010,JEF,MO,ACE,CE,Federal Contract Tower,0,2,21,3,26,0,0,4,0,4,0,2,25,3,30,0,0,0,30
05/14/2010,JEF,MO,ACE,CE,Federal Contract Tower,0,4,16,0,20,0,0,29,2,31,0,4,45,2,51,4,2,6,57
05/15/2010,JEF,MO,ACE,CE,Federal Contract Tower,0,0,6,0,6,0,0,0,0,0,0,0,6,0,6,0,0,0,6
05/16/2010,JEF,MO,ACE,CE,Federal Contract Tower,0,3,7,0,10,0,0,1,0,1,0,3,8,0,11,0,0,0,11
05/17/2010,JEF,MO,ACE,CE,Federal Contract Tower,0,5,16,2,23,0,0,2,4,6,0,5,18,6,29,2,12,14,43
05/18/2010,JEF,MO,ACE,CE,Federal Contract Tower,0,4,15,0,19,0,0,42,4,46,0,4,57,4,65,16,2,18,83
05/19/2010,JEF,MO,ACE,CE,Federal Contract Tower,0,0,20,0,20,0,0,14,1,15,0,0,34,1,35,0,0,0,35
05/20/2010,JEF,MO,ACE,CE,Federal Contract Tower,0,3,22,4,29,0,0,0,14,14,0,3,22,18,43,2,24,26,69
05/21/2010,JEF,MO,ACE,CE,Federal Contract Tower,0,3,26,1,30,0,1,23,7,31,0,4,49,8,61,8,0,8,69
05/22/2010,JEF,MO,ACE,CE,Federal Contract Tower,0,0,15,0,15,0,0,37,0,37,0,0,52,0,52,26,0,26,78
05/23/2010,JEF,MO,ACE,CE,Federal Contract Tower,0,0,19,0,19,0,0,33,0,33,0,0,52,0,52,8,0,8,60
05/24/2010,JEF,MO,ACE,CE,Federal Contract Tower,0,0,8,0,8,0,2,44,4,50,0,2,52,4,58,40,0,40,98
05/25/2010,JEF,MO,ACE,CE,Federal Contract Tower,0,6,22,0,28,0,2,36,4,42,0,8,58,4,70,34,0,34,104
05/26/2010,JEF,MO,ACE,CE,Federal Contract Tower,0,0,17,0,17,0,0,30,8,38,0,0,47,8,55,0,2,2,57
05/27/2010,JEF,MO,ACE,CE,Federal Contract Tower,0,3,20,0,23,0,2,38,4,44,0,5,58,4,67,12,0,12,79
05/28/2010,JEF,MO,ACE,CE,Federal Contract Tower,0,4,34,0,38,0,1,41,2,44,0,5,75,2,82,24,0,24,106
05/29/2010,JEF,MO,ACE,CE,Federal Contract Tower,0,1,5,0,6,0,0,42,0,42,0,1,47,0,48,74,0,74,122
05/30/2010,JEF,MO,ACE,CE,Federal Contract Tower,0,0,3,0,3,0,0,37,0,37,0,0,40,0,40,8,0,8,48
05/31/2010,JEF,MO,ACE,CE,Federal Contract Tower,0,0,17,7,24,0,4,31,3,38,0,4,48,10,62,0,14,14,76
06/01/2010,JEF,MO,ACE,CE,Federal Contract Tower,0,0,19,1,20,0,0,38,11,49,0,0,57,12,69,0,2,2,71
06/02/2010,JEF,MO,ACE,CE,Federal Contract Tower,0,0,22,0,22,0,0,21,7,28,0,0,43,7,50,2,0,2,52
06/03/2010,JEF,MO,ACE,CE,Federal Contract Tower,0,2,25,1,28,0,2,41,3,46,0,4,66,4,74,22,2,24,98
06/04/2010,JEF,MO,ACE,CE,Federal Contract Tower,0,1,11,0,12,0,0,28,16,44,0,1,39,16,56,34,4,38,94
06/05/2010,JEF,MO,ACE,CE,Federal Contract Tower,0,0,15,0,15,0,0,21,10,31,0,0,36,10,46,30,0,30,76
06/06/2010,JEF,MO,ACE,CE,Federal Contract Tower,0,0,5,0,5,0,0,34,4,38,0,0,39,4,43,30,0,30,73
06/07/2010,JEF,MO,ACE,CE,Federal Contract Tower,0,2,14,0,16,0,0,33,15,48,0,2,47,15,64,30,12,42,106
06/08/2010,JEF,MO,ACE,CE,Federal Contract Tower,0,0,8,0,8,0,0,13,4,17,0,0,21,4,25,24,0,24,49
06/09/2010,JEF,MO,ACE,CE,Federal Contract Tower,0,2,29,0,31,0,0,37,6,43,0,2,66,6,74,66,12,78,152
06/10/2010,JEF,MO,ACE,CE,Federal Contract Tower,0,2,17,0,19,0,2,38,5,45,0,4,55,5,64,28,12,40,104
06/11/2010,JEF,MO,ACE,CE,Federal Contract Tower,0,2,23,2,27,0,0,8,2,10,0,2,31,4,37,0,0,0,37
06/12/2010,JEF,MO,ACE,CE,Federal Contract Tower,0,0,4,0,4,0,0,16,12,28,0,0,20,12,32,32,0,32,64
06/13/2010,JEF,MO,ACE,CE,Federal Contract Tower,0,0,14,0,14,0,2,13,6,21,0,2,27,6,35,2,0,2,37
06/14/2010,JEF,MO,ACE,CE,Federal Contract Tower,0,2,5,0,7,0,0,21,12,33,0,2,26,12,40,0,16,16,56
06/15/2010,JEF,MO,ACE,CE,Federal Contract Tower,0,0,10,0,10,0,0,26,4,30,0,0,36,4,40,0,0,0,40
06/16/2010,JEF,MO,ACE,CE,Federal Contract Tower,0,2,8,0,10,0,0,44,1,45,0,2,52,1,55,46,0,46,101
06/17/2010,JEF,MO,ACE,CE,Federal Contract Tower,0,7,14,4,25,0,0,24,16,40,0,7,38,20,65,20,4,24,89
06/18/2010,JEF,MO,ACE,CE,Federal Contract Tower,0,0,11,0,11,0,0,20,2,22,0,0,31,2,33,6,0,6,39
06/19/2010,JEF,MO,ACE,CE,Federal Contract Tower,0,0,4,2,6,0,2,19,16,37,0,2,23,18,43,14,0,14,57
06/20/2010,JEF,MO,ACE,CE,Federal Contract Tower,0,0,6,0,6,0,0,38,0,38,0,0,44,0,44,20,0,20,64
06/21/2010,JEF,MO,ACE,CE,Federal Contract Tower,0,0,24,0,24,0,0,32,10,42,0,0,56,10,66,16,16,32,98
06/22/2010,JEF,MO,ACE,CE,Federal Contract Tower,0,4,21,0,25,0,2,32,8,42,0,6,53,8,67,18,2,20,87
06/23/2010,JEF,MO,ACE,CE,Federal Contract Tower,0,2,14,0,16,0,0,21,4,25,0,2,35,4,41,6,0,6,47
06/24/2010,JEF,MO,ACE,CE,Federal Contract Tower,0,0,20,0,20,0,0,23,6,29,0,0,43,6,49,28,0,28,77
06/25/2010,JEF,MO,ACE,CE,Federal Contract Tower,0,0,12,1,13,0,0,42,3,45,0,0,54,4,58,34,0,34,92
06/26/2010,JEF,MO,ACE,CE,Federal Contract Tower,0,1,8,4,13,0,0,24,2,26,0,1,32,6,39,28,0,28,67
06/27/2010,JEF,MO,ACE,CE,Federal Contract Tower,0,0,3,0,3,0,0,4,0,4,0,0,7,0,7,0,0,0,7
06/28/2010,JEF,MO,ACE,CE,Federal Contract Tower,0,5,14,11,30,0,0,36,10,46,0,5,50,21,76,2,58,60,136
06/29/2010,JEF,MO,ACE,CE,Federal Contract Tower,0,1,18,2,21,0,0,46,6,52,0,1,64,8,73,68,2,70,143
06/30/2010,JEF,MO,ACE,CE,Federal Contract Tower,0,2,23,0,25,0,0,40,0,40,0,2,63,0,65,20,0,20,85
07/01/2010,JEF,MO,ACE,CE,Federal Contract Tower,0,0,30,0,30,0,2,44,5,51,0,2,74,5,81,20,0,20,101
07/02/2010,JEF,MO,ACE,CE,Federal Contract Tower,0,0,8,1,9,0,0,35,1,36,0,0,43,2,45,28,2,30,75
07/03/2010,JEF,MO,ACE,CE,Federal Contract Tower,0,0,4,0,4,0,0,53,0,53,0,0,57,0,57,42,0,42,99
07/04/2010,JEF,MO,ACE,CE,Federal Contract Tower,0,0,5,0,5,0,0,13,0,13,0,0,18,0,18,0,0,0,18
07/05/2010,JEF,MO,ACE,CE,Federal Contract Tower,0,1,7,0,8,0,4,25,0,29,0,5,32,0,37,0,0,0,37
07/06/2010,JEF,MO,ACE,CE,Federal Contract Tower,0,2,8,0,10,0,2,27,2,31,0,4,35,2,41,38,0,38,79
07/07/2010,JEF,MO,ACE,CE,Federal Contract Tower,0,0,23,2,25,0,1,19,0,20,0,1,42,2,45,10,0,10,55
07/08/2010,JEF,MO,ACE,CE,Federal Contract Tower,0,0,13,0,13,0,0,7,2,9,0,0,20,2,22,0,0,0,22
07/09/2010,JEF,MO,ACE,CE,Federal Contract Tower,0,1,22,1,24,0,0,31,7,38,0,1,53,8,62,12,0,12,74
07/10/2010,JEF,MO,ACE,CE,Federal Contract Tower,0,0,7,3,10,0,2,38,0,40,0,2,45,3,50,10,2,12,62
07/11/2010,JEF,MO,ACE,CE,Federal Contract Tower,0,0,10,0,10,0,0,20,0,20,0,0,30,0,30,4,0,4,34
07/12/2010,JEF,MO,ACE,CE,Federal Contract Tower,0,1,13,0,14,0,0,29,6,35,0,1,42,6,49,56,0,56,105
07/13/2010,JEF,MO,ACE,CE,Federal Contract Tower,0,4,23,1,28,0,0,42,7,49,0,4,65,8,77,16,0,16,93
07/14/2010,JEF,MO,ACE,CE,Federal Contract Tower,0,2,13,0,15,0,0,35,5,40,0,2,48,5,55,20,0,20,75
07/15/2010,JEF,MO,ACE,CE,Federal Contract Tower,0,0,19,0,19,0,1,30,4,35,0,1,49,4,54,26,0,26,80
07/16/2010,JEF,MO,ACE,CE,Federal Contract Tower,0,0,17,0,17,0,0,26,17,43,0,0,43,17,60,2,0,2,62
07/17/2010,JEF,MO,ACE,CE,Federal Contract Tower,0,0,3,0,3,0,0,44,0,44,0,0,47,0,47,24,0,24,71
07/18/2010,JEF,MO,ACE,CE,Federal Contract Tower,0,0,9,3,12,0,0,28,1,29,0,0,37,4,41,32,2,34,75
07/19/2010,JEF,MO,ACE,CE,Federal Contract Tower,0,0,29,0,29,0,6,34,1,41,0,6,63,1,70,58,0,58,128
07/20/2010,JEF,MO,ACE,CE,Federal Contract Tower,0,4,23,0,27,0,0,29,1,30,0,4,52,1,57,14,0,14,71
07/21/2010,JEF,MO,ACE,CE,Federal Contract Tower,0,2,23,0,25,0,0,25,0,25,0,2,48,0,50,24,0,24,74
07/22/2010,JEF,MO,ACE,CE,Federal Contract Tower,0,8,9,0,17,0,0,35,5,40,0,8,44,5,57,10,0,10,67
07/23/2010,JEF,MO,ACE,CE,Federal Contract Tower,0,3,19,0,22,0,6,41,11,58,0,9,60,11,80,16,8,24,104
07/24/2010,JEF,MO,ACE,CE,Federal Contract Tower,0,0,13,0,13,0,0,30,6,36,0,0,43,6,49,36,0,36,85
07/25/2010,JEF,MO,ACE,CE,Federal Contract Tower,0,1,17,0,18,0,0,31,0,31,0,1,48,0,49,18,0,18,67
07/26/2010,JEF,MO,ACE,CE,Federal Contract Tower,0,0,6,0,6,0,0,25,1,26,0,0,31,1,32,14,0,14,46
07/27/2010,JEF,MO,ACE,CE,Federal Contract Tower,0,0,21,0,21,0,0,33,8,41,0,0,54,8,62,58,0,58,120
07/28/2010,JEF,MO,ACE,CE,Federal Contract Tower,0,7,8,0,15,0,0,38,2,40,0,7,46,2,55,34,10,44,99
07/29/2010,JEF,MO,ACE,CE,Federal Contract Tower,0,5,13,0,18,0,0,33,8,41,0,5,46,8,59,14,2,16,75
07/30/2010,JEF,MO,ACE,CE,Federal Contract Tower,0,0,27,0,27,0,2,10,8,20,0,2,37,8,47,32,0,32,79
07/31/2010,JEF,MO,ACE,CE,Federal Contract Tower,0,0,15,0,15,0,0,27,2,29,0,0,42,2,44,4,10,14,58
08/01/2010,JEF,MO,ACE,CE,Federal Contract Tower,0,0,9,0,9,0,0,54,0,54,0,0,63,0,63,20,0,20,83
08/02/2010,JEF,MO,ACE,CE,Federal Contract Tower,0,0,17,0,17,0,0,49,5,54,0,0,66,5,71,16,0,16,87
08/03/2010,JEF,MO,ACE,CE,Federal Contract Tower,0,0,13,0,13,0,2,49,4,55,0,2,62,4,68,2,2,4,72
08/04/2010,JEF,MO,ACE,CE,Federal Contract Tower,0,0,10,0,10,0,2,33,4,39,0,2,43,4,49,0,0,0,49
08/05/2010,JEF,MO,ACE,CE,Federal Contract Tower,0,1,13,1,15,0,2,31,5,38,0,3,44,6,53,12,22,34,87
08/06/2010,JEF,MO,ACE,CE,Federal Contract Tower,0,3,17,4,24,0,4,39,5,48,0,7,56,9,72,68,16,84,156
08/07/2010,JEF,MO,ACE,CE,Federal Contract Tower,0,1,6,0,7,0,0,22,2,24,0,1,28,2,31,46,0,46,77
08/08/2010,JEF,MO,ACE,CE,Federal Contract Tower,0,0,13,0,13,0,0,27,0,27,0,0,40,0,40,8,0,8,48
08/09/2010,JEF,MO,ACE,CE,Federal Contract Tower,0,2,10,0,12,0,0,36,6,42,0,2,46,6,54,54,48,102,156
08/10/2010,JEF,MO,ACE,CE,Federal Contract Tower,0,0,11,2,13,0,0,38,3,41,0,0,49,5,54,10,12,22,76
08/11/2010,JEF,MO,ACE,CE,Federal Contract Tower,0,2,20,1,23,0,0,37,1,38,0,2,57,2,61,2,0,2,63
08/12/2010,JEF,MO,ACE,CE,Federal Contract Tower,0,1,13,0,14,0,0,27,8,35,0,1,40,8,49,8,0,8,57
08/13/2010,JEF,MO,ACE,CE,Federal Contract Tower,0,1,17,2,20,0,0,35,8,43,0,1,52,10,63,18,0,18,81
08/14/2010,JEF,MO,ACE,CE,Federal Contract Tower,0,0,12,0,12,0,0,27,2,29,0,0,39,2,41,12,0,12,53
08/15/2010,JEF,MO,ACE,CE,Federal Contract Tower,0,0,18,0,18,0,0,34,0,34,0,0,52,0,52,118,0,118,170
08/16/2010,JEF,MO,ACE,CE,Federal Contract Tower,0,0,20,0,20,0,0,39,2,41,0,0,59,2,61,22,2,24,85
08/17/2010,JEF,MO,ACE,CE,Federal Contract Tower,0,0,21,5,26,0,0,36,7,43,0,0,57,12,69,38,2,40,109
08/18/2010,JEF,MO,ACE,CE,Federal Contract Tower,0,0,14,2,16,0,0,40,3,43,0,0,54,5,59,74,10,84,143
08/19/2010,JEF,MO,ACE,CE,Federal Contract Tower,0,2,13,4,19,0,3,31,14,48,0,5,44,18,67,8,0,8,75
08/20/2010,JEF,MO,ACE,CE,Federal Contract Tower,0,0,11,0,11,0,0,24,6,30,0,0,35,6,41,16,0,16,57
08/21/2010,JEF,MO,ACE,CE,Federal Contract Tower,0,0,3,0,3,0,1,19,0,20,0,1,22,0,23,22,0,22,45
08/22/2010,JEF,MO,ACE,CE,Federal Contract Tower,0,0,14,4,18,0,2,24,0,26,0,2,38,4,44,0,0,0,44
08/23/2010,JEF,MO,ACE,CE,Federal Contract Tower,0,1,13,0,14,0,0,53,12,65,0,1,66,12,79,68,2,70,149
08/24/2010,JEF,MO,ACE,CE,Federal Contract Tower,0,1,16,3,20,0,0,34,4,38,0,1,50,7,58,30,0,30,88
08/25/2010,JEF,MO,ACE,CE,Federal Contract Tower,0,0,18,0,18,0,0,46,2,48,0,0,64,2,66,10,0,10,76
08/26/2010,JEF,MO,ACE,CE,Federal Contract Tower,0,2,35,2,39,0,0,35,4,39,0,2,70,6,78,4,0,4,82
08/27/2010,JEF,MO,ACE,CE,Federal Contract Tower,0,2,14,2,18,0,0,29,7,36,0,2,43,9,54,26,0,26,80
08/28/2010,JEF,MO,ACE,CE,Federal Contract Tower,0,0,13,0,13,0,0,32,0,32,0,0,45,0,45,14,0,14,59
08/29/2010,JEF,MO,ACE,CE,Federal Contract Tower,0,3,5,0,8,0,2,31,0,33,0,5,36,0,41,12,0,12,53
08/30/2010,JEF,MO,ACE,CE,Federal Contract Tower,0,0,19,2,21,0,2,9,8,19,0,2,28,10,40,0,0,0,40
08/31/2010,JEF,MO,ACE,CE,Federal Contract Tower,0,2,21,2,25,0,0,33,3,36,0,2,54,5,61,12,4,16,77
09/01/2010,JEF,MO,ACE,CE,Federal Contract Tower,0,3,28,6,37,0,0,2,0,2,0,3,30,6,39,0,0,0,39
09/02/2010,JEF,MO,ACE,CE,Federal Contract Tower,0,3,27,0,30,0,0,17,9,26,0,3,44,9,56,10,2,12,68
09/03/2010,JEF,MO,ACE,CE,Federal Contract Tower,0,0,24,2,26,0,2,32,5,39,0,2,56,7,65,18,0,18,83
09/04/2010,JEF,MO,ACE,CE,Federal Contract Tower,0,0,3,0,3,0,0,26,0,26,0,0,29,0,29,24,0,24,53
09/05/2010,JEF,MO,ACE,CE,Federal Contract Tower,0,0,5,0,5,0,0,18,0,18,0,0,23,0,23,40,0,40,63
09/06/2010,JEF,MO,ACE,CE,Federal Contract Tower,0,0,14,0,14,0,0,12,0,12,0,0,26,0,26,38,0,38,64
09/07/2010,JEF,MO,ACE,CE,Federal Contract Tower,0,2,11,0,13,0,0,26,2,28,0,2,37,2,41,46,0,46,87
09/08/2010,JEF,MO,ACE,CE,Federal Contract Tower,0,0,27,1,28,0,0,37,10,47,0,0,64,11,75,60,2,62,137
09/09/2010,JEF,MO,ACE,CE,Federal Contract Tower,0,1,24,6,31,0,0,12,0,12,0,1,36,6,43,0,0,0,43
09/10/2010,JEF,MO,ACE,CE,Federal Contract Tower,0,5,17,2,24,0,0,8,0,8,0,5,25,2,32,0,0,0,32
09/11/2010,JEF,MO,ACE,CE,Federal Contract Tower,0,0,8,0,8,0,0,8,2,10,0,0,16,2,18,20,0,20,38
09/12/2010,JEF,MO,ACE,CE,Federal Contract Tower,0,1,15,0,16,0,0,39,0,39,0,1,54,0,55,32,4,36,91
09/13/2010,JEF,MO,ACE,CE,Federal Contract Tower,0,1,15,0,16,0,0,22,8,30,0,1,37,8,46,66,0,66,112
09/14/2010,JEF,MO,ACE,CE,Federal Contract Tower,0,1,26,0,27,0,0,27,13,40,0,1,53,13,67,14,12,26,93
09/15/2010,JEF,MO,ACE,CE,Federal Contract Tower,0,0,15,2,17,0,0,16,3,19,0,0,31,5,36,0,0,0,36
09/16/2010,JEF,MO,ACE,CE,Federal Contract Tower,0,0,14,2,16,0,0,20,6,26,0,0,34,8,42,48,0,48,90
09/17/2010,JEF,MO,ACE,CE,Federal Contract Tower,0,1,19,0,20,0,0,22,5,27,0,1,41,5,47,18,0,18,65
09/18/2010,JEF,MO,ACE,CE,Federal Contract Tower,0,0,4,2,6,0,0,20,0,20,0,0,24,2,26,10,0,10,36
09/19/2010,JEF,MO,ACE,CE,Federal Contract Tower,0,0,9,2,11,0,0,8,0,8,0,0,17,2,19,22,0,22,41
09/20/2010,JEF,MO,ACE,CE,Federal Contract Tower,0,0,13,4,17,0,0,39,8,47,0,0,52,12,64,22,2,24,88
09/21/2010,JEF,MO,ACE,CE,Federal Contract Tower,0,1,19,0,20,0,0,29,9,38,0,1,48,9,58,18,0,18,76
09/22/2010,JEF,MO,ACE,CE,Federal Contract Tower,0,2,10,4,16,0,2,15,2,19,0,4,25,6,35,8,0,8,43
09/23/2010,JEF,MO,ACE,CE,Federal Contract Tower,0,0,24,2,26,0,0,18,6,24,0,0,42,8,50,4,0,4,54
09/24/2010,JEF,MO,ACE,CE,Federal Contract Tower,0,0,13,1,14,0,0,24,9,33,0,0,37,10,47,10,0,10,57
09/25/2010,JEF,MO,ACE,CE,Federal Contract Tower,0,0,15,2,17,0,3,28,7,38,0,3,43,9,55,40,12,52,107
09/26/2010,JEF,MO,ACE,CE,Federal Contract Tower,0,0,16,0,16,0,2,16,1,19,0,2,32,1,35,22,0,22,57
09/27/2010,JEF,MO,ACE,CE,Federal Contract Tower,0,0,14,0,14,0,12,29,9,50,0,12,43,9,64,26,4,30,94
09/28/2010,JEF,MO,ACE,CE,Federal Contract Tower,0,2,33,1,36,0,2,32,7,41,0,4,65,8,77,58,6,64,141
09/29/2010,JEF,MO,ACE,CE,Federal Contract Tower,0,2,26,2,30,0,0,30,6,36,0,2,56,8,66,60,0,60,126
09/30/2010,JEF,MO,ACE,CE,Federal Contract Tower,0,2,26,2,30,0,0,34,8,42,0,2,60,10,72,16,14,30,102
10/01/2010,JEF,MO,ACE,CE,Federal Contract Tower,0,1,26,0,27,0,0,54,7,61,0,1,80,7,88,44,10,54,142
10/02/2010,JEF,MO,ACE,CE,Federal Contract Tower,0,0,10,1,11,0,1,79,6,86,0,1,89,7,97,2,6,8,105
10/03/2010,JEF,MO,ACE,CE,Federal Contract Tower,0,0,9,0,9,0,0,57,4,61,0,0,66,4,70,4,0,4,74
10/04/2010,JEF,MO,ACE,CE,Federal Contract Tower,0,1,17,2,20,0,3,27,0,30,0,4,44,2,50,34,0,34,84
10/05/2010,JEF,MO,ACE,CE,Federal Contract Tower,0,0,16,2,18,0,0,25,12,37,0,0,41,14,55,32,2,34,89
10/06/2010,JEF,MO,ACE,CE,Federal Contract Tower,0,4,24,2,30,0,2,43,0,45,0,6,67,2,75,64,2,66,141
10/07/2010,JEF,MO,ACE,CE,Federal Contract Tower,0,0,32,2,34,0,2,38,11,51,0,2,70,13,85,54,0,54,139
10/08/2010,JEF,MO,ACE,CE,Federal Contract Tower,0,2,10,2,14,0,4,38,4,46,0,6,48,6,60,16,0,16,76
10/09/2010,JEF,MO,ACE,CE,Federal Contract Tower,0,0,11,0,11,0,2,39,3,44,0,2,50,3,55,4,0,4,59
10/10/2010,JEF,MO,ACE,CE,Federal Contract Tower,0,4,5,0,9,0,0,52,0,52,0,4,57,0,61,36,0,36,97
10/11/2010,JEF,MO,ACE,CE,Federal Contract Tower,0,0,9,0,9,0,0,25,0,25,0,0,34,0,34,24,0,24,58
10/12/2010,JEF,MO,ACE,CE,Federal Contract Tower,0,0,33,0,33,0,0,31,2,33,0,0,64,2,66,26,0,26,92
10/13/2010,JEF,MO,ACE,CE,Federal Contract Tower,0,0,19,2,21,0,4,39,4,47,0,4,58,6,68,14,0,14,82
10/14/2010,JEF,MO,ACE,CE,Federal Contract Tower,0,2,12,0,14,0,4,47,3,54,0,6,59,3,68,30,4,34,102
10/15/2010,JEF,MO,ACE,CE,Federal Contract Tower,0,0,20,1,21,0,0,31,6,37,0,0,51,7,58,18,0,18,76
10/16/2010,JEF,MO,ACE,CE,Federal Contract Tower,0,0,5,0,5,0,0,16,0,16,0,0,21,0,21,8,0,8,29
10/17/2010,JEF,MO,ACE,CE,Federal Contract Tower,0,2,15,0,17,0,2,43,0,45,0,4,58,0,62,16,0,16,78
10/18/2010,JEF,MO,ACE,CE,Federal Contract Tower,0,6,16,0,22,0,0,25,4,29,0,6,41,4,51,18,16,34,85
10/19/2010,JEF,MO,ACE,CE,Federal Contract Tower,0,2,21,0,23,0,2,27,5,34,0,4,48,5,57,52,6,58,115
10/20/2010,JEF,MO,ACE,CE,Federal Contract Tower,0,2,23,1,26,0,0,54,5,59,0,2,77,6,85,22,0,22,107
10/21/2010,JEF,MO,ACE,CE,Federal Contract Tower,0,0,25,3,28,0,2,51,4,57,0,2,76,7,85,32,0,32,117
10/22/2010,JEF,MO,ACE,CE,Federal Contract Tower,0,1,32,3,36,0,0,25,8,33,0,1,57,11,69,12,6,18,87
10/23/2010,JEF,MO,ACE,CE,Federal Contract Tower,0,0,1,0,1,0,0,8,0,8,0,0,9,0,9,0,0,0,9
10/24/2010,JEF,MO,ACE,CE,Federal Contract Tower,0,2,15,0,17,0,0,0,4,4,0,2,15,4,21,0,0,0,21
10/25/2010,JEF,MO,ACE,CE,Federal Contract Tower,0,4,13,2,19,0,5,14,6,25,0,9,27,8,44,2,0,2,46
10/26/2010,JEF,MO,ACE,CE,Federal Contract Tower,0,3,15,2,20,0,0,18,3,21,0,3,33,5,41,0,2,2,43
10/27/2010,JEF,MO,ACE,CE,Federal Contract Tower,0,1,17,2,20,0,4,32,2,38,0,5,49,4,58,12,0,12,70
10/28/2010,JEF,MO,ACE,CE,Federal Contract Tower,0,2,26,2,30,0,0,25,6,31,0,2,51,8,61,58,0,58,119
10/29/2010,JEF,MO,ACE,CE,Federal Contract Tower,0,6,30,2,38,0,0,46,14,60,0,6,76,16,98,44,0,44,142
10/30/2010,JEF,MO,ACE,CE,Federal Contract Tower,0,0,7,0,7,0,0,28,2,30,0,0,35,2,37,4,0,4,41
10/31/2010,JEF,MO,ACE,CE,Federal Contract Tower,0,2,18,0,20,0,2,36,0,38,0,4,54,0,58,8,0,8,66
11/01/2010,JEF,MO,ACE,CE,Federal Contract Tower,0,2,17,4,23,0,2,34,2,38,0,4,51,6,61,18,0,18,79
11/02/2010,JEF,MO,ACE,CE,Federal Contract Tower,0,0,21,6,27,0,0,30,2,32,0,0,51,8,59,28,6,34,93
11/03/2010,JEF,MO,ACE,CE,Federal Contract Tower,0,2,24,2,28,0,0,33,3,36,0,2,57,5,64,14,0,14,78
11/04/2010,JEF,MO,ACE,CE,Federal Contract Tower,0,1,26,2,29,0,0,28,8,36,0,1,54,10,65,0,2,2,67
11/05/2010,JEF,MO,ACE,CE,Federal Contract Tower,0,2,20,2,24,0,3,34,9,46,0,5,54,11,70,4,4,8,78
11/06/2010,JEF,MO,ACE,CE,Federal Contract Tower,0,0,6,0,6,0,2,36,7,45,0,2,42,7,51,28,0,28,79
11/07/2010,JEF,MO,ACE,CE,Federal Contract Tower,0,0,6,1,7,0,0,0,0,0,0,0,6,1,7,6,0,6,13
11/08/2010,JEF,MO,ACE,CE,Federal Contract Tower,0,0,20,1,21,0,6,37,6,49,0,6,57,7,70,6,24,30,100
11/09/2010,JEF,MO,ACE,CE,Federal Contract Tower,0,0,23,2,25,0,4,39,3,46,0,4,62,5,71,62,0,62,133
11/10/2010,JEF,MO,ACE,CE,Federal Contract Tower,0,0,20,2,22,0,0,35,0,35,0,0,55,2,57,8,0,8,65
11/11/2010,JEF,MO,ACE,CE,Federal Contract Tower,0,0,11,0,11,0,0,22,0,22,0,0,33,0,33,50,0,50,83
11/12/2010,JEF,MO,ACE,CE,Federal Contract Tower,0,2,14,0,16,0,0,10,0,10,0,2,24,0,26,2,0,2,28
11/13/2010,JEF,MO,ACE,CE,Federal Contract Tower,0,0,3,0,3,0,0,2,0,2,0,0,5,0,5,22,0,22,27
11/14/2010,JEF,MO,ACE,CE,Federal Contract Tower,0,0,11,2,13,0,0,33,0,33,0,0,44,2,46,18,0,18,64
11/15/2010,JEF,MO,ACE,CE,Federal Contract Tower,0,1,13,0,14,0,0,22,2,24,0,1,35,2,38,42,0,42,80
11/16/2010,JEF,MO,ACE,CE,Federal Contract Tower,0,1,19,2,22,0,0,29,4,33,0,1,48,6,55,14,6,20,75
11/17/2010,JEF,MO,ACE,CE,Federal Contract Tower,0,0,15,1,16,0,0,30,2,32,0,0,45,3,48,4,0,4,52
11/18/2010,JEF,MO,ACE,CE,Federal Contract Tower,0,1,30,1,32,0,0,22,3,25,0,1,52,4,57,66,8,74,131
11/19/2010,JEF,MO,ACE,CE,Federal Contract Tower,0,2,32,0,34,0,0,32,2,34,0,2,64,2,68,24,0,24,92
11/20/2010,JEF,MO,ACE,CE,Federal Contract Tower,0,0,10,0,10,0,2,29,0,31,0,2,39,0,41,18,0,18,59
11/21/2010,JEF,MO,ACE,CE,Federal Contract Tower,0,0,13,0,13,0,0,18,0,18,0,0,31,0,31,12,0,12,43
11/22/2010,JEF,MO,ACE,CE,Federal Contract Tower,0,1,22,0,23,0,2,3,0,5,0,3,25,0,28,0,0,0,28
11/23/2010,JEF,MO,ACE,CE,Federal Contract Tower,0,2,27,1,30,0,0,34,2,36,0,2,61,3,66,64,32,96,162
11/24/2010,JEF,MO,ACE,CE,Federal Contract Tower,0,4,16,0,20,0,0,0,0,0,0,4,16,0,20,0,0,0,20
11/25/2010,JEF,MO,ACE,CE,Federal Contract Tower,0,0,2,0,2,0,0,5,0,5,0,0,7,0,7,0,0,0,7
11/26/2010,JEF,MO,ACE,CE,Federal Contract Tower,0,0,6,0,6,0,0,15,0,15,0,0,21,0,21,8,0,8,29
11/27/2010,JEF,MO,ACE,CE,Federal Contract Tower,0,0,5,0,5,0,0,21,0,21,0,0,26,0,26,18,0,18,44
11/28/2010,JEF,MO,ACE,CE,Federal Contract Tower,0,0,10,0,10,0,0,14,0,14,0,0,24,0,24,10,0,10,34
11/29/2010,JEF,MO,ACE,CE,Federal Contract Tower,0,2,9,0,11,0,0,5,1,6,0,2,14,1,17,2,0,2,19
11/30/2010,JEF,MO,ACE,CE,Federal Contract Tower,0,2,12,1,15,0,0,28,6,34,0,2,40,7,49,10,22,32,81
12/01/2010,JEF,MO,ACE,CE,Federal Contract Tower,0,1,12,2,15,0,0,44,7,51,0,1,56,9,66,34,2,36,102
12/02/2010,JEF,MO,ACE,CE,Federal Contract Tower,0,3,11,3,17,0,3,32,7,42,0,6,43,10,59,30,2,32,91
12/03/2010,JEF,MO,ACE,CE,Federal Contract Tower,0,4,19,3,26,0,0,35,5,40,0,4,54,8,66,10,16,26,92
12/04/2010,JEF,MO,ACE,CE,Federal Contract Tower,0,0,2,3,5,0,2,6,0,8,0,2,8,3,13,6,0,6,19
12/05/2010,JEF,MO,ACE,CE,Federal Contract Tower,0,2,6,6,14,0,2,18,0,20,0,4,24,6,34,2,0,2,36
12/06/2010,JEF,MO,ACE,CE,Federal Contract Tower,0,3,7,0,10,0,1,35,4,40,0,4,42,4,50,28,2,30,80
12/07/2010,JEF,MO,ACE,CE,Federal Contract Tower,0,2,19,1,22,0,3,38,4,45,0,5,57,5,67,32,6,38,105
12/08/2010,JEF,MO,ACE,CE,Federal Contract Tower,0,0,21,0,21,0,2,41,5,48,0,2,62,5,69,30,2,32,101
12/09/2010,JEF,MO,ACE,CE,Federal Contract Tower,0,1,22,0,23,0,0,29,8,37,0,1,51,8,60,18,0,18,78
12/10/2010,JEF,MO,ACE,CE,Federal Contract Tower,0,1,26,0,27,0,2,32,10,44,0,3,58,10,71,16,2,18,89
12/11/2010,JEF,MO,ACE,CE,Federal Contract Tower,0,0,9,2,11,0,0,0,0,0,0,0,9,2,11,0,0,0,11
12/12/2010,JEF,MO,ACE,CE,Federal Contract Tower,0,1,11,0,12,0,0,0,0,0,0,1,11,0,12,0,0,0,12
12/13/2010,JEF,MO,ACE,CE,Federal Contract Tower,0,0,23,1,24,0,0,25,9,34,0,0,48,10,58,60,4,64,122
12/14/2010,JEF,MO,ACE,CE,Federal Contract Tower,0,0,12,2,14,0,0,32,1,33,0,0,44,3,47,14,0,14,61
12/15/2010,JEF,MO,ACE,CE,Federal Contract Tower,0,0,11,2,13,0,0,1,4,5,0,0,12,6,18,2,0,2,20
12/16/2010,JEF,MO,ACE,CE,Federal Contract Tower,0,0,14,2,16,0,0,1,0,1,0,0,15,2,17,0,0,0,17
12/17/2010,JEF,MO,ACE,CE,Federal Contract Tower,0,2,24,0,26,0,0,12,2,14,0,2,36,2,40,46,0,46,86
12/18/2010,JEF,MO,ACE,CE,Federal Contract Tower,0,0,2,0,2,0,0,25,0,25,0,0,27,0,27,30,0,30,57
12/19/2010,JEF,MO,ACE,CE,Federal Contract Tower,0,2,5,2,9,0,0,10,2,12,0,2,15,4,21,58,8,66,87
12/20/2010,JEF,MO,ACE,CE,Federal Contract Tower,0,2,6,0,8,0,0,13,5,18,0,2,19,5,26,68,0,68,94
12/21/2010,JEF,MO,ACE,CE,Federal Contract Tower,0,2,22,0,24,0,0,20,1,21,0,2,42,1,45,4,0,4,49
12/22/2010,JEF,MO,ACE,CE,Federal Contract Tower,0,2,9,4,15,0,0,18,6,24,0,2,27,10,39,46,2,48,87
12/23/2010,JEF,MO,ACE,CE,Federal Contract Tower,0,0,13,0,13,0,0,10,0,10,0,0,23,0,23,28,0,28,51
12/24/2010,JEF,MO,ACE,CE,Federal Contract Tower,0,0,2,0,2,0,0,0,0,0,0,0,2,0,2,0,0,0,2
12/25/2010,JEF,MO,ACE,CE,Federal Contract Tower,0,0,1,0,1,0,0,0,0,0,0,0,1,0,1,0,0,0,1
12/26/2010,JEF,MO,ACE,CE,Federal Contract Tower,0,0,13,0,13,0,0,7,0,7,0,0,20,0,20,20,0,20,40
12/27/2010,JEF,MO,ACE,CE,Federal Contract Tower,0,0,11,0,11,0,0,13,6,19,0,0,24,6,30,0,0,0,30
12/28/2010,JEF,MO,ACE,CE,Federal Contract Tower,0,2,13,2,17,0,0,34,5,39,0,2,47,7,56,14,2,16,72
12/29/2010,JEF,MO,ACE,CE,Federal Contract Tower,0,0,11,0,11,0,0,2,0,2,0,0,13,0,13,36,0,36,49
12/30/2010,JEF,MO,ACE,CE,Federal Contract Tower,0,2,11,2,15,0,0,2,0,2,0,2,13,2,17,0,0,0,17
12/31/2010,JEF,MO,ACE,CE,Federal Contract Tower,0,0,0,0,0,0,0,8,0,8,0,0,8,0,8,6,0,6,14
01/01/2011,JEF,MO,ACE,CE,Federal Contract Tower,0,0,4,0,4,0,0,10,8,18,0,0,14,8,22,12,0,12,34
01/02/2011,JEF,MO,ACE,CE,Federal Contract Tower,0,0,9,0,9,0,0,29,2,31,0,0,38,2,40,32,0,32,72
01/03/2011,JEF,MO,ACE,CE,Federal Contract Tower,0,0,8,0,8,0,4,31,6,41,0,4,39,6,49,12,12,24,73
01/04/2011,JEF,MO,ACE,CE,Federal Contract Tower,0,4,19,1,24,0,0,46,4,50,0,4,65,5,74,76,8,84,158
01/05/2011,JEF,MO,ACE,CE,Federal Contract Tower,0,2,38,0,40,0,2,26,4,32,0,4,64,4,72,46,0,46,118
01/06/2011,JEF,MO,ACE,CE,Federal Contract Tower,0,2,17,1,20,0,0,25,0,25,0,2,42,1,45,6,4,10,55
01/07/2011,JEF,MO,ACE,CE,Federal Contract Tower,0,0,12,2,14,0,0,11,5,16,0,0,23,7,30,0,0,0,30
01/08/2011,JEF,MO,ACE,CE,Federal Contract Tower,0,0,7,7,14,0,0,20,7,27,0,0,27,14,41,38,4,42,83
01/09/2011,JEF,MO,ACE,CE,Federal Contract Tower,0,2,11,6,19,0,0,5,7,12,0,2,16,13,31,10,0,10,41
01/10/2011,JEF,MO,ACE,CE,Federal Contract Tower,0,0,14,2,16,0,0,5,0,5,0,0,19,2,21,28,0,28,49
01/11/2011,JEF,MO,ACE,CE,Federal Contract Tower,0,6,9,0,15,0,0,0,0,0,0,6,9,0,15,0,0,0,15
01/12/2011,JEF,MO,ACE,CE,Federal Contract Tower,0,0,22,0,22,0,0,7,1,8,0,0,29,1,30,2,0,2,32
01/13/2011,JEF,MO,ACE,CE,Federal Contract Tower,0,0,16,2,18,0,0,37,10,47,0,0,53,12,65,16,8,24,89
01/14/2011,JEF,MO,ACE,CE,Federal Contract Tower,0,0,12,2,14,0,0,27,1,28,0,0,39,3,42,12,0,12,54
01/15/2011,JEF,MO,ACE,CE,Federal Contract Tower,0,0,6,0,6,0,0,6,0,6,0,0,12,0,12,12,2,14,26
01/16/2011,JEF,MO,ACE,CE,Federal Contract Tower,0,0,2,2,4,0,2,16,2,20,0,2,18,4,24,22,0,22,46
01/17/2011,JEF,MO,ACE,CE,Federal Contract Tower,0,4,8,0,12,0,0,4,0,4,0,4,12,0,16,30,0,30,46
01/18/2011,JEF,MO,ACE,CE,Federal Contract Tower,0,0,22,2,24,0,0,3,0,3,0,0,25,2,27,16,0,16,43
01/19/2011,JEF,MO,ACE,CE,Federal Contract Tower,0,2,12,0,14,0,0,23,2,25,0,2,35,2,39,40,6,46,85
01/20/2011,JEF,MO,ACE,CE,Federal Contract Tower,0,0,4,2,6,0,0,5,0,5,0,0,9,2,11,14,0,14,25
01/21/2011,JEF,MO,ACE,CE,Federal Contract Tower,0,1,17,2,20,0,0,4,2,6,0,1,21,4,26,0,0,0,26
01/22/2011,JEF,MO,ACE,CE,Federal Contract Tower,0,4,4,0,8,0,0,7,0,7,0,4,11,0,15,8,0,8,23
01/23/2011,JEF,MO,ACE,CE,Federal Contract Tower,0,2,3,0,5,0,2,0,0,2,0,4,3,0,7,0,0,0,7
01/24/2011,JEF,MO,ACE,CE,Federal Contract Tower,0,5,13,2,20,0,0,10,4,14,0,5,23,6,34,8,0,8,42
01/25/2011,JEF,MO,ACE,CE,Federal Contract Tower,0,2,17,2,21,0,4,23,0,27,0,6,40,2,48,36,0,36,84
01/26/2011,JEF,MO,ACE,CE,Federal Contract Tower,0,0,11,0,11,0,0,17,1,18,0,0,28,1,29,52,0,52,81
01/27/2011,JEF,MO,ACE,CE,Federal Contract Tower,0,2,22,6,30,0,2,16,0,18,0,4,38,6,48,24,0,24,72
01/28/2011,JEF,MO,ACE,CE,Federal Contract Tower,0,1,17,2,20,0,3,39,5,47,0,4,56,7,67,24,0,24,91
01/29/2011,JEF,MO,ACE,CE,Federal Contract Tower,0,0,4,0,4,0,2,23,0,25,0,2,27,0,29,12,0,12,41
01/30/2011,JEF,MO,ACE,CE,Federal Contract Tower,0,4,10,2,16,0,0,2,0,2,0,4,12,2,18,0,0,0,18
01/31/2011,JEF,MO,ACE,CE,Federal Contract Tower,0,0,2,0,2,0,0,0,0,0,0,0,2,0,2,0,0,0,2
02/01/2011,JEF,MO,ACE,CE,Federal Contract Tower,0,0,0,0,0,0,0,0,0,0,0,0,0,0,0,0,0,0,0
02/02/2011,JEF,MO,ACE,CE,Federal Contract Tower,0,0,0,0,0,0,0,0,0,0,0,0,0,0,0,0,0,0,0
02/03/2011,JEF,MO,ACE,CE,Federal Contract Tower,0,0,6,0,6,0,0,7,0,7,0,0,13,0,13,10,0,10,23
02/04/2011,JEF,MO,ACE,CE,Federal Contract Tower,0,2,16,4,22,0,0,12,2,14,0,2,28,6,36,34,18,52,88
02/05/2011,JEF,MO,ACE,CE,Federal Contract Tower,0,0,3,0,3,0,0,4,2,6,0,0,7,2,9,12,0,12,21
02/06/2011,JEF,MO,ACE,CE,Federal Contract Tower,0,2,7,0,9,0,0,0,0,0,0,2,7,0,9,12,0,12,21
02/07/2011,JEF,MO,ACE,CE,Federal Contract Tower,0,0,11,2,13,0,0,5,6,11,0,0,16,8,24,0,34,34,58
02/08/2011,JEF,MO,ACE,CE,Federal Contract Tower,0,5,21,2,28,0,0,19,3,22,0,5,40,5,50,8,0,8,58
02/09/2011,JEF,MO,ACE,CE,Federal Contract Tower,0,0,13,2,15,0,0,4,1,5,0,0,17,3,20,2,0,2,22
02/10/2011,JEF,MO,ACE,CE,Federal Contract Tower,0,0,19,3,22,0,0,22,4,26,0,0,41,7,48,50,6,56,104
02/11/2011,JEF,MO,ACE,CE,Federal Contract Tower,0,2,11,0,13,0,2,12,4,18,0,4,23,4,31,22,0,22,53
02/12/2011,JEF,MO,ACE,CE,Federal Contract Tower,0,0,3,2,5,0,0,21,0,21,0,0,24,2,26,8,0,8,34
02/13/2011,JEF,MO,ACE,CE,Federal Contract Tower,0,2,4,0,6,0,6,25,0,31,0,8,29,0,37,46,0,46,83
02/14/2011,JEF,MO,ACE,CE,Federal Contract Tower,0,2,16,0,18,0,4,28,5,37,0,6,44,5,55,46,76,122,177
02/15/2011,JEF,MO,ACE,CE,Federal Contract Tower,0,4,23,0,27,0,0,37,14,51,0,4,60,14,78,38,10,48,126
02/16/2011,JEF,MO,ACE,CE,Federal Contract Tower,0,2,21,0,23,0,0,30,10,40,0,2,51,10,63,18,20,38,101
02/17/2011,JEF,MO,ACE,CE,Federal Contract Tower,0,0,13,1,14,0,0,16,2,18,0,0,29,3,32,22,0,22,54
02/18/2011,JEF,MO,ACE,CE,Federal Contract Tower,0,2,14,0,16,0,0,52,0,52,0,2,66,0,68,26,0,26,94
02/19/2011,JEF,MO,ACE,CE,Federal Contract Tower,0,0,9,0,9,0,2,20,0,22,0,2,29,0,31,22,0,22,53
02/20/2011,JEF,MO,ACE,CE,Federal Contract Tower,0,2,6,0,8,0,6,6,0,12,0,8,12,0,20,16,0,16,36
02/21/2011,JEF,MO,ACE,CE,Federal Contract Tower,0,2,19,0,21,0,0,0,0,0,0,2,19,0,21,0,0,0,21
02/22/2011,JEF,MO,ACE,CE,Federal Contract Tower,0,0,21,2,23,0,2,30,9,41,0,2,51,11,64,30,6,36,100
02/23/2011,JEF,MO,ACE,CE,Federal Contract Tower,0,0,19,2,21,0,0,14,2,16,0,0,33,4,37,16,0,16,53
02/24/2011,JEF,MO,ACE,CE,Federal Contract Tower,0,2,14,0,16,0,0,1,0,1,0,2,15,0,17,0,0,0,17
02/25/2011,JEF,MO,ACE,CE,Federal Contract Tower,0,0,17,1,18,0,0,5,1,6,0,0,22,2,24,14,0,14,38
02/26/2011,JEF,MO,ACE,CE,Federal Contract Tower,0,9,9,0,18,0,0,0,0,0,0,9,9,0,18,0,0,0,18
02/27/2011,JEF,MO,ACE,CE,Federal Contract Tower,0,1,7,0,8,0,0,4,0,4,0,1,11,0,12,40,0,40,52
02/28/2011,JEF,MO,ACE,CE,Federal Contract Tower,0,1,15,2,18,0,0,32,0,32,0,1,47,2,50,10,0,10,60
03/01/2011,JEF,MO,ACE,CE,Federal Contract Tower,0,1,17,3,21,0,0,41,11,52,0,1,58,14,73,14,2,16,89
03/02/2011,JEF,MO,ACE,CE,Federal Contract Tower,0,2,30,0,32,0,2,46,6,54,0,4,76,6,86,42,0,42,128
03/03/2011,JEF,MO,ACE,CE,Federal Contract Tower,0,4,33,2,39,0,1,22,7,30,0,5,55,9,69,20,4,24,93
03/04/2011,JEF,MO,ACE,CE,Federal Contract Tower,0,3,10,0,13,0,0,13,2,15,0,3,23,2,28,36,0,36,64
03/05/2011,JEF,MO,ACE,CE,Federal Contract Tower,0,0,2,2,4,0,0,0,0,0,0,0,2,2,4,18,0,18,22
03/06/2011,JEF,MO,ACE,CE,Federal Contract Tower,0,2,8,0,10,0,0,26,0,26,0,2,34,0,36,30,0,30,66
03/07/2011,JEF,MO,ACE,CE,Federal Contract Tower,0,0,19,1,20,0,2,18,1,21,0,2,37,2,41,8,2,10,51
03/08/2011,JEF,MO,ACE,CE,Federal Contract Tower,0,0,11,0,11,0,0,0,0,0,0,0,11,0,11,0,38,38,49
03/09/2011,JEF,MO,ACE,CE,Federal Contract Tower,0,2,17,4,23,0,0,0,0,0,0,2,17,4,23,0,0,0,23
03/10/2011,JEF,MO,ACE,CE,Federal Contract Tower,0,8,29,4,41,0,0,12,1,13,0,8,41,5,54,12,0,12,66
03/11/2011,JEF,MO,ACE,CE,Federal Contract Tower,0,4,12,1,17,0,0,29,2,31,0,4,41,3,48,16,4,20,68
03/12/2011,JEF,MO,ACE,CE,Federal Contract Tower,0,2,3,0,5,0,2,32,2,36,0,4,35,2,41,36,0,36,77
03/13/2011,JEF,MO,ACE,CE,Federal Contract Tower,0,0,7,0,7,0,0,31,0,31,0,0,38,0,38,2,0,2,40
03/14/2011,JEF,MO,ACE,CE,Federal Contract Tower,0,0,3,2,5,0,0,0,0,0,0,0,3,2,5,0,0,0,5
03/15/2011,JEF,MO,ACE,CE,Federal Contract Tower,0,3,11,5,19,0,4,38,2,44,0,7,49,7,63,38,0,38,101
03/16/2011,JEF,MO,ACE,CE,Federal Contract Tower,0,0,21,0,21,0,2,44,9,55,0,2,65,9,76,38,0,38,114
03/17/2011,JEF,MO,ACE,CE,Federal Contract Tower,0,2,18,4,24,0,1,12,0,13,0,3,30,4,37,2,0,2,39
03/18/2011,JEF,MO,ACE,CE,Federal Contract Tower,0,4,12,4,20,0,0,18,1,19,0,4,30,5,39,22,0,22,61
03/19/2011,JEF,MO,ACE,CE,Federal Contract Tower,0,0,4,2,6,0,0,24,0,24,0,0,28,2,30,8,0,8,38
03/20/2011,JEF,MO,ACE,CE,Federal Contract Tower,0,2,9,0,11,0,0,19,0,19,0,2,28,0,30,20,0,20,50
03/21/2011,JEF,MO,ACE,CE,Federal Contract Tower,0,2,4,2,8,0,0,40,3,43,0,2,44,5,51,30,34,64,115
03/22/2011,JEF,MO,ACE,CE,Federal Contract Tower,0,1,9,0,10,0,0,14,4,18,0,1,23,4,28,16,4,20,48
03/23/2011,JEF,MO,ACE,CE,Federal Contract Tower,0,2,16,2,20,0,0,30,0,30,0,2,46,2,50,4,0,4,54
03/24/2011,JEF,MO,ACE,CE,Federal Contract Tower,0,2,16,2,20,0,0,29,2,31,0,2,45,4,51,50,0,50,101
03/25/2011,JEF,MO,ACE,CE,Federal Contract Tower,0,1,12,2,15,0,0,2,0,2,0,1,14,2,17,0,0,0,17
03/26/2011,JEF,MO,ACE,CE,Federal Contract Tower,0,0,3,2,5,0,0,3,0,3,0,0,6,2,8,14,0,14,22
03/27/2011,JEF,MO,ACE,CE,Federal Contract Tower,0,0,7,0,7,0,0,19,0,19,0,0,26,0,26,2,0,2,28
03/28/2011,JEF,MO,ACE,CE,Federal Contract Tower,0,2,21,3,26,0,0,33,6,39,0,2,54,9,65,12,32,44,109
03/29/2011,JEF,MO,ACE,CE,Federal Contract Tower,0,9,19,3,31,0,0,15,2,17,0,9,34,5,48,10,0,10,58
03/30/2011,JEF,MO,ACE,CE,Federal Contract Tower,0,0,27,2,29,0,0,24,4,28,0,0,51,6,57,10,0,10,67
03/31/2011,JEF,MO,ACE,CE,Federal Contract Tower,0,4,12,2,18,0,0,28,4,32,0,4,40,6,50,16,4,20,70
04/01/2011,JEF,MO,ACE,CE,Federal Contract Tower,0,2,25,2,29,0,0,15,2,17,0,2,40,4,46,6,0,6,52
04/02/2011,JEF,MO,ACE,CE,Federal Contract Tower,0,2,9,2,13,0,0,34,0,34,0,2,43,2,47,46,0,46,93
04/03/2011,JEF,MO,ACE,CE,Federal Contract Tower,0,0,8,0,8,0,0,5,0,5,0,0,13,0,13,8,0,8,21
04/04/2011,JEF,MO,ACE,CE,Federal Contract Tower,0,0,8,0,8,0,2,9,0,11,0,2,17,0,19,8,0,8,27
04/05/2011,JEF,MO,ACE,CE,Federal Contract Tower,0,3,34,0,37,0,0,35,6,41,0,3,69,6,78,28,6,34,112
04/06/2011,JEF,MO,ACE,CE,Federal Contract Tower,0,0,27,0,27,0,4,29,14,47,0,4,56,14,74,8,14,22,96
04/07/2011,JEF,MO,ACE,CE,Federal Contract Tower,0,3,18,2,23,0,2,20,15,37,0,5,38,17,60,10,0,10,70
04/08/2011,JEF,MO,ACE,CE,Federal Contract Tower,0,0,10,2,12,0,0,25,0,25,0,0,35,2,37,36,0,36,73
04/09/2011,JEF,MO,ACE,CE,Federal Contract Tower,0,0,4,0,4,0,0,25,0,25,0,0,29,0,29,26,0,26,55
04/10/2011,JEF,MO,ACE,CE,Federal Contract Tower,0,2,5,3,10,0,0,7,0,7,0,2,12,3,17,0,0,0,17
04/11/2011,JEF,MO,ACE,CE,Federal Contract Tower,0,4,19,2,25,0,0,33,8,41,0,4,52,10,66,30,12,42,108
04/12/2011,JEF,MO,ACE,CE,Federal Contract Tower,0,3,16,0,19,0,2,47,2,51,0,5,63,2,70,46,0,46,116
04/13/2011,JEF,MO,ACE,CE,Federal Contract Tower,0,3,18,0,21,0,5,40,4,49,0,8,58,4,70,52,0,52,122
04/14/2011,JEF,MO,ACE,CE,Federal Contract Tower,0,0,14,1,15,0,0,19,9,28,0,0,33,10,43,24,18,42,85
04/15/2011,JEF,MO,ACE,CE,Federal Contract Tower,0,2,14,0,16,0,0,6,0,6,0,2,20,0,22,0,0,0,22
04/16/2011,JEF,MO,ACE,CE,Federal Contract Tower,0,0,6,0,6,0,0,5,1,6,0,0,11,1,12,2,0,2,14
04/17/2011,JEF,MO,ACE,CE,Federal Contract Tower,0,2,9,0,11,0,2,44,0,46,0,4,53,0,57,52,0,52,109
04/18/2011,JEF,MO,ACE,CE,Federal Contract Tower,0,4,27,4,35,0,0,25,5,30,0,4,52,9,65,8,0,8,73
04/19/2011,JEF,MO,ACE,CE,Federal Contract Tower,0,4,19,0,23,0,0,8,0,8,0,4,27,0,31,0,12,12,43
04/20/2011,JEF,MO,ACE,CE,Federal Contract Tower,0,0,25,1,26,0,0,21,7,28,0,0,46,8,54,12,0,12,66
04/21/2011,JEF,MO,ACE,CE,Federal Contract Tower,0,0,18,3,21,0,0,20,0,20,0,0,38,3,41,4,0,4,45
04/22/2011,JEF,MO,ACE,CE,Federal Contract Tower,0,2,4,2,8,0,0,0,0,0,0,2,4,2,8,0,0,0,8
04/23/2011,JEF,MO,ACE,CE,Federal Contract Tower,0,0,6,0,6,0,0,14,10,24,0,0,20,10,30,22,0,22,52
04/24/2011,JEF,MO,ACE,CE,Federal Contract Tower,0,0,4,0,4,0,0,3,0,3,0,0,7,0,7,16,0,16,23
04/25/2011,JEF,MO,ACE,CE,Federal Contract Tower,0,2,9,0,11,0,0,1,0,1,0,2,10,0,12,0,0,0,12
04/26/2011,JEF,MO,ACE,CE,Federal Contract Tower,0,2,23,4,29,0,0,17,2,19,0,2,40,6,48,28,4,32,80
04/27/2011,JEF,MO,ACE,CE,Federal Contract Tower,0,2,16,8,26,0,0,5,0,5,0,2,21,8,31,0,4,4,35
04/28/2011,JEF,MO,ACE,CE,Federal Contract Tower,0,1,22,2,25,0,3,33,3,39,0,4,55,5,64,6,0,6,70
04/29/2011,JEF,MO,ACE,CE,Federal Contract Tower,0,4,12,0,16,0,1,40,8,49,0,5,52,8,65,72,0,72,137
04/30/2011,JEF,MO,ACE,CE,Federal Contract Tower,0,0,4,5,9,0,0,13,0,13,0,0,17,5,22,12,0,12,34
05/01/2011,JEF,MO,ACE,CE,Federal Contract Tower,0,1,7,2,10,0,0,11,1,12,0,1,18,3,22,14,0,14,36
05/02/2011,JEF,MO,ACE,CE,Federal Contract Tower,0,2,10,2,14,0,0,17,11,28,0,2,27,13,42,28,12,40,82
05/03/2011,JEF,MO,ACE,CE,Federal Contract Tower,0,3,20,1,24,0,1,51,9,61,0,4,71,10,85,12,22,34,119
05/04/2011,JEF,MO,ACE,CE,Federal Contract Tower,0,2,11,2,15,0,0,44,5,49,0,2,55,7,64,6,0,6,70
05/05/2011,JEF,MO,ACE,CE,Federal Contract Tower,0,0,16,1,17,0,0,12,0,12,0,0,28,1,29,2,0,2,31
05/06/2011,JEF,MO,ACE,CE,Federal Contract Tower,0,3,14,2,19,0,0,36,0,36,0,3,50,2,55,22,0,22,77
05/07/2011,JEF,MO,ACE,CE,Federal Contract Tower,0,0,4,0,4,0,0,16,1,17,0,0,20,1,21,10,0,10,31
05/08/2011,JEF,MO,ACE,CE,Federal Contract Tower,0,2,11,0,13,0,0,20,2,22,0,2,31,2,35,42,0,42,77
05/09/2011,JEF,MO,ACE,CE,Federal Contract Tower,0,0,14,0,14,0,2,15,5,22,0,2,29,5,36,108,2,110,146
05/10/2011,JEF,MO,ACE,CE,Federal Contract Tower,0,0,14,4,18,0,2,41,2,45,0,2,55,6,63,16,4,20,83
05/11/2011,JEF,MO,ACE,CE,Federal Contract Tower,0,4,14,2,20,0,4,15,2,21,0,8,29,4,41,24,0,24,65
05/12/2011,JEF,MO,ACE,CE,Federal Contract Tower,0,2,24,0,26,0,0,17,6,23,0,2,41,6,49,16,10,26,75
05/13/2011,JEF,MO,ACE,CE,Federal Contract Tower,0,0,17,3,20,0,0,13,0,13,0,0,30,3,33,16,6,22,55
05/14/2011,JEF,MO,ACE,CE,Federal Contract Tower,0,0,10,0,10,0,0,2,0,2,0,0,12,0,12,0,2,2,14
05/15/2011,JEF,MO,ACE,CE,Federal Contract Tower,0,2,12,0,14,0,0,1,0,1,0,2,13,0,15,0,0,0,15
05/16/2011,JEF,MO,ACE,CE,Federal Contract Tower,0,0,11,1,12,0,8,33,3,44,0,8,44,4,56,16,52,68,124
05/17/2011,JEF,MO,ACE,CE,Federal Contract Tower,0,2,9,3,14,0,9,42,21,72,0,11,51,24,86,66,26,92,178
05/18/2011,JEF,MO,ACE,CE,Federal Contract Tower,0,5,27,3,35,0,0,21,12,33,0,5,48,15,68,32,30,62,130
05/19/2011,JEF,MO,ACE,CE,Federal Contract Tower,0,4,11,2,17,0,0,5,1,6,0,4,16,3,23,0,0,0,23
05/20/2011,JEF,MO,ACE,CE,Federal Contract Tower,0,0,11,2,13,0,0,5,12,17,0,0,16,14,30,14,0,14,44
05/21/2011,JEF,MO,ACE,CE,Federal Contract Tower,0,0,6,0,6,0,0,19,0,19,0,0,25,0,25,18,0,18,43
05/22/2011,JEF,MO,ACE,CE,Federal Contract Tower,0,0,4,0,4,0,0,2,0,2,0,0,6,0,6,0,0,0,6
05/23/2011,JEF,MO,ACE,CE,Federal Contract Tower,0,0,7,2,9,0,0,14,8,22,0,0,21,10,31,2,0,2,33
05/24/2011,JEF,MO,ACE,CE,Federal Contract Tower,0,1,18,4,23,0,0,28,5,33,0,1,46,9,56,20,0,20,76
05/25/2011,JEF,MO,ACE,CE,Federal Contract Tower,0,0,12,2,14,0,0,13,5,18,0,0,25,7,32,2,0,2,34
05/26/2011,JEF,MO,ACE,CE,Federal Contract Tower,0,0,28,4,32,0,0,7,6,13,0,0,35,10,45,6,2,8,53
05/27/2011,JEF,MO,ACE,CE,Federal Contract Tower,0,2,29,0,31,0,0,28,4,32,0,2,57,4,63,36,0,36,99
05/28/2011,JEF,MO,ACE,CE,Federal Contract Tower,0,2,12,0,14,0,0,2,0,2,0,2,14,0,16,0,0,0,16
05/29/2011,JEF,MO,ACE,CE,Federal Contract Tower,0,0,9,4,13,0,2,20,0,22,0,2,29,4,35,0,0,0,35
05/30/2011,JEF,MO,ACE,CE,Federal Contract Tower,0,2,1,0,3,0,0,2,0,2,0,2,3,0,5,6,0,6,11
05/31/2011,JEF,MO,ACE,CE,Federal Contract Tower,0,0,19,1,20,0,0,17,0,17,0,0,36,1,37,24,0,24,61
06/01/2011,JEF,MO,ACE,CE,Federal Contract Tower,0,2,18,2,22,0,0,33,3,36,0,2,51,5,58,48,2,50,108
06/02/2011,JEF,MO,ACE,CE,Federal Contract Tower,0,3,26,0,29,0,2,23,4,29,0,5,49,4,58,28,10,38,96
06/03/2011,JEF,MO,ACE,CE,Federal Contract Tower,0,4,14,0,18,0,0,35,16,51,0,4,49,16,69,14,12,26,95
06/04/2011,JEF,MO,ACE,CE,Federal Contract Tower,0,0,11,2,13,0,2,23,6,31,0,2,34,8,44,44,0,44,88
06/05/2011,JEF,MO,ACE,CE,Federal Contract Tower,0,0,13,2,15,0,2,29,1,32,0,2,42,3,47,42,0,42,89
06/06/2011,JEF,MO,ACE,CE,Federal Contract Tower,0,2,13,2,17,0,2,29,9,40,0,4,42,11,57,42,0,42,99
06/07/2011,JEF,MO,ACE,CE,Federal Contract Tower,0,0,29,2,31,0,1,42,14,57,0,1,71,16,88,40,12,52,140
06/08/2011,JEF,MO,ACE,CE,Federal Contract Tower,0,0,32,3,35,0,0,24,15,39,0,0,56,18,74,4,0,4,78
06/09/2011,JEF,MO,ACE,CE,Federal Contract Tower,0,0,21,3,24,0,2,24,7,33,0,2,45,10,57,26,8,34,91
06/10/2011,JEF,MO,ACE,CE,Federal Contract Tower,0,0,19,0,19,0,0,29,2,31,0,0,48,2,50,26,2,28,78
06/11/2011,JEF,MO,ACE,CE,Federal Contract Tower,0,2,14,0,16,0,0,6,0,6,0,2,20,0,22,12,0,12,34
06/12/2011,JEF,MO,ACE,CE,Federal Contract Tower,0,2,19,0,21,0,0,12,4,16,0,2,31,4,37,10,2,12,49
06/13/2011,JEF,MO,ACE,CE,Federal Contract Tower,0,0,18,0,18,0,0,7,0,7,0,0,25,0,25,6,0,6,31
06/14/2011,JEF,MO,ACE,CE,Federal Contract Tower,0,0,20,2,22,0,0,13,7,20,0,0,33,9,42,16,0,16,58
06/15/2011,JEF,MO,ACE,CE,Federal Contract Tower,0,0,21,4,25,0,6,34,6,46,0,6,55,10,71,18,0,18,89
06/16/2011,JEF,MO,ACE,CE,Federal Contract Tower,0,0,18,1,19,0,0,20,10,30,0,0,38,11,49,40,6,46,95
06/17/2011,JEF,MO,ACE,CE,Federal Contract Tower,0,0,20,1,21,0,0,13,9,22,0,0,33,10,43,8,2,10,53
06/18/2011,JEF,MO,ACE,CE,Federal Contract Tower,0,0,6,1,7,0,0,16,0,16,0,0,22,1,23,4,0,4,27
06/19/2011,JEF,MO,ACE,CE,Federal Contract Tower,0,0,10,1,11,0,4,20,2,26,0,4,30,3,37,32,2,34,71
06/20/2011,JEF,MO,ACE,CE,Federal Contract Tower,0,3,15,3,21,0,3,28,3,34,0,6,43,6,55,30,22,52,107
06/21/2011,JEF,MO,ACE,CE,Federal Contract Tower,0,0,13,0,13,0,0,21,4,25,0,0,34,4,38,2,0,2,40
06/22/2011,JEF,MO,ACE,CE,Federal Contract Tower,0,0,21,1,22,0,0,30,9,39,0,0,51,10,61,24,0,24,85
06/23/2011,JEF,MO,ACE,CE,Federal Contract Tower,0,1,16,0,17,0,2,40,1,43,0,3,56,1,60,50,2,52,112
06/24/2011,JEF,MO,ACE,CE,Federal Contract Tower,0,1,24,0,25,0,4,35,2,41,0,5,59,2,66,92,2,94,160
06/25/2011,JEF,MO,ACE,CE,Federal Contract Tower,0,4,5,0,9,0,1,13,1,15,0,5,18,1,24,8,2,10,34
06/26/2011,JEF,MO,ACE,CE,Federal Contract Tower,0,2,8,1,11,0,0,0,0,0,0,2,8,1,11,0,0,0,11
06/27/2011,JEF,MO,ACE,CE,Federal Contract Tower,0,0,12,2,14,0,4,24,4,32,0,4,36,6,46,14,0,14,60
06/28/2011,JEF,MO,ACE,CE,Federal Contract Tower,0,1,17,1,19,0,5,46,8,59,0,6,63,9,78,110,4,114,192
06/29/2011,JEF,MO,ACE,CE,Federal Contract Tower,0,0,18,0,18,0,4,44,1,49,0,4,62,1,67,94,0,94,161
06/30/2011,JEF,MO,ACE,CE,Federal Contract Tower,0,2,18,2,22,0,4,40,8,52,0,6,58,10,74,78,4,82,156
07/01/2011,JEF,MO,ACE,CE,Federal Contract Tower,0,1,18,0,19,0,1,43,4,48,0,2,61,4,67,76,0,76,143
07/02/2011,JEF,MO,ACE,CE,Federal Contract Tower,0,0,3,0,3,0,0,46,0,46,0,0,49,0,49,18,0,18,67
07/03/2011,JEF,MO,ACE,CE,Federal Contract Tower,0,0,4,0,4,0,0,9,0,9,0,0,13,0,13,16,0,16,29
07/04/2011,JEF,MO,ACE,CE,Federal Contract Tower,0,0,6,0,6,0,0,34,3,37,0,0,40,3,43,24,0,24,67
07/05/2011,JEF,MO,ACE,CE,Federal Contract Tower,0,2,10,0,12,0,0,31,15,46,0,2,41,15,58,80,4,84,142
07/06/2011,JEF,MO,ACE,CE,Federal Contract Tower,0,2,19,2,23,0,0,24,6,30,0,2,43,8,53,30,10,40,93
07/07/2011,JEF,MO,ACE,CE,Federal Contract Tower,0,2,10,2,14,0,0,15,1,16,0,2,25,3,30,28,0,28,58
07/08/2011,JEF,MO,ACE,CE,Federal Contract Tower,0,0,14,2,16,0,1,32,16,49,0,1,46,18,65,74,0,74,139
07/09/2011,JEF,MO,ACE,CE,Federal Contract Tower,0,0,2,2,4,0,0,27,2,29,0,0,29,4,33,42,0,42,75
07/10/2011,JEF,MO,ACE,CE,Federal Contract Tower,0,0,10,0,10,0,0,29,6,35,0,0,39,6,45,6,0,6,51
07/11/2011,JEF,MO,ACE,CE,Federal Contract Tower,0,0,19,2,21,0,5,37,8,50,0,5,56,10,71,48,0,48,119
07/12/2011,JEF,MO,ACE,CE,Federal Contract Tower,0,3,22,0,25,0,0,26,9,35,0,3,48,9,60,26,10,36,96
07/13/2011,JEF,MO,ACE,CE,Federal Contract Tower,0,2,25,2,29,0,0,19,4,23,0,2,44,6,52,14,0,14,66
07/14/2011,JEF,MO,ACE,CE,Federal Contract Tower,0,0,28,2,30,0,0,23,1,24,0,0,51,3,54,68,0,68,122
07/15/2011,JEF,MO,ACE,CE,Federal Contract Tower,0,6,17,2,25,0,2,33,6,41,0,8,50,8,66,38,0,38,104
07/16/2011,JEF,MO,ACE,CE,Federal Contract Tower,0,1,4,2,7,0,3,21,0,24,0,4,25,2,31,14,0,14,45
07/17/2011,JEF,MO,ACE,CE,Federal Contract Tower,0,0,7,0,7,0,2,14,0,16,0,2,21,0,23,12,0,12,35
07/18/2011,JEF,MO,ACE,CE,Federal Contract Tower,0,2,8,3,13,0,4,31,2,37,0,6,39,5,50,24,2,26,76
07/19/2011,JEF,MO,ACE,CE,Federal Contract Tower,0,2,10,5,17,0,2,45,7,54,0,4,55,12,71,70,42,112,183
07/20/2011,JEF,MO,ACE,CE,Federal Contract Tower,0,2,6,0,8,0,0,45,12,57,0,2,51,12,65,28,4,32,97
07/21/2011,JEF,MO,ACE,CE,Federal Contract Tower,0,2,15,4,21,0,2,34,10,46,0,4,49,14,67,76,6,82,149
07/22/2011,JEF,MO,ACE,CE,Federal Contract Tower,0,0,20,2,22,0,0,56,0,56,0,0,76,2,78,72,0,72,150
07/23/2011,JEF,MO,ACE,CE,Federal Contract Tower,0,2,4,1,7,0,0,15,4,19,0,2,19,5,26,24,0,24,50
07/24/2011,JEF,MO,ACE,CE,Federal Contract Tower,0,0,8,1,9,0,0,19,0,19,0,0,27,1,28,10,0,10,38
07/25/2011,JEF,MO,ACE,CE,Federal Contract Tower,0,0,8,3,11,0,0,33,5,38,0,0,41,8,49,48,0,48,97
07/26/2011,JEF,MO,ACE,CE,Federal Contract Tower,0,0,12,4,16,0,0,42,8,50,0,0,54,12,66,76,2,78,144
07/27/2011,JEF,MO,ACE,CE,Federal Contract Tower,0,2,18,2,22,0,0,35,10,45,0,2,53,12,67,38,0,38,105
07/28/2011,JEF,MO,ACE,CE,Federal Contract Tower,0,0,15,5,20,0,0,35,6,41,0,0,50,11,61,54,0,54,115
07/29/2011,JEF,MO,ACE,CE,Federal Contract Tower,0,2,8,0,10,0,0,25,3,28,0,2,33,3,38,66,0,66,104
07/30/2011,JEF,MO,ACE,CE,Federal Contract Tower,0,0,5,1,6,0,0,15,0,15,0,0,20,1,21,10,0,10,31
07/31/2011,JEF,MO,ACE,CE,Federal Contract Tower,0,0,3,7,10,0,0,41,0,41,0,0,44,7,51,0,0,0,51
08/01/2011,JEF,MO,ACE,CE,Federal Contract Tower,0,0,9,2,11,0,0,0,0,0,0,0,9,2,11,62,0,62,73
08/02/2011,JEF,MO,ACE,CE,Federal Contract Tower,0,0,17,2,19,0,4,26,10,40,0,4,43,12,59,70,0,70,129
08/03/2011,JEF,MO,ACE,CE,Federal Contract Tower,0,0,17,3,20,0,0,37,4,41,0,0,54,7,61,30,0,30,91
08/04/2011,JEF,MO,ACE,CE,Federal Contract Tower,0,0,16,2,18,0,0,24,3,27,0,0,40,5,45,18,12,30,75
08/05/2011,JEF,MO,ACE,CE,Federal Contract Tower,0,3,12,0,15,0,1,21,2,24,0,4,33,2,39,34,0,34,73
08/06/2011,JEF,MO,ACE,CE,Federal Contract Tower,0,0,4,2,6,0,6,23,0,29,0,6,27,2,35,20,0,20,55
08/07/2011,JEF,MO,ACE,CE,Federal Contract Tower,0,0,6,4,10,0,0,12,8,20,0,0,18,12,30,6,0,6,36
08/08/2011,JEF,MO,ACE,CE,Federal Contract Tower,0,0,7,0,7,0,0,22,2,24,0,0,29,2,31,28,4,32,63
08/09/2011,JEF,MO,ACE,CE,Federal Contract Tower,0,0,23,2,25,0,2,56,14,72,0,2,79,16,97,48,4,52,149
08/10/2011,JEF,MO,ACE,CE,Federal Contract Tower,0,0,17,0,17,0,0,36,2,38,0,0,53,2,55,48,0,48,103
08/11/2011,JEF,MO,ACE,CE,Federal Contract Tower,0,0,25,2,27,0,2,53,6,61,0,2,78,8,88,38,2,40,128
08/12/2011,JEF,MO,ACE,CE,Federal Contract Tower,0,0,15,5,20,0,0,19,6,25,0,0,34,11,45,42,0,42,87
08/13/2011,JEF,MO,ACE,CE,Federal Contract Tower,0,0,3,2,5,0,0,15,0,15,0,0,18,2,20,32,0,32,52
08/14/2011,JEF,MO,ACE,CE,Federal Contract Tower,0,0,9,2,11,0,0,27,0,27,0,0,36,2,38,2,0,2,40
08/15/2011,JEF,MO,ACE,CE,Federal Contract Tower,0,2,20,0,22,0,2,27,3,32,0,4,47,3,54,10,0,10,64
08/16/2011,JEF,MO,ACE,CE,Federal Contract Tower,0,0,10,1,11,0,0,5,2,7,0,0,15,3,18,0,0,0,18
08/17/2011,JEF,MO,ACE,CE,Federal Contract Tower,0,2,18,2,22,0,2,30,7,39,0,4,48,9,61,36,24,60,121
08/18/2011,JEF,MO,ACE,CE,Federal Contract Tower,0,2,18,2,22,0,0,26,2,28,0,2,44,4,50,46,0,46,96
08/19/2011,JEF,MO,ACE,CE,Federal Contract Tower,0,2,15,2,19,0,0,31,4,35,0,2,46,6,54,18,0,18,72
08/20/2011,JEF,MO,ACE,CE,Federal Contract Tower,0,0,3,2,5,0,0,14,0,14,0,0,17,2,19,24,0,24,43
08/21/2011,JEF,MO,ACE,CE,Federal Contract Tower,0,2,10,0,12,0,0,42,0,42,0,2,52,0,54,28,0,28,82
08/22/2011,JEF,MO,ACE,CE,Federal Contract Tower,0,1,8,1,10,0,0,20,0,20,0,1,28,1,30,20,0,20,50
08/23/2011,JEF,MO,ACE,CE,Federal Contract Tower,0,0,13,0,13,0,0,47,10,57,0,0,60,10,70,58,8,66,136
08/24/2011,JEF,MO,ACE,CE,Federal Contract Tower,0,3,12,0,15,0,0,39,6,45,0,3,51,6,60,6,0,6,66
08/25/2011,JEF,MO,ACE,CE,Federal Contract Tower,0,0,24,0,24,0,0,61,11,72,0,0,85,11,96,40,6,46,142
08/26/2011,JEF,MO,ACE,CE,Federal Contract Tower,0,2,22,4,28,0,0,32,15,47,0,2,54,19,75,54,0,54,129
08/27/2011,JEF,MO,ACE,CE,Federal Contract Tower,0,4,5,0,9,0,3,25,1,29,0,7,30,1,38,8,0,8,46
08/28/2011,JEF,MO,ACE,CE,Federal Contract Tower,0,0,15,0,15,0,0,18,0,18,0,0,33,0,33,34,0,34,67
08/29/2011,JEF,MO,ACE,CE,Federal Contract Tower,0,0,17,3,20,0,0,34,2,36,0,0,51,5,56,68,0,68,124
08/30/2011,JEF,MO,ACE,CE,Federal Contract Tower,0,4,15,1,20,0,0,25,13,38,0,4,40,14,58,54,2,56,114
08/31/2011,JEF,MO,ACE,CE,Federal Contract Tower,0,0,24,4,28,0,0,37,1,38,0,0,61,5,66,42,0,42,108
09/01/2011,JEF,MO,ACE,CE,Federal Contract Tower,0,2,20,2,24,0,1,30,3,34,0,3,50,5,58,30,8,38,96
09/02/2011,JEF,MO,ACE,CE,Federal Contract Tower,0,2,23,2,27,0,0,41,2,43,0,2,64,4,70,40,0,40,110
09/03/2011,JEF,MO,ACE,CE,Federal Contract Tower,0,0,5,0,5,0,0,12,0,12,0,0,17,0,17,0,0,0,17
09/04/2011,JEF,MO,ACE,CE,Federal Contract Tower,0,0,4,0,4,0,0,21,0,21,0,0,25,0,25,2,0,2,27
09/05/2011,JEF,MO,ACE,CE,Federal Contract Tower,0,1,12,0,13,0,0,29,0,29,0,1,41,0,42,6,0,6,48
09/06/2011,JEF,MO,ACE,CE,Federal Contract Tower,0,5,16,2,23,0,8,54,14,76,0,13,70,16,99,74,0,74,173
09/07/2011,JEF,MO,ACE,CE,Federal Contract Tower,0,3,18,2,23,0,0,39,5,44,0,3,57,7,67,42,0,42,109
09/08/2011,JEF,MO,ACE,CE,Federal Contract Tower,0,8,30,2,40,0,2,35,8,45,0,10,65,10,85,36,0,36,121
09/09/2011,JEF,MO,ACE,CE,Federal Contract Tower,0,2,12,5,19,0,0,36,12,48,0,2,48,17,67,60,4,64,131
09/10/2011,JEF,MO,ACE,CE,Federal Contract Tower,0,1,4,2,7,0,0,21,6,27,0,1,25,8,34,18,0,18,52
09/11/2011,JEF,MO,ACE,CE,Federal Contract Tower,0,5,10,3,18,0,4,28,1,33,0,9,38,4,51,16,0,16,67
09/12/2011,JEF,MO,ACE,CE,Federal Contract Tower,0,0,25,5,30,0,4,31,7,42,0,4,56,12,72,70,0,70,142
09/13/2011,JEF,MO,ACE,CE,Federal Contract Tower,0,0,26,2,28,0,0,49,7,56,0,0,75,9,84,64,0,64,148
09/14/2011,JEF,MO,ACE,CE,Federal Contract Tower,0,2,23,2,27,0,0,5,1,6,0,2,28,3,33,16,0,16,49
09/15/2011,JEF,MO,ACE,CE,Federal Contract Tower,0,2,22,4,28,0,2,39,10,51,0,4,61,14,79,68,0,68,147
09/16/2011,JEF,MO,ACE,CE,Federal Contract Tower,0,2,13,2,17,0,0,22,4,26,0,2,35,6,43,68,0,68,111
09/17/2011,JEF,MO,ACE,CE,Federal Contract Tower,0,0,6,3,9,0,0,6,2,8,0,0,12,5,17,6,0,6,23
09/18/2011,JEF,MO,ACE,CE,Federal Contract Tower,0,2,9,0,11,0,0,2,0,2,0,2,11,0,13,4,0,4,17
09/19/2011,JEF,MO,ACE,CE,Federal Contract Tower,0,2,15,3,20,0,0,29,3,32,0,2,44,6,52,64,0,64,116
09/20/2011,JEF,MO,ACE,CE,Federal Contract Tower,0,0,26,4,30,0,2,44,6,52,0,2,70,10,82,108,0,108,190
09/21/2011,JEF,MO,ACE,CE,Federal Contract Tower,0,0,13,0,13,0,8,47,6,61,0,8,60,6,74,146,6,152,226
09/22/2011,JEF,MO,ACE,CE,Federal Contract Tower,0,0,14,3,17,0,0,38,6,44,0,0,52,9,61,78,22,100,161
09/23/2011,JEF,MO,ACE,CE,Federal Contract Tower,0,2,13,3,18,0,3,35,5,43,0,5,48,8,61,22,0,22,83
09/24/2011,JEF,MO,ACE,CE,Federal Contract Tower,0,2,8,2,12,0,0,10,2,12,0,2,18,4,24,4,10,14,38
09/25/2011,JEF,MO,ACE,CE,Federal Contract Tower,0,0,7,0,7,0,2,31,0,33,0,2,38,0,40,10,0,10,50
09/26/2011,JEF,MO,ACE,CE,Federal Contract Tower,0,0,18,2,20,0,0,37,6,43,0,0,55,8,63,14,0,14,77
09/27/2011,JEF,MO,ACE,CE,Federal Contract Tower,0,0,13,4,17,0,0,55,21,76,0,0,68,25,93,24,12,36,129
09/28/2011,JEF,MO,ACE,CE,Federal Contract Tower,0,8,31,1,40,0,0,27,13,40,0,8,58,14,80,44,4,48,128
09/29/2011,JEF,MO,ACE,CE,Federal Contract Tower,0,2,33,4,39,0,0,32,5,37,0,2,65,9,76,24,0,24,100
09/30/2011,JEF,MO,ACE,CE,Federal Contract Tower,0,0,25,1,26,0,0,23,11,34,0,0,48,12,60,16,4,20,80
10/01/2011,JEF,MO,ACE,CE,Federal Contract Tower,0,0,2,1,3,0,0,154,4,158,0,0,156,5,161,46,0,46,207
10/02/2011,JEF,MO,ACE,CE,Federal Contract Tower,0,0,7,0,7,0,4,29,0,33,0,4,36,0,40,0,0,0,40
10/03/2011,JEF,MO,ACE,CE,Federal Contract Tower,0,2,13,6,21,0,0,35,2,37,0,2,48,8,58,52,0,52,110
10/04/2011,JEF,MO,ACE,CE,Federal Contract Tower,0,0,17,3,20,0,0,38,9,47,0,0,55,12,67,16,22,38,105
10/05/2011,JEF,MO,ACE,CE,Federal Contract Tower,0,2,12,3,17,0,2,32,8,42,0,4,44,11,59,40,2,42,101
10/06/2011,JEF,MO,ACE,CE,Federal Contract Tower,0,2,27,2,31,0,0,26,1,27,0,2,53,3,58,52,0,52,110
10/07/2011,JEF,MO,ACE,CE,Federal Contract Tower,0,2,17,2,21,0,0,17,1,18,0,2,34,3,39,0,0,0,39
10/08/2011,JEF,MO,ACE,CE,Federal Contract Tower,0,0,7,0,7,0,0,12,0,12,0,0,19,0,19,0,0,0,19
10/09/2011,JEF,MO,ACE,CE,Federal Contract Tower,0,0,9,0,9,0,2,39,0,41,0,2,48,0,50,8,0,8,58
10/10/2011,JEF,MO,ACE,CE,Federal Contract Tower,0,0,5,0,5,0,0,24,0,24,0,0,29,0,29,30,0,30,59
10/11/2011,JEF,MO,ACE,CE,Federal Contract Tower,0,0,21,1,22,0,1,32,18,51,0,1,53,19,73,26,0,26,99
10/12/2011,JEF,MO,ACE,CE,Federal Contract Tower,0,2,27,1,30,0,0,14,8,22,0,2,41,9,52,16,0,16,68
10/13/2011,JEF,MO,ACE,CE,Federal Contract Tower,0,2,35,2,39,0,0,24,1,25,0,2,59,3,64,16,0,16,80
10/14/2011,JEF,MO,ACE,CE,Federal Contract Tower,0,0,21,0,21,0,0,23,3,26,0,0,44,3,47,16,0,16,63
10/15/2011,JEF,MO,ACE,CE,Federal Contract Tower,0,0,5,2,7,0,0,13,1,14,0,0,18,3,21,38,0,38,59
10/16/2011,JEF,MO,ACE,CE,Federal Contract Tower,0,0,6,2,8,0,0,20,2,22,0,0,26,4,30,2,0,2,32
10/17/2011,JEF,MO,ACE,CE,Federal Contract Tower,0,2,18,0,20,0,0,22,0,22,0,2,40,0,42,14,0,14,56
10/18/2011,JEF,MO,ACE,CE,Federal Contract Tower,0,0,20,0,20,0,0,21,2,23,0,0,41,2,43,30,2,32,75
10/19/2011,JEF,MO,ACE,CE,Federal Contract Tower,0,1,26,1,28,0,0,10,2,12,0,1,36,3,40,18,0,18,58
10/20/2011,JEF,MO,ACE,CE,Federal Contract Tower,0,4,29,0,33,0,1,26,4,31,0,5,55,4,64,6,2,8,72
10/21/2011,JEF,MO,ACE,CE,Federal Contract Tower,0,1,27,0,28,0,0,37,11,48,0,1,64,11,76,52,0,52,128
10/22/2011,JEF,MO,ACE,CE,Federal Contract Tower,0,0,15,0,15,0,1,24,0,25,0,1,39,0,40,24,0,24,64
10/23/2011,JEF,MO,ACE,CE,Federal Contract Tower,0,2,13,0,15,0,6,38,0,44,0,8,51,0,59,10,0,10,69
10/24/2011,JEF,MO,ACE,CE,Federal Contract Tower,0,2,12,0,14,0,2,48,7,57,0,4,60,7,71,86,0,86,157
10/25/2011,JEF,MO,ACE,CE,Federal Contract Tower,0,0,18,0,18,0,0,19,10,29,0,0,37,10,47,10,0,10,57
10/26/2011,JEF,MO,ACE,CE,Federal Contract Tower,0,3,26,1,30,0,0,3,4,7,0,3,29,5,37,0,2,2,39
10/27/2011,JEF,MO,ACE,CE,Federal Contract Tower,0,2,32,1,35,0,0,23,14,37,0,2,55,15,72,2,0,2,74
10/28/2011,JEF,MO,ACE,CE,Federal Contract Tower,0,1,18,2,21,0,0,23,1,24,0,1,41,3,45,16,0,16,61
10/29/2011,JEF,MO,ACE,CE,Federal Contract Tower,0,0,13,0,13,0,0,28,4,32,0,0,41,4,45,8,0,8,53
10/30/2011,JEF,MO,ACE,CE,Federal Contract Tower,0,0,15,0,15,0,0,14,0,14,0,0,29,0,29,8,0,8,37
10/31/2011,JEF,MO,ACE,CE,Federal Contract Tower,0,0,13,2,15,0,0,45,0,45,0,0,58,2,60,26,0,26,86
11/01/2011,JEF,MO,ACE,CE,Federal Contract Tower,0,0,17,4,21,0,0,23,10,33,0,0,40,14,54,12,0,12,66
11/02/2011,JEF,MO,ACE,CE,Federal Contract Tower,0,0,12,2,14,0,0,16,3,19,0,0,28,5,33,14,0,14,47
11/03/2011,JEF,MO,ACE,CE,Federal Contract Tower,0,0,15,2,17,0,0,10,4,14,0,0,25,6,31,46,0,46,77
11/04/2011,JEF,MO,ACE,CE,Federal Contract Tower,0,0,28,3,31,0,2,29,7,38,0,2,57,10,69,54,0,54,123
11/05/2011,JEF,MO,ACE,CE,Federal Contract Tower,0,0,12,0,12,0,0,16,2,18,0,0,28,2,30,32,0,32,62
11/06/2011,JEF,MO,ACE,CE,Federal Contract Tower,0,0,9,1,10,0,0,13,4,17,0,0,22,5,27,0,0,0,27
11/07/2011,JEF,MO,ACE,CE,Federal Contract Tower,0,1,13,4,18,0,0,0,0,0,0,1,13,4,18,0,4,4,22
11/08/2011,JEF,MO,ACE,CE,Federal Contract Tower,0,1,12,4,17,0,0,8,2,10,0,1,20,6,27,0,24,24,51
11/09/2011,JEF,MO,ACE,CE,Federal Contract Tower,0,1,26,2,29,0,0,19,6,25,0,1,45,8,54,26,2,28,82
11/10/2011,JEF,MO,ACE,CE,Federal Contract Tower,0,0,30,1,31,0,0,25,2,27,0,0,55,3,58,42,0,42,100
11/11/2011,JEF,MO,ACE,CE,Federal Contract Tower,0,2,7,0,9,0,2,21,0,23,0,4,28,0,32,10,0,10,42
11/12/2011,JEF,MO,ACE,CE,Federal Contract Tower,0,1,2,0,3,0,0,7,0,7,0,1,9,0,10,0,0,0,10
11/13/2011,JEF,MO,ACE,CE,Federal Contract Tower,0,0,2,0,2,0,3,28,0,31,0,3,30,0,33,4,0,4,37
11/14/2011,JEF,MO,ACE,CE,Federal Contract Tower,0,4,15,1,20,0,4,10,0,14,0,8,25,1,34,18,0,18,52
11/15/2011,JEF,MO,ACE,CE,Federal Contract Tower,0,0,17,2,19,0,2,58,3,63,0,2,75,5,82,76,12,88,170
11/16/2011,JEF,MO,ACE,CE,Federal Contract Tower,0,0,22,0,22,0,2,21,6,29,0,2,43,6,51,36,2,38,89
11/17/2011,JEF,MO,ACE,CE,Federal Contract Tower,0,2,17,2,21,0,4,22,0,26,0,6,39,2,47,32,0,32,79
11/18/2011,JEF,MO,ACE,CE,Federal Contract Tower,0,3,7,2,12,0,0,13,4,17,0,3,20,6,29,19,0,19,48
11/19/2011,JEF,MO,ACE,CE,Federal Contract Tower,0,0,7,0,7,0,2,2,0,4,0,2,9,0,11,0,0,0,11
11/20/2011,JEF,MO,ACE,CE,Federal Contract Tower,0,0,7,0,7,0,0,8,0,8,0,0,15,0,15,0,0,0,15
11/21/2011,JEF,MO,ACE,CE,Federal Contract Tower,0,0,21,0,21,0,0,0,0,0,0,0,21,0,21,0,0,0,21
11/22/2011,JEF,MO,ACE,CE,Federal Contract Tower,0,2,15,0,17,0,0,0,0,0,0,2,15,0,17,0,40,40,57
11/23/2011,JEF,MO,ACE,CE,Federal Contract Tower,0,1,15,1,17,0,0,11,4,15,0,1,26,5,32,34,20,54,86
11/24/2011,JEF,MO,ACE,CE,Federal Contract Tower,0,1,1,0,2,0,0,0,0,0,0,1,1,0,2,6,0,6,8
11/25/2011,JEF,MO,ACE,CE,Federal Contract Tower,0,3,5,0,8,0,0,4,0,4,0,3,9,0,12,0,0,0,12
11/26/2011,JEF,MO,ACE,CE,Federal Contract Tower,0,3,4,0,7,0,0,0,0,0,0,3,4,0,7,0,0,0,7
11/27/2011,JEF,MO,ACE,CE,Federal Contract Tower,0,6,11,0,17,0,0,6,0,6,0,6,17,0,23,4,0,4,27
11/28/2011,JEF,MO,ACE,CE,Federal Contract Tower,0,0,11,2,13,0,0,22,0,22,0,0,33,2,35,20,10,30,65
11/29/2011,JEF,MO,ACE,CE,Federal Contract Tower,0,4,11,7,22,0,0,27,6,33,0,4,38,13,55,10,24,34,89
11/30/2011,JEF,MO,ACE,CE,Federal Contract Tower,0,3,15,5,23,0,2,42,3,47,0,5,57,8,70,46,2,48,118
12/01/2011,JEF,MO,ACE,CE,Federal Contract Tower,0,1,13,6,20,0,4,45,5,54,0,5,58,11,74,122,12,134,208
12/02/2011,JEF,MO,ACE,CE,Federal Contract Tower,0,2,27,2,31,0,0,20,3,23,0,2,47,5,54,104,8,112,166
12/03/2011,JEF,MO,ACE,CE,Federal Contract Tower,0,2,3,2,7,0,0,10,4,14,0,2,13,6,21,10,0,10,31
12/04/2011,JEF,MO,ACE,CE,Federal Contract Tower,0,0,8,2,10,0,1,1,2,4,0,1,9,4,14,0,0,0,14
12/05/2011,JEF,MO,ACE,CE,Federal Contract Tower,0,1,10,2,13,0,0,18,0,18,0,1,28,2,31,18,0,18,49
12/06/2011,JEF,MO,ACE,CE,Federal Contract Tower,0,0,9,0,9,0,1,0,3,4,0,1,9,3,13,0,46,46,59
12/07/2011,JEF,MO,ACE,CE,Federal Contract Tower,0,0,13,2,15,0,2,30,5,37,0,2,43,7,52,78,0,78,130
12/08/2011,JEF,MO,ACE,CE,Federal Contract Tower,0,2,26,1,29,0,0,25,10,35,0,2,51,11,64,44,52,96,160
12/09/2011,JEF,MO,ACE,CE,Federal Contract Tower,0,0,14,0,14,0,0,20,6,26,0,0,34,6,40,14,0,14,54
12/10/2011,JEF,MO,ACE,CE,Federal Contract Tower,0,0,5,0,5,0,0,18,0,18,0,0,23,0,23,0,0,0,23
12/11/2011,JEF,MO,ACE,CE,Federal Contract Tower,0,2,7,0,9,0,3,29,0,32,0,5,36,0,41,4,0,4,45
12/12/2011,JEF,MO,ACE,CE,Federal Contract Tower,0,0,26,5,31,0,2,27,8,37,0,2,53,13,68,82,2,84,152
12/13/2011,JEF,MO,ACE,CE,Federal Contract Tower,0,0,13,2,15,0,0,0,0,0,0,0,13,2,15,0,0,0,15
12/14/2011,JEF,MO,ACE,CE,Federal Contract Tower,0,1,16,2,19,0,0,0,2,2,0,1,16,4,21,0,20,20,41
12/15/2011,JEF,MO,ACE,CE,Federal Contract Tower,0,2,15,1,18,0,0,13,0,13,0,2,28,1,31,0,0,0,31
12/16/2011,JEF,MO,ACE,CE,Federal Contract Tower,0,2,28,0,30,0,0,30,0,30,0,2,58,0,60,90,4,94,154
12/17/2011,JEF,MO,ACE,CE,Federal Contract Tower,0,2,1,0,3,0,0,33,0,33,0,2,34,0,36,34,0,34,70
12/18/2011,JEF,MO,ACE,CE,Federal Contract Tower,0,1,6,0,7,0,1,15,0,16,0,2,21,0,23,18,0,18,41
12/19/2011,JEF,MO,ACE,CE,Federal Contract Tower,0,1,9,5,15,0,0,4,10,14,0,1,13,15,29,22,20,42,71
12/20/2011,JEF,MO,ACE,CE,Federal Contract Tower,0,1,13,0,14,0,0,0,0,0,0,1,13,0,14,0,0,0,14
12/21/2011,JEF,MO,ACE,CE,Federal Contract Tower,0,5,23,0,28,0,1,9,4,14,0,6,32,4,42,16,0,16,58
12/22/2011,JEF,MO,ACE,CE,Federal Contract Tower,0,3,23,0,26,0,0,5,2,7,0,3,28,2,33,0,18,18,51
12/23/2011,JEF,MO,ACE,CE,Federal Contract Tower,0,0,15,0,15,0,0,27,0,27,0,0,42,0,42,24,0,24,66
12/24/2011,JEF,MO,ACE,CE,Federal Contract Tower,0,0,0,0,0,0,0,5,0,5,0,0,5,0,5,0,0,0,5
12/25/2011,JEF,MO,ACE,CE,Federal Contract Tower,0,0,0,0,0,0,0,5,0,5,0,0,5,0,5,0,0,0,5
12/26/2011,JEF,MO,ACE,CE,Federal Contract Tower,0,3,19,0,22,0,0,5,0,5,0,3,24,0,27,0,0,0,27
12/27/2011,JEF,MO,ACE,CE,Federal Contract Tower,0,2,11,4,17,0,0,30,5,35,0,2,41,9,52,16,14,30,82
12/28/2011,JEF,MO,ACE,CE,Federal Contract Tower,0,1,15,0,16,0,0,36,1,37,0,1,51,1,53,8,16,24,77
12/29/2011,JEF,MO,ACE,CE,Federal Contract Tower,0,3,12,3,18,0,0,23,8,31,0,3,35,11,49,38,0,38,87
12/30/2011,JEF,MO,ACE,CE,Federal Contract Tower,0,2,11,1,14,0,0,2,0,2,0,2,13,1,16,0,0,0,16
12/31/2011,JEF,MO,ACE,CE,Federal Contract Tower,0,1,5,0,6,0,0,11,0,11,0,1,16,0,17,8,0,8,25
01/01/2012,JEF,MO,ACE,CE,Federal Contract Tower,0,1,1,0,2,0,0,0,0,0,0,1,1,0,2,8,0,8,10
01/02/2012,JEF,MO,ACE,CE,Federal Contract Tower,0,2,9,0,11,0,0,11,0,11,0,2,20,0,22,6,0,6,28
01/03/2012,JEF,MO,ACE,CE,Federal Contract Tower,0,4,16,1,21,0,0,43,13,56,0,4,59,14,77,26,86,112,189
01/04/2012,JEF,MO,ACE,CE,Federal Contract Tower,0,2,13,3,18,0,0,38,9,47,0,2,51,12,65,74,2,76,141
01/05/2012,JEF,MO,ACE,CE,Federal Contract Tower,0,0,10,0,10,0,0,33,8,41,0,0,43,8,51,28,6,34,85
01/06/2012,JEF,MO,ACE,CE,Federal Contract Tower,0,2,15,2,19,0,0,33,5,38,0,2,48,7,57,36,28,64,121
01/07/2012,JEF,MO,ACE,CE,Federal Contract Tower,0,2,2,1,5,0,0,38,0,38,0,2,40,1,43,30,0,30,73
01/08/2012,JEF,MO,ACE,CE,Federal Contract Tower,0,2,4,2,8,0,0,16,2,18,0,2,20,4,26,2,8,10,36
01/09/2012,JEF,MO,ACE,CE,Federal Contract Tower,0,4,23,2,29,0,4,30,6,40,0,8,53,8,69,18,0,18,87
01/10/2012,JEF,MO,ACE,CE,Federal Contract Tower,0,2,21,0,23,0,2,38,6,46,0,4,59,6,69,38,8,46,115
01/11/2012,JEF,MO,ACE,CE,Federal Contract Tower,0,0,13,4,17,0,2,39,2,43,0,2,52,6,60,42,4,46,106
01/12/2012,JEF,MO,ACE,CE,Federal Contract Tower,0,4,10,2,16,0,0,1,0,1,0,4,11,2,17,0,0,0,17
01/13/2012,JEF,MO,ACE,CE,Federal Contract Tower,0,4,7,2,13,0,0,17,2,19,0,4,24,4,32,12,0,12,44
01/14/2012,JEF,MO,ACE,CE,Federal Contract Tower,0,2,5,0,7,0,0,19,6,25,0,2,24,6,32,38,0,38,70
01/15/2012,JEF,MO,ACE,CE,Federal Contract Tower,0,2,14,0,16,0,1,8,0,9,0,3,22,0,25,4,0,4,29
01/16/2012,JEF,MO,ACE,CE,Federal Contract Tower,0,0,9,0,9,0,4,19,0,23,0,4,28,0,32,4,0,4,36
01/17/2012,JEF,MO,ACE,CE,Federal Contract Tower,0,0,24,0,24,0,0,11,2,13,0,0,35,2,37,32,0,32,69
01/18/2012,JEF,MO,ACE,CE,Federal Contract Tower,0,0,17,3,20,0,0,29,20,49,0,0,46,23,69,38,18,56,125
01/19/2012,JEF,MO,ACE,CE,Federal Contract Tower,0,0,14,0,14,0,2,27,2,31,0,2,41,2,45,16,2,18,63
01/20/2012,JEF,MO,ACE,CE,Federal Contract Tower,0,2,12,0,14,0,0,4,0,4,0,2,16,0,18,0,0,0,18
01/21/2012,JEF,MO,ACE,CE,Federal Contract Tower,0,1,6,1,8,0,0,0,0,0,0,1,6,1,8,0,0,0,8
01/22/2012,JEF,MO,ACE,CE,Federal Contract Tower,0,0,4,0,4,0,0,0,0,0,0,0,4,0,4,0,0,0,4
01/23/2012,JEF,MO,ACE,CE,Federal Contract Tower,0,0,16,4,20,0,0,21,4,25,0,0,37,8,45,22,0,22,67
01/24/2012,JEF,MO,ACE,CE,Federal Contract Tower,0,0,13,1,14,0,1,43,22,66,0,1,56,23,80,34,0,34,114
01/25/2012,JEF,MO,ACE,CE,Federal Contract Tower,0,5,20,0,25,0,0,4,0,4,0,5,24,0,29,0,0,0,29
01/26/2012,JEF,MO,ACE,CE,Federal Contract Tower,0,2,30,2,34,0,0,2,1,3,0,2,32,3,37,0,0,0,37
01/27/2012,JEF,MO,ACE,CE,Federal Contract Tower,0,0,13,1,14,0,0,28,4,32,0,0,41,5,46,64,4,68,114
01/28/2012,JEF,MO,ACE,CE,Federal Contract Tower,0,1,5,0,6,0,0,15,1,16,0,1,20,1,22,14,0,14,36
01/29/2012,JEF,MO,ACE,CE,Federal Contract Tower,0,0,7,0,7,0,2,19,0,21,0,2,26,0,28,18,0,18,46
01/30/2012,JEF,MO,ACE,CE,Federal Contract Tower,0,2,21,2,25,0,0,0,2,2,0,2,21,4,27,38,18,56,83
01/31/2012,JEF,MO,ACE,CE,Federal Contract Tower,0,0,17,0,17,0,0,19,8,27,0,0,36,8,44,34,0,34,78
02/01/2012,JEF,MO,ACE,CE,Federal Contract Tower,0,0,20,1,21,0,1,42,1,44,0,1,62,2,65,30,4,34,99
02/02/2012,JEF,MO,ACE,CE,Federal Contract Tower,0,2,20,5,27,0,0,37,2,39,0,2,57,7,66,34,2,36,102
02/03/2012,JEF,MO,ACE,CE,Federal Contract Tower,0,2,5,3,10,0,0,9,2,11,0,2,14,5,21,4,2,6,27
02/04/2012,JEF,MO,ACE,CE,Federal Contract Tower,0,0,6,0,6,0,0,0,0,0,0,0,6,0,6,2,0,2,8
02/05/2012,JEF,MO,ACE,CE,Federal Contract Tower,0,2,7,0,9,0,2,23,0,25,0,4,30,0,34,6,0,6,40
02/06/2012,JEF,MO,ACE,CE,Federal Contract Tower,0,1,11,0,12,0,4,22,0,26,0,5,33,0,38,20,0,20,58
02/07/2012,JEF,MO,ACE,CE,Federal Contract Tower,0,0,22,2,24,0,0,17,10,27,0,0,39,12,51,62,0,62,113
02/08/2012,JEF,MO,ACE,CE,Federal Contract Tower,0,2,21,4,27,0,0,4,0,4,0,2,25,4,31,14,0,14,45
02/09/2012,JEF,MO,ACE,CE,Federal Contract Tower,0,2,26,2,30,0,0,30,3,33,0,2,56,5,63,28,4,32,95
02/10/2012,JEF,MO,ACE,CE,Federal Contract Tower,0,1,9,2,12,0,2,5,4,11,0,3,14,6,23,14,0,14,37
02/11/2012,JEF,MO,ACE,CE,Federal Contract Tower,0,2,12,0,14,0,0,13,2,15,0,2,25,2,29,2,0,2,31
02/12/2012,JEF,MO,ACE,CE,Federal Contract Tower,0,1,3,3,7,0,2,29,2,33,0,3,32,5,40,32,0,32,72
02/13/2012,JEF,MO,ACE,CE,Federal Contract Tower,0,0,3,0,3,0,0,0,0,0,0,0,3,0,3,0,0,0,3
02/14/2012,JEF,MO,ACE,CE,Federal Contract Tower,0,0,16,4,20,0,0,10,6,16,0,0,26,10,36,0,0,0,36
02/15/2012,JEF,MO,ACE,CE,Federal Contract Tower,0,0,22,2,24,0,0,9,0,9,0,0,31,2,33,28,0,28,61
02/16/2012,JEF,MO,ACE,CE,Federal Contract Tower,0,0,34,4,38,0,2,17,3,22,0,2,51,7,60,32,4,36,96
02/17/2012,JEF,MO,ACE,CE,Federal Contract Tower,0,4,17,1,22,0,2,66,5,73,0,6,83,6,95,24,2,26,121
02/18/2012,JEF,MO,ACE,CE,Federal Contract Tower,0,0,5,0,5,0,0,34,0,34,0,0,39,0,39,18,0,18,57
02/19/2012,JEF,MO,ACE,CE,Federal Contract Tower,0,0,5,0,5,0,6,52,0,58,0,6,57,0,63,6,0,6,69
02/20/2012,JEF,MO,ACE,CE,Federal Contract Tower,0,0,8,0,8,0,0,26,0,26,0,0,34,0,34,22,0,22,56
02/21/2012,JEF,MO,ACE,CE,Federal Contract Tower,0,6,20,4,30,0,0,19,16,35,0,6,39,20,65,0,20,20,85
02/22/2012,JEF,MO,ACE,CE,Federal Contract Tower,0,0,7,2,9,0,4,45,2,51,0,4,52,4,60,34,0,34,94
02/23/2012,JEF,MO,ACE,CE,Federal Contract Tower,0,2,28,0,30,0,0,27,11,38,0,2,55,11,68,102,54,156,224
02/24/2012,JEF,MO,ACE,CE,Federal Contract Tower,0,3,15,2,20,0,1,20,9,30,0,4,35,11,50,0,0,0,50
02/25/2012,JEF,MO,ACE,CE,Federal Contract Tower,0,0,2,1,3,0,4,34,1,39,0,4,36,2,42,34,0,34,76
02/26/2012,JEF,MO,ACE,CE,Federal Contract Tower,0,0,9,0,9,0,0,15,0,15,0,0,24,0,24,0,0,0,24
02/27/2012,JEF,MO,ACE,CE,Federal Contract Tower,0,0,16,0,16,0,2,36,8,46,0,2,52,8,62,122,30,152,214
02/28/2012,JEF,MO,ACE,CE,Federal Contract Tower,0,0,25,2,27,0,0,22,5,27,0,0,47,7,54,0,30,30,84
02/29/2012,JEF,MO,ACE,CE,Federal Contract Tower,0,0,16,2,18,0,4,16,13,33,0,4,32,15,51,0,22,22,73
03/01/2012,JEF,MO,ACE,CE,Federal Contract Tower,0,0,17,2,19,0,1,10,8,19,0,1,27,10,38,0,12,12,50
03/02/2012,JEF,MO,ACE,CE,Federal Contract Tower,0,0,5,0,5,0,0,6,6,12,0,0,11,6,17,4,0,4,21
03/03/2012,JEF,MO,ACE,CE,Federal Contract Tower,0,0,5,0,5,0,0,17,0,17,0,0,22,0,22,6,0,6,28
03/04/2012,JEF,MO,ACE,CE,Federal Contract Tower,0,0,7,2,9,0,0,19,0,19,0,0,26,2,28,20,0,20,48
03/05/2012,JEF,MO,ACE,CE,Federal Contract Tower,0,0,17,0,17,0,5,44,30,79,0,5,61,30,96,50,20,70,166
03/06/2012,JEF,MO,ACE,CE,Federal Contract Tower,0,1,6,0,7,0,0,12,5,17,0,1,18,5,24,0,0,0,24
03/07/2012,JEF,MO,ACE,CE,Federal Contract Tower,0,4,19,2,25,0,3,14,2,19,0,7,33,4,44,2,0,2,46
03/08/2012,JEF,MO,ACE,CE,Federal Contract Tower,0,2,27,6,35,0,0,20,0,20,0,2,47,6,55,48,0,48,103
03/09/2012,JEF,MO,ACE,CE,Federal Contract Tower,0,0,12,2,14,0,2,71,9,82,0,2,83,11,96,44,20,64,160
03/10/2012,JEF,MO,ACE,CE,Federal Contract Tower,0,4,12,2,18,0,0,27,2,29,0,4,39,4,47,38,0,38,85
03/11/2012,JEF,MO,ACE,CE,Federal Contract Tower,0,0,7,1,8,0,2,7,0,9,0,2,14,1,17,0,0,0,17
03/12/2012,JEF,MO,ACE,CE,Federal Contract Tower,0,0,25,2,27,0,2,40,12,54,0,2,65,14,81,22,20,42,123
03/13/2012,JEF,MO,ACE,CE,Federal Contract Tower,0,0,20,0,20,0,4,52,12,68,0,4,72,12,88,40,22,62,150
03/14/2012,JEF,MO,ACE,CE,Federal Contract Tower,0,7,14,2,23,0,0,28,9,37,0,7,42,11,60,14,22,36,96
03/15/2012,JEF,MO,ACE,CE,Federal Contract Tower,0,2,17,2,21,0,0,30,14,44,0,2,47,16,65,10,56,66,131
03/16/2012,JEF,MO,ACE,CE,Federal Contract Tower,0,3,17,2,22,0,0,44,2,46,0,3,61,4,68,90,0,90,158
03/17/2012,JEF,MO,ACE,CE,Federal Contract Tower,0,6,4,0,10,0,0,8,0,8,0,6,12,0,18,0,0,0,18
03/18/2012,JEF,MO,ACE,CE,Federal Contract Tower,0,3,13,0,16,0,0,18,10,28,0,3,31,10,44,14,0,14,58
03/19/2012,JEF,MO,ACE,CE,Federal Contract Tower,0,0,8,1,9,0,0,16,6,22,0,0,24,7,31,20,0,20,51
03/20/2012,JEF,MO,ACE,CE,Federal Contract Tower,0,0,14,0,14,0,0,22,0,22,0,0,36,0,36,6,0,6,42
03/21/2012,JEF,MO,ACE,CE,Federal Contract Tower,0,1,11,1,13,0,0,31,4,35,0,1,42,5,48,62,0,62,110
03/22/2012,JEF,MO,ACE,CE,Federal Contract Tower,0,0,11,3,14,0,0,32,19,51,0,0,43,22,65,92,22,114,179
03/23/2012,JEF,MO,ACE,CE,Federal Contract Tower,0,2,14,2,18,0,0,7,4,11,0,2,21,6,29,2,62,64,93
03/24/2012,JEF,MO,ACE,CE,Federal Contract Tower,0,0,1,2,3,0,1,42,8,51,0,1,43,10,54,52,8,60,114
03/25/2012,JEF,MO,ACE,CE,Federal Contract Tower,0,0,4,2,6,0,2,35,1,38,0,2,39,3,44,34,18,52,96
03/26/2012,JEF,MO,ACE,CE,Federal Contract Tower,0,0,6,3,9,0,3,37,6,46,0,3,43,9,55,22,0,22,77
03/27/2012,JEF,MO,ACE,CE,Federal Contract Tower,0,0,14,0,14,0,0,57,14,71,0,0,71,14,85,20,52,72,157
03/28/2012,JEF,MO,ACE,CE,Federal Contract Tower,0,2,12,2,16,0,3,33,19,55,0,5,45,21,71,42,88,130,201
03/29/2012,JEF,MO,ACE,CE,Federal Contract Tower,0,4,14,2,20,0,0,33,4,37,0,4,47,6,57,104,0,104,161
03/30/2012,JEF,MO,ACE,CE,Federal Contract Tower,0,0,13,0,13,0,4,36,9,49,0,4,49,9,62,86,0,86,148
03/31/2012,JEF,MO,ACE,CE,Federal Contract Tower,0,2,12,0,14,0,0,24,0,24,0,2,36,0,38,28,0,28,66
04/01/2012,JEF,MO,ACE,CE,Federal Contract Tower,0,3,9,0,12,0,4,30,0,34,0,7,39,0,46,16,0,16,62
04/02/2012,JEF,MO,ACE,CE,Federal Contract Tower,0,6,23,0,29,0,3,42,3,48,0,9,65,3,77,34,0,34,111
04/03/2012,JEF,MO,ACE,CE,Federal Contract Tower,0,0,20,0,20,0,0,22,1,23,0,0,42,1,43,32,2,34,77
04/04/2012,JEF,MO,ACE,CE,Federal Contract Tower,0,0,23,0,23,0,0,17,14,31,0,0,40,14,54,60,44,104,158
04/05/2012,JEF,MO,ACE,CE,Federal Contract Tower,0,0,36,0,36,0,0,12,0,12,0,0,48,0,48,14,10,24,72
04/06/2012,JEF,MO,ACE,CE,Federal Contract Tower,0,0,14,0,14,0,7,80,14,101,0,7,94,14,115,72,10,82,197
04/07/2012,JEF,MO,ACE,CE,Federal Contract Tower,0,0,14,0,14,0,0,21,0,21,0,0,35,0,35,12,0,12,47
04/08/2012,JEF,MO,ACE,CE,Federal Contract Tower,0,1,16,0,17,0,0,42,0,42,0,1,58,0,59,14,0,14,73
04/09/2012,JEF,MO,ACE,CE,Federal Contract Tower,0,1,12,0,13,0,2,43,9,54,0,3,55,9,67,66,22,88,155
04/10/2012,JEF,MO,ACE,CE,Federal Contract Tower,0,0,18,0,18,0,2,36,17,55,0,2,54,17,73,18,54,72,145
04/11/2012,JEF,MO,ACE,CE,Federal Contract Tower,0,0,16,0,16,0,0,50,17,67,0,0,66,17,83,54,44,98,181
04/12/2012,JEF,MO,ACE,CE,Federal Contract Tower,0,0,25,0,25,0,0,33,20,53,0,0,58,20,78,40,10,50,128
04/13/2012,JEF,MO,ACE,CE,Federal Contract Tower,0,2,17,0,19,0,0,10,0,10,0,2,27,0,29,28,0,28,57
04/14/2012,JEF,MO,ACE,CE,Federal Contract Tower,0,0,9,0,9,0,0,11,2,13,0,0,20,2,22,18,0,18,40
04/15/2012,JEF,MO,ACE,CE,Federal Contract Tower,0,0,1,0,1,0,0,1,6,7,0,0,2,6,8,0,32,32,40
04/16/2012,JEF,MO,ACE,CE,Federal Contract Tower,0,0,24,0,24,0,2,33,6,41,0,2,57,6,65,18,0,18,83
04/17/2012,JEF,MO,ACE,CE,Federal Contract Tower,0,0,14,1,15,0,6,65,3,74,0,6,79,4,89,20,12,32,121
04/18/2012,JEF,MO,ACE,CE,Federal Contract Tower,0,1,10,0,11,0,0,42,0,42,0,1,52,0,53,10,0,10,63
04/19/2012,JEF,MO,ACE,CE,Federal Contract Tower,0,3,20,3,26,0,0,47,1,48,0,3,67,4,74,6,0,6,80
04/20/2012,JEF,MO,ACE,CE,Federal Contract Tower,0,1,24,0,25,0,2,22,8,32,0,3,46,8,57,16,0,16,73
04/21/2012,JEF,MO,ACE,CE,Federal Contract Tower,0,1,7,0,8,0,8,32,0,40,0,9,39,0,48,6,0,6,54
04/22/2012,JEF,MO,ACE,CE,Federal Contract Tower,0,0,13,0,13,0,0,15,0,15,0,0,28,0,28,0,0,0,28
04/23/2012,JEF,MO,ACE,CE,Federal Contract Tower,0,2,16,2,20,0,2,46,7,55,0,4,62,9,75,70,8,78,153
04/24/2012,JEF,MO,ACE,CE,Federal Contract Tower,0,2,21,1,24,0,0,52,1,53,0,2,73,2,77,22,12,34,111
04/25/2012,JEF,MO,ACE,CE,Federal Contract Tower,0,1,12,3,16,0,0,26,4,30,0,1,38,7,46,16,0,16,62
04/26/2012,JEF,MO,ACE,CE,Federal Contract Tower,0,2,26,0,28,0,4,28,10,42,0,6,54,10,70,18,2,20,90
04/27/2012,JEF,MO,ACE,CE,Federal Contract Tower,0,2,20,0,22,0,0,19,0,19,0,2,39,0,41,0,0,0,41
04/28/2012,JEF,MO,ACE,CE,Federal Contract Tower,0,0,12,0,12,0,0,15,4,19,0,0,27,4,31,0,0,0,31
04/29/2012,JEF,MO,ACE,CE,Federal Contract Tower,0,2,4,2,8,0,0,0,0,0,0,2,4,2,8,0,2,2,10
04/30/2012,JEF,MO,ACE,CE,Federal Contract Tower,0,3,11,1,15,0,0,18,0,18,0,3,29,1,33,40,0,40,73
05/01/2012,JEF,MO,ACE,CE,Federal Contract Tower,0,3,18,1,22,0,0,24,6,30,0,3,42,7,52,58,28,86,138
05/02/2012,JEF,MO,ACE,CE,Federal Contract Tower,0,4,29,2,35,0,2,34,2,38,0,6,63,4,73,52,36,88,161
05/03/2012,JEF,MO,ACE,CE,Federal Contract Tower,0,7,21,4,32,0,0,24,2,26,0,7,45,6,58,54,0,54,112
05/04/2012,JEF,MO,ACE,CE,Federal Contract Tower,0,2,12,1,15,0,0,24,15,39,0,2,36,16,54,28,24,52,106
05/05/2012,JEF,MO,ACE,CE,Federal Contract Tower,0,4,10,1,15,0,1,30,6,37,0,5,40,7,52,28,8,36,88
05/06/2012,JEF,MO,ACE,CE,Federal Contract Tower,0,11,11,0,22,0,0,28,1,29,0,11,39,1,51,10,0,10,61
05/07/2012,JEF,MO,ACE,CE,Federal Contract Tower,0,10,11,2,23,0,0,11,2,13,0,10,22,4,36,14,2,16,52
05/08/2012,JEF,MO,ACE,CE,Federal Contract Tower,0,12,16,2,30,0,2,43,4,49,0,14,59,6,79,26,28,54,133
05/09/2012,JEF,MO,ACE,CE,Federal Contract Tower,0,15,21,2,38,0,0,61,6,67,0,15,82,8,105,74,14,88,193
05/10/2012,JEF,MO,ACE,CE,Federal Contract Tower,0,11,23,2,36,0,0,55,16,71,0,11,78,18,107,55,14,69,176
05/11/2012,JEF,MO,ACE,CE,Federal Contract Tower,0,2,29,4,35,0,0,51,5,56,0,2,80,9,91,52,0,52,143
05/12/2012,JEF,MO,ACE,CE,Federal Contract Tower,0,4,18,0,22,0,0,42,0,42,0,4,60,0,64,32,0,32,96
05/13/2012,JEF,MO,ACE,CE,Federal Contract Tower,0,2,11,0,13,0,0,15,0,15,0,2,26,0,28,0,0,0,28
05/14/2012,JEF,MO,ACE,CE,Federal Contract Tower,0,2,25,2,29,0,6,38,10,54,0,8,63,12,83,68,0,68,151
05/15/2012,JEF,MO,ACE,CE,Federal Contract Tower,0,0,16,0,16,0,4,47,11,62,0,4,63,11,78,68,0,68,146
05/16/2012,JEF,MO,ACE,CE,Federal Contract Tower,0,0,14,0,14,0,0,45,8,53,0,0,59,8,67,18,4,22,89
05/17/2012,JEF,MO,ACE,CE,Federal Contract Tower,0,1,22,0,23,0,2,37,6,45,0,3,59,6,68,34,46,80,148
05/18/2012,JEF,MO,ACE,CE,Federal Contract Tower,0,0,7,1,8,0,1,25,3,29,0,1,32,4,37,40,0,40,77
05/19/2012,JEF,MO,ACE,CE,Federal Contract Tower,0,0,8,0,8,0,0,22,2,24,0,0,30,2,32,8,0,8,40
05/20/2012,JEF,MO,ACE,CE,Federal Contract Tower,0,4,7,0,11,0,0,4,0,4,0,4,11,0,15,0,0,0,15
05/21/2012,JEF,MO,ACE,CE,Federal Contract Tower,0,0,9,2,11,0,4,36,5,45,0,4,45,7,56,18,0,18,74
05/22/2012,JEF,MO,ACE,CE,Federal Contract Tower,0,0,2,4,6,0,2,33,10,45,0,2,35,14,51,30,36,66,117
05/23/2012,JEF,MO,ACE,CE,Federal Contract Tower,0,2,14,2,18,0,3,28,11,42,0,5,42,13,60,56,20,76,136
05/24/2012,JEF,MO,ACE,CE,Federal Contract Tower,0,2,23,4,29,0,0,19,0,19,0,2,42,4,48,32,0,32,80
05/25/2012,JEF,MO,ACE,CE,Federal Contract Tower,0,4,25,0,29,0,0,54,0,54,0,4,79,0,83,54,0,54,137
05/26/2012,JEF,MO,ACE,CE,Federal Contract Tower,0,0,6,0,6,0,0,23,0,23,0,0,29,0,29,34,0,34,63
05/27/2012,JEF,MO,ACE,CE,Federal Contract Tower,0,0,6,0,6,0,2,40,0,42,0,2,46,0,48,44,0,44,92
05/28/2012,JEF,MO,ACE,CE,Federal Contract Tower,0,0,4,0,4,0,0,29,0,29,0,0,33,0,33,24,0,24,57
05/29/2012,JEF,MO,ACE,CE,Federal Contract Tower,0,1,27,4,32,0,0,46,6,52,0,1,73,10,84,68,4,72,156
05/30/2012,JEF,MO,ACE,CE,Federal Contract Tower,0,0,16,4,20,0,0,48,14,62,0,0,64,18,82,58,68,126,208
05/31/2012,JEF,MO,ACE,CE,Federal Contract Tower,0,2,14,2,18,0,0,9,1,10,0,2,23,3,28,42,4,46,74
06/01/2012,JEF,MO,ACE,CE,Federal Contract Tower,0,1,12,0,13,0,0,31,2,33,0,1,43,2,46,16,0,16,62
06/02/2012,JEF,MO,ACE,CE,Federal Contract Tower,0,0,10,0,10,0,0,29,9,38,0,0,39,9,48,42,2,44,92
06/03/2012,JEF,MO,ACE,CE,Federal Contract Tower,0,3,5,4,12,0,0,15,9,24,0,3,20,13,36,0,10,10,46
06/04/2012,JEF,MO,ACE,CE,Federal Contract Tower,0,0,2,0,2,0,0,35,3,38,0,0,37,3,40,76,0,76,116
06/05/2012,JEF,MO,ACE,CE,Federal Contract Tower,0,3,15,3,21,0,4,42,13,59,0,7,57,16,80,34,4,38,118
06/06/2012,JEF,MO,ACE,CE,Federal Contract Tower,0,3,16,1,20,0,0,37,10,47,0,3,53,11,67,74,0,74,141
06/07/2012,JEF,MO,ACE,CE,Federal Contract Tower,0,0,26,2,28,0,0,33,4,37,0,0,59,6,65,22,0,22,87
06/08/2012,JEF,MO,ACE,CE,Federal Contract Tower,0,4,10,2,16,0,0,45,8,53,0,4,55,10,69,22,0,22,91
06/09/2012,JEF,MO,ACE,CE,Federal Contract Tower,0,0,3,0,3,0,0,45,8,53,0,0,48,8,56,22,0,22,78
06/10/2012,JEF,MO,ACE,CE,Federal Contract Tower,0,0,9,0,9,0,0,25,0,25,0,0,34,0,34,0,0,0,34
06/11/2012,JEF,MO,ACE,CE,Federal Contract Tower,0,0,6,3,9,0,4,15,2,21,0,4,21,5,30,18,0,18,48
06/12/2012,JEF,MO,ACE,CE,Federal Contract Tower,0,0,9,2,11,0,7,48,17,72,0,7,57,19,83,28,0,28,111
06/13/2012,JEF,MO,ACE,CE,Federal Contract Tower,0,2,15,0,17,0,5,44,7,56,0,7,59,7,73,34,12,46,119
06/14/2012,JEF,MO,ACE,CE,Federal Contract Tower,0,0,15,2,17,0,6,32,7,45,0,6,47,9,62,16,0,16,78
06/15/2012,JEF,MO,ACE,CE,Federal Contract Tower,0,0,11,2,13,0,2,42,3,47,0,2,53,5,60,52,0,52,112
06/16/2012,JEF,MO,ACE,CE,Federal Contract Tower,0,2,4,1,7,0,0,21,0,21,0,2,25,1,28,0,0,0,28
06/17/2012,JEF,MO,ACE,CE,Federal Contract Tower,0,0,10,1,11,0,0,23,0,23,0,0,33,1,34,6,0,6,40
06/18/2012,JEF,MO,ACE,CE,Federal Contract Tower,0,13,2,0,15,0,0,29,14,43,0,13,31,14,58,12,0,12,70
06/19/2012,JEF,MO,ACE,CE,Federal Contract Tower,0,2,11,0,13,0,3,20,0,23,0,5,31,0,36,18,0,18,54
06/20/2012,JEF,MO,ACE,CE,Federal Contract Tower,0,0,16,1,17,0,0,43,6,49,0,0,59,7,66,10,0,10,76
06/21/2012,JEF,MO,ACE,CE,Federal Contract Tower,0,3,37,2,42,0,2,24,2,28,0,5,61,4,70,28,0,28,98
06/22/2012,JEF,MO,ACE,CE,Federal Contract Tower,0,1,11,0,12,0,3,45,8,56,0,4,56,8,68,36,10,46,114
06/23/2012,JEF,MO,ACE,CE,Federal Contract Tower,0,0,4,2,6,0,4,44,3,51,0,4,48,5,57,36,6,42,99
06/24/2012,JEF,MO,ACE,CE,Federal Contract Tower,0,2,4,2,8,0,3,28,0,31,0,5,32,2,39,10,0,10,49
06/25/2012,JEF,MO,ACE,CE,Federal Contract Tower,0,0,8,2,10,0,7,55,13,75,0,7,63,15,85,76,20,96,181
06/26/2012,JEF,MO,ACE,CE,Federal Contract Tower,0,4,14,0,18,0,7,61,1,69,0,11,75,1,87,44,0,44,131
06/27/2012,JEF,MO,ACE,CE,Federal Contract Tower,0,2,18,0,20,0,2,39,0,41,0,4,57,0,61,44,0,44,105
06/28/2012,JEF,MO,ACE,CE,Federal Contract Tower,0,1,21,4,26,0,1,35,13,49,0,2,56,17,75,60,0,60,135
06/29/2012,JEF,MO,ACE,CE,Federal Contract Tower,0,2,21,2,25,0,0,35,13,48,0,2,56,15,73,26,0,26,99
06/30/2012,JEF,MO,ACE,CE,Federal Contract Tower,0,4,8,2,14,0,0,13,5,18,0,4,21,7,32,0,10,10,42
07/01/2012,JEF,MO,ACE,CE,Federal Contract Tower,0,2,6,0,8,0,0,23,0,23,0,2,29,0,31,0,0,0,31
07/02/2012,JEF,MO,ACE,CE,Federal Contract Tower,0,0,15,3,18,0,0,31,5,36,0,0,46,8,54,34,2,36,90
07/03/2012,JEF,MO,ACE,CE,Federal Contract Tower,0,0,9,0,9,0,0,15,3,18,0,0,24,3,27,54,12,66,93
07/04/2012,JEF,MO,ACE,CE,Federal Contract Tower,0,0,9,0,9,0,0,20,0,20,0,0,29,0,29,14,0,14,43
07/05/2012,JEF,MO,ACE,CE,Federal Contract Tower,0,0,16,0,16,0,0,20,0,20,0,0,36,0,36,62,0,62,98
07/06/2012,JEF,MO,ACE,CE,Federal Contract Tower,0,0,8,0,8,0,2,29,2,33,0,2,37,2,41,62,0,62,103
07/07/2012,JEF,MO,ACE,CE,Federal Contract Tower,0,0,1,1,2,0,0,16,1,17,0,0,17,2,19,2,0,2,21
07/08/2012,JEF,MO,ACE,CE,Federal Contract Tower,0,0,9,0,9,0,0,18,0,18,0,0,27,0,27,2,0,2,29
07/09/2012,JEF,MO,ACE,CE,Federal Contract Tower,0,2,19,0,21,0,5,33,10,48,0,7,52,10,69,14,2,16,85
07/10/2012,JEF,MO,ACE,CE,Federal Contract Tower,0,2,13,2,17,0,2,29,14,45,0,4,42,16,62,24,38,62,124
07/11/2012,JEF,MO,ACE,CE,Federal Contract Tower,0,2,19,3,24,0,0,42,10,52,0,2,61,13,76,22,10,32,108
07/12/2012,JEF,MO,ACE,CE,Federal Contract Tower,0,2,21,2,25,0,0,27,7,34,0,2,48,9,59,76,0,76,135
07/13/2012,JEF,MO,ACE,CE,Federal Contract Tower,0,0,18,4,22,0,0,46,0,46,0,0,64,4,68,40,0,40,108
07/14/2012,JEF,MO,ACE,CE,Federal Contract Tower,0,2,10,0,12,0,0,31,4,35,0,2,41,4,47,2,0,2,49
07/15/2012,JEF,MO,ACE,CE,Federal Contract Tower,0,0,9,0,9,0,2,30,0,32,0,2,39,0,41,8,0,8,49
07/16/2012,JEF,MO,ACE,CE,Federal Contract Tower,0,0,24,2,26,0,4,31,10,45,0,4,55,12,71,44,4,48,119
07/17/2012,JEF,MO,ACE,CE,Federal Contract Tower,0,0,20,0,20,0,2,34,10,46,0,2,54,10,66,36,8,44,110
07/18/2012,JEF,MO,ACE,CE,Federal Contract Tower,0,0,16,2,18,0,0,38,7,45,0,0,54,9,63,24,26,50,113
07/19/2012,JEF,MO,ACE,CE,Federal Contract Tower,0,0,18,1,19,0,2,24,4,30,0,2,42,5,49,14,0,14,63
07/20/2012,JEF,MO,ACE,CE,Federal Contract Tower,0,0,17,2,19,0,0,33,7,40,0,0,50,9,59,0,0,0,59
07/21/2012,JEF,MO,ACE,CE,Federal Contract Tower,0,0,6,0,6,0,0,16,0,16,0,0,22,0,22,16,0,16,38
07/22/2012,JEF,MO,ACE,CE,Federal Contract Tower,0,0,8,0,8,0,0,24,0,24,0,0,32,0,32,8,0,8,40
07/23/2012,JEF,MO,ACE,CE,Federal Contract Tower,0,0,16,2,18,0,2,43,5,50,0,2,59,7,68,10,14,24,92
07/24/2012,JEF,MO,ACE,CE,Federal Contract Tower,0,0,10,1,11,0,0,42,10,52,0,0,52,11,63,26,10,36,99
07/25/2012,JEF,MO,ACE,CE,Federal Contract Tower,0,0,19,1,20,0,2,17,1,20,0,2,36,2,40,4,4,8,48
07/26/2012,JEF,MO,ACE,CE,Federal Contract Tower,0,0,11,1,12,0,0,30,5,35,0,0,41,6,47,50,10,60,107
07/27/2012,JEF,MO,ACE,CE,Federal Contract Tower,0,0,16,1,17,0,0,53,9,62,0,0,69,10,79,32,0,32,111
07/28/2012,JEF,MO,ACE,CE,Federal Contract Tower,0,0,9,0,9,0,0,30,0,30,0,0,39,0,39,4,0,4,43
07/29/2012,JEF,MO,ACE,CE,Federal Contract Tower,0,0,10,1,11,0,2,27,0,29,0,2,37,1,40,0,0,0,40
07/30/2012,JEF,MO,ACE,CE,Federal Contract Tower,0,0,8,1,9,0,0,28,10,38,0,0,36,11,47,54,14,68,115
07/31/2012,JEF,MO,ACE,CE,Federal Contract Tower,0,2,8,0,10,0,0,46,0,46,0,2,54,0,56,62,0,62,118
08/01/2012,JEF,MO,ACE,CE,Federal Contract Tower,0,1,16,2,19,0,0,36,0,36,0,1,52,2,55,30,0,30,85
08/02/2012,JEF,MO,ACE,CE,Federal Contract Tower,0,0,15,1,16,0,0,30,7,37,0,0,45,8,53,20,20,40,93
08/03/2012,JEF,MO,ACE,CE,Federal Contract Tower,0,1,12,0,13,0,1,23,2,26,0,2,35,2,39,40,0,40,79
08/04/2012,JEF,MO,ACE,CE,Federal Contract Tower,0,0,3,0,3,0,0,17,4,21,0,0,20,4,24,42,0,42,66
08/05/2012,JEF,MO,ACE,CE,Federal Contract Tower,0,0,19,0,19,0,0,30,0,30,0,0,49,0,49,14,0,14,63
08/06/2012,JEF,MO,ACE,CE,Federal Contract Tower,0,0,20,0,20,0,0,33,7,40,0,0,53,7,60,60,2,62,122
08/07/2012,JEF,MO,ACE,CE,Federal Contract Tower,0,0,10,0,10,0,2,36,7,45,0,2,46,7,55,36,0,36,91
08/08/2012,JEF,MO,ACE,CE,Federal Contract Tower,0,0,27,2,29,0,0,31,6,37,0,0,58,8,66,54,0,54,120
08/09/2012,JEF,MO,ACE,CE,Federal Contract Tower,0,0,13,2,15,0,12,36,14,62,0,12,49,16,77,42,6,48,125
08/10/2012,JEF,MO,ACE,CE,Federal Contract Tower,0,0,29,2,31,0,0,30,13,43,0,0,59,15,74,22,4,26,100
08/11/2012,JEF,MO,ACE,CE,Federal Contract Tower,0,0,5,0,5,0,0,27,5,32,0,0,32,5,37,24,0,24,61
08/12/2012,JEF,MO,ACE,CE,Federal Contract Tower,0,0,10,4,14,0,0,18,0,18,0,0,28,4,32,0,0,0,32
08/13/2012,JEF,MO,ACE,CE,Federal Contract Tower,0,0,17,4,21,0,0,18,2,20,0,0,35,6,41,42,0,42,83
08/14/2012,JEF,MO,ACE,CE,Federal Contract Tower,0,1,25,2,28,0,0,24,20,44,0,1,49,22,72,28,0,28,100
08/15/2012,JEF,MO,ACE,CE,Federal Contract Tower,0,0,9,2,11,0,0,37,6,43,0,0,46,8,54,32,12,44,98
08/16/2012,JEF,MO,ACE,CE,Federal Contract Tower,0,2,28,1,31,0,0,16,0,16,0,2,44,1,47,8,30,38,85
08/17/2012,JEF,MO,ACE,CE,Federal Contract Tower,0,1,15,3,19,0,0,47,11,58,0,1,62,14,77,28,8,36,113
08/18/2012,JEF,MO,ACE,CE,Federal Contract Tower,0,0,6,2,8,0,0,31,0,31,0,0,37,2,39,16,0,16,55
08/19/2012,JEF,MO,ACE,CE,Federal Contract Tower,0,1,10,2,13,0,0,23,0,23,0,1,33,2,36,38,0,38,74
08/20/2012,JEF,MO,ACE,CE,Federal Contract Tower,0,0,23,0,23,0,0,39,6,45,0,0,62,6,68,34,4,38,106
08/21/2012,JEF,MO,ACE,CE,Federal Contract Tower,0,0,25,4,29,0,0,37,20,57,0,0,62,24,86,26,62,88,174
08/22/2012,JEF,MO,ACE,CE,Federal Contract Tower,0,2,10,2,14,0,0,47,15,62,0,2,57,17,76,24,0,24,100
08/23/2012,JEF,MO,ACE,CE,Federal Contract Tower,0,0,19,2,21,0,0,23,7,30,0,0,42,9,51,20,0,20,71
08/24/2012,JEF,MO,ACE,CE,Federal Contract Tower,0,0,25,2,27,0,0,29,18,47,0,0,54,20,74,32,32,64,138
08/25/2012,JEF,MO,ACE,CE,Federal Contract Tower,0,0,12,0,12,0,0,30,2,32,0,0,42,2,44,28,0,28,72
08/26/2012,JEF,MO,ACE,CE,Federal Contract Tower,0,0,8,0,8,0,0,1,0,1,0,0,9,0,9,0,0,0,9
08/27/2012,JEF,MO,ACE,CE,Federal Contract Tower,0,0,18,1,19,0,0,32,9,41,0,0,50,10,60,24,6,30,90
08/28/2012,JEF,MO,ACE,CE,Federal Contract Tower,0,2,13,0,15,0,2,33,8,43,0,4,46,8,58,8,2,10,68
08/29/2012,JEF,MO,ACE,CE,Federal Contract Tower,0,3,15,1,19,0,0,57,4,61,0,3,72,5,80,22,34,56,136
08/30/2012,JEF,MO,ACE,CE,Federal Contract Tower,0,0,27,4,31,0,0,36,16,52,0,0,63,20,83,56,0,56,139
08/31/2012,JEF,MO,ACE,CE,Federal Contract Tower,0,0,17,0,17,0,0,0,0,0,0,0,17,0,17,0,0,0,17
09/01/2012,JEF,MO,ACE,CE,Federal Contract Tower,0,0,4,0,4,0,0,0,0,0,0,0,4,0,4,0,0,0,4
09/02/2012,JEF,MO,ACE,CE,Federal Contract Tower,0,0,14,0,14,0,2,12,0,14,0,2,26,0,28,0,0,0,28
09/03/2012,JEF,MO,ACE,CE,Federal Contract Tower,0,0,8,0,8,0,6,26,0,32,0,6,34,0,40,2,0,2,42
09/04/2012,JEF,MO,ACE,CE,Federal Contract Tower,0,0,8,2,10,0,0,25,11,36,0,0,33,13,46,26,0,26,72
09/05/2012,JEF,MO,ACE,CE,Federal Contract Tower,0,2,15,1,18,0,0,24,3,27,0,2,39,4,45,42,0,42,87
09/06/2012,JEF,MO,ACE,CE,Federal Contract Tower,0,5,16,1,22,0,0,48,10,58,0,5,64,11,80,44,58,102,182
09/07/2012,JEF,MO,ACE,CE,Federal Contract Tower,0,0,11,1,12,0,0,32,4,36,0,0,43,5,48,38,36,74,122
09/08/2012,JEF,MO,ACE,CE,Federal Contract Tower,0,3,7,0,10,0,0,27,3,30,0,3,34,3,40,0,6,6,46
09/09/2012,JEF,MO,ACE,CE,Federal Contract Tower,0,1,8,0,9,0,0,30,7,37,0,1,38,7,46,44,18,62,108
09/10/2012,JEF,MO,ACE,CE,Federal Contract Tower,0,0,20,0,20,0,0,38,8,46,0,0,58,8,66,44,0,44,110
09/11/2012,JEF,MO,ACE,CE,Federal Contract Tower,0,0,15,4,19,0,4,47,4,55,0,4,62,8,74,26,2,28,102
09/12/2012,JEF,MO,ACE,CE,Federal Contract Tower,0,0,22,2,24,0,1,37,18,56,0,1,59,20,80,4,24,28,108
09/13/2012,JEF,MO,ACE,CE,Federal Contract Tower,0,3,29,0,32,0,0,13,6,19,0,3,42,6,51,20,22,42,93
09/14/2012,JEF,MO,ACE,CE,Federal Contract Tower,0,1,23,2,26,0,0,30,7,37,0,1,53,9,63,96,6,102,165
09/15/2012,JEF,MO,ACE,CE,Federal Contract Tower,0,0,4,2,6,0,0,29,0,29,0,0,33,2,35,40,0,40,75
09/16/2012,JEF,MO,ACE,CE,Federal Contract Tower,0,1,12,0,13,0,1,30,0,31,0,2,42,0,44,26,0,26,70
09/17/2012,JEF,MO,ACE,CE,Federal Contract Tower,0,0,18,5,23,0,0,9,18,27,0,0,27,23,50,8,66,74,124
09/18/2012,JEF,MO,ACE,CE,Federal Contract Tower,0,3,18,0,21,0,0,37,17,54,0,3,55,17,75,4,0,4,79
09/19/2012,JEF,MO,ACE,CE,Federal Contract Tower,0,0,12,0,12,0,0,36,8,44,0,0,48,8,56,22,0,22,78
09/20/2012,JEF,MO,ACE,CE,Federal Contract Tower,0,2,23,8,33,0,4,36,13,53,0,6,59,21,86,54,6,60,146
09/21/2012,JEF,MO,ACE,CE,Federal Contract Tower,0,0,13,1,14,0,0,32,13,45,0,0,45,14,59,24,14,38,97
09/22/2012,JEF,MO,ACE,CE,Federal Contract Tower,0,0,4,3,7,0,0,24,0,24,0,0,28,3,31,2,0,2,33
09/23/2012,JEF,MO,ACE,CE,Federal Contract Tower,0,0,11,0,11,0,2,50,2,54,0,2,61,2,65,46,0,46,111
09/24/2012,JEF,MO,ACE,CE,Federal Contract Tower,0,0,6,1,7,0,2,41,12,55,0,2,47,13,62,62,8,70,132
09/25/2012,JEF,MO,ACE,CE,Federal Contract Tower,0,1,31,0,32,0,0,31,10,41,0,1,62,10,73,26,8,34,107
09/26/2012,JEF,MO,ACE,CE,Federal Contract Tower,0,1,25,7,33,0,0,17,3,20,0,1,42,10,53,22,0,22,75
09/27/2012,JEF,MO,ACE,CE,Federal Contract Tower,0,0,25,4,29,0,0,4,5,9,0,0,29,9,38,0,0,0,38
09/28/2012,JEF,MO,ACE,CE,Federal Contract Tower,0,0,15,0,15,0,0,23,0,23,0,0,38,0,38,62,0,62,100
09/29/2012,JEF,MO,ACE,CE,Federal Contract Tower,0,0,7,0,7,0,0,138,4,142,0,0,145,4,149,50,0,50,199
09/30/2012,JEF,MO,ACE,CE,Federal Contract Tower,0,2,6,0,8,0,2,38,1,41,0,4,44,1,49,22,0,22,71
10/01/2012,JEF,MO,ACE,CE,Federal Contract Tower,0,4,17,1,22,0,2,38,4,44,0,6,55,5,66,52,0,52,118
10/02/2012,JEF,MO,ACE,CE,Federal Contract Tower,0,0,18,0,18,0,2,45,3,50,0,2,63,3,68,46,0,46,114
10/03/2012,JEF,MO,ACE,CE,Federal Contract Tower,0,0,19,4,23,0,2,31,7,40,0,2,50,11,63,40,2,42,105
10/04/2012,JEF,MO,ACE,CE,Federal Contract Tower,0,2,15,0,17,0,0,26,0,26,0,2,41,0,43,2,2,4,47
10/05/2012,JEF,MO,ACE,CE,Federal Contract Tower,0,0,13,0,13,0,0,14,0,14,0,0,27,0,27,36,0,36,63
10/06/2012,JEF,MO,ACE,CE,Federal Contract Tower,0,0,9,0,9,0,0,31,0,31,0,0,40,0,40,4,0,4,44
10/07/2012,JEF,MO,ACE,CE,Federal Contract Tower,0,2,7,0,9,0,0,35,1,36,0,2,42,1,45,28,0,28,73
10/08/2012,JEF,MO,ACE,CE,Federal Contract Tower,0,0,2,0,2,0,0,33,0,33,0,0,35,0,35,4,0,4,39
10/09/2012,JEF,MO,ACE,CE,Federal Contract Tower,0,0,19,0,19,0,0,24,18,42,0,0,43,18,61,20,6,26,87
10/10/2012,JEF,MO,ACE,CE,Federal Contract Tower,0,0,21,0,21,0,3,39,1,43,0,3,60,1,64,36,0,36,100
10/11/2012,JEF,MO,ACE,CE,Federal Contract Tower,0,2,16,2,20,0,2,28,10,40,0,4,44,12,60,38,0,38,98
10/12/2012,JEF,MO,ACE,CE,Federal Contract Tower,0,0,24,0,24,0,0,27,9,36,0,0,51,9,60,8,6,14,74
10/13/2012,JEF,MO,ACE,CE,Federal Contract Tower,0,0,9,0,9,0,0,2,2,4,0,0,11,2,13,0,0,0,13
10/14/2012,JEF,MO,ACE,CE,Federal Contract Tower,0,5,20,2,27,0,0,8,10,18,0,5,28,12,45,0,50,50,95
10/15/2012,JEF,MO,ACE,CE,Federal Contract Tower,0,3,29,0,32,0,2,43,3,48,0,5,72,3,80,80,4,84,164
10/16/2012,JEF,MO,ACE,CE,Federal Contract Tower,0,3,14,3,20,0,0,30,4,34,0,3,44,7,54,24,10,34,88
10/17/2012,JEF,MO,ACE,CE,Federal Contract Tower,0,2,16,2,20,0,0,7,8,15,0,2,23,10,35,0,0,0,35
10/18/2012,JEF,MO,ACE,CE,Federal Contract Tower,0,3,32,5,40,0,0,12,10,22,0,3,44,15,62,4,0,4,66
10/19/2012,JEF,MO,ACE,CE,Federal Contract Tower,0,0,16,0,16,0,0,19,2,21,0,0,35,2,37,44,0,44,81
10/20/2012,JEF,MO,ACE,CE,Federal Contract Tower,0,1,12,0,13,0,0,32,0,32,0,1,44,0,45,32,0,32,77
10/21/2012,JEF,MO,ACE,CE,Federal Contract Tower,0,2,9,0,11,0,0,35,0,35,0,2,44,0,46,24,0,24,70
10/22/2012,JEF,MO,ACE,CE,Federal Contract Tower,0,5,22,0,27,0,0,27,2,29,0,5,49,2,56,20,0,20,76
10/23/2012,JEF,MO,ACE,CE,Federal Contract Tower,0,4,19,2,25,0,0,15,0,15,0,4,34,2,40,26,0,26,66
10/24/2012,JEF,MO,ACE,CE,Federal Contract Tower,0,4,13,0,17,0,0,43,5,48,0,4,56,5,65,26,0,26,91
10/25/2012,JEF,MO,ACE,CE,Federal Contract Tower,0,0,22,0,22,0,5,14,2,21,0,5,36,2,43,30,0,30,73
10/26/2012,JEF,MO,ACE,CE,Federal Contract Tower,0,0,11,0,11,0,0,41,10,51,0,0,52,10,62,60,8,68,130
10/27/2012,JEF,MO,ACE,CE,Federal Contract Tower,0,0,6,2,8,0,2,33,10,45,0,2,39,12,53,28,0,28,81
10/28/2012,JEF,MO,ACE,CE,Federal Contract Tower,0,0,17,0,17,0,3,28,9,40,0,3,45,9,57,12,20,32,89
10/29/2012,JEF,MO,ACE,CE,Federal Contract Tower,0,0,17,2,19,0,2,28,10,40,0,2,45,12,59,46,8,54,113
10/30/2012,JEF,MO,ACE,CE,Federal Contract Tower,0,5,14,1,20,0,0,22,6,28,0,5,36,7,48,12,0,12,60
10/31/2012,JEF,MO,ACE,CE,Federal Contract Tower,0,0,13,1,14,0,2,39,8,49,0,2,52,9,63,10,20,30,93
11/01/2012,JEF,MO,ACE,CE,Federal Contract Tower,0,0,23,2,25,0,3,31,13,47,0,3,54,15,72,34,10,44,116
11/02/2012,JEF,MO,ACE,CE,Federal Contract Tower,0,2,20,0,22,0,0,21,7,28,0,2,41,7,50,8,4,12,62
11/03/2012,JEF,MO,ACE,CE,Federal Contract Tower,0,0,19,0,19,0,2,23,12,37,0,2,42,12,56,8,44,52,108
11/04/2012,JEF,MO,ACE,CE,Federal Contract Tower,0,0,6,9,15,0,0,23,9,32,0,0,29,18,47,16,16,32,79
11/05/2012,JEF,MO,ACE,CE,Federal Contract Tower,0,0,11,2,13,0,0,0,10,10,0,0,11,12,23,0,152,152,175
11/06/2012,JEF,MO,ACE,CE,Federal Contract Tower,0,0,29,2,31,0,0,10,8,18,0,0,39,10,49,0,0,0,49
11/07/2012,JEF,MO,ACE,CE,Federal Contract Tower,0,6,11,0,17,0,0,25,3,28,0,6,36,3,45,18,6,24,69
11/08/2012,JEF,MO,ACE,CE,Federal Contract Tower,0,0,23,4,27,0,0,36,15,51,0,0,59,19,78,22,4,26,104
11/09/2012,JEF,MO,ACE,CE,Federal Contract Tower,0,0,13,1,14,0,0,42,1,43,0,0,55,2,57,42,2,44,101
11/10/2012,JEF,MO,ACE,CE,Federal Contract Tower,0,0,1,0,1,0,0,19,0,19,0,0,20,0,20,18,0,18,38
11/11/2012,JEF,MO,ACE,CE,Federal Contract Tower,0,0,5,0,5,0,1,4,1,6,0,1,9,1,11,2,0,2,13
11/12/2012,JEF,MO,ACE,CE,Federal Contract Tower,0,2,11,0,13,0,0,15,0,15,0,2,26,0,28,0,0,0,28
11/13/2012,JEF,MO,ACE,CE,Federal Contract Tower,0,0,13,2,15,0,2,32,0,34,0,2,45,2,49,38,0,38,87
11/14/2012,JEF,MO,ACE,CE,Federal Contract Tower,0,4,20,6,30,0,0,38,4,42,0,4,58,10,72,12,2,14,86
11/15/2012,JEF,MO,ACE,CE,Federal Contract Tower,0,4,24,1,29,0,2,30,6,38,0,6,54,7,67,16,18,34,101
11/16/2012,JEF,MO,ACE,CE,Federal Contract Tower,0,0,17,2,19,0,0,51,11,62,0,0,68,13,81,28,22,50,131
11/17/2012,JEF,MO,ACE,CE,Federal Contract Tower,0,4,1,0,5,0,0,15,2,17,0,4,16,2,22,14,0,14,36
11/18/2012,JEF,MO,ACE,CE,Federal Contract Tower,0,1,10,0,11,0,0,37,0,37,0,1,47,0,48,22,0,22,70
11/19/2012,JEF,MO,ACE,CE,Federal Contract Tower,0,1,9,0,10,0,0,37,1,38,0,1,46,1,48,28,0,28,76
11/20/2012,JEF,MO,ACE,CE,Federal Contract Tower,0,2,28,0,30,0,0,41,3,44,0,2,69,3,74,40,0,40,114
11/21/2012,JEF,MO,ACE,CE,Federal Contract Tower,0,2,10,0,12,0,0,21,0,21,0,2,31,0,33,8,0,8,41
11/22/2012,JEF,MO,ACE,CE,Federal Contract Tower,0,0,1,0,1,0,0,5,0,5,0,0,6,0,6,0,0,0,6
11/23/2012,JEF,MO,ACE,CE,Federal Contract Tower,0,0,3,0,3,0,0,17,0,17,0,0,20,0,20,0,0,0,20
11/24/2012,JEF,MO,ACE,CE,Federal Contract Tower,0,3,6,0,9,0,0,8,0,8,0,3,14,0,17,6,0,6,23
11/25/2012,JEF,MO,ACE,CE,Federal Contract Tower,0,4,9,0,13,0,0,51,0,51,0,4,60,0,64,18,0,18,82
11/26/2012,JEF,MO,ACE,CE,Federal Contract Tower,0,2,12,0,14,0,0,14,0,14,0,2,26,0,28,0,0,0,28
11/27/2012,JEF,MO,ACE,CE,Federal Contract Tower,0,1,15,2,18,0,0,54,28,82,0,1,69,30,100,44,30,74,174
11/28/2012,JEF,MO,ACE,CE,Federal Contract Tower,0,1,20,2,23,0,4,16,5,25,0,5,36,7,48,12,12,24,72
11/29/2012,JEF,MO,ACE,CE,Federal Contract Tower,0,0,23,10,33,0,2,17,12,31,0,2,40,22,64,24,4,28,92
11/30/2012,JEF,MO,ACE,CE,Federal Contract Tower,0,1,6,0,7,0,4,63,14,81,0,5,69,14,88,8,0,8,96
12/01/2012,JEF,MO,ACE,CE,Federal Contract Tower,0,0,9,6,15,0,0,9,6,15,0,0,18,12,30,0,0,0,30
12/02/2012,JEF,MO,ACE,CE,Federal Contract Tower,0,2,9,4,15,0,2,26,0,28,0,4,35,4,43,8,0,8,51
12/03/2012,JEF,MO,ACE,CE,Federal Contract Tower,0,0,9,2,11,0,2,25,5,32,0,2,34,7,43,2,0,2,45
12/04/2012,JEF,MO,ACE,CE,Federal Contract Tower,0,1,21,2,24,0,1,34,11,46,0,2,55,13,70,22,24,46,116
12/05/2012,JEF,MO,ACE,CE,Federal Contract Tower,0,4,9,2,15,0,5,39,8,52,0,9,48,10,67,32,0,32,99
12/06/2012,JEF,MO,ACE,CE,Federal Contract Tower,0,0,25,1,26,0,2,30,9,41,0,2,55,10,67,18,0,18,85
12/07/2012,JEF,MO,ACE,CE,Federal Contract Tower,0,2,27,0,29,0,0,7,9,16,0,2,34,9,45,8,24,32,77
12/08/2012,JEF,MO,ACE,CE,Federal Contract Tower,0,0,10,3,13,0,0,21,0,21,0,0,31,3,34,70,0,70,104
12/09/2012,JEF,MO,ACE,CE,Federal Contract Tower,0,0,9,2,11,0,0,0,0,0,0,0,9,2,11,0,0,0,11
12/10/2012,JEF,MO,ACE,CE,Federal Contract Tower,0,3,12,4,19,0,1,30,0,31,0,4,42,4,50,38,0,38,88
12/11/2012,JEF,MO,ACE,CE,Federal Contract Tower,0,2,14,2,18,0,2,44,3,49,0,4,58,5,67,46,0,46,113
12/12/2012,JEF,MO,ACE,CE,Federal Contract Tower,0,4,19,1,24,0,0,45,7,52,0,4,64,8,76,10,10,20,96
12/13/2012,JEF,MO,ACE,CE,Federal Contract Tower,0,2,27,2,31,0,4,28,2,34,0,6,55,4,65,14,0,14,79
12/14/2012,JEF,MO,ACE,CE,Federal Contract Tower,0,2,15,0,17,0,0,35,21,56,0,2,50,21,73,24,2,26,99
12/15/2012,JEF,MO,ACE,CE,Federal Contract Tower,0,0,6,0,6,0,0,20,0,20,0,0,26,0,26,0,0,0,26
12/16/2012,JEF,MO,ACE,CE,Federal Contract Tower,0,4,10,4,18,0,0,8,0,8,0,4,18,4,26,0,0,0,26
12/17/2012,JEF,MO,ACE,CE,Federal Contract Tower,0,2,17,1,20,0,0,2,0,2,0,2,19,1,22,2,0,2,24
12/18/2012,JEF,MO,ACE,CE,Federal Contract Tower,0,2,13,0,15,0,0,50,7,57,0,2,63,7,72,60,0,60,132
12/19/2012,JEF,MO,ACE,CE,Federal Contract Tower,0,6,11,1,18,0,0,17,0,17,0,6,28,1,35,20,0,20,55
12/20/2012,JEF,MO,ACE,CE,Federal Contract Tower,0,2,10,0,12,0,0,0,0,0,0,2,10,0,12,0,0,0,12
12/21/2012,JEF,MO,ACE,CE,Federal Contract Tower,0,0,15,0,15,0,0,38,15,53,0,0,53,15,68,38,14,52,120
12/22/2012,JEF,MO,ACE,CE,Federal Contract Tower,0,0,2,0,2,0,0,29,0,29,0,0,31,0,31,30,0,30,61
12/23/2012,JEF,MO,ACE,CE,Federal Contract Tower,0,0,4,0,4,0,0,29,0,29,0,0,33,0,33,0,0,0,33
12/24/2012,JEF,MO,ACE,CE,Federal Contract Tower,0,0,5,0,5,0,0,0,0,0,0,0,5,0,5,0,0,0,5
12/25/2012,JEF,MO,ACE,CE,Federal Contract Tower,0,0,0,0,0,0,0,0,0,0,0,0,0,0,0,0,0,0,0
12/26/2012,JEF,MO,ACE,CE,Federal Contract Tower,0,0,11,0,11,0,0,23,0,23,0,0,34,0,34,10,0,10,44
12/27/2012,JEF,MO,ACE,CE,Federal Contract Tower,0,2,17,0,19,0,1,21,0,22,0,3,38,0,41,52,0,52,93
12/28/2012,JEF,MO,ACE,CE,Federal Contract Tower,0,0,16,0,16,0,0,11,0,11,0,0,27,0,27,8,0,8,35
12/29/2012,JEF,MO,ACE,CE,Federal Contract Tower,0,0,0,0,0,0,0,3,0,3,0,0,3,0,3,0,0,0,3
12/30/2012,JEF,MO,ACE,CE,Federal Contract Tower,0,0,17,0,17,0,0,17,0,17,0,0,34,0,34,2,0,2,36
12/31/2012,JEF,MO,ACE,CE,Federal Contract Tower,0,0,0,0,0,0,0,1,0,1,0,0,1,0,1,0,0,0,1
01/01/2013,JEF,MO,ACE,CE,Federal Contract Tower,0,0,2,0,2,0,0,5,0,5,0,0,7,0,7,20,0,20,27
01/02/2013,JEF,MO,ACE,CE,Federal Contract Tower,0,0,13,0,13,0,0,19,2,21,0,0,32,2,34,30,2,32,66
01/03/2013,JEF,MO,ACE,CE,Federal Contract Tower,0,2,17,0,19,0,0,31,4,35,0,2,48,4,54,22,2,24,78
01/04/2013,JEF,MO,ACE,CE,Federal Contract Tower,0,0,13,0,13,0,0,19,12,31,0,0,32,12,44,10,28,38,82
01/05/2013,JEF,MO,ACE,CE,Federal Contract Tower,0,3,2,0,5,0,0,0,0,0,0,3,2,0,5,0,0,0,5
01/06/2013,JEF,MO,ACE,CE,Federal Contract Tower,0,2,8,4,14,0,0,25,0,25,0,2,33,4,39,26,0,26,65
01/07/2013,JEF,MO,ACE,CE,Federal Contract Tower,0,0,12,2,14,0,2,13,5,20,0,2,25,7,34,0,10,10,44
01/08/2013,JEF,MO,ACE,CE,Federal Contract Tower,0,1,19,1,21,0,0,29,7,36,0,1,48,8,57,8,32,40,97
01/09/2013,JEF,MO,ACE,CE,Federal Contract Tower,0,1,20,4,25,0,0,21,5,26,0,1,41,9,51,10,0,10,61
01/10/2013,JEF,MO,ACE,CE,Federal Contract Tower,0,2,18,0,20,0,0,0,0,0,0,2,18,0,20,0,0,0,20
01/11/2013,JEF,MO,ACE,CE,Federal Contract Tower,0,0,23,0,23,0,0,44,25,69,0,0,67,25,92,10,26,36,128
01/12/2013,JEF,MO,ACE,CE,Federal Contract Tower,0,0,5,0,5,0,0,15,6,21,0,0,20,6,26,4,0,4,30
01/13/2013,JEF,MO,ACE,CE,Federal Contract Tower,0,1,14,2,17,0,0,14,0,14,0,1,28,2,31,0,0,0,31
01/14/2013,JEF,MO,ACE,CE,Federal Contract Tower,0,1,23,3,27,0,2,29,9,40,0,3,52,12,67,16,0,16,83
01/15/2013,JEF,MO,ACE,CE,Federal Contract Tower,0,0,18,0,18,0,0,38,0,38,0,0,56,0,56,38,0,38,94
01/16/2013,JEF,MO,ACE,CE,Federal Contract Tower,0,3,14,0,17,0,0,19,0,19,0,3,33,0,36,10,2,12,48
01/17/2013,JEF,MO,ACE,CE,Federal Contract Tower,0,0,17,1,18,0,0,22,6,28,0,0,39,7,46,40,0,40,86
01/18/2013,JEF,MO,ACE,CE,Federal Contract Tower,0,2,15,2,19,0,0,26,7,33,0,2,41,9,52,4,10,14,66
01/19/2013,JEF,MO,ACE,CE,Federal Contract Tower,0,0,1,0,1,0,0,23,0,23,0,0,24,0,24,26,0,26,50
01/20/2013,JEF,MO,ACE,CE,Federal Contract Tower,0,5,5,0,10,0,0,20,0,20,0,5,25,0,30,2,0,2,32
01/21/2013,JEF,MO,ACE,CE,Federal Contract Tower,0,2,7,0,9,0,4,33,0,37,0,6,40,0,46,48,0,48,94
01/22/2013,JEF,MO,ACE,CE,Federal Contract Tower,0,0,13,2,15,0,4,34,14,52,0,4,47,16,67,102,2,104,171
01/23/2013,JEF,MO,ACE,CE,Federal Contract Tower,0,0,23,4,27,0,2,20,10,32,0,2,43,14,59,30,0,30,89
01/24/2013,JEF,MO,ACE,CE,Federal Contract Tower,0,2,21,2,25,0,0,18,9,27,0,2,39,11,52,28,10,38,90
01/25/2013,JEF,MO,ACE,CE,Federal Contract Tower,0,0,15,2,17,0,0,25,1,26,0,0,40,3,43,4,0,4,47
01/26/2013,JEF,MO,ACE,CE,Federal Contract Tower,0,2,6,3,11,0,8,28,7,43,0,10,34,10,54,70,0,70,124
01/27/2013,JEF,MO,ACE,CE,Federal Contract Tower,0,0,7,3,10,0,0,0,2,2,0,0,7,5,12,0,0,0,12
01/28/2013,JEF,MO,ACE,CE,Federal Contract Tower,0,0,5,4,9,0,0,21,4,25,0,0,26,8,34,14,0,14,48
01/29/2013,JEF,MO,ACE,CE,Federal Contract Tower,0,0,6,0,6,0,0,3,0,3,0,0,9,0,9,0,0,0,9
01/30/2013,JEF,MO,ACE,CE,Federal Contract Tower,0,0,14,0,14,0,0,3,0,3,0,0,17,0,17,0,0,0,17
01/31/2013,JEF,MO,ACE,CE,Federal Contract Tower,0,0,16,1,17,0,0,20,3,23,0,0,36,4,40,16,0,16,56
02/01/2013,JEF,MO,ACE,CE,Federal Contract Tower,0,2,15,1,18,0,0,26,15,41,0,2,41,16,59,18,26,44,103
02/02/2013,JEF,MO,ACE,CE,Federal Contract Tower,0,0,4,0,4,0,0,24,2,26,0,0,28,2,30,26,0,26,56
02/03/2013,JEF,MO,ACE,CE,Federal Contract Tower,0,2,8,0,10,0,4,10,0,14,0,6,18,0,24,0,0,0,24
02/04/2013,JEF,MO,ACE,CE,Federal Contract Tower,0,1,10,2,13,0,4,23,4,31,0,5,33,6,44,10,0,10,54
02/05/2013,JEF,MO,ACE,CE,Federal Contract Tower,0,1,24,0,25,0,2,34,4,40,0,3,58,4,65,24,0,24,89
02/06/2013,JEF,MO,ACE,CE,Federal Contract Tower,0,0,25,0,25,0,5,36,13,54,0,5,61,13,79,32,16,48,127
02/07/2013,JEF,MO,ACE,CE,Federal Contract Tower,0,0,33,4,37,0,0,2,0,2,0,0,35,4,39,0,0,0,39
02/08/2013,JEF,MO,ACE,CE,Federal Contract Tower,0,1,32,4,37,0,0,12,6,18,0,1,44,10,55,2,0,2,57
02/09/2013,JEF,MO,ACE,CE,Federal Contract Tower,0,1,8,3,12,0,0,12,8,20,0,1,20,11,32,10,6,16,48
02/10/2013,JEF,MO,ACE,CE,Federal Contract Tower,0,0,2,1,3,0,0,3,0,3,0,0,5,1,6,0,4,4,10
02/11/2013,JEF,MO,ACE,CE,Federal Contract Tower,0,0,16,0,16,0,8,28,1,37,0,8,44,1,53,20,0,20,73
02/12/2013,JEF,MO,ACE,CE,Federal Contract Tower,0,0,8,1,9,0,0,32,5,37,0,0,40,6,46,2,8,10,56
02/13/2013,JEF,MO,ACE,CE,Federal Contract Tower,0,2,24,3,29,0,0,42,7,49,0,2,66,10,78,22,2,24,102
02/14/2013,JEF,MO,ACE,CE,Federal Contract Tower,0,1,13,2,16,0,0,35,13,48,0,1,48,15,64,70,0,70,134
02/15/2013,JEF,MO,ACE,CE,Federal Contract Tower,0,0,20,1,21,0,0,31,6,37,0,0,51,7,58,10,0,10,68
02/16/2013,JEF,MO,ACE,CE,Federal Contract Tower,0,0,3,1,4,0,0,33,0,33,0,0,36,1,37,34,0,34,71
02/17/2013,JEF,MO,ACE,CE,Federal Contract Tower,0,0,7,2,9,0,0,23,0,23,0,0,30,2,32,0,0,0,32
02/18/2013,JEF,MO,ACE,CE,Federal Contract Tower,0,2,10,0,12,0,0,10,0,10,0,2,20,0,22,10,0,10,32
02/19/2013,JEF,MO,ACE,CE,Federal Contract Tower,0,0,23,2,25,0,2,31,7,40,0,2,54,9,65,34,0,34,99
02/20/2013,JEF,MO,ACE,CE,Federal Contract Tower,0,5,18,2,25,0,4,25,4,33,0,9,43,6,58,30,4,34,92
02/21/2013,JEF,MO,ACE,CE,Federal Contract Tower,0,0,0,0,0,0,0,0,0,0,0,0,0,0,0,0,0,0,0
02/22/2013,JEF,MO,ACE,CE,Federal Contract Tower,0,0,3,0,3,0,0,9,0,9,0,0,12,0,12,32,0,32,44
02/23/2013,JEF,MO,ACE,CE,Federal Contract Tower,0,0,3,0,3,0,0,18,0,18,0,0,21,0,21,12,0,12,33
02/24/2013,JEF,MO,ACE,CE,Federal Contract Tower,0,0,17,0,17,0,0,36,1,37,0,0,53,1,54,42,0,42,96
02/25/2013,JEF,MO,ACE,CE,Federal Contract Tower,0,0,13,2,15,0,0,29,2,31,0,0,42,4,46,42,0,42,88
02/26/2013,JEF,MO,ACE,CE,Federal Contract Tower,0,0,1,0,1,0,0,0,0,0,0,0,1,0,1,0,0,0,1
02/27/2013,JEF,MO,ACE,CE,Federal Contract Tower,0,4,10,0,14,0,0,0,0,0,0,4,10,0,14,0,0,0,14
02/28/2013,JEF,MO,ACE,CE,Federal Contract Tower,0,0,8,0,8,0,0,11,0,11,0,0,19,0,19,30,0,30,49
03/01/2013,JEF,MO,ACE,CE,Federal Contract Tower,0,5,11,6,22,0,0,15,0,15,0,5,26,6,37,106,0,106,143
03/02/2013,JEF,MO,ACE,CE,Federal Contract Tower,0,0,5,4,9,0,0,25,1,26,0,0,30,5,35,58,10,68,103
03/03/2013,JEF,MO,ACE,CE,Federal Contract Tower,0,2,12,6,20,0,0,42,0,42,0,2,54,6,62,34,0,34,96
03/04/2013,JEF,MO,ACE,CE,Federal Contract Tower,0,0,9,0,9,0,0,22,2,24,0,0,31,2,33,26,10,36,69
03/05/2013,JEF,MO,ACE,CE,Federal Contract Tower,0,0,28,2,30,0,0,11,0,11,0,0,39,2,41,88,0,88,129
03/06/2013,JEF,MO,ACE,CE,Federal Contract Tower,0,4,24,2,30,0,0,35,2,37,0,4,59,4,67,78,6,84,151
03/07/2013,JEF,MO,ACE,CE,Federal Contract Tower,0,1,14,2,17,0,1,37,10,48,0,2,51,12,65,82,30,112,177
03/08/2013,JEF,MO,ACE,CE,Federal Contract Tower,0,0,20,0,20,0,4,44,16,64,0,4,64,16,84,56,30,86,170
03/09/2013,JEF,MO,ACE,CE,Federal Contract Tower,0,0,8,1,9,0,0,1,4,5,0,0,9,5,14,0,6,6,20
03/10/2013,JEF,MO,ACE,CE,Federal Contract Tower,0,2,4,4,10,0,2,1,0,3,0,4,5,4,13,0,0,0,13
03/11/2013,JEF,MO,ACE,CE,Federal Contract Tower,0,0,12,4,16,0,0,10,4,14,0,0,22,8,30,58,2,60,90
03/12/2013,JEF,MO,ACE,CE,Federal Contract Tower,0,0,18,0,18,0,0,37,2,39,0,0,55,2,57,36,0,36,93
03/13/2013,JEF,MO,ACE,CE,Federal Contract Tower,0,2,18,3,23,0,4,38,7,49,0,6,56,10,72,46,28,74,146
03/14/2013,JEF,MO,ACE,CE,Federal Contract Tower,0,1,22,4,27,0,1,27,6,34,0,2,49,10,61,24,4,28,89
03/15/2013,JEF,MO,ACE,CE,Federal Contract Tower,0,0,14,2,16,0,0,30,8,38,0,0,44,10,54,26,18,44,98
03/16/2013,JEF,MO,ACE,CE,Federal Contract Tower,0,0,6,0,6,0,0,7,0,7,0,0,13,0,13,0,0,0,13
03/17/2013,JEF,MO,ACE,CE,Federal Contract Tower,0,0,3,0,3,0,0,3,0,3,0,0,6,0,6,0,0,0,6
03/18/2013,JEF,MO,ACE,CE,Federal Contract Tower,0,0,22,0,22,0,0,12,2,14,0,0,34,2,36,6,0,6,42
03/19/2013,JEF,MO,ACE,CE,Federal Contract Tower,0,0,10,1,11,0,5,45,8,58,0,5,55,9,69,46,0,46,115
03/20/2013,JEF,MO,ACE,CE,Federal Contract Tower,0,0,6,2,8,0,3,27,5,35,0,3,33,7,43,60,0,60,103
03/21/2013,JEF,MO,ACE,CE,Federal Contract Tower,0,0,8,0,8,0,0,23,2,25,0,0,31,2,33,50,0,50,83
03/22/2013,JEF,MO,ACE,CE,Federal Contract Tower,0,0,9,0,9,0,0,13,2,15,0,0,22,2,24,28,0,28,52
03/23/2013,JEF,MO,ACE,CE,Federal Contract Tower,0,0,3,0,3,0,0,9,0,9,0,0,12,0,12,0,0,0,12
03/24/2013,JEF,MO,ACE,CE,Federal Contract Tower,0,0,2,0,2,0,0,2,0,2,0,0,4,0,4,0,0,0,4
03/25/2013,JEF,MO,ACE,CE,Federal Contract Tower,0,2,13,0,15,0,0,3,0,3,0,2,16,0,18,32,0,32,50
03/26/2013,JEF,MO,ACE,CE,Federal Contract Tower,0,2,20,2,24,0,2,36,5,43,0,4,56,7,67,4,6,10,77
03/27/2013,JEF,MO,ACE,CE,Federal Contract Tower,0,0,14,0,14,0,0,42,0,42,0,0,56,0,56,44,0,44,100
03/28/2013,JEF,MO,ACE,CE,Federal Contract Tower,0,0,19,0,19,0,4,25,7,36,0,4,44,7,55,10,36,46,101
03/29/2013,JEF,MO,ACE,CE,Federal Contract Tower,0,0,21,2,23,0,2,40,7,49,0,2,61,9,72,38,16,54,126
03/30/2013,JEF,MO,ACE,CE,Federal Contract Tower,0,1,6,2,9,0,0,17,0,17,0,1,23,2,26,12,1,13,39
03/31/2013,JEF,MO,ACE,CE,Federal Contract Tower,0,1,6,0,7,0,2,24,0,26,0,3,30,0,33,10,0,10,43
04/01/2013,JEF,MO,ACE,CE,Federal Contract Tower,0,0,16,0,16,0,8,29,1,38,0,8,45,1,54,18,16,34,88
04/02/2013,JEF,MO,ACE,CE,Federal Contract Tower,0,0,26,4,30,0,7,51,2,60,0,7,77,6,90,54,0,54,144
04/03/2013,JEF,MO,ACE,CE,Federal Contract Tower,0,0,14,4,18,0,0,38,5,43,0,0,52,9,61,16,10,26,87
04/04/2013,JEF,MO,ACE,CE,Federal Contract Tower,0,2,20,0,22,0,2,41,13,56,0,4,61,13,78,42,24,66,144
04/05/2013,JEF,MO,ACE,CE,Federal Contract Tower,0,0,19,2,21,0,0,59,4,63,0,0,78,6,84,124,16,140,224
04/06/2013,JEF,MO,ACE,CE,Federal Contract Tower,0,0,5,1,6,0,2,14,1,17,0,2,19,2,23,0,0,0,23
04/07/2013,JEF,MO,ACE,CE,Federal Contract Tower,1,0,2,5,8,0,0,26,0,26,1,0,28,5,34,20,0,20,54
04/08/2013,JEF,MO,ACE,CE,Federal Contract Tower,0,2,6,2,10,0,1,32,0,33,0,3,38,2,43,26,0,26,69
04/09/2013,JEF,MO,ACE,CE,Federal Contract Tower,0,0,19,0,19,0,5,34,3,42,0,5,53,3,61,54,18,72,133
04/10/2013,JEF,MO,ACE,CE,Federal Contract Tower,0,0,2,2,4,0,0,2,0,2,0,0,4,2,6,24,0,24,30
04/11/2013,JEF,MO,ACE,CE,Federal Contract Tower,0,0,8,9,17,0,0,7,10,17,0,0,15,19,34,6,14,20,54
04/12/2013,JEF,MO,ACE,CE,Federal Contract Tower,0,0,9,0,9,0,0,22,2,24,0,0,31,2,33,8,0,8,41
04/13/2013,JEF,MO,ACE,CE,Federal Contract Tower,0,0,12,0,12,0,0,24,0,24,0,0,36,0,36,134,0,134,170
04/14/2013,JEF,MO,ACE,CE,Federal Contract Tower,0,0,8,0,8,0,2,15,0,17,0,2,23,0,25,54,0,54,79
04/15/2013,JEF,MO,ACE,CE,Federal Contract Tower,0,0,15,2,17,0,0,13,1,14,0,0,28,3,31,26,2,28,59
04/16/2013,JEF,MO,ACE,CE,Federal Contract Tower,0,3,18,0,21,0,0,1,2,3,0,3,19,2,24,0,0,0,24
04/17/2013,JEF,MO,ACE,CE,Federal Contract Tower,0,1,12,2,15,0,0,11,4,15,0,1,23,6,30,96,12,108,138
04/18/2013,JEF,MO,ACE,CE,Federal Contract Tower,0,0,11,0,11,0,0,0,2,2,0,0,11,2,13,0,0,0,13
04/19/2013,JEF,MO,ACE,CE,Federal Contract Tower,0,2,12,0,14,0,0,22,0,22,0,2,34,0,36,2,0,2,38
04/20/2013,JEF,MO,ACE,CE,Federal Contract Tower,0,2,5,0,7,0,4,38,8,50,0,6,43,8,57,44,0,44,101
04/21/2013,JEF,MO,ACE,CE,Federal Contract Tower,0,2,5,0,7,0,0,23,0,23,0,2,28,0,30,6,0,6,36
04/22/2013,JEF,MO,ACE,CE,Federal Contract Tower,0,0,22,1,23,0,2,33,0,35,0,2,55,1,58,44,0,44,102
04/23/2013,JEF,MO,ACE,CE,Federal Contract Tower,0,2,13,2,17,0,0,0,0,0,0,2,13,2,17,0,0,0,17
04/24/2013,JEF,MO,ACE,CE,Federal Contract Tower,0,0,18,4,22,0,6,39,4,49,0,6,57,8,71,42,4,46,117
04/25/2013,JEF,MO,ACE,CE,Federal Contract Tower,0,0,30,1,31,0,1,51,10,62,0,1,81,11,93,68,44,112,205
04/26/2013,JEF,MO,ACE,CE,Federal Contract Tower,0,1,19,2,22,0,0,28,2,30,0,1,47,4,52,130,10,140,192
04/27/2013,JEF,MO,ACE,CE,Federal Contract Tower,0,0,8,0,8,0,0,0,0,0,0,0,8,0,8,0,0,0,8
04/28/2013,JEF,MO,ACE,CE,Federal Contract Tower,0,0,7,0,7,0,0,19,0,19,0,0,26,0,26,46,0,46,72
04/29/2013,JEF,MO,ACE,CE,Federal Contract Tower,0,0,20,0,20,0,6,47,2,55,0,6,67,2,75,24,2,26,101
04/30/2013,JEF,MO,ACE,CE,Federal Contract Tower,0,3,29,3,35,0,4,33,9,46,0,7,62,12,81,14,0,14,95
05/01/2013,JEF,MO,ACE,CE,Federal Contract Tower,0,0,22,2,24,0,0,49,0,49,0,0,71,2,73,32,0,32,105
05/02/2013,JEF,MO,ACE,CE,Federal Contract Tower,0,2,15,6,23,0,0,2,0,2,0,2,17,6,25,2,0,2,27
05/03/2013,JEF,MO,ACE,CE,Federal Contract Tower,0,0,5,2,7,0,0,0,2,2,0,0,5,4,9,0,12,12,21
05/04/2013,JEF,MO,ACE,CE,Federal Contract Tower,0,0,4,0,4,0,0,0,0,0,0,0,4,0,4,0,0,0,4
05/05/2013,JEF,MO,ACE,CE,Federal Contract Tower,0,0,11,2,13,0,0,0,0,0,0,0,11,2,13,0,4,4,17
05/06/2013,JEF,MO,ACE,CE,Federal Contract Tower,0,0,18,2,20,0,0,0,0,0,0,0,18,2,20,74,42,116,136
05/07/2013,JEF,MO,ACE,CE,Federal Contract Tower,0,3,22,3,28,0,0,42,4,46,0,3,64,7,74,28,8,36,110
05/08/2013,JEF,MO,ACE,CE,Federal Contract Tower,0,1,9,0,10,0,0,36,0,36,0,1,45,0,46,44,0,44,90
05/09/2013,JEF,MO,ACE,CE,Federal Contract Tower,0,2,23,4,29,0,0,8,1,9,0,2,31,5,38,8,14,22,60
05/10/2013,JEF,MO,ACE,CE,Federal Contract Tower,0,0,22,3,25,0,0,27,5,32,0,0,49,8,57,42,8,50,107
05/11/2013,JEF,MO,ACE,CE,Federal Contract Tower,0,0,8,0,8,0,0,23,0,23,0,0,31,0,31,18,0,18,49
05/12/2013,JEF,MO,ACE,CE,Federal Contract Tower,0,0,3,0,3,0,0,33,0,33,0,0,36,0,36,30,0,30,66
05/13/2013,JEF,MO,ACE,CE,Federal Contract Tower,0,0,22,7,29,0,0,75,8,83,0,0,97,15,112,62,2,64,176
05/14/2013,JEF,MO,ACE,CE,Federal Contract Tower,0,1,24,0,25,0,0,44,7,51,0,1,68,7,76,8,0,8,84
05/15/2013,JEF,MO,ACE,CE,Federal Contract Tower,0,0,9,3,12,0,2,39,5,46,0,2,48,8,58,50,0,50,108
05/16/2013,JEF,MO,ACE,CE,Federal Contract Tower,0,0,22,0,22,0,0,35,5,40,0,0,57,5,62,59,0,59,121
05/17/2013,JEF,MO,ACE,CE,Federal Contract Tower,0,0,25,2,27,0,0,25,8,33,0,0,50,10,60,38,10,48,108
05/18/2013,JEF,MO,ACE,CE,Federal Contract Tower,0,1,15,0,16,0,0,45,0,45,0,1,60,0,61,6,0,6,67
05/19/2013,JEF,MO,ACE,CE,Federal Contract Tower,0,0,14,0,14,0,0,19,0,19,0,0,33,0,33,0,0,0,33
05/20/2013,JEF,MO,ACE,CE,Federal Contract Tower,0,2,11,2,15,0,0,0,0,0,0,2,11,2,15,24,0,24,39
05/21/2013,JEF,MO,ACE,CE,Federal Contract Tower,0,0,13,0,13,0,1,13,0,14,0,1,26,0,27,2,0,2,29
05/22/2013,JEF,MO,ACE,CE,Federal Contract Tower,0,5,14,1,20,0,1,36,3,40,0,6,50,4,60,66,0,66,126
05/23/2013,JEF,MO,ACE,CE,Federal Contract Tower,0,7,19,1,27,0,0,40,11,51,0,7,59,12,78,48,0,48,126
05/24/2013,JEF,MO,ACE,CE,Federal Contract Tower,0,1,15,0,16,0,2,65,2,69,0,3,80,2,85,26,0,26,111
05/25/2013,JEF,MO,ACE,CE,Federal Contract Tower,0,0,9,0,9,0,0,7,1,8,0,0,16,1,17,0,0,0,17
05/26/2013,JEF,MO,ACE,CE,Federal Contract Tower,0,0,1,0,1,0,0,14,5,19,0,0,15,5,20,0,0,0,20
05/27/2013,JEF,MO,ACE,CE,Federal Contract Tower,0,0,6,0,6,0,4,11,0,15,0,4,17,0,21,14,0,14,35
05/28/2013,JEF,MO,ACE,CE,Federal Contract Tower,0,0,12,3,15,0,0,24,2,26,0,0,36,5,41,0,0,0,41
05/29/2013,JEF,MO,ACE,CE,Federal Contract Tower,0,0,19,2,21,0,0,46,0,46,0,0,65,2,67,32,0,32,99
05/30/2013,JEF,MO,ACE,CE,Federal Contract Tower,0,0,7,2,9,0,0,11,1,12,0,0,18,3,21,0,0,0,21
05/31/2013,JEF,MO,ACE,CE,Federal Contract Tower,0,0,13,1,14,0,0,10,0,10,0,0,23,1,24,0,0,0,24
06/01/2013,JEF,MO,ACE,CE,Federal Contract Tower,0,0,6,0,6,0,0,66,3,69,0,0,72,3,75,4,0,4,79
06/02/2013,JEF,MO,ACE,CE,Federal Contract Tower,0,0,5,0,5,0,0,20,0,20,0,0,25,0,25,0,0,0,25
06/03/2013,JEF,MO,ACE,CE,Federal Contract Tower,0,0,5,0,5,0,4,39,6,49,0,4,44,6,54,34,6,40,94
06/04/2013,JEF,MO,ACE,CE,Federal Contract Tower,0,0,12,3,15,0,4,54,12,70,0,4,66,15,85,22,52,74,159
06/05/2013,JEF,MO,ACE,CE,Federal Contract Tower,0,0,16,2,18,0,0,34,2,36,0,0,50,4,54,48,22,70,124
06/06/2013,JEF,MO,ACE,CE,Federal Contract Tower,0,0,27,1,28,0,2,53,8,63,0,2,80,9,91,58,12,70,161
06/07/2013,JEF,MO,ACE,CE,Federal Contract Tower,0,0,17,1,18,0,4,54,4,62,0,4,71,5,80,18,2,20,100
06/08/2013,JEF,MO,ACE,CE,Federal Contract Tower,0,0,9,0,9,0,0,19,0,19,0,0,28,0,28,32,0,32,60
06/09/2013,JEF,MO,ACE,CE,Federal Contract Tower,0,0,9,2,11,0,3,50,0,53,0,3,59,2,64,46,0,46,110
06/10/2013,JEF,MO,ACE,CE,Federal Contract Tower,0,0,8,0,8,0,12,50,3,65,0,12,58,3,73,12,8,20,93
06/11/2013,JEF,MO,ACE,CE,Federal Contract Tower,0,0,9,3,12,0,0,25,1,26,0,0,34,4,38,0,0,0,38
06/12/2013,JEF,MO,ACE,CE,Federal Contract Tower,0,0,6,2,8,0,3,35,0,38,0,3,41,2,46,18,0,18,64
06/13/2013,JEF,MO,ACE,CE,Federal Contract Tower,0,0,12,4,16,0,0,38,7,45,0,0,50,11,61,76,26,102,163
06/14/2013,JEF,MO,ACE,CE,Federal Contract Tower,0,0,12,1,13,0,0,48,5,53,0,0,60,6,66,24,0,24,90
06/15/2013,JEF,MO,ACE,CE,Federal Contract Tower,0,1,3,1,5,0,0,18,3,21,0,1,21,4,26,4,0,4,30
06/16/2013,JEF,MO,ACE,CE,Federal Contract Tower,0,0,14,0,14,0,2,12,0,14,0,2,26,0,28,8,0,8,36
06/17/2013,JEF,MO,ACE,CE,Federal Contract Tower,0,1,6,0,7,0,0,35,0,35,0,1,41,0,42,100,0,100,142
06/18/2013,JEF,MO,ACE,CE,Federal Contract Tower,0,1,24,0,25,0,9,47,0,56,0,10,71,0,81,42,0,42,123
06/19/2013,JEF,MO,ACE,CE,Federal Contract Tower,0,0,16,0,16,0,2,45,1,48,0,2,61,1,64,52,0,52,116
06/20/2013,JEF,MO,ACE,CE,Federal Contract Tower,0,0,19,1,20,0,4,32,3,39,0,4,51,4,59,10,2,12,71
06/21/2013,JEF,MO,ACE,CE,Federal Contract Tower,0,0,9,0,9,0,0,37,6,43,0,0,46,6,52,4,2,6,58
06/22/2013,JEF,MO,ACE,CE,Federal Contract Tower,0,3,4,0,7,0,0,26,0,26,0,3,30,0,33,18,0,18,51
06/23/2013,JEF,MO,ACE,CE,Federal Contract Tower,0,0,7,0,7,0,1,9,0,10,0,1,16,0,17,2,0,2,19
06/24/2013,JEF,MO,ACE,CE,Federal Contract Tower,0,0,10,0,10,0,0,52,2,54,0,0,62,2,64,44,0,44,108
06/25/2013,JEF,MO,ACE,CE,Federal Contract Tower,0,9,15,2,26,0,2,24,1,27,0,11,39,3,53,8,4,12,65
06/26/2013,JEF,MO,ACE,CE,Federal Contract Tower,0,1,17,0,18,0,0,28,4,32,0,1,45,4,50,30,0,30,80
06/27/2013,JEF,MO,ACE,CE,Federal Contract Tower,0,1,23,2,26,0,3,34,2,39,0,4,57,4,65,66,2,68,133
06/28/2013,JEF,MO,ACE,CE,Federal Contract Tower,0,0,7,0,7,0,1,35,6,42,0,1,42,6,49,32,0,32,81
06/29/2013,JEF,MO,ACE,CE,Federal Contract Tower,0,0,7,1,8,0,0,11,2,13,0,0,18,3,21,36,0,36,57
06/30/2013,JEF,MO,ACE,CE,Federal Contract Tower,0,0,2,0,2,0,2,28,0,30,0,2,30,0,32,2,0,2,34
07/01/2013,JEF,MO,ACE,CE,Federal Contract Tower,0,0,8,0,8,0,0,30,0,30,0,0,38,0,38,40,0,40,78
07/02/2013,JEF,MO,ACE,CE,Federal Contract Tower,0,2,13,0,15,0,8,23,3,34,0,10,36,3,49,2,40,42,91
07/03/2013,JEF,MO,ACE,CE,Federal Contract Tower,0,0,11,0,11,0,0,1,0,1,0,0,12,0,12,52,0,52,64
07/04/2013,JEF,MO,ACE,CE,Federal Contract Tower,0,0,6,0,6,0,0,11,0,11,0,0,17,0,17,24,0,24,41
07/05/2013,JEF,MO,ACE,CE,Federal Contract Tower,0,0,8,0,8,0,1,31,0,32,0,1,39,0,40,18,0,18,58
07/06/2013,JEF,MO,ACE,CE,Federal Contract Tower,0,0,4,0,4,0,0,17,0,17,0,0,21,0,21,6,0,6,27
07/07/2013,JEF,MO,ACE,CE,Federal Contract Tower,0,0,12,0,12,0,0,22,0,22,0,0,34,0,34,0,0,0,34
07/08/2013,JEF,MO,ACE,CE,Federal Contract Tower,0,0,14,0,14,0,0,44,2,46,0,0,58,2,60,32,0,32,92
07/09/2013,JEF,MO,ACE,CE,Federal Contract Tower,0,0,15,4,19,0,0,37,9,46,0,0,52,13,65,16,2,18,83
07/10/2013,JEF,MO,ACE,CE,Federal Contract Tower,0,0,14,2,16,0,3,31,4,38,0,3,45,6,54,26,10,36,90
07/11/2013,JEF,MO,ACE,CE,Federal Contract Tower,0,2,15,2,19,0,8,38,4,50,0,10,53,6,69,64,8,72,141
07/12/2013,JEF,MO,ACE,CE,Federal Contract Tower,0,0,26,0,26,0,0,72,5,77,0,0,98,5,103,72,4,76,179
07/13/2013,JEF,MO,ACE,CE,Federal Contract Tower,0,0,2,2,4,0,0,28,5,33,0,0,30,7,37,2,44,46,83
07/14/2013,JEF,MO,ACE,CE,Federal Contract Tower,0,0,13,0,13,0,0,17,0,17,0,0,30,0,30,0,0,0,30
07/15/2013,JEF,MO,ACE,CE,Federal Contract Tower,0,0,14,2,16,0,0,24,0,24,0,0,38,2,40,40,0,40,80
07/16/2013,JEF,MO,ACE,CE,Federal Contract Tower,0,2,25,2,29,0,0,39,1,40,0,2,64,3,69,14,6,20,89
07/17/2013,JEF,MO,ACE,CE,Federal Contract Tower,0,1,14,3,18,0,1,33,15,49,0,2,47,18,67,42,16,58,125
07/18/2013,JEF,MO,ACE,CE,Federal Contract Tower,0,0,12,5,17,0,0,46,1,47,0,0,58,6,64,30,0,30,94
07/19/2013,JEF,MO,ACE,CE,Federal Contract Tower,0,0,23,1,24,0,2,39,6,47,0,2,62,7,71,18,10,28,99
07/20/2013,JEF,MO,ACE,CE,Federal Contract Tower,0,1,6,0,7,0,0,12,4,16,0,1,18,4,23,0,0,0,23
07/21/2013,JEF,MO,ACE,CE,Federal Contract Tower,0,3,9,2,14,0,2,14,0,16,0,5,23,2,30,16,0,16,46
07/22/2013,JEF,MO,ACE,CE,Federal Contract Tower,0,0,14,2,16,0,2,31,0,33,0,2,45,2,49,40,2,42,91
07/23/2013,JEF,MO,ACE,CE,Federal Contract Tower,0,2,22,2,26,0,2,26,0,28,0,4,48,2,54,56,0,56,110
07/24/2013,JEF,MO,ACE,CE,Federal Contract Tower,0,0,13,5,18,0,2,23,7,32,0,2,36,12,50,30,0,30,80
07/25/2013,JEF,MO,ACE,CE,Federal Contract Tower,0,0,16,1,17,0,2,46,0,48,0,2,62,1,65,46,0,46,111
07/26/2013,JEF,MO,ACE,CE,Federal Contract Tower,0,5,14,5,24,0,0,14,2,16,0,5,28,7,40,16,0,16,56
07/27/2013,JEF,MO,ACE,CE,Federal Contract Tower,0,0,13,0,13,0,0,23,0,23,0,0,36,0,36,2,0,2,38
07/28/2013,JEF,MO,ACE,CE,Federal Contract Tower,0,0,10,2,12,0,3,52,0,55,0,3,62,2,67,0,0,0,67
07/29/2013,JEF,MO,ACE,CE,Federal Contract Tower,0,1,18,0,19,0,0,13,0,13,0,1,31,0,32,102,0,102,134
07/30/2013,JEF,MO,ACE,CE,Federal Contract Tower,0,0,12,1,13,0,0,7,14,21,0,0,19,15,34,0,28,28,62
07/31/2013,JEF,MO,ACE,CE,Federal Contract Tower,0,4,18,1,23,0,2,21,2,25,0,6,39,3,48,64,0,64,112
08/01/2013,JEF,MO,ACE,CE,Federal Contract Tower,0,8,21,2,31,0,3,41,9,53,0,11,62,11,84,22,10,32,116
08/02/2013,JEF,MO,ACE,CE,Federal Contract Tower,0,0,12,0,12,0,0,22,1,23,0,0,34,1,35,16,2,18,53
08/03/2013,JEF,MO,ACE,CE,Federal Contract Tower,0,0,6,2,8,0,0,5,0,5,0,0,11,2,13,0,0,0,13
08/04/2013,JEF,MO,ACE,CE,Federal Contract Tower,0,3,5,1,9,0,0,18,0,18,0,3,23,1,27,0,0,0,27
08/05/2013,JEF,MO,ACE,CE,Federal Contract Tower,12,0,0,0,12,0,0,22,0,22,12,0,22,0,34,68,0,68,102
08/06/2013,JEF,MO,ACE,CE,Federal Contract Tower,0,0,18,1,19,0,2,17,0,19,0,2,35,1,38,42,2,44,82
08/07/2013,JEF,MO,ACE,CE,Federal Contract Tower,0,0,19,0,19,0,0,18,2,20,0,0,37,2,39,10,24,34,73
08/08/2013,JEF,MO,ACE,CE,Federal Contract Tower,0,0,14,3,17,0,0,24,4,28,0,0,38,7,45,58,2,60,105
08/09/2013,JEF,MO,ACE,CE,Federal Contract Tower,0,0,14,1,15,0,0,27,0,27,0,0,41,1,42,84,0,84,126
08/10/2013,JEF,MO,ACE,CE,Federal Contract Tower,0,0,14,0,14,0,2,29,0,31,0,2,43,0,45,20,0,20,65
08/11/2013,JEF,MO,ACE,CE,Federal Contract Tower,0,0,9,0,9,0,2,42,0,44,0,2,51,0,53,48,0,48,101
08/12/2013,JEF,MO,ACE,CE,Federal Contract Tower,0,0,12,1,13,0,0,18,0,18,0,0,30,1,31,110,0,110,141
08/13/2013,JEF,MO,ACE,CE,Federal Contract Tower,0,3,16,4,23,0,3,54,2,59,0,6,70,6,82,48,0,48,130
08/14/2013,JEF,MO,ACE,CE,Federal Contract Tower,0,0,12,2,14,0,0,47,0,47,0,0,59,2,61,118,0,118,179
08/15/2013,JEF,MO,ACE,CE,Federal Contract Tower,0,0,19,2,21,0,2,52,8,62,0,2,71,10,83,50,6,56,139
08/16/2013,JEF,MO,ACE,CE,Federal Contract Tower,0,0,32,2,34,0,2,52,1,55,0,2,84,3,89,138,0,138,227
08/17/2013,JEF,MO,ACE,CE,Federal Contract Tower,0,2,14,1,17,0,2,35,0,37,0,4,49,1,54,32,0,32,86
08/18/2013,JEF,MO,ACE,CE,Federal Contract Tower,0,1,5,2,8,0,0,43,0,43,0,1,48,2,51,30,0,30,81
08/19/2013,JEF,MO,ACE,CE,Federal Contract Tower,0,1,10,2,13,0,3,30,4,37,0,4,40,6,50,114,0,114,164
08/20/2013,JEF,MO,ACE,CE,Federal Contract Tower,0,0,20,1,21,0,0,44,8,52,0,0,64,9,73,166,0,166,239
08/21/2013,JEF,MO,ACE,CE,Federal Contract Tower,0,4,13,1,18,0,0,37,16,53,0,4,50,17,71,92,8,100,171
08/22/2013,JEF,MO,ACE,CE,Federal Contract Tower,0,1,17,3,21,0,0,26,7,33,0,1,43,10,54,86,0,86,140
08/23/2013,JEF,MO,ACE,CE,Federal Contract Tower,0,0,14,3,17,0,0,74,5,79,0,0,88,8,96,114,0,114,210
08/24/2013,JEF,MO,ACE,CE,Federal Contract Tower,0,0,2,0,2,0,0,39,4,43,0,0,41,4,45,22,0,22,67
08/25/2013,JEF,MO,ACE,CE,Federal Contract Tower,0,0,2,0,2,0,0,35,0,35,0,0,37,0,37,50,0,50,87
08/26/2013,JEF,MO,ACE,CE,Federal Contract Tower,0,2,17,0,19,0,5,28,8,41,0,7,45,8,60,50,32,82,142
08/27/2013,JEF,MO,ACE,CE,Federal Contract Tower,0,0,26,3,29,0,0,32,16,48,0,0,58,19,77,56,0,56,133
08/28/2013,JEF,MO,ACE,CE,Federal Contract Tower,0,4,20,3,27,0,0,39,10,49,0,4,59,13,76,82,0,82,158
08/29/2013,JEF,MO,ACE,CE,Federal Contract Tower,0,2,20,4,26,0,0,41,9,50,0,2,61,13,76,142,0,142,218
08/30/2013,JEF,MO,ACE,CE,Federal Contract Tower,0,0,25,2,27,0,0,41,0,41,0,0,66,2,68,82,0,82,150
08/31/2013,JEF,MO,ACE,CE,Federal Contract Tower,0,0,6,0,6,0,0,27,0,27,0,0,33,0,33,8,0,8,41
09/01/2013,JEF,MO,ACE,CE,Federal Contract Tower,0,0,7,0,7,0,0,16,0,16,0,0,23,0,23,2,0,2,25
09/02/2013,JEF,MO,ACE,CE,Federal Contract Tower,0,0,3,0,3,0,8,34,0,42,0,8,37,0,45,42,0,42,87
09/03/2013,JEF,MO,ACE,CE,Federal Contract Tower,0,0,15,2,17,0,0,45,9,54,0,0,60,11,71,48,0,48,119
09/04/2013,JEF,MO,ACE,CE,Federal Contract Tower,0,0,18,3,21,0,0,34,8,42,0,0,52,11,63,60,22,82,145
09/05/2013,JEF,MO,ACE,CE,Federal Contract Tower,0,0,28,0,28,0,0,40,12,52,0,0,68,12,80,52,26,78,158
09/06/2013,JEF,MO,ACE,CE,Federal Contract Tower,0,0,16,0,16,0,0,72,19,91,0,0,88,19,107,74,16,90,197
09/07/2013,JEF,MO,ACE,CE,Federal Contract Tower,0,0,5,2,7,0,0,27,0,27,0,0,32,2,34,0,0,0,34
09/08/2013,JEF,MO,ACE,CE,Federal Contract Tower,0,0,10,2,12,0,2,24,0,26,0,2,34,2,38,2,0,2,40
09/09/2013,JEF,MO,ACE,CE,Federal Contract Tower,0,0,25,2,27,0,0,29,3,32,0,0,54,5,59,28,2,30,89
09/10/2013,JEF,MO,ACE,CE,Federal Contract Tower,0,4,18,0,22,0,2,30,5,37,0,6,48,5,59,36,2,38,97
09/11/2013,JEF,MO,ACE,CE,Federal Contract Tower,0,0,18,0,18,0,1,33,2,36,0,1,51,2,54,90,8,98,152
09/12/2013,JEF,MO,ACE,CE,Federal Contract Tower,0,0,23,2,25,0,0,45,10,55,0,0,68,12,80,62,14,76,156
09/13/2013,JEF,MO,ACE,CE,Federal Contract Tower,0,0,17,4,21,0,0,37,10,47,0,0,54,14,68,72,42,114,182
09/14/2013,JEF,MO,ACE,CE,Federal Contract Tower,0,0,8,0,8,0,0,18,0,18,0,0,26,0,26,12,0,12,38
09/15/2013,JEF,MO,ACE,CE,Federal Contract Tower,0,0,13,0,13,0,0,8,5,13,0,0,21,5,26,6,10,16,42
09/16/2013,JEF,MO,ACE,CE,Federal Contract Tower,0,0,24,0,24,0,2,3,0,5,0,2,27,0,29,2,0,2,31
09/17/2013,JEF,MO,ACE,CE,Federal Contract Tower,0,0,33,3,36,0,0,8,1,9,0,0,41,4,45,78,12,90,135
09/18/2013,JEF,MO,ACE,CE,Federal Contract Tower,0,1,18,0,19,0,0,28,6,34,0,1,46,6,53,32,18,50,103
09/19/2013,JEF,MO,ACE,CE,Federal Contract Tower,0,8,21,4,33,0,1,46,12,59,0,9,67,16,92,56,18,74,166
09/20/2013,JEF,MO,ACE,CE,Federal Contract Tower,0,2,28,6,36,0,0,24,4,28,0,2,52,10,64,34,0,34,98
09/21/2013,JEF,MO,ACE,CE,Federal Contract Tower,0,0,8,2,10,0,0,12,0,12,0,0,20,2,22,18,0,18,40
09/22/2013,JEF,MO,ACE,CE,Federal Contract Tower,0,0,11,0,11,0,2,31,0,33,0,2,42,0,44,44,0,44,88
09/23/2013,JEF,MO,ACE,CE,Federal Contract Tower,0,2,12,0,14,0,2,50,0,52,0,4,62,0,66,6,0,6,72
09/24/2013,JEF,MO,ACE,CE,Federal Contract Tower,0,0,17,0,17,0,5,39,1,45,0,5,56,1,62,50,0,50,112
09/25/2013,JEF,MO,ACE,CE,Federal Contract Tower,0,0,18,0,18,0,0,24,0,24,0,0,42,0,42,4,0,4,46
09/26/2013,JEF,MO,ACE,CE,Federal Contract Tower,0,4,25,1,30,0,0,31,6,37,0,4,56,7,67,38,4,42,109
09/27/2013,JEF,MO,ACE,CE,Federal Contract Tower,0,2,13,3,18,0,0,56,0,56,0,2,69,3,74,72,0,72,146
09/28/2013,JEF,MO,ACE,CE,Federal Contract Tower,0,0,2,0,2,0,0,71,0,71,0,0,73,0,73,48,0,48,121
09/29/2013,JEF,MO,ACE,CE,Federal Contract Tower,0,2,3,0,5,0,2,24,0,26,0,4,27,0,31,2,0,2,33
09/30/2013,JEF,MO,ACE,CE,Federal Contract Tower,0,0,15,2,17,0,0,22,0,22,0,0,37,2,39,90,0,90,129
10/01/2013,JEF,MO,ACE,CE,Federal Contract Tower,0,1,24,0,25,0,1,39,1,41,0,2,63,1,66,42,0,42,108
10/02/2013,JEF,MO,ACE,CE,Federal Contract Tower,0,2,8,1,11,0,0,15,0,15,0,2,23,1,26,22,0,22,48
10/03/2013,JEF,MO,ACE,CE,Federal Contract Tower,0,2,23,0,25,0,0,21,0,21,0,2,44,0,46,44,0,44,90
10/04/2013,JEF,MO,ACE,CE,Federal Contract Tower,0,8,14,0,22,0,0,32,0,32,0,8,46,0,54,46,0,46,100
10/05/2013,JEF,MO,ACE,CE,Federal Contract Tower,0,0,3,0,3,0,0,1,0,1,0,0,4,0,4,0,0,0,4
10/06/2013,JEF,MO,ACE,CE,Federal Contract Tower,0,4,3,0,7,0,0,9,0,9,0,4,12,0,16,6,0,6,22
10/07/2013,JEF,MO,ACE,CE,Federal Contract Tower,0,0,14,0,14,0,0,30,0,30,0,0,44,0,44,34,0,34,78
10/08/2013,JEF,MO,ACE,CE,Federal Contract Tower,0,0,11,0,11,0,4,42,0,46,0,4,53,0,57,80,0,80,137
10/09/2013,JEF,MO,ACE,CE,Federal Contract Tower,0,0,6,0,6,0,0,26,0,26,0,0,32,0,32,4,0,4,36
10/10/2013,JEF,MO,ACE,CE,Federal Contract Tower,0,0,27,0,27,0,0,48,0,48,0,0,75,0,75,8,0,8,83
10/11/2013,JEF,MO,ACE,CE,Federal Contract Tower,0,2,13,0,15,0,0,35,0,35,0,2,48,0,50,54,0,54,104
10/12/2013,JEF,MO,ACE,CE,Federal Contract Tower,0,0,1,4,5,0,0,5,0,5,0,0,6,4,10,0,0,0,10
10/13/2013,JEF,MO,ACE,CE,Federal Contract Tower,0,0,14,0,14,0,13,23,0,36,0,13,37,0,50,6,0,6,56
10/14/2013,JEF,MO,ACE,CE,Federal Contract Tower,0,0,8,0,8,0,0,29,0,29,0,0,37,0,37,98,0,98,135
10/15/2013,JEF,MO,ACE,CE,Federal Contract Tower,0,1,14,0,15,0,1,21,0,22,0,2,35,0,37,58,0,58,95
10/16/2013,JEF,MO,ACE,CE,Federal Contract Tower,0,0,24,0,24,0,4,28,0,32,0,4,52,0,56,34,0,34,90
10/17/2013,JEF,MO,ACE,CE,Federal Contract Tower,0,2,23,0,25,0,0,41,0,41,0,2,64,0,66,62,0,62,128
10/18/2013,JEF,MO,ACE,CE,Federal Contract Tower,0,0,15,2,17,0,4,35,0,39,0,4,50,2,56,34,0,34,90
10/19/2013,JEF,MO,ACE,CE,Federal Contract Tower,0,2,7,0,9,0,5,24,0,29,0,7,31,0,38,18,0,18,56
10/20/2013,JEF,MO,ACE,CE,Federal Contract Tower,0,8,8,0,16,0,0,29,0,29,0,8,37,0,45,2,0,2,47
10/21/2013,JEF,MO,ACE,CE,Federal Contract Tower,0,0,21,0,21,0,4,36,1,41,0,4,57,1,62,22,0,22,84
10/22/2013,JEF,MO,ACE,CE,Federal Contract Tower,0,0,17,2,19,0,0,29,3,32,0,0,46,5,51,14,0,14,65
10/23/2013,JEF,MO,ACE,CE,Federal Contract Tower,0,4,11,0,15,0,2,33,0,35,0,6,44,0,50,18,0,18,68
10/24/2013,JEF,MO,ACE,CE,Federal Contract Tower,0,1,15,0,16,0,0,29,8,37,0,1,44,8,53,66,6,72,125
10/25/2013,JEF,MO,ACE,CE,Federal Contract Tower,0,3,15,0,18,0,0,42,0,42,0,3,57,0,60,36,0,36,96
10/26/2013,JEF,MO,ACE,CE,Federal Contract Tower,0,0,17,0,17,0,0,13,0,13,0,0,30,0,30,28,0,28,58
10/27/2013,JEF,MO,ACE,CE,Federal Contract Tower,0,4,12,0,16,0,0,15,0,15,0,4,27,0,31,30,0,30,61
10/28/2013,JEF,MO,ACE,CE,Federal Contract Tower,0,2,8,2,12,0,2,45,0,47,0,4,53,2,59,106,0,106,165
10/29/2013,JEF,MO,ACE,CE,Federal Contract Tower,0,0,14,0,14,0,0,1,0,1,0,0,15,0,15,2,0,2,17
10/30/2013,JEF,MO,ACE,CE,Federal Contract Tower,0,0,15,2,17,0,0,4,0,4,0,0,19,2,21,12,0,12,33
10/31/2013,JEF,MO,ACE,CE,Federal Contract Tower,0,1,12,4,17,0,0,0,0,0,0,1,12,4,17,0,0,0,17
11/01/2013,JEF,MO,ACE,CE,Federal Contract Tower,0,0,14,2,16,0,0,34,1,35,0,0,48,3,51,54,4,58,109
11/02/2013,JEF,MO,ACE,CE,Federal Contract Tower,0,0,11,2,13,0,0,29,4,33,0,0,40,6,46,68,16,84,130
11/03/2013,JEF,MO,ACE,CE,Federal Contract Tower,0,1,10,0,11,0,2,23,3,28,0,3,33,3,39,20,2,22,61
11/04/2013,JEF,MO,ACE,CE,Federal Contract Tower,0,1,9,2,12,0,0,34,0,34,0,1,43,2,46,26,0,26,72
11/05/2013,JEF,MO,ACE,CE,Federal Contract Tower,0,0,11,4,15,0,0,0,0,0,0,0,11,4,15,4,0,4,19
11/06/2013,JEF,MO,ACE,CE,Federal Contract Tower,0,0,11,6,17,0,0,3,2,5,0,0,14,8,22,44,6,50,72
11/07/2013,JEF,MO,ACE,CE,Federal Contract Tower,0,1,28,3,32,0,0,36,1,37,0,1,64,4,69,38,0,38,107
11/08/2013,JEF,MO,ACE,CE,Federal Contract Tower,0,2,8,2,12,0,0,37,0,37,0,2,45,2,49,18,0,18,67
11/09/2013,JEF,MO,ACE,CE,Federal Contract Tower,0,1,8,0,9,0,1,68,0,69,0,2,76,0,78,46,0,46,124
11/10/2013,JEF,MO,ACE,CE,Federal Contract Tower,0,2,10,2,14,0,0,31,0,31,0,2,41,2,45,84,0,84,129
11/11/2013,JEF,MO,ACE,CE,Federal Contract Tower,0,0,12,0,12,0,0,15,0,15,0,0,27,0,27,40,0,40,67
11/12/2013,JEF,MO,ACE,CE,Federal Contract Tower,0,1,10,3,14,0,0,23,2,25,0,1,33,5,39,12,8,20,59
11/13/2013,JEF,MO,ACE,CE,Federal Contract Tower,0,2,26,2,30,0,0,27,4,31,0,2,53,6,61,36,10,46,107
11/14/2013,JEF,MO,ACE,CE,Federal Contract Tower,0,1,17,0,18,0,4,30,6,40,0,5,47,6,58,44,40,84,142
11/15/2013,JEF,MO,ACE,CE,Federal Contract Tower,1,0,14,4,19,0,0,38,4,42,1,0,52,8,61,28,10,38,99
11/16/2013,JEF,MO,ACE,CE,Federal Contract Tower,0,0,2,0,2,0,0,2,0,2,0,0,4,0,4,0,0,0,4
11/17/2013,JEF,MO,ACE,CE,Federal Contract Tower,0,0,1,0,1,0,0,0,0,0,0,0,1,0,1,0,0,0,1
11/18/2013,JEF,MO,ACE,CE,Federal Contract Tower,0,0,11,1,12,0,7,36,6,49,0,7,47,7,61,64,24,88,149
11/19/2013,JEF,MO,ACE,CE,Federal Contract Tower,0,0,18,0,18,0,0,46,8,54,0,0,64,8,72,104,0,104,176
11/20/2013,JEF,MO,ACE,CE,Federal Contract Tower,0,0,13,2,15,0,0,26,0,26,0,0,39,2,41,128,0,128,169
11/21/2013,JEF,MO,ACE,CE,Federal Contract Tower,0,0,19,2,21,0,0,4,0,4,0,0,23,2,25,50,0,50,75
11/22/2013,JEF,MO,ACE,CE,Federal Contract Tower,0,2,9,2,13,0,0,0,0,0,0,2,9,2,13,0,0,0,13
11/23/2013,JEF,MO,ACE,CE,Federal Contract Tower,0,0,13,0,13,0,0,11,0,11,0,0,24,0,24,16,0,16,40
11/24/2013,JEF,MO,ACE,CE,Federal Contract Tower,0,0,17,0,17,0,0,22,0,22,0,0,39,0,39,24,0,24,63
11/25/2013,JEF,MO,ACE,CE,Federal Contract Tower,0,2,16,2,20,0,0,20,0,20,0,2,36,2,40,118,0,118,158
11/26/2013,JEF,MO,ACE,CE,Federal Contract Tower,0,0,19,0,19,0,1,23,0,24,0,1,42,0,43,56,0,56,99
11/27/2013,JEF,MO,ACE,CE,Federal Contract Tower,0,0,5,0,5,0,0,26,4,30,0,0,31,4,35,154,4,158,193
11/28/2013,JEF,MO,ACE,CE,Federal Contract Tower,0,0,0,0,0,0,0,3,0,3,0,0,3,0,3,0,0,0,3
11/29/2013,JEF,MO,ACE,CE,Federal Contract Tower,0,0,1,0,1,0,0,14,0,14,0,0,15,0,15,26,0,26,41
11/30/2013,JEF,MO,ACE,CE,Federal Contract Tower,0,0,6,0,6,0,10,11,0,21,0,10,17,0,27,0,0,0,27
12/01/2013,JEF,MO,ACE,CE,Federal Contract Tower,0,0,16,0,16,0,0,15,0,15,0,0,31,0,31,4,0,4,35
12/02/2013,JEF,MO,ACE,CE,Federal Contract Tower,0,0,17,2,19,0,2,24,0,26,0,2,41,2,45,10,0,10,55
12/03/2013,JEF,MO,ACE,CE,Federal Contract Tower,0,0,10,2,12,0,0,31,2,33,0,0,41,4,45,16,8,24,69
12/04/2013,JEF,MO,ACE,CE,Federal Contract Tower,0,0,23,2,25,0,0,12,0,12,0,0,35,2,37,92,0,92,129
12/05/2013,JEF,MO,ACE,CE,Federal Contract Tower,0,2,7,0,9,0,0,14,0,14,0,2,21,0,23,24,0,24,47
12/06/2013,JEF,MO,ACE,CE,Federal Contract Tower,0,0,5,0,5,0,0,5,0,5,0,0,10,0,10,30,0,30,40
12/07/2013,JEF,MO,ACE,CE,Federal Contract Tower,0,0,3,2,5,0,2,7,3,12,0,2,10,5,17,38,22,60,77
12/08/2013,JEF,MO,ACE,CE,Federal Contract Tower,0,0,7,1,8,0,0,0,0,0,0,0,7,1,8,0,0,0,8
12/09/2013,JEF,MO,ACE,CE,Federal Contract Tower,0,0,16,1,17,0,0,26,0,26,0,0,42,1,43,18,0,18,61
12/10/2013,JEF,MO,ACE,CE,Federal Contract Tower,0,0,22,2,24,0,0,35,8,43,0,0,57,10,67,74,2,76,143
12/11/2013,JEF,MO,ACE,CE,Federal Contract Tower,0,0,19,0,19,0,0,26,1,27,0,0,45,1,46,38,0,38,84
12/12/2013,JEF,MO,ACE,CE,Federal Contract Tower,0,0,25,1,26,0,2,33,2,37,0,2,58,3,63,98,32,130,193
12/13/2013,JEF,MO,ACE,CE,Federal Contract Tower,0,1,9,1,11,0,0,3,0,3,0,1,12,1,14,0,0,0,14
12/14/2013,JEF,MO,ACE,CE,Federal Contract Tower,0,0,2,2,4,0,0,0,0,0,0,0,2,2,4,0,0,0,4
12/15/2013,JEF,MO,ACE,CE,Federal Contract Tower,0,0,10,2,12,0,0,15,0,15,0,0,25,2,27,18,0,18,45
12/16/2013,JEF,MO,ACE,CE,Federal Contract Tower,0,1,16,0,17,0,2,30,0,32,0,3,46,0,49,54,2,56,105
12/17/2013,JEF,MO,ACE,CE,Federal Contract Tower,0,0,17,4,21,0,2,34,1,37,0,2,51,5,58,98,0,98,156
12/18/2013,JEF,MO,ACE,CE,Federal Contract Tower,0,2,10,0,12,0,0,24,0,24,0,2,34,0,36,50,0,50,86
12/19/2013,JEF,MO,ACE,CE,Federal Contract Tower,0,0,19,1,20,0,0,18,1,19,0,0,37,2,39,4,0,4,43
12/20/2013,JEF,MO,ACE,CE,Federal Contract Tower,0,0,7,0,7,0,0,2,0,2,0,0,9,0,9,0,0,0,9
12/21/2013,JEF,MO,ACE,CE,Federal Contract Tower,0,0,2,0,2,0,0,0,0,0,0,0,2,0,2,0,0,0,2
12/22/2013,JEF,MO,ACE,CE,Federal Contract Tower,0,0,2,0,2,0,0,2,0,2,0,0,4,0,4,20,0,20,24
12/23/2013,JEF,MO,ACE,CE,Federal Contract Tower,0,2,11,0,13,0,1,16,0,17,0,3,27,0,30,26,0,26,56
12/24/2013,JEF,MO,ACE,CE,Federal Contract Tower,0,0,3,0,3,0,0,12,0,12,0,0,15,0,15,16,0,16,31
12/25/2013,JEF,MO,ACE,CE,Federal Contract Tower,0,0,0,0,0,0,0,0,0,0,0,0,0,0,0,0,0,0,0
12/26/2013,JEF,MO,ACE,CE,Federal Contract Tower,0,0,16,0,16,0,0,8,0,8,0,0,24,0,24,2,0,2,26
12/27/2013,JEF,MO,ACE,CE,Federal Contract Tower,0,2,13,2,17,0,2,47,0,49,0,4,60,2,66,20,0,20,86
12/28/2013,JEF,MO,ACE,CE,Federal Contract Tower,0,2,7,0,9,0,2,26,2,30,0,4,33,2,39,16,0,16,55
12/29/2013,JEF,MO,ACE,CE,Federal Contract Tower,0,0,6,0,6,0,0,3,0,3,0,0,9,0,9,0,0,0,9
12/30/2013,JEF,MO,ACE,CE,Federal Contract Tower,0,2,5,2,9,0,0,22,2,24,0,2,27,4,33,118,2,120,153
12/31/2013,JEF,MO,ACE,CE,Federal Contract Tower,0,2,2,0,4,0,0,23,3,26,0,2,25,3,30,108,0,108,138
01/01/2014,JEF,MO,ACE,CE,Federal Contract Tower,0,0,0,0,0,0,0,9,0,9,0,0,9,0,9,92,0,92,101
01/02/2014,JEF,MO,ACE,CE,Federal Contract Tower,0,4,7,0,11,0,0,9,2,11,0,4,16,2,22,94,0,94,116
01/03/2014,JEF,MO,ACE,CE,Federal Contract Tower,0,0,17,0,17,0,5,22,2,29,0,5,39,2,46,58,0,58,104
01/04/2014,JEF,MO,ACE,CE,Federal Contract Tower,0,5,1,0,6,0,0,11,2,13,0,5,12,2,19,12,0,12,31
01/05/2014,JEF,MO,ACE,CE,Federal Contract Tower,0,0,0,0,0,0,0,0,0,0,0,0,0,0,0,0,0,0,0
01/06/2014,JEF,MO,ACE,CE,Federal Contract Tower,0,0,3,0,3,0,2,2,0,4,0,2,5,0,7,0,0,0,7
01/07/2014,JEF,MO,ACE,CE,Federal Contract Tower,0,1,12,0,13,0,2,19,2,23,0,3,31,2,36,0,30,30,66
01/08/2014,JEF,MO,ACE,CE,Federal Contract Tower,0,1,15,0,16,0,0,12,2,14,0,1,27,2,30,58,0,58,88
01/09/2014,JEF,MO,ACE,CE,Federal Contract Tower,0,2,7,2,11,0,0,0,0,0,0,2,7,2,11,0,0,0,11
01/10/2014,JEF,MO,ACE,CE,Federal Contract Tower,0,0,21,1,22,0,0,1,7,8,0,0,22,8,30,10,68,78,108
01/11/2014,JEF,MO,ACE,CE,Federal Contract Tower,0,0,2,0,2,0,0,21,0,21,0,0,23,0,23,78,0,78,101
01/12/2014,JEF,MO,ACE,CE,Federal Contract Tower,0,0,5,0,5,0,0,21,0,21,0,0,26,0,26,12,0,12,38
01/13/2014,JEF,MO,ACE,CE,Federal Contract Tower,0,0,12,0,12,0,2,43,0,45,0,2,55,0,57,54,0,54,111
01/14/2014,JEF,MO,ACE,CE,Federal Contract Tower,0,8,11,0,19,0,0,21,10,31,0,8,32,10,50,6,4,10,60
01/15/2014,JEF,MO,ACE,CE,Federal Contract Tower,0,0,18,0,18,0,1,11,4,16,0,1,29,4,34,42,20,62,96
01/16/2014,JEF,MO,ACE,CE,Federal Contract Tower,0,2,14,0,16,0,0,28,2,30,0,2,42,2,46,4,0,4,50
01/17/2014,JEF,MO,ACE,CE,Federal Contract Tower,0,2,17,0,19,0,3,24,2,29,0,5,41,2,48,8,0,8,56
01/18/2014,JEF,MO,ACE,CE,Federal Contract Tower,0,0,7,0,7,0,0,10,0,10,0,0,17,0,17,12,0,12,29
01/19/2014,JEF,MO,ACE,CE,Federal Contract Tower,0,0,2,0,2,0,2,26,0,28,0,2,28,0,30,30,0,30,60
01/20/2014,JEF,MO,ACE,CE,Federal Contract Tower,0,1,5,0,6,0,7,39,0,46,0,8,44,0,52,78,0,78,130
01/21/2014,JEF,MO,ACE,CE,Federal Contract Tower,0,0,11,0,11,0,2,37,6,45,0,2,48,6,56,28,0,28,84
01/22/2014,JEF,MO,ACE,CE,Federal Contract Tower,0,2,27,2,31,0,2,19,6,27,0,4,46,8,58,4,24,28,86
01/23/2014,JEF,MO,ACE,CE,Federal Contract Tower,0,0,26,0,26,0,0,11,0,11,0,0,37,0,37,6,2,8,45
01/24/2014,JEF,MO,ACE,CE,Federal Contract Tower,0,5,18,1,24,0,0,6,0,6,0,5,24,1,30,0,0,0,30
01/25/2014,JEF,MO,ACE,CE,Federal Contract Tower,0,0,2,1,3,0,0,9,0,9,0,0,11,1,12,4,0,4,16
01/26/2014,JEF,MO,ACE,CE,Federal Contract Tower,0,1,4,0,5,0,0,26,0,26,0,1,30,0,31,8,0,8,39
01/27/2014,JEF,MO,ACE,CE,Federal Contract Tower,0,2,16,0,18,0,1,31,3,35,0,3,47,3,53,42,0,42,95
01/28/2014,JEF,MO,ACE,CE,Federal Contract Tower,0,3,15,0,18,0,0,36,2,38,0,3,51,2,56,38,0,38,94
01/29/2014,JEF,MO,ACE,CE,Federal Contract Tower,0,0,21,0,21,0,0,22,3,25,0,0,43,3,46,0,0,0,46
01/30/2014,JEF,MO,ACE,CE,Federal Contract Tower,0,0,19,3,22,0,1,14,0,15,0,1,33,3,37,50,2,52,89
01/31/2014,JEF,MO,ACE,CE,Federal Contract Tower,0,0,8,0,8,0,0,4,2,6,0,0,12,2,14,0,0,0,14
02/01/2014,JEF,MO,ACE,CE,Federal Contract Tower,0,0,1,0,1,0,0,0,0,0,0,0,1,0,1,0,0,0,1
02/02/2014,JEF,MO,ACE,CE,Federal Contract Tower,0,0,1,0,1,0,0,5,0,5,0,0,6,0,6,0,0,0,6
02/03/2014,JEF,MO,ACE,CE,Federal Contract Tower,0,0,13,0,13,0,2,30,3,35,0,2,43,3,48,30,2,32,80
02/04/2014,JEF,MO,ACE,CE,Federal Contract Tower,0,0,0,0,0,0,0,1,0,1,0,0,1,0,1,0,0,0,1
02/05/2014,JEF,MO,ACE,CE,Federal Contract Tower,0,0,6,0,6,0,0,0,2,2,0,0,6,2,8,0,20,20,28
02/06/2014,JEF,MO,ACE,CE,Federal Contract Tower,0,2,9,0,11,0,0,9,2,11,0,2,18,2,22,42,0,42,64
02/07/2014,JEF,MO,ACE,CE,Federal Contract Tower,0,0,7,5,12,0,1,3,0,4,0,1,10,5,16,10,8,18,34
02/08/2014,JEF,MO,ACE,CE,Federal Contract Tower,0,0,9,0,9,0,0,10,4,14,0,0,19,4,23,92,66,158,181
02/09/2014,JEF,MO,ACE,CE,Federal Contract Tower,0,0,3,2,5,0,0,0,0,0,0,0,3,2,5,0,0,0,5
02/10/2014,JEF,MO,ACE,CE,Federal Contract Tower,0,0,10,4,14,0,0,12,0,12,0,0,22,4,26,22,2,24,50
02/11/2014,JEF,MO,ACE,CE,Federal Contract Tower,0,3,22,0,25,0,0,21,12,33,0,3,43,12,58,24,48,72,130
02/12/2014,JEF,MO,ACE,CE,Federal Contract Tower,0,2,20,0,22,0,0,16,6,22,0,2,36,6,44,14,8,22,66
02/13/2014,JEF,MO,ACE,CE,Federal Contract Tower,0,1,13,0,14,0,0,32,6,38,0,1,45,6,52,46,0,46,98
02/14/2014,JEF,MO,ACE,CE,Federal Contract Tower,0,3,4,0,7,0,0,2,0,2,0,3,6,0,9,0,0,0,9
02/15/2014,JEF,MO,ACE,CE,Federal Contract Tower,0,0,7,0,7,0,0,15,0,15,0,0,22,0,22,36,0,36,58
02/16/2014,JEF,MO,ACE,CE,Federal Contract Tower,0,1,6,0,7,0,0,2,0,2,0,1,8,0,9,6,0,6,15
02/17/2014,JEF,MO,ACE,CE,Federal Contract Tower,0,2,11,0,13,0,4,9,6,19,0,6,20,6,32,0,0,0,32
02/18/2014,JEF,MO,ACE,CE,Federal Contract Tower,0,3,20,0,23,0,0,59,8,67,0,3,79,8,90,56,16,72,162
02/19/2014,JEF,MO,ACE,CE,Federal Contract Tower,0,3,18,1,22,0,4,43,4,51,0,7,61,5,73,8,10,18,91
02/20/2014,JEF,MO,ACE,CE,Federal Contract Tower,0,2,8,0,10,0,0,3,0,3,0,2,11,0,13,0,0,0,13
02/21/2014,JEF,MO,ACE,CE,Federal Contract Tower,0,0,6,6,12,0,0,25,6,31,0,0,31,12,43,46,28,74,117
02/22/2014,JEF,MO,ACE,CE,Federal Contract Tower,0,0,10,0,10,0,0,35,2,37,0,0,45,2,47,10,0,10,57
02/23/2014,JEF,MO,ACE,CE,Federal Contract Tower,0,0,5,0,5,0,8,19,3,30,0,8,24,3,35,12,0,12,47
02/24/2014,JEF,MO,ACE,CE,Federal Contract Tower,0,2,12,0,14,0,2,28,0,30,0,4,40,0,44,12,0,12,56
02/25/2014,JEF,MO,ACE,CE,Federal Contract Tower,0,2,21,0,23,0,0,32,0,32,0,2,53,0,55,34,0,34,89
02/26/2014,JEF,MO,ACE,CE,Federal Contract Tower,0,2,9,0,11,0,2,19,2,23,0,4,28,2,34,8,2,10,44
02/27/2014,JEF,MO,ACE,CE,Federal Contract Tower,0,2,38,2,42,0,0,34,2,36,0,2,72,4,78,26,8,34,112
02/28/2014,JEF,MO,ACE,CE,Federal Contract Tower,0,0,18,0,18,0,0,14,5,19,0,0,32,5,37,48,18,66,103
03/01/2014,JEF,MO,ACE,CE,Federal Contract Tower,0,1,0,0,1,0,0,1,0,1,0,1,1,0,2,8,0,8,10
03/02/2014,JEF,MO,ACE,CE,Federal Contract Tower,0,0,0,0,0,0,0,0,0,0,0,0,0,0,0,0,0,0,0
03/03/2014,JEF,MO,ACE,CE,Federal Contract Tower,0,0,10,0,10,0,0,18,0,18,0,0,28,0,28,2,0,2,30
03/04/2014,JEF,MO,ACE,CE,Federal Contract Tower,0,0,17,0,17,0,2,40,4,46,0,2,57,4,63,74,6,80,143
03/05/2014,JEF,MO,ACE,CE,Federal Contract Tower,0,0,30,0,30,0,0,21,0,21,0,0,51,0,51,18,0,18,69
03/06/2014,JEF,MO,ACE,CE,Federal Contract Tower,0,0,14,0,14,0,2,33,8,43,0,2,47,8,57,12,16,28,85
03/07/2014,JEF,MO,ACE,CE,Federal Contract Tower,0,0,7,4,11,0,1,56,2,59,0,1,63,6,70,50,0,50,120
03/08/2014,JEF,MO,ACE,CE,Federal Contract Tower,0,0,3,0,3,0,0,0,0,0,0,0,3,0,3,0,0,0,3
03/09/2014,JEF,MO,ACE,CE,Federal Contract Tower,0,0,14,0,14,0,4,18,0,22,0,4,32,0,36,36,0,36,72
03/10/2014,JEF,MO,ACE,CE,Federal Contract Tower,0,0,15,0,15,0,4,45,1,50,0,4,60,1,65,88,0,88,153
03/11/2014,JEF,MO,ACE,CE,Federal Contract Tower,0,0,13,6,19,0,2,43,0,45,0,2,56,6,64,44,2,46,110
03/12/2014,JEF,MO,ACE,CE,Federal Contract Tower,0,4,13,2,19,0,2,13,4,19,0,6,26,6,38,36,0,36,74
03/13/2014,JEF,MO,ACE,CE,Federal Contract Tower,0,0,21,5,26,0,2,62,3,67,0,2,83,8,93,64,16,80,173
03/14/2014,JEF,MO,ACE,CE,Federal Contract Tower,0,0,17,0,17,0,0,36,7,43,0,0,53,7,60,96,4,100,160
03/15/2014,JEF,MO,ACE,CE,Federal Contract Tower,0,0,2,0,2,0,0,37,0,37,0,0,39,0,39,66,0,66,105
03/16/2014,JEF,MO,ACE,CE,Federal Contract Tower,0,1,3,0,4,0,0,0,0,0,0,1,3,0,4,0,0,0,4
03/17/2014,JEF,MO,ACE,CE,Federal Contract Tower,0,1,20,0,21,0,4,46,3,53,0,5,66,3,74,70,0,70,144
03/18/2014,JEF,MO,ACE,CE,Federal Contract Tower,0,1,20,0,21,0,2,18,2,22,0,3,38,2,43,2,0,2,45
03/19/2014,JEF,MO,ACE,CE,Federal Contract Tower,0,2,16,1,19,0,1,9,1,11,0,3,25,2,30,76,6,82,112
03/20/2014,JEF,MO,ACE,CE,Federal Contract Tower,0,5,15,1,21,0,4,27,13,44,0,9,42,14,65,58,0,58,123
03/21/2014,JEF,MO,ACE,CE,Federal Contract Tower,0,1,6,0,7,0,2,30,12,44,0,3,36,12,51,46,4,50,101
03/22/2014,JEF,MO,ACE,CE,Federal Contract Tower,0,1,6,0,7,0,8,19,0,27,0,9,25,0,34,72,0,72,106
03/23/2014,JEF,MO,ACE,CE,Federal Contract Tower,0,0,9,0,9,0,0,24,0,24,0,0,33,0,33,4,0,4,37
03/24/2014,JEF,MO,ACE,CE,Federal Contract Tower,0,0,18,0,18,0,0,22,0,22,0,0,40,0,40,50,0,50,90
03/25/2014,JEF,MO,ACE,CE,Federal Contract Tower,0,0,21,1,22,0,0,25,4,29,0,0,46,5,51,26,0,26,77
03/26/2014,JEF,MO,ACE,CE,Federal Contract Tower,0,2,11,0,13,0,1,21,1,23,0,3,32,1,36,54,0,54,90
03/27/2014,JEF,MO,ACE,CE,Federal Contract Tower,0,3,11,1,15,0,0,7,3,10,0,3,18,4,25,36,0,36,61
03/28/2014,JEF,MO,ACE,CE,Federal Contract Tower,0,2,12,4,18,0,0,18,6,24,0,2,30,10,42,74,0,74,116
03/29/2014,JEF,MO,ACE,CE,Federal Contract Tower,0,0,8,0,8,0,0,26,3,29,0,0,34,3,37,94,2,96,133
03/30/2014,JEF,MO,ACE,CE,Federal Contract Tower,0,0,12,0,12,0,0,12,0,12,0,0,24,0,24,18,0,18,42
03/31/2014,JEF,MO,ACE,CE,Federal Contract Tower,0,0,33,0,33,0,1,12,0,13,0,1,45,0,46,22,0,22,68
04/01/2014,JEF,MO,ACE,CE,Federal Contract Tower,0,0,17,4,21,0,0,36,7,43,0,0,53,11,64,24,18,42,106
04/02/2014,JEF,MO,ACE,CE,Federal Contract Tower,0,2,12,0,14,0,0,0,0,0,0,2,12,0,14,0,0,0,14
04/03/2014,JEF,MO,ACE,CE,Federal Contract Tower,0,0,2,2,4,0,0,6,0,6,0,0,8,2,10,14,0,14,24
04/04/2014,JEF,MO,ACE,CE,Federal Contract Tower,0,3,12,5,20,0,0,14,0,14,0,3,26,5,34,48,0,48,82
04/05/2014,JEF,MO,ACE,CE,Federal Contract Tower,0,0,1,0,1,0,4,33,6,43,0,4,34,6,44,54,84,138,182
04/06/2014,JEF,MO,ACE,CE,Federal Contract Tower,0,0,5,4,9,0,2,23,5,30,0,2,28,9,39,66,6,72,111
04/07/2014,JEF,MO,ACE,CE,Federal Contract Tower,0,2,12,6,20,0,4,38,0,42,0,6,50,6,62,42,2,44,106
04/08/2014,JEF,MO,ACE,CE,Federal Contract Tower,0,1,19,0,20,0,0,46,13,59,0,1,65,13,79,6,8,14,93
04/09/2014,JEF,MO,ACE,CE,Federal Contract Tower,0,0,21,0,21,0,0,49,3,52,0,0,70,3,73,98,8,106,179
04/10/2014,JEF,MO,ACE,CE,Federal Contract Tower,0,0,29,0,29,0,5,33,4,42,0,5,62,4,71,88,2,90,161
04/11/2014,JEF,MO,ACE,CE,Federal Contract Tower,0,1,17,4,22,0,2,49,7,58,0,3,66,11,80,106,4,110,190
04/12/2014,JEF,MO,ACE,CE,Federal Contract Tower,0,0,9,0,9,0,0,8,0,8,0,0,17,0,17,26,0,26,43
04/13/2014,JEF,MO,ACE,CE,Federal Contract Tower,0,8,7,0,15,0,0,0,0,0,0,8,7,0,15,0,0,0,15
04/14/2014,JEF,MO,ACE,CE,Federal Contract Tower,0,3,8,2,13,0,0,2,0,2,0,3,10,2,15,0,0,0,15
04/15/2014,JEF,MO,ACE,CE,Federal Contract Tower,0,0,24,0,24,0,0,40,20,60,0,0,64,20,84,116,16,132,216
04/16/2014,JEF,MO,ACE,CE,Federal Contract Tower,0,1,15,1,17,0,8,10,2,20,0,9,25,3,37,22,0,22,59
04/17/2014,JEF,MO,ACE,CE,Federal Contract Tower,0,2,19,1,22,0,0,27,6,33,0,2,46,7,55,40,2,42,97
04/18/2014,JEF,MO,ACE,CE,Federal Contract Tower,0,0,10,5,15,0,0,60,1,61,0,0,70,6,76,90,0,90,166
04/19/2014,JEF,MO,ACE,CE,Federal Contract Tower,0,0,5,0,5,0,0,41,0,41,0,0,46,0,46,86,0,86,132
04/20/2014,JEF,MO,ACE,CE,Federal Contract Tower,0,0,9,0,9,0,0,16,0,16,0,0,25,0,25,28,0,28,53
04/21/2014,JEF,MO,ACE,CE,Federal Contract Tower,0,0,16,1,17,0,0,11,0,11,0,0,27,1,28,10,20,30,58
04/22/2014,JEF,MO,ACE,CE,Federal Contract Tower,0,0,15,4,19,0,3,53,2,58,0,3,68,6,77,46,18,64,141
04/23/2014,JEF,MO,ACE,CE,Federal Contract Tower,0,3,16,0,19,0,0,39,4,43,0,3,55,4,62,22,24,46,108
04/24/2014,JEF,MO,ACE,CE,Federal Contract Tower,0,0,8,1,9,0,0,5,4,9,0,0,13,5,18,0,0,0,18
04/25/2014,JEF,MO,ACE,CE,Federal Contract Tower,0,4,15,0,19,0,0,57,8,65,0,4,72,8,84,14,0,14,98
04/26/2014,JEF,MO,ACE,CE,Federal Contract Tower,0,0,10,0,10,0,0,19,1,20,0,0,29,1,30,2,0,2,32
04/27/2014,JEF,MO,ACE,CE,Federal Contract Tower,0,1,4,0,5,0,0,13,0,13,0,1,17,0,18,4,0,4,22
04/28/2014,JEF,MO,ACE,CE,Federal Contract Tower,0,0,13,1,14,0,3,16,0,19,0,3,29,1,33,24,0,24,57
04/29/2014,JEF,MO,ACE,CE,Federal Contract Tower,0,0,16,1,17,0,0,13,6,19,0,0,29,7,36,76,6,82,118
04/30/2014,JEF,MO,ACE,CE,Federal Contract Tower,0,1,28,0,29,0,2,19,0,21,0,3,47,0,50,12,0,12,62
05/01/2014,JEF,MO,ACE,CE,Federal Contract Tower,0,0,28,0,28,0,2,19,3,24,0,2,47,3,52,24,0,24,76
05/02/2014,JEF,MO,ACE,CE,Federal Contract Tower,0,0,20,1,21,0,0,53,0,53,0,0,73,1,74,94,0,94,168
05/03/2014,JEF,MO,ACE,CE,Federal Contract Tower,0,0,7,0,7,0,0,36,13,49,0,0,43,13,56,47,66,113,169
05/04/2014,JEF,MO,ACE,CE,Federal Contract Tower,0,0,5,3,8,0,2,40,2,44,0,2,45,5,52,12,0,12,64
05/05/2014,JEF,MO,ACE,CE,Federal Contract Tower,0,0,11,0,11,0,5,42,0,47,0,5,53,0,58,54,0,54,112
05/06/2014,JEF,MO,ACE,CE,Federal Contract Tower,0,0,14,2,16,0,0,55,13,68,0,0,69,15,84,38,28,66,150
05/07/2014,JEF,MO,ACE,CE,Federal Contract Tower,0,0,12,0,12,0,0,35,6,41,0,0,47,6,53,30,6,36,89
05/08/2014,JEF,MO,ACE,CE,Federal Contract Tower,0,0,7,2,9,0,0,9,4,13,0,0,16,6,22,2,0,2,24
05/09/2014,JEF,MO,ACE,CE,Federal Contract Tower,0,0,7,2,9,0,0,28,11,39,0,0,35,13,48,2,0,2,50
05/10/2014,JEF,MO,ACE,CE,Federal Contract Tower,0,0,2,0,2,0,2,19,0,21,0,2,21,0,23,52,0,52,75
05/11/2014,JEF,MO,ACE,CE,Federal Contract Tower,0,0,2,0,2,0,4,12,0,16,0,4,14,0,18,12,0,12,30
05/12/2014,JEF,MO,ACE,CE,Federal Contract Tower,0,0,5,0,5,0,0,7,0,7,0,0,12,0,12,22,0,22,34
05/13/2014,JEF,MO,ACE,CE,Federal Contract Tower,0,0,29,2,31,0,1,19,2,22,0,1,48,4,53,38,10,48,101
05/14/2014,JEF,MO,ACE,CE,Federal Contract Tower,0,2,16,0,18,0,2,21,1,24,0,4,37,1,42,10,0,10,52
05/15/2014,JEF,MO,ACE,CE,Federal Contract Tower,0,0,28,1,29,0,0,20,7,27,0,0,48,8,56,0,28,28,84
05/16/2014,JEF,MO,ACE,CE,Federal Contract Tower,0,0,16,3,19,0,2,50,2,54,0,2,66,5,73,62,10,72,145
05/17/2014,JEF,MO,ACE,CE,Federal Contract Tower,0,0,5,8,13,0,0,27,28,55,0,0,32,36,68,8,4,12,80
05/18/2014,JEF,MO,ACE,CE,Federal Contract Tower,0,0,8,0,8,0,2,18,1,21,0,2,26,1,29,24,0,24,53
05/19/2014,JEF,MO,ACE,CE,Federal Contract Tower,0,0,14,2,16,0,2,18,0,20,0,2,32,2,36,42,0,42,78
05/20/2014,JEF,MO,ACE,CE,Federal Contract Tower,0,1,17,2,20,0,2,38,12,52,0,3,55,14,72,32,12,44,116
05/21/2014,JEF,MO,ACE,CE,Federal Contract Tower,0,1,17,3,21,0,0,29,7,36,0,1,46,10,57,26,24,50,107
05/22/2014,JEF,MO,ACE,CE,Federal Contract Tower,0,0,20,0,20,0,3,29,4,36,0,3,49,4,56,42,0,42,98
05/23/2014,JEF,MO,ACE,CE,Federal Contract Tower,0,3,18,4,25,0,2,47,2,51,0,5,65,6,76,22,0,22,98
05/24/2014,JEF,MO,ACE,CE,Federal Contract Tower,0,0,8,0,8,0,2,9,0,11,0,2,17,0,19,0,0,0,19
05/25/2014,JEF,MO,ACE,CE,Federal Contract Tower,0,0,14,0,14,0,6,9,0,15,0,6,23,0,29,0,0,0,29
05/26/2014,JEF,MO,ACE,CE,Federal Contract Tower,0,1,3,0,4,0,4,17,0,21,0,5,20,0,25,10,0,10,35
05/27/2014,JEF,MO,ACE,CE,Federal Contract Tower,0,2,12,0,14,0,0,27,5,32,0,2,39,5,46,50,12,62,108
05/28/2014,JEF,MO,ACE,CE,Federal Contract Tower,0,0,12,2,14,0,2,22,8,32,0,2,34,10,46,14,0,14,60
05/29/2014,JEF,MO,ACE,CE,Federal Contract Tower,0,4,12,0,16,0,4,28,2,34,0,8,40,2,50,46,0,46,96
05/30/2014,JEF,MO,ACE,CE,Federal Contract Tower,0,2,21,3,26,0,0,38,8,46,0,2,59,11,72,50,0,50,122
05/31/2014,JEF,MO,ACE,CE,Federal Contract Tower,0,0,3,0,3,0,0,16,1,17,0,0,19,1,20,34,0,34,54
06/01/2014,JEF,MO,ACE,CE,Federal Contract Tower,0,0,3,0,3,0,0,8,0,8,0,0,11,0,11,36,0,36,47
06/02/2014,JEF,MO,ACE,CE,Federal Contract Tower,0,0,13,0,13,0,0,26,2,28,0,0,39,2,41,56,0,56,97
06/03/2014,JEF,MO,ACE,CE,Federal Contract Tower,0,0,13,0,13,0,0,49,4,53,0,0,62,4,66,24,6,30,96
06/04/2014,JEF,MO,ACE,CE,Federal Contract Tower,0,0,17,3,20,0,0,24,7,31,0,0,41,10,51,44,4,48,99
06/05/2014,JEF,MO,ACE,CE,Federal Contract Tower,0,2,8,4,14,0,0,0,1,1,0,2,8,5,15,0,0,0,15
06/06/2014,JEF,MO,ACE,CE,Federal Contract Tower,0,0,7,2,9,0,0,17,3,20,0,0,24,5,29,56,6,62,91
06/07/2014,JEF,MO,ACE,CE,Federal Contract Tower,0,3,11,0,14,0,0,0,0,0,0,3,11,0,14,0,0,0,14
06/08/2014,JEF,MO,ACE,CE,Federal Contract Tower,0,1,5,0,6,0,6,16,2,24,0,7,21,2,30,50,0,50,80
06/09/2014,JEF,MO,ACE,CE,Federal Contract Tower,0,4,13,1,18,0,1,25,2,28,0,5,38,3,46,54,42,96,142
06/10/2014,JEF,MO,ACE,CE,Federal Contract Tower,0,0,1,1,2,0,0,2,0,2,0,0,3,1,4,0,0,0,4
06/11/2014,JEF,MO,ACE,CE,Federal Contract Tower,0,0,18,0,18,0,2,33,11,46,0,2,51,11,64,0,150,150,214
06/12/2014,JEF,MO,ACE,CE,Federal Contract Tower,0,0,18,2,20,0,2,14,4,20,0,2,32,6,40,2,50,52,92
06/13/2014,JEF,MO,ACE,CE,Federal Contract Tower,0,0,16,2,18,0,3,76,5,84,0,3,92,7,102,38,14,52,154
06/14/2014,JEF,MO,ACE,CE,Federal Contract Tower,0,2,5,2,9,0,0,82,1,83,0,2,87,3,92,10,0,10,102
06/15/2014,JEF,MO,ACE,CE,Federal Contract Tower,0,0,12,1,13,0,4,15,1,20,0,4,27,2,33,16,6,22,55
06/16/2014,JEF,MO,ACE,CE,Federal Contract Tower,0,0,12,2,14,0,0,24,2,26,0,0,36,4,40,42,0,42,82
06/17/2014,JEF,MO,ACE,CE,Federal Contract Tower,0,0,21,4,25,0,3,30,3,36,0,3,51,7,61,34,2,36,97
06/18/2014,JEF,MO,ACE,CE,Federal Contract Tower,0,0,18,2,20,0,1,26,9,36,0,1,44,11,56,4,2,6,62
06/19/2014,JEF,MO,ACE,CE,Federal Contract Tower,0,0,18,1,19,0,4,22,5,31,0,4,40,6,50,26,0,26,76
06/20/2014,JEF,MO,ACE,CE,Federal Contract Tower,0,0,16,0,16,0,6,20,4,30,0,6,36,4,46,18,6,24,70
06/21/2014,JEF,MO,ACE,CE,Federal Contract Tower,0,0,3,0,3,0,0,16,1,17,0,0,19,1,20,0,42,42,62
06/22/2014,JEF,MO,ACE,CE,Federal Contract Tower,0,0,6,0,6,0,0,18,0,18,0,0,24,0,24,16,0,16,40
06/23/2014,JEF,MO,ACE,CE,Federal Contract Tower,0,0,19,2,21,0,0,17,3,20,0,0,36,5,41,38,2,40,81
06/24/2014,JEF,MO,ACE,CE,Federal Contract Tower,0,0,25,2,27,0,0,42,0,42,0,0,67,2,69,34,0,34,103
06/25/2014,JEF,MO,ACE,CE,Federal Contract Tower,0,2,32,4,38,0,0,34,3,37,0,2,66,7,75,30,6,36,111
06/26/2014,JEF,MO,ACE,CE,Federal Contract Tower,0,0,18,0,18,0,2,18,5,25,0,2,36,5,43,20,38,58,101
06/27/2014,JEF,MO,ACE,CE,Federal Contract Tower,0,0,9,0,9,0,1,21,0,22,0,1,30,0,31,12,40,52,83
06/28/2014,JEF,MO,ACE,CE,Federal Contract Tower,0,0,10,0,10,0,2,15,2,19,0,2,25,2,29,6,2,8,37
06/29/2014,JEF,MO,ACE,CE,Federal Contract Tower,0,2,8,0,10,0,2,16,0,18,0,4,24,0,28,4,0,4,32
06/30/2014,JEF,MO,ACE,CE,Federal Contract Tower,0,0,24,0,24,0,2,34,1,37,0,2,58,1,61,64,0,64,125
07/01/2014,JEF,MO,ACE,CE,Federal Contract Tower,0,0,14,2,16,0,0,27,0,27,0,0,41,2,43,38,44,82,125
07/02/2014,JEF,MO,ACE,CE,Federal Contract Tower,0,0,17,4,21,0,2,39,8,49,0,2,56,12,70,58,24,82,152
07/03/2014,JEF,MO,ACE,CE,Federal Contract Tower,0,0,16,0,16,0,0,30,6,36,0,0,46,6,52,34,14,48,100
07/04/2014,JEF,MO,ACE,CE,Federal Contract Tower,0,0,5,0,5,0,0,26,0,26,0,0,31,0,31,0,0,0,31
07/05/2014,JEF,MO,ACE,CE,Federal Contract Tower,0,0,4,0,4,0,1,7,0,8,0,1,11,0,12,26,0,26,38
07/06/2014,JEF,MO,ACE,CE,Federal Contract Tower,0,0,4,0,4,0,0,7,2,9,0,0,11,2,13,0,0,0,13
07/07/2014,JEF,MO,ACE,CE,Federal Contract Tower,1,0,11,1,13,0,0,38,3,41,1,0,49,4,54,74,0,74,128
07/08/2014,JEF,MO,ACE,CE,Federal Contract Tower,0,5,10,3,18,0,2,27,4,33,0,7,37,7,51,28,0,28,79
07/09/2014,JEF,MO,ACE,CE,Federal Contract Tower,0,0,25,2,27,0,2,33,2,37,0,2,58,4,64,12,2,14,78
07/10/2014,JEF,MO,ACE,CE,Federal Contract Tower,0,0,26,1,27,0,2,41,2,45,0,2,67,3,72,36,20,56,128
07/11/2014,JEF,MO,ACE,CE,Federal Contract Tower,0,0,17,4,21,0,1,34,4,39,0,1,51,8,60,64,0,64,124
07/12/2014,JEF,MO,ACE,CE,Federal Contract Tower,0,0,1,1,2,0,0,25,1,26,0,0,26,2,28,28,0,28,56
07/13/2014,JEF,MO,ACE,CE,Federal Contract Tower,0,0,11,0,11,0,1,23,0,24,0,1,34,0,35,12,0,12,47
07/14/2014,JEF,MO,ACE,CE,Federal Contract Tower,0,0,13,2,15,0,2,16,0,18,0,2,29,2,33,8,0,8,41
07/15/2014,JEF,MO,ACE,CE,Federal Contract Tower,0,0,11,3,14,0,6,37,1,44,0,6,48,4,58,46,2,48,106
07/16/2014,JEF,MO,ACE,CE,Federal Contract Tower,0,4,22,0,26,0,3,43,10,56,0,7,65,10,82,20,18,38,120
07/17/2014,JEF,MO,ACE,CE,Federal Contract Tower,0,2,31,1,34,0,0,40,3,43,0,2,71,4,77,22,24,46,123
07/18/2014,JEF,MO,ACE,CE,Federal Contract Tower,0,0,22,2,24,0,0,51,8,59,0,0,73,10,83,16,8,24,107
07/19/2014,JEF,MO,ACE,CE,Federal Contract Tower,0,0,4,0,4,0,4,16,3,23,0,4,20,3,27,2,0,2,29
07/20/2014,JEF,MO,ACE,CE,Federal Contract Tower,0,0,6,1,7,0,0,25,0,25,0,0,31,1,32,0,0,0,32
07/21/2014,JEF,MO,ACE,CE,Federal Contract Tower,0,1,11,2,14,0,0,24,7,31,0,1,35,9,45,58,0,58,103
07/22/2014,JEF,MO,ACE,CE,Federal Contract Tower,0,1,12,3,16,0,4,40,9,53,0,5,52,12,69,48,0,48,117
07/23/2014,JEF,MO,ACE,CE,Federal Contract Tower,0,2,15,3,20,0,0,22,16,38,0,2,37,19,58,26,16,42,100
07/24/2014,JEF,MO,ACE,CE,Federal Contract Tower,0,6,17,0,23,0,2,17,9,28,0,8,34,9,51,36,10,46,97
07/25/2014,JEF,MO,ACE,CE,Federal Contract Tower,0,0,15,0,15,0,3,32,7,42,0,3,47,7,57,10,44,54,111
07/26/2014,JEF,MO,ACE,CE,Federal Contract Tower,0,0,7,0,7,0,0,13,1,14,0,0,20,1,21,4,0,4,25
07/27/2014,JEF,MO,ACE,CE,Federal Contract Tower,0,0,8,0,8,0,0,23,1,24,0,0,31,1,32,28,0,28,60
07/28/2014,JEF,MO,ACE,CE,Federal Contract Tower,0,2,17,5,24,0,0,33,9,42,0,2,50,14,66,36,8,44,110
07/29/2014,JEF,MO,ACE,CE,Federal Contract Tower,0,0,19,2,21,0,2,34,8,44,0,2,53,10,65,58,8,66,131
07/30/2014,JEF,MO,ACE,CE,Federal Contract Tower,0,0,16,0,16,0,0,36,7,43,0,0,52,7,59,18,40,58,117
07/31/2014,JEF,MO,ACE,CE,Federal Contract Tower,0,0,30,1,31,0,0,44,3,47,0,0,74,4,78,18,2,20,98
08/01/2014,JEF,MO,ACE,CE,Federal Contract Tower,0,3,20,1,24,0,1,24,4,29,0,4,44,5,53,50,0,50,103
08/02/2014,JEF,MO,ACE,CE,Federal Contract Tower,0,0,2,0,2,0,2,14,0,16,0,2,16,0,18,0,0,0,18
08/03/2014,JEF,MO,ACE,CE,Federal Contract Tower,0,4,5,0,9,0,4,24,0,28,0,8,29,0,37,16,0,16,53
08/04/2014,JEF,MO,ACE,CE,Federal Contract Tower,0,0,17,0,17,0,0,18,0,18,0,0,35,0,35,0,0,0,35
08/05/2014,JEF,MO,ACE,CE,Federal Contract Tower,0,0,20,0,20,0,1,34,9,44,0,1,54,9,64,14,28,42,106
08/06/2014,JEF,MO,ACE,CE,Federal Contract Tower,0,0,23,2,25,0,0,25,5,30,0,0,48,7,55,14,2,16,71
08/07/2014,JEF,MO,ACE,CE,Federal Contract Tower,0,2,14,0,16,0,0,5,3,8,0,2,19,3,24,10,42,52,76
08/08/2014,JEF,MO,ACE,CE,Federal Contract Tower,0,0,21,0,21,0,0,20,5,25,0,0,41,5,46,26,0,26,72
08/09/2014,JEF,MO,ACE,CE,Federal Contract Tower,0,0,3,0,3,0,0,13,8,21,0,0,16,8,24,0,82,82,106
08/10/2014,JEF,MO,ACE,CE,Federal Contract Tower,0,0,8,0,8,0,0,8,0,8,0,0,16,0,16,0,0,0,16
08/11/2014,JEF,MO,ACE,CE,Federal Contract Tower,0,0,13,1,14,0,2,29,0,31,0,2,42,1,45,74,0,74,119
08/12/2014,JEF,MO,ACE,CE,Federal Contract Tower,0,4,21,2,27,0,0,43,5,48,0,4,64,7,75,30,0,30,105
08/13/2014,JEF,MO,ACE,CE,Federal Contract Tower,0,2,21,2,25,0,6,51,2,59,0,8,72,4,84,46,4,50,134
08/14/2014,JEF,MO,ACE,CE,Federal Contract Tower,0,2,15,2,19,0,2,41,6,49,0,4,56,8,68,14,0,14,82
08/15/2014,JEF,MO,ACE,CE,Federal Contract Tower,0,0,14,3,17,0,0,34,1,35,0,0,48,4,52,0,0,0,52
08/16/2014,JEF,MO,ACE,CE,Federal Contract Tower,0,0,6,0,6,0,2,13,0,15,0,2,19,0,21,20,0,20,41
08/17/2014,JEF,MO,ACE,CE,Federal Contract Tower,0,2,6,2,10,0,0,6,2,8,0,2,12,4,18,60,0,60,78
08/18/2014,JEF,MO,ACE,CE,Federal Contract Tower,0,2,15,1,18,0,0,12,7,19,0,2,27,8,37,0,0,0,37
08/19/2014,JEF,MO,ACE,CE,Federal Contract Tower,0,6,17,2,25,0,0,33,2,35,0,6,50,4,60,40,0,40,100
08/20/2014,JEF,MO,ACE,CE,Federal Contract Tower,0,2,13,0,15,0,2,19,13,34,0,4,32,13,49,6,4,10,59
08/21/2014,JEF,MO,ACE,CE,Federal Contract Tower,0,2,24,0,26,0,2,31,9,42,0,4,55,9,68,18,6,24,92
08/22/2014,JEF,MO,ACE,CE,Federal Contract Tower,0,0,21,0,21,0,0,33,6,39,0,0,54,6,60,14,2,16,76
08/23/2014,JEF,MO,ACE,CE,Federal Contract Tower,0,0,15,0,15,0,0,30,0,30,0,0,45,0,45,14,0,14,59
08/24/2014,JEF,MO,ACE,CE,Federal Contract Tower,0,0,14,0,14,0,0,23,0,23,0,0,37,0,37,0,0,0,37
08/25/2014,JEF,MO,ACE,CE,Federal Contract Tower,0,2,26,0,28,0,2,32,1,35,0,4,58,1,63,20,0,20,83
08/26/2014,JEF,MO,ACE,CE,Federal Contract Tower,0,3,10,1,14,0,1,30,1,32,0,4,40,2,46,46,10,56,102
08/27/2014,JEF,MO,ACE,CE,Federal Contract Tower,0,0,18,1,19,0,0,34,1,35,0,0,52,2,54,22,0,22,76
08/28/2014,JEF,MO,ACE,CE,Federal Contract Tower,0,0,23,0,23,0,5,52,5,62,0,5,75,5,85,20,0,20,105
08/29/2014,JEF,MO,ACE,CE,Federal Contract Tower,0,0,16,0,16,0,0,24,0,24,0,0,40,0,40,22,0,22,62
08/30/2014,JEF,MO,ACE,CE,Federal Contract Tower,0,0,1,0,1,0,0,32,0,32,0,0,33,0,33,4,0,4,37
08/31/2014,JEF,MO,ACE,CE,Federal Contract Tower,0,0,9,0,9,0,2,11,1,14,0,2,20,1,23,0,0,0,23
09/01/2014,JEF,MO,ACE,CE,Federal Contract Tower,0,0,2,0,2,0,2,12,0,14,0,2,14,0,16,12,0,12,28
09/02/2014,JEF,MO,ACE,CE,Federal Contract Tower,0,2,25,0,27,0,0,26,8,34,0,2,51,8,61,22,16,38,99
09/03/2014,JEF,MO,ACE,CE,Federal Contract Tower,0,0,11,0,11,0,2,23,2,27,0,2,34,2,38,16,0,16,54
09/04/2014,JEF,MO,ACE,CE,Federal Contract Tower,0,0,22,0,22,0,6,41,6,53,0,6,63,6,75,56,66,122,197
09/05/2014,JEF,MO,ACE,CE,Federal Contract Tower,0,3,10,0,13,0,3,28,6,37,0,6,38,6,50,18,12,30,80
09/06/2014,JEF,MO,ACE,CE,Federal Contract Tower,0,0,4,0,4,0,2,13,0,15,0,2,17,0,19,40,0,40,59
09/07/2014,JEF,MO,ACE,CE,Federal Contract Tower,0,2,10,0,12,0,4,46,0,50,0,6,56,0,62,24,0,24,86
09/08/2014,JEF,MO,ACE,CE,Federal Contract Tower,0,0,21,0,21,0,0,54,6,60,0,0,75,6,81,94,28,122,203
09/09/2014,JEF,MO,ACE,CE,Federal Contract Tower,0,0,27,0,27,0,2,24,8,34,0,2,51,8,61,10,0,10,71
09/10/2014,JEF,MO,ACE,CE,Federal Contract Tower,0,4,12,1,17,0,0,19,5,24,0,4,31,6,41,2,2,4,45
09/11/2014,JEF,MO,ACE,CE,Federal Contract Tower,0,2,31,4,37,0,2,11,4,17,0,4,42,8,54,2,12,14,68
09/12/2014,JEF,MO,ACE,CE,Federal Contract Tower,0,0,34,6,40,0,0,11,3,14,0,0,45,9,54,8,8,16,70
09/13/2014,JEF,MO,ACE,CE,Federal Contract Tower,0,0,4,0,4,0,5,17,0,22,0,5,21,0,26,0,0,0,26
09/14/2014,JEF,MO,ACE,CE,Federal Contract Tower,0,0,11,0,11,0,2,27,0,29,0,2,38,0,40,18,0,18,58
09/15/2014,JEF,MO,ACE,CE,Federal Contract Tower,0,2,6,0,8,0,0,10,0,10,0,2,16,0,18,20,0,20,38
09/16/2014,JEF,MO,ACE,CE,Federal Contract Tower,0,0,14,0,14,0,2,39,6,47,0,2,53,6,61,50,2,52,113
09/17/2014,JEF,MO,ACE,CE,Federal Contract Tower,0,2,9,0,11,0,0,5,0,5,0,2,14,0,16,0,0,0,16
09/18/2014,JEF,MO,ACE,CE,Federal Contract Tower,0,0,14,6,20,0,12,16,0,28,0,12,30,6,48,32,0,32,80
09/19/2014,JEF,MO,ACE,CE,Federal Contract Tower,0,0,26,2,28,0,0,54,5,59,0,0,80,7,87,46,12,58,145
09/20/2014,JEF,MO,ACE,CE,Federal Contract Tower,0,0,4,0,4,0,3,17,0,20,0,3,21,0,24,54,0,54,78
09/21/2014,JEF,MO,ACE,CE,Federal Contract Tower,0,0,8,0,8,0,0,12,0,12,0,0,20,0,20,22,0,22,42
09/22/2014,JEF,MO,ACE,CE,Federal Contract Tower,0,1,17,0,18,0,6,41,2,49,0,7,58,2,67,72,42,114,181
09/23/2014,JEF,MO,ACE,CE,Federal Contract Tower,0,0,25,0,25,0,0,46,14,60,0,0,71,14,85,92,40,132,217
09/24/2014,JEF,MO,ACE,CE,Federal Contract Tower,0,4,11,1,16,0,0,48,9,57,0,4,59,10,73,38,10,48,121
09/25/2014,JEF,MO,ACE,CE,Federal Contract Tower,0,0,33,0,33,0,2,34,9,45,0,2,67,9,78,64,40,104,182
09/26/2014,JEF,MO,ACE,CE,Federal Contract Tower,0,0,11,0,11,0,5,47,4,56,0,5,58,4,67,40,0,40,107
09/27/2014,JEF,MO,ACE,CE,Federal Contract Tower,0,0,7,0,7,0,2,5,1,8,0,2,12,1,15,0,0,0,15
09/28/2014,JEF,MO,ACE,CE,Federal Contract Tower,0,0,5,1,6,0,0,26,7,33,0,0,31,8,39,0,20,20,59
09/29/2014,JEF,MO,ACE,CE,Federal Contract Tower,0,1,16,3,20,0,0,37,8,45,0,1,53,11,65,72,22,94,159
09/30/2014,JEF,MO,ACE,CE,Federal Contract Tower,0,4,11,0,15,0,0,47,6,53,0,4,58,6,68,68,0,68,136
10/01/2014,JEF,MO,ACE,CE,Federal Contract Tower,0,2,11,0,13,0,2,17,0,19,0,4,28,0,32,14,0,14,46
10/02/2014,JEF,MO,ACE,CE,Federal Contract Tower,0,0,8,0,8,0,1,2,0,3,0,1,10,0,11,0,0,0,11
10/03/2014,JEF,MO,ACE,CE,Federal Contract Tower,0,2,12,0,14,0,0,30,5,35,0,2,42,5,49,12,16,28,77
10/04/2014,JEF,MO,ACE,CE,Federal Contract Tower,0,0,3,0,3,0,3,28,12,43,0,3,31,12,46,66,0,66,112
10/05/2014,JEF,MO,ACE,CE,Federal Contract Tower,0,1,11,0,12,0,2,24,2,28,0,3,35,2,40,96,0,96,136
10/06/2014,JEF,MO,ACE,CE,Federal Contract Tower,0,1,11,0,12,0,0,30,10,40,0,1,41,10,52,84,10,94,146
10/07/2014,JEF,MO,ACE,CE,Federal Contract Tower,0,2,14,0,16,0,3,38,6,47,0,5,52,6,63,86,14,100,163
10/08/2014,JEF,MO,ACE,CE,Federal Contract Tower,0,0,21,1,22,0,0,48,7,55,0,0,69,8,77,88,26,114,191
10/09/2014,JEF,MO,ACE,CE,Federal Contract Tower,0,0,25,0,25,0,0,1,0,1,0,0,26,0,26,0,0,0,26
10/10/2014,JEF,MO,ACE,CE,Federal Contract Tower,0,0,17,2,19,0,1,4,0,5,0,1,21,2,24,2,0,2,26
10/11/2014,JEF,MO,ACE,CE,Federal Contract Tower,0,0,4,0,4,0,1,17,0,18,0,1,21,0,22,20,0,20,42
10/12/2014,JEF,MO,ACE,CE,Federal Contract Tower,0,2,22,0,24,0,0,1,0,1,0,2,23,0,25,8,0,8,33
10/13/2014,JEF,MO,ACE,CE,Federal Contract Tower,0,2,4,0,6,0,0,0,0,0,0,2,4,0,6,0,0,0,6
10/14/2014,JEF,MO,ACE,CE,Federal Contract Tower,0,6,15,7,28,0,0,0,0,0,0,6,15,7,28,2,2,4,32
10/15/2014,JEF,MO,ACE,CE,Federal Contract Tower,0,0,12,3,15,0,2,44,8,54,0,2,56,11,69,76,6,82,151
10/16/2014,JEF,MO,ACE,CE,Federal Contract Tower,0,0,17,0,17,0,0,62,4,66,0,0,79,4,83,136,0,136,219
10/17/2014,JEF,MO,ACE,CE,Federal Contract Tower,0,0,28,0,28,0,0,53,1,54,0,0,81,1,82,14,0,14,96
10/18/2014,JEF,MO,ACE,CE,Federal Contract Tower,0,0,0,0,0,0,0,89,0,89,0,0,89,0,89,126,0,126,215
10/19/2014,JEF,MO,ACE,CE,Federal Contract Tower,0,2,12,0,14,0,2,44,0,46,0,4,56,0,60,74,0,74,134
10/20/2014,JEF,MO,ACE,CE,Federal Contract Tower,0,0,20,0,20,0,0,31,0,31,0,0,51,0,51,20,0,20,71
10/21/2014,JEF,MO,ACE,CE,Federal Contract Tower,0,2,19,2,23,0,0,45,0,45,0,2,64,2,68,96,0,96,164
10/22/2014,JEF,MO,ACE,CE,Federal Contract Tower,0,2,19,2,23,0,1,36,4,41,0,3,55,6,64,44,0,44,108
10/23/2014,JEF,MO,ACE,CE,Federal Contract Tower,0,0,19,0,19,0,0,24,2,26,0,0,43,2,45,16,0,16,61
10/24/2014,JEF,MO,ACE,CE,Federal Contract Tower,0,0,15,1,16,0,0,17,1,18,0,0,32,2,34,0,2,2,36
10/25/2014,JEF,MO,ACE,CE,Federal Contract Tower,0,1,5,0,6,0,2,43,0,45,0,3,48,0,51,104,0,104,155
10/26/2014,JEF,MO,ACE,CE,Federal Contract Tower,0,0,7,2,9,0,0,35,0,35,0,0,42,2,44,44,0,44,88
10/27/2014,JEF,MO,ACE,CE,Federal Contract Tower,0,0,17,0,17,0,0,33,0,33,0,0,50,0,50,76,0,76,126
10/28/2014,JEF,MO,ACE,CE,Federal Contract Tower,0,0,15,0,15,0,0,29,2,31,0,0,44,2,46,20,14,34,80
10/29/2014,JEF,MO,ACE,CE,Federal Contract Tower,0,1,22,0,23,0,3,58,3,64,0,4,80,3,87,64,0,64,151
10/30/2014,JEF,MO,ACE,CE,Federal Contract Tower,0,2,20,1,23,0,0,33,7,40,0,2,53,8,63,76,10,86,149
10/31/2014,JEF,MO,ACE,CE,Federal Contract Tower,0,1,12,0,13,0,3,18,0,21,0,4,30,0,34,38,32,70,104
11/01/2014,JEF,MO,ACE,CE,Federal Contract Tower,0,1,7,1,9,0,2,34,0,36,0,3,41,1,45,10,0,10,55
11/02/2014,JEF,MO,ACE,CE,Federal Contract Tower,0,0,7,0,7,0,4,20,7,31,0,4,27,7,38,24,12,36,74
11/03/2014,JEF,MO,ACE,CE,Federal Contract Tower,0,2,15,0,17,0,0,27,0,27,0,2,42,0,44,34,0,34,78
11/04/2014,JEF,MO,ACE,CE,Federal Contract Tower,0,4,11,0,15,0,0,16,0,16,0,4,27,0,31,18,0,18,49
11/05/2014,JEF,MO,ACE,CE,Federal Contract Tower,0,0,23,0,23,0,0,42,0,42,0,0,65,0,65,64,0,64,129
11/06/2014,JEF,MO,ACE,CE,Federal Contract Tower,0,1,25,0,26,0,1,16,0,17,0,2,41,0,43,6,0,6,49
11/07/2014,JEF,MO,ACE,CE,Federal Contract Tower,0,3,16,0,19,0,1,52,6,59,0,4,68,6,78,40,0,40,118
11/08/2014,JEF,MO,ACE,CE,Federal Contract Tower,0,0,6,0,6,0,2,17,0,19,0,2,23,0,25,24,0,24,49
11/09/2014,JEF,MO,ACE,CE,Federal Contract Tower,0,0,3,0,3,0,4,32,0,36,0,4,35,0,39,0,0,0,39
11/10/2014,JEF,MO,ACE,CE,Federal Contract Tower,0,0,12,0,12,0,0,18,0,18,0,0,30,0,30,4,0,4,34
11/11/2014,JEF,MO,ACE,CE,Federal Contract Tower,0,0,10,0,10,0,0,6,0,6,0,0,16,0,16,2,0,2,18
11/12/2014,JEF,MO,ACE,CE,Federal Contract Tower,0,0,28,0,28,0,6,40,0,46,0,6,68,0,74,66,0,66,140
11/13/2014,JEF,MO,ACE,CE,Federal Contract Tower,0,0,26,0,26,0,2,25,3,30,0,2,51,3,56,48,60,108,164
11/14/2014,JEF,MO,ACE,CE,Federal Contract Tower,0,0,15,0,15,0,4,32,0,36,0,4,47,0,51,90,0,90,141
11/15/2014,JEF,MO,ACE,CE,Federal Contract Tower,0,0,4,0,4,0,0,9,0,9,0,0,13,0,13,0,0,0,13
11/16/2014,JEF,MO,ACE,CE,Federal Contract Tower,0,0,6,0,6,0,2,0,0,2,0,2,6,0,8,0,0,0,8
11/17/2014,JEF,MO,ACE,CE,Federal Contract Tower,0,1,14,0,15,0,2,14,1,17,0,3,28,1,32,90,0,90,122
11/18/2014,JEF,MO,ACE,CE,Federal Contract Tower,0,3,16,2,21,0,2,34,0,36,0,5,50,2,57,34,10,44,101
11/19/2014,JEF,MO,ACE,CE,Federal Contract Tower,0,2,12,4,18,0,6,26,3,35,0,8,38,7,53,116,0,116,169
11/20/2014,JEF,MO,ACE,CE,Federal Contract Tower,0,0,37,3,40,0,3,52,1,56,0,3,89,4,96,106,2,108,204
11/21/2014,JEF,MO,ACE,CE,Federal Contract Tower,0,4,7,0,11,0,0,28,11,39,0,4,35,11,50,26,0,26,76
11/22/2014,JEF,MO,ACE,CE,Federal Contract Tower,0,2,11,2,15,0,2,13,0,15,0,4,24,2,30,22,0,22,52
11/23/2014,JEF,MO,ACE,CE,Federal Contract Tower,0,1,5,0,6,0,1,0,0,1,0,2,5,0,7,0,0,0,7
11/24/2014,JEF,MO,ACE,CE,Federal Contract Tower,0,1,21,0,22,0,0,20,0,20,0,1,41,0,42,74,22,96,138
11/25/2014,JEF,MO,ACE,CE,Federal Contract Tower,0,2,4,0,6,0,1,43,5,49,0,3,47,5,55,52,12,64,119
11/26/2014,JEF,MO,ACE,CE,Federal Contract Tower,0,2,17,0,19,0,2,2,0,4,0,4,19,0,23,0,0,0,23
11/27/2014,JEF,MO,ACE,CE,Federal Contract Tower,0,0,12,0,12,0,4,11,0,15,0,4,23,0,27,0,0,0,27
11/28/2014,JEF,MO,ACE,CE,Federal Contract Tower,0,0,6,0,6,0,0,16,0,16,0,0,22,0,22,16,0,16,38
11/29/2014,JEF,MO,ACE,CE,Federal Contract Tower,0,0,6,0,6,0,0,18,0,18,0,0,24,0,24,32,0,32,56
11/30/2014,JEF,MO,ACE,CE,Federal Contract Tower,0,0,9,0,9,0,2,9,0,11,0,2,18,0,20,6,0,6,26
12/01/2014,JEF,MO,ACE,CE,Federal Contract Tower,0,0,17,0,17,0,0,23,0,23,0,0,40,0,40,28,0,28,68
12/02/2014,JEF,MO,ACE,CE,Federal Contract Tower,0,2,23,0,25,0,0,32,0,32,0,2,55,0,57,64,0,64,121
12/03/2014,JEF,MO,ACE,CE,Federal Contract Tower,0,0,25,2,27,0,4,34,5,43,0,4,59,7,70,34,0,34,104
12/04/2014,JEF,MO,ACE,CE,Federal Contract Tower,0,0,15,2,17,0,0,6,0,6,0,0,21,2,23,30,0,30,53
12/05/2014,JEF,MO,ACE,CE,Federal Contract Tower,0,1,6,2,9,0,0,0,0,0,0,1,6,2,9,0,0,0,9
12/06/2014,JEF,MO,ACE,CE,Federal Contract Tower,0,0,2,0,2,0,0,0,0,0,0,0,2,0,2,0,0,0,2
12/07/2014,JEF,MO,ACE,CE,Federal Contract Tower,0,2,8,0,10,0,1,6,0,7,0,3,14,0,17,0,0,0,17
12/08/2014,JEF,MO,ACE,CE,Federal Contract Tower,0,0,9,1,10,0,2,18,0,20,0,2,27,1,30,54,0,54,84
12/09/2014,JEF,MO,ACE,CE,Federal Contract Tower,0,2,15,0,17,0,0,22,5,27,0,2,37,5,44,0,20,20,64
12/10/2014,JEF,MO,ACE,CE,Federal Contract Tower,0,2,15,4,21,0,0,21,0,21,0,2,36,4,42,38,2,40,82
12/11/2014,JEF,MO,ACE,CE,Federal Contract Tower,0,2,26,1,29,0,0,9,9,18,0,2,35,10,47,36,22,58,105
12/12/2014,JEF,MO,ACE,CE,Federal Contract Tower,0,0,9,0,9,0,4,48,5,57,0,4,57,5,66,30,0,30,96
12/13/2014,JEF,MO,ACE,CE,Federal Contract Tower,0,0,24,0,24,0,0,7,0,7,0,0,31,0,31,26,0,26,57
12/14/2014,JEF,MO,ACE,CE,Federal Contract Tower,0,0,9,0,9,0,1,27,0,28,0,1,36,0,37,12,0,12,49
12/15/2014,JEF,MO,ACE,CE,Federal Contract Tower,0,0,12,0,12,0,0,14,1,15,0,0,26,1,27,2,0,2,29
12/16/2014,JEF,MO,ACE,CE,Federal Contract Tower,0,1,20,2,23,0,3,16,12,31,0,4,36,14,54,28,22,50,104
12/17/2014,JEF,MO,ACE,CE,Federal Contract Tower,0,1,24,2,27,0,0,53,3,56,0,1,77,5,83,98,0,98,181
12/18/2014,JEF,MO,ACE,CE,Federal Contract Tower,0,0,11,0,11,0,0,0,0,0,0,0,11,0,11,0,0,0,11
12/19/2014,JEF,MO,ACE,CE,Federal Contract Tower,0,2,8,0,10,0,0,5,0,5,0,2,13,0,15,20,0,20,35
12/20/2014,JEF,MO,ACE,CE,Federal Contract Tower,0,0,5,0,5,0,0,6,0,6,0,0,11,0,11,18,0,18,29
12/21/2014,JEF,MO,ACE,CE,Federal Contract Tower,0,1,4,0,5,0,0,13,0,13,0,1,17,0,18,16,0,16,34
12/22/2014,JEF,MO,ACE,CE,Federal Contract Tower,0,1,19,0,20,0,0,0,0,0,0,1,19,0,20,4,0,4,24
12/23/2014,JEF,MO,ACE,CE,Federal Contract Tower,0,0,10,5,15,0,0,29,4,33,0,0,39,9,48,46,30,76,124
12/24/2014,JEF,MO,ACE,CE,Federal Contract Tower,0,0,3,0,3,0,0,0,0,0,0,0,3,0,3,12,0,12,15
12/25/2014,JEF,MO,ACE,CE,Federal Contract Tower,0,0,0,0,0,0,0,17,0,17,0,0,17,0,17,0,0,0,17
12/26/2014,JEF,MO,ACE,CE,Federal Contract Tower,0,0,13,0,13,0,0,34,0,34,0,0,47,0,47,24,0,24,71
12/27/2014,JEF,MO,ACE,CE,Federal Contract Tower,0,0,10,0,10,0,0,1,0,1,0,0,11,0,11,0,0,0,11
12/28/2014,JEF,MO,ACE,CE,Federal Contract Tower,0,0,14,0,14,0,0,30,0,30,0,0,44,0,44,40,0,40,84
12/29/2014,JEF,MO,ACE,CE,Federal Contract Tower,0,1,6,1,8,0,0,28,7,35,0,1,34,8,43,30,6,36,79
12/30/2014,JEF,MO,ACE,CE,Federal Contract Tower,0,0,7,7,14,0,1,26,6,33,0,1,33,13,47,22,52,74,121
12/31/2014,JEF,MO,ACE,CE,Federal Contract Tower,0,0,10,3,13,0,0,10,1,11,0,0,20,4,24,10,6,16,40
01/01/2015,JEF,MO,ACE,CE,Federal Contract Tower,0,0,3,0,3,0,0,7,0,7,0,0,10,0,10,10,0,10,20
01/02/2015,JEF,MO,ACE,CE,Federal Contract Tower,0,0,9,0,9,0,0,13,0,13,0,0,22,0,22,54,0,54,76
01/03/2015,JEF,MO,ACE,CE,Federal Contract Tower,0,0,4,0,4,0,0,0,0,0,0,0,4,0,4,0,0,0,4
01/04/2015,JEF,MO,ACE,CE,Federal Contract Tower,0,2,5,0,7,0,0,3,0,3,0,2,8,0,10,0,0,0,10
01/05/2015,JEF,MO,ACE,CE,Federal Contract Tower,0,0,20,0,20,0,0,33,2,35,0,0,53,2,55,58,14,72,127
01/06/2015,JEF,MO,ACE,CE,Federal Contract Tower,0,0,20,0,20,0,2,22,11,35,0,2,42,11,55,14,54,68,123
01/07/2015,JEF,MO,ACE,CE,Federal Contract Tower,0,0,13,0,13,0,0,23,9,32,0,0,36,9,45,8,24,32,77
01/08/2015,JEF,MO,ACE,CE,Federal Contract Tower,0,0,12,0,12,0,0,35,9,44,0,0,47,9,56,32,0,32,88
01/09/2015,JEF,MO,ACE,CE,Federal Contract Tower,0,0,18,0,18,0,0,29,7,36,0,0,47,7,54,52,30,82,136
01/10/2015,JEF,MO,ACE,CE,Federal Contract Tower,0,0,8,0,8,0,0,19,0,19,0,0,27,0,27,4,0,4,31
01/11/2015,JEF,MO,ACE,CE,Federal Contract Tower,0,0,3,0,3,0,0,0,0,0,0,0,3,0,3,0,0,0,3
01/12/2015,JEF,MO,ACE,CE,Federal Contract Tower,0,3,8,2,13,0,0,10,6,16,0,3,18,8,29,22,6,28,57
01/13/2015,JEF,MO,ACE,CE,Federal Contract Tower,0,0,23,1,24,0,0,39,9,48,0,0,62,10,72,4,14,18,90
01/14/2015,JEF,MO,ACE,CE,Federal Contract Tower,0,0,20,0,20,0,7,37,4,48,0,7,57,4,68,24,12,36,104
01/15/2015,JEF,MO,ACE,CE,Federal Contract Tower,0,2,23,0,25,0,0,38,13,51,0,2,61,13,76,36,16,52,128
01/16/2015,JEF,MO,ACE,CE,Federal Contract Tower,0,0,18,0,18,0,4,44,7,55,0,4,62,7,73,6,8,14,87
01/17/2015,JEF,MO,ACE,CE,Federal Contract Tower,0,0,7,0,7,0,1,17,0,18,0,1,24,0,25,4,0,4,29
01/18/2015,JEF,MO,ACE,CE,Federal Contract Tower,0,0,4,0,4,0,0,34,0,34,0,0,38,0,38,36,0,36,74
01/19/2015,JEF,MO,ACE,CE,Federal Contract Tower,0,0,6,3,9,0,0,34,2,36,0,0,40,5,45,54,12,66,111
01/20/2015,JEF,MO,ACE,CE,Federal Contract Tower,0,0,19,0,19,0,0,21,3,24,0,0,40,3,43,12,40,52,95
01/21/2015,JEF,MO,ACE,CE,Federal Contract Tower,0,0,10,5,15,0,0,28,0,28,0,0,38,5,43,8,0,8,51
01/22/2015,JEF,MO,ACE,CE,Federal Contract Tower,0,0,17,1,18,0,3,28,7,38,0,3,45,8,56,56,0,56,112
01/23/2015,JEF,MO,ACE,CE,Federal Contract Tower,0,4,20,1,25,0,5,31,18,54,0,9,51,19,79,36,20,56,135
01/24/2015,JEF,MO,ACE,CE,Federal Contract Tower,0,0,6,2,8,0,1,40,6,47,0,1,46,8,55,48,10,58,113
01/25/2015,JEF,MO,ACE,CE,Federal Contract Tower,0,0,1,0,1,0,0,0,0,0,0,0,1,0,1,0,0,0,1
01/26/2015,JEF,MO,ACE,CE,Federal Contract Tower,0,2,23,2,27,0,2,28,0,30,0,4,51,2,57,32,0,32,89
01/27/2015,JEF,MO,ACE,CE,Federal Contract Tower,0,3,11,2,16,0,2,30,0,32,0,5,41,2,48,24,0,24,72
01/28/2015,JEF,MO,ACE,CE,Federal Contract Tower,0,0,17,4,21,0,1,31,2,34,0,1,48,6,55,14,0,14,69
01/29/2015,JEF,MO,ACE,CE,Federal Contract Tower,0,2,8,2,12,0,0,10,1,11,0,2,18,3,23,14,0,14,37
01/30/2015,JEF,MO,ACE,CE,Federal Contract Tower,0,2,10,0,12,0,8,47,9,64,0,10,57,9,76,70,4,74,150
01/31/2015,JEF,MO,ACE,CE,Federal Contract Tower,0,2,0,0,2,0,0,5,0,5,0,2,5,0,7,10,0,10,17
02/01/2015,JEF,MO,ACE,CE,Federal Contract Tower,0,0,1,2,3,0,0,0,0,0,0,0,1,2,3,0,0,0,3
02/02/2015,JEF,MO,ACE,CE,Federal Contract Tower,0,3,7,1,11,0,5,20,0,25,0,8,27,1,36,44,0,44,80
02/03/2015,JEF,MO,ACE,CE,Federal Contract Tower,0,1,23,2,26,0,5,34,11,50,0,6,57,13,76,38,24,62,138
02/04/2015,JEF,MO,ACE,CE,Federal Contract Tower,0,0,11,0,11,0,0,8,3,11,0,0,19,3,22,20,4,24,46
02/05/2015,JEF,MO,ACE,CE,Federal Contract Tower,0,0,18,0,18,0,4,13,6,23,0,4,31,6,41,24,0,24,65
02/06/2015,JEF,MO,ACE,CE,Federal Contract Tower,0,1,11,1,13,0,0,36,7,43,0,1,47,8,56,54,0,54,110
02/07/2015,JEF,MO,ACE,CE,Federal Contract Tower,0,1,7,0,8,0,0,33,2,35,0,1,40,2,43,18,10,28,71
02/08/2015,JEF,MO,ACE,CE,Federal Contract Tower,0,0,9,1,10,0,0,18,0,18,0,0,27,1,28,14,0,14,42
02/09/2015,JEF,MO,ACE,CE,Federal Contract Tower,0,2,11,1,14,0,2,16,0,18,0,4,27,1,32,36,0,36,68
02/10/2015,JEF,MO,ACE,CE,Federal Contract Tower,0,0,29,0,29,0,4,38,7,49,0,4,67,7,78,34,4,38,116
02/11/2015,JEF,MO,ACE,CE,Federal Contract Tower,0,4,29,0,33,0,0,23,2,25,0,4,52,2,58,14,0,14,72
02/12/2015,JEF,MO,ACE,CE,Federal Contract Tower,0,0,20,1,21,0,6,20,6,32,0,6,40,7,53,14,0,14,67
02/13/2015,JEF,MO,ACE,CE,Federal Contract Tower,0,0,11,4,15,0,5,44,0,49,0,5,55,4,64,42,0,42,106
02/14/2015,JEF,MO,ACE,CE,Federal Contract Tower,0,0,5,0,5,0,0,8,0,8,0,0,13,0,13,0,0,0,13
02/15/2015,JEF,MO,ACE,CE,Federal Contract Tower,0,0,6,0,6,0,0,4,0,4,0,0,10,0,10,2,0,2,12
02/16/2015,JEF,MO,ACE,CE,Federal Contract Tower,0,0,2,0,2,0,0,0,0,0,0,0,2,0,2,0,0,0,2
02/17/2015,JEF,MO,ACE,CE,Federal Contract Tower,0,0,23,2,25,0,0,19,2,21,0,0,42,4,46,40,30,70,116
02/18/2015,JEF,MO,ACE,CE,Federal Contract Tower,0,0,14,1,15,0,0,14,4,18,0,0,28,5,33,2,4,6,39
02/19/2015,JEF,MO,ACE,CE,Federal Contract Tower,0,2,18,0,20,0,2,17,0,19,0,4,35,0,39,32,0,32,71
02/20/2015,JEF,MO,ACE,CE,Federal Contract Tower,0,3,3,1,7,0,0,12,0,12,0,3,15,1,19,40,0,40,59
02/21/2015,JEF,MO,ACE,CE,Federal Contract Tower,0,0,1,2,3,0,0,3,0,3,0,0,4,2,6,10,0,10,16
02/22/2015,JEF,MO,ACE,CE,Federal Contract Tower,0,0,9,0,9,0,0,1,3,4,0,0,10,3,13,2,0,2,15
02/23/2015,JEF,MO,ACE,CE,Federal Contract Tower,0,0,11,2,13,0,4,26,3,33,0,4,37,5,46,38,0,38,84
02/24/2015,JEF,MO,ACE,CE,Federal Contract Tower,0,5,13,1,19,0,0,35,12,47,0,5,48,13,66,36,34,70,136
02/25/2015,JEF,MO,ACE,CE,Federal Contract Tower,0,2,8,3,13,0,0,41,0,41,0,2,49,3,54,26,2,28,82
02/26/2015,JEF,MO,ACE,CE,Federal Contract Tower,0,0,14,0,14,0,5,5,4,14,0,5,19,4,28,0,0,0,28
02/27/2015,JEF,MO,ACE,CE,Federal Contract Tower,0,0,19,0,19,0,4,20,5,29,0,4,39,5,48,32,10,42,90
02/28/2015,JEF,MO,ACE,CE,Federal Contract Tower,0,0,2,0,2,0,0,0,0,0,0,0,2,0,2,0,0,0,2
03/01/2015,JEF,MO,ACE,CE,Federal Contract Tower,0,0,3,0,3,0,0,0,0,0,0,0,3,0,3,0,0,0,3
03/02/2015,JEF,MO,ACE,CE,Federal Contract Tower,0,0,8,2,10,0,0,18,2,20,0,0,26,4,30,86,0,86,116
03/03/2015,JEF,MO,ACE,CE,Federal Contract Tower,0,0,18,0,18,0,0,7,4,11,0,0,25,4,29,10,16,26,55
03/04/2015,JEF,MO,ACE,CE,Federal Contract Tower,0,0,10,0,10,0,18,2,0,20,0,18,12,0,30,44,0,44,74
03/05/2015,JEF,MO,ACE,CE,Federal Contract Tower,0,2,12,4,18,0,2,30,7,39,0,4,42,11,57,56,14,70,127
03/06/2015,JEF,MO,ACE,CE,Federal Contract Tower,0,1,10,0,11,0,1,36,10,47,0,2,46,10,58,24,0,24,82
03/07/2015,JEF,MO,ACE,CE,Federal Contract Tower,0,0,4,0,4,0,2,17,4,23,0,2,21,4,27,0,2,2,29
03/08/2015,JEF,MO,ACE,CE,Federal Contract Tower,0,0,8,0,8,0,4,29,1,34,0,4,37,1,42,34,0,34,76
03/09/2015,JEF,MO,ACE,CE,Federal Contract Tower,0,2,16,4,22,0,2,36,0,38,0,4,52,4,60,86,0,86,146
03/10/2015,JEF,MO,ACE,CE,Federal Contract Tower,0,8,27,4,39,0,0,24,0,24,0,8,51,4,63,68,0,68,131
03/11/2015,JEF,MO,ACE,CE,Federal Contract Tower,0,2,16,1,19,0,5,36,6,47,0,7,52,7,66,26,0,26,92
03/12/2015,JEF,MO,ACE,CE,Federal Contract Tower,0,6,27,2,35,0,0,25,4,29,0,6,52,6,64,20,10,30,94
03/13/2015,JEF,MO,ACE,CE,Federal Contract Tower,0,1,17,5,23,0,0,4,4,8,0,1,21,9,31,0,0,0,31
03/14/2015,JEF,MO,ACE,CE,Federal Contract Tower,0,0,0,3,3,0,3,20,0,23,0,3,20,3,26,26,0,26,52
03/15/2015,JEF,MO,ACE,CE,Federal Contract Tower,0,0,9,0,9,0,0,35,1,36,0,0,44,1,45,74,10,84,129
03/16/2015,JEF,MO,ACE,CE,Federal Contract Tower,0,2,18,1,21,0,7,47,8,62,0,9,65,9,83,46,32,78,161
03/17/2015,JEF,MO,ACE,CE,Federal Contract Tower,0,4,13,0,17,0,2,17,12,31,0,6,30,12,48,8,36,44,92
03/18/2015,JEF,MO,ACE,CE,Federal Contract Tower,0,0,16,4,20,0,0,17,2,19,0,0,33,6,39,34,0,34,73
03/19/2015,JEF,MO,ACE,CE,Federal Contract Tower,0,0,18,4,22,0,0,0,0,0,0,0,18,4,22,0,0,0,22
03/20/2015,JEF,MO,ACE,CE,Federal Contract Tower,0,0,19,1,20,0,0,12,2,14,0,0,31,3,34,76,42,118,152
03/21/2015,JEF,MO,ACE,CE,Federal Contract Tower,0,1,1,0,2,0,3,42,3,48,0,4,43,3,50,40,0,40,90
03/22/2015,JEF,MO,ACE,CE,Federal Contract Tower,0,0,5,0,5,0,0,24,1,25,0,0,29,1,30,16,0,16,46
03/23/2015,JEF,MO,ACE,CE,Federal Contract Tower,0,0,14,0,14,0,0,0,0,0,0,0,14,0,14,56,0,56,70
03/24/2015,JEF,MO,ACE,CE,Federal Contract Tower,0,0,17,1,18,0,0,12,1,13,0,0,29,2,31,32,0,32,63
03/25/2015,JEF,MO,ACE,CE,Federal Contract Tower,0,4,18,1,23,0,0,14,2,16,0,4,32,3,39,22,40,62,101
03/26/2015,JEF,MO,ACE,CE,Federal Contract Tower,0,2,18,2,22,0,4,31,10,45,0,6,49,12,67,34,20,54,121
03/27/2015,JEF,MO,ACE,CE,Federal Contract Tower,0,0,19,0,19,0,0,27,0,27,0,0,46,0,46,24,0,24,70
03/28/2015,JEF,MO,ACE,CE,Federal Contract Tower,0,2,8,1,11,0,2,10,0,12,0,4,18,1,23,0,0,0,23
03/29/2015,JEF,MO,ACE,CE,Federal Contract Tower,0,0,9,0,9,0,1,7,1,9,0,1,16,1,18,0,0,0,18
03/30/2015,JEF,MO,ACE,CE,Federal Contract Tower,0,6,12,0,18,0,5,37,0,42,0,11,49,0,60,114,0,114,174
03/31/2015,JEF,MO,ACE,CE,Federal Contract Tower,0,0,18,3,21,0,8,32,5,45,0,8,50,8,66,74,28,102,168
04/01/2015,JEF,MO,ACE,CE,Federal Contract Tower,0,0,24,0,24,0,0,24,4,28,0,0,48,4,52,32,24,56,108
04/02/2015,JEF,MO,ACE,CE,Federal Contract Tower,0,1,16,0,17,0,0,0,0,0,0,1,16,0,17,0,0,0,17
04/03/2015,JEF,MO,ACE,CE,Federal Contract Tower,0,0,6,2,8,0,0,7,7,14,0,0,13,9,22,32,20,52,74
04/04/2015,JEF,MO,ACE,CE,Federal Contract Tower,0,0,10,0,10,0,0,31,0,31,0,0,41,0,41,50,0,50,91
04/05/2015,JEF,MO,ACE,CE,Federal Contract Tower,0,2,1,0,3,0,1,19,0,20,0,3,20,0,23,2,0,2,25
04/06/2015,JEF,MO,ACE,CE,Federal Contract Tower,0,2,20,2,24,0,0,7,0,7,0,2,27,2,31,8,0,8,39
04/07/2015,JEF,MO,ACE,CE,Federal Contract Tower,0,2,14,1,17,0,0,11,7,18,0,2,25,8,35,2,4,6,41
04/08/2015,JEF,MO,ACE,CE,Federal Contract Tower,0,0,8,0,8,0,2,4,0,6,0,2,12,0,14,14,0,14,28
04/09/2015,JEF,MO,ACE,CE,Federal Contract Tower,0,0,8,0,8,0,2,7,4,13,0,2,15,4,21,20,0,20,41
04/10/2015,JEF,MO,ACE,CE,Federal Contract Tower,0,1,21,15,37,0,1,49,14,64,0,2,70,29,101,78,0,78,179
04/11/2015,JEF,MO,ACE,CE,Federal Contract Tower,0,0,8,0,8,0,0,29,11,40,0,0,37,11,48,90,24,114,162
04/12/2015,JEF,MO,ACE,CE,Federal Contract Tower,0,1,5,2,8,0,0,6,0,6,0,1,11,2,14,0,0,0,14
04/13/2015,JEF,MO,ACE,CE,Federal Contract Tower,0,1,18,0,19,0,5,21,3,29,0,6,39,3,48,28,10,38,86
04/14/2015,JEF,MO,ACE,CE,Federal Contract Tower,0,9,18,9,36,0,1,32,19,52,0,10,50,28,88,58,18,76,164
04/15/2015,JEF,MO,ACE,CE,Federal Contract Tower,0,8,26,1,35,0,1,24,10,35,0,9,50,11,70,50,8,58,128
04/16/2015,JEF,MO,ACE,CE,Federal Contract Tower,0,2,19,4,25,0,6,30,4,40,0,8,49,8,65,104,42,146,211
04/17/2015,JEF,MO,ACE,CE,Federal Contract Tower,0,0,19,4,23,0,2,35,5,42,0,2,54,9,65,60,0,60,125
04/18/2015,JEF,MO,ACE,CE,Federal Contract Tower,0,1,2,0,3,0,0,26,0,26,0,1,28,0,29,32,0,32,61
04/19/2015,JEF,MO,ACE,CE,Federal Contract Tower,0,0,6,0,6,0,4,0,0,4,0,4,6,0,10,0,0,0,10
04/20/2015,JEF,MO,ACE,CE,Federal Contract Tower,0,0,21,0,21,0,0,23,0,23,0,0,44,0,44,10,0,10,54
04/21/2015,JEF,MO,ACE,CE,Federal Contract Tower,0,0,24,2,26,0,6,47,10,63,0,6,71,12,89,112,22,134,223
04/22/2015,JEF,MO,ACE,CE,Federal Contract Tower,0,1,23,2,26,0,9,23,10,42,0,10,46,12,68,76,12,88,156
04/23/2015,JEF,MO,ACE,CE,Federal Contract Tower,0,0,15,2,17,0,9,44,11,64,0,9,59,13,81,104,12,116,197
04/24/2015,JEF,MO,ACE,CE,Federal Contract Tower,0,0,13,2,15,0,0,11,5,16,0,0,24,7,31,30,10,40,71
04/25/2015,JEF,MO,ACE,CE,Federal Contract Tower,0,0,6,2,8,0,0,5,0,5,0,0,11,2,13,0,0,0,13
04/26/2015,JEF,MO,ACE,CE,Federal Contract Tower,0,0,9,0,9,0,0,14,0,14,0,0,23,0,23,22,0,22,45
04/27/2015,JEF,MO,ACE,CE,Federal Contract Tower,0,0,13,0,13,0,5,28,25,58,0,5,41,25,71,92,40,132,203
04/28/2015,JEF,MO,ACE,CE,Federal Contract Tower,0,0,13,1,14,0,0,31,14,45,0,0,44,15,59,50,42,92,151
04/29/2015,JEF,MO,ACE,CE,Federal Contract Tower,0,0,20,0,20,0,4,42,18,64,0,4,62,18,84,36,0,36,120
04/30/2015,JEF,MO,ACE,CE,Federal Contract Tower,0,2,17,0,19,0,2,44,11,57,0,4,61,11,76,42,0,42,118
05/01/2015,JEF,MO,ACE,CE,Federal Contract Tower,0,0,16,1,17,0,12,56,7,75,0,12,72,8,92,22,0,22,114
05/02/2015,JEF,MO,ACE,CE,Federal Contract Tower,0,0,5,0,5,0,3,19,4,26,0,3,24,4,31,0,0,0,31
05/03/2015,JEF,MO,ACE,CE,Federal Contract Tower,0,0,2,0,2,0,0,29,10,39,0,0,31,10,41,34,0,34,75
05/04/2015,JEF,MO,ACE,CE,Federal Contract Tower,0,0,14,0,14,0,4,34,26,64,0,4,48,26,78,34,46,80,158
05/05/2015,JEF,MO,ACE,CE,Federal Contract Tower,0,0,4,0,4,0,1,25,5,31,0,1,29,5,35,16,0,16,51
05/06/2015,JEF,MO,ACE,CE,Federal Contract Tower,0,0,8,0,8,0,2,18,9,29,0,2,26,9,37,30,0,30,67
05/07/2015,JEF,MO,ACE,CE,Federal Contract Tower,0,0,5,0,5,0,2,14,6,22,0,2,19,6,27,6,12,18,45
05/08/2015,JEF,MO,ACE,CE,Federal Contract Tower,0,0,6,0,6,0,0,7,4,11,0,0,13,4,17,20,20,40,57
05/09/2015,JEF,MO,ACE,CE,Federal Contract Tower,0,0,0,0,0,0,0,2,0,2,0,0,2,0,2,0,0,0,2
05/10/2015,JEF,MO,ACE,CE,Federal Contract Tower,0,0,0,0,0,0,2,4,0,6,0,2,4,0,6,18,0,18,24
05/11/2015,JEF,MO,ACE,CE,Federal Contract Tower,0,4,12,0,16,0,0,17,15,32,0,4,29,15,48,46,20,66,114
05/12/2015,JEF,MO,ACE,CE,Federal Contract Tower,0,0,15,0,15,0,2,55,8,65,0,2,70,8,80,30,8,38,118
05/13/2015,JEF,MO,ACE,CE,Federal Contract Tower,0,0,14,0,14,0,0,49,9,58,0,0,63,9,72,84,12,96,168
05/14/2015,JEF,MO,ACE,CE,Federal Contract Tower,0,0,10,2,12,0,0,8,0,8,0,0,18,2,20,38,0,38,58
05/15/2015,JEF,MO,ACE,CE,Federal Contract Tower,0,0,7,0,7,0,0,29,9,38,0,0,36,9,45,40,0,40,85
05/16/2015,JEF,MO,ACE,CE,Federal Contract Tower,0,0,4,0,4,0,1,9,0,10,0,1,13,0,14,0,0,0,14
05/17/2015,JEF,MO,ACE,CE,Federal Contract Tower,0,0,4,0,4,0,4,16,0,20,0,4,20,0,24,0,0,0,24
05/18/2015,JEF,MO,ACE,CE,Federal Contract Tower,0,0,9,0,9,0,0,24,6,30,0,0,33,6,39,16,0,16,55
05/19/2015,JEF,MO,ACE,CE,Federal Contract Tower,0,0,15,0,15,0,2,41,0,43,0,2,56,0,58,50,0,50,108
05/20/2015,JEF,MO,ACE,CE,Federal Contract Tower,0,0,8,2,10,0,0,0,0,0,0,0,8,2,10,4,0,4,14
05/21/2015,JEF,MO,ACE,CE,Federal Contract Tower,0,0,19,1,20,0,0,32,12,44,0,0,51,13,64,8,0,8,72
05/22/2015,JEF,MO,ACE,CE,Federal Contract Tower,0,0,6,0,6,0,4,29,0,33,0,4,35,0,39,34,0,34,73
05/23/2015,JEF,MO,ACE,CE,Federal Contract Tower,0,0,5,0,5,0,4,30,0,34,0,4,35,0,39,2,0,2,41
05/24/2015,JEF,MO,ACE,CE,Federal Contract Tower,0,0,0,0,0,0,0,2,1,3,0,0,2,1,3,0,0,0,3
05/25/2015,JEF,MO,ACE,CE,Federal Contract Tower,0,0,6,0,6,0,2,0,11,13,0,2,6,11,19,12,0,12,31
05/26/2015,JEF,MO,ACE,CE,Federal Contract Tower,0,0,10,0,10,0,0,19,7,26,0,0,29,7,36,22,8,30,66
05/27/2015,JEF,MO,ACE,CE,Federal Contract Tower,0,1,7,2,10,0,2,24,3,29,0,3,31,5,39,14,14,28,67
05/28/2015,JEF,MO,ACE,CE,Federal Contract Tower,0,0,9,1,10,0,0,15,7,22,0,0,24,8,32,6,24,30,62
05/29/2015,JEF,MO,ACE,CE,Federal Contract Tower,0,0,14,0,14,0,0,4,5,9,0,0,18,5,23,14,0,14,37
05/30/2015,JEF,MO,ACE,CE,Federal Contract Tower,0,0,2,3,5,0,0,0,3,3,0,0,2,6,8,0,0,0,8
05/31/2015,JEF,MO,ACE,CE,Federal Contract Tower,0,0,10,0,10,0,0,7,0,7,0,0,17,0,17,8,0,8,25
06/01/2015,JEF,MO,ACE,CE,Federal Contract Tower,0,0,15,0,15,0,0,17,0,17,0,0,32,0,32,112,0,112,144
06/02/2015,JEF,MO,ACE,CE,Federal Contract Tower,0,2,6,1,9,0,2,37,6,45,0,4,43,7,54,48,6,54,108
06/03/2015,JEF,MO,ACE,CE,Federal Contract Tower,0,0,12,5,17,0,0,12,2,14,0,0,24,7,31,14,4,18,49
06/04/2015,JEF,MO,ACE,CE,Federal Contract Tower,0,0,9,2,11,0,0,15,4,19,0,0,24,6,30,16,0,16,46
06/05/2015,JEF,MO,ACE,CE,Federal Contract Tower,0,0,6,1,7,0,2,13,0,15,0,2,19,1,22,0,0,0,22
06/06/2015,JEF,MO,ACE,CE,Federal Contract Tower,0,2,0,0,2,0,2,24,10,36,0,4,24,10,38,24,0,24,62
06/07/2015,JEF,MO,ACE,CE,Federal Contract Tower,0,0,4,2,6,0,4,17,7,28,0,4,21,9,34,2,0,2,36
06/08/2015,JEF,MO,ACE,CE,Federal Contract Tower,0,0,5,4,9,0,12,34,7,53,0,12,39,11,62,54,16,70,132
06/09/2015,JEF,MO,ACE,CE,Federal Contract Tower,0,0,17,4,21,0,6,50,5,61,0,6,67,9,82,24,18,42,124
06/10/2015,JEF,MO,ACE,CE,Federal Contract Tower,0,0,9,0,9,0,0,37,8,45,0,0,46,8,54,14,38,52,106
06/11/2015,JEF,MO,ACE,CE,Federal Contract Tower,0,0,20,2,22,0,2,36,8,46,0,2,56,10,68,8,14,22,90
06/12/2015,JEF,MO,ACE,CE,Federal Contract Tower,0,0,3,1,4,0,0,29,11,40,0,0,32,12,44,50,0,50,94
06/13/2015,JEF,MO,ACE,CE,Federal Contract Tower,0,0,5,0,5,0,0,45,17,62,0,0,50,17,67,16,10,26,93
06/14/2015,JEF,MO,ACE,CE,Federal Contract Tower,0,0,8,1,9,0,2,14,2,18,0,2,22,3,27,26,10,36,63
06/15/2015,JEF,MO,ACE,CE,Federal Contract Tower,0,0,7,1,8,0,0,15,7,22,0,0,22,8,30,38,14,52,82
06/16/2015,JEF,MO,ACE,CE,Federal Contract Tower,0,0,3,0,3,0,0,5,4,9,0,0,8,4,12,2,0,2,14
06/17/2015,JEF,MO,ACE,CE,Federal Contract Tower,0,0,9,0,9,0,0,7,5,12,0,0,16,5,21,10,0,10,31
06/18/2015,JEF,MO,ACE,CE,Federal Contract Tower,0,0,0,1,1,0,0,14,1,15,0,0,14,2,16,2,0,2,18
06/19/2015,JEF,MO,ACE,CE,Federal Contract Tower,0,0,3,3,6,0,0,4,3,7,0,0,7,6,13,16,10,26,39
06/20/2015,JEF,MO,ACE,CE,Federal Contract Tower,0,0,1,0,1,0,1,20,2,23,0,1,21,2,24,6,16,22,46
06/21/2015,JEF,MO,ACE,CE,Federal Contract Tower,0,0,5,0,5,0,0,7,0,7,0,0,12,0,12,38,0,38,50
06/22/2015,JEF,MO,ACE,CE,Federal Contract Tower,0,0,5,0,5,0,4,21,10,35,0,4,26,10,40,38,50,88,128
06/23/2015,JEF,MO,ACE,CE,Federal Contract Tower,0,2,10,0,12,0,0,31,19,50,0,2,41,19,62,10,54,64,126
06/24/2015,JEF,MO,ACE,CE,Federal Contract Tower,0,1,8,2,11,0,0,40,11,51,0,1,48,13,62,16,24,40,102
06/25/2015,JEF,MO,ACE,CE,Federal Contract Tower,0,2,12,0,14,0,0,18,11,29,0,2,30,11,43,4,14,18,61
06/26/2015,JEF,MO,ACE,CE,Federal Contract Tower,0,0,4,3,7,0,0,9,0,9,0,0,13,3,16,0,0,0,16
06/27/2015,JEF,MO,ACE,CE,Federal Contract Tower,0,0,5,0,5,0,1,37,4,42,0,1,42,4,47,6,0,6,53
06/28/2015,JEF,MO,ACE,CE,Federal Contract Tower,0,0,9,0,9,0,0,6,0,6,0,0,15,0,15,0,0,0,15
06/29/2015,JEF,MO,ACE,CE,Federal Contract Tower,0,2,8,1,11,0,0,40,2,42,0,2,48,3,53,52,2,54,107
06/30/2015,JEF,MO,ACE,CE,Federal Contract Tower,0,0,12,3,15,0,0,34,17,51,0,0,46,20,66,18,0,18,84
07/01/2015,JEF,MO,ACE,CE,Federal Contract Tower,0,0,13,2,15,0,0,12,0,12,0,0,25,2,27,0,0,0,27
07/02/2015,JEF,MO,ACE,CE,Federal Contract Tower,0,0,5,7,12,0,0,9,5,14,0,0,14,12,26,0,0,0,26
07/03/2015,JEF,MO,ACE,CE,Federal Contract Tower,0,0,7,0,7,0,1,28,0,29,0,1,35,0,36,36,0,36,72
07/04/2015,JEF,MO,ACE,CE,Federal Contract Tower,0,0,2,0,2,0,3,9,0,12,0,3,11,0,14,12,0,12,26
07/05/2015,JEF,MO,ACE,CE,Federal Contract Tower,0,0,5,0,5,0,0,14,0,14,0,0,19,0,19,10,0,10,29
07/06/2015,JEF,MO,ACE,CE,Federal Contract Tower,0,0,14,1,15,0,0,11,9,20,0,0,25,10,35,22,0,22,57
07/07/2015,JEF,MO,ACE,CE,Federal Contract Tower,0,0,11,2,13,0,0,0,0,0,0,0,11,2,13,0,0,0,13
07/08/2015,JEF,MO,ACE,CE,Federal Contract Tower,0,0,11,0,11,0,0,0,0,0,0,0,11,0,11,0,6,6,17
07/09/2015,JEF,MO,ACE,CE,Federal Contract Tower,0,0,17,3,20,0,0,38,3,41,0,0,55,6,61,22,0,22,83
07/10/2015,JEF,MO,ACE,CE,Federal Contract Tower,0,0,11,2,13,0,0,13,0,13,0,0,24,2,26,6,0,6,32
07/11/2015,JEF,MO,ACE,CE,Federal Contract Tower,0,0,3,0,3,0,4,29,0,33,0,4,32,0,36,0,0,0,36
07/12/2015,JEF,MO,ACE,CE,Federal Contract Tower,0,0,4,0,4,0,4,26,0,30,0,4,30,0,34,14,0,14,48
07/13/2015,JEF,MO,ACE,CE,Federal Contract Tower,0,0,14,0,14,0,0,23,6,29,0,0,37,6,43,16,0,16,59
07/14/2015,JEF,MO,ACE,CE,Federal Contract Tower,0,0,5,0,5,0,2,38,7,47,0,2,43,7,52,28,10,38,90
07/15/2015,JEF,MO,ACE,CE,Federal Contract Tower,0,0,9,2,11,0,2,47,7,56,0,2,56,9,67,28,4,32,99
07/16/2015,JEF,MO,ACE,CE,Federal Contract Tower,0,0,8,1,9,0,0,21,13,34,0,0,29,14,43,14,0,14,57
07/17/2015,JEF,MO,ACE,CE,Federal Contract Tower,0,0,10,1,11,0,0,27,5,32,0,0,37,6,43,12,0,12,55
07/18/2015,JEF,MO,ACE,CE,Federal Contract Tower,0,0,4,0,4,0,0,14,0,14,0,0,18,0,18,14,0,14,32
07/19/2015,JEF,MO,ACE,CE,Federal Contract Tower,0,0,5,0,5,0,0,17,0,17,0,0,22,0,22,2,0,2,24
07/20/2015,JEF,MO,ACE,CE,Federal Contract Tower,0,0,8,0,8,0,4,6,0,10,0,4,14,0,18,52,0,52,70
07/21/2015,JEF,MO,ACE,CE,Federal Contract Tower,0,2,7,2,11,0,1,35,4,40,0,3,42,6,51,48,0,48,99
07/23/2015,JEF,MO,ACE,CE,Federal Contract Tower,0,0,15,3,18,0,0,22,7,29,0,0,37,10,47,14,0,14,61
07/24/2015,JEF,MO,ACE,CE,Federal Contract Tower,0,0,11,3,14,0,0,28,5,33,0,0,39,8,47,0,0,0,47
07/25/2015,JEF,MO,ACE,CE,Federal Contract Tower,0,0,3,0,3,0,0,28,0,28,0,0,31,0,31,0,0,0,31
07/26/2015,JEF,MO,ACE,CE,Federal Contract Tower,0,0,7,0,7,0,0,23,0,23,0,0,30,0,30,0,0,0,30
07/27/2015,JEF,MO,ACE,CE,Federal Contract Tower,0,0,6,0,6,0,4,31,4,39,0,4,37,4,45,56,14,70,115
07/28/2015,JEF,MO,ACE,CE,Federal Contract Tower,0,0,12,2,14,0,0,20,8,28,0,0,32,10,42,78,0,78,120
07/29/2015,JEF,MO,ACE,CE,Federal Contract Tower,0,0,9,0,9,0,0,26,17,43,0,0,35,17,52,20,64,84,136
07/30/2015,JEF,MO,ACE,CE,Federal Contract Tower,0,0,10,0,10,0,0,34,6,40,0,0,44,6,50,52,0,52,102
07/31/2015,JEF,MO,ACE,CE,Federal Contract Tower,0,0,17,1,18,0,0,52,8,60,0,0,69,9,78,66,18,84,162
08/01/2015,JEF,MO,ACE,CE,Federal Contract Tower,0,0,3,0,3,0,1,30,5,36,0,1,33,5,39,44,12,56,95
08/02/2015,JEF,MO,ACE,CE,Federal Contract Tower,0,0,3,0,3,0,2,27,2,31,0,2,30,2,34,12,0,12,46
08/03/2015,JEF,MO,ACE,CE,Federal Contract Tower,0,0,5,2,7,0,0,30,4,34,0,0,35,6,41,82,0,82,123
08/04/2015,JEF,MO,ACE,CE,Federal Contract Tower,0,0,12,1,13,0,0,54,0,54,0,0,66,1,67,84,0,84,151
08/05/2015,JEF,MO,ACE,CE,Federal Contract Tower,0,0,10,3,13,0,0,6,6,12,0,0,16,9,25,10,8,18,43
08/06/2015,JEF,MO,ACE,CE,Federal Contract Tower,0,0,19,2,21,0,0,23,13,36,0,0,42,15,57,30,20,50,107
08/07/2015,JEF,MO,ACE,CE,Federal Contract Tower,0,0,13,0,13,0,0,37,1,38,0,0,50,1,51,86,30,116,167
08/08/2015,JEF,MO,ACE,CE,Federal Contract Tower,0,0,0,0,0,0,0,14,4,18,0,0,14,4,18,10,2,12,30
08/09/2015,JEF,MO,ACE,CE,Federal Contract Tower,0,0,6,0,6,0,3,11,0,14,0,3,17,0,20,0,0,0,20
08/10/2015,JEF,MO,ACE,CE,Federal Contract Tower,0,0,2,2,4,0,0,29,0,29,0,0,31,2,33,66,0,66,99
08/11/2015,JEF,MO,ACE,CE,Federal Contract Tower,0,0,13,5,18,0,1,34,5,40,0,1,47,10,58,70,6,76,134
08/12/2015,JEF,MO,ACE,CE,Federal Contract Tower,0,0,11,0,11,0,3,27,8,38,0,3,38,8,49,58,20,78,127
08/13/2015,JEF,MO,ACE,CE,Federal Contract Tower,0,0,11,0,11,0,0,27,6,33,0,0,38,6,44,34,0,34,78
08/14/2015,JEF,MO,ACE,CE,Federal Contract Tower,0,0,5,3,8,0,1,51,5,57,0,1,56,8,65,100,36,136,201
08/15/2015,JEF,MO,ACE,CE,Federal Contract Tower,0,0,1,0,1,0,0,14,0,14,0,0,15,0,15,16,0,16,31
08/16/2015,JEF,MO,ACE,CE,Federal Contract Tower,0,0,8,0,8,0,0,26,0,26,0,0,34,0,34,34,0,34,68
08/17/2015,JEF,MO,ACE,CE,Federal Contract Tower,0,6,13,0,19,0,1,27,0,28,0,7,40,0,47,10,0,10,57
08/18/2015,JEF,MO,ACE,CE,Federal Contract Tower,0,0,12,0,12,0,0,22,12,34,0,0,34,12,46,20,10,30,76
08/19/2015,JEF,MO,ACE,CE,Federal Contract Tower,0,2,9,0,11,0,2,5,2,9,0,4,14,2,20,66,20,86,106
08/20/2015,JEF,MO,ACE,CE,Federal Contract Tower,0,1,22,0,23,0,4,40,30,74,0,5,62,30,97,14,76,90,187
08/21/2015,JEF,MO,ACE,CE,Federal Contract Tower,0,0,12,0,12,0,2,42,19,63,0,2,54,19,75,60,2,62,137
08/22/2015,JEF,MO,ACE,CE,Federal Contract Tower,0,0,0,0,0,0,0,4,0,4,0,0,4,0,4,20,0,20,24
08/23/2015,JEF,MO,ACE,CE,Federal Contract Tower,0,0,2,0,2,0,1,10,0,11,0,1,12,0,13,24,0,24,37
08/24/2015,JEF,MO,ACE,CE,Federal Contract Tower,0,0,16,0,16,0,2,31,3,36,0,2,47,3,52,90,0,90,142
08/25/2015,JEF,MO,ACE,CE,Federal Contract Tower,0,1,17,0,18,0,0,50,4,54,0,1,67,4,72,62,0,62,134
08/26/2015,JEF,MO,ACE,CE,Federal Contract Tower,0,0,15,0,15,0,0,36,6,42,0,0,51,6,57,42,0,42,99
08/27/2015,JEF,MO,ACE,CE,Federal Contract Tower,0,0,22,1,23,0,0,31,2,33,0,0,53,3,56,46,6,52,108
08/28/2015,JEF,MO,ACE,CE,Federal Contract Tower,0,0,9,1,10,0,0,24,12,36,0,0,33,13,46,0,0,0,46
08/29/2015,JEF,MO,ACE,CE,Federal Contract Tower,0,0,5,0,5,0,4,22,0,26,0,4,27,0,31,2,0,2,33
08/30/2015,JEF,MO,ACE,CE,Federal Contract Tower,0,0,8,0,8,0,0,26,0,26,0,0,34,0,34,32,0,32,66
08/31/2015,JEF,MO,ACE,CE,Federal Contract Tower,0,0,15,0,15,0,0,33,1,34,0,0,48,1,49,22,0,22,71
09/01/2015,JEF,MO,ACE,CE,Federal Contract Tower,0,1,13,0,14,0,0,33,13,46,0,1,46,13,60,10,14,24,84
09/02/2015,JEF,MO,ACE,CE,Federal Contract Tower,0,0,18,0,18,0,2,18,6,26,0,2,36,6,44,20,0,20,64
09/03/2015,JEF,MO,ACE,CE,Federal Contract Tower,0,0,16,3,19,0,0,47,4,51,0,0,63,7,70,44,0,44,114
09/04/2015,JEF,MO,ACE,CE,Federal Contract Tower,0,0,9,0,9,0,2,29,3,34,0,2,38,3,43,52,0,52,95
09/05/2015,JEF,MO,ACE,CE,Federal Contract Tower,0,0,2,0,2,0,0,14,0,14,0,0,16,0,16,10,0,10,26
09/06/2015,JEF,MO,ACE,CE,Federal Contract Tower,0,1,1,0,2,0,6,7,0,13,0,7,8,0,15,4,0,4,19
09/07/2015,JEF,MO,ACE,CE,Federal Contract Tower,0,0,14,0,14,0,0,19,0,19,0,0,33,0,33,22,0,22,55
09/08/2015,JEF,MO,ACE,CE,Federal Contract Tower,0,0,6,0,6,0,0,11,2,13,0,0,17,2,19,26,26,52,71
09/09/2015,JEF,MO,ACE,CE,Federal Contract Tower,0,0,6,2,8,0,0,19,5,24,0,0,25,7,32,74,0,74,106
09/10/2015,JEF,MO,ACE,CE,Federal Contract Tower,0,0,12,0,12,0,2,43,5,50,0,2,55,5,62,12,0,12,74
09/11/2015,JEF,MO,ACE,CE,Federal Contract Tower,0,0,9,1,10,0,0,15,7,22,0,0,24,8,32,2,0,2,34
09/12/2015,JEF,MO,ACE,CE,Federal Contract Tower,0,0,5,2,7,0,0,29,5,34,0,0,34,7,41,32,0,32,73
09/13/2015,JEF,MO,ACE,CE,Federal Contract Tower,0,0,4,0,4,0,0,25,2,27,0,0,29,2,31,42,0,42,73
09/14/2015,JEF,MO,ACE,CE,Federal Contract Tower,0,0,23,0,23,0,0,35,0,35,0,0,58,0,58,16,0,16,74
09/15/2015,JEF,MO,ACE,CE,Federal Contract Tower,0,2,12,0,14,0,7,25,4,36,0,9,37,4,50,4,4,8,58
09/16/2015,JEF,MO,ACE,CE,Federal Contract Tower,0,0,14,1,15,0,4,32,6,42,0,4,46,7,57,0,0,0,57
09/17/2015,JEF,MO,ACE,CE,Federal Contract Tower,0,0,25,1,26,0,0,28,5,33,0,0,53,6,59,50,0,50,109
09/18/2015,JEF,MO,ACE,CE,Federal Contract Tower,0,0,8,0,8,0,2,29,7,38,0,2,37,7,46,0,2,2,48
09/19/2015,JEF,MO,ACE,CE,Federal Contract Tower,0,0,4,0,4,0,0,32,0,32,0,0,36,0,36,10,0,10,46
09/20/2015,JEF,MO,ACE,CE,Federal Contract Tower,0,0,7,0,7,0,3,15,1,19,0,3,22,1,26,12,0,12,38
09/21/2015,JEF,MO,ACE,CE,Federal Contract Tower,0,0,8,0,8,0,8,46,2,56,0,8,54,2,64,0,0,0,64
09/22/2015,JEF,MO,ACE,CE,Federal Contract Tower,0,0,7,0,7,0,2,36,6,44,0,2,43,6,51,4,20,24,75
09/23/2015,JEF,MO,ACE,CE,Federal Contract Tower,0,0,18,0,18,0,2,43,4,49,0,2,61,4,67,38,0,38,105
09/24/2015,JEF,MO,ACE,CE,Federal Contract Tower,0,0,28,3,31,0,0,49,12,61,0,0,77,15,92,48,12,60,152
09/25/2015,JEF,MO,ACE,CE,Federal Contract Tower,0,0,5,0,5,0,2,27,13,42,0,2,32,13,47,10,4,14,61
09/26/2015,JEF,MO,ACE,CE,Federal Contract Tower,0,1,4,0,5,0,0,15,0,15,0,1,19,0,20,0,0,0,20
09/27/2015,JEF,MO,ACE,CE,Federal Contract Tower,0,0,5,0,5,0,0,11,0,11,0,0,16,0,16,0,0,0,16
09/28/2015,JEF,MO,ACE,CE,Federal Contract Tower,0,0,9,2,11,0,4,38,2,44,0,4,47,4,55,52,0,52,107
09/29/2015,JEF,MO,ACE,CE,Federal Contract Tower,0,2,14,2,18,0,0,19,5,24,0,2,33,7,42,12,28,40,82
09/30/2015,JEF,MO,ACE,CE,Federal Contract Tower,0,2,16,6,24,0,2,18,9,29,0,4,34,15,53,0,0,0,53
10/01/2015,JEF,MO,ACE,CE,Federal Contract Tower,0,0,19,2,21,0,0,30,0,30,0,0,49,2,51,10,0,10,61
10/02/2015,JEF,MO,ACE,CE,Federal Contract Tower,0,4,13,0,17,0,0,22,7,29,0,4,35,7,46,4,0,4,50
10/03/2015,JEF,MO,ACE,CE,Federal Contract Tower,0,0,0,0,0,0,0,22,4,26,0,0,22,4,26,12,0,12,38
10/04/2015,JEF,MO,ACE,CE,Federal Contract Tower,0,0,5,4,9,0,0,3,4,7,0,0,8,8,16,0,10,10,26
10/05/2015,JEF,MO,ACE,CE,Federal Contract Tower,0,0,10,0,10,0,0,29,7,36,0,0,39,7,46,72,0,72,118
10/06/2015,JEF,MO,ACE,CE,Federal Contract Tower,0,0,19,1,20,0,8,61,4,73,0,8,80,5,93,38,26,64,157
10/07/2015,JEF,MO,ACE,CE,Federal Contract Tower,0,0,2,0,2,0,0,0,2,2,0,0,2,2,4,0,66,66,70
10/08/2015,JEF,MO,ACE,CE,Federal Contract Tower,0,0,0,0,0,0,0,0,4,4,0,0,0,4,4,0,30,30,34
10/09/2015,JEF,MO,ACE,CE,Federal Contract Tower,0,0,0,0,0,0,0,0,2,2,0,0,0,2,2,0,0,0,2
10/10/2015,JEF,MO,ACE,CE,Federal Contract Tower,0,0,0,0,0,0,0,2,0,2,0,0,2,0,2,0,0,0,2
10/11/2015,JEF,MO,ACE,CE,Federal Contract Tower,0,0,0,0,0,0,4,0,0,4,0,4,0,0,4,0,0,0,4
10/12/2015,JEF,MO,ACE,CE,Federal Contract Tower,0,0,0,0,0,0,0,2,0,2,0,0,2,0,2,14,0,14,16
10/13/2015,JEF,MO,ACE,CE,Federal Contract Tower,0,0,0,0,0,0,0,3,3,6,0,0,3,3,6,0,12,12,18
10/14/2015,JEF,MO,ACE,CE,Federal Contract Tower,0,0,0,0,0,0,0,3,9,12,0,0,3,9,12,0,84,84,96
10/15/2015,JEF,MO,ACE,CE,Federal Contract Tower,0,0,0,0,0,0,0,2,2,4,0,0,2,2,4,0,0,0,4
10/16/2015,JEF,MO,ACE,CE,Federal Contract Tower,0,0,0,0,0,0,0,2,3,5,0,0,2,3,5,0,16,16,21
10/17/2015,JEF,MO,ACE,CE,Federal Contract Tower,0,0,0,0,0,0,0,0,0,0,0,0,0,0,0,30,0,30,30
10/18/2015,JEF,MO,ACE,CE,Federal Contract Tower,0,0,0,0,0,0,0,8,2,10,0,0,8,2,10,4,0,4,14
10/19/2015,JEF,MO,ACE,CE,Federal Contract Tower,0,0,7,0,7,0,0,33,2,35,0,0,40,2,42,48,0,48,90
10/20/2015,JEF,MO,ACE,CE,Federal Contract Tower,0,0,18,2,20,0,3,44,7,54,0,3,62,9,74,64,6,70,144
10/21/2015,JEF,MO,ACE,CE,Federal Contract Tower,0,4,17,2,23,0,4,33,8,45,0,8,50,10,68,38,2,40,108
10/22/2015,JEF,MO,ACE,CE,Federal Contract Tower,0,0,22,2,24,0,0,36,18,54,0,0,58,20,78,48,20,68,146
10/23/2015,JEF,MO,ACE,CE,Federal Contract Tower,0,0,13,1,14,0,0,12,0,12,0,0,25,1,26,16,0,16,42
10/24/2015,JEF,MO,ACE,CE,Federal Contract Tower,0,0,5,0,5,0,0,50,4,54,0,0,55,4,59,8,0,8,67
10/25/2015,JEF,MO,ACE,CE,Federal Contract Tower,0,0,5,1,6,0,2,27,1,30,0,2,32,2,36,10,0,10,46
10/26/2015,JEF,MO,ACE,CE,Federal Contract Tower,0,2,22,2,26,0,0,33,2,35,0,2,55,4,61,84,0,84,145
10/27/2015,JEF,MO,ACE,CE,Federal Contract Tower,0,0,15,2,17,0,0,2,0,2,0,0,17,2,19,10,0,10,29
10/28/2015,JEF,MO,ACE,CE,Federal Contract Tower,0,2,17,2,21,0,3,14,3,20,0,5,31,5,41,20,2,22,63
10/29/2015,JEF,MO,ACE,CE,Federal Contract Tower,0,0,37,2,39,0,2,40,13,55,0,2,77,15,94,92,16,108,202
10/30/2015,JEF,MO,ACE,CE,Federal Contract Tower,0,0,6,2,8,0,2,43,9,54,0,2,49,11,62,48,2,50,112
10/31/2015,JEF,MO,ACE,CE,Federal Contract Tower,0,0,9,0,9,0,0,0,0,0,0,0,9,0,9,0,0,0,9
11/01/2015,JEF,MO,ACE,CE,Federal Contract Tower,0,0,17,2,19,0,0,38,0,38,0,0,55,2,57,8,0,8,65
11/02/2015,JEF,MO,ACE,CE,Federal Contract Tower,0,0,13,2,15,0,4,37,2,43,0,4,50,4,58,96,0,96,154
11/03/2015,JEF,MO,ACE,CE,Federal Contract Tower,0,0,28,0,28,0,0,31,1,32,0,0,59,1,60,18,12,30,90
11/04/2015,JEF,MO,ACE,CE,Federal Contract Tower,0,2,28,2,32,0,0,25,7,32,0,2,53,9,64,30,10,40,104
11/05/2015,JEF,MO,ACE,CE,Federal Contract Tower,0,4,34,1,39,0,2,20,8,30,0,6,54,9,69,16,52,68,137
11/06/2015,JEF,MO,ACE,CE,Federal Contract Tower,0,2,26,1,29,0,2,53,12,67,0,4,79,13,96,12,2,14,110
11/07/2015,JEF,MO,ACE,CE,Federal Contract Tower,0,0,6,0,6,0,5,52,2,59,0,5,58,2,65,28,2,30,95
11/08/2015,JEF,MO,ACE,CE,Federal Contract Tower,0,0,16,1,17,0,1,66,0,67,0,1,82,1,84,22,0,22,106
11/09/2015,JEF,MO,ACE,CE,Federal Contract Tower,0,2,21,3,26,0,4,41,0,45,0,6,62,3,71,38,0,38,109
11/10/2015,JEF,MO,ACE,CE,Federal Contract Tower,0,2,33,4,39,0,4,56,6,66,0,6,89,10,105,72,4,76,181
11/11/2015,JEF,MO,ACE,CE,Federal Contract Tower,0,2,23,0,25,0,4,3,0,7,0,6,26,0,32,0,0,0,32
11/12/2015,JEF,MO,ACE,CE,Federal Contract Tower,0,0,20,2,22,0,0,28,7,35,0,0,48,9,57,20,14,34,91
11/13/2015,JEF,MO,ACE,CE,Federal Contract Tower,0,0,26,0,26,0,0,53,0,53,0,0,79,0,79,46,0,46,125
11/14/2015,JEF,MO,ACE,CE,Federal Contract Tower,0,2,4,0,6,0,1,34,0,35,0,3,38,0,41,0,0,0,41
11/15/2015,JEF,MO,ACE,CE,Federal Contract Tower,0,0,2,0,2,0,1,23,0,24,0,1,25,0,26,22,0,22,48
11/16/2015,JEF,MO,ACE,CE,Federal Contract Tower,0,0,17,0,17,0,0,0,0,0,0,0,17,0,17,0,0,0,17
11/17/2015,JEF,MO,ACE,CE,Federal Contract Tower,0,0,12,2,14,0,0,0,0,0,0,0,12,2,14,0,0,0,14
11/19/2015,JEF,MO,ACE,CE,Federal Contract Tower,0,0,26,5,31,0,2,58,11,71,0,2,84,16,102,152,4,156,258
11/20/2015,JEF,MO,ACE,CE,Federal Contract Tower,0,1,10,4,15,0,1,37,0,38,0,2,47,4,53,28,0,28,81
11/21/2015,JEF,MO,ACE,CE,Federal Contract Tower,0,1,3,0,4,0,0,11,0,11,0,1,14,0,15,0,0,0,15
11/22/2015,JEF,MO,ACE,CE,Federal Contract Tower,0,0,7,0,7,0,0,14,0,14,0,0,21,0,21,8,0,8,29
11/23/2015,JEF,MO,ACE,CE,Federal Contract Tower,0,2,16,0,18,0,2,46,14,62,0,4,62,14,80,130,20,150,230
11/24/2015,JEF,MO,ACE,CE,Federal Contract Tower,0,0,20,1,21,0,2,37,12,51,0,2,57,13,72,100,28,128,200
11/25/2015,JEF,MO,ACE,CE,Federal Contract Tower,0,2,12,0,14,0,5,36,5,46,0,7,48,5,60,46,18,64,124
11/26/2015,JEF,MO,ACE,CE,Federal Contract Tower,0,0,0,0,0,0,0,4,0,4,0,0,4,0,4,0,0,0,4
11/27/2015,JEF,MO,ACE,CE,Federal Contract Tower,0,0,8,0,8,0,0,0,0,0,0,0,8,0,8,4,0,4,12
11/28/2015,JEF,MO,ACE,CE,Federal Contract Tower,0,2,1,0,3,0,0,0,0,0,0,2,1,0,3,0,0,0,3
11/29/2015,JEF,MO,ACE,CE,Federal Contract Tower,0,0,15,0,15,0,0,0,0,0,0,0,15,0,15,0,0,0,15
11/30/2015,JEF,MO,ACE,CE,Federal Contract Tower,0,0,16,1,17,0,0,0,0,0,0,0,16,1,17,0,0,0,17
12/01/2015,JEF,MO,ACE,CE,Federal Contract Tower,0,0,20,0,20,0,0,33,3,36,0,0,53,3,56,20,6,26,82
12/02/2015,JEF,MO,ACE,CE,Federal Contract Tower,0,2,18,2,22,0,2,16,4,22,0,4,34,6,44,30,0,30,74
12/03/2015,JEF,MO,ACE,CE,Federal Contract Tower,0,0,13,3,16,0,0,36,21,57,0,0,49,24,73,54,8,62,135
12/04/2015,JEF,MO,ACE,CE,Federal Contract Tower,0,0,21,4,25,0,4,46,13,63,0,4,67,17,88,66,8,74,162
12/05/2015,JEF,MO,ACE,CE,Federal Contract Tower,0,0,6,2,8,0,0,35,0,35,0,0,41,2,43,52,0,52,95
12/06/2015,JEF,MO,ACE,CE,Federal Contract Tower,0,0,8,2,10,0,2,11,0,13,0,2,19,2,23,6,0,6,29
12/07/2015,JEF,MO,ACE,CE,Federal Contract Tower,0,2,18,2,22,0,4,32,3,39,0,6,50,5,61,86,2,88,149
12/08/2015,JEF,MO,ACE,CE,Federal Contract Tower,0,0,24,1,25,0,0,37,18,55,0,0,61,19,80,4,4,8,88
12/09/2015,JEF,MO,ACE,CE,Federal Contract Tower,0,2,23,3,28,0,0,26,4,30,0,2,49,7,58,22,2,24,82
12/10/2015,JEF,MO,ACE,CE,Federal Contract Tower,0,0,28,5,33,0,0,17,4,21,0,0,45,9,54,36,4,40,94
12/11/2015,JEF,MO,ACE,CE,Federal Contract Tower,0,0,20,2,22,0,0,30,3,33,0,0,50,5,55,56,2,58,113
12/12/2015,JEF,MO,ACE,CE,Federal Contract Tower,0,0,5,0,5,0,0,5,0,5,0,0,10,0,10,0,0,0,10
12/13/2015,JEF,MO,ACE,CE,Federal Contract Tower,0,0,2,2,4,0,0,0,0,0,0,0,2,2,4,0,0,0,4
12/14/2015,JEF,MO,ACE,CE,Federal Contract Tower,0,0,12,0,12,0,2,6,4,12,0,2,18,4,24,0,0,0,24
12/15/2015,JEF,MO,ACE,CE,Federal Contract Tower,0,2,20,4,26,0,0,14,5,19,0,2,34,9,45,80,16,96,141
12/16/2015,JEF,MO,ACE,CE,Federal Contract Tower,0,0,22,2,24,0,1,35,0,36,0,1,57,2,60,8,0,8,68
12/17/2015,JEF,MO,ACE,CE,Federal Contract Tower,0,0,18,2,20,0,0,35,0,35,0,0,53,2,55,134,0,134,189
12/18/2015,JEF,MO,ACE,CE,Federal Contract Tower,0,4,19,0,23,0,0,22,3,25,0,4,41,3,48,12,12,24,72
12/19/2015,JEF,MO,ACE,CE,Federal Contract Tower,0,0,8,0,8,0,0,43,0,43,0,0,51,0,51,62,0,62,113
12/20/2015,JEF,MO,ACE,CE,Federal Contract Tower,0,0,3,0,3,0,2,0,0,2,0,2,3,0,5,20,0,20,25
12/21/2015,JEF,MO,ACE,CE,Federal Contract Tower,0,0,15,4,19,0,0,8,2,10,0,0,23,6,29,52,0,52,81
12/22/2015,JEF,MO,ACE,CE,Federal Contract Tower,0,0,14,2,16,0,0,22,9,31,0,0,36,11,47,42,20,62,109
12/23/2015,JEF,MO,ACE,CE,Federal Contract Tower,0,0,9,0,9,0,0,15,2,17,0,0,24,2,26,54,18,72,98
12/24/2015,JEF,MO,ACE,CE,Federal Contract Tower,0,2,3,0,5,0,0,20,0,20,0,2,23,0,25,32,0,32,57
12/25/2015,JEF,MO,ACE,CE,Federal Contract Tower,0,0,1,0,1,0,0,13,0,13,0,0,14,0,14,0,0,0,14
12/26/2015,JEF,MO,ACE,CE,Federal Contract Tower,0,0,5,0,5,0,0,0,0,0,0,0,5,0,5,14,0,14,19
12/27/2015,JEF,MO,ACE,CE,Federal Contract Tower,0,0,3,0,3,0,0,0,0,0,0,0,3,0,3,0,0,0,3
12/28/2015,JEF,MO,ACE,CE,Federal Contract Tower,0,0,2,0,2,0,0,0,0,0,0,0,2,0,2,0,0,0,2
12/29/2015,JEF,MO,ACE,CE,Federal Contract Tower,0,0,12,0,12,0,0,18,5,23,0,0,30,5,35,44,18,62,97
12/30/2015,JEF,MO,ACE,CE,Federal Contract Tower,0,0,10,0,10,0,0,5,10,15,0,0,15,10,25,12,22,34,59
12/31/2015,JEF,MO,ACE,CE,Federal Contract Tower,0,0,8,0,8,0,0,36,1,37,0,0,44,1,45,56,2,58,103
01/01/2016,JEF,MO,ACE,CE,Federal Contract Tower,0,2,6,0,8,0,0,13,0,13,0,2,19,0,21,18,0,18,39
01/02/2016,JEF,MO,ACE,CE,Federal Contract Tower,0,0,6,0,6,0,0,18,4,22,0,0,24,4,28,10,0,10,38
01/03/2016,JEF,MO,ACE,CE,Federal Contract Tower,0,4,10,0,14,0,2,9,0,11,0,6,19,0,25,2,0,2,27
01/04/2016,JEF,MO,ACE,CE,Federal Contract Tower,0,0,20,2,22,0,0,22,1,23,0,0,42,3,45,26,0,26,71
01/05/2016,JEF,MO,ACE,CE,Federal Contract Tower,0,5,23,1,29,0,0,27,7,34,0,5,50,8,63,20,26,46,109
01/06/2016,JEF,MO,ACE,CE,Federal Contract Tower,0,1,33,2,36,0,1,44,4,49,0,2,77,6,85,40,0,40,125
01/07/2016,JEF,MO,ACE,CE,Federal Contract Tower,0,2,22,2,26,0,0,7,3,10,0,2,29,5,36,4,30,34,70
01/08/2016,JEF,MO,ACE,CE,Federal Contract Tower,0,2,19,2,23,0,0,5,0,5,0,2,24,2,28,4,0,4,32
01/09/2016,JEF,MO,ACE,CE,Federal Contract Tower,0,0,1,0,1,0,0,0,0,0,0,0,1,0,1,0,0,0,1
01/10/2016,JEF,MO,ACE,CE,Federal Contract Tower,0,2,3,2,7,0,0,27,0,27,0,2,30,2,34,38,0,38,72
01/11/2016,JEF,MO,ACE,CE,Federal Contract Tower,0,6,12,0,18,0,0,21,2,23,0,6,33,2,41,14,0,14,55
01/12/2016,JEF,MO,ACE,CE,Federal Contract Tower,0,0,13,0,13,0,1,27,13,41,0,1,40,13,54,38,10,48,102
01/13/2016,JEF,MO,ACE,CE,Federal Contract Tower,0,0,16,0,16,0,2,32,10,44,0,2,48,10,60,22,20,42,102
01/14/2016,JEF,MO,ACE,CE,Federal Contract Tower,0,3,34,0,37,0,0,44,4,48,0,3,78,4,85,102,10,112,197
01/15/2016,JEF,MO,ACE,CE,Federal Contract Tower,0,3,4,1,8,0,0,2,0,2,0,3,6,1,10,24,0,24,34
01/16/2016,JEF,MO,ACE,CE,Federal Contract Tower,0,2,14,0,16,0,1,17,4,22,0,3,31,4,38,10,0,10,48
01/17/2016,JEF,MO,ACE,CE,Federal Contract Tower,0,0,3,0,3,0,0,6,0,6,0,0,9,0,9,24,0,24,33
01/18/2016,JEF,MO,ACE,CE,Federal Contract Tower,0,0,9,0,9,0,1,36,0,37,0,1,45,0,46,62,0,62,108
01/19/2016,JEF,MO,ACE,CE,Federal Contract Tower,0,2,5,2,9,0,0,6,3,9,0,2,11,5,18,10,14,24,42
01/20/2016,JEF,MO,ACE,CE,Federal Contract Tower,0,0,12,2,14,0,0,10,2,12,0,0,22,4,26,12,12,24,50
01/21/2016,JEF,MO,ACE,CE,Federal Contract Tower,0,0,23,1,24,0,2,13,7,22,0,2,36,8,46,52,0,52,98
01/22/2016,JEF,MO,ACE,CE,Federal Contract Tower,0,0,17,2,19,0,1,15,14,30,0,1,32,16,49,54,0,54,103
01/23/2016,JEF,MO,ACE,CE,Federal Contract Tower,0,0,10,2,12,0,0,15,0,15,0,0,25,2,27,0,0,0,27
01/24/2016,JEF,MO,ACE,CE,Federal Contract Tower,0,0,0,0,0,0,1,36,0,37,0,1,36,0,37,34,0,34,71
01/25/2016,JEF,MO,ACE,CE,Federal Contract Tower,0,0,9,2,11,0,0,12,0,12,0,0,21,2,23,34,0,34,57
01/26/2016,JEF,MO,ACE,CE,Federal Contract Tower,0,3,8,0,11,0,1,25,8,34,0,4,33,8,45,18,16,34,79
01/27/2016,JEF,MO,ACE,CE,Federal Contract Tower,0,3,18,2,23,0,0,38,7,45,0,3,56,9,68,68,2,70,138
01/28/2016,JEF,MO,ACE,CE,Federal Contract Tower,0,5,25,0,30,0,0,33,2,35,0,5,58,2,65,106,16,122,187
01/29/2016,JEF,MO,ACE,CE,Federal Contract Tower,0,0,13,4,17,0,1,45,5,51,0,1,58,9,68,86,0,86,154
01/30/2016,JEF,MO,ACE,CE,Federal Contract Tower,0,0,10,0,10,0,2,27,0,29,0,2,37,0,39,12,0,12,51
01/31/2016,JEF,MO,ACE,CE,Federal Contract Tower,0,0,7,0,7,0,0,10,0,10,0,0,17,0,17,20,0,20,37
02/01/2016,JEF,MO,ACE,CE,Federal Contract Tower,0,0,13,2,15,0,0,35,10,45,0,0,48,12,60,56,8,64,124
02/02/2016,JEF,MO,ACE,CE,Federal Contract Tower,0,2,17,7,26,0,0,9,9,18,0,2,26,16,44,2,10,12,56
02/03/2016,JEF,MO,ACE,CE,Federal Contract Tower,0,2,12,2,16,0,0,14,13,27,0,2,26,15,43,10,12,22,65
02/04/2016,JEF,MO,ACE,CE,Federal Contract Tower,0,0,20,1,21,0,3,29,7,39,0,3,49,8,60,18,22,40,100
02/05/2016,JEF,MO,ACE,CE,Federal Contract Tower,0,0,12,3,15,0,2,31,8,41,0,2,43,11,56,62,0,62,118
02/06/2016,JEF,MO,ACE,CE,Federal Contract Tower,0,0,7,0,7,0,3,30,0,33,0,3,37,0,40,10,0,10,50
02/07/2016,JEF,MO,ACE,CE,Federal Contract Tower,0,0,3,0,3,0,0,5,0,5,0,0,8,0,8,10,0,10,18
02/08/2016,JEF,MO,ACE,CE,Federal Contract Tower,0,5,10,0,15,0,0,0,0,0,0,5,10,0,15,0,0,0,15
02/09/2016,JEF,MO,ACE,CE,Federal Contract Tower,0,1,19,2,22,0,0,12,2,14,0,1,31,4,36,10,4,14,50
02/10/2016,JEF,MO,ACE,CE,Federal Contract Tower,0,2,24,3,29,0,0,25,2,27,0,2,49,5,56,50,0,50,106
02/11/2016,JEF,MO,ACE,CE,Federal Contract Tower,0,2,21,3,26,0,0,37,8,45,0,2,58,11,71,104,8,112,183
02/12/2016,JEF,MO,ACE,CE,Federal Contract Tower,0,0,10,2,12,0,0,24,1,25,0,0,34,3,37,62,0,62,99
02/13/2016,JEF,MO,ACE,CE,Federal Contract Tower,0,0,0,0,0,0,0,13,4,17,0,0,13,4,17,4,0,4,21
02/14/2016,JEF,MO,ACE,CE,Federal Contract Tower,0,0,1,0,1,0,0,2,0,2,0,0,3,0,3,8,0,8,11
02/15/2016,JEF,MO,ACE,CE,Federal Contract Tower,0,0,2,0,2,0,0,3,0,3,0,0,5,0,5,50,0,50,55
02/16/2016,JEF,MO,ACE,CE,Federal Contract Tower,0,0,14,0,14,0,0,2,2,4,0,0,16,2,18,0,12,12,30
02/17/2016,JEF,MO,ACE,CE,Federal Contract Tower,0,1,9,0,10,0,3,36,5,44,0,4,45,5,54,28,0,28,82
02/18/2016,JEF,MO,ACE,CE,Federal Contract Tower,0,0,15,0,15,0,4,24,7,35,0,4,39,7,50,0,0,0,50
02/19/2016,JEF,MO,ACE,CE,Federal Contract Tower,0,0,14,0,14,0,0,35,2,37,0,0,49,2,51,6,0,6,57
02/20/2016,JEF,MO,ACE,CE,Federal Contract Tower,0,0,7,0,7,0,4,31,4,39,0,4,38,4,46,72,0,72,118
02/21/2016,JEF,MO,ACE,CE,Federal Contract Tower,0,0,9,3,12,0,2,23,2,27,0,2,32,5,39,24,16,40,79
02/22/2016,JEF,MO,ACE,CE,Federal Contract Tower,0,0,21,2,23,0,3,33,13,49,0,3,54,15,72,2,44,46,118
02/23/2016,JEF,MO,ACE,CE,Federal Contract Tower,0,2,25,0,27,0,2,24,5,31,0,4,49,5,58,62,0,62,120
02/24/2016,JEF,MO,ACE,CE,Federal Contract Tower,0,2,6,0,8,0,0,9,12,21,0,2,15,12,29,2,2,4,33
02/25/2016,JEF,MO,ACE,CE,Federal Contract Tower,0,0,18,0,18,0,2,12,3,17,0,2,30,3,35,20,0,20,55
02/26/2016,JEF,MO,ACE,CE,Federal Contract Tower,0,3,12,1,16,0,0,42,13,55,0,3,54,14,71,78,24,102,173
02/27/2016,JEF,MO,ACE,CE,Federal Contract Tower,0,0,4,0,4,0,1,41,0,42,0,1,45,0,46,54,0,54,100
02/28/2016,JEF,MO,ACE,CE,Federal Contract Tower,0,0,7,0,7,0,4,7,0,11,0,4,14,0,18,0,0,0,18
02/29/2016,JEF,MO,ACE,CE,Federal Contract Tower,0,2,22,3,27,0,4,41,9,54,0,6,63,12,81,106,12,118,199
03/01/2016,JEF,MO,ACE,CE,Federal Contract Tower,0,0,24,0,24,0,0,14,2,16,0,0,38,2,40,0,22,22,62
03/02/2016,JEF,MO,ACE,CE,Federal Contract Tower,0,2,24,2,28,0,0,29,13,42,0,2,53,15,70,10,32,42,112
03/03/2016,JEF,MO,ACE,CE,Federal Contract Tower,0,0,11,0,11,0,0,22,10,32,0,0,33,10,43,56,2,58,101
03/04/2016,JEF,MO,ACE,CE,Federal Contract Tower,0,4,17,1,22,0,0,39,1,40,0,4,56,2,62,46,0,46,108
03/06/2016,JEF,MO,ACE,CE,Federal Contract Tower,0,1,16,0,17,0,0,13,0,13,0,1,29,0,30,22,0,22,52
03/07/2016,JEF,MO,ACE,CE,Federal Contract Tower,0,1,10,3,14,0,0,15,3,18,0,1,25,6,32,26,0,26,58
03/08/2016,JEF,MO,ACE,CE,Federal Contract Tower,0,0,13,0,13,0,0,11,0,11,0,0,24,0,24,0,0,0,24
03/09/2016,JEF,MO,ACE,CE,Federal Contract Tower,0,0,18,0,18,0,2,5,2,9,0,2,23,2,27,2,24,26,53
03/10/2016,JEF,MO,ACE,CE,Federal Contract Tower,0,0,21,8,29,0,2,17,9,28,0,2,38,17,57,44,0,44,101
03/11/2016,JEF,MO,ACE,CE,Federal Contract Tower,0,0,16,1,17,0,2,72,6,80,0,2,88,7,97,36,10,46,143
03/12/2016,JEF,MO,ACE,CE,Federal Contract Tower,0,0,7,0,7,0,0,0,0,0,0,0,7,0,7,0,0,0,7
03/13/2016,JEF,MO,ACE,CE,Federal Contract Tower,0,0,6,2,8,0,0,2,0,2,0,0,8,2,10,2,0,2,12
03/14/2016,JEF,MO,ACE,CE,Federal Contract Tower,0,2,24,2,28,0,2,24,0,26,0,4,48,2,54,0,0,0,54
03/15/2016,JEF,MO,ACE,CE,Federal Contract Tower,0,1,15,3,19,0,0,32,14,46,0,1,47,17,65,34,42,76,141
03/16/2016,JEF,MO,ACE,CE,Federal Contract Tower,0,4,12,2,18,0,2,37,13,52,0,6,49,15,70,34,0,34,104
03/17/2016,JEF,MO,ACE,CE,Federal Contract Tower,0,0,24,1,25,0,0,33,11,44,0,0,57,12,69,116,0,116,185
03/18/2016,JEF,MO,ACE,CE,Federal Contract Tower,0,0,9,0,9,0,0,32,1,33,0,0,41,1,42,56,0,56,98
03/19/2016,JEF,MO,ACE,CE,Federal Contract Tower,0,2,7,0,9,0,4,25,5,34,0,6,32,5,43,34,0,34,77
03/20/2016,JEF,MO,ACE,CE,Federal Contract Tower,0,0,11,0,11,0,0,9,1,10,0,0,20,1,21,28,0,28,49
03/21/2016,JEF,MO,ACE,CE,Federal Contract Tower,0,1,19,2,22,0,0,38,2,40,0,1,57,4,62,2,0,2,64
03/22/2016,JEF,MO,ACE,CE,Federal Contract Tower,0,4,15,0,19,0,0,33,13,46,0,4,48,13,65,42,24,66,131
03/23/2016,JEF,MO,ACE,CE,Federal Contract Tower,0,0,13,1,14,0,1,23,6,30,0,1,36,7,44,6,22,28,72
03/24/2016,JEF,MO,ACE,CE,Federal Contract Tower,0,0,12,2,14,0,0,0,6,6,0,0,12,8,20,0,4,4,24
03/25/2016,JEF,MO,ACE,CE,Federal Contract Tower,0,0,9,2,11,0,2,72,2,76,0,2,81,4,87,84,0,84,171
03/26/2016,JEF,MO,ACE,CE,Federal Contract Tower,0,0,8,0,8,0,0,29,0,29,0,0,37,0,37,38,0,38,75
03/27/2016,JEF,MO,ACE,CE,Federal Contract Tower,0,0,2,0,2,0,0,0,0,0,0,0,2,0,2,0,0,0,2
03/28/2016,JEF,MO,ACE,CE,Federal Contract Tower,0,0,13,2,15,0,2,39,1,42,0,2,52,3,57,142,0,142,199
03/29/2016,JEF,MO,ACE,CE,Federal Contract Tower,0,0,12,3,15,0,0,34,6,40,0,0,46,9,55,18,8,26,81
03/30/2016,JEF,MO,ACE,CE,Federal Contract Tower,0,2,13,2,17,0,5,8,0,13,0,7,21,2,30,0,0,0,30
03/31/2016,JEF,MO,ACE,CE,Federal Contract Tower,0,0,19,4,23,0,0,13,7,20,0,0,32,11,43,6,0,6,49
04/01/2016,JEF,MO,ACE,CE,Federal Contract Tower,0,0,10,1,11,2,32,4,0,38,2,32,14,1,49,56,0,56,105
04/02/2016,JEF,MO,ACE,CE,Federal Contract Tower,0,0,10,1,11,0,0,16,1,17,0,0,26,2,28,4,10,14,42
04/03/2016,JEF,MO,ACE,CE,Federal Contract Tower,0,0,5,0,5,0,2,21,0,23,0,2,26,0,28,0,0,0,28
04/04/2016,JEF,MO,ACE,CE,Federal Contract Tower,0,2,9,3,14,0,8,42,0,50,0,10,51,3,64,56,0,56,120
04/05/2016,JEF,MO,ACE,CE,Federal Contract Tower,0,0,19,0,19,0,0,54,16,70,0,0,73,16,89,4,12,16,105
04/06/2016,JEF,MO,ACE,CE,Federal Contract Tower,0,0,16,0,16,0,0,5,2,7,0,0,21,2,23,6,10,16,39
04/07/2016,JEF,MO,ACE,CE,Federal Contract Tower,0,1,18,0,19,0,2,16,12,30,0,3,34,12,49,68,2,70,119
04/08/2016,JEF,MO,ACE,CE,Federal Contract Tower,0,3,18,0,21,0,0,29,8,37,0,3,47,8,58,14,12,26,84
04/09/2016,JEF,MO,ACE,CE,Federal Contract Tower,0,0,7,0,7,0,0,57,4,61,0,0,64,4,68,50,0,50,118
04/10/2016,JEF,MO,ACE,CE,Federal Contract Tower,0,1,6,0,7,0,0,9,0,9,0,1,15,0,16,58,0,58,74
04/11/2016,JEF,MO,ACE,CE,Federal Contract Tower,0,8,7,0,15,0,2,24,0,26,0,10,31,0,41,10,0,10,51
04/12/2016,JEF,MO,ACE,CE,Federal Contract Tower,0,0,21,1,22,0,0,54,22,76,0,0,75,23,98,96,48,144,242
04/13/2016,JEF,MO,ACE,CE,Federal Contract Tower,0,0,16,0,16,0,6,48,2,56,0,6,64,2,72,88,0,88,160
04/14/2016,JEF,MO,ACE,CE,Federal Contract Tower,0,2,18,4,24,0,2,44,4,50,0,4,62,8,74,24,2,26,100
04/15/2016,JEF,MO,ACE,CE,Federal Contract Tower,0,0,12,4,16,0,0,48,10,58,0,0,60,14,74,152,0,152,226
04/16/2016,JEF,MO,ACE,CE,Federal Contract Tower,0,1,4,0,5,0,0,20,0,20,0,1,24,0,25,4,0,4,29
04/17/2016,JEF,MO,ACE,CE,Federal Contract Tower,0,0,9,0,9,0,0,13,0,13,0,0,22,0,22,0,0,0,22
04/18/2016,JEF,MO,ACE,CE,Federal Contract Tower,0,2,9,3,14,0,0,37,0,37,0,2,46,3,51,78,0,78,129
04/19/2016,JEF,MO,ACE,CE,Federal Contract Tower,0,2,17,0,19,0,0,9,7,16,0,2,26,7,35,0,0,0,35
04/20/2016,JEF,MO,ACE,CE,Federal Contract Tower,0,4,24,4,32,0,0,0,2,2,0,4,24,6,34,10,0,10,44
04/21/2016,JEF,MO,ACE,CE,Federal Contract Tower,0,2,17,2,21,0,0,18,6,24,0,2,35,8,45,28,0,28,73
04/22/2016,JEF,MO,ACE,CE,Federal Contract Tower,0,0,15,4,19,0,0,64,8,72,0,0,79,12,91,98,10,108,199
04/23/2016,JEF,MO,ACE,CE,Federal Contract Tower,0,0,3,2,5,0,4,19,0,23,0,4,22,2,28,10,0,10,38
04/24/2016,JEF,MO,ACE,CE,Federal Contract Tower,0,0,8,0,8,0,0,26,2,28,0,0,34,2,36,24,0,24,60
04/25/2016,JEF,MO,ACE,CE,Federal Contract Tower,0,2,16,3,21,0,2,21,0,23,0,4,37,3,44,16,0,16,60
04/26/2016,JEF,MO,ACE,CE,Federal Contract Tower,0,0,11,1,12,0,2,18,4,24,0,2,29,5,36,38,0,38,74
04/27/2016,JEF,MO,ACE,CE,Federal Contract Tower,0,1,16,0,17,0,0,7,2,9,0,1,23,2,26,22,12,34,60
04/28/2016,JEF,MO,ACE,CE,Federal Contract Tower,0,2,15,1,18,0,3,35,2,40,0,5,50,3,58,48,0,48,106
04/29/2016,JEF,MO,ACE,CE,Federal Contract Tower,0,0,21,2,23,0,1,40,1,42,0,1,61,3,65,130,0,130,195
04/30/2016,JEF,MO,ACE,CE,Federal Contract Tower,0,0,5,0,5,0,10,11,0,21,0,10,16,0,26,18,0,18,44
05/01/2016,JEF,MO,ACE,CE,Federal Contract Tower,0,1,7,0,8,0,7,29,0,36,0,8,36,0,44,6,0,6,50
05/02/2016,JEF,MO,ACE,CE,Federal Contract Tower,0,0,22,0,22,0,0,36,0,36,0,0,58,0,58,96,0,96,154
05/03/2016,JEF,MO,ACE,CE,Federal Contract Tower,0,2,26,2,30,0,5,31,2,38,0,7,57,4,68,78,0,78,146
05/04/2016,JEF,MO,ACE,CE,Federal Contract Tower,0,0,22,2,24,0,2,29,5,36,0,2,51,7,60,4,4,8,68
05/05/2016,JEF,MO,ACE,CE,Federal Contract Tower,0,0,12,2,14,0,0,31,11,42,0,0,43,13,56,72,0,72,128
05/06/2016,JEF,MO,ACE,CE,Federal Contract Tower,0,2,16,0,18,0,9,55,6,70,0,11,71,6,88,62,0,62,150
05/07/2016,JEF,MO,ACE,CE,Federal Contract Tower,0,2,8,0,10,0,7,20,0,27,0,9,28,0,37,12,0,12,49
05/08/2016,JEF,MO,ACE,CE,Federal Contract Tower,0,0,4,0,4,0,0,6,0,6,0,0,10,0,10,0,0,0,10
05/09/2016,JEF,MO,ACE,CE,Federal Contract Tower,0,0,16,0,16,0,0,8,18,26,0,0,24,18,42,22,12,34,76
05/10/2016,JEF,MO,ACE,CE,Federal Contract Tower,0,0,21,2,23,0,0,38,8,46,0,0,59,10,69,28,2,30,99
05/11/2016,JEF,MO,ACE,CE,Federal Contract Tower,0,3,19,2,24,0,0,18,6,24,0,3,37,8,48,14,16,30,78
05/12/2016,JEF,MO,ACE,CE,Federal Contract Tower,0,4,22,2,28,0,0,26,12,38,0,4,48,14,66,30,32,62,128
05/13/2016,JEF,MO,ACE,CE,Federal Contract Tower,0,0,10,3,13,0,5,41,12,58,0,5,51,15,71,54,6,60,131
05/14/2016,JEF,MO,ACE,CE,Federal Contract Tower,0,0,3,5,8,0,0,21,6,27,0,0,24,11,35,36,6,42,77
05/15/2016,JEF,MO,ACE,CE,Federal Contract Tower,0,2,5,2,9,0,2,39,0,41,0,4,44,2,50,42,0,42,92
05/16/2016,JEF,MO,ACE,CE,Federal Contract Tower,0,3,12,2,17,0,0,6,0,6,0,3,18,2,23,8,0,8,31
05/17/2016,JEF,MO,ACE,CE,Federal Contract Tower,0,2,17,2,21,0,0,2,0,2,0,2,19,2,23,0,0,0,23
05/18/2016,JEF,MO,ACE,CE,Federal Contract Tower,0,0,18,0,18,0,4,32,8,44,0,4,50,8,62,34,2,36,98
05/19/2016,JEF,MO,ACE,CE,Federal Contract Tower,0,2,14,2,18,0,8,49,7,64,0,10,63,9,82,120,20,140,222
05/20/2016,JEF,MO,ACE,CE,Federal Contract Tower,0,0,10,0,10,0,0,33,8,41,0,0,43,8,51,72,12,84,135
05/21/2016,JEF,MO,ACE,CE,Federal Contract Tower,0,0,5,0,5,0,0,33,0,33,0,0,38,0,38,18,0,18,56
05/22/2016,JEF,MO,ACE,CE,Federal Contract Tower,0,0,8,0,8,0,0,26,8,34,0,0,34,8,42,80,0,80,122
05/23/2016,JEF,MO,ACE,CE,Federal Contract Tower,0,0,6,2,8,0,2,26,13,41,0,2,32,15,49,8,38,46,95
05/24/2016,JEF,MO,ACE,CE,Federal Contract Tower,0,0,11,4,15,0,0,11,5,16,0,0,22,9,31,8,0,8,39
05/25/2016,JEF,MO,ACE,CE,Federal Contract Tower,0,0,9,0,9,0,0,20,2,22,0,0,29,2,31,46,14,60,91
05/26/2016,JEF,MO,ACE,CE,Federal Contract Tower,0,1,12,2,15,0,1,3,1,5,0,2,15,3,20,12,0,12,32
05/27/2016,JEF,MO,ACE,CE,Federal Contract Tower,0,4,16,0,20,0,8,15,0,23,0,12,31,0,43,70,0,70,113
05/28/2016,JEF,MO,ACE,CE,Federal Contract Tower,0,5,9,0,14,0,0,21,0,21,0,5,30,0,35,10,0,10,45
05/29/2016,JEF,MO,ACE,CE,Federal Contract Tower,0,2,8,0,10,0,2,24,0,26,0,4,32,0,36,0,0,0,36
05/30/2016,JEF,MO,ACE,CE,Federal Contract Tower,0,0,4,0,4,0,0,29,0,29,0,0,33,0,33,0,0,0,33
05/31/2016,JEF,MO,ACE,CE,Federal Contract Tower,0,0,12,2,14,0,0,43,5,48,0,0,55,7,62,70,2,72,134
06/01/2016,JEF,MO,ACE,CE,Federal Contract Tower,0,4,12,4,20,0,0,32,1,33,0,4,44,5,53,30,0,30,83
06/02/2016,JEF,MO,ACE,CE,Federal Contract Tower,0,0,17,2,19,0,0,47,4,51,0,0,64,6,70,132,10,142,212
06/03/2016,JEF,MO,ACE,CE,Federal Contract Tower,0,0,29,0,29,0,0,27,3,30,0,0,56,3,59,64,0,64,123
06/04/2016,JEF,MO,ACE,CE,Federal Contract Tower,0,0,3,2,5,0,8,21,2,31,0,8,24,4,36,48,0,48,84
06/05/2016,JEF,MO,ACE,CE,Federal Contract Tower,0,0,3,2,5,0,4,34,6,44,0,4,37,8,49,52,0,52,101
06/06/2016,JEF,MO,ACE,CE,Federal Contract Tower,0,0,11,1,12,0,0,39,2,41,0,0,50,3,53,62,0,62,115
06/07/2016,JEF,MO,ACE,CE,Federal Contract Tower,0,3,16,0,19,0,2,38,11,51,0,5,54,11,70,52,12,64,134
06/08/2016,JEF,MO,ACE,CE,Federal Contract Tower,0,2,12,5,19,0,0,59,7,66,0,2,71,12,85,156,4,160,245
06/09/2016,JEF,MO,ACE,CE,Federal Contract Tower,0,0,28,2,30,0,0,37,6,43,0,0,65,8,73,62,6,68,141
06/10/2016,JEF,MO,ACE,CE,Federal Contract Tower,0,0,31,2,33,0,4,55,5,64,0,4,86,7,97,68,8,76,173
06/11/2016,JEF,MO,ACE,CE,Federal Contract Tower,0,2,8,0,10,0,0,101,12,113,0,2,109,12,123,8,0,8,131
06/12/2016,JEF,MO,ACE,CE,Federal Contract Tower,0,0,22,1,23,0,2,77,0,79,0,2,99,1,102,34,0,34,136
06/13/2016,JEF,MO,ACE,CE,Federal Contract Tower,0,0,11,2,13,0,2,37,1,40,0,2,48,3,53,66,0,66,119
06/14/2016,JEF,MO,ACE,CE,Federal Contract Tower,0,0,24,2,26,0,2,43,7,52,0,2,67,9,78,64,20,84,162
06/15/2016,JEF,MO,ACE,CE,Federal Contract Tower,0,0,22,0,22,0,0,32,1,33,0,0,54,1,55,56,0,56,111
06/16/2016,JEF,MO,ACE,CE,Federal Contract Tower,0,0,10,1,11,0,0,45,13,58,0,0,55,14,69,74,26,100,169
06/17/2016,JEF,MO,ACE,CE,Federal Contract Tower,0,0,9,1,10,0,0,67,14,81,0,0,76,15,91,38,4,42,133
06/18/2016,JEF,MO,ACE,CE,Federal Contract Tower,0,0,5,0,5,0,6,73,2,81,0,6,78,2,86,26,2,28,114
06/19/2016,JEF,MO,ACE,CE,Federal Contract Tower,0,0,8,0,8,0,4,33,0,37,0,4,41,0,45,34,0,34,79
06/20/2016,JEF,MO,ACE,CE,Federal Contract Tower,0,2,13,0,15,0,2,41,3,46,0,4,54,3,61,50,0,50,111
06/21/2016,JEF,MO,ACE,CE,Federal Contract Tower,0,0,13,0,13,0,8,44,5,57,0,8,57,5,70,2,0,2,72
06/22/2016,JEF,MO,ACE,CE,Federal Contract Tower,0,4,18,2,24,0,0,33,2,35,0,4,51,4,59,20,0,20,79
06/23/2016,JEF,MO,ACE,CE,Federal Contract Tower,0,2,32,2,36,0,4,34,13,51,0,6,66,15,87,26,28,54,141
06/24/2016,JEF,MO,ACE,CE,Federal Contract Tower,0,0,17,0,17,0,14,54,5,73,0,14,71,5,90,72,0,72,162
06/25/2016,JEF,MO,ACE,CE,Federal Contract Tower,0,0,7,0,7,0,0,40,1,41,0,0,47,1,48,34,0,34,82
06/26/2016,JEF,MO,ACE,CE,Federal Contract Tower,0,0,4,0,4,0,0,14,0,14,0,0,18,0,18,18,0,18,36
06/28/2016,JEF,MO,ACE,CE,Federal Contract Tower,0,0,31,0,31,0,1,35,11,47,0,1,66,11,78,34,26,60,138
06/29/2016,JEF,MO,ACE,CE,Federal Contract Tower,0,0,8,0,8,0,4,43,3,50,0,4,51,3,58,52,0,52,110
06/30/2016,JEF,MO,ACE,CE,Federal Contract Tower,0,0,22,0,22,0,0,25,0,25,0,0,47,0,47,54,0,54,101
07/01/2016,JEF,MO,ACE,CE,Federal Contract Tower,0,1,18,0,19,0,4,48,2,54,0,5,66,2,73,18,0,18,91
07/02/2016,JEF,MO,ACE,CE,Federal Contract Tower,0,1,1,0,2,0,0,0,0,0,0,1,1,0,2,0,0,0,2
07/03/2016,JEF,MO,ACE,CE,Federal Contract Tower,0,0,3,0,3,0,0,0,0,0,0,0,3,0,3,0,0,0,3
07/04/2016,JEF,MO,ACE,CE,Federal Contract Tower,0,0,4,0,4,0,2,6,0,8,0,2,10,0,12,42,0,42,54
07/05/2016,JEF,MO,ACE,CE,Federal Contract Tower,0,0,4,0,4,0,6,38,9,53,0,6,42,9,57,26,10,36,93
07/06/2016,JEF,MO,ACE,CE,Federal Contract Tower,0,0,14,0,14,0,0,17,0,17,0,0,31,0,31,56,0,56,87
07/07/2016,JEF,MO,ACE,CE,Federal Contract Tower,0,0,21,0,21,0,0,20,9,29,0,0,41,9,50,40,10,50,100
07/08/2016,JEF,MO,ACE,CE,Federal Contract Tower,0,2,15,1,18,0,0,54,14,68,0,2,69,15,86,122,8,130,216
07/09/2016,JEF,MO,ACE,CE,Federal Contract Tower,0,0,7,0,7,0,0,32,0,32,0,0,39,0,39,26,0,26,65
07/10/2016,JEF,MO,ACE,CE,Federal Contract Tower,0,0,10,0,10,0,0,24,2,26,0,0,34,2,36,0,0,0,36
07/11/2016,JEF,MO,ACE,CE,Federal Contract Tower,0,0,19,2,21,0,0,33,1,34,0,0,52,3,55,40,0,40,95
07/12/2016,JEF,MO,ACE,CE,Federal Contract Tower,0,0,14,2,16,0,0,26,4,30,0,0,40,6,46,8,0,8,54
07/13/2016,JEF,MO,ACE,CE,Federal Contract Tower,0,0,6,2,8,0,0,29,7,36,0,0,35,9,44,26,14,40,84
07/14/2016,JEF,MO,ACE,CE,Federal Contract Tower,0,1,23,4,28,0,0,38,6,44,0,1,61,10,72,36,0,36,108
07/15/2016,JEF,MO,ACE,CE,Federal Contract Tower,0,1,15,2,18,0,1,28,6,35,0,2,43,8,53,42,4,46,99
07/16/2016,JEF,MO,ACE,CE,Federal Contract Tower,0,0,3,0,3,0,0,26,1,27,0,0,29,1,30,22,0,22,52
07/17/2016,JEF,MO,ACE,CE,Federal Contract Tower,0,0,14,1,15,0,3,26,0,29,0,3,40,1,44,0,0,0,44
07/18/2016,JEF,MO,ACE,CE,Federal Contract Tower,0,0,23,1,24,0,3,23,1,27,0,3,46,2,51,4,0,4,55
07/19/2016,JEF,MO,ACE,CE,Federal Contract Tower,0,2,28,2,32,0,4,35,7,46,0,6,63,9,78,26,6,32,110
07/20/2016,JEF,MO,ACE,CE,Federal Contract Tower,0,0,24,5,29,0,4,34,5,43,0,4,58,10,72,18,12,30,102
07/21/2016,JEF,MO,ACE,CE,Federal Contract Tower,0,0,19,3,22,0,0,36,22,58,0,0,55,25,80,23,8,31,111
07/22/2016,JEF,MO,ACE,CE,Federal Contract Tower,0,0,16,0,16,0,0,24,4,28,0,0,40,4,44,24,34,58,102
07/23/2016,JEF,MO,ACE,CE,Federal Contract Tower,0,0,10,0,10,0,2,26,0,28,0,2,36,0,38,10,0,10,48
07/24/2016,JEF,MO,ACE,CE,Federal Contract Tower,0,0,13,0,13,0,0,52,0,52,0,0,65,0,65,16,0,16,81
07/25/2016,JEF,MO,ACE,CE,Federal Contract Tower,0,0,12,2,14,0,2,11,0,13,0,2,23,2,27,12,0,12,39
07/26/2016,JEF,MO,ACE,CE,Federal Contract Tower,0,0,20,0,20,0,2,36,3,41,0,2,56,3,61,34,4,38,99
07/28/2016,JEF,MO,ACE,CE,Federal Contract Tower,0,0,23,3,26,0,0,44,5,49,0,0,67,8,75,34,2,36,111
07/29/2016,JEF,MO,ACE,CE,Federal Contract Tower,0,8,14,2,24,0,0,31,10,41,0,8,45,12,65,38,6,44,109
07/30/2016,JEF,MO,ACE,CE,Federal Contract Tower,0,0,2,2,4,0,3,44,0,47,0,3,46,2,51,16,0,16,67
07/31/2016,JEF,MO,ACE,CE,Federal Contract Tower,0,0,2,0,2,0,0,9,0,9,0,0,11,0,11,6,0,6,17
08/01/2016,JEF,MO,ACE,CE,Federal Contract Tower,0,0,21,2,23,0,0,17,1,18,0,0,38,3,41,22,30,52,93
08/02/2016,JEF,MO,ACE,CE,Federal Contract Tower,0,0,19,2,21,0,0,41,5,46,0,0,60,7,67,36,2,38,105
08/04/2016,JEF,MO,ACE,CE,Federal Contract Tower,0,2,24,2,28,0,2,32,6,40,0,4,56,8,68,40,2,42,110
08/05/2016,JEF,MO,ACE,CE,Federal Contract Tower,0,2,23,0,25,0,1,32,7,40,0,3,55,7,65,72,12,84,149
08/06/2016,JEF,MO,ACE,CE,Federal Contract Tower,0,0,7,0,7,0,0,17,0,17,0,0,24,0,24,66,0,66,90
08/07/2016,JEF,MO,ACE,CE,Federal Contract Tower,0,0,5,0,5,0,0,14,0,14,0,0,19,0,19,16,0,16,35
08/08/2016,JEF,MO,ACE,CE,Federal Contract Tower,0,2,12,1,15,0,0,29,1,30,0,2,41,2,45,90,0,90,135
08/09/2016,JEF,MO,ACE,CE,Federal Contract Tower,0,0,8,2,10,0,5,34,10,49,0,5,42,12,59,66,4,70,129
08/10/2016,JEF,MO,ACE,CE,Federal Contract Tower,0,0,13,0,13,0,0,39,7,46,0,0,52,7,59,50,6,56,115
08/11/2016,JEF,MO,ACE,CE,Federal Contract Tower,0,0,25,1,26,0,1,44,6,51,0,1,69,7,77,70,0,70,147
08/12/2016,JEF,MO,ACE,CE,Federal Contract Tower,0,0,21,0,21,0,0,20,9,29,0,0,41,9,50,42,34,76,126
08/13/2016,JEF,MO,ACE,CE,Federal Contract Tower,0,0,9,4,13,0,0,72,0,72,0,0,81,4,85,12,0,12,97
08/14/2016,JEF,MO,ACE,CE,Federal Contract Tower,0,0,5,0,5,0,0,29,0,29,0,0,34,0,34,14,0,14,48
08/15/2016,JEF,MO,ACE,CE,Federal Contract Tower,0,0,23,2,25,0,0,0,0,0,0,0,23,2,25,0,0,0,25
08/16/2016,JEF,MO,ACE,CE,Federal Contract Tower,0,2,30,2,34,0,0,38,5,43,0,2,68,7,77,48,0,48,125
08/17/2016,JEF,MO,ACE,CE,Federal Contract Tower,0,1,17,4,22,0,2,29,8,39,0,3,46,12,61,36,32,68,129
08/18/2016,JEF,MO,ACE,CE,Federal Contract Tower,0,0,17,2,19,0,2,47,9,58,0,2,64,11,77,104,20,124,201
08/19/2016,JEF,MO,ACE,CE,Federal Contract Tower,0,0,22,3,25,0,2,17,14,33,0,2,39,17,58,30,20,50,108
08/20/2016,JEF,MO,ACE,CE,Federal Contract Tower,0,0,1,0,1,0,0,4,0,4,0,0,5,0,5,20,0,20,25
08/21/2016,JEF,MO,ACE,CE,Federal Contract Tower,0,0,8,0,8,0,0,49,0,49,0,0,57,0,57,36,0,36,93
08/22/2016,JEF,MO,ACE,CE,Federal Contract Tower,0,0,13,2,15,0,3,78,6,87,0,3,91,8,102,90,0,90,192
08/23/2016,JEF,MO,ACE,CE,Federal Contract Tower,0,0,14,3,17,0,0,20,2,22,0,0,34,5,39,30,0,30,69
08/24/2016,JEF,MO,ACE,CE,Federal Contract Tower,0,1,22,11,34,0,0,22,2,24,0,1,44,13,58,30,0,30,88
08/25/2016,JEF,MO,ACE,CE,Federal Contract Tower,0,1,19,14,34,0,0,23,12,35,0,1,42,26,69,44,40,84,153
08/26/2016,JEF,MO,ACE,CE,Federal Contract Tower,0,0,27,4,31,0,5,4,3,12,0,5,31,7,43,48,10,58,101
08/27/2016,JEF,MO,ACE,CE,Federal Contract Tower,0,0,12,0,12,0,4,11,8,23,0,4,23,8,35,64,0,64,99
08/28/2016,JEF,MO,ACE,CE,Federal Contract Tower,0,0,9,0,9,0,0,23,1,24,0,0,32,1,33,26,0,26,59
08/29/2016,JEF,MO,ACE,CE,Federal Contract Tower,0,0,15,2,17,0,4,56,4,64,0,4,71,6,81,128,0,128,209
08/30/2016,JEF,MO,ACE,CE,Federal Contract Tower,0,1,18,5,24,0,0,17,11,28,0,1,35,16,52,34,0,34,86
08/31/2016,JEF,MO,ACE,CE,Federal Contract Tower,0,3,19,0,22,0,0,14,4,18,0,3,33,4,40,50,10,60,100
09/01/2016,JEF,MO,ACE,CE,Federal Contract Tower,0,3,23,3,29,0,4,32,11,47,0,7,55,14,76,76,48,124,200
09/02/2016,JEF,MO,ACE,CE,Federal Contract Tower,0,1,13,0,14,0,4,45,0,49,0,5,58,0,63,114,0,114,177
09/03/2016,JEF,MO,ACE,CE,Federal Contract Tower,0,0,1,0,1,0,0,38,0,38,0,0,39,0,39,62,0,62,101
09/04/2016,JEF,MO,ACE,CE,Federal Contract Tower,0,0,2,0,2,0,2,29,2,33,0,2,31,2,35,8,0,8,43
09/05/2016,JEF,MO,ACE,CE,Federal Contract Tower,0,2,11,0,13,0,0,29,0,29,0,2,40,0,42,58,0,58,100
09/06/2016,JEF,MO,ACE,CE,Federal Contract Tower,0,3,15,0,18,0,5,33,10,48,0,8,48,10,66,44,6,50,116
09/07/2016,JEF,MO,ACE,CE,Federal Contract Tower,0,2,20,2,24,0,4,37,15,56,0,6,57,17,80,52,0,52,132
09/08/2016,JEF,MO,ACE,CE,Federal Contract Tower,0,0,19,2,21,0,0,0,4,4,0,0,19,6,25,0,0,0,25
09/09/2016,JEF,MO,ACE,CE,Federal Contract Tower,0,0,19,3,22,0,0,16,1,17,0,0,35,4,39,34,0,34,73
09/10/2016,JEF,MO,ACE,CE,Federal Contract Tower,0,0,4,0,4,0,0,16,8,24,0,0,20,8,28,0,8,8,36
09/11/2016,JEF,MO,ACE,CE,Federal Contract Tower,0,0,2,0,2,0,9,34,0,43,0,9,36,0,45,16,0,16,61
09/12/2016,JEF,MO,ACE,CE,Federal Contract Tower,0,3,18,0,21,0,4,54,2,60,0,7,72,2,81,78,0,78,159
09/13/2016,JEF,MO,ACE,CE,Federal Contract Tower,0,0,16,2,18,0,0,38,11,49,0,0,54,13,67,84,8,92,159
09/14/2016,JEF,MO,ACE,CE,Federal Contract Tower,0,0,9,2,11,0,0,28,5,33,0,0,37,7,44,106,0,106,150
09/15/2016,JEF,MO,ACE,CE,Federal Contract Tower,0,0,25,2,27,0,0,22,10,32,0,0,47,12,59,124,8,132,191
09/16/2016,JEF,MO,ACE,CE,Federal Contract Tower,0,0,18,1,19,0,0,4,0,4,0,0,22,1,23,48,0,48,71
09/17/2016,JEF,MO,ACE,CE,Federal Contract Tower,0,0,11,1,12,0,0,14,0,14,0,0,25,1,26,24,0,24,50
09/18/2016,JEF,MO,ACE,CE,Federal Contract Tower,0,0,13,2,15,0,8,28,0,36,0,8,41,2,51,78,0,78,129
09/19/2016,JEF,MO,ACE,CE,Federal Contract Tower,0,0,10,1,11,0,12,52,2,66,0,12,62,3,77,100,0,100,177
09/20/2016,JEF,MO,ACE,CE,Federal Contract Tower,0,0,20,2,22,0,7,39,11,57,0,7,59,13,79,34,0,34,113
09/21/2016,JEF,MO,ACE,CE,Federal Contract Tower,0,4,15,2,21,0,4,35,13,52,0,8,50,15,73,24,0,24,97
09/22/2016,JEF,MO,ACE,CE,Federal Contract Tower,0,0,19,1,20,0,0,35,12,47,0,0,54,13,67,0,0,0,67
09/23/2016,JEF,MO,ACE,CE,Federal Contract Tower,0,0,18,0,18,0,0,29,2,31,0,0,47,2,49,30,0,30,79
09/24/2016,JEF,MO,ACE,CE,Federal Contract Tower,0,0,5,2,7,0,2,23,4,29,0,2,28,6,36,20,0,20,56
09/25/2016,JEF,MO,ACE,CE,Federal Contract Tower,0,0,10,0,10,0,0,25,0,25,0,0,35,0,35,2,0,2,37
09/26/2016,JEF,MO,ACE,CE,Federal Contract Tower,0,0,14,0,14,0,2,44,5,51,0,2,58,5,65,96,0,96,161
09/27/2016,JEF,MO,ACE,CE,Federal Contract Tower,0,0,17,0,17,0,6,35,8,49,0,6,52,8,66,8,0,8,74
09/28/2016,JEF,MO,ACE,CE,Federal Contract Tower,0,0,26,1,27,0,2,28,12,42,0,2,54,13,69,36,2,38,107
09/29/2016,JEF,MO,ACE,CE,Federal Contract Tower,0,4,27,2,33,0,4,35,5,44,0,8,62,7,77,84,0,84,161
09/30/2016,JEF,MO,ACE,CE,Federal Contract Tower,0,1,27,0,28,0,3,34,2,39,0,4,61,2,67,90,0,90,157
10/01/2016,JEF,MO,ACE,CE,Federal Contract Tower,0,0,7,1,8,0,0,27,0,27,0,0,34,1,35,10,0,10,45
10/02/2016,JEF,MO,ACE,CE,Federal Contract Tower,0,0,12,0,12,0,0,14,0,14,0,0,26,0,26,52,0,52,78
10/03/2016,JEF,MO,ACE,CE,Federal Contract Tower,0,0,19,2,21,0,0,18,0,18,0,0,37,2,39,36,0,36,75
10/04/2016,JEF,MO,ACE,CE,Federal Contract Tower,0,0,23,0,23,0,0,28,14,42,0,0,51,14,65,50,2,52,117
10/05/2016,JEF,MO,ACE,CE,Federal Contract Tower,0,2,18,1,21,0,8,28,9,45,0,10,46,10,66,48,0,48,114
10/06/2016,JEF,MO,ACE,CE,Federal Contract Tower,0,0,24,2,26,0,2,18,3,23,0,2,42,5,49,22,0,22,71
10/07/2016,JEF,MO,ACE,CE,Federal Contract Tower,0,4,32,3,39,0,0,16,1,17,0,4,48,4,56,26,0,26,82
10/08/2016,JEF,MO,ACE,CE,Federal Contract Tower,0,0,5,0,5,0,0,27,0,27,0,0,32,0,32,16,0,16,48
10/09/2016,JEF,MO,ACE,CE,Federal Contract Tower,0,0,8,0,8,0,8,36,0,44,0,8,44,0,52,6,0,6,58
10/10/2016,JEF,MO,ACE,CE,Federal Contract Tower,0,4,9,0,13,0,0,40,0,40,0,4,49,0,53,60,0,60,113
10/11/2016,JEF,MO,ACE,CE,Federal Contract Tower,0,0,29,2,31,0,2,45,4,51,0,2,74,6,82,60,0,60,142
10/12/2016,JEF,MO,ACE,CE,Federal Contract Tower,0,1,18,2,21,0,0,5,0,5,0,1,23,2,26,8,0,8,34
10/13/2016,JEF,MO,ACE,CE,Federal Contract Tower,0,1,26,3,30,0,0,40,6,46,0,1,66,9,76,68,4,72,148
10/14/2016,JEF,MO,ACE,CE,Federal Contract Tower,0,0,22,2,24,0,0,33,2,35,0,0,55,4,59,56,0,56,115
10/15/2016,JEF,MO,ACE,CE,Federal Contract Tower,0,0,7,3,10,0,2,30,3,35,0,2,37,6,45,4,0,4,49
10/16/2016,JEF,MO,ACE,CE,Federal Contract Tower,0,2,11,2,15,0,0,31,0,31,0,2,42,2,46,24,0,24,70
10/17/2016,JEF,MO,ACE,CE,Federal Contract Tower,0,0,13,0,13,0,4,20,4,28,0,4,33,4,41,28,0,28,69
10/18/2016,JEF,MO,ACE,CE,Federal Contract Tower,0,2,18,2,22,0,6,62,12,80,0,8,80,14,102,70,0,70,172
10/19/2016,JEF,MO,ACE,CE,Federal Contract Tower,0,2,23,2,27,0,0,9,2,11,0,2,32,4,38,16,2,18,56
10/20/2016,JEF,MO,ACE,CE,Federal Contract Tower,0,1,33,2,36,0,0,42,4,46,0,1,75,6,82,120,0,120,202
10/21/2016,JEF,MO,ACE,CE,Federal Contract Tower,0,0,25,2,27,0,16,54,2,72,0,16,79,4,99,152,0,152,251
10/22/2016,JEF,MO,ACE,CE,Federal Contract Tower,0,0,7,0,7,0,4,36,2,42,0,4,43,2,49,12,0,12,61
10/23/2016,JEF,MO,ACE,CE,Federal Contract Tower,0,0,8,0,8,0,0,40,2,42,0,0,48,2,50,92,0,92,142
10/24/2016,JEF,MO,ACE,CE,Federal Contract Tower,0,0,14,0,14,0,5,52,2,59,0,5,66,2,73,172,0,172,245
10/25/2016,JEF,MO,ACE,CE,Federal Contract Tower,0,0,23,1,24,0,0,35,6,41,0,0,58,7,65,74,0,74,139
10/26/2016,JEF,MO,ACE,CE,Federal Contract Tower,0,0,18,3,21,0,0,23,2,25,0,0,41,5,46,32,4,36,82
10/27/2016,JEF,MO,ACE,CE,Federal Contract Tower,0,2,30,2,34,0,2,36,22,60,0,4,66,24,94,152,52,204,298
10/28/2016,JEF,MO,ACE,CE,Federal Contract Tower,0,2,17,2,21,0,8,32,5,45,0,10,49,7,66,84,0,84,150
10/29/2016,JEF,MO,ACE,CE,Federal Contract Tower,0,0,1,0,1,0,0,30,0,30,0,0,31,0,31,8,0,8,39
10/30/2016,JEF,MO,ACE,CE,Federal Contract Tower,0,2,10,0,12,0,2,21,0,23,0,4,31,0,35,12,0,12,47
10/31/2016,JEF,MO,ACE,CE,Federal Contract Tower,0,0,7,0,7,0,6,20,0,26,0,6,27,0,33,12,0,12,45
11/01/2016,JEF,MO,ACE,CE,Federal Contract Tower,0,0,27,0,27,0,0,44,13,57,0,0,71,13,84,42,20,62,146
11/02/2016,JEF,MO,ACE,CE,Federal Contract Tower,0,0,18,0,18,0,0,28,7,35,0,0,46,7,53,18,14,32,85
11/03/2016,JEF,MO,ACE,CE,Federal Contract Tower,0,0,18,4,22,0,0,3,1,4,0,0,21,5,26,18,2,20,46
11/04/2016,JEF,MO,ACE,CE,Federal Contract Tower,0,0,13,1,14,0,1,85,2,88,0,1,98,3,102,50,0,50,152
11/05/2016,JEF,MO,ACE,CE,Federal Contract Tower,0,0,5,0,5,0,1,99,7,107,0,1,104,7,112,42,0,42,154
11/06/2016,JEF,MO,ACE,CE,Federal Contract Tower,0,12,2,0,14,0,6,77,0,83,0,18,79,0,97,40,0,40,137
11/07/2016,JEF,MO,ACE,CE,Federal Contract Tower,0,0,14,2,16,0,0,32,4,36,0,0,46,6,52,136,14,150,202
11/08/2016,JEF,MO,ACE,CE,Federal Contract Tower,0,0,21,2,23,0,3,20,0,23,0,3,41,2,46,66,8,74,120
11/09/2016,JEF,MO,ACE,CE,Federal Contract Tower,0,0,24,1,25,0,0,31,9,40,0,0,55,10,65,28,2,30,95
11/10/2016,JEF,MO,ACE,CE,Federal Contract Tower,0,0,23,1,24,0,0,38,10,48,0,0,61,11,72,10,16,26,98
11/11/2016,JEF,MO,ACE,CE,Federal Contract Tower,0,2,24,0,26,0,0,44,0,44,0,2,68,0,70,60,0,60,130
11/12/2016,JEF,MO,ACE,CE,Federal Contract Tower,0,0,4,0,4,0,0,20,0,20,0,0,24,0,24,12,0,12,36
11/13/2016,JEF,MO,ACE,CE,Federal Contract Tower,0,1,5,0,6,0,4,30,0,34,0,5,35,0,40,42,0,42,82
11/14/2016,JEF,MO,ACE,CE,Federal Contract Tower,0,7,11,0,18,0,0,36,3,39,0,7,47,3,57,92,14,106,163
11/15/2016,JEF,MO,ACE,CE,Federal Contract Tower,0,2,18,2,22,0,0,44,8,52,0,2,62,10,74,54,8,62,136
11/16/2016,JEF,MO,ACE,CE,Federal Contract Tower,0,0,19,2,21,0,0,39,10,49,0,0,58,12,70,12,0,12,82
11/17/2016,JEF,MO,ACE,CE,Federal Contract Tower,0,0,23,0,23,0,0,14,16,30,0,0,37,16,53,0,34,34,87
11/18/2016,JEF,MO,ACE,CE,Federal Contract Tower,0,2,10,0,12,0,0,10,2,12,0,2,20,2,24,0,0,0,24
11/19/2016,JEF,MO,ACE,CE,Federal Contract Tower,0,0,5,0,5,0,6,18,0,24,0,6,23,0,29,18,0,18,47
11/20/2016,JEF,MO,ACE,CE,Federal Contract Tower,0,0,12,0,12,0,2,33,0,35,0,2,45,0,47,54,0,54,101
11/21/2016,JEF,MO,ACE,CE,Federal Contract Tower,0,4,18,0,22,0,0,40,0,40,0,4,58,0,62,82,0,82,144
11/22/2016,JEF,MO,ACE,CE,Federal Contract Tower,0,0,23,0,23,0,2,19,7,28,0,2,42,7,51,30,0,30,81
11/23/2016,JEF,MO,ACE,CE,Federal Contract Tower,0,0,10,0,10,0,0,2,2,4,0,0,12,2,14,4,2,6,20
11/24/2016,JEF,MO,ACE,CE,Federal Contract Tower,0,0,1,0,1,0,0,2,0,2,0,0,3,0,3,0,0,0,3
11/25/2016,JEF,MO,ACE,CE,Federal Contract Tower,0,0,3,0,3,0,0,7,0,7,0,0,10,0,10,48,0,48,58
11/26/2016,JEF,MO,ACE,CE,Federal Contract Tower,0,2,5,0,7,0,0,15,0,15,0,2,20,0,22,38,0,38,60
11/27/2016,JEF,MO,ACE,CE,Federal Contract Tower,0,0,9,0,9,0,0,8,0,8,0,0,17,0,17,12,0,12,29
11/28/2016,JEF,MO,ACE,CE,Federal Contract Tower,0,2,17,2,21,0,2,21,2,25,0,4,38,4,46,32,0,32,78
11/29/2016,JEF,MO,ACE,CE,Federal Contract Tower,0,6,22,0,28,0,2,49,7,58,0,8,71,7,86,40,20,60,146
11/30/2016,JEF,MO,ACE,CE,Federal Contract Tower,0,1,14,2,17,0,0,33,15,48,0,1,47,17,65,54,28,82,147
12/01/2016,JEF,MO,ACE,CE,Federal Contract Tower,0,1,15,2,18,0,0,23,8,31,0,1,38,10,49,28,22,50,99
12/02/2016,JEF,MO,ACE,CE,Federal Contract Tower,0,2,15,2,19,0,0,48,28,76,0,2,63,30,95,48,48,96,191
12/03/2016,JEF,MO,ACE,CE,Federal Contract Tower,0,0,11,0,11,0,4,26,6,36,0,4,37,6,47,58,0,58,105
12/04/2016,JEF,MO,ACE,CE,Federal Contract Tower,0,0,3,0,3,0,0,2,0,2,0,0,5,0,5,4,0,4,9
12/05/2016,JEF,MO,ACE,CE,Federal Contract Tower,0,0,19,1,20,0,2,21,0,23,0,2,40,1,43,44,0,44,87
12/06/2016,JEF,MO,ACE,CE,Federal Contract Tower,0,0,15,0,15,0,0,21,4,25,0,0,36,4,40,30,4,34,74
12/07/2016,JEF,MO,ACE,CE,Federal Contract Tower,0,0,21,2,23,0,0,7,4,11,0,0,28,6,34,42,10,52,86
12/08/2016,JEF,MO,ACE,CE,Federal Contract Tower,0,0,27,2,29,0,0,19,12,31,0,0,46,14,60,48,0,48,108
12/09/2016,JEF,MO,ACE,CE,Federal Contract Tower,0,5,11,4,20,0,4,23,6,33,0,9,34,10,53,56,0,56,109
12/10/2016,JEF,MO,ACE,CE,Federal Contract Tower,0,0,8,2,10,0,0,23,0,23,0,0,31,2,33,46,0,46,79
12/11/2016,JEF,MO,ACE,CE,Federal Contract Tower,0,0,4,2,6,0,0,8,0,8,0,0,12,2,14,0,0,0,14
12/12/2016,JEF,MO,ACE,CE,Federal Contract Tower,0,1,20,4,25,0,0,33,2,35,0,1,53,6,60,48,0,48,108
12/13/2016,JEF,MO,ACE,CE,Federal Contract Tower,0,0,24,2,26,0,0,29,9,38,0,0,53,11,64,38,4,42,106
12/14/2016,JEF,MO,ACE,CE,Federal Contract Tower,0,0,13,2,15,0,2,22,12,36,0,2,35,14,51,28,28,56,107
12/15/2016,JEF,MO,ACE,CE,Federal Contract Tower,0,2,30,2,34,0,1,26,7,34,0,3,56,9,68,54,0,54,122
12/16/2016,JEF,MO,ACE,CE,Federal Contract Tower,0,0,6,3,9,0,0,2,0,2,0,0,8,3,11,0,0,0,11
12/17/2016,JEF,MO,ACE,CE,Federal Contract Tower,0,0,1,0,1,0,0,0,0,0,0,0,1,0,1,0,0,0,1
12/18/2016,JEF,MO,ACE,CE,Federal Contract Tower,0,0,1,0,1,0,0,5,0,5,0,0,6,0,6,2,0,2,8
12/19/2016,JEF,MO,ACE,CE,Federal Contract Tower,0,0,9,0,9,0,2,30,6,38,0,2,39,6,47,46,0,46,93
12/20/2016,JEF,MO,ACE,CE,Federal Contract Tower,0,2,20,0,22,0,0,49,9,58,0,2,69,9,80,40,6,46,126
12/21/2016,JEF,MO,ACE,CE,Federal Contract Tower,0,3,30,0,33,0,4,43,6,53,0,7,73,6,86,84,0,84,170
12/22/2016,JEF,MO,ACE,CE,Federal Contract Tower,0,2,20,2,24,0,0,31,6,37,0,2,51,8,61,16,2,18,79
12/23/2016,JEF,MO,ACE,CE,Federal Contract Tower,0,0,9,0,9,0,0,1,0,1,0,0,10,0,10,0,0,0,10
12/24/2016,JEF,MO,ACE,CE,Federal Contract Tower,0,0,3,0,3,0,0,0,0,0,0,0,3,0,3,0,0,0,3
12/25/2016,JEF,MO,ACE,CE,Federal Contract Tower,0,0,1,0,1,0,0,0,0,0,0,0,1,0,1,0,0,0,1
12/26/2016,JEF,MO,ACE,CE,Federal Contract Tower,0,0,14,0,14,0,2,30,0,32,0,2,44,0,46,66,0,66,112
12/27/2016,JEF,MO,ACE,CE,Federal Contract Tower,0,0,11,0,11,0,0,59,2,61,0,0,70,2,72,36,18,54,126
12/28/2016,JEF,MO,ACE,CE,Federal Contract Tower,0,0,14,0,14,0,1,37,7,45,0,1,51,7,59,64,24,88,147
12/29/2016,JEF,MO,ACE,CE,Federal Contract Tower,0,0,11,0,11,0,0,29,7,36,0,0,40,7,47,12,6,18,65
12/30/2016,JEF,MO,ACE,CE,Federal Contract Tower,0,0,10,0,10,0,0,44,0,44,0,0,54,0,54,108,0,108,162
12/31/2016,JEF,MO,ACE,CE,Federal Contract Tower,0,0,5,0,5,0,4,19,0,23,0,4,24,0,28,20,0,20,48
01/01/2017,JEF,MO,ACE,CE,Federal Contract Tower,0,0,2,0,2,0,0,11,0,11,0,0,13,0,13,0,0,0,13
01/02/2017,JEF,MO,ACE,CE,Federal Contract Tower,0,0,5,0,5,0,0,0,0,0,0,0,5,0,5,0,0,0,5
01/03/2017,JEF,MO,ACE,CE,Federal Contract Tower,0,0,8,0,8,0,0,0,0,0,0,0,8,0,8,0,0,0,8
01/04/2017,JEF,MO,ACE,CE,Federal Contract Tower,0,1,17,0,18,0,1,31,3,35,0,2,48,3,53,26,6,32,85
01/05/2017,JEF,MO,ACE,CE,Federal Contract Tower,0,0,22,2,24,0,0,7,2,9,0,0,29,4,33,6,10,16,49
01/06/2017,JEF,MO,ACE,CE,Federal Contract Tower,0,0,16,0,16,0,0,17,9,26,0,0,33,9,42,16,4,20,62
01/07/2017,JEF,MO,ACE,CE,Federal Contract Tower,0,0,3,6,9,0,0,12,1,13,0,0,15,7,22,56,0,56,78
01/08/2017,JEF,MO,ACE,CE,Federal Contract Tower,0,4,13,2,19,0,0,32,1,33,0,4,45,3,52,64,2,66,118
01/09/2017,JEF,MO,ACE,CE,Federal Contract Tower,0,6,25,0,31,0,0,27,12,39,0,6,52,12,70,32,0,32,102
01/10/2017,JEF,MO,ACE,CE,Federal Contract Tower,0,2,21,2,25,0,0,7,2,9,0,2,28,4,34,12,4,16,50
01/11/2017,JEF,MO,ACE,CE,Federal Contract Tower,0,0,6,0,6,0,4,18,10,32,0,4,24,10,38,54,14,68,106
01/12/2017,JEF,MO,ACE,CE,Federal Contract Tower,2,4,12,2,20,0,0,13,1,14,2,4,25,3,34,30,0,30,64
01/13/2017,JEF,MO,ACE,CE,Federal Contract Tower,0,0,1,0,1,0,0,0,0,0,0,0,1,0,1,0,0,0,1
01/14/2017,JEF,MO,ACE,CE,Federal Contract Tower,0,0,0,0,0,0,0,0,0,0,0,0,0,0,0,0,0,0,0
01/15/2017,JEF,MO,ACE,CE,Federal Contract Tower,0,0,0,0,0,0,0,0,0,0,0,0,0,0,0,0,0,0,0
01/16/2017,JEF,MO,ACE,CE,Federal Contract Tower,0,2,4,0,6,0,0,0,0,0,0,2,4,0,6,0,0,0,6
01/17/2017,JEF,MO,ACE,CE,Federal Contract Tower,0,6,11,6,23,0,0,6,10,16,0,6,17,16,39,10,12,22,61
01/18/2017,JEF,MO,ACE,CE,Federal Contract Tower,0,2,25,2,29,0,0,49,10,59,0,2,74,12,88,6,6,12,100
01/19/2017,JEF,MO,ACE,CE,Federal Contract Tower,0,2,19,2,23,0,0,0,0,0,0,2,19,2,23,0,0,0,23
01/20/2017,JEF,MO,ACE,CE,Federal Contract Tower,0,4,13,1,18,0,4,18,5,27,0,8,31,6,45,32,4,36,81
01/21/2017,JEF,MO,ACE,CE,Federal Contract Tower,0,1,7,0,8,0,2,42,0,44,0,3,49,0,52,18,0,18,70
01/22/2017,JEF,MO,ACE,CE,Federal Contract Tower,0,0,9,0,9,0,0,6,0,6,0,0,15,0,15,28,0,28,43
01/23/2017,JEF,MO,ACE,CE,Federal Contract Tower,0,0,18,3,21,0,0,21,4,25,0,0,39,7,46,26,10,36,82
01/24/2017,JEF,MO,ACE,CE,Federal Contract Tower,0,2,15,2,19,0,8,20,6,34,0,10,35,8,53,14,0,14,67
01/25/2017,JEF,MO,ACE,CE,Federal Contract Tower,0,0,17,0,17,0,0,6,10,16,0,0,23,10,33,0,10,10,43
01/26/2017,JEF,MO,ACE,CE,Federal Contract Tower,0,2,12,0,14,0,0,11,11,22,0,2,23,11,36,2,2,4,40
01/27/2017,JEF,MO,ACE,CE,Federal Contract Tower,0,0,17,2,19,0,0,22,8,30,0,0,39,10,49,66,0,66,115
01/28/2017,JEF,MO,ACE,CE,Federal Contract Tower,0,0,6,0,6,0,0,20,5,25,0,0,26,5,31,26,0,26,57
01/29/2017,JEF,MO,ACE,CE,Federal Contract Tower,0,0,3,0,3,0,0,10,0,10,0,0,13,0,13,26,0,26,39
01/30/2017,JEF,MO,ACE,CE,Federal Contract Tower,0,0,13,1,14,0,0,37,0,37,0,0,50,1,51,86,0,86,137
01/31/2017,JEF,MO,ACE,CE,Federal Contract Tower,0,0,13,2,15,0,6,49,1,56,0,6,62,3,71,72,0,72,143
02/01/2017,JEF,MO,ACE,CE,Federal Contract Tower,0,1,22,0,23,0,0,25,7,32,0,1,47,7,55,8,0,8,63
02/02/2017,JEF,MO,ACE,CE,Federal Contract Tower,0,2,20,0,22,0,4,35,1,40,0,6,55,1,62,38,0,38,100
02/03/2017,JEF,MO,ACE,CE,Federal Contract Tower,0,0,7,1,8,0,4,55,4,63,0,4,62,5,71,28,0,28,99
02/04/2017,JEF,MO,ACE,CE,Federal Contract Tower,0,0,6,3,9,0,4,23,3,30,0,4,29,6,39,22,2,24,63
02/05/2017,JEF,MO,ACE,CE,Federal Contract Tower,0,0,10,0,10,0,2,72,0,74,0,2,82,0,84,68,0,68,152
02/06/2017,JEF,MO,ACE,CE,Federal Contract Tower,0,2,19,0,21,0,0,4,0,4,0,2,23,0,25,0,0,0,25
02/07/2017,JEF,MO,ACE,CE,Federal Contract Tower,0,0,25,0,25,0,0,11,9,20,0,0,36,9,45,4,2,6,51
02/08/2017,JEF,MO,ACE,CE,Federal Contract Tower,0,3,16,2,21,0,0,10,7,17,0,3,26,9,38,6,2,8,46
02/09/2017,JEF,MO,ACE,CE,Federal Contract Tower,0,6,22,0,28,0,0,37,25,62,0,6,59,25,90,72,18,90,180
02/10/2017,JEF,MO,ACE,CE,Federal Contract Tower,0,0,9,2,11,0,21,19,0,40,0,21,28,2,51,24,0,24,75
02/11/2017,JEF,MO,ACE,CE,Federal Contract Tower,0,0,10,0,10,0,30,2,0,32,0,30,12,0,42,40,0,40,82
02/12/2017,JEF,MO,ACE,CE,Federal Contract Tower,0,0,9,0,9,0,0,23,2,25,0,0,32,2,34,6,0,6,40
02/13/2017,JEF,MO,ACE,CE,Federal Contract Tower,0,0,9,2,11,0,8,43,6,57,0,8,52,8,68,74,0,74,142
02/14/2017,JEF,MO,ACE,CE,Federal Contract Tower,0,0,8,0,8,0,4,32,10,46,0,4,40,10,54,36,32,68,122
02/15/2017,JEF,MO,ACE,CE,Federal Contract Tower,0,0,19,1,20,0,4,32,4,40,0,4,51,5,60,22,14,36,96
02/16/2017,JEF,MO,ACE,CE,Federal Contract Tower,0,3,22,3,28,0,5,23,5,33,0,8,45,8,61,44,8,52,113
02/17/2017,JEF,MO,ACE,CE,Federal Contract Tower,0,0,10,2,12,0,11,40,2,53,0,11,50,4,65,0,0,0,65
02/18/2017,JEF,MO,ACE,CE,Federal Contract Tower,0,0,5,0,5,0,6,53,0,59,0,6,58,0,64,40,0,40,104
02/19/2017,JEF,MO,ACE,CE,Federal Contract Tower,0,1,7,0,8,0,4,25,6,35,0,5,32,6,43,20,0,20,63
02/20/2017,JEF,MO,ACE,CE,Federal Contract Tower,0,0,9,0,9,0,0,20,0,20,0,0,29,0,29,38,0,38,67
02/21/2017,JEF,MO,ACE,CE,Federal Contract Tower,0,0,15,2,17,0,0,41,12,53,0,0,56,14,70,86,2,88,158
02/22/2017,JEF,MO,ACE,CE,Federal Contract Tower,0,0,19,2,21,0,4,9,2,15,0,4,28,4,36,36,0,36,72
02/23/2017,JEF,MO,ACE,CE,Federal Contract Tower,0,3,20,0,23,0,4,9,7,20,0,7,29,7,43,26,6,32,75
02/24/2017,JEF,MO,ACE,CE,Federal Contract Tower,0,0,29,2,31,0,4,18,11,33,0,4,47,13,64,8,8,16,80
02/25/2017,JEF,MO,ACE,CE,Federal Contract Tower,0,0,9,0,9,0,0,14,5,19,0,0,23,5,28,0,0,0,28
02/26/2017,JEF,MO,ACE,CE,Federal Contract Tower,0,0,7,2,9,0,4,12,0,16,0,4,19,2,25,60,0,60,85
02/27/2017,JEF,MO,ACE,CE,Federal Contract Tower,1,3,17,0,21,0,0,32,9,41,1,3,49,9,62,42,26,68,130
02/28/2017,JEF,MO,ACE,CE,Federal Contract Tower,0,0,18,0,18,0,1,18,4,23,0,1,36,4,41,14,0,14,55
03/01/2017,JEF,MO,ACE,CE,Federal Contract Tower,0,7,24,3,34,0,7,9,11,27,0,14,33,14,61,28,0,28,89
03/02/2017,JEF,MO,ACE,CE,Federal Contract Tower,0,0,6,2,8,0,0,26,8,34,0,0,32,10,42,34,0,34,76
03/03/2017,JEF,MO,ACE,CE,Federal Contract Tower,0,2,20,3,25,0,7,47,17,71,0,9,67,20,96,22,20,42,138
03/04/2017,JEF,MO,ACE,CE,Federal Contract Tower,0,2,1,0,3,0,3,11,5,19,0,5,12,5,22,6,0,6,28
03/05/2017,JEF,MO,ACE,CE,Federal Contract Tower,0,2,6,0,8,0,2,6,8,16,0,4,12,8,24,28,0,28,52
03/06/2017,JEF,MO,ACE,CE,Federal Contract Tower,0,0,9,2,11,0,2,5,4,11,0,2,14,6,22,10,36,46,68
03/07/2017,JEF,MO,ACE,CE,Federal Contract Tower,0,2,25,2,29,0,3,33,4,40,0,5,58,6,69,36,50,86,155
03/08/2017,JEF,MO,ACE,CE,Federal Contract Tower,0,1,19,0,20,0,8,41,5,54,0,9,60,5,74,38,0,38,112
03/09/2017,JEF,MO,ACE,CE,Federal Contract Tower,0,0,11,2,13,0,0,2,32,34,0,0,13,34,47,92,0,92,139
03/10/2017,JEF,MO,ACE,CE,Federal Contract Tower,0,0,18,0,18,0,2,35,0,37,0,2,53,0,55,24,0,24,79
03/11/2017,JEF,MO,ACE,CE,Federal Contract Tower,0,0,5,0,5,0,0,2,0,2,0,0,7,0,7,0,0,0,7
03/12/2017,JEF,MO,ACE,CE,Federal Contract Tower,0,0,10,0,10,0,0,29,0,29,0,0,39,0,39,32,0,32,71
03/13/2017,JEF,MO,ACE,CE,Federal Contract Tower,0,0,19,0,19,0,0,0,0,0,0,0,19,0,19,0,0,0,19
03/14/2017,JEF,MO,ACE,CE,Federal Contract Tower,0,0,9,0,9,0,0,15,2,17,0,0,24,2,26,0,2,2,28
03/15/2017,JEF,MO,ACE,CE,Federal Contract Tower,0,0,28,2,30,0,6,41,5,52,0,6,69,7,82,30,4,34,116
03/16/2017,JEF,MO,ACE,CE,Federal Contract Tower,0,2,11,0,13,0,2,29,14,45,0,4,40,14,58,60,6,66,124
03/17/2017,JEF,MO,ACE,CE,Federal Contract Tower,0,1,11,0,12,0,0,34,8,42,0,1,45,8,54,60,10,70,124
03/18/2017,JEF,MO,ACE,CE,Federal Contract Tower,0,1,3,0,4,0,0,35,3,38,0,1,38,3,42,76,0,76,118
03/19/2017,JEF,MO,ACE,CE,Federal Contract Tower,0,0,14,2,16,0,0,16,0,16,0,0,30,2,32,38,0,38,70
03/20/2017,JEF,MO,ACE,CE,Federal Contract Tower,0,0,20,0,20,0,4,44,1,49,0,4,64,1,69,108,0,108,177
03/21/2017,JEF,MO,ACE,CE,Federal Contract Tower,0,4,25,0,29,0,1,34,10,45,0,5,59,10,74,28,42,70,144
03/22/2017,JEF,MO,ACE,CE,Federal Contract Tower,0,0,9,0,9,0,4,41,12,57,0,4,50,12,66,32,0,32,98
03/23/2017,JEF,MO,ACE,CE,Federal Contract Tower,0,0,23,0,23,0,0,23,4,27,0,0,46,4,50,20,6,26,76
03/24/2017,JEF,MO,ACE,CE,Federal Contract Tower,0,2,13,2,17,0,0,8,1,9,0,2,21,3,26,8,0,8,34
03/25/2017,JEF,MO,ACE,CE,Federal Contract Tower,0,0,8,0,8,0,0,12,0,12,0,0,20,0,20,8,0,8,28
03/26/2017,JEF,MO,ACE,CE,Federal Contract Tower,0,3,11,3,17,0,0,14,1,15,0,3,25,4,32,36,0,36,68
03/27/2017,JEF,MO,ACE,CE,Federal Contract Tower,0,2,5,0,7,0,0,2,0,2,0,2,7,0,9,54,0,54,63
03/28/2017,JEF,MO,ACE,CE,Federal Contract Tower,0,0,27,4,31,0,2,18,3,23,0,2,45,7,54,10,2,12,66
03/29/2017,JEF,MO,ACE,CE,Federal Contract Tower,0,0,17,6,23,0,0,0,2,2,0,0,17,8,25,0,2,2,27
03/30/2017,JEF,MO,ACE,CE,Federal Contract Tower,0,3,23,2,28,0,2,8,5,15,0,5,31,7,43,58,0,58,101
03/31/2017,JEF,MO,ACE,CE,Federal Contract Tower,0,1,31,0,32,0,4,20,9,33,0,5,51,9,65,26,40,66,131
04/01/2017,JEF,MO,ACE,CE,Federal Contract Tower,0,2,12,2,16,0,6,18,3,27,0,8,30,5,43,36,10,46,89
04/02/2017,JEF,MO,ACE,CE,Federal Contract Tower,0,0,3,0,3,0,0,14,0,14,0,0,17,0,17,22,0,22,39
04/03/2017,JEF,MO,ACE,CE,Federal Contract Tower,0,2,15,2,19,0,0,6,0,6,0,2,21,2,25,14,0,14,39
04/04/2017,JEF,MO,ACE,CE,Federal Contract Tower,0,2,19,2,23,0,0,32,3,35,0,2,51,5,58,72,0,72,130
04/05/2017,JEF,MO,ACE,CE,Federal Contract Tower,0,3,16,1,20,0,0,9,7,16,0,3,25,8,36,2,0,2,38
04/06/2017,JEF,MO,ACE,CE,Federal Contract Tower,0,1,21,0,22,0,4,34,6,44,0,5,55,6,66,30,0,30,96
04/07/2017,JEF,MO,ACE,CE,Federal Contract Tower,0,13,3,0,16,0,8,67,6,81,0,21,70,6,97,70,0,70,167
04/08/2017,JEF,MO,ACE,CE,Federal Contract Tower,0,0,4,2,6,0,9,28,0,37,0,9,32,2,43,40,0,40,83
04/09/2017,JEF,MO,ACE,CE,Federal Contract Tower,0,1,5,0,6,0,0,7,0,7,0,1,12,0,13,20,0,20,33
04/10/2017,JEF,MO,ACE,CE,Federal Contract Tower,0,0,23,2,25,0,0,34,0,34,0,0,57,2,59,32,0,32,91
04/11/2017,JEF,MO,ACE,CE,Federal Contract Tower,0,2,15,4,21,0,7,53,23,83,0,9,68,27,104,120,34,154,258
04/12/2017,JEF,MO,ACE,CE,Federal Contract Tower,0,1,22,0,23,0,2,62,8,72,0,3,84,8,95,48,10,58,153
04/13/2017,JEF,MO,ACE,CE,Federal Contract Tower,0,0,25,2,27,0,6,20,8,34,0,6,45,10,61,22,18,40,101
04/14/2017,JEF,MO,ACE,CE,Federal Contract Tower,0,0,5,0,5,0,0,42,3,45,0,0,47,3,50,30,0,30,80
04/15/2017,JEF,MO,ACE,CE,Federal Contract Tower,0,0,5,0,5,0,2,11,0,13,0,2,16,0,18,28,0,28,46
04/16/2017,JEF,MO,ACE,CE,Federal Contract Tower,0,0,3,0,3,0,2,13,0,15,0,2,16,0,18,16,0,16,34
04/17/2017,JEF,MO,ACE,CE,Federal Contract Tower,0,0,17,0,17,0,0,51,1,52,0,0,68,1,69,124,10,134,203
04/18/2017,JEF,MO,ACE,CE,Federal Contract Tower,0,8,20,0,28,0,2,44,14,60,0,10,64,14,88,26,24,50,138
04/19/2017,JEF,MO,ACE,CE,Federal Contract Tower,0,0,17,1,18,0,4,37,6,47,0,4,54,7,65,12,12,24,89
04/20/2017,JEF,MO,ACE,CE,Federal Contract Tower,0,0,17,0,17,0,0,29,9,38,0,0,46,9,55,26,24,50,105
04/21/2017,JEF,MO,ACE,CE,Federal Contract Tower,0,0,6,1,7,0,2,18,8,28,0,2,24,9,35,0,0,0,35
04/22/2017,JEF,MO,ACE,CE,Federal Contract Tower,0,0,8,0,8,0,0,4,0,4,0,0,12,0,12,12,0,12,24
04/23/2017,JEF,MO,ACE,CE,Federal Contract Tower,0,3,6,0,9,0,2,61,0,63,0,5,67,0,72,92,0,92,164
04/24/2017,JEF,MO,ACE,CE,Federal Contract Tower,0,0,18,1,19,0,0,41,2,43,0,0,59,3,62,20,0,20,82
04/25/2017,JEF,MO,ACE,CE,Federal Contract Tower,0,1,18,2,21,0,5,40,28,73,0,6,58,30,94,78,40,118,212
04/26/2017,JEF,MO,ACE,CE,Federal Contract Tower,0,6,18,0,24,0,0,3,0,3,0,6,21,0,27,0,0,0,27
04/27/2017,JEF,MO,ACE,CE,Federal Contract Tower,0,0,21,0,21,0,8,34,9,51,0,8,55,9,72,56,6,62,134
04/28/2017,JEF,MO,ACE,CE,Federal Contract Tower,0,3,17,4,24,0,0,12,2,14,0,3,29,6,38,0,0,0,38
04/29/2017,JEF,MO,ACE,CE,Federal Contract Tower,0,0,1,0,1,0,0,0,0,0,0,0,1,0,1,0,0,0,1
04/30/2017,JEF,MO,ACE,CE,Federal Contract Tower,0,1,1,0,2,0,5,0,0,5,0,6,1,0,7,0,0,0,7
05/01/2017,JEF,MO,ACE,CE,Federal Contract Tower,0,0,14,2,16,0,3,14,0,17,0,3,28,2,33,0,0,0,33
05/02/2017,JEF,MO,ACE,CE,Federal Contract Tower,0,6,17,2,25,0,6,74,16,96,0,12,91,18,121,70,10,80,201
05/03/2017,JEF,MO,ACE,CE,Federal Contract Tower,0,2,12,6,20,0,0,1,1,2,0,2,13,7,22,0,0,0,22
05/04/2017,JEF,MO,ACE,CE,Federal Contract Tower,0,0,13,0,13,0,0,16,6,22,0,0,29,6,35,2,0,2,37
05/05/2017,JEF,MO,ACE,CE,Federal Contract Tower,0,0,16,3,19,0,7,39,14,60,0,7,55,17,79,14,6,20,99
05/06/2017,JEF,MO,ACE,CE,Federal Contract Tower,0,0,5,2,7,0,0,40,4,44,0,0,45,6,51,6,0,6,57
05/07/2017,JEF,MO,ACE,CE,Federal Contract Tower,0,6,12,1,19,0,4,54,4,62,0,10,66,5,81,56,0,56,137
05/08/2017,JEF,MO,ACE,CE,Federal Contract Tower,0,2,14,2,18,0,4,26,1,31,0,6,40,3,49,86,0,86,135
05/09/2017,JEF,MO,ACE,CE,Federal Contract Tower,0,1,19,0,20,0,2,48,8,58,0,3,67,8,78,86,2,88,166
05/10/2017,JEF,MO,ACE,CE,Federal Contract Tower,0,2,10,3,15,0,0,30,18,48,0,2,40,21,63,38,0,38,101
05/11/2017,JEF,MO,ACE,CE,Federal Contract Tower,0,0,36,3,39,0,0,5,2,7,0,0,41,5,46,0,0,0,46
05/12/2017,JEF,MO,ACE,CE,Federal Contract Tower,0,2,34,0,36,0,8,65,6,79,0,10,99,6,115,22,20,42,157
05/13/2017,JEF,MO,ACE,CE,Federal Contract Tower,0,2,9,0,11,0,2,48,0,50,0,4,57,0,61,56,0,56,117
05/14/2017,JEF,MO,ACE,CE,Federal Contract Tower,0,2,1,0,3,0,2,18,0,20,0,4,19,0,23,36,0,36,59
05/15/2017,JEF,MO,ACE,CE,Federal Contract Tower,0,0,19,0,19,0,0,73,0,73,0,0,92,0,92,92,0,92,184
05/16/2017,JEF,MO,ACE,CE,Federal Contract Tower,0,0,13,1,14,0,2,63,18,83,0,2,76,19,97,56,0,56,153
05/17/2017,JEF,MO,ACE,CE,Federal Contract Tower,0,0,8,0,8,0,2,7,9,18,0,2,15,9,26,8,16,24,50
05/18/2017,JEF,MO,ACE,CE,Federal Contract Tower,0,4,19,4,27,0,3,39,23,65,0,7,58,27,92,24,48,72,164
05/19/2017,JEF,MO,ACE,CE,Federal Contract Tower,0,0,10,1,11,0,0,15,11,26,0,0,25,12,37,12,36,48,85
05/20/2017,JEF,MO,ACE,CE,Federal Contract Tower,0,0,4,0,4,0,2,14,2,18,0,2,18,2,22,8,0,8,30
05/21/2017,JEF,MO,ACE,CE,Federal Contract Tower,0,0,8,0,8,0,4,29,2,35,0,4,37,2,43,42,0,42,85
05/22/2017,JEF,MO,ACE,CE,Federal Contract Tower,0,0,11,0,11,0,3,47,9,59,0,3,58,9,70,86,0,86,156
05/23/2017,JEF,MO,ACE,CE,Federal Contract Tower,0,0,15,1,16,0,4,18,1,23,0,4,33,2,39,76,0,76,115
05/24/2017,JEF,MO,ACE,CE,Federal Contract Tower,0,0,24,2,26,0,1,23,5,29,0,1,47,7,55,68,8,76,131
05/25/2017,JEF,MO,ACE,CE,Federal Contract Tower,0,0,30,0,30,0,3,67,13,83,0,3,97,13,113,30,26,56,169
05/26/2017,JEF,MO,ACE,CE,Federal Contract Tower,0,1,16,0,17,0,4,48,0,52,0,5,64,0,69,88,0,88,157
05/27/2017,JEF,MO,ACE,CE,Federal Contract Tower,0,0,3,0,3,0,4,10,0,14,0,4,13,0,17,10,0,10,27
05/28/2017,JEF,MO,ACE,CE,Federal Contract Tower,0,1,12,0,13,0,4,28,0,32,0,5,40,0,45,18,0,18,63
05/29/2017,JEF,MO,ACE,CE,Federal Contract Tower,0,0,6,0,6,0,2,37,0,39,0,2,43,0,45,34,0,34,79
05/30/2017,JEF,MO,ACE,CE,Federal Contract Tower,0,6,8,0,14,0,0,47,3,50,0,6,55,3,64,38,0,38,102
05/31/2017,JEF,MO,ACE,CE,Federal Contract Tower,0,3,10,2,15,0,0,49,13,62,0,3,59,15,77,47,0,47,124
06/01/2017,JEF,MO,ACE,CE,Federal Contract Tower,0,1,16,0,17,0,0,34,5,39,0,1,50,5,56,12,6,18,74
06/02/2017,JEF,MO,ACE,CE,Federal Contract Tower,0,1,20,1,22,0,2,45,6,53,0,3,65,7,75,60,0,60,135
06/03/2017,JEF,MO,ACE,CE,Federal Contract Tower,0,0,6,0,6,0,0,17,0,17,0,0,23,0,23,28,0,28,51
06/04/2017,JEF,MO,ACE,CE,Federal Contract Tower,0,0,10,0,10,0,0,16,4,20,0,0,26,4,30,0,0,0,30
06/05/2017,JEF,MO,ACE,CE,Federal Contract Tower,0,1,13,0,14,0,1,36,3,40,0,2,49,3,54,88,0,88,142
06/06/2017,JEF,MO,ACE,CE,Federal Contract Tower,0,0,17,6,23,0,2,63,8,73,0,2,80,14,96,72,10,82,178
06/07/2017,JEF,MO,ACE,CE,Federal Contract Tower,0,0,21,3,24,0,0,41,12,53,0,0,62,15,77,2,38,40,117
06/08/2017,JEF,MO,ACE,CE,Federal Contract Tower,0,0,21,1,22,0,1,35,11,47,0,1,56,12,69,26,20,46,115
06/09/2017,JEF,MO,ACE,CE,Federal Contract Tower,0,3,16,3,22,0,2,82,14,98,0,5,98,17,120,40,34,74,194
06/10/2017,JEF,MO,ACE,CE,Federal Contract Tower,0,0,4,0,4,0,2,111,6,119,0,2,115,6,123,0,0,0,123
06/11/2017,JEF,MO,ACE,CE,Federal Contract Tower,0,4,9,2,15,0,0,63,0,63,0,4,72,2,78,56,0,56,134
06/12/2017,JEF,MO,ACE,CE,Federal Contract Tower,0,2,11,0,13,0,3,38,3,44,0,5,49,3,57,16,0,16,73
06/13/2017,JEF,MO,ACE,CE,Federal Contract Tower,0,1,20,0,21,0,5,53,0,58,0,6,73,0,79,28,0,28,107
06/14/2017,JEF,MO,ACE,CE,Federal Contract Tower,0,5,17,0,22,0,2,21,4,27,0,7,38,4,49,30,0,30,79
06/15/2017,JEF,MO,ACE,CE,Federal Contract Tower,0,3,15,0,18,0,8,44,10,62,0,11,59,10,80,26,0,26,106
06/16/2017,JEF,MO,ACE,CE,Federal Contract Tower,0,3,8,0,11,0,14,39,9,62,0,17,47,9,73,58,0,58,131
06/17/2017,JEF,MO,ACE,CE,Federal Contract Tower,0,0,9,0,9,0,0,11,1,12,0,0,20,1,21,14,0,14,35
06/18/2017,JEF,MO,ACE,CE,Federal Contract Tower,0,0,4,0,4,0,4,27,0,31,0,4,31,0,35,32,0,32,67
06/19/2017,JEF,MO,ACE,CE,Federal Contract Tower,0,2,13,0,15,0,4,45,16,65,0,6,58,16,80,52,10,62,142
06/20/2017,JEF,MO,ACE,CE,Federal Contract Tower,0,0,17,0,17,0,4,46,7,57,0,4,63,7,74,32,24,56,130
06/21/2017,JEF,MO,ACE,CE,Federal Contract Tower,0,0,6,3,9,0,2,49,6,57,0,2,55,9,66,62,0,62,128
06/22/2017,JEF,MO,ACE,CE,Federal Contract Tower,0,1,28,2,31,0,0,27,1,28,0,1,55,3,59,64,0,64,123
06/23/2017,JEF,MO,ACE,CE,Federal Contract Tower,0,4,5,1,10,0,0,34,2,36,0,4,39,3,46,16,0,16,62
06/24/2017,JEF,MO,ACE,CE,Federal Contract Tower,0,0,6,0,6,0,0,22,0,22,0,0,28,0,28,42,0,42,70
06/25/2017,JEF,MO,ACE,CE,Federal Contract Tower,0,0,3,0,3,0,4,37,0,41,0,4,40,0,44,18,0,18,62
06/26/2017,JEF,MO,ACE,CE,Federal Contract Tower,0,0,13,0,13,0,4,39,1,44,0,4,52,1,57,34,0,34,91
06/27/2017,JEF,MO,ACE,CE,Federal Contract Tower,0,0,16,0,16,0,2,39,2,43,0,2,55,2,59,0,0,0,59
06/28/2017,JEF,MO,ACE,CE,Federal Contract Tower,0,2,22,0,24,0,1,25,10,36,0,3,47,10,60,36,0,36,96
06/29/2017,JEF,MO,ACE,CE,Federal Contract Tower,0,0,28,0,28,0,0,18,4,22,0,0,46,4,50,8,20,28,78
06/30/2017,JEF,MO,ACE,CE,Federal Contract Tower,0,2,15,0,17,0,0,21,0,21,0,2,36,0,38,0,20,20,58
07/01/2017,JEF,MO,ACE,CE,Federal Contract Tower,0,0,5,0,5,0,0,22,0,22,0,0,27,0,27,72,0,72,99
07/02/2017,JEF,MO,ACE,CE,Federal Contract Tower,0,0,4,0,4,0,0,16,0,16,0,0,20,0,20,82,0,82,102
07/03/2017,JEF,MO,ACE,CE,Federal Contract Tower,0,0,8,1,9,0,6,32,0,38,0,6,40,1,47,32,0,32,79
07/04/2017,JEF,MO,ACE,CE,Federal Contract Tower,0,0,3,0,3,0,0,22,0,22,0,0,25,0,25,8,0,8,33
07/05/2017,JEF,MO,ACE,CE,Federal Contract Tower,0,2,6,0,8,0,0,3,0,3,0,2,9,0,11,0,0,0,11
07/06/2017,JEF,MO,ACE,CE,Federal Contract Tower,0,0,21,0,21,0,6,31,5,42,0,6,52,5,63,2,0,2,65
07/07/2017,JEF,MO,ACE,CE,Federal Contract Tower,0,0,11,0,11,0,0,52,2,54,0,0,63,2,65,54,0,54,119
07/08/2017,JEF,MO,ACE,CE,Federal Contract Tower,0,0,2,0,2,0,4,29,6,39,0,4,31,6,41,60,0,60,101
07/09/2017,JEF,MO,ACE,CE,Federal Contract Tower,0,0,2,2,4,0,0,28,9,37,0,0,30,11,41,46,2,48,89
07/10/2017,JEF,MO,ACE,CE,Federal Contract Tower,0,0,13,0,13,0,0,28,2,30,0,0,41,2,43,50,0,50,93
07/11/2017,JEF,MO,ACE,CE,Federal Contract Tower,0,1,18,5,24,0,2,39,13,54,0,3,57,18,78,18,0,18,96
07/12/2017,JEF,MO,ACE,CE,Federal Contract Tower,0,3,17,3,23,0,0,31,12,43,0,3,48,15,66,30,4,34,100
07/13/2017,JEF,MO,ACE,CE,Federal Contract Tower,0,1,19,2,22,0,4,47,11,62,0,5,66,13,84,18,8,26,110
07/14/2017,JEF,MO,ACE,CE,Federal Contract Tower,0,1,15,0,16,0,0,33,6,39,0,1,48,6,55,8,8,16,71
07/15/2017,JEF,MO,ACE,CE,Federal Contract Tower,0,0,4,0,4,0,2,34,0,36,0,2,38,0,40,28,0,28,68
07/16/2017,JEF,MO,ACE,CE,Federal Contract Tower,0,1,9,1,11,0,0,34,1,35,0,1,43,2,46,58,0,58,104
07/17/2017,JEF,MO,ACE,CE,Federal Contract Tower,0,1,14,1,16,0,3,50,9,62,0,4,64,10,78,50,10,60,138
07/18/2017,JEF,MO,ACE,CE,Federal Contract Tower,0,0,13,0,13,0,0,46,10,56,0,0,59,10,69,46,0,46,115
07/19/2017,JEF,MO,ACE,CE,Federal Contract Tower,0,1,14,3,18,0,0,23,23,46,0,1,37,26,64,20,2,22,86
07/20/2017,JEF,MO,ACE,CE,Federal Contract Tower,0,4,14,0,18,0,0,36,14,50,0,4,50,14,68,6,2,8,76
07/21/2017,JEF,MO,ACE,CE,Federal Contract Tower,0,0,6,1,7,0,1,46,3,50,0,1,52,4,57,2,0,2,59
07/22/2017,JEF,MO,ACE,CE,Federal Contract Tower,0,0,10,0,10,0,8,23,0,31,0,8,33,0,41,26,0,26,67
07/23/2017,JEF,MO,ACE,CE,Federal Contract Tower,0,0,8,0,8,0,6,39,0,45,0,6,47,0,53,42,0,42,95
07/24/2017,JEF,MO,ACE,CE,Federal Contract Tower,0,1,15,0,16,0,0,39,2,41,0,1,54,2,57,106,0,106,163
07/25/2017,JEF,MO,ACE,CE,Federal Contract Tower,0,0,22,2,24,0,2,43,21,66,0,2,65,23,90,84,20,104,194
07/26/2017,JEF,MO,ACE,CE,Federal Contract Tower,0,0,16,2,18,0,0,43,3,46,0,0,59,5,64,50,16,66,130
07/27/2017,JEF,MO,ACE,CE,Federal Contract Tower,0,0,25,1,26,0,0,12,8,20,0,0,37,9,46,12,20,32,78
07/28/2017,JEF,MO,ACE,CE,Federal Contract Tower,0,0,10,0,10,0,4,64,6,74,0,4,74,6,84,16,16,32,116
07/29/2017,JEF,MO,ACE,CE,Federal Contract Tower,0,0,8,0,8,0,2,32,0,34,0,2,40,0,42,18,0,18,60
07/30/2017,JEF,MO,ACE,CE,Federal Contract Tower,0,0,11,0,11,0,0,44,4,48,0,0,55,4,59,68,0,68,127
07/31/2017,JEF,MO,ACE,CE,Federal Contract Tower,0,0,9,2,11,0,0,28,2,30,0,0,37,4,41,56,12,68,109
08/01/2017,JEF,MO,ACE,CE,Federal Contract Tower,0,0,16,0,16,0,2,37,17,56,0,2,53,17,72,50,22,72,144
08/02/2017,JEF,MO,ACE,CE,Federal Contract Tower,0,0,17,4,21,0,6,45,8,59,0,6,62,12,80,48,12,60,140
08/03/2017,JEF,MO,ACE,CE,Federal Contract Tower,0,1,16,1,18,0,0,30,5,35,0,1,46,6,53,44,10,54,107
08/04/2017,JEF,MO,ACE,CE,Federal Contract Tower,0,0,9,1,10,0,7,38,1,46,0,7,47,2,56,80,0,80,136
08/05/2017,JEF,MO,ACE,CE,Federal Contract Tower,0,0,0,0,0,0,0,0,0,0,0,0,0,0,0,0,0,0,0
08/06/2017,JEF,MO,ACE,CE,Federal Contract Tower,0,0,0,0,0,0,0,0,0,0,0,0,0,0,0,0,0,0,0
08/07/2017,JEF,MO,ACE,CE,Federal Contract Tower,0,0,13,1,14,0,2,37,0,39,0,2,50,1,53,62,0,62,115
08/08/2017,JEF,MO,ACE,CE,Federal Contract Tower,0,0,17,2,19,0,4,26,9,39,0,4,43,11,58,44,0,44,102
08/09/2017,JEF,MO,ACE,CE,Federal Contract Tower,0,2,17,1,20,0,5,32,8,45,0,7,49,9,65,64,0,64,129
08/10/2017,JEF,MO,ACE,CE,Federal Contract Tower,0,2,20,2,24,0,0,50,7,57,0,2,70,9,81,90,2,92,173
08/11/2017,JEF,MO,ACE,CE,Federal Contract Tower,0,0,15,1,16,0,1,20,5,26,0,1,35,6,42,0,10,10,52
08/12/2017,JEF,MO,ACE,CE,Federal Contract Tower,0,0,9,0,9,0,1,17,1,19,0,1,26,1,28,22,0,22,50
08/13/2017,JEF,MO,ACE,CE,Federal Contract Tower,0,0,7,0,7,0,2,28,4,34,0,2,35,4,41,0,10,10,51
08/14/2017,JEF,MO,ACE,CE,Federal Contract Tower,0,3,18,5,26,0,2,39,3,44,0,5,57,8,70,50,0,50,120
08/15/2017,JEF,MO,ACE,CE,Federal Contract Tower,0,6,18,4,28,0,4,29,32,65,0,10,47,36,93,18,8,26,119
08/16/2017,JEF,MO,ACE,CE,Federal Contract Tower,0,2,19,3,24,0,0,8,2,10,0,2,27,5,34,46,4,50,84
08/17/2017,JEF,MO,ACE,CE,Federal Contract Tower,0,0,25,1,26,0,0,15,2,17,0,0,40,3,43,52,6,58,101
08/18/2017,JEF,MO,ACE,CE,Federal Contract Tower,0,2,17,2,21,0,0,54,10,64,0,2,71,12,85,58,0,58,143
08/19/2017,JEF,MO,ACE,CE,Federal Contract Tower,0,0,4,0,4,0,5,29,4,38,0,5,33,4,42,40,0,40,82
08/20/2017,JEF,MO,ACE,CE,Federal Contract Tower,0,2,3,0,5,0,2,26,0,28,0,4,29,0,33,8,0,8,41
08/21/2017,JEF,MO,ACE,CE,Federal Contract Tower,0,8,58,3,69,0,0,148,2,150,0,8,206,5,219,0,0,0,219
08/22/2017,JEF,MO,ACE,CE,Federal Contract Tower,0,2,18,5,25,0,2,18,12,32,0,4,36,17,57,22,4,26,83
08/23/2017,JEF,MO,ACE,CE,Federal Contract Tower,0,0,27,0,27,0,0,93,8,101,0,0,120,8,128,114,2,116,244
08/24/2017,JEF,MO,ACE,CE,Federal Contract Tower,0,1,8,2,11,0,0,44,21,65,0,1,52,23,76,34,20,54,130
08/25/2017,JEF,MO,ACE,CE,Federal Contract Tower,0,2,19,0,21,0,1,38,4,43,0,3,57,4,64,18,16,34,98
08/26/2017,JEF,MO,ACE,CE,Federal Contract Tower,0,2,9,0,11,0,0,28,0,28,0,2,37,0,39,12,0,12,51
08/27/2017,JEF,MO,ACE,CE,Federal Contract Tower,0,0,9,1,10,0,0,15,0,15,0,0,24,1,25,44,0,44,69
08/28/2017,JEF,MO,ACE,CE,Federal Contract Tower,0,0,11,3,14,0,2,28,5,35,0,2,39,8,49,12,0,12,61
08/29/2017,JEF,MO,ACE,CE,Federal Contract Tower,0,0,4,2,6,0,6,33,17,56,0,6,37,19,62,18,38,56,118
08/30/2017,JEF,MO,ACE,CE,Federal Contract Tower,0,0,23,2,25,0,3,49,11,63,0,3,72,13,88,52,4,56,144
08/31/2017,JEF,MO,ACE,CE,Federal Contract Tower,0,2,25,2,29,0,8,14,7,29,0,10,39,9,58,34,6,40,98
09/01/2017,JEF,MO,ACE,CE,Federal Contract Tower,0,4,19,0,23,0,0,22,4,26,0,4,41,4,49,8,0,8,57
09/02/2017,JEF,MO,ACE,CE,Federal Contract Tower,0,0,5,0,5,0,0,13,0,13,0,0,18,0,18,22,0,22,40
09/03/2017,JEF,MO,ACE,CE,Federal Contract Tower,0,0,2,0,2,0,0,35,0,35,0,0,37,0,37,52,0,52,89
09/04/2017,JEF,MO,ACE,CE,Federal Contract Tower,0,4,4,0,8,0,3,19,0,22,0,7,23,0,30,22,0,22,52
09/05/2017,JEF,MO,ACE,CE,Federal Contract Tower,0,0,26,2,28,0,0,48,20,68,0,0,74,22,96,34,8,42,138
09/06/2017,JEF,MO,ACE,CE,Federal Contract Tower,0,2,26,1,29,0,0,50,7,57,0,2,76,8,86,39,18,57,143
09/07/2017,JEF,MO,ACE,CE,Federal Contract Tower,0,2,25,3,30,0,2,35,15,52,0,4,60,18,82,14,8,22,104
09/08/2017,JEF,MO,ACE,CE,Federal Contract Tower,0,2,29,0,31,0,0,43,10,53,0,2,72,10,84,30,0,30,114
09/09/2017,JEF,MO,ACE,CE,Federal Contract Tower,0,1,10,2,13,0,0,29,16,45,0,1,39,18,58,22,14,36,94
09/10/2017,JEF,MO,ACE,CE,Federal Contract Tower,0,0,7,0,7,0,2,18,4,24,0,2,25,4,31,0,0,0,31
09/11/2017,JEF,MO,ACE,CE,Federal Contract Tower,0,0,9,1,10,0,3,47,3,53,0,3,56,4,63,66,0,66,129
09/12/2017,JEF,MO,ACE,CE,Federal Contract Tower,0,2,18,0,20,0,0,27,9,36,0,2,45,9,56,10,2,12,68
09/13/2017,JEF,MO,ACE,CE,Federal Contract Tower,0,4,15,0,19,0,4,44,4,52,0,8,59,4,71,34,0,34,105
09/14/2017,JEF,MO,ACE,CE,Federal Contract Tower,0,4,19,0,23,0,6,32,6,44,0,10,51,6,67,28,8,36,103
09/15/2017,JEF,MO,ACE,CE,Federal Contract Tower,0,2,12,3,17,0,2,46,11,59,0,4,58,14,76,14,10,24,100
09/16/2017,JEF,MO,ACE,CE,Federal Contract Tower,0,0,1,0,1,0,0,16,0,16,0,0,17,0,17,40,0,40,57
09/17/2017,JEF,MO,ACE,CE,Federal Contract Tower,0,0,13,0,13,0,0,9,0,9,0,0,22,0,22,0,0,0,22
09/18/2017,JEF,MO,ACE,CE,Federal Contract Tower,0,0,20,1,21,0,0,14,9,23,0,0,34,10,44,68,18,86,130
09/19/2017,JEF,MO,ACE,CE,Federal Contract Tower,0,2,14,4,20,0,2,36,9,47,0,4,50,13,67,64,36,100,167
09/20/2017,JEF,MO,ACE,CE,Federal Contract Tower,0,0,20,0,20,0,0,26,9,35,0,0,46,9,55,26,14,40,95
09/21/2017,JEF,MO,ACE,CE,Federal Contract Tower,0,2,20,4,26,0,2,36,12,50,0,4,56,16,76,30,0,30,106
09/22/2017,JEF,MO,ACE,CE,Federal Contract Tower,0,2,17,3,22,0,0,33,1,34,0,2,50,4,56,32,0,32,88
09/23/2017,JEF,MO,ACE,CE,Federal Contract Tower,0,2,3,0,5,0,1,33,0,34,0,3,36,0,39,60,0,60,99
09/24/2017,JEF,MO,ACE,CE,Federal Contract Tower,0,0,5,0,5,0,0,22,0,22,0,0,27,0,27,10,0,10,37
09/25/2017,JEF,MO,ACE,CE,Federal Contract Tower,0,0,7,4,11,0,5,39,3,47,0,5,46,7,58,50,0,50,108
09/26/2017,JEF,MO,ACE,CE,Federal Contract Tower,0,3,18,5,26,0,4,34,12,50,0,7,52,17,76,24,14,38,114
09/27/2017,JEF,MO,ACE,CE,Federal Contract Tower,0,1,28,0,29,0,4,21,5,30,0,5,49,5,59,42,0,42,101
09/28/2017,JEF,MO,ACE,CE,Federal Contract Tower,0,3,22,2,27,0,0,37,7,44,0,3,59,9,71,28,0,28,99
09/29/2017,JEF,MO,ACE,CE,Federal Contract Tower,0,0,12,1,13,0,2,37,2,41,0,2,49,3,54,22,0,22,76
09/30/2017,JEF,MO,ACE,CE,Federal Contract Tower,0,0,11,0,11,0,2,49,0,51,0,2,60,0,62,64,0,64,126
10/01/2017,JEF,MO,ACE,CE,Federal Contract Tower,0,0,2,0,2,0,4,31,0,35,0,4,33,0,37,60,0,60,97
10/02/2017,JEF,MO,ACE,CE,Federal Contract Tower,0,0,14,2,16,0,2,38,8,48,0,2,52,10,64,30,0,30,94
10/03/2017,JEF,MO,ACE,CE,Federal Contract Tower,0,2,15,2,19,0,0,15,3,18,0,2,30,5,37,0,0,0,37
10/04/2017,JEF,MO,ACE,CE,Federal Contract Tower,0,0,22,0,22,0,0,4,0,4,0,0,26,0,26,10,0,10,36
10/05/2017,JEF,MO,ACE,CE,Federal Contract Tower,0,0,25,1,26,0,0,12,2,14,0,0,37,3,40,6,0,6,46
10/06/2017,JEF,MO,ACE,CE,Federal Contract Tower,0,2,10,0,12,0,6,27,0,33,0,8,37,0,45,22,0,22,67
10/07/2017,JEF,MO,ACE,CE,Federal Contract Tower,0,0,2,0,2,0,1,8,0,9,0,1,10,0,11,10,0,10,21
10/08/2017,JEF,MO,ACE,CE,Federal Contract Tower,0,0,14,0,14,0,0,45,0,45,0,0,59,0,59,90,0,90,149
10/09/2017,JEF,MO,ACE,CE,Federal Contract Tower,0,0,11,0,11,0,2,26,2,30,0,2,37,2,41,2,0,2,43
10/10/2017,JEF,MO,ACE,CE,Federal Contract Tower,0,0,17,2,19,0,0,1,1,2,0,0,18,3,21,0,0,0,21
10/11/2017,JEF,MO,ACE,CE,Federal Contract Tower,0,4,22,4,30,0,0,4,0,4,0,4,26,4,34,10,72,82,116
10/12/2017,JEF,MO,ACE,CE,Federal Contract Tower,0,5,34,1,40,0,1,15,4,20,0,6,49,5,60,10,0,10,70
10/13/2017,JEF,MO,ACE,CE,Federal Contract Tower,0,11,20,0,31,0,4,63,7,74,0,15,83,7,105,78,0,78,183
10/14/2017,JEF,MO,ACE,CE,Federal Contract Tower,0,1,7,0,8,0,8,36,5,49,0,9,43,5,57,10,0,10,67
10/15/2017,JEF,MO,ACE,CE,Federal Contract Tower,0,0,5,1,6,0,2,22,2,26,0,2,27,3,32,26,6,32,64
10/16/2017,JEF,MO,ACE,CE,Federal Contract Tower,0,0,27,1,28,0,2,37,7,46,0,2,64,8,74,70,0,70,144
10/17/2017,JEF,MO,ACE,CE,Federal Contract Tower,0,2,11,2,15,0,6,30,8,44,0,8,41,10,59,80,20,100,159
10/18/2017,JEF,MO,ACE,CE,Federal Contract Tower,0,3,17,0,20,0,0,52,8,60,0,3,69,8,80,56,2,58,138
10/19/2017,JEF,MO,ACE,CE,Federal Contract Tower,0,1,19,1,21,0,0,31,7,38,0,1,50,8,59,36,0,36,95
10/20/2017,JEF,MO,ACE,CE,Federal Contract Tower,0,0,9,0,9,0,0,60,4,64,0,0,69,4,73,12,0,12,85
10/21/2017,JEF,MO,ACE,CE,Federal Contract Tower,0,0,1,1,2,0,0,1,0,1,0,0,2,1,3,0,0,0,3
10/22/2017,JEF,MO,ACE,CE,Federal Contract Tower,0,4,8,2,14,0,0,5,0,5,0,4,13,2,19,0,0,0,19
10/23/2017,JEF,MO,ACE,CE,Federal Contract Tower,0,0,16,10,26,0,5,38,9,52,0,5,54,19,78,72,50,122,200
10/24/2017,JEF,MO,ACE,CE,Federal Contract Tower,0,11,16,3,30,0,0,18,13,31,0,11,34,16,61,38,32,70,131
10/25/2017,JEF,MO,ACE,CE,Federal Contract Tower,0,2,23,1,26,0,4,22,13,39,0,6,45,14,65,0,2,2,67
10/26/2017,JEF,MO,ACE,CE,Federal Contract Tower,0,3,31,2,36,0,3,40,20,63,0,6,71,22,99,0,30,30,129
10/27/2017,JEF,MO,ACE,CE,Federal Contract Tower,0,4,16,2,22,0,1,31,3,35,0,5,47,5,57,22,6,28,85
10/28/2017,JEF,MO,ACE,CE,Federal Contract Tower,0,0,6,0,6,0,2,16,0,18,0,2,22,0,24,32,0,32,56
10/29/2017,JEF,MO,ACE,CE,Federal Contract Tower,0,0,5,0,5,0,7,44,0,51,0,7,49,0,56,18,0,18,74
10/30/2017,JEF,MO,ACE,CE,Federal Contract Tower,0,4,15,2,21,0,0,21,0,21,0,4,36,2,42,0,58,58,100
10/31/2017,JEF,MO,ACE,CE,Federal Contract Tower,0,8,12,4,24,0,4,46,5,55,0,12,58,9,79,84,22,106,185
11/01/2017,JEF,MO,ACE,CE,Federal Contract Tower,0,0,20,2,22,0,0,7,0,7,0,0,27,2,29,4,0,4,33
11/02/2017,JEF,MO,ACE,CE,Federal Contract Tower,0,3,11,0,14,0,0,26,4,30,0,3,37,4,44,12,16,28,72
11/03/2017,JEF,MO,ACE,CE,Federal Contract Tower,0,0,12,0,12,0,0,24,0,24,0,0,36,0,36,24,0,24,60
11/04/2017,JEF,MO,ACE,CE,Federal Contract Tower,0,0,12,5,17,0,0,11,5,16,0,0,23,10,33,0,4,4,37
11/05/2017,JEF,MO,ACE,CE,Federal Contract Tower,0,2,7,2,11,0,0,1,0,1,0,2,8,2,12,0,0,0,12
11/06/2017,JEF,MO,ACE,CE,Federal Contract Tower,0,0,12,0,12,0,0,10,0,10,0,0,22,0,22,40,0,40,62
11/07/2017,JEF,MO,ACE,CE,Federal Contract Tower,0,4,17,2,23,0,1,19,2,22,0,5,36,4,45,0,0,0,45
11/08/2017,JEF,MO,ACE,CE,Federal Contract Tower,0,0,20,0,20,0,2,38,12,52,0,2,58,12,72,60,8,68,140
11/10/2017,JEF,MO,ACE,CE,Federal Contract Tower,0,1,16,0,17,0,4,29,0,33,0,5,45,0,50,50,0,50,100
11/11/2017,JEF,MO,ACE,CE,Federal Contract Tower,0,0,2,2,4,0,2,30,1,33,0,2,32,3,37,18,0,18,55
11/12/2017,JEF,MO,ACE,CE,Federal Contract Tower,0,1,8,3,12,0,0,4,0,4,0,1,12,3,16,0,0,0,16
11/13/2017,JEF,MO,ACE,CE,Federal Contract Tower,0,0,20,1,21,0,5,35,2,42,0,5,55,3,63,62,0,62,125
11/14/2017,JEF,MO,ACE,CE,Federal Contract Tower,0,8,15,3,26,0,0,2,7,9,0,8,17,10,35,30,2,32,67
11/17/2017,JEF,MO,ACE,CE,Federal Contract Tower,0,0,4,2,6,0,0,13,5,18,0,0,17,7,24,8,0,8,32
11/18/2017,JEF,MO,ACE,CE,Federal Contract Tower,0,0,3,0,3,0,0,0,0,0,0,0,3,0,3,0,0,0,3
11/19/2017,JEF,MO,ACE,CE,Federal Contract Tower,0,0,10,0,10,0,2,36,0,38,0,2,46,0,48,14,0,14,62
11/20/2017,JEF,MO,ACE,CE,Federal Contract Tower,0,4,6,2,12,0,0,14,2,16,0,4,20,4,28,42,0,42,70
11/21/2017,JEF,MO,ACE,CE,Federal Contract Tower,0,2,18,2,22,0,2,36,8,46,0,4,54,10,68,54,22,76,144
11/22/2017,JEF,MO,ACE,CE,Federal Contract Tower,0,1,10,3,14,0,3,43,3,49,0,4,53,6,63,34,0,34,97
11/23/2017,JEF,MO,ACE,CE,Federal Contract Tower,0,0,0,0,0,0,0,11,0,11,0,0,11,0,11,8,0,8,19
11/24/2017,JEF,MO,ACE,CE,Federal Contract Tower,0,0,2,0,2,0,4,19,0,23,0,4,21,0,25,0,0,0,25
11/25/2017,JEF,MO,ACE,CE,Federal Contract Tower,0,0,9,0,9,0,3,34,0,37,0,3,43,0,46,14,0,14,60
11/26/2017,JEF,MO,ACE,CE,Federal Contract Tower,0,0,11,0,11,0,2,30,0,32,0,2,41,0,43,4,0,4,47
11/27/2017,JEF,MO,ACE,CE,Federal Contract Tower,0,4,17,0,21,0,7,46,0,53,0,11,63,0,74,32,0,32,106
11/28/2017,JEF,MO,ACE,CE,Federal Contract Tower,0,1,11,2,14,0,2,45,12,59,0,3,56,14,73,48,4,52,125
11/29/2017,JEF,MO,ACE,CE,Federal Contract Tower,0,0,10,3,13,0,6,34,10,50,0,6,44,13,63,48,0,48,111
12/01/2017,JEF,MO,ACE,CE,Federal Contract Tower,0,0,14,0,14,0,7,72,9,88,0,7,86,9,102,80,0,80,182
12/02/2017,JEF,MO,ACE,CE,Federal Contract Tower,0,0,6,1,7,0,9,44,5,58,0,9,50,6,65,44,0,44,109
12/03/2017,JEF,MO,ACE,CE,Federal Contract Tower,0,0,7,0,7,0,4,35,13,52,0,4,42,13,59,62,0,62,121
12/04/2017,JEF,MO,ACE,CE,Federal Contract Tower,0,0,6,4,10,0,0,13,0,13,0,0,19,4,23,0,0,0,23
12/05/2017,JEF,MO,ACE,CE,Federal Contract Tower,0,0,9,2,11,0,6,22,7,35,0,6,31,9,46,8,8,16,62
12/06/2017,JEF,MO,ACE,CE,Federal Contract Tower,0,7,7,2,16,0,2,42,4,48,0,9,49,6,64,78,0,78,142
12/07/2017,JEF,MO,ACE,CE,Federal Contract Tower,0,3,12,0,15,0,0,25,12,37,0,3,37,12,52,0,6,6,58
12/08/2017,JEF,MO,ACE,CE,Federal Contract Tower,0,2,17,4,23,0,9,50,17,76,0,11,67,21,99,72,4,76,175
12/09/2017,JEF,MO,ACE,CE,Federal Contract Tower,0,0,2,0,2,0,4,17,0,21,0,4,19,0,23,30,0,30,53
12/10/2017,JEF,MO,ACE,CE,Federal Contract Tower,0,0,5,0,5,0,0,35,0,35,0,0,40,0,40,40,0,40,80
12/11/2017,JEF,MO,ACE,CE,Federal Contract Tower,0,2,20,2,24,0,0,14,2,16,0,2,34,4,40,12,0,12,52
12/12/2017,JEF,MO,ACE,CE,Federal Contract Tower,0,2,21,4,27,0,10,44,7,61,0,12,65,11,88,42,2,44,132
12/13/2017,JEF,MO,ACE,CE,Federal Contract Tower,0,1,15,0,16,0,0,31,16,47,0,1,46,16,63,8,0,8,71
12/14/2017,JEF,MO,ACE,CE,Federal Contract Tower,0,3,20,0,23,0,1,36,3,40,0,4,56,3,63,6,0,6,69
12/15/2017,JEF,MO,ACE,CE,Federal Contract Tower,0,2,7,2,11,0,3,39,2,44,0,5,46,4,55,28,0,28,83
12/16/2017,JEF,MO,ACE,CE,Federal Contract Tower,0,0,2,0,2,0,2,27,0,29,0,2,29,0,31,14,0,14,45
12/17/2017,JEF,MO,ACE,CE,Federal Contract Tower,0,3,5,0,8,0,0,0,0,0,0,3,5,0,8,0,0,0,8
12/18/2017,JEF,MO,ACE,CE,Federal Contract Tower,0,0,19,4,23,0,4,37,2,43,0,4,56,6,66,70,0,70,136
12/19/2017,JEF,MO,ACE,CE,Federal Contract Tower,0,0,23,5,28,0,0,21,2,23,0,0,44,7,51,18,20,38,89
12/20/2017,JEF,MO,ACE,CE,Federal Contract Tower,0,5,19,0,24,0,1,80,4,85,0,6,99,4,109,142,0,142,251
12/21/2017,JEF,MO,ACE,CE,Federal Contract Tower,0,0,17,0,17,0,0,21,2,23,0,0,38,2,40,22,0,22,62
12/22/2017,JEF,MO,ACE,CE,Federal Contract Tower,0,0,7,0,7,0,0,4,0,4,0,0,11,0,11,0,0,0,11
12/23/2017,JEF,MO,ACE,CE,Federal Contract Tower,0,0,9,0,9,0,0,28,0,28,0,0,37,0,37,12,0,12,49
12/24/2017,JEF,MO,ACE,CE,Federal Contract Tower,0,0,2,0,2,0,3,1,0,4,0,3,3,0,6,0,0,0,6
12/25/2017,JEF,MO,ACE,CE,Federal Contract Tower,0,1,2,0,3,0,0,6,0,6,0,1,8,0,9,16,0,16,25
12/26/2017,JEF,MO,ACE,CE,Federal Contract Tower,0,1,6,0,7,0,0,5,0,5,0,1,11,0,12,12,0,12,24
12/27/2017,JEF,MO,ACE,CE,Federal Contract Tower,0,0,9,3,12,0,0,23,7,30,0,0,32,10,42,10,10,20,62
12/28/2017,JEF,MO,ACE,CE,Federal Contract Tower,0,0,7,0,7,0,0,24,7,31,0,0,31,7,38,4,12,16,54
12/29/2017,JEF,MO,ACE,CE,Federal Contract Tower,0,0,12,0,12,0,0,15,0,15,0,0,27,0,27,38,0,38,65
12/30/2017,JEF,MO,ACE,CE,Federal Contract Tower,0,0,6,0,6,0,0,6,0,6,0,0,12,0,12,16,0,16,28
12/31/2017,JEF,MO,ACE,CE,Federal Contract Tower,0,2,1,0,3,0,2,5,0,7,0,4,6,0,10,0,0,0,10
01/01/2018,JEF,MO,ACE,CE,Federal Contract Tower,0,0,1,0,1,0,6,17,0,23,0,6,18,0,24,14,0,14,38
01/02/2018,JEF,MO,ACE,CE,Federal Contract Tower,0,2,7,0,9,0,0,40,0,40,0,2,47,0,49,52,0,52,101
01/03/2018,JEF,MO,ACE,CE,Federal Contract Tower,0,2,13,2,17,0,0,27,3,30,0,2,40,5,47,46,10,56,103
01/04/2018,JEF,MO,ACE,CE,Federal Contract Tower,0,2,19,2,23,0,0,35,7,42,0,2,54,9,65,14,8,22,87
01/05/2018,JEF,MO,ACE,CE,Federal Contract Tower,0,2,9,0,11,0,2,30,3,35,0,4,39,3,46,30,0,30,76
01/06/2018,JEF,MO,ACE,CE,Federal Contract Tower,0,2,7,2,11,0,2,23,0,25,0,4,30,2,36,76,0,76,112
01/07/2018,JEF,MO,ACE,CE,Federal Contract Tower,0,0,0,1,1,0,0,0,0,0,0,0,0,1,1,0,0,0,1
01/08/2018,JEF,MO,ACE,CE,Federal Contract Tower,0,0,17,0,17,0,0,0,0,0,0,0,17,0,17,14,0,14,31
01/09/2018,JEF,MO,ACE,CE,Federal Contract Tower,0,5,15,3,23,0,0,0,0,0,0,5,15,3,23,0,20,20,43
01/10/2018,JEF,MO,ACE,CE,Federal Contract Tower,0,2,15,5,22,0,0,21,6,27,0,2,36,11,49,34,4,38,87
01/11/2018,JEF,MO,ACE,CE,Federal Contract Tower,0,1,8,0,9,0,0,2,0,2,0,1,10,0,11,0,0,0,11
01/12/2018,JEF,MO,ACE,CE,Federal Contract Tower,0,1,11,2,14,0,2,23,0,25,0,3,34,2,39,10,0,10,49
01/13/2018,JEF,MO,ACE,CE,Federal Contract Tower,0,0,15,0,15,0,8,26,0,34,0,8,41,0,49,0,0,0,49
01/14/2018,JEF,MO,ACE,CE,Federal Contract Tower,0,0,4,0,4,0,0,1,0,1,0,0,5,0,5,0,0,0,5
01/15/2018,JEF,MO,ACE,CE,Federal Contract Tower,0,0,6,2,8,0,0,7,0,7,0,0,13,2,15,0,0,0,15
01/16/2018,JEF,MO,ACE,CE,Federal Contract Tower,0,0,16,0,16,0,0,12,0,12,0,0,28,0,28,0,0,0,28
01/17/2018,JEF,MO,ACE,CE,Federal Contract Tower,0,2,20,0,22,0,6,35,11,52,0,8,55,11,74,32,28,60,134
01/18/2018,JEF,MO,ACE,CE,Federal Contract Tower,0,5,20,2,27,0,0,38,9,47,0,5,58,11,74,42,8,50,124
01/19/2018,JEF,MO,ACE,CE,Federal Contract Tower,0,0,6,2,8,0,0,53,8,61,0,0,59,10,69,54,0,54,123
01/20/2018,JEF,MO,ACE,CE,Federal Contract Tower,0,2,4,0,6,0,3,14,0,17,0,5,18,0,23,16,0,16,39
01/21/2018,JEF,MO,ACE,CE,Federal Contract Tower,0,0,5,0,5,0,1,2,0,3,0,1,7,0,8,0,0,0,8
01/22/2018,JEF,MO,ACE,CE,Federal Contract Tower,0,0,7,0,7,0,0,4,0,4,0,0,11,0,11,0,0,0,11
01/23/2018,JEF,MO,ACE,CE,Federal Contract Tower,0,0,12,0,12,0,0,16,5,21,0,0,28,5,33,86,0,86,119
01/24/2018,JEF,MO,ACE,CE,Federal Contract Tower,0,0,25,2,27,0,8,43,8,59,0,8,68,10,86,28,30,58,144
01/25/2018,JEF,MO,ACE,CE,Federal Contract Tower,0,2,12,3,17,0,0,37,17,54,0,2,49,20,71,20,14,34,105
01/26/2018,JEF,MO,ACE,CE,Federal Contract Tower,0,0,9,2,11,0,0,13,13,26,0,0,22,15,37,22,10,32,69
01/27/2018,JEF,MO,ACE,CE,Federal Contract Tower,0,0,4,0,4,0,10,19,0,29,0,10,23,0,33,36,0,36,69
01/28/2018,JEF,MO,ACE,CE,Federal Contract Tower,0,0,5,4,9,0,0,21,1,22,0,0,26,5,31,40,0,40,71
01/29/2018,JEF,MO,ACE,CE,Federal Contract Tower,0,2,11,4,17,0,0,37,0,37,0,2,48,4,54,52,0,52,106
01/30/2018,JEF,MO,ACE,CE,Federal Contract Tower,0,0,26,4,30,0,0,46,15,61,0,0,72,19,91,36,0,36,127
01/31/2018,JEF,MO,ACE,CE,Federal Contract Tower,0,0,10,1,11,0,0,51,8,59,0,0,61,9,70,76,2,78,148
02/01/2018,JEF,MO,ACE,CE,Federal Contract Tower,0,0,30,6,36,0,2,31,5,38,0,2,61,11,74,24,2,26,100
02/02/2018,JEF,MO,ACE,CE,Federal Contract Tower,0,1,16,2,19,0,4,41,10,55,0,5,57,12,74,20,2,22,96
02/03/2018,JEF,MO,ACE,CE,Federal Contract Tower,0,1,8,0,9,0,0,3,0,3,0,1,11,0,12,10,0,10,22
02/04/2018,JEF,MO,ACE,CE,Federal Contract Tower,0,0,9,2,11,0,8,2,0,10,0,8,11,2,21,0,0,0,21
02/05/2018,JEF,MO,ACE,CE,Federal Contract Tower,0,0,12,2,14,0,0,17,2,19,0,0,29,4,33,2,0,2,35
02/06/2018,JEF,MO,ACE,CE,Federal Contract Tower,0,2,17,0,19,0,0,10,7,17,0,2,27,7,36,0,0,0,36
02/07/2018,JEF,MO,ACE,CE,Federal Contract Tower,0,4,8,5,17,0,2,24,12,38,0,6,32,17,55,44,2,46,101
02/08/2018,JEF,MO,ACE,CE,Federal Contract Tower,0,0,23,1,24,0,3,38,12,53,0,3,61,13,77,30,0,30,107
02/09/2018,JEF,MO,ACE,CE,Federal Contract Tower,0,0,22,3,25,0,2,41,10,53,0,2,63,13,78,16,0,16,94
02/10/2018,JEF,MO,ACE,CE,Federal Contract Tower,0,2,5,0,7,0,0,0,0,0,0,2,5,0,7,0,0,0,7
02/11/2018,JEF,MO,ACE,CE,Federal Contract Tower,0,0,1,0,1,0,4,0,0,4,0,4,1,0,5,0,0,0,5
02/12/2018,JEF,MO,ACE,CE,Federal Contract Tower,0,0,10,2,12,0,2,44,2,48,0,2,54,4,60,18,64,82,142
02/13/2018,JEF,MO,ACE,CE,Federal Contract Tower,0,0,26,2,28,0,1,44,3,48,0,1,70,5,76,10,0,10,86
02/14/2018,JEF,MO,ACE,CE,Federal Contract Tower,0,0,13,1,14,0,0,10,1,11,0,0,23,2,25,22,0,22,47
02/15/2018,JEF,MO,ACE,CE,Federal Contract Tower,0,0,21,0,21,0,2,15,6,23,0,2,36,6,44,8,0,8,52
02/16/2018,JEF,MO,ACE,CE,Federal Contract Tower,0,0,13,0,13,0,0,41,2,43,0,0,54,2,56,34,0,34,90
02/17/2018,JEF,MO,ACE,CE,Federal Contract Tower,0,2,4,0,6,0,0,4,0,4,0,2,8,0,10,0,0,0,10
02/18/2018,JEF,MO,ACE,CE,Federal Contract Tower,0,2,8,0,10,0,2,11,0,13,0,4,19,0,23,14,0,14,37
02/19/2018,JEF,MO,ACE,CE,Federal Contract Tower,0,0,8,0,8,0,0,2,0,2,0,0,10,0,10,34,0,34,44
02/20/2018,JEF,MO,ACE,CE,Federal Contract Tower,0,1,7,0,8,0,0,2,0,2,0,1,9,0,10,0,0,0,10
02/21/2018,JEF,MO,ACE,CE,Federal Contract Tower,0,3,14,1,18,0,0,1,21,22,0,3,15,22,40,0,14,14,54
02/22/2018,JEF,MO,ACE,CE,Federal Contract Tower,0,0,11,0,11,0,0,0,0,0,0,0,11,0,11,0,0,0,11
02/23/2018,JEF,MO,ACE,CE,Federal Contract Tower,0,2,15,2,19,0,0,5,2,7,0,2,20,4,26,30,6,36,62
02/24/2018,JEF,MO,ACE,CE,Federal Contract Tower,0,0,3,0,3,0,0,0,0,0,0,0,3,0,3,0,0,0,3
02/25/2018,JEF,MO,ACE,CE,Federal Contract Tower,0,3,8,0,11,0,12,36,6,54,0,15,44,6,65,68,0,68,133
02/26/2018,JEF,MO,ACE,CE,Federal Contract Tower,0,0,20,1,21,0,6,67,3,76,0,6,87,4,97,60,14,74,171
02/27/2018,JEF,MO,ACE,CE,Federal Contract Tower,0,0,16,3,19,0,0,37,9,46,0,0,53,12,65,8,2,10,75
02/28/2018,JEF,MO,ACE,CE,Federal Contract Tower,0,0,25,2,27,0,0,11,0,11,0,0,36,2,38,30,0,30,68
03/01/2018,JEF,MO,ACE,CE,Federal Contract Tower,0,0,13,0,13,0,5,8,8,21,0,5,21,8,34,2,0,2,36
03/02/2018,JEF,MO,ACE,CE,Federal Contract Tower,0,0,9,4,13,0,1,70,5,76,0,1,79,9,89,110,0,110,199
03/03/2018,JEF,MO,ACE,CE,Federal Contract Tower,0,0,7,0,7,0,4,29,11,44,0,4,36,11,51,40,0,40,91
03/04/2018,JEF,MO,ACE,CE,Federal Contract Tower,0,0,11,0,11,0,0,24,0,24,0,0,35,0,35,14,0,14,49
03/05/2018,JEF,MO,ACE,CE,Federal Contract Tower,0,4,15,4,23,0,8,7,1,16,0,12,22,5,39,4,12,16,55
03/06/2018,JEF,MO,ACE,CE,Federal Contract Tower,0,5,19,3,27,0,0,5,7,12,0,5,24,10,39,2,4,6,45
03/07/2018,JEF,MO,ACE,CE,Federal Contract Tower,0,2,23,2,27,0,0,29,5,34,0,2,52,7,61,20,0,20,81
03/08/2018,JEF,MO,ACE,CE,Federal Contract Tower,0,2,17,4,23,0,0,53,9,62,0,2,70,13,85,108,6,114,199
03/09/2018,JEF,MO,ACE,CE,Federal Contract Tower,0,3,12,2,17,0,0,36,0,36,0,3,48,2,53,42,0,42,95
03/10/2018,JEF,MO,ACE,CE,Federal Contract Tower,0,0,5,0,5,0,2,29,0,31,0,2,34,0,36,52,0,52,88
03/11/2018,JEF,MO,ACE,CE,Federal Contract Tower,0,0,2,0,2,0,0,1,0,1,0,0,3,0,3,0,0,0,3
03/12/2018,JEF,MO,ACE,CE,Federal Contract Tower,0,2,25,2,29,0,2,18,0,20,0,4,43,2,49,16,0,16,65
03/13/2018,JEF,MO,ACE,CE,Federal Contract Tower,0,0,17,3,20,0,0,57,13,70,0,0,74,16,90,60,6,66,156
03/14/2018,JEF,MO,ACE,CE,Federal Contract Tower,0,2,17,4,23,0,2,46,2,50,0,4,63,6,73,72,0,72,145
03/15/2018,JEF,MO,ACE,CE,Federal Contract Tower,0,2,21,0,23,0,10,52,8,70,0,12,73,8,93,60,0,60,153
03/16/2018,JEF,MO,ACE,CE,Federal Contract Tower,0,2,17,2,21,0,0,6,0,6,0,2,23,2,27,10,0,10,37
03/17/2018,JEF,MO,ACE,CE,Federal Contract Tower,0,2,10,0,12,0,0,1,0,1,0,2,11,0,13,30,0,30,43
03/18/2018,JEF,MO,ACE,CE,Federal Contract Tower,0,12,0,0,12,0,0,3,3,6,0,12,3,3,18,2,12,14,32
03/19/2018,JEF,MO,ACE,CE,Federal Contract Tower,0,0,14,4,18,0,0,0,0,0,0,0,14,4,18,0,0,0,18
03/20/2018,JEF,MO,ACE,CE,Federal Contract Tower,0,2,9,2,13,0,0,24,19,43,0,2,33,21,56,22,14,36,92
03/21/2018,JEF,MO,ACE,CE,Federal Contract Tower,0,1,14,4,19,0,0,55,10,65,0,1,69,14,84,114,0,114,198
03/22/2018,JEF,MO,ACE,CE,Federal Contract Tower,0,3,23,0,26,0,0,44,14,58,0,3,67,14,84,36,6,42,126
03/23/2018,JEF,MO,ACE,CE,Federal Contract Tower,0,1,11,4,16,0,0,31,1,32,0,1,42,5,48,34,0,34,82
03/24/2018,JEF,MO,ACE,CE,Federal Contract Tower,0,6,13,0,19,0,1,1,0,2,0,7,14,0,21,0,0,0,21
03/25/2018,JEF,MO,ACE,CE,Federal Contract Tower,0,5,6,1,12,0,1,8,0,9,0,6,14,1,21,0,0,0,21
03/26/2018,JEF,MO,ACE,CE,Federal Contract Tower,0,2,10,0,12,0,0,0,0,0,0,2,10,0,12,0,0,0,12
03/27/2018,JEF,MO,ACE,CE,Federal Contract Tower,0,4,11,1,16,0,0,0,1,1,0,4,11,2,17,0,2,2,19
03/28/2018,JEF,MO,ACE,CE,Federal Contract Tower,0,2,17,2,21,0,0,0,0,0,0,2,17,2,21,0,0,0,21
03/29/2018,JEF,MO,ACE,CE,Federal Contract Tower,0,0,24,2,26,0,0,13,3,16,0,0,37,5,42,8,0,8,50
03/30/2018,JEF,MO,ACE,CE,Federal Contract Tower,0,1,13,4,18,0,9,72,7,88,0,10,85,11,106,68,0,68,174
03/31/2018,JEF,MO,ACE,CE,Federal Contract Tower,0,2,4,0,6,0,0,5,0,5,0,2,9,0,11,0,0,0,11
04/01/2018,JEF,MO,ACE,CE,Federal Contract Tower,0,0,5,0,5,0,0,4,0,4,0,0,9,0,9,22,0,22,31
04/02/2018,JEF,MO,ACE,CE,Federal Contract Tower,0,0,4,0,4,0,0,0,0,0,0,0,4,0,4,0,0,0,4
04/04/2018,JEF,MO,ACE,CE,Federal Contract Tower,0,2,15,1,18,0,3,67,8,78,0,5,82,9,96,146,0,146,242
04/05/2018,JEF,MO,ACE,CE,Federal Contract Tower,0,2,23,3,28,0,4,62,11,77,0,6,85,14,105,64,10,74,179
04/06/2018,JEF,MO,ACE,CE,Federal Contract Tower,0,0,5,0,5,0,0,37,15,52,0,0,42,15,57,24,14,38,95
04/07/2018,JEF,MO,ACE,CE,Federal Contract Tower,0,0,6,0,6,0,11,32,7,50,0,11,38,7,56,98,16,114,170
04/08/2018,JEF,MO,ACE,CE,Federal Contract Tower,0,1,3,0,4,0,0,2,4,6,0,1,5,4,10,20,10,30,40
04/09/2018,JEF,MO,ACE,CE,Federal Contract Tower,0,1,12,2,15,0,5,42,6,53,0,6,54,8,68,98,6,104,172
04/10/2018,JEF,MO,ACE,CE,Federal Contract Tower,0,0,16,4,20,0,6,52,8,66,0,6,68,12,86,102,8,110,196
04/11/2018,JEF,MO,ACE,CE,Federal Contract Tower,0,0,18,0,18,0,0,37,6,43,0,0,55,6,61,6,4,10,71
04/12/2018,JEF,MO,ACE,CE,Federal Contract Tower,0,1,16,1,18,0,2,43,15,60,0,3,59,16,78,22,2,24,102
04/13/2018,JEF,MO,ACE,CE,Federal Contract Tower,0,0,7,3,10,0,0,5,0,5,0,0,12,3,15,0,0,0,15
04/14/2018,JEF,MO,ACE,CE,Federal Contract Tower,0,0,9,1,10,0,0,10,0,10,0,0,19,1,20,2,0,2,22
04/15/2018,JEF,MO,ACE,CE,Federal Contract Tower,0,0,6,0,6,0,0,1,0,1,0,0,7,0,7,0,0,0,7
04/16/2018,JEF,MO,ACE,CE,Federal Contract Tower,0,2,8,2,12,0,0,19,1,20,0,2,27,3,32,10,0,10,42
04/17/2018,JEF,MO,ACE,CE,Federal Contract Tower,0,2,17,2,21,0,2,57,11,70,0,4,74,13,91,112,0,112,203
04/18/2018,JEF,MO,ACE,CE,Federal Contract Tower,0,0,23,2,25,0,0,26,5,31,0,0,49,7,56,0,0,0,56
04/19/2018,JEF,MO,ACE,CE,Federal Contract Tower,0,0,23,4,27,0,4,65,2,71,0,4,88,6,98,36,0,36,134
04/20/2018,JEF,MO,ACE,CE,Federal Contract Tower,0,0,11,0,11,0,4,70,12,86,0,4,81,12,97,56,10,66,163
04/21/2018,JEF,MO,ACE,CE,Federal Contract Tower,0,0,6,0,6,0,0,33,4,37,0,0,39,4,43,42,0,42,85
04/22/2018,JEF,MO,ACE,CE,Federal Contract Tower,0,1,10,0,11,0,1,5,0,6,0,2,15,0,17,24,0,24,41
04/23/2018,JEF,MO,ACE,CE,Federal Contract Tower,0,0,13,0,13,0,2,22,2,26,0,2,35,2,39,4,0,4,43
04/24/2018,JEF,MO,ACE,CE,Federal Contract Tower,0,0,16,1,17,0,3,57,6,66,0,3,73,7,83,102,2,104,187
04/25/2018,JEF,MO,ACE,CE,Federal Contract Tower,0,2,19,4,25,0,2,33,2,37,0,4,52,6,62,110,2,112,174
04/26/2018,JEF,MO,ACE,CE,Federal Contract Tower,0,1,15,0,16,0,1,30,11,42,0,2,45,11,58,72,32,104,162
04/27/2018,JEF,MO,ACE,CE,Federal Contract Tower,0,3,13,0,16,0,2,56,4,62,0,5,69,4,78,56,0,56,134
04/28/2018,JEF,MO,ACE,CE,Federal Contract Tower,0,1,3,0,4,0,5,45,0,50,0,6,48,0,54,28,0,28,82
04/29/2018,JEF,MO,ACE,CE,Federal Contract Tower,0,0,6,1,7,0,0,36,6,42,0,0,42,7,49,16,4,20,69
04/30/2018,JEF,MO,ACE,CE,Federal Contract Tower,0,1,12,2,15,0,0,25,4,29,0,1,37,6,44,20,12,32,76
05/01/2018,JEF,MO,ACE,CE,Federal Contract Tower,0,5,20,1,26,0,0,17,11,28,0,5,37,12,54,24,22,46,100
05/02/2018,JEF,MO,ACE,CE,Federal Contract Tower,0,3,15,1,19,0,3,8,4,15,0,6,23,5,34,34,0,34,68
05/03/2018,JEF,MO,ACE,CE,Federal Contract Tower,0,2,4,4,10,0,0,3,4,7,0,2,7,8,17,0,0,0,17
05/04/2018,JEF,MO,ACE,CE,Federal Contract Tower,0,0,16,2,18,0,0,44,0,44,0,0,60,2,62,70,0,70,132
05/05/2018,JEF,MO,ACE,CE,Federal Contract Tower,0,0,5,1,6,0,2,39,9,50,0,2,44,10,56,34,0,34,90
05/06/2018,JEF,MO,ACE,CE,Federal Contract Tower,0,0,11,2,13,0,10,31,10,51,0,10,42,12,64,18,4,22,86
05/07/2018,JEF,MO,ACE,CE,Federal Contract Tower,0,2,11,2,15,0,6,43,4,53,0,8,54,6,68,38,6,44,112
05/08/2018,JEF,MO,ACE,CE,Federal Contract Tower,0,7,12,2,21,0,9,31,1,41,0,16,43,3,62,50,2,52,114
05/09/2018,JEF,MO,ACE,CE,Federal Contract Tower,0,4,11,2,17,0,2,20,1,23,0,6,31,3,40,22,6,28,68
05/10/2018,JEF,MO,ACE,CE,Federal Contract Tower,0,1,20,2,23,0,4,35,6,45,0,5,55,8,68,72,2,74,142
05/11/2018,JEF,MO,ACE,CE,Federal Contract Tower,0,0,14,2,16,0,5,35,0,40,0,5,49,2,56,20,0,20,76
05/12/2018,JEF,MO,ACE,CE,Federal Contract Tower,0,1,3,0,4,0,6,8,0,14,0,7,11,0,18,20,0,20,38
05/13/2018,JEF,MO,ACE,CE,Federal Contract Tower,0,0,7,0,7,0,2,18,0,20,0,2,25,0,27,26,0,26,53
05/14/2018,JEF,MO,ACE,CE,Federal Contract Tower,0,0,26,0,26,0,2,34,0,36,0,2,60,0,62,28,0,28,90
05/15/2018,JEF,MO,ACE,CE,Federal Contract Tower,0,9,12,2,23,0,4,33,3,40,0,13,45,5,63,84,0,84,147
05/16/2018,JEF,MO,ACE,CE,Federal Contract Tower,0,2,15,1,18,0,2,30,7,39,0,4,45,8,57,112,2,114,171
05/17/2018,JEF,MO,ACE,CE,Federal Contract Tower,0,2,23,2,27,0,0,33,5,38,0,2,56,7,65,24,2,26,91
05/18/2018,JEF,MO,ACE,CE,Federal Contract Tower,0,3,27,2,32,0,1,26,7,34,0,4,53,9,66,42,0,42,108
05/19/2018,JEF,MO,ACE,CE,Federal Contract Tower,0,1,4,0,5,0,0,7,0,7,0,1,11,0,12,0,0,0,12
05/20/2018,JEF,MO,ACE,CE,Federal Contract Tower,0,3,3,0,6,0,0,7,0,7,0,3,10,0,13,0,0,0,13
05/21/2018,JEF,MO,ACE,CE,Federal Contract Tower,0,6,17,0,23,0,6,16,0,22,0,12,33,0,45,22,0,22,67
05/22/2018,JEF,MO,ACE,CE,Federal Contract Tower,0,4,9,1,14,0,2,44,2,48,0,6,53,3,62,60,0,60,122
05/23/2018,JEF,MO,ACE,CE,Federal Contract Tower,0,0,13,0,13,0,2,41,0,43,0,2,54,0,56,114,0,114,170
05/24/2018,JEF,MO,ACE,CE,Federal Contract Tower,0,0,25,1,26,0,4,54,2,60,0,4,79,3,86,50,0,50,136
05/25/2018,JEF,MO,ACE,CE,Federal Contract Tower,0,6,9,0,15,0,1,25,0,26,0,7,34,0,41,8,0,8,49
05/26/2018,JEF,MO,ACE,CE,Federal Contract Tower,0,2,11,0,13,0,0,26,0,26,0,2,37,0,39,16,0,16,55
05/27/2018,JEF,MO,ACE,CE,Federal Contract Tower,0,0,7,0,7,0,5,26,0,31,0,5,33,0,38,42,0,42,80
05/28/2018,JEF,MO,ACE,CE,Federal Contract Tower,0,0,4,0,4,0,2,31,0,33,0,2,35,0,37,0,12,12,49
05/29/2018,JEF,MO,ACE,CE,Federal Contract Tower,0,0,11,2,13,0,0,55,6,61,0,0,66,8,74,16,4,20,94
05/30/2018,JEF,MO,ACE,CE,Federal Contract Tower,0,2,21,4,27,0,0,26,7,33,0,2,47,11,60,28,4,32,92
05/31/2018,JEF,MO,ACE,CE,Federal Contract Tower,0,2,19,4,25,0,1,31,9,41,0,3,50,13,66,42,2,44,110
06/02/2018,JEF,MO,ACE,CE,Federal Contract Tower,0,0,5,0,5,0,0,74,3,77,0,0,79,3,82,14,14,28,110
06/03/2018,JEF,MO,ACE,CE,Federal Contract Tower,0,0,8,2,10,0,0,75,1,76,0,0,83,3,86,40,0,40,126
06/04/2018,JEF,MO,ACE,CE,Federal Contract Tower,0,1,10,3,14,0,1,68,3,72,0,2,78,6,86,56,4,60,146
06/05/2018,JEF,MO,ACE,CE,Federal Contract Tower,0,2,23,2,27,0,4,52,3,59,0,6,75,5,86,26,0,26,112
06/06/2018,JEF,MO,ACE,CE,Federal Contract Tower,0,3,20,3,26,0,0,51,4,55,0,3,71,7,81,38,0,38,119
06/07/2018,JEF,MO,ACE,CE,Federal Contract Tower,0,7,20,0,27,0,2,40,6,48,0,9,60,6,75,16,12,28,103
06/08/2018,JEF,MO,ACE,CE,Federal Contract Tower,0,0,10,1,11,0,2,58,7,67,0,2,68,8,78,48,0,48,126
06/09/2018,JEF,MO,ACE,CE,Federal Contract Tower,0,2,10,0,12,0,1,45,0,46,0,3,55,0,58,60,0,60,118
06/10/2018,JEF,MO,ACE,CE,Federal Contract Tower,0,6,12,2,20,0,2,37,2,41,0,8,49,4,61,50,0,50,111
06/11/2018,JEF,MO,ACE,CE,Federal Contract Tower,0,9,16,2,27,0,2,29,8,39,0,11,45,10,66,28,8,36,102
06/12/2018,JEF,MO,ACE,CE,Federal Contract Tower,0,0,19,2,21,0,0,30,7,37,0,0,49,9,58,14,0,14,72
06/13/2018,JEF,MO,ACE,CE,Federal Contract Tower,0,2,21,3,26,0,0,37,13,50,0,2,58,16,76,58,6,64,140
06/14/2018,JEF,MO,ACE,CE,Federal Contract Tower,0,0,10,2,12,0,0,50,5,55,0,0,60,7,67,40,6,46,113
06/15/2018,JEF,MO,ACE,CE,Federal Contract Tower,0,0,9,3,12,0,0,58,1,59,0,0,67,4,71,82,0,82,153
06/16/2018,JEF,MO,ACE,CE,Federal Contract Tower,0,0,11,0,11,0,7,39,0,46,0,7,50,0,57,24,0,24,81
06/17/2018,JEF,MO,ACE,CE,Federal Contract Tower,0,0,6,0,6,0,0,20,0,20,0,0,26,0,26,0,0,0,26
06/18/2018,JEF,MO,ACE,CE,Federal Contract Tower,0,0,7,3,10,0,0,39,5,44,0,0,46,8,54,52,0,52,106
06/19/2018,JEF,MO,ACE,CE,Federal Contract Tower,0,0,15,3,18,0,0,25,3,28,0,0,40,6,46,48,10,58,104
06/20/2018,JEF,MO,ACE,CE,Federal Contract Tower,0,0,20,2,22,0,0,35,4,39,0,0,55,6,61,36,4,40,101
06/21/2018,JEF,MO,ACE,CE,Federal Contract Tower,0,0,18,2,20,0,1,15,5,21,0,1,33,7,41,14,0,14,55
06/22/2018,JEF,MO,ACE,CE,Federal Contract Tower,0,0,19,27,46,0,0,12,19,31,0,0,31,46,77,6,0,6,83
06/23/2018,JEF,MO,ACE,CE,Federal Contract Tower,0,0,1,0,1,0,0,26,0,26,0,0,27,0,27,34,0,34,61
06/24/2018,JEF,MO,ACE,CE,Federal Contract Tower,0,0,9,3,12,0,0,9,3,12,0,0,18,6,24,4,18,22,46
06/25/2018,JEF,MO,ACE,CE,Federal Contract Tower,0,4,9,2,15,0,0,28,0,28,0,4,37,2,43,18,0,18,61
06/26/2018,JEF,MO,ACE,CE,Federal Contract Tower,0,2,15,0,17,0,0,6,0,6,0,2,21,0,23,30,0,30,53
06/27/2018,JEF,MO,ACE,CE,Federal Contract Tower,0,0,20,3,23,0,5,48,8,61,0,5,68,11,84,70,4,74,158
06/29/2018,JEF,MO,ACE,CE,Federal Contract Tower,0,1,13,2,16,0,4,44,10,58,0,5,57,12,74,36,0,36,110
06/30/2018,JEF,MO,ACE,CE,Federal Contract Tower,0,1,2,0,3,0,2,31,0,33,0,3,33,0,36,16,0,16,52
07/01/2018,JEF,MO,ACE,CE,Federal Contract Tower,0,2,8,0,10,0,0,26,0,26,0,2,34,0,36,0,0,0,36
07/02/2018,JEF,MO,ACE,CE,Federal Contract Tower,0,1,12,0,13,0,4,49,0,53,0,5,61,0,66,68,0,68,134
07/03/2018,JEF,MO,ACE,CE,Federal Contract Tower,0,0,8,0,8,0,11,57,0,68,0,11,65,0,76,32,0,32,108
07/04/2018,JEF,MO,ACE,CE,Federal Contract Tower,0,0,4,0,4,0,0,31,0,31,0,0,35,0,35,12,0,12,47
07/05/2018,JEF,MO,ACE,CE,Federal Contract Tower,0,0,5,3,8,0,103,34,2,139,0,103,39,5,147,10,0,10,157
07/06/2018,JEF,MO,ACE,CE,Federal Contract Tower,0,0,9,1,10,0,215,47,5,267,0,215,56,6,277,60,0,60,337
07/07/2018,JEF,MO,ACE,CE,Federal Contract Tower,0,0,6,0,6,0,330,109,6,445,0,330,115,6,451,6,0,6,457
07/08/2018,JEF,MO,ACE,CE,Federal Contract Tower,0,0,3,0,3,0,15,52,0,67,0,15,55,0,70,46,0,46,116
07/09/2018,JEF,MO,ACE,CE,Federal Contract Tower,0,2,20,0,22,0,4,51,0,55,0,6,71,0,77,6,0,6,83
07/10/2018,JEF,MO,ACE,CE,Federal Contract Tower,0,0,12,1,13,0,0,61,9,70,0,0,73,10,83,64,0,64,147
07/11/2018,JEF,MO,ACE,CE,Federal Contract Tower,0,0,18,0,18,0,2,36,0,38,0,2,54,0,56,64,0,64,120
07/12/2018,JEF,MO,ACE,CE,Federal Contract Tower,0,1,22,1,24,0,3,36,7,46,0,4,58,8,70,36,0,36,106
07/13/2018,JEF,MO,ACE,CE,Federal Contract Tower,0,2,24,0,26,0,1,32,5,38,0,3,56,5,64,10,0,10,74
07/14/2018,JEF,MO,ACE,CE,Federal Contract Tower,0,0,7,2,9,0,0,25,0,25,0,0,32,2,34,32,0,32,66
07/15/2018,JEF,MO,ACE,CE,Federal Contract Tower,0,1,5,2,8,0,0,9,0,9,0,1,14,2,17,0,0,0,17
07/16/2018,JEF,MO,ACE,CE,Federal Contract Tower,0,2,13,1,16,0,0,31,0,31,0,2,44,1,47,60,0,60,107
07/17/2018,JEF,MO,ACE,CE,Federal Contract Tower,0,0,10,1,11,0,6,42,6,54,0,6,52,7,65,36,0,36,101
07/18/2018,JEF,MO,ACE,CE,Federal Contract Tower,0,0,16,0,16,0,0,25,4,29,0,0,41,4,45,10,0,10,55
07/19/2018,JEF,MO,ACE,CE,Federal Contract Tower,0,2,14,2,18,0,2,20,10,32,0,4,34,12,50,20,16,36,86
07/20/2018,JEF,MO,ACE,CE,Federal Contract Tower,0,0,11,2,13,0,5,32,13,50,0,5,43,15,63,16,10,26,89
07/21/2018,JEF,MO,ACE,CE,Federal Contract Tower,0,0,5,1,6,0,6,16,0,22,0,6,21,1,28,38,0,38,66
07/22/2018,JEF,MO,ACE,CE,Federal Contract Tower,0,0,12,0,12,0,5,21,0,26,0,5,33,0,38,8,0,8,46
07/23/2018,JEF,MO,ACE,CE,Federal Contract Tower,0,0,17,0,17,0,5,48,0,53,0,5,65,0,70,48,0,48,118
07/24/2018,JEF,MO,ACE,CE,Federal Contract Tower,0,0,14,2,16,0,11,44,9,64,0,11,58,11,80,30,0,30,110
07/25/2018,JEF,MO,ACE,CE,Federal Contract Tower,0,0,13,2,15,0,4,37,7,48,0,4,50,9,63,68,0,68,131
07/26/2018,JEF,MO,ACE,CE,Federal Contract Tower,0,0,17,1,18,0,2,36,3,41,0,2,53,4,59,54,0,54,113
07/27/2018,JEF,MO,ACE,CE,Federal Contract Tower,0,0,12,0,12,0,2,62,3,67,0,2,74,3,79,28,0,28,107
07/28/2018,JEF,MO,ACE,CE,Federal Contract Tower,0,8,0,0,8,0,3,31,0,34,0,11,31,0,42,34,0,34,76
07/29/2018,JEF,MO,ACE,CE,Federal Contract Tower,0,0,7,0,7,0,0,7,0,7,0,0,14,0,14,6,0,6,20
07/30/2018,JEF,MO,ACE,CE,Federal Contract Tower,0,0,14,2,16,0,0,20,2,22,0,0,34,4,38,20,0,20,58
07/31/2018,JEF,MO,ACE,CE,Federal Contract Tower,0,2,16,5,23,0,2,22,8,32,0,4,38,13,55,40,16,56,111
08/01/2018,JEF,MO,ACE,CE,Federal Contract Tower,0,0,9,2,11,0,6,79,6,91,0,6,88,8,102,142,0,142,244
08/02/2018,JEF,MO,ACE,CE,Federal Contract Tower,0,0,6,0,6,0,0,42,5,47,0,0,48,5,53,122,0,122,175
08/03/2018,JEF,MO,ACE,CE,Federal Contract Tower,0,0,13,0,13,0,6,58,10,74,0,6,71,10,87,38,0,38,125
08/04/2018,JEF,MO,ACE,CE,Federal Contract Tower,0,0,1,2,3,0,0,25,0,25,0,0,26,2,28,18,0,18,46
08/05/2018,JEF,MO,ACE,CE,Federal Contract Tower,0,0,3,2,5,0,0,32,1,33,0,0,35,3,38,14,0,14,52
08/06/2018,JEF,MO,ACE,CE,Federal Contract Tower,0,0,4,2,6,0,0,30,4,34,0,0,34,6,40,26,0,26,66
08/07/2018,JEF,MO,ACE,CE,Federal Contract Tower,0,4,9,0,13,0,2,24,2,28,0,6,33,2,41,14,0,14,55
08/08/2018,JEF,MO,ACE,CE,Federal Contract Tower,0,0,23,4,27,0,2,42,6,50,0,2,65,10,77,24,0,24,101
08/09/2018,JEF,MO,ACE,CE,Federal Contract Tower,0,0,12,2,14,0,2,40,16,58,0,2,52,18,72,58,10,68,140
08/10/2018,JEF,MO,ACE,CE,Federal Contract Tower,0,0,7,3,10,0,2,74,6,82,0,2,81,9,92,50,0,50,142
08/11/2018,JEF,MO,ACE,CE,Federal Contract Tower,0,0,10,0,10,0,0,37,0,37,0,0,47,0,47,72,0,72,119
08/12/2018,JEF,MO,ACE,CE,Federal Contract Tower,0,0,9,0,9,0,0,40,0,40,0,0,49,0,49,4,0,4,53
08/13/2018,JEF,MO,ACE,CE,Federal Contract Tower,0,0,5,1,6,0,0,54,3,57,0,0,59,4,63,52,0,52,115
08/14/2018,JEF,MO,ACE,CE,Federal Contract Tower,0,0,5,2,7,0,0,13,4,17,0,0,18,6,24,32,0,32,56
08/15/2018,JEF,MO,ACE,CE,Federal Contract Tower,0,3,10,2,15,0,0,10,3,13,0,3,20,5,28,10,0,10,38
08/16/2018,JEF,MO,ACE,CE,Federal Contract Tower,0,0,22,0,22,0,4,58,9,71,0,4,80,9,93,46,0,46,139
08/17/2018,JEF,MO,ACE,CE,Federal Contract Tower,0,0,8,0,8,0,0,30,8,38,0,0,38,8,46,20,6,26,72
08/18/2018,JEF,MO,ACE,CE,Federal Contract Tower,0,4,12,0,16,0,2,17,0,19,0,6,29,0,35,22,0,22,57
08/19/2018,JEF,MO,ACE,CE,Federal Contract Tower,0,0,12,2,14,0,0,18,0,18,0,0,30,2,32,6,0,6,38
08/20/2018,JEF,MO,ACE,CE,Federal Contract Tower,0,1,10,2,13,0,0,13,1,14,0,1,23,3,27,48,0,48,75
08/21/2018,JEF,MO,ACE,CE,Federal Contract Tower,0,2,18,7,27,0,1,23,3,27,0,3,41,10,54,62,0,62,116
08/22/2018,JEF,MO,ACE,CE,Federal Contract Tower,0,0,14,1,15,0,10,42,12,64,0,10,56,13,79,76,2,78,157
08/23/2018,JEF,MO,ACE,CE,Federal Contract Tower,0,2,26,0,28,0,1,43,5,49,0,3,69,5,77,40,10,50,127
08/24/2018,JEF,MO,ACE,CE,Federal Contract Tower,0,0,13,2,15,0,0,8,1,9,0,0,21,3,24,2,0,2,26
08/25/2018,JEF,MO,ACE,CE,Federal Contract Tower,0,0,5,0,5,0,0,18,0,18,0,0,23,0,23,36,0,36,59
08/26/2018,JEF,MO,ACE,CE,Federal Contract Tower,0,0,9,0,9,0,2,31,0,33,0,2,40,0,42,16,0,16,58
08/27/2018,JEF,MO,ACE,CE,Federal Contract Tower,0,0,15,2,17,0,2,29,5,36,0,2,44,7,53,18,0,18,71
08/28/2018,JEF,MO,ACE,CE,Federal Contract Tower,0,0,22,2,24,0,2,22,4,28,0,2,44,6,52,10,6,16,68
08/29/2018,JEF,MO,ACE,CE,Federal Contract Tower,0,0,17,3,20,0,0,3,1,4,0,0,20,4,24,6,0,6,30
08/30/2018,JEF,MO,ACE,CE,Federal Contract Tower,0,0,15,9,24,0,0,15,5,20,0,0,30,14,44,84,0,84,128
08/31/2018,JEF,MO,ACE,CE,Federal Contract Tower,0,0,8,4,12,0,0,13,2,15,0,0,21,6,27,10,0,10,37
09/01/2018,JEF,MO,ACE,CE,Federal Contract Tower,0,1,9,0,10,0,0,34,0,34,0,1,43,0,44,0,0,0,44
09/02/2018,JEF,MO,ACE,CE,Federal Contract Tower,0,0,5,0,5,0,0,31,0,31,0,0,36,0,36,14,0,14,50
09/03/2018,JEF,MO,ACE,CE,Federal Contract Tower,0,2,8,0,10,0,0,38,0,38,0,2,46,0,48,16,0,16,64
09/04/2018,JEF,MO,ACE,CE,Federal Contract Tower,0,0,29,2,31,0,2,41,7,50,0,2,70,9,81,52,0,52,133
09/05/2018,JEF,MO,ACE,CE,Federal Contract Tower,0,3,13,0,16,0,0,31,12,43,0,3,44,12,59,120,6,126,185
09/06/2018,JEF,MO,ACE,CE,Federal Contract Tower,0,0,14,0,14,0,0,20,4,24,0,0,34,4,38,82,4,86,124
09/07/2018,JEF,MO,ACE,CE,Federal Contract Tower,0,0,10,1,11,0,0,0,0,0,0,0,10,1,11,0,0,0,11
09/08/2018,JEF,MO,ACE,CE,Federal Contract Tower,0,2,3,0,5,0,0,0,0,0,0,2,3,0,5,0,0,0,5
09/09/2018,JEF,MO,ACE,CE,Federal Contract Tower,0,0,9,0,9,0,0,17,0,17,0,0,26,0,26,36,0,36,62
09/10/2018,JEF,MO,ACE,CE,Federal Contract Tower,0,0,16,1,17,0,0,59,3,62,0,0,75,4,79,122,0,122,201
09/12/2018,JEF,MO,ACE,CE,Federal Contract Tower,0,2,29,2,33,0,6,61,11,78,0,8,90,13,111,82,2,84,195
09/13/2018,JEF,MO,ACE,CE,Federal Contract Tower,0,0,20,2,22,0,5,46,7,58,0,5,66,9,80,98,2,100,180
09/14/2018,JEF,MO,ACE,CE,Federal Contract Tower,0,0,24,4,28,0,2,76,8,86,0,2,100,12,114,94,0,94,208
09/15/2018,JEF,MO,ACE,CE,Federal Contract Tower,0,0,6,0,6,0,2,48,0,50,0,2,54,0,56,22,0,22,78
09/16/2018,JEF,MO,ACE,CE,Federal Contract Tower,0,0,4,0,4,0,0,26,1,27,0,0,30,1,31,14,0,14,45
09/17/2018,JEF,MO,ACE,CE,Federal Contract Tower,0,0,9,4,13,0,5,41,1,47,0,5,50,5,60,34,0,34,94
09/19/2018,JEF,MO,ACE,CE,Federal Contract Tower,0,0,15,2,17,0,7,34,2,43,0,7,49,4,60,92,0,92,152
09/20/2018,JEF,MO,ACE,CE,Federal Contract Tower,0,2,14,2,18,0,2,38,5,45,0,4,52,7,63,0,0,0,63
09/21/2018,JEF,MO,ACE,CE,Federal Contract Tower,0,0,23,0,23,0,4,39,2,45,0,4,62,2,68,92,0,92,160
09/22/2018,JEF,MO,ACE,CE,Federal Contract Tower,0,0,10,0,10,0,1,45,0,46,0,1,55,0,56,60,0,60,116
09/23/2018,JEF,MO,ACE,CE,Federal Contract Tower,0,0,18,0,18,0,2,39,1,42,0,2,57,1,60,44,0,44,104
09/24/2018,JEF,MO,ACE,CE,Federal Contract Tower,0,3,14,3,20,0,0,11,0,11,0,3,25,3,31,24,0,24,55
09/25/2018,JEF,MO,ACE,CE,Federal Contract Tower,0,0,16,0,16,0,0,24,1,25,0,0,40,1,41,64,0,64,105
09/26/2018,JEF,MO,ACE,CE,Federal Contract Tower,0,6,16,1,23,0,5,50,9,64,0,11,66,10,87,110,0,110,197
09/27/2018,JEF,MO,ACE,CE,Federal Contract Tower,0,2,19,3,24,0,7,61,20,88,0,9,80,23,112,56,0,56,168
09/28/2018,JEF,MO,ACE,CE,Federal Contract Tower,0,0,15,2,17,0,8,47,2,57,0,8,62,4,74,52,0,52,126
09/29/2018,JEF,MO,ACE,CE,Federal Contract Tower,0,0,6,0,6,0,0,18,0,18,0,0,24,0,24,6,0,6,30
09/30/2018,JEF,MO,ACE,CE,Federal Contract Tower,0,0,16,0,16,0,0,36,0,36,0,0,52,0,52,36,0,36,88
10/01/2018,JEF,MO,ACE,CE,Federal Contract Tower,0,2,11,0,13,0,0,50,1,51,0,2,61,1,64,32,0,32,96
10/02/2018,JEF,MO,ACE,CE,Federal Contract Tower,0,0,15,1,16,0,1,43,7,51,0,1,58,8,67,108,2,110,177
10/03/2018,JEF,MO,ACE,CE,Federal Contract Tower,0,0,19,2,21,0,2,25,4,31,0,2,44,6,52,0,0,0,52
10/04/2018,JEF,MO,ACE,CE,Federal Contract Tower,0,3,12,1,16,0,0,10,4,14,0,3,22,5,30,0,0,0,30
10/05/2018,JEF,MO,ACE,CE,Federal Contract Tower,0,4,10,0,14,0,2,33,1,36,0,6,43,1,50,58,0,58,108
10/06/2018,JEF,MO,ACE,CE,Federal Contract Tower,0,2,3,0,5,0,0,3,0,3,0,2,6,0,8,22,0,22,30
10/07/2018,JEF,MO,ACE,CE,Federal Contract Tower,0,0,8,0,8,0,0,6,0,6,0,0,14,0,14,0,0,0,14
10/08/2018,JEF,MO,ACE,CE,Federal Contract Tower,0,4,7,0,11,0,1,39,0,40,0,5,46,0,51,64,0,64,115
10/09/2018,JEF,MO,ACE,CE,Federal Contract Tower,0,0,19,0,19,0,2,22,1,25,0,2,41,1,44,84,0,84,128
10/10/2018,JEF,MO,ACE,CE,Federal Contract Tower,0,4,22,3,29,0,0,4,2,6,0,4,26,5,35,10,2,12,47
10/11/2018,JEF,MO,ACE,CE,Federal Contract Tower,0,5,17,0,22,0,2,52,12,66,0,7,69,12,88,38,0,38,126
10/12/2018,JEF,MO,ACE,CE,Federal Contract Tower,0,2,15,2,19,0,0,5,0,5,0,2,20,2,24,0,0,0,24
10/13/2018,JEF,MO,ACE,CE,Federal Contract Tower,0,2,6,0,8,0,0,8,2,10,0,2,14,2,18,46,10,56,74
10/14/2018,JEF,MO,ACE,CE,Federal Contract Tower,0,0,9,0,9,0,0,0,0,0,0,0,9,0,9,0,0,0,9
10/15/2018,JEF,MO,ACE,CE,Federal Contract Tower,0,2,14,0,16,0,4,34,3,41,0,6,48,3,57,58,0,58,115
10/16/2018,JEF,MO,ACE,CE,Federal Contract Tower,0,1,14,2,17,0,2,39,9,50,0,3,53,11,67,100,68,168,235
10/17/2018,JEF,MO,ACE,CE,Federal Contract Tower,0,1,23,3,27,0,13,65,7,85,0,14,88,10,112,98,20,118,230
10/18/2018,JEF,MO,ACE,CE,Federal Contract Tower,0,0,25,3,28,0,3,37,9,49,0,3,62,12,77,86,4,90,167
10/19/2018,JEF,MO,ACE,CE,Federal Contract Tower,0,0,26,0,26,0,2,2,0,4,0,2,28,0,30,14,0,14,44
10/20/2018,JEF,MO,ACE,CE,Federal Contract Tower,0,0,6,0,6,0,0,14,0,14,0,0,20,0,20,4,0,4,24
10/21/2018,JEF,MO,ACE,CE,Federal Contract Tower,0,0,2,0,2,0,1,28,0,29,0,1,30,0,31,2,0,2,33
10/22/2018,JEF,MO,ACE,CE,Federal Contract Tower,0,2,7,2,11,0,5,60,0,65,0,7,67,2,76,84,2,86,162
10/23/2018,JEF,MO,ACE,CE,Federal Contract Tower,0,0,13,1,14,0,4,51,4,59,0,4,64,5,73,102,0,102,175
10/24/2018,JEF,MO,ACE,CE,Federal Contract Tower,0,1,10,1,12,0,4,57,7,68,0,5,67,8,80,74,0,74,154
10/25/2018,JEF,MO,ACE,CE,Federal Contract Tower,0,0,20,0,20,0,0,34,9,43,0,0,54,9,63,122,0,122,185
10/26/2018,JEF,MO,ACE,CE,Federal Contract Tower,0,0,11,3,14,0,0,0,0,0,0,0,11,3,14,0,0,0,14
10/27/2018,JEF,MO,ACE,CE,Federal Contract Tower,0,2,8,0,10,0,3,43,0,46,0,5,51,0,56,66,0,66,122
10/28/2018,JEF,MO,ACE,CE,Federal Contract Tower,0,2,5,0,7,0,0,11,2,13,0,2,16,2,20,26,2,28,48
10/29/2018,JEF,MO,ACE,CE,Federal Contract Tower,0,2,11,0,13,0,2,80,11,93,0,4,91,11,106,52,10,62,168
10/30/2018,JEF,MO,ACE,CE,Federal Contract Tower,0,2,12,3,17,0,2,46,6,54,0,4,58,9,71,98,4,102,173
10/31/2018,JEF,MO,ACE,CE,Federal Contract Tower,0,1,21,3,25,0,2,48,8,58,0,3,69,11,83,92,2,94,177
11/01/2018,JEF,MO,ACE,CE,Federal Contract Tower,0,0,19,5,24,0,7,20,6,33,0,7,39,11,57,68,0,68,125
11/02/2018,JEF,MO,ACE,CE,Federal Contract Tower,0,0,20,4,24,0,1,26,8,35,0,1,46,12,59,28,0,28,87
11/03/2018,JEF,MO,ACE,CE,Federal Contract Tower,0,0,6,0,6,0,0,21,4,25,0,0,27,4,31,30,0,30,61
11/04/2018,JEF,MO,ACE,CE,Federal Contract Tower,0,0,8,0,8,0,0,0,0,0,0,0,8,0,8,0,0,0,8
11/05/2018,JEF,MO,ACE,CE,Federal Contract Tower,0,2,7,0,9,0,0,6,0,6,0,2,13,0,15,0,0,0,15
11/06/2018,JEF,MO,ACE,CE,Federal Contract Tower,0,4,8,2,14,0,2,57,9,68,0,6,65,11,82,136,4,140,222
11/07/2018,JEF,MO,ACE,CE,Federal Contract Tower,0,0,15,1,16,0,0,57,7,64,0,0,72,8,80,92,0,92,172
11/08/2018,JEF,MO,ACE,CE,Federal Contract Tower,0,1,9,0,10,0,4,46,0,50,0,5,55,0,60,162,0,162,222
11/09/2018,JEF,MO,ACE,CE,Federal Contract Tower,0,0,11,3,14,0,0,6,3,9,0,0,17,6,23,0,0,0,23
11/10/2018,JEF,MO,ACE,CE,Federal Contract Tower,0,0,5,0,5,0,2,27,0,29,0,2,32,0,34,86,0,86,120
11/11/2018,JEF,MO,ACE,CE,Federal Contract Tower,0,0,8,0,8,0,0,26,0,26,0,0,34,0,34,0,0,0,34
11/12/2018,JEF,MO,ACE,CE,Federal Contract Tower,0,0,3,0,3,0,0,2,0,2,0,0,5,0,5,0,0,0,5
11/13/2018,JEF,MO,ACE,CE,Federal Contract Tower,0,3,12,0,15,0,3,69,0,72,0,6,81,0,87,118,0,118,205
11/14/2018,JEF,MO,ACE,CE,Federal Contract Tower,0,4,11,0,15,0,4,53,7,64,0,8,64,7,79,144,2,146,225
11/15/2018,JEF,MO,ACE,CE,Federal Contract Tower,0,2,8,1,11,0,1,50,14,65,0,3,58,15,76,74,0,74,150
11/16/2018,JEF,MO,ACE,CE,Federal Contract Tower,0,0,13,5,18,0,2,75,14,91,0,2,88,19,109,54,0,54,163
11/17/2018,JEF,MO,ACE,CE,Federal Contract Tower,0,0,9,0,9,0,0,32,0,32,0,0,41,0,41,58,0,58,99
11/18/2018,JEF,MO,ACE,CE,Federal Contract Tower,0,0,3,0,3,0,0,0,0,0,0,0,3,0,3,0,0,0,3
11/19/2018,JEF,MO,ACE,CE,Federal Contract Tower,0,0,14,0,14,0,2,25,0,27,0,2,39,0,41,52,0,52,93
11/20/2018,JEF,MO,ACE,CE,Federal Contract Tower,0,0,22,0,22,0,0,50,0,50,0,0,72,0,72,92,0,92,164
11/21/2018,JEF,MO,ACE,CE,Federal Contract Tower,0,4,11,4,19,0,7,50,6,63,0,11,61,10,82,98,4,102,184
11/22/2018,JEF,MO,ACE,CE,Federal Contract Tower,0,0,8,0,8,0,0,9,0,9,0,0,17,0,17,0,0,0,17
11/23/2018,JEF,MO,ACE,CE,Federal Contract Tower,0,0,4,0,4,0,0,0,0,0,0,0,4,0,4,0,0,0,4
11/24/2018,JEF,MO,ACE,CE,Federal Contract Tower,0,0,4,0,4,0,0,43,0,43,0,0,47,0,47,30,0,30,77
11/25/2018,JEF,MO,ACE,CE,Federal Contract Tower,0,0,4,0,4,0,0,9,0,9,0,0,13,0,13,10,0,10,23
11/26/2018,JEF,MO,ACE,CE,Federal Contract Tower,0,2,18,0,20,0,0,23,0,23,0,2,41,0,43,24,0,24,67
11/27/2018,JEF,MO,ACE,CE,Federal Contract Tower,0,2,14,0,16,0,2,94,4,100,0,4,108,4,116,106,0,106,222
11/28/2018,JEF,MO,ACE,CE,Federal Contract Tower,0,2,18,0,20,0,6,55,8,69,0,8,73,8,89,64,0,64,153
11/29/2018,JEF,MO,ACE,CE,Federal Contract Tower,0,2,24,0,26,0,8,57,0,65,0,10,81,0,91,148,0,148,239
11/30/2018,JEF,MO,ACE,CE,Federal Contract Tower,0,0,9,5,14,0,0,2,0,2,0,0,11,5,16,0,0,0,16
12/01/2018,JEF,MO,ACE,CE,Federal Contract Tower,0,0,7,0,7,0,0,6,2,8,0,0,13,2,15,6,0,6,21
12/02/2018,JEF,MO,ACE,CE,Federal Contract Tower,0,0,0,0,0,0,1,2,4,7,0,1,2,4,7,0,0,0,7
12/03/2018,JEF,MO,ACE,CE,Federal Contract Tower,0,2,11,0,13,0,0,5,0,5,0,2,16,0,18,10,0,10,28
12/04/2018,JEF,MO,ACE,CE,Federal Contract Tower,0,0,11,0,11,0,0,12,0,12,0,0,23,0,23,20,0,20,43
12/05/2018,JEF,MO,ACE,CE,Federal Contract Tower,0,4,39,0,43,0,7,86,0,93,0,11,125,0,136,122,0,122,258
12/06/2018,JEF,MO,ACE,CE,Federal Contract Tower,0,0,11,0,11,0,0,1,3,4,0,0,12,3,15,0,10,10,25
12/07/2018,JEF,MO,ACE,CE,Federal Contract Tower,0,2,23,1,26,0,0,38,2,40,0,2,61,3,66,120,0,120,186
12/08/2018,JEF,MO,ACE,CE,Federal Contract Tower,0,0,4,0,4,0,0,27,0,27,0,0,31,0,31,78,0,78,109
12/09/2018,JEF,MO,ACE,CE,Federal Contract Tower,0,0,5,0,5,0,7,33,2,42,0,7,38,2,47,62,0,62,109
12/10/2018,JEF,MO,ACE,CE,Federal Contract Tower,0,0,16,0,16,0,2,53,3,58,0,2,69,3,74,44,0,44,118
12/11/2018,JEF,MO,ACE,CE,Federal Contract Tower,0,1,21,0,22,0,4,53,8,65,0,5,74,8,87,50,0,50,137
12/12/2018,JEF,MO,ACE,CE,Federal Contract Tower,0,6,20,0,26,0,5,65,10,80,0,11,85,10,106,80,0,80,186
12/13/2018,JEF,MO,ACE,CE,Federal Contract Tower,0,3,20,2,25,0,0,0,0,0,0,3,20,2,25,0,0,0,25
12/14/2018,JEF,MO,ACE,CE,Federal Contract Tower,0,0,8,0,8,0,0,0,0,0,0,0,8,0,8,0,0,0,8
12/15/2018,JEF,MO,ACE,CE,Federal Contract Tower,0,0,2,0,2,0,0,35,0,35,0,0,37,0,37,34,0,34,71
12/16/2018,JEF,MO,ACE,CE,Federal Contract Tower,0,2,13,0,15,0,0,62,0,62,0,2,75,0,77,28,0,28,105
12/17/2018,JEF,MO,ACE,CE,Federal Contract Tower,0,4,23,0,27,0,4,63,2,69,0,8,86,2,96,34,0,34,130
12/18/2018,JEF,MO,ACE,CE,Federal Contract Tower,0,0,20,2,22,0,0,49,6,55,0,0,69,8,77,46,0,46,123
12/19/2018,JEF,MO,ACE,CE,Federal Contract Tower,1,8,10,2,21,0,0,55,6,61,1,8,65,8,82,100,0,100,182
12/20/2018,JEF,MO,ACE,CE,Federal Contract Tower,0,6,19,2,27,0,0,2,0,2,0,6,21,2,29,6,0,6,35
12/21/2018,JEF,MO,ACE,CE,Federal Contract Tower,0,1,9,0,10,0,0,9,0,9,0,1,18,0,19,28,0,28,47
12/22/2018,JEF,MO,ACE,CE,Federal Contract Tower,0,0,13,0,13,0,0,22,0,22,0,0,35,0,35,8,0,8,43
12/23/2018,JEF,MO,ACE,CE,Federal Contract Tower,0,0,6,0,6,0,0,30,0,30,0,0,36,0,36,34,0,34,70
12/24/2018,JEF,MO,ACE,CE,Federal Contract Tower,2,0,9,0,11,0,0,15,0,15,2,0,24,0,26,14,0,14,40
12/25/2018,JEF,MO,ACE,CE,Federal Contract Tower,0,4,0,0,4,0,0,2,0,2,0,4,2,0,6,2,0,2,8
12/26/2018,JEF,MO,ACE,CE,Federal Contract Tower,0,0,19,0,19,0,0,30,0,30,0,0,49,0,49,58,0,58,107
12/27/2018,JEF,MO,ACE,CE,Federal Contract Tower,0,2,14,0,16,0,0,3,4,7,0,2,17,4,23,0,0,0,23
12/28/2018,JEF,MO,ACE,CE,Federal Contract Tower,0,0,2,2,4,0,0,21,3,24,0,0,23,5,28,28,0,28,56
12/29/2018,JEF,MO,ACE,CE,Federal Contract Tower,0,0,11,0,11,0,0,19,0,19,0,0,30,0,30,18,0,18,48
12/30/2018,JEF,MO,ACE,CE,Federal Contract Tower,0,0,6,0,6,0,1,47,0,48,0,1,53,0,54,54,0,54,108
12/31/2018,JEF,MO,ACE,CE,Federal Contract Tower,0,0,2,0,2,0,0,0,0,0,0,0,2,0,2,0,0,0,2
01/01/2019,JEF,MO,ACE,CE,Federal Contract Tower,0,0,2,0,2,0,0,0,0,0,0,0,2,0,2,0,0,0,2
01/02/2019,JEF,MO,ACE,CE,Federal Contract Tower,0,0,6,0,6,0,0,18,8,26,0,0,24,8,32,42,0,42,74
01/03/2019,JEF,MO,ACE,CE,Federal Contract Tower,0,3,17,5,25,0,1,54,2,57,0,4,71,7,82,148,0,148,230
01/04/2019,JEF,MO,ACE,CE,Federal Contract Tower,0,2,7,0,9,0,5,83,11,99,0,7,90,11,108,114,6,120,228
01/05/2019,JEF,MO,ACE,CE,Federal Contract Tower,0,0,5,0,5,0,11,43,0,54,0,11,48,0,59,90,0,90,149
01/06/2019,JEF,MO,ACE,CE,Federal Contract Tower,0,0,9,2,11,0,2,32,0,34,0,2,41,2,45,26,0,26,71
01/07/2019,JEF,MO,ACE,CE,Federal Contract Tower,0,0,21,0,21,0,0,18,4,22,0,0,39,4,43,16,0,16,59
01/08/2019,JEF,MO,ACE,CE,Federal Contract Tower,0,2,15,0,17,0,8,6,0,14,0,10,21,0,31,4,10,14,45
01/09/2019,JEF,MO,ACE,CE,Federal Contract Tower,0,3,24,0,27,0,7,35,2,44,0,10,59,2,71,58,0,58,129
01/10/2019,JEF,MO,ACE,CE,Federal Contract Tower,0,9,26,0,35,0,3,53,0,56,0,12,79,0,91,108,0,108,199
01/11/2019,JEF,MO,ACE,CE,Federal Contract Tower,0,0,5,0,5,0,0,4,0,4,0,0,9,0,9,0,0,0,9
01/12/2019,JEF,MO,ACE,CE,Federal Contract Tower,0,0,0,0,0,0,0,0,0,0,0,0,0,0,0,0,0,0,0
01/13/2019,JEF,MO,ACE,CE,Federal Contract Tower,0,0,4,0,4,0,0,0,0,0,0,0,4,0,4,0,0,0,4
01/14/2019,JEF,MO,ACE,CE,Federal Contract Tower,0,0,15,0,15,0,0,0,0,0,0,0,15,0,15,0,0,0,15
01/15/2019,JEF,MO,ACE,CE,Federal Contract Tower,0,2,2,2,6,0,0,0,0,0,0,2,2,2,6,0,0,0,6
01/16/2019,JEF,MO,ACE,CE,Federal Contract Tower,0,0,7,0,7,0,0,0,0,0,0,0,7,0,7,0,0,0,7
01/17/2019,JEF,MO,ACE,CE,Federal Contract Tower,0,4,22,0,26,0,0,0,0,0,0,4,22,0,26,0,0,0,26
01/18/2019,JEF,MO,ACE,CE,Federal Contract Tower,0,2,10,0,12,0,0,0,0,0,0,2,10,0,12,0,0,0,12
01/19/2019,JEF,MO,ACE,CE,Federal Contract Tower,0,0,3,0,3,0,0,0,0,0,0,0,3,0,3,0,0,0,3
01/20/2019,JEF,MO,ACE,CE,Federal Contract Tower,0,0,6,0,6,0,0,16,0,16,0,0,22,0,22,42,0,42,64
01/21/2019,JEF,MO,ACE,CE,Federal Contract Tower,0,2,6,0,8,0,1,21,0,22,0,3,27,0,30,44,0,44,74
01/22/2019,JEF,MO,ACE,CE,Federal Contract Tower,0,0,5,2,7,0,0,6,13,19,0,0,11,15,26,6,34,40,66
01/23/2019,JEF,MO,ACE,CE,Federal Contract Tower,0,1,10,0,11,0,1,22,2,25,0,2,32,2,36,72,30,102,138
01/24/2019,JEF,MO,ACE,CE,Federal Contract Tower,0,9,11,0,20,0,2,21,3,26,0,11,32,3,46,52,0,52,98
01/25/2019,JEF,MO,ACE,CE,Federal Contract Tower,0,1,20,8,29,0,0,45,9,54,0,1,65,17,83,32,4,36,119
01/26/2019,JEF,MO,ACE,CE,Federal Contract Tower,0,0,3,0,3,0,2,38,0,40,0,2,41,0,43,38,0,38,81
01/27/2019,JEF,MO,ACE,CE,Federal Contract Tower,0,3,2,0,5,0,6,30,0,36,0,9,32,0,41,98,0,98,139
01/28/2019,JEF,MO,ACE,CE,Federal Contract Tower,0,2,14,0,16,0,0,8,0,8,0,2,22,0,24,18,0,18,42
01/29/2019,JEF,MO,ACE,CE,Federal Contract Tower,0,8,10,1,19,0,2,16,5,23,0,10,26,6,42,16,0,16,58
01/30/2019,JEF,MO,ACE,CE,Federal Contract Tower,0,0,17,0,17,0,0,7,0,7,0,0,24,0,24,0,0,0,24
01/31/2019,JEF,MO,ACE,CE,Federal Contract Tower,0,3,6,2,11,0,2,62,8,72,0,5,68,10,83,86,0,86,169
02/01/2019,JEF,MO,ACE,CE,Federal Contract Tower,0,0,23,3,26,0,6,55,8,69,0,6,78,11,95,72,0,72,167
02/02/2019,JEF,MO,ACE,CE,Federal Contract Tower,0,0,3,0,3,0,2,25,0,27,0,2,28,0,30,76,0,76,106
02/03/2019,JEF,MO,ACE,CE,Federal Contract Tower,0,0,10,0,10,0,0,5,0,5,0,0,15,0,15,10,0,10,25
02/04/2019,JEF,MO,ACE,CE,Federal Contract Tower,0,2,23,0,25,0,0,13,0,13,0,2,36,0,38,14,36,50,88
02/05/2019,JEF,MO,ACE,CE,Federal Contract Tower,0,4,11,0,15,0,0,3,0,3,0,4,14,0,18,0,0,0,18
02/06/2019,JEF,MO,ACE,CE,Federal Contract Tower,0,2,2,0,4,0,0,0,0,0,0,2,2,0,4,0,0,0,4
02/07/2019,JEF,MO,ACE,CE,Federal Contract Tower,0,0,12,0,12,0,0,0,0,0,0,0,12,0,12,0,0,0,12
02/08/2019,JEF,MO,ACE,CE,Federal Contract Tower,0,0,7,1,8,0,2,28,1,31,0,2,35,2,39,54,0,54,93
02/09/2019,JEF,MO,ACE,CE,Federal Contract Tower,0,0,4,0,4,0,0,38,2,40,0,0,42,2,44,64,0,64,108
02/10/2019,JEF,MO,ACE,CE,Federal Contract Tower,0,0,1,0,1,0,0,0,0,0,0,0,1,0,1,0,0,0,1
02/11/2019,JEF,MO,ACE,CE,Federal Contract Tower,0,0,7,0,7,0,0,0,0,0,0,0,7,0,7,0,0,0,7
02/12/2019,JEF,MO,ACE,CE,Federal Contract Tower,0,0,9,0,9,0,0,1,2,3,0,0,10,2,12,0,0,0,12
02/13/2019,JEF,MO,ACE,CE,Federal Contract Tower,0,0,22,2,24,0,10,51,5,66,0,10,73,7,90,64,0,64,154
02/14/2019,JEF,MO,ACE,CE,Federal Contract Tower,0,0,17,2,19,0,0,27,2,29,0,0,44,4,48,16,0,16,64
02/15/2019,JEF,MO,ACE,CE,Federal Contract Tower,0,0,2,0,2,0,0,3,0,3,0,0,5,0,5,0,0,0,5
02/16/2019,JEF,MO,ACE,CE,Federal Contract Tower,0,0,1,0,1,0,0,6,0,6,0,0,7,0,7,22,0,22,29
02/17/2019,JEF,MO,ACE,CE,Federal Contract Tower,0,0,6,0,6,0,2,0,0,2,0,2,6,0,8,0,0,0,8
02/18/2019,JEF,MO,ACE,CE,Federal Contract Tower,0,0,7,0,7,0,0,36,0,36,0,0,43,0,43,108,0,108,151
02/19/2019,JEF,MO,ACE,CE,Federal Contract Tower,0,0,8,0,8,0,0,34,0,34,0,0,42,0,42,46,0,46,88
02/20/2019,JEF,MO,ACE,CE,Federal Contract Tower,0,0,18,0,18,0,0,5,0,5,0,0,23,0,23,6,0,6,29
02/21/2019,JEF,MO,ACE,CE,Federal Contract Tower,0,0,18,0,18,0,6,57,3,66,0,6,75,3,84,58,0,58,142
02/22/2019,JEF,MO,ACE,CE,Federal Contract Tower,0,0,18,2,20,0,0,30,4,34,0,0,48,6,54,60,0,60,114
02/23/2019,JEF,MO,ACE,CE,Federal Contract Tower,0,0,0,0,0,0,0,0,0,0,0,0,0,0,0,0,0,0,0
02/24/2019,JEF,MO,ACE,CE,Federal Contract Tower,0,0,1,0,1,0,2,21,0,23,0,2,22,0,24,6,0,6,30
02/25/2019,JEF,MO,ACE,CE,Federal Contract Tower,0,0,12,0,12,0,5,59,4,68,0,5,71,4,80,44,0,44,124
02/26/2019,JEF,MO,ACE,CE,Federal Contract Tower,0,0,14,4,18,0,6,71,3,80,0,6,85,7,98,30,0,30,128
02/27/2019,JEF,MO,ACE,CE,Federal Contract Tower,0,0,12,0,12,0,0,4,2,6,0,0,16,2,18,0,0,0,18
02/28/2019,JEF,MO,ACE,CE,Federal Contract Tower,0,0,6,0,6,0,2,7,4,13,0,2,13,4,19,30,6,36,55
03/01/2019,JEF,MO,ACE,CE,Federal Contract Tower,0,0,6,0,6,0,0,25,1,26,0,0,31,1,32,24,6,30,62
03/02/2019,JEF,MO,ACE,CE,Federal Contract Tower,0,0,5,0,5,0,0,14,4,18,0,0,19,4,23,26,0,26,49
03/03/2019,JEF,MO,ACE,CE,Federal Contract Tower,0,0,2,0,2,0,0,10,0,10,0,0,12,0,12,8,0,8,20
03/04/2019,JEF,MO,ACE,CE,Federal Contract Tower,0,3,7,0,10,0,6,54,0,60,0,9,61,0,70,76,0,76,146
03/05/2019,JEF,MO,ACE,CE,Federal Contract Tower,0,6,16,4,26,0,0,38,1,39,0,6,54,5,65,36,0,36,101
03/06/2019,JEF,MO,ACE,CE,Federal Contract Tower,0,2,21,5,28,0,6,44,8,58,0,8,65,13,86,82,0,82,168
03/08/2019,JEF,MO,ACE,CE,Federal Contract Tower,0,0,8,0,8,0,0,10,0,10,0,0,18,0,18,8,0,8,26
03/09/2019,JEF,MO,ACE,CE,Federal Contract Tower,0,0,3,0,3,0,0,3,0,3,0,0,6,0,6,0,0,0,6
03/10/2019,JEF,MO,ACE,CE,Federal Contract Tower,0,0,13,0,13,0,3,49,0,52,0,3,62,0,65,34,0,34,99
03/11/2019,JEF,MO,ACE,CE,Federal Contract Tower,0,0,16,0,16,0,5,63,3,71,0,5,79,3,87,36,0,36,123
03/12/2019,JEF,MO,ACE,CE,Federal Contract Tower,0,1,10,0,11,0,0,22,0,22,0,1,32,0,33,26,0,26,59
03/13/2019,JEF,MO,ACE,CE,Federal Contract Tower,0,1,5,0,6,0,1,4,8,13,0,2,9,8,19,0,0,0,19
03/14/2019,JEF,MO,ACE,CE,Federal Contract Tower,0,0,7,2,9,0,0,5,0,5,0,0,12,2,14,0,0,0,14
03/15/2019,JEF,MO,ACE,CE,Federal Contract Tower,0,0,19,4,23,0,0,44,6,50,0,0,63,10,73,36,0,36,109
03/16/2019,JEF,MO,ACE,CE,Federal Contract Tower,0,1,9,0,10,0,2,23,0,25,0,3,32,0,35,24,0,24,59
03/17/2019,JEF,MO,ACE,CE,Federal Contract Tower,0,0,15,0,15,0,0,42,0,42,0,0,57,0,57,52,0,52,109
03/18/2019,JEF,MO,ACE,CE,Federal Contract Tower,0,0,19,0,19,0,2,58,2,62,0,2,77,2,81,54,0,54,135
03/19/2019,JEF,MO,ACE,CE,Federal Contract Tower,0,0,15,0,15,0,3,30,7,40,0,3,45,7,55,36,0,36,91
03/20/2019,JEF,MO,ACE,CE,Federal Contract Tower,0,6,21,3,30,0,0,23,1,24,0,6,44,4,54,22,0,22,76
03/21/2019,JEF,MO,ACE,CE,Federal Contract Tower,0,0,23,0,23,0,4,68,2,74,0,4,91,2,97,52,0,52,149
03/22/2019,JEF,MO,ACE,CE,Federal Contract Tower,0,4,9,0,13,0,3,123,10,136,0,7,132,10,149,74,6,80,229
03/23/2019,JEF,MO,ACE,CE,Federal Contract Tower,0,2,9,0,11,0,1,23,0,24,0,3,32,0,35,14,0,14,49
03/24/2019,JEF,MO,ACE,CE,Federal Contract Tower,0,2,5,0,7,0,0,7,0,7,0,2,12,0,14,0,0,0,14
03/25/2019,JEF,MO,ACE,CE,Federal Contract Tower,0,2,12,2,16,0,1,18,0,19,0,3,30,2,35,0,0,0,35
03/26/2019,JEF,MO,ACE,CE,Federal Contract Tower,0,0,16,0,16,0,0,54,12,66,0,0,70,12,82,92,0,92,174
03/27/2019,JEF,MO,ACE,CE,Federal Contract Tower,0,4,32,2,38,0,7,57,13,77,0,11,89,15,115,42,0,42,157
03/28/2019,JEF,MO,ACE,CE,Federal Contract Tower,0,0,24,0,24,0,1,26,2,29,0,1,50,2,53,18,0,18,71
03/29/2019,JEF,MO,ACE,CE,Federal Contract Tower,0,0,9,0,9,0,0,4,0,4,0,0,13,0,13,8,0,8,21
03/30/2019,JEF,MO,ACE,CE,Federal Contract Tower,0,0,9,0,9,0,0,7,0,7,0,0,16,0,16,0,0,0,16
03/31/2019,JEF,MO,ACE,CE,Federal Contract Tower,0,0,6,0,6,0,3,69,0,72,0,3,75,0,78,18,0,18,96
04/01/2019,JEF,MO,ACE,CE,Federal Contract Tower,0,0,8,6,14,0,0,66,2,68,0,0,74,8,82,34,0,34,116
04/02/2019,JEF,MO,ACE,CE,Federal Contract Tower,0,0,18,1,19,0,6,43,8,57,0,6,61,9,76,36,0,36,112
04/03/2019,JEF,MO,ACE,CE,Federal Contract Tower,0,1,20,0,21,0,4,48,7,59,0,5,68,7,80,24,0,24,104
04/04/2019,JEF,MO,ACE,CE,Federal Contract Tower,0,4,16,5,25,0,0,2,2,4,0,4,18,7,29,0,0,0,29
04/05/2019,JEF,MO,ACE,CE,Federal Contract Tower,0,0,18,4,22,0,0,3,0,3,0,0,21,4,25,0,0,0,25
04/06/2019,JEF,MO,ACE,CE,Federal Contract Tower,0,0,7,0,7,0,4,18,3,25,0,4,25,3,32,0,0,0,32
04/07/2019,JEF,MO,ACE,CE,Federal Contract Tower,0,0,4,0,4,0,0,20,8,28,0,0,24,8,32,4,0,4,36
04/08/2019,JEF,MO,ACE,CE,Federal Contract Tower,0,0,15,0,15,0,7,76,0,83,0,7,91,0,98,54,2,56,154
04/09/2019,JEF,MO,ACE,CE,Federal Contract Tower,0,2,16,1,19,0,8,76,6,90,0,10,92,7,109,30,2,32,141
04/10/2019,JEF,MO,ACE,CE,Federal Contract Tower,0,10,20,0,30,0,0,24,8,32,0,10,44,8,62,6,0,6,68
04/11/2019,JEF,MO,ACE,CE,Federal Contract Tower,0,3,32,2,37,0,0,20,3,23,0,3,52,5,60,18,0,18,78
04/12/2019,JEF,MO,ACE,CE,Federal Contract Tower,1,7,23,1,32,0,2,25,1,28,1,9,48,2,60,0,0,0,60
04/13/2019,JEF,MO,ACE,CE,Federal Contract Tower,0,0,19,0,19,0,2,47,2,51,0,2,66,2,70,6,0,6,76
04/14/2019,JEF,MO,ACE,CE,Federal Contract Tower,1,2,11,0,14,0,0,16,0,16,1,2,27,0,30,26,0,26,56
04/15/2019,JEF,MO,ACE,CE,Federal Contract Tower,0,5,19,1,25,0,11,60,4,75,0,16,79,5,100,88,0,88,188
04/16/2019,JEF,MO,ACE,CE,Federal Contract Tower,0,2,22,0,24,0,6,46,5,57,0,8,68,5,81,46,0,46,127
04/17/2019,JEF,MO,ACE,CE,Federal Contract Tower,3,5,17,3,28,0,0,34,1,35,3,5,51,4,63,44,6,50,113
04/18/2019,JEF,MO,ACE,CE,Federal Contract Tower,0,0,20,5,25,0,0,18,5,23,0,0,38,10,48,96,4,100,148
04/19/2019,JEF,MO,ACE,CE,Federal Contract Tower,0,5,14,0,19,0,8,11,4,23,0,13,25,4,42,0,0,0,42
04/20/2019,JEF,MO,ACE,CE,Federal Contract Tower,0,5,2,0,7,0,5,55,3,63,0,10,57,3,70,34,0,34,104
04/21/2019,JEF,MO,ACE,CE,Federal Contract Tower,0,0,3,0,3,0,4,37,0,41,0,4,40,0,44,18,0,18,62
04/22/2019,JEF,MO,ACE,CE,Federal Contract Tower,0,2,16,0,18,0,7,73,0,80,0,9,89,0,98,50,0,50,148
04/23/2019,JEF,MO,ACE,CE,Federal Contract Tower,0,6,30,2,38,0,2,17,8,27,0,8,47,10,65,54,0,54,119
04/24/2019,JEF,MO,ACE,CE,Federal Contract Tower,0,7,26,0,33,0,0,3,2,5,0,7,29,2,38,6,8,14,52
04/25/2019,JEF,MO,ACE,CE,Federal Contract Tower,0,0,27,2,29,0,0,13,7,20,0,0,40,9,49,52,0,52,101
04/26/2019,JEF,MO,ACE,CE,Federal Contract Tower,0,6,33,4,43,0,8,56,8,72,0,14,89,12,115,60,0,60,175
04/27/2019,JEF,MO,ACE,CE,Federal Contract Tower,0,2,4,0,6,0,0,7,0,7,0,2,11,0,13,28,0,28,41
04/28/2019,JEF,MO,ACE,CE,Federal Contract Tower,0,0,15,0,15,0,6,35,0,41,0,6,50,0,56,28,0,28,84
04/29/2019,JEF,MO,ACE,CE,Federal Contract Tower,0,0,24,0,24,0,6,20,5,31,0,6,44,5,55,46,0,46,101
04/30/2019,JEF,MO,ACE,CE,Federal Contract Tower,0,0,11,0,11,0,0,1,0,1,0,0,12,0,12,0,0,0,12
05/01/2019,JEF,MO,ACE,CE,Federal Contract Tower,0,2,15,6,23,0,3,30,3,36,0,5,45,9,59,26,0,26,85
05/02/2019,JEF,MO,ACE,CE,Federal Contract Tower,2,5,52,10,69,0,1,0,0,1,2,6,52,10,70,0,22,22,92
05/03/2019,JEF,MO,ACE,CE,Federal Contract Tower,0,2,58,2,62,0,2,20,3,25,0,4,78,5,87,14,0,14,101
05/04/2019,JEF,MO,ACE,CE,Federal Contract Tower,0,0,15,1,16,0,2,25,10,37,0,2,40,11,53,30,0,30,83
05/05/2019,JEF,MO,ACE,CE,Federal Contract Tower,2,0,10,0,12,0,6,43,2,51,2,6,53,2,63,16,0,16,79
05/06/2019,JEF,MO,ACE,CE,Federal Contract Tower,0,0,10,0,10,0,9,33,3,45,0,9,43,3,55,28,0,28,83
05/07/2019,JEF,MO,ACE,CE,Federal Contract Tower,0,3,16,0,19,0,2,35,7,44,0,5,51,7,63,34,0,34,97
05/08/2019,JEF,MO,ACE,CE,Federal Contract Tower,0,0,12,0,12,0,2,9,0,11,0,2,21,0,23,6,0,6,29
05/09/2019,JEF,MO,ACE,CE,Federal Contract Tower,0,0,32,5,37,0,2,18,10,30,0,2,50,15,67,40,0,40,107
05/10/2019,JEF,MO,ACE,CE,Federal Contract Tower,0,0,14,1,15,0,3,72,12,87,0,3,86,13,102,48,33,81,183
05/11/2019,JEF,MO,ACE,CE,Federal Contract Tower,0,0,7,0,7,0,0,5,0,5,0,0,12,0,12,30,0,30,42
05/12/2019,JEF,MO,ACE,CE,Federal Contract Tower,0,0,2,0,2,0,0,5,0,5,0,0,7,0,7,6,0,6,13
05/13/2019,JEF,MO,ACE,CE,Federal Contract Tower,0,0,16,0,16,0,4,48,0,52,0,4,64,0,68,50,0,50,118
05/14/2019,JEF,MO,ACE,CE,Federal Contract Tower,0,0,18,0,18,0,4,45,9,58,0,4,63,9,76,52,0,52,128
05/15/2019,JEF,MO,ACE,CE,Federal Contract Tower,0,0,25,0,25,0,0,45,8,53,0,0,70,8,78,30,0,30,108
05/16/2019,JEF,MO,ACE,CE,Federal Contract Tower,0,4,7,0,11,0,5,56,1,62,0,9,63,1,73,36,0,36,109
05/17/2019,JEF,MO,ACE,CE,Federal Contract Tower,0,3,19,0,22,0,5,66,0,71,0,8,85,0,93,28,0,28,121
05/18/2019,JEF,MO,ACE,CE,Federal Contract Tower,0,0,9,0,9,0,0,21,0,21,0,0,30,0,30,0,0,0,30
05/19/2019,JEF,MO,ACE,CE,Federal Contract Tower,0,0,15,0,15,0,5,16,0,21,0,5,31,0,36,12,0,12,48
05/20/2019,JEF,MO,ACE,CE,Federal Contract Tower,0,3,17,0,20,0,6,44,2,52,0,9,61,2,72,30,0,30,102
05/21/2019,JEF,MO,ACE,CE,Federal Contract Tower,0,0,20,0,20,0,2,19,0,21,0,2,39,0,41,0,14,14,55
05/22/2019,JEF,MO,ACE,CE,Federal Contract Tower,0,0,5,0,5,0,0,36,1,37,0,0,41,1,42,6,0,6,48
08/21/2019,JEF,MO,ACE,CE,Federal Contract Tower,0,3,8,2,13,0,0,16,9,25,0,3,24,11,38,84,0,84,122
08/22/2019,JEF,MO,ACE,CE,Federal Contract Tower,0,2,15,4,21,0,0,15,2,17,0,2,30,6,38,42,20,62,100
08/23/2019,JEF,MO,ACE,CE,Federal Contract Tower,0,2,20,1,23,0,2,33,1,36,0,4,53,2,59,60,0,60,119
08/24/2019,JEF,MO,ACE,CE,Federal Contract Tower,0,0,5,0,5,0,0,24,0,24,0,0,29,0,29,0,0,0,29
08/25/2019,JEF,MO,ACE,CE,Federal Contract Tower,0,0,11,0,11,0,0,6,0,6,0,0,17,0,17,6,0,6,23
08/26/2019,JEF,MO,ACE,CE,Federal Contract Tower,0,0,12,3,15,0,0,5,0,5,0,0,17,3,20,68,0,68,88
08/27/2019,JEF,MO,ACE,CE,Federal Contract Tower,0,6,15,0,21,0,0,28,4,32,0,6,43,4,53,46,0,46,99
08/28/2019,JEF,MO,ACE,CE,Federal Contract Tower,0,2,21,0,23,0,0,56,4,60,0,2,77,4,83,26,0,26,109
08/29/2019,JEF,MO,ACE,CE,Federal Contract Tower,0,0,23,2,25,0,4,42,6,52,0,4,65,8,77,32,2,34,111
08/30/2019,JEF,MO,ACE,CE,Federal Contract Tower,0,2,6,0,8,0,0,6,0,6,0,2,12,0,14,22,10,32,46
08/31/2019,JEF,MO,ACE,CE,Federal Contract Tower,0,0,13,0,13,0,0,0,0,0,0,0,13,0,13,46,0,46,59
09/01/2019,JEF,MO,ACE,CE,Federal Contract Tower,0,0,4,0,4,0,0,3,0,3,0,0,7,0,7,32,0,32,39
09/02/2019,JEF,MO,ACE,CE,Federal Contract Tower,0,2,7,0,9,0,0,38,0,38,0,2,45,0,47,44,0,44,91
09/03/2019,JEF,MO,ACE,CE,Federal Contract Tower,0,4,13,0,17,0,0,27,8,35,0,4,40,8,52,24,0,24,76
09/04/2019,JEF,MO,ACE,CE,Federal Contract Tower,0,4,12,0,16,0,0,33,4,37,0,4,45,4,53,74,0,74,127
09/05/2019,JEF,MO,ACE,CE,Federal Contract Tower,0,8,10,0,18,0,3,44,15,62,0,11,54,15,80,28,22,50,130
09/06/2019,JEF,MO,ACE,CE,Federal Contract Tower,0,0,13,0,13,0,3,51,6,60,0,3,64,6,73,18,10,28,101
09/07/2019,JEF,MO,ACE,CE,Federal Contract Tower,0,0,12,0,12,0,0,32,3,35,0,0,44,3,47,64,0,64,111
09/08/2019,JEF,MO,ACE,CE,Federal Contract Tower,0,0,2,4,6,0,3,8,0,11,0,3,10,4,17,0,0,0,17
09/09/2019,JEF,MO,ACE,CE,Federal Contract Tower,0,0,12,0,12,0,0,49,4,53,0,0,61,4,65,12,0,12,77
09/10/2019,JEF,MO,ACE,CE,Federal Contract Tower,0,4,10,0,14,0,1,35,3,39,0,5,45,3,53,74,0,74,127
09/11/2019,JEF,MO,ACE,CE,Federal Contract Tower,0,0,20,0,20,0,0,34,1,35,0,0,54,1,55,60,2,62,117
09/12/2019,JEF,MO,ACE,CE,Federal Contract Tower,0,0,9,0,9,0,0,44,7,51,0,0,53,7,60,70,25,95,155
09/13/2019,JEF,MO,ACE,CE,Federal Contract Tower,0,1,7,0,8,0,2,34,5,41,0,3,41,5,49,94,0,94,143
09/14/2019,JEF,MO,ACE,CE,Federal Contract Tower,0,2,5,0,7,0,5,30,0,35,0,7,35,0,42,16,0,16,58
09/15/2019,JEF,MO,ACE,CE,Federal Contract Tower,0,0,3,0,3,0,6,24,2,32,0,6,27,2,35,0,0,0,35
09/16/2019,JEF,MO,ACE,CE,Federal Contract Tower,0,0,11,0,11,0,5,28,0,33,0,5,39,0,44,78,0,78,122
09/17/2019,JEF,MO,ACE,CE,Federal Contract Tower,0,0,19,2,21,0,2,39,4,45,0,2,58,6,66,48,2,50,116
09/18/2019,JEF,MO,ACE,CE,Federal Contract Tower,0,0,15,0,15,0,0,44,9,53,0,0,59,9,68,68,2,70,138
09/19/2019,JEF,MO,ACE,CE,Federal Contract Tower,0,0,20,0,20,0,2,42,2,46,0,2,62,2,66,62,0,62,128
09/20/2019,JEF,MO,ACE,CE,Federal Contract Tower,0,0,18,0,18,0,0,31,9,40,0,0,49,9,58,32,20,52,110
09/21/2019,JEF,MO,ACE,CE,Federal Contract Tower,0,0,6,0,6,0,2,10,0,12,0,2,16,0,18,38,0,38,56
09/22/2019,JEF,MO,ACE,CE,Federal Contract Tower,0,0,11,0,11,0,0,0,1,1,0,0,11,1,12,0,0,0,12
09/23/2019,JEF,MO,ACE,CE,Federal Contract Tower,0,0,8,1,9,0,0,50,0,50,0,0,58,1,59,16,0,16,75
09/24/2019,JEF,MO,ACE,CE,Federal Contract Tower,0,0,12,5,17,0,2,34,5,41,0,2,46,10,58,52,16,68,126
09/25/2019,JEF,MO,ACE,CE,Federal Contract Tower,0,0,20,2,22,0,0,19,3,22,0,0,39,5,44,24,0,24,68
09/26/2019,JEF,MO,ACE,CE,Federal Contract Tower,0,0,29,6,35,0,2,43,8,53,0,2,72,14,88,28,38,66,154
09/27/2019,JEF,MO,ACE,CE,Federal Contract Tower,0,0,10,2,12,0,2,13,0,15,0,2,23,2,27,2,0,2,29
09/28/2019,JEF,MO,ACE,CE,Federal Contract Tower,0,0,2,0,2,0,0,3,0,3,0,0,5,0,5,2,0,2,7
09/29/2019,JEF,MO,ACE,CE,Federal Contract Tower,0,0,5,0,5,0,4,22,0,26,0,4,27,0,31,24,0,24,55
09/30/2019,JEF,MO,ACE,CE,Federal Contract Tower,0,0,12,3,15,0,4,19,1,24,0,4,31,4,39,8,0,8,47
10/01/2019,JEF,MO,ACE,CE,Federal Contract Tower,0,0,13,0,13,0,7,35,13,55,0,7,48,13,68,28,4,32,100
10/02/2019,JEF,MO,ACE,CE,Federal Contract Tower,0,0,19,1,20,0,6,30,6,42,0,6,49,7,62,24,20,44,106
10/03/2019,JEF,MO,ACE,CE,Federal Contract Tower,0,0,23,0,23,0,0,19,0,19,0,0,42,0,42,18,0,18,60
10/04/2019,JEF,MO,ACE,CE,Federal Contract Tower,0,3,17,0,20,0,7,46,7,60,0,10,63,7,80,84,10,94,174
10/05/2019,JEF,MO,ACE,CE,Federal Contract Tower,0,2,4,0,6,0,1,4,4,9,0,3,8,4,15,8,0,8,23
10/06/2019,JEF,MO,ACE,CE,Federal Contract Tower,0,0,3,0,3,0,0,17,0,17,0,0,20,0,20,10,0,10,30
10/07/2019,JEF,MO,ACE,CE,Federal Contract Tower,0,3,18,2,23,0,4,41,3,48,0,7,59,5,71,22,0,22,93
10/08/2019,JEF,MO,ACE,CE,Federal Contract Tower,0,1,5,1,7,0,1,34,10,45,0,2,39,11,52,16,0,16,68
10/09/2019,JEF,MO,ACE,CE,Federal Contract Tower,0,1,16,0,17,0,2,28,4,34,0,3,44,4,51,32,0,32,83
10/10/2019,JEF,MO,ACE,CE,Federal Contract Tower,0,4,23,0,27,0,0,3,0,3,0,4,26,0,30,0,0,0,30
10/11/2019,JEF,MO,ACE,CE,Federal Contract Tower,0,7,20,0,27,0,0,14,2,16,0,7,34,2,43,58,0,58,101
10/12/2019,JEF,MO,ACE,CE,Federal Contract Tower,0,0,2,0,2,0,2,25,0,27,0,2,27,0,29,34,0,34,63
10/13/2019,JEF,MO,ACE,CE,Federal Contract Tower,0,0,6,0,6,0,5,33,0,38,0,5,39,0,44,22,0,22,66
10/14/2019,JEF,MO,ACE,CE,Federal Contract Tower,0,0,11,0,11,0,2,26,0,28,0,2,37,0,39,64,0,64,103
10/15/2019,JEF,MO,ACE,CE,Federal Contract Tower,0,2,16,2,20,0,0,9,6,15,0,2,25,8,35,38,0,38,73
10/16/2019,JEF,MO,ACE,CE,Federal Contract Tower,0,1,16,0,17,0,1,26,3,30,0,2,42,3,47,80,0,80,127
10/17/2019,JEF,MO,ACE,CE,Federal Contract Tower,0,1,18,1,20,0,1,38,8,47,0,2,56,9,67,84,16,100,167
10/18/2019,JEF,MO,ACE,CE,Federal Contract Tower,0,0,15,3,18,0,3,39,5,47,0,3,54,8,65,42,0,42,107
10/19/2019,JEF,MO,ACE,CE,Federal Contract Tower,0,0,9,0,9,0,0,13,0,13,0,0,22,0,22,22,0,22,44
10/20/2019,JEF,MO,ACE,CE,Federal Contract Tower,0,0,7,0,7,0,0,39,0,39,0,0,46,0,46,44,0,44,90
10/21/2019,JEF,MO,ACE,CE,Federal Contract Tower,0,2,11,0,13,0,1,7,0,8,0,3,18,0,21,0,0,0,21
10/22/2019,JEF,MO,ACE,CE,Federal Contract Tower,0,1,15,2,18,0,4,27,9,40,0,5,42,11,58,58,24,82,140
10/23/2019,JEF,MO,ACE,CE,Federal Contract Tower,0,0,23,1,24,0,2,22,5,29,0,2,45,6,53,0,0,0,53
10/24/2019,JEF,MO,ACE,CE,Federal Contract Tower,0,0,20,5,25,0,0,12,7,19,0,0,32,12,44,72,0,72,116
10/25/2019,JEF,MO,ACE,CE,Federal Contract Tower,0,0,12,0,12,0,2,48,2,52,0,2,60,2,64,76,8,84,148
10/26/2019,JEF,MO,ACE,CE,Federal Contract Tower,0,0,4,0,4,0,0,1,0,1,0,0,5,0,5,0,0,0,5
10/27/2019,JEF,MO,ACE,CE,Federal Contract Tower,0,0,6,0,6,0,5,35,0,40,0,5,41,0,46,14,0,14,60
10/28/2019,JEF,MO,ACE,CE,Federal Contract Tower,0,0,16,0,16,0,1,10,0,11,0,1,26,0,27,40,0,40,67
10/29/2019,JEF,MO,ACE,CE,Federal Contract Tower,0,0,8,4,12,0,0,2,0,2,0,0,10,4,14,56,0,56,70
10/30/2019,JEF,MO,ACE,CE,Federal Contract Tower,0,3,7,0,10,0,0,0,0,0,0,3,7,0,10,0,0,0,10
10/31/2019,JEF,MO,ACE,CE,Federal Contract Tower,0,0,10,0,10,0,0,23,1,24,0,0,33,1,34,8,0,8,42
11/01/2019,JEF,MO,ACE,CE,Federal Contract Tower,0,0,24,0,24,0,0,67,4,71,0,0,91,4,95,58,0,58,153
11/02/2019,JEF,MO,ACE,CE,Federal Contract Tower,0,2,7,0,9,0,0,29,4,33,0,2,36,4,42,24,6,30,72
11/03/2019,JEF,MO,ACE,CE,Federal Contract Tower,0,0,8,0,8,0,6,36,7,49,0,6,44,7,57,2,0,2,59
11/04/2019,JEF,MO,ACE,CE,Federal Contract Tower,0,0,15,1,16,0,5,48,3,56,0,5,63,4,72,50,0,50,122
11/05/2019,JEF,MO,ACE,CE,Federal Contract Tower,0,0,13,1,14,0,4,51,3,58,0,4,64,4,72,70,0,70,142
11/06/2019,JEF,MO,ACE,CE,Federal Contract Tower,0,0,20,4,24,0,2,17,9,28,0,2,37,13,52,52,6,58,110
11/07/2019,JEF,MO,ACE,CE,Federal Contract Tower,0,2,9,0,11,0,0,35,0,35,0,2,44,0,46,22,0,22,68
11/08/2019,JEF,MO,ACE,CE,Federal Contract Tower,0,0,15,1,16,0,7,57,0,64,0,7,72,1,80,78,4,82,162
11/09/2019,JEF,MO,ACE,CE,Federal Contract Tower,0,0,11,0,11,0,0,38,1,39,0,0,49,1,50,18,0,18,68
11/10/2019,JEF,MO,ACE,CE,Federal Contract Tower,0,0,5,0,5,0,0,29,0,29,0,0,34,0,34,66,0,66,100
11/11/2019,JEF,MO,ACE,CE,Federal Contract Tower,0,2,6,0,8,0,0,0,0,0,0,2,6,0,8,0,0,0,8
11/12/2019,JEF,MO,ACE,CE,Federal Contract Tower,0,3,4,0,7,0,0,28,3,31,0,3,32,3,38,54,10,64,102
11/13/2019,JEF,MO,ACE,CE,Federal Contract Tower,0,3,16,3,22,0,0,27,14,41,0,3,43,17,63,46,0,46,109
11/14/2019,JEF,MO,ACE,CE,Federal Contract Tower,0,1,14,0,15,0,6,42,2,50,0,7,56,2,65,98,0,98,163
11/15/2019,JEF,MO,ACE,CE,Federal Contract Tower,0,3,17,0,20,0,12,37,1,50,0,15,54,1,70,126,0,126,196
11/16/2019,JEF,MO,ACE,CE,Federal Contract Tower,0,0,5,0,5,0,3,12,0,15,0,3,17,0,20,14,0,14,34
11/17/2019,JEF,MO,ACE,CE,Federal Contract Tower,0,0,4,0,4,0,0,7,0,7,0,0,11,0,11,76,0,76,87
11/18/2019,JEF,MO,ACE,CE,Federal Contract Tower,0,2,22,0,24,0,3,36,2,41,0,5,58,2,65,44,0,44,109
11/19/2019,JEF,MO,ACE,CE,Federal Contract Tower,0,4,22,0,26,0,6,41,3,50,0,10,63,3,76,72,0,72,148
11/20/2019,JEF,MO,ACE,CE,Federal Contract Tower,0,0,11,0,11,0,2,29,0,31,0,2,40,0,42,24,0,24,66
11/21/2019,JEF,MO,ACE,CE,Federal Contract Tower,0,2,17,0,19,0,0,10,0,10,0,2,27,0,29,10,0,10,39
11/22/2019,JEF,MO,ACE,CE,Federal Contract Tower,0,2,4,0,6,0,0,20,0,20,0,2,24,0,26,4,0,4,30
11/23/2019,JEF,MO,ACE,CE,Federal Contract Tower,0,0,1,0,1,0,0,7,0,7,0,0,8,0,8,55,0,55,63
11/24/2019,JEF,MO,ACE,CE,Federal Contract Tower,0,2,8,0,10,0,4,34,0,38,0,6,42,0,48,16,0,16,64
11/25/2019,JEF,MO,ACE,CE,Federal Contract Tower,0,0,10,0,10,0,3,65,2,70,0,3,75,2,80,64,0,64,144
11/26/2019,JEF,MO,ACE,CE,Federal Contract Tower,0,0,13,0,13,0,2,4,1,7,0,2,17,1,20,0,0,0,20
11/27/2019,JEF,MO,ACE,CE,Federal Contract Tower,0,0,8,0,8,0,0,5,0,5,0,0,13,0,13,0,0,0,13
11/28/2019,JEF,MO,ACE,CE,Federal Contract Tower,0,0,0,0,0,0,0,1,0,1,0,0,1,0,1,0,0,0,1
11/29/2019,JEF,MO,ACE,CE,Federal Contract Tower,0,0,5,0,5,0,0,2,0,2,0,0,7,0,7,0,0,0,7
11/30/2019,JEF,MO,ACE,CE,Federal Contract Tower,0,0,13,0,13,0,0,9,0,9,0,0,22,0,22,14,0,14,36
12/01/2019,JEF,MO,ACE,CE,Federal Contract Tower,0,2,3,0,5,0,0,0,0,0,0,2,3,0,5,0,0,0,5
12/02/2019,JEF,MO,ACE,CE,Federal Contract Tower,0,1,15,0,16,0,1,40,0,41,0,2,55,0,57,56,0,56,113
12/03/2019,JEF,MO,ACE,CE,Federal Contract Tower,0,0,17,3,20,0,7,53,8,68,0,7,70,11,88,42,0,42,130
12/04/2019,JEF,MO,ACE,CE,Federal Contract Tower,0,5,36,0,41,0,2,55,3,60,0,7,91,3,101,58,0,58,159
12/05/2019,JEF,MO,ACE,CE,Federal Contract Tower,0,0,18,0,18,0,7,54,5,66,0,7,72,5,84,66,18,84,168
12/06/2019,JEF,MO,ACE,CE,Federal Contract Tower,0,0,21,0,21,0,4,27,4,35,0,4,48,4,56,32,0,32,88
12/07/2019,JEF,MO,ACE,CE,Federal Contract Tower,1,0,8,0,9,0,6,47,4,57,1,6,55,4,66,52,0,52,118
12/08/2019,JEF,MO,ACE,CE,Federal Contract Tower,0,0,6,0,6,0,6,28,0,34,0,6,34,0,40,18,0,18,58
12/09/2019,JEF,MO,ACE,CE,Federal Contract Tower,0,0,6,0,6,0,0,7,0,7,0,0,13,0,13,20,0,20,33
12/10/2019,JEF,MO,ACE,CE,Federal Contract Tower,0,1,22,0,23,0,7,58,4,69,0,8,80,4,92,72,0,72,164
12/11/2019,JEF,MO,ACE,CE,Federal Contract Tower,0,2,21,0,23,0,2,41,2,45,0,4,62,2,68,62,0,62,130
12/12/2019,JEF,MO,ACE,CE,Federal Contract Tower,0,0,19,0,19,0,0,20,6,26,0,0,39,6,45,4,0,4,49
12/13/2019,JEF,MO,ACE,CE,Federal Contract Tower,0,6,15,2,23,0,0,39,0,39,0,6,54,2,62,40,0,40,102
12/14/2019,JEF,MO,ACE,CE,Federal Contract Tower,0,1,5,0,6,0,0,1,0,1,0,1,6,0,7,0,0,0,7
12/15/2019,JEF,MO,ACE,CE,Federal Contract Tower,0,0,5,0,5,0,0,0,0,0,0,0,5,0,5,0,0,0,5
12/16/2019,JEF,MO,ACE,CE,Federal Contract Tower,0,0,2,0,2,0,0,0,0,0,0,0,2,0,2,0,0,0,2
12/17/2019,JEF,MO,ACE,CE,Federal Contract Tower,0,3,16,4,23,0,0,0,0,0,0,3,16,4,23,0,0,0,23
12/18/2019,JEF,MO,ACE,CE,Federal Contract Tower,0,0,17,0,17,0,0,53,0,53,0,0,70,0,70,80,0,80,150
12/19/2019,JEF,MO,ACE,CE,Federal Contract Tower,0,0,13,0,13,0,5,52,5,62,0,5,65,5,75,48,0,48,123
12/20/2019,JEF,MO,ACE,CE,Federal Contract Tower,0,0,15,0,15,0,0,65,0,65,0,0,80,0,80,118,0,118,198
12/21/2019,JEF,MO,ACE,CE,Federal Contract Tower,0,0,5,0,5,0,0,44,0,44,0,0,49,0,49,30,0,30,79
12/22/2019,JEF,MO,ACE,CE,Federal Contract Tower,0,0,9,0,9,0,2,31,0,33,0,2,40,0,42,10,0,10,52
12/23/2019,JEF,MO,ACE,CE,Federal Contract Tower,0,0,14,4,18,0,0,39,2,41,0,0,53,6,59,56,0,56,115
12/24/2019,JEF,MO,ACE,CE,Federal Contract Tower,0,0,11,0,11,0,0,23,0,23,0,0,34,0,34,10,0,10,44
12/25/2019,JEF,MO,ACE,CE,Federal Contract Tower,0,0,0,0,0,0,0,2,0,2,0,0,2,0,2,0,0,0,2
12/26/2019,JEF,MO,ACE,CE,Federal Contract Tower,0,0,13,0,13,0,2,34,0,36,0,2,47,0,49,92,0,92,141
12/27/2019,JEF,MO,ACE,CE,Federal Contract Tower,0,0,19,0,19,0,0,17,0,17,0,0,36,0,36,74,0,74,110
12/28/2019,JEF,MO,ACE,CE,Federal Contract Tower,0,0,2,0,2,0,0,1,0,1,0,0,3,0,3,0,0,0,3
12/29/2019,JEF,MO,ACE,CE,Federal Contract Tower,0,0,5,0,5,0,1,20,0,21,0,1,25,0,26,52,0,52,78
12/30/2019,JEF,MO,ACE,CE,Federal Contract Tower,0,0,2,0,2,0,3,9,0,12,0,3,11,0,14,0,0,0,14
12/31/2019,JEF,MO,ACE,CE,Federal Contract Tower,0,0,3,0,3,0,0,29,0,29,0,0,32,0,32,30,0,30,62
01/01/2020,JEF,MO,ACE,CE,Federal Contract Tower,0,0,4,0,4,0,1,17,0,18,0,1,21,0,22,18,0,18,40
01/02/2020,JEF,MO,ACE,CE,Federal Contract Tower,0,5,12,0,17,0,0,34,2,36,0,5,46,2,53,40,0,40,93
01/03/2020,JEF,MO,ACE,CE,Federal Contract Tower,0,3,9,0,12,0,0,7,0,7,0,3,16,0,19,32,0,32,51
01/04/2020,JEF,MO,ACE,CE,Federal Contract Tower,0,0,4,0,4,0,0,15,0,15,0,0,19,0,19,18,0,18,37
01/05/2020,JEF,MO,ACE,CE,Federal Contract Tower,0,0,10,0,10,0,4,22,0,26,0,4,32,0,36,18,0,18,54
01/06/2020,JEF,MO,ACE,CE,Federal Contract Tower,0,1,10,0,11,0,2,61,0,63,0,3,71,0,74,106,0,106,180
01/07/2020,JEF,MO,ACE,CE,Federal Contract Tower,0,2,8,3,13,0,5,36,12,53,0,7,44,15,66,38,0,38,104
01/08/2020,JEF,MO,ACE,CE,Federal Contract Tower,0,4,12,0,16,0,1,47,13,61,0,5,59,13,77,38,6,44,121
01/09/2020,JEF,MO,ACE,CE,Federal Contract Tower,0,4,18,2,24,0,0,3,2,5,0,4,21,4,29,0,0,0,29
01/10/2020,JEF,MO,ACE,CE,Federal Contract Tower,0,2,7,0,9,0,0,0,0,0,0,2,7,0,9,0,0,0,9
01/11/2020,JEF,MO,ACE,CE,Federal Contract Tower,0,0,0,0,0,0,0,0,0,0,0,0,0,0,0,0,0,0,0
01/12/2020,JEF,MO,ACE,CE,Federal Contract Tower,0,0,3,0,3,0,0,0,0,0,0,0,3,0,3,0,0,0,3
01/13/2020,JEF,MO,ACE,CE,Federal Contract Tower,0,0,8,0,8,0,0,1,2,3,0,0,9,2,11,16,0,16,27
01/14/2020,JEF,MO,ACE,CE,Federal Contract Tower,0,0,9,6,15,0,0,28,6,34,0,0,37,12,49,116,2,118,167
01/15/2020,JEF,MO,ACE,CE,Federal Contract Tower,0,3,18,2,23,0,0,3,0,3,0,3,21,2,26,52,0,52,78
01/16/2020,JEF,MO,ACE,CE,Federal Contract Tower,0,3,22,2,27,0,12,45,6,63,0,15,67,8,90,72,22,94,184
01/17/2020,JEF,MO,ACE,CE,Federal Contract Tower,0,0,0,0,0,0,0,0,0,0,0,0,0,0,0,0,0,0,0
01/18/2020,JEF,MO,ACE,CE,Federal Contract Tower,0,0,3,0,3,0,0,2,0,2,0,0,5,0,5,0,0,0,5
01/19/2020,JEF,MO,ACE,CE,Federal Contract Tower,0,0,2,0,2,0,0,5,0,5,0,0,7,0,7,58,0,58,65
01/20/2020,JEF,MO,ACE,CE,Federal Contract Tower,0,0,6,0,6,0,0,2,0,2,0,0,8,0,8,14,0,14,22
01/21/2020,JEF,MO,ACE,CE,Federal Contract Tower,0,0,23,0,23,0,1,37,5,43,0,1,60,5,66,122,0,122,188
01/22/2020,JEF,MO,ACE,CE,Federal Contract Tower,0,2,15,0,17,0,0,15,0,15,0,2,30,0,32,0,0,0,32
01/23/2020,JEF,MO,ACE,CE,Federal Contract Tower,0,0,4,0,4,0,0,0,0,0,0,0,4,0,4,0,0,0,4
01/24/2020,JEF,MO,ACE,CE,Federal Contract Tower,0,0,6,0,6,0,0,0,0,0,0,0,6,0,6,0,0,0,6
01/25/2020,JEF,MO,ACE,CE,Federal Contract Tower,0,3,3,0,6,0,0,6,0,6,0,3,9,0,12,88,0,88,100
01/26/2020,JEF,MO,ACE,CE,Federal Contract Tower,0,0,7,0,7,0,0,57,0,57,0,0,64,0,64,88,0,88,152
01/27/2020,JEF,MO,ACE,CE,Federal Contract Tower,0,0,15,2,17,0,0,2,0,2,0,0,17,2,19,8,0,8,27
01/28/2020,JEF,MO,ACE,CE,Federal Contract Tower,0,1,18,3,22,0,0,0,0,0,0,1,18,3,22,0,0,0,22
01/29/2020,JEF,MO,ACE,CE,Federal Contract Tower,0,1,7,0,8,0,0,0,0,0,0,1,7,0,8,0,0,0,8
01/30/2020,JEF,MO,ACE,CE,Federal Contract Tower,0,2,8,2,12,0,0,17,1,18,0,2,25,3,30,26,0,26,56
01/31/2020,JEF,MO,ACE,CE,Federal Contract Tower,0,8,16,0,24,0,0,10,0,10,0,8,26,0,34,68,0,68,102
02/01/2020,JEF,MO,ACE,CE,Federal Contract Tower,0,0,6,0,6,0,4,24,0,28,0,4,30,0,34,116,0,116,150
02/02/2020,JEF,MO,ACE,CE,Federal Contract Tower,0,0,11,0,11,0,0,26,0,26,0,0,37,0,37,102,0,102,139
02/03/2020,JEF,MO,ACE,CE,Federal Contract Tower,0,2,15,0,17,0,3,56,0,59,0,5,71,0,76,56,0,56,132
02/04/2020,JEF,MO,ACE,CE,Federal Contract Tower,0,0,10,0,10,0,0,0,2,2,0,0,10,2,12,8,0,8,20
02/05/2020,JEF,MO,ACE,CE,Federal Contract Tower,0,0,2,0,2,0,0,0,0,0,0,0,2,0,2,0,0,0,2
02/06/2020,JEF,MO,ACE,CE,Federal Contract Tower,0,2,11,1,14,0,2,11,4,17,0,4,22,5,31,0,0,0,31
02/07/2020,JEF,MO,ACE,CE,Federal Contract Tower,0,0,9,0,9,0,0,25,0,25,0,0,34,0,34,82,0,82,116
02/08/2020,JEF,MO,ACE,CE,Federal Contract Tower,0,0,7,0,7,0,0,43,1,44,0,0,50,1,51,44,0,44,95
02/09/2020,JEF,MO,ACE,CE,Federal Contract Tower,0,0,4,1,5,0,0,0,0,0,0,0,4,1,5,0,0,0,5
02/10/2020,JEF,MO,ACE,CE,Federal Contract Tower,0,0,19,8,27,0,0,18,2,20,0,0,37,10,47,98,0,98,145
02/11/2020,JEF,MO,ACE,CE,Federal Contract Tower,0,0,12,0,12,0,2,56,9,67,0,2,68,9,79,62,4,66,145
02/12/2020,JEF,MO,ACE,CE,Federal Contract Tower,0,0,7,0,7,0,0,0,0,0,0,0,7,0,7,14,0,14,21
02/13/2020,JEF,MO,ACE,CE,Federal Contract Tower,0,2,13,2,17,0,1,18,1,20,0,3,31,3,37,34,0,34,71
02/14/2020,JEF,MO,ACE,CE,Federal Contract Tower,0,1,10,0,11,0,0,43,0,43,0,1,53,0,54,26,0,26,80
02/15/2020,JEF,MO,ACE,CE,Federal Contract Tower,0,0,1,0,1,0,2,8,0,10,0,2,9,0,11,0,0,0,11
02/16/2020,JEF,MO,ACE,CE,Federal Contract Tower,0,1,7,0,8,0,3,35,0,38,0,4,42,0,46,48,0,48,94
02/17/2020,JEF,MO,ACE,CE,Federal Contract Tower,0,2,11,6,19,0,0,0,0,0,0,2,11,6,19,0,0,0,19
02/18/2020,JEF,MO,ACE,CE,Federal Contract Tower,0,1,15,2,18,0,4,44,3,51,0,5,59,5,69,80,0,80,149
02/19/2020,JEF,MO,ACE,CE,Federal Contract Tower,0,0,24,6,30,0,4,28,4,36,0,4,52,10,66,8,2,10,76
02/20/2020,JEF,MO,ACE,CE,Federal Contract Tower,0,1,19,0,20,0,0,32,9,41,0,1,51,9,61,34,0,34,95
02/21/2020,JEF,MO,ACE,CE,Federal Contract Tower,0,1,10,0,11,0,1,53,4,58,0,2,63,4,69,42,0,42,111
02/22/2020,JEF,MO,ACE,CE,Federal Contract Tower,0,0,3,0,3,0,0,32,2,34,0,0,35,2,37,31,0,31,68
02/23/2020,JEF,MO,ACE,CE,Federal Contract Tower,0,2,9,0,11,0,0,13,0,13,0,2,22,0,24,38,0,38,62
02/24/2020,JEF,MO,ACE,CE,Federal Contract Tower,0,3,12,0,15,0,0,0,0,0,0,3,12,0,15,0,0,0,15
02/25/2020,JEF,MO,ACE,CE,Federal Contract Tower,0,0,12,0,12,0,0,0,0,0,0,0,12,0,12,0,0,0,12
02/26/2020,JEF,MO,ACE,CE,Federal Contract Tower,0,0,11,2,13,0,0,8,1,9,0,0,19,3,22,30,12,42,64
02/27/2020,JEF,MO,ACE,CE,Federal Contract Tower,0,1,25,0,26,0,0,45,8,53,0,1,70,8,79,36,0,36,115
02/28/2020,JEF,MO,ACE,CE,Federal Contract Tower,0,0,29,2,31,0,2,26,8,36,0,2,55,10,67,36,0,36,103
02/29/2020,JEF,MO,ACE,CE,Federal Contract Tower,0,0,4,0,4,0,4,31,0,35,0,4,35,0,39,82,0,82,121
03/01/2020,JEF,MO,ACE,CE,Federal Contract Tower,0,0,6,0,6,0,0,6,0,6,0,0,12,0,12,20,0,20,32
03/02/2020,JEF,MO,ACE,CE,Federal Contract Tower,0,0,10,0,10,0,6,18,0,24,0,6,28,0,34,84,0,84,118
03/03/2020,JEF,MO,ACE,CE,Federal Contract Tower,0,0,21,0,21,0,0,27,0,27,0,0,48,0,48,16,0,16,64
03/04/2020,JEF,MO,ACE,CE,Federal Contract Tower,0,0,19,0,19,0,0,56,7,63,0,0,75,7,82,98,0,98,180
03/05/2020,JEF,MO,ACE,CE,Federal Contract Tower,0,0,24,4,28,0,0,32,2,34,0,0,56,6,62,48,4,52,114
03/06/2020,JEF,MO,ACE,CE,Federal Contract Tower,0,2,16,1,19,0,2,43,6,51,0,4,59,7,70,66,0,66,136
03/07/2020,JEF,MO,ACE,CE,Federal Contract Tower,0,0,9,2,11,0,6,14,5,25,0,6,23,7,36,12,12,24,60
03/08/2020,JEF,MO,ACE,CE,Federal Contract Tower,0,0,7,0,7,0,0,24,0,24,0,0,31,0,31,14,0,14,45
03/09/2020,JEF,MO,ACE,CE,Federal Contract Tower,0,0,10,0,10,0,0,0,0,0,0,0,10,0,10,0,0,0,10
03/10/2020,JEF,MO,ACE,CE,Federal Contract Tower,0,4,11,2,17,0,2,20,1,23,0,6,31,3,40,110,0,110,150
03/11/2020,JEF,MO,ACE,CE,Federal Contract Tower,0,1,26,0,27,0,1,42,5,48,0,2,68,5,75,166,0,166,241
03/12/2020,JEF,MO,ACE,CE,Federal Contract Tower,0,0,15,1,16,0,0,1,6,7,0,0,16,7,23,20,4,24,47
03/13/2020,JEF,MO,ACE,CE,Federal Contract Tower,0,0,16,2,18,0,0,65,23,88,0,0,81,25,106,72,6,78,184
03/14/2020,JEF,MO,ACE,CE,Federal Contract Tower,0,1,3,0,4,0,0,0,0,0,0,1,3,0,4,0,0,0,4
03/15/2020,JEF,MO,ACE,CE,Federal Contract Tower,0,0,7,0,7,0,0,7,0,7,0,0,14,0,14,0,0,0,14
03/16/2020,JEF,MO,ACE,CE,Federal Contract Tower,0,0,9,0,9,0,0,1,0,1,0,0,10,0,10,64,0,64,74
03/17/2020,JEF,MO,ACE,CE,Federal Contract Tower,0,2,13,3,18,0,0,17,1,18,0,2,30,4,36,190,0,190,226
03/18/2020,JEF,MO,ACE,CE,Federal Contract Tower,0,0,11,0,11,0,0,0,0,0,0,0,11,0,11,38,0,38,49
03/19/2020,JEF,MO,ACE,CE,Federal Contract Tower,0,0,4,0,4,0,0,2,0,2,0,0,6,0,6,30,0,30,36
03/20/2020,JEF,MO,ACE,CE,Federal Contract Tower,0,0,6,0,6,0,0,7,2,9,0,0,13,2,15,0,0,0,15
03/21/2020,JEF,MO,ACE,CE,Federal Contract Tower,0,0,4,0,4,0,2,52,0,54,0,2,56,0,58,52,0,52,110
03/22/2020,JEF,MO,ACE,CE,Federal Contract Tower,0,0,3,0,3,0,0,0,0,0,0,0,3,0,3,0,0,0,3
03/23/2020,JEF,MO,ACE,CE,Federal Contract Tower,0,0,10,0,10,0,0,5,0,5,0,0,15,0,15,16,0,16,31
03/24/2020,JEF,MO,ACE,CE,Federal Contract Tower,0,0,0,0,0,0,0,0,0,0,0,0,0,0,0,0,0,0,0
03/25/2020,JEF,MO,ACE,CE,Federal Contract Tower,0,0,9,1,10,0,0,5,2,7,0,0,14,3,17,12,0,12,29
03/26/2020,JEF,MO,ACE,CE,Federal Contract Tower,0,0,9,0,9,0,0,44,2,46,0,0,53,2,55,152,0,152,207
03/27/2020,JEF,MO,ACE,CE,Federal Contract Tower,0,0,14,0,14,0,0,18,0,18,0,0,32,0,32,22,0,22,54
03/28/2020,JEF,MO,ACE,CE,Federal Contract Tower,0,0,4,0,4,0,0,0,0,0,0,0,4,0,4,0,0,0,4
03/29/2020,JEF,MO,ACE,CE,Federal Contract Tower,0,2,2,0,4,0,0,13,0,13,0,2,15,0,17,4,0,4,21
03/30/2020,JEF,MO,ACE,CE,Federal Contract Tower,0,5,11,0,16,0,0,39,0,39,0,5,50,0,55,132,0,132,187
03/31/2020,JEF,MO,ACE,CE,Federal Contract Tower,0,0,2,0,2,0,0,41,0,41,0,0,43,0,43,148,0,148,191
04/01/2020,JEF,MO,ACE,CE,Federal Contract Tower,0,0,3,0,3,0,0,44,0,44,0,0,47,0,47,194,0,194,241
04/02/2020,JEF,MO,ACE,CE,Federal Contract Tower,0,0,2,0,2,0,0,30,0,30,0,0,32,0,32,118,0,118,150
04/03/2020,JEF,MO,ACE,CE,Federal Contract Tower,0,0,5,0,5,0,0,0,0,0,0,0,5,0,5,58,0,58,63
04/04/2020,JEF,MO,ACE,CE,Federal Contract Tower,0,0,0,0,0,0,0,0,0,0,0,0,0,0,0,0,0,0,0
04/05/2020,JEF,MO,ACE,CE,Federal Contract Tower,0,0,5,0,5,0,0,9,10,19,0,0,14,10,24,14,0,14,38
04/06/2020,JEF,MO,ACE,CE,Federal Contract Tower,0,0,12,0,12,0,0,31,12,43,0,0,43,12,55,154,0,154,209
04/07/2020,JEF,MO,ACE,CE,Federal Contract Tower,0,0,1,0,1,0,0,45,0,45,0,0,46,0,46,150,0,150,196
04/08/2020,JEF,MO,ACE,CE,Federal Contract Tower,0,0,15,0,15,0,0,27,3,30,0,0,42,3,45,66,10,76,121
04/09/2020,JEF,MO,ACE,CE,Federal Contract Tower,0,0,6,0,6,0,0,20,2,22,0,0,26,2,28,14,0,14,42
04/10/2020,JEF,MO,ACE,CE,Federal Contract Tower,0,0,6,0,6,0,0,52,0,52,0,0,58,0,58,120,0,120,178
04/11/2020,JEF,MO,ACE,CE,Federal Contract Tower,0,0,0,0,0,0,0,0,0,0,0,0,0,0,0,0,0,0,0
04/12/2020,JEF,MO,ACE,CE,Federal Contract Tower,0,0,0,0,0,0,0,0,0,0,0,0,0,0,0,0,0,0,0
04/13/2020,JEF,MO,ACE,CE,Federal Contract Tower,0,0,4,0,4,0,0,22,0,22,0,0,26,0,26,82,0,82,108
04/14/2020,JEF,MO,ACE,CE,Federal Contract Tower,0,0,12,0,12,0,0,49,0,49,0,0,61,0,61,74,0,74,135
04/15/2020,JEF,MO,ACE,CE,Federal Contract Tower,0,0,7,0,7,0,0,40,6,46,0,0,47,6,53,48,14,62,115
04/16/2020,JEF,MO,ACE,CE,Federal Contract Tower,0,0,5,0,5,0,0,29,1,30,0,0,34,1,35,84,0,84,119
04/17/2020,JEF,MO,ACE,CE,Federal Contract Tower,0,0,5,0,5,0,0,4,0,4,0,0,9,0,9,0,0,0,9
04/18/2020,JEF,MO,ACE,CE,Federal Contract Tower,0,0,4,0,4,0,2,27,0,29,0,2,31,0,33,30,0,30,63
04/19/2020,JEF,MO,ACE,CE,Federal Contract Tower,0,0,6,0,6,0,0,13,0,13,0,0,19,0,19,4,0,4,23
04/20/2020,JEF,MO,ACE,CE,Federal Contract Tower,0,0,5,0,5,0,1,33,0,34,0,1,38,0,39,82,0,82,121
04/21/2020,JEF,MO,ACE,CE,Federal Contract Tower,0,0,6,0,6,0,1,56,0,57,0,1,62,0,63,142,0,142,205
04/22/2020,JEF,MO,ACE,CE,Federal Contract Tower,0,0,5,0,5,0,0,25,0,25,0,0,30,0,30,28,0,28,58
04/23/2020,JEF,MO,ACE,CE,Federal Contract Tower,0,0,16,0,16,0,0,17,2,19,0,0,33,2,35,36,0,36,71
04/24/2020,JEF,MO,ACE,CE,Federal Contract Tower,0,0,4,0,4,0,0,23,0,23,0,0,27,0,27,32,0,32,59
04/25/2020,JEF,MO,ACE,CE,Federal Contract Tower,0,0,1,0,1,0,0,1,0,1,0,0,2,0,2,0,0,0,2
04/26/2020,JEF,MO,ACE,CE,Federal Contract Tower,0,0,4,0,4,0,2,36,0,38,0,2,40,0,42,24,0,24,66
04/27/2020,JEF,MO,ACE,CE,Federal Contract Tower,0,0,8,2,10,0,0,20,0,20,0,0,28,2,30,6,2,8,38
04/28/2020,JEF,MO,ACE,CE,Federal Contract Tower,0,0,6,0,6,0,0,27,4,31,0,0,33,4,37,80,0,80,117
04/29/2020,JEF,MO,ACE,CE,Federal Contract Tower,0,0,8,0,8,0,0,5,3,8,0,0,13,3,16,12,1,13,29
04/30/2020,JEF,MO,ACE,CE,Federal Contract Tower,0,0,19,0,19,0,0,54,6,60,0,0,73,6,79,54,2,56,135
05/01/2020,JEF,MO,ACE,CE,Federal Contract Tower,0,0,10,0,10,0,0,58,0,58,0,0,68,0,68,64,0,64,132
05/02/2020,JEF,MO,ACE,CE,Federal Contract Tower,0,0,9,2,11,0,0,28,0,28,0,0,37,2,39,38,0,38,77
05/03/2020,JEF,MO,ACE,CE,Federal Contract Tower,0,0,5,0,5,0,0,5,0,5,0,0,10,0,10,0,0,0,10
05/04/2020,JEF,MO,ACE,CE,Federal Contract Tower,0,2,6,0,8,0,2,18,0,20,0,4,24,0,28,12,0,12,40
05/05/2020,JEF,MO,ACE,CE,Federal Contract Tower,0,0,8,0,8,0,0,9,2,11,0,0,17,2,19,0,0,0,19
05/06/2020,JEF,MO,ACE,CE,Federal Contract Tower,0,0,7,0,7,0,0,55,6,61,0,0,62,6,68,120,18,138,206
05/07/2020,JEF,MO,ACE,CE,Federal Contract Tower,0,0,13,0,13,0,2,55,4,61,0,2,68,4,74,64,8,72,146
05/08/2020,JEF,MO,ACE,CE,Federal Contract Tower,0,0,6,0,6,0,0,10,1,11,0,0,16,1,17,0,0,0,17
05/09/2020,JEF,MO,ACE,CE,Federal Contract Tower,0,0,10,0,10,0,0,35,0,35,0,0,45,0,45,32,0,32,77
05/10/2020,JEF,MO,ACE,CE,Federal Contract Tower,0,0,0,0,0,0,0,9,0,9,0,0,9,0,9,20,0,20,29
05/11/2020,JEF,MO,ACE,CE,Federal Contract Tower,0,0,5,0,5,0,2,57,0,59,0,2,62,0,64,94,0,94,158
05/12/2020,JEF,MO,ACE,CE,Federal Contract Tower,0,0,15,2,17,0,0,28,0,28,0,0,43,2,45,106,0,106,151
05/13/2020,JEF,MO,ACE,CE,Federal Contract Tower,0,0,11,2,13,0,0,0,0,0,0,0,11,2,13,0,0,0,13
05/14/2020,JEF,MO,ACE,CE,Federal Contract Tower,0,2,8,0,10,0,0,44,0,44,0,2,52,0,54,62,0,62,116
05/15/2020,JEF,MO,ACE,CE,Federal Contract Tower,0,0,22,0,22,0,5,8,0,13,0,5,30,0,35,12,0,12,47
05/16/2020,JEF,MO,ACE,CE,Federal Contract Tower,0,2,0,0,2,0,0,1,0,1,0,2,1,0,3,0,0,0,3
05/17/2020,JEF,MO,ACE,CE,Federal Contract Tower,0,0,7,0,7,0,4,28,0,32,0,4,35,0,39,26,0,26,65
05/18/2020,JEF,MO,ACE,CE,Federal Contract Tower,0,4,26,0,30,0,0,15,0,15,0,4,41,0,45,32,0,32,77
05/19/2020,JEF,MO,ACE,CE,Federal Contract Tower,0,0,16,0,16,0,0,14,0,14,0,0,30,0,30,24,0,24,54
05/20/2020,JEF,MO,ACE,CE,Federal Contract Tower,0,2,12,2,16,0,2,15,5,22,0,4,27,7,38,34,4,38,76
05/21/2020,JEF,MO,ACE,CE,Federal Contract Tower,0,0,27,29,56,0,0,20,2,22,0,0,47,31,78,110,0,110,188
05/22/2020,JEF,MO,ACE,CE,Federal Contract Tower,0,0,10,1,11,0,0,19,0,19,0,0,29,1,30,26,0,26,56
05/23/2020,JEF,MO,ACE,CE,Federal Contract Tower,0,0,6,0,6,0,0,8,0,8,0,0,14,0,14,36,0,36,50
05/24/2020,JEF,MO,ACE,CE,Federal Contract Tower,0,0,2,0,2,0,0,21,0,21,0,0,23,0,23,10,0,10,33
05/25/2020,JEF,MO,ACE,CE,Federal Contract Tower,0,0,4,0,4,0,2,20,0,22,0,2,24,0,26,24,0,24,50
05/26/2020,JEF,MO,ACE,CE,Federal Contract Tower,0,0,7,0,7,0,0,18,2,20,0,0,25,2,27,0,0,0,27
05/27/2020,JEF,MO,ACE,CE,Federal Contract Tower,0,0,14,1,15,0,0,4,1,5,0,0,18,2,20,24,0,24,44
05/28/2020,JEF,MO,ACE,CE,Federal Contract Tower,0,0,17,0,17,0,0,12,0,12,0,0,29,0,29,84,20,104,133
05/29/2020,JEF,MO,ACE,CE,Federal Contract Tower,0,0,17,0,17,0,4,52,0,56,0,4,69,0,73,30,0,30,103
05/30/2020,JEF,MO,ACE,CE,Federal Contract Tower,0,0,9,0,9,0,2,46,0,48,0,2,55,0,57,40,0,40,97
05/31/2020,JEF,MO,ACE,CE,Federal Contract Tower,0,0,3,0,3,0,3,39,0,42,0,3,42,0,45,40,0,40,85
06/01/2020,JEF,MO,ACE,CE,Federal Contract Tower,0,2,7,0,9,0,4,43,0,47,0,6,50,0,56,44,0,44,100
06/02/2020,JEF,MO,ACE,CE,Federal Contract Tower,0,0,10,0,10,0,4,42,12,58,0,4,52,12,68,14,22,36,104
06/03/2020,JEF,MO,ACE,CE,Federal Contract Tower,0,2,4,0,6,0,2,46,24,72,0,4,50,24,78,74,8,82,160
06/04/2020,JEF,MO,ACE,CE,Federal Contract Tower,0,1,16,0,17,0,0,44,13,57,0,1,60,13,74,58,28,86,160
06/05/2020,JEF,MO,ACE,CE,Federal Contract Tower,0,1,12,0,13,0,2,31,11,44,0,3,43,11,57,42,8,50,107
06/06/2020,JEF,MO,ACE,CE,Federal Contract Tower,0,0,6,0,6,0,0,22,0,22,0,0,28,0,28,16,0,16,44
06/07/2020,JEF,MO,ACE,CE,Federal Contract Tower,0,0,11,0,11,0,1,33,0,34,0,1,44,0,45,0,0,0,45
06/08/2020,JEF,MO,ACE,CE,Federal Contract Tower,0,0,6,0,6,0,0,45,4,49,0,0,51,4,55,96,28,124,179
06/09/2020,JEF,MO,ACE,CE,Federal Contract Tower,0,0,10,2,12,0,0,6,2,8,0,0,16,4,20,4,10,14,34
06/10/2020,JEF,MO,ACE,CE,Federal Contract Tower,0,1,12,0,13,0,1,12,5,18,0,2,24,5,31,12,6,18,49
06/11/2020,JEF,MO,ACE,CE,Federal Contract Tower,0,0,13,2,15,0,0,65,10,75,0,0,78,12,90,68,14,82,172
06/12/2020,JEF,MO,ACE,CE,Federal Contract Tower,0,1,10,0,11,0,4,84,4,92,0,5,94,4,103,74,4,78,181
06/13/2020,JEF,MO,ACE,CE,Federal Contract Tower,0,0,8,0,8,0,2,18,0,20,0,2,26,0,28,40,0,40,68
06/14/2020,JEF,MO,ACE,CE,Federal Contract Tower,0,0,4,0,4,0,5,33,0,38,0,5,37,0,42,0,0,0,42
06/15/2020,JEF,MO,ACE,CE,Federal Contract Tower,0,2,9,2,13,0,4,54,2,60,0,6,63,4,73,66,0,66,139
06/16/2020,JEF,MO,ACE,CE,Federal Contract Tower,0,0,10,0,10,0,2,56,4,62,0,2,66,4,72,68,0,68,140
06/17/2020,JEF,MO,ACE,CE,Federal Contract Tower,0,0,19,4,23,0,4,69,13,86,0,4,88,17,109,108,16,124,233
06/18/2020,JEF,MO,ACE,CE,Federal Contract Tower,0,0,13,1,14,0,4,54,13,71,0,4,67,14,85,96,14,110,195
06/19/2020,JEF,MO,ACE,CE,Federal Contract Tower,0,0,3,0,3,0,0,26,2,28,0,0,29,2,31,34,6,40,71
06/20/2020,JEF,MO,ACE,CE,Federal Contract Tower,0,0,4,0,4,0,0,19,0,19,0,0,23,0,23,14,0,14,37
06/21/2020,JEF,MO,ACE,CE,Federal Contract Tower,0,3,1,0,4,0,0,24,0,24,0,3,25,0,28,0,0,0,28
06/22/2020,JEF,MO,ACE,CE,Federal Contract Tower,0,1,8,1,10,0,2,36,1,39,0,3,44,2,49,112,2,114,163
06/23/2020,JEF,MO,ACE,CE,Federal Contract Tower,0,0,25,4,29,0,0,45,14,59,0,0,70,18,88,60,12,72,160
06/24/2020,JEF,MO,ACE,CE,Federal Contract Tower,0,5,18,2,25,0,2,47,8,57,0,7,65,10,82,40,16,56,138
06/25/2020,JEF,MO,ACE,CE,Federal Contract Tower,0,0,12,2,14,0,4,52,2,58,0,4,64,4,72,34,6,40,112
06/26/2020,JEF,MO,ACE,CE,Federal Contract Tower,0,0,14,2,16,0,2,39,4,45,0,2,53,6,61,102,6,108,169
06/27/2020,JEF,MO,ACE,CE,Federal Contract Tower,0,1,1,0,2,0,3,3,0,6,0,4,4,0,8,8,0,8,16
06/28/2020,JEF,MO,ACE,CE,Federal Contract Tower,0,1,7,0,8,0,0,18,0,18,0,1,25,0,26,14,0,14,40
06/29/2020,JEF,MO,ACE,CE,Federal Contract Tower,0,0,13,2,15,0,0,26,0,26,0,0,39,2,41,20,0,20,61
06/30/2020,JEF,MO,ACE,CE,Federal Contract Tower,0,0,16,0,16,0,2,44,8,54,0,2,60,8,70,98,36,134,204
07/01/2020,JEF,MO,ACE,CE,Federal Contract Tower,0,1,17,2,20,0,0,30,5,35,0,1,47,7,55,6,0,6,61
07/02/2020,JEF,MO,ACE,CE,Federal Contract Tower,0,1,25,2,28,0,4,36,7,47,0,5,61,9,75,20,10,30,105
07/03/2020,JEF,MO,ACE,CE,Federal Contract Tower,0,0,9,0,9,0,4,18,0,22,0,4,27,0,31,48,0,48,79
07/04/2020,JEF,MO,ACE,CE,Federal Contract Tower,0,0,2,0,2,0,0,15,6,21,0,0,17,6,23,16,0,16,39
07/05/2020,JEF,MO,ACE,CE,Federal Contract Tower,0,0,7,0,7,0,0,11,0,11,0,0,18,0,18,2,0,2,20
07/06/2020,JEF,MO,ACE,CE,Federal Contract Tower,0,0,6,0,6,0,11,31,1,43,0,11,37,1,49,96,0,96,145
07/07/2020,JEF,MO,ACE,CE,Federal Contract Tower,0,5,18,0,23,0,6,37,4,47,0,11,55,4,70,18,0,18,88
07/08/2020,JEF,MO,ACE,CE,Federal Contract Tower,0,0,12,2,14,0,5,39,4,48,0,5,51,6,62,80,2,82,144
07/09/2020,JEF,MO,ACE,CE,Federal Contract Tower,0,0,19,0,19,0,2,44,11,57,0,2,63,11,76,78,12,90,166
07/10/2020,JEF,MO,ACE,CE,Federal Contract Tower,0,2,17,0,19,0,0,65,11,76,0,2,82,11,95,40,6,46,141
07/11/2020,JEF,MO,ACE,CE,Federal Contract Tower,0,0,1,0,1,0,2,17,0,19,0,2,18,0,20,8,0,8,28
07/12/2020,JEF,MO,ACE,CE,Federal Contract Tower,0,0,8,0,8,0,4,31,0,35,0,4,39,0,43,0,0,0,43
07/13/2020,JEF,MO,ACE,CE,Federal Contract Tower,0,2,7,2,11,0,7,33,3,43,0,9,40,5,54,74,2,76,130
07/14/2020,JEF,MO,ACE,CE,Federal Contract Tower,0,0,8,0,8,0,0,31,4,35,0,0,39,4,43,62,6,68,111
07/15/2020,JEF,MO,ACE,CE,Federal Contract Tower,0,2,8,2,12,0,0,17,1,18,0,2,25,3,30,38,0,38,68
07/16/2020,JEF,MO,ACE,CE,Federal Contract Tower,0,1,13,0,14,0,7,35,12,54,0,8,48,12,68,82,26,108,176
07/17/2020,JEF,MO,ACE,CE,Federal Contract Tower,0,0,3,0,3,0,2,37,2,41,0,2,40,2,44,60,0,60,104
07/18/2020,JEF,MO,ACE,CE,Federal Contract Tower,0,0,8,0,8,0,0,22,0,22,0,0,30,0,30,4,0,4,34
07/19/2020,JEF,MO,ACE,CE,Federal Contract Tower,0,2,7,0,9,0,1,16,0,17,0,3,23,0,26,6,0,6,32
07/20/2020,JEF,MO,ACE,CE,Federal Contract Tower,0,0,6,0,6,0,0,4,0,4,0,0,10,0,10,6,0,6,16
07/21/2020,JEF,MO,ACE,CE,Federal Contract Tower,0,0,17,3,20,0,0,20,17,37,0,0,37,20,57,78,36,114,171
07/22/2020,JEF,MO,ACE,CE,Federal Contract Tower,0,0,22,2,24,0,0,51,13,64,0,0,73,15,88,74,12,86,174
07/23/2020,JEF,MO,ACE,CE,Federal Contract Tower,0,2,13,0,15,0,6,65,9,80,0,8,78,9,95,56,10,66,161
07/24/2020,JEF,MO,ACE,CE,Federal Contract Tower,0,1,11,0,12,0,8,38,3,49,0,9,49,3,61,42,4,46,107
07/25/2020,JEF,MO,ACE,CE,Federal Contract Tower,0,5,4,0,9,0,0,37,6,43,0,5,41,6,52,59,0,59,111
07/26/2020,JEF,MO,ACE,CE,Federal Contract Tower,0,1,5,0,6,0,0,13,0,13,0,1,18,0,19,0,0,0,19
07/27/2020,JEF,MO,ACE,CE,Federal Contract Tower,0,0,10,0,10,0,1,8,0,9,0,1,18,0,19,6,0,6,25
07/28/2020,JEF,MO,ACE,CE,Federal Contract Tower,0,0,10,1,11,0,2,47,7,56,0,2,57,8,67,74,0,74,141
07/29/2020,JEF,MO,ACE,CE,Federal Contract Tower,0,0,20,0,20,0,0,29,4,33,0,0,49,4,53,32,0,32,85
07/30/2020,JEF,MO,ACE,CE,Federal Contract Tower,0,6,14,1,21,0,0,6,6,12,0,6,20,7,33,24,16,40,73
07/31/2020,JEF,MO,ACE,CE,Federal Contract Tower,0,0,6,4,10,0,0,1,0,1,0,0,7,4,11,8,0,8,19
08/01/2020,JEF,MO,ACE,CE,Federal Contract Tower,0,0,12,2,14,0,2,8,2,12,0,2,20,4,26,0,0,0,26
08/02/2020,JEF,MO,ACE,CE,Federal Contract Tower,0,0,5,2,7,0,0,6,2,8,0,0,11,4,15,0,0,0,15
08/03/2020,JEF,MO,ACE,CE,Federal Contract Tower,0,0,12,0,12,0,3,44,5,52,0,3,56,5,64,36,18,54,118
08/04/2020,JEF,MO,ACE,CE,Federal Contract Tower,0,0,12,1,13,0,3,69,7,79,0,3,81,8,92,92,2,94,186
08/05/2020,JEF,MO,ACE,CE,Federal Contract Tower,0,2,21,2,25,0,6,54,12,72,0,8,75,14,97,102,0,102,199
08/06/2020,JEF,MO,ACE,CE,Federal Contract Tower,0,2,16,1,19,0,2,53,5,60,0,4,69,6,79,72,0,72,151
08/07/2020,JEF,MO,ACE,CE,Federal Contract Tower,0,0,10,1,11,0,0,45,5,50,0,0,55,6,61,90,0,90,151
08/08/2020,JEF,MO,ACE,CE,Federal Contract Tower,0,0,3,0,3,0,0,10,0,10,0,0,13,0,13,0,0,0,13
08/09/2020,JEF,MO,ACE,CE,Federal Contract Tower,0,0,10,0,10,0,1,22,4,27,0,1,32,4,37,16,0,16,53
08/10/2020,JEF,MO,ACE,CE,Federal Contract Tower,0,2,5,0,7,0,2,42,4,48,0,4,47,4,55,6,24,30,85
08/11/2020,JEF,MO,ACE,CE,Federal Contract Tower,0,2,10,2,14,0,0,38,0,38,0,2,48,2,52,124,12,136,188
08/12/2020,JEF,MO,ACE,CE,Federal Contract Tower,0,0,24,5,29,0,0,43,11,54,0,0,67,16,83,100,0,100,183
08/13/2020,JEF,MO,ACE,CE,Federal Contract Tower,0,0,17,2,19,0,2,47,8,57,0,2,64,10,76,66,0,66,142
08/14/2020,JEF,MO,ACE,CE,Federal Contract Tower,0,0,17,0,17,0,2,42,5,49,0,2,59,5,66,56,0,56,122
08/15/2020,JEF,MO,ACE,CE,Federal Contract Tower,0,1,6,0,7,0,1,15,0,16,0,2,21,0,23,10,0,10,33
08/16/2020,JEF,MO,ACE,CE,Federal Contract Tower,0,2,8,0,10,0,2,52,0,54,0,4,60,0,64,20,0,20,84
08/17/2020,JEF,MO,ACE,CE,Federal Contract Tower,0,0,5,0,5,0,2,44,2,48,0,2,49,2,53,98,0,98,151
08/18/2020,JEF,MO,ACE,CE,Federal Contract Tower,0,0,8,2,10,0,2,59,11,72,0,2,67,13,82,54,0,54,136
08/19/2020,JEF,MO,ACE,CE,Federal Contract Tower,0,0,21,2,23,0,0,52,4,56,0,0,73,6,79,70,0,70,149
08/20/2020,JEF,MO,ACE,CE,Federal Contract Tower,0,0,17,3,20,0,2,56,11,69,0,2,73,14,89,48,20,68,157
08/21/2020,JEF,MO,ACE,CE,Federal Contract Tower,0,0,9,0,9,0,2,68,5,75,0,2,77,5,84,120,0,120,204
08/22/2020,JEF,MO,ACE,CE,Federal Contract Tower,0,0,7,2,9,0,2,33,0,35,0,2,40,2,44,40,0,40,84
08/23/2020,JEF,MO,ACE,CE,Federal Contract Tower,0,0,8,0,8,0,4,32,0,36,0,4,40,0,44,18,0,18,62
08/24/2020,JEF,MO,ACE,CE,Federal Contract Tower,0,0,14,0,14,0,3,37,3,43,0,3,51,3,57,40,0,40,97
08/25/2020,JEF,MO,ACE,CE,Federal Contract Tower,0,0,11,0,11,0,4,40,14,58,0,4,51,14,69,66,40,106,175
08/26/2020,JEF,MO,ACE,CE,Federal Contract Tower,0,0,19,2,21,0,0,41,10,51,0,0,60,12,72,106,16,122,194
08/27/2020,JEF,MO,ACE,CE,Federal Contract Tower,0,0,13,0,13,0,3,45,12,60,0,3,58,12,73,72,18,90,163
08/28/2020,JEF,MO,ACE,CE,Federal Contract Tower,0,0,16,1,17,0,6,28,2,36,0,6,44,3,53,10,0,10,63
08/29/2020,JEF,MO,ACE,CE,Federal Contract Tower,0,0,4,0,4,0,0,11,0,11,0,0,15,0,15,16,0,16,31
08/30/2020,JEF,MO,ACE,CE,Federal Contract Tower,0,0,5,0,5,0,3,27,0,30,0,3,32,0,35,20,0,20,55
08/31/2020,JEF,MO,ACE,CE,Federal Contract Tower,0,0,2,0,2,0,4,6,1,11,0,4,8,1,13,0,0,0,13
09/01/2020,JEF,MO,ACE,CE,Federal Contract Tower,0,0,15,2,17,0,0,9,2,11,0,0,24,4,28,42,0,42,70
09/02/2020,JEF,MO,ACE,CE,Federal Contract Tower,0,0,12,0,12,0,0,1,0,1,0,0,13,0,13,30,0,30,43
09/03/2020,JEF,MO,ACE,CE,Federal Contract Tower,0,0,10,2,12,0,0,31,2,33,0,0,41,4,45,18,0,18,63
09/04/2020,JEF,MO,ACE,CE,Federal Contract Tower,0,0,10,0,10,0,0,66,1,67,0,0,76,1,77,32,0,32,109
09/05/2020,JEF,MO,ACE,CE,Federal Contract Tower,0,4,8,0,12,0,0,22,0,22,0,4,30,0,34,6,0,6,40
09/06/2020,JEF,MO,ACE,CE,Federal Contract Tower,0,0,3,0,3,0,3,41,0,44,0,3,44,0,47,10,0,10,57
09/07/2020,JEF,MO,ACE,CE,Federal Contract Tower,0,0,11,0,11,0,2,16,0,18,0,2,27,0,29,2,0,2,31
09/08/2020,JEF,MO,ACE,CE,Federal Contract Tower,0,0,9,0,9,0,0,18,0,18,0,0,27,0,27,6,8,14,41
09/09/2020,JEF,MO,ACE,CE,Federal Contract Tower,2,0,18,1,21,0,0,3,4,7,2,0,21,5,28,14,56,70,98
09/10/2020,JEF,MO,ACE,CE,Federal Contract Tower,0,2,19,0,21,0,0,0,0,0,0,2,19,0,21,0,0,0,21
09/11/2020,JEF,MO,ACE,CE,Federal Contract Tower,0,0,13,0,13,0,2,5,4,11,0,2,18,4,24,0,4,4,28
09/12/2020,JEF,MO,ACE,CE,Federal Contract Tower,0,0,7,4,11,0,0,5,3,8,0,0,12,7,19,0,0,0,19
09/13/2020,JEF,MO,ACE,CE,Federal Contract Tower,0,4,5,0,9,0,6,30,6,42,0,10,35,6,51,22,0,22,73
09/14/2020,JEF,MO,ACE,CE,Federal Contract Tower,0,0,14,0,14,0,5,68,1,74,0,5,82,1,88,14,0,14,102
09/15/2020,JEF,MO,ACE,CE,Federal Contract Tower,0,0,6,0,6,0,0,44,1,45,0,0,50,1,51,46,0,46,97
09/16/2020,JEF,MO,ACE,CE,Federal Contract Tower,0,0,6,2,8,0,0,39,8,47,0,0,45,10,55,44,0,44,99
09/17/2020,JEF,MO,ACE,CE,Federal Contract Tower,0,0,19,5,24,0,2,37,11,50,0,2,56,16,74,78,4,82,156
09/18/2020,JEF,MO,ACE,CE,Federal Contract Tower,0,0,14,2,16,0,0,29,7,36,0,0,43,9,52,60,0,60,112
09/19/2020,JEF,MO,ACE,CE,Federal Contract Tower,0,0,1,0,1,0,0,31,0,31,0,0,32,0,32,40,0,40,72
09/20/2020,JEF,MO,ACE,CE,Federal Contract Tower,0,0,11,0,11,0,3,35,0,38,0,3,46,0,49,12,0,12,61
09/21/2020,JEF,MO,ACE,CE,Federal Contract Tower,0,0,5,0,5,0,0,44,5,49,0,0,49,5,54,58,0,58,112
09/22/2020,JEF,MO,ACE,CE,Federal Contract Tower,0,0,12,1,13,0,0,42,8,50,0,0,54,9,63,40,2,42,105
09/23/2020,JEF,MO,ACE,CE,Federal Contract Tower,0,0,16,4,20,0,0,37,4,41,0,0,53,8,61,40,0,40,101
09/24/2020,JEF,MO,ACE,CE,Federal Contract Tower,0,2,20,5,27,0,0,25,12,37,0,2,45,17,64,40,8,48,112
09/25/2020,JEF,MO,ACE,CE,Federal Contract Tower,0,2,11,0,13,0,4,39,2,45,0,6,50,2,58,26,0,26,84
09/26/2020,JEF,MO,ACE,CE,Federal Contract Tower,0,0,10,0,10,0,2,16,0,18,0,2,26,0,28,6,0,6,34
09/27/2020,JEF,MO,ACE,CE,Federal Contract Tower,0,0,6,0,6,0,0,6,0,6,0,0,12,0,12,0,0,0,12
09/28/2020,JEF,MO,ACE,CE,Federal Contract Tower,0,3,18,2,23,0,5,24,3,32,0,8,42,5,55,6,0,6,61
09/29/2020,JEF,MO,ACE,CE,Federal Contract Tower,0,2,14,4,20,0,4,55,2,61,0,6,69,6,81,32,0,32,113
09/30/2020,JEF,MO,ACE,CE,Federal Contract Tower,0,2,21,4,27,0,2,34,6,42,0,4,55,10,69,6,0,6,75
10/01/2020,JEF,MO,ACE,CE,Federal Contract Tower,0,0,14,0,14,0,2,49,7,58,0,2,63,7,72,24,0,24,96
10/02/2020,JEF,MO,ACE,CE,Federal Contract Tower,0,0,8,0,8,0,0,57,6,63,0,0,65,6,71,86,0,86,157
10/03/2020,JEF,MO,ACE,CE,Federal Contract Tower,0,0,3,2,5,0,0,7,6,13,0,0,10,8,18,24,0,24,42
10/04/2020,JEF,MO,ACE,CE,Federal Contract Tower,0,0,11,3,14,0,8,28,3,39,0,8,39,6,53,10,0,10,63
10/05/2020,JEF,MO,ACE,CE,Federal Contract Tower,0,0,4,2,6,0,2,51,3,56,0,2,55,5,62,40,0,40,102
10/06/2020,JEF,MO,ACE,CE,Federal Contract Tower,0,3,14,0,17,0,4,32,12,48,0,7,46,12,65,44,4,48,113
10/07/2020,JEF,MO,ACE,CE,Federal Contract Tower,0,1,10,1,12,0,5,46,10,61,0,6,56,11,73,30,2,32,105
10/08/2020,JEF,MO,ACE,CE,Federal Contract Tower,0,0,21,3,24,0,2,57,8,67,0,2,78,11,91,58,0,58,149
10/09/2020,JEF,MO,ACE,CE,Federal Contract Tower,0,0,14,0,14,0,0,24,0,24,0,0,38,0,38,16,0,16,54
10/10/2020,JEF,MO,ACE,CE,Federal Contract Tower,0,0,9,0,9,0,12,9,0,21,0,12,18,0,30,12,0,12,42
10/11/2020,JEF,MO,ACE,CE,Federal Contract Tower,0,1,13,0,14,0,0,37,0,37,0,1,50,0,51,18,0,18,69
10/12/2020,JEF,MO,ACE,CE,Federal Contract Tower,0,1,8,0,9,0,2,23,0,25,0,3,31,0,34,0,0,0,34
10/13/2020,JEF,MO,ACE,CE,Federal Contract Tower,0,1,12,0,13,0,2,43,0,45,0,3,55,0,58,50,0,50,108
10/14/2020,JEF,MO,ACE,CE,Federal Contract Tower,0,1,8,2,11,0,2,20,5,27,0,3,28,7,38,6,0,6,44
10/15/2020,JEF,MO,ACE,CE,Federal Contract Tower,0,0,13,2,15,0,2,36,2,40,0,2,49,4,55,6,16,22,77
10/16/2020,JEF,MO,ACE,CE,Federal Contract Tower,0,4,18,0,22,0,0,28,8,36,0,4,46,8,58,18,0,18,76
10/17/2020,JEF,MO,ACE,CE,Federal Contract Tower,0,0,8,0,8,0,0,1,0,1,0,0,9,0,9,0,0,0,9
10/18/2020,JEF,MO,ACE,CE,Federal Contract Tower,0,2,3,0,5,0,0,5,0,5,0,2,8,0,10,0,0,0,10
10/19/2020,JEF,MO,ACE,CE,Federal Contract Tower,0,0,10,4,14,0,0,3,0,3,0,0,13,4,17,26,0,26,43
10/20/2020,JEF,MO,ACE,CE,Federal Contract Tower,0,0,7,2,9,0,0,0,0,0,0,0,7,2,9,10,0,10,19
10/21/2020,JEF,MO,ACE,CE,Federal Contract Tower,0,0,14,0,14,0,0,0,0,0,0,0,14,0,14,0,0,0,14
10/22/2020,JEF,MO,ACE,CE,Federal Contract Tower,0,2,16,1,19,0,2,28,14,44,0,4,44,15,63,48,0,48,111
10/23/2020,JEF,MO,ACE,CE,Federal Contract Tower,0,0,24,2,26,0,0,0,0,0,0,0,24,2,26,0,0,0,26
10/24/2020,JEF,MO,ACE,CE,Federal Contract Tower,0,0,17,0,17,0,0,18,1,19,0,0,35,1,36,40,0,40,76
10/25/2020,JEF,MO,ACE,CE,Federal Contract Tower,0,2,10,1,13,0,0,15,0,15,0,2,25,1,28,6,0,6,34
10/26/2020,JEF,MO,ACE,CE,Federal Contract Tower,0,0,5,0,5,0,0,0,0,0,0,0,5,0,5,0,0,0,5
10/27/2020,JEF,MO,ACE,CE,Federal Contract Tower,0,0,4,0,4,0,0,0,0,0,0,0,4,0,4,0,0,0,4
10/28/2020,JEF,MO,ACE,CE,Federal Contract Tower,0,0,7,2,9,0,0,2,0,2,0,0,9,2,11,0,0,0,11
10/29/2020,JEF,MO,ACE,CE,Federal Contract Tower,0,2,14,0,16,0,0,11,7,18,0,2,25,7,34,44,0,44,78
10/30/2020,JEF,MO,ACE,CE,Federal Contract Tower,0,2,12,0,14,0,0,83,7,90,0,2,95,7,104,16,17,33,137
10/31/2020,JEF,MO,ACE,CE,Federal Contract Tower,0,0,5,0,5,0,2,19,0,21,0,2,24,0,26,0,0,0,26
11/01/2020,JEF,MO,ACE,CE,Federal Contract Tower,0,0,7,0,7,0,0,19,0,19,0,0,26,0,26,6,0,6,32
11/02/2020,JEF,MO,ACE,CE,Federal Contract Tower,0,4,10,0,14,0,7,43,2,52,0,11,53,2,66,34,0,34,100
11/03/2020,JEF,MO,ACE,CE,Federal Contract Tower,0,0,10,0,10,0,0,44,6,50,0,0,54,6,60,122,0,122,182
11/04/2020,JEF,MO,ACE,CE,Federal Contract Tower,0,2,12,2,16,0,0,48,0,48,0,2,60,2,64,2,0,2,66
11/05/2020,JEF,MO,ACE,CE,Federal Contract Tower,0,1,10,2,13,0,6,56,11,73,0,7,66,13,86,76,24,100,186
11/06/2020,JEF,MO,ACE,CE,Federal Contract Tower,0,0,9,6,15,0,2,60,8,70,0,2,69,14,85,84,0,84,169
11/07/2020,JEF,MO,ACE,CE,Federal Contract Tower,0,2,3,0,5,0,2,65,1,68,0,4,68,1,73,8,0,8,81
11/08/2020,JEF,MO,ACE,CE,Federal Contract Tower,0,0,16,2,18,0,0,10,2,12,0,0,26,4,30,0,0,0,30
11/09/2020,JEF,MO,ACE,CE,Federal Contract Tower,0,0,6,0,6,0,0,4,0,4,0,0,10,0,10,0,0,0,10
11/10/2020,JEF,MO,ACE,CE,Federal Contract Tower,0,0,2,0,2,0,0,3,0,3,0,0,5,0,5,0,0,0,5
11/11/2020,JEF,MO,ACE,CE,Federal Contract Tower,0,4,11,0,15,0,6,47,0,53,0,10,58,0,68,72,0,72,140
11/12/2020,JEF,MO,ACE,CE,Federal Contract Tower,0,2,11,2,15,0,0,54,5,59,0,2,65,7,74,72,0,72,146
11/13/2020,JEF,MO,ACE,CE,Federal Contract Tower,0,2,5,0,7,0,13,34,2,49,0,15,39,2,56,52,0,52,108
11/14/2020,JEF,MO,ACE,CE,Federal Contract Tower,0,0,5,0,5,0,0,1,0,1,0,0,6,0,6,0,0,0,6
11/15/2020,JEF,MO,ACE,CE,Federal Contract Tower,0,0,8,0,8,0,2,9,0,11,0,2,17,0,19,0,0,0,19
11/16/2020,JEF,MO,ACE,CE,Federal Contract Tower,0,0,13,0,13,0,5,25,0,30,0,5,38,0,43,8,0,8,51
11/17/2020,JEF,MO,ACE,CE,Federal Contract Tower,0,2,10,0,12,0,0,66,17,83,0,2,76,17,95,116,20,136,231
11/18/2020,JEF,MO,ACE,CE,Federal Contract Tower,0,0,13,0,13,0,0,26,1,27,0,0,39,1,40,32,0,32,72
11/19/2020,JEF,MO,ACE,CE,Federal Contract Tower,2,2,4,0,8,0,0,2,11,13,2,2,6,11,21,0,6,6,27
11/20/2020,JEF,MO,ACE,CE,Federal Contract Tower,0,0,11,1,12,0,0,20,1,21,0,0,31,2,33,26,0,26,59
11/21/2020,JEF,MO,ACE,CE,Federal Contract Tower,0,0,8,0,8,0,0,0,0,0,0,0,8,0,8,0,0,0,8
11/22/2020,JEF,MO,ACE,CE,Federal Contract Tower,0,0,7,0,7,0,3,15,0,18,0,3,22,0,25,28,0,28,53
11/23/2020,JEF,MO,ACE,CE,Federal Contract Tower,0,0,5,0,5,0,0,11,0,11,0,0,16,0,16,2,4,6,22
11/24/2020,JEF,MO,ACE,CE,Federal Contract Tower,0,0,8,0,8,0,0,8,0,8,0,0,16,0,16,0,0,0,16
11/25/2020,JEF,MO,ACE,CE,Federal Contract Tower,0,0,8,0,8,0,0,0,0,0,0,0,8,0,8,0,0,0,8
11/26/2020,JEF,MO,ACE,CE,Federal Contract Tower,0,0,3,0,3,0,0,6,0,6,0,0,9,0,9,0,0,0,9
11/27/2020,JEF,MO,ACE,CE,Federal Contract Tower,0,0,5,0,5,0,2,15,0,17,0,2,20,0,22,30,0,30,52
11/28/2020,JEF,MO,ACE,CE,Federal Contract Tower,0,0,5,0,5,0,1,35,1,37,0,1,40,1,42,12,0,12,54
11/29/2020,JEF,MO,ACE,CE,Federal Contract Tower,0,0,7,0,7,0,0,16,0,16,0,0,23,0,23,0,0,0,23
11/30/2020,JEF,MO,ACE,CE,Federal Contract Tower,0,4,7,2,13,0,2,23,0,25,0,6,30,2,38,34,0,34,72
12/01/2020,JEF,MO,ACE,CE,Federal Contract Tower,0,0,7,0,7,0,2,58,5,65,0,2,65,5,72,70,2,72,144
12/02/2020,JEF,MO,ACE,CE,Federal Contract Tower,0,1,25,4,30,0,0,50,13,63,0,1,75,17,93,56,0,56,149
12/03/2020,JEF,MO,ACE,CE,Federal Contract Tower,0,1,11,2,14,0,0,5,6,11,0,1,16,8,25,10,0,10,35
12/04/2020,JEF,MO,ACE,CE,Federal Contract Tower,0,0,8,1,9,0,3,34,5,42,0,3,42,6,51,54,0,54,105
12/05/2020,JEF,MO,ACE,CE,Federal Contract Tower,0,0,8,0,8,0,1,37,4,42,0,1,45,4,50,44,0,44,94
12/06/2020,JEF,MO,ACE,CE,Federal Contract Tower,0,0,11,0,11,0,0,32,0,32,0,0,43,0,43,0,0,0,43
12/07/2020,JEF,MO,ACE,CE,Federal Contract Tower,0,0,19,0,19,0,4,25,0,29,0,4,44,0,48,12,0,12,60
12/08/2020,JEF,MO,ACE,CE,Federal Contract Tower,0,0,3,2,5,0,0,14,0,14,0,0,17,2,19,12,0,12,31
12/09/2020,JEF,MO,ACE,CE,Federal Contract Tower,0,0,19,0,19,0,10,58,8,76,0,10,77,8,95,78,0,78,173
12/10/2020,JEF,MO,ACE,CE,Federal Contract Tower,0,0,20,4,24,0,0,63,5,68,0,0,83,9,92,62,8,70,162
12/11/2020,JEF,MO,ACE,CE,Federal Contract Tower,0,0,9,2,11,0,0,2,0,2,0,0,11,2,13,0,0,0,13
12/12/2020,JEF,MO,ACE,CE,Federal Contract Tower,0,0,2,0,2,0,0,0,0,0,0,0,2,0,2,0,0,0,2
12/13/2020,JEF,MO,ACE,CE,Federal Contract Tower,0,0,10,0,10,0,0,0,0,0,0,0,10,0,10,48,0,48,58
12/14/2020,JEF,MO,ACE,CE,Federal Contract Tower,0,0,9,0,9,0,2,30,0,32,0,2,39,0,41,36,0,36,77
12/15/2020,JEF,MO,ACE,CE,Federal Contract Tower,0,2,12,0,14,0,0,24,2,26,0,2,36,2,40,78,0,78,118
12/16/2020,JEF,MO,ACE,CE,Federal Contract Tower,0,0,16,1,17,0,0,14,2,16,0,0,30,3,33,42,0,42,75
12/17/2020,JEF,MO,ACE,CE,Federal Contract Tower,0,0,19,1,20,0,2,42,14,58,0,2,61,15,78,76,0,76,154
12/18/2020,JEF,MO,ACE,CE,Federal Contract Tower,0,0,10,0,10,0,0,38,4,42,0,0,48,4,52,10,2,12,64
12/19/2020,JEF,MO,ACE,CE,Federal Contract Tower,0,0,10,0,10,0,0,8,0,8,0,0,18,0,18,0,0,0,18
12/20/2020,JEF,MO,ACE,CE,Federal Contract Tower,0,0,5,0,5,0,7,31,0,38,0,7,36,0,43,14,0,14,57
12/21/2020,JEF,MO,ACE,CE,Federal Contract Tower,0,0,9,4,13,0,0,20,2,22,0,0,29,6,35,0,0,0,35
12/22/2020,JEF,MO,ACE,CE,Federal Contract Tower,0,0,12,0,12,0,2,59,3,64,0,2,71,3,76,86,8,94,170
12/23/2020,JEF,MO,ACE,CE,Federal Contract Tower,0,0,14,0,14,0,0,7,0,7,0,0,21,0,21,0,0,0,21
12/24/2020,JEF,MO,ACE,CE,Federal Contract Tower,0,0,1,0,1,0,0,3,0,3,0,0,4,0,4,0,0,0,4
12/25/2020,JEF,MO,ACE,CE,Federal Contract Tower,0,0,0,0,0,0,0,3,0,3,0,0,3,0,3,0,0,0,3
12/26/2020,JEF,MO,ACE,CE,Federal Contract Tower,0,0,5,0,5,0,2,33,0,35,0,2,38,0,40,23,0,23,63
12/27/2020,JEF,MO,ACE,CE,Federal Contract Tower,0,0,1,0,1,0,0,11,0,11,0,0,12,0,12,6,0,6,18
12/28/2020,JEF,MO,ACE,CE,Federal Contract Tower,0,2,10,0,12,0,0,33,0,33,0,2,43,0,45,124,0,124,169
12/29/2020,JEF,MO,ACE,CE,Federal Contract Tower,0,2,3,0,5,0,1,1,0,2,0,3,4,0,7,20,0,20,27
12/30/2020,JEF,MO,ACE,CE,Federal Contract Tower,0,0,2,0,2,0,0,2,0,2,0,0,4,0,4,18,14,32,36
12/31/2020,JEF,MO,ACE,CE,Federal Contract Tower,0,0,3,0,3,0,0,27,1,28,0,0,30,1,31,60,0,60,91
01/01/2021,JEF,MO,ACE,CE,Federal Contract Tower,0,0,3,0,3,0,0,0,0,0,0,0,3,0,3,0,0,0,3
01/02/2021,JEF,MO,ACE,CE,Federal Contract Tower,0,4,2,0,6,0,0,0,0,0,0,4,2,0,6,0,0,0,6
01/03/2021,JEF,MO,ACE,CE,Federal Contract Tower,0,0,4,0,4,0,0,0,0,0,0,0,4,0,4,0,0,0,4
01/04/2021,JEF,MO,ACE,CE,Federal Contract Tower,0,0,11,0,11,0,0,0,0,0,0,0,11,0,11,0,0,0,11
01/05/2021,JEF,MO,ACE,CE,Federal Contract Tower,0,0,12,0,12,0,0,73,9,82,0,0,85,9,94,92,0,92,186
01/06/2021,JEF,MO,ACE,CE,Federal Contract Tower,0,0,8,0,8,0,0,50,11,61,0,0,58,11,69,50,0,50,119
01/07/2021,JEF,MO,ACE,CE,Federal Contract Tower,0,1,8,2,11,0,1,0,10,11,0,2,8,12,22,32,0,32,54
01/08/2021,JEF,MO,ACE,CE,Federal Contract Tower,0,0,13,1,14,0,0,18,0,18,0,0,31,1,32,41,0,41,73
01/09/2021,JEF,MO,ACE,CE,Federal Contract Tower,0,0,1,0,1,0,0,3,7,10,0,0,4,7,11,58,0,58,69
01/10/2021,JEF,MO,ACE,CE,Federal Contract Tower,0,0,10,0,10,0,0,3,2,5,0,0,13,2,15,58,0,58,73
01/11/2021,JEF,MO,ACE,CE,Federal Contract Tower,0,3,17,2,22,0,2,37,1,40,0,5,54,3,62,102,0,102,164
01/12/2021,JEF,MO,ACE,CE,Federal Contract Tower,0,0,8,2,10,0,4,27,13,44,0,4,35,15,54,30,20,50,104
01/13/2021,JEF,MO,ACE,CE,Federal Contract Tower,0,0,15,0,15,0,4,50,7,61,0,4,65,7,76,40,8,48,124
01/14/2021,JEF,MO,ACE,CE,Federal Contract Tower,0,0,15,2,17,0,0,11,6,17,0,0,26,8,34,0,0,0,34
01/15/2021,JEF,MO,ACE,CE,Federal Contract Tower,0,0,6,0,6,0,0,0,0,0,0,0,6,0,6,0,0,0,6
01/16/2021,JEF,MO,ACE,CE,Federal Contract Tower,0,0,8,0,8,0,0,1,0,1,0,0,9,0,9,0,0,0,9
01/17/2021,JEF,MO,ACE,CE,Federal Contract Tower,0,0,3,0,3,0,0,8,0,8,0,0,11,0,11,0,0,0,11
01/18/2021,JEF,MO,ACE,CE,Federal Contract Tower,0,0,9,2,11,0,0,43,0,43,0,0,52,2,54,34,0,34,88
01/19/2021,JEF,MO,ACE,CE,Federal Contract Tower,0,0,13,0,13,0,0,11,0,11,0,0,24,0,24,0,0,0,24
01/20/2021,JEF,MO,ACE,CE,Federal Contract Tower,0,0,13,1,14,0,2,35,8,45,0,2,48,9,59,44,2,46,105
01/21/2021,JEF,MO,ACE,CE,Federal Contract Tower,0,0,17,2,19,0,2,56,3,61,0,2,73,5,80,32,0,32,112
01/22/2021,JEF,MO,ACE,CE,Federal Contract Tower,0,0,11,3,14,0,3,39,3,45,0,3,50,6,59,60,0,60,119
01/23/2021,JEF,MO,ACE,CE,Federal Contract Tower,0,3,7,0,10,0,1,43,0,44,0,4,50,0,54,14,0,14,68
01/24/2021,JEF,MO,ACE,CE,Federal Contract Tower,0,0,4,0,4,0,1,0,0,1,0,1,4,0,5,0,0,0,5
01/25/2021,JEF,MO,ACE,CE,Federal Contract Tower,0,0,9,0,9,0,0,0,0,0,0,0,9,0,9,0,0,0,9
01/26/2021,JEF,MO,ACE,CE,Federal Contract Tower,0,0,10,0,10,0,0,10,2,12,0,0,20,2,22,14,0,14,36
01/27/2021,JEF,MO,ACE,CE,Federal Contract Tower,0,0,8,0,8,0,0,4,0,4,0,0,12,0,12,26,0,26,38
01/28/2021,JEF,MO,ACE,CE,Federal Contract Tower,0,0,16,2,18,0,1,54,13,68,0,1,70,15,86,82,10,92,178
01/29/2021,JEF,MO,ACE,CE,Federal Contract Tower,0,1,12,0,13,0,2,70,8,80,0,3,82,8,93,50,2,52,145
01/30/2021,JEF,MO,ACE,CE,Federal Contract Tower,0,0,0,0,0,0,0,0,0,0,0,0,0,0,0,0,0,0,0
01/31/2021,JEF,MO,ACE,CE,Federal Contract Tower,0,0,4,0,4,0,0,2,2,4,0,0,6,2,8,0,0,0,8
02/01/2021,JEF,MO,ACE,CE,Federal Contract Tower,0,0,10,2,12,0,0,1,0,1,0,0,11,2,13,0,0,0,13
02/02/2021,JEF,MO,ACE,CE,Federal Contract Tower,0,0,15,0,15,0,0,33,10,43,0,0,48,10,58,20,0,20,78
02/03/2021,JEF,MO,ACE,CE,Federal Contract Tower,0,1,24,4,29,0,0,50,3,53,0,1,74,7,82,42,20,62,144
02/04/2021,JEF,MO,ACE,CE,Federal Contract Tower,0,0,14,0,14,0,0,1,2,3,0,0,15,2,17,0,0,0,17
02/05/2021,JEF,MO,ACE,CE,Federal Contract Tower,0,0,13,2,15,0,0,36,3,39,0,0,49,5,54,4,0,4,58
02/06/2021,JEF,MO,ACE,CE,Federal Contract Tower,0,0,2,0,2,0,0,8,0,8,0,0,10,0,10,18,0,18,28
02/07/2021,JEF,MO,ACE,CE,Federal Contract Tower,0,0,0,0,0,0,0,0,0,0,0,0,0,0,0,0,0,0,0
02/08/2021,JEF,MO,ACE,CE,Federal Contract Tower,0,0,6,0,6,0,0,1,0,1,0,0,7,0,7,0,0,0,7
02/09/2021,JEF,MO,ACE,CE,Federal Contract Tower,0,0,19,0,19,0,0,12,0,12,0,0,31,0,31,6,0,6,37
02/10/2021,JEF,MO,ACE,CE,Federal Contract Tower,0,0,11,0,11,0,0,0,0,0,0,0,11,0,11,0,0,0,11
02/11/2021,JEF,MO,ACE,CE,Federal Contract Tower,0,1,13,0,14,0,0,20,0,20,0,1,33,0,34,0,0,0,34
02/12/2021,JEF,MO,ACE,CE,Federal Contract Tower,0,0,8,0,8,0,0,33,0,33,0,0,41,0,41,0,0,0,41
02/13/2021,JEF,MO,ACE,CE,Federal Contract Tower,0,0,4,0,4,0,2,4,0,6,0,2,8,0,10,0,0,0,10
02/14/2021,JEF,MO,ACE,CE,Federal Contract Tower,0,1,0,0,1,0,0,0,0,0,0,1,0,0,1,0,0,0,1
02/15/2021,JEF,MO,ACE,CE,Federal Contract Tower,0,0,2,0,2,0,0,0,0,0,0,0,2,0,2,0,0,0,2
02/16/2021,JEF,MO,ACE,CE,Federal Contract Tower,0,0,6,0,6,0,0,3,0,3,0,0,9,0,9,0,0,0,9
02/17/2021,JEF,MO,ACE,CE,Federal Contract Tower,0,0,10,0,10,0,0,0,0,0,0,0,10,0,10,0,0,0,10
02/18/2021,JEF,MO,ACE,CE,Federal Contract Tower,0,0,4,2,6,0,1,9,8,18,0,1,13,10,24,14,2,16,40
02/19/2021,JEF,MO,ACE,CE,Federal Contract Tower,0,0,11,2,13,0,0,53,3,56,0,0,64,5,69,32,0,32,101
02/20/2021,JEF,MO,ACE,CE,Federal Contract Tower,0,0,13,0,13,0,2,38,0,40,0,2,51,0,53,44,6,50,103
02/21/2021,JEF,MO,ACE,CE,Federal Contract Tower,0,0,0,0,0,0,0,0,0,0,0,0,0,0,0,0,0,0,0
02/22/2021,JEF,MO,ACE,CE,Federal Contract Tower,0,0,15,2,17,0,1,37,0,38,0,1,52,2,55,32,0,32,87
02/23/2021,JEF,MO,ACE,CE,Federal Contract Tower,0,0,16,4,20,0,4,67,5,76,0,4,83,9,96,16,6,22,118
02/24/2021,JEF,MO,ACE,CE,Federal Contract Tower,0,0,33,1,34,0,2,58,16,76,0,2,91,17,110,58,2,60,170
02/25/2021,JEF,MO,ACE,CE,Federal Contract Tower,0,6,21,1,28,0,4,44,1,49,0,10,65,2,77,52,0,52,129
02/26/2021,JEF,MO,ACE,CE,Federal Contract Tower,0,3,15,3,21,0,0,38,2,40,0,3,53,5,61,92,0,92,153
02/27/2021,JEF,MO,ACE,CE,Federal Contract Tower,0,0,5,0,5,0,0,36,0,36,0,0,41,0,41,42,0,42,83
02/28/2021,JEF,MO,ACE,CE,Federal Contract Tower,0,2,14,0,16,0,0,7,0,7,0,2,21,0,23,4,0,4,27
03/01/2021,JEF,MO,ACE,CE,Federal Contract Tower,0,2,20,0,22,0,0,51,2,53,0,2,71,2,75,36,0,36,111
03/02/2021,JEF,MO,ACE,CE,Federal Contract Tower,0,2,21,0,23,0,9,39,4,52,0,11,60,4,75,42,0,42,117
03/03/2021,JEF,MO,ACE,CE,Federal Contract Tower,0,1,29,0,30,0,0,51,7,58,0,1,80,7,88,32,0,32,120
03/04/2021,JEF,MO,ACE,CE,Federal Contract Tower,0,0,21,2,23,0,0,75,3,78,0,0,96,5,101,26,10,36,137
03/05/2021,JEF,MO,ACE,CE,Federal Contract Tower,0,0,17,2,19,0,0,55,12,67,0,0,72,14,86,51,2,53,139
03/06/2021,JEF,MO,ACE,CE,Federal Contract Tower,0,2,7,1,10,0,0,53,0,53,0,2,60,1,63,60,0,60,123
03/07/2021,JEF,MO,ACE,CE,Federal Contract Tower,0,0,8,0,8,0,0,39,0,39,0,0,47,0,47,44,0,44,91
03/08/2021,JEF,MO,ACE,CE,Federal Contract Tower,0,1,19,0,20,0,2,36,4,42,0,3,55,4,62,20,0,20,82
03/09/2021,JEF,MO,ACE,CE,Federal Contract Tower,0,1,15,2,18,0,0,20,2,22,0,1,35,4,40,0,0,0,40
03/10/2021,JEF,MO,ACE,CE,Federal Contract Tower,0,3,21,0,24,0,0,12,8,20,0,3,33,8,44,8,0,8,52
03/11/2021,JEF,MO,ACE,CE,Federal Contract Tower,0,4,16,0,20,0,0,14,0,14,0,4,30,0,34,8,0,8,42
03/12/2021,JEF,MO,ACE,CE,Federal Contract Tower,0,2,5,2,9,0,0,16,0,16,0,2,21,2,25,0,2,2,27
03/13/2021,JEF,MO,ACE,CE,Federal Contract Tower,0,0,7,0,7,0,0,6,0,6,0,0,13,0,13,48,0,48,61
03/14/2021,JEF,MO,ACE,CE,Federal Contract Tower,0,0,7,0,7,0,0,0,0,0,0,0,7,0,7,0,0,0,7
03/15/2021,JEF,MO,ACE,CE,Federal Contract Tower,0,2,9,2,13,0,0,17,0,17,0,2,26,2,30,0,0,0,30
03/16/2021,JEF,MO,ACE,CE,Federal Contract Tower,0,2,28,8,38,0,0,0,0,0,0,2,28,8,38,0,10,10,48
03/17/2021,JEF,MO,ACE,CE,Federal Contract Tower,0,0,13,0,13,0,0,0,0,0,0,0,13,0,13,0,0,0,13
03/18/2021,JEF,MO,ACE,CE,Federal Contract Tower,0,2,16,2,20,0,0,1,0,1,0,2,17,2,21,0,0,0,21
03/19/2021,JEF,MO,ACE,CE,Federal Contract Tower,0,0,23,0,23,0,2,54,6,62,0,2,77,6,85,42,12,54,139
03/20/2021,JEF,MO,ACE,CE,Federal Contract Tower,0,0,10,1,11,0,2,60,0,62,0,2,70,1,73,40,0,40,113
03/21/2021,JEF,MO,ACE,CE,Federal Contract Tower,0,1,12,2,15,0,2,18,4,24,0,3,30,6,39,0,0,0,39
03/22/2021,JEF,MO,ACE,CE,Federal Contract Tower,0,0,12,0,12,0,0,26,0,26,0,0,38,0,38,0,0,0,38
03/23/2021,JEF,MO,ACE,CE,Federal Contract Tower,0,0,6,0,6,0,3,3,6,12,0,3,9,6,18,8,0,8,26
03/24/2021,JEF,MO,ACE,CE,Federal Contract Tower,0,6,22,0,28,0,2,19,14,35,0,8,41,14,63,4,30,34,97
03/25/2021,JEF,MO,ACE,CE,Federal Contract Tower,0,2,13,0,15,0,0,10,4,14,0,2,23,4,29,0,0,0,29
03/26/2021,JEF,MO,ACE,CE,Federal Contract Tower,0,0,36,2,38,0,11,55,2,68,0,11,91,4,106,60,6,66,172
03/27/2021,JEF,MO,ACE,CE,Federal Contract Tower,0,1,7,2,10,0,0,27,0,27,0,1,34,2,37,10,0,10,47
03/28/2021,JEF,MO,ACE,CE,Federal Contract Tower,0,2,6,0,8,0,4,38,0,42,0,6,44,0,50,4,0,4,54
03/29/2021,JEF,MO,ACE,CE,Federal Contract Tower,0,0,12,1,13,0,5,54,0,59,0,5,66,1,72,32,0,32,104
03/30/2021,JEF,MO,ACE,CE,Federal Contract Tower,0,1,10,0,11,0,0,31,8,39,0,1,41,8,50,28,0,28,78
03/31/2021,JEF,MO,ACE,CE,Federal Contract Tower,0,2,16,2,20,0,2,46,2,50,0,4,62,4,70,20,0,20,90
04/01/2021,JEF,MO,ACE,CE,Federal Contract Tower,0,0,10,0,10,0,0,52,4,56,0,0,62,4,66,68,0,68,134
04/02/2021,JEF,MO,ACE,CE,Federal Contract Tower,0,2,5,0,7,0,3,60,0,63,0,5,65,0,70,48,0,48,118
04/03/2021,JEF,MO,ACE,CE,Federal Contract Tower,0,0,3,1,4,0,0,26,1,27,0,0,29,2,31,32,0,32,63
04/04/2021,JEF,MO,ACE,CE,Federal Contract Tower,0,0,2,0,2,0,0,26,0,26,0,0,28,0,28,0,0,0,28
04/05/2021,JEF,MO,ACE,CE,Federal Contract Tower,0,0,11,0,11,0,4,44,2,50,0,4,55,2,61,46,6,52,113
04/06/2021,JEF,MO,ACE,CE,Federal Contract Tower,0,0,13,2,15,0,2,35,2,39,0,2,48,4,54,24,0,24,78
04/07/2021,JEF,MO,ACE,CE,Federal Contract Tower,0,0,10,0,10,0,0,3,0,3,0,0,13,0,13,0,0,0,13
04/08/2021,JEF,MO,ACE,CE,Federal Contract Tower,0,0,22,2,24,0,0,10,4,14,0,0,32,6,38,4,26,30,68
04/09/2021,JEF,MO,ACE,CE,Federal Contract Tower,0,0,18,3,21,0,4,53,6,63,0,4,71,9,84,96,16,112,196
04/10/2021,JEF,MO,ACE,CE,Federal Contract Tower,0,1,5,0,6,0,0,0,0,0,0,1,5,0,6,0,0,0,6
04/11/2021,JEF,MO,ACE,CE,Federal Contract Tower,0,0,10,0,10,0,5,35,3,43,0,5,45,3,53,16,0,16,69
04/12/2021,JEF,MO,ACE,CE,Federal Contract Tower,0,0,18,1,19,0,2,63,5,70,0,2,81,6,89,74,2,76,165
04/13/2021,JEF,MO,ACE,CE,Federal Contract Tower,0,2,13,0,15,0,0,75,6,81,0,2,88,6,96,60,0,60,156
04/14/2021,JEF,MO,ACE,CE,Federal Contract Tower,0,1,23,1,25,0,3,72,9,84,0,4,95,10,109,90,12,102,211
04/15/2021,JEF,MO,ACE,CE,Federal Contract Tower,0,1,30,0,31,0,0,50,11,61,0,1,80,11,92,72,36,108,200
04/16/2021,JEF,MO,ACE,CE,Federal Contract Tower,0,0,15,2,17,0,0,35,0,35,0,0,50,2,52,76,12,88,140
04/17/2021,JEF,MO,ACE,CE,Federal Contract Tower,0,2,1,0,3,0,0,14,0,14,0,2,15,0,17,4,0,4,21
04/18/2021,JEF,MO,ACE,CE,Federal Contract Tower,0,2,8,0,10,0,2,28,0,30,0,4,36,0,40,60,0,60,100
04/19/2021,JEF,MO,ACE,CE,Federal Contract Tower,0,4,8,0,12,0,7,48,5,60,0,11,56,5,72,52,0,52,124
04/20/2021,JEF,MO,ACE,CE,Federal Contract Tower,0,2,8,2,12,0,0,2,0,2,0,2,10,2,14,0,0,0,14
04/21/2021,JEF,MO,ACE,CE,Federal Contract Tower,0,0,16,0,16,0,2,33,1,36,0,2,49,1,52,24,4,28,80
04/22/2021,JEF,MO,ACE,CE,Federal Contract Tower,0,0,29,0,29,0,4,70,5,79,0,4,99,5,108,86,12,98,206
04/23/2021,JEF,MO,ACE,CE,Federal Contract Tower,0,0,11,2,13,0,2,23,2,27,0,2,34,4,40,10,12,22,62
04/24/2021,JEF,MO,ACE,CE,Federal Contract Tower,0,0,0,2,2,0,0,6,0,6,0,0,6,2,8,4,0,4,12
04/25/2021,JEF,MO,ACE,CE,Federal Contract Tower,0,0,13,0,13,0,6,45,2,53,0,6,58,2,66,22,0,22,88
04/26/2021,JEF,MO,ACE,CE,Federal Contract Tower,0,0,10,0,10,0,0,14,2,16,0,0,24,2,26,20,0,20,46
04/27/2021,JEF,MO,ACE,CE,Federal Contract Tower,0,0,15,2,17,0,0,40,4,44,0,0,55,6,61,18,0,18,79
04/28/2021,JEF,MO,ACE,CE,Federal Contract Tower,0,0,13,1,14,0,0,12,6,18,0,0,25,7,32,68,2,70,102
04/29/2021,JEF,MO,ACE,CE,Federal Contract Tower,0,3,22,5,30,0,0,28,10,38,0,3,50,15,68,14,2,16,84
04/30/2021,JEF,MO,ACE,CE,Federal Contract Tower,0,1,12,1,14,0,0,100,15,115,0,1,112,16,129,144,18,162,291
05/01/2021,JEF,MO,ACE,CE,Federal Contract Tower,0,1,5,1,7,0,0,20,5,25,0,1,25,6,32,10,0,10,42
05/02/2021,JEF,MO,ACE,CE,Federal Contract Tower,0,3,7,4,14,0,0,2,8,10,0,3,9,12,24,8,6,14,38
05/03/2021,JEF,MO,ACE,CE,Federal Contract Tower,0,4,16,2,22,0,2,36,1,39,0,6,52,3,61,44,0,44,105
05/04/2021,JEF,MO,ACE,CE,Federal Contract Tower,0,0,18,4,22,0,0,9,2,11,0,0,27,6,33,0,2,2,35
05/05/2021,JEF,MO,ACE,CE,Federal Contract Tower,0,2,22,1,25,0,4,66,5,75,0,6,88,6,100,72,0,72,172
05/06/2021,JEF,MO,ACE,CE,Federal Contract Tower,0,4,17,0,21,0,2,29,10,41,0,6,46,10,62,36,0,36,98
05/07/2021,JEF,MO,ACE,CE,Federal Contract Tower,0,0,21,4,25,0,2,26,7,35,0,2,47,11,60,42,0,42,102
05/08/2021,JEF,MO,ACE,CE,Federal Contract Tower,0,0,4,0,4,0,0,3,0,3,0,0,7,0,7,42,0,42,49
05/09/2021,JEF,MO,ACE,CE,Federal Contract Tower,0,0,14,0,14,0,0,0,0,0,0,0,14,0,14,2,0,2,16
05/10/2021,JEF,MO,ACE,CE,Federal Contract Tower,0,4,16,0,20,0,1,58,1,60,0,5,74,1,80,66,0,66,146
05/11/2021,JEF,MO,ACE,CE,Federal Contract Tower,0,0,14,0,14,0,0,42,0,42,0,0,56,0,56,32,0,32,88
05/12/2021,JEF,MO,ACE,CE,Federal Contract Tower,0,0,17,3,20,0,8,57,7,72,0,8,74,10,92,42,0,42,134
05/13/2021,JEF,MO,ACE,CE,Federal Contract Tower,0,0,29,0,29,0,2,62,21,85,0,2,91,21,114,90,18,108,222
05/14/2021,JEF,MO,ACE,CE,Federal Contract Tower,0,0,8,0,8,0,0,29,5,34,0,0,37,5,42,52,0,52,94
05/15/2021,JEF,MO,ACE,CE,Federal Contract Tower,0,0,7,0,7,0,0,10,0,10,0,0,17,0,17,4,0,4,21
05/16/2021,JEF,MO,ACE,CE,Federal Contract Tower,0,2,5,0,7,0,0,9,0,9,0,2,14,0,16,22,0,22,38
05/17/2021,JEF,MO,ACE,CE,Federal Contract Tower,0,0,20,0,20,0,0,0,0,0,0,0,20,0,20,0,0,0,20
05/18/2021,JEF,MO,ACE,CE,Federal Contract Tower,0,1,12,2,15,0,0,2,4,6,0,1,14,6,21,12,0,12,33
05/19/2021,JEF,MO,ACE,CE,Federal Contract Tower,0,2,19,0,21,0,1,19,10,30,0,3,38,10,51,10,0,10,61
05/20/2021,JEF,MO,ACE,CE,Federal Contract Tower,0,1,31,1,33,0,7,21,9,37,0,8,52,10,70,6,8,14,84
05/21/2021,JEF,MO,ACE,CE,Federal Contract Tower,0,0,20,0,20,0,0,31,2,33,0,0,51,2,53,100,0,100,153
05/22/2021,JEF,MO,ACE,CE,Federal Contract Tower,0,2,17,0,19,0,0,14,0,14,0,2,31,0,33,10,0,10,43
05/23/2021,JEF,MO,ACE,CE,Federal Contract Tower,0,0,7,0,7,0,2,38,2,42,0,2,45,2,49,36,0,36,85
05/24/2021,JEF,MO,ACE,CE,Federal Contract Tower,0,2,15,0,17,0,4,59,6,69,0,6,74,6,86,84,0,84,170
05/25/2021,JEF,MO,ACE,CE,Federal Contract Tower,0,3,15,4,22,0,0,10,4,14,0,3,25,8,36,8,0,8,44
05/26/2021,JEF,MO,ACE,CE,Federal Contract Tower,0,6,28,0,34,0,0,41,4,45,0,6,69,4,79,102,0,102,181
05/27/2021,JEF,MO,ACE,CE,Federal Contract Tower,0,6,4,0,10,0,0,8,0,8,0,6,12,0,18,0,0,0,18
05/28/2021,JEF,MO,ACE,CE,Federal Contract Tower,0,2,19,0,21,0,0,8,0,8,0,2,27,0,29,0,0,0,29
05/29/2021,JEF,MO,ACE,CE,Federal Contract Tower,0,0,15,0,15,0,0,22,0,22,0,0,37,0,37,12,0,12,49
05/30/2021,JEF,MO,ACE,CE,Federal Contract Tower,0,0,3,0,3,0,2,34,0,36,0,2,37,0,39,14,0,14,53
05/31/2021,JEF,MO,ACE,CE,Federal Contract Tower,0,0,7,0,7,0,0,13,0,13,0,0,20,0,20,24,0,24,44
06/01/2021,JEF,MO,ACE,CE,Federal Contract Tower,0,1,14,4,19,0,0,36,5,41,0,1,50,9,60,48,4,52,112
06/02/2021,JEF,MO,ACE,CE,Federal Contract Tower,0,1,14,7,22,0,4,22,3,29,0,5,36,10,51,68,10,78,129
06/03/2021,JEF,MO,ACE,CE,Federal Contract Tower,0,1,10,0,11,0,3,77,10,90,0,4,87,10,101,110,12,122,223
06/04/2021,JEF,MO,ACE,CE,Federal Contract Tower,0,1,19,2,22,0,2,81,3,86,0,3,100,5,108,62,12,74,182
06/05/2021,JEF,MO,ACE,CE,Federal Contract Tower,0,0,11,0,11,0,1,41,2,44,0,1,52,2,55,48,0,48,103
06/06/2021,JEF,MO,ACE,CE,Federal Contract Tower,0,0,9,0,9,0,0,15,0,15,0,0,24,0,24,48,0,48,72
06/07/2021,JEF,MO,ACE,CE,Federal Contract Tower,0,0,13,2,15,0,0,9,0,9,0,0,22,2,24,22,12,34,58
06/08/2021,JEF,MO,ACE,CE,Federal Contract Tower,0,0,19,2,21,0,0,20,5,25,0,0,39,7,46,46,2,48,94
06/09/2021,JEF,MO,ACE,CE,Federal Contract Tower,0,1,22,0,23,0,0,53,4,57,0,1,75,4,80,56,0,56,136
06/10/2021,JEF,MO,ACE,CE,Federal Contract Tower,0,2,32,3,37,0,0,64,7,71,0,2,96,10,108,78,0,78,186
06/11/2021,JEF,MO,ACE,CE,Federal Contract Tower,0,1,14,2,17,0,1,35,11,47,0,2,49,13,64,64,0,64,128
06/12/2021,JEF,MO,ACE,CE,Federal Contract Tower,0,0,3,0,3,0,5,20,1,26,0,5,23,1,29,36,0,36,65
06/13/2021,JEF,MO,ACE,CE,Federal Contract Tower,0,0,8,0,8,0,0,39,0,39,0,0,47,0,47,14,0,14,61
06/14/2021,JEF,MO,ACE,CE,Federal Contract Tower,0,0,7,0,7,0,6,41,9,56,0,6,48,9,63,66,0,66,129
06/15/2021,JEF,MO,ACE,CE,Federal Contract Tower,0,2,7,0,9,0,6,46,3,55,0,8,53,3,64,82,0,82,146
06/16/2021,JEF,MO,ACE,CE,Federal Contract Tower,0,4,17,0,21,0,5,75,3,83,0,9,92,3,104,170,0,170,274
06/17/2021,JEF,MO,ACE,CE,Federal Contract Tower,0,0,30,2,32,0,3,67,1,71,0,3,97,3,103,44,0,44,147
06/18/2021,JEF,MO,ACE,CE,Federal Contract Tower,0,0,3,0,3,0,0,9,0,9,0,0,12,0,12,0,0,0,12
06/19/2021,JEF,MO,ACE,CE,Federal Contract Tower,0,0,3,0,3,0,0,18,0,18,0,0,21,0,21,8,0,8,29
06/20/2021,JEF,MO,ACE,CE,Federal Contract Tower,0,0,5,0,5,0,2,23,0,25,0,2,28,0,30,0,0,0,30
06/21/2021,JEF,MO,ACE,CE,Federal Contract Tower,0,1,11,2,14,0,4,35,0,39,0,5,46,2,53,38,0,38,91
06/22/2021,JEF,MO,ACE,CE,Federal Contract Tower,0,23,2,0,25,0,2,71,0,73,0,25,73,0,98,36,0,36,134
06/23/2021,JEF,MO,ACE,CE,Federal Contract Tower,0,0,14,0,14,0,2,60,2,64,0,2,74,2,78,0,0,0,78
06/24/2021,JEF,MO,ACE,CE,Federal Contract Tower,0,0,7,2,9,0,0,17,2,19,0,0,24,4,28,58,0,58,86
06/25/2021,JEF,MO,ACE,CE,Federal Contract Tower,0,0,10,2,12,0,0,38,0,38,0,0,48,2,50,12,0,12,62
06/26/2021,JEF,MO,ACE,CE,Federal Contract Tower,0,0,5,0,5,0,0,6,0,6,0,0,11,0,11,0,0,0,11
06/27/2021,JEF,MO,ACE,CE,Federal Contract Tower,0,0,4,0,4,0,0,5,0,5,0,0,9,0,9,44,0,44,53
06/28/2021,JEF,MO,ACE,CE,Federal Contract Tower,0,2,11,1,14,0,0,13,1,14,0,2,24,2,28,6,0,6,34
06/29/2021,JEF,MO,ACE,CE,Federal Contract Tower,0,4,26,2,32,0,2,28,0,30,0,6,54,2,62,68,0,68,130
06/30/2021,JEF,MO,ACE,CE,Federal Contract Tower,0,1,19,0,20,0,0,23,3,26,0,1,42,3,46,66,0,66,112
07/01/2021,JEF,MO,ACE,CE,Federal Contract Tower,0,0,29,7,36,0,0,12,2,14,0,0,41,9,50,4,0,4,54
07/02/2021,JEF,MO,ACE,CE,Federal Contract Tower,0,0,21,0,21,0,13,47,3,63,0,13,68,3,84,112,0,112,196
07/03/2021,JEF,MO,ACE,CE,Federal Contract Tower,0,0,10,0,10,0,11,24,0,35,0,11,34,0,45,60,0,60,105
07/04/2021,JEF,MO,ACE,CE,Federal Contract Tower,0,0,1,0,1,0,0,12,0,12,0,0,13,0,13,14,0,14,27
07/05/2021,JEF,MO,ACE,CE,Federal Contract Tower,0,0,14,0,14,0,14,50,0,64,0,14,64,0,78,136,0,136,214
07/06/2021,JEF,MO,ACE,CE,Federal Contract Tower,0,0,12,0,12,0,10,45,2,57,0,10,57,2,69,94,0,94,163
07/07/2021,JEF,MO,ACE,CE,Federal Contract Tower,0,1,21,0,22,0,9,62,2,73,0,10,83,2,95,104,0,104,199
07/08/2021,JEF,MO,ACE,CE,Federal Contract Tower,0,3,41,1,45,0,0,27,4,31,0,3,68,5,76,56,0,56,132
07/09/2021,JEF,MO,ACE,CE,Federal Contract Tower,0,4,11,3,18,0,10,25,2,37,0,14,36,5,55,182,0,182,237
07/10/2021,JEF,MO,ACE,CE,Federal Contract Tower,0,0,9,0,9,0,0,1,0,1,0,0,10,0,10,0,0,0,10
07/11/2021,JEF,MO,ACE,CE,Federal Contract Tower,0,1,5,0,6,0,0,1,0,1,0,1,6,0,7,2,0,2,9
07/12/2021,JEF,MO,ACE,CE,Federal Contract Tower,0,2,21,4,27,0,0,12,2,14,0,2,33,6,41,16,0,16,57
07/13/2021,JEF,MO,ACE,CE,Federal Contract Tower,0,0,20,1,21,0,14,46,5,65,0,14,66,6,86,190,0,190,276
07/14/2021,JEF,MO,ACE,CE,Federal Contract Tower,0,1,19,2,22,0,4,59,7,70,0,5,78,9,92,94,0,94,186
07/15/2021,JEF,MO,ACE,CE,Federal Contract Tower,0,4,31,2,37,0,0,40,3,43,0,4,71,5,80,34,0,34,114
07/16/2021,JEF,MO,ACE,CE,Federal Contract Tower,0,1,19,6,26,0,2,27,2,31,0,3,46,8,57,70,0,70,127
07/17/2021,JEF,MO,ACE,CE,Federal Contract Tower,0,0,9,0,9,0,0,22,0,22,0,0,31,0,31,0,0,0,31
07/18/2021,JEF,MO,ACE,CE,Federal Contract Tower,0,0,7,2,9,0,7,29,0,36,0,7,36,2,45,22,2,24,69
07/19/2021,JEF,MO,ACE,CE,Federal Contract Tower,0,2,25,0,27,0,0,47,7,54,0,2,72,7,81,190,20,210,291
07/20/2021,JEF,MO,ACE,CE,Federal Contract Tower,0,6,25,1,32,0,2,59,9,70,0,8,84,10,102,204,0,204,306
07/21/2021,JEF,MO,ACE,CE,Federal Contract Tower,0,6,27,3,36,0,11,44,14,69,0,17,71,17,105,122,0,122,227
07/22/2021,JEF,MO,ACE,CE,Federal Contract Tower,0,7,22,1,30,0,4,55,8,67,0,11,77,9,97,146,4,150,247
07/23/2021,JEF,MO,ACE,CE,Federal Contract Tower,0,2,17,2,21,0,1,48,0,49,0,3,65,2,70,92,0,92,162
07/24/2021,JEF,MO,ACE,CE,Federal Contract Tower,0,0,9,0,9,0,6,45,0,51,0,6,54,0,60,32,0,32,92
07/25/2021,JEF,MO,ACE,CE,Federal Contract Tower,0,0,11,2,13,0,0,23,0,23,0,0,34,2,36,92,0,92,128
07/26/2021,JEF,MO,ACE,CE,Federal Contract Tower,0,2,13,2,17,0,2,52,0,54,0,4,65,2,71,56,0,56,127
07/27/2021,JEF,MO,ACE,CE,Federal Contract Tower,0,0,18,1,19,0,1,54,4,59,0,1,72,5,78,48,0,48,126
07/28/2021,JEF,MO,ACE,CE,Federal Contract Tower,0,2,15,0,17,0,0,64,4,68,0,2,79,4,85,100,0,100,185
07/29/2021,JEF,MO,ACE,CE,Federal Contract Tower,0,4,11,3,18,0,2,62,6,70,0,6,73,9,88,48,0,48,136
07/30/2021,JEF,MO,ACE,CE,Federal Contract Tower,0,2,10,11,23,0,0,33,8,41,0,2,43,19,64,50,14,64,128
07/31/2021,JEF,MO,ACE,CE,Federal Contract Tower,0,0,6,1,7,0,0,9,0,9,0,0,15,1,16,26,0,26,42
08/01/2021,JEF,MO,ACE,CE,Federal Contract Tower,0,2,15,0,17,0,0,40,0,40,0,2,55,0,57,2,0,2,59
08/02/2021,JEF,MO,ACE,CE,Federal Contract Tower,0,3,15,1,19,0,0,46,8,54,0,3,61,9,73,108,0,108,181
08/03/2021,JEF,MO,ACE,CE,Federal Contract Tower,0,1,20,0,21,0,2,55,8,65,0,3,75,8,86,106,0,106,192
08/04/2021,JEF,MO,ACE,CE,Federal Contract Tower,0,0,18,2,20,0,0,46,4,50,0,0,64,6,70,106,12,118,188
08/05/2021,JEF,MO,ACE,CE,Federal Contract Tower,0,0,26,1,27,0,2,40,8,50,0,2,66,9,77,36,0,36,113
08/06/2021,JEF,MO,ACE,CE,Federal Contract Tower,0,0,11,0,11,0,0,57,7,64,0,0,68,7,75,134,0,134,209
08/07/2021,JEF,MO,ACE,CE,Federal Contract Tower,0,0,5,0,5,0,0,31,0,31,0,0,36,0,36,4,0,4,40
08/08/2021,JEF,MO,ACE,CE,Federal Contract Tower,0,0,8,0,8,0,0,11,0,11,0,0,19,0,19,0,0,0,19
08/09/2021,JEF,MO,ACE,CE,Federal Contract Tower,0,0,21,0,21,0,4,19,2,25,0,4,40,2,46,20,0,20,66
08/10/2021,JEF,MO,ACE,CE,Federal Contract Tower,0,2,14,2,18,0,4,17,8,29,0,6,31,10,47,16,0,16,63
08/11/2021,JEF,MO,ACE,CE,Federal Contract Tower,0,3,12,3,18,0,3,31,4,38,0,6,43,7,56,8,0,8,64
08/12/2021,JEF,MO,ACE,CE,Federal Contract Tower,0,0,19,0,19,0,0,23,8,31,0,0,42,8,50,10,0,10,60
08/13/2021,JEF,MO,ACE,CE,Federal Contract Tower,0,0,15,0,15,0,0,33,9,42,0,0,48,9,57,110,0,110,167
08/14/2021,JEF,MO,ACE,CE,Federal Contract Tower,0,0,12,2,14,0,2,43,0,45,0,2,55,2,59,30,0,30,89
08/15/2021,JEF,MO,ACE,CE,Federal Contract Tower,0,1,5,0,6,0,1,69,0,70,0,2,74,0,76,46,0,46,122
08/16/2021,JEF,MO,ACE,CE,Federal Contract Tower,0,0,10,3,13,0,1,71,8,80,0,1,81,11,93,110,2,112,205
08/17/2021,JEF,MO,ACE,CE,Federal Contract Tower,0,2,20,0,22,0,2,75,4,81,0,4,95,4,103,60,0,60,163
08/18/2021,JEF,MO,ACE,CE,Federal Contract Tower,0,0,22,0,22,0,0,47,9,56,0,0,69,9,78,66,18,84,162
08/19/2021,JEF,MO,ACE,CE,Federal Contract Tower,0,0,32,4,36,0,0,20,6,26,0,0,52,10,62,20,0,20,82
08/20/2021,JEF,MO,ACE,CE,Federal Contract Tower,0,0,18,6,24,0,2,39,7,48,0,2,57,13,72,42,0,42,114
08/21/2021,JEF,MO,ACE,CE,Federal Contract Tower,0,0,8,0,8,0,0,23,0,23,0,0,31,0,31,14,0,14,45
08/22/2021,JEF,MO,ACE,CE,Federal Contract Tower,0,1,8,0,9,0,10,36,0,46,0,11,44,0,55,48,0,48,103
08/23/2021,JEF,MO,ACE,CE,Federal Contract Tower,0,0,10,2,12,0,2,28,4,34,0,2,38,6,46,24,0,24,70
08/24/2021,JEF,MO,ACE,CE,Federal Contract Tower,0,2,14,2,18,0,2,55,0,57,0,4,69,2,75,22,0,22,97
08/25/2021,JEF,MO,ACE,CE,Federal Contract Tower,0,0,17,2,19,0,4,43,2,49,0,4,60,4,68,26,0,26,94
08/26/2021,JEF,MO,ACE,CE,Federal Contract Tower,0,0,16,2,18,0,5,63,4,72,0,5,79,6,90,50,0,50,140
08/27/2021,JEF,MO,ACE,CE,Federal Contract Tower,0,0,9,1,10,0,2,70,4,76,0,2,79,5,86,58,0,58,144
08/28/2021,JEF,MO,ACE,CE,Federal Contract Tower,0,0,14,1,15,0,0,42,1,43,0,0,56,2,58,48,12,60,118
08/29/2021,JEF,MO,ACE,CE,Federal Contract Tower,0,0,14,0,14,0,0,28,0,28,0,0,42,0,42,24,0,24,66
08/30/2021,JEF,MO,ACE,CE,Federal Contract Tower,0,2,15,0,17,0,0,43,7,50,0,2,58,7,67,54,0,54,121
08/31/2021,JEF,MO,ACE,CE,Federal Contract Tower,0,2,12,2,16,0,5,26,7,38,0,7,38,9,54,28,14,42,96
09/01/2021,JEF,MO,ACE,CE,Federal Contract Tower,0,4,8,0,12,0,0,51,6,57,0,4,59,6,69,184,4,188,257
09/02/2021,JEF,MO,ACE,CE,Federal Contract Tower,0,0,20,4,24,0,2,87,9,98,0,2,107,13,122,122,6,128,250
09/03/2021,JEF,MO,ACE,CE,Federal Contract Tower,0,0,18,0,18,0,0,37,0,37,0,0,55,0,55,124,0,124,179
09/04/2021,JEF,MO,ACE,CE,Federal Contract Tower,0,0,3,0,3,0,0,0,0,0,0,0,3,0,3,0,0,0,3
09/05/2021,JEF,MO,ACE,CE,Federal Contract Tower,0,1,1,0,2,0,2,20,0,22,0,3,21,0,24,28,0,28,52
09/06/2021,JEF,MO,ACE,CE,Federal Contract Tower,0,0,12,0,12,0,0,61,0,61,0,0,73,0,73,62,0,62,135
09/07/2021,JEF,MO,ACE,CE,Federal Contract Tower,0,1,11,2,14,0,2,48,8,58,0,3,59,10,72,58,48,106,178
09/08/2021,JEF,MO,ACE,CE,Federal Contract Tower,0,0,14,6,20,0,2,72,2,76,0,2,86,8,96,62,6,68,164
09/09/2021,JEF,MO,ACE,CE,Federal Contract Tower,0,6,20,1,27,0,0,62,7,69,0,6,82,8,96,94,36,130,226
09/10/2021,JEF,MO,ACE,CE,Federal Contract Tower,0,2,19,14,35,0,6,43,10,59,0,8,62,24,94,38,24,62,156
09/11/2021,JEF,MO,ACE,CE,Federal Contract Tower,0,2,3,2,7,0,5,51,10,66,0,7,54,12,73,44,0,44,117
09/12/2021,JEF,MO,ACE,CE,Federal Contract Tower,0,5,8,0,13,0,0,43,8,51,0,5,51,8,64,60,0,60,124
09/13/2021,JEF,MO,ACE,CE,Federal Contract Tower,0,0,11,0,11,0,6,17,6,29,0,6,28,6,40,30,12,42,82
09/14/2021,JEF,MO,ACE,CE,Federal Contract Tower,0,0,16,3,19,0,2,25,2,29,0,2,41,5,48,18,4,22,70
09/15/2021,JEF,MO,ACE,CE,Federal Contract Tower,0,2,23,1,26,0,4,57,12,73,0,6,80,13,99,98,0,98,197
09/16/2021,JEF,MO,ACE,CE,Federal Contract Tower,0,2,22,2,26,0,2,74,8,84,0,4,96,10,110,46,0,46,156
09/17/2021,JEF,MO,ACE,CE,Federal Contract Tower,0,6,16,2,24,0,16,80,14,110,0,22,96,16,134,156,0,156,290
09/18/2021,JEF,MO,ACE,CE,Federal Contract Tower,0,1,13,0,14,0,0,113,22,135,0,1,126,22,149,74,2,76,225
09/19/2021,JEF,MO,ACE,CE,Federal Contract Tower,0,2,21,2,25,0,3,25,1,29,0,5,46,3,54,16,0,16,70
09/20/2021,JEF,MO,ACE,CE,Federal Contract Tower,0,2,19,0,21,0,3,25,0,28,0,5,44,0,49,26,0,26,75
09/21/2021,JEF,MO,ACE,CE,Federal Contract Tower,0,2,28,2,32,0,4,20,2,26,0,6,48,4,58,76,0,76,134
09/22/2021,JEF,MO,ACE,CE,Federal Contract Tower,0,0,21,2,23,0,3,58,14,75,0,3,79,16,98,32,24,56,154
09/23/2021,JEF,MO,ACE,CE,Federal Contract Tower,0,2,33,2,37,0,9,91,2,102,0,11,124,4,139,42,0,42,181
09/24/2021,JEF,MO,ACE,CE,Federal Contract Tower,0,2,17,3,22,0,0,59,7,66,0,2,76,10,88,46,0,46,134
09/25/2021,JEF,MO,ACE,CE,Federal Contract Tower,0,0,17,0,17,0,6,54,2,62,0,6,71,2,79,44,0,44,123
09/26/2021,JEF,MO,ACE,CE,Federal Contract Tower,0,0,9,0,9,0,0,29,0,29,0,0,38,0,38,22,0,22,60
09/27/2021,JEF,MO,ACE,CE,Federal Contract Tower,0,0,13,2,15,0,2,31,0,33,0,2,44,2,48,20,0,20,68
09/28/2021,JEF,MO,ACE,CE,Federal Contract Tower,0,0,11,3,14,0,0,37,6,43,0,0,48,9,57,37,12,49,106
09/29/2021,JEF,MO,ACE,CE,Federal Contract Tower,0,0,16,1,17,0,0,35,0,35,0,0,51,1,52,46,0,46,98
09/30/2021,JEF,MO,ACE,CE,Federal Contract Tower,0,2,17,1,20,0,0,42,2,44,0,2,59,3,64,16,0,16,80
10/01/2021,JEF,MO,ACE,CE,Federal Contract Tower,0,0,18,3,21,0,0,19,1,20,0,0,37,4,41,20,0,20,61
10/02/2021,JEF,MO,ACE,CE,Federal Contract Tower,0,2,6,1,9,0,0,2,0,2,0,2,8,1,11,0,0,0,11
10/03/2021,JEF,MO,ACE,CE,Federal Contract Tower,0,0,23,5,28,0,0,4,4,8,0,0,27,9,36,0,0,0,36
10/04/2021,JEF,MO,ACE,CE,Federal Contract Tower,0,0,15,0,15,0,11,57,4,72,0,11,72,4,87,58,0,58,145
10/05/2021,JEF,MO,ACE,CE,Federal Contract Tower,0,0,28,0,28,0,0,20,0,20,0,0,48,0,48,80,0,80,128
10/06/2021,JEF,MO,ACE,CE,Federal Contract Tower,0,0,35,0,35,0,0,4,0,4,0,0,39,0,39,0,0,0,39
10/07/2021,JEF,MO,ACE,CE,Federal Contract Tower,0,0,24,1,25,0,0,15,2,17,0,0,39,3,42,4,0,4,46
10/08/2021,JEF,MO,ACE,CE,Federal Contract Tower,0,2,28,0,30,0,0,74,2,76,0,2,102,2,106,171,0,171,277
10/09/2021,JEF,MO,ACE,CE,Federal Contract Tower,0,0,10,0,10,0,0,42,3,45,0,0,52,3,55,72,0,72,127
10/10/2021,JEF,MO,ACE,CE,Federal Contract Tower,0,0,19,0,19,0,0,15,0,15,0,0,34,0,34,50,0,50,84
10/11/2021,JEF,MO,ACE,CE,Federal Contract Tower,0,0,11,0,11,0,0,0,0,0,0,0,11,0,11,0,0,0,11
10/12/2021,JEF,MO,ACE,CE,Federal Contract Tower,0,0,23,0,23,0,1,88,4,93,0,1,111,4,116,144,0,144,260
10/13/2021,JEF,MO,ACE,CE,Federal Contract Tower,0,4,21,2,27,0,1,17,0,18,0,5,38,2,45,6,0,6,51
10/14/2021,JEF,MO,ACE,CE,Federal Contract Tower,0,0,23,0,23,0,0,29,4,33,0,0,52,4,56,134,4,138,194
10/15/2021,JEF,MO,ACE,CE,Federal Contract Tower,0,0,35,2,37,0,0,12,0,12,0,0,47,2,49,44,0,44,93
10/16/2021,JEF,MO,ACE,CE,Federal Contract Tower,0,2,11,0,13,0,2,59,0,61,0,4,70,0,74,100,0,100,174
10/17/2021,JEF,MO,ACE,CE,Federal Contract Tower,0,3,6,0,9,0,2,82,0,84,0,5,88,0,93,38,0,38,131
10/18/2021,JEF,MO,ACE,CE,Federal Contract Tower,0,2,19,0,21,0,0,53,0,53,0,2,72,0,74,118,0,118,192
10/19/2021,JEF,MO,ACE,CE,Federal Contract Tower,0,0,20,0,20,0,6,79,2,87,0,6,99,2,107,114,0,114,221
10/20/2021,JEF,MO,ACE,CE,Federal Contract Tower,0,2,21,0,23,0,2,41,2,45,0,4,62,2,68,56,2,58,126
10/21/2021,JEF,MO,ACE,CE,Federal Contract Tower,0,1,22,0,23,0,0,31,4,35,0,1,53,4,58,80,0,80,138
10/22/2021,JEF,MO,ACE,CE,Federal Contract Tower,0,0,25,1,26,0,2,49,1,52,0,2,74,2,78,114,0,114,192
10/23/2021,JEF,MO,ACE,CE,Federal Contract Tower,0,4,9,0,13,0,0,4,0,4,0,4,13,0,17,0,0,0,17
10/24/2021,JEF,MO,ACE,CE,Federal Contract Tower,0,2,5,0,7,0,0,0,0,0,0,2,5,0,7,0,0,0,7
10/25/2021,JEF,MO,ACE,CE,Federal Contract Tower,0,0,27,0,27,0,2,23,0,25,0,2,50,0,52,86,0,86,138
10/26/2021,JEF,MO,ACE,CE,Federal Contract Tower,0,9,25,3,37,0,4,47,9,60,0,13,72,12,97,54,0,54,151
10/27/2021,JEF,MO,ACE,CE,Federal Contract Tower,0,0,15,2,17,0,2,25,2,29,0,2,40,4,46,6,0,6,52
10/28/2021,JEF,MO,ACE,CE,Federal Contract Tower,0,1,23,1,25,0,0,0,0,0,0,1,23,1,25,0,0,0,25
10/29/2021,JEF,MO,ACE,CE,Federal Contract Tower,0,0,17,3,20,0,0,0,0,0,0,0,17,3,20,0,0,0,20
10/30/2021,JEF,MO,ACE,CE,Federal Contract Tower,0,0,13,0,13,0,0,48,0,48,0,0,61,0,61,20,0,20,81
10/31/2021,JEF,MO,ACE,CE,Federal Contract Tower,0,0,13,0,13,0,0,22,0,22,0,0,35,0,35,36,0,36,71
11/01/2021,JEF,MO,ACE,CE,Federal Contract Tower,0,0,12,2,14,0,5,26,0,31,0,5,38,2,45,38,0,38,83
11/02/2021,JEF,MO,ACE,CE,Federal Contract Tower,0,0,16,3,19,0,2,59,5,66,0,2,75,8,85,74,0,74,159
11/03/2021,JEF,MO,ACE,CE,Federal Contract Tower,0,1,24,0,25,0,1,81,2,84,0,2,105,2,109,116,0,116,225
11/04/2021,JEF,MO,ACE,CE,Federal Contract Tower,0,1,14,0,15,0,2,57,4,63,0,3,71,4,78,94,4,98,176
11/05/2021,JEF,MO,ACE,CE,Federal Contract Tower,0,4,21,0,25,0,0,57,2,59,0,4,78,2,84,76,0,76,160
11/06/2021,JEF,MO,ACE,CE,Federal Contract Tower,0,4,4,4,12,0,6,75,9,90,0,10,79,13,102,62,6,68,170
11/07/2021,JEF,MO,ACE,CE,Federal Contract Tower,0,4,7,0,11,0,2,54,0,56,0,6,61,0,67,84,0,84,151
11/08/2021,JEF,MO,ACE,CE,Federal Contract Tower,0,2,22,0,24,0,4,55,0,59,0,6,77,0,83,60,0,60,143
11/09/2021,JEF,MO,ACE,CE,Federal Contract Tower,0,6,20,3,29,0,4,59,2,65,0,10,79,5,94,60,0,60,154
11/10/2021,JEF,MO,ACE,CE,Federal Contract Tower,0,0,23,3,26,0,2,48,6,56,0,2,71,9,82,94,2,96,178
11/11/2021,JEF,MO,ACE,CE,Federal Contract Tower,0,0,24,0,24,0,0,30,0,30,0,0,54,0,54,10,0,10,64
11/12/2021,JEF,MO,ACE,CE,Federal Contract Tower,0,0,8,0,8,0,0,17,8,25,0,0,25,8,33,0,10,10,43
11/13/2021,JEF,MO,ACE,CE,Federal Contract Tower,0,0,8,0,8,0,0,54,0,54,0,0,62,0,62,16,0,16,78
11/14/2021,JEF,MO,ACE,CE,Federal Contract Tower,0,2,3,0,5,0,0,20,0,20,0,2,23,0,25,12,0,12,37
11/15/2021,JEF,MO,ACE,CE,Federal Contract Tower,0,4,15,2,21,0,0,23,5,28,0,4,38,7,49,12,2,14,63
11/16/2021,JEF,MO,ACE,CE,Federal Contract Tower,0,8,22,1,31,0,2,55,12,69,0,10,77,13,100,58,12,70,170
11/17/2021,JEF,MO,ACE,CE,Federal Contract Tower,0,0,31,5,36,0,2,13,3,18,0,2,44,8,54,8,6,14,68
11/18/2021,JEF,MO,ACE,CE,Federal Contract Tower,0,2,20,3,25,0,0,27,11,38,0,2,47,14,63,14,18,32,95
11/19/2021,JEF,MO,ACE,CE,Federal Contract Tower,0,2,8,1,11,0,0,51,5,56,0,2,59,6,67,62,0,62,129
11/20/2021,JEF,MO,ACE,CE,Federal Contract Tower,0,2,10,0,12,0,2,67,0,69,0,4,77,0,81,76,0,76,157
11/21/2021,JEF,MO,ACE,CE,Federal Contract Tower,0,0,10,0,10,0,0,58,0,58,0,0,68,0,68,50,0,50,118
11/22/2021,JEF,MO,ACE,CE,Federal Contract Tower,0,1,20,0,21,0,11,33,0,44,0,12,53,0,65,46,0,46,111
11/23/2021,JEF,MO,ACE,CE,Federal Contract Tower,0,2,21,3,26,0,2,47,6,55,0,4,68,9,81,80,0,80,161
11/24/2021,JEF,MO,ACE,CE,Federal Contract Tower,0,0,11,0,11,0,2,11,0,13,0,2,22,0,24,2,0,2,26
11/25/2021,JEF,MO,ACE,CE,Federal Contract Tower,0,0,1,0,1,0,1,0,0,1,0,1,1,0,2,0,0,0,2
11/26/2021,JEF,MO,ACE,CE,Federal Contract Tower,0,0,12,0,12,0,2,33,0,35,0,2,45,0,47,20,0,20,67
11/27/2021,JEF,MO,ACE,CE,Federal Contract Tower,0,0,3,0,3,0,0,35,0,35,0,0,38,0,38,28,0,28,66
11/28/2021,JEF,MO,ACE,CE,Federal Contract Tower,0,0,16,0,16,0,0,55,0,55,0,0,71,0,71,38,0,38,109
11/29/2021,JEF,MO,ACE,CE,Federal Contract Tower,0,0,24,0,24,0,2,54,0,56,0,2,78,0,80,18,0,18,98
11/30/2021,JEF,MO,ACE,CE,Federal Contract Tower,0,2,28,2,32,0,4,51,2,57,0,6,79,4,89,98,0,98,187
12/01/2021,JEF,MO,ACE,CE,Federal Contract Tower,0,1,32,3,36,0,3,38,6,47,0,4,70,9,83,84,12,96,179
12/02/2021,JEF,MO,ACE,CE,Federal Contract Tower,0,0,21,3,24,0,2,58,3,63,0,2,79,6,87,32,0,32,119
12/03/2021,JEF,MO,ACE,CE,Federal Contract Tower,0,0,21,2,23,0,0,62,0,62,0,0,83,2,85,40,0,40,125
12/04/2021,JEF,MO,ACE,CE,Federal Contract Tower,0,0,7,1,8,0,0,42,4,46,0,0,49,5,54,44,0,44,98
12/05/2021,JEF,MO,ACE,CE,Federal Contract Tower,0,0,13,1,14,0,2,15,2,19,0,2,28,3,33,64,0,64,97
12/06/2021,JEF,MO,ACE,CE,Federal Contract Tower,0,0,13,2,15,0,2,28,0,30,0,2,41,2,45,0,0,0,45
12/07/2021,JEF,MO,ACE,CE,Federal Contract Tower,0,2,24,2,28,0,0,24,2,26,0,2,48,4,54,140,0,140,194
12/08/2021,JEF,MO,ACE,CE,Federal Contract Tower,0,0,18,2,20,0,7,53,0,60,0,7,71,2,80,92,0,92,172
12/09/2021,JEF,MO,ACE,CE,Federal Contract Tower,0,4,19,2,25,0,4,22,9,35,0,8,41,11,60,6,0,6,66
12/10/2021,JEF,MO,ACE,CE,Federal Contract Tower,0,2,22,0,24,0,0,3,0,3,0,2,25,0,27,0,0,0,27
12/11/2021,JEF,MO,ACE,CE,Federal Contract Tower,0,0,6,0,6,0,0,10,0,10,0,0,16,0,16,34,0,34,50
12/12/2021,JEF,MO,ACE,CE,Federal Contract Tower,0,2,12,0,14,0,0,21,0,21,0,2,33,0,35,74,0,74,109
12/13/2021,JEF,MO,ACE,CE,Federal Contract Tower,0,1,17,2,20,0,13,39,0,52,0,14,56,2,72,70,0,70,142
12/14/2021,JEF,MO,ACE,CE,Federal Contract Tower,0,1,37,3,41,0,0,15,7,22,0,1,52,10,63,20,0,20,83
12/15/2021,JEF,MO,ACE,CE,Federal Contract Tower,0,0,16,2,18,0,0,6,4,10,0,0,22,6,28,0,0,0,28
12/16/2021,JEF,MO,ACE,CE,Federal Contract Tower,0,2,16,1,19,0,4,62,11,77,0,6,78,12,96,66,2,68,164
12/17/2021,JEF,MO,ACE,CE,Federal Contract Tower,0,1,15,3,19,0,0,8,2,10,0,1,23,5,29,2,0,2,31
12/18/2021,JEF,MO,ACE,CE,Federal Contract Tower,0,0,6,0,6,0,0,31,0,31,0,0,37,0,37,20,0,20,57
12/19/2021,JEF,MO,ACE,CE,Federal Contract Tower,0,2,17,0,19,0,7,28,0,35,0,9,45,0,54,4,0,4,58
12/20/2021,JEF,MO,ACE,CE,Federal Contract Tower,0,1,17,2,20,0,4,40,4,48,0,5,57,6,68,62,0,62,130
12/21/2021,JEF,MO,ACE,CE,Federal Contract Tower,0,0,16,2,18,0,2,44,4,50,0,2,60,6,68,38,0,38,106
12/22/2021,JEF,MO,ACE,CE,Federal Contract Tower,0,0,16,0,16,0,2,37,0,39,0,2,53,0,55,18,0,18,73
12/23/2021,JEF,MO,ACE,CE,Federal Contract Tower,0,0,15,0,15,0,1,26,0,27,0,1,41,0,42,42,0,42,84
12/24/2021,JEF,MO,ACE,CE,Federal Contract Tower,0,0,1,0,1,0,0,12,0,12,0,0,13,0,13,2,0,2,15
12/25/2021,JEF,MO,ACE,CE,Federal Contract Tower,0,0,2,0,2,0,0,0,0,0,0,0,2,0,2,0,0,0,2
12/26/2021,JEF,MO,ACE,CE,Federal Contract Tower,0,0,7,0,7,0,0,5,0,5,0,0,12,0,12,0,0,0,12
12/27/2021,JEF,MO,ACE,CE,Federal Contract Tower,0,0,15,0,15,0,2,24,0,26,0,2,39,0,41,56,0,56,97
12/28/2021,JEF,MO,ACE,CE,Federal Contract Tower,0,0,10,2,12,0,0,0,0,0,0,0,10,2,12,0,0,0,12
12/29/2021,JEF,MO,ACE,CE,Federal Contract Tower,0,2,9,5,16,0,0,2,1,3,0,2,11,6,19,30,0,30,49
12/30/2021,JEF,MO,ACE,CE,Federal Contract Tower,0,0,15,0,15,0,0,8,0,8,0,0,23,0,23,14,0,14,37
12/31/2021,JEF,MO,ACE,CE,Federal Contract Tower,0,0,6,0,6,0,0,39,0,39,0,0,45,0,45,72,0,72,117
01/01/2022,JEF,MO,ACE,CE,Federal Contract Tower,0,0,3,0,3,0,0,0,0,0,0,0,3,0,3,0,0,0,3
01/02/2022,JEF,MO,ACE,CE,Federal Contract Tower,0,2,11,0,13,0,0,1,0,1,0,2,12,0,14,4,0,4,18
01/03/2022,JEF,MO,ACE,CE,Federal Contract Tower,0,1,10,2,13,0,6,29,6,41,0,7,39,8,54,46,0,46,100
01/04/2022,JEF,MO,ACE,CE,Federal Contract Tower,0,4,17,4,25,0,0,36,0,36,0,4,53,4,61,40,0,40,101
01/05/2022,JEF,MO,ACE,CE,Federal Contract Tower,0,0,11,0,11,0,0,21,0,21,0,0,32,0,32,54,0,54,86
01/06/2022,JEF,MO,ACE,CE,Federal Contract Tower,0,4,11,1,16,0,0,13,1,14,0,4,24,2,30,6,0,6,36
01/07/2022,JEF,MO,ACE,CE,Federal Contract Tower,0,3,12,0,15,0,2,40,2,44,0,5,52,2,59,78,0,78,137
01/08/2022,JEF,MO,ACE,CE,Federal Contract Tower,0,0,2,3,5,0,0,0,1,1,0,0,2,4,6,0,6,6,12
01/09/2022,JEF,MO,ACE,CE,Federal Contract Tower,0,2,5,2,9,0,0,20,0,20,0,2,25,2,29,30,0,30,59
01/10/2022,JEF,MO,ACE,CE,Federal Contract Tower,0,0,11,0,11,0,2,52,0,54,0,2,63,0,65,42,0,42,107
01/11/2022,JEF,MO,ACE,CE,Federal Contract Tower,0,0,13,1,14,0,2,38,4,44,0,2,51,5,58,44,0,44,102
01/12/2022,JEF,MO,ACE,CE,Federal Contract Tower,0,0,27,0,27,0,0,55,2,57,0,0,82,2,84,42,0,42,126
01/13/2022,JEF,MO,ACE,CE,Federal Contract Tower,0,0,12,3,15,0,2,78,14,94,0,2,90,17,109,80,0,80,189
01/14/2022,JEF,MO,ACE,CE,Federal Contract Tower,0,0,15,2,17,0,0,19,0,19,0,0,34,2,36,2,2,4,40
01/15/2022,JEF,MO,ACE,CE,Federal Contract Tower,0,0,2,0,2,0,0,0,0,0,0,0,2,0,2,0,0,0,2
01/16/2022,JEF,MO,ACE,CE,Federal Contract Tower,0,0,1,0,1,0,0,0,0,0,0,0,1,0,1,0,0,0,1
01/17/2022,JEF,MO,ACE,CE,Federal Contract Tower,0,0,8,0,8,0,1,23,0,24,0,1,31,0,32,84,0,84,116
01/18/2022,JEF,MO,ACE,CE,Federal Contract Tower,0,0,14,5,19,0,0,42,7,49,0,0,56,12,68,80,2,82,150
01/19/2022,JEF,MO,ACE,CE,Federal Contract Tower,0,0,28,3,31,0,1,18,7,26,0,1,46,10,57,12,0,12,69
01/20/2022,JEF,MO,ACE,CE,Federal Contract Tower,0,0,11,1,12,0,0,24,2,26,0,0,35,3,38,50,10,60,98
01/21/2022,JEF,MO,ACE,CE,Federal Contract Tower,0,5,14,2,21,0,10,49,0,59,0,15,63,2,80,76,6,82,162
01/22/2022,JEF,MO,ACE,CE,Federal Contract Tower,0,0,9,2,11,0,2,52,0,54,0,2,61,2,65,38,0,38,103
01/23/2022,JEF,MO,ACE,CE,Federal Contract Tower,0,2,4,0,6,0,2,7,0,9,0,4,11,0,15,20,0,20,35
01/24/2022,JEF,MO,ACE,CE,Federal Contract Tower,0,4,20,0,24,0,0,32,0,32,0,4,52,0,56,88,0,88,144
01/25/2022,JEF,MO,ACE,CE,Federal Contract Tower,0,0,14,0,14,0,0,46,0,46,0,0,60,0,60,86,0,86,146
01/26/2022,JEF,MO,ACE,CE,Federal Contract Tower,0,2,21,2,25,0,8,49,2,59,0,10,70,4,84,86,0,86,170
01/27/2022,JEF,MO,ACE,CE,Federal Contract Tower,0,0,25,2,27,0,1,22,5,28,0,1,47,7,55,12,0,12,67
01/28/2022,JEF,MO,ACE,CE,Federal Contract Tower,0,0,23,3,26,0,2,45,9,56,0,2,68,12,82,40,0,40,122
01/29/2022,JEF,MO,ACE,CE,Federal Contract Tower,0,0,12,0,12,0,2,48,1,51,0,2,60,1,63,66,0,66,129
01/30/2022,JEF,MO,ACE,CE,Federal Contract Tower,0,0,11,0,11,0,0,45,0,45,0,0,56,0,56,106,0,106,162
01/31/2022,JEF,MO,ACE,CE,Federal Contract Tower,0,0,15,2,17,0,9,71,5,85,0,9,86,7,102,68,0,68,170
02/01/2022,JEF,MO,ACE,CE,Federal Contract Tower,0,2,21,0,23,0,0,5,2,7,0,2,26,2,30,2,0,2,32
02/02/2022,JEF,MO,ACE,CE,Federal Contract Tower,0,0,0,0,0,0,0,0,0,0,0,0,0,0,0,0,0,0,0
02/03/2022,JEF,MO,ACE,CE,Federal Contract Tower,0,0,0,0,0,0,0,0,0,0,0,0,0,0,0,0,0,0,0
02/04/2022,JEF,MO,ACE,CE,Federal Contract Tower,0,0,5,0,5,0,0,5,0,5,0,0,10,0,10,0,0,0,10
02/05/2022,JEF,MO,ACE,CE,Federal Contract Tower,0,0,4,2,6,0,2,12,0,14,0,2,16,2,20,6,0,6,26
02/06/2022,JEF,MO,ACE,CE,Federal Contract Tower,0,0,12,0,12,0,0,37,0,37,0,0,49,0,49,16,0,16,65
02/07/2022,JEF,MO,ACE,CE,Federal Contract Tower,0,0,10,0,10,0,2,36,11,49,0,2,46,11,59,66,18,84,143
02/08/2022,JEF,MO,ACE,CE,Federal Contract Tower,0,7,17,2,26,0,2,45,4,51,0,9,62,6,77,134,0,134,211
02/09/2022,JEF,MO,ACE,CE,Federal Contract Tower,0,1,12,4,17,0,1,32,1,34,0,2,44,5,51,64,0,64,115
02/10/2022,JEF,MO,ACE,CE,Federal Contract Tower,0,2,17,2,21,0,0,58,4,62,0,2,75,6,83,78,0,78,161
02/11/2022,JEF,MO,ACE,CE,Federal Contract Tower,0,1,25,0,26,0,0,21,1,22,0,1,46,1,48,24,0,24,72
02/12/2022,JEF,MO,ACE,CE,Federal Contract Tower,0,0,5,0,5,0,3,41,0,44,0,3,46,0,49,110,0,110,159
02/13/2022,JEF,MO,ACE,CE,Federal Contract Tower,0,4,5,0,9,0,0,29,0,29,0,4,34,0,38,28,0,28,66
02/14/2022,JEF,MO,ACE,CE,Federal Contract Tower,0,0,13,0,13,0,9,40,0,49,0,9,53,0,62,80,0,80,142
02/15/2022,JEF,MO,ACE,CE,Federal Contract Tower,0,2,17,2,21,0,0,47,8,55,0,2,64,10,76,34,0,34,110
02/16/2022,JEF,MO,ACE,CE,Federal Contract Tower,0,0,22,2,24,0,0,6,0,6,0,0,28,2,30,0,0,0,30
02/17/2022,JEF,MO,ACE,CE,Federal Contract Tower,0,0,0,0,0,0,0,0,0,0,0,0,0,0,0,0,0,0,0
02/18/2022,JEF,MO,ACE,CE,Federal Contract Tower,0,2,16,0,18,0,0,8,0,8,0,2,24,0,26,0,0,0,26
02/19/2022,JEF,MO,ACE,CE,Federal Contract Tower,0,1,13,0,14,0,4,47,0,51,0,5,60,0,65,82,0,82,147
02/20/2022,JEF,MO,ACE,CE,Federal Contract Tower,0,0,2,0,2,0,4,15,2,21,0,4,17,2,23,46,0,46,69
02/21/2022,JEF,MO,ACE,CE,Federal Contract Tower,0,2,11,0,13,0,0,39,0,39,0,2,50,0,52,50,0,50,102
02/22/2022,JEF,MO,ACE,CE,Federal Contract Tower,0,4,18,4,26,0,0,0,0,0,0,4,18,4,26,0,0,0,26
02/23/2022,JEF,MO,ACE,CE,Federal Contract Tower,0,0,13,2,15,0,0,17,0,17,0,0,30,2,32,46,0,46,78
02/24/2022,JEF,MO,ACE,CE,Federal Contract Tower,0,0,3,0,3,0,0,0,0,0,0,0,3,0,3,0,0,0,3
02/25/2022,JEF,MO,ACE,CE,Federal Contract Tower,0,2,15,4,21,0,4,3,2,9,0,6,18,6,30,0,0,0,30
02/26/2022,JEF,MO,ACE,CE,Federal Contract Tower,0,1,12,0,13,0,7,53,0,60,0,8,65,0,73,78,0,78,151
02/27/2022,JEF,MO,ACE,CE,Federal Contract Tower,0,4,14,0,18,0,2,61,0,63,0,6,75,0,81,82,0,82,163
02/28/2022,JEF,MO,ACE,CE,Federal Contract Tower,0,0,26,2,28,0,0,57,0,57,0,0,83,2,85,118,0,118,203
03/01/2022,JEF,MO,ACE,CE,Federal Contract Tower,0,4,27,2,33,0,1,40,2,43,0,5,67,4,76,72,0,72,148
03/02/2022,JEF,MO,ACE,CE,Federal Contract Tower,0,5,13,0,18,0,1,52,2,55,0,6,65,2,73,140,0,140,213
03/03/2022,JEF,MO,ACE,CE,Federal Contract Tower,0,0,21,0,21,0,3,45,17,65,0,3,66,17,86,74,0,74,160
03/04/2022,JEF,MO,ACE,CE,Federal Contract Tower,0,0,18,2,20,0,0,49,2,51,0,0,67,4,71,84,0,84,155
03/05/2022,JEF,MO,ACE,CE,Federal Contract Tower,0,4,3,0,7,0,0,11,5,16,0,4,14,5,23,4,0,4,27
03/06/2022,JEF,MO,ACE,CE,Federal Contract Tower,0,2,10,0,12,0,0,33,2,35,0,2,43,2,47,106,0,106,153
03/07/2022,JEF,MO,ACE,CE,Federal Contract Tower,0,4,8,0,12,0,0,2,0,2,0,4,10,0,14,0,0,0,14
03/08/2022,JEF,MO,ACE,CE,Federal Contract Tower,0,0,28,0,28,0,0,59,2,61,0,0,87,2,89,170,0,170,259
03/09/2022,JEF,MO,ACE,CE,Federal Contract Tower,0,0,18,0,18,0,4,78,6,88,0,4,96,6,106,114,2,116,222
03/10/2022,JEF,MO,ACE,CE,Federal Contract Tower,0,2,15,0,17,0,0,15,5,20,0,2,30,5,37,10,0,10,47
03/11/2022,JEF,MO,ACE,CE,Federal Contract Tower,0,0,8,0,8,0,0,21,0,21,0,0,29,0,29,28,0,28,57
03/12/2022,JEF,MO,ACE,CE,Federal Contract Tower,0,2,5,0,7,0,0,35,0,35,0,2,40,0,42,20,0,20,62
03/13/2022,JEF,MO,ACE,CE,Federal Contract Tower,0,0,12,0,12,0,0,30,0,30,0,0,42,0,42,46,0,46,88
03/14/2022,JEF,MO,ACE,CE,Federal Contract Tower,0,0,15,0,15,0,0,31,4,35,0,0,46,4,50,50,0,50,100
03/15/2022,JEF,MO,ACE,CE,Federal Contract Tower,0,3,21,0,24,0,2,47,6,55,0,5,68,6,79,108,0,108,187
03/16/2022,JEF,MO,ACE,CE,Federal Contract Tower,0,4,18,0,22,0,5,44,7,56,0,9,62,7,78,90,0,90,168
03/17/2022,JEF,MO,ACE,CE,Federal Contract Tower,0,2,23,0,25,0,4,43,0,47,0,6,66,0,72,182,0,182,254
03/18/2022,JEF,MO,ACE,CE,Federal Contract Tower,2,0,10,0,12,0,0,1,0,1,2,0,11,0,13,0,0,0,13
03/19/2022,JEF,MO,ACE,CE,Federal Contract Tower,0,0,6,0,6,0,2,40,0,42,0,2,46,0,48,54,0,54,102
03/20/2022,JEF,MO,ACE,CE,Federal Contract Tower,0,0,3,0,3,0,2,51,0,53,0,2,54,0,56,8,0,8,64
03/21/2022,JEF,MO,ACE,CE,Federal Contract Tower,0,0,13,0,13,0,0,22,0,22,0,0,35,0,35,30,0,30,65
03/22/2022,JEF,MO,ACE,CE,Federal Contract Tower,0,0,13,4,17,0,0,17,2,19,0,0,30,6,36,20,6,26,62
03/23/2022,JEF,MO,ACE,CE,Federal Contract Tower,0,0,22,0,22,0,0,0,0,0,0,0,22,0,22,6,0,6,28
03/24/2022,JEF,MO,ACE,CE,Federal Contract Tower,0,0,18,0,18,0,0,0,0,0,0,0,18,0,18,0,0,0,18
03/25/2022,JEF,MO,ACE,CE,Federal Contract Tower,0,0,22,2,24,0,1,37,4,42,0,1,59,6,66,80,0,80,146
03/26/2022,JEF,MO,ACE,CE,Federal Contract Tower,0,4,14,0,18,0,2,37,0,39,0,6,51,0,57,96,0,96,153
03/27/2022,JEF,MO,ACE,CE,Federal Contract Tower,0,0,4,0,4,0,0,36,0,36,0,0,40,0,40,74,0,74,114
03/28/2022,JEF,MO,ACE,CE,Federal Contract Tower,0,0,13,0,13,0,3,45,1,49,0,3,58,1,62,56,0,56,118
03/29/2022,JEF,MO,ACE,CE,Federal Contract Tower,0,0,20,2,22,0,1,27,1,29,0,1,47,3,51,12,0,12,63
03/30/2022,JEF,MO,ACE,CE,Federal Contract Tower,0,0,10,2,12,0,0,0,0,0,0,0,10,2,12,0,0,0,12
03/31/2022,JEF,MO,ACE,CE,Federal Contract Tower,0,1,12,2,15,0,0,6,8,14,0,1,18,10,29,18,6,24,53
04/01/2022,JEF,MO,ACE,CE,Federal Contract Tower,0,0,5,3,8,0,6,49,4,59,0,6,54,7,67,153,18,171,238
04/02/2022,JEF,MO,ACE,CE,Federal Contract Tower,0,1,9,0,10,0,2,13,0,15,0,3,22,0,25,0,0,0,25
04/03/2022,JEF,MO,ACE,CE,Federal Contract Tower,0,0,8,2,10,0,0,79,2,81,0,0,87,4,91,120,0,120,211
04/04/2022,JEF,MO,ACE,CE,Federal Contract Tower,0,2,10,0,12,0,0,46,1,47,0,2,56,1,59,144,0,144,203
04/05/2022,JEF,MO,ACE,CE,Federal Contract Tower,0,2,23,2,27,0,0,25,1,26,0,2,48,3,53,8,0,8,61
04/06/2022,JEF,MO,ACE,CE,Federal Contract Tower,0,4,22,0,26,0,1,14,0,15,0,5,36,0,41,24,0,24,65
04/07/2022,JEF,MO,ACE,CE,Federal Contract Tower,0,0,7,2,9,0,0,24,0,24,0,0,31,2,33,0,0,0,33
04/08/2022,JEF,MO,ACE,CE,Federal Contract Tower,0,2,11,0,13,0,0,7,0,7,0,2,18,0,20,0,0,0,20
04/09/2022,JEF,MO,ACE,CE,Federal Contract Tower,0,2,5,0,7,0,12,50,0,62,0,14,55,0,69,122,0,122,191
04/10/2022,JEF,MO,ACE,CE,Federal Contract Tower,0,2,3,0,5,0,0,19,0,19,0,2,22,0,24,0,0,0,24
04/11/2022,JEF,MO,ACE,CE,Federal Contract Tower,0,2,19,0,21,0,0,15,2,17,0,2,34,2,38,84,0,84,122
04/12/2022,JEF,MO,ACE,CE,Federal Contract Tower,0,2,25,6,33,0,1,4,6,11,0,3,29,12,44,0,0,0,44
04/13/2022,JEF,MO,ACE,CE,Federal Contract Tower,0,2,7,2,11,0,0,2,0,2,0,2,9,2,13,0,0,0,13
04/14/2022,JEF,MO,ACE,CE,Federal Contract Tower,0,2,21,5,28,0,6,46,23,75,0,8,67,28,103,38,0,38,141
04/15/2022,JEF,MO,ACE,CE,Federal Contract Tower,0,0,13,2,15,0,2,7,0,9,0,2,20,2,24,4,0,4,28
04/16/2022,JEF,MO,ACE,CE,Federal Contract Tower,0,0,9,0,9,0,2,43,1,46,0,2,52,1,55,36,0,36,91
04/17/2022,JEF,MO,ACE,CE,Federal Contract Tower,0,1,3,0,4,0,0,3,0,3,0,1,6,0,7,0,0,0,7
04/18/2022,JEF,MO,ACE,CE,Federal Contract Tower,0,3,13,6,22,0,4,19,1,24,0,7,32,7,46,0,0,0,46
04/19/2022,JEF,MO,ACE,CE,Federal Contract Tower,0,2,10,1,13,0,3,51,3,57,0,5,61,4,70,200,2,202,272
04/20/2022,JEF,MO,ACE,CE,Federal Contract Tower,0,3,22,2,27,0,0,1,0,1,0,3,23,2,28,0,0,0,28
04/21/2022,JEF,MO,ACE,CE,Federal Contract Tower,0,2,19,1,22,0,2,37,5,44,0,4,56,6,66,103,0,103,169
04/22/2022,JEF,MO,ACE,CE,Federal Contract Tower,0,0,23,2,25,0,0,22,0,22,0,0,45,2,47,44,0,44,91
04/23/2022,JEF,MO,ACE,CE,Federal Contract Tower,0,0,4,0,4,0,0,7,0,7,0,0,11,0,11,0,0,0,11
04/24/2022,JEF,MO,ACE,CE,Federal Contract Tower,0,2,19,0,21,0,0,3,0,3,0,2,22,0,24,34,0,34,58
04/25/2022,JEF,MO,ACE,CE,Federal Contract Tower,0,0,23,0,23,0,4,51,2,57,0,4,74,2,80,154,10,164,244
04/26/2022,JEF,MO,ACE,CE,Federal Contract Tower,0,0,18,1,19,0,10,83,3,96,0,10,101,4,115,152,0,152,267
04/27/2022,JEF,MO,ACE,CE,Federal Contract Tower,0,7,20,2,29,0,3,44,4,51,0,10,64,6,80,68,2,70,150
04/28/2022,JEF,MO,ACE,CE,Federal Contract Tower,0,0,17,0,17,0,0,15,0,15,0,0,32,0,32,60,0,60,92
04/29/2022,JEF,MO,ACE,CE,Federal Contract Tower,0,0,24,0,24,0,0,3,0,3,0,0,27,0,27,0,6,6,33
04/30/2022,JEF,MO,ACE,CE,Federal Contract Tower,0,0,2,0,2,0,0,5,0,5,0,0,7,0,7,0,0,0,7
05/01/2022,JEF,MO,ACE,CE,Federal Contract Tower,0,0,15,1,16,0,0,27,0,27,0,0,42,1,43,18,0,18,61
05/02/2022,JEF,MO,ACE,CE,Federal Contract Tower,0,2,11,3,16,0,0,15,0,15,0,2,26,3,31,18,0,18,49
05/03/2022,JEF,MO,ACE,CE,Federal Contract Tower,0,0,28,1,29,0,0,2,3,5,0,0,30,4,34,0,0,0,34
05/04/2022,JEF,MO,ACE,CE,Federal Contract Tower,0,4,22,0,26,0,0,5,0,5,0,4,27,0,31,24,0,24,55
05/05/2022,JEF,MO,ACE,CE,Federal Contract Tower,0,4,15,0,19,0,0,2,0,2,0,4,17,0,21,0,0,0,21
05/06/2022,JEF,MO,ACE,CE,Federal Contract Tower,0,5,20,3,28,0,0,12,1,13,0,5,32,4,41,0,0,0,41
05/07/2022,JEF,MO,ACE,CE,Federal Contract Tower,0,1,11,0,12,0,0,69,0,69,0,1,80,0,81,94,0,94,175
05/08/2022,JEF,MO,ACE,CE,Federal Contract Tower,0,0,9,2,11,0,2,17,0,19,0,2,26,2,30,0,0,0,30
05/09/2022,JEF,MO,ACE,CE,Federal Contract Tower,0,1,11,0,12,0,0,22,0,22,0,1,33,0,34,0,0,0,34
05/10/2022,JEF,MO,ACE,CE,Federal Contract Tower,0,3,25,2,30,0,4,43,1,48,0,7,68,3,78,150,0,150,228
05/11/2022,JEF,MO,ACE,CE,Federal Contract Tower,0,0,26,0,26,0,2,66,2,70,0,2,92,2,96,138,0,138,234
05/12/2022,JEF,MO,ACE,CE,Federal Contract Tower,0,1,22,6,29,0,6,66,2,74,0,7,88,8,103,134,0,134,237
05/13/2022,JEF,MO,ACE,CE,Federal Contract Tower,0,3,23,3,29,0,0,29,6,35,0,3,52,9,64,120,0,120,184
05/14/2022,JEF,MO,ACE,CE,Federal Contract Tower,0,0,10,0,10,0,1,50,8,59,0,1,60,8,69,152,0,152,221
05/15/2022,JEF,MO,ACE,CE,Federal Contract Tower,0,2,7,0,9,0,3,13,1,17,0,5,20,1,26,0,0,0,26
05/16/2022,JEF,MO,ACE,CE,Federal Contract Tower,0,2,11,0,13,0,2,59,0,61,0,4,70,0,74,160,0,160,234
05/17/2022,JEF,MO,ACE,CE,Federal Contract Tower,0,5,14,4,23,0,2,54,0,56,0,7,68,4,79,172,0,172,251
05/18/2022,JEF,MO,ACE,CE,Federal Contract Tower,0,0,20,0,20,0,0,35,2,37,0,0,55,2,57,142,0,142,199
05/19/2022,JEF,MO,ACE,CE,Federal Contract Tower,0,0,25,2,27,0,0,24,0,24,0,0,49,2,51,6,0,6,57
05/20/2022,JEF,MO,ACE,CE,Federal Contract Tower,0,0,26,3,29,0,0,29,1,30,0,0,55,4,59,0,0,0,59
05/21/2022,JEF,MO,ACE,CE,Federal Contract Tower,0,0,3,0,3,0,0,41,0,41,0,0,44,0,44,0,0,0,44
05/22/2022,JEF,MO,ACE,CE,Federal Contract Tower,0,0,8,0,8,0,0,52,0,52,0,0,60,0,60,18,0,18,78
05/23/2022,JEF,MO,ACE,CE,Federal Contract Tower,0,0,21,0,21,0,3,48,2,53,0,3,69,2,74,72,12,84,158
05/24/2022,JEF,MO,ACE,CE,Federal Contract Tower,0,2,17,1,20,0,0,20,3,23,0,2,37,4,43,122,0,122,165
05/25/2022,JEF,MO,ACE,CE,Federal Contract Tower,0,2,23,0,25,0,0,0,0,0,0,2,23,0,25,0,0,0,25
05/26/2022,JEF,MO,ACE,CE,Federal Contract Tower,0,4,21,2,27,0,0,4,0,4,0,4,25,2,31,20,0,20,51
05/27/2022,JEF,MO,ACE,CE,Federal Contract Tower,0,1,36,0,37,0,0,16,0,16,0,1,52,0,53,86,0,86,139
05/28/2022,JEF,MO,ACE,CE,Federal Contract Tower,0,1,11,0,12,0,2,42,0,44,0,3,53,0,56,38,0,38,94
05/29/2022,JEF,MO,ACE,CE,Federal Contract Tower,0,3,8,0,11,0,0,1,0,1,0,3,9,0,12,0,0,0,12
05/30/2022,JEF,MO,ACE,CE,Federal Contract Tower,0,1,7,0,8,0,1,16,0,17,0,2,23,0,25,6,0,6,31
05/31/2022,JEF,MO,ACE,CE,Federal Contract Tower,0,0,16,1,17,0,0,26,1,27,0,0,42,2,44,48,0,48,92
06/01/2022,JEF,MO,ACE,CE,Federal Contract Tower,0,2,31,2,35,0,0,2,0,2,0,2,33,2,37,0,0,0,37
06/02/2022,JEF,MO,ACE,CE,Federal Contract Tower,0,2,20,0,22,0,2,63,2,67,0,4,83,2,89,210,0,210,299
06/03/2022,JEF,MO,ACE,CE,Federal Contract Tower,0,2,27,0,29,0,1,41,6,48,0,3,68,6,77,40,0,40,117
06/04/2022,JEF,MO,ACE,CE,Federal Contract Tower,0,1,9,0,10,0,1,36,0,37,0,2,45,0,47,40,0,40,87
06/05/2022,JEF,MO,ACE,CE,Federal Contract Tower,0,0,11,0,11,0,0,29,0,29,0,0,40,0,40,22,0,22,62
06/06/2022,JEF,MO,ACE,CE,Federal Contract Tower,0,0,12,0,12,0,0,22,2,24,0,0,34,2,36,52,0,52,88
06/07/2022,JEF,MO,ACE,CE,Federal Contract Tower,0,0,22,3,25,0,9,53,1,63,0,9,75,4,88,112,0,112,200
06/08/2022,JEF,MO,ACE,CE,Federal Contract Tower,0,0,36,1,37,0,0,16,12,28,0,0,52,13,65,14,10,24,89
06/09/2022,JEF,MO,ACE,CE,Federal Contract Tower,0,0,22,0,22,0,0,63,2,65,0,0,85,2,87,116,0,116,203
06/10/2022,JEF,MO,ACE,CE,Federal Contract Tower,0,0,13,0,13,0,0,54,2,56,0,0,67,2,69,86,0,86,155
06/11/2022,JEF,MO,ACE,CE,Federal Contract Tower,0,0,10,0,10,0,0,19,0,19,0,0,29,0,29,26,0,26,55
06/12/2022,JEF,MO,ACE,CE,Federal Contract Tower,0,0,14,0,14,0,6,19,8,33,0,6,33,8,47,32,0,32,79
06/13/2022,JEF,MO,ACE,CE,Federal Contract Tower,0,2,10,3,15,0,2,34,0,36,0,4,44,3,51,10,0,10,61
06/14/2022,JEF,MO,ACE,CE,Federal Contract Tower,0,0,19,3,22,0,2,27,1,30,0,2,46,4,52,26,0,26,78
06/15/2022,JEF,MO,ACE,CE,Federal Contract Tower,0,0,23,0,23,0,1,26,2,29,0,1,49,2,52,10,0,10,62
06/16/2022,JEF,MO,ACE,CE,Federal Contract Tower,0,4,26,1,31,0,7,48,1,56,0,11,74,2,87,84,0,84,171
06/17/2022,JEF,MO,ACE,CE,Federal Contract Tower,0,0,9,1,10,0,2,46,11,59,0,2,55,12,69,44,0,44,113
06/18/2022,JEF,MO,ACE,CE,Federal Contract Tower,0,2,7,0,9,0,2,40,0,42,0,4,47,0,51,64,0,64,115
06/19/2022,JEF,MO,ACE,CE,Federal Contract Tower,0,0,8,0,8,0,3,37,0,40,0,3,45,0,48,18,0,18,66
06/20/2022,JEF,MO,ACE,CE,Federal Contract Tower,0,0,19,1,20,0,6,64,0,70,0,6,83,1,90,32,0,32,122
06/21/2022,JEF,MO,ACE,CE,Federal Contract Tower,0,0,25,0,25,0,0,48,0,48,0,0,73,0,73,80,0,80,153
06/22/2022,JEF,MO,ACE,CE,Federal Contract Tower,0,0,24,2,26,0,4,41,0,45,0,4,65,2,71,156,0,156,227
06/23/2022,JEF,MO,ACE,CE,Federal Contract Tower,0,2,24,1,27,0,3,48,7,58,0,5,72,8,85,104,0,104,189
06/24/2022,JEF,MO,ACE,CE,Federal Contract Tower,0,2,15,0,17,0,2,47,0,49,0,4,62,0,66,82,0,82,148
06/25/2022,JEF,MO,ACE,CE,Federal Contract Tower,0,0,10,0,10,0,4,26,0,30,0,4,36,0,40,10,0,10,50
06/26/2022,JEF,MO,ACE,CE,Federal Contract Tower,0,0,11,0,11,0,2,31,0,33,0,2,42,0,44,10,0,10,54
06/27/2022,JEF,MO,ACE,CE,Federal Contract Tower,0,2,20,2,24,0,12,69,4,85,0,14,89,6,109,80,2,82,191
06/28/2022,JEF,MO,ACE,CE,Federal Contract Tower,0,0,31,5,36,0,0,64,4,68,0,0,95,9,104,162,0,162,266
06/29/2022,JEF,MO,ACE,CE,Federal Contract Tower,0,4,22,2,28,0,0,61,2,63,0,4,83,4,91,72,0,72,163
06/30/2022,JEF,MO,ACE,CE,Federal Contract Tower,0,0,19,2,21,0,0,42,4,46,0,0,61,6,67,68,2,70,137
07/01/2022,JEF,MO,ACE,CE,Federal Contract Tower,0,2,21,0,23,0,0,33,0,33,0,2,54,0,56,61,0,61,117
07/02/2022,JEF,MO,ACE,CE,Federal Contract Tower,0,1,3,0,4,0,0,1,0,1,0,1,4,0,5,0,0,0,5
07/03/2022,JEF,MO,ACE,CE,Federal Contract Tower,0,0,13,2,15,0,0,17,0,17,0,0,30,2,32,18,0,18,50
07/04/2022,JEF,MO,ACE,CE,Federal Contract Tower,0,0,1,0,1,0,0,14,0,14,0,0,15,0,15,0,0,0,15
07/05/2022,JEF,MO,ACE,CE,Federal Contract Tower,0,2,13,0,15,0,6,38,0,44,0,8,51,0,59,62,0,62,121
07/06/2022,JEF,MO,ACE,CE,Federal Contract Tower,0,2,17,2,21,0,2,50,2,54,0,4,67,4,75,30,0,30,105
07/07/2022,JEF,MO,ACE,CE,Federal Contract Tower,0,0,17,3,20,0,4,45,4,53,0,4,62,7,73,56,0,56,129
07/08/2022,JEF,MO,ACE,CE,Federal Contract Tower,0,1,24,2,27,0,0,45,0,45,0,1,69,2,72,56,0,56,128
07/09/2022,JEF,MO,ACE,CE,Federal Contract Tower,0,2,9,0,11,0,0,5,0,5,0,2,14,0,16,2,0,2,18
07/10/2022,JEF,MO,ACE,CE,Federal Contract Tower,0,3,13,0,16,0,0,33,0,33,0,3,46,0,49,12,0,12,61
07/11/2022,JEF,MO,ACE,CE,Federal Contract Tower,0,3,13,0,16,0,2,39,1,42,0,5,52,1,58,94,0,94,152
07/12/2022,JEF,MO,ACE,CE,Federal Contract Tower,0,4,24,0,28,0,3,29,8,40,0,7,53,8,68,94,8,102,170
07/13/2022,JEF,MO,ACE,CE,Federal Contract Tower,0,0,18,1,19,0,0,58,8,66,0,0,76,9,85,86,0,86,171
07/14/2022,JEF,MO,ACE,CE,Federal Contract Tower,0,1,15,5,21,0,8,44,5,57,0,9,59,10,78,100,2,102,180
07/15/2022,JEF,MO,ACE,CE,Federal Contract Tower,0,0,15,0,15,0,0,35,0,35,0,0,50,0,50,52,1,53,103
07/16/2022,JEF,MO,ACE,CE,Federal Contract Tower,0,2,11,0,13,0,0,23,0,23,0,2,34,0,36,16,0,16,52
07/17/2022,JEF,MO,ACE,CE,Federal Contract Tower,0,0,14,1,15,0,0,5,2,7,0,0,19,3,22,0,0,0,22
07/18/2022,JEF,MO,ACE,CE,Federal Contract Tower,0,0,10,0,10,0,4,46,1,51,0,4,56,1,61,92,2,94,155
07/19/2022,JEF,MO,ACE,CE,Federal Contract Tower,0,1,21,2,24,0,11,45,2,58,0,12,66,4,82,114,2,116,198
07/20/2022,JEF,MO,ACE,CE,Federal Contract Tower,0,2,18,2,22,0,2,55,5,62,0,4,73,7,84,32,0,32,116
07/21/2022,JEF,MO,ACE,CE,Federal Contract Tower,0,2,21,0,23,0,4,65,4,73,0,6,86,4,96,76,0,76,172
07/22/2022,JEF,MO,ACE,CE,Federal Contract Tower,0,0,17,2,19,0,2,59,5,66,0,2,76,7,85,64,0,64,149
07/23/2022,JEF,MO,ACE,CE,Federal Contract Tower,0,0,7,0,7,0,0,24,0,24,0,0,31,0,31,36,0,36,67
07/24/2022,JEF,MO,ACE,CE,Federal Contract Tower,0,0,19,0,19,0,0,14,0,14,0,0,33,0,33,12,0,12,45
07/25/2022,JEF,MO,ACE,CE,Federal Contract Tower,0,0,25,2,27,0,0,33,0,33,0,0,58,2,60,56,0,56,116
07/26/2022,JEF,MO,ACE,CE,Federal Contract Tower,0,0,28,4,32,0,0,23,0,23,0,0,51,4,55,42,0,42,97
07/27/2022,JEF,MO,ACE,CE,Federal Contract Tower,0,3,21,1,25,0,0,28,3,31,0,3,49,4,56,58,0,58,114
07/28/2022,JEF,MO,ACE,CE,Federal Contract Tower,0,1,13,2,16,0,0,12,4,16,0,1,25,6,32,2,0,2,34
07/29/2022,JEF,MO,ACE,CE,Federal Contract Tower,0,2,18,2,22,0,2,66,0,68,0,4,84,2,90,80,0,80,170
07/30/2022,JEF,MO,ACE,CE,Federal Contract Tower,0,1,8,0,9,0,0,48,0,48,0,1,56,0,57,20,0,20,77
07/31/2022,JEF,MO,ACE,CE,Federal Contract Tower,0,1,24,0,25,0,0,36,0,36,0,1,60,0,61,2,0,2,63
08/01/2022,JEF,MO,ACE,CE,Federal Contract Tower,0,2,16,2,20,0,7,56,0,63,0,9,72,2,83,40,0,40,123
08/02/2022,JEF,MO,ACE,CE,Federal Contract Tower,0,1,18,6,25,0,2,50,0,52,0,3,68,6,77,10,0,10,87
08/03/2022,JEF,MO,ACE,CE,Federal Contract Tower,0,0,20,2,22,0,1,51,6,58,0,1,71,8,80,42,0,42,122
08/04/2022,JEF,MO,ACE,CE,Federal Contract Tower,0,0,22,1,23,0,0,37,2,39,0,0,59,3,62,104,0,104,166
08/05/2022,JEF,MO,ACE,CE,Federal Contract Tower,0,0,22,9,31,0,0,36,6,42,0,0,58,15,73,63,0,63,136
08/06/2022,JEF,MO,ACE,CE,Federal Contract Tower,0,0,6,0,6,0,0,35,2,37,0,0,41,2,43,46,0,46,89
08/07/2022,JEF,MO,ACE,CE,Federal Contract Tower,0,0,12,12,24,0,1,26,24,51,0,1,38,36,75,22,0,22,97
08/08/2022,JEF,MO,ACE,CE,Federal Contract Tower,0,0,18,1,19,0,0,30,1,31,0,0,48,2,50,84,0,84,134
08/09/2022,JEF,MO,ACE,CE,Federal Contract Tower,0,3,33,0,36,0,1,34,4,39,0,4,67,4,75,72,0,72,147
08/10/2022,JEF,MO,ACE,CE,Federal Contract Tower,0,0,24,6,30,0,4,33,4,41,0,4,57,10,71,34,0,34,105
08/11/2022,JEF,MO,ACE,CE,Federal Contract Tower,0,0,19,0,19,0,2,55,19,76,0,2,74,19,95,79,0,79,174
08/12/2022,JEF,MO,ACE,CE,Federal Contract Tower,0,1,16,9,26,0,0,68,13,81,0,1,84,22,107,30,0,30,137
08/13/2022,JEF,MO,ACE,CE,Federal Contract Tower,0,4,9,0,13,0,1,32,1,34,0,5,41,1,47,42,0,42,89
08/14/2022,JEF,MO,ACE,CE,Federal Contract Tower,0,2,18,0,20,0,2,25,12,39,0,4,43,12,59,2,0,2,61
08/15/2022,JEF,MO,ACE,CE,Federal Contract Tower,0,0,33,2,35,0,4,44,3,51,0,4,77,5,86,12,10,22,108
08/16/2022,JEF,MO,ACE,CE,Federal Contract Tower,0,2,17,2,21,0,0,1,0,1,0,2,18,2,22,0,10,10,32
08/17/2022,JEF,MO,ACE,CE,Federal Contract Tower,0,0,35,4,39,0,2,62,4,68,0,2,97,8,107,56,0,56,163
08/18/2022,JEF,MO,ACE,CE,Federal Contract Tower,0,0,21,0,21,0,0,59,0,59,0,0,80,0,80,30,0,30,110
08/19/2022,JEF,MO,ACE,CE,Federal Contract Tower,0,0,17,0,17,0,0,54,0,54,0,0,71,0,71,24,0,24,95
08/20/2022,JEF,MO,ACE,CE,Federal Contract Tower,0,0,2,0,2,0,0,18,0,18,0,0,20,0,20,0,0,0,20
08/21/2022,JEF,MO,ACE,CE,Federal Contract Tower,0,0,15,0,15,0,2,49,6,57,0,2,64,6,72,50,0,50,122
08/22/2022,JEF,MO,ACE,CE,Federal Contract Tower,0,2,23,5,30,0,0,58,0,58,0,2,81,5,88,16,0,16,104
08/23/2022,JEF,MO,ACE,CE,Federal Contract Tower,0,0,25,2,27,0,6,47,6,59,0,6,72,8,86,24,0,24,110
08/24/2022,JEF,MO,ACE,CE,Federal Contract Tower,0,0,20,0,20,0,0,36,2,38,0,0,56,2,58,32,0,32,90
08/25/2022,JEF,MO,ACE,CE,Federal Contract Tower,0,1,17,2,20,0,11,67,2,80,0,12,84,4,100,12,0,12,112
08/26/2022,JEF,MO,ACE,CE,Federal Contract Tower,0,0,25,0,25,0,2,45,6,53,0,2,70,6,78,46,0,46,124
08/27/2022,JEF,MO,ACE,CE,Federal Contract Tower,0,0,8,0,8,0,2,58,0,60,0,2,66,0,68,28,0,28,96
08/28/2022,JEF,MO,ACE,CE,Federal Contract Tower,0,0,16,2,18,0,0,11,0,11,0,0,27,2,29,18,0,18,47
08/29/2022,JEF,MO,ACE,CE,Federal Contract Tower,0,0,21,0,21,0,2,24,0,26,0,2,45,0,47,40,0,40,87
08/30/2022,JEF,MO,ACE,CE,Federal Contract Tower,0,0,30,1,31,0,0,60,12,72,0,0,90,13,103,52,2,54,157
08/31/2022,JEF,MO,ACE,CE,Federal Contract Tower,0,0,17,0,17,0,2,71,8,81,0,2,88,8,98,72,0,72,170
09/01/2022,JEF,MO,ACE,CE,Federal Contract Tower,0,1,23,0,24,0,0,80,4,84,0,1,103,4,108,88,0,88,196
09/02/2022,JEF,MO,ACE,CE,Federal Contract Tower,0,1,18,0,19,0,0,29,0,29,0,1,47,0,48,0,0,0,48
09/03/2022,JEF,MO,ACE,CE,Federal Contract Tower,0,0,4,0,4,0,1,39,0,40,0,1,43,0,44,46,0,46,90
09/04/2022,JEF,MO,ACE,CE,Federal Contract Tower,0,0,12,0,12,0,2,7,0,9,0,2,19,0,21,6,0,6,27
09/05/2022,JEF,MO,ACE,CE,Federal Contract Tower,0,0,20,0,20,0,2,3,0,5,0,2,23,0,25,0,0,0,25
09/06/2022,JEF,MO,ACE,CE,Federal Contract Tower,0,2,30,2,34,0,0,32,10,42,0,2,62,12,76,30,4,34,110
09/07/2022,JEF,MO,ACE,CE,Federal Contract Tower,0,0,26,2,28,0,5,50,0,55,0,5,76,2,83,46,0,46,129
09/08/2022,JEF,MO,ACE,CE,Federal Contract Tower,0,0,27,0,27,0,0,57,6,63,0,0,84,6,90,76,0,76,166
09/09/2022,JEF,MO,ACE,CE,Federal Contract Tower,0,0,17,4,21,0,0,45,0,45,0,0,62,4,66,14,0,14,80
09/10/2022,JEF,MO,ACE,CE,Federal Contract Tower,0,0,5,0,5,0,2,56,3,61,0,2,61,3,66,12,0,12,78
09/11/2022,JEF,MO,ACE,CE,Federal Contract Tower,0,2,16,0,18,0,0,20,0,20,0,2,36,0,38,6,0,6,44
09/12/2022,JEF,MO,ACE,CE,Federal Contract Tower,0,0,19,2,21,0,2,35,0,37,0,2,54,2,58,20,0,20,78
09/13/2022,JEF,MO,ACE,CE,Federal Contract Tower,0,2,16,0,18,0,2,57,7,66,0,4,73,7,84,44,0,44,128
09/14/2022,JEF,MO,ACE,CE,Federal Contract Tower,0,3,28,0,31,0,3,69,0,72,0,6,97,0,103,62,0,62,165
09/15/2022,JEF,MO,ACE,CE,Federal Contract Tower,0,0,20,1,21,0,2,53,2,57,0,2,73,3,78,90,0,90,168
09/16/2022,JEF,MO,ACE,CE,Federal Contract Tower,0,0,27,3,30,0,0,53,5,58,0,0,80,8,88,32,4,36,124
09/17/2022,JEF,MO,ACE,CE,Federal Contract Tower,0,1,2,0,3,0,9,59,5,73,0,10,61,5,76,62,0,62,138
09/18/2022,JEF,MO,ACE,CE,Federal Contract Tower,0,1,21,0,22,0,0,15,2,17,0,1,36,2,39,16,0,16,55
09/19/2022,JEF,MO,ACE,CE,Federal Contract Tower,0,0,27,0,27,0,0,31,2,33,0,0,58,2,60,66,0,66,126
09/20/2022,JEF,MO,ACE,CE,Federal Contract Tower,0,0,26,3,29,0,2,42,5,49,0,2,68,8,78,58,0,58,136
09/21/2022,JEF,MO,ACE,CE,Federal Contract Tower,0,0,30,0,30,0,1,43,5,49,0,1,73,5,79,34,0,34,113
09/22/2022,JEF,MO,ACE,CE,Federal Contract Tower,0,2,35,0,37,0,0,40,3,43,0,2,75,3,80,0,0,0,80
09/23/2022,JEF,MO,ACE,CE,Federal Contract Tower,0,0,23,0,23,0,12,50,7,69,0,12,73,7,92,38,0,38,130
09/24/2022,JEF,MO,ACE,CE,Federal Contract Tower,0,2,16,0,18,0,0,194,2,196,0,2,210,2,214,16,0,16,230
09/25/2022,JEF,MO,ACE,CE,Federal Contract Tower,0,0,24,1,25,0,1,38,0,39,0,1,62,1,64,30,4,34,98
09/26/2022,JEF,MO,ACE,CE,Federal Contract Tower,0,2,24,0,26,0,0,37,0,37,0,2,61,0,63,36,0,36,99
09/27/2022,JEF,MO,ACE,CE,Federal Contract Tower,0,4,28,0,32,0,6,58,4,68,0,10,86,4,100,72,0,72,172
09/28/2022,JEF,MO,ACE,CE,Federal Contract Tower,0,4,20,0,24,0,2,69,0,71,0,6,89,0,95,30,0,30,125
09/29/2022,JEF,MO,ACE,CE,Federal Contract Tower,0,0,14,0,14,0,6,60,4,70,0,6,74,4,84,62,0,62,146
09/30/2022,JEF,MO,ACE,CE,Federal Contract Tower,0,0,21,0,21,0,0,61,0,61,0,0,82,0,82,100,0,100,182
10/01/2022,JEF,MO,ACE,CE,Federal Contract Tower,0,0,11,0,11,0,2,53,0,55,0,2,64,0,66,42,0,42,108
10/02/2022,JEF,MO,ACE,CE,Federal Contract Tower,0,0,15,0,15,0,3,45,2,50,0,3,60,2,65,0,0,0,65
10/03/2022,JEF,MO,ACE,CE,Federal Contract Tower,0,2,18,0,20,0,3,41,0,44,0,5,59,0,64,60,0,60,124
10/04/2022,JEF,MO,ACE,CE,Federal Contract Tower,0,0,33,2,35,0,3,51,5,59,0,3,84,7,94,80,0,80,174
10/05/2022,JEF,MO,ACE,CE,Federal Contract Tower,0,0,44,2,46,0,0,62,8,70,0,0,106,10,116,50,0,50,166
10/06/2022,JEF,MO,ACE,CE,Federal Contract Tower,0,0,24,2,26,0,1,61,4,66,0,1,85,6,92,32,8,40,132
10/07/2022,JEF,MO,ACE,CE,Federal Contract Tower,0,8,23,1,32,0,2,62,3,67,0,10,85,4,99,52,2,54,153
10/08/2022,JEF,MO,ACE,CE,Federal Contract Tower,0,2,7,0,9,0,0,51,4,55,0,2,58,4,64,44,0,44,108
10/09/2022,JEF,MO,ACE,CE,Federal Contract Tower,0,2,26,0,28,0,0,37,8,45,0,2,63,8,73,34,0,34,107
10/10/2022,JEF,MO,ACE,CE,Federal Contract Tower,0,1,12,0,13,0,1,44,4,49,0,2,56,4,62,44,0,44,106
10/11/2022,JEF,MO,ACE,CE,Federal Contract Tower,0,3,15,1,19,0,0,7,1,8,0,3,22,2,27,6,0,6,33
10/12/2022,JEF,MO,ACE,CE,Federal Contract Tower,0,2,26,0,28,0,0,22,0,22,0,2,48,0,50,26,0,26,76
10/13/2022,JEF,MO,ACE,CE,Federal Contract Tower,0,8,23,0,31,0,2,33,8,43,0,10,56,8,74,42,0,42,116
10/14/2022,JEF,MO,ACE,CE,Federal Contract Tower,0,16,18,4,38,0,2,19,6,27,0,18,37,10,65,4,0,4,69
10/15/2022,JEF,MO,ACE,CE,Federal Contract Tower,0,0,12,0,12,0,0,57,8,65,0,0,69,8,77,56,0,56,133
10/16/2022,JEF,MO,ACE,CE,Federal Contract Tower,0,0,7,0,7,0,0,27,3,30,0,0,34,3,37,66,0,66,103
10/17/2022,JEF,MO,ACE,CE,Federal Contract Tower,0,2,27,1,30,0,2,25,1,28,0,4,52,2,58,2,4,6,64
10/18/2022,JEF,MO,ACE,CE,Federal Contract Tower,0,1,27,2,30,0,2,56,5,63,0,3,83,7,93,10,0,10,103
10/19/2022,JEF,MO,ACE,CE,Federal Contract Tower,0,2,33,1,36,0,0,37,0,37,0,2,70,1,73,66,0,66,139
10/20/2022,JEF,MO,ACE,CE,Federal Contract Tower,0,1,33,1,35,0,2,45,5,52,0,3,78,6,87,86,2,88,175
10/21/2022,JEF,MO,ACE,CE,Federal Contract Tower,0,3,25,0,28,0,0,42,0,42,0,3,67,0,70,32,0,32,102
10/22/2022,JEF,MO,ACE,CE,Federal Contract Tower,0,0,8,0,8,0,0,19,0,19,0,0,27,0,27,6,0,6,33
10/23/2022,JEF,MO,ACE,CE,Federal Contract Tower,0,3,17,0,20,0,0,3,0,3,0,3,20,0,23,0,0,0,23
10/24/2022,JEF,MO,ACE,CE,Federal Contract Tower,0,3,27,2,32,0,0,12,0,12,0,3,39,2,44,18,0,18,62
10/25/2022,JEF,MO,ACE,CE,Federal Contract Tower,0,0,26,0,26,0,0,0,0,0,0,0,26,0,26,0,0,0,26
10/26/2022,JEF,MO,ACE,CE,Federal Contract Tower,0,0,20,3,23,0,7,75,5,87,0,7,95,8,110,28,0,28,138
10/27/2022,JEF,MO,ACE,CE,Federal Contract Tower,0,1,27,0,28,0,6,66,0,72,0,7,93,0,100,140,0,140,240
10/28/2022,JEF,MO,ACE,CE,Federal Contract Tower,0,2,16,4,22,0,0,31,9,40,0,2,47,13,62,18,0,18,80
10/29/2022,JEF,MO,ACE,CE,Federal Contract Tower,0,0,6,4,10,0,2,51,2,55,0,2,57,6,65,66,0,66,131
10/30/2022,JEF,MO,ACE,CE,Federal Contract Tower,0,4,15,0,19,0,0,0,0,0,0,4,15,0,19,0,0,0,19
10/31/2022,JEF,MO,ACE,CE,Federal Contract Tower,0,0,15,0,15,0,0,25,0,25,0,0,40,0,40,56,0,56,96
11/01/2022,JEF,MO,ACE,CE,Federal Contract Tower,0,2,25,2,29,0,1,73,6,80,0,3,98,8,109,20,0,20,129
11/02/2022,JEF,MO,ACE,CE,Federal Contract Tower,0,0,19,0,19,0,4,70,0,74,0,4,89,0,93,68,0,68,161
11/03/2022,JEF,MO,ACE,CE,Federal Contract Tower,0,0,12,0,12,0,0,53,0,53,0,0,65,0,65,32,0,32,97
11/04/2022,JEF,MO,ACE,CE,Federal Contract Tower,0,0,12,2,14,0,0,6,0,6,0,0,18,2,20,6,0,6,26
11/05/2022,JEF,MO,ACE,CE,Federal Contract Tower,0,0,10,0,10,0,0,2,2,4,0,0,12,2,14,0,0,0,14
11/06/2022,JEF,MO,ACE,CE,Federal Contract Tower,0,0,6,0,6,0,0,61,3,64,0,0,67,3,70,48,0,48,118
11/07/2022,JEF,MO,ACE,CE,Federal Contract Tower,0,0,23,0,23,0,0,44,2,46,0,0,67,2,69,74,0,74,143
11/08/2022,JEF,MO,ACE,CE,Federal Contract Tower,0,0,23,0,23,0,2,54,1,57,0,2,77,1,80,42,12,54,134
11/09/2022,JEF,MO,ACE,CE,Federal Contract Tower,0,0,17,4,21,0,2,45,0,47,0,2,62,4,68,96,0,96,164
11/10/2022,JEF,MO,ACE,CE,Federal Contract Tower,0,2,23,1,26,0,0,17,3,20,0,2,40,4,46,18,2,20,66
11/11/2022,JEF,MO,ACE,CE,Federal Contract Tower,0,0,7,0,7,0,2,26,0,28,0,2,33,0,35,22,0,22,57
11/12/2022,JEF,MO,ACE,CE,Federal Contract Tower,0,0,8,0,8,0,2,0,0,2,0,2,8,0,10,0,0,0,10
11/13/2022,JEF,MO,ACE,CE,Federal Contract Tower,0,2,12,0,14,0,7,51,0,58,0,9,63,0,72,70,0,70,142
11/14/2022,JEF,MO,ACE,CE,Federal Contract Tower,0,2,8,2,12,0,0,41,0,41,0,2,49,2,53,64,0,64,117
11/15/2022,JEF,MO,ACE,CE,Federal Contract Tower,0,2,12,0,14,0,0,1,0,1,0,2,13,0,15,0,0,0,15
11/16/2022,JEF,MO,ACE,CE,Federal Contract Tower,0,0,21,0,21,0,1,20,4,25,0,1,41,4,46,16,0,16,62
11/17/2022,JEF,MO,ACE,CE,Federal Contract Tower,0,3,32,3,38,0,2,44,5,51,0,5,76,8,89,92,0,92,181
11/18/2022,JEF,MO,ACE,CE,Federal Contract Tower,0,0,23,0,23,0,0,39,4,43,0,0,62,4,66,46,2,48,114
11/19/2022,JEF,MO,ACE,CE,Federal Contract Tower,0,0,6,0,6,0,0,20,0,20,0,0,26,0,26,4,0,4,30
11/20/2022,JEF,MO,ACE,CE,Federal Contract Tower,0,2,5,0,7,0,0,37,0,37,0,2,42,0,44,26,0,26,70
11/21/2022,JEF,MO,ACE,CE,Federal Contract Tower,0,0,17,1,18,0,2,62,1,65,0,2,79,2,83,114,0,114,197
11/22/2022,JEF,MO,ACE,CE,Federal Contract Tower,0,3,23,1,27,0,0,66,11,77,0,3,89,12,104,36,0,36,140
11/23/2022,JEF,MO,ACE,CE,Federal Contract Tower,0,0,11,0,11,0,4,44,0,48,0,4,55,0,59,74,0,74,133
11/24/2022,JEF,MO,ACE,CE,Federal Contract Tower,0,0,1,0,1,0,0,0,0,0,0,0,1,0,1,0,0,0,1
11/25/2022,JEF,MO,ACE,CE,Federal Contract Tower,0,0,10,0,10,0,0,27,0,27,0,0,37,0,37,10,0,10,47
11/26/2022,JEF,MO,ACE,CE,Federal Contract Tower,0,0,12,0,12,0,0,23,0,23,0,0,35,0,35,34,0,34,69
11/27/2022,JEF,MO,ACE,CE,Federal Contract Tower,0,0,12,0,12,0,0,0,0,0,0,0,12,0,12,0,0,0,12
11/28/2022,JEF,MO,ACE,CE,Federal Contract Tower,0,0,17,0,17,0,0,48,0,48,0,0,65,0,65,74,0,74,139
11/29/2022,JEF,MO,ACE,CE,Federal Contract Tower,0,3,16,2,21,0,2,17,16,35,0,5,33,18,56,0,6,6,62
11/30/2022,JEF,MO,ACE,CE,Federal Contract Tower,0,0,17,2,19,0,2,42,3,47,0,2,59,5,66,46,0,46,112
12/01/2022,JEF,MO,ACE,CE,Federal Contract Tower,0,2,21,2,25,0,4,30,10,44,0,6,51,12,69,68,0,68,137
12/02/2022,JEF,MO,ACE,CE,Federal Contract Tower,0,0,12,2,14,0,0,5,0,5,0,0,17,2,19,0,0,0,19
12/03/2022,JEF,MO,ACE,CE,Federal Contract Tower,0,0,15,0,15,0,2,47,4,53,0,2,62,4,68,86,0,86,154
12/04/2022,JEF,MO,ACE,CE,Federal Contract Tower,0,0,10,0,10,0,0,36,0,36,0,0,46,0,46,0,0,0,46
12/05/2022,JEF,MO,ACE,CE,Federal Contract Tower,0,0,17,0,17,0,0,29,0,29,0,0,46,0,46,92,0,92,138
12/06/2022,JEF,MO,ACE,CE,Federal Contract Tower,0,1,16,0,17,0,0,2,0,2,0,1,18,0,19,4,0,4,23
12/07/2022,JEF,MO,ACE,CE,Federal Contract Tower,0,1,24,4,29,0,0,2,0,2,0,1,26,4,31,0,0,0,31
12/08/2022,JEF,MO,ACE,CE,Federal Contract Tower,0,5,19,0,24,0,0,0,0,0,0,5,19,0,24,0,0,0,24
12/09/2022,JEF,MO,ACE,CE,Federal Contract Tower,0,1,22,0,23,0,0,21,0,21,0,1,43,0,44,68,0,68,112
12/10/2022,JEF,MO,ACE,CE,Federal Contract Tower,0,0,6,0,6,0,0,0,0,0,0,0,6,0,6,0,0,0,6
12/11/2022,JEF,MO,ACE,CE,Federal Contract Tower,0,0,14,0,14,0,0,13,0,13,0,0,27,0,27,0,0,0,27
12/12/2022,JEF,MO,ACE,CE,Federal Contract Tower,0,2,18,0,20,0,1,2,2,5,0,3,20,2,25,0,0,0,25
12/13/2022,JEF,MO,ACE,CE,Federal Contract Tower,0,2,5,0,7,0,0,0,0,0,0,2,5,0,7,0,0,0,7
12/14/2022,JEF,MO,ACE,CE,Federal Contract Tower,0,0,27,1,28,0,4,18,8,30,0,4,45,9,58,16,0,16,74
12/15/2022,JEF,MO,ACE,CE,Federal Contract Tower,0,2,17,4,23,0,2,30,12,44,0,4,47,16,67,26,24,50,117
12/16/2022,JEF,MO,ACE,CE,Federal Contract Tower,0,2,19,0,21,0,0,12,0,12,0,2,31,0,33,4,0,4,37
12/17/2022,JEF,MO,ACE,CE,Federal Contract Tower,0,2,5,0,7,0,2,10,0,12,0,4,15,0,19,4,0,4,23
12/18/2022,JEF,MO,ACE,CE,Federal Contract Tower,0,0,18,0,18,0,2,46,0,48,0,2,64,0,66,44,0,44,110
12/19/2022,JEF,MO,ACE,CE,Federal Contract Tower,0,0,16,0,16,0,0,37,1,38,0,0,53,1,54,62,0,62,116
12/20/2022,JEF,MO,ACE,CE,Federal Contract Tower,0,1,29,0,30,0,5,62,11,78,0,6,91,11,108,116,0,116,224
12/21/2022,JEF,MO,ACE,CE,Federal Contract Tower,0,4,14,0,18,0,0,23,11,34,0,4,37,11,52,58,12,70,122
12/22/2022,JEF,MO,ACE,CE,Federal Contract Tower,0,0,0,0,0,0,0,0,0,0,0,0,0,0,0,0,0,0,0
12/23/2022,JEF,MO,ACE,CE,Federal Contract Tower,0,0,4,0,4,0,0,1,0,1,0,0,5,0,5,0,0,0,5
12/24/2022,JEF,MO,ACE,CE,Federal Contract Tower,0,2,0,0,2,0,0,2,0,2,0,2,2,0,4,0,0,0,4
12/25/2022,JEF,MO,ACE,CE,Federal Contract Tower,0,0,0,0,0,0,0,0,0,0,0,0,0,0,0,0,0,0,0
12/26/2022,JEF,MO,ACE,CE,Federal Contract Tower,0,0,6,0,6,0,0,2,0,2,0,0,8,0,8,0,0,0,8
12/27/2022,JEF,MO,ACE,CE,Federal Contract Tower,0,0,19,0,19,0,0,41,0,41,0,0,60,0,60,52,0,52,112
12/28/2022,JEF,MO,ACE,CE,Federal Contract Tower,0,0,7,0,7,0,1,20,6,27,0,1,27,6,34,6,0,6,40
12/29/2022,JEF,MO,ACE,CE,Federal Contract Tower,0,2,10,0,12,0,0,10,0,10,0,2,20,0,22,0,0,0,22
12/30/2022,JEF,MO,ACE,CE,Federal Contract Tower,0,0,8,0,8,0,4,57,0,61,0,4,65,0,69,42,0,42,111
12/31/2022,JEF,MO,ACE,CE,Federal Contract Tower,0,0,5,0,5,0,0,33,0,33,0,0,38,0,38,24,0,24,62
01/01/2023,JEF,MO,ACE,CE,Federal Contract Tower,0,1,10,0,11,0,0,27,0,27,0,1,37,0,38,64,0,64,102
01/02/2023,JEF,MO,ACE,CE,Federal Contract Tower,0,1,8,0,9,0,0,0,0,0,0,1,8,0,9,0,0,0,9
01/03/2023,JEF,MO,ACE,CE,Federal Contract Tower,0,2,18,5,25,0,0,27,5,32,0,2,45,10,57,16,14,30,87
01/04/2023,JEF,MO,ACE,CE,Federal Contract Tower,0,3,21,4,28,0,1,31,6,38,0,4,52,10,66,16,0,16,82
01/05/2023,JEF,MO,ACE,CE,Federal Contract Tower,0,4,19,1,24,0,3,47,13,63,0,7,66,14,87,58,10,68,155
01/06/2023,JEF,MO,ACE,CE,Federal Contract Tower,0,0,10,3,13,0,0,73,7,80,0,0,83,10,93,116,0,116,209
01/07/2023,JEF,MO,ACE,CE,Federal Contract Tower,0,0,6,4,10,0,0,8,3,11,0,0,14,7,21,6,12,18,39
01/08/2023,JEF,MO,ACE,CE,Federal Contract Tower,0,0,10,4,14,0,2,2,0,4,0,2,12,4,18,0,0,0,18
01/09/2023,JEF,MO,ACE,CE,Federal Contract Tower,0,0,28,2,30,0,3,55,4,62,0,3,83,6,92,44,32,76,168
01/10/2023,JEF,MO,ACE,CE,Federal Contract Tower,0,0,17,3,20,0,2,59,22,83,0,2,76,25,103,114,6,120,223
01/11/2023,JEF,MO,ACE,CE,Federal Contract Tower,0,4,19,2,25,0,0,49,2,51,0,4,68,4,76,114,0,114,190
01/12/2023,JEF,MO,ACE,CE,Federal Contract Tower,0,0,7,0,7,0,0,2,0,2,0,0,9,0,9,8,12,20,29
01/13/2023,JEF,MO,ACE,CE,Federal Contract Tower,0,1,15,2,18,0,0,24,1,25,0,1,39,3,43,70,0,70,113
01/14/2023,JEF,MO,ACE,CE,Federal Contract Tower,0,0,3,0,3,0,0,65,0,65,0,0,68,0,68,82,0,82,150
01/15/2023,JEF,MO,ACE,CE,Federal Contract Tower,0,0,16,0,16,0,0,10,0,10,0,0,26,0,26,32,0,32,58
01/16/2023,JEF,MO,ACE,CE,Federal Contract Tower,0,0,8,3,11,0,5,8,6,19,0,5,16,9,30,0,6,6,36
01/17/2023,JEF,MO,ACE,CE,Federal Contract Tower,0,2,29,2,33,0,1,43,8,52,0,3,72,10,85,40,6,46,131
01/18/2023,JEF,MO,ACE,CE,Federal Contract Tower,0,1,23,3,27,0,0,5,0,5,0,1,28,3,32,0,0,0,32
01/19/2023,JEF,MO,ACE,CE,Federal Contract Tower,0,1,13,0,14,0,0,4,7,11,0,1,17,7,25,0,0,0,25
01/20/2023,JEF,MO,ACE,CE,Federal Contract Tower,0,0,17,4,21,0,2,50,5,57,0,2,67,9,78,108,2,110,188
01/21/2023,JEF,MO,ACE,CE,Federal Contract Tower,0,0,13,0,13,0,2,46,0,48,0,2,59,0,61,54,0,54,115
01/22/2023,JEF,MO,ACE,CE,Federal Contract Tower,0,0,8,1,9,0,0,0,0,0,0,0,8,1,9,0,0,0,9
01/23/2023,JEF,MO,ACE,CE,Federal Contract Tower,0,0,21,1,22,0,6,28,0,34,0,6,49,1,56,104,0,104,160
01/24/2023,JEF,MO,ACE,CE,Federal Contract Tower,0,0,16,4,20,0,5,56,8,69,0,5,72,12,89,116,2,118,207
01/25/2023,JEF,MO,ACE,CE,Federal Contract Tower,0,0,1,2,3,0,0,0,0,0,0,0,1,2,3,0,0,0,3
01/26/2023,JEF,MO,ACE,CE,Federal Contract Tower,0,0,34,4,38,0,2,48,5,55,0,2,82,9,93,32,0,32,125
01/27/2023,JEF,MO,ACE,CE,Federal Contract Tower,0,2,11,1,14,0,0,27,4,31,0,2,38,5,45,52,0,52,97
01/28/2023,JEF,MO,ACE,CE,Federal Contract Tower,0,0,6,0,6,0,2,37,0,39,0,2,43,0,45,18,0,18,63
01/29/2023,JEF,MO,ACE,CE,Federal Contract Tower,0,0,10,0,10,0,0,3,0,3,0,0,13,0,13,0,0,0,13
01/30/2023,JEF,MO,ACE,CE,Federal Contract Tower,0,2,16,0,18,0,0,32,5,37,0,2,48,5,55,30,4,34,89
01/31/2023,JEF,MO,ACE,CE,Federal Contract Tower,0,2,28,1,31,0,4,54,11,69,0,6,82,12,100,82,26,108,208
02/01/2023,JEF,MO,ACE,CE,Federal Contract Tower,0,0,8,0,8,0,0,55,12,67,0,0,63,12,75,62,0,62,137
02/02/2023,JEF,MO,ACE,CE,Federal Contract Tower,0,1,19,2,22,0,3,65,19,87,0,4,84,21,109,52,4,56,165
02/03/2023,JEF,MO,ACE,CE,Federal Contract Tower,0,0,14,2,16,0,6,67,5,78,0,6,81,7,94,26,0,26,120
02/04/2023,JEF,MO,ACE,CE,Federal Contract Tower,0,0,5,0,5,0,0,11,12,23,0,0,16,12,28,0,14,14,42
02/05/2023,JEF,MO,ACE,CE,Federal Contract Tower,0,0,14,2,16,0,2,60,6,68,0,2,74,8,84,88,0,88,172
02/06/2023,JEF,MO,ACE,CE,Federal Contract Tower,0,2,24,0,26,0,0,25,1,26,0,2,49,1,52,48,0,48,100
02/07/2023,JEF,MO,ACE,CE,Federal Contract Tower,0,0,27,0,27,0,0,48,18,66,0,0,75,18,93,164,0,164,257
02/08/2023,JEF,MO,ACE,CE,Federal Contract Tower,0,3,19,0,22,0,2,11,0,13,0,5,30,0,35,64,0,64,99
02/09/2023,JEF,MO,ACE,CE,Federal Contract Tower,0,1,13,0,14,0,1,4,2,7,0,2,17,2,21,36,0,36,57
02/10/2023,JEF,MO,ACE,CE,Federal Contract Tower,0,2,17,0,19,0,0,54,17,71,0,2,71,17,90,130,0,130,220
02/11/2023,JEF,MO,ACE,CE,Federal Contract Tower,0,0,7,0,7,0,0,81,6,87,0,0,88,6,94,140,8,148,242
02/12/2023,JEF,MO,ACE,CE,Federal Contract Tower,0,2,6,0,8,0,6,44,0,50,0,8,50,0,58,32,0,32,90
02/13/2023,JEF,MO,ACE,CE,Federal Contract Tower,0,2,29,4,35,0,5,51,5,61,0,7,80,9,96,114,22,136,232
02/14/2023,JEF,MO,ACE,CE,Federal Contract Tower,0,0,12,3,15,0,0,2,5,7,0,0,14,8,22,12,18,30,52
02/15/2023,JEF,MO,ACE,CE,Federal Contract Tower,0,0,21,3,24,0,0,74,20,94,0,0,95,23,118,96,0,96,214
02/16/2023,JEF,MO,ACE,CE,Federal Contract Tower,0,0,23,2,25,0,0,0,0,0,0,0,23,2,25,0,0,0,25
02/17/2023,JEF,MO,ACE,CE,Federal Contract Tower,0,0,25,1,26,0,4,71,3,78,0,4,96,4,104,74,2,76,180
02/18/2023,JEF,MO,ACE,CE,Federal Contract Tower,0,0,1,0,1,0,0,36,0,36,0,0,37,0,37,56,0,56,93
02/19/2023,JEF,MO,ACE,CE,Federal Contract Tower,0,2,9,0,11,0,4,26,0,30,0,6,35,0,41,36,0,36,77
02/20/2023,JEF,MO,ACE,CE,Federal Contract Tower,0,0,18,0,18,0,1,56,0,57,0,1,74,0,75,144,0,144,219
02/21/2023,JEF,MO,ACE,CE,Federal Contract Tower,0,0,25,4,29,0,0,57,10,67,0,0,82,14,96,54,6,60,156
02/22/2023,JEF,MO,ACE,CE,Federal Contract Tower,0,2,11,2,15,0,2,10,6,18,0,4,21,8,33,0,0,0,33
02/23/2023,JEF,MO,ACE,CE,Federal Contract Tower,0,4,15,4,23,0,2,30,21,53,0,6,45,25,76,98,10,108,184
02/24/2023,JEF,MO,ACE,CE,Federal Contract Tower,0,1,11,3,15,0,0,36,0,36,0,1,47,3,51,96,0,96,147
02/25/2023,JEF,MO,ACE,CE,Federal Contract Tower,0,1,11,0,12,0,0,50,0,50,0,1,61,0,62,75,0,75,137
02/26/2023,JEF,MO,ACE,CE,Federal Contract Tower,0,1,20,0,21,0,0,0,0,0,0,1,20,0,21,0,0,0,21
02/27/2023,JEF,MO,ACE,CE,Federal Contract Tower,0,4,22,0,26,0,3,5,0,8,0,7,27,0,34,0,0,0,34
02/28/2023,JEF,MO,ACE,CE,Federal Contract Tower,0,1,26,3,30,0,1,56,3,60,0,2,82,6,90,144,10,154,244
03/01/2023,JEF,MO,ACE,CE,Federal Contract Tower,0,0,15,2,17,0,2,49,9,60,0,2,64,11,77,146,26,172,249
03/02/2023,JEF,MO,ACE,CE,Federal Contract Tower,0,3,21,7,31,0,0,29,4,33,0,3,50,11,64,118,2,120,184
03/03/2023,JEF,MO,ACE,CE,Federal Contract Tower,0,0,7,2,9,0,0,2,1,3,0,0,9,3,12,18,0,18,30
03/04/2023,JEF,MO,ACE,CE,Federal Contract Tower,0,1,7,0,8,0,5,71,4,80,0,6,78,4,88,98,0,98,186
03/05/2023,JEF,MO,ACE,CE,Federal Contract Tower,0,0,10,2,12,0,3,35,0,38,0,3,45,2,50,100,0,100,150
03/06/2023,JEF,MO,ACE,CE,Federal Contract Tower,0,3,20,3,26,0,1,64,4,69,0,4,84,7,95,64,0,64,159
03/07/2023,JEF,MO,ACE,CE,Federal Contract Tower,0,2,37,3,42,0,4,28,6,38,0,6,65,9,80,134,0,134,214
03/08/2023,JEF,MO,ACE,CE,Federal Contract Tower,0,6,16,2,24,0,0,22,8,30,0,6,38,10,54,72,0,72,126
03/09/2023,JEF,MO,ACE,CE,Federal Contract Tower,0,0,25,3,28,0,0,3,2,5,0,0,28,5,33,22,4,26,59
03/10/2023,JEF,MO,ACE,CE,Federal Contract Tower,0,1,14,0,15,0,0,37,2,39,0,1,51,2,54,76,0,76,130
03/11/2023,JEF,MO,ACE,CE,Federal Contract Tower,0,0,7,0,7,0,0,1,0,1,0,0,8,0,8,0,0,0,8
03/12/2023,JEF,MO,ACE,CE,Federal Contract Tower,0,0,3,0,3,0,2,3,0,5,0,2,6,0,8,56,0,56,64
03/13/2023,JEF,MO,ACE,CE,Federal Contract Tower,0,2,12,3,17,0,4,22,1,27,0,6,34,4,44,112,0,112,156
03/14/2023,JEF,MO,ACE,CE,Federal Contract Tower,0,0,20,1,21,0,2,64,2,68,0,2,84,3,89,116,0,116,205
03/15/2023,JEF,MO,ACE,CE,Federal Contract Tower,0,0,29,0,29,0,1,49,12,62,0,1,78,12,91,76,0,76,167
03/16/2023,JEF,MO,ACE,CE,Federal Contract Tower,0,0,15,1,16,0,0,5,5,10,0,0,20,6,26,6,0,6,32
03/17/2023,JEF,MO,ACE,CE,Federal Contract Tower,0,4,11,0,15,0,2,43,0,45,0,6,54,0,60,56,0,56,116
03/18/2023,JEF,MO,ACE,CE,Federal Contract Tower,0,0,7,0,7,0,2,6,4,12,0,2,13,4,19,28,8,36,55
03/19/2023,JEF,MO,ACE,CE,Federal Contract Tower,0,0,15,2,17,0,17,63,0,80,0,17,78,2,97,32,0,32,129
03/20/2023,JEF,MO,ACE,CE,Federal Contract Tower,0,1,16,2,19,0,2,33,2,37,0,3,49,4,56,34,0,34,90
03/21/2023,JEF,MO,ACE,CE,Federal Contract Tower,0,3,14,2,19,0,0,1,2,3,0,3,15,4,22,0,0,0,22
03/22/2023,JEF,MO,ACE,CE,Federal Contract Tower,0,1,31,5,37,0,0,18,5,23,0,1,49,10,60,100,2,102,162
03/23/2023,JEF,MO,ACE,CE,Federal Contract Tower,0,0,27,2,29,0,0,1,0,1,0,0,28,2,30,0,0,0,30
03/24/2023,JEF,MO,ACE,CE,Federal Contract Tower,0,0,13,2,15,0,0,0,0,0,0,0,13,2,15,0,0,0,15
03/25/2023,JEF,MO,ACE,CE,Federal Contract Tower,0,12,22,0,34,0,5,43,5,53,0,17,65,5,87,82,0,82,169
03/26/2023,JEF,MO,ACE,CE,Federal Contract Tower,0,0,5,0,5,0,5,41,0,46,0,5,46,0,51,40,0,40,91
03/27/2023,JEF,MO,ACE,CE,Federal Contract Tower,0,2,28,2,32,0,7,87,1,95,0,9,115,3,127,62,0,62,189
03/28/2023,JEF,MO,ACE,CE,Federal Contract Tower,0,2,24,2,28,0,3,16,21,40,0,5,40,23,68,22,0,22,90
03/29/2023,JEF,MO,ACE,CE,Federal Contract Tower,0,8,21,3,32,0,7,77,6,90,0,15,98,9,122,84,0,84,206
03/30/2023,JEF,MO,ACE,CE,Federal Contract Tower,0,1,10,1,12,0,3,30,7,40,0,4,40,8,52,60,4,64,116
03/31/2023,JEF,MO,ACE,CE,Federal Contract Tower,0,0,2,0,2,0,0,1,0,1,0,0,3,0,3,0,0,0,3
04/01/2023,JEF,MO,ACE,CE,Federal Contract Tower,0,0,10,0,10,0,4,17,7,28,0,4,27,7,38,2,0,2,40
04/02/2023,JEF,MO,ACE,CE,Federal Contract Tower,0,2,20,0,22,0,3,44,0,47,0,5,64,0,69,42,0,42,111
04/03/2023,JEF,MO,ACE,CE,Federal Contract Tower,0,3,30,2,35,0,4,61,3,68,0,7,91,5,103,96,0,96,199
04/04/2023,JEF,MO,ACE,CE,Federal Contract Tower,0,0,23,0,23,0,3,10,10,23,0,3,33,10,46,36,0,36,82
04/05/2023,JEF,MO,ACE,CE,Federal Contract Tower,0,4,15,1,20,0,4,21,14,39,0,8,36,15,59,50,0,50,109
04/06/2023,JEF,MO,ACE,CE,Federal Contract Tower,0,0,22,0,22,0,10,77,11,98,0,10,99,11,120,110,0,110,230
04/07/2023,JEF,MO,ACE,CE,Federal Contract Tower,0,0,13,0,13,0,0,65,0,65,0,0,78,0,78,114,0,114,192
04/08/2023,JEF,MO,ACE,CE,Federal Contract Tower,0,0,8,0,8,0,0,60,0,60,0,0,68,0,68,96,0,96,164
04/09/2023,JEF,MO,ACE,CE,Federal Contract Tower,0,3,0,0,3,0,3,15,0,18,0,6,15,0,21,66,0,66,87
04/10/2023,JEF,MO,ACE,CE,Federal Contract Tower,0,3,11,4,18,0,2,36,2,40,0,5,47,6,58,128,0,128,186
04/11/2023,JEF,MO,ACE,CE,Federal Contract Tower,0,0,22,0,22,0,4,69,9,82,0,4,91,9,104,126,0,126,230
04/12/2023,JEF,MO,ACE,CE,Federal Contract Tower,0,2,20,2,24,0,2,58,10,70,0,4,78,12,94,8,0,8,102
04/13/2023,JEF,MO,ACE,CE,Federal Contract Tower,0,6,21,5,32,0,3,59,6,68,0,9,80,11,100,100,0,100,200
04/14/2023,JEF,MO,ACE,CE,Federal Contract Tower,0,1,12,0,13,0,2,62,0,64,0,3,74,0,77,90,0,90,167
04/15/2023,JEF,MO,ACE,CE,Federal Contract Tower,0,3,3,0,6,0,0,2,8,10,0,3,5,8,16,0,0,0,16
04/16/2023,JEF,MO,ACE,CE,Federal Contract Tower,0,6,8,0,14,0,0,5,2,7,0,6,13,2,21,6,0,6,27
04/17/2023,JEF,MO,ACE,CE,Federal Contract Tower,0,1,16,7,24,0,0,35,5,40,0,1,51,12,64,114,0,114,178
04/18/2023,JEF,MO,ACE,CE,Federal Contract Tower,0,0,26,2,28,0,4,60,1,65,0,4,86,3,93,38,0,38,131
04/19/2023,JEF,MO,ACE,CE,Federal Contract Tower,0,0,22,2,24,0,0,20,1,21,0,0,42,3,45,40,0,40,85
04/20/2023,JEF,MO,ACE,CE,Federal Contract Tower,0,0,21,0,21,0,0,14,6,20,0,0,35,6,41,12,0,12,53
04/21/2023,JEF,MO,ACE,CE,Federal Contract Tower,0,0,16,0,16,0,4,52,8,64,0,4,68,8,80,46,4,50,130
04/22/2023,JEF,MO,ACE,CE,Federal Contract Tower,0,0,5,0,5,0,0,28,0,28,0,0,33,0,33,20,0,20,53
04/23/2023,JEF,MO,ACE,CE,Federal Contract Tower,0,0,17,0,17,0,8,50,2,60,0,8,67,2,77,98,0,98,175
04/24/2023,JEF,MO,ACE,CE,Federal Contract Tower,0,0,21,2,23,0,7,79,3,89,0,7,100,5,112,14,16,30,142
04/25/2023,JEF,MO,ACE,CE,Federal Contract Tower,0,2,30,2,34,0,4,70,12,86,0,6,100,14,120,48,0,48,168
04/26/2023,JEF,MO,ACE,CE,Federal Contract Tower,0,0,26,2,28,0,6,49,5,60,0,6,75,7,88,80,18,98,186
04/27/2023,JEF,MO,ACE,CE,Federal Contract Tower,0,0,14,1,15,0,0,51,9,60,0,0,65,10,75,25,0,25,100
04/28/2023,JEF,MO,ACE,CE,Federal Contract Tower,0,1,15,2,18,0,8,60,2,70,0,9,75,4,88,76,5,81,169
04/29/2023,JEF,MO,ACE,CE,Federal Contract Tower,0,0,14,0,14,0,3,73,2,78,0,3,87,2,92,54,0,54,146
04/30/2023,JEF,MO,ACE,CE,Federal Contract Tower,0,3,6,0,9,0,6,16,0,22,0,9,22,0,31,4,0,4,35
05/01/2023,JEF,MO,ACE,CE,Federal Contract Tower,0,1,19,0,20,0,6,21,0,27,0,7,40,0,47,18,0,18,65
05/02/2023,JEF,MO,ACE,CE,Federal Contract Tower,0,0,23,0,23,0,0,23,0,23,0,0,46,0,46,20,0,20,66
05/03/2023,JEF,MO,ACE,CE,Federal Contract Tower,0,0,25,2,27,0,10,73,2,85,0,10,98,4,112,68,0,68,180
05/04/2023,JEF,MO,ACE,CE,Federal Contract Tower,0,2,29,1,32,0,8,44,0,52,0,10,73,1,84,60,0,60,144
05/05/2023,JEF,MO,ACE,CE,Federal Contract Tower,0,1,20,3,24,0,0,21,6,27,0,1,41,9,51,10,0,10,61
05/06/2023,JEF,MO,ACE,CE,Federal Contract Tower,0,3,20,0,23,0,0,19,0,19,0,3,39,0,42,20,0,20,62
05/07/2023,JEF,MO,ACE,CE,Federal Contract Tower,0,2,14,0,16,0,2,47,0,49,0,4,61,0,65,38,0,38,103
05/08/2023,JEF,MO,ACE,CE,Federal Contract Tower,0,0,13,2,15,0,2,24,0,26,0,2,37,2,41,20,0,20,61
05/09/2023,JEF,MO,ACE,CE,Federal Contract Tower,0,0,17,4,21,0,5,38,7,50,0,5,55,11,71,52,22,74,145
05/10/2023,JEF,MO,ACE,CE,Federal Contract Tower,0,5,15,1,21,0,2,42,4,48,0,7,57,5,69,12,2,14,83
05/11/2023,JEF,MO,ACE,CE,Federal Contract Tower,0,1,14,2,17,0,0,4,1,5,0,1,18,3,22,8,0,8,30
05/12/2023,JEF,MO,ACE,CE,Federal Contract Tower,0,1,15,0,16,0,0,21,2,23,0,1,36,2,39,50,0,50,89
05/13/2023,JEF,MO,ACE,CE,Federal Contract Tower,0,2,8,0,10,0,0,34,0,34,0,2,42,0,44,8,0,8,52
05/14/2023,JEF,MO,ACE,CE,Federal Contract Tower,0,0,10,0,10,0,0,9,0,9,0,0,19,0,19,2,0,2,21
05/15/2023,JEF,MO,ACE,CE,Federal Contract Tower,0,0,22,0,22,0,0,0,0,0,0,0,22,0,22,0,0,0,22
05/16/2023,JEF,MO,ACE,CE,Federal Contract Tower,0,2,45,1,48,0,0,3,3,6,0,2,48,4,54,12,0,12,66
05/17/2023,JEF,MO,ACE,CE,Federal Contract Tower,0,1,25,2,28,0,3,73,11,87,0,4,98,13,115,54,0,54,169
05/18/2023,JEF,MO,ACE,CE,Federal Contract Tower,0,1,20,1,22,0,5,86,13,104,0,6,106,14,126,96,0,96,222
05/19/2023,JEF,MO,ACE,CE,Federal Contract Tower,0,1,24,0,25,0,0,21,2,23,0,1,45,2,48,46,0,46,94
05/20/2023,JEF,MO,ACE,CE,Federal Contract Tower,0,1,17,0,18,0,0,37,7,44,0,1,54,7,62,12,0,12,74
05/21/2023,JEF,MO,ACE,CE,Federal Contract Tower,0,0,17,0,17,0,0,41,0,41,0,0,58,0,58,18,0,18,76
05/22/2023,JEF,MO,ACE,CE,Federal Contract Tower,0,0,18,3,21,0,2,55,5,62,0,2,73,8,83,44,6,50,133
05/23/2023,JEF,MO,ACE,CE,Federal Contract Tower,0,0,26,0,26,0,4,60,5,69,0,4,86,5,95,42,20,62,157
05/24/2023,JEF,MO,ACE,CE,Federal Contract Tower,0,5,18,6,29,0,2,35,20,57,0,7,53,26,86,82,0,82,168
05/25/2023,JEF,MO,ACE,CE,Federal Contract Tower,0,0,23,2,25,0,8,75,4,87,0,8,98,6,112,96,6,102,214
05/26/2023,JEF,MO,ACE,CE,Federal Contract Tower,0,8,19,1,28,0,0,66,7,73,0,8,85,8,101,46,0,46,147
05/27/2023,JEF,MO,ACE,CE,Federal Contract Tower,0,0,9,0,9,0,1,53,0,54,0,1,62,0,63,40,0,40,103
05/28/2023,JEF,MO,ACE,CE,Federal Contract Tower,0,0,4,0,4,0,0,36,0,36,0,0,40,0,40,42,0,42,82
05/29/2023,JEF,MO,ACE,CE,Federal Contract Tower,0,2,10,0,12,0,2,43,0,45,0,4,53,0,57,34,0,34,91
05/30/2023,JEF,MO,ACE,CE,Federal Contract Tower,0,3,19,1,23,0,0,58,4,62,0,3,77,5,85,88,0,88,173
05/31/2023,JEF,MO,ACE,CE,Federal Contract Tower,0,2,24,2,28,0,1,37,7,45,0,3,61,9,73,44,18,62,135
06/01/2023,JEF,MO,ACE,CE,Federal Contract Tower,0,2,18,1,21,0,6,56,5,67,0,8,74,6,88,100,0,100,188
06/02/2023,JEF,MO,ACE,CE,Federal Contract Tower,0,0,24,2,26,0,1,75,2,78,0,1,99,4,104,104,0,104,208
06/03/2023,JEF,MO,ACE,CE,Federal Contract Tower,0,0,7,0,7,0,0,53,0,53,0,0,60,0,60,22,0,22,82
06/04/2023,JEF,MO,ACE,CE,Federal Contract Tower,0,3,12,1,16,0,3,23,8,34,0,6,35,9,50,26,0,26,76
06/05/2023,JEF,MO,ACE,CE,Federal Contract Tower,0,2,12,1,15,0,2,42,6,50,0,4,54,7,65,56,20,76,141
06/06/2023,JEF,MO,ACE,CE,Federal Contract Tower,0,0,18,2,20,0,4,59,9,72,0,4,77,11,92,48,0,48,140
06/07/2023,JEF,MO,ACE,CE,Federal Contract Tower,0,0,22,0,22,0,2,46,2,50,0,2,68,2,72,70,14,84,156
06/08/2023,JEF,MO,ACE,CE,Federal Contract Tower,0,4,13,2,19,0,3,50,2,55,0,7,63,4,74,140,0,140,214
06/09/2023,JEF,MO,ACE,CE,Federal Contract Tower,0,0,17,4,21,0,2,74,4,80,0,2,91,8,101,118,0,118,219
06/10/2023,JEF,MO,ACE,CE,Federal Contract Tower,0,2,9,2,13,0,0,26,2,28,0,2,35,4,41,14,0,14,55
06/11/2023,JEF,MO,ACE,CE,Federal Contract Tower,0,1,15,2,18,0,0,1,0,1,0,1,16,2,19,0,0,0,19
06/12/2023,JEF,MO,ACE,CE,Federal Contract Tower,0,2,17,3,22,0,7,37,8,52,0,9,54,11,74,102,10,112,186
06/13/2023,JEF,MO,ACE,CE,Federal Contract Tower,0,0,23,7,30,0,5,68,30,103,0,5,91,37,133,126,24,150,283
06/14/2023,JEF,MO,ACE,CE,Federal Contract Tower,0,0,17,4,21,0,2,55,7,64,0,2,72,11,85,84,2,86,171
06/15/2023,JEF,MO,ACE,CE,Federal Contract Tower,0,0,14,2,16,0,8,81,14,103,0,8,95,16,119,52,2,54,173
06/16/2023,JEF,MO,ACE,CE,Federal Contract Tower,0,0,15,0,15,0,0,86,4,90,0,0,101,4,105,40,0,40,145
06/17/2023,JEF,MO,ACE,CE,Federal Contract Tower,0,0,7,0,7,0,3,46,0,49,0,3,53,0,56,36,0,36,92
06/18/2023,JEF,MO,ACE,CE,Federal Contract Tower,0,0,2,0,2,0,0,1,1,2,0,0,3,1,4,0,0,0,4
06/19/2023,JEF,MO,ACE,CE,Federal Contract Tower,0,0,14,1,15,0,8,62,0,70,0,8,76,1,85,28,0,28,113
06/20/2023,JEF,MO,ACE,CE,Federal Contract Tower,0,0,15,6,21,0,5,74,15,94,0,5,89,21,115,26,2,28,143
06/21/2023,JEF,MO,ACE,CE,Federal Contract Tower,0,0,35,0,35,0,2,69,17,88,0,2,104,17,123,42,8,50,173
06/22/2023,JEF,MO,ACE,CE,Federal Contract Tower,0,0,27,6,33,0,3,61,11,75,0,3,88,17,108,116,0,116,224
06/23/2023,JEF,MO,ACE,CE,Federal Contract Tower,0,1,14,0,15,0,6,59,4,69,0,7,73,4,84,74,20,94,178
06/24/2023,JEF,MO,ACE,CE,Federal Contract Tower,0,0,18,0,18,0,0,43,0,43,0,0,61,0,61,38,0,38,99
06/25/2023,JEF,MO,ACE,CE,Federal Contract Tower,0,2,16,2,20,0,4,31,0,35,0,6,47,2,55,26,0,26,81
06/26/2023,JEF,MO,ACE,CE,Federal Contract Tower,0,2,22,2,26,0,0,55,5,60,0,2,77,7,86,108,26,134,220
06/27/2023,JEF,MO,ACE,CE,Federal Contract Tower,0,2,28,1,31,0,5,83,3,91,0,7,111,4,122,92,0,92,214
06/28/2023,JEF,MO,ACE,CE,Federal Contract Tower,0,2,18,3,23,0,0,63,9,72,0,2,81,12,95,46,0,46,141
06/29/2023,JEF,MO,ACE,CE,Federal Contract Tower,0,0,24,0,24,0,2,60,5,67,0,2,84,5,91,21,0,21,112
06/30/2023,JEF,MO,ACE,CE,Federal Contract Tower,0,2,22,0,24,0,1,48,1,50,0,3,70,1,74,20,0,20,94
07/01/2023,JEF,MO,ACE,CE,Federal Contract Tower,0,0,2,0,2,0,2,32,0,34,0,2,34,0,36,56,0,56,92
07/02/2023,JEF,MO,ACE,CE,Federal Contract Tower,0,0,13,0,13,0,0,25,0,25,0,0,38,0,38,6,0,6,44
07/03/2023,JEF,MO,ACE,CE,Federal Contract Tower,0,0,7,0,7,0,2,33,0,35,0,2,40,0,42,70,0,70,112
07/04/2023,JEF,MO,ACE,CE,Federal Contract Tower,0,0,5,0,5,0,2,38,0,40,0,2,43,0,45,44,0,44,89
07/05/2023,JEF,MO,ACE,CE,Federal Contract Tower,0,2,14,0,16,0,2,42,3,47,0,4,56,3,63,24,0,24,87
07/06/2023,JEF,MO,ACE,CE,Federal Contract Tower,0,0,14,2,16,0,2,67,9,78,0,2,81,11,94,68,0,68,162
07/07/2023,JEF,MO,ACE,CE,Federal Contract Tower,0,0,16,3,19,0,0,33,3,36,0,0,49,6,55,74,0,74,129
07/08/2023,JEF,MO,ACE,CE,Federal Contract Tower,0,0,12,3,15,0,0,18,1,19,0,0,30,4,34,30,0,30,64
07/09/2023,JEF,MO,ACE,CE,Federal Contract Tower,0,0,6,7,13,0,3,32,1,36,0,3,38,8,49,20,0,20,69
07/10/2023,JEF,MO,ACE,CE,Federal Contract Tower,0,1,21,1,23,0,13,85,4,102,0,14,106,5,125,140,0,140,265
07/11/2023,JEF,MO,ACE,CE,Federal Contract Tower,0,0,21,6,27,0,0,98,17,115,0,0,119,23,142,118,0,118,260
07/12/2023,JEF,MO,ACE,CE,Federal Contract Tower,0,0,18,2,20,0,0,44,4,48,0,0,62,6,68,96,0,96,164
07/13/2023,JEF,MO,ACE,CE,Federal Contract Tower,0,0,42,1,43,0,4,37,4,45,0,4,79,5,88,26,0,26,114
07/14/2023,JEF,MO,ACE,CE,Federal Contract Tower,0,0,18,0,18,0,0,54,1,55,0,0,72,1,73,60,4,64,137
07/15/2023,JEF,MO,ACE,CE,Federal Contract Tower,0,1,18,0,19,0,8,30,1,39,0,9,48,1,58,42,0,42,100
07/16/2023,JEF,MO,ACE,CE,Federal Contract Tower,0,0,15,0,15,0,3,24,2,29,0,3,39,2,44,8,0,8,52
07/17/2023,JEF,MO,ACE,CE,Federal Contract Tower,0,2,24,2,28,0,8,53,3,64,0,10,77,5,92,46,0,46,138
07/18/2023,JEF,MO,ACE,CE,Federal Contract Tower,0,2,17,1,20,0,0,16,5,21,0,2,33,6,41,72,0,72,113
07/19/2023,JEF,MO,ACE,CE,Federal Contract Tower,0,3,30,4,37,0,1,44,7,52,0,4,74,11,89,98,0,98,187
07/20/2023,JEF,MO,ACE,CE,Federal Contract Tower,0,3,20,2,25,0,2,39,4,45,0,5,59,6,70,62,0,62,132
07/21/2023,JEF,MO,ACE,CE,Federal Contract Tower,0,0,16,3,19,0,0,49,6,55,0,0,65,9,74,32,2,34,108
07/22/2023,JEF,MO,ACE,CE,Federal Contract Tower,0,4,14,0,18,0,2,42,0,44,0,6,56,0,62,6,0,6,68
07/23/2023,JEF,MO,ACE,CE,Federal Contract Tower,0,0,11,0,11,0,0,49,0,49,0,0,60,0,60,6,0,6,66
07/24/2023,JEF,MO,ACE,CE,Federal Contract Tower,0,2,18,2,22,0,2,30,0,32,0,4,48,2,54,66,0,66,120
07/25/2023,JEF,MO,ACE,CE,Federal Contract Tower,0,0,24,2,26,0,2,69,6,77,0,2,93,8,103,166,0,166,269
07/26/2023,JEF,MO,ACE,CE,Federal Contract Tower,0,0,15,2,17,0,0,18,5,23,0,0,33,7,40,4,0,4,44
07/27/2023,JEF,MO,ACE,CE,Federal Contract Tower,0,0,29,3,32,0,10,63,3,76,0,10,92,6,108,38,0,38,146
07/28/2023,JEF,MO,ACE,CE,Federal Contract Tower,0,0,22,0,22,0,8,50,0,58,0,8,72,0,80,70,0,70,150
07/29/2023,JEF,MO,ACE,CE,Federal Contract Tower,0,0,3,0,3,0,27,35,0,62,0,27,38,0,65,38,0,38,103
07/30/2023,JEF,MO,ACE,CE,Federal Contract Tower,0,0,9,0,9,0,2,42,0,44,0,2,51,0,53,32,0,32,85
07/31/2023,JEF,MO,ACE,CE,Federal Contract Tower,0,2,29,0,31,0,0,33,3,36,0,2,62,3,67,68,18,86,153
08/01/2023,JEF,MO,ACE,CE,Federal Contract Tower,0,0,33,3,36,0,1,15,0,16,0,1,48,3,52,40,0,40,92
08/02/2023,JEF,MO,ACE,CE,Federal Contract Tower,0,2,14,2,18,0,0,26,3,29,0,2,40,5,47,26,12,38,85
08/03/2023,JEF,MO,ACE,CE,Federal Contract Tower,0,4,37,2,43,0,0,17,1,18,0,4,54,3,61,28,2,30,91
08/04/2023,JEF,MO,ACE,CE,Federal Contract Tower,0,0,25,2,27,0,0,24,0,24,0,0,49,2,51,62,6,68,119
08/05/2023,JEF,MO,ACE,CE,Federal Contract Tower,0,2,5,3,10,0,0,13,2,15,0,2,18,5,25,104,0,104,129
08/06/2023,JEF,MO,ACE,CE,Federal Contract Tower,0,0,14,2,16,0,4,20,0,24,0,4,34,2,40,0,12,12,52
08/07/2023,JEF,MO,ACE,CE,Federal Contract Tower,0,2,19,1,22,0,6,34,5,45,0,8,53,6,67,92,0,92,159
08/08/2023,JEF,MO,ACE,CE,Federal Contract Tower,0,0,26,3,29,0,12,67,11,90,0,12,93,14,119,140,20,160,279
08/09/2023,JEF,MO,ACE,CE,Federal Contract Tower,0,3,17,4,24,0,0,5,14,19,0,3,22,18,43,0,16,16,59
08/10/2023,JEF,MO,ACE,CE,Federal Contract Tower,0,1,28,0,29,0,2,52,7,61,0,3,80,7,90,62,8,70,160
08/11/2023,JEF,MO,ACE,CE,Federal Contract Tower,0,0,10,11,21,0,14,75,4,93,0,14,85,15,114,94,2,96,210
08/12/2023,JEF,MO,ACE,CE,Federal Contract Tower,0,0,6,0,6,0,0,29,2,31,0,0,35,2,37,22,0,22,59
08/13/2023,JEF,MO,ACE,CE,Federal Contract Tower,0,0,5,0,5,0,0,7,0,7,0,0,12,0,12,0,0,0,12
08/14/2023,JEF,MO,ACE,CE,Federal Contract Tower,0,0,18,3,21,0,4,35,0,39,0,4,53,3,60,40,0,40,100
08/15/2023,JEF,MO,ACE,CE,Federal Contract Tower,0,0,26,5,31,0,5,53,6,64,0,5,79,11,95,78,0,78,173
08/16/2023,JEF,MO,ACE,CE,Federal Contract Tower,0,2,27,0,29,0,0,80,0,80,0,2,107,0,109,56,16,72,181
08/17/2023,JEF,MO,ACE,CE,Federal Contract Tower,0,0,24,6,30,0,0,92,4,96,0,0,116,10,126,80,2,82,208
08/18/2023,JEF,MO,ACE,CE,Federal Contract Tower,0,1,15,3,19,0,0,77,0,77,0,1,92,3,96,48,0,48,144
08/19/2023,JEF,MO,ACE,CE,Federal Contract Tower,0,0,9,2,11,0,3,37,0,40,0,3,46,2,51,26,0,26,77
08/20/2023,JEF,MO,ACE,CE,Federal Contract Tower,0,0,11,0,11,0,2,21,8,31,0,2,32,8,42,4,0,4,46
08/21/2023,JEF,MO,ACE,CE,Federal Contract Tower,0,0,16,4,20,0,2,36,0,38,0,2,52,4,58,54,8,62,120
08/22/2023,JEF,MO,ACE,CE,Federal Contract Tower,0,3,28,2,33,0,7,30,5,42,0,10,58,7,75,22,0,22,97
08/23/2023,JEF,MO,ACE,CE,Federal Contract Tower,0,4,18,4,26,0,3,50,4,57,0,7,68,8,83,28,0,28,111
08/24/2023,JEF,MO,ACE,CE,Federal Contract Tower,0,1,22,5,28,0,6,42,5,53,0,7,64,10,81,20,0,20,101
08/25/2023,JEF,MO,ACE,CE,Federal Contract Tower,0,0,20,1,21,0,0,51,10,61,0,0,71,11,82,34,0,34,116
08/26/2023,JEF,MO,ACE,CE,Federal Contract Tower,0,0,8,0,8,0,0,18,0,18,0,0,26,0,26,4,0,4,30
08/27/2023,JEF,MO,ACE,CE,Federal Contract Tower,0,2,20,0,22,0,0,31,0,31,0,2,51,0,53,8,0,8,61
08/28/2023,JEF,MO,ACE,CE,Federal Contract Tower,0,3,33,2,38,0,2,84,1,87,0,5,117,3,125,70,0,70,195
08/29/2023,JEF,MO,ACE,CE,Federal Contract Tower,0,0,14,0,14,0,5,74,4,83,0,5,88,4,97,100,0,100,197
08/30/2023,JEF,MO,ACE,CE,Federal Contract Tower,0,0,27,5,32,0,6,81,11,98,0,6,108,16,130,46,0,46,176
08/31/2023,JEF,MO,ACE,CE,Federal Contract Tower,0,4,28,0,32,0,4,64,8,76,0,8,92,8,108,78,0,78,186
