12/01/2021,JKA,AL,ASO,ES,Federal Contract Tower,0,0,23,2,25,0,1,53,8,62,0,1,76,10,87,71,14,85,172
12/02/2021,JKA,AL,ASO,ES,Federal Contract Tower,0,0,23,9,32,0,2,83,5,90,0,2,106,14,122,116,20,136,258
12/03/2021,JKA,AL,ASO,ES,Federal Contract Tower,0,0,19,5,24,0,0,87,6,93,0,0,106,11,117,78,0,78,195
12/04/2021,JKA,AL,ASO,ES,Federal Contract Tower,0,0,28,6,34,0,0,52,0,52,0,0,80,6,86,12,16,28,114
12/05/2021,JKA,AL,ASO,ES,Federal Contract Tower,0,0,33,2,35,0,0,28,4,32,0,0,61,6,67,24,16,40,107
12/06/2021,JKA,AL,ASO,ES,Federal Contract Tower,0,0,19,17,36,0,2,49,1,52,0,2,68,18,88,58,14,72,160
12/07/2021,JKA,AL,ASO,ES,Federal Contract Tower,0,0,12,4,16,0,0,0,0,0,0,0,12,4,16,0,0,0,16
12/09/2021,JKA,AL,ASO,ES,Federal Contract Tower,0,0,34,4,38,0,0,28,0,28,0,0,62,4,66,72,0,72,138
12/10/2021,JKA,AL,ASO,ES,Federal Contract Tower,0,0,26,4,30,0,0,2,0,2,0,0,28,4,32,0,0,0,32
12/11/2021,JKA,AL,ASO,ES,Federal Contract Tower,0,0,10,4,14,0,2,18,0,20,0,2,28,4,34,36,0,36,70
12/12/2021,JKA,AL,ASO,ES,Federal Contract Tower,0,0,41,1,42,0,0,63,1,64,0,0,104,2,106,32,0,32,138
12/13/2021,JKA,AL,ASO,ES,Federal Contract Tower,0,1,44,2,47,0,2,47,1,50,0,3,91,3,97,64,2,66,163
12/14/2021,JKA,AL,ASO,ES,Federal Contract Tower,0,0,39,3,42,0,0,71,1,72,0,0,110,4,114,24,3,27,141
12/15/2021,JKA,AL,ASO,ES,Federal Contract Tower,0,0,38,5,43,0,0,63,6,69,0,0,101,11,112,110,12,122,234
12/16/2021,JKA,AL,ASO,ES,Federal Contract Tower,0,1,44,9,54,0,2,46,1,49,0,3,90,10,103,32,0,32,135
12/17/2021,JKA,AL,ASO,ES,Federal Contract Tower,0,0,37,2,39,0,0,0,0,0,0,0,37,2,39,0,0,0,39
12/18/2021,JKA,AL,ASO,ES,Federal Contract Tower,0,3,4,0,7,0,0,0,0,0,0,3,4,0,7,0,0,0,7
12/19/2021,JKA,AL,ASO,ES,Federal Contract Tower,0,0,29,0,29,0,0,2,7,9,0,0,31,7,38,0,37,37,75
12/20/2021,JKA,AL,ASO,ES,Federal Contract Tower,0,0,22,0,22,0,0,25,4,29,0,0,47,4,51,88,0,88,139
12/21/2021,JKA,AL,ASO,ES,Federal Contract Tower,0,0,28,3,31,0,2,14,9,25,0,2,42,12,56,30,16,46,102
12/22/2021,JKA,AL,ASO,ES,Federal Contract Tower,0,6,15,10,31,0,0,57,4,61,0,6,72,14,92,42,16,58,150
12/23/2021,JKA,AL,ASO,ES,Federal Contract Tower,0,2,14,0,16,0,1,72,0,73,0,3,86,0,89,66,0,66,155
12/24/2021,JKA,AL,ASO,ES,Federal Contract Tower,0,0,8,0,8,0,2,28,0,30,0,2,36,0,38,0,0,0,38
12/25/2021,JKA,AL,ASO,ES,Federal Contract Tower,0,0,2,0,2,0,3,8,0,11,0,3,10,0,13,0,0,0,13
12/26/2021,JKA,AL,ASO,ES,Federal Contract Tower,0,0,31,0,31,0,4,29,0,33,0,4,60,0,64,2,0,2,66
12/27/2021,JKA,AL,ASO,ES,Federal Contract Tower,0,2,37,10,49,2,48,0,1,51,2,50,37,11,100,16,2,18,118
12/28/2021,JKA,AL,ASO,ES,Federal Contract Tower,0,1,55,2,58,0,0,6,1,7,0,1,61,3,65,0,0,0,65
12/29/2021,JKA,AL,ASO,ES,Federal Contract Tower,0,0,34,6,40,0,2,20,0,22,0,2,54,6,62,56,0,56,118
12/30/2021,JKA,AL,ASO,ES,Federal Contract Tower,0,4,29,0,33,0,0,0,0,0,0,4,29,0,33,0,0,0,33
12/31/2021,JKA,AL,ASO,ES,Federal Contract Tower,0,2,19,0,21,0,0,0,0,0,0,2,19,0,21,0,0,0,21
01/01/2022,JKA,AL,ASO,ES,Federal Contract Tower,0,0,12,0,12,0,0,4,0,4,0,0,16,0,16,70,0,70,86
01/02/2022,JKA,AL,ASO,ES,Federal Contract Tower,0,0,28,0,28,0,0,2,0,2,0,0,30,0,30,0,0,0,30
01/03/2022,JKA,AL,ASO,ES,Federal Contract Tower,0,1,29,0,30,0,4,40,0,44,0,5,69,0,74,34,0,34,108
01/04/2022,JKA,AL,ASO,ES,Federal Contract Tower,0,1,23,0,24,0,4,69,0,73,0,5,92,0,97,194,0,194,291
01/05/2022,JKA,AL,ASO,ES,Federal Contract Tower,0,3,26,3,32,0,0,57,0,57,0,3,83,3,89,126,2,128,217
01/06/2022,JKA,AL,ASO,ES,Federal Contract Tower,0,0,14,1,15,0,5,83,1,89,0,5,97,2,104,64,0,64,168
01/07/2022,JKA,AL,ASO,ES,Federal Contract Tower,0,0,19,4,23,0,0,70,5,75,0,0,89,9,98,96,12,108,206
01/08/2022,JKA,AL,ASO,ES,Federal Contract Tower,0,1,10,3,14,0,2,21,0,23,0,3,31,3,37,8,0,8,45
01/09/2022,JKA,AL,ASO,ES,Federal Contract Tower,0,2,10,0,12,0,0,6,0,6,0,2,16,0,18,26,0,26,44
01/10/2022,JKA,AL,ASO,ES,Federal Contract Tower,0,0,25,6,31,0,0,36,3,39,0,0,61,9,70,54,0,54,124
01/11/2022,JKA,AL,ASO,ES,Federal Contract Tower,0,0,26,2,28,0,0,71,9,80,0,0,97,11,108,106,0,106,214
01/12/2022,JKA,AL,ASO,ES,Federal Contract Tower,0,2,20,1,23,0,8,59,2,69,0,10,79,3,92,68,16,84,176
01/13/2022,JKA,AL,ASO,ES,Federal Contract Tower,0,3,29,14,46,0,3,70,2,75,0,6,99,16,121,72,12,84,205
01/14/2022,JKA,AL,ASO,ES,Federal Contract Tower,0,2,23,2,27,0,1,73,9,83,0,3,96,11,110,58,10,68,178
01/15/2022,JKA,AL,ASO,ES,Federal Contract Tower,0,3,6,0,9,0,0,5,0,5,0,3,11,0,14,12,0,12,26
01/16/2022,JKA,AL,ASO,ES,Federal Contract Tower,0,1,11,0,12,0,3,1,8,12,0,4,12,8,24,0,0,0,24
01/17/2022,JKA,AL,ASO,ES,Federal Contract Tower,0,1,30,0,31,0,2,40,0,42,0,3,70,0,73,8,0,8,81
01/18/2022,JKA,AL,ASO,ES,Federal Contract Tower,0,1,26,2,29,0,1,59,5,65,0,2,85,7,94,44,0,44,138
01/19/2022,JKA,AL,ASO,ES,Federal Contract Tower,0,0,17,6,23,0,7,56,3,66,0,7,73,9,89,52,4,56,145
01/20/2022,JKA,AL,ASO,ES,Federal Contract Tower,0,0,14,1,15,0,0,0,0,0,0,0,14,1,15,0,0,0,15
01/21/2022,JKA,AL,ASO,ES,Federal Contract Tower,0,4,16,0,20,0,9,4,0,13,0,13,20,0,33,0,0,0,33
01/22/2022,JKA,AL,ASO,ES,Federal Contract Tower,0,2,24,3,29,0,3,43,8,54,0,5,67,11,83,10,0,10,93
01/23/2022,JKA,AL,ASO,ES,Federal Contract Tower,0,1,25,0,26,0,2,38,2,42,0,3,63,2,68,16,0,16,84
01/24/2022,JKA,AL,ASO,ES,Federal Contract Tower,0,1,19,7,27,0,0,58,7,65,0,1,77,14,92,68,22,90,182
01/25/2022,JKA,AL,ASO,ES,Federal Contract Tower,0,2,14,2,18,0,0,0,0,0,0,2,14,2,18,0,0,0,18
01/26/2022,JKA,AL,ASO,ES,Federal Contract Tower,0,4,17,5,26,0,2,77,3,82,0,6,94,8,108,66,0,66,174
01/27/2022,JKA,AL,ASO,ES,Federal Contract Tower,0,3,35,0,38,0,3,65,3,71,0,6,100,3,109,120,0,120,229
01/28/2022,JKA,AL,ASO,ES,Federal Contract Tower,0,1,30,0,31,0,8,77,3,88,0,9,107,3,119,114,10,124,243
01/29/2022,JKA,AL,ASO,ES,Federal Contract Tower,0,1,22,0,23,0,1,59,5,65,0,2,81,5,88,56,0,56,144
01/30/2022,JKA,AL,ASO,ES,Federal Contract Tower,0,0,27,0,27,0,0,30,0,30,0,0,57,0,57,4,0,4,61
01/31/2022,JKA,AL,ASO,ES,Federal Contract Tower,0,0,20,12,32,0,0,79,2,81,0,0,99,14,113,120,0,120,233
02/01/2022,JKA,AL,ASO,ES,Federal Contract Tower,0,1,25,10,36,0,0,49,8,57,0,1,74,18,93,44,0,44,137
02/02/2022,JKA,AL,ASO,ES,Federal Contract Tower,0,1,15,11,27,0,0,2,0,2,0,1,17,11,29,0,0,0,29
02/03/2022,JKA,AL,ASO,ES,Federal Contract Tower,0,2,13,0,15,0,0,0,0,0,0,2,13,0,15,0,0,0,15
02/04/2022,JKA,AL,ASO,ES,Federal Contract Tower,0,1,12,0,13,0,0,0,0,0,0,1,12,0,13,0,0,0,13
02/05/2022,JKA,AL,ASO,ES,Federal Contract Tower,0,4,14,4,22,0,0,36,2,38,0,4,50,6,60,10,0,10,70
02/06/2022,JKA,AL,ASO,ES,Federal Contract Tower,0,1,26,4,31,0,2,59,0,61,0,3,85,4,92,8,0,8,100
02/07/2022,JKA,AL,ASO,ES,Federal Contract Tower,0,0,27,0,27,0,0,1,2,3,0,0,28,2,30,0,0,0,30
02/08/2022,JKA,AL,ASO,ES,Federal Contract Tower,0,3,19,4,26,0,2,84,7,93,0,5,103,11,119,74,24,98,217
02/09/2022,JKA,AL,ASO,ES,Federal Contract Tower,0,0,22,11,33,0,2,99,8,109,0,2,121,19,142,56,18,74,216
02/10/2022,JKA,AL,ASO,ES,Federal Contract Tower,0,1,23,14,38,0,3,125,8,136,0,4,148,22,174,142,10,152,326
02/11/2022,JKA,AL,ASO,ES,Federal Contract Tower,0,1,36,1,38,0,0,85,4,89,0,1,121,5,127,86,0,86,213
02/12/2022,JKA,AL,ASO,ES,Federal Contract Tower,0,0,38,0,38,0,2,29,0,31,0,2,67,0,69,24,0,24,93
02/13/2022,JKA,AL,ASO,ES,Federal Contract Tower,0,0,32,0,32,0,2,37,0,39,0,2,69,0,71,4,8,12,83
02/14/2022,JKA,AL,ASO,ES,Federal Contract Tower,0,2,14,5,21,0,2,86,4,92,0,4,100,9,113,134,10,144,257
02/15/2022,JKA,AL,ASO,ES,Federal Contract Tower,0,1,22,3,26,0,2,87,12,101,0,3,109,15,127,130,2,132,259
02/16/2022,JKA,AL,ASO,ES,Federal Contract Tower,0,0,31,14,45,0,1,67,7,75,0,1,98,21,120,122,10,132,252
02/17/2022,JKA,AL,ASO,ES,Federal Contract Tower,0,2,15,0,17,0,0,5,0,5,0,2,20,0,22,0,0,0,22
02/18/2022,JKA,AL,ASO,ES,Federal Contract Tower,0,2,35,6,43,0,4,46,4,54,0,6,81,10,97,98,0,98,195
02/19/2022,JKA,AL,ASO,ES,Federal Contract Tower,0,2,28,0,30,0,0,60,1,61,0,2,88,1,91,80,0,80,171
02/20/2022,JKA,AL,ASO,ES,Federal Contract Tower,0,0,46,0,46,0,2,50,0,52,0,2,96,0,98,62,10,72,170
02/21/2022,JKA,AL,ASO,ES,Federal Contract Tower,0,0,36,2,38,0,0,28,0,28,0,0,64,2,66,22,2,24,90
02/22/2022,JKA,AL,ASO,ES,Federal Contract Tower,0,0,18,0,18,0,3,54,2,59,0,3,72,2,77,108,0,108,185
02/23/2022,JKA,AL,ASO,ES,Federal Contract Tower,0,6,20,3,29,0,1,49,1,51,0,7,69,4,80,50,0,50,130
02/24/2022,JKA,AL,ASO,ES,Federal Contract Tower,0,2,24,4,30,0,0,31,3,34,0,2,55,7,64,98,0,98,162
02/25/2022,JKA,AL,ASO,ES,Federal Contract Tower,0,5,37,6,48,0,0,33,7,40,0,5,70,13,88,40,4,44,132
02/26/2022,JKA,AL,ASO,ES,Federal Contract Tower,0,3,18,0,21,0,0,34,6,40,0,3,52,6,61,34,0,34,95
02/27/2022,JKA,AL,ASO,ES,Federal Contract Tower,0,0,31,0,31,0,2,9,2,13,0,2,40,2,44,4,22,26,70
02/28/2022,JKA,AL,ASO,ES,Federal Contract Tower,0,3,25,7,35,0,0,86,3,89,0,3,111,10,124,144,0,144,268
03/01/2022,JKA,AL,ASO,ES,Federal Contract Tower,0,1,23,0,24,0,0,93,4,97,0,1,116,4,121,46,14,60,181
03/02/2022,JKA,AL,ASO,ES,Federal Contract Tower,0,0,27,18,45,0,0,87,6,93,0,0,114,24,138,82,14,96,234
03/03/2022,JKA,AL,ASO,ES,Federal Contract Tower,0,3,36,0,39,0,0,92,4,96,0,3,128,4,135,46,0,46,181
03/04/2022,JKA,AL,ASO,ES,Federal Contract Tower,0,4,29,5,38,0,2,76,8,86,0,6,105,13,124,118,4,122,246
03/05/2022,JKA,AL,ASO,ES,Federal Contract Tower,0,3,27,0,30,0,0,65,7,72,0,3,92,7,102,104,6,110,212
03/06/2022,JKA,AL,ASO,ES,Federal Contract Tower,0,1,49,0,50,0,0,38,2,40,0,1,87,2,90,12,0,12,102
03/07/2022,JKA,AL,ASO,ES,Federal Contract Tower,0,0,21,10,31,0,0,29,4,33,0,0,50,14,64,78,2,80,144
03/08/2022,JKA,AL,ASO,ES,Federal Contract Tower,0,2,28,4,34,0,2,9,1,12,0,4,37,5,46,54,10,64,110
03/09/2022,JKA,AL,ASO,ES,Federal Contract Tower,0,2,11,0,13,0,0,0,0,0,0,2,11,0,13,0,0,0,13
03/10/2022,JKA,AL,ASO,ES,Federal Contract Tower,0,4,35,7,46,0,0,78,2,80,0,4,113,9,126,60,0,60,186
03/11/2022,JKA,AL,ASO,ES,Federal Contract Tower,0,8,26,4,38,0,0,1,0,1,0,8,27,4,39,0,0,0,39
03/12/2022,JKA,AL,ASO,ES,Federal Contract Tower,0,6,21,0,27,0,0,13,0,13,0,6,34,0,40,0,0,0,40
03/13/2022,JKA,AL,ASO,ES,Federal Contract Tower,0,1,46,1,48,0,2,62,0,64,0,3,108,1,112,74,6,80,192
03/14/2022,JKA,AL,ASO,ES,Federal Contract Tower,0,2,51,7,60,0,0,60,0,60,0,2,111,7,120,92,0,92,212
03/15/2022,JKA,AL,ASO,ES,Federal Contract Tower,0,3,12,2,17,0,0,19,2,21,0,3,31,4,38,6,10,16,54
03/16/2022,JKA,AL,ASO,ES,Federal Contract Tower,0,2,61,2,65,0,6,52,4,62,0,8,113,6,127,26,8,34,161
03/17/2022,JKA,AL,ASO,ES,Federal Contract Tower,0,6,44,3,53,0,0,112,8,120,0,6,156,11,173,66,0,66,239
03/18/2022,JKA,AL,ASO,ES,Federal Contract Tower,0,4,30,0,34,0,0,3,0,3,0,4,33,0,37,0,0,0,37
03/19/2022,JKA,AL,ASO,ES,Federal Contract Tower,0,3,38,2,43,0,0,110,9,119,0,3,148,11,162,72,12,84,246
03/20/2022,JKA,AL,ASO,ES,Federal Contract Tower,0,1,55,0,56,0,0,46,0,46,0,1,101,0,102,2,0,2,104
03/21/2022,JKA,AL,ASO,ES,Federal Contract Tower,0,2,36,7,45,0,0,81,5,86,0,2,117,12,131,102,0,102,233
03/22/2022,JKA,AL,ASO,ES,Federal Contract Tower,0,0,5,1,6,0,0,18,0,18,0,0,23,1,24,8,0,8,32
03/23/2022,JKA,AL,ASO,ES,Federal Contract Tower,0,0,32,6,38,0,0,91,7,98,0,0,123,13,136,92,30,122,258
03/24/2022,JKA,AL,ASO,ES,Federal Contract Tower,0,1,47,4,52,0,0,108,11,119,0,1,155,15,171,62,8,70,241
03/25/2022,JKA,AL,ASO,ES,Federal Contract Tower,0,4,57,11,72,0,0,87,1,88,0,4,144,12,160,120,0,120,280
03/26/2022,JKA,AL,ASO,ES,Federal Contract Tower,0,4,34,0,38,0,4,41,6,51,0,8,75,6,89,34,22,56,145
03/27/2022,JKA,AL,ASO,ES,Federal Contract Tower,0,1,45,0,46,0,0,49,2,51,0,1,94,2,97,24,0,24,121
03/28/2022,JKA,AL,ASO,ES,Federal Contract Tower,0,3,19,12,34,0,4,68,3,75,0,7,87,15,109,76,4,80,189
03/29/2022,JKA,AL,ASO,ES,Federal Contract Tower,0,2,19,18,39,0,2,74,13,89,0,4,93,31,128,116,18,134,262
03/30/2022,JKA,AL,ASO,ES,Federal Contract Tower,0,0,12,8,20,0,0,18,2,20,0,0,30,10,40,86,0,86,126
03/31/2022,JKA,AL,ASO,ES,Federal Contract Tower,0,3,44,4,51,0,1,77,5,83,0,4,121,9,134,88,0,88,222
04/01/2022,JKA,AL,ASO,ES,Federal Contract Tower,0,3,34,0,37,0,2,91,6,99,0,5,125,6,136,78,6,84,220
04/02/2022,JKA,AL,ASO,ES,Federal Contract Tower,0,3,30,0,33,0,0,42,4,46,0,3,72,4,79,16,0,16,95
04/03/2022,JKA,AL,ASO,ES,Federal Contract Tower,0,2,37,0,39,0,0,53,4,57,0,2,90,4,96,0,0,0,96
04/04/2022,JKA,AL,ASO,ES,Federal Contract Tower,0,2,27,11,40,0,2,66,6,74,0,4,93,17,114,56,16,72,186
04/05/2022,JKA,AL,ASO,ES,Federal Contract Tower,0,2,10,0,12,0,0,0,0,0,0,2,10,0,12,0,0,0,12
04/06/2022,JKA,AL,ASO,ES,Federal Contract Tower,0,4,25,3,32,0,0,0,0,0,0,4,25,3,32,0,0,0,32
04/07/2022,JKA,AL,ASO,ES,Federal Contract Tower,0,6,51,7,64,0,1,88,7,96,0,7,139,14,160,68,0,68,228
04/08/2022,JKA,AL,ASO,ES,Federal Contract Tower,0,4,36,0,40,0,0,55,2,57,0,4,91,2,97,80,0,80,177
04/09/2022,JKA,AL,ASO,ES,Federal Contract Tower,0,1,34,2,37,0,10,50,10,70,0,11,84,12,107,40,6,46,153
04/10/2022,JKA,AL,ASO,ES,Federal Contract Tower,0,1,52,1,54,0,0,49,7,56,0,1,101,8,110,2,0,2,112
04/11/2022,JKA,AL,ASO,ES,Federal Contract Tower,0,7,24,17,48,0,0,69,0,69,0,7,93,17,117,120,2,122,239
04/12/2022,JKA,AL,ASO,ES,Federal Contract Tower,0,1,35,0,36,0,0,65,2,67,0,1,100,2,103,90,0,90,193
04/13/2022,JKA,AL,ASO,ES,Federal Contract Tower,0,1,23,0,24,0,2,56,6,64,0,3,79,6,88,88,2,90,178
04/14/2022,JKA,AL,ASO,ES,Federal Contract Tower,0,2,54,3,59,0,0,32,2,34,0,2,86,5,93,64,14,78,171
04/15/2022,JKA,AL,ASO,ES,Federal Contract Tower,0,2,59,5,66,0,2,59,1,62,0,4,118,6,128,24,0,24,152
04/16/2022,JKA,AL,ASO,ES,Federal Contract Tower,0,3,18,0,21,0,0,39,0,39,0,3,57,0,60,2,0,2,62
04/17/2022,JKA,AL,ASO,ES,Federal Contract Tower,0,1,27,0,28,0,4,4,0,8,0,5,31,0,36,10,0,10,46
04/18/2022,JKA,AL,ASO,ES,Federal Contract Tower,0,8,55,5,68,0,2,68,3,73,0,10,123,8,141,150,0,150,291
04/19/2022,JKA,AL,ASO,ES,Federal Contract Tower,0,0,42,12,54,0,0,68,3,71,0,0,110,15,125,56,2,58,183
04/20/2022,JKA,AL,ASO,ES,Federal Contract Tower,0,0,41,6,47,0,25,86,3,114,0,25,127,9,161,104,0,104,265
04/21/2022,JKA,AL,ASO,ES,Federal Contract Tower,0,6,40,2,48,0,0,64,8,72,0,6,104,10,120,226,2,228,348
04/22/2022,JKA,AL,ASO,ES,Federal Contract Tower,0,2,37,2,41,0,0,86,10,96,0,2,123,12,137,178,18,196,333
04/23/2022,JKA,AL,ASO,ES,Federal Contract Tower,0,3,24,0,27,0,4,48,0,52,0,7,72,0,79,18,0,18,97
04/24/2022,JKA,AL,ASO,ES,Federal Contract Tower,0,8,55,0,63,0,0,31,0,31,0,8,86,0,94,0,0,0,94
04/25/2022,JKA,AL,ASO,ES,Federal Contract Tower,0,2,22,0,24,0,0,88,4,92,0,2,110,4,116,80,0,80,196
04/26/2022,JKA,AL,ASO,ES,Federal Contract Tower,0,1,29,1,31,0,2,61,3,66,0,3,90,4,97,72,8,80,177
04/27/2022,JKA,AL,ASO,ES,Federal Contract Tower,0,3,45,1,49,0,8,89,5,102,0,11,134,6,151,82,6,88,239
04/28/2022,JKA,AL,ASO,ES,Federal Contract Tower,0,1,38,3,42,0,2,105,16,123,0,3,143,19,165,76,4,80,245
04/29/2022,JKA,AL,ASO,ES,Federal Contract Tower,0,9,41,0,50,0,11,37,9,57,0,20,78,9,107,34,6,40,147
04/30/2022,JKA,AL,ASO,ES,Federal Contract Tower,0,2,24,0,26,0,0,21,2,23,0,2,45,2,49,16,0,16,65
05/01/2022,JKA,AL,ASO,ES,Federal Contract Tower,0,0,41,10,51,0,2,23,11,36,0,2,64,21,87,0,34,34,121
05/02/2022,JKA,AL,ASO,ES,Federal Contract Tower,0,3,48,2,53,0,2,62,4,68,0,5,110,6,121,92,0,92,213
05/03/2022,JKA,AL,ASO,ES,Federal Contract Tower,0,0,27,13,40,0,2,65,10,77,0,2,92,23,117,60,10,70,187
05/04/2022,JKA,AL,ASO,ES,Federal Contract Tower,0,3,37,1,41,0,2,86,6,94,0,5,123,7,135,40,10,50,185
05/05/2022,JKA,AL,ASO,ES,Federal Contract Tower,0,7,47,0,54,0,2,54,11,67,0,9,101,11,121,74,0,74,195
05/06/2022,JKA,AL,ASO,ES,Federal Contract Tower,0,5,24,0,29,0,4,30,0,34,0,9,54,0,63,48,0,48,111
05/07/2022,JKA,AL,ASO,ES,Federal Contract Tower,0,1,42,0,43,0,5,68,0,73,0,6,110,0,116,62,0,62,178
05/08/2022,JKA,AL,ASO,ES,Federal Contract Tower,0,9,47,2,58,0,1,46,2,49,0,10,93,4,107,16,6,22,129
05/09/2022,JKA,AL,ASO,ES,Federal Contract Tower,0,0,27,8,35,0,0,68,7,75,0,0,95,15,110,112,2,114,224
05/10/2022,JKA,AL,ASO,ES,Federal Contract Tower,0,2,38,10,50,0,0,78,7,85,0,2,116,17,135,108,14,122,257
05/11/2022,JKA,AL,ASO,ES,Federal Contract Tower,0,1,34,18,53,0,0,84,8,92,0,1,118,26,145,64,6,70,215
05/12/2022,JKA,AL,ASO,ES,Federal Contract Tower,0,3,73,1,77,0,1,100,6,107,0,4,173,7,184,88,0,88,272
05/13/2022,JKA,AL,ASO,ES,Federal Contract Tower,0,1,58,7,66,0,3,101,5,109,0,4,159,12,175,70,0,70,245
05/14/2022,JKA,AL,ASO,ES,Federal Contract Tower,0,5,25,0,30,0,0,35,0,35,0,5,60,0,65,0,0,0,65
05/15/2022,JKA,AL,ASO,ES,Federal Contract Tower,0,8,76,9,93,0,2,29,8,39,0,10,105,17,132,0,0,0,132
05/16/2022,JKA,AL,ASO,ES,Federal Contract Tower,0,4,33,12,49,0,4,80,2,86,0,8,113,14,135,114,10,124,259
05/17/2022,JKA,AL,ASO,ES,Federal Contract Tower,0,2,39,2,43,0,2,81,9,92,0,4,120,11,135,80,0,80,215
05/18/2022,JKA,AL,ASO,ES,Federal Contract Tower,0,3,56,5,64,0,4,52,9,65,0,7,108,14,129,78,20,98,227
05/19/2022,JKA,AL,ASO,ES,Federal Contract Tower,0,8,78,1,87,0,2,110,9,121,0,10,188,10,208,38,2,40,248
05/20/2022,JKA,AL,ASO,ES,Federal Contract Tower,0,7,50,5,62,0,2,76,3,81,0,9,126,8,143,82,16,98,241
05/21/2022,JKA,AL,ASO,ES,Federal Contract Tower,0,7,35,0,42,0,0,23,0,23,0,7,58,0,65,20,0,20,85
05/22/2022,JKA,AL,ASO,ES,Federal Contract Tower,0,5,47,0,52,0,0,2,0,2,0,5,49,0,54,0,0,0,54
05/23/2022,JKA,AL,ASO,ES,Federal Contract Tower,0,4,60,2,66,0,0,57,0,57,0,4,117,2,123,120,0,120,243
05/24/2022,JKA,AL,ASO,ES,Federal Contract Tower,0,0,29,5,34,0,0,66,6,72,0,0,95,11,106,114,2,116,222
05/25/2022,JKA,AL,ASO,ES,Federal Contract Tower,0,3,28,0,31,0,0,17,2,19,0,3,45,2,50,44,0,44,94
05/26/2022,JKA,AL,ASO,ES,Federal Contract Tower,0,5,64,0,69,0,2,15,2,19,0,7,79,2,88,26,0,26,114
05/27/2022,JKA,AL,ASO,ES,Federal Contract Tower,0,0,72,3,75,0,4,112,0,116,0,4,184,3,191,70,0,70,261
05/28/2022,JKA,AL,ASO,ES,Federal Contract Tower,0,9,36,0,45,0,0,61,0,61,0,9,97,0,106,18,0,18,124
05/29/2022,JKA,AL,ASO,ES,Federal Contract Tower,0,5,33,0,38,0,2,33,0,35,0,7,66,0,73,4,8,12,85
05/30/2022,JKA,AL,ASO,ES,Federal Contract Tower,0,9,89,0,98,0,0,58,0,58,0,9,147,0,156,2,0,2,158
05/31/2022,JKA,AL,ASO,ES,Federal Contract Tower,0,12,45,3,60,0,0,75,4,79,0,12,120,7,139,40,0,40,179
06/01/2022,JKA,AL,ASO,ES,Federal Contract Tower,0,0,57,8,65,0,0,97,9,106,0,0,154,17,171,44,2,46,217
06/02/2022,JKA,AL,ASO,ES,Federal Contract Tower,0,3,46,5,54,0,5,89,6,100,0,8,135,11,154,66,20,86,240
06/03/2022,JKA,AL,ASO,ES,Federal Contract Tower,0,3,70,0,73,0,0,68,3,71,0,3,138,3,144,62,0,62,206
06/04/2022,JKA,AL,ASO,ES,Federal Contract Tower,0,7,62,6,75,0,2,54,0,56,0,9,116,6,131,18,0,18,149
06/05/2022,JKA,AL,ASO,ES,Federal Contract Tower,0,5,55,1,61,0,2,45,8,55,0,7,100,9,116,30,2,32,148
06/06/2022,JKA,AL,ASO,ES,Federal Contract Tower,0,4,31,4,39,0,0,65,3,68,0,4,96,7,107,52,6,58,165
06/07/2022,JKA,AL,ASO,ES,Federal Contract Tower,0,5,37,5,47,0,2,65,8,75,0,7,102,13,122,64,9,73,195
06/08/2022,JKA,AL,ASO,ES,Federal Contract Tower,0,1,31,10,42,0,2,120,10,132,0,3,151,20,174,90,4,94,268
06/09/2022,JKA,AL,ASO,ES,Federal Contract Tower,0,0,48,3,51,0,0,97,2,99,0,0,145,5,150,38,2,40,190
06/10/2022,JKA,AL,ASO,ES,Federal Contract Tower,0,5,48,4,57,0,3,91,2,96,0,8,139,6,153,104,0,104,257
06/11/2022,JKA,AL,ASO,ES,Federal Contract Tower,0,6,45,0,51,0,0,60,0,60,0,6,105,0,111,26,0,26,137
06/12/2022,JKA,AL,ASO,ES,Federal Contract Tower,0,2,60,2,64,0,0,49,4,53,0,2,109,6,117,26,0,26,143
06/13/2022,JKA,AL,ASO,ES,Federal Contract Tower,0,0,45,3,48,0,2,22,0,24,0,2,67,3,72,0,0,0,72
06/14/2022,JKA,AL,ASO,ES,Federal Contract Tower,0,0,41,11,52,0,2,73,4,79,0,2,114,15,131,80,6,86,217
06/15/2022,JKA,AL,ASO,ES,Federal Contract Tower,0,1,28,7,36,0,2,101,1,104,0,3,129,8,140,46,0,46,186
06/16/2022,JKA,AL,ASO,ES,Federal Contract Tower,0,1,57,2,60,0,1,102,3,106,0,2,159,5,166,56,0,56,222
06/17/2022,JKA,AL,ASO,ES,Federal Contract Tower,0,5,47,6,58,0,6,76,3,85,0,11,123,9,143,70,6,76,219
06/18/2022,JKA,AL,ASO,ES,Federal Contract Tower,0,3,29,0,32,0,0,63,0,63,0,3,92,0,95,32,0,32,127
06/19/2022,JKA,AL,ASO,ES,Federal Contract Tower,0,2,58,0,60,0,0,48,0,48,0,2,106,0,108,14,0,14,122
06/20/2022,JKA,AL,ASO,ES,Federal Contract Tower,0,1,33,3,37,0,0,31,1,32,0,1,64,4,69,38,0,38,107
06/21/2022,JKA,AL,ASO,ES,Federal Contract Tower,0,0,31,4,35,0,0,83,13,96,0,0,114,17,131,72,0,72,203
06/22/2022,JKA,AL,ASO,ES,Federal Contract Tower,0,0,43,11,54,0,0,99,8,107,0,0,142,19,161,60,24,84,245
06/23/2022,JKA,AL,ASO,ES,Federal Contract Tower,0,1,40,9,50,0,0,78,3,81,0,1,118,12,131,46,0,46,177
06/24/2022,JKA,AL,ASO,ES,Federal Contract Tower,0,3,61,4,68,0,0,100,1,101,0,3,161,5,169,102,2,104,273
06/25/2022,JKA,AL,ASO,ES,Federal Contract Tower,0,7,26,0,33,0,0,46,4,50,0,7,72,4,83,38,0,38,121
06/26/2022,JKA,AL,ASO,ES,Federal Contract Tower,0,0,84,0,84,0,0,29,0,29,0,0,113,0,113,0,0,0,113
06/27/2022,JKA,AL,ASO,ES,Federal Contract Tower,0,1,58,4,63,0,4,57,0,61,0,5,115,4,124,82,0,82,206
06/28/2022,JKA,AL,ASO,ES,Federal Contract Tower,0,0,28,3,31,0,2,68,6,76,0,2,96,9,107,84,0,84,191
06/29/2022,JKA,AL,ASO,ES,Federal Contract Tower,0,2,25,2,29,0,2,17,2,21,0,4,42,4,50,0,0,0,50
06/30/2022,JKA,AL,ASO,ES,Federal Contract Tower,0,1,58,4,63,0,0,28,1,29,0,1,86,5,92,18,2,20,112
07/01/2022,JKA,AL,ASO,ES,Federal Contract Tower,0,2,61,5,68,0,0,63,3,66,0,2,124,8,134,110,4,114,248
07/02/2022,JKA,AL,ASO,ES,Federal Contract Tower,0,5,31,0,36,0,0,26,0,26,0,5,57,0,62,36,0,36,98
07/03/2022,JKA,AL,ASO,ES,Federal Contract Tower,0,3,38,0,41,0,0,24,0,24,0,3,62,0,65,12,0,12,77
07/04/2022,JKA,AL,ASO,ES,Federal Contract Tower,0,2,35,0,37,0,0,26,0,26,0,2,61,0,63,0,0,0,63
07/05/2022,JKA,AL,ASO,ES,Federal Contract Tower,0,0,70,3,73,0,2,57,0,59,0,2,127,3,132,60,0,60,192
07/06/2022,JKA,AL,ASO,ES,Federal Contract Tower,0,1,42,2,45,0,2,111,6,119,0,3,153,8,164,76,10,86,250
07/07/2022,JKA,AL,ASO,ES,Federal Contract Tower,0,2,64,27,93,0,3,90,6,99,0,5,154,33,192,100,4,104,296
07/08/2022,JKA,AL,ASO,ES,Federal Contract Tower,0,3,49,5,57,0,3,84,2,89,0,6,133,7,146,126,0,126,272
07/09/2022,JKA,AL,ASO,ES,Federal Contract Tower,0,2,39,4,45,0,0,25,2,27,0,2,64,6,72,12,16,28,100
07/10/2022,JKA,AL,ASO,ES,Federal Contract Tower,0,0,63,0,63,0,2,28,0,30,0,2,91,0,93,0,0,0,93
07/11/2022,JKA,AL,ASO,ES,Federal Contract Tower,0,1,33,0,34,0,8,66,0,74,0,9,99,0,108,156,0,156,264
07/12/2022,JKA,AL,ASO,ES,Federal Contract Tower,0,2,19,0,21,0,8,40,0,48,0,10,59,0,69,78,0,78,147
07/13/2022,JKA,AL,ASO,ES,Federal Contract Tower,0,1,33,6,40,0,0,53,2,55,0,1,86,8,95,112,8,120,215
07/14/2022,JKA,AL,ASO,ES,Federal Contract Tower,0,1,35,0,36,0,0,95,2,97,0,1,130,2,133,168,2,170,303
07/15/2022,JKA,AL,ASO,ES,Federal Contract Tower,0,2,21,4,27,0,0,90,2,92,0,2,111,6,119,144,0,144,263
07/16/2022,JKA,AL,ASO,ES,Federal Contract Tower,0,0,55,4,59,0,0,80,2,82,0,0,135,6,141,122,0,122,263
07/17/2022,JKA,AL,ASO,ES,Federal Contract Tower,0,1,53,2,56,0,0,43,0,43,0,1,96,2,99,14,0,14,113
07/18/2022,JKA,AL,ASO,ES,Federal Contract Tower,0,5,28,6,39,0,0,84,3,87,0,5,112,9,126,184,34,218,344
07/19/2022,JKA,AL,ASO,ES,Federal Contract Tower,0,0,35,1,36,0,2,57,10,69,0,2,92,11,105,144,6,150,255
07/20/2022,JKA,AL,ASO,ES,Federal Contract Tower,0,2,70,3,75,0,0,75,3,78,0,2,145,6,153,78,0,78,231
07/21/2022,JKA,AL,ASO,ES,Federal Contract Tower,0,3,53,1,57,0,2,87,4,93,0,5,140,5,150,136,0,136,286
07/22/2022,JKA,AL,ASO,ES,Federal Contract Tower,0,7,44,1,52,0,4,86,2,92,0,11,130,3,144,82,2,84,228
07/23/2022,JKA,AL,ASO,ES,Federal Contract Tower,0,7,35,0,42,0,0,34,3,37,0,7,69,3,79,0,1,1,80
07/24/2022,JKA,AL,ASO,ES,Federal Contract Tower,0,4,71,0,75,0,2,38,4,44,0,6,109,4,119,2,0,2,121
07/25/2022,JKA,AL,ASO,ES,Federal Contract Tower,0,5,30,1,36,0,0,44,1,45,0,5,74,2,81,64,0,64,145
07/26/2022,JKA,AL,ASO,ES,Federal Contract Tower,0,5,41,4,50,0,0,80,8,88,0,5,121,12,138,186,4,190,328
07/27/2022,JKA,AL,ASO,ES,Federal Contract Tower,0,5,28,1,34,0,0,87,17,104,0,5,115,18,138,68,2,70,208
07/28/2022,JKA,AL,ASO,ES,Federal Contract Tower,0,0,41,5,46,0,2,70,1,73,0,2,111,6,119,144,2,146,265
07/29/2022,JKA,AL,ASO,ES,Federal Contract Tower,0,3,41,2,46,0,0,74,2,76,0,3,115,4,122,106,18,124,246
07/30/2022,JKA,AL,ASO,ES,Federal Contract Tower,0,9,29,0,38,0,5,45,0,50,0,14,74,0,88,10,0,10,98
07/31/2022,JKA,AL,ASO,ES,Federal Contract Tower,0,0,45,0,45,0,6,44,0,50,0,6,89,0,95,22,0,22,117
08/01/2022,JKA,AL,ASO,ES,Federal Contract Tower,0,1,43,2,46,0,6,48,5,59,0,7,91,7,105,56,4,60,165
08/02/2022,JKA,AL,ASO,ES,Federal Contract Tower,0,4,24,2,30,0,0,52,4,56,0,4,76,6,86,70,10,80,166
08/03/2022,JKA,AL,ASO,ES,Federal Contract Tower,0,4,36,3,43,0,4,93,3,100,0,8,129,6,143,124,4,128,271
08/04/2022,JKA,AL,ASO,ES,Federal Contract Tower,0,3,43,7,53,0,0,73,5,78,0,3,116,12,131,138,4,142,273
08/05/2022,JKA,AL,ASO,ES,Federal Contract Tower,0,3,48,0,51,0,2,105,4,111,0,5,153,4,162,146,0,146,308
08/06/2022,JKA,AL,ASO,ES,Federal Contract Tower,0,11,29,0,40,0,0,32,0,32,0,11,61,0,72,4,0,4,76
08/07/2022,JKA,AL,ASO,ES,Federal Contract Tower,0,4,53,0,57,0,0,36,5,41,0,4,89,5,98,2,0,2,100
08/08/2022,JKA,AL,ASO,ES,Federal Contract Tower,0,1,32,0,33,0,2,51,3,56,0,3,83,3,89,170,6,176,265
08/09/2022,JKA,AL,ASO,ES,Federal Contract Tower,0,1,17,2,20,0,0,57,1,58,0,1,74,3,78,46,0,46,124
08/10/2022,JKA,AL,ASO,ES,Federal Contract Tower,0,2,15,4,21,0,0,55,6,61,0,2,70,10,82,88,4,92,174
08/11/2022,JKA,AL,ASO,ES,Federal Contract Tower,0,0,31,6,37,0,1,76,0,77,0,1,107,6,114,144,0,144,258
08/12/2022,JKA,AL,ASO,ES,Federal Contract Tower,0,3,26,7,36,0,0,58,7,65,0,3,84,14,101,112,10,122,223
08/13/2022,JKA,AL,ASO,ES,Federal Contract Tower,0,6,25,0,31,0,0,25,3,28,0,6,50,3,59,16,6,22,81
08/14/2022,JKA,AL,ASO,ES,Federal Contract Tower,0,4,28,0,32,0,2,39,4,45,0,6,67,4,77,8,16,24,101
08/15/2022,JKA,AL,ASO,ES,Federal Contract Tower,0,5,32,12,49,0,1,70,5,76,0,6,102,17,125,86,20,106,231
08/16/2022,JKA,AL,ASO,ES,Federal Contract Tower,0,0,27,7,34,0,0,46,8,54,0,0,73,15,88,62,2,64,152
08/17/2022,JKA,AL,ASO,ES,Federal Contract Tower,0,2,37,10,49,0,10,78,7,95,0,12,115,17,144,44,2,46,190
08/18/2022,JKA,AL,ASO,ES,Federal Contract Tower,0,2,28,5,35,0,0,43,1,44,0,2,71,6,79,58,24,82,161
08/19/2022,JKA,AL,ASO,ES,Federal Contract Tower,0,1,34,1,36,0,2,62,3,67,0,3,96,4,103,68,0,68,171
08/20/2022,JKA,AL,ASO,ES,Federal Contract Tower,0,3,14,2,19,0,0,20,1,21,0,3,34,3,40,6,3,9,49
08/21/2022,JKA,AL,ASO,ES,Federal Contract Tower,0,2,23,1,26,0,0,15,0,15,0,2,38,1,41,0,0,0,41
08/22/2022,JKA,AL,ASO,ES,Federal Contract Tower,0,0,18,12,30,0,0,49,0,49,0,0,67,12,79,86,0,86,165
08/23/2022,JKA,AL,ASO,ES,Federal Contract Tower,0,2,19,8,29,0,2,35,8,45,0,4,54,16,74,42,14,56,130
08/24/2022,JKA,AL,ASO,ES,Federal Contract Tower,0,2,20,1,23,0,0,26,2,28,0,2,46,3,51,22,6,28,79
08/25/2022,JKA,AL,ASO,ES,Federal Contract Tower,0,4,14,0,18,0,0,2,0,2,0,4,16,0,20,0,0,0,20
08/26/2022,JKA,AL,ASO,ES,Federal Contract Tower,0,0,24,5,29,0,2,83,4,89,0,2,107,9,118,130,16,146,264
08/27/2022,JKA,AL,ASO,ES,Federal Contract Tower,0,1,14,0,15,0,4,64,1,69,0,5,78,1,84,22,0,22,106
08/28/2022,JKA,AL,ASO,ES,Federal Contract Tower,0,4,17,0,21,0,0,45,0,45,0,4,62,0,66,30,0,30,96
08/29/2022,JKA,AL,ASO,ES,Federal Contract Tower,0,3,35,3,41,0,2,78,6,86,0,5,113,9,127,146,6,152,279
08/30/2022,JKA,AL,ASO,ES,Federal Contract Tower,0,1,15,2,18,0,3,53,8,64,0,4,68,10,82,104,4,108,190
08/31/2022,JKA,AL,ASO,ES,Federal Contract Tower,0,7,32,1,40,0,0,53,7,60,0,7,85,8,100,56,2,58,158
09/01/2022,JKA,AL,ASO,ES,Federal Contract Tower,0,4,44,6,54,0,0,72,7,79,0,4,116,13,133,90,32,122,255
09/02/2022,JKA,AL,ASO,ES,Federal Contract Tower,0,2,51,0,53,0,4,87,2,93,0,6,138,2,146,134,0,134,280
09/03/2022,JKA,AL,ASO,ES,Federal Contract Tower,0,6,14,0,20,0,2,37,0,39,0,8,51,0,59,0,0,0,59
09/04/2022,JKA,AL,ASO,ES,Federal Contract Tower,0,4,7,2,13,0,0,36,2,38,0,4,43,4,51,22,0,22,73
09/05/2022,JKA,AL,ASO,ES,Federal Contract Tower,0,4,67,0,71,0,0,41,0,41,0,4,108,0,112,6,0,6,118
09/06/2022,JKA,AL,ASO,ES,Federal Contract Tower,0,2,29,9,40,0,4,83,10,97,0,6,112,19,137,72,20,92,229
09/07/2022,JKA,AL,ASO,ES,Federal Contract Tower,0,0,33,3,36,0,2,66,4,72,0,2,99,7,108,140,28,168,276
09/08/2022,JKA,AL,ASO,ES,Federal Contract Tower,0,0,32,0,32,0,4,106,6,116,0,4,138,6,148,92,14,106,254
09/09/2022,JKA,AL,ASO,ES,Federal Contract Tower,0,2,23,1,26,0,0,50,0,50,0,2,73,1,76,124,0,124,200
09/10/2022,JKA,AL,ASO,ES,Federal Contract Tower,0,2,19,3,24,0,2,37,5,44,0,4,56,8,68,14,8,22,90
09/11/2022,JKA,AL,ASO,ES,Federal Contract Tower,0,1,41,2,44,0,2,23,4,29,0,3,64,6,73,20,0,20,93
09/12/2022,JKA,AL,ASO,ES,Federal Contract Tower,0,1,32,4,37,0,2,50,8,60,0,3,82,12,97,72,4,76,173
09/13/2022,JKA,AL,ASO,ES,Federal Contract Tower,0,0,31,2,33,0,0,56,2,58,0,0,87,4,91,118,20,138,229
09/14/2022,JKA,AL,ASO,ES,Federal Contract Tower,0,0,28,2,30,0,12,59,13,84,0,12,87,15,114,64,4,68,182
09/15/2022,JKA,AL,ASO,ES,Federal Contract Tower,0,2,27,7,36,0,36,75,17,128,0,38,102,24,164,78,2,80,244
09/16/2022,JKA,AL,ASO,ES,Federal Contract Tower,0,1,24,7,32,0,2,60,5,67,0,3,84,12,99,64,0,64,163
09/17/2022,JKA,AL,ASO,ES,Federal Contract Tower,0,2,20,3,25,0,0,60,4,64,0,2,80,7,89,39,0,39,128
09/18/2022,JKA,AL,ASO,ES,Federal Contract Tower,0,2,34,6,42,0,2,42,2,46,0,4,76,8,88,14,8,22,110
09/19/2022,JKA,AL,ASO,ES,Federal Contract Tower,0,0,32,2,34,0,2,40,5,47,0,2,72,7,81,26,6,32,113
09/20/2022,JKA,AL,ASO,ES,Federal Contract Tower,0,0,23,4,27,0,6,46,6,58,0,6,69,10,85,74,10,84,169
09/21/2022,JKA,AL,ASO,ES,Federal Contract Tower,0,2,10,2,14,0,0,67,4,71,0,2,77,6,85,118,20,138,223
09/22/2022,JKA,AL,ASO,ES,Federal Contract Tower,0,1,47,9,57,0,2,88,7,97,0,3,135,16,154,128,10,138,292
09/23/2022,JKA,AL,ASO,ES,Federal Contract Tower,0,2,45,2,49,0,0,71,10,81,0,2,116,12,130,48,20,68,198
09/24/2022,JKA,AL,ASO,ES,Federal Contract Tower,1,1,13,0,15,0,4,57,0,61,1,5,70,0,76,46,0,46,122
09/25/2022,JKA,AL,ASO,ES,Federal Contract Tower,0,6,33,0,39,0,5,56,5,66,0,11,89,5,105,26,0,26,131
09/26/2022,JKA,AL,ASO,ES,Federal Contract Tower,0,0,28,5,33,0,0,68,3,71,0,0,96,8,104,88,8,96,200
09/27/2022,JKA,AL,ASO,ES,Federal Contract Tower,0,0,17,6,23,0,0,54,15,69,0,0,71,21,92,74,4,78,170
09/28/2022,JKA,AL,ASO,ES,Federal Contract Tower,0,0,18,6,24,0,2,13,4,19,0,2,31,10,43,20,8,28,71
09/29/2022,JKA,AL,ASO,ES,Federal Contract Tower,0,2,15,2,19,0,0,42,8,50,0,2,57,10,69,26,2,28,97
09/30/2022,JKA,AL,ASO,ES,Federal Contract Tower,0,4,33,2,39,0,2,60,0,62,0,6,93,2,101,88,0,88,189
10/01/2022,JKA,AL,ASO,ES,Federal Contract Tower,0,0,16,0,16,0,0,26,0,26,0,0,42,0,42,44,0,44,86
10/02/2022,JKA,AL,ASO,ES,Federal Contract Tower,0,0,33,0,33,0,0,40,0,40,0,0,73,0,73,2,0,2,75
10/03/2022,JKA,AL,ASO,ES,Federal Contract Tower,0,0,25,10,35,0,2,34,0,36,0,2,59,10,71,90,0,90,161
10/04/2022,JKA,AL,ASO,ES,Federal Contract Tower,0,0,21,7,28,0,2,45,7,54,0,2,66,14,82,32,22,54,136
10/05/2022,JKA,AL,ASO,ES,Federal Contract Tower,0,3,33,15,51,0,6,72,2,80,0,9,105,17,131,62,4,66,197
10/06/2022,JKA,AL,ASO,ES,Federal Contract Tower,0,2,42,5,49,0,0,102,10,112,0,2,144,15,161,106,0,106,267
10/07/2022,JKA,AL,ASO,ES,Federal Contract Tower,0,1,49,2,52,0,0,96,5,101,0,1,145,7,153,114,10,124,277
10/08/2022,JKA,AL,ASO,ES,Federal Contract Tower,0,7,32,0,39,0,4,80,0,84,0,11,112,0,123,38,0,38,161
10/09/2022,JKA,AL,ASO,ES,Federal Contract Tower,0,3,36,0,39,0,0,82,0,82,0,3,118,0,121,18,0,18,139
10/10/2022,JKA,AL,ASO,ES,Federal Contract Tower,0,6,45,0,51,0,0,63,0,63,0,6,108,0,114,42,0,42,156
10/11/2022,JKA,AL,ASO,ES,Federal Contract Tower,0,2,32,10,44,0,4,68,7,79,0,6,100,17,123,88,12,100,223
10/12/2022,JKA,AL,ASO,ES,Federal Contract Tower,0,3,40,0,43,0,3,32,1,36,0,6,72,1,79,92,0,92,171
10/13/2022,JKA,AL,ASO,ES,Federal Contract Tower,0,1,36,4,41,0,0,80,5,85,0,1,116,9,126,92,10,102,228
10/14/2022,JKA,AL,ASO,ES,Federal Contract Tower,0,3,35,4,42,0,2,135,6,143,0,5,170,10,185,158,0,158,343
10/15/2022,JKA,AL,ASO,ES,Federal Contract Tower,0,1,22,1,24,0,0,63,3,66,0,1,85,4,90,26,4,30,120
10/16/2022,JKA,AL,ASO,ES,Federal Contract Tower,0,1,47,0,48,0,2,49,4,55,0,3,96,4,103,16,0,16,119
10/17/2022,JKA,AL,ASO,ES,Federal Contract Tower,0,1,40,4,45,0,4,67,2,73,0,5,107,6,118,162,0,162,280
10/18/2022,JKA,AL,ASO,ES,Federal Contract Tower,0,0,24,6,30,0,2,72,4,78,0,2,96,10,108,168,8,176,284
10/19/2022,JKA,AL,ASO,ES,Federal Contract Tower,0,1,13,5,19,0,2,79,3,84,0,3,92,8,103,112,8,120,223
10/20/2022,JKA,AL,ASO,ES,Federal Contract Tower,0,5,35,0,40,0,4,88,4,96,0,9,123,4,136,118,10,128,264
10/21/2022,JKA,AL,ASO,ES,Federal Contract Tower,0,1,31,0,32,0,2,89,4,95,0,3,120,4,127,158,20,178,305
10/22/2022,JKA,AL,ASO,ES,Federal Contract Tower,0,6,29,0,35,0,0,56,1,57,0,6,85,1,92,0,0,0,92
10/23/2022,JKA,AL,ASO,ES,Federal Contract Tower,0,2,55,2,59,0,2,57,2,61,0,4,112,4,120,16,2,18,138
10/24/2022,JKA,AL,ASO,ES,Federal Contract Tower,0,0,21,0,21,0,0,83,0,83,0,0,104,0,104,170,0,170,274
10/25/2022,JKA,AL,ASO,ES,Federal Contract Tower,0,2,15,2,19,0,0,68,0,68,0,2,83,2,87,130,0,130,217
10/26/2022,JKA,AL,ASO,ES,Federal Contract Tower,0,2,27,1,30,0,0,84,12,96,0,2,111,13,126,126,0,126,252
10/27/2022,JKA,AL,ASO,ES,Federal Contract Tower,0,5,34,14,53,0,2,103,8,113,0,7,137,22,166,72,6,78,244
10/28/2022,JKA,AL,ASO,ES,Federal Contract Tower,0,3,40,2,45,0,0,70,0,70,0,3,110,2,115,104,2,106,221
10/29/2022,JKA,AL,ASO,ES,Federal Contract Tower,0,1,9,0,10,0,0,0,0,0,0,1,9,0,10,0,0,0,10
10/30/2022,JKA,AL,ASO,ES,Federal Contract Tower,0,4,20,4,28,0,0,14,0,14,0,4,34,4,42,4,0,4,46
10/31/2022,JKA,AL,ASO,ES,Federal Contract Tower,0,4,23,8,35,0,0,55,4,59,0,4,78,12,94,92,2,94,188
11/01/2022,JKA,AL,ASO,ES,Federal Contract Tower,0,1,23,0,24,0,5,67,5,77,0,6,90,5,101,70,2,72,173
11/02/2022,JKA,AL,ASO,ES,Federal Contract Tower,0,0,24,4,28,0,2,73,8,83,0,2,97,12,111,116,6,122,233
11/03/2022,JKA,AL,ASO,ES,Federal Contract Tower,0,2,37,2,41,0,2,84,3,89,0,4,121,5,130,36,4,40,170
11/04/2022,JKA,AL,ASO,ES,Federal Contract Tower,0,0,17,0,17,0,0,94,4,98,0,0,111,4,115,244,0,244,359
11/05/2022,JKA,AL,ASO,ES,Federal Contract Tower,0,3,11,0,14,0,0,16,2,18,0,3,27,2,32,16,0,16,48
11/06/2022,JKA,AL,ASO,ES,Federal Contract Tower,0,1,32,2,35,0,4,57,0,61,0,5,89,2,96,74,0,74,170
11/07/2022,JKA,AL,ASO,ES,Federal Contract Tower,0,0,30,0,30,0,0,70,4,74,0,0,100,4,104,120,0,120,224
11/08/2022,JKA,AL,ASO,ES,Federal Contract Tower,0,3,23,1,27,0,5,116,4,125,0,8,139,5,152,162,14,176,328
11/09/2022,JKA,AL,ASO,ES,Federal Contract Tower,0,2,26,4,32,0,6,75,1,82,0,8,101,5,114,144,0,144,258
11/10/2022,JKA,AL,ASO,ES,Federal Contract Tower,0,4,38,3,45,0,2,72,9,83,0,6,110,12,128,102,8,110,238
11/11/2022,JKA,AL,ASO,ES,Federal Contract Tower,0,6,24,0,30,0,6,47,0,53,0,12,71,0,83,44,0,44,127
11/12/2022,JKA,AL,ASO,ES,Federal Contract Tower,0,3,22,4,29,0,0,24,0,24,0,3,46,4,53,26,0,26,79
11/13/2022,JKA,AL,ASO,ES,Federal Contract Tower,0,5,40,0,45,0,0,27,2,29,0,5,67,2,74,10,0,10,84
11/14/2022,JKA,AL,ASO,ES,Federal Contract Tower,0,2,11,2,15,0,4,71,0,75,0,6,82,2,90,142,0,142,232
11/15/2022,JKA,AL,ASO,ES,Federal Contract Tower,0,2,23,2,27,0,0,9,0,9,0,2,32,2,36,6,0,6,42
11/16/2022,JKA,AL,ASO,ES,Federal Contract Tower,0,0,30,2,32,0,2,51,3,56,0,2,81,5,88,60,0,60,148
11/17/2022,JKA,AL,ASO,ES,Federal Contract Tower,0,4,21,2,27,0,2,76,3,81,0,6,97,5,108,144,0,144,252
11/18/2022,JKA,AL,ASO,ES,Federal Contract Tower,0,0,25,11,36,0,4,80,3,87,0,4,105,14,123,94,38,132,255
11/19/2022,JKA,AL,ASO,ES,Federal Contract Tower,0,0,18,2,20,0,2,35,0,37,0,2,53,2,57,46,0,46,103
11/20/2022,JKA,AL,ASO,ES,Federal Contract Tower,0,2,21,2,25,0,0,40,2,42,0,2,61,4,67,36,0,36,103
11/21/2022,JKA,AL,ASO,ES,Federal Contract Tower,0,6,19,3,28,0,0,59,2,61,0,6,78,5,89,126,2,128,217
11/22/2022,JKA,AL,ASO,ES,Federal Contract Tower,0,0,30,11,41,0,0,67,0,67,0,0,97,11,108,82,0,82,190
11/23/2022,JKA,AL,ASO,ES,Federal Contract Tower,0,2,32,7,41,0,2,68,2,72,0,4,100,9,113,54,8,62,175
11/24/2022,JKA,AL,ASO,ES,Federal Contract Tower,0,2,5,0,7,0,0,1,0,1,0,2,6,0,8,0,0,0,8
11/25/2022,JKA,AL,ASO,ES,Federal Contract Tower,0,2,24,0,26,0,0,0,0,0,0,2,24,0,26,0,0,0,26
11/26/2022,JKA,AL,ASO,ES,Federal Contract Tower,0,0,12,0,12,0,0,4,0,4,0,0,16,0,16,8,0,8,24
11/27/2022,JKA,AL,ASO,ES,Federal Contract Tower,0,1,37,0,38,0,2,31,0,33,0,3,68,0,71,16,0,16,87
11/28/2022,JKA,AL,ASO,ES,Federal Contract Tower,0,4,31,1,36,0,0,73,4,77,0,4,104,5,113,214,0,214,327
11/29/2022,JKA,AL,ASO,ES,Federal Contract Tower,0,0,11,0,11,0,0,40,1,41,0,0,51,1,52,88,0,88,140
11/30/2022,JKA,AL,ASO,ES,Federal Contract Tower,0,1,9,0,10,0,3,47,2,52,0,4,56,2,62,84,2,86,148
12/01/2022,JKA,AL,ASO,ES,Federal Contract Tower,0,0,17,2,19,0,2,78,12,92,0,2,95,14,111,88,18,106,217
12/02/2022,JKA,AL,ASO,ES,Federal Contract Tower,0,2,20,5,27,0,2,14,1,17,0,4,34,6,44,0,0,0,44
12/03/2022,JKA,AL,ASO,ES,Federal Contract Tower,0,1,16,5,22,0,1,14,4,19,0,2,30,9,41,32,10,42,83
12/04/2022,JKA,AL,ASO,ES,Federal Contract Tower,0,0,28,10,38,0,2,23,3,28,0,2,51,13,66,18,6,24,90
12/05/2022,JKA,AL,ASO,ES,Federal Contract Tower,0,0,27,10,37,0,0,27,0,27,0,0,54,10,64,20,0,20,84
12/06/2022,JKA,AL,ASO,ES,Federal Contract Tower,0,0,26,6,32,0,0,80,6,86,0,0,106,12,118,84,0,84,202
12/07/2022,JKA,AL,ASO,ES,Federal Contract Tower,0,4,15,4,23,0,0,45,4,49,0,4,60,8,72,110,6,116,188
12/08/2022,JKA,AL,ASO,ES,Federal Contract Tower,0,2,12,6,20,0,0,52,2,54,0,2,64,8,74,194,0,194,268
12/09/2022,JKA,AL,ASO,ES,Federal Contract Tower,0,1,15,8,24,0,0,5,0,5,0,1,20,8,29,0,0,0,29
12/10/2022,JKA,AL,ASO,ES,Federal Contract Tower,0,1,16,0,17,0,1,29,0,30,0,2,45,0,47,22,0,22,69
12/11/2022,JKA,AL,ASO,ES,Federal Contract Tower,0,0,10,6,16,0,0,1,0,1,0,0,11,6,17,0,0,0,17
12/12/2022,JKA,AL,ASO,ES,Federal Contract Tower,0,2,30,0,32,0,3,4,0,7,0,5,34,0,39,4,0,4,43
12/13/2022,JKA,AL,ASO,ES,Federal Contract Tower,0,0,16,5,21,0,0,5,0,5,0,0,21,5,26,16,0,16,42
12/14/2022,JKA,AL,ASO,ES,Federal Contract Tower,0,0,7,0,7,0,0,24,0,24,0,0,31,0,31,94,0,94,125
12/15/2022,JKA,AL,ASO,ES,Federal Contract Tower,0,0,17,3,20,0,0,69,4,73,0,0,86,7,93,80,14,94,187
12/16/2022,JKA,AL,ASO,ES,Federal Contract Tower,0,2,5,4,11,0,2,76,6,84,0,4,81,10,95,106,0,106,201
12/17/2022,JKA,AL,ASO,ES,Federal Contract Tower,0,1,13,0,14,0,6,33,0,39,0,7,46,0,53,62,0,62,115
12/18/2022,JKA,AL,ASO,ES,Federal Contract Tower,0,6,19,0,25,0,4,44,2,50,0,10,63,2,75,28,0,28,103
12/19/2022,JKA,AL,ASO,ES,Federal Contract Tower,0,3,13,0,16,0,0,54,0,54,0,3,67,0,70,112,0,112,182
12/20/2022,JKA,AL,ASO,ES,Federal Contract Tower,0,1,13,2,16,0,0,9,0,9,0,1,22,2,25,30,0,30,55
12/21/2022,JKA,AL,ASO,ES,Federal Contract Tower,0,0,25,0,25,0,0,4,1,5,0,0,29,1,30,0,0,0,30
12/22/2022,JKA,AL,ASO,ES,Federal Contract Tower,0,0,13,4,17,0,0,16,3,19,0,0,29,7,36,17,14,31,67
12/23/2022,JKA,AL,ASO,ES,Federal Contract Tower,0,0,13,0,13,0,1,17,0,18,0,1,30,0,31,16,0,16,47
12/24/2022,JKA,AL,ASO,ES,Federal Contract Tower,0,1,8,0,9,0,2,2,0,4,0,3,10,0,13,0,0,0,13
12/25/2022,JKA,AL,ASO,ES,Federal Contract Tower,0,4,0,0,4,0,0,5,0,5,0,4,5,0,9,0,0,0,9
12/26/2022,JKA,AL,ASO,ES,Federal Contract Tower,0,4,26,0,30,0,3,24,0,27,0,7,50,0,57,34,0,34,91
12/27/2022,JKA,AL,ASO,ES,Federal Contract Tower,0,2,28,0,30,0,0,43,2,45,0,2,71,2,75,72,0,72,147
12/28/2022,JKA,AL,ASO,ES,Federal Contract Tower,0,4,33,3,40,0,8,82,5,95,0,12,115,8,135,130,0,130,265
12/29/2022,JKA,AL,ASO,ES,Federal Contract Tower,0,1,41,0,42,0,7,59,0,66,0,8,100,0,108,88,0,88,196
12/30/2022,JKA,AL,ASO,ES,Federal Contract Tower,0,0,14,0,14,0,0,5,0,5,0,0,19,0,19,0,0,0,19
12/31/2022,JKA,AL,ASO,ES,Federal Contract Tower,0,0,16,0,16,0,0,17,0,17,0,0,33,0,33,4,0,4,37
01/01/2023,JKA,AL,ASO,ES,Federal Contract Tower,0,2,15,0,17,0,0,9,0,9,0,2,24,0,26,2,0,2,28
01/02/2023,JKA,AL,ASO,ES,Federal Contract Tower,0,3,39,0,42,0,0,12,0,12,0,3,51,0,54,10,0,10,64
01/03/2023,JKA,AL,ASO,ES,Federal Contract Tower,0,1,11,0,12,0,0,5,0,5,0,1,16,0,17,8,0,8,25
01/04/2023,JKA,AL,ASO,ES,Federal Contract Tower,0,3,20,3,26,0,0,45,7,52,0,3,65,10,78,172,10,182,260
01/05/2023,JKA,AL,ASO,ES,Federal Contract Tower,0,1,22,11,34,0,0,70,10,80,0,1,92,21,114,52,8,60,174
01/06/2023,JKA,AL,ASO,ES,Federal Contract Tower,0,4,24,10,38,0,0,79,5,84,0,4,103,15,122,130,4,134,256
01/07/2023,JKA,AL,ASO,ES,Federal Contract Tower,0,2,23,0,25,0,1,53,5,59,0,3,76,5,84,116,6,122,206
01/08/2023,JKA,AL,ASO,ES,Federal Contract Tower,0,0,22,0,22,0,0,30,0,30,0,0,52,0,52,55,0,55,107
01/09/2023,JKA,AL,ASO,ES,Federal Contract Tower,0,1,25,6,32,0,0,70,5,75,0,1,95,11,107,100,12,112,219
01/10/2023,JKA,AL,ASO,ES,Federal Contract Tower,0,0,16,13,29,0,2,73,16,91,0,2,89,29,120,90,34,124,244
01/11/2023,JKA,AL,ASO,ES,Federal Contract Tower,0,3,31,11,45,0,0,56,16,72,0,3,87,27,117,98,42,140,257
01/12/2023,JKA,AL,ASO,ES,Federal Contract Tower,0,2,16,0,18,0,2,31,2,35,0,4,47,2,53,56,10,66,119
01/13/2023,JKA,AL,ASO,ES,Federal Contract Tower,0,2,18,4,24,0,0,52,2,54,0,2,70,6,78,162,0,162,240
01/14/2023,JKA,AL,ASO,ES,Federal Contract Tower,0,2,14,0,16,0,0,65,0,65,0,2,79,0,81,42,0,42,123
01/15/2023,JKA,AL,ASO,ES,Federal Contract Tower,0,1,21,0,22,0,3,63,0,66,0,4,84,0,88,48,0,48,136
01/16/2023,JKA,AL,ASO,ES,Federal Contract Tower,0,2,22,7,31,0,2,36,2,40,0,4,58,9,71,56,0,56,127
01/17/2023,JKA,AL,ASO,ES,Federal Contract Tower,0,1,23,4,28,0,2,83,2,87,0,3,106,6,115,140,0,140,255
01/18/2023,JKA,AL,ASO,ES,Federal Contract Tower,0,4,8,2,14,0,2,64,4,70,0,6,72,6,84,202,6,208,292
01/19/2023,JKA,AL,ASO,ES,Federal Contract Tower,0,1,16,3,20,0,8,85,6,99,0,9,101,9,119,156,10,166,285
01/20/2023,JKA,AL,ASO,ES,Federal Contract Tower,0,1,29,7,37,0,2,103,4,109,0,3,132,11,146,184,20,204,350
01/21/2023,JKA,AL,ASO,ES,Federal Contract Tower,0,2,13,6,21,0,2,35,4,41,0,4,48,10,62,168,32,200,262
01/22/2023,JKA,AL,ASO,ES,Federal Contract Tower,0,3,15,4,22,0,0,1,0,1,0,3,16,4,23,0,0,0,23
01/23/2023,JKA,AL,ASO,ES,Federal Contract Tower,0,0,30,4,34,0,2,94,3,99,0,2,124,7,133,148,2,150,283
01/24/2023,JKA,AL,ASO,ES,Federal Contract Tower,0,0,10,18,28,0,4,47,3,54,0,4,57,21,82,118,0,118,200
01/25/2023,JKA,AL,ASO,ES,Federal Contract Tower,0,0,18,7,25,0,0,77,10,87,0,0,95,17,112,234,24,258,370
01/26/2023,JKA,AL,ASO,ES,Federal Contract Tower,0,2,17,16,35,0,2,96,6,104,0,4,113,22,139,230,18,248,387
01/27/2023,JKA,AL,ASO,ES,Federal Contract Tower,0,1,37,5,43,0,0,121,0,121,0,1,158,5,164,148,0,148,312
01/28/2023,JKA,AL,ASO,ES,Federal Contract Tower,0,1,17,4,22,0,0,67,3,70,0,1,84,7,92,48,0,48,140
01/29/2023,JKA,AL,ASO,ES,Federal Contract Tower,0,0,19,2,21,0,0,7,0,7,0,0,26,2,28,22,0,22,50
01/30/2023,JKA,AL,ASO,ES,Federal Contract Tower,0,1,26,0,27,0,0,8,0,8,0,1,34,0,35,20,0,20,55
01/31/2023,JKA,AL,ASO,ES,Federal Contract Tower,0,2,16,3,21,0,2,16,3,21,0,4,32,6,42,42,12,54,96
02/01/2023,JKA,AL,ASO,ES,Federal Contract Tower,0,7,14,8,29,0,0,42,0,42,0,7,56,8,71,132,0,132,203
02/02/2023,JKA,AL,ASO,ES,Federal Contract Tower,0,2,18,15,35,0,0,0,0,0,0,2,18,15,35,0,0,0,35
02/03/2023,JKA,AL,ASO,ES,Federal Contract Tower,0,3,26,0,29,0,0,94,4,98,0,3,120,4,127,134,14,148,275
02/04/2023,JKA,AL,ASO,ES,Federal Contract Tower,0,1,25,0,26,0,2,97,5,104,0,3,122,5,130,174,8,182,312
02/05/2023,JKA,AL,ASO,ES,Federal Contract Tower,0,4,31,0,35,0,2,46,3,51,0,6,77,3,86,44,0,44,130
02/06/2023,JKA,AL,ASO,ES,Federal Contract Tower,0,2,24,1,27,0,1,100,6,107,0,3,124,7,134,154,10,164,298
02/07/2023,JKA,AL,ASO,ES,Federal Contract Tower,0,0,20,10,30,0,2,54,4,60,0,2,74,14,90,146,2,148,238
02/08/2023,JKA,AL,ASO,ES,Federal Contract Tower,0,2,24,16,42,0,4,73,8,85,0,6,97,24,127,172,14,186,313
02/09/2023,JKA,AL,ASO,ES,Federal Contract Tower,0,0,20,2,22,0,0,38,6,44,0,0,58,8,66,168,18,186,252
02/10/2023,JKA,AL,ASO,ES,Federal Contract Tower,0,4,16,0,20,0,0,19,2,21,0,4,35,2,41,104,2,106,147
02/11/2023,JKA,AL,ASO,ES,Federal Contract Tower,0,4,13,0,17,0,0,0,0,0,0,4,13,0,17,0,0,0,17
02/12/2023,JKA,AL,ASO,ES,Federal Contract Tower,0,1,18,0,19,0,2,37,5,44,0,3,55,5,63,82,0,82,145
02/13/2023,JKA,AL,ASO,ES,Federal Contract Tower,0,3,36,11,50,0,0,118,5,123,0,3,154,16,173,126,4,130,303
02/14/2023,JKA,AL,ASO,ES,Federal Contract Tower,0,1,16,6,23,0,2,93,2,97,0,3,109,8,120,194,2,196,316
02/15/2023,JKA,AL,ASO,ES,Federal Contract Tower,0,1,29,11,41,0,2,79,4,85,0,3,108,15,126,190,0,190,316
02/16/2023,JKA,AL,ASO,ES,Federal Contract Tower,0,0,13,7,20,0,0,16,4,20,0,0,29,11,40,84,0,84,124
02/17/2023,JKA,AL,ASO,ES,Federal Contract Tower,0,0,43,2,45,0,0,35,2,37,0,0,78,4,82,8,0,8,90
02/18/2023,JKA,AL,ASO,ES,Federal Contract Tower,0,0,16,2,18,0,0,82,4,86,0,0,98,6,104,52,0,52,156
02/19/2023,JKA,AL,ASO,ES,Federal Contract Tower,0,0,17,0,17,0,0,62,0,62,0,0,79,0,79,38,0,38,117
02/20/2023,JKA,AL,ASO,ES,Federal Contract Tower,0,5,32,0,37,0,4,41,0,45,0,9,73,0,82,116,0,116,198
02/21/2023,JKA,AL,ASO,ES,Federal Contract Tower,0,1,38,15,54,0,0,1,0,1,0,1,39,15,55,0,0,0,55
02/22/2023,JKA,AL,ASO,ES,Federal Contract Tower,0,0,27,0,27,0,2,13,0,15,0,2,40,0,42,34,0,34,76
02/23/2023,JKA,AL,ASO,ES,Federal Contract Tower,0,2,30,7,39,0,2,30,6,38,0,4,60,13,77,26,14,40,117
02/24/2023,JKA,AL,ASO,ES,Federal Contract Tower,0,0,33,10,43,0,0,4,0,4,0,0,37,10,47,10,0,10,57
02/25/2023,JKA,AL,ASO,ES,Federal Contract Tower,0,0,18,5,23,0,2,49,3,54,0,2,67,8,77,134,6,140,217
02/26/2023,JKA,AL,ASO,ES,Federal Contract Tower,0,4,45,6,55,0,4,29,4,37,0,8,74,10,92,68,0,68,160
02/27/2023,JKA,AL,ASO,ES,Federal Contract Tower,0,0,17,0,17,0,2,39,0,41,0,2,56,0,58,108,0,108,166
02/28/2023,JKA,AL,ASO,ES,Federal Contract Tower,0,3,38,16,57,0,0,13,0,13,0,3,51,16,70,0,0,0,70
03/01/2023,JKA,AL,ASO,ES,Federal Contract Tower,0,1,43,6,50,0,2,11,1,14,0,3,54,7,64,56,0,56,120
03/02/2023,JKA,AL,ASO,ES,Federal Contract Tower,0,4,21,14,39,0,0,15,1,16,0,4,36,15,55,50,0,50,105
03/03/2023,JKA,AL,ASO,ES,Federal Contract Tower,0,3,11,13,27,0,2,7,7,16,0,5,18,20,43,0,24,24,67
03/04/2023,JKA,AL,ASO,ES,Federal Contract Tower,0,0,33,0,33,0,2,88,0,90,0,2,121,0,123,100,0,100,223
03/05/2023,JKA,AL,ASO,ES,Federal Contract Tower,0,1,35,0,36,0,3,95,0,98,0,4,130,0,134,82,0,82,216
03/06/2023,JKA,AL,ASO,ES,Federal Contract Tower,0,1,33,0,34,0,2,15,0,17,0,3,48,0,51,4,0,4,55
03/07/2023,JKA,AL,ASO,ES,Federal Contract Tower,0,9,28,8,45,0,2,81,4,87,0,11,109,12,132,56,10,66,198
03/08/2023,JKA,AL,ASO,ES,Federal Contract Tower,0,2,33,15,50,0,3,62,2,67,0,5,95,17,117,44,2,46,163
03/09/2023,JKA,AL,ASO,ES,Federal Contract Tower,0,3,26,4,33,0,0,18,2,20,0,3,44,6,53,52,0,52,105
03/10/2023,JKA,AL,ASO,ES,Federal Contract Tower,0,3,40,9,52,0,0,110,10,120,0,3,150,19,172,96,20,116,288
03/11/2023,JKA,AL,ASO,ES,Federal Contract Tower,0,6,49,0,55,0,2,73,0,75,0,8,122,0,130,84,0,84,214
03/12/2023,JKA,AL,ASO,ES,Federal Contract Tower,0,4,29,4,37,0,0,1,0,1,0,4,30,4,38,4,0,4,42
03/13/2023,JKA,AL,ASO,ES,Federal Contract Tower,1,5,27,4,37,0,0,72,3,75,1,5,99,7,112,60,0,60,172
03/14/2023,JKA,AL,ASO,ES,Federal Contract Tower,0,4,28,0,32,0,1,79,2,82,0,5,107,2,114,104,20,124,238
03/15/2023,JKA,AL,ASO,ES,Federal Contract Tower,0,4,42,14,60,0,2,102,3,107,0,6,144,17,167,86,0,86,253
03/16/2023,JKA,AL,ASO,ES,Federal Contract Tower,0,6,45,8,59,0,2,81,0,83,0,8,126,8,142,70,0,70,212
03/17/2023,JKA,AL,ASO,ES,Federal Contract Tower,0,6,22,0,28,0,2,30,3,35,0,8,52,3,63,42,0,42,105
03/18/2023,JKA,AL,ASO,ES,Federal Contract Tower,0,3,41,0,44,0,5,38,0,43,0,8,79,0,87,12,0,12,99
03/19/2023,JKA,AL,ASO,ES,Federal Contract Tower,0,8,27,0,35,0,0,43,0,43,0,8,70,0,78,26,0,26,104
03/20/2023,JKA,AL,ASO,ES,Federal Contract Tower,0,0,34,9,43,0,10,81,3,94,0,10,115,12,137,190,0,190,327
03/21/2023,JKA,AL,ASO,ES,Federal Contract Tower,0,1,29,0,30,0,0,83,0,83,0,1,112,0,113,204,0,204,317
03/22/2023,JKA,AL,ASO,ES,Federal Contract Tower,0,0,40,7,47,0,10,94,14,118,0,10,134,21,165,200,0,200,365
03/23/2023,JKA,AL,ASO,ES,Federal Contract Tower,0,0,29,9,38,0,0,65,3,68,0,0,94,12,106,104,2,106,212
03/24/2023,JKA,AL,ASO,ES,Federal Contract Tower,0,2,46,5,53,0,2,55,3,60,0,4,101,8,113,74,16,90,203
03/25/2023,JKA,AL,ASO,ES,Federal Contract Tower,0,0,0,0,0,0,0,0,0,0,0,0,0,0,0,0,0,0,0
03/26/2023,JKA,AL,ASO,ES,Federal Contract Tower,0,0,18,0,18,0,0,1,0,1,0,0,19,0,19,0,0,0,19
03/27/2023,JKA,AL,ASO,ES,Federal Contract Tower,0,1,16,0,17,0,0,4,0,4,0,1,20,0,21,0,0,0,21
03/28/2023,JKA,AL,ASO,ES,Federal Contract Tower,0,0,13,2,15,0,0,3,0,3,0,0,16,2,18,0,0,0,18
03/29/2023,JKA,AL,ASO,ES,Federal Contract Tower,0,1,23,1,25,0,0,96,0,96,0,1,119,1,121,140,0,140,261
03/30/2023,JKA,AL,ASO,ES,Federal Contract Tower,0,1,40,4,45,0,0,102,1,103,0,1,142,5,148,154,0,154,302
03/31/2023,JKA,AL,ASO,ES,Federal Contract Tower,0,0,44,5,49,0,0,70,4,74,0,0,114,9,123,96,8,104,227
04/02/2023,JKA,AL,ASO,ES,Federal Contract Tower,0,0,35,0,35,0,0,56,0,56,0,0,91,0,91,34,0,34,125
04/03/2023,JKA,AL,ASO,ES,Federal Contract Tower,0,3,15,27,45,0,0,16,0,16,0,3,31,27,61,50,0,50,111
04/04/2023,JKA,AL,ASO,ES,Federal Contract Tower,0,2,26,6,34,0,0,0,0,0,0,2,26,6,34,0,0,0,34
04/05/2023,JKA,AL,ASO,ES,Federal Contract Tower,0,1,32,4,37,0,0,15,0,15,0,1,47,4,52,10,0,10,62
04/06/2023,JKA,AL,ASO,ES,Federal Contract Tower,0,4,35,4,43,0,0,56,2,58,0,4,91,6,101,44,6,50,151
04/07/2023,JKA,AL,ASO,ES,Federal Contract Tower,0,5,32,2,39,0,0,35,5,40,0,5,67,7,79,34,20,54,133
04/09/2023,JKA,AL,ASO,ES,Federal Contract Tower,0,7,24,0,31,0,2,2,0,4,0,9,26,0,35,8,0,8,43
04/10/2023,JKA,AL,ASO,ES,Federal Contract Tower,0,4,39,5,48,0,2,65,2,69,0,6,104,7,117,152,8,160,277
04/11/2023,JKA,AL,ASO,ES,Federal Contract Tower,0,2,29,8,39,0,0,98,3,101,0,2,127,11,140,208,0,208,348
04/12/2023,JKA,AL,ASO,ES,Federal Contract Tower,0,3,39,3,45,0,0,50,2,52,0,3,89,5,97,180,0,180,277
04/13/2023,JKA,AL,ASO,ES,Federal Contract Tower,0,2,31,4,37,0,0,16,5,21,0,2,47,9,58,24,0,24,82
04/14/2023,JKA,AL,ASO,ES,Federal Contract Tower,0,6,44,13,63,0,7,93,5,105,0,13,137,18,168,130,0,130,298
04/16/2023,JKA,AL,ASO,ES,Federal Contract Tower,0,11,43,0,54,0,4,21,2,27,0,15,64,2,81,22,0,22,103
04/17/2023,JKA,AL,ASO,ES,Federal Contract Tower,0,0,28,13,41,0,0,65,6,71,0,0,93,19,112,122,0,122,234
04/18/2023,JKA,AL,ASO,ES,Federal Contract Tower,0,3,30,10,43,0,3,86,11,100,0,6,116,21,143,126,0,126,269
04/19/2023,JKA,AL,ASO,ES,Federal Contract Tower,0,0,39,11,50,0,2,93,2,97,0,2,132,13,147,186,0,186,333
04/20/2023,JKA,AL,ASO,ES,Federal Contract Tower,0,4,38,6,48,0,2,79,6,87,0,6,117,12,135,104,0,104,239
04/21/2023,JKA,AL,ASO,ES,Federal Contract Tower,0,0,31,13,44,0,0,48,2,50,0,0,79,15,94,138,0,138,232
04/23/2023,JKA,AL,ASO,ES,Federal Contract Tower,0,2,48,0,50,0,2,48,0,50,0,4,96,0,100,50,0,50,150
04/24/2023,JKA,AL,ASO,ES,Federal Contract Tower,0,0,26,4,30,0,0,72,2,74,0,0,98,6,104,158,0,158,262
04/26/2023,JKA,AL,ASO,ES,Federal Contract Tower,0,2,33,6,41,0,2,59,4,65,0,4,92,10,106,142,2,144,250
04/27/2023,JKA,AL,ASO,ES,Federal Contract Tower,0,1,19,0,20,0,0,1,0,1,0,1,20,0,21,0,0,0,21
04/28/2023,JKA,AL,ASO,ES,Federal Contract Tower,0,2,47,9,58,0,0,82,3,85,0,2,129,12,143,110,0,110,253
04/30/2023,JKA,AL,ASO,ES,Federal Contract Tower,0,1,50,0,51,0,0,35,4,39,0,1,85,4,90,14,0,14,104
05/01/2023,JKA,AL,ASO,ES,Federal Contract Tower,0,2,37,0,39,0,1,95,9,105,0,3,132,9,144,218,10,228,372
05/02/2023,JKA,AL,ASO,ES,Federal Contract Tower,0,3,32,9,44,0,0,93,4,97,0,3,125,13,141,204,10,214,355
05/03/2023,JKA,AL,ASO,ES,Federal Contract Tower,0,7,28,5,40,0,2,114,3,119,0,9,142,8,159,238,6,244,403
05/04/2023,JKA,AL,ASO,ES,Federal Contract Tower,0,9,54,12,75,0,1,122,7,130,0,10,176,19,205,132,0,132,337
05/05/2023,JKA,AL,ASO,ES,Federal Contract Tower,0,8,29,0,37,0,1,63,0,64,0,9,92,0,101,110,0,110,211
05/07/2023,JKA,AL,ASO,ES,Federal Contract Tower,0,11,49,0,60,0,4,15,6,25,0,15,64,6,85,34,0,34,119
05/08/2023,JKA,AL,ASO,ES,Federal Contract Tower,0,7,22,7,36,0,0,4,8,12,0,7,26,15,48,10,0,10,58
05/09/2023,JKA,AL,ASO,ES,Federal Contract Tower,0,0,15,7,22,0,0,31,2,33,0,0,46,9,55,110,4,114,169
05/10/2023,JKA,AL,ASO,ES,Federal Contract Tower,0,4,52,7,63,0,4,87,2,93,0,8,139,9,156,110,0,110,266
05/11/2023,JKA,AL,ASO,ES,Federal Contract Tower,0,5,16,8,29,0,2,91,5,98,0,7,107,13,127,186,0,186,313
05/12/2023,JKA,AL,ASO,ES,Federal Contract Tower,0,1,40,0,41,0,0,94,0,94,0,1,134,0,135,246,0,246,381
05/14/2023,JKA,AL,ASO,ES,Federal Contract Tower,0,1,48,8,57,0,0,34,0,34,0,1,82,8,91,20,0,20,111
05/15/2023,JKA,AL,ASO,ES,Federal Contract Tower,0,2,36,13,51,0,1,102,4,107,0,3,138,17,158,256,4,260,418
05/16/2023,JKA,AL,ASO,ES,Federal Contract Tower,0,1,29,24,54,0,2,70,2,74,0,3,99,26,128,276,0,276,404
05/17/2023,JKA,AL,ASO,ES,Federal Contract Tower,0,7,32,5,44,0,0,41,5,46,0,7,73,10,90,64,0,64,154
05/18/2023,JKA,AL,ASO,ES,Federal Contract Tower,0,16,59,4,79,0,1,91,4,96,0,17,150,8,175,224,0,224,399
05/19/2023,JKA,AL,ASO,ES,Federal Contract Tower,0,18,69,0,87,0,4,76,3,83,0,22,145,3,170,128,0,128,298
05/20/2023,JKA,AL,ASO,ES,Federal Contract Tower,0,8,42,0,50,0,6,34,0,40,0,14,76,0,90,50,0,50,140
05/21/2023,JKA,AL,ASO,ES,Federal Contract Tower,0,12,61,2,75,0,0,18,6,24,0,12,79,8,99,6,2,8,107
05/22/2023,JKA,AL,ASO,ES,Federal Contract Tower,0,7,37,13,57,0,0,76,3,79,0,7,113,16,136,164,0,164,300
05/23/2023,JKA,AL,ASO,ES,Federal Contract Tower,0,5,37,4,46,0,2,65,7,74,0,7,102,11,120,160,34,194,314
05/24/2023,JKA,AL,ASO,ES,Federal Contract Tower,0,8,36,9,53,0,0,28,5,33,0,8,64,14,86,78,0,78,164
05/25/2023,JKA,AL,ASO,ES,Federal Contract Tower,0,17,79,3,99,0,0,81,9,90,0,17,160,12,189,186,14,200,389
05/26/2023,JKA,AL,ASO,ES,Federal Contract Tower,0,1,87,7,95,0,6,98,3,107,0,7,185,10,202,114,20,134,336
05/27/2023,JKA,AL,ASO,ES,Federal Contract Tower,0,4,50,0,54,0,0,76,0,76,0,4,126,0,130,58,0,58,188
05/28/2023,JKA,AL,ASO,ES,Federal Contract Tower,0,8,42,0,50,0,4,39,0,43,0,12,81,0,93,80,0,80,173
05/29/2023,JKA,AL,ASO,ES,Federal Contract Tower,0,6,75,0,81,0,2,102,0,104,0,8,177,0,185,56,0,56,241
05/30/2023,JKA,AL,ASO,ES,Federal Contract Tower,0,7,69,6,82,0,0,88,0,88,0,7,157,6,170,276,0,276,446
05/31/2023,JKA,AL,ASO,ES,Federal Contract Tower,0,6,57,7,70,0,0,88,4,92,0,6,145,11,162,222,14,236,398
06/01/2023,JKA,AL,ASO,ES,Federal Contract Tower,0,0,56,3,59,0,2,75,2,79,0,2,131,5,138,242,0,242,380
06/02/2023,JKA,AL,ASO,ES,Federal Contract Tower,0,7,47,4,58,0,7,115,6,128,0,14,162,10,186,148,0,148,334
06/03/2023,JKA,AL,ASO,ES,Federal Contract Tower,0,4,38,0,42,0,0,69,0,69,0,4,107,0,111,52,0,52,163
06/04/2023,JKA,AL,ASO,ES,Federal Contract Tower,0,6,59,0,65,0,8,32,3,43,0,14,91,3,108,4,32,36,144
06/05/2023,JKA,AL,ASO,ES,Federal Contract Tower,0,7,25,5,37,0,8,132,5,145,0,15,157,10,182,258,2,260,442
06/06/2023,JKA,AL,ASO,ES,Federal Contract Tower,0,4,27,23,54,0,0,97,7,104,0,4,124,30,158,194,0,194,352
06/07/2023,JKA,AL,ASO,ES,Federal Contract Tower,0,0,53,27,80,0,0,94,17,111,0,0,147,44,191,198,0,198,389
06/08/2023,JKA,AL,ASO,ES,Federal Contract Tower,0,8,39,3,50,0,4,102,1,107,0,12,141,4,157,140,18,158,315
06/09/2023,JKA,AL,ASO,ES,Federal Contract Tower,0,1,53,9,63,0,2,80,0,82,0,3,133,9,145,112,0,112,257
06/10/2023,JKA,AL,ASO,ES,Federal Contract Tower,0,3,43,4,50,0,4,32,4,40,0,7,75,8,90,22,0,22,112
06/11/2023,JKA,AL,ASO,ES,Federal Contract Tower,0,7,61,6,74,0,0,27,2,29,0,7,88,8,103,22,0,22,125
06/12/2023,JKA,AL,ASO,ES,Federal Contract Tower,0,4,31,4,39,0,0,79,0,79,0,4,110,4,118,186,0,186,304
06/13/2023,JKA,AL,ASO,ES,Federal Contract Tower,0,0,22,6,28,0,6,98,5,109,0,6,120,11,137,214,0,214,351
06/14/2023,JKA,AL,ASO,ES,Federal Contract Tower,0,0,52,15,67,0,4,32,5,41,0,4,84,20,108,10,0,10,118
06/15/2023,JKA,AL,ASO,ES,Federal Contract Tower,0,0,44,2,46,0,2,14,0,16,0,2,58,2,62,2,0,2,64
06/16/2023,JKA,AL,ASO,ES,Federal Contract Tower,0,5,39,0,44,0,0,73,2,75,0,5,112,2,119,18,0,18,137
06/17/2023,JKA,AL,ASO,ES,Federal Contract Tower,0,3,39,0,42,0,2,46,0,48,0,5,85,0,90,4,0,4,94
06/18/2023,JKA,AL,ASO,ES,Federal Contract Tower,0,8,45,0,53,0,0,12,0,12,0,8,57,0,65,4,0,4,69
06/19/2023,JKA,AL,ASO,ES,Federal Contract Tower,0,6,17,0,23,0,0,1,0,1,0,6,18,0,24,0,0,0,24
06/20/2023,JKA,AL,ASO,ES,Federal Contract Tower,0,6,25,21,52,0,3,108,3,114,0,9,133,24,166,156,4,160,326
06/21/2023,JKA,AL,ASO,ES,Federal Contract Tower,0,4,28,5,37,0,4,109,5,118,0,8,137,10,155,184,2,186,341
06/23/2023,JKA,AL,ASO,ES,Federal Contract Tower,0,0,47,10,57,0,6,89,1,96,0,6,136,11,153,114,0,114,267
06/24/2023,JKA,AL,ASO,ES,Federal Contract Tower,0,10,40,0,50,0,7,57,0,64,0,17,97,0,114,4,0,4,118
06/25/2023,JKA,AL,ASO,ES,Federal Contract Tower,0,2,44,0,46,0,0,39,0,39,0,2,83,0,85,18,0,18,103
06/26/2023,JKA,AL,ASO,ES,Federal Contract Tower,0,3,33,5,41,0,2,105,4,111,0,5,138,9,152,168,4,172,324
06/27/2023,JKA,AL,ASO,ES,Federal Contract Tower,0,9,42,14,65,0,0,74,2,76,0,9,116,16,141,206,0,206,347
06/28/2023,JKA,AL,ASO,ES,Federal Contract Tower,0,13,34,11,58,0,2,126,3,131,0,15,160,14,189,250,6,256,445
06/29/2023,JKA,AL,ASO,ES,Federal Contract Tower,0,6,50,0,56,0,0,114,2,116,0,6,164,2,172,82,0,82,254
06/30/2023,JKA,AL,ASO,ES,Federal Contract Tower,0,5,58,5,68,0,2,122,8,132,0,7,180,13,200,150,0,150,350
07/01/2023,JKA,AL,ASO,ES,Federal Contract Tower,0,9,53,0,62,0,8,67,2,77,0,17,120,2,139,10,0,10,149
07/02/2023,JKA,AL,ASO,ES,Federal Contract Tower,0,1,36,6,43,0,2,41,0,43,0,3,77,6,86,38,0,38,124
07/03/2023,JKA,AL,ASO,ES,Federal Contract Tower,0,1,29,2,32,0,1,52,0,53,0,2,81,2,85,56,0,56,141
07/05/2023,JKA,AL,ASO,ES,Federal Contract Tower,0,8,44,8,60,0,0,100,0,100,0,8,144,8,160,134,2,136,296
07/06/2023,JKA,AL,ASO,ES,Federal Contract Tower,0,4,43,5,52,0,4,100,5,109,0,8,143,10,161,118,0,118,279
07/07/2023,JKA,AL,ASO,ES,Federal Contract Tower,0,8,48,19,75,0,2,129,1,132,0,10,177,20,207,164,12,176,383
07/08/2023,JKA,AL,ASO,ES,Federal Contract Tower,0,15,37,0,52,0,2,59,1,62,0,17,96,1,114,10,0,10,124
07/09/2023,JKA,AL,ASO,ES,Federal Contract Tower,0,3,54,20,77,0,4,15,0,19,0,7,69,20,96,22,0,22,118
07/10/2023,JKA,AL,ASO,ES,Federal Contract Tower,0,0,25,1,26,0,0,16,0,16,0,0,41,1,42,22,0,22,64
07/11/2023,JKA,AL,ASO,ES,Federal Contract Tower,0,1,32,5,38,0,0,56,13,69,0,1,88,18,107,162,0,162,269
07/12/2023,JKA,AL,ASO,ES,Federal Contract Tower,0,8,37,2,47,0,0,57,7,64,0,8,94,9,111,142,24,166,277
07/13/2023,JKA,AL,ASO,ES,Federal Contract Tower,0,15,44,7,66,0,0,106,5,111,0,15,150,12,177,178,2,180,357
07/14/2023,JKA,AL,ASO,ES,Federal Contract Tower,0,5,41,0,46,0,2,104,4,110,0,7,145,4,156,188,0,188,344
07/15/2023,JKA,AL,ASO,ES,Federal Contract Tower,0,8,25,2,35,0,0,64,0,64,0,8,89,2,99,10,0,10,109
07/16/2023,JKA,AL,ASO,ES,Federal Contract Tower,0,16,65,4,85,0,2,44,1,47,0,18,109,5,132,26,0,26,158
07/17/2023,JKA,AL,ASO,ES,Federal Contract Tower,0,1,38,9,48,0,5,95,6,106,0,6,133,15,154,168,4,172,326
07/18/2023,JKA,AL,ASO,ES,Federal Contract Tower,0,2,29,14,45,0,2,117,2,121,0,4,146,16,166,210,32,242,408
07/19/2023,JKA,AL,ASO,ES,Federal Contract Tower,0,3,43,6,52,0,4,101,5,110,0,7,144,11,162,176,16,192,354
07/20/2023,JKA,AL,ASO,ES,Federal Contract Tower,0,8,45,4,57,0,4,130,7,141,0,12,175,11,198,140,12,152,350
07/21/2023,JKA,AL,ASO,ES,Federal Contract Tower,0,1,43,8,52,0,4,53,2,59,0,5,96,10,111,46,6,52,163
07/22/2023,JKA,AL,ASO,ES,Federal Contract Tower,0,4,33,5,42,0,0,52,2,54,0,4,85,7,96,14,0,14,110
07/23/2023,JKA,AL,ASO,ES,Federal Contract Tower,0,1,51,2,54,0,4,29,2,35,0,5,80,4,89,38,18,56,145
07/24/2023,JKA,AL,ASO,ES,Federal Contract Tower,0,5,47,4,56,0,0,76,0,76,0,5,123,4,132,156,0,156,288
07/25/2023,JKA,AL,ASO,ES,Federal Contract Tower,0,6,54,8,68,0,4,99,3,106,0,10,153,11,174,208,0,208,382
07/26/2023,JKA,AL,ASO,ES,Federal Contract Tower,0,5,47,16,68,0,4,95,4,103,0,9,142,20,171,146,0,146,317
07/27/2023,JKA,AL,ASO,ES,Federal Contract Tower,0,11,36,9,56,0,9,105,4,118,0,20,141,13,174,138,2,140,314
07/28/2023,JKA,AL,ASO,ES,Federal Contract Tower,1,6,56,2,65,0,0,102,1,103,1,6,158,3,168,148,2,150,318
07/29/2023,JKA,AL,ASO,ES,Federal Contract Tower,0,3,40,4,47,0,5,70,3,78,0,8,110,7,125,16,6,22,147
07/30/2023,JKA,AL,ASO,ES,Federal Contract Tower,0,3,67,0,70,0,3,63,2,68,0,6,130,2,138,8,0,8,146
07/31/2023,JKA,AL,ASO,ES,Federal Contract Tower,0,1,48,6,55,0,2,110,2,114,0,3,158,8,169,116,20,136,305
08/01/2023,JKA,AL,ASO,ES,Federal Contract Tower,0,4,19,3,26,0,0,95,9,104,0,4,114,12,130,158,32,190,320
08/02/2023,JKA,AL,ASO,ES,Federal Contract Tower,0,4,39,4,47,0,0,70,3,73,0,4,109,7,120,126,42,168,288
08/03/2023,JKA,AL,ASO,ES,Federal Contract Tower,0,4,46,6,56,0,0,115,0,115,0,4,161,6,171,156,2,158,329
08/04/2023,JKA,AL,ASO,ES,Federal Contract Tower,0,1,54,2,57,0,2,126,5,133,0,3,180,7,190,68,0,68,258
08/05/2023,JKA,AL,ASO,ES,Federal Contract Tower,0,6,36,19,61,0,2,36,7,45,0,8,72,26,106,20,40,60,166
08/07/2023,JKA,AL,ASO,ES,Federal Contract Tower,0,0,27,9,36,0,4,60,2,66,0,4,87,11,102,242,28,270,372
08/08/2023,JKA,AL,ASO,ES,Federal Contract Tower,0,3,27,16,46,0,4,83,0,87,0,7,110,16,133,216,0,216,349
08/09/2023,JKA,AL,ASO,ES,Federal Contract Tower,0,7,49,7,63,0,2,69,3,74,0,9,118,10,137,116,2,118,255
08/10/2023,JKA,AL,ASO,ES,Federal Contract Tower,0,3,24,10,37,0,12,70,5,87,0,15,94,15,124,132,6,138,262
08/11/2023,JKA,AL,ASO,ES,Federal Contract Tower,0,1,29,3,33,0,4,107,1,112,0,5,136,4,145,154,0,154,299
08/12/2023,JKA,AL,ASO,ES,Federal Contract Tower,0,3,26,2,31,0,2,75,0,77,0,5,101,2,108,34,0,34,142
08/13/2023,JKA,AL,ASO,ES,Federal Contract Tower,0,4,41,0,45,0,1,30,0,31,0,5,71,0,76,28,0,28,104
08/14/2023,JKA,AL,ASO,ES,Federal Contract Tower,0,3,23,2,28,0,2,69,2,73,0,5,92,4,101,264,0,264,365
08/15/2023,JKA,AL,ASO,ES,Federal Contract Tower,0,2,37,10,49,0,0,96,7,103,0,2,133,17,152,254,34,288,440
08/16/2023,JKA,AL,ASO,ES,Federal Contract Tower,0,2,30,10,42,0,0,118,4,122,0,2,148,14,164,162,12,174,338
08/17/2023,JKA,AL,ASO,ES,Federal Contract Tower,0,10,71,5,86,0,0,111,1,112,0,10,182,6,198,158,4,162,360
08/18/2023,JKA,AL,ASO,ES,Federal Contract Tower,0,5,63,24,92,0,4,149,9,162,0,9,212,33,254,180,4,184,438
08/19/2023,JKA,AL,ASO,ES,Federal Contract Tower,0,6,45,1,52,0,0,77,3,80,0,6,122,4,132,32,6,38,170
08/20/2023,JKA,AL,ASO,ES,Federal Contract Tower,0,7,74,7,88,0,6,52,3,61,0,13,126,10,149,34,0,34,183
08/21/2023,JKA,AL,ASO,ES,Federal Contract Tower,0,8,15,7,30,0,0,77,2,79,0,8,92,9,109,96,0,96,205
08/22/2023,JKA,AL,ASO,ES,Federal Contract Tower,0,0,24,3,27,0,1,56,7,64,0,1,80,10,91,154,0,154,245
08/23/2023,JKA,AL,ASO,ES,Federal Contract Tower,0,3,13,6,22,0,2,100,0,102,0,5,113,6,124,136,0,136,260
08/24/2023,JKA,AL,ASO,ES,Federal Contract Tower,0,6,29,0,35,0,0,70,4,74,0,6,99,4,109,146,18,164,273
08/25/2023,JKA,AL,ASO,ES,Federal Contract Tower,0,3,53,1,57,0,0,110,3,113,0,3,163,4,170,158,2,160,330
08/26/2023,JKA,AL,ASO,ES,Federal Contract Tower,0,3,31,0,34,0,4,60,1,65,0,7,91,1,99,20,6,26,125
08/28/2023,JKA,AL,ASO,ES,Federal Contract Tower,0,4,33,2,39,0,4,56,4,64,0,8,89,6,103,188,0,188,291
08/29/2023,JKA,AL,ASO,ES,Federal Contract Tower,0,1,13,3,17,0,2,48,3,53,0,3,61,6,70,182,0,182,252
08/30/2023,JKA,AL,ASO,ES,Federal Contract Tower,0,1,25,14,40,0,4,66,9,79,0,5,91,23,119,184,6,190,309
08/31/2023,JKA,AL,ASO,ES,Federal Contract Tower,0,4,51,3,58,0,0,73,2,75,0,4,124,5,133,126,0,126,259
