01/01/2000,JNU,AK,AAL,WE,Towers with Display (VFR),11,4,1,0,16,4,12,26,0,42,15,16,27,0,58,58,0,58,116
01/02/2000,JNU,AK,AAL,WE,Towers with Display (VFR),16,6,3,0,25,3,126,39,0,168,19,132,42,0,193,74,0,74,267
01/03/2000,JNU,AK,AAL,WE,Towers with Display (VFR),15,6,3,1,25,5,99,13,2,119,20,105,16,3,144,0,14,14,158
01/04/2000,JNU,AK,AAL,WE,Towers with Display (VFR),18,8,4,1,31,0,88,11,2,101,18,96,15,3,132,54,0,54,186
01/05/2000,JNU,AK,AAL,WE,Towers with Display (VFR),21,7,4,0,32,4,37,1,0,42,25,44,5,0,74,6,0,6,80
01/06/2000,JNU,AK,AAL,WE,Towers with Display (VFR),23,8,3,1,35,1,106,16,1,124,24,114,19,2,159,10,0,10,169
01/07/2000,JNU,AK,AAL,WE,Towers with Display (VFR),17,7,3,1,28,0,101,10,1,112,17,108,13,2,140,24,0,24,164
01/08/2000,JNU,AK,AAL,WE,Towers with Display (VFR),17,5,3,1,26,0,27,20,0,47,17,32,23,1,73,82,0,82,155
01/09/2000,JNU,AK,AAL,WE,Towers with Display (VFR),15,5,3,0,23,8,82,34,0,124,23,87,37,0,147,96,0,96,243
01/10/2000,JNU,AK,AAL,WE,Towers with Display (VFR),17,6,3,1,27,5,131,14,1,151,22,137,17,2,178,46,0,46,224
01/11/2000,JNU,AK,AAL,WE,Towers with Display (VFR),22,9,3,1,35,0,128,25,0,153,22,137,28,1,188,48,0,48,236
01/12/2000,JNU,AK,AAL,WE,Towers with Display (VFR),15,6,2,1,24,5,127,11,1,144,20,133,13,2,168,70,0,70,238
01/13/2000,JNU,AK,AAL,WE,Towers with Display (VFR),21,7,2,1,31,3,113,14,0,130,24,120,16,1,161,32,0,32,193
01/14/2000,JNU,AK,AAL,WE,Towers with Display (VFR),18,5,2,0,25,0,138,53,0,191,18,143,55,0,216,6,0,6,222
01/15/2000,JNU,AK,AAL,WE,Towers with Display (VFR),19,7,2,0,28,0,70,40,0,110,19,77,42,0,138,124,0,124,262
01/16/2000,JNU,AK,AAL,WE,Towers with Display (VFR),18,6,2,0,26,6,84,39,0,129,24,90,41,0,155,160,0,160,315
01/17/2000,JNU,AK,AAL,WE,Towers with Display (VFR),15,6,0,0,21,7,128,29,0,164,22,134,29,0,185,74,0,74,259
01/18/2000,JNU,AK,AAL,WE,Towers with Display (VFR),22,8,2,0,32,1,14,4,0,19,23,22,6,0,51,0,0,0,51
01/19/2000,JNU,AK,AAL,WE,Towers with Display (VFR),21,6,2,0,29,0,0,2,0,2,21,6,4,0,31,0,0,0,31
01/20/2000,JNU,AK,AAL,WE,Towers with Display (VFR),18,8,2,0,28,0,12,14,0,26,18,20,16,0,54,4,0,4,58
01/21/2000,JNU,AK,AAL,WE,Towers with Display (VFR),21,26,8,1,56,0,124,8,1,133,21,150,16,2,189,30,0,30,219
01/22/2000,JNU,AK,AAL,WE,Towers with Display (VFR),19,7,2,0,28,4,81,1,0,86,23,88,3,0,114,8,0,8,122
01/23/2000,JNU,AK,AAL,WE,Towers with Display (VFR),22,8,2,0,32,4,64,21,0,89,26,72,23,0,121,94,0,94,215
01/24/2000,JNU,AK,AAL,WE,Towers with Display (VFR),19,7,2,0,28,2,107,13,0,122,21,114,15,0,150,34,0,34,184
01/25/2000,JNU,AK,AAL,WE,Towers with Display (VFR),15,6,1,0,22,0,127,13,5,145,15,133,14,5,167,32,0,32,199
01/26/2000,JNU,AK,AAL,WE,Towers with Display (VFR),22,10,3,0,35,0,36,23,3,62,22,46,26,3,97,0,0,0,97
01/27/2000,JNU,AK,AAL,WE,Towers with Display (VFR),16,7,2,0,25,0,0,6,0,6,16,7,8,0,31,14,0,14,45
01/28/2000,JNU,AK,AAL,WE,Towers with Display (VFR),19,7,2,0,28,4,106,19,3,132,23,113,21,3,160,48,0,48,208
01/29/2000,JNU,AK,AAL,WE,Towers with Display (VFR),21,8,2,0,31,0,92,10,0,102,21,100,12,0,133,20,0,20,153
01/30/2000,JNU,AK,AAL,WE,Towers with Display (VFR),20,7,2,0,29,4,68,40,0,112,24,75,42,0,141,58,0,58,199
01/31/2000,JNU,AK,AAL,WE,Towers with Display (VFR),22,8,2,0,32,3,94,13,0,110,25,102,15,0,142,16,0,16,158
02/01/2000,JNU,AK,AAL,WE,Towers with Display (VFR),16,4,3,0,23,3,143,30,5,181,19,147,33,5,204,61,0,61,265
02/02/2000,JNU,AK,AAL,WE,Towers with Display (VFR),20,4,3,0,27,0,166,26,2,194,20,170,29,2,221,54,0,54,275
02/03/2000,JNU,AK,AAL,WE,Towers with Display (VFR),16,4,2,1,23,0,201,63,2,266,16,205,65,3,289,90,0,90,379
02/04/2000,JNU,AK,AAL,WE,Towers with Display (VFR),19,5,3,0,27,0,113,35,0,148,19,118,38,0,175,42,0,42,217
02/05/2000,JNU,AK,AAL,WE,Towers with Display (VFR),17,4,3,0,24,2,107,47,0,156,19,111,50,0,180,96,0,96,276
02/06/2000,JNU,AK,AAL,WE,Towers with Display (VFR),14,4,1,1,20,5,83,53,1,142,19,87,54,2,162,98,0,98,260
02/07/2000,JNU,AK,AAL,WE,Towers with Display (VFR),17,5,3,1,26,0,139,20,5,164,17,144,23,6,190,18,0,18,208
02/08/2000,JNU,AK,AAL,WE,Towers with Display (VFR),22,6,3,1,32,1,113,41,2,157,23,119,44,3,189,74,0,74,263
02/09/2000,JNU,AK,AAL,WE,Towers with Display (VFR),18,5,2,1,26,1,133,35,0,169,19,138,37,1,195,56,0,56,251
02/10/2000,JNU,AK,AAL,WE,Towers with Display (VFR),17,4,2,1,24,5,152,33,0,190,22,156,35,1,214,30,0,30,244
02/11/2000,JNU,AK,AAL,WE,Towers with Display (VFR),18,5,2,1,26,4,154,53,1,212,22,159,55,2,238,58,0,58,296
02/12/2000,JNU,AK,AAL,WE,Towers with Display (VFR),15,4,2,0,21,5,116,51,0,172,20,120,53,0,193,76,0,76,269
02/13/2000,JNU,AK,AAL,WE,Towers with Display (VFR),15,4,2,0,21,4,93,96,0,193,19,97,98,0,214,104,0,104,318
02/14/2000,JNU,AK,AAL,WE,Towers with Display (VFR),17,4,2,1,24,3,124,42,0,169,20,128,44,1,193,24,2,26,219
02/15/2000,JNU,AK,AAL,WE,Towers with Display (VFR),19,5,2,1,27,3,141,24,2,170,22,146,26,3,197,28,0,28,225
02/16/2000,JNU,AK,AAL,WE,Towers with Display (VFR),19,5,3,0,27,0,116,8,0,124,19,121,11,0,151,0,0,0,151
02/17/2000,JNU,AK,AAL,WE,Towers with Display (VFR),21,6,3,1,31,0,94,7,4,105,21,100,10,5,136,0,0,0,136
02/18/2000,JNU,AK,AAL,WE,Towers with Display (VFR),19,5,3,0,27,0,140,27,0,167,19,145,30,0,194,14,0,14,208
02/19/2000,JNU,AK,AAL,WE,Towers with Display (VFR),14,4,2,0,20,0,77,17,0,94,14,81,19,0,114,8,0,8,122
02/20/2000,JNU,AK,AAL,WE,Towers with Display (VFR),17,3,2,0,22,4,115,55,0,174,21,118,57,0,196,160,0,160,356
02/21/2000,JNU,AK,AAL,WE,Towers with Display (VFR),21,5,2,1,29,1,84,27,0,112,22,89,29,1,141,66,0,66,207
02/22/2000,JNU,AK,AAL,WE,Towers with Display (VFR),20,6,2,0,28,0,182,28,5,215,20,188,30,5,243,46,0,46,289
02/23/2000,JNU,AK,AAL,WE,Towers with Display (VFR),19,5,2,0,26,0,148,28,0,176,19,153,30,0,202,28,0,28,230
02/24/2000,JNU,AK,AAL,WE,Towers with Display (VFR),19,5,2,0,26,0,154,15,5,174,19,159,17,5,200,16,0,16,216
02/25/2000,JNU,AK,AAL,WE,Towers with Display (VFR),21,6,3,0,30,0,109,14,2,125,21,115,17,2,155,0,0,0,155
02/26/2000,JNU,AK,AAL,WE,Towers with Display (VFR),18,5,3,0,26,0,103,45,8,156,18,108,48,8,182,74,0,74,256
02/27/2000,JNU,AK,AAL,WE,Towers with Display (VFR),25,7,4,0,36,0,110,83,4,197,25,117,87,4,233,42,0,42,275
02/28/2000,JNU,AK,AAL,WE,Towers with Display (VFR),16,4,2,0,22,0,127,40,5,172,16,131,42,5,194,14,0,14,208
02/29/2000,JNU,AK,AAL,WE,Towers with Display (VFR),16,5,2,0,23,0,89,15,2,106,16,94,17,2,129,18,0,18,147
03/01/2000,JNU,AK,AAL,WE,Towers with Display (VFR),20,7,3,0,30,0,118,36,0,154,20,125,39,0,184,28,0,28,212
03/02/2000,JNU,AK,AAL,WE,Towers with Display (VFR),19,4,3,0,26,2,148,14,0,164,21,152,17,0,190,4,0,4,194
03/03/2000,JNU,AK,AAL,WE,Towers with Display (VFR),21,5,3,0,29,0,133,16,0,149,21,138,19,0,178,14,0,14,192
03/04/2000,JNU,AK,AAL,WE,Towers with Display (VFR),22,6,3,0,31,0,91,48,2,141,22,97,51,2,172,84,0,84,256
03/05/2000,JNU,AK,AAL,WE,Towers with Display (VFR),21,4,3,0,28,3,120,56,4,183,24,124,59,4,211,30,4,34,245
03/06/2000,JNU,AK,AAL,WE,Towers with Display (VFR),18,4,2,0,24,2,155,38,0,195,20,159,40,0,219,36,0,36,255
03/07/2000,JNU,AK,AAL,WE,Towers with Display (VFR),22,5,3,0,30,0,195,74,0,269,22,200,77,0,299,56,0,56,355
03/08/2000,JNU,AK,AAL,WE,Towers with Display (VFR),24,7,3,0,34,2,176,45,0,223,26,183,48,0,257,94,0,94,351
03/09/2000,JNU,AK,AAL,WE,Towers with Display (VFR),17,5,3,0,25,2,158,66,0,226,19,163,69,0,251,74,0,74,325
03/10/2000,JNU,AK,AAL,WE,Towers with Display (VFR),16,5,2,0,23,5,180,75,3,263,21,185,77,3,286,72,0,72,358
03/11/2000,JNU,AK,AAL,WE,Towers with Display (VFR),21,6,2,1,30,1,107,40,1,149,22,113,42,2,179,52,0,52,231
03/12/2000,JNU,AK,AAL,WE,Towers with Display (VFR),17,5,2,0,24,6,123,43,0,172,23,128,45,0,196,66,0,66,262
03/13/2000,JNU,AK,AAL,WE,Towers with Display (VFR),18,5,2,1,26,4,144,27,3,178,22,149,29,4,204,16,0,16,220
03/14/2000,JNU,AK,AAL,WE,Towers with Display (VFR),19,6,2,1,28,0,143,25,3,171,19,149,27,4,199,0,0,0,199
03/15/2000,JNU,AK,AAL,WE,Towers with Display (VFR),17,5,2,1,25,2,133,11,4,150,19,138,13,5,175,8,0,8,183
03/16/2000,JNU,AK,AAL,WE,Towers with Display (VFR),21,8,3,1,33,0,173,39,5,217,21,181,42,6,250,10,0,10,260
03/17/2000,JNU,AK,AAL,WE,Towers with Display (VFR),21,6,2,1,30,0,159,21,1,181,21,165,23,2,211,10,0,10,221
03/18/2000,JNU,AK,AAL,WE,Towers with Display (VFR),17,5,2,1,25,1,117,45,0,163,18,122,47,1,188,64,0,64,252
03/19/2000,JNU,AK,AAL,WE,Towers with Display (VFR),19,5,2,1,27,2,96,39,31,168,21,101,41,32,195,90,0,90,285
03/20/2000,JNU,AK,AAL,WE,Towers with Display (VFR),19,5,2,0,26,1,134,14,0,149,20,139,16,0,175,6,0,6,181
03/21/2000,JNU,AK,AAL,WE,Towers with Display (VFR),21,5,2,1,29,0,191,13,5,209,21,196,15,6,238,28,0,28,266
03/22/2000,JNU,AK,AAL,WE,Towers with Display (VFR),21,6,2,1,30,0,142,20,5,167,21,148,22,6,197,0,22,22,219
03/23/2000,JNU,AK,AAL,WE,Towers with Display (VFR),18,4,2,1,25,4,171,28,3,206,22,175,30,4,231,30,0,30,261
03/24/2000,JNU,AK,AAL,WE,Towers with Display (VFR),23,5,2,1,31,0,143,16,2,161,23,148,18,3,192,24,0,24,216
03/25/2000,JNU,AK,AAL,WE,Towers with Display (VFR),20,5,2,1,28,0,113,24,0,137,20,118,26,1,165,36,0,36,201
03/26/2000,JNU,AK,AAL,WE,Towers with Display (VFR),19,5,2,1,27,0,100,11,0,111,19,105,13,1,138,32,0,32,170
03/27/2000,JNU,AK,AAL,WE,Towers with Display (VFR),23,5,2,1,31,0,131,15,3,149,23,136,17,4,180,0,0,0,180
03/28/2000,JNU,AK,AAL,WE,Towers with Display (VFR),22,6,2,0,30,0,161,17,2,180,22,167,19,2,210,20,0,20,230
03/29/2000,JNU,AK,AAL,WE,Towers with Display (VFR),19,5,2,0,26,0,109,14,4,127,19,114,16,4,153,8,0,8,161
03/30/2000,JNU,AK,AAL,WE,Towers with Display (VFR),17,5,2,0,24,0,195,39,0,234,17,200,41,0,258,52,0,52,310
03/31/2000,JNU,AK,AAL,WE,Towers with Display (VFR),13,4,1,0,18,0,129,14,0,143,13,133,15,0,161,8,0,8,169
04/01/2000,JNU,AK,AAL,WE,Towers with Display (VFR),18,5,3,1,27,1,138,73,1,213,19,143,76,2,240,104,0,104,344
04/02/2000,JNU,AK,AAL,WE,Towers with Display (VFR),21,5,3,0,29,0,109,13,0,122,21,114,16,0,151,12,0,12,163
04/03/2000,JNU,AK,AAL,WE,Towers with Display (VFR),20,4,3,1,28,1,184,44,1,230,21,188,47,2,258,74,0,74,332
04/04/2000,JNU,AK,AAL,WE,Towers with Display (VFR),19,5,3,1,28,0,145,35,4,184,19,150,38,5,212,36,0,36,248
04/05/2000,JNU,AK,AAL,WE,Towers with Display (VFR),18,5,2,0,25,1,159,25,0,185,19,164,27,0,210,36,0,36,246
04/06/2000,JNU,AK,AAL,WE,Towers with Display (VFR),20,7,4,1,32,0,159,34,1,194,20,166,38,2,226,14,0,14,240
04/07/2000,JNU,AK,AAL,WE,Towers with Display (VFR),16,7,4,1,28,0,15,3,3,21,16,22,7,4,49,0,0,0,49
04/08/2000,JNU,AK,AAL,WE,Towers with Display (VFR),19,5,3,1,28,1,200,76,1,278,20,205,79,2,306,126,0,126,432
04/09/2000,JNU,AK,AAL,WE,Towers with Display (VFR),17,5,2,1,25,5,158,59,2,224,22,163,61,3,249,94,0,94,343
04/10/2000,JNU,AK,AAL,WE,Towers with Display (VFR),15,4,2,0,21,6,216,54,0,276,21,220,56,0,297,60,0,60,357
04/11/2000,JNU,AK,AAL,WE,Towers with Display (VFR),18,5,2,1,26,2,159,26,0,187,20,164,28,1,213,12,0,12,225
04/12/2000,JNU,AK,AAL,WE,Towers with Display (VFR),21,7,2,2,32,0,203,80,0,283,21,210,82,2,315,24,0,24,339
04/13/2000,JNU,AK,AAL,WE,Towers with Display (VFR),18,5,1,2,26,0,231,36,0,267,18,236,37,2,293,66,0,66,359
04/14/2000,JNU,AK,AAL,WE,Towers with Display (VFR),18,5,2,2,27,2,272,71,6,351,20,277,73,8,378,58,0,58,436
04/15/2000,JNU,AK,AAL,WE,Towers with Display (VFR),20,5,2,2,29,0,185,109,0,294,20,190,111,2,323,66,0,66,389
04/16/2000,JNU,AK,AAL,WE,Towers with Display (VFR),16,4,1,0,21,6,168,87,0,261,22,172,88,0,282,124,0,124,406
04/17/2000,JNU,AK,AAL,WE,Towers with Display (VFR),19,5,2,1,27,3,213,25,0,241,22,218,27,1,268,36,0,36,304
04/18/2000,JNU,AK,AAL,WE,Towers with Display (VFR),19,5,2,0,26,0,199,20,0,219,19,204,22,0,245,16,0,16,261
04/19/2000,JNU,AK,AAL,WE,Towers with Display (VFR),20,5,2,1,28,0,217,29,0,246,20,222,31,1,274,36,0,36,310
04/20/2000,JNU,AK,AAL,WE,Towers with Display (VFR),17,4,1,1,23,1,161,6,0,168,18,165,7,1,191,24,0,24,215
04/21/2000,JNU,AK,AAL,WE,Towers with Display (VFR),20,5,2,1,28,0,282,31,0,313,20,287,33,1,341,34,0,34,375
04/22/2000,JNU,AK,AAL,WE,Towers with Display (VFR),21,5,2,2,30,0,146,56,9,211,21,151,58,11,241,106,0,106,347
04/23/2000,JNU,AK,AAL,WE,Towers with Display (VFR),20,5,2,0,27,4,138,86,0,228,24,143,88,0,255,76,0,76,331
04/24/2000,JNU,AK,AAL,WE,Towers with Display (VFR),16,4,1,1,22,4,234,28,0,266,20,238,29,1,288,132,0,132,420
04/25/2000,JNU,AK,AAL,WE,Towers with Display (VFR),16,4,1,0,21,4,297,73,0,374,20,301,74,0,395,188,0,188,583
04/26/2000,JNU,AK,AAL,WE,Towers with Display (VFR),17,5,1,1,24,1,204,29,4,238,18,209,30,5,262,102,10,112,374
04/27/2000,JNU,AK,AAL,WE,Towers with Display (VFR),21,5,2,1,29,0,234,53,28,315,21,239,55,29,344,66,8,74,418
04/28/2000,JNU,AK,AAL,WE,Towers with Display (VFR),17,5,2,1,25,0,304,90,21,415,17,309,92,22,440,38,6,44,484
04/29/2000,JNU,AK,AAL,WE,Towers with Display (VFR),18,5,2,1,26,0,146,53,9,208,18,151,55,10,234,62,0,62,296
04/30/2000,JNU,AK,AAL,WE,Towers with Display (VFR),25,9,3,2,39,0,197,51,15,263,25,206,54,17,302,56,10,66,368
05/01/2000,JNU,AK,AAL,WE,Towers with Display (VFR),24,5,4,0,33,2,251,34,8,295,26,256,38,8,328,36,2,38,366
05/02/2000,JNU,AK,AAL,WE,Towers with Display (VFR),26,5,3,0,34,0,290,77,4,371,26,295,80,4,405,208,0,208,613
05/03/2000,JNU,AK,AAL,WE,Towers with Display (VFR),23,4,3,0,30,0,275,51,6,332,23,279,54,6,362,114,2,116,478
05/04/2000,JNU,AK,AAL,WE,Towers with Display (VFR),24,4,3,0,31,0,268,91,4,363,24,272,94,4,394,126,0,126,520
05/05/2000,JNU,AK,AAL,WE,Towers with Display (VFR),20,3,3,0,26,2,277,83,8,370,22,280,86,8,396,50,0,50,446
05/06/2000,JNU,AK,AAL,WE,Towers with Display (VFR),22,4,3,0,29,0,325,96,2,423,22,329,99,2,452,72,0,72,524
05/07/2000,JNU,AK,AAL,WE,Towers with Display (VFR),20,3,2,1,26,2,273,73,2,350,22,276,75,3,376,56,0,56,432
05/08/2000,JNU,AK,AAL,WE,Towers with Display (VFR),20,4,2,1,27,0,365,73,7,445,20,369,75,8,472,32,0,32,504
05/09/2000,JNU,AK,AAL,WE,Towers with Display (VFR),18,3,1,1,23,3,411,86,2,502,21,414,87,3,525,54,0,54,579
05/10/2000,JNU,AK,AAL,WE,Towers with Display (VFR),24,6,2,1,33,0,494,81,5,580,24,500,83,6,613,75,0,75,688
05/11/2000,JNU,AK,AAL,WE,Towers with Display (VFR),19,4,2,1,26,2,410,91,7,510,21,414,93,8,536,62,0,62,598
05/12/2000,JNU,AK,AAL,WE,Towers with Display (VFR),17,4,1,0,22,4,430,85,0,519,21,434,86,0,541,40,0,40,581
05/13/2000,JNU,AK,AAL,WE,Towers with Display (VFR),18,4,2,0,24,1,245,73,0,319,19,249,75,0,343,20,0,20,363
05/14/2000,JNU,AK,AAL,WE,Towers with Display (VFR),21,5,2,0,28,3,312,31,0,346,24,317,33,0,374,24,0,24,398
05/15/2000,JNU,AK,AAL,WE,Towers with Display (VFR),20,4,2,1,27,2,442,58,2,504,22,446,60,3,531,84,2,86,617
05/16/2000,JNU,AK,AAL,WE,Towers with Display (VFR),24,5,3,0,32,0,413,46,0,459,24,418,49,0,491,18,0,18,509
05/17/2000,JNU,AK,AAL,WE,Towers with Display (VFR),23,6,3,0,32,0,392,36,0,428,23,398,39,0,460,36,0,36,496
05/18/2000,JNU,AK,AAL,WE,Towers with Display (VFR),23,5,3,1,32,0,352,53,5,410,23,357,56,6,442,16,0,16,458
05/19/2000,JNU,AK,AAL,WE,Towers with Display (VFR),24,6,3,1,34,0,325,53,0,378,24,331,56,1,412,36,0,36,448
05/20/2000,JNU,AK,AAL,WE,Towers with Display (VFR),22,5,3,0,30,0,298,88,0,386,22,303,91,0,416,76,0,76,492
05/21/2000,JNU,AK,AAL,WE,Towers with Display (VFR),25,5,2,0,32,0,424,60,0,484,25,429,62,0,516,86,0,86,602
05/22/2000,JNU,AK,AAL,WE,Towers with Display (VFR),25,5,3,1,34,0,317,35,7,359,25,322,38,8,393,48,0,48,441
05/23/2000,JNU,AK,AAL,WE,Towers with Display (VFR),25,5,2,1,33,0,479,30,3,512,25,484,32,4,545,24,0,24,569
05/24/2000,JNU,AK,AAL,WE,Towers with Display (VFR),25,4,3,0,32,0,569,61,0,630,25,573,64,0,662,52,0,52,714
05/25/2000,JNU,AK,AAL,WE,Towers with Display (VFR),25,5,3,1,34,0,519,103,2,624,25,524,106,3,658,94,0,94,752
05/26/2000,JNU,AK,AAL,WE,Towers with Display (VFR),23,5,2,0,30,7,647,106,1,761,30,652,108,1,791,40,0,40,831
05/27/2000,JNU,AK,AAL,WE,Towers with Display (VFR),24,5,2,0,31,0,419,98,0,517,24,424,100,0,548,26,8,34,582
05/28/2000,JNU,AK,AAL,WE,Towers with Display (VFR),21,4,2,0,27,6,430,62,0,498,27,434,64,0,525,112,0,112,637
05/29/2000,JNU,AK,AAL,WE,Towers with Display (VFR),20,4,2,0,26,3,478,55,0,536,23,482,57,0,562,60,0,60,622
05/30/2000,JNU,AK,AAL,WE,Towers with Display (VFR),23,5,2,0,30,0,635,69,2,706,23,640,71,2,736,34,0,34,770
05/31/2000,JNU,AK,AAL,WE,Towers with Display (VFR),22,5,2,0,29,2,660,95,4,761,24,665,97,4,790,92,0,92,882
06/01/2000,JNU,AK,AAL,WE,Towers with Display (VFR),11,3,2,0,16,11,599,100,6,716,22,602,102,6,732,46,0,46,778
06/02/2000,JNU,AK,AAL,WE,Towers with Display (VFR),13,3,4,0,20,9,550,94,2,655,22,553,98,2,675,90,0,90,765
06/03/2000,JNU,AK,AAL,WE,Towers with Display (VFR),22,5,5,0,32,3,360,118,2,483,25,365,123,2,515,50,0,50,565
06/04/2000,JNU,AK,AAL,WE,Towers with Display (VFR),22,5,4,0,31,6,542,97,5,650,28,547,101,5,681,34,0,34,715
06/05/2000,JNU,AK,AAL,WE,Towers with Display (VFR),22,5,5,0,32,4,591,68,2,665,26,596,73,2,697,86,0,86,783
06/06/2000,JNU,AK,AAL,WE,Towers with Display (VFR),23,8,5,1,37,0,61,12,1,74,23,69,17,2,111,6,0,6,117
06/07/2000,JNU,AK,AAL,WE,Towers with Display (VFR),27,6,5,0,38,0,348,44,0,392,27,354,49,0,430,40,0,40,470
06/08/2000,JNU,AK,AAL,WE,Towers with Display (VFR),23,4,3,1,31,0,784,87,2,873,23,788,90,3,904,36,0,36,940
06/09/2000,JNU,AK,AAL,WE,Towers with Display (VFR),19,3,3,1,26,2,611,63,0,676,21,614,66,1,702,16,0,16,718
06/10/2000,JNU,AK,AAL,WE,Towers with Display (VFR),22,4,4,0,30,0,423,120,0,543,22,427,124,0,573,74,0,74,647
06/11/2000,JNU,AK,AAL,WE,Towers with Display (VFR),23,5,3,0,31,11,502,76,0,589,34,507,79,0,620,46,0,46,666
06/12/2000,JNU,AK,AAL,WE,Towers with Display (VFR),23,5,2,1,31,6,589,96,4,695,29,594,98,5,726,46,0,46,772
06/13/2000,JNU,AK,AAL,WE,Towers with Display (VFR),28,5,3,1,37,0,649,37,1,687,28,654,40,2,724,14,2,16,740
06/14/2000,JNU,AK,AAL,WE,Towers with Display (VFR),23,5,3,1,32,0,639,44,0,683,23,644,47,1,715,6,0,6,721
06/15/2000,JNU,AK,AAL,WE,Towers with Display (VFR),29,5,4,1,39,0,690,67,1,758,29,695,71,2,797,34,0,34,831
06/16/2000,JNU,AK,AAL,WE,Towers with Display (VFR),29,7,3,0,39,0,460,31,0,491,29,467,34,0,530,4,0,4,534
06/17/2000,JNU,AK,AAL,WE,Towers with Display (VFR),31,8,5,0,44,0,254,60,0,314,31,262,65,0,358,14,0,14,372
06/18/2000,JNU,AK,AAL,WE,Towers with Display (VFR),29,6,3,0,38,3,447,67,0,517,32,453,70,0,555,36,0,36,591
06/19/2000,JNU,AK,AAL,WE,Towers with Display (VFR),28,6,3,0,37,3,496,33,0,532,31,502,36,0,569,24,0,24,593
06/20/2000,JNU,AK,AAL,WE,Towers with Display (VFR),28,7,3,0,38,0,505,39,4,548,28,512,42,4,586,8,0,8,594
06/21/2000,JNU,AK,AAL,WE,Towers with Display (VFR),28,6,3,0,37,0,565,47,2,614,28,571,50,2,651,56,0,56,707
06/22/2000,JNU,AK,AAL,WE,Towers with Display (VFR),25,5,3,0,33,6,909,129,6,1050,31,914,132,6,1083,42,0,42,1125
06/23/2000,JNU,AK,AAL,WE,Towers with Display (VFR),24,5,2,0,31,6,747,124,0,877,30,752,126,0,908,68,0,68,976
06/24/2000,JNU,AK,AAL,WE,Towers with Display (VFR),32,6,4,0,42,0,575,131,0,706,32,581,135,0,748,52,0,52,800
06/25/2000,JNU,AK,AAL,WE,Towers with Display (VFR),33,6,4,0,43,3,582,138,2,725,36,588,142,2,768,76,0,76,844
06/26/2000,JNU,AK,AAL,WE,Towers with Display (VFR),32,6,4,0,42,0,588,75,0,663,32,594,79,0,705,72,0,72,777
06/27/2000,JNU,AK,AAL,WE,Towers with Display (VFR),28,6,3,0,37,4,662,72,2,740,32,668,75,2,777,66,0,66,843
06/28/2000,JNU,AK,AAL,WE,Towers with Display (VFR),30,6,4,0,40,0,730,53,1,784,30,736,57,1,824,16,0,16,840
06/29/2000,JNU,AK,AAL,WE,Towers with Display (VFR),30,6,3,0,39,1,817,69,3,890,31,823,72,3,929,58,0,58,987
06/30/2000,JNU,AK,AAL,WE,Towers with Display (VFR),35,9,5,0,49,0,695,75,8,778,35,704,80,8,827,40,0,40,867
07/01/2000,JNU,AK,AAL,WE,Towers with Display (VFR),33,9,5,0,47,7,423,114,1,545,40,432,119,1,592,40,0,40,632
07/02/2000,JNU,AK,AAL,WE,Towers with Display (VFR),14,3,3,0,20,8,550,95,2,655,22,553,98,2,675,90,0,90,765
07/03/2000,JNU,AK,AAL,WE,Towers with Display (VFR),22,6,4,0,32,3,359,119,2,483,25,365,123,2,515,50,0,50,565
07/04/2000,JNU,AK,AAL,WE,Towers with Display (VFR),21,6,4,0,31,7,541,97,5,650,28,547,101,5,681,34,0,34,715
07/05/2000,JNU,AK,AAL,WE,Towers with Display (VFR),22,6,4,0,32,4,590,69,2,665,26,596,73,2,697,86,0,86,783
07/06/2000,JNU,AK,AAL,WE,Towers with Display (VFR),33,9,6,0,48,0,711,59,2,772,33,720,65,2,820,42,0,42,862
07/07/2000,JNU,AK,AAL,WE,Towers with Display (VFR),28,7,5,0,40,9,745,82,0,836,37,752,87,0,876,40,0,40,916
07/08/2000,JNU,AK,AAL,WE,Towers with Display (VFR),33,9,5,0,47,5,611,140,1,757,38,620,145,1,804,28,0,28,832
07/09/2000,JNU,AK,AAL,WE,Towers with Display (VFR),27,7,5,0,39,11,569,114,0,694,38,576,119,0,733,88,0,88,821
07/10/2000,JNU,AK,AAL,WE,Towers with Display (VFR),32,9,5,0,46,3,554,48,4,609,35,563,53,4,655,34,0,34,689
07/11/2000,JNU,AK,AAL,WE,Towers with Display (VFR),29,9,5,0,43,0,598,50,5,653,29,607,55,5,696,20,0,20,716
07/12/2000,JNU,AK,AAL,WE,Towers with Display (VFR),39,11,7,0,57,0,798,82,1,881,39,809,89,1,938,160,0,160,1098
07/13/2000,JNU,AK,AAL,WE,Towers with Display (VFR),31,9,4,1,45,6,898,101,1,1006,37,907,105,2,1051,58,0,58,1109
07/14/2000,JNU,AK,AAL,WE,Towers with Display (VFR),28,7,4,1,40,2,662,91,3,758,30,669,95,4,798,22,0,22,820
07/15/2000,JNU,AK,AAL,WE,Towers with Display (VFR),32,10,5,0,47,0,314,77,0,391,32,324,82,0,438,106,0,106,544
07/16/2000,JNU,AK,AAL,WE,Towers with Display (VFR),30,8,4,1,43,4,637,93,1,735,34,645,97,2,778,136,0,136,914
07/17/2000,JNU,AK,AAL,WE,Towers with Display (VFR),24,9,5,1,39,0,218,25,1,244,24,227,30,2,283,12,0,12,295
07/18/2000,JNU,AK,AAL,WE,Towers with Display (VFR),29,9,4,1,43,0,398,56,4,458,29,407,60,5,501,84,0,84,585
07/19/2000,JNU,AK,AAL,WE,Towers with Display (VFR),27,14,9,0,50,0,37,10,0,47,27,51,19,0,97,10,0,10,107
07/20/2000,JNU,AK,AAL,WE,Towers with Display (VFR),29,6,4,0,39,5,812,80,0,897,34,818,84,0,936,40,0,40,976
07/21/2000,JNU,AK,AAL,WE,Towers with Display (VFR),31,7,5,1,44,0,747,87,4,838,31,754,92,5,882,26,0,26,908
07/22/2000,JNU,AK,AAL,WE,Towers with Display (VFR),31,7,4,1,43,4,460,52,0,516,35,467,56,1,559,26,0,26,585
07/23/2000,JNU,AK,AAL,WE,Towers with Display (VFR),34,9,5,0,48,0,253,45,0,298,34,262,50,0,346,12,0,12,358
07/24/2000,JNU,AK,AAL,WE,Towers with Display (VFR),32,8,4,1,45,5,327,50,1,383,37,335,54,2,428,66,0,66,494
07/25/2000,JNU,AK,AAL,WE,Towers with Display (VFR),31,8,5,1,45,0,415,40,1,456,31,423,45,2,501,28,0,28,529
07/26/2000,JNU,AK,AAL,WE,Towers with Display (VFR),31,8,5,0,44,0,696,60,4,760,31,704,65,4,804,82,0,82,886
07/27/2000,JNU,AK,AAL,WE,Towers with Display (VFR),29,8,4,0,41,0,736,52,1,789,29,744,56,1,830,68,0,68,898
07/28/2000,JNU,AK,AAL,WE,Towers with Display (VFR),34,9,5,0,48,0,448,35,4,487,34,457,40,4,535,12,0,12,547
07/29/2000,JNU,AK,AAL,WE,Towers with Display (VFR),29,8,4,0,41,5,331,80,0,416,34,339,84,0,457,66,0,66,523
07/30/2000,JNU,AK,AAL,WE,Towers with Display (VFR),31,8,4,0,43,5,706,83,4,798,36,714,87,4,841,10,0,10,851
07/31/2000,JNU,AK,AAL,WE,Towers with Display (VFR),31,8,4,0,43,3,761,44,0,808,34,769,48,0,851,30,0,30,881
08/01/2000,JNU,AK,AAL,WE,Towers with Display (VFR),30,6,6,0,42,0,666,68,1,735,30,672,74,1,777,36,0,36,813
08/02/2000,JNU,AK,AAL,WE,Towers with Display (VFR),26,4,5,0,35,3,908,105,3,1019,29,912,110,3,1054,14,0,14,1068
08/03/2000,JNU,AK,AAL,WE,Towers with Display (VFR),35,6,7,0,48,0,815,72,4,891,35,821,79,4,939,16,0,16,955
08/04/2000,JNU,AK,AAL,WE,Towers with Display (VFR),31,5,7,0,43,0,540,81,4,625,31,545,88,4,668,12,0,12,680
08/05/2000,JNU,AK,AAL,WE,Towers with Display (VFR),32,5,6,0,43,4,453,71,2,530,36,458,77,2,573,24,0,24,597
08/06/2000,JNU,AK,AAL,WE,Towers with Display (VFR),35,6,6,0,47,3,693,118,1,815,38,699,124,1,862,50,0,50,912
08/07/2000,JNU,AK,AAL,WE,Towers with Display (VFR),29,5,5,0,39,1,654,81,1,737,30,659,86,1,776,34,0,34,810
08/08/2000,JNU,AK,AAL,WE,Towers with Display (VFR),35,6,7,0,48,0,425,23,4,452,35,431,30,4,500,0,0,0,500
08/09/2000,JNU,AK,AAL,WE,Towers with Display (VFR),30,5,5,1,41,4,833,74,0,911,34,838,79,1,952,58,0,58,1010
08/10/2000,JNU,AK,AAL,WE,Towers with Display (VFR),33,6,6,1,46,0,904,82,1,987,33,910,88,2,1033,20,0,20,1053
08/11/2000,JNU,AK,AAL,WE,Towers with Display (VFR),31,5,5,1,42,0,731,127,5,863,31,736,132,6,905,80,0,80,985
08/12/2000,JNU,AK,AAL,WE,Towers with Display (VFR),33,7,5,1,46,3,414,102,3,522,36,421,107,4,568,18,0,18,586
08/13/2000,JNU,AK,AAL,WE,Towers with Display (VFR),33,7,5,1,46,6,659,108,4,777,39,666,113,5,823,12,0,12,835
08/14/2000,JNU,AK,AAL,WE,Towers with Display (VFR),31,6,6,0,43,1,443,30,0,474,32,449,36,0,517,20,0,20,537
08/15/2000,JNU,AK,AAL,WE,Towers with Display (VFR),34,7,6,0,47,0,477,21,0,498,34,484,27,0,545,40,0,40,585
08/16/2000,JNU,AK,AAL,WE,Towers with Display (VFR),33,7,6,0,46,0,783,97,0,880,33,790,103,0,926,52,0,52,978
08/17/2000,JNU,AK,AAL,WE,Towers with Display (VFR),31,7,6,0,44,0,983,88,0,1071,31,990,94,0,1115,76,0,76,1191
08/18/2000,JNU,AK,AAL,WE,Towers with Display (VFR),26,5,4,1,36,7,759,132,1,899,33,764,136,2,935,58,0,58,993
08/19/2000,JNU,AK,AAL,WE,Towers with Display (VFR),31,7,6,0,44,0,348,75,0,423,31,355,81,0,467,16,0,16,483
08/20/2000,JNU,AK,AAL,WE,Towers with Display (VFR),31,6,6,0,43,8,351,51,0,410,39,357,57,0,453,24,0,24,477
08/21/2000,JNU,AK,AAL,WE,Towers with Display (VFR),28,6,6,0,40,0,138,1,0,139,28,144,7,0,179,0,0,0,179
08/22/2000,JNU,AK,AAL,WE,Towers with Display (VFR),29,6,5,1,41,1,489,37,2,529,30,495,42,3,570,4,0,4,574
08/23/2000,JNU,AK,AAL,WE,Towers with Display (VFR),28,7,6,1,42,0,775,70,0,845,28,782,76,1,887,46,0,46,933
08/24/2000,JNU,AK,AAL,WE,Towers with Display (VFR),36,7,7,1,51,0,714,57,2,773,36,721,64,3,824,0,0,0,824
08/25/2000,JNU,AK,AAL,WE,Towers with Display (VFR),39,7,6,0,52,0,532,52,0,584,39,539,58,0,636,26,0,26,662
08/26/2000,JNU,AK,AAL,WE,Towers with Display (VFR),33,5,6,1,45,4,299,90,1,394,37,304,96,2,439,58,0,58,497
08/27/2000,JNU,AK,AAL,WE,Towers with Display (VFR),37,6,6,0,49,0,470,47,0,517,37,476,53,0,566,12,0,12,578
08/28/2000,JNU,AK,AAL,WE,Towers with Display (VFR),34,6,5,0,45,1,565,72,0,638,35,571,77,0,683,56,0,56,739
08/29/2000,JNU,AK,AAL,WE,Towers with Display (VFR),29,5,4,1,39,1,758,61,1,821,30,763,65,2,860,56,0,56,916
08/30/2000,JNU,AK,AAL,WE,Towers with Display (VFR),29,6,4,0,39,3,533,39,0,575,32,539,43,0,614,10,0,10,624
08/31/2000,JNU,AK,AAL,WE,Towers with Display (VFR),24,4,4,0,32,4,817,64,3,888,28,821,68,3,920,8,0,8,928
09/01/2000,JNU,AK,AAL,WE,Towers with Display (VFR),24,7,3,0,34,7,495,61,0,563,31,502,64,0,597,28,0,28,625
09/02/2000,JNU,AK,AAL,WE,Towers with Display (VFR),30,7,4,0,41,10,360,125,0,495,40,367,129,0,536,50,0,50,586
09/03/2000,JNU,AK,AAL,WE,Towers with Display (VFR),29,7,4,0,40,6,374,75,0,455,35,381,79,0,495,16,0,16,511
09/04/2000,JNU,AK,AAL,WE,Towers with Display (VFR),27,7,4,0,38,9,115,8,0,132,36,122,12,0,170,8,0,8,178
09/05/2000,JNU,AK,AAL,WE,Towers with Display (VFR),28,7,4,0,39,4,453,44,0,501,32,460,48,0,540,20,0,20,560
09/06/2000,JNU,AK,AAL,WE,Towers with Display (VFR),33,9,4,0,46,0,45,8,0,53,33,54,12,0,99,0,0,0,99
09/07/2000,JNU,AK,AAL,WE,Towers with Display (VFR),32,9,4,0,45,0,524,62,4,590,32,533,66,4,635,10,0,10,645
09/08/2000,JNU,AK,AAL,WE,Towers with Display (VFR),31,9,5,0,45,0,345,59,2,406,31,354,64,2,451,18,0,18,469
09/09/2000,JNU,AK,AAL,WE,Towers with Display (VFR),26,7,4,0,37,7,275,79,2,363,33,282,83,2,400,26,0,26,426
09/10/2000,JNU,AK,AAL,WE,Towers with Display (VFR),28,7,4,0,39,3,333,62,0,398,31,340,66,0,437,22,0,22,459
09/11/2000,JNU,AK,AAL,WE,Towers with Display (VFR),24,7,3,0,34,3,304,25,2,334,27,311,28,2,368,16,0,16,384
09/12/2000,JNU,AK,AAL,WE,Towers with Display (VFR),18,5,2,0,25,5,347,29,3,384,23,352,31,3,409,17,0,17,426
09/13/2000,JNU,AK,AAL,WE,Towers with Display (VFR),22,6,3,0,31,3,484,35,4,526,25,490,38,4,557,26,0,26,583
09/14/2000,JNU,AK,AAL,WE,Towers with Display (VFR),19,6,2,1,28,0,334,31,1,366,19,340,33,2,394,16,0,16,410
09/15/2000,JNU,AK,AAL,WE,Towers with Display (VFR),22,6,2,0,30,2,461,64,0,527,24,467,66,0,557,42,0,42,599
09/16/2000,JNU,AK,AAL,WE,Towers with Display (VFR),25,8,3,1,37,0,94,18,0,112,25,102,21,1,149,0,0,0,149
09/17/2000,JNU,AK,AAL,WE,Towers with Display (VFR),24,5,2,1,32,4,296,31,0,331,28,301,33,1,363,8,0,8,371
09/18/2000,JNU,AK,AAL,WE,Towers with Display (VFR),22,5,2,1,30,0,302,47,0,349,22,307,49,1,379,46,0,46,425
09/19/2000,JNU,AK,AAL,WE,Towers with Display (VFR),21,4,2,1,28,3,254,31,1,289,24,258,33,2,317,70,0,70,387
09/20/2000,JNU,AK,AAL,WE,Towers with Display (VFR),18,4,1,1,24,4,401,85,0,490,22,405,86,1,514,66,0,66,580
09/21/2000,JNU,AK,AAL,WE,Towers with Display (VFR),21,7,3,1,32,0,454,80,1,535,21,461,83,2,567,54,0,54,621
09/22/2000,JNU,AK,AAL,WE,Towers with Display (VFR),22,5,2,1,30,0,183,24,1,208,22,188,26,2,238,16,0,16,254
09/23/2000,JNU,AK,AAL,WE,Towers with Display (VFR),24,7,3,0,34,0,129,20,0,149,24,136,23,0,183,0,0,0,183
09/24/2000,JNU,AK,AAL,WE,Towers with Display (VFR),27,7,3,0,37,0,141,41,1,183,27,148,44,1,220,38,0,38,258
09/25/2000,JNU,AK,AAL,WE,Towers with Display (VFR),22,7,2,0,31,0,132,32,0,164,22,139,34,0,195,62,0,62,257
09/26/2000,JNU,AK,AAL,WE,Towers with Display (VFR),19,6,2,0,27,0,225,15,2,242,19,231,17,2,269,36,0,36,305
09/27/2000,JNU,AK,AAL,WE,Towers with Display (VFR),19,7,2,0,28,0,308,28,6,342,19,315,30,6,370,6,0,6,376
09/28/2000,JNU,AK,AAL,WE,Towers with Display (VFR),22,6,2,0,30,0,179,12,2,193,22,185,14,2,223,20,0,20,243
09/29/2000,JNU,AK,AAL,WE,Towers with Display (VFR),26,7,2,0,35,0,218,47,1,266,26,225,49,1,301,8,0,8,309
09/30/2000,JNU,AK,AAL,WE,Towers with Display (VFR),22,5,2,0,29,0,162,67,4,233,22,167,69,4,262,56,0,56,318
10/01/2000,JNU,AK,AAL,WE,Towers with Display (VFR),18,5,2,0,25,7,162,103,0,272,25,167,105,0,297,48,0,48,345
10/02/2000,JNU,AK,AAL,WE,Towers with Display (VFR),17,4,2,0,23,3,150,22,0,175,20,154,24,0,198,34,0,34,232
10/03/2000,JNU,AK,AAL,WE,Towers with Display (VFR),22,5,2,0,29,0,202,49,0,251,22,207,51,0,280,8,0,8,288
10/04/2000,JNU,AK,AAL,WE,Towers with Display (VFR),22,5,3,0,30,0,173,50,1,224,22,178,53,1,254,100,0,100,354
10/05/2000,JNU,AK,AAL,WE,Towers with Display (VFR),24,6,3,0,33,1,78,11,0,90,25,84,14,0,123,44,0,44,167
10/06/2000,JNU,AK,AAL,WE,Towers with Display (VFR),25,7,4,1,37,0,147,25,1,173,25,154,29,2,210,0,0,0,210
10/07/2000,JNU,AK,AAL,WE,Towers with Display (VFR),23,5,3,0,31,1,39,2,0,42,24,44,5,0,73,0,0,0,73
10/08/2000,JNU,AK,AAL,WE,Towers with Display (VFR),22,5,3,0,30,4,124,16,0,144,26,129,19,0,174,12,0,12,186
10/09/2000,JNU,AK,AAL,WE,Towers with Display (VFR),18,4,2,0,24,6,153,14,0,173,24,157,16,0,197,6,0,6,203
10/10/2000,JNU,AK,AAL,WE,Towers with Display (VFR),20,5,2,0,27,3,163,27,0,193,23,168,29,0,220,24,0,24,244
10/11/2000,JNU,AK,AAL,WE,Towers with Display (VFR),23,6,3,0,32,0,155,25,0,180,23,161,28,0,212,66,0,66,278
10/12/2000,JNU,AK,AAL,WE,Towers with Display (VFR),21,5,3,0,29,2,135,18,0,155,23,140,21,0,184,24,0,24,208
10/13/2000,JNU,AK,AAL,WE,Towers with Display (VFR),21,6,1,1,29,0,186,38,1,225,21,192,39,2,254,4,0,4,258
10/14/2000,JNU,AK,AAL,WE,Towers with Display (VFR),21,6,2,0,29,1,103,14,0,118,22,109,16,0,147,58,0,58,205
10/15/2000,JNU,AK,AAL,WE,Towers with Display (VFR),21,6,1,1,29,3,124,48,1,176,24,130,49,2,205,100,0,100,305
10/16/2000,JNU,AK,AAL,WE,Towers with Display (VFR),22,6,2,1,31,0,151,19,3,173,22,157,21,4,204,0,0,0,204
10/17/2000,JNU,AK,AAL,WE,Towers with Display (VFR),21,6,2,1,30,1,181,63,5,250,22,187,65,6,280,58,0,58,338
10/18/2000,JNU,AK,AAL,WE,Towers with Display (VFR),21,6,1,1,29,2,185,47,2,236,23,191,48,3,265,40,0,40,305
10/19/2000,JNU,AK,AAL,WE,Towers with Display (VFR),19,6,1,1,27,3,168,31,2,204,22,174,32,3,231,102,0,102,333
10/20/2000,JNU,AK,AAL,WE,Towers with Display (VFR),23,7,2,1,33,0,145,41,0,186,23,152,43,1,219,18,12,30,249
10/21/2000,JNU,AK,AAL,WE,Towers with Display (VFR),22,5,1,0,28,0,118,43,0,161,22,123,44,0,189,68,0,68,257
10/22/2000,JNU,AK,AAL,WE,Towers with Display (VFR),19,4,1,0,24,4,124,16,0,144,23,128,17,0,168,28,0,28,196
10/23/2000,JNU,AK,AAL,WE,Towers with Display (VFR),22,5,1,0,28,1,145,16,0,162,23,150,17,0,190,0,0,0,190
10/24/2000,JNU,AK,AAL,WE,Towers with Display (VFR),17,4,1,1,23,3,118,50,1,172,20,122,51,2,195,96,0,96,291
10/25/2000,JNU,AK,AAL,WE,Towers with Display (VFR),20,6,1,0,27,3,94,22,0,119,23,100,23,0,146,24,0,24,170
10/26/2000,JNU,AK,AAL,WE,Towers with Display (VFR),21,9,3,0,33,0,160,20,2,182,21,169,23,2,215,62,0,62,277
10/27/2000,JNU,AK,AAL,WE,Towers with Display (VFR),20,6,2,0,28,0,188,50,0,238,20,194,52,0,266,22,0,22,288
10/28/2000,JNU,AK,AAL,WE,Towers with Display (VFR),21,6,1,0,28,0,120,48,0,168,21,126,49,0,196,54,0,54,250
10/29/2000,JNU,AK,AAL,WE,Towers with Display (VFR),19,5,2,0,26,3,181,84,0,268,22,186,86,0,294,50,0,50,344
10/30/2000,JNU,AK,AAL,WE,Towers with Display (VFR),18,5,1,0,24,3,64,12,2,81,21,69,13,2,105,14,0,14,119
10/31/2000,JNU,AK,AAL,WE,Towers with Display (VFR),18,6,1,0,25,0,133,14,3,150,18,139,15,3,175,0,0,0,175
11/01/2000,JNU,AK,AAL,WE,Towers with Display (VFR),17,6,2,0,25,0,114,51,2,167,17,120,53,2,192,44,0,44,236
11/02/2000,JNU,AK,AAL,WE,Towers with Display (VFR),22,7,3,0,32,0,48,11,0,59,22,55,14,0,91,0,0,0,91
11/03/2000,JNU,AK,AAL,WE,Towers with Display (VFR),19,6,4,0,29,0,154,31,6,191,19,160,35,6,220,4,0,4,224
11/04/2000,JNU,AK,AAL,WE,Towers with Display (VFR),16,6,4,0,26,0,170,80,0,250,16,176,84,0,276,72,0,72,348
11/05/2000,JNU,AK,AAL,WE,Towers with Display (VFR),18,5,4,0,27,0,80,9,1,90,18,85,13,1,117,36,0,36,153
11/06/2000,JNU,AK,AAL,WE,Towers with Display (VFR),15,4,3,0,22,5,58,4,0,67,20,62,7,0,89,18,0,18,107
11/07/2000,JNU,AK,AAL,WE,Towers with Display (VFR),16,5,2,1,24,2,126,24,0,152,18,131,26,1,176,42,0,42,218
11/08/2000,JNU,AK,AAL,WE,Towers with Display (VFR),17,5,2,1,25,0,132,40,1,173,17,137,42,2,198,18,0,18,216
11/09/2000,JNU,AK,AAL,WE,Towers with Display (VFR),20,8,2,1,31,0,136,53,1,190,20,144,55,2,221,28,0,28,249
11/10/2000,JNU,AK,AAL,WE,Towers with Display (VFR),19,7,2,0,28,0,145,36,0,181,19,152,38,0,209,48,0,48,257
11/11/2000,JNU,AK,AAL,WE,Towers with Display (VFR),17,6,1,0,24,4,116,17,0,137,21,122,18,0,161,20,0,20,181
11/12/2000,JNU,AK,AAL,WE,Towers with Display (VFR),20,7,2,1,30,5,115,40,1,161,25,122,42,2,191,42,0,42,233
11/13/2000,JNU,AK,AAL,WE,Towers with Display (VFR),22,8,2,0,32,0,126,29,0,155,22,134,31,0,187,0,0,0,187
11/14/2000,JNU,AK,AAL,WE,Towers with Display (VFR),21,8,3,1,33,0,151,17,0,168,21,159,20,1,201,26,0,26,227
11/15/2000,JNU,AK,AAL,WE,Towers with Display (VFR),19,9,3,0,31,0,149,25,0,174,19,158,28,0,205,34,0,34,239
11/16/2000,JNU,AK,AAL,WE,Towers with Display (VFR),19,7,2,1,29,0,153,13,4,170,19,160,15,5,199,14,0,14,213
11/17/2000,JNU,AK,AAL,WE,Towers with Display (VFR),20,7,2,0,29,0,126,37,0,163,20,133,39,0,192,22,0,22,214
11/18/2000,JNU,AK,AAL,WE,Towers with Display (VFR),14,5,1,0,20,2,110,46,0,158,16,115,47,0,178,30,0,30,208
11/19/2000,JNU,AK,AAL,WE,Towers with Display (VFR),11,4,1,0,16,0,19,3,0,22,11,23,4,0,38,8,0,8,46
11/20/2000,JNU,AK,AAL,WE,Towers with Display (VFR),20,5,2,1,28,3,143,28,3,177,23,148,30,4,205,10,0,10,215
11/21/2000,JNU,AK,AAL,WE,Towers with Display (VFR),21,6,2,1,30,0,135,6,2,143,21,141,8,3,173,16,0,16,189
11/22/2000,JNU,AK,AAL,WE,Towers with Display (VFR),23,7,2,0,32,0,158,26,0,184,23,165,28,0,216,50,0,50,266
11/23/2000,JNU,AK,AAL,WE,Towers with Display (VFR),8,2,0,0,10,0,10,14,0,24,8,12,14,0,34,0,0,0,34
11/24/2000,JNU,AK,AAL,WE,Towers with Display (VFR),14,4,1,0,19,0,152,28,0,180,14,156,29,0,199,46,0,46,245
11/25/2000,JNU,AK,AAL,WE,Towers with Display (VFR),18,6,2,0,26,3,107,20,1,131,21,113,22,1,157,14,0,14,171
11/26/2000,JNU,AK,AAL,WE,Towers with Display (VFR),16,5,2,0,23,5,121,29,3,158,21,126,31,3,181,22,0,22,203
11/27/2000,JNU,AK,AAL,WE,Towers with Display (VFR),18,6,1,0,25,4,142,36,2,184,22,148,37,2,209,48,0,48,257
11/28/2000,JNU,AK,AAL,WE,Towers with Display (VFR),20,6,2,0,28,4,165,49,3,221,24,171,51,3,249,46,0,46,295
11/29/2000,JNU,AK,AAL,WE,Towers with Display (VFR),18,6,1,0,25,3,122,18,1,144,21,128,19,1,169,0,0,0,169
11/30/2000,JNU,AK,AAL,WE,Towers with Display (VFR),18,6,2,0,26,0,90,18,3,111,18,96,20,3,137,40,0,40,177
12/01/2000,JNU,AK,AAL,WE,Towers with Display (VFR),26,8,4,0,38,0,113,30,6,149,26,121,34,6,187,66,0,66,253
12/02/2000,JNU,AK,AAL,WE,Towers with Display (VFR),23,5,3,0,31,0,104,39,0,143,23,109,42,0,174,14,0,14,188
12/03/2000,JNU,AK,AAL,WE,Towers with Display (VFR),20,6,3,0,29,4,100,35,1,140,24,106,38,1,169,54,0,54,223
12/04/2000,JNU,AK,AAL,WE,Towers with Display (VFR),22,6,4,0,32,1,103,7,3,114,23,109,11,3,146,0,0,0,146
12/05/2000,JNU,AK,AAL,WE,Towers with Display (VFR),22,6,4,0,32,1,84,8,0,93,23,90,12,0,125,0,0,0,125
12/06/2000,JNU,AK,AAL,WE,Towers with Display (VFR),23,7,4,0,34,0,134,29,0,163,23,141,33,0,197,12,0,12,209
12/07/2000,JNU,AK,AAL,WE,Towers with Display (VFR),18,6,3,0,27,0,114,30,3,147,18,120,33,3,174,20,0,20,194
12/08/2000,JNU,AK,AAL,WE,Towers with Display (VFR),19,7,3,0,29,0,123,53,1,177,19,130,56,1,206,24,0,24,230
12/09/2000,JNU,AK,AAL,WE,Towers with Display (VFR),20,6,3,0,29,2,89,53,0,144,22,95,56,0,173,82,0,82,255
12/10/2000,JNU,AK,AAL,WE,Towers with Display (VFR),19,5,3,0,27,3,93,22,2,120,22,98,25,2,147,96,0,96,243
12/11/2000,JNU,AK,AAL,WE,Towers with Display (VFR),25,8,4,0,37,0,137,17,2,156,25,145,21,2,193,0,0,0,193
12/12/2000,JNU,AK,AAL,WE,Towers with Display (VFR),19,5,3,0,27,2,129,28,0,159,21,134,31,0,186,24,0,24,210
12/13/2000,JNU,AK,AAL,WE,Towers with Display (VFR),20,6,2,1,29,0,117,21,5,143,20,123,23,6,172,18,0,18,190
12/14/2000,JNU,AK,AAL,WE,Towers with Display (VFR),17,5,2,1,25,1,113,11,1,126,18,118,13,2,151,10,0,10,161
12/15/2000,JNU,AK,AAL,WE,Towers with Display (VFR),16,4,2,1,23,3,144,20,1,168,19,148,22,2,191,12,0,12,203
12/16/2000,JNU,AK,AAL,WE,Towers with Display (VFR),17,5,2,0,24,0,131,10,0,141,17,136,12,0,165,86,0,86,251
12/17/2000,JNU,AK,AAL,WE,Towers with Display (VFR),19,6,2,1,28,0,27,5,1,33,19,33,7,2,61,2,0,2,63
12/18/2000,JNU,AK,AAL,WE,Towers with Display (VFR),18,6,2,0,26,0,71,11,0,82,18,77,13,0,108,22,0,22,130
12/19/2000,JNU,AK,AAL,WE,Towers with Display (VFR),17,4,2,1,24,0,139,43,3,185,17,143,45,4,209,30,0,30,239
12/20/2000,JNU,AK,AAL,WE,Towers with Display (VFR),16,4,1,0,21,3,123,41,0,167,19,127,42,0,188,8,0,8,196
12/21/2000,JNU,AK,AAL,WE,Towers with Display (VFR),21,5,2,1,29,0,143,38,1,182,21,148,40,2,211,48,0,48,259
12/22/2000,JNU,AK,AAL,WE,Towers with Display (VFR),20,4,2,0,26,1,148,44,0,193,21,152,46,0,219,48,0,48,267
12/23/2000,JNU,AK,AAL,WE,Towers with Display (VFR),22,5,2,1,30,2,127,50,0,179,24,132,52,1,209,56,0,56,265
12/24/2000,JNU,AK,AAL,WE,Towers with Display (VFR),15,3,2,0,20,6,44,19,0,69,21,47,21,0,89,44,0,44,133
12/25/2000,JNU,AK,AAL,WE,Towers with Display (VFR),10,1,1,0,12,1,1,16,0,18,11,2,17,0,30,28,0,28,58
12/26/2000,JNU,AK,AAL,WE,Towers with Display (VFR),15,3,2,0,20,5,99,20,0,124,20,102,22,0,144,34,0,34,178
12/27/2000,JNU,AK,AAL,WE,Towers with Display (VFR),20,5,2,0,27,2,47,24,1,74,22,52,26,1,101,14,0,14,115
12/28/2000,JNU,AK,AAL,WE,Towers with Display (VFR),23,8,3,0,34,0,85,31,7,123,23,93,34,7,157,0,0,0,157
12/29/2000,JNU,AK,AAL,WE,Towers with Display (VFR),19,6,2,0,27,0,106,35,4,145,19,112,37,4,172,20,0,20,192
12/30/2000,JNU,AK,AAL,WE,Towers with Display (VFR),20,6,2,0,28,1,75,21,3,100,21,81,23,3,128,0,0,0,128
12/31/2000,JNU,AK,AAL,WE,Towers with Display (VFR),18,4,2,0,24,4,66,40,0,110,22,70,42,0,134,44,0,44,178
01/01/2001,JNU,AK,AAL,WE,Towers with Display (VFR),18,7,3,0,28,5,20,13,0,38,23,27,16,0,66,32,0,32,98
01/02/2001,JNU,AK,AAL,WE,Towers with Display (VFR),18,6,2,0,26,1,53,13,1,68,19,59,15,1,94,12,0,12,106
01/03/2001,JNU,AK,AAL,WE,Towers with Display (VFR),14,5,2,0,21,0,42,2,0,44,14,47,4,0,65,26,0,26,91
01/04/2001,JNU,AK,AAL,WE,Towers with Display (VFR),18,6,2,0,26,2,128,11,0,141,20,134,13,0,167,4,0,4,171
01/05/2001,JNU,AK,AAL,WE,Towers with Display (VFR),18,10,1,0,29,0,14,0,1,15,18,24,1,1,44,2,0,2,46
01/06/2001,JNU,AK,AAL,WE,Towers with Display (VFR),12,6,2,0,20,0,53,9,0,62,12,59,11,0,82,64,0,64,146
01/07/2001,JNU,AK,AAL,WE,Towers with Display (VFR),16,6,2,0,24,6,67,24,1,98,22,73,26,1,122,34,0,34,156
01/08/2001,JNU,AK,AAL,WE,Towers with Display (VFR),15,6,2,0,23,6,85,7,0,98,21,91,9,0,121,24,0,24,145
01/09/2001,JNU,AK,AAL,WE,Towers with Display (VFR),19,7,3,0,29,3,103,26,0,132,22,110,29,0,161,74,0,74,235
01/10/2001,JNU,AK,AAL,WE,Towers with Display (VFR),17,7,2,0,26,5,95,19,0,119,22,102,21,0,145,18,0,18,163
01/11/2001,JNU,AK,AAL,WE,Towers with Display (VFR),19,7,2,1,29,0,99,28,4,131,19,106,30,5,160,104,0,104,264
01/12/2001,JNU,AK,AAL,WE,Towers with Display (VFR),20,7,1,0,28,1,27,0,0,28,21,34,1,0,56,0,0,0,56
01/13/2001,JNU,AK,AAL,WE,Towers with Display (VFR),18,7,1,0,26,2,89,17,0,108,20,96,18,0,134,24,0,24,158
01/14/2001,JNU,AK,AAL,WE,Towers with Display (VFR),15,6,1,0,22,4,56,5,0,65,19,62,6,0,87,0,0,0,87
01/15/2001,JNU,AK,AAL,WE,Towers with Display (VFR),18,7,2,1,28,0,79,8,0,87,18,86,10,1,115,16,0,16,131
01/16/2001,JNU,AK,AAL,WE,Towers with Display (VFR),23,12,3,0,38,0,43,15,0,58,23,55,18,0,96,20,0,20,116
01/17/2001,JNU,AK,AAL,WE,Towers with Display (VFR),21,6,2,0,29,0,101,13,0,114,21,107,15,0,143,26,0,26,169
01/18/2001,JNU,AK,AAL,WE,Towers with Display (VFR),17,5,2,0,24,4,112,10,0,126,21,117,12,0,150,50,0,50,200
01/19/2001,JNU,AK,AAL,WE,Towers with Display (VFR),20,7,2,1,30,0,127,32,1,160,20,134,34,2,190,56,0,56,246
01/20/2001,JNU,AK,AAL,WE,Towers with Display (VFR),17,5,2,0,24,5,78,31,0,114,22,83,33,0,138,102,0,102,240
01/21/2001,JNU,AK,AAL,WE,Towers with Display (VFR),19,6,2,0,27,3,54,18,0,75,22,60,20,0,102,6,0,6,108
01/22/2001,JNU,AK,AAL,WE,Towers with Display (VFR),20,6,2,1,29,3,78,7,1,89,23,84,9,2,118,2,0,2,120
01/23/2001,JNU,AK,AAL,WE,Towers with Display (VFR),20,7,2,1,30,0,76,1,1,78,20,83,3,2,108,0,0,0,108
01/24/2001,JNU,AK,AAL,WE,Towers with Display (VFR),19,7,2,0,28,5,147,42,0,194,24,154,44,0,222,68,0,68,290
01/25/2001,JNU,AK,AAL,WE,Towers with Display (VFR),26,17,4,0,47,0,109,29,0,138,26,126,33,0,185,0,0,0,185
01/26/2001,JNU,AK,AAL,WE,Towers with Display (VFR),19,8,2,0,29,0,58,16,2,76,19,66,18,2,105,22,0,22,127
01/27/2001,JNU,AK,AAL,WE,Towers with Display (VFR),19,7,2,0,28,3,78,6,0,87,22,85,8,0,115,0,0,0,115
01/28/2001,JNU,AK,AAL,WE,Towers with Display (VFR),19,7,1,0,27,6,113,59,0,178,25,120,60,0,205,182,0,182,387
01/29/2001,JNU,AK,AAL,WE,Towers with Display (VFR),18,7,1,0,26,2,91,21,0,114,20,98,22,0,140,46,0,46,186
01/30/2001,JNU,AK,AAL,WE,Towers with Display (VFR),21,8,2,0,31,0,117,19,4,140,21,125,21,4,171,50,2,52,223
01/31/2001,JNU,AK,AAL,WE,Towers with Display (VFR),21,7,2,0,30,1,73,10,0,84,22,80,12,0,114,0,0,0,114
02/01/2001,JNU,AK,AAL,WE,Towers with Display (VFR),20,7,4,1,32,0,116,22,7,145,20,123,26,8,177,2,0,2,179
02/02/2001,JNU,AK,AAL,WE,Towers with Display (VFR),20,6,5,1,32,0,107,20,2,129,20,113,25,3,161,20,0,20,181
02/03/2001,JNU,AK,AAL,WE,Towers with Display (VFR),13,3,3,0,19,5,82,21,5,113,18,85,24,5,132,104,0,104,236
02/04/2001,JNU,AK,AAL,WE,Towers with Display (VFR),20,5,3,1,29,5,77,30,6,118,25,82,33,7,147,68,0,68,215
02/05/2001,JNU,AK,AAL,WE,Towers with Display (VFR),18,5,3,1,27,3,112,32,1,148,21,117,35,2,175,94,0,94,269
02/06/2001,JNU,AK,AAL,WE,Towers with Display (VFR),20,5,4,1,30,1,137,33,5,176,21,142,37,6,206,26,2,28,234
02/07/2001,JNU,AK,AAL,WE,Towers with Display (VFR),20,8,4,0,32,0,14,17,0,31,20,22,21,0,63,30,0,30,93
02/08/2001,JNU,AK,AAL,WE,Towers with Display (VFR),19,5,3,1,28,0,158,26,1,185,19,163,29,2,213,12,0,12,225
02/09/2001,JNU,AK,AAL,WE,Towers with Display (VFR),22,8,5,1,36,0,50,17,0,67,22,58,22,1,103,0,0,0,103
02/10/2001,JNU,AK,AAL,WE,Towers with Display (VFR),22,6,3,1,32,1,120,45,2,168,23,126,48,3,200,22,0,22,222
02/11/2001,JNU,AK,AAL,WE,Towers with Display (VFR),15,4,2,1,22,5,108,36,2,151,20,112,38,3,173,92,0,92,265
02/12/2001,JNU,AK,AAL,WE,Towers with Display (VFR),19,5,2,0,26,4,2,0,0,6,23,7,2,0,32,0,0,0,32
02/13/2001,JNU,AK,AAL,WE,Towers with Display (VFR),14,4,2,1,21,0,33,5,0,38,14,37,7,1,59,4,0,4,63
02/14/2001,JNU,AK,AAL,WE,Towers with Display (VFR),19,5,3,1,28,2,186,36,0,224,21,191,39,1,252,14,0,14,266
02/15/2001,JNU,AK,AAL,WE,Towers with Display (VFR),16,4,3,1,24,1,123,39,3,166,17,127,42,4,190,62,0,62,252
02/16/2001,JNU,AK,AAL,WE,Towers with Display (VFR),18,5,4,0,27,0,143,47,0,190,18,148,51,0,217,8,0,8,225
02/17/2001,JNU,AK,AAL,WE,Towers with Display (VFR),19,4,4,0,27,0,138,43,0,181,19,142,47,0,208,106,0,106,314
02/18/2001,JNU,AK,AAL,WE,Towers with Display (VFR),16,3,2,0,21,7,86,46,0,139,23,89,48,0,160,124,0,124,284
02/19/2001,JNU,AK,AAL,WE,Towers with Display (VFR),19,4,2,1,26,1,91,23,1,116,20,95,25,2,142,6,0,6,148
02/20/2001,JNU,AK,AAL,WE,Towers with Display (VFR),19,5,3,1,28,0,129,17,0,146,19,134,20,1,174,16,0,16,190
02/21/2001,JNU,AK,AAL,WE,Towers with Display (VFR),20,4,3,0,27,0,95,7,0,102,20,99,10,0,129,30,0,30,159
02/22/2001,JNU,AK,AAL,WE,Towers with Display (VFR),13,2,2,1,18,5,139,34,0,178,18,141,36,1,196,52,0,52,248
02/23/2001,JNU,AK,AAL,WE,Towers with Display (VFR),17,3,3,0,23,3,165,47,0,215,20,168,50,0,238,0,0,0,238
02/24/2001,JNU,AK,AAL,WE,Towers with Display (VFR),17,4,2,0,23,4,90,28,0,122,21,94,30,0,145,26,0,26,171
02/25/2001,JNU,AK,AAL,WE,Towers with Display (VFR),21,5,3,0,29,2,60,29,0,91,23,65,32,0,120,12,0,12,132
02/26/2001,JNU,AK,AAL,WE,Towers with Display (VFR),12,3,2,0,17,5,81,18,0,104,17,84,20,0,121,12,0,12,133
02/27/2001,JNU,AK,AAL,WE,Towers with Display (VFR),20,5,0,0,25,1,41,0,0,42,21,46,0,0,67,0,0,0,67
02/28/2001,JNU,AK,AAL,WE,Towers with Display (VFR),16,5,3,0,24,0,127,34,0,161,16,132,37,0,185,20,0,20,205
03/01/2001,JNU,AK,AAL,WE,Towers with Display (VFR),20,7,4,0,31,0,154,35,2,191,20,161,39,2,222,58,0,58,280
03/02/2001,JNU,AK,AAL,WE,Towers with Display (VFR),23,5,5,0,33,0,154,75,0,229,23,159,80,0,262,70,0,70,332
03/03/2001,JNU,AK,AAL,WE,Towers with Display (VFR),19,4,4,0,27,2,131,86,0,219,21,135,90,0,246,60,0,60,306
03/04/2001,JNU,AK,AAL,WE,Towers with Display (VFR),18,4,3,0,25,4,109,46,0,159,22,113,49,0,184,82,0,82,266
03/05/2001,JNU,AK,AAL,WE,Towers with Display (VFR),16,4,3,0,23,2,69,6,0,77,18,73,9,0,100,0,0,0,100
03/06/2001,JNU,AK,AAL,WE,Towers with Display (VFR),22,6,5,0,33,0,77,6,2,85,22,83,11,2,118,0,0,0,118
03/07/2001,JNU,AK,AAL,WE,Towers with Display (VFR),17,5,5,0,27,0,152,33,2,187,17,157,38,2,214,0,0,0,214
03/08/2001,JNU,AK,AAL,WE,Towers with Display (VFR),17,4,3,0,24,0,120,32,2,154,17,124,35,2,178,10,0,10,188
03/09/2001,JNU,AK,AAL,WE,Towers with Display (VFR),23,5,5,0,33,0,126,13,0,139,23,131,18,0,172,2,0,2,174
03/10/2001,JNU,AK,AAL,WE,Towers with Display (VFR),15,4,2,0,21,5,87,11,0,103,20,91,13,0,124,26,0,26,150
03/11/2001,JNU,AK,AAL,WE,Towers with Display (VFR),18,5,2,0,25,2,82,12,0,96,20,87,14,0,121,32,0,32,153
03/12/2001,JNU,AK,AAL,WE,Towers with Display (VFR),15,5,2,0,22,4,148,22,0,174,19,153,24,0,196,26,0,26,222
03/13/2001,JNU,AK,AAL,WE,Towers with Display (VFR),17,7,3,1,28,0,150,35,2,187,17,157,38,3,215,48,0,48,263
03/14/2001,JNU,AK,AAL,WE,Towers with Display (VFR),21,6,3,0,30,2,218,56,0,276,23,224,59,0,306,42,0,42,348
03/15/2001,JNU,AK,AAL,WE,Towers with Display (VFR),21,6,3,0,30,1,167,26,0,194,22,173,29,0,224,70,0,70,294
03/16/2001,JNU,AK,AAL,WE,Towers with Display (VFR),20,6,3,1,30,0,146,35,1,182,20,152,38,2,212,40,0,40,252
03/17/2001,JNU,AK,AAL,WE,Towers with Display (VFR),20,6,3,1,30,1,110,42,9,162,21,116,45,10,192,72,0,72,264
03/18/2001,JNU,AK,AAL,WE,Towers with Display (VFR),14,4,2,1,21,7,97,13,2,119,21,101,15,3,140,28,0,28,168
03/19/2001,JNU,AK,AAL,WE,Towers with Display (VFR),20,5,3,1,29,2,118,9,1,130,22,123,12,2,159,18,0,18,177
03/20/2001,JNU,AK,AAL,WE,Towers with Display (VFR),19,5,3,1,28,2,143,11,1,157,21,148,14,2,185,28,0,28,213
03/21/2001,JNU,AK,AAL,WE,Towers with Display (VFR),23,7,3,1,34,0,226,45,3,274,23,233,48,4,308,114,0,114,422
03/22/2001,JNU,AK,AAL,WE,Towers with Display (VFR),21,6,3,0,30,1,179,15,0,195,22,185,18,0,225,54,0,54,279
03/23/2001,JNU,AK,AAL,WE,Towers with Display (VFR),17,4,2,0,23,1,147,39,0,187,18,151,41,0,210,38,0,38,248
03/24/2001,JNU,AK,AAL,WE,Towers with Display (VFR),20,4,3,0,27,2,104,22,0,128,22,108,25,0,155,42,0,42,197
03/25/2001,JNU,AK,AAL,WE,Towers with Display (VFR),18,4,2,1,25,4,126,29,1,160,22,130,31,2,185,26,0,26,211
03/26/2001,JNU,AK,AAL,WE,Towers with Display (VFR),17,4,2,0,23,1,122,12,0,135,18,126,14,0,158,22,0,22,180
03/27/2001,JNU,AK,AAL,WE,Towers with Display (VFR),22,6,4,0,32,0,91,11,0,102,22,97,15,0,134,18,0,18,152
03/28/2001,JNU,AK,AAL,WE,Towers with Display (VFR),18,4,3,1,26,0,121,15,1,137,18,125,18,2,163,6,14,20,183
03/29/2001,JNU,AK,AAL,WE,Towers with Display (VFR),20,5,3,1,29,0,208,47,1,256,20,213,50,2,285,88,0,88,373
03/30/2001,JNU,AK,AAL,WE,Towers with Display (VFR),20,8,4,0,32,0,70,14,0,84,20,78,18,0,116,4,2,6,122
03/31/2001,JNU,AK,AAL,WE,Towers with Display (VFR),21,6,3,0,30,0,100,42,0,142,21,106,45,0,172,30,0,30,202
04/01/2001,JNU,AK,AAL,WE,Towers with Display (VFR),16,4,1,0,21,2,170,48,0,220,18,174,49,0,241,52,0,52,293
04/02/2001,JNU,AK,AAL,WE,Towers with Display (VFR),19,2,4,2,27,0,139,33,0,172,19,141,37,2,199,32,0,32,231
04/03/2001,JNU,AK,AAL,WE,Towers with Display (VFR),18,8,2,0,28,0,160,22,0,182,18,168,24,0,210,74,0,74,284
04/04/2001,JNU,AK,AAL,WE,Towers with Display (VFR),22,5,3,0,30,0,183,25,0,208,22,188,28,0,238,38,0,38,276
04/05/2001,JNU,AK,AAL,WE,Towers with Display (VFR),20,4,6,0,30,0,115,53,0,168,20,119,59,0,198,162,0,162,360
04/06/2001,JNU,AK,AAL,WE,Towers with Display (VFR),17,5,0,0,22,2,173,92,0,267,19,178,92,0,289,72,0,72,361
04/07/2001,JNU,AK,AAL,WE,Towers with Display (VFR),21,4,4,2,31,0,127,81,0,208,21,131,85,2,239,40,0,40,279
04/08/2001,JNU,AK,AAL,WE,Towers with Display (VFR),20,7,0,0,27,2,93,17,0,112,22,100,17,0,139,46,0,46,185
04/09/2001,JNU,AK,AAL,WE,Towers with Display (VFR),20,1,1,0,22,0,189,70,0,259,20,190,71,0,281,72,0,72,353
04/10/2001,JNU,AK,AAL,WE,Towers with Display (VFR),18,4,1,0,23,2,224,76,0,302,20,228,77,0,325,76,0,76,401
04/11/2001,JNU,AK,AAL,WE,Towers with Display (VFR),23,10,1,0,34,0,216,20,0,236,23,226,21,0,270,26,0,26,296
04/12/2001,JNU,AK,AAL,WE,Towers with Display (VFR),23,11,4,0,38,0,158,38,0,196,23,169,42,0,234,98,0,98,332
04/13/2001,JNU,AK,AAL,WE,Towers with Display (VFR),19,6,2,0,27,3,167,34,1,205,22,173,36,1,232,6,0,6,238
04/14/2001,JNU,AK,AAL,WE,Towers with Display (VFR),23,1,4,0,28,0,159,70,0,229,23,160,74,0,257,92,0,92,349
04/15/2001,JNU,AK,AAL,WE,Towers with Display (VFR),22,0,0,0,22,0,104,45,1,150,22,104,45,1,172,20,0,20,192
04/16/2001,JNU,AK,AAL,WE,Towers with Display (VFR),19,1,0,0,20,0,169,67,0,236,19,170,67,0,256,64,0,64,320
04/17/2001,JNU,AK,AAL,WE,Towers with Display (VFR),21,5,2,0,28,0,178,27,3,208,21,183,29,3,236,38,0,38,274
04/18/2001,JNU,AK,AAL,WE,Towers with Display (VFR),23,7,1,0,31,0,216,37,4,257,23,223,38,4,288,48,18,66,354
04/19/2001,JNU,AK,AAL,WE,Towers with Display (VFR),21,8,5,0,34,0,263,72,0,335,21,271,77,0,369,54,2,56,425
04/20/2001,JNU,AK,AAL,WE,Towers with Display (VFR),20,6,2,0,28,0,239,75,1,315,20,245,77,1,343,56,0,56,399
04/21/2001,JNU,AK,AAL,WE,Towers with Display (VFR),21,4,0,0,25,0,179,83,0,262,21,183,83,0,287,68,0,68,355
04/22/2001,JNU,AK,AAL,WE,Towers with Display (VFR),24,2,3,1,30,0,167,51,0,218,24,169,54,1,248,74,0,74,322
04/23/2001,JNU,AK,AAL,WE,Towers with Display (VFR),21,2,3,1,27,0,192,34,0,226,21,194,37,1,253,66,0,66,319
04/24/2001,JNU,AK,AAL,WE,Towers with Display (VFR),18,7,4,0,29,0,189,34,5,228,18,196,38,5,257,68,0,68,325
04/25/2001,JNU,AK,AAL,WE,Towers with Display (VFR),23,4,2,0,29,0,203,36,0,239,23,207,38,0,268,58,0,58,326
04/26/2001,JNU,AK,AAL,WE,Towers with Display (VFR),19,6,1,0,26,0,153,38,0,191,19,159,39,0,217,20,0,20,237
04/27/2001,JNU,AK,AAL,WE,Towers with Display (VFR),20,8,1,2,31,0,228,26,2,256,20,236,27,4,287,58,0,58,345
04/28/2001,JNU,AK,AAL,WE,Towers with Display (VFR),23,6,2,0,31,0,191,40,0,231,23,197,42,0,262,72,0,72,334
04/29/2001,JNU,AK,AAL,WE,Towers with Display (VFR),27,3,2,0,32,0,164,33,0,197,27,167,35,0,229,50,0,50,279
04/30/2001,JNU,AK,AAL,WE,Towers with Display (VFR),22,4,1,0,27,0,198,55,0,253,22,202,56,0,280,118,0,118,398
05/01/2001,JNU,AK,AAL,WE,Towers with Display (VFR),16,7,1,0,24,1,311,44,14,370,17,318,45,14,394,50,0,50,444
05/02/2001,JNU,AK,AAL,WE,Towers with Display (VFR),23,6,2,0,31,0,153,9,0,162,23,159,11,0,193,24,0,24,217
05/03/2001,JNU,AK,AAL,WE,Towers with Display (VFR),21,9,2,1,33,1,212,42,3,258,22,221,44,4,291,114,0,114,405
05/04/2001,JNU,AK,AAL,WE,Towers with Display (VFR),22,8,1,2,33,1,239,48,8,296,23,247,49,10,329,22,0,22,351
05/05/2001,JNU,AK,AAL,WE,Towers with Display (VFR),22,4,4,0,30,0,217,65,0,282,22,221,69,0,312,188,0,188,500
05/06/2001,JNU,AK,AAL,WE,Towers with Display (VFR),25,1,0,2,28,0,242,82,2,326,25,243,82,4,354,150,0,150,504
05/07/2001,JNU,AK,AAL,WE,Towers with Display (VFR),23,3,1,0,27,0,206,14,1,221,23,209,15,1,248,112,0,112,360
05/08/2001,JNU,AK,AAL,WE,Towers with Display (VFR),24,5,1,0,30,1,386,24,2,413,25,391,25,2,443,30,0,30,473
05/09/2001,JNU,AK,AAL,WE,Towers with Display (VFR),25,5,0,0,30,0,402,41,1,444,25,407,41,1,474,6,0,6,480
05/10/2001,JNU,AK,AAL,WE,Towers with Display (VFR),23,8,3,1,35,0,251,73,5,329,23,259,76,6,364,56,0,56,420
05/11/2001,JNU,AK,AAL,WE,Towers with Display (VFR),23,14,4,0,41,0,236,42,1,279,23,250,46,1,320,46,0,46,366
05/12/2001,JNU,AK,AAL,WE,Towers with Display (VFR),22,4,6,0,32,0,284,88,0,372,22,288,94,0,404,80,0,80,484
05/13/2001,JNU,AK,AAL,WE,Towers with Display (VFR),27,6,0,1,34,0,349,45,0,394,27,355,45,1,428,44,0,44,472
05/14/2001,JNU,AK,AAL,WE,Towers with Display (VFR),23,5,6,2,36,1,400,46,0,447,24,405,52,2,483,30,0,30,513
05/15/2001,JNU,AK,AAL,WE,Towers with Display (VFR),23,6,4,0,33,1,469,40,0,510,24,475,44,0,543,22,0,22,565
05/16/2001,JNU,AK,AAL,WE,Towers with Display (VFR),26,7,2,0,35,10,470,39,0,519,36,477,41,0,554,14,0,14,568
05/17/2001,JNU,AK,AAL,WE,Towers with Display (VFR),18,9,1,2,30,3,400,56,2,461,21,409,57,4,491,62,0,62,553
05/18/2001,JNU,AK,AAL,WE,Towers with Display (VFR),22,10,1,0,33,3,223,95,0,321,25,233,96,0,354,68,18,86,440
05/19/2001,JNU,AK,AAL,WE,Towers with Display (VFR),21,3,2,0,26,1,270,81,0,352,22,273,83,0,378,76,0,76,454
05/20/2001,JNU,AK,AAL,WE,Towers with Display (VFR),27,2,0,0,29,0,401,58,0,459,27,403,58,0,488,0,0,0,488
05/21/2001,JNU,AK,AAL,WE,Towers with Display (VFR),26,2,0,2,30,1,523,47,2,573,27,525,47,4,603,6,0,6,609
05/22/2001,JNU,AK,AAL,WE,Towers with Display (VFR),23,7,3,0,33,0,396,36,5,437,23,403,39,5,470,22,0,22,492
05/23/2001,JNU,AK,AAL,WE,Towers with Display (VFR),22,6,6,0,34,1,422,25,0,448,23,428,31,0,482,32,0,32,514
05/24/2001,JNU,AK,AAL,WE,Towers with Display (VFR),27,10,5,1,43,3,576,44,2,625,30,586,49,3,668,68,0,68,736
05/25/2001,JNU,AK,AAL,WE,Towers with Display (VFR),25,2,2,0,29,0,524,87,2,613,25,526,89,2,642,64,0,64,706
05/26/2001,JNU,AK,AAL,WE,Towers with Display (VFR),27,4,3,0,34,0,564,120,0,684,27,568,123,0,718,54,0,54,772
05/27/2001,JNU,AK,AAL,WE,Towers with Display (VFR),30,2,0,0,32,0,455,56,0,511,30,457,56,0,543,0,0,0,543
05/28/2001,JNU,AK,AAL,WE,Towers with Display (VFR),24,3,0,0,27,0,678,82,0,760,24,681,82,0,787,86,0,86,873
05/29/2001,JNU,AK,AAL,WE,Towers with Display (VFR),27,3,2,0,32,0,433,55,0,488,27,436,57,0,520,8,2,10,530
05/30/2001,JNU,AK,AAL,WE,Towers with Display (VFR),26,8,2,0,36,2,756,54,0,812,28,764,56,0,848,50,0,50,898
05/31/2001,JNU,AK,AAL,WE,Towers with Display (VFR),24,8,2,0,34,0,611,67,5,683,24,619,69,5,717,110,0,110,827
06/01/2001,JNU,AK,AAL,WE,Towers with Display (VFR),23,12,2,2,39,0,578,65,0,643,23,590,67,2,682,30,0,30,712
06/02/2001,JNU,AK,AAL,WE,Towers with Display (VFR),21,3,2,0,26,1,362,51,0,414,22,365,53,0,440,50,0,50,490
06/03/2001,JNU,AK,AAL,WE,Towers with Display (VFR),30,4,1,6,41,1,457,39,0,497,31,461,40,6,538,14,0,14,552
06/04/2001,JNU,AK,AAL,WE,Towers with Display (VFR),26,9,6,0,41,1,709,70,1,781,27,718,76,1,822,46,0,46,868
06/05/2001,JNU,AK,AAL,WE,Towers with Display (VFR),20,6,3,0,29,0,570,57,1,628,20,576,60,1,657,62,8,70,727
06/06/2001,JNU,AK,AAL,WE,Towers with Display (VFR),23,8,9,2,42,1,630,74,0,705,24,638,83,2,747,96,0,96,843
06/07/2001,JNU,AK,AAL,WE,Towers with Display (VFR),24,7,2,0,33,2,626,87,6,721,26,633,89,6,754,98,4,102,856
06/08/2001,JNU,AK,AAL,WE,Towers with Display (VFR),20,3,4,0,27,4,698,98,11,811,24,701,102,11,838,108,0,108,946
06/09/2001,JNU,AK,AAL,WE,Towers with Display (VFR),25,5,1,0,31,0,534,90,0,624,25,539,91,0,655,64,0,64,719
06/10/2001,JNU,AK,AAL,WE,Towers with Display (VFR),32,5,3,0,40,0,243,36,0,279,32,248,39,0,319,34,0,34,353
06/11/2001,JNU,AK,AAL,WE,Towers with Display (VFR),37,4,0,2,43,0,691,65,0,756,37,695,65,2,799,6,0,6,805
06/12/2001,JNU,AK,AAL,WE,Towers with Display (VFR),35,5,9,0,49,0,669,88,2,759,35,674,97,2,808,110,0,110,918
06/13/2001,JNU,AK,AAL,WE,Towers with Display (VFR),38,8,10,0,56,1,584,41,0,626,39,592,51,0,682,62,0,62,744
06/14/2001,JNU,AK,AAL,WE,Towers with Display (VFR),35,7,5,0,47,0,798,98,6,902,35,805,103,6,949,50,2,52,1001
06/15/2001,JNU,AK,AAL,WE,Towers with Display (VFR),34,10,5,0,49,0,501,111,0,612,34,511,116,0,661,20,0,20,681
06/16/2001,JNU,AK,AAL,WE,Towers with Display (VFR),38,4,5,0,47,0,680,107,1,788,38,684,112,1,835,40,0,40,875
06/17/2001,JNU,AK,AAL,WE,Towers with Display (VFR),38,4,3,0,45,0,415,80,0,495,38,419,83,0,540,32,0,32,572
06/18/2001,JNU,AK,AAL,WE,Towers with Display (VFR),37,5,4,0,46,0,788,78,0,866,37,793,82,0,912,26,0,26,938
06/19/2001,JNU,AK,AAL,WE,Towers with Display (VFR),36,5,1,0,42,0,587,45,0,632,36,592,46,0,674,66,0,66,740
06/20/2001,JNU,AK,AAL,WE,Towers with Display (VFR),35,11,2,2,50,0,803,49,2,854,35,814,51,4,904,46,0,46,950
06/21/2001,JNU,AK,AAL,WE,Towers with Display (VFR),35,6,10,2,53,0,695,48,0,743,35,701,58,2,796,64,0,64,860
06/22/2001,JNU,AK,AAL,WE,Towers with Display (VFR),40,9,8,0,57,0,542,60,0,602,40,551,68,0,659,4,0,4,663
06/23/2001,JNU,AK,AAL,WE,Towers with Display (VFR),36,12,13,0,61,0,511,51,0,562,36,523,64,0,623,12,0,12,635
06/24/2001,JNU,AK,AAL,WE,Towers with Display (VFR),35,3,4,0,42,2,684,91,0,777,37,687,95,0,819,10,0,10,829
06/25/2001,JNU,AK,AAL,WE,Towers with Display (VFR),39,7,4,0,50,0,692,65,0,757,39,699,69,0,807,18,0,18,825
06/26/2001,JNU,AK,AAL,WE,Towers with Display (VFR),36,1,2,0,39,0,773,58,2,833,36,774,60,2,872,44,0,44,916
06/27/2001,JNU,AK,AAL,WE,Towers with Display (VFR),33,5,2,0,40,1,765,56,0,822,34,770,58,0,862,26,0,26,888
06/28/2001,JNU,AK,AAL,WE,Towers with Display (VFR),36,8,3,5,52,0,689,43,2,734,36,697,46,7,786,44,0,44,830
06/29/2001,JNU,AK,AAL,WE,Towers with Display (VFR),37,12,5,0,54,1,569,88,0,658,38,581,93,0,712,34,0,34,746
06/30/2001,JNU,AK,AAL,WE,Towers with Display (VFR),36,6,6,0,48,3,562,124,0,689,39,568,130,0,737,58,0,58,795
07/01/2001,JNU,AK,AAL,WE,Towers with Display (VFR),30,7,5,0,42,11,774,102,12,899,41,781,107,12,941,16,0,16,957
07/02/2001,JNU,AK,AAL,WE,Towers with Display (VFR),38,6,14,0,58,0,854,67,6,927,38,860,81,6,985,10,0,10,995
07/03/2001,JNU,AK,AAL,WE,Towers with Display (VFR),36,8,5,0,49,0,922,92,0,1014,36,930,97,0,1063,56,0,56,1119
07/04/2001,JNU,AK,AAL,WE,Towers with Display (VFR),38,7,12,0,57,0,198,27,0,225,38,205,39,0,282,2,0,2,284
07/05/2001,JNU,AK,AAL,WE,Towers with Display (VFR),36,6,4,0,46,0,692,28,0,720,36,698,32,0,766,8,0,8,774
07/06/2001,JNU,AK,AAL,WE,Towers with Display (VFR),37,9,5,0,51,0,527,39,0,566,37,536,44,0,617,8,0,8,625
07/07/2001,JNU,AK,AAL,WE,Towers with Display (VFR),39,3,6,0,48,0,479,48,0,527,39,482,54,0,575,0,0,0,575
07/08/2001,JNU,AK,AAL,WE,Towers with Display (VFR),37,3,7,0,47,0,612,57,0,669,37,615,64,0,716,10,0,10,726
07/09/2001,JNU,AK,AAL,WE,Towers with Display (VFR),39,16,4,0,59,0,569,53,2,624,39,585,57,2,683,24,0,24,707
07/10/2001,JNU,AK,AAL,WE,Towers with Display (VFR),32,7,5,0,44,0,840,68,1,909,32,847,73,1,953,8,0,8,961
07/11/2001,JNU,AK,AAL,WE,Towers with Display (VFR),35,9,10,0,54,4,784,58,4,850,39,793,68,4,904,36,0,36,940
07/12/2001,JNU,AK,AAL,WE,Towers with Display (VFR),35,14,5,1,55,0,740,56,0,796,35,754,61,1,851,10,0,10,861
07/13/2001,JNU,AK,AAL,WE,Towers with Display (VFR),32,9,6,0,47,0,479,32,3,514,32,488,38,3,561,8,0,8,569
07/14/2001,JNU,AK,AAL,WE,Towers with Display (VFR),43,6,4,0,53,0,455,49,0,504,43,461,53,0,557,20,0,20,577
07/15/2001,JNU,AK,AAL,WE,Towers with Display (VFR),34,3,4,3,44,7,641,90,0,738,41,644,94,3,782,24,0,24,806
07/16/2001,JNU,AK,AAL,WE,Towers with Display (VFR),38,5,7,0,50,0,814,66,0,880,38,819,73,0,930,12,0,12,942
07/17/2001,JNU,AK,AAL,WE,Towers with Display (VFR),37,6,13,0,56,0,709,64,1,774,37,715,77,1,830,50,0,50,880
07/18/2001,JNU,AK,AAL,WE,Towers with Display (VFR),34,11,4,0,49,0,734,65,0,799,34,745,69,0,848,38,0,38,886
07/19/2001,JNU,AK,AAL,WE,Towers with Display (VFR),34,3,3,0,40,2,760,87,3,852,36,763,90,3,892,10,0,10,902
07/20/2001,JNU,AK,AAL,WE,Towers with Display (VFR),32,3,0,0,35,5,688,95,2,790,37,691,95,2,825,12,0,12,837
07/21/2001,JNU,AK,AAL,WE,Towers with Display (VFR),31,4,1,0,36,4,617,126,1,748,35,621,127,1,784,36,0,36,820
07/22/2001,JNU,AK,AAL,WE,Towers with Display (VFR),37,44,13,0,94,0,112,17,0,129,37,156,30,0,223,0,0,0,223
07/23/2001,JNU,AK,AAL,WE,Towers with Display (VFR),35,8,5,0,48,2,715,54,3,774,37,723,59,3,822,70,0,70,892
07/24/2001,JNU,AK,AAL,WE,Towers with Display (VFR),34,35,7,0,76,0,326,18,0,344,34,361,25,0,420,10,0,10,430
07/25/2001,JNU,AK,AAL,WE,Towers with Display (VFR),36,28,15,3,82,0,273,25,1,299,36,301,40,4,381,12,0,12,393
07/26/2001,JNU,AK,AAL,WE,Towers with Display (VFR),39,10,9,2,60,0,687,57,3,747,39,697,66,5,807,26,0,26,833
07/27/2001,JNU,AK,AAL,WE,Towers with Display (VFR),36,7,5,8,56,3,615,78,0,696,39,622,83,8,752,14,0,14,766
07/28/2001,JNU,AK,AAL,WE,Towers with Display (VFR),40,8,5,0,53,0,711,96,0,807,40,719,101,0,860,64,0,64,924
07/29/2001,JNU,AK,AAL,WE,Towers with Display (VFR),37,1,2,4,44,2,348,69,1,420,39,349,71,5,464,26,0,26,490
07/30/2001,JNU,AK,AAL,WE,Towers with Display (VFR),35,7,1,0,43,0,689,44,6,739,35,696,45,6,782,30,0,30,812
07/31/2001,JNU,AK,AAL,WE,Towers with Display (VFR),34,9,6,0,49,0,525,29,1,555,34,534,35,1,604,8,0,8,612
08/01/2001,JNU,AK,AAL,WE,Towers with Display (VFR),38,8,9,0,55,0,745,69,0,814,38,753,78,0,869,44,0,44,913
08/02/2001,JNU,AK,AAL,WE,Towers with Display (VFR),32,4,12,1,49,2,745,75,6,828,34,749,87,7,877,24,0,24,901
08/03/2001,JNU,AK,AAL,WE,Towers with Display (VFR),36,10,5,3,54,1,523,76,1,601,37,533,81,4,655,14,0,14,669
08/04/2001,JNU,AK,AAL,WE,Towers with Display (VFR),40,5,2,0,47,1,497,46,0,544,41,502,48,0,591,40,0,40,631
08/05/2001,JNU,AK,AAL,WE,Towers with Display (VFR),43,3,0,0,46,0,596,107,0,703,43,599,107,0,749,100,0,100,849
08/06/2001,JNU,AK,AAL,WE,Towers with Display (VFR),35,5,6,0,46,0,644,52,3,699,35,649,58,3,745,0,0,0,745
08/07/2001,JNU,AK,AAL,WE,Towers with Display (VFR),37,7,7,2,53,0,699,69,1,769,37,706,76,3,822,46,0,46,868
08/08/2001,JNU,AK,AAL,WE,Towers with Display (VFR),38,7,11,0,56,0,653,54,3,710,38,660,65,3,766,38,0,38,804
08/09/2001,JNU,AK,AAL,WE,Towers with Display (VFR),33,5,3,0,41,6,801,68,2,877,39,806,71,2,918,10,0,10,928
08/10/2001,JNU,AK,AAL,WE,Towers with Display (VFR),29,12,3,1,45,3,571,106,8,688,32,583,109,9,733,56,0,56,789
08/11/2001,JNU,AK,AAL,WE,Towers with Display (VFR),33,7,6,0,46,2,620,89,0,711,35,627,95,0,757,98,0,98,855
08/12/2001,JNU,AK,AAL,WE,Towers with Display (VFR),37,3,3,0,43,1,621,148,6,776,38,624,151,6,819,40,0,40,859
08/13/2001,JNU,AK,AAL,WE,Towers with Display (VFR),32,2,3,0,37,3,896,92,5,996,35,898,95,5,1033,28,0,28,1061
08/14/2001,JNU,AK,AAL,WE,Towers with Display (VFR),34,4,7,5,50,5,692,85,1,783,39,696,92,6,833,52,2,54,887
08/15/2001,JNU,AK,AAL,WE,Towers with Display (VFR),26,4,2,0,32,0,702,99,6,807,26,706,101,6,839,74,0,74,913
08/16/2001,JNU,AK,AAL,WE,Towers with Display (VFR),32,7,2,0,41,0,771,98,3,872,32,778,100,3,913,38,0,38,951
08/17/2001,JNU,AK,AAL,WE,Towers with Display (VFR),35,8,8,2,53,1,639,50,0,690,36,647,58,2,743,30,0,30,773
08/18/2001,JNU,AK,AAL,WE,Towers with Display (VFR),35,7,6,0,48,2,480,45,0,527,37,487,51,0,575,28,0,28,603
08/19/2001,JNU,AK,AAL,WE,Towers with Display (VFR),34,4,3,0,41,0,627,46,0,673,34,631,49,0,714,72,0,72,786
08/20/2001,JNU,AK,AAL,WE,Towers with Display (VFR),35,8,3,0,46,1,649,31,0,681,36,657,34,0,727,0,0,0,727
08/21/2001,JNU,AK,AAL,WE,Towers with Display (VFR),34,7,7,2,50,0,800,71,0,871,34,807,78,2,921,80,0,80,1001
08/22/2001,JNU,AK,AAL,WE,Towers with Display (VFR),35,6,5,3,49,0,809,93,2,904,35,815,98,5,953,106,0,106,1059
08/23/2001,JNU,AK,AAL,WE,Towers with Display (VFR),38,12,8,0,58,0,712,59,2,773,38,724,67,2,831,32,0,32,863
08/24/2001,JNU,AK,AAL,WE,Towers with Display (VFR),34,8,5,0,47,0,432,53,0,485,34,440,58,0,532,14,0,14,546
08/25/2001,JNU,AK,AAL,WE,Towers with Display (VFR),36,10,2,0,48,0,453,65,0,518,36,463,67,0,566,56,0,56,622
08/26/2001,JNU,AK,AAL,WE,Towers with Display (VFR),36,2,4,1,43,0,445,48,1,494,36,447,52,2,537,36,0,36,573
08/27/2001,JNU,AK,AAL,WE,Towers with Display (VFR),38,14,4,0,56,0,386,24,0,410,38,400,28,0,466,24,0,24,490
08/28/2001,JNU,AK,AAL,WE,Towers with Display (VFR),37,9,6,3,55,0,620,28,2,650,37,629,34,5,705,10,0,10,715
08/29/2001,JNU,AK,AAL,WE,Towers with Display (VFR),35,19,5,2,61,0,414,40,0,454,35,433,45,2,515,40,0,40,555
08/30/2001,JNU,AK,AAL,WE,Towers with Display (VFR),36,11,5,0,52,0,288,54,2,344,36,299,59,2,396,36,0,36,432
08/31/2001,JNU,AK,AAL,WE,Towers with Display (VFR),33,10,5,1,49,1,421,52,2,476,34,431,57,3,525,42,0,42,567
09/01/2001,JNU,AK,AAL,WE,Towers with Display (VFR),36,8,4,0,48,1,400,74,2,477,37,408,78,2,525,14,0,14,539
09/02/2001,JNU,AK,AAL,WE,Towers with Display (VFR),38,3,4,0,45,1,327,41,0,369,39,330,45,0,414,56,0,56,470
09/03/2001,JNU,AK,AAL,WE,Towers with Display (VFR),36,2,2,0,40,0,359,56,0,415,36,361,58,0,455,14,0,14,469
09/04/2001,JNU,AK,AAL,WE,Towers with Display (VFR),33,7,5,2,47,1,609,51,0,661,34,616,56,2,708,26,0,26,734
09/05/2001,JNU,AK,AAL,WE,Towers with Display (VFR),37,9,4,0,50,3,130,16,0,149,40,139,20,0,199,20,0,20,219
09/06/2001,JNU,AK,AAL,WE,Towers with Display (VFR),34,9,2,0,45,1,434,41,0,476,35,443,43,0,521,10,0,10,531
09/07/2001,JNU,AK,AAL,WE,Towers with Display (VFR),36,6,3,0,45,1,83,6,0,90,37,89,9,0,135,0,0,0,135
09/08/2001,JNU,AK,AAL,WE,Towers with Display (VFR),33,8,2,0,43,2,374,85,0,461,35,382,87,0,504,26,0,26,530
09/09/2001,JNU,AK,AAL,WE,Towers with Display (VFR),25,1,1,0,27,1,387,126,2,516,26,388,127,2,543,118,0,118,661
09/10/2001,JNU,AK,AAL,WE,Towers with Display (VFR),20,3,1,8,32,1,484,81,1,567,21,487,82,9,599,60,0,60,659
09/11/2001,JNU,AK,AAL,WE,Towers with Display (VFR),0,0,3,0,3,0,1,0,6,7,0,1,3,6,10,0,0,0,10
09/12/2001,JNU,AK,AAL,WE,Towers with Display (VFR),0,0,3,0,3,0,0,0,0,0,0,0,3,0,3,0,0,0,3
09/13/2001,JNU,AK,AAL,WE,Towers with Display (VFR),6,8,6,0,20,0,108,22,0,130,6,116,28,0,150,0,0,0,150
09/14/2001,JNU,AK,AAL,WE,Towers with Display (VFR),22,13,13,1,49,0,335,77,0,412,22,348,90,1,461,50,2,52,513
09/15/2001,JNU,AK,AAL,WE,Towers with Display (VFR),27,8,6,0,41,0,183,61,0,244,27,191,67,0,285,38,0,38,323
09/16/2001,JNU,AK,AAL,WE,Towers with Display (VFR),26,0,1,0,27,0,81,26,0,107,26,81,27,0,134,0,0,0,134
09/17/2001,JNU,AK,AAL,WE,Towers with Display (VFR),21,6,3,0,30,2,76,17,0,95,23,82,20,0,125,18,0,18,143
09/18/2001,JNU,AK,AAL,WE,Towers with Display (VFR),27,10,2,2,41,0,384,54,3,441,27,394,56,5,482,50,0,50,532
09/19/2001,JNU,AK,AAL,WE,Towers with Display (VFR),21,11,4,0,36,0,250,31,0,281,21,261,35,0,317,54,0,54,371
09/20/2001,JNU,AK,AAL,WE,Towers with Display (VFR),26,11,8,0,45,1,244,44,3,292,27,255,52,3,337,26,0,26,363
09/21/2001,JNU,AK,AAL,WE,Towers with Display (VFR),24,15,3,8,50,0,234,31,0,265,24,249,34,8,315,0,0,0,315
09/22/2001,JNU,AK,AAL,WE,Towers with Display (VFR),26,7,4,0,37,0,181,58,0,239,26,188,62,0,276,42,0,42,318
09/23/2001,JNU,AK,AAL,WE,Towers with Display (VFR),21,2,1,2,26,0,211,46,0,257,21,213,47,2,283,16,0,16,299
09/24/2001,JNU,AK,AAL,WE,Towers with Display (VFR),25,7,1,0,33,0,156,6,0,162,25,163,7,0,195,10,0,10,205
09/25/2001,JNU,AK,AAL,WE,Towers with Display (VFR),24,2,3,0,29,1,270,47,2,320,25,272,50,2,349,26,8,34,383
09/26/2001,JNU,AK,AAL,WE,Towers with Display (VFR),23,6,5,0,34,0,197,62,2,261,23,203,67,2,295,82,0,82,377
09/27/2001,JNU,AK,AAL,WE,Towers with Display (VFR),20,12,4,0,36,1,201,43,2,247,21,213,47,2,283,30,0,30,313
09/28/2001,JNU,AK,AAL,WE,Towers with Display (VFR),19,10,4,0,33,23,193,66,0,282,42,203,70,0,315,40,0,40,355
09/29/2001,JNU,AK,AAL,WE,Towers with Display (VFR),23,7,0,0,30,0,101,31,0,132,23,108,31,0,162,38,0,38,200
09/30/2001,JNU,AK,AAL,WE,Towers with Display (VFR),25,3,0,0,28,0,111,34,0,145,25,114,34,0,173,46,0,46,219
10/01/2001,JNU,AK,AAL,WE,Towers with Display (VFR),22,8,0,0,30,0,152,23,0,175,22,160,23,0,205,54,0,54,259
10/02/2001,JNU,AK,AAL,WE,Towers with Display (VFR),25,8,1,1,35,0,168,55,3,226,25,176,56,4,261,66,0,66,327
10/03/2001,JNU,AK,AAL,WE,Towers with Display (VFR),20,8,0,0,28,5,142,56,0,203,25,150,56,0,231,44,0,44,275
10/04/2001,JNU,AK,AAL,WE,Towers with Display (VFR),22,9,2,1,34,0,175,86,2,263,22,184,88,3,297,32,0,32,329
10/05/2001,JNU,AK,AAL,WE,Towers with Display (VFR),22,11,0,0,33,0,158,33,0,191,22,169,33,0,224,56,0,56,280
10/06/2001,JNU,AK,AAL,WE,Towers with Display (VFR),23,6,2,0,31,0,131,56,0,187,23,137,58,0,218,86,0,86,304
10/07/2001,JNU,AK,AAL,WE,Towers with Display (VFR),19,1,0,0,20,0,141,29,0,170,19,142,29,0,190,40,0,40,230
10/08/2001,JNU,AK,AAL,WE,Towers with Display (VFR),26,8,0,0,34,0,108,37,0,145,26,116,37,0,179,28,0,28,207
10/09/2001,JNU,AK,AAL,WE,Towers with Display (VFR),22,10,3,0,35,0,124,22,0,146,22,134,25,0,181,38,0,38,219
10/10/2001,JNU,AK,AAL,WE,Towers with Display (VFR),25,8,5,4,42,0,141,35,0,176,25,149,40,4,218,74,0,74,292
10/11/2001,JNU,AK,AAL,WE,Towers with Display (VFR),21,5,4,0,30,0,176,24,0,200,21,181,28,0,230,32,0,32,262
10/12/2001,JNU,AK,AAL,WE,Towers with Display (VFR),20,7,0,2,29,0,155,24,1,180,20,162,24,3,209,28,0,28,237
10/13/2001,JNU,AK,AAL,WE,Towers with Display (VFR),22,5,2,0,29,0,141,32,2,175,22,146,34,2,204,42,0,42,246
10/14/2001,JNU,AK,AAL,WE,Towers with Display (VFR),28,1,2,2,33,0,137,69,1,207,28,138,71,3,240,80,0,80,320
10/15/2001,JNU,AK,AAL,WE,Towers with Display (VFR),21,11,0,0,32,0,90,12,0,102,21,101,12,0,134,0,0,0,134
10/16/2001,JNU,AK,AAL,WE,Towers with Display (VFR),21,8,1,0,30,0,123,26,0,149,21,131,27,0,179,38,0,38,217
10/17/2001,JNU,AK,AAL,WE,Towers with Display (VFR),19,7,2,0,28,0,112,11,0,123,19,119,13,0,151,10,0,10,161
10/18/2001,JNU,AK,AAL,WE,Towers with Display (VFR),25,10,2,0,37,0,134,20,0,154,25,144,22,0,191,14,0,14,205
10/19/2001,JNU,AK,AAL,WE,Towers with Display (VFR),23,5,1,0,29,0,154,30,0,184,23,159,31,0,213,12,0,12,225
10/20/2001,JNU,AK,AAL,WE,Towers with Display (VFR),24,13,0,0,37,0,115,43,0,158,24,128,43,0,195,36,0,36,231
10/21/2001,JNU,AK,AAL,WE,Towers with Display (VFR),25,1,0,0,26,0,104,28,0,132,25,105,28,0,158,48,0,48,206
10/22/2001,JNU,AK,AAL,WE,Towers with Display (VFR),24,5,3,2,34,0,142,40,0,182,24,147,43,2,216,30,0,30,246
10/23/2001,JNU,AK,AAL,WE,Towers with Display (VFR),20,8,1,2,31,0,145,18,4,167,20,153,19,6,198,26,0,26,224
10/24/2001,JNU,AK,AAL,WE,Towers with Display (VFR),23,6,2,0,31,0,140,19,0,159,23,146,21,0,190,2,0,2,192
10/25/2001,JNU,AK,AAL,WE,Towers with Display (VFR),21,6,0,0,27,1,136,47,0,184,22,142,47,0,211,90,0,90,301
10/26/2001,JNU,AK,AAL,WE,Towers with Display (VFR),20,8,5,0,33,0,103,19,0,122,20,111,24,0,155,22,0,22,177
10/27/2001,JNU,AK,AAL,WE,Towers with Display (VFR),23,23,10,0,56,0,54,10,0,64,23,77,20,0,120,0,0,0,120
10/28/2001,JNU,AK,AAL,WE,Towers with Display (VFR),25,3,0,0,28,0,11,7,2,20,25,14,7,2,48,12,0,12,60
10/29/2001,JNU,AK,AAL,WE,Towers with Display (VFR),23,7,5,0,35,0,160,18,0,178,23,167,23,0,213,6,0,6,219
10/30/2001,JNU,AK,AAL,WE,Towers with Display (VFR),20,11,0,0,31,0,122,26,0,148,20,133,26,0,179,52,0,52,231
10/31/2001,JNU,AK,AAL,WE,Towers with Display (VFR),22,6,4,0,32,0,159,37,0,196,22,165,41,0,228,94,0,94,322
11/01/2001,JNU,AK,AAL,WE,Towers with Display (VFR),21,11,3,0,35,1,114,14,1,130,22,125,17,1,165,16,0,16,181
11/02/2001,JNU,AK,AAL,WE,Towers with Display (VFR),19,11,5,2,37,1,143,41,2,187,20,154,46,4,224,34,0,34,258
11/03/2001,JNU,AK,AAL,WE,Towers with Display (VFR),20,6,2,0,28,1,42,14,0,57,21,48,16,0,85,10,0,10,95
11/04/2001,JNU,AK,AAL,WE,Towers with Display (VFR),18,3,3,2,26,2,131,22,3,158,20,134,25,5,184,64,0,64,248
11/05/2001,JNU,AK,AAL,WE,Towers with Display (VFR),20,8,2,0,30,1,107,21,6,135,21,115,23,6,165,32,0,32,197
11/06/2001,JNU,AK,AAL,WE,Towers with Display (VFR),20,7,1,0,28,1,111,39,4,155,21,118,40,4,183,52,0,52,235
11/07/2001,JNU,AK,AAL,WE,Towers with Display (VFR),19,7,3,0,29,1,33,1,0,35,20,40,4,0,64,0,0,0,64
11/08/2001,JNU,AK,AAL,WE,Towers with Display (VFR),22,10,9,0,41,1,107,15,0,123,23,117,24,0,164,22,0,22,186
11/09/2001,JNU,AK,AAL,WE,Towers with Display (VFR),22,13,2,2,39,1,112,18,0,131,23,125,20,2,170,28,0,28,198
11/10/2001,JNU,AK,AAL,WE,Towers with Display (VFR),21,8,3,0,32,1,117,23,0,141,22,125,26,0,173,26,0,26,199
11/11/2001,JNU,AK,AAL,WE,Towers with Display (VFR),2,0,0,0,2,0,0,1,0,1,2,0,1,0,3,0,0,0,3
11/12/2001,JNU,AK,AAL,WE,Towers with Display (VFR),23,10,0,0,33,0,192,53,0,245,23,202,53,0,278,14,0,14,292
11/13/2001,JNU,AK,AAL,WE,Towers with Display (VFR),21,8,4,0,33,0,131,10,0,141,21,139,14,0,174,14,0,14,188
11/14/2001,JNU,AK,AAL,WE,Towers with Display (VFR),21,8,0,0,29,0,124,10,0,134,21,132,10,0,163,48,0,48,211
11/15/2001,JNU,AK,AAL,WE,Towers with Display (VFR),23,8,1,0,32,0,124,21,1,146,23,132,22,1,178,38,0,38,216
11/16/2001,JNU,AK,AAL,WE,Towers with Display (VFR),22,11,3,0,36,0,128,15,0,143,22,139,18,0,179,14,0,14,193
11/17/2001,JNU,AK,AAL,WE,Towers with Display (VFR),22,7,2,0,31,2,120,14,0,136,24,127,16,0,167,18,0,18,185
11/18/2001,JNU,AK,AAL,WE,Towers with Display (VFR),22,1,0,0,23,0,91,48,0,139,22,92,48,0,162,70,0,70,232
11/19/2001,JNU,AK,AAL,WE,Towers with Display (VFR),21,8,3,0,32,0,125,25,0,150,21,133,28,0,182,12,0,12,194
11/20/2001,JNU,AK,AAL,WE,Towers with Display (VFR),21,11,5,0,37,0,163,17,0,180,21,174,22,0,217,4,0,4,221
11/21/2001,JNU,AK,AAL,WE,Towers with Display (VFR),21,11,3,0,35,0,161,33,1,195,21,172,36,1,230,24,0,24,254
11/22/2001,JNU,AK,AAL,WE,Towers with Display (VFR),8,1,3,0,12,1,24,20,0,45,9,25,23,0,57,32,0,32,89
11/23/2001,JNU,AK,AAL,WE,Towers with Display (VFR),17,7,1,0,25,0,99,35,0,134,17,106,36,0,159,34,0,34,193
11/24/2001,JNU,AK,AAL,WE,Towers with Display (VFR),21,4,2,0,27,0,125,56,0,181,21,129,58,0,208,58,0,58,266
11/25/2001,JNU,AK,AAL,WE,Towers with Display (VFR),21,2,0,0,23,0,112,20,0,132,21,114,20,0,155,4,0,4,159
11/26/2001,JNU,AK,AAL,WE,Towers with Display (VFR),24,6,0,0,30,0,126,22,2,150,24,132,22,2,180,30,0,30,210
11/27/2001,JNU,AK,AAL,WE,Towers with Display (VFR),18,2,0,0,20,2,124,13,0,139,20,126,13,0,159,22,0,22,181
11/28/2001,JNU,AK,AAL,WE,Towers with Display (VFR),21,3,2,0,26,0,113,6,1,120,21,116,8,1,146,0,0,0,146
11/29/2001,JNU,AK,AAL,WE,Towers with Display (VFR),14,4,0,0,18,6,132,15,4,157,20,136,15,4,175,28,0,28,203
11/30/2001,JNU,AK,AAL,WE,Towers with Display (VFR),18,5,4,3,30,0,149,30,3,182,18,154,34,6,212,14,0,14,226
12/01/2001,JNU,AK,AAL,WE,Towers with Display (VFR),19,5,0,0,24,0,113,26,0,139,19,118,26,0,163,32,0,32,195
12/02/2001,JNU,AK,AAL,WE,Towers with Display (VFR),21,1,0,4,26,0,73,34,0,107,21,74,34,4,133,18,0,18,151
12/03/2001,JNU,AK,AAL,WE,Towers with Display (VFR),28,6,3,0,37,0,31,8,2,41,28,37,11,2,78,0,0,0,78
12/04/2001,JNU,AK,AAL,WE,Towers with Display (VFR),22,12,4,0,38,0,23,0,0,23,22,35,4,0,61,8,0,8,69
12/05/2001,JNU,AK,AAL,WE,Towers with Display (VFR),21,10,3,0,34,0,39,2,1,42,21,49,5,1,76,10,0,10,86
12/06/2001,JNU,AK,AAL,WE,Towers with Display (VFR),20,11,2,1,34,4,105,10,3,122,24,116,12,4,156,0,0,0,156
12/07/2001,JNU,AK,AAL,WE,Towers with Display (VFR),23,7,2,0,32,0,41,5,0,46,23,48,7,0,78,0,0,0,78
12/08/2001,JNU,AK,AAL,WE,Towers with Display (VFR),23,13,2,2,40,0,61,6,0,67,23,74,8,2,107,0,0,0,107
12/09/2001,JNU,AK,AAL,WE,Towers with Display (VFR),25,2,4,0,31,0,35,9,0,44,25,37,13,0,75,22,0,22,97
12/10/2001,JNU,AK,AAL,WE,Towers with Display (VFR),19,13,2,0,34,0,14,1,0,15,19,27,3,0,49,4,0,4,53
12/11/2001,JNU,AK,AAL,WE,Towers with Display (VFR),23,15,3,0,41,0,99,1,2,102,23,114,4,2,143,0,0,0,143
12/12/2001,JNU,AK,AAL,WE,Towers with Display (VFR),20,8,1,2,31,2,127,18,1,148,22,135,19,3,179,4,0,4,183
12/13/2001,JNU,AK,AAL,WE,Towers with Display (VFR),22,19,3,0,44,0,45,3,0,48,22,64,6,0,92,0,0,0,92
12/14/2001,JNU,AK,AAL,WE,Towers with Display (VFR),25,14,3,0,42,0,117,14,2,133,25,131,17,2,175,0,0,0,175
12/15/2001,JNU,AK,AAL,WE,Towers with Display (VFR),21,11,1,0,33,0,75,18,0,93,21,86,19,0,126,18,0,18,144
12/16/2001,JNU,AK,AAL,WE,Towers with Display (VFR),18,8,1,0,27,3,101,23,0,127,21,109,24,0,154,22,0,22,176
12/17/2001,JNU,AK,AAL,WE,Towers with Display (VFR),26,12,3,0,41,0,78,6,1,85,26,90,9,1,126,12,0,12,138
12/18/2001,JNU,AK,AAL,WE,Towers with Display (VFR),24,14,0,0,38,0,126,10,2,138,24,140,10,2,176,40,0,40,216
12/19/2001,JNU,AK,AAL,WE,Towers with Display (VFR),17,13,4,0,34,1,77,27,0,105,18,90,31,0,139,60,0,60,199
12/20/2001,JNU,AK,AAL,WE,Towers with Display (VFR),17,7,3,0,27,0,27,0,0,27,17,34,3,0,54,0,0,0,54
12/21/2001,JNU,AK,AAL,WE,Towers with Display (VFR),23,10,2,0,35,2,115,4,2,123,25,125,6,2,158,10,2,12,170
12/22/2001,JNU,AK,AAL,WE,Towers with Display (VFR),23,10,2,0,35,0,79,19,0,98,23,89,21,0,133,26,0,26,159
12/23/2001,JNU,AK,AAL,WE,Towers with Display (VFR),19,8,2,0,29,2,45,6,0,53,21,53,8,0,82,0,0,0,82
12/24/2001,JNU,AK,AAL,WE,Towers with Display (VFR),23,15,0,0,38,0,75,16,0,91,23,90,16,0,129,20,0,20,149
12/25/2001,JNU,AK,AAL,WE,Towers with Display (VFR),10,0,0,0,10,0,0,8,0,8,10,0,8,0,18,0,0,0,18
12/26/2001,JNU,AK,AAL,WE,Towers with Display (VFR),19,9,3,0,31,0,5,0,0,5,19,14,3,0,36,0,0,0,36
12/27/2001,JNU,AK,AAL,WE,Towers with Display (VFR),21,10,6,0,37,2,136,12,0,150,23,146,18,0,187,16,0,16,203
12/28/2001,JNU,AK,AAL,WE,Towers with Display (VFR),20,9,0,0,29,0,91,11,0,102,20,100,11,0,131,24,0,24,155
12/29/2001,JNU,AK,AAL,WE,Towers with Display (VFR),20,10,11,0,41,0,58,18,0,76,20,68,29,0,117,34,0,34,151
12/30/2001,JNU,AK,AAL,WE,Towers with Display (VFR),23,6,0,0,29,0,56,32,0,88,23,62,32,0,117,60,0,60,177
12/31/2001,JNU,AK,AAL,WE,Towers with Display (VFR),19,5,2,0,26,1,98,26,0,125,20,103,28,0,151,42,0,42,193
01/01/2002,JNU,AK,AAL,WE,Towers with Display (VFR),22,1,2,0,25,2,17,22,0,41,24,18,24,0,66,40,0,40,106
01/02/2002,JNU,AK,AAL,WE,Towers with Display (VFR),19,6,4,0,29,1,85,11,0,97,20,91,15,0,126,18,0,18,144
01/03/2002,JNU,AK,AAL,WE,Towers with Display (VFR),24,10,2,0,36,1,89,17,0,107,25,99,19,0,143,10,0,10,153
01/04/2002,JNU,AK,AAL,WE,Towers with Display (VFR),17,3,5,0,25,3,115,42,2,162,20,118,47,2,187,16,0,16,203
01/05/2002,JNU,AK,AAL,WE,Towers with Display (VFR),23,9,0,0,32,0,56,24,1,81,23,65,24,1,113,38,0,38,151
01/06/2002,JNU,AK,AAL,WE,Towers with Display (VFR),20,2,0,0,22,1,67,10,2,80,21,69,10,2,102,34,0,34,136
01/07/2002,JNU,AK,AAL,WE,Towers with Display (VFR),22,4,3,1,30,0,88,11,0,99,22,92,14,1,129,6,0,6,135
01/08/2002,JNU,AK,AAL,WE,Towers with Display (VFR),21,4,2,0,27,0,110,33,4,147,21,114,35,4,174,22,0,22,196
01/09/2002,JNU,AK,AAL,WE,Towers with Display (VFR),19,10,6,0,35,1,87,7,2,97,20,97,13,2,132,0,0,0,132
01/10/2002,JNU,AK,AAL,WE,Towers with Display (VFR),21,3,3,1,28,0,104,21,0,125,21,107,24,1,153,0,0,0,153
01/11/2002,JNU,AK,AAL,WE,Towers with Display (VFR),24,6,2,2,34,0,93,34,1,128,24,99,36,3,162,44,0,44,206
01/12/2002,JNU,AK,AAL,WE,Towers with Display (VFR),24,6,3,0,33,0,87,36,0,123,24,93,39,0,156,82,0,82,238
01/13/2002,JNU,AK,AAL,WE,Towers with Display (VFR),21,5,3,0,29,0,38,9,0,47,21,43,12,0,76,12,0,12,88
01/14/2002,JNU,AK,AAL,WE,Towers with Display (VFR),21,6,4,0,31,0,88,8,0,96,21,94,12,0,127,8,0,8,135
01/15/2002,JNU,AK,AAL,WE,Towers with Display (VFR),20,8,1,0,29,0,61,8,0,69,20,69,9,0,98,12,0,12,110
01/16/2002,JNU,AK,AAL,WE,Towers with Display (VFR),18,7,4,0,29,1,95,26,0,122,19,102,30,0,151,6,0,6,157
01/17/2002,JNU,AK,AAL,WE,Towers with Display (VFR),21,7,2,0,30,1,20,13,0,34,22,27,15,0,64,30,0,30,94
01/18/2002,JNU,AK,AAL,WE,Towers with Display (VFR),20,11,5,0,36,0,105,12,0,117,20,116,17,0,153,0,0,0,153
01/19/2002,JNU,AK,AAL,WE,Towers with Display (VFR),22,8,1,0,31,0,49,13,2,64,22,57,14,2,95,12,0,12,107
01/20/2002,JNU,AK,AAL,WE,Towers with Display (VFR),23,5,1,0,29,0,70,42,0,112,23,75,43,0,141,124,0,124,265
01/21/2002,JNU,AK,AAL,WE,Towers with Display (VFR),20,3,1,0,24,0,113,41,0,154,20,116,42,0,178,46,0,46,224
01/22/2002,JNU,AK,AAL,WE,Towers with Display (VFR),22,6,2,3,33,0,128,28,2,158,22,134,30,5,191,8,0,8,199
01/23/2002,JNU,AK,AAL,WE,Towers with Display (VFR),18,11,6,2,37,0,6,0,0,6,18,17,6,2,43,0,0,0,43
01/24/2002,JNU,AK,AAL,WE,Towers with Display (VFR),24,17,4,0,45,0,61,9,0,70,24,78,13,0,115,14,0,14,129
01/25/2002,JNU,AK,AAL,WE,Towers with Display (VFR),28,9,4,1,42,0,109,9,0,118,28,118,13,1,160,14,0,14,174
01/26/2002,JNU,AK,AAL,WE,Towers with Display (VFR),25,4,0,1,30,0,86,28,1,115,25,90,28,2,145,50,0,50,195
01/27/2002,JNU,AK,AAL,WE,Towers with Display (VFR),21,0,1,2,24,2,72,22,0,96,23,72,23,2,120,50,0,50,170
01/28/2002,JNU,AK,AAL,WE,Towers with Display (VFR),21,7,2,0,30,0,0,0,0,0,21,7,2,0,30,0,0,0,30
01/29/2002,JNU,AK,AAL,WE,Towers with Display (VFR),23,9,6,0,38,2,3,1,0,6,25,12,7,0,44,0,0,0,44
01/30/2002,JNU,AK,AAL,WE,Towers with Display (VFR),20,5,2,2,29,1,98,11,2,112,21,103,13,4,141,58,0,58,199
01/31/2002,JNU,AK,AAL,WE,Towers with Display (VFR),23,5,3,0,31,0,94,17,0,111,23,99,20,0,142,32,0,32,174
02/01/2002,JNU,AK,AAL,WE,Towers with Display (VFR),22,11,4,1,38,0,115,25,0,140,22,126,29,1,178,28,0,28,206
02/02/2002,JNU,AK,AAL,WE,Towers with Display (VFR),14,2,0,0,16,0,0,0,0,0,14,2,0,0,16,0,0,0,16
02/03/2002,JNU,AK,AAL,WE,Towers with Display (VFR),21,7,1,0,29,1,74,17,0,92,22,81,18,0,121,26,0,26,147
02/04/2002,JNU,AK,AAL,WE,Towers with Display (VFR),19,9,0,0,28,0,74,18,0,92,19,83,18,0,120,26,0,26,146
02/05/2002,JNU,AK,AAL,WE,Towers with Display (VFR),21,6,1,0,28,0,88,9,2,99,21,94,10,2,127,18,0,18,145
02/06/2002,JNU,AK,AAL,WE,Towers with Display (VFR),18,5,5,0,28,0,98,38,0,136,18,103,43,0,164,0,0,0,164
02/07/2002,JNU,AK,AAL,WE,Towers with Display (VFR),21,6,5,0,32,0,123,43,6,172,21,129,48,6,204,38,0,38,242
02/08/2002,JNU,AK,AAL,WE,Towers with Display (VFR),21,4,2,3,30,0,104,31,0,135,21,108,33,3,165,42,2,44,209
02/09/2002,JNU,AK,AAL,WE,Towers with Display (VFR),20,3,1,0,24,0,3,4,0,7,20,6,5,0,31,4,0,4,35
02/10/2002,JNU,AK,AAL,WE,Towers with Display (VFR),20,2,2,0,24,0,73,12,0,85,20,75,14,0,109,8,0,8,117
02/11/2002,JNU,AK,AAL,WE,Towers with Display (VFR),19,7,0,1,27,0,27,5,0,32,19,34,5,1,59,12,0,12,71
02/12/2002,JNU,AK,AAL,WE,Towers with Display (VFR),15,9,5,2,31,0,81,17,4,102,15,90,22,6,133,20,0,20,153
02/13/2002,JNU,AK,AAL,WE,Towers with Display (VFR),13,16,0,0,29,0,15,17,0,32,13,31,17,0,61,12,0,12,73
02/14/2002,JNU,AK,AAL,WE,Towers with Display (VFR),23,7,0,2,32,0,117,15,0,132,23,124,15,2,164,52,0,52,216
02/15/2002,JNU,AK,AAL,WE,Towers with Display (VFR),11,9,3,0,23,0,46,8,0,54,11,55,11,0,77,10,0,10,87
02/16/2002,JNU,AK,AAL,WE,Towers with Display (VFR),22,7,8,0,37,1,94,40,0,135,23,101,48,0,172,86,0,86,258
02/17/2002,JNU,AK,AAL,WE,Towers with Display (VFR),21,7,2,0,30,5,33,10,0,48,26,40,12,0,78,8,0,8,86
02/18/2002,JNU,AK,AAL,WE,Towers with Display (VFR),20,6,3,1,30,0,84,21,0,105,20,90,24,1,135,124,0,124,259
02/19/2002,JNU,AK,AAL,WE,Towers with Display (VFR),21,5,1,0,27,0,52,13,0,65,21,57,14,0,92,48,0,48,140
02/20/2002,JNU,AK,AAL,WE,Towers with Display (VFR),20,6,3,0,29,0,67,23,0,90,20,73,26,0,119,10,0,10,129
02/21/2002,JNU,AK,AAL,WE,Towers with Display (VFR),21,7,1,0,29,0,149,28,3,180,21,156,29,3,209,58,0,58,267
02/22/2002,JNU,AK,AAL,WE,Towers with Display (VFR),19,5,5,0,29,0,128,42,2,172,19,133,47,2,201,108,0,108,309
02/23/2002,JNU,AK,AAL,WE,Towers with Display (VFR),20,3,0,0,23,0,103,57,183,343,20,106,57,183,366,58,0,58,424
02/24/2002,JNU,AK,AAL,WE,Towers with Display (VFR),24,2,1,0,27,0,72,49,0,121,24,74,50,0,148,22,0,22,170
02/25/2002,JNU,AK,AAL,WE,Towers with Display (VFR),14,7,0,0,21,0,1,0,0,1,14,8,0,0,22,0,0,0,22
02/26/2002,JNU,AK,AAL,WE,Towers with Display (VFR),22,14,4,0,40,0,87,19,2,108,22,101,23,2,148,2,0,2,150
02/27/2002,JNU,AK,AAL,WE,Towers with Display (VFR),22,7,3,0,32,0,130,24,2,156,22,137,27,2,188,42,0,42,230
02/28/2002,JNU,AK,AAL,WE,Towers with Display (VFR),21,6,2,0,29,0,104,13,0,117,21,110,15,0,146,48,0,48,194
03/01/2002,JNU,AK,AAL,WE,Towers with Display (VFR),22,7,2,0,31,0,96,18,0,114,22,103,20,0,145,44,0,44,189
03/02/2002,JNU,AK,AAL,WE,Towers with Display (VFR),18,7,1,0,26,0,67,2,0,69,18,74,3,0,95,22,0,22,117
03/03/2002,JNU,AK,AAL,WE,Towers with Display (VFR),19,2,1,2,24,0,68,39,0,107,19,70,40,2,131,38,0,38,169
03/04/2002,JNU,AK,AAL,WE,Towers with Display (VFR),21,5,1,0,27,1,98,35,0,134,22,103,36,0,161,38,0,38,199
03/05/2002,JNU,AK,AAL,WE,Towers with Display (VFR),21,6,2,0,29,0,87,15,3,105,21,93,17,3,134,12,0,12,146
03/06/2002,JNU,AK,AAL,WE,Towers with Display (VFR),22,3,5,1,31,0,127,21,1,149,22,130,26,2,180,48,0,48,228
03/07/2002,JNU,AK,AAL,WE,Towers with Display (VFR),19,7,2,1,29,0,110,21,0,131,19,117,23,1,160,40,0,40,200
03/08/2002,JNU,AK,AAL,WE,Towers with Display (VFR),22,7,2,2,33,0,135,36,7,178,22,142,38,9,211,50,2,52,263
03/09/2002,JNU,AK,AAL,WE,Towers with Display (VFR),20,4,1,0,25,1,60,13,0,74,21,64,14,0,99,22,0,22,121
03/10/2002,JNU,AK,AAL,WE,Towers with Display (VFR),23,3,0,0,26,0,70,34,0,104,23,73,34,0,130,16,0,16,146
03/11/2002,JNU,AK,AAL,WE,Towers with Display (VFR),22,9,5,0,36,0,73,19,3,95,22,82,24,3,131,10,0,10,141
03/12/2002,JNU,AK,AAL,WE,Towers with Display (VFR),20,6,1,0,27,0,110,32,2,144,20,116,33,2,171,82,0,82,253
03/13/2002,JNU,AK,AAL,WE,Towers with Display (VFR),18,7,28,0,53,0,49,6,0,55,18,56,34,0,108,30,0,30,138
03/14/2002,JNU,AK,AAL,WE,Towers with Display (VFR),22,5,1,2,30,0,147,39,2,188,22,152,40,4,218,66,0,66,284
03/15/2002,JNU,AK,AAL,WE,Towers with Display (VFR),21,2,2,1,26,0,128,39,1,168,21,130,41,2,194,26,0,26,220
03/16/2002,JNU,AK,AAL,WE,Towers with Display (VFR),20,5,1,0,26,0,112,47,0,159,20,117,48,0,185,94,0,94,279
03/17/2002,JNU,AK,AAL,WE,Towers with Display (VFR),23,0,0,0,23,0,117,57,0,174,23,117,57,0,197,38,0,38,235
03/18/2002,JNU,AK,AAL,WE,Towers with Display (VFR),18,5,1,0,24,0,118,15,1,134,18,123,16,1,158,0,0,0,158
03/19/2002,JNU,AK,AAL,WE,Towers with Display (VFR),22,4,5,0,31,0,120,28,4,152,22,124,33,4,183,2,0,2,185
03/20/2002,JNU,AK,AAL,WE,Towers with Display (VFR),18,4,2,0,24,1,133,25,0,159,19,137,27,0,183,46,0,46,229
03/21/2002,JNU,AK,AAL,WE,Towers with Display (VFR),23,1,5,0,29,0,125,19,2,146,23,126,24,2,175,2,0,2,177
03/22/2002,JNU,AK,AAL,WE,Towers with Display (VFR),21,6,0,0,27,0,152,30,0,182,21,158,30,0,209,46,0,46,255
03/23/2002,JNU,AK,AAL,WE,Towers with Display (VFR),28,5,1,0,34,0,114,60,0,174,28,119,61,0,208,68,0,68,276
03/24/2002,JNU,AK,AAL,WE,Towers with Display (VFR),23,0,1,0,24,0,78,56,0,134,23,78,57,0,158,90,0,90,248
03/25/2002,JNU,AK,AAL,WE,Towers with Display (VFR),21,5,1,0,27,0,115,11,0,126,21,120,12,0,153,6,0,6,159
03/26/2002,JNU,AK,AAL,WE,Towers with Display (VFR),21,13,2,3,39,0,101,18,0,119,21,114,20,3,158,0,0,0,158
03/27/2002,JNU,AK,AAL,WE,Towers with Display (VFR),22,12,2,3,39,0,96,15,3,114,22,108,17,6,153,4,0,4,157
03/28/2002,JNU,AK,AAL,WE,Towers with Display (VFR),19,5,3,2,29,0,126,10,3,139,19,131,13,5,168,2,0,2,170
03/29/2002,JNU,AK,AAL,WE,Towers with Display (VFR),21,5,4,0,30,0,140,39,1,180,21,145,43,1,210,10,0,10,220
03/30/2002,JNU,AK,AAL,WE,Towers with Display (VFR),21,7,3,0,31,0,145,53,0,198,21,152,56,0,229,82,0,82,311
03/31/2002,JNU,AK,AAL,WE,Towers with Display (VFR),21,0,0,0,21,0,130,26,0,156,21,130,26,0,177,24,0,24,201
04/01/2002,JNU,AK,AAL,WE,Towers with Display (VFR),19,2,2,0,23,1,137,23,0,161,20,139,25,0,184,40,0,40,224
04/02/2002,JNU,AK,AAL,WE,Towers with Display (VFR),21,2,1,0,24,0,134,39,1,174,21,136,40,1,198,72,0,72,270
04/03/2002,JNU,AK,AAL,WE,Towers with Display (VFR),20,0,3,0,23,0,142,18,0,160,20,142,21,0,183,8,0,8,191
04/04/2002,JNU,AK,AAL,WE,Towers with Display (VFR),22,3,1,2,28,0,107,7,0,114,22,110,8,2,142,0,0,0,142
04/05/2002,JNU,AK,AAL,WE,Towers with Display (VFR),20,1,1,0,22,0,123,16,3,142,20,124,17,3,164,12,0,12,176
04/06/2002,JNU,AK,AAL,WE,Towers with Display (VFR),25,4,3,0,32,0,114,57,0,171,25,118,60,0,203,90,0,90,293
04/07/2002,JNU,AK,AAL,WE,Towers with Display (VFR),22,1,1,0,24,1,98,40,3,142,23,99,41,3,166,32,0,32,198
04/08/2002,JNU,AK,AAL,WE,Towers with Display (VFR),21,3,0,0,24,0,125,41,0,166,21,128,41,0,190,50,2,52,242
04/09/2002,JNU,AK,AAL,WE,Towers with Display (VFR),21,4,1,1,27,1,162,40,2,205,22,166,41,3,232,74,0,74,306
04/10/2002,JNU,AK,AAL,WE,Towers with Display (VFR),21,4,3,2,30,0,139,16,11,166,21,143,19,13,196,62,0,62,258
04/11/2002,JNU,AK,AAL,WE,Towers with Display (VFR),21,2,1,0,24,0,180,25,3,208,21,182,26,3,232,38,0,38,270
04/12/2002,JNU,AK,AAL,WE,Towers with Display (VFR),22,13,5,0,40,0,99,6,0,105,22,112,11,0,145,6,0,6,151
04/13/2002,JNU,AK,AAL,WE,Towers with Display (VFR),19,3,0,0,22,2,152,46,0,200,21,155,46,0,222,38,0,38,260
04/14/2002,JNU,AK,AAL,WE,Towers with Display (VFR),18,4,5,2,29,3,108,50,0,161,21,112,55,2,190,102,0,102,292
04/15/2002,JNU,AK,AAL,WE,Towers with Display (VFR),19,3,3,0,25,1,117,22,0,140,20,120,25,0,165,8,0,8,173
04/16/2002,JNU,AK,AAL,WE,Towers with Display (VFR),20,2,3,0,25,1,150,52,1,204,21,152,55,1,229,64,2,66,295
04/17/2002,JNU,AK,AAL,WE,Towers with Display (VFR),18,1,2,1,22,3,147,52,0,202,21,148,54,1,224,78,0,78,302
04/18/2002,JNU,AK,AAL,WE,Towers with Display (VFR),18,4,5,0,27,1,159,39,0,199,19,163,44,0,226,30,2,32,258
04/19/2002,JNU,AK,AAL,WE,Towers with Display (VFR),21,7,6,0,34,0,138,19,0,157,21,145,25,0,191,6,0,6,197
04/20/2002,JNU,AK,AAL,WE,Towers with Display (VFR),22,5,1,1,29,0,119,24,1,144,22,124,25,2,173,60,0,60,233
04/21/2002,JNU,AK,AAL,WE,Towers with Display (VFR),22,1,3,0,26,0,115,17,0,132,22,116,20,0,158,14,0,14,172
04/22/2002,JNU,AK,AAL,WE,Towers with Display (VFR),22,2,0,0,24,0,158,55,0,213,22,160,55,0,237,48,0,48,285
04/23/2002,JNU,AK,AAL,WE,Towers with Display (VFR),20,3,6,2,31,0,181,18,0,199,20,184,24,2,230,18,0,18,248
04/24/2002,JNU,AK,AAL,WE,Towers with Display (VFR),23,3,5,0,31,1,209,44,0,254,24,212,49,0,285,32,0,32,317
04/25/2002,JNU,AK,AAL,WE,Towers with Display (VFR),20,4,2,0,26,0,199,42,0,241,20,203,44,0,267,48,0,48,315
04/26/2002,JNU,AK,AAL,WE,Towers with Display (VFR),24,4,3,0,31,0,202,50,1,253,24,206,53,1,284,74,0,74,358
04/27/2002,JNU,AK,AAL,WE,Towers with Display (VFR),21,1,2,0,24,0,173,67,0,240,21,174,69,0,264,122,0,122,386
04/28/2002,JNU,AK,AAL,WE,Towers with Display (VFR),24,0,3,0,27,0,151,61,0,212,24,151,64,0,239,90,0,90,329
04/29/2002,JNU,AK,AAL,WE,Towers with Display (VFR),23,5,4,1,33,0,203,63,0,266,23,208,67,1,299,110,0,110,409
04/30/2002,JNU,AK,AAL,WE,Towers with Display (VFR),23,2,1,0,26,1,243,61,0,305,24,245,62,0,331,168,0,168,499
05/01/2002,JNU,AK,AAL,WE,Towers with Display (VFR),22,3,2,0,27,0,167,29,0,196,22,170,31,0,223,17,0,17,240
05/02/2002,JNU,AK,AAL,WE,Towers with Display (VFR),20,1,0,2,23,2,163,28,3,196,22,164,28,5,219,36,0,36,255
05/03/2002,JNU,AK,AAL,WE,Towers with Display (VFR),22,4,0,0,26,0,190,36,7,233,22,194,36,7,259,18,0,18,277
05/04/2002,JNU,AK,AAL,WE,Towers with Display (VFR),22,2,4,0,28,3,163,29,0,195,25,165,33,0,223,72,0,72,295
05/05/2002,JNU,AK,AAL,WE,Towers with Display (VFR),23,1,1,5,30,0,201,34,2,237,23,202,35,7,267,86,0,86,353
05/06/2002,JNU,AK,AAL,WE,Towers with Display (VFR),24,3,2,2,31,0,182,53,4,239,24,185,55,6,270,56,0,56,326
05/07/2002,JNU,AK,AAL,WE,Towers with Display (VFR),23,5,6,2,36,1,258,40,0,299,24,263,46,2,335,76,0,76,411
05/08/2002,JNU,AK,AAL,WE,Towers with Display (VFR),23,8,1,1,33,1,324,39,1,365,24,332,40,2,398,18,0,18,416
05/09/2002,JNU,AK,AAL,WE,Towers with Display (VFR),23,3,2,0,28,0,181,33,1,215,23,184,35,1,243,100,0,100,343
05/10/2002,JNU,AK,AAL,WE,Towers with Display (VFR),23,8,6,0,37,0,230,30,2,262,23,238,36,2,299,144,0,144,443
05/11/2002,JNU,AK,AAL,WE,Towers with Display (VFR),22,4,4,0,30,0,152,49,0,201,22,156,53,0,231,184,0,184,415
05/12/2002,JNU,AK,AAL,WE,Towers with Display (VFR),25,2,0,0,27,0,198,34,0,232,25,200,34,0,259,150,0,150,409
05/13/2002,JNU,AK,AAL,WE,Towers with Display (VFR),26,3,2,0,31,0,236,37,0,273,26,239,39,0,304,78,0,78,382
05/14/2002,JNU,AK,AAL,WE,Towers with Display (VFR),24,4,2,0,30,0,452,31,3,486,24,456,33,3,516,16,0,16,532
05/15/2002,JNU,AK,AAL,WE,Towers with Display (VFR),21,6,2,0,29,1,429,59,1,490,22,435,61,1,519,52,0,52,571
05/16/2002,JNU,AK,AAL,WE,Towers with Display (VFR),24,4,4,0,32,0,337,56,1,394,24,341,60,1,426,104,0,104,530
05/17/2002,JNU,AK,AAL,WE,Towers with Display (VFR),23,7,5,1,36,0,314,59,0,373,23,321,64,1,409,96,0,96,505
05/18/2002,JNU,AK,AAL,WE,Towers with Display (VFR),22,4,6,0,32,0,260,91,0,351,22,264,97,0,383,68,0,68,451
05/19/2002,JNU,AK,AAL,WE,Towers with Display (VFR),27,0,0,0,27,0,271,114,0,385,27,271,114,0,412,66,0,66,478
05/20/2002,JNU,AK,AAL,WE,Towers with Display (VFR),26,3,4,2,35,0,439,67,0,506,26,442,71,2,541,60,0,60,601
05/21/2002,JNU,AK,AAL,WE,Towers with Display (VFR),25,6,4,1,36,1,399,71,0,471,26,405,75,1,507,50,0,50,557
05/22/2002,JNU,AK,AAL,WE,Towers with Display (VFR),27,6,11,0,44,0,227,18,0,245,27,233,29,0,289,10,0,10,299
05/23/2002,JNU,AK,AAL,WE,Towers with Display (VFR),25,58,9,0,92,0,401,47,1,449,25,459,56,1,541,48,0,48,589
05/24/2002,JNU,AK,AAL,WE,Towers with Display (VFR),22,6,4,0,32,0,551,114,0,665,22,557,118,0,697,86,0,86,783
05/25/2002,JNU,AK,AAL,WE,Towers with Display (VFR),27,3,2,0,32,0,405,90,0,495,27,408,92,0,527,80,0,80,607
05/26/2002,JNU,AK,AAL,WE,Towers with Display (VFR),24,0,0,0,24,0,307,66,0,373,24,307,66,0,397,66,0,66,463
05/27/2002,JNU,AK,AAL,WE,Towers with Display (VFR),23,1,3,0,27,2,349,45,0,396,25,350,48,0,423,22,0,22,445
05/28/2002,JNU,AK,AAL,WE,Towers with Display (VFR),25,13,3,1,42,1,542,29,1,573,26,555,32,2,615,30,0,30,645
05/29/2002,JNU,AK,AAL,WE,Towers with Display (VFR),28,4,2,0,34,0,473,50,0,523,28,477,52,0,557,40,0,40,597
05/30/2002,JNU,AK,AAL,WE,Towers with Display (VFR),26,4,4,0,34,1,580,53,0,634,27,584,57,0,668,78,0,78,746
05/31/2002,JNU,AK,AAL,WE,Towers with Display (VFR),25,6,0,2,33,0,482,38,0,520,25,488,38,2,553,73,0,73,626
06/01/2002,JNU,AK,AAL,WE,Towers with Display (VFR),26,4,3,1,34,0,357,42,0,399,26,361,45,1,433,98,0,98,531
06/02/2002,JNU,AK,AAL,WE,Towers with Display (VFR),25,1,5,2,33,0,438,38,0,476,25,439,43,2,509,44,0,44,553
06/03/2002,JNU,AK,AAL,WE,Towers with Display (VFR),24,3,5,4,36,0,413,67,0,480,24,416,72,4,516,74,0,74,590
06/04/2002,JNU,AK,AAL,WE,Towers with Display (VFR),28,35,3,0,66,0,164,19,0,183,28,199,22,0,249,16,0,16,265
06/05/2002,JNU,AK,AAL,WE,Towers with Display (VFR),26,5,2,0,33,0,631,60,0,691,26,636,62,0,724,18,0,18,742
06/06/2002,JNU,AK,AAL,WE,Towers with Display (VFR),28,8,5,3,44,0,727,67,0,794,28,735,72,3,838,86,0,86,924
06/07/2002,JNU,AK,AAL,WE,Towers with Display (VFR),24,5,10,0,39,0,567,107,2,676,24,572,117,2,715,94,4,98,813
06/08/2002,JNU,AK,AAL,WE,Towers with Display (VFR),24,9,2,0,35,0,540,131,0,671,24,549,133,0,706,204,0,204,910
06/09/2002,JNU,AK,AAL,WE,Towers with Display (VFR),31,5,5,0,41,5,390,50,0,445,36,395,55,0,486,52,0,52,538
06/10/2002,JNU,AK,AAL,WE,Towers with Display (VFR),38,4,0,0,42,0,503,48,2,553,38,507,48,2,595,56,0,56,651
06/11/2002,JNU,AK,AAL,WE,Towers with Display (VFR),33,5,5,0,43,0,672,78,3,753,33,677,83,3,796,138,0,138,934
06/12/2002,JNU,AK,AAL,WE,Towers with Display (VFR),36,8,2,0,46,3,650,105,1,759,39,658,107,1,805,80,0,80,885
06/13/2002,JNU,AK,AAL,WE,Towers with Display (VFR),38,3,7,0,48,0,752,97,0,849,38,755,104,0,897,80,0,80,977
06/14/2002,JNU,AK,AAL,WE,Towers with Display (VFR),33,5,6,0,44,1,572,60,4,637,34,577,66,4,681,48,0,48,729
06/15/2002,JNU,AK,AAL,WE,Towers with Display (VFR),37,1,2,0,40,0,503,68,0,571,37,504,70,0,611,8,0,8,619
06/16/2002,JNU,AK,AAL,WE,Towers with Display (VFR),39,0,6,0,45,10,536,86,0,632,49,536,92,0,677,60,0,60,737
06/17/2002,JNU,AK,AAL,WE,Towers with Display (VFR),33,4,5,0,42,1,594,50,0,645,34,598,55,0,687,10,0,10,697
06/18/2002,JNU,AK,AAL,WE,Towers with Display (VFR),37,3,12,0,52,0,550,60,5,615,37,553,72,5,667,86,0,86,753
06/19/2002,JNU,AK,AAL,WE,Towers with Display (VFR),35,7,10,2,54,0,671,33,4,708,35,678,43,6,762,8,0,8,770
06/20/2002,JNU,AK,AAL,WE,Towers with Display (VFR),36,9,7,2,54,0,771,55,0,826,36,780,62,2,880,108,0,108,988
06/21/2002,JNU,AK,AAL,WE,Towers with Display (VFR),36,5,4,0,45,0,569,61,0,630,36,574,65,0,675,144,0,144,819
06/22/2002,JNU,AK,AAL,WE,Towers with Display (VFR),38,4,9,4,55,0,665,86,0,751,38,669,95,4,806,64,0,64,870
06/23/2002,JNU,AK,AAL,WE,Towers with Display (VFR),36,0,10,1,47,1,532,79,0,612,37,532,89,1,659,40,0,40,699
06/24/2002,JNU,AK,AAL,WE,Towers with Display (VFR),35,4,8,1,48,1,564,29,0,594,36,568,37,1,642,30,0,30,672
06/25/2002,JNU,AK,AAL,WE,Towers with Display (VFR),38,3,13,1,55,0,699,31,2,732,38,702,44,3,787,4,0,4,791
06/26/2002,JNU,AK,AAL,WE,Towers with Display (VFR),33,7,5,0,45,0,694,34,4,732,33,701,39,4,777,46,0,46,823
06/27/2002,JNU,AK,AAL,WE,Towers with Display (VFR),35,11,7,0,53,0,656,66,0,722,35,667,73,0,775,110,2,112,887
06/28/2002,JNU,AK,AAL,WE,Towers with Display (VFR),36,6,6,0,48,0,564,67,1,632,36,570,73,1,680,78,0,78,758
06/29/2002,JNU,AK,AAL,WE,Towers with Display (VFR),37,0,2,1,40,1,484,49,0,534,38,484,51,1,574,28,0,28,602
06/30/2002,JNU,AK,AAL,WE,Towers with Display (VFR),36,2,1,1,40,2,476,80,0,558,38,478,81,1,598,102,0,102,700
07/01/2002,JNU,AK,AAL,WE,Towers with Display (VFR),36,6,7,1,50,1,357,23,0,381,37,363,30,1,431,8,0,8,439
07/02/2002,JNU,AK,AAL,WE,Towers with Display (VFR),38,7,4,0,49,0,390,36,1,427,38,397,40,1,476,8,0,8,484
07/03/2002,JNU,AK,AAL,WE,Towers with Display (VFR),32,9,7,0,48,0,644,41,0,685,32,653,48,0,733,46,0,46,779
07/04/2002,JNU,AK,AAL,WE,Towers with Display (VFR),31,0,3,0,34,0,224,30,0,254,31,224,33,0,288,42,0,42,330
07/05/2002,JNU,AK,AAL,WE,Towers with Display (VFR),38,9,12,0,59,0,492,69,1,562,38,501,81,1,621,52,0,52,673
07/06/2002,JNU,AK,AAL,WE,Towers with Display (VFR),42,2,10,0,54,0,596,89,0,685,42,598,99,0,739,78,0,78,817
07/07/2002,JNU,AK,AAL,WE,Towers with Display (VFR),40,0,4,0,44,2,620,114,2,738,42,620,118,2,782,100,4,104,886
07/08/2002,JNU,AK,AAL,WE,Towers with Display (VFR),37,1,3,0,41,2,745,74,1,822,39,746,77,1,863,46,0,46,909
07/09/2002,JNU,AK,AAL,WE,Towers with Display (VFR),38,10,7,0,55,1,563,55,3,622,39,573,62,3,677,54,0,54,731
07/10/2002,JNU,AK,AAL,WE,Towers with Display (VFR),38,6,9,0,53,0,572,52,0,624,38,578,61,0,677,22,0,22,699
07/11/2002,JNU,AK,AAL,WE,Towers with Display (VFR),34,5,11,0,50,0,646,65,0,711,34,651,76,0,761,50,10,60,821
07/12/2002,JNU,AK,AAL,WE,Towers with Display (VFR),35,3,6,3,47,0,620,74,4,698,35,623,80,7,745,92,0,92,837
07/13/2002,JNU,AK,AAL,WE,Towers with Display (VFR),45,4,5,0,54,0,513,47,0,560,45,517,52,0,614,16,0,16,630
07/14/2002,JNU,AK,AAL,WE,Towers with Display (VFR),39,3,16,0,58,0,458,59,0,517,39,461,75,0,575,40,0,40,615
07/15/2002,JNU,AK,AAL,WE,Towers with Display (VFR),29,4,6,3,42,3,656,67,2,728,32,660,73,5,770,68,0,68,838
07/16/2002,JNU,AK,AAL,WE,Towers with Display (VFR),39,5,1,0,45,0,747,73,0,820,39,752,74,0,865,110,0,110,975
07/17/2002,JNU,AK,AAL,WE,Towers with Display (VFR),39,10,3,0,52,0,675,39,0,714,39,685,42,0,766,32,0,32,798
07/18/2002,JNU,AK,AAL,WE,Towers with Display (VFR),37,8,2,0,47,0,865,62,0,927,37,873,64,0,974,166,2,168,1142
07/19/2002,JNU,AK,AAL,WE,Towers with Display (VFR),33,7,9,2,51,0,611,75,1,687,33,618,84,3,738,88,6,94,832
07/20/2002,JNU,AK,AAL,WE,Towers with Display (VFR),40,3,9,6,58,0,512,76,2,590,40,515,85,8,648,34,0,34,682
07/21/2002,JNU,AK,AAL,WE,Towers with Display (VFR),37,3,0,1,41,0,228,24,4,256,37,231,24,5,297,38,0,38,335
07/22/2002,JNU,AK,AAL,WE,Towers with Display (VFR),41,2,2,0,45,0,490,50,0,540,41,492,52,0,585,40,0,40,625
07/23/2002,JNU,AK,AAL,WE,Towers with Display (VFR),37,11,9,0,57,0,216,20,1,237,37,227,29,1,294,22,0,22,316
07/24/2002,JNU,AK,AAL,WE,Towers with Display (VFR),39,19,6,0,64,0,120,22,1,143,39,139,28,1,207,44,0,44,251
07/25/2002,JNU,AK,AAL,WE,Towers with Display (VFR),39,21,4,0,64,0,515,41,0,556,39,536,45,0,620,12,0,12,632
07/26/2002,JNU,AK,AAL,WE,Towers with Display (VFR),36,7,8,2,53,1,524,72,0,597,37,531,80,2,650,46,0,46,696
07/27/2002,JNU,AK,AAL,WE,Towers with Display (VFR),42,5,7,0,54,0,456,39,0,495,42,461,46,0,549,20,2,22,571
07/28/2002,JNU,AK,AAL,WE,Towers with Display (VFR),35,2,6,0,43,0,490,78,0,568,35,492,84,0,611,64,0,64,675
07/29/2002,JNU,AK,AAL,WE,Towers with Display (VFR),37,3,8,2,50,0,611,60,4,675,37,614,68,6,725,32,0,32,757
07/30/2002,JNU,AK,AAL,WE,Towers with Display (VFR),32,6,6,0,44,2,746,113,4,865,34,752,119,4,909,54,0,54,963
07/31/2002,JNU,AK,AAL,WE,Towers with Display (VFR),33,6,5,3,47,1,759,86,0,846,34,765,91,3,893,24,0,24,917
08/01/2002,JNU,AK,AAL,WE,Towers with Display (VFR),33,4,3,2,42,1,826,124,2,953,34,830,127,4,995,128,0,128,1123
08/02/2002,JNU,AK,AAL,WE,Towers with Display (VFR),35,1,4,0,40,1,744,99,4,848,36,745,103,4,888,26,0,26,914
08/03/2002,JNU,AK,AAL,WE,Towers with Display (VFR),38,5,5,0,48,3,628,81,1,713,41,633,86,1,761,58,0,58,819
08/04/2002,JNU,AK,AAL,WE,Towers with Display (VFR),40,1,9,0,50,2,750,102,1,855,42,751,111,1,905,62,0,62,967
08/05/2002,JNU,AK,AAL,WE,Towers with Display (VFR),36,2,6,1,45,2,682,95,1,780,38,684,101,2,825,32,0,32,857
08/06/2002,JNU,AK,AAL,WE,Towers with Display (VFR),33,5,7,0,45,2,845,86,0,933,35,850,93,0,978,34,0,34,1012
08/07/2002,JNU,AK,AAL,WE,Towers with Display (VFR),34,8,3,0,45,1,130,20,2,153,35,138,23,2,198,24,0,24,222
08/08/2002,JNU,AK,AAL,WE,Towers with Display (VFR),35,10,6,0,51,1,280,30,0,311,36,290,36,0,362,4,0,4,366
08/09/2002,JNU,AK,AAL,WE,Towers with Display (VFR),37,12,10,0,59,1,356,47,1,405,38,368,57,1,464,38,0,38,502
08/10/2002,JNU,AK,AAL,WE,Towers with Display (VFR),37,7,2,0,46,1,533,66,0,600,38,540,68,0,646,18,0,18,664
08/11/2002,JNU,AK,AAL,WE,Towers with Display (VFR),38,4,6,0,48,0,347,34,0,381,38,351,40,0,429,30,0,30,459
08/12/2002,JNU,AK,AAL,WE,Towers with Display (VFR),32,5,5,0,42,0,220,24,0,244,32,225,29,0,286,8,0,8,294
08/13/2002,JNU,AK,AAL,WE,Towers with Display (VFR),34,7,3,0,44,0,453,43,2,498,34,460,46,2,542,46,0,46,588
08/14/2002,JNU,AK,AAL,WE,Towers with Display (VFR),38,5,5,4,52,0,729,77,2,808,38,734,82,6,860,98,0,98,958
08/15/2002,JNU,AK,AAL,WE,Towers with Display (VFR),39,2,2,0,43,0,737,89,4,830,39,739,91,4,873,36,0,36,909
08/16/2002,JNU,AK,AAL,WE,Towers with Display (VFR),39,2,9,0,50,0,750,87,6,843,39,752,96,6,893,102,0,102,995
08/17/2002,JNU,AK,AAL,WE,Towers with Display (VFR),39,2,10,0,51,0,507,74,4,585,39,509,84,4,636,54,0,54,690
08/18/2002,JNU,AK,AAL,WE,Towers with Display (VFR),37,4,6,0,47,0,566,73,17,656,37,570,79,17,703,50,0,50,753
08/19/2002,JNU,AK,AAL,WE,Towers with Display (VFR),37,24,8,0,69,1,470,51,0,522,38,494,59,0,591,0,0,0,591
08/20/2002,JNU,AK,AAL,WE,Towers with Display (VFR),38,20,3,0,61,0,496,49,0,545,38,516,52,0,606,4,0,4,610
08/21/2002,JNU,AK,AAL,WE,Towers with Display (VFR),40,6,7,0,53,0,89,5,0,94,40,95,12,0,147,14,0,14,161
08/22/2002,JNU,AK,AAL,WE,Towers with Display (VFR),37,7,4,0,48,0,324,15,1,340,37,331,19,1,388,4,0,4,392
08/23/2002,JNU,AK,AAL,WE,Towers with Display (VFR),32,4,17,2,55,1,632,67,0,700,33,636,84,2,755,24,0,24,779
08/24/2002,JNU,AK,AAL,WE,Towers with Display (VFR),35,5,3,0,43,1,404,62,0,467,36,409,65,0,510,4,0,4,514
08/25/2002,JNU,AK,AAL,WE,Towers with Display (VFR),40,2,1,0,43,0,374,36,4,414,40,376,37,4,457,12,0,12,469
08/26/2002,JNU,AK,AAL,WE,Towers with Display (VFR),28,6,6,0,40,0,23,4,2,29,28,29,10,2,69,0,0,0,69
08/27/2002,JNU,AK,AAL,WE,Towers with Display (VFR),36,8,14,0,58,0,358,22,5,385,36,366,36,5,443,0,0,0,443
08/28/2002,JNU,AK,AAL,WE,Towers with Display (VFR),40,9,7,0,56,0,606,29,1,636,40,615,36,1,692,16,0,16,708
08/29/2002,JNU,AK,AAL,WE,Towers with Display (VFR),40,3,9,0,52,0,273,36,2,311,40,276,45,2,363,20,0,20,383
08/30/2002,JNU,AK,AAL,WE,Towers with Display (VFR),36,6,7,0,49,0,281,30,0,311,36,287,37,0,360,6,0,6,366
08/31/2002,JNU,AK,AAL,WE,Towers with Display (VFR),40,4,5,0,49,0,362,51,1,414,40,366,56,1,463,66,0,66,529
09/01/2002,JNU,AK,AAL,WE,Towers with Display (VFR),35,1,3,0,39,0,308,44,0,352,35,309,47,0,391,0,0,0,391
09/02/2002,JNU,AK,AAL,WE,Towers with Display (VFR),33,1,3,0,37,0,427,68,0,495,33,428,71,0,532,40,0,40,572
09/03/2002,JNU,AK,AAL,WE,Towers with Display (VFR),34,3,6,0,43,1,576,48,0,625,35,579,54,0,668,30,0,30,698
09/04/2002,JNU,AK,AAL,WE,Towers with Display (VFR),33,4,5,2,44,2,470,96,4,572,35,474,101,6,616,90,0,90,706
09/05/2002,JNU,AK,AAL,WE,Towers with Display (VFR),35,2,4,0,41,2,554,72,4,632,37,556,76,4,673,70,0,70,743
09/06/2002,JNU,AK,AAL,WE,Towers with Display (VFR),41,4,2,0,47,0,336,36,0,372,41,340,38,0,419,2,0,2,421
09/07/2002,JNU,AK,AAL,WE,Towers with Display (VFR),37,3,9,0,49,0,325,35,0,360,37,328,44,0,409,0,0,0,409
09/08/2002,JNU,AK,AAL,WE,Towers with Display (VFR),25,2,4,0,31,0,319,37,0,356,25,321,41,0,387,40,0,40,427
09/09/2002,JNU,AK,AAL,WE,Towers with Display (VFR),23,4,2,0,29,0,416,63,0,479,23,420,65,0,508,72,0,72,580
09/10/2002,JNU,AK,AAL,WE,Towers with Display (VFR),26,5,2,0,33,0,432,19,0,451,26,437,21,0,484,0,0,0,484
09/11/2002,JNU,AK,AAL,WE,Towers with Display (VFR),26,5,4,0,35,0,461,42,4,507,26,466,46,4,542,76,0,76,618
09/12/2002,JNU,AK,AAL,WE,Towers with Display (VFR),25,7,2,0,34,0,410,62,2,474,25,417,64,2,508,42,0,42,550
09/13/2002,JNU,AK,AAL,WE,Towers with Display (VFR),21,6,1,0,28,0,384,90,3,477,21,390,91,3,505,38,0,38,543
09/14/2002,JNU,AK,AAL,WE,Towers with Display (VFR),22,5,3,0,30,0,233,55,0,288,22,238,58,0,318,8,0,8,326
09/15/2002,JNU,AK,AAL,WE,Towers with Display (VFR),21,2,1,2,26,0,303,28,0,331,21,305,29,2,357,54,0,54,411
09/16/2002,JNU,AK,AAL,WE,Towers with Display (VFR),27,5,6,0,38,0,376,68,2,446,27,381,74,2,484,28,0,28,512
09/17/2002,JNU,AK,AAL,WE,Towers with Display (VFR),28,6,7,0,41,1,149,26,0,176,29,155,33,0,217,4,0,4,221
09/18/2002,JNU,AK,AAL,WE,Towers with Display (VFR),25,11,10,0,46,0,206,17,0,223,25,217,27,0,269,0,0,0,269
09/19/2002,JNU,AK,AAL,WE,Towers with Display (VFR),24,8,1,0,33,0,283,43,0,326,24,291,44,0,359,0,0,0,359
09/20/2002,JNU,AK,AAL,WE,Towers with Display (VFR),24,4,4,2,34,0,383,48,0,431,24,387,52,2,465,2,0,2,467
09/21/2002,JNU,AK,AAL,WE,Towers with Display (VFR),25,4,5,0,34,1,251,61,0,313,26,255,66,0,347,44,0,44,391
09/22/2002,JNU,AK,AAL,WE,Towers with Display (VFR),21,0,4,2,27,0,212,61,0,273,21,212,65,2,300,70,0,70,370
09/23/2002,JNU,AK,AAL,WE,Towers with Display (VFR),14,1,4,0,19,0,0,0,0,0,14,1,4,0,19,0,0,0,19
09/24/2002,JNU,AK,AAL,WE,Towers with Display (VFR),20,3,1,0,24,0,217,24,0,241,20,220,25,0,265,47,0,47,312
09/25/2002,JNU,AK,AAL,WE,Towers with Display (VFR),24,13,5,0,42,0,155,20,0,175,24,168,25,0,217,0,0,0,217
09/26/2002,JNU,AK,AAL,WE,Towers with Display (VFR),26,10,6,0,42,0,71,26,0,97,26,81,32,0,139,30,0,30,169
09/27/2002,JNU,AK,AAL,WE,Towers with Display (VFR),25,7,3,0,35,0,234,57,2,293,25,241,60,2,328,22,0,22,350
09/28/2002,JNU,AK,AAL,WE,Towers with Display (VFR),22,4,0,0,26,4,119,44,0,167,26,123,44,0,193,26,0,26,219
09/29/2002,JNU,AK,AAL,WE,Towers with Display (VFR),20,2,3,1,26,5,109,56,0,170,25,111,59,1,196,12,0,12,208
09/30/2002,JNU,AK,AAL,WE,Towers with Display (VFR),21,4,2,0,27,0,136,28,2,166,21,140,30,2,193,4,0,4,197
10/01/2002,JNU,AK,AAL,WE,Towers with Display (VFR),25,6,3,0,34,0,89,11,0,100,25,95,14,0,134,12,0,12,146
10/02/2002,JNU,AK,AAL,WE,Towers with Display (VFR),25,6,3,2,36,0,149,63,2,214,25,155,66,4,250,48,0,48,298
10/03/2002,JNU,AK,AAL,WE,Towers with Display (VFR),24,4,6,2,36,0,180,48,0,228,24,184,54,2,264,20,0,20,284
10/04/2002,JNU,AK,AAL,WE,Towers with Display (VFR),31,5,5,0,41,4,126,33,0,163,35,131,38,0,204,18,0,18,222
10/05/2002,JNU,AK,AAL,WE,Towers with Display (VFR),26,3,4,0,33,3,69,9,0,81,29,72,13,0,114,10,0,10,124
10/06/2002,JNU,AK,AAL,WE,Towers with Display (VFR),26,0,1,0,27,0,74,27,0,101,26,74,28,0,128,52,0,52,180
10/07/2002,JNU,AK,AAL,WE,Towers with Display (VFR),32,0,1,0,33,2,107,15,0,124,34,107,16,0,157,12,0,12,169
10/08/2002,JNU,AK,AAL,WE,Towers with Display (VFR),24,6,2,2,34,0,103,21,2,126,24,109,23,4,160,24,0,24,184
10/09/2002,JNU,AK,AAL,WE,Towers with Display (VFR),29,2,0,0,31,11,123,44,0,178,40,125,44,0,209,44,0,44,253
10/10/2002,JNU,AK,AAL,WE,Towers with Display (VFR),25,3,2,2,32,0,152,61,4,217,25,155,63,6,249,4,0,4,253
10/11/2002,JNU,AK,AAL,WE,Towers with Display (VFR),22,7,1,0,30,9,137,29,0,175,31,144,30,0,205,24,0,24,229
10/12/2002,JNU,AK,AAL,WE,Towers with Display (VFR),42,4,8,0,54,11,83,24,0,118,53,87,32,0,172,70,0,70,242
10/13/2002,JNU,AK,AAL,WE,Towers with Display (VFR),25,1,1,0,27,9,85,52,0,146,34,86,53,0,173,84,0,84,257
10/14/2002,JNU,AK,AAL,WE,Towers with Display (VFR),20,2,1,2,25,0,57,7,1,65,20,59,8,3,90,6,0,6,96
10/15/2002,JNU,AK,AAL,WE,Towers with Display (VFR),25,8,0,2,35,0,32,10,0,42,25,40,10,2,77,0,0,0,77
10/16/2002,JNU,AK,AAL,WE,Towers with Display (VFR),26,3,3,0,32,0,120,10,0,130,26,123,13,0,162,14,0,14,176
10/17/2002,JNU,AK,AAL,WE,Towers with Display (VFR),28,9,4,1,42,1,132,43,0,176,29,141,47,1,218,90,0,90,308
10/18/2002,JNU,AK,AAL,WE,Towers with Display (VFR),17,3,2,3,25,0,80,23,0,103,17,83,25,3,128,6,0,6,134
10/19/2002,JNU,AK,AAL,WE,Towers with Display (VFR),23,4,1,0,28,0,78,19,0,97,23,82,20,0,125,56,0,56,181
10/20/2002,JNU,AK,AAL,WE,Towers with Display (VFR),34,2,5,0,41,9,62,3,0,74,43,64,8,0,115,66,0,66,181
10/21/2002,JNU,AK,AAL,WE,Towers with Display (VFR),32,2,2,0,36,0,77,14,0,91,32,79,16,0,127,10,0,10,137
10/22/2002,JNU,AK,AAL,WE,Towers with Display (VFR),13,30,8,0,51,0,0,0,0,0,13,30,8,0,51,0,0,0,51
10/23/2002,JNU,AK,AAL,WE,Towers with Display (VFR),20,20,0,0,40,0,81,21,2,104,20,101,21,2,144,0,0,0,144
10/24/2002,JNU,AK,AAL,WE,Towers with Display (VFR),17,8,4,0,29,0,56,17,0,73,17,64,21,0,102,2,0,2,104
10/25/2002,JNU,AK,AAL,WE,Towers with Display (VFR),26,13,3,0,42,0,188,58,0,246,26,201,61,0,288,42,0,42,330
10/26/2002,JNU,AK,AAL,WE,Towers with Display (VFR),19,4,0,0,23,0,89,32,0,121,19,93,32,0,144,78,0,78,222
10/27/2002,JNU,AK,AAL,WE,Towers with Display (VFR),19,0,1,0,20,0,62,17,0,79,19,62,18,0,99,46,0,46,145
10/28/2002,JNU,AK,AAL,WE,Towers with Display (VFR),14,84,15,0,113,0,23,3,0,26,14,107,18,0,139,0,0,0,139
10/29/2002,JNU,AK,AAL,WE,Towers with Display (VFR),0,0,1,0,1,0,0,1,0,1,0,0,2,0,2,0,0,0,2
10/30/2002,JNU,AK,AAL,WE,Towers with Display (VFR),0,2,1,0,3,0,0,0,0,0,0,2,1,0,3,0,0,0,3
10/31/2002,JNU,AK,AAL,WE,Towers with Display (VFR),7,4,8,0,19,0,0,0,0,0,7,4,8,0,19,0,0,0,19
11/01/2002,JNU,AK,AAL,WE,Towers with Display (VFR),30,12,6,4,52,0,166,25,1,192,30,178,31,5,244,86,0,86,330
11/02/2002,JNU,AK,AAL,WE,Towers with Display (VFR),25,30,10,0,65,0,61,31,0,92,25,91,41,0,157,32,0,32,189
11/03/2002,JNU,AK,AAL,WE,Towers with Display (VFR),23,2,0,2,27,0,81,57,0,138,23,83,57,2,165,32,0,32,197
11/04/2002,JNU,AK,AAL,WE,Towers with Display (VFR),22,2,1,0,25,0,122,35,0,157,22,124,36,0,182,114,0,114,296
11/05/2002,JNU,AK,AAL,WE,Towers with Display (VFR),21,4,2,0,27,0,115,16,2,133,21,119,18,2,160,0,6,6,166
11/06/2002,JNU,AK,AAL,WE,Towers with Display (VFR),27,5,0,0,32,4,118,5,0,127,31,123,5,0,159,74,0,74,233
11/07/2002,JNU,AK,AAL,WE,Towers with Display (VFR),17,7,1,0,25,5,104,54,1,164,22,111,55,1,189,46,0,46,235
11/08/2002,JNU,AK,AAL,WE,Towers with Display (VFR),20,5,3,1,29,3,163,44,2,212,23,168,47,3,241,4,2,6,247
11/09/2002,JNU,AK,AAL,WE,Towers with Display (VFR),19,5,1,0,25,0,112,55,1,168,19,117,56,1,193,48,0,48,241
11/10/2002,JNU,AK,AAL,WE,Towers with Display (VFR),20,5,7,0,32,0,56,25,1,82,20,61,32,1,114,52,0,52,166
11/11/2002,JNU,AK,AAL,WE,Towers with Display (VFR),21,68,17,0,106,0,13,7,0,20,21,81,24,0,126,0,0,0,126
11/12/2002,JNU,AK,AAL,WE,Towers with Display (VFR),24,4,2,0,30,6,108,43,1,158,30,112,45,1,188,72,0,72,260
11/13/2002,JNU,AK,AAL,WE,Towers with Display (VFR),37,2,0,2,41,2,98,20,1,121,39,100,20,3,162,6,0,6,168
11/14/2002,JNU,AK,AAL,WE,Towers with Display (VFR),25,5,5,0,35,0,126,21,2,149,25,131,26,2,184,0,0,0,184
11/15/2002,JNU,AK,AAL,WE,Towers with Display (VFR),22,5,3,0,30,1,128,41,0,170,23,133,44,0,200,54,0,54,254
11/16/2002,JNU,AK,AAL,WE,Towers with Display (VFR),27,8,2,0,37,0,107,74,2,183,27,115,76,2,220,38,2,40,260
11/17/2002,JNU,AK,AAL,WE,Towers with Display (VFR),34,5,7,0,46,1,67,15,0,83,35,72,22,0,129,154,0,154,283
11/18/2002,JNU,AK,AAL,WE,Towers with Display (VFR),23,7,2,0,32,0,109,57,0,166,23,116,59,0,198,106,0,106,304
11/19/2002,JNU,AK,AAL,WE,Towers with Display (VFR),20,7,3,0,30,4,100,21,3,128,24,107,24,3,158,6,0,6,164
11/20/2002,JNU,AK,AAL,WE,Towers with Display (VFR),21,4,2,0,27,0,82,17,0,99,21,86,19,0,126,30,0,30,156
11/21/2002,JNU,AK,AAL,WE,Towers with Display (VFR),23,4,1,2,30,0,106,29,0,135,23,110,30,2,165,44,0,44,209
11/22/2002,JNU,AK,AAL,WE,Towers with Display (VFR),14,18,8,0,40,0,96,10,0,106,14,114,18,0,146,24,0,24,170
11/23/2002,JNU,AK,AAL,WE,Towers with Display (VFR),5,11,4,0,20,0,8,1,0,9,5,19,5,0,29,0,0,0,29
11/24/2002,JNU,AK,AAL,WE,Towers with Display (VFR),27,2,2,0,31,1,90,26,0,117,28,92,28,0,148,66,0,66,214
11/25/2002,JNU,AK,AAL,WE,Towers with Display (VFR),25,4,4,0,33,0,105,8,0,113,25,109,12,0,146,60,0,60,206
11/26/2002,JNU,AK,AAL,WE,Towers with Display (VFR),14,17,3,0,34,0,46,2,0,48,14,63,5,0,82,0,0,0,82
11/27/2002,JNU,AK,AAL,WE,Towers with Display (VFR),25,6,8,0,39,0,100,9,0,109,25,106,17,0,148,0,0,0,148
11/28/2002,JNU,AK,AAL,WE,Towers with Display (VFR),9,1,0,0,10,0,28,51,0,79,9,29,51,0,89,56,0,56,145
11/29/2002,JNU,AK,AAL,WE,Towers with Display (VFR),20,4,5,0,29,0,110,14,0,124,20,114,19,0,153,8,2,10,163
11/30/2002,JNU,AK,AAL,WE,Towers with Display (VFR),23,5,1,0,29,0,79,16,0,95,23,84,17,0,124,10,0,10,134
12/01/2002,JNU,AK,AAL,WE,Towers with Display (VFR),7,2,6,0,15,0,24,1,0,25,7,26,7,0,40,0,0,0,40
12/02/2002,JNU,AK,AAL,WE,Towers with Display (VFR),4,8,21,2,35,0,0,0,0,0,4,8,21,2,35,0,0,0,35
12/03/2002,JNU,AK,AAL,WE,Towers with Display (VFR),15,2,2,0,19,3,163,48,0,214,18,165,50,0,233,52,0,52,285
12/04/2002,JNU,AK,AAL,WE,Towers with Display (VFR),2,11,1,0,14,0,1,0,0,1,2,12,1,0,15,0,0,0,15
12/05/2002,JNU,AK,AAL,WE,Towers with Display (VFR),25,8,6,0,39,0,111,14,0,125,25,119,20,0,164,22,6,28,192
12/06/2002,JNU,AK,AAL,WE,Towers with Display (VFR),21,11,2,2,36,0,56,7,1,64,21,67,9,3,100,0,14,14,114
12/07/2002,JNU,AK,AAL,WE,Towers with Display (VFR),21,5,0,0,26,0,61,21,0,82,21,66,21,0,108,21,0,21,129
12/08/2002,JNU,AK,AAL,WE,Towers with Display (VFR),20,2,0,2,24,0,54,11,0,65,20,56,11,2,89,82,0,82,171
12/09/2002,JNU,AK,AAL,WE,Towers with Display (VFR),22,10,3,0,35,0,85,12,0,97,22,95,15,0,132,0,0,0,132
12/10/2002,JNU,AK,AAL,WE,Towers with Display (VFR),17,18,0,0,35,0,45,0,0,45,17,63,0,0,80,0,0,0,80
12/11/2002,JNU,AK,AAL,WE,Towers with Display (VFR),25,9,4,0,38,0,88,31,0,119,25,97,35,0,157,62,0,62,219
12/12/2002,JNU,AK,AAL,WE,Towers with Display (VFR),29,8,4,0,41,0,99,6,6,111,29,107,10,6,152,18,0,18,170
12/13/2002,JNU,AK,AAL,WE,Towers with Display (VFR),26,8,3,0,37,0,91,25,2,118,26,99,28,2,155,46,0,46,201
12/14/2002,JNU,AK,AAL,WE,Towers with Display (VFR),22,3,2,0,27,1,33,16,0,50,23,36,18,0,77,16,0,16,93
12/15/2002,JNU,AK,AAL,WE,Towers with Display (VFR),20,1,2,0,23,0,76,32,1,109,20,77,34,1,132,16,0,16,148
12/16/2002,JNU,AK,AAL,WE,Towers with Display (VFR),27,4,2,2,35,0,83,16,2,101,27,87,18,4,136,0,2,2,138
12/17/2002,JNU,AK,AAL,WE,Towers with Display (VFR),23,5,2,0,30,0,105,31,5,141,23,110,33,5,171,36,0,36,207
12/18/2002,JNU,AK,AAL,WE,Towers with Display (VFR),21,5,2,2,30,0,79,31,1,111,21,84,33,3,141,84,0,84,225
12/19/2002,JNU,AK,AAL,WE,Towers with Display (VFR),22,12,2,1,37,0,87,13,5,105,22,99,15,6,142,46,8,54,196
12/20/2002,JNU,AK,AAL,WE,Towers with Display (VFR),26,8,0,0,34,0,75,19,0,94,26,83,19,0,128,36,12,48,176
12/21/2002,JNU,AK,AAL,WE,Towers with Display (VFR),26,5,2,0,33,0,84,35,0,119,26,89,37,0,152,32,0,32,184
12/22/2002,JNU,AK,AAL,WE,Towers with Display (VFR),24,2,2,0,28,0,8,7,0,15,24,10,9,0,43,2,0,2,45
12/23/2002,JNU,AK,AAL,WE,Towers with Display (VFR),19,4,2,0,25,0,76,3,0,79,19,80,5,0,104,2,0,2,106
12/24/2002,JNU,AK,AAL,WE,Towers with Display (VFR),18,5,0,0,23,1,67,15,0,83,19,72,15,0,106,30,0,30,136
12/25/2002,JNU,AK,AAL,WE,Towers with Display (VFR),9,0,2,0,11,0,0,0,0,0,9,0,2,0,11,0,0,0,11
12/26/2002,JNU,AK,AAL,WE,Towers with Display (VFR),23,4,3,0,30,0,82,18,1,101,23,86,21,1,131,28,0,28,159
12/27/2002,JNU,AK,AAL,WE,Towers with Display (VFR),20,7,5,0,32,0,12,1,0,13,20,19,6,0,45,0,0,0,45
12/28/2002,JNU,AK,AAL,WE,Towers with Display (VFR),20,3,1,2,26,0,2,0,1,3,20,5,1,3,29,0,0,0,29
12/29/2002,JNU,AK,AAL,WE,Towers with Display (VFR),16,1,0,0,17,0,56,18,0,74,16,57,18,0,91,22,0,22,113
12/30/2002,JNU,AK,AAL,WE,Towers with Display (VFR),25,4,2,0,31,0,71,14,0,85,25,75,16,0,116,18,0,18,134
12/31/2002,JNU,AK,AAL,WE,Towers with Display (VFR),21,5,1,0,27,0,16,0,0,16,21,21,1,0,43,0,0,0,43
01/01/2003,JNU,AK,AAL,WE,Towers with Display (VFR),18,0,3,0,21,0,28,10,0,38,18,28,13,0,59,32,0,32,91
01/02/2003,JNU,AK,AAL,WE,Towers with Display (VFR),4,5,0,0,9,0,0,0,0,0,4,5,0,0,9,0,0,0,9
01/03/2003,JNU,AK,AAL,WE,Towers with Display (VFR),22,10,2,0,34,1,127,27,0,155,23,137,29,0,189,24,2,26,215
01/04/2003,JNU,AK,AAL,WE,Towers with Display (VFR),22,3,2,0,27,0,51,13,3,67,22,54,15,3,94,4,0,4,98
01/05/2003,JNU,AK,AAL,WE,Towers with Display (VFR),24,1,1,0,26,0,31,4,0,35,24,32,5,0,61,4,0,4,65
01/06/2003,JNU,AK,AAL,WE,Towers with Display (VFR),15,5,2,0,22,3,88,14,0,105,18,93,16,0,127,80,0,80,207
01/07/2003,JNU,AK,AAL,WE,Towers with Display (VFR),23,4,1,0,28,0,76,17,4,97,23,80,18,4,125,28,0,28,153
01/08/2003,JNU,AK,AAL,WE,Towers with Display (VFR),21,3,0,0,24,0,115,33,0,148,21,118,33,0,172,70,0,70,242
01/09/2003,JNU,AK,AAL,WE,Towers with Display (VFR),24,4,4,0,32,0,122,24,2,148,24,126,28,2,180,64,0,64,244
01/10/2003,JNU,AK,AAL,WE,Towers with Display (VFR),21,6,0,0,27,1,113,25,2,141,22,119,25,2,168,90,0,90,258
01/11/2003,JNU,AK,AAL,WE,Towers with Display (VFR),20,3,0,1,24,0,83,38,0,121,20,86,38,1,145,60,0,60,205
01/12/2003,JNU,AK,AAL,WE,Towers with Display (VFR),24,1,1,0,26,0,61,16,0,77,24,62,17,0,103,18,0,18,121
01/13/2003,JNU,AK,AAL,WE,Towers with Display (VFR),13,4,3,1,21,0,78,8,0,86,13,82,11,1,107,0,0,0,107
01/14/2003,JNU,AK,AAL,WE,Towers with Display (VFR),23,1,3,0,27,0,84,31,0,115,23,85,34,0,142,68,0,68,210
01/15/2003,JNU,AK,AAL,WE,Towers with Display (VFR),25,27,5,0,57,0,3,1,2,6,25,30,6,2,63,8,0,8,71
01/16/2003,JNU,AK,AAL,WE,Towers with Display (VFR),11,4,5,0,20,0,70,21,0,91,11,74,26,0,111,4,0,4,115
01/17/2003,JNU,AK,AAL,WE,Towers with Display (VFR),24,11,7,0,42,0,35,4,0,39,24,46,11,0,81,0,0,0,81
01/18/2003,JNU,AK,AAL,WE,Towers with Display (VFR),12,4,1,0,17,0,43,7,0,50,12,47,8,0,67,16,0,16,83
01/19/2003,JNU,AK,AAL,WE,Towers with Display (VFR),22,12,8,0,42,0,37,9,0,46,22,49,17,0,88,6,0,6,94
01/20/2003,JNU,AK,AAL,WE,Towers with Display (VFR),25,3,0,0,28,0,69,21,0,90,25,72,21,0,118,66,0,66,184
01/21/2003,JNU,AK,AAL,WE,Towers with Display (VFR),21,2,1,2,26,0,86,21,0,107,21,88,22,2,133,0,0,0,133
01/22/2003,JNU,AK,AAL,WE,Towers with Display (VFR),23,1,2,0,26,0,59,2,0,61,23,60,4,0,87,12,0,12,99
01/23/2003,JNU,AK,AAL,WE,Towers with Display (VFR),23,4,3,0,30,0,73,6,0,79,23,77,9,0,109,2,0,2,111
01/24/2003,JNU,AK,AAL,WE,Towers with Display (VFR),20,7,1,0,28,0,3,0,0,3,20,10,1,0,31,0,0,0,31
01/25/2003,JNU,AK,AAL,WE,Towers with Display (VFR),25,3,2,0,30,0,6,1,0,7,25,9,3,0,37,10,0,10,47
01/26/2003,JNU,AK,AAL,WE,Towers with Display (VFR),21,1,3,0,25,1,0,0,0,1,22,1,3,0,26,0,0,0,26
01/27/2003,JNU,AK,AAL,WE,Towers with Display (VFR),20,6,1,0,27,0,4,0,0,4,20,10,1,0,31,0,0,0,31
01/28/2003,JNU,AK,AAL,WE,Towers with Display (VFR),25,27,3,0,55,0,50,2,0,52,25,77,5,0,107,2,0,2,109
01/29/2003,JNU,AK,AAL,WE,Towers with Display (VFR),23,12,5,3,43,0,57,5,1,63,23,69,10,4,106,4,0,4,110
01/30/2003,JNU,AK,AAL,WE,Towers with Display (VFR),12,7,5,1,25,0,95,14,0,109,12,102,19,1,134,14,0,14,148
01/31/2003,JNU,AK,AAL,WE,Towers with Display (VFR),26,3,0,1,30,0,119,62,0,181,26,122,62,1,211,48,0,48,259
02/01/2003,JNU,AK,AAL,WE,Towers with Display (VFR),23,3,3,1,30,1,43,21,1,66,24,46,24,2,96,38,0,38,134
02/02/2003,JNU,AK,AAL,WE,Towers with Display (VFR),20,1,3,1,25,0,43,9,0,52,20,44,12,1,77,12,0,12,89
02/03/2003,JNU,AK,AAL,WE,Towers with Display (VFR),24,2,4,0,30,0,65,7,0,72,24,67,11,0,102,14,0,14,116
02/04/2003,JNU,AK,AAL,WE,Towers with Display (VFR),20,4,3,0,27,0,78,9,1,88,20,82,12,1,115,10,0,10,125
02/05/2003,JNU,AK,AAL,WE,Towers with Display (VFR),23,6,3,0,32,0,86,31,0,117,23,92,34,0,149,18,0,18,167
02/06/2003,JNU,AK,AAL,WE,Towers with Display (VFR),15,8,1,2,26,0,83,20,3,106,15,91,21,5,132,2,0,2,134
02/07/2003,JNU,AK,AAL,WE,Towers with Display (VFR),26,7,3,0,36,0,93,12,0,105,26,100,15,0,141,4,0,4,145
02/08/2003,JNU,AK,AAL,WE,Towers with Display (VFR),22,4,2,0,28,0,24,37,0,61,22,28,39,0,89,94,0,94,183
02/09/2003,JNU,AK,AAL,WE,Towers with Display (VFR),32,3,6,0,41,0,58,20,0,78,32,61,26,0,119,0,0,0,119
02/10/2003,JNU,AK,AAL,WE,Towers with Display (VFR),21,10,0,0,31,1,11,1,2,15,22,21,1,2,46,16,0,16,62
02/11/2003,JNU,AK,AAL,WE,Towers with Display (VFR),28,4,2,0,34,0,119,16,1,136,28,123,18,1,170,18,0,18,188
02/12/2003,JNU,AK,AAL,WE,Towers with Display (VFR),23,5,2,0,30,0,104,10,1,115,23,109,12,1,145,6,0,6,151
02/13/2003,JNU,AK,AAL,WE,Towers with Display (VFR),27,10,6,2,45,0,81,27,0,108,27,91,33,2,153,50,0,50,203
02/14/2003,JNU,AK,AAL,WE,Towers with Display (VFR),22,6,3,0,31,0,75,43,0,118,22,81,46,0,149,34,0,34,183
02/15/2003,JNU,AK,AAL,WE,Towers with Display (VFR),23,2,0,0,25,0,84,49,1,134,23,86,49,1,159,128,0,128,287
02/16/2003,JNU,AK,AAL,WE,Towers with Display (VFR),18,2,3,0,23,0,60,28,0,88,18,62,31,0,111,36,0,36,147
02/17/2003,JNU,AK,AAL,WE,Towers with Display (VFR),21,6,2,0,29,0,74,30,2,106,21,80,32,2,135,16,0,16,151
02/18/2003,JNU,AK,AAL,WE,Towers with Display (VFR),21,14,8,0,43,0,11,1,0,12,21,25,9,0,55,0,0,0,55
02/19/2003,JNU,AK,AAL,WE,Towers with Display (VFR),19,6,4,0,29,0,36,5,0,41,19,42,9,0,70,16,0,16,86
02/20/2003,JNU,AK,AAL,WE,Towers with Display (VFR),20,6,2,0,28,0,118,25,0,143,20,124,27,0,171,12,0,12,183
02/21/2003,JNU,AK,AAL,WE,Towers with Display (VFR),22,4,4,4,34,0,116,17,0,133,22,120,21,4,167,0,0,0,167
02/22/2003,JNU,AK,AAL,WE,Towers with Display (VFR),22,2,0,0,24,1,77,29,0,107,23,79,29,0,131,12,0,12,143
02/23/2003,JNU,AK,AAL,WE,Towers with Display (VFR),22,0,0,0,22,0,88,64,0,152,22,88,64,0,174,38,0,38,212
02/24/2003,JNU,AK,AAL,WE,Towers with Display (VFR),21,10,6,0,37,0,10,1,0,11,21,20,7,0,48,0,0,0,48
02/25/2003,JNU,AK,AAL,WE,Towers with Display (VFR),19,6,6,0,31,0,76,16,0,92,19,82,22,0,123,0,0,0,123
02/26/2003,JNU,AK,AAL,WE,Towers with Display (VFR),21,9,1,2,33,1,45,13,4,63,22,54,14,6,96,0,12,12,108
02/27/2003,JNU,AK,AAL,WE,Towers with Display (VFR),21,7,3,0,31,0,53,14,0,67,21,60,17,0,98,0,0,0,98
02/28/2003,JNU,AK,AAL,WE,Towers with Display (VFR),22,5,4,2,33,0,121,26,0,147,22,126,30,2,180,18,0,18,198
03/01/2003,JNU,AK,AAL,WE,Towers with Display (VFR),23,5,4,0,32,1,89,6,0,96,24,94,10,0,128,40,0,40,168
03/02/2003,JNU,AK,AAL,WE,Towers with Display (VFR),19,3,1,0,23,1,46,30,0,77,20,49,31,0,100,48,0,48,148
03/03/2003,JNU,AK,AAL,WE,Towers with Display (VFR),9,15,0,1,25,0,3,0,1,4,9,18,0,2,29,0,0,0,29
03/04/2003,JNU,AK,AAL,WE,Towers with Display (VFR),22,5,2,0,29,1,107,5,6,119,23,112,7,6,148,10,20,30,178
03/05/2003,JNU,AK,AAL,WE,Towers with Display (VFR),23,3,1,0,27,1,85,11,0,97,24,88,12,0,124,4,0,4,128
03/06/2003,JNU,AK,AAL,WE,Towers with Display (VFR),23,4,1,0,28,1,108,12,0,121,24,112,13,0,149,62,0,62,211
03/07/2003,JNU,AK,AAL,WE,Towers with Display (VFR),24,2,3,0,29,1,93,20,1,115,25,95,23,1,144,0,0,0,144
03/08/2003,JNU,AK,AAL,WE,Towers with Display (VFR),22,4,2,2,30,1,63,8,1,73,23,67,10,3,103,0,0,0,103
03/09/2003,JNU,AK,AAL,WE,Towers with Display (VFR),21,2,2,0,25,1,74,7,1,83,22,76,9,1,108,0,0,0,108
03/10/2003,JNU,AK,AAL,WE,Towers with Display (VFR),26,0,4,0,30,0,96,14,2,112,26,96,18,2,142,0,0,0,142
03/11/2003,JNU,AK,AAL,WE,Towers with Display (VFR),21,0,3,1,25,0,107,12,1,120,21,107,15,2,145,6,0,6,151
03/12/2003,JNU,AK,AAL,WE,Towers with Display (VFR),25,0,2,0,27,0,72,4,3,79,25,72,6,3,106,0,0,0,106
03/13/2003,JNU,AK,AAL,WE,Towers with Display (VFR),6,0,1,0,7,0,0,0,0,0,6,0,1,0,7,0,0,0,7
03/14/2003,JNU,AK,AAL,WE,Towers with Display (VFR),28,5,7,0,40,0,103,14,5,122,28,108,21,5,162,0,0,0,162
03/15/2003,JNU,AK,AAL,WE,Towers with Display (VFR),23,2,0,1,26,0,101,27,0,128,23,103,27,1,154,76,0,76,230
03/16/2003,JNU,AK,AAL,WE,Towers with Display (VFR),22,1,0,2,25,0,51,41,0,92,22,52,41,2,117,86,0,86,203
03/17/2003,JNU,AK,AAL,WE,Towers with Display (VFR),21,2,1,0,24,0,78,19,0,97,21,80,20,0,121,20,0,20,141
03/18/2003,JNU,AK,AAL,WE,Towers with Display (VFR),24,4,5,0,33,0,95,24,1,120,24,99,29,1,153,46,0,46,199
03/19/2003,JNU,AK,AAL,WE,Towers with Display (VFR),21,2,1,2,26,1,117,36,2,156,22,119,37,4,182,62,0,62,244
03/20/2003,JNU,AK,AAL,WE,Towers with Display (VFR),23,3,0,3,29,0,125,24,1,150,23,128,24,4,179,28,0,28,207
03/21/2003,JNU,AK,AAL,WE,Towers with Display (VFR),21,8,0,0,29,0,175,53,5,233,21,183,53,5,262,48,0,48,310
03/22/2003,JNU,AK,AAL,WE,Towers with Display (VFR),22,9,1,0,32,0,81,43,0,124,22,90,44,0,156,70,0,70,226
03/23/2003,JNU,AK,AAL,WE,Towers with Display (VFR),20,0,0,0,20,0,56,29,0,85,20,56,29,0,105,50,0,50,155
03/24/2003,JNU,AK,AAL,WE,Towers with Display (VFR),22,2,4,0,28,0,128,24,0,152,22,130,28,0,180,16,0,16,196
03/25/2003,JNU,AK,AAL,WE,Towers with Display (VFR),11,2,1,0,14,1,87,24,4,116,12,89,25,4,130,60,0,60,190
03/26/2003,JNU,AK,AAL,WE,Towers with Display (VFR),22,6,3,0,31,0,99,53,5,157,22,105,56,5,188,68,0,68,256
03/27/2003,JNU,AK,AAL,WE,Towers with Display (VFR),15,6,9,2,32,1,120,40,0,161,16,126,49,2,193,32,0,32,225
03/28/2003,JNU,AK,AAL,WE,Towers with Display (VFR),21,4,2,0,27,0,104,32,0,136,21,108,34,0,163,12,0,12,175
03/29/2003,JNU,AK,AAL,WE,Towers with Display (VFR),23,5,0,0,28,1,66,15,0,82,24,71,15,0,110,6,0,6,116
03/30/2003,JNU,AK,AAL,WE,Towers with Display (VFR),18,3,0,5,26,0,111,24,1,136,18,114,24,6,162,32,0,32,194
03/31/2003,JNU,AK,AAL,WE,Towers with Display (VFR),24,9,8,1,42,0,75,10,1,86,24,84,18,2,128,16,0,16,144
04/01/2003,JNU,AK,AAL,WE,Towers with Display (VFR),21,3,3,0,27,0,112,30,0,142,21,115,33,0,169,34,0,34,203
04/02/2003,JNU,AK,AAL,WE,Towers with Display (VFR),18,1,1,2,22,2,121,14,2,139,20,122,15,4,161,28,0,28,189
04/03/2003,JNU,AK,AAL,WE,Towers with Display (VFR),17,2,2,3,24,0,105,51,2,158,17,107,53,5,182,44,0,44,226
04/04/2003,JNU,AK,AAL,WE,Towers with Display (VFR),22,3,1,1,27,1,133,50,1,185,23,136,51,2,212,54,0,54,266
04/05/2003,JNU,AK,AAL,WE,Towers with Display (VFR),23,3,1,0,27,0,86,52,0,138,23,89,53,0,165,82,0,82,247
04/06/2003,JNU,AK,AAL,WE,Towers with Display (VFR),22,5,0,0,27,0,51,11,0,62,22,56,11,0,89,14,0,14,103
04/07/2003,JNU,AK,AAL,WE,Towers with Display (VFR),22,4,1,0,27,0,106,10,0,116,22,110,11,0,143,0,0,0,143
04/08/2003,JNU,AK,AAL,WE,Towers with Display (VFR),20,3,3,0,26,1,120,31,0,152,21,123,34,0,178,2,0,2,180
04/09/2003,JNU,AK,AAL,WE,Towers with Display (VFR),19,7,3,1,30,2,117,16,2,137,21,124,19,3,167,8,0,8,175
04/10/2003,JNU,AK,AAL,WE,Towers with Display (VFR),19,7,1,1,28,0,123,34,4,161,19,130,35,5,189,32,2,34,223
04/11/2003,JNU,AK,AAL,WE,Towers with Display (VFR),21,4,1,1,27,2,152,55,3,212,23,156,56,4,239,28,0,28,267
04/12/2003,JNU,AK,AAL,WE,Towers with Display (VFR),19,2,0,0,21,3,107,84,0,194,22,109,84,0,215,48,0,48,263
04/13/2003,JNU,AK,AAL,WE,Towers with Display (VFR),22,1,0,1,24,0,92,41,0,133,22,93,41,1,157,22,0,22,179
04/14/2003,JNU,AK,AAL,WE,Towers with Display (VFR),24,1,0,0,25,0,148,45,7,200,24,149,45,7,225,54,0,54,279
04/15/2003,JNU,AK,AAL,WE,Towers with Display (VFR),22,4,2,1,29,0,114,21,5,140,22,118,23,6,169,10,0,10,179
04/16/2003,JNU,AK,AAL,WE,Towers with Display (VFR),20,4,6,0,30,0,101,20,2,123,20,105,26,2,153,26,0,26,179
04/17/2003,JNU,AK,AAL,WE,Towers with Display (VFR),16,8,1,0,25,0,118,19,3,140,16,126,20,3,165,16,0,16,181
04/18/2003,JNU,AK,AAL,WE,Towers with Display (VFR),21,5,2,1,29,0,132,22,2,156,21,137,24,3,185,0,4,4,189
04/19/2003,JNU,AK,AAL,WE,Towers with Display (VFR),23,4,2,0,29,0,146,68,0,214,23,150,70,0,243,24,0,24,267
04/20/2003,JNU,AK,AAL,WE,Towers with Display (VFR),17,0,0,0,17,0,107,54,0,161,17,107,54,0,178,76,0,76,254
04/21/2003,JNU,AK,AAL,WE,Towers with Display (VFR),22,5,3,0,30,0,133,30,0,163,22,138,33,0,193,22,0,22,215
04/22/2003,JNU,AK,AAL,WE,Towers with Display (VFR),22,5,5,4,36,0,143,39,0,182,22,148,44,4,218,26,0,26,244
04/23/2003,JNU,AK,AAL,WE,Towers with Display (VFR),20,5,6,2,33,1,149,41,2,193,21,154,47,4,226,36,0,36,262
04/24/2003,JNU,AK,AAL,WE,Towers with Display (VFR),17,3,2,2,24,1,198,75,5,279,18,201,77,7,303,108,4,112,415
04/25/2003,JNU,AK,AAL,WE,Towers with Display (VFR),19,5,2,2,28,1,158,61,0,220,20,163,63,2,248,16,0,16,264
04/26/2003,JNU,AK,AAL,WE,Towers with Display (VFR),25,2,3,0,30,0,150,73,0,223,25,152,76,0,253,66,0,66,319
04/27/2003,JNU,AK,AAL,WE,Towers with Display (VFR),23,0,1,1,25,0,143,54,1,198,23,143,55,2,223,54,0,54,277
04/28/2003,JNU,AK,AAL,WE,Towers with Display (VFR),24,1,1,0,26,0,184,63,0,247,24,185,64,0,273,72,0,72,345
04/29/2003,JNU,AK,AAL,WE,Towers with Display (VFR),20,3,4,0,27,0,191,61,0,252,20,194,65,0,279,66,0,66,345
04/30/2003,JNU,AK,AAL,WE,Towers with Display (VFR),25,3,2,0,30,0,185,64,0,249,25,188,66,0,279,26,0,26,305
05/01/2003,JNU,AK,AAL,WE,Towers with Display (VFR),19,6,0,0,25,2,192,61,1,256,21,198,61,1,281,4,0,4,285
05/02/2003,JNU,AK,AAL,WE,Towers with Display (VFR),22,8,4,0,34,0,174,54,1,229,22,182,58,1,263,22,0,22,285
05/03/2003,JNU,AK,AAL,WE,Towers with Display (VFR),27,4,0,2,33,0,173,41,5,219,27,177,41,7,252,40,0,40,292
05/04/2003,JNU,AK,AAL,WE,Towers with Display (VFR),21,3,0,2,26,1,178,44,4,227,22,181,44,6,253,12,0,12,265
05/05/2003,JNU,AK,AAL,WE,Towers with Display (VFR),22,4,6,0,32,0,237,58,1,296,22,241,64,1,328,74,0,74,402
05/06/2003,JNU,AK,AAL,WE,Towers with Display (VFR),22,1,3,0,26,1,292,54,2,349,23,293,57,2,375,54,0,54,429
05/07/2003,JNU,AK,AAL,WE,Towers with Display (VFR),27,1,2,0,30,0,232,56,0,288,27,233,58,0,318,82,0,82,400
05/08/2003,JNU,AK,AAL,WE,Towers with Display (VFR),16,4,0,0,20,1,300,59,0,360,17,304,59,0,380,118,0,118,498
05/09/2003,JNU,AK,AAL,WE,Towers with Display (VFR),20,3,2,2,27,1,202,88,0,291,21,205,90,2,318,90,0,90,408
05/10/2003,JNU,AK,AAL,WE,Towers with Display (VFR),22,3,0,0,25,0,215,61,0,276,22,218,61,0,301,66,2,68,369
05/11/2003,JNU,AK,AAL,WE,Towers with Display (VFR),22,2,0,0,24,0,204,19,0,223,22,206,19,0,247,6,0,6,253
05/12/2003,JNU,AK,AAL,WE,Towers with Display (VFR),23,1,7,0,31,0,248,31,0,279,23,249,38,0,310,24,0,24,334
05/13/2003,JNU,AK,AAL,WE,Towers with Display (VFR),25,3,5,0,33,0,340,30,5,375,25,343,35,5,408,18,0,18,426
05/14/2003,JNU,AK,AAL,WE,Towers with Display (VFR),24,6,5,0,35,2,243,51,0,296,26,249,56,0,331,6,0,6,337
05/15/2003,JNU,AK,AAL,WE,Towers with Display (VFR),20,6,7,1,34,0,425,68,2,495,20,431,75,3,529,46,10,56,585
05/16/2003,JNU,AK,AAL,WE,Towers with Display (VFR),22,6,5,2,35,0,376,59,1,436,22,382,64,3,471,54,0,54,525
05/17/2003,JNU,AK,AAL,WE,Towers with Display (VFR),23,3,4,0,30,1,215,64,1,281,24,218,68,1,311,8,0,8,319
05/18/2003,JNU,AK,AAL,WE,Towers with Display (VFR),26,0,3,0,29,0,279,110,1,390,26,279,113,1,419,26,0,26,445
05/19/2003,JNU,AK,AAL,WE,Towers with Display (VFR),29,0,5,4,38,0,495,84,0,579,29,495,89,4,617,20,0,20,637
05/20/2003,JNU,AK,AAL,WE,Towers with Display (VFR),22,1,9,2,34,2,426,62,5,495,24,427,71,7,529,24,0,24,553
05/21/2003,JNU,AK,AAL,WE,Towers with Display (VFR),26,4,4,0,34,1,632,49,0,682,27,636,53,0,716,14,0,14,730
05/22/2003,JNU,AK,AAL,WE,Towers with Display (VFR),25,4,5,0,34,0,486,39,3,528,25,490,44,3,562,38,0,38,600
05/23/2003,JNU,AK,AAL,WE,Towers with Display (VFR),28,7,6,0,41,0,350,40,0,390,28,357,46,0,431,22,0,22,453
05/24/2003,JNU,AK,AAL,WE,Towers with Display (VFR),30,4,7,0,41,0,305,45,0,350,30,309,52,0,391,48,0,48,439
05/25/2003,JNU,AK,AAL,WE,Towers with Display (VFR),24,2,5,1,32,0,162,20,0,182,24,164,25,1,214,26,0,26,240
05/26/2003,JNU,AK,AAL,WE,Towers with Display (VFR),25,7,1,0,33,0,566,66,0,632,25,573,67,0,665,86,0,86,751
05/27/2003,JNU,AK,AAL,WE,Towers with Display (VFR),25,0,6,0,31,0,619,79,0,698,25,619,85,0,729,94,0,94,823
05/28/2003,JNU,AK,AAL,WE,Towers with Display (VFR),22,2,0,2,26,1,451,55,2,509,23,453,55,4,535,100,0,100,635
05/29/2003,JNU,AK,AAL,WE,Towers with Display (VFR),29,3,3,0,35,1,468,36,1,506,30,471,39,1,541,26,0,26,567
05/30/2003,JNU,AK,AAL,WE,Towers with Display (VFR),28,4,4,1,37,0,437,92,0,529,28,441,96,1,566,54,0,54,620
05/31/2003,JNU,AK,AAL,WE,Towers with Display (VFR),29,5,2,0,36,0,414,49,0,463,29,419,51,0,499,20,0,20,519
06/01/2003,JNU,AK,AAL,WE,Towers with Display (VFR),23,3,4,0,30,1,404,41,0,446,24,407,45,0,476,46,0,46,522
06/02/2003,JNU,AK,AAL,WE,Towers with Display (VFR),30,3,2,0,35,1,629,61,1,692,31,632,63,1,727,28,0,28,755
06/03/2003,JNU,AK,AAL,WE,Towers with Display (VFR),24,2,5,2,33,4,632,76,1,713,28,634,81,3,746,114,0,114,860
06/04/2003,JNU,AK,AAL,WE,Towers with Display (VFR),26,5,0,0,31,0,635,65,0,700,26,640,65,0,731,26,0,26,757
06/05/2003,JNU,AK,AAL,WE,Towers with Display (VFR),23,6,3,0,32,0,552,55,1,608,23,558,58,1,640,78,0,78,718
06/06/2003,JNU,AK,AAL,WE,Towers with Display (VFR),30,7,2,3,42,0,392,61,5,458,30,399,63,8,500,30,0,30,530
06/07/2003,JNU,AK,AAL,WE,Towers with Display (VFR),25,5,5,0,35,0,436,126,16,578,25,441,131,16,613,210,8,218,831
06/08/2003,JNU,AK,AAL,WE,Towers with Display (VFR),32,0,2,7,41,2,579,61,13,655,34,579,63,20,696,24,0,24,720
06/09/2003,JNU,AK,AAL,WE,Towers with Display (VFR),32,3,1,1,37,4,684,42,6,736,36,687,43,7,773,38,0,38,811
06/10/2003,JNU,AK,AAL,WE,Towers with Display (VFR),36,2,2,2,42,0,881,68,2,951,36,883,70,4,993,82,0,82,1075
06/11/2003,JNU,AK,AAL,WE,Towers with Display (VFR),32,12,2,1,47,4,537,45,6,592,36,549,47,7,639,38,0,38,677
06/12/2003,JNU,AK,AAL,WE,Towers with Display (VFR),31,1,1,2,35,1,628,67,2,698,32,629,68,4,733,18,0,18,751
06/13/2003,JNU,AK,AAL,WE,Towers with Display (VFR),37,6,9,0,52,0,411,55,0,466,37,417,64,0,518,4,0,4,522
06/14/2003,JNU,AK,AAL,WE,Towers with Display (VFR),36,4,3,0,43,0,548,79,0,627,36,552,82,0,670,80,0,80,750
06/15/2003,JNU,AK,AAL,WE,Towers with Display (VFR),29,2,0,0,31,2,515,68,0,585,31,517,68,0,616,96,10,106,722
06/16/2003,JNU,AK,AAL,WE,Towers with Display (VFR),32,4,9,0,45,0,712,72,2,786,32,716,81,2,831,60,0,60,891
06/17/2003,JNU,AK,AAL,WE,Towers with Display (VFR),37,4,4,0,45,1,371,25,1,398,38,375,29,1,443,22,0,22,465
06/18/2003,JNU,AK,AAL,WE,Towers with Display (VFR),37,8,4,0,49,0,446,36,2,484,37,454,40,2,533,16,0,16,549
06/19/2003,JNU,AK,AAL,WE,Towers with Display (VFR),36,7,6,0,49,1,529,37,5,572,37,536,43,5,621,28,0,28,649
06/20/2003,JNU,AK,AAL,WE,Towers with Display (VFR),35,2,5,0,42,2,358,45,1,406,37,360,50,1,448,26,0,26,474
06/21/2003,JNU,AK,AAL,WE,Towers with Display (VFR),38,5,1,0,44,0,512,57,0,569,38,517,58,0,613,50,0,50,663
06/22/2003,JNU,AK,AAL,WE,Towers with Display (VFR),30,1,3,0,34,2,554,68,0,624,32,555,71,0,658,194,0,194,852
06/23/2003,JNU,AK,AAL,WE,Towers with Display (VFR),38,5,5,0,48,1,655,60,0,716,39,660,65,0,764,36,0,36,800
06/24/2003,JNU,AK,AAL,WE,Towers with Display (VFR),34,6,5,1,46,0,724,36,0,760,34,730,41,1,806,60,0,60,866
06/25/2003,JNU,AK,AAL,WE,Towers with Display (VFR),33,7,5,0,45,0,455,40,1,496,33,462,45,1,541,68,0,68,609
06/26/2003,JNU,AK,AAL,WE,Towers with Display (VFR),32,3,4,0,39,2,800,54,3,859,34,803,58,3,898,14,0,14,912
06/27/2003,JNU,AK,AAL,WE,Towers with Display (VFR),34,6,4,1,45,0,490,63,6,559,34,496,67,7,604,30,0,30,634
06/28/2003,JNU,AK,AAL,WE,Towers with Display (VFR),37,2,3,2,44,0,560,62,0,622,37,562,65,2,666,18,0,18,684
06/29/2003,JNU,AK,AAL,WE,Towers with Display (VFR),31,27,6,0,64,2,513,80,0,595,33,540,86,0,659,136,0,136,795
06/30/2003,JNU,AK,AAL,WE,Towers with Display (VFR),35,2,2,4,43,4,753,76,6,839,39,755,78,10,882,68,0,68,950
07/01/2003,JNU,AK,AAL,WE,Towers with Display (VFR),32,3,3,0,38,1,753,87,4,845,33,756,90,4,883,14,0,14,897
07/02/2003,JNU,AK,AAL,WE,Towers with Display (VFR),35,8,7,0,50,0,437,34,7,478,35,445,41,7,528,80,0,80,608
07/03/2003,JNU,AK,AAL,WE,Towers with Display (VFR),33,5,9,4,51,0,286,29,0,315,33,291,38,4,366,52,0,52,418
07/04/2003,JNU,AK,AAL,WE,Towers with Display (VFR),31,2,3,0,36,1,311,68,0,380,32,313,71,0,416,54,0,54,470
07/05/2003,JNU,AK,AAL,WE,Towers with Display (VFR),36,4,3,0,43,0,625,69,0,694,36,629,72,0,737,128,0,128,865
07/06/2003,JNU,AK,AAL,WE,Towers with Display (VFR),40,0,9,0,49,0,500,81,0,581,40,500,90,0,630,80,0,80,710
07/07/2003,JNU,AK,AAL,WE,Towers with Display (VFR),34,2,2,0,38,1,728,100,0,829,35,730,102,0,867,36,0,36,903
07/08/2003,JNU,AK,AAL,WE,Towers with Display (VFR),39,7,2,2,50,0,887,89,2,978,39,894,91,4,1028,94,0,94,1122
07/09/2003,JNU,AK,AAL,WE,Towers with Display (VFR),31,6,5,0,42,2,555,106,0,663,33,561,111,0,705,50,0,50,755
07/10/2003,JNU,AK,AAL,WE,Towers with Display (VFR),37,4,8,0,49,0,821,101,3,925,37,825,109,3,974,62,0,62,1036
07/11/2003,JNU,AK,AAL,WE,Towers with Display (VFR),30,6,9,3,48,2,525,72,0,599,32,531,81,3,647,88,0,88,735
07/12/2003,JNU,AK,AAL,WE,Towers with Display (VFR),35,1,9,1,46,1,688,71,0,760,36,689,80,1,806,138,0,138,944
07/13/2003,JNU,AK,AAL,WE,Towers with Display (VFR),35,1,2,0,38,3,447,95,1,546,38,448,97,1,584,88,0,88,672
07/14/2003,JNU,AK,AAL,WE,Towers with Display (VFR),34,3,3,2,42,0,588,39,8,635,34,591,42,10,677,30,0,30,707
07/15/2003,JNU,AK,AAL,WE,Towers with Display (VFR),33,5,8,0,46,0,779,63,0,842,33,784,71,0,888,84,0,84,972
07/16/2003,JNU,AK,AAL,WE,Towers with Display (VFR),36,6,5,0,47,0,479,53,0,532,36,485,58,0,579,48,0,48,627
07/17/2003,JNU,AK,AAL,WE,Towers with Display (VFR),37,7,9,3,56,0,305,30,4,339,37,312,39,7,395,4,0,4,399
07/18/2003,JNU,AK,AAL,WE,Towers with Display (VFR),33,2,8,1,44,1,563,80,1,645,34,565,88,2,689,66,0,66,755
07/19/2003,JNU,AK,AAL,WE,Towers with Display (VFR),32,3,6,0,41,0,683,116,2,801,32,686,122,2,842,102,2,104,946
07/20/2003,JNU,AK,AAL,WE,Towers with Display (VFR),35,2,10,0,47,1,528,38,0,567,36,530,48,0,614,74,0,74,688
07/21/2003,JNU,AK,AAL,WE,Towers with Display (VFR),37,6,9,0,52,0,476,41,4,521,37,482,50,4,573,56,0,56,629
07/22/2003,JNU,AK,AAL,WE,Towers with Display (VFR),31,3,2,0,36,2,902,58,2,964,33,905,60,2,1000,51,0,51,1051
07/23/2003,JNU,AK,AAL,WE,Towers with Display (VFR),33,2,5,0,40,5,702,82,1,790,38,704,87,1,830,88,0,88,918
07/24/2003,JNU,AK,AAL,WE,Towers with Display (VFR),32,1,1,1,35,1,749,89,2,841,33,750,90,3,876,74,0,74,950
07/25/2003,JNU,AK,AAL,WE,Towers with Display (VFR),35,10,12,0,57,2,596,58,1,657,37,606,70,1,714,44,0,44,758
07/26/2003,JNU,AK,AAL,WE,Towers with Display (VFR),33,1,2,0,36,2,544,54,1,601,35,545,56,1,637,44,0,44,681
07/27/2003,JNU,AK,AAL,WE,Towers with Display (VFR),33,2,6,0,41,3,429,64,1,497,36,431,70,1,538,56,0,56,594
07/28/2003,JNU,AK,AAL,WE,Towers with Display (VFR),30,2,6,2,40,0,642,55,0,697,30,644,61,2,737,26,0,26,763
07/29/2003,JNU,AK,AAL,WE,Towers with Display (VFR),38,4,7,0,49,0,613,64,0,677,38,617,71,0,726,38,0,38,764
07/30/2003,JNU,AK,AAL,WE,Towers with Display (VFR),35,5,3,1,44,6,703,81,5,795,41,708,84,6,839,72,0,72,911
07/31/2003,JNU,AK,AAL,WE,Towers with Display (VFR),24,4,5,0,33,1,836,87,0,924,25,840,92,0,957,16,16,32,989
08/01/2003,JNU,AK,AAL,WE,Towers with Display (VFR),30,11,13,0,54,2,269,49,5,325,32,280,62,5,379,4,0,4,383
08/02/2003,JNU,AK,AAL,WE,Towers with Display (VFR),36,6,12,0,54,0,452,63,10,525,36,458,75,10,579,2,10,12,591
08/03/2003,JNU,AK,AAL,WE,Towers with Display (VFR),35,1,6,0,42,1,638,89,0,728,36,639,95,0,770,36,0,36,806
08/04/2003,JNU,AK,AAL,WE,Towers with Display (VFR),34,4,5,0,43,0,594,39,0,633,34,598,44,0,676,8,0,8,684
08/05/2003,JNU,AK,AAL,WE,Towers with Display (VFR),34,5,12,0,51,2,859,85,2,948,36,864,97,2,999,18,0,18,1017
08/06/2003,JNU,AK,AAL,WE,Towers with Display (VFR),35,2,9,3,49,0,748,97,5,850,35,750,106,8,899,56,0,56,955
08/07/2003,JNU,AK,AAL,WE,Towers with Display (VFR),32,1,0,0,33,2,816,89,1,908,34,817,89,1,941,16,2,18,959
08/08/2003,JNU,AK,AAL,WE,Towers with Display (VFR),29,3,5,0,37,0,682,95,2,779,29,685,100,2,816,18,0,18,834
08/09/2003,JNU,AK,AAL,WE,Towers with Display (VFR),35,2,4,0,41,1,631,93,1,726,36,633,97,1,767,12,6,18,785
08/10/2003,JNU,AK,AAL,WE,Towers with Display (VFR),36,1,3,0,40,2,595,87,1,685,38,596,90,1,725,56,0,56,781
08/11/2003,JNU,AK,AAL,WE,Towers with Display (VFR),34,3,2,2,41,1,604,50,1,656,35,607,52,3,697,22,0,22,719
08/12/2003,JNU,AK,AAL,WE,Towers with Display (VFR),34,8,4,4,50,1,673,67,3,744,35,681,71,7,794,14,8,22,816
08/13/2003,JNU,AK,AAL,WE,Towers with Display (VFR),37,5,10,0,52,0,473,53,2,528,37,478,63,2,580,42,0,42,622
08/14/2003,JNU,AK,AAL,WE,Towers with Display (VFR),40,9,6,0,55,0,530,13,2,545,40,539,19,2,600,0,0,0,600
08/15/2003,JNU,AK,AAL,WE,Towers with Display (VFR),32,6,1,0,39,0,308,23,0,331,32,314,24,0,370,10,0,10,380
08/16/2003,JNU,AK,AAL,WE,Towers with Display (VFR),36,3,5,1,45,0,307,59,6,372,36,310,64,7,417,6,0,6,423
08/17/2003,JNU,AK,AAL,WE,Towers with Display (VFR),33,0,3,0,36,3,531,53,2,589,36,531,56,2,625,10,18,28,653
08/18/2003,JNU,AK,AAL,WE,Towers with Display (VFR),34,5,3,0,42,1,694,65,3,763,35,699,68,3,805,38,0,38,843
08/19/2003,JNU,AK,AAL,WE,Towers with Display (VFR),35,4,4,0,43,0,761,47,2,810,35,765,51,2,853,6,0,6,859
08/20/2003,JNU,AK,AAL,WE,Towers with Display (VFR),36,9,11,0,56,0,413,27,0,440,36,422,38,0,496,10,0,10,506
08/21/2003,JNU,AK,AAL,WE,Towers with Display (VFR),34,4,2,0,40,1,660,31,3,695,35,664,33,3,735,20,0,20,755
08/22/2003,JNU,AK,AAL,WE,Towers with Display (VFR),29,7,1,0,37,2,416,85,0,503,31,423,86,0,540,66,0,66,606
08/23/2003,JNU,AK,AAL,WE,Towers with Display (VFR),36,1,3,0,40,0,432,108,0,540,36,433,111,0,580,84,0,84,664
08/24/2003,JNU,AK,AAL,WE,Towers with Display (VFR),35,1,7,0,43,1,427,65,0,493,36,428,72,0,536,118,0,118,654
08/25/2003,JNU,AK,AAL,WE,Towers with Display (VFR),34,3,5,1,43,0,583,88,1,672,34,586,93,2,715,102,0,102,817
08/26/2003,JNU,AK,AAL,WE,Towers with Display (VFR),31,1,1,2,35,0,631,84,2,717,31,632,85,4,752,30,0,30,782
08/27/2003,JNU,AK,AAL,WE,Towers with Display (VFR),37,3,9,0,49,0,388,37,0,425,37,391,46,0,474,34,0,34,508
08/28/2003,JNU,AK,AAL,WE,Towers with Display (VFR),29,20,12,3,64,3,480,75,1,559,32,500,87,4,623,36,0,36,659
08/29/2003,JNU,AK,AAL,WE,Towers with Display (VFR),33,4,11,0,48,1,419,69,0,489,34,423,80,0,537,44,0,44,581
08/30/2003,JNU,AK,AAL,WE,Towers with Display (VFR),39,2,5,0,46,1,207,23,0,231,40,209,28,0,277,20,0,20,297
08/31/2003,JNU,AK,AAL,WE,Towers with Display (VFR),31,0,3,4,38,4,370,37,0,411,35,370,40,4,449,22,0,22,471
09/01/2003,JNU,AK,AAL,WE,Towers with Display (VFR),34,0,5,3,42,0,284,23,0,307,34,284,28,3,349,20,0,20,369
09/02/2003,JNU,AK,AAL,WE,Towers with Display (VFR),31,4,3,1,39,0,469,15,2,486,31,473,18,3,525,52,0,52,577
09/03/2003,JNU,AK,AAL,WE,Towers with Display (VFR),37,6,7,0,50,0,428,55,0,483,37,434,62,0,533,46,0,46,579
09/04/2003,JNU,AK,AAL,WE,Towers with Display (VFR),34,27,1,0,62,0,364,66,0,430,34,391,67,0,492,28,0,28,520
09/05/2003,JNU,AK,AAL,WE,Towers with Display (VFR),31,3,5,0,39,1,340,62,0,403,32,343,67,0,442,42,0,42,484
09/06/2003,JNU,AK,AAL,WE,Towers with Display (VFR),35,4,2,0,41,0,333,39,0,372,35,337,41,0,413,22,0,22,435
09/07/2003,JNU,AK,AAL,WE,Towers with Display (VFR),23,3,0,0,26,1,325,46,0,372,24,328,46,0,398,36,0,36,434
09/08/2003,JNU,AK,AAL,WE,Towers with Display (VFR),22,7,2,0,31,0,79,10,2,91,22,86,12,2,122,0,0,0,122
09/09/2003,JNU,AK,AAL,WE,Towers with Display (VFR),24,23,2,0,49,0,563,39,0,602,24,586,41,0,651,14,0,14,665
09/10/2003,JNU,AK,AAL,WE,Towers with Display (VFR),21,5,4,0,30,1,377,33,0,411,22,382,37,0,441,22,0,22,463
09/11/2003,JNU,AK,AAL,WE,Towers with Display (VFR),29,5,3,0,37,0,325,27,8,360,29,330,30,8,397,0,0,0,397
09/12/2003,JNU,AK,AAL,WE,Towers with Display (VFR),21,10,6,0,37,0,386,50,3,439,21,396,56,3,476,62,0,62,538
09/13/2003,JNU,AK,AAL,WE,Towers with Display (VFR),19,3,5,0,27,0,134,20,0,154,19,137,25,0,181,0,0,0,181
09/14/2003,JNU,AK,AAL,WE,Towers with Display (VFR),18,0,4,0,22,2,193,46,2,243,20,193,50,2,265,26,6,32,297
09/15/2003,JNU,AK,AAL,WE,Towers with Display (VFR),23,4,1,0,28,1,445,35,0,481,24,449,36,0,509,46,0,46,555
09/16/2003,JNU,AK,AAL,WE,Towers with Display (VFR),24,3,8,0,35,1,470,62,3,536,25,473,70,3,571,4,0,4,575
09/17/2003,JNU,AK,AAL,WE,Towers with Display (VFR),25,2,7,4,38,0,373,65,0,438,25,375,72,4,476,46,0,46,522
09/18/2003,JNU,AK,AAL,WE,Towers with Display (VFR),25,5,2,0,32,0,312,38,0,350,25,317,40,0,382,32,0,32,414
09/19/2003,JNU,AK,AAL,WE,Towers with Display (VFR),23,8,1,0,32,0,357,37,2,396,23,365,38,2,428,16,0,16,444
09/20/2003,JNU,AK,AAL,WE,Towers with Display (VFR),22,4,6,2,34,0,179,28,0,207,22,183,34,2,241,24,0,24,265
09/21/2003,JNU,AK,AAL,WE,Towers with Display (VFR),27,1,1,0,29,0,198,40,0,238,27,199,41,0,267,28,0,28,295
09/22/2003,JNU,AK,AAL,WE,Towers with Display (VFR),20,8,2,1,31,0,299,68,0,367,20,307,70,1,398,72,0,72,470
09/23/2003,JNU,AK,AAL,WE,Towers with Display (VFR),23,4,2,0,29,0,261,42,2,305,23,265,44,2,334,38,0,38,372
09/24/2003,JNU,AK,AAL,WE,Towers with Display (VFR),24,10,1,0,35,0,143,8,0,151,24,153,9,0,186,12,0,12,198
09/25/2003,JNU,AK,AAL,WE,Towers with Display (VFR),27,8,1,0,36,0,127,26,3,156,27,135,27,3,192,14,0,14,206
09/26/2003,JNU,AK,AAL,WE,Towers with Display (VFR),28,9,1,2,40,0,173,42,1,216,28,182,43,3,256,46,0,46,302
09/27/2003,JNU,AK,AAL,WE,Towers with Display (VFR),18,8,2,1,29,0,14,5,0,19,18,22,7,1,48,0,0,0,48
09/28/2003,JNU,AK,AAL,WE,Towers with Display (VFR),19,8,3,0,30,0,92,55,0,147,19,100,58,0,177,36,0,36,213
09/29/2003,JNU,AK,AAL,WE,Towers with Display (VFR),24,20,1,0,45,2,155,58,1,216,26,175,59,1,261,32,0,32,293
09/30/2003,JNU,AK,AAL,WE,Towers with Display (VFR),23,6,0,0,29,0,123,63,1,187,23,129,63,1,216,24,0,24,240
10/01/2003,JNU,AK,AAL,WE,Towers with Display (VFR),23,9,4,0,36,0,126,60,1,187,23,135,64,1,223,80,4,84,307
10/02/2003,JNU,AK,AAL,WE,Towers with Display (VFR),26,8,4,0,38,0,142,54,2,198,26,150,58,2,236,36,0,36,272
10/03/2003,JNU,AK,AAL,WE,Towers with Display (VFR),27,9,4,0,40,0,136,42,0,178,27,145,46,0,218,18,0,18,236
10/04/2003,JNU,AK,AAL,WE,Towers with Display (VFR),25,9,4,0,38,3,85,27,2,117,28,94,31,2,155,40,20,60,215
10/05/2003,JNU,AK,AAL,WE,Towers with Display (VFR),17,6,3,0,26,7,96,30,0,133,24,102,33,0,159,44,0,44,203
10/06/2003,JNU,AK,AAL,WE,Towers with Display (VFR),21,8,3,0,32,5,138,25,0,168,26,146,28,0,200,16,0,16,216
10/07/2003,JNU,AK,AAL,WE,Towers with Display (VFR),17,6,3,0,26,4,110,34,0,148,21,116,37,0,174,16,0,16,190
10/08/2003,JNU,AK,AAL,WE,Towers with Display (VFR),26,9,4,0,39,0,116,56,0,172,26,125,60,0,211,22,0,22,233
10/09/2003,JNU,AK,AAL,WE,Towers with Display (VFR),23,8,3,0,34,4,121,20,2,147,27,129,23,2,181,0,0,0,181
10/10/2003,JNU,AK,AAL,WE,Towers with Display (VFR),21,8,3,0,32,4,131,16,0,151,25,139,19,0,183,10,0,10,193
10/11/2003,JNU,AK,AAL,WE,Towers with Display (VFR),23,8,3,0,34,1,126,71,0,198,24,134,74,0,232,88,0,88,320
10/12/2003,JNU,AK,AAL,WE,Towers with Display (VFR),21,8,3,0,32,5,84,51,0,140,26,92,54,0,172,36,0,36,208
10/13/2003,JNU,AK,AAL,WE,Towers with Display (VFR),20,7,2,0,29,1,107,20,0,128,21,114,22,0,157,10,0,10,167
10/14/2003,JNU,AK,AAL,WE,Towers with Display (VFR),20,7,2,0,29,2,123,27,0,152,22,130,29,0,181,86,6,92,273
10/15/2003,JNU,AK,AAL,WE,Towers with Display (VFR),23,8,3,1,35,3,133,49,0,185,26,141,52,1,220,6,0,6,226
10/16/2003,JNU,AK,AAL,WE,Towers with Display (VFR),27,9,3,1,40,2,104,15,0,121,29,113,18,1,161,0,0,0,161
10/17/2003,JNU,AK,AAL,WE,Towers with Display (VFR),20,7,2,1,30,5,129,25,1,160,25,136,27,2,190,0,0,0,190
10/18/2003,JNU,AK,AAL,WE,Towers with Display (VFR),19,6,2,1,28,2,75,19,0,96,21,81,21,1,124,0,0,0,124
10/19/2003,JNU,AK,AAL,WE,Towers with Display (VFR),20,6,2,1,29,0,62,17,1,80,20,68,19,2,109,32,0,32,141
10/20/2003,JNU,AK,AAL,WE,Towers with Display (VFR),21,6,2,0,29,3,133,31,0,167,24,139,33,0,196,36,0,36,232
10/21/2003,JNU,AK,AAL,WE,Towers with Display (VFR),21,8,2,1,32,0,103,5,1,109,21,111,7,2,141,22,0,22,163
10/22/2003,JNU,AK,AAL,WE,Towers with Display (VFR),28,9,3,0,40,0,116,27,0,143,28,125,30,0,183,48,0,48,231
10/23/2003,JNU,AK,AAL,WE,Towers with Display (VFR),24,7,2,1,34,1,131,21,3,156,25,138,23,4,190,8,22,30,220
10/24/2003,JNU,AK,AAL,WE,Towers with Display (VFR),24,8,3,0,35,0,87,16,0,103,24,95,19,0,138,12,0,12,150
10/25/2003,JNU,AK,AAL,WE,Towers with Display (VFR),23,7,2,0,32,0,105,35,0,140,23,112,37,0,172,24,0,24,196
10/26/2003,JNU,AK,AAL,WE,Towers with Display (VFR),20,5,2,0,27,2,97,22,0,121,22,102,24,0,148,12,0,12,160
10/27/2003,JNU,AK,AAL,WE,Towers with Display (VFR),19,9,3,1,32,0,108,12,6,126,19,117,15,7,158,6,0,6,164
10/28/2003,JNU,AK,AAL,WE,Towers with Display (VFR),23,8,2,0,33,0,120,27,0,147,23,128,29,0,180,54,0,54,234
10/29/2003,JNU,AK,AAL,WE,Towers with Display (VFR),22,7,2,0,31,5,116,23,0,144,27,123,25,0,175,60,0,60,235
10/30/2003,JNU,AK,AAL,WE,Towers with Display (VFR),21,7,2,0,30,0,133,34,7,174,21,140,36,7,204,22,16,38,242
10/31/2003,JNU,AK,AAL,WE,Towers with Display (VFR),26,8,3,0,37,0,112,32,0,144,26,120,35,0,181,36,0,36,217
11/01/2003,JNU,AK,AAL,WE,Towers with Display (VFR),19,6,2,0,27,0,87,60,0,147,19,93,62,0,174,50,0,50,224
11/02/2003,JNU,AK,AAL,WE,Towers with Display (VFR),20,6,2,0,28,8,91,40,0,139,28,97,42,0,167,48,0,48,215
11/03/2003,JNU,AK,AAL,WE,Towers with Display (VFR),20,6,2,0,28,2,116,28,0,146,22,122,30,0,174,12,0,12,186
11/04/2003,JNU,AK,AAL,WE,Towers with Display (VFR),21,7,2,0,30,1,93,28,0,122,22,100,30,0,152,8,0,8,160
11/05/2003,JNU,AK,AAL,WE,Towers with Display (VFR),26,9,2,0,37,0,132,30,0,162,26,141,32,0,199,6,0,6,205
11/06/2003,JNU,AK,AAL,WE,Towers with Display (VFR),21,8,2,0,31,0,118,27,1,146,21,126,29,1,177,38,0,38,215
11/07/2003,JNU,AK,AAL,WE,Towers with Display (VFR),20,7,2,0,29,3,115,8,0,126,23,122,10,0,155,10,0,10,165
11/08/2003,JNU,AK,AAL,WE,Towers with Display (VFR),25,9,2,0,36,0,43,22,2,67,25,52,24,2,103,8,0,8,111
11/09/2003,JNU,AK,AAL,WE,Towers with Display (VFR),13,5,1,0,19,4,74,15,0,93,17,79,16,0,112,10,0,10,122
11/10/2003,JNU,AK,AAL,WE,Towers with Display (VFR),18,6,1,0,25,0,109,18,0,127,18,115,19,0,152,2,0,2,154
11/11/2003,JNU,AK,AAL,WE,Towers with Display (VFR),19,6,1,1,27,0,87,13,0,100,19,93,14,1,127,16,0,16,143
11/12/2003,JNU,AK,AAL,WE,Towers with Display (VFR),18,9,1,1,29,0,120,15,2,137,18,129,16,3,166,6,0,6,172
11/13/2003,JNU,AK,AAL,WE,Towers with Display (VFR),25,9,1,0,35,0,44,2,0,46,25,53,3,0,81,0,0,0,81
11/14/2003,JNU,AK,AAL,WE,Towers with Display (VFR),21,7,1,0,29,2,126,11,0,139,23,133,12,0,168,4,0,4,172
11/15/2003,JNU,AK,AAL,WE,Towers with Display (VFR),22,8,1,1,32,0,103,8,0,111,22,111,9,1,143,12,0,12,155
11/16/2003,JNU,AK,AAL,WE,Towers with Display (VFR),18,6,1,0,25,5,37,17,0,59,23,43,18,0,84,36,0,36,120
11/17/2003,JNU,AK,AAL,WE,Towers with Display (VFR),20,7,1,1,29,0,52,10,0,62,20,59,11,1,91,4,0,4,95
11/18/2003,JNU,AK,AAL,WE,Towers with Display (VFR),19,6,1,1,27,0,132,25,0,157,19,138,26,1,184,40,0,40,224
11/19/2003,JNU,AK,AAL,WE,Towers with Display (VFR),20,7,1,1,29,0,108,24,5,137,20,115,25,6,166,38,10,48,214
11/20/2003,JNU,AK,AAL,WE,Towers with Display (VFR),24,6,1,1,32,0,120,17,4,141,24,126,18,5,173,26,0,26,199
11/21/2003,JNU,AK,AAL,WE,Towers with Display (VFR),19,6,0,0,25,1,40,1,0,42,20,46,1,0,67,2,0,2,69
11/22/2003,JNU,AK,AAL,WE,Towers with Display (VFR),20,6,1,0,27,2,82,8,0,92,22,88,9,0,119,16,0,16,135
11/23/2003,JNU,AK,AAL,WE,Towers with Display (VFR),22,7,1,0,30,8,78,24,0,110,30,85,25,0,140,6,0,6,146
11/24/2003,JNU,AK,AAL,WE,Towers with Display (VFR),23,7,0,0,30,0,8,0,2,10,23,15,0,2,40,8,0,8,48
11/25/2003,JNU,AK,AAL,WE,Towers with Display (VFR),22,10,1,0,33,0,138,5,3,146,22,148,6,3,179,0,0,0,179
11/26/2003,JNU,AK,AAL,WE,Towers with Display (VFR),22,8,1,0,31,0,46,3,0,49,22,54,4,0,80,2,0,2,82
11/27/2003,JNU,AK,AAL,WE,Towers with Display (VFR),8,3,0,0,11,3,46,17,0,66,11,49,17,0,77,16,0,16,93
11/28/2003,JNU,AK,AAL,WE,Towers with Display (VFR),11,4,0,0,15,2,39,3,0,44,13,43,3,0,59,0,0,0,59
11/29/2003,JNU,AK,AAL,WE,Towers with Display (VFR),20,6,1,0,27,1,59,9,0,69,21,65,10,0,96,0,0,0,96
11/30/2003,JNU,AK,AAL,WE,Towers with Display (VFR),17,5,0,0,22,3,0,0,0,3,20,5,0,0,25,0,0,0,25
12/01/2003,JNU,AK,AAL,WE,Towers with Display (VFR),22,8,4,0,34,1,107,8,0,116,23,115,12,0,150,4,0,4,154
12/02/2003,JNU,AK,AAL,WE,Towers with Display (VFR),21,7,4,0,32,4,101,0,0,105,25,108,4,0,137,10,0,10,147
12/03/2003,JNU,AK,AAL,WE,Towers with Display (VFR),17,5,3,0,25,3,108,13,0,124,20,113,16,0,149,4,0,4,153
12/04/2003,JNU,AK,AAL,WE,Towers with Display (VFR),19,7,3,0,29,1,111,17,1,130,20,118,20,1,159,14,0,14,173
12/05/2003,JNU,AK,AAL,WE,Towers with Display (VFR),20,7,3,0,30,0,114,22,2,138,20,121,25,2,168,22,0,22,190
12/06/2003,JNU,AK,AAL,WE,Towers with Display (VFR),15,6,3,0,24,7,106,25,0,138,22,112,28,0,162,58,0,58,220
12/07/2003,JNU,AK,AAL,WE,Towers with Display (VFR),18,7,3,0,28,2,51,0,0,53,20,58,3,0,81,4,0,4,85
12/08/2003,JNU,AK,AAL,WE,Towers with Display (VFR),21,9,3,0,33,0,93,8,0,101,21,102,11,0,134,0,0,0,134
12/09/2003,JNU,AK,AAL,WE,Towers with Display (VFR),16,27,11,1,55,0,87,13,1,101,16,114,24,2,156,14,0,14,170
12/10/2003,JNU,AK,AAL,WE,Towers with Display (VFR),21,9,3,0,33,1,118,19,2,140,22,127,22,2,173,32,0,32,205
12/11/2003,JNU,AK,AAL,WE,Towers with Display (VFR),20,8,4,0,32,5,71,5,2,83,25,79,9,2,115,22,0,22,137
12/12/2003,JNU,AK,AAL,WE,Towers with Display (VFR),19,9,3,0,31,0,95,26,1,122,19,104,29,1,153,22,0,22,175
12/13/2003,JNU,AK,AAL,WE,Towers with Display (VFR),17,7,3,0,27,9,77,24,0,110,26,84,27,0,137,24,0,24,161
12/14/2003,JNU,AK,AAL,WE,Towers with Display (VFR),17,7,3,0,27,6,46,9,0,61,23,53,12,0,88,0,0,0,88
12/15/2003,JNU,AK,AAL,WE,Towers with Display (VFR),21,9,4,0,34,0,10,0,1,11,21,19,4,1,45,0,0,0,45
12/16/2003,JNU,AK,AAL,WE,Towers with Display (VFR),13,7,2,1,23,0,100,7,0,107,13,107,9,1,130,6,0,6,136
12/17/2003,JNU,AK,AAL,WE,Towers with Display (VFR),19,8,2,1,30,5,90,9,3,107,24,98,11,4,137,12,0,12,149
12/18/2003,JNU,AK,AAL,WE,Towers with Display (VFR),25,8,2,1,36,3,5,0,1,9,28,13,2,2,45,0,0,0,45
12/19/2003,JNU,AK,AAL,WE,Towers with Display (VFR),24,9,3,0,36,0,215,8,0,223,24,224,11,0,259,10,0,10,269
12/20/2003,JNU,AK,AAL,WE,Towers with Display (VFR),24,9,3,0,36,0,92,19,0,111,24,101,22,0,147,12,0,12,159
12/21/2003,JNU,AK,AAL,WE,Towers with Display (VFR),15,5,1,0,21,2,21,4,0,27,17,26,5,0,48,24,0,24,72
12/22/2003,JNU,AK,AAL,WE,Towers with Display (VFR),22,8,2,0,32,0,80,9,0,89,22,88,11,0,121,36,0,36,157
12/23/2003,JNU,AK,AAL,WE,Towers with Display (VFR),23,8,3,0,34,2,120,17,0,139,25,128,20,0,173,38,0,38,211
12/24/2003,JNU,AK,AAL,WE,Towers with Display (VFR),19,7,2,0,28,1,56,7,0,64,20,63,9,0,92,2,0,2,94
12/25/2003,JNU,AK,AAL,WE,Towers with Display (VFR),11,3,1,0,15,4,1,3,0,8,15,4,4,0,23,22,0,22,45
12/26/2003,JNU,AK,AAL,WE,Towers with Display (VFR),20,8,2,0,30,3,82,28,2,115,23,90,30,2,145,16,0,16,161
12/27/2003,JNU,AK,AAL,WE,Towers with Display (VFR),16,5,2,0,23,5,69,38,0,112,21,74,40,0,135,48,0,48,183
12/28/2003,JNU,AK,AAL,WE,Towers with Display (VFR),14,6,1,0,21,5,50,17,0,72,19,56,18,0,93,6,0,6,99
12/29/2003,JNU,AK,AAL,WE,Towers with Display (VFR),19,8,2,0,29,4,17,4,0,25,23,25,6,0,54,0,0,0,54
12/30/2003,JNU,AK,AAL,WE,Towers with Display (VFR),23,8,3,0,34,3,65,13,0,81,26,73,16,0,115,62,0,62,177
12/31/2003,JNU,AK,AAL,WE,Towers with Display (VFR),17,6,2,0,25,2,123,14,0,139,19,129,16,0,164,16,0,16,180
01/01/2004,JNU,AK,AAL,WE,Towers with Display (VFR),14,3,2,0,19,4,34,15,0,53,18,37,17,0,72,2,0,2,74
01/02/2004,JNU,AK,AAL,WE,Towers with Display (VFR),18,5,3,0,26,2,90,26,2,120,20,95,29,2,146,42,0,42,188
01/03/2004,JNU,AK,AAL,WE,Towers with Display (VFR),20,5,3,0,28,9,57,16,5,87,29,62,19,5,115,17,0,17,132
01/04/2004,JNU,AK,AAL,WE,Towers with Display (VFR),19,5,3,0,27,5,53,16,1,75,24,58,19,1,102,12,0,12,114
01/05/2004,JNU,AK,AAL,WE,Towers with Display (VFR),23,6,4,0,33,2,87,17,4,110,25,93,21,4,143,16,0,16,159
01/06/2004,JNU,AK,AAL,WE,Towers with Display (VFR),14,3,3,0,20,0,101,9,0,110,14,104,12,0,130,4,0,4,134
01/07/2004,JNU,AK,AAL,WE,Towers with Display (VFR),12,2,2,0,16,0,47,0,0,47,12,49,2,0,63,2,0,2,65
01/08/2004,JNU,AK,AAL,WE,Towers with Display (VFR),22,5,3,0,30,0,55,5,0,60,22,60,8,0,90,26,0,26,116
01/09/2004,JNU,AK,AAL,WE,Towers with Display (VFR),24,5,3,0,32,0,99,3,0,102,24,104,6,0,134,6,0,6,140
01/10/2004,JNU,AK,AAL,WE,Towers with Display (VFR),23,5,3,1,32,0,24,1,0,25,23,29,4,1,57,0,0,0,57
01/11/2004,JNU,AK,AAL,WE,Towers with Display (VFR),10,3,2,1,16,0,31,4,0,35,10,34,6,1,51,6,0,6,57
01/12/2004,JNU,AK,AAL,WE,Towers with Display (VFR),26,5,3,1,35,0,86,11,1,98,26,91,14,2,133,0,0,0,133
01/13/2004,JNU,AK,AAL,WE,Towers with Display (VFR),24,7,2,1,34,0,73,14,1,88,24,80,16,2,122,8,0,8,130
01/14/2004,JNU,AK,AAL,WE,Towers with Display (VFR),23,6,2,0,31,0,22,2,0,24,23,28,4,0,55,0,0,0,55
01/15/2004,JNU,AK,AAL,WE,Towers with Display (VFR),25,6,2,1,34,0,84,10,1,95,25,90,12,2,129,2,22,24,153
01/16/2004,JNU,AK,AAL,WE,Towers with Display (VFR),18,4,1,1,24,0,50,7,0,57,18,54,8,1,81,24,0,24,105
01/17/2004,JNU,AK,AAL,WE,Towers with Display (VFR),23,4,2,0,29,3,8,1,0,12,26,12,3,0,41,2,0,2,43
01/18/2004,JNU,AK,AAL,WE,Towers with Display (VFR),17,3,1,0,21,0,56,12,0,68,17,59,13,0,89,46,0,46,135
01/19/2004,JNU,AK,AAL,WE,Towers with Display (VFR),20,5,1,0,26,3,79,35,0,117,23,84,36,0,143,68,0,68,211
01/20/2004,JNU,AK,AAL,WE,Towers with Display (VFR),18,4,1,0,23,0,72,5,1,78,18,76,6,1,101,2,0,2,103
01/21/2004,JNU,AK,AAL,WE,Towers with Display (VFR),25,7,2,0,34,0,79,13,2,94,25,86,15,2,128,26,0,26,154
01/22/2004,JNU,AK,AAL,WE,Towers with Display (VFR),20,5,2,0,27,0,0,3,0,3,20,5,5,0,30,0,0,0,30
01/23/2004,JNU,AK,AAL,WE,Towers with Display (VFR),24,5,2,0,31,0,102,30,0,132,24,107,32,0,163,36,0,36,199
01/24/2004,JNU,AK,AAL,WE,Towers with Display (VFR),20,5,1,0,26,4,54,39,1,98,24,59,40,1,124,92,0,92,216
01/25/2004,JNU,AK,AAL,WE,Towers with Display (VFR),18,4,1,0,23,4,56,10,0,70,22,60,11,0,93,18,0,18,111
01/26/2004,JNU,AK,AAL,WE,Towers with Display (VFR),20,5,1,0,26,4,50,12,2,68,24,55,13,2,94,4,0,4,98
01/27/2004,JNU,AK,AAL,WE,Towers with Display (VFR),18,4,1,0,23,3,91,8,0,102,21,95,9,0,125,22,0,22,147
01/28/2004,JNU,AK,AAL,WE,Towers with Display (VFR),22,5,1,0,28,1,104,12,2,119,23,109,13,2,147,14,0,14,161
01/29/2004,JNU,AK,AAL,WE,Towers with Display (VFR),19,4,1,0,24,2,88,13,0,103,21,92,14,0,127,48,0,48,175
01/30/2004,JNU,AK,AAL,WE,Towers with Display (VFR),22,6,2,0,30,0,19,6,0,25,22,25,8,0,55,20,0,20,75
01/31/2004,JNU,AK,AAL,WE,Towers with Display (VFR),17,4,1,0,22,4,40,29,0,73,21,44,30,0,95,118,0,118,213
02/01/2004,JNU,AK,AAL,WE,Towers with Display (VFR),21,5,3,0,29,4,43,21,0,68,25,48,24,0,97,108,0,108,205
02/02/2004,JNU,AK,AAL,WE,Towers with Display (VFR),16,6,4,0,26,0,14,0,0,14,16,20,4,0,40,0,0,0,40
02/03/2004,JNU,AK,AAL,WE,Towers with Display (VFR),22,5,3,0,30,0,93,25,0,118,22,98,28,0,148,42,8,50,198
02/04/2004,JNU,AK,AAL,WE,Towers with Display (VFR),18,5,3,0,26,0,32,8,0,40,18,37,11,0,66,22,0,22,88
02/05/2004,JNU,AK,AAL,WE,Towers with Display (VFR),18,4,3,0,25,0,88,5,0,93,18,92,8,0,118,8,0,8,126
02/06/2004,JNU,AK,AAL,WE,Towers with Display (VFR),21,5,3,1,30,4,82,35,13,134,25,87,38,14,164,26,12,38,202
02/07/2004,JNU,AK,AAL,WE,Towers with Display (VFR),16,4,3,0,23,3,56,6,2,67,19,60,9,2,90,2,0,2,92
02/08/2004,JNU,AK,AAL,WE,Towers with Display (VFR),11,3,2,0,16,1,82,14,3,100,12,85,16,3,116,10,0,10,126
02/09/2004,JNU,AK,AAL,WE,Towers with Display (VFR),20,5,3,1,29,4,80,28,6,118,24,85,31,7,147,64,14,78,225
02/10/2004,JNU,AK,AAL,WE,Towers with Display (VFR),20,6,3,1,30,0,98,13,7,118,20,104,16,8,148,22,0,22,170
02/11/2004,JNU,AK,AAL,WE,Towers with Display (VFR),20,5,2,0,27,3,104,16,0,123,23,109,18,0,150,10,0,10,160
02/12/2004,JNU,AK,AAL,WE,Towers with Display (VFR),20,9,4,2,35,0,59,8,0,67,20,68,12,2,102,10,0,10,112
02/13/2004,JNU,AK,AAL,WE,Towers with Display (VFR),19,5,2,2,28,1,125,35,0,161,20,130,37,2,189,12,2,14,203
02/14/2004,JNU,AK,AAL,WE,Towers with Display (VFR),18,4,2,1,25,4,76,58,0,138,22,80,60,1,163,74,0,74,237
02/15/2004,JNU,AK,AAL,WE,Towers with Display (VFR),20,5,2,2,29,6,41,55,1,103,26,46,57,3,132,114,22,136,268
02/16/2004,JNU,AK,AAL,WE,Towers with Display (VFR),23,6,2,0,31,3,74,40,0,117,26,80,42,0,148,98,0,98,246
02/17/2004,JNU,AK,AAL,WE,Towers with Display (VFR),21,4,2,2,29,0,104,19,0,123,21,108,21,2,152,84,0,84,236
02/18/2004,JNU,AK,AAL,WE,Towers with Display (VFR),22,5,2,0,29,0,95,16,0,111,22,100,18,0,140,16,0,16,156
02/19/2004,JNU,AK,AAL,WE,Towers with Display (VFR),23,6,2,2,33,0,87,8,3,98,23,93,10,5,131,0,0,0,131
02/20/2004,JNU,AK,AAL,WE,Towers with Display (VFR),24,5,2,2,33,3,84,11,0,98,27,89,13,2,131,16,0,16,147
02/21/2004,JNU,AK,AAL,WE,Towers with Display (VFR),21,5,2,1,29,3,60,7,11,81,24,65,9,12,110,24,0,24,134
02/22/2004,JNU,AK,AAL,WE,Towers with Display (VFR),5,0,0,0,5,0,0,0,2,2,5,0,0,2,7,0,0,0,7
02/23/2004,JNU,AK,AAL,WE,Towers with Display (VFR),25,8,4,1,38,0,98,17,10,125,25,106,21,11,163,64,0,64,227
02/24/2004,JNU,AK,AAL,WE,Towers with Display (VFR),22,5,2,1,30,0,109,38,11,158,22,114,40,12,188,34,0,34,222
02/25/2004,JNU,AK,AAL,WE,Towers with Display (VFR),21,5,2,1,29,0,109,20,5,134,21,114,22,6,163,32,0,32,195
02/26/2004,JNU,AK,AAL,WE,Towers with Display (VFR),15,4,1,0,20,3,123,25,1,152,18,127,26,1,172,6,0,6,178
02/27/2004,JNU,AK,AAL,WE,Towers with Display (VFR),24,6,2,1,33,1,111,49,0,161,25,117,51,1,194,42,0,42,236
02/28/2004,JNU,AK,AAL,WE,Towers with Display (VFR),18,5,1,0,24,3,83,38,6,130,21,88,39,6,154,38,0,38,192
02/29/2004,JNU,AK,AAL,WE,Towers with Display (VFR),15,4,2,0,21,5,78,27,2,112,20,82,29,2,133,38,0,38,171
03/01/2004,JNU,AK,AAL,WE,Towers with Display (VFR),24,5,2,0,31,6,121,24,0,151,30,126,26,0,182,42,0,42,224
03/02/2004,JNU,AK,AAL,WE,Towers with Display (VFR),19,3,2,0,24,0,135,17,5,157,19,138,19,5,181,12,0,12,193
03/03/2004,JNU,AK,AAL,WE,Towers with Display (VFR),14,2,1,0,17,0,3,0,0,3,14,5,1,0,20,0,0,0,20
03/04/2004,JNU,AK,AAL,WE,Towers with Display (VFR),25,4,3,1,33,0,78,9,3,90,25,82,12,4,123,0,0,0,123
03/05/2004,JNU,AK,AAL,WE,Towers with Display (VFR),23,3,3,0,29,1,103,11,0,115,24,106,14,0,144,0,0,0,144
03/06/2004,JNU,AK,AAL,WE,Towers with Display (VFR),22,3,2,0,27,2,64,7,7,80,24,67,9,7,107,22,0,22,129
03/07/2004,JNU,AK,AAL,WE,Towers with Display (VFR),19,3,2,0,24,0,52,19,0,71,19,55,21,0,95,0,0,0,95
03/08/2004,JNU,AK,AAL,WE,Towers with Display (VFR),14,2,1,0,17,2,71,1,0,74,16,73,2,0,91,0,0,0,91
03/09/2004,JNU,AK,AAL,WE,Towers with Display (VFR),24,5,1,2,32,0,148,15,4,167,24,153,16,6,199,8,14,22,221
03/10/2004,JNU,AK,AAL,WE,Towers with Display (VFR),14,4,1,0,19,0,74,15,0,89,14,78,16,0,108,22,0,22,130
03/11/2004,JNU,AK,AAL,WE,Towers with Display (VFR),21,4,1,1,27,1,137,22,10,170,22,141,23,11,197,0,2,2,199
03/12/2004,JNU,AK,AAL,WE,Towers with Display (VFR),22,4,2,0,28,3,146,34,0,183,25,150,36,0,211,0,8,8,219
03/13/2004,JNU,AK,AAL,WE,Towers with Display (VFR),20,4,1,1,26,1,93,42,0,136,21,97,43,1,162,92,0,92,254
03/14/2004,JNU,AK,AAL,WE,Towers with Display (VFR),17,3,1,1,22,2,106,22,0,130,19,109,23,1,152,46,0,46,198
03/15/2004,JNU,AK,AAL,WE,Towers with Display (VFR),19,4,1,1,25,5,127,22,3,157,24,131,23,4,182,22,0,22,204
03/16/2004,JNU,AK,AAL,WE,Towers with Display (VFR),20,4,1,0,25,1,74,11,0,86,21,78,12,0,111,0,0,0,111
03/17/2004,JNU,AK,AAL,WE,Towers with Display (VFR),23,4,2,1,30,1,113,38,0,152,24,117,40,1,182,20,0,20,202
03/18/2004,JNU,AK,AAL,WE,Towers with Display (VFR),21,4,1,1,27,1,132,33,3,169,22,136,34,4,196,32,0,32,228
03/19/2004,JNU,AK,AAL,WE,Towers with Display (VFR),21,4,1,0,26,1,140,40,0,181,22,144,41,0,207,64,0,64,271
03/20/2004,JNU,AK,AAL,WE,Towers with Display (VFR),19,4,1,1,25,1,138,68,5,212,20,142,69,6,237,130,0,130,367
03/21/2004,JNU,AK,AAL,WE,Towers with Display (VFR),15,3,1,0,19,5,98,20,0,123,20,101,21,0,142,26,0,26,168
03/22/2004,JNU,AK,AAL,WE,Towers with Display (VFR),20,4,2,1,27,0,35,11,1,47,20,39,13,2,74,12,0,12,86
03/23/2004,JNU,AK,AAL,WE,Towers with Display (VFR),25,5,1,2,33,1,154,44,0,199,26,159,45,2,232,26,0,26,258
03/24/2004,JNU,AK,AAL,WE,Towers with Display (VFR),22,5,2,2,31,0,106,29,13,148,22,111,31,15,179,10,0,10,189
03/25/2004,JNU,AK,AAL,WE,Towers with Display (VFR),19,3,1,1,24,2,124,6,1,133,21,127,7,2,157,10,0,10,167
03/26/2004,JNU,AK,AAL,WE,Towers with Display (VFR),21,3,2,1,27,0,131,34,7,172,21,134,36,8,199,34,0,34,233
03/27/2004,JNU,AK,AAL,WE,Towers with Display (VFR),21,3,2,1,27,0,125,29,7,161,21,128,31,8,188,32,0,32,220
03/28/2004,JNU,AK,AAL,WE,Towers with Display (VFR),14,2,0,0,16,0,47,3,0,50,14,49,3,0,66,0,0,0,66
03/29/2004,JNU,AK,AAL,WE,Towers with Display (VFR),12,3,1,0,16,0,68,10,0,78,12,71,11,0,94,12,0,12,106
03/30/2004,JNU,AK,AAL,WE,Towers with Display (VFR),29,4,2,0,35,0,83,12,0,95,29,87,14,0,130,14,0,14,144
03/31/2004,JNU,AK,AAL,WE,Towers with Display (VFR),22,4,2,0,28,1,96,3,1,101,23,100,5,1,129,0,0,0,129
04/01/2004,JNU,AK,AAL,WE,Towers with Display (VFR),24,5,3,0,32,0,88,10,1,99,24,93,13,1,131,38,0,38,169
04/02/2004,JNU,AK,AAL,WE,Towers with Display (VFR),22,4,3,0,29,0,113,3,4,120,22,117,6,4,149,10,0,10,159
04/03/2004,JNU,AK,AAL,WE,Towers with Display (VFR),19,3,2,0,24,0,108,14,0,122,19,111,16,0,146,6,0,6,152
04/04/2004,JNU,AK,AAL,WE,Towers with Display (VFR),22,4,2,0,28,0,80,51,4,135,22,84,53,4,163,30,0,30,193
04/05/2004,JNU,AK,AAL,WE,Towers with Display (VFR),20,3,3,0,26,0,114,48,10,172,20,117,51,10,198,126,0,126,324
04/06/2004,JNU,AK,AAL,WE,Towers with Display (VFR),18,3,2,0,23,1,136,44,0,181,19,139,46,0,204,49,0,49,253
04/07/2004,JNU,AK,AAL,WE,Towers with Display (VFR),24,4,3,0,31,0,110,15,0,125,24,114,18,0,156,0,0,0,156
04/08/2004,JNU,AK,AAL,WE,Towers with Display (VFR),18,2,2,0,22,2,168,40,0,210,20,170,42,0,232,28,0,28,260
04/09/2004,JNU,AK,AAL,WE,Towers with Display (VFR),22,4,3,0,29,0,138,20,2,160,22,142,23,2,189,24,0,24,213
04/10/2004,JNU,AK,AAL,WE,Towers with Display (VFR),19,3,2,0,24,0,130,28,0,158,19,133,30,0,182,22,0,22,204
04/11/2004,JNU,AK,AAL,WE,Towers with Display (VFR),17,4,1,0,22,5,79,44,0,128,22,83,45,0,150,56,0,56,206
04/12/2004,JNU,AK,AAL,WE,Towers with Display (VFR),24,5,2,0,31,0,173,31,0,204,24,178,33,0,235,20,0,20,255
04/13/2004,JNU,AK,AAL,WE,Towers with Display (VFR),18,4,1,0,23,3,154,25,0,182,21,158,26,0,205,22,0,22,227
04/14/2004,JNU,AK,AAL,WE,Towers with Display (VFR),17,3,1,0,21,2,171,37,0,210,19,174,38,0,231,16,0,16,247
04/15/2004,JNU,AK,AAL,WE,Towers with Display (VFR),23,5,2,1,31,2,148,30,1,181,25,153,32,2,212,14,0,14,226
04/16/2004,JNU,AK,AAL,WE,Towers with Display (VFR),20,4,2,1,27,0,167,53,7,227,20,171,55,8,254,12,0,12,266
04/17/2004,JNU,AK,AAL,WE,Towers with Display (VFR),18,4,1,0,23,0,131,19,0,150,18,135,20,0,173,24,0,24,197
04/18/2004,JNU,AK,AAL,WE,Towers with Display (VFR),21,5,1,0,27,1,116,41,0,158,22,121,42,0,185,38,0,38,223
04/19/2004,JNU,AK,AAL,WE,Towers with Display (VFR),22,5,1,0,28,0,231,52,0,283,22,236,53,0,311,18,0,18,329
04/20/2004,JNU,AK,AAL,WE,Towers with Display (VFR),17,4,1,0,22,4,163,64,0,231,21,167,65,0,253,12,0,12,265
04/21/2004,JNU,AK,AAL,WE,Towers with Display (VFR),21,5,1,0,27,2,149,63,0,214,23,154,64,0,241,26,0,26,267
04/22/2004,JNU,AK,AAL,WE,Towers with Display (VFR),21,5,1,1,28,0,141,20,1,162,21,146,21,2,190,10,0,10,200
04/23/2004,JNU,AK,AAL,WE,Towers with Display (VFR),23,5,1,0,29,1,145,23,0,169,24,150,24,0,198,8,0,8,206
04/24/2004,JNU,AK,AAL,WE,Towers with Display (VFR),20,4,2,0,26,1,124,23,0,148,21,128,25,0,174,48,0,48,222
04/25/2004,JNU,AK,AAL,WE,Towers with Display (VFR),19,3,1,0,23,3,130,14,0,147,22,133,15,0,170,18,0,18,188
04/26/2004,JNU,AK,AAL,WE,Towers with Display (VFR),24,4,1,0,29,6,171,33,0,210,30,175,34,0,239,44,0,44,283
04/27/2004,JNU,AK,AAL,WE,Towers with Display (VFR),19,4,2,1,26,0,199,41,1,241,19,203,43,2,267,30,0,30,297
04/28/2004,JNU,AK,AAL,WE,Towers with Display (VFR),23,4,1,1,29,2,168,70,2,242,25,172,71,3,271,28,0,28,299
04/29/2004,JNU,AK,AAL,WE,Towers with Display (VFR),23,4,1,1,29,4,215,61,1,281,27,219,62,2,310,26,0,26,336
04/30/2004,JNU,AK,AAL,WE,Towers with Display (VFR),23,5,2,0,30,0,262,69,11,342,23,267,71,11,372,68,0,68,440
05/01/2004,JNU,AK,AAL,WE,Towers with Display (VFR),18,3,2,0,23,8,222,51,2,283,26,225,53,2,306,52,0,52,358
05/02/2004,JNU,AK,AAL,WE,Towers with Display (VFR),25,6,3,1,35,0,143,41,7,191,25,149,44,8,226,64,0,64,290
05/03/2004,JNU,AK,AAL,WE,Towers with Display (VFR),24,3,3,1,31,0,251,50,3,304,24,254,53,4,335,30,0,30,365
05/04/2004,JNU,AK,AAL,WE,Towers with Display (VFR),26,4,3,0,33,0,235,54,0,289,26,239,57,0,322,18,0,18,340
05/05/2004,JNU,AK,AAL,WE,Towers with Display (VFR),23,3,2,0,28,0,304,52,0,356,23,307,54,0,384,24,0,24,408
05/06/2004,JNU,AK,AAL,WE,Towers with Display (VFR),26,3,3,1,33,0,277,49,4,330,26,280,52,5,363,28,0,28,391
05/07/2004,JNU,AK,AAL,WE,Towers with Display (VFR),19,3,3,0,25,0,303,64,6,373,19,306,67,6,398,108,0,108,506
05/08/2004,JNU,AK,AAL,WE,Towers with Display (VFR),21,3,2,1,27,4,237,65,0,306,25,240,67,1,333,208,0,208,541
05/09/2004,JNU,AK,AAL,WE,Towers with Display (VFR),24,3,1,0,28,3,199,41,0,243,27,202,42,0,271,4,0,4,275
05/10/2004,JNU,AK,AAL,WE,Towers with Display (VFR),21,3,2,0,26,4,617,72,0,693,25,620,74,0,719,34,0,34,753
05/11/2004,JNU,AK,AAL,WE,Towers with Display (VFR),26,3,2,2,33,0,386,64,1,451,26,389,66,3,484,30,0,30,514
05/12/2004,JNU,AK,AAL,WE,Towers with Display (VFR),24,3,1,2,30,2,453,77,1,533,26,456,78,3,563,20,0,20,583
05/13/2004,JNU,AK,AAL,WE,Towers with Display (VFR),20,3,2,0,25,5,481,73,0,559,25,484,75,0,584,8,0,8,592
05/14/2004,JNU,AK,AAL,WE,Towers with Display (VFR),24,3,1,1,29,3,391,91,0,485,27,394,92,1,514,18,0,18,532
05/15/2004,JNU,AK,AAL,WE,Towers with Display (VFR),22,3,2,1,28,4,230,85,1,320,26,233,87,2,348,36,0,36,384
05/16/2004,JNU,AK,AAL,WE,Towers with Display (VFR),20,3,2,0,25,0,200,65,0,265,20,203,67,0,290,74,0,74,364
05/17/2004,JNU,AK,AAL,WE,Towers with Display (VFR),24,3,1,2,30,3,566,49,2,620,27,569,50,4,650,4,0,4,654
05/18/2004,JNU,AK,AAL,WE,Towers with Display (VFR),27,3,2,2,34,0,482,25,0,507,27,485,27,2,541,4,0,4,545
05/19/2004,JNU,AK,AAL,WE,Towers with Display (VFR),23,3,2,1,29,0,463,55,1,519,23,466,57,2,548,14,0,14,562
05/20/2004,JNU,AK,AAL,WE,Towers with Display (VFR),27,2,2,0,31,5,470,63,0,538,32,472,65,0,569,34,0,34,603
05/21/2004,JNU,AK,AAL,WE,Towers with Display (VFR),24,2,2,0,28,0,509,90,0,599,24,511,92,0,627,10,0,10,637
05/22/2004,JNU,AK,AAL,WE,Towers with Display (VFR),25,2,1,0,28,2,370,81,0,453,27,372,82,0,481,20,0,20,501
05/23/2004,JNU,AK,AAL,WE,Towers with Display (VFR),23,3,2,0,28,4,206,82,0,292,27,209,84,0,320,60,0,60,380
05/24/2004,JNU,AK,AAL,WE,Towers with Display (VFR),24,3,2,0,29,3,303,32,0,338,27,306,34,0,367,10,0,10,377
05/25/2004,JNU,AK,AAL,WE,Towers with Display (VFR),25,3,2,1,31,3,447,26,2,478,28,450,28,3,509,10,0,10,519
05/26/2004,JNU,AK,AAL,WE,Towers with Display (VFR),26,4,2,1,33,0,452,62,3,517,26,456,64,4,550,44,0,44,594
05/27/2004,JNU,AK,AAL,WE,Towers with Display (VFR),23,4,2,1,30,0,445,60,5,510,23,449,62,6,540,10,2,12,552
05/28/2004,JNU,AK,AAL,WE,Towers with Display (VFR),25,3,2,1,31,0,471,60,2,533,25,474,62,3,564,0,0,0,564
05/29/2004,JNU,AK,AAL,WE,Towers with Display (VFR),24,3,2,0,29,1,475,38,2,516,25,478,40,2,545,28,0,28,573
05/30/2004,JNU,AK,AAL,WE,Towers with Display (VFR),22,3,2,0,27,4,267,33,0,304,26,270,35,0,331,38,0,38,369
05/31/2004,JNU,AK,AAL,WE,Towers with Display (VFR),21,3,2,0,26,5,572,48,0,625,26,575,50,0,651,28,0,28,679
06/01/2004,JNU,AK,AAL,WE,Towers with Display (VFR),20,2,3,0,25,4,590,34,2,630,24,592,37,2,655,30,0,30,685
06/02/2004,JNU,AK,AAL,WE,Towers with Display (VFR),26,3,3,1,33,0,481,23,1,505,26,484,26,2,538,22,0,22,560
06/03/2004,JNU,AK,AAL,WE,Towers with Display (VFR),25,3,2,0,30,3,670,79,3,755,28,673,81,3,785,36,0,36,821
06/04/2004,JNU,AK,AAL,WE,Towers with Display (VFR),21,2,2,0,25,4,428,65,4,501,25,430,67,4,526,12,0,12,538
06/05/2004,JNU,AK,AAL,WE,Towers with Display (VFR),25,3,2,0,30,2,387,75,1,465,27,390,77,1,495,46,0,46,541
06/06/2004,JNU,AK,AAL,WE,Towers with Display (VFR),31,3,3,1,38,6,520,69,2,597,37,523,72,3,635,48,0,48,683
06/07/2004,JNU,AK,AAL,WE,Towers with Display (VFR),30,3,3,1,37,6,588,69,2,665,36,591,72,3,702,30,0,30,732
06/08/2004,JNU,AK,AAL,WE,Towers with Display (VFR),31,4,2,0,37,0,641,49,0,690,31,645,51,0,727,4,0,4,731
06/09/2004,JNU,AK,AAL,WE,Towers with Display (VFR),35,4,3,0,42,0,586,48,0,634,35,590,51,0,676,10,0,10,686
06/10/2004,JNU,AK,AAL,WE,Towers with Display (VFR),34,4,4,1,43,3,671,45,2,721,37,675,49,3,764,22,0,22,786
06/11/2004,JNU,AK,AAL,WE,Towers with Display (VFR),33,4,4,1,42,0,583,40,1,624,33,587,44,2,666,4,0,4,670
06/12/2004,JNU,AK,AAL,WE,Towers with Display (VFR),35,4,4,1,44,2,431,53,1,487,37,435,57,2,531,28,0,28,559
06/13/2004,JNU,AK,AAL,WE,Towers with Display (VFR),29,3,3,0,35,7,428,51,0,486,36,431,54,0,521,22,0,22,543
06/14/2004,JNU,AK,AAL,WE,Towers with Display (VFR),34,4,4,1,43,5,492,28,2,527,39,496,32,3,570,2,0,2,572
06/15/2004,JNU,AK,AAL,WE,Towers with Display (VFR),33,4,4,0,41,3,730,54,0,787,36,734,58,0,828,18,0,18,846
06/16/2004,JNU,AK,AAL,WE,Towers with Display (VFR),29,2,4,0,35,5,742,74,0,821,34,744,78,0,856,4,0,4,860
06/17/2004,JNU,AK,AAL,WE,Towers with Display (VFR),29,2,4,2,37,5,700,72,1,778,34,702,76,3,815,20,0,20,835
06/18/2004,JNU,AK,AAL,WE,Towers with Display (VFR),28,2,3,0,33,1,485,76,0,562,29,487,79,0,595,12,0,12,607
06/19/2004,JNU,AK,AAL,WE,Towers with Display (VFR),29,2,3,2,36,7,722,63,0,792,36,724,66,2,828,6,0,6,834
06/20/2004,JNU,AK,AAL,WE,Towers with Display (VFR),29,2,4,0,35,5,612,90,0,707,34,614,94,0,742,42,0,42,784
06/21/2004,JNU,AK,AAL,WE,Towers with Display (VFR),30,2,4,2,38,7,780,75,0,862,37,782,79,2,900,18,0,18,918
06/22/2004,JNU,AK,AAL,WE,Towers with Display (VFR),35,3,3,2,43,0,824,95,0,919,35,827,98,2,962,0,0,0,962
06/23/2004,JNU,AK,AAL,WE,Towers with Display (VFR),31,2,3,2,38,5,786,66,0,857,36,788,69,2,895,36,0,36,931
06/24/2004,JNU,AK,AAL,WE,Towers with Display (VFR),35,3,4,2,44,0,786,89,5,880,35,789,93,7,924,0,0,0,924
06/25/2004,JNU,AK,AAL,WE,Towers with Display (VFR),35,3,4,1,43,5,545,80,0,630,40,548,84,1,673,42,0,42,715
06/26/2004,JNU,AK,AAL,WE,Towers with Display (VFR),32,3,5,1,41,0,534,83,1,618,32,537,88,2,659,44,0,44,703
06/27/2004,JNU,AK,AAL,WE,Towers with Display (VFR),37,3,4,1,45,0,274,53,0,327,37,277,57,1,372,62,0,62,434
06/28/2004,JNU,AK,AAL,WE,Towers with Display (VFR),35,3,5,1,44,0,637,58,10,705,35,640,63,11,749,54,0,54,803
06/29/2004,JNU,AK,AAL,WE,Towers with Display (VFR),38,3,5,1,47,0,790,54,0,844,38,793,59,1,891,36,0,36,927
06/30/2004,JNU,AK,AAL,WE,Towers with Display (VFR),31,3,4,1,39,0,768,54,1,823,31,771,58,2,862,116,0,116,978
07/01/2004,JNU,AK,AAL,WE,Towers with Display (VFR),31,3,3,1,38,0,405,54,3,462,31,408,57,4,500,28,0,28,528
07/02/2004,JNU,AK,AAL,WE,Towers with Display (VFR),35,4,2,1,42,0,580,77,0,657,35,584,79,1,699,48,0,48,747
07/03/2004,JNU,AK,AAL,WE,Towers with Display (VFR),38,4,3,0,45,0,398,53,0,451,38,402,56,0,496,18,0,18,514
07/04/2004,JNU,AK,AAL,WE,Towers with Display (VFR),36,4,3,0,43,1,343,60,0,404,37,347,63,0,447,4,0,4,451
07/05/2004,JNU,AK,AAL,WE,Towers with Display (VFR),29,3,2,0,34,0,597,60,0,657,29,600,62,0,691,30,0,30,721
07/06/2004,JNU,AK,AAL,WE,Towers with Display (VFR),34,3,3,0,40,0,643,56,6,705,34,646,59,6,745,36,0,36,781
07/07/2004,JNU,AK,AAL,WE,Towers with Display (VFR),36,4,3,0,43,2,753,69,1,825,38,757,72,1,868,0,0,0,868
07/08/2004,JNU,AK,AAL,WE,Towers with Display (VFR),35,3,3,0,41,0,809,90,0,899,35,812,93,0,940,18,0,18,958
07/09/2004,JNU,AK,AAL,WE,Towers with Display (VFR),40,4,4,0,48,0,624,71,4,699,40,628,75,4,747,6,0,6,753
07/10/2004,JNU,AK,AAL,WE,Towers with Display (VFR),35,4,3,0,42,2,475,60,0,537,37,479,63,0,579,8,0,8,587
07/11/2004,JNU,AK,AAL,WE,Towers with Display (VFR),39,4,4,0,47,0,755,103,0,858,39,759,107,0,905,26,0,26,931
07/12/2004,JNU,AK,AAL,WE,Towers with Display (VFR),32,3,3,0,38,4,703,55,1,763,36,706,58,1,801,12,0,12,813
07/13/2004,JNU,AK,AAL,WE,Towers with Display (VFR),30,4,2,0,36,6,795,76,3,880,36,799,78,3,916,26,0,26,942
07/14/2004,JNU,AK,AAL,WE,Towers with Display (VFR),36,3,3,1,43,0,846,59,0,905,36,849,62,1,948,22,0,22,970
07/15/2004,JNU,AK,AAL,WE,Towers with Display (VFR),34,2,4,1,41,3,969,61,6,1039,37,971,65,7,1080,12,0,12,1092
07/16/2004,JNU,AK,AAL,WE,Towers with Display (VFR),30,2,4,0,36,4,600,69,0,673,34,602,73,0,709,0,0,0,709
07/17/2004,JNU,AK,AAL,WE,Towers with Display (VFR),38,3,4,1,46,0,468,77,0,545,38,471,81,1,591,12,0,12,603
07/18/2004,JNU,AK,AAL,WE,Towers with Display (VFR),35,3,4,1,43,7,559,79,4,649,42,562,83,5,692,14,0,14,706
07/19/2004,JNU,AK,AAL,WE,Towers with Display (VFR),32,2,4,1,39,4,689,68,2,763,36,691,72,3,802,14,0,14,816
07/20/2004,JNU,AK,AAL,WE,Towers with Display (VFR),35,3,4,1,43,6,696,39,1,742,41,699,43,2,785,42,0,42,827
07/21/2004,JNU,AK,AAL,WE,Towers with Display (VFR),38,3,4,0,45,2,551,36,0,589,40,554,40,0,634,36,0,36,670
07/22/2004,JNU,AK,AAL,WE,Towers with Display (VFR),31,2,4,1,38,5,910,64,0,979,36,912,68,1,1017,78,0,78,1095
07/23/2004,JNU,AK,AAL,WE,Towers with Display (VFR),34,3,4,1,42,4,555,72,0,631,38,558,76,1,673,28,0,28,701
07/24/2004,JNU,AK,AAL,WE,Towers with Display (VFR),31,4,4,0,39,0,369,49,0,418,31,373,53,0,457,32,0,32,489
07/25/2004,JNU,AK,AAL,WE,Towers with Display (VFR),32,2,4,1,39,3,585,94,0,682,35,587,98,1,721,4,0,4,725
07/26/2004,JNU,AK,AAL,WE,Towers with Display (VFR),32,2,4,1,39,4,596,34,0,634,36,598,38,1,673,6,0,6,679
07/27/2004,JNU,AK,AAL,WE,Towers with Display (VFR),36,3,5,1,45,0,674,42,3,719,36,677,47,4,764,10,0,10,774
07/28/2004,JNU,AK,AAL,WE,Towers with Display (VFR),34,3,4,0,41,0,357,28,0,385,34,360,32,0,426,4,0,4,430
07/29/2004,JNU,AK,AAL,WE,Towers with Display (VFR),34,3,4,1,42,0,547,45,0,592,34,550,49,1,634,10,0,10,644
07/30/2004,JNU,AK,AAL,WE,Towers with Display (VFR),37,3,3,1,44,1,451,71,5,528,38,454,74,6,572,30,0,30,602
07/31/2004,JNU,AK,AAL,WE,Towers with Display (VFR),36,3,3,1,43,1,527,87,3,618,37,530,90,4,661,66,0,66,727
08/01/2004,JNU,AK,AAL,WE,Towers with Display (VFR),34,5,6,0,45,2,548,59,0,609,36,553,65,0,654,16,0,16,670
08/02/2004,JNU,AK,AAL,WE,Towers with Display (VFR),33,6,4,0,43,3,665,44,0,712,36,671,48,0,755,26,0,26,781
08/03/2004,JNU,AK,AAL,WE,Towers with Display (VFR),35,8,6,0,49,0,743,44,0,787,35,751,50,0,836,37,0,37,873
08/04/2004,JNU,AK,AAL,WE,Towers with Display (VFR),40,8,6,0,54,0,911,80,1,992,40,919,86,1,1046,54,0,54,1100
08/05/2004,JNU,AK,AAL,WE,Towers with Display (VFR),27,5,3,0,35,5,992,75,1,1073,32,997,78,1,1108,4,0,4,1112
08/06/2004,JNU,AK,AAL,WE,Towers with Display (VFR),30,5,4,0,39,1,576,61,3,641,31,581,65,3,680,10,0,10,690
08/07/2004,JNU,AK,AAL,WE,Towers with Display (VFR),38,7,5,0,50,0,504,119,0,623,38,511,124,0,673,42,0,42,715
08/08/2004,JNU,AK,AAL,WE,Towers with Display (VFR),28,5,5,0,38,5,617,103,0,725,33,622,108,0,763,20,0,20,783
08/09/2004,JNU,AK,AAL,WE,Towers with Display (VFR),30,5,5,0,40,7,741,101,1,850,37,746,106,1,890,32,0,32,922
08/10/2004,JNU,AK,AAL,WE,Towers with Display (VFR),29,5,5,0,39,4,830,59,5,898,33,835,64,5,937,4,0,4,941
08/11/2004,JNU,AK,AAL,WE,Towers with Display (VFR),34,5,5,1,45,0,814,43,18,875,34,819,48,19,920,22,12,34,954
08/12/2004,JNU,AK,AAL,WE,Towers with Display (VFR),29,4,5,1,39,10,894,48,1,953,39,898,53,2,992,14,0,14,1006
08/13/2004,JNU,AK,AAL,WE,Towers with Display (VFR),31,4,5,1,41,2,628,65,5,700,33,632,70,6,741,20,0,20,761
08/14/2004,JNU,AK,AAL,WE,Towers with Display (VFR),32,4,5,0,41,4,520,86,0,610,36,524,91,0,651,2,0,2,653
08/15/2004,JNU,AK,AAL,WE,Towers with Display (VFR),34,4,6,0,44,6,596,72,0,674,40,600,78,0,718,24,0,24,742
08/16/2004,JNU,AK,AAL,WE,Towers with Display (VFR),32,4,5,1,42,5,695,42,2,744,37,699,47,3,786,28,0,28,814
08/17/2004,JNU,AK,AAL,WE,Towers with Display (VFR),31,4,5,1,41,4,803,52,4,863,35,807,57,5,904,2,0,2,906
08/18/2004,JNU,AK,AAL,WE,Towers with Display (VFR),38,6,8,1,53,0,779,55,2,836,38,785,63,3,889,42,0,42,931
08/19/2004,JNU,AK,AAL,WE,Towers with Display (VFR),38,5,6,1,50,0,585,39,1,625,38,590,45,2,675,0,0,0,675
08/20/2004,JNU,AK,AAL,WE,Towers with Display (VFR),31,7,8,0,46,0,355,41,0,396,31,362,49,0,442,34,0,34,476
08/21/2004,JNU,AK,AAL,WE,Towers with Display (VFR),31,4,5,0,40,5,478,93,0,576,36,482,98,0,616,60,0,60,676
08/22/2004,JNU,AK,AAL,WE,Towers with Display (VFR),32,4,5,0,41,5,496,64,0,565,37,500,69,0,606,18,0,18,624
08/23/2004,JNU,AK,AAL,WE,Towers with Display (VFR),32,4,5,1,42,1,698,76,1,776,33,702,81,2,818,46,0,46,864
08/24/2004,JNU,AK,AAL,WE,Towers with Display (VFR),36,5,6,1,48,2,750,65,0,817,38,755,71,1,865,10,0,10,875
08/25/2004,JNU,AK,AAL,WE,Towers with Display (VFR),34,5,6,1,46,0,741,70,6,817,34,746,76,7,863,32,0,32,895
08/26/2004,JNU,AK,AAL,WE,Towers with Display (VFR),29,4,3,1,37,2,761,49,1,813,31,765,52,2,850,12,0,12,862
08/27/2004,JNU,AK,AAL,WE,Towers with Display (VFR),33,5,5,1,44,0,376,27,0,403,33,381,32,1,447,14,0,14,461
08/28/2004,JNU,AK,AAL,WE,Towers with Display (VFR),39,6,5,1,51,2,292,27,0,321,41,298,32,1,372,0,0,0,372
08/29/2004,JNU,AK,AAL,WE,Towers with Display (VFR),32,4,4,1,41,5,526,80,0,611,37,530,84,1,652,22,0,22,674
08/30/2004,JNU,AK,AAL,WE,Towers with Display (VFR),31,4,4,1,40,0,477,42,1,520,31,481,46,2,560,4,0,4,564
08/31/2004,JNU,AK,AAL,WE,Towers with Display (VFR),23,3,2,1,29,10,695,57,2,764,33,698,59,3,793,62,0,62,855
09/01/2004,JNU,AK,AAL,WE,Towers with Display (VFR),28,6,3,0,37,9,605,63,1,678,37,611,66,1,715,8,0,8,723
09/02/2004,JNU,AK,AAL,WE,Towers with Display (VFR),38,6,5,0,49,0,381,20,2,403,38,387,25,2,452,2,0,2,454
09/03/2004,JNU,AK,AAL,WE,Towers with Display (VFR),34,6,4,0,44,2,289,34,2,327,36,295,38,2,371,24,0,24,395
09/04/2004,JNU,AK,AAL,WE,Towers with Display (VFR),35,6,5,0,46,2,290,50,0,342,37,296,55,0,388,0,0,0,388
09/05/2004,JNU,AK,AAL,WE,Towers with Display (VFR),28,4,4,0,36,4,162,11,0,177,32,166,15,0,213,10,0,10,223
09/06/2004,JNU,AK,AAL,WE,Towers with Display (VFR),28,5,4,0,37,2,277,22,1,302,30,282,26,1,339,20,0,20,359
09/07/2004,JNU,AK,AAL,WE,Towers with Display (VFR),35,6,5,0,46,0,522,37,2,561,35,528,42,2,607,42,0,42,649
09/08/2004,JNU,AK,AAL,WE,Towers with Display (VFR),22,4,3,0,29,7,315,25,1,348,29,319,28,1,377,0,0,0,377
09/09/2004,JNU,AK,AAL,WE,Towers with Display (VFR),25,5,3,0,33,4,627,50,2,683,29,632,53,2,716,30,0,30,746
09/10/2004,JNU,AK,AAL,WE,Towers with Display (VFR),27,4,4,0,35,3,377,51,3,434,30,381,55,3,469,14,0,14,483
09/11/2004,JNU,AK,AAL,WE,Towers with Display (VFR),28,5,4,0,37,4,236,29,3,272,32,241,33,3,309,0,0,0,309
09/12/2004,JNU,AK,AAL,WE,Towers with Display (VFR),28,4,4,0,36,2,214,30,0,246,30,218,34,0,282,42,0,42,324
09/13/2004,JNU,AK,AAL,WE,Towers with Display (VFR),25,7,4,0,36,0,118,20,0,138,25,125,24,0,174,0,0,0,174
09/14/2004,JNU,AK,AAL,WE,Towers with Display (VFR),22,5,2,0,29,0,382,63,0,445,22,387,65,0,474,10,0,10,484
09/15/2004,JNU,AK,AAL,WE,Towers with Display (VFR),23,6,4,0,33,0,414,27,0,441,23,420,31,0,474,8,0,8,482
09/16/2004,JNU,AK,AAL,WE,Towers with Display (VFR),28,5,3,0,36,0,437,45,0,482,28,442,48,0,518,22,0,22,540
09/17/2004,JNU,AK,AAL,WE,Towers with Display (VFR),23,4,2,1,30,3,325,47,2,377,26,329,49,3,407,4,0,4,411
09/18/2004,JNU,AK,AAL,WE,Towers with Display (VFR),22,4,2,0,28,4,244,80,0,328,26,248,82,0,356,38,0,38,394
09/19/2004,JNU,AK,AAL,WE,Towers with Display (VFR),21,3,2,0,26,1,256,77,0,334,22,259,79,0,360,4,0,4,364
09/20/2004,JNU,AK,AAL,WE,Towers with Display (VFR),24,4,2,0,30,2,82,4,0,88,26,86,6,0,118,0,0,0,118
09/21/2004,JNU,AK,AAL,WE,Towers with Display (VFR),24,4,2,0,30,3,179,22,2,206,27,183,24,2,236,0,0,0,236
09/22/2004,JNU,AK,AAL,WE,Towers with Display (VFR),22,4,2,0,28,0,264,10,0,274,22,268,12,0,302,0,0,0,302
09/23/2004,JNU,AK,AAL,WE,Towers with Display (VFR),25,5,2,0,32,2,110,9,0,121,27,115,11,0,153,20,0,20,173
09/24/2004,JNU,AK,AAL,WE,Towers with Display (VFR),25,4,3,0,32,0,196,45,4,245,25,200,48,4,277,20,0,20,297
09/25/2004,JNU,AK,AAL,WE,Towers with Display (VFR),21,3,2,0,26,3,124,46,0,173,24,127,48,0,199,36,0,36,235
09/26/2004,JNU,AK,AAL,WE,Towers with Display (VFR),20,3,2,0,25,0,71,10,0,81,20,74,12,0,106,0,0,0,106
09/27/2004,JNU,AK,AAL,WE,Towers with Display (VFR),29,4,3,0,36,3,151,11,0,165,32,155,14,0,201,0,0,0,201
09/28/2004,JNU,AK,AAL,WE,Towers with Display (VFR),25,4,2,0,31,1,140,25,9,175,26,144,27,9,206,8,16,24,230
09/29/2004,JNU,AK,AAL,WE,Towers with Display (VFR),25,4,3,0,32,0,144,20,1,165,25,148,23,1,197,0,16,16,213
09/30/2004,JNU,AK,AAL,WE,Towers with Display (VFR),22,3,2,0,27,2,153,26,0,181,24,156,28,0,208,16,0,16,224
10/01/2004,JNU,AK,AAL,WE,Towers with Display (VFR),26,5,2,0,33,0,108,14,0,122,26,113,16,0,155,0,0,0,155
10/02/2004,JNU,AK,AAL,WE,Towers with Display (VFR),21,1,2,0,24,0,94,24,2,120,21,95,26,2,144,12,14,26,170
10/03/2004,JNU,AK,AAL,WE,Towers with Display (VFR),21,1,4,0,26,0,106,48,0,154,21,107,52,0,180,8,0,8,188
10/04/2004,JNU,AK,AAL,WE,Towers with Display (VFR),23,2,5,2,32,1,113,7,1,122,24,115,12,3,154,0,0,0,154
10/05/2004,JNU,AK,AAL,WE,Towers with Display (VFR),24,1,6,3,34,0,108,21,0,129,24,109,27,3,163,10,0,10,173
10/06/2004,JNU,AK,AAL,WE,Towers with Display (VFR),22,2,1,0,25,0,114,9,1,124,22,116,10,1,149,0,0,0,149
10/07/2004,JNU,AK,AAL,WE,Towers with Display (VFR),28,2,3,2,35,0,131,43,0,174,28,133,46,2,209,48,0,48,257
10/08/2004,JNU,AK,AAL,WE,Towers with Display (VFR),28,3,0,0,31,0,135,20,2,157,28,138,20,2,188,10,0,10,198
10/09/2004,JNU,AK,AAL,WE,Towers with Display (VFR),25,4,2,0,31,0,87,37,0,124,25,91,39,0,155,0,0,0,155
10/10/2004,JNU,AK,AAL,WE,Towers with Display (VFR),24,0,2,0,26,0,78,40,1,119,24,78,42,1,145,0,0,0,145
10/11/2004,JNU,AK,AAL,WE,Towers with Display (VFR),22,27,15,0,64,0,70,29,3,102,22,97,44,3,166,18,0,18,184
10/12/2004,JNU,AK,AAL,WE,Towers with Display (VFR),27,5,2,0,34,0,85,6,0,91,27,90,8,0,125,0,0,0,125
10/13/2004,JNU,AK,AAL,WE,Towers with Display (VFR),25,5,4,0,34,0,137,24,0,161,25,142,28,0,195,28,0,28,223
10/14/2004,JNU,AK,AAL,WE,Towers with Display (VFR),26,5,2,0,33,0,138,28,0,166,26,143,30,0,199,18,0,18,217
10/15/2004,JNU,AK,AAL,WE,Towers with Display (VFR),26,3,1,0,30,0,131,26,2,159,26,134,27,2,189,0,0,0,189
10/16/2004,JNU,AK,AAL,WE,Towers with Display (VFR),20,3,0,0,23,0,85,54,0,139,20,88,54,0,162,54,0,54,216
10/17/2004,JNU,AK,AAL,WE,Towers with Display (VFR),21,1,0,0,22,0,78,29,0,107,21,79,29,0,129,30,0,30,159
10/18/2004,JNU,AK,AAL,WE,Towers with Display (VFR),23,0,2,3,28,0,115,9,2,126,23,115,11,5,154,0,0,0,154
10/19/2004,JNU,AK,AAL,WE,Towers with Display (VFR),25,2,4,4,35,0,129,44,0,173,25,131,48,4,208,26,0,26,234
10/20/2004,JNU,AK,AAL,WE,Towers with Display (VFR),23,3,2,0,28,0,165,21,0,186,23,168,23,0,214,12,0,12,226
10/21/2004,JNU,AK,AAL,WE,Towers with Display (VFR),23,3,2,1,29,0,65,10,2,77,23,68,12,3,106,4,0,4,110
10/22/2004,JNU,AK,AAL,WE,Towers with Display (VFR),25,4,3,3,35,0,116,35,4,155,25,120,38,7,190,30,0,30,220
10/23/2004,JNU,AK,AAL,WE,Towers with Display (VFR),22,3,1,0,26,0,91,57,4,152,22,94,58,4,178,32,0,32,210
10/24/2004,JNU,AK,AAL,WE,Towers with Display (VFR),26,2,0,0,28,0,56,10,5,71,26,58,10,5,99,14,12,26,125
10/25/2004,JNU,AK,AAL,WE,Towers with Display (VFR),24,7,3,2,36,0,119,21,3,143,24,126,24,5,179,8,0,8,187
10/26/2004,JNU,AK,AAL,WE,Towers with Display (VFR),23,3,4,0,30,0,98,13,0,111,23,101,17,0,141,4,0,4,145
10/27/2004,JNU,AK,AAL,WE,Towers with Display (VFR),26,4,0,0,30,0,92,5,0,97,26,96,5,0,127,0,0,0,127
10/28/2004,JNU,AK,AAL,WE,Towers with Display (VFR),27,5,4,1,37,0,100,11,0,111,27,105,15,1,148,0,0,0,148
10/29/2004,JNU,AK,AAL,WE,Towers with Display (VFR),20,6,3,0,29,0,114,11,0,125,20,120,14,0,154,6,0,6,160
10/30/2004,JNU,AK,AAL,WE,Towers with Display (VFR),25,2,1,0,28,0,84,15,0,99,25,86,16,0,127,16,0,16,143
10/31/2004,JNU,AK,AAL,WE,Towers with Display (VFR),19,5,2,0,26,1,76,10,2,89,20,81,12,2,115,12,0,12,127
11/01/2004,JNU,AK,AAL,WE,Towers with Display (VFR),20,4,2,0,26,0,81,8,0,89,20,85,10,0,115,0,0,0,115
11/02/2004,JNU,AK,AAL,WE,Towers with Display (VFR),21,2,5,0,28,0,58,13,5,76,21,60,18,5,104,6,28,34,138
11/03/2004,JNU,AK,AAL,WE,Towers with Display (VFR),16,5,0,0,21,0,42,2,0,44,16,47,2,0,65,0,0,0,65
11/04/2004,JNU,AK,AAL,WE,Towers with Display (VFR),22,3,4,0,29,1,126,16,0,143,23,129,20,0,172,0,0,0,172
11/05/2004,JNU,AK,AAL,WE,Towers with Display (VFR),23,6,2,2,33,0,117,13,4,134,23,123,15,6,167,12,0,12,179
11/06/2004,JNU,AK,AAL,WE,Towers with Display (VFR),20,7,2,0,29,0,100,16,2,118,20,107,18,2,147,20,0,20,167
11/07/2004,JNU,AK,AAL,WE,Towers with Display (VFR),21,2,0,2,25,0,57,38,0,95,21,59,38,2,120,40,4,44,164
11/08/2004,JNU,AK,AAL,WE,Towers with Display (VFR),22,6,0,0,28,0,77,7,0,84,22,83,7,0,112,2,0,2,114
11/09/2004,JNU,AK,AAL,WE,Towers with Display (VFR),26,2,0,0,28,0,126,32,2,160,26,128,32,2,188,18,0,18,206
11/10/2004,JNU,AK,AAL,WE,Towers with Display (VFR),23,2,7,2,34,0,124,17,3,144,23,126,24,5,178,26,0,26,204
11/11/2004,JNU,AK,AAL,WE,Towers with Display (VFR),14,48,6,0,68,0,0,0,0,0,14,48,6,0,68,0,0,0,68
11/12/2004,JNU,AK,AAL,WE,Towers with Display (VFR),20,5,1,0,26,0,118,21,2,141,20,123,22,2,167,28,0,28,195
11/13/2004,JNU,AK,AAL,WE,Towers with Display (VFR),21,7,0,0,28,0,80,12,0,92,21,87,12,0,120,6,0,6,126
11/14/2004,JNU,AK,AAL,WE,Towers with Display (VFR),22,2,1,0,25,0,68,30,0,98,22,70,31,0,123,26,0,26,149
11/15/2004,JNU,AK,AAL,WE,Towers with Display (VFR),22,5,0,0,27,0,111,12,4,127,22,116,12,4,154,0,16,16,170
11/16/2004,JNU,AK,AAL,WE,Towers with Display (VFR),21,2,5,0,28,0,133,29,6,168,21,135,34,6,196,0,46,46,242
11/17/2004,JNU,AK,AAL,WE,Towers with Display (VFR),23,2,2,0,27,0,106,12,0,118,23,108,14,0,145,0,0,0,145
11/18/2004,JNU,AK,AAL,WE,Towers with Display (VFR),24,4,1,0,29,0,120,15,0,135,24,124,16,0,164,2,0,2,166
11/19/2004,JNU,AK,AAL,WE,Towers with Display (VFR),23,6,1,0,30,0,73,16,0,89,23,79,17,0,119,0,0,0,119
11/20/2004,JNU,AK,AAL,WE,Towers with Display (VFR),22,3,1,0,26,0,71,3,1,75,22,74,4,1,101,0,0,0,101
11/21/2004,JNU,AK,AAL,WE,Towers with Display (VFR),19,3,0,0,22,0,121,18,6,145,19,124,18,6,167,36,0,36,203
11/22/2004,JNU,AK,AAL,WE,Towers with Display (VFR),20,4,0,0,24,0,83,44,2,129,20,87,44,2,153,14,0,14,167
11/23/2004,JNU,AK,AAL,WE,Towers with Display (VFR),26,5,1,0,32,0,100,12,4,116,26,105,13,4,148,0,12,12,160
11/24/2004,JNU,AK,AAL,WE,Towers with Display (VFR),20,3,2,0,25,0,145,13,3,161,20,148,15,3,186,4,0,4,190
11/25/2004,JNU,AK,AAL,WE,Towers with Display (VFR),9,1,0,0,10,0,17,16,0,33,9,18,16,0,43,0,0,0,43
11/26/2004,JNU,AK,AAL,WE,Towers with Display (VFR),19,3,2,0,24,0,71,10,0,81,19,74,12,0,105,48,0,48,153
11/27/2004,JNU,AK,AAL,WE,Towers with Display (VFR),20,1,2,0,23,0,71,12,0,83,20,72,14,0,106,38,0,38,144
11/28/2004,JNU,AK,AAL,WE,Towers with Display (VFR),20,3,3,0,26,0,86,12,0,98,20,89,15,0,124,0,0,0,124
11/29/2004,JNU,AK,AAL,WE,Towers with Display (VFR),23,4,1,2,30,0,95,22,0,117,23,99,23,2,147,8,0,8,155
11/30/2004,JNU,AK,AAL,WE,Towers with Display (VFR),22,5,2,1,30,0,61,9,3,73,22,66,11,4,103,0,26,26,129
12/01/2004,JNU,AK,AAL,WE,Towers with Display (VFR),18,5,2,0,25,0,79,12,2,93,18,84,14,2,118,6,32,38,156
12/02/2004,JNU,AK,AAL,WE,Towers with Display (VFR),13,5,0,1,19,2,61,5,0,68,15,66,5,1,87,0,10,10,97
12/03/2004,JNU,AK,AAL,WE,Towers with Display (VFR),22,5,1,2,30,0,89,19,1,109,22,94,20,3,139,24,0,24,163
12/04/2004,JNU,AK,AAL,WE,Towers with Display (VFR),19,3,1,0,23,0,79,28,0,107,19,82,29,0,130,68,0,68,198
12/05/2004,JNU,AK,AAL,WE,Towers with Display (VFR),20,2,1,0,23,0,76,36,0,112,20,78,37,0,135,62,0,62,197
12/06/2004,JNU,AK,AAL,WE,Towers with Display (VFR),21,2,1,0,24,0,90,21,0,111,21,92,22,0,135,14,0,14,149
12/07/2004,JNU,AK,AAL,WE,Towers with Display (VFR),21,1,1,0,23,0,112,18,0,130,21,113,19,0,153,32,0,32,185
12/08/2004,JNU,AK,AAL,WE,Towers with Display (VFR),21,7,0,2,30,0,89,9,0,98,21,96,9,2,128,8,0,8,136
12/09/2004,JNU,AK,AAL,WE,Towers with Display (VFR),18,3,0,0,21,0,19,4,0,23,18,22,4,0,44,0,0,0,44
12/10/2004,JNU,AK,AAL,WE,Towers with Display (VFR),21,6,7,0,34,0,95,5,0,100,21,101,12,0,134,4,0,4,138
12/11/2004,JNU,AK,AAL,WE,Towers with Display (VFR),22,6,0,0,28,0,77,8,3,88,22,83,8,3,116,4,0,4,120
12/12/2004,JNU,AK,AAL,WE,Towers with Display (VFR),22,0,4,0,26,0,58,17,0,75,22,58,21,0,101,52,0,52,153
12/13/2004,JNU,AK,AAL,WE,Towers with Display (VFR),28,4,0,0,32,0,109,13,2,124,28,113,13,2,156,28,28,56,212
12/14/2004,JNU,AK,AAL,WE,Towers with Display (VFR),24,8,1,0,33,0,106,20,5,131,24,114,21,5,164,34,0,34,198
12/15/2004,JNU,AK,AAL,WE,Towers with Display (VFR),19,4,0,0,23,0,85,7,0,92,19,89,7,0,115,0,0,0,115
12/16/2004,JNU,AK,AAL,WE,Towers with Display (VFR),12,5,2,0,19,0,11,0,0,11,12,16,2,0,30,0,0,0,30
12/17/2004,JNU,AK,AAL,WE,Towers with Display (VFR),28,11,5,0,44,0,251,11,0,262,28,262,16,0,306,20,0,20,326
12/18/2004,JNU,AK,AAL,WE,Towers with Display (VFR),19,1,0,0,20,0,66,8,1,75,19,67,8,1,95,2,0,2,97
12/19/2004,JNU,AK,AAL,WE,Towers with Display (VFR),20,0,2,0,22,0,39,12,0,51,20,39,14,0,73,0,0,0,73
12/20/2004,JNU,AK,AAL,WE,Towers with Display (VFR),18,4,0,0,22,0,87,12,0,99,18,91,12,0,121,28,0,28,149
12/21/2004,JNU,AK,AAL,WE,Towers with Display (VFR),20,0,2,0,22,0,87,27,1,115,20,87,29,1,137,26,0,26,163
12/22/2004,JNU,AK,AAL,WE,Towers with Display (VFR),22,5,1,0,28,0,98,3,0,101,22,103,4,0,129,2,0,2,131
12/23/2004,JNU,AK,AAL,WE,Towers with Display (VFR),16,6,0,0,22,0,60,2,0,62,16,66,2,0,84,0,0,0,84
12/24/2004,JNU,AK,AAL,WE,Towers with Display (VFR),20,5,0,0,25,0,82,2,0,84,20,87,2,0,109,0,0,0,109
12/25/2004,JNU,AK,AAL,WE,Towers with Display (VFR),16,0,0,0,16,0,6,7,0,13,16,6,7,0,29,16,0,16,45
12/26/2004,JNU,AK,AAL,WE,Towers with Display (VFR),19,0,1,0,20,0,91,16,0,107,19,91,17,0,127,40,0,40,167
12/27/2004,JNU,AK,AAL,WE,Towers with Display (VFR),9,2,1,0,12,0,2,0,0,2,9,4,1,0,14,0,0,0,14
12/28/2004,JNU,AK,AAL,WE,Towers with Display (VFR),19,18,0,0,37,1,7,2,0,10,20,25,2,0,47,0,0,0,47
12/29/2004,JNU,AK,AAL,WE,Towers with Display (VFR),20,4,0,0,24,0,83,3,0,86,20,87,3,0,110,6,0,6,116
12/30/2004,JNU,AK,AAL,WE,Towers with Display (VFR),23,4,0,0,27,0,61,7,0,68,23,65,7,0,95,0,0,0,95
12/31/2004,JNU,AK,AAL,WE,Towers with Display (VFR),25,1,0,0,26,0,74,8,0,82,25,75,8,0,108,20,0,20,128
01/01/2005,JNU,AK,AAL,WE,Towers with Display (VFR),17,2,2,0,21,0,10,17,0,27,17,12,19,0,48,16,0,16,64
01/02/2005,JNU,AK,AAL,WE,Towers with Display (VFR),21,1,0,0,22,0,68,15,0,83,21,69,15,0,105,8,0,8,113
01/03/2005,JNU,AK,AAL,WE,Towers with Display (VFR),18,2,0,0,20,0,56,8,1,65,18,58,8,1,85,42,0,42,127
01/04/2005,JNU,AK,AAL,WE,Towers with Display (VFR),12,3,0,0,15,0,0,0,0,0,12,3,0,0,15,0,0,0,15
01/05/2005,JNU,AK,AAL,WE,Towers with Display (VFR),27,2,2,0,31,0,110,8,3,121,27,112,10,3,152,0,16,16,168
01/06/2005,JNU,AK,AAL,WE,Towers with Display (VFR),22,3,0,0,25,0,111,15,6,132,22,114,15,6,157,0,34,34,191
01/07/2005,JNU,AK,AAL,WE,Towers with Display (VFR),22,4,0,0,26,0,105,21,4,130,22,109,21,4,156,8,2,10,166
01/08/2005,JNU,AK,AAL,WE,Towers with Display (VFR),19,4,1,0,24,0,52,24,6,82,19,56,25,6,106,20,20,40,146
01/09/2005,JNU,AK,AAL,WE,Towers with Display (VFR),22,2,2,1,27,0,62,24,3,89,22,64,26,4,116,28,0,28,144
01/10/2005,JNU,AK,AAL,WE,Towers with Display (VFR),20,6,5,0,31,0,4,0,0,4,20,10,5,0,35,0,0,0,35
01/11/2005,JNU,AK,AAL,WE,Towers with Display (VFR),23,2,2,2,29,0,68,10,0,78,23,70,12,2,107,2,0,2,109
01/12/2005,JNU,AK,AAL,WE,Towers with Display (VFR),22,2,3,0,27,0,87,17,8,112,22,89,20,8,139,12,22,34,173
01/13/2005,JNU,AK,AAL,WE,Towers with Display (VFR),19,7,3,0,29,0,65,1,2,68,19,72,4,2,97,6,0,6,103
01/14/2005,JNU,AK,AAL,WE,Towers with Display (VFR),20,13,1,0,34,0,68,6,1,75,20,81,7,1,109,2,0,2,111
01/15/2005,JNU,AK,AAL,WE,Towers with Display (VFR),22,1,2,0,25,0,60,7,0,67,22,61,9,0,92,24,0,24,116
01/16/2005,JNU,AK,AAL,WE,Towers with Display (VFR),7,2,0,0,9,0,3,0,0,3,7,5,0,0,12,0,0,0,12
01/17/2005,JNU,AK,AAL,WE,Towers with Display (VFR),23,1,1,0,25,0,0,0,0,0,23,1,1,0,25,0,0,0,25
01/18/2005,JNU,AK,AAL,WE,Towers with Display (VFR),13,0,0,0,13,0,0,0,0,0,13,0,0,0,13,0,0,0,13
01/19/2005,JNU,AK,AAL,WE,Towers with Display (VFR),30,9,1,0,40,0,0,0,0,0,30,9,1,0,40,0,0,0,40
01/20/2005,JNU,AK,AAL,WE,Towers with Display (VFR),27,5,1,0,33,0,50,7,0,57,27,55,8,0,90,0,0,0,90
01/21/2005,JNU,AK,AAL,WE,Towers with Display (VFR),24,5,1,0,30,0,71,4,2,77,24,76,5,2,107,2,0,2,109
01/22/2005,JNU,AK,AAL,WE,Towers with Display (VFR),20,0,2,0,22,2,38,0,0,40,22,38,2,0,62,0,0,0,62
01/23/2005,JNU,AK,AAL,WE,Towers with Display (VFR),16,1,0,0,17,0,9,1,0,10,16,10,1,0,27,0,0,0,27
01/24/2005,JNU,AK,AAL,WE,Towers with Display (VFR),20,1,0,0,21,0,91,8,1,100,20,92,8,1,121,8,0,8,129
01/25/2005,JNU,AK,AAL,WE,Towers with Display (VFR),15,30,0,0,45,0,0,0,0,0,15,30,0,0,45,0,0,0,45
01/26/2005,JNU,AK,AAL,WE,Towers with Display (VFR),20,15,7,3,45,0,1,0,0,1,20,16,7,3,46,0,0,0,46
01/27/2005,JNU,AK,AAL,WE,Towers with Display (VFR),21,6,5,0,32,0,14,0,2,16,21,20,5,2,48,2,0,2,50
01/28/2005,JNU,AK,AAL,WE,Towers with Display (VFR),20,10,2,0,32,0,4,0,0,4,20,14,2,0,36,0,0,0,36
01/29/2005,JNU,AK,AAL,WE,Towers with Display (VFR),15,3,1,0,19,0,87,7,0,94,15,90,8,0,113,14,0,14,127
01/30/2005,JNU,AK,AAL,WE,Towers with Display (VFR),23,0,1,0,24,0,28,3,0,31,23,28,4,0,55,12,0,12,67
01/31/2005,JNU,AK,AAL,WE,Towers with Display (VFR),21,0,0,0,21,0,78,7,2,87,21,78,7,2,108,0,0,0,108
02/01/2005,JNU,AK,AAL,WE,Towers with Display (VFR),22,3,0,0,25,0,18,0,0,18,22,21,0,0,43,0,0,0,43
02/02/2005,JNU,AK,AAL,WE,Towers with Display (VFR),24,6,4,0,34,0,99,2,2,103,24,105,6,2,137,20,8,28,165
02/03/2005,JNU,AK,AAL,WE,Towers with Display (VFR),22,5,0,0,27,0,17,0,0,17,22,22,0,0,44,0,0,0,44
02/04/2005,JNU,AK,AAL,WE,Towers with Display (VFR),25,4,1,0,30,0,140,14,8,162,25,144,15,8,192,10,16,26,218
02/05/2005,JNU,AK,AAL,WE,Towers with Display (VFR),20,2,1,0,23,0,71,19,4,94,20,73,20,4,117,2,28,30,147
02/06/2005,JNU,AK,AAL,WE,Towers with Display (VFR),23,3,1,0,27,0,58,10,2,70,23,61,11,2,97,6,0,6,103
02/07/2005,JNU,AK,AAL,WE,Towers with Display (VFR),20,2,0,0,22,0,5,0,0,5,20,7,0,0,27,2,0,2,29
02/08/2005,JNU,AK,AAL,WE,Towers with Display (VFR),19,3,2,0,24,0,72,1,2,75,19,75,3,2,99,0,20,20,119
02/09/2005,JNU,AK,AAL,WE,Towers with Display (VFR),21,6,0,0,27,0,74,2,2,78,21,80,2,2,105,8,8,16,121
02/10/2005,JNU,AK,AAL,WE,Towers with Display (VFR),22,3,0,0,25,0,79,7,5,91,22,82,7,5,116,20,0,20,136
02/11/2005,JNU,AK,AAL,WE,Towers with Display (VFR),24,2,0,0,26,0,114,15,6,135,24,116,15,6,161,12,18,30,191
02/12/2005,JNU,AK,AAL,WE,Towers with Display (VFR),20,3,0,0,23,0,49,6,0,55,20,52,6,0,78,8,0,8,86
02/13/2005,JNU,AK,AAL,WE,Towers with Display (VFR),19,2,0,0,21,0,68,27,0,95,19,70,27,0,116,20,0,20,136
02/14/2005,JNU,AK,AAL,WE,Towers with Display (VFR),21,1,4,0,26,0,67,7,2,76,21,68,11,2,102,4,28,32,134
02/15/2005,JNU,AK,AAL,WE,Towers with Display (VFR),27,3,2,1,33,0,87,3,11,101,27,90,5,12,134,0,8,8,142
02/16/2005,JNU,AK,AAL,WE,Towers with Display (VFR),24,8,7,2,41,0,98,10,6,114,24,106,17,8,155,12,6,18,173
02/17/2005,JNU,AK,AAL,WE,Towers with Display (VFR),31,4,1,3,39,0,88,17,3,108,31,92,18,6,147,30,10,40,187
02/18/2005,JNU,AK,AAL,WE,Towers with Display (VFR),18,15,5,0,38,0,70,20,6,96,18,85,25,6,134,0,0,0,134
02/19/2005,JNU,AK,AAL,WE,Towers with Display (VFR),16,4,2,0,22,0,42,17,0,59,16,46,19,0,81,14,6,20,101
02/20/2005,JNU,AK,AAL,WE,Towers with Display (VFR),16,0,1,0,17,0,68,32,0,100,16,68,33,0,117,48,0,48,165
02/21/2005,JNU,AK,AAL,WE,Towers with Display (VFR),23,2,3,2,30,1,53,1,0,55,24,55,4,2,85,0,20,20,105
02/22/2005,JNU,AK,AAL,WE,Towers with Display (VFR),23,6,3,2,34,0,102,2,6,110,23,108,5,8,144,4,14,18,162
02/23/2005,JNU,AK,AAL,WE,Towers with Display (VFR),24,4,2,0,30,0,83,0,12,95,24,87,2,12,125,14,4,18,143
02/24/2005,JNU,AK,AAL,WE,Towers with Display (VFR),21,8,3,0,32,0,77,4,12,93,21,85,7,12,125,0,6,6,131
02/25/2005,JNU,AK,AAL,WE,Towers with Display (VFR),22,7,1,0,30,0,98,12,0,110,22,105,13,0,140,22,0,22,162
02/26/2005,JNU,AK,AAL,WE,Towers with Display (VFR),18,0,1,0,19,2,62,6,2,72,20,62,7,2,91,36,0,36,127
02/27/2005,JNU,AK,AAL,WE,Towers with Display (VFR),21,0,0,0,21,0,80,18,0,98,21,80,18,0,119,36,0,36,155
02/28/2005,JNU,AK,AAL,WE,Towers with Display (VFR),23,2,6,0,31,0,100,15,0,115,23,102,21,0,146,20,0,20,166
03/01/2005,JNU,AK,AAL,WE,Towers with Display (VFR),26,0,4,0,30,0,103,8,0,111,26,103,12,0,141,0,0,0,141
03/02/2005,JNU,AK,AAL,WE,Towers with Display (VFR),22,6,8,0,36,0,94,12,3,109,22,100,20,3,145,6,0,6,151
03/03/2005,JNU,AK,AAL,WE,Towers with Display (VFR),21,3,3,0,27,0,113,25,0,138,21,116,28,0,165,18,0,18,183
03/04/2005,JNU,AK,AAL,WE,Towers with Display (VFR),21,1,0,0,22,0,75,10,2,87,21,76,10,2,109,0,0,0,109
03/05/2005,JNU,AK,AAL,WE,Towers with Display (VFR),20,3,0,0,23,0,62,23,3,88,20,65,23,3,111,54,0,54,165
03/06/2005,JNU,AK,AAL,WE,Towers with Display (VFR),21,3,1,3,28,0,55,32,2,89,21,58,33,5,117,38,0,38,155
03/07/2005,JNU,AK,AAL,WE,Towers with Display (VFR),24,3,1,2,30,0,107,11,0,118,24,110,12,2,148,8,0,8,156
03/08/2005,JNU,AK,AAL,WE,Towers with Display (VFR),27,3,2,4,36,0,90,7,0,97,27,93,9,4,133,0,0,0,133
03/09/2005,JNU,AK,AAL,WE,Towers with Display (VFR),22,5,0,0,27,0,74,4,0,78,22,79,4,0,105,0,0,0,105
03/10/2005,JNU,AK,AAL,WE,Towers with Display (VFR),25,1,0,0,26,0,85,10,0,95,25,86,10,0,121,26,0,26,147
03/11/2005,JNU,AK,AAL,WE,Towers with Display (VFR),23,1,1,0,25,0,100,18,1,119,23,101,19,1,144,26,0,26,170
03/12/2005,JNU,AK,AAL,WE,Towers with Display (VFR),21,4,0,0,25,0,71,22,0,93,21,75,22,0,118,2,0,2,120
03/13/2005,JNU,AK,AAL,WE,Towers with Display (VFR),19,2,0,0,21,0,56,28,0,84,19,58,28,0,105,22,0,22,127
03/14/2005,JNU,AK,AAL,WE,Towers with Display (VFR),23,2,0,2,27,0,116,20,0,136,23,118,20,2,163,12,0,12,175
03/15/2005,JNU,AK,AAL,WE,Towers with Display (VFR),29,3,0,2,34,0,117,9,4,130,29,120,9,6,164,10,0,10,174
03/16/2005,JNU,AK,AAL,WE,Towers with Display (VFR),21,2,1,0,24,0,144,32,2,178,21,146,33,2,202,16,0,16,218
03/17/2005,JNU,AK,AAL,WE,Towers with Display (VFR),24,2,4,4,34,0,144,28,5,177,24,146,32,9,211,14,2,16,227
03/18/2005,JNU,AK,AAL,WE,Towers with Display (VFR),24,2,0,0,26,2,120,16,3,141,26,122,16,3,167,18,0,18,185
03/19/2005,JNU,AK,AAL,WE,Towers with Display (VFR),18,3,1,0,22,0,102,12,0,114,18,105,13,0,136,0,0,0,136
03/20/2005,JNU,AK,AAL,WE,Towers with Display (VFR),26,0,0,0,26,2,92,24,0,118,28,92,24,0,144,2,0,2,146
03/21/2005,JNU,AK,AAL,WE,Towers with Display (VFR),23,5,0,0,28,0,83,13,0,96,23,88,13,0,124,0,0,0,124
03/22/2005,JNU,AK,AAL,WE,Towers with Display (VFR),24,2,2,0,28,0,104,11,2,117,24,106,13,2,145,18,0,18,163
03/23/2005,JNU,AK,AAL,WE,Towers with Display (VFR),23,6,1,0,30,1,130,38,2,171,24,136,39,2,201,22,0,22,223
03/24/2005,JNU,AK,AAL,WE,Towers with Display (VFR),25,1,0,0,26,0,130,46,0,176,25,131,46,0,202,34,0,34,236
03/25/2005,JNU,AK,AAL,WE,Towers with Display (VFR),24,3,2,0,29,0,145,35,2,182,24,148,37,2,211,22,0,22,233
03/26/2005,JNU,AK,AAL,WE,Towers with Display (VFR),21,1,2,0,24,0,78,29,0,107,21,79,31,0,131,6,0,6,137
03/27/2005,JNU,AK,AAL,WE,Towers with Display (VFR),20,1,0,0,21,0,82,8,0,90,20,83,8,0,111,0,0,0,111
03/28/2005,JNU,AK,AAL,WE,Towers with Display (VFR),27,9,5,0,41,0,96,18,0,114,27,105,23,0,155,28,0,28,183
03/29/2005,JNU,AK,AAL,WE,Towers with Display (VFR),23,11,3,1,38,0,80,17,1,98,23,91,20,2,136,12,0,12,148
03/30/2005,JNU,AK,AAL,WE,Towers with Display (VFR),21,3,4,0,28,0,100,8,2,110,21,103,12,2,138,0,0,0,138
03/31/2005,JNU,AK,AAL,WE,Towers with Display (VFR),28,5,4,0,37,0,106,6,2,114,28,111,10,2,151,8,0,8,159
04/01/2005,JNU,AK,AAL,WE,Towers with Display (VFR),20,5,3,0,28,0,105,5,0,110,20,110,8,0,138,0,0,0,138
04/02/2005,JNU,AK,AAL,WE,Towers with Display (VFR),18,2,0,0,20,4,82,19,0,105,22,84,19,0,125,8,0,8,133
04/03/2005,JNU,AK,AAL,WE,Towers with Display (VFR),15,1,3,0,19,0,53,13,0,66,15,54,16,0,85,8,0,8,93
04/04/2005,JNU,AK,AAL,WE,Towers with Display (VFR),22,3,1,0,26,0,112,22,0,134,22,115,23,0,160,0,0,0,160
04/05/2005,JNU,AK,AAL,WE,Towers with Display (VFR),22,6,3,2,33,0,96,9,0,105,22,102,12,2,138,0,0,0,138
04/06/2005,JNU,AK,AAL,WE,Towers with Display (VFR),23,3,1,2,29,0,134,33,2,169,23,137,34,4,198,30,0,30,228
04/07/2005,JNU,AK,AAL,WE,Towers with Display (VFR),22,1,3,0,26,0,151,64,1,216,22,152,67,1,242,24,0,24,266
04/08/2005,JNU,AK,AAL,WE,Towers with Display (VFR),23,5,0,0,28,1,146,49,4,200,24,151,49,4,228,32,0,32,260
04/09/2005,JNU,AK,AAL,WE,Towers with Display (VFR),23,3,0,0,26,0,95,20,3,118,23,98,20,3,144,24,0,24,168
04/10/2005,JNU,AK,AAL,WE,Towers with Display (VFR),23,4,2,0,29,0,70,18,0,88,23,74,20,0,117,8,0,8,125
04/11/2005,JNU,AK,AAL,WE,Towers with Display (VFR),22,6,2,0,30,0,124,13,0,137,22,130,15,0,167,0,6,6,173
04/12/2005,JNU,AK,AAL,WE,Towers with Display (VFR),25,5,4,0,34,0,149,43,0,192,25,154,47,0,226,24,0,24,250
04/13/2005,JNU,AK,AAL,WE,Towers with Display (VFR),24,4,3,0,31,1,135,37,0,173,25,139,40,0,204,20,0,20,224
04/14/2005,JNU,AK,AAL,WE,Towers with Display (VFR),22,3,1,0,26,0,126,25,0,151,22,129,26,0,177,22,0,22,199
04/15/2005,JNU,AK,AAL,WE,Towers with Display (VFR),24,2,0,1,27,0,160,34,0,194,24,162,34,1,221,2,0,2,223
04/16/2005,JNU,AK,AAL,WE,Towers with Display (VFR),21,0,0,0,21,0,114,41,0,155,21,114,41,0,176,0,0,0,176
04/17/2005,JNU,AK,AAL,WE,Towers with Display (VFR),21,0,0,0,21,0,86,51,0,137,21,86,51,0,158,20,0,20,178
04/18/2005,JNU,AK,AAL,WE,Towers with Display (VFR),25,0,2,0,27,0,132,16,0,148,25,132,18,0,175,4,0,4,179
04/19/2005,JNU,AK,AAL,WE,Towers with Display (VFR),23,2,3,0,28,0,76,12,0,88,23,78,15,0,116,44,0,44,160
04/20/2005,JNU,AK,AAL,WE,Towers with Display (VFR),24,19,6,0,49,0,125,22,0,147,24,144,28,0,196,0,0,0,196
04/21/2005,JNU,AK,AAL,WE,Towers with Display (VFR),19,4,3,1,27,1,112,23,0,136,20,116,26,1,163,18,0,18,181
04/22/2005,JNU,AK,AAL,WE,Towers with Display (VFR),23,5,4,0,32,0,174,47,0,221,23,179,51,0,253,20,0,20,273
04/23/2005,JNU,AK,AAL,WE,Towers with Display (VFR),23,4,0,2,29,0,139,41,0,180,23,143,41,2,209,6,4,10,219
04/24/2005,JNU,AK,AAL,WE,Towers with Display (VFR),20,0,2,0,22,0,141,73,0,214,20,141,75,0,236,30,0,30,266
04/25/2005,JNU,AK,AAL,WE,Towers with Display (VFR),21,2,0,2,25,0,175,64,0,239,21,177,64,2,264,30,0,30,294
04/26/2005,JNU,AK,AAL,WE,Towers with Display (VFR),22,2,3,0,27,0,203,46,0,249,22,205,49,0,276,42,0,42,318
04/27/2005,JNU,AK,AAL,WE,Towers with Display (VFR),23,3,1,0,27,0,188,54,0,242,23,191,55,0,269,46,0,46,315
04/28/2005,JNU,AK,AAL,WE,Towers with Display (VFR),22,3,2,2,29,0,187,27,0,214,22,190,29,2,243,22,0,22,265
04/29/2005,JNU,AK,AAL,WE,Towers with Display (VFR),23,4,2,1,30,0,169,37,0,206,23,173,39,1,236,2,0,2,238
04/30/2005,JNU,AK,AAL,WE,Towers with Display (VFR),19,0,1,0,20,0,156,47,1,204,19,156,48,1,224,6,0,6,230
05/01/2005,JNU,AK,AAL,WE,Towers with Display (VFR),20,0,1,1,22,1,131,84,0,216,21,131,85,1,238,94,0,94,332
05/02/2005,JNU,AK,AAL,WE,Towers with Display (VFR),25,3,2,1,31,1,177,36,0,214,26,180,38,1,245,0,0,0,245
05/03/2005,JNU,AK,AAL,WE,Towers with Display (VFR),24,3,0,0,27,0,163,35,0,198,24,166,35,0,225,40,0,40,265
05/04/2005,JNU,AK,AAL,WE,Towers with Display (VFR),25,5,5,0,35,0,205,52,0,257,25,210,57,0,292,124,0,124,416
05/05/2005,JNU,AK,AAL,WE,Towers with Display (VFR),28,2,0,0,30,0,254,35,2,291,28,256,35,2,321,132,0,132,453
05/06/2005,JNU,AK,AAL,WE,Towers with Display (VFR),26,4,1,0,31,1,234,52,1,288,27,238,53,1,319,88,0,88,407
05/07/2005,JNU,AK,AAL,WE,Towers with Display (VFR),23,2,2,0,27,0,169,56,0,225,23,171,58,0,252,70,0,70,322
05/08/2005,JNU,AK,AAL,WE,Towers with Display (VFR),21,1,0,0,22,0,189,57,0,246,21,190,57,0,268,12,0,12,280
05/09/2005,JNU,AK,AAL,WE,Towers with Display (VFR),25,0,0,0,25,1,490,51,0,542,26,490,51,0,567,20,0,20,587
05/10/2005,JNU,AK,AAL,WE,Towers with Display (VFR),27,4,2,0,33,0,296,56,4,356,27,300,58,4,389,60,0,60,449
05/11/2005,JNU,AK,AAL,WE,Towers with Display (VFR),23,3,3,1,30,1,288,49,4,342,24,291,52,5,372,18,0,18,390
05/12/2005,JNU,AK,AAL,WE,Towers with Display (VFR),23,5,2,0,30,0,309,42,2,353,23,314,44,2,383,24,0,24,407
05/13/2005,JNU,AK,AAL,WE,Towers with Display (VFR),26,4,2,0,32,0,309,60,0,369,26,313,62,0,401,8,0,8,409
05/14/2005,JNU,AK,AAL,WE,Towers with Display (VFR),18,5,1,0,24,0,197,31,0,228,18,202,32,0,252,12,0,12,264
05/15/2005,JNU,AK,AAL,WE,Towers with Display (VFR),20,0,2,0,22,1,235,44,0,280,21,235,46,0,302,54,0,54,356
05/16/2005,JNU,AK,AAL,WE,Towers with Display (VFR),26,7,2,0,35,0,352,44,0,396,26,359,46,0,431,25,0,25,456
05/17/2005,JNU,AK,AAL,WE,Towers with Display (VFR),27,4,1,0,32,0,342,52,0,394,27,346,53,0,426,32,0,32,458
05/18/2005,JNU,AK,AAL,WE,Towers with Display (VFR),19,4,2,0,25,0,355,46,2,403,19,359,48,2,428,24,16,40,468
05/19/2005,JNU,AK,AAL,WE,Towers with Display (VFR),20,6,0,0,26,0,282,35,3,320,20,288,35,3,346,8,0,8,354
05/20/2005,JNU,AK,AAL,WE,Towers with Display (VFR),25,4,0,0,29,0,298,47,0,345,25,302,47,0,374,6,0,6,380
05/21/2005,JNU,AK,AAL,WE,Towers with Display (VFR),24,3,0,0,27,0,277,60,0,337,24,280,60,0,364,12,0,12,376
05/22/2005,JNU,AK,AAL,WE,Towers with Display (VFR),25,0,1,0,26,0,258,86,2,346,25,258,87,2,372,26,0,26,398
05/23/2005,JNU,AK,AAL,WE,Towers with Display (VFR),21,3,1,3,28,1,314,41,2,358,22,317,42,5,386,2,0,2,388
05/24/2005,JNU,AK,AAL,WE,Towers with Display (VFR),22,4,5,3,34,0,389,33,4,426,22,393,38,7,460,18,0,18,478
05/25/2005,JNU,AK,AAL,WE,Towers with Display (VFR),26,2,2,2,32,0,424,40,4,468,26,426,42,6,500,34,0,34,534
05/26/2005,JNU,AK,AAL,WE,Towers with Display (VFR),23,1,0,3,27,1,387,42,0,430,24,388,42,3,457,22,0,22,479
05/27/2005,JNU,AK,AAL,WE,Towers with Display (VFR),21,6,4,0,31,0,347,66,0,413,21,353,70,0,444,18,0,18,462
05/28/2005,JNU,AK,AAL,WE,Towers with Display (VFR),27,4,2,0,33,2,296,88,0,386,29,300,90,0,419,34,0,34,453
05/29/2005,JNU,AK,AAL,WE,Towers with Display (VFR),22,0,0,0,22,0,287,39,0,326,22,287,39,0,348,36,0,36,384
05/30/2005,JNU,AK,AAL,WE,Towers with Display (VFR),23,1,3,0,27,0,342,55,0,397,23,343,58,0,424,22,0,22,446
05/31/2005,JNU,AK,AAL,WE,Towers with Display (VFR),23,3,0,2,28,0,469,51,2,522,23,472,51,4,550,4,0,4,554
06/01/2005,JNU,AK,AAL,WE,Towers with Display (VFR),23,5,0,0,28,2,436,39,0,477,25,441,39,0,505,12,0,12,517
06/02/2005,JNU,AK,AAL,WE,Towers with Display (VFR),21,2,2,0,25,2,400,52,3,457,23,402,54,3,482,8,0,8,490
06/03/2005,JNU,AK,AAL,WE,Towers with Display (VFR),24,0,4,0,28,0,368,67,5,440,24,368,71,5,468,30,0,30,498
06/04/2005,JNU,AK,AAL,WE,Towers with Display (VFR),26,2,4,0,32,0,300,44,0,344,26,302,48,0,376,6,4,10,386
06/05/2005,JNU,AK,AAL,WE,Towers with Display (VFR),24,27,7,0,58,0,279,53,0,332,24,306,60,0,390,0,0,0,390
06/06/2005,JNU,AK,AAL,WE,Towers with Display (VFR),33,2,4,0,39,0,507,40,0,547,33,509,44,0,586,0,0,0,586
06/07/2005,JNU,AK,AAL,WE,Towers with Display (VFR),28,3,4,1,36,1,401,52,1,455,29,404,56,2,491,14,2,16,507
06/08/2005,JNU,AK,AAL,WE,Towers with Display (VFR),29,4,1,0,34,1,437,67,2,507,30,441,68,2,541,19,0,19,560
06/09/2005,JNU,AK,AAL,WE,Towers with Display (VFR),31,5,7,0,43,1,460,50,0,511,32,465,57,0,554,10,0,10,564
06/10/2005,JNU,AK,AAL,WE,Towers with Display (VFR),29,2,0,0,31,2,369,39,0,410,31,371,39,0,441,28,0,28,469
06/11/2005,JNU,AK,AAL,WE,Towers with Display (VFR),35,2,1,0,38,0,365,40,0,405,35,367,41,0,443,32,0,32,475
06/12/2005,JNU,AK,AAL,WE,Towers with Display (VFR),29,1,4,0,34,0,369,72,0,441,29,370,76,0,475,4,0,4,479
06/13/2005,JNU,AK,AAL,WE,Towers with Display (VFR),30,5,4,0,39,4,446,60,0,510,34,451,64,0,549,2,0,2,551
06/14/2005,JNU,AK,AAL,WE,Towers with Display (VFR),34,4,12,0,50,0,385,33,0,418,34,389,45,0,468,12,0,12,480
06/15/2005,JNU,AK,AAL,WE,Towers with Display (VFR),33,6,3,0,42,1,318,36,0,355,34,324,39,0,397,58,0,58,455
06/16/2005,JNU,AK,AAL,WE,Towers with Display (VFR),32,5,5,1,43,4,491,52,2,549,36,496,57,3,592,0,0,0,592
06/17/2005,JNU,AK,AAL,WE,Towers with Display (VFR),30,4,4,2,40,4,345,75,0,424,34,349,79,2,464,24,0,24,488
06/18/2005,JNU,AK,AAL,WE,Towers with Display (VFR),31,5,5,0,41,1,355,68,0,424,32,360,73,0,465,40,0,40,505
06/19/2005,JNU,AK,AAL,WE,Towers with Display (VFR),26,0,0,0,26,0,219,28,0,247,26,219,28,0,273,4,0,4,277
06/20/2005,JNU,AK,AAL,WE,Towers with Display (VFR),35,7,6,0,48,0,479,44,0,523,35,486,50,0,571,28,0,28,599
06/21/2005,JNU,AK,AAL,WE,Towers with Display (VFR),32,8,1,0,41,1,366,28,0,395,33,374,29,0,436,8,0,8,444
06/22/2005,JNU,AK,AAL,WE,Towers with Display (VFR),31,4,6,0,41,0,380,50,4,434,31,384,56,4,475,18,0,18,493
06/23/2005,JNU,AK,AAL,WE,Towers with Display (VFR),28,4,9,2,43,2,466,35,2,505,30,470,44,4,548,14,0,14,562
06/24/2005,JNU,AK,AAL,WE,Towers with Display (VFR),25,0,7,0,32,3,329,69,0,401,28,329,76,0,433,30,0,30,463
06/25/2005,JNU,AK,AAL,WE,Towers with Display (VFR),31,3,3,0,37,4,313,70,0,387,35,316,73,0,424,0,0,0,424
06/26/2005,JNU,AK,AAL,WE,Towers with Display (VFR),31,8,5,0,44,0,364,81,0,445,31,372,86,0,489,26,0,26,515
06/27/2005,JNU,AK,AAL,WE,Towers with Display (VFR),28,4,0,0,32,3,474,59,3,539,31,478,59,3,571,22,0,22,593
06/28/2005,JNU,AK,AAL,WE,Towers with Display (VFR),34,3,7,3,47,0,427,28,1,456,34,430,35,4,503,16,6,22,525
06/29/2005,JNU,AK,AAL,WE,Towers with Display (VFR),32,4,5,2,43,1,412,38,0,451,33,416,43,2,494,30,2,32,526
06/30/2005,JNU,AK,AAL,WE,Towers with Display (VFR),34,1,0,0,35,2,496,96,5,599,36,497,96,5,634,44,0,44,678
07/01/2005,JNU,AK,AAL,WE,Towers with Display (VFR),39,14,7,1,61,0,198,32,0,230,39,212,39,1,291,22,0,22,313
07/02/2005,JNU,AK,AAL,WE,Towers with Display (VFR),38,7,1,0,46,3,366,45,0,414,41,373,46,0,460,9,0,9,469
07/03/2005,JNU,AK,AAL,WE,Towers with Display (VFR),32,4,4,0,40,1,350,31,0,382,33,354,35,0,422,18,0,18,440
07/04/2005,JNU,AK,AAL,WE,Towers with Display (VFR),38,2,3,0,43,1,257,64,0,322,39,259,67,0,365,56,0,56,421
07/05/2005,JNU,AK,AAL,WE,Towers with Display (VFR),36,4,6,0,46,2,493,46,1,542,38,497,52,1,588,22,0,22,610
07/06/2005,JNU,AK,AAL,WE,Towers with Display (VFR),34,4,2,3,43,4,516,78,2,600,38,520,80,5,643,14,0,14,657
07/07/2005,JNU,AK,AAL,WE,Towers with Display (VFR),36,2,3,0,41,0,563,51,1,615,36,565,54,1,656,0,0,0,656
07/08/2005,JNU,AK,AAL,WE,Towers with Display (VFR),37,3,2,1,43,0,391,68,0,459,37,394,70,1,502,34,12,46,548
07/09/2005,JNU,AK,AAL,WE,Towers with Display (VFR),39,3,7,0,49,0,283,44,3,330,39,286,51,3,379,22,0,22,401
07/10/2005,JNU,AK,AAL,WE,Towers with Display (VFR),33,2,2,0,37,1,318,64,1,384,34,320,66,1,421,0,0,0,421
07/11/2005,JNU,AK,AAL,WE,Towers with Display (VFR),32,2,4,0,38,4,427,40,1,472,36,429,44,1,510,36,0,36,546
07/12/2005,JNU,AK,AAL,WE,Towers with Display (VFR),33,3,9,0,45,0,560,35,6,601,33,563,44,6,646,12,0,12,658
07/13/2005,JNU,AK,AAL,WE,Towers with Display (VFR),34,4,6,3,47,0,553,50,0,603,34,557,56,3,650,28,0,28,678
07/14/2005,JNU,AK,AAL,WE,Towers with Display (VFR),30,5,4,0,39,3,496,38,0,537,33,501,42,0,576,38,0,38,614
07/15/2005,JNU,AK,AAL,WE,Towers with Display (VFR),37,0,2,0,39,0,376,66,1,443,37,376,68,1,482,111,0,111,593
07/16/2005,JNU,AK,AAL,WE,Towers with Display (VFR),38,0,7,0,45,0,334,80,0,414,38,334,87,0,459,44,0,44,503
07/17/2005,JNU,AK,AAL,WE,Towers with Display (VFR),34,4,6,3,47,0,271,50,1,322,34,275,56,4,369,20,0,20,389
07/18/2005,JNU,AK,AAL,WE,Towers with Display (VFR),33,5,7,0,45,0,425,56,2,483,33,430,63,2,528,22,0,22,550
07/19/2005,JNU,AK,AAL,WE,Towers with Display (VFR),33,5,3,1,42,0,621,64,2,687,33,626,67,3,729,28,0,28,757
07/20/2005,JNU,AK,AAL,WE,Towers with Display (VFR),34,4,6,3,47,2,579,66,0,647,36,583,72,3,694,20,40,60,754
07/21/2005,JNU,AK,AAL,WE,Towers with Display (VFR),29,3,4,0,36,3,535,51,3,592,32,538,55,3,628,10,0,10,638
07/22/2005,JNU,AK,AAL,WE,Towers with Display (VFR),35,3,2,2,42,1,463,106,0,570,36,466,108,2,612,25,0,25,637
07/23/2005,JNU,AK,AAL,WE,Towers with Display (VFR),39,2,8,0,49,0,432,80,1,513,39,434,88,1,562,22,0,22,584
07/24/2005,JNU,AK,AAL,WE,Towers with Display (VFR),37,0,6,0,43,0,364,59,0,423,37,364,65,0,466,36,0,36,502
07/25/2005,JNU,AK,AAL,WE,Towers with Display (VFR),34,6,5,0,45,0,432,59,2,493,34,438,64,2,538,0,0,0,538
07/26/2005,JNU,AK,AAL,WE,Towers with Display (VFR),35,3,3,2,43,0,320,29,2,351,35,323,32,4,394,32,0,32,426
07/27/2005,JNU,AK,AAL,WE,Towers with Display (VFR),36,27,5,0,68,0,241,26,0,267,36,268,31,0,335,10,0,10,345
07/28/2005,JNU,AK,AAL,WE,Towers with Display (VFR),36,2,7,0,45,0,413,69,2,484,36,415,76,2,529,14,0,14,543
07/29/2005,JNU,AK,AAL,WE,Towers with Display (VFR),34,2,1,0,37,0,396,83,0,479,34,398,84,0,516,86,0,86,602
07/30/2005,JNU,AK,AAL,WE,Towers with Display (VFR),33,0,1,0,34,3,346,90,2,441,36,346,91,2,475,6,0,6,481
07/31/2005,JNU,AK,AAL,WE,Towers with Display (VFR),37,2,2,2,43,0,329,65,0,394,37,331,67,2,437,12,0,12,449
08/01/2005,JNU,AK,AAL,WE,Towers with Display (VFR),34,3,4,0,41,0,484,81,0,565,34,487,85,0,606,16,0,16,622
08/02/2005,JNU,AK,AAL,WE,Towers with Display (VFR),31,2,0,0,33,0,520,65,0,585,31,522,65,0,618,78,0,78,696
08/03/2005,JNU,AK,AAL,WE,Towers with Display (VFR),37,5,4,0,46,0,411,27,0,438,37,416,31,0,484,6,0,6,490
08/04/2005,JNU,AK,AAL,WE,Towers with Display (VFR),38,7,5,2,52,0,319,38,4,361,38,326,43,6,413,20,0,20,433
08/05/2005,JNU,AK,AAL,WE,Towers with Display (VFR),35,3,3,2,43,0,331,62,0,393,35,334,65,2,436,66,0,66,502
08/06/2005,JNU,AK,AAL,WE,Towers with Display (VFR),37,0,0,0,37,1,351,81,1,434,38,351,81,1,471,40,0,40,511
08/07/2005,JNU,AK,AAL,WE,Towers with Display (VFR),29,2,9,0,40,0,441,98,1,540,29,443,107,1,580,26,0,26,606
08/08/2005,JNU,AK,AAL,WE,Towers with Display (VFR),31,3,10,0,44,2,480,66,0,548,33,483,76,0,592,44,0,44,636
08/09/2005,JNU,AK,AAL,WE,Towers with Display (VFR),38,3,7,0,48,1,527,71,0,599,39,530,78,0,647,2,0,2,649
08/10/2005,JNU,AK,AAL,WE,Towers with Display (VFR),30,5,3,0,38,2,459,79,5,545,32,464,82,5,583,54,0,54,637
08/11/2005,JNU,AK,AAL,WE,Towers with Display (VFR),38,1,5,1,45,2,501,78,0,581,40,502,83,1,626,16,0,16,642
08/12/2005,JNU,AK,AAL,WE,Towers with Display (VFR),33,2,4,0,39,4,396,81,0,481,37,398,85,0,520,24,0,24,544
08/13/2005,JNU,AK,AAL,WE,Towers with Display (VFR),33,1,4,0,38,3,429,73,2,507,36,430,77,2,545,6,0,6,551
08/14/2005,JNU,AK,AAL,WE,Towers with Display (VFR),32,3,10,0,45,4,534,86,0,624,36,537,96,0,669,36,0,36,705
08/15/2005,JNU,AK,AAL,WE,Towers with Display (VFR),34,3,8,2,47,0,417,26,2,445,34,420,34,4,492,14,0,14,506
08/16/2005,JNU,AK,AAL,WE,Towers with Display (VFR),33,5,7,0,45,3,606,79,5,693,36,611,86,5,738,36,0,36,774
08/17/2005,JNU,AK,AAL,WE,Towers with Display (VFR),33,6,3,0,42,0,451,55,1,507,33,457,58,1,549,28,0,28,577
08/18/2005,JNU,AK,AAL,WE,Towers with Display (VFR),35,3,8,0,46,0,204,14,0,218,35,207,22,0,264,14,0,14,278
08/19/2005,JNU,AK,AAL,WE,Towers with Display (VFR),43,6,4,0,53,0,194,39,0,233,43,200,43,0,286,2,0,2,288
08/20/2005,JNU,AK,AAL,WE,Towers with Display (VFR),38,1,5,0,44,3,373,39,0,415,41,374,44,0,459,52,0,52,511
08/21/2005,JNU,AK,AAL,WE,Towers with Display (VFR),35,1,6,0,42,1,342,55,0,398,36,343,61,0,440,22,0,22,462
08/22/2005,JNU,AK,AAL,WE,Towers with Display (VFR),35,2,0,0,37,0,410,45,0,455,35,412,45,0,492,60,0,60,552
08/23/2005,JNU,AK,AAL,WE,Towers with Display (VFR),32,5,2,0,39,1,431,39,2,473,33,436,41,2,512,28,0,28,540
08/24/2005,JNU,AK,AAL,WE,Towers with Display (VFR),41,4,5,0,50,0,429,28,0,457,41,433,33,0,507,0,0,0,507
08/25/2005,JNU,AK,AAL,WE,Towers with Display (VFR),32,7,5,0,44,0,279,10,0,289,32,286,15,0,333,0,0,0,333
08/26/2005,JNU,AK,AAL,WE,Towers with Display (VFR),38,2,6,0,46,1,313,56,0,370,39,315,62,0,416,30,0,30,446
08/27/2005,JNU,AK,AAL,WE,Towers with Display (VFR),30,2,4,0,36,6,304,62,0,372,36,306,66,0,408,82,0,82,490
08/28/2005,JNU,AK,AAL,WE,Towers with Display (VFR),32,0,3,0,35,1,447,73,0,521,33,447,76,0,556,32,0,32,588
08/29/2005,JNU,AK,AAL,WE,Towers with Display (VFR),32,4,5,0,41,0,304,28,0,332,32,308,33,0,373,0,0,0,373
08/30/2005,JNU,AK,AAL,WE,Towers with Display (VFR),38,3,3,0,44,0,390,24,3,417,38,393,27,3,461,30,0,30,491
08/31/2005,JNU,AK,AAL,WE,Towers with Display (VFR),32,6,14,0,52,0,409,32,0,441,32,415,46,0,493,52,0,52,545
09/01/2005,JNU,AK,AAL,WE,Towers with Display (VFR),33,3,6,0,42,0,484,30,0,514,33,487,36,0,556,2,0,2,558
09/02/2005,JNU,AK,AAL,WE,Towers with Display (VFR),31,3,3,0,37,0,340,48,0,388,31,343,51,0,425,6,0,6,431
09/03/2005,JNU,AK,AAL,WE,Towers with Display (VFR),31,3,1,0,35,0,316,68,2,386,31,319,69,2,421,102,0,102,523
09/04/2005,JNU,AK,AAL,WE,Towers with Display (VFR),26,0,5,0,31,0,263,46,1,310,26,263,51,1,341,16,0,16,357
09/05/2005,JNU,AK,AAL,WE,Towers with Display (VFR),31,1,3,0,35,0,355,48,0,403,31,356,51,0,438,38,0,38,476
09/06/2005,JNU,AK,AAL,WE,Towers with Display (VFR),29,6,1,0,36,0,186,14,0,200,29,192,15,0,236,8,0,8,244
09/07/2005,JNU,AK,AAL,WE,Towers with Display (VFR),32,3,2,0,37,0,353,26,0,379,32,356,28,0,416,8,0,8,424
09/08/2005,JNU,AK,AAL,WE,Towers with Display (VFR),33,0,7,0,40,0,392,55,0,447,33,392,62,0,487,64,0,64,551
09/09/2005,JNU,AK,AAL,WE,Towers with Display (VFR),32,25,7,1,65,0,329,57,3,389,32,354,64,4,454,30,0,30,484
09/10/2005,JNU,AK,AAL,WE,Towers with Display (VFR),25,0,6,4,35,0,209,37,2,248,25,209,43,6,283,24,0,24,307
09/11/2005,JNU,AK,AAL,WE,Towers with Display (VFR),26,0,5,0,31,0,305,53,2,360,26,305,58,2,391,54,0,54,445
09/12/2005,JNU,AK,AAL,WE,Towers with Display (VFR),23,2,5,0,30,0,255,27,0,282,23,257,32,0,312,20,0,20,332
09/13/2005,JNU,AK,AAL,WE,Towers with Display (VFR),24,4,1,0,29,1,256,25,0,282,25,260,26,0,311,16,0,16,327
09/14/2005,JNU,AK,AAL,WE,Towers with Display (VFR),24,4,4,3,35,0,398,54,3,455,24,402,58,6,490,36,0,36,526
09/15/2005,JNU,AK,AAL,WE,Towers with Display (VFR),25,1,0,0,26,0,340,41,1,382,25,341,41,1,408,38,0,38,446
09/16/2005,JNU,AK,AAL,WE,Towers with Display (VFR),23,2,0,2,27,0,317,28,5,350,23,319,28,7,377,26,0,26,403
09/17/2005,JNU,AK,AAL,WE,Towers with Display (VFR),24,2,2,0,28,0,141,22,0,163,24,143,24,0,191,15,0,15,206
09/18/2005,JNU,AK,AAL,WE,Towers with Display (VFR),23,5,3,0,31,0,117,19,4,140,23,122,22,4,171,0,0,0,171
09/19/2005,JNU,AK,AAL,WE,Towers with Display (VFR),26,7,3,0,36,0,274,45,2,321,26,281,48,2,357,2,0,2,359
09/20/2005,JNU,AK,AAL,WE,Towers with Display (VFR),25,2,3,0,30,0,187,24,0,211,25,189,27,0,241,10,0,10,251
09/21/2005,JNU,AK,AAL,WE,Towers with Display (VFR),22,6,4,2,34,0,300,23,0,323,22,306,27,2,357,32,0,32,389
09/22/2005,JNU,AK,AAL,WE,Towers with Display (VFR),21,3,6,0,30,1,264,47,0,312,22,267,53,0,342,16,0,16,358
09/23/2005,JNU,AK,AAL,WE,Towers with Display (VFR),24,3,2,0,29,0,157,17,0,174,24,160,19,0,203,46,0,46,249
09/24/2005,JNU,AK,AAL,WE,Towers with Display (VFR),25,1,0,0,26,0,127,10,0,137,25,128,10,0,163,16,0,16,179
09/25/2005,JNU,AK,AAL,WE,Towers with Display (VFR),24,0,0,0,24,0,126,50,1,177,24,126,50,1,201,32,0,32,233
09/26/2005,JNU,AK,AAL,WE,Towers with Display (VFR),24,1,0,0,25,0,191,46,2,239,24,192,46,2,264,10,0,10,274
09/27/2005,JNU,AK,AAL,WE,Towers with Display (VFR),24,3,2,0,29,0,132,15,0,147,24,135,17,0,176,0,0,0,176
09/28/2005,JNU,AK,AAL,WE,Towers with Display (VFR),24,4,1,0,29,0,161,19,0,180,24,165,20,0,209,4,0,4,213
09/29/2005,JNU,AK,AAL,WE,Towers with Display (VFR),27,5,2,0,34,0,126,16,0,142,27,131,18,0,176,18,0,18,194
09/30/2005,JNU,AK,AAL,WE,Towers with Display (VFR),26,2,2,0,30,0,159,30,0,189,26,161,32,0,219,2,0,2,221
10/01/2005,JNU,AK,AAL,WE,Towers with Display (VFR),25,0,0,0,25,0,129,69,0,198,25,129,69,0,223,52,0,52,275
10/02/2005,JNU,AK,AAL,WE,Towers with Display (VFR),22,6,2,0,30,0,100,75,0,175,22,106,77,0,205,32,0,32,237
10/03/2005,JNU,AK,AAL,WE,Towers with Display (VFR),27,3,1,0,31,0,147,59,0,206,27,150,60,0,237,54,0,54,291
10/04/2005,JNU,AK,AAL,WE,Towers with Display (VFR),22,2,0,0,24,0,163,31,0,194,22,165,31,0,218,84,0,84,302
10/05/2005,JNU,AK,AAL,WE,Towers with Display (VFR),25,2,5,0,32,0,130,15,0,145,25,132,20,0,177,16,0,16,193
10/06/2005,JNU,AK,AAL,WE,Towers with Display (VFR),28,2,3,2,35,0,129,20,0,149,28,131,23,2,184,12,0,12,196
10/07/2005,JNU,AK,AAL,WE,Towers with Display (VFR),25,2,2,0,29,0,157,44,0,201,25,159,46,0,230,12,0,12,242
10/08/2005,JNU,AK,AAL,WE,Towers with Display (VFR),22,1,2,0,25,0,109,62,0,171,22,110,64,0,196,20,0,20,216
10/09/2005,JNU,AK,AAL,WE,Towers with Display (VFR),18,0,4,0,22,0,53,9,0,62,18,53,13,0,84,0,0,0,84
10/10/2005,JNU,AK,AAL,WE,Towers with Display (VFR),23,2,1,1,27,0,112,25,0,137,23,114,26,1,164,0,0,0,164
10/11/2005,JNU,AK,AAL,WE,Towers with Display (VFR),25,2,3,0,30,1,88,4,0,93,26,90,7,0,123,0,0,0,123
10/12/2005,JNU,AK,AAL,WE,Towers with Display (VFR),25,3,7,0,35,0,138,16,0,154,25,141,23,0,189,14,0,14,203
10/13/2005,JNU,AK,AAL,WE,Towers with Display (VFR),23,4,10,2,39,1,129,27,2,159,24,133,37,4,198,10,4,14,212
10/14/2005,JNU,AK,AAL,WE,Towers with Display (VFR),26,3,7,3,39,0,173,54,1,228,26,176,61,4,267,32,2,34,301
10/15/2005,JNU,AK,AAL,WE,Towers with Display (VFR),23,1,3,0,27,0,160,79,2,241,23,161,82,2,268,18,0,18,286
10/16/2005,JNU,AK,AAL,WE,Towers with Display (VFR),21,0,7,0,28,0,99,18,0,117,21,99,25,0,145,44,0,44,189
10/17/2005,JNU,AK,AAL,WE,Towers with Display (VFR),25,4,3,2,34,0,149,22,0,171,25,153,25,2,205,38,0,38,243
10/18/2005,JNU,AK,AAL,WE,Towers with Display (VFR),24,2,3,0,29,0,140,6,0,146,24,142,9,0,175,2,0,2,177
10/19/2005,JNU,AK,AAL,WE,Towers with Display (VFR),28,2,8,0,38,0,153,31,0,184,28,155,39,0,222,12,0,12,234
10/20/2005,JNU,AK,AAL,WE,Towers with Display (VFR),24,15,2,0,41,0,152,50,0,202,24,167,52,0,243,66,0,66,309
10/21/2005,JNU,AK,AAL,WE,Towers with Display (VFR),24,5,6,0,35,0,108,12,2,122,24,113,18,2,157,0,0,0,157
10/22/2005,JNU,AK,AAL,WE,Towers with Display (VFR),26,4,0,0,30,0,62,4,0,66,26,66,4,0,96,0,0,0,96
10/23/2005,JNU,AK,AAL,WE,Towers with Display (VFR),23,0,4,0,27,1,80,23,0,104,24,80,27,0,131,14,0,14,145
10/24/2005,JNU,AK,AAL,WE,Towers with Display (VFR),25,2,3,0,30,0,121,14,2,137,25,123,17,2,167,4,0,4,171
10/25/2005,JNU,AK,AAL,WE,Towers with Display (VFR),25,2,0,0,27,0,108,10,0,118,25,110,10,0,145,0,0,0,145
10/26/2005,JNU,AK,AAL,WE,Towers with Display (VFR),25,5,6,0,36,0,140,22,0,162,25,145,28,0,198,0,0,0,198
10/27/2005,JNU,AK,AAL,WE,Towers with Display (VFR),27,5,12,1,45,0,151,32,1,184,27,156,44,2,229,52,0,52,281
10/28/2005,JNU,AK,AAL,WE,Towers with Display (VFR),25,1,2,0,28,0,122,42,0,164,25,123,44,0,192,40,0,40,232
10/29/2005,JNU,AK,AAL,WE,Towers with Display (VFR),22,2,3,0,27,0,94,18,2,114,22,96,21,2,141,0,0,0,141
10/30/2005,JNU,AK,AAL,WE,Towers with Display (VFR),19,0,0,0,19,0,72,25,0,97,19,72,25,0,116,40,0,40,156
10/31/2005,JNU,AK,AAL,WE,Towers with Display (VFR),21,1,1,2,25,0,111,11,0,122,21,112,12,2,147,6,0,6,153
11/01/2005,JNU,AK,AAL,WE,Towers with Display (VFR),22,0,0,0,22,0,116,14,2,132,22,116,14,2,154,0,0,0,154
11/02/2005,JNU,AK,AAL,WE,Towers with Display (VFR),24,3,5,2,34,0,98,23,0,121,24,101,28,2,155,0,0,0,155
11/03/2005,JNU,AK,AAL,WE,Towers with Display (VFR),19,12,2,0,33,0,75,4,0,79,19,87,6,0,112,4,0,4,116
11/04/2005,JNU,AK,AAL,WE,Towers with Display (VFR),22,26,8,0,56,0,103,18,0,121,22,129,26,0,177,0,0,0,177
11/05/2005,JNU,AK,AAL,WE,Towers with Display (VFR),17,1,2,0,20,0,81,9,3,93,17,82,11,3,113,12,10,22,135
11/06/2005,JNU,AK,AAL,WE,Towers with Display (VFR),23,1,0,1,25,0,90,26,1,117,23,91,26,2,142,46,0,46,188
11/07/2005,JNU,AK,AAL,WE,Towers with Display (VFR),21,1,3,0,25,0,68,7,1,76,21,69,10,1,101,2,0,2,103
11/08/2005,JNU,AK,AAL,WE,Towers with Display (VFR),26,2,3,0,31,0,103,8,0,111,26,105,11,0,142,0,0,0,142
11/09/2005,JNU,AK,AAL,WE,Towers with Display (VFR),20,3,4,0,27,0,149,23,0,172,20,152,27,0,199,12,0,12,211
11/10/2005,JNU,AK,AAL,WE,Towers with Display (VFR),23,4,1,0,28,0,126,18,2,146,23,130,19,2,174,2,0,2,176
11/11/2005,JNU,AK,AAL,WE,Towers with Display (VFR),22,2,0,0,24,0,137,51,0,188,22,139,51,0,212,48,0,48,260
11/12/2005,JNU,AK,AAL,WE,Towers with Display (VFR),19,1,1,0,21,0,119,45,2,166,19,120,46,2,187,74,0,74,261
11/13/2005,JNU,AK,AAL,WE,Towers with Display (VFR),23,0,0,0,23,0,99,53,4,156,23,99,53,4,179,62,0,62,241
11/14/2005,JNU,AK,AAL,WE,Towers with Display (VFR),16,2,3,0,21,0,138,15,0,153,16,140,18,0,174,4,0,4,178
11/15/2005,JNU,AK,AAL,WE,Towers with Display (VFR),22,2,2,0,26,0,86,3,0,89,22,88,5,0,115,16,0,16,131
11/16/2005,JNU,AK,AAL,WE,Towers with Display (VFR),22,2,8,0,32,0,134,4,0,138,22,136,12,0,170,4,0,4,174
11/17/2005,JNU,AK,AAL,WE,Towers with Display (VFR),21,6,0,0,27,0,109,14,0,123,21,115,14,0,150,8,0,8,158
11/18/2005,JNU,AK,AAL,WE,Towers with Display (VFR),21,2,1,0,24,0,86,4,0,90,21,88,5,0,114,0,0,0,114
11/19/2005,JNU,AK,AAL,WE,Towers with Display (VFR),21,1,2,0,24,0,127,11,0,138,21,128,13,0,162,6,0,6,168
11/20/2005,JNU,AK,AAL,WE,Towers with Display (VFR),23,2,2,0,27,0,88,16,0,104,23,90,18,0,131,30,0,30,161
11/21/2005,JNU,AK,AAL,WE,Towers with Display (VFR),21,3,0,0,24,0,35,5,0,40,21,38,5,0,64,0,0,0,64
11/22/2005,JNU,AK,AAL,WE,Towers with Display (VFR),22,1,3,0,26,0,95,7,1,103,22,96,10,1,129,0,0,0,129
11/23/2005,JNU,AK,AAL,WE,Towers with Display (VFR),23,2,5,0,30,0,118,10,1,129,23,120,15,1,159,6,0,6,165
11/24/2005,JNU,AK,AAL,WE,Towers with Display (VFR),13,0,0,0,13,0,5,4,0,9,13,5,4,0,22,0,0,0,22
11/25/2005,JNU,AK,AAL,WE,Towers with Display (VFR),20,3,0,0,23,0,89,19,1,109,20,92,19,1,132,6,0,6,138
11/26/2005,JNU,AK,AAL,WE,Towers with Display (VFR),21,0,1,0,22,0,87,46,1,134,21,87,47,1,156,68,0,68,224
11/27/2005,JNU,AK,AAL,WE,Towers with Display (VFR),20,1,2,0,23,0,103,51,1,155,20,104,53,1,178,48,0,48,226
11/28/2005,JNU,AK,AAL,WE,Towers with Display (VFR),22,1,1,1,25,0,119,23,0,142,22,120,24,1,167,40,0,40,207
11/29/2005,JNU,AK,AAL,WE,Towers with Display (VFR),22,0,1,0,23,0,121,25,4,150,22,121,26,4,173,4,0,4,177
11/30/2005,JNU,AK,AAL,WE,Towers with Display (VFR),23,3,0,0,26,0,130,17,0,147,23,133,17,0,173,4,0,4,177
12/01/2005,JNU,AK,AAL,WE,Towers with Display (VFR),25,4,1,4,34,0,122,15,0,137,25,126,16,4,171,14,0,14,185
12/02/2005,JNU,AK,AAL,WE,Towers with Display (VFR),24,2,0,4,30,0,171,25,1,197,24,173,25,5,227,60,0,60,287
12/03/2005,JNU,AK,AAL,WE,Towers with Display (VFR),21,3,0,0,24,0,5,0,0,5,21,8,0,0,29,0,0,0,29
12/04/2005,JNU,AK,AAL,WE,Towers with Display (VFR),26,0,2,0,28,0,125,17,0,142,26,125,19,0,170,56,0,56,226
12/05/2005,JNU,AK,AAL,WE,Towers with Display (VFR),22,2,3,0,27,0,114,10,0,124,22,116,13,0,151,10,0,10,161
12/06/2005,JNU,AK,AAL,WE,Towers with Display (VFR),15,1,0,0,16,0,79,18,2,99,15,80,18,2,115,2,0,2,117
12/07/2005,JNU,AK,AAL,WE,Towers with Display (VFR),26,16,5,0,47,0,71,2,0,73,26,87,7,0,120,0,0,0,120
12/08/2005,JNU,AK,AAL,WE,Towers with Display (VFR),26,8,8,0,42,0,105,10,0,115,26,113,18,0,157,6,0,6,163
12/09/2005,JNU,AK,AAL,WE,Towers with Display (VFR),24,2,0,0,26,0,92,10,0,102,24,94,10,0,128,2,0,2,130
12/10/2005,JNU,AK,AAL,WE,Towers with Display (VFR),27,4,2,0,33,0,104,32,0,136,27,108,34,0,169,90,0,90,259
12/11/2005,JNU,AK,AAL,WE,Towers with Display (VFR),16,9,6,0,31,0,24,3,0,27,16,33,9,0,58,0,0,0,58
12/12/2005,JNU,AK,AAL,WE,Towers with Display (VFR),25,5,4,0,34,0,89,7,0,96,25,94,11,0,130,10,0,10,140
12/13/2005,JNU,AK,AAL,WE,Towers with Display (VFR),23,2,7,0,32,0,114,10,0,124,23,116,17,0,156,2,0,2,158
12/14/2005,JNU,AK,AAL,WE,Towers with Display (VFR),26,3,1,1,31,0,122,15,0,137,26,125,16,1,168,12,0,12,180
12/15/2005,JNU,AK,AAL,WE,Towers with Display (VFR),25,4,4,0,33,0,98,7,0,105,25,102,11,0,138,12,0,12,150
12/16/2005,JNU,AK,AAL,WE,Towers with Display (VFR),27,3,0,0,30,0,240,23,5,268,27,243,23,5,298,56,0,56,354
12/17/2005,JNU,AK,AAL,WE,Towers with Display (VFR),25,3,2,0,30,0,79,19,0,98,25,82,21,0,128,32,0,32,160
12/18/2005,JNU,AK,AAL,WE,Towers with Display (VFR),24,1,0,0,25,0,79,32,0,111,24,80,32,0,136,44,0,44,180
12/19/2005,JNU,AK,AAL,WE,Towers with Display (VFR),24,3,0,0,27,0,119,20,3,142,24,122,20,3,169,14,0,14,183
12/20/2005,JNU,AK,AAL,WE,Towers with Display (VFR),21,3,2,0,26,0,73,15,0,88,21,76,17,0,114,40,0,40,154
12/21/2005,JNU,AK,AAL,WE,Towers with Display (VFR),24,3,1,0,28,0,87,6,0,93,24,90,7,0,121,10,0,10,131
12/22/2005,JNU,AK,AAL,WE,Towers with Display (VFR),17,4,3,0,24,0,47,5,0,52,17,51,8,0,76,4,0,4,80
12/23/2005,JNU,AK,AAL,WE,Towers with Display (VFR),21,3,2,0,26,0,120,12,1,133,21,123,14,1,159,24,0,24,183
12/24/2005,JNU,AK,AAL,WE,Towers with Display (VFR),24,4,0,0,28,0,92,27,0,119,24,96,27,0,147,44,0,44,191
12/25/2005,JNU,AK,AAL,WE,Towers with Display (VFR),16,1,6,0,23,0,1,0,0,1,16,2,6,0,24,26,0,26,50
12/26/2005,JNU,AK,AAL,WE,Towers with Display (VFR),19,4,2,0,25,0,95,32,0,127,19,99,34,0,152,44,0,44,196
12/27/2005,JNU,AK,AAL,WE,Towers with Display (VFR),24,5,3,0,32,0,90,20,0,110,24,95,23,0,142,16,0,16,158
12/28/2005,JNU,AK,AAL,WE,Towers with Display (VFR),23,14,1,0,38,0,92,12,0,104,23,106,13,0,142,36,0,36,178
12/29/2005,JNU,AK,AAL,WE,Towers with Display (VFR),22,3,0,0,25,0,85,18,0,103,22,88,18,0,128,20,0,20,148
12/30/2005,JNU,AK,AAL,WE,Towers with Display (VFR),22,3,2,0,27,0,90,18,2,110,22,93,20,2,137,18,0,18,155
12/31/2005,JNU,AK,AAL,WE,Towers with Display (VFR),13,7,3,0,23,0,3,2,0,5,13,10,5,0,28,0,0,0,28
01/01/2006,JNU,AK,AAL,WE,Towers with Display (VFR),17,13,3,0,33,0,7,1,0,8,17,20,4,0,41,0,0,0,41
01/02/2006,JNU,AK,AAL,WE,Towers with Display (VFR),22,0,0,0,22,0,88,20,0,108,22,88,20,0,130,82,0,82,212
01/03/2006,JNU,AK,AAL,WE,Towers with Display (VFR),15,1,0,3,19,0,57,5,0,62,15,58,5,3,81,30,0,30,111
01/04/2006,JNU,AK,AAL,WE,Towers with Display (VFR),18,12,0,0,30,0,94,12,0,106,18,106,12,0,136,6,0,6,142
01/05/2006,JNU,AK,AAL,WE,Towers with Display (VFR),24,8,1,0,33,0,88,6,0,94,24,96,7,0,127,16,0,16,143
01/06/2006,JNU,AK,AAL,WE,Towers with Display (VFR),23,4,2,2,31,0,64,10,0,74,23,68,12,2,105,2,0,2,107
01/07/2006,JNU,AK,AAL,WE,Towers with Display (VFR),18,20,4,0,42,0,26,10,0,36,18,46,14,0,78,20,0,20,98
01/08/2006,JNU,AK,AAL,WE,Towers with Display (VFR),23,0,2,1,26,0,52,16,0,68,23,52,18,1,94,50,0,50,144
01/09/2006,JNU,AK,AAL,WE,Towers with Display (VFR),18,4,2,0,24,0,62,4,0,66,18,66,6,0,90,0,0,0,90
01/10/2006,JNU,AK,AAL,WE,Towers with Display (VFR),23,2,1,0,26,0,79,9,0,88,23,81,10,0,114,8,0,8,122
01/11/2006,JNU,AK,AAL,WE,Towers with Display (VFR),23,2,0,1,26,0,115,17,0,132,23,117,17,1,158,8,0,8,166
01/12/2006,JNU,AK,AAL,WE,Towers with Display (VFR),17,7,1,1,26,0,98,7,0,105,17,105,8,1,131,54,0,54,185
01/13/2006,JNU,AK,AAL,WE,Towers with Display (VFR),23,7,3,0,33,0,112,24,0,136,23,119,27,0,169,40,0,40,209
01/14/2006,JNU,AK,AAL,WE,Towers with Display (VFR),23,4,3,2,32,0,84,34,0,118,23,88,37,2,150,82,0,82,232
01/15/2006,JNU,AK,AAL,WE,Towers with Display (VFR),26,2,2,0,30,0,55,8,0,63,26,57,10,0,93,50,0,50,143
01/16/2006,JNU,AK,AAL,WE,Towers with Display (VFR),21,1,0,0,22,0,61,24,2,87,21,62,24,2,109,60,0,60,169
01/17/2006,JNU,AK,AAL,WE,Towers with Display (VFR),24,0,0,0,24,0,76,15,2,93,24,76,15,2,117,30,0,30,147
01/18/2006,JNU,AK,AAL,WE,Towers with Display (VFR),20,20,2,0,42,0,21,0,0,21,20,41,2,0,63,0,0,0,63
01/19/2006,JNU,AK,AAL,WE,Towers with Display (VFR),22,7,1,0,30,0,80,2,0,82,22,87,3,0,112,16,0,16,128
01/20/2006,JNU,AK,AAL,WE,Towers with Display (VFR),21,3,1,1,26,0,77,8,1,86,21,80,9,2,112,40,0,40,152
01/21/2006,JNU,AK,AAL,WE,Towers with Display (VFR),25,2,0,1,28,0,62,4,0,66,25,64,4,1,94,0,0,0,94
01/22/2006,JNU,AK,AAL,WE,Towers with Display (VFR),21,0,0,0,21,0,48,4,0,52,21,48,4,0,73,8,0,8,81
01/23/2006,JNU,AK,AAL,WE,Towers with Display (VFR),22,3,4,2,31,0,58,5,0,63,22,61,9,2,94,30,0,30,124
01/24/2006,JNU,AK,AAL,WE,Towers with Display (VFR),10,11,0,0,21,0,0,0,0,0,10,11,0,0,21,0,0,0,21
01/25/2006,JNU,AK,AAL,WE,Towers with Display (VFR),25,5,0,0,30,0,92,9,0,101,25,97,9,0,131,52,0,52,183
01/26/2006,JNU,AK,AAL,WE,Towers with Display (VFR),24,7,4,0,35,0,60,9,3,72,24,67,13,3,107,48,0,48,155
01/27/2006,JNU,AK,AAL,WE,Towers with Display (VFR),22,5,4,0,31,0,79,4,0,83,22,84,8,0,114,0,0,0,114
01/28/2006,JNU,AK,AAL,WE,Towers with Display (VFR),17,13,0,0,30,0,18,0,0,18,17,31,0,0,48,4,0,4,52
01/29/2006,JNU,AK,AAL,WE,Towers with Display (VFR),21,6,1,0,28,0,29,6,0,35,21,35,7,0,63,26,0,26,89
01/30/2006,JNU,AK,AAL,WE,Towers with Display (VFR),19,2,4,0,25,0,98,13,0,111,19,100,17,0,136,0,0,0,136
01/31/2006,JNU,AK,AAL,WE,Towers with Display (VFR),21,3,1,0,25,0,49,3,0,52,21,52,4,0,77,0,0,0,77
02/01/2006,JNU,AK,AAL,WE,Towers with Display (VFR),17,5,5,2,29,0,83,2,0,85,17,88,7,2,114,0,0,0,114
02/02/2006,JNU,AK,AAL,WE,Towers with Display (VFR),22,4,7,2,35,0,102,9,0,111,22,106,16,2,146,12,0,12,158
02/03/2006,JNU,AK,AAL,WE,Towers with Display (VFR),21,3,7,0,31,0,88,10,0,98,21,91,17,0,129,12,0,12,141
02/04/2006,JNU,AK,AAL,WE,Towers with Display (VFR),16,1,0,0,17,0,80,16,4,100,16,81,16,4,117,14,0,14,131
02/05/2006,JNU,AK,AAL,WE,Towers with Display (VFR),20,1,1,0,22,0,28,7,0,35,20,29,8,0,57,10,0,10,67
02/06/2006,JNU,AK,AAL,WE,Towers with Display (VFR),21,5,0,0,26,0,43,0,2,45,21,48,0,2,71,0,0,0,71
02/07/2006,JNU,AK,AAL,WE,Towers with Display (VFR),24,5,3,0,32,0,75,5,0,80,24,80,8,0,112,10,0,10,122
02/08/2006,JNU,AK,AAL,WE,Towers with Display (VFR),21,5,6,0,32,0,109,3,0,112,21,114,9,0,144,16,0,16,160
02/09/2006,JNU,AK,AAL,WE,Towers with Display (VFR),23,3,1,0,27,0,116,8,0,124,23,119,9,0,151,12,0,12,163
02/10/2006,JNU,AK,AAL,WE,Towers with Display (VFR),23,5,2,0,30,0,127,39,1,167,23,132,41,1,197,44,0,44,241
02/11/2006,JNU,AK,AAL,WE,Towers with Display (VFR),20,2,1,0,23,0,78,6,0,84,20,80,7,0,107,58,0,58,165
02/12/2006,JNU,AK,AAL,WE,Towers with Display (VFR),19,0,2,0,21,0,48,2,0,50,19,48,4,0,71,0,0,0,71
02/13/2006,JNU,AK,AAL,WE,Towers with Display (VFR),22,2,4,4,32,0,97,12,0,109,22,99,16,4,141,16,0,16,157
02/14/2006,JNU,AK,AAL,WE,Towers with Display (VFR),23,1,2,0,26,0,108,24,0,132,23,109,26,0,158,24,0,24,182
02/15/2006,JNU,AK,AAL,WE,Towers with Display (VFR),23,8,0,0,31,0,123,27,1,151,23,131,27,1,182,12,0,12,194
02/16/2006,JNU,AK,AAL,WE,Towers with Display (VFR),23,5,3,0,31,0,129,22,4,155,23,134,25,4,186,28,0,28,214
02/17/2006,JNU,AK,AAL,WE,Towers with Display (VFR),22,6,6,2,36,0,121,37,0,158,22,127,43,2,194,24,0,24,218
02/18/2006,JNU,AK,AAL,WE,Towers with Display (VFR),21,0,0,0,21,0,80,42,2,124,21,80,42,2,145,56,0,56,201
02/19/2006,JNU,AK,AAL,WE,Towers with Display (VFR),21,0,0,0,21,0,50,6,2,58,21,50,6,2,79,0,0,0,79
02/20/2006,JNU,AK,AAL,WE,Towers with Display (VFR),22,1,5,2,30,0,80,7,2,89,22,81,12,4,119,16,0,16,135
02/21/2006,JNU,AK,AAL,WE,Towers with Display (VFR),23,5,5,0,33,0,104,10,0,114,23,109,15,0,147,2,0,2,149
02/22/2006,JNU,AK,AAL,WE,Towers with Display (VFR),22,3,1,0,26,0,93,7,1,101,22,96,8,1,127,6,0,6,133
02/23/2006,JNU,AK,AAL,WE,Towers with Display (VFR),17,2,1,0,20,0,105,25,2,132,17,107,26,2,152,16,0,16,168
02/24/2006,JNU,AK,AAL,WE,Towers with Display (VFR),21,1,3,2,27,0,106,18,0,124,21,107,21,2,151,32,0,32,183
02/25/2006,JNU,AK,AAL,WE,Towers with Display (VFR),22,0,0,0,22,0,79,24,0,103,22,79,24,0,125,45,0,45,170
02/26/2006,JNU,AK,AAL,WE,Towers with Display (VFR),21,3,1,1,26,0,45,32,0,77,21,48,33,1,103,24,0,24,127
02/27/2006,JNU,AK,AAL,WE,Towers with Display (VFR),23,3,4,0,30,0,112,12,3,127,23,115,16,3,157,8,0,8,165
02/28/2006,JNU,AK,AAL,WE,Towers with Display (VFR),22,3,2,0,27,0,66,8,1,75,22,69,10,1,102,0,0,0,102
03/01/2006,JNU,AK,AAL,WE,Towers with Display (VFR),22,3,0,0,25,0,111,25,0,136,22,114,25,0,161,40,0,40,201
03/02/2006,JNU,AK,AAL,WE,Towers with Display (VFR),22,4,1,0,27,0,119,39,2,160,22,123,40,2,187,40,0,40,227
03/03/2006,JNU,AK,AAL,WE,Towers with Display (VFR),21,2,2,2,27,0,114,20,0,134,21,116,22,2,161,24,0,24,185
03/04/2006,JNU,AK,AAL,WE,Towers with Display (VFR),22,6,3,4,35,0,95,34,0,129,22,101,37,4,164,114,0,114,278
03/05/2006,JNU,AK,AAL,WE,Towers with Display (VFR),22,0,1,2,25,0,78,40,0,118,22,78,41,2,143,18,0,18,161
03/06/2006,JNU,AK,AAL,WE,Towers with Display (VFR),22,4,2,0,28,0,97,20,0,117,22,101,22,0,145,30,0,30,175
03/07/2006,JNU,AK,AAL,WE,Towers with Display (VFR),21,5,1,0,27,0,75,5,0,80,21,80,6,0,107,4,0,4,111
03/08/2006,JNU,AK,AAL,WE,Towers with Display (VFR),21,10,1,1,33,0,68,10,0,78,21,78,11,1,111,10,0,10,121
03/09/2006,JNU,AK,AAL,WE,Towers with Display (VFR),22,4,4,0,30,0,110,24,0,134,22,114,28,0,164,4,0,4,168
03/10/2006,JNU,AK,AAL,WE,Towers with Display (VFR),23,7,3,0,33,0,91,21,0,112,23,98,24,0,145,4,0,4,149
03/11/2006,JNU,AK,AAL,WE,Towers with Display (VFR),19,2,1,0,22,2,81,37,1,121,21,83,38,1,143,58,0,58,201
03/12/2006,JNU,AK,AAL,WE,Towers with Display (VFR),20,0,1,2,23,0,60,23,0,83,20,60,24,2,106,60,0,60,166
03/13/2006,JNU,AK,AAL,WE,Towers with Display (VFR),23,0,0,0,23,0,96,8,0,104,23,96,8,0,127,0,0,0,127
03/14/2006,JNU,AK,AAL,WE,Towers with Display (VFR),21,6,3,0,30,0,55,3,0,58,21,61,6,0,88,2,0,2,90
03/15/2006,JNU,AK,AAL,WE,Towers with Display (VFR),23,3,3,0,29,0,89,3,2,94,23,92,6,2,123,0,0,0,123
03/16/2006,JNU,AK,AAL,WE,Towers with Display (VFR),23,8,2,0,33,0,97,9,2,108,23,105,11,2,141,10,0,10,151
03/17/2006,JNU,AK,AAL,WE,Towers with Display (VFR),24,2,1,0,27,0,104,14,0,118,24,106,15,0,145,8,0,8,153
03/18/2006,JNU,AK,AAL,WE,Towers with Display (VFR),21,1,0,0,22,0,85,25,0,110,21,86,25,0,132,26,0,26,158
03/19/2006,JNU,AK,AAL,WE,Towers with Display (VFR),20,2,2,0,24,0,0,0,0,0,20,2,2,0,24,0,0,0,24
03/20/2006,JNU,AK,AAL,WE,Towers with Display (VFR),23,8,1,0,32,0,76,4,0,80,23,84,5,0,112,0,0,0,112
03/21/2006,JNU,AK,AAL,WE,Towers with Display (VFR),27,20,0,0,47,0,98,33,0,131,27,118,33,0,178,60,0,60,238
03/22/2006,JNU,AK,AAL,WE,Towers with Display (VFR),25,4,1,1,31,0,104,20,0,124,25,108,21,1,155,28,0,28,183
03/23/2006,JNU,AK,AAL,WE,Towers with Display (VFR),21,10,2,0,33,0,95,23,0,118,21,105,25,0,151,6,0,6,157
03/24/2006,JNU,AK,AAL,WE,Towers with Display (VFR),23,4,1,0,28,0,145,51,0,196,23,149,52,0,224,64,0,64,288
03/25/2006,JNU,AK,AAL,WE,Towers with Display (VFR),23,0,0,0,23,0,91,22,1,114,23,91,22,1,137,18,0,18,155
03/26/2006,JNU,AK,AAL,WE,Towers with Display (VFR),23,2,1,0,26,0,54,27,0,81,23,56,28,0,107,26,0,26,133
03/27/2006,JNU,AK,AAL,WE,Towers with Display (VFR),22,2,2,0,26,0,91,31,0,122,22,93,33,0,148,8,0,8,156
03/28/2006,JNU,AK,AAL,WE,Towers with Display (VFR),22,4,2,0,28,0,104,16,0,120,22,108,18,0,148,30,0,30,178
03/29/2006,JNU,AK,AAL,WE,Towers with Display (VFR),21,5,2,2,30,0,113,24,0,137,21,118,26,2,167,54,0,54,221
03/30/2006,JNU,AK,AAL,WE,Towers with Display (VFR),22,4,4,0,30,0,118,42,0,160,22,122,46,0,190,66,0,66,256
03/31/2006,JNU,AK,AAL,WE,Towers with Display (VFR),25,2,3,0,30,0,135,42,1,178,25,137,45,1,208,14,0,14,222
04/01/2006,JNU,AK,AAL,WE,Towers with Display (VFR),20,2,0,0,22,0,120,55,3,178,20,122,55,3,200,66,0,66,266
04/02/2006,JNU,AK,AAL,WE,Towers with Display (VFR),23,0,0,0,23,0,120,45,0,165,23,120,45,0,188,32,0,32,220
04/03/2006,JNU,AK,AAL,WE,Towers with Display (VFR),22,3,1,2,28,0,125,20,0,145,22,128,21,2,173,6,0,6,179
04/04/2006,JNU,AK,AAL,WE,Towers with Display (VFR),22,3,1,0,26,0,143,10,6,159,22,146,11,6,185,4,0,4,189
04/05/2006,JNU,AK,AAL,WE,Towers with Display (VFR),23,4,0,2,29,0,113,23,0,136,23,117,23,2,165,18,0,18,183
04/06/2006,JNU,AK,AAL,WE,Towers with Display (VFR),20,3,3,2,28,0,147,16,0,163,20,150,19,2,191,4,0,4,195
04/07/2006,JNU,AK,AAL,WE,Towers with Display (VFR),22,5,1,3,31,0,192,52,3,247,22,197,53,6,278,28,0,28,306
04/08/2006,JNU,AK,AAL,WE,Towers with Display (VFR),22,4,2,0,28,0,123,55,1,179,22,127,57,1,207,22,0,22,229
04/09/2006,JNU,AK,AAL,WE,Towers with Display (VFR),21,3,1,6,31,0,87,49,0,136,21,90,50,6,167,16,0,16,183
04/10/2006,JNU,AK,AAL,WE,Towers with Display (VFR),23,5,0,0,28,0,156,29,2,187,23,161,29,2,215,6,0,6,221
04/11/2006,JNU,AK,AAL,WE,Towers with Display (VFR),19,5,3,2,29,1,161,20,0,182,20,166,23,2,211,12,0,12,223
04/12/2006,JNU,AK,AAL,WE,Towers with Display (VFR),22,8,1,0,31,0,129,6,0,135,22,137,7,0,166,0,0,0,166
04/13/2006,JNU,AK,AAL,WE,Towers with Display (VFR),22,13,4,0,39,0,135,12,0,147,22,148,16,0,186,2,0,2,188
04/14/2006,JNU,AK,AAL,WE,Towers with Display (VFR),23,4,3,0,30,0,193,43,0,236,23,197,46,0,266,14,0,14,280
04/15/2006,JNU,AK,AAL,WE,Towers with Display (VFR),21,1,0,0,22,0,136,43,2,181,21,137,43,2,203,42,0,42,245
04/16/2006,JNU,AK,AAL,WE,Towers with Display (VFR),22,3,0,0,25,0,76,52,0,128,22,79,52,0,153,30,0,30,183
04/17/2006,JNU,AK,AAL,WE,Towers with Display (VFR),22,8,0,0,30,0,108,0,0,108,22,116,0,0,138,0,0,0,138
04/18/2006,JNU,AK,AAL,WE,Towers with Display (VFR),24,5,1,0,30,0,154,12,4,170,24,159,13,4,200,18,0,18,218
04/19/2006,JNU,AK,AAL,WE,Towers with Display (VFR),21,4,3,0,28,0,157,22,0,179,21,161,25,0,207,38,0,38,245
04/20/2006,JNU,AK,AAL,WE,Towers with Display (VFR),21,8,1,0,30,0,188,36,0,224,21,196,37,0,254,26,0,26,280
04/21/2006,JNU,AK,AAL,WE,Towers with Display (VFR),25,1,1,0,27,0,186,42,2,230,25,187,43,2,257,58,0,58,315
04/22/2006,JNU,AK,AAL,WE,Towers with Display (VFR),21,5,0,0,26,0,87,6,0,93,21,92,6,0,119,2,0,2,121
04/23/2006,JNU,AK,AAL,WE,Towers with Display (VFR),23,1,3,0,27,0,122,18,0,140,23,123,21,0,167,6,0,6,173
04/24/2006,JNU,AK,AAL,WE,Towers with Display (VFR),21,7,2,0,30,0,138,27,0,165,21,145,29,0,195,10,0,10,205
04/25/2006,JNU,AK,AAL,WE,Towers with Display (VFR),23,6,2,0,31,0,158,33,4,195,23,164,35,4,226,12,0,12,238
04/26/2006,JNU,AK,AAL,WE,Towers with Display (VFR),22,4,1,0,27,0,185,42,0,227,22,189,43,0,254,90,0,90,344
04/27/2006,JNU,AK,AAL,WE,Towers with Display (VFR),22,4,0,0,26,0,179,36,0,215,22,183,36,0,241,46,0,46,287
04/28/2006,JNU,AK,AAL,WE,Towers with Display (VFR),23,2,3,2,30,0,199,26,4,229,23,201,29,6,259,12,2,14,273
04/29/2006,JNU,AK,AAL,WE,Towers with Display (VFR),24,2,0,0,26,0,135,19,0,154,24,137,19,0,180,6,0,6,186
04/30/2006,JNU,AK,AAL,WE,Towers with Display (VFR),31,9,2,2,44,0,59,23,0,82,31,68,25,2,126,10,0,10,136
05/01/2006,JNU,AK,AAL,WE,Towers with Display (VFR),27,7,0,0,34,0,235,39,0,274,27,242,39,0,308,52,0,52,360
05/02/2006,JNU,AK,AAL,WE,Towers with Display (VFR),23,3,5,0,31,1,232,17,0,250,24,235,22,0,281,130,0,130,411
05/03/2006,JNU,AK,AAL,WE,Towers with Display (VFR),33,3,0,0,36,0,176,12,0,188,33,179,12,0,224,142,0,142,366
05/04/2006,JNU,AK,AAL,WE,Towers with Display (VFR),27,7,2,0,36,0,228,21,0,249,27,235,23,0,285,110,0,110,395
05/05/2006,JNU,AK,AAL,WE,Towers with Display (VFR),24,8,5,0,37,0,233,26,0,259,24,241,31,0,296,64,0,64,360
05/06/2006,JNU,AK,AAL,WE,Towers with Display (VFR),26,6,0,0,32,0,246,17,0,263,26,252,17,0,295,42,0,42,337
05/07/2006,JNU,AK,AAL,WE,Towers with Display (VFR),24,0,0,0,24,0,182,48,0,230,24,182,48,0,254,31,0,31,285
05/08/2006,JNU,AK,AAL,WE,Towers with Display (VFR),26,1,4,0,31,0,264,31,2,297,26,265,35,2,328,22,0,22,350
05/09/2006,JNU,AK,AAL,WE,Towers with Display (VFR),26,3,2,2,33,0,260,33,1,294,26,263,35,3,327,22,0,22,349
05/10/2006,JNU,AK,AAL,WE,Towers with Display (VFR),28,6,4,0,38,0,269,25,2,296,28,275,29,2,334,50,0,50,384
05/11/2006,JNU,AK,AAL,WE,Towers with Display (VFR),28,6,6,0,40,0,245,51,2,298,28,251,57,2,338,46,0,46,384
05/12/2006,JNU,AK,AAL,WE,Towers with Display (VFR),27,1,9,1,38,0,356,75,4,435,27,357,84,5,473,142,0,142,615
05/13/2006,JNU,AK,AAL,WE,Towers with Display (VFR),25,1,2,0,28,2,239,73,5,319,27,240,75,5,347,30,0,30,377
05/14/2006,JNU,AK,AAL,WE,Towers with Display (VFR),24,2,0,0,26,0,319,57,0,376,24,321,57,0,402,42,0,42,444
05/15/2006,JNU,AK,AAL,WE,Towers with Display (VFR),22,4,2,0,28,0,439,66,1,506,22,443,68,1,534,78,0,78,612
05/16/2006,JNU,AK,AAL,WE,Towers with Display (VFR),25,3,3,0,31,1,345,45,4,395,26,348,48,4,426,32,0,32,458
05/17/2006,JNU,AK,AAL,WE,Towers with Display (VFR),26,3,3,0,32,1,311,18,1,331,27,314,21,1,363,0,6,6,369
05/18/2006,JNU,AK,AAL,WE,Towers with Display (VFR),26,5,4,0,35,0,260,33,4,297,26,265,37,4,332,42,0,42,374
05/19/2006,JNU,AK,AAL,WE,Towers with Display (VFR),27,4,3,0,34,0,271,52,0,323,27,275,55,0,357,32,0,32,389
05/20/2006,JNU,AK,AAL,WE,Towers with Display (VFR),28,1,5,0,34,0,279,58,0,337,28,280,63,0,371,44,0,44,415
05/21/2006,JNU,AK,AAL,WE,Towers with Display (VFR),25,1,1,0,27,0,353,72,0,425,25,354,73,0,452,30,0,30,482
05/22/2006,JNU,AK,AAL,WE,Towers with Display (VFR),27,1,1,0,29,0,382,71,3,456,27,383,72,3,485,26,0,26,511
05/23/2006,JNU,AK,AAL,WE,Towers with Display (VFR),26,2,2,0,30,0,335,44,0,379,26,337,46,0,409,10,0,10,419
05/24/2006,JNU,AK,AAL,WE,Towers with Display (VFR),24,7,3,1,35,0,433,50,5,488,24,440,53,6,523,14,0,14,537
05/25/2006,JNU,AK,AAL,WE,Towers with Display (VFR),26,3,6,1,36,0,353,91,0,444,26,356,97,1,480,22,0,22,502
05/26/2006,JNU,AK,AAL,WE,Towers with Display (VFR),30,2,1,0,33,0,344,59,0,403,30,346,60,0,436,26,0,26,462
05/27/2006,JNU,AK,AAL,WE,Towers with Display (VFR),32,6,2,0,40,0,369,74,0,443,32,375,76,0,483,28,0,28,511
05/28/2006,JNU,AK,AAL,WE,Towers with Display (VFR),24,0,1,0,25,0,341,52,0,393,24,341,53,0,418,16,0,16,434
05/29/2006,JNU,AK,AAL,WE,Towers with Display (VFR),23,0,1,0,24,0,445,64,0,509,23,445,65,0,533,38,0,38,571
05/30/2006,JNU,AK,AAL,WE,Towers with Display (VFR),23,3,3,0,29,0,495,47,0,542,23,498,50,0,571,24,0,24,595
05/31/2006,JNU,AK,AAL,WE,Towers with Display (VFR),29,6,6,0,41,0,452,37,2,491,29,458,43,2,532,20,0,20,552
06/01/2006,JNU,AK,AAL,WE,Towers with Display (VFR),28,2,5,2,37,0,457,58,4,519,28,459,63,6,556,20,0,20,576
06/02/2006,JNU,AK,AAL,WE,Towers with Display (VFR),25,9,3,0,37,0,267,39,0,306,25,276,42,0,343,18,0,18,361
06/03/2006,JNU,AK,AAL,WE,Towers with Display (VFR),25,5,1,0,31,0,233,27,0,260,25,238,28,0,291,16,0,16,307
06/04/2006,JNU,AK,AAL,WE,Towers with Display (VFR),32,22,1,0,55,0,125,32,0,157,32,147,33,0,212,0,0,0,212
06/05/2006,JNU,AK,AAL,WE,Towers with Display (VFR),32,4,5,0,41,0,334,32,0,366,32,338,37,0,407,44,0,44,451
06/06/2006,JNU,AK,AAL,WE,Towers with Display (VFR),32,4,2,0,38,0,427,20,0,447,32,431,22,0,485,14,0,14,499
06/07/2006,JNU,AK,AAL,WE,Towers with Display (VFR),35,3,4,1,43,0,495,45,1,541,35,498,49,2,584,6,0,6,590
06/08/2006,JNU,AK,AAL,WE,Towers with Display (VFR),32,2,4,2,40,0,497,31,6,534,32,499,35,8,574,34,0,34,608
06/09/2006,JNU,AK,AAL,WE,Towers with Display (VFR),36,2,8,0,46,1,405,76,2,484,37,407,84,2,530,4,0,4,534
06/10/2006,JNU,AK,AAL,WE,Towers with Display (VFR),36,2,8,0,46,1,374,71,10,456,37,376,79,10,502,36,0,36,538
06/11/2006,JNU,AK,AAL,WE,Towers with Display (VFR),33,0,5,3,41,0,342,109,6,457,33,342,114,9,498,58,0,58,556
06/12/2006,JNU,AK,AAL,WE,Towers with Display (VFR),31,3,4,0,38,0,427,51,0,478,31,430,55,0,516,0,0,0,516
06/13/2006,JNU,AK,AAL,WE,Towers with Display (VFR),32,1,7,0,40,1,527,66,0,594,33,528,73,0,634,32,0,32,666
06/14/2006,JNU,AK,AAL,WE,Towers with Display (VFR),32,6,5,0,43,2,551,58,2,613,34,557,63,2,656,20,0,20,676
06/15/2006,JNU,AK,AAL,WE,Towers with Display (VFR),41,5,3,0,49,1,496,47,2,546,42,501,50,2,595,28,0,28,623
06/16/2006,JNU,AK,AAL,WE,Towers with Display (VFR),37,5,3,0,45,1,374,69,0,444,38,379,72,0,489,12,0,12,501
06/17/2006,JNU,AK,AAL,WE,Towers with Display (VFR),35,1,5,0,41,0,329,44,0,373,35,330,49,0,414,26,0,26,440
06/18/2006,JNU,AK,AAL,WE,Towers with Display (VFR),33,0,3,2,38,0,315,70,0,385,33,315,73,2,423,12,0,12,435
06/19/2006,JNU,AK,AAL,WE,Towers with Display (VFR),30,6,2,0,38,0,369,33,0,402,30,375,35,0,440,12,0,12,452
06/20/2006,JNU,AK,AAL,WE,Towers with Display (VFR),29,6,4,0,39,3,513,46,4,566,32,519,50,4,605,60,0,60,665
06/21/2006,JNU,AK,AAL,WE,Towers with Display (VFR),35,6,6,7,54,0,507,31,0,538,35,513,37,7,592,2,0,2,594
06/22/2006,JNU,AK,AAL,WE,Towers with Display (VFR),33,2,5,2,42,0,430,47,2,479,33,432,52,4,521,0,0,0,521
06/23/2006,JNU,AK,AAL,WE,Towers with Display (VFR),34,3,7,0,44,2,395,55,0,452,36,398,62,0,496,20,0,20,516
06/24/2006,JNU,AK,AAL,WE,Towers with Display (VFR),35,3,5,0,43,0,392,71,0,463,35,395,76,0,506,41,0,41,547
06/25/2006,JNU,AK,AAL,WE,Towers with Display (VFR),31,12,7,0,50,0,246,30,0,276,31,258,37,0,326,34,0,34,360
06/26/2006,JNU,AK,AAL,WE,Towers with Display (VFR),33,1,2,0,36,1,460,83,2,546,34,461,85,2,582,56,0,56,638
06/27/2006,JNU,AK,AAL,WE,Towers with Display (VFR),31,4,5,0,40,0,550,38,6,594,31,554,43,6,634,0,0,0,634
06/28/2006,JNU,AK,AAL,WE,Towers with Display (VFR),31,5,2,0,38,2,320,26,0,348,33,325,28,0,386,46,0,46,432
06/29/2006,JNU,AK,AAL,WE,Towers with Display (VFR),36,6,3,0,45,0,402,82,0,484,36,408,85,0,529,44,0,44,573
06/30/2006,JNU,AK,AAL,WE,Towers with Display (VFR),34,2,7,1,44,0,446,104,1,551,34,448,111,2,595,26,0,26,621
07/01/2006,JNU,AK,AAL,WE,Towers with Display (VFR),36,3,5,0,44,3,454,99,0,556,39,457,104,0,600,14,0,14,614
07/02/2006,JNU,AK,AAL,WE,Towers with Display (VFR),31,3,0,0,34,0,444,102,1,547,31,447,102,1,581,8,0,8,589
07/03/2006,JNU,AK,AAL,WE,Towers with Display (VFR),35,2,1,3,41,0,553,88,0,641,35,555,89,3,682,16,0,16,698
07/04/2006,JNU,AK,AAL,WE,Towers with Display (VFR),29,0,1,0,30,2,372,51,0,425,31,372,52,0,455,14,0,14,469
07/05/2006,JNU,AK,AAL,WE,Towers with Display (VFR),33,9,9,0,51,0,637,91,0,728,33,646,100,0,779,20,0,20,799
07/06/2006,JNU,AK,AAL,WE,Towers with Display (VFR),35,6,4,0,45,0,526,86,4,616,35,532,90,4,661,36,0,36,697
07/07/2006,JNU,AK,AAL,WE,Towers with Display (VFR),37,5,4,0,46,0,317,47,0,364,37,322,51,0,410,30,0,30,440
07/08/2006,JNU,AK,AAL,WE,Towers with Display (VFR),35,6,5,0,46,0,344,57,0,401,35,350,62,0,447,74,0,74,521
07/09/2006,JNU,AK,AAL,WE,Towers with Display (VFR),34,1,7,0,42,0,247,43,0,290,34,248,50,0,332,18,0,18,350
07/10/2006,JNU,AK,AAL,WE,Towers with Display (VFR),31,5,6,1,43,1,485,91,0,577,32,490,97,1,620,24,8,32,652
07/11/2006,JNU,AK,AAL,WE,Towers with Display (VFR),25,5,2,0,32,6,495,94,2,597,31,500,96,2,629,50,0,50,679
07/12/2006,JNU,AK,AAL,WE,Towers with Display (VFR),32,4,7,1,44,0,487,42,2,531,32,491,49,3,575,0,0,0,575
07/13/2006,JNU,AK,AAL,WE,Towers with Display (VFR),32,7,11,0,50,0,367,47,0,414,32,374,58,0,464,30,0,30,494
07/14/2006,JNU,AK,AAL,WE,Towers with Display (VFR),34,8,13,0,55,0,411,69,0,480,34,419,82,0,535,84,0,84,619
07/15/2006,JNU,AK,AAL,WE,Towers with Display (VFR),34,4,4,2,44,0,322,50,1,373,34,326,54,3,417,0,0,0,417
07/16/2006,JNU,AK,AAL,WE,Towers with Display (VFR),36,3,0,0,39,0,342,78,0,420,36,345,78,0,459,14,0,14,473
07/17/2006,JNU,AK,AAL,WE,Towers with Display (VFR),30,3,4,0,37,0,446,54,1,501,30,449,58,1,538,4,0,4,542
07/18/2006,JNU,AK,AAL,WE,Towers with Display (VFR),29,3,4,2,38,1,539,63,0,603,30,542,67,2,641,12,0,12,653
07/19/2006,JNU,AK,AAL,WE,Towers with Display (VFR),28,1,4,0,33,2,522,65,0,589,30,523,69,0,622,4,0,4,626
07/20/2006,JNU,AK,AAL,WE,Towers with Display (VFR),32,5,3,2,42,0,427,41,0,468,32,432,44,2,510,0,0,0,510
07/21/2006,JNU,AK,AAL,WE,Towers with Display (VFR),33,47,8,0,88,0,82,3,0,85,33,129,11,0,173,2,0,2,175
07/22/2006,JNU,AK,AAL,WE,Towers with Display (VFR),35,4,5,0,44,0,377,64,4,445,35,381,69,4,489,26,0,26,515
07/23/2006,JNU,AK,AAL,WE,Towers with Display (VFR),36,14,7,0,57,0,118,24,0,142,36,132,31,0,199,22,0,22,221
07/24/2006,JNU,AK,AAL,WE,Towers with Display (VFR),36,9,5,0,50,0,393,32,2,427,36,402,37,2,477,2,0,2,479
07/25/2006,JNU,AK,AAL,WE,Towers with Display (VFR),30,6,7,0,43,0,293,25,2,320,30,299,32,2,363,4,0,4,367
07/26/2006,JNU,AK,AAL,WE,Towers with Display (VFR),36,12,10,0,58,0,264,35,0,299,36,276,45,0,357,14,0,14,371
07/27/2006,JNU,AK,AAL,WE,Towers with Display (VFR),33,3,4,0,40,1,425,50,0,476,34,428,54,0,516,10,0,10,526
07/28/2006,JNU,AK,AAL,WE,Towers with Display (VFR),35,4,6,1,46,0,431,108,3,542,35,435,114,4,588,12,0,12,600
07/29/2006,JNU,AK,AAL,WE,Towers with Display (VFR),33,1,4,0,38,1,480,129,1,611,34,481,133,1,649,54,0,54,703
07/30/2006,JNU,AK,AAL,WE,Towers with Display (VFR),30,2,4,0,36,0,330,83,0,413,30,332,87,0,449,44,0,44,493
07/31/2006,JNU,AK,AAL,WE,Towers with Display (VFR),32,5,7,0,44,0,410,49,0,459,32,415,56,0,503,42,0,42,545
08/01/2006,JNU,AK,AAL,WE,Towers with Display (VFR),32,4,3,0,39,0,459,33,0,492,32,463,36,0,531,14,0,14,545
08/02/2006,JNU,AK,AAL,WE,Towers with Display (VFR),37,4,11,0,52,0,537,45,0,582,37,541,56,0,634,22,0,22,656
08/03/2006,JNU,AK,AAL,WE,Towers with Display (VFR),33,29,10,0,72,0,450,71,0,521,33,479,81,0,593,14,0,14,607
08/04/2006,JNU,AK,AAL,WE,Towers with Display (VFR),37,4,6,2,49,0,382,39,0,421,37,386,45,2,470,12,0,12,482
08/05/2006,JNU,AK,AAL,WE,Towers with Display (VFR),34,6,6,0,46,0,285,18,0,303,34,291,24,0,349,26,0,26,375
08/06/2006,JNU,AK,AAL,WE,Towers with Display (VFR),30,3,7,0,40,1,346,64,0,411,31,349,71,0,451,16,0,16,467
08/07/2006,JNU,AK,AAL,WE,Towers with Display (VFR),34,5,6,1,46,0,451,51,0,502,34,456,57,1,548,32,0,32,580
08/08/2006,JNU,AK,AAL,WE,Towers with Display (VFR),36,12,7,0,55,0,366,26,0,392,36,378,33,0,447,22,0,22,469
08/09/2006,JNU,AK,AAL,WE,Towers with Display (VFR),34,35,11,1,81,0,272,36,0,308,34,307,47,1,389,42,0,42,431
08/10/2006,JNU,AK,AAL,WE,Towers with Display (VFR),32,4,6,2,44,0,448,42,0,490,32,452,48,2,534,22,0,22,556
08/11/2006,JNU,AK,AAL,WE,Towers with Display (VFR),34,4,8,3,49,0,299,33,0,332,34,303,41,3,381,0,0,0,381
08/12/2006,JNU,AK,AAL,WE,Towers with Display (VFR),36,4,4,0,44,0,236,40,0,276,36,240,44,0,320,35,0,35,355
08/13/2006,JNU,AK,AAL,WE,Towers with Display (VFR),33,5,4,0,42,0,223,48,0,271,33,228,52,0,313,20,0,20,333
08/14/2006,JNU,AK,AAL,WE,Towers with Display (VFR),33,3,4,0,40,0,453,60,0,513,33,456,64,0,553,8,0,8,561
08/15/2006,JNU,AK,AAL,WE,Towers with Display (VFR),36,12,4,0,52,0,381,66,0,447,36,393,70,0,499,0,0,0,499
08/16/2006,JNU,AK,AAL,WE,Towers with Display (VFR),33,17,9,0,59,1,221,13,0,235,34,238,22,0,294,6,0,6,300
08/17/2006,JNU,AK,AAL,WE,Towers with Display (VFR),42,23,4,0,69,0,105,13,0,118,42,128,17,0,187,2,0,2,189
08/18/2006,JNU,AK,AAL,WE,Towers with Display (VFR),32,5,5,1,43,0,298,65,2,365,32,303,70,3,408,18,0,18,426
08/19/2006,JNU,AK,AAL,WE,Towers with Display (VFR),35,3,4,1,43,1,328,73,0,402,36,331,77,1,445,28,0,28,473
08/20/2006,JNU,AK,AAL,WE,Towers with Display (VFR),32,0,4,0,36,2,322,77,0,401,34,322,81,0,437,14,0,14,451
08/21/2006,JNU,AK,AAL,WE,Towers with Display (VFR),29,4,4,0,37,0,346,31,0,377,29,350,35,0,414,20,0,20,434
08/22/2006,JNU,AK,AAL,WE,Towers with Display (VFR),33,12,1,0,46,0,361,41,0,402,33,373,42,0,448,38,0,38,486
08/23/2006,JNU,AK,AAL,WE,Towers with Display (VFR),37,87,9,0,133,0,123,19,1,143,37,210,28,1,276,4,0,4,280
08/24/2006,JNU,AK,AAL,WE,Towers with Display (VFR),34,19,8,0,61,0,184,21,0,205,34,203,29,0,266,10,0,10,276
08/25/2006,JNU,AK,AAL,WE,Towers with Display (VFR),37,7,1,4,49,0,238,26,0,264,37,245,27,4,313,20,0,20,333
08/26/2006,JNU,AK,AAL,WE,Towers with Display (VFR),37,5,7,4,53,0,281,55,0,336,37,286,62,4,389,40,0,40,429
08/27/2006,JNU,AK,AAL,WE,Towers with Display (VFR),35,4,8,0,47,0,238,54,0,292,35,242,62,0,339,22,0,22,361
08/28/2006,JNU,AK,AAL,WE,Towers with Display (VFR),30,7,6,0,43,0,382,65,1,448,30,389,71,1,491,28,0,28,519
08/29/2006,JNU,AK,AAL,WE,Towers with Display (VFR),31,8,3,3,45,0,393,70,2,465,31,401,73,5,510,20,0,20,530
08/30/2006,JNU,AK,AAL,WE,Towers with Display (VFR),34,4,2,0,40,0,393,61,0,454,34,397,63,0,494,26,0,26,520
08/31/2006,JNU,AK,AAL,WE,Towers with Display (VFR),32,5,4,2,43,0,325,15,2,342,32,330,19,4,385,0,0,0,385
09/01/2006,JNU,AK,AAL,WE,Towers with Display (VFR),34,24,1,0,59,0,73,13,0,86,34,97,14,0,145,0,0,0,145
09/02/2006,JNU,AK,AAL,WE,Towers with Display (VFR),33,1,3,2,39,0,322,94,0,416,33,323,97,2,455,20,0,20,475
09/03/2006,JNU,AK,AAL,WE,Towers with Display (VFR),30,2,2,0,34,0,310,60,0,370,30,312,62,0,404,12,0,12,416
09/04/2006,JNU,AK,AAL,WE,Towers with Display (VFR),31,2,4,0,37,0,341,37,0,378,31,343,41,0,415,20,0,20,435
09/05/2006,JNU,AK,AAL,WE,Towers with Display (VFR),27,10,1,0,38,0,381,47,6,434,27,391,48,6,472,24,0,24,496
09/06/2006,JNU,AK,AAL,WE,Towers with Display (VFR),34,1,1,0,36,0,377,27,0,404,34,378,28,0,440,18,0,18,458
09/07/2006,JNU,AK,AAL,WE,Towers with Display (VFR),37,9,8,0,54,0,185,24,0,209,37,194,32,0,263,10,0,10,273
09/08/2006,JNU,AK,AAL,WE,Towers with Display (VFR),33,9,2,0,44,0,339,74,2,415,33,348,76,2,459,44,0,44,503
09/09/2006,JNU,AK,AAL,WE,Towers with Display (VFR),32,1,5,0,38,0,171,24,0,195,32,172,29,0,233,36,0,36,269
09/10/2006,JNU,AK,AAL,WE,Towers with Display (VFR),25,1,10,0,36,0,215,43,0,258,25,216,53,0,294,24,0,24,318
09/11/2006,JNU,AK,AAL,WE,Towers with Display (VFR),23,5,4,0,32,0,331,40,4,375,23,336,44,4,407,20,0,20,427
09/12/2006,JNU,AK,AAL,WE,Towers with Display (VFR),25,5,6,0,36,0,322,37,0,359,25,327,43,0,395,66,0,66,461
09/13/2006,JNU,AK,AAL,WE,Towers with Display (VFR),26,25,8,2,61,0,310,51,0,361,26,335,59,2,422,30,0,30,452
09/14/2006,JNU,AK,AAL,WE,Towers with Display (VFR),27,6,4,3,40,0,315,87,0,402,27,321,91,3,442,44,0,44,486
09/15/2006,JNU,AK,AAL,WE,Towers with Display (VFR),26,3,1,1,31,0,367,45,0,412,26,370,46,1,443,16,0,16,459
09/16/2006,JNU,AK,AAL,WE,Towers with Display (VFR),25,1,4,0,30,0,199,81,0,280,25,200,85,0,310,34,0,34,344
09/17/2006,JNU,AK,AAL,WE,Towers with Display (VFR),24,4,1,0,29,0,228,64,0,292,24,232,65,0,321,34,0,34,355
09/18/2006,JNU,AK,AAL,WE,Towers with Display (VFR),25,8,2,0,35,0,270,32,0,302,25,278,34,0,337,2,0,2,339
09/19/2006,JNU,AK,AAL,WE,Towers with Display (VFR),23,8,0,1,32,0,302,35,0,337,23,310,35,1,369,2,0,2,371
09/20/2006,JNU,AK,AAL,WE,Towers with Display (VFR),28,4,2,2,36,0,165,19,1,185,28,169,21,3,221,56,0,56,277
09/21/2006,JNU,AK,AAL,WE,Towers with Display (VFR),25,5,1,0,31,0,252,33,0,285,25,257,34,0,316,0,0,0,316
09/22/2006,JNU,AK,AAL,WE,Towers with Display (VFR),25,10,5,0,40,0,157,33,1,191,25,167,38,1,231,8,0,8,239
09/23/2006,JNU,AK,AAL,WE,Towers with Display (VFR),26,4,1,0,31,0,145,34,2,181,26,149,35,2,212,8,0,8,220
09/24/2006,JNU,AK,AAL,WE,Towers with Display (VFR),24,13,6,0,43,0,47,8,2,57,24,60,14,2,100,10,0,10,110
09/25/2006,JNU,AK,AAL,WE,Towers with Display (VFR),23,22,4,4,53,0,207,55,1,263,23,229,59,5,316,22,0,22,338
09/26/2006,JNU,AK,AAL,WE,Towers with Display (VFR),24,8,1,0,33,0,71,6,2,79,24,79,7,2,112,0,0,0,112
09/27/2006,JNU,AK,AAL,WE,Towers with Display (VFR),24,4,2,0,30,1,148,16,3,168,25,152,18,3,198,2,2,4,202
09/28/2006,JNU,AK,AAL,WE,Towers with Display (VFR),23,9,1,0,33,0,109,9,1,119,23,118,10,1,152,0,0,0,152
09/29/2006,JNU,AK,AAL,WE,Towers with Display (VFR),25,6,2,0,33,0,169,31,0,200,25,175,33,0,233,10,0,10,243
09/30/2006,JNU,AK,AAL,WE,Towers with Display (VFR),20,1,2,0,23,0,113,23,0,136,20,114,25,0,159,12,0,12,171
10/01/2006,JNU,AK,AAL,WE,Towers with Radar,17,0,3,0,20,0,88,67,0,155,17,88,70,0,175,40,0,40,215
10/02/2006,JNU,AK,AAL,WE,Towers with Radar,20,3,1,0,24,0,159,35,0,194,20,162,36,0,218,36,0,36,254
10/03/2006,JNU,AK,AAL,WE,Towers with Radar,20,2,7,0,29,0,161,35,5,201,20,163,42,5,230,44,0,44,274
10/04/2006,JNU,AK,AAL,WE,Towers with Radar,17,7,1,0,25,0,74,12,0,86,17,81,13,0,111,32,0,32,143
10/05/2006,JNU,AK,AAL,WE,Towers with Radar,20,2,5,4,31,0,146,25,4,175,20,148,30,8,206,28,0,28,234
10/06/2006,JNU,AK,AAL,WE,Towers with Radar,19,1,6,0,26,0,138,31,0,169,19,139,37,0,195,18,0,18,213
10/07/2006,JNU,AK,AAL,WE,Towers with Radar,19,3,1,0,23,0,127,68,0,195,19,130,69,0,218,14,0,14,232
10/08/2006,JNU,AK,AAL,WE,Towers with Radar,10,6,0,0,16,0,41,26,0,67,10,47,26,0,83,28,0,28,111
10/09/2006,JNU,AK,AAL,WE,Towers with Radar,16,9,1,0,26,0,92,11,0,103,16,101,12,0,129,26,0,26,155
10/10/2006,JNU,AK,AAL,WE,Towers with Radar,17,2,0,0,19,0,139,11,4,154,17,141,11,4,173,24,0,24,197
10/11/2006,JNU,AK,AAL,WE,Towers with Radar,19,2,4,0,25,0,113,28,1,142,19,115,32,1,167,24,0,24,191
10/12/2006,JNU,AK,AAL,WE,Towers with Radar,18,32,5,1,56,0,89,31,0,120,18,121,36,1,176,6,0,6,182
10/13/2006,JNU,AK,AAL,WE,Towers with Radar,21,6,0,2,29,0,106,19,0,125,21,112,19,2,154,0,0,0,154
10/14/2006,JNU,AK,AAL,WE,Towers with Radar,20,69,7,0,96,0,21,5,0,26,20,90,12,0,122,2,0,2,124
10/15/2006,JNU,AK,AAL,WE,Towers with Radar,19,0,2,0,21,0,107,38,6,151,19,107,40,6,172,34,0,34,206
10/16/2006,JNU,AK,AAL,WE,Towers with Radar,19,1,3,0,23,0,193,46,2,241,19,194,49,2,264,34,0,34,298
10/17/2006,JNU,AK,AAL,WE,Towers with Radar,19,1,1,0,21,0,122,9,0,131,19,123,10,0,152,8,0,8,160
10/18/2006,JNU,AK,AAL,WE,Towers with Radar,22,15,5,0,42,0,72,4,0,76,22,87,9,0,118,2,0,2,120
10/19/2006,JNU,AK,AAL,WE,Towers with Radar,18,7,6,2,33,0,120,7,2,129,18,127,13,4,162,8,0,8,170
10/20/2006,JNU,AK,AAL,WE,Towers with Radar,20,2,1,0,23,0,156,15,0,171,20,158,16,0,194,0,0,0,194
10/21/2006,JNU,AK,AAL,WE,Towers with Radar,18,0,0,0,18,0,67,0,0,67,18,67,0,0,85,0,0,0,85
10/22/2006,JNU,AK,AAL,WE,Towers with Radar,15,0,0,0,15,0,95,24,0,119,15,95,24,0,134,20,0,20,154
10/23/2006,JNU,AK,AAL,WE,Towers with Radar,21,1,0,2,24,0,83,8,0,91,21,84,8,2,115,0,0,0,115
10/24/2006,JNU,AK,AAL,WE,Towers with Radar,17,2,1,0,20,0,143,18,0,161,17,145,19,0,181,16,0,16,197
10/25/2006,JNU,AK,AAL,WE,Towers with Radar,21,3,2,0,26,0,109,7,0,116,21,112,9,0,142,0,0,0,142
10/26/2006,JNU,AK,AAL,WE,Towers with Radar,17,3,4,0,24,0,102,16,1,119,17,105,20,1,143,0,0,0,143
10/27/2006,JNU,AK,AAL,WE,Towers with Radar,21,2,2,0,25,0,150,40,0,190,21,152,42,0,215,26,0,26,241
10/28/2006,JNU,AK,AAL,WE,Towers with Radar,20,2,1,0,23,1,118,53,0,172,21,120,54,0,195,38,0,38,233
10/29/2006,JNU,AK,AAL,WE,Towers with Radar,17,0,0,0,17,1,118,52,2,173,18,118,52,2,190,16,0,16,206
10/30/2006,JNU,AK,AAL,WE,Towers with Radar,16,2,1,0,19,0,98,4,2,104,16,100,5,2,123,0,0,0,123
10/31/2006,JNU,AK,AAL,WE,Towers with Radar,17,82,5,0,104,0,29,3,0,32,17,111,8,0,136,0,0,0,136
11/01/2006,JNU,AK,AAL,WE,Towers with Radar,17,3,2,0,22,0,146,25,0,171,17,149,27,0,193,78,0,78,271
11/02/2006,JNU,AK,AAL,WE,Towers with Radar,19,3,3,0,25,0,134,31,2,167,19,137,34,2,192,28,0,28,220
11/03/2006,JNU,AK,AAL,WE,Towers with Radar,18,3,2,2,25,0,127,19,1,147,18,130,21,3,172,20,0,20,192
11/04/2006,JNU,AK,AAL,WE,Towers with Radar,12,2,0,0,14,0,107,23,2,132,12,109,23,2,146,36,0,36,182
11/05/2006,JNU,AK,AAL,WE,Towers with Radar,16,0,0,0,16,0,74,17,0,91,16,74,17,0,107,18,0,18,125
11/06/2006,JNU,AK,AAL,WE,Towers with Radar,14,4,1,0,19,0,63,2,0,65,14,67,3,0,84,14,0,14,98
11/07/2006,JNU,AK,AAL,WE,Towers with Radar,16,1,3,0,20,0,151,6,0,157,16,152,9,0,177,48,0,48,225
11/08/2006,JNU,AK,AAL,WE,Towers with Radar,13,20,2,0,35,0,47,3,0,50,13,67,5,0,85,0,0,0,85
11/09/2006,JNU,AK,AAL,WE,Towers with Radar,16,3,8,0,27,0,121,10,2,133,16,124,18,2,160,10,0,10,170
11/10/2006,JNU,AK,AAL,WE,Towers with Radar,16,2,0,0,18,0,140,8,0,148,16,142,8,0,166,10,0,10,176
11/11/2006,JNU,AK,AAL,WE,Towers with Radar,18,2,3,0,23,0,132,19,2,153,18,134,22,2,176,74,0,74,250
11/12/2006,JNU,AK,AAL,WE,Towers with Radar,15,0,1,0,16,0,106,41,0,147,15,106,42,0,163,28,0,28,191
11/13/2006,JNU,AK,AAL,WE,Towers with Radar,2,2,0,0,4,0,0,0,0,0,2,2,0,0,4,0,0,0,4
11/14/2006,JNU,AK,AAL,WE,Towers with Radar,10,12,1,0,23,0,9,0,0,9,10,21,1,0,32,0,0,0,32
11/15/2006,JNU,AK,AAL,WE,Towers with Radar,16,3,1,0,20,0,86,0,0,86,16,89,1,0,106,0,0,0,106
11/16/2006,JNU,AK,AAL,WE,Towers with Radar,14,3,1,0,18,0,88,7,2,97,14,91,8,2,115,0,0,0,115
11/17/2006,JNU,AK,AAL,WE,Towers with Radar,18,14,2,3,37,0,66,5,1,72,18,80,7,4,109,15,0,15,124
11/18/2006,JNU,AK,AAL,WE,Towers with Radar,15,3,0,0,18,0,102,3,4,109,15,105,3,4,127,0,0,0,127
11/19/2006,JNU,AK,AAL,WE,Towers with Radar,12,2,0,0,14,0,0,0,0,0,12,2,0,0,14,0,0,0,14
11/20/2006,JNU,AK,AAL,WE,Towers with Radar,18,2,1,0,21,0,126,9,0,135,18,128,10,0,156,4,0,4,160
11/21/2006,JNU,AK,AAL,WE,Towers with Radar,18,4,3,0,25,0,122,18,1,141,18,126,21,1,166,39,0,39,205
11/22/2006,JNU,AK,AAL,WE,Towers with Radar,17,2,0,0,19,0,120,20,0,140,17,122,20,0,159,10,0,10,169
11/23/2006,JNU,AK,AAL,WE,Towers with Radar,10,0,0,0,10,0,14,9,0,23,10,14,9,0,33,0,0,0,33
11/24/2006,JNU,AK,AAL,WE,Towers with Radar,17,1,0,0,18,0,68,5,0,73,17,69,5,0,91,0,0,0,91
11/25/2006,JNU,AK,AAL,WE,Towers with Radar,16,2,0,0,18,0,69,5,0,74,16,71,5,0,92,0,0,0,92
11/26/2006,JNU,AK,AAL,WE,Towers with Radar,15,0,0,0,15,0,54,5,0,59,15,54,5,0,74,0,0,0,74
11/27/2006,JNU,AK,AAL,WE,Towers with Radar,15,3,3,3,24,0,114,14,4,132,15,117,17,7,156,8,0,8,164
11/28/2006,JNU,AK,AAL,WE,Towers with Radar,15,2,3,2,22,0,96,6,4,106,15,98,9,6,128,0,0,0,128
11/29/2006,JNU,AK,AAL,WE,Towers with Radar,10,2,0,0,12,0,0,0,0,0,10,2,0,0,12,0,0,0,12
11/30/2006,JNU,AK,AAL,WE,Towers with Radar,20,5,4,2,31,0,145,13,5,163,20,150,17,7,194,4,0,4,198
12/01/2006,JNU,AK,AAL,WE,Towers with Radar,18,13,5,2,38,0,0,0,0,0,18,13,5,2,38,0,0,0,38
12/02/2006,JNU,AK,AAL,WE,Towers with Radar,6,8,0,0,14,0,1,0,0,1,6,9,0,0,15,0,0,0,15
12/03/2006,JNU,AK,AAL,WE,Towers with Radar,18,1,4,0,23,0,99,13,2,114,18,100,17,2,137,16,0,16,153
12/04/2006,JNU,AK,AAL,WE,Towers with Radar,14,22,0,0,36,0,2,0,0,2,14,24,0,0,38,0,0,0,38
12/05/2006,JNU,AK,AAL,WE,Towers with Radar,16,4,3,2,25,0,155,17,0,172,16,159,20,2,197,43,0,43,240
12/06/2006,JNU,AK,AAL,WE,Towers with Radar,15,6,1,0,22,0,76,3,0,79,15,82,4,0,101,2,0,2,103
12/07/2006,JNU,AK,AAL,WE,Towers with Radar,18,19,4,1,42,0,85,3,2,90,18,104,7,3,132,24,0,24,156
12/08/2006,JNU,AK,AAL,WE,Towers with Radar,17,2,4,0,23,0,116,22,0,138,17,118,26,0,161,16,0,16,177
12/09/2006,JNU,AK,AAL,WE,Towers with Radar,17,4,2,0,23,0,87,21,0,108,17,91,23,0,131,22,0,22,153
12/10/2006,JNU,AK,AAL,WE,Towers with Radar,16,4,0,0,20,0,57,6,0,63,16,61,6,0,83,16,0,16,99
12/11/2006,JNU,AK,AAL,WE,Towers with Radar,17,0,1,0,18,0,79,10,2,91,17,79,11,2,109,10,0,10,119
12/12/2006,JNU,AK,AAL,WE,Towers with Radar,15,2,5,0,22,1,109,2,3,115,16,111,7,3,137,2,4,6,143
12/13/2006,JNU,AK,AAL,WE,Towers with Radar,19,4,1,0,24,0,94,16,4,114,19,98,17,4,138,14,0,14,152
12/14/2006,JNU,AK,AAL,WE,Towers with Radar,17,4,3,0,24,0,108,13,2,123,17,112,16,2,147,42,0,42,189
12/15/2006,JNU,AK,AAL,WE,Towers with Radar,19,2,2,0,23,0,229,13,0,242,19,231,15,0,265,42,0,42,307
12/16/2006,JNU,AK,AAL,WE,Towers with Radar,16,4,1,0,21,0,61,2,0,63,16,65,3,0,84,2,0,2,86
12/17/2006,JNU,AK,AAL,WE,Towers with Radar,16,0,2,0,18,0,34,1,0,35,16,34,3,0,53,0,0,0,53
12/18/2006,JNU,AK,AAL,WE,Towers with Radar,14,7,1,0,22,0,103,5,2,110,14,110,6,2,132,0,0,0,132
12/19/2006,JNU,AK,AAL,WE,Towers with Radar,18,18,1,0,37,0,38,0,0,38,18,56,1,0,75,0,0,0,75
12/20/2006,JNU,AK,AAL,WE,Towers with Radar,18,12,0,0,30,0,129,1,0,130,18,141,1,0,160,0,0,0,160
12/21/2006,JNU,AK,AAL,WE,Towers with Radar,18,13,1,0,32,0,17,2,0,19,18,30,3,0,51,0,0,0,51
12/22/2006,JNU,AK,AAL,WE,Towers with Radar,21,11,0,0,32,0,80,7,0,87,21,91,7,0,119,0,0,0,119
12/23/2006,JNU,AK,AAL,WE,Towers with Radar,16,3,0,0,19,0,74,7,2,83,16,77,7,2,102,16,0,16,118
12/24/2006,JNU,AK,AAL,WE,Towers with Radar,13,0,0,0,13,0,50,6,0,56,13,50,6,0,69,0,0,0,69
12/25/2006,JNU,AK,AAL,WE,Towers with Radar,7,0,0,0,7,0,0,2,0,2,7,0,2,0,9,0,0,0,9
12/26/2006,JNU,AK,AAL,WE,Towers with Radar,15,0,0,0,15,0,94,20,2,116,15,94,20,2,131,53,0,53,184
12/27/2006,JNU,AK,AAL,WE,Towers with Radar,16,2,0,0,18,0,112,32,0,144,16,114,32,0,162,16,0,16,178
12/28/2006,JNU,AK,AAL,WE,Towers with Radar,20,4,1,2,27,0,32,2,0,34,20,36,3,2,61,0,0,0,61
12/29/2006,JNU,AK,AAL,WE,Towers with Radar,18,2,1,0,21,0,50,0,0,50,18,52,1,0,71,0,0,0,71
12/30/2006,JNU,AK,AAL,WE,Towers with Radar,15,5,1,0,21,0,84,13,0,97,15,89,14,0,118,34,0,34,152
12/31/2006,JNU,AK,AAL,WE,Towers with Radar,13,1,1,0,15,3,47,0,0,50,16,48,1,0,65,0,0,0,65
01/01/2007,JNU,AK,AAL,WE,Towers with Radar,14,4,0,0,18,0,14,0,0,14,14,18,0,0,32,0,0,0,32
01/02/2007,JNU,AK,AAL,WE,Towers with Radar,13,55,4,0,72,0,35,2,0,37,13,90,6,0,109,2,0,2,111
01/03/2007,JNU,AK,AAL,WE,Towers with Radar,16,6,0,0,22,0,99,3,0,102,16,105,3,0,124,6,0,6,130
01/04/2007,JNU,AK,AAL,WE,Towers with Radar,14,4,3,0,21,0,83,11,0,94,14,87,14,0,115,58,0,58,173
01/05/2007,JNU,AK,AAL,WE,Towers with Radar,15,7,2,2,26,0,32,4,2,38,15,39,6,4,64,0,0,0,64
01/06/2007,JNU,AK,AAL,WE,Towers with Radar,17,5,0,0,22,0,69,12,0,81,17,74,12,0,103,6,0,6,109
01/07/2007,JNU,AK,AAL,WE,Towers with Radar,16,0,0,0,16,0,47,3,0,50,16,47,3,0,66,0,0,0,66
01/08/2007,JNU,AK,AAL,WE,Towers with Radar,17,1,1,0,19,0,62,5,0,67,17,63,6,0,86,0,0,0,86
01/09/2007,JNU,AK,AAL,WE,Towers with Radar,19,3,1,3,26,0,104,17,1,122,19,107,18,4,148,30,0,30,178
01/10/2007,JNU,AK,AAL,WE,Towers with Radar,18,1,1,3,23,0,90,16,8,114,18,91,17,11,137,14,8,22,159
01/11/2007,JNU,AK,AAL,WE,Towers with Radar,15,1,1,0,17,0,83,11,2,96,15,84,12,2,113,6,0,6,119
01/12/2007,JNU,AK,AAL,WE,Towers with Radar,17,15,2,0,34,0,3,0,0,3,17,18,2,0,37,0,0,0,37
01/13/2007,JNU,AK,AAL,WE,Towers with Radar,15,2,2,1,20,0,0,0,0,0,15,2,2,1,20,0,0,0,20
01/14/2007,JNU,AK,AAL,WE,Towers with Radar,18,1,0,0,19,0,52,4,0,56,18,53,4,0,75,0,0,0,75
01/15/2007,JNU,AK,AAL,WE,Towers with Radar,18,1,4,0,23,0,46,2,0,48,18,47,6,0,71,0,0,0,71
01/16/2007,JNU,AK,AAL,WE,Towers with Radar,15,6,3,0,24,0,73,8,1,82,15,79,11,1,106,10,12,22,128
01/17/2007,JNU,AK,AAL,WE,Towers with Radar,18,9,0,0,27,0,23,0,0,23,18,32,0,0,50,0,0,0,50
01/18/2007,JNU,AK,AAL,WE,Towers with Radar,16,14,2,0,32,0,35,1,1,37,16,49,3,1,69,0,0,0,69
01/19/2007,JNU,AK,AAL,WE,Towers with Radar,15,10,3,0,28,0,80,6,0,86,15,90,9,0,114,0,0,0,114
01/20/2007,JNU,AK,AAL,WE,Towers with Radar,15,1,1,0,17,2,57,3,3,65,17,58,4,3,82,0,0,0,82
01/21/2007,JNU,AK,AAL,WE,Towers with Radar,17,2,3,0,22,0,35,15,0,50,17,37,18,0,72,12,0,12,84
01/22/2007,JNU,AK,AAL,WE,Towers with Radar,18,1,1,0,20,0,111,10,0,121,18,112,11,0,141,38,0,38,179
01/23/2007,JNU,AK,AAL,WE,Towers with Radar,18,6,0,0,24,0,26,0,0,26,18,32,0,0,50,0,0,0,50
01/24/2007,JNU,AK,AAL,WE,Towers with Radar,16,3,4,0,23,0,98,1,0,99,16,101,5,0,122,0,0,0,122
01/25/2007,JNU,AK,AAL,WE,Towers with Radar,17,3,5,0,25,0,114,7,0,121,17,117,12,0,146,6,0,6,152
01/26/2007,JNU,AK,AAL,WE,Towers with Radar,17,2,0,0,19,0,94,9,0,103,17,96,9,0,122,14,0,14,136
01/27/2007,JNU,AK,AAL,WE,Towers with Radar,18,1,4,2,25,0,86,51,0,137,18,87,55,2,162,82,0,82,244
01/28/2007,JNU,AK,AAL,WE,Towers with Radar,16,0,0,0,16,0,29,3,0,32,16,29,3,0,48,0,0,0,48
01/29/2007,JNU,AK,AAL,WE,Towers with Radar,11,25,0,0,36,0,0,0,0,0,11,25,0,0,36,0,0,0,36
01/30/2007,JNU,AK,AAL,WE,Towers with Radar,9,18,3,0,30,0,0,0,0,0,9,18,3,0,30,0,0,0,30
01/31/2007,JNU,AK,AAL,WE,Towers with Radar,15,4,2,1,22,0,113,27,1,141,15,117,29,2,163,22,0,22,185
02/01/2007,JNU,AK,AAL,WE,Towers with Radar,15,7,3,0,25,0,106,24,0,130,15,113,27,0,155,20,0,20,175
02/02/2007,JNU,AK,AAL,WE,Towers with Radar,18,4,1,0,23,0,71,15,4,90,18,75,16,4,113,34,0,34,147
02/03/2007,JNU,AK,AAL,WE,Towers with Radar,17,2,0,0,19,0,73,18,0,91,17,75,18,0,110,6,0,6,116
02/04/2007,JNU,AK,AAL,WE,Towers with Radar,15,6,2,0,23,0,15,5,1,21,15,21,7,1,44,50,0,50,94
02/05/2007,JNU,AK,AAL,WE,Towers with Radar,12,105,8,0,125,0,0,0,0,0,12,105,8,0,125,0,0,0,125
02/06/2007,JNU,AK,AAL,WE,Towers with Radar,16,3,1,0,20,0,123,17,3,143,16,126,18,3,163,4,0,4,167
02/07/2007,JNU,AK,AAL,WE,Towers with Radar,17,7,3,0,27,0,99,6,0,105,17,106,9,0,132,26,0,26,158
02/08/2007,JNU,AK,AAL,WE,Towers with Radar,17,5,3,0,25,0,91,7,0,98,17,96,10,0,123,14,0,14,137
02/09/2007,JNU,AK,AAL,WE,Towers with Radar,17,3,3,0,23,0,76,13,2,91,17,79,16,2,114,0,0,0,114
02/10/2007,JNU,AK,AAL,WE,Towers with Radar,16,2,0,0,18,0,88,23,5,116,16,90,23,5,134,28,0,28,162
02/11/2007,JNU,AK,AAL,WE,Towers with Radar,17,2,1,0,20,0,67,24,4,95,17,69,25,4,115,76,0,76,191
02/12/2007,JNU,AK,AAL,WE,Towers with Radar,18,1,0,0,19,0,108,7,0,115,18,109,7,0,134,2,0,2,136
02/13/2007,JNU,AK,AAL,WE,Towers with Radar,19,5,0,0,24,0,51,3,1,55,19,56,3,1,79,0,0,0,79
02/14/2007,JNU,AK,AAL,WE,Towers with Radar,15,19,0,1,35,0,21,0,0,21,15,40,0,1,56,0,0,0,56
02/15/2007,JNU,AK,AAL,WE,Towers with Radar,16,12,2,2,32,0,16,3,0,19,16,28,5,2,51,0,0,0,51
02/16/2007,JNU,AK,AAL,WE,Towers with Radar,17,5,0,0,22,0,97,11,0,108,17,102,11,0,130,34,0,34,164
02/17/2007,JNU,AK,AAL,WE,Towers with Radar,12,12,0,0,24,0,2,3,0,5,12,14,3,0,29,0,0,0,29
02/18/2007,JNU,AK,AAL,WE,Towers with Radar,16,1,1,0,18,0,59,17,0,76,16,60,18,0,94,52,0,52,146
02/19/2007,JNU,AK,AAL,WE,Towers with Radar,16,2,1,2,21,0,81,20,0,101,16,83,21,2,122,76,0,76,198
02/20/2007,JNU,AK,AAL,WE,Towers with Radar,17,2,0,0,19,0,90,8,0,98,17,92,8,0,117,30,0,30,147
02/21/2007,JNU,AK,AAL,WE,Towers with Radar,24,24,3,0,51,0,11,1,0,12,24,35,4,0,63,0,0,0,63
02/22/2007,JNU,AK,AAL,WE,Towers with Radar,15,4,1,0,20,1,128,11,2,142,16,132,12,2,162,32,0,32,194
02/23/2007,JNU,AK,AAL,WE,Towers with Radar,18,26,4,0,48,0,2,1,0,3,18,28,5,0,51,0,0,0,51
02/24/2007,JNU,AK,AAL,WE,Towers with Radar,20,0,0,0,20,0,99,26,2,127,20,99,26,2,147,10,0,10,157
02/25/2007,JNU,AK,AAL,WE,Towers with Radar,17,1,0,0,18,0,93,11,1,105,17,94,11,1,123,18,0,18,141
02/26/2007,JNU,AK,AAL,WE,Towers with Radar,19,3,1,2,25,0,106,10,0,116,19,109,11,2,141,18,0,18,159
02/27/2007,JNU,AK,AAL,WE,Towers with Radar,17,2,4,0,23,0,89,4,0,93,17,91,8,0,116,16,0,16,132
02/28/2007,JNU,AK,AAL,WE,Towers with Radar,17,2,2,0,21,0,85,8,2,95,17,87,10,2,116,0,0,0,116
03/01/2007,JNU,AK,AAL,WE,Towers with Radar,12,3,1,0,16,0,22,0,0,22,12,25,1,0,38,0,0,0,38
03/02/2007,JNU,AK,AAL,WE,Towers with Radar,1,11,0,0,12,0,0,0,0,0,1,11,0,0,12,0,0,0,12
03/03/2007,JNU,AK,AAL,WE,Towers with Radar,20,6,4,0,30,0,93,21,1,115,20,99,25,1,145,16,0,16,161
03/04/2007,JNU,AK,AAL,WE,Towers with Radar,15,1,0,0,16,0,53,10,0,63,15,54,10,0,79,46,0,46,125
03/05/2007,JNU,AK,AAL,WE,Towers with Radar,12,20,0,0,32,0,2,0,0,2,12,22,0,0,34,0,0,0,34
03/06/2007,JNU,AK,AAL,WE,Towers with Radar,17,17,4,0,38,0,10,0,0,10,17,27,4,0,48,0,0,0,48
03/07/2007,JNU,AK,AAL,WE,Towers with Radar,16,6,3,0,25,0,91,5,0,96,16,97,8,0,121,0,0,0,121
03/08/2007,JNU,AK,AAL,WE,Towers with Radar,15,7,2,1,25,0,63,3,0,66,15,70,5,1,91,12,0,12,103
03/09/2007,JNU,AK,AAL,WE,Towers with Radar,12,5,0,0,17,0,35,3,1,39,12,40,3,1,56,0,0,0,56
03/10/2007,JNU,AK,AAL,WE,Towers with Radar,17,5,2,0,24,0,74,11,1,86,17,79,13,1,110,12,0,12,122
03/11/2007,JNU,AK,AAL,WE,Towers with Radar,14,7,5,0,26,0,16,2,0,18,14,23,7,0,44,0,0,0,44
03/12/2007,JNU,AK,AAL,WE,Towers with Radar,17,3,5,0,25,0,58,2,0,60,17,61,7,0,85,0,0,0,85
03/13/2007,JNU,AK,AAL,WE,Towers with Radar,14,8,0,0,22,0,78,7,0,85,14,86,7,0,107,0,0,0,107
03/14/2007,JNU,AK,AAL,WE,Towers with Radar,15,7,3,0,25,0,63,1,0,64,15,70,4,0,89,2,0,2,91
03/15/2007,JNU,AK,AAL,WE,Towers with Radar,15,9,2,0,26,0,68,3,0,71,15,77,5,0,97,2,0,2,99
03/16/2007,JNU,AK,AAL,WE,Towers with Radar,16,8,2,0,26,0,0,0,0,0,16,8,2,0,26,0,0,0,26
03/17/2007,JNU,AK,AAL,WE,Towers with Radar,15,20,1,0,36,0,67,11,0,78,15,87,12,0,114,30,0,30,144
03/18/2007,JNU,AK,AAL,WE,Towers with Radar,20,0,0,0,20,0,85,20,0,105,20,85,20,0,125,47,0,47,172
03/19/2007,JNU,AK,AAL,WE,Towers with Radar,19,2,4,1,26,0,88,3,1,92,19,90,7,2,118,2,0,2,120
03/20/2007,JNU,AK,AAL,WE,Towers with Radar,16,2,1,2,21,0,114,9,0,123,16,116,10,2,144,0,0,0,144
03/21/2007,JNU,AK,AAL,WE,Towers with Radar,20,4,0,0,24,0,61,0,0,61,20,65,0,0,85,0,0,0,85
03/22/2007,JNU,AK,AAL,WE,Towers with Radar,14,2,3,0,19,0,112,8,1,121,14,114,11,1,140,6,0,6,146
03/23/2007,JNU,AK,AAL,WE,Towers with Radar,18,1,0,0,19,0,106,4,0,110,18,107,4,0,129,0,0,0,129
03/24/2007,JNU,AK,AAL,WE,Towers with Radar,18,3,0,0,21,0,90,22,0,112,18,93,22,0,133,30,0,30,163
03/25/2007,JNU,AK,AAL,WE,Towers with Radar,16,3,0,0,19,0,25,4,0,29,16,28,4,0,48,0,0,0,48
03/26/2007,JNU,AK,AAL,WE,Towers with Radar,12,6,2,0,20,0,130,21,0,151,12,136,23,0,171,16,0,16,187
03/27/2007,JNU,AK,AAL,WE,Towers with Radar,17,6,2,2,27,0,71,3,0,74,17,77,5,2,101,2,2,4,105
03/28/2007,JNU,AK,AAL,WE,Towers with Radar,18,26,1,0,45,0,32,0,0,32,18,58,1,0,77,0,0,0,77
03/29/2007,JNU,AK,AAL,WE,Towers with Radar,18,23,1,0,42,0,98,12,0,110,18,121,13,0,152,18,0,18,170
03/30/2007,JNU,AK,AAL,WE,Towers with Radar,20,1,3,0,24,0,119,33,0,152,20,120,36,0,176,48,0,48,224
03/31/2007,JNU,AK,AAL,WE,Towers with Radar,17,0,0,0,17,0,84,37,2,123,17,84,37,2,140,90,0,90,230
04/01/2007,JNU,AK,AAL,WE,Towers with Radar,19,2,0,0,21,0,100,28,2,130,19,102,28,2,151,28,0,28,179
04/02/2007,JNU,AK,AAL,WE,Towers with Radar,16,2,0,0,18,1,128,6,1,136,17,130,6,1,154,0,4,4,158
04/03/2007,JNU,AK,AAL,WE,Towers with Radar,14,0,1,0,15,1,129,16,0,146,15,129,17,0,161,30,0,30,191
04/04/2007,JNU,AK,AAL,WE,Towers with Radar,16,1,2,0,19,0,138,14,0,152,16,139,16,0,171,6,0,6,177
04/05/2007,JNU,AK,AAL,WE,Towers with Radar,17,3,2,0,22,0,60,7,0,67,17,63,9,0,89,2,0,2,91
04/06/2007,JNU,AK,AAL,WE,Towers with Radar,15,3,1,0,19,0,96,11,0,107,15,99,12,0,126,14,0,14,140
04/07/2007,JNU,AK,AAL,WE,Towers with Radar,18,2,0,0,20,0,95,18,0,113,18,97,18,0,133,6,0,6,139
04/08/2007,JNU,AK,AAL,WE,Towers with Radar,17,1,0,0,18,0,61,4,2,67,17,62,4,2,85,10,0,10,95
04/09/2007,JNU,AK,AAL,WE,Towers with Radar,18,16,0,0,34,0,101,11,0,112,18,117,11,0,146,28,0,28,174
04/10/2007,JNU,AK,AAL,WE,Towers with Radar,17,1,0,0,18,0,120,6,3,129,17,121,6,3,147,0,0,0,147
04/11/2007,JNU,AK,AAL,WE,Towers with Radar,18,4,1,0,23,0,134,23,4,161,18,138,24,4,184,20,0,20,204
04/12/2007,JNU,AK,AAL,WE,Towers with Radar,19,2,2,1,24,0,105,15,4,124,19,107,17,5,148,10,0,10,158
04/13/2007,JNU,AK,AAL,WE,Towers with Radar,20,3,0,0,23,0,151,18,1,170,20,154,18,1,193,34,0,34,227
04/14/2007,JNU,AK,AAL,WE,Towers with Radar,17,4,0,0,21,0,103,24,0,127,17,107,24,0,148,20,0,20,168
04/15/2007,JNU,AK,AAL,WE,Towers with Radar,17,6,0,0,23,0,77,3,0,80,17,83,3,0,103,0,0,0,103
04/16/2007,JNU,AK,AAL,WE,Towers with Radar,17,2,0,0,19,0,156,9,0,165,17,158,9,0,184,0,0,0,184
04/17/2007,JNU,AK,AAL,WE,Towers with Radar,17,33,4,0,54,0,138,25,0,163,17,171,29,0,217,16,0,16,233
04/18/2007,JNU,AK,AAL,WE,Towers with Radar,16,5,8,0,29,0,144,26,0,170,16,149,34,0,199,20,0,20,219
04/19/2007,JNU,AK,AAL,WE,Towers with Radar,17,2,2,0,21,0,166,39,2,207,17,168,41,2,228,40,0,40,268
04/20/2007,JNU,AK,AAL,WE,Towers with Radar,17,1,1,0,19,0,175,39,1,215,17,176,40,1,234,14,0,14,248
04/21/2007,JNU,AK,AAL,WE,Towers with Radar,18,1,3,0,22,0,129,49,0,178,18,130,52,0,200,36,0,36,236
04/22/2007,JNU,AK,AAL,WE,Towers with Radar,19,0,1,0,20,0,119,47,0,166,19,119,48,0,186,56,0,56,242
04/23/2007,JNU,AK,AAL,WE,Towers with Radar,16,2,0,0,18,1,135,5,2,143,17,137,5,2,161,12,0,12,173
04/24/2007,JNU,AK,AAL,WE,Towers with Radar,17,0,0,2,19,0,161,8,0,169,17,161,8,2,188,12,0,12,200
04/25/2007,JNU,AK,AAL,WE,Towers with Radar,16,6,6,1,29,0,156,24,2,182,16,162,30,3,211,54,0,54,265
04/26/2007,JNU,AK,AAL,WE,Towers with Radar,17,2,2,0,21,0,166,14,0,180,17,168,16,0,201,28,0,28,229
04/27/2007,JNU,AK,AAL,WE,Towers with Radar,15,5,6,0,26,0,163,16,0,179,15,168,22,0,205,34,0,34,239
04/28/2007,JNU,AK,AAL,WE,Towers with Radar,20,0,3,0,23,0,136,22,2,160,20,136,25,2,183,46,0,46,229
04/29/2007,JNU,AK,AAL,WE,Towers with Radar,21,0,2,0,23,0,129,27,2,158,21,129,29,2,181,76,0,76,257
04/30/2007,JNU,AK,AAL,WE,Towers with Radar,19,1,0,1,21,0,176,28,0,204,19,177,28,1,225,30,0,30,255
05/01/2007,JNU,AK,AAL,WE,Towers with Radar,24,4,2,0,30,1,183,42,0,226,25,187,44,0,256,38,0,38,294
05/02/2007,JNU,AK,AAL,WE,Towers with Radar,27,3,2,0,32,0,237,57,0,294,27,240,59,0,326,34,0,34,360
05/03/2007,JNU,AK,AAL,WE,Towers with Radar,24,2,3,2,31,0,198,23,2,223,24,200,26,4,254,6,0,6,260
05/04/2007,JNU,AK,AAL,WE,Towers with Radar,26,2,4,2,34,0,226,39,0,265,26,228,43,2,299,56,0,56,355
05/05/2007,JNU,AK,AAL,WE,Towers with Radar,26,2,0,0,28,0,207,27,0,234,26,209,27,0,262,14,0,14,276
05/06/2007,JNU,AK,AAL,WE,Towers with Radar,26,0,0,0,26,0,132,9,0,141,26,132,9,0,167,0,0,0,167
05/07/2007,JNU,AK,AAL,WE,Towers with Radar,26,1,2,0,29,0,209,43,0,252,26,210,45,0,281,24,0,24,305
05/08/2007,JNU,AK,AAL,WE,Towers with Radar,24,19,4,0,47,1,263,40,0,304,25,282,44,0,351,140,0,140,491
05/09/2007,JNU,AK,AAL,WE,Towers with Radar,27,2,5,0,34,0,236,27,1,264,27,238,32,1,298,120,0,120,418
05/10/2007,JNU,AK,AAL,WE,Towers with Radar,24,4,5,0,33,0,200,20,0,220,24,204,25,0,253,48,0,48,301
05/11/2007,JNU,AK,AAL,WE,Towers with Radar,26,5,5,0,36,0,273,34,2,309,26,278,39,2,345,14,0,14,359
05/12/2007,JNU,AK,AAL,WE,Towers with Radar,25,1,0,0,26,0,176,45,0,221,25,177,45,0,247,28,0,28,275
05/13/2007,JNU,AK,AAL,WE,Towers with Radar,28,0,1,0,29,0,252,47,0,299,28,252,48,0,328,40,0,40,368
05/14/2007,JNU,AK,AAL,WE,Towers with Radar,27,7,2,0,36,0,321,28,0,349,27,328,30,0,385,28,0,28,413
05/15/2007,JNU,AK,AAL,WE,Towers with Radar,21,16,2,0,39,0,340,53,0,393,21,356,55,0,432,26,0,26,458
05/16/2007,JNU,AK,AAL,WE,Towers with Radar,27,4,3,0,34,0,259,18,0,277,27,263,21,0,311,20,0,20,331
05/17/2007,JNU,AK,AAL,WE,Towers with Radar,24,6,3,0,33,0,286,34,0,320,24,292,37,0,353,28,0,28,381
05/18/2007,JNU,AK,AAL,WE,Towers with Radar,24,2,1,0,27,0,306,83,0,389,24,308,84,0,416,50,0,50,466
05/19/2007,JNU,AK,AAL,WE,Towers with Radar,27,4,0,0,31,0,227,72,0,299,27,231,72,0,330,48,0,48,378
05/20/2007,JNU,AK,AAL,WE,Towers with Radar,23,2,1,0,26,0,306,72,0,378,23,308,73,0,404,49,0,49,453
05/21/2007,JNU,AK,AAL,WE,Towers with Radar,24,2,1,0,27,0,346,38,0,384,24,348,39,0,411,46,0,46,457
05/22/2007,JNU,AK,AAL,WE,Towers with Radar,24,4,2,0,30,0,368,60,0,428,24,372,62,0,458,22,0,22,480
05/23/2007,JNU,AK,AAL,WE,Towers with Radar,24,6,4,0,34,2,402,38,2,444,26,408,42,2,478,32,0,32,510
05/24/2007,JNU,AK,AAL,WE,Towers with Radar,27,8,5,0,40,0,346,33,0,379,27,354,38,0,419,0,0,0,419
05/25/2007,JNU,AK,AAL,WE,Towers with Radar,28,45,1,0,74,0,369,48,0,417,28,414,49,0,491,36,0,36,527
05/26/2007,JNU,AK,AAL,WE,Towers with Radar,27,11,1,0,39,0,191,39,1,231,27,202,40,1,270,16,0,16,286
05/27/2007,JNU,AK,AAL,WE,Towers with Radar,27,3,2,0,32,0,215,37,0,252,27,218,39,0,284,18,0,18,302
05/28/2007,JNU,AK,AAL,WE,Towers with Radar,26,0,6,0,32,0,369,56,0,425,26,369,62,0,457,20,0,20,477
05/29/2007,JNU,AK,AAL,WE,Towers with Radar,26,9,1,0,36,0,363,21,0,384,26,372,22,0,420,24,0,24,444
05/30/2007,JNU,AK,AAL,WE,Towers with Radar,28,5,1,0,34,0,369,19,0,388,28,374,20,0,422,16,0,16,438
05/31/2007,JNU,AK,AAL,WE,Towers with Radar,27,6,5,0,38,0,404,43,0,447,27,410,48,0,485,14,0,14,499
06/01/2007,JNU,AK,AAL,WE,Towers with Radar,23,6,2,0,31,1,377,67,2,447,24,383,69,2,478,20,0,20,498
06/02/2007,JNU,AK,AAL,WE,Towers with Radar,23,1,0,0,24,0,299,68,0,367,23,300,68,0,391,34,0,34,425
06/03/2007,JNU,AK,AAL,WE,Towers with Radar,28,0,5,0,33,1,320,58,0,379,29,320,63,0,412,68,0,68,480
06/04/2007,JNU,AK,AAL,WE,Towers with Radar,29,3,4,0,36,0,449,45,2,496,29,452,49,2,532,0,0,0,532
06/05/2007,JNU,AK,AAL,WE,Towers with Radar,34,12,4,1,51,1,228,19,3,251,35,240,23,4,302,26,0,26,328
06/06/2007,JNU,AK,AAL,WE,Towers with Radar,35,36,8,0,79,2,266,19,0,287,37,302,27,0,366,0,0,0,366
06/07/2007,JNU,AK,AAL,WE,Towers with Radar,29,4,3,0,36,4,378,45,0,427,33,382,48,0,463,32,0,32,495
06/08/2007,JNU,AK,AAL,WE,Towers with Radar,35,5,3,1,44,0,349,57,0,406,35,354,60,1,450,34,0,34,484
06/09/2007,JNU,AK,AAL,WE,Towers with Radar,36,1,3,0,40,0,356,55,0,411,36,357,58,0,451,8,0,8,459
06/10/2007,JNU,AK,AAL,WE,Towers with Radar,33,0,2,0,35,1,297,55,0,353,34,297,57,0,388,30,0,30,418
06/11/2007,JNU,AK,AAL,WE,Towers with Radar,32,4,1,0,37,0,283,18,2,303,32,287,19,2,340,0,0,0,340
06/12/2007,JNU,AK,AAL,WE,Towers with Radar,33,5,1,0,39,0,343,23,0,366,33,348,24,0,405,30,0,30,435
06/13/2007,JNU,AK,AAL,WE,Towers with Radar,32,4,11,2,49,0,423,58,3,484,32,427,69,5,533,16,0,16,549
06/14/2007,JNU,AK,AAL,WE,Towers with Radar,30,3,3,0,36,3,435,54,7,499,33,438,57,7,535,42,0,42,577
06/15/2007,JNU,AK,AAL,WE,Towers with Radar,37,3,7,1,48,0,367,49,0,416,37,370,56,1,464,12,0,12,476
06/16/2007,JNU,AK,AAL,WE,Towers with Radar,34,0,0,0,34,0,352,40,0,392,34,352,40,0,426,10,0,10,436
06/17/2007,JNU,AK,AAL,WE,Towers with Radar,31,0,5,0,36,0,308,39,0,347,31,308,44,0,383,16,0,16,399
06/18/2007,JNU,AK,AAL,WE,Towers with Radar,31,32,5,0,68,0,346,19,0,365,31,378,24,0,433,26,0,26,459
06/19/2007,JNU,AK,AAL,WE,Towers with Radar,31,2,3,0,36,0,446,21,0,467,31,448,24,0,503,0,0,0,503
06/20/2007,JNU,AK,AAL,WE,Towers with Radar,33,6,2,0,41,2,475,41,0,518,35,481,43,0,559,44,0,44,603
06/21/2007,JNU,AK,AAL,WE,Towers with Radar,32,3,3,1,39,0,445,35,3,483,32,448,38,4,522,2,0,2,524
06/22/2007,JNU,AK,AAL,WE,Towers with Radar,31,3,0,0,34,0,364,66,2,432,31,367,66,2,466,50,0,50,516
06/23/2007,JNU,AK,AAL,WE,Towers with Radar,36,1,3,0,40,0,297,52,0,349,36,298,55,0,389,22,0,22,411
06/24/2007,JNU,AK,AAL,WE,Towers with Radar,30,2,4,0,36,0,344,47,3,394,30,346,51,3,430,8,0,8,438
06/25/2007,JNU,AK,AAL,WE,Towers with Radar,35,10,8,0,53,0,381,33,0,414,35,391,41,0,467,22,0,22,489
06/26/2007,JNU,AK,AAL,WE,Towers with Radar,36,1,2,0,39,0,465,64,0,529,36,466,66,0,568,62,0,62,630
06/27/2007,JNU,AK,AAL,WE,Towers with Radar,30,5,6,0,41,1,487,53,0,541,31,492,59,0,582,8,0,8,590
06/28/2007,JNU,AK,AAL,WE,Towers with Radar,30,4,2,0,36,5,524,65,4,598,35,528,67,4,634,0,0,0,634
06/30/2007,JNU,AK,AAL,WE,Towers with Radar,32,3,3,0,38,0,285,43,2,330,32,288,46,2,368,14,0,14,382
07/01/2007,JNU,AK,AAL,WE,Towers with Radar,33,2,8,0,43,0,423,68,0,491,33,425,76,0,534,8,0,8,542
07/02/2007,JNU,AK,AAL,WE,Towers with Radar,29,2,4,0,35,2,501,60,0,563,31,503,64,0,598,12,0,12,610
07/03/2007,JNU,AK,AAL,WE,Towers with Radar,32,5,5,0,42,2,504,67,1,574,34,509,72,1,616,18,0,18,634
07/04/2007,JNU,AK,AAL,WE,Towers with Radar,30,3,2,0,35,4,239,41,0,284,34,242,43,0,319,10,0,10,329
07/05/2007,JNU,AK,AAL,WE,Towers with Radar,31,8,2,0,41,0,531,33,3,567,31,539,35,3,608,6,0,6,614
07/06/2007,JNU,AK,AAL,WE,Towers with Radar,32,7,2,0,41,0,396,39,2,437,32,403,41,2,478,6,0,6,484
07/07/2007,JNU,AK,AAL,WE,Towers with Radar,37,10,2,0,49,0,390,81,0,471,37,400,83,0,520,54,0,54,574
07/08/2007,JNU,AK,AAL,WE,Towers with Radar,31,5,6,0,42,0,423,60,0,483,31,428,66,0,525,38,0,38,563
07/09/2007,JNU,AK,AAL,WE,Towers with Radar,30,22,12,0,64,0,370,12,0,382,30,392,24,0,446,14,0,14,460
07/10/2007,JNU,AK,AAL,WE,Towers with Radar,33,37,10,0,80,0,262,14,2,278,33,299,24,2,358,10,0,10,368
07/11/2007,JNU,AK,AAL,WE,Towers with Radar,33,8,3,0,44,0,414,21,0,435,33,422,24,0,479,24,0,24,503
07/12/2007,JNU,AK,AAL,WE,Towers with Radar,29,19,9,0,57,0,217,41,2,260,29,236,50,2,317,44,0,44,361
07/13/2007,JNU,AK,AAL,WE,Towers with Radar,33,4,7,0,44,0,337,39,3,379,33,341,46,3,423,18,0,18,441
07/14/2007,JNU,AK,AAL,WE,Towers with Radar,39,17,7,0,63,0,39,7,0,46,39,56,14,0,109,14,0,14,123
07/15/2007,JNU,AK,AAL,WE,Towers with Radar,41,26,13,0,80,0,443,91,0,534,41,469,104,0,614,24,0,24,638
07/16/2007,JNU,AK,AAL,WE,Towers with Radar,30,23,1,1,55,0,274,17,2,293,30,297,18,3,348,0,0,0,348
07/17/2007,JNU,AK,AAL,WE,Towers with Radar,31,5,3,5,44,2,417,37,2,458,33,422,40,7,502,12,0,12,514
07/18/2007,JNU,AK,AAL,WE,Towers with Radar,35,27,8,0,70,0,440,51,2,493,35,467,59,2,563,26,6,32,595
07/19/2007,JNU,AK,AAL,WE,Towers with Radar,33,11,2,12,58,0,492,46,2,540,33,503,48,14,598,10,0,10,608
07/20/2007,JNU,AK,AAL,WE,Towers with Radar,34,16,5,3,58,0,264,31,1,296,34,280,36,4,354,14,0,14,368
07/21/2007,JNU,AK,AAL,WE,Towers with Radar,30,1,5,9,45,0,405,88,1,494,30,406,93,10,539,34,0,34,573
07/22/2007,JNU,AK,AAL,WE,Towers with Radar,34,17,5,4,60,0,345,85,3,433,34,362,90,7,493,26,0,26,519
07/23/2007,JNU,AK,AAL,WE,Towers with Radar,27,37,6,0,70,0,299,16,0,315,27,336,22,0,385,18,0,18,403
07/24/2007,JNU,AK,AAL,WE,Towers with Radar,33,8,3,2,46,0,468,47,2,517,33,476,50,4,563,22,0,22,585
07/25/2007,JNU,AK,AAL,WE,Towers with Radar,39,6,3,1,49,0,501,58,2,561,39,507,61,3,610,38,0,38,648
07/26/2007,JNU,AK,AAL,WE,Towers with Radar,31,5,8,1,45,0,497,44,3,544,31,502,52,4,589,10,0,10,599
07/27/2007,JNU,AK,AAL,WE,Towers with Radar,30,3,2,0,35,2,436,46,0,484,32,439,48,0,519,12,0,12,531
07/28/2007,JNU,AK,AAL,WE,Towers with Radar,29,4,3,1,37,0,355,71,5,431,29,359,74,6,468,8,0,8,476
07/29/2007,JNU,AK,AAL,WE,Towers with Radar,30,4,5,0,39,0,461,88,0,549,30,465,93,0,588,2,0,2,590
07/30/2007,JNU,AK,AAL,WE,Towers with Radar,36,8,2,0,46,0,363,33,1,397,36,371,35,1,443,32,2,34,477
07/31/2007,JNU,AK,AAL,WE,Towers with Radar,33,13,6,0,52,0,381,39,3,423,33,394,45,3,475,6,0,6,481
08/01/2007,JNU,AK,AAL,WE,Towers with Radar,31,4,9,2,46,0,406,58,0,464,31,410,67,2,510,14,0,14,524
08/02/2007,JNU,AK,AAL,WE,Towers with Radar,26,10,6,1,43,3,459,54,3,519,29,469,60,4,562,14,4,18,580
08/03/2007,JNU,AK,AAL,WE,Towers with Radar,32,6,4,0,42,0,404,85,0,489,32,410,89,0,531,20,0,20,551
08/04/2007,JNU,AK,AAL,WE,Towers with Radar,32,2,4,0,38,0,393,77,0,470,32,395,81,0,508,12,0,12,520
08/05/2007,JNU,AK,AAL,WE,Towers with Radar,35,6,4,0,45,0,370,43,1,414,35,376,47,1,459,30,0,30,489
08/06/2007,JNU,AK,AAL,WE,Towers with Radar,31,18,3,0,52,0,197,12,0,209,31,215,15,0,261,22,0,22,283
08/07/2007,JNU,AK,AAL,WE,Towers with Radar,30,8,1,0,39,0,327,19,0,346,30,335,20,0,385,10,0,10,395
08/08/2007,JNU,AK,AAL,WE,Towers with Radar,36,7,3,0,46,0,495,43,0,538,36,502,46,0,584,14,0,14,598
08/09/2007,JNU,AK,AAL,WE,Towers with Radar,33,4,1,0,38,0,447,59,0,506,33,451,60,0,544,4,0,4,548
08/10/2007,JNU,AK,AAL,WE,Towers with Radar,32,2,4,0,38,1,452,55,2,510,33,454,59,2,548,38,0,38,586
08/11/2007,JNU,AK,AAL,WE,Towers with Radar,33,2,1,0,36,1,351,71,2,425,34,353,72,2,461,10,0,10,471
08/12/2007,JNU,AK,AAL,WE,Towers with Radar,30,2,2,0,34,0,494,65,0,559,30,496,67,0,593,20,0,20,613
08/13/2007,JNU,AK,AAL,WE,Towers with Radar,29,2,2,0,33,2,537,78,0,617,31,539,80,0,650,32,0,32,682
08/14/2007,JNU,AK,AAL,WE,Towers with Radar,28,5,2,0,35,3,512,53,3,571,31,517,55,3,606,34,0,34,640
08/15/2007,JNU,AK,AAL,WE,Towers with Radar,29,6,8,1,44,0,494,68,1,563,29,500,76,2,607,12,0,12,619
08/16/2007,JNU,AK,AAL,WE,Towers with Radar,34,7,5,0,46,1,516,86,1,604,35,523,91,1,650,8,1,9,659
08/17/2007,JNU,AK,AAL,WE,Towers with Radar,33,9,6,0,48,0,366,36,0,402,33,375,42,0,450,0,0,0,450
08/18/2007,JNU,AK,AAL,WE,Towers with Radar,33,9,4,0,46,0,309,49,0,358,33,318,53,0,404,6,0,6,410
08/19/2007,JNU,AK,AAL,WE,Towers with Radar,29,7,2,0,38,0,249,35,0,284,29,256,37,0,322,8,0,8,330
08/20/2007,JNU,AK,AAL,WE,Towers with Radar,35,16,6,0,57,0,401,38,1,440,35,417,44,1,497,12,0,12,509
08/21/2007,JNU,AK,AAL,WE,Towers with Radar,35,3,7,1,46,0,387,28,1,416,35,390,35,2,462,36,2,38,500
08/22/2007,JNU,AK,AAL,WE,Towers with Radar,32,8,3,2,45,0,356,33,0,389,32,364,36,2,434,12,0,12,446
08/23/2007,JNU,AK,AAL,WE,Towers with Radar,27,7,3,1,38,0,442,39,3,484,27,449,42,4,522,44,0,44,566
08/24/2007,JNU,AK,AAL,WE,Towers with Radar,37,43,2,0,82,0,182,15,0,197,37,225,17,0,279,2,0,2,281
08/25/2007,JNU,AK,AAL,WE,Towers with Radar,31,4,2,0,37,1,267,39,1,308,32,271,41,1,345,8,8,16,361
08/26/2007,JNU,AK,AAL,WE,Towers with Radar,34,1,8,0,43,0,323,75,0,398,34,324,83,0,441,24,0,24,465
08/27/2007,JNU,AK,AAL,WE,Towers with Radar,32,3,3,0,38,0,394,42,1,437,32,397,45,1,475,22,0,22,497
08/28/2007,JNU,AK,AAL,WE,Towers with Radar,30,8,7,0,45,2,383,42,0,427,32,391,49,0,472,44,0,44,516
08/29/2007,JNU,AK,AAL,WE,Towers with Radar,31,4,1,0,36,0,370,28,0,398,31,374,29,0,434,30,0,30,464
08/30/2007,JNU,AK,AAL,WE,Towers with Radar,30,3,5,0,38,0,378,26,4,408,30,381,31,4,446,0,0,0,446
08/31/2007,JNU,AK,AAL,WE,Towers with Radar,34,11,0,0,45,0,329,46,0,375,34,340,46,0,420,4,0,4,424
09/01/2007,JNU,AK,AAL,WE,Towers with Radar,31,6,1,0,38,0,288,37,0,325,31,294,38,0,363,10,0,10,373
09/02/2007,JNU,AK,AAL,WE,Towers with Radar,28,3,4,0,35,0,358,57,1,416,28,361,61,1,451,12,0,12,463
09/03/2007,JNU,AK,AAL,WE,Towers with Radar,28,4,0,0,32,0,385,55,1,441,28,389,55,1,473,6,0,6,479
09/04/2007,JNU,AK,AAL,WE,Towers with Radar,27,2,2,0,31,0,283,13,2,298,27,285,15,2,329,0,0,0,329
09/05/2007,JNU,AK,AAL,WE,Towers with Radar,28,3,0,0,31,1,250,14,2,267,29,253,14,2,298,0,0,0,298
09/06/2007,JNU,AK,AAL,WE,Towers with Radar,21,5,3,0,29,0,258,17,0,275,21,263,20,0,304,0,0,0,304
09/07/2007,JNU,AK,AAL,WE,Towers with Radar,37,3,3,0,43,0,250,28,2,280,37,253,31,2,323,4,0,4,327
09/08/2007,JNU,AK,AAL,WE,Towers with Radar,30,6,1,0,37,0,151,10,0,161,30,157,11,0,198,0,0,0,198
09/09/2007,JNU,AK,AAL,WE,Towers with Radar,27,9,3,0,39,0,19,15,0,34,27,28,18,0,73,44,0,44,117
09/10/2007,JNU,AK,AAL,WE,Towers with Radar,25,7,2,0,34,0,222,8,2,232,25,229,10,2,266,0,0,0,266
09/11/2007,JNU,AK,AAL,WE,Towers with Radar,30,11,2,0,43,0,330,49,5,384,30,341,51,5,427,14,0,14,441
09/12/2007,JNU,AK,AAL,WE,Towers with Radar,17,12,0,0,29,0,289,48,3,340,17,301,48,3,369,20,0,20,389
09/13/2007,JNU,AK,AAL,WE,Towers with Radar,25,4,4,0,33,1,382,50,2,435,26,386,54,2,468,6,0,6,474
09/14/2007,JNU,AK,AAL,WE,Towers with Radar,25,18,5,0,48,0,279,33,1,313,25,297,38,1,361,24,0,24,385
09/15/2007,JNU,AK,AAL,WE,Towers with Radar,22,4,1,0,27,0,74,22,2,98,22,78,23,2,125,0,0,0,125
09/16/2007,JNU,AK,AAL,WE,Towers with Radar,27,1,0,0,28,0,166,6,0,172,27,167,6,0,200,6,0,6,206
09/17/2007,JNU,AK,AAL,WE,Towers with Radar,28,6,3,0,37,0,240,19,2,261,28,246,22,2,298,12,0,12,310
09/18/2007,JNU,AK,AAL,WE,Towers with Radar,26,5,3,0,34,0,272,84,4,360,26,277,87,4,394,44,0,44,438
09/19/2007,JNU,AK,AAL,WE,Towers with Radar,25,12,2,0,39,0,111,9,2,122,25,123,11,2,161,0,0,0,161
09/20/2007,JNU,AK,AAL,WE,Towers with Radar,24,7,1,0,32,0,221,15,3,239,24,228,16,3,271,0,0,0,271
09/21/2007,JNU,AK,AAL,WE,Towers with Radar,27,10,1,0,38,1,201,27,0,229,28,211,28,0,267,0,0,0,267
09/22/2007,JNU,AK,AAL,WE,Towers with Radar,21,11,2,0,34,0,115,54,6,175,21,126,56,6,209,42,4,46,255
09/23/2007,JNU,AK,AAL,WE,Towers with Radar,25,1,0,0,26,0,105,6,1,112,25,106,6,1,138,0,0,0,138
09/24/2007,JNU,AK,AAL,WE,Towers with Radar,22,6,0,0,28,0,180,10,2,192,22,186,10,2,220,16,0,16,236
09/25/2007,JNU,AK,AAL,WE,Towers with Radar,22,3,0,0,25,1,105,6,0,112,23,108,6,0,137,0,0,0,137
09/26/2007,JNU,AK,AAL,WE,Towers with Radar,25,5,1,2,33,0,194,15,2,211,25,199,16,4,244,14,0,14,258
09/27/2007,JNU,AK,AAL,WE,Towers with Radar,26,20,1,0,47,0,151,29,2,182,26,171,30,2,229,24,0,24,253
09/28/2007,JNU,AK,AAL,WE,Towers with Radar,23,21,0,0,44,0,210,35,0,245,23,231,35,0,289,30,0,30,319
09/29/2007,JNU,AK,AAL,WE,Towers with Radar,21,21,0,0,42,0,86,28,0,114,21,107,28,0,156,6,0,6,162
09/30/2007,JNU,AK,AAL,WE,Towers with Radar,22,2,1,0,25,0,106,42,0,148,22,108,43,0,173,26,0,26,199
10/01/2007,JNU,AK,AAL,WE,Towers with Radar,17,1,0,0,18,0,125,7,2,134,17,126,7,2,152,0,0,0,152
10/02/2007,JNU,AK,AAL,WE,Towers with Radar,17,5,0,0,22,0,132,6,0,138,17,137,6,0,160,0,0,0,160
10/03/2007,JNU,AK,AAL,WE,Towers with Radar,16,0,0,0,16,0,138,34,2,174,16,138,34,2,190,20,14,34,224
10/04/2007,JNU,AK,AAL,WE,Towers with Radar,16,23,1,0,40,0,100,30,5,135,16,123,31,5,175,26,0,26,201
10/05/2007,JNU,AK,AAL,WE,Towers with Radar,17,5,1,1,24,0,74,2,0,76,17,79,3,1,100,0,0,0,100
10/06/2007,JNU,AK,AAL,WE,Towers with Radar,17,2,0,0,19,0,104,19,0,123,17,106,19,0,142,0,0,0,142
10/07/2007,JNU,AK,AAL,WE,Towers with Radar,16,3,1,0,20,2,102,15,0,119,18,105,16,0,139,4,0,4,143
10/08/2007,JNU,AK,AAL,WE,Towers with Radar,19,7,0,0,26,0,117,40,0,157,19,124,40,0,183,36,0,36,219
10/09/2007,JNU,AK,AAL,WE,Towers with Radar,17,7,0,0,24,0,110,24,5,139,17,117,24,5,163,12,0,12,175
10/10/2007,JNU,AK,AAL,WE,Towers with Radar,16,8,1,2,27,0,102,12,1,115,16,110,13,3,142,0,0,0,142
10/11/2007,JNU,AK,AAL,WE,Towers with Radar,17,2,1,0,20,0,110,20,1,131,17,112,21,1,151,2,0,2,153
10/12/2007,JNU,AK,AAL,WE,Towers with Radar,18,2,0,0,20,0,132,7,0,139,18,134,7,0,159,0,0,0,159
10/13/2007,JNU,AK,AAL,WE,Towers with Radar,19,6,0,0,25,0,78,29,7,114,19,84,29,7,139,14,0,14,153
10/14/2007,JNU,AK,AAL,WE,Towers with Radar,20,1,0,1,22,0,91,46,0,137,20,92,46,1,159,18,2,20,179
10/15/2007,JNU,AK,AAL,WE,Towers with Radar,18,2,0,0,20,0,107,30,0,137,18,109,30,0,157,0,0,0,157
10/16/2007,JNU,AK,AAL,WE,Towers with Radar,23,12,5,0,40,0,142,18,1,161,23,154,23,1,201,0,0,0,201
10/17/2007,JNU,AK,AAL,WE,Towers with Radar,16,3,2,0,21,3,133,42,2,180,19,136,44,2,201,2,0,2,203
10/18/2007,JNU,AK,AAL,WE,Towers with Radar,17,15,1,1,34,0,87,12,0,99,17,102,13,1,133,2,0,2,135
10/19/2007,JNU,AK,AAL,WE,Towers with Radar,14,10,0,0,24,0,128,40,0,168,14,138,40,0,192,2,0,2,194
10/20/2007,JNU,AK,AAL,WE,Towers with Radar,14,6,0,0,20,0,100,36,0,136,14,106,36,0,156,18,0,18,174
10/21/2007,JNU,AK,AAL,WE,Towers with Radar,14,0,0,0,14,0,51,4,0,55,14,51,4,0,69,0,0,0,69
10/22/2007,JNU,AK,AAL,WE,Towers with Radar,16,5,2,0,23,0,113,15,4,132,16,118,17,4,155,14,0,14,169
10/23/2007,JNU,AK,AAL,WE,Towers with Radar,14,2,0,2,18,0,129,13,0,142,14,131,13,2,160,32,0,32,192
10/24/2007,JNU,AK,AAL,WE,Towers with Radar,16,2,0,0,18,0,108,11,0,119,16,110,11,0,137,2,0,2,139
10/25/2007,JNU,AK,AAL,WE,Towers with Radar,16,3,0,0,19,1,109,6,2,118,17,112,6,2,137,2,0,2,139
10/26/2007,JNU,AK,AAL,WE,Towers with Radar,18,1,0,0,19,0,71,9,0,80,18,72,9,0,99,0,0,0,99
10/27/2007,JNU,AK,AAL,WE,Towers with Radar,17,3,0,0,20,0,65,10,0,75,17,68,10,0,95,0,0,0,95
10/28/2007,JNU,AK,AAL,WE,Towers with Radar,14,0,1,0,15,0,79,19,0,98,14,79,20,0,113,32,0,32,145
10/29/2007,JNU,AK,AAL,WE,Towers with Radar,12,0,1,0,13,0,113,3,0,116,12,113,4,0,129,0,0,0,129
10/30/2007,JNU,AK,AAL,WE,Towers with Radar,12,3,0,0,15,0,49,3,0,52,12,52,3,0,67,10,0,10,77
10/31/2007,JNU,AK,AAL,WE,Towers with Radar,17,5,0,0,22,0,81,10,0,91,17,86,10,0,113,0,0,0,113
11/01/2007,JNU,AK,AAL,WE,Towers with Radar,13,5,0,1,19,0,78,4,1,83,13,83,4,2,102,0,0,0,102
11/02/2007,JNU,AK,AAL,WE,Towers with Radar,17,3,0,0,20,0,118,27,5,150,17,121,27,5,170,12,0,12,182
11/03/2007,JNU,AK,AAL,WE,Towers with Radar,16,1,0,0,17,0,89,53,4,146,16,90,53,4,163,28,0,28,191
11/04/2007,JNU,AK,AAL,WE,Towers with Radar,9,0,1,1,11,0,59,33,3,95,9,59,34,4,106,22,0,22,128
11/05/2007,JNU,AK,AAL,WE,Towers with Radar,19,10,0,0,29,0,28,1,0,29,19,38,1,0,58,2,0,2,60
11/06/2007,JNU,AK,AAL,WE,Towers with Radar,15,4,0,1,20,0,100,21,0,121,15,104,21,1,141,52,0,52,193
11/07/2007,JNU,AK,AAL,WE,Towers with Radar,17,1,0,0,18,0,116,23,0,139,17,117,23,0,157,26,0,26,183
11/08/2007,JNU,AK,AAL,WE,Towers with Radar,1,8,0,0,9,0,0,0,0,0,1,8,0,0,9,0,0,0,9
11/09/2007,JNU,AK,AAL,WE,Towers with Radar,19,5,0,2,26,0,111,17,1,129,19,116,17,3,155,0,0,0,155
11/10/2007,JNU,AK,AAL,WE,Towers with Radar,17,1,1,0,19,0,71,4,1,76,17,72,5,1,95,6,0,6,101
11/11/2007,JNU,AK,AAL,WE,Towers with Radar,15,0,2,0,17,0,80,23,0,103,15,80,25,0,120,40,0,40,160
11/12/2007,JNU,AK,AAL,WE,Towers with Radar,14,12,2,0,28,0,79,2,2,83,14,91,4,2,111,0,0,0,111
11/13/2007,JNU,AK,AAL,WE,Towers with Radar,16,2,2,0,20,0,108,4,2,114,16,110,6,2,134,0,0,0,134
11/14/2007,JNU,AK,AAL,WE,Towers with Radar,17,10,2,0,29,0,78,10,0,88,17,88,12,0,117,18,0,18,135
11/15/2007,JNU,AK,AAL,WE,Towers with Radar,17,2,0,0,19,0,87,7,0,94,17,89,7,0,113,0,0,0,113
11/16/2007,JNU,AK,AAL,WE,Towers with Radar,16,2,0,0,18,0,90,3,0,93,16,92,3,0,111,0,0,0,111
11/17/2007,JNU,AK,AAL,WE,Towers with Radar,18,0,0,0,18,0,94,25,0,119,18,94,25,0,137,26,0,26,163
11/18/2007,JNU,AK,AAL,WE,Towers with Radar,16,0,1,0,17,0,60,25,0,85,16,60,26,0,102,20,0,20,122
11/19/2007,JNU,AK,AAL,WE,Towers with Radar,15,2,3,0,20,0,105,9,4,118,15,107,12,4,138,0,0,0,138
11/20/2007,JNU,AK,AAL,WE,Towers with Radar,13,2,0,0,15,0,110,15,2,127,13,112,15,2,142,17,0,17,159
11/21/2007,JNU,AK,AAL,WE,Towers with Radar,14,0,1,0,15,0,108,9,1,118,14,108,10,1,133,10,0,10,143
11/22/2007,JNU,AK,AAL,WE,Towers with Radar,9,1,1,0,11,0,12,15,1,28,9,13,16,1,39,32,0,32,71
11/23/2007,JNU,AK,AAL,WE,Towers with Radar,16,1,0,0,17,0,72,2,2,76,16,73,2,2,93,2,0,2,95
11/24/2007,JNU,AK,AAL,WE,Towers with Radar,17,4,1,0,22,0,71,8,0,79,17,75,9,0,101,6,0,6,107
11/25/2007,JNU,AK,AAL,WE,Towers with Radar,16,0,0,0,16,0,89,13,2,104,16,89,13,2,120,24,0,24,144
11/26/2007,JNU,AK,AAL,WE,Towers with Radar,17,0,0,0,17,0,82,10,1,93,17,82,10,1,110,0,0,0,110
11/27/2007,JNU,AK,AAL,WE,Towers with Radar,15,12,0,2,29,0,93,19,2,114,15,105,19,4,143,14,0,14,157
11/28/2007,JNU,AK,AAL,WE,Towers with Radar,12,4,2,0,18,0,81,12,2,95,12,85,14,2,113,20,0,20,133
11/29/2007,JNU,AK,AAL,WE,Towers with Radar,15,4,1,0,20,0,109,26,0,135,15,113,27,0,155,34,0,34,189
11/30/2007,JNU,AK,AAL,WE,Towers with Radar,16,2,1,0,19,0,115,23,1,139,16,117,24,1,158,14,0,14,172
12/01/2007,JNU,AK,AAL,WE,Towers with Radar,15,1,0,0,16,1,64,23,0,88,16,65,23,0,104,7,0,7,111
12/02/2007,JNU,AK,AAL,WE,Towers with Radar,18,0,0,0,18,0,48,2,0,50,18,48,2,0,68,0,0,0,68
12/03/2007,JNU,AK,AAL,WE,Towers with Radar,16,2,0,0,18,0,55,0,0,55,16,57,0,0,73,4,0,4,77
12/04/2007,JNU,AK,AAL,WE,Towers with Radar,16,6,1,0,23,0,66,3,3,72,16,72,4,3,95,0,0,0,95
12/05/2007,JNU,AK,AAL,WE,Towers with Radar,18,6,0,1,25,0,77,9,0,86,18,83,9,1,111,0,0,0,111
12/06/2007,JNU,AK,AAL,WE,Towers with Radar,16,3,0,0,19,0,83,8,2,93,16,86,8,2,112,2,0,2,114
12/07/2007,JNU,AK,AAL,WE,Towers with Radar,15,6,1,0,22,0,19,1,0,20,15,25,2,0,42,0,0,0,42
12/08/2007,JNU,AK,AAL,WE,Towers with Radar,15,7,3,0,25,0,42,0,1,43,15,49,3,1,68,0,0,0,68
12/09/2007,JNU,AK,AAL,WE,Towers with Radar,16,8,0,0,24,0,45,7,0,52,16,53,7,0,76,2,0,2,78
12/10/2007,JNU,AK,AAL,WE,Towers with Radar,14,2,0,0,16,0,39,3,1,43,14,41,3,1,59,6,0,6,65
12/11/2007,JNU,AK,AAL,WE,Towers with Radar,14,11,0,0,25,0,44,1,0,45,14,55,1,0,70,0,0,0,70
12/12/2007,JNU,AK,AAL,WE,Towers with Radar,12,3,1,0,16,2,92,5,4,103,14,95,6,4,119,0,20,20,139
12/13/2007,JNU,AK,AAL,WE,Towers with Radar,17,7,1,0,25,0,65,3,6,74,17,72,4,6,99,0,20,20,119
12/14/2007,JNU,AK,AAL,WE,Towers with Radar,21,2,1,0,24,0,68,6,0,74,21,70,7,0,98,10,0,10,108
12/15/2007,JNU,AK,AAL,WE,Towers with Radar,16,13,0,0,29,0,5,0,0,5,16,18,0,0,34,0,0,0,34
12/16/2007,JNU,AK,AAL,WE,Towers with Radar,18,2,0,0,20,0,59,9,1,69,18,61,9,1,89,19,0,19,108
12/17/2007,JNU,AK,AAL,WE,Towers with Radar,12,10,0,0,22,1,69,3,1,74,13,79,3,1,96,0,0,0,96
12/18/2007,JNU,AK,AAL,WE,Towers with Radar,12,9,0,0,21,0,71,4,3,78,12,80,4,3,99,0,0,0,99
12/19/2007,JNU,AK,AAL,WE,Towers with Radar,18,4,0,0,22,0,94,10,2,106,18,98,10,2,128,10,0,10,138
12/20/2007,JNU,AK,AAL,WE,Towers with Radar,9,13,0,0,22,1,39,2,2,44,10,52,2,2,66,24,0,24,90
12/21/2007,JNU,AK,AAL,WE,Towers with Radar,18,8,0,0,26,0,103,0,1,104,18,111,0,1,130,0,0,0,130
12/22/2007,JNU,AK,AAL,WE,Towers with Radar,17,18,0,1,36,0,6,1,0,7,17,24,1,1,43,0,0,0,43
12/23/2007,JNU,AK,AAL,WE,Towers with Radar,17,0,0,1,18,0,53,0,1,54,17,53,0,2,72,6,0,6,78
12/24/2007,JNU,AK,AAL,WE,Towers with Radar,11,5,0,0,16,0,70,4,0,74,11,75,4,0,90,0,0,0,90
12/25/2007,JNU,AK,AAL,WE,Towers with Radar,8,2,0,0,10,0,1,1,0,2,8,3,1,0,12,8,0,8,20
12/26/2007,JNU,AK,AAL,WE,Towers with Radar,20,5,0,0,25,0,55,3,2,60,20,60,3,2,85,0,0,0,85
12/27/2007,JNU,AK,AAL,WE,Towers with Radar,16,2,0,0,18,0,72,17,0,89,16,74,17,0,107,32,0,32,139
12/28/2007,JNU,AK,AAL,WE,Towers with Radar,16,6,0,1,23,0,32,3,0,35,16,38,3,1,58,4,0,4,62
12/29/2007,JNU,AK,AAL,WE,Towers with Radar,15,3,0,0,18,0,9,2,0,11,15,12,2,0,29,0,0,0,29
12/30/2007,JNU,AK,AAL,WE,Towers with Radar,15,3,2,0,20,0,53,14,0,67,15,56,16,0,87,0,0,0,87
12/31/2007,JNU,AK,AAL,WE,Towers with Radar,13,2,0,0,15,0,47,2,0,49,13,49,2,0,64,0,0,0,64
01/01/2008,JNU,AK,AAL,WE,Towers with Radar,14,4,0,0,18,0,0,0,0,0,14,4,0,0,18,0,0,0,18
01/02/2008,JNU,AK,AAL,WE,Towers with Radar,20,6,0,0,26,1,25,1,0,27,21,31,1,0,53,0,0,0,53
01/03/2008,JNU,AK,AAL,WE,Towers with Radar,15,0,0,0,15,0,65,2,0,67,15,65,2,0,82,8,0,8,90
01/04/2008,JNU,AK,AAL,WE,Towers with Radar,15,2,0,0,17,0,80,5,0,85,15,82,5,0,102,2,0,2,104
01/05/2008,JNU,AK,AAL,WE,Towers with Radar,16,2,0,0,18,0,72,26,0,98,16,74,26,0,116,52,0,52,168
01/06/2008,JNU,AK,AAL,WE,Towers with Radar,15,0,0,0,15,0,46,7,0,53,15,46,7,0,68,24,0,24,92
01/07/2008,JNU,AK,AAL,WE,Towers with Radar,15,1,0,0,16,0,67,12,2,81,15,68,12,2,97,12,0,12,109
01/08/2008,JNU,AK,AAL,WE,Towers with Radar,17,5,1,0,23,0,66,4,0,70,17,71,5,0,93,20,0,20,113
01/09/2008,JNU,AK,AAL,WE,Towers with Radar,17,10,2,0,29,0,9,0,0,9,17,19,2,0,38,0,0,0,38
01/10/2008,JNU,AK,AAL,WE,Towers with Radar,16,3,0,0,19,0,95,10,2,107,16,98,10,2,126,22,0,22,148
01/11/2008,JNU,AK,AAL,WE,Towers with Radar,12,5,1,0,18,0,67,9,2,78,12,72,10,2,96,6,0,6,102
01/12/2008,JNU,AK,AAL,WE,Towers with Radar,6,0,1,0,7,0,0,0,0,0,6,0,1,0,7,0,0,0,7
01/13/2008,JNU,AK,AAL,WE,Towers with Radar,6,2,1,0,9,1,30,3,0,34,7,32,4,0,43,0,0,0,43
01/14/2008,JNU,AK,AAL,WE,Towers with Radar,17,0,0,1,18,0,95,10,0,105,17,95,10,1,123,0,0,0,123
01/15/2008,JNU,AK,AAL,WE,Towers with Radar,18,4,0,1,23,0,13,0,1,14,18,17,0,2,37,0,0,0,37
01/16/2008,JNU,AK,AAL,WE,Towers with Radar,16,1,0,0,17,0,71,4,0,75,16,72,4,0,92,0,0,0,92
01/17/2008,JNU,AK,AAL,WE,Towers with Radar,11,1,0,0,12,0,61,7,2,70,11,62,7,2,82,0,0,0,82
01/18/2008,JNU,AK,AAL,WE,Towers with Radar,16,4,1,0,21,0,40,5,0,45,16,44,6,0,66,2,0,2,68
01/19/2008,JNU,AK,AAL,WE,Towers with Radar,9,7,0,0,16,0,47,5,0,52,9,54,5,0,68,0,0,0,68
01/20/2008,JNU,AK,AAL,WE,Towers with Radar,14,0,0,0,14,0,68,27,0,95,14,68,27,0,109,26,0,26,135
01/21/2008,JNU,AK,AAL,WE,Towers with Radar,16,5,3,0,24,0,70,5,2,77,16,75,8,2,101,2,0,2,103
01/22/2008,JNU,AK,AAL,WE,Towers with Radar,17,18,0,0,35,0,24,4,0,28,17,42,4,0,63,8,0,8,71
01/23/2008,JNU,AK,AAL,WE,Towers with Radar,19,3,0,0,22,0,100,3,0,103,19,103,3,0,125,0,0,0,125
01/24/2008,JNU,AK,AAL,WE,Towers with Radar,16,1,1,0,18,0,142,10,1,153,16,143,11,1,171,76,0,76,247
01/25/2008,JNU,AK,AAL,WE,Towers with Radar,2,0,1,0,3,0,0,0,0,0,2,0,1,0,3,0,0,0,3
01/26/2008,JNU,AK,AAL,WE,Towers with Radar,16,4,0,0,20,0,30,2,0,32,16,34,2,0,52,0,0,0,52
01/27/2008,JNU,AK,AAL,WE,Towers with Radar,14,0,2,0,16,0,29,1,0,30,14,29,3,0,46,0,0,0,46
01/28/2008,JNU,AK,AAL,WE,Towers with Radar,15,3,0,0,18,0,81,0,1,82,15,84,0,1,100,0,0,0,100
01/29/2008,JNU,AK,AAL,WE,Towers with Radar,14,1,0,0,15,0,58,4,3,65,14,59,4,3,80,0,0,0,80
01/30/2008,JNU,AK,AAL,WE,Towers with Radar,16,6,0,0,22,1,36,2,1,40,17,42,2,1,62,12,0,12,74
01/31/2008,JNU,AK,AAL,WE,Towers with Radar,14,4,1,0,19,0,84,2,0,86,14,88,3,0,105,0,0,0,105
02/01/2008,JNU,AK,AAL,WE,Towers with Radar,15,6,0,0,21,0,11,0,0,11,15,17,0,0,32,0,0,0,32
02/02/2008,JNU,AK,AAL,WE,Towers with Radar,17,9,0,0,26,0,0,0,0,0,17,9,0,0,26,0,0,0,26
02/03/2008,JNU,AK,AAL,WE,Towers with Radar,11,1,1,0,13,0,9,1,0,10,11,10,2,0,23,0,0,0,23
02/04/2008,JNU,AK,AAL,WE,Towers with Radar,12,1,0,0,13,0,0,1,0,1,12,1,1,0,14,0,0,0,14
02/05/2008,JNU,AK,AAL,WE,Towers with Radar,17,21,3,0,41,0,33,0,0,33,17,54,3,0,74,0,0,0,74
02/06/2008,JNU,AK,AAL,WE,Towers with Radar,18,11,4,0,33,1,46,0,0,47,19,57,4,0,80,4,0,4,84
02/07/2008,JNU,AK,AAL,WE,Towers with Radar,16,2,0,2,20,0,80,2,3,85,16,82,2,5,105,2,0,2,107
02/08/2008,JNU,AK,AAL,WE,Towers with Radar,13,1,0,0,14,1,84,9,6,100,14,85,9,6,114,9,0,9,123
02/09/2008,JNU,AK,AAL,WE,Towers with Radar,4,3,0,0,7,0,1,0,0,1,4,4,0,0,8,0,0,0,8
02/10/2008,JNU,AK,AAL,WE,Towers with Radar,15,7,0,1,23,0,4,0,0,4,15,11,0,1,27,0,0,0,27
02/11/2008,JNU,AK,AAL,WE,Towers with Radar,12,5,0,2,19,0,82,0,2,84,12,87,0,4,103,2,0,2,105
02/12/2008,JNU,AK,AAL,WE,Towers with Radar,17,4,0,2,23,2,77,1,3,83,19,81,1,5,106,20,0,20,126
02/13/2008,JNU,AK,AAL,WE,Towers with Radar,16,3,2,0,21,0,81,2,0,83,16,84,4,0,104,0,0,0,104
02/14/2008,JNU,AK,AAL,WE,Towers with Radar,14,3,3,0,20,0,88,7,0,95,14,91,10,0,115,2,0,2,117
02/15/2008,JNU,AK,AAL,WE,Towers with Radar,18,3,0,0,21,0,74,25,0,99,18,77,25,0,120,0,0,0,120
02/16/2008,JNU,AK,AAL,WE,Towers with Radar,18,2,1,0,21,0,66,7,0,73,18,68,8,0,94,8,0,8,102
02/17/2008,JNU,AK,AAL,WE,Towers with Radar,15,0,0,0,15,0,44,3,0,47,15,44,3,0,62,12,0,12,74
02/18/2008,JNU,AK,AAL,WE,Towers with Radar,16,3,0,0,19,0,98,8,0,106,16,101,8,0,125,0,0,0,125
02/19/2008,JNU,AK,AAL,WE,Towers with Radar,10,2,0,0,12,0,77,5,2,84,10,79,5,2,96,18,0,18,114
02/20/2008,JNU,AK,AAL,WE,Towers with Radar,19,8,3,0,30,0,101,12,0,113,19,109,15,0,143,28,0,28,171
02/21/2008,JNU,AK,AAL,WE,Towers with Radar,16,8,0,0,24,0,87,7,2,96,16,95,7,2,120,0,0,0,120
02/22/2008,JNU,AK,AAL,WE,Towers with Radar,16,23,1,0,40,0,74,27,2,103,16,97,28,2,143,28,0,28,171
02/23/2008,JNU,AK,AAL,WE,Towers with Radar,17,0,0,0,17,0,97,29,2,128,17,97,29,2,145,14,0,14,159
02/24/2008,JNU,AK,AAL,WE,Towers with Radar,15,12,1,0,28,0,43,4,1,48,15,55,5,1,76,2,0,2,78
02/25/2008,JNU,AK,AAL,WE,Towers with Radar,16,3,0,2,21,0,89,6,4,99,16,92,6,6,120,16,0,16,136
02/26/2008,JNU,AK,AAL,WE,Towers with Radar,15,5,0,2,22,0,69,6,7,82,15,74,6,9,104,4,0,4,108
02/27/2008,JNU,AK,AAL,WE,Towers with Radar,12,5,2,1,20,0,78,11,7,96,12,83,13,8,116,20,0,20,136
02/28/2008,JNU,AK,AAL,WE,Towers with Radar,17,4,2,0,23,0,56,1,5,62,17,60,3,5,85,2,0,2,87
02/29/2008,JNU,AK,AAL,WE,Towers with Radar,15,6,0,0,21,0,80,15,2,97,15,86,15,2,118,6,0,6,124
03/01/2008,JNU,AK,AAL,WE,Towers with Radar,16,12,1,0,29,0,38,2,2,42,16,50,3,2,71,0,0,0,71
03/02/2008,JNU,AK,AAL,WE,Towers with Radar,14,2,0,0,16,0,44,2,0,46,14,46,2,0,62,0,0,0,62
03/03/2008,JNU,AK,AAL,WE,Towers with Radar,16,17,2,0,35,0,75,10,0,85,16,92,12,0,120,18,0,18,138
03/04/2008,JNU,AK,AAL,WE,Towers with Radar,17,1,0,1,19,0,86,9,0,95,17,87,9,1,114,0,0,0,114
03/05/2008,JNU,AK,AAL,WE,Towers with Radar,16,1,0,0,17,0,98,5,0,103,16,99,5,0,120,10,0,10,130
03/06/2008,JNU,AK,AAL,WE,Towers with Radar,14,3,0,0,17,0,75,4,2,81,14,78,4,2,98,0,0,0,98
03/07/2008,JNU,AK,AAL,WE,Towers with Radar,15,3,1,0,19,0,79,6,1,86,15,82,7,1,105,8,0,8,113
03/08/2008,JNU,AK,AAL,WE,Towers with Radar,17,1,0,0,18,0,73,11,0,84,17,74,11,0,102,18,0,18,120
03/09/2008,JNU,AK,AAL,WE,Towers with Radar,18,1,0,0,19,0,44,9,0,53,18,45,9,0,72,22,0,22,94
03/10/2008,JNU,AK,AAL,WE,Towers with Radar,17,1,0,0,18,0,132,24,1,157,17,133,24,1,175,6,0,6,181
03/11/2008,JNU,AK,AAL,WE,Towers with Radar,14,5,1,0,20,0,36,8,0,44,14,41,9,0,64,2,0,2,66
03/12/2008,JNU,AK,AAL,WE,Towers with Radar,17,3,0,0,20,0,106,10,0,116,17,109,10,0,136,12,0,12,148
03/13/2008,JNU,AK,AAL,WE,Towers with Radar,16,6,0,0,22,0,95,11,2,108,16,101,11,2,130,6,0,6,136
03/14/2008,JNU,AK,AAL,WE,Towers with Radar,16,2,1,0,19,0,133,42,1,176,16,135,43,1,195,36,0,36,231
03/15/2008,JNU,AK,AAL,WE,Towers with Radar,16,0,0,0,16,0,131,29,0,160,16,131,29,0,176,0,0,0,176
03/16/2008,JNU,AK,AAL,WE,Towers with Radar,17,1,1,0,19,0,8,0,0,8,17,9,1,0,27,0,0,0,27
03/17/2008,JNU,AK,AAL,WE,Towers with Radar,15,2,0,0,17,0,78,5,2,85,15,80,5,2,102,8,0,8,110
03/18/2008,JNU,AK,AAL,WE,Towers with Radar,18,4,0,0,22,0,76,8,0,84,18,80,8,0,106,12,0,12,118
03/19/2008,JNU,AK,AAL,WE,Towers with Radar,14,22,4,0,40,0,42,3,0,45,14,64,7,0,85,2,0,2,87
03/20/2008,JNU,AK,AAL,WE,Towers with Radar,17,2,2,0,21,0,113,25,1,139,17,115,27,1,160,18,18,36,196
03/21/2008,JNU,AK,AAL,WE,Towers with Radar,16,3,0,0,19,0,94,5,0,99,16,97,5,0,118,0,0,0,118
03/22/2008,JNU,AK,AAL,WE,Towers with Radar,15,4,0,0,19,3,46,7,0,56,18,50,7,0,75,1,0,1,76
03/23/2008,JNU,AK,AAL,WE,Towers with Radar,14,8,0,0,22,2,26,4,0,32,16,34,4,0,54,0,0,0,54
03/24/2008,JNU,AK,AAL,WE,Towers with Radar,15,1,0,0,16,1,96,2,0,99,16,97,2,0,115,0,0,0,115
03/25/2008,JNU,AK,AAL,WE,Towers with Radar,13,7,1,0,21,2,110,25,0,137,15,117,26,0,158,30,0,30,188
03/26/2008,JNU,AK,AAL,WE,Towers with Radar,17,2,1,0,20,0,113,20,0,133,17,115,21,0,153,50,0,50,203
03/27/2008,JNU,AK,AAL,WE,Towers with Radar,13,7,0,0,20,0,115,32,2,149,13,122,32,2,169,31,0,31,200
03/28/2008,JNU,AK,AAL,WE,Towers with Radar,14,3,0,1,18,0,130,37,0,167,14,133,37,1,185,52,0,52,237
03/29/2008,JNU,AK,AAL,WE,Towers with Radar,13,2,0,0,15,1,109,85,0,195,14,111,85,0,210,78,0,78,288
03/30/2008,JNU,AK,AAL,WE,Towers with Radar,15,0,0,0,15,0,70,20,0,90,15,70,20,0,105,26,0,26,131
03/31/2008,JNU,AK,AAL,WE,Towers with Radar,15,6,0,0,21,0,111,4,0,115,15,117,4,0,136,0,0,0,136
04/01/2008,JNU,AK,AAL,WE,Towers with Radar,23,3,0,0,26,0,99,10,0,109,23,102,10,0,135,26,0,26,161
04/02/2008,JNU,AK,AAL,WE,Towers with Radar,23,4,2,0,29,0,108,18,0,126,23,112,20,0,155,0,0,0,155
04/03/2008,JNU,AK,AAL,WE,Towers with Radar,23,4,0,0,27,0,97,8,4,109,23,101,8,4,136,2,36,38,174
04/04/2008,JNU,AK,AAL,WE,Towers with Radar,23,7,2,2,34,0,99,29,0,128,23,106,31,2,162,0,0,0,162
04/05/2008,JNU,AK,AAL,WE,Towers with Radar,18,1,0,0,19,0,92,33,2,127,18,93,33,2,146,46,0,46,192
04/06/2008,JNU,AK,AAL,WE,Towers with Radar,22,0,0,0,22,0,60,16,0,76,22,60,16,0,98,12,0,12,110
04/07/2008,JNU,AK,AAL,WE,Towers with Radar,18,5,0,0,23,0,93,14,2,109,18,98,14,2,132,6,0,6,138
04/08/2008,JNU,AK,AAL,WE,Towers with Radar,22,11,2,0,35,1,80,7,0,88,23,91,9,0,123,0,0,0,123
04/09/2008,JNU,AK,AAL,WE,Towers with Radar,21,3,0,0,24,0,140,10,0,150,21,143,10,0,174,12,0,12,186
04/10/2008,JNU,AK,AAL,WE,Towers with Radar,24,3,1,1,29,0,142,36,0,178,24,145,37,1,207,12,0,12,219
04/11/2008,JNU,AK,AAL,WE,Towers with Radar,21,16,1,0,38,0,67,9,0,76,21,83,10,0,114,20,0,20,134
04/12/2008,JNU,AK,AAL,WE,Towers with Radar,19,4,1,0,24,0,104,6,0,110,19,108,7,0,134,12,0,12,146
04/13/2008,JNU,AK,AAL,WE,Towers with Radar,26,5,1,0,32,0,72,5,0,77,26,77,6,0,109,0,0,0,109
04/14/2008,JNU,AK,AAL,WE,Towers with Radar,21,7,6,0,34,0,99,9,0,108,21,106,15,0,142,6,0,6,148
04/15/2008,JNU,AK,AAL,WE,Towers with Radar,22,7,1,0,30,0,120,16,3,139,22,127,17,3,169,34,3,37,206
04/16/2008,JNU,AK,AAL,WE,Towers with Radar,22,10,0,0,32,0,101,4,2,107,22,111,4,2,139,30,0,30,169
04/17/2008,JNU,AK,AAL,WE,Towers with Radar,24,6,0,0,30,0,116,15,1,132,24,122,15,1,162,30,0,30,192
04/18/2008,JNU,AK,AAL,WE,Towers with Radar,24,5,0,2,31,0,173,28,3,204,24,178,28,5,235,32,24,56,291
04/19/2008,JNU,AK,AAL,WE,Towers with Radar,21,0,0,0,21,0,121,54,2,177,21,121,54,2,198,56,0,56,254
04/20/2008,JNU,AK,AAL,WE,Towers with Radar,22,0,0,0,22,0,106,60,0,166,22,106,60,0,188,28,0,28,216
04/21/2008,JNU,AK,AAL,WE,Towers with Radar,23,4,0,0,27,0,168,39,3,210,23,172,39,3,237,34,10,44,281
04/22/2008,JNU,AK,AAL,WE,Towers with Radar,22,1,0,1,24,0,150,28,3,181,22,151,28,4,205,22,0,22,227
04/23/2008,JNU,AK,AAL,WE,Towers with Radar,24,4,0,0,28,19,188,47,7,261,43,192,47,7,289,32,0,32,321
04/24/2008,JNU,AK,AAL,WE,Towers with Radar,22,5,2,0,29,0,175,17,8,200,22,180,19,8,229,48,0,48,277
04/25/2008,JNU,AK,AAL,WE,Towers with Radar,20,3,1,0,24,0,207,37,0,244,20,210,38,0,268,76,0,76,344
04/26/2008,JNU,AK,AAL,WE,Towers with Radar,23,0,1,0,24,0,135,17,2,154,23,135,18,2,178,40,0,40,218
04/27/2008,JNU,AK,AAL,WE,Towers with Radar,21,1,1,0,23,2,88,13,1,104,23,89,14,1,127,48,0,48,175
04/28/2008,JNU,AK,AAL,WE,Towers with Radar,24,6,1,0,31,0,144,16,0,160,24,150,17,0,191,86,0,86,277
04/29/2008,JNU,AK,AAL,WE,Towers with Radar,27,21,4,0,52,0,152,33,1,186,27,173,37,1,238,70,22,92,330
04/30/2008,JNU,AK,AAL,WE,Towers with Radar,26,3,2,0,31,0,216,37,3,256,26,219,39,3,287,126,0,126,413
05/01/2008,JNU,AK,AAL,WE,Towers with Radar,23,2,1,0,26,3,187,27,5,222,26,189,28,5,248,44,0,44,292
05/02/2008,JNU,AK,AAL,WE,Towers with Radar,24,6,0,1,31,0,187,32,1,220,24,193,32,2,251,54,0,54,305
05/03/2008,JNU,AK,AAL,WE,Towers with Radar,25,3,0,0,28,0,157,17,0,174,25,160,17,0,202,58,0,58,260
05/04/2008,JNU,AK,AAL,WE,Towers with Radar,25,0,0,1,26,0,121,20,1,142,25,121,20,2,168,22,0,22,190
05/05/2008,JNU,AK,AAL,WE,Towers with Radar,24,3,0,0,27,0,233,25,0,258,24,236,25,0,285,36,2,38,323
05/06/2008,JNU,AK,AAL,WE,Towers with Radar,24,8,1,1,34,0,352,36,4,392,24,360,37,5,426,38,0,38,464
05/07/2008,JNU,AK,AAL,WE,Towers with Radar,24,2,2,1,29,0,231,32,5,268,24,233,34,6,297,47,0,47,344
05/08/2008,JNU,AK,AAL,WE,Towers with Radar,25,4,4,0,33,0,208,29,6,243,25,212,33,6,276,20,0,20,296
05/09/2008,JNU,AK,AAL,WE,Towers with Radar,26,5,2,0,33,0,234,42,2,278,26,239,44,2,311,60,0,60,371
05/10/2008,JNU,AK,AAL,WE,Towers with Radar,22,4,3,0,29,1,242,26,0,269,23,246,29,0,298,20,0,20,318
05/11/2008,JNU,AK,AAL,WE,Towers with Radar,26,0,0,2,28,0,216,31,0,247,26,216,31,2,275,14,0,14,289
05/12/2008,JNU,AK,AAL,WE,Towers with Radar,23,4,1,0,28,0,195,6,0,201,23,199,7,0,229,0,0,0,229
05/13/2008,JNU,AK,AAL,WE,Towers with Radar,28,4,9,0,41,0,287,25,2,314,28,291,34,2,355,50,0,50,405
05/14/2008,JNU,AK,AAL,WE,Towers with Radar,25,6,3,0,34,1,112,11,1,125,26,118,14,1,159,4,0,4,163
05/15/2008,JNU,AK,AAL,WE,Towers with Radar,24,5,1,0,30,0,228,25,4,257,24,233,26,4,287,30,0,30,317
05/16/2008,JNU,AK,AAL,WE,Towers with Radar,24,66,2,4,96,0,50,6,1,57,24,116,8,5,153,0,0,0,153
05/17/2008,JNU,AK,AAL,WE,Towers with Radar,26,22,1,0,49,0,132,15,0,147,26,154,16,0,196,6,0,6,202
05/18/2008,JNU,AK,AAL,WE,Towers with Radar,24,5,2,0,31,0,182,41,0,223,24,187,43,0,254,18,0,18,272
05/19/2008,JNU,AK,AAL,WE,Towers with Radar,27,5,1,0,33,0,357,43,0,400,27,362,44,0,433,60,0,60,493
05/20/2008,JNU,AK,AAL,WE,Towers with Radar,24,5,2,0,31,0,388,33,2,423,24,393,35,2,454,87,0,87,541
05/21/2008,JNU,AK,AAL,WE,Towers with Radar,24,5,3,0,32,0,271,33,6,310,24,276,36,6,342,8,0,8,350
05/22/2008,JNU,AK,AAL,WE,Towers with Radar,21,4,1,0,26,2,392,38,8,440,23,396,39,8,466,22,0,22,488
05/23/2008,JNU,AK,AAL,WE,Towers with Radar,22,4,0,0,26,2,415,65,1,483,24,419,65,1,509,33,0,33,542
05/24/2008,JNU,AK,AAL,WE,Towers with Radar,23,2,4,0,29,1,338,59,0,398,24,340,63,0,427,28,0,28,455
05/25/2008,JNU,AK,AAL,WE,Towers with Radar,23,2,2,0,27,0,349,62,0,411,23,351,64,0,438,14,0,14,452
05/26/2008,JNU,AK,AAL,WE,Towers with Radar,22,0,1,0,23,0,404,34,0,438,22,404,35,0,461,22,0,22,483
05/27/2008,JNU,AK,AAL,WE,Towers with Radar,25,2,3,0,30,3,416,31,4,454,28,418,34,4,484,0,12,12,496
05/28/2008,JNU,AK,AAL,WE,Towers with Radar,28,4,0,0,32,0,427,37,4,468,28,431,37,4,500,0,0,0,500
05/29/2008,JNU,AK,AAL,WE,Towers with Radar,26,5,1,1,33,0,462,40,3,505,26,467,41,4,538,0,2,2,540
05/30/2008,JNU,AK,AAL,WE,Towers with Radar,26,6,1,0,33,0,354,51,2,407,26,360,52,2,440,2,0,2,442
05/31/2008,JNU,AK,AAL,WE,Towers with Radar,23,1,2,0,26,0,311,51,1,363,23,312,53,1,389,22,2,24,413
06/01/2008,JNU,AK,AAL,WE,Towers with Radar,26,0,3,0,29,0,318,43,0,361,26,318,46,0,390,28,0,28,418
06/02/2008,JNU,AK,AAL,WE,Towers with Radar,23,2,3,0,28,2,390,31,1,424,25,392,34,1,452,4,0,4,456
06/03/2008,JNU,AK,AAL,WE,Towers with Radar,24,5,2,0,31,0,357,14,0,371,24,362,16,0,402,22,0,22,424
06/04/2008,JNU,AK,AAL,WE,Towers with Radar,28,7,5,1,41,0,361,11,1,373,28,368,16,2,414,6,0,6,420
06/05/2008,JNU,AK,AAL,WE,Towers with Radar,25,3,2,0,30,0,372,50,5,427,25,375,52,5,457,20,0,20,477
06/06/2008,JNU,AK,AAL,WE,Towers with Radar,23,2,0,0,25,0,350,48,1,399,23,352,48,1,424,34,0,34,458
06/07/2008,JNU,AK,AAL,WE,Towers with Radar,25,2,1,0,28,1,313,21,0,335,26,315,22,0,363,22,0,22,385
06/08/2008,JNU,AK,AAL,WE,Towers with Radar,29,0,0,0,29,1,424,47,0,472,30,424,47,0,501,0,0,0,501
06/09/2008,JNU,AK,AAL,WE,Towers with Radar,33,5,4,0,42,0,422,34,2,458,33,427,38,2,500,10,0,10,510
06/10/2008,JNU,AK,AAL,WE,Towers with Radar,31,6,2,0,39,1,451,46,4,502,32,457,48,4,541,6,0,6,547
06/11/2008,JNU,AK,AAL,WE,Towers with Radar,31,5,4,0,40,0,465,36,4,505,31,470,40,4,545,4,0,4,549
06/12/2008,JNU,AK,AAL,WE,Towers with Radar,31,3,0,0,34,0,514,53,6,573,31,517,53,6,607,36,0,36,643
06/13/2008,JNU,AK,AAL,WE,Towers with Radar,34,5,3,0,42,0,296,33,3,332,34,301,36,3,374,24,0,24,398
06/14/2008,JNU,AK,AAL,WE,Towers with Radar,35,5,1,0,41,0,258,38,1,297,35,263,39,1,338,8,0,8,346
06/15/2008,JNU,AK,AAL,WE,Towers with Radar,31,4,1,0,36,0,381,69,0,450,31,385,70,0,486,28,0,28,514
06/16/2008,JNU,AK,AAL,WE,Towers with Radar,30,5,1,0,36,0,484,39,2,525,30,489,40,2,561,10,0,10,571
06/17/2008,JNU,AK,AAL,WE,Towers with Radar,33,3,1,1,38,2,433,47,1,483,35,436,48,2,521,20,0,20,541
06/18/2008,JNU,AK,AAL,WE,Towers with Radar,34,4,2,0,40,0,318,27,3,348,34,322,29,3,388,30,0,30,418
06/19/2008,JNU,AK,AAL,WE,Towers with Radar,29,8,4,0,41,0,367,47,4,418,29,375,51,4,459,36,0,36,495
06/20/2008,JNU,AK,AAL,WE,Towers with Radar,28,3,1,1,33,2,410,86,1,499,30,413,87,2,532,18,0,18,550
06/21/2008,JNU,AK,AAL,WE,Towers with Radar,34,8,5,0,47,2,321,59,1,383,36,329,64,1,430,8,0,8,438
06/22/2008,JNU,AK,AAL,WE,Towers with Radar,30,3,1,1,35,2,351,51,0,404,32,354,52,1,439,44,1,45,484
06/23/2008,JNU,AK,AAL,WE,Towers with Radar,28,5,3,0,36,1,432,33,4,470,29,437,36,4,506,77,0,77,583
06/24/2008,JNU,AK,AAL,WE,Towers with Radar,27,4,3,0,34,3,436,16,1,456,30,440,19,1,490,18,0,18,508
06/25/2008,JNU,AK,AAL,WE,Towers with Radar,31,8,3,1,43,0,429,47,1,477,31,437,50,2,520,46,0,46,566
06/26/2008,JNU,AK,AAL,WE,Towers with Radar,33,6,4,2,45,0,482,25,4,511,33,488,29,6,556,6,0,6,562
06/27/2008,JNU,AK,AAL,WE,Towers with Radar,34,7,2,0,43,0,333,30,0,363,34,340,32,0,406,22,0,22,428
06/28/2008,JNU,AK,AAL,WE,Towers with Radar,28,3,3,1,35,0,310,45,2,357,28,313,48,3,392,34,0,34,426
06/29/2008,JNU,AK,AAL,WE,Towers with Radar,28,1,3,0,32,3,395,72,0,470,31,396,75,0,502,72,0,72,574
06/30/2008,JNU,AK,AAL,WE,Towers with Radar,33,3,2,2,40,4,465,52,3,524,37,468,54,5,564,70,2,72,636
07/01/2008,JNU,AK,AAL,WE,Towers with Radar,31,6,1,0,38,31,491,53,7,582,62,497,54,7,620,16,0,16,636
07/02/2008,JNU,AK,AAL,WE,Towers with Radar,35,8,3,0,46,0,477,50,5,532,35,485,53,5,578,2,0,2,580
07/03/2008,JNU,AK,AAL,WE,Towers with Radar,33,2,4,0,39,0,548,66,0,614,33,550,70,0,653,0,0,0,653
07/04/2008,JNU,AK,AAL,WE,Towers with Radar,34,214,75,2,325,33,5,0,0,38,67,219,75,2,363,0,0,0,363
07/05/2008,JNU,AK,AAL,WE,Towers with Radar,31,4,1,0,36,32,322,68,3,425,63,326,69,3,461,10,0,10,471
07/06/2008,JNU,AK,AAL,WE,Towers with Radar,34,5,4,0,43,34,306,40,0,380,68,311,44,0,423,4,0,4,427
07/07/2008,JNU,AK,AAL,WE,Towers with Radar,33,6,7,0,46,33,419,57,1,510,66,425,64,1,556,14,0,14,570
07/08/2008,JNU,AK,AAL,WE,Towers with Radar,31,7,7,0,45,32,423,32,2,489,63,430,39,2,534,44,0,44,578
07/09/2008,JNU,AK,AAL,WE,Towers with Radar,34,6,1,1,42,0,401,16,2,419,34,407,17,3,461,4,0,4,465
07/10/2008,JNU,AK,AAL,WE,Towers with Radar,29,4,5,0,38,0,337,27,3,367,29,341,32,3,405,4,28,32,437
07/11/2008,JNU,AK,AAL,WE,Towers with Radar,28,8,3,0,39,28,360,56,0,444,56,368,59,0,483,10,0,10,493
07/12/2008,JNU,AK,AAL,WE,Towers with Radar,35,8,4,0,47,35,296,35,2,368,70,304,39,2,415,8,0,8,423
07/13/2008,JNU,AK,AAL,WE,Towers with Radar,34,1,1,0,36,35,290,69,1,395,69,291,70,1,431,42,0,42,473
07/14/2008,JNU,AK,AAL,WE,Towers with Radar,30,5,7,0,42,29,460,58,6,553,59,465,65,6,595,0,0,0,595
07/15/2008,JNU,AK,AAL,WE,Towers with Radar,35,9,5,1,50,0,394,35,3,432,35,403,40,4,482,14,0,14,496
07/16/2008,JNU,AK,AAL,WE,Towers with Radar,32,5,6,0,43,0,470,52,4,526,32,475,58,4,569,30,0,30,599
07/17/2008,JNU,AK,AAL,WE,Towers with Radar,28,5,7,0,40,28,229,64,6,327,56,234,71,6,367,52,0,52,419
07/18/2008,JNU,AK,AAL,WE,Towers with Radar,34,10,11,1,56,34,265,23,4,326,68,275,34,5,382,0,0,0,382
07/19/2008,JNU,AK,AAL,WE,Towers with Radar,34,3,2,1,40,36,276,37,1,350,70,279,39,2,390,14,0,14,404
07/20/2008,JNU,AK,AAL,WE,Towers with Radar,33,9,2,0,44,33,242,28,1,304,66,251,30,1,348,8,0,8,356
07/21/2008,JNU,AK,AAL,WE,Towers with Radar,30,2,3,0,35,35,277,55,2,369,65,279,58,2,404,12,0,12,416
07/22/2008,JNU,AK,AAL,WE,Towers with Radar,37,8,3,0,48,38,386,47,0,471,75,394,50,0,519,26,0,26,545
07/23/2008,JNU,AK,AAL,WE,Towers with Radar,33,6,5,0,44,0,394,50,0,444,33,400,55,0,488,0,0,0,488
07/24/2008,JNU,AK,AAL,WE,Towers with Radar,37,4,3,2,46,0,428,43,3,474,37,432,46,5,520,2,0,2,522
07/25/2008,JNU,AK,AAL,WE,Towers with Radar,30,13,2,0,45,30,276,33,2,341,60,289,35,2,386,24,0,24,410
07/26/2008,JNU,AK,AAL,WE,Towers with Radar,33,1,4,0,38,35,372,34,1,442,68,373,38,1,480,20,0,20,500
07/27/2008,JNU,AK,AAL,WE,Towers with Radar,29,4,0,0,33,32,249,21,1,303,61,253,21,1,336,20,0,20,356
07/28/2008,JNU,AK,AAL,WE,Towers with Radar,29,3,2,4,38,30,361,40,4,435,59,364,42,8,473,0,0,0,473
07/29/2008,JNU,AK,AAL,WE,Towers with Radar,32,7,0,4,43,1,496,61,0,558,33,503,61,4,601,12,0,12,613
07/30/2008,JNU,AK,AAL,WE,Towers with Radar,32,4,2,0,38,1,452,42,0,495,33,456,44,0,533,12,0,12,545
07/31/2008,JNU,AK,AAL,WE,Towers with Radar,35,10,5,0,50,0,301,35,0,336,35,311,40,0,386,4,0,4,390
08/01/2008,JNU,AK,AAL,WE,Towers with Radar,37,4,3,0,44,37,306,68,0,411,74,310,71,0,455,10,0,10,465
08/02/2008,JNU,AK,AAL,WE,Towers with Radar,33,4,5,1,43,1,297,37,2,337,34,301,42,3,380,0,0,0,380
08/03/2008,JNU,AK,AAL,WE,Towers with Radar,29,14,1,0,44,30,248,25,0,303,59,262,26,0,347,16,0,16,363
08/04/2008,JNU,AK,AAL,WE,Towers with Radar,28,10,3,0,41,0,485,62,1,548,28,495,65,1,589,44,0,44,633
08/05/2008,JNU,AK,AAL,WE,Towers with Radar,33,6,2,0,41,33,450,51,4,538,66,456,53,4,579,12,0,12,591
08/06/2008,JNU,AK,AAL,WE,Towers with Radar,32,8,4,2,46,32,418,80,4,534,64,426,84,6,580,10,0,10,590
08/07/2008,JNU,AK,AAL,WE,Towers with Radar,32,12,3,0,47,0,345,44,3,392,32,357,47,3,439,0,0,0,439
08/08/2008,JNU,AK,AAL,WE,Towers with Radar,35,9,7,0,51,0,293,35,1,329,35,302,42,1,380,10,0,10,390
08/09/2008,JNU,AK,AAL,WE,Towers with Radar,38,22,4,0,64,0,187,17,1,205,38,209,21,1,269,0,0,0,269
08/10/2008,JNU,AK,AAL,WE,Towers with Radar,27,23,6,1,57,27,175,33,7,242,54,198,39,8,299,0,0,0,299
08/11/2008,JNU,AK,AAL,WE,Towers with Radar,27,1,1,2,31,27,325,33,13,398,54,326,34,15,429,0,0,0,429
08/12/2008,JNU,AK,AAL,WE,Towers with Radar,29,14,0,1,44,0,282,24,2,308,29,296,24,3,352,0,0,0,352
08/13/2008,JNU,AK,AAL,WE,Towers with Radar,35,9,3,0,47,0,376,14,2,392,35,385,17,2,439,0,0,0,439
08/14/2008,JNU,AK,AAL,WE,Towers with Radar,35,5,3,1,44,0,451,65,5,521,35,456,68,6,565,6,0,6,571
08/15/2008,JNU,AK,AAL,WE,Towers with Radar,27,5,0,2,34,4,301,58,6,369,31,306,58,8,403,10,0,10,413
08/16/2008,JNU,AK,AAL,WE,Towers with Radar,38,33,6,1,78,0,212,23,3,238,38,245,29,4,316,0,0,0,316
08/17/2008,JNU,AK,AAL,WE,Towers with Radar,23,2,6,0,31,23,150,23,0,196,46,152,29,0,227,14,0,14,241
08/18/2008,JNU,AK,AAL,WE,Towers with Radar,35,10,2,2,49,0,391,54,0,445,35,401,56,2,494,2,0,2,496
08/19/2008,JNU,AK,AAL,WE,Towers with Radar,31,7,7,0,45,33,411,55,1,500,64,418,62,1,545,6,0,6,551
08/20/2008,JNU,AK,AAL,WE,Towers with Radar,31,3,2,0,36,2,444,54,2,502,33,447,56,2,538,16,0,16,554
08/21/2008,JNU,AK,AAL,WE,Towers with Radar,33,11,13,0,57,0,266,17,2,285,33,277,30,2,342,0,0,0,342
08/22/2008,JNU,AK,AAL,WE,Towers with Radar,28,4,3,0,35,28,252,33,4,317,56,256,36,4,352,6,0,6,358
08/23/2008,JNU,AK,AAL,WE,Towers with Radar,36,5,3,1,45,0,215,23,0,238,36,220,26,1,283,32,0,32,315
08/24/2008,JNU,AK,AAL,WE,Towers with Radar,32,2,2,0,36,34,193,24,0,251,66,195,26,0,287,56,0,56,343
08/25/2008,JNU,AK,AAL,WE,Towers with Radar,28,4,2,1,35,28,245,29,3,305,56,249,31,4,340,10,0,10,350
08/26/2008,JNU,AK,AAL,WE,Towers with Radar,29,8,3,0,40,1,235,32,4,272,30,243,35,4,312,42,0,42,354
08/27/2008,JNU,AK,AAL,WE,Towers with Radar,31,28,1,1,61,0,228,67,1,296,31,256,68,2,357,49,0,49,406
08/28/2008,JNU,AK,AAL,WE,Towers with Radar,32,9,3,0,44,0,263,40,2,305,32,272,43,2,349,12,0,12,361
08/29/2008,JNU,AK,AAL,WE,Towers with Radar,31,3,3,0,37,0,248,37,4,289,31,251,40,4,326,14,0,14,340
08/30/2008,JNU,AK,AAL,WE,Towers with Radar,27,5,3,2,37,29,264,49,2,344,56,269,52,4,381,16,0,16,397
08/31/2008,JNU,AK,AAL,WE,Towers with Radar,29,5,5,0,39,29,221,31,0,281,58,226,36,0,320,28,0,28,348
09/01/2008,JNU,AK,AAL,WE,Towers with Radar,24,2,3,0,29,0,280,15,0,295,24,282,18,0,324,0,0,0,324
09/02/2008,JNU,AK,AAL,WE,Towers with Radar,27,9,3,0,39,0,336,26,1,363,27,345,29,1,402,18,8,26,428
09/03/2008,JNU,AK,AAL,WE,Towers with Radar,31,7,2,0,40,0,276,22,0,298,31,283,24,0,338,0,0,0,338
09/04/2008,JNU,AK,AAL,WE,Towers with Radar,31,204,8,3,246,32,8,2,1,43,63,212,10,4,289,9,0,9,298
09/05/2008,JNU,AK,AAL,WE,Towers with Radar,20,185,36,7,248,23,3,1,1,28,43,188,37,8,276,64,0,64,340
09/06/2008,JNU,AK,AAL,WE,Towers with Radar,26,209,47,0,282,26,3,1,0,30,52,212,48,0,312,40,0,40,352
09/07/2008,JNU,AK,AAL,WE,Towers with Radar,28,1,4,2,35,28,174,14,2,218,56,175,18,4,253,0,0,0,253
09/08/2008,JNU,AK,AAL,WE,Towers with Radar,26,5,3,0,34,26,193,36,1,256,52,198,39,1,290,6,0,6,296
09/09/2008,JNU,AK,AAL,WE,Towers with Radar,26,6,2,0,34,0,223,28,1,252,26,229,30,1,286,0,0,0,286
09/10/2008,JNU,AK,AAL,WE,Towers with Radar,24,8,0,0,32,0,105,5,2,112,24,113,5,2,144,16,0,16,160
09/11/2008,JNU,AK,AAL,WE,Towers with Radar,31,7,1,0,39,0,242,13,0,255,31,249,14,0,294,8,16,24,318
09/12/2008,JNU,AK,AAL,WE,Towers with Radar,26,4,3,0,33,0,209,26,0,235,26,213,29,0,268,38,0,38,306
09/13/2008,JNU,AK,AAL,WE,Towers with Radar,25,2,1,0,28,0,148,45,0,193,25,150,46,0,221,30,0,30,251
09/14/2008,JNU,AK,AAL,WE,Towers with Radar,26,0,1,0,27,0,123,17,0,140,26,123,18,0,167,12,0,12,179
09/15/2008,JNU,AK,AAL,WE,Towers with Radar,18,33,4,0,55,0,40,5,0,45,18,73,9,0,100,0,0,0,100
09/16/2008,JNU,AK,AAL,WE,Towers with Radar,23,11,2,0,36,0,76,8,2,86,23,87,10,2,122,0,0,0,122
09/17/2008,JNU,AK,AAL,WE,Towers with Radar,25,7,1,0,33,0,224,25,2,251,25,231,26,2,284,2,0,2,286
09/18/2008,JNU,AK,AAL,WE,Towers with Radar,28,10,1,0,39,0,257,42,2,301,28,267,43,2,340,0,0,0,340
09/19/2008,JNU,AK,AAL,WE,Towers with Radar,29,204,17,2,252,29,9,3,2,43,58,213,20,4,295,6,0,6,301
09/20/2008,JNU,AK,AAL,WE,Towers with Radar,24,161,31,0,216,22,5,0,0,27,46,166,31,0,243,36,0,36,279
09/21/2008,JNU,AK,AAL,WE,Towers with Radar,29,2,1,0,32,29,182,47,0,258,58,184,48,0,290,46,0,46,336
09/22/2008,JNU,AK,AAL,WE,Towers with Radar,25,5,1,0,31,25,205,21,2,253,50,210,22,2,284,16,0,16,300
09/23/2008,JNU,AK,AAL,WE,Towers with Radar,23,9,3,1,36,0,105,16,2,123,23,114,19,3,159,0,0,0,159
09/24/2008,JNU,AK,AAL,WE,Towers with Radar,27,2,0,2,31,0,196,51,3,250,27,198,51,5,281,4,0,4,285
09/25/2008,JNU,AK,AAL,WE,Towers with Radar,25,34,7,0,66,0,126,33,6,165,25,160,40,6,231,0,0,0,231
09/26/2008,JNU,AK,AAL,WE,Towers with Radar,25,3,1,2,31,0,174,38,2,214,25,177,39,4,245,10,0,10,255
09/27/2008,JNU,AK,AAL,WE,Towers with Radar,25,4,0,0,29,0,140,13,6,159,25,144,13,6,188,6,4,10,198
09/28/2008,JNU,AK,AAL,WE,Towers with Radar,25,0,1,0,26,0,83,9,0,92,25,83,10,0,118,4,0,4,122
09/29/2008,JNU,AK,AAL,WE,Towers with Radar,25,22,5,0,52,0,13,1,0,14,25,35,6,0,66,0,0,0,66
09/30/2008,JNU,AK,AAL,WE,Towers with Radar,21,4,3,0,28,0,124,31,8,163,21,128,34,8,191,0,0,0,191
10/01/2008,JNU,AK,AAL,WE,Towers with Radar,15,2,1,0,18,17,77,27,4,125,32,79,28,4,143,14,0,14,157
10/02/2008,JNU,AK,AAL,WE,Towers with Radar,17,10,2,0,29,17,91,7,0,115,34,101,9,0,144,0,0,0,144
10/03/2008,JNU,AK,AAL,WE,Towers with Radar,17,1,0,1,19,0,126,27,3,156,17,127,27,4,175,24,52,76,251
10/04/2008,JNU,AK,AAL,WE,Towers with Radar,15,6,0,0,21,0,64,32,0,96,15,70,32,0,117,96,0,96,213
10/05/2008,JNU,AK,AAL,WE,Towers with Radar,18,1,0,1,20,0,78,36,0,114,18,79,36,1,134,18,0,18,152
10/06/2008,JNU,AK,AAL,WE,Towers with Radar,14,4,0,0,18,15,132,39,4,190,29,136,39,4,208,0,0,0,208
10/07/2008,JNU,AK,AAL,WE,Towers with Radar,15,2,3,0,20,0,107,17,6,130,15,109,20,6,150,8,0,8,158
10/08/2008,JNU,AK,AAL,WE,Towers with Radar,16,1,1,0,18,0,92,11,1,104,16,93,12,1,122,20,0,20,142
10/09/2008,JNU,AK,AAL,WE,Towers with Radar,16,1,0,0,17,1,99,19,0,119,17,100,19,0,136,4,0,4,140
10/10/2008,JNU,AK,AAL,WE,Towers with Radar,17,1,0,0,18,0,74,5,1,80,17,75,5,1,98,0,2,2,100
10/11/2008,JNU,AK,AAL,WE,Towers with Radar,16,1,0,0,17,0,63,15,0,78,16,64,15,0,95,12,0,12,107
10/12/2008,JNU,AK,AAL,WE,Towers with Radar,16,0,0,0,16,17,60,12,0,89,33,60,12,0,105,0,0,0,105
10/13/2008,JNU,AK,AAL,WE,Towers with Radar,16,2,0,0,18,0,94,21,0,115,16,96,21,0,133,0,0,0,133
10/14/2008,JNU,AK,AAL,WE,Towers with Radar,17,3,0,0,20,0,67,5,0,72,17,70,5,0,92,0,0,0,92
10/15/2008,JNU,AK,AAL,WE,Towers with Radar,14,2,2,0,18,3,74,5,0,82,17,76,7,0,100,3,0,3,103
10/16/2008,JNU,AK,AAL,WE,Towers with Radar,17,4,0,0,21,0,88,6,0,94,17,92,6,0,115,0,0,0,115
10/17/2008,JNU,AK,AAL,WE,Towers with Radar,16,4,1,0,21,0,83,18,2,103,16,87,19,2,124,4,0,4,128
10/18/2008,JNU,AK,AAL,WE,Towers with Radar,15,2,2,0,19,1,64,15,3,83,16,66,17,3,102,0,0,0,102
10/19/2008,JNU,AK,AAL,WE,Towers with Radar,14,1,0,0,15,14,67,7,0,88,28,68,7,0,103,0,0,0,103
10/20/2008,JNU,AK,AAL,WE,Towers with Radar,17,2,0,0,19,0,97,18,2,117,17,99,18,2,136,6,0,6,142
10/21/2008,JNU,AK,AAL,WE,Towers with Radar,15,3,4,0,22,0,88,2,0,90,15,91,6,0,112,0,0,0,112
10/22/2008,JNU,AK,AAL,WE,Towers with Radar,12,9,0,0,21,0,20,0,0,20,12,29,0,0,41,0,0,0,41
10/23/2008,JNU,AK,AAL,WE,Towers with Radar,14,20,0,0,34,0,25,0,0,25,14,45,0,0,59,0,0,0,59
10/24/2008,JNU,AK,AAL,WE,Towers with Radar,17,5,0,0,22,0,99,8,0,107,17,104,8,0,129,8,0,8,137
10/25/2008,JNU,AK,AAL,WE,Towers with Radar,15,4,0,0,19,0,66,31,0,97,15,70,31,0,116,42,0,42,158
10/26/2008,JNU,AK,AAL,WE,Towers with Radar,16,17,4,0,37,16,2,1,1,20,32,19,5,1,57,0,0,0,57
10/27/2008,JNU,AK,AAL,WE,Towers with Radar,14,0,0,0,14,0,88,15,0,103,14,88,15,0,117,36,0,36,153
10/28/2008,JNU,AK,AAL,WE,Towers with Radar,16,0,1,0,17,0,54,1,0,55,16,54,2,0,72,0,0,0,72
10/29/2008,JNU,AK,AAL,WE,Towers with Radar,17,0,2,0,19,0,90,10,0,100,17,90,12,0,119,8,0,8,127
10/30/2008,JNU,AK,AAL,WE,Towers with Radar,14,6,1,0,21,3,114,45,2,164,17,120,46,2,185,48,0,48,233
10/31/2008,JNU,AK,AAL,WE,Towers with Radar,16,3,0,3,22,0,100,10,0,110,16,103,10,3,132,12,0,12,144
11/01/2008,JNU,AK,AAL,WE,Towers with Radar,21,3,2,1,27,0,72,10,0,82,21,75,12,1,109,16,0,16,125
11/02/2008,JNU,AK,AAL,WE,Towers with Radar,16,8,4,0,28,0,44,7,1,52,16,52,11,1,80,16,0,16,96
11/03/2008,JNU,AK,AAL,WE,Towers with Radar,16,4,0,1,21,0,88,5,0,93,16,92,5,1,114,0,0,0,114
11/04/2008,JNU,AK,AAL,WE,Towers with Radar,18,2,2,0,22,0,115,11,0,126,18,117,13,0,148,14,0,14,162
11/05/2008,JNU,AK,AAL,WE,Towers with Radar,17,2,0,0,19,0,18,23,0,41,17,20,23,0,60,0,0,0,60
11/06/2008,JNU,AK,AAL,WE,Towers with Radar,15,2,2,0,19,0,67,1,0,68,15,69,3,0,87,0,0,0,87
11/07/2008,JNU,AK,AAL,WE,Towers with Radar,15,1,2,0,18,0,98,28,2,128,15,99,30,2,146,26,0,26,172
11/08/2008,JNU,AK,AAL,WE,Towers with Radar,16,0,0,0,16,0,87,42,0,129,16,87,42,0,145,30,2,32,177
11/09/2008,JNU,AK,AAL,WE,Towers with Radar,16,68,29,0,113,15,0,0,0,15,31,68,29,0,128,18,0,18,146
11/10/2008,JNU,AK,AAL,WE,Towers with Radar,14,1,1,0,16,0,81,9,0,90,14,82,10,0,106,0,0,0,106
11/11/2008,JNU,AK,AAL,WE,Towers with Radar,16,3,1,0,20,0,52,5,1,58,16,55,6,1,78,14,0,14,92
11/12/2008,JNU,AK,AAL,WE,Towers with Radar,16,2,1,0,19,0,91,6,0,97,16,93,7,0,116,0,0,0,116
11/13/2008,JNU,AK,AAL,WE,Towers with Radar,16,1,2,0,19,0,61,3,0,64,16,62,5,0,83,0,0,0,83
11/14/2008,JNU,AK,AAL,WE,Towers with Radar,9,1,0,2,12,0,56,4,0,60,9,57,4,2,72,6,0,6,78
11/15/2008,JNU,AK,AAL,WE,Towers with Radar,17,5,1,0,23,0,73,14,0,87,17,78,15,0,110,0,0,0,110
11/16/2008,JNU,AK,AAL,WE,Towers with Radar,16,2,0,2,20,17,50,19,0,86,33,52,19,2,106,18,0,18,124
11/17/2008,JNU,AK,AAL,WE,Towers with Radar,17,4,0,0,21,18,90,10,2,120,35,94,10,2,141,28,0,28,169
11/18/2008,JNU,AK,AAL,WE,Towers with Radar,16,4,1,1,22,0,71,8,3,82,16,75,9,4,104,36,6,42,146
11/19/2008,JNU,AK,AAL,WE,Towers with Radar,14,1,0,1,16,2,93,12,0,107,16,94,12,1,123,0,0,0,123
11/20/2008,JNU,AK,AAL,WE,Towers with Radar,13,6,0,0,19,0,39,0,2,41,13,45,0,2,60,0,0,0,60
11/21/2008,JNU,AK,AAL,WE,Towers with Radar,14,1,0,0,15,0,90,16,2,108,14,91,16,2,123,30,0,30,153
11/22/2008,JNU,AK,AAL,WE,Towers with Radar,15,1,0,0,16,0,46,2,0,48,15,47,2,0,64,0,0,0,64
11/23/2008,JNU,AK,AAL,WE,Towers with Radar,15,39,30,0,84,16,2,0,0,18,31,41,30,0,102,0,0,0,102
11/24/2008,JNU,AK,AAL,WE,Towers with Radar,16,74,8,1,99,16,3,1,0,20,32,77,9,1,119,0,14,14,133
11/25/2008,JNU,AK,AAL,WE,Towers with Radar,18,6,0,0,24,0,88,2,2,92,18,94,2,2,116,10,10,20,136
11/26/2008,JNU,AK,AAL,WE,Towers with Radar,14,3,1,0,18,0,71,4,0,75,14,74,5,0,93,6,0,6,99
11/27/2008,JNU,AK,AAL,WE,Towers with Radar,8,2,0,0,10,0,10,9,0,19,8,12,9,0,29,38,0,38,67
11/28/2008,JNU,AK,AAL,WE,Towers with Radar,12,6,0,0,18,0,70,1,0,71,12,76,1,0,89,0,0,0,89
11/29/2008,JNU,AK,AAL,WE,Towers with Radar,17,3,0,0,20,0,61,22,0,83,17,64,22,0,103,50,0,50,153
11/30/2008,JNU,AK,AAL,WE,Towers with Radar,17,46,6,0,69,17,15,1,0,33,34,61,7,0,102,0,0,0,102
12/01/2008,JNU,AK,AAL,WE,Towers with Radar,16,115,27,3,161,16,4,1,1,22,32,119,28,4,183,4,0,4,187
12/02/2008,JNU,AK,AAL,WE,Towers with Radar,16,1,0,0,17,1,93,17,0,111,17,94,17,0,128,2,0,2,130
12/03/2008,JNU,AK,AAL,WE,Towers with Radar,20,1,0,0,21,0,95,16,0,111,20,96,16,0,132,16,8,24,156
12/04/2008,JNU,AK,AAL,WE,Towers with Radar,21,5,0,0,26,0,35,5,0,40,21,40,5,0,66,2,0,2,68
12/05/2008,JNU,AK,AAL,WE,Towers with Radar,3,4,1,0,8,0,0,0,0,0,3,4,1,0,8,0,0,0,8
12/06/2008,JNU,AK,AAL,WE,Towers with Radar,17,2,0,0,19,0,65,5,0,70,17,67,5,0,89,0,0,0,89
12/07/2008,JNU,AK,AAL,WE,Towers with Radar,17,41,4,0,62,17,0,0,0,17,34,41,4,0,79,0,0,0,79
12/08/2008,JNU,AK,AAL,WE,Towers with Radar,16,60,4,3,83,16,8,0,0,24,32,68,4,3,107,6,0,6,113
12/09/2008,JNU,AK,AAL,WE,Towers with Radar,19,5,0,0,24,0,29,2,2,33,19,34,2,2,57,0,0,0,57
12/10/2008,JNU,AK,AAL,WE,Towers with Radar,15,2,1,2,20,0,83,4,4,91,15,85,5,6,111,0,0,0,111
12/11/2008,JNU,AK,AAL,WE,Towers with Radar,16,3,3,0,22,0,72,6,0,78,16,75,9,0,100,24,0,24,124
12/12/2008,JNU,AK,AAL,WE,Towers with Radar,18,2,2,0,22,0,71,19,0,90,18,73,21,0,112,18,0,18,130
12/13/2008,JNU,AK,AAL,WE,Towers with Radar,16,0,0,1,17,0,58,7,0,65,16,58,7,1,82,0,0,0,82
12/14/2008,JNU,AK,AAL,WE,Towers with Radar,16,45,18,1,80,16,2,0,1,19,32,47,18,2,99,26,0,26,125
12/15/2008,JNU,AK,AAL,WE,Towers with Radar,18,74,22,2,116,18,2,1,1,22,36,76,23,3,138,2,0,2,140
12/16/2008,JNU,AK,AAL,WE,Towers with Radar,14,2,0,0,16,0,0,0,0,0,14,2,0,0,16,56,0,56,72
12/17/2008,JNU,AK,AAL,WE,Towers with Radar,15,3,0,2,20,0,70,4,3,77,15,73,4,5,97,0,0,0,97
12/18/2008,JNU,AK,AAL,WE,Towers with Radar,13,3,1,0,17,0,70,14,3,87,13,73,15,3,104,0,20,20,124
12/19/2008,JNU,AK,AAL,WE,Towers with Radar,16,2,0,0,18,0,235,19,0,254,16,237,19,0,272,14,0,14,286
12/20/2008,JNU,AK,AAL,WE,Towers with Radar,18,1,2,0,21,0,70,14,0,84,18,71,16,0,105,12,0,12,117
12/21/2008,JNU,AK,AAL,WE,Towers with Radar,7,0,0,0,7,0,39,9,1,49,7,39,9,1,56,52,0,52,108
12/22/2008,JNU,AK,AAL,WE,Towers with Radar,16,72,15,0,103,16,3,0,0,19,32,75,15,0,122,0,0,0,122
12/23/2008,JNU,AK,AAL,WE,Towers with Radar,15,13,2,1,31,0,1,2,0,3,15,14,4,1,34,0,0,0,34
12/24/2008,JNU,AK,AAL,WE,Towers with Radar,14,6,1,0,21,0,66,7,0,73,14,72,8,0,94,38,0,38,132
12/25/2008,JNU,AK,AAL,WE,Towers with Radar,4,0,2,0,6,0,4,5,0,9,4,4,7,0,15,0,0,0,15
12/26/2008,JNU,AK,AAL,WE,Towers with Radar,11,3,0,0,14,0,1,0,0,1,11,4,0,0,15,0,0,0,15
12/27/2008,JNU,AK,AAL,WE,Towers with Radar,13,3,1,0,17,0,39,3,0,42,13,42,4,0,59,0,0,0,59
12/28/2008,JNU,AK,AAL,WE,Towers with Radar,12,42,12,0,66,0,0,0,0,0,12,42,12,0,66,24,0,24,90
12/29/2008,JNU,AK,AAL,WE,Towers with Radar,17,54,12,0,83,17,4,1,0,22,34,58,13,0,105,32,0,32,137
12/30/2008,JNU,AK,AAL,WE,Towers with Radar,16,6,0,0,22,0,63,6,0,69,16,69,6,0,91,12,4,16,107
12/31/2008,JNU,AK,AAL,WE,Towers with Radar,12,1,0,0,13,0,77,10,0,87,12,78,10,0,100,0,0,0,100
01/01/2009,JNU,AK,AAL,WE,Towers with Radar,12,0,0,0,12,0,7,6,0,13,12,7,6,0,25,0,0,0,25
01/02/2009,JNU,AK,AAL,WE,Towers with Radar,13,4,0,0,17,0,3,0,0,3,13,7,0,0,20,0,0,0,20
01/03/2009,JNU,AK,AAL,WE,Towers with Radar,10,12,0,0,22,0,2,2,0,4,10,14,2,0,26,0,0,0,26
01/04/2009,JNU,AK,AAL,WE,Towers with Radar,11,5,0,0,16,0,0,0,0,0,11,5,0,0,16,0,0,0,16
01/05/2009,JNU,AK,AAL,WE,Towers with Radar,8,11,0,0,19,0,13,0,2,15,8,24,0,2,34,0,0,0,34
01/06/2009,JNU,AK,AAL,WE,Towers with Radar,19,66,8,0,93,0,0,0,0,0,19,66,8,0,93,0,0,0,93
01/07/2009,JNU,AK,AAL,WE,Towers with Radar,13,2,0,1,16,0,45,7,1,53,13,47,7,2,69,0,10,10,79
01/08/2009,JNU,AK,AAL,WE,Towers with Radar,13,9,0,3,25,0,12,0,0,12,13,21,0,3,37,0,0,0,37
01/09/2009,JNU,AK,AAL,WE,Towers with Radar,12,2,0,0,14,0,0,0,0,0,12,2,0,0,14,0,0,0,14
01/10/2009,JNU,AK,AAL,WE,Towers with Radar,14,12,0,2,28,0,24,0,3,27,14,36,0,5,55,0,0,0,55
01/11/2009,JNU,AK,AAL,WE,Towers with Radar,18,0,0,0,18,0,34,1,2,37,18,34,1,2,55,4,0,4,59
01/12/2009,JNU,AK,AAL,WE,Towers with Radar,20,3,0,0,23,0,46,2,2,50,20,49,2,2,73,0,0,0,73
01/13/2009,JNU,AK,AAL,WE,Towers with Radar,17,57,2,0,76,17,4,0,0,21,34,61,2,0,97,0,0,0,97
01/14/2009,JNU,AK,AAL,WE,Towers with Radar,16,9,0,0,25,0,71,7,1,79,16,80,7,1,104,2,0,2,106
01/15/2009,JNU,AK,AAL,WE,Towers with Radar,16,3,0,0,19,0,58,4,2,64,16,61,4,2,83,2,0,2,85
01/16/2009,JNU,AK,AAL,WE,Towers with Radar,8,9,1,0,18,0,0,0,0,0,8,9,1,0,18,0,0,0,18
01/17/2009,JNU,AK,AAL,WE,Towers with Radar,17,2,0,0,19,0,62,11,0,73,17,64,11,0,92,6,0,6,98
01/18/2009,JNU,AK,AAL,WE,Towers with Radar,18,2,0,0,20,0,34,5,1,40,18,36,5,1,60,2,0,2,62
01/19/2009,JNU,AK,AAL,WE,Towers with Radar,19,63,5,0,87,18,0,0,0,18,37,63,5,0,105,12,0,12,117
01/20/2009,JNU,AK,AAL,WE,Towers with Radar,18,56,4,2,80,18,3,1,0,22,36,59,5,2,102,6,0,6,108
01/21/2009,JNU,AK,AAL,WE,Towers with Radar,13,6,0,0,19,0,53,9,0,62,13,59,9,0,81,0,0,0,81
01/22/2009,JNU,AK,AAL,WE,Towers with Radar,11,5,0,0,16,0,68,4,0,72,11,73,4,0,88,0,0,0,88
01/23/2009,JNU,AK,AAL,WE,Towers with Radar,16,7,1,0,24,0,73,9,6,88,16,80,10,6,112,0,0,0,112
01/24/2009,JNU,AK,AAL,WE,Towers with Radar,16,6,0,0,22,0,72,18,4,94,16,78,18,4,116,20,0,20,136
01/25/2009,JNU,AK,AAL,WE,Towers with Radar,13,0,0,0,13,0,34,23,0,57,13,34,23,0,70,42,0,42,112
01/26/2009,JNU,AK,AAL,WE,Towers with Radar,5,6,1,0,12,5,4,1,0,10,10,10,2,0,22,0,0,0,22
01/27/2009,JNU,AK,AAL,WE,Towers with Radar,16,74,8,3,101,16,2,2,0,20,32,76,10,3,121,0,0,0,121
01/28/2009,JNU,AK,AAL,WE,Towers with Radar,15,10,2,3,30,0,19,1,0,20,15,29,3,3,50,0,0,0,50
01/29/2009,JNU,AK,AAL,WE,Towers with Radar,16,6,1,0,23,0,41,2,2,45,16,47,3,2,68,14,0,14,82
01/30/2009,JNU,AK,AAL,WE,Towers with Radar,11,6,0,3,20,0,11,0,0,11,11,17,0,3,31,0,0,0,31
01/31/2009,JNU,AK,AAL,WE,Towers with Radar,14,2,0,0,16,0,53,6,0,59,14,55,6,0,75,10,0,10,85
02/01/2009,JNU,AK,AAL,WE,Towers with Radar,14,0,0,0,14,0,36,1,1,38,14,36,1,1,52,0,0,0,52
02/02/2009,JNU,AK,AAL,WE,Towers with Radar,19,1,0,1,21,0,92,5,2,99,19,93,5,3,120,4,0,4,124
02/03/2009,JNU,AK,AAL,WE,Towers with Radar,14,43,0,0,57,14,5,0,0,19,28,48,0,0,76,0,0,0,76
02/04/2009,JNU,AK,AAL,WE,Towers with Radar,14,7,0,2,23,0,39,1,0,40,14,46,1,2,63,0,0,0,63
02/05/2009,JNU,AK,AAL,WE,Towers with Radar,18,1,0,0,19,0,95,11,1,107,18,96,11,1,126,10,0,10,136
02/06/2009,JNU,AK,AAL,WE,Towers with Radar,15,27,0,2,44,15,2,0,2,19,30,29,0,4,63,0,0,0,63
02/07/2009,JNU,AK,AAL,WE,Towers with Radar,16,6,0,0,22,0,26,1,0,27,16,32,1,0,49,0,0,0,49
02/08/2009,JNU,AK,AAL,WE,Towers with Radar,15,4,1,0,20,0,36,3,0,39,15,40,4,0,59,0,0,0,59
02/09/2009,JNU,AK,AAL,WE,Towers with Radar,15,8,2,1,26,0,22,1,2,25,15,30,3,3,51,0,0,0,51
02/10/2009,JNU,AK,AAL,WE,Towers with Radar,13,5,3,0,21,14,55,5,0,74,27,60,8,0,95,4,0,4,99
02/11/2009,JNU,AK,AAL,WE,Towers with Radar,18,4,0,2,24,0,104,10,2,116,18,108,10,4,140,12,0,12,152
02/12/2009,JNU,AK,AAL,WE,Towers with Radar,17,2,0,0,19,0,157,19,3,179,17,159,19,3,198,12,0,12,210
02/13/2009,JNU,AK,AAL,WE,Towers with Radar,15,1,0,0,16,0,85,23,2,110,15,86,23,2,126,26,0,26,152
02/14/2009,JNU,AK,AAL,WE,Towers with Radar,17,2,0,0,19,0,59,30,0,89,17,61,30,0,108,44,0,44,152
02/15/2009,JNU,AK,AAL,WE,Towers with Radar,17,0,0,0,17,0,22,9,0,31,17,22,9,0,48,8,0,8,56
02/16/2009,JNU,AK,AAL,WE,Towers with Radar,20,85,9,1,115,20,3,0,0,23,40,88,9,1,138,24,0,24,162
02/17/2009,JNU,AK,AAL,WE,Towers with Radar,18,96,18,0,132,18,3,0,0,21,36,99,18,0,153,6,0,6,159
02/18/2009,JNU,AK,AAL,WE,Towers with Radar,17,5,3,0,25,0,56,16,2,74,17,61,19,2,99,10,0,10,109
02/19/2009,JNU,AK,AAL,WE,Towers with Radar,21,4,1,1,27,0,89,27,2,118,21,93,28,3,145,6,2,8,153
02/20/2009,JNU,AK,AAL,WE,Towers with Radar,16,2,1,0,19,0,57,17,4,78,16,59,18,4,97,26,0,26,123
02/21/2009,JNU,AK,AAL,WE,Towers with Radar,16,2,1,0,19,0,47,15,0,62,16,49,16,0,81,54,0,54,135
02/22/2009,JNU,AK,AAL,WE,Towers with Radar,14,2,0,0,16,0,42,8,2,52,14,44,8,2,68,2,0,2,70
02/23/2009,JNU,AK,AAL,WE,Towers with Radar,18,85,13,2,118,18,2,0,0,20,36,87,13,2,138,24,0,24,162
02/24/2009,JNU,AK,AAL,WE,Towers with Radar,18,72,7,0,97,18,1,1,0,20,36,73,8,0,117,14,0,14,131
02/25/2009,JNU,AK,AAL,WE,Towers with Radar,16,2,0,0,18,0,85,16,4,105,16,87,16,4,123,0,0,0,123
02/26/2009,JNU,AK,AAL,WE,Towers with Radar,19,4,2,0,25,0,26,3,0,29,19,30,5,0,54,0,0,0,54
02/27/2009,JNU,AK,AAL,WE,Towers with Radar,13,1,2,0,16,0,87,10,1,98,13,88,12,1,114,26,0,26,140
02/28/2009,JNU,AK,AAL,WE,Towers with Radar,18,0,0,0,18,0,72,16,0,88,18,72,16,0,106,4,0,4,110
03/01/2009,JNU,AK,AAL,WE,Towers with Radar,19,1,0,0,20,0,51,25,2,78,19,52,25,2,98,24,0,24,122
03/02/2009,JNU,AK,AAL,WE,Towers with Radar,16,21,0,3,40,16,11,0,1,28,32,32,0,4,68,0,0,0,68
03/03/2009,JNU,AK,AAL,WE,Towers with Radar,22,90,16,0,128,16,3,1,0,20,38,93,17,0,148,22,0,22,170
03/04/2009,JNU,AK,AAL,WE,Towers with Radar,16,2,0,2,20,0,71,30,0,101,16,73,30,2,121,12,0,12,133
03/05/2009,JNU,AK,AAL,WE,Towers with Radar,15,3,4,0,22,0,60,11,1,72,15,63,15,1,94,6,0,6,100
03/06/2009,JNU,AK,AAL,WE,Towers with Radar,18,2,3,0,23,0,17,0,0,17,18,19,3,0,40,0,0,0,40
03/07/2009,JNU,AK,AAL,WE,Towers with Radar,16,6,0,0,22,0,99,13,0,112,16,105,13,0,134,40,0,40,174
03/08/2009,JNU,AK,AAL,WE,Towers with Radar,19,0,0,0,19,0,44,8,0,52,19,44,8,0,71,0,0,0,71
03/09/2009,JNU,AK,AAL,WE,Towers with Radar,14,72,14,0,100,14,4,0,0,18,28,76,14,0,118,16,0,16,134
03/10/2009,JNU,AK,AAL,WE,Towers with Radar,17,7,2,0,26,17,19,2,0,38,34,26,4,0,64,0,0,0,64
03/11/2009,JNU,AK,AAL,WE,Towers with Radar,17,8,5,0,30,0,37,2,0,39,17,45,7,0,69,2,0,2,71
03/12/2009,JNU,AK,AAL,WE,Towers with Radar,16,2,0,0,18,0,13,0,0,13,16,15,0,0,31,0,0,0,31
03/13/2009,JNU,AK,AAL,WE,Towers with Radar,17,1,0,0,18,0,77,11,0,88,17,78,11,0,106,6,0,6,112
03/14/2009,JNU,AK,AAL,WE,Towers with Radar,16,3,0,0,19,0,66,22,0,88,16,69,22,0,107,36,0,36,143
03/15/2009,JNU,AK,AAL,WE,Towers with Radar,17,0,0,0,17,0,56,19,0,75,17,56,19,0,92,12,8,20,112
03/16/2009,JNU,AK,AAL,WE,Towers with Radar,14,4,0,0,18,0,83,4,2,89,14,87,4,2,107,6,0,6,113
03/17/2009,JNU,AK,AAL,WE,Towers with Radar,15,0,1,0,16,15,82,7,1,105,30,82,8,1,121,0,0,0,121
03/18/2009,JNU,AK,AAL,WE,Towers with Radar,16,5,1,0,22,0,57,5,3,65,16,62,6,3,87,0,0,0,87
03/19/2009,JNU,AK,AAL,WE,Towers with Radar,15,5,0,0,20,0,99,13,1,113,15,104,13,1,133,12,0,12,145
03/20/2009,JNU,AK,AAL,WE,Towers with Radar,12,4,0,2,18,0,84,12,1,97,12,88,12,3,115,0,0,0,115
03/21/2009,JNU,AK,AAL,WE,Towers with Radar,13,0,0,0,13,0,102,27,2,131,13,102,27,2,144,44,0,44,188
03/22/2009,JNU,AK,AAL,WE,Towers with Radar,16,47,17,0,80,14,3,2,0,19,30,50,19,0,99,18,6,24,123
03/23/2009,JNU,AK,AAL,WE,Towers with Radar,16,2,0,0,18,16,56,2,0,74,32,58,2,0,92,10,0,10,102
03/24/2009,JNU,AK,AAL,WE,Towers with Radar,17,5,2,1,25,17,57,12,1,87,34,62,14,2,112,12,0,12,124
03/25/2009,JNU,AK,AAL,WE,Towers with Radar,15,1,0,1,17,15,100,17,2,134,30,101,17,3,151,34,0,34,185
03/26/2009,JNU,AK,AAL,WE,Towers with Radar,15,4,0,0,19,0,54,0,0,54,15,58,0,0,73,0,0,0,73
03/27/2009,JNU,AK,AAL,WE,Towers with Radar,12,5,0,0,17,0,83,5,0,88,12,88,5,0,105,0,0,0,105
03/28/2009,JNU,AK,AAL,WE,Towers with Radar,17,2,0,1,20,0,68,13,2,83,17,70,13,3,103,10,0,10,113
03/29/2009,JNU,AK,AAL,WE,Towers with Radar,11,5,0,1,17,0,12,3,0,15,11,17,3,1,32,0,0,0,32
03/30/2009,JNU,AK,AAL,WE,Towers with Radar,12,5,2,0,19,12,91,11,2,116,24,96,13,2,135,24,0,24,159
03/31/2009,JNU,AK,AAL,WE,Towers with Radar,11,10,2,0,23,13,100,11,0,124,24,110,13,0,147,22,0,22,169
04/01/2009,JNU,AK,AAL,WE,Towers with Radar,20,5,0,0,25,0,91,16,2,109,20,96,16,2,134,41,0,41,175
04/02/2009,JNU,AK,AAL,WE,Towers with Radar,21,2,0,3,26,0,95,21,0,116,21,97,21,3,142,16,0,16,158
04/03/2009,JNU,AK,AAL,WE,Towers with Radar,23,6,0,2,31,0,98,30,0,128,23,104,30,2,159,46,0,46,205
04/04/2009,JNU,AK,AAL,WE,Towers with Radar,20,6,1,0,27,0,8,0,2,10,20,14,1,2,37,2,0,2,39
04/05/2009,JNU,AK,AAL,WE,Towers with Radar,24,3,0,0,27,0,47,5,0,52,24,50,5,0,79,0,0,0,79
04/06/2009,JNU,AK,AAL,WE,Towers with Radar,20,6,0,0,26,0,76,9,0,85,20,82,9,0,111,8,0,8,119
04/07/2009,JNU,AK,AAL,WE,Towers with Radar,23,13,4,0,40,0,50,1,0,51,23,63,5,0,91,0,0,0,91
04/08/2009,JNU,AK,AAL,WE,Towers with Radar,20,6,0,0,26,0,86,7,2,95,20,92,7,2,121,0,0,0,121
04/09/2009,JNU,AK,AAL,WE,Towers with Radar,25,3,0,0,28,0,105,18,6,129,25,108,18,6,157,40,0,40,197
04/10/2009,JNU,AK,AAL,WE,Towers with Radar,24,2,0,0,26,0,98,11,1,110,24,100,11,1,136,0,0,0,136
04/11/2009,JNU,AK,AAL,WE,Towers with Radar,20,4,1,0,25,0,87,17,0,104,20,91,18,0,129,22,0,22,151
04/12/2009,JNU,AK,AAL,WE,Towers with Radar,22,0,0,0,22,0,38,43,3,84,22,38,43,3,106,32,0,32,138
04/13/2009,JNU,AK,AAL,WE,Towers with Radar,20,2,1,0,23,0,119,38,0,157,20,121,39,0,180,40,0,40,220
04/14/2009,JNU,AK,AAL,WE,Towers with Radar,22,5,1,1,29,0,110,30,1,141,22,115,31,2,170,8,0,8,178
04/15/2009,JNU,AK,AAL,WE,Towers with Radar,23,4,3,0,30,0,117,19,4,140,23,121,22,4,170,20,0,20,190
04/16/2009,JNU,AK,AAL,WE,Towers with Radar,21,4,0,0,25,0,104,16,0,120,21,108,16,0,145,6,0,6,151
04/17/2009,JNU,AK,AAL,WE,Towers with Radar,25,6,0,0,31,0,101,11,2,114,25,107,11,2,145,0,0,0,145
04/18/2009,JNU,AK,AAL,WE,Towers with Radar,20,3,0,0,23,0,89,10,2,101,20,92,10,2,124,6,0,6,130
04/19/2009,JNU,AK,AAL,WE,Towers with Radar,21,0,0,0,21,0,77,39,2,118,21,77,39,2,139,58,0,58,197
04/20/2009,JNU,AK,AAL,WE,Towers with Radar,21,5,0,0,26,0,128,31,3,162,21,133,31,3,188,48,0,48,236
04/21/2009,JNU,AK,AAL,WE,Towers with Radar,21,6,0,0,27,0,98,7,2,107,21,104,7,2,134,24,0,24,158
04/22/2009,JNU,AK,AAL,WE,Towers with Radar,22,2,1,0,25,0,155,26,0,181,22,157,27,0,206,42,0,42,248
04/23/2009,JNU,AK,AAL,WE,Towers with Radar,23,3,1,0,27,0,147,42,2,191,23,150,43,2,218,42,0,42,260
04/24/2009,JNU,AK,AAL,WE,Towers with Radar,23,2,0,0,25,0,127,28,0,155,23,129,28,0,180,44,0,44,224
04/25/2009,JNU,AK,AAL,WE,Towers with Radar,19,1,0,0,20,0,100,32,2,134,19,101,32,2,154,66,0,66,220
04/26/2009,JNU,AK,AAL,WE,Towers with Radar,22,2,1,0,25,0,125,45,0,170,22,127,46,0,195,54,0,54,249
04/27/2009,JNU,AK,AAL,WE,Towers with Radar,19,3,2,0,24,0,154,41,0,195,19,157,43,0,219,32,0,32,251
04/28/2009,JNU,AK,AAL,WE,Towers with Radar,21,4,1,2,28,0,151,36,0,187,21,155,37,2,215,26,0,26,241
04/29/2009,JNU,AK,AAL,WE,Towers with Radar,27,4,1,1,33,0,181,42,3,226,27,185,43,4,259,64,0,64,323
04/30/2009,JNU,AK,AAL,WE,Towers with Radar,22,3,2,1,28,0,166,36,0,202,22,169,38,1,230,68,0,68,298
05/01/2009,JNU,AK,AAL,WE,Towers with Radar,22,6,0,0,28,0,153,44,2,199,22,159,44,2,227,30,0,30,257
05/02/2009,JNU,AK,AAL,WE,Towers with Radar,24,0,1,0,25,0,147,45,0,192,24,147,46,0,217,46,0,46,263
05/03/2009,JNU,AK,AAL,WE,Towers with Radar,28,0,0,2,30,0,110,31,2,143,28,110,31,4,173,36,0,36,209
05/04/2009,JNU,AK,AAL,WE,Towers with Radar,25,5,2,1,33,0,155,37,0,192,25,160,39,1,225,100,0,100,325
05/05/2009,JNU,AK,AAL,WE,Towers with Radar,26,2,1,0,29,0,221,54,3,278,26,223,55,3,307,52,0,52,359
05/06/2009,JNU,AK,AAL,WE,Towers with Radar,27,5,2,0,34,0,134,7,0,141,27,139,9,0,175,2,0,2,177
05/07/2009,JNU,AK,AAL,WE,Towers with Radar,25,2,3,0,30,0,136,28,4,168,25,138,31,4,198,18,0,18,216
05/08/2009,JNU,AK,AAL,WE,Towers with Radar,26,9,3,0,38,0,221,33,0,254,26,230,36,0,292,0,0,0,292
05/09/2009,JNU,AK,AAL,WE,Towers with Radar,21,130,33,0,184,20,3,0,0,23,41,133,33,0,207,18,0,18,225
05/10/2009,JNU,AK,AAL,WE,Towers with Radar,27,3,0,1,31,0,226,52,1,279,27,229,52,2,310,16,2,18,328
05/11/2009,JNU,AK,AAL,WE,Towers with Radar,22,3,1,0,26,0,248,30,0,278,22,251,31,0,304,26,0,26,330
05/12/2009,JNU,AK,AAL,WE,Towers with Radar,25,8,0,0,33,0,221,25,2,248,25,229,25,2,281,24,0,24,305
05/13/2009,JNU,AK,AAL,WE,Towers with Radar,26,2,0,0,28,0,242,17,0,259,26,244,17,0,287,8,0,8,295
05/14/2009,JNU,AK,AAL,WE,Towers with Radar,27,7,3,0,37,0,224,32,0,256,27,231,35,0,293,6,0,6,299
05/15/2009,JNU,AK,AAL,WE,Towers with Radar,23,4,0,0,27,0,184,29,1,214,23,188,29,1,241,0,0,0,241
05/16/2009,JNU,AK,AAL,WE,Towers with Radar,24,4,0,1,29,0,219,25,0,244,24,223,25,1,273,0,0,0,273
05/17/2009,JNU,AK,AAL,WE,Towers with Radar,31,3,2,0,36,0,173,26,0,199,31,176,28,0,235,0,0,0,235
05/18/2009,JNU,AK,AAL,WE,Towers with Radar,23,2,0,1,26,0,301,25,5,331,23,303,25,6,357,6,0,6,363
05/19/2009,JNU,AK,AAL,WE,Towers with Radar,27,1,0,0,28,0,299,51,1,351,27,300,51,1,379,0,0,0,379
05/20/2009,JNU,AK,AAL,WE,Towers with Radar,28,3,2,0,33,0,297,20,0,317,28,300,22,0,350,50,0,50,400
05/21/2009,JNU,AK,AAL,WE,Towers with Radar,26,4,2,3,35,0,275,78,1,354,26,279,80,4,389,18,6,24,413
05/22/2009,JNU,AK,AAL,WE,Towers with Radar,26,5,0,0,31,0,272,52,0,324,26,277,52,0,355,52,0,52,407
05/23/2009,JNU,AK,AAL,WE,Towers with Radar,28,0,0,0,28,0,211,55,0,266,28,211,55,0,294,50,0,50,344
05/24/2009,JNU,AK,AAL,WE,Towers with Radar,27,0,0,0,27,0,211,48,0,259,27,211,48,0,286,44,0,44,330
05/25/2009,JNU,AK,AAL,WE,Towers with Radar,22,6,3,0,31,3,277,48,0,328,25,283,51,0,359,12,0,12,371
05/26/2009,JNU,AK,AAL,WE,Towers with Radar,23,5,2,0,30,0,298,34,2,334,23,303,36,2,364,24,0,24,388
05/27/2009,JNU,AK,AAL,WE,Towers with Radar,27,9,4,0,40,0,267,28,0,295,27,276,32,0,335,14,0,14,349
05/28/2009,JNU,AK,AAL,WE,Towers with Radar,28,7,0,0,35,0,374,31,0,405,28,381,31,0,440,30,0,30,470
05/29/2009,JNU,AK,AAL,WE,Towers with Radar,24,11,1,0,36,0,184,16,0,200,24,195,17,0,236,0,0,0,236
05/30/2009,JNU,AK,AAL,WE,Towers with Radar,26,3,1,0,30,0,229,36,0,265,26,232,37,0,295,6,0,6,301
05/31/2009,JNU,AK,AAL,WE,Towers with Radar,29,2,0,0,31,0,252,55,0,307,29,254,55,0,338,14,0,14,352
06/01/2009,JNU,AK,AAL,WE,Towers with Radar,23,3,1,0,27,0,395,56,0,451,23,398,57,0,478,0,6,6,484
06/02/2009,JNU,AK,AAL,WE,Towers with Radar,28,1,3,0,32,1,357,52,0,410,29,358,55,0,442,4,0,4,446
06/03/2009,JNU,AK,AAL,WE,Towers with Radar,27,5,2,0,34,0,381,51,0,432,27,386,53,0,466,10,0,10,476
06/04/2009,JNU,AK,AAL,WE,Towers with Radar,28,4,1,0,33,0,362,43,0,405,28,366,44,0,438,16,0,16,454
06/05/2009,JNU,AK,AAL,WE,Towers with Radar,27,2,0,0,29,0,275,63,2,340,27,277,63,2,369,0,0,0,369
06/06/2009,JNU,AK,AAL,WE,Towers with Radar,27,2,4,0,33,0,296,63,0,359,27,298,67,0,392,6,0,6,398
06/07/2009,JNU,AK,AAL,WE,Towers with Radar,30,1,1,0,32,0,294,87,3,384,30,295,88,3,416,4,0,4,420
06/08/2009,JNU,AK,AAL,WE,Towers with Radar,27,4,6,0,37,0,324,29,5,358,27,328,35,5,395,6,0,6,401
06/09/2009,JNU,AK,AAL,WE,Towers with Radar,29,9,4,0,42,0,312,22,5,339,29,321,26,5,381,4,0,4,385
06/10/2009,JNU,AK,AAL,WE,Towers with Radar,31,3,5,3,42,0,432,27,2,461,31,435,32,5,503,8,4,12,515
06/11/2009,JNU,AK,AAL,WE,Towers with Radar,30,5,4,0,39,0,444,62,0,506,30,449,66,0,545,0,0,0,545
06/12/2009,JNU,AK,AAL,WE,Towers with Radar,29,6,3,0,38,0,266,44,0,310,29,272,47,0,348,0,0,0,348
06/13/2009,JNU,AK,AAL,WE,Towers with Radar,30,4,2,0,36,0,292,36,0,328,30,296,38,0,364,20,0,20,384
06/14/2009,JNU,AK,AAL,WE,Towers with Radar,33,3,1,0,37,0,265,62,0,327,33,268,63,0,364,18,0,18,382
06/15/2009,JNU,AK,AAL,WE,Towers with Radar,31,5,3,3,42,2,355,41,2,400,33,360,44,5,442,4,10,14,456
06/16/2009,JNU,AK,AAL,WE,Towers with Radar,32,5,0,0,37,0,400,45,2,447,32,405,45,2,484,28,0,28,512
06/17/2009,JNU,AK,AAL,WE,Towers with Radar,34,3,0,0,37,0,527,43,0,570,34,530,43,0,607,0,0,0,607
06/18/2009,JNU,AK,AAL,WE,Towers with Radar,32,7,1,0,40,0,378,77,0,455,32,385,78,0,495,16,0,16,511
06/19/2009,JNU,AK,AAL,WE,Towers with Radar,34,2,3,0,39,0,298,69,4,371,34,300,72,4,410,34,0,34,444
06/20/2009,JNU,AK,AAL,WE,Towers with Radar,38,2,7,0,47,0,315,79,0,394,38,317,86,0,441,8,0,8,449
06/21/2009,JNU,AK,AAL,WE,Towers with Radar,35,2,1,0,38,0,329,94,0,423,35,331,95,0,461,0,0,0,461
06/22/2009,JNU,AK,AAL,WE,Towers with Radar,33,13,0,0,46,0,335,46,2,383,33,348,46,2,429,2,0,2,431
06/23/2009,JNU,AK,AAL,WE,Towers with Radar,31,18,1,0,50,6,323,69,5,403,37,341,70,5,453,4,0,4,457
06/24/2009,JNU,AK,AAL,WE,Towers with Radar,29,2,1,1,33,5,438,80,0,523,34,440,81,1,556,22,0,22,578
06/25/2009,JNU,AK,AAL,WE,Towers with Radar,37,3,3,0,43,0,371,96,1,468,37,374,99,1,511,16,0,16,527
06/26/2009,JNU,AK,AAL,WE,Towers with Radar,36,3,7,1,47,0,270,23,2,295,36,273,30,3,342,0,6,6,348
06/27/2009,JNU,AK,AAL,WE,Towers with Radar,36,5,2,2,45,0,365,42,1,408,36,370,44,3,453,6,0,6,459
06/28/2009,JNU,AK,AAL,WE,Towers with Radar,32,2,3,1,38,1,293,53,2,349,33,295,56,3,387,6,0,6,393
06/29/2009,JNU,AK,AAL,WE,Towers with Radar,29,7,1,0,37,2,333,26,0,361,31,340,27,0,398,22,0,22,420
06/30/2009,JNU,AK,AAL,WE,Towers with Radar,30,8,0,0,38,6,351,42,2,401,36,359,42,2,439,32,0,32,471
07/01/2009,JNU,AK,AAL,WE,Towers with Radar,32,22,1,1,56,5,339,34,0,378,37,361,35,1,434,38,0,38,472
07/02/2009,JNU,AK,AAL,WE,Towers with Radar,35,4,1,2,42,0,420,72,4,496,35,424,73,6,538,4,0,4,542
07/03/2009,JNU,AK,AAL,WE,Towers with Radar,33,5,2,0,40,0,294,68,2,364,33,299,70,2,404,16,0,16,420
07/04/2009,JNU,AK,AAL,WE,Towers with Radar,37,2,4,0,43,0,135,44,0,179,37,137,48,0,222,46,0,46,268
07/05/2009,JNU,AK,AAL,WE,Towers with Radar,31,1,0,0,32,0,342,92,0,434,31,343,92,0,466,12,0,12,478
07/06/2009,JNU,AK,AAL,WE,Towers with Radar,32,1,4,0,37,3,524,51,0,578,35,525,55,0,615,18,0,18,633
07/07/2009,JNU,AK,AAL,WE,Towers with Radar,33,2,3,2,40,6,526,53,4,589,39,528,56,6,629,4,0,4,633
07/08/2009,JNU,AK,AAL,WE,Towers with Radar,32,2,0,0,34,3,472,42,3,520,35,474,42,3,554,36,0,36,590
07/09/2009,JNU,AK,AAL,WE,Towers with Radar,40,3,7,0,50,0,439,54,0,493,40,442,61,0,543,8,0,8,551
07/10/2009,JNU,AK,AAL,WE,Towers with Radar,36,6,5,0,47,0,366,48,0,414,36,372,53,0,461,36,0,36,497
07/11/2009,JNU,AK,AAL,WE,Towers with Radar,35,4,6,0,45,0,364,77,0,441,35,368,83,0,486,0,0,0,486
07/12/2009,JNU,AK,AAL,WE,Towers with Radar,33,2,3,2,40,0,310,82,0,392,33,312,85,2,432,6,8,14,446
07/13/2009,JNU,AK,AAL,WE,Towers with Radar,22,5,2,0,29,11,459,61,0,531,33,464,63,0,560,12,0,12,572
07/14/2009,JNU,AK,AAL,WE,Towers with Radar,32,3,2,0,37,7,457,58,3,525,39,460,60,3,562,4,2,6,568
07/15/2009,JNU,AK,AAL,WE,Towers with Radar,37,9,4,0,50,0,279,37,3,319,37,288,41,3,369,52,0,52,421
07/16/2009,JNU,AK,AAL,WE,Towers with Radar,33,6,1,1,41,0,371,57,3,431,33,377,58,4,472,10,0,10,482
07/17/2009,JNU,AK,AAL,WE,Towers with Radar,35,3,5,1,44,0,454,102,3,559,35,457,107,4,603,0,0,0,603
07/18/2009,JNU,AK,AAL,WE,Towers with Radar,36,18,5,0,59,0,252,30,0,282,36,270,35,0,341,14,0,14,355
07/19/2009,JNU,AK,AAL,WE,Towers with Radar,33,5,6,0,44,0,307,50,0,357,33,312,56,0,401,0,0,0,401
07/20/2009,JNU,AK,AAL,WE,Towers with Radar,35,25,3,0,63,0,238,17,0,255,35,263,20,0,318,2,0,2,320
07/21/2009,JNU,AK,AAL,WE,Towers with Radar,32,0,1,0,33,7,231,25,3,266,39,231,26,3,299,0,2,2,301
07/22/2009,JNU,AK,AAL,WE,Towers with Radar,30,13,1,2,46,7,230,32,0,269,37,243,33,2,315,8,0,8,323
07/23/2009,JNU,AK,AAL,WE,Towers with Radar,34,8,3,0,45,7,345,39,4,395,41,353,42,4,440,0,0,0,440
07/24/2009,JNU,AK,AAL,WE,Towers with Radar,37,202,39,0,278,29,6,1,0,36,66,208,40,0,314,12,0,12,326
07/25/2009,JNU,AK,AAL,WE,Towers with Radar,32,5,5,0,42,2,335,55,1,393,34,340,60,1,435,6,0,6,441
07/26/2009,JNU,AK,AAL,WE,Towers with Radar,32,1,10,0,43,0,294,54,0,348,32,295,64,0,391,0,0,0,391
07/27/2009,JNU,AK,AAL,WE,Towers with Radar,25,12,3,0,40,7,286,48,6,347,32,298,51,6,387,18,0,18,405
07/28/2009,JNU,AK,AAL,WE,Towers with Radar,25,6,5,0,36,14,431,55,0,500,39,437,60,0,536,14,0,14,550
07/29/2009,JNU,AK,AAL,WE,Towers with Radar,28,4,2,0,34,6,558,84,0,648,34,562,86,0,682,6,0,6,688
07/30/2009,JNU,AK,AAL,WE,Towers with Radar,37,2,5,0,44,0,474,70,2,546,37,476,75,2,590,8,0,8,598
07/31/2009,JNU,AK,AAL,WE,Towers with Radar,35,5,5,0,45,0,345,76,4,425,35,350,81,4,470,28,0,28,498
08/01/2009,JNU,AK,AAL,WE,Towers with Radar,33,4,6,0,43,0,294,66,0,360,33,298,72,0,403,22,0,22,425
08/02/2009,JNU,AK,AAL,WE,Towers with Radar,35,6,5,0,46,0,321,65,0,386,35,327,70,0,432,4,0,4,436
08/03/2009,JNU,AK,AAL,WE,Towers with Radar,26,1,9,1,37,7,496,44,4,551,33,497,53,5,588,12,0,12,600
08/04/2009,JNU,AK,AAL,WE,Towers with Radar,25,6,6,0,37,12,502,58,2,574,37,508,64,2,611,0,0,0,611
08/05/2009,JNU,AK,AAL,WE,Towers with Radar,27,2,2,1,32,11,507,58,0,576,38,509,60,1,608,4,0,4,612
08/06/2009,JNU,AK,AAL,WE,Towers with Radar,35,8,6,2,51,0,393,52,2,447,35,401,58,4,498,6,0,6,504
08/07/2009,JNU,AK,AAL,WE,Towers with Radar,37,6,6,0,49,0,313,42,0,355,37,319,48,0,404,6,0,6,410
08/08/2009,JNU,AK,AAL,WE,Towers with Radar,37,13,11,0,61,0,204,20,5,229,37,217,31,5,290,8,0,8,298
08/09/2009,JNU,AK,AAL,WE,Towers with Radar,33,9,6,1,49,0,278,42,0,320,33,287,48,1,369,18,0,18,387
08/10/2009,JNU,AK,AAL,WE,Towers with Radar,33,9,3,1,46,2,420,61,3,486,35,429,64,4,532,0,0,0,532
08/11/2009,JNU,AK,AAL,WE,Towers with Radar,35,2,0,0,37,4,408,63,1,476,39,410,63,1,513,12,0,12,525
08/12/2009,JNU,AK,AAL,WE,Towers with Radar,23,6,0,0,29,11,494,37,0,542,34,500,37,0,571,20,0,20,591
08/13/2009,JNU,AK,AAL,WE,Towers with Radar,38,3,2,0,43,0,426,49,2,477,38,429,51,2,520,18,0,18,538
08/14/2009,JNU,AK,AAL,WE,Towers with Radar,35,5,4,0,44,0,234,25,0,259,35,239,29,0,303,2,0,2,305
08/15/2009,JNU,AK,AAL,WE,Towers with Radar,32,4,7,0,43,0,220,16,0,236,32,224,23,0,279,12,0,12,291
08/16/2009,JNU,AK,AAL,WE,Towers with Radar,33,1,1,0,35,0,163,11,0,174,33,164,12,0,209,0,0,0,209
08/17/2009,JNU,AK,AAL,WE,Towers with Radar,33,6,2,0,41,0,109,7,0,116,33,115,9,0,157,0,0,0,157
08/18/2009,JNU,AK,AAL,WE,Towers with Radar,26,5,3,0,34,10,358,39,0,407,36,363,42,0,441,14,0,14,455
08/19/2009,JNU,AK,AAL,WE,Towers with Radar,29,4,2,3,38,8,524,51,3,586,37,528,53,6,624,26,0,26,650
08/20/2009,JNU,AK,AAL,WE,Towers with Radar,34,13,5,0,52,0,433,51,1,485,34,446,56,1,537,6,1,7,544
08/21/2009,JNU,AK,AAL,WE,Towers with Radar,34,8,2,0,44,0,248,40,0,288,34,256,42,0,332,24,0,24,356
08/22/2009,JNU,AK,AAL,WE,Towers with Radar,40,10,2,0,52,0,62,13,0,75,40,72,15,0,127,0,0,0,127
08/23/2009,JNU,AK,AAL,WE,Towers with Radar,25,2,5,0,32,0,158,20,2,180,25,160,25,2,212,4,10,14,226
08/24/2009,JNU,AK,AAL,WE,Towers with Radar,19,9,1,0,29,6,273,37,0,316,25,282,38,0,345,26,0,26,371
08/25/2009,JNU,AK,AAL,WE,Towers with Radar,26,7,4,1,38,5,306,31,0,342,31,313,35,1,380,0,0,0,380
08/26/2009,JNU,AK,AAL,WE,Towers with Radar,23,2,1,1,27,8,447,65,1,521,31,449,66,2,548,46,0,46,594
08/27/2009,JNU,AK,AAL,WE,Towers with Radar,33,9,5,0,47,0,309,25,0,334,33,318,30,0,381,0,0,0,381
08/28/2009,JNU,AK,AAL,WE,Towers with Radar,32,11,7,0,50,0,271,50,0,321,32,282,57,0,371,14,0,14,385
08/29/2009,JNU,AK,AAL,WE,Towers with Radar,31,2,2,0,35,0,123,17,0,140,31,125,19,0,175,0,0,0,175
08/30/2009,JNU,AK,AAL,WE,Towers with Radar,28,1,5,0,34,0,290,69,0,359,28,291,74,0,393,56,0,56,449
08/31/2009,JNU,AK,AAL,WE,Towers with Radar,30,5,0,0,35,0,378,79,0,457,30,383,79,0,492,18,8,26,518
09/01/2009,JNU,AK,AAL,WE,Towers with Radar,31,5,0,0,36,0,346,56,0,402,31,351,56,0,438,62,0,62,500
09/02/2009,JNU,AK,AAL,WE,Towers with Radar,30,16,1,0,47,0,340,57,0,397,30,356,58,0,444,8,0,8,452
09/03/2009,JNU,AK,AAL,WE,Towers with Radar,33,5,1,1,40,0,282,59,0,341,33,287,60,1,381,8,0,8,389
09/04/2009,JNU,AK,AAL,WE,Towers with Radar,30,4,3,0,37,0,263,53,0,316,30,267,56,0,353,16,0,16,369
09/05/2009,JNU,AK,AAL,WE,Towers with Radar,25,4,2,0,31,0,311,48,2,361,25,315,50,2,392,16,0,16,408
09/06/2009,JNU,AK,AAL,WE,Towers with Radar,30,3,2,0,35,0,261,36,0,297,30,264,38,0,332,18,0,18,350
09/07/2009,JNU,AK,AAL,WE,Towers with Radar,23,1,2,0,26,0,278,69,0,347,23,279,71,0,373,40,0,40,413
09/08/2009,JNU,AK,AAL,WE,Towers with Radar,24,4,0,0,28,0,332,28,0,360,24,336,28,0,388,0,0,0,388
09/09/2009,JNU,AK,AAL,WE,Towers with Radar,30,6,2,2,40,0,191,28,0,219,30,197,30,2,259,16,0,16,275
09/10/2009,JNU,AK,AAL,WE,Towers with Radar,27,6,0,0,33,0,120,7,1,128,27,126,7,1,161,0,0,0,161
09/11/2009,JNU,AK,AAL,WE,Towers with Radar,25,2,6,0,33,0,266,16,0,282,25,268,22,0,315,0,0,0,315
09/12/2009,JNU,AK,AAL,WE,Towers with Radar,29,3,5,0,37,0,187,29,0,216,29,190,34,0,253,34,0,34,287
09/13/2009,JNU,AK,AAL,WE,Towers with Radar,25,6,2,0,33,0,198,49,0,247,25,204,51,0,280,14,0,14,294
09/14/2009,JNU,AK,AAL,WE,Towers with Radar,26,22,1,0,49,0,225,65,0,290,26,247,66,0,339,4,0,4,343
09/15/2009,JNU,AK,AAL,WE,Towers with Radar,28,4,0,0,32,0,309,28,1,338,28,313,28,1,370,18,0,18,388
09/16/2009,JNU,AK,AAL,WE,Towers with Radar,30,7,1,0,38,0,201,13,0,214,30,208,14,0,252,2,0,2,254
09/17/2009,JNU,AK,AAL,WE,Towers with Radar,28,4,1,1,34,0,242,18,1,261,28,246,19,2,295,34,0,34,329
09/18/2009,JNU,AK,AAL,WE,Towers with Radar,30,6,2,2,40,0,175,41,0,216,30,181,43,2,256,26,0,26,282
09/19/2009,JNU,AK,AAL,WE,Towers with Radar,26,3,0,0,29,0,101,19,0,120,26,104,19,0,149,0,0,0,149
09/20/2009,JNU,AK,AAL,WE,Towers with Radar,27,3,0,0,30,0,80,7,0,87,27,83,7,0,117,0,0,0,117
09/21/2009,JNU,AK,AAL,WE,Towers with Radar,30,5,0,2,37,0,213,29,1,243,30,218,29,3,280,2,0,2,282
09/22/2009,JNU,AK,AAL,WE,Towers with Radar,31,11,3,0,45,0,151,15,0,166,31,162,18,0,211,18,0,18,229
09/23/2009,JNU,AK,AAL,WE,Towers with Radar,28,7,1,0,36,0,142,9,2,153,28,149,10,2,189,0,0,0,189
09/24/2009,JNU,AK,AAL,WE,Towers with Radar,28,2,0,0,30,0,136,12,0,148,28,138,12,0,178,0,0,0,178
09/25/2009,JNU,AK,AAL,WE,Towers with Radar,25,7,0,0,32,2,119,8,0,129,27,126,8,0,161,0,0,0,161
09/26/2009,JNU,AK,AAL,WE,Towers with Radar,25,8,0,0,33,0,88,10,0,98,25,96,10,0,131,0,0,0,131
09/27/2009,JNU,AK,AAL,WE,Towers with Radar,26,0,0,0,26,0,127,34,0,161,26,127,34,0,187,22,0,22,209
09/28/2009,JNU,AK,AAL,WE,Towers with Radar,24,1,1,0,26,0,147,59,1,207,24,148,60,1,233,12,0,12,245
09/29/2009,JNU,AK,AAL,WE,Towers with Radar,27,3,1,0,31,0,164,72,1,237,27,167,73,1,268,18,0,18,286
09/30/2009,JNU,AK,AAL,WE,Towers with Radar,27,5,2,0,34,0,106,7,1,114,27,111,9,1,148,0,0,0,148
10/01/2009,JNU,AK,AAL,WE,Towers with Radar,16,5,5,1,27,3,120,15,0,138,19,125,20,1,165,6,0,6,171
10/02/2009,JNU,AK,AAL,WE,Towers with Radar,19,2,0,0,21,0,132,58,5,195,19,134,58,5,216,38,2,40,256
10/03/2009,JNU,AK,AAL,WE,Towers with Radar,20,2,0,0,22,0,76,38,4,118,20,78,38,4,140,12,0,12,152
10/04/2009,JNU,AK,AAL,WE,Towers with Radar,20,0,1,0,21,0,106,44,0,150,20,106,45,0,171,18,0,18,189
10/05/2009,JNU,AK,AAL,WE,Towers with Radar,15,5,3,0,23,0,55,6,0,61,15,60,9,0,84,0,0,0,84
10/06/2009,JNU,AK,AAL,WE,Towers with Radar,19,2,0,0,21,19,148,53,0,220,38,150,53,0,241,53,0,53,294
10/07/2009,JNU,AK,AAL,WE,Towers with Radar,18,5,0,0,23,0,84,5,2,91,18,89,5,2,114,0,0,0,114
10/08/2009,JNU,AK,AAL,WE,Towers with Radar,17,4,1,0,22,0,136,38,0,174,17,140,39,0,196,24,0,24,220
10/09/2009,JNU,AK,AAL,WE,Towers with Radar,16,16,2,0,34,0,105,29,1,135,16,121,31,1,169,22,0,22,191
10/10/2009,JNU,AK,AAL,WE,Towers with Radar,16,3,3,0,22,0,104,37,0,141,16,107,40,0,163,28,0,28,191
10/11/2009,JNU,AK,AAL,WE,Towers with Radar,17,13,1,0,31,0,75,42,0,117,17,88,43,0,148,0,0,0,148
10/12/2009,JNU,AK,AAL,WE,Towers with Radar,20,1,0,0,21,0,111,17,0,128,20,112,17,0,149,0,0,0,149
10/13/2009,JNU,AK,AAL,WE,Towers with Radar,15,2,1,0,18,0,88,12,3,103,15,90,13,3,121,0,0,0,121
10/14/2009,JNU,AK,AAL,WE,Towers with Radar,17,3,0,0,20,0,101,18,2,121,17,104,18,2,141,8,0,8,149
10/15/2009,JNU,AK,AAL,WE,Towers with Radar,18,4,2,0,24,0,124,40,1,165,18,128,42,1,189,26,0,26,215
10/16/2009,JNU,AK,AAL,WE,Towers with Radar,18,2,0,0,20,0,89,10,0,99,18,91,10,0,119,18,0,18,137
10/17/2009,JNU,AK,AAL,WE,Towers with Radar,20,3,2,0,25,0,84,21,0,105,20,87,23,0,130,16,0,16,146
10/18/2009,JNU,AK,AAL,WE,Towers with Radar,18,2,1,0,21,0,84,30,0,114,18,86,31,0,135,16,0,16,151
10/19/2009,JNU,AK,AAL,WE,Towers with Radar,18,3,1,0,22,0,92,35,0,127,18,95,36,0,149,0,0,0,149
10/20/2009,JNU,AK,AAL,WE,Towers with Radar,22,6,0,0,28,0,79,32,0,111,22,85,32,0,139,32,0,32,171
10/21/2009,JNU,AK,AAL,WE,Towers with Radar,19,4,3,0,26,3,89,13,0,105,22,93,16,0,131,26,0,26,157
10/22/2009,JNU,AK,AAL,WE,Towers with Radar,17,2,0,0,19,0,103,11,1,115,17,105,11,1,134,0,0,0,134
10/23/2009,JNU,AK,AAL,WE,Towers with Radar,19,2,1,0,22,0,104,12,2,118,19,106,13,2,140,0,0,0,140
10/24/2009,JNU,AK,AAL,WE,Towers with Radar,10,5,0,0,15,10,57,1,0,68,20,62,1,0,83,0,0,0,83
10/25/2009,JNU,AK,AAL,WE,Towers with Radar,16,0,0,0,16,16,52,4,0,72,32,52,4,0,88,0,0,0,88
10/26/2009,JNU,AK,AAL,WE,Towers with Radar,18,4,2,0,24,0,88,10,0,98,18,92,12,0,122,0,0,0,122
10/27/2009,JNU,AK,AAL,WE,Towers with Radar,20,6,0,0,26,0,100,23,0,123,20,106,23,0,149,28,0,28,177
10/28/2009,JNU,AK,AAL,WE,Towers with Radar,15,7,1,0,23,2,138,35,2,177,17,145,36,2,200,0,0,0,200
10/29/2009,JNU,AK,AAL,WE,Towers with Radar,20,5,0,1,26,0,99,8,0,107,20,104,8,1,133,10,0,10,143
10/30/2009,JNU,AK,AAL,WE,Towers with Radar,20,2,0,0,22,0,109,33,0,142,20,111,33,0,164,26,0,26,190
10/31/2009,JNU,AK,AAL,WE,Towers with Radar,15,2,0,0,17,0,53,5,0,58,15,55,5,0,75,0,0,0,75
11/01/2009,JNU,AK,AAL,WE,Towers with Radar,18,1,0,0,19,0,32,10,0,42,18,33,10,0,61,50,0,50,111
11/02/2009,JNU,AK,AAL,WE,Towers with Radar,16,2,1,0,19,0,61,19,0,80,16,63,20,0,99,0,0,0,99
11/03/2009,JNU,AK,AAL,WE,Towers with Radar,19,3,0,0,22,0,80,18,0,98,19,83,18,0,120,4,0,4,124
11/04/2009,JNU,AK,AAL,WE,Towers with Radar,17,3,1,2,23,1,81,5,0,87,18,84,6,2,110,20,0,20,130
11/05/2009,JNU,AK,AAL,WE,Towers with Radar,19,2,2,0,23,0,84,4,0,88,19,86,6,0,111,4,0,4,115
11/06/2009,JNU,AK,AAL,WE,Towers with Radar,14,2,0,0,16,0,93,5,0,98,14,95,5,0,114,26,0,26,140
11/07/2009,JNU,AK,AAL,WE,Towers with Radar,17,1,0,0,18,0,56,2,0,58,17,57,2,0,76,0,0,0,76
11/08/2009,JNU,AK,AAL,WE,Towers with Radar,19,0,0,0,19,0,81,38,0,119,19,81,38,0,138,0,0,0,138
11/09/2009,JNU,AK,AAL,WE,Towers with Radar,15,3,1,0,19,0,129,30,5,164,15,132,31,5,183,16,0,16,199
11/10/2009,JNU,AK,AAL,WE,Towers with Radar,21,3,0,0,24,0,94,7,0,101,21,97,7,0,125,4,0,4,129
11/11/2009,JNU,AK,AAL,WE,Towers with Radar,15,8,0,0,23,0,91,17,0,108,15,99,17,0,131,16,0,16,147
11/12/2009,JNU,AK,AAL,WE,Towers with Radar,13,3,0,0,16,0,70,4,3,77,13,73,4,3,93,0,0,0,93
11/13/2009,JNU,AK,AAL,WE,Towers with Radar,13,5,1,0,19,13,72,3,1,89,26,77,4,1,108,0,0,0,108
11/14/2009,JNU,AK,AAL,WE,Towers with Radar,11,0,2,0,13,11,18,3,1,33,22,18,5,1,46,0,0,0,46
11/15/2009,JNU,AK,AAL,WE,Towers with Radar,17,1,0,0,18,17,86,13,0,116,34,87,13,0,134,0,0,0,134
11/16/2009,JNU,AK,AAL,WE,Towers with Radar,17,6,0,0,23,0,57,1,0,58,17,63,1,0,81,0,0,0,81
11/17/2009,JNU,AK,AAL,WE,Towers with Radar,18,2,2,0,22,0,98,12,0,110,18,100,14,0,132,2,0,2,134
11/18/2009,JNU,AK,AAL,WE,Towers with Radar,21,6,2,0,29,0,10,0,0,10,21,16,2,0,39,0,0,0,39
11/19/2009,JNU,AK,AAL,WE,Towers with Radar,18,4,1,0,23,0,98,17,1,116,18,102,18,1,139,0,0,0,139
11/20/2009,JNU,AK,AAL,WE,Towers with Radar,16,5,0,0,21,0,93,12,0,105,16,98,12,0,126,0,0,0,126
11/21/2009,JNU,AK,AAL,WE,Towers with Radar,16,7,0,0,23,0,34,0,2,36,16,41,0,2,59,12,0,12,71
11/22/2009,JNU,AK,AAL,WE,Towers with Radar,16,5,0,0,21,0,69,21,0,90,16,74,21,0,111,6,0,6,117
11/23/2009,JNU,AK,AAL,WE,Towers with Radar,12,3,0,0,15,0,25,1,0,26,12,28,1,0,41,0,0,0,41
11/24/2009,JNU,AK,AAL,WE,Towers with Radar,14,5,0,0,19,0,86,4,0,90,14,91,4,0,109,0,0,0,109
11/25/2009,JNU,AK,AAL,WE,Towers with Radar,15,4,5,0,24,0,75,5,1,81,15,79,10,1,105,4,0,4,109
11/26/2009,JNU,AK,AAL,WE,Towers with Radar,10,0,0,0,10,0,11,16,0,27,10,11,16,0,37,2,0,2,39
11/27/2009,JNU,AK,AAL,WE,Towers with Radar,12,4,0,0,16,0,65,3,0,68,12,69,3,0,84,0,0,0,84
11/28/2009,JNU,AK,AAL,WE,Towers with Radar,17,2,0,0,19,0,53,1,0,54,17,55,1,0,73,0,0,0,73
11/29/2009,JNU,AK,AAL,WE,Towers with Radar,19,4,0,0,23,0,41,7,0,48,19,45,7,0,71,0,0,0,71
11/30/2009,JNU,AK,AAL,WE,Towers with Radar,15,1,2,1,19,0,74,5,0,79,15,75,7,1,98,0,0,0,98
12/01/2009,JNU,AK,AAL,WE,Towers with Radar,18,5,0,1,24,0,58,5,1,64,18,63,5,2,88,4,0,4,92
12/02/2009,JNU,AK,AAL,WE,Towers with Radar,18,6,0,1,25,0,53,3,0,56,18,59,3,1,81,0,0,0,81
12/03/2009,JNU,AK,AAL,WE,Towers with Radar,15,3,0,0,18,0,90,9,2,101,15,93,9,2,119,26,0,26,145
12/04/2009,JNU,AK,AAL,WE,Towers with Radar,20,4,0,2,26,0,91,26,0,117,20,95,26,2,143,34,0,34,177
12/05/2009,JNU,AK,AAL,WE,Towers with Radar,18,2,0,0,20,18,103,31,0,152,36,105,31,0,172,0,0,0,172
12/06/2009,JNU,AK,AAL,WE,Towers with Radar,17,0,0,0,17,0,76,39,1,116,17,76,39,1,133,24,0,24,157
12/07/2009,JNU,AK,AAL,WE,Towers with Radar,16,0,1,0,17,0,107,15,0,122,16,107,16,0,139,10,0,10,149
12/08/2009,JNU,AK,AAL,WE,Towers with Radar,19,2,1,1,23,0,94,17,1,112,19,96,18,2,135,8,0,8,143
12/09/2009,JNU,AK,AAL,WE,Towers with Radar,11,5,1,0,17,0,3,0,0,3,11,8,1,0,20,0,0,0,20
12/10/2009,JNU,AK,AAL,WE,Towers with Radar,16,2,0,0,18,0,88,18,0,106,16,90,18,0,124,32,0,32,156
12/11/2009,JNU,AK,AAL,WE,Towers with Radar,15,6,1,0,22,0,102,16,0,118,15,108,17,0,140,18,0,18,158
12/12/2009,JNU,AK,AAL,WE,Towers with Radar,14,0,0,0,14,0,68,24,0,92,14,68,24,0,106,4,0,4,110
12/13/2009,JNU,AK,AAL,WE,Towers with Radar,16,1,0,0,17,0,82,17,0,99,16,83,17,0,116,0,0,0,116
12/14/2009,JNU,AK,AAL,WE,Towers with Radar,19,3,0,0,22,0,65,7,0,72,19,68,7,0,94,30,0,30,124
12/15/2009,JNU,AK,AAL,WE,Towers with Radar,21,2,1,0,24,0,85,15,2,102,21,87,16,2,126,0,0,0,126
12/16/2009,JNU,AK,AAL,WE,Towers with Radar,17,9,0,0,26,0,67,5,0,72,17,76,5,0,98,8,0,8,106
12/17/2009,JNU,AK,AAL,WE,Towers with Radar,17,4,3,0,24,0,75,2,0,77,17,79,5,0,101,0,0,0,101
12/18/2009,JNU,AK,AAL,WE,Towers with Radar,16,0,0,0,16,2,199,1,0,202,18,199,1,0,218,10,0,10,228
12/19/2009,JNU,AK,AAL,WE,Towers with Radar,15,5,0,0,20,0,72,6,0,78,15,77,6,0,98,2,0,2,100
12/20/2009,JNU,AK,AAL,WE,Towers with Radar,15,3,0,0,18,0,67,42,0,109,15,70,42,0,127,22,0,22,149
12/21/2009,JNU,AK,AAL,WE,Towers with Radar,17,0,0,0,17,0,84,15,3,102,17,84,15,3,119,12,0,12,131
12/22/2009,JNU,AK,AAL,WE,Towers with Radar,15,2,0,0,17,1,82,17,3,103,16,84,17,3,120,2,0,2,122
12/23/2009,JNU,AK,AAL,WE,Towers with Radar,18,6,0,0,24,0,0,0,0,0,18,6,0,0,24,0,0,0,24
12/24/2009,JNU,AK,AAL,WE,Towers with Radar,17,5,0,0,22,0,34,0,0,34,17,39,0,0,56,0,0,0,56
12/25/2009,JNU,AK,AAL,WE,Towers with Radar,7,3,1,0,11,0,8,5,0,13,7,11,6,0,24,0,0,0,24
12/26/2009,JNU,AK,AAL,WE,Towers with Radar,13,1,1,0,15,0,51,4,0,55,13,52,5,0,70,0,0,0,70
12/27/2009,JNU,AK,AAL,WE,Towers with Radar,17,9,0,0,26,0,20,1,0,21,17,29,1,0,47,0,0,0,47
12/28/2009,JNU,AK,AAL,WE,Towers with Radar,14,8,0,0,22,0,1,0,0,1,14,9,0,0,23,0,0,0,23
12/29/2009,JNU,AK,AAL,WE,Towers with Radar,14,7,0,0,21,0,50,19,0,69,14,57,19,0,90,4,0,4,94
12/30/2009,JNU,AK,AAL,WE,Towers with Radar,18,1,0,0,19,0,85,10,0,95,18,86,10,0,114,0,0,0,114
12/31/2009,JNU,AK,AAL,WE,Towers with Radar,17,4,0,0,21,0,80,15,0,95,17,84,15,0,116,12,0,12,128
01/01/2010,JNU,AK,AAL,WE,Towers with Radar,12,0,0,0,12,0,8,6,0,14,12,8,6,0,26,0,0,0,26
01/02/2010,JNU,AK,AAL,WE,Towers with Radar,20,1,0,0,21,0,95,27,0,122,20,96,27,0,143,34,0,34,177
01/03/2010,JNU,AK,AAL,WE,Towers with Radar,15,0,0,0,15,0,74,24,0,98,15,74,24,0,113,42,0,42,155
01/04/2010,JNU,AK,AAL,WE,Towers with Radar,17,1,0,0,18,0,62,9,4,75,17,63,9,4,93,6,0,6,99
01/05/2010,JNU,AK,AAL,WE,Towers with Radar,17,2,1,1,21,0,68,4,6,78,17,70,5,7,99,2,2,4,103
01/06/2010,JNU,AK,AAL,WE,Towers with Radar,10,2,0,0,12,0,46,0,0,46,10,48,0,0,58,0,0,0,58
01/07/2010,JNU,AK,AAL,WE,Towers with Radar,2,3,1,0,6,0,4,0,0,4,2,7,1,0,10,0,0,0,10
01/08/2010,JNU,AK,AAL,WE,Towers with Radar,18,2,1,0,21,0,93,7,3,103,18,95,8,3,124,2,0,2,126
01/09/2010,JNU,AK,AAL,WE,Towers with Radar,15,5,1,0,21,0,48,8,0,56,15,53,9,0,77,14,0,14,91
01/10/2010,JNU,AK,AAL,WE,Towers with Radar,15,5,3,0,23,0,31,1,0,32,15,36,4,0,55,0,0,0,55
01/11/2010,JNU,AK,AAL,WE,Towers with Radar,12,7,0,0,19,0,7,0,0,7,12,14,0,0,26,0,0,0,26
01/12/2010,JNU,AK,AAL,WE,Towers with Radar,18,5,0,0,23,0,69,3,0,72,18,74,3,0,95,0,0,0,95
01/13/2010,JNU,AK,AAL,WE,Towers with Radar,12,4,0,0,16,0,24,0,0,24,12,28,0,0,40,0,0,0,40
01/14/2010,JNU,AK,AAL,WE,Towers with Radar,11,16,2,0,29,1,45,1,0,47,12,61,3,0,76,0,0,0,76
01/15/2010,JNU,AK,AAL,WE,Towers with Radar,19,3,1,0,23,0,83,9,1,93,19,86,10,1,116,2,0,2,118
01/16/2010,JNU,AK,AAL,WE,Towers with Radar,16,2,0,0,18,0,37,2,0,39,16,39,2,0,57,0,0,0,57
01/17/2010,JNU,AK,AAL,WE,Towers with Radar,18,8,0,0,26,2,37,5,0,44,20,45,5,0,70,12,0,12,82
01/18/2010,JNU,AK,AAL,WE,Towers with Radar,15,6,2,0,23,0,58,11,0,69,15,64,13,0,92,16,0,16,108
01/19/2010,JNU,AK,AAL,WE,Towers with Radar,9,1,2,0,12,0,16,0,0,16,9,17,2,0,28,0,0,0,28
01/20/2010,JNU,AK,AAL,WE,Towers with Radar,13,1,1,0,15,0,118,6,1,125,13,119,7,1,140,10,0,10,150
01/21/2010,JNU,AK,AAL,WE,Towers with Radar,14,3,1,0,18,0,96,10,3,109,14,99,11,3,127,10,0,10,137
01/22/2010,JNU,AK,AAL,WE,Towers with Radar,16,1,0,0,17,0,126,27,2,155,16,127,27,2,172,26,0,26,198
01/23/2010,JNU,AK,AAL,WE,Towers with Radar,18,3,0,0,21,0,68,23,0,91,18,71,23,0,112,20,0,20,132
01/24/2010,JNU,AK,AAL,WE,Towers with Radar,18,0,0,0,18,0,58,25,0,83,18,58,25,0,101,26,0,26,127
01/25/2010,JNU,AK,AAL,WE,Towers with Radar,17,2,2,0,21,0,107,18,0,125,17,109,20,0,146,10,0,10,156
01/26/2010,JNU,AK,AAL,WE,Towers with Radar,25,1,4,0,30,0,69,15,10,94,25,70,19,10,124,24,0,24,148
01/27/2010,JNU,AK,AAL,WE,Towers with Radar,21,5,7,0,33,0,85,9,0,94,21,90,16,0,127,8,0,8,135
01/28/2010,JNU,AK,AAL,WE,Towers with Radar,12,8,2,0,22,0,95,11,2,108,12,103,13,2,130,10,0,10,140
01/29/2010,JNU,AK,AAL,WE,Towers with Radar,15,7,4,0,26,0,100,8,0,108,15,107,12,0,134,26,0,26,160
01/30/2010,JNU,AK,AAL,WE,Towers with Radar,17,2,1,0,20,0,56,18,8,82,17,58,19,8,102,28,0,28,130
01/31/2010,JNU,AK,AAL,WE,Towers with Radar,18,0,1,0,19,0,68,22,0,90,18,68,23,0,109,8,0,8,117
02/01/2010,JNU,AK,AAL,WE,Towers with Radar,18,1,2,0,21,0,68,1,4,73,18,69,3,4,94,0,6,6,100
02/02/2010,JNU,AK,AAL,WE,Towers with Radar,20,13,4,0,37,0,44,8,0,52,20,57,12,0,89,0,0,0,89
02/03/2010,JNU,AK,AAL,WE,Towers with Radar,17,3,4,0,24,0,87,2,0,89,17,90,6,0,113,0,0,0,113
02/04/2010,JNU,AK,AAL,WE,Towers with Radar,16,8,0,0,24,0,90,38,0,128,16,98,38,0,152,30,0,30,182
02/05/2010,JNU,AK,AAL,WE,Towers with Radar,17,6,3,0,26,0,93,18,2,113,17,99,21,2,139,22,0,22,161
02/06/2010,JNU,AK,AAL,WE,Towers with Radar,14,6,0,0,20,0,76,10,0,86,14,82,10,0,106,0,0,0,106
02/07/2010,JNU,AK,AAL,WE,Towers with Radar,15,0,0,0,15,0,51,17,0,68,15,51,17,0,83,116,0,116,199
02/08/2010,JNU,AK,AAL,WE,Towers with Radar,18,3,2,0,23,0,89,28,4,121,18,92,30,4,144,0,0,0,144
02/09/2010,JNU,AK,AAL,WE,Towers with Radar,19,2,1,2,24,0,77,11,2,90,19,79,12,4,114,0,0,0,114
02/10/2010,JNU,AK,AAL,WE,Towers with Radar,12,4,3,0,19,2,90,14,5,111,14,94,17,5,130,8,0,8,138
02/11/2010,JNU,AK,AAL,WE,Towers with Radar,18,2,0,0,20,0,70,11,3,84,18,72,11,3,104,6,22,28,132
02/12/2010,JNU,AK,AAL,WE,Towers with Radar,20,3,0,0,23,1,96,34,4,135,21,99,34,4,158,24,0,24,182
02/13/2010,JNU,AK,AAL,WE,Towers with Radar,17,5,4,0,26,0,75,22,0,97,17,80,26,0,123,12,4,16,139
02/14/2010,JNU,AK,AAL,WE,Towers with Radar,18,2,0,0,20,0,59,4,0,63,18,61,4,0,83,0,0,0,83
02/15/2010,JNU,AK,AAL,WE,Towers with Radar,15,1,0,0,16,0,82,15,0,97,15,83,15,0,113,2,0,2,115
02/16/2010,JNU,AK,AAL,WE,Towers with Radar,15,3,8,0,26,0,68,10,0,78,15,71,18,0,104,0,0,0,104
02/17/2010,JNU,AK,AAL,WE,Towers with Radar,15,9,7,0,31,0,88,12,2,102,15,97,19,2,133,0,0,0,133
02/18/2010,JNU,AK,AAL,WE,Towers with Radar,2,5,6,0,13,4,48,1,0,53,6,53,7,0,66,26,0,26,92
02/19/2010,JNU,AK,AAL,WE,Towers with Radar,13,6,0,0,19,0,107,43,4,154,13,113,43,4,173,14,0,14,187
02/20/2010,JNU,AK,AAL,WE,Towers with Radar,2,8,0,0,10,0,17,6,2,25,2,25,6,2,35,14,4,18,53
02/21/2010,JNU,AK,AAL,WE,Towers with Radar,6,1,0,0,7,0,26,14,0,40,6,27,14,0,47,50,0,50,97
02/22/2010,JNU,AK,AAL,WE,Towers with Radar,13,0,0,0,13,0,68,11,0,79,13,68,11,0,92,12,0,12,104
02/23/2010,JNU,AK,AAL,WE,Towers with Radar,18,0,2,0,20,2,115,19,7,143,20,115,21,7,163,12,0,12,175
02/24/2010,JNU,AK,AAL,WE,Towers with Radar,20,6,2,0,28,0,92,3,2,97,20,98,5,2,125,0,0,0,125
02/25/2010,JNU,AK,AAL,WE,Towers with Radar,17,6,3,2,28,0,88,12,2,102,17,94,15,4,130,6,0,6,136
02/26/2010,JNU,AK,AAL,WE,Towers with Radar,15,4,0,0,19,0,75,18,1,94,15,79,18,1,113,14,2,16,129
02/27/2010,JNU,AK,AAL,WE,Towers with Radar,15,7,2,0,24,0,26,9,0,35,15,33,11,0,59,0,0,0,59
02/28/2010,JNU,AK,AAL,WE,Towers with Radar,14,0,0,0,14,0,61,3,0,64,14,61,3,0,78,0,0,0,78
03/01/2010,JNU,AK,AAL,WE,Towers with Radar,21,6,2,0,29,0,93,3,1,97,21,99,5,1,126,0,0,0,126
03/02/2010,JNU,AK,AAL,WE,Towers with Radar,20,5,0,0,25,0,97,21,4,122,20,102,21,4,147,34,10,44,191
03/03/2010,JNU,AK,AAL,WE,Towers with Radar,17,3,3,2,25,0,82,16,1,99,17,85,19,3,124,32,0,32,156
03/04/2010,JNU,AK,AAL,WE,Towers with Radar,18,3,0,0,21,0,116,7,4,127,18,119,7,4,148,30,0,30,178
03/05/2010,JNU,AK,AAL,WE,Towers with Radar,16,12,2,1,31,0,37,4,1,42,16,49,6,2,73,2,0,2,75
03/06/2010,JNU,AK,AAL,WE,Towers with Radar,18,5,0,0,23,0,55,0,0,55,18,60,0,0,78,18,0,18,96
03/07/2010,JNU,AK,AAL,WE,Towers with Radar,12,1,2,0,15,0,58,11,0,69,12,59,13,0,84,40,0,40,124
03/08/2010,JNU,AK,AAL,WE,Towers with Radar,12,6,4,2,24,0,33,3,0,36,12,39,7,2,60,0,0,0,60
03/09/2010,JNU,AK,AAL,WE,Towers with Radar,18,7,1,0,26,0,86,4,5,95,18,93,5,5,121,6,0,6,127
03/10/2010,JNU,AK,AAL,WE,Towers with Radar,16,14,0,3,33,0,62,5,6,73,16,76,5,9,106,6,8,14,120
03/11/2010,JNU,AK,AAL,WE,Towers with Radar,15,4,2,0,21,2,74,9,3,88,17,78,11,3,109,18,6,24,133
03/12/2010,JNU,AK,AAL,WE,Towers with Radar,6,3,0,0,9,0,13,2,0,15,6,16,2,0,24,0,0,0,24
03/13/2010,JNU,AK,AAL,WE,Towers with Radar,18,5,1,0,24,0,90,7,3,100,18,95,8,3,124,4,0,4,128
03/14/2010,JNU,AK,AAL,WE,Towers with Radar,15,0,2,0,17,0,95,6,1,102,15,95,8,1,119,0,0,0,119
03/15/2010,JNU,AK,AAL,WE,Towers with Radar,16,3,2,0,21,0,106,6,0,112,16,109,8,0,133,20,0,20,153
03/16/2010,JNU,AK,AAL,WE,Towers with Radar,21,3,0,0,24,1,150,31,2,184,22,153,31,2,208,30,0,30,238
03/17/2010,JNU,AK,AAL,WE,Towers with Radar,16,2,0,3,21,0,88,7,1,96,16,90,7,4,117,30,0,30,147
03/18/2010,JNU,AK,AAL,WE,Towers with Radar,17,6,0,1,24,0,109,18,9,136,17,115,18,10,160,0,0,0,160
03/19/2010,JNU,AK,AAL,WE,Towers with Radar,19,3,1,0,23,0,82,5,2,89,19,85,6,2,112,6,0,6,118
03/20/2010,JNU,AK,AAL,WE,Towers with Radar,17,5,4,0,26,0,142,32,1,175,17,147,36,1,201,46,0,46,247
03/21/2010,JNU,AK,AAL,WE,Towers with Radar,17,0,0,0,17,0,104,29,2,135,17,104,29,2,152,100,0,100,252
03/22/2010,JNU,AK,AAL,WE,Towers with Radar,16,2,2,1,21,0,116,27,3,146,16,118,29,4,167,74,0,74,241
03/23/2010,JNU,AK,AAL,WE,Towers with Radar,18,6,0,0,24,0,5,2,4,11,18,11,2,4,35,0,56,56,91
03/24/2010,JNU,AK,AAL,WE,Towers with Radar,17,12,14,0,43,0,94,10,1,105,17,106,24,1,148,16,0,16,164
03/25/2010,JNU,AK,AAL,WE,Towers with Radar,18,3,3,0,24,0,124,28,2,154,18,127,31,2,178,8,0,8,186
03/26/2010,JNU,AK,AAL,WE,Towers with Radar,19,4,1,0,24,0,142,15,0,157,19,146,16,0,181,2,2,4,185
03/27/2010,JNU,AK,AAL,WE,Towers with Radar,17,2,0,0,19,0,113,13,4,130,17,115,13,4,149,0,0,0,149
03/28/2010,JNU,AK,AAL,WE,Towers with Radar,17,0,1,0,18,0,99,14,0,113,17,99,15,0,131,22,0,22,153
03/29/2010,JNU,AK,AAL,WE,Towers with Radar,14,2,12,0,28,2,140,36,0,178,16,142,48,0,206,28,0,28,234
03/30/2010,JNU,AK,AAL,WE,Towers with Radar,19,3,3,0,25,0,80,9,0,89,19,83,12,0,114,6,0,6,120
03/31/2010,JNU,AK,AAL,WE,Towers with Radar,18,4,2,1,25,0,123,13,5,141,18,127,15,6,166,20,0,20,186
04/01/2010,JNU,AK,AAL,WE,Towers with Radar,23,4,3,0,30,0,121,21,0,142,23,125,24,0,172,34,12,46,218
04/02/2010,JNU,AK,AAL,WE,Towers with Radar,24,3,1,0,28,0,140,5,0,145,24,143,6,0,173,16,0,16,189
04/03/2010,JNU,AK,AAL,WE,Towers with Radar,22,3,2,0,27,0,123,28,0,151,22,126,30,0,178,0,0,0,178
04/04/2010,JNU,AK,AAL,WE,Towers with Radar,21,2,0,0,23,0,43,34,0,77,21,45,34,0,100,0,0,0,100
04/05/2010,JNU,AK,AAL,WE,Towers with Radar,18,10,1,0,29,0,126,24,3,153,18,136,25,3,182,24,0,24,206
04/06/2010,JNU,AK,AAL,WE,Towers with Radar,22,11,2,0,35,0,102,3,0,105,22,113,5,0,140,6,0,6,146
04/07/2010,JNU,AK,AAL,WE,Towers with Radar,24,4,5,0,33,0,91,3,0,94,24,95,8,0,127,4,0,4,131
04/08/2010,JNU,AK,AAL,WE,Towers with Radar,21,7,3,0,31,2,129,23,1,155,23,136,26,1,186,4,0,4,190
04/09/2010,JNU,AK,AAL,WE,Towers with Radar,24,5,1,0,30,0,153,45,6,204,24,158,46,6,234,2,0,2,236
04/10/2010,JNU,AK,AAL,WE,Towers with Radar,19,0,0,0,19,0,124,46,0,170,19,124,46,0,189,10,0,10,199
04/11/2010,JNU,AK,AAL,WE,Towers with Radar,23,4,0,0,27,0,131,59,0,190,23,135,59,0,217,8,0,8,225
04/12/2010,JNU,AK,AAL,WE,Towers with Radar,21,6,0,0,27,0,156,40,0,196,21,162,40,0,223,14,0,14,237
04/13/2010,JNU,AK,AAL,WE,Towers with Radar,23,5,1,0,29,0,122,13,1,136,23,127,14,1,165,2,0,2,167
04/14/2010,JNU,AK,AAL,WE,Towers with Radar,19,7,5,0,31,2,129,32,0,163,21,136,37,0,194,22,0,22,216
04/15/2010,JNU,AK,AAL,WE,Towers with Radar,27,12,3,0,42,0,157,61,0,218,27,169,64,0,260,64,0,64,324
04/16/2010,JNU,AK,AAL,WE,Towers with Radar,21,6,8,0,35,2,153,58,1,214,23,159,66,1,249,20,0,20,269
04/17/2010,JNU,AK,AAL,WE,Towers with Radar,22,3,2,0,27,0,106,19,0,125,22,109,21,0,152,38,0,38,190
04/18/2010,JNU,AK,AAL,WE,Towers with Radar,23,0,1,0,24,0,114,32,0,146,23,114,33,0,170,0,0,0,170
04/19/2010,JNU,AK,AAL,WE,Towers with Radar,20,5,3,0,28,0,145,25,0,170,20,150,28,0,198,40,0,40,238
04/20/2010,JNU,AK,AAL,WE,Towers with Radar,26,7,4,1,38,0,136,16,5,157,26,143,20,6,195,48,0,48,243
04/21/2010,JNU,AK,AAL,WE,Towers with Radar,23,6,0,0,29,1,148,12,0,161,24,154,12,0,190,8,0,8,198
04/22/2010,JNU,AK,AAL,WE,Towers with Radar,24,4,2,2,32,0,129,21,4,154,24,133,23,6,186,8,14,22,208
04/23/2010,JNU,AK,AAL,WE,Towers with Radar,25,4,2,1,32,0,228,47,0,275,25,232,49,1,307,10,0,10,317
04/24/2010,JNU,AK,AAL,WE,Towers with Radar,20,0,1,0,21,0,172,62,0,234,20,172,63,0,255,48,0,48,303
04/25/2010,JNU,AK,AAL,WE,Towers with Radar,23,0,0,0,23,0,140,28,0,168,23,140,28,0,191,6,0,6,197
04/26/2010,JNU,AK,AAL,WE,Towers with Radar,16,5,2,0,23,1,156,25,0,182,17,161,27,0,205,8,0,8,213
04/27/2010,JNU,AK,AAL,WE,Towers with Radar,18,5,1,0,24,2,157,22,1,182,20,162,23,1,206,40,0,40,246
04/28/2010,JNU,AK,AAL,WE,Towers with Radar,19,5,0,0,24,1,173,16,2,192,20,178,16,2,216,60,0,60,276
04/29/2010,JNU,AK,AAL,WE,Towers with Radar,28,5,4,0,37,0,168,15,0,183,28,173,19,0,220,88,0,88,308
04/30/2010,JNU,AK,AAL,WE,Towers with Radar,24,5,0,0,29,0,185,57,1,243,24,190,57,1,272,10,0,10,282
05/01/2010,JNU,AK,AAL,WE,Towers with Radar,21,0,0,0,21,0,166,64,1,231,21,166,64,1,252,130,0,130,382
05/02/2010,JNU,AK,AAL,WE,Towers with Radar,24,0,0,0,24,0,119,32,0,151,24,119,32,0,175,38,0,38,213
05/03/2010,JNU,AK,AAL,WE,Towers with Radar,25,6,0,3,34,0,207,33,2,242,25,213,33,5,276,48,0,48,324
05/04/2010,JNU,AK,AAL,WE,Towers with Radar,24,4,0,4,32,2,301,30,0,333,26,305,30,4,365,34,0,34,399
05/05/2010,JNU,AK,AAL,WE,Towers with Radar,26,1,0,0,27,0,176,28,0,204,26,177,28,0,231,22,0,22,253
05/06/2010,JNU,AK,AAL,WE,Towers with Radar,27,2,1,0,30,0,202,31,0,233,27,204,32,0,263,6,0,6,269
05/07/2010,JNU,AK,AAL,WE,Towers with Radar,25,3,0,2,30,0,213,53,2,268,25,216,53,4,298,34,0,34,332
05/08/2010,JNU,AK,AAL,WE,Towers with Radar,26,0,0,0,26,0,260,81,0,341,26,260,81,0,367,52,0,52,419
05/09/2010,JNU,AK,AAL,WE,Towers with Radar,26,0,1,0,27,0,224,72,0,296,26,224,73,0,323,36,0,36,359
05/10/2010,JNU,AK,AAL,WE,Towers with Radar,18,2,2,0,22,1,218,56,3,278,19,220,58,3,300,6,0,6,306
05/11/2010,JNU,AK,AAL,WE,Towers with Radar,26,4,2,0,32,1,271,18,0,290,27,275,20,0,322,6,0,6,328
05/12/2010,JNU,AK,AAL,WE,Towers with Radar,25,5,1,0,31,0,193,13,3,209,25,198,14,3,240,96,0,96,336
05/13/2010,JNU,AK,AAL,WE,Towers with Radar,25,5,1,1,32,1,182,42,1,226,26,187,43,2,258,164,0,164,422
05/14/2010,JNU,AK,AAL,WE,Towers with Radar,23,4,1,0,28,0,304,72,1,377,23,308,73,1,405,156,0,156,561
05/15/2010,JNU,AK,AAL,WE,Towers with Radar,23,1,0,1,25,0,198,32,0,230,23,199,32,1,255,26,0,26,281
05/16/2010,JNU,AK,AAL,WE,Towers with Radar,25,0,2,1,28,0,218,64,0,282,25,218,66,1,310,4,0,4,314
05/17/2010,JNU,AK,AAL,WE,Towers with Radar,19,2,0,0,21,3,250,44,3,300,22,252,44,3,321,12,1,13,334
05/18/2010,JNU,AK,AAL,WE,Towers with Radar,23,1,2,0,26,2,314,49,0,365,25,315,51,0,391,18,0,18,409
05/19/2010,JNU,AK,AAL,WE,Towers with Radar,24,5,0,0,29,1,327,33,0,361,25,332,33,0,390,22,0,22,412
05/20/2010,JNU,AK,AAL,WE,Towers with Radar,23,3,0,0,26,2,305,40,2,349,25,308,40,2,375,20,0,20,395
05/21/2010,JNU,AK,AAL,WE,Towers with Radar,25,4,0,0,29,0,207,32,2,241,25,211,32,2,270,22,0,22,292
05/22/2010,JNU,AK,AAL,WE,Towers with Radar,20,1,2,0,23,0,200,58,0,258,20,201,60,0,281,12,4,16,297
05/23/2010,JNU,AK,AAL,WE,Towers with Radar,24,1,3,0,28,0,252,57,0,309,24,253,60,0,337,4,0,4,341
05/24/2010,JNU,AK,AAL,WE,Towers with Radar,20,5,1,0,26,3,374,83,0,460,23,379,84,0,486,26,0,26,512
05/25/2010,JNU,AK,AAL,WE,Towers with Radar,24,4,3,0,31,1,414,59,0,474,25,418,62,0,505,32,2,34,539
05/26/2010,JNU,AK,AAL,WE,Towers with Radar,18,3,2,2,25,4,385,62,0,451,22,388,64,2,476,18,0,18,494
05/27/2010,JNU,AK,AAL,WE,Towers with Radar,22,3,2,0,27,3,273,64,0,340,25,276,66,0,367,20,0,20,387
05/28/2010,JNU,AK,AAL,WE,Towers with Radar,24,2,0,0,26,0,325,76,0,401,24,327,76,0,427,20,0,20,447
05/29/2010,JNU,AK,AAL,WE,Towers with Radar,22,1,1,0,24,0,218,59,0,277,22,219,60,0,301,2,0,2,303
05/30/2010,JNU,AK,AAL,WE,Towers with Radar,24,1,4,0,29,0,292,48,0,340,24,293,52,0,369,16,0,16,385
05/31/2010,JNU,AK,AAL,WE,Towers with Radar,18,1,1,0,20,2,333,90,0,425,20,334,91,0,445,20,0,20,465
06/01/2010,JNU,AK,AAL,WE,Towers with Radar,21,6,2,0,29,1,350,31,0,382,22,356,33,0,411,22,0,22,433
06/02/2010,JNU,AK,AAL,WE,Towers with Radar,26,2,2,0,30,0,357,19,0,376,26,359,21,0,406,26,0,26,432
06/03/2010,JNU,AK,AAL,WE,Towers with Radar,21,3,1,0,25,2,338,31,0,371,23,341,32,0,396,6,0,6,402
06/04/2010,JNU,AK,AAL,WE,Towers with Radar,26,4,4,0,34,0,296,56,0,352,26,300,60,0,386,26,0,26,412
06/05/2010,JNU,AK,AAL,WE,Towers with Radar,23,3,3,0,29,0,246,41,0,287,23,249,44,0,316,8,0,8,324
06/06/2010,JNU,AK,AAL,WE,Towers with Radar,27,1,1,0,29,0,321,95,1,417,27,322,96,1,446,2,0,2,448
06/07/2010,JNU,AK,AAL,WE,Towers with Radar,23,5,1,1,30,1,372,53,6,432,24,377,54,7,462,22,12,34,496
06/08/2010,JNU,AK,AAL,WE,Towers with Radar,28,2,3,0,33,1,445,41,9,496,29,447,44,9,529,8,0,8,537
06/09/2010,JNU,AK,AAL,WE,Towers with Radar,30,3,3,0,36,0,433,48,0,481,30,436,51,0,517,42,0,42,559
06/10/2010,JNU,AK,AAL,WE,Towers with Radar,28,5,5,0,38,2,305,31,2,340,30,310,36,2,378,24,0,24,402
06/11/2010,JNU,AK,AAL,WE,Towers with Radar,33,5,1,0,39,0,303,53,2,358,33,308,54,2,397,0,0,0,397
06/12/2010,JNU,AK,AAL,WE,Towers with Radar,24,4,3,0,31,0,228,40,0,268,24,232,43,0,299,10,0,10,309
06/13/2010,JNU,AK,AAL,WE,Towers with Radar,30,1,2,0,33,2,272,24,1,299,32,273,26,1,332,20,0,20,352
06/14/2010,JNU,AK,AAL,WE,Towers with Radar,33,4,4,0,41,0,326,59,2,387,33,330,63,2,428,48,0,48,476
06/15/2010,JNU,AK,AAL,WE,Towers with Radar,32,2,3,0,37,0,308,40,0,348,32,310,43,0,385,10,0,10,395
06/16/2010,JNU,AK,AAL,WE,Towers with Radar,34,2,3,0,39,0,340,31,6,377,34,342,34,6,416,4,0,4,420
06/17/2010,JNU,AK,AAL,WE,Towers with Radar,36,3,3,0,42,2,324,28,2,356,38,327,31,2,398,2,0,2,400
06/18/2010,JNU,AK,AAL,WE,Towers with Radar,35,5,6,2,48,0,301,71,6,378,35,306,77,8,426,12,0,12,438
06/19/2010,JNU,AK,AAL,WE,Towers with Radar,30,4,3,0,37,3,333,67,0,403,33,337,70,0,440,8,0,8,448
06/20/2010,JNU,AK,AAL,WE,Towers with Radar,30,1,4,0,35,1,334,88,0,423,31,335,92,0,458,6,0,6,464
06/21/2010,JNU,AK,AAL,WE,Towers with Radar,29,1,1,0,31,1,324,48,3,376,30,325,49,3,407,18,0,18,425
06/22/2010,JNU,AK,AAL,WE,Towers with Radar,28,2,2,0,32,2,364,32,0,398,30,366,34,0,430,14,0,14,444
06/23/2010,JNU,AK,AAL,WE,Towers with Radar,33,4,4,0,41,0,206,9,0,215,33,210,13,0,256,4,0,4,260
06/24/2010,JNU,AK,AAL,WE,Towers with Radar,36,11,2,0,49,0,223,20,4,247,36,234,22,4,296,6,0,6,302
06/25/2010,JNU,AK,AAL,WE,Towers with Radar,34,4,7,0,45,0,346,71,4,421,34,350,78,4,466,6,0,6,472
06/26/2010,JNU,AK,AAL,WE,Towers with Radar,31,8,4,0,43,0,275,45,1,321,31,283,49,1,364,8,0,8,372
06/27/2010,JNU,AK,AAL,WE,Towers with Radar,26,0,1,0,27,7,343,63,0,413,33,343,64,0,440,12,0,12,452
06/28/2010,JNU,AK,AAL,WE,Towers with Radar,28,4,4,0,36,2,380,55,2,439,30,384,59,2,475,14,0,14,489
06/29/2010,JNU,AK,AAL,WE,Towers with Radar,29,5,3,0,37,1,470,52,3,526,30,475,55,3,563,8,0,8,571
06/30/2010,JNU,AK,AAL,WE,Towers with Radar,37,4,0,0,41,0,234,20,0,254,37,238,20,0,295,12,0,12,307
07/01/2010,JNU,AK,AAL,WE,Towers with Radar,37,5,2,0,44,1,335,53,0,389,38,340,55,0,433,6,0,6,439
07/02/2010,JNU,AK,AAL,WE,Towers with Radar,33,1,6,0,40,0,275,55,4,334,33,276,61,4,374,24,0,24,398
07/03/2010,JNU,AK,AAL,WE,Towers with Radar,34,6,5,0,45,0,223,25,0,248,34,229,30,0,293,26,0,26,319
07/04/2010,JNU,AK,AAL,WE,Towers with Radar,22,0,2,0,24,0,140,33,0,173,22,140,35,0,197,10,0,10,207
07/05/2010,JNU,AK,AAL,WE,Towers with Radar,25,4,2,0,31,0,339,33,0,372,25,343,35,0,403,14,0,14,417
07/06/2010,JNU,AK,AAL,WE,Towers with Radar,30,7,4,0,41,0,207,20,0,227,30,214,24,0,268,0,0,0,268
07/07/2010,JNU,AK,AAL,WE,Towers with Radar,25,4,5,0,34,4,522,54,5,585,29,526,59,5,619,54,10,64,683
07/08/2010,JNU,AK,AAL,WE,Towers with Radar,34,1,1,0,36,0,426,72,1,499,34,427,73,1,535,26,2,28,563
07/09/2010,JNU,AK,AAL,WE,Towers with Radar,31,5,11,1,48,0,367,75,3,445,31,372,86,4,493,52,0,52,545
07/10/2010,JNU,AK,AAL,WE,Towers with Radar,29,10,4,0,43,0,160,20,0,180,29,170,24,0,223,32,0,32,255
07/11/2010,JNU,AK,AAL,WE,Towers with Radar,34,1,4,0,39,0,279,26,0,305,34,280,30,0,344,12,0,12,356
07/12/2010,JNU,AK,AAL,WE,Towers with Radar,31,4,2,4,41,3,439,96,6,544,34,443,98,10,585,40,8,48,633
07/13/2010,JNU,AK,AAL,WE,Towers with Radar,31,6,10,4,51,1,366,31,4,402,32,372,41,8,453,0,0,0,453
07/14/2010,JNU,AK,AAL,WE,Towers with Radar,35,12,1,1,49,0,270,20,1,291,35,282,21,2,340,6,0,6,346
07/15/2010,JNU,AK,AAL,WE,Towers with Radar,39,8,5,0,52,0,267,19,2,288,39,275,24,2,340,0,0,0,340
07/16/2010,JNU,AK,AAL,WE,Towers with Radar,40,9,18,0,67,0,224,46,0,270,40,233,64,0,337,32,0,32,369
07/17/2010,JNU,AK,AAL,WE,Towers with Radar,31,2,3,0,36,0,295,59,0,354,31,297,62,0,390,16,0,16,406
07/18/2010,JNU,AK,AAL,WE,Towers with Radar,36,0,3,0,39,1,340,85,0,426,37,340,88,0,465,22,0,22,487
07/19/2010,JNU,AK,AAL,WE,Towers with Radar,27,6,4,0,37,4,463,67,4,538,31,469,71,4,575,8,0,8,583
07/20/2010,JNU,AK,AAL,WE,Towers with Radar,30,3,5,0,38,1,459,61,1,522,31,462,66,1,560,12,0,12,572
07/21/2010,JNU,AK,AAL,WE,Towers with Radar,34,9,11,0,54,0,175,17,0,192,34,184,28,0,246,0,0,0,246
07/22/2010,JNU,AK,AAL,WE,Towers with Radar,31,3,9,0,43,0,365,36,3,404,31,368,45,3,447,2,0,2,449
07/23/2010,JNU,AK,AAL,WE,Towers with Radar,37,9,3,1,50,0,251,21,2,274,37,260,24,3,324,0,0,0,324
07/24/2010,JNU,AK,AAL,WE,Towers with Radar,34,5,3,0,42,0,242,29,0,271,34,247,32,0,313,6,0,6,319
07/25/2010,JNU,AK,AAL,WE,Towers with Radar,32,0,5,0,37,1,360,54,0,415,33,360,59,0,452,20,0,20,472
07/26/2010,JNU,AK,AAL,WE,Towers with Radar,29,2,8,0,39,3,488,94,0,585,32,490,102,0,624,18,0,18,642
07/27/2010,JNU,AK,AAL,WE,Towers with Radar,28,2,3,0,33,1,486,83,0,570,29,488,86,0,603,20,0,20,623
07/28/2010,JNU,AK,AAL,WE,Towers with Radar,30,7,4,1,42,6,460,45,1,512,36,467,49,2,554,8,0,8,562
07/29/2010,JNU,AK,AAL,WE,Towers with Radar,35,7,8,1,51,1,375,51,0,427,36,382,59,1,478,20,0,20,498
07/30/2010,JNU,AK,AAL,WE,Towers with Radar,34,2,5,0,41,1,296,74,3,374,35,298,79,3,415,72,0,72,487
07/31/2010,JNU,AK,AAL,WE,Towers with Radar,34,3,2,0,39,0,280,37,1,318,34,283,39,1,357,26,0,26,383
08/01/2010,JNU,AK,AAL,WE,Towers with Radar,34,3,3,0,40,0,237,49,0,286,34,240,52,0,326,0,0,0,326
08/02/2010,JNU,AK,AAL,WE,Towers with Radar,31,6,6,1,44,0,442,52,1,495,31,448,58,2,539,20,0,20,559
08/03/2010,JNU,AK,AAL,WE,Towers with Radar,28,3,2,0,33,3,548,55,2,608,31,551,57,2,641,0,0,0,641
08/04/2010,JNU,AK,AAL,WE,Towers with Radar,30,2,5,0,37,2,505,57,0,564,32,507,62,0,601,6,0,6,607
08/05/2010,JNU,AK,AAL,WE,Towers with Radar,35,5,4,1,45,0,365,38,7,410,35,370,42,8,455,30,0,30,485
08/06/2010,JNU,AK,AAL,WE,Towers with Radar,32,8,3,0,43,1,154,36,2,193,33,162,39,2,236,16,0,16,252
08/07/2010,JNU,AK,AAL,WE,Towers with Radar,31,7,15,0,53,0,239,41,0,280,31,246,56,0,333,40,0,40,373
08/08/2010,JNU,AK,AAL,WE,Towers with Radar,33,4,8,2,47,0,188,33,3,224,33,192,41,5,271,0,0,0,271
08/09/2010,JNU,AK,AAL,WE,Towers with Radar,32,6,5,1,44,0,387,52,2,441,32,393,57,3,485,22,0,22,507
08/10/2010,JNU,AK,AAL,WE,Towers with Radar,33,6,3,0,42,0,209,30,0,239,33,215,33,0,281,2,0,2,283
08/11/2010,JNU,AK,AAL,WE,Towers with Radar,31,6,4,0,41,0,325,30,4,359,31,331,34,4,400,10,0,10,410
08/12/2010,JNU,AK,AAL,WE,Towers with Radar,36,1,3,2,42,1,443,66,3,513,37,444,69,5,555,0,0,0,555
08/13/2010,JNU,AK,AAL,WE,Towers with Radar,32,2,7,0,41,3,289,59,0,351,35,291,66,0,392,0,0,0,392
08/14/2010,JNU,AK,AAL,WE,Towers with Radar,27,27,3,0,57,1,232,42,0,275,28,259,45,0,332,14,0,14,346
08/15/2010,JNU,AK,AAL,WE,Towers with Radar,33,3,5,0,41,0,393,92,0,485,33,396,97,0,526,14,0,14,540
08/16/2010,JNU,AK,AAL,WE,Towers with Radar,28,4,7,0,39,4,457,70,0,531,32,461,77,0,570,4,0,4,574
08/17/2010,JNU,AK,AAL,WE,Towers with Radar,33,7,7,0,47,0,407,35,0,442,33,414,42,0,489,4,0,4,493
08/18/2010,JNU,AK,AAL,WE,Towers with Radar,30,4,2,0,36,3,226,15,0,244,33,230,17,0,280,4,0,4,284
08/19/2010,JNU,AK,AAL,WE,Towers with Radar,35,5,2,0,42,0,264,29,2,295,35,269,31,2,337,54,30,84,421
08/20/2010,JNU,AK,AAL,WE,Towers with Radar,37,7,11,0,55,0,330,65,0,395,37,337,76,0,450,42,24,66,516
08/21/2010,JNU,AK,AAL,WE,Towers with Radar,27,2,8,1,38,2,232,53,0,287,29,234,61,1,325,0,0,0,325
08/22/2010,JNU,AK,AAL,WE,Towers with Radar,29,2,4,1,36,1,321,52,0,374,30,323,56,1,410,0,0,0,410
08/23/2010,JNU,AK,AAL,WE,Towers with Radar,24,5,4,0,33,0,268,25,0,293,24,273,29,0,326,8,0,8,334
08/24/2010,JNU,AK,AAL,WE,Towers with Radar,27,8,5,0,40,0,375,14,0,389,27,383,19,0,429,12,0,12,441
08/25/2010,JNU,AK,AAL,WE,Towers with Radar,25,8,10,1,44,0,371,39,3,413,25,379,49,4,457,16,22,38,495
08/26/2010,JNU,AK,AAL,WE,Towers with Radar,28,4,3,0,35,0,342,39,7,388,28,346,42,7,423,6,12,18,441
08/27/2010,JNU,AK,AAL,WE,Towers with Radar,29,4,6,0,39,0,287,68,3,358,29,291,74,3,397,34,0,34,431
08/28/2010,JNU,AK,AAL,WE,Towers with Radar,26,1,8,0,35,0,327,55,0,382,26,328,63,0,417,12,0,12,429
08/29/2010,JNU,AK,AAL,WE,Towers with Radar,26,0,5,0,31,0,307,46,5,358,26,307,51,5,389,18,0,18,407
08/30/2010,JNU,AK,AAL,WE,Towers with Radar,21,1,4,0,26,0,341,48,0,389,21,342,52,0,415,16,0,16,431
08/31/2010,JNU,AK,AAL,WE,Towers with Radar,26,3,2,0,31,2,335,50,1,388,28,338,52,1,419,4,0,4,423
09/01/2010,JNU,AK,AAL,WE,Towers with Radar,28,4,3,0,35,0,280,15,1,296,28,284,18,1,331,0,0,0,331
09/02/2010,JNU,AK,AAL,WE,Towers with Radar,28,24,3,0,55,0,131,20,0,151,28,155,23,0,206,8,0,8,214
09/03/2010,JNU,AK,AAL,WE,Towers with Radar,28,5,3,1,37,0,313,49,1,363,28,318,52,2,400,34,0,34,434
09/04/2010,JNU,AK,AAL,WE,Towers with Radar,24,2,1,0,27,0,267,63,0,330,24,269,64,0,357,26,0,26,383
09/05/2010,JNU,AK,AAL,WE,Towers with Radar,27,0,1,0,28,0,208,19,0,227,27,208,20,0,255,0,0,0,255
09/06/2010,JNU,AK,AAL,WE,Towers with Radar,27,0,1,0,28,0,319,54,0,373,27,319,55,0,401,0,0,0,401
09/07/2010,JNU,AK,AAL,WE,Towers with Radar,19,4,5,0,28,1,272,39,0,312,20,276,44,0,340,24,0,24,364
09/08/2010,JNU,AK,AAL,WE,Towers with Radar,25,4,3,2,34,1,337,32,8,378,26,341,35,10,412,0,0,0,412
09/09/2010,JNU,AK,AAL,WE,Towers with Radar,23,4,3,0,30,2,192,22,1,217,25,196,25,1,247,22,0,22,269
09/10/2010,JNU,AK,AAL,WE,Towers with Radar,28,3,6,0,37,0,258,34,2,294,28,261,40,2,331,0,0,0,331
09/11/2010,JNU,AK,AAL,WE,Towers with Radar,24,2,2,0,28,0,225,57,0,282,24,227,59,0,310,0,0,0,310
09/12/2010,JNU,AK,AAL,WE,Towers with Radar,26,0,2,0,28,0,232,42,2,276,26,232,44,2,304,28,0,28,332
09/13/2010,JNU,AK,AAL,WE,Towers with Radar,24,4,0,2,30,0,264,50,0,314,24,268,50,2,344,48,0,48,392
09/14/2010,JNU,AK,AAL,WE,Towers with Radar,24,3,1,0,28,1,268,69,1,339,25,271,70,1,367,8,0,8,375
09/15/2010,JNU,AK,AAL,WE,Towers with Radar,27,4,0,0,31,2,294,35,3,334,29,298,35,3,365,0,0,0,365
09/16/2010,JNU,AK,AAL,WE,Towers with Radar,27,4,0,0,31,0,272,53,1,326,27,276,53,1,357,0,0,0,357
09/17/2010,JNU,AK,AAL,WE,Towers with Radar,25,4,3,0,32,2,212,56,2,272,27,216,59,2,304,4,0,4,308
09/18/2010,JNU,AK,AAL,WE,Towers with Radar,24,0,2,0,26,0,188,50,0,238,24,188,52,0,264,12,0,12,276
09/19/2010,JNU,AK,AAL,WE,Towers with Radar,25,1,0,0,26,0,159,33,0,192,25,160,33,0,218,10,0,10,228
09/20/2010,JNU,AK,AAL,WE,Towers with Radar,20,3,0,0,23,0,251,51,4,306,20,254,51,4,329,0,0,0,329
09/21/2010,JNU,AK,AAL,WE,Towers with Radar,28,5,0,0,33,0,219,41,0,260,28,224,41,0,293,0,0,0,293
09/22/2010,JNU,AK,AAL,WE,Towers with Radar,25,4,0,0,29,0,301,44,2,347,25,305,44,2,376,16,0,16,392
09/23/2010,JNU,AK,AAL,WE,Towers with Radar,24,5,0,1,30,0,201,20,2,223,24,206,20,3,253,6,10,16,269
09/24/2010,JNU,AK,AAL,WE,Towers with Radar,27,6,5,0,38,0,122,16,0,138,27,128,21,0,176,24,0,24,200
09/25/2010,JNU,AK,AAL,WE,Towers with Radar,21,4,1,0,26,0,110,12,0,122,21,114,13,0,148,12,0,12,160
09/26/2010,JNU,AK,AAL,WE,Towers with Radar,25,0,1,0,26,0,145,21,0,166,25,145,22,0,192,0,0,0,192
09/27/2010,JNU,AK,AAL,WE,Towers with Radar,22,7,1,0,30,0,150,10,0,160,22,157,11,0,190,0,0,0,190
09/28/2010,JNU,AK,AAL,WE,Towers with Radar,24,3,6,2,35,0,146,17,0,163,24,149,23,2,198,24,0,24,222
09/29/2010,JNU,AK,AAL,WE,Towers with Radar,23,3,6,0,32,0,204,15,0,219,23,207,21,0,251,0,0,0,251
09/30/2010,JNU,AK,AAL,WE,Towers with Radar,23,4,1,0,28,0,139,28,2,169,23,143,29,2,197,0,0,0,197
10/01/2010,JNU,AK,AAL,WE,Towers with Radar,17,8,2,0,27,0,121,41,0,162,17,129,43,0,189,4,0,4,193
10/02/2010,JNU,AK,AAL,WE,Towers with Radar,14,0,1,0,15,1,131,23,0,155,15,131,24,0,170,0,0,0,170
10/03/2010,JNU,AK,AAL,WE,Towers with Radar,20,0,1,0,21,0,132,33,0,165,20,132,34,0,186,0,0,0,186
10/04/2010,JNU,AK,AAL,WE,Towers with Radar,15,2,0,0,17,0,145,21,0,166,15,147,21,0,183,0,0,0,183
10/05/2010,JNU,AK,AAL,WE,Towers with Radar,19,5,1,0,25,0,39,4,3,46,19,44,5,3,71,0,0,0,71
10/06/2010,JNU,AK,AAL,WE,Towers with Radar,16,2,5,0,23,0,154,28,1,183,16,156,33,1,206,0,0,0,206
10/07/2010,JNU,AK,AAL,WE,Towers with Radar,21,17,0,1,39,0,120,39,2,161,21,137,39,3,200,0,0,0,200
10/08/2010,JNU,AK,AAL,WE,Towers with Radar,15,3,0,2,20,1,151,23,1,176,16,154,23,3,196,4,0,4,200
10/09/2010,JNU,AK,AAL,WE,Towers with Radar,18,2,1,0,21,0,79,9,0,88,18,81,10,0,109,14,0,14,123
10/10/2010,JNU,AK,AAL,WE,Towers with Radar,19,3,1,0,23,0,99,31,0,130,19,102,32,0,153,6,0,6,159
10/11/2010,JNU,AK,AAL,WE,Towers with Radar,16,3,2,0,21,0,142,35,0,177,16,145,37,0,198,8,0,8,206
10/12/2010,JNU,AK,AAL,WE,Towers with Radar,2,2,0,0,4,0,47,1,0,48,2,49,1,0,52,0,0,0,52
10/13/2010,JNU,AK,AAL,WE,Towers with Radar,19,4,0,0,23,0,178,23,0,201,19,182,23,0,224,6,0,6,230
10/14/2010,JNU,AK,AAL,WE,Towers with Radar,16,4,0,2,22,0,131,10,3,144,16,135,10,5,166,0,8,8,174
10/15/2010,JNU,AK,AAL,WE,Towers with Radar,11,2,1,2,16,0,121,13,1,135,11,123,14,3,151,0,0,0,151
10/16/2010,JNU,AK,AAL,WE,Towers with Radar,13,5,0,0,18,0,122,23,3,148,13,127,23,3,166,0,0,0,166
10/17/2010,JNU,AK,AAL,WE,Towers with Radar,18,0,0,0,18,0,81,12,0,93,18,81,12,0,111,0,0,0,111
10/18/2010,JNU,AK,AAL,WE,Towers with Radar,15,2,1,0,18,0,153,38,0,191,15,155,39,0,209,12,0,12,221
10/19/2010,JNU,AK,AAL,WE,Towers with Radar,19,3,0,0,22,0,150,19,2,171,19,153,19,2,193,6,0,6,199
10/20/2010,JNU,AK,AAL,WE,Towers with Radar,18,2,0,0,20,0,169,30,0,199,18,171,30,0,219,24,2,26,245
10/21/2010,JNU,AK,AAL,WE,Towers with Radar,18,2,0,0,20,0,164,29,1,194,18,166,29,1,214,52,0,52,266
10/22/2010,JNU,AK,AAL,WE,Towers with Radar,21,2,3,0,26,0,156,24,5,185,21,158,27,5,211,12,0,12,223
10/23/2010,JNU,AK,AAL,WE,Towers with Radar,18,0,1,0,19,0,132,29,0,161,18,132,30,0,180,0,0,0,180
10/24/2010,JNU,AK,AAL,WE,Towers with Radar,16,1,0,0,17,3,94,22,0,119,19,95,22,0,136,4,0,4,140
10/25/2010,JNU,AK,AAL,WE,Towers with Radar,16,5,1,0,22,0,154,26,3,183,16,159,27,3,205,14,0,14,219
10/26/2010,JNU,AK,AAL,WE,Towers with Radar,17,4,6,2,29,0,155,16,4,175,17,159,22,6,204,28,0,28,232
10/27/2010,JNU,AK,AAL,WE,Towers with Radar,17,18,0,0,35,0,134,32,0,166,17,152,32,0,201,4,0,4,205
10/28/2010,JNU,AK,AAL,WE,Towers with Radar,19,3,1,0,23,0,147,25,0,172,19,150,26,0,195,2,0,2,197
10/29/2010,JNU,AK,AAL,WE,Towers with Radar,12,2,2,0,16,0,100,4,0,104,12,102,6,0,120,0,0,0,120
10/30/2010,JNU,AK,AAL,WE,Towers with Radar,16,2,2,0,20,0,100,26,0,126,16,102,28,0,146,34,0,34,180
10/31/2010,JNU,AK,AAL,WE,Towers with Radar,15,74,19,0,108,0,0,0,0,0,15,74,19,0,108,0,0,0,108
11/01/2010,JNU,AK,AAL,WE,Towers with Radar,12,2,0,0,14,0,130,3,0,133,12,132,3,0,147,0,0,0,147
11/02/2010,JNU,AK,AAL,WE,Towers with Radar,15,1,0,0,16,0,108,4,2,114,15,109,4,2,130,0,0,0,130
11/03/2010,JNU,AK,AAL,WE,Towers with Radar,15,2,0,0,17,0,111,5,0,116,15,113,5,0,133,0,0,0,133
11/04/2010,JNU,AK,AAL,WE,Towers with Radar,18,3,5,0,26,0,128,26,0,154,18,131,31,0,180,2,0,2,182
11/05/2010,JNU,AK,AAL,WE,Towers with Radar,22,1,1,0,24,0,121,20,0,141,22,122,21,0,165,0,0,0,165
11/06/2010,JNU,AK,AAL,WE,Towers with Radar,13,2,1,0,16,0,98,21,0,119,13,100,22,0,135,16,0,16,151
11/07/2010,JNU,AK,AAL,WE,Towers with Radar,15,0,1,0,16,0,96,26,0,122,15,96,27,0,138,2,0,2,140
11/08/2010,JNU,AK,AAL,WE,Towers with Radar,13,1,4,0,18,0,150,26,2,178,13,151,30,2,196,4,0,4,200
11/09/2010,JNU,AK,AAL,WE,Towers with Radar,18,3,0,0,21,0,175,43,0,218,18,178,43,0,239,22,0,22,261
11/10/2010,JNU,AK,AAL,WE,Towers with Radar,17,2,1,0,20,0,130,28,2,160,17,132,29,2,180,6,0,6,186
11/11/2010,JNU,AK,AAL,WE,Towers with Radar,18,4,1,0,23,0,108,17,0,125,18,112,18,0,148,4,0,4,152
11/12/2010,JNU,AK,AAL,WE,Towers with Radar,15,1,0,0,16,0,97,7,0,104,15,98,7,0,120,10,0,10,130
11/13/2010,JNU,AK,AAL,WE,Towers with Radar,13,1,1,0,15,0,100,18,0,118,13,101,19,0,133,12,0,12,145
11/14/2010,JNU,AK,AAL,WE,Towers with Radar,17,0,1,0,18,0,93,24,0,117,17,93,25,0,135,4,0,4,139
11/15/2010,JNU,AK,AAL,WE,Towers with Radar,13,2,0,0,15,0,145,21,0,166,13,147,21,0,181,16,0,16,197
11/16/2010,JNU,AK,AAL,WE,Towers with Radar,20,2,1,0,23,0,145,26,0,171,20,147,27,0,194,4,0,4,198
11/17/2010,JNU,AK,AAL,WE,Towers with Radar,18,4,2,0,24,0,90,6,0,96,18,94,8,0,120,0,0,0,120
11/18/2010,JNU,AK,AAL,WE,Towers with Radar,17,6,0,0,23,0,131,23,0,154,17,137,23,0,177,20,0,20,197
11/19/2010,JNU,AK,AAL,WE,Towers with Radar,11,3,0,0,14,0,135,36,0,171,11,138,36,0,185,14,0,14,199
11/20/2010,JNU,AK,AAL,WE,Towers with Radar,16,3,4,0,23,0,113,38,1,152,16,116,42,1,175,10,0,10,185
11/21/2010,JNU,AK,AAL,WE,Towers with Radar,15,0,1,0,16,0,87,31,0,118,15,87,32,0,134,6,0,6,140
11/22/2010,JNU,AK,AAL,WE,Towers with Radar,13,3,3,0,19,0,109,23,2,134,13,112,26,2,153,2,0,2,155
11/23/2010,JNU,AK,AAL,WE,Towers with Radar,16,3,4,0,23,0,88,4,0,92,16,91,8,0,115,0,0,0,115
11/24/2010,JNU,AK,AAL,WE,Towers with Radar,17,4,0,0,21,0,83,8,0,91,17,87,8,0,112,0,0,0,112
11/25/2010,JNU,AK,AAL,WE,Towers with Radar,10,1,0,0,11,0,14,13,0,27,10,15,13,0,38,0,0,0,38
11/26/2010,JNU,AK,AAL,WE,Towers with Radar,10,2,0,0,12,1,123,24,0,148,11,125,24,0,160,30,0,30,190
11/27/2010,JNU,AK,AAL,WE,Towers with Radar,17,0,3,0,20,0,78,24,0,102,17,78,27,0,122,8,0,8,130
11/28/2010,JNU,AK,AAL,WE,Towers with Radar,17,1,0,0,18,0,82,15,0,97,17,83,15,0,115,0,0,0,115
11/29/2010,JNU,AK,AAL,WE,Towers with Radar,13,4,0,0,17,0,82,4,2,88,13,86,4,2,105,10,0,10,115
11/30/2010,JNU,AK,AAL,WE,Towers with Radar,15,9,0,1,25,0,2,2,0,4,15,11,2,1,29,0,0,0,29
12/01/2010,JNU,AK,AAL,WE,Towers with Radar,16,3,1,2,22,0,122,13,8,143,16,125,14,10,165,4,0,4,169
12/02/2010,JNU,AK,AAL,WE,Towers with Radar,19,5,1,0,25,0,116,31,2,149,19,121,32,2,174,10,0,10,184
12/03/2010,JNU,AK,AAL,WE,Towers with Radar,16,3,2,1,22,0,85,12,1,98,16,88,14,2,120,0,0,0,120
12/04/2010,JNU,AK,AAL,WE,Towers with Radar,17,4,0,0,21,0,19,0,0,19,17,23,0,0,40,0,0,0,40
12/05/2010,JNU,AK,AAL,WE,Towers with Radar,16,0,3,0,19,0,92,14,0,106,16,92,17,0,125,0,0,0,125
12/06/2010,JNU,AK,AAL,WE,Towers with Radar,15,2,0,0,17,0,118,12,0,130,15,120,12,0,147,14,0,14,161
12/07/2010,JNU,AK,AAL,WE,Towers with Radar,19,4,1,0,24,0,106,13,2,121,19,110,14,2,145,6,0,6,151
12/08/2010,JNU,AK,AAL,WE,Towers with Radar,16,4,2,1,23,0,108,13,1,122,16,112,15,2,145,8,0,8,153
12/09/2010,JNU,AK,AAL,WE,Towers with Radar,18,6,3,0,27,0,122,15,1,138,18,128,18,1,165,10,0,10,175
12/10/2010,JNU,AK,AAL,WE,Towers with Radar,15,2,0,0,17,0,71,2,0,73,15,73,2,0,90,0,0,0,90
12/11/2010,JNU,AK,AAL,WE,Towers with Radar,17,3,4,0,24,0,9,0,0,9,17,12,4,0,33,0,0,0,33
12/12/2010,JNU,AK,AAL,WE,Towers with Radar,17,0,1,0,18,0,58,24,0,82,17,58,25,0,100,0,0,0,100
12/13/2010,JNU,AK,AAL,WE,Towers with Radar,14,4,1,0,19,0,87,5,1,93,14,91,6,1,112,0,0,0,112
12/14/2010,JNU,AK,AAL,WE,Towers with Radar,14,2,0,0,16,0,97,10,0,107,14,99,10,0,123,14,0,14,137
12/15/2010,JNU,AK,AAL,WE,Towers with Radar,15,2,0,0,17,0,80,6,2,88,15,82,6,2,105,6,0,6,111
12/16/2010,JNU,AK,AAL,WE,Towers with Radar,16,3,0,2,21,0,126,12,10,148,16,129,12,12,169,20,0,20,189
12/17/2010,JNU,AK,AAL,WE,Towers with Radar,15,2,0,0,17,0,261,19,0,280,15,263,19,0,297,16,0,16,313
12/18/2010,JNU,AK,AAL,WE,Towers with Radar,16,0,0,2,18,0,81,7,2,90,16,81,7,4,108,0,0,0,108
12/19/2010,JNU,AK,AAL,WE,Towers with Radar,18,2,0,0,20,0,82,11,0,93,18,84,11,0,113,12,0,12,125
12/20/2010,JNU,AK,AAL,WE,Towers with Radar,15,2,1,0,18,0,107,15,0,122,15,109,16,0,140,0,0,0,140
12/21/2010,JNU,AK,AAL,WE,Towers with Radar,19,2,0,2,23,0,122,19,0,141,19,124,19,2,164,2,0,2,166
12/22/2010,JNU,AK,AAL,WE,Towers with Radar,17,2,1,3,23,0,118,14,3,135,17,120,15,6,158,6,0,6,164
12/23/2010,JNU,AK,AAL,WE,Towers with Radar,18,5,2,0,25,0,91,20,0,111,18,96,22,0,136,18,0,18,154
12/24/2010,JNU,AK,AAL,WE,Towers with Radar,11,4,0,0,15,0,77,8,0,85,11,81,8,0,100,0,0,0,100
12/25/2010,JNU,AK,AAL,WE,Towers with Radar,5,0,0,0,5,0,1,2,0,3,5,1,2,0,8,0,0,0,8
12/26/2010,JNU,AK,AAL,WE,Towers with Radar,16,0,0,0,16,0,67,12,0,79,16,67,12,0,95,6,0,6,101
12/27/2010,JNU,AK,AAL,WE,Towers with Radar,13,4,1,0,18,0,32,0,0,32,13,36,1,0,50,0,0,0,50
12/28/2010,JNU,AK,AAL,WE,Towers with Radar,14,2,2,1,19,0,92,24,1,117,14,94,26,2,136,4,0,4,140
12/29/2010,JNU,AK,AAL,WE,Towers with Radar,16,3,0,0,19,0,53,4,0,57,16,56,4,0,76,0,0,0,76
12/30/2010,JNU,AK,AAL,WE,Towers with Radar,15,1,0,0,16,0,0,0,0,0,15,1,0,0,16,0,0,0,16
12/31/2010,JNU,AK,AAL,WE,Towers with Radar,14,5,0,0,19,0,93,16,0,109,14,98,16,0,128,2,0,2,130
01/01/2011,JNU,AK,AAL,WE,Towers with Radar,8,0,1,0,9,0,22,4,0,26,8,22,5,0,35,0,0,0,35
01/02/2011,JNU,AK,AAL,WE,Towers with Radar,17,0,0,0,17,0,79,4,0,83,17,79,4,0,100,0,0,0,100
01/03/2011,JNU,AK,AAL,WE,Towers with Radar,13,3,1,2,19,0,81,9,0,90,13,84,10,2,109,0,2,2,111
01/04/2011,JNU,AK,AAL,WE,Towers with Radar,18,3,6,0,27,0,66,2,2,70,18,69,8,2,97,0,0,0,97
01/05/2011,JNU,AK,AAL,WE,Towers with Radar,16,8,2,0,26,0,85,0,2,87,16,93,2,2,113,8,0,8,121
01/06/2011,JNU,AK,AAL,WE,Towers with Radar,16,3,2,1,22,0,75,10,4,89,16,78,12,5,111,0,0,0,111
01/07/2011,JNU,AK,AAL,WE,Towers with Radar,13,3,1,1,18,0,131,16,3,150,13,134,17,4,168,32,0,32,200
01/08/2011,JNU,AK,AAL,WE,Towers with Radar,15,0,0,0,15,0,96,27,2,125,15,96,27,2,140,40,0,40,180
01/09/2011,JNU,AK,AAL,WE,Towers with Radar,19,1,1,1,22,1,86,21,0,108,20,87,22,1,130,0,0,0,130
01/10/2011,JNU,AK,AAL,WE,Towers with Radar,11,4,1,0,16,0,84,10,0,94,11,88,11,0,110,0,0,0,110
01/11/2011,JNU,AK,AAL,WE,Towers with Radar,16,4,2,0,22,0,69,7,0,76,16,73,9,0,98,2,0,2,100
01/12/2011,JNU,AK,AAL,WE,Towers with Radar,16,8,2,0,26,0,30,3,2,35,16,38,5,2,61,2,0,2,63
01/13/2011,JNU,AK,AAL,WE,Towers with Radar,16,4,3,0,23,0,68,3,2,73,16,72,6,2,96,8,0,8,104
01/14/2011,JNU,AK,AAL,WE,Towers with Radar,15,2,2,0,19,0,54,1,0,55,15,56,3,0,74,0,0,0,74
01/15/2011,JNU,AK,AAL,WE,Towers with Radar,12,3,0,0,15,0,52,3,0,55,12,55,3,0,70,0,0,0,70
01/16/2011,JNU,AK,AAL,WE,Towers with Radar,10,3,0,0,13,0,27,0,0,27,10,30,0,0,40,0,0,0,40
01/17/2011,JNU,AK,AAL,WE,Towers with Radar,15,5,0,0,20,0,25,2,0,27,15,30,2,0,47,2,0,2,49
01/18/2011,JNU,AK,AAL,WE,Towers with Radar,22,2,1,0,25,0,117,8,0,125,22,119,9,0,150,4,0,4,154
01/19/2011,JNU,AK,AAL,WE,Towers with Radar,9,4,0,1,14,0,34,5,0,39,9,38,5,1,53,12,0,12,65
01/20/2011,JNU,AK,AAL,WE,Towers with Radar,15,7,1,0,23,0,70,3,3,76,15,77,4,3,99,4,28,32,131
01/21/2011,JNU,AK,AAL,WE,Towers with Radar,16,4,0,0,20,0,33,7,0,40,16,37,7,0,60,0,0,0,60
01/22/2011,JNU,AK,AAL,WE,Towers with Radar,15,2,3,0,20,0,72,8,0,80,15,74,11,0,100,0,0,0,100
01/23/2011,JNU,AK,AAL,WE,Towers with Radar,15,3,1,1,20,0,63,6,1,70,15,66,7,2,90,0,0,0,90
01/24/2011,JNU,AK,AAL,WE,Towers with Radar,14,3,3,2,22,0,80,4,1,85,14,83,7,3,107,8,0,8,115
01/25/2011,JNU,AK,AAL,WE,Towers with Radar,14,0,0,0,14,0,80,8,5,93,14,80,8,5,107,4,0,4,111
01/26/2011,JNU,AK,AAL,WE,Towers with Radar,15,4,5,1,25,0,84,3,11,98,15,88,8,12,123,0,18,18,141
01/27/2011,JNU,AK,AAL,WE,Towers with Radar,15,2,1,1,19,0,107,16,1,124,15,109,17,2,143,6,0,6,149
01/28/2011,JNU,AK,AAL,WE,Towers with Radar,19,2,1,0,22,0,105,39,2,146,19,107,40,2,168,32,0,32,200
01/29/2011,JNU,AK,AAL,WE,Towers with Radar,16,3,0,0,19,0,85,44,0,129,16,88,44,0,148,22,0,22,170
01/30/2011,JNU,AK,AAL,WE,Towers with Radar,16,0,0,0,16,0,74,21,0,95,16,74,21,0,111,8,0,8,119
01/31/2011,JNU,AK,AAL,WE,Towers with Radar,14,2,0,2,18,0,67,12,0,79,14,69,12,2,97,14,0,14,111
02/01/2011,JNU,AK,AAL,WE,Towers with Radar,15,2,6,2,25,0,48,10,0,58,15,50,16,2,83,10,0,10,93
02/02/2011,JNU,AK,AAL,WE,Towers with Radar,16,2,3,0,21,0,61,0,0,61,16,63,3,0,82,0,0,0,82
02/03/2011,JNU,AK,AAL,WE,Towers with Radar,19,0,1,0,20,0,72,5,3,80,19,72,6,3,100,10,0,10,110
02/04/2011,JNU,AK,AAL,WE,Towers with Radar,11,2,0,0,13,0,68,10,1,79,11,70,10,1,92,10,0,10,102
02/05/2011,JNU,AK,AAL,WE,Towers with Radar,16,1,1,0,18,0,120,24,0,144,16,121,25,0,162,10,0,10,172
02/06/2011,JNU,AK,AAL,WE,Towers with Radar,18,2,1,0,21,0,93,22,0,115,18,95,23,0,136,14,0,14,150
02/07/2011,JNU,AK,AAL,WE,Towers with Radar,17,2,0,1,20,0,95,31,3,129,17,97,31,4,149,10,10,20,169
02/08/2011,JNU,AK,AAL,WE,Towers with Radar,13,4,5,0,22,2,98,27,2,129,15,102,32,2,151,34,0,34,185
02/09/2011,JNU,AK,AAL,WE,Towers with Radar,19,26,3,0,48,0,8,1,0,9,19,34,4,0,57,0,0,0,57
02/10/2011,JNU,AK,AAL,WE,Towers with Radar,21,5,1,0,27,0,75,9,4,88,21,80,10,4,115,46,0,46,161
02/11/2011,JNU,AK,AAL,WE,Towers with Radar,17,3,2,0,22,0,109,19,2,130,17,112,21,2,152,38,0,38,190
02/12/2011,JNU,AK,AAL,WE,Towers with Radar,16,1,0,0,17,0,93,12,5,110,16,94,12,5,127,26,2,28,155
02/13/2011,JNU,AK,AAL,WE,Towers with Radar,16,1,0,0,17,0,16,7,0,23,16,17,7,0,40,38,0,38,78
02/14/2011,JNU,AK,AAL,WE,Towers with Radar,12,0,1,0,13,1,77,5,0,83,13,77,6,0,96,18,0,18,114
02/15/2011,JNU,AK,AAL,WE,Towers with Radar,18,4,3,0,25,0,70,4,0,74,18,74,7,0,99,0,0,0,99
02/16/2011,JNU,AK,AAL,WE,Towers with Radar,22,1,1,0,24,0,113,9,3,125,22,114,10,3,149,14,0,14,163
02/17/2011,JNU,AK,AAL,WE,Towers with Radar,23,0,1,0,24,0,152,12,2,166,23,152,13,2,190,18,0,18,208
02/18/2011,JNU,AK,AAL,WE,Towers with Radar,20,1,1,0,22,0,139,13,0,152,20,140,14,0,174,6,0,6,180
02/19/2011,JNU,AK,AAL,WE,Towers with Radar,14,0,0,2,16,0,0,0,0,0,14,0,0,2,16,0,0,0,16
02/20/2011,JNU,AK,AAL,WE,Towers with Radar,18,3,2,0,23,0,86,16,0,102,18,89,18,0,125,0,0,0,125
02/21/2011,JNU,AK,AAL,WE,Towers with Radar,14,1,1,0,16,0,86,14,1,101,14,87,15,1,117,6,0,6,123
02/22/2011,JNU,AK,AAL,WE,Towers with Radar,15,2,5,0,22,0,110,4,1,115,15,112,9,1,137,0,18,18,155
02/23/2011,JNU,AK,AAL,WE,Towers with Radar,19,2,1,0,22,0,83,12,1,96,19,85,13,1,118,14,0,14,132
02/24/2011,JNU,AK,AAL,WE,Towers with Radar,25,1,0,0,26,0,137,41,3,181,25,138,41,3,207,8,6,14,221
02/25/2011,JNU,AK,AAL,WE,Towers with Radar,19,0,0,3,22,0,85,8,2,95,19,85,8,5,117,6,2,8,125
02/26/2011,JNU,AK,AAL,WE,Towers with Radar,20,1,1,0,22,0,73,11,1,85,20,74,12,1,107,8,0,8,115
02/27/2011,JNU,AK,AAL,WE,Towers with Radar,18,1,0,0,19,0,68,3,0,71,18,69,3,0,90,0,0,0,90
02/28/2011,JNU,AK,AAL,WE,Towers with Radar,14,3,0,1,18,0,53,0,1,54,14,56,0,2,72,0,0,0,72
03/01/2011,JNU,AK,AAL,WE,Towers with Radar,20,2,0,0,22,0,70,4,5,79,20,72,4,5,101,18,0,18,119
03/02/2011,JNU,AK,AAL,WE,Towers with Radar,16,2,2,0,20,0,58,0,0,58,16,60,2,0,78,8,0,8,86
03/03/2011,JNU,AK,AAL,WE,Towers with Radar,23,0,1,2,26,3,86,12,1,102,26,86,13,3,128,22,0,22,150
03/04/2011,JNU,AK,AAL,WE,Towers with Radar,18,1,3,0,22,0,115,21,1,137,18,116,24,1,159,2,0,2,161
03/05/2011,JNU,AK,AAL,WE,Towers with Radar,14,2,3,0,19,0,102,14,0,116,14,104,17,0,135,10,0,10,145
03/06/2011,JNU,AK,AAL,WE,Towers with Radar,18,0,0,0,18,0,91,32,0,123,18,91,32,0,141,74,0,74,215
03/07/2011,JNU,AK,AAL,WE,Towers with Radar,14,2,0,0,16,1,84,25,1,111,15,86,25,1,127,6,0,6,133
03/08/2011,JNU,AK,AAL,WE,Towers with Radar,16,3,3,0,22,1,101,15,0,117,17,104,18,0,139,32,0,32,171
03/09/2011,JNU,AK,AAL,WE,Towers with Radar,18,2,0,0,20,0,85,4,2,91,18,87,4,2,111,16,0,16,127
03/10/2011,JNU,AK,AAL,WE,Towers with Radar,18,4,1,1,24,0,71,7,1,79,18,75,8,2,103,2,0,2,105
03/11/2011,JNU,AK,AAL,WE,Towers with Radar,18,3,2,0,23,0,117,5,0,122,18,120,7,0,145,0,0,0,145
03/12/2011,JNU,AK,AAL,WE,Towers with Radar,17,3,0,0,20,0,116,21,0,137,17,119,21,0,157,0,0,0,157
03/13/2011,JNU,AK,AAL,WE,Towers with Radar,15,6,0,0,21,0,96,27,1,124,15,102,27,1,145,20,0,20,165
03/14/2011,JNU,AK,AAL,WE,Towers with Radar,14,5,0,0,19,0,86,5,0,91,14,91,5,0,110,34,0,34,144
03/15/2011,JNU,AK,AAL,WE,Towers with Radar,16,4,1,0,21,0,95,25,2,122,16,99,26,2,143,18,2,20,163
03/16/2011,JNU,AK,AAL,WE,Towers with Radar,20,7,0,0,27,0,36,0,0,36,20,43,0,0,63,16,0,16,79
03/17/2011,JNU,AK,AAL,WE,Towers with Radar,22,2,4,0,28,0,110,23,0,133,22,112,27,0,161,44,0,44,205
03/18/2011,JNU,AK,AAL,WE,Towers with Radar,19,5,4,2,30,0,148,57,0,205,19,153,61,2,235,44,0,44,279
03/19/2011,JNU,AK,AAL,WE,Towers with Radar,19,4,2,1,26,0,125,36,2,163,19,129,38,3,189,60,4,64,253
03/20/2011,JNU,AK,AAL,WE,Towers with Radar,18,0,0,0,18,0,90,26,2,118,18,90,26,2,136,30,0,30,166
03/21/2011,JNU,AK,AAL,WE,Towers with Radar,18,0,0,0,18,0,99,26,0,125,18,99,26,0,143,56,0,56,199
03/22/2011,JNU,AK,AAL,WE,Towers with Radar,20,0,0,0,20,0,116,25,0,141,20,116,25,0,161,24,0,24,185
03/23/2011,JNU,AK,AAL,WE,Towers with Radar,20,4,0,6,30,0,103,17,0,120,20,107,17,6,150,40,0,40,190
03/24/2011,JNU,AK,AAL,WE,Towers with Radar,22,2,0,0,24,0,123,32,0,155,22,125,32,0,179,40,0,40,219
03/25/2011,JNU,AK,AAL,WE,Towers with Radar,20,4,2,0,26,0,153,51,0,204,20,157,53,0,230,70,0,70,300
03/26/2011,JNU,AK,AAL,WE,Towers with Radar,13,1,1,0,15,0,128,35,0,163,13,129,36,0,178,10,0,10,188
03/27/2011,JNU,AK,AAL,WE,Towers with Radar,20,1,5,0,26,0,119,62,0,181,20,120,67,0,207,28,0,28,235
03/28/2011,JNU,AK,AAL,WE,Towers with Radar,16,2,0,0,18,0,106,34,0,140,16,108,34,0,158,32,0,32,190
03/29/2011,JNU,AK,AAL,WE,Towers with Radar,19,4,2,5,30,0,97,2,0,99,19,101,4,5,129,16,0,16,145
03/30/2011,JNU,AK,AAL,WE,Towers with Radar,20,5,2,0,27,0,91,11,0,102,20,96,13,0,129,4,0,4,133
03/31/2011,JNU,AK,AAL,WE,Towers with Radar,20,6,1,0,27,0,92,13,0,105,20,98,14,0,132,30,0,30,162
04/01/2011,JNU,AK,AAL,WE,Towers with Radar,26,9,3,0,38,0,113,33,0,146,26,122,36,0,184,10,0,10,194
04/02/2011,JNU,AK,AAL,WE,Towers with Radar,26,3,1,0,30,0,165,44,0,209,26,168,45,0,239,16,0,16,255
04/03/2011,JNU,AK,AAL,WE,Towers with Radar,24,1,1,0,26,0,110,28,0,138,24,111,29,0,164,16,0,16,180
04/04/2011,JNU,AK,AAL,WE,Towers with Radar,19,5,1,0,25,0,145,24,0,169,19,150,25,0,194,16,0,16,210
04/05/2011,JNU,AK,AAL,WE,Towers with Radar,24,9,0,0,33,0,120,27,0,147,24,129,27,0,180,24,0,24,204
04/06/2011,JNU,AK,AAL,WE,Towers with Radar,21,4,1,5,31,0,153,42,0,195,21,157,43,5,226,24,0,24,250
04/07/2011,JNU,AK,AAL,WE,Towers with Radar,25,8,1,0,34,0,117,36,0,153,25,125,37,0,187,22,0,22,209
04/08/2011,JNU,AK,AAL,WE,Towers with Radar,24,9,1,0,34,0,125,22,0,147,24,134,23,0,181,2,0,2,183
04/09/2011,JNU,AK,AAL,WE,Towers with Radar,15,3,1,0,19,4,105,3,0,112,19,108,4,0,131,0,0,0,131
04/10/2011,JNU,AK,AAL,WE,Towers with Radar,21,8,0,0,29,0,118,17,0,135,21,126,17,0,164,1,0,1,165
04/11/2011,JNU,AK,AAL,WE,Towers with Radar,25,8,0,0,33,0,124,18,0,142,25,132,18,0,175,0,0,0,175
04/12/2011,JNU,AK,AAL,WE,Towers with Radar,24,3,0,0,27,0,118,22,3,143,24,121,22,3,170,0,0,0,170
04/13/2011,JNU,AK,AAL,WE,Towers with Radar,29,4,0,0,33,0,160,31,2,193,29,164,31,2,226,16,0,16,242
04/14/2011,JNU,AK,AAL,WE,Towers with Radar,22,2,1,0,25,1,143,38,0,182,23,145,39,0,207,16,0,16,223
04/15/2011,JNU,AK,AAL,WE,Towers with Radar,22,3,5,0,30,0,177,29,0,206,22,180,34,0,236,8,0,8,244
04/16/2011,JNU,AK,AAL,WE,Towers with Radar,19,2,0,0,21,0,175,40,0,215,19,177,40,0,236,22,0,22,258
04/17/2011,JNU,AK,AAL,WE,Towers with Radar,21,4,1,2,28,0,187,80,0,267,21,191,81,2,295,28,0,28,323
04/18/2011,JNU,AK,AAL,WE,Towers with Radar,19,2,0,0,21,0,151,37,1,189,19,153,37,1,210,28,0,28,238
04/19/2011,JNU,AK,AAL,WE,Towers with Radar,22,5,5,0,32,0,195,36,0,231,22,200,41,0,263,76,0,76,339
04/20/2011,JNU,AK,AAL,WE,Towers with Radar,29,9,0,0,38,0,179,23,0,202,29,188,23,0,240,46,0,46,286
04/21/2011,JNU,AK,AAL,WE,Towers with Radar,29,6,1,0,36,0,143,12,0,155,29,149,13,0,191,44,0,44,235
04/22/2011,JNU,AK,AAL,WE,Towers with Radar,24,4,3,0,31,0,140,21,0,161,24,144,24,0,192,44,0,44,236
04/23/2011,JNU,AK,AAL,WE,Towers with Radar,22,3,1,0,26,0,173,33,0,206,22,176,34,0,232,64,0,64,296
04/24/2011,JNU,AK,AAL,WE,Towers with Radar,21,2,1,0,24,0,101,38,0,139,21,103,39,0,163,0,0,0,163
04/25/2011,JNU,AK,AAL,WE,Towers with Radar,23,6,2,4,35,15,191,50,0,256,38,197,52,4,291,18,0,18,309
04/26/2011,JNU,AK,AAL,WE,Towers with Radar,25,4,1,1,31,0,192,24,2,218,25,196,25,3,249,14,6,20,269
04/27/2011,JNU,AK,AAL,WE,Towers with Radar,21,10,1,0,32,1,238,45,0,284,22,248,46,0,316,18,0,18,334
04/28/2011,JNU,AK,AAL,WE,Towers with Radar,24,3,1,0,28,0,239,61,0,300,24,242,62,0,328,46,0,46,374
04/29/2011,JNU,AK,AAL,WE,Towers with Radar,22,4,0,0,26,0,160,31,0,191,22,164,31,0,217,34,0,34,251
04/30/2011,JNU,AK,AAL,WE,Towers with Radar,20,2,1,0,23,0,146,34,0,180,20,148,35,0,203,22,0,22,225
05/01/2011,JNU,AK,AAL,WE,Towers with Radar,21,1,4,0,26,0,175,32,0,207,21,176,36,0,233,28,0,28,261
05/02/2011,JNU,AK,AAL,WE,Towers with Radar,21,5,1,0,27,0,204,27,0,231,21,209,28,0,258,32,0,32,290
05/03/2011,JNU,AK,AAL,WE,Towers with Radar,27,6,1,0,34,0,194,20,0,214,27,200,21,0,248,76,0,76,324
05/04/2011,JNU,AK,AAL,WE,Towers with Radar,26,2,3,2,33,0,194,24,0,218,26,196,27,2,251,48,0,48,299
05/05/2011,JNU,AK,AAL,WE,Towers with Radar,23,18,3,0,44,1,164,29,0,194,24,182,32,0,238,26,0,26,264
05/06/2011,JNU,AK,AAL,WE,Towers with Radar,26,13,4,0,43,0,213,35,3,251,26,226,39,3,294,80,0,80,374
05/07/2011,JNU,AK,AAL,WE,Towers with Radar,18,5,0,0,23,0,296,46,0,342,18,301,46,0,365,48,0,48,413
05/08/2011,JNU,AK,AAL,WE,Towers with Radar,21,1,4,0,26,3,203,46,0,252,24,204,50,0,278,38,0,38,316
05/09/2011,JNU,AK,AAL,WE,Towers with Radar,22,7,5,1,35,3,246,29,2,280,25,253,34,3,315,76,0,76,391
05/10/2011,JNU,AK,AAL,WE,Towers with Radar,25,8,4,0,37,0,193,31,0,224,25,201,35,0,261,34,0,34,295
05/11/2011,JNU,AK,AAL,WE,Towers with Radar,25,17,4,0,46,0,309,40,1,350,25,326,44,1,396,34,0,34,430
05/12/2011,JNU,AK,AAL,WE,Towers with Radar,26,8,3,2,39,1,168,21,2,192,27,176,24,4,231,22,0,22,253
05/13/2011,JNU,AK,AAL,WE,Towers with Radar,22,2,1,0,25,4,344,55,2,405,26,346,56,2,430,0,0,0,430
05/14/2011,JNU,AK,AAL,WE,Towers with Radar,22,1,2,0,25,0,359,59,0,418,22,360,61,0,443,18,0,18,461
05/15/2011,JNU,AK,AAL,WE,Towers with Radar,29,1,0,0,30,0,228,81,0,309,29,229,81,0,339,24,0,24,363
05/16/2011,JNU,AK,AAL,WE,Towers with Radar,23,6,2,0,31,1,319,56,0,376,24,325,58,0,407,16,0,16,423
05/17/2011,JNU,AK,AAL,WE,Towers with Radar,29,3,6,0,38,0,332,44,0,376,29,335,50,0,414,14,0,14,428
05/18/2011,JNU,AK,AAL,WE,Towers with Radar,27,9,4,0,40,0,312,61,2,375,27,321,65,2,415,30,0,30,445
05/19/2011,JNU,AK,AAL,WE,Towers with Radar,23,7,8,3,41,3,237,38,2,280,26,244,46,5,321,0,0,0,321
05/20/2011,JNU,AK,AAL,WE,Towers with Radar,26,9,4,0,39,2,234,32,2,270,28,243,36,2,309,0,0,0,309
05/21/2011,JNU,AK,AAL,WE,Towers with Radar,26,5,4,1,36,0,364,44,3,411,26,369,48,4,447,0,0,0,447
05/22/2011,JNU,AK,AAL,WE,Towers with Radar,27,22,4,0,53,0,177,29,0,206,27,199,33,0,259,0,0,0,259
05/23/2011,JNU,AK,AAL,WE,Towers with Radar,26,5,4,0,35,0,291,39,2,332,26,296,43,2,367,16,0,16,383
05/24/2011,JNU,AK,AAL,WE,Towers with Radar,26,27,3,0,56,0,322,57,0,379,26,349,60,0,435,18,0,18,453
05/25/2011,JNU,AK,AAL,WE,Towers with Radar,27,5,3,0,35,0,429,88,0,517,27,434,91,0,552,8,0,8,560
05/26/2011,JNU,AK,AAL,WE,Towers with Radar,27,3,4,4,38,0,297,59,4,360,27,300,63,8,398,18,0,18,416
05/27/2011,JNU,AK,AAL,WE,Towers with Radar,27,5,4,1,37,0,269,38,0,307,27,274,42,1,344,0,0,0,344
05/28/2011,JNU,AK,AAL,WE,Towers with Radar,21,7,4,0,32,0,214,43,0,257,21,221,47,0,289,10,0,10,299
05/29/2011,JNU,AK,AAL,WE,Towers with Radar,28,1,2,0,31,0,278,39,0,317,28,279,41,0,348,30,0,30,378
05/30/2011,JNU,AK,AAL,WE,Towers with Radar,21,1,4,0,26,0,369,89,0,458,21,370,93,0,484,66,0,66,550
05/31/2011,JNU,AK,AAL,WE,Towers with Radar,26,2,0,0,28,0,432,72,1,505,26,434,72,1,533,60,0,60,593
06/01/2011,JNU,AK,AAL,WE,Towers with Radar,21,4,2,0,27,3,412,78,1,494,24,416,80,1,521,38,0,38,559
06/02/2011,JNU,AK,AAL,WE,Towers with Radar,26,6,5,1,38,0,341,54,1,396,26,347,59,2,434,45,0,45,479
06/03/2011,JNU,AK,AAL,WE,Towers with Radar,24,11,3,1,39,1,252,50,1,304,25,263,53,2,343,46,0,46,389
06/04/2011,JNU,AK,AAL,WE,Towers with Radar,23,8,0,0,31,0,350,26,3,379,23,358,26,3,410,8,0,8,418
06/05/2011,JNU,AK,AAL,WE,Towers with Radar,33,4,1,0,38,0,245,51,0,296,33,249,52,0,334,58,0,58,392
06/06/2011,JNU,AK,AAL,WE,Towers with Radar,29,6,2,0,37,0,384,72,0,456,29,390,74,0,493,14,0,14,507
06/07/2011,JNU,AK,AAL,WE,Towers with Radar,29,6,2,0,37,0,510,72,0,582,29,516,74,0,619,2,0,2,621
06/08/2011,JNU,AK,AAL,WE,Towers with Radar,29,5,6,8,48,0,398,42,0,440,29,403,48,8,488,20,0,20,508
06/09/2011,JNU,AK,AAL,WE,Towers with Radar,32,4,2,0,38,0,257,47,6,310,32,261,49,6,348,0,8,8,356
06/10/2011,JNU,AK,AAL,WE,Towers with Radar,30,6,10,4,50,0,238,48,4,290,30,244,58,8,340,10,62,72,412
06/11/2011,JNU,AK,AAL,WE,Towers with Radar,25,5,8,0,38,1,358,67,0,426,26,363,75,0,464,14,0,14,478
06/12/2011,JNU,AK,AAL,WE,Towers with Radar,31,2,2,0,35,0,364,54,0,418,31,366,56,0,453,26,0,26,479
06/13/2011,JNU,AK,AAL,WE,Towers with Radar,30,3,3,0,36,0,406,38,1,445,30,409,41,1,481,10,0,10,491
06/14/2011,JNU,AK,AAL,WE,Towers with Radar,33,3,3,0,39,0,224,15,0,239,33,227,18,0,278,6,0,6,284
06/15/2011,JNU,AK,AAL,WE,Towers with Radar,36,3,7,2,48,0,414,60,0,474,36,417,67,2,522,6,0,6,528
06/16/2011,JNU,AK,AAL,WE,Towers with Radar,33,3,5,0,41,2,337,101,5,445,35,340,106,5,486,10,42,52,538
06/17/2011,JNU,AK,AAL,WE,Towers with Radar,40,4,6,1,51,0,309,54,2,365,40,313,60,3,416,12,0,12,428
06/18/2011,JNU,AK,AAL,WE,Towers with Radar,29,4,1,0,34,2,401,32,0,435,31,405,33,0,469,22,6,28,497
06/19/2011,JNU,AK,AAL,WE,Towers with Radar,33,0,2,2,37,1,316,42,0,359,34,316,44,2,396,0,0,0,396
06/20/2011,JNU,AK,AAL,WE,Towers with Radar,32,15,2,0,49,0,386,35,0,421,32,401,37,0,470,2,0,2,472
06/21/2011,JNU,AK,AAL,WE,Towers with Radar,37,3,2,0,42,2,555,28,0,585,39,558,30,0,627,4,0,4,631
06/22/2011,JNU,AK,AAL,WE,Towers with Radar,33,2,3,0,38,3,409,58,0,470,36,411,61,0,508,46,0,46,554
06/23/2011,JNU,AK,AAL,WE,Towers with Radar,28,2,3,0,33,1,365,47,0,413,29,367,50,0,446,16,0,16,462
06/24/2011,JNU,AK,AAL,WE,Towers with Radar,32,2,4,3,41,0,244,55,2,301,32,246,59,5,342,14,0,14,356
06/25/2011,JNU,AK,AAL,WE,Towers with Radar,31,5,4,7,47,0,402,33,0,435,31,407,37,7,482,14,0,14,496
06/26/2011,JNU,AK,AAL,WE,Towers with Radar,34,2,3,0,39,2,414,72,0,488,36,416,75,0,527,12,0,12,539
06/27/2011,JNU,AK,AAL,WE,Towers with Radar,32,5,4,0,41,1,464,79,0,544,33,469,83,0,585,10,0,10,595
06/28/2011,JNU,AK,AAL,WE,Towers with Radar,29,4,6,0,39,0,288,72,3,363,29,292,78,3,402,34,0,34,436
06/29/2011,JNU,AK,AAL,WE,Towers with Radar,36,7,3,0,46,0,301,55,0,356,36,308,58,0,402,0,0,0,402
06/30/2011,JNU,AK,AAL,WE,Towers with Radar,37,4,7,1,49,0,306,37,1,344,37,310,44,2,393,0,0,0,393
07/01/2011,JNU,AK,AAL,WE,Towers with Radar,39,4,4,0,47,0,298,52,0,350,39,302,56,0,397,6,0,6,403
07/02/2011,JNU,AK,AAL,WE,Towers with Radar,27,5,2,0,34,2,359,54,0,415,29,364,56,0,449,26,0,26,475
07/03/2011,JNU,AK,AAL,WE,Towers with Radar,28,5,5,1,39,0,344,51,0,395,28,349,56,1,434,0,0,0,434
07/04/2011,JNU,AK,AAL,WE,Towers with Radar,23,2,3,1,29,1,233,61,2,297,24,235,64,3,326,12,0,12,338
07/05/2011,JNU,AK,AAL,WE,Towers with Radar,31,5,5,0,41,0,523,52,0,575,31,528,57,0,616,0,0,0,616
07/06/2011,JNU,AK,AAL,WE,Towers with Radar,35,8,8,3,54,0,472,69,4,545,35,480,77,7,599,0,0,0,599
07/07/2011,JNU,AK,AAL,WE,Towers with Radar,36,4,2,1,43,1,350,74,3,428,37,354,76,4,471,26,14,40,511
07/08/2011,JNU,AK,AAL,WE,Towers with Radar,40,1,4,0,45,1,256,65,0,322,41,257,69,0,367,26,0,26,393
07/09/2011,JNU,AK,AAL,WE,Towers with Radar,28,4,5,0,37,1,392,73,0,466,29,396,78,0,503,26,0,26,529
07/10/2011,JNU,AK,AAL,WE,Towers with Radar,32,3,9,0,44,1,482,56,0,539,33,485,65,0,583,2,0,2,585
07/11/2011,JNU,AK,AAL,WE,Towers with Radar,33,1,6,0,40,1,485,110,0,596,34,486,116,0,636,22,0,22,658
07/12/2011,JNU,AK,AAL,WE,Towers with Radar,30,2,6,2,40,3,567,82,2,654,33,569,88,4,694,20,0,20,714
07/13/2011,JNU,AK,AAL,WE,Towers with Radar,39,2,6,0,47,0,523,76,2,601,39,525,82,2,648,22,0,22,670
07/14/2011,JNU,AK,AAL,WE,Towers with Radar,35,2,7,0,44,0,253,40,0,293,35,255,47,0,337,0,0,0,337
07/15/2011,JNU,AK,AAL,WE,Towers with Radar,31,3,4,1,39,1,275,43,2,321,32,278,47,3,360,0,4,4,364
07/16/2011,JNU,AK,AAL,WE,Towers with Radar,28,4,9,1,42,3,463,60,2,528,31,467,69,3,570,14,0,14,584
07/17/2011,JNU,AK,AAL,WE,Towers with Radar,30,1,7,0,38,1,375,82,0,458,31,376,89,0,496,8,2,10,506
07/18/2011,JNU,AK,AAL,WE,Towers with Radar,34,5,4,0,43,0,272,36,0,308,34,277,40,0,351,0,0,0,351
07/19/2011,JNU,AK,AAL,WE,Towers with Radar,29,10,9,0,48,0,268,37,0,305,29,278,46,0,353,2,0,2,355
07/20/2011,JNU,AK,AAL,WE,Towers with Radar,34,6,5,0,45,1,474,70,0,545,35,480,75,0,590,6,0,6,596
07/21/2011,JNU,AK,AAL,WE,Towers with Radar,32,4,5,0,41,3,391,73,0,467,35,395,78,0,508,26,0,26,534
07/22/2011,JNU,AK,AAL,WE,Towers with Radar,34,4,8,0,46,0,338,106,4,448,34,342,114,4,494,42,0,42,536
07/23/2011,JNU,AK,AAL,WE,Towers with Radar,25,5,5,2,37,1,391,83,0,475,26,396,88,2,512,36,2,38,550
07/24/2011,JNU,AK,AAL,WE,Towers with Radar,29,1,6,0,36,0,238,37,2,277,29,239,43,2,313,16,0,16,329
07/25/2011,JNU,AK,AAL,WE,Towers with Radar,34,6,4,0,44,1,220,33,0,254,35,226,37,0,298,0,0,0,298
07/26/2011,JNU,AK,AAL,WE,Towers with Radar,32,4,8,0,44,0,239,43,1,283,32,243,51,1,327,4,0,4,331
07/27/2011,JNU,AK,AAL,WE,Towers with Radar,40,12,4,0,56,0,455,47,0,502,40,467,51,0,558,4,0,4,562
07/28/2011,JNU,AK,AAL,WE,Towers with Radar,38,3,3,0,44,0,365,47,0,412,38,368,50,0,456,24,0,24,480
07/29/2011,JNU,AK,AAL,WE,Towers with Radar,30,5,8,0,43,1,270,58,2,331,31,275,66,2,374,14,0,14,388
07/30/2011,JNU,AK,AAL,WE,Towers with Radar,28,14,6,4,52,1,399,83,0,483,29,413,89,4,535,10,0,10,545
07/31/2011,JNU,AK,AAL,WE,Towers with Radar,33,3,2,3,41,1,210,54,0,265,34,213,56,3,306,14,0,14,320
08/01/2011,JNU,AK,AAL,WE,Towers with Radar,30,4,5,0,39,0,363,38,0,401,30,367,43,0,440,14,0,14,454
08/02/2011,JNU,AK,AAL,WE,Towers with Radar,29,7,6,0,42,2,505,74,0,581,31,512,80,0,623,22,0,22,645
08/03/2011,JNU,AK,AAL,WE,Towers with Radar,28,4,9,4,45,0,486,62,1,549,28,490,71,5,594,0,0,0,594
08/04/2011,JNU,AK,AAL,WE,Towers with Radar,38,11,8,0,57,0,196,33,0,229,38,207,41,0,286,2,0,2,288
08/05/2011,JNU,AK,AAL,WE,Towers with Radar,30,8,4,0,42,0,232,56,1,289,30,240,60,1,331,8,0,8,339
08/06/2011,JNU,AK,AAL,WE,Towers with Radar,31,8,7,0,46,1,481,65,0,547,32,489,72,0,593,6,2,8,601
08/07/2011,JNU,AK,AAL,WE,Towers with Radar,31,1,3,3,38,0,481,57,0,538,31,482,60,3,576,0,0,0,576
08/08/2011,JNU,AK,AAL,WE,Towers with Radar,32,11,1,1,45,1,485,71,0,557,33,496,72,1,602,14,0,14,616
08/09/2011,JNU,AK,AAL,WE,Towers with Radar,33,10,5,1,49,1,557,70,0,628,34,567,75,1,677,38,0,38,715
08/10/2011,JNU,AK,AAL,WE,Towers with Radar,35,7,7,0,49,3,421,46,0,470,38,428,53,0,519,34,0,34,553
08/11/2011,JNU,AK,AAL,WE,Towers with Radar,31,10,7,2,50,3,326,41,0,370,34,336,48,2,420,30,0,30,450
08/12/2011,JNU,AK,AAL,WE,Towers with Radar,36,7,12,2,57,1,292,89,1,383,37,299,101,3,440,2,0,2,442
08/13/2011,JNU,AK,AAL,WE,Towers with Radar,26,6,8,0,40,2,480,93,0,575,28,486,101,0,615,46,0,46,661
08/14/2011,JNU,AK,AAL,WE,Towers with Radar,35,4,4,0,43,0,318,58,0,376,35,322,62,0,419,4,0,4,423
08/15/2011,JNU,AK,AAL,WE,Towers with Radar,29,6,3,0,38,2,250,32,0,284,31,256,35,0,322,0,0,0,322
08/16/2011,JNU,AK,AAL,WE,Towers with Radar,35,6,6,0,47,0,252,45,4,301,35,258,51,4,348,20,0,20,368
08/17/2011,JNU,AK,AAL,WE,Towers with Radar,32,15,5,2,54,1,308,51,0,360,33,323,56,2,414,8,0,8,422
08/18/2011,JNU,AK,AAL,WE,Towers with Radar,35,12,4,1,52,0,330,59,1,390,35,342,63,2,442,26,0,26,468
08/19/2011,JNU,AK,AAL,WE,Towers with Radar,35,5,14,0,54,0,234,29,0,263,35,239,43,0,317,7,0,7,324
08/20/2011,JNU,AK,AAL,WE,Towers with Radar,37,11,4,0,52,0,129,1,0,130,37,140,5,0,182,0,0,0,182
08/21/2011,JNU,AK,AAL,WE,Towers with Radar,39,4,3,0,46,0,477,43,0,520,39,481,46,0,566,12,0,12,578
08/22/2011,JNU,AK,AAL,WE,Towers with Radar,31,4,4,0,39,0,327,30,2,359,31,331,34,2,398,2,24,26,424
08/23/2011,JNU,AK,AAL,WE,Towers with Radar,35,7,6,0,48,2,421,37,2,462,37,428,43,2,510,2,0,2,512
08/24/2011,JNU,AK,AAL,WE,Towers with Radar,35,23,4,0,62,0,258,22,1,281,35,281,26,1,343,0,0,0,343
08/25/2011,JNU,AK,AAL,WE,Towers with Radar,32,3,5,0,40,4,374,68,0,446,36,377,73,0,486,58,0,58,544
08/26/2011,JNU,AK,AAL,WE,Towers with Radar,36,10,6,0,52,0,224,25,1,250,36,234,31,1,302,6,2,8,310
08/27/2011,JNU,AK,AAL,WE,Towers with Radar,27,8,4,0,39,0,349,40,0,389,27,357,44,0,428,38,0,38,466
08/28/2011,JNU,AK,AAL,WE,Towers with Radar,28,12,3,0,43,0,141,9,0,150,28,153,12,0,193,0,0,0,193
08/29/2011,JNU,AK,AAL,WE,Towers with Radar,29,7,2,0,38,0,362,48,1,411,29,369,50,1,449,38,26,64,513
08/30/2011,JNU,AK,AAL,WE,Towers with Radar,28,5,5,0,38,0,362,43,2,407,28,367,48,2,445,20,26,46,491
08/31/2011,JNU,AK,AAL,WE,Towers with Radar,29,6,6,2,43,0,383,53,1,437,29,389,59,3,480,6,0,6,486
09/01/2011,JNU,AK,AAL,WE,Towers with Radar,27,7,2,0,36,2,244,43,3,292,29,251,45,3,328,6,16,22,350
09/02/2011,JNU,AK,AAL,WE,Towers with Radar,32,8,2,0,42,0,241,30,0,271,32,249,32,0,313,6,0,6,319
09/03/2011,JNU,AK,AAL,WE,Towers with Radar,21,49,2,0,72,0,165,16,0,181,21,214,18,0,253,2,0,2,255
09/04/2011,JNU,AK,AAL,WE,Towers with Radar,25,5,3,0,33,0,270,12,0,282,25,275,15,0,315,0,0,0,315
09/05/2011,JNU,AK,AAL,WE,Towers with Radar,26,5,5,0,36,0,273,13,0,286,26,278,18,0,322,0,0,0,322
09/06/2011,JNU,AK,AAL,WE,Towers with Radar,23,12,2,0,37,0,332,27,0,359,23,344,29,0,396,30,0,30,426
09/07/2011,JNU,AK,AAL,WE,Towers with Radar,30,5,5,1,41,0,352,64,3,419,30,357,69,4,460,38,0,38,498
09/08/2011,JNU,AK,AAL,WE,Towers with Radar,31,18,5,1,55,0,236,34,3,273,31,254,39,4,328,24,0,24,352
09/09/2011,JNU,AK,AAL,WE,Towers with Radar,28,5,3,0,36,0,200,31,0,231,28,205,34,0,267,4,0,4,271
09/10/2011,JNU,AK,AAL,WE,Towers with Radar,20,5,0,1,26,0,297,62,2,361,20,302,62,3,387,20,2,22,409
09/11/2011,JNU,AK,AAL,WE,Towers with Radar,26,5,4,1,36,0,230,75,1,306,26,235,79,2,342,34,0,34,376
09/12/2011,JNU,AK,AAL,WE,Towers with Radar,23,4,3,0,30,0,299,56,3,358,23,303,59,3,388,2,2,4,392
09/13/2011,JNU,AK,AAL,WE,Towers with Radar,30,4,2,0,36,0,238,16,4,258,30,242,18,4,294,2,8,10,304
09/14/2011,JNU,AK,AAL,WE,Towers with Radar,29,4,7,0,40,0,237,5,7,249,29,241,12,7,289,0,0,0,289
09/15/2011,JNU,AK,AAL,WE,Towers with Radar,29,7,2,2,40,0,232,50,2,284,29,239,52,4,324,30,1,31,355
09/16/2011,JNU,AK,AAL,WE,Towers with Radar,31,7,1,0,39,0,175,45,2,222,31,182,46,2,261,18,0,18,279
09/17/2011,JNU,AK,AAL,WE,Towers with Radar,23,6,3,0,32,0,144,27,0,171,23,150,30,0,203,12,0,12,215
09/18/2011,JNU,AK,AAL,WE,Towers with Radar,27,1,3,0,31,1,161,41,0,203,28,162,44,0,234,12,0,12,246
09/19/2011,JNU,AK,AAL,WE,Towers with Radar,22,2,4,0,28,0,240,19,1,260,22,242,23,1,288,26,0,26,314
09/20/2011,JNU,AK,AAL,WE,Towers with Radar,25,7,2,0,34,0,176,5,1,182,25,183,7,1,216,2,1,3,219
09/21/2011,JNU,AK,AAL,WE,Towers with Radar,19,6,5,0,30,0,93,2,0,95,19,99,7,0,125,0,0,0,125
09/22/2011,JNU,AK,AAL,WE,Towers with Radar,24,9,6,0,39,1,214,29,2,246,25,223,35,2,285,14,0,14,299
09/23/2011,JNU,AK,AAL,WE,Towers with Radar,26,6,2,0,34,0,143,16,1,160,26,149,18,1,194,10,0,10,204
09/24/2011,JNU,AK,AAL,WE,Towers with Radar,18,6,2,0,26,0,158,20,7,185,18,164,22,7,211,0,0,0,211
09/25/2011,JNU,AK,AAL,WE,Towers with Radar,24,2,2,0,28,0,139,59,2,200,24,141,61,2,228,2,20,22,250
09/26/2011,JNU,AK,AAL,WE,Towers with Radar,23,0,7,0,30,0,159,38,2,199,23,159,45,2,229,0,0,0,229
09/27/2011,JNU,AK,AAL,WE,Towers with Radar,25,6,0,0,31,0,150,17,0,167,25,156,17,0,198,22,0,22,220
09/28/2011,JNU,AK,AAL,WE,Towers with Radar,29,1,1,0,31,0,130,2,0,132,29,131,3,0,163,0,0,0,163
09/29/2011,JNU,AK,AAL,WE,Towers with Radar,25,3,1,0,29,2,168,19,3,192,27,171,20,3,221,0,0,0,221
09/30/2011,JNU,AK,AAL,WE,Towers with Radar,22,5,1,0,28,0,128,23,0,151,22,133,24,0,179,8,0,8,187
10/01/2011,JNU,AK,AAL,WE,Towers with Radar,13,0,0,0,13,1,97,53,0,151,14,97,53,0,164,42,0,42,206
10/02/2011,JNU,AK,AAL,WE,Towers with Radar,18,2,3,0,23,0,73,52,0,125,18,75,55,0,148,4,0,4,152
10/03/2011,JNU,AK,AAL,WE,Towers with Radar,14,5,1,0,20,0,130,45,0,175,14,135,46,0,195,18,0,18,213
10/04/2011,JNU,AK,AAL,WE,Towers with Radar,23,3,1,0,27,0,124,21,0,145,23,127,22,0,172,8,0,8,180
10/05/2011,JNU,AK,AAL,WE,Towers with Radar,20,35,1,0,56,0,76,25,0,101,20,111,26,0,157,10,0,10,167
10/06/2011,JNU,AK,AAL,WE,Towers with Radar,19,4,4,0,27,0,149,13,0,162,19,153,17,0,189,0,0,0,189
10/07/2011,JNU,AK,AAL,WE,Towers with Radar,20,2,1,0,23,0,122,17,0,139,20,124,18,0,162,0,0,0,162
10/08/2011,JNU,AK,AAL,WE,Towers with Radar,14,1,0,0,15,0,100,44,0,144,14,101,44,0,159,8,0,8,167
10/09/2011,JNU,AK,AAL,WE,Towers with Radar,15,4,1,0,20,0,98,26,0,124,15,102,27,0,144,0,0,0,144
10/10/2011,JNU,AK,AAL,WE,Towers with Radar,20,4,2,0,26,1,113,29,0,143,21,117,31,0,169,2,0,2,171
10/11/2011,JNU,AK,AAL,WE,Towers with Radar,20,2,1,0,23,0,103,24,0,127,20,105,25,0,150,23,0,23,173
10/12/2011,JNU,AK,AAL,WE,Towers with Radar,24,32,1,0,57,0,69,2,0,71,24,101,3,0,128,2,0,2,130
10/13/2011,JNU,AK,AAL,WE,Towers with Radar,18,3,0,0,21,0,112,14,1,127,18,115,14,1,148,0,0,0,148
10/14/2011,JNU,AK,AAL,WE,Towers with Radar,19,3,4,0,26,0,98,44,0,142,19,101,48,0,168,14,4,18,186
10/15/2011,JNU,AK,AAL,WE,Towers with Radar,16,2,1,0,19,0,112,16,1,129,16,114,17,1,148,0,0,0,148
10/16/2011,JNU,AK,AAL,WE,Towers with Radar,20,3,1,1,25,0,97,34,0,131,20,100,35,1,156,16,0,16,172
10/17/2011,JNU,AK,AAL,WE,Towers with Radar,18,19,3,2,42,0,58,5,0,63,18,77,8,2,105,0,0,0,105
10/18/2011,JNU,AK,AAL,WE,Towers with Radar,20,2,2,2,26,0,88,3,0,91,20,90,5,2,117,10,0,10,127
10/19/2011,JNU,AK,AAL,WE,Towers with Radar,20,3,1,0,24,0,120,12,1,133,20,123,13,1,157,0,8,8,165
10/20/2011,JNU,AK,AAL,WE,Towers with Radar,18,4,2,0,24,0,95,13,1,109,18,99,15,1,133,2,20,22,155
10/21/2011,JNU,AK,AAL,WE,Towers with Radar,24,6,2,0,32,0,91,5,0,96,24,97,7,0,128,2,0,2,130
10/22/2011,JNU,AK,AAL,WE,Towers with Radar,16,1,3,0,20,0,67,14,0,81,16,68,17,0,101,20,0,20,121
10/23/2011,JNU,AK,AAL,WE,Towers with Radar,18,0,3,0,21,0,87,6,0,93,18,87,9,0,114,0,0,0,114
10/24/2011,JNU,AK,AAL,WE,Towers with Radar,17,2,2,0,21,0,104,14,0,118,17,106,16,0,139,0,0,0,139
10/25/2011,JNU,AK,AAL,WE,Towers with Radar,13,3,2,1,19,0,96,4,0,100,13,99,6,1,119,0,0,0,119
10/26/2011,JNU,AK,AAL,WE,Towers with Radar,21,2,6,2,31,0,111,2,0,113,21,113,8,2,144,0,2,2,146
10/27/2011,JNU,AK,AAL,WE,Towers with Radar,20,2,4,0,26,0,117,4,2,123,20,119,8,2,149,6,0,6,155
10/28/2011,JNU,AK,AAL,WE,Towers with Radar,17,2,0,0,19,0,105,13,0,118,17,107,13,0,137,4,0,4,141
10/29/2011,JNU,AK,AAL,WE,Towers with Radar,18,3,0,0,21,0,80,0,0,80,18,83,0,0,101,0,0,0,101
10/30/2011,JNU,AK,AAL,WE,Towers with Radar,18,1,0,0,19,0,76,7,0,83,18,77,7,0,102,0,0,0,102
10/31/2011,JNU,AK,AAL,WE,Towers with Radar,17,4,1,0,22,0,87,10,2,99,17,91,11,2,121,0,0,0,121
11/01/2011,JNU,AK,AAL,WE,Towers with Radar,19,2,0,0,21,0,47,1,0,48,19,49,1,0,69,0,0,0,69
11/02/2011,JNU,AK,AAL,WE,Towers with Radar,18,9,1,1,29,0,99,21,0,120,18,108,22,1,149,22,0,22,171
11/03/2011,JNU,AK,AAL,WE,Towers with Radar,20,3,2,0,25,0,138,30,1,169,20,141,32,1,194,42,0,42,236
11/04/2011,JNU,AK,AAL,WE,Towers with Radar,21,2,1,0,24,0,2,0,0,2,21,4,1,0,26,0,0,0,26
11/05/2011,JNU,AK,AAL,WE,Towers with Radar,16,34,1,1,52,0,15,2,2,19,16,49,3,3,71,0,0,0,71
11/06/2011,JNU,AK,AAL,WE,Towers with Radar,18,3,1,0,22,0,79,4,2,85,18,82,5,2,107,0,0,0,107
11/07/2011,JNU,AK,AAL,WE,Towers with Radar,16,3,2,0,21,1,110,5,1,117,17,113,7,1,138,16,0,16,154
11/08/2011,JNU,AK,AAL,WE,Towers with Radar,17,3,2,0,22,0,110,14,2,126,17,113,16,2,148,28,8,36,184
11/09/2011,JNU,AK,AAL,WE,Towers with Radar,20,2,0,0,22,0,118,40,2,160,20,120,40,2,182,18,0,18,200
11/10/2011,JNU,AK,AAL,WE,Towers with Radar,17,6,0,1,24,2,72,7,1,82,19,78,7,2,106,0,0,0,106
11/11/2011,JNU,AK,AAL,WE,Towers with Radar,17,7,1,0,25,0,119,28,0,147,17,126,29,0,172,42,0,42,214
11/12/2011,JNU,AK,AAL,WE,Towers with Radar,15,1,0,0,16,0,49,2,0,51,15,50,2,0,67,0,0,0,67
11/13/2011,JNU,AK,AAL,WE,Towers with Radar,18,0,1,0,19,0,71,9,0,80,18,71,10,0,99,38,0,38,137
11/14/2011,JNU,AK,AAL,WE,Towers with Radar,13,1,3,0,17,0,33,1,1,35,13,34,4,1,52,0,0,0,52
11/15/2011,JNU,AK,AAL,WE,Towers with Radar,16,5,1,0,22,0,100,7,0,107,16,105,8,0,129,2,0,2,131
11/16/2011,JNU,AK,AAL,WE,Towers with Radar,19,4,0,0,23,0,34,0,0,34,19,38,0,0,57,4,0,4,61
11/17/2011,JNU,AK,AAL,WE,Towers with Radar,15,4,4,0,23,0,96,15,0,111,15,100,19,0,134,4,0,4,138
11/18/2011,JNU,AK,AAL,WE,Towers with Radar,16,2,4,0,22,0,101,19,0,120,16,103,23,0,142,26,0,26,168
11/19/2011,JNU,AK,AAL,WE,Towers with Radar,14,0,7,0,21,0,72,10,0,82,14,72,17,0,103,14,0,14,117
11/20/2011,JNU,AK,AAL,WE,Towers with Radar,16,2,0,0,18,0,72,21,0,93,16,74,21,0,111,46,0,46,157
11/21/2011,JNU,AK,AAL,WE,Towers with Radar,20,8,1,0,29,0,15,0,0,15,20,23,1,0,44,4,0,4,48
11/22/2011,JNU,AK,AAL,WE,Towers with Radar,15,2,0,0,17,1,83,2,3,89,16,85,2,3,106,12,0,12,118
11/23/2011,JNU,AK,AAL,WE,Towers with Radar,13,7,1,0,21,0,33,2,0,35,13,40,3,0,56,0,0,0,56
11/24/2011,JNU,AK,AAL,WE,Towers with Radar,8,4,0,0,12,0,13,2,1,16,8,17,2,1,28,0,0,0,28
11/25/2011,JNU,AK,AAL,WE,Towers with Radar,11,5,0,0,16,1,41,0,0,42,12,46,0,0,58,0,0,0,58
11/26/2011,JNU,AK,AAL,WE,Towers with Radar,12,4,4,0,20,0,101,10,0,111,12,105,14,0,131,0,0,0,131
11/27/2011,JNU,AK,AAL,WE,Towers with Radar,17,1,0,0,18,0,67,11,0,78,17,68,11,0,96,6,0,6,102
11/28/2011,JNU,AK,AAL,WE,Towers with Radar,17,3,1,0,21,0,62,3,3,68,17,65,4,3,89,0,8,8,97
11/29/2011,JNU,AK,AAL,WE,Towers with Radar,16,9,4,1,30,0,87,16,2,105,16,96,20,3,135,10,0,10,145
11/30/2011,JNU,AK,AAL,WE,Towers with Radar,12,6,0,0,18,0,79,3,0,82,12,85,3,0,100,2,0,2,102
12/01/2011,JNU,AK,AAL,WE,Towers with Radar,21,5,0,0,26,0,67,2,0,69,21,72,2,0,95,6,0,6,101
12/02/2011,JNU,AK,AAL,WE,Towers with Radar,18,5,2,0,25,0,62,2,2,66,18,67,4,2,91,2,0,2,93
12/03/2011,JNU,AK,AAL,WE,Towers with Radar,17,3,2,1,23,0,54,7,1,62,17,57,9,2,85,0,0,0,85
12/04/2011,JNU,AK,AAL,WE,Towers with Radar,17,1,0,0,18,0,61,2,0,63,17,62,2,0,81,0,0,0,81
12/05/2011,JNU,AK,AAL,WE,Towers with Radar,17,7,1,1,26,0,58,3,3,64,17,65,4,4,90,2,20,22,112
12/06/2011,JNU,AK,AAL,WE,Towers with Radar,15,2,2,2,21,0,97,22,11,130,15,99,24,13,151,2,14,16,167
12/07/2011,JNU,AK,AAL,WE,Towers with Radar,18,1,0,0,19,0,98,25,5,128,18,99,25,5,147,34,18,52,199
12/08/2011,JNU,AK,AAL,WE,Towers with Radar,16,5,2,0,23,0,67,0,0,67,16,72,2,0,90,0,0,0,90
12/09/2011,JNU,AK,AAL,WE,Towers with Radar,18,0,0,0,18,0,85,8,0,93,18,85,8,0,111,8,0,8,119
12/10/2011,JNU,AK,AAL,WE,Towers with Radar,20,2,2,0,24,0,70,10,0,80,20,72,12,0,104,8,0,8,112
12/11/2011,JNU,AK,AAL,WE,Towers with Radar,17,0,0,0,17,0,61,3,0,64,17,61,3,0,81,0,0,0,81
12/12/2011,JNU,AK,AAL,WE,Towers with Radar,13,8,5,2,28,0,62,7,1,70,13,70,12,3,98,0,6,6,104
12/13/2011,JNU,AK,AAL,WE,Towers with Radar,18,6,4,0,28,0,87,5,1,93,18,93,9,1,121,0,8,8,129
12/14/2011,JNU,AK,AAL,WE,Towers with Radar,18,2,0,1,21,0,88,11,0,99,18,90,11,1,120,36,0,36,156
12/15/2011,JNU,AK,AAL,WE,Towers with Radar,11,6,0,0,17,1,21,0,0,22,12,27,0,0,39,2,0,2,41
12/16/2011,JNU,AK,AAL,WE,Towers with Radar,18,3,0,0,21,0,223,0,0,223,18,226,0,0,244,21,0,21,265
12/17/2011,JNU,AK,AAL,WE,Towers with Radar,15,7,1,0,23,0,56,7,0,63,15,63,8,0,86,4,0,4,90
12/18/2011,JNU,AK,AAL,WE,Towers with Radar,12,0,0,0,12,0,43,5,0,48,12,43,5,0,60,0,0,0,60
12/19/2011,JNU,AK,AAL,WE,Towers with Radar,17,4,0,0,21,0,87,7,0,94,17,91,7,0,115,0,0,0,115
12/20/2011,JNU,AK,AAL,WE,Towers with Radar,20,5,1,0,26,0,86,9,2,97,20,91,10,2,123,6,0,6,129
12/21/2011,JNU,AK,AAL,WE,Towers with Radar,21,5,0,0,26,0,57,1,2,60,21,62,1,2,86,0,0,0,86
12/22/2011,JNU,AK,AAL,WE,Towers with Radar,19,6,1,0,26,0,63,0,0,63,19,69,1,0,89,0,0,0,89
12/23/2011,JNU,AK,AAL,WE,Towers with Radar,18,7,2,0,27,0,70,1,0,71,18,77,3,0,98,6,0,6,104
12/24/2011,JNU,AK,AAL,WE,Towers with Radar,16,1,1,0,18,0,44,5,0,49,16,45,6,0,67,0,0,0,67
12/25/2011,JNU,AK,AAL,WE,Towers with Radar,2,0,1,0,3,0,0,3,0,3,2,0,4,0,6,8,0,8,14
12/26/2011,JNU,AK,AAL,WE,Towers with Radar,11,0,1,0,12,2,2,0,0,4,13,2,1,0,16,0,0,0,16
12/27/2011,JNU,AK,AAL,WE,Towers with Radar,19,1,0,0,20,0,97,5,1,103,19,98,5,1,123,10,0,10,133
12/28/2011,JNU,AK,AAL,WE,Towers with Radar,17,5,1,0,23,0,3,0,0,3,17,8,1,0,26,6,0,6,32
12/29/2011,JNU,AK,AAL,WE,Towers with Radar,17,3,2,0,22,0,98,11,2,111,17,101,13,2,133,16,0,16,149
12/30/2011,JNU,AK,AAL,WE,Towers with Radar,14,10,3,0,27,0,40,3,0,43,14,50,6,0,70,4,0,4,74
12/31/2011,JNU,AK,AAL,WE,Towers with Radar,9,3,1,0,13,0,35,20,1,56,9,38,21,1,69,0,0,0,69
01/01/2012,JNU,AK,AAL,WE,Towers with Radar,3,0,1,0,4,0,0,0,0,0,3,0,1,0,4,0,0,0,4
01/02/2012,JNU,AK,AAL,WE,Towers with Radar,11,0,0,0,11,0,63,15,0,78,11,63,15,0,89,2,0,2,91
01/03/2012,JNU,AK,AAL,WE,Towers with Radar,16,6,1,0,23,0,49,8,1,58,16,55,9,1,81,0,0,0,81
01/04/2012,JNU,AK,AAL,WE,Towers with Radar,18,6,1,0,25,0,40,1,3,44,18,46,2,3,69,0,4,4,73
01/05/2012,JNU,AK,AAL,WE,Towers with Radar,18,5,0,0,23,1,80,9,4,94,19,85,9,4,117,6,0,6,123
01/06/2012,JNU,AK,AAL,WE,Towers with Radar,19,5,0,0,24,0,46,0,0,46,19,51,0,0,70,6,0,6,76
01/07/2012,JNU,AK,AAL,WE,Towers with Radar,17,3,1,0,21,0,31,1,0,32,17,34,2,0,53,4,0,4,57
01/08/2012,JNU,AK,AAL,WE,Towers with Radar,19,2,5,0,26,0,27,1,1,29,19,29,6,1,55,0,6,6,61
01/09/2012,JNU,AK,AAL,WE,Towers with Radar,13,5,0,0,18,0,59,7,0,66,13,64,7,0,84,4,0,4,88
01/10/2012,JNU,AK,AAL,WE,Towers with Radar,15,4,2,1,22,0,48,6,0,54,15,52,8,1,76,2,0,2,78
01/11/2012,JNU,AK,AAL,WE,Towers with Radar,16,6,2,0,24,0,37,0,1,38,16,43,2,1,62,0,0,0,62
01/12/2012,JNU,AK,AAL,WE,Towers with Radar,20,4,1,0,25,0,70,0,0,70,20,74,1,0,95,2,0,2,97
01/13/2012,JNU,AK,AAL,WE,Towers with Radar,18,5,2,0,25,0,79,12,0,91,18,84,14,0,116,34,0,34,150
01/14/2012,JNU,AK,AAL,WE,Towers with Radar,14,3,0,0,17,0,56,12,0,68,14,59,12,0,85,24,0,24,109
01/15/2012,JNU,AK,AAL,WE,Towers with Radar,16,0,1,0,17,0,36,1,0,37,16,36,2,0,54,0,0,0,54
01/16/2012,JNU,AK,AAL,WE,Towers with Radar,15,3,4,0,22,0,52,2,1,55,15,55,6,1,77,32,0,32,109
01/17/2012,JNU,AK,AAL,WE,Towers with Radar,15,5,5,4,29,0,78,8,1,87,15,83,13,5,116,0,0,0,116
01/18/2012,JNU,AK,AAL,WE,Towers with Radar,19,0,0,0,19,0,68,5,4,77,19,68,5,4,96,0,4,4,100
01/19/2012,JNU,AK,AAL,WE,Towers with Radar,5,2,0,0,7,0,92,6,5,103,5,94,6,5,110,4,4,8,118
01/20/2012,JNU,AK,AAL,WE,Towers with Radar,2,3,0,0,5,0,10,1,0,11,2,13,1,0,16,0,0,0,16
01/21/2012,JNU,AK,AAL,WE,Towers with Radar,16,1,0,0,17,0,38,1,2,41,16,39,1,2,58,0,0,0,58
01/22/2012,JNU,AK,AAL,WE,Towers with Radar,18,2,0,0,20,0,39,0,0,39,18,41,0,0,59,12,0,12,71
01/23/2012,JNU,AK,AAL,WE,Towers with Radar,16,9,0,0,25,0,23,1,1,25,16,32,1,1,50,2,0,2,52
01/24/2012,JNU,AK,AAL,WE,Towers with Radar,15,3,3,0,21,0,23,1,0,24,15,26,4,0,45,0,0,0,45
01/25/2012,JNU,AK,AAL,WE,Towers with Radar,21,11,1,0,33,0,33,3,0,36,21,44,4,0,69,0,0,0,69
01/26/2012,JNU,AK,AAL,WE,Towers with Radar,15,5,4,0,24,0,50,1,0,51,15,55,5,0,75,0,0,0,75
01/27/2012,JNU,AK,AAL,WE,Towers with Radar,13,4,4,0,21,0,57,2,0,59,13,61,6,0,80,2,0,2,82
01/28/2012,JNU,AK,AAL,WE,Towers with Radar,18,3,2,1,24,0,46,12,0,58,18,49,14,1,82,6,0,6,88
01/29/2012,JNU,AK,AAL,WE,Towers with Radar,13,0,0,0,13,0,0,0,0,0,13,0,0,0,13,0,0,0,13
01/30/2012,JNU,AK,AAL,WE,Towers with Radar,14,8,5,1,28,0,10,1,0,11,14,18,6,1,39,0,0,0,39
01/31/2012,JNU,AK,AAL,WE,Towers with Radar,20,6,2,4,32,0,73,7,3,83,20,79,9,7,115,0,36,36,151
02/01/2012,JNU,AK,AAL,WE,Towers with Radar,17,3,1,0,21,1,88,0,2,91,18,91,1,2,112,6,0,6,118
02/02/2012,JNU,AK,AAL,WE,Towers with Radar,23,1,4,0,28,0,85,0,11,96,23,86,4,11,124,2,16,18,142
02/03/2012,JNU,AK,AAL,WE,Towers with Radar,10,1,3,0,14,0,35,4,0,39,10,36,7,0,53,0,0,0,53
02/04/2012,JNU,AK,AAL,WE,Towers with Radar,14,3,3,0,20,0,61,18,0,79,14,64,21,0,99,10,0,10,109
02/05/2012,JNU,AK,AAL,WE,Towers with Radar,20,3,0,0,23,0,55,11,0,66,20,58,11,0,89,0,0,0,89
02/06/2012,JNU,AK,AAL,WE,Towers with Radar,16,4,0,0,20,0,97,12,2,111,16,101,12,2,131,12,0,12,143
02/07/2012,JNU,AK,AAL,WE,Towers with Radar,16,5,4,0,25,1,117,17,9,144,17,122,21,9,169,32,2,34,203
02/08/2012,JNU,AK,AAL,WE,Towers with Radar,18,1,4,0,23,1,93,19,4,117,19,94,23,4,140,12,0,12,152
02/09/2012,JNU,AK,AAL,WE,Towers with Radar,17,5,0,0,22,2,88,6,0,96,19,93,6,0,118,2,0,2,120
02/10/2012,JNU,AK,AAL,WE,Towers with Radar,18,3,0,0,21,0,72,18,0,90,18,75,18,0,111,6,0,6,117
02/11/2012,JNU,AK,AAL,WE,Towers with Radar,11,0,4,0,15,0,52,19,5,76,11,52,23,5,91,4,8,12,103
02/12/2012,JNU,AK,AAL,WE,Towers with Radar,16,1,1,0,18,0,46,18,0,64,16,47,19,0,82,0,20,20,102
02/13/2012,JNU,AK,AAL,WE,Towers with Radar,17,4,1,0,22,0,74,7,0,81,17,78,8,0,103,26,0,26,129
02/14/2012,JNU,AK,AAL,WE,Towers with Radar,20,3,2,2,27,0,92,7,1,100,20,95,9,3,127,2,0,2,129
02/15/2012,JNU,AK,AAL,WE,Towers with Radar,16,6,5,1,28,0,82,8,1,91,16,88,13,2,119,0,0,0,119
02/16/2012,JNU,AK,AAL,WE,Towers with Radar,17,6,1,0,24,0,91,16,0,107,17,97,17,0,131,12,0,12,143
02/17/2012,JNU,AK,AAL,WE,Towers with Radar,13,20,1,0,34,0,69,6,0,75,13,89,7,0,109,12,0,12,121
02/18/2012,JNU,AK,AAL,WE,Towers with Radar,12,2,3,0,17,0,56,19,0,75,12,58,22,0,92,22,0,22,114
02/19/2012,JNU,AK,AAL,WE,Towers with Radar,19,0,0,0,19,0,76,26,0,102,19,76,26,0,121,18,0,18,139
02/20/2012,JNU,AK,AAL,WE,Towers with Radar,20,8,1,0,29,0,17,2,2,21,20,25,3,2,50,16,0,16,66
02/21/2012,JNU,AK,AAL,WE,Towers with Radar,14,3,1,0,18,0,82,5,3,90,14,85,6,3,108,0,0,0,108
02/22/2012,JNU,AK,AAL,WE,Towers with Radar,17,3,4,0,24,0,70,8,2,80,17,73,12,2,104,0,0,0,104
02/23/2012,JNU,AK,AAL,WE,Towers with Radar,22,0,3,0,25,0,78,6,2,86,22,78,9,2,111,0,0,0,111
02/24/2012,JNU,AK,AAL,WE,Towers with Radar,22,2,1,0,25,0,87,15,3,105,22,89,16,3,130,12,0,12,142
02/25/2012,JNU,AK,AAL,WE,Towers with Radar,15,1,3,0,19,0,63,24,1,88,15,64,27,1,107,56,0,56,163
02/26/2012,JNU,AK,AAL,WE,Towers with Radar,17,1,4,0,22,0,47,8,0,55,17,48,12,0,77,20,0,20,97
02/27/2012,JNU,AK,AAL,WE,Towers with Radar,14,5,0,0,19,0,29,3,0,32,14,34,3,0,51,6,0,6,57
02/28/2012,JNU,AK,AAL,WE,Towers with Radar,16,5,1,0,22,0,66,9,2,77,16,71,10,2,99,8,0,8,107
02/29/2012,JNU,AK,AAL,WE,Towers with Radar,16,5,2,0,23,0,110,25,1,136,16,115,27,1,159,32,0,32,191
03/01/2012,JNU,AK,AAL,WE,Towers with Radar,14,5,0,0,19,1,47,2,0,50,15,52,2,0,69,0,0,0,69
03/02/2012,JNU,AK,AAL,WE,Towers with Radar,17,4,0,0,21,0,74,2,0,76,17,78,2,0,97,0,0,0,97
03/03/2012,JNU,AK,AAL,WE,Towers with Radar,14,9,2,0,25,0,51,17,0,68,14,60,19,0,93,28,0,28,121
03/04/2012,JNU,AK,AAL,WE,Towers with Radar,14,1,2,0,17,0,49,12,1,62,14,50,14,1,79,0,0,0,79
03/05/2012,JNU,AK,AAL,WE,Towers with Radar,14,7,0,0,21,0,77,5,0,82,14,84,5,0,103,0,0,0,103
03/06/2012,JNU,AK,AAL,WE,Towers with Radar,19,1,3,0,23,0,3,2,0,5,19,4,5,0,28,0,0,0,28
03/07/2012,JNU,AK,AAL,WE,Towers with Radar,19,13,7,0,39,0,66,3,0,69,19,79,10,0,108,4,0,4,112
03/08/2012,JNU,AK,AAL,WE,Towers with Radar,11,2,0,0,13,5,77,5,0,87,16,79,5,0,100,31,0,31,131
03/09/2012,JNU,AK,AAL,WE,Towers with Radar,15,4,0,0,19,1,71,3,0,75,16,75,3,0,94,0,0,0,94
03/10/2012,JNU,AK,AAL,WE,Towers with Radar,16,6,0,0,22,0,81,13,0,94,16,87,13,0,116,2,0,2,118
03/11/2012,JNU,AK,AAL,WE,Towers with Radar,18,5,2,0,25,0,51,14,0,65,18,56,16,0,90,14,0,14,104
03/12/2012,JNU,AK,AAL,WE,Towers with Radar,20,3,3,0,26,0,100,15,1,116,20,103,18,1,142,10,0,10,152
03/13/2012,JNU,AK,AAL,WE,Towers with Radar,17,7,2,0,26,0,73,8,1,82,17,80,10,1,108,0,0,0,108
03/14/2012,JNU,AK,AAL,WE,Towers with Radar,18,0,1,0,19,0,112,6,1,119,18,112,7,1,138,20,0,20,158
03/15/2012,JNU,AK,AAL,WE,Towers with Radar,18,3,1,0,22,0,102,17,1,120,18,105,18,1,142,4,0,4,146
03/16/2012,JNU,AK,AAL,WE,Towers with Radar,20,5,0,0,25,0,96,12,0,108,20,101,12,0,133,22,0,22,155
03/17/2012,JNU,AK,AAL,WE,Towers with Radar,15,2,1,3,21,0,83,23,1,107,15,85,24,4,128,20,0,20,148
03/18/2012,JNU,AK,AAL,WE,Towers with Radar,18,0,1,1,20,0,68,20,1,89,18,68,21,2,109,22,0,22,131
03/19/2012,JNU,AK,AAL,WE,Towers with Radar,16,1,1,0,18,0,106,15,3,124,16,107,16,3,142,16,0,16,158
03/20/2012,JNU,AK,AAL,WE,Towers with Radar,19,5,0,0,24,0,80,4,0,84,19,85,4,0,108,4,0,4,112
03/21/2012,JNU,AK,AAL,WE,Towers with Radar,18,5,1,0,24,0,98,12,0,110,18,103,13,0,134,0,0,0,134
03/22/2012,JNU,AK,AAL,WE,Towers with Radar,16,3,2,3,24,0,108,15,0,123,16,111,17,3,147,24,0,24,171
03/23/2012,JNU,AK,AAL,WE,Towers with Radar,19,3,1,2,25,0,100,49,0,149,19,103,50,2,174,20,4,24,198
03/24/2012,JNU,AK,AAL,WE,Towers with Radar,16,1,0,0,17,0,97,7,0,104,16,98,7,0,121,6,0,6,127
03/25/2012,JNU,AK,AAL,WE,Towers with Radar,21,0,0,2,23,0,76,26,2,104,21,76,26,4,127,22,0,22,149
03/26/2012,JNU,AK,AAL,WE,Towers with Radar,15,3,3,2,23,0,100,22,6,128,15,103,25,8,151,24,0,24,175
03/27/2012,JNU,AK,AAL,WE,Towers with Radar,14,5,0,0,19,0,118,26,0,144,14,123,26,0,163,14,0,14,177
03/28/2012,JNU,AK,AAL,WE,Towers with Radar,16,2,0,0,18,0,120,21,0,141,16,122,21,0,159,26,0,26,185
03/29/2012,JNU,AK,AAL,WE,Towers with Radar,17,6,2,0,25,0,94,22,0,116,17,100,24,0,141,24,0,24,165
03/30/2012,JNU,AK,AAL,WE,Towers with Radar,17,4,0,0,21,0,94,9,0,103,17,98,9,0,124,6,0,6,130
03/31/2012,JNU,AK,AAL,WE,Towers with Radar,16,3,0,0,19,0,75,40,0,115,16,78,40,0,134,18,0,18,152
04/01/2012,JNU,AK,AAL,WE,Towers with Radar,24,4,1,2,31,0,92,47,0,139,24,96,48,2,170,22,0,22,192
04/02/2012,JNU,AK,AAL,WE,Towers with Radar,20,4,2,2,28,0,93,15,0,108,20,97,17,2,136,38,0,38,174
04/03/2012,JNU,AK,AAL,WE,Towers with Radar,22,4,1,0,27,0,99,9,7,115,22,103,10,7,142,4,6,10,152
04/04/2012,JNU,AK,AAL,WE,Towers with Radar,23,4,0,2,29,0,96,27,4,127,23,100,27,6,156,6,4,10,166
04/05/2012,JNU,AK,AAL,WE,Towers with Radar,23,1,3,0,27,0,116,25,2,143,23,117,28,2,170,20,10,30,200
04/06/2012,JNU,AK,AAL,WE,Towers with Radar,25,5,0,0,30,0,156,31,0,187,25,161,31,0,217,2,0,2,219
04/07/2012,JNU,AK,AAL,WE,Towers with Radar,23,1,0,0,24,0,132,43,0,175,23,133,43,0,199,24,0,24,223
04/08/2012,JNU,AK,AAL,WE,Towers with Radar,22,0,1,0,23,0,72,40,0,112,22,72,41,0,135,18,0,18,153
04/09/2012,JNU,AK,AAL,WE,Towers with Radar,19,4,2,0,25,0,116,27,0,143,19,120,29,0,168,8,0,8,176
04/10/2012,JNU,AK,AAL,WE,Towers with Radar,22,3,0,0,25,0,136,17,2,155,22,139,17,2,180,22,0,22,202
04/11/2012,JNU,AK,AAL,WE,Towers with Radar,24,4,3,3,34,0,130,25,0,155,24,134,28,3,189,22,18,40,229
04/12/2012,JNU,AK,AAL,WE,Towers with Radar,24,4,1,0,29,0,130,17,1,148,24,134,18,1,177,32,0,32,209
04/13/2012,JNU,AK,AAL,WE,Towers with Radar,21,4,2,0,27,2,151,22,0,175,23,155,24,0,202,14,2,16,218
04/14/2012,JNU,AK,AAL,WE,Towers with Radar,20,0,2,0,22,0,107,17,0,124,20,107,19,0,146,22,0,22,168
04/15/2012,JNU,AK,AAL,WE,Towers with Radar,21,0,0,0,21,0,83,27,0,110,21,83,27,0,131,12,0,12,143
04/16/2012,JNU,AK,AAL,WE,Towers with Radar,24,2,0,2,28,0,157,23,0,180,24,159,23,2,208,8,0,8,216
04/17/2012,JNU,AK,AAL,WE,Towers with Radar,24,5,3,2,34,0,141,11,0,152,24,146,14,2,186,22,0,22,208
04/18/2012,JNU,AK,AAL,WE,Towers with Radar,24,1,1,0,26,0,127,27,0,154,24,128,28,0,180,0,0,0,180
04/19/2012,JNU,AK,AAL,WE,Towers with Radar,27,1,2,0,30,0,149,21,0,170,27,150,23,0,200,26,2,28,228
04/20/2012,JNU,AK,AAL,WE,Towers with Radar,24,1,2,0,27,0,127,16,4,147,24,128,18,4,174,34,0,34,208
04/21/2012,JNU,AK,AAL,WE,Towers with Radar,19,6,1,0,26,0,127,23,0,150,19,133,24,0,176,42,0,42,218
04/22/2012,JNU,AK,AAL,WE,Towers with Radar,26,2,2,0,30,0,92,36,0,128,26,94,38,0,158,88,0,88,246
04/23/2012,JNU,AK,AAL,WE,Towers with Radar,19,5,3,0,27,0,137,20,0,157,19,142,23,0,184,28,0,28,212
04/24/2012,JNU,AK,AAL,WE,Towers with Radar,24,5,2,0,31,1,145,44,0,190,25,150,46,0,221,70,0,70,291
04/25/2012,JNU,AK,AAL,WE,Towers with Radar,20,4,3,0,27,1,159,35,2,197,21,163,38,2,224,30,0,30,254
04/26/2012,JNU,AK,AAL,WE,Towers with Radar,21,3,1,1,26,0,149,14,2,165,21,152,15,3,191,34,0,34,225
04/27/2012,JNU,AK,AAL,WE,Towers with Radar,23,3,4,0,30,0,135,19,0,154,23,138,23,0,184,56,0,56,240
04/28/2012,JNU,AK,AAL,WE,Towers with Radar,19,1,3,0,23,0,126,21,0,147,19,127,24,0,170,38,0,38,208
04/29/2012,JNU,AK,AAL,WE,Towers with Radar,19,2,0,0,21,0,99,6,0,105,19,101,6,0,126,0,0,0,126
04/30/2012,JNU,AK,AAL,WE,Towers with Radar,23,8,6,0,37,0,131,14,1,146,23,139,20,1,183,36,0,36,219
05/01/2012,JNU,AK,AAL,WE,Towers with Radar,25,6,4,0,35,0,148,7,0,155,25,154,11,0,190,62,0,62,252
05/02/2012,JNU,AK,AAL,WE,Towers with Radar,24,1,2,0,27,0,166,10,0,176,24,167,12,0,203,46,0,46,249
05/03/2012,JNU,AK,AAL,WE,Towers with Radar,25,3,4,0,32,0,248,58,0,306,25,251,62,0,338,38,0,38,376
05/04/2012,JNU,AK,AAL,WE,Towers with Radar,29,3,2,0,34,0,173,28,0,201,29,176,30,0,235,14,0,14,249
05/05/2012,JNU,AK,AAL,WE,Towers with Radar,20,2,3,0,25,0,141,25,0,166,20,143,28,0,191,22,0,22,213
05/06/2012,JNU,AK,AAL,WE,Towers with Radar,21,1,4,0,26,0,130,6,0,136,21,131,10,0,162,0,0,0,162
05/07/2012,JNU,AK,AAL,WE,Towers with Radar,21,0,0,0,21,0,147,21,2,170,21,147,21,2,191,32,0,32,223
05/08/2012,JNU,AK,AAL,WE,Towers with Radar,22,3,5,0,30,0,228,16,0,244,22,231,21,0,274,30,0,30,304
05/09/2012,JNU,AK,AAL,WE,Towers with Radar,25,3,6,0,34,0,241,17,1,259,25,244,23,1,293,12,4,16,309
05/10/2012,JNU,AK,AAL,WE,Towers with Radar,24,7,2,0,33,0,136,16,7,159,24,143,18,7,192,6,0,6,198
05/11/2012,JNU,AK,AAL,WE,Towers with Radar,29,2,2,1,34,0,124,11,0,135,29,126,13,1,169,2,0,2,171
05/12/2012,JNU,AK,AAL,WE,Towers with Radar,20,4,2,0,26,0,109,8,0,117,20,113,10,0,143,14,0,14,157
05/13/2012,JNU,AK,AAL,WE,Towers with Radar,25,1,2,0,28,0,213,29,0,242,25,214,31,0,270,28,0,28,298
05/14/2012,JNU,AK,AAL,WE,Towers with Radar,25,7,3,0,35,0,256,35,0,291,25,263,38,0,326,56,0,56,382
05/15/2012,JNU,AK,AAL,WE,Towers with Radar,28,4,4,2,38,0,337,27,0,364,28,341,31,2,402,8,0,8,410
05/16/2012,JNU,AK,AAL,WE,Towers with Radar,26,4,4,0,34,0,231,29,0,260,26,235,33,0,294,32,0,32,326
05/17/2012,JNU,AK,AAL,WE,Towers with Radar,23,4,3,3,33,2,293,35,4,334,25,297,38,7,367,8,0,8,375
05/18/2012,JNU,AK,AAL,WE,Towers with Radar,30,5,2,4,41,0,220,33,0,253,30,225,35,4,294,8,0,8,302
05/19/2012,JNU,AK,AAL,WE,Towers with Radar,26,1,1,14,42,0,296,34,1,331,26,297,35,15,373,0,0,0,373
05/20/2012,JNU,AK,AAL,WE,Towers with Radar,29,2,0,0,31,0,319,44,0,363,29,321,44,0,394,36,0,36,430
05/21/2012,JNU,AK,AAL,WE,Towers with Radar,23,5,1,1,30,1,380,23,3,407,24,385,24,4,437,22,0,22,459
05/22/2012,JNU,AK,AAL,WE,Towers with Radar,28,3,6,2,39,0,346,30,3,379,28,349,36,5,418,28,2,30,448
05/23/2012,JNU,AK,AAL,WE,Towers with Radar,28,7,12,2,49,2,223,11,0,236,30,230,23,2,285,2,0,2,287
05/24/2012,JNU,AK,AAL,WE,Towers with Radar,22,39,5,0,66,1,251,45,1,298,23,290,50,1,364,2,0,2,366
05/25/2012,JNU,AK,AAL,WE,Towers with Radar,27,7,6,0,40,0,257,36,1,294,27,264,42,1,334,18,12,30,364
05/26/2012,JNU,AK,AAL,WE,Towers with Radar,18,4,2,0,24,0,260,20,0,280,18,264,22,0,304,18,0,18,322
05/27/2012,JNU,AK,AAL,WE,Towers with Radar,28,1,4,0,33,0,217,26,0,243,28,218,30,0,276,6,0,6,282
05/28/2012,JNU,AK,AAL,WE,Towers with Radar,23,3,2,0,28,0,338,45,0,383,23,341,47,0,411,6,0,6,417
05/29/2012,JNU,AK,AAL,WE,Towers with Radar,21,3,2,0,26,2,439,23,0,464,23,442,25,0,490,36,0,36,526
05/30/2012,JNU,AK,AAL,WE,Towers with Radar,26,4,6,0,36,0,377,10,0,387,26,381,16,0,423,14,0,14,437
05/31/2012,JNU,AK,AAL,WE,Towers with Radar,27,3,8,0,38,0,309,25,0,334,27,312,33,0,372,0,0,0,372
06/01/2012,JNU,AK,AAL,WE,Towers with Radar,28,5,2,0,35,0,288,36,0,324,28,293,38,0,359,10,0,10,369
06/02/2012,JNU,AK,AAL,WE,Towers with Radar,23,3,2,0,28,1,252,30,0,283,24,255,32,0,311,42,0,42,353
06/03/2012,JNU,AK,AAL,WE,Towers with Radar,29,3,2,2,36,0,359,52,0,411,29,362,54,2,447,0,0,0,447
06/04/2012,JNU,AK,AAL,WE,Towers with Radar,27,5,1,0,33,0,386,44,4,434,27,391,45,4,467,26,0,26,493
06/05/2012,JNU,AK,AAL,WE,Towers with Radar,30,5,1,0,36,1,451,21,4,477,31,456,22,4,513,20,0,20,533
06/06/2012,JNU,AK,AAL,WE,Towers with Radar,29,3,3,0,35,0,408,43,2,453,29,411,46,2,488,24,14,38,526
06/07/2012,JNU,AK,AAL,WE,Towers with Radar,31,3,7,0,41,0,292,28,0,320,31,295,35,0,361,20,16,36,397
06/08/2012,JNU,AK,AAL,WE,Towers with Radar,25,2,1,0,28,1,236,20,0,257,26,238,21,0,285,46,0,46,331
06/09/2012,JNU,AK,AAL,WE,Towers with Radar,25,3,1,0,29,1,296,57,1,355,26,299,58,1,384,4,0,4,388
06/10/2012,JNU,AK,AAL,WE,Towers with Radar,35,1,4,0,40,1,315,38,0,354,36,316,42,0,394,6,0,6,400
06/11/2012,JNU,AK,AAL,WE,Towers with Radar,31,9,3,0,43,1,314,17,3,335,32,323,20,3,378,8,0,8,386
06/12/2012,JNU,AK,AAL,WE,Towers with Radar,32,4,1,0,37,0,413,23,0,436,32,417,24,0,473,18,0,18,491
06/13/2012,JNU,AK,AAL,WE,Towers with Radar,35,2,7,0,44,0,393,29,0,422,35,395,36,0,466,10,0,10,476
06/14/2012,JNU,AK,AAL,WE,Towers with Radar,34,2,0,0,36,0,312,21,0,333,34,314,21,0,369,34,0,34,403
06/15/2012,JNU,AK,AAL,WE,Towers with Radar,34,4,8,1,47,3,365,44,2,414,37,369,52,3,461,20,0,20,481
06/16/2012,JNU,AK,AAL,WE,Towers with Radar,30,1,7,0,38,0,155,19,0,174,30,156,26,0,212,8,0,8,220
06/17/2012,JNU,AK,AAL,WE,Towers with Radar,33,1,2,0,36,0,139,36,1,176,33,140,38,1,212,8,0,8,220
06/18/2012,JNU,AK,AAL,WE,Towers with Radar,29,4,11,0,44,4,392,43,2,441,33,396,54,2,485,2,0,2,487
06/19/2012,JNU,AK,AAL,WE,Towers with Radar,33,6,6,0,45,0,520,59,0,579,33,526,65,0,624,4,0,4,628
06/20/2012,JNU,AK,AAL,WE,Towers with Radar,34,6,3,1,44,1,427,45,3,476,35,433,48,4,520,14,4,18,538
06/21/2012,JNU,AK,AAL,WE,Towers with Radar,33,1,2,0,36,0,359,34,0,393,33,360,36,0,429,4,0,4,433
06/22/2012,JNU,AK,AAL,WE,Towers with Radar,32,3,2,0,37,0,338,49,1,388,32,341,51,1,425,4,0,4,429
06/23/2012,JNU,AK,AAL,WE,Towers with Radar,29,1,3,0,33,2,357,53,1,413,31,358,56,1,446,6,6,12,458
06/24/2012,JNU,AK,AAL,WE,Towers with Radar,34,4,6,0,44,0,357,40,0,397,34,361,46,0,441,12,0,12,453
06/25/2012,JNU,AK,AAL,WE,Towers with Radar,31,9,7,2,49,0,317,22,1,340,31,326,29,3,389,0,0,0,389
06/26/2012,JNU,AK,AAL,WE,Towers with Radar,30,4,3,0,37,0,388,7,5,400,30,392,10,5,437,0,0,0,437
06/27/2012,JNU,AK,AAL,WE,Towers with Radar,35,4,3,5,47,0,373,18,1,392,35,377,21,6,439,2,0,2,441
06/28/2012,JNU,AK,AAL,WE,Towers with Radar,35,13,6,0,54,0,306,19,2,327,35,319,25,2,381,6,0,6,387
06/29/2012,JNU,AK,AAL,WE,Towers with Radar,40,10,6,0,56,0,236,27,3,266,40,246,33,3,322,2,0,2,324
06/30/2012,JNU,AK,AAL,WE,Towers with Radar,27,5,3,0,35,0,223,7,0,230,27,228,10,0,265,2,0,2,267
07/01/2012,JNU,AK,AAL,WE,Towers with Radar,33,2,8,0,43,0,394,34,1,429,33,396,42,1,472,4,0,4,476
07/02/2012,JNU,AK,AAL,WE,Towers with Radar,29,4,4,0,37,0,419,54,0,473,29,423,58,0,510,2,0,2,512
07/03/2012,JNU,AK,AAL,WE,Towers with Radar,32,6,5,0,43,1,520,43,0,564,33,526,48,0,607,12,0,12,619
07/04/2012,JNU,AK,AAL,WE,Towers with Radar,27,0,3,0,30,0,223,34,1,258,27,223,37,1,288,0,0,0,288
07/05/2012,JNU,AK,AAL,WE,Towers with Radar,30,0,3,0,33,0,357,40,1,398,30,357,43,1,431,2,0,2,433
07/06/2012,JNU,AK,AAL,WE,Towers with Radar,39,3,0,0,42,2,391,45,0,438,41,394,45,0,480,28,0,28,508
07/07/2012,JNU,AK,AAL,WE,Towers with Radar,37,4,11,1,53,0,301,22,0,323,37,305,33,1,376,4,0,4,380
07/08/2012,JNU,AK,AAL,WE,Towers with Radar,35,1,4,0,40,0,396,43,0,439,35,397,47,0,479,42,0,42,521
07/09/2012,JNU,AK,AAL,WE,Towers with Radar,31,42,8,0,81,0,206,9,0,215,31,248,17,0,296,0,0,0,296
07/10/2012,JNU,AK,AAL,WE,Towers with Radar,34,3,13,0,50,0,382,26,1,409,34,385,39,1,459,16,0,16,475
07/11/2012,JNU,AK,AAL,WE,Towers with Radar,36,2,4,0,42,0,43,0,0,43,36,45,4,0,85,20,0,20,105
07/12/2012,JNU,AK,AAL,WE,Towers with Radar,33,1,4,0,38,0,403,69,2,474,33,404,73,2,512,28,0,28,540
07/13/2012,JNU,AK,AAL,WE,Towers with Radar,34,28,10,0,72,0,39,10,0,49,34,67,20,0,121,10,0,10,131
07/14/2012,JNU,AK,AAL,WE,Towers with Radar,32,6,6,0,44,3,411,65,0,479,35,417,71,0,523,8,0,8,531
07/15/2012,JNU,AK,AAL,WE,Towers with Radar,39,4,6,0,49,2,438,57,0,497,41,442,63,0,546,0,0,0,546
07/16/2012,JNU,AK,AAL,WE,Towers with Radar,30,2,7,0,39,1,416,33,4,454,31,418,40,4,493,10,0,10,503
07/17/2012,JNU,AK,AAL,WE,Towers with Radar,34,5,3,0,42,0,568,41,0,609,34,573,44,0,651,0,0,0,651
07/18/2012,JNU,AK,AAL,WE,Towers with Radar,36,6,5,2,49,0,438,50,2,490,36,444,55,4,539,58,0,58,597
07/19/2012,JNU,AK,AAL,WE,Towers with Radar,41,3,11,1,56,0,365,52,3,420,41,368,63,4,476,12,6,18,494
07/20/2012,JNU,AK,AAL,WE,Towers with Radar,32,5,2,0,39,0,399,56,1,456,32,404,58,1,495,18,2,20,515
07/21/2012,JNU,AK,AAL,WE,Towers with Radar,36,3,6,0,45,0,445,44,0,489,36,448,50,0,534,4,0,4,538
07/22/2012,JNU,AK,AAL,WE,Towers with Radar,33,2,7,0,42,0,342,49,0,391,33,344,56,0,433,0,0,0,433
07/23/2012,JNU,AK,AAL,WE,Towers with Radar,29,6,7,0,42,0,398,42,2,442,29,404,49,2,484,20,0,20,504
07/24/2012,JNU,AK,AAL,WE,Towers with Radar,32,4,9,3,48,0,523,49,4,576,32,527,58,7,624,16,0,16,640
07/25/2012,JNU,AK,AAL,WE,Towers with Radar,35,4,6,0,45,1,483,48,3,535,36,487,54,3,580,12,0,12,592
07/26/2012,JNU,AK,AAL,WE,Towers with Radar,35,6,6,0,47,1,460,66,4,531,36,466,72,4,578,0,0,0,578
07/27/2012,JNU,AK,AAL,WE,Towers with Radar,35,4,11,1,51,0,337,43,2,382,35,341,54,3,433,8,0,8,441
07/28/2012,JNU,AK,AAL,WE,Towers with Radar,34,5,5,1,45,0,320,55,0,375,34,325,60,1,420,4,0,4,424
07/29/2012,JNU,AK,AAL,WE,Towers with Radar,35,2,5,0,42,0,453,64,0,517,35,455,69,0,559,6,0,6,565
07/30/2012,JNU,AK,AAL,WE,Towers with Radar,33,6,5,0,44,0,311,30,0,341,33,317,35,0,385,24,0,24,409
07/31/2012,JNU,AK,AAL,WE,Towers with Radar,38,3,4,0,45,0,559,20,0,579,38,562,24,0,624,0,0,0,624
08/01/2012,JNU,AK,AAL,WE,Towers with Radar,41,7,7,0,55,0,462,43,0,505,41,469,50,0,560,8,0,8,568
08/02/2012,JNU,AK,AAL,WE,Towers with Radar,36,5,7,0,48,0,169,17,5,191,36,174,24,5,239,0,0,0,239
08/03/2012,JNU,AK,AAL,WE,Towers with Radar,33,22,4,0,59,1,58,5,1,65,34,80,9,1,124,0,0,0,124
08/04/2012,JNU,AK,AAL,WE,Towers with Radar,29,7,1,0,37,0,528,78,1,607,29,535,79,1,644,8,0,8,652
08/05/2012,JNU,AK,AAL,WE,Towers with Radar,34,3,7,0,44,0,295,25,0,320,34,298,32,0,364,0,0,0,364
08/06/2012,JNU,AK,AAL,WE,Towers with Radar,28,6,7,0,41,0,269,15,0,284,28,275,22,0,325,20,0,20,345
08/07/2012,JNU,AK,AAL,WE,Towers with Radar,35,7,8,3,53,0,236,15,0,251,35,243,23,3,304,12,0,12,316
08/08/2012,JNU,AK,AAL,WE,Towers with Radar,36,15,4,0,55,0,361,21,0,382,36,376,25,0,437,0,0,0,437
08/09/2012,JNU,AK,AAL,WE,Towers with Radar,36,3,4,0,43,0,345,30,0,375,36,348,34,0,418,8,0,8,426
08/10/2012,JNU,AK,AAL,WE,Towers with Radar,29,6,5,0,40,1,304,63,0,368,30,310,68,0,408,0,0,0,408
08/11/2012,JNU,AK,AAL,WE,Towers with Radar,31,4,1,0,36,0,305,30,0,335,31,309,31,0,371,0,0,0,371
08/12/2012,JNU,AK,AAL,WE,Towers with Radar,35,44,9,0,88,0,142,18,0,160,35,186,27,0,248,0,0,0,248
08/13/2012,JNU,AK,AAL,WE,Towers with Radar,32,22,7,0,61,0,347,37,1,385,32,369,44,1,446,24,0,24,470
08/14/2012,JNU,AK,AAL,WE,Towers with Radar,32,3,5,0,40,0,596,63,1,660,32,599,68,1,700,12,0,12,712
08/15/2012,JNU,AK,AAL,WE,Towers with Radar,36,3,12,0,51,0,471,47,0,518,36,474,59,0,569,14,0,14,583
08/16/2012,JNU,AK,AAL,WE,Towers with Radar,36,1,4,0,41,0,357,41,1,399,36,358,45,1,440,8,0,8,448
08/17/2012,JNU,AK,AAL,WE,Towers with Radar,30,1,6,0,37,3,346,55,0,404,33,347,61,0,441,26,0,26,467
08/18/2012,JNU,AK,AAL,WE,Towers with Radar,28,2,0,0,30,0,275,49,0,324,28,277,49,0,354,40,0,40,394
08/19/2012,JNU,AK,AAL,WE,Towers with Radar,32,0,2,0,34,0,390,43,1,434,32,390,45,1,468,0,0,0,468
08/20/2012,JNU,AK,AAL,WE,Towers with Radar,27,0,1,0,28,2,416,48,0,466,29,416,49,0,494,40,0,40,534
08/21/2012,JNU,AK,AAL,WE,Towers with Radar,34,3,0,0,37,0,477,62,0,539,34,480,62,0,576,28,0,28,604
08/22/2012,JNU,AK,AAL,WE,Towers with Radar,35,7,3,0,45,0,153,20,0,173,35,160,23,0,218,2,6,8,226
08/23/2012,JNU,AK,AAL,WE,Towers with Radar,32,3,0,1,36,7,198,23,1,229,39,201,23,2,265,20,0,20,285
08/24/2012,JNU,AK,AAL,WE,Towers with Radar,35,5,4,0,44,0,302,31,1,334,35,307,35,1,378,26,0,26,404
08/25/2012,JNU,AK,AAL,WE,Towers with Radar,34,5,0,0,39,0,203,26,0,229,34,208,26,0,268,4,0,4,272
08/26/2012,JNU,AK,AAL,WE,Towers with Radar,33,2,2,0,37,0,391,83,0,474,33,393,85,0,511,36,0,36,547
08/27/2012,JNU,AK,AAL,WE,Towers with Radar,27,2,7,0,36,0,311,31,2,344,27,313,38,2,380,46,0,46,426
08/28/2012,JNU,AK,AAL,WE,Towers with Radar,35,26,4,1,66,0,151,10,2,163,35,177,14,3,229,10,0,10,239
08/29/2012,JNU,AK,AAL,WE,Towers with Radar,30,8,6,0,44,0,456,67,3,526,30,464,73,3,570,24,0,24,594
08/30/2012,JNU,AK,AAL,WE,Towers with Radar,29,5,3,0,37,3,374,65,3,445,32,379,68,3,482,8,0,8,490
08/31/2012,JNU,AK,AAL,WE,Towers with Radar,34,0,5,0,39,0,360,69,2,431,34,360,74,2,470,76,0,76,546
09/01/2012,JNU,AK,AAL,WE,Towers with Radar,25,5,3,0,33,0,328,25,0,353,25,333,28,0,386,8,0,8,394
09/02/2012,JNU,AK,AAL,WE,Towers with Radar,24,1,2,0,27,0,225,36,0,261,24,226,38,0,288,10,2,12,300
09/03/2012,JNU,AK,AAL,WE,Towers with Radar,26,2,3,0,31,0,287,48,1,336,26,289,51,1,367,12,0,12,379
09/04/2012,JNU,AK,AAL,WE,Towers with Radar,24,6,4,0,34,0,335,26,3,364,24,341,30,3,398,0,0,0,398
09/05/2012,JNU,AK,AAL,WE,Towers with Radar,28,4,3,0,35,0,278,14,0,292,28,282,17,0,327,18,0,18,345
09/06/2012,JNU,AK,AAL,WE,Towers with Radar,32,2,3,0,37,0,306,39,1,346,32,308,42,1,383,6,0,6,389
09/07/2012,JNU,AK,AAL,WE,Towers with Radar,28,16,4,0,48,0,252,17,2,271,28,268,21,2,319,0,0,0,319
09/08/2012,JNU,AK,AAL,WE,Towers with Radar,29,27,4,0,60,0,153,13,0,166,29,180,17,0,226,2,0,2,228
09/09/2012,JNU,AK,AAL,WE,Towers with Radar,29,1,0,0,30,0,362,45,0,407,29,363,45,0,437,16,0,16,453
09/10/2012,JNU,AK,AAL,WE,Towers with Radar,24,4,1,0,29,0,309,45,1,355,24,313,46,1,384,8,0,8,392
09/11/2012,JNU,AK,AAL,WE,Towers with Radar,30,4,3,0,37,0,311,14,0,325,30,315,17,0,362,0,0,0,362
09/12/2012,JNU,AK,AAL,WE,Towers with Radar,28,3,4,0,35,0,109,6,2,117,28,112,10,2,152,0,18,18,170
09/13/2012,JNU,AK,AAL,WE,Towers with Radar,28,5,1,0,34,0,66,4,0,70,28,71,5,0,104,0,0,0,104
09/14/2012,JNU,AK,AAL,WE,Towers with Radar,26,7,4,0,37,0,215,42,1,258,26,222,46,1,295,0,0,0,295
09/15/2012,JNU,AK,AAL,WE,Towers with Radar,24,3,1,0,28,0,191,26,0,217,24,194,27,0,245,8,0,8,253
09/16/2012,JNU,AK,AAL,WE,Towers with Radar,26,0,3,0,29,0,203,38,0,241,26,203,41,0,270,14,0,14,284
09/17/2012,JNU,AK,AAL,WE,Towers with Radar,20,7,1,0,28,0,165,11,0,176,20,172,12,0,204,2,0,2,206
09/18/2012,JNU,AK,AAL,WE,Towers with Radar,30,3,2,1,36,0,301,37,2,340,30,304,39,3,376,16,0,16,392
09/19/2012,JNU,AK,AAL,WE,Towers with Radar,27,1,3,0,31,0,325,26,0,351,27,326,29,0,382,6,0,6,388
09/20/2012,JNU,AK,AAL,WE,Towers with Radar,31,16,4,0,51,0,98,61,4,163,31,114,65,4,214,0,8,8,222
09/21/2012,JNU,AK,AAL,WE,Towers with Radar,23,11,0,0,34,0,227,53,1,281,23,238,53,1,315,2,0,2,317
09/22/2012,JNU,AK,AAL,WE,Towers with Radar,29,15,9,0,53,0,144,43,0,187,29,159,52,0,240,12,0,12,252
09/23/2012,JNU,AK,AAL,WE,Towers with Radar,24,2,1,0,27,0,165,24,0,189,24,167,25,0,216,8,0,8,224
09/24/2012,JNU,AK,AAL,WE,Towers with Radar,23,3,2,0,28,0,185,27,0,212,23,188,29,0,240,12,0,12,252
09/25/2012,JNU,AK,AAL,WE,Towers with Radar,26,4,1,0,31,0,151,10,0,161,26,155,11,0,192,6,0,6,198
09/26/2012,JNU,AK,AAL,WE,Towers with Radar,27,0,2,0,29,0,211,14,1,226,27,211,16,1,255,0,0,0,255
09/27/2012,JNU,AK,AAL,WE,Towers with Radar,25,4,7,0,36,0,89,18,2,109,25,93,25,2,145,0,0,0,145
09/28/2012,JNU,AK,AAL,WE,Towers with Radar,26,1,3,0,30,0,135,18,0,153,26,136,21,0,183,6,0,6,189
09/29/2012,JNU,AK,AAL,WE,Towers with Radar,22,5,6,0,33,0,110,11,0,121,22,115,17,0,154,12,0,12,166
09/30/2012,JNU,AK,AAL,WE,Towers with Radar,26,0,3,0,29,0,131,51,0,182,26,131,54,0,211,0,0,0,211
10/01/2012,JNU,AK,AAL,WE,Towers with Radar,15,7,3,0,25,16,150,32,2,200,31,157,35,2,225,16,0,16,241
10/02/2012,JNU,AK,AAL,WE,Towers with Radar,17,10,5,0,32,1,130,27,2,160,18,140,32,2,192,2,0,2,194
10/03/2012,JNU,AK,AAL,WE,Towers with Radar,20,5,3,2,30,0,148,31,1,180,20,153,34,3,210,8,0,8,218
10/04/2012,JNU,AK,AAL,WE,Towers with Radar,16,1,1,1,19,0,94,15,0,109,16,95,16,1,128,0,0,0,128
10/05/2012,JNU,AK,AAL,WE,Towers with Radar,16,4,1,1,22,0,51,4,1,56,16,55,5,2,78,0,0,0,78
10/06/2012,JNU,AK,AAL,WE,Towers with Radar,13,4,3,0,20,0,103,21,0,124,13,107,24,0,144,10,0,10,154
10/07/2012,JNU,AK,AAL,WE,Towers with Radar,16,0,0,0,16,0,103,34,0,137,16,103,34,0,153,6,0,6,159
10/08/2012,JNU,AK,AAL,WE,Towers with Radar,12,5,0,0,17,0,106,19,0,125,12,111,19,0,142,4,0,4,146
10/09/2012,JNU,AK,AAL,WE,Towers with Radar,0,0,0,0,0,0,0,0,0,0,0,0,0,0,0,0,0,0,0
10/10/2012,JNU,AK,AAL,WE,Towers with Radar,19,7,4,0,30,0,168,45,0,213,19,175,49,0,243,10,0,10,253
10/11/2012,JNU,AK,AAL,WE,Towers with Radar,19,0,1,1,21,0,105,27,0,132,19,105,28,1,153,8,0,8,161
10/12/2012,JNU,AK,AAL,WE,Towers with Radar,15,6,3,2,26,0,80,15,3,98,15,86,18,5,124,0,0,0,124
10/13/2012,JNU,AK,AAL,WE,Towers with Radar,17,2,3,0,22,1,92,4,0,97,18,94,7,0,119,0,0,0,119
10/14/2012,JNU,AK,AAL,WE,Towers with Radar,19,0,0,0,19,0,95,8,0,103,19,95,8,0,122,0,0,0,122
10/15/2012,JNU,AK,AAL,WE,Towers with Radar,16,6,0,0,22,0,89,4,1,94,16,95,4,1,116,8,0,8,124
10/16/2012,JNU,AK,AAL,WE,Towers with Radar,18,2,0,0,20,0,110,9,0,119,18,112,9,0,139,0,0,0,139
10/17/2012,JNU,AK,AAL,WE,Towers with Radar,15,2,0,0,17,0,109,6,0,115,15,111,6,0,132,10,8,18,150
10/18/2012,JNU,AK,AAL,WE,Towers with Radar,24,4,1,0,29,0,120,16,0,136,24,124,17,0,165,32,0,32,197
10/19/2012,JNU,AK,AAL,WE,Towers with Radar,21,9,1,0,31,0,122,42,0,164,21,131,43,0,195,12,0,12,207
10/20/2012,JNU,AK,AAL,WE,Towers with Radar,14,2,2,0,18,0,134,25,0,159,14,136,27,0,177,0,0,0,177
10/21/2012,JNU,AK,AAL,WE,Towers with Radar,18,1,2,0,21,0,95,15,0,110,18,96,17,0,131,0,0,0,131
10/22/2012,JNU,AK,AAL,WE,Towers with Radar,17,3,2,0,22,0,118,8,2,128,17,121,10,2,150,20,0,20,170
10/23/2012,JNU,AK,AAL,WE,Towers with Radar,19,1,1,1,22,0,146,17,5,168,19,147,18,6,190,10,0,10,200
10/24/2012,JNU,AK,AAL,WE,Towers with Radar,15,4,3,0,22,0,128,4,0,132,15,132,7,0,154,8,0,8,162
10/25/2012,JNU,AK,AAL,WE,Towers with Radar,20,8,1,1,30,0,100,6,5,111,20,108,7,6,141,16,0,16,157
10/26/2012,JNU,AK,AAL,WE,Towers with Radar,18,22,3,0,43,0,98,16,0,114,18,120,19,0,157,20,0,20,177
10/27/2012,JNU,AK,AAL,WE,Towers with Radar,16,2,0,0,18,0,97,14,0,111,16,99,14,0,129,0,0,0,129
10/28/2012,JNU,AK,AAL,WE,Towers with Radar,16,2,5,0,23,0,94,8,1,103,16,96,13,1,126,8,0,8,134
10/29/2012,JNU,AK,AAL,WE,Towers with Radar,15,3,2,0,20,0,121,13,0,134,15,124,15,0,154,26,0,26,180
10/30/2012,JNU,AK,AAL,WE,Towers with Radar,23,5,2,0,30,0,27,2,0,29,23,32,4,0,59,6,0,6,65
10/31/2012,JNU,AK,AAL,WE,Towers with Radar,18,6,0,0,24,0,87,7,1,95,18,93,7,1,119,30,0,30,149
11/01/2012,JNU,AK,AAL,WE,Towers with Radar,0,0,0,0,0,0,0,0,0,0,0,0,0,0,0,0,0,0,0
11/02/2012,JNU,AK,AAL,WE,Towers with Radar,0,0,0,0,0,0,0,0,0,0,0,0,0,0,0,0,0,0,0
11/03/2012,JNU,AK,AAL,WE,Towers with Radar,13,2,0,0,15,0,80,14,0,94,13,82,14,0,109,16,0,16,125
11/04/2012,JNU,AK,AAL,WE,Towers with Radar,16,0,1,0,17,0,80,3,0,83,16,80,4,0,100,6,0,6,106
11/05/2012,JNU,AK,AAL,WE,Towers with Radar,19,4,0,0,23,0,82,2,0,84,19,86,2,0,107,22,0,22,129
11/06/2012,JNU,AK,AAL,WE,Towers with Radar,18,6,0,0,24,0,91,16,2,109,18,97,16,2,133,24,0,24,157
11/07/2012,JNU,AK,AAL,WE,Towers with Radar,20,2,0,0,22,0,90,22,5,117,20,92,22,5,139,16,0,16,155
11/08/2012,JNU,AK,AAL,WE,Towers with Radar,19,3,2,0,24,0,107,22,2,131,19,110,24,2,155,0,0,0,155
11/09/2012,JNU,AK,AAL,WE,Towers with Radar,12,5,2,0,19,0,139,15,0,154,12,144,17,0,173,12,0,12,185
11/10/2012,JNU,AK,AAL,WE,Towers with Radar,14,1,0,0,15,0,107,5,0,112,14,108,5,0,127,12,0,12,139
11/11/2012,JNU,AK,AAL,WE,Towers with Radar,18,20,0,0,38,0,0,0,0,0,18,20,0,0,38,0,0,0,38
11/12/2012,JNU,AK,AAL,WE,Towers with Radar,18,28,0,0,46,0,30,0,0,30,18,58,0,0,76,0,0,0,76
11/13/2012,JNU,AK,AAL,WE,Towers with Radar,15,3,1,0,19,0,0,0,0,0,15,3,1,0,19,0,0,0,19
11/14/2012,JNU,AK,AAL,WE,Towers with Radar,16,5,1,0,22,0,85,0,3,88,16,90,1,3,110,0,0,0,110
11/15/2012,JNU,AK,AAL,WE,Towers with Radar,17,11,0,2,30,0,107,6,0,113,17,118,6,2,143,0,0,0,143
11/16/2012,JNU,AK,AAL,WE,Towers with Radar,18,12,2,0,32,0,55,6,0,61,18,67,8,0,93,44,0,44,137
11/17/2012,JNU,AK,AAL,WE,Towers with Radar,16,3,0,0,19,0,105,20,0,125,16,108,20,0,144,44,0,44,188
11/18/2012,JNU,AK,AAL,WE,Towers with Radar,18,0,0,0,18,0,87,8,0,95,18,87,8,0,113,10,0,10,123
11/19/2012,JNU,AK,AAL,WE,Towers with Radar,16,7,1,0,24,0,70,14,2,86,16,77,15,2,110,22,0,22,132
11/20/2012,JNU,AK,AAL,WE,Towers with Radar,18,5,1,0,24,0,79,17,1,97,18,84,18,1,121,0,0,0,121
11/21/2012,JNU,AK,AAL,WE,Towers with Radar,20,2,0,0,22,0,104,9,3,116,20,106,9,3,138,8,14,22,160
11/22/2012,JNU,AK,AAL,WE,Towers with Radar,8,3,0,0,11,0,2,4,0,6,8,5,4,0,17,0,0,0,17
11/23/2012,JNU,AK,AAL,WE,Towers with Radar,16,1,1,0,18,0,90,9,0,99,16,91,10,0,117,22,0,22,139
11/24/2012,JNU,AK,AAL,WE,Towers with Radar,16,1,2,0,19,0,64,12,1,77,16,65,14,1,96,46,0,46,142
11/25/2012,JNU,AK,AAL,WE,Towers with Radar,15,0,1,0,16,0,0,0,0,0,15,0,1,0,16,0,0,0,16
11/26/2012,JNU,AK,AAL,WE,Towers with Radar,18,5,9,0,32,0,80,11,3,94,18,85,20,3,126,14,0,14,140
11/27/2012,JNU,AK,AAL,WE,Towers with Radar,20,9,5,0,34,0,89,17,0,106,20,98,22,0,140,10,0,10,150
11/28/2012,JNU,AK,AAL,WE,Towers with Radar,20,4,0,2,26,0,67,1,1,69,20,71,1,3,95,0,0,0,95
11/29/2012,JNU,AK,AAL,WE,Towers with Radar,8,2,1,0,11,0,1,0,0,1,8,3,1,0,12,6,0,6,18
11/30/2012,JNU,AK,AAL,WE,Towers with Radar,17,4,1,0,22,0,72,15,0,87,17,76,16,0,109,4,0,4,113
12/01/2012,JNU,AK,AAL,WE,Towers with Radar,14,4,6,0,24,0,39,2,0,41,14,43,8,0,65,0,0,0,65
12/02/2012,JNU,AK,AAL,WE,Towers with Radar,1,3,1,0,5,0,1,1,0,2,1,4,2,0,7,0,0,0,7
12/03/2012,JNU,AK,AAL,WE,Towers with Radar,19,8,2,0,29,0,35,0,0,35,19,43,2,0,64,0,0,0,64
12/04/2012,JNU,AK,AAL,WE,Towers with Radar,21,7,0,0,28,0,102,10,0,112,21,109,10,0,140,10,0,10,150
12/05/2012,JNU,AK,AAL,WE,Towers with Radar,16,8,1,0,25,0,69,3,0,72,16,77,4,0,97,8,0,8,105
12/06/2012,JNU,AK,AAL,WE,Towers with Radar,23,1,2,0,26,0,52,5,1,58,23,53,7,1,84,2,0,2,86
12/07/2012,JNU,AK,AAL,WE,Towers with Radar,24,5,0,1,30,0,88,10,0,98,24,93,10,1,128,26,0,26,154
12/08/2012,JNU,AK,AAL,WE,Towers with Radar,17,5,1,0,23,0,64,20,0,84,17,69,21,0,107,42,0,42,149
12/09/2012,JNU,AK,AAL,WE,Towers with Radar,15,1,1,0,17,0,44,1,0,45,15,45,2,0,62,0,0,0,62
12/10/2012,JNU,AK,AAL,WE,Towers with Radar,17,6,2,0,25,0,73,1,0,74,17,79,3,0,99,0,0,0,99
12/11/2012,JNU,AK,AAL,WE,Towers with Radar,8,33,1,2,44,0,0,0,0,0,8,33,1,2,44,0,0,0,44
12/12/2012,JNU,AK,AAL,WE,Towers with Radar,17,12,3,0,32,0,73,7,0,80,17,85,10,0,112,8,0,8,120
12/13/2012,JNU,AK,AAL,WE,Towers with Radar,17,4,2,0,23,0,87,6,1,94,17,91,8,1,117,32,0,32,149
12/14/2012,JNU,AK,AAL,WE,Towers with Radar,23,14,3,0,40,0,65,3,0,68,23,79,6,0,108,0,0,0,108
12/15/2012,JNU,AK,AAL,WE,Towers with Radar,15,6,0,0,21,0,55,9,0,64,15,61,9,0,85,16,0,16,101
12/16/2012,JNU,AK,AAL,WE,Towers with Radar,15,3,2,0,20,0,19,1,0,20,15,22,3,0,40,0,0,0,40
12/17/2012,JNU,AK,AAL,WE,Towers with Radar,18,5,1,0,24,0,89,18,2,109,18,94,19,2,133,18,0,18,151
12/18/2012,JNU,AK,AAL,WE,Towers with Radar,15,6,1,0,22,0,89,17,0,106,15,95,18,0,128,14,0,14,142
12/19/2012,JNU,AK,AAL,WE,Towers with Radar,19,4,2,0,25,0,78,4,0,82,19,82,6,0,107,20,0,20,127
12/20/2012,JNU,AK,AAL,WE,Towers with Radar,16,3,0,0,19,0,68,6,1,75,16,71,6,1,94,4,0,4,98
12/21/2012,JNU,AK,AAL,WE,Towers with Radar,19,2,0,0,21,0,238,4,0,242,19,240,4,0,263,0,0,0,263
12/22/2012,JNU,AK,AAL,WE,Towers with Radar,18,2,1,0,21,0,73,5,0,78,18,75,6,0,99,0,0,0,99
12/23/2012,JNU,AK,AAL,WE,Towers with Radar,14,0,1,0,15,0,105,6,1,112,14,105,7,1,127,6,0,6,133
12/24/2012,JNU,AK,AAL,WE,Towers with Radar,19,4,0,0,23,0,72,9,0,81,19,76,9,0,104,6,0,6,110
12/25/2012,JNU,AK,AAL,WE,Towers with Radar,9,2,0,0,11,0,1,6,0,7,9,3,6,0,18,0,0,0,18
12/26/2012,JNU,AK,AAL,WE,Towers with Radar,20,6,0,0,26,0,88,30,1,119,20,94,30,1,145,6,0,6,151
12/27/2012,JNU,AK,AAL,WE,Towers with Radar,22,6,0,0,28,0,6,0,0,6,22,12,0,0,34,6,0,6,40
12/28/2012,JNU,AK,AAL,WE,Towers with Radar,22,7,1,0,30,0,5,2,0,7,22,12,3,0,37,0,0,0,37
12/29/2012,JNU,AK,AAL,WE,Towers with Radar,15,2,0,0,17,0,95,1,0,96,15,97,1,0,113,0,0,0,113
12/30/2012,JNU,AK,AAL,WE,Towers with Radar,18,0,2,0,20,0,51,6,0,57,18,51,8,0,77,0,0,0,77
12/31/2012,JNU,AK,AAL,WE,Towers with Radar,18,6,1,0,25,0,71,14,0,85,18,77,15,0,110,0,0,0,110
01/01/2013,JNU,AK,AAL,WE,Towers with Radar,10,2,0,1,13,0,7,7,0,14,10,9,7,1,27,0,0,0,27
01/02/2013,JNU,AK,AAL,WE,Towers with Radar,12,10,1,0,23,0,65,1,0,66,12,75,2,0,89,0,0,0,89
01/03/2013,JNU,AK,AAL,WE,Towers with Radar,23,4,1,0,28,0,60,5,0,65,23,64,6,0,93,0,0,0,93
01/04/2013,JNU,AK,AAL,WE,Towers with Radar,16,14,0,0,30,0,37,4,0,41,16,51,4,0,71,2,0,2,73
01/05/2013,JNU,AK,AAL,WE,Towers with Radar,17,5,1,0,23,0,38,0,0,38,17,43,1,0,61,0,0,0,61
01/06/2013,JNU,AK,AAL,WE,Towers with Radar,19,1,2,0,22,0,43,4,0,47,19,44,6,0,69,0,0,0,69
01/07/2013,JNU,AK,AAL,WE,Towers with Radar,13,12,1,1,27,0,57,4,2,63,13,69,5,3,90,0,0,0,90
01/08/2013,JNU,AK,AAL,WE,Towers with Radar,0,0,0,0,0,0,0,0,0,0,0,0,0,0,0,0,0,0,0
01/09/2013,JNU,AK,AAL,WE,Towers with Radar,0,0,0,0,0,0,0,0,0,0,0,0,0,0,0,0,0,0,0
01/10/2013,JNU,AK,AAL,WE,Towers with Radar,21,6,0,1,28,0,8,0,0,8,21,14,0,1,36,0,0,0,36
01/11/2013,JNU,AK,AAL,WE,Towers with Radar,16,7,2,2,27,0,7,1,0,8,16,14,3,2,35,0,0,0,35
01/12/2013,JNU,AK,AAL,WE,Towers with Radar,15,6,0,0,21,0,0,0,0,0,15,6,0,0,21,0,0,0,21
01/13/2013,JNU,AK,AAL,WE,Towers with Radar,19,8,3,0,30,0,3,2,2,7,19,11,5,2,37,14,0,14,51
01/14/2013,JNU,AK,AAL,WE,Towers with Radar,17,7,2,1,27,0,73,1,6,80,17,80,3,7,107,0,0,0,107
01/15/2013,JNU,AK,AAL,WE,Towers with Radar,21,4,0,0,25,0,52,0,4,56,21,56,0,4,81,0,0,0,81
01/16/2013,JNU,AK,AAL,WE,Towers with Radar,13,7,2,0,22,0,54,4,0,58,13,61,6,0,80,0,0,0,80
01/17/2013,JNU,AK,AAL,WE,Towers with Radar,21,8,1,1,31,0,49,6,2,57,21,57,7,3,88,0,0,0,88
01/18/2013,JNU,AK,AAL,WE,Towers with Radar,15,6,1,0,22,0,72,11,0,83,15,78,12,0,105,4,0,4,109
01/19/2013,JNU,AK,AAL,WE,Towers with Radar,16,1,0,0,17,0,84,23,0,107,16,85,23,0,124,14,0,14,138
01/20/2013,JNU,AK,AAL,WE,Towers with Radar,19,1,0,0,20,0,45,7,0,52,19,46,7,0,72,6,0,6,78
01/21/2013,JNU,AK,AAL,WE,Towers with Radar,12,24,1,0,37,0,8,0,0,8,12,32,1,0,45,0,0,0,45
01/22/2013,JNU,AK,AAL,WE,Towers with Radar,22,38,1,1,62,0,31,2,1,34,22,69,3,2,96,8,0,8,104
01/23/2013,JNU,AK,AAL,WE,Towers with Radar,21,3,3,0,27,0,56,2,6,64,21,59,5,6,91,52,0,52,143
01/24/2013,JNU,AK,AAL,WE,Towers with Radar,21,5,0,0,26,0,70,7,0,77,21,75,7,0,103,4,0,4,107
01/25/2013,JNU,AK,AAL,WE,Towers with Radar,23,7,1,1,32,0,65,16,1,82,23,72,17,2,114,10,0,10,124
01/26/2013,JNU,AK,AAL,WE,Towers with Radar,13,3,1,0,17,0,60,14,0,74,13,63,15,0,91,2,0,2,93
01/27/2013,JNU,AK,AAL,WE,Towers with Radar,15,0,0,0,15,0,28,0,0,28,15,28,0,0,43,2,0,2,45
01/28/2013,JNU,AK,AAL,WE,Towers with Radar,16,6,0,0,22,0,63,3,4,70,16,69,3,4,92,6,0,6,98
01/29/2013,JNU,AK,AAL,WE,Towers with Radar,16,2,0,0,18,0,0,0,0,0,16,2,0,0,18,0,0,0,18
01/30/2013,JNU,AK,AAL,WE,Towers with Radar,19,4,2,0,25,0,1,0,0,1,19,5,2,0,26,0,0,0,26
01/31/2013,JNU,AK,AAL,WE,Towers with Radar,20,4,5,0,29,0,16,0,0,16,20,20,5,0,45,0,0,0,45
02/01/2013,JNU,AK,AAL,WE,Towers with Radar,18,14,1,0,33,0,86,7,0,93,18,100,8,0,126,0,0,0,126
02/02/2013,JNU,AK,AAL,WE,Towers with Radar,19,0,0,0,19,0,71,1,0,72,19,71,1,0,91,0,0,0,91
02/03/2013,JNU,AK,AAL,WE,Towers with Radar,18,2,0,0,20,0,49,7,0,56,18,51,7,0,76,0,0,0,76
02/04/2013,JNU,AK,AAL,WE,Towers with Radar,17,7,0,1,25,0,103,12,0,115,17,110,12,1,140,14,0,14,154
02/05/2013,JNU,AK,AAL,WE,Towers with Radar,18,5,5,0,28,0,87,24,0,111,18,92,29,0,139,26,0,26,165
02/06/2013,JNU,AK,AAL,WE,Towers with Radar,19,3,3,0,25,0,103,21,0,124,19,106,24,0,149,22,0,22,171
02/07/2013,JNU,AK,AAL,WE,Towers with Radar,22,8,1,0,31,0,84,7,0,91,22,92,8,0,122,2,0,2,124
02/08/2013,JNU,AK,AAL,WE,Towers with Radar,21,8,0,2,31,0,78,0,0,78,21,86,0,2,109,0,0,0,109
02/09/2013,JNU,AK,AAL,WE,Towers with Radar,15,2,0,0,17,0,56,4,0,60,15,58,4,0,77,0,0,0,77
02/10/2013,JNU,AK,AAL,WE,Towers with Radar,22,1,0,2,25,0,33,2,0,35,22,34,2,2,60,0,0,0,60
02/11/2013,JNU,AK,AAL,WE,Towers with Radar,14,6,0,0,20,0,71,6,0,77,14,77,6,0,97,10,0,10,107
02/12/2013,JNU,AK,AAL,WE,Towers with Radar,20,7,4,3,34,0,98,22,2,122,20,105,26,5,156,20,0,20,176
02/13/2013,JNU,AK,AAL,WE,Towers with Radar,19,8,2,0,29,0,67,11,0,78,19,75,13,0,107,20,0,20,127
02/14/2013,JNU,AK,AAL,WE,Towers with Radar,17,5,1,2,25,0,59,1,2,62,17,64,2,4,87,0,0,0,87
02/15/2013,JNU,AK,AAL,WE,Towers with Radar,15,9,1,2,27,0,59,6,0,65,15,68,7,2,92,0,0,0,92
02/16/2013,JNU,AK,AAL,WE,Towers with Radar,14,11,1,0,26,0,49,9,0,58,14,60,10,0,84,10,0,10,94
02/17/2013,JNU,AK,AAL,WE,Towers with Radar,19,9,0,0,28,0,3,0,0,3,19,12,0,0,31,0,0,0,31
02/18/2013,JNU,AK,AAL,WE,Towers with Radar,17,11,0,1,29,0,65,6,0,71,17,76,6,1,100,4,0,4,104
02/19/2013,JNU,AK,AAL,WE,Towers with Radar,19,2,0,1,22,0,76,5,0,81,19,78,5,1,103,8,0,8,111
02/20/2013,JNU,AK,AAL,WE,Towers with Radar,21,4,0,3,28,0,71,5,0,76,21,75,5,3,104,0,0,0,104
02/21/2013,JNU,AK,AAL,WE,Towers with Radar,23,4,0,0,27,0,78,1,0,79,23,82,1,0,106,0,0,0,106
02/22/2013,JNU,AK,AAL,WE,Towers with Radar,18,15,0,2,35,0,91,3,3,97,18,106,3,5,132,4,0,4,136
02/23/2013,JNU,AK,AAL,WE,Towers with Radar,15,9,0,0,24,0,19,2,0,21,15,28,2,0,45,14,0,14,59
02/24/2013,JNU,AK,AAL,WE,Towers with Radar,18,5,0,0,23,0,46,27,0,73,18,51,27,0,96,78,0,78,174
02/25/2013,JNU,AK,AAL,WE,Towers with Radar,18,8,0,1,27,0,138,32,0,170,18,146,32,1,197,20,0,20,217
02/26/2013,JNU,AK,AAL,WE,Towers with Radar,20,2,0,1,23,0,89,6,5,100,20,91,6,6,123,10,0,10,133
02/27/2013,JNU,AK,AAL,WE,Towers with Radar,20,5,1,3,29,0,100,4,0,104,20,105,5,3,133,6,0,6,139
02/28/2013,JNU,AK,AAL,WE,Towers with Radar,18,6,0,0,24,0,76,4,0,80,18,82,4,0,104,0,0,0,104
03/01/2013,JNU,AK,AAL,WE,Towers with Radar,16,8,0,0,24,0,68,7,0,75,16,76,7,0,99,4,0,4,103
03/02/2013,JNU,AK,AAL,WE,Towers with Radar,16,17,3,0,36,0,55,41,0,96,16,72,44,0,132,20,0,20,152
03/03/2013,JNU,AK,AAL,WE,Towers with Radar,18,6,2,0,26,0,58,36,0,94,18,64,38,0,120,36,0,36,156
03/04/2013,JNU,AK,AAL,WE,Towers with Radar,19,5,3,0,27,0,90,33,2,125,19,95,36,2,152,12,0,12,164
03/05/2013,JNU,AK,AAL,WE,Towers with Radar,20,4,1,0,25,0,80,26,0,106,20,84,27,0,131,14,0,14,145
03/06/2013,JNU,AK,AAL,WE,Towers with Radar,19,6,0,0,25,0,89,21,0,110,19,95,21,0,135,6,0,6,141
03/07/2013,JNU,AK,AAL,WE,Towers with Radar,18,4,0,0,22,0,91,24,0,115,18,95,24,0,137,8,0,8,145
03/08/2013,JNU,AK,AAL,WE,Towers with Radar,17,4,1,2,24,0,95,10,0,105,17,99,11,2,129,10,0,10,139
03/09/2013,JNU,AK,AAL,WE,Towers with Radar,15,5,0,0,20,0,36,3,0,39,15,41,3,0,59,0,0,0,59
03/10/2013,JNU,AK,AAL,WE,Towers with Radar,18,1,1,2,22,0,66,7,0,73,18,67,8,2,95,0,0,0,95
03/11/2013,JNU,AK,AAL,WE,Towers with Radar,15,6,1,0,22,0,55,0,0,55,15,61,1,0,77,0,0,0,77
03/12/2013,JNU,AK,AAL,WE,Towers with Radar,22,6,0,0,28,0,82,4,0,86,22,88,4,0,114,0,0,0,114
03/13/2013,JNU,AK,AAL,WE,Towers with Radar,23,1,4,0,28,0,97,7,2,106,23,98,11,2,134,0,0,0,134
03/14/2013,JNU,AK,AAL,WE,Towers with Radar,19,7,0,0,26,0,104,13,2,119,19,111,13,2,145,4,0,4,149
03/15/2013,JNU,AK,AAL,WE,Towers with Radar,17,5,1,0,23,0,31,0,0,31,17,36,1,0,54,0,0,0,54
03/16/2013,JNU,AK,AAL,WE,Towers with Radar,15,2,0,0,17,0,73,17,0,90,15,75,17,0,107,8,0,8,115
03/17/2013,JNU,AK,AAL,WE,Towers with Radar,18,1,2,0,21,0,56,19,0,75,18,57,21,0,96,28,0,28,124
03/18/2013,JNU,AK,AAL,WE,Towers with Radar,16,8,4,0,28,0,120,6,0,126,16,128,10,0,154,2,0,2,156
03/19/2013,JNU,AK,AAL,WE,Towers with Radar,19,5,1,0,25,0,25,2,0,27,19,30,3,0,52,0,0,0,52
03/20/2013,JNU,AK,AAL,WE,Towers with Radar,19,3,2,0,24,0,138,13,0,151,19,141,15,0,175,10,0,10,185
03/21/2013,JNU,AK,AAL,WE,Towers with Radar,20,3,0,4,27,0,101,13,1,115,20,104,13,5,142,0,8,8,150
03/22/2013,JNU,AK,AAL,WE,Towers with Radar,18,7,0,0,25,0,101,21,0,122,18,108,21,0,147,38,0,38,185
03/23/2013,JNU,AK,AAL,WE,Towers with Radar,15,3,2,0,20,0,76,13,0,89,15,79,15,0,109,14,0,14,123
03/24/2013,JNU,AK,AAL,WE,Towers with Radar,19,0,3,0,22,0,55,18,0,73,19,55,21,0,95,18,0,18,113
03/25/2013,JNU,AK,AAL,WE,Towers with Radar,13,7,2,0,22,0,81,6,0,87,13,88,8,0,109,2,0,2,111
03/26/2013,JNU,AK,AAL,WE,Towers with Radar,23,6,1,0,30,0,71,14,0,85,23,77,15,0,115,26,0,26,141
03/27/2013,JNU,AK,AAL,WE,Towers with Radar,20,18,2,0,40,0,119,19,0,138,20,137,21,0,178,28,0,28,206
03/28/2013,JNU,AK,AAL,WE,Towers with Radar,20,11,3,1,35,0,157,45,4,206,20,168,48,5,241,32,0,32,273
03/29/2013,JNU,AK,AAL,WE,Towers with Radar,19,5,5,0,29,0,133,30,0,163,19,138,35,0,192,68,0,68,260
03/30/2013,JNU,AK,AAL,WE,Towers with Radar,17,4,1,0,22,0,84,19,0,103,17,88,20,0,125,4,0,4,129
03/31/2013,JNU,AK,AAL,WE,Towers with Radar,18,2,1,0,21,0,40,17,0,57,18,42,18,0,78,12,0,12,90
04/01/2013,JNU,AK,AAL,WE,Towers with Radar,19,12,1,0,32,0,40,1,0,41,19,52,2,0,73,6,0,6,79
04/02/2013,JNU,AK,AAL,WE,Towers with Radar,24,5,0,0,29,0,111,7,0,118,24,116,7,0,147,10,0,10,157
04/03/2013,JNU,AK,AAL,WE,Towers with Radar,23,19,1,0,43,0,91,13,0,104,23,110,14,0,147,4,4,8,155
04/04/2013,JNU,AK,AAL,WE,Towers with Radar,26,6,1,2,35,0,112,7,4,123,26,118,8,6,158,4,0,4,162
04/05/2013,JNU,AK,AAL,WE,Towers with Radar,26,4,2,0,32,0,145,11,0,156,26,149,13,0,188,16,0,16,204
04/06/2013,JNU,AK,AAL,WE,Towers with Radar,22,8,0,0,30,0,46,6,0,52,22,54,6,0,82,14,0,14,96
04/07/2013,JNU,AK,AAL,WE,Towers with Radar,22,0,2,0,24,0,90,28,0,118,22,90,30,0,142,6,2,8,150
04/08/2013,JNU,AK,AAL,WE,Towers with Radar,20,4,1,0,25,0,102,5,3,110,20,106,6,3,135,8,0,8,143
04/09/2013,JNU,AK,AAL,WE,Towers with Radar,21,7,2,0,30,0,64,3,0,67,21,71,5,0,97,14,4,18,115
04/10/2013,JNU,AK,AAL,WE,Towers with Radar,20,4,1,0,25,0,115,15,1,131,20,119,16,1,156,50,0,50,206
04/11/2013,JNU,AK,AAL,WE,Towers with Radar,23,9,1,0,33,0,139,5,0,144,23,148,6,0,177,12,0,12,189
04/12/2013,JNU,AK,AAL,WE,Towers with Radar,23,6,4,0,33,0,150,13,0,163,23,156,17,0,196,10,0,10,206
04/13/2013,JNU,AK,AAL,WE,Towers with Radar,19,6,0,0,25,0,134,34,0,168,19,140,34,0,193,8,0,8,201
04/14/2013,JNU,AK,AAL,WE,Towers with Radar,25,1,0,0,26,0,103,34,0,137,25,104,34,0,163,6,0,6,169
04/15/2013,JNU,AK,AAL,WE,Towers with Radar,23,3,3,0,29,0,133,40,0,173,23,136,43,0,202,30,0,30,232
04/16/2013,JNU,AK,AAL,WE,Towers with Radar,27,6,3,1,37,0,88,7,0,95,27,94,10,1,132,0,0,0,132
04/17/2013,JNU,AK,AAL,WE,Towers with Radar,24,13,1,0,38,0,125,14,0,139,24,138,15,0,177,0,0,0,177
04/18/2013,JNU,AK,AAL,WE,Towers with Radar,24,14,0,0,38,0,173,15,0,188,24,187,15,0,226,0,0,0,226
04/19/2013,JNU,AK,AAL,WE,Towers with Radar,25,6,0,5,36,0,184,27,0,211,25,190,27,5,247,20,0,20,267
04/20/2013,JNU,AK,AAL,WE,Towers with Radar,20,7,0,0,27,0,133,35,1,169,20,140,35,1,196,21,0,21,217
04/21/2013,JNU,AK,AAL,WE,Towers with Radar,24,3,1,0,28,0,137,71,0,208,24,140,72,0,236,8,0,8,244
04/22/2013,JNU,AK,AAL,WE,Towers with Radar,24,7,1,0,32,0,78,5,0,83,24,85,6,0,115,30,0,30,145
04/23/2013,JNU,AK,AAL,WE,Towers with Radar,21,7,0,0,28,0,131,33,0,164,21,138,33,0,192,78,0,78,270
04/24/2013,JNU,AK,AAL,WE,Towers with Radar,22,19,0,0,41,0,69,4,0,73,22,88,4,0,114,40,0,40,154
04/25/2013,JNU,AK,AAL,WE,Towers with Radar,29,10,0,0,39,0,127,13,0,140,29,137,13,0,179,20,0,20,199
04/26/2013,JNU,AK,AAL,WE,Towers with Radar,17,6,2,0,25,0,0,0,0,0,17,6,2,0,25,0,0,0,25
04/27/2013,JNU,AK,AAL,WE,Towers with Radar,19,11,1,0,31,0,96,5,0,101,19,107,6,0,132,42,0,42,174
04/28/2013,JNU,AK,AAL,WE,Towers with Radar,25,3,0,0,28,0,97,23,0,120,25,100,23,0,148,0,0,0,148
04/29/2013,JNU,AK,AAL,WE,Towers with Radar,24,4,1,2,31,0,215,26,1,242,24,219,27,3,273,24,0,24,297
04/30/2013,JNU,AK,AAL,WE,Towers with Radar,28,11,6,1,46,0,79,8,1,88,28,90,14,2,134,86,0,86,220
05/01/2013,JNU,AK,AAL,WE,Towers with Radar,23,13,2,0,38,0,85,8,0,93,23,98,10,0,131,0,0,0,131
05/02/2013,JNU,AK,AAL,WE,Towers with Radar,23,15,3,1,42,0,288,10,1,299,23,303,13,2,341,36,0,36,377
05/03/2013,JNU,AK,AAL,WE,Towers with Radar,22,13,4,0,39,0,171,17,0,188,22,184,21,0,227,82,0,82,309
05/04/2013,JNU,AK,AAL,WE,Towers with Radar,18,8,0,0,26,0,87,7,0,94,18,95,7,0,120,122,0,122,242
05/05/2013,JNU,AK,AAL,WE,Towers with Radar,22,1,1,0,24,0,97,21,0,118,22,98,22,0,142,6,0,6,148
05/06/2013,JNU,AK,AAL,WE,Towers with Radar,21,7,1,0,29,0,200,46,0,246,21,207,47,0,275,102,0,102,377
05/07/2013,JNU,AK,AAL,WE,Towers with Radar,23,2,0,0,25,0,382,69,1,452,23,384,69,1,477,70,0,70,547
05/08/2013,JNU,AK,AAL,WE,Towers with Radar,23,7,1,0,31,0,245,68,0,313,23,252,69,0,344,23,0,23,367
05/09/2013,JNU,AK,AAL,WE,Towers with Radar,24,13,1,0,38,0,263,59,0,322,24,276,60,0,360,36,0,36,396
05/10/2013,JNU,AK,AAL,WE,Towers with Radar,25,9,0,0,34,0,258,54,2,314,25,267,54,2,348,22,0,22,370
05/11/2013,JNU,AK,AAL,WE,Towers with Radar,21,6,1,0,28,0,190,22,0,212,21,196,23,0,240,4,0,4,244
05/12/2013,JNU,AK,AAL,WE,Towers with Radar,28,4,0,0,32,0,129,20,0,149,28,133,20,0,181,4,0,4,185
05/13/2013,JNU,AK,AAL,WE,Towers with Radar,22,14,2,0,38,0,207,23,0,230,22,221,25,0,268,10,0,10,278
05/14/2013,JNU,AK,AAL,WE,Towers with Radar,31,10,1,0,42,0,289,25,0,314,31,299,26,0,356,66,0,66,422
05/15/2013,JNU,AK,AAL,WE,Towers with Radar,25,13,7,0,45,0,307,39,0,346,25,320,46,0,391,38,0,38,429
05/16/2013,JNU,AK,AAL,WE,Towers with Radar,29,21,14,0,64,0,363,40,0,403,29,384,54,0,467,4,0,4,471
05/17/2013,JNU,AK,AAL,WE,Towers with Radar,23,20,4,0,47,0,210,30,0,240,23,230,34,0,287,24,0,24,311
05/18/2013,JNU,AK,AAL,WE,Towers with Radar,20,10,1,0,31,0,222,16,0,238,20,232,17,0,269,0,0,0,269
05/19/2013,JNU,AK,AAL,WE,Towers with Radar,24,0,1,0,25,0,185,29,0,214,24,185,30,0,239,8,0,8,247
05/20/2013,JNU,AK,AAL,WE,Towers with Radar,23,7,1,3,34,0,350,42,4,396,23,357,43,7,430,26,2,28,458
05/21/2013,JNU,AK,AAL,WE,Towers with Radar,23,11,0,5,39,0,391,50,6,447,23,402,50,11,486,2,2,4,490
05/22/2013,JNU,AK,AAL,WE,Towers with Radar,26,7,3,0,36,0,424,70,2,496,26,431,73,2,532,24,0,24,556
05/23/2013,JNU,AK,AAL,WE,Towers with Radar,26,6,3,2,37,0,368,50,3,421,26,374,53,5,458,28,0,28,486
05/24/2013,JNU,AK,AAL,WE,Towers with Radar,25,8,0,0,33,0,315,53,0,368,25,323,53,0,401,38,0,38,439
05/25/2013,JNU,AK,AAL,WE,Towers with Radar,22,1,5,0,28,0,355,52,2,409,22,356,57,2,437,16,0,16,453
05/26/2013,JNU,AK,AAL,WE,Towers with Radar,23,2,1,0,26,0,270,62,0,332,23,272,63,0,358,40,0,40,398
05/27/2013,JNU,AK,AAL,WE,Towers with Radar,22,1,1,0,24,0,350,35,0,385,22,351,36,0,409,18,0,18,427
05/28/2013,JNU,AK,AAL,WE,Towers with Radar,24,6,2,0,32,0,468,45,4,517,24,474,47,4,549,0,0,0,549
05/29/2013,JNU,AK,AAL,WE,Towers with Radar,26,9,2,0,37,0,440,49,0,489,26,449,51,0,526,26,0,26,552
05/30/2013,JNU,AK,AAL,WE,Towers with Radar,32,6,1,0,39,0,291,38,0,329,32,297,39,0,368,22,0,22,390
05/31/2013,JNU,AK,AAL,WE,Towers with Radar,27,40,4,0,71,0,128,12,0,140,27,168,16,0,211,20,0,20,231
06/01/2013,JNU,AK,AAL,WE,Towers with Radar,22,6,1,1,30,0,247,16,0,263,22,253,17,1,293,0,0,0,293
06/02/2013,JNU,AK,AAL,WE,Towers with Radar,31,1,0,0,32,0,462,49,0,511,31,463,49,0,543,60,0,60,603
06/03/2013,JNU,AK,AAL,WE,Towers with Radar,24,4,0,0,28,0,381,46,0,427,24,385,46,0,455,8,0,8,463
06/04/2013,JNU,AK,AAL,WE,Towers with Radar,30,4,1,0,35,0,291,17,3,311,30,295,18,3,346,12,0,12,358
06/05/2013,JNU,AK,AAL,WE,Towers with Radar,29,14,0,3,46,0,255,16,0,271,29,269,16,3,317,10,0,10,327
06/06/2013,JNU,AK,AAL,WE,Towers with Radar,31,13,0,1,45,0,354,34,0,388,31,367,34,1,433,14,0,14,447
06/07/2013,JNU,AK,AAL,WE,Towers with Radar,26,10,1,1,38,0,278,31,0,309,26,288,32,1,347,0,4,4,351
06/08/2013,JNU,AK,AAL,WE,Towers with Radar,27,3,2,0,32,0,338,40,0,378,27,341,42,0,410,6,0,6,416
06/09/2013,JNU,AK,AAL,WE,Towers with Radar,34,1,2,2,39,2,329,32,1,364,36,330,34,3,403,0,0,0,403
06/10/2013,JNU,AK,AAL,WE,Towers with Radar,32,10,6,0,48,0,482,49,1,532,32,492,55,1,580,54,0,54,634
06/11/2013,JNU,AK,AAL,WE,Towers with Radar,30,5,3,0,38,0,533,45,1,579,30,538,48,1,617,4,0,4,621
06/12/2013,JNU,AK,AAL,WE,Towers with Radar,34,9,3,0,46,0,469,51,1,521,34,478,54,1,567,24,0,24,591
06/13/2013,JNU,AK,AAL,WE,Towers with Radar,38,8,7,0,53,0,464,38,0,502,38,472,45,0,555,14,0,14,569
06/14/2013,JNU,AK,AAL,WE,Towers with Radar,33,10,4,0,47,0,350,72,0,422,33,360,76,0,469,18,0,18,487
06/15/2013,JNU,AK,AAL,WE,Towers with Radar,32,4,3,0,39,0,346,63,0,409,32,350,66,0,448,22,0,22,470
06/16/2013,JNU,AK,AAL,WE,Towers with Radar,34,3,5,1,43,0,396,69,2,467,34,399,74,3,510,2,0,2,512
06/17/2013,JNU,AK,AAL,WE,Towers with Radar,34,6,2,4,46,0,424,39,0,463,34,430,41,4,509,6,0,6,515
06/18/2013,JNU,AK,AAL,WE,Towers with Radar,28,6,1,0,35,0,499,29,0,528,28,505,30,0,563,16,0,16,579
06/19/2013,JNU,AK,AAL,WE,Towers with Radar,35,10,1,0,46,0,431,46,2,479,35,441,47,2,525,46,0,46,571
06/20/2013,JNU,AK,AAL,WE,Towers with Radar,33,10,5,1,49,1,392,41,3,437,34,402,46,4,486,22,0,22,508
06/21/2013,JNU,AK,AAL,WE,Towers with Radar,30,2,4,0,36,4,428,34,2,468,34,430,38,2,504,20,0,20,524
06/22/2013,JNU,AK,AAL,WE,Towers with Radar,32,1,7,0,40,0,244,39,0,283,32,245,46,0,323,0,0,0,323
06/23/2013,JNU,AK,AAL,WE,Towers with Radar,31,3,6,0,40,0,344,61,1,406,31,347,67,1,446,12,0,12,458
06/24/2013,JNU,AK,AAL,WE,Towers with Radar,33,6,1,0,40,0,435,24,0,459,33,441,25,0,499,12,0,12,511
06/25/2013,JNU,AK,AAL,WE,Towers with Radar,36,9,4,0,49,0,544,28,0,572,36,553,32,0,621,12,0,12,633
06/26/2013,JNU,AK,AAL,WE,Towers with Radar,30,10,3,0,43,0,461,45,0,506,30,471,48,0,549,8,0,8,557
06/27/2013,JNU,AK,AAL,WE,Towers with Radar,37,16,4,0,57,0,340,21,3,364,37,356,25,3,421,22,0,22,443
06/28/2013,JNU,AK,AAL,WE,Towers with Radar,38,30,6,0,74,0,346,68,0,414,38,376,74,0,488,0,0,0,488
06/29/2013,JNU,AK,AAL,WE,Towers with Radar,25,4,2,2,33,1,398,58,0,457,26,402,60,2,490,4,0,4,494
06/30/2013,JNU,AK,AAL,WE,Towers with Radar,36,3,4,0,43,0,528,77,0,605,36,531,81,0,648,0,0,0,648
07/01/2013,JNU,AK,AAL,WE,Towers with Radar,27,18,6,0,51,0,191,13,0,204,27,209,19,0,255,2,0,2,257
07/02/2013,JNU,AK,AAL,WE,Towers with Radar,37,8,3,0,48,0,381,37,0,418,37,389,40,0,466,0,2,2,468
07/03/2013,JNU,AK,AAL,WE,Towers with Radar,37,7,0,2,46,0,287,50,2,339,37,294,50,4,385,0,0,0,385
07/04/2013,JNU,AK,AAL,WE,Towers with Radar,29,6,3,0,38,0,133,60,8,201,29,139,63,8,239,12,0,12,251
07/05/2013,JNU,AK,AAL,WE,Towers with Radar,31,11,5,0,47,0,344,42,0,386,31,355,47,0,433,6,0,6,439
07/06/2013,JNU,AK,AAL,WE,Towers with Radar,31,9,4,0,44,0,373,48,0,421,31,382,52,0,465,0,0,0,465
07/07/2013,JNU,AK,AAL,WE,Towers with Radar,32,7,3,1,43,0,410,68,1,479,32,417,71,2,522,4,0,4,526
07/08/2013,JNU,AK,AAL,WE,Towers with Radar,29,15,4,0,48,0,335,19,0,354,29,350,23,0,402,2,0,2,404
07/09/2013,JNU,AK,AAL,WE,Towers with Radar,38,12,3,0,53,0,393,34,0,427,38,405,37,0,480,0,0,0,480
07/10/2013,JNU,AK,AAL,WE,Towers with Radar,29,4,2,1,36,32,488,70,5,595,61,492,72,6,631,12,0,12,643
07/11/2013,JNU,AK,AAL,WE,Towers with Radar,37,9,3,1,50,37,441,49,2,529,74,450,52,3,579,4,0,4,583
07/12/2013,JNU,AK,AAL,WE,Towers with Radar,40,21,5,0,66,40,350,36,3,429,80,371,41,3,495,0,10,10,505
07/13/2013,JNU,AK,AAL,WE,Towers with Radar,30,6,2,0,38,31,378,68,1,478,61,384,70,1,516,38,0,38,554
07/14/2013,JNU,AK,AAL,WE,Towers with Radar,36,7,6,0,49,36,493,77,0,606,72,500,83,0,655,42,0,42,697
07/15/2013,JNU,AK,AAL,WE,Towers with Radar,32,9,3,4,48,33,459,47,4,543,65,468,50,8,591,2,0,2,593
07/16/2013,JNU,AK,AAL,WE,Towers with Radar,35,5,6,0,46,36,504,49,0,589,71,509,55,0,635,4,0,4,639
07/17/2013,JNU,AK,AAL,WE,Towers with Radar,33,13,13,0,59,36,511,85,0,632,69,524,98,0,691,4,0,4,695
07/18/2013,JNU,AK,AAL,WE,Towers with Radar,32,8,4,0,44,34,442,60,5,541,66,450,64,5,585,4,0,4,589
07/19/2013,JNU,AK,AAL,WE,Towers with Radar,35,10,4,0,49,55,347,46,2,450,90,357,50,2,499,58,0,58,557
07/20/2013,JNU,AK,AAL,WE,Towers with Radar,32,13,6,0,51,0,195,33,0,228,32,208,39,0,279,0,0,0,279
07/21/2013,JNU,AK,AAL,WE,Towers with Radar,35,3,6,0,44,0,263,25,0,288,35,266,31,0,332,14,0,14,346
07/22/2013,JNU,AK,AAL,WE,Towers with Radar,33,22,5,0,60,0,367,50,1,418,33,389,55,1,478,6,0,6,484
07/23/2013,JNU,AK,AAL,WE,Towers with Radar,36,8,2,0,46,0,513,51,0,564,36,521,53,0,610,16,2,18,628
07/24/2013,JNU,AK,AAL,WE,Towers with Radar,34,17,1,0,52,0,483,73,0,556,34,500,74,0,608,6,0,6,614
07/25/2013,JNU,AK,AAL,WE,Towers with Radar,35,7,2,0,44,0,458,87,0,545,35,465,89,0,589,2,0,2,591
07/26/2013,JNU,AK,AAL,WE,Towers with Radar,33,7,6,0,46,0,353,58,0,411,33,360,64,0,457,26,0,26,483
07/27/2013,JNU,AK,AAL,WE,Towers with Radar,29,3,6,0,38,26,346,52,0,424,55,349,58,0,462,4,0,4,466
07/28/2013,JNU,AK,AAL,WE,Towers with Radar,32,1,5,0,38,0,567,130,0,697,32,568,135,0,735,42,0,42,777
07/29/2013,JNU,AK,AAL,WE,Towers with Radar,33,9,2,0,44,0,494,76,0,570,33,503,78,0,614,8,0,8,622
07/30/2013,JNU,AK,AAL,WE,Towers with Radar,36,9,2,0,47,0,518,65,1,584,36,527,67,1,631,0,0,0,631
07/31/2013,JNU,AK,AAL,WE,Towers with Radar,35,8,7,0,50,0,502,85,1,588,35,510,92,1,638,4,0,4,642
08/01/2013,JNU,AK,AAL,WE,Towers with Radar,41,15,6,0,62,0,611,78,0,689,41,626,84,0,751,36,0,36,787
08/02/2013,JNU,AK,AAL,WE,Towers with Radar,43,5,5,4,57,0,544,74,0,618,43,549,79,4,675,16,0,16,691
08/03/2013,JNU,AK,AAL,WE,Towers with Radar,31,4,7,0,42,0,494,54,0,548,31,498,61,0,590,6,0,6,596
08/04/2013,JNU,AK,AAL,WE,Towers with Radar,37,9,2,2,50,0,279,33,2,314,37,288,35,4,364,2,0,2,366
08/05/2013,JNU,AK,AAL,WE,Towers with Radar,28,12,5,0,45,0,248,24,1,273,28,260,29,1,318,18,0,18,336
08/06/2013,JNU,AK,AAL,WE,Towers with Radar,34,10,6,0,50,0,534,63,0,597,34,544,69,0,647,46,0,46,693
08/07/2013,JNU,AK,AAL,WE,Towers with Radar,31,10,6,2,49,0,447,53,1,501,31,457,59,3,550,6,0,6,556
08/08/2013,JNU,AK,AAL,WE,Towers with Radar,39,14,5,0,58,0,203,21,0,224,39,217,26,0,282,0,0,0,282
08/09/2013,JNU,AK,AAL,WE,Towers with Radar,38,14,4,0,56,0,366,56,1,423,38,380,60,1,479,10,0,10,489
08/10/2013,JNU,AK,AAL,WE,Towers with Radar,29,3,6,0,38,0,366,52,2,420,29,369,58,2,458,0,0,0,458
08/11/2013,JNU,AK,AAL,WE,Towers with Radar,33,6,5,0,44,0,438,59,1,498,33,444,64,1,542,30,0,30,572
08/12/2013,JNU,AK,AAL,WE,Towers with Radar,31,11,3,0,45,0,518,54,3,575,31,529,57,3,620,6,0,6,626
08/13/2013,JNU,AK,AAL,WE,Towers with Radar,33,5,5,0,43,0,535,53,3,591,33,540,58,3,634,6,0,6,640
08/14/2013,JNU,AK,AAL,WE,Towers with Radar,42,13,5,2,62,0,588,99,12,699,42,601,104,14,761,126,0,126,887
08/15/2013,JNU,AK,AAL,WE,Towers with Radar,34,11,3,0,48,0,520,43,2,565,34,531,46,2,613,18,0,18,631
08/16/2013,JNU,AK,AAL,WE,Towers with Radar,38,15,4,0,57,0,295,24,0,319,38,310,28,0,376,0,0,0,376
08/17/2013,JNU,AK,AAL,WE,Towers with Radar,27,3,1,0,31,0,369,39,0,408,27,372,40,0,439,16,0,16,455
08/18/2013,JNU,AK,AAL,WE,Towers with Radar,36,2,5,0,43,0,272,25,0,297,36,274,30,0,340,2,0,2,342
08/19/2013,JNU,AK,AAL,WE,Towers with Radar,39,9,2,2,52,0,413,35,4,452,39,422,37,6,504,22,0,22,526
08/20/2013,JNU,AK,AAL,WE,Towers with Radar,37,17,1,1,56,0,314,40,1,355,37,331,41,2,411,0,0,0,411
08/21/2013,JNU,AK,AAL,WE,Towers with Radar,34,9,2,0,45,0,382,41,2,425,34,391,43,2,470,6,0,6,476
08/22/2013,JNU,AK,AAL,WE,Towers with Radar,33,5,1,0,39,0,365,52,2,419,33,370,53,2,458,34,0,34,492
08/23/2013,JNU,AK,AAL,WE,Towers with Radar,35,9,2,0,46,0,358,47,2,407,35,367,49,2,453,14,0,14,467
08/24/2013,JNU,AK,AAL,WE,Towers with Radar,27,6,5,0,38,0,246,37,0,283,27,252,42,0,321,10,0,10,331
08/25/2013,JNU,AK,AAL,WE,Towers with Radar,35,0,2,0,37,0,355,49,0,404,35,355,51,0,441,12,0,12,453
08/26/2013,JNU,AK,AAL,WE,Towers with Radar,26,7,2,0,35,0,368,40,5,413,26,375,42,5,448,2,2,4,452
08/27/2013,JNU,AK,AAL,WE,Towers with Radar,37,2,4,0,43,0,504,58,0,562,37,506,62,0,605,28,0,28,633
08/28/2013,JNU,AK,AAL,WE,Towers with Radar,32,5,9,1,47,0,405,46,1,452,32,410,55,2,499,16,0,16,515
08/29/2013,JNU,AK,AAL,WE,Towers with Radar,35,6,1,0,42,0,360,63,0,423,35,366,64,0,465,36,0,36,501
08/30/2013,JNU,AK,AAL,WE,Towers with Radar,34,15,1,1,51,0,273,36,1,310,34,288,37,2,361,6,0,6,367
08/31/2013,JNU,AK,AAL,WE,Towers with Radar,29,27,6,0,62,0,122,25,0,147,29,149,31,0,209,0,0,0,209
09/01/2013,JNU,AK,AAL,WE,Towers with Radar,29,18,0,0,47,0,150,19,0,169,29,168,19,0,216,4,0,4,220
09/02/2013,JNU,AK,AAL,WE,Towers with Radar,24,2,0,0,26,0,429,46,0,475,24,431,46,0,501,10,0,10,511
09/03/2013,JNU,AK,AAL,WE,Towers with Radar,22,5,3,0,30,0,379,55,0,434,22,384,58,0,464,16,0,16,480
09/04/2013,JNU,AK,AAL,WE,Towers with Radar,30,11,0,0,41,0,128,9,0,137,30,139,9,0,178,0,0,0,178
09/05/2013,JNU,AK,AAL,WE,Towers with Radar,28,13,0,0,41,0,309,42,2,353,28,322,42,2,394,12,0,12,406
09/06/2013,JNU,AK,AAL,WE,Towers with Radar,30,8,0,0,38,0,162,53,0,215,30,170,53,0,253,8,0,8,261
09/07/2013,JNU,AK,AAL,WE,Towers with Radar,23,8,3,0,34,0,150,23,0,173,23,158,26,0,207,0,0,0,207
09/08/2013,JNU,AK,AAL,WE,Towers with Radar,29,2,2,0,33,0,218,33,0,251,29,220,35,0,284,2,0,2,286
09/09/2013,JNU,AK,AAL,WE,Towers with Radar,27,6,0,0,33,0,266,51,0,317,27,272,51,0,350,34,0,34,384
09/10/2013,JNU,AK,AAL,WE,Towers with Radar,24,5,1,0,30,0,352,27,0,379,24,357,28,0,409,0,0,0,409
09/11/2013,JNU,AK,AAL,WE,Towers with Radar,28,7,0,0,35,0,344,37,2,383,28,351,37,2,418,6,0,6,424
09/12/2013,JNU,AK,AAL,WE,Towers with Radar,28,15,1,2,46,0,282,43,0,325,28,297,44,2,371,52,0,52,423
09/13/2013,JNU,AK,AAL,WE,Towers with Radar,34,5,6,0,45,0,328,44,0,372,34,333,50,0,417,20,0,20,437
09/14/2013,JNU,AK,AAL,WE,Towers with Radar,26,3,2,0,31,0,215,55,0,270,26,218,57,0,301,0,0,0,301
09/15/2013,JNU,AK,AAL,WE,Towers with Radar,31,0,0,0,31,0,156,34,0,190,31,156,34,0,221,0,0,0,221
09/16/2013,JNU,AK,AAL,WE,Towers with Radar,23,11,0,0,34,0,226,15,0,241,23,237,15,0,275,4,0,4,279
09/17/2013,JNU,AK,AAL,WE,Towers with Radar,27,10,0,0,37,0,243,14,0,257,27,253,14,0,294,0,0,0,294
09/18/2013,JNU,AK,AAL,WE,Towers with Radar,25,7,0,0,32,0,219,15,0,234,25,226,15,0,266,2,0,2,268
09/19/2013,JNU,AK,AAL,WE,Towers with Radar,26,14,2,0,42,0,143,4,0,147,26,157,6,0,189,2,0,2,191
09/20/2013,JNU,AK,AAL,WE,Towers with Radar,27,14,2,1,44,0,173,18,0,191,27,187,20,1,235,30,0,30,265
09/21/2013,JNU,AK,AAL,WE,Towers with Radar,22,4,0,0,26,0,129,11,0,140,22,133,11,0,166,4,0,4,170
09/22/2013,JNU,AK,AAL,WE,Towers with Radar,26,5,0,0,31,0,184,18,0,202,26,189,18,0,233,0,0,0,233
09/23/2013,JNU,AK,AAL,WE,Towers with Radar,26,10,0,0,36,0,210,11,0,221,26,220,11,0,257,12,0,12,269
09/24/2013,JNU,AK,AAL,WE,Towers with Radar,24,8,0,2,34,0,240,60,0,300,24,248,60,2,334,30,0,30,364
09/25/2013,JNU,AK,AAL,WE,Towers with Radar,22,10,1,0,33,0,210,37,2,249,22,220,38,2,282,28,0,28,310
09/26/2013,JNU,AK,AAL,WE,Towers with Radar,24,7,0,0,31,0,123,10,0,133,24,130,10,0,164,0,0,0,164
09/27/2013,JNU,AK,AAL,WE,Towers with Radar,27,7,0,0,34,0,140,8,0,148,27,147,8,0,182,0,0,0,182
09/28/2013,JNU,AK,AAL,WE,Towers with Radar,21,5,0,0,26,0,124,45,0,169,21,129,45,0,195,30,0,30,225
09/29/2013,JNU,AK,AAL,WE,Towers with Radar,26,0,0,0,26,0,95,47,0,142,26,95,47,0,168,44,0,44,212
09/30/2013,JNU,AK,AAL,WE,Towers with Radar,20,8,1,0,29,0,141,33,2,176,20,149,34,2,205,20,0,20,225
10/01/2013,JNU,AK,AAL,WE,Towers with Radar,16,9,2,0,27,0,118,26,0,144,16,127,28,0,171,24,0,24,195
10/02/2013,JNU,AK,AAL,WE,Towers with Radar,21,11,6,0,38,0,122,32,0,154,21,133,38,0,192,18,0,18,210
10/03/2013,JNU,AK,AAL,WE,Towers with Radar,22,7,0,0,29,0,119,8,0,127,22,126,8,0,156,0,0,0,156
10/04/2013,JNU,AK,AAL,WE,Towers with Radar,22,3,0,0,25,0,142,13,0,155,22,145,13,0,180,0,0,0,180
10/05/2013,JNU,AK,AAL,WE,Towers with Radar,13,7,0,0,20,0,115,31,3,149,13,122,31,3,169,8,0,8,177
10/06/2013,JNU,AK,AAL,WE,Towers with Radar,20,0,0,0,20,0,95,33,4,132,20,95,33,4,152,10,0,10,162
10/07/2013,JNU,AK,AAL,WE,Towers with Radar,15,9,1,0,25,0,120,24,0,144,15,129,25,0,169,2,0,2,171
10/08/2013,JNU,AK,AAL,WE,Towers with Radar,15,13,3,0,31,0,104,11,0,115,15,117,14,0,146,2,0,2,148
10/09/2013,JNU,AK,AAL,WE,Towers with Radar,16,8,4,2,30,0,73,4,0,77,16,81,8,2,107,0,0,0,107
10/10/2013,JNU,AK,AAL,WE,Towers with Radar,18,7,1,0,26,0,89,10,0,99,18,96,11,0,125,0,0,0,125
10/11/2013,JNU,AK,AAL,WE,Towers with Radar,18,7,3,0,28,0,122,12,0,134,18,129,15,0,162,0,0,0,162
10/12/2013,JNU,AK,AAL,WE,Towers with Radar,15,2,0,0,17,0,100,17,0,117,15,102,17,0,134,0,0,0,134
10/13/2013,JNU,AK,AAL,WE,Towers with Radar,18,0,0,0,18,0,92,7,0,99,18,92,7,0,117,0,0,0,117
10/14/2013,JNU,AK,AAL,WE,Towers with Radar,15,5,0,0,20,0,94,13,0,107,15,99,13,0,127,0,0,0,127
10/15/2013,JNU,AK,AAL,WE,Towers with Radar,17,4,2,0,23,0,79,16,0,95,17,83,18,0,118,12,0,12,130
10/16/2013,JNU,AK,AAL,WE,Towers with Radar,21,8,0,0,29,0,80,19,0,99,21,88,19,0,128,6,0,6,134
10/17/2013,JNU,AK,AAL,WE,Towers with Radar,18,28,5,0,51,0,83,19,0,102,18,111,24,0,153,2,0,2,155
10/18/2013,JNU,AK,AAL,WE,Towers with Radar,20,7,0,2,29,0,98,6,0,104,20,105,6,2,133,2,0,2,135
10/19/2013,JNU,AK,AAL,WE,Towers with Radar,17,3,0,0,20,0,56,2,0,58,17,59,2,0,78,0,0,0,78
10/20/2013,JNU,AK,AAL,WE,Towers with Radar,18,6,0,0,24,0,82,4,0,86,18,88,4,0,110,0,0,0,110
10/21/2013,JNU,AK,AAL,WE,Towers with Radar,17,5,0,0,22,0,88,24,0,112,17,93,24,0,134,0,0,0,134
10/22/2013,JNU,AK,AAL,WE,Towers with Radar,20,9,0,0,29,0,78,24,0,102,20,87,24,0,131,6,0,6,137
10/23/2013,JNU,AK,AAL,WE,Towers with Radar,20,30,3,1,54,0,47,5,0,52,20,77,8,1,106,10,0,10,116
10/24/2013,JNU,AK,AAL,WE,Towers with Radar,19,25,2,2,48,0,85,12,0,97,19,110,14,2,145,22,0,22,167
10/25/2013,JNU,AK,AAL,WE,Towers with Radar,23,9,0,0,32,0,93,6,0,99,23,102,6,0,131,0,0,0,131
10/26/2013,JNU,AK,AAL,WE,Towers with Radar,17,1,2,0,20,0,81,27,0,108,17,82,29,0,128,12,0,12,140
10/27/2013,JNU,AK,AAL,WE,Towers with Radar,20,0,0,0,20,0,86,45,0,131,20,86,45,0,151,0,0,0,151
10/28/2013,JNU,AK,AAL,WE,Towers with Radar,17,7,0,0,24,0,114,16,4,134,17,121,16,4,158,24,0,24,182
10/29/2013,JNU,AK,AAL,WE,Towers with Radar,19,6,1,0,26,0,86,7,0,93,19,92,8,0,119,0,0,0,119
10/30/2013,JNU,AK,AAL,WE,Towers with Radar,18,4,1,0,23,0,68,6,2,76,18,72,7,2,99,0,0,0,99
10/31/2013,JNU,AK,AAL,WE,Towers with Radar,20,5,2,0,27,0,90,8,0,98,20,95,10,0,125,4,0,4,129
11/01/2013,JNU,AK,AAL,WE,Towers with Radar,19,6,1,0,26,0,77,12,0,89,19,83,13,0,115,12,0,12,127
11/02/2013,JNU,AK,AAL,WE,Towers with Radar,17,6,0,0,23,0,110,28,0,138,17,116,28,0,161,20,0,20,181
11/03/2013,JNU,AK,AAL,WE,Towers with Radar,19,0,0,0,19,0,88,28,2,118,19,88,28,2,137,26,0,26,163
11/04/2013,JNU,AK,AAL,WE,Towers with Radar,17,9,2,0,28,0,76,2,0,78,17,85,4,0,106,4,0,4,110
11/05/2013,JNU,AK,AAL,WE,Towers with Radar,19,6,2,0,27,0,78,3,0,81,19,84,5,0,108,4,0,4,112
11/06/2013,JNU,AK,AAL,WE,Towers with Radar,19,5,0,0,24,0,62,4,2,68,19,67,4,2,92,10,0,10,102
11/07/2013,JNU,AK,AAL,WE,Towers with Radar,20,24,0,0,44,0,59,4,1,64,20,83,4,1,108,0,0,0,108
11/08/2013,JNU,AK,AAL,WE,Towers with Radar,17,7,0,4,28,0,89,18,1,108,17,96,18,5,136,34,0,34,170
11/09/2013,JNU,AK,AAL,WE,Towers with Radar,27,3,4,0,34,12,127,48,0,187,39,130,52,0,221,4,0,4,225
11/10/2013,JNU,AK,AAL,WE,Towers with Radar,20,2,0,0,22,0,62,10,0,72,20,64,10,0,94,0,0,0,94
11/11/2013,JNU,AK,AAL,WE,Towers with Radar,15,5,1,0,21,0,119,38,0,157,15,124,39,0,178,20,0,20,198
11/12/2013,JNU,AK,AAL,WE,Towers with Radar,16,16,2,0,34,0,73,4,0,77,16,89,6,0,111,2,0,2,113
11/13/2013,JNU,AK,AAL,WE,Towers with Radar,17,33,2,0,52,0,62,2,0,64,17,95,4,0,116,0,0,0,116
11/14/2013,JNU,AK,AAL,WE,Towers with Radar,18,7,0,0,25,0,111,12,1,124,18,118,12,1,149,42,0,42,191
11/15/2013,JNU,AK,AAL,WE,Towers with Radar,17,6,0,0,23,0,111,26,1,138,17,117,26,1,161,58,0,58,219
11/16/2013,JNU,AK,AAL,WE,Towers with Radar,17,1,2,0,20,0,106,13,2,121,17,107,15,2,141,0,0,0,141
11/17/2013,JNU,AK,AAL,WE,Towers with Radar,25,4,1,0,30,0,104,8,0,112,25,108,9,0,142,0,0,0,142
11/18/2013,JNU,AK,AAL,WE,Towers with Radar,16,7,2,2,27,0,96,9,0,105,16,103,11,2,132,0,0,0,132
11/19/2013,JNU,AK,AAL,WE,Towers with Radar,13,4,0,2,19,0,68,4,0,72,13,72,4,2,91,4,0,4,95
11/20/2013,JNU,AK,AAL,WE,Towers with Radar,13,10,1,1,25,0,56,0,1,57,13,66,1,2,82,8,2,10,92
11/21/2013,JNU,AK,AAL,WE,Towers with Radar,1,2,1,1,5,0,0,0,0,0,1,2,1,1,5,0,0,0,5
11/22/2013,JNU,AK,AAL,WE,Towers with Radar,20,12,1,0,33,0,67,3,0,70,20,79,4,0,103,0,0,0,103
11/23/2013,JNU,AK,AAL,WE,Towers with Radar,15,4,1,0,20,0,87,16,0,103,15,91,17,0,123,4,0,4,127
11/24/2013,JNU,AK,AAL,WE,Towers with Radar,16,8,0,0,24,0,64,35,6,105,16,72,35,6,129,8,0,8,137
11/25/2013,JNU,AK,AAL,WE,Towers with Radar,18,7,0,0,25,0,33,2,0,35,18,40,2,0,60,0,0,0,60
11/26/2013,JNU,AK,AAL,WE,Towers with Radar,6,2,0,0,8,0,0,0,0,0,6,2,0,0,8,0,0,0,8
11/27/2013,JNU,AK,AAL,WE,Towers with Radar,23,26,1,0,50,0,10,0,0,10,23,36,1,0,60,6,0,6,66
11/28/2013,JNU,AK,AAL,WE,Towers with Radar,8,0,0,0,8,0,42,16,0,58,8,42,16,0,66,0,0,0,66
11/29/2013,JNU,AK,AAL,WE,Towers with Radar,17,13,3,0,33,0,94,16,0,110,17,107,19,0,143,0,0,0,143
11/30/2013,JNU,AK,AAL,WE,Towers with Radar,12,2,0,0,14,0,0,0,0,0,12,2,0,0,14,0,0,0,14
12/01/2013,JNU,AK,AAL,WE,Towers with Radar,20,1,0,0,21,0,38,5,0,43,20,39,5,0,64,0,0,0,64
12/02/2013,JNU,AK,AAL,WE,Towers with Radar,16,7,0,0,23,0,122,1,0,123,16,129,1,0,146,2,0,2,148
12/03/2013,JNU,AK,AAL,WE,Towers with Radar,20,9,2,0,31,0,111,13,0,124,20,120,15,0,155,28,0,28,183
12/04/2013,JNU,AK,AAL,WE,Towers with Radar,18,6,0,2,26,0,84,15,0,99,18,90,15,2,125,8,0,8,133
12/05/2013,JNU,AK,AAL,WE,Towers with Radar,17,5,0,0,22,0,78,19,0,97,17,83,19,0,119,6,0,6,125
12/06/2013,JNU,AK,AAL,WE,Towers with Radar,14,6,0,0,20,0,122,19,1,142,14,128,19,1,162,14,0,14,176
12/07/2013,JNU,AK,AAL,WE,Towers with Radar,17,0,1,0,18,0,93,29,0,122,17,93,30,0,140,10,0,10,150
12/08/2013,JNU,AK,AAL,WE,Towers with Radar,17,1,0,0,18,0,29,4,0,33,17,30,4,0,51,0,0,0,51
12/09/2013,JNU,AK,AAL,WE,Towers with Radar,19,11,0,0,30,0,30,0,0,30,19,41,0,0,60,0,0,0,60
12/10/2013,JNU,AK,AAL,WE,Towers with Radar,19,14,0,0,33,0,40,0,0,40,19,54,0,0,73,0,0,0,73
12/11/2013,JNU,AK,AAL,WE,Towers with Radar,21,8,2,0,31,0,0,0,0,0,21,8,2,0,31,0,0,0,31
12/12/2013,JNU,AK,AAL,WE,Towers with Radar,19,1,4,0,24,0,5,3,0,8,19,6,7,0,32,0,0,0,32
12/13/2013,JNU,AK,AAL,WE,Towers with Radar,14,5,0,0,19,0,5,0,0,5,14,10,0,0,24,0,0,0,24
12/14/2013,JNU,AK,AAL,WE,Towers with Radar,16,7,0,0,23,0,77,0,0,77,16,84,0,0,100,0,0,0,100
12/15/2013,JNU,AK,AAL,WE,Towers with Radar,15,2,0,0,17,0,31,0,0,31,15,33,0,0,48,0,0,0,48
12/16/2013,JNU,AK,AAL,WE,Towers with Radar,14,5,5,1,25,0,73,2,2,77,14,78,7,3,102,0,0,0,102
12/17/2013,JNU,AK,AAL,WE,Towers with Radar,19,8,0,0,27,0,100,15,1,116,19,108,15,1,143,82,0,82,225
12/18/2013,JNU,AK,AAL,WE,Towers with Radar,13,2,0,0,15,0,102,4,0,106,13,104,4,0,121,8,0,8,129
12/19/2013,JNU,AK,AAL,WE,Towers with Radar,12,0,0,0,12,0,0,0,0,0,12,0,0,0,12,0,0,0,12
12/20/2013,JNU,AK,AAL,WE,Towers with Radar,20,9,0,0,29,0,404,6,0,410,20,413,6,0,439,4,0,4,443
12/21/2013,JNU,AK,AAL,WE,Towers with Radar,21,4,0,0,25,0,104,21,0,125,21,108,21,0,150,27,0,27,177
12/22/2013,JNU,AK,AAL,WE,Towers with Radar,21,0,0,0,21,0,5,0,0,5,21,5,0,0,26,0,0,0,26
12/23/2013,JNU,AK,AAL,WE,Towers with Radar,15,10,0,0,25,0,70,2,0,72,15,80,2,0,97,6,0,6,103
12/24/2013,JNU,AK,AAL,WE,Towers with Radar,21,4,0,0,25,0,37,2,0,39,21,41,2,0,64,0,0,0,64
12/25/2013,JNU,AK,AAL,WE,Towers with Radar,6,1,0,0,7,0,0,0,0,0,6,1,0,0,7,0,0,0,7
12/26/2013,JNU,AK,AAL,WE,Towers with Radar,15,13,1,0,29,0,46,0,0,46,15,59,1,0,75,2,0,2,77
12/27/2013,JNU,AK,AAL,WE,Towers with Radar,20,11,1,0,32,0,8,0,0,8,20,19,1,0,40,0,0,0,40
12/28/2013,JNU,AK,AAL,WE,Towers with Radar,19,3,0,0,22,0,13,0,0,13,19,16,0,0,35,0,0,0,35
12/29/2013,JNU,AK,AAL,WE,Towers with Radar,18,44,1,0,63,0,1,0,0,1,18,45,1,0,64,0,0,0,64
12/30/2013,JNU,AK,AAL,WE,Towers with Radar,19,0,0,0,19,0,0,0,0,0,19,0,0,0,19,0,0,0,19
12/31/2013,JNU,AK,AAL,WE,Towers with Radar,18,8,0,0,26,0,39,17,0,56,18,47,17,0,82,4,0,4,86
01/01/2014,JNU,AK,AAL,WE,Towers with Radar,17,1,1,0,19,0,3,0,0,3,17,4,1,0,22,0,0,0,22
01/02/2014,JNU,AK,AAL,WE,Towers with Radar,16,4,0,0,20,0,99,10,0,109,16,103,10,0,129,34,0,34,163
01/03/2014,JNU,AK,AAL,WE,Towers with Radar,16,14,0,1,31,0,40,4,0,44,16,54,4,1,75,12,0,12,87
01/04/2014,JNU,AK,AAL,WE,Towers with Radar,17,5,2,0,24,0,0,0,0,0,17,5,2,0,24,0,0,0,24
01/05/2014,JNU,AK,AAL,WE,Towers with Radar,18,8,3,0,29,0,19,2,0,21,18,27,5,0,50,0,0,0,50
01/06/2014,JNU,AK,AAL,WE,Towers with Radar,15,5,2,0,22,0,0,0,1,1,15,5,2,1,23,0,0,0,23
01/07/2014,JNU,AK,AAL,WE,Towers with Radar,19,9,1,0,29,0,78,4,0,82,19,87,5,0,111,8,0,8,119
01/08/2014,JNU,AK,AAL,WE,Towers with Radar,10,3,2,2,17,0,18,0,0,18,10,21,2,2,35,2,0,2,37
01/09/2014,JNU,AK,AAL,WE,Towers with Radar,16,11,1,0,28,0,123,8,0,131,16,134,9,0,159,0,0,0,159
01/10/2014,JNU,AK,AAL,WE,Towers with Radar,20,8,0,4,32,0,69,2,0,71,20,77,2,4,103,12,2,14,117
01/11/2014,JNU,AK,AAL,WE,Towers with Radar,14,5,2,0,21,0,59,0,0,59,14,64,2,0,80,0,0,0,80
01/12/2014,JNU,AK,AAL,WE,Towers with Radar,15,1,0,1,17,0,2,0,1,3,15,3,0,2,20,0,0,0,20
01/13/2014,JNU,AK,AAL,WE,Towers with Radar,18,10,0,0,28,0,82,3,1,86,18,92,3,1,114,0,0,0,114
01/14/2014,JNU,AK,AAL,WE,Towers with Radar,11,12,0,0,23,0,56,0,0,56,11,68,0,0,79,0,0,0,79
01/15/2014,JNU,AK,AAL,WE,Towers with Radar,18,12,1,0,31,0,87,3,0,90,18,99,4,0,121,0,0,0,121
01/16/2014,JNU,AK,AAL,WE,Towers with Radar,18,12,0,0,30,0,63,9,0,72,18,75,9,0,102,20,0,20,122
01/17/2014,JNU,AK,AAL,WE,Towers with Radar,18,8,0,0,26,0,112,33,4,149,18,120,33,4,175,36,0,36,211
01/18/2014,JNU,AK,AAL,WE,Towers with Radar,14,1,1,0,16,0,49,17,0,66,14,50,18,0,82,2,0,2,84
01/19/2014,JNU,AK,AAL,WE,Towers with Radar,18,0,0,0,18,0,48,21,0,69,18,48,21,0,87,76,0,76,163
01/20/2014,JNU,AK,AAL,WE,Towers with Radar,14,4,0,0,18,0,4,0,0,4,14,8,0,0,22,0,0,0,22
01/21/2014,JNU,AK,AAL,WE,Towers with Radar,11,11,1,0,23,0,92,10,0,102,11,103,11,0,125,4,0,4,129
01/22/2014,JNU,AK,AAL,WE,Towers with Radar,20,9,1,0,30,0,60,5,3,68,20,69,6,3,98,18,0,18,116
01/23/2014,JNU,AK,AAL,WE,Towers with Radar,20,9,4,0,33,0,119,17,1,137,20,128,21,1,170,20,0,20,190
01/24/2014,JNU,AK,AAL,WE,Towers with Radar,17,18,1,0,36,0,112,15,2,129,17,130,16,2,165,10,0,10,175
01/25/2014,JNU,AK,AAL,WE,Towers with Radar,2,4,1,0,7,0,0,0,0,0,2,4,1,0,7,0,0,0,7
01/26/2014,JNU,AK,AAL,WE,Towers with Radar,0,0,1,0,1,0,0,0,0,0,0,0,1,0,1,0,0,0,1
01/27/2014,JNU,AK,AAL,WE,Towers with Radar,14,9,0,1,24,0,78,22,0,100,14,87,22,1,124,14,2,16,140
01/28/2014,JNU,AK,AAL,WE,Towers with Radar,20,10,1,0,31,0,40,1,0,41,20,50,2,0,72,0,0,0,72
01/29/2014,JNU,AK,AAL,WE,Towers with Radar,20,19,2,1,42,0,10,4,0,14,20,29,6,1,56,0,0,0,56
01/30/2014,JNU,AK,AAL,WE,Towers with Radar,0,0,0,2,2,0,0,0,0,0,0,0,0,2,2,0,0,0,2
01/31/2014,JNU,AK,AAL,WE,Towers with Radar,0,0,0,0,0,0,0,0,0,0,0,0,0,0,0,0,0,0,0
02/01/2014,JNU,AK,AAL,WE,Towers with Radar,18,11,2,0,31,0,81,30,0,111,18,92,32,0,142,40,0,40,182
02/02/2014,JNU,AK,AAL,WE,Towers with Radar,22,0,0,0,22,0,77,9,0,86,22,77,9,0,108,0,0,0,108
02/03/2014,JNU,AK,AAL,WE,Towers with Radar,15,7,2,0,24,0,78,10,2,90,15,85,12,2,114,0,0,0,114
02/04/2014,JNU,AK,AAL,WE,Towers with Radar,16,5,4,3,28,0,85,12,1,98,16,90,16,4,126,8,0,8,134
02/05/2014,JNU,AK,AAL,WE,Towers with Radar,21,5,2,0,28,0,114,8,0,122,21,119,10,0,150,24,0,24,174
02/06/2014,JNU,AK,AAL,WE,Towers with Radar,25,4,1,0,30,3,127,11,0,141,28,131,12,0,171,16,0,16,187
02/07/2014,JNU,AK,AAL,WE,Towers with Radar,19,4,0,0,23,0,143,17,0,160,19,147,17,0,183,10,0,10,193
02/08/2014,JNU,AK,AAL,WE,Towers with Radar,14,1,0,0,15,0,89,24,0,113,14,90,24,0,128,12,0,12,140
02/09/2014,JNU,AK,AAL,WE,Towers with Radar,21,1,0,0,22,0,54,13,0,67,21,55,13,0,89,14,0,14,103
02/10/2014,JNU,AK,AAL,WE,Towers with Radar,15,4,0,0,19,0,39,1,0,40,15,43,1,0,59,6,0,6,65
02/11/2014,JNU,AK,AAL,WE,Towers with Radar,15,8,0,1,24,0,94,13,3,110,15,102,13,4,134,4,0,4,138
02/12/2014,JNU,AK,AAL,WE,Towers with Radar,16,16,1,0,33,0,105,19,0,124,16,121,20,0,157,6,0,6,163
02/13/2014,JNU,AK,AAL,WE,Towers with Radar,20,4,0,1,25,0,64,2,0,66,20,68,2,1,91,0,0,0,91
02/14/2014,JNU,AK,AAL,WE,Towers with Radar,15,9,1,0,25,0,26,4,0,30,15,35,5,0,55,0,0,0,55
02/15/2014,JNU,AK,AAL,WE,Towers with Radar,15,7,3,0,25,0,56,0,0,56,15,63,3,0,81,0,0,0,81
02/16/2014,JNU,AK,AAL,WE,Towers with Radar,23,3,0,0,26,0,31,1,0,32,23,34,1,0,58,0,0,0,58
02/17/2014,JNU,AK,AAL,WE,Towers with Radar,17,5,0,0,22,0,45,1,0,46,17,50,1,0,68,0,0,0,68
02/18/2014,JNU,AK,AAL,WE,Towers with Radar,17,6,1,0,24,0,100,19,0,119,17,106,20,0,143,22,0,22,165
02/19/2014,JNU,AK,AAL,WE,Towers with Radar,19,4,0,0,23,0,86,18,0,104,19,90,18,0,127,0,0,0,127
02/20/2014,JNU,AK,AAL,WE,Towers with Radar,19,10,1,0,30,0,106,1,0,107,19,116,2,0,137,0,0,0,137
02/21/2014,JNU,AK,AAL,WE,Towers with Radar,17,8,2,3,30,0,96,4,0,100,17,104,6,3,130,0,0,0,130
02/22/2014,JNU,AK,AAL,WE,Towers with Radar,19,3,1,0,23,0,90,6,2,98,19,93,7,2,121,0,0,0,121
02/23/2014,JNU,AK,AAL,WE,Towers with Radar,23,1,2,0,26,0,65,2,2,69,23,66,4,2,95,0,0,0,95
02/24/2014,JNU,AK,AAL,WE,Towers with Radar,16,4,2,0,22,0,79,18,2,99,16,83,20,2,121,10,4,14,135
02/25/2014,JNU,AK,AAL,WE,Towers with Radar,20,5,0,1,26,0,104,14,6,124,20,109,14,7,150,60,0,60,210
02/26/2014,JNU,AK,AAL,WE,Towers with Radar,21,5,0,2,28,0,101,16,0,117,21,106,16,2,145,8,0,8,153
02/27/2014,JNU,AK,AAL,WE,Towers with Radar,21,9,4,4,38,0,121,18,0,139,21,130,22,4,177,16,2,18,195
02/28/2014,JNU,AK,AAL,WE,Towers with Radar,18,3,2,0,23,0,118,17,0,135,18,121,19,0,158,12,0,12,170
03/01/2014,JNU,AK,AAL,WE,Towers with Radar,16,2,0,0,18,0,113,26,0,139,16,115,26,0,157,34,0,34,191
03/02/2014,JNU,AK,AAL,WE,Towers with Radar,21,2,0,0,23,0,46,15,0,61,21,48,15,0,84,30,0,30,114
03/03/2014,JNU,AK,AAL,WE,Towers with Radar,16,5,1,0,22,0,84,13,0,97,16,89,14,0,119,6,0,6,125
03/04/2014,JNU,AK,AAL,WE,Towers with Radar,18,7,2,0,27,1,89,8,1,99,19,96,10,1,126,8,0,8,134
03/05/2014,JNU,AK,AAL,WE,Towers with Radar,19,5,0,0,24,0,97,11,2,110,19,102,11,2,134,4,0,4,138
03/06/2014,JNU,AK,AAL,WE,Towers with Radar,18,5,0,0,23,0,116,12,2,130,18,121,12,2,153,4,22,26,179
03/07/2014,JNU,AK,AAL,WE,Towers with Radar,13,7,3,1,24,0,81,10,0,91,13,88,13,1,115,8,2,10,125
03/08/2014,JNU,AK,AAL,WE,Towers with Radar,15,3,1,0,19,0,25,2,0,27,15,28,3,0,46,0,0,0,46
03/09/2014,JNU,AK,AAL,WE,Towers with Radar,17,2,0,0,19,0,52,6,0,58,17,54,6,0,77,14,0,14,91
03/10/2014,JNU,AK,AAL,WE,Towers with Radar,17,4,0,0,21,0,91,8,0,99,17,95,8,0,120,8,0,8,128
03/11/2014,JNU,AK,AAL,WE,Towers with Radar,18,8,1,0,27,0,74,5,0,79,18,82,6,0,106,0,0,0,106
03/12/2014,JNU,AK,AAL,WE,Towers with Radar,21,9,0,0,30,0,94,14,0,108,21,103,14,0,138,12,0,12,150
03/13/2014,JNU,AK,AAL,WE,Towers with Radar,22,7,3,0,32,0,104,13,0,117,22,111,16,0,149,12,0,12,161
03/14/2014,JNU,AK,AAL,WE,Towers with Radar,21,9,1,0,31,0,100,9,0,109,21,109,10,0,140,18,0,18,158
03/15/2014,JNU,AK,AAL,WE,Towers with Radar,13,1,0,0,14,0,90,17,2,109,13,91,17,2,123,30,0,30,153
03/16/2014,JNU,AK,AAL,WE,Towers with Radar,18,2,0,1,21,0,58,18,0,76,18,60,18,1,97,12,0,12,109
03/17/2014,JNU,AK,AAL,WE,Towers with Radar,15,5,0,0,20,0,28,0,0,28,15,33,0,0,48,4,0,4,52
03/18/2014,JNU,AK,AAL,WE,Towers with Radar,17,7,1,0,25,0,15,0,0,15,17,22,1,0,40,0,0,0,40
03/19/2014,JNU,AK,AAL,WE,Towers with Radar,17,15,5,0,37,0,82,2,0,84,17,97,7,0,121,2,0,2,123
03/20/2014,JNU,AK,AAL,WE,Towers with Radar,23,7,0,0,30,0,117,34,0,151,23,124,34,0,181,40,0,40,221
03/21/2014,JNU,AK,AAL,WE,Towers with Radar,21,6,1,1,29,0,150,21,1,172,21,156,22,2,201,24,0,24,225
03/22/2014,JNU,AK,AAL,WE,Towers with Radar,17,6,0,0,23,0,95,14,0,109,17,101,14,0,132,2,0,2,134
03/23/2014,JNU,AK,AAL,WE,Towers with Radar,19,1,0,0,20,0,127,62,0,189,19,128,62,0,209,16,0,16,225
03/24/2014,JNU,AK,AAL,WE,Towers with Radar,17,5,0,0,22,0,83,2,0,85,17,88,2,0,107,10,0,10,117
03/25/2014,JNU,AK,AAL,WE,Towers with Radar,18,9,0,0,27,0,92,4,0,96,18,101,4,0,123,0,0,0,123
03/26/2014,JNU,AK,AAL,WE,Towers with Radar,16,5,0,0,21,0,127,16,2,145,16,132,16,2,166,24,4,28,194
03/27/2014,JNU,AK,AAL,WE,Towers with Radar,22,9,1,0,32,0,158,16,3,177,22,167,17,3,209,24,0,24,233
03/28/2014,JNU,AK,AAL,WE,Towers with Radar,16,6,0,1,23,1,142,12,2,157,17,148,12,3,180,22,0,22,202
03/29/2014,JNU,AK,AAL,WE,Towers with Radar,15,3,0,0,18,0,121,43,1,165,15,124,43,1,183,96,0,96,279
03/30/2014,JNU,AK,AAL,WE,Towers with Radar,16,0,0,0,16,0,71,41,0,112,16,71,41,0,128,42,0,42,170
03/31/2014,JNU,AK,AAL,WE,Towers with Radar,17,4,0,0,21,0,93,36,2,131,17,97,36,2,152,4,0,4,156
04/01/2014,JNU,AK,AAL,WE,Towers with Radar,22,11,2,0,35,0,86,19,0,105,22,97,21,0,140,34,0,34,174
04/02/2014,JNU,AK,AAL,WE,Towers with Radar,26,16,0,0,42,0,161,29,0,190,26,177,29,0,232,44,0,44,276
04/03/2014,JNU,AK,AAL,WE,Towers with Radar,41,11,0,0,52,0,139,21,0,160,41,150,21,0,212,24,0,24,236
04/04/2014,JNU,AK,AAL,WE,Towers with Radar,25,6,1,1,33,0,142,16,2,160,25,148,17,3,193,42,0,42,235
04/05/2014,JNU,AK,AAL,WE,Towers with Radar,18,6,2,0,26,0,40,9,0,49,18,46,11,0,75,0,0,0,75
04/06/2014,JNU,AK,AAL,WE,Towers with Radar,21,4,1,0,26,0,106,24,2,132,21,110,25,2,158,0,0,0,158
04/07/2014,JNU,AK,AAL,WE,Towers with Radar,17,13,0,0,30,0,63,8,0,71,17,76,8,0,101,0,2,2,103
04/08/2014,JNU,AK,AAL,WE,Towers with Radar,27,12,2,3,44,0,115,13,6,134,27,127,15,9,178,46,38,84,262
04/09/2014,JNU,AK,AAL,WE,Towers with Radar,30,10,3,0,43,0,69,8,0,77,30,79,11,0,120,24,0,24,144
04/10/2014,JNU,AK,AAL,WE,Towers with Radar,19,6,6,1,32,0,100,19,0,119,19,106,25,1,151,16,0,16,167
04/11/2014,JNU,AK,AAL,WE,Towers with Radar,21,7,4,0,32,0,162,25,0,187,21,169,29,0,219,26,0,26,245
04/12/2014,JNU,AK,AAL,WE,Towers with Radar,21,2,1,0,24,0,164,47,1,212,21,166,48,1,236,6,0,6,242
04/13/2014,JNU,AK,AAL,WE,Towers with Radar,20,2,0,0,22,0,125,34,0,159,20,127,34,0,181,42,0,42,223
04/14/2014,JNU,AK,AAL,WE,Towers with Radar,21,6,1,0,28,0,137,22,0,159,21,143,23,0,187,34,0,34,221
04/15/2014,JNU,AK,AAL,WE,Towers with Radar,27,10,0,0,37,0,109,41,0,150,27,119,41,0,187,0,0,0,187
04/16/2014,JNU,AK,AAL,WE,Towers with Radar,35,6,1,1,43,0,147,33,0,180,35,153,34,1,223,22,2,24,247
04/17/2014,JNU,AK,AAL,WE,Towers with Radar,22,8,0,2,32,0,125,17,0,142,22,133,17,2,174,12,0,12,186
04/18/2014,JNU,AK,AAL,WE,Towers with Radar,26,8,1,1,36,0,141,17,0,158,26,149,18,1,194,34,0,34,228
04/19/2014,JNU,AK,AAL,WE,Towers with Radar,25,3,0,0,28,0,150,31,0,181,25,153,31,0,209,52,0,52,261
04/20/2014,JNU,AK,AAL,WE,Towers with Radar,21,3,0,1,25,0,50,22,1,73,21,53,22,2,98,88,0,88,186
04/21/2014,JNU,AK,AAL,WE,Towers with Radar,28,4,2,0,34,0,204,33,1,238,28,208,35,1,272,108,0,108,380
04/22/2014,JNU,AK,AAL,WE,Towers with Radar,25,6,1,2,34,0,206,46,2,254,25,212,47,4,288,100,0,100,388
04/23/2014,JNU,AK,AAL,WE,Towers with Radar,22,5,0,1,28,0,146,23,2,171,22,151,23,3,199,54,0,54,253
04/24/2014,JNU,AK,AAL,WE,Towers with Radar,24,7,1,0,32,0,255,44,4,303,24,262,45,4,335,40,0,40,375
04/25/2014,JNU,AK,AAL,WE,Towers with Radar,25,7,0,1,33,0,313,82,2,397,25,320,82,3,430,36,0,36,466
04/26/2014,JNU,AK,AAL,WE,Towers with Radar,19,6,1,0,26,0,201,40,0,241,19,207,41,0,267,50,0,50,317
04/27/2014,JNU,AK,AAL,WE,Towers with Radar,25,5,0,0,30,0,204,48,0,252,25,209,48,0,282,104,0,104,386
04/28/2014,JNU,AK,AAL,WE,Towers with Radar,23,5,1,0,29,0,180,25,0,205,23,185,26,0,234,16,0,16,250
04/29/2014,JNU,AK,AAL,WE,Towers with Radar,24,9,0,0,33,0,155,23,0,178,24,164,23,0,211,18,0,18,229
04/30/2014,JNU,AK,AAL,WE,Towers with Radar,27,5,0,2,34,0,258,49,4,311,27,263,49,6,345,26,2,28,373
05/01/2014,JNU,AK,AAL,WE,Towers with Radar,28,8,0,0,36,0,297,51,0,348,28,305,51,0,384,66,1,67,451
05/02/2014,JNU,AK,AAL,WE,Towers with Radar,27,7,4,1,39,0,322,36,0,358,27,329,40,1,397,2,0,2,399
05/03/2014,JNU,AK,AAL,WE,Towers with Radar,24,1,0,0,25,1,237,47,0,285,25,238,47,0,310,12,0,12,322
05/04/2014,JNU,AK,AAL,WE,Towers with Radar,28,2,0,2,32,0,193,54,0,247,28,195,54,2,279,6,0,6,285
05/05/2014,JNU,AK,AAL,WE,Towers with Radar,21,8,3,0,32,0,291,39,0,330,21,299,42,0,362,26,0,26,388
05/06/2014,JNU,AK,AAL,WE,Towers with Radar,24,11,2,0,37,0,304,27,1,332,24,315,29,1,369,84,0,84,453
05/07/2014,JNU,AK,AAL,WE,Towers with Radar,24,8,1,2,35,1,251,43,0,295,25,259,44,2,330,36,0,36,366
05/08/2014,JNU,AK,AAL,WE,Towers with Radar,32,13,2,3,50,0,285,45,0,330,32,298,47,3,380,126,0,126,506
05/09/2014,JNU,AK,AAL,WE,Towers with Radar,28,11,0,1,40,0,339,32,2,373,28,350,32,3,413,6,2,8,421
05/10/2014,JNU,AK,AAL,WE,Towers with Radar,27,1,1,1,30,0,241,54,1,296,27,242,55,2,326,14,0,14,340
05/11/2014,JNU,AK,AAL,WE,Towers with Radar,28,4,1,0,33,1,261,33,0,295,29,265,34,0,328,32,0,32,360
05/12/2014,JNU,AK,AAL,WE,Towers with Radar,28,15,2,4,49,0,343,37,0,380,28,358,39,4,429,16,0,16,445
05/13/2014,JNU,AK,AAL,WE,Towers with Radar,28,9,3,0,40,0,422,17,0,439,28,431,20,0,479,26,0,26,505
05/14/2014,JNU,AK,AAL,WE,Towers with Radar,27,12,1,0,40,1,240,24,0,265,28,252,25,0,305,4,0,4,309
05/15/2014,JNU,AK,AAL,WE,Towers with Radar,41,9,0,1,51,0,240,44,3,287,41,249,44,4,338,0,0,0,338
05/16/2014,JNU,AK,AAL,WE,Towers with Radar,28,8,0,0,36,0,391,50,0,441,28,399,50,0,477,4,0,4,481
05/17/2014,JNU,AK,AAL,WE,Towers with Radar,29,3,1,0,33,0,255,56,9,320,29,258,57,9,353,17,0,17,370
05/18/2014,JNU,AK,AAL,WE,Towers with Radar,29,2,4,1,36,1,218,37,0,256,30,220,41,1,292,8,0,8,300
05/19/2014,JNU,AK,AAL,WE,Towers with Radar,22,7,3,0,32,0,248,25,0,273,22,255,28,0,305,0,0,0,305
05/20/2014,JNU,AK,AAL,WE,Towers with Radar,30,5,2,0,37,0,362,32,0,394,30,367,34,0,431,6,0,6,437
05/21/2014,JNU,AK,AAL,WE,Towers with Radar,28,9,1,1,39,0,365,63,0,428,28,374,64,1,467,42,0,42,509
05/22/2014,JNU,AK,AAL,WE,Towers with Radar,33,6,2,0,41,0,327,67,1,395,33,333,69,1,436,30,0,30,466
05/23/2014,JNU,AK,AAL,WE,Towers with Radar,25,3,2,0,30,0,364,59,0,423,25,367,61,0,453,20,0,20,473
05/24/2014,JNU,AK,AAL,WE,Towers with Radar,19,0,5,2,26,0,342,61,0,403,19,342,66,2,429,0,0,0,429
05/25/2014,JNU,AK,AAL,WE,Towers with Radar,26,4,3,0,33,0,305,70,0,375,26,309,73,0,408,30,0,30,438
05/26/2014,JNU,AK,AAL,WE,Towers with Radar,27,2,3,0,32,0,427,53,2,482,27,429,56,2,514,8,0,8,522
05/27/2014,JNU,AK,AAL,WE,Towers with Radar,25,8,4,1,38,0,445,43,0,488,25,453,47,1,526,32,0,32,558
05/28/2014,JNU,AK,AAL,WE,Towers with Radar,28,8,1,1,38,0,353,35,4,392,28,361,36,5,430,52,0,52,482
05/29/2014,JNU,AK,AAL,WE,Towers with Radar,28,11,5,0,44,0,409,60,0,469,28,420,65,0,513,16,0,16,529
05/30/2014,JNU,AK,AAL,WE,Towers with Radar,30,3,1,0,34,0,357,46,1,404,30,360,47,1,438,34,0,34,472
05/31/2014,JNU,AK,AAL,WE,Towers with Radar,29,8,3,0,40,0,216,33,0,249,29,224,36,0,289,10,0,10,299
06/01/2014,JNU,AK,AAL,WE,Towers with Radar,36,2,3,2,43,0,444,61,1,506,36,446,64,3,549,44,4,48,597
06/02/2014,JNU,AK,AAL,WE,Towers with Radar,27,5,3,0,35,0,366,41,5,412,27,371,44,5,447,8,0,8,455
06/03/2014,JNU,AK,AAL,WE,Towers with Radar,31,3,1,0,35,0,423,31,4,458,31,426,32,4,493,20,0,20,513
06/04/2014,JNU,AK,AAL,WE,Towers with Radar,32,6,2,0,40,0,507,38,0,545,32,513,40,0,585,0,0,0,585
06/05/2014,JNU,AK,AAL,WE,Towers with Radar,30,11,8,0,49,0,471,50,0,521,30,482,58,0,570,0,0,0,570
06/06/2014,JNU,AK,AAL,WE,Towers with Radar,29,11,4,0,44,1,529,46,0,576,30,540,50,0,620,22,0,22,642
06/07/2014,JNU,AK,AAL,WE,Towers with Radar,31,11,3,1,46,0,406,27,1,434,31,417,30,2,480,0,0,0,480
06/08/2014,JNU,AK,AAL,WE,Towers with Radar,42,5,3,0,50,0,295,32,2,329,42,300,35,2,379,2,0,2,381
06/09/2014,JNU,AK,AAL,WE,Towers with Radar,31,9,4,0,44,0,419,21,0,440,31,428,25,0,484,0,0,0,484
06/10/2014,JNU,AK,AAL,WE,Towers with Radar,57,10,1,0,68,1,701,38,0,740,58,711,39,0,808,24,0,24,832
06/11/2014,JNU,AK,AAL,WE,Towers with Radar,37,2,3,1,43,0,490,49,5,544,37,492,52,6,587,4,0,4,591
06/12/2014,JNU,AK,AAL,WE,Towers with Radar,40,13,2,2,57,0,473,43,26,542,40,486,45,28,599,16,34,50,649
06/13/2014,JNU,AK,AAL,WE,Towers with Radar,40,13,3,1,57,0,467,36,0,503,40,480,39,1,560,0,0,0,560
06/14/2014,JNU,AK,AAL,WE,Towers with Radar,36,5,0,0,41,1,293,28,0,322,37,298,28,0,363,0,0,0,363
06/15/2014,JNU,AK,AAL,WE,Towers with Radar,41,5,1,0,47,0,585,83,0,668,41,590,84,0,715,0,0,0,715
06/16/2014,JNU,AK,AAL,WE,Towers with Radar,33,7,9,0,49,1,541,47,0,589,34,548,56,0,638,8,0,8,646
06/17/2014,JNU,AK,AAL,WE,Towers with Radar,35,10,4,0,49,0,276,12,0,288,35,286,16,0,337,18,0,18,355
06/18/2014,JNU,AK,AAL,WE,Towers with Radar,32,12,3,0,47,0,530,34,2,566,32,542,37,2,613,14,0,14,627
06/19/2014,JNU,AK,AAL,WE,Towers with Radar,36,8,3,0,47,0,560,51,3,614,36,568,54,3,661,0,0,0,661
06/20/2014,JNU,AK,AAL,WE,Towers with Radar,38,12,6,0,56,0,254,18,0,272,38,266,24,0,328,4,0,4,332
06/21/2014,JNU,AK,AAL,WE,Towers with Radar,27,7,1,0,35,4,494,57,1,556,31,501,58,1,591,20,0,20,611
06/22/2014,JNU,AK,AAL,WE,Towers with Radar,33,3,3,0,39,0,299,37,0,336,33,302,40,0,375,0,0,0,375
06/23/2014,JNU,AK,AAL,WE,Towers with Radar,33,29,6,0,68,0,189,16,0,205,33,218,22,0,273,10,0,10,283
06/24/2014,JNU,AK,AAL,WE,Towers with Radar,37,12,0,0,49,0,498,15,3,516,37,510,15,3,565,2,0,2,567
06/25/2014,JNU,AK,AAL,WE,Towers with Radar,38,17,1,0,56,0,421,29,3,453,38,438,30,3,509,64,0,64,573
06/26/2014,JNU,AK,AAL,WE,Towers with Radar,33,10,2,0,45,3,527,95,2,627,36,537,97,2,672,54,0,54,726
06/27/2014,JNU,AK,AAL,WE,Towers with Radar,42,11,0,0,53,2,506,58,0,566,44,517,58,0,619,24,0,24,643
06/28/2014,JNU,AK,AAL,WE,Towers with Radar,32,7,3,0,42,0,415,56,0,471,32,422,59,0,513,12,0,12,525
06/29/2014,JNU,AK,AAL,WE,Towers with Radar,28,2,9,0,39,4,389,52,1,446,32,391,61,1,485,16,0,16,501
06/30/2014,JNU,AK,AAL,WE,Towers with Radar,33,10,3,0,46,0,528,17,0,545,33,538,20,0,591,8,0,8,599
07/01/2014,JNU,AK,AAL,WE,Towers with Radar,34,5,3,0,42,0,689,58,0,747,34,694,61,0,789,0,0,0,789
07/02/2014,JNU,AK,AAL,WE,Towers with Radar,33,5,0,0,38,0,569,41,0,610,33,574,41,0,648,0,0,0,648
07/03/2014,JNU,AK,AAL,WE,Towers with Radar,36,13,10,0,59,1,330,65,0,396,37,343,75,0,455,6,0,6,461
07/04/2014,JNU,AK,AAL,WE,Towers with Radar,36,5,7,0,48,0,89,7,0,96,36,94,14,0,144,0,0,0,144
07/05/2014,JNU,AK,AAL,WE,Towers with Radar,32,2,4,0,38,0,491,71,0,562,32,493,75,0,600,18,0,18,618
07/06/2014,JNU,AK,AAL,WE,Towers with Radar,41,1,9,0,51,1,416,64,4,485,42,417,73,4,536,0,0,0,536
07/07/2014,JNU,AK,AAL,WE,Towers with Radar,35,18,11,0,64,0,457,39,0,496,35,475,50,0,560,0,2,2,562
07/08/2014,JNU,AK,AAL,WE,Towers with Radar,37,14,8,2,61,0,532,16,1,549,37,546,24,3,610,0,0,0,610
07/09/2014,JNU,AK,AAL,WE,Towers with Radar,36,14,5,0,55,2,507,61,1,571,38,521,66,1,626,24,0,24,650
07/10/2014,JNU,AK,AAL,WE,Towers with Radar,30,8,2,0,40,1,711,54,0,766,31,719,56,0,806,40,0,40,846
07/11/2014,JNU,AK,AAL,WE,Towers with Radar,38,20,6,0,64,0,392,32,0,424,38,412,38,0,488,2,0,2,490
07/12/2014,JNU,AK,AAL,WE,Towers with Radar,39,24,7,1,71,0,36,3,0,39,39,60,10,1,110,38,0,38,148
07/13/2014,JNU,AK,AAL,WE,Towers with Radar,39,49,11,0,99,0,0,0,0,0,39,49,11,0,99,0,0,0,99
07/14/2014,JNU,AK,AAL,WE,Towers with Radar,35,50,15,0,100,0,132,29,0,161,35,182,44,0,261,20,0,20,281
07/15/2014,JNU,AK,AAL,WE,Towers with Radar,36,8,4,2,50,0,637,70,7,714,36,645,74,9,764,0,0,0,764
07/16/2014,JNU,AK,AAL,WE,Towers with Radar,34,14,5,0,53,0,585,80,0,665,34,599,85,0,718,0,0,0,718
07/17/2014,JNU,AK,AAL,WE,Towers with Radar,38,12,9,0,59,0,587,46,17,650,38,599,55,17,709,26,28,54,763
07/18/2014,JNU,AK,AAL,WE,Towers with Radar,39,14,10,0,63,1,487,53,0,541,40,501,63,0,604,10,0,10,614
07/19/2014,JNU,AK,AAL,WE,Towers with Radar,33,6,7,0,46,0,459,30,0,489,33,465,37,0,535,0,0,0,535
07/20/2014,JNU,AK,AAL,WE,Towers with Radar,41,11,3,0,55,1,432,18,0,451,42,443,21,0,506,12,0,12,518
07/21/2014,JNU,AK,AAL,WE,Towers with Radar,37,9,3,0,49,1,579,43,6,629,38,588,46,6,678,4,2,6,684
07/22/2014,JNU,AK,AAL,WE,Towers with Radar,34,8,3,4,49,2,726,49,3,780,36,734,52,7,829,2,4,6,835
07/23/2014,JNU,AK,AAL,WE,Towers with Radar,35,6,5,0,46,0,667,34,1,702,35,673,39,1,748,32,0,32,780
07/24/2014,JNU,AK,AAL,WE,Towers with Radar,41,10,2,0,53,2,521,23,0,546,43,531,25,0,599,16,0,16,615
07/25/2014,JNU,AK,AAL,WE,Towers with Radar,0,0,0,0,0,0,0,0,0,0,0,0,0,0,0,0,0,0,0
07/26/2014,JNU,AK,AAL,WE,Towers with Radar,34,15,11,0,60,0,403,31,0,434,34,418,42,0,494,0,0,0,494
07/27/2014,JNU,AK,AAL,WE,Towers with Radar,34,6,5,0,45,1,440,26,0,467,35,446,31,0,512,2,0,2,514
07/28/2014,JNU,AK,AAL,WE,Towers with Radar,30,25,5,0,60,0,311,10,0,321,30,336,15,0,381,0,0,0,381
07/29/2014,JNU,AK,AAL,WE,Towers with Radar,39,16,2,0,57,0,197,16,1,214,39,213,18,1,271,0,0,0,271
07/30/2014,JNU,AK,AAL,WE,Towers with Radar,34,13,5,0,52,3,540,28,0,571,37,553,33,0,623,12,0,12,635
07/31/2014,JNU,AK,AAL,WE,Towers with Radar,29,17,5,0,51,1,627,60,0,688,30,644,65,0,739,0,0,0,739
08/01/2014,JNU,AK,AAL,WE,Towers with Radar,39,10,1,1,51,3,488,63,0,554,42,498,64,1,605,2,0,2,607
08/02/2014,JNU,AK,AAL,WE,Towers with Radar,28,10,4,0,42,0,546,53,3,602,28,556,57,3,644,8,0,8,652
08/03/2014,JNU,AK,AAL,WE,Towers with Radar,33,4,2,0,39,0,406,58,0,464,33,410,60,0,503,6,0,6,509
08/04/2014,JNU,AK,AAL,WE,Towers with Radar,37,6,2,1,46,3,471,26,1,501,40,477,28,2,547,22,0,22,569
08/05/2014,JNU,AK,AAL,WE,Towers with Radar,39,5,2,2,48,0,629,27,4,660,39,634,29,6,708,26,0,26,734
08/06/2014,JNU,AK,AAL,WE,Towers with Radar,36,8,1,0,45,0,384,31,0,415,36,392,32,0,460,36,0,36,496
08/07/2014,JNU,AK,AAL,WE,Towers with Radar,34,13,2,1,50,0,523,33,2,558,34,536,35,3,608,4,0,4,612
08/08/2014,JNU,AK,AAL,WE,Towers with Radar,36,8,0,0,44,0,486,26,0,512,36,494,26,0,556,2,0,2,558
08/09/2014,JNU,AK,AAL,WE,Towers with Radar,34,8,3,3,48,0,354,11,0,365,34,362,14,3,413,0,0,0,413
08/10/2014,JNU,AK,AAL,WE,Towers with Radar,37,4,4,0,45,0,139,10,0,149,37,143,14,0,194,0,0,0,194
08/11/2014,JNU,AK,AAL,WE,Towers with Radar,28,17,1,0,46,3,20,5,3,31,31,37,6,3,77,0,0,0,77
08/12/2014,JNU,AK,AAL,WE,Towers with Radar,37,10,0,2,49,1,575,50,0,626,38,585,50,2,675,2,0,2,677
08/13/2014,JNU,AK,AAL,WE,Towers with Radar,36,18,3,0,57,0,293,10,0,303,36,311,13,0,360,0,0,0,360
08/14/2014,JNU,AK,AAL,WE,Towers with Radar,37,10,4,0,51,0,341,18,0,359,37,351,22,0,410,0,0,0,410
08/15/2014,JNU,AK,AAL,WE,Towers with Radar,36,10,2,0,48,0,166,14,0,180,36,176,16,0,228,0,0,0,228
08/16/2014,JNU,AK,AAL,WE,Towers with Radar,28,16,4,0,48,0,357,36,1,394,28,373,40,1,442,12,0,12,454
08/17/2014,JNU,AK,AAL,WE,Towers with Radar,34,15,1,0,50,0,109,6,0,115,34,124,7,0,165,0,0,0,165
08/18/2014,JNU,AK,AAL,WE,Towers with Radar,36,9,4,0,49,0,344,31,0,375,36,353,35,0,424,0,0,0,424
08/19/2014,JNU,AK,AAL,WE,Towers with Radar,39,8,2,4,53,1,630,38,1,670,40,638,40,5,723,6,0,6,729
08/20/2014,JNU,AK,AAL,WE,Towers with Radar,31,8,1,0,40,2,534,56,2,594,33,542,57,2,634,12,0,12,646
08/21/2014,JNU,AK,AAL,WE,Towers with Radar,31,9,0,1,41,3,558,49,2,612,34,567,49,3,653,26,0,26,679
08/22/2014,JNU,AK,AAL,WE,Towers with Radar,35,9,8,1,53,2,516,95,4,617,37,525,103,5,670,0,0,0,670
08/23/2014,JNU,AK,AAL,WE,Towers with Radar,30,1,0,0,31,1,370,46,2,419,31,371,46,2,450,6,0,6,456
08/24/2014,JNU,AK,AAL,WE,Towers with Radar,30,2,2,0,34,0,375,41,2,418,30,377,43,2,452,22,0,22,474
08/25/2014,JNU,AK,AAL,WE,Towers with Radar,31,15,4,2,52,0,241,8,1,250,31,256,12,3,302,4,0,4,306
08/26/2014,JNU,AK,AAL,WE,Towers with Radar,45,12,6,0,63,0,479,20,0,499,45,491,26,0,562,0,0,0,562
08/27/2014,JNU,AK,AAL,WE,Towers with Radar,38,17,2,0,57,0,543,50,1,594,38,560,52,1,651,4,0,4,655
08/28/2014,JNU,AK,AAL,WE,Towers with Radar,35,8,0,0,43,0,399,31,1,431,35,407,31,1,474,0,0,0,474
08/29/2014,JNU,AK,AAL,WE,Towers with Radar,36,6,0,0,42,0,378,38,0,416,36,384,38,0,458,0,0,0,458
08/30/2014,JNU,AK,AAL,WE,Towers with Radar,27,8,1,0,36,0,318,25,0,343,27,326,26,0,379,0,0,0,379
08/31/2014,JNU,AK,AAL,WE,Towers with Radar,30,7,0,0,37,0,314,13,0,327,30,321,13,0,364,0,0,0,364
09/01/2014,JNU,AK,AAL,WE,Towers with Radar,28,5,3,0,36,1,131,11,0,143,29,136,14,0,179,12,0,12,191
09/02/2014,JNU,AK,AAL,WE,Towers with Radar,26,9,3,0,38,0,492,25,0,517,26,501,28,0,555,6,0,6,561
09/03/2014,JNU,AK,AAL,WE,Towers with Radar,29,14,1,0,44,0,183,8,0,191,29,197,9,0,235,0,0,0,235
09/04/2014,JNU,AK,AAL,WE,Towers with Radar,25,12,1,0,38,0,258,14,0,272,25,270,15,0,310,0,0,0,310
09/05/2014,JNU,AK,AAL,WE,Towers with Radar,32,18,2,2,54,0,204,12,0,216,32,222,14,2,270,4,0,4,274
09/06/2014,JNU,AK,AAL,WE,Towers with Radar,22,14,1,3,40,0,98,7,0,105,22,112,8,3,145,0,0,0,145
09/07/2014,JNU,AK,AAL,WE,Towers with Radar,27,7,4,0,38,0,72,25,0,97,27,79,29,0,135,8,0,8,143
09/08/2014,JNU,AK,AAL,WE,Towers with Radar,27,11,4,0,42,0,381,54,0,435,27,392,58,0,477,16,0,16,493
09/09/2014,JNU,AK,AAL,WE,Towers with Radar,25,10,1,0,36,0,447,51,1,499,25,457,52,1,535,16,0,16,551
09/10/2014,JNU,AK,AAL,WE,Towers with Radar,29,9,1,2,41,0,408,28,1,437,29,417,29,3,478,36,0,36,514
09/11/2014,JNU,AK,AAL,WE,Towers with Radar,27,16,3,0,46,0,191,8,0,199,27,207,11,0,245,6,0,6,251
09/12/2014,JNU,AK,AAL,WE,Towers with Radar,34,11,1,0,46,0,159,23,0,182,34,170,24,0,228,4,2,6,234
09/13/2014,JNU,AK,AAL,WE,Towers with Radar,0,0,0,0,0,0,0,0,0,0,0,0,0,0,0,0,0,0,0
09/14/2014,JNU,AK,AAL,WE,Towers with Radar,22,12,2,0,36,1,153,45,1,200,23,165,47,1,236,6,0,6,242
09/15/2014,JNU,AK,AAL,WE,Towers with Radar,23,8,0,0,31,0,160,29,1,190,23,168,29,1,221,14,0,14,235
09/16/2014,JNU,AK,AAL,WE,Towers with Radar,28,15,4,2,49,1,243,24,5,273,29,258,28,7,322,0,0,0,322
09/17/2014,JNU,AK,AAL,WE,Towers with Radar,26,18,3,0,47,0,281,29,2,312,26,299,32,2,359,2,0,2,361
09/18/2014,JNU,AK,AAL,WE,Towers with Radar,28,13,0,1,42,0,235,17,3,255,28,248,17,4,297,6,0,6,303
09/19/2014,JNU,AK,AAL,WE,Towers with Radar,30,19,3,0,52,0,194,8,0,202,30,213,11,0,254,0,0,0,254
09/20/2014,JNU,AK,AAL,WE,Towers with Radar,20,10,0,0,30,0,28,6,0,34,20,38,6,0,64,0,0,0,64
09/21/2014,JNU,AK,AAL,WE,Towers with Radar,27,8,1,0,36,0,86,9,0,95,27,94,10,0,131,2,0,2,133
09/22/2014,JNU,AK,AAL,WE,Towers with Radar,22,10,2,3,37,0,199,20,1,220,22,209,22,4,257,0,0,0,257
09/23/2014,JNU,AK,AAL,WE,Towers with Radar,25,17,1,0,43,0,248,33,1,282,25,265,34,1,325,16,0,16,341
09/24/2014,JNU,AK,AAL,WE,Towers with Radar,26,14,2,0,42,0,290,42,0,332,26,304,44,0,374,2,0,2,376
09/25/2014,JNU,AK,AAL,WE,Towers with Radar,28,6,2,0,36,0,209,15,0,224,28,215,17,0,260,0,0,0,260
09/26/2014,JNU,AK,AAL,WE,Towers with Radar,23,8,5,0,36,0,156,18,0,174,23,164,23,0,210,4,0,4,214
09/27/2014,JNU,AK,AAL,WE,Towers with Radar,24,8,2,0,34,0,65,10,0,75,24,73,12,0,109,0,0,0,109
09/28/2014,JNU,AK,AAL,WE,Towers with Radar,23,4,2,0,29,0,64,11,0,75,23,68,13,0,104,0,0,0,104
09/29/2014,JNU,AK,AAL,WE,Towers with Radar,26,10,1,0,37,0,109,21,2,132,26,119,22,2,169,18,0,18,187
09/30/2014,JNU,AK,AAL,WE,Towers with Radar,21,10,1,0,32,0,108,12,0,120,21,118,13,0,152,30,2,32,184
10/01/2014,JNU,AK,AAL,WE,Towers with Radar,18,11,1,0,30,0,150,137,0,287,18,161,138,0,317,10,0,10,327
10/02/2014,JNU,AK,AAL,WE,Towers with Radar,17,3,0,1,21,0,95,19,2,116,17,98,19,3,137,0,0,0,137
10/03/2014,JNU,AK,AAL,WE,Towers with Radar,17,11,1,0,29,0,59,4,0,63,17,70,5,0,92,0,0,0,92
10/04/2014,JNU,AK,AAL,WE,Towers with Radar,12,8,3,2,25,0,104,12,0,116,12,112,15,2,141,0,0,0,141
10/05/2014,JNU,AK,AAL,WE,Towers with Radar,13,3,2,0,18,0,28,3,0,31,13,31,5,0,49,0,0,0,49
10/06/2014,JNU,AK,AAL,WE,Towers with Radar,15,4,0,0,19,0,124,20,0,144,15,128,20,0,163,4,0,4,167
10/07/2014,JNU,AK,AAL,WE,Towers with Radar,17,8,3,0,28,0,92,16,0,108,17,100,19,0,136,0,0,0,136
10/08/2014,JNU,AK,AAL,WE,Towers with Radar,20,3,2,0,25,0,131,26,0,157,20,134,28,0,182,14,0,14,196
10/09/2014,JNU,AK,AAL,WE,Towers with Radar,20,29,4,0,53,0,5,0,0,5,20,34,4,0,58,0,0,0,58
10/10/2014,JNU,AK,AAL,WE,Towers with Radar,17,12,0,0,29,0,117,10,2,129,17,129,10,2,158,0,0,0,158
10/11/2014,JNU,AK,AAL,WE,Towers with Radar,17,5,0,0,22,0,80,13,0,93,17,85,13,0,115,0,0,0,115
10/12/2014,JNU,AK,AAL,WE,Towers with Radar,18,2,1,0,21,0,61,25,0,86,18,63,26,0,107,10,0,10,117
10/13/2014,JNU,AK,AAL,WE,Towers with Radar,23,5,1,0,29,0,107,30,0,137,23,112,31,0,166,18,0,18,184
10/14/2014,JNU,AK,AAL,WE,Towers with Radar,16,3,1,0,20,0,115,16,0,131,16,118,17,0,151,14,0,14,165
10/15/2014,JNU,AK,AAL,WE,Towers with Radar,21,5,0,0,26,0,102,25,0,127,21,107,25,0,153,10,0,10,163
10/16/2014,JNU,AK,AAL,WE,Towers with Radar,15,6,4,0,25,2,183,44,0,229,17,189,48,0,254,14,0,14,268
10/17/2014,JNU,AK,AAL,WE,Towers with Radar,20,13,0,0,33,0,146,35,2,183,20,159,35,2,216,26,0,26,242
10/18/2014,JNU,AK,AAL,WE,Towers with Radar,15,5,1,0,21,0,84,10,3,97,15,89,11,3,118,14,14,28,146
10/19/2014,JNU,AK,AAL,WE,Towers with Radar,19,4,0,0,23,0,72,7,0,79,19,76,7,0,102,0,0,0,102
10/20/2014,JNU,AK,AAL,WE,Towers with Radar,17,10,2,0,29,0,118,9,0,127,17,128,11,0,156,0,0,0,156
10/21/2014,JNU,AK,AAL,WE,Towers with Radar,18,6,0,0,24,0,123,16,0,139,18,129,16,0,163,0,0,0,163
10/22/2014,JNU,AK,AAL,WE,Towers with Radar,20,6,0,0,26,0,114,10,0,124,20,120,10,0,150,0,0,0,150
10/23/2014,JNU,AK,AAL,WE,Towers with Radar,21,8,0,0,29,1,125,25,0,151,22,133,25,0,180,8,0,8,188
10/24/2014,JNU,AK,AAL,WE,Towers with Radar,21,12,1,0,34,0,132,22,2,156,21,144,23,2,190,10,0,10,200
10/25/2014,JNU,AK,AAL,WE,Towers with Radar,8,12,17,0,37,0,9,13,0,22,8,21,30,0,59,12,0,12,71
10/26/2014,JNU,AK,AAL,WE,Towers with Radar,18,0,0,0,18,0,60,26,0,86,18,60,26,0,104,0,0,0,104
10/27/2014,JNU,AK,AAL,WE,Towers with Radar,17,9,2,3,31,0,110,17,1,128,17,119,19,4,159,0,0,0,159
10/28/2014,JNU,AK,AAL,WE,Towers with Radar,21,6,1,0,28,0,135,14,0,149,21,141,15,0,177,8,0,8,185
10/29/2014,JNU,AK,AAL,WE,Towers with Radar,21,12,0,0,33,0,110,20,0,130,21,122,20,0,163,0,0,0,163
10/30/2014,JNU,AK,AAL,WE,Towers with Radar,20,11,3,0,34,0,101,8,0,109,20,112,11,0,143,0,0,0,143
10/31/2014,JNU,AK,AAL,WE,Towers with Radar,17,14,2,0,33,0,102,11,0,113,17,116,13,0,146,0,0,0,146
11/01/2014,JNU,AK,AAL,WE,Towers with Radar,13,6,3,0,22,0,68,3,0,71,13,74,6,0,93,16,0,16,109
11/02/2014,JNU,AK,AAL,WE,Towers with Radar,15,4,0,0,19,0,53,19,0,72,15,57,19,0,91,0,0,0,91
11/03/2014,JNU,AK,AAL,WE,Towers with Radar,13,4,0,0,17,0,93,14,0,107,13,97,14,0,124,0,0,0,124
11/04/2014,JNU,AK,AAL,WE,Towers with Radar,21,8,2,1,32,0,52,12,1,65,21,60,14,2,97,2,0,2,99
11/05/2014,JNU,AK,AAL,WE,Towers with Radar,19,3,2,0,24,0,79,13,0,92,19,82,15,0,116,0,0,0,116
11/06/2014,JNU,AK,AAL,WE,Towers with Radar,26,9,2,0,37,0,84,13,2,99,26,93,15,2,136,14,2,16,152
11/07/2014,JNU,AK,AAL,WE,Towers with Radar,20,14,2,2,38,0,106,24,0,130,20,120,26,2,168,0,0,0,168
11/08/2014,JNU,AK,AAL,WE,Towers with Radar,17,8,0,0,25,0,69,3,0,72,17,77,3,0,97,2,0,2,99
11/09/2014,JNU,AK,AAL,WE,Towers with Radar,18,6,2,0,26,0,47,11,0,58,18,53,13,0,84,10,0,10,94
11/10/2014,JNU,AK,AAL,WE,Towers with Radar,14,21,1,2,38,0,61,11,0,72,14,82,12,2,110,8,0,8,118
11/11/2014,JNU,AK,AAL,WE,Towers with Radar,16,6,2,0,24,0,86,36,0,122,16,92,38,0,146,38,0,38,184
11/12/2014,JNU,AK,AAL,WE,Towers with Radar,16,6,2,2,26,0,132,26,1,159,16,138,28,3,185,0,0,0,185
11/13/2014,JNU,AK,AAL,WE,Towers with Radar,18,7,0,0,25,0,108,29,0,137,18,115,29,0,162,53,0,53,215
11/14/2014,JNU,AK,AAL,WE,Towers with Radar,18,3,0,0,21,0,76,12,0,88,18,79,12,0,109,44,0,44,153
11/15/2014,JNU,AK,AAL,WE,Towers with Radar,19,2,0,0,21,0,106,28,0,134,19,108,28,0,155,10,0,10,165
11/16/2014,JNU,AK,AAL,WE,Towers with Radar,18,1,1,3,23,1,58,22,0,81,19,59,23,3,104,2,0,2,106
11/17/2014,JNU,AK,AAL,WE,Towers with Radar,12,8,0,0,20,0,96,10,1,107,12,104,10,1,127,12,0,12,139
11/18/2014,JNU,AK,AAL,WE,Towers with Radar,19,10,1,2,32,0,89,12,0,101,19,99,13,2,133,0,0,0,133
11/19/2014,JNU,AK,AAL,WE,Towers with Radar,19,14,3,0,36,0,14,3,0,17,19,28,6,0,53,2,0,2,55
11/20/2014,JNU,AK,AAL,WE,Towers with Radar,14,23,0,0,37,0,0,0,0,0,14,23,0,0,37,0,0,0,37
11/21/2014,JNU,AK,AAL,WE,Towers with Radar,29,13,1,0,43,0,99,14,0,113,29,112,15,0,156,0,0,0,156
11/22/2014,JNU,AK,AAL,WE,Towers with Radar,15,3,0,0,18,0,75,8,0,83,15,78,8,0,101,2,0,2,103
11/23/2014,JNU,AK,AAL,WE,Towers with Radar,17,2,0,0,19,0,60,7,0,67,17,62,7,0,86,6,0,6,92
11/24/2014,JNU,AK,AAL,WE,Towers with Radar,16,10,4,0,30,0,68,1,0,69,16,78,5,0,99,0,0,0,99
11/25/2014,JNU,AK,AAL,WE,Towers with Radar,19,12,1,0,32,2,80,11,0,93,21,92,12,0,125,4,0,4,129
11/26/2014,JNU,AK,AAL,WE,Towers with Radar,18,7,2,0,27,0,109,24,0,133,18,116,26,0,160,18,0,18,178
11/27/2014,JNU,AK,AAL,WE,Towers with Radar,8,0,0,0,8,0,6,9,0,15,8,6,9,0,23,0,0,0,23
11/28/2014,JNU,AK,AAL,WE,Towers with Radar,15,5,0,0,20,2,64,14,0,80,17,69,14,0,100,4,0,4,104
11/29/2014,JNU,AK,AAL,WE,Towers with Radar,13,4,2,0,19,0,78,20,0,98,13,82,22,0,117,66,0,66,183
11/30/2014,JNU,AK,AAL,WE,Towers with Radar,20,1,0,0,21,0,0,0,0,0,20,1,0,0,21,0,0,0,21
12/01/2014,JNU,AK,AAL,WE,Towers with Radar,20,8,2,0,30,0,95,10,0,105,20,103,12,0,135,2,0,2,137
12/02/2014,JNU,AK,AAL,WE,Towers with Radar,16,6,4,0,26,0,34,3,0,37,16,40,7,0,63,0,0,0,63
12/03/2014,JNU,AK,AAL,WE,Towers with Radar,14,6,1,0,21,0,63,7,0,70,14,69,8,0,91,0,0,0,91
12/04/2014,JNU,AK,AAL,WE,Towers with Radar,18,6,0,0,24,3,108,20,0,131,21,114,20,0,155,40,0,40,195
12/05/2014,JNU,AK,AAL,WE,Towers with Radar,18,6,3,0,27,0,97,11,0,108,18,103,14,0,135,10,0,10,145
12/06/2014,JNU,AK,AAL,WE,Towers with Radar,19,7,0,0,26,0,18,0,0,18,19,25,0,0,44,0,0,0,44
12/07/2014,JNU,AK,AAL,WE,Towers with Radar,19,56,0,0,75,0,16,0,0,16,19,72,0,0,91,0,0,0,91
12/08/2014,JNU,AK,AAL,WE,Towers with Radar,18,12,1,0,31,0,62,3,0,65,18,74,4,0,96,6,0,6,102
12/09/2014,JNU,AK,AAL,WE,Towers with Radar,24,53,2,0,79,0,6,0,0,6,24,59,2,0,85,0,0,0,85
12/10/2014,JNU,AK,AAL,WE,Towers with Radar,4,9,2,0,15,0,12,7,0,19,4,21,9,0,34,0,0,0,34
12/11/2014,JNU,AK,AAL,WE,Towers with Radar,4,16,0,0,20,0,0,0,0,0,4,16,0,0,20,0,0,0,20
12/12/2014,JNU,AK,AAL,WE,Towers with Radar,16,11,0,0,27,0,142,12,0,154,16,153,12,0,181,0,0,0,181
12/13/2014,JNU,AK,AAL,WE,Towers with Radar,16,6,0,0,22,0,72,21,0,93,16,78,21,0,115,0,0,0,115
12/14/2014,JNU,AK,AAL,WE,Towers with Radar,19,3,0,0,22,0,61,22,0,83,19,64,22,0,105,4,0,4,109
12/15/2014,JNU,AK,AAL,WE,Towers with Radar,18,3,0,0,21,0,81,6,0,87,18,84,6,0,108,32,0,32,140
12/16/2014,JNU,AK,AAL,WE,Towers with Radar,16,7,1,0,24,0,102,9,0,111,16,109,10,0,135,10,0,10,145
12/17/2014,JNU,AK,AAL,WE,Towers with Radar,11,4,3,0,18,0,103,14,0,117,11,107,17,0,135,60,0,60,195
12/18/2014,JNU,AK,AAL,WE,Towers with Radar,17,4,1,0,22,0,85,10,0,95,17,89,11,0,117,14,0,14,131
12/19/2014,JNU,AK,AAL,WE,Towers with Radar,16,9,0,2,27,0,364,2,0,366,16,373,2,2,393,16,0,16,409
12/20/2014,JNU,AK,AAL,WE,Towers with Radar,17,6,0,0,23,0,51,2,0,53,17,57,2,0,76,22,0,22,98
12/21/2014,JNU,AK,AAL,WE,Towers with Radar,22,4,0,0,26,0,30,8,0,38,22,34,8,0,64,0,0,0,64
12/22/2014,JNU,AK,AAL,WE,Towers with Radar,18,7,0,0,25,0,80,10,0,90,18,87,10,0,115,0,0,0,115
12/23/2014,JNU,AK,AAL,WE,Towers with Radar,17,2,0,0,19,0,77,7,2,86,17,79,7,2,105,12,0,12,117
12/24/2014,JNU,AK,AAL,WE,Towers with Radar,12,6,0,0,18,2,82,8,0,92,14,88,8,0,110,28,0,28,138
12/25/2014,JNU,AK,AAL,WE,Towers with Radar,11,4,0,0,15,0,0,4,0,4,11,4,4,0,19,0,0,0,19
12/26/2014,JNU,AK,AAL,WE,Towers with Radar,15,6,0,0,21,0,54,2,0,56,15,60,2,0,77,0,0,0,77
12/27/2014,JNU,AK,AAL,WE,Towers with Radar,14,9,0,0,23,0,50,32,0,82,14,59,32,0,105,6,0,6,111
12/28/2014,JNU,AK,AAL,WE,Towers with Radar,18,1,0,0,19,0,46,7,0,53,18,47,7,0,72,4,0,4,76
12/29/2014,JNU,AK,AAL,WE,Towers with Radar,12,4,1,0,17,0,84,13,0,97,12,88,14,0,114,16,0,16,130
12/30/2014,JNU,AK,AAL,WE,Towers with Radar,20,5,0,0,25,0,88,17,0,105,20,93,17,0,130,2,0,2,132
12/31/2014,JNU,AK,AAL,WE,Towers with Radar,14,7,1,0,22,0,50,2,0,52,14,57,3,0,74,0,0,0,74
01/01/2015,JNU,AK,AAL,WE,Towers with Radar,17,2,0,0,19,0,4,0,4,8,17,6,0,4,27,0,0,0,27
01/02/2015,JNU,AK,AAL,WE,Towers with Radar,18,6,0,0,24,0,64,5,0,69,18,70,5,0,93,0,0,0,93
01/03/2015,JNU,AK,AAL,WE,Towers with Radar,17,5,0,0,22,0,62,2,0,64,17,67,2,0,86,0,0,0,86
01/04/2015,JNU,AK,AAL,WE,Towers with Radar,19,1,0,0,20,0,56,3,0,59,19,57,3,0,79,0,0,0,79
01/05/2015,JNU,AK,AAL,WE,Towers with Radar,18,5,1,0,24,0,96,10,0,106,18,101,11,0,130,0,0,0,130
01/06/2015,JNU,AK,AAL,WE,Towers with Radar,14,5,2,0,21,0,86,7,0,93,14,91,9,0,114,2,0,2,116
01/07/2015,JNU,AK,AAL,WE,Towers with Radar,13,0,0,0,13,0,0,0,0,0,13,0,0,0,13,0,0,0,13
01/08/2015,JNU,AK,AAL,WE,Towers with Radar,18,6,0,0,24,2,122,13,0,137,20,128,13,0,161,8,0,8,169
01/09/2015,JNU,AK,AAL,WE,Towers with Radar,17,8,1,0,26,0,75,13,0,88,17,83,14,0,114,0,0,0,114
01/10/2015,JNU,AK,AAL,WE,Towers with Radar,16,12,5,0,33,0,39,3,0,42,16,51,8,0,75,0,0,0,75
01/11/2015,JNU,AK,AAL,WE,Towers with Radar,18,5,1,0,24,0,15,0,0,15,18,20,1,0,39,0,0,0,39
01/12/2015,JNU,AK,AAL,WE,Towers with Radar,14,14,0,0,28,0,42,1,4,47,14,56,1,4,75,0,0,0,75
01/13/2015,JNU,AK,AAL,WE,Towers with Radar,21,12,1,0,34,0,69,0,3,72,21,81,1,3,106,0,0,0,106
01/14/2015,JNU,AK,AAL,WE,Towers with Radar,20,6,4,1,31,0,60,5,2,67,20,66,9,3,98,0,0,0,98
01/15/2015,JNU,AK,AAL,WE,Towers with Radar,19,7,2,0,28,0,71,4,1,76,19,78,6,1,104,0,0,0,104
01/16/2015,JNU,AK,AAL,WE,Towers with Radar,17,10,0,0,27,0,47,3,0,50,17,57,3,0,77,0,0,0,77
01/17/2015,JNU,AK,AAL,WE,Towers with Radar,15,7,0,0,22,0,50,6,0,56,15,57,6,0,78,0,0,0,78
01/18/2015,JNU,AK,AAL,WE,Towers with Radar,23,6,0,0,29,0,31,0,0,31,23,37,0,0,60,0,0,0,60
01/19/2015,JNU,AK,AAL,WE,Towers with Radar,17,7,0,0,24,0,91,9,1,101,17,98,9,1,125,0,0,0,125
01/20/2015,JNU,AK,AAL,WE,Towers with Radar,16,11,2,0,29,0,60,0,0,60,16,71,2,0,89,0,0,0,89
01/21/2015,JNU,AK,AAL,WE,Towers with Radar,25,7,3,0,35,0,39,1,0,40,25,46,4,0,75,0,0,0,75
01/22/2015,JNU,AK,AAL,WE,Towers with Radar,20,4,1,0,25,0,86,3,0,89,20,90,4,0,114,0,0,0,114
01/23/2015,JNU,AK,AAL,WE,Towers with Radar,19,6,1,0,26,0,68,3,0,71,19,74,4,0,97,0,0,0,97
01/24/2015,JNU,AK,AAL,WE,Towers with Radar,15,2,1,0,18,0,54,3,0,57,15,56,4,0,75,0,0,0,75
01/25/2015,JNU,AK,AAL,WE,Towers with Radar,20,0,0,0,20,0,53,5,0,58,20,53,5,0,78,0,0,0,78
01/26/2015,JNU,AK,AAL,WE,Towers with Radar,13,6,2,2,23,0,79,16,1,96,13,85,18,3,119,30,0,30,149
01/27/2015,JNU,AK,AAL,WE,Towers with Radar,18,8,0,0,26,0,116,17,0,133,18,124,17,0,159,32,0,32,191
01/28/2015,JNU,AK,AAL,WE,Towers with Radar,18,4,0,0,22,0,3,2,0,5,18,7,2,0,27,0,0,0,27
01/29/2015,JNU,AK,AAL,WE,Towers with Radar,22,21,1,0,44,0,6,2,0,8,22,27,3,0,52,0,0,0,52
01/30/2015,JNU,AK,AAL,WE,Towers with Radar,18,46,2,1,67,0,1,0,0,1,18,47,2,1,68,0,0,0,68
01/31/2015,JNU,AK,AAL,WE,Towers with Radar,14,3,1,0,18,0,81,3,0,84,14,84,4,0,102,0,0,0,102
02/01/2015,JNU,AK,AAL,WE,Towers with Radar,24,0,0,0,24,3,70,4,0,77,27,70,4,0,101,0,0,0,101
02/02/2015,JNU,AK,AAL,WE,Towers with Radar,19,10,0,0,29,0,95,5,2,102,19,105,5,2,131,0,0,0,131
02/03/2015,JNU,AK,AAL,WE,Towers with Radar,20,6,3,0,29,0,100,8,1,109,20,106,11,1,138,10,0,10,148
02/04/2015,JNU,AK,AAL,WE,Towers with Radar,19,4,1,0,24,0,86,20,0,106,19,90,21,0,130,24,0,24,154
02/05/2015,JNU,AK,AAL,WE,Towers with Radar,17,10,0,0,27,0,14,1,0,15,17,24,1,0,42,0,0,0,42
02/06/2015,JNU,AK,AAL,WE,Towers with Radar,11,4,2,0,17,0,8,0,0,8,11,12,2,0,25,0,0,0,25
02/07/2015,JNU,AK,AAL,WE,Towers with Radar,15,4,0,0,19,0,51,9,1,61,15,55,9,1,80,0,0,0,80
02/08/2015,JNU,AK,AAL,WE,Towers with Radar,21,1,3,0,25,0,3,0,0,3,21,4,3,0,28,0,0,0,28
02/09/2015,JNU,AK,AAL,WE,Towers with Radar,20,6,4,0,30,0,74,5,1,80,20,80,9,1,110,0,0,0,110
02/10/2015,JNU,AK,AAL,WE,Towers with Radar,18,8,0,0,26,0,80,6,0,86,18,88,6,0,112,0,0,0,112
02/11/2015,JNU,AK,AAL,WE,Towers with Radar,18,13,2,0,33,0,49,0,0,49,18,62,2,0,82,0,0,0,82
02/12/2015,JNU,AK,AAL,WE,Towers with Radar,19,8,0,0,27,0,43,5,0,48,19,51,5,0,75,0,0,0,75
02/13/2015,JNU,AK,AAL,WE,Towers with Radar,19,9,3,0,31,0,74,0,0,74,19,83,3,0,105,0,0,0,105
02/14/2015,JNU,AK,AAL,WE,Towers with Radar,16,5,0,0,21,0,59,4,0,63,16,64,4,0,84,12,0,12,96
02/15/2015,JNU,AK,AAL,WE,Towers with Radar,19,0,3,0,22,0,62,22,0,84,19,62,25,0,106,98,0,98,204
02/16/2015,JNU,AK,AAL,WE,Towers with Radar,15,8,1,0,24,0,94,16,1,111,15,102,17,1,135,38,0,38,173
02/17/2015,JNU,AK,AAL,WE,Towers with Radar,18,13,3,0,34,0,65,19,0,84,18,78,22,0,118,22,0,22,140
02/18/2015,JNU,AK,AAL,WE,Towers with Radar,28,6,2,0,36,0,87,3,0,90,28,93,5,0,126,0,0,0,126
02/19/2015,JNU,AK,AAL,WE,Towers with Radar,20,8,3,0,31,0,67,3,0,70,20,75,6,0,101,12,0,12,113
02/20/2015,JNU,AK,AAL,WE,Towers with Radar,21,7,2,0,30,0,84,16,0,100,21,91,18,0,130,40,10,50,180
02/21/2015,JNU,AK,AAL,WE,Towers with Radar,14,3,0,0,17,0,61,14,2,77,14,64,14,2,94,10,6,16,110
02/22/2015,JNU,AK,AAL,WE,Towers with Radar,22,3,0,0,25,1,13,1,0,15,23,16,1,0,40,0,0,0,40
02/23/2015,JNU,AK,AAL,WE,Towers with Radar,18,8,0,0,26,0,70,1,0,71,18,78,1,0,97,0,0,0,97
02/24/2015,JNU,AK,AAL,WE,Towers with Radar,16,11,1,0,28,0,81,16,0,97,16,92,17,0,125,12,2,14,139
02/25/2015,JNU,AK,AAL,WE,Towers with Radar,31,18,0,1,50,14,47,20,1,82,45,65,20,2,132,18,0,18,150
02/26/2015,JNU,AK,AAL,WE,Towers with Radar,24,11,0,0,35,0,144,29,1,174,24,155,29,1,209,50,0,50,259
02/27/2015,JNU,AK,AAL,WE,Towers with Radar,16,6,0,0,22,0,94,19,4,117,16,100,19,4,139,32,0,32,171
02/28/2015,JNU,AK,AAL,WE,Towers with Radar,14,2,0,0,16,0,95,29,0,124,14,97,29,0,140,32,0,32,172
03/01/2015,JNU,AK,AAL,WE,Towers with Radar,24,2,2,0,28,0,64,27,2,93,24,66,29,2,121,8,4,12,133
03/02/2015,JNU,AK,AAL,WE,Towers with Radar,20,6,1,0,27,0,90,23,2,115,20,96,24,2,142,0,2,2,144
03/03/2015,JNU,AK,AAL,WE,Towers with Radar,18,6,1,0,25,0,96,11,0,107,18,102,12,0,132,22,0,22,154
03/04/2015,JNU,AK,AAL,WE,Towers with Radar,19,8,2,0,29,0,76,12,0,88,19,84,14,0,117,10,0,10,127
03/05/2015,JNU,AK,AAL,WE,Towers with Radar,21,27,1,1,50,0,21,0,0,21,21,48,1,1,71,0,0,0,71
03/06/2015,JNU,AK,AAL,WE,Towers with Radar,17,5,1,3,26,0,104,14,0,118,17,109,15,3,144,22,0,22,166
03/07/2015,JNU,AK,AAL,WE,Towers with Radar,14,16,0,0,30,0,69,9,0,78,14,85,9,0,108,0,0,0,108
03/08/2015,JNU,AK,AAL,WE,Towers with Radar,21,2,1,0,24,0,80,24,0,104,21,82,25,0,128,2,0,2,130
03/09/2015,JNU,AK,AAL,WE,Towers with Radar,16,10,3,0,29,0,125,25,0,150,16,135,28,0,179,0,0,0,179
03/10/2015,JNU,AK,AAL,WE,Towers with Radar,15,12,3,0,30,0,112,15,0,127,15,124,18,0,157,0,0,0,157
03/11/2015,JNU,AK,AAL,WE,Towers with Radar,16,19,2,0,37,0,81,7,2,90,16,100,9,2,127,6,0,6,133
03/12/2015,JNU,AK,AAL,WE,Towers with Radar,23,11,0,0,34,0,57,1,0,58,23,68,1,0,92,0,0,0,92
03/13/2015,JNU,AK,AAL,WE,Towers with Radar,17,7,1,0,25,0,78,14,0,92,17,85,15,0,117,0,0,0,117
03/14/2015,JNU,AK,AAL,WE,Towers with Radar,14,8,1,0,23,0,61,0,0,61,14,69,1,0,84,0,0,0,84
03/15/2015,JNU,AK,AAL,WE,Towers with Radar,21,2,1,0,24,0,69,13,0,82,21,71,14,0,106,0,0,0,106
03/16/2015,JNU,AK,AAL,WE,Towers with Radar,16,7,3,0,26,13,125,13,2,153,29,132,16,2,179,18,0,18,197
03/17/2015,JNU,AK,AAL,WE,Towers with Radar,18,7,2,0,27,0,103,7,0,110,18,110,9,0,137,0,0,0,137
03/18/2015,JNU,AK,AAL,WE,Towers with Radar,18,10,0,0,28,0,128,16,0,144,18,138,16,0,172,14,0,14,186
03/19/2015,JNU,AK,AAL,WE,Towers with Radar,18,14,3,0,35,3,125,19,0,147,21,139,22,0,182,6,0,6,188
03/20/2015,JNU,AK,AAL,WE,Towers with Radar,20,6,0,0,26,0,122,16,2,140,20,128,16,2,166,2,0,2,168
03/21/2015,JNU,AK,AAL,WE,Towers with Radar,22,3,0,0,25,0,65,2,0,67,22,68,2,0,92,0,0,0,92
03/22/2015,JNU,AK,AAL,WE,Towers with Radar,25,15,7,0,47,0,56,24,0,80,25,71,31,0,127,4,0,4,131
03/23/2015,JNU,AK,AAL,WE,Towers with Radar,14,13,1,0,28,0,120,50,0,170,14,133,51,0,198,7,0,7,205
03/24/2015,JNU,AK,AAL,WE,Towers with Radar,14,7,0,1,22,2,93,40,1,136,16,100,40,2,158,6,0,6,164
03/25/2015,JNU,AK,AAL,WE,Towers with Radar,18,10,3,0,31,0,110,14,0,124,18,120,17,0,155,0,0,0,155
03/26/2015,JNU,AK,AAL,WE,Towers with Radar,17,9,3,1,30,0,111,14,0,125,17,120,17,1,155,0,0,0,155
03/27/2015,JNU,AK,AAL,WE,Towers with Radar,17,9,0,0,26,0,118,17,1,136,17,127,17,1,162,8,0,8,170
03/28/2015,JNU,AK,AAL,WE,Towers with Radar,15,3,0,0,18,0,58,14,0,72,15,61,14,0,90,6,0,6,96
03/29/2015,JNU,AK,AAL,WE,Towers with Radar,16,8,3,0,27,0,71,10,0,81,16,79,13,0,108,0,0,0,108
03/30/2015,JNU,AK,AAL,WE,Towers with Radar,21,5,2,2,30,0,142,43,0,185,21,147,45,2,215,0,0,0,215
03/31/2015,JNU,AK,AAL,WE,Towers with Radar,19,10,2,0,31,0,134,26,0,160,19,144,28,0,191,0,0,0,191
04/01/2015,JNU,AK,AAL,WE,Towers with Radar,25,10,3,0,38,0,136,3,0,139,25,146,6,0,177,6,0,6,183
04/02/2015,JNU,AK,AAL,WE,Towers with Radar,27,9,2,0,38,14,126,18,2,160,41,135,20,2,198,22,0,22,220
04/03/2015,JNU,AK,AAL,WE,Towers with Radar,20,26,0,0,46,0,128,16,0,144,20,154,16,0,190,12,0,12,202
04/04/2015,JNU,AK,AAL,WE,Towers with Radar,19,4,1,0,24,0,161,43,0,204,19,165,44,0,228,26,0,26,254
04/05/2015,JNU,AK,AAL,WE,Towers with Radar,21,5,0,0,26,0,31,29,0,60,21,36,29,0,86,2,0,2,88
04/06/2015,JNU,AK,AAL,WE,Towers with Radar,25,10,4,1,40,1,123,25,0,149,26,133,29,1,189,0,0,0,189
04/07/2015,JNU,AK,AAL,WE,Towers with Radar,25,8,0,0,33,0,127,18,0,145,25,135,18,0,178,22,0,22,200
04/08/2015,JNU,AK,AAL,WE,Towers with Radar,30,9,1,0,40,0,108,8,0,116,30,117,9,0,156,8,0,8,164
04/09/2015,JNU,AK,AAL,WE,Towers with Radar,22,8,2,0,32,0,116,16,0,132,22,124,18,0,164,2,0,2,166
04/10/2015,JNU,AK,AAL,WE,Towers with Radar,23,9,0,0,32,0,116,3,0,119,23,125,3,0,151,0,0,0,151
04/11/2015,JNU,AK,AAL,WE,Towers with Radar,22,8,0,0,30,0,76,7,0,83,22,84,7,0,113,0,0,0,113
04/12/2015,JNU,AK,AAL,WE,Towers with Radar,25,4,0,0,29,0,60,14,0,74,25,64,14,0,103,0,0,0,103
04/13/2015,JNU,AK,AAL,WE,Towers with Radar,21,10,1,0,32,0,138,14,3,155,21,148,15,3,187,14,2,16,203
04/14/2015,JNU,AK,AAL,WE,Towers with Radar,21,10,0,0,31,0,139,8,0,147,21,149,8,0,178,6,0,6,184
04/15/2015,JNU,AK,AAL,WE,Towers with Radar,23,7,0,0,30,0,114,5,0,119,23,121,5,0,149,0,0,0,149
04/16/2015,JNU,AK,AAL,WE,Towers with Radar,30,9,2,0,41,0,126,9,0,135,30,135,11,0,176,0,0,0,176
04/17/2015,JNU,AK,AAL,WE,Towers with Radar,25,12,4,0,41,0,137,21,2,160,25,149,25,2,201,26,0,26,227
04/18/2015,JNU,AK,AAL,WE,Towers with Radar,22,9,0,0,31,0,103,9,0,112,22,112,9,0,143,0,0,0,143
04/19/2015,JNU,AK,AAL,WE,Towers with Radar,24,5,1,0,30,0,103,19,1,123,24,108,20,1,153,8,0,8,161
04/20/2015,JNU,AK,AAL,WE,Towers with Radar,21,7,0,0,28,0,105,18,0,123,21,112,18,0,151,0,0,0,151
04/21/2015,JNU,AK,AAL,WE,Towers with Radar,29,8,0,0,37,0,170,29,0,199,29,178,29,0,236,0,0,0,236
04/22/2015,JNU,AK,AAL,WE,Towers with Radar,23,14,2,0,39,0,222,35,0,257,23,236,37,0,296,6,0,6,302
04/23/2015,JNU,AK,AAL,WE,Towers with Radar,23,3,0,0,26,0,150,14,0,164,23,153,14,0,190,44,0,44,234
04/24/2015,JNU,AK,AAL,WE,Towers with Radar,22,4,0,0,26,0,206,37,0,243,22,210,37,0,269,18,0,18,287
04/25/2015,JNU,AK,AAL,WE,Towers with Radar,18,7,1,0,26,1,213,41,1,256,19,220,42,1,282,0,10,10,292
04/26/2015,JNU,AK,AAL,WE,Towers with Radar,29,3,0,0,32,0,97,13,0,110,29,100,13,0,142,0,0,0,142
04/27/2015,JNU,AK,AAL,WE,Towers with Radar,24,3,0,0,27,0,132,20,0,152,24,135,20,0,179,6,0,6,185
04/28/2015,JNU,AK,AAL,WE,Towers with Radar,28,5,1,0,34,0,133,11,2,146,28,138,12,2,180,12,0,12,192
04/29/2015,JNU,AK,AAL,WE,Towers with Radar,30,7,0,0,37,0,179,20,0,199,30,186,20,0,236,10,32,42,278
04/30/2015,JNU,AK,AAL,WE,Towers with Radar,22,7,0,0,29,0,195,12,1,208,22,202,12,1,237,6,0,6,243
05/01/2015,JNU,AK,AAL,WE,Towers with Radar,24,17,0,0,41,0,251,27,0,278,24,268,27,0,319,32,0,32,351
05/02/2015,JNU,AK,AAL,WE,Towers with Radar,20,7,2,0,29,0,184,34,0,218,20,191,36,0,247,22,0,22,269
05/03/2015,JNU,AK,AAL,WE,Towers with Radar,31,4,0,0,35,0,266,59,0,325,31,270,59,0,360,20,0,20,380
05/04/2015,JNU,AK,AAL,WE,Towers with Radar,24,8,4,2,38,1,393,63,1,458,25,401,67,3,496,0,6,6,502
05/05/2015,JNU,AK,AAL,WE,Towers with Radar,27,10,2,0,39,0,204,32,2,238,27,214,34,2,277,8,0,8,285
05/06/2015,JNU,AK,AAL,WE,Towers with Radar,62,10,0,0,72,0,304,14,0,318,62,314,14,0,390,0,0,0,390
05/07/2015,JNU,AK,AAL,WE,Towers with Radar,26,12,1,0,39,0,285,21,0,306,26,297,22,0,345,26,0,26,371
05/08/2015,JNU,AK,AAL,WE,Towers with Radar,27,8,2,0,37,2,301,42,0,345,29,309,44,0,382,64,0,64,446
05/09/2015,JNU,AK,AAL,WE,Towers with Radar,24,4,1,0,29,0,241,20,0,261,24,245,21,0,290,42,0,42,332
05/10/2015,JNU,AK,AAL,WE,Towers with Radar,27,17,1,0,45,0,244,46,0,290,27,261,47,0,335,12,0,12,347
05/11/2015,JNU,AK,AAL,WE,Towers with Radar,22,6,2,0,30,0,340,28,6,374,22,346,30,6,404,22,0,22,426
05/12/2015,JNU,AK,AAL,WE,Towers with Radar,25,8,0,1,34,8,332,38,0,378,33,340,38,1,412,18,0,18,430
05/13/2015,JNU,AK,AAL,WE,Towers with Radar,25,8,1,0,34,5,456,48,0,509,30,464,49,0,543,20,0,20,563
05/14/2015,JNU,AK,AAL,WE,Towers with Radar,33,12,2,0,47,0,316,58,0,374,33,328,60,0,421,0,0,0,421
05/15/2015,JNU,AK,AAL,WE,Towers with Radar,30,13,0,0,43,0,501,71,2,574,30,514,71,2,617,0,0,0,617
05/16/2015,JNU,AK,AAL,WE,Towers with Radar,24,4,2,0,30,0,301,52,1,354,24,305,54,1,384,2,0,2,386
05/17/2015,JNU,AK,AAL,WE,Towers with Radar,32,7,2,0,41,0,407,95,0,502,32,414,97,0,543,10,0,10,553
05/18/2015,JNU,AK,AAL,WE,Towers with Radar,31,6,2,0,39,0,616,54,0,670,31,622,56,0,709,12,0,12,721
05/19/2015,JNU,AK,AAL,WE,Towers with Radar,27,20,2,0,49,0,536,32,0,568,27,556,34,0,617,12,2,14,631
05/20/2015,JNU,AK,AAL,WE,Towers with Radar,30,14,5,0,49,0,504,54,2,560,30,518,59,2,609,10,0,10,619
05/21/2015,JNU,AK,AAL,WE,Towers with Radar,33,7,1,0,41,0,411,36,0,447,33,418,37,0,488,16,0,16,504
05/22/2015,JNU,AK,AAL,WE,Towers with Radar,32,7,2,0,41,0,402,35,0,437,32,409,37,0,478,0,0,0,478
05/23/2015,JNU,AK,AAL,WE,Towers with Radar,32,2,0,0,34,0,247,54,0,301,32,249,54,0,335,0,0,0,335
05/24/2015,JNU,AK,AAL,WE,Towers with Radar,30,4,6,0,40,0,581,57,1,639,30,585,63,1,679,6,0,6,685
05/25/2015,JNU,AK,AAL,WE,Towers with Radar,24,2,4,0,30,1,581,63,1,646,25,583,67,1,676,16,0,16,692
05/26/2015,JNU,AK,AAL,WE,Towers with Radar,28,6,0,0,34,0,529,38,0,567,28,535,38,0,601,8,0,8,609
05/27/2015,JNU,AK,AAL,WE,Towers with Radar,40,17,0,0,57,0,669,59,0,728,40,686,59,0,785,12,0,12,797
05/28/2015,JNU,AK,AAL,WE,Towers with Radar,36,18,1,1,56,0,691,73,2,766,36,709,74,3,822,10,0,10,832
05/29/2015,JNU,AK,AAL,WE,Towers with Radar,30,5,4,0,39,0,460,55,0,515,30,465,59,0,554,28,0,28,582
05/30/2015,JNU,AK,AAL,WE,Towers with Radar,21,5,4,0,30,0,439,101,0,540,21,444,105,0,570,36,0,36,606
05/31/2015,JNU,AK,AAL,WE,Towers with Radar,29,5,8,0,42,0,492,81,3,576,29,497,89,3,618,16,0,16,634
06/01/2015,JNU,AK,AAL,WE,Towers with Radar,35,14,3,1,53,0,637,44,0,681,35,651,47,1,734,54,0,54,788
06/02/2015,JNU,AK,AAL,WE,Towers with Radar,36,14,1,0,51,0,726,38,0,764,36,740,39,0,815,22,4,26,841
06/03/2015,JNU,AK,AAL,WE,Towers with Radar,39,16,2,0,57,0,388,38,0,426,39,404,40,0,483,86,0,86,569
06/04/2015,JNU,AK,AAL,WE,Towers with Radar,34,13,1,0,48,0,410,27,0,437,34,423,28,0,485,8,0,8,493
06/05/2015,JNU,AK,AAL,WE,Towers with Radar,32,7,0,0,39,1,468,36,0,505,33,475,36,0,544,16,0,16,560
06/06/2015,JNU,AK,AAL,WE,Towers with Radar,29,4,6,1,40,0,246,25,0,271,29,250,31,1,311,14,0,14,325
06/07/2015,JNU,AK,AAL,WE,Towers with Radar,40,3,3,0,46,0,303,28,0,331,40,306,31,0,377,32,0,32,409
06/08/2015,JNU,AK,AAL,WE,Towers with Radar,33,14,3,0,50,0,649,45,1,695,33,663,48,1,745,28,0,28,773
06/09/2015,JNU,AK,AAL,WE,Towers with Radar,35,23,3,0,61,0,670,44,1,715,35,693,47,1,776,34,0,34,810
06/10/2015,JNU,AK,AAL,WE,Towers with Radar,37,20,4,0,61,0,523,32,0,555,37,543,36,0,616,0,0,0,616
06/11/2015,JNU,AK,AAL,WE,Towers with Radar,42,13,6,1,62,0,547,41,0,588,42,560,47,1,650,24,0,24,674
06/12/2015,JNU,AK,AAL,WE,Towers with Radar,33,11,9,3,56,1,512,45,3,561,34,523,54,6,617,10,0,10,627
06/13/2015,JNU,AK,AAL,WE,Towers with Radar,35,52,10,1,98,1,436,61,1,499,36,488,71,2,597,12,0,12,609
06/14/2015,JNU,AK,AAL,WE,Towers with Radar,32,6,3,1,42,0,612,52,2,666,32,618,55,3,708,6,0,6,714
06/15/2015,JNU,AK,AAL,WE,Towers with Radar,37,8,7,4,56,1,600,51,3,655,38,608,58,7,711,24,0,24,735
06/16/2015,JNU,AK,AAL,WE,Towers with Radar,43,14,3,0,60,0,709,49,0,758,43,723,52,0,818,16,0,16,834
06/17/2015,JNU,AK,AAL,WE,Towers with Radar,37,19,8,0,64,0,544,57,0,601,37,563,65,0,665,10,0,10,675
06/18/2015,JNU,AK,AAL,WE,Towers with Radar,40,14,3,0,57,0,603,63,0,666,40,617,66,0,723,0,0,0,723
06/19/2015,JNU,AK,AAL,WE,Towers with Radar,33,17,0,0,50,0,586,70,0,656,33,603,70,0,706,20,0,20,726
06/20/2015,JNU,AK,AAL,WE,Towers with Radar,29,1,5,0,35,1,402,72,2,477,30,403,77,2,512,4,0,4,516
06/21/2015,JNU,AK,AAL,WE,Towers with Radar,42,6,2,0,50,1,644,71,0,716,43,650,73,0,766,0,0,0,766
06/22/2015,JNU,AK,AAL,WE,Towers with Radar,41,12,0,0,53,0,780,61,0,841,41,792,61,0,894,2,0,2,896
06/23/2015,JNU,AK,AAL,WE,Towers with Radar,47,7,0,0,54,0,638,47,0,685,47,645,47,0,739,0,0,0,739
06/24/2015,JNU,AK,AAL,WE,Towers with Radar,42,13,1,1,57,1,648,49,3,701,43,661,50,4,758,8,2,10,768
06/25/2015,JNU,AK,AAL,WE,Towers with Radar,48,11,0,2,61,0,656,81,2,739,48,667,81,4,800,44,0,44,844
06/26/2015,JNU,AK,AAL,WE,Towers with Radar,41,15,5,0,61,1,378,19,0,398,42,393,24,0,459,2,0,2,461
06/27/2015,JNU,AK,AAL,WE,Towers with Radar,36,4,3,0,43,0,507,59,2,568,36,511,62,2,611,10,0,10,621
06/28/2015,JNU,AK,AAL,WE,Towers with Radar,39,4,8,1,52,0,625,72,3,700,39,629,80,4,752,6,0,6,758
06/29/2015,JNU,AK,AAL,WE,Towers with Radar,55,14,7,0,76,0,352,47,0,399,55,366,54,0,475,4,0,4,479
06/30/2015,JNU,AK,AAL,WE,Towers with Radar,35,6,11,0,52,0,667,59,1,727,35,673,70,1,779,67,0,67,846
07/01/2015,JNU,AK,AAL,WE,Towers with Radar,47,19,2,1,69,0,664,88,0,752,47,683,90,1,821,30,0,30,851
07/02/2015,JNU,AK,AAL,WE,Towers with Radar,34,17,3,0,54,0,447,36,0,483,34,464,39,0,537,0,0,0,537
07/03/2015,JNU,AK,AAL,WE,Towers with Radar,38,10,3,0,51,0,449,71,0,520,38,459,74,0,571,0,0,0,571
07/04/2015,JNU,AK,AAL,WE,Towers with Radar,30,4,6,0,40,1,374,64,0,439,31,378,70,0,479,2,0,2,481
07/05/2015,JNU,AK,AAL,WE,Towers with Radar,42,9,5,0,56,2,888,82,0,972,44,897,87,0,1028,10,0,10,1038
07/06/2015,JNU,AK,AAL,WE,Towers with Radar,31,13,2,0,46,2,822,52,0,876,33,835,54,0,922,2,0,2,924
07/07/2015,JNU,AK,AAL,WE,Towers with Radar,30,12,2,0,44,1,708,56,1,766,31,720,58,1,810,14,0,14,824
07/08/2015,JNU,AK,AAL,WE,Towers with Radar,34,12,2,0,48,1,415,48,1,465,35,427,50,1,513,48,0,48,561
07/09/2015,JNU,AK,AAL,WE,Towers with Radar,36,15,6,0,57,1,644,48,0,693,37,659,54,0,750,24,0,24,774
07/10/2015,JNU,AK,AAL,WE,Towers with Radar,35,20,2,0,57,0,370,15,0,385,35,390,17,0,442,10,0,10,452
07/11/2015,JNU,AK,AAL,WE,Towers with Radar,26,12,7,0,45,0,498,58,0,556,26,510,65,0,601,28,0,28,629
07/12/2015,JNU,AK,AAL,WE,Towers with Radar,37,11,8,0,56,0,528,45,0,573,37,539,53,0,629,6,0,6,635
07/13/2015,JNU,AK,AAL,WE,Towers with Radar,36,26,5,0,67,0,363,25,0,388,36,389,30,0,455,12,0,12,467
07/14/2015,JNU,AK,AAL,WE,Towers with Radar,39,8,2,0,49,0,603,40,0,643,39,611,42,0,692,18,0,18,710
07/15/2015,JNU,AK,AAL,WE,Towers with Radar,31,46,7,0,84,1,538,44,2,585,32,584,51,2,669,28,0,28,697
07/16/2015,JNU,AK,AAL,WE,Towers with Radar,42,25,3,0,70,0,734,60,0,794,42,759,63,0,864,0,0,0,864
07/17/2015,JNU,AK,AAL,WE,Towers with Radar,37,26,8,0,71,0,100,4,5,109,37,126,12,5,180,0,0,0,180
07/18/2015,JNU,AK,AAL,WE,Towers with Radar,32,4,4,1,41,0,430,74,10,514,32,434,78,11,555,14,0,14,569
07/19/2015,JNU,AK,AAL,WE,Towers with Radar,3,451,76,1,531,0,0,0,0,0,3,451,76,1,531,0,0,0,531
07/20/2015,JNU,AK,AAL,WE,Towers with Radar,33,12,4,0,49,0,722,68,0,790,33,734,72,0,839,0,0,0,839
07/21/2015,JNU,AK,AAL,WE,Towers with Radar,37,18,5,1,61,0,667,88,2,757,37,685,93,3,818,16,0,16,834
07/22/2015,JNU,AK,AAL,WE,Towers with Radar,41,11,3,2,57,0,703,93,5,801,41,714,96,7,858,22,1,23,881
07/23/2015,JNU,AK,AAL,WE,Towers with Radar,38,16,0,0,54,0,340,19,0,359,38,356,19,0,413,0,0,0,413
07/24/2015,JNU,AK,AAL,WE,Towers with Radar,34,11,1,0,46,1,641,63,0,705,35,652,64,0,751,2,0,2,753
07/25/2015,JNU,AK,AAL,WE,Towers with Radar,31,9,13,0,53,0,523,80,0,603,31,532,93,0,656,26,0,26,682
07/26/2015,JNU,AK,AAL,WE,Towers with Radar,34,8,2,0,44,0,412,46,0,458,34,420,48,0,502,0,0,0,502
07/27/2015,JNU,AK,AAL,WE,Towers with Radar,28,22,5,0,55,0,409,21,0,430,28,431,26,0,485,0,0,0,485
07/28/2015,JNU,AK,AAL,WE,Towers with Radar,44,19,2,0,65,1,501,21,0,523,45,520,23,0,588,0,0,0,588
07/29/2015,JNU,AK,AAL,WE,Towers with Radar,36,13,3,0,52,0,470,22,0,492,36,483,25,0,544,0,0,0,544
07/30/2015,JNU,AK,AAL,WE,Towers with Radar,38,15,3,1,57,1,631,51,7,690,39,646,54,8,747,2,0,2,749
07/31/2015,JNU,AK,AAL,WE,Towers with Radar,37,16,6,0,59,0,340,30,0,370,37,356,36,0,429,0,0,0,429
08/01/2015,JNU,AK,AAL,WE,Towers with Radar,25,30,6,0,61,1,398,52,0,451,26,428,58,0,512,30,0,30,542
08/02/2015,JNU,AK,AAL,WE,Towers with Radar,33,1,3,0,37,0,628,70,0,698,33,629,73,0,735,4,0,4,739
08/03/2015,JNU,AK,AAL,WE,Towers with Radar,31,5,4,1,41,1,697,56,0,754,32,702,60,1,795,14,0,14,809
08/04/2015,JNU,AK,AAL,WE,Towers with Radar,37,15,0,1,53,1,768,59,0,828,38,783,59,1,881,8,0,8,889
08/05/2015,JNU,AK,AAL,WE,Towers with Radar,37,15,13,0,65,2,774,47,0,823,39,789,60,0,888,0,0,0,888
08/06/2015,JNU,AK,AAL,WE,Towers with Radar,33,9,1,0,43,0,403,23,2,428,33,412,24,2,471,26,0,26,497
08/07/2015,JNU,AK,AAL,WE,Towers with Radar,37,9,1,0,47,2,496,68,1,567,39,505,69,1,614,18,0,18,632
08/08/2015,JNU,AK,AAL,WE,Towers with Radar,33,2,3,0,38,1,568,51,2,622,34,570,54,2,660,4,0,4,664
08/09/2015,JNU,AK,AAL,WE,Towers with Radar,35,9,2,0,46,1,502,63,0,566,36,511,65,0,612,2,0,2,614
08/10/2015,JNU,AK,AAL,WE,Towers with Radar,31,16,1,0,48,0,361,30,0,391,31,377,31,0,439,4,0,4,443
08/11/2015,JNU,AK,AAL,WE,Towers with Radar,38,12,7,0,57,0,259,22,0,281,38,271,29,0,338,0,0,0,338
08/12/2015,JNU,AK,AAL,WE,Towers with Radar,32,9,10,0,51,0,210,40,0,250,32,219,50,0,301,2,0,2,303
08/13/2015,JNU,AK,AAL,WE,Towers with Radar,36,16,1,3,56,2,651,50,0,703,38,667,51,3,759,6,0,6,765
08/14/2015,JNU,AK,AAL,WE,Towers with Radar,34,9,0,3,46,2,530,55,0,587,36,539,55,3,633,0,0,0,633
08/15/2015,JNU,AK,AAL,WE,Towers with Radar,34,5,3,0,42,0,457,64,0,521,34,462,67,0,563,0,0,0,563
08/16/2015,JNU,AK,AAL,WE,Towers with Radar,36,6,3,0,45,0,519,46,1,566,36,525,49,1,611,0,0,0,611
08/17/2015,JNU,AK,AAL,WE,Towers with Radar,40,16,11,0,67,0,137,20,0,157,40,153,31,0,224,0,0,0,224
08/18/2015,JNU,AK,AAL,WE,Towers with Radar,40,12,0,0,52,0,255,16,2,273,40,267,16,2,325,4,0,4,329
08/19/2015,JNU,AK,AAL,WE,Towers with Radar,31,18,1,0,50,0,384,55,0,439,31,402,56,0,489,2,0,2,491
08/20/2015,JNU,AK,AAL,WE,Towers with Radar,39,15,6,0,60,2,536,77,5,620,41,551,83,5,680,0,0,0,680
08/21/2015,JNU,AK,AAL,WE,Towers with Radar,38,49,1,0,88,0,397,42,2,441,38,446,43,2,529,4,4,8,537
08/22/2015,JNU,AK,AAL,WE,Towers with Radar,35,8,6,0,49,0,367,26,0,393,35,375,32,0,442,16,0,16,458
08/23/2015,JNU,AK,AAL,WE,Towers with Radar,32,11,7,1,51,0,313,25,0,338,32,324,32,1,389,0,0,0,389
08/24/2015,JNU,AK,AAL,WE,Towers with Radar,31,9,2,0,42,0,550,72,1,623,31,559,74,1,665,17,0,17,682
08/25/2015,JNU,AK,AAL,WE,Towers with Radar,42,11,0,0,53,0,616,48,0,664,42,627,48,0,717,36,0,36,753
08/26/2015,JNU,AK,AAL,WE,Towers with Radar,40,10,7,0,57,0,710,32,1,743,40,720,39,1,800,22,0,22,822
08/27/2015,JNU,AK,AAL,WE,Towers with Radar,39,16,4,0,59,0,265,16,0,281,39,281,20,0,340,0,0,0,340
08/28/2015,JNU,AK,AAL,WE,Towers with Radar,34,14,5,1,54,0,359,30,0,389,34,373,35,1,443,0,0,0,443
08/29/2015,JNU,AK,AAL,WE,Towers with Radar,34,8,2,1,45,0,284,23,1,308,34,292,25,2,353,22,0,22,375
08/30/2015,JNU,AK,AAL,WE,Towers with Radar,36,7,7,0,50,0,325,19,0,344,36,332,26,0,394,0,0,0,394
08/31/2015,JNU,AK,AAL,WE,Towers with Radar,34,26,1,0,61,0,255,20,0,275,34,281,21,0,336,0,0,0,336
09/01/2015,JNU,AK,AAL,WE,Towers with Radar,33,15,1,0,49,1,469,84,0,554,34,484,85,0,603,30,0,30,633
09/02/2015,JNU,AK,AAL,WE,Towers with Radar,44,19,1,0,64,0,479,61,2,542,44,498,62,2,606,32,14,46,652
09/03/2015,JNU,AK,AAL,WE,Towers with Radar,29,9,3,0,41,0,545,57,0,602,29,554,60,0,643,10,0,10,653
09/04/2015,JNU,AK,AAL,WE,Towers with Radar,31,12,7,0,50,0,437,37,0,474,31,449,44,0,524,14,0,14,538
09/05/2015,JNU,AK,AAL,WE,Towers with Radar,32,8,1,0,41,0,353,43,0,396,32,361,44,0,437,14,0,14,451
09/06/2015,JNU,AK,AAL,WE,Towers with Radar,33,4,1,0,38,0,369,39,0,408,33,373,40,0,446,14,0,14,460
09/07/2015,JNU,AK,AAL,WE,Towers with Radar,36,12,0,0,48,0,289,26,0,315,36,301,26,0,363,0,0,0,363
09/08/2015,JNU,AK,AAL,WE,Towers with Radar,36,66,8,0,110,0,282,39,1,322,36,348,47,1,432,4,0,4,436
09/09/2015,JNU,AK,AAL,WE,Towers with Radar,38,11,2,0,51,0,376,24,1,401,38,387,26,1,452,0,0,0,452
09/10/2015,JNU,AK,AAL,WE,Towers with Radar,34,17,0,0,51,0,68,5,0,73,34,85,5,0,124,8,0,8,132
09/11/2015,JNU,AK,AAL,WE,Towers with Radar,30,10,2,1,43,0,325,36,0,361,30,335,38,1,404,32,0,32,436
09/12/2015,JNU,AK,AAL,WE,Towers with Radar,21,11,0,0,32,0,179,16,0,195,21,190,16,0,227,0,0,0,227
09/13/2015,JNU,AK,AAL,WE,Towers with Radar,35,2,2,0,39,0,283,50,0,333,35,285,52,0,372,10,0,10,382
09/14/2015,JNU,AK,AAL,WE,Towers with Radar,24,8,0,1,33,0,307,45,0,352,24,315,45,1,385,63,0,63,448
09/15/2015,JNU,AK,AAL,WE,Towers with Radar,26,11,0,0,37,0,293,22,0,315,26,304,22,0,352,8,0,8,360
09/16/2015,JNU,AK,AAL,WE,Towers with Radar,32,12,6,0,50,0,362,9,0,371,32,374,15,0,421,0,0,0,421
09/17/2015,JNU,AK,AAL,WE,Towers with Radar,31,12,3,1,47,0,267,12,0,279,31,279,15,1,326,0,0,0,326
09/18/2015,JNU,AK,AAL,WE,Towers with Radar,32,17,1,0,50,0,154,19,0,173,32,171,20,0,223,16,0,16,239
09/19/2015,JNU,AK,AAL,WE,Towers with Radar,19,16,3,0,38,0,146,18,0,164,19,162,21,0,202,0,0,0,202
09/20/2015,JNU,AK,AAL,WE,Towers with Radar,25,8,1,0,34,0,99,33,0,132,25,107,34,0,166,10,0,10,176
09/21/2015,JNU,AK,AAL,WE,Towers with Radar,25,10,2,0,37,0,286,21,0,307,25,296,23,0,344,0,0,0,344
09/22/2015,JNU,AK,AAL,WE,Towers with Radar,31,6,1,0,38,0,409,47,0,456,31,415,48,0,494,9,0,9,503
09/23/2015,JNU,AK,AAL,WE,Towers with Radar,30,9,1,0,40,0,251,55,3,309,30,260,56,3,349,29,0,29,378
09/24/2015,JNU,AK,AAL,WE,Towers with Radar,30,6,4,0,40,0,250,34,2,286,30,256,38,2,326,0,6,6,332
09/25/2015,JNU,AK,AAL,WE,Towers with Radar,27,9,0,0,36,0,186,22,0,208,27,195,22,0,244,0,0,0,244
09/26/2015,JNU,AK,AAL,WE,Towers with Radar,25,13,4,0,42,0,93,6,0,99,25,106,10,0,141,0,0,0,141
09/27/2015,JNU,AK,AAL,WE,Towers with Radar,29,5,2,0,36,0,9,3,0,12,29,14,5,0,48,0,0,0,48
09/28/2015,JNU,AK,AAL,WE,Towers with Radar,22,27,2,0,51,0,58,1,0,59,22,85,3,0,110,0,0,0,110
09/29/2015,JNU,AK,AAL,WE,Towers with Radar,25,15,1,0,41,0,65,2,0,67,25,80,3,0,108,6,0,6,114
09/30/2015,JNU,AK,AAL,WE,Towers with Radar,31,5,0,0,36,0,138,17,0,155,31,143,17,0,191,4,0,4,195
10/01/2015,JNU,AK,AAL,WE,Towers with Radar,20,11,1,0,32,1,137,30,0,168,21,148,31,0,200,0,0,0,200
10/02/2015,JNU,AK,AAL,WE,Towers with Radar,17,10,0,0,27,0,173,59,0,232,17,183,59,0,259,16,0,16,275
10/03/2015,JNU,AK,AAL,WE,Towers with Radar,14,7,0,0,21,1,124,43,0,168,15,131,43,0,189,20,0,20,209
10/04/2015,JNU,AK,AAL,WE,Towers with Radar,19,1,0,0,20,0,110,69,0,179,19,111,69,0,199,0,0,0,199
10/05/2015,JNU,AK,AAL,WE,Towers with Radar,19,5,1,0,25,0,200,45,2,247,19,205,46,2,272,22,0,22,294
10/06/2015,JNU,AK,AAL,WE,Towers with Radar,17,10,7,0,34,0,174,33,1,208,17,184,40,1,242,6,0,6,248
10/07/2015,JNU,AK,AAL,WE,Towers with Radar,17,5,3,0,25,1,137,33,0,171,18,142,36,0,196,18,0,18,214
10/08/2015,JNU,AK,AAL,WE,Towers with Radar,16,20,6,0,42,0,19,3,0,22,16,39,9,0,64,0,0,0,64
10/09/2015,JNU,AK,AAL,WE,Towers with Radar,22,8,1,0,31,0,54,7,0,61,22,62,8,0,92,0,0,0,92
10/10/2015,JNU,AK,AAL,WE,Towers with Radar,20,9,2,0,31,0,127,36,2,165,20,136,38,2,196,20,0,20,216
10/11/2015,JNU,AK,AAL,WE,Towers with Radar,17,6,0,0,23,0,56,2,0,58,17,62,2,0,81,0,0,0,81
10/12/2015,JNU,AK,AAL,WE,Towers with Radar,16,6,0,0,22,0,113,16,0,129,16,119,16,0,151,0,0,0,151
10/13/2015,JNU,AK,AAL,WE,Towers with Radar,23,8,0,0,31,0,110,14,1,125,23,118,14,1,156,2,0,2,158
10/14/2015,JNU,AK,AAL,WE,Towers with Radar,18,6,0,2,26,2,125,15,1,143,20,131,15,3,169,17,0,17,186
10/15/2015,JNU,AK,AAL,WE,Towers with Radar,16,23,0,0,39,0,99,3,1,103,16,122,3,1,142,0,0,0,142
10/16/2015,JNU,AK,AAL,WE,Towers with Radar,18,5,1,0,24,0,110,10,2,122,18,115,11,2,146,0,0,0,146
10/17/2015,JNU,AK,AAL,WE,Towers with Radar,16,12,1,0,29,0,59,10,1,70,16,71,11,1,99,0,0,0,99
10/18/2015,JNU,AK,AAL,WE,Towers with Radar,17,2,2,0,21,0,58,24,0,82,17,60,26,0,103,0,0,0,103
10/19/2015,JNU,AK,AAL,WE,Towers with Radar,19,7,1,0,27,0,99,25,0,124,19,106,26,0,151,0,0,0,151
10/20/2015,JNU,AK,AAL,WE,Towers with Radar,18,12,0,0,30,0,75,9,0,84,18,87,9,0,114,2,0,2,116
10/21/2015,JNU,AK,AAL,WE,Towers with Radar,19,13,1,0,33,1,82,1,0,84,20,95,2,0,117,0,0,0,117
10/22/2015,JNU,AK,AAL,WE,Towers with Radar,17,8,0,0,25,0,78,12,0,90,17,86,12,0,115,0,0,0,115
10/23/2015,JNU,AK,AAL,WE,Towers with Radar,16,8,0,1,25,2,87,12,0,101,18,95,12,1,126,0,0,0,126
10/24/2015,JNU,AK,AAL,WE,Towers with Radar,17,3,0,0,20,0,90,39,0,129,17,93,39,0,149,6,0,6,155
10/25/2015,JNU,AK,AAL,WE,Towers with Radar,25,15,0,0,40,0,64,19,0,83,25,79,19,0,123,8,0,8,131
10/26/2015,JNU,AK,AAL,WE,Towers with Radar,21,4,0,0,25,0,131,34,2,167,21,135,34,2,192,14,0,14,206
10/27/2015,JNU,AK,AAL,WE,Towers with Radar,33,12,0,0,45,12,86,24,0,122,45,98,24,0,167,16,0,16,183
10/28/2015,JNU,AK,AAL,WE,Towers with Radar,23,9,0,2,34,0,82,7,1,90,23,91,7,3,124,6,0,6,130
10/29/2015,JNU,AK,AAL,WE,Towers with Radar,17,13,3,2,35,0,82,4,0,86,17,95,7,2,121,0,0,0,121
10/30/2015,JNU,AK,AAL,WE,Towers with Radar,8,17,9,0,34,14,65,4,0,83,22,82,13,0,117,6,0,6,123
10/31/2015,JNU,AK,AAL,WE,Towers with Radar,17,10,0,1,28,1,81,27,1,110,18,91,27,2,138,20,0,20,158
11/01/2015,JNU,AK,AAL,WE,Towers with Radar,18,1,0,0,19,0,69,33,0,102,18,70,33,0,121,14,0,14,135
11/02/2015,JNU,AK,AAL,WE,Towers with Radar,19,14,1,0,34,0,83,26,2,111,19,97,27,2,145,0,0,0,145
11/03/2015,JNU,AK,AAL,WE,Towers with Radar,20,14,1,0,35,0,51,5,0,56,20,65,6,0,91,0,0,0,91
11/04/2015,JNU,AK,AAL,WE,Towers with Radar,17,10,0,0,27,0,65,29,1,95,17,75,29,1,122,38,0,38,160
11/05/2015,JNU,AK,AAL,WE,Towers with Radar,17,9,3,0,29,0,83,14,0,97,17,92,17,0,126,4,0,4,130
11/06/2015,JNU,AK,AAL,WE,Towers with Radar,15,10,0,0,25,0,80,14,0,94,15,90,14,0,119,0,0,0,119
11/07/2015,JNU,AK,AAL,WE,Towers with Radar,19,6,0,0,25,0,72,13,0,85,19,78,13,0,110,0,0,0,110
11/08/2015,JNU,AK,AAL,WE,Towers with Radar,24,3,1,0,28,0,96,31,1,128,24,99,32,1,156,16,0,16,172
11/09/2015,JNU,AK,AAL,WE,Towers with Radar,21,5,0,0,26,0,75,15,0,90,21,80,15,0,116,6,0,6,122
11/10/2015,JNU,AK,AAL,WE,Towers with Radar,18,6,0,0,24,0,97,4,0,101,18,103,4,0,125,9,0,9,134
11/11/2015,JNU,AK,AAL,WE,Towers with Radar,17,4,0,0,21,0,93,23,0,116,17,97,23,0,137,36,0,36,173
11/12/2015,JNU,AK,AAL,WE,Towers with Radar,16,10,4,0,30,0,50,6,0,56,16,60,10,0,86,0,0,0,86
11/13/2015,JNU,AK,AAL,WE,Towers with Radar,18,13,0,0,31,6,52,7,0,65,24,65,7,0,96,0,0,0,96
11/14/2015,JNU,AK,AAL,WE,Towers with Radar,14,10,0,0,24,0,22,5,0,27,14,32,5,0,51,0,0,0,51
11/15/2015,JNU,AK,AAL,WE,Towers with Radar,13,6,3,0,22,0,59,6,0,65,13,65,9,0,87,0,0,0,87
11/16/2015,JNU,AK,AAL,WE,Towers with Radar,20,16,0,0,36,0,97,37,0,134,20,113,37,0,170,20,0,20,190
11/17/2015,JNU,AK,AAL,WE,Towers with Radar,19,10,1,0,30,0,45,2,0,47,19,55,3,0,77,6,0,6,83
11/18/2015,JNU,AK,AAL,WE,Towers with Radar,22,10,0,0,32,0,24,2,1,27,22,34,2,1,59,0,0,0,59
11/19/2015,JNU,AK,AAL,WE,Towers with Radar,20,14,0,0,34,0,55,4,2,61,20,69,4,2,95,0,0,0,95
11/20/2015,JNU,AK,AAL,WE,Towers with Radar,18,14,1,0,33,0,59,3,0,62,18,73,4,0,95,0,0,0,95
11/21/2015,JNU,AK,AAL,WE,Towers with Radar,17,9,0,0,26,0,85,7,2,94,17,94,7,2,120,0,0,0,120
11/22/2015,JNU,AK,AAL,WE,Towers with Radar,24,7,0,0,31,0,69,16,0,85,24,76,16,0,116,0,0,0,116
11/23/2015,JNU,AK,AAL,WE,Towers with Radar,22,16,5,2,45,0,141,40,4,185,22,157,45,6,230,12,0,12,242
11/24/2015,JNU,AK,AAL,WE,Towers with Radar,17,16,3,0,36,0,61,7,2,70,17,77,10,2,106,0,0,0,106
11/25/2015,JNU,AK,AAL,WE,Towers with Radar,20,21,5,1,47,0,22,2,1,25,20,43,7,2,72,0,0,0,72
11/26/2015,JNU,AK,AAL,WE,Towers with Radar,11,2,0,0,13,0,27,15,0,42,11,29,15,0,55,34,0,34,89
11/27/2015,JNU,AK,AAL,WE,Towers with Radar,15,8,0,0,23,0,94,5,0,99,15,102,5,0,122,18,0,18,140
11/28/2015,JNU,AK,AAL,WE,Towers with Radar,17,6,0,0,23,0,56,12,1,69,17,62,12,1,92,0,0,0,92
11/29/2015,JNU,AK,AAL,WE,Towers with Radar,19,9,0,0,28,0,103,10,0,113,19,112,10,0,141,0,0,0,141
11/30/2015,JNU,AK,AAL,WE,Towers with Radar,22,13,1,0,36,0,79,17,0,96,22,92,18,0,132,2,0,2,134
12/01/2015,JNU,AK,AAL,WE,Towers with Radar,23,13,0,0,36,0,78,8,0,86,23,91,8,0,122,2,0,2,124
12/02/2015,JNU,AK,AAL,WE,Towers with Radar,22,10,0,0,32,0,89,27,1,117,22,99,27,1,149,11,0,11,160
12/03/2015,JNU,AK,AAL,WE,Towers with Radar,9,8,0,1,18,0,24,0,0,24,9,32,0,1,42,0,0,0,42
12/04/2015,JNU,AK,AAL,WE,Towers with Radar,24,4,0,0,28,0,129,10,0,139,24,133,10,0,167,0,0,0,167
12/05/2015,JNU,AK,AAL,WE,Towers with Radar,18,1,0,0,19,0,91,32,0,123,18,92,32,0,142,12,0,12,154
12/06/2015,JNU,AK,AAL,WE,Towers with Radar,24,3,0,0,27,0,66,18,0,84,24,69,18,0,111,0,0,0,111
12/07/2015,JNU,AK,AAL,WE,Towers with Radar,24,14,3,0,41,0,45,5,0,50,24,59,8,0,91,0,0,0,91
12/08/2015,JNU,AK,AAL,WE,Towers with Radar,22,15,0,0,37,0,74,12,0,86,22,89,12,0,123,3,0,3,126
12/09/2015,JNU,AK,AAL,WE,Towers with Radar,18,9,0,0,27,0,86,19,0,105,18,95,19,0,132,45,0,45,177
12/10/2015,JNU,AK,AAL,WE,Towers with Radar,21,9,0,0,30,0,96,5,0,101,21,105,5,0,131,0,0,0,131
12/11/2015,JNU,AK,AAL,WE,Towers with Radar,18,4,0,0,22,0,95,1,0,96,18,99,1,0,118,4,0,4,122
12/12/2015,JNU,AK,AAL,WE,Towers with Radar,20,20,1,0,41,0,49,6,0,55,20,69,7,0,96,2,0,2,98
12/13/2015,JNU,AK,AAL,WE,Towers with Radar,21,4,0,0,25,0,80,18,0,98,21,84,18,0,123,14,0,14,137
12/14/2015,JNU,AK,AAL,WE,Towers with Radar,20,3,0,0,23,0,19,6,0,25,20,22,6,0,48,0,0,0,48
12/15/2015,JNU,AK,AAL,WE,Towers with Radar,24,20,0,2,46,0,99,13,0,112,24,119,13,2,158,0,0,0,158
12/16/2015,JNU,AK,AAL,WE,Towers with Radar,25,2,0,0,27,0,91,10,0,101,25,93,10,0,128,24,0,24,152
12/17/2015,JNU,AK,AAL,WE,Towers with Radar,0,0,0,0,0,0,0,0,0,0,0,0,0,0,0,0,0,0,0
12/18/2015,JNU,AK,AAL,WE,Towers with Radar,19,7,0,2,28,3,253,9,0,265,22,260,9,2,293,0,0,0,293
12/19/2015,JNU,AK,AAL,WE,Towers with Radar,16,5,0,0,21,0,83,14,0,97,16,88,14,0,118,8,0,8,126
12/20/2015,JNU,AK,AAL,WE,Towers with Radar,18,7,1,1,27,0,29,3,0,32,18,36,4,1,59,0,0,0,59
12/21/2015,JNU,AK,AAL,WE,Towers with Radar,26,8,0,0,34,0,80,9,0,89,26,88,9,0,123,0,0,0,123
12/22/2015,JNU,AK,AAL,WE,Towers with Radar,23,9,0,0,32,24,89,17,1,131,47,98,17,1,163,0,4,4,167
12/23/2015,JNU,AK,AAL,WE,Towers with Radar,23,9,1,0,33,0,79,10,0,89,23,88,11,0,122,0,0,0,122
12/24/2015,JNU,AK,AAL,WE,Towers with Radar,18,3,0,0,21,1,86,12,0,99,19,89,12,0,120,18,0,18,138
12/25/2015,JNU,AK,AAL,WE,Towers with Radar,8,1,0,0,9,0,2,3,0,5,8,3,3,0,14,8,0,8,22
12/26/2015,JNU,AK,AAL,WE,Towers with Radar,19,0,0,0,19,0,0,0,0,0,19,0,0,0,19,0,0,0,19
12/27/2015,JNU,AK,AAL,WE,Towers with Radar,18,0,0,0,18,0,53,6,0,59,18,53,6,0,77,4,0,4,81
12/28/2015,JNU,AK,AAL,WE,Towers with Radar,19,3,0,0,22,0,70,13,0,83,19,73,13,0,105,29,0,29,134
12/29/2015,JNU,AK,AAL,WE,Towers with Radar,21,7,2,0,30,0,71,19,0,90,21,78,21,0,120,0,0,0,120
12/30/2015,JNU,AK,AAL,WE,Towers with Radar,24,8,0,0,32,0,91,14,0,105,24,99,14,0,137,4,0,4,141
12/31/2015,JNU,AK,AAL,WE,Towers with Radar,19,4,1,0,24,0,56,1,0,57,19,60,2,0,81,0,0,0,81
01/01/2016,JNU,AK,AAL,WE,Towers with Radar,11,4,0,0,15,1,8,7,0,16,12,12,7,0,31,22,0,22,53
01/02/2016,JNU,AK,AAL,WE,Towers with Radar,13,0,1,0,14,0,60,11,0,71,13,60,12,0,85,8,0,8,93
01/03/2016,JNU,AK,AAL,WE,Towers with Radar,17,4,2,0,23,0,31,4,0,35,17,35,6,0,58,0,0,0,58
01/04/2016,JNU,AK,AAL,WE,Towers with Radar,21,3,0,0,24,0,83,11,0,94,21,86,11,0,118,26,0,26,144
01/05/2016,JNU,AK,AAL,WE,Towers with Radar,23,4,0,0,27,0,100,8,0,108,23,104,8,0,135,2,0,2,137
01/06/2016,JNU,AK,AAL,WE,Towers with Radar,0,0,0,0,0,0,0,0,0,0,0,0,0,0,0,0,0,0,0
01/07/2016,JNU,AK,AAL,WE,Towers with Radar,18,6,1,0,25,1,102,19,0,122,19,108,20,0,147,4,0,4,151
01/08/2016,JNU,AK,AAL,WE,Towers with Radar,20,6,2,0,28,1,71,14,0,86,21,77,16,0,114,18,0,18,132
01/09/2016,JNU,AK,AAL,WE,Towers with Radar,15,11,1,1,28,0,25,4,0,29,15,36,5,1,57,0,12,12,69
01/10/2016,JNU,AK,AAL,WE,Towers with Radar,21,32,1,0,54,0,13,1,0,14,21,45,2,0,68,0,0,0,68
01/11/2016,JNU,AK,AAL,WE,Towers with Radar,18,22,1,0,41,0,23,1,0,24,18,45,2,0,65,0,0,0,65
01/12/2016,JNU,AK,AAL,WE,Towers with Radar,24,6,1,2,33,0,64,15,0,79,24,70,16,2,112,0,0,0,112
01/13/2016,JNU,AK,AAL,WE,Towers with Radar,20,13,8,0,41,0,89,4,0,93,20,102,12,0,134,0,0,0,134
01/14/2016,JNU,AK,AAL,WE,Towers with Radar,22,13,1,0,36,0,84,3,4,91,22,97,4,4,127,0,2,2,129
01/15/2016,JNU,AK,AAL,WE,Towers with Radar,16,21,0,0,37,0,16,6,0,22,16,37,6,0,59,0,0,0,59
01/16/2016,JNU,AK,AAL,WE,Towers with Radar,20,12,0,0,32,0,65,17,0,82,20,77,17,0,114,14,0,14,128
01/17/2016,JNU,AK,AAL,WE,Towers with Radar,22,4,0,0,26,0,72,23,0,95,22,76,23,0,121,2,0,2,123
01/18/2016,JNU,AK,AAL,WE,Towers with Radar,22,9,0,0,31,0,47,30,0,77,22,56,30,0,108,22,2,24,132
01/19/2016,JNU,AK,AAL,WE,Towers with Radar,24,18,0,0,42,0,79,13,0,92,24,97,13,0,134,0,0,0,134
01/20/2016,JNU,AK,AAL,WE,Towers with Radar,24,7,0,2,33,0,79,6,0,85,24,86,6,2,118,4,0,4,122
01/21/2016,JNU,AK,AAL,WE,Towers with Radar,17,7,0,0,24,1,48,6,1,56,18,55,6,1,80,4,0,4,84
01/22/2016,JNU,AK,AAL,WE,Towers with Radar,22,11,2,1,36,0,80,2,0,82,22,91,4,1,118,9,0,9,127
01/23/2016,JNU,AK,AAL,WE,Towers with Radar,16,4,0,0,20,0,76,17,0,93,16,80,17,0,113,6,0,6,119
01/24/2016,JNU,AK,AAL,WE,Towers with Radar,20,18,2,0,40,0,54,10,0,64,20,72,12,0,104,0,0,0,104
01/25/2016,JNU,AK,AAL,WE,Towers with Radar,20,10,2,0,32,0,56,6,0,62,20,66,8,0,94,0,0,0,94
01/26/2016,JNU,AK,AAL,WE,Towers with Radar,25,5,0,0,30,0,20,4,0,24,25,25,4,0,54,0,0,0,54
01/27/2016,JNU,AK,AAL,WE,Towers with Radar,24,12,2,0,38,0,92,11,0,103,24,104,13,0,141,0,0,0,141
01/28/2016,JNU,AK,AAL,WE,Towers with Radar,16,12,0,0,28,0,67,2,0,69,16,79,2,0,97,2,0,2,99
01/29/2016,JNU,AK,AAL,WE,Towers with Radar,16,8,0,1,25,0,107,15,0,122,16,115,15,1,147,6,0,6,153
01/30/2016,JNU,AK,AAL,WE,Towers with Radar,18,6,5,0,29,3,90,35,0,128,21,96,40,0,157,6,0,6,163
01/31/2016,JNU,AK,AAL,WE,Towers with Radar,18,2,0,0,20,0,64,22,0,86,18,66,22,0,106,0,0,0,106
02/01/2016,JNU,AK,AAL,WE,Towers with Radar,25,8,0,2,35,0,85,32,0,117,25,93,32,2,152,14,0,14,166
02/02/2016,JNU,AK,AAL,WE,Towers with Radar,20,16,0,0,36,0,56,3,2,61,20,72,3,2,97,0,4,4,101
02/03/2016,JNU,AK,AAL,WE,Towers with Radar,16,17,1,0,34,0,62,0,0,62,16,79,1,0,96,6,0,6,102
02/04/2016,JNU,AK,AAL,WE,Towers with Radar,16,6,3,0,25,0,43,4,0,47,16,49,7,0,72,0,0,0,72
02/05/2016,JNU,AK,AAL,WE,Towers with Radar,19,8,1,0,28,0,108,5,0,113,19,116,6,0,141,4,0,4,145
02/06/2016,JNU,AK,AAL,WE,Towers with Radar,17,5,0,0,22,0,78,19,0,97,17,83,19,0,119,0,0,0,119
02/07/2016,JNU,AK,AAL,WE,Towers with Radar,19,5,1,0,25,0,30,0,1,31,19,35,1,1,56,0,0,0,56
02/08/2016,JNU,AK,AAL,WE,Towers with Radar,25,11,1,1,38,0,21,1,0,22,25,32,2,1,60,0,0,0,60
02/09/2016,JNU,AK,AAL,WE,Towers with Radar,27,8,1,0,36,0,128,52,0,180,27,136,53,0,216,0,0,0,216
02/10/2016,JNU,AK,AAL,WE,Towers with Radar,23,43,1,0,67,0,21,0,0,21,23,64,1,0,88,0,0,0,88
02/11/2016,JNU,AK,AAL,WE,Towers with Radar,18,15,0,2,35,0,96,7,0,103,18,111,7,2,138,0,0,0,138
02/12/2016,JNU,AK,AAL,WE,Towers with Radar,20,8,0,0,28,0,91,6,11,108,20,99,6,11,136,0,6,6,142
02/13/2016,JNU,AK,AAL,WE,Towers with Radar,19,6,1,0,26,0,85,16,0,101,19,91,17,0,127,6,0,6,133
02/14/2016,JNU,AK,AAL,WE,Towers with Radar,17,2,1,0,20,0,47,13,1,61,17,49,14,1,81,20,0,20,101
02/15/2016,JNU,AK,AAL,WE,Towers with Radar,25,6,1,0,32,0,72,22,0,94,25,78,23,0,126,0,0,0,126
02/16/2016,JNU,AK,AAL,WE,Towers with Radar,20,7,1,0,28,0,83,37,2,122,20,90,38,2,150,0,0,0,150
02/17/2016,JNU,AK,AAL,WE,Towers with Radar,20,8,0,1,29,1,89,30,4,124,21,97,30,5,153,2,0,2,155
02/18/2016,JNU,AK,AAL,WE,Towers with Radar,20,3,0,0,23,0,111,21,0,132,20,114,21,0,155,2,0,2,157
02/19/2016,JNU,AK,AAL,WE,Towers with Radar,23,4,0,1,28,0,93,3,1,97,23,97,3,2,125,6,0,6,131
02/20/2016,JNU,AK,AAL,WE,Towers with Radar,17,4,0,0,21,0,65,5,0,70,17,69,5,0,91,0,0,0,91
02/21/2016,JNU,AK,AAL,WE,Towers with Radar,21,2,1,0,24,0,89,16,0,105,21,91,17,0,129,6,0,6,135
02/22/2016,JNU,AK,AAL,WE,Towers with Radar,18,8,2,0,28,0,82,16,1,99,18,90,18,1,127,0,0,0,127
02/23/2016,JNU,AK,AAL,WE,Towers with Radar,26,3,1,0,30,2,106,14,0,122,28,109,15,0,152,6,0,6,158
02/24/2016,JNU,AK,AAL,WE,Towers with Radar,20,13,0,0,33,0,62,15,0,77,20,75,15,0,110,10,0,10,120
02/25/2016,JNU,AK,AAL,WE,Towers with Radar,20,13,2,2,37,0,88,5,2,95,20,101,7,4,132,6,0,6,138
02/26/2016,JNU,AK,AAL,WE,Towers with Radar,21,12,1,0,34,0,72,24,1,97,21,84,25,1,131,0,0,0,131
02/27/2016,JNU,AK,AAL,WE,Towers with Radar,17,6,0,0,23,0,79,13,1,93,17,85,13,1,116,4,0,4,120
02/28/2016,JNU,AK,AAL,WE,Towers with Radar,19,2,3,0,24,0,65,4,0,69,19,67,7,0,93,0,0,0,93
02/29/2016,JNU,AK,AAL,WE,Towers with Radar,31,3,0,0,34,1,155,22,0,178,32,158,22,0,212,0,0,0,212
03/01/2016,JNU,AK,AAL,WE,Towers with Radar,21,2,0,0,23,1,130,15,0,146,22,132,15,0,169,18,0,18,187
03/02/2016,JNU,AK,AAL,WE,Towers with Radar,14,6,0,0,20,1,127,11,0,139,15,133,11,0,159,6,0,6,165
03/03/2016,JNU,AK,AAL,WE,Towers with Radar,20,11,0,0,31,0,100,7,2,109,20,111,7,2,140,0,0,0,140
03/04/2016,JNU,AK,AAL,WE,Towers with Radar,20,10,1,2,33,0,80,4,1,85,20,90,5,3,118,0,0,0,118
03/05/2016,JNU,AK,AAL,WE,Towers with Radar,16,4,0,0,20,1,84,14,2,101,17,88,14,2,121,0,0,0,121
03/06/2016,JNU,AK,AAL,WE,Towers with Radar,24,2,2,2,30,0,110,14,0,124,24,112,16,2,154,0,0,0,154
03/07/2016,JNU,AK,AAL,WE,Towers with Radar,22,9,0,0,31,1,99,10,0,110,23,108,10,0,141,6,0,6,147
03/08/2016,JNU,AK,AAL,WE,Towers with Radar,23,5,7,0,35,1,79,20,0,100,24,84,27,0,135,13,0,13,148
03/09/2016,JNU,AK,AAL,WE,Towers with Radar,22,4,2,2,30,1,86,2,2,91,23,90,4,4,121,8,0,8,129
03/10/2016,JNU,AK,AAL,WE,Towers with Radar,23,3,0,0,26,0,102,17,0,119,23,105,17,0,145,34,0,34,179
03/11/2016,JNU,AK,AAL,WE,Towers with Radar,20,4,0,1,25,0,101,11,0,112,20,105,11,1,137,0,0,0,137
03/12/2016,JNU,AK,AAL,WE,Towers with Radar,17,4,2,0,23,0,115,18,2,135,17,119,20,2,158,4,0,4,162
03/13/2016,JNU,AK,AAL,WE,Towers with Radar,17,0,1,0,18,1,85,22,0,108,18,85,23,0,126,11,0,11,137
03/14/2016,JNU,AK,AAL,WE,Towers with Radar,20,6,0,0,26,1,126,33,0,160,21,132,33,0,186,14,0,14,200
03/15/2016,JNU,AK,AAL,WE,Towers with Radar,23,7,1,0,31,0,84,21,0,105,23,91,22,0,136,26,0,26,162
03/16/2016,JNU,AK,AAL,WE,Towers with Radar,22,5,0,0,27,0,111,9,0,120,22,116,9,0,147,34,2,36,183
03/17/2016,JNU,AK,AAL,WE,Towers with Radar,17,8,0,0,25,2,121,18,0,141,19,129,18,0,166,0,0,0,166
03/18/2016,JNU,AK,AAL,WE,Towers with Radar,16,5,0,0,21,2,116,16,0,134,18,121,16,0,155,4,0,4,159
03/19/2016,JNU,AK,AAL,WE,Towers with Radar,18,4,0,0,22,1,92,25,1,119,19,96,25,1,141,8,0,8,149
03/20/2016,JNU,AK,AAL,WE,Towers with Radar,24,0,0,0,24,7,86,28,1,122,31,86,28,1,146,0,0,0,146
03/21/2016,JNU,AK,AAL,WE,Towers with Radar,22,7,0,0,29,2,122,19,0,143,24,129,19,0,172,0,0,0,172
03/22/2016,JNU,AK,AAL,WE,Towers with Radar,22,13,1,0,36,0,137,28,0,165,22,150,29,0,201,32,0,32,233
03/23/2016,JNU,AK,AAL,WE,Towers with Radar,19,11,1,0,31,0,100,7,0,107,19,111,8,0,138,0,0,0,138
03/24/2016,JNU,AK,AAL,WE,Towers with Radar,19,9,0,1,29,0,141,23,2,166,19,150,23,3,195,32,1,33,228
03/25/2016,JNU,AK,AAL,WE,Towers with Radar,22,7,2,0,31,0,95,14,0,109,22,102,16,0,140,10,0,10,150
03/26/2016,JNU,AK,AAL,WE,Towers with Radar,19,7,3,1,30,0,87,10,0,97,19,94,13,1,127,0,0,0,127
03/27/2016,JNU,AK,AAL,WE,Towers with Radar,20,5,0,0,25,0,47,15,0,62,20,52,15,0,87,0,0,0,87
03/28/2016,JNU,AK,AAL,WE,Towers with Radar,20,19,0,0,39,0,108,14,2,124,20,127,14,2,163,0,0,0,163
03/29/2016,JNU,AK,AAL,WE,Towers with Radar,22,15,0,0,37,0,51,5,0,56,22,66,5,0,93,6,0,6,99
03/30/2016,JNU,AK,AAL,WE,Towers with Radar,21,8,1,1,31,0,111,15,0,126,21,119,16,1,157,12,0,12,169
03/31/2016,JNU,AK,AAL,WE,Towers with Radar,19,4,0,0,23,0,134,23,0,157,19,138,23,0,180,16,0,16,196
04/01/2016,JNU,AK,AAL,WE,Towers with Radar,27,11,2,0,40,0,148,20,0,168,27,159,22,0,208,6,1,7,215
04/02/2016,JNU,AK,AAL,WE,Towers with Radar,23,10,8,0,41,0,161,35,0,196,23,171,43,0,237,18,0,18,255
04/03/2016,JNU,AK,AAL,WE,Towers with Radar,25,6,0,0,31,0,123,43,0,166,25,129,43,0,197,10,0,10,207
04/04/2016,JNU,AK,AAL,WE,Towers with Radar,21,15,1,0,37,0,147,13,0,160,21,162,14,0,197,0,0,0,197
04/05/2016,JNU,AK,AAL,WE,Towers with Radar,27,10,5,0,42,0,100,12,1,113,27,110,17,1,155,0,0,0,155
04/06/2016,JNU,AK,AAL,WE,Towers with Radar,31,8,0,0,39,0,107,14,0,121,31,115,14,0,160,0,0,0,160
04/07/2016,JNU,AK,AAL,WE,Towers with Radar,32,9,0,0,41,0,84,6,2,92,32,93,6,2,133,0,0,0,133
04/08/2016,JNU,AK,AAL,WE,Towers with Radar,27,9,1,0,37,0,128,21,0,149,27,137,22,0,186,10,0,10,196
04/09/2016,JNU,AK,AAL,WE,Towers with Radar,24,6,4,0,34,0,127,49,2,178,24,133,53,2,212,30,0,30,242
04/10/2016,JNU,AK,AAL,WE,Towers with Radar,32,3,3,0,38,0,110,33,2,145,32,113,36,2,183,0,0,0,183
04/11/2016,JNU,AK,AAL,WE,Towers with Radar,24,8,2,0,34,0,107,25,0,132,24,115,27,0,166,10,0,10,176
04/12/2016,JNU,AK,AAL,WE,Towers with Radar,29,11,0,4,44,0,125,16,4,145,29,136,16,8,189,36,0,36,225
04/13/2016,JNU,AK,AAL,WE,Towers with Radar,29,5,2,0,36,1,178,28,2,209,30,183,30,2,245,30,0,30,275
04/14/2016,JNU,AK,AAL,WE,Towers with Radar,25,17,2,0,44,0,113,25,0,138,25,130,27,0,182,14,0,14,196
04/15/2016,JNU,AK,AAL,WE,Towers with Radar,27,10,3,2,42,0,125,10,1,136,27,135,13,3,178,0,0,0,178
04/16/2016,JNU,AK,AAL,WE,Towers with Radar,22,6,7,0,35,0,110,16,0,126,22,116,23,0,161,16,0,16,177
04/17/2016,JNU,AK,AAL,WE,Towers with Radar,28,7,4,0,39,0,76,20,0,96,28,83,24,0,135,14,0,14,149
04/18/2016,JNU,AK,AAL,WE,Towers with Radar,24,7,0,2,33,0,126,16,0,142,24,133,16,2,175,0,0,0,175
04/19/2016,JNU,AK,AAL,WE,Towers with Radar,28,10,1,0,39,0,168,39,2,209,28,178,40,2,248,12,0,12,260
04/20/2016,JNU,AK,AAL,WE,Towers with Radar,24,9,2,0,35,1,157,25,1,184,25,166,27,1,219,19,0,19,238
04/21/2016,JNU,AK,AAL,WE,Towers with Radar,28,11,2,1,42,0,150,23,1,174,28,161,25,2,216,4,0,4,220
04/22/2016,JNU,AK,AAL,WE,Towers with Radar,30,7,1,0,38,1,154,47,0,202,31,161,48,0,240,36,0,36,276
04/23/2016,JNU,AK,AAL,WE,Towers with Radar,25,49,8,0,82,0,62,4,0,66,25,111,12,0,148,0,0,0,148
04/24/2016,JNU,AK,AAL,WE,Towers with Radar,29,5,4,0,38,0,101,16,0,117,29,106,20,0,155,0,0,0,155
04/25/2016,JNU,AK,AAL,WE,Towers with Radar,21,15,2,1,39,0,148,22,0,170,21,163,24,1,209,18,0,18,227
04/26/2016,JNU,AK,AAL,WE,Towers with Radar,25,12,4,2,43,0,147,17,0,164,25,159,21,2,207,12,0,12,219
04/27/2016,JNU,AK,AAL,WE,Towers with Radar,22,3,1,0,26,0,188,8,0,196,22,191,9,0,222,12,0,12,234
04/28/2016,JNU,AK,AAL,WE,Towers with Radar,31,10,2,1,44,0,138,6,0,144,31,148,8,1,188,32,0,32,220
04/29/2016,JNU,AK,AAL,WE,Towers with Radar,27,9,5,2,43,0,246,22,0,268,27,255,27,2,311,12,0,12,323
04/30/2016,JNU,AK,AAL,WE,Towers with Radar,25,7,3,0,35,0,95,11,0,106,25,102,14,0,141,4,0,4,145
05/01/2016,JNU,AK,AAL,WE,Towers with Radar,26,6,0,0,32,1,145,8,0,154,27,151,8,0,186,2,0,2,188
05/02/2016,JNU,AK,AAL,WE,Towers with Radar,24,12,5,0,41,0,151,13,0,164,24,163,18,0,205,0,0,0,205
05/03/2016,JNU,AK,AAL,WE,Towers with Radar,28,13,3,0,44,0,239,43,1,283,28,252,46,1,327,42,0,42,369
05/04/2016,JNU,AK,AAL,WE,Towers with Radar,24,10,5,1,40,0,164,24,0,188,24,174,29,1,228,21,0,21,249
05/05/2016,JNU,AK,AAL,WE,Towers with Radar,28,10,1,0,39,0,125,13,2,140,28,135,14,2,179,4,0,4,183
05/06/2016,JNU,AK,AAL,WE,Towers with Radar,31,15,3,0,49,0,146,12,0,158,31,161,15,0,207,8,0,8,215
05/07/2016,JNU,AK,AAL,WE,Towers with Radar,17,6,2,0,25,0,223,25,0,248,17,229,27,0,273,8,0,8,281
05/08/2016,JNU,AK,AAL,WE,Towers with Radar,29,0,1,0,30,1,176,53,0,230,30,176,54,0,260,22,0,22,282
05/09/2016,JNU,AK,AAL,WE,Towers with Radar,29,11,7,0,47,1,261,20,0,282,30,272,27,0,329,4,0,4,333
05/10/2016,JNU,AK,AAL,WE,Towers with Radar,26,9,2,0,37,1,331,36,2,370,27,340,38,2,407,0,0,0,407
05/11/2016,JNU,AK,AAL,WE,Towers with Radar,25,7,2,0,34,1,291,43,3,338,26,298,45,3,372,0,0,0,372
05/12/2016,JNU,AK,AAL,WE,Towers with Radar,27,5,3,0,35,2,248,41,0,291,29,253,44,0,326,31,0,31,357
05/13/2016,JNU,AK,AAL,WE,Towers with Radar,28,14,3,0,45,0,344,33,1,378,28,358,36,1,423,16,0,16,439
05/14/2016,JNU,AK,AAL,WE,Towers with Radar,25,3,0,0,28,0,417,55,0,472,25,420,55,0,500,0,0,0,500
05/15/2016,JNU,AK,AAL,WE,Towers with Radar,33,4,2,0,39,4,178,29,0,211,37,182,31,0,250,8,0,8,258
05/16/2016,JNU,AK,AAL,WE,Towers with Radar,28,15,5,0,48,0,338,21,0,359,28,353,26,0,407,6,0,6,413
05/17/2016,JNU,AK,AAL,WE,Towers with Radar,31,9,4,0,44,0,526,14,0,540,31,535,18,0,584,0,0,0,584
05/18/2016,JNU,AK,AAL,WE,Towers with Radar,32,5,1,0,38,0,526,22,0,548,32,531,23,0,586,11,0,11,597
05/19/2016,JNU,AK,AAL,WE,Towers with Radar,32,2,3,0,37,0,334,31,0,365,32,336,34,0,402,0,0,0,402
05/20/2016,JNU,AK,AAL,WE,Towers with Radar,30,5,0,0,35,0,273,44,1,318,30,278,44,1,353,12,0,12,365
05/21/2016,JNU,AK,AAL,WE,Towers with Radar,29,0,1,0,30,2,252,58,0,312,31,252,59,0,342,18,0,18,360
05/22/2016,JNU,AK,AAL,WE,Towers with Radar,24,4,1,0,29,0,511,34,0,545,24,515,35,0,574,10,0,10,584
05/23/2016,JNU,AK,AAL,WE,Towers with Radar,26,17,2,1,46,0,462,34,0,496,26,479,36,1,542,22,0,22,564
05/24/2016,JNU,AK,AAL,WE,Towers with Radar,32,7,6,0,45,0,661,49,0,710,32,668,55,0,755,95,0,95,850
05/25/2016,JNU,AK,AAL,WE,Towers with Radar,29,15,4,0,48,1,466,15,2,484,30,481,19,2,532,40,0,40,572
05/26/2016,JNU,AK,AAL,WE,Towers with Radar,30,3,2,0,35,0,417,35,0,452,30,420,37,0,487,14,0,14,501
05/27/2016,JNU,AK,AAL,WE,Towers with Radar,24,8,4,0,36,0,329,34,2,365,24,337,38,2,401,6,0,6,407
05/28/2016,JNU,AK,AAL,WE,Towers with Radar,22,2,2,0,26,0,271,41,0,312,22,273,43,0,338,8,0,8,346
05/29/2016,JNU,AK,AAL,WE,Towers with Radar,31,1,2,0,34,1,374,36,0,411,32,375,38,0,445,0,0,0,445
05/30/2016,JNU,AK,AAL,WE,Towers with Radar,22,7,3,0,32,0,274,23,2,299,22,281,26,2,331,24,0,24,355
05/31/2016,JNU,AK,AAL,WE,Towers with Radar,24,10,6,0,40,2,524,35,1,562,26,534,41,1,602,0,0,0,602
06/01/2016,JNU,AK,AAL,WE,Towers with Radar,29,17,1,0,47,0,397,35,0,432,29,414,36,0,479,8,0,8,487
06/02/2016,JNU,AK,AAL,WE,Towers with Radar,30,15,4,0,49,0,340,25,0,365,30,355,29,0,414,30,0,30,444
06/03/2016,JNU,AK,AAL,WE,Towers with Radar,29,9,4,0,42,0,364,12,0,376,29,373,16,0,418,0,0,0,418
06/04/2016,JNU,AK,AAL,WE,Towers with Radar,20,3,2,0,25,0,256,42,0,298,20,259,44,0,323,2,0,2,325
06/05/2016,JNU,AK,AAL,WE,Towers with Radar,32,12,4,0,48,0,228,18,2,248,32,240,22,2,296,0,0,0,296
06/06/2016,JNU,AK,AAL,WE,Towers with Radar,31,6,1,1,39,0,359,30,6,395,31,365,31,7,434,0,0,0,434
06/07/2016,JNU,AK,AAL,WE,Towers with Radar,34,7,4,1,46,0,464,44,1,509,34,471,48,2,555,42,0,42,597
06/08/2016,JNU,AK,AAL,WE,Towers with Radar,30,9,0,0,39,4,376,39,1,420,34,385,39,1,459,28,0,28,487
06/09/2016,JNU,AK,AAL,WE,Towers with Radar,33,12,0,0,45,7,365,30,0,402,40,377,30,0,447,38,0,38,485
06/10/2016,JNU,AK,AAL,WE,Towers with Radar,31,9,3,0,43,3,402,54,1,460,34,411,57,1,503,22,0,22,525
06/11/2016,JNU,AK,AAL,WE,Towers with Radar,34,17,4,0,55,0,167,22,0,189,34,184,26,0,244,38,0,38,282
06/12/2016,JNU,AK,AAL,WE,Towers with Radar,32,7,5,2,46,0,297,31,0,328,32,304,36,2,374,10,0,10,384
06/13/2016,JNU,AK,AAL,WE,Towers with Radar,29,11,5,1,46,0,496,48,1,545,29,507,53,2,591,2,0,2,593
06/14/2016,JNU,AK,AAL,WE,Towers with Radar,32,7,4,1,44,3,534,38,4,579,35,541,42,5,623,12,0,12,635
06/15/2016,JNU,AK,AAL,WE,Towers with Radar,28,7,6,2,43,5,465,48,0,518,33,472,54,2,561,10,0,10,571
06/16/2016,JNU,AK,AAL,WE,Towers with Radar,36,7,3,1,47,2,437,48,2,489,38,444,51,3,536,2,8,10,546
06/17/2016,JNU,AK,AAL,WE,Towers with Radar,34,19,6,0,59,0,248,36,2,286,34,267,42,2,345,0,0,0,345
06/18/2016,JNU,AK,AAL,WE,Towers with Radar,31,3,4,0,38,2,302,62,0,366,33,305,66,0,404,14,0,14,418
06/19/2016,JNU,AK,AAL,WE,Towers with Radar,35,10,1,0,46,0,382,46,0,428,35,392,47,0,474,25,0,25,499
06/20/2016,JNU,AK,AAL,WE,Towers with Radar,32,12,5,0,49,0,430,37,0,467,32,442,42,0,516,0,0,0,516
06/21/2016,JNU,AK,AAL,WE,Towers with Radar,35,35,5,0,75,1,282,28,0,311,36,317,33,0,386,0,0,0,386
06/22/2016,JNU,AK,AAL,WE,Towers with Radar,30,9,4,0,43,5,455,41,3,504,35,464,45,3,547,0,0,0,547
06/23/2016,JNU,AK,AAL,WE,Towers with Radar,30,7,1,0,38,4,451,35,2,492,34,458,36,2,530,20,0,20,550
06/24/2016,JNU,AK,AAL,WE,Towers with Radar,36,16,5,0,57,0,335,34,1,370,36,351,39,1,427,0,0,0,427
06/25/2016,JNU,AK,AAL,WE,Towers with Radar,30,14,5,0,49,0,251,13,0,264,30,265,18,0,313,0,0,0,313
06/26/2016,JNU,AK,AAL,WE,Towers with Radar,32,1,5,0,38,0,336,27,0,363,32,337,32,0,401,5,0,5,406
06/27/2016,JNU,AK,AAL,WE,Towers with Radar,37,8,3,0,48,1,386,42,0,429,38,394,45,0,477,0,0,0,477
06/28/2016,JNU,AK,AAL,WE,Towers with Radar,32,3,2,0,37,1,432,43,1,477,33,435,45,1,514,0,0,0,514
06/29/2016,JNU,AK,AAL,WE,Towers with Radar,33,12,7,0,52,1,447,44,2,494,34,459,51,2,546,1,0,1,547
06/30/2016,JNU,AK,AAL,WE,Towers with Radar,37,10,6,1,54,0,363,34,0,397,37,373,40,1,451,4,0,4,455
07/01/2016,JNU,AK,AAL,WE,Towers with Radar,33,12,15,0,60,2,319,26,0,347,35,331,41,0,407,2,0,2,409
07/02/2016,JNU,AK,AAL,WE,Towers with Radar,23,14,12,0,49,2,331,42,0,375,25,345,54,0,424,7,0,7,431
07/03/2016,JNU,AK,AAL,WE,Towers with Radar,35,1,2,0,38,1,441,62,2,506,36,442,64,2,544,2,0,2,546
07/04/2016,JNU,AK,AAL,WE,Towers with Radar,31,1,4,0,36,1,318,37,0,356,32,319,41,0,392,0,0,0,392
07/05/2016,JNU,AK,AAL,WE,Towers with Radar,33,10,13,0,56,3,506,48,0,557,36,516,61,0,613,0,0,0,613
07/06/2016,JNU,AK,AAL,WE,Towers with Radar,34,7,4,2,47,1,470,50,0,521,35,477,54,2,568,0,0,0,568
07/07/2016,JNU,AK,AAL,WE,Towers with Radar,38,9,1,0,48,3,497,46,0,546,41,506,47,0,594,5,0,5,599
07/08/2016,JNU,AK,AAL,WE,Towers with Radar,35,11,14,0,60,5,385,72,0,462,40,396,86,0,522,20,0,20,542
07/09/2016,JNU,AK,AAL,WE,Towers with Radar,28,5,12,0,45,2,359,41,0,402,30,364,53,0,447,20,0,20,467
07/10/2016,JNU,AK,AAL,WE,Towers with Radar,33,8,9,0,50,2,387,47,0,436,35,395,56,0,486,0,0,0,486
07/11/2016,JNU,AK,AAL,WE,Towers with Radar,30,9,3,0,42,3,474,51,0,528,33,483,54,0,570,0,0,0,570
07/12/2016,JNU,AK,AAL,WE,Towers with Radar,31,14,2,0,47,0,538,35,2,575,31,552,37,2,622,10,0,10,632
07/13/2016,JNU,AK,AAL,WE,Towers with Radar,39,16,8,0,63,0,462,32,0,494,39,478,40,0,557,10,0,10,567
07/14/2016,JNU,AK,AAL,WE,Towers with Radar,37,16,5,0,58,1,360,60,0,421,38,376,65,0,479,0,0,0,479
07/15/2016,JNU,AK,AAL,WE,Towers with Radar,37,14,5,0,56,0,342,33,0,375,37,356,38,0,431,0,0,0,431
07/16/2016,JNU,AK,AAL,WE,Towers with Radar,28,7,10,0,45,0,285,40,0,325,28,292,50,0,370,7,0,7,377
07/17/2016,JNU,AK,AAL,WE,Towers with Radar,27,8,10,0,45,2,479,61,0,542,29,487,71,0,587,1,0,1,588
07/18/2016,JNU,AK,AAL,WE,Towers with Radar,31,9,8,0,48,3,503,45,0,551,34,512,53,0,599,0,0,0,599
07/19/2016,JNU,AK,AAL,WE,Towers with Radar,30,3,10,2,45,0,470,39,0,509,30,473,49,2,554,0,0,0,554
07/20/2016,JNU,AK,AAL,WE,Towers with Radar,38,9,12,0,59,0,453,41,2,496,38,462,53,2,555,0,0,0,555
07/21/2016,JNU,AK,AAL,WE,Towers with Radar,38,13,5,8,64,0,304,31,0,335,38,317,36,8,399,4,0,4,403
07/22/2016,JNU,AK,AAL,WE,Towers with Radar,38,20,8,0,66,0,159,22,0,181,38,179,30,0,247,0,0,0,247
07/23/2016,JNU,AK,AAL,WE,Towers with Radar,27,8,11,0,46,0,155,9,0,164,27,163,20,0,210,0,0,0,210
07/24/2016,JNU,AK,AAL,WE,Towers with Radar,39,3,8,0,50,0,206,34,0,240,39,209,42,0,290,0,0,0,290
07/25/2016,JNU,AK,AAL,WE,Towers with Radar,31,8,10,0,49,2,369,22,0,393,33,377,32,0,442,0,0,0,442
07/26/2016,JNU,AK,AAL,WE,Towers with Radar,35,15,0,0,50,0,246,14,0,260,35,261,14,0,310,0,0,0,310
07/27/2016,JNU,AK,AAL,WE,Towers with Radar,38,12,12,0,62,0,219,18,0,237,38,231,30,0,299,0,0,0,299
07/28/2016,JNU,AK,AAL,WE,Towers with Radar,32,12,2,0,46,1,308,32,0,341,33,320,34,0,387,22,0,22,409
07/29/2016,JNU,AK,AAL,WE,Towers with Radar,32,6,10,0,48,1,304,52,0,357,33,310,62,0,405,0,0,0,405
07/30/2016,JNU,AK,AAL,WE,Towers with Radar,27,4,5,0,36,0,310,40,0,350,27,314,45,0,386,0,0,0,386
07/31/2016,JNU,AK,AAL,WE,Towers with Radar,33,1,12,0,46,0,388,54,0,442,33,389,66,0,488,0,0,0,488
08/01/2016,JNU,AK,AAL,WE,Towers with Radar,32,19,1,0,52,0,405,36,0,441,32,424,37,0,493,0,0,0,493
08/02/2016,JNU,AK,AAL,WE,Towers with Radar,35,14,5,0,54,1,512,29,0,542,36,526,34,0,596,0,0,0,596
08/03/2016,JNU,AK,AAL,WE,Towers with Radar,33,12,2,0,47,2,245,15,2,264,35,257,17,2,311,0,0,0,311
08/04/2016,JNU,AK,AAL,WE,Towers with Radar,38,9,4,0,51,1,544,48,3,596,39,553,52,3,647,0,0,0,647
08/05/2016,JNU,AK,AAL,WE,Towers with Radar,35,8,5,0,48,3,383,61,2,449,38,391,66,2,497,2,0,2,499
08/06/2016,JNU,AK,AAL,WE,Towers with Radar,60,8,2,0,70,0,354,50,0,404,60,362,52,0,474,4,0,4,478
08/07/2016,JNU,AK,AAL,WE,Towers with Radar,33,5,3,0,41,2,357,54,0,413,35,362,57,0,454,8,0,8,462
08/08/2016,JNU,AK,AAL,WE,Towers with Radar,33,22,3,0,58,0,223,13,0,236,33,245,16,0,294,0,0,0,294
08/09/2016,JNU,AK,AAL,WE,Towers with Radar,40,13,5,0,58,0,385,37,0,422,40,398,42,0,480,0,0,0,480
08/10/2016,JNU,AK,AAL,WE,Towers with Radar,34,21,10,0,65,0,143,12,1,156,34,164,22,1,221,4,0,4,225
08/11/2016,JNU,AK,AAL,WE,Towers with Radar,39,13,5,0,57,1,287,15,1,304,40,300,20,1,361,0,0,0,361
08/12/2016,JNU,AK,AAL,WE,Towers with Radar,37,11,12,2,62,1,273,43,0,317,38,284,55,2,379,0,0,0,379
08/13/2016,JNU,AK,AAL,WE,Towers with Radar,32,13,2,0,47,0,184,5,0,189,32,197,7,0,236,2,0,2,238
08/14/2016,JNU,AK,AAL,WE,Towers with Radar,39,8,4,0,51,0,446,30,9,485,39,454,34,9,536,0,0,0,536
08/15/2016,JNU,AK,AAL,WE,Towers with Radar,32,9,2,0,43,0,419,18,29,466,32,428,20,29,509,2,0,2,511
08/16/2016,JNU,AK,AAL,WE,Towers with Radar,32,13,4,2,51,0,496,42,0,538,32,509,46,2,589,0,0,0,589
08/17/2016,JNU,AK,AAL,WE,Towers with Radar,34,9,0,0,43,1,450,39,0,490,35,459,39,0,533,26,0,26,559
08/18/2016,JNU,AK,AAL,WE,Towers with Radar,39,17,2,2,60,0,165,14,2,181,39,182,16,4,241,2,0,2,243
08/19/2016,JNU,AK,AAL,WE,Towers with Radar,33,9,8,0,50,2,303,39,0,344,35,312,47,0,394,0,0,0,394
08/20/2016,JNU,AK,AAL,WE,Towers with Radar,31,6,3,0,40,1,387,53,0,441,32,393,56,0,481,12,0,12,493
08/21/2016,JNU,AK,AAL,WE,Towers with Radar,30,17,3,0,50,1,342,57,0,400,31,359,60,0,450,38,0,38,488
08/22/2016,JNU,AK,AAL,WE,Towers with Radar,30,11,7,1,49,0,442,33,5,480,30,453,40,6,529,26,0,26,555
08/23/2016,JNU,AK,AAL,WE,Towers with Radar,42,10,6,0,58,0,409,29,1,439,42,419,35,1,497,4,0,4,501
08/24/2016,JNU,AK,AAL,WE,Towers with Radar,35,11,4,0,50,2,319,21,4,346,37,330,25,4,396,0,0,0,396
08/25/2016,JNU,AK,AAL,WE,Towers with Radar,40,16,1,0,57,0,137,13,0,150,40,153,14,0,207,0,0,0,207
08/26/2016,JNU,AK,AAL,WE,Towers with Radar,36,10,6,0,52,0,284,49,2,335,36,294,55,2,387,4,0,4,391
08/27/2016,JNU,AK,AAL,WE,Towers with Radar,29,5,1,1,36,2,372,66,1,441,31,377,67,2,477,0,0,0,477
08/28/2016,JNU,AK,AAL,WE,Towers with Radar,27,6,4,1,38,0,475,43,0,518,27,481,47,1,556,0,0,0,556
08/29/2016,JNU,AK,AAL,WE,Towers with Radar,37,12,3,0,52,1,412,32,0,445,38,424,35,0,497,0,0,0,497
08/30/2016,JNU,AK,AAL,WE,Towers with Radar,35,13,0,0,48,3,497,22,0,522,38,510,22,0,570,0,0,0,570
08/31/2016,JNU,AK,AAL,WE,Towers with Radar,35,3,1,0,39,3,354,67,4,428,38,357,68,4,467,27,0,27,494
09/01/2016,JNU,AK,AAL,WE,Towers with Radar,29,3,4,1,37,6,387,46,4,443,35,390,50,5,480,0,0,0,480
09/02/2016,JNU,AK,AAL,WE,Towers with Radar,30,6,0,0,36,1,332,41,0,374,31,338,41,0,410,12,0,12,422
09/03/2016,JNU,AK,AAL,WE,Towers with Radar,24,1,7,0,32,0,337,73,0,410,24,338,80,0,442,6,0,6,448
09/04/2016,JNU,AK,AAL,WE,Towers with Radar,35,16,1,0,52,0,418,52,0,470,35,434,53,0,522,2,0,2,524
09/05/2016,JNU,AK,AAL,WE,Towers with Radar,25,10,0,0,35,0,259,17,0,276,25,269,17,0,311,0,0,0,311
09/06/2016,JNU,AK,AAL,WE,Towers with Radar,29,21,2,0,52,0,195,17,2,214,29,216,19,2,266,0,0,0,266
09/07/2016,JNU,AK,AAL,WE,Towers with Radar,27,12,8,0,47,2,252,23,1,278,29,264,31,1,325,4,0,4,329
09/08/2016,JNU,AK,AAL,WE,Towers with Radar,28,8,5,0,41,0,288,21,0,309,28,296,26,0,350,0,0,0,350
09/09/2016,JNU,AK,AAL,WE,Towers with Radar,25,14,4,0,43,0,47,3,1,51,25,61,7,1,94,0,0,0,94
09/10/2016,JNU,AK,AAL,WE,Towers with Radar,28,6,1,0,35,0,259,44,2,305,28,265,45,2,340,16,0,16,356
09/11/2016,JNU,AK,AAL,WE,Towers with Radar,23,11,2,0,36,0,304,46,0,350,23,315,48,0,386,22,0,22,408
09/12/2016,JNU,AK,AAL,WE,Towers with Radar,20,9,5,0,34,1,231,8,2,242,21,240,13,2,276,4,0,4,280
09/13/2016,JNU,AK,AAL,WE,Towers with Radar,26,17,1,0,44,0,264,17,0,281,26,281,18,0,325,0,0,0,325
09/14/2016,JNU,AK,AAL,WE,Towers with Radar,24,16,3,0,43,0,284,21,0,305,24,300,24,0,348,0,0,0,348
09/15/2016,JNU,AK,AAL,WE,Towers with Radar,23,15,3,0,41,0,57,1,0,58,23,72,4,0,99,0,0,0,99
09/16/2016,JNU,AK,AAL,WE,Towers with Radar,26,13,4,0,43,1,194,25,1,221,27,207,29,1,264,5,0,5,269
09/17/2016,JNU,AK,AAL,WE,Towers with Radar,20,6,2,0,28,0,89,13,0,102,20,95,15,0,130,0,14,14,144
09/18/2016,JNU,AK,AAL,WE,Towers with Radar,26,5,3,0,34,1,127,30,0,158,27,132,33,0,192,0,0,0,192
09/19/2016,JNU,AK,AAL,WE,Towers with Radar,26,31,15,3,75,0,151,28,4,183,26,182,43,7,258,4,0,4,262
09/20/2016,JNU,AK,AAL,WE,Towers with Radar,25,4,4,0,33,3,258,39,0,300,28,262,43,0,333,4,0,4,337
09/21/2016,JNU,AK,AAL,WE,Towers with Radar,31,11,6,0,48,3,218,35,0,256,34,229,41,0,304,10,0,10,314
09/22/2016,JNU,AK,AAL,WE,Towers with Radar,28,8,1,0,37,0,33,1,0,34,28,41,2,0,71,6,0,6,77
09/23/2016,JNU,AK,AAL,WE,Towers with Radar,25,18,2,0,45,0,138,20,1,159,25,156,22,1,204,0,0,0,204
09/24/2016,JNU,AK,AAL,WE,Towers with Radar,20,7,1,0,28,0,93,8,0,101,20,100,9,0,129,0,0,0,129
09/25/2016,JNU,AK,AAL,WE,Towers with Radar,24,3,0,0,27,0,109,31,0,140,24,112,31,0,167,0,0,0,167
09/26/2016,JNU,AK,AAL,WE,Towers with Radar,23,11,0,0,34,2,184,6,0,192,25,195,6,0,226,0,0,0,226
09/27/2016,JNU,AK,AAL,WE,Towers with Radar,31,8,5,0,44,1,95,16,0,112,32,103,21,0,156,0,0,0,156
09/28/2016,JNU,AK,AAL,WE,Towers with Radar,19,7,4,0,30,3,122,52,0,177,22,129,56,0,207,0,0,0,207
09/29/2016,JNU,AK,AAL,WE,Towers with Radar,24,8,0,0,32,2,124,48,2,176,26,132,48,2,208,8,0,8,216
09/30/2016,JNU,AK,AAL,WE,Towers with Radar,24,8,0,3,35,0,119,17,2,138,24,127,17,5,173,11,0,11,184
10/01/2016,JNU,AK,AAL,WE,Towers with Radar,12,2,1,0,15,0,95,47,0,142,12,97,48,0,157,46,0,46,203
10/02/2016,JNU,AK,AAL,WE,Towers with Radar,15,1,1,0,17,2,87,52,0,141,17,88,53,0,158,0,0,0,158
10/03/2016,JNU,AK,AAL,WE,Towers with Radar,13,6,2,0,21,0,113,20,0,133,13,119,22,0,154,0,0,0,154
10/04/2016,JNU,AK,AAL,WE,Towers with Radar,19,3,0,0,22,0,84,29,0,113,19,87,29,0,135,6,0,6,141
10/05/2016,JNU,AK,AAL,WE,Towers with Radar,17,10,0,1,28,2,75,31,0,108,19,85,31,1,136,2,0,2,138
10/06/2016,JNU,AK,AAL,WE,Towers with Radar,16,5,2,0,23,0,60,13,0,73,16,65,15,0,96,0,0,0,96
10/07/2016,JNU,AK,AAL,WE,Towers with Radar,19,6,4,0,29,2,109,37,0,148,21,115,41,0,177,0,0,0,177
10/08/2016,JNU,AK,AAL,WE,Towers with Radar,14,3,0,0,17,0,80,34,0,114,14,83,34,0,131,47,0,47,178
10/09/2016,JNU,AK,AAL,WE,Towers with Radar,18,0,0,0,18,4,91,47,0,142,22,91,47,0,160,36,0,36,196
10/10/2016,JNU,AK,AAL,WE,Towers with Radar,17,4,0,0,21,2,82,39,0,123,19,86,39,0,144,10,0,10,154
10/11/2016,JNU,AK,AAL,WE,Towers with Radar,17,4,0,0,21,0,91,13,0,104,17,95,13,0,125,14,0,14,139
10/12/2016,JNU,AK,AAL,WE,Towers with Radar,17,3,0,0,20,0,109,35,0,144,17,112,35,0,164,4,2,6,170
10/13/2016,JNU,AK,AAL,WE,Towers with Radar,17,5,0,0,22,0,96,15,0,111,17,101,15,0,133,10,0,10,143
10/14/2016,JNU,AK,AAL,WE,Towers with Radar,15,12,1,0,28,5,100,32,0,137,20,112,33,0,165,36,0,36,201
10/15/2016,JNU,AK,AAL,WE,Towers with Radar,16,3,2,0,21,1,64,17,0,82,17,67,19,0,103,12,0,12,115
10/16/2016,JNU,AK,AAL,WE,Towers with Radar,18,1,1,0,20,0,0,0,0,0,18,1,1,0,20,0,0,0,20
10/17/2016,JNU,AK,AAL,WE,Towers with Radar,13,11,3,0,27,10,77,10,0,97,23,88,13,0,124,22,0,22,146
10/18/2016,JNU,AK,AAL,WE,Towers with Radar,19,8,3,0,30,0,51,6,2,59,19,59,9,2,89,24,0,24,113
10/19/2016,JNU,AK,AAL,WE,Towers with Radar,18,10,1,0,29,0,80,9,0,89,18,90,10,0,118,0,0,0,118
10/20/2016,JNU,AK,AAL,WE,Towers with Radar,16,35,2,0,53,0,17,0,0,17,16,52,2,0,70,0,0,0,70
10/21/2016,JNU,AK,AAL,WE,Towers with Radar,22,10,2,0,34,0,114,20,0,134,22,124,22,0,168,0,0,0,168
10/22/2016,JNU,AK,AAL,WE,Towers with Radar,17,5,3,0,25,1,62,11,0,74,18,67,14,0,99,50,0,50,149
10/23/2016,JNU,AK,AAL,WE,Towers with Radar,14,0,2,0,16,1,48,44,0,93,15,48,46,0,109,10,0,10,119
10/24/2016,JNU,AK,AAL,WE,Towers with Radar,22,7,0,1,30,0,114,21,1,136,22,121,21,2,166,0,0,0,166
10/25/2016,JNU,AK,AAL,WE,Towers with Radar,22,5,1,0,28,0,77,2,1,80,22,82,3,1,108,0,0,0,108
10/26/2016,JNU,AK,AAL,WE,Towers with Radar,13,7,1,0,21,1,105,21,0,127,14,112,22,0,148,0,0,0,148
10/27/2016,JNU,AK,AAL,WE,Towers with Radar,16,4,0,1,21,1,118,16,0,135,17,122,16,1,156,0,0,0,156
10/28/2016,JNU,AK,AAL,WE,Towers with Radar,18,9,0,0,27,0,94,30,0,124,18,103,30,0,151,0,0,0,151
10/29/2016,JNU,AK,AAL,WE,Towers with Radar,17,5,2,0,24,2,82,34,0,118,19,87,36,0,142,28,0,28,170
10/30/2016,JNU,AK,AAL,WE,Towers with Radar,11,0,1,0,12,0,54,38,0,92,11,54,39,0,104,0,0,0,104
10/31/2016,JNU,AK,AAL,WE,Towers with Radar,16,6,2,0,24,2,94,28,0,124,18,100,30,0,148,14,0,14,162
11/01/2016,JNU,AK,AAL,WE,Towers with Radar,21,6,1,0,28,0,72,22,0,94,21,78,23,0,122,39,0,39,161
11/02/2016,JNU,AK,AAL,WE,Towers with Radar,16,10,0,0,26,1,71,22,0,94,17,81,22,0,120,38,0,38,158
11/03/2016,JNU,AK,AAL,WE,Towers with Radar,17,7,2,0,26,0,67,5,0,72,17,74,7,0,98,18,0,18,116
11/04/2016,JNU,AK,AAL,WE,Towers with Radar,15,10,0,0,25,0,80,2,2,84,15,90,2,2,109,0,0,0,109
11/05/2016,JNU,AK,AAL,WE,Towers with Radar,16,3,1,0,20,1,54,14,0,69,17,57,15,0,89,2,0,2,91
11/06/2016,JNU,AK,AAL,WE,Towers with Radar,19,6,0,0,25,0,65,7,0,72,19,71,7,0,97,14,0,14,111
11/07/2016,JNU,AK,AAL,WE,Towers with Radar,18,8,5,0,31,0,64,4,0,68,18,72,9,0,99,5,0,5,104
11/08/2016,JNU,AK,AAL,WE,Towers with Radar,18,8,0,0,26,0,67,7,0,74,18,75,7,0,100,0,0,0,100
11/09/2016,JNU,AK,AAL,WE,Towers with Radar,16,8,0,0,24,1,96,8,0,105,17,104,8,0,129,6,0,6,135
11/10/2016,JNU,AK,AAL,WE,Towers with Radar,16,7,0,0,23,0,48,1,1,50,16,55,1,1,73,0,0,0,73
11/11/2016,JNU,AK,AAL,WE,Towers with Radar,17,14,2,0,33,0,50,2,0,52,17,64,4,0,85,3,0,3,88
11/12/2016,JNU,AK,AAL,WE,Towers with Radar,21,3,2,0,26,1,92,10,0,103,22,95,12,0,129,23,0,23,152
11/13/2016,JNU,AK,AAL,WE,Towers with Radar,22,4,2,0,28,0,60,4,0,64,22,64,6,0,92,0,0,0,92
11/14/2016,JNU,AK,AAL,WE,Towers with Radar,18,5,0,3,26,0,108,7,3,118,18,113,7,6,144,4,14,18,162
11/15/2016,JNU,AK,AAL,WE,Towers with Radar,23,3,1,0,27,2,76,28,5,111,25,79,29,5,138,31,0,31,169
11/16/2016,JNU,AK,AAL,WE,Towers with Radar,19,7,2,0,28,1,93,22,1,117,20,100,24,1,145,4,0,4,149
11/17/2016,JNU,AK,AAL,WE,Towers with Radar,12,7,2,0,21,1,91,25,0,117,13,98,27,0,138,18,2,20,158
11/18/2016,JNU,AK,AAL,WE,Towers with Radar,20,6,2,0,28,0,105,13,0,118,20,111,15,0,146,12,0,12,158
11/19/2016,JNU,AK,AAL,WE,Towers with Radar,18,3,0,0,21,1,71,40,0,112,19,74,40,0,133,6,0,6,139
11/20/2016,JNU,AK,AAL,WE,Towers with Radar,15,1,0,0,16,1,79,28,0,108,16,80,28,0,124,12,0,12,136
11/21/2016,JNU,AK,AAL,WE,Towers with Radar,20,6,1,0,27,0,92,18,0,110,20,98,19,0,137,8,0,8,145
11/22/2016,JNU,AK,AAL,WE,Towers with Radar,17,13,5,0,35,0,43,9,0,52,17,56,14,0,87,10,0,10,97
11/23/2016,JNU,AK,AAL,WE,Towers with Radar,18,9,1,0,28,0,70,4,0,74,18,79,5,0,102,0,0,0,102
11/24/2016,JNU,AK,AAL,WE,Towers with Radar,9,6,5,0,20,0,0,3,0,3,9,6,8,0,23,0,0,0,23
11/25/2016,JNU,AK,AAL,WE,Towers with Radar,14,12,0,0,26,0,39,13,0,52,14,51,13,0,78,24,0,24,102
11/26/2016,JNU,AK,AAL,WE,Towers with Radar,22,2,1,0,25,0,53,18,0,71,22,55,19,0,96,0,0,0,96
11/27/2016,JNU,AK,AAL,WE,Towers with Radar,17,5,1,0,23,0,58,11,0,69,17,63,12,0,92,20,0,20,112
11/28/2016,JNU,AK,AAL,WE,Towers with Radar,21,10,0,0,31,0,92,8,0,100,21,102,8,0,131,0,0,0,131
11/29/2016,JNU,AK,AAL,WE,Towers with Radar,15,3,1,0,19,0,5,4,0,9,15,8,5,0,28,0,0,0,28
11/30/2016,JNU,AK,AAL,WE,Towers with Radar,15,12,2,0,29,0,58,9,0,67,15,70,11,0,96,0,0,0,96
12/01/2016,JNU,AK,AAL,WE,Towers with Radar,13,9,2,0,24,0,32,3,1,36,13,41,5,1,60,0,0,0,60
12/02/2016,JNU,AK,AAL,WE,Towers with Radar,18,11,3,0,32,0,25,0,1,26,18,36,3,1,58,0,0,0,58
12/03/2016,JNU,AK,AAL,WE,Towers with Radar,17,11,1,0,29,0,28,3,0,31,17,39,4,0,60,0,0,0,60
12/04/2016,JNU,AK,AAL,WE,Towers with Radar,17,4,1,0,22,0,76,18,0,94,17,80,19,0,116,4,0,4,120
12/05/2016,JNU,AK,AAL,WE,Towers with Radar,16,5,0,0,21,2,93,13,0,108,18,98,13,0,129,0,0,0,129
12/06/2016,JNU,AK,AAL,WE,Towers with Radar,14,8,1,0,23,0,27,1,0,28,14,35,2,0,51,1,0,1,52
12/07/2016,JNU,AK,AAL,WE,Towers with Radar,17,1,0,0,18,0,0,0,0,0,17,1,0,0,18,0,0,0,18
12/08/2016,JNU,AK,AAL,WE,Towers with Radar,11,4,0,0,15,1,71,11,0,83,12,75,11,0,98,0,0,0,98
12/09/2016,JNU,AK,AAL,WE,Towers with Radar,17,15,0,1,33,1,53,7,1,62,18,68,7,2,95,0,0,0,95
12/10/2016,JNU,AK,AAL,WE,Towers with Radar,17,7,0,0,24,0,61,5,0,66,17,68,5,0,90,0,0,0,90
12/11/2016,JNU,AK,AAL,WE,Towers with Radar,14,3,0,0,17,1,52,6,0,59,15,55,6,0,76,0,0,0,76
12/12/2016,JNU,AK,AAL,WE,Towers with Radar,13,6,4,0,23,1,79,17,0,97,14,85,21,0,120,6,2,8,128
12/13/2016,JNU,AK,AAL,WE,Towers with Radar,21,9,2,0,32,0,83,6,0,89,21,92,8,0,121,24,0,24,145
12/14/2016,JNU,AK,AAL,WE,Towers with Radar,14,15,0,0,29,0,79,15,0,94,14,94,15,0,123,19,0,19,142
12/15/2016,JNU,AK,AAL,WE,Towers with Radar,20,6,2,0,28,1,70,9,1,81,21,76,11,1,109,0,0,0,109
12/16/2016,JNU,AK,AAL,WE,Towers with Radar,18,7,1,0,26,0,15,1,0,16,18,22,2,0,42,0,0,0,42
12/17/2016,JNU,AK,AAL,WE,Towers with Radar,13,1,0,0,14,0,0,0,0,0,13,1,0,0,14,0,0,0,14
12/18/2016,JNU,AK,AAL,WE,Towers with Radar,13,2,1,0,16,0,25,1,6,32,13,27,2,6,48,0,0,0,48
12/19/2016,JNU,AK,AAL,WE,Towers with Radar,18,9,0,2,29,0,33,2,0,35,18,42,2,2,64,0,0,0,64
12/20/2016,JNU,AK,AAL,WE,Towers with Radar,19,8,3,0,30,0,43,1,0,44,19,51,4,0,74,0,0,0,74
12/21/2016,JNU,AK,AAL,WE,Towers with Radar,18,12,3,0,33,0,60,8,0,68,18,72,11,0,101,6,0,6,107
12/22/2016,JNU,AK,AAL,WE,Towers with Radar,15,8,1,0,24,0,57,6,2,65,15,65,7,2,89,4,0,4,93
12/23/2016,JNU,AK,AAL,WE,Towers with Radar,20,5,0,0,25,0,69,19,0,88,20,74,19,0,113,61,0,61,174
12/24/2016,JNU,AK,AAL,WE,Towers with Radar,16,9,0,0,25,0,34,14,0,48,16,43,14,0,73,0,0,0,73
12/25/2016,JNU,AK,AAL,WE,Towers with Radar,12,3,3,0,18,0,2,2,0,4,12,5,5,0,22,10,0,10,32
12/26/2016,JNU,AK,AAL,WE,Towers with Radar,16,11,2,0,29,0,16,4,0,20,16,27,6,0,49,2,0,2,51
12/27/2016,JNU,AK,AAL,WE,Towers with Radar,22,3,1,0,26,0,31,0,0,31,22,34,1,0,57,8,0,8,65
12/28/2016,JNU,AK,AAL,WE,Towers with Radar,18,12,0,0,30,0,43,3,0,46,18,55,3,0,76,6,0,6,82
12/29/2016,JNU,AK,AAL,WE,Towers with Radar,20,9,1,0,30,0,60,5,3,68,20,69,6,3,98,2,0,2,100
12/30/2016,JNU,AK,AAL,WE,Towers with Radar,18,14,0,0,32,0,32,2,0,34,18,46,2,0,66,34,0,34,100
12/31/2016,JNU,AK,AAL,WE,Towers with Radar,14,6,0,0,20,0,50,29,1,80,14,56,29,1,100,24,0,24,124
01/01/2017,JNU,AK,AAL,WE,Towers with Radar,13,2,1,0,16,0,8,6,0,14,13,10,7,0,30,6,0,6,36
01/02/2017,JNU,AK,AAL,WE,Towers with Radar,21,8,0,0,29,2,59,21,0,82,23,67,21,0,111,14,0,14,125
01/03/2017,JNU,AK,AAL,WE,Towers with Radar,18,2,1,0,21,0,55,9,0,64,18,57,10,0,85,12,0,12,97
01/04/2017,JNU,AK,AAL,WE,Towers with Radar,23,40,4,0,67,0,9,0,0,9,23,49,4,0,76,0,0,0,76
01/05/2017,JNU,AK,AAL,WE,Towers with Radar,16,8,0,0,24,0,76,17,0,93,16,84,17,0,117,2,0,2,119
01/06/2017,JNU,AK,AAL,WE,Towers with Radar,17,8,0,0,25,0,2,1,0,3,17,10,1,0,28,0,0,0,28
01/07/2017,JNU,AK,AAL,WE,Towers with Radar,11,0,2,0,13,0,1,2,0,3,11,1,4,0,16,0,0,0,16
01/08/2017,JNU,AK,AAL,WE,Towers with Radar,14,1,0,0,15,0,36,13,0,49,14,37,13,0,64,0,0,0,64
01/09/2017,JNU,AK,AAL,WE,Towers with Radar,13,12,0,0,25,0,66,9,0,75,13,78,9,0,100,0,0,0,100
01/10/2017,JNU,AK,AAL,WE,Towers with Radar,19,5,0,0,24,0,69,8,0,77,19,74,8,0,101,33,0,33,134
01/11/2017,JNU,AK,AAL,WE,Towers with Radar,16,5,2,0,23,0,78,9,3,90,16,83,11,3,113,0,0,0,113
01/12/2017,JNU,AK,AAL,WE,Towers with Radar,18,4,1,0,23,0,28,3,0,31,18,32,4,0,54,0,0,0,54
01/13/2017,JNU,AK,AAL,WE,Towers with Radar,16,9,2,0,27,0,10,0,0,10,16,19,2,0,37,0,0,0,37
01/14/2017,JNU,AK,AAL,WE,Towers with Radar,15,8,0,0,23,0,28,3,0,31,15,36,3,0,54,0,0,0,54
01/15/2017,JNU,AK,AAL,WE,Towers with Radar,14,6,0,0,20,0,26,7,0,33,14,32,7,0,53,0,0,0,53
01/16/2017,JNU,AK,AAL,WE,Towers with Radar,15,3,1,0,19,0,8,0,0,8,15,11,1,0,27,0,0,0,27
01/17/2017,JNU,AK,AAL,WE,Towers with Radar,17,10,1,0,28,0,46,7,2,55,17,56,8,2,83,2,0,2,85
01/18/2017,JNU,AK,AAL,WE,Towers with Radar,17,11,6,1,35,0,43,3,3,49,17,54,9,4,84,26,0,26,110
01/19/2017,JNU,AK,AAL,WE,Towers with Radar,15,9,1,1,26,0,68,7,1,76,15,77,8,2,102,10,0,10,112
01/20/2017,JNU,AK,AAL,WE,Towers with Radar,14,5,0,0,19,0,85,11,0,96,14,90,11,0,115,0,0,0,115
01/21/2017,JNU,AK,AAL,WE,Towers with Radar,18,0,0,1,19,0,47,9,0,56,18,47,9,1,75,0,0,0,75
01/22/2017,JNU,AK,AAL,WE,Towers with Radar,18,9,0,0,27,2,30,10,0,42,20,39,10,0,69,4,0,4,73
01/23/2017,JNU,AK,AAL,WE,Towers with Radar,18,9,0,0,27,0,40,3,0,43,18,49,3,0,70,0,0,0,70
01/24/2017,JNU,AK,AAL,WE,Towers with Radar,14,10,2,0,26,0,29,1,0,30,14,39,3,0,56,0,0,0,56
01/25/2017,JNU,AK,AAL,WE,Towers with Radar,18,12,1,0,31,0,61,2,0,63,18,73,3,0,94,0,0,0,94
01/26/2017,JNU,AK,AAL,WE,Towers with Radar,16,8,3,0,27,1,71,5,0,77,17,79,8,0,104,0,0,0,104
01/27/2017,JNU,AK,AAL,WE,Towers with Radar,19,5,1,0,25,0,37,4,0,41,19,42,5,0,66,0,0,0,66
01/28/2017,JNU,AK,AAL,WE,Towers with Radar,16,7,0,0,23,0,24,2,0,26,16,31,2,0,49,0,0,0,49
01/29/2017,JNU,AK,AAL,WE,Towers with Radar,15,6,2,0,23,0,42,4,1,47,15,48,6,1,70,0,0,0,70
01/30/2017,JNU,AK,AAL,WE,Towers with Radar,13,6,1,0,20,1,75,17,2,95,14,81,18,2,115,20,0,20,135
01/31/2017,JNU,AK,AAL,WE,Towers with Radar,21,8,8,0,37,0,90,17,2,109,21,98,25,2,146,1,0,1,147
02/01/2017,JNU,AK,AAL,WE,Towers with Radar,17,6,0,0,23,0,62,15,0,77,17,68,15,0,100,0,0,0,100
02/02/2017,JNU,AK,AAL,WE,Towers with Radar,16,3,2,0,21,0,50,9,0,59,16,53,11,0,80,0,0,0,80
02/03/2017,JNU,AK,AAL,WE,Towers with Radar,16,5,0,0,21,0,49,3,0,52,16,54,3,0,73,0,0,0,73
02/04/2017,JNU,AK,AAL,WE,Towers with Radar,22,4,0,0,26,0,60,24,0,84,22,64,24,0,110,30,0,30,140
02/05/2017,JNU,AK,AAL,WE,Towers with Radar,18,1,0,0,19,0,41,20,0,61,18,42,20,0,80,11,0,11,91
02/06/2017,JNU,AK,AAL,WE,Towers with Radar,17,3,3,0,23,0,68,2,0,70,17,71,5,0,93,0,0,0,93
02/07/2017,JNU,AK,AAL,WE,Towers with Radar,16,8,0,0,24,0,57,8,0,65,16,65,8,0,89,0,0,0,89
02/08/2017,JNU,AK,AAL,WE,Towers with Radar,17,3,0,0,20,0,71,11,4,86,17,74,11,4,106,6,0,6,112
02/09/2017,JNU,AK,AAL,WE,Towers with Radar,16,5,2,0,23,4,77,16,0,97,20,82,18,0,120,0,0,0,120
02/10/2017,JNU,AK,AAL,WE,Towers with Radar,18,9,0,0,27,0,26,2,0,28,18,35,2,0,55,0,0,0,55
02/11/2017,JNU,AK,AAL,WE,Towers with Radar,12,3,0,0,15,0,2,0,0,2,12,5,0,0,17,0,0,0,17
02/12/2017,JNU,AK,AAL,WE,Towers with Radar,11,8,0,0,19,0,54,11,2,67,11,62,11,2,86,8,0,8,94
02/13/2017,JNU,AK,AAL,WE,Towers with Radar,12,4,1,1,18,0,2,1,1,4,12,6,2,2,22,0,0,0,22
02/14/2017,JNU,AK,AAL,WE,Towers with Radar,14,14,3,0,31,0,76,2,5,83,14,90,5,5,114,0,0,0,114
02/15/2017,JNU,AK,AAL,WE,Towers with Radar,19,8,11,0,38,0,54,4,0,58,19,62,15,0,96,19,0,19,115
02/16/2017,JNU,AK,AAL,WE,Towers with Radar,16,5,0,0,21,0,82,29,0,111,16,87,29,0,132,4,0,4,136
02/17/2017,JNU,AK,AAL,WE,Towers with Radar,22,19,4,0,45,0,57,6,0,63,22,76,10,0,108,0,0,0,108
02/18/2017,JNU,AK,AAL,WE,Towers with Radar,21,7,0,0,28,1,84,31,0,116,22,91,31,0,144,34,0,34,178
02/19/2017,JNU,AK,AAL,WE,Towers with Radar,20,2,1,0,23,2,63,32,0,97,22,65,33,0,120,53,0,53,173
02/20/2017,JNU,AK,AAL,WE,Towers with Radar,19,4,1,0,24,1,68,36,0,105,20,72,37,0,129,16,0,16,145
02/21/2017,JNU,AK,AAL,WE,Towers with Radar,20,2,3,0,25,0,61,15,1,77,20,63,18,1,102,0,0,0,102
02/22/2017,JNU,AK,AAL,WE,Towers with Radar,17,6,7,0,30,0,54,11,0,65,17,60,18,0,95,19,0,19,114
02/23/2017,JNU,AK,AAL,WE,Towers with Radar,19,5,7,0,31,0,51,21,0,72,19,56,28,0,103,10,0,10,113
02/24/2017,JNU,AK,AAL,WE,Towers with Radar,16,11,2,0,29,0,67,18,0,85,16,78,20,0,114,0,0,0,114
02/25/2017,JNU,AK,AAL,WE,Towers with Radar,15,5,3,0,23,1,45,20,0,66,16,50,23,0,89,19,0,19,108
02/26/2017,JNU,AK,AAL,WE,Towers with Radar,17,3,2,0,22,0,51,21,0,72,17,54,23,0,94,8,0,8,102
02/27/2017,JNU,AK,AAL,WE,Towers with Radar,19,4,0,0,23,1,70,26,0,97,20,74,26,0,120,22,1,23,143
02/28/2017,JNU,AK,AAL,WE,Towers with Radar,19,12,2,0,33,1,34,1,0,36,20,46,3,0,69,0,0,0,69
03/01/2017,JNU,AK,AAL,WE,Towers with Radar,17,5,2,0,24,0,11,1,1,13,17,16,3,1,37,4,0,4,41
03/02/2017,JNU,AK,AAL,WE,Towers with Radar,17,1,0,0,18,0,4,1,0,5,17,5,1,0,23,0,0,0,23
03/03/2017,JNU,AK,AAL,WE,Towers with Radar,16,4,3,0,23,1,67,21,2,91,17,71,24,2,114,0,0,0,114
03/04/2017,JNU,AK,AAL,WE,Towers with Radar,18,3,0,0,21,0,60,14,0,74,18,63,14,0,95,9,0,9,104
03/05/2017,JNU,AK,AAL,WE,Towers with Radar,14,4,2,0,20,1,33,0,4,38,15,37,2,4,58,5,0,5,63
03/06/2017,JNU,AK,AAL,WE,Towers with Radar,18,2,1,0,21,1,73,9,2,85,19,75,10,2,106,0,0,0,106
03/07/2017,JNU,AK,AAL,WE,Towers with Radar,20,3,2,0,25,2,49,8,4,63,22,52,10,4,88,0,0,0,88
03/08/2017,JNU,AK,AAL,WE,Towers with Radar,19,1,5,0,25,0,55,14,1,70,19,56,19,1,95,18,0,18,113
03/09/2017,JNU,AK,AAL,WE,Towers with Radar,20,7,3,0,30,2,40,10,3,55,22,47,13,3,85,20,0,20,105
03/10/2017,JNU,AK,AAL,WE,Towers with Radar,15,3,0,0,18,0,66,11,0,77,15,69,11,0,95,4,0,4,99
03/11/2017,JNU,AK,AAL,WE,Towers with Radar,16,6,0,0,22,0,54,12,0,66,16,60,12,0,88,28,0,28,116
03/12/2017,JNU,AK,AAL,WE,Towers with Radar,18,2,0,0,20,0,0,0,0,0,18,2,0,0,20,0,0,0,20
03/13/2017,JNU,AK,AAL,WE,Towers with Radar,21,0,1,0,22,0,0,0,0,0,21,0,1,0,22,0,0,0,22
03/14/2017,JNU,AK,AAL,WE,Towers with Radar,20,4,2,0,26,0,16,0,0,16,20,20,2,0,42,3,0,3,45
03/15/2017,JNU,AK,AAL,WE,Towers with Radar,19,6,7,0,32,0,22,0,2,24,19,28,7,2,56,28,0,28,84
03/16/2017,JNU,AK,AAL,WE,Towers with Radar,20,16,1,0,37,0,37,4,0,41,20,53,5,0,78,34,0,34,112
03/17/2017,JNU,AK,AAL,WE,Towers with Radar,17,12,1,0,30,0,69,12,5,86,17,81,13,5,116,24,0,24,140
03/18/2017,JNU,AK,AAL,WE,Towers with Radar,20,5,0,1,26,0,75,15,0,90,20,80,15,1,116,27,0,27,143
03/19/2017,JNU,AK,AAL,WE,Towers with Radar,18,12,0,0,30,1,39,18,2,60,19,51,18,2,90,0,0,0,90
03/20/2017,JNU,AK,AAL,WE,Towers with Radar,13,13,3,0,29,0,43,13,2,58,13,56,16,2,87,24,0,24,111
03/21/2017,JNU,AK,AAL,WE,Towers with Radar,18,5,2,0,25,4,92,14,3,113,22,97,16,3,138,8,0,8,146
03/22/2017,JNU,AK,AAL,WE,Towers with Radar,24,1,3,0,28,1,81,22,2,106,25,82,25,2,134,26,0,26,160
03/23/2017,JNU,AK,AAL,WE,Towers with Radar,15,11,1,1,28,0,31,7,0,38,15,42,8,1,66,0,0,0,66
03/24/2017,JNU,AK,AAL,WE,Towers with Radar,21,2,0,0,23,0,107,24,0,131,21,109,24,0,154,51,0,51,205
03/25/2017,JNU,AK,AAL,WE,Towers with Radar,16,8,4,0,28,0,53,12,1,66,16,61,16,1,94,12,10,22,116
03/26/2017,JNU,AK,AAL,WE,Towers with Radar,16,0,0,0,16,1,47,13,0,61,17,47,13,0,77,0,0,0,77
03/27/2017,JNU,AK,AAL,WE,Towers with Radar,18,10,0,0,28,0,43,5,0,48,18,53,5,0,76,0,0,0,76
03/28/2017,JNU,AK,AAL,WE,Towers with Radar,20,13,5,0,38,1,96,14,0,111,21,109,19,0,149,26,0,26,175
03/29/2017,JNU,AK,AAL,WE,Towers with Radar,19,9,2,0,30,0,68,9,3,80,19,77,11,3,110,20,0,20,130
03/30/2017,JNU,AK,AAL,WE,Towers with Radar,20,2,5,1,28,0,89,6,1,96,20,91,11,2,124,20,0,20,144
03/31/2017,JNU,AK,AAL,WE,Towers with Radar,19,11,2,0,32,0,104,11,0,115,19,115,13,0,147,10,0,10,157
04/01/2017,JNU,AK,AAL,WE,Towers with Radar,17,9,3,1,30,1,63,6,0,70,18,72,9,1,100,0,0,0,100
04/02/2017,JNU,AK,AAL,WE,Towers with Radar,20,2,0,0,22,0,57,8,0,65,20,59,8,0,87,0,0,0,87
04/03/2017,JNU,AK,AAL,WE,Towers with Radar,20,6,3,1,30,0,58,20,2,80,20,64,23,3,110,6,0,6,116
04/04/2017,JNU,AK,AAL,WE,Towers with Radar,22,5,5,0,32,1,81,16,2,100,23,86,21,2,132,7,0,7,139
04/05/2017,JNU,AK,AAL,WE,Towers with Radar,22,5,5,0,32,0,56,7,0,63,22,61,12,0,95,0,0,0,95
04/06/2017,JNU,AK,AAL,WE,Towers with Radar,24,3,11,0,38,0,96,16,3,115,24,99,27,3,153,2,0,2,155
04/07/2017,JNU,AK,AAL,WE,Towers with Radar,28,3,8,0,39,0,131,41,0,172,28,134,49,0,211,0,0,0,211
04/08/2017,JNU,AK,AAL,WE,Towers with Radar,21,8,6,1,36,1,77,19,0,97,22,85,25,1,133,14,0,14,147
04/09/2017,JNU,AK,AAL,WE,Towers with Radar,22,5,3,0,30,2,52,23,0,77,24,57,26,0,107,0,0,0,107
04/10/2017,JNU,AK,AAL,WE,Towers with Radar,23,12,2,0,37,2,93,35,0,130,25,105,37,0,167,25,0,25,192
04/11/2017,JNU,AK,AAL,WE,Towers with Radar,27,4,6,0,37,2,86,24,3,115,29,90,30,3,152,4,0,4,156
04/12/2017,JNU,AK,AAL,WE,Towers with Radar,22,3,3,2,30,3,108,37,2,150,25,111,40,4,180,36,0,36,216
04/13/2017,JNU,AK,AAL,WE,Towers with Radar,28,2,1,0,31,1,104,39,0,144,29,106,40,0,175,2,0,2,177
04/14/2017,JNU,AK,AAL,WE,Towers with Radar,29,4,6,1,40,0,118,31,2,151,29,122,37,3,191,20,0,20,211
04/15/2017,JNU,AK,AAL,WE,Towers with Radar,22,2,7,0,31,0,129,41,0,170,22,131,48,0,201,16,0,16,217
04/16/2017,JNU,AK,AAL,WE,Towers with Radar,20,3,3,0,26,0,23,43,0,66,20,26,46,0,92,0,0,0,92
04/17/2017,JNU,AK,AAL,WE,Towers with Radar,22,8,4,0,34,0,106,36,1,143,22,114,40,1,177,2,0,2,179
04/18/2017,JNU,AK,AAL,WE,Towers with Radar,27,2,3,1,33,6,126,19,1,152,33,128,22,2,185,0,0,0,185
04/19/2017,JNU,AK,AAL,WE,Towers with Radar,26,7,3,0,36,0,89,20,2,111,26,96,23,2,147,17,0,17,164
04/20/2017,JNU,AK,AAL,WE,Towers with Radar,23,6,0,4,33,0,84,16,0,100,23,90,16,4,133,7,0,7,140
04/21/2017,JNU,AK,AAL,WE,Towers with Radar,25,9,5,0,39,1,79,22,0,102,26,88,27,0,141,15,0,15,156
04/22/2017,JNU,AK,AAL,WE,Towers with Radar,24,3,3,0,30,0,89,39,1,129,24,92,42,1,159,7,0,7,166
04/23/2017,JNU,AK,AAL,WE,Towers with Radar,25,5,6,0,36,0,88,52,0,140,25,93,58,0,176,4,0,4,180
04/24/2017,JNU,AK,AAL,WE,Towers with Radar,24,6,9,0,39,0,145,40,0,185,24,151,49,0,224,4,0,4,228
04/25/2017,JNU,AK,AAL,WE,Towers with Radar,25,6,2,1,34,1,227,44,0,272,26,233,46,1,306,14,0,14,320
04/26/2017,JNU,AK,AAL,WE,Towers with Radar,25,5,3,1,34,2,156,26,0,184,27,161,29,1,218,34,0,34,252
04/27/2017,JNU,AK,AAL,WE,Towers with Radar,25,9,5,0,39,1,99,29,1,130,26,108,34,1,169,36,0,36,205
04/28/2017,JNU,AK,AAL,WE,Towers with Radar,25,14,6,0,45,2,143,39,0,184,27,157,45,0,229,68,0,68,297
04/29/2017,JNU,AK,AAL,WE,Towers with Radar,21,4,5,2,32,0,136,37,3,176,21,140,42,5,208,12,2,14,222
04/30/2017,JNU,AK,AAL,WE,Towers with Radar,22,4,8,0,34,1,117,29,2,149,23,121,37,2,183,4,0,4,187
05/01/2017,JNU,AK,AAL,WE,Towers with Radar,24,13,3,1,41,1,205,21,3,230,25,218,24,4,271,0,0,0,271
05/02/2017,JNU,AK,AAL,WE,Towers with Radar,27,9,5,0,41,0,180,25,2,207,27,189,30,2,248,4,0,4,252
05/03/2017,JNU,AK,AAL,WE,Towers with Radar,21,7,3,0,31,0,131,8,0,139,21,138,11,0,170,8,0,8,178
05/04/2017,JNU,AK,AAL,WE,Towers with Radar,30,6,4,0,40,2,280,57,1,340,32,286,61,1,380,22,0,22,402
05/05/2017,JNU,AK,AAL,WE,Towers with Radar,29,8,2,0,39,2,185,71,0,258,31,193,73,0,297,20,0,20,317
05/06/2017,JNU,AK,AAL,WE,Towers with Radar,20,4,4,1,29,1,148,67,2,218,21,152,71,3,247,2,0,2,249
05/07/2017,JNU,AK,AAL,WE,Towers with Radar,30,10,2,1,43,1,95,37,1,134,31,105,39,2,177,2,0,2,179
05/08/2017,JNU,AK,AAL,WE,Towers with Radar,25,13,8,2,48,1,205,33,0,239,26,218,41,2,287,2,0,2,289
05/09/2017,JNU,AK,AAL,WE,Towers with Radar,30,8,8,0,46,3,338,48,0,389,33,346,56,0,435,4,0,4,439
05/10/2017,JNU,AK,AAL,WE,Towers with Radar,24,8,5,0,37,3,251,46,1,301,27,259,51,1,338,2,0,2,340
05/11/2017,JNU,AK,AAL,WE,Towers with Radar,29,7,1,0,37,3,215,39,0,257,32,222,40,0,294,4,0,4,298
05/12/2017,JNU,AK,AAL,WE,Towers with Radar,28,15,5,2,50,2,240,32,0,274,30,255,37,2,324,0,0,0,324
05/13/2017,JNU,AK,AAL,WE,Towers with Radar,23,21,4,0,48,0,87,16,0,103,23,108,20,0,151,18,0,18,169
05/14/2017,JNU,AK,AAL,WE,Towers with Radar,29,5,5,0,39,1,114,23,0,138,30,119,28,0,177,2,0,2,179
05/15/2017,JNU,AK,AAL,WE,Towers with Radar,22,9,6,0,37,2,333,74,0,409,24,342,80,0,446,34,0,34,480
05/16/2017,JNU,AK,AAL,WE,Towers with Radar,30,2,1,0,33,0,378,58,3,439,30,380,59,3,472,0,0,0,472
05/17/2017,JNU,AK,AAL,WE,Towers with Radar,25,7,9,0,41,1,362,40,0,403,26,369,49,0,444,4,0,4,448
05/18/2017,JNU,AK,AAL,WE,Towers with Radar,28,10,2,1,41,0,185,23,0,208,28,195,25,1,249,0,0,0,249
05/19/2017,JNU,AK,AAL,WE,Towers with Radar,28,26,10,4,68,0,157,16,1,174,28,183,26,5,242,10,0,10,252
05/20/2017,JNU,AK,AAL,WE,Towers with Radar,25,14,7,0,46,1,262,31,2,296,26,276,38,2,342,2,0,2,344
05/21/2017,JNU,AK,AAL,WE,Towers with Radar,33,12,5,2,52,0,30,3,0,33,33,42,8,2,85,0,0,0,85
05/22/2017,JNU,AK,AAL,WE,Towers with Radar,27,11,5,0,43,1,318,33,0,352,28,329,38,0,395,0,0,0,395
05/23/2017,JNU,AK,AAL,WE,Towers with Radar,27,16,3,0,46,1,270,44,0,315,28,286,47,0,361,22,0,22,383
05/24/2017,JNU,AK,AAL,WE,Towers with Radar,38,7,4,0,49,3,345,82,1,431,41,352,86,1,480,32,0,32,512
05/25/2017,JNU,AK,AAL,WE,Towers with Radar,27,6,5,0,38,0,173,27,0,200,27,179,32,0,238,18,0,18,256
05/26/2017,JNU,AK,AAL,WE,Towers with Radar,33,6,2,0,41,1,365,98,1,465,34,371,100,1,506,0,0,0,506
05/27/2017,JNU,AK,AAL,WE,Towers with Radar,30,5,8,0,43,0,290,58,2,350,30,295,66,2,393,6,0,6,399
05/28/2017,JNU,AK,AAL,WE,Towers with Radar,22,5,3,0,30,0,394,79,0,473,22,399,82,0,503,2,0,2,505
05/29/2017,JNU,AK,AAL,WE,Towers with Radar,23,1,4,0,28,1,305,54,0,360,24,306,58,0,388,0,0,0,388
05/30/2017,JNU,AK,AAL,WE,Towers with Radar,23,3,2,0,28,2,463,42,0,507,25,466,44,0,535,0,0,0,535
05/31/2017,JNU,AK,AAL,WE,Towers with Radar,31,13,8,0,52,0,388,49,1,438,31,401,57,1,490,0,0,0,490
06/01/2017,JNU,AK,AAL,WE,Towers with Radar,30,5,3,0,38,3,365,47,0,415,33,370,50,0,453,10,0,10,463
06/02/2017,JNU,AK,AAL,WE,Towers with Radar,29,9,2,0,40,1,322,59,0,382,30,331,61,0,422,6,0,6,428
06/03/2017,JNU,AK,AAL,WE,Towers with Radar,26,4,7,0,37,2,289,69,2,362,28,293,76,2,399,46,0,46,445
06/04/2017,JNU,AK,AAL,WE,Towers with Radar,31,9,3,0,43,5,397,37,0,439,36,406,40,0,482,0,0,0,482
06/05/2017,JNU,AK,AAL,WE,Towers with Radar,39,11,3,0,53,2,340,18,0,360,41,351,21,0,413,3,0,3,416
06/06/2017,JNU,AK,AAL,WE,Towers with Radar,39,7,3,1,50,5,461,60,1,527,44,468,63,2,577,7,0,7,584
06/07/2017,JNU,AK,AAL,WE,Towers with Radar,29,4,6,0,39,4,397,48,1,450,33,401,54,1,489,16,0,16,505
06/08/2017,JNU,AK,AAL,WE,Towers with Radar,32,3,3,0,38,5,395,41,0,441,37,398,44,0,479,2,0,2,481
06/09/2017,JNU,AK,AAL,WE,Towers with Radar,36,12,5,1,54,1,126,17,0,144,37,138,22,1,198,16,0,16,214
06/10/2017,JNU,AK,AAL,WE,Towers with Radar,31,11,1,0,43,1,247,37,2,287,32,258,38,2,330,29,0,29,359
06/11/2017,JNU,AK,AAL,WE,Towers with Radar,34,11,1,0,46,0,216,30,0,246,34,227,31,0,292,2,0,2,294
06/12/2017,JNU,AK,AAL,WE,Towers with Radar,31,11,4,0,46,0,359,42,0,401,31,370,46,0,447,12,0,12,459
06/13/2017,JNU,AK,AAL,WE,Towers with Radar,36,7,7,0,50,0,428,37,0,465,36,435,44,0,515,22,0,22,537
06/14/2017,JNU,AK,AAL,WE,Towers with Radar,34,6,0,0,40,5,360,47,1,413,39,366,47,1,453,14,0,14,467
06/15/2017,JNU,AK,AAL,WE,Towers with Radar,35,12,16,0,63,1,406,41,0,448,36,418,57,0,511,7,0,7,518
06/16/2017,JNU,AK,AAL,WE,Towers with Radar,33,10,1,0,44,1,226,38,9,274,34,236,39,9,318,4,0,4,322
06/17/2017,JNU,AK,AAL,WE,Towers with Radar,38,6,2,0,46,0,233,43,1,277,38,239,45,1,323,18,0,18,341
06/18/2017,JNU,AK,AAL,WE,Towers with Radar,29,3,1,0,33,6,437,67,0,510,35,440,68,0,543,16,0,16,559
06/19/2017,JNU,AK,AAL,WE,Towers with Radar,33,7,7,0,47,3,357,25,0,385,36,364,32,0,432,12,0,12,444
06/20/2017,JNU,AK,AAL,WE,Towers with Radar,35,3,7,0,45,2,412,42,0,456,37,415,49,0,501,0,0,0,501
06/21/2017,JNU,AK,AAL,WE,Towers with Radar,33,11,4,0,48,8,404,40,2,454,41,415,44,2,502,0,0,0,502
06/22/2017,JNU,AK,AAL,WE,Towers with Radar,33,8,4,0,45,5,416,55,1,477,38,424,59,1,522,18,0,18,540
06/23/2017,JNU,AK,AAL,WE,Towers with Radar,39,5,5,0,49,5,399,83,1,488,44,404,88,1,537,6,0,6,543
06/24/2017,JNU,AK,AAL,WE,Towers with Radar,27,12,3,0,42,2,216,37,0,255,29,228,40,0,297,0,0,0,297
06/25/2017,JNU,AK,AAL,WE,Towers with Radar,37,7,6,0,50,0,311,38,0,349,37,318,44,0,399,12,0,12,411
06/26/2017,JNU,AK,AAL,WE,Towers with Radar,33,56,13,0,102,1,131,26,0,158,34,187,39,0,260,0,0,0,260
06/27/2017,JNU,AK,AAL,WE,Towers with Radar,42,8,4,0,54,0,441,50,0,491,42,449,54,0,545,26,0,26,571
06/28/2017,JNU,AK,AAL,WE,Towers with Radar,32,6,8,0,46,3,369,72,1,445,35,375,80,1,491,4,0,4,495
06/29/2017,JNU,AK,AAL,WE,Towers with Radar,31,4,2,0,37,4,530,57,0,591,35,534,59,0,628,0,0,0,628
06/30/2017,JNU,AK,AAL,WE,Towers with Radar,47,18,9,0,74,0,318,33,2,353,47,336,42,2,427,0,0,0,427
07/01/2017,JNU,AK,AAL,WE,Towers with Radar,33,41,9,0,83,0,80,10,0,90,33,121,19,0,173,0,0,0,173
07/02/2017,JNU,AK,AAL,WE,Towers with Radar,38,22,5,0,65,0,144,19,0,163,38,166,24,0,228,4,0,4,232
07/03/2017,JNU,AK,AAL,WE,Towers with Radar,36,12,0,1,49,0,439,55,0,494,36,451,55,1,543,4,0,4,547
07/04/2017,JNU,AK,AAL,WE,Towers with Radar,32,9,5,1,47,2,34,11,0,47,34,43,16,1,94,0,0,0,94
07/05/2017,JNU,AK,AAL,WE,Towers with Radar,37,25,2,0,64,2,415,62,1,480,39,440,64,1,544,0,0,0,544
07/06/2017,JNU,AK,AAL,WE,Towers with Radar,32,6,5,0,43,2,425,65,0,492,34,431,70,0,535,0,0,0,535
07/07/2017,JNU,AK,AAL,WE,Towers with Radar,40,8,8,0,56,0,363,96,3,462,40,371,104,3,518,6,0,6,524
07/08/2017,JNU,AK,AAL,WE,Towers with Radar,31,14,4,12,61,0,246,44,0,290,31,260,48,12,351,8,0,8,359
07/09/2017,JNU,AK,AAL,WE,Towers with Radar,31,13,6,1,51,1,221,32,0,254,32,234,38,1,305,0,0,0,305
07/10/2017,JNU,AK,AAL,WE,Towers with Radar,30,8,6,1,45,0,361,50,4,415,30,369,56,5,460,14,0,14,474
07/11/2017,JNU,AK,AAL,WE,Towers with Radar,39,20,10,1,70,1,367,22,1,391,40,387,32,2,461,0,0,0,461
07/12/2017,JNU,AK,AAL,WE,Towers with Radar,40,10,6,0,56,1,502,74,0,577,41,512,80,0,633,6,0,6,639
07/13/2017,JNU,AK,AAL,WE,Towers with Radar,44,9,6,0,59,1,212,44,2,259,45,221,50,2,318,32,0,32,350
07/14/2017,JNU,AK,AAL,WE,Towers with Radar,43,11,3,0,57,4,232,49,0,285,47,243,52,0,342,6,0,6,348
07/15/2017,JNU,AK,AAL,WE,Towers with Radar,36,7,9,0,52,0,349,69,1,419,36,356,78,1,471,0,0,0,471
07/16/2017,JNU,AK,AAL,WE,Towers with Radar,34,23,2,0,59,0,198,42,0,240,34,221,44,0,299,0,0,0,299
07/17/2017,JNU,AK,AAL,WE,Towers with Radar,34,5,12,0,51,1,364,46,0,411,35,369,58,0,462,0,0,0,462
07/18/2017,JNU,AK,AAL,WE,Towers with Radar,36,8,7,0,51,2,534,61,1,598,38,542,68,1,649,0,16,16,665
07/19/2017,JNU,AK,AAL,WE,Towers with Radar,33,3,8,0,44,1,450,58,1,510,34,453,66,1,554,16,0,16,570
07/20/2017,JNU,AK,AAL,WE,Towers with Radar,30,3,5,0,38,2,403,59,0,464,32,406,64,0,502,0,0,0,502
07/21/2017,JNU,AK,AAL,WE,Towers with Radar,30,4,4,4,42,1,392,71,7,471,31,396,75,11,513,4,2,6,519
07/22/2017,JNU,AK,AAL,WE,Towers with Radar,29,10,9,1,49,0,264,51,1,316,29,274,60,2,365,20,0,20,385
07/23/2017,JNU,AK,AAL,WE,Towers with Radar,35,35,7,0,77,0,382,56,0,438,35,417,63,0,515,4,0,4,519
07/24/2017,JNU,AK,AAL,WE,Towers with Radar,31,20,4,0,55,0,626,82,0,708,31,646,86,0,763,6,0,6,769
07/25/2017,JNU,AK,AAL,WE,Towers with Radar,32,11,0,0,43,5,524,63,0,592,37,535,63,0,635,14,0,14,649
07/26/2017,JNU,AK,AAL,WE,Towers with Radar,31,14,5,1,51,0,87,11,2,100,31,101,16,3,151,0,0,0,151
07/27/2017,JNU,AK,AAL,WE,Towers with Radar,35,13,5,0,53,0,178,46,2,226,35,191,51,2,279,0,0,0,279
07/28/2017,JNU,AK,AAL,WE,Towers with Radar,39,8,9,0,56,0,225,65,0,290,39,233,74,0,346,0,0,0,346
07/29/2017,JNU,AK,AAL,WE,Towers with Radar,26,9,4,0,39,2,440,56,0,498,28,449,60,0,537,20,0,20,557
07/30/2017,JNU,AK,AAL,WE,Towers with Radar,36,8,3,0,47,1,589,75,1,666,37,597,78,1,713,2,0,2,715
07/31/2017,JNU,AK,AAL,WE,Towers with Radar,34,7,4,0,45,4,508,81,0,593,38,515,85,0,638,4,0,4,642
08/01/2017,JNU,AK,AAL,WE,Towers with Radar,37,6,1,0,44,7,577,59,0,643,44,583,60,0,687,0,0,0,687
08/02/2017,JNU,AK,AAL,WE,Towers with Radar,37,5,2,0,44,1,475,51,0,527,38,480,53,0,571,6,0,6,577
08/03/2017,JNU,AK,AAL,WE,Towers with Radar,29,3,5,0,37,1,382,62,0,445,30,385,67,0,482,2,0,2,484
08/04/2017,JNU,AK,AAL,WE,Towers with Radar,40,9,6,0,55,7,391,79,1,478,47,400,85,1,533,8,0,8,541
08/05/2017,JNU,AK,AAL,WE,Towers with Radar,30,8,12,0,50,4,504,75,0,583,34,512,87,0,633,4,0,4,637
08/06/2017,JNU,AK,AAL,WE,Towers with Radar,36,5,10,0,51,0,450,94,0,544,36,455,104,0,595,0,0,0,595
08/07/2017,JNU,AK,AAL,WE,Towers with Radar,35,3,12,0,50,1,549,64,0,614,36,552,76,0,664,0,0,0,664
08/08/2017,JNU,AK,AAL,WE,Towers with Radar,32,4,4,0,40,7,537,74,0,618,39,541,78,0,658,10,0,10,668
08/09/2017,JNU,AK,AAL,WE,Towers with Radar,30,9,4,0,43,4,532,58,0,594,34,541,62,0,637,0,0,0,637
08/10/2017,JNU,AK,AAL,WE,Towers with Radar,29,5,6,0,40,7,468,62,2,539,36,473,68,2,579,0,0,0,579
08/11/2017,JNU,AK,AAL,WE,Towers with Radar,38,11,4,0,53,1,463,50,0,514,39,474,54,0,567,0,0,0,567
08/12/2017,JNU,AK,AAL,WE,Towers with Radar,29,12,6,0,47,2,341,46,0,389,31,353,52,0,436,0,0,0,436
08/13/2017,JNU,AK,AAL,WE,Towers with Radar,31,8,10,0,49,5,438,49,0,492,36,446,59,0,541,2,0,2,543
08/14/2017,JNU,AK,AAL,WE,Towers with Radar,32,6,7,0,45,2,407,42,1,452,34,413,49,1,497,6,0,6,503
08/15/2017,JNU,AK,AAL,WE,Towers with Radar,30,19,9,0,58,1,256,20,0,277,31,275,29,0,335,0,0,0,335
08/16/2017,JNU,AK,AAL,WE,Towers with Radar,28,12,8,1,49,0,41,13,1,55,28,53,21,2,104,0,0,0,104
08/17/2017,JNU,AK,AAL,WE,Towers with Radar,32,12,13,0,57,0,278,22,1,301,32,290,35,1,358,0,0,0,358
08/18/2017,JNU,AK,AAL,WE,Towers with Radar,35,6,3,2,46,1,227,37,2,267,36,233,40,4,313,12,0,12,325
08/19/2017,JNU,AK,AAL,WE,Towers with Radar,35,12,9,0,56,1,260,33,0,294,36,272,42,0,350,0,0,0,350
08/20/2017,JNU,AK,AAL,WE,Towers with Radar,23,9,4,0,36,0,404,49,0,453,23,413,53,0,489,0,0,0,489
08/21/2017,JNU,AK,AAL,WE,Towers with Radar,37,16,6,0,59,1,212,14,2,229,38,228,20,2,288,0,0,0,288
08/22/2017,JNU,AK,AAL,WE,Towers with Radar,41,14,16,0,71,1,192,25,2,220,42,206,41,2,291,0,0,0,291
08/23/2017,JNU,AK,AAL,WE,Towers with Radar,40,10,3,0,53,0,398,32,0,430,40,408,35,0,483,18,0,18,501
08/24/2017,JNU,AK,AAL,WE,Towers with Radar,41,11,5,0,57,1,342,39,2,384,42,353,44,2,441,12,0,12,453
08/25/2017,JNU,AK,AAL,WE,Towers with Radar,41,19,10,2,72,0,217,18,0,235,41,236,28,2,307,0,0,0,307
08/26/2017,JNU,AK,AAL,WE,Towers with Radar,35,13,3,1,52,1,266,42,1,310,36,279,45,2,362,0,0,0,362
08/27/2017,JNU,AK,AAL,WE,Towers with Radar,40,10,4,0,54,1,352,36,2,391,41,362,40,2,445,0,0,0,445
08/28/2017,JNU,AK,AAL,WE,Towers with Radar,34,16,3,2,55,1,318,93,2,414,35,334,96,4,469,0,0,0,469
08/29/2017,JNU,AK,AAL,WE,Towers with Radar,29,8,1,0,38,0,449,52,0,501,29,457,53,0,539,9,0,9,548
08/30/2017,JNU,AK,AAL,WE,Towers with Radar,32,12,2,0,46,0,240,17,0,257,32,252,19,0,303,4,0,4,307
08/31/2017,JNU,AK,AAL,WE,Towers with Radar,36,14,6,0,56,0,215,17,2,234,36,229,23,2,290,3,0,3,293
09/01/2017,JNU,AK,AAL,WE,Towers with Radar,27,11,4,4,46,0,170,92,0,262,27,181,96,4,308,0,0,0,308
09/02/2017,JNU,AK,AAL,WE,Towers with Radar,30,14,2,0,46,0,318,45,3,366,30,332,47,3,412,24,0,24,436
09/03/2017,JNU,AK,AAL,WE,Towers with Radar,24,4,0,0,28,0,393,49,1,443,24,397,49,1,471,4,0,4,475
09/04/2017,JNU,AK,AAL,WE,Towers with Radar,29,6,2,0,37,0,97,10,1,108,29,103,12,1,145,0,0,0,145
09/05/2017,JNU,AK,AAL,WE,Towers with Radar,30,13,3,0,46,1,381,47,1,430,31,394,50,1,476,8,0,8,484
09/06/2017,JNU,AK,AAL,WE,Towers with Radar,38,13,2,1,54,0,212,23,3,238,38,225,25,4,292,2,0,2,294
09/07/2017,JNU,AK,AAL,WE,Towers with Radar,28,9,2,2,41,0,339,22,0,361,28,348,24,2,402,0,0,0,402
09/08/2017,JNU,AK,AAL,WE,Towers with Radar,28,12,4,2,46,0,237,12,0,249,28,249,16,2,295,6,0,6,301
09/09/2017,JNU,AK,AAL,WE,Towers with Radar,24,11,7,0,42,0,103,16,0,119,24,114,23,0,161,4,0,4,165
09/10/2017,JNU,AK,AAL,WE,Towers with Radar,21,12,3,2,38,1,236,18,2,257,22,248,21,4,295,0,0,0,295
09/11/2017,JNU,AK,AAL,WE,Towers with Radar,22,7,6,1,36,0,240,27,0,267,22,247,33,1,303,2,0,2,305
09/12/2017,JNU,AK,AAL,WE,Towers with Radar,29,6,3,3,41,0,263,46,7,316,29,269,49,10,357,0,12,12,369
09/13/2017,JNU,AK,AAL,WE,Towers with Radar,27,7,3,0,37,0,321,37,2,360,27,328,40,2,397,0,0,0,397
09/14/2017,JNU,AK,AAL,WE,Towers with Radar,27,4,4,0,35,1,256,31,1,289,28,260,35,1,324,16,0,16,340
09/15/2017,JNU,AK,AAL,WE,Towers with Radar,25,10,2,0,37,2,227,24,0,253,27,237,26,0,290,4,0,4,294
09/16/2017,JNU,AK,AAL,WE,Towers with Radar,25,5,1,0,31,0,129,30,0,159,25,134,31,0,190,0,0,0,190
09/17/2017,JNU,AK,AAL,WE,Towers with Radar,27,8,2,0,37,0,83,15,0,98,27,91,17,0,135,0,0,0,135
09/18/2017,JNU,AK,AAL,WE,Towers with Radar,21,11,6,0,38,0,195,18,0,213,21,206,24,0,251,8,0,8,259
09/19/2017,JNU,AK,AAL,WE,Towers with Radar,27,5,3,0,35,0,238,47,0,285,27,243,50,0,320,2,0,2,322
09/20/2017,JNU,AK,AAL,WE,Towers with Radar,27,5,3,0,35,1,178,34,0,213,28,183,37,0,248,0,0,0,248
09/21/2017,JNU,AK,AAL,WE,Towers with Radar,30,8,4,0,42,0,191,24,0,215,30,199,28,0,257,0,0,0,257
09/22/2017,JNU,AK,AAL,WE,Towers with Radar,34,13,6,0,53,0,12,2,2,16,34,25,8,2,69,0,0,0,69
09/23/2017,JNU,AK,AAL,WE,Towers with Radar,22,10,4,2,38,0,25,7,0,32,22,35,11,2,70,0,0,0,70
09/24/2017,JNU,AK,AAL,WE,Towers with Radar,29,12,6,2,49,0,107,24,0,131,29,119,30,2,180,0,0,0,180
09/25/2017,JNU,AK,AAL,WE,Towers with Radar,24,5,5,0,34,0,214,36,0,250,24,219,41,0,284,0,0,0,284
09/26/2017,JNU,AK,AAL,WE,Towers with Radar,25,16,4,1,46,0,35,4,1,40,25,51,8,2,86,0,0,0,86
09/27/2017,JNU,AK,AAL,WE,Towers with Radar,24,11,5,0,40,1,98,5,1,105,25,109,10,1,145,0,0,0,145
09/28/2017,JNU,AK,AAL,WE,Towers with Radar,27,4,0,0,31,0,112,29,1,142,27,116,29,1,173,0,0,0,173
09/29/2017,JNU,AK,AAL,WE,Towers with Radar,29,6,3,0,38,3,87,38,0,128,32,93,41,0,166,0,0,0,166
09/30/2017,JNU,AK,AAL,WE,Towers with Radar,19,6,3,0,28,1,109,27,0,137,20,115,30,0,165,5,0,5,170
10/01/2017,JNU,AK,AAL,WE,Towers with Radar,19,5,9,0,33,0,89,52,0,141,19,94,61,0,174,0,0,0,174
10/02/2017,JNU,AK,AAL,WE,Towers with Radar,18,2,0,0,20,1,114,32,0,147,19,116,32,0,167,13,0,13,180
10/03/2017,JNU,AK,AAL,WE,Towers with Radar,17,19,5,0,41,0,59,10,6,75,17,78,15,6,116,8,0,8,124
10/04/2017,JNU,AK,AAL,WE,Towers with Radar,14,6,1,0,21,2,106,25,0,133,16,112,26,0,154,0,0,0,154
10/05/2017,JNU,AK,AAL,WE,Towers with Radar,15,9,4,0,28,0,64,12,0,76,15,73,16,0,104,0,0,0,104
10/06/2017,JNU,AK,AAL,WE,Towers with Radar,18,8,3,0,29,0,97,14,0,111,18,105,17,0,140,0,0,0,140
10/07/2017,JNU,AK,AAL,WE,Towers with Radar,19,8,0,0,27,2,81,51,0,134,21,89,51,0,161,0,0,0,161
10/08/2017,JNU,AK,AAL,WE,Towers with Radar,19,10,0,0,29,0,45,3,0,48,19,55,3,0,77,0,0,0,77
10/09/2017,JNU,AK,AAL,WE,Towers with Radar,17,5,0,0,22,0,81,31,0,112,17,86,31,0,134,11,0,11,145
10/10/2017,JNU,AK,AAL,WE,Towers with Radar,20,4,6,2,32,3,71,25,0,99,23,75,31,2,131,4,10,14,145
10/11/2017,JNU,AK,AAL,WE,Towers with Radar,15,2,3,0,20,1,75,31,2,109,16,77,34,2,129,4,22,26,155
10/12/2017,JNU,AK,AAL,WE,Towers with Radar,16,5,3,0,24,0,106,42,3,151,16,111,45,3,175,34,0,34,209
10/13/2017,JNU,AK,AAL,WE,Towers with Radar,22,15,1,0,38,0,50,14,1,65,22,65,15,1,103,0,0,0,103
10/14/2017,JNU,AK,AAL,WE,Towers with Radar,21,8,0,1,30,0,86,18,0,104,21,94,18,1,134,5,0,5,139
10/15/2017,JNU,AK,AAL,WE,Towers with Radar,16,7,2,0,25,0,60,11,0,71,16,67,13,0,96,0,0,0,96
10/16/2017,JNU,AK,AAL,WE,Towers with Radar,19,4,2,1,26,0,82,20,0,102,19,86,22,1,128,12,0,12,140
10/17/2017,JNU,AK,AAL,WE,Towers with Radar,18,5,3,0,26,0,69,20,0,89,18,74,23,0,115,0,0,0,115
10/18/2017,JNU,AK,AAL,WE,Towers with Radar,20,11,3,0,34,0,79,11,2,92,20,90,14,2,126,10,0,10,136
10/19/2017,JNU,AK,AAL,WE,Towers with Radar,15,2,4,0,21,0,67,15,0,82,15,69,19,0,103,0,0,0,103
10/20/2017,JNU,AK,AAL,WE,Towers with Radar,19,9,3,0,31,0,66,21,0,87,19,75,24,0,118,12,0,12,130
10/21/2017,JNU,AK,AAL,WE,Towers with Radar,18,5,1,0,24,1,68,29,0,98,19,73,30,0,122,30,0,30,152
10/22/2017,JNU,AK,AAL,WE,Towers with Radar,16,6,0,0,22,2,49,15,0,66,18,55,15,0,88,4,0,4,92
10/23/2017,JNU,AK,AAL,WE,Towers with Radar,18,2,5,0,25,0,55,22,0,77,18,57,27,0,102,8,0,8,110
10/24/2017,JNU,AK,AAL,WE,Towers with Radar,17,6,2,0,25,1,76,38,0,115,18,82,40,0,140,22,0,22,162
10/25/2017,JNU,AK,AAL,WE,Towers with Radar,19,4,1,1,25,0,100,35,1,136,19,104,36,2,161,8,0,8,169
10/26/2017,JNU,AK,AAL,WE,Towers with Radar,16,12,2,1,31,0,22,8,0,30,16,34,10,1,61,0,0,0,61
10/27/2017,JNU,AK,AAL,WE,Towers with Radar,17,2,1,0,20,0,28,10,2,40,17,30,11,2,60,8,0,8,68
10/28/2017,JNU,AK,AAL,WE,Towers with Radar,23,15,1,0,39,0,70,22,0,92,23,85,23,0,131,0,0,0,131
10/29/2017,JNU,AK,AAL,WE,Towers with Radar,8,7,4,0,19,0,7,1,0,8,8,14,5,0,27,4,0,4,31
10/30/2017,JNU,AK,AAL,WE,Towers with Radar,20,6,2,0,28,0,50,6,0,56,20,56,8,0,84,0,0,0,84
10/31/2017,JNU,AK,AAL,WE,Towers with Radar,17,4,3,0,24,0,71,18,0,89,17,75,21,0,113,27,0,27,140
11/01/2017,JNU,AK,AAL,WE,Towers with Radar,23,3,1,0,27,0,73,22,1,96,23,76,23,1,123,2,0,2,125
11/02/2017,JNU,AK,AAL,WE,Towers with Radar,19,0,0,1,20,0,78,30,0,108,19,78,30,1,128,2,0,2,130
11/03/2017,JNU,AK,AAL,WE,Towers with Radar,16,4,7,0,27,0,104,31,0,135,16,108,38,0,162,12,0,12,174
11/04/2017,JNU,AK,AAL,WE,Towers with Radar,14,1,0,0,15,1,59,23,0,83,15,60,23,0,98,26,0,26,124
11/05/2017,JNU,AK,AAL,WE,Towers with Radar,18,2,1,0,21,0,65,29,1,95,18,67,30,1,116,6,0,6,122
11/06/2017,JNU,AK,AAL,WE,Towers with Radar,20,5,0,0,25,0,79,12,0,91,20,84,12,0,116,10,0,10,126
11/07/2017,JNU,AK,AAL,WE,Towers with Radar,18,1,0,2,21,1,47,4,0,52,19,48,4,2,73,0,0,0,73
11/08/2017,JNU,AK,AAL,WE,Towers with Radar,18,1,1,0,20,0,79,19,3,101,18,80,20,3,121,4,0,4,125
11/09/2017,JNU,AK,AAL,WE,Towers with Radar,23,5,3,0,31,5,116,18,0,139,28,121,21,0,170,2,0,2,172
11/10/2017,JNU,AK,AAL,WE,Towers with Radar,11,3,1,0,15,0,7,4,0,11,11,10,5,0,26,0,0,0,26
11/11/2017,JNU,AK,AAL,WE,Towers with Radar,17,3,1,1,22,0,69,20,0,89,17,72,21,1,111,16,0,16,127
11/12/2017,JNU,AK,AAL,WE,Towers with Radar,18,6,0,0,24,0,79,10,0,89,18,85,10,0,113,0,0,0,113
11/13/2017,JNU,AK,AAL,WE,Towers with Radar,16,3,1,0,20,2,77,7,2,88,18,80,8,2,108,0,0,0,108
11/14/2017,JNU,AK,AAL,WE,Towers with Radar,17,3,1,1,22,0,81,13,0,94,17,84,14,1,116,0,0,0,116
11/15/2017,JNU,AK,AAL,WE,Towers with Radar,23,5,2,0,30,0,52,10,0,62,23,57,12,0,92,4,0,4,96
11/16/2017,JNU,AK,AAL,WE,Towers with Radar,20,4,4,0,28,1,148,22,0,171,21,152,26,0,199,56,0,56,255
11/17/2017,JNU,AK,AAL,WE,Towers with Radar,17,0,2,0,19,0,0,0,0,0,17,0,2,0,19,0,0,0,19
11/18/2017,JNU,AK,AAL,WE,Towers with Radar,18,6,2,0,26,0,15,4,0,19,18,21,6,0,45,0,0,0,45
11/19/2017,JNU,AK,AAL,WE,Towers with Radar,20,3,1,0,24,0,111,28,0,139,20,114,29,0,163,12,0,12,175
11/20/2017,JNU,AK,AAL,WE,Towers with Radar,20,5,1,0,26,0,78,12,2,92,20,83,13,2,118,6,0,6,124
11/21/2017,JNU,AK,AAL,WE,Towers with Radar,23,4,9,0,36,0,60,3,1,64,23,64,12,1,100,4,0,4,104
11/22/2017,JNU,AK,AAL,WE,Towers with Radar,20,4,1,0,25,0,53,4,0,57,20,57,5,0,82,0,0,0,82
11/23/2017,JNU,AK,AAL,WE,Towers with Radar,12,0,0,0,12,0,0,0,0,0,12,0,0,0,12,0,0,0,12
11/24/2017,JNU,AK,AAL,WE,Towers with Radar,19,4,4,0,27,0,18,5,0,23,19,22,9,0,50,0,0,0,50
11/25/2017,JNU,AK,AAL,WE,Towers with Radar,18,10,2,0,30,0,66,13,0,79,18,76,15,0,109,44,0,44,153
11/26/2017,JNU,AK,AAL,WE,Towers with Radar,23,1,1,0,25,2,100,30,0,132,25,101,31,0,157,6,0,6,163
11/27/2017,JNU,AK,AAL,WE,Towers with Radar,21,7,0,0,28,0,3,0,0,3,21,10,0,0,31,0,0,0,31
11/28/2017,JNU,AK,AAL,WE,Towers with Radar,17,3,2,0,22,0,88,12,6,106,17,91,14,6,128,6,27,33,161
11/29/2017,JNU,AK,AAL,WE,Towers with Radar,22,13,5,0,40,0,56,0,0,56,22,69,5,0,96,2,0,2,98
11/30/2017,JNU,AK,AAL,WE,Towers with Radar,17,6,3,0,26,0,45,1,4,50,17,51,4,4,76,0,16,16,92
12/01/2017,JNU,AK,AAL,WE,Towers with Radar,17,4,3,0,24,0,107,23,2,132,17,111,26,2,156,0,0,0,156
12/02/2017,JNU,AK,AAL,WE,Towers with Radar,20,4,1,0,25,0,4,1,0,5,20,8,2,0,30,0,0,0,30
12/03/2017,JNU,AK,AAL,WE,Towers with Radar,18,4,2,0,24,0,63,6,1,70,18,67,8,1,94,0,0,0,94
12/04/2017,JNU,AK,AAL,WE,Towers with Radar,25,10,1,0,36,0,84,1,0,85,25,94,2,0,121,0,0,0,121
12/05/2017,JNU,AK,AAL,WE,Towers with Radar,19,5,8,0,32,0,51,6,2,59,19,56,14,2,91,0,0,0,91
12/06/2017,JNU,AK,AAL,WE,Towers with Radar,17,1,0,0,18,0,58,3,15,76,17,59,3,15,94,0,0,0,94
12/07/2017,JNU,AK,AAL,WE,Towers with Radar,18,0,1,0,19,0,77,12,0,89,18,77,13,0,108,32,0,32,140
12/08/2017,JNU,AK,AAL,WE,Towers with Radar,18,11,5,0,34,0,45,0,0,45,18,56,5,0,79,0,0,0,79
12/09/2017,JNU,AK,AAL,WE,Towers with Radar,15,2,7,0,24,0,40,2,0,42,15,42,9,0,66,8,0,8,74
12/10/2017,JNU,AK,AAL,WE,Towers with Radar,19,3,1,0,23,0,59,17,0,76,19,62,18,0,99,4,0,4,103
12/11/2017,JNU,AK,AAL,WE,Towers with Radar,18,6,5,0,29,0,47,5,0,52,18,53,10,0,81,0,0,0,81
12/12/2017,JNU,AK,AAL,WE,Towers with Radar,18,6,4,0,28,2,59,12,0,73,20,65,16,0,101,16,0,16,117
12/13/2017,JNU,AK,AAL,WE,Towers with Radar,17,8,8,0,33,0,40,4,0,44,17,48,12,0,77,0,0,0,77
12/14/2017,JNU,AK,AAL,WE,Towers with Radar,18,11,7,0,36,4,57,9,0,70,22,68,16,0,106,8,0,8,114
12/15/2017,JNU,AK,AAL,WE,Towers with Radar,19,6,1,2,28,0,201,7,0,208,19,207,8,2,236,8,0,8,244
12/16/2017,JNU,AK,AAL,WE,Towers with Radar,14,11,2,0,27,3,23,4,0,30,17,34,6,0,57,4,0,4,61
12/17/2017,JNU,AK,AAL,WE,Towers with Radar,17,2,0,0,19,0,76,10,0,86,17,78,10,0,105,7,0,7,112
12/18/2017,JNU,AK,AAL,WE,Towers with Radar,22,7,2,0,31,2,85,11,0,98,24,92,13,0,129,0,0,0,129
12/19/2017,JNU,AK,AAL,WE,Towers with Radar,18,5,4,1,28,0,64,17,0,81,18,69,21,1,109,28,2,30,139
12/20/2017,JNU,AK,AAL,WE,Towers with Radar,24,7,13,0,44,0,48,7,2,57,24,55,20,2,101,2,0,2,103
12/21/2017,JNU,AK,AAL,WE,Towers with Radar,20,4,0,0,24,0,104,25,1,130,20,108,25,1,154,8,0,8,162
12/22/2017,JNU,AK,AAL,WE,Towers with Radar,24,5,2,0,31,1,88,32,0,121,25,93,34,0,152,0,0,0,152
12/23/2017,JNU,AK,AAL,WE,Towers with Radar,15,3,0,0,18,1,57,39,2,99,16,60,39,2,117,11,0,11,128
12/24/2017,JNU,AK,AAL,WE,Towers with Radar,17,1,0,0,18,0,36,14,0,50,17,37,14,0,68,0,0,0,68
12/25/2017,JNU,AK,AAL,WE,Towers with Radar,12,2,0,0,14,0,0,9,2,11,12,2,9,2,25,6,0,6,31
12/26/2017,JNU,AK,AAL,WE,Towers with Radar,16,3,1,0,20,1,59,16,8,84,17,62,17,8,104,2,0,2,106
12/27/2017,JNU,AK,AAL,WE,Towers with Radar,23,0,2,0,25,2,65,17,0,84,25,65,19,0,109,10,0,10,119
12/28/2017,JNU,AK,AAL,WE,Towers with Radar,17,4,5,0,26,0,65,8,0,73,17,69,13,0,99,2,0,2,101
12/29/2017,JNU,AK,AAL,WE,Towers with Radar,19,4,2,0,25,0,49,15,0,64,19,53,17,0,89,0,0,0,89
12/30/2017,JNU,AK,AAL,WE,Towers with Radar,17,4,0,0,21,0,63,21,0,84,17,67,21,0,105,22,0,22,127
12/31/2017,JNU,AK,AAL,WE,Towers with Radar,18,2,0,0,20,0,45,18,0,63,18,47,18,0,83,12,0,12,95
01/01/2018,JNU,AK,AAL,WE,Towers with Radar,20,3,0,0,23,0,0,1,0,1,20,3,1,0,24,0,0,0,24
01/02/2018,JNU,AK,AAL,WE,Towers with Radar,22,11,2,0,35,0,45,7,0,52,22,56,9,0,87,0,0,0,87
01/03/2018,JNU,AK,AAL,WE,Towers with Radar,22,12,8,0,42,0,68,10,0,78,22,80,18,0,120,0,0,0,120
01/04/2018,JNU,AK,AAL,WE,Towers with Radar,19,4,3,0,26,0,7,0,0,7,19,11,3,0,33,0,0,0,33
01/05/2018,JNU,AK,AAL,WE,Towers with Radar,18,8,3,1,30,0,65,7,1,73,18,73,10,2,103,0,0,0,103
01/06/2018,JNU,AK,AAL,WE,Towers with Radar,17,10,10,0,37,0,28,3,0,31,17,38,13,0,68,0,0,0,68
01/07/2018,JNU,AK,AAL,WE,Towers with Radar,16,2,0,0,18,0,0,0,0,0,16,2,0,0,18,0,0,0,18
01/08/2018,JNU,AK,AAL,WE,Towers with Radar,16,6,4,0,26,1,138,34,0,173,17,144,38,0,199,6,0,6,205
01/09/2018,JNU,AK,AAL,WE,Towers with Radar,18,13,6,3,40,0,82,6,1,89,18,95,12,4,129,10,0,10,139
01/10/2018,JNU,AK,AAL,WE,Towers with Radar,21,8,2,0,31,1,65,13,0,79,22,73,15,0,110,6,0,6,116
01/11/2018,JNU,AK,AAL,WE,Towers with Radar,22,4,2,2,30,0,56,10,0,66,22,60,12,2,96,8,0,8,104
01/12/2018,JNU,AK,AAL,WE,Towers with Radar,17,6,2,0,25,0,11,0,0,11,17,17,2,0,36,0,0,0,36
01/13/2018,JNU,AK,AAL,WE,Towers with Radar,24,18,0,0,42,0,22,0,0,22,24,40,0,0,64,0,0,0,64
01/14/2018,JNU,AK,AAL,WE,Towers with Radar,20,2,4,0,26,0,48,11,0,59,20,50,15,0,85,8,0,8,93
01/15/2018,JNU,AK,AAL,WE,Towers with Radar,22,4,4,0,30,0,68,24,0,92,22,72,28,0,122,14,0,14,136
01/16/2018,JNU,AK,AAL,WE,Towers with Radar,22,4,5,1,32,0,89,2,1,92,22,93,7,2,124,0,0,0,124
01/17/2018,JNU,AK,AAL,WE,Towers with Radar,17,3,2,0,22,0,90,25,2,117,17,93,27,2,139,40,0,40,179
01/18/2018,JNU,AK,AAL,WE,Towers with Radar,21,0,1,0,22,2,66,10,0,78,23,66,11,0,100,14,0,14,114
01/19/2018,JNU,AK,AAL,WE,Towers with Radar,17,4,1,0,22,0,0,0,0,0,17,4,1,0,22,0,0,0,22
01/20/2018,JNU,AK,AAL,WE,Towers with Radar,17,17,4,0,38,0,55,28,0,83,17,72,32,0,121,40,0,40,161
01/21/2018,JNU,AK,AAL,WE,Towers with Radar,21,6,6,0,33,0,59,24,0,83,21,65,30,0,116,0,0,0,116
01/22/2018,JNU,AK,AAL,WE,Towers with Radar,23,5,4,0,32,0,23,7,0,30,23,28,11,0,62,0,0,0,62
01/23/2018,JNU,AK,AAL,WE,Towers with Radar,23,2,4,2,31,0,87,26,0,113,23,89,30,2,144,34,0,34,178
01/24/2018,JNU,AK,AAL,WE,Towers with Radar,20,9,0,0,29,0,85,6,0,91,20,94,6,0,120,14,0,14,134
01/25/2018,JNU,AK,AAL,WE,Towers with Radar,17,10,0,0,27,0,100,23,0,123,17,110,23,0,150,30,0,30,180
01/26/2018,JNU,AK,AAL,WE,Towers with Radar,19,9,7,0,35,0,103,12,0,115,19,112,19,0,150,22,0,22,172
01/27/2018,JNU,AK,AAL,WE,Towers with Radar,20,3,3,0,26,0,64,33,1,98,20,67,36,1,124,10,0,10,134
01/28/2018,JNU,AK,AAL,WE,Towers with Radar,16,2,2,0,20,0,50,6,0,56,16,52,8,0,76,0,0,0,76
01/29/2018,JNU,AK,AAL,WE,Towers with Radar,20,8,3,0,31,0,44,7,0,51,20,52,10,0,82,0,0,0,82
01/30/2018,JNU,AK,AAL,WE,Towers with Radar,18,2,1,0,21,3,75,12,1,91,21,77,13,1,112,20,0,20,132
01/31/2018,JNU,AK,AAL,WE,Towers with Radar,19,6,4,0,29,3,72,18,0,93,22,78,22,0,122,24,0,24,146
02/01/2018,JNU,AK,AAL,WE,Towers with Radar,18,6,8,2,34,0,70,19,0,89,18,76,27,2,123,14,0,14,137
02/02/2018,JNU,AK,AAL,WE,Towers with Radar,16,1,1,0,18,0,68,10,0,78,16,69,11,0,96,6,2,8,104
02/03/2018,JNU,AK,AAL,WE,Towers with Radar,20,2,2,0,24,0,85,10,0,95,20,87,12,0,119,0,0,0,119
02/04/2018,JNU,AK,AAL,WE,Towers with Radar,18,0,1,0,19,1,52,18,0,71,19,52,19,0,90,4,0,4,94
02/05/2018,JNU,AK,AAL,WE,Towers with Radar,22,4,1,1,28,2,120,34,1,157,24,124,35,2,185,22,0,22,207
02/06/2018,JNU,AK,AAL,WE,Towers with Radar,20,7,3,0,30,0,5,1,0,6,20,12,4,0,36,0,0,0,36
02/07/2018,JNU,AK,AAL,WE,Towers with Radar,18,17,7,0,42,0,44,4,0,48,18,61,11,0,90,2,0,2,92
02/08/2018,JNU,AK,AAL,WE,Towers with Radar,17,4,3,0,24,1,93,10,1,105,18,97,13,1,129,4,6,10,139
02/09/2018,JNU,AK,AAL,WE,Towers with Radar,19,6,0,0,25,2,97,20,2,121,21,103,20,2,146,2,0,2,148
02/10/2018,JNU,AK,AAL,WE,Towers with Radar,18,2,0,0,20,2,58,38,1,99,20,60,38,1,119,0,0,0,119
02/11/2018,JNU,AK,AAL,WE,Towers with Radar,23,3,2,0,28,1,74,36,2,113,24,77,38,2,141,12,0,12,153
02/12/2018,JNU,AK,AAL,WE,Towers with Radar,19,2,0,0,21,0,2,0,0,2,19,4,0,0,23,0,0,0,23
02/13/2018,JNU,AK,AAL,WE,Towers with Radar,21,22,8,0,51,0,39,7,0,46,21,61,15,0,97,0,0,0,97
02/14/2018,JNU,AK,AAL,WE,Towers with Radar,23,2,1,0,26,0,104,28,2,134,23,106,29,2,160,6,0,6,166
02/15/2018,JNU,AK,AAL,WE,Towers with Radar,24,0,0,0,24,0,0,0,0,0,24,0,0,0,24,0,4,4,28
02/16/2018,JNU,AK,AAL,WE,Towers with Radar,18,3,4,0,25,0,124,29,2,155,18,127,33,2,180,24,0,24,204
02/17/2018,JNU,AK,AAL,WE,Towers with Radar,16,2,1,0,19,3,100,19,0,122,19,102,20,0,141,2,0,2,143
02/18/2018,JNU,AK,AAL,WE,Towers with Radar,18,0,0,0,18,1,88,31,0,120,19,88,31,0,138,4,1,5,143
02/19/2018,JNU,AK,AAL,WE,Towers with Radar,16,3,7,0,26,1,86,32,5,124,17,89,39,5,150,6,24,30,180
02/20/2018,JNU,AK,AAL,WE,Towers with Radar,17,5,7,0,29,0,67,22,2,91,17,72,29,2,120,10,0,10,130
02/21/2018,JNU,AK,AAL,WE,Towers with Radar,23,2,2,0,27,1,99,27,4,131,24,101,29,4,158,20,10,30,188
02/22/2018,JNU,AK,AAL,WE,Towers with Radar,21,4,2,0,27,0,36,2,0,38,21,40,4,0,65,0,0,0,65
02/23/2018,JNU,AK,AAL,WE,Towers with Radar,14,4,1,0,19,0,54,11,0,65,14,58,12,0,84,3,0,3,87
02/24/2018,JNU,AK,AAL,WE,Towers with Radar,15,3,1,0,19,0,3,0,0,3,15,6,1,0,22,0,0,0,22
02/25/2018,JNU,AK,AAL,WE,Towers with Radar,19,0,2,0,21,0,55,21,1,77,19,55,23,1,98,0,0,0,98
02/26/2018,JNU,AK,AAL,WE,Towers with Radar,17,4,3,0,24,0,8,2,0,10,17,12,5,0,34,0,0,0,34
02/27/2018,JNU,AK,AAL,WE,Towers with Radar,22,10,3,1,36,1,69,7,3,80,23,79,10,4,116,0,20,20,136
02/28/2018,JNU,AK,AAL,WE,Towers with Radar,22,3,3,0,28,2,37,5,5,49,24,40,8,5,77,0,0,0,77
03/01/2018,JNU,AK,AAL,WE,Towers with Radar,21,4,1,0,26,0,59,12,1,72,21,63,13,1,98,0,0,0,98
03/02/2018,JNU,AK,AAL,WE,Towers with Radar,24,2,3,0,29,0,118,9,1,128,24,120,12,1,157,16,0,16,173
03/03/2018,JNU,AK,AAL,WE,Towers with Radar,17,1,1,0,19,0,95,29,0,124,17,96,30,0,143,0,0,0,143
03/04/2018,JNU,AK,AAL,WE,Towers with Radar,20,3,2,0,25,0,71,9,0,80,20,74,11,0,105,0,0,0,105
03/05/2018,JNU,AK,AAL,WE,Towers with Radar,19,1,3,0,23,0,123,15,2,140,19,124,18,2,163,14,0,14,177
03/06/2018,JNU,AK,AAL,WE,Towers with Radar,20,7,7,0,34,0,89,21,0,110,20,96,28,0,144,0,0,0,144
03/07/2018,JNU,AK,AAL,WE,Towers with Radar,18,8,4,0,30,0,12,3,0,15,18,20,7,0,45,2,0,2,47
03/08/2018,JNU,AK,AAL,WE,Towers with Radar,22,14,7,0,43,1,113,24,2,140,23,127,31,2,183,4,0,4,187
03/09/2018,JNU,AK,AAL,WE,Towers with Radar,17,4,1,0,22,0,25,0,0,25,17,29,1,0,47,0,0,0,47
03/10/2018,JNU,AK,AAL,WE,Towers with Radar,19,7,1,0,27,0,13,2,0,15,19,20,3,0,42,0,0,0,42
03/11/2018,JNU,AK,AAL,WE,Towers with Radar,26,12,2,0,40,0,105,16,4,125,26,117,18,4,165,14,0,14,179
03/12/2018,JNU,AK,AAL,WE,Towers with Radar,24,15,4,0,43,0,43,20,2,65,24,58,24,2,108,8,0,8,116
03/13/2018,JNU,AK,AAL,WE,Towers with Radar,26,7,4,0,37,0,98,17,2,117,26,105,21,2,154,10,0,10,164
03/14/2018,JNU,AK,AAL,WE,Towers with Radar,30,6,2,0,38,0,96,22,0,118,30,102,24,0,156,2,0,2,158
03/15/2018,JNU,AK,AAL,WE,Towers with Radar,30,3,3,0,36,10,125,39,0,174,40,128,42,0,210,0,0,0,210
03/16/2018,JNU,AK,AAL,WE,Towers with Radar,23,7,2,1,33,0,70,12,0,82,23,77,14,1,115,9,0,9,124
03/17/2018,JNU,AK,AAL,WE,Towers with Radar,15,9,4,1,29,0,76,29,0,105,15,85,33,1,134,16,0,16,150
03/18/2018,JNU,AK,AAL,WE,Towers with Radar,18,4,2,0,24,0,59,26,0,85,18,63,28,0,109,4,0,4,113
03/19/2018,JNU,AK,AAL,WE,Towers with Radar,14,10,4,2,30,0,54,5,0,59,14,64,9,2,89,0,0,0,89
03/20/2018,JNU,AK,AAL,WE,Towers with Radar,19,6,11,1,37,0,64,8,0,72,19,70,19,1,109,10,0,10,119
03/21/2018,JNU,AK,AAL,WE,Towers with Radar,18,6,1,0,25,0,145,14,0,159,18,151,15,0,184,8,0,8,192
03/22/2018,JNU,AK,AAL,WE,Towers with Radar,21,7,4,0,32,0,72,9,1,82,21,79,13,1,114,0,0,0,114
03/23/2018,JNU,AK,AAL,WE,Towers with Radar,22,5,0,0,27,0,125,8,0,133,22,130,8,0,160,4,0,4,164
03/24/2018,JNU,AK,AAL,WE,Towers with Radar,18,1,0,0,19,0,96,33,1,130,18,97,33,1,149,7,0,7,156
03/25/2018,JNU,AK,AAL,WE,Towers with Radar,18,1,2,0,21,2,73,26,0,101,20,74,28,0,122,2,0,2,124
03/26/2018,JNU,AK,AAL,WE,Towers with Radar,19,8,4,0,31,0,59,10,0,69,19,67,14,0,100,2,0,2,102
03/27/2018,JNU,AK,AAL,WE,Towers with Radar,30,9,10,0,49,0,36,0,0,36,30,45,10,0,85,8,6,14,99
03/28/2018,JNU,AK,AAL,WE,Towers with Radar,21,5,2,0,28,1,95,25,0,121,22,100,27,0,149,6,0,6,155
03/29/2018,JNU,AK,AAL,WE,Towers with Radar,19,5,3,1,28,0,122,36,0,158,19,127,39,1,186,0,0,0,186
03/30/2018,JNU,AK,AAL,WE,Towers with Radar,18,7,0,0,25,1,102,17,1,121,19,109,17,1,146,4,0,4,150
03/31/2018,JNU,AK,AAL,WE,Towers with Radar,20,2,2,0,24,0,93,18,0,111,20,95,20,0,135,14,0,14,149
04/01/2018,JNU,AK,AAL,WE,Towers with Radar,27,0,0,0,27,1,32,22,0,55,28,32,22,0,82,52,0,52,134
04/02/2018,JNU,AK,AAL,WE,Towers with Radar,30,4,4,0,38,1,97,30,1,129,31,101,34,1,167,10,0,10,177
04/03/2018,JNU,AK,AAL,WE,Towers with Radar,32,2,2,0,36,2,109,23,0,134,34,111,25,0,170,24,0,24,194
04/04/2018,JNU,AK,AAL,WE,Towers with Radar,26,4,1,0,31,1,110,9,2,122,27,114,10,2,153,4,0,4,157
04/05/2018,JNU,AK,AAL,WE,Towers with Radar,27,10,8,0,45,2,110,17,0,129,29,120,25,0,174,0,0,0,174
04/06/2018,JNU,AK,AAL,WE,Towers with Radar,30,5,6,0,41,0,134,23,0,157,30,139,29,0,198,0,0,0,198
04/07/2018,JNU,AK,AAL,WE,Towers with Radar,25,3,3,0,31,0,103,34,0,137,25,106,37,0,168,0,0,0,168
04/08/2018,JNU,AK,AAL,WE,Towers with Radar,19,1,2,0,22,0,99,33,0,132,19,100,35,0,154,0,0,0,154
04/09/2018,JNU,AK,AAL,WE,Towers with Radar,30,10,6,0,46,0,106,13,2,121,30,116,19,2,167,2,8,10,177
04/10/2018,JNU,AK,AAL,WE,Towers with Radar,32,11,4,0,47,1,123,20,0,144,33,134,24,0,191,32,0,32,223
04/11/2018,JNU,AK,AAL,WE,Towers with Radar,27,8,1,0,36,0,126,32,0,158,27,134,33,0,194,0,0,0,194
04/12/2018,JNU,AK,AAL,WE,Towers with Radar,26,6,7,0,39,0,128,23,0,151,26,134,30,0,190,50,0,50,240
04/13/2018,JNU,AK,AAL,WE,Towers with Radar,29,16,5,0,50,0,137,20,3,160,29,153,25,3,210,22,4,26,236
04/14/2018,JNU,AK,AAL,WE,Towers with Radar,22,3,3,0,28,1,92,41,11,145,23,95,44,11,173,58,0,58,231
04/15/2018,JNU,AK,AAL,WE,Towers with Radar,24,0,1,0,25,1,99,37,2,139,25,99,38,2,164,16,0,16,180
04/16/2018,JNU,AK,AAL,WE,Towers with Radar,29,5,2,1,37,1,127,32,1,161,30,132,34,2,198,24,0,24,222
04/17/2018,JNU,AK,AAL,WE,Towers with Radar,26,4,3,4,37,1,132,53,1,187,27,136,56,5,224,14,0,14,238
04/18/2018,JNU,AK,AAL,WE,Towers with Radar,26,14,7,0,47,0,96,12,0,108,26,110,19,0,155,0,0,0,155
04/19/2018,JNU,AK,AAL,WE,Towers with Radar,27,10,10,0,47,0,84,10,0,94,27,94,20,0,141,26,0,26,167
04/20/2018,JNU,AK,AAL,WE,Towers with Radar,24,4,1,0,29,0,182,32,0,214,24,186,33,0,243,14,0,14,257
04/21/2018,JNU,AK,AAL,WE,Towers with Radar,18,8,2,0,28,0,106,43,1,150,18,114,45,1,178,20,0,20,198
04/22/2018,JNU,AK,AAL,WE,Towers with Radar,21,4,6,0,31,0,70,12,0,82,21,74,18,0,113,0,0,0,113
04/23/2018,JNU,AK,AAL,WE,Towers with Radar,25,9,10,0,44,0,79,21,1,101,25,88,31,1,145,0,0,0,145
04/24/2018,JNU,AK,AAL,WE,Towers with Radar,30,7,11,0,48,3,159,32,0,194,33,166,43,0,242,36,0,36,278
04/25/2018,JNU,AK,AAL,WE,Towers with Radar,28,8,3,0,39,1,154,20,0,175,29,162,23,0,214,30,0,30,244
04/26/2018,JNU,AK,AAL,WE,Towers with Radar,32,15,3,0,50,0,105,24,0,129,32,120,27,0,179,6,0,6,185
04/27/2018,JNU,AK,AAL,WE,Towers with Radar,29,1,1,0,31,0,241,60,3,304,29,242,61,3,335,27,0,27,362
04/28/2018,JNU,AK,AAL,WE,Towers with Radar,20,4,1,0,25,0,214,64,0,278,20,218,65,0,303,64,0,64,367
04/29/2018,JNU,AK,AAL,WE,Towers with Radar,25,3,3,0,31,3,165,49,0,217,28,168,52,0,248,32,0,32,280
04/30/2018,JNU,AK,AAL,WE,Towers with Radar,25,5,10,0,40,0,268,44,0,312,25,273,54,0,352,63,0,63,415
05/01/2018,JNU,AK,AAL,WE,Towers with Radar,28,13,8,0,49,0,96,22,0,118,28,109,30,0,167,34,0,34,201
05/02/2018,JNU,AK,AAL,WE,Towers with Radar,29,16,5,2,52,0,265,59,3,327,29,281,64,5,379,27,0,27,406
05/03/2018,JNU,AK,AAL,WE,Towers with Radar,28,3,6,0,37,0,188,32,2,222,28,191,38,2,259,0,0,0,259
05/04/2018,JNU,AK,AAL,WE,Towers with Radar,28,22,5,0,55,0,83,12,0,95,28,105,17,0,150,12,0,12,162
05/05/2018,JNU,AK,AAL,WE,Towers with Radar,29,16,8,1,54,0,87,14,1,102,29,103,22,2,156,0,0,0,156
05/06/2018,JNU,AK,AAL,WE,Towers with Radar,25,19,6,0,50,1,233,47,0,281,26,252,53,0,331,12,0,12,343
05/07/2018,JNU,AK,AAL,WE,Towers with Radar,30,1,3,0,34,0,433,64,0,497,30,434,67,0,531,14,0,14,545
05/08/2018,JNU,AK,AAL,WE,Towers with Radar,25,8,5,0,38,0,407,69,2,478,25,415,74,2,516,34,0,34,550
05/09/2018,JNU,AK,AAL,WE,Towers with Radar,39,16,5,1,61,0,485,57,1,543,39,501,62,2,604,40,0,40,644
05/10/2018,JNU,AK,AAL,WE,Towers with Radar,31,3,4,0,38,2,205,39,0,246,33,208,43,0,284,14,0,14,298
05/11/2018,JNU,AK,AAL,WE,Towers with Radar,30,17,15,0,62,0,150,11,0,161,30,167,26,0,223,1,0,1,224
05/12/2018,JNU,AK,AAL,WE,Towers with Radar,24,7,10,0,41,1,226,29,0,256,25,233,39,0,297,0,0,0,297
05/13/2018,JNU,AK,AAL,WE,Towers with Radar,27,16,9,0,52,2,125,14,0,141,29,141,23,0,193,0,0,0,193
05/14/2018,JNU,AK,AAL,WE,Towers with Radar,24,15,9,0,48,0,360,36,0,396,24,375,45,0,444,0,0,0,444
05/15/2018,JNU,AK,AAL,WE,Towers with Radar,25,8,6,0,39,1,437,54,0,492,26,445,60,0,531,4,0,4,535
05/16/2018,JNU,AK,AAL,WE,Towers with Radar,34,8,2,1,45,4,454,44,4,506,38,462,46,5,551,12,7,19,570
05/17/2018,JNU,AK,AAL,WE,Towers with Radar,29,1,10,1,41,1,336,85,2,424,30,337,95,3,465,22,0,22,487
05/18/2018,JNU,AK,AAL,WE,Towers with Radar,26,5,2,0,33,2,277,64,2,345,28,282,66,2,378,2,0,2,380
05/19/2018,JNU,AK,AAL,WE,Towers with Radar,26,4,2,2,34,1,337,56,2,396,27,341,58,4,430,8,3,11,441
05/20/2018,JNU,AK,AAL,WE,Towers with Radar,30,4,10,0,44,3,297,32,0,332,33,301,42,0,376,26,0,26,402
05/21/2018,JNU,AK,AAL,WE,Towers with Radar,28,6,16,0,50,1,279,28,0,308,29,285,44,0,358,1,0,1,359
05/22/2018,JNU,AK,AAL,WE,Towers with Radar,30,12,8,0,50,1,377,24,0,402,31,389,32,0,452,19,0,19,471
05/23/2018,JNU,AK,AAL,WE,Towers with Radar,35,26,5,0,66,2,466,63,1,532,37,492,68,1,598,0,0,0,598
05/24/2018,JNU,AK,AAL,WE,Towers with Radar,29,13,3,0,45,0,236,41,0,277,29,249,44,0,322,4,0,4,326
05/25/2018,JNU,AK,AAL,WE,Towers with Radar,33,10,14,0,57,0,299,34,0,333,33,309,48,0,390,0,0,0,390
05/26/2018,JNU,AK,AAL,WE,Towers with Radar,35,22,6,0,63,0,313,30,0,343,35,335,36,0,406,0,0,0,406
05/27/2018,JNU,AK,AAL,WE,Towers with Radar,32,10,8,0,50,0,368,43,0,411,32,378,51,0,461,10,0,10,471
05/28/2018,JNU,AK,AAL,WE,Towers with Radar,26,18,9,0,53,0,390,28,0,418,26,408,37,0,471,24,0,24,495
05/29/2018,JNU,AK,AAL,WE,Towers with Radar,34,9,5,0,48,1,525,65,1,592,35,534,70,1,640,34,0,34,674
05/30/2018,JNU,AK,AAL,WE,Towers with Radar,28,6,6,0,40,1,563,70,5,639,29,569,76,5,679,36,2,38,717
05/31/2018,JNU,AK,AAL,WE,Towers with Radar,35,8,4,0,47,3,523,76,2,604,38,531,80,2,651,30,0,30,681
06/01/2018,JNU,AK,AAL,WE,Towers with Radar,30,8,6,0,44,0,348,57,0,405,30,356,63,0,449,4,0,4,453
06/02/2018,JNU,AK,AAL,WE,Towers with Radar,30,8,7,0,45,1,438,52,0,491,31,446,59,0,536,36,0,36,572
06/03/2018,JNU,AK,AAL,WE,Towers with Radar,38,3,7,0,48,6,509,76,0,591,44,512,83,0,639,48,0,48,687
06/04/2018,JNU,AK,AAL,WE,Towers with Radar,36,11,14,0,61,1,341,30,2,374,37,352,44,2,435,34,0,34,469
06/05/2018,JNU,AK,AAL,WE,Towers with Radar,34,6,7,5,52,1,681,60,4,746,35,687,67,9,798,18,0,18,816
06/06/2018,JNU,AK,AAL,WE,Towers with Radar,47,31,13,2,93,1,643,78,6,728,48,674,91,8,821,37,0,37,858
06/07/2018,JNU,AK,AAL,WE,Towers with Radar,45,15,6,2,68,0,450,37,0,487,45,465,43,2,555,48,0,48,603
06/08/2018,JNU,AK,AAL,WE,Towers with Radar,37,12,9,2,60,1,481,83,0,565,38,493,92,2,625,10,0,10,635
06/09/2018,JNU,AK,AAL,WE,Towers with Radar,35,7,8,0,50,0,336,70,0,406,35,343,78,0,456,26,0,26,482
06/10/2018,JNU,AK,AAL,WE,Towers with Radar,39,25,12,2,78,0,414,39,0,453,39,439,51,2,531,6,0,6,537
06/11/2018,JNU,AK,AAL,WE,Towers with Radar,35,17,13,0,65,0,422,42,0,464,35,439,55,0,529,10,0,10,539
06/12/2018,JNU,AK,AAL,WE,Towers with Radar,44,4,7,0,55,3,743,82,0,828,47,747,89,0,883,2,0,2,885
06/13/2018,JNU,AK,AAL,WE,Towers with Radar,41,13,13,0,67,0,557,77,0,634,41,570,90,0,701,10,0,10,711
06/14/2018,JNU,AK,AAL,WE,Towers with Radar,40,17,14,0,71,0,339,49,1,389,40,356,63,1,460,10,0,10,470
06/15/2018,JNU,AK,AAL,WE,Towers with Radar,38,14,6,0,58,2,424,108,0,534,40,438,114,0,592,16,0,16,608
06/16/2018,JNU,AK,AAL,WE,Towers with Radar,34,19,9,0,62,1,335,50,0,386,35,354,59,0,448,0,0,0,448
06/17/2018,JNU,AK,AAL,WE,Towers with Radar,35,21,7,0,63,0,273,16,0,289,35,294,23,0,352,0,0,0,352
06/18/2018,JNU,AK,AAL,WE,Towers with Radar,39,9,8,0,56,6,468,88,0,562,45,477,96,0,618,0,0,0,618
06/19/2018,JNU,AK,AAL,WE,Towers with Radar,37,6,4,2,49,3,680,75,0,758,40,686,79,2,807,14,0,14,821
06/20/2018,JNU,AK,AAL,WE,Towers with Radar,42,9,9,1,61,3,693,119,3,818,45,702,128,4,879,0,0,0,879
06/21/2018,JNU,AK,AAL,WE,Towers with Radar,29,4,5,0,38,7,503,28,1,539,36,507,33,1,577,2,0,2,579
06/22/2018,JNU,AK,AAL,WE,Towers with Radar,32,13,1,0,46,1,454,73,0,528,33,467,74,0,574,14,0,14,588
06/23/2018,JNU,AK,AAL,WE,Towers with Radar,35,7,11,0,53,4,417,72,0,493,39,424,83,0,546,18,0,18,564
06/24/2018,JNU,AK,AAL,WE,Towers with Radar,35,8,13,0,56,2,496,69,0,567,37,504,82,0,623,4,0,4,627
06/25/2018,JNU,AK,AAL,WE,Towers with Radar,36,5,6,0,47,4,552,81,0,637,40,557,87,0,684,0,0,0,684
06/26/2018,JNU,AK,AAL,WE,Towers with Radar,37,10,12,0,59,0,629,61,11,701,37,639,73,11,760,6,0,6,766
06/27/2018,JNU,AK,AAL,WE,Towers with Radar,37,10,4,0,51,0,443,55,0,498,37,453,59,0,549,18,0,18,567
06/28/2018,JNU,AK,AAL,WE,Towers with Radar,38,10,12,0,60,1,455,56,0,512,39,465,68,0,572,0,0,0,572
06/29/2018,JNU,AK,AAL,WE,Towers with Radar,43,19,20,0,82,0,164,39,0,203,43,183,59,0,285,0,0,0,285
06/30/2018,JNU,AK,AAL,WE,Towers with Radar,32,11,8,0,51,1,450,57,0,508,33,461,65,0,559,6,0,6,565
07/01/2018,JNU,AK,AAL,WE,Towers with Radar,35,6,11,0,52,5,517,96,5,623,40,523,107,5,675,14,0,14,689
07/02/2018,JNU,AK,AAL,WE,Towers with Radar,35,0,7,0,42,6,612,65,0,683,41,612,72,0,725,2,0,2,727
07/03/2018,JNU,AK,AAL,WE,Towers with Radar,38,4,5,0,47,6,797,94,6,903,44,801,99,6,950,0,0,0,950
07/04/2018,JNU,AK,AAL,WE,Towers with Radar,35,6,3,0,44,5,282,96,1,384,40,288,99,1,428,5,0,5,433
07/05/2018,JNU,AK,AAL,WE,Towers with Radar,44,9,13,0,66,1,552,157,0,710,45,561,170,0,776,0,0,0,776
07/06/2018,JNU,AK,AAL,WE,Towers with Radar,38,13,12,0,63,1,587,72,1,661,39,600,84,1,724,6,0,6,730
07/07/2018,JNU,AK,AAL,WE,Towers with Radar,35,16,13,0,64,2,301,59,0,362,37,317,72,0,426,0,0,0,426
07/08/2018,JNU,AK,AAL,WE,Towers with Radar,38,12,11,0,61,4,594,109,2,709,42,606,120,2,770,2,0,2,772
07/09/2018,JNU,AK,AAL,WE,Towers with Radar,36,12,10,0,58,3,503,52,0,558,39,515,62,0,616,2,0,2,618
07/10/2018,JNU,AK,AAL,WE,Towers with Radar,38,26,13,7,84,0,414,25,0,439,38,440,38,7,523,2,0,2,525
07/11/2018,JNU,AK,AAL,WE,Towers with Radar,43,17,7,0,67,1,305,64,2,372,44,322,71,2,439,14,0,14,453
07/12/2018,JNU,AK,AAL,WE,Towers with Radar,37,6,15,0,58,1,396,64,0,461,38,402,79,0,519,4,0,4,523
07/13/2018,JNU,AK,AAL,WE,Towers with Radar,38,5,8,0,51,7,501,102,0,610,45,506,110,0,661,0,0,0,661
07/14/2018,JNU,AK,AAL,WE,Towers with Radar,32,12,15,0,59,0,412,76,1,489,32,424,91,1,548,24,0,24,572
07/15/2018,JNU,AK,AAL,WE,Towers with Radar,43,16,22,0,81,0,249,36,0,285,43,265,58,0,366,0,0,0,366
07/16/2018,JNU,AK,AAL,WE,Towers with Radar,43,16,24,0,83,0,520,82,0,602,43,536,106,0,685,0,0,0,685
07/17/2018,JNU,AK,AAL,WE,Towers with Radar,39,11,8,0,58,3,727,41,0,771,42,738,49,0,829,0,0,0,829
07/18/2018,JNU,AK,AAL,WE,Towers with Radar,37,18,12,0,67,2,481,73,0,556,39,499,85,0,623,8,0,8,631
07/19/2018,JNU,AK,AAL,WE,Towers with Radar,35,3,6,0,44,3,599,89,1,692,38,602,95,1,736,0,0,0,736
07/20/2018,JNU,AK,AAL,WE,Towers with Radar,34,5,2,0,41,2,443,72,1,518,36,448,74,1,559,8,0,8,567
07/21/2018,JNU,AK,AAL,WE,Towers with Radar,39,12,10,0,61,2,622,104,1,729,41,634,114,1,790,10,0,10,800
07/22/2018,JNU,AK,AAL,WE,Towers with Radar,40,6,8,0,54,71,597,74,0,742,111,603,82,0,796,0,0,0,796
07/23/2018,JNU,AK,AAL,WE,Towers with Radar,41,6,12,0,59,58,600,82,0,740,99,606,94,0,799,76,0,76,875
07/24/2018,JNU,AK,AAL,WE,Towers with Radar,34,7,3,0,44,4,785,110,1,900,38,792,113,1,944,0,0,0,944
07/25/2018,JNU,AK,AAL,WE,Towers with Radar,36,8,10,0,54,6,521,93,0,620,42,529,103,0,674,36,0,36,710
07/26/2018,JNU,AK,AAL,WE,Towers with Radar,42,12,10,0,64,3,571,59,7,640,45,583,69,7,704,34,0,34,738
07/27/2018,JNU,AK,AAL,WE,Towers with Radar,38,4,6,0,48,4,506,68,0,578,42,510,74,0,626,0,0,0,626
07/28/2018,JNU,AK,AAL,WE,Towers with Radar,31,14,7,0,52,1,520,104,1,626,32,534,111,1,678,28,0,28,706
07/29/2018,JNU,AK,AAL,WE,Towers with Radar,34,2,8,0,44,7,583,95,10,695,41,585,103,10,739,6,0,6,745
07/30/2018,JNU,AK,AAL,WE,Towers with Radar,33,3,4,0,40,2,561,86,5,654,35,564,90,5,694,4,0,4,698
07/31/2018,JNU,AK,AAL,WE,Towers with Radar,33,3,3,0,39,8,730,50,1,789,41,733,53,1,828,4,0,4,832
08/01/2018,JNU,AK,AAL,WE,Towers with Radar,43,6,13,1,63,0,612,65,0,677,43,618,78,1,740,30,0,30,770
08/02/2018,JNU,AK,AAL,WE,Towers with Radar,38,16,15,0,69,0,307,26,0,333,38,323,41,0,402,0,0,0,402
08/03/2018,JNU,AK,AAL,WE,Towers with Radar,43,20,11,1,75,1,390,35,0,426,44,410,46,1,501,0,0,0,501
08/04/2018,JNU,AK,AAL,WE,Towers with Radar,28,14,27,1,70,2,439,54,0,495,30,453,81,1,565,0,0,0,565
08/05/2018,JNU,AK,AAL,WE,Towers with Radar,36,3,3,0,42,6,587,60,2,655,42,590,63,2,697,0,0,0,697
08/06/2018,JNU,AK,AAL,WE,Towers with Radar,36,8,5,0,49,1,280,43,0,324,37,288,48,0,373,16,0,16,389
08/07/2018,JNU,AK,AAL,WE,Towers with Radar,37,14,4,0,55,0,380,27,2,409,37,394,31,2,464,14,0,14,478
08/08/2018,JNU,AK,AAL,WE,Towers with Radar,33,14,6,0,53,0,232,20,0,252,33,246,26,0,305,12,0,12,317
08/09/2018,JNU,AK,AAL,WE,Towers with Radar,35,12,19,0,66,0,210,25,1,236,35,222,44,1,302,0,0,0,302
08/10/2018,JNU,AK,AAL,WE,Towers with Radar,33,7,7,3,50,0,445,49,2,496,33,452,56,5,546,18,0,18,564
08/11/2018,JNU,AK,AAL,WE,Towers with Radar,30,2,9,0,41,0,507,71,0,578,30,509,80,0,619,4,0,4,623
08/12/2018,JNU,AK,AAL,WE,Towers with Radar,36,37,23,1,97,0,68,14,0,82,36,105,37,1,179,2,0,2,181
08/13/2018,JNU,AK,AAL,WE,Towers with Radar,38,18,15,0,71,1,290,47,1,339,39,308,62,1,410,0,0,0,410
08/14/2018,JNU,AK,AAL,WE,Towers with Radar,42,7,15,0,64,0,503,38,2,543,42,510,53,2,607,0,0,0,607
08/15/2018,JNU,AK,AAL,WE,Towers with Radar,34,13,3,1,51,0,486,47,1,534,34,499,50,2,585,0,0,0,585
08/16/2018,JNU,AK,AAL,WE,Towers with Radar,43,8,7,0,58,4,549,62,3,618,47,557,69,3,676,0,0,0,676
08/17/2018,JNU,AK,AAL,WE,Towers with Radar,39,10,10,0,59,2,522,64,4,592,41,532,74,4,651,10,0,10,661
08/18/2018,JNU,AK,AAL,WE,Towers with Radar,28,2,2,0,32,2,406,79,3,490,30,408,81,3,522,18,0,18,540
08/19/2018,JNU,AK,AAL,WE,Towers with Radar,34,6,2,0,42,5,489,75,4,573,39,495,77,4,615,8,0,8,623
08/20/2018,JNU,AK,AAL,WE,Towers with Radar,29,4,4,0,37,3,458,62,1,524,32,462,66,1,561,0,0,0,561
08/21/2018,JNU,AK,AAL,WE,Towers with Radar,37,9,14,0,60,5,458,32,0,495,42,467,46,0,555,0,0,0,555
08/22/2018,JNU,AK,AAL,WE,Towers with Radar,30,19,10,0,59,0,266,22,0,288,30,285,32,0,347,4,0,4,351
08/23/2018,JNU,AK,AAL,WE,Towers with Radar,37,27,13,0,77,1,303,33,0,337,38,330,46,0,414,0,0,0,414
08/24/2018,JNU,AK,AAL,WE,Towers with Radar,35,14,33,0,82,0,138,33,3,174,35,152,66,3,256,26,0,26,282
08/25/2018,JNU,AK,AAL,WE,Towers with Radar,30,19,23,0,72,1,192,39,1,233,31,211,62,1,305,0,0,0,305
08/26/2018,JNU,AK,AAL,WE,Towers with Radar,29,12,16,1,58,0,442,89,0,531,29,454,105,1,589,10,0,10,599
08/27/2018,JNU,AK,AAL,WE,Towers with Radar,37,22,31,5,95,0,18,6,0,24,37,40,37,5,119,22,0,22,141
08/28/2018,JNU,AK,AAL,WE,Towers with Radar,41,11,19,2,73,0,232,21,1,254,41,243,40,3,327,2,0,2,329
08/29/2018,JNU,AK,AAL,WE,Towers with Radar,32,11,3,0,46,1,425,48,0,474,33,436,51,0,520,16,0,16,536
08/30/2018,JNU,AK,AAL,WE,Towers with Radar,32,13,15,0,60,3,322,52,0,377,35,335,67,0,437,14,0,14,451
08/31/2018,JNU,AK,AAL,WE,Towers with Radar,33,12,7,0,52,0,259,42,0,301,33,271,49,0,353,10,0,10,363
09/01/2018,JNU,AK,AAL,WE,Towers with Radar,29,15,10,0,54,0,286,30,0,316,29,301,40,0,370,24,0,24,394
09/02/2018,JNU,AK,AAL,WE,Towers with Radar,33,84,22,0,139,2,294,70,0,366,35,378,92,0,505,0,0,0,505
09/03/2018,JNU,AK,AAL,WE,Towers with Radar,35,4,10,0,49,0,445,89,1,535,35,449,99,1,584,18,0,18,602
09/04/2018,JNU,AK,AAL,WE,Towers with Radar,38,25,3,0,66,2,452,58,2,514,40,477,61,2,580,2,0,2,582
09/05/2018,JNU,AK,AAL,WE,Towers with Radar,30,5,3,0,38,1,411,73,0,485,31,416,76,0,523,0,0,0,523
09/06/2018,JNU,AK,AAL,WE,Towers with Radar,31,4,2,0,37,0,354,54,2,410,31,358,56,2,447,4,0,4,451
09/07/2018,JNU,AK,AAL,WE,Towers with Radar,33,16,5,1,55,4,323,36,0,363,37,339,41,1,418,0,0,0,418
09/08/2018,JNU,AK,AAL,WE,Towers with Radar,32,10,4,0,46,1,258,39,0,298,33,268,43,0,344,0,0,0,344
09/09/2018,JNU,AK,AAL,WE,Towers with Radar,29,4,0,0,33,2,176,33,0,211,31,180,33,0,244,0,0,0,244
09/10/2018,JNU,AK,AAL,WE,Towers with Radar,27,3,8,1,39,2,346,55,0,403,29,349,63,1,442,2,0,2,444
09/11/2018,JNU,AK,AAL,WE,Towers with Radar,25,6,4,0,35,0,367,62,7,436,25,373,66,7,471,0,0,0,471
09/12/2018,JNU,AK,AAL,WE,Towers with Radar,22,4,4,0,30,1,320,55,2,378,23,324,59,2,408,2,0,2,410
09/13/2018,JNU,AK,AAL,WE,Towers with Radar,30,15,7,1,53,1,266,51,2,320,31,281,58,3,373,4,0,4,377
09/14/2018,JNU,AK,AAL,WE,Towers with Radar,21,3,4,1,29,0,236,58,1,295,21,239,62,2,324,26,0,26,350
09/15/2018,JNU,AK,AAL,WE,Towers with Radar,27,6,0,0,33,4,188,45,0,237,31,194,45,0,270,12,0,12,282
09/16/2018,JNU,AK,AAL,WE,Towers with Radar,30,3,4,0,37,2,246,57,0,305,32,249,61,0,342,0,0,0,342
09/17/2018,JNU,AK,AAL,WE,Towers with Radar,24,1,3,1,29,4,284,55,8,351,28,285,58,9,380,30,0,30,410
09/18/2018,JNU,AK,AAL,WE,Towers with Radar,27,8,5,0,40,3,315,44,1,363,30,323,49,1,403,6,0,6,409
09/19/2018,JNU,AK,AAL,WE,Towers with Radar,29,7,4,2,42,3,245,47,4,299,32,252,51,6,341,6,0,6,347
09/20/2018,JNU,AK,AAL,WE,Towers with Radar,25,3,2,2,32,4,215,46,1,266,29,218,48,3,298,0,0,0,298
09/21/2018,JNU,AK,AAL,WE,Towers with Radar,25,2,1,0,28,0,218,45,0,263,25,220,46,0,291,6,0,6,297
09/22/2018,JNU,AK,AAL,WE,Towers with Radar,27,14,4,0,45,3,116,59,0,178,30,130,63,0,223,12,0,12,235
09/23/2018,JNU,AK,AAL,WE,Towers with Radar,24,13,10,0,47,0,68,16,2,86,24,81,26,2,133,0,0,0,133
09/24/2018,JNU,AK,AAL,WE,Towers with Radar,24,6,4,0,34,1,211,31,2,245,25,217,35,2,279,0,0,0,279
09/25/2018,JNU,AK,AAL,WE,Towers with Radar,29,12,7,1,49,0,63,3,1,67,29,75,10,2,116,0,0,0,116
09/26/2018,JNU,AK,AAL,WE,Towers with Radar,28,15,7,0,50,0,54,18,2,74,28,69,25,2,124,0,0,0,124
09/27/2018,JNU,AK,AAL,WE,Towers with Radar,22,4,1,0,27,3,120,31,0,154,25,124,32,0,181,16,0,16,197
09/28/2018,JNU,AK,AAL,WE,Towers with Radar,19,10,5,0,34,0,133,49,0,182,19,143,54,0,216,10,0,10,226
09/29/2018,JNU,AK,AAL,WE,Towers with Radar,22,4,2,0,28,1,116,35,6,158,23,120,37,6,186,4,0,4,190
09/30/2018,JNU,AK,AAL,WE,Towers with Radar,24,3,1,0,28,2,162,33,2,199,26,165,34,2,227,4,0,4,231
10/01/2018,JNU,AK,AAL,WE,Towers with Radar,18,1,2,0,21,1,131,29,0,161,19,132,31,0,182,4,0,4,186
10/02/2018,JNU,AK,AAL,WE,Towers with Radar,19,4,0,0,23,1,230,69,0,300,20,234,69,0,323,20,0,20,343
10/03/2018,JNU,AK,AAL,WE,Towers with Radar,16,4,0,0,20,3,117,44,0,164,19,121,44,0,184,18,0,18,202
10/04/2018,JNU,AK,AAL,WE,Towers with Radar,18,6,4,0,28,0,142,35,0,177,18,148,39,0,205,0,0,0,205
10/05/2018,JNU,AK,AAL,WE,Towers with Radar,20,14,9,0,43,0,76,20,1,97,20,90,29,1,140,10,0,10,150
10/06/2018,JNU,AK,AAL,WE,Towers with Radar,16,17,13,0,46,0,41,26,0,67,16,58,39,0,113,6,0,6,119
10/07/2018,JNU,AK,AAL,WE,Towers with Radar,20,12,1,0,33,1,38,5,0,44,21,50,6,0,77,0,0,0,77
10/08/2018,JNU,AK,AAL,WE,Towers with Radar,19,10,6,0,35,3,84,32,0,119,22,94,38,0,154,8,0,8,162
10/09/2018,JNU,AK,AAL,WE,Towers with Radar,20,7,2,0,29,0,160,68,0,228,20,167,70,0,257,38,0,38,295
10/10/2018,JNU,AK,AAL,WE,Towers with Radar,15,10,5,0,30,2,121,33,0,156,17,131,38,0,186,0,0,0,186
10/11/2018,JNU,AK,AAL,WE,Towers with Radar,18,16,3,1,38,0,2,1,0,3,18,18,4,1,41,0,0,0,41
10/12/2018,JNU,AK,AAL,WE,Towers with Radar,23,14,3,0,40,1,69,20,0,90,24,83,23,0,130,48,0,48,178
10/13/2018,JNU,AK,AAL,WE,Towers with Radar,15,21,13,0,49,0,55,20,0,75,15,76,33,0,124,0,0,0,124
10/14/2018,JNU,AK,AAL,WE,Towers with Radar,17,11,3,0,31,0,16,5,0,21,17,27,8,0,52,8,0,8,60
10/15/2018,JNU,AK,AAL,WE,Towers with Radar,17,10,11,0,38,2,79,12,7,100,19,89,23,7,138,0,12,12,150
10/16/2018,JNU,AK,AAL,WE,Towers with Radar,19,12,5,1,37,0,61,15,12,88,19,73,20,13,125,0,20,20,145
10/17/2018,JNU,AK,AAL,WE,Towers with Radar,17,9,8,4,38,1,79,23,3,106,18,88,31,7,144,12,66,78,222
10/18/2018,JNU,AK,AAL,WE,Towers with Radar,17,9,9,0,35,0,88,26,2,116,17,97,35,2,151,0,0,0,151
10/19/2018,JNU,AK,AAL,WE,Towers with Radar,19,3,10,1,33,0,40,17,5,62,19,43,27,6,95,0,0,0,95
10/20/2018,JNU,AK,AAL,WE,Towers with Radar,17,14,2,0,33,1,62,16,0,79,18,76,18,0,112,6,0,6,118
10/21/2018,JNU,AK,AAL,WE,Towers with Radar,17,1,3,0,21,2,51,15,0,68,19,52,18,0,89,8,0,8,97
10/22/2018,JNU,AK,AAL,WE,Towers with Radar,17,17,10,0,44,0,45,4,0,49,17,62,14,0,93,0,0,0,93
10/23/2018,JNU,AK,AAL,WE,Towers with Radar,21,19,11,2,53,3,83,12,4,102,24,102,23,6,155,0,0,0,155
10/24/2018,JNU,AK,AAL,WE,Towers with Radar,18,3,4,0,25,0,92,23,1,116,18,95,27,1,141,2,0,2,143
10/25/2018,JNU,AK,AAL,WE,Towers with Radar,19,16,9,0,44,1,68,8,0,77,20,84,17,0,121,0,0,0,121
10/26/2018,JNU,AK,AAL,WE,Towers with Radar,20,10,6,0,36,0,86,18,6,110,20,96,24,6,146,46,0,46,192
10/27/2018,JNU,AK,AAL,WE,Towers with Radar,15,4,4,0,23,0,101,58,0,159,15,105,62,0,182,82,0,82,264
10/28/2018,JNU,AK,AAL,WE,Towers with Radar,22,2,1,0,25,3,88,50,0,141,25,90,51,0,166,76,0,76,242
10/29/2018,JNU,AK,AAL,WE,Towers with Radar,23,2,4,0,29,1,108,43,1,153,24,110,47,1,182,16,0,16,198
10/30/2018,JNU,AK,AAL,WE,Towers with Radar,19,13,9,0,41,1,75,22,1,99,20,88,31,1,140,2,0,2,142
10/31/2018,JNU,AK,AAL,WE,Towers with Radar,20,5,0,0,25,0,97,32,0,129,20,102,32,0,154,12,0,12,166
11/01/2018,JNU,AK,AAL,WE,Towers with Radar,17,21,12,0,50,1,80,17,0,98,18,101,29,0,148,0,0,0,148
11/02/2018,JNU,AK,AAL,WE,Towers with Radar,19,6,2,0,27,0,93,23,0,116,19,99,25,0,143,6,0,6,149
11/03/2018,JNU,AK,AAL,WE,Towers with Radar,16,17,14,0,47,0,26,9,1,36,16,43,23,1,83,2,0,2,85
11/04/2018,JNU,AK,AAL,WE,Towers with Radar,21,15,3,0,39,0,33,8,0,41,21,48,11,0,80,0,0,0,80
11/05/2018,JNU,AK,AAL,WE,Towers with Radar,20,1,0,0,21,3,144,54,3,204,23,145,54,3,225,12,10,22,247
11/06/2018,JNU,AK,AAL,WE,Towers with Radar,18,0,4,0,22,2,110,29,0,141,20,110,33,0,163,48,0,48,211
11/07/2018,JNU,AK,AAL,WE,Towers with Radar,18,3,0,2,23,1,96,27,0,124,19,99,27,2,147,4,0,4,151
11/08/2018,JNU,AK,AAL,WE,Towers with Radar,15,17,11,0,43,0,38,11,0,49,15,55,22,0,92,0,0,0,92
11/09/2018,JNU,AK,AAL,WE,Towers with Radar,15,12,11,0,38,0,65,23,0,88,15,77,34,0,126,8,0,8,134
11/10/2018,JNU,AK,AAL,WE,Towers with Radar,21,16,10,0,47,0,39,7,0,46,21,55,17,0,93,0,0,0,93
11/11/2018,JNU,AK,AAL,WE,Towers with Radar,18,15,6,0,39,0,62,8,0,70,18,77,14,0,109,0,0,0,109
11/12/2018,JNU,AK,AAL,WE,Towers with Radar,15,2,1,0,18,2,99,29,1,131,17,101,30,1,149,22,0,22,171
11/13/2018,JNU,AK,AAL,WE,Towers with Radar,23,8,7,0,38,0,61,8,2,71,23,69,15,2,109,0,0,0,109
11/14/2018,JNU,AK,AAL,WE,Towers with Radar,17,17,10,2,46,0,61,20,0,81,17,78,30,2,127,6,0,6,133
11/15/2018,JNU,AK,AAL,WE,Towers with Radar,17,9,7,0,33,0,92,36,0,128,17,101,43,0,161,18,0,18,179
11/16/2018,JNU,AK,AAL,WE,Towers with Radar,18,2,6,0,26,0,93,33,2,128,18,95,39,2,154,20,14,34,188
11/17/2018,JNU,AK,AAL,WE,Towers with Radar,23,18,4,0,45,0,51,4,0,55,23,69,8,0,100,0,0,0,100
11/18/2018,JNU,AK,AAL,WE,Towers with Radar,16,14,2,0,32,0,3,1,0,4,16,17,3,0,36,0,0,0,36
11/19/2018,JNU,AK,AAL,WE,Towers with Radar,18,10,7,0,35,0,81,15,0,96,18,91,22,0,131,4,0,4,135
11/20/2018,JNU,AK,AAL,WE,Towers with Radar,18,14,8,0,40,0,67,21,0,88,18,81,29,0,128,0,0,0,128
11/21/2018,JNU,AK,AAL,WE,Towers with Radar,17,6,7,0,30,0,85,40,0,125,17,91,47,0,155,32,0,32,187
11/22/2018,JNU,AK,AAL,WE,Towers with Radar,12,1,0,0,13,0,2,14,0,16,12,3,14,0,29,20,0,20,49
11/23/2018,JNU,AK,AAL,WE,Towers with Radar,14,6,0,0,20,0,90,33,1,124,14,96,33,1,144,2,0,2,146
11/24/2018,JNU,AK,AAL,WE,Towers with Radar,19,16,3,0,38,0,53,18,0,71,19,69,21,0,109,6,0,6,115
11/25/2018,JNU,AK,AAL,WE,Towers with Radar,15,13,7,0,35,0,36,1,0,37,15,49,8,0,72,0,0,0,72
11/26/2018,JNU,AK,AAL,WE,Towers with Radar,22,9,9,1,41,1,66,9,2,78,23,75,18,3,119,0,0,0,119
11/27/2018,JNU,AK,AAL,WE,Towers with Radar,21,14,5,0,40,0,37,9,0,46,21,51,14,0,86,0,0,0,86
11/28/2018,JNU,AK,AAL,WE,Towers with Radar,15,20,13,0,48,1,60,14,0,75,16,80,27,0,123,0,0,0,123
11/29/2018,JNU,AK,AAL,WE,Towers with Radar,19,14,3,2,38,0,79,15,2,96,19,93,18,4,134,0,0,0,134
11/30/2018,JNU,AK,AAL,WE,Towers with Radar,21,3,1,0,25,1,77,26,0,104,22,80,27,0,129,0,0,0,129
12/01/2018,JNU,AK,AAL,WE,Towers with Radar,21,7,0,0,28,0,87,50,1,138,21,94,50,1,166,10,0,10,176
12/02/2018,JNU,AK,AAL,WE,Towers with Radar,16,0,2,0,18,0,69,39,0,108,16,69,41,0,126,14,0,14,140
12/03/2018,JNU,AK,AAL,WE,Towers with Radar,20,6,3,0,29,1,68,16,0,85,21,74,19,0,114,20,0,20,134
12/04/2018,JNU,AK,AAL,WE,Towers with Radar,23,24,4,0,51,0,9,0,0,9,23,33,4,0,60,0,0,0,60
12/05/2018,JNU,AK,AAL,WE,Towers with Radar,16,20,5,0,41,0,15,3,0,18,16,35,8,0,59,0,0,0,59
12/06/2018,JNU,AK,AAL,WE,Towers with Radar,17,10,7,0,34,0,84,17,0,101,17,94,24,0,135,0,0,0,135
12/07/2018,JNU,AK,AAL,WE,Towers with Radar,19,7,5,0,31,2,96,20,0,118,21,103,25,0,149,20,0,20,169
12/08/2018,JNU,AK,AAL,WE,Towers with Radar,18,9,4,0,31,1,58,4,0,63,19,67,8,0,94,0,0,0,94
12/09/2018,JNU,AK,AAL,WE,Towers with Radar,16,12,3,0,31,0,61,12,0,73,16,73,15,0,104,0,0,0,104
12/10/2018,JNU,AK,AAL,WE,Towers with Radar,19,10,4,0,33,0,18,1,1,20,19,28,5,1,53,0,0,0,53
12/11/2018,JNU,AK,AAL,WE,Towers with Radar,19,20,2,0,41,0,17,3,3,23,19,37,5,3,64,0,0,0,64
12/12/2018,JNU,AK,AAL,WE,Towers with Radar,15,7,3,0,25,1,88,19,1,109,16,95,22,1,134,0,0,0,134
12/13/2018,JNU,AK,AAL,WE,Towers with Radar,17,8,5,0,30,0,23,0,0,23,17,31,5,0,53,0,0,0,53
12/14/2018,JNU,AK,AAL,WE,Towers with Radar,19,7,5,0,31,0,105,31,0,136,19,112,36,0,167,8,0,8,175
12/15/2018,JNU,AK,AAL,WE,Towers with Radar,15,4,5,0,24,0,69,12,0,81,15,73,17,0,105,0,0,0,105
12/16/2018,JNU,AK,AAL,WE,Towers with Radar,19,15,6,0,40,0,30,10,0,40,19,45,16,0,80,4,0,4,84
12/17/2018,JNU,AK,AAL,WE,Towers with Radar,20,10,5,0,35,0,67,19,0,86,20,77,24,0,121,6,0,6,127
12/18/2018,JNU,AK,AAL,WE,Towers with Radar,18,17,6,0,41,0,53,10,1,64,18,70,16,1,105,0,0,0,105
12/19/2018,JNU,AK,AAL,WE,Towers with Radar,17,16,5,0,38,0,52,11,0,63,17,68,16,0,101,0,0,0,101
12/20/2018,JNU,AK,AAL,WE,Towers with Radar,14,11,10,0,35,1,59,7,0,67,15,70,17,0,102,24,0,24,126
12/21/2018,JNU,AK,AAL,WE,Towers with Radar,18,13,4,0,35,2,218,8,0,228,20,231,12,0,263,6,0,6,269
12/22/2018,JNU,AK,AAL,WE,Towers with Radar,23,5,1,0,29,2,57,28,0,87,25,62,29,0,116,20,0,20,136
12/23/2018,JNU,AK,AAL,WE,Towers with Radar,18,6,4,0,28,0,44,16,0,60,18,50,20,0,88,0,0,0,88
12/24/2018,JNU,AK,AAL,WE,Towers with Radar,15,6,3,0,24,0,25,3,0,28,15,31,6,0,52,0,0,0,52
12/25/2018,JNU,AK,AAL,WE,Towers with Radar,9,6,1,0,16,0,1,0,0,1,9,7,1,0,17,0,0,0,17
12/26/2018,JNU,AK,AAL,WE,Towers with Radar,24,15,5,0,44,0,72,16,0,88,24,87,21,0,132,0,12,12,144
12/27/2018,JNU,AK,AAL,WE,Towers with Radar,19,13,6,0,38,0,36,2,0,38,19,49,8,0,76,2,0,2,78
12/28/2018,JNU,AK,AAL,WE,Towers with Radar,16,14,2,0,32,0,67,24,0,91,16,81,26,0,123,0,0,0,123
12/29/2018,JNU,AK,AAL,WE,Towers with Radar,18,2,1,0,21,1,55,21,2,79,19,57,22,2,100,4,0,4,104
12/30/2018,JNU,AK,AAL,WE,Towers with Radar,18,7,3,0,28,6,13,0,0,19,24,20,3,0,47,0,0,0,47
12/31/2018,JNU,AK,AAL,WE,Towers with Radar,20,4,1,0,25,0,2,1,0,3,20,6,2,0,28,0,0,0,28
01/01/2019,JNU,AK,AAL,WE,Towers with Radar,12,1,1,0,14,0,2,0,0,2,12,3,1,0,16,0,0,0,16
01/02/2019,JNU,AK,AAL,WE,Towers with Radar,15,20,6,0,41,0,57,10,0,67,15,77,16,0,108,0,0,0,108
01/03/2019,JNU,AK,AAL,WE,Towers with Radar,19,7,3,0,29,0,62,21,0,83,19,69,24,0,112,0,0,0,112
01/04/2019,JNU,AK,AAL,WE,Towers with Radar,15,5,5,0,25,0,64,33,7,104,15,69,38,7,129,18,14,32,161
01/05/2019,JNU,AK,AAL,WE,Towers with Radar,26,1,0,0,27,1,71,10,0,82,27,72,10,0,109,12,0,12,121
01/06/2019,JNU,AK,AAL,WE,Towers with Radar,23,0,1,0,24,0,85,10,1,96,23,85,11,1,120,0,0,0,120
01/07/2019,JNU,AK,AAL,WE,Towers with Radar,17,10,9,0,36,4,51,11,0,66,21,61,20,0,102,0,0,0,102
01/08/2019,JNU,AK,AAL,WE,Towers with Radar,20,7,8,0,35,1,79,21,0,101,21,86,29,0,136,0,0,0,136
01/09/2019,JNU,AK,AAL,WE,Towers with Radar,18,7,0,0,25,3,63,6,4,76,21,70,6,4,101,0,4,4,105
01/10/2019,JNU,AK,AAL,WE,Towers with Radar,14,5,0,0,19,0,13,15,0,28,14,18,15,0,47,2,0,2,49
01/11/2019,JNU,AK,AAL,WE,Towers with Radar,21,5,3,0,29,0,0,0,0,0,21,5,3,0,29,0,0,0,29
01/12/2019,JNU,AK,AAL,WE,Towers with Radar,14,2,1,0,17,0,0,0,0,0,14,2,1,0,17,0,0,0,17
01/13/2019,JNU,AK,AAL,WE,Towers with Radar,23,6,13,0,42,0,12,3,0,15,23,18,16,0,57,0,0,0,57
01/14/2019,JNU,AK,AAL,WE,Towers with Radar,14,14,7,0,35,0,0,8,0,8,14,14,15,0,43,0,0,0,43
01/15/2019,JNU,AK,AAL,WE,Towers with Radar,13,8,8,0,29,2,11,16,0,29,15,19,24,0,58,2,0,2,60
01/16/2019,JNU,AK,AAL,WE,Towers with Radar,11,5,5,0,21,1,57,12,0,70,12,62,17,0,91,0,0,0,91
01/17/2019,JNU,AK,AAL,WE,Towers with Radar,16,2,0,0,18,0,116,6,0,122,16,118,6,0,140,10,0,10,150
01/18/2019,JNU,AK,AAL,WE,Towers with Radar,22,6,7,0,35,1,103,26,0,130,23,109,33,0,165,24,0,24,189
01/19/2019,JNU,AK,AAL,WE,Towers with Radar,20,2,2,0,24,0,51,16,0,67,20,53,18,0,91,2,0,2,93
01/20/2019,JNU,AK,AAL,WE,Towers with Radar,20,2,4,0,26,0,4,1,0,5,20,6,5,0,31,0,0,0,31
01/21/2019,JNU,AK,AAL,WE,Towers with Radar,18,7,5,0,30,0,28,5,0,33,18,35,10,0,63,0,0,0,63
01/22/2019,JNU,AK,AAL,WE,Towers with Radar,10,1,1,0,12,0,1,1,0,2,10,2,2,0,14,0,0,0,14
01/23/2019,JNU,AK,AAL,WE,Towers with Radar,22,5,15,0,42,0,53,15,0,68,22,58,30,0,110,10,0,10,120
01/24/2019,JNU,AK,AAL,WE,Towers with Radar,19,10,13,0,42,0,35,6,8,49,19,45,19,8,91,10,14,24,115
01/25/2019,JNU,AK,AAL,WE,Towers with Radar,20,11,10,0,41,0,12,3,0,15,20,23,13,0,56,0,0,0,56
01/26/2019,JNU,AK,AAL,WE,Towers with Radar,17,6,5,0,28,0,34,10,0,44,17,40,15,0,72,6,0,6,78
01/27/2019,JNU,AK,AAL,WE,Towers with Radar,12,0,0,0,12,0,0,0,0,0,12,0,0,0,12,0,0,0,12
01/28/2019,JNU,AK,AAL,WE,Towers with Radar,16,4,2,0,22,0,65,16,0,81,16,69,18,0,103,46,0,46,149
01/29/2019,JNU,AK,AAL,WE,Towers with Radar,18,11,7,0,36,0,44,7,0,51,18,55,14,0,87,10,0,10,97
01/30/2019,JNU,AK,AAL,WE,Towers with Radar,18,11,7,0,36,0,62,15,2,79,18,73,22,2,115,0,0,0,115
01/31/2019,JNU,AK,AAL,WE,Towers with Radar,17,5,1,1,24,2,61,11,4,78,19,66,12,5,102,4,0,4,106
02/01/2019,JNU,AK,AAL,WE,Towers with Radar,19,9,5,0,33,0,11,11,0,22,19,20,16,0,55,0,0,0,55
02/02/2019,JNU,AK,AAL,WE,Towers with Radar,18,7,2,0,27,0,34,8,0,42,18,41,10,0,69,4,0,4,73
02/03/2019,JNU,AK,AAL,WE,Towers with Radar,23,5,1,0,29,0,56,36,0,92,23,61,37,0,121,54,0,54,175
02/04/2019,JNU,AK,AAL,WE,Towers with Radar,18,9,4,0,31,0,37,17,0,54,18,46,21,0,85,14,0,14,99
02/05/2019,JNU,AK,AAL,WE,Towers with Radar,18,3,5,0,26,0,84,19,0,103,18,87,24,0,129,28,0,28,157
02/06/2019,JNU,AK,AAL,WE,Towers with Radar,19,1,0,0,20,0,0,0,0,0,19,1,0,0,20,0,0,0,20
02/07/2019,JNU,AK,AAL,WE,Towers with Radar,20,77,19,0,116,0,0,0,1,1,20,77,19,1,117,0,0,0,117
02/08/2019,JNU,AK,AAL,WE,Towers with Radar,18,2,7,0,27,0,112,31,2,145,18,114,38,2,172,20,0,20,192
02/09/2019,JNU,AK,AAL,WE,Towers with Radar,15,3,2,0,20,2,74,34,2,112,17,77,36,2,132,12,20,32,164
02/10/2019,JNU,AK,AAL,WE,Towers with Radar,18,2,2,0,22,3,57,35,2,97,21,59,37,2,119,20,6,26,145
02/11/2019,JNU,AK,AAL,WE,Towers with Radar,14,5,3,0,22,1,84,31,5,121,15,89,34,5,143,6,4,10,153
02/12/2019,JNU,AK,AAL,WE,Towers with Radar,18,8,10,0,36,2,41,9,0,52,20,49,19,0,88,22,0,22,110
02/13/2019,JNU,AK,AAL,WE,Towers with Radar,17,11,2,0,30,1,32,7,0,40,18,43,9,0,70,10,0,10,80
02/14/2019,JNU,AK,AAL,WE,Towers with Radar,16,1,4,1,22,1,80,17,2,100,17,81,21,3,122,2,10,12,134
02/15/2019,JNU,AK,AAL,WE,Towers with Radar,17,2,7,0,26,1,91,15,1,108,18,93,22,1,134,4,0,4,138
02/16/2019,JNU,AK,AAL,WE,Towers with Radar,16,2,1,0,19,2,60,18,1,81,18,62,19,1,100,8,0,8,108
02/17/2019,JNU,AK,AAL,WE,Towers with Radar,18,1,3,0,22,1,62,35,1,99,19,63,38,1,121,18,0,18,139
02/18/2019,JNU,AK,AAL,WE,Towers with Radar,17,10,2,0,29,0,25,3,0,28,17,35,5,0,57,2,0,2,59
02/19/2019,JNU,AK,AAL,WE,Towers with Radar,21,7,19,0,47,0,45,9,0,54,21,52,28,0,101,16,0,16,117
02/20/2019,JNU,AK,AAL,WE,Towers with Radar,19,2,4,0,25,3,118,25,3,149,22,120,29,3,174,14,0,14,188
02/21/2019,JNU,AK,AAL,WE,Towers with Radar,21,4,5,0,30,0,6,2,0,8,21,10,7,0,38,0,0,0,38
02/22/2019,JNU,AK,AAL,WE,Towers with Radar,16,3,5,0,24,2,92,12,0,106,18,95,17,0,130,4,0,4,134
02/23/2019,JNU,AK,AAL,WE,Towers with Radar,14,2,0,0,16,5,52,14,0,71,19,54,14,0,87,6,0,6,93
02/24/2019,JNU,AK,AAL,WE,Towers with Radar,19,2,1,0,22,2,72,47,2,123,21,74,48,2,145,26,0,26,171
02/25/2019,JNU,AK,AAL,WE,Towers with Radar,19,0,1,0,20,0,81,20,5,106,19,81,21,5,126,6,0,6,132
02/26/2019,JNU,AK,AAL,WE,Towers with Radar,18,1,3,0,22,3,99,34,0,136,21,100,37,0,158,16,0,16,174
02/27/2019,JNU,AK,AAL,WE,Towers with Radar,14,3,2,0,19,2,77,27,1,107,16,80,29,1,126,36,0,36,162
02/28/2019,JNU,AK,AAL,WE,Towers with Radar,26,4,0,0,30,0,116,19,9,144,26,120,19,9,174,26,0,26,200
03/01/2019,JNU,AK,AAL,WE,Towers with Radar,22,0,3,2,27,2,81,11,4,98,24,81,14,6,125,8,0,8,133
03/02/2019,JNU,AK,AAL,WE,Towers with Radar,18,1,3,0,22,3,71,15,5,94,21,72,18,5,116,0,8,8,124
03/03/2019,JNU,AK,AAL,WE,Towers with Radar,22,3,1,0,26,1,57,46,0,104,23,60,47,0,130,0,0,0,130
03/04/2019,JNU,AK,AAL,WE,Towers with Radar,18,1,1,0,20,0,72,27,0,99,18,73,28,0,119,14,0,14,133
03/05/2019,JNU,AK,AAL,WE,Towers with Radar,16,2,3,0,21,2,77,20,4,103,18,79,23,4,124,52,0,52,176
03/06/2019,JNU,AK,AAL,WE,Towers with Radar,17,1,4,0,22,2,81,27,2,112,19,82,31,2,134,0,30,30,164
03/07/2019,JNU,AK,AAL,WE,Towers with Radar,20,4,0,1,25,1,81,32,4,118,21,85,32,5,143,18,10,28,171
03/08/2019,JNU,AK,AAL,WE,Towers with Radar,15,1,2,0,18,1,87,33,0,121,16,88,35,0,139,8,0,8,147
03/09/2019,JNU,AK,AAL,WE,Towers with Radar,19,1,6,0,26,0,90,20,0,110,19,91,26,0,136,14,0,14,150
03/10/2019,JNU,AK,AAL,WE,Towers with Radar,26,6,2,0,34,0,6,2,0,8,26,12,4,0,42,0,0,0,42
03/11/2019,JNU,AK,AAL,WE,Towers with Radar,17,5,1,0,23,0,75,22,0,97,17,80,23,0,120,10,0,10,130
03/12/2019,JNU,AK,AAL,WE,Towers with Radar,18,12,6,2,38,0,63,13,0,76,18,75,19,2,114,8,0,8,122
03/13/2019,JNU,AK,AAL,WE,Towers with Radar,15,7,3,0,25,2,73,18,0,93,17,80,21,0,118,0,0,0,118
03/14/2019,JNU,AK,AAL,WE,Towers with Radar,18,3,2,0,23,0,83,23,2,108,18,86,25,2,131,4,0,4,135
03/15/2019,JNU,AK,AAL,WE,Towers with Radar,23,3,8,0,34,0,84,19,0,103,23,87,27,0,137,0,0,0,137
03/16/2019,JNU,AK,AAL,WE,Towers with Radar,16,5,5,0,26,0,54,13,2,69,16,59,18,2,95,14,0,14,109
03/17/2019,JNU,AK,AAL,WE,Towers with Radar,17,4,2,0,23,0,25,18,2,45,17,29,20,2,68,16,0,16,84
03/18/2019,JNU,AK,AAL,WE,Towers with Radar,18,2,4,0,24,5,89,31,6,131,23,91,35,6,155,4,0,4,159
03/19/2019,JNU,AK,AAL,WE,Towers with Radar,18,0,1,0,19,4,106,60,0,170,22,106,61,0,189,2,0,2,191
03/20/2019,JNU,AK,AAL,WE,Towers with Radar,17,0,1,1,19,1,93,28,1,123,18,93,29,2,142,34,0,34,176
03/21/2019,JNU,AK,AAL,WE,Towers with Radar,20,2,3,0,25,2,99,21,0,122,22,101,24,0,147,28,2,30,177
03/22/2019,JNU,AK,AAL,WE,Towers with Radar,17,0,4,0,21,0,100,19,0,119,17,100,23,0,140,26,2,28,168
03/23/2019,JNU,AK,AAL,WE,Towers with Radar,17,4,3,0,24,1,63,11,2,77,18,67,14,2,101,12,0,12,113
03/24/2019,JNU,AK,AAL,WE,Towers with Radar,18,0,0,0,18,1,74,55,0,130,19,74,55,0,148,30,0,30,178
03/25/2019,JNU,AK,AAL,WE,Towers with Radar,18,2,1,0,21,0,109,43,0,152,18,111,44,0,173,18,0,18,191
03/26/2019,JNU,AK,AAL,WE,Towers with Radar,14,0,1,0,15,3,95,32,0,130,17,95,33,0,145,12,0,12,157
03/27/2019,JNU,AK,AAL,WE,Towers with Radar,19,0,2,0,21,3,107,32,3,145,22,107,34,3,166,12,0,12,178
03/28/2019,JNU,AK,AAL,WE,Towers with Radar,19,1,4,1,25,0,106,19,5,130,19,107,23,6,155,2,0,2,157
03/29/2019,JNU,AK,AAL,WE,Towers with Radar,19,0,2,0,21,0,102,33,0,135,19,102,35,0,156,4,0,4,160
03/30/2019,JNU,AK,AAL,WE,Towers with Radar,21,0,2,0,23,1,81,34,0,116,22,81,36,0,139,0,0,0,139
03/31/2019,JNU,AK,AAL,WE,Towers with Radar,19,1,3,0,23,1,59,37,0,97,20,60,40,0,120,18,0,18,138
04/01/2019,JNU,AK,AAL,WE,Towers with Radar,26,1,0,0,27,1,111,37,2,151,27,112,37,2,178,10,0,10,188
04/02/2019,JNU,AK,AAL,WE,Towers with Radar,26,1,0,0,27,2,144,43,0,189,28,145,43,0,216,0,0,0,216
04/03/2019,JNU,AK,AAL,WE,Towers with Radar,22,2,1,0,25,1,129,34,0,164,23,131,35,0,189,10,0,10,199
04/04/2019,JNU,AK,AAL,WE,Towers with Radar,28,14,3,0,45,0,52,15,0,67,28,66,18,0,112,2,0,2,114
04/05/2019,JNU,AK,AAL,WE,Towers with Radar,31,6,5,0,42,0,96,20,0,116,31,102,25,0,158,4,0,4,162
04/06/2019,JNU,AK,AAL,WE,Towers with Radar,25,5,2,0,32,0,72,32,0,104,25,77,34,0,136,22,0,22,158
04/07/2019,JNU,AK,AAL,WE,Towers with Radar,24,0,9,0,33,0,65,14,0,79,24,65,23,0,112,0,0,0,112
04/08/2019,JNU,AK,AAL,WE,Towers with Radar,23,5,6,0,34,1,66,16,0,83,24,71,22,0,117,0,0,0,117
04/09/2019,JNU,AK,AAL,WE,Towers with Radar,26,2,7,0,35,3,78,22,0,103,29,80,29,0,138,4,0,4,142
04/10/2019,JNU,AK,AAL,WE,Towers with Radar,28,4,6,0,38,2,92,24,0,118,30,96,30,0,156,8,0,8,164
04/11/2019,JNU,AK,AAL,WE,Towers with Radar,31,7,2,0,40,0,124,29,0,153,31,131,31,0,193,12,0,12,205
04/12/2019,JNU,AK,AAL,WE,Towers with Radar,29,7,6,3,45,0,121,25,0,146,29,128,31,3,191,14,0,14,205
04/13/2019,JNU,AK,AAL,WE,Towers with Radar,28,8,3,0,39,2,134,50,0,186,30,142,53,0,225,14,0,14,239
04/14/2019,JNU,AK,AAL,WE,Towers with Radar,26,1,2,0,29,1,80,17,0,98,27,81,19,0,127,0,0,0,127
04/15/2019,JNU,AK,AAL,WE,Towers with Radar,23,2,3,0,28,2,137,33,2,174,25,139,36,2,202,28,8,36,238
04/16/2019,JNU,AK,AAL,WE,Towers with Radar,27,4,4,1,36,1,97,27,2,127,28,101,31,3,163,4,0,4,167
04/17/2019,JNU,AK,AAL,WE,Towers with Radar,27,3,4,0,34,0,103,21,1,125,27,106,25,1,159,0,0,0,159
04/18/2019,JNU,AK,AAL,WE,Towers with Radar,29,4,2,0,35,0,55,9,2,66,29,59,11,2,101,0,0,0,101
04/19/2019,JNU,AK,AAL,WE,Towers with Radar,26,1,3,0,30,1,135,29,0,165,27,136,32,0,195,42,0,42,237
04/20/2019,JNU,AK,AAL,WE,Towers with Radar,28,5,5,0,38,1,112,22,0,135,29,117,27,0,173,0,0,0,173
04/21/2019,JNU,AK,AAL,WE,Towers with Radar,32,3,3,0,38,0,20,16,0,36,32,23,19,0,74,0,0,0,74
04/22/2019,JNU,AK,AAL,WE,Towers with Radar,24,3,1,0,28,1,80,9,0,90,25,83,10,0,118,0,0,0,118
04/23/2019,JNU,AK,AAL,WE,Towers with Radar,24,6,9,0,39,0,123,8,0,131,24,129,17,0,170,0,0,0,170
04/24/2019,JNU,AK,AAL,WE,Towers with Radar,27,0,5,0,32,3,187,25,1,216,30,187,30,1,248,0,0,0,248
04/25/2019,JNU,AK,AAL,WE,Towers with Radar,34,12,3,2,51,0,162,26,0,188,34,174,29,2,239,58,0,58,297
04/26/2019,JNU,AK,AAL,WE,Towers with Radar,27,5,7,1,40,1,189,66,4,260,28,194,73,5,300,30,0,30,330
04/27/2019,JNU,AK,AAL,WE,Towers with Radar,25,2,2,0,29,2,236,60,5,303,27,238,62,5,332,8,0,8,340
04/28/2019,JNU,AK,AAL,WE,Towers with Radar,29,3,2,0,34,1,286,81,0,368,30,289,83,0,402,0,0,0,402
04/29/2019,JNU,AK,AAL,WE,Towers with Radar,22,1,3,2,28,3,201,63,3,270,25,202,66,5,298,2,0,2,300
04/30/2019,JNU,AK,AAL,WE,Towers with Radar,29,5,2,0,36,1,167,65,5,238,30,172,67,5,274,22,4,26,300
05/01/2019,JNU,AK,AAL,WE,Towers with Radar,21,1,0,0,22,5,331,53,1,390,26,332,53,1,412,32,2,34,446
05/02/2019,JNU,AK,AAL,WE,Towers with Radar,28,20,9,0,57,0,125,17,0,142,28,145,26,0,199,48,0,48,247
05/03/2019,JNU,AK,AAL,WE,Towers with Radar,31,11,4,0,46,1,168,29,1,199,32,179,33,1,245,14,0,14,259
05/04/2019,JNU,AK,AAL,WE,Towers with Radar,22,11,7,0,40,1,154,18,0,173,23,165,25,0,213,48,0,48,261
05/05/2019,JNU,AK,AAL,WE,Towers with Radar,23,7,9,0,39,0,92,26,0,118,23,99,35,0,157,12,0,12,169
05/06/2019,JNU,AK,AAL,WE,Towers with Radar,25,7,12,0,44,0,294,24,0,318,25,301,36,0,362,32,0,32,394
05/07/2019,JNU,AK,AAL,WE,Towers with Radar,28,6,12,0,46,0,243,14,0,257,28,249,26,0,303,0,0,0,303
05/08/2019,JNU,AK,AAL,WE,Towers with Radar,29,16,3,0,48,0,83,16,0,99,29,99,19,0,147,44,0,44,191
05/09/2019,JNU,AK,AAL,WE,Towers with Radar,37,15,6,0,58,2,268,35,1,306,39,283,41,1,364,0,0,0,364
05/10/2019,JNU,AK,AAL,WE,Towers with Radar,33,5,3,0,41,0,285,43,0,328,33,290,46,0,369,0,0,0,369
05/11/2019,JNU,AK,AAL,WE,Towers with Radar,28,9,6,4,47,5,355,72,2,434,33,364,78,6,481,28,0,28,509
05/12/2019,JNU,AK,AAL,WE,Towers with Radar,26,4,1,0,31,1,185,85,0,271,27,189,86,0,302,4,0,4,306
05/13/2019,JNU,AK,AAL,WE,Towers with Radar,25,3,2,0,30,2,531,66,0,599,27,534,68,0,629,0,0,0,629
05/14/2019,JNU,AK,AAL,WE,Towers with Radar,28,2,6,2,38,2,776,53,0,831,30,778,59,2,869,8,0,8,877
05/15/2019,JNU,AK,AAL,WE,Towers with Radar,31,5,8,0,44,1,496,42,0,539,32,501,50,0,583,10,0,10,593
05/16/2019,JNU,AK,AAL,WE,Towers with Radar,29,12,6,0,47,1,391,36,0,428,30,403,42,0,475,44,0,44,519
05/17/2019,JNU,AK,AAL,WE,Towers with Radar,27,14,7,2,50,3,178,42,0,223,30,192,49,2,273,0,2,2,275
05/18/2019,JNU,AK,AAL,WE,Towers with Radar,32,7,1,0,40,4,298,73,0,375,36,305,74,0,415,22,0,22,437
05/19/2019,JNU,AK,AAL,WE,Towers with Radar,29,4,5,0,38,3,638,67,0,708,32,642,72,0,746,4,0,4,750
05/20/2019,JNU,AK,AAL,WE,Towers with Radar,26,10,2,0,38,2,519,41,1,563,28,529,43,1,601,4,0,4,605
05/21/2019,JNU,AK,AAL,WE,Towers with Radar,31,1,7,1,40,4,813,51,0,868,35,814,58,1,908,6,0,6,914
05/22/2019,JNU,AK,AAL,WE,Towers with Radar,27,2,3,0,32,1,512,38,0,551,28,514,41,0,583,0,0,0,583
05/23/2019,JNU,AK,AAL,WE,Towers with Radar,28,9,1,2,40,1,299,26,1,327,29,308,27,3,367,6,0,6,373
05/24/2019,JNU,AK,AAL,WE,Towers with Radar,30,2,3,0,35,1,315,57,0,373,31,317,60,0,408,8,0,8,416
05/25/2019,JNU,AK,AAL,WE,Towers with Radar,26,4,3,0,33,1,323,56,0,380,27,327,59,0,413,22,6,28,441
05/26/2019,JNU,AK,AAL,WE,Towers with Radar,25,1,0,0,26,3,594,38,0,635,28,595,38,0,661,0,0,0,661
05/27/2019,JNU,AK,AAL,WE,Towers with Radar,24,2,2,0,28,1,584,56,0,641,25,586,58,0,669,8,0,8,677
05/28/2019,JNU,AK,AAL,WE,Towers with Radar,40,15,5,0,60,1,585,32,0,618,41,600,37,0,678,8,0,8,686
05/29/2019,JNU,AK,AAL,WE,Towers with Radar,32,10,4,0,46,1,712,58,4,775,33,722,62,4,821,4,0,4,825
05/30/2019,JNU,AK,AAL,WE,Towers with Radar,27,4,6,0,37,3,699,41,0,743,30,703,47,0,780,6,0,6,786
05/31/2019,JNU,AK,AAL,WE,Towers with Radar,29,8,7,2,46,1,421,27,0,449,30,429,34,2,495,0,0,0,495
06/01/2019,JNU,AK,AAL,WE,Towers with Radar,28,14,7,1,50,0,227,33,0,260,28,241,40,1,310,0,0,0,310
06/02/2019,JNU,AK,AAL,WE,Towers with Radar,30,3,2,0,35,2,686,58,1,747,32,689,60,1,782,4,0,4,786
06/03/2019,JNU,AK,AAL,WE,Towers with Radar,35,9,8,0,52,1,582,52,0,635,36,591,60,0,687,39,0,39,726
06/04/2019,JNU,AK,AAL,WE,Towers with Radar,22,6,7,0,35,2,726,50,0,778,24,732,57,0,813,32,0,32,845
06/05/2019,JNU,AK,AAL,WE,Towers with Radar,32,5,3,0,40,2,675,62,2,741,34,680,65,2,781,6,0,6,787
06/06/2019,JNU,AK,AAL,WE,Towers with Radar,37,7,0,0,44,3,806,87,12,908,40,813,87,12,952,10,0,10,962
06/07/2019,JNU,AK,AAL,WE,Towers with Radar,39,10,9,0,58,1,586,71,0,658,40,596,80,0,716,6,0,6,722
06/08/2019,JNU,AK,AAL,WE,Towers with Radar,31,10,9,0,50,1,377,37,0,415,32,387,46,0,465,22,0,22,487
06/09/2019,JNU,AK,AAL,WE,Towers with Radar,38,7,4,0,49,7,589,62,0,658,45,596,66,0,707,0,0,0,707
06/10/2019,JNU,AK,AAL,WE,Towers with Radar,44,16,11,0,71,2,442,50,0,494,46,458,61,0,565,0,0,0,565
06/11/2019,JNU,AK,AAL,WE,Towers with Radar,42,10,13,0,65,0,164,31,0,195,42,174,44,0,260,14,0,14,274
06/12/2019,JNU,AK,AAL,WE,Towers with Radar,37,15,5,0,57,0,191,31,0,222,37,206,36,0,279,4,0,4,283
06/13/2019,JNU,AK,AAL,WE,Towers with Radar,34,11,6,0,51,0,629,56,0,685,34,640,62,0,736,26,0,26,762
06/14/2019,JNU,AK,AAL,WE,Towers with Radar,36,2,4,0,42,5,474,67,0,546,41,476,71,0,588,6,0,6,594
06/15/2019,JNU,AK,AAL,WE,Towers with Radar,29,9,8,0,46,1,490,58,0,549,30,499,66,0,595,2,0,2,597
06/16/2019,JNU,AK,AAL,WE,Towers with Radar,38,6,10,0,54,0,659,44,1,704,38,665,54,1,758,14,0,14,772
06/17/2019,JNU,AK,AAL,WE,Towers with Radar,33,14,9,0,56,0,243,29,0,272,33,257,38,0,328,6,0,6,334
06/18/2019,JNU,AK,AAL,WE,Towers with Radar,43,17,10,0,70,2,686,53,2,743,45,703,63,2,813,26,0,26,839
06/19/2019,JNU,AK,AAL,WE,Towers with Radar,32,7,7,0,46,3,549,37,1,590,35,556,44,1,636,28,0,28,664
06/20/2019,JNU,AK,AAL,WE,Towers with Radar,38,8,4,0,50,4,644,68,2,718,42,652,72,2,768,6,0,6,774
06/21/2019,JNU,AK,AAL,WE,Towers with Radar,30,10,5,2,47,2,600,69,0,671,32,610,74,2,718,16,0,16,734
06/22/2019,JNU,AK,AAL,WE,Towers with Radar,38,10,9,0,57,3,313,35,0,351,41,323,44,0,408,0,0,0,408
06/23/2019,JNU,AK,AAL,WE,Towers with Radar,33,7,4,0,44,2,782,54,0,838,35,789,58,0,882,20,0,20,902
06/24/2019,JNU,AK,AAL,WE,Towers with Radar,35,2,1,2,40,4,660,66,0,730,39,662,67,2,770,0,0,0,770
06/25/2019,JNU,AK,AAL,WE,Towers with Radar,36,14,5,1,56,3,1023,84,1,1111,39,1037,89,2,1167,0,0,0,1167
06/26/2019,JNU,AK,AAL,WE,Towers with Radar,29,12,5,1,47,3,591,76,2,672,32,603,81,3,719,12,0,12,731
06/27/2019,JNU,AK,AAL,WE,Towers with Radar,36,10,6,0,52,4,594,53,0,651,40,604,59,0,703,0,0,0,703
06/28/2019,JNU,AK,AAL,WE,Towers with Radar,33,6,6,0,45,5,581,100,0,686,38,587,106,0,731,55,0,55,786
06/29/2019,JNU,AK,AAL,WE,Towers with Radar,30,5,5,0,40,5,472,80,0,557,35,477,85,0,597,34,0,34,631
06/30/2019,JNU,AK,AAL,WE,Towers with Radar,35,5,3,2,45,5,820,98,0,923,40,825,101,2,968,26,0,26,994
07/01/2019,JNU,AK,AAL,WE,Towers with Radar,30,12,5,0,47,1,608,142,2,753,31,620,147,2,800,3,0,3,803
07/02/2019,JNU,AK,AAL,WE,Towers with Radar,35,8,4,0,47,6,921,90,0,1017,41,929,94,0,1064,4,0,4,1068
07/03/2019,JNU,AK,AAL,WE,Towers with Radar,31,4,2,0,37,2,583,61,0,646,33,587,63,0,683,2,2,4,687
07/04/2019,JNU,AK,AAL,WE,Towers with Radar,32,4,4,2,42,2,446,46,0,494,34,450,50,2,536,0,0,0,536
07/05/2019,JNU,AK,AAL,WE,Towers with Radar,34,4,7,0,45,4,587,69,0,660,38,591,76,0,705,12,0,12,717
07/06/2019,JNU,AK,AAL,WE,Towers with Radar,33,1,5,0,39,6,534,55,0,595,39,535,60,0,634,6,0,6,640
07/07/2019,JNU,AK,AAL,WE,Towers with Radar,36,4,4,0,44,0,770,59,0,829,36,774,63,0,873,0,0,0,873
07/08/2019,JNU,AK,AAL,WE,Towers with Radar,33,3,7,0,43,3,710,40,0,753,36,713,47,0,796,0,0,0,796
07/09/2019,JNU,AK,AAL,WE,Towers with Radar,41,5,5,0,51,4,970,51,0,1025,45,975,56,0,1076,4,0,4,1080
07/10/2019,JNU,AK,AAL,WE,Towers with Radar,30,11,5,0,46,1,749,43,0,793,31,760,48,0,839,6,0,6,845
07/11/2019,JNU,AK,AAL,WE,Towers with Radar,38,17,14,0,69,0,483,39,0,522,38,500,53,0,591,4,0,4,595
07/12/2019,JNU,AK,AAL,WE,Towers with Radar,50,18,12,0,80,0,439,61,0,500,50,457,73,0,580,22,0,22,602
07/13/2019,JNU,AK,AAL,WE,Towers with Radar,30,6,19,0,55,3,382,60,0,445,33,388,79,0,500,28,0,28,528
07/14/2019,JNU,AK,AAL,WE,Towers with Radar,38,8,5,0,51,4,679,63,0,746,42,687,68,0,797,14,0,14,811
07/15/2019,JNU,AK,AAL,WE,Towers with Radar,37,4,11,0,52,1,574,36,0,611,38,578,47,0,663,14,0,14,677
07/16/2019,JNU,AK,AAL,WE,Towers with Radar,40,6,11,0,57,0,711,33,0,744,40,717,44,0,801,0,0,0,801
07/17/2019,JNU,AK,AAL,WE,Towers with Radar,31,2,6,0,39,3,639,51,1,694,34,641,57,1,733,10,0,10,743
07/18/2019,JNU,AK,AAL,WE,Towers with Radar,32,14,7,0,53,0,90,14,0,104,32,104,21,0,157,2,0,2,159
07/19/2019,JNU,AK,AAL,WE,Towers with Radar,39,16,23,0,78,0,104,21,2,127,39,120,44,2,205,22,0,22,227
07/20/2019,JNU,AK,AAL,WE,Towers with Radar,38,11,8,2,59,0,189,30,0,219,38,200,38,2,278,8,0,8,286
07/21/2019,JNU,AK,AAL,WE,Towers with Radar,35,12,5,0,52,8,774,54,0,836,43,786,59,0,888,0,0,0,888
07/22/2019,JNU,AK,AAL,WE,Towers with Radar,37,2,5,0,44,1,779,69,0,849,38,781,74,0,893,0,0,0,893
07/23/2019,JNU,AK,AAL,WE,Towers with Radar,45,4,2,0,51,5,869,54,0,928,50,873,56,0,979,10,0,10,989
07/24/2019,JNU,AK,AAL,WE,Towers with Radar,37,6,13,0,56,3,529,52,0,584,40,535,65,0,640,8,0,8,648
07/25/2019,JNU,AK,AAL,WE,Towers with Radar,37,11,4,1,53,2,818,57,1,878,39,829,61,2,931,7,0,7,938
07/26/2019,JNU,AK,AAL,WE,Towers with Radar,35,9,13,0,57,2,413,49,0,464,37,422,62,0,521,32,0,32,553
07/27/2019,JNU,AK,AAL,WE,Towers with Radar,37,17,9,0,63,0,454,59,6,519,37,471,68,6,582,36,0,36,618
07/28/2019,JNU,AK,AAL,WE,Towers with Radar,35,7,5,2,49,3,539,40,1,583,38,546,45,3,632,14,0,14,646
07/29/2019,JNU,AK,AAL,WE,Towers with Radar,35,6,7,0,48,3,594,52,0,649,38,600,59,0,697,14,0,14,711
07/30/2019,JNU,AK,AAL,WE,Towers with Radar,34,5,7,0,46,7,968,72,0,1047,41,973,79,0,1093,16,0,16,1109
07/31/2019,JNU,AK,AAL,WE,Towers with Radar,37,5,3,0,45,0,739,66,0,805,37,744,69,0,850,0,0,0,850
08/01/2019,JNU,AK,AAL,WE,Towers with Radar,33,8,6,0,47,2,536,42,0,580,35,544,48,0,627,10,0,10,637
08/02/2019,JNU,AK,AAL,WE,Towers with Radar,36,57,6,1,100,4,560,69,2,635,40,617,75,3,735,11,0,11,746
08/03/2019,JNU,AK,AAL,WE,Towers with Radar,29,8,3,2,42,3,497,63,2,565,32,505,66,4,607,0,0,0,607
08/04/2019,JNU,AK,AAL,WE,Towers with Radar,32,5,3,0,40,1,789,61,0,851,33,794,64,0,891,2,0,2,893
08/05/2019,JNU,AK,AAL,WE,Towers with Radar,28,5,5,0,38,4,718,60,0,782,32,723,65,0,820,38,0,38,858
08/06/2019,JNU,AK,AAL,WE,Towers with Radar,36,6,1,1,44,5,922,53,1,981,41,928,54,2,1025,18,0,18,1043
08/07/2019,JNU,AK,AAL,WE,Towers with Radar,36,8,10,0,54,7,640,50,2,699,43,648,60,2,753,12,0,12,765
08/08/2019,JNU,AK,AAL,WE,Towers with Radar,42,2,5,0,49,2,696,54,0,752,44,698,59,0,801,0,0,0,801
08/09/2019,JNU,AK,AAL,WE,Towers with Radar,36,9,3,0,48,1,628,74,0,703,37,637,77,0,751,24,0,24,775
08/10/2019,JNU,AK,AAL,WE,Towers with Radar,32,8,5,0,45,2,526,57,0,585,34,534,62,0,630,4,0,4,634
08/11/2019,JNU,AK,AAL,WE,Towers with Radar,34,3,5,0,42,4,660,82,0,746,38,663,87,0,788,0,0,0,788
08/12/2019,JNU,AK,AAL,WE,Towers with Radar,34,2,4,0,40,2,589,64,0,655,36,591,68,0,695,2,2,4,699
08/13/2019,JNU,AK,AAL,WE,Towers with Radar,36,2,6,0,44,9,859,57,3,928,45,861,63,3,972,12,0,12,984
08/14/2019,JNU,AK,AAL,WE,Towers with Radar,36,15,3,0,54,0,464,40,1,505,36,479,43,1,559,4,0,4,563
08/15/2019,JNU,AK,AAL,WE,Towers with Radar,32,8,14,0,54,1,341,45,1,388,33,349,59,1,442,8,0,8,450
08/16/2019,JNU,AK,AAL,WE,Towers with Radar,34,11,4,2,51,5,494,65,2,566,39,505,69,4,617,0,0,0,617
08/17/2019,JNU,AK,AAL,WE,Towers with Radar,27,21,8,5,61,2,164,25,1,192,29,185,33,6,253,0,0,0,253
08/18/2019,JNU,AK,AAL,WE,Towers with Radar,34,11,3,0,48,4,106,26,0,136,38,117,29,0,184,0,0,0,184
08/19/2019,JNU,AK,AAL,WE,Towers with Radar,31,6,8,1,46,3,518,65,2,588,34,524,73,3,634,24,0,24,658
08/20/2019,JNU,AK,AAL,WE,Towers with Radar,32,4,8,5,49,2,645,41,0,688,34,649,49,5,737,18,0,18,755
08/21/2019,JNU,AK,AAL,WE,Towers with Radar,26,2,3,0,31,4,364,34,0,402,30,366,37,0,433,22,0,22,455
08/22/2019,JNU,AK,AAL,WE,Towers with Radar,38,15,3,0,56,0,395,20,0,415,38,410,23,0,471,0,0,0,471
08/23/2019,JNU,AK,AAL,WE,Towers with Radar,32,26,16,0,74,0,205,22,1,228,32,231,38,1,302,14,0,14,316
08/24/2019,JNU,AK,AAL,WE,Towers with Radar,29,7,3,0,39,0,108,26,0,134,29,115,29,0,173,20,0,20,193
08/25/2019,JNU,AK,AAL,WE,Towers with Radar,34,10,8,2,54,2,245,33,1,281,36,255,41,3,335,24,0,24,359
08/26/2019,JNU,AK,AAL,WE,Towers with Radar,32,9,10,0,51,0,151,29,0,180,32,160,39,0,231,12,0,12,243
08/27/2019,JNU,AK,AAL,WE,Towers with Radar,33,8,4,0,45,1,667,33,1,702,34,675,37,1,747,0,0,0,747
08/28/2019,JNU,AK,AAL,WE,Towers with Radar,37,13,9,0,59,5,449,30,1,485,42,462,39,1,544,4,0,4,548
08/29/2019,JNU,AK,AAL,WE,Towers with Radar,39,4,2,0,45,1,514,55,3,573,40,518,57,3,618,15,0,15,633
08/30/2019,JNU,AK,AAL,WE,Towers with Radar,30,1,0,0,31,2,492,71,2,567,32,493,71,2,598,14,0,14,612
08/31/2019,JNU,AK,AAL,WE,Towers with Radar,28,6,0,0,34,4,450,63,0,517,32,456,63,0,551,24,0,24,575
09/01/2019,JNU,AK,AAL,WE,Towers with Radar,33,2,4,2,41,0,491,65,0,556,33,493,69,2,597,34,0,34,631
09/02/2019,JNU,AK,AAL,WE,Towers with Radar,23,18,11,0,52,1,216,21,0,238,24,234,32,0,290,0,0,0,290
09/03/2019,JNU,AK,AAL,WE,Towers with Radar,30,15,8,0,53,0,249,25,0,274,30,264,33,0,327,28,0,28,355
09/04/2019,JNU,AK,AAL,WE,Towers with Radar,31,9,4,0,44,3,355,38,2,398,34,364,42,2,442,0,0,0,442
09/05/2019,JNU,AK,AAL,WE,Towers with Radar,30,5,0,0,35,0,508,49,2,559,30,513,49,2,594,28,0,28,622
09/06/2019,JNU,AK,AAL,WE,Towers with Radar,31,5,5,0,41,1,415,53,1,470,32,420,58,1,511,31,0,31,542
09/07/2019,JNU,AK,AAL,WE,Towers with Radar,26,10,2,0,38,0,295,56,2,353,26,305,58,2,391,4,0,4,395
09/08/2019,JNU,AK,AAL,WE,Towers with Radar,32,4,4,3,43,4,329,55,1,389,36,333,59,4,432,27,0,27,459
09/09/2019,JNU,AK,AAL,WE,Towers with Radar,30,4,6,0,40,1,452,40,0,493,31,456,46,0,533,0,0,0,533
09/10/2019,JNU,AK,AAL,WE,Towers with Radar,30,2,4,0,36,3,437,63,0,503,33,439,67,0,539,54,0,54,593
09/11/2019,JNU,AK,AAL,WE,Towers with Radar,28,8,1,0,37,1,357,21,2,381,29,365,22,2,418,8,0,8,426
09/12/2019,JNU,AK,AAL,WE,Towers with Radar,23,9,8,0,40,0,162,18,0,180,23,171,26,0,220,2,0,2,222
09/13/2019,JNU,AK,AAL,WE,Towers with Radar,29,6,8,0,43,1,202,26,1,230,30,208,34,1,273,0,0,0,273
09/14/2019,JNU,AK,AAL,WE,Towers with Radar,20,7,3,0,30,3,194,49,4,250,23,201,52,4,280,0,0,0,280
09/15/2019,JNU,AK,AAL,WE,Towers with Radar,25,9,3,0,37,1,289,59,0,349,26,298,62,0,386,8,0,8,394
09/16/2019,JNU,AK,AAL,WE,Towers with Radar,23,5,5,0,33,2,200,13,0,215,25,205,18,0,248,4,0,4,252
09/17/2019,JNU,AK,AAL,WE,Towers with Radar,27,72,7,1,107,0,191,38,1,230,27,263,45,2,337,34,0,34,371
09/18/2019,JNU,AK,AAL,WE,Towers with Radar,28,11,5,0,44,0,205,6,0,211,28,216,11,0,255,0,0,0,255
09/19/2019,JNU,AK,AAL,WE,Towers with Radar,25,8,6,0,39,0,165,21,1,187,25,173,27,1,226,8,0,8,234
09/20/2019,JNU,AK,AAL,WE,Towers with Radar,27,8,2,0,37,0,1,2,4,7,27,9,4,4,44,0,0,0,44
09/21/2019,JNU,AK,AAL,WE,Towers with Radar,21,16,7,0,44,0,137,27,1,165,21,153,34,1,209,0,0,0,209
09/22/2019,JNU,AK,AAL,WE,Towers with Radar,24,6,5,0,35,0,123,40,0,163,24,129,45,0,198,0,0,0,198
09/23/2019,JNU,AK,AAL,WE,Towers with Radar,26,7,6,0,39,0,171,3,0,174,26,178,9,0,213,2,0,2,215
09/24/2019,JNU,AK,AAL,WE,Towers with Radar,31,8,15,0,54,0,53,17,0,70,31,61,32,0,124,0,0,0,124
09/25/2019,JNU,AK,AAL,WE,Towers with Radar,23,5,11,0,39,1,167,15,1,184,24,172,26,1,223,0,0,0,223
09/26/2019,JNU,AK,AAL,WE,Towers with Radar,29,6,8,0,43,2,134,33,0,169,31,140,41,0,212,52,0,52,264
09/27/2019,JNU,AK,AAL,WE,Towers with Radar,30,10,2,0,42,0,147,51,1,199,30,157,53,1,241,16,0,16,257
09/28/2019,JNU,AK,AAL,WE,Towers with Radar,24,5,5,0,34,1,140,59,0,200,25,145,64,0,234,8,0,8,242
09/29/2019,JNU,AK,AAL,WE,Towers with Radar,26,1,1,0,28,3,95,67,0,165,29,96,68,0,193,20,0,20,213
09/30/2019,JNU,AK,AAL,WE,Towers with Radar,27,7,4,0,38,0,102,15,0,117,27,109,19,0,155,20,0,20,175
10/01/2019,JNU,AK,AAL,WE,Towers with Radar,27,9,3,0,39,0,45,4,1,50,27,54,7,1,89,0,0,0,89
10/02/2019,JNU,AK,AAL,WE,Towers with Radar,21,9,7,0,37,3,149,17,0,169,24,158,24,0,206,8,0,8,214
10/03/2019,JNU,AK,AAL,WE,Towers with Radar,29,40,9,0,78,1,86,23,0,110,30,126,32,0,188,12,0,12,200
10/04/2019,JNU,AK,AAL,WE,Towers with Radar,27,40,4,0,71,0,83,33,0,116,27,123,37,0,187,10,0,10,197
10/05/2019,JNU,AK,AAL,WE,Towers with Radar,20,13,7,1,41,0,41,10,0,51,20,54,17,1,92,2,0,2,94
10/06/2019,JNU,AK,AAL,WE,Towers with Radar,16,2,0,0,18,0,36,4,0,40,16,38,4,0,58,4,0,4,62
10/07/2019,JNU,AK,AAL,WE,Towers with Radar,16,2,0,1,19,2,115,28,1,146,18,117,28,2,165,6,0,6,171
10/08/2019,JNU,AK,AAL,WE,Towers with Radar,18,2,1,0,21,0,106,35,0,141,18,108,36,0,162,11,0,11,173
10/09/2019,JNU,AK,AAL,WE,Towers with Radar,18,15,4,1,38,1,92,14,0,107,19,107,18,1,145,0,0,0,145
10/10/2019,JNU,AK,AAL,WE,Towers with Radar,25,7,5,0,37,0,77,8,0,85,25,84,13,0,122,0,0,0,122
10/11/2019,JNU,AK,AAL,WE,Towers with Radar,20,6,2,0,28,0,67,6,0,73,20,73,8,0,101,6,0,6,107
10/12/2019,JNU,AK,AAL,WE,Towers with Radar,18,4,7,0,29,0,64,20,0,84,18,68,27,0,113,0,0,0,113
10/13/2019,JNU,AK,AAL,WE,Towers with Radar,15,0,0,0,15,0,75,35,1,111,15,75,35,1,126,0,0,0,126
10/14/2019,JNU,AK,AAL,WE,Towers with Radar,21,2,1,0,24,0,102,25,1,128,21,104,26,1,152,2,0,2,154
10/15/2019,JNU,AK,AAL,WE,Towers with Radar,22,31,1,0,54,0,34,9,0,43,22,65,10,0,97,2,0,2,99
10/16/2019,JNU,AK,AAL,WE,Towers with Radar,26,6,3,0,35,0,79,9,0,88,26,85,12,0,123,0,0,0,123
10/17/2019,JNU,AK,AAL,WE,Towers with Radar,19,24,2,0,45,1,76,10,0,87,20,100,12,0,132,0,0,0,132
10/18/2019,JNU,AK,AAL,WE,Towers with Radar,21,5,4,0,30,0,90,18,0,108,21,95,22,0,138,10,0,10,148
10/19/2019,JNU,AK,AAL,WE,Towers with Radar,22,1,7,0,30,1,65,33,3,102,23,66,40,3,132,58,0,58,190
10/20/2019,JNU,AK,AAL,WE,Towers with Radar,19,4,3,1,27,1,53,43,2,99,20,57,46,3,126,30,0,30,156
10/21/2019,JNU,AK,AAL,WE,Towers with Radar,20,4,2,0,26,2,76,24,0,102,22,80,26,0,128,4,0,4,132
10/22/2019,JNU,AK,AAL,WE,Towers with Radar,18,8,1,0,27,0,82,4,0,86,18,90,5,0,113,0,0,0,113
10/23/2019,JNU,AK,AAL,WE,Towers with Radar,21,10,2,0,33,0,50,6,0,56,21,60,8,0,89,8,0,8,97
10/24/2019,JNU,AK,AAL,WE,Towers with Radar,19,5,5,0,29,0,61,15,0,76,19,66,20,0,105,18,0,18,123
10/25/2019,JNU,AK,AAL,WE,Towers with Radar,21,7,5,0,33,1,78,24,0,103,22,85,29,0,136,6,0,6,142
10/26/2019,JNU,AK,AAL,WE,Towers with Radar,22,9,2,0,33,0,50,7,0,57,22,59,9,0,90,12,0,12,102
10/27/2019,JNU,AK,AAL,WE,Towers with Radar,19,5,5,0,29,0,34,22,0,56,19,39,27,0,85,26,0,26,111
10/28/2019,JNU,AK,AAL,WE,Towers with Radar,20,10,5,0,35,0,75,13,0,88,20,85,18,0,123,21,0,21,144
10/29/2019,JNU,AK,AAL,WE,Towers with Radar,20,9,1,0,30,0,60,2,0,62,20,69,3,0,92,0,0,0,92
10/30/2019,JNU,AK,AAL,WE,Towers with Radar,16,8,0,0,24,0,57,1,0,58,16,65,1,0,82,0,0,0,82
10/31/2019,JNU,AK,AAL,WE,Towers with Radar,20,7,4,0,31,0,74,18,0,92,20,81,22,0,123,62,0,62,185
11/01/2019,JNU,AK,AAL,WE,Towers with Radar,20,7,4,0,31,0,22,5,0,27,20,29,9,0,58,2,0,2,60
11/02/2019,JNU,AK,AAL,WE,Towers with Radar,20,5,1,0,26,0,42,6,0,48,20,47,7,0,74,36,0,36,110
11/03/2019,JNU,AK,AAL,WE,Towers with Radar,19,6,2,0,27,0,71,18,0,89,19,77,20,0,116,12,0,12,128
11/04/2019,JNU,AK,AAL,WE,Towers with Radar,20,9,0,0,29,0,21,0,1,22,20,30,0,1,51,0,0,0,51
11/05/2019,JNU,AK,AAL,WE,Towers with Radar,17,7,1,0,25,0,104,25,2,131,17,111,26,2,156,22,0,22,178
11/06/2019,JNU,AK,AAL,WE,Towers with Radar,23,5,3,1,32,0,90,21,0,111,23,95,24,1,143,40,0,40,183
11/07/2019,JNU,AK,AAL,WE,Towers with Radar,21,12,1,0,34,0,0,0,1,1,21,12,1,1,35,0,0,0,35
11/08/2019,JNU,AK,AAL,WE,Towers with Radar,9,4,0,0,13,0,2,0,0,2,9,6,0,0,15,0,0,0,15
11/09/2019,JNU,AK,AAL,WE,Towers with Radar,15,6,1,0,22,0,29,6,2,37,15,35,7,2,59,4,0,4,63
11/10/2019,JNU,AK,AAL,WE,Towers with Radar,18,2,0,1,21,0,66,23,0,89,18,68,23,1,110,24,0,24,134
11/11/2019,JNU,AK,AAL,WE,Towers with Radar,17,9,5,0,31,1,68,17,0,86,18,77,22,0,117,8,0,8,125
11/12/2019,JNU,AK,AAL,WE,Towers with Radar,17,19,2,0,38,0,51,1,2,54,17,70,3,2,92,0,0,0,92
11/13/2019,JNU,AK,AAL,WE,Towers with Radar,19,13,5,0,37,0,97,9,0,106,19,110,14,0,143,0,0,0,143
11/14/2019,JNU,AK,AAL,WE,Towers with Radar,20,11,3,0,34,0,66,8,2,76,20,77,11,2,110,0,0,0,110
11/15/2019,JNU,AK,AAL,WE,Towers with Radar,25,10,1,0,36,0,83,9,0,92,25,93,10,0,128,0,0,0,128
11/16/2019,JNU,AK,AAL,WE,Towers with Radar,21,8,3,0,32,0,36,5,0,41,21,44,8,0,73,8,0,8,81
11/17/2019,JNU,AK,AAL,WE,Towers with Radar,19,3,5,0,27,0,59,12,0,71,19,62,17,0,98,0,0,0,98
11/18/2019,JNU,AK,AAL,WE,Towers with Radar,16,9,1,0,26,0,101,17,0,118,16,110,18,0,144,18,0,18,162
11/19/2019,JNU,AK,AAL,WE,Towers with Radar,21,8,0,2,31,0,75,11,1,87,21,83,11,3,118,0,0,0,118
11/20/2019,JNU,AK,AAL,WE,Towers with Radar,18,10,4,0,32,0,46,11,0,57,18,56,15,0,89,0,20,20,109
11/21/2019,JNU,AK,AAL,WE,Towers with Radar,14,13,2,0,29,0,76,3,2,81,14,89,5,2,110,0,0,0,110
11/22/2019,JNU,AK,AAL,WE,Towers with Radar,18,3,0,0,21,0,88,5,1,94,18,91,5,1,115,0,0,0,115
11/23/2019,JNU,AK,AAL,WE,Towers with Radar,20,12,2,0,34,0,57,7,0,64,20,69,9,0,98,0,0,0,98
11/24/2019,JNU,AK,AAL,WE,Towers with Radar,16,5,5,0,26,0,40,12,0,52,16,45,17,0,78,12,0,12,90
11/25/2019,JNU,AK,AAL,WE,Towers with Radar,17,5,1,0,23,1,53,16,0,70,18,58,17,0,93,26,0,26,119
11/26/2019,JNU,AK,AAL,WE,Towers with Radar,20,2,0,1,23,0,108,34,4,146,20,110,34,5,169,33,0,33,202
11/27/2019,JNU,AK,AAL,WE,Towers with Radar,21,1,0,0,22,1,107,28,4,140,22,108,28,4,162,2,0,2,164
11/28/2019,JNU,AK,AAL,WE,Towers with Radar,14,4,0,0,18,0,1,27,0,28,14,5,27,0,46,42,0,42,88
11/29/2019,JNU,AK,AAL,WE,Towers with Radar,12,2,1,0,15,0,75,29,11,115,12,77,30,11,130,16,0,16,146
11/30/2019,JNU,AK,AAL,WE,Towers with Radar,23,2,0,0,25,0,58,14,0,72,23,60,14,0,97,0,0,0,97
12/01/2019,JNU,AK,AAL,WE,Towers with Radar,17,6,2,0,25,0,44,11,0,55,17,50,13,0,80,2,0,2,82
12/02/2019,JNU,AK,AAL,WE,Towers with Radar,18,7,1,0,26,0,69,10,0,79,18,76,11,0,105,4,0,4,109
12/03/2019,JNU,AK,AAL,WE,Towers with Radar,21,8,1,0,30,0,27,0,2,29,21,35,1,2,59,0,0,0,59
12/04/2019,JNU,AK,AAL,WE,Towers with Radar,22,3,8,0,33,0,29,15,0,44,22,32,23,0,77,0,0,0,77
12/05/2019,JNU,AK,AAL,WE,Towers with Radar,18,3,5,0,26,0,39,3,1,43,18,42,8,1,69,0,0,0,69
12/06/2019,JNU,AK,AAL,WE,Towers with Radar,20,6,6,0,32,0,72,13,0,85,20,78,19,0,117,0,0,0,117
12/07/2019,JNU,AK,AAL,WE,Towers with Radar,15,7,5,0,27,0,1,2,0,3,15,8,7,0,30,0,0,0,30
12/08/2019,JNU,AK,AAL,WE,Towers with Radar,19,4,7,2,32,0,40,6,0,46,19,44,13,2,78,0,0,0,78
12/09/2019,JNU,AK,AAL,WE,Towers with Radar,17,2,1,0,20,0,0,0,0,0,17,2,1,0,20,0,0,0,20
12/10/2019,JNU,AK,AAL,WE,Towers with Radar,22,9,3,0,34,0,83,15,4,102,22,92,18,4,136,46,0,46,182
12/11/2019,JNU,AK,AAL,WE,Towers with Radar,20,32,7,0,59,0,68,1,0,69,20,100,8,0,128,0,0,0,128
12/12/2019,JNU,AK,AAL,WE,Towers with Radar,18,12,5,0,35,0,79,17,2,98,18,91,22,2,133,42,0,42,175
12/13/2019,JNU,AK,AAL,WE,Towers with Radar,18,12,11,1,42,2,84,9,0,95,20,96,20,1,137,6,0,6,143
12/14/2019,JNU,AK,AAL,WE,Towers with Radar,16,13,2,0,31,1,69,21,0,91,17,82,23,0,122,72,0,72,194
12/15/2019,JNU,AK,AAL,WE,Towers with Radar,23,4,0,0,27,2,55,21,0,78,25,59,21,0,105,30,0,30,135
12/16/2019,JNU,AK,AAL,WE,Towers with Radar,19,19,2,0,40,0,2,0,0,2,19,21,2,0,42,0,0,0,42
12/17/2019,JNU,AK,AAL,WE,Towers with Radar,20,22,0,0,42,0,46,8,1,55,20,68,8,1,97,2,0,2,99
12/18/2019,JNU,AK,AAL,WE,Towers with Radar,20,12,2,0,34,0,52,12,0,64,20,64,14,0,98,38,0,38,136
12/19/2019,JNU,AK,AAL,WE,Towers with Radar,21,16,4,0,41,1,62,5,0,68,22,78,9,0,109,10,0,10,119
12/20/2019,JNU,AK,AAL,WE,Towers with Radar,24,14,5,0,43,0,58,12,2,72,24,72,17,2,115,8,0,8,123
12/21/2019,JNU,AK,AAL,WE,Towers with Radar,16,10,2,0,28,0,30,8,0,38,16,40,10,0,66,0,0,0,66
12/22/2019,JNU,AK,AAL,WE,Towers with Radar,18,4,2,0,24,0,48,22,0,70,18,52,24,0,94,48,0,48,142
12/23/2019,JNU,AK,AAL,WE,Towers with Radar,20,7,2,0,29,0,35,4,0,39,20,42,6,0,68,8,0,8,76
12/24/2019,JNU,AK,AAL,WE,Towers with Radar,19,4,4,0,27,0,75,5,0,80,19,79,9,0,107,6,0,6,113
12/25/2019,JNU,AK,AAL,WE,Towers with Radar,9,2,0,0,11,0,0,0,0,0,9,2,0,0,11,0,0,0,11
12/26/2019,JNU,AK,AAL,WE,Towers with Radar,16,8,2,0,26,0,34,3,0,37,16,42,5,0,63,2,0,2,65
12/27/2019,JNU,AK,AAL,WE,Towers with Radar,22,9,5,0,36,0,52,10,0,62,22,61,15,0,98,0,0,0,98
12/28/2019,JNU,AK,AAL,WE,Towers with Radar,12,6,0,0,18,0,43,14,1,58,12,49,14,1,76,22,0,22,98
12/29/2019,JNU,AK,AAL,WE,Towers with Radar,15,2,1,0,18,2,46,21,0,69,17,48,22,0,87,22,0,22,109
12/30/2019,JNU,AK,AAL,WE,Towers with Radar,16,6,2,0,24,0,38,3,0,41,16,44,5,0,65,0,0,0,65
12/31/2019,JNU,AK,AAL,WE,Towers with Radar,27,7,0,0,34,0,51,6,0,57,27,58,6,0,91,8,0,8,99
01/01/2020,JNU,AK,AAL,WE,Towers with Radar,18,1,4,0,23,0,4,14,0,18,18,5,18,0,41,0,0,0,41
01/02/2020,JNU,AK,AAL,WE,Towers with Radar,14,9,2,0,25,0,39,4,1,44,14,48,6,1,69,6,0,6,75
01/03/2020,JNU,AK,AAL,WE,Towers with Radar,15,3,3,0,21,0,86,17,0,103,15,89,20,0,124,6,0,6,130
01/04/2020,JNU,AK,AAL,WE,Towers with Radar,19,6,2,0,27,2,49,9,3,63,21,55,11,3,90,18,0,18,108
01/05/2020,JNU,AK,AAL,WE,Towers with Radar,17,2,0,0,19,0,41,28,0,69,17,43,28,0,88,2,0,2,90
01/06/2020,JNU,AK,AAL,WE,Towers with Radar,17,6,2,0,25,0,29,9,0,38,17,35,11,0,63,0,0,0,63
01/07/2020,JNU,AK,AAL,WE,Towers with Radar,17,10,2,0,29,0,62,5,6,73,17,72,7,6,102,6,0,6,108
01/08/2020,JNU,AK,AAL,WE,Towers with Radar,21,7,0,0,28,1,32,1,1,35,22,39,1,1,63,12,0,12,75
01/09/2020,JNU,AK,AAL,WE,Towers with Radar,19,4,1,0,24,0,74,18,0,92,19,78,19,0,116,16,0,16,132
01/10/2020,JNU,AK,AAL,WE,Towers with Radar,17,6,0,0,23,0,12,3,0,15,17,18,3,0,38,0,0,0,38
01/11/2020,JNU,AK,AAL,WE,Towers with Radar,12,2,1,1,16,2,23,6,4,35,14,25,7,5,51,0,2,2,53
01/12/2020,JNU,AK,AAL,WE,Towers with Radar,19,4,0,0,23,2,43,5,0,50,21,47,5,0,73,4,0,4,77
01/13/2020,JNU,AK,AAL,WE,Towers with Radar,15,5,0,0,20,0,73,11,0,84,15,78,11,0,104,0,0,0,104
01/14/2020,JNU,AK,AAL,WE,Towers with Radar,20,6,2,2,30,3,59,11,4,77,23,65,13,6,107,10,0,10,117
01/15/2020,JNU,AK,AAL,WE,Towers with Radar,17,2,1,0,20,2,52,5,2,61,19,54,6,2,81,0,0,0,81
01/16/2020,JNU,AK,AAL,WE,Towers with Radar,4,4,3,0,11,0,4,0,2,6,4,8,3,2,17,0,0,0,17
01/17/2020,JNU,AK,AAL,WE,Towers with Radar,18,5,0,0,23,1,74,2,0,77,19,79,2,0,100,0,0,0,100
01/18/2020,JNU,AK,AAL,WE,Towers with Radar,16,0,0,0,16,0,37,8,0,45,16,37,8,0,61,22,0,22,83
01/19/2020,JNU,AK,AAL,WE,Towers with Radar,19,4,2,0,25,0,2,2,0,4,19,6,4,0,29,0,0,0,29
01/20/2020,JNU,AK,AAL,WE,Towers with Radar,15,6,3,0,24,0,35,1,0,36,15,41,4,0,60,0,0,0,60
01/21/2020,JNU,AK,AAL,WE,Towers with Radar,19,12,7,0,38,0,15,3,0,18,19,27,10,0,56,0,0,0,56
01/22/2020,JNU,AK,AAL,WE,Towers with Radar,19,5,2,0,26,0,0,0,0,0,19,5,2,0,26,0,0,0,26
01/23/2020,JNU,AK,AAL,WE,Towers with Radar,21,10,0,0,31,2,44,3,2,51,23,54,3,2,82,0,0,0,82
01/24/2020,JNU,AK,AAL,WE,Towers with Radar,20,10,0,0,30,0,40,7,1,48,20,50,7,1,78,0,0,0,78
01/25/2020,JNU,AK,AAL,WE,Towers with Radar,21,1,0,0,22,0,0,0,0,0,21,1,0,0,22,0,0,0,22
01/26/2020,JNU,AK,AAL,WE,Towers with Radar,19,7,4,0,30,0,38,2,0,40,19,45,6,0,70,0,0,0,70
01/27/2020,JNU,AK,AAL,WE,Towers with Radar,17,3,6,0,26,0,55,11,0,66,17,58,17,0,92,8,0,8,100
01/28/2020,JNU,AK,AAL,WE,Towers with Radar,20,5,6,0,31,0,66,5,0,71,20,71,11,0,102,14,0,14,116
01/29/2020,JNU,AK,AAL,WE,Towers with Radar,21,4,2,0,27,0,22,3,0,25,21,26,5,0,52,0,0,0,52
01/30/2020,JNU,AK,AAL,WE,Towers with Radar,15,0,2,0,17,0,0,0,0,0,15,0,2,0,17,0,0,0,17
01/31/2020,JNU,AK,AAL,WE,Towers with Radar,18,6,2,0,26,0,69,8,0,77,18,75,10,0,103,54,0,54,157
02/01/2020,JNU,AK,AAL,WE,Towers with Radar,17,8,3,0,28,0,52,6,0,58,17,60,9,0,86,0,0,0,86
02/02/2020,JNU,AK,AAL,WE,Towers with Radar,23,0,2,0,25,0,90,24,0,114,23,90,26,0,139,24,0,24,163
02/03/2020,JNU,AK,AAL,WE,Towers with Radar,15,6,1,1,23,0,3,0,0,3,15,9,1,1,26,0,0,0,26
02/04/2020,JNU,AK,AAL,WE,Towers with Radar,23,11,3,0,37,0,35,3,1,39,23,46,6,1,76,0,0,0,76
02/05/2020,JNU,AK,AAL,WE,Towers with Radar,18,7,0,0,25,1,82,6,0,89,19,89,6,0,114,24,0,24,138
02/06/2020,JNU,AK,AAL,WE,Towers with Radar,20,5,8,0,33,2,86,11,0,99,22,91,19,0,132,20,0,20,152
02/07/2020,JNU,AK,AAL,WE,Towers with Radar,26,5,0,0,31,0,100,14,0,114,26,105,14,0,145,22,0,22,167
02/08/2020,JNU,AK,AAL,WE,Towers with Radar,21,10,3,2,36,0,43,10,3,56,21,53,13,5,92,6,0,6,98
02/09/2020,JNU,AK,AAL,WE,Towers with Radar,14,7,2,0,23,0,76,13,0,89,14,83,15,0,112,16,0,16,128
02/10/2020,JNU,AK,AAL,WE,Towers with Radar,17,3,12,0,32,0,33,10,0,43,17,36,22,0,75,26,0,26,101
02/11/2020,JNU,AK,AAL,WE,Towers with Radar,21,2,3,0,26,1,144,56,1,202,22,146,59,1,228,46,0,46,274
02/12/2020,JNU,AK,AAL,WE,Towers with Radar,18,6,7,0,31,0,2,2,0,4,18,8,9,0,35,0,0,0,35
02/13/2020,JNU,AK,AAL,WE,Towers with Radar,20,9,3,0,32,0,81,12,0,93,20,90,15,0,125,6,0,6,131
02/14/2020,JNU,AK,AAL,WE,Towers with Radar,21,26,1,0,48,0,4,1,0,5,21,30,2,0,53,0,0,0,53
02/15/2020,JNU,AK,AAL,WE,Towers with Radar,14,1,0,0,15,0,0,0,0,0,14,1,0,0,15,0,0,0,15
02/16/2020,JNU,AK,AAL,WE,Towers with Radar,18,6,6,0,30,0,26,3,0,29,18,32,9,0,59,0,0,0,59
02/17/2020,JNU,AK,AAL,WE,Towers with Radar,17,7,4,0,28,0,45,14,0,59,17,52,18,0,87,0,0,0,87
02/18/2020,JNU,AK,AAL,WE,Towers with Radar,19,2,7,0,28,1,73,10,0,84,20,75,17,0,112,38,0,38,150
02/19/2020,JNU,AK,AAL,WE,Towers with Radar,18,3,2,0,23,0,68,6,0,74,18,71,8,0,97,12,0,12,109
02/20/2020,JNU,AK,AAL,WE,Towers with Radar,19,6,1,0,26,0,12,3,0,15,19,18,4,0,41,2,0,2,43
02/21/2020,JNU,AK,AAL,WE,Towers with Radar,22,9,4,1,36,0,72,5,1,78,22,81,9,2,114,6,0,6,120
02/22/2020,JNU,AK,AAL,WE,Towers with Radar,19,12,6,0,37,0,47,8,0,55,19,59,14,0,92,12,0,12,104
02/23/2020,JNU,AK,AAL,WE,Towers with Radar,17,1,0,1,19,0,0,0,0,0,17,1,0,1,19,0,0,0,19
02/24/2020,JNU,AK,AAL,WE,Towers with Radar,19,4,7,1,31,0,90,21,6,117,19,94,28,7,148,28,0,28,176
02/25/2020,JNU,AK,AAL,WE,Towers with Radar,19,2,5,1,27,0,6,0,0,6,19,8,5,1,33,0,0,0,33
02/26/2020,JNU,AK,AAL,WE,Towers with Radar,19,13,9,0,41,0,43,3,0,46,19,56,12,0,87,18,0,18,105
02/27/2020,JNU,AK,AAL,WE,Towers with Radar,16,12,4,0,32,2,52,8,1,63,18,64,12,1,95,4,0,4,99
02/28/2020,JNU,AK,AAL,WE,Towers with Radar,19,7,4,1,31,0,106,7,0,113,19,113,11,1,144,2,0,2,146
02/29/2020,JNU,AK,AAL,WE,Towers with Radar,12,7,4,0,23,0,58,7,1,66,12,65,11,1,89,6,0,6,95
03/01/2020,JNU,AK,AAL,WE,Towers with Radar,17,2,9,0,28,0,19,8,0,27,17,21,17,0,55,6,0,6,61
03/02/2020,JNU,AK,AAL,WE,Towers with Radar,21,8,6,0,35,0,62,13,0,75,21,70,19,0,110,0,0,0,110
03/03/2020,JNU,AK,AAL,WE,Towers with Radar,19,12,7,0,38,0,76,10,2,88,19,88,17,2,126,0,0,0,126
03/04/2020,JNU,AK,AAL,WE,Towers with Radar,15,16,6,0,37,1,30,10,2,43,16,46,16,2,80,0,0,0,80
03/05/2020,JNU,AK,AAL,WE,Towers with Radar,19,7,1,0,27,1,49,8,0,58,20,56,9,0,85,6,0,6,91
03/06/2020,JNU,AK,AAL,WE,Towers with Radar,16,10,7,1,34,1,91,17,0,109,17,101,24,1,143,28,0,28,171
03/07/2020,JNU,AK,AAL,WE,Towers with Radar,11,10,1,0,22,0,112,40,0,152,11,122,41,0,174,55,0,55,229
03/08/2020,JNU,AK,AAL,WE,Towers with Radar,20,1,2,0,23,0,0,0,0,0,20,1,2,0,23,0,0,0,23
03/09/2020,JNU,AK,AAL,WE,Towers with Radar,20,5,3,0,28,0,49,10,0,59,20,54,13,0,87,0,0,0,87
03/10/2020,JNU,AK,AAL,WE,Towers with Radar,22,11,2,0,35,0,42,10,1,53,22,53,12,1,88,0,0,0,88
03/11/2020,JNU,AK,AAL,WE,Towers with Radar,18,13,10,0,41,0,52,7,0,59,18,65,17,0,100,2,0,2,102
03/12/2020,JNU,AK,AAL,WE,Towers with Radar,18,4,0,0,22,1,135,20,0,156,19,139,20,0,178,10,0,10,188
03/13/2020,JNU,AK,AAL,WE,Towers with Radar,20,7,3,0,30,2,116,26,2,146,22,123,29,2,176,26,0,26,202
03/14/2020,JNU,AK,AAL,WE,Towers with Radar,15,1,0,0,16,2,107,43,1,153,17,108,43,1,169,14,0,14,183
03/15/2020,JNU,AK,AAL,WE,Towers with Radar,17,0,2,0,19,1,77,44,0,122,18,77,46,0,141,12,0,12,153
03/16/2020,JNU,AK,AAL,WE,Towers with Radar,18,7,5,0,30,1,75,35,0,111,19,82,40,0,141,10,0,10,151
03/17/2020,JNU,AK,AAL,WE,Towers with Radar,22,8,2,2,34,1,90,33,0,124,23,98,35,2,158,8,0,8,166
03/18/2020,JNU,AK,AAL,WE,Towers with Radar,19,5,9,0,33,2,89,7,0,98,21,94,16,0,131,0,0,0,131
03/19/2020,JNU,AK,AAL,WE,Towers with Radar,19,8,7,0,34,2,98,29,0,129,21,106,36,0,163,4,0,4,167
03/20/2020,JNU,AK,AAL,WE,Towers with Radar,17,5,1,0,23,0,68,32,0,100,17,73,33,0,123,10,0,10,133
03/21/2020,JNU,AK,AAL,WE,Towers with Radar,15,10,1,0,26,0,45,9,0,54,15,55,10,0,80,0,0,0,80
03/22/2020,JNU,AK,AAL,WE,Towers with Radar,18,0,0,2,20,1,27,28,0,56,19,27,28,2,76,40,0,40,116
03/23/2020,JNU,AK,AAL,WE,Towers with Radar,16,4,0,0,20,0,36,8,0,44,16,40,8,0,64,6,0,6,70
03/24/2020,JNU,AK,AAL,WE,Towers with Radar,18,3,3,0,24,1,97,30,0,128,19,100,33,0,152,20,0,20,172
03/25/2020,JNU,AK,AAL,WE,Towers with Radar,20,5,0,0,25,1,66,7,10,84,21,71,7,10,109,12,0,12,121
03/26/2020,JNU,AK,AAL,WE,Towers with Radar,22,2,0,0,24,0,44,5,0,49,22,46,5,0,73,0,0,0,73
03/27/2020,JNU,AK,AAL,WE,Towers with Radar,17,8,2,0,27,0,15,6,0,21,17,23,8,0,48,2,0,2,50
03/28/2020,JNU,AK,AAL,WE,Towers with Radar,20,5,6,0,31,1,27,3,0,31,21,32,9,0,62,20,0,20,82
03/29/2020,JNU,AK,AAL,WE,Towers with Radar,15,1,0,0,16,2,5,0,5,12,17,6,0,5,28,12,0,12,40
03/30/2020,JNU,AK,AAL,WE,Towers with Radar,18,6,0,0,24,1,41,3,2,47,19,47,3,2,71,0,0,0,71
03/31/2020,JNU,AK,AAL,WE,Towers with Radar,21,1,0,0,22,2,40,18,3,63,23,41,18,3,85,10,0,10,95
04/01/2020,JNU,AK,AAL,WE,Towers with Radar,13,2,0,2,17,0,45,14,6,65,13,47,14,8,82,38,0,38,120
04/02/2020,JNU,AK,AAL,WE,Towers with Radar,16,0,0,0,16,0,52,17,0,69,16,52,17,0,85,8,0,8,93
04/03/2020,JNU,AK,AAL,WE,Towers with Radar,16,5,4,2,27,1,24,4,3,32,17,29,8,5,59,0,0,0,59
04/04/2020,JNU,AK,AAL,WE,Towers with Radar,14,0,0,0,14,0,16,28,0,44,14,16,28,0,58,6,0,6,64
04/05/2020,JNU,AK,AAL,WE,Towers with Radar,13,2,4,0,19,1,6,21,0,28,14,8,25,0,47,18,0,18,65
04/06/2020,JNU,AK,AAL,WE,Towers with Radar,12,5,4,0,21,0,37,4,0,41,12,42,8,0,62,12,0,12,74
04/07/2020,JNU,AK,AAL,WE,Towers with Radar,10,2,3,0,15,0,38,1,0,39,10,40,4,0,54,6,0,6,60
04/08/2020,JNU,AK,AAL,WE,Towers with Radar,15,5,0,0,20,0,1,0,0,1,15,6,0,0,21,0,0,0,21
04/09/2020,JNU,AK,AAL,WE,Towers with Radar,15,3,1,2,21,1,54,4,2,61,16,57,5,4,82,0,0,0,82
04/10/2020,JNU,AK,AAL,WE,Towers with Radar,15,1,2,0,18,0,60,28,0,88,15,61,30,0,106,20,0,20,126
04/11/2020,JNU,AK,AAL,WE,Towers with Radar,15,3,0,0,18,0,15,52,0,67,15,18,52,0,85,4,0,4,89
04/12/2020,JNU,AK,AAL,WE,Towers with Radar,15,1,1,0,17,0,0,30,0,30,15,1,31,0,47,12,0,12,59
04/13/2020,JNU,AK,AAL,WE,Towers with Radar,12,4,6,0,22,0,21,2,0,23,12,25,8,0,45,0,0,0,45
04/14/2020,JNU,AK,AAL,WE,Towers with Radar,13,0,5,0,18,0,34,22,0,56,13,34,27,0,74,0,0,0,74
04/15/2020,JNU,AK,AAL,WE,Towers with Radar,17,4,5,0,26,0,12,5,0,17,17,16,10,0,43,4,0,4,47
04/16/2020,JNU,AK,AAL,WE,Towers with Radar,15,6,0,0,21,0,1,0,0,1,15,7,0,0,22,0,0,0,22
04/17/2020,JNU,AK,AAL,WE,Towers with Radar,14,22,6,0,42,3,68,43,2,116,17,90,49,2,158,26,0,26,184
04/18/2020,JNU,AK,AAL,WE,Towers with Radar,14,1,0,0,15,1,15,63,0,79,15,16,63,0,94,18,0,18,112
04/19/2020,JNU,AK,AAL,WE,Towers with Radar,14,0,0,0,14,0,12,32,0,44,14,12,32,0,58,18,0,18,76
04/20/2020,JNU,AK,AAL,WE,Towers with Radar,14,5,2,0,21,0,41,11,4,56,14,46,13,4,77,0,0,0,77
04/21/2020,JNU,AK,AAL,WE,Towers with Radar,15,8,1,0,24,0,38,0,0,38,15,46,1,0,62,0,0,0,62
04/22/2020,JNU,AK,AAL,WE,Towers with Radar,15,8,1,0,24,0,37,0,2,39,15,45,1,2,63,0,0,0,63
04/23/2020,JNU,AK,AAL,WE,Towers with Radar,15,4,1,0,20,2,36,17,0,55,17,40,18,0,75,0,0,0,75
04/24/2020,JNU,AK,AAL,WE,Towers with Radar,13,6,3,0,22,0,45,15,3,63,13,51,18,3,85,22,14,36,121
04/25/2020,JNU,AK,AAL,WE,Towers with Radar,15,3,0,0,18,0,20,29,0,49,15,23,29,0,67,14,0,14,81
04/26/2020,JNU,AK,AAL,WE,Towers with Radar,12,2,5,0,19,0,9,17,1,27,12,11,22,1,46,16,0,16,62
04/27/2020,JNU,AK,AAL,WE,Towers with Radar,13,4,5,0,22,0,36,9,0,45,13,40,14,0,67,8,0,8,75
04/28/2020,JNU,AK,AAL,WE,Towers with Radar,16,8,0,0,24,1,36,21,0,58,17,44,21,0,82,0,0,0,82
04/29/2020,JNU,AK,AAL,WE,Towers with Radar,15,7,5,0,27,2,37,2,0,41,17,44,7,0,68,0,0,0,68
04/30/2020,JNU,AK,AAL,WE,Towers with Radar,14,5,1,0,20,0,46,8,0,54,14,51,9,0,74,0,0,0,74
05/01/2020,JNU,AK,AAL,WE,Towers with Radar,15,0,0,0,15,0,113,26,4,143,15,113,26,4,158,60,0,60,218
05/02/2020,JNU,AK,AAL,WE,Towers with Radar,9,2,0,0,11,0,24,52,0,76,9,26,52,0,87,2,0,2,89
05/03/2020,JNU,AK,AAL,WE,Towers with Radar,11,0,0,0,11,1,8,15,0,24,12,8,15,0,35,22,0,22,57
05/04/2020,JNU,AK,AAL,WE,Towers with Radar,12,2,0,0,14,0,61,35,0,96,12,63,35,0,110,2,0,2,112
05/05/2020,JNU,AK,AAL,WE,Towers with Radar,16,2,0,0,18,0,60,21,2,83,16,62,21,2,101,8,0,8,109
05/06/2020,JNU,AK,AAL,WE,Towers with Radar,11,3,1,0,15,3,42,15,2,62,14,45,16,2,77,10,2,12,89
05/07/2020,JNU,AK,AAL,WE,Towers with Radar,15,3,0,0,18,3,66,42,3,114,18,69,42,3,132,20,0,20,152
05/08/2020,JNU,AK,AAL,WE,Towers with Radar,14,5,0,0,19,1,74,28,0,103,15,79,28,0,122,6,0,6,128
05/09/2020,JNU,AK,AAL,WE,Towers with Radar,13,2,0,0,15,0,32,42,0,74,13,34,42,0,89,0,0,0,89
05/10/2020,JNU,AK,AAL,WE,Towers with Radar,13,0,0,0,13,0,27,26,0,53,13,27,26,0,66,10,0,10,76
05/11/2020,JNU,AK,AAL,WE,Towers with Radar,13,7,0,0,20,1,78,31,0,110,14,85,31,0,130,0,4,4,134
05/12/2020,JNU,AK,AAL,WE,Towers with Radar,13,4,1,0,18,0,60,60,0,120,13,64,61,0,138,12,0,12,150
05/13/2020,JNU,AK,AAL,WE,Towers with Radar,13,4,1,0,18,0,57,49,1,107,13,61,50,1,125,12,0,12,137
05/14/2020,JNU,AK,AAL,WE,Towers with Radar,13,6,2,0,21,2,71,15,1,89,15,77,17,1,110,6,6,12,122
05/15/2020,JNU,AK,AAL,WE,Towers with Radar,17,8,8,0,33,4,70,33,7,114,21,78,41,7,147,0,4,4,151
05/16/2020,JNU,AK,AAL,WE,Towers with Radar,12,0,1,0,13,0,38,60,8,106,12,38,61,8,119,16,8,24,143
05/17/2020,JNU,AK,AAL,WE,Towers with Radar,15,2,1,0,18,0,21,32,2,55,15,23,33,2,73,0,0,0,73
05/18/2020,JNU,AK,AAL,WE,Towers with Radar,12,7,1,0,20,0,100,36,2,138,12,107,37,2,158,10,0,10,168
05/19/2020,JNU,AK,AAL,WE,Towers with Radar,13,10,0,0,23,0,44,8,0,52,13,54,8,0,75,0,0,0,75
05/20/2020,JNU,AK,AAL,WE,Towers with Radar,15,6,1,0,22,1,53,21,0,75,16,59,22,0,97,20,0,20,117
05/21/2020,JNU,AK,AAL,WE,Towers with Radar,12,4,3,2,21,0,67,23,2,92,12,71,26,4,113,6,4,10,123
05/22/2020,JNU,AK,AAL,WE,Towers with Radar,11,9,2,0,22,2,108,47,2,159,13,117,49,2,181,24,0,24,205
05/23/2020,JNU,AK,AAL,WE,Towers with Radar,16,3,1,0,20,1,21,23,0,45,17,24,24,0,65,0,0,0,65
05/24/2020,JNU,AK,AAL,WE,Towers with Radar,15,1,1,0,17,0,19,14,0,33,15,20,15,0,50,8,0,8,58
05/25/2020,JNU,AK,AAL,WE,Towers with Radar,12,2,7,0,21,1,45,39,0,85,13,47,46,0,106,2,0,2,108
05/26/2020,JNU,AK,AAL,WE,Towers with Radar,15,4,7,2,28,1,50,27,0,78,16,54,34,2,106,23,0,23,129
05/27/2020,JNU,AK,AAL,WE,Towers with Radar,14,3,4,0,21,2,93,39,0,134,16,96,43,0,155,12,0,12,167
05/28/2020,JNU,AK,AAL,WE,Towers with Radar,13,4,0,0,17,0,83,31,2,116,13,87,31,2,133,24,0,24,157
05/29/2020,JNU,AK,AAL,WE,Towers with Radar,15,3,0,0,18,0,118,45,0,163,15,121,45,0,181,2,0,2,183
05/30/2020,JNU,AK,AAL,WE,Towers with Radar,13,6,0,0,19,0,64,36,0,100,13,70,36,0,119,6,0,6,125
05/31/2020,JNU,AK,AAL,WE,Towers with Radar,14,2,5,0,21,0,19,25,0,44,14,21,30,0,65,18,0,18,83
06/01/2020,JNU,AK,AAL,WE,Towers with Radar,18,6,0,0,24,0,81,31,0,112,18,87,31,0,136,0,0,0,136
06/02/2020,JNU,AK,AAL,WE,Towers with Radar,14,6,3,0,23,0,59,9,0,68,14,65,12,0,91,0,0,0,91
06/03/2020,JNU,AK,AAL,WE,Towers with Radar,15,4,5,0,24,2,70,21,3,96,17,74,26,3,120,0,0,0,120
06/04/2020,JNU,AK,AAL,WE,Towers with Radar,22,2,4,0,28,1,144,45,0,190,23,146,49,0,218,18,0,18,236
06/05/2020,JNU,AK,AAL,WE,Towers with Radar,19,0,0,0,19,2,108,46,4,160,21,108,46,4,179,12,0,12,191
06/06/2020,JNU,AK,AAL,WE,Towers with Radar,17,4,0,0,21,1,69,40,7,117,18,73,40,7,138,26,16,42,180
06/07/2020,JNU,AK,AAL,WE,Towers with Radar,20,1,0,0,21,0,22,11,0,33,20,23,11,0,54,0,0,0,54
06/08/2020,JNU,AK,AAL,WE,Towers with Radar,15,8,0,2,25,2,96,24,0,122,17,104,24,2,147,34,0,34,181
06/09/2020,JNU,AK,AAL,WE,Towers with Radar,23,1,0,0,24,0,101,42,2,145,23,102,42,2,169,8,0,8,177
06/10/2020,JNU,AK,AAL,WE,Towers with Radar,18,11,1,0,30,3,90,34,0,127,21,101,35,0,157,10,0,10,167
06/11/2020,JNU,AK,AAL,WE,Towers with Radar,20,2,0,0,22,1,100,40,2,143,21,102,40,2,165,6,2,8,173
06/12/2020,JNU,AK,AAL,WE,Towers with Radar,20,1,1,0,22,4,104,54,2,164,24,105,55,2,186,6,0,6,192
06/13/2020,JNU,AK,AAL,WE,Towers with Radar,17,3,1,1,22,4,60,18,8,90,21,63,19,9,112,10,0,10,122
06/14/2020,JNU,AK,AAL,WE,Towers with Radar,22,0,2,0,24,1,38,20,0,59,23,38,22,0,83,0,0,0,83
06/15/2020,JNU,AK,AAL,WE,Towers with Radar,20,5,3,0,28,0,79,40,0,119,20,84,43,0,147,4,0,4,151
06/16/2020,JNU,AK,AAL,WE,Towers with Radar,22,7,5,0,34,0,56,21,0,77,22,63,26,0,111,0,0,0,111
06/17/2020,JNU,AK,AAL,WE,Towers with Radar,18,9,1,0,28,2,100,35,0,137,20,109,36,0,165,20,0,20,185
06/18/2020,JNU,AK,AAL,WE,Towers with Radar,22,23,8,0,53,0,42,6,0,48,22,65,14,0,101,0,0,0,101
06/19/2020,JNU,AK,AAL,WE,Towers with Radar,22,8,2,0,32,0,124,34,0,158,22,132,36,0,190,22,0,22,212
06/20/2020,JNU,AK,AAL,WE,Towers with Radar,17,10,2,0,29,0,66,14,0,80,17,76,16,0,109,4,0,4,113
06/21/2020,JNU,AK,AAL,WE,Towers with Radar,22,1,2,0,25,1,48,41,0,90,23,49,43,0,115,12,0,12,127
06/22/2020,JNU,AK,AAL,WE,Towers with Radar,16,7,2,0,25,5,109,32,0,146,21,116,34,0,171,6,0,6,177
06/23/2020,JNU,AK,AAL,WE,Towers with Radar,16,4,2,2,24,0,112,36,0,148,16,116,38,2,172,0,0,0,172
06/24/2020,JNU,AK,AAL,WE,Towers with Radar,18,7,8,0,33,0,89,41,2,132,18,96,49,2,165,0,0,0,165
06/25/2020,JNU,AK,AAL,WE,Towers with Radar,19,6,8,0,33,2,96,10,0,108,21,102,18,0,141,0,0,0,141
06/26/2020,JNU,AK,AAL,WE,Towers with Radar,19,18,13,0,50,0,73,11,0,84,19,91,24,0,134,0,0,0,134
06/27/2020,JNU,AK,AAL,WE,Towers with Radar,18,4,0,0,22,0,123,39,0,162,18,127,39,0,184,20,0,20,204
06/28/2020,JNU,AK,AAL,WE,Towers with Radar,21,3,4,0,28,0,55,53,0,108,21,58,57,0,136,0,0,0,136
06/29/2020,JNU,AK,AAL,WE,Towers with Radar,17,10,1,0,28,0,92,31,0,123,17,102,32,0,151,14,0,14,165
06/30/2020,JNU,AK,AAL,WE,Towers with Radar,18,9,3,0,30,0,114,43,0,157,18,123,46,0,187,0,0,0,187
07/01/2020,JNU,AK,AAL,WE,Towers with Radar,19,3,1,0,23,1,130,53,0,184,20,133,54,0,207,10,0,10,217
07/02/2020,JNU,AK,AAL,WE,Towers with Radar,17,4,3,0,24,2,144,36,4,186,19,148,39,4,210,0,0,0,210
07/03/2020,JNU,AK,AAL,WE,Towers with Radar,24,3,4,0,31,0,160,66,0,226,24,163,70,0,257,12,0,12,269
07/04/2020,JNU,AK,AAL,WE,Towers with Radar,19,2,8,0,29,13,35,33,0,81,32,37,41,0,110,4,0,4,114
07/05/2020,JNU,AK,AAL,WE,Towers with Radar,21,4,7,0,32,2,129,65,0,196,23,133,72,0,228,16,0,16,244
07/06/2020,JNU,AK,AAL,WE,Towers with Radar,18,4,10,0,32,1,130,52,0,183,19,134,62,0,215,0,0,0,215
07/07/2020,JNU,AK,AAL,WE,Towers with Radar,21,6,1,0,28,2,108,38,0,148,23,114,39,0,176,10,0,10,186
07/08/2020,JNU,AK,AAL,WE,Towers with Radar,21,24,12,0,57,1,46,9,0,56,22,70,21,0,113,0,0,0,113
07/09/2020,JNU,AK,AAL,WE,Towers with Radar,23,8,9,0,40,1,97,17,0,115,24,105,26,0,155,0,0,0,155
07/10/2020,JNU,AK,AAL,WE,Towers with Radar,21,14,5,0,40,0,144,24,3,171,21,158,29,3,211,0,0,0,211
07/11/2020,JNU,AK,AAL,WE,Towers with Radar,18,13,4,0,35,1,108,23,0,132,19,121,27,0,167,20,0,20,187
07/12/2020,JNU,AK,AAL,WE,Towers with Radar,20,2,12,0,34,1,94,36,0,131,21,96,48,0,165,10,0,10,175
07/13/2020,JNU,AK,AAL,WE,Towers with Radar,20,7,9,0,36,0,121,31,2,154,20,128,40,2,190,26,0,26,216
07/14/2020,JNU,AK,AAL,WE,Towers with Radar,22,4,15,0,41,1,95,21,0,117,23,99,36,0,158,10,0,10,168
07/15/2020,JNU,AK,AAL,WE,Towers with Radar,22,4,11,2,39,0,126,58,3,187,22,130,69,5,226,34,0,34,260
07/16/2020,JNU,AK,AAL,WE,Towers with Radar,22,5,5,0,32,2,142,46,0,190,24,147,51,0,222,18,0,18,240
07/17/2020,JNU,AK,AAL,WE,Towers with Radar,17,8,3,0,28,0,142,34,0,176,17,150,37,0,204,2,0,2,206
07/18/2020,JNU,AK,AAL,WE,Towers with Radar,20,11,8,0,39,0,17,6,0,23,20,28,14,0,62,0,0,0,62
07/19/2020,JNU,AK,AAL,WE,Towers with Radar,21,6,6,0,33,0,64,10,0,74,21,70,16,0,107,0,0,0,107
07/20/2020,JNU,AK,AAL,WE,Towers with Radar,17,17,10,0,44,0,36,6,0,42,17,53,16,0,86,0,0,0,86
07/21/2020,JNU,AK,AAL,WE,Towers with Radar,23,7,4,2,36,1,123,41,1,166,24,130,45,3,202,24,0,24,226
07/22/2020,JNU,AK,AAL,WE,Towers with Radar,21,8,7,0,36,2,133,49,0,184,23,141,56,0,220,17,0,17,237
07/23/2020,JNU,AK,AAL,WE,Towers with Radar,24,6,12,0,42,0,94,29,2,125,24,100,41,2,167,2,0,2,169
07/24/2020,JNU,AK,AAL,WE,Towers with Radar,24,4,8,2,38,2,119,26,0,147,26,123,34,2,185,20,0,20,205
07/25/2020,JNU,AK,AAL,WE,Towers with Radar,18,8,15,0,41,0,64,25,0,89,18,72,40,0,130,0,0,0,130
07/26/2020,JNU,AK,AAL,WE,Towers with Radar,23,0,11,0,34,0,67,19,0,86,23,67,30,0,120,4,0,4,124
07/27/2020,JNU,AK,AAL,WE,Towers with Radar,20,4,3,2,29,0,131,41,0,172,20,135,44,2,201,12,0,12,213
07/28/2020,JNU,AK,AAL,WE,Towers with Radar,22,9,2,0,33,2,157,52,0,211,24,166,54,0,244,2,0,2,246
07/29/2020,JNU,AK,AAL,WE,Towers with Radar,20,0,0,0,20,3,195,59,0,257,23,195,59,0,277,18,0,18,295
07/30/2020,JNU,AK,AAL,WE,Towers with Radar,22,0,6,0,28,2,197,81,0,280,24,197,87,0,308,14,0,14,322
07/31/2020,JNU,AK,AAL,WE,Towers with Radar,19,5,3,1,28,3,210,82,0,295,22,215,85,1,323,12,0,12,335
08/01/2020,JNU,AK,AAL,WE,Towers with Radar,17,5,9,0,31,0,90,18,0,108,17,95,27,0,139,0,0,0,139
08/02/2020,JNU,AK,AAL,WE,Towers with Radar,19,1,10,0,30,0,88,30,0,118,19,89,40,0,148,0,0,0,148
08/03/2020,JNU,AK,AAL,WE,Towers with Radar,20,5,13,0,38,0,91,27,0,118,20,96,40,0,156,14,0,14,170
08/04/2020,JNU,AK,AAL,WE,Towers with Radar,22,5,18,0,45,2,75,17,0,94,24,80,35,0,139,0,0,0,139
08/05/2020,JNU,AK,AAL,WE,Towers with Radar,22,7,7,0,36,0,140,36,0,176,22,147,43,0,212,18,0,18,230
08/06/2020,JNU,AK,AAL,WE,Towers with Radar,27,8,4,0,39,2,155,46,0,203,29,163,50,0,242,6,2,8,250
08/07/2020,JNU,AK,AAL,WE,Towers with Radar,23,14,4,0,41,0,136,28,2,166,23,150,32,2,207,0,0,0,207
08/08/2020,JNU,AK,AAL,WE,Towers with Radar,19,7,8,0,34,0,101,30,0,131,19,108,38,0,165,8,0,8,173
08/09/2020,JNU,AK,AAL,WE,Towers with Radar,23,0,2,0,25,0,31,5,0,36,23,31,7,0,61,4,0,4,65
08/10/2020,JNU,AK,AAL,WE,Towers with Radar,22,10,7,0,39,0,120,17,0,137,22,130,24,0,176,12,0,12,188
08/11/2020,JNU,AK,AAL,WE,Towers with Radar,26,7,7,0,40,5,120,41,0,166,31,127,48,0,206,20,0,20,226
08/12/2020,JNU,AK,AAL,WE,Towers with Radar,20,4,13,0,37,0,79,35,0,114,20,83,48,0,151,20,0,20,171
08/13/2020,JNU,AK,AAL,WE,Towers with Radar,22,3,6,0,31,5,107,40,0,152,27,110,46,0,183,10,0,10,193
08/14/2020,JNU,AK,AAL,WE,Towers with Radar,21,13,16,0,50,0,97,27,0,124,21,110,43,0,174,10,0,10,184
08/15/2020,JNU,AK,AAL,WE,Towers with Radar,19,9,16,2,46,0,48,14,1,63,19,57,30,3,109,4,0,4,113
08/16/2020,JNU,AK,AAL,WE,Towers with Radar,24,8,7,0,39,2,61,20,0,83,26,69,27,0,122,12,0,12,134
08/17/2020,JNU,AK,AAL,WE,Towers with Radar,21,13,3,0,37,0,119,21,2,142,21,132,24,2,179,2,0,2,181
08/18/2020,JNU,AK,AAL,WE,Towers with Radar,21,16,0,1,38,0,79,35,1,115,21,95,35,2,153,8,0,8,161
08/19/2020,JNU,AK,AAL,WE,Towers with Radar,24,8,4,1,37,2,166,75,0,243,26,174,79,1,280,22,0,22,302
08/20/2020,JNU,AK,AAL,WE,Towers with Radar,23,9,3,0,35,1,147,39,0,187,24,156,42,0,222,24,0,24,246
08/21/2020,JNU,AK,AAL,WE,Towers with Radar,24,2,7,0,33,1,134,36,0,171,25,136,43,0,204,18,0,18,222
08/22/2020,JNU,AK,AAL,WE,Towers with Radar,22,13,18,0,53,0,54,26,0,80,22,67,44,0,133,14,0,14,147
08/23/2020,JNU,AK,AAL,WE,Towers with Radar,21,5,10,0,36,0,16,11,0,27,21,21,21,0,63,0,0,0,63
08/24/2020,JNU,AK,AAL,WE,Towers with Radar,20,21,11,0,52,2,74,33,0,109,22,95,44,0,161,4,0,4,165
08/25/2020,JNU,AK,AAL,WE,Towers with Radar,20,5,14,0,39,1,86,24,0,111,21,91,38,0,150,2,0,2,152
08/26/2020,JNU,AK,AAL,WE,Towers with Radar,23,5,6,0,34,1,112,40,2,155,24,117,46,2,189,12,0,12,201
08/27/2020,JNU,AK,AAL,WE,Towers with Radar,23,1,1,0,25,1,133,42,2,178,24,134,43,2,203,0,0,0,203
08/28/2020,JNU,AK,AAL,WE,Towers with Radar,22,10,4,2,38,1,82,26,2,111,23,92,30,4,149,0,0,0,149
08/29/2020,JNU,AK,AAL,WE,Towers with Radar,21,6,3,0,30,0,168,65,0,233,21,174,68,0,263,38,1,39,302
08/30/2020,JNU,AK,AAL,WE,Towers with Radar,24,6,8,0,38,0,39,21,0,60,24,45,29,0,98,0,0,0,98
08/31/2020,JNU,AK,AAL,WE,Towers with Radar,18,6,8,0,32,1,82,23,0,106,19,88,31,0,138,26,0,26,164
09/01/2020,JNU,AK,AAL,WE,Towers with Radar,17,7,11,0,35,0,74,26,0,100,17,81,37,0,135,4,0,4,139
09/02/2020,JNU,AK,AAL,WE,Towers with Radar,17,8,12,1,38,0,61,14,0,75,17,69,26,1,113,0,0,0,113
09/03/2020,JNU,AK,AAL,WE,Towers with Radar,18,6,4,0,28,0,93,26,0,119,18,99,30,0,147,0,0,0,147
09/04/2020,JNU,AK,AAL,WE,Towers with Radar,16,6,4,0,26,1,110,40,0,151,17,116,44,0,177,8,0,8,185
09/05/2020,JNU,AK,AAL,WE,Towers with Radar,16,18,2,0,36,0,103,60,0,163,16,121,62,0,199,4,0,4,203
09/06/2020,JNU,AK,AAL,WE,Towers with Radar,19,6,4,2,31,1,86,52,0,139,20,92,56,2,170,0,0,0,170
09/07/2020,JNU,AK,AAL,WE,Towers with Radar,16,4,6,0,26,1,80,27,0,108,17,84,33,0,134,0,0,0,134
09/08/2020,JNU,AK,AAL,WE,Towers with Radar,21,10,8,0,39,0,32,15,3,50,21,42,23,3,89,0,0,0,89
09/09/2020,JNU,AK,AAL,WE,Towers with Radar,18,13,7,2,40,0,98,32,0,130,18,111,39,2,170,0,0,0,170
09/10/2020,JNU,AK,AAL,WE,Towers with Radar,15,3,6,0,24,1,100,62,0,163,16,103,68,0,187,12,0,12,199
09/11/2020,JNU,AK,AAL,WE,Towers with Radar,15,6,4,0,25,2,134,56,2,194,17,140,60,2,219,6,0,6,225
09/12/2020,JNU,AK,AAL,WE,Towers with Radar,16,2,3,0,21,2,101,59,0,162,18,103,62,0,183,16,0,16,199
09/13/2020,JNU,AK,AAL,WE,Towers with Radar,21,0,0,0,21,3,71,47,0,121,24,71,47,0,142,18,0,18,160
09/14/2020,JNU,AK,AAL,WE,Towers with Radar,15,5,4,0,24,3,155,63,0,221,18,160,67,0,245,6,0,6,251
09/15/2020,JNU,AK,AAL,WE,Towers with Radar,12,2,0,1,15,2,117,37,2,158,14,119,37,3,173,2,0,2,175
09/16/2020,JNU,AK,AAL,WE,Towers with Radar,18,4,1,0,23,2,132,35,2,171,20,136,36,2,194,4,0,4,198
09/17/2020,JNU,AK,AAL,WE,Towers with Radar,13,4,3,0,20,3,134,33,2,172,16,138,36,2,192,0,0,0,192
09/18/2020,JNU,AK,AAL,WE,Towers with Radar,18,10,4,1,33,0,77,12,2,91,18,87,16,3,124,0,0,0,124
09/19/2020,JNU,AK,AAL,WE,Towers with Radar,22,4,0,0,26,0,94,34,0,128,22,98,34,0,154,22,0,22,176
09/20/2020,JNU,AK,AAL,WE,Towers with Radar,20,0,7,0,27,3,56,44,1,104,23,56,51,1,131,0,0,0,131
09/21/2020,JNU,AK,AAL,WE,Towers with Radar,16,8,9,2,35,1,79,28,4,112,17,87,37,6,147,0,6,6,153
09/22/2020,JNU,AK,AAL,WE,Towers with Radar,19,5,8,0,32,2,74,23,2,101,21,79,31,2,133,8,2,10,143
09/23/2020,JNU,AK,AAL,WE,Towers with Radar,19,7,7,0,33,0,81,14,0,95,19,88,21,0,128,4,0,4,132
09/24/2020,JNU,AK,AAL,WE,Towers with Radar,22,9,12,0,43,2,63,13,0,78,24,72,25,0,121,6,0,6,127
09/25/2020,JNU,AK,AAL,WE,Towers with Radar,17,36,0,2,55,1,78,13,5,97,18,114,13,7,152,0,0,0,152
09/26/2020,JNU,AK,AAL,WE,Towers with Radar,19,11,4,0,34,0,69,17,0,86,19,80,21,0,120,0,1,1,121
09/27/2020,JNU,AK,AAL,WE,Towers with Radar,18,0,0,0,18,0,10,3,0,13,18,10,3,0,31,0,0,0,31
09/28/2020,JNU,AK,AAL,WE,Towers with Radar,20,9,0,0,29,0,97,15,0,112,20,106,15,0,141,2,0,2,143
09/29/2020,JNU,AK,AAL,WE,Towers with Radar,17,5,0,0,22,0,84,20,0,104,17,89,20,0,126,2,0,2,128
09/30/2020,JNU,AK,AAL,WE,Towers with Radar,19,2,6,0,27,3,55,26,0,84,22,57,32,0,111,0,0,0,111
10/01/2020,JNU,AK,AAL,WE,Towers with Radar,17,20,2,0,39,0,54,42,3,99,17,74,44,3,138,24,0,24,162
10/02/2020,JNU,AK,AAL,WE,Towers with Radar,23,5,14,0,42,0,21,9,2,32,23,26,23,2,74,0,0,0,74
10/03/2020,JNU,AK,AAL,WE,Towers with Radar,21,9,6,0,36,0,86,24,0,110,21,95,30,0,146,2,0,2,148
10/04/2020,JNU,AK,AAL,WE,Towers with Radar,18,5,2,0,25,0,23,7,2,32,18,28,9,2,57,12,0,12,69
10/05/2020,JNU,AK,AAL,WE,Towers with Radar,15,7,5,0,27,0,79,14,1,94,15,86,19,1,121,4,0,4,125
10/06/2020,JNU,AK,AAL,WE,Towers with Radar,17,8,5,2,32,0,61,31,0,92,17,69,36,2,124,6,0,6,130
10/07/2020,JNU,AK,AAL,WE,Towers with Radar,19,6,2,0,27,0,96,32,0,128,19,102,34,0,155,6,0,6,161
10/08/2020,JNU,AK,AAL,WE,Towers with Radar,14,14,4,2,34,4,100,25,1,130,18,114,29,3,164,10,0,10,174
10/09/2020,JNU,AK,AAL,WE,Towers with Radar,19,6,4,0,29,0,73,24,2,99,19,79,28,2,128,10,0,10,138
10/10/2020,JNU,AK,AAL,WE,Towers with Radar,13,3,8,0,24,0,50,15,0,65,13,53,23,0,89,6,0,6,95
10/11/2020,JNU,AK,AAL,WE,Towers with Radar,18,0,5,2,25,0,39,20,0,59,18,39,25,2,84,0,0,0,84
10/12/2020,JNU,AK,AAL,WE,Towers with Radar,14,3,4,0,21,0,64,23,0,87,14,67,27,0,108,6,0,6,114
10/13/2020,JNU,AK,AAL,WE,Towers with Radar,16,4,4,0,24,0,81,37,0,118,16,85,41,0,142,22,0,22,164
10/14/2020,JNU,AK,AAL,WE,Towers with Radar,22,6,6,0,34,0,63,31,0,94,22,69,37,0,128,10,0,10,138
10/15/2020,JNU,AK,AAL,WE,Towers with Radar,15,13,2,0,30,0,60,5,0,65,15,73,7,0,95,8,0,8,103
10/16/2020,JNU,AK,AAL,WE,Towers with Radar,17,5,1,0,23,1,97,32,2,132,18,102,33,2,155,14,0,14,169
10/17/2020,JNU,AK,AAL,WE,Towers with Radar,16,4,1,1,22,1,88,19,0,108,17,92,20,1,130,0,0,0,130
10/18/2020,JNU,AK,AAL,WE,Towers with Radar,19,0,2,0,21,0,39,34,0,73,19,39,36,0,94,54,0,54,148
10/19/2020,JNU,AK,AAL,WE,Towers with Radar,17,12,0,0,29,0,77,8,2,87,17,89,8,2,116,6,0,6,122
10/20/2020,JNU,AK,AAL,WE,Towers with Radar,15,4,11,0,30,0,47,15,0,62,15,51,26,0,92,6,0,6,98
10/21/2020,JNU,AK,AAL,WE,Towers with Radar,13,5,3,0,21,3,84,16,0,103,16,89,19,0,124,0,0,0,124
10/22/2020,JNU,AK,AAL,WE,Towers with Radar,15,2,0,0,17,0,85,7,0,92,15,87,7,0,109,0,0,0,109
10/23/2020,JNU,AK,AAL,WE,Towers with Radar,18,0,0,0,18,1,87,33,0,121,19,87,33,0,139,10,0,10,149
10/24/2020,JNU,AK,AAL,WE,Towers with Radar,17,0,0,0,17,4,82,47,0,133,21,82,47,0,150,14,0,14,164
10/25/2020,JNU,AK,AAL,WE,Towers with Radar,18,8,2,0,28,0,8,2,0,10,18,16,4,0,38,6,0,6,44
10/26/2020,JNU,AK,AAL,WE,Towers with Radar,15,6,3,0,24,0,52,6,0,58,15,58,9,0,82,6,0,6,88
10/27/2020,JNU,AK,AAL,WE,Towers with Radar,15,5,0,0,20,1,70,15,0,86,16,75,15,0,106,20,0,20,126
10/28/2020,JNU,AK,AAL,WE,Towers with Radar,18,16,0,0,34,0,71,16,0,87,18,87,16,0,121,12,0,12,133
10/29/2020,JNU,AK,AAL,WE,Towers with Radar,17,7,0,0,24,0,75,8,0,83,17,82,8,0,107,0,0,0,107
10/30/2020,JNU,AK,AAL,WE,Towers with Radar,13,7,6,0,26,0,76,11,0,87,13,83,17,0,113,0,0,0,113
10/31/2020,JNU,AK,AAL,WE,Towers with Radar,16,3,7,0,26,1,19,2,0,22,17,22,9,0,48,0,0,0,48
11/01/2020,JNU,AK,AAL,WE,Towers with Radar,17,1,9,0,27,0,0,3,0,3,17,1,12,0,30,0,0,0,30
11/02/2020,JNU,AK,AAL,WE,Towers with Radar,14,7,4,0,25,0,20,1,0,21,14,27,5,0,46,0,0,0,46
11/03/2020,JNU,AK,AAL,WE,Towers with Radar,15,5,4,0,24,0,64,3,0,67,15,69,7,0,91,0,0,0,91
11/04/2020,JNU,AK,AAL,WE,Towers with Radar,15,12,7,0,34,0,43,5,0,48,15,55,12,0,82,8,0,8,90
11/05/2020,JNU,AK,AAL,WE,Towers with Radar,18,4,0,0,22,0,91,5,0,96,18,95,5,0,118,0,0,0,118
11/06/2020,JNU,AK,AAL,WE,Towers with Radar,16,7,3,1,27,0,23,16,0,39,16,30,19,1,66,24,0,24,90
11/07/2020,JNU,AK,AAL,WE,Towers with Radar,13,2,0,1,16,1,108,31,0,140,14,110,31,1,156,0,0,0,156
11/08/2020,JNU,AK,AAL,WE,Towers with Radar,17,1,4,0,22,0,10,1,0,11,17,11,5,0,33,2,0,2,35
11/09/2020,JNU,AK,AAL,WE,Towers with Radar,18,6,11,0,35,0,42,6,0,48,18,48,17,0,83,0,0,0,83
11/10/2020,JNU,AK,AAL,WE,Towers with Radar,15,3,1,0,19,1,111,22,2,136,16,114,23,2,155,12,0,12,167
11/11/2020,JNU,AK,AAL,WE,Towers with Radar,15,3,12,2,32,0,40,3,2,45,15,43,15,4,77,18,0,18,95
11/12/2020,JNU,AK,AAL,WE,Towers with Radar,15,2,10,2,29,0,54,4,0,58,15,56,14,2,87,0,0,0,87
11/13/2020,JNU,AK,AAL,WE,Towers with Radar,17,6,13,0,36,0,43,6,0,49,17,49,19,0,85,0,0,0,85
11/14/2020,JNU,AK,AAL,WE,Towers with Radar,17,18,1,0,36,0,50,3,0,53,17,68,4,0,89,0,0,0,89
11/15/2020,JNU,AK,AAL,WE,Towers with Radar,20,2,0,0,22,0,62,28,0,90,20,64,28,0,112,36,0,36,148
11/16/2020,JNU,AK,AAL,WE,Towers with Radar,17,6,1,1,25,0,73,12,2,87,17,79,13,3,112,10,0,10,122
11/17/2020,JNU,AK,AAL,WE,Towers with Radar,16,5,0,0,21,0,48,1,0,49,16,53,1,0,70,0,0,0,70
11/18/2020,JNU,AK,AAL,WE,Towers with Radar,18,11,2,0,31,0,66,4,4,74,18,77,6,4,105,0,0,0,105
11/19/2020,JNU,AK,AAL,WE,Towers with Radar,13,3,5,1,22,0,59,17,3,79,13,62,22,4,101,46,0,46,147
11/20/2020,JNU,AK,AAL,WE,Towers with Radar,13,6,7,2,28,0,61,11,0,72,13,67,18,2,100,20,0,20,120
11/21/2020,JNU,AK,AAL,WE,Towers with Radar,16,11,4,2,33,0,3,0,0,3,16,14,4,2,36,0,0,0,36
11/22/2020,JNU,AK,AAL,WE,Towers with Radar,14,4,10,0,28,0,36,20,0,56,14,40,30,0,84,16,0,16,100
11/23/2020,JNU,AK,AAL,WE,Towers with Radar,16,4,7,0,27,0,10,3,0,13,16,14,10,0,40,0,0,0,40
11/24/2020,JNU,AK,AAL,WE,Towers with Radar,16,9,3,0,28,0,76,7,0,83,16,85,10,0,111,12,0,12,123
11/25/2020,JNU,AK,AAL,WE,Towers with Radar,15,13,5,0,33,0,48,4,1,53,15,61,9,1,86,0,0,0,86
11/26/2020,JNU,AK,AAL,WE,Towers with Radar,8,1,5,0,14,0,2,5,0,7,8,3,10,0,21,16,0,16,37
11/27/2020,JNU,AK,AAL,WE,Towers with Radar,16,2,2,0,20,0,47,19,0,66,16,49,21,0,86,40,0,40,126
11/28/2020,JNU,AK,AAL,WE,Towers with Radar,10,4,0,0,14,0,0,1,0,1,10,4,1,0,15,0,0,0,15
11/29/2020,JNU,AK,AAL,WE,Towers with Radar,16,3,5,0,24,0,52,15,0,67,16,55,20,0,91,0,0,0,91
11/30/2020,JNU,AK,AAL,WE,Towers with Radar,15,2,5,0,22,1,53,16,0,70,16,55,21,0,92,4,0,4,96
12/01/2020,JNU,AK,AAL,WE,Towers with Radar,16,5,3,0,24,0,5,0,0,5,16,10,3,0,29,0,0,0,29
12/02/2020,JNU,AK,AAL,WE,Towers with Radar,18,4,2,0,24,1,33,8,3,45,19,37,10,3,69,0,0,0,69
12/03/2020,JNU,AK,AAL,WE,Towers with Radar,17,6,7,0,30,0,45,5,8,58,17,51,12,8,88,2,0,2,90
12/04/2020,JNU,AK,AAL,WE,Towers with Radar,16,10,0,0,26,0,30,4,8,42,16,40,4,8,68,0,0,0,68
12/05/2020,JNU,AK,AAL,WE,Towers with Radar,15,11,4,2,32,0,7,2,0,9,15,18,6,2,41,0,0,0,41
12/06/2020,JNU,AK,AAL,WE,Towers with Radar,17,2,0,0,19,0,8,3,0,11,17,10,3,0,30,0,0,0,30
12/07/2020,JNU,AK,AAL,WE,Towers with Radar,13,11,3,0,27,0,39,2,0,41,13,50,5,0,68,0,0,0,68
12/08/2020,JNU,AK,AAL,WE,Towers with Radar,16,9,3,0,28,0,77,18,0,95,16,86,21,0,123,0,0,0,123
12/09/2020,JNU,AK,AAL,WE,Towers with Radar,16,4,3,0,23,0,57,14,0,71,16,61,17,0,94,0,0,0,94
12/10/2020,JNU,AK,AAL,WE,Towers with Radar,19,7,6,0,32,1,64,11,3,79,20,71,17,3,111,10,0,10,121
12/11/2020,JNU,AK,AAL,WE,Towers with Radar,12,7,8,0,27,0,4,0,0,4,12,11,8,0,31,0,0,0,31
12/12/2020,JNU,AK,AAL,WE,Towers with Radar,11,4,1,0,16,0,4,0,0,4,11,8,1,0,20,0,0,0,20
12/13/2020,JNU,AK,AAL,WE,Towers with Radar,16,2,2,0,20,2,59,9,0,70,18,61,11,0,90,10,0,10,100
12/14/2020,JNU,AK,AAL,WE,Towers with Radar,16,6,1,1,24,0,4,1,0,5,16,10,2,1,29,0,0,0,29
12/15/2020,JNU,AK,AAL,WE,Towers with Radar,17,5,1,0,23,0,43,9,0,52,17,48,10,0,75,8,0,8,83
12/16/2020,JNU,AK,AAL,WE,Towers with Radar,13,6,1,0,20,0,0,0,0,0,13,6,1,0,20,0,0,0,20
12/17/2020,JNU,AK,AAL,WE,Towers with Radar,17,13,2,0,32,0,3,0,0,3,17,16,2,0,35,0,0,0,35
12/18/2020,JNU,AK,AAL,WE,Towers with Radar,18,14,3,0,35,2,61,10,1,74,20,75,13,1,109,4,0,4,113
12/19/2020,JNU,AK,AAL,WE,Towers with Radar,15,5,3,0,23,1,15,3,0,19,16,20,6,0,42,0,0,0,42
12/20/2020,JNU,AK,AAL,WE,Towers with Radar,15,0,3,1,19,0,21,19,0,40,15,21,22,1,59,34,0,34,93
12/21/2020,JNU,AK,AAL,WE,Towers with Radar,17,9,2,0,28,1,52,16,0,69,18,61,18,0,97,2,0,2,99
12/22/2020,JNU,AK,AAL,WE,Towers with Radar,15,2,8,0,25,1,37,8,0,46,16,39,16,0,71,0,0,0,71
12/23/2020,JNU,AK,AAL,WE,Towers with Radar,17,5,7,0,29,0,13,5,0,18,17,18,12,0,47,0,0,0,47
12/24/2020,JNU,AK,AAL,WE,Towers with Radar,25,5,11,0,41,1,13,2,0,16,26,18,13,0,57,2,0,2,59
12/25/2020,JNU,AK,AAL,WE,Towers with Radar,7,0,1,0,8,0,7,2,0,9,7,7,3,0,17,0,0,0,17
12/26/2020,JNU,AK,AAL,WE,Towers with Radar,16,4,1,0,21,0,47,20,0,67,16,51,21,0,88,12,0,12,100
12/27/2020,JNU,AK,AAL,WE,Towers with Radar,13,5,0,0,18,0,13,7,0,20,13,18,7,0,38,8,0,8,46
12/28/2020,JNU,AK,AAL,WE,Towers with Radar,16,9,1,0,26,0,54,10,0,64,16,63,11,0,90,0,0,0,90
12/29/2020,JNU,AK,AAL,WE,Towers with Radar,15,6,8,0,29,1,30,6,0,37,16,36,14,0,66,0,0,0,66
12/30/2020,JNU,AK,AAL,WE,Towers with Radar,14,7,4,0,25,0,0,0,0,0,14,7,4,0,25,0,0,0,25
12/31/2020,JNU,AK,AAL,WE,Towers with Radar,16,7,11,0,34,0,38,17,0,55,16,45,28,0,89,20,0,20,109
01/01/2021,JNU,AK,AAL,WE,Towers with Radar,9,0,2,0,11,1,3,13,0,17,10,3,15,0,28,14,0,14,42
01/02/2021,JNU,AK,AAL,WE,Towers with Radar,16,2,9,0,27,0,24,9,0,33,16,26,18,0,60,0,0,0,60
01/03/2021,JNU,AK,AAL,WE,Towers with Radar,15,3,1,0,19,0,19,5,0,24,15,22,6,0,43,0,0,0,43
01/04/2021,JNU,AK,AAL,WE,Towers with Radar,13,8,2,0,23,0,31,11,1,43,13,39,13,1,66,12,0,12,78
01/05/2021,JNU,AK,AAL,WE,Towers with Radar,17,7,3,0,27,0,29,2,0,31,17,36,5,0,58,8,0,8,66
01/06/2021,JNU,AK,AAL,WE,Towers with Radar,19,10,5,0,34,0,41,4,0,45,19,51,9,0,79,0,0,0,79
01/07/2021,JNU,AK,AAL,WE,Towers with Radar,16,9,3,0,28,0,26,5,0,31,16,35,8,0,59,0,0,0,59
01/08/2021,JNU,AK,AAL,WE,Towers with Radar,14,4,7,0,25,1,36,23,0,60,15,40,30,0,85,20,0,20,105
01/09/2021,JNU,AK,AAL,WE,Towers with Radar,14,3,8,0,25,0,27,3,0,30,14,30,11,0,55,16,0,16,71
01/10/2021,JNU,AK,AAL,WE,Towers with Radar,18,1,8,0,27,0,10,5,0,15,18,11,13,0,42,0,0,0,42
01/11/2021,JNU,AK,AAL,WE,Towers with Radar,19,6,6,0,31,0,45,3,3,51,19,51,9,3,82,6,10,16,98
01/12/2021,JNU,AK,AAL,WE,Towers with Radar,19,5,4,0,28,0,13,3,0,16,19,18,7,0,44,18,0,18,62
01/13/2021,JNU,AK,AAL,WE,Towers with Radar,19,3,3,1,26,0,39,5,2,46,19,42,8,3,72,10,0,10,82
01/14/2021,JNU,AK,AAL,WE,Towers with Radar,17,3,1,0,21,0,22,0,0,22,17,25,1,0,43,12,0,12,55
01/15/2021,JNU,AK,AAL,WE,Towers with Radar,19,13,2,0,34,0,29,2,2,33,19,42,4,2,67,8,0,8,75
01/16/2021,JNU,AK,AAL,WE,Towers with Radar,17,6,2,0,25,0,18,1,0,19,17,24,3,0,44,0,0,0,44
01/17/2021,JNU,AK,AAL,WE,Towers with Radar,17,6,2,0,25,0,14,10,0,24,17,20,12,0,49,6,0,6,55
01/18/2021,JNU,AK,AAL,WE,Towers with Radar,14,4,3,0,21,0,24,2,0,26,14,28,5,0,47,0,0,0,47
01/19/2021,JNU,AK,AAL,WE,Towers with Radar,18,8,13,0,39,2,63,16,2,83,20,71,29,2,122,10,0,10,132
01/20/2021,JNU,AK,AAL,WE,Towers with Radar,16,9,7,1,33,0,51,11,4,66,16,60,18,5,99,18,0,18,117
01/21/2021,JNU,AK,AAL,WE,Towers with Radar,17,3,7,0,27,1,65,38,0,104,18,68,45,0,131,36,0,36,167
01/22/2021,JNU,AK,AAL,WE,Towers with Radar,16,6,5,0,27,0,39,13,0,52,16,45,18,0,79,4,0,4,83
01/23/2021,JNU,AK,AAL,WE,Towers with Radar,11,4,1,0,16,0,0,0,0,0,11,4,1,0,16,0,0,0,16
01/24/2021,JNU,AK,AAL,WE,Towers with Radar,17,3,2,0,22,0,12,2,0,14,17,15,4,0,36,0,0,0,36
01/25/2021,JNU,AK,AAL,WE,Towers with Radar,14,4,3,0,21,0,94,20,0,114,14,98,23,0,135,10,0,10,145
01/26/2021,JNU,AK,AAL,WE,Towers with Radar,18,3,1,0,22,1,80,17,0,98,19,83,18,0,120,9,0,9,129
01/27/2021,JNU,AK,AAL,WE,Towers with Radar,20,3,0,0,23,0,81,3,0,84,20,84,3,0,107,4,0,4,111
01/28/2021,JNU,AK,AAL,WE,Towers with Radar,17,4,6,0,27,0,69,14,0,83,17,73,20,0,110,6,0,6,116
01/29/2021,JNU,AK,AAL,WE,Towers with Radar,18,6,10,0,34,0,33,7,0,40,18,39,17,0,74,26,0,26,100
01/30/2021,JNU,AK,AAL,WE,Towers with Radar,19,7,8,0,34,0,32,6,0,38,19,39,14,0,72,0,0,0,72
01/31/2021,JNU,AK,AAL,WE,Towers with Radar,17,2,0,0,19,0,21,30,0,51,17,23,30,0,70,8,0,8,78
02/01/2021,JNU,AK,AAL,WE,Towers with Radar,19,6,3,0,28,0,11,0,0,11,19,17,3,0,39,0,0,0,39
02/02/2021,JNU,AK,AAL,WE,Towers with Radar,18,3,0,3,24,0,48,22,1,71,18,51,22,4,95,18,0,18,113
02/03/2021,JNU,AK,AAL,WE,Towers with Radar,17,5,0,0,22,0,0,0,0,0,17,5,0,0,22,0,0,0,22
02/04/2021,JNU,AK,AAL,WE,Towers with Radar,18,14,6,1,39,0,39,2,0,41,18,53,8,1,80,0,0,0,80
02/05/2021,JNU,AK,AAL,WE,Towers with Radar,16,13,3,0,32,0,56,21,0,77,16,69,24,0,109,26,0,26,135
02/06/2021,JNU,AK,AAL,WE,Towers with Radar,18,11,0,0,29,0,37,15,2,54,18,48,15,2,83,34,0,34,117
02/07/2021,JNU,AK,AAL,WE,Towers with Radar,15,0,5,0,20,0,18,21,0,39,15,18,26,0,59,14,0,14,73
02/08/2021,JNU,AK,AAL,WE,Towers with Radar,14,0,6,0,20,2,29,5,0,36,16,29,11,0,56,4,0,4,60
02/09/2021,JNU,AK,AAL,WE,Towers with Radar,16,1,5,0,22,0,42,8,0,50,16,43,13,0,72,4,0,4,76
02/10/2021,JNU,AK,AAL,WE,Towers with Radar,17,1,1,0,19,0,36,5,0,41,17,37,6,0,60,0,2,2,62
02/11/2021,JNU,AK,AAL,WE,Towers with Radar,17,2,1,0,20,0,48,4,0,52,17,50,5,0,72,0,2,2,74
02/12/2021,JNU,AK,AAL,WE,Towers with Radar,18,3,2,0,23,0,59,4,0,63,18,62,6,0,86,0,0,0,86
02/13/2021,JNU,AK,AAL,WE,Towers with Radar,13,2,0,0,15,1,60,11,0,72,14,62,11,0,87,14,0,14,101
02/14/2021,JNU,AK,AAL,WE,Towers with Radar,20,2,2,0,24,0,24,16,0,40,20,26,18,0,64,18,0,18,82
02/15/2021,JNU,AK,AAL,WE,Towers with Radar,13,5,2,2,22,0,65,26,0,91,13,70,28,2,113,12,0,12,125
02/16/2021,JNU,AK,AAL,WE,Towers with Radar,21,5,6,0,32,0,12,5,0,17,21,17,11,0,49,0,0,0,49
02/17/2021,JNU,AK,AAL,WE,Towers with Radar,18,6,2,0,26,0,6,0,0,6,18,12,2,0,32,0,0,0,32
02/18/2021,JNU,AK,AAL,WE,Towers with Radar,16,7,2,0,25,0,38,7,2,47,16,45,9,2,72,8,0,8,80
02/19/2021,JNU,AK,AAL,WE,Towers with Radar,19,9,5,0,33,0,14,2,0,16,19,23,7,0,49,0,0,0,49
02/20/2021,JNU,AK,AAL,WE,Towers with Radar,14,4,2,0,20,0,0,0,0,0,14,4,2,0,20,0,0,0,20
02/21/2021,JNU,AK,AAL,WE,Towers with Radar,12,0,9,0,21,0,24,3,0,27,12,24,12,0,48,0,0,0,48
02/22/2021,JNU,AK,AAL,WE,Towers with Radar,11,19,5,0,35,0,36,5,0,41,11,55,10,0,76,10,0,10,86
02/23/2021,JNU,AK,AAL,WE,Towers with Radar,16,6,4,0,26,0,78,19,0,97,16,84,23,0,123,12,0,12,135
02/24/2021,JNU,AK,AAL,WE,Towers with Radar,14,13,0,0,27,0,12,0,0,12,14,25,0,0,39,0,0,0,39
02/25/2021,JNU,AK,AAL,WE,Towers with Radar,13,5,3,0,21,0,0,0,0,0,13,5,3,0,21,0,0,0,21
02/26/2021,JNU,AK,AAL,WE,Towers with Radar,18,0,0,0,18,0,95,25,3,123,18,95,25,3,141,29,0,29,170
02/27/2021,JNU,AK,AAL,WE,Towers with Radar,16,1,2,0,19,0,10,1,0,11,16,11,3,0,30,0,0,0,30
02/28/2021,JNU,AK,AAL,WE,Towers with Radar,16,3,5,0,24,0,15,7,0,22,16,18,12,0,46,0,0,0,46
03/01/2021,JNU,AK,AAL,WE,Towers with Radar,13,7,12,0,32,0,27,4,2,33,13,34,16,2,65,10,0,10,75
03/02/2021,JNU,AK,AAL,WE,Towers with Radar,15,6,9,0,30,0,55,8,0,63,15,61,17,0,93,0,0,0,93
03/03/2021,JNU,AK,AAL,WE,Towers with Radar,16,2,14,0,32,1,41,10,0,52,17,43,24,0,84,4,0,4,88
03/04/2021,JNU,AK,AAL,WE,Towers with Radar,12,2,0,0,14,0,72,23,0,95,12,74,23,0,109,12,0,12,121
03/05/2021,JNU,AK,AAL,WE,Towers with Radar,16,4,6,0,26,0,46,6,0,52,16,50,12,0,78,0,0,0,78
03/06/2021,JNU,AK,AAL,WE,Towers with Radar,13,2,3,0,18,0,58,18,1,77,13,60,21,1,95,20,0,20,115
03/07/2021,JNU,AK,AAL,WE,Towers with Radar,17,1,4,0,22,0,39,28,2,69,17,40,32,2,91,16,0,16,107
03/08/2021,JNU,AK,AAL,WE,Towers with Radar,16,6,0,0,22,0,69,17,0,86,16,75,17,0,108,8,0,8,116
03/09/2021,JNU,AK,AAL,WE,Towers with Radar,16,2,0,0,18,1,99,38,0,138,17,101,38,0,156,12,0,12,168
03/10/2021,JNU,AK,AAL,WE,Towers with Radar,14,4,4,0,22,0,54,7,0,61,14,58,11,0,83,2,0,2,85
03/11/2021,JNU,AK,AAL,WE,Towers with Radar,14,2,7,0,23,1,43,10,0,54,15,45,17,0,77,16,0,16,93
03/12/2021,JNU,AK,AAL,WE,Towers with Radar,20,4,9,0,33,0,46,17,0,63,20,50,26,0,96,0,0,0,96
03/13/2021,JNU,AK,AAL,WE,Towers with Radar,9,7,3,0,19,0,42,14,0,56,9,49,17,0,75,2,0,2,77
03/14/2021,JNU,AK,AAL,WE,Towers with Radar,12,0,1,0,13,0,56,28,0,84,12,56,29,0,97,20,0,20,117
03/15/2021,JNU,AK,AAL,WE,Towers with Radar,13,0,0,0,13,0,0,0,0,0,13,0,0,0,13,0,0,0,13
03/16/2021,JNU,AK,AAL,WE,Towers with Radar,17,6,3,0,26,0,59,5,0,64,17,65,8,0,90,0,0,0,90
03/17/2021,JNU,AK,AAL,WE,Towers with Radar,14,4,1,0,19,0,14,0,0,14,14,18,1,0,33,0,0,0,33
03/18/2021,JNU,AK,AAL,WE,Towers with Radar,13,5,5,1,24,0,88,32,0,120,13,93,37,1,144,16,0,16,160
03/19/2021,JNU,AK,AAL,WE,Towers with Radar,19,5,5,0,29,1,31,2,0,34,20,36,7,0,63,0,0,0,63
03/20/2021,JNU,AK,AAL,WE,Towers with Radar,11,8,7,0,26,0,36,8,0,44,11,44,15,0,70,0,0,0,70
03/21/2021,JNU,AK,AAL,WE,Towers with Radar,15,1,3,0,19,0,0,0,0,0,15,1,3,0,19,0,0,0,19
03/22/2021,JNU,AK,AAL,WE,Towers with Radar,17,10,11,0,38,0,28,3,0,31,17,38,14,0,69,0,0,0,69
03/23/2021,JNU,AK,AAL,WE,Towers with Radar,12,9,13,0,34,0,9,0,0,9,12,18,13,0,43,0,0,0,43
03/24/2021,JNU,AK,AAL,WE,Towers with Radar,15,15,4,0,34,0,56,8,0,64,15,71,12,0,98,8,0,8,106
03/25/2021,JNU,AK,AAL,WE,Towers with Radar,12,10,2,0,24,0,59,8,1,68,12,69,10,1,92,52,0,52,144
03/26/2021,JNU,AK,AAL,WE,Towers with Radar,14,7,1,0,22,0,95,5,0,100,14,102,6,0,122,6,0,6,128
03/27/2021,JNU,AK,AAL,WE,Towers with Radar,16,3,2,0,21,1,39,5,0,45,17,42,7,0,66,4,0,4,70
03/28/2021,JNU,AK,AAL,WE,Towers with Radar,12,0,0,0,12,0,94,32,0,126,12,94,32,0,138,38,0,38,176
03/29/2021,JNU,AK,AAL,WE,Towers with Radar,18,8,9,0,35,0,13,4,0,17,18,21,13,0,52,0,0,0,52
03/30/2021,JNU,AK,AAL,WE,Towers with Radar,19,9,14,0,42,0,72,9,0,81,19,81,23,0,123,2,0,2,125
03/31/2021,JNU,AK,AAL,WE,Towers with Radar,15,8,2,0,25,0,23,2,0,25,15,31,4,0,50,0,0,0,50
04/01/2021,JNU,AK,AAL,WE,Towers with Radar,17,7,16,1,41,0,78,6,1,85,17,85,22,2,126,26,0,26,152
04/02/2021,JNU,AK,AAL,WE,Towers with Radar,17,10,9,0,36,4,82,36,2,124,21,92,45,2,160,46,1,47,207
04/03/2021,JNU,AK,AAL,WE,Towers with Radar,8,9,1,1,19,0,71,18,0,89,8,80,19,1,108,8,0,8,116
04/04/2021,JNU,AK,AAL,WE,Towers with Radar,19,6,1,0,26,0,15,2,0,17,19,21,3,0,43,2,0,2,45
04/05/2021,JNU,AK,AAL,WE,Towers with Radar,15,17,2,0,34,0,85,7,0,92,15,102,9,0,126,22,0,22,148
04/06/2021,JNU,AK,AAL,WE,Towers with Radar,18,14,7,0,39,0,44,2,0,46,18,58,9,0,85,6,0,6,91
04/07/2021,JNU,AK,AAL,WE,Towers with Radar,13,19,1,0,33,0,121,19,0,140,13,140,20,0,173,6,0,6,179
04/08/2021,JNU,AK,AAL,WE,Towers with Radar,12,1,0,0,13,0,0,0,0,0,12,1,0,0,13,0,0,0,13
04/09/2021,JNU,AK,AAL,WE,Towers with Radar,22,5,4,0,31,0,40,2,0,42,22,45,6,0,73,0,0,0,73
04/10/2021,JNU,AK,AAL,WE,Towers with Radar,22,17,4,0,43,0,26,1,0,27,22,43,5,0,70,8,0,8,78
04/11/2021,JNU,AK,AAL,WE,Towers with Radar,17,8,8,0,33,0,75,25,0,100,17,83,33,0,133,20,0,20,153
04/12/2021,JNU,AK,AAL,WE,Towers with Radar,15,9,13,0,37,0,34,6,2,42,15,43,19,2,79,0,0,0,79
04/13/2021,JNU,AK,AAL,WE,Towers with Radar,15,16,7,0,38,0,68,4,0,72,15,84,11,0,110,0,0,0,110
04/14/2021,JNU,AK,AAL,WE,Towers with Radar,17,6,6,0,29,0,100,9,0,109,17,106,15,0,138,4,0,4,142
04/15/2021,JNU,AK,AAL,WE,Towers with Radar,16,15,5,0,36,0,81,25,0,106,16,96,30,0,142,2,0,2,144
04/16/2021,JNU,AK,AAL,WE,Towers with Radar,17,2,4,1,24,0,145,53,1,199,17,147,57,2,223,34,0,34,257
04/17/2021,JNU,AK,AAL,WE,Towers with Radar,17,1,0,0,18,1,96,30,0,127,18,97,30,0,145,0,0,0,145
04/18/2021,JNU,AK,AAL,WE,Towers with Radar,18,2,0,0,20,0,69,19,0,88,18,71,19,0,108,4,0,4,112
04/19/2021,JNU,AK,AAL,WE,Towers with Radar,18,1,0,1,20,0,134,37,0,171,18,135,37,1,191,18,0,18,209
04/20/2021,JNU,AK,AAL,WE,Towers with Radar,20,3,0,1,24,2,116,15,1,134,22,119,15,2,158,12,0,12,170
04/21/2021,JNU,AK,AAL,WE,Towers with Radar,20,3,1,0,24,5,113,14,0,132,25,116,15,0,156,0,0,0,156
04/22/2021,JNU,AK,AAL,WE,Towers with Radar,20,2,1,1,24,0,129,25,1,155,20,131,26,2,179,32,0,32,211
04/23/2021,JNU,AK,AAL,WE,Towers with Radar,15,1,1,1,18,2,103,17,1,123,17,104,18,2,141,4,0,4,145
04/24/2021,JNU,AK,AAL,WE,Towers with Radar,16,1,1,0,18,0,103,31,0,134,16,104,32,0,152,60,0,60,212
04/25/2021,JNU,AK,AAL,WE,Towers with Radar,17,1,4,0,22,1,59,33,2,95,18,60,37,2,117,22,0,22,139
04/26/2021,JNU,AK,AAL,WE,Towers with Radar,16,1,0,0,17,1,113,47,0,161,17,114,47,0,178,18,0,18,196
04/27/2021,JNU,AK,AAL,WE,Towers with Radar,17,14,0,0,31,0,93,16,0,109,17,107,16,0,140,18,0,18,158
04/28/2021,JNU,AK,AAL,WE,Towers with Radar,17,6,6,0,29,1,113,20,0,134,18,119,26,0,163,16,0,16,179
04/29/2021,JNU,AK,AAL,WE,Towers with Radar,14,10,14,1,39,0,14,5,0,19,14,24,19,1,58,0,0,0,58
04/30/2021,JNU,AK,AAL,WE,Towers with Radar,20,4,13,0,37,0,103,13,0,116,20,107,26,0,153,4,0,4,157
05/01/2021,JNU,AK,AAL,WE,Towers with Radar,16,6,7,0,29,2,93,26,0,121,18,99,33,0,150,0,0,0,150
05/02/2021,JNU,AK,AAL,WE,Towers with Radar,15,0,3,0,18,2,67,41,0,110,17,67,44,0,128,22,0,22,150
05/03/2021,JNU,AK,AAL,WE,Towers with Radar,17,15,4,0,36,0,94,7,0,101,17,109,11,0,137,4,0,4,141
05/04/2021,JNU,AK,AAL,WE,Towers with Radar,17,6,10,0,33,0,104,4,0,108,17,110,14,0,141,10,0,10,151
05/05/2021,JNU,AK,AAL,WE,Towers with Radar,19,5,2,0,26,2,141,41,2,186,21,146,43,2,212,36,0,36,248
05/06/2021,JNU,AK,AAL,WE,Towers with Radar,16,0,0,0,16,1,135,35,2,173,17,135,35,2,189,6,0,6,195
05/07/2021,JNU,AK,AAL,WE,Towers with Radar,20,10,11,0,41,1,106,18,0,125,21,116,29,0,166,14,0,14,180
05/08/2021,JNU,AK,AAL,WE,Towers with Radar,14,5,10,0,29,1,95,20,0,116,15,100,30,0,145,12,0,12,157
05/09/2021,JNU,AK,AAL,WE,Towers with Radar,21,2,15,0,38,1,54,28,0,83,22,56,43,0,121,0,0,0,121
05/10/2021,JNU,AK,AAL,WE,Towers with Radar,13,3,11,0,27,1,108,14,0,123,14,111,25,0,150,30,0,30,180
05/11/2021,JNU,AK,AAL,WE,Towers with Radar,14,4,7,0,25,1,119,24,0,144,15,123,31,0,169,34,0,34,203
05/12/2021,JNU,AK,AAL,WE,Towers with Radar,18,2,4,0,24,1,133,42,0,176,19,135,46,0,200,2,0,2,202
05/13/2021,JNU,AK,AAL,WE,Towers with Radar,18,6,17,2,43,0,132,21,1,154,18,138,38,3,197,0,0,0,197
05/14/2021,JNU,AK,AAL,WE,Towers with Radar,19,6,17,0,42,0,114,25,1,140,19,120,42,1,182,4,0,4,186
05/15/2021,JNU,AK,AAL,WE,Towers with Radar,17,4,9,0,30,0,68,14,0,82,17,72,23,0,112,8,0,8,120
05/16/2021,JNU,AK,AAL,WE,Towers with Radar,17,1,7,1,26,0,97,28,2,127,17,98,35,3,153,18,0,18,171
05/17/2021,JNU,AK,AAL,WE,Towers with Radar,16,4,1,0,21,0,148,45,2,195,16,152,46,2,216,4,0,4,220
05/18/2021,JNU,AK,AAL,WE,Towers with Radar,16,1,0,0,17,0,148,48,0,196,16,149,48,0,213,40,0,40,253
05/19/2021,JNU,AK,AAL,WE,Towers with Radar,16,1,3,0,20,0,143,43,9,195,16,144,46,9,215,4,0,4,219
05/20/2021,JNU,AK,AAL,WE,Towers with Radar,20,1,0,0,21,3,139,55,0,197,23,140,55,0,218,16,0,16,234
05/21/2021,JNU,AK,AAL,WE,Towers with Radar,22,2,11,0,35,1,99,17,0,117,23,101,28,0,152,4,0,4,156
05/22/2021,JNU,AK,AAL,WE,Towers with Radar,22,3,15,0,40,0,97,34,0,131,22,100,49,0,171,12,0,12,183
05/23/2021,JNU,AK,AAL,WE,Towers with Radar,22,4,14,0,40,0,87,42,0,129,22,91,56,0,169,12,0,12,181
05/24/2021,JNU,AK,AAL,WE,Towers with Radar,23,4,1,0,28,2,159,34,0,195,25,163,35,0,223,6,0,6,229
05/25/2021,JNU,AK,AAL,WE,Towers with Radar,22,3,2,0,27,2,161,29,2,194,24,164,31,2,221,6,0,6,227
05/26/2021,JNU,AK,AAL,WE,Towers with Radar,24,6,14,0,44,2,143,27,2,174,26,149,41,2,218,8,0,8,226
05/27/2021,JNU,AK,AAL,WE,Towers with Radar,24,3,5,0,32,2,225,55,0,282,26,228,60,0,314,0,0,0,314
05/28/2021,JNU,AK,AAL,WE,Towers with Radar,16,3,12,0,31,0,154,16,0,170,16,157,28,0,201,0,0,0,201
05/29/2021,JNU,AK,AAL,WE,Towers with Radar,22,2,15,0,39,0,123,17,0,140,22,125,32,0,179,4,0,4,183
05/30/2021,JNU,AK,AAL,WE,Towers with Radar,25,6,11,0,42,0,61,16,0,77,25,67,27,0,119,0,0,0,119
05/31/2021,JNU,AK,AAL,WE,Towers with Radar,24,2,14,0,40,0,3,5,3,11,24,5,19,3,51,0,0,0,51
06/01/2021,JNU,AK,AAL,WE,Towers with Radar,19,12,14,0,45,4,161,41,2,208,23,173,55,2,253,10,0,10,263
06/02/2021,JNU,AK,AAL,WE,Towers with Radar,19,18,17,0,54,0,37,1,0,38,19,55,18,0,92,0,0,0,92
06/03/2021,JNU,AK,AAL,WE,Towers with Radar,20,9,7,0,36,0,119,25,0,144,20,128,32,0,180,12,0,12,192
06/04/2021,JNU,AK,AAL,WE,Towers with Radar,21,6,10,0,37,3,177,24,0,204,24,183,34,0,241,6,0,6,247
06/05/2021,JNU,AK,AAL,WE,Towers with Radar,17,10,5,0,32,0,157,19,0,176,17,167,24,0,208,0,0,0,208
06/06/2021,JNU,AK,AAL,WE,Towers with Radar,26,4,6,0,36,0,156,25,0,181,26,160,31,0,217,0,0,0,217
06/07/2021,JNU,AK,AAL,WE,Towers with Radar,27,18,7,0,52,2,134,42,1,179,29,152,49,1,231,9,0,9,240
06/08/2021,JNU,AK,AAL,WE,Towers with Radar,26,2,5,0,33,0,185,52,1,238,26,187,57,1,271,6,0,6,277
06/09/2021,JNU,AK,AAL,WE,Towers with Radar,29,2,5,2,38,1,159,26,0,186,30,161,31,2,224,4,0,4,228
06/10/2021,JNU,AK,AAL,WE,Towers with Radar,26,7,8,0,41,0,153,17,0,170,26,160,25,0,211,12,0,12,223
06/11/2021,JNU,AK,AAL,WE,Towers with Radar,28,4,13,0,45,3,166,32,0,201,31,170,45,0,246,0,0,0,246
06/12/2021,JNU,AK,AAL,WE,Towers with Radar,29,4,12,0,45,0,164,36,0,200,29,168,48,0,245,0,0,0,245
06/13/2021,JNU,AK,AAL,WE,Towers with Radar,28,0,4,0,32,2,171,50,0,223,30,171,54,0,255,4,0,4,259
06/14/2021,JNU,AK,AAL,WE,Towers with Radar,26,4,6,0,36,5,212,49,0,266,31,216,55,0,302,4,0,4,306
06/15/2021,JNU,AK,AAL,WE,Towers with Radar,28,8,14,0,50,0,152,11,0,163,28,160,25,0,213,0,0,0,213
06/16/2021,JNU,AK,AAL,WE,Towers with Radar,30,8,4,0,42,3,201,39,0,243,33,209,43,0,285,8,0,8,293
06/17/2021,JNU,AK,AAL,WE,Towers with Radar,25,1,6,3,35,4,226,50,3,283,29,227,56,6,318,0,0,0,318
06/18/2021,JNU,AK,AAL,WE,Towers with Radar,29,8,19,0,56,2,157,29,0,188,31,165,48,0,244,6,0,6,250
06/19/2021,JNU,AK,AAL,WE,Towers with Radar,20,2,3,0,25,5,214,59,1,279,25,216,62,1,304,8,0,8,312
06/20/2021,JNU,AK,AAL,WE,Towers with Radar,31,11,14,0,56,2,144,30,0,176,33,155,44,0,232,0,0,0,232
06/21/2021,JNU,AK,AAL,WE,Towers with Radar,30,7,10,0,47,0,147,14,0,161,30,154,24,0,208,12,0,12,220
06/22/2021,JNU,AK,AAL,WE,Towers with Radar,29,8,10,0,47,0,221,60,0,281,29,229,70,0,328,26,0,26,354
06/23/2021,JNU,AK,AAL,WE,Towers with Radar,25,3,17,0,45,0,178,30,0,208,25,181,47,0,253,16,0,16,269
06/24/2021,JNU,AK,AAL,WE,Towers with Radar,34,7,27,0,68,0,36,4,0,40,34,43,31,0,108,0,0,0,108
06/25/2021,JNU,AK,AAL,WE,Towers with Radar,34,7,11,0,52,0,61,12,0,73,34,68,23,0,125,0,0,0,125
06/26/2021,JNU,AK,AAL,WE,Towers with Radar,25,8,7,0,40,4,156,34,0,194,29,164,41,0,234,8,0,8,242
06/27/2021,JNU,AK,AAL,WE,Towers with Radar,26,9,7,0,42,1,163,56,0,220,27,172,63,0,262,0,0,0,262
06/28/2021,JNU,AK,AAL,WE,Towers with Radar,26,3,8,0,37,1,220,50,0,271,27,223,58,0,308,12,0,12,320
06/29/2021,JNU,AK,AAL,WE,Towers with Radar,34,2,5,0,41,2,225,54,0,281,36,227,59,0,322,26,0,26,348
06/30/2021,JNU,AK,AAL,WE,Towers with Radar,31,5,6,0,42,5,198,67,3,273,36,203,73,3,315,30,0,30,345
07/01/2021,JNU,AK,AAL,WE,Towers with Radar,22,5,12,0,39,0,198,50,0,248,22,203,62,0,287,0,0,0,287
07/02/2021,JNU,AK,AAL,WE,Towers with Radar,24,4,13,1,42,2,195,35,0,232,26,199,48,1,274,8,0,8,282
07/03/2021,JNU,AK,AAL,WE,Towers with Radar,25,6,5,0,36,1,221,46,0,268,26,227,51,0,304,18,0,18,322
07/04/2021,JNU,AK,AAL,WE,Towers with Radar,31,1,7,0,39,1,70,48,0,119,32,71,55,0,158,0,0,0,158
07/05/2021,JNU,AK,AAL,WE,Towers with Radar,26,3,10,0,39,2,213,69,0,284,28,216,79,0,323,2,0,2,325
07/06/2021,JNU,AK,AAL,WE,Towers with Radar,27,5,4,0,36,1,198,33,0,232,28,203,37,0,268,18,0,18,286
07/07/2021,JNU,AK,AAL,WE,Towers with Radar,30,5,4,1,40,1,212,36,4,253,31,217,40,5,293,6,0,6,299
07/08/2021,JNU,AK,AAL,WE,Towers with Radar,28,5,17,0,50,1,171,30,0,202,29,176,47,0,252,6,0,6,258
07/09/2021,JNU,AK,AAL,WE,Towers with Radar,32,3,9,0,44,1,186,23,0,210,33,189,32,0,254,12,0,12,266
07/10/2021,JNU,AK,AAL,WE,Towers with Radar,24,13,8,0,45,4,179,31,0,214,28,192,39,0,259,4,0,4,263
07/11/2021,JNU,AK,AAL,WE,Towers with Radar,29,7,9,0,45,28,165,40,0,233,57,172,49,0,278,8,0,8,286
07/12/2021,JNU,AK,AAL,WE,Towers with Radar,24,6,22,0,52,0,141,15,2,158,24,147,37,2,210,0,0,0,210
07/13/2021,JNU,AK,AAL,WE,Towers with Radar,30,27,19,0,76,0,10,1,0,11,30,37,20,0,87,0,0,0,87
07/14/2021,JNU,AK,AAL,WE,Towers with Radar,29,8,14,0,51,1,216,42,0,259,30,224,56,0,310,25,0,25,335
07/15/2021,JNU,AK,AAL,WE,Towers with Radar,26,4,8,0,38,3,238,59,2,302,29,242,67,2,340,4,0,4,344
07/16/2021,JNU,AK,AAL,WE,Towers with Radar,32,6,14,0,52,3,227,63,1,294,35,233,77,1,346,0,0,0,346
07/17/2021,JNU,AK,AAL,WE,Towers with Radar,29,6,9,0,44,6,203,46,0,255,35,209,55,0,299,0,0,0,299
07/18/2021,JNU,AK,AAL,WE,Towers with Radar,25,4,10,0,39,0,146,38,0,184,25,150,48,0,223,30,0,30,253
07/19/2021,JNU,AK,AAL,WE,Towers with Radar,23,4,11,0,38,0,225,49,1,275,23,229,60,1,313,0,0,0,313
07/20/2021,JNU,AK,AAL,WE,Towers with Radar,30,3,14,0,47,2,264,63,0,329,32,267,77,0,376,4,0,4,380
07/21/2021,JNU,AK,AAL,WE,Towers with Radar,33,7,9,0,49,0,189,26,0,215,33,196,35,0,264,26,0,26,290
07/22/2021,JNU,AK,AAL,WE,Towers with Radar,33,7,16,0,56,1,188,21,0,210,34,195,37,0,266,0,0,0,266
07/23/2021,JNU,AK,AAL,WE,Towers with Radar,27,11,24,0,62,4,209,14,0,227,31,220,38,0,289,0,0,0,289
07/24/2021,JNU,AK,AAL,WE,Towers with Radar,26,12,17,0,55,1,149,25,0,175,27,161,42,0,230,4,0,4,234
07/25/2021,JNU,AK,AAL,WE,Towers with Radar,26,2,12,0,40,1,211,47,0,259,27,213,59,0,299,0,0,0,299
07/26/2021,JNU,AK,AAL,WE,Towers with Radar,30,6,10,1,47,5,315,51,1,372,35,321,61,2,419,0,0,0,419
07/27/2021,JNU,AK,AAL,WE,Towers with Radar,31,5,6,0,42,2,265,31,0,298,33,270,37,0,340,0,0,0,340
07/28/2021,JNU,AK,AAL,WE,Towers with Radar,23,3,4,0,30,2,277,44,0,323,25,280,48,0,353,6,0,6,359
07/29/2021,JNU,AK,AAL,WE,Towers with Radar,29,2,7,0,38,1,227,46,0,274,30,229,53,0,312,12,0,12,324
07/30/2021,JNU,AK,AAL,WE,Towers with Radar,29,4,10,0,43,9,278,56,0,343,38,282,66,0,386,14,0,14,400
07/31/2021,JNU,AK,AAL,WE,Towers with Radar,26,6,9,0,41,2,244,63,0,309,28,250,72,0,350,0,0,0,350
08/01/2021,JNU,AK,AAL,WE,Towers with Radar,28,2,12,0,42,1,168,33,1,203,29,170,45,1,245,28,0,28,273
08/02/2021,JNU,AK,AAL,WE,Towers with Radar,25,7,15,0,47,3,295,53,0,351,28,302,68,0,398,2,0,2,400
08/03/2021,JNU,AK,AAL,WE,Towers with Radar,32,6,13,0,51,1,281,35,0,317,33,287,48,0,368,0,0,0,368
08/04/2021,JNU,AK,AAL,WE,Towers with Radar,27,13,13,0,53,1,212,29,0,242,28,225,42,0,295,6,0,6,301
08/05/2021,JNU,AK,AAL,WE,Towers with Radar,30,10,4,0,44,2,249,26,0,277,32,259,30,0,321,14,0,14,335
08/06/2021,JNU,AK,AAL,WE,Towers with Radar,27,17,13,0,57,0,117,14,0,131,27,134,27,0,188,0,0,0,188
08/07/2021,JNU,AK,AAL,WE,Towers with Radar,21,10,16,0,47,0,114,28,0,142,21,124,44,0,189,0,0,0,189
08/08/2021,JNU,AK,AAL,WE,Towers with Radar,23,12,10,1,46,0,114,11,0,125,23,126,21,1,171,8,1,9,180
08/09/2021,JNU,AK,AAL,WE,Towers with Radar,28,4,19,0,51,0,207,17,0,224,28,211,36,0,275,0,0,0,275
08/10/2021,JNU,AK,AAL,WE,Towers with Radar,25,7,23,2,57,0,106,8,1,115,25,113,31,3,172,0,0,0,172
08/11/2021,JNU,AK,AAL,WE,Towers with Radar,28,17,9,0,54,0,161,10,0,171,28,178,19,0,225,12,0,12,237
08/12/2021,JNU,AK,AAL,WE,Towers with Radar,25,7,21,0,53,0,93,10,0,103,25,100,31,0,156,0,0,0,156
08/13/2021,JNU,AK,AAL,WE,Towers with Radar,25,12,12,1,50,0,71,8,0,79,25,83,20,1,129,0,0,0,129
08/14/2021,JNU,AK,AAL,WE,Towers with Radar,24,6,13,0,43,1,237,21,0,259,25,243,34,0,302,0,0,0,302
08/15/2021,JNU,AK,AAL,WE,Towers with Radar,26,19,12,0,57,0,174,44,0,218,26,193,56,0,275,4,0,4,279
08/16/2021,JNU,AK,AAL,WE,Towers with Radar,26,9,10,1,46,1,277,42,0,320,27,286,52,1,366,0,0,0,366
08/17/2021,JNU,AK,AAL,WE,Towers with Radar,24,14,18,0,56,0,146,5,1,152,24,160,23,1,208,0,0,0,208
08/18/2021,JNU,AK,AAL,WE,Towers with Radar,26,9,16,0,51,0,67,7,0,74,26,76,23,0,125,0,0,0,125
08/19/2021,JNU,AK,AAL,WE,Towers with Radar,24,8,7,1,40,1,196,26,0,223,25,204,33,1,263,8,0,8,271
08/20/2021,JNU,AK,AAL,WE,Towers with Radar,24,8,13,1,46,0,187,34,0,221,24,195,47,1,267,10,0,10,277
08/21/2021,JNU,AK,AAL,WE,Towers with Radar,24,7,4,0,35,2,239,37,0,278,26,246,41,0,313,0,0,0,313
08/22/2021,JNU,AK,AAL,WE,Towers with Radar,25,4,10,0,39,1,225,63,0,289,26,229,73,0,328,0,0,0,328
08/23/2021,JNU,AK,AAL,WE,Towers with Radar,21,3,2,0,26,0,322,65,0,387,21,325,67,0,413,24,0,24,437
08/24/2021,JNU,AK,AAL,WE,Towers with Radar,24,12,16,0,52,0,152,20,0,172,24,164,36,0,224,6,0,6,230
08/25/2021,JNU,AK,AAL,WE,Towers with Radar,27,6,20,0,53,0,199,23,0,222,27,205,43,0,275,4,0,4,279
08/26/2021,JNU,AK,AAL,WE,Towers with Radar,31,8,13,1,53,1,203,26,0,230,32,211,39,1,283,0,0,0,283
08/27/2021,JNU,AK,AAL,WE,Towers with Radar,27,11,20,0,58,0,225,19,0,244,27,236,39,0,302,6,0,6,308
08/28/2021,JNU,AK,AAL,WE,Towers with Radar,24,17,9,0,50,0,109,17,0,126,24,126,26,0,176,0,0,0,176
08/29/2021,JNU,AK,AAL,WE,Towers with Radar,21,4,8,0,33,0,136,20,0,156,21,140,28,0,189,14,0,14,203
08/30/2021,JNU,AK,AAL,WE,Towers with Radar,22,8,12,0,42,0,255,69,2,326,22,263,81,2,368,0,0,0,368
08/31/2021,JNU,AK,AAL,WE,Towers with Radar,25,33,5,0,63,1,202,49,0,252,26,235,54,0,315,16,0,16,331
09/01/2021,JNU,AK,AAL,WE,Towers with Radar,34,9,5,0,48,0,224,41,0,265,34,233,46,0,313,14,0,14,327
09/02/2021,JNU,AK,AAL,WE,Towers with Radar,23,11,16,0,50,0,90,14,0,104,23,101,30,0,154,0,0,0,154
09/03/2021,JNU,AK,AAL,WE,Towers with Radar,23,8,8,0,39,0,12,3,3,18,23,20,11,3,57,0,0,0,57
09/04/2021,JNU,AK,AAL,WE,Towers with Radar,29,8,11,0,48,0,219,34,0,253,29,227,45,0,301,18,0,18,319
09/05/2021,JNU,AK,AAL,WE,Towers with Radar,27,3,12,0,42,0,123,20,0,143,27,126,32,0,185,0,0,0,185
09/06/2021,JNU,AK,AAL,WE,Towers with Radar,20,4,5,0,29,4,191,22,0,217,24,195,27,0,246,0,0,0,246
09/07/2021,JNU,AK,AAL,WE,Towers with Radar,34,15,6,0,55,1,149,26,1,177,35,164,32,1,232,20,0,20,252
09/08/2021,JNU,AK,AAL,WE,Towers with Radar,24,17,12,1,54,0,71,11,0,82,24,88,23,1,136,2,0,2,138
09/09/2021,JNU,AK,AAL,WE,Towers with Radar,25,10,3,0,38,0,150,26,1,177,25,160,29,1,215,4,8,12,227
09/10/2021,JNU,AK,AAL,WE,Towers with Radar,27,9,9,0,45,0,118,6,0,124,27,127,15,0,169,0,0,0,169
09/11/2021,JNU,AK,AAL,WE,Towers with Radar,18,24,10,0,52,0,61,12,0,73,18,85,22,0,125,6,0,6,131
09/12/2021,JNU,AK,AAL,WE,Towers with Radar,22,5,11,0,38,1,49,9,0,59,23,54,20,0,97,0,0,0,97
09/13/2021,JNU,AK,AAL,WE,Towers with Radar,19,13,10,0,42,1,68,9,0,78,20,81,19,0,120,0,0,0,120
09/14/2021,JNU,AK,AAL,WE,Towers with Radar,25,5,8,1,39,0,127,29,1,157,25,132,37,2,196,6,0,6,202
09/15/2021,JNU,AK,AAL,WE,Towers with Radar,24,8,7,0,39,0,127,24,0,151,24,135,31,0,190,0,0,0,190
09/16/2021,JNU,AK,AAL,WE,Towers with Radar,30,9,10,0,49,1,116,10,0,127,31,125,20,0,176,0,0,0,176
09/17/2021,JNU,AK,AAL,WE,Towers with Radar,32,7,9,0,48,1,217,31,0,249,33,224,40,0,297,8,0,8,305
09/18/2021,JNU,AK,AAL,WE,Towers with Radar,18,4,7,0,29,0,135,42,0,177,18,139,49,0,206,18,0,18,224
09/19/2021,JNU,AK,AAL,WE,Towers with Radar,19,1,2,0,22,0,122,47,0,169,19,123,49,0,191,0,0,0,191
09/20/2021,JNU,AK,AAL,WE,Towers with Radar,22,5,15,0,42,0,103,6,0,109,22,108,21,0,151,0,0,0,151
09/21/2021,JNU,AK,AAL,WE,Towers with Radar,25,8,8,0,41,1,80,5,0,86,26,88,13,0,127,0,0,0,127
09/22/2021,JNU,AK,AAL,WE,Towers with Radar,28,14,3,0,45,1,157,17,0,175,29,171,20,0,220,12,0,12,232
09/23/2021,JNU,AK,AAL,WE,Towers with Radar,25,8,7,0,40,0,48,4,0,52,25,56,11,0,92,0,0,0,92
09/24/2021,JNU,AK,AAL,WE,Towers with Radar,22,2,5,0,29,0,116,10,0,126,22,118,15,0,155,8,0,8,163
09/25/2021,JNU,AK,AAL,WE,Towers with Radar,22,6,4,0,32,0,91,35,0,126,22,97,39,0,158,0,0,0,158
09/26/2021,JNU,AK,AAL,WE,Towers with Radar,23,3,4,0,30,1,136,34,0,171,24,139,38,0,201,0,0,0,201
09/27/2021,JNU,AK,AAL,WE,Towers with Radar,24,3,6,0,33,0,81,15,0,96,24,84,21,0,129,11,0,11,140
09/28/2021,JNU,AK,AAL,WE,Towers with Radar,26,5,7,0,38,0,122,26,0,148,26,127,33,0,186,22,0,22,208
09/29/2021,JNU,AK,AAL,WE,Towers with Radar,25,11,8,0,44,1,107,15,3,126,26,118,23,3,170,10,0,10,180
09/30/2021,JNU,AK,AAL,WE,Towers with Radar,26,7,9,0,42,0,85,12,0,97,26,92,21,0,139,12,0,12,151
10/01/2021,JNU,AK,AAL,WE,Towers with Radar,18,4,2,0,24,0,4,0,0,4,18,8,2,0,28,0,0,0,28
10/02/2021,JNU,AK,AAL,WE,Towers with Radar,19,8,3,0,30,0,43,10,5,58,19,51,13,5,88,6,0,6,94
10/03/2021,JNU,AK,AAL,WE,Towers with Radar,18,5,5,0,28,0,66,14,0,80,18,71,19,0,108,10,0,10,118
10/04/2021,JNU,AK,AAL,WE,Towers with Radar,14,1,2,0,17,2,142,38,0,182,16,143,40,0,199,4,0,4,203
10/05/2021,JNU,AK,AAL,WE,Towers with Radar,18,2,0,0,20,2,103,37,0,142,20,105,37,0,162,6,0,6,168
10/06/2021,JNU,AK,AAL,WE,Towers with Radar,17,2,1,0,20,1,171,22,0,194,18,173,23,0,214,34,0,34,248
10/07/2021,JNU,AK,AAL,WE,Towers with Radar,18,5,8,0,31,0,65,4,0,69,18,70,12,0,100,6,0,6,106
10/08/2021,JNU,AK,AAL,WE,Towers with Radar,19,9,5,0,33,0,54,2,0,56,19,63,7,0,89,4,0,4,93
10/09/2021,JNU,AK,AAL,WE,Towers with Radar,16,7,3,0,26,0,62,1,0,63,16,69,4,0,89,0,0,0,89
10/10/2021,JNU,AK,AAL,WE,Towers with Radar,14,10,5,0,29,0,59,28,0,87,14,69,33,0,116,0,0,0,116
10/11/2021,JNU,AK,AAL,WE,Towers with Radar,16,5,4,0,25,0,65,3,0,68,16,70,7,0,93,4,0,4,97
10/12/2021,JNU,AK,AAL,WE,Towers with Radar,19,2,12,0,33,0,32,4,0,36,19,34,16,0,69,0,0,0,69
10/13/2021,JNU,AK,AAL,WE,Towers with Radar,21,8,10,0,39,0,40,4,1,45,21,48,14,1,84,0,0,0,84
10/14/2021,JNU,AK,AAL,WE,Towers with Radar,19,10,0,0,29,0,80,13,3,96,19,90,13,3,125,12,2,14,139
10/15/2021,JNU,AK,AAL,WE,Towers with Radar,18,3,5,0,26,0,91,5,1,97,18,94,10,1,123,2,0,2,125
10/16/2021,JNU,AK,AAL,WE,Towers with Radar,18,2,1,0,21,0,102,54,0,156,18,104,55,0,177,18,0,18,195
10/17/2021,JNU,AK,AAL,WE,Towers with Radar,19,3,1,0,23,1,106,34,0,141,20,109,35,0,164,38,10,48,212
10/18/2021,JNU,AK,AAL,WE,Towers with Radar,19,4,0,0,23,2,102,5,0,109,21,106,5,0,132,10,0,10,142
10/19/2021,JNU,AK,AAL,WE,Towers with Radar,14,3,6,2,25,0,76,6,0,82,14,79,12,2,107,0,0,0,107
10/20/2021,JNU,AK,AAL,WE,Towers with Radar,16,7,4,0,27,1,120,9,0,130,17,127,13,0,157,0,0,0,157
10/21/2021,JNU,AK,AAL,WE,Towers with Radar,20,2,3,2,27,0,83,11,0,94,20,85,14,2,121,0,0,0,121
10/22/2021,JNU,AK,AAL,WE,Towers with Radar,8,6,2,0,16,0,17,5,0,22,8,23,7,0,38,0,0,0,38
10/23/2021,JNU,AK,AAL,WE,Towers with Radar,15,5,5,0,25,0,61,12,0,73,15,66,17,0,98,2,0,2,100
10/24/2021,JNU,AK,AAL,WE,Towers with Radar,16,2,0,0,18,0,61,19,0,80,16,63,19,0,98,6,0,6,104
10/25/2021,JNU,AK,AAL,WE,Towers with Radar,23,2,1,0,26,0,83,15,1,99,23,85,16,1,125,14,0,14,139
10/26/2021,JNU,AK,AAL,WE,Towers with Radar,19,5,7,0,31,1,79,4,0,84,20,84,11,0,115,0,0,0,115
10/27/2021,JNU,AK,AAL,WE,Towers with Radar,18,10,12,0,40,0,67,9,0,76,18,77,21,0,116,0,0,0,116
10/28/2021,JNU,AK,AAL,WE,Towers with Radar,18,5,2,2,27,3,80,11,2,96,21,85,13,4,123,10,0,10,133
10/29/2021,JNU,AK,AAL,WE,Towers with Radar,16,8,1,0,25,0,63,7,0,70,16,71,8,0,95,14,0,14,109
10/30/2021,JNU,AK,AAL,WE,Towers with Radar,18,4,3,0,25,0,49,17,0,66,18,53,20,0,91,8,0,8,99
10/31/2021,JNU,AK,AAL,WE,Towers with Radar,1,1,0,0,2,0,0,0,0,0,1,1,0,0,2,0,0,0,2
11/01/2021,JNU,AK,AAL,WE,Towers with Radar,12,9,7,0,28,1,83,10,0,94,13,92,17,0,122,0,0,0,122
11/02/2021,JNU,AK,AAL,WE,Towers with Radar,23,9,4,0,36,0,105,30,0,135,23,114,34,0,171,26,0,26,197
11/03/2021,JNU,AK,AAL,WE,Towers with Radar,22,6,1,0,29,0,60,10,0,70,22,66,11,0,99,4,0,4,103
11/04/2021,JNU,AK,AAL,WE,Towers with Radar,16,5,1,0,22,0,83,11,2,96,16,88,12,2,118,0,0,0,118
11/05/2021,JNU,AK,AAL,WE,Towers with Radar,15,3,6,3,27,0,91,9,2,102,15,94,15,5,129,24,0,24,153
11/06/2021,JNU,AK,AAL,WE,Towers with Radar,16,2,2,0,20,0,60,9,0,69,16,62,11,0,89,6,0,6,95
11/07/2021,JNU,AK,AAL,WE,Towers with Radar,11,2,0,0,13,0,60,33,0,93,11,62,33,0,106,24,0,24,130
11/08/2021,JNU,AK,AAL,WE,Towers with Radar,15,3,1,0,19,0,89,12,1,102,15,92,13,1,121,0,0,0,121
11/09/2021,JNU,AK,AAL,WE,Towers with Radar,23,10,8,0,41,0,50,6,0,56,23,60,14,0,97,0,0,0,97
11/10/2021,JNU,AK,AAL,WE,Towers with Radar,16,20,8,0,44,0,54,11,0,65,16,74,19,0,109,4,0,4,113
11/11/2021,JNU,AK,AAL,WE,Towers with Radar,22,14,3,0,39,0,67,15,2,84,22,81,18,2,123,0,0,0,123
11/12/2021,JNU,AK,AAL,WE,Towers with Radar,18,6,4,0,28,0,59,4,0,63,18,65,8,0,91,0,0,0,91
11/13/2021,JNU,AK,AAL,WE,Towers with Radar,13,1,9,0,23,0,56,10,0,66,13,57,19,0,89,10,0,10,99
11/14/2021,JNU,AK,AAL,WE,Towers with Radar,18,4,0,0,22,0,54,27,0,81,18,58,27,0,103,60,0,60,163
11/15/2021,JNU,AK,AAL,WE,Towers with Radar,14,1,1,0,16,0,73,21,0,94,14,74,22,0,110,20,0,20,130
11/16/2021,JNU,AK,AAL,WE,Towers with Radar,10,9,6,0,25,0,45,7,0,52,10,54,13,0,77,0,0,0,77
11/17/2021,JNU,AK,AAL,WE,Towers with Radar,17,10,7,0,34,0,57,8,0,65,17,67,15,0,99,4,0,4,103
11/18/2021,JNU,AK,AAL,WE,Towers with Radar,20,2,1,0,23,0,6,0,0,6,20,8,1,0,29,0,0,0,29
11/19/2021,JNU,AK,AAL,WE,Towers with Radar,15,9,1,0,25,0,83,8,0,91,15,92,9,0,116,0,0,0,116
11/20/2021,JNU,AK,AAL,WE,Towers with Radar,13,5,0,0,18,1,37,2,0,40,14,42,2,0,58,16,0,16,74
11/21/2021,JNU,AK,AAL,WE,Towers with Radar,15,1,4,0,20,0,0,0,0,0,15,1,4,0,20,0,0,0,20
11/22/2021,JNU,AK,AAL,WE,Towers with Radar,11,2,7,0,20,0,31,3,0,34,11,33,10,0,54,0,0,0,54
11/23/2021,JNU,AK,AAL,WE,Towers with Radar,18,0,7,0,25,0,18,4,0,22,18,18,11,0,47,0,0,0,47
11/24/2021,JNU,AK,AAL,WE,Towers with Radar,21,5,6,0,32,0,24,2,0,26,21,29,8,0,58,0,0,0,58
11/25/2021,JNU,AK,AAL,WE,Towers with Radar,11,0,4,0,15,1,0,0,0,1,12,0,4,0,16,0,0,0,16
11/26/2021,JNU,AK,AAL,WE,Towers with Radar,11,6,3,0,20,0,26,6,0,32,11,32,9,0,52,6,0,6,58
11/27/2021,JNU,AK,AAL,WE,Towers with Radar,16,8,5,1,30,1,21,4,3,29,17,29,9,4,59,8,0,8,67
11/28/2021,JNU,AK,AAL,WE,Towers with Radar,23,9,6,0,38,0,48,7,0,55,23,57,13,0,93,0,0,0,93
11/29/2021,JNU,AK,AAL,WE,Towers with Radar,15,5,10,0,30,2,20,3,0,25,17,25,13,0,55,0,0,0,55
11/30/2021,JNU,AK,AAL,WE,Towers with Radar,18,4,2,0,24,0,6,1,0,7,18,10,3,0,31,0,0,0,31
12/01/2021,JNU,AK,AAL,WE,Towers with Radar,18,8,4,0,30,0,40,5,0,45,18,48,9,0,75,0,0,0,75
12/02/2021,JNU,AK,AAL,WE,Towers with Radar,17,3,2,0,22,2,43,6,0,51,19,46,8,0,73,28,0,28,101
12/03/2021,JNU,AK,AAL,WE,Towers with Radar,16,8,3,0,27,0,47,5,0,52,16,55,8,0,79,2,0,2,81
12/04/2021,JNU,AK,AAL,WE,Towers with Radar,9,3,3,1,16,0,53,20,0,73,9,56,23,1,89,16,0,16,105
12/05/2021,JNU,AK,AAL,WE,Towers with Radar,22,5,4,0,31,0,0,0,0,0,22,5,4,0,31,0,0,0,31
12/06/2021,JNU,AK,AAL,WE,Towers with Radar,23,5,12,0,40,1,35,2,0,38,24,40,14,0,78,0,0,0,78
12/07/2021,JNU,AK,AAL,WE,Towers with Radar,16,0,5,0,21,0,10,0,0,10,16,10,5,0,31,12,0,12,43
12/08/2021,JNU,AK,AAL,WE,Towers with Radar,20,4,5,2,31,0,4,0,0,4,20,8,5,2,35,0,0,0,35
12/09/2021,JNU,AK,AAL,WE,Towers with Radar,22,11,6,0,39,0,17,0,0,17,22,28,6,0,56,0,0,0,56
12/10/2021,JNU,AK,AAL,WE,Towers with Radar,16,9,4,0,29,0,30,1,0,31,16,39,5,0,60,0,0,0,60
12/11/2021,JNU,AK,AAL,WE,Towers with Radar,13,9,0,0,22,0,45,13,2,60,13,54,13,2,82,10,0,10,92
12/12/2021,JNU,AK,AAL,WE,Towers with Radar,21,4,8,0,33,0,33,2,0,35,21,37,10,0,68,4,0,4,72
12/13/2021,JNU,AK,AAL,WE,Towers with Radar,18,8,0,0,26,0,59,13,0,72,18,67,13,0,98,18,0,18,116
12/14/2021,JNU,AK,AAL,WE,Towers with Radar,0,0,0,0,0,0,0,0,0,0,0,0,0,0,0,0,0,0,0
12/15/2021,JNU,AK,AAL,WE,Towers with Radar,0,0,0,0,0,0,0,0,0,0,0,0,0,0,0,0,0,0,0
12/16/2021,JNU,AK,AAL,WE,Towers with Radar,0,0,0,0,0,0,0,0,0,0,0,0,0,0,0,0,0,0,0
12/17/2021,JNU,AK,AAL,WE,Towers with Radar,0,0,0,0,0,0,0,0,0,0,0,0,0,0,0,0,0,0,0
12/18/2021,JNU,AK,AAL,WE,Towers with Radar,0,0,0,0,0,0,0,0,0,0,0,0,0,0,0,0,0,0,0
12/19/2021,JNU,AK,AAL,WE,Towers with Radar,0,0,0,0,0,0,0,0,0,0,0,0,0,0,0,0,0,0,0
12/20/2021,JNU,AK,AAL,WE,Towers with Radar,0,0,0,0,0,0,0,0,0,0,0,0,0,0,0,0,0,0,0
12/21/2021,JNU,AK,AAL,WE,Towers with Radar,0,0,0,0,0,0,0,0,0,0,0,0,0,0,0,0,0,0,0
12/22/2021,JNU,AK,AAL,WE,Towers with Radar,19,1,1,0,21,1,78,0,0,79,20,79,1,0,100,0,0,0,100
12/23/2021,JNU,AK,AAL,WE,Towers with Radar,19,9,0,0,28,1,59,0,0,60,20,68,0,0,88,0,0,0,88
12/24/2021,JNU,AK,AAL,WE,Towers with Radar,16,1,0,0,17,1,45,9,2,57,17,46,9,2,74,10,0,10,84
12/25/2021,JNU,AK,AAL,WE,Towers with Radar,8,0,2,0,10,1,1,4,0,6,9,1,6,0,16,16,0,16,32
12/26/2021,JNU,AK,AAL,WE,Towers with Radar,11,1,0,0,12,0,20,7,0,27,11,21,7,0,39,0,0,0,39
12/27/2021,JNU,AK,AAL,WE,Towers with Radar,11,1,2,0,14,0,31,2,1,34,11,32,4,1,48,0,0,0,48
12/28/2021,JNU,AK,AAL,WE,Towers with Radar,13,0,0,1,14,2,44,15,3,64,15,44,15,4,78,10,0,10,88
12/29/2021,JNU,AK,AAL,WE,Towers with Radar,17,4,0,0,21,1,12,0,0,13,18,16,0,0,34,0,0,0,34
12/30/2021,JNU,AK,AAL,WE,Towers with Radar,20,7,0,0,27,0,53,11,0,64,20,60,11,0,91,10,2,12,103
12/31/2021,JNU,AK,AAL,WE,Towers with Radar,15,0,0,0,15,0,0,0,0,0,15,0,0,0,15,0,0,0,15
01/01/2022,JNU,AK,AAL,WE,Towers with Radar,5,2,1,0,8,0,0,0,0,0,5,2,1,0,8,0,0,0,8
01/02/2022,JNU,AK,AAL,WE,Towers with Radar,16,2,3,0,21,1,23,2,0,26,17,25,5,0,47,0,0,0,47
01/03/2022,JNU,AK,AAL,WE,Towers with Radar,1,3,1,0,5,0,9,0,0,9,1,12,1,0,14,0,0,0,14
01/04/2022,JNU,AK,AAL,WE,Towers with Radar,21,3,0,0,24,0,42,2,0,44,21,45,2,0,68,0,0,0,68
01/05/2022,JNU,AK,AAL,WE,Towers with Radar,12,3,7,0,22,0,43,1,0,44,12,46,8,0,66,12,0,12,78
01/06/2022,JNU,AK,AAL,WE,Towers with Radar,18,6,2,0,26,1,26,2,0,29,19,32,4,0,55,4,0,4,59
01/07/2022,JNU,AK,AAL,WE,Towers with Radar,22,4,0,0,26,0,58,1,0,59,22,62,1,0,85,0,0,0,85
01/08/2022,JNU,AK,AAL,WE,Towers with Radar,15,5,1,0,21,0,21,4,2,27,15,26,5,2,48,6,0,6,54
01/09/2022,JNU,AK,AAL,WE,Towers with Radar,10,1,0,0,11,0,0,0,0,0,10,1,0,0,11,0,0,0,11
01/10/2022,JNU,AK,AAL,WE,Towers with Radar,15,7,1,0,23,0,21,0,0,21,15,28,1,0,44,2,0,2,46
01/11/2022,JNU,AK,AAL,WE,Towers with Radar,16,10,2,0,28,0,27,2,0,29,16,37,4,0,57,0,0,0,57
01/12/2022,JNU,AK,AAL,WE,Towers with Radar,23,13,5,0,41,0,73,5,0,78,23,86,10,0,119,0,0,0,119
01/13/2022,JNU,AK,AAL,WE,Towers with Radar,18,5,2,0,25,0,59,1,0,60,18,64,3,0,85,2,0,2,87
01/14/2022,JNU,AK,AAL,WE,Towers with Radar,18,6,4,0,28,0,34,5,0,39,18,40,9,0,67,4,0,4,71
01/15/2022,JNU,AK,AAL,WE,Towers with Radar,20,6,3,0,29,0,36,4,0,40,20,42,7,0,69,0,0,0,69
01/16/2022,JNU,AK,AAL,WE,Towers with Radar,19,4,0,0,23,0,0,0,0,0,19,4,0,0,23,0,0,0,23
01/17/2022,JNU,AK,AAL,WE,Towers with Radar,20,7,2,0,29,0,64,26,0,90,20,71,28,0,119,24,0,24,143
01/18/2022,JNU,AK,AAL,WE,Towers with Radar,16,2,4,0,22,1,44,16,0,61,17,46,20,0,83,28,0,28,111
01/19/2022,JNU,AK,AAL,WE,Towers with Radar,17,3,1,0,21,0,6,0,0,6,17,9,1,0,27,0,0,0,27
01/20/2022,JNU,AK,AAL,WE,Towers with Radar,20,7,4,0,31,0,50,2,1,53,20,57,6,1,84,0,0,0,84
01/21/2022,JNU,AK,AAL,WE,Towers with Radar,21,8,5,0,34,0,35,0,1,36,21,43,5,1,70,0,0,0,70
01/22/2022,JNU,AK,AAL,WE,Towers with Radar,19,12,6,0,37,0,35,1,0,36,19,47,7,0,73,0,0,0,73
01/23/2022,JNU,AK,AAL,WE,Towers with Radar,15,9,4,0,28,0,41,6,0,47,15,50,10,0,75,0,0,0,75
01/24/2022,JNU,AK,AAL,WE,Towers with Radar,17,9,9,0,35,0,45,3,0,48,17,54,12,0,83,0,0,0,83
01/25/2022,JNU,AK,AAL,WE,Towers with Radar,19,4,4,0,27,0,66,3,0,69,19,70,7,0,96,6,0,6,102
01/26/2022,JNU,AK,AAL,WE,Towers with Radar,11,0,0,0,11,0,8,4,0,12,11,8,4,0,23,0,0,0,23
01/27/2022,JNU,AK,AAL,WE,Towers with Radar,20,4,4,0,28,0,31,9,0,40,20,35,13,0,68,8,0,8,76
01/28/2022,JNU,AK,AAL,WE,Towers with Radar,18,8,9,0,35,0,53,2,0,55,18,61,11,0,90,0,0,0,90
01/29/2022,JNU,AK,AAL,WE,Towers with Radar,11,7,5,0,23,0,21,1,0,22,11,28,6,0,45,0,0,0,45
01/30/2022,JNU,AK,AAL,WE,Towers with Radar,18,5,8,0,31,0,12,0,0,12,18,17,8,0,43,0,0,0,43
01/31/2022,JNU,AK,AAL,WE,Towers with Radar,16,6,3,0,25,0,86,27,0,113,16,92,30,0,138,26,0,26,164
02/01/2022,JNU,AK,AAL,WE,Towers with Radar,19,1,2,0,22,1,73,9,0,83,20,74,11,0,105,16,0,16,121
02/02/2022,JNU,AK,AAL,WE,Towers with Radar,15,0,0,0,15,0,0,0,0,0,15,0,0,0,15,0,0,0,15
02/03/2022,JNU,AK,AAL,WE,Towers with Radar,14,0,1,0,15,0,0,0,0,0,14,0,1,0,15,0,0,0,15
02/04/2022,JNU,AK,AAL,WE,Towers with Radar,15,0,0,0,15,0,0,0,0,0,15,0,0,0,15,0,0,0,15
02/05/2022,JNU,AK,AAL,WE,Towers with Radar,16,5,3,0,24,0,38,1,0,39,16,43,4,0,63,0,0,0,63
02/06/2022,JNU,AK,AAL,WE,Towers with Radar,16,2,5,0,23,1,43,0,0,44,17,45,5,0,67,0,0,0,67
02/07/2022,JNU,AK,AAL,WE,Towers with Radar,14,4,5,0,23,0,58,14,0,72,14,62,19,0,95,12,0,12,107
02/08/2022,JNU,AK,AAL,WE,Towers with Radar,18,9,9,0,36,0,39,4,1,44,18,48,13,1,80,2,0,2,82
02/09/2022,JNU,AK,AAL,WE,Towers with Radar,18,11,4,0,33,1,36,1,0,38,19,47,5,0,71,0,0,0,71
02/10/2022,JNU,AK,AAL,WE,Towers with Radar,20,6,1,0,27,1,97,25,0,123,21,103,26,0,150,24,0,24,174
02/11/2022,JNU,AK,AAL,WE,Towers with Radar,14,4,4,1,23,0,12,1,0,13,14,16,5,1,36,0,0,0,36
02/12/2022,JNU,AK,AAL,WE,Towers with Radar,19,13,9,0,41,1,67,18,1,87,20,80,27,1,128,12,0,12,140
02/13/2022,JNU,AK,AAL,WE,Towers with Radar,20,8,2,0,30,0,37,9,0,46,20,45,11,0,76,12,0,12,88
02/14/2022,JNU,AK,AAL,WE,Towers with Radar,16,4,1,0,21,1,96,26,0,123,17,100,27,0,144,24,0,24,168
02/15/2022,JNU,AK,AAL,WE,Towers with Radar,18,15,2,0,35,0,48,10,0,58,18,63,12,0,93,0,0,0,93
02/16/2022,JNU,AK,AAL,WE,Towers with Radar,14,18,7,0,39,0,24,0,0,24,14,42,7,0,63,0,0,0,63
02/17/2022,JNU,AK,AAL,WE,Towers with Radar,17,4,3,0,24,0,71,1,2,74,17,75,4,2,98,4,0,4,102
02/18/2022,JNU,AK,AAL,WE,Towers with Radar,20,9,6,0,35,0,37,7,0,44,20,46,13,0,79,0,0,0,79
02/19/2022,JNU,AK,AAL,WE,Towers with Radar,15,10,10,0,35,0,57,5,0,62,15,67,15,0,97,4,0,4,101
02/20/2022,JNU,AK,AAL,WE,Towers with Radar,19,3,0,0,22,2,62,4,0,68,21,65,4,0,90,6,0,6,96
02/21/2022,JNU,AK,AAL,WE,Towers with Radar,23,6,7,0,36,1,103,30,0,134,24,109,37,0,170,10,2,12,182
02/22/2022,JNU,AK,AAL,WE,Towers with Radar,16,6,2,0,24,0,58,1,0,59,16,64,3,0,83,0,0,0,83
02/23/2022,JNU,AK,AAL,WE,Towers with Radar,17,4,2,0,23,1,56,8,0,65,18,60,10,0,88,8,0,8,96
02/24/2022,JNU,AK,AAL,WE,Towers with Radar,14,14,2,0,30,0,73,9,0,82,14,87,11,0,112,0,2,2,114
02/25/2022,JNU,AK,AAL,WE,Towers with Radar,17,13,9,0,39,0,37,1,0,38,17,50,10,0,77,0,0,0,77
02/26/2022,JNU,AK,AAL,WE,Towers with Radar,16,2,6,0,24,0,4,0,0,4,16,6,6,0,28,0,0,0,28
02/27/2022,JNU,AK,AAL,WE,Towers with Radar,18,12,4,0,34,0,65,1,0,66,18,77,5,0,100,0,0,0,100
02/28/2022,JNU,AK,AAL,WE,Towers with Radar,23,4,4,1,32,0,94,15,0,109,23,98,19,1,141,38,0,38,179
03/01/2022,JNU,AK,AAL,WE,Towers with Radar,20,5,3,2,30,0,20,5,0,25,20,25,8,2,55,0,0,0,55
03/02/2022,JNU,AK,AAL,WE,Towers with Radar,18,10,4,0,32,0,55,10,0,65,18,65,14,0,97,0,0,0,97
03/03/2022,JNU,AK,AAL,WE,Towers with Radar,17,4,0,0,21,0,71,11,0,82,17,75,11,0,103,10,0,10,113
03/04/2022,JNU,AK,AAL,WE,Towers with Radar,20,8,0,0,28,1,84,12,0,97,21,92,12,0,125,8,0,8,133
03/05/2022,JNU,AK,AAL,WE,Towers with Radar,16,8,8,2,34,1,32,9,0,42,17,40,17,2,76,14,0,14,90
03/06/2022,JNU,AK,AAL,WE,Towers with Radar,17,3,4,0,24,0,35,9,0,44,17,38,13,0,68,0,0,0,68
03/07/2022,JNU,AK,AAL,WE,Towers with Radar,18,5,2,2,27,1,75,12,0,88,19,80,14,2,115,6,0,6,121
03/08/2022,JNU,AK,AAL,WE,Towers with Radar,18,2,1,0,21,2,82,22,0,106,20,84,23,0,127,8,0,8,135
03/09/2022,JNU,AK,AAL,WE,Towers with Radar,15,5,3,0,23,0,67,8,0,75,15,72,11,0,98,0,0,0,98
03/10/2022,JNU,AK,AAL,WE,Towers with Radar,23,7,15,0,45,0,39,3,0,42,23,46,18,0,87,2,0,2,89
03/11/2022,JNU,AK,AAL,WE,Towers with Radar,20,5,5,0,30,0,9,0,0,9,20,14,5,0,39,0,0,0,39
03/12/2022,JNU,AK,AAL,WE,Towers with Radar,14,7,6,0,27,0,60,8,0,68,14,67,14,0,95,0,0,0,95
03/13/2022,JNU,AK,AAL,WE,Towers with Radar,21,12,1,0,34,1,38,5,0,44,22,50,6,0,78,4,0,4,82
03/14/2022,JNU,AK,AAL,WE,Towers with Radar,17,11,4,0,32,0,4,1,0,5,17,15,5,0,37,0,0,0,37
03/15/2022,JNU,AK,AAL,WE,Towers with Radar,22,2,5,0,29,0,43,6,0,49,22,45,11,0,78,10,0,10,88
03/16/2022,JNU,AK,AAL,WE,Towers with Radar,18,4,10,0,32,0,50,4,0,54,18,54,14,0,86,4,0,4,90
03/17/2022,JNU,AK,AAL,WE,Towers with Radar,16,5,11,0,32,0,66,7,0,73,16,71,18,0,105,0,0,0,105
03/18/2022,JNU,AK,AAL,WE,Towers with Radar,18,5,10,0,33,1,65,4,0,70,19,70,14,0,103,0,0,0,103
03/19/2022,JNU,AK,AAL,WE,Towers with Radar,18,6,1,7,32,1,67,17,0,85,19,73,18,7,117,6,0,6,123
03/20/2022,JNU,AK,AAL,WE,Towers with Radar,20,4,6,1,31,3,62,15,0,80,23,66,21,1,111,6,0,6,117
03/21/2022,JNU,AK,AAL,WE,Towers with Radar,15,9,11,2,37,1,45,5,0,51,16,54,16,2,88,0,0,0,88
03/22/2022,JNU,AK,AAL,WE,Towers with Radar,16,6,6,1,29,0,38,6,3,47,16,44,12,4,76,0,0,0,76
03/23/2022,JNU,AK,AAL,WE,Towers with Radar,15,5,9,0,29,0,65,7,1,73,15,70,16,1,102,6,0,6,108
03/24/2022,JNU,AK,AAL,WE,Towers with Radar,22,7,11,3,43,0,111,18,1,130,22,118,29,4,173,0,1,1,174
03/25/2022,JNU,AK,AAL,WE,Towers with Radar,22,7,10,2,41,0,63,12,0,75,22,70,22,2,116,0,0,0,116
03/26/2022,JNU,AK,AAL,WE,Towers with Radar,22,16,9,1,48,0,100,38,0,138,22,116,47,1,186,36,0,36,222
03/27/2022,JNU,AK,AAL,WE,Towers with Radar,18,1,4,2,25,2,78,39,0,119,20,79,43,2,144,24,0,24,168
03/28/2022,JNU,AK,AAL,WE,Towers with Radar,19,3,2,0,24,1,66,13,0,80,20,69,15,0,104,2,0,2,106
03/29/2022,JNU,AK,AAL,WE,Towers with Radar,18,9,13,0,40,0,44,6,0,50,18,53,19,0,90,6,0,6,96
03/30/2022,JNU,AK,AAL,WE,Towers with Radar,18,6,13,0,37,0,43,4,0,47,18,49,17,0,84,0,0,0,84
03/31/2022,JNU,AK,AAL,WE,Towers with Radar,19,7,6,0,32,0,85,13,0,98,19,92,19,0,130,0,0,0,130
04/01/2022,JNU,AK,AAL,WE,Towers with Radar,24,12,9,0,45,0,41,3,0,44,24,53,12,0,89,0,0,0,89
04/02/2022,JNU,AK,AAL,WE,Towers with Radar,22,12,17,0,51,0,46,5,0,51,22,58,22,0,102,0,0,0,102
04/03/2022,JNU,AK,AAL,WE,Towers with Radar,23,0,0,0,23,0,0,0,0,0,23,0,0,0,23,0,0,0,23
04/04/2022,JNU,AK,AAL,WE,Towers with Radar,21,3,5,0,29,0,149,45,0,194,21,152,50,0,223,6,0,6,229
04/05/2022,JNU,AK,AAL,WE,Towers with Radar,26,3,16,0,45,5,49,8,0,62,31,52,24,0,107,0,0,0,107
04/06/2022,JNU,AK,AAL,WE,Towers with Radar,30,6,8,0,44,2,139,15,0,156,32,145,23,0,200,0,0,0,200
04/07/2022,JNU,AK,AAL,WE,Towers with Radar,21,2,13,0,36,0,54,4,2,60,21,56,17,2,96,0,0,0,96
04/08/2022,JNU,AK,AAL,WE,Towers with Radar,31,7,11,0,49,0,77,16,0,93,31,84,27,0,142,10,0,10,152
04/09/2022,JNU,AK,AAL,WE,Towers with Radar,21,5,5,0,31,1,79,31,1,112,22,84,36,1,143,36,0,36,179
04/10/2022,JNU,AK,AAL,WE,Towers with Radar,22,2,1,0,25,1,98,25,3,127,23,100,26,3,152,26,0,26,178
04/11/2022,JNU,AK,AAL,WE,Towers with Radar,27,5,2,0,34,0,56,5,0,61,27,61,7,0,95,0,0,0,95
04/12/2022,JNU,AK,AAL,WE,Towers with Radar,22,3,1,0,26,2,75,11,0,88,24,78,12,0,114,0,0,0,114
04/13/2022,JNU,AK,AAL,WE,Towers with Radar,26,4,5,0,35,2,149,30,0,181,28,153,35,0,216,14,0,14,230
04/14/2022,JNU,AK,AAL,WE,Towers with Radar,27,5,4,0,36,2,140,31,0,173,29,145,35,0,209,25,0,25,234
04/15/2022,JNU,AK,AAL,WE,Towers with Radar,21,6,5,0,32,1,146,37,0,184,22,152,42,0,216,24,0,24,240
04/16/2022,JNU,AK,AAL,WE,Towers with Radar,18,4,0,0,22,0,96,25,0,121,18,100,25,0,143,12,0,12,155
04/17/2022,JNU,AK,AAL,WE,Towers with Radar,20,4,1,0,25,0,24,24,0,48,20,28,25,0,73,0,0,0,73
04/18/2022,JNU,AK,AAL,WE,Towers with Radar,21,5,1,0,27,4,135,26,0,165,25,140,27,0,192,6,0,6,198
04/19/2022,JNU,AK,AAL,WE,Towers with Radar,25,4,3,0,32,2,150,19,0,171,27,154,22,0,203,8,0,8,211
04/20/2022,JNU,AK,AAL,WE,Towers with Radar,22,1,3,0,26,1,140,42,0,183,23,141,45,0,209,36,0,36,245
04/21/2022,JNU,AK,AAL,WE,Towers with Radar,29,1,5,0,35,0,186,32,0,218,29,187,37,0,253,34,0,34,287
04/22/2022,JNU,AK,AAL,WE,Towers with Radar,29,4,7,0,40,1,146,17,0,164,30,150,24,0,204,0,0,0,204
04/23/2022,JNU,AK,AAL,WE,Towers with Radar,26,5,16,0,47,0,66,7,0,73,26,71,23,0,120,12,0,12,132
04/24/2022,JNU,AK,AAL,WE,Towers with Radar,27,3,7,0,37,1,69,22,0,92,28,72,29,0,129,0,0,0,129
04/25/2022,JNU,AK,AAL,WE,Towers with Radar,29,7,11,2,49,0,128,5,0,133,29,135,16,2,182,0,0,0,182
04/26/2022,JNU,AK,AAL,WE,Towers with Radar,28,5,11,3,47,1,89,6,3,99,29,94,17,6,146,0,0,0,146
04/27/2022,JNU,AK,AAL,WE,Towers with Radar,31,8,11,0,50,0,97,6,0,103,31,105,17,0,153,0,0,0,153
04/28/2022,JNU,AK,AAL,WE,Towers with Radar,23,13,7,0,43,0,179,20,0,199,23,192,27,0,242,26,12,38,280
04/29/2022,JNU,AK,AAL,WE,Towers with Radar,28,4,6,0,38,0,178,29,0,207,28,182,35,0,245,14,0,14,259
04/30/2022,JNU,AK,AAL,WE,Towers with Radar,22,14,1,0,37,0,118,31,0,149,22,132,32,0,186,6,0,6,192
05/01/2022,JNU,AK,AAL,WE,Towers with Radar,27,1,14,0,42,0,61,8,0,69,27,62,22,0,111,6,0,6,117
05/02/2022,JNU,AK,AAL,WE,Towers with Radar,29,12,10,0,51,0,212,13,0,225,29,224,23,0,276,12,0,12,288
05/03/2022,JNU,AK,AAL,WE,Towers with Radar,25,9,10,0,44,0,70,11,0,81,25,79,21,0,125,2,0,2,127
05/04/2022,JNU,AK,AAL,WE,Towers with Radar,27,7,14,0,48,0,190,8,0,198,27,197,22,0,246,0,0,0,246
05/05/2022,JNU,AK,AAL,WE,Towers with Radar,29,6,6,0,41,0,214,19,0,233,29,220,25,0,274,8,2,10,284
05/06/2022,JNU,AK,AAL,WE,Towers with Radar,23,2,10,0,35,0,87,13,0,100,23,89,23,0,135,22,0,22,157
05/07/2022,JNU,AK,AAL,WE,Towers with Radar,24,3,2,0,29,0,222,45,0,267,24,225,47,0,296,0,0,0,296
05/08/2022,JNU,AK,AAL,WE,Towers with Radar,27,0,7,0,34,1,223,39,0,263,28,223,46,0,297,8,0,8,305
05/09/2022,JNU,AK,AAL,WE,Towers with Radar,30,3,7,0,40,0,266,17,0,283,30,269,24,0,323,8,2,10,333
05/10/2022,JNU,AK,AAL,WE,Towers with Radar,21,2,7,0,30,0,113,10,0,123,21,115,17,0,153,6,0,6,159
05/11/2022,JNU,AK,AAL,WE,Towers with Radar,30,8,7,0,45,1,299,26,0,326,31,307,33,0,371,4,0,4,375
05/12/2022,JNU,AK,AAL,WE,Towers with Radar,25,4,9,0,38,2,229,40,0,271,27,233,49,0,309,8,0,8,317
05/13/2022,JNU,AK,AAL,WE,Towers with Radar,25,4,6,0,35,0,249,26,0,275,25,253,32,0,310,0,0,0,310
05/14/2022,JNU,AK,AAL,WE,Towers with Radar,28,5,3,0,36,0,237,13,0,250,28,242,16,0,286,0,0,0,286
05/15/2022,JNU,AK,AAL,WE,Towers with Radar,28,5,8,0,41,1,268,47,0,316,29,273,55,0,357,0,0,0,357
05/16/2022,JNU,AK,AAL,WE,Towers with Radar,25,4,12,0,41,0,200,20,1,221,25,204,32,1,262,0,0,0,262
05/17/2022,JNU,AK,AAL,WE,Towers with Radar,25,6,12,0,43,0,334,24,0,358,25,340,36,0,401,0,0,0,401
05/18/2022,JNU,AK,AAL,WE,Towers with Radar,29,2,5,2,38,1,380,22,1,404,30,382,27,3,442,2,0,2,444
05/19/2022,JNU,AK,AAL,WE,Towers with Radar,28,2,1,0,31,2,307,25,0,334,30,309,26,0,365,2,0,2,367
05/20/2022,JNU,AK,AAL,WE,Towers with Radar,29,3,3,0,35,1,366,41,0,408,30,369,44,0,443,8,0,8,451
05/21/2022,JNU,AK,AAL,WE,Towers with Radar,28,1,4,0,33,0,263,47,0,310,28,264,51,0,343,8,0,8,351
05/22/2022,JNU,AK,AAL,WE,Towers with Radar,28,1,7,0,36,2,217,47,0,266,30,218,54,0,302,0,0,0,302
05/23/2022,JNU,AK,AAL,WE,Towers with Radar,35,9,12,2,58,0,125,12,0,137,35,134,24,2,195,0,0,0,195
05/24/2022,JNU,AK,AAL,WE,Towers with Radar,33,4,11,0,48,1,374,28,0,403,34,378,39,0,451,0,0,0,451
05/25/2022,JNU,AK,AAL,WE,Towers with Radar,32,2,5,0,39,0,401,27,0,428,32,403,32,0,467,2,0,2,469
05/26/2022,JNU,AK,AAL,WE,Towers with Radar,30,4,6,0,40,0,284,32,1,317,30,288,38,1,357,22,0,22,379
05/27/2022,JNU,AK,AAL,WE,Towers with Radar,25,3,1,0,29,0,370,31,0,401,25,373,32,0,430,30,0,30,460
05/28/2022,JNU,AK,AAL,WE,Towers with Radar,31,4,1,0,36,0,293,45,0,338,31,297,46,0,374,12,0,12,386
05/29/2022,JNU,AK,AAL,WE,Towers with Radar,23,1,3,0,27,0,351,36,0,387,23,352,39,0,414,2,0,2,416
05/30/2022,JNU,AK,AAL,WE,Towers with Radar,25,0,0,0,25,3,330,38,0,371,28,330,38,0,396,14,0,14,410
05/31/2022,JNU,AK,AAL,WE,Towers with Radar,30,0,3,0,33,0,511,27,0,538,30,511,30,0,571,6,0,6,577
06/01/2022,JNU,AK,AAL,WE,Towers with Radar,32,5,3,0,40,6,498,32,0,536,38,503,35,0,576,16,0,16,592
06/02/2022,JNU,AK,AAL,WE,Towers with Radar,33,7,6,0,46,1,444,31,0,476,34,451,37,0,522,16,0,16,538
06/03/2022,JNU,AK,AAL,WE,Towers with Radar,28,3,2,0,33,0,476,50,0,526,28,479,52,0,559,18,0,18,577
06/04/2022,JNU,AK,AAL,WE,Towers with Radar,28,4,0,0,32,0,271,11,2,284,28,275,11,2,316,0,0,0,316
06/05/2022,JNU,AK,AAL,WE,Towers with Radar,31,12,4,0,47,0,385,38,0,423,31,397,42,0,470,32,0,32,502
06/06/2022,JNU,AK,AAL,WE,Towers with Radar,30,11,9,0,50,0,137,11,4,152,30,148,20,4,202,8,0,8,210
06/07/2022,JNU,AK,AAL,WE,Towers with Radar,40,6,6,0,52,0,553,38,0,591,40,559,44,0,643,46,0,46,689
06/08/2022,JNU,AK,AAL,WE,Towers with Radar,38,6,6,2,52,1,480,24,0,505,39,486,30,2,557,12,0,12,569
06/09/2022,JNU,AK,AAL,WE,Towers with Radar,27,4,10,0,41,1,418,34,0,453,28,422,44,0,494,22,0,22,516
06/10/2022,JNU,AK,AAL,WE,Towers with Radar,39,10,18,0,67,0,382,9,2,393,39,392,27,2,460,24,0,24,484
06/11/2022,JNU,AK,AAL,WE,Towers with Radar,31,5,7,0,43,0,148,28,0,176,31,153,35,0,219,20,0,20,239
06/12/2022,JNU,AK,AAL,WE,Towers with Radar,28,5,10,0,43,0,119,13,0,132,28,124,23,0,175,0,0,0,175
06/13/2022,JNU,AK,AAL,WE,Towers with Radar,38,25,20,0,83,0,96,2,0,98,38,121,22,0,181,0,0,0,181
06/14/2022,JNU,AK,AAL,WE,Towers with Radar,35,12,14,0,61,0,502,36,0,538,35,514,50,0,599,0,0,0,599
06/15/2022,JNU,AK,AAL,WE,Towers with Radar,35,3,2,0,40,0,541,51,0,592,35,544,53,0,632,22,0,22,654
06/16/2022,JNU,AK,AAL,WE,Towers with Radar,29,8,7,0,44,0,464,35,0,499,29,472,42,0,543,4,0,4,547
06/17/2022,JNU,AK,AAL,WE,Towers with Radar,32,8,4,0,44,1,400,38,1,440,33,408,42,1,484,6,0,6,490
06/18/2022,JNU,AK,AAL,WE,Towers with Radar,30,9,16,0,55,0,285,24,3,312,30,294,40,3,367,0,0,0,367
06/19/2022,JNU,AK,AAL,WE,Towers with Radar,38,10,16,1,65,0,252,14,0,266,38,262,30,1,331,0,0,0,331
06/20/2022,JNU,AK,AAL,WE,Towers with Radar,31,13,13,0,57,0,67,11,0,78,31,80,24,0,135,18,0,18,153
06/21/2022,JNU,AK,AAL,WE,Towers with Radar,35,11,24,0,70,0,295,28,1,324,35,306,52,1,394,24,0,24,418
06/22/2022,JNU,AK,AAL,WE,Towers with Radar,32,11,16,0,59,0,411,22,0,433,32,422,38,0,492,2,0,2,494
06/23/2022,JNU,AK,AAL,WE,Towers with Radar,35,3,4,0,42,0,540,22,2,564,35,543,26,2,606,0,0,0,606
06/24/2022,JNU,AK,AAL,WE,Towers with Radar,31,6,15,0,52,2,449,39,4,494,33,455,54,4,546,4,0,4,550
06/25/2022,JNU,AK,AAL,WE,Towers with Radar,27,9,10,0,46,1,358,29,0,388,28,367,39,0,434,0,0,0,434
06/26/2022,JNU,AK,AAL,WE,Towers with Radar,37,3,9,0,49,0,468,25,1,494,37,471,34,1,543,2,0,2,545
06/27/2022,JNU,AK,AAL,WE,Towers with Radar,33,6,4,0,43,0,368,26,0,394,33,374,30,0,437,3,10,13,450
06/28/2022,JNU,AK,AAL,WE,Towers with Radar,30,5,5,0,40,0,635,94,0,729,30,640,99,0,769,0,0,0,769
06/29/2022,JNU,AK,AAL,WE,Towers with Radar,32,4,8,0,44,0,556,28,2,586,32,560,36,2,630,0,0,0,630
06/30/2022,JNU,AK,AAL,WE,Towers with Radar,27,11,9,0,47,0,430,29,0,459,27,441,38,0,506,0,0,0,506
07/01/2022,JNU,AK,AAL,WE,Towers with Radar,32,7,5,0,44,1,421,31,2,455,33,428,36,2,499,4,0,4,503
07/02/2022,JNU,AK,AAL,WE,Towers with Radar,31,3,2,0,36,2,369,41,0,412,33,372,43,0,448,0,0,0,448
07/03/2022,JNU,AK,AAL,WE,Towers with Radar,33,5,3,0,41,3,464,46,0,513,36,469,49,0,554,0,0,0,554
07/04/2022,JNU,AK,AAL,WE,Towers with Radar,26,4,5,0,35,2,181,43,0,226,28,185,48,0,261,0,0,0,261
07/05/2022,JNU,AK,AAL,WE,Towers with Radar,39,9,9,1,58,1,700,45,0,746,40,709,54,1,804,0,4,4,808
07/06/2022,JNU,AK,AAL,WE,Towers with Radar,40,6,6,0,52,0,505,49,1,555,40,511,55,1,607,0,0,0,607
07/07/2022,JNU,AK,AAL,WE,Towers with Radar,33,25,26,0,84,0,377,22,1,400,33,402,48,1,484,12,0,12,496
07/08/2022,JNU,AK,AAL,WE,Towers with Radar,34,32,34,0,100,0,181,15,0,196,34,213,49,0,296,0,0,0,296
07/09/2022,JNU,AK,AAL,WE,Towers with Radar,35,23,14,0,72,0,310,39,0,349,35,333,53,0,421,3,0,3,424
07/10/2022,JNU,AK,AAL,WE,Towers with Radar,31,12,11,0,54,0,236,15,0,251,31,248,26,0,305,0,0,0,305
07/11/2022,JNU,AK,AAL,WE,Towers with Radar,33,4,20,0,57,0,282,12,0,294,33,286,32,0,351,0,0,0,351
07/12/2022,JNU,AK,AAL,WE,Towers with Radar,34,6,6,0,46,0,520,26,0,546,34,526,32,0,592,2,0,2,594
07/13/2022,JNU,AK,AAL,WE,Towers with Radar,35,11,16,0,62,1,302,15,0,318,36,313,31,0,380,10,2,12,392
07/14/2022,JNU,AK,AAL,WE,Towers with Radar,38,7,1,0,46,0,497,28,1,526,38,504,29,1,572,4,0,4,576
07/15/2022,JNU,AK,AAL,WE,Towers with Radar,29,8,5,0,42,0,490,37,0,527,29,498,42,0,569,0,0,0,569
07/16/2022,JNU,AK,AAL,WE,Towers with Radar,30,7,12,0,49,0,289,22,0,311,30,296,34,0,360,0,0,0,360
07/17/2022,JNU,AK,AAL,WE,Towers with Radar,37,7,13,0,57,0,57,1,0,58,37,64,14,0,115,0,0,0,115
07/18/2022,JNU,AK,AAL,WE,Towers with Radar,29,8,18,0,55,0,234,11,0,245,29,242,29,0,300,0,0,0,300
07/19/2022,JNU,AK,AAL,WE,Towers with Radar,28,6,19,0,53,0,439,10,3,452,28,445,29,3,505,0,0,0,505
07/20/2022,JNU,AK,AAL,WE,Towers with Radar,34,4,19,1,58,2,264,13,0,279,36,268,32,1,337,0,0,0,337
07/21/2022,JNU,AK,AAL,WE,Towers with Radar,34,7,24,1,66,0,152,13,1,166,34,159,37,2,232,0,0,0,232
07/22/2022,JNU,AK,AAL,WE,Towers with Radar,33,2,15,0,50,0,209,18,7,234,33,211,33,7,284,12,0,12,296
07/23/2022,JNU,AK,AAL,WE,Towers with Radar,30,19,15,0,64,0,152,20,2,174,30,171,35,2,238,0,0,0,238
07/24/2022,JNU,AK,AAL,WE,Towers with Radar,31,18,11,2,62,1,15,0,1,17,32,33,11,3,79,0,0,0,79
07/25/2022,JNU,AK,AAL,WE,Towers with Radar,33,21,6,2,62,0,8,0,0,8,33,29,6,2,70,0,0,0,70
07/26/2022,JNU,AK,AAL,WE,Towers with Radar,33,10,15,0,58,0,148,7,0,155,33,158,22,0,213,0,0,0,213
07/27/2022,JNU,AK,AAL,WE,Towers with Radar,34,2,10,0,46,0,511,41,0,552,34,513,51,0,598,10,0,10,608
07/28/2022,JNU,AK,AAL,WE,Towers with Radar,28,3,19,0,50,0,2,1,0,3,28,5,20,0,53,0,0,0,53
07/29/2022,JNU,AK,AAL,WE,Towers with Radar,33,23,9,0,65,0,140,15,0,155,33,163,24,0,220,4,0,4,224
07/30/2022,JNU,AK,AAL,WE,Towers with Radar,24,3,5,0,32,0,12,5,0,17,24,15,10,0,49,0,6,6,55
07/31/2022,JNU,AK,AAL,WE,Towers with Radar,32,7,12,2,53,0,35,4,0,39,32,42,16,2,92,6,0,6,98
08/01/2022,JNU,AK,AAL,WE,Towers with Radar,31,15,8,0,54,14,323,20,2,359,45,338,28,2,413,0,0,0,413
08/02/2022,JNU,AK,AAL,WE,Towers with Radar,39,3,13,1,56,1,223,14,1,239,40,226,27,2,295,12,0,12,307
08/03/2022,JNU,AK,AAL,WE,Towers with Radar,35,8,15,1,59,0,264,37,1,302,35,272,52,2,361,20,0,20,381
08/04/2022,JNU,AK,AAL,WE,Towers with Radar,37,7,9,1,54,0,463,41,1,505,37,470,50,2,559,0,0,0,559
08/05/2022,JNU,AK,AAL,WE,Towers with Radar,31,9,21,2,63,0,83,6,5,94,31,92,27,7,157,4,2,6,163
08/06/2022,JNU,AK,AAL,WE,Towers with Radar,30,8,7,0,45,0,94,5,2,101,30,102,12,2,146,0,0,0,146
08/07/2022,JNU,AK,AAL,WE,Towers with Radar,34,6,14,0,54,1,353,13,0,367,35,359,27,0,421,0,0,0,421
08/08/2022,JNU,AK,AAL,WE,Towers with Radar,35,3,18,0,56,1,435,28,0,464,36,438,46,0,520,8,0,8,528
08/09/2022,JNU,AK,AAL,WE,Towers with Radar,25,4,8,2,39,0,530,27,9,566,25,534,35,11,605,4,0,4,609
08/10/2022,JNU,AK,AAL,WE,Towers with Radar,30,4,15,3,52,0,465,16,1,482,30,469,31,4,534,0,0,0,534
08/11/2022,JNU,AK,AAL,WE,Towers with Radar,24,12,8,0,44,1,386,17,0,404,25,398,25,0,448,0,0,0,448
08/12/2022,JNU,AK,AAL,WE,Towers with Radar,35,10,14,0,59,0,445,38,0,483,35,455,52,0,542,0,0,0,542
08/13/2022,JNU,AK,AAL,WE,Towers with Radar,37,8,10,0,55,1,333,26,0,360,38,341,36,0,415,0,0,0,415
08/14/2022,JNU,AK,AAL,WE,Towers with Radar,38,1,24,0,63,0,361,3,0,364,38,362,27,0,427,0,0,0,427
08/15/2022,JNU,AK,AAL,WE,Towers with Radar,29,8,2,0,39,0,381,21,0,402,29,389,23,0,441,16,0,16,457
08/16/2022,JNU,AK,AAL,WE,Towers with Radar,35,10,11,0,56,0,420,13,0,433,35,430,24,0,489,0,0,0,489
08/17/2022,JNU,AK,AAL,WE,Towers with Radar,30,15,10,0,55,1,76,10,0,87,31,91,20,0,142,0,0,0,142
08/18/2022,JNU,AK,AAL,WE,Towers with Radar,35,6,8,0,49,0,419,50,0,469,35,425,58,0,518,9,0,9,527
08/19/2022,JNU,AK,AAL,WE,Towers with Radar,36,3,4,0,43,0,430,48,0,478,36,433,52,0,521,8,0,8,529
08/20/2022,JNU,AK,AAL,WE,Towers with Radar,39,2,12,0,53,1,437,46,0,484,40,439,58,0,537,4,0,4,541
08/21/2022,JNU,AK,AAL,WE,Towers with Radar,39,5,10,0,54,1,490,56,0,547,40,495,66,0,601,0,0,0,601
08/22/2022,JNU,AK,AAL,WE,Towers with Radar,30,8,6,0,44,0,410,38,0,448,30,418,44,0,492,0,0,0,492
08/23/2022,JNU,AK,AAL,WE,Towers with Radar,32,7,13,2,54,0,471,21,2,494,32,478,34,4,548,0,0,0,548
08/24/2022,JNU,AK,AAL,WE,Towers with Radar,30,6,7,0,43,0,465,19,0,484,30,471,26,0,527,20,0,20,547
08/25/2022,JNU,AK,AAL,WE,Towers with Radar,34,10,9,2,55,0,198,14,2,214,34,208,23,4,269,18,0,18,287
08/26/2022,JNU,AK,AAL,WE,Towers with Radar,29,10,15,0,54,0,373,13,2,388,29,383,28,2,442,24,0,24,466
08/27/2022,JNU,AK,AAL,WE,Towers with Radar,33,12,25,0,70,0,55,0,0,55,33,67,25,0,125,0,0,0,125
08/28/2022,JNU,AK,AAL,WE,Towers with Radar,35,4,18,0,57,0,154,6,0,160,35,158,24,0,217,0,0,0,217
08/29/2022,JNU,AK,AAL,WE,Towers with Radar,29,10,18,0,57,0,113,4,1,118,29,123,22,1,175,10,0,10,185
08/30/2022,JNU,AK,AAL,WE,Towers with Radar,36,12,15,0,63,0,276,13,0,289,36,288,28,0,352,1,0,1,353
08/31/2022,JNU,AK,AAL,WE,Towers with Radar,30,12,11,0,53,1,382,33,0,416,31,394,44,0,469,34,0,34,503
09/01/2022,JNU,AK,AAL,WE,Towers with Radar,31,10,16,0,57,1,350,7,0,358,32,360,23,0,415,4,0,4,419
09/02/2022,JNU,AK,AAL,WE,Towers with Radar,40,8,13,0,61,0,277,15,0,292,40,285,28,0,353,0,0,0,353
09/03/2022,JNU,AK,AAL,WE,Towers with Radar,34,4,12,0,50,0,226,26,0,252,34,230,38,0,302,0,0,0,302
09/04/2022,JNU,AK,AAL,WE,Towers with Radar,31,5,10,0,46,0,295,12,0,307,31,300,22,0,353,0,0,0,353
09/05/2022,JNU,AK,AAL,WE,Towers with Radar,33,10,11,0,54,0,235,23,1,259,33,245,34,1,313,0,0,0,313
09/06/2022,JNU,AK,AAL,WE,Towers with Radar,33,11,4,0,48,0,453,14,0,467,33,464,18,0,515,0,0,0,515
09/07/2022,JNU,AK,AAL,WE,Towers with Radar,33,6,11,0,50,1,441,41,0,483,34,447,52,0,533,8,0,8,541
09/08/2022,JNU,AK,AAL,WE,Towers with Radar,38,9,9,0,56,0,243,6,0,249,38,252,15,0,305,0,0,0,305
09/09/2022,JNU,AK,AAL,WE,Towers with Radar,32,9,15,0,56,1,276,2,0,279,33,285,17,0,335,0,0,0,335
09/10/2022,JNU,AK,AAL,WE,Towers with Radar,32,6,6,0,44,0,242,18,0,260,32,248,24,0,304,0,0,0,304
09/11/2022,JNU,AK,AAL,WE,Towers with Radar,31,1,2,0,34,0,327,46,0,373,31,328,48,0,407,6,0,6,413
09/12/2022,JNU,AK,AAL,WE,Towers with Radar,28,30,8,0,66,0,295,31,0,326,28,325,39,0,392,10,0,10,402
09/13/2022,JNU,AK,AAL,WE,Towers with Radar,36,11,10,0,57,0,336,15,4,355,36,347,25,4,412,6,0,6,418
09/14/2022,JNU,AK,AAL,WE,Towers with Radar,34,11,14,1,60,0,262,11,0,273,34,273,25,1,333,0,0,0,333
09/15/2022,JNU,AK,AAL,WE,Towers with Radar,35,14,8,0,57,1,289,19,0,309,36,303,27,0,366,0,0,0,366
09/16/2022,JNU,AK,AAL,WE,Towers with Radar,38,6,8,0,52,0,333,37,0,370,38,339,45,0,422,0,0,0,422
09/17/2022,JNU,AK,AAL,WE,Towers with Radar,27,5,4,0,36,0,250,48,0,298,27,255,52,0,334,18,0,18,352
09/18/2022,JNU,AK,AAL,WE,Towers with Radar,32,12,3,0,47,0,93,19,1,113,32,105,22,1,160,2,0,2,162
09/19/2022,JNU,AK,AAL,WE,Towers with Radar,36,5,3,0,44,0,307,26,0,333,36,312,29,0,377,0,0,0,377
09/20/2022,JNU,AK,AAL,WE,Towers with Radar,38,6,8,0,52,0,351,24,0,375,38,357,32,0,427,14,0,14,441
09/21/2022,JNU,AK,AAL,WE,Towers with Radar,29,6,11,0,46,0,227,11,0,238,29,233,22,0,284,14,0,14,298
09/22/2022,JNU,AK,AAL,WE,Towers with Radar,36,2,5,1,44,1,173,5,1,180,37,175,10,2,224,0,0,0,224
09/23/2022,JNU,AK,AAL,WE,Towers with Radar,31,4,5,0,40,0,39,0,0,39,31,43,5,0,79,0,0,0,79
09/24/2022,JNU,AK,AAL,WE,Towers with Radar,32,5,5,1,43,0,171,16,1,188,32,176,21,2,231,0,0,0,231
09/25/2022,JNU,AK,AAL,WE,Towers with Radar,29,2,4,0,35,0,123,10,0,133,29,125,14,0,168,0,0,0,168
09/26/2022,JNU,AK,AAL,WE,Towers with Radar,34,9,10,0,53,0,9,0,0,9,34,18,10,0,62,0,0,0,62
09/27/2022,JNU,AK,AAL,WE,Towers with Radar,36,8,10,0,54,0,247,28,2,277,36,255,38,2,331,20,0,20,351
09/28/2022,JNU,AK,AAL,WE,Towers with Radar,32,5,8,0,45,0,102,20,0,122,32,107,28,0,167,16,0,16,183
09/29/2022,JNU,AK,AAL,WE,Towers with Radar,42,9,16,0,67,0,83,7,0,90,42,92,23,0,157,0,0,0,157
09/30/2022,JNU,AK,AAL,WE,Towers with Radar,32,17,13,0,62,0,28,0,0,28,32,45,13,0,90,0,0,0,90
10/01/2022,JNU,AK,AAL,WE,Towers with Radar,23,4,6,0,33,0,107,18,2,127,23,111,24,2,160,0,0,0,160
10/02/2022,JNU,AK,AAL,WE,Towers with Radar,26,0,2,0,28,0,90,20,1,111,26,90,22,1,139,0,0,0,139
10/03/2022,JNU,AK,AAL,WE,Towers with Radar,28,3,5,0,36,0,199,30,0,229,28,202,35,0,265,6,0,6,271
10/04/2022,JNU,AK,AAL,WE,Towers with Radar,16,1,3,0,20,1,151,24,0,176,17,152,27,0,196,2,0,2,198
10/05/2022,JNU,AK,AAL,WE,Towers with Radar,24,3,6,0,33,0,143,7,0,150,24,146,13,0,183,6,0,6,189
10/06/2022,JNU,AK,AAL,WE,Towers with Radar,20,11,7,0,38,0,103,21,0,124,20,114,28,0,162,8,0,8,170
10/07/2022,JNU,AK,AAL,WE,Towers with Radar,16,0,1,0,17,0,59,25,0,84,16,59,26,0,101,0,0,0,101
10/08/2022,JNU,AK,AAL,WE,Towers with Radar,19,5,11,0,35,0,20,4,0,24,19,25,15,0,59,4,0,4,63
10/09/2022,JNU,AK,AAL,WE,Towers with Radar,24,0,11,0,35,0,48,3,0,51,24,48,14,0,86,0,0,0,86
10/10/2022,JNU,AK,AAL,WE,Towers with Radar,19,4,2,0,25,0,153,20,0,173,19,157,22,0,198,0,0,0,198
10/11/2022,JNU,AK,AAL,WE,Towers with Radar,19,2,10,0,31,0,128,11,0,139,19,130,21,0,170,6,0,6,176
10/12/2022,JNU,AK,AAL,WE,Towers with Radar,15,4,11,0,30,0,31,1,0,32,15,35,12,0,62,0,0,0,62
10/13/2022,JNU,AK,AAL,WE,Towers with Radar,15,5,0,0,20,0,3,0,0,3,15,8,0,0,23,0,0,0,23
10/14/2022,JNU,AK,AAL,WE,Towers with Radar,21,11,5,0,37,0,142,41,2,185,21,153,46,2,222,4,0,4,226
10/15/2022,JNU,AK,AAL,WE,Towers with Radar,13,22,5,0,40,0,0,0,0,0,13,22,5,0,40,0,0,0,40
10/16/2022,JNU,AK,AAL,WE,Towers with Radar,20,1,6,0,27,1,75,19,0,95,21,76,25,0,122,20,0,20,142
10/17/2022,JNU,AK,AAL,WE,Towers with Radar,18,4,5,0,27,0,134,8,0,142,18,138,13,0,169,4,0,4,173
10/18/2022,JNU,AK,AAL,WE,Towers with Radar,18,6,10,0,34,0,9,2,3,14,18,15,12,3,48,0,0,0,48
10/19/2022,JNU,AK,AAL,WE,Towers with Radar,17,5,3,0,25,0,24,2,4,30,17,29,5,4,55,0,0,0,55
10/20/2022,JNU,AK,AAL,WE,Towers with Radar,17,12,7,0,36,0,79,4,0,83,17,91,11,0,119,2,0,2,121
10/21/2022,JNU,AK,AAL,WE,Towers with Radar,18,7,4,0,29,0,63,28,0,91,18,70,32,0,120,4,0,4,124
10/22/2022,JNU,AK,AAL,WE,Towers with Radar,16,10,2,0,28,0,95,26,0,121,16,105,28,0,149,10,0,10,159
10/23/2022,JNU,AK,AAL,WE,Towers with Radar,21,2,3,0,26,0,51,1,0,52,21,53,4,0,78,0,0,0,78
10/24/2022,JNU,AK,AAL,WE,Towers with Radar,23,2,1,0,26,0,119,32,0,151,23,121,33,0,177,8,0,8,185
10/25/2022,JNU,AK,AAL,WE,Towers with Radar,16,2,2,2,22,1,99,14,0,114,17,101,16,2,136,24,0,24,160
10/26/2022,JNU,AK,AAL,WE,Towers with Radar,15,5,9,0,29,0,38,1,2,41,15,43,10,2,70,0,0,0,70
10/27/2022,JNU,AK,AAL,WE,Towers with Radar,19,5,8,0,32,0,47,7,0,54,19,52,15,0,86,0,0,0,86
10/28/2022,JNU,AK,AAL,WE,Towers with Radar,18,8,9,0,35,0,43,2,0,45,18,51,11,0,80,0,0,0,80
10/29/2022,JNU,AK,AAL,WE,Towers with Radar,16,3,5,0,24,0,41,1,0,42,16,44,6,0,66,0,0,0,66
10/30/2022,JNU,AK,AAL,WE,Towers with Radar,24,4,5,0,33,0,20,1,0,21,24,24,6,0,54,0,0,0,54
10/31/2022,JNU,AK,AAL,WE,Towers with Radar,19,5,4,0,28,0,92,8,0,100,19,97,12,0,128,0,0,0,128
11/01/2022,JNU,AK,AAL,WE,Towers with Radar,17,3,0,0,20,1,122,25,0,148,18,125,25,0,168,10,2,12,180
11/02/2022,JNU,AK,AAL,WE,Towers with Radar,21,2,1,0,24,0,68,8,0,76,21,70,9,0,100,0,0,0,100
11/03/2022,JNU,AK,AAL,WE,Towers with Radar,21,6,4,0,31,0,53,0,0,53,21,59,4,0,84,0,0,0,84
11/04/2022,JNU,AK,AAL,WE,Towers with Radar,19,21,8,2,50,0,30,4,0,34,19,51,12,2,84,0,0,0,84
11/05/2022,JNU,AK,AAL,WE,Towers with Radar,16,3,3,2,24,0,48,13,0,61,16,51,16,2,85,0,0,0,85
11/06/2022,JNU,AK,AAL,WE,Towers with Radar,23,3,2,0,28,0,49,0,0,49,23,52,2,0,77,0,0,0,77
11/07/2022,JNU,AK,AAL,WE,Towers with Radar,17,3,4,0,24,1,65,11,0,77,18,68,15,0,101,10,4,14,115
11/08/2022,JNU,AK,AAL,WE,Towers with Radar,15,3,1,0,19,0,96,18,0,114,15,99,19,0,133,6,0,6,139
11/09/2022,JNU,AK,AAL,WE,Towers with Radar,17,2,3,0,22,0,96,12,0,108,17,98,15,0,130,50,0,50,180
11/10/2022,JNU,AK,AAL,WE,Towers with Radar,19,0,0,0,19,0,0,0,0,0,19,0,0,0,19,0,0,0,19
11/11/2022,JNU,AK,AAL,WE,Towers with Radar,19,5,10,0,34,0,42,4,0,46,19,47,14,0,80,0,0,0,80
11/12/2022,JNU,AK,AAL,WE,Towers with Radar,18,3,15,0,36,0,42,0,1,43,18,45,15,1,79,0,0,0,79
11/13/2022,JNU,AK,AAL,WE,Towers with Radar,21,4,9,0,34,0,40,1,0,41,21,44,10,0,75,0,0,0,75
11/14/2022,JNU,AK,AAL,WE,Towers with Radar,19,3,12,0,34,0,83,7,0,90,19,86,19,0,124,0,0,0,124
11/15/2022,JNU,AK,AAL,WE,Towers with Radar,21,5,8,0,34,0,27,3,2,32,21,32,11,2,66,0,0,0,66
11/16/2022,JNU,AK,AAL,WE,Towers with Radar,15,6,5,1,27,0,99,17,0,116,15,105,22,1,143,10,0,10,153
11/17/2022,JNU,AK,AAL,WE,Towers with Radar,28,4,0,0,32,0,110,25,0,135,28,114,25,0,167,22,0,22,189
11/18/2022,JNU,AK,AAL,WE,Towers with Radar,19,3,0,0,22,0,89,14,0,103,19,92,14,0,125,42,0,42,167
11/19/2022,JNU,AK,AAL,WE,Towers with Radar,13,9,10,1,33,0,25,5,1,31,13,34,15,2,64,0,0,0,64
11/20/2022,JNU,AK,AAL,WE,Towers with Radar,22,1,7,0,30,0,36,6,0,42,22,37,13,0,72,8,0,8,80
11/21/2022,JNU,AK,AAL,WE,Towers with Radar,15,6,3,0,24,0,14,1,0,15,15,20,4,0,39,0,0,0,39
11/22/2022,JNU,AK,AAL,WE,Towers with Radar,17,8,5,0,30,0,70,2,0,72,17,78,7,0,102,34,0,34,136
11/23/2022,JNU,AK,AAL,WE,Towers with Radar,19,3,7,0,29,0,32,3,1,36,19,35,10,1,65,0,0,0,65
11/24/2022,JNU,AK,AAL,WE,Towers with Radar,7,2,2,0,11,0,0,0,0,0,7,2,2,0,11,0,0,0,11
11/25/2022,JNU,AK,AAL,WE,Towers with Radar,17,6,11,0,34,0,27,3,0,30,17,33,14,0,64,0,0,0,64
11/26/2022,JNU,AK,AAL,WE,Towers with Radar,22,9,6,0,37,0,54,11,0,65,22,63,17,0,102,0,0,0,102
11/27/2022,JNU,AK,AAL,WE,Towers with Radar,22,0,1,0,23,0,56,23,0,79,22,56,24,0,102,42,0,42,144
11/28/2022,JNU,AK,AAL,WE,Towers with Radar,23,3,5,0,31,0,89,15,0,104,23,92,20,0,135,16,0,16,151
11/29/2022,JNU,AK,AAL,WE,Towers with Radar,13,1,1,0,15,0,36,2,0,38,13,37,3,0,53,4,0,4,57
11/30/2022,JNU,AK,AAL,WE,Towers with Radar,13,2,3,0,18,0,46,8,0,54,13,48,11,0,72,10,0,10,82
12/01/2022,JNU,AK,AAL,WE,Towers with Radar,18,5,8,0,31,0,35,5,0,40,18,40,13,0,71,0,0,0,71
12/02/2022,JNU,AK,AAL,WE,Towers with Radar,18,8,4,0,30,0,76,4,0,80,18,84,8,0,110,0,0,0,110
12/03/2022,JNU,AK,AAL,WE,Towers with Radar,16,2,4,0,22,0,66,21,0,87,16,68,25,0,109,14,0,14,123
12/04/2022,JNU,AK,AAL,WE,Towers with Radar,19,0,6,0,25,0,55,23,0,78,19,55,29,0,103,12,0,12,115
12/05/2022,JNU,AK,AAL,WE,Towers with Radar,16,1,0,0,17,0,79,23,4,106,16,80,23,4,123,10,0,10,133
12/06/2022,JNU,AK,AAL,WE,Towers with Radar,17,17,3,0,37,0,11,0,0,11,17,28,3,0,48,0,0,0,48
12/07/2022,JNU,AK,AAL,WE,Towers with Radar,16,6,2,0,24,0,40,0,0,40,16,46,2,0,64,0,0,0,64
12/08/2022,JNU,AK,AAL,WE,Towers with Radar,17,7,6,0,30,0,47,2,0,49,17,54,8,0,79,0,0,0,79
12/09/2022,JNU,AK,AAL,WE,Towers with Radar,19,19,3,0,41,0,19,2,0,21,19,38,5,0,62,0,0,0,62
12/10/2022,JNU,AK,AAL,WE,Towers with Radar,18,2,0,0,20,0,63,13,2,78,18,65,13,2,98,18,0,18,116
12/11/2022,JNU,AK,AAL,WE,Towers with Radar,18,1,2,0,21,1,64,13,0,78,19,65,15,0,99,8,0,8,107
12/12/2022,JNU,AK,AAL,WE,Towers with Radar,13,0,0,0,13,0,0,0,0,0,13,0,0,0,13,0,0,0,13
12/13/2022,JNU,AK,AAL,WE,Towers with Radar,20,4,6,0,30,0,67,0,1,68,20,71,6,1,98,2,0,2,100
12/14/2022,JNU,AK,AAL,WE,Towers with Radar,13,12,5,0,30,0,35,16,0,51,13,47,21,0,81,29,0,29,110
12/15/2022,JNU,AK,AAL,WE,Towers with Radar,16,10,5,0,31,0,38,0,0,38,16,48,5,0,69,12,0,12,81
12/16/2022,JNU,AK,AAL,WE,Towers with Radar,15,6,2,0,23,0,229,2,0,231,15,235,4,0,254,8,0,8,262
12/17/2022,JNU,AK,AAL,WE,Towers with Radar,14,4,1,2,21,0,49,0,3,52,14,53,1,5,73,0,0,0,73
12/18/2022,JNU,AK,AAL,WE,Towers with Radar,17,2,0,2,21,0,27,0,0,27,17,29,0,2,48,0,0,0,48
12/19/2022,JNU,AK,AAL,WE,Towers with Radar,17,1,1,0,19,0,56,4,0,60,17,57,5,0,79,0,0,0,79
12/20/2022,JNU,AK,AAL,WE,Towers with Radar,16,2,0,0,18,0,70,10,0,80,16,72,10,0,98,19,0,19,117
12/21/2022,JNU,AK,AAL,WE,Towers with Radar,12,3,0,0,15,0,53,16,0,69,12,56,16,0,84,14,0,14,98
12/22/2022,JNU,AK,AAL,WE,Towers with Radar,16,2,1,0,19,0,61,7,0,68,16,63,8,0,87,28,0,28,115
12/23/2022,JNU,AK,AAL,WE,Towers with Radar,8,1,5,0,14,0,3,0,0,3,8,4,5,0,17,2,0,2,19
12/24/2022,JNU,AK,AAL,WE,Towers with Radar,10,6,6,0,22,0,4,0,0,4,10,10,6,0,26,0,0,0,26
12/25/2022,JNU,AK,AAL,WE,Towers with Radar,8,1,3,0,12,0,0,0,0,0,8,1,3,0,12,0,0,0,12
12/26/2022,JNU,AK,AAL,WE,Towers with Radar,15,36,0,0,51,0,2,0,0,2,15,38,0,0,53,0,0,0,53
12/27/2022,JNU,AK,AAL,WE,Towers with Radar,10,1,0,2,13,0,12,0,0,12,10,13,0,2,25,0,0,0,25
12/28/2022,JNU,AK,AAL,WE,Towers with Radar,20,3,2,0,25,0,65,4,0,69,20,68,6,0,94,12,0,12,106
12/29/2022,JNU,AK,AAL,WE,Towers with Radar,19,3,3,0,25,0,82,13,1,96,19,85,16,1,121,24,0,24,145
12/30/2022,JNU,AK,AAL,WE,Towers with Radar,21,3,1,2,27,0,0,0,0,0,21,3,1,2,27,0,0,0,27
12/31/2022,JNU,AK,AAL,WE,Towers with Radar,17,8,9,1,35,0,4,1,1,6,17,12,10,2,41,0,0,0,41
01/01/2023,JNU,AK,AAL,WE,Towers with Radar,12,0,3,0,15,0,0,0,1,1,12,0,3,1,16,0,0,0,16
01/02/2023,JNU,AK,AAL,WE,Towers with Radar,16,6,11,0,33,0,62,5,3,70,16,68,16,3,103,0,0,0,103
01/03/2023,JNU,AK,AAL,WE,Towers with Radar,19,7,6,0,32,0,55,5,0,60,19,62,11,0,92,4,0,4,96
01/04/2023,JNU,AK,AAL,WE,Towers with Radar,17,3,4,0,24,0,58,5,0,63,17,61,9,0,87,18,0,18,105
01/05/2023,JNU,AK,AAL,WE,Towers with Radar,17,0,3,0,20,0,99,5,0,104,17,99,8,0,124,8,0,8,132
01/06/2023,JNU,AK,AAL,WE,Towers with Radar,18,5,6,0,29,0,0,0,0,0,18,5,6,0,29,0,0,0,29
01/07/2023,JNU,AK,AAL,WE,Towers with Radar,15,1,3,0,19,0,26,3,0,29,15,27,6,0,48,0,0,0,48
01/08/2023,JNU,AK,AAL,WE,Towers with Radar,19,1,2,0,22,0,61,21,0,82,19,62,23,0,104,0,0,0,104
01/09/2023,JNU,AK,AAL,WE,Towers with Radar,12,4,5,0,21,0,44,11,0,55,12,48,16,0,76,0,0,0,76
01/10/2023,JNU,AK,AAL,WE,Towers with Radar,19,8,4,1,32,0,109,12,0,121,19,117,16,1,153,0,0,0,153
01/11/2023,JNU,AK,AAL,WE,Towers with Radar,20,7,8,0,35,0,76,4,0,80,20,83,12,0,115,2,0,2,117
01/12/2023,JNU,AK,AAL,WE,Towers with Radar,25,6,1,0,32,0,60,8,0,68,25,66,9,0,100,4,0,4,104
01/13/2023,JNU,AK,AAL,WE,Towers with Radar,15,6,7,1,29,0,60,6,0,66,15,66,13,1,95,0,0,0,95
01/14/2023,JNU,AK,AAL,WE,Towers with Radar,14,5,7,0,26,0,45,7,2,54,14,50,14,2,80,0,0,0,80
01/15/2023,JNU,AK,AAL,WE,Towers with Radar,21,1,6,2,30,0,0,0,0,0,21,1,6,2,30,0,0,0,30
01/16/2023,JNU,AK,AAL,WE,Towers with Radar,19,7,5,0,31,0,32,5,0,37,19,39,10,0,68,10,0,10,78
01/17/2023,JNU,AK,AAL,WE,Towers with Radar,21,12,10,0,43,0,48,5,3,56,21,60,15,3,99,0,0,0,99
01/18/2023,JNU,AK,AAL,WE,Towers with Radar,18,6,2,0,26,0,63,14,0,77,18,69,16,0,103,0,0,0,103
01/19/2023,JNU,AK,AAL,WE,Towers with Radar,24,8,7,0,39,0,33,2,0,35,24,41,9,0,74,0,0,0,74
01/20/2023,JNU,AK,AAL,WE,Towers with Radar,16,3,5,0,24,0,40,0,0,40,16,43,5,0,64,2,0,2,66
01/21/2023,JNU,AK,AAL,WE,Towers with Radar,19,3,5,0,27,0,36,4,0,40,19,39,9,0,67,0,0,0,67
01/22/2023,JNU,AK,AAL,WE,Towers with Radar,21,2,13,0,36,0,27,1,0,28,21,29,14,0,64,2,0,2,66
01/23/2023,JNU,AK,AAL,WE,Towers with Radar,13,4,6,0,23,0,59,6,0,65,13,63,12,0,88,0,0,0,88
01/24/2023,JNU,AK,AAL,WE,Towers with Radar,15,5,12,0,32,0,43,2,2,47,15,48,14,2,79,0,0,0,79
01/25/2023,JNU,AK,AAL,WE,Towers with Radar,14,7,4,0,25,0,68,7,0,75,14,75,11,0,100,4,0,4,104
01/26/2023,JNU,AK,AAL,WE,Towers with Radar,25,6,3,1,35,0,43,1,0,44,25,49,4,1,79,12,0,12,91
01/27/2023,JNU,AK,AAL,WE,Towers with Radar,16,6,6,1,29,0,31,4,2,37,16,37,10,3,66,6,0,6,72
01/28/2023,JNU,AK,AAL,WE,Towers with Radar,17,3,3,0,23,0,89,23,0,112,17,92,26,0,135,46,0,46,181
01/29/2023,JNU,AK,AAL,WE,Towers with Radar,19,3,1,0,23,0,75,20,0,95,19,78,21,0,118,4,0,4,122
01/30/2023,JNU,AK,AAL,WE,Towers with Radar,20,4,5,0,29,0,0,1,0,1,20,4,6,0,30,0,0,0,30
01/31/2023,JNU,AK,AAL,WE,Towers with Radar,22,12,10,0,44,0,38,0,0,38,22,50,10,0,82,6,0,6,88
02/01/2023,JNU,AK,AAL,WE,Towers with Radar,20,9,13,0,42,0,35,4,0,39,20,44,17,0,81,0,0,0,81
02/02/2023,JNU,AK,AAL,WE,Towers with Radar,20,3,4,0,27,0,2,1,2,5,20,5,5,2,32,0,0,0,32
02/03/2023,JNU,AK,AAL,WE,Towers with Radar,19,16,9,0,44,0,18,0,0,18,19,34,9,0,62,0,0,0,62
02/04/2023,JNU,AK,AAL,WE,Towers with Radar,19,49,10,0,78,0,16,0,0,16,19,65,10,0,94,0,0,0,94
02/05/2023,JNU,AK,AAL,WE,Towers with Radar,15,3,13,0,31,0,27,1,0,28,15,30,14,0,59,0,0,0,59
02/06/2023,JNU,AK,AAL,WE,Towers with Radar,14,9,7,0,30,0,52,3,0,55,14,61,10,0,85,8,0,8,93
02/07/2023,JNU,AK,AAL,WE,Towers with Radar,18,8,3,1,30,0,104,3,2,109,18,112,6,3,139,4,0,4,143
02/08/2023,JNU,AK,AAL,WE,Towers with Radar,19,3,4,0,26,0,121,4,0,125,19,124,8,0,151,4,0,4,155
02/09/2023,JNU,AK,AAL,WE,Towers with Radar,18,6,9,0,33,0,19,0,0,19,18,25,9,0,52,4,0,4,56
02/10/2023,JNU,AK,AAL,WE,Towers with Radar,19,5,5,2,31,0,74,3,0,77,19,79,8,2,108,8,0,8,116
02/11/2023,JNU,AK,AAL,WE,Towers with Radar,20,10,14,0,44,0,41,0,2,43,20,51,14,2,87,2,0,2,89
02/12/2023,JNU,AK,AAL,WE,Towers with Radar,16,2,4,0,22,0,28,0,0,28,16,30,4,0,50,0,0,0,50
02/13/2023,JNU,AK,AAL,WE,Towers with Radar,19,7,6,0,32,0,60,3,0,63,19,67,9,0,95,0,0,0,95
02/14/2023,JNU,AK,AAL,WE,Towers with Radar,17,6,6,0,29,0,82,10,3,95,17,88,16,3,124,0,0,0,124
02/15/2023,JNU,AK,AAL,WE,Towers with Radar,16,5,7,0,28,0,22,0,0,22,16,27,7,0,50,0,0,0,50
02/16/2023,JNU,AK,AAL,WE,Towers with Radar,19,5,9,0,33,0,63,5,0,68,19,68,14,0,101,0,0,0,101
02/17/2023,JNU,AK,AAL,WE,Towers with Radar,16,2,5,0,23,0,0,0,0,0,16,2,5,0,23,0,0,0,23
02/18/2023,JNU,AK,AAL,WE,Towers with Radar,16,5,13,0,34,0,4,0,0,4,16,9,13,0,38,0,0,0,38
02/19/2023,JNU,AK,AAL,WE,Towers with Radar,19,0,13,0,32,0,55,8,0,63,19,55,21,0,95,16,0,16,111
02/20/2023,JNU,AK,AAL,WE,Towers with Radar,19,2,12,0,33,0,87,13,0,100,19,89,25,0,133,32,0,32,165
02/21/2023,JNU,AK,AAL,WE,Towers with Radar,17,4,5,0,26,0,125,22,0,147,17,129,27,0,173,26,0,26,199
02/22/2023,JNU,AK,AAL,WE,Towers with Radar,18,3,1,0,22,0,84,7,0,91,18,87,8,0,113,0,2,2,115
02/23/2023,JNU,AK,AAL,WE,Towers with Radar,15,2,3,2,22,0,66,8,1,75,15,68,11,3,97,0,0,0,97
02/24/2023,JNU,AK,AAL,WE,Towers with Radar,18,3,3,1,25,0,13,0,0,13,18,16,3,1,38,0,0,0,38
02/25/2023,JNU,AK,AAL,WE,Towers with Radar,11,8,2,0,21,0,46,6,0,52,11,54,8,0,73,0,0,0,73
02/26/2023,JNU,AK,AAL,WE,Towers with Radar,19,0,1,0,20,0,50,10,0,60,19,50,11,0,80,0,0,0,80
02/27/2023,JNU,AK,AAL,WE,Towers with Radar,16,3,6,0,25,0,80,5,0,85,16,83,11,0,110,8,0,8,118
02/28/2023,JNU,AK,AAL,WE,Towers with Radar,17,6,5,0,28,0,69,8,0,77,17,75,13,0,105,2,0,2,107
03/01/2023,JNU,AK,AAL,WE,Towers with Radar,12,3,0,0,15,0,0,0,0,0,12,3,0,0,15,0,0,0,15
03/02/2023,JNU,AK,AAL,WE,Towers with Radar,21,0,2,0,23,0,46,3,0,49,21,46,5,0,72,0,1,1,73
03/03/2023,JNU,AK,AAL,WE,Towers with Radar,20,4,6,0,30,0,56,4,0,60,20,60,10,0,90,4,0,4,94
03/04/2023,JNU,AK,AAL,WE,Towers with Radar,15,1,2,0,18,0,56,3,0,59,15,57,5,0,77,14,0,14,91
03/05/2023,JNU,AK,AAL,WE,Towers with Radar,18,2,5,0,25,0,44,7,0,51,18,46,12,0,76,0,0,0,76
03/06/2023,JNU,AK,AAL,WE,Towers with Radar,16,3,6,0,25,0,85,10,0,95,16,88,16,0,120,6,0,6,126
03/07/2023,JNU,AK,AAL,WE,Towers with Radar,19,4,0,2,25,0,57,14,2,73,19,61,14,4,98,2,0,2,100
03/08/2023,JNU,AK,AAL,WE,Towers with Radar,17,3,1,0,21,1,97,3,1,102,18,100,4,1,123,0,0,0,123
03/09/2023,JNU,AK,AAL,WE,Towers with Radar,16,4,2,1,23,1,80,15,2,98,17,84,17,3,121,12,0,12,133
03/10/2023,JNU,AK,AAL,WE,Towers with Radar,15,1,2,0,18,1,107,1,0,109,16,108,3,0,127,2,0,2,129
03/11/2023,JNU,AK,AAL,WE,Towers with Radar,19,2,0,0,21,0,50,1,4,55,19,52,1,4,76,0,0,0,76
03/12/2023,JNU,AK,AAL,WE,Towers with Radar,20,0,2,0,22,0,71,2,0,73,20,71,4,0,95,2,0,2,97
03/13/2023,JNU,AK,AAL,WE,Towers with Radar,14,2,0,0,16,0,82,7,0,89,14,84,7,0,105,6,0,6,111
03/14/2023,JNU,AK,AAL,WE,Towers with Radar,14,8,5,0,27,0,56,10,2,68,14,64,15,2,95,10,0,10,105
03/15/2023,JNU,AK,AAL,WE,Towers with Radar,16,4,2,0,22,0,30,0,2,32,16,34,2,2,54,0,0,0,54
03/16/2023,JNU,AK,AAL,WE,Towers with Radar,15,4,5,0,24,0,25,1,0,26,15,29,6,0,50,0,0,0,50
03/17/2023,JNU,AK,AAL,WE,Towers with Radar,18,0,4,2,24,4,85,4,0,93,22,85,8,2,117,0,0,0,117
03/18/2023,JNU,AK,AAL,WE,Towers with Radar,17,2,0,0,19,2,53,12,0,67,19,55,12,0,86,36,0,36,122
03/19/2023,JNU,AK,AAL,WE,Towers with Radar,20,3,11,0,34,0,6,0,0,6,20,9,11,0,40,0,0,0,40
03/20/2023,JNU,AK,AAL,WE,Towers with Radar,12,1,3,0,16,0,31,3,0,34,12,32,6,0,50,0,0,0,50
03/21/2023,JNU,AK,AAL,WE,Towers with Radar,17,4,9,1,31,0,75,16,0,91,17,79,25,1,122,10,0,10,132
03/22/2023,JNU,AK,AAL,WE,Towers with Radar,19,5,3,0,27,0,75,3,31,109,19,80,6,31,136,0,6,6,142
03/23/2023,JNU,AK,AAL,WE,Towers with Radar,21,1,5,0,27,0,65,1,6,72,21,66,6,6,99,0,14,14,113
03/24/2023,JNU,AK,AAL,WE,Towers with Radar,19,7,3,0,29,0,89,7,0,96,19,96,10,0,125,20,0,20,145
03/25/2023,JNU,AK,AAL,WE,Towers with Radar,15,5,10,3,33,1,43,6,0,50,16,48,16,3,83,0,0,0,83
03/26/2023,JNU,AK,AAL,WE,Towers with Radar,17,0,0,0,17,1,73,10,0,84,18,73,10,0,101,4,0,4,105
03/27/2023,JNU,AK,AAL,WE,Towers with Radar,19,2,1,1,23,0,129,21,5,155,19,131,22,6,178,8,2,10,188
03/28/2023,JNU,AK,AAL,WE,Towers with Radar,17,3,1,0,21,0,135,12,4,151,17,138,13,4,172,26,0,26,198
03/29/2023,JNU,AK,AAL,WE,Towers with Radar,19,1,2,1,23,1,115,23,4,143,20,116,25,5,166,0,0,0,166
03/30/2023,JNU,AK,AAL,WE,Towers with Radar,18,5,3,0,26,0,93,8,0,101,18,98,11,0,127,4,0,4,131
03/31/2023,JNU,AK,AAL,WE,Towers with Radar,17,6,12,0,35,0,41,0,0,41,17,47,12,0,76,0,0,0,76
04/01/2023,JNU,AK,AAL,WE,Towers with Radar,22,9,5,1,37,0,75,17,0,92,22,84,22,1,129,18,0,18,147
04/02/2023,JNU,AK,AAL,WE,Towers with Radar,30,9,1,0,40,0,43,8,0,51,30,52,9,0,91,6,0,6,97
04/03/2023,JNU,AK,AAL,WE,Towers with Radar,22,1,0,0,23,0,120,31,2,153,22,121,31,2,176,0,0,0,176
04/04/2023,JNU,AK,AAL,WE,Towers with Radar,23,5,0,0,28,0,58,5,4,67,23,63,5,4,95,41,0,41,136
04/05/2023,JNU,AK,AAL,WE,Towers with Radar,30,7,8,0,45,0,59,2,2,63,30,66,10,2,108,0,8,8,116
04/06/2023,JNU,AK,AAL,WE,Towers with Radar,33,31,10,1,75,0,7,0,1,8,33,38,10,2,83,0,0,0,83
04/07/2023,JNU,AK,AAL,WE,Towers with Radar,27,4,7,0,38,0,83,2,0,85,27,87,9,0,123,0,0,0,123
04/08/2023,JNU,AK,AAL,WE,Towers with Radar,22,8,3,0,33,0,51,15,0,66,22,59,18,0,99,11,0,11,110
04/09/2023,JNU,AK,AAL,WE,Towers with Radar,26,1,0,0,27,0,5,2,0,7,26,6,2,0,34,10,0,10,44
04/10/2023,JNU,AK,AAL,WE,Towers with Radar,26,5,2,0,33,0,106,16,0,122,26,111,18,0,155,0,0,0,155
04/11/2023,JNU,AK,AAL,WE,Towers with Radar,25,0,6,0,31,2,150,45,0,197,27,150,51,0,228,24,0,24,252
04/12/2023,JNU,AK,AAL,WE,Towers with Radar,31,5,13,2,51,0,89,2,0,91,31,94,15,2,142,20,0,20,162
04/13/2023,JNU,AK,AAL,WE,Towers with Radar,2,3,4,0,9,0,74,6,4,84,2,77,10,4,93,0,0,0,93
04/14/2023,JNU,AK,AAL,WE,Towers with Radar,11,1,2,0,14,0,118,17,3,138,11,119,19,3,152,8,0,8,160
04/15/2023,JNU,AK,AAL,WE,Towers with Radar,30,0,3,0,33,0,52,8,0,60,30,52,11,0,93,0,0,0,93
04/16/2023,JNU,AK,AAL,WE,Towers with Radar,28,2,1,0,31,0,96,20,0,116,28,98,21,0,147,6,0,6,153
04/17/2023,JNU,AK,AAL,WE,Towers with Radar,28,6,11,1,46,0,101,14,6,121,28,107,25,7,167,24,0,24,191
04/18/2023,JNU,AK,AAL,WE,Towers with Radar,30,2,2,0,34,0,120,32,5,157,30,122,34,5,191,26,0,26,217
04/19/2023,JNU,AK,AAL,WE,Towers with Radar,27,7,0,0,34,0,162,27,5,194,27,169,27,5,228,28,0,28,256
04/20/2023,JNU,AK,AAL,WE,Towers with Radar,26,3,5,0,34,0,156,22,5,183,26,159,27,5,217,2,0,2,219
04/21/2023,JNU,AK,AAL,WE,Towers with Radar,25,7,2,0,34,1,179,36,0,216,26,186,38,0,250,40,0,40,290
04/22/2023,JNU,AK,AAL,WE,Towers with Radar,25,3,8,0,36,0,88,34,0,122,25,91,42,0,158,20,0,20,178
04/23/2023,JNU,AK,AAL,WE,Towers with Radar,24,14,6,0,44,0,51,16,0,67,24,65,22,0,111,6,0,6,117
04/24/2023,JNU,AK,AAL,WE,Towers with Radar,25,2,11,0,38,0,101,3,0,104,25,103,14,0,142,6,0,6,148
04/25/2023,JNU,AK,AAL,WE,Towers with Radar,27,4,14,0,45,1,119,30,0,150,28,123,44,0,195,8,0,8,203
04/26/2023,JNU,AK,AAL,WE,Towers with Radar,28,11,13,0,52,0,68,4,0,72,28,79,17,0,124,6,0,6,130
04/27/2023,JNU,AK,AAL,WE,Towers with Radar,28,3,14,0,45,0,34,1,0,35,28,37,15,0,80,0,0,0,80
04/28/2023,JNU,AK,AAL,WE,Towers with Radar,23,7,5,0,35,0,197,20,0,217,23,204,25,0,252,8,0,8,260
04/29/2023,JNU,AK,AAL,WE,Towers with Radar,24,16,3,0,43,0,115,39,0,154,24,131,42,0,197,18,0,18,215
04/30/2023,JNU,AK,AAL,WE,Towers with Radar,27,6,10,2,45,0,131,14,2,147,27,137,24,4,192,18,0,18,210
05/01/2023,JNU,AK,AAL,WE,Towers with Radar,26,4,8,0,38,1,252,7,0,260,27,256,15,0,298,42,0,42,340
05/02/2023,JNU,AK,AAL,WE,Towers with Radar,22,3,12,0,37,0,100,1,0,101,22,103,13,0,138,0,0,0,138
05/03/2023,JNU,AK,AAL,WE,Towers with Radar,28,5,1,2,36,0,323,26,0,349,28,328,27,2,385,18,0,18,403
05/04/2023,JNU,AK,AAL,WE,Towers with Radar,26,3,2,0,31,0,265,38,0,303,26,268,40,0,334,20,0,20,354
05/05/2023,JNU,AK,AAL,WE,Towers with Radar,24,4,5,0,33,3,154,24,0,181,27,158,29,0,214,0,0,0,214
05/06/2023,JNU,AK,AAL,WE,Towers with Radar,24,2,2,0,28,1,314,25,2,342,25,316,27,2,370,4,0,4,374
05/07/2023,JNU,AK,AAL,WE,Towers with Radar,25,2,7,0,34,0,190,42,0,232,25,192,49,0,266,0,0,0,266
05/08/2023,JNU,AK,AAL,WE,Towers with Radar,25,1,2,0,28,0,328,30,0,358,25,329,32,0,386,0,0,0,386
05/09/2023,JNU,AK,AAL,WE,Towers with Radar,22,3,4,0,29,0,507,34,0,541,22,510,38,0,570,16,0,16,586
05/10/2023,JNU,AK,AAL,WE,Towers with Radar,26,2,2,1,31,1,360,32,0,393,27,362,34,1,424,14,0,14,438
05/11/2023,JNU,AK,AAL,WE,Towers with Radar,26,8,4,0,38,0,172,25,0,197,26,180,29,0,235,34,2,36,271
05/12/2023,JNU,AK,AAL,WE,Towers with Radar,26,4,11,0,41,1,189,11,0,201,27,193,22,0,242,12,0,12,254
05/13/2023,JNU,AK,AAL,WE,Towers with Radar,26,15,3,0,44,0,227,13,0,240,26,242,16,0,284,0,0,0,284
05/14/2023,JNU,AK,AAL,WE,Towers with Radar,27,2,0,0,29,0,317,26,1,344,27,319,26,1,373,26,0,26,399
05/15/2023,JNU,AK,AAL,WE,Towers with Radar,22,1,3,3,29,2,393,29,0,424,24,394,32,3,453,0,0,0,453
05/16/2023,JNU,AK,AAL,WE,Towers with Radar,30,0,3,1,34,0,609,38,2,649,30,609,41,3,683,19,14,33,716
05/17/2023,JNU,AK,AAL,WE,Towers with Radar,24,4,1,0,29,2,555,38,4,599,26,559,39,4,628,0,0,0,628
05/18/2023,JNU,AK,AAL,WE,Towers with Radar,31,4,2,0,37,0,496,52,0,548,31,500,54,0,585,8,0,8,593
05/19/2023,JNU,AK,AAL,WE,Towers with Radar,31,7,7,0,45,0,419,12,0,431,31,426,19,0,476,6,0,6,482
05/20/2023,JNU,AK,AAL,WE,Towers with Radar,25,13,4,0,42,0,249,20,0,269,25,262,24,0,311,0,0,0,311
05/21/2023,JNU,AK,AAL,WE,Towers with Radar,29,2,6,0,37,0,430,26,2,458,29,432,32,2,495,0,0,0,495
05/22/2023,JNU,AK,AAL,WE,Towers with Radar,25,4,2,2,33,0,460,21,5,486,25,464,23,7,519,32,0,32,551
05/23/2023,JNU,AK,AAL,WE,Towers with Radar,26,5,3,1,35,0,557,40,1,598,26,562,43,2,633,38,0,38,671
05/24/2023,JNU,AK,AAL,WE,Towers with Radar,23,12,8,0,43,0,534,30,1,565,23,546,38,1,608,6,0,6,614
05/25/2023,JNU,AK,AAL,WE,Towers with Radar,32,4,14,0,50,1,418,19,1,439,33,422,33,1,489,24,0,24,513
05/26/2023,JNU,AK,AAL,WE,Towers with Radar,30,4,8,0,42,0,341,26,0,367,30,345,34,0,409,4,0,4,413
05/27/2023,JNU,AK,AAL,WE,Towers with Radar,28,7,18,0,53,0,182,4,0,186,28,189,22,0,239,0,0,0,239
05/28/2023,JNU,AK,AAL,WE,Towers with Radar,28,2,12,0,42,0,120,10,0,130,28,122,22,0,172,0,0,0,172
05/29/2023,JNU,AK,AAL,WE,Towers with Radar,24,5,9,0,38,0,143,13,0,156,24,148,22,0,194,6,0,6,200
05/30/2023,JNU,AK,AAL,WE,Towers with Radar,28,4,19,0,51,0,523,22,1,546,28,527,41,1,597,0,0,0,597
05/31/2023,JNU,AK,AAL,WE,Towers with Radar,28,8,19,0,55,0,404,20,0,424,28,412,39,0,479,58,26,84,563
06/01/2023,JNU,AK,AAL,WE,Towers with Radar,33,4,20,0,57,0,405,32,0,437,33,409,52,0,494,30,0,30,524
06/02/2023,JNU,AK,AAL,WE,Towers with Radar,36,4,8,0,48,0,560,38,2,600,36,564,46,2,648,32,0,32,680
06/03/2023,JNU,AK,AAL,WE,Towers with Radar,31,9,2,0,42,2,443,34,0,479,33,452,36,0,521,0,0,0,521
06/04/2023,JNU,AK,AAL,WE,Towers with Radar,34,4,6,0,44,0,398,24,0,422,34,402,30,0,466,0,0,0,466
06/05/2023,JNU,AK,AAL,WE,Towers with Radar,26,10,13,0,49,0,365,11,2,378,26,375,24,2,427,0,0,0,427
06/06/2023,JNU,AK,AAL,WE,Towers with Radar,34,7,18,0,59,0,110,6,1,117,34,117,24,1,176,0,0,0,176
06/07/2023,JNU,AK,AAL,WE,Towers with Radar,34,3,3,1,41,1,699,38,2,740,35,702,41,3,781,0,0,0,781
06/08/2023,JNU,AK,AAL,WE,Towers with Radar,36,4,6,2,48,1,417,25,0,443,37,421,31,2,491,2,0,2,493
06/09/2023,JNU,AK,AAL,WE,Towers with Radar,35,11,13,1,60,0,478,20,2,500,35,489,33,3,560,0,0,0,560
06/10/2023,JNU,AK,AAL,WE,Towers with Radar,35,9,8,1,53,0,299,18,3,320,35,308,26,4,373,0,0,0,373
06/11/2023,JNU,AK,AAL,WE,Towers with Radar,34,2,10,2,48,0,480,30,0,510,34,482,40,2,558,4,2,6,564
06/12/2023,JNU,AK,AAL,WE,Towers with Radar,31,8,8,1,48,0,446,25,0,471,31,454,33,1,519,0,0,0,519
06/13/2023,JNU,AK,AAL,WE,Towers with Radar,33,5,2,0,40,0,719,38,0,757,33,724,40,0,797,10,0,10,807
06/14/2023,JNU,AK,AAL,WE,Towers with Radar,35,5,9,0,49,0,550,42,0,592,35,555,51,0,641,14,0,14,655
06/15/2023,JNU,AK,AAL,WE,Towers with Radar,37,9,7,2,55,0,334,18,1,353,37,343,25,3,408,8,0,8,416
06/16/2023,JNU,AK,AAL,WE,Towers with Radar,37,3,18,0,58,0,228,10,0,238,37,231,28,0,296,0,0,0,296
06/17/2023,JNU,AK,AAL,WE,Towers with Radar,29,5,6,0,40,1,476,23,0,500,30,481,29,0,540,16,0,16,556
06/18/2023,JNU,AK,AAL,WE,Towers with Radar,32,2,1,0,35,0,450,41,0,491,32,452,42,0,526,7,0,7,533
06/19/2023,JNU,AK,AAL,WE,Towers with Radar,33,4,12,0,49,1,483,29,0,513,34,487,41,0,562,0,0,0,562
06/20/2023,JNU,AK,AAL,WE,Towers with Radar,33,8,3,0,44,0,735,32,0,767,33,743,35,0,811,0,0,0,811
06/21/2023,JNU,AK,AAL,WE,Towers with Radar,33,6,7,0,46,2,618,31,2,653,35,624,38,2,699,4,0,4,703
06/22/2023,JNU,AK,AAL,WE,Towers with Radar,37,13,10,0,60,0,411,24,0,435,37,424,34,0,495,0,0,0,495
06/23/2023,JNU,AK,AAL,WE,Towers with Radar,29,9,9,0,47,2,634,44,4,684,31,643,53,4,731,8,0,8,739
06/24/2023,JNU,AK,AAL,WE,Towers with Radar,33,7,14,1,55,1,337,12,1,351,34,344,26,2,406,0,0,0,406
06/25/2023,JNU,AK,AAL,WE,Towers with Radar,34,4,15,0,53,0,152,14,0,166,34,156,29,0,219,0,0,0,219
06/26/2023,JNU,AK,AAL,WE,Towers with Radar,31,6,14,0,51,0,21,4,2,27,31,27,18,2,78,0,0,0,78
06/27/2023,JNU,AK,AAL,WE,Towers with Radar,37,10,16,0,63,0,300,25,0,325,37,310,41,0,388,2,0,2,390
06/28/2023,JNU,AK,AAL,WE,Towers with Radar,35,9,17,0,61,0,302,8,1,311,35,311,25,1,372,8,0,8,380
06/29/2023,JNU,AK,AAL,WE,Towers with Radar,35,5,9,0,49,0,617,10,0,627,35,622,19,0,676,0,0,0,676
06/30/2023,JNU,AK,AAL,WE,Towers with Radar,37,5,16,0,58,0,553,22,0,575,37,558,38,0,633,18,0,18,651
07/01/2023,JNU,AK,AAL,WE,Towers with Radar,39,14,15,0,68,0,492,25,0,517,39,506,40,0,585,0,0,0,585
07/02/2023,JNU,AK,AAL,WE,Towers with Radar,35,3,10,0,48,1,451,49,0,501,36,454,59,0,549,14,0,14,563
07/03/2023,JNU,AK,AAL,WE,Towers with Radar,33,3,2,0,38,0,633,38,0,671,33,636,40,0,709,0,0,0,709
07/04/2023,JNU,AK,AAL,WE,Towers with Radar,36,2,3,0,41,0,317,34,0,351,36,319,37,0,392,0,0,0,392
07/05/2023,JNU,AK,AAL,WE,Towers with Radar,35,6,11,0,52,1,1166,44,2,1213,36,1172,55,2,1265,0,2,2,1267
07/06/2023,JNU,AK,AAL,WE,Towers with Radar,31,2,8,0,41,0,632,38,0,670,31,634,46,0,711,6,0,6,717
07/07/2023,JNU,AK,AAL,WE,Towers with Radar,35,4,4,0,43,5,646,28,0,679,40,650,32,0,722,12,0,12,734
07/08/2023,JNU,AK,AAL,WE,Towers with Radar,27,4,3,0,34,3,408,36,0,447,30,412,39,0,481,0,0,0,481
07/09/2023,JNU,AK,AAL,WE,Towers with Radar,36,2,7,0,45,1,607,38,0,646,37,609,45,0,691,4,0,4,695
07/10/2023,JNU,AK,AAL,WE,Towers with Radar,36,6,4,0,46,4,525,34,0,563,40,531,38,0,609,0,0,0,609
07/11/2023,JNU,AK,AAL,WE,Towers with Radar,34,5,5,0,44,0,772,33,0,805,34,777,38,0,849,2,0,2,851
07/12/2023,JNU,AK,AAL,WE,Towers with Radar,37,6,3,0,46,0,617,51,0,668,37,623,54,0,714,8,0,8,722
07/13/2023,JNU,AK,AAL,WE,Towers with Radar,34,2,3,0,39,0,511,38,0,549,34,513,41,0,588,2,0,2,590
07/14/2023,JNU,AK,AAL,WE,Towers with Radar,32,4,15,0,51,1,612,43,0,656,33,616,58,0,707,0,0,0,707
07/15/2023,JNU,AK,AAL,WE,Towers with Radar,32,5,8,0,45,2,525,46,0,573,34,530,54,0,618,26,0,26,644
07/16/2023,JNU,AK,AAL,WE,Towers with Radar,29,5,8,0,42,0,447,31,0,478,29,452,39,0,520,0,0,0,520
07/17/2023,JNU,AK,AAL,WE,Towers with Radar,33,5,12,0,50,0,367,22,0,389,33,372,34,0,439,20,0,20,459
07/18/2023,JNU,AK,AAL,WE,Towers with Radar,44,9,8,0,61,0,709,41,0,750,44,718,49,0,811,0,0,0,811
07/19/2023,JNU,AK,AAL,WE,Towers with Radar,40,6,19,0,65,0,216,16,0,232,40,222,35,0,297,0,0,0,297
07/20/2023,JNU,AK,AAL,WE,Towers with Radar,34,3,9,0,46,3,628,39,0,670,37,631,48,0,716,2,0,2,718
07/21/2023,JNU,AK,AAL,WE,Towers with Radar,35,8,7,1,51,1,446,19,1,467,36,454,26,2,518,0,0,0,518
07/22/2023,JNU,AK,AAL,WE,Towers with Radar,30,9,24,0,63,0,288,8,0,296,30,297,32,0,359,0,0,0,359
07/23/2023,JNU,AK,AAL,WE,Towers with Radar,32,12,9,0,53,0,46,0,0,46,32,58,9,0,99,0,0,0,99
07/24/2023,JNU,AK,AAL,WE,Towers with Radar,34,12,12,0,58,1,548,30,0,579,35,560,42,0,637,8,0,8,645
07/25/2023,JNU,AK,AAL,WE,Towers with Radar,37,6,9,0,52,0,755,33,0,788,37,761,42,0,840,0,0,0,840
07/26/2023,JNU,AK,AAL,WE,Towers with Radar,34,6,9,0,49,0,439,28,0,467,34,445,37,0,516,2,0,2,518
07/27/2023,JNU,AK,AAL,WE,Towers with Radar,35,3,10,1,49,2,584,33,1,620,37,587,43,2,669,0,0,0,669
07/28/2023,JNU,AK,AAL,WE,Towers with Radar,37,0,6,0,43,0,688,37,0,725,37,688,43,0,768,18,0,18,786
07/29/2023,JNU,AK,AAL,WE,Towers with Radar,32,6,5,0,43,2,495,46,0,543,34,501,51,0,586,28,0,28,614
07/30/2023,JNU,AK,AAL,WE,Towers with Radar,36,4,7,0,47,0,517,34,0,551,36,521,41,0,598,8,0,8,606
07/31/2023,JNU,AK,AAL,WE,Towers with Radar,31,4,14,0,49,0,351,21,0,372,31,355,35,0,421,0,0,0,421
08/01/2023,JNU,AK,AAL,WE,Towers with Radar,39,7,20,0,66,0,69,3,0,72,39,76,23,0,138,0,0,0,138
08/02/2023,JNU,AK,AAL,WE,Towers with Radar,35,6,6,1,48,1,694,35,0,730,36,700,41,1,778,6,0,6,784
08/03/2023,JNU,AK,AAL,WE,Towers with Radar,38,7,12,0,57,0,540,24,0,564,38,547,36,0,621,0,0,0,621
08/04/2023,JNU,AK,AAL,WE,Towers with Radar,37,5,8,0,50,0,552,32,0,584,37,557,40,0,634,6,0,6,640
08/05/2023,JNU,AK,AAL,WE,Towers with Radar,30,6,11,0,47,0,497,46,0,543,30,503,57,0,590,4,0,4,594
08/06/2023,JNU,AK,AAL,WE,Towers with Radar,32,1,1,0,34,2,586,42,0,630,34,587,43,0,664,0,0,0,664
08/07/2023,JNU,AK,AAL,WE,Towers with Radar,34,2,7,0,43,1,538,15,0,554,35,540,22,0,597,2,0,2,599
08/08/2023,JNU,AK,AAL,WE,Towers with Radar,34,8,10,2,54,1,627,11,0,639,35,635,21,2,693,0,0,0,693
08/09/2023,JNU,AK,AAL,WE,Towers with Radar,38,11,22,0,71,0,518,8,0,526,38,529,30,0,597,0,0,0,597
08/10/2023,JNU,AK,AAL,WE,Towers with Radar,32,5,21,0,58,1,268,3,1,273,33,273,24,1,331,0,0,0,331
08/11/2023,JNU,AK,AAL,WE,Towers with Radar,29,7,11,0,47,1,507,18,2,528,30,514,29,2,575,0,0,0,575
08/12/2023,JNU,AK,AAL,WE,Towers with Radar,30,3,17,0,50,0,28,1,5,34,30,31,18,5,84,0,0,0,84
08/13/2023,JNU,AK,AAL,WE,Towers with Radar,33,6,14,0,53,0,281,14,0,295,33,287,28,0,348,6,0,6,354
08/14/2023,JNU,AK,AAL,WE,Towers with Radar,31,5,11,0,47,0,466,12,0,478,31,471,23,0,525,0,0,0,525
08/15/2023,JNU,AK,AAL,WE,Towers with Radar,33,11,20,0,64,0,185,7,5,197,33,196,27,5,261,0,0,0,261
08/16/2023,JNU,AK,AAL,WE,Towers with Radar,37,14,28,0,79,0,140,12,2,154,37,154,40,2,233,6,0,6,239
08/17/2023,JNU,AK,AAL,WE,Towers with Radar,30,12,19,0,61,1,280,30,0,311,31,292,49,0,372,42,0,42,414
08/18/2023,JNU,AK,AAL,WE,Towers with Radar,32,8,14,2,56,0,511,47,0,558,32,519,61,2,614,6,2,8,622
08/19/2023,JNU,AK,AAL,WE,Towers with Radar,25,6,15,1,47,2,446,37,0,485,27,452,52,1,532,0,0,0,532
08/20/2023,JNU,AK,AAL,WE,Towers with Radar,30,0,9,0,39,0,608,46,0,654,30,608,55,0,693,0,0,0,693
08/21/2023,JNU,AK,AAL,WE,Towers with Radar,31,6,11,0,48,0,511,48,0,559,31,517,59,0,607,10,0,10,617
08/22/2023,JNU,AK,AAL,WE,Towers with Radar,37,8,8,0,53,2,706,27,0,735,39,714,35,0,788,0,0,0,788
08/23/2023,JNU,AK,AAL,WE,Towers with Radar,32,4,13,2,51,0,570,49,0,619,32,574,62,2,670,0,0,0,670
08/24/2023,JNU,AK,AAL,WE,Towers with Radar,30,9,9,0,48,2,506,23,1,532,32,515,32,1,580,2,0,2,582
08/25/2023,JNU,AK,AAL,WE,Towers with Radar,36,3,6,0,45,2,503,33,0,538,38,506,39,0,583,2,0,2,585
08/26/2023,JNU,AK,AAL,WE,Towers with Radar,29,9,16,0,54,2,285,24,0,311,31,294,40,0,365,10,0,10,375
08/27/2023,JNU,AK,AAL,WE,Towers with Radar,32,21,7,0,60,0,393,46,0,439,32,414,53,0,499,0,0,0,499
08/28/2023,JNU,AK,AAL,WE,Towers with Radar,33,16,11,1,61,1,480,42,0,523,34,496,53,1,584,0,12,12,596
08/29/2023,JNU,AK,AAL,WE,Towers with Radar,32,10,8,0,50,1,591,22,3,617,33,601,30,3,667,6,0,6,673
08/30/2023,JNU,AK,AAL,WE,Towers with Radar,35,9,11,0,55,0,382,15,0,397,35,391,26,0,452,8,0,8,460
08/31/2023,JNU,AK,AAL,WE,Towers with Radar,37,13,10,0,60,0,359,31,0,390,37,372,41,0,450,16,0,16,466
