06/01/2001,JQF,NC,ASO,ES,Federal Contract Tower,0,21,52,0,73,0,4,6,0,10,0,25,58,0,83,8,0,8,91
06/02/2001,JQF,NC,ASO,ES,Federal Contract Tower,0,16,49,0,65,0,0,103,0,103,0,16,152,0,168,68,0,68,236
06/03/2001,JQF,NC,ASO,ES,Federal Contract Tower,0,22,54,0,76,0,0,122,3,125,0,22,176,3,201,52,0,52,253
06/04/2001,JQF,NC,ASO,ES,Federal Contract Tower,0,22,56,0,78,0,3,37,0,40,0,25,93,0,118,18,0,18,136
06/05/2001,JQF,NC,ASO,ES,Federal Contract Tower,0,20,49,0,69,0,12,89,2,103,0,32,138,2,172,14,0,14,186
06/06/2001,JQF,NC,ASO,ES,Federal Contract Tower,0,22,55,0,77,0,0,105,0,105,0,22,160,0,182,70,0,70,252
06/07/2001,JQF,NC,ASO,ES,Federal Contract Tower,0,29,73,0,102,0,23,114,0,137,0,52,187,0,239,26,0,26,265
06/08/2001,JQF,NC,ASO,ES,Federal Contract Tower,0,21,51,0,72,0,1,20,0,21,0,22,71,0,93,0,0,0,93
06/09/2001,JQF,NC,ASO,ES,Federal Contract Tower,0,2,25,0,27,0,0,117,0,117,0,2,142,0,144,28,0,28,172
06/10/2001,JQF,NC,ASO,ES,Federal Contract Tower,0,3,51,0,54,0,0,129,0,129,0,3,180,0,183,22,0,22,205
06/11/2001,JQF,NC,ASO,ES,Federal Contract Tower,0,19,48,0,67,0,11,98,0,109,0,30,146,0,176,38,0,38,214
06/12/2001,JQF,NC,ASO,ES,Federal Contract Tower,0,17,44,0,61,0,5,81,4,90,0,22,125,4,151,50,0,50,201
06/13/2001,JQF,NC,ASO,ES,Federal Contract Tower,0,23,59,0,82,0,9,42,1,52,0,32,101,1,134,20,0,20,154
06/14/2001,JQF,NC,ASO,ES,Federal Contract Tower,0,38,95,0,133,0,13,83,0,96,0,51,178,0,229,0,0,0,229
06/15/2001,JQF,NC,ASO,ES,Federal Contract Tower,0,19,46,0,65,0,2,110,0,112,0,21,156,0,177,18,0,18,195
06/16/2001,JQF,NC,ASO,ES,Federal Contract Tower,0,2,16,0,18,0,0,107,0,107,0,2,123,0,125,36,0,36,161
06/17/2001,JQF,NC,ASO,ES,Federal Contract Tower,0,14,50,0,64,0,0,139,0,139,0,14,189,0,203,26,0,26,229
06/18/2001,JQF,NC,ASO,ES,Federal Contract Tower,0,22,60,0,82,0,0,94,2,96,0,22,154,2,178,48,0,48,226
06/19/2001,JQF,NC,ASO,ES,Federal Contract Tower,0,25,73,0,98,0,0,116,0,116,0,25,189,0,214,52,0,52,266
06/20/2001,JQF,NC,ASO,ES,Federal Contract Tower,0,24,68,0,92,0,0,97,1,98,0,24,165,1,190,32,0,32,222
06/21/2001,JQF,NC,ASO,ES,Federal Contract Tower,0,26,69,0,95,0,4,121,0,125,0,30,190,0,220,64,0,64,284
06/22/2001,JQF,NC,ASO,ES,Federal Contract Tower,0,15,41,0,56,0,9,44,1,54,0,24,85,1,110,32,0,32,142
06/23/2001,JQF,NC,ASO,ES,Federal Contract Tower,0,1,23,0,24,0,0,98,0,98,0,1,121,0,122,86,0,86,208
06/24/2001,JQF,NC,ASO,ES,Federal Contract Tower,0,1,31,0,32,0,0,95,0,95,0,1,126,0,127,74,0,74,201
06/25/2001,JQF,NC,ASO,ES,Federal Contract Tower,0,15,40,0,55,0,6,60,0,66,0,21,100,0,121,40,0,40,161
06/26/2001,JQF,NC,ASO,ES,Federal Contract Tower,0,27,77,0,104,0,0,52,0,52,0,27,129,0,156,18,0,18,174
06/27/2001,JQF,NC,ASO,ES,Federal Contract Tower,0,22,67,0,89,0,0,66,0,66,0,22,133,0,155,56,0,56,211
06/28/2001,JQF,NC,ASO,ES,Federal Contract Tower,0,19,50,0,69,0,10,71,0,81,0,29,121,0,150,32,0,32,182
06/29/2001,JQF,NC,ASO,ES,Federal Contract Tower,0,22,57,0,79,0,0,75,2,77,0,22,132,2,156,66,2,68,224
06/30/2001,JQF,NC,ASO,ES,Federal Contract Tower,0,0,25,0,25,0,0,87,0,87,0,0,112,0,112,92,0,92,204
07/01/2001,JQF,NC,ASO,ES,Federal Contract Tower,0,0,29,0,29,0,0,99,0,99,0,0,128,0,128,68,0,68,196
07/02/2001,JQF,NC,ASO,ES,Federal Contract Tower,0,17,39,0,56,0,7,67,0,74,0,24,106,0,130,32,0,32,162
07/03/2001,JQF,NC,ASO,ES,Federal Contract Tower,0,27,65,0,92,0,0,23,2,25,0,27,88,2,117,20,0,20,137
07/04/2001,JQF,NC,ASO,ES,Federal Contract Tower,0,13,29,0,42,0,0,27,0,27,0,13,56,0,69,18,0,18,87
07/05/2001,JQF,NC,ASO,ES,Federal Contract Tower,0,23,53,0,76,0,12,57,0,69,0,35,110,0,145,28,0,28,173
07/06/2001,JQF,NC,ASO,ES,Federal Contract Tower,0,19,44,0,63,0,12,104,3,119,0,31,148,3,182,38,0,38,220
07/07/2001,JQF,NC,ASO,ES,Federal Contract Tower,0,8,36,0,44,0,0,169,0,169,0,8,205,0,213,78,0,78,291
07/08/2001,JQF,NC,ASO,ES,Federal Contract Tower,0,20,49,0,69,0,0,52,0,52,0,20,101,0,121,12,0,12,133
07/09/2001,JQF,NC,ASO,ES,Federal Contract Tower,0,20,47,0,67,0,1,75,0,76,0,21,122,0,143,78,0,78,221
07/10/2001,JQF,NC,ASO,ES,Federal Contract Tower,0,22,53,0,75,0,0,174,0,174,0,22,227,0,249,72,0,72,321
07/11/2001,JQF,NC,ASO,ES,Federal Contract Tower,0,27,63,0,90,0,10,110,0,120,0,37,173,0,210,4,0,4,214
07/12/2001,JQF,NC,ASO,ES,Federal Contract Tower,0,27,63,0,90,0,30,134,0,164,0,57,197,0,254,54,0,54,308
07/13/2001,JQF,NC,ASO,ES,Federal Contract Tower,0,21,49,0,70,0,4,121,0,125,0,25,170,0,195,80,0,80,275
07/14/2001,JQF,NC,ASO,ES,Federal Contract Tower,0,3,22,0,25,0,0,182,0,182,0,3,204,0,207,126,0,126,333
07/15/2001,JQF,NC,ASO,ES,Federal Contract Tower,0,16,41,0,57,0,0,134,0,134,0,16,175,0,191,48,0,48,239
07/16/2001,JQF,NC,ASO,ES,Federal Contract Tower,0,17,43,0,60,0,9,108,0,117,0,26,151,0,177,22,0,22,199
07/17/2001,JQF,NC,ASO,ES,Federal Contract Tower,0,28,69,0,97,0,10,79,0,89,0,38,148,0,186,14,0,14,200
07/18/2001,JQF,NC,ASO,ES,Federal Contract Tower,0,30,85,0,115,0,0,105,0,105,0,30,190,0,220,26,0,26,246
07/19/2001,JQF,NC,ASO,ES,Federal Contract Tower,0,40,97,0,137,0,1,76,2,79,0,41,173,2,216,16,0,16,232
07/20/2001,JQF,NC,ASO,ES,Federal Contract Tower,0,24,60,0,84,0,5,99,0,104,0,29,159,0,188,92,0,92,280
07/21/2001,JQF,NC,ASO,ES,Federal Contract Tower,0,7,18,0,25,0,22,151,0,173,0,29,169,0,198,80,0,80,278
07/22/2001,JQF,NC,ASO,ES,Federal Contract Tower,0,7,40,0,47,0,0,156,0,156,0,7,196,0,203,92,0,92,295
07/23/2001,JQF,NC,ASO,ES,Federal Contract Tower,0,24,60,0,84,0,3,37,2,42,0,27,97,2,126,8,0,8,134
07/24/2001,JQF,NC,ASO,ES,Federal Contract Tower,0,33,82,0,115,0,16,34,0,50,0,49,116,0,165,0,0,0,165
07/25/2001,JQF,NC,ASO,ES,Federal Contract Tower,0,24,59,0,83,0,10,13,0,23,0,34,72,0,106,0,0,0,106
07/26/2001,JQF,NC,ASO,ES,Federal Contract Tower,0,31,76,0,107,0,4,70,0,74,0,35,146,0,181,0,0,0,181
07/27/2001,JQF,NC,ASO,ES,Federal Contract Tower,0,22,56,0,78,0,2,9,0,11,0,24,65,0,89,0,0,0,89
07/28/2001,JQF,NC,ASO,ES,Federal Contract Tower,0,1,19,0,20,0,0,56,0,56,0,1,75,0,76,16,0,16,92
07/29/2001,JQF,NC,ASO,ES,Federal Contract Tower,0,17,51,0,68,0,0,9,0,9,0,17,60,0,77,0,0,0,77
07/30/2001,JQF,NC,ASO,ES,Federal Contract Tower,0,22,55,0,77,0,7,69,0,76,0,29,124,0,153,42,0,42,195
07/31/2001,JQF,NC,ASO,ES,Federal Contract Tower,0,31,76,0,107,0,1,91,0,92,0,32,167,0,199,50,0,50,249
08/01/2001,JQF,NC,ASO,ES,Federal Contract Tower,0,31,86,0,117,0,2,118,0,120,0,33,204,0,237,72,0,72,309
08/02/2001,JQF,NC,ASO,ES,Federal Contract Tower,0,29,82,0,111,0,18,138,4,160,0,47,220,4,271,10,0,10,281
08/03/2001,JQF,NC,ASO,ES,Federal Contract Tower,0,22,58,0,80,0,7,105,0,112,0,29,163,0,192,62,0,62,254
08/04/2001,JQF,NC,ASO,ES,Federal Contract Tower,0,3,21,0,24,0,0,62,2,64,0,3,83,2,88,100,0,100,188
08/05/2001,JQF,NC,ASO,ES,Federal Contract Tower,0,7,57,0,64,0,0,83,0,83,0,7,140,0,147,20,0,20,167
08/06/2001,JQF,NC,ASO,ES,Federal Contract Tower,0,15,39,0,54,0,15,67,0,82,0,30,106,0,136,64,0,64,200
08/07/2001,JQF,NC,ASO,ES,Federal Contract Tower,0,19,50,0,69,0,18,125,0,143,0,37,175,0,212,58,0,58,270
08/08/2001,JQF,NC,ASO,ES,Federal Contract Tower,0,25,67,0,92,0,10,87,0,97,0,35,154,0,189,26,0,26,215
08/09/2001,JQF,NC,ASO,ES,Federal Contract Tower,0,33,89,0,122,0,16,74,0,90,0,49,163,0,212,8,0,8,220
08/10/2001,JQF,NC,ASO,ES,Federal Contract Tower,0,21,56,0,77,0,12,85,0,97,0,33,141,0,174,46,0,46,220
08/11/2001,JQF,NC,ASO,ES,Federal Contract Tower,0,3,21,0,24,0,0,99,2,101,0,3,120,2,125,126,0,126,251
08/12/2001,JQF,NC,ASO,ES,Federal Contract Tower,0,12,52,0,64,0,0,71,0,71,0,12,123,0,135,58,0,58,193
08/13/2001,JQF,NC,ASO,ES,Federal Contract Tower,0,18,48,0,66,0,15,30,0,45,0,33,78,0,111,22,0,22,133
08/14/2001,JQF,NC,ASO,ES,Federal Contract Tower,0,22,58,0,80,0,10,114,1,125,0,32,172,1,205,64,0,64,269
08/15/2001,JQF,NC,ASO,ES,Federal Contract Tower,0,24,67,0,91,0,5,56,0,61,0,29,123,0,152,12,0,12,164
08/16/2001,JQF,NC,ASO,ES,Federal Contract Tower,0,31,85,1,117,0,27,110,0,137,0,58,195,1,254,78,0,78,332
08/17/2001,JQF,NC,ASO,ES,Federal Contract Tower,0,23,66,1,90,0,0,58,2,60,0,23,124,3,150,0,0,0,150
08/18/2001,JQF,NC,ASO,ES,Federal Contract Tower,0,9,46,0,55,0,0,25,0,25,0,9,71,0,80,0,0,0,80
08/19/2001,JQF,NC,ASO,ES,Federal Contract Tower,0,10,43,0,53,0,0,55,0,55,0,10,98,0,108,30,0,30,138
08/20/2001,JQF,NC,ASO,ES,Federal Contract Tower,0,16,46,0,62,0,3,82,0,85,0,19,128,0,147,8,0,8,155
08/21/2001,JQF,NC,ASO,ES,Federal Contract Tower,0,21,60,0,81,0,17,122,0,139,0,38,182,0,220,138,0,138,358
08/22/2001,JQF,NC,ASO,ES,Federal Contract Tower,0,20,58,0,78,0,9,105,2,116,0,29,163,2,194,22,0,22,216
08/23/2001,JQF,NC,ASO,ES,Federal Contract Tower,0,23,66,0,89,0,6,94,0,100,0,29,160,0,189,42,0,42,231
08/24/2001,JQF,NC,ASO,ES,Federal Contract Tower,0,19,55,0,74,0,8,89,3,100,0,27,144,3,174,0,0,0,174
08/25/2001,JQF,NC,ASO,ES,Federal Contract Tower,0,1,27,0,28,0,0,124,0,124,0,1,151,0,152,48,0,48,200
08/26/2001,JQF,NC,ASO,ES,Federal Contract Tower,0,1,34,0,35,0,0,101,0,101,0,1,135,0,136,22,0,22,158
08/27/2001,JQF,NC,ASO,ES,Federal Contract Tower,0,19,54,0,73,0,9,65,2,76,0,28,119,2,149,32,0,32,181
08/28/2001,JQF,NC,ASO,ES,Federal Contract Tower,0,31,88,0,119,0,1,98,0,99,0,32,186,0,218,6,0,6,224
08/29/2001,JQF,NC,ASO,ES,Federal Contract Tower,0,22,61,0,83,0,10,100,0,110,0,32,161,0,193,32,0,32,225
08/30/2001,JQF,NC,ASO,ES,Federal Contract Tower,0,24,69,0,93,0,13,58,0,71,0,37,127,0,164,36,0,36,200
08/31/2001,JQF,NC,ASO,ES,Federal Contract Tower,0,17,48,0,65,0,5,63,0,68,0,22,111,0,133,18,0,18,151
09/01/2001,JQF,NC,ASO,ES,Federal Contract Tower,0,1,21,0,22,0,0,33,0,33,0,1,54,0,55,20,0,20,75
09/02/2001,JQF,NC,ASO,ES,Federal Contract Tower,0,2,18,0,20,0,0,45,0,45,0,2,63,0,65,0,0,0,65
09/03/2001,JQF,NC,ASO,ES,Federal Contract Tower,0,2,35,0,37,0,0,21,0,21,0,2,56,0,58,0,0,0,58
09/04/2001,JQF,NC,ASO,ES,Federal Contract Tower,0,24,55,0,79,0,5,0,0,5,0,29,55,0,84,0,0,0,84
09/05/2001,JQF,NC,ASO,ES,Federal Contract Tower,0,31,83,0,114,0,0,74,0,74,0,31,157,0,188,40,0,40,228
09/06/2001,JQF,NC,ASO,ES,Federal Contract Tower,0,36,98,0,134,0,0,74,0,74,0,36,172,0,208,6,0,6,214
09/07/2001,JQF,NC,ASO,ES,Federal Contract Tower,0,21,50,0,71,0,3,121,0,124,0,24,171,0,195,82,0,82,277
09/08/2001,JQF,NC,ASO,ES,Federal Contract Tower,0,4,24,0,28,0,0,106,0,106,0,4,130,0,134,70,0,70,204
09/09/2001,JQF,NC,ASO,ES,Federal Contract Tower,0,4,35,0,39,0,0,31,0,31,0,4,66,0,70,18,0,18,88
09/10/2001,JQF,NC,ASO,ES,Federal Contract Tower,0,19,46,0,65,0,4,47,0,51,0,23,93,0,116,44,0,44,160
09/11/2001,JQF,NC,ASO,ES,Federal Contract Tower,0,0,12,0,12,0,0,6,0,6,0,0,18,0,18,0,0,0,18
09/12/2001,JQF,NC,ASO,ES,Federal Contract Tower,0,0,2,0,2,0,0,1,0,1,0,0,3,0,3,0,0,0,3
09/13/2001,JQF,NC,ASO,ES,Federal Contract Tower,0,2,1,0,3,0,3,0,0,3,0,5,1,0,6,0,0,0,6
09/14/2001,JQF,NC,ASO,ES,Federal Contract Tower,0,15,12,0,27,0,27,0,0,27,0,42,12,0,54,0,0,0,54
09/15/2001,JQF,NC,ASO,ES,Federal Contract Tower,0,5,18,0,23,0,0,3,0,3,0,5,21,0,26,0,0,0,26
09/16/2001,JQF,NC,ASO,ES,Federal Contract Tower,0,2,21,0,23,0,0,6,0,6,0,2,27,0,29,0,0,0,29
09/17/2001,JQF,NC,ASO,ES,Federal Contract Tower,0,25,48,0,73,0,16,0,0,16,0,41,48,0,89,0,0,0,89
09/18/2001,JQF,NC,ASO,ES,Federal Contract Tower,0,36,74,0,110,0,16,0,2,18,0,52,74,2,128,4,0,4,132
09/19/2001,JQF,NC,ASO,ES,Federal Contract Tower,0,37,96,0,133,0,0,2,0,2,0,37,98,0,135,0,0,0,135
09/20/2001,JQF,NC,ASO,ES,Federal Contract Tower,0,42,77,0,119,0,26,0,0,26,0,68,77,0,145,0,0,0,145
09/21/2001,JQF,NC,ASO,ES,Federal Contract Tower,0,27,59,0,86,0,9,0,0,9,0,36,59,0,95,0,0,0,95
09/22/2001,JQF,NC,ASO,ES,Federal Contract Tower,0,6,43,0,49,0,0,21,0,21,0,6,64,0,70,0,0,0,70
09/23/2001,JQF,NC,ASO,ES,Federal Contract Tower,0,13,54,0,67,0,0,19,0,19,0,13,73,0,86,18,0,18,104
09/24/2001,JQF,NC,ASO,ES,Federal Contract Tower,0,21,35,0,56,0,20,0,0,20,0,41,35,0,76,0,0,0,76
09/25/2001,JQF,NC,ASO,ES,Federal Contract Tower,0,0,0,0,0,0,0,0,0,0,0,0,0,0,0,0,0,0,0
09/26/2001,JQF,NC,ASO,ES,Federal Contract Tower,0,42,105,0,147,0,6,22,0,28,0,48,127,0,175,14,0,14,189
09/27/2001,JQF,NC,ASO,ES,Federal Contract Tower,0,37,103,0,140,0,0,66,0,66,0,37,169,0,206,6,0,6,212
09/28/2001,JQF,NC,ASO,ES,Federal Contract Tower,0,30,76,0,106,0,5,61,0,66,0,35,137,0,172,0,0,0,172
09/29/2001,JQF,NC,ASO,ES,Federal Contract Tower,0,6,28,0,34,0,0,56,0,56,0,6,84,0,90,10,0,10,100
09/30/2001,JQF,NC,ASO,ES,Federal Contract Tower,0,15,67,0,82,0,0,31,0,31,0,15,98,0,113,18,0,18,131
10/01/2001,JQF,NC,ASO,ES,Federal Contract Tower,0,24,66,0,90,0,16,48,0,64,0,40,114,0,154,30,0,30,184
10/02/2001,JQF,NC,ASO,ES,Federal Contract Tower,0,26,74,0,100,0,17,17,0,34,0,43,91,0,134,8,0,8,142
10/03/2001,JQF,NC,ASO,ES,Federal Contract Tower,0,29,83,0,112,0,18,45,0,63,0,47,128,0,175,60,0,60,235
10/04/2001,JQF,NC,ASO,ES,Federal Contract Tower,0,40,113,0,153,0,9,55,0,64,0,49,168,0,217,0,0,0,217
10/05/2001,JQF,NC,ASO,ES,Federal Contract Tower,0,39,109,0,148,0,10,73,0,83,0,49,182,0,231,0,0,0,231
10/06/2001,JQF,NC,ASO,ES,Federal Contract Tower,0,14,52,0,66,0,0,24,0,24,0,14,76,0,90,0,0,0,90
10/07/2001,JQF,NC,ASO,ES,Federal Contract Tower,0,56,157,0,213,0,102,77,0,179,0,158,234,0,392,0,0,0,392
10/08/2001,JQF,NC,ASO,ES,Federal Contract Tower,0,14,62,0,76,0,0,69,0,69,0,14,131,0,145,12,0,12,157
10/09/2001,JQF,NC,ASO,ES,Federal Contract Tower,0,34,97,0,131,0,6,47,0,53,0,40,144,0,184,88,0,88,272
10/10/2001,JQF,NC,ASO,ES,Federal Contract Tower,0,28,78,0,106,0,8,35,0,43,0,36,113,0,149,10,0,10,159
10/11/2001,JQF,NC,ASO,ES,Federal Contract Tower,0,33,93,0,126,0,1,49,0,50,0,34,142,0,176,30,0,30,206
10/12/2001,JQF,NC,ASO,ES,Federal Contract Tower,0,31,88,0,119,0,10,42,0,52,0,41,130,0,171,26,0,26,197
10/13/2001,JQF,NC,ASO,ES,Federal Contract Tower,0,4,47,0,51,0,0,69,0,69,0,4,116,0,120,54,0,54,174
10/14/2001,JQF,NC,ASO,ES,Federal Contract Tower,0,10,37,0,47,0,0,8,0,8,0,10,45,0,55,14,0,14,69
10/15/2001,JQF,NC,ASO,ES,Federal Contract Tower,0,28,80,0,108,0,10,52,0,62,0,38,132,0,170,12,0,12,182
10/16/2001,JQF,NC,ASO,ES,Federal Contract Tower,0,24,66,0,90,0,12,30,0,42,0,36,96,0,132,8,0,8,140
10/17/2001,JQF,NC,ASO,ES,Federal Contract Tower,0,28,81,0,109,0,11,58,0,69,0,39,139,0,178,56,0,56,234
10/18/2001,JQF,NC,ASO,ES,Federal Contract Tower,0,34,100,0,134,0,7,92,0,99,0,41,192,0,233,32,0,32,265
10/19/2001,JQF,NC,ASO,ES,Federal Contract Tower,0,24,70,0,94,0,10,122,0,132,0,34,192,0,226,28,0,28,254
10/20/2001,JQF,NC,ASO,ES,Federal Contract Tower,0,0,31,0,31,0,0,117,0,117,0,0,148,0,148,78,0,78,226
10/21/2001,JQF,NC,ASO,ES,Federal Contract Tower,0,13,55,0,68,0,0,105,0,105,0,13,160,0,173,48,0,48,221
10/22/2001,JQF,NC,ASO,ES,Federal Contract Tower,0,24,72,0,96,0,11,88,0,99,0,35,160,0,195,48,0,48,243
10/23/2001,JQF,NC,ASO,ES,Federal Contract Tower,0,26,75,0,101,0,5,87,0,92,0,31,162,0,193,32,0,32,225
10/24/2001,JQF,NC,ASO,ES,Federal Contract Tower,0,25,73,0,98,0,11,69,0,80,0,36,142,0,178,58,0,58,236
10/25/2001,JQF,NC,ASO,ES,Federal Contract Tower,0,20,60,0,80,0,10,62,0,72,0,30,122,0,152,4,0,4,156
10/26/2001,JQF,NC,ASO,ES,Federal Contract Tower,0,20,61,0,81,0,19,49,0,68,0,39,110,0,149,6,0,6,155
10/27/2001,JQF,NC,ASO,ES,Federal Contract Tower,0,0,24,0,24,0,0,86,0,86,0,0,110,0,110,0,0,0,110
10/28/2001,JQF,NC,ASO,ES,Federal Contract Tower,0,1,28,0,29,0,0,91,0,91,0,1,119,0,120,20,0,20,140
10/29/2001,JQF,NC,ASO,ES,Federal Contract Tower,0,17,51,0,68,0,14,47,0,61,0,31,98,0,129,8,0,8,137
10/30/2001,JQF,NC,ASO,ES,Federal Contract Tower,0,31,90,0,121,0,6,101,0,107,0,37,191,0,228,20,0,20,248
10/31/2001,JQF,NC,ASO,ES,Federal Contract Tower,0,34,101,0,135,0,16,83,0,99,0,50,184,0,234,16,0,16,250
11/01/2001,JQF,NC,ASO,ES,Federal Contract Tower,0,37,100,0,137,0,0,103,0,103,0,37,203,0,240,26,0,26,266
11/02/2001,JQF,NC,ASO,ES,Federal Contract Tower,0,37,91,0,128,0,2,52,0,54,0,39,143,0,182,4,0,4,186
11/03/2001,JQF,NC,ASO,ES,Federal Contract Tower,0,5,30,0,35,0,0,7,0,7,0,5,37,0,42,14,0,14,56
11/04/2001,JQF,NC,ASO,ES,Federal Contract Tower,0,2,40,0,42,0,0,109,2,111,0,2,149,2,153,18,0,18,171
11/05/2001,JQF,NC,ASO,ES,Federal Contract Tower,0,25,62,0,87,0,9,77,0,86,0,34,139,0,173,34,0,34,207
11/06/2001,JQF,NC,ASO,ES,Federal Contract Tower,0,29,73,0,102,0,12,87,0,99,0,41,160,0,201,38,0,38,239
11/07/2001,JQF,NC,ASO,ES,Federal Contract Tower,0,30,73,0,103,0,11,113,4,128,0,41,186,4,231,50,0,50,281
11/08/2001,JQF,NC,ASO,ES,Federal Contract Tower,0,37,92,0,129,0,1,113,0,114,0,38,205,0,243,2,0,2,245
11/09/2001,JQF,NC,ASO,ES,Federal Contract Tower,0,22,53,0,75,0,11,92,0,103,0,33,145,0,178,2,0,2,180
11/10/2001,JQF,NC,ASO,ES,Federal Contract Tower,0,3,31,0,34,0,0,90,4,94,0,3,121,4,128,24,0,24,152
11/11/2001,JQF,NC,ASO,ES,Federal Contract Tower,0,7,53,0,60,0,0,116,0,116,0,7,169,0,176,22,0,22,198
11/12/2001,JQF,NC,ASO,ES,Federal Contract Tower,0,7,44,0,51,0,0,71,0,71,0,7,115,0,122,20,0,20,142
11/13/2001,JQF,NC,ASO,ES,Federal Contract Tower,0,27,69,0,96,0,11,63,0,74,0,38,132,0,170,16,0,16,186
11/14/2001,JQF,NC,ASO,ES,Federal Contract Tower,0,35,90,0,125,0,4,79,0,83,0,39,169,0,208,0,0,0,208
11/15/2001,JQF,NC,ASO,ES,Federal Contract Tower,0,33,85,0,118,0,20,101,1,122,0,53,186,1,240,36,0,36,276
11/16/2001,JQF,NC,ASO,ES,Federal Contract Tower,0,24,62,0,86,0,18,82,0,100,0,42,144,0,186,20,0,20,206
11/17/2001,JQF,NC,ASO,ES,Federal Contract Tower,0,6,16,0,22,0,3,101,0,104,0,9,117,0,126,66,0,66,192
11/18/2001,JQF,NC,ASO,ES,Federal Contract Tower,0,13,46,0,59,0,0,74,0,74,0,13,120,0,133,4,0,4,137
11/19/2001,JQF,NC,ASO,ES,Federal Contract Tower,0,19,51,0,70,0,28,54,0,82,0,47,105,0,152,22,0,22,174
11/20/2001,JQF,NC,ASO,ES,Federal Contract Tower,0,23,62,0,85,0,18,67,0,85,0,41,129,0,170,50,0,50,220
11/21/2001,JQF,NC,ASO,ES,Federal Contract Tower,0,23,59,0,82,0,12,43,0,55,0,35,102,0,137,10,0,10,147
11/22/2001,JQF,NC,ASO,ES,Federal Contract Tower,0,2,36,0,38,0,0,35,0,35,0,2,71,0,73,0,0,0,73
11/23/2001,JQF,NC,ASO,ES,Federal Contract Tower,0,30,79,0,109,0,14,63,0,77,0,44,142,0,186,62,0,62,248
11/24/2001,JQF,NC,ASO,ES,Federal Contract Tower,0,2,23,0,25,0,0,7,0,7,0,2,30,0,32,8,0,8,40
11/25/2001,JQF,NC,ASO,ES,Federal Contract Tower,0,0,39,0,39,0,0,29,0,29,0,0,68,0,68,24,0,24,92
11/26/2001,JQF,NC,ASO,ES,Federal Contract Tower,0,19,50,0,69,0,18,28,0,46,0,37,78,0,115,26,0,26,141
11/27/2001,JQF,NC,ASO,ES,Federal Contract Tower,0,26,69,0,95,0,6,62,0,68,0,32,131,0,163,26,0,26,189
11/28/2001,JQF,NC,ASO,ES,Federal Contract Tower,0,24,62,0,86,0,15,51,0,66,0,39,113,0,152,58,0,58,210
11/29/2001,JQF,NC,ASO,ES,Federal Contract Tower,0,27,71,0,98,0,15,38,0,53,0,42,109,0,151,32,0,32,183
11/30/2001,JQF,NC,ASO,ES,Federal Contract Tower,0,25,67,0,92,0,8,9,0,17,0,33,76,0,109,0,0,0,109
12/01/2001,JQF,NC,ASO,ES,Federal Contract Tower,0,0,34,0,34,0,0,84,0,84,0,0,118,0,118,0,0,0,118
12/02/2001,JQF,NC,ASO,ES,Federal Contract Tower,0,1,21,0,22,0,0,97,0,97,0,1,118,0,119,64,0,64,183
12/03/2001,JQF,NC,ASO,ES,Federal Contract Tower,0,24,48,0,72,0,14,66,0,80,0,38,114,0,152,24,0,24,176
12/04/2001,JQF,NC,ASO,ES,Federal Contract Tower,0,29,58,0,87,0,1,76,0,77,0,30,134,0,164,44,0,44,208
12/05/2001,JQF,NC,ASO,ES,Federal Contract Tower,0,35,70,0,105,0,6,138,0,144,0,41,208,0,249,50,0,50,299
12/06/2001,JQF,NC,ASO,ES,Federal Contract Tower,0,33,66,0,99,0,1,89,0,90,0,34,155,0,189,32,0,32,221
12/07/2001,JQF,NC,ASO,ES,Federal Contract Tower,0,28,55,0,83,0,7,120,0,127,0,35,175,0,210,54,0,54,264
12/08/2001,JQF,NC,ASO,ES,Federal Contract Tower,0,5,22,0,27,0,0,67,0,67,0,5,89,0,94,72,0,72,166
12/09/2001,JQF,NC,ASO,ES,Federal Contract Tower,0,5,24,0,29,0,0,68,0,68,0,5,92,0,97,54,0,54,151
12/10/2001,JQF,NC,ASO,ES,Federal Contract Tower,0,28,53,0,81,0,10,0,0,10,0,38,53,0,91,4,0,4,95
12/11/2001,JQF,NC,ASO,ES,Federal Contract Tower,0,34,69,0,103,0,6,10,0,16,0,40,79,0,119,4,0,4,123
12/12/2001,JQF,NC,ASO,ES,Federal Contract Tower,0,30,63,0,93,0,2,1,0,3,0,32,64,0,96,0,0,0,96
12/13/2001,JQF,NC,ASO,ES,Federal Contract Tower,0,25,51,0,76,0,1,0,0,1,0,26,51,0,77,0,0,0,77
12/14/2001,JQF,NC,ASO,ES,Federal Contract Tower,0,31,60,1,92,0,6,0,1,7,0,37,60,2,99,0,0,0,99
12/15/2001,JQF,NC,ASO,ES,Federal Contract Tower,0,1,18,0,19,0,0,152,0,152,0,1,170,0,171,60,0,60,231
12/16/2001,JQF,NC,ASO,ES,Federal Contract Tower,0,9,26,0,35,0,0,91,0,91,0,9,117,0,126,84,0,84,210
12/17/2001,JQF,NC,ASO,ES,Federal Contract Tower,0,4,66,0,70,0,0,59,0,59,0,4,125,0,129,50,0,50,179
12/18/2001,JQF,NC,ASO,ES,Federal Contract Tower,0,25,53,0,78,0,14,73,0,87,0,39,126,0,165,12,0,12,177
12/19/2001,JQF,NC,ASO,ES,Federal Contract Tower,0,29,62,0,91,0,5,100,2,107,0,34,162,2,198,24,0,24,222
12/20/2001,JQF,NC,ASO,ES,Federal Contract Tower,0,24,50,0,74,0,10,86,2,98,0,34,136,2,172,20,0,20,192
12/21/2001,JQF,NC,ASO,ES,Federal Contract Tower,0,24,50,0,74,0,12,108,2,122,0,36,158,2,196,64,0,64,260
12/22/2001,JQF,NC,ASO,ES,Federal Contract Tower,0,0,22,0,22,0,0,127,0,127,0,0,149,0,149,98,0,98,247
12/23/2001,JQF,NC,ASO,ES,Federal Contract Tower,0,4,22,0,26,0,0,16,0,16,0,4,38,0,42,22,0,22,64
12/24/2001,JQF,NC,ASO,ES,Federal Contract Tower,0,11,25,0,36,0,18,18,0,36,0,29,43,0,72,0,0,0,72
12/25/2001,JQF,NC,ASO,ES,Federal Contract Tower,0,2,7,0,9,0,0,26,0,26,0,2,33,0,35,8,0,8,43
12/26/2001,JQF,NC,ASO,ES,Federal Contract Tower,0,17,37,0,54,0,20,77,0,97,0,37,114,0,151,100,0,100,251
12/27/2001,JQF,NC,ASO,ES,Federal Contract Tower,0,18,39,0,57,0,14,74,0,88,0,32,113,0,145,60,0,60,205
12/28/2001,JQF,NC,ASO,ES,Federal Contract Tower,0,17,35,0,52,0,12,73,0,85,0,29,108,0,137,28,0,28,165
12/29/2001,JQF,NC,ASO,ES,Federal Contract Tower,0,0,15,0,15,0,0,78,0,78,0,0,93,0,93,76,0,76,169
12/30/2001,JQF,NC,ASO,ES,Federal Contract Tower,0,4,18,0,22,0,0,105,0,105,0,4,123,0,127,34,0,34,161
12/31/2001,JQF,NC,ASO,ES,Federal Contract Tower,0,13,29,0,42,0,20,57,0,77,0,33,86,0,119,24,0,24,143
01/01/2002,JQF,NC,ASO,ES,Federal Contract Tower,0,4,14,0,18,0,0,104,0,104,0,4,118,0,122,34,0,34,156
01/02/2002,JQF,NC,ASO,ES,Federal Contract Tower,0,20,37,0,57,0,6,25,0,31,0,26,62,0,88,8,0,8,96
01/03/2002,JQF,NC,ASO,ES,Federal Contract Tower,0,9,10,0,19,0,4,0,0,4,0,13,10,0,23,0,0,0,23
01/04/2002,JQF,NC,ASO,ES,Federal Contract Tower,0,16,29,0,45,0,7,27,0,34,0,23,56,0,79,2,0,2,81
01/05/2002,JQF,NC,ASO,ES,Federal Contract Tower,0,2,16,0,18,0,0,89,0,89,0,2,105,0,107,54,0,54,161
01/06/2002,JQF,NC,ASO,ES,Federal Contract Tower,0,2,16,0,18,0,0,6,0,6,0,2,22,0,24,0,0,0,24
01/07/2002,JQF,NC,ASO,ES,Federal Contract Tower,0,19,37,0,56,0,17,23,0,40,0,36,60,0,96,4,0,4,100
01/08/2002,JQF,NC,ASO,ES,Federal Contract Tower,0,23,46,0,69,0,8,60,2,70,0,31,106,2,139,24,0,24,163
01/09/2002,JQF,NC,ASO,ES,Federal Contract Tower,0,30,59,0,89,0,5,90,0,95,0,35,149,0,184,0,0,0,184
01/10/2002,JQF,NC,ASO,ES,Federal Contract Tower,0,25,51,0,76,0,8,80,2,90,0,33,131,2,166,28,0,28,194
01/11/2002,JQF,NC,ASO,ES,Federal Contract Tower,0,19,38,0,57,0,13,55,2,70,0,32,93,2,127,0,0,0,127
01/12/2002,JQF,NC,ASO,ES,Federal Contract Tower,0,0,14,0,14,0,0,105,0,105,0,0,119,0,119,72,0,72,191
01/13/2002,JQF,NC,ASO,ES,Federal Contract Tower,0,4,22,0,26,0,0,100,0,100,0,4,122,0,126,34,0,34,160
01/14/2002,JQF,NC,ASO,ES,Federal Contract Tower,0,25,51,0,76,0,12,52,2,66,0,37,103,2,142,62,2,64,206
01/15/2002,JQF,NC,ASO,ES,Federal Contract Tower,0,23,47,0,70,0,18,45,6,69,0,41,92,6,139,8,0,8,147
01/16/2002,JQF,NC,ASO,ES,Federal Contract Tower,0,23,49,0,72,0,22,87,0,109,0,45,136,0,181,44,0,44,225
01/17/2002,JQF,NC,ASO,ES,Federal Contract Tower,0,34,71,0,105,0,12,94,2,108,0,46,165,2,213,8,0,8,221
01/18/2002,JQF,NC,ASO,ES,Federal Contract Tower,0,30,62,0,92,0,12,100,0,112,0,42,162,0,204,30,0,30,234
01/19/2002,JQF,NC,ASO,ES,Federal Contract Tower,0,0,13,0,13,0,0,6,0,6,0,0,19,0,19,0,0,0,19
01/20/2002,JQF,NC,ASO,ES,Federal Contract Tower,0,2,31,0,33,0,0,107,0,107,0,2,138,0,140,46,0,46,186
01/21/2002,JQF,NC,ASO,ES,Federal Contract Tower,0,4,31,0,35,0,0,29,0,29,0,4,60,0,64,0,0,0,64
01/22/2002,JQF,NC,ASO,ES,Federal Contract Tower,0,27,61,0,88,0,0,94,0,94,0,27,155,0,182,40,0,40,222
01/23/2002,JQF,NC,ASO,ES,Federal Contract Tower,0,34,72,0,106,0,2,3,0,5,0,36,75,0,111,0,0,0,111
01/24/2002,JQF,NC,ASO,ES,Federal Contract Tower,0,29,60,0,89,0,4,14,0,18,0,33,74,0,107,0,0,0,107
01/25/2002,JQF,NC,ASO,ES,Federal Contract Tower,0,24,50,0,74,0,3,87,12,102,0,27,137,12,176,4,0,4,180
01/26/2002,JQF,NC,ASO,ES,Federal Contract Tower,0,4,15,0,19,0,0,111,0,111,0,4,126,0,130,10,0,10,140
01/27/2002,JQF,NC,ASO,ES,Federal Contract Tower,0,4,24,0,28,0,0,106,0,106,0,4,130,0,134,26,0,26,160
01/28/2002,JQF,NC,ASO,ES,Federal Contract Tower,0,19,39,0,58,0,8,85,0,93,0,27,124,0,151,72,0,72,223
01/29/2002,JQF,NC,ASO,ES,Federal Contract Tower,0,23,49,0,72,0,12,92,2,106,0,35,141,2,178,72,0,72,250
01/30/2002,JQF,NC,ASO,ES,Federal Contract Tower,0,24,50,0,74,0,11,55,0,66,0,35,105,0,140,56,0,56,196
01/31/2002,JQF,NC,ASO,ES,Federal Contract Tower,0,29,64,0,93,0,0,33,0,33,0,29,97,0,126,12,0,12,138
02/01/2002,JQF,NC,ASO,ES,Federal Contract Tower,0,21,57,0,78,0,9,3,0,12,0,30,60,0,90,4,0,4,94
02/02/2002,JQF,NC,ASO,ES,Federal Contract Tower,0,0,19,0,19,0,0,109,0,109,0,0,128,0,128,32,0,32,160
02/03/2002,JQF,NC,ASO,ES,Federal Contract Tower,0,2,37,0,39,0,0,56,0,56,0,2,93,0,95,34,0,34,129
02/04/2002,JQF,NC,ASO,ES,Federal Contract Tower,0,16,40,0,56,0,11,55,0,66,0,27,95,0,122,2,0,2,124
02/05/2002,JQF,NC,ASO,ES,Federal Contract Tower,0,22,58,0,80,0,13,102,1,116,0,35,160,1,196,4,0,4,200
02/06/2002,JQF,NC,ASO,ES,Federal Contract Tower,0,24,65,0,89,0,16,14,0,30,0,40,79,0,119,8,0,8,127
02/07/2002,JQF,NC,ASO,ES,Federal Contract Tower,0,18,36,0,54,0,11,0,0,11,0,29,36,0,65,0,0,0,65
02/08/2002,JQF,NC,ASO,ES,Federal Contract Tower,0,24,65,0,89,0,0,113,0,113,0,24,178,0,202,16,0,16,218
02/09/2002,JQF,NC,ASO,ES,Federal Contract Tower,0,0,17,0,17,0,0,144,0,144,0,0,161,0,161,52,0,52,213
02/10/2002,JQF,NC,ASO,ES,Federal Contract Tower,0,8,46,0,54,0,0,9,0,9,0,8,55,0,63,0,0,0,63
02/11/2002,JQF,NC,ASO,ES,Federal Contract Tower,0,15,40,0,55,0,16,74,4,94,0,31,114,4,149,16,0,16,165
02/12/2002,JQF,NC,ASO,ES,Federal Contract Tower,0,24,64,0,88,0,12,70,0,82,0,36,134,0,170,40,0,40,210
02/13/2002,JQF,NC,ASO,ES,Federal Contract Tower,0,22,57,0,79,0,8,63,2,73,0,30,120,2,152,4,0,4,156
02/14/2002,JQF,NC,ASO,ES,Federal Contract Tower,0,18,49,0,67,0,13,94,0,107,0,31,143,0,174,14,0,14,188
02/15/2002,JQF,NC,ASO,ES,Federal Contract Tower,0,16,44,0,60,0,10,86,0,96,0,26,130,0,156,30,0,30,186
02/16/2002,JQF,NC,ASO,ES,Federal Contract Tower,0,3,35,0,38,0,0,118,0,118,0,3,153,0,156,34,0,34,190
02/17/2002,JQF,NC,ASO,ES,Federal Contract Tower,0,5,41,0,46,0,0,66,0,66,0,5,107,0,112,0,0,0,112
02/18/2002,JQF,NC,ASO,ES,Federal Contract Tower,0,3,31,0,34,0,0,107,0,107,0,3,138,0,141,22,0,22,163
02/19/2002,JQF,NC,ASO,ES,Federal Contract Tower,0,22,62,0,84,0,11,92,0,103,0,33,154,0,187,24,0,24,211
02/20/2002,JQF,NC,ASO,ES,Federal Contract Tower,0,20,56,0,76,0,15,9,0,24,0,35,65,0,100,4,0,4,104
02/21/2002,JQF,NC,ASO,ES,Federal Contract Tower,0,20,55,0,75,0,4,92,0,96,0,24,147,0,171,44,0,44,215
02/22/2002,JQF,NC,ASO,ES,Federal Contract Tower,0,14,39,0,53,0,11,89,0,100,0,25,128,0,153,12,0,12,165
02/23/2002,JQF,NC,ASO,ES,Federal Contract Tower,0,0,13,0,13,0,0,92,0,92,0,0,105,0,105,38,0,38,143
02/24/2002,JQF,NC,ASO,ES,Federal Contract Tower,0,2,26,0,28,0,0,109,0,109,0,2,135,0,137,64,0,64,201
02/25/2002,JQF,NC,ASO,ES,Federal Contract Tower,0,17,48,0,65,0,12,90,0,102,0,29,138,0,167,12,0,12,179
02/26/2002,JQF,NC,ASO,ES,Federal Contract Tower,0,19,53,0,72,0,15,47,0,62,0,34,100,0,134,18,0,18,152
02/27/2002,JQF,NC,ASO,ES,Federal Contract Tower,0,15,44,0,59,0,15,55,0,70,0,30,99,0,129,4,0,4,133
02/28/2002,JQF,NC,ASO,ES,Federal Contract Tower,0,20,57,0,77,0,6,95,0,101,0,26,152,0,178,34,0,34,212
03/01/2002,JQF,NC,ASO,ES,Federal Contract Tower,0,14,35,0,49,0,11,114,0,125,0,25,149,0,174,56,0,56,230
03/02/2002,JQF,NC,ASO,ES,Federal Contract Tower,0,0,8,0,8,0,0,4,0,4,0,0,12,0,12,0,0,0,12
03/03/2002,JQF,NC,ASO,ES,Federal Contract Tower,0,2,23,0,25,0,0,30,0,30,0,2,53,0,55,8,0,8,63
03/04/2002,JQF,NC,ASO,ES,Federal Contract Tower,0,16,38,0,54,0,17,56,0,73,0,33,94,0,127,10,0,10,137
03/05/2002,JQF,NC,ASO,ES,Federal Contract Tower,0,24,57,0,81,0,12,82,0,94,0,36,139,0,175,22,0,22,197
03/06/2002,JQF,NC,ASO,ES,Federal Contract Tower,0,19,46,0,65,0,6,91,0,97,0,25,137,0,162,42,0,42,204
03/07/2002,JQF,NC,ASO,ES,Federal Contract Tower,0,28,70,0,98,0,3,99,0,102,0,31,169,0,200,6,0,6,206
03/08/2002,JQF,NC,ASO,ES,Federal Contract Tower,0,16,39,0,55,0,20,107,0,127,0,36,146,0,182,12,0,12,194
03/09/2002,JQF,NC,ASO,ES,Federal Contract Tower,0,1,27,0,28,0,0,28,0,28,0,1,55,0,56,12,0,12,68
03/10/2002,JQF,NC,ASO,ES,Federal Contract Tower,0,10,40,0,50,0,0,79,0,79,0,10,119,0,129,12,0,12,141
03/11/2002,JQF,NC,ASO,ES,Federal Contract Tower,0,20,49,0,69,0,12,82,2,96,0,32,131,2,165,32,0,32,197
03/12/2002,JQF,NC,ASO,ES,Federal Contract Tower,0,23,42,0,65,0,13,0,0,13,0,36,42,0,78,0,0,0,78
03/13/2002,JQF,NC,ASO,ES,Federal Contract Tower,0,30,73,0,103,0,3,0,0,3,0,33,73,0,106,0,0,0,106
03/14/2002,JQF,NC,ASO,ES,Federal Contract Tower,0,25,61,0,86,0,8,88,0,96,0,33,149,0,182,80,0,80,262
03/15/2002,JQF,NC,ASO,ES,Federal Contract Tower,0,22,54,0,76,0,3,84,2,89,0,25,138,2,165,62,0,62,227
03/16/2002,JQF,NC,ASO,ES,Federal Contract Tower,0,0,6,0,6,0,0,65,0,65,0,0,71,0,71,42,0,42,113
03/17/2002,JQF,NC,ASO,ES,Federal Contract Tower,0,2,23,0,25,0,0,6,0,6,0,2,29,0,31,0,0,0,31
03/18/2002,JQF,NC,ASO,ES,Federal Contract Tower,0,21,54,0,75,0,8,4,0,12,0,29,58,0,87,18,0,18,105
03/19/2002,JQF,NC,ASO,ES,Federal Contract Tower,0,21,54,0,75,0,9,40,12,61,0,30,94,12,136,52,0,52,188
03/20/2002,JQF,NC,ASO,ES,Federal Contract Tower,0,29,76,0,105,0,1,9,0,10,0,30,85,0,115,0,0,0,115
03/21/2002,JQF,NC,ASO,ES,Federal Contract Tower,0,30,77,0,107,0,4,50,0,54,0,34,127,0,161,32,0,32,193
03/22/2002,JQF,NC,ASO,ES,Federal Contract Tower,0,18,46,0,64,0,10,76,0,86,0,28,122,0,150,6,0,6,156
03/23/2002,JQF,NC,ASO,ES,Federal Contract Tower,0,2,23,0,25,0,0,115,0,115,0,2,138,0,140,38,0,38,178
03/24/2002,JQF,NC,ASO,ES,Federal Contract Tower,0,4,31,0,35,0,0,137,0,137,0,4,168,0,172,22,0,22,194
03/25/2002,JQF,NC,ASO,ES,Federal Contract Tower,0,16,43,0,59,0,8,71,0,79,0,24,114,0,138,0,0,0,138
03/26/2002,JQF,NC,ASO,ES,Federal Contract Tower,0,19,51,0,70,0,13,12,0,25,0,32,63,0,95,16,0,16,111
03/27/2002,JQF,NC,ASO,ES,Federal Contract Tower,0,23,59,0,82,0,7,134,4,145,0,30,193,4,227,38,0,38,265
03/28/2002,JQF,NC,ASO,ES,Federal Contract Tower,0,23,59,0,82,0,0,102,1,103,0,23,161,1,185,58,0,58,243
03/29/2002,JQF,NC,ASO,ES,Federal Contract Tower,0,18,46,0,64,0,9,66,0,75,0,27,112,0,139,56,0,56,195
03/30/2002,JQF,NC,ASO,ES,Federal Contract Tower,0,0,21,0,21,0,0,11,0,11,0,0,32,0,32,8,0,8,40
03/31/2002,JQF,NC,ASO,ES,Federal Contract Tower,0,2,12,0,14,0,0,2,0,2,0,2,14,0,16,0,0,0,16
04/01/2002,JQF,NC,ASO,ES,Federal Contract Tower,0,16,44,0,60,0,12,62,0,74,0,28,106,0,134,16,0,16,150
04/02/2002,JQF,NC,ASO,ES,Federal Contract Tower,0,18,49,0,67,0,9,102,0,111,0,27,151,0,178,18,0,18,196
04/03/2002,JQF,NC,ASO,ES,Federal Contract Tower,0,23,61,0,84,0,9,47,0,56,0,32,108,0,140,10,0,10,150
04/04/2002,JQF,NC,ASO,ES,Federal Contract Tower,0,22,59,0,81,0,9,104,0,113,0,31,163,0,194,42,0,42,236
04/05/2002,JQF,NC,ASO,ES,Federal Contract Tower,0,24,64,0,88,0,2,101,4,107,0,26,165,4,195,6,0,6,201
04/06/2002,JQF,NC,ASO,ES,Federal Contract Tower,0,5,30,0,35,0,0,104,0,104,0,5,134,0,139,20,0,20,159
04/07/2002,JQF,NC,ASO,ES,Federal Contract Tower,0,2,27,0,29,0,0,112,0,112,0,2,139,0,141,42,0,42,183
04/08/2002,JQF,NC,ASO,ES,Federal Contract Tower,0,23,63,0,86,0,3,64,0,67,0,26,127,0,153,14,0,14,167
04/09/2002,JQF,NC,ASO,ES,Federal Contract Tower,0,23,64,0,87,0,8,21,0,29,0,31,85,0,116,22,0,22,138
04/10/2002,JQF,NC,ASO,ES,Federal Contract Tower,0,27,74,0,101,0,5,49,0,54,0,32,123,0,155,20,0,20,175
04/11/2002,JQF,NC,ASO,ES,Federal Contract Tower,0,22,59,0,81,0,3,66,4,73,0,25,125,4,154,16,0,16,170
04/12/2002,JQF,NC,ASO,ES,Federal Contract Tower,0,27,72,0,99,0,2,6,0,8,0,29,78,0,107,0,0,0,107
04/13/2002,JQF,NC,ASO,ES,Federal Contract Tower,0,8,37,0,45,0,0,28,0,28,0,8,65,0,73,26,0,26,99
04/14/2002,JQF,NC,ASO,ES,Federal Contract Tower,0,4,33,0,37,0,0,62,0,62,0,4,95,0,99,36,0,36,135
04/15/2002,JQF,NC,ASO,ES,Federal Contract Tower,0,25,69,0,94,0,8,64,0,72,0,33,133,0,166,18,0,18,184
04/16/2002,JQF,NC,ASO,ES,Federal Contract Tower,0,30,84,0,114,0,1,125,0,126,0,31,209,0,240,66,0,66,306
04/17/2002,JQF,NC,ASO,ES,Federal Contract Tower,0,24,84,0,108,0,0,107,0,107,0,24,191,0,215,36,0,36,251
04/18/2002,JQF,NC,ASO,ES,Federal Contract Tower,0,32,91,0,123,0,4,90,2,96,0,36,181,2,219,38,0,38,257
04/19/2002,JQF,NC,ASO,ES,Federal Contract Tower,0,22,62,0,84,0,5,67,0,72,0,27,129,0,156,8,0,8,164
04/20/2002,JQF,NC,ASO,ES,Federal Contract Tower,0,0,32,0,32,0,0,79,0,79,0,0,111,0,111,22,0,22,133
04/21/2002,JQF,NC,ASO,ES,Federal Contract Tower,0,4,62,0,66,0,0,98,0,98,0,4,160,0,164,62,0,62,226
04/22/2002,JQF,NC,ASO,ES,Federal Contract Tower,0,19,56,0,75,0,10,74,0,84,0,29,130,0,159,30,0,30,189
04/23/2002,JQF,NC,ASO,ES,Federal Contract Tower,0,25,71,0,96,0,3,101,0,104,0,28,172,0,200,6,0,6,206
04/24/2002,JQF,NC,ASO,ES,Federal Contract Tower,0,19,56,0,75,0,8,79,0,87,0,27,135,0,162,78,0,78,240
04/25/2002,JQF,NC,ASO,ES,Federal Contract Tower,0,20,58,0,78,0,13,40,0,53,0,33,98,0,131,64,0,64,195
04/26/2002,JQF,NC,ASO,ES,Federal Contract Tower,0,21,60,0,81,0,5,80,30,115,0,26,140,30,196,40,4,44,240
04/27/2002,JQF,NC,ASO,ES,Federal Contract Tower,0,0,13,0,13,0,0,74,0,74,0,0,87,0,87,26,0,26,113
04/28/2002,JQF,NC,ASO,ES,Federal Contract Tower,0,2,9,0,11,0,0,10,0,10,0,2,19,0,21,0,0,0,21
04/29/2002,JQF,NC,ASO,ES,Federal Contract Tower,0,19,53,0,72,0,11,54,0,65,0,30,107,0,137,38,0,38,175
04/30/2002,JQF,NC,ASO,ES,Federal Contract Tower,0,22,64,0,86,0,10,135,0,145,0,32,199,0,231,36,0,36,267
05/01/2002,JQF,NC,ASO,ES,Federal Contract Tower,0,22,66,0,88,0,4,44,0,48,0,26,110,0,136,6,0,6,142
05/02/2002,JQF,NC,ASO,ES,Federal Contract Tower,0,27,79,0,106,0,0,18,0,18,0,27,97,0,124,0,0,0,124
05/03/2002,JQF,NC,ASO,ES,Federal Contract Tower,0,22,64,0,86,0,5,15,2,22,0,27,79,2,108,12,0,12,120
05/04/2002,JQF,NC,ASO,ES,Federal Contract Tower,0,1,23,0,24,0,0,7,0,7,0,1,30,0,31,0,0,0,31
05/05/2002,JQF,NC,ASO,ES,Federal Contract Tower,0,3,50,0,53,0,0,95,0,95,0,3,145,0,148,48,0,48,196
05/06/2002,JQF,NC,ASO,ES,Federal Contract Tower,0,20,60,0,80,0,10,79,0,89,0,30,139,0,169,26,0,26,195
05/07/2002,JQF,NC,ASO,ES,Federal Contract Tower,0,22,66,0,88,0,6,98,0,104,0,28,164,0,192,42,0,42,234
05/08/2002,JQF,NC,ASO,ES,Federal Contract Tower,0,25,76,0,101,0,6,50,0,56,0,31,126,0,157,38,0,38,195
05/09/2002,JQF,NC,ASO,ES,Federal Contract Tower,0,24,73,0,97,0,0,68,0,68,0,24,141,0,165,62,0,62,227
05/10/2002,JQF,NC,ASO,ES,Federal Contract Tower,0,18,55,0,73,0,7,60,0,67,0,25,115,0,140,82,0,82,222
05/11/2002,JQF,NC,ASO,ES,Federal Contract Tower,0,4,29,0,33,0,0,75,0,75,0,4,104,0,108,68,0,68,176
05/12/2002,JQF,NC,ASO,ES,Federal Contract Tower,0,4,32,0,36,0,0,48,0,48,0,4,80,0,84,38,0,38,122
05/13/2002,JQF,NC,ASO,ES,Federal Contract Tower,0,21,61,0,82,0,11,20,0,31,0,32,81,0,113,26,0,26,139
05/14/2002,JQF,NC,ASO,ES,Federal Contract Tower,0,23,68,0,91,0,9,75,0,84,0,32,143,0,175,32,0,32,207
05/15/2002,JQF,NC,ASO,ES,Federal Contract Tower,0,27,82,0,109,0,3,103,0,106,0,30,185,0,215,64,0,64,279
05/16/2002,JQF,NC,ASO,ES,Federal Contract Tower,0,20,60,0,80,0,9,103,0,112,0,29,163,0,192,62,0,62,254
05/17/2002,JQF,NC,ASO,ES,Federal Contract Tower,0,20,63,0,83,0,9,94,0,103,0,29,157,0,186,26,0,26,212
05/18/2002,JQF,NC,ASO,ES,Federal Contract Tower,0,15,48,0,63,0,32,94,0,126,0,47,142,0,189,18,0,18,207
05/19/2002,JQF,NC,ASO,ES,Federal Contract Tower,0,4,46,0,50,0,0,98,0,98,0,4,144,0,148,26,0,26,174
05/20/2002,JQF,NC,ASO,ES,Federal Contract Tower,0,11,36,0,47,0,18,85,0,103,0,29,121,0,150,32,0,32,182
05/21/2002,JQF,NC,ASO,ES,Federal Contract Tower,0,21,67,0,88,0,9,90,0,99,0,30,157,0,187,32,2,34,221
05/22/2002,JQF,NC,ASO,ES,Federal Contract Tower,0,24,77,0,101,0,4,133,0,137,0,28,210,0,238,40,0,40,278
05/23/2002,JQF,NC,ASO,ES,Federal Contract Tower,0,27,86,0,113,0,8,162,0,170,0,35,248,0,283,22,0,22,305
05/24/2002,JQF,NC,ASO,ES,Federal Contract Tower,0,23,74,0,97,0,9,105,0,114,0,32,179,0,211,8,0,8,219
05/25/2002,JQF,NC,ASO,ES,Federal Contract Tower,0,6,38,0,44,0,0,115,0,115,0,6,153,0,159,32,0,32,191
05/26/2002,JQF,NC,ASO,ES,Federal Contract Tower,0,31,95,0,126,0,41,197,0,238,0,72,292,0,364,558,0,558,922
05/27/2002,JQF,NC,ASO,ES,Federal Contract Tower,0,7,57,0,64,0,0,115,0,115,0,7,172,0,179,14,0,14,193
05/28/2002,JQF,NC,ASO,ES,Federal Contract Tower,0,19,59,0,78,0,13,125,0,138,0,32,184,0,216,46,0,46,262
05/29/2002,JQF,NC,ASO,ES,Federal Contract Tower,0,23,74,0,97,0,10,73,7,90,0,33,147,7,187,34,0,34,221
05/30/2002,JQF,NC,ASO,ES,Federal Contract Tower,0,29,91,0,120,0,9,32,0,41,0,38,123,0,161,8,0,8,169
05/31/2002,JQF,NC,ASO,ES,Federal Contract Tower,0,20,64,0,84,0,8,59,0,67,0,28,123,0,151,34,0,34,185
06/01/2002,JQF,NC,ASO,ES,Federal Contract Tower,0,3,30,0,33,0,0,95,0,95,0,3,125,0,128,52,0,52,180
06/02/2002,JQF,NC,ASO,ES,Federal Contract Tower,0,8,39,0,47,0,0,68,0,68,0,8,107,0,115,46,0,46,161
06/03/2002,JQF,NC,ASO,ES,Federal Contract Tower,0,21,56,0,77,0,13,76,0,89,0,34,132,0,166,80,0,80,246
06/04/2002,JQF,NC,ASO,ES,Federal Contract Tower,0,22,60,0,82,0,10,87,4,101,0,32,147,4,183,76,0,76,259
06/05/2002,JQF,NC,ASO,ES,Federal Contract Tower,0,23,64,0,87,0,7,76,0,83,0,30,140,0,170,30,0,30,200
06/06/2002,JQF,NC,ASO,ES,Federal Contract Tower,0,30,84,0,114,0,5,71,0,76,0,35,155,0,190,44,4,48,238
06/07/2002,JQF,NC,ASO,ES,Federal Contract Tower,0,17,46,0,63,0,11,45,0,56,0,28,91,0,119,106,0,106,225
06/08/2002,JQF,NC,ASO,ES,Federal Contract Tower,0,2,31,0,33,0,0,102,0,102,0,2,133,0,135,42,0,42,177
06/09/2002,JQF,NC,ASO,ES,Federal Contract Tower,0,6,45,0,51,0,0,81,0,81,0,6,126,0,132,54,0,54,186
06/10/2002,JQF,NC,ASO,ES,Federal Contract Tower,0,18,50,0,68,0,9,75,2,86,0,27,125,2,154,54,0,54,208
06/11/2002,JQF,NC,ASO,ES,Federal Contract Tower,0,23,64,0,87,0,10,86,0,96,0,33,150,0,183,32,0,32,215
06/12/2002,JQF,NC,ASO,ES,Federal Contract Tower,0,22,60,0,82,0,5,100,6,111,0,27,160,6,193,92,0,92,285
06/13/2002,JQF,NC,ASO,ES,Federal Contract Tower,0,32,93,0,125,0,12,111,0,123,0,44,204,0,248,22,0,22,270
06/14/2002,JQF,NC,ASO,ES,Federal Contract Tower,0,21,59,0,80,0,5,75,0,80,0,26,134,0,160,46,0,46,206
06/15/2002,JQF,NC,ASO,ES,Federal Contract Tower,0,0,22,0,22,0,0,158,0,158,0,0,180,0,180,68,0,68,248
06/16/2002,JQF,NC,ASO,ES,Federal Contract Tower,0,10,55,0,65,0,0,125,0,125,0,10,180,0,190,0,0,0,190
06/17/2002,JQF,NC,ASO,ES,Federal Contract Tower,0,17,51,0,68,0,9,81,0,90,0,26,132,0,158,32,0,32,190
06/18/2002,JQF,NC,ASO,ES,Federal Contract Tower,0,21,60,0,81,0,9,92,0,101,0,30,152,0,182,34,0,34,216
06/19/2002,JQF,NC,ASO,ES,Federal Contract Tower,0,24,69,0,93,0,8,76,0,84,0,32,145,0,177,16,0,16,193
06/20/2002,JQF,NC,ASO,ES,Federal Contract Tower,0,28,79,0,107,0,4,107,0,111,0,32,186,0,218,50,0,50,268
06/21/2002,JQF,NC,ASO,ES,Federal Contract Tower,0,17,49,0,66,0,12,49,0,61,0,29,98,0,127,42,0,42,169
06/22/2002,JQF,NC,ASO,ES,Federal Contract Tower,0,0,24,0,24,0,0,82,2,84,0,0,106,2,108,114,0,114,222
06/23/2002,JQF,NC,ASO,ES,Federal Contract Tower,0,11,32,0,43,0,0,49,0,49,0,11,81,0,92,48,0,48,140
06/24/2002,JQF,NC,ASO,ES,Federal Contract Tower,0,20,57,0,77,0,9,82,0,91,0,29,139,0,168,62,0,62,230
06/25/2002,JQF,NC,ASO,ES,Federal Contract Tower,0,22,64,0,86,0,10,100,0,110,0,32,164,0,196,74,0,74,270
06/26/2002,JQF,NC,ASO,ES,Federal Contract Tower,0,23,68,0,91,0,4,23,0,27,0,27,91,0,118,26,0,26,144
06/27/2002,JQF,NC,ASO,ES,Federal Contract Tower,0,18,53,0,71,0,13,60,0,73,0,31,113,0,144,24,0,24,168
06/28/2002,JQF,NC,ASO,ES,Federal Contract Tower,0,28,82,0,110,0,3,71,0,74,0,31,153,0,184,80,0,80,264
06/29/2002,JQF,NC,ASO,ES,Federal Contract Tower,0,2,20,0,22,0,0,93,0,93,0,2,113,0,115,48,0,48,163
06/30/2002,JQF,NC,ASO,ES,Federal Contract Tower,0,5,39,0,44,0,0,58,0,58,0,5,97,0,102,26,0,26,128
07/01/2002,JQF,NC,ASO,ES,Federal Contract Tower,0,19,48,0,67,0,18,57,0,75,0,37,105,0,142,20,0,20,162
07/02/2002,JQF,NC,ASO,ES,Federal Contract Tower,0,26,66,0,92,0,10,66,0,76,0,36,132,0,168,44,0,44,212
07/03/2002,JQF,NC,ASO,ES,Federal Contract Tower,0,29,82,0,111,0,0,63,0,63,0,29,145,0,174,88,0,88,262
07/04/2002,JQF,NC,ASO,ES,Federal Contract Tower,0,7,24,0,31,0,0,54,0,54,0,7,78,0,85,16,0,16,101
07/05/2002,JQF,NC,ASO,ES,Federal Contract Tower,0,14,36,0,50,0,19,52,0,71,0,33,88,0,121,24,0,24,145
07/06/2002,JQF,NC,ASO,ES,Federal Contract Tower,0,4,32,0,36,0,0,73,0,73,0,4,105,0,109,20,0,20,129
07/07/2002,JQF,NC,ASO,ES,Federal Contract Tower,0,3,21,0,24,0,0,82,0,82,0,3,103,0,106,46,0,46,152
07/08/2002,JQF,NC,ASO,ES,Federal Contract Tower,0,16,41,0,57,0,16,79,0,95,0,32,120,0,152,38,0,38,190
07/09/2002,JQF,NC,ASO,ES,Federal Contract Tower,0,22,58,0,80,0,11,124,0,135,0,33,182,0,215,40,0,40,255
07/10/2002,JQF,NC,ASO,ES,Federal Contract Tower,0,22,56,0,78,0,6,64,0,70,0,28,120,0,148,82,0,82,230
07/11/2002,JQF,NC,ASO,ES,Federal Contract Tower,0,36,99,0,135,0,0,80,0,80,0,36,179,0,215,14,0,14,229
07/12/2002,JQF,NC,ASO,ES,Federal Contract Tower,0,26,69,0,95,0,6,82,0,88,0,32,151,0,183,18,0,18,201
07/13/2002,JQF,NC,ASO,ES,Federal Contract Tower,0,2,34,0,36,0,0,60,0,60,0,2,94,0,96,34,0,34,130
07/14/2002,JQF,NC,ASO,ES,Federal Contract Tower,0,4,45,0,49,0,0,38,0,38,0,4,83,0,87,20,0,20,107
07/15/2002,JQF,NC,ASO,ES,Federal Contract Tower,0,28,74,0,102,0,1,46,0,47,0,29,120,0,149,62,0,62,211
07/16/2002,JQF,NC,ASO,ES,Federal Contract Tower,0,34,92,0,126,0,1,146,0,147,0,35,238,0,273,38,0,38,311
07/17/2002,JQF,NC,ASO,ES,Federal Contract Tower,0,25,68,0,93,0,10,81,0,91,0,35,149,0,184,46,0,46,230
07/18/2002,JQF,NC,ASO,ES,Federal Contract Tower,0,27,75,0,102,0,2,52,0,54,0,29,127,0,156,16,0,16,172
07/19/2002,JQF,NC,ASO,ES,Federal Contract Tower,0,18,51,0,69,0,13,76,0,89,0,31,127,0,158,32,0,32,190
07/20/2002,JQF,NC,ASO,ES,Federal Contract Tower,0,1,25,0,26,0,0,92,0,92,0,1,117,0,118,18,0,18,136
07/21/2002,JQF,NC,ASO,ES,Federal Contract Tower,0,2,33,0,35,0,0,76,0,76,0,2,109,0,111,6,0,6,117
07/22/2002,JQF,NC,ASO,ES,Federal Contract Tower,0,21,59,0,80,0,12,49,0,61,0,33,108,0,141,30,0,30,171
07/23/2002,JQF,NC,ASO,ES,Federal Contract Tower,0,28,75,0,103,0,2,51,0,53,0,30,126,0,156,36,0,36,192
07/24/2002,JQF,NC,ASO,ES,Federal Contract Tower,0,31,86,0,117,0,2,28,4,34,0,33,114,4,151,26,0,26,177
07/25/2002,JQF,NC,ASO,ES,Federal Contract Tower,0,36,109,0,145,0,0,10,0,10,0,36,119,0,155,2,0,2,157
07/26/2002,JQF,NC,ASO,ES,Federal Contract Tower,0,23,62,0,85,0,8,42,0,50,0,31,104,0,135,20,0,20,155
07/27/2002,JQF,NC,ASO,ES,Federal Contract Tower,0,1,33,0,34,0,0,45,0,45,0,1,78,0,79,22,0,22,101
07/28/2002,JQF,NC,ASO,ES,Federal Contract Tower,0,2,39,0,41,0,0,73,0,73,0,2,112,0,114,48,0,48,162
07/29/2002,JQF,NC,ASO,ES,Federal Contract Tower,0,18,49,0,67,0,6,55,0,61,0,24,104,0,128,8,0,8,136
07/30/2002,JQF,NC,ASO,ES,Federal Contract Tower,0,22,60,0,82,0,9,99,2,110,0,31,159,2,192,28,0,28,220
07/31/2002,JQF,NC,ASO,ES,Federal Contract Tower,0,28,80,0,108,0,0,74,0,74,0,28,154,0,182,46,0,46,228
08/01/2002,JQF,NC,ASO,ES,Federal Contract Tower,0,32,79,0,111,0,2,74,0,76,0,34,153,0,187,40,0,40,227
08/02/2002,JQF,NC,ASO,ES,Federal Contract Tower,0,25,60,0,85,0,8,69,4,81,0,33,129,4,166,52,0,52,218
08/03/2002,JQF,NC,ASO,ES,Federal Contract Tower,0,0,22,0,22,0,0,78,0,78,0,0,100,0,100,66,0,66,166
08/04/2002,JQF,NC,ASO,ES,Federal Contract Tower,0,9,46,0,55,0,0,95,0,95,0,9,141,0,150,18,0,18,168
08/05/2002,JQF,NC,ASO,ES,Federal Contract Tower,0,21,52,0,73,0,9,83,0,92,0,30,135,0,165,52,0,52,217
08/06/2002,JQF,NC,ASO,ES,Federal Contract Tower,0,25,63,0,88,0,5,90,0,95,0,30,153,0,183,28,0,28,211
08/07/2002,JQF,NC,ASO,ES,Federal Contract Tower,0,23,55,0,78,0,9,90,0,99,0,32,145,0,177,26,0,26,203
08/08/2002,JQF,NC,ASO,ES,Federal Contract Tower,0,32,82,0,114,0,11,103,0,114,0,43,185,0,228,22,0,22,250
08/09/2002,JQF,NC,ASO,ES,Federal Contract Tower,0,20,51,0,71,0,10,93,0,103,0,30,144,0,174,84,0,84,258
08/10/2002,JQF,NC,ASO,ES,Federal Contract Tower,0,0,25,1,26,0,0,92,3,95,0,0,117,4,121,28,0,28,149
08/11/2002,JQF,NC,ASO,ES,Federal Contract Tower,0,4,50,0,54,0,0,85,0,85,0,4,135,0,139,50,0,50,189
08/12/2002,JQF,NC,ASO,ES,Federal Contract Tower,0,21,54,0,75,0,21,84,0,105,0,42,138,0,180,46,0,46,226
08/13/2002,JQF,NC,ASO,ES,Federal Contract Tower,0,29,74,0,103,0,3,88,0,91,0,32,162,0,194,48,0,48,242
08/14/2002,JQF,NC,ASO,ES,Federal Contract Tower,0,32,81,0,113,0,9,117,0,126,0,41,198,0,239,50,0,50,289
08/15/2002,JQF,NC,ASO,ES,Federal Contract Tower,0,31,82,0,113,0,4,43,0,47,0,35,125,0,160,6,0,6,166
08/16/2002,JQF,NC,ASO,ES,Federal Contract Tower,0,29,76,0,105,0,11,22,0,33,0,40,98,0,138,20,0,20,158
08/17/2002,JQF,NC,ASO,ES,Federal Contract Tower,0,2,34,0,36,0,0,40,1,41,0,2,74,1,77,66,0,66,143
08/18/2002,JQF,NC,ASO,ES,Federal Contract Tower,0,6,61,0,67,0,0,91,0,91,0,6,152,0,158,46,0,46,204
08/19/2002,JQF,NC,ASO,ES,Federal Contract Tower,0,22,56,0,78,0,17,61,0,78,0,39,117,0,156,48,0,48,204
08/20/2002,JQF,NC,ASO,ES,Federal Contract Tower,0,23,59,0,82,0,10,91,4,105,0,33,150,4,187,50,0,50,237
08/21/2002,JQF,NC,ASO,ES,Federal Contract Tower,0,32,83,0,115,0,8,88,0,96,0,40,171,0,211,46,0,46,257
08/22/2002,JQF,NC,ASO,ES,Federal Contract Tower,0,30,78,0,108,0,5,65,0,70,0,35,143,0,178,50,0,50,228
08/23/2002,JQF,NC,ASO,ES,Federal Contract Tower,0,28,72,0,100,0,4,59,0,63,0,32,131,0,163,54,0,54,217
08/24/2002,JQF,NC,ASO,ES,Federal Contract Tower,0,2,24,0,26,0,0,72,0,72,0,2,96,0,98,50,0,50,148
08/25/2002,JQF,NC,ASO,ES,Federal Contract Tower,0,3,21,0,24,0,0,40,0,40,0,3,61,0,64,16,0,16,80
08/26/2002,JQF,NC,ASO,ES,Federal Contract Tower,0,23,60,0,83,0,10,19,0,29,0,33,79,0,112,22,0,22,134
08/27/2002,JQF,NC,ASO,ES,Federal Contract Tower,0,29,89,0,118,0,0,5,0,5,0,29,94,0,123,0,0,0,123
08/28/2002,JQF,NC,ASO,ES,Federal Contract Tower,0,28,73,0,101,0,1,5,0,6,0,29,78,0,107,0,0,0,107
08/29/2002,JQF,NC,ASO,ES,Federal Contract Tower,0,29,74,0,103,0,5,4,8,17,0,34,78,8,120,6,0,6,126
08/30/2002,JQF,NC,ASO,ES,Federal Contract Tower,0,31,82,0,113,0,0,3,0,3,0,31,85,0,116,0,0,0,116
08/31/2002,JQF,NC,ASO,ES,Federal Contract Tower,0,0,18,0,18,0,0,6,0,6,0,0,24,0,24,0,0,0,24
09/01/2002,JQF,NC,ASO,ES,Federal Contract Tower,0,2,0,0,2,0,0,40,0,40,0,2,40,0,42,4,0,4,46
09/02/2002,JQF,NC,ASO,ES,Federal Contract Tower,0,3,0,0,3,0,0,92,0,92,0,3,92,0,95,36,0,36,131
09/03/2002,JQF,NC,ASO,ES,Federal Contract Tower,0,35,0,0,35,0,0,142,2,144,0,35,142,2,179,52,0,52,231
09/04/2002,JQF,NC,ASO,ES,Federal Contract Tower,0,32,0,0,32,0,0,169,0,169,0,32,169,0,201,98,0,98,299
09/05/2002,JQF,NC,ASO,ES,Federal Contract Tower,0,36,0,0,36,0,0,185,0,185,0,36,185,0,221,52,0,52,273
09/06/2002,JQF,NC,ASO,ES,Federal Contract Tower,0,28,0,0,28,0,0,141,0,141,0,28,141,0,169,56,0,56,225
09/07/2002,JQF,NC,ASO,ES,Federal Contract Tower,0,1,0,0,1,0,0,118,0,118,0,1,118,0,119,76,0,76,195
09/08/2002,JQF,NC,ASO,ES,Federal Contract Tower,0,1,0,0,1,0,0,128,0,128,0,1,128,0,129,86,0,86,215
09/09/2002,JQF,NC,ASO,ES,Federal Contract Tower,0,31,0,0,31,0,0,142,0,142,0,31,142,0,173,40,0,40,213
09/10/2002,JQF,NC,ASO,ES,Federal Contract Tower,0,42,0,0,42,0,0,145,0,145,0,42,145,0,187,72,0,72,259
09/11/2002,JQF,NC,ASO,ES,Federal Contract Tower,0,29,0,0,29,0,0,145,0,145,0,29,145,0,174,66,0,66,240
09/12/2002,JQF,NC,ASO,ES,Federal Contract Tower,0,39,0,0,39,0,0,154,0,154,0,39,154,0,193,38,0,38,231
09/13/2002,JQF,NC,ASO,ES,Federal Contract Tower,0,27,0,0,27,0,0,129,0,129,0,27,129,0,156,54,0,54,210
09/14/2002,JQF,NC,ASO,ES,Federal Contract Tower,0,1,0,0,1,0,0,46,0,46,0,1,46,0,47,0,0,0,47
09/15/2002,JQF,NC,ASO,ES,Federal Contract Tower,0,0,0,0,0,0,0,42,0,42,0,0,42,0,42,0,0,0,42
09/16/2002,JQF,NC,ASO,ES,Federal Contract Tower,0,30,0,0,30,0,0,112,0,112,0,30,112,0,142,48,0,48,190
09/17/2002,JQF,NC,ASO,ES,Federal Contract Tower,0,36,0,0,36,0,0,109,0,109,0,36,109,0,145,48,0,48,193
09/18/2002,JQF,NC,ASO,ES,Federal Contract Tower,0,34,0,0,34,0,0,94,0,94,0,34,94,0,128,30,0,30,158
09/19/2002,JQF,NC,ASO,ES,Federal Contract Tower,0,33,1,0,34,0,0,142,0,142,0,33,143,0,176,40,0,40,216
09/20/2002,JQF,NC,ASO,ES,Federal Contract Tower,0,28,0,0,28,0,0,92,0,92,0,28,92,0,120,8,0,8,128
09/21/2002,JQF,NC,ASO,ES,Federal Contract Tower,0,0,0,0,0,0,0,141,0,141,0,0,141,0,141,18,0,18,159
09/22/2002,JQF,NC,ASO,ES,Federal Contract Tower,0,5,0,0,5,0,0,124,0,124,0,5,124,0,129,4,0,4,133
09/23/2002,JQF,NC,ASO,ES,Federal Contract Tower,0,31,0,0,31,0,0,137,0,137,0,31,137,0,168,86,8,94,262
09/24/2002,JQF,NC,ASO,ES,Federal Contract Tower,0,29,0,0,29,0,0,155,0,155,0,29,155,0,184,50,0,50,234
09/25/2002,JQF,NC,ASO,ES,Federal Contract Tower,0,32,0,0,32,0,0,105,0,105,0,32,105,0,137,100,0,100,237
09/26/2002,JQF,NC,ASO,ES,Federal Contract Tower,0,38,0,0,38,0,0,87,0,87,0,38,87,0,125,0,0,0,125
09/27/2002,JQF,NC,ASO,ES,Federal Contract Tower,0,31,0,0,31,0,0,57,0,57,0,31,57,0,88,8,0,8,96
09/28/2002,JQF,NC,ASO,ES,Federal Contract Tower,0,1,0,0,1,0,0,136,0,136,0,1,136,0,137,90,0,90,227
09/29/2002,JQF,NC,ASO,ES,Federal Contract Tower,0,2,0,0,2,0,0,166,0,166,0,2,166,0,168,54,0,54,222
09/30/2002,JQF,NC,ASO,ES,Federal Contract Tower,0,30,0,0,30,0,0,115,0,115,0,30,115,0,145,96,0,96,241
10/01/2002,JQF,NC,ASO,ES,Federal Contract Tower,0,27,81,0,108,0,5,114,0,119,0,32,195,0,227,38,0,38,265
10/02/2002,JQF,NC,ASO,ES,Federal Contract Tower,0,26,78,0,104,0,13,65,2,80,0,39,143,2,184,74,0,74,258
10/03/2002,JQF,NC,ASO,ES,Federal Contract Tower,0,29,87,0,116,0,8,104,5,117,0,37,191,5,233,30,36,66,299
10/04/2002,JQF,NC,ASO,ES,Federal Contract Tower,0,23,69,0,92,0,4,84,0,88,0,27,153,0,180,34,0,34,214
10/05/2002,JQF,NC,ASO,ES,Federal Contract Tower,0,1,24,0,25,0,0,131,0,131,0,1,155,0,156,64,0,64,220
10/06/2002,JQF,NC,ASO,ES,Federal Contract Tower,0,7,61,0,68,0,0,131,0,131,0,7,192,0,199,52,0,52,251
10/07/2002,JQF,NC,ASO,ES,Federal Contract Tower,0,22,67,0,89,0,10,84,0,94,0,32,151,0,183,80,0,80,263
10/08/2002,JQF,NC,ASO,ES,Federal Contract Tower,0,27,79,0,106,0,5,65,4,74,0,32,144,4,180,68,0,68,248
10/09/2002,JQF,NC,ASO,ES,Federal Contract Tower,0,25,76,0,101,0,5,44,2,51,0,30,120,2,152,86,0,86,238
10/10/2002,JQF,NC,ASO,ES,Federal Contract Tower,0,31,92,0,123,0,3,68,0,71,0,34,160,0,194,76,0,76,270
10/11/2002,JQF,NC,ASO,ES,Federal Contract Tower,0,29,92,0,121,0,0,31,0,31,0,29,123,0,152,10,0,10,162
10/12/2002,JQF,NC,ASO,ES,Federal Contract Tower,0,1,42,0,43,0,0,98,0,98,0,1,140,0,141,160,0,160,301
10/13/2002,JQF,NC,ASO,ES,Federal Contract Tower,0,12,139,0,151,0,0,143,4,147,0,12,282,4,298,260,0,260,558
10/14/2002,JQF,NC,ASO,ES,Federal Contract Tower,0,0,40,0,40,0,0,114,0,114,0,0,154,0,154,126,0,126,280
10/15/2002,JQF,NC,ASO,ES,Federal Contract Tower,0,19,50,0,69,0,12,0,0,12,0,31,50,0,81,0,0,0,81
10/16/2002,JQF,NC,ASO,ES,Federal Contract Tower,0,26,79,0,105,0,3,57,0,60,0,29,136,0,165,118,0,118,283
10/17/2002,JQF,NC,ASO,ES,Federal Contract Tower,0,32,97,0,129,0,3,99,0,102,0,35,196,0,231,80,0,80,311
10/18/2002,JQF,NC,ASO,ES,Federal Contract Tower,0,17,54,0,71,0,4,91,0,95,0,21,145,0,166,72,0,72,238
10/19/2002,JQF,NC,ASO,ES,Federal Contract Tower,0,0,19,0,19,0,0,100,0,100,0,0,119,0,119,68,0,68,187
10/20/2002,JQF,NC,ASO,ES,Federal Contract Tower,0,0,43,0,43,0,0,76,0,76,0,0,119,0,119,86,0,86,205
10/21/2002,JQF,NC,ASO,ES,Federal Contract Tower,0,19,52,0,71,0,8,0,0,8,0,27,52,0,79,0,0,0,79
10/22/2002,JQF,NC,ASO,ES,Federal Contract Tower,0,22,71,0,93,0,15,1,2,18,0,37,72,2,111,0,0,0,111
10/23/2002,JQF,NC,ASO,ES,Federal Contract Tower,0,23,73,0,96,0,5,92,0,97,0,28,165,0,193,146,0,146,339
10/24/2002,JQF,NC,ASO,ES,Federal Contract Tower,0,32,123,0,155,0,0,41,0,41,0,32,164,0,196,10,0,10,206
10/25/2002,JQF,NC,ASO,ES,Federal Contract Tower,0,31,91,0,122,0,7,0,0,7,0,38,91,0,129,0,0,0,129
10/26/2002,JQF,NC,ASO,ES,Federal Contract Tower,0,8,43,0,51,0,0,65,0,65,0,8,108,0,116,40,0,40,156
10/27/2002,JQF,NC,ASO,ES,Federal Contract Tower,0,19,51,0,70,0,10,0,0,10,0,29,51,0,80,0,0,0,80
10/28/2002,JQF,NC,ASO,ES,Federal Contract Tower,0,15,38,0,53,0,11,0,0,11,0,26,38,0,64,0,0,0,64
10/29/2002,JQF,NC,ASO,ES,Federal Contract Tower,0,29,88,0,117,0,3,0,0,3,0,32,88,0,120,0,0,0,120
10/30/2002,JQF,NC,ASO,ES,Federal Contract Tower,0,29,88,0,117,0,3,0,0,3,0,32,88,0,120,0,0,0,120
10/31/2002,JQF,NC,ASO,ES,Federal Contract Tower,0,18,57,0,75,0,11,112,0,123,0,29,169,0,198,98,0,98,296
11/01/2002,JQF,NC,ASO,ES,Federal Contract Tower,0,20,46,0,66,0,7,106,0,113,0,27,152,0,179,32,0,32,211
11/02/2002,JQF,NC,ASO,ES,Federal Contract Tower,0,2,15,0,17,0,0,132,0,132,0,2,147,0,149,96,0,96,245
11/03/2002,JQF,NC,ASO,ES,Federal Contract Tower,0,0,20,0,20,0,0,116,0,116,0,0,136,0,136,30,0,30,166
11/04/2002,JQF,NC,ASO,ES,Federal Contract Tower,0,24,56,0,80,0,6,36,0,42,0,30,92,0,122,20,0,20,142
11/05/2002,JQF,NC,ASO,ES,Federal Contract Tower,0,28,66,0,94,0,5,10,0,15,0,33,76,0,109,48,0,48,157
11/06/2002,JQF,NC,ASO,ES,Federal Contract Tower,0,25,60,0,85,0,2,33,0,35,0,27,93,0,120,0,0,0,120
11/07/2002,JQF,NC,ASO,ES,Federal Contract Tower,0,23,53,0,76,0,7,129,0,136,0,30,182,0,212,130,0,130,342
11/08/2002,JQF,NC,ASO,ES,Federal Contract Tower,0,23,55,0,78,0,7,90,0,97,0,30,145,0,175,66,0,66,241
11/09/2002,JQF,NC,ASO,ES,Federal Contract Tower,0,0,16,0,16,0,0,82,0,82,0,0,98,0,98,44,0,44,142
11/10/2002,JQF,NC,ASO,ES,Federal Contract Tower,0,0,24,0,24,0,0,57,0,57,0,0,81,0,81,78,0,78,159
11/11/2002,JQF,NC,ASO,ES,Federal Contract Tower,0,2,44,0,46,0,0,17,0,17,0,2,61,0,63,4,0,4,67
11/12/2002,JQF,NC,ASO,ES,Federal Contract Tower,0,24,51,0,75,0,5,0,0,5,0,29,51,0,80,0,0,0,80
11/13/2002,JQF,NC,ASO,ES,Federal Contract Tower,0,32,76,0,108,0,3,85,0,88,0,35,161,0,196,54,0,54,250
11/14/2002,JQF,NC,ASO,ES,Federal Contract Tower,0,28,75,0,103,0,0,117,0,117,0,28,192,0,220,138,0,138,358
11/15/2002,JQF,NC,ASO,ES,Federal Contract Tower,0,24,59,0,83,0,7,114,0,121,0,31,173,0,204,180,0,180,384
11/16/2002,JQF,NC,ASO,ES,Federal Contract Tower,0,0,19,0,19,0,0,7,0,7,0,0,26,0,26,2,0,2,28
11/17/2002,JQF,NC,ASO,ES,Federal Contract Tower,0,1,40,0,41,0,0,24,0,24,0,1,64,0,65,0,0,0,65
11/18/2002,JQF,NC,ASO,ES,Federal Contract Tower,0,22,57,0,79,0,11,71,0,82,0,33,128,0,161,48,0,48,209
11/19/2002,JQF,NC,ASO,ES,Federal Contract Tower,0,27,69,0,96,0,4,72,0,76,0,31,141,0,172,38,0,38,210
11/20/2002,JQF,NC,ASO,ES,Federal Contract Tower,0,29,74,0,103,0,7,87,0,94,0,36,161,0,197,124,0,124,321
11/21/2002,JQF,NC,ASO,ES,Federal Contract Tower,0,27,67,0,94,0,10,57,0,67,0,37,124,0,161,60,0,60,221
11/22/2002,JQF,NC,ASO,ES,Federal Contract Tower,0,20,51,0,71,0,8,35,0,43,0,28,86,0,114,38,0,38,152
11/23/2002,JQF,NC,ASO,ES,Federal Contract Tower,0,0,18,0,18,0,0,128,0,128,0,0,146,0,146,48,0,48,194
11/24/2002,JQF,NC,ASO,ES,Federal Contract Tower,0,3,32,0,35,0,0,126,0,126,0,3,158,0,161,52,0,52,213
11/25/2002,JQF,NC,ASO,ES,Federal Contract Tower,0,20,51,0,71,0,14,81,0,95,0,34,132,0,166,48,0,48,214
11/26/2002,JQF,NC,ASO,ES,Federal Contract Tower,0,27,67,0,94,0,4,91,0,95,0,31,158,0,189,136,0,136,325
11/27/2002,JQF,NC,ASO,ES,Federal Contract Tower,0,23,59,0,82,0,8,59,0,67,0,31,118,0,149,34,0,34,183
11/28/2002,JQF,NC,ASO,ES,Federal Contract Tower,0,0,13,0,13,0,0,45,0,45,0,0,58,0,58,2,0,2,60
11/29/2002,JQF,NC,ASO,ES,Federal Contract Tower,0,15,38,0,53,0,16,54,0,70,0,31,92,0,123,4,0,4,127
11/30/2002,JQF,NC,ASO,ES,Federal Contract Tower,0,2,15,0,17,0,0,45,0,45,0,2,60,0,62,4,0,4,66
12/01/2002,JQF,NC,ASO,ES,Federal Contract Tower,0,6,32,0,38,0,0,119,0,119,0,6,151,0,157,60,0,60,217
12/02/2002,JQF,NC,ASO,ES,Federal Contract Tower,0,22,42,0,64,0,9,79,0,88,0,31,121,0,152,50,0,50,202
12/03/2002,JQF,NC,ASO,ES,Federal Contract Tower,0,30,57,0,87,0,6,83,0,89,0,36,140,0,176,88,0,88,264
12/04/2002,JQF,NC,ASO,ES,Federal Contract Tower,0,7,20,0,27,0,0,4,0,4,0,7,24,0,31,0,0,0,31
12/05/2002,JQF,NC,ASO,ES,Federal Contract Tower,0,15,28,0,43,0,2,4,0,6,0,17,32,0,49,0,0,0,49
12/06/2002,JQF,NC,ASO,ES,Federal Contract Tower,0,23,45,0,68,0,1,46,0,47,0,24,91,0,115,56,0,56,171
12/07/2002,JQF,NC,ASO,ES,Federal Contract Tower,0,4,24,0,28,0,0,75,4,79,0,4,99,4,107,86,0,86,193
12/08/2002,JQF,NC,ASO,ES,Federal Contract Tower,0,3,20,0,23,0,0,47,0,47,0,3,67,0,70,68,0,68,138
12/09/2002,JQF,NC,ASO,ES,Federal Contract Tower,0,25,50,0,75,0,5,73,0,78,0,30,123,0,153,46,0,46,199
12/10/2002,JQF,NC,ASO,ES,Federal Contract Tower,0,26,53,1,80,0,5,19,1,25,0,31,72,2,105,58,0,58,163
12/11/2002,JQF,NC,ASO,ES,Federal Contract Tower,0,30,59,0,89,0,1,8,0,9,0,31,67,0,98,12,0,12,110
12/12/2002,JQF,NC,ASO,ES,Federal Contract Tower,0,31,70,0,101,0,0,37,0,37,0,31,107,0,138,10,0,10,148
12/13/2002,JQF,NC,ASO,ES,Federal Contract Tower,0,22,52,0,74,0,0,2,2,4,0,22,54,2,78,0,0,0,78
12/14/2002,JQF,NC,ASO,ES,Federal Contract Tower,0,0,30,0,30,0,0,72,3,75,0,0,102,3,105,66,0,66,171
12/15/2002,JQF,NC,ASO,ES,Federal Contract Tower,0,0,17,0,17,0,0,97,0,97,0,0,114,0,114,104,0,104,218
12/16/2002,JQF,NC,ASO,ES,Federal Contract Tower,0,29,59,0,88,0,4,74,0,78,0,33,133,0,166,34,0,34,200
12/17/2002,JQF,NC,ASO,ES,Federal Contract Tower,0,25,52,0,77,0,4,111,0,115,0,29,163,0,192,48,0,48,240
12/18/2002,JQF,NC,ASO,ES,Federal Contract Tower,0,29,60,0,89,0,3,63,0,66,0,32,123,0,155,34,0,34,189
12/19/2002,JQF,NC,ASO,ES,Federal Contract Tower,0,36,69,0,105,0,4,0,0,4,0,40,69,0,109,12,0,12,121
12/20/2002,JQF,NC,ASO,ES,Federal Contract Tower,0,25,52,0,77,0,9,28,0,37,0,34,80,0,114,54,0,54,168
12/21/2002,JQF,NC,ASO,ES,Federal Contract Tower,0,8,26,0,34,0,0,125,0,125,0,8,151,0,159,54,0,54,213
12/22/2002,JQF,NC,ASO,ES,Federal Contract Tower,0,0,18,0,18,0,0,54,0,54,0,0,72,0,72,18,0,18,90
12/23/2002,JQF,NC,ASO,ES,Federal Contract Tower,0,25,50,0,75,0,2,116,0,118,0,27,166,0,193,50,0,50,243
12/24/2002,JQF,NC,ASO,ES,Federal Contract Tower,0,12,5,0,17,0,19,0,0,19,0,31,5,0,36,0,0,0,36
12/25/2002,JQF,NC,ASO,ES,Federal Contract Tower,0,1,3,0,4,0,0,8,0,8,0,1,11,0,12,8,0,8,20
12/26/2002,JQF,NC,ASO,ES,Federal Contract Tower,0,17,36,0,53,0,17,40,0,57,0,34,76,0,110,22,0,22,132
12/27/2002,JQF,NC,ASO,ES,Federal Contract Tower,0,23,47,0,70,0,10,64,0,74,0,33,111,0,144,68,0,68,212
12/28/2002,JQF,NC,ASO,ES,Federal Contract Tower,0,0,18,0,18,0,0,106,0,106,0,0,124,0,124,68,0,68,192
12/29/2002,JQF,NC,ASO,ES,Federal Contract Tower,0,0,19,0,19,0,0,109,0,109,0,0,128,0,128,58,0,58,186
12/30/2002,JQF,NC,ASO,ES,Federal Contract Tower,0,19,39,0,58,0,10,67,0,77,0,29,106,0,135,46,0,46,181
12/31/2002,JQF,NC,ASO,ES,Federal Contract Tower,0,22,45,0,67,0,8,57,0,65,0,30,102,0,132,0,0,0,132
01/01/2003,JQF,NC,ASO,ES,Federal Contract Tower,0,4,13,0,17,0,0,11,0,11,0,4,24,0,28,4,0,4,32
01/02/2003,JQF,NC,ASO,ES,Federal Contract Tower,0,26,44,0,70,0,7,0,0,7,0,33,44,0,77,0,0,0,77
01/03/2003,JQF,NC,ASO,ES,Federal Contract Tower,0,22,41,0,63,0,3,14,0,17,0,25,55,0,80,0,0,0,80
01/04/2003,JQF,NC,ASO,ES,Federal Contract Tower,0,2,18,0,20,0,0,110,0,110,0,2,128,0,130,104,0,104,234
01/05/2003,JQF,NC,ASO,ES,Federal Contract Tower,0,3,23,0,26,0,0,77,0,77,0,3,100,0,103,40,0,40,143
01/06/2003,JQF,NC,ASO,ES,Federal Contract Tower,0,28,54,0,82,0,5,54,0,59,0,33,108,0,141,30,0,30,171
01/07/2003,JQF,NC,ASO,ES,Federal Contract Tower,0,24,45,0,69,0,3,76,0,79,0,27,121,0,148,32,0,32,180
01/08/2003,JQF,NC,ASO,ES,Federal Contract Tower,0,24,47,0,71,0,5,48,0,53,0,29,95,0,124,8,0,8,132
01/09/2003,JQF,NC,ASO,ES,Federal Contract Tower,0,34,74,0,108,0,0,75,0,75,0,34,149,0,183,60,0,60,243
01/10/2003,JQF,NC,ASO,ES,Federal Contract Tower,0,22,42,0,64,0,4,74,0,78,0,26,116,0,142,38,0,38,180
01/11/2003,JQF,NC,ASO,ES,Federal Contract Tower,0,0,20,0,20,0,0,134,0,134,0,0,154,0,154,70,0,70,224
01/12/2003,JQF,NC,ASO,ES,Federal Contract Tower,0,0,19,0,19,0,0,97,0,97,0,0,116,0,116,80,0,80,196
01/13/2003,JQF,NC,ASO,ES,Federal Contract Tower,0,29,57,0,86,0,7,36,0,43,0,36,93,0,129,58,0,58,187
01/14/2003,JQF,NC,ASO,ES,Federal Contract Tower,0,22,45,0,67,0,11,68,0,79,0,33,113,0,146,62,0,62,208
01/15/2003,JQF,NC,ASO,ES,Federal Contract Tower,0,30,65,0,95,0,0,61,0,61,0,30,126,0,156,14,0,14,170
01/16/2003,JQF,NC,ASO,ES,Federal Contract Tower,0,34,68,0,102,0,2,66,2,70,0,36,134,2,172,38,0,38,210
01/17/2003,JQF,NC,ASO,ES,Federal Contract Tower,0,21,42,0,63,0,8,36,0,44,0,29,78,0,107,12,0,12,119
01/18/2003,JQF,NC,ASO,ES,Federal Contract Tower,0,3,18,0,21,0,0,99,2,101,0,3,117,2,122,114,0,114,236
01/19/2003,JQF,NC,ASO,ES,Federal Contract Tower,0,0,19,0,19,0,0,91,0,91,0,0,110,0,110,40,0,40,150
01/20/2003,JQF,NC,ASO,ES,Federal Contract Tower,0,4,35,0,39,0,0,77,0,77,0,4,112,0,116,36,0,36,152
01/21/2003,JQF,NC,ASO,ES,Federal Contract Tower,0,29,59,0,88,0,5,7,0,12,0,34,66,0,100,0,0,0,100
01/22/2003,JQF,NC,ASO,ES,Federal Contract Tower,0,32,64,0,96,0,1,70,0,71,0,33,134,0,167,18,0,18,185
01/23/2003,JQF,NC,ASO,ES,Federal Contract Tower,0,20,35,0,55,0,6,0,2,8,0,26,35,2,63,0,0,0,63
01/24/2003,JQF,NC,ASO,ES,Federal Contract Tower,0,19,38,0,57,0,16,28,0,44,0,35,66,0,101,54,0,54,155
01/25/2003,JQF,NC,ASO,ES,Federal Contract Tower,0,4,15,0,19,0,0,100,0,100,0,4,115,0,119,68,0,68,187
01/26/2003,JQF,NC,ASO,ES,Federal Contract Tower,0,0,10,0,10,0,0,65,0,65,0,0,75,0,75,24,0,24,99
01/27/2003,JQF,NC,ASO,ES,Federal Contract Tower,0,30,59,0,89,0,10,39,0,49,0,40,98,0,138,90,0,90,228
01/28/2003,JQF,NC,ASO,ES,Federal Contract Tower,0,19,40,0,59,0,16,66,0,82,0,35,106,0,141,78,0,78,219
01/29/2003,JQF,NC,ASO,ES,Federal Contract Tower,0,33,65,0,98,0,2,33,0,35,0,35,98,0,133,4,0,4,137
01/30/2003,JQF,NC,ASO,ES,Federal Contract Tower,0,26,44,0,70,0,9,0,0,9,0,35,44,0,79,0,0,0,79
01/31/2003,JQF,NC,ASO,ES,Federal Contract Tower,0,26,46,0,72,0,6,0,0,6,0,32,46,0,78,0,0,0,78
02/01/2003,JQF,NC,ASO,ES,Federal Contract Tower,0,6,21,0,27,0,0,118,0,118,0,6,139,0,145,98,0,98,243
02/02/2003,JQF,NC,ASO,ES,Federal Contract Tower,0,0,20,0,20,0,0,127,0,127,0,0,147,0,147,74,0,74,221
02/03/2003,JQF,NC,ASO,ES,Federal Contract Tower,0,24,45,0,69,0,7,70,0,77,0,31,115,0,146,20,0,20,166
02/04/2003,JQF,NC,ASO,ES,Federal Contract Tower,0,23,45,0,68,0,13,43,0,56,0,36,88,0,124,14,0,14,138
02/05/2003,JQF,NC,ASO,ES,Federal Contract Tower,0,30,59,0,89,0,8,90,3,101,0,38,149,3,190,30,0,30,220
02/06/2003,JQF,NC,ASO,ES,Federal Contract Tower,0,34,72,0,106,0,0,49,0,49,0,34,121,0,155,36,0,36,191
02/07/2003,JQF,NC,ASO,ES,Federal Contract Tower,0,25,49,0,74,0,9,22,0,31,0,34,71,0,105,32,0,32,137
02/08/2003,JQF,NC,ASO,ES,Federal Contract Tower,0,0,19,0,19,0,0,151,0,151,0,0,170,0,170,54,0,54,224
02/09/2003,JQF,NC,ASO,ES,Federal Contract Tower,0,0,35,0,35,0,0,115,0,115,0,0,150,0,150,72,0,72,222
02/10/2003,JQF,NC,ASO,ES,Federal Contract Tower,0,21,36,0,57,0,15,0,0,15,0,36,36,0,72,0,0,0,72
02/11/2003,JQF,NC,ASO,ES,Federal Contract Tower,0,24,47,0,71,0,5,78,0,83,0,29,125,0,154,28,0,28,182
02/12/2003,JQF,NC,ASO,ES,Federal Contract Tower,0,30,60,0,90,0,4,61,0,65,0,34,121,0,155,12,0,12,167
02/13/2003,JQF,NC,ASO,ES,Federal Contract Tower,0,29,57,0,86,0,5,106,0,111,0,34,163,0,197,44,0,44,241
02/14/2003,JQF,NC,ASO,ES,Federal Contract Tower,0,24,47,0,71,0,8,24,0,32,0,32,71,0,103,42,0,42,145
02/15/2003,JQF,NC,ASO,ES,Federal Contract Tower,0,2,19,0,21,0,0,23,0,23,0,2,42,0,44,12,0,12,56
02/16/2003,JQF,NC,ASO,ES,Federal Contract Tower,0,3,8,0,11,0,0,0,0,0,0,3,8,0,11,0,0,0,11
02/17/2003,JQF,NC,ASO,ES,Federal Contract Tower,0,0,26,0,26,0,0,13,0,13,0,0,39,0,39,0,0,0,39
02/18/2003,JQF,NC,ASO,ES,Federal Contract Tower,0,30,62,0,92,0,7,50,0,57,0,37,112,0,149,82,0,82,231
02/19/2003,JQF,NC,ASO,ES,Federal Contract Tower,0,29,58,0,87,0,5,57,0,62,0,34,115,0,149,62,0,62,211
02/20/2003,JQF,NC,ASO,ES,Federal Contract Tower,0,26,54,0,80,0,5,36,0,41,0,31,90,0,121,86,0,86,207
02/21/2003,JQF,NC,ASO,ES,Federal Contract Tower,0,26,54,0,80,0,4,9,4,17,0,30,63,4,97,40,0,40,137
02/22/2003,JQF,NC,ASO,ES,Federal Contract Tower,0,0,4,0,4,0,0,1,0,1,0,0,5,0,5,0,0,0,5
02/23/2003,JQF,NC,ASO,ES,Federal Contract Tower,0,0,21,0,21,0,0,60,0,60,0,0,81,0,81,12,0,12,93
02/24/2003,JQF,NC,ASO,ES,Federal Contract Tower,0,28,56,0,84,0,1,68,0,69,0,29,124,0,153,18,0,18,171
02/25/2003,JQF,NC,ASO,ES,Federal Contract Tower,0,27,56,0,83,0,5,104,0,109,0,32,160,0,192,68,0,68,260
02/26/2003,JQF,NC,ASO,ES,Federal Contract Tower,0,27,62,0,89,0,0,8,0,8,0,27,70,0,97,0,0,0,97
02/27/2003,JQF,NC,ASO,ES,Federal Contract Tower,0,20,31,0,51,0,9,0,0,9,0,29,31,0,60,0,0,0,60
02/28/2003,JQF,NC,ASO,ES,Federal Contract Tower,0,28,54,0,82,0,4,0,0,4,0,32,54,0,86,8,0,8,94
03/01/2003,JQF,NC,ASO,ES,Federal Contract Tower,0,3,6,0,9,0,0,0,0,0,0,3,6,0,9,0,0,0,9
03/02/2003,JQF,NC,ASO,ES,Federal Contract Tower,0,0,21,0,21,0,0,77,0,77,0,0,98,0,98,42,0,42,140
03/03/2003,JQF,NC,ASO,ES,Federal Contract Tower,0,23,45,0,68,0,14,91,0,105,0,37,136,0,173,84,0,84,257
03/04/2003,JQF,NC,ASO,ES,Federal Contract Tower,0,24,49,0,73,0,10,84,12,106,0,34,133,12,179,78,0,78,257
03/05/2003,JQF,NC,ASO,ES,Federal Contract Tower,0,33,68,0,101,0,1,30,0,31,0,34,98,0,132,42,0,42,174
03/06/2003,JQF,NC,ASO,ES,Federal Contract Tower,0,38,91,0,129,0,0,27,0,27,0,38,118,0,156,18,0,18,174
03/07/2003,JQF,NC,ASO,ES,Federal Contract Tower,0,26,51,0,77,0,4,49,0,53,0,30,100,0,130,70,0,70,200
03/08/2003,JQF,NC,ASO,ES,Federal Contract Tower,0,4,28,0,32,0,0,122,0,122,0,4,150,0,154,142,0,142,296
03/09/2003,JQF,NC,ASO,ES,Federal Contract Tower,0,10,55,0,65,0,0,150,0,150,0,10,205,0,215,60,0,60,275
03/10/2003,JQF,NC,ASO,ES,Federal Contract Tower,0,22,50,0,72,0,9,101,0,110,0,31,151,0,182,50,0,50,232
03/11/2003,JQF,NC,ASO,ES,Federal Contract Tower,0,29,64,0,93,0,7,79,0,86,0,36,143,0,179,98,0,98,277
03/12/2003,JQF,NC,ASO,ES,Federal Contract Tower,0,29,64,0,93,0,6,61,0,67,0,35,125,0,160,58,0,58,218
03/13/2003,JQF,NC,ASO,ES,Federal Contract Tower,0,21,47,0,68,0,7,35,1,43,0,28,82,1,111,46,0,46,157
03/14/2003,JQF,NC,ASO,ES,Federal Contract Tower,0,25,58,0,83,0,8,42,0,50,0,33,100,0,133,30,0,30,163
03/15/2003,JQF,NC,ASO,ES,Federal Contract Tower,0,0,23,0,23,0,0,25,0,25,0,0,48,0,48,48,0,48,96
03/16/2003,JQF,NC,ASO,ES,Federal Contract Tower,0,5,51,0,56,0,0,18,0,18,0,5,69,0,74,0,0,0,74
03/17/2003,JQF,NC,ASO,ES,Federal Contract Tower,0,31,69,0,100,0,2,21,4,27,0,33,90,4,127,32,0,32,159
03/18/2003,JQF,NC,ASO,ES,Federal Contract Tower,0,21,48,0,69,0,8,5,0,13,0,29,53,0,82,10,0,10,92
03/19/2003,JQF,NC,ASO,ES,Federal Contract Tower,0,32,71,0,103,0,0,13,0,13,0,32,84,0,116,6,0,6,122
03/20/2003,JQF,NC,ASO,ES,Federal Contract Tower,0,29,60,0,89,0,6,0,0,6,0,35,60,0,95,0,0,0,95
03/21/2003,JQF,NC,ASO,ES,Federal Contract Tower,0,23,53,0,76,0,7,59,0,66,0,30,112,0,142,56,0,56,198
03/22/2003,JQF,NC,ASO,ES,Federal Contract Tower,0,0,19,0,19,0,0,128,0,128,0,0,147,0,147,82,0,82,229
03/23/2003,JQF,NC,ASO,ES,Federal Contract Tower,0,0,40,0,40,0,0,137,0,137,0,0,177,0,177,92,0,92,269
03/24/2003,JQF,NC,ASO,ES,Federal Contract Tower,0,26,58,0,84,0,8,115,0,123,0,34,173,0,207,56,0,56,263
03/25/2003,JQF,NC,ASO,ES,Federal Contract Tower,0,28,63,0,91,0,5,116,0,121,0,33,179,0,212,44,0,44,256
03/26/2003,JQF,NC,ASO,ES,Federal Contract Tower,0,29,65,0,94,0,6,67,0,73,0,35,132,0,167,46,0,46,213
03/27/2003,JQF,NC,ASO,ES,Federal Contract Tower,0,33,75,0,108,0,0,81,0,81,0,33,156,0,189,54,0,54,243
03/28/2003,JQF,NC,ASO,ES,Federal Contract Tower,0,24,54,0,78,0,7,40,0,47,0,31,94,0,125,20,0,20,145
03/29/2003,JQF,NC,ASO,ES,Federal Contract Tower,0,5,25,0,30,0,0,87,0,87,0,5,112,0,117,84,0,84,201
03/30/2003,JQF,NC,ASO,ES,Federal Contract Tower,0,8,39,0,47,0,0,27,0,27,0,8,66,0,74,0,0,0,74
03/31/2003,JQF,NC,ASO,ES,Federal Contract Tower,0,20,46,0,66,0,13,51,2,66,0,33,97,2,132,0,0,0,132
04/01/2003,JQF,NC,ASO,ES,Federal Contract Tower,0,26,55,0,81,0,5,84,0,89,0,31,139,0,170,26,0,26,196
04/02/2003,JQF,NC,ASO,ES,Federal Contract Tower,0,27,55,0,82,0,5,81,0,86,0,32,136,0,168,60,0,60,228
04/03/2003,JQF,NC,ASO,ES,Federal Contract Tower,0,39,90,0,129,0,0,119,0,119,0,39,209,0,248,100,0,100,348
04/04/2003,JQF,NC,ASO,ES,Federal Contract Tower,0,29,60,0,89,0,1,77,0,78,0,30,137,0,167,84,0,84,251
04/05/2003,JQF,NC,ASO,ES,Federal Contract Tower,0,2,35,0,37,0,0,50,0,50,0,2,85,0,87,44,0,44,131
04/06/2003,JQF,NC,ASO,ES,Federal Contract Tower,0,2,70,0,72,0,0,116,0,116,0,2,186,0,188,74,0,74,262
04/07/2003,JQF,NC,ASO,ES,Federal Contract Tower,0,23,39,0,62,0,9,0,0,9,0,32,39,0,71,0,0,0,71
04/08/2003,JQF,NC,ASO,ES,Federal Contract Tower,0,25,46,0,71,0,8,0,0,8,0,33,46,0,79,0,0,0,79
04/09/2003,JQF,NC,ASO,ES,Federal Contract Tower,0,33,68,0,101,0,1,2,0,3,0,34,70,0,104,0,0,0,104
04/10/2003,JQF,NC,ASO,ES,Federal Contract Tower,0,28,45,0,73,0,12,0,0,12,0,40,45,0,85,0,0,0,85
04/11/2003,JQF,NC,ASO,ES,Federal Contract Tower,0,28,60,0,88,0,11,19,0,30,0,39,79,0,118,34,0,34,152
04/12/2003,JQF,NC,ASO,ES,Federal Contract Tower,0,11,34,0,45,0,0,173,0,173,0,11,207,0,218,128,0,128,346
04/13/2003,JQF,NC,ASO,ES,Federal Contract Tower,0,4,31,0,35,0,0,114,0,114,0,4,145,0,149,52,0,52,201
04/14/2003,JQF,NC,ASO,ES,Federal Contract Tower,0,28,60,1,89,0,7,89,1,97,0,35,149,2,186,74,0,74,260
04/15/2003,JQF,NC,ASO,ES,Federal Contract Tower,0,33,72,0,105,0,4,98,0,102,0,37,170,0,207,38,0,38,245
04/16/2003,JQF,NC,ASO,ES,Federal Contract Tower,0,34,73,0,107,0,1,111,0,112,0,35,184,0,219,68,0,68,287
04/17/2003,JQF,NC,ASO,ES,Federal Contract Tower,0,29,65,0,94,0,3,118,0,121,0,32,183,0,215,20,0,20,235
04/18/2003,JQF,NC,ASO,ES,Federal Contract Tower,0,25,50,0,75,0,4,0,0,4,0,29,50,0,79,0,0,0,79
04/19/2003,JQF,NC,ASO,ES,Federal Contract Tower,0,2,18,0,20,0,0,5,0,5,0,2,23,0,25,0,0,0,25
04/20/2003,JQF,NC,ASO,ES,Federal Contract Tower,0,1,31,0,32,0,0,20,0,20,0,1,51,0,52,2,0,2,54
04/21/2003,JQF,NC,ASO,ES,Federal Contract Tower,0,27,55,0,82,0,5,0,0,5,0,32,55,0,87,0,0,0,87
04/22/2003,JQF,NC,ASO,ES,Federal Contract Tower,0,35,77,0,112,0,4,81,0,85,0,39,158,0,197,32,0,32,229
04/23/2003,JQF,NC,ASO,ES,Federal Contract Tower,0,25,55,0,80,0,9,98,6,113,0,34,153,6,193,62,0,62,255
04/24/2003,JQF,NC,ASO,ES,Federal Contract Tower,0,31,69,0,100,0,0,82,3,85,0,31,151,3,185,26,0,26,211
04/25/2003,JQF,NC,ASO,ES,Federal Contract Tower,0,25,46,0,71,0,7,0,2,9,0,32,46,2,80,0,0,0,80
04/26/2003,JQF,NC,ASO,ES,Federal Contract Tower,0,0,17,0,17,0,0,30,2,32,0,0,47,2,49,24,0,24,73
04/27/2003,JQF,NC,ASO,ES,Federal Contract Tower,0,0,26,0,26,0,0,137,0,137,0,0,163,0,163,84,0,84,247
04/28/2003,JQF,NC,ASO,ES,Federal Contract Tower,0,22,48,0,70,0,13,92,0,105,0,35,140,0,175,34,0,34,209
04/29/2003,JQF,NC,ASO,ES,Federal Contract Tower,0,31,69,0,100,0,0,92,0,92,0,31,161,0,192,96,0,96,288
04/30/2003,JQF,NC,ASO,ES,Federal Contract Tower,0,29,64,0,93,0,4,107,0,111,0,33,171,0,204,78,0,78,282
05/01/2003,JQF,NC,ASO,ES,Federal Contract Tower,0,37,104,0,141,0,0,66,0,66,0,37,170,0,207,50,0,50,257
05/02/2003,JQF,NC,ASO,ES,Federal Contract Tower,0,26,68,0,94,0,3,51,0,54,0,29,119,0,148,30,0,30,178
05/03/2003,JQF,NC,ASO,ES,Federal Contract Tower,0,1,36,0,37,0,0,99,0,99,0,1,135,0,136,70,0,70,206
05/04/2003,JQF,NC,ASO,ES,Federal Contract Tower,0,2,58,1,61,0,0,40,3,43,0,2,98,4,104,36,0,36,140
05/05/2003,JQF,NC,ASO,ES,Federal Contract Tower,0,21,41,0,62,0,13,0,0,13,0,34,41,0,75,0,0,0,75
05/06/2003,JQF,NC,ASO,ES,Federal Contract Tower,0,21,44,0,65,0,12,0,0,12,0,33,44,0,77,0,0,0,77
05/07/2003,JQF,NC,ASO,ES,Federal Contract Tower,0,25,62,0,87,0,7,44,0,51,0,32,106,0,138,28,0,28,166
05/08/2003,JQF,NC,ASO,ES,Federal Contract Tower,0,27,70,0,97,0,13,74,0,87,0,40,144,0,184,70,0,70,254
05/09/2003,JQF,NC,ASO,ES,Federal Contract Tower,0,25,64,0,89,0,10,78,0,88,0,35,142,0,177,70,0,70,247
05/10/2003,JQF,NC,ASO,ES,Federal Contract Tower,0,3,12,0,15,0,0,121,0,121,0,3,133,0,136,86,0,86,222
05/11/2003,JQF,NC,ASO,ES,Federal Contract Tower,0,2,25,0,27,0,0,37,0,37,0,2,62,0,64,38,0,38,102
05/12/2003,JQF,NC,ASO,ES,Federal Contract Tower,0,20,52,0,72,0,14,61,0,75,0,34,113,0,147,46,0,46,193
05/13/2003,JQF,NC,ASO,ES,Federal Contract Tower,0,23,58,0,81,0,9,107,0,116,0,32,165,0,197,28,0,28,225
05/14/2003,JQF,NC,ASO,ES,Federal Contract Tower,0,26,67,1,94,0,10,148,7,165,0,36,215,8,259,106,0,106,365
05/15/2003,JQF,NC,ASO,ES,Federal Contract Tower,0,27,69,0,96,0,3,59,0,62,0,30,128,0,158,30,0,30,188
05/16/2003,JQF,NC,ASO,ES,Federal Contract Tower,0,39,102,0,141,0,2,45,0,47,0,41,147,0,188,6,0,6,194
05/17/2003,JQF,NC,ASO,ES,Federal Contract Tower,0,3,70,1,74,0,0,171,10,181,0,3,241,11,255,10,0,10,265
05/18/2003,JQF,NC,ASO,ES,Federal Contract Tower,0,6,62,1,69,0,0,22,0,22,0,6,84,1,91,0,0,0,91
05/19/2003,JQF,NC,ASO,ES,Federal Contract Tower,0,24,58,0,82,0,9,0,0,9,0,33,58,0,91,0,0,0,91
05/20/2003,JQF,NC,ASO,ES,Federal Contract Tower,0,24,62,0,86,0,6,115,0,121,0,30,177,0,207,126,0,126,333
05/21/2003,JQF,NC,ASO,ES,Federal Contract Tower,0,28,71,0,99,0,2,30,0,32,0,30,101,0,131,2,0,2,133
05/22/2003,JQF,NC,ASO,ES,Federal Contract Tower,0,29,76,0,105,0,0,1,0,1,0,29,77,0,106,0,0,0,106
05/23/2003,JQF,NC,ASO,ES,Federal Contract Tower,0,37,96,1,134,0,1,32,1,34,0,38,128,2,168,4,0,4,172
05/24/2003,JQF,NC,ASO,ES,Federal Contract Tower,0,1,61,0,62,0,0,71,1,72,0,1,132,1,134,6,0,6,140
05/25/2003,JQF,NC,ASO,ES,Federal Contract Tower,0,6,78,0,84,0,0,513,7,520,0,6,591,7,604,4,0,4,608
05/26/2003,JQF,NC,ASO,ES,Federal Contract Tower,0,1,48,0,49,0,0,176,0,176,0,1,224,0,225,110,0,110,335
05/27/2003,JQF,NC,ASO,ES,Federal Contract Tower,0,33,86,0,119,0,16,53,0,69,0,49,139,0,188,54,0,54,242
05/28/2003,JQF,NC,ASO,ES,Federal Contract Tower,0,28,71,0,99,0,10,133,4,147,0,38,204,4,246,74,0,74,320
05/29/2003,JQF,NC,ASO,ES,Federal Contract Tower,0,35,92,0,127,0,13,104,0,117,0,48,196,0,244,94,0,94,338
05/30/2003,JQF,NC,ASO,ES,Federal Contract Tower,0,22,57,0,79,0,16,137,0,153,0,38,194,0,232,38,0,38,270
05/31/2003,JQF,NC,ASO,ES,Federal Contract Tower,0,3,20,0,23,0,0,37,0,37,0,3,57,0,60,0,0,0,60
06/01/2003,JQF,NC,ASO,ES,Federal Contract Tower,0,6,50,0,56,0,0,107,0,107,0,6,157,0,163,28,0,28,191
06/02/2003,JQF,NC,ASO,ES,Federal Contract Tower,0,24,56,0,80,0,9,132,0,141,0,33,188,0,221,82,0,82,303
06/03/2003,JQF,NC,ASO,ES,Federal Contract Tower,0,22,52,0,74,0,7,3,0,10,0,29,55,0,84,0,0,0,84
06/04/2003,JQF,NC,ASO,ES,Federal Contract Tower,0,30,71,0,101,0,2,45,0,47,0,32,116,0,148,18,0,18,166
06/05/2003,JQF,NC,ASO,ES,Federal Contract Tower,0,38,90,0,128,0,4,121,0,125,0,42,211,0,253,38,0,38,291
06/06/2003,JQF,NC,ASO,ES,Federal Contract Tower,0,24,56,0,80,0,7,98,0,105,0,31,154,0,185,32,0,32,217
06/07/2003,JQF,NC,ASO,ES,Federal Contract Tower,0,0,18,0,18,0,0,11,0,11,0,0,29,0,29,2,0,2,31
06/08/2003,JQF,NC,ASO,ES,Federal Contract Tower,0,8,68,0,76,0,0,53,0,53,0,8,121,0,129,20,0,20,149
06/09/2003,JQF,NC,ASO,ES,Federal Contract Tower,0,22,51,0,73,0,9,117,0,126,0,31,168,0,199,106,0,106,305
06/10/2003,JQF,NC,ASO,ES,Federal Contract Tower,0,31,74,0,105,0,1,130,0,131,0,32,204,0,236,74,0,74,310
06/11/2003,JQF,NC,ASO,ES,Federal Contract Tower,0,29,68,0,97,0,13,94,0,107,0,42,162,0,204,82,0,82,286
06/12/2003,JQF,NC,ASO,ES,Federal Contract Tower,0,40,101,0,141,0,0,74,0,74,0,40,175,0,215,18,0,18,233
06/13/2003,JQF,NC,ASO,ES,Federal Contract Tower,0,26,60,0,86,0,6,45,0,51,0,32,105,0,137,62,0,62,199
06/14/2003,JQF,NC,ASO,ES,Federal Contract Tower,0,2,27,0,29,0,0,104,0,104,0,2,131,0,133,56,0,56,189
06/15/2003,JQF,NC,ASO,ES,Federal Contract Tower,0,6,60,0,66,0,0,78,0,78,0,6,138,0,144,58,0,58,202
06/16/2003,JQF,NC,ASO,ES,Federal Contract Tower,0,28,68,0,96,0,11,22,0,33,0,39,90,0,129,40,0,40,169
06/17/2003,JQF,NC,ASO,ES,Federal Contract Tower,0,39,96,0,135,0,0,1,0,1,0,39,97,0,136,0,0,0,136
06/18/2003,JQF,NC,ASO,ES,Federal Contract Tower,0,30,66,0,96,0,6,0,0,6,0,36,66,0,102,0,0,0,102
06/19/2003,JQF,NC,ASO,ES,Federal Contract Tower,0,30,73,0,103,0,8,63,1,72,0,38,136,1,175,28,0,28,203
06/20/2003,JQF,NC,ASO,ES,Federal Contract Tower,0,27,66,0,93,0,9,85,0,94,0,36,151,0,187,60,0,60,247
06/21/2003,JQF,NC,ASO,ES,Federal Contract Tower,0,4,22,0,26,0,0,123,0,123,0,4,145,0,149,58,0,58,207
06/22/2003,JQF,NC,ASO,ES,Federal Contract Tower,0,4,22,0,26,0,0,111,0,111,0,4,133,0,137,68,0,68,205
06/23/2003,JQF,NC,ASO,ES,Federal Contract Tower,0,23,56,0,79,0,15,55,0,70,0,38,111,0,149,50,0,50,199
06/24/2003,JQF,NC,ASO,ES,Federal Contract Tower,0,27,67,0,94,0,7,112,1,120,0,34,179,1,214,32,0,32,246
06/25/2003,JQF,NC,ASO,ES,Federal Contract Tower,0,30,73,0,103,0,5,105,3,113,0,35,178,3,216,58,0,58,274
06/26/2003,JQF,NC,ASO,ES,Federal Contract Tower,0,32,78,0,110,0,1,151,2,154,0,33,229,2,264,52,0,52,316
06/27/2003,JQF,NC,ASO,ES,Federal Contract Tower,0,27,65,0,92,0,11,39,0,50,0,38,104,0,142,52,0,52,194
06/28/2003,JQF,NC,ASO,ES,Federal Contract Tower,0,3,28,0,31,0,0,19,0,19,0,3,47,0,50,34,0,34,84
06/29/2003,JQF,NC,ASO,ES,Federal Contract Tower,0,11,46,0,57,0,0,97,0,97,0,11,143,0,154,94,0,94,248
06/30/2003,JQF,NC,ASO,ES,Federal Contract Tower,0,26,65,0,91,0,8,48,0,56,0,34,113,0,147,76,0,76,223
07/01/2003,JQF,NC,ASO,ES,Federal Contract Tower,0,33,68,0,101,0,3,14,4,21,0,36,82,4,122,10,0,10,132
07/02/2003,JQF,NC,ASO,ES,Federal Contract Tower,0,35,69,0,104,0,4,0,0,4,0,39,69,0,108,0,0,0,108
07/03/2003,JQF,NC,ASO,ES,Federal Contract Tower,0,27,57,0,84,0,5,97,0,102,0,32,154,0,186,44,0,44,230
07/04/2003,JQF,NC,ASO,ES,Federal Contract Tower,0,0,21,0,21,0,0,65,4,69,0,0,86,4,90,22,0,22,112
07/05/2003,JQF,NC,ASO,ES,Federal Contract Tower,0,4,38,0,42,0,0,72,0,72,0,4,110,0,114,36,0,36,150
07/06/2003,JQF,NC,ASO,ES,Federal Contract Tower,0,5,27,0,32,0,0,60,0,60,0,5,87,0,92,16,0,16,108
07/07/2003,JQF,NC,ASO,ES,Federal Contract Tower,0,26,52,0,78,0,12,70,0,82,0,38,122,0,160,10,0,10,170
07/08/2003,JQF,NC,ASO,ES,Federal Contract Tower,0,33,67,0,100,0,1,110,0,111,0,34,177,0,211,68,0,68,279
07/09/2003,JQF,NC,ASO,ES,Federal Contract Tower,0,28,57,0,85,0,12,72,0,84,0,40,129,0,169,16,0,16,185
07/10/2003,JQF,NC,ASO,ES,Federal Contract Tower,0,38,79,0,117,0,5,96,0,101,0,43,175,0,218,4,0,4,222
07/11/2003,JQF,NC,ASO,ES,Federal Contract Tower,0,25,50,0,75,0,10,78,0,88,0,35,128,0,163,42,0,42,205
07/12/2003,JQF,NC,ASO,ES,Federal Contract Tower,0,6,33,0,39,0,0,119,2,121,0,6,152,2,160,58,0,58,218
07/13/2003,JQF,NC,ASO,ES,Federal Contract Tower,0,0,48,0,48,0,0,35,7,42,0,0,83,7,90,28,0,28,118
07/14/2003,JQF,NC,ASO,ES,Federal Contract Tower,0,31,66,0,97,0,6,26,0,32,0,37,92,0,129,20,0,20,149
07/15/2003,JQF,NC,ASO,ES,Federal Contract Tower,0,33,71,0,104,0,0,64,0,64,0,33,135,0,168,24,0,24,192
07/16/2003,JQF,NC,ASO,ES,Federal Contract Tower,0,33,71,0,104,0,12,72,0,84,0,45,143,0,188,32,0,32,220
07/17/2003,JQF,NC,ASO,ES,Federal Contract Tower,0,42,89,0,131,0,2,116,0,118,0,44,205,0,249,52,0,52,301
07/18/2003,JQF,NC,ASO,ES,Federal Contract Tower,0,32,70,0,102,0,7,22,0,29,0,39,92,0,131,28,0,28,159
07/19/2003,JQF,NC,ASO,ES,Federal Contract Tower,0,8,30,0,38,0,0,57,0,57,0,8,87,0,95,44,0,44,139
07/20/2003,JQF,NC,ASO,ES,Federal Contract Tower,0,10,57,0,67,0,0,91,4,95,0,10,148,4,162,61,0,61,223
07/21/2003,JQF,NC,ASO,ES,Federal Contract Tower,0,26,57,0,83,0,9,31,2,42,0,35,88,2,125,16,0,16,141
07/22/2003,JQF,NC,ASO,ES,Federal Contract Tower,0,29,62,0,91,0,6,33,2,41,0,35,95,2,132,20,0,20,152
07/23/2003,JQF,NC,ASO,ES,Federal Contract Tower,0,35,77,0,112,0,3,6,0,9,0,38,83,0,121,2,0,2,123
07/24/2003,JQF,NC,ASO,ES,Federal Contract Tower,0,36,79,0,115,0,4,87,0,91,0,40,166,0,206,56,0,56,262
07/25/2003,JQF,NC,ASO,ES,Federal Contract Tower,0,22,48,0,70,0,10,79,0,89,0,32,127,0,159,46,0,46,205
07/26/2003,JQF,NC,ASO,ES,Federal Contract Tower,0,6,33,0,39,0,0,106,0,106,0,6,139,0,145,76,0,76,221
07/27/2003,JQF,NC,ASO,ES,Federal Contract Tower,0,7,58,0,65,0,0,80,0,80,0,7,138,0,145,42,0,42,187
07/28/2003,JQF,NC,ASO,ES,Federal Contract Tower,0,20,44,0,64,0,14,79,0,93,0,34,123,0,157,52,0,52,209
07/29/2003,JQF,NC,ASO,ES,Federal Contract Tower,0,29,64,0,93,0,8,42,0,50,0,37,106,0,143,56,0,56,199
07/30/2003,JQF,NC,ASO,ES,Federal Contract Tower,0,37,79,0,116,0,0,22,0,22,0,37,101,0,138,26,0,26,164
07/31/2003,JQF,NC,ASO,ES,Federal Contract Tower,0,38,91,0,129,0,0,22,0,22,0,38,113,0,151,8,0,8,159
08/01/2003,JQF,NC,ASO,ES,Federal Contract Tower,0,32,73,0,105,0,0,11,0,11,0,32,84,0,116,0,0,0,116
08/02/2003,JQF,NC,ASO,ES,Federal Contract Tower,0,9,28,0,37,0,0,41,0,41,0,9,69,0,78,74,0,74,152
08/03/2003,JQF,NC,ASO,ES,Federal Contract Tower,0,9,56,0,65,0,0,41,0,41,0,9,97,0,106,54,0,54,160
08/04/2003,JQF,NC,ASO,ES,Federal Contract Tower,0,32,72,0,104,0,8,0,2,10,0,40,72,2,114,0,0,0,114
08/05/2003,JQF,NC,ASO,ES,Federal Contract Tower,0,27,61,0,88,0,4,33,0,37,0,31,94,0,125,34,0,34,159
08/06/2003,JQF,NC,ASO,ES,Federal Contract Tower,0,36,82,0,118,0,5,84,0,89,0,41,166,0,207,36,0,36,243
08/07/2003,JQF,NC,ASO,ES,Federal Contract Tower,0,41,93,0,134,0,0,66,0,66,0,41,159,0,200,22,0,22,222
08/08/2003,JQF,NC,ASO,ES,Federal Contract Tower,0,29,65,0,94,0,8,32,0,40,0,37,97,0,134,52,0,52,186
08/09/2003,JQF,NC,ASO,ES,Federal Contract Tower,0,8,32,0,40,0,0,77,4,81,0,8,109,4,121,64,0,64,185
08/10/2003,JQF,NC,ASO,ES,Federal Contract Tower,0,5,52,0,57,0,0,28,0,28,0,5,80,0,85,6,0,6,91
08/11/2003,JQF,NC,ASO,ES,Federal Contract Tower,0,27,62,0,89,0,13,76,0,89,0,40,138,0,178,86,0,86,264
08/12/2003,JQF,NC,ASO,ES,Federal Contract Tower,0,33,75,0,108,0,9,42,0,51,0,42,117,0,159,40,0,40,199
08/13/2003,JQF,NC,ASO,ES,Federal Contract Tower,0,27,61,0,88,0,5,79,0,84,0,32,140,0,172,92,0,92,264
08/14/2003,JQF,NC,ASO,ES,Federal Contract Tower,0,40,89,0,129,0,0,39,0,39,0,40,128,0,168,26,0,26,194
08/15/2003,JQF,NC,ASO,ES,Federal Contract Tower,0,24,55,0,79,0,10,63,0,73,0,34,118,0,152,54,0,54,206
08/16/2003,JQF,NC,ASO,ES,Federal Contract Tower,0,5,31,0,36,0,0,77,0,77,0,5,108,0,113,96,0,96,209
08/17/2003,JQF,NC,ASO,ES,Federal Contract Tower,0,7,53,0,60,0,0,78,0,78,0,7,131,0,138,62,0,62,200
08/18/2003,JQF,NC,ASO,ES,Federal Contract Tower,0,20,49,0,69,0,11,39,2,52,0,31,88,2,121,36,0,36,157
08/19/2003,JQF,NC,ASO,ES,Federal Contract Tower,0,26,62,0,88,0,3,48,0,51,0,29,110,0,139,48,0,48,187
08/20/2003,JQF,NC,ASO,ES,Federal Contract Tower,0,31,75,0,106,0,0,38,2,40,0,31,113,2,146,54,0,54,200
08/21/2003,JQF,NC,ASO,ES,Federal Contract Tower,0,30,71,0,101,0,3,54,0,57,0,33,125,0,158,48,0,48,206
08/22/2003,JQF,NC,ASO,ES,Federal Contract Tower,0,26,61,0,87,0,8,55,0,63,0,34,116,0,150,54,0,54,204
08/23/2003,JQF,NC,ASO,ES,Federal Contract Tower,0,6,31,0,37,0,0,104,0,104,0,6,135,0,141,58,0,58,199
08/24/2003,JQF,NC,ASO,ES,Federal Contract Tower,0,4,35,0,39,0,0,111,0,111,0,4,146,0,150,70,0,70,220
08/25/2003,JQF,NC,ASO,ES,Federal Contract Tower,0,23,53,0,76,0,19,88,0,107,0,42,141,0,183,88,0,88,271
08/26/2003,JQF,NC,ASO,ES,Federal Contract Tower,0,36,83,0,119,0,9,84,0,93,0,45,167,0,212,58,0,58,270
08/27/2003,JQF,NC,ASO,ES,Federal Contract Tower,0,33,79,0,112,0,6,68,0,74,0,39,147,0,186,52,0,52,238
08/28/2003,JQF,NC,ASO,ES,Federal Contract Tower,0,34,80,0,114,0,8,79,0,87,0,42,159,0,201,80,0,80,281
08/29/2003,JQF,NC,ASO,ES,Federal Contract Tower,0,28,67,0,95,0,6,86,0,92,0,34,153,0,187,38,0,38,225
08/30/2003,JQF,NC,ASO,ES,Federal Contract Tower,0,5,19,0,24,0,0,78,0,78,0,5,97,0,102,32,0,32,134
08/31/2003,JQF,NC,ASO,ES,Federal Contract Tower,0,3,22,0,25,0,0,34,0,34,0,3,56,0,59,34,0,34,93
09/01/2003,JQF,NC,ASO,ES,Federal Contract Tower,0,0,33,0,33,0,0,72,0,72,0,0,105,0,105,58,0,58,163
09/02/2003,JQF,NC,ASO,ES,Federal Contract Tower,0,24,57,0,81,0,14,26,0,40,0,38,83,0,121,58,0,58,179
09/03/2003,JQF,NC,ASO,ES,Federal Contract Tower,0,33,79,0,112,0,2,66,0,68,0,35,145,0,180,60,0,60,240
09/04/2003,JQF,NC,ASO,ES,Federal Contract Tower,0,34,79,0,113,0,6,36,0,42,0,40,115,0,155,10,0,10,165
09/05/2003,JQF,NC,ASO,ES,Federal Contract Tower,0,23,57,0,80,0,12,69,0,81,0,35,126,0,161,54,0,54,215
09/06/2003,JQF,NC,ASO,ES,Federal Contract Tower,0,5,38,0,43,0,0,87,0,87,0,5,125,0,130,74,0,74,204
09/07/2003,JQF,NC,ASO,ES,Federal Contract Tower,0,5,51,0,56,0,0,103,0,103,0,5,154,0,159,54,0,54,213
09/08/2003,JQF,NC,ASO,ES,Federal Contract Tower,0,22,55,0,77,0,9,45,0,54,0,31,100,0,131,74,0,74,205
09/09/2003,JQF,NC,ASO,ES,Federal Contract Tower,0,27,67,0,94,0,14,56,0,70,0,41,123,0,164,90,0,90,254
09/10/2003,JQF,NC,ASO,ES,Federal Contract Tower,0,28,69,0,97,0,8,78,0,86,0,36,147,0,183,62,0,62,245
09/11/2003,JQF,NC,ASO,ES,Federal Contract Tower,0,35,85,0,120,0,14,66,0,80,0,49,151,0,200,38,0,38,238
09/12/2003,JQF,NC,ASO,ES,Federal Contract Tower,0,31,76,1,108,0,14,41,1,56,0,45,117,2,164,106,0,106,270
09/13/2003,JQF,NC,ASO,ES,Federal Contract Tower,0,7,40,0,47,0,0,103,0,103,0,7,143,0,150,56,0,56,206
09/14/2003,JQF,NC,ASO,ES,Federal Contract Tower,0,8,59,1,68,0,0,85,3,88,0,8,144,4,156,44,8,52,208
09/15/2003,JQF,NC,ASO,ES,Federal Contract Tower,0,25,61,0,86,0,8,51,0,59,0,33,112,0,145,66,0,66,211
09/16/2003,JQF,NC,ASO,ES,Federal Contract Tower,0,22,55,0,77,0,26,64,0,90,0,48,119,0,167,46,0,46,213
09/17/2003,JQF,NC,ASO,ES,Federal Contract Tower,0,0,62,1,63,0,0,55,1,56,0,0,117,2,119,8,0,8,127
09/18/2003,JQF,NC,ASO,ES,Federal Contract Tower,0,14,35,0,49,0,10,27,0,37,0,24,62,0,86,34,0,34,120
09/19/2003,JQF,NC,ASO,ES,Federal Contract Tower,0,30,74,0,104,0,6,68,5,79,0,36,142,5,183,62,2,64,247
09/20/2003,JQF,NC,ASO,ES,Federal Contract Tower,0,6,33,0,39,0,0,96,5,101,0,6,129,5,140,136,22,158,298
09/21/2003,JQF,NC,ASO,ES,Federal Contract Tower,0,9,62,0,71,0,0,111,1,112,0,9,173,1,183,76,0,76,259
09/22/2003,JQF,NC,ASO,ES,Federal Contract Tower,0,29,72,0,101,0,5,15,0,20,0,34,87,0,121,2,0,2,123
09/23/2003,JQF,NC,ASO,ES,Federal Contract Tower,0,25,68,0,93,0,0,84,4,88,0,25,152,4,181,68,0,68,249
09/24/2003,JQF,NC,ASO,ES,Federal Contract Tower,0,29,75,0,104,0,0,132,0,132,0,29,207,0,236,38,0,38,274
09/25/2003,JQF,NC,ASO,ES,Federal Contract Tower,0,39,94,0,133,0,0,108,0,108,0,39,202,0,241,134,0,134,375
09/26/2003,JQF,NC,ASO,ES,Federal Contract Tower,0,27,65,0,92,0,9,79,0,88,0,36,144,0,180,78,0,78,258
09/27/2003,JQF,NC,ASO,ES,Federal Contract Tower,0,6,24,0,30,0,0,79,0,79,0,6,103,0,109,76,0,76,185
09/28/2003,JQF,NC,ASO,ES,Federal Contract Tower,0,7,58,0,65,0,0,105,0,105,0,7,163,0,170,28,0,28,198
09/29/2003,JQF,NC,ASO,ES,Federal Contract Tower,0,27,67,0,94,0,8,100,1,109,0,35,167,1,203,68,0,68,271
09/30/2003,JQF,NC,ASO,ES,Federal Contract Tower,0,30,73,0,103,0,7,110,0,117,0,37,183,0,220,44,2,46,266
10/01/2003,JQF,NC,ASO,ES,Federal Contract Tower,0,35,75,0,110,0,0,69,0,69,0,35,144,0,179,38,0,38,217
10/02/2003,JQF,NC,ASO,ES,Federal Contract Tower,0,34,72,0,106,0,7,74,0,81,0,41,146,0,187,24,0,24,211
10/03/2003,JQF,NC,ASO,ES,Federal Contract Tower,0,29,60,0,89,0,7,65,0,72,0,36,125,0,161,14,0,14,175
10/04/2003,JQF,NC,ASO,ES,Federal Contract Tower,0,10,29,0,39,0,0,88,0,88,0,10,117,0,127,24,0,24,151
10/05/2003,JQF,NC,ASO,ES,Federal Contract Tower,0,11,69,0,80,0,0,120,0,120,0,11,189,0,200,50,0,50,250
10/06/2003,JQF,NC,ASO,ES,Federal Contract Tower,0,25,53,0,78,0,17,55,0,72,0,42,108,0,150,28,0,28,178
10/07/2003,JQF,NC,ASO,ES,Federal Contract Tower,0,33,70,0,103,0,7,84,0,91,0,40,154,0,194,48,0,48,242
10/08/2003,JQF,NC,ASO,ES,Federal Contract Tower,0,39,88,0,127,0,0,11,0,11,0,39,99,0,138,0,2,2,140
10/09/2003,JQF,NC,ASO,ES,Federal Contract Tower,0,37,86,0,123,0,0,29,0,29,0,37,115,0,152,19,0,19,171
10/10/2003,JQF,NC,ASO,ES,Federal Contract Tower,0,48,106,1,155,0,0,57,7,64,0,48,163,8,219,24,0,24,243
10/11/2003,JQF,NC,ASO,ES,Federal Contract Tower,0,10,64,0,74,0,0,355,0,355,0,10,419,0,429,0,0,0,429
10/12/2003,JQF,NC,ASO,ES,Federal Contract Tower,0,4,60,0,64,0,0,139,0,139,0,4,199,0,203,62,0,62,265
10/13/2003,JQF,NC,ASO,ES,Federal Contract Tower,0,11,47,0,58,0,0,110,0,110,0,11,157,0,168,38,0,38,206
10/14/2003,JQF,NC,ASO,ES,Federal Contract Tower,0,29,64,0,93,0,10,41,0,51,0,39,105,0,144,10,0,10,154
10/15/2003,JQF,NC,ASO,ES,Federal Contract Tower,0,29,71,0,100,0,0,90,0,90,0,29,161,0,190,18,0,18,208
10/16/2003,JQF,NC,ASO,ES,Federal Contract Tower,0,28,62,0,90,0,5,129,0,134,0,33,191,0,224,114,0,114,338
10/17/2003,JQF,NC,ASO,ES,Federal Contract Tower,0,27,58,0,85,0,10,72,0,82,0,37,130,0,167,28,0,28,195
10/18/2003,JQF,NC,ASO,ES,Federal Contract Tower,0,2,30,0,32,0,0,87,0,87,0,2,117,0,119,26,0,26,145
10/19/2003,JQF,NC,ASO,ES,Federal Contract Tower,0,11,34,0,45,0,0,126,0,126,0,11,160,0,171,74,0,74,245
10/20/2003,JQF,NC,ASO,ES,Federal Contract Tower,0,24,55,0,79,0,17,81,0,98,0,41,136,0,177,54,0,54,231
10/21/2003,JQF,NC,ASO,ES,Federal Contract Tower,0,27,59,0,86,0,12,86,0,98,0,39,145,0,184,32,0,32,216
10/22/2003,JQF,NC,ASO,ES,Federal Contract Tower,0,31,70,0,101,0,4,55,0,59,0,35,125,0,160,28,0,28,188
10/23/2003,JQF,NC,ASO,ES,Federal Contract Tower,0,40,87,0,127,0,6,84,0,90,0,46,171,0,217,34,0,34,251
10/24/2003,JQF,NC,ASO,ES,Federal Contract Tower,0,32,70,0,102,0,12,103,0,115,0,44,173,0,217,52,0,52,269
10/25/2003,JQF,NC,ASO,ES,Federal Contract Tower,0,11,44,0,55,0,0,113,0,113,0,11,157,0,168,118,0,118,286
10/26/2003,JQF,NC,ASO,ES,Federal Contract Tower,0,7,43,0,50,0,0,12,0,12,0,7,55,0,62,0,0,0,62
10/27/2003,JQF,NC,ASO,ES,Federal Contract Tower,0,39,90,0,129,0,0,23,0,23,0,39,113,0,152,16,0,16,168
10/28/2003,JQF,NC,ASO,ES,Federal Contract Tower,0,31,70,0,101,0,12,11,0,23,0,43,81,0,124,0,0,0,124
10/29/2003,JQF,NC,ASO,ES,Federal Contract Tower,0,33,74,0,107,0,7,91,0,98,0,40,165,0,205,48,0,48,253
10/30/2003,JQF,NC,ASO,ES,Federal Contract Tower,0,22,49,0,71,0,8,107,0,115,0,30,156,0,186,108,0,108,294
10/31/2003,JQF,NC,ASO,ES,Federal Contract Tower,0,24,55,0,79,0,6,73,0,79,0,30,128,0,158,0,0,0,158
11/01/2003,JQF,NC,ASO,ES,Federal Contract Tower,0,5,17,0,22,0,0,75,0,75,0,5,92,0,97,22,0,22,119
11/02/2003,JQF,NC,ASO,ES,Federal Contract Tower,0,4,27,0,31,0,0,100,0,100,0,4,127,0,131,44,0,44,175
11/03/2003,JQF,NC,ASO,ES,Federal Contract Tower,0,21,44,0,65,0,16,71,0,87,0,37,115,0,152,40,0,40,192
11/04/2003,JQF,NC,ASO,ES,Federal Contract Tower,0,30,64,0,94,0,3,32,0,35,0,33,96,0,129,38,0,38,167
11/05/2003,JQF,NC,ASO,ES,Federal Contract Tower,0,32,69,0,101,0,3,16,0,19,0,35,85,0,120,0,0,0,120
11/06/2003,JQF,NC,ASO,ES,Federal Contract Tower,0,27,58,0,85,0,5,13,0,18,0,32,71,0,103,0,0,0,103
11/07/2003,JQF,NC,ASO,ES,Federal Contract Tower,0,27,58,0,85,0,11,54,0,65,0,38,112,0,150,38,0,38,188
11/08/2003,JQF,NC,ASO,ES,Federal Contract Tower,0,3,22,0,25,0,0,66,1,67,0,3,88,1,92,46,0,46,138
11/09/2003,JQF,NC,ASO,ES,Federal Contract Tower,0,4,29,0,33,0,0,88,0,88,0,4,117,0,121,20,0,20,141
11/10/2003,JQF,NC,ASO,ES,Federal Contract Tower,0,30,64,0,94,0,14,95,0,109,0,44,159,0,203,82,2,84,287
11/11/2003,JQF,NC,ASO,ES,Federal Contract Tower,0,9,50,0,59,0,0,105,0,105,0,9,155,0,164,68,0,68,232
11/12/2003,JQF,NC,ASO,ES,Federal Contract Tower,0,27,57,0,84,0,6,38,1,45,0,33,95,1,129,0,0,0,129
11/13/2003,JQF,NC,ASO,ES,Federal Contract Tower,0,24,50,0,74,0,12,48,4,64,0,36,98,4,138,0,0,0,138
11/14/2003,JQF,NC,ASO,ES,Federal Contract Tower,0,28,58,0,86,0,4,75,4,83,0,32,133,4,169,32,0,32,201
11/15/2003,JQF,NC,ASO,ES,Federal Contract Tower,0,5,32,0,37,0,0,67,1,68,0,5,99,1,105,54,0,54,159
11/16/2003,JQF,NC,ASO,ES,Federal Contract Tower,0,7,53,0,60,0,0,79,0,79,0,7,132,0,139,14,0,14,153
11/17/2003,JQF,NC,ASO,ES,Federal Contract Tower,0,23,53,0,76,0,11,22,0,33,0,34,75,0,109,10,0,10,119
11/18/2003,JQF,NC,ASO,ES,Federal Contract Tower,0,34,77,0,111,0,3,12,0,15,0,37,89,0,126,12,0,12,138
11/19/2003,JQF,NC,ASO,ES,Federal Contract Tower,0,22,39,0,61,0,15,0,0,15,0,37,39,0,76,0,0,0,76
11/20/2003,JQF,NC,ASO,ES,Federal Contract Tower,0,37,83,0,120,0,3,84,0,87,0,40,167,0,207,6,0,6,213
11/21/2003,JQF,NC,ASO,ES,Federal Contract Tower,0,23,52,0,75,0,10,100,3,113,0,33,152,3,188,60,0,60,248
11/22/2003,JQF,NC,ASO,ES,Federal Contract Tower,0,7,34,0,41,0,0,142,0,142,0,7,176,0,183,48,0,48,231
11/23/2003,JQF,NC,ASO,ES,Federal Contract Tower,0,3,33,0,36,0,0,116,0,116,0,3,149,0,152,50,0,50,202
11/24/2003,JQF,NC,ASO,ES,Federal Contract Tower,0,23,52,0,75,0,9,12,0,21,0,32,64,0,96,12,0,12,108
11/25/2003,JQF,NC,ASO,ES,Federal Contract Tower,0,32,75,0,107,0,0,81,2,83,0,32,156,2,190,24,0,24,214
11/26/2003,JQF,NC,ASO,ES,Federal Contract Tower,0,33,72,0,105,0,2,68,0,70,0,35,140,0,175,0,0,0,175
11/27/2003,JQF,NC,ASO,ES,Federal Contract Tower,0,0,13,0,13,0,0,8,0,8,0,0,21,0,21,0,0,0,21
11/28/2003,JQF,NC,ASO,ES,Federal Contract Tower,0,19,29,0,48,0,17,0,0,17,0,36,29,0,65,0,0,0,65
11/29/2003,JQF,NC,ASO,ES,Federal Contract Tower,0,5,29,0,34,0,0,84,0,84,0,5,113,0,118,34,0,34,152
11/30/2003,JQF,NC,ASO,ES,Federal Contract Tower,0,7,35,0,42,0,0,98,0,98,0,7,133,0,140,36,0,36,176
12/01/2003,JQF,NC,ASO,ES,Federal Contract Tower,0,28,43,0,71,0,14,31,0,45,0,42,74,0,116,0,0,0,116
12/02/2003,JQF,NC,ASO,ES,Federal Contract Tower,0,39,62,0,101,0,0,89,0,89,0,39,151,0,190,46,0,46,236
12/03/2003,JQF,NC,ASO,ES,Federal Contract Tower,0,35,56,0,91,0,3,51,0,54,0,38,107,0,145,26,0,26,171
12/04/2003,JQF,NC,ASO,ES,Federal Contract Tower,0,28,40,0,68,0,4,0,0,4,0,32,40,0,72,0,0,0,72
12/05/2003,JQF,NC,ASO,ES,Federal Contract Tower,0,35,61,0,96,0,0,5,0,5,0,35,66,0,101,0,0,0,101
12/06/2003,JQF,NC,ASO,ES,Federal Contract Tower,0,5,16,0,21,0,0,47,0,47,0,5,63,0,68,76,0,76,144
12/07/2003,JQF,NC,ASO,ES,Federal Contract Tower,0,6,29,0,35,0,0,113,0,113,0,6,142,0,148,92,0,92,240
12/08/2003,JQF,NC,ASO,ES,Federal Contract Tower,0,29,45,0,74,0,12,80,0,92,0,41,125,0,166,18,0,18,184
12/09/2003,JQF,NC,ASO,ES,Federal Contract Tower,0,34,54,0,88,0,6,95,0,101,0,40,149,0,189,24,0,24,213
12/10/2003,JQF,NC,ASO,ES,Federal Contract Tower,0,35,52,1,88,0,6,0,1,7,0,41,52,2,95,0,0,0,95
12/11/2003,JQF,NC,ASO,ES,Federal Contract Tower,0,35,58,0,93,0,7,112,0,119,0,42,170,0,212,38,0,38,250
12/12/2003,JQF,NC,ASO,ES,Federal Contract Tower,0,37,64,0,101,0,0,71,0,71,0,37,135,0,172,24,0,24,196
12/13/2003,JQF,NC,ASO,ES,Federal Contract Tower,0,2,19,0,21,0,0,72,0,72,0,2,91,0,93,106,0,106,199
12/14/2003,JQF,NC,ASO,ES,Federal Contract Tower,0,3,14,0,17,0,0,7,0,7,0,3,21,0,24,0,0,0,24
12/15/2003,JQF,NC,ASO,ES,Federal Contract Tower,0,27,44,0,71,0,5,73,0,78,0,32,117,0,149,52,0,52,201
12/16/2003,JQF,NC,ASO,ES,Federal Contract Tower,0,35,57,0,92,0,1,102,0,103,0,36,159,0,195,32,0,32,227
12/17/2003,JQF,NC,ASO,ES,Federal Contract Tower,0,30,48,0,78,0,4,53,0,57,0,34,101,0,135,2,0,2,137
12/18/2003,JQF,NC,ASO,ES,Federal Contract Tower,0,34,59,0,93,0,0,60,0,60,0,34,119,0,153,10,0,10,163
12/19/2003,JQF,NC,ASO,ES,Federal Contract Tower,0,38,65,0,103,0,0,58,4,62,0,38,123,4,165,46,0,46,211
12/20/2003,JQF,NC,ASO,ES,Federal Contract Tower,0,5,32,0,37,0,0,82,0,82,0,5,114,0,119,96,0,96,215
12/21/2003,JQF,NC,ASO,ES,Federal Contract Tower,0,4,22,0,26,0,0,125,0,125,0,4,147,0,151,24,0,24,175
12/22/2003,JQF,NC,ASO,ES,Federal Contract Tower,0,27,45,0,72,0,6,88,0,94,0,33,133,0,166,22,0,22,188
12/23/2003,JQF,NC,ASO,ES,Federal Contract Tower,0,27,45,0,72,0,2,68,0,70,0,29,113,0,142,34,0,34,176
12/24/2003,JQF,NC,ASO,ES,Federal Contract Tower,0,19,31,0,50,0,13,39,0,52,0,32,70,0,102,30,0,30,132
12/25/2003,JQF,NC,ASO,ES,Federal Contract Tower,0,0,7,0,7,0,0,19,0,19,0,0,26,0,26,16,0,16,42
12/26/2003,JQF,NC,ASO,ES,Federal Contract Tower,0,27,46,0,73,0,7,69,0,76,0,34,115,0,149,8,0,8,157
12/27/2003,JQF,NC,ASO,ES,Federal Contract Tower,0,7,18,0,25,0,0,94,0,94,0,7,112,0,119,22,0,22,141
12/28/2003,JQF,NC,ASO,ES,Federal Contract Tower,0,4,23,0,27,0,0,101,0,101,0,4,124,0,128,16,0,16,144
12/29/2003,JQF,NC,ASO,ES,Federal Contract Tower,0,21,34,0,55,0,11,59,0,70,0,32,93,0,125,30,0,30,155
12/30/2003,JQF,NC,ASO,ES,Federal Contract Tower,0,19,32,0,51,0,11,99,0,110,0,30,131,0,161,42,0,42,203
12/31/2003,JQF,NC,ASO,ES,Federal Contract Tower,0,21,34,0,55,0,15,91,0,106,0,36,125,0,161,20,0,20,181
01/01/2004,JQF,NC,ASO,ES,Federal Contract Tower,0,2,9,0,11,0,0,66,0,66,0,2,75,0,77,14,0,14,91
01/02/2004,JQF,NC,ASO,ES,Federal Contract Tower,0,23,40,0,63,0,12,40,0,52,0,35,80,0,115,70,0,70,185
01/03/2004,JQF,NC,ASO,ES,Federal Contract Tower,0,12,31,0,43,0,0,97,0,97,0,12,128,0,140,42,0,42,182
01/04/2004,JQF,NC,ASO,ES,Federal Contract Tower,0,8,27,0,35,0,0,42,0,42,0,8,69,0,77,24,0,24,101
01/05/2004,JQF,NC,ASO,ES,Federal Contract Tower,0,35,61,0,96,0,5,4,0,9,0,40,65,0,105,0,0,0,105
01/06/2004,JQF,NC,ASO,ES,Federal Contract Tower,0,28,48,0,76,0,5,88,0,93,0,33,136,0,169,6,0,6,175
01/07/2004,JQF,NC,ASO,ES,Federal Contract Tower,0,27,45,0,72,0,12,68,0,80,0,39,113,0,152,24,0,24,176
01/08/2004,JQF,NC,ASO,ES,Federal Contract Tower,0,31,65,0,96,0,0,68,0,68,0,31,133,0,164,20,0,20,184
01/09/2004,JQF,NC,ASO,ES,Federal Contract Tower,0,32,52,0,84,0,5,0,0,5,0,37,52,0,89,0,0,0,89
01/10/2004,JQF,NC,ASO,ES,Federal Contract Tower,0,11,20,0,31,0,0,37,0,37,0,11,57,0,68,18,0,18,86
01/11/2004,JQF,NC,ASO,ES,Federal Contract Tower,0,5,22,0,27,0,0,102,0,102,0,5,124,0,129,28,0,28,157
01/12/2004,JQF,NC,ASO,ES,Federal Contract Tower,0,32,62,0,94,0,2,48,0,50,0,34,110,0,144,14,0,14,158
01/13/2004,JQF,NC,ASO,ES,Federal Contract Tower,0,32,60,0,92,0,2,78,0,80,0,34,138,0,172,20,2,22,194
01/14/2004,JQF,NC,ASO,ES,Federal Contract Tower,0,25,47,0,72,0,8,107,0,115,0,33,154,0,187,8,0,8,195
01/15/2004,JQF,NC,ASO,ES,Federal Contract Tower,0,31,59,0,90,0,3,69,0,72,0,34,128,0,162,12,0,12,174
01/16/2004,JQF,NC,ASO,ES,Federal Contract Tower,0,25,48,0,73,0,6,63,0,69,0,31,111,0,142,42,0,42,184
01/17/2004,JQF,NC,ASO,ES,Federal Contract Tower,0,5,14,0,19,0,0,65,0,65,0,5,79,0,84,36,0,36,120
01/18/2004,JQF,NC,ASO,ES,Federal Contract Tower,0,4,21,0,25,0,0,7,0,7,0,4,28,0,32,0,0,0,32
01/19/2004,JQF,NC,ASO,ES,Federal Contract Tower,0,6,39,0,45,0,0,95,0,95,0,6,134,0,140,76,0,76,216
01/20/2004,JQF,NC,ASO,ES,Federal Contract Tower,0,28,54,0,82,0,6,82,0,88,0,34,136,0,170,28,0,28,198
01/21/2004,JQF,NC,ASO,ES,Federal Contract Tower,0,31,60,0,91,0,2,77,0,79,0,33,137,0,170,18,0,18,188
01/22/2004,JQF,NC,ASO,ES,Federal Contract Tower,0,35,66,0,101,0,6,59,0,65,0,41,125,0,166,26,0,26,192
01/23/2004,JQF,NC,ASO,ES,Federal Contract Tower,0,27,53,0,80,0,10,66,0,76,0,37,119,0,156,26,0,26,182
01/24/2004,JQF,NC,ASO,ES,Federal Contract Tower,0,4,19,0,23,0,0,87,0,87,0,4,106,0,110,62,0,62,172
01/25/2004,JQF,NC,ASO,ES,Federal Contract Tower,0,6,12,0,18,0,1,0,0,1,0,7,12,0,19,0,0,0,19
01/26/2004,JQF,NC,ASO,ES,Federal Contract Tower,0,4,6,0,10,0,4,0,0,4,0,8,6,0,14,0,0,0,14
01/27/2004,JQF,NC,ASO,ES,Federal Contract Tower,0,9,11,0,20,0,6,0,0,6,0,15,11,0,26,0,0,0,26
01/28/2004,JQF,NC,ASO,ES,Federal Contract Tower,0,24,45,0,69,0,20,30,0,50,0,44,75,0,119,14,0,14,133
01/29/2004,JQF,NC,ASO,ES,Federal Contract Tower,0,26,51,0,77,0,12,70,0,82,0,38,121,0,159,30,0,30,189
01/30/2004,JQF,NC,ASO,ES,Federal Contract Tower,0,30,87,0,117,0,0,53,0,53,0,30,140,0,170,16,0,16,186
01/31/2004,JQF,NC,ASO,ES,Federal Contract Tower,0,5,27,0,32,0,0,91,0,91,0,5,118,0,123,44,0,44,167
02/01/2004,JQF,NC,ASO,ES,Federal Contract Tower,0,9,35,0,44,0,0,67,0,67,0,9,102,0,111,14,0,14,125
02/02/2004,JQF,NC,ASO,ES,Federal Contract Tower,0,26,49,0,75,0,7,24,0,31,0,33,73,0,106,2,0,2,108
02/03/2004,JQF,NC,ASO,ES,Federal Contract Tower,0,27,51,0,78,0,6,28,0,34,0,33,79,0,112,36,0,36,148
02/04/2004,JQF,NC,ASO,ES,Federal Contract Tower,0,31,73,0,104,0,0,100,1,101,0,31,173,1,205,16,0,16,221
02/05/2004,JQF,NC,ASO,ES,Federal Contract Tower,0,35,67,0,102,0,2,33,0,35,0,37,100,0,137,16,0,16,153
02/06/2004,JQF,NC,ASO,ES,Federal Contract Tower,0,22,30,0,52,0,11,0,0,11,0,33,30,0,63,0,0,0,63
02/07/2004,JQF,NC,ASO,ES,Federal Contract Tower,0,5,26,0,31,0,0,71,0,71,0,5,97,0,102,24,0,24,126
02/08/2004,JQF,NC,ASO,ES,Federal Contract Tower,0,3,26,0,29,0,0,91,0,91,0,3,117,0,120,68,0,68,188
02/09/2004,JQF,NC,ASO,ES,Federal Contract Tower,0,28,52,0,80,0,7,39,2,48,0,35,91,2,128,4,2,6,134
02/10/2004,JQF,NC,ASO,ES,Federal Contract Tower,0,27,51,0,78,0,9,57,0,66,0,36,108,0,144,28,0,28,172
02/11/2004,JQF,NC,ASO,ES,Federal Contract Tower,0,27,53,1,81,0,6,79,1,86,0,33,132,2,167,30,0,30,197
02/12/2004,JQF,NC,ASO,ES,Federal Contract Tower,0,27,48,0,75,0,6,0,0,6,0,33,48,0,81,0,0,0,81
02/13/2004,JQF,NC,ASO,ES,Federal Contract Tower,0,25,50,0,75,0,11,76,0,87,0,36,126,0,162,40,0,40,202
02/14/2004,JQF,NC,ASO,ES,Federal Contract Tower,0,3,19,0,22,0,0,41,0,41,0,3,60,0,63,34,0,34,97
02/15/2004,JQF,NC,ASO,ES,Federal Contract Tower,0,5,47,0,52,0,0,21,0,21,0,5,68,0,73,0,0,0,73
02/16/2004,JQF,NC,ASO,ES,Federal Contract Tower,0,4,37,0,41,0,0,62,0,62,0,4,99,0,103,12,0,12,115
02/17/2004,JQF,NC,ASO,ES,Federal Contract Tower,0,27,54,0,81,0,5,42,0,47,0,32,96,0,128,8,0,8,136
02/18/2004,JQF,NC,ASO,ES,Federal Contract Tower,0,36,73,0,109,0,2,68,0,70,0,38,141,0,179,40,0,40,219
02/19/2004,JQF,NC,ASO,ES,Federal Contract Tower,0,25,49,0,74,0,14,108,0,122,0,39,157,0,196,16,0,16,212
02/20/2004,JQF,NC,ASO,ES,Federal Contract Tower,0,31,62,0,93,0,0,69,0,69,0,31,131,0,162,18,2,20,182
02/21/2004,JQF,NC,ASO,ES,Federal Contract Tower,0,3,20,0,23,0,0,57,0,57,0,3,77,0,80,34,0,34,114
02/22/2004,JQF,NC,ASO,ES,Federal Contract Tower,0,3,28,0,31,0,0,138,0,138,0,3,166,0,169,48,0,48,217
02/23/2004,JQF,NC,ASO,ES,Federal Contract Tower,0,27,54,0,81,0,6,50,0,56,0,33,104,0,137,24,0,24,161
02/24/2004,JQF,NC,ASO,ES,Federal Contract Tower,0,24,49,0,73,0,7,26,0,33,0,31,75,0,106,10,0,10,116
02/25/2004,JQF,NC,ASO,ES,Federal Contract Tower,0,30,61,0,91,0,7,49,0,56,0,37,110,0,147,30,0,30,177
02/26/2004,JQF,NC,ASO,ES,Federal Contract Tower,0,14,21,0,35,0,9,0,0,9,0,23,21,0,44,0,0,0,44
02/27/2004,JQF,NC,ASO,ES,Federal Contract Tower,0,21,43,0,64,0,12,2,2,16,0,33,45,2,80,10,0,10,90
02/28/2004,JQF,NC,ASO,ES,Federal Contract Tower,0,1,25,0,26,0,0,78,0,78,0,1,103,0,104,82,0,82,186
02/29/2004,JQF,NC,ASO,ES,Federal Contract Tower,0,4,34,0,38,0,0,101,2,103,0,4,135,2,141,42,0,42,183
03/01/2004,JQF,NC,ASO,ES,Federal Contract Tower,0,26,51,0,77,0,8,51,0,59,0,34,102,0,136,26,0,26,162
03/02/2004,JQF,NC,ASO,ES,Federal Contract Tower,0,32,64,0,96,0,2,46,2,50,0,34,110,2,146,4,0,4,150
03/03/2004,JQF,NC,ASO,ES,Federal Contract Tower,0,34,67,0,101,0,1,66,3,70,0,35,133,3,171,50,0,50,221
03/04/2004,JQF,NC,ASO,ES,Federal Contract Tower,0,33,69,0,102,0,0,83,0,83,0,33,152,0,185,26,0,26,211
03/05/2004,JQF,NC,ASO,ES,Federal Contract Tower,0,25,50,0,75,0,11,37,0,48,0,36,87,0,123,80,0,80,203
03/06/2004,JQF,NC,ASO,ES,Federal Contract Tower,0,3,12,0,15,0,0,45,0,45,0,3,57,0,60,56,0,56,116
03/07/2004,JQF,NC,ASO,ES,Federal Contract Tower,0,6,17,0,23,0,0,111,0,111,0,6,128,0,134,68,0,68,202
03/08/2004,JQF,NC,ASO,ES,Federal Contract Tower,0,22,45,0,67,0,15,61,0,76,0,37,106,0,143,24,0,24,167
03/09/2004,JQF,NC,ASO,ES,Federal Contract Tower,0,28,57,0,85,0,11,56,0,67,0,39,113,0,152,10,0,10,162
03/10/2004,JQF,NC,ASO,ES,Federal Contract Tower,0,26,53,0,79,0,12,61,0,73,0,38,114,0,152,34,0,34,186
03/11/2004,JQF,NC,ASO,ES,Federal Contract Tower,0,35,92,0,127,0,0,93,0,93,0,35,185,0,220,38,0,38,258
03/12/2004,JQF,NC,ASO,ES,Federal Contract Tower,0,29,58,0,87,0,0,82,0,82,0,29,140,0,169,70,0,70,239
03/13/2004,JQF,NC,ASO,ES,Federal Contract Tower,0,3,18,0,21,0,0,108,0,108,0,3,126,0,129,72,0,72,201
03/14/2004,JQF,NC,ASO,ES,Federal Contract Tower,0,7,58,0,65,0,0,130,0,130,0,7,188,0,195,42,0,42,237
03/15/2004,JQF,NC,ASO,ES,Federal Contract Tower,0,26,57,0,83,0,0,2,2,4,0,26,59,2,87,8,0,8,95
03/16/2004,JQF,NC,ASO,ES,Federal Contract Tower,0,26,54,0,80,0,5,24,0,29,0,31,78,0,109,34,0,34,143
03/17/2004,JQF,NC,ASO,ES,Federal Contract Tower,0,33,71,0,104,0,0,104,0,104,0,33,175,0,208,26,0,26,234
03/18/2004,JQF,NC,ASO,ES,Federal Contract Tower,0,32,67,0,99,0,2,20,0,22,0,34,87,0,121,4,0,4,125
03/19/2004,JQF,NC,ASO,ES,Federal Contract Tower,0,25,54,0,79,0,9,103,0,112,0,34,157,0,191,46,0,46,237
03/20/2004,JQF,NC,ASO,ES,Federal Contract Tower,0,5,27,0,32,0,0,93,0,93,0,5,120,0,125,86,0,86,211
03/21/2004,JQF,NC,ASO,ES,Federal Contract Tower,0,4,16,0,20,0,0,68,0,68,0,4,84,0,88,14,0,14,102
03/22/2004,JQF,NC,ASO,ES,Federal Contract Tower,0,24,50,0,74,0,9,49,0,58,0,33,99,0,132,28,0,28,160
03/23/2004,JQF,NC,ASO,ES,Federal Contract Tower,0,29,60,0,89,0,4,111,0,115,0,33,171,0,204,46,0,46,250
03/24/2004,JQF,NC,ASO,ES,Federal Contract Tower,0,34,72,0,106,0,0,115,0,115,0,34,187,0,221,94,0,94,315
03/25/2004,JQF,NC,ASO,ES,Federal Contract Tower,0,32,67,0,99,0,0,84,0,84,0,32,151,0,183,18,0,18,201
03/26/2004,JQF,NC,ASO,ES,Federal Contract Tower,0,32,66,0,98,0,2,97,0,99,0,34,163,0,197,52,0,52,249
03/27/2004,JQF,NC,ASO,ES,Federal Contract Tower,0,6,36,0,42,0,0,116,0,116,0,6,152,0,158,54,0,54,212
03/28/2004,JQF,NC,ASO,ES,Federal Contract Tower,0,4,42,0,46,0,0,104,0,104,0,4,146,0,150,46,0,46,196
03/29/2004,JQF,NC,ASO,ES,Federal Contract Tower,0,21,46,0,67,0,12,82,0,94,0,33,128,0,161,62,0,62,223
03/30/2004,JQF,NC,ASO,ES,Federal Contract Tower,0,32,66,0,98,0,3,1,0,4,0,35,67,0,102,0,0,0,102
03/31/2004,JQF,NC,ASO,ES,Federal Contract Tower,0,30,69,0,99,0,0,48,0,48,0,30,117,0,147,0,0,0,147
04/01/2004,JQF,NC,ASO,ES,Federal Contract Tower,0,34,71,0,105,0,0,83,0,83,0,34,154,0,188,24,0,24,212
04/02/2004,JQF,NC,ASO,ES,Federal Contract Tower,0,31,61,0,92,0,7,48,2,57,0,38,109,2,149,2,0,2,151
04/03/2004,JQF,NC,ASO,ES,Federal Contract Tower,0,4,43,0,47,0,0,90,0,90,0,4,133,0,137,68,0,68,205
04/04/2004,JQF,NC,ASO,ES,Federal Contract Tower,0,7,45,0,52,0,0,90,0,90,0,7,135,0,142,14,0,14,156
04/05/2004,JQF,NC,ASO,ES,Federal Contract Tower,0,30,59,0,89,0,11,19,6,36,0,41,78,6,125,2,0,2,127
04/06/2004,JQF,NC,ASO,ES,Federal Contract Tower,0,34,69,0,103,0,8,85,0,93,0,42,154,0,196,50,0,50,246
04/07/2004,JQF,NC,ASO,ES,Federal Contract Tower,0,34,68,0,102,0,7,103,0,110,0,41,171,0,212,58,0,58,270
04/08/2004,JQF,NC,ASO,ES,Federal Contract Tower,0,33,65,0,98,0,2,55,0,57,0,35,120,0,155,80,0,80,235
04/09/2004,JQF,NC,ASO,ES,Federal Contract Tower,0,29,61,0,90,0,6,111,0,117,0,35,172,0,207,36,0,36,243
04/10/2004,JQF,NC,ASO,ES,Federal Contract Tower,0,8,29,0,37,0,0,54,0,54,0,8,83,0,91,30,0,30,121
04/11/2004,JQF,NC,ASO,ES,Federal Contract Tower,0,1,24,0,25,0,0,17,0,17,0,1,41,0,42,0,0,0,42
04/12/2004,JQF,NC,ASO,ES,Federal Contract Tower,0,28,45,0,73,0,12,0,0,12,0,40,45,0,85,4,0,4,89
04/13/2004,JQF,NC,ASO,ES,Federal Contract Tower,0,27,55,0,82,0,8,31,0,39,0,35,86,0,121,28,0,28,149
04/14/2004,JQF,NC,ASO,ES,Federal Contract Tower,0,41,85,1,127,0,0,65,1,66,0,41,150,2,193,6,0,6,199
04/15/2004,JQF,NC,ASO,ES,Federal Contract Tower,0,28,59,0,87,0,3,80,2,85,0,31,139,2,172,12,0,12,184
04/16/2004,JQF,NC,ASO,ES,Federal Contract Tower,0,25,53,0,78,0,9,103,0,112,0,34,156,0,190,38,0,38,228
04/17/2004,JQF,NC,ASO,ES,Federal Contract Tower,0,7,29,0,36,0,0,80,33,113,0,7,109,33,149,40,0,40,189
04/18/2004,JQF,NC,ASO,ES,Federal Contract Tower,0,4,38,0,42,0,0,161,0,161,0,4,199,0,203,82,0,82,285
04/19/2004,JQF,NC,ASO,ES,Federal Contract Tower,0,22,46,0,68,0,7,67,0,74,0,29,113,0,142,48,0,48,190
04/20/2004,JQF,NC,ASO,ES,Federal Contract Tower,0,22,45,0,67,0,13,88,0,101,0,35,133,0,168,38,0,38,206
04/21/2004,JQF,NC,ASO,ES,Federal Contract Tower,0,28,58,0,86,0,4,99,0,103,0,32,157,0,189,22,0,22,211
04/22/2004,JQF,NC,ASO,ES,Federal Contract Tower,0,38,86,0,124,0,0,97,0,97,0,38,183,0,221,40,0,40,261
04/23/2004,JQF,NC,ASO,ES,Federal Contract Tower,0,25,52,0,77,0,14,73,0,87,0,39,125,0,164,70,0,70,234
04/24/2004,JQF,NC,ASO,ES,Federal Contract Tower,0,4,34,0,38,0,0,103,0,103,0,4,137,0,141,66,0,66,207
04/25/2004,JQF,NC,ASO,ES,Federal Contract Tower,0,7,66,0,73,0,0,87,0,87,0,7,153,0,160,32,0,32,192
04/26/2004,JQF,NC,ASO,ES,Federal Contract Tower,0,31,64,0,95,0,4,6,0,10,0,35,70,0,105,0,0,0,105
04/27/2004,JQF,NC,ASO,ES,Federal Contract Tower,0,29,61,0,90,0,4,81,0,85,0,33,142,0,175,88,0,88,263
04/28/2004,JQF,NC,ASO,ES,Federal Contract Tower,0,30,72,0,102,0,0,151,0,151,0,30,223,0,253,58,0,58,311
04/29/2004,JQF,NC,ASO,ES,Federal Contract Tower,0,28,60,0,88,0,8,110,0,118,0,36,170,0,206,68,0,68,274
04/30/2004,JQF,NC,ASO,ES,Federal Contract Tower,0,28,58,0,86,0,10,58,2,70,0,38,116,2,156,60,0,60,216
05/01/2004,JQF,NC,ASO,ES,Federal Contract Tower,0,5,20,0,25,0,0,9,0,9,0,5,29,0,34,2,0,2,36
05/02/2004,JQF,NC,ASO,ES,Federal Contract Tower,0,2,24,0,26,0,0,21,0,21,0,2,45,0,47,36,0,36,83
05/03/2004,JQF,NC,ASO,ES,Federal Contract Tower,0,23,59,0,82,0,17,16,0,33,0,40,75,0,115,42,0,42,157
05/04/2004,JQF,NC,ASO,ES,Federal Contract Tower,0,25,64,0,89,0,7,95,0,102,0,32,159,0,191,92,0,92,283
05/05/2004,JQF,NC,ASO,ES,Federal Contract Tower,0,34,93,0,127,0,3,114,0,117,0,37,207,0,244,75,0,75,319
05/06/2004,JQF,NC,ASO,ES,Federal Contract Tower,0,32,85,0,117,0,5,124,0,129,0,37,209,0,246,74,0,74,320
05/07/2004,JQF,NC,ASO,ES,Federal Contract Tower,0,19,49,1,69,0,20,107,2,129,0,39,156,3,198,104,0,104,302
05/08/2004,JQF,NC,ASO,ES,Federal Contract Tower,0,2,23,0,25,0,0,93,0,93,0,2,116,0,118,82,0,82,200
05/09/2004,JQF,NC,ASO,ES,Federal Contract Tower,0,4,23,0,27,0,0,77,0,77,0,4,100,0,104,40,0,40,144
05/10/2004,JQF,NC,ASO,ES,Federal Contract Tower,0,18,48,0,66,0,12,75,0,87,0,30,123,0,153,40,0,40,193
05/11/2004,JQF,NC,ASO,ES,Federal Contract Tower,0,26,69,1,96,0,10,99,4,113,0,36,168,5,209,36,0,36,245
05/12/2004,JQF,NC,ASO,ES,Federal Contract Tower,0,29,76,0,105,0,4,77,0,81,0,33,153,0,186,74,0,74,260
05/13/2004,JQF,NC,ASO,ES,Federal Contract Tower,0,37,101,0,138,0,0,57,0,57,0,37,158,0,195,32,0,32,227
05/14/2004,JQF,NC,ASO,ES,Federal Contract Tower,0,28,75,1,104,0,9,48,0,57,0,37,123,1,161,22,0,22,183
05/15/2004,JQF,NC,ASO,ES,Federal Contract Tower,0,8,45,0,53,0,0,78,0,78,0,8,123,0,131,64,0,64,195
05/16/2004,JQF,NC,ASO,ES,Federal Contract Tower,0,9,66,0,75,0,0,73,0,73,0,9,139,0,148,32,0,32,180
05/17/2004,JQF,NC,ASO,ES,Federal Contract Tower,0,27,71,0,98,0,13,59,0,72,0,40,130,0,170,52,0,52,222
05/18/2004,JQF,NC,ASO,ES,Federal Contract Tower,0,30,79,1,110,0,1,97,5,103,0,31,176,6,213,48,12,60,273
05/19/2004,JQF,NC,ASO,ES,Federal Contract Tower,0,26,68,0,94,0,10,90,0,100,0,36,158,0,194,50,0,50,244
05/20/2004,JQF,NC,ASO,ES,Federal Contract Tower,0,26,69,0,95,0,5,93,0,98,0,31,162,0,193,46,0,46,239
05/21/2004,JQF,NC,ASO,ES,Federal Contract Tower,0,31,82,0,113,0,0,123,0,123,0,31,205,0,236,20,0,20,256
05/22/2004,JQF,NC,ASO,ES,Federal Contract Tower,0,1,60,0,61,0,0,283,0,283,0,1,343,0,344,34,0,34,378
05/23/2004,JQF,NC,ASO,ES,Federal Contract Tower,0,3,45,0,48,0,0,95,0,95,0,3,140,0,143,42,0,42,185
05/24/2004,JQF,NC,ASO,ES,Federal Contract Tower,0,25,67,0,92,0,10,78,0,88,0,35,145,0,180,64,0,64,244
05/25/2004,JQF,NC,ASO,ES,Federal Contract Tower,0,29,77,0,106,0,7,94,0,101,0,36,171,0,207,22,0,22,229
05/26/2004,JQF,NC,ASO,ES,Federal Contract Tower,0,29,77,0,106,0,13,121,0,134,0,42,198,0,240,66,0,66,306
05/27/2004,JQF,NC,ASO,ES,Federal Contract Tower,0,36,96,0,132,0,4,107,0,111,0,40,203,0,243,10,0,10,253
05/28/2004,JQF,NC,ASO,ES,Federal Contract Tower,0,32,85,0,117,0,6,81,2,89,0,38,166,2,206,36,0,36,242
05/29/2004,JQF,NC,ASO,ES,Federal Contract Tower,0,3,37,0,40,0,0,312,10,322,0,3,349,10,362,10,0,10,372
05/30/2004,JQF,NC,ASO,ES,Federal Contract Tower,0,2,58,0,60,0,0,576,53,629,0,2,634,53,689,40,0,40,729
05/31/2004,JQF,NC,ASO,ES,Federal Contract Tower,0,4,99,1,104,0,0,20,2,22,0,4,119,3,126,4,0,4,130
06/01/2004,JQF,NC,ASO,ES,Federal Contract Tower,0,29,70,0,99,0,10,134,0,144,0,39,204,0,243,112,0,112,355
06/02/2004,JQF,NC,ASO,ES,Federal Contract Tower,0,27,67,0,94,0,11,103,0,114,0,38,170,0,208,12,0,12,220
06/03/2004,JQF,NC,ASO,ES,Federal Contract Tower,0,31,92,0,123,0,0,69,0,69,0,31,161,0,192,36,0,36,228
06/04/2004,JQF,NC,ASO,ES,Federal Contract Tower,0,27,62,0,89,0,12,0,0,12,0,39,62,0,101,8,0,8,109
06/05/2004,JQF,NC,ASO,ES,Federal Contract Tower,0,1,26,0,27,0,0,89,0,89,0,1,115,0,116,28,0,28,144
06/06/2004,JQF,NC,ASO,ES,Federal Contract Tower,0,3,59,0,62,0,0,50,0,50,0,3,109,0,112,96,0,96,208
06/07/2004,JQF,NC,ASO,ES,Federal Contract Tower,0,28,67,0,95,0,7,34,0,41,0,35,101,0,136,114,0,114,250
06/08/2004,JQF,NC,ASO,ES,Federal Contract Tower,0,22,55,0,77,0,8,8,2,18,0,30,63,2,95,20,0,20,115
06/09/2004,JQF,NC,ASO,ES,Federal Contract Tower,0,28,69,0,97,0,7,38,0,45,0,35,107,0,142,56,0,56,198
06/10/2004,JQF,NC,ASO,ES,Federal Contract Tower,0,36,90,0,126,0,4,100,4,108,0,40,190,4,234,48,0,48,282
06/11/2004,JQF,NC,ASO,ES,Federal Contract Tower,0,29,72,0,101,0,0,92,1,93,0,29,164,1,194,48,0,48,242
06/12/2004,JQF,NC,ASO,ES,Federal Contract Tower,0,2,28,0,30,0,0,84,0,84,0,2,112,0,114,66,0,66,180
06/13/2004,JQF,NC,ASO,ES,Federal Contract Tower,0,8,63,0,71,0,0,49,0,49,0,8,112,0,120,56,0,56,176
06/14/2004,JQF,NC,ASO,ES,Federal Contract Tower,0,29,70,0,99,0,1,22,0,23,0,30,92,0,122,0,0,0,122
06/15/2004,JQF,NC,ASO,ES,Federal Contract Tower,0,34,84,0,118,0,3,20,0,23,0,37,104,0,141,0,0,0,141
06/16/2004,JQF,NC,ASO,ES,Federal Contract Tower,0,27,67,0,94,0,3,88,4,95,0,30,155,4,189,62,0,62,251
06/17/2004,JQF,NC,ASO,ES,Federal Contract Tower,0,31,107,0,138,0,0,77,15,92,0,31,184,15,230,22,0,22,252
06/18/2004,JQF,NC,ASO,ES,Federal Contract Tower,0,19,49,0,68,0,8,60,0,68,0,27,109,0,136,30,0,30,166
06/19/2004,JQF,NC,ASO,ES,Federal Contract Tower,0,1,31,0,32,0,0,63,0,63,0,1,94,0,95,66,0,66,161
06/20/2004,JQF,NC,ASO,ES,Federal Contract Tower,0,2,55,0,57,0,0,91,0,91,0,2,146,0,148,44,0,44,192
06/21/2004,JQF,NC,ASO,ES,Federal Contract Tower,0,21,54,0,75,0,12,0,0,12,0,33,54,0,87,0,0,0,87
06/22/2004,JQF,NC,ASO,ES,Federal Contract Tower,0,23,59,0,82,0,5,51,0,56,0,28,110,0,138,68,0,68,206
06/23/2004,JQF,NC,ASO,ES,Federal Contract Tower,0,27,68,0,95,0,7,33,0,40,0,34,101,0,135,28,0,28,163
06/24/2004,JQF,NC,ASO,ES,Federal Contract Tower,0,24,63,0,87,0,6,27,0,33,0,30,90,0,120,36,0,36,156
06/25/2004,JQF,NC,ASO,ES,Federal Contract Tower,0,21,54,0,75,0,11,20,0,31,0,32,74,0,106,22,0,22,128
06/26/2004,JQF,NC,ASO,ES,Federal Contract Tower,0,3,26,0,29,0,0,69,1,70,0,3,95,1,99,70,0,70,169
06/27/2004,JQF,NC,ASO,ES,Federal Contract Tower,0,3,18,0,21,0,0,90,0,90,0,3,108,0,111,96,0,96,207
06/28/2004,JQF,NC,ASO,ES,Federal Contract Tower,0,29,74,0,103,0,10,27,0,37,0,39,101,0,140,50,0,50,190
06/29/2004,JQF,NC,ASO,ES,Federal Contract Tower,0,25,63,0,88,0,12,103,0,115,0,37,166,0,203,76,0,76,279
06/30/2004,JQF,NC,ASO,ES,Federal Contract Tower,0,30,82,0,112,0,0,40,0,40,0,30,122,0,152,26,0,26,178
07/01/2004,JQF,NC,ASO,ES,Federal Contract Tower,0,28,71,0,99,0,3,50,0,53,0,31,121,0,152,20,0,20,172
07/02/2004,JQF,NC,ASO,ES,Federal Contract Tower,0,23,57,0,80,0,8,21,0,29,0,31,78,0,109,36,0,36,145
07/03/2004,JQF,NC,ASO,ES,Federal Contract Tower,0,3,41,0,44,0,0,27,0,27,0,3,68,0,71,68,0,68,139
07/04/2004,JQF,NC,ASO,ES,Federal Contract Tower,0,2,18,0,20,0,0,43,0,43,0,2,61,0,63,8,0,8,71
07/05/2004,JQF,NC,ASO,ES,Federal Contract Tower,0,3,23,0,26,0,0,77,0,77,0,3,100,0,103,36,0,36,139
07/06/2004,JQF,NC,ASO,ES,Federal Contract Tower,0,20,48,0,68,0,12,70,2,84,0,32,118,2,152,98,0,98,250
07/07/2004,JQF,NC,ASO,ES,Federal Contract Tower,0,23,58,0,81,0,8,97,0,105,0,31,155,0,186,54,0,54,240
07/08/2004,JQF,NC,ASO,ES,Federal Contract Tower,0,30,74,0,104,0,0,77,2,79,0,30,151,2,183,88,0,88,271
07/09/2004,JQF,NC,ASO,ES,Federal Contract Tower,0,23,58,0,81,0,3,83,0,86,0,26,141,0,167,66,0,66,233
07/10/2004,JQF,NC,ASO,ES,Federal Contract Tower,0,2,31,0,33,0,0,78,0,78,0,2,109,0,111,46,0,46,157
07/11/2004,JQF,NC,ASO,ES,Federal Contract Tower,0,4,40,0,44,0,0,111,0,111,0,4,151,0,155,80,0,80,235
07/12/2004,JQF,NC,ASO,ES,Federal Contract Tower,0,24,60,0,84,0,9,28,0,37,0,33,88,0,121,76,0,76,197
07/13/2004,JQF,NC,ASO,ES,Federal Contract Tower,0,32,79,0,111,0,1,85,0,86,0,33,164,0,197,104,0,104,301
07/14/2004,JQF,NC,ASO,ES,Federal Contract Tower,0,25,60,0,85,0,5,91,0,96,0,30,151,0,181,66,0,66,247
07/15/2004,JQF,NC,ASO,ES,Federal Contract Tower,0,28,68,0,96,0,2,75,1,78,0,30,143,1,174,80,0,80,254
07/16/2004,JQF,NC,ASO,ES,Federal Contract Tower,0,23,59,0,82,0,12,68,0,80,0,35,127,0,162,62,0,62,224
07/17/2004,JQF,NC,ASO,ES,Federal Contract Tower,0,1,26,0,27,0,0,89,0,89,0,1,115,0,116,6,0,6,122
07/18/2004,JQF,NC,ASO,ES,Federal Contract Tower,0,2,35,0,37,0,0,44,0,44,0,2,79,0,81,18,0,18,99
07/19/2004,JQF,NC,ASO,ES,Federal Contract Tower,0,31,80,0,111,0,14,47,0,61,0,45,127,0,172,34,0,34,206
07/20/2004,JQF,NC,ASO,ES,Federal Contract Tower,0,27,70,0,97,0,2,103,0,105,0,29,173,0,202,36,0,36,238
07/21/2004,JQF,NC,ASO,ES,Federal Contract Tower,0,23,60,0,83,0,17,148,0,165,0,40,208,0,248,76,0,76,324
07/22/2004,JQF,NC,ASO,ES,Federal Contract Tower,0,35,99,0,134,0,0,71,0,71,0,35,170,0,205,48,0,48,253
07/23/2004,JQF,NC,ASO,ES,Federal Contract Tower,0,23,59,0,82,0,4,55,0,59,0,27,114,0,141,84,0,84,225
07/24/2004,JQF,NC,ASO,ES,Federal Contract Tower,0,1,28,0,29,0,0,80,0,80,0,1,108,0,109,56,0,56,165
07/25/2004,JQF,NC,ASO,ES,Federal Contract Tower,0,3,49,0,52,0,0,88,2,90,0,3,137,2,142,54,0,54,196
07/26/2004,JQF,NC,ASO,ES,Federal Contract Tower,0,25,64,0,89,0,10,17,0,27,0,35,81,0,116,12,0,12,128
07/27/2004,JQF,NC,ASO,ES,Federal Contract Tower,0,26,69,0,95,0,3,4,1,8,0,29,73,1,103,28,0,28,131
07/28/2004,JQF,NC,ASO,ES,Federal Contract Tower,0,26,68,0,94,0,3,48,2,53,0,29,116,2,147,12,0,12,159
07/29/2004,JQF,NC,ASO,ES,Federal Contract Tower,0,34,89,0,123,0,6,23,0,29,0,40,112,0,152,26,0,26,178
07/30/2004,JQF,NC,ASO,ES,Federal Contract Tower,0,18,47,0,65,0,14,26,0,40,0,32,73,0,105,44,0,44,149
07/31/2004,JQF,NC,ASO,ES,Federal Contract Tower,0,3,19,0,22,0,0,46,0,46,0,3,65,0,68,0,0,0,68
08/01/2004,JQF,NC,ASO,ES,Federal Contract Tower,0,1,47,0,48,0,0,59,0,59,0,1,106,0,107,72,0,72,179
08/02/2004,JQF,NC,ASO,ES,Federal Contract Tower,0,23,59,0,82,0,7,15,0,22,0,30,74,0,104,16,0,16,120
08/03/2004,JQF,NC,ASO,ES,Federal Contract Tower,0,24,62,0,86,0,8,93,0,101,0,32,155,0,187,86,0,86,273
08/04/2004,JQF,NC,ASO,ES,Federal Contract Tower,0,30,77,0,107,0,0,93,0,93,0,30,170,0,200,86,0,86,286
08/05/2004,JQF,NC,ASO,ES,Federal Contract Tower,0,30,88,0,118,0,0,79,0,79,0,30,167,0,197,48,0,48,245
08/06/2004,JQF,NC,ASO,ES,Federal Contract Tower,0,22,57,0,79,0,11,52,0,63,0,33,109,0,142,122,0,122,264
08/07/2004,JQF,NC,ASO,ES,Federal Contract Tower,0,2,18,0,20,0,0,83,0,83,0,2,101,0,103,92,0,92,195
08/08/2004,JQF,NC,ASO,ES,Federal Contract Tower,0,4,47,0,51,0,0,110,0,110,0,4,157,0,161,58,0,58,219
08/09/2004,JQF,NC,ASO,ES,Federal Contract Tower,0,24,59,0,83,0,9,68,0,77,0,33,127,0,160,18,0,18,178
08/10/2004,JQF,NC,ASO,ES,Federal Contract Tower,0,25,62,0,87,0,13,93,2,108,0,38,155,2,195,100,0,100,295
08/11/2004,JQF,NC,ASO,ES,Federal Contract Tower,0,31,83,0,114,0,0,97,0,97,0,31,180,0,211,46,0,46,257
08/12/2004,JQF,NC,ASO,ES,Federal Contract Tower,0,31,79,0,110,0,0,3,0,3,0,31,82,0,113,0,0,0,113
08/13/2004,JQF,NC,ASO,ES,Federal Contract Tower,0,18,46,0,64,0,23,0,0,23,0,41,46,0,87,54,0,54,141
08/14/2004,JQF,NC,ASO,ES,Federal Contract Tower,0,1,33,0,34,0,0,13,0,13,0,1,46,0,47,6,0,6,53
08/15/2004,JQF,NC,ASO,ES,Federal Contract Tower,0,8,47,0,55,0,0,14,0,14,0,8,61,0,69,2,0,2,71
08/16/2004,JQF,NC,ASO,ES,Federal Contract Tower,0,18,49,0,67,0,15,65,0,80,0,33,114,0,147,110,0,110,257
08/17/2004,JQF,NC,ASO,ES,Federal Contract Tower,0,26,68,0,94,0,12,87,0,99,0,38,155,0,193,102,0,102,295
08/18/2004,JQF,NC,ASO,ES,Federal Contract Tower,0,31,84,0,115,0,8,82,0,90,0,39,166,0,205,100,0,100,305
08/19/2004,JQF,NC,ASO,ES,Federal Contract Tower,0,30,78,0,108,0,9,74,0,83,0,39,152,0,191,42,0,42,233
08/20/2004,JQF,NC,ASO,ES,Federal Contract Tower,0,22,59,0,81,0,10,44,0,54,0,32,103,0,135,54,0,54,189
08/21/2004,JQF,NC,ASO,ES,Federal Contract Tower,0,1,25,0,26,0,0,40,0,40,0,1,65,0,66,32,0,32,98
08/22/2004,JQF,NC,ASO,ES,Federal Contract Tower,0,2,64,0,66,0,0,83,0,83,0,2,147,0,149,94,0,94,243
08/23/2004,JQF,NC,ASO,ES,Federal Contract Tower,0,24,65,0,89,0,8,72,0,80,0,32,137,0,169,50,0,50,219
08/24/2004,JQF,NC,ASO,ES,Federal Contract Tower,0,29,77,0,106,0,10,82,0,92,0,39,159,0,198,60,0,60,258
08/25/2004,JQF,NC,ASO,ES,Federal Contract Tower,0,31,83,0,114,0,3,98,0,101,0,34,181,0,215,56,0,56,271
08/26/2004,JQF,NC,ASO,ES,Federal Contract Tower,0,31,82,0,113,0,0,61,4,65,0,31,143,4,178,26,0,26,204
08/27/2004,JQF,NC,ASO,ES,Federal Contract Tower,0,30,78,0,108,0,7,47,0,54,0,37,125,0,162,8,0,8,170
08/28/2004,JQF,NC,ASO,ES,Federal Contract Tower,0,1,29,0,30,0,0,106,0,106,0,1,135,0,136,130,0,130,266
08/29/2004,JQF,NC,ASO,ES,Federal Contract Tower,0,5,42,0,47,0,0,35,0,35,0,5,77,0,82,16,0,16,98
08/30/2004,JQF,NC,ASO,ES,Federal Contract Tower,0,25,68,0,93,0,5,60,0,65,0,30,128,0,158,60,0,60,218
08/31/2004,JQF,NC,ASO,ES,Federal Contract Tower,0,25,66,0,91,0,2,42,0,44,0,27,108,0,135,70,0,70,205
09/01/2004,JQF,NC,ASO,ES,Federal Contract Tower,0,28,92,0,120,0,0,39,0,39,0,28,131,0,159,10,0,10,169
09/02/2004,JQF,NC,ASO,ES,Federal Contract Tower,0,30,78,0,108,0,0,86,0,86,0,30,164,0,194,64,0,64,258
09/03/2004,JQF,NC,ASO,ES,Federal Contract Tower,0,20,47,0,67,0,2,92,0,94,0,22,139,0,161,78,0,78,239
09/04/2004,JQF,NC,ASO,ES,Federal Contract Tower,0,0,14,0,14,0,0,64,0,64,0,0,78,0,78,64,0,64,142
09/05/2004,JQF,NC,ASO,ES,Federal Contract Tower,0,0,12,0,12,0,0,41,0,41,0,0,53,0,53,86,0,86,139
09/06/2004,JQF,NC,ASO,ES,Federal Contract Tower,0,0,29,0,29,0,0,17,0,17,0,0,46,0,46,2,0,2,48
09/07/2004,JQF,NC,ASO,ES,Federal Contract Tower,0,16,27,0,43,0,10,0,0,10,0,26,27,0,53,0,0,0,53
09/08/2004,JQF,NC,ASO,ES,Federal Contract Tower,0,23,53,0,76,0,9,0,0,9,0,32,53,0,85,4,0,4,89
09/09/2004,JQF,NC,ASO,ES,Federal Contract Tower,0,28,77,0,105,0,0,98,0,98,0,28,175,0,203,38,0,38,241
09/10/2004,JQF,NC,ASO,ES,Federal Contract Tower,0,24,59,0,83,0,7,93,0,100,0,31,152,0,183,64,0,64,247
09/11/2004,JQF,NC,ASO,ES,Federal Contract Tower,0,1,37,0,38,0,0,99,0,99,0,1,136,0,137,68,0,68,205
09/12/2004,JQF,NC,ASO,ES,Federal Contract Tower,0,0,44,0,44,0,0,115,0,115,0,0,159,0,159,60,0,60,219
09/13/2004,JQF,NC,ASO,ES,Federal Contract Tower,0,32,78,0,110,0,0,69,0,69,0,32,147,0,179,0,0,0,179
09/14/2004,JQF,NC,ASO,ES,Federal Contract Tower,0,24,57,0,81,0,7,84,0,91,0,31,141,0,172,128,0,128,300
09/15/2004,JQF,NC,ASO,ES,Federal Contract Tower,0,31,78,0,109,0,1,40,0,41,0,32,118,0,150,40,0,40,190
09/16/2004,JQF,NC,ASO,ES,Federal Contract Tower,0,26,65,0,91,0,6,2,0,8,0,32,67,0,99,14,0,14,113
09/17/2004,JQF,NC,ASO,ES,Federal Contract Tower,0,15,14,0,29,0,26,0,0,26,0,41,14,0,55,0,0,0,55
09/18/2004,JQF,NC,ASO,ES,Federal Contract Tower,0,2,18,0,20,0,0,35,0,35,0,2,53,0,55,14,0,14,69
09/19/2004,JQF,NC,ASO,ES,Federal Contract Tower,0,4,42,0,46,0,0,87,0,87,0,4,129,0,133,30,0,30,163
09/20/2004,JQF,NC,ASO,ES,Federal Contract Tower,0,21,53,0,74,0,11,69,0,80,0,32,122,0,154,66,0,66,220
09/21/2004,JQF,NC,ASO,ES,Federal Contract Tower,0,27,68,0,95,0,8,97,0,105,0,35,165,0,200,102,0,102,302
09/22/2004,JQF,NC,ASO,ES,Federal Contract Tower,0,28,71,0,99,0,9,110,0,119,0,37,181,0,218,46,0,46,264
09/23/2004,JQF,NC,ASO,ES,Federal Contract Tower,0,33,83,0,116,0,5,111,6,122,0,38,194,6,238,70,0,70,308
09/24/2004,JQF,NC,ASO,ES,Federal Contract Tower,0,26,68,0,94,0,7,84,0,91,0,33,152,0,185,80,0,80,265
09/25/2004,JQF,NC,ASO,ES,Federal Contract Tower,0,2,44,0,46,0,0,144,0,144,0,2,188,0,190,26,0,26,216
09/26/2004,JQF,NC,ASO,ES,Federal Contract Tower,0,4,52,0,56,0,0,153,0,153,0,4,205,0,209,40,0,40,249
09/27/2004,JQF,NC,ASO,ES,Federal Contract Tower,0,17,28,0,45,0,15,0,0,15,0,32,28,0,60,0,0,0,60
09/28/2004,JQF,NC,ASO,ES,Federal Contract Tower,0,15,38,0,53,0,20,15,0,35,0,35,53,0,88,42,0,42,130
09/29/2004,JQF,NC,ASO,ES,Federal Contract Tower,0,33,85,0,118,0,4,101,0,105,0,37,186,0,223,84,0,84,307
09/30/2004,JQF,NC,ASO,ES,Federal Contract Tower,0,38,111,0,149,0,0,73,0,73,0,38,184,0,222,36,0,36,258
11/01/2004,JQF,NC,ASO,ES,Federal Contract Tower,0,36,50,0,86,0,1,99,0,100,0,37,149,0,186,48,0,48,234
11/02/2004,JQF,NC,ASO,ES,Federal Contract Tower,0,39,35,0,74,0,0,33,0,33,0,39,68,0,107,44,0,44,151
11/03/2004,JQF,NC,ASO,ES,Federal Contract Tower,0,33,60,0,93,0,0,48,0,48,0,33,108,0,141,2,0,2,143
11/04/2004,JQF,NC,ASO,ES,Federal Contract Tower,0,36,58,0,94,0,0,0,0,0,0,36,58,0,94,0,0,0,94
11/05/2004,JQF,NC,ASO,ES,Federal Contract Tower,0,36,51,0,87,0,0,81,0,81,0,36,132,0,168,62,0,62,230
11/06/2004,JQF,NC,ASO,ES,Federal Contract Tower,0,2,33,0,35,0,0,99,0,99,0,2,132,0,134,60,0,60,194
11/07/2004,JQF,NC,ASO,ES,Federal Contract Tower,0,0,46,0,46,0,0,101,0,101,0,0,147,0,147,36,0,36,183
11/08/2004,JQF,NC,ASO,ES,Federal Contract Tower,0,36,39,0,75,0,3,70,0,73,0,39,109,0,148,46,0,46,194
11/09/2004,JQF,NC,ASO,ES,Federal Contract Tower,0,36,58,0,94,0,0,90,0,90,0,36,148,0,184,48,0,48,232
11/10/2004,JQF,NC,ASO,ES,Federal Contract Tower,0,26,49,0,75,0,3,94,0,97,0,29,143,0,172,44,0,44,216
11/11/2004,JQF,NC,ASO,ES,Federal Contract Tower,0,5,63,0,68,0,0,63,0,63,0,5,126,0,131,102,0,102,233
11/12/2004,JQF,NC,ASO,ES,Federal Contract Tower,0,37,54,0,91,0,0,0,0,0,0,37,54,0,91,0,0,0,91
11/13/2004,JQF,NC,ASO,ES,Federal Contract Tower,0,0,21,0,21,0,0,32,0,32,0,0,53,0,53,16,0,16,69
11/14/2004,JQF,NC,ASO,ES,Federal Contract Tower,0,0,37,0,37,0,0,84,0,84,0,0,121,0,121,60,0,60,181
11/15/2004,JQF,NC,ASO,ES,Federal Contract Tower,0,30,40,0,70,0,0,65,0,65,0,30,105,0,135,92,0,92,227
11/16/2004,JQF,NC,ASO,ES,Federal Contract Tower,0,41,75,0,116,0,1,73,0,74,0,42,148,0,190,56,0,56,246
11/17/2004,JQF,NC,ASO,ES,Federal Contract Tower,0,33,61,0,94,0,0,81,4,85,0,33,142,4,179,74,0,74,253
11/18/2004,JQF,NC,ASO,ES,Federal Contract Tower,0,32,65,0,97,0,0,54,0,54,0,32,119,0,151,16,0,16,167
11/19/2004,JQF,NC,ASO,ES,Federal Contract Tower,0,34,40,0,74,0,0,64,0,64,0,34,104,0,138,54,0,54,192
11/20/2004,JQF,NC,ASO,ES,Federal Contract Tower,0,0,39,0,39,0,0,24,0,24,0,0,63,0,63,78,0,78,141
11/21/2004,JQF,NC,ASO,ES,Federal Contract Tower,0,6,59,0,65,0,0,62,0,62,0,6,121,0,127,50,0,50,177
11/22/2004,JQF,NC,ASO,ES,Federal Contract Tower,0,37,47,0,84,0,0,37,0,37,0,37,84,0,121,30,0,30,151
11/23/2004,JQF,NC,ASO,ES,Federal Contract Tower,0,36,60,0,96,0,0,0,0,0,0,36,60,0,96,0,0,0,96
11/24/2004,JQF,NC,ASO,ES,Federal Contract Tower,0,33,43,0,76,0,0,2,0,2,0,33,45,0,78,0,0,0,78
11/25/2004,JQF,NC,ASO,ES,Federal Contract Tower,0,0,23,0,23,0,0,11,0,11,0,0,34,0,34,0,0,0,34
11/26/2004,JQF,NC,ASO,ES,Federal Contract Tower,0,34,29,0,63,0,0,85,0,85,0,34,114,0,148,58,0,58,206
11/27/2004,JQF,NC,ASO,ES,Federal Contract Tower,0,0,31,0,31,0,0,36,0,36,0,0,67,0,67,42,0,42,109
11/28/2004,JQF,NC,ASO,ES,Federal Contract Tower,0,2,71,0,73,0,0,57,0,57,0,2,128,0,130,20,0,20,150
11/29/2004,JQF,NC,ASO,ES,Federal Contract Tower,0,32,52,0,84,0,1,76,0,77,0,33,128,0,161,84,0,84,245
11/30/2004,JQF,NC,ASO,ES,Federal Contract Tower,0,35,53,0,88,0,1,102,0,103,0,36,155,0,191,62,0,62,253
12/01/2004,JQF,NC,ASO,ES,Federal Contract Tower,0,40,45,0,85,0,1,65,4,70,0,41,110,4,155,36,0,36,191
12/02/2004,JQF,NC,ASO,ES,Federal Contract Tower,0,41,62,0,103,0,1,69,0,70,0,42,131,0,173,24,0,24,197
12/03/2004,JQF,NC,ASO,ES,Federal Contract Tower,0,37,45,0,82,0,0,81,0,81,0,37,126,0,163,50,0,50,213
12/04/2004,JQF,NC,ASO,ES,Federal Contract Tower,0,4,31,0,35,0,1,119,0,120,0,5,150,0,155,64,0,64,219
12/05/2004,JQF,NC,ASO,ES,Federal Contract Tower,0,3,37,0,40,0,0,85,0,85,0,3,122,0,125,48,0,48,173
12/06/2004,JQF,NC,ASO,ES,Federal Contract Tower,0,32,48,0,80,0,0,12,0,12,0,32,60,0,92,14,0,14,106
12/07/2004,JQF,NC,ASO,ES,Federal Contract Tower,0,33,30,2,65,0,0,3,0,3,0,33,33,2,68,0,0,0,68
12/08/2004,JQF,NC,ASO,ES,Federal Contract Tower,0,31,86,0,117,0,0,89,2,91,0,31,175,2,208,34,0,34,242
12/09/2004,JQF,NC,ASO,ES,Federal Contract Tower,0,39,41,0,80,0,0,0,0,0,0,39,41,0,80,0,0,0,80
12/10/2004,JQF,NC,ASO,ES,Federal Contract Tower,0,36,48,0,84,0,1,19,0,20,0,37,67,0,104,30,0,30,134
12/11/2004,JQF,NC,ASO,ES,Federal Contract Tower,0,3,35,0,38,0,0,37,0,37,0,3,72,0,75,62,0,62,137
12/12/2004,JQF,NC,ASO,ES,Federal Contract Tower,0,4,33,0,37,0,0,80,0,80,0,4,113,0,117,28,0,28,145
12/13/2004,JQF,NC,ASO,ES,Federal Contract Tower,0,35,56,0,91,0,0,56,0,56,0,35,112,0,147,32,0,32,179
12/14/2004,JQF,NC,ASO,ES,Federal Contract Tower,0,39,40,0,79,0,2,76,0,78,0,41,116,0,157,16,0,16,173
12/15/2004,JQF,NC,ASO,ES,Federal Contract Tower,0,39,65,0,104,0,0,70,0,70,0,39,135,0,174,28,0,28,202
12/16/2004,JQF,NC,ASO,ES,Federal Contract Tower,0,36,49,0,85,0,1,79,0,80,0,37,128,0,165,70,0,70,235
12/17/2004,JQF,NC,ASO,ES,Federal Contract Tower,0,41,64,0,105,0,0,76,0,76,0,41,140,0,181,44,0,44,225
12/18/2004,JQF,NC,ASO,ES,Federal Contract Tower,0,0,44,0,44,0,0,77,0,77,0,0,121,0,121,32,0,32,153
12/19/2004,JQF,NC,ASO,ES,Federal Contract Tower,0,0,16,0,16,0,0,13,0,13,0,0,29,0,29,10,0,10,39
12/20/2004,JQF,NC,ASO,ES,Federal Contract Tower,0,38,49,0,87,0,0,37,0,37,0,38,86,0,124,32,0,32,156
12/21/2004,JQF,NC,ASO,ES,Federal Contract Tower,0,33,56,0,89,0,1,67,0,68,0,34,123,0,157,24,0,24,181
12/22/2004,JQF,NC,ASO,ES,Federal Contract Tower,0,33,37,0,70,0,1,62,0,63,0,34,99,0,133,68,0,68,201
12/23/2004,JQF,NC,ASO,ES,Federal Contract Tower,0,32,10,0,42,0,0,15,0,15,0,32,25,0,57,12,0,12,69
12/24/2004,JQF,NC,ASO,ES,Federal Contract Tower,0,30,23,0,53,0,0,18,0,18,0,30,41,0,71,0,0,0,71
12/25/2004,JQF,NC,ASO,ES,Federal Contract Tower,0,0,8,0,8,0,0,19,0,19,0,0,27,0,27,14,0,14,41
12/26/2004,JQF,NC,ASO,ES,Federal Contract Tower,0,2,20,0,22,0,0,31,0,31,0,2,51,0,53,46,0,46,99
12/27/2004,JQF,NC,ASO,ES,Federal Contract Tower,0,34,26,0,60,0,1,85,0,86,0,35,111,0,146,44,0,44,190
12/28/2004,JQF,NC,ASO,ES,Federal Contract Tower,0,36,28,0,64,0,0,77,0,77,0,36,105,0,141,42,0,42,183
12/29/2004,JQF,NC,ASO,ES,Federal Contract Tower,0,33,46,1,80,0,0,103,1,104,0,33,149,2,184,94,0,94,278
12/30/2004,JQF,NC,ASO,ES,Federal Contract Tower,0,31,45,0,76,0,0,84,0,84,0,31,129,0,160,68,0,68,228
12/31/2004,JQF,NC,ASO,ES,Federal Contract Tower,0,31,20,0,51,0,0,75,0,75,0,31,95,0,126,46,0,46,172
01/01/2005,JQF,NC,ASO,ES,Federal Contract Tower,0,4,14,0,18,0,0,68,0,68,0,4,82,0,86,26,0,26,112
01/02/2005,JQF,NC,ASO,ES,Federal Contract Tower,0,3,40,0,43,0,0,60,0,60,0,3,100,0,103,54,0,54,157
01/03/2005,JQF,NC,ASO,ES,Federal Contract Tower,0,34,17,0,51,0,1,39,0,40,0,35,56,0,91,30,0,30,121
01/04/2005,JQF,NC,ASO,ES,Federal Contract Tower,0,30,41,0,71,0,2,48,0,50,0,32,89,0,121,36,0,36,157
01/05/2005,JQF,NC,ASO,ES,Federal Contract Tower,0,33,49,0,82,0,4,51,0,55,0,37,100,0,137,18,0,18,155
01/06/2005,JQF,NC,ASO,ES,Federal Contract Tower,0,38,50,0,88,0,0,3,0,3,0,38,53,0,91,0,0,0,91
01/07/2005,JQF,NC,ASO,ES,Federal Contract Tower,0,36,51,0,87,0,0,36,0,36,0,36,87,0,123,4,0,4,127
01/08/2005,JQF,NC,ASO,ES,Federal Contract Tower,0,1,27,0,28,0,1,6,1,8,0,2,33,1,36,10,0,10,46
01/09/2005,JQF,NC,ASO,ES,Federal Contract Tower,0,2,40,0,42,0,0,90,0,90,0,2,130,0,132,40,0,40,172
01/10/2005,JQF,NC,ASO,ES,Federal Contract Tower,0,35,64,0,99,0,0,74,0,74,0,35,138,0,173,18,0,18,191
01/11/2005,JQF,NC,ASO,ES,Federal Contract Tower,0,33,61,0,94,0,1,68,0,69,0,34,129,0,163,20,0,20,183
01/12/2005,JQF,NC,ASO,ES,Federal Contract Tower,0,35,65,0,100,0,0,58,0,58,0,35,123,0,158,46,0,46,204
01/13/2005,JQF,NC,ASO,ES,Federal Contract Tower,0,37,82,0,119,0,0,18,0,18,0,37,100,0,137,28,0,28,165
01/14/2005,JQF,NC,ASO,ES,Federal Contract Tower,0,39,50,0,89,0,0,26,0,26,0,39,76,0,115,16,0,16,131
01/15/2005,JQF,NC,ASO,ES,Federal Contract Tower,0,3,28,0,31,0,0,98,0,98,0,3,126,0,129,54,0,54,183
01/16/2005,JQF,NC,ASO,ES,Federal Contract Tower,0,1,36,0,37,0,0,98,0,98,0,1,134,0,135,52,0,52,187
01/17/2005,JQF,NC,ASO,ES,Federal Contract Tower,0,2,67,0,69,0,0,63,0,63,0,2,130,0,132,14,0,14,146
01/18/2005,JQF,NC,ASO,ES,Federal Contract Tower,0,34,55,0,89,0,0,61,0,61,0,34,116,0,150,30,0,30,180
01/19/2005,JQF,NC,ASO,ES,Federal Contract Tower,0,33,61,0,94,0,1,67,0,68,0,34,128,0,162,50,0,50,212
01/20/2005,JQF,NC,ASO,ES,Federal Contract Tower,0,41,49,0,90,0,1,65,0,66,0,42,114,0,156,40,0,40,196
01/21/2005,JQF,NC,ASO,ES,Federal Contract Tower,0,34,78,0,112,0,0,41,0,41,0,34,119,0,153,34,0,34,187
01/22/2005,JQF,NC,ASO,ES,Federal Contract Tower,0,0,3,0,3,0,0,0,0,0,0,0,3,0,3,0,0,0,3
01/23/2005,JQF,NC,ASO,ES,Federal Contract Tower,0,1,27,0,28,0,0,19,0,19,0,1,46,0,47,12,0,12,59
01/24/2005,JQF,NC,ASO,ES,Federal Contract Tower,0,29,81,0,110,0,1,56,0,57,0,30,137,0,167,36,0,36,203
01/25/2005,JQF,NC,ASO,ES,Federal Contract Tower,0,36,54,0,90,0,4,99,0,103,0,40,153,0,193,32,0,32,225
01/26/2005,JQF,NC,ASO,ES,Federal Contract Tower,0,31,74,0,105,0,0,99,0,99,0,31,173,0,204,22,0,22,226
01/27/2005,JQF,NC,ASO,ES,Federal Contract Tower,0,36,65,0,101,0,1,60,0,61,0,37,125,0,162,100,0,100,262
01/28/2005,JQF,NC,ASO,ES,Federal Contract Tower,0,37,52,0,89,0,1,65,0,66,0,38,117,0,155,56,0,56,211
01/29/2005,JQF,NC,ASO,ES,Federal Contract Tower,0,0,4,0,4,0,0,1,0,1,0,0,5,0,5,0,0,0,5
01/30/2005,JQF,NC,ASO,ES,Federal Contract Tower,0,2,24,2,28,0,0,9,0,9,0,2,33,2,37,20,0,20,57
01/31/2005,JQF,NC,ASO,ES,Federal Contract Tower,0,35,33,0,68,0,0,45,0,45,0,35,78,0,113,52,0,52,165
02/01/2005,JQF,NC,ASO,ES,Federal Contract Tower,0,36,42,0,78,0,1,80,0,81,0,37,122,0,159,46,0,46,205
02/02/2005,JQF,NC,ASO,ES,Federal Contract Tower,0,40,43,0,83,0,0,89,0,89,0,40,132,0,172,32,0,32,204
02/03/2005,JQF,NC,ASO,ES,Federal Contract Tower,0,40,24,0,64,0,0,0,0,0,0,40,24,0,64,0,0,0,64
02/04/2005,JQF,NC,ASO,ES,Federal Contract Tower,0,33,42,0,75,0,0,66,3,69,0,33,108,3,144,92,0,92,236
02/05/2005,JQF,NC,ASO,ES,Federal Contract Tower,0,2,25,0,27,0,0,110,0,110,0,2,135,0,137,140,0,140,277
02/06/2005,JQF,NC,ASO,ES,Federal Contract Tower,0,2,32,0,34,0,0,111,0,111,0,2,143,0,145,94,0,94,239
02/07/2005,JQF,NC,ASO,ES,Federal Contract Tower,0,34,48,0,82,0,0,49,0,49,0,34,97,0,131,64,0,64,195
02/08/2005,JQF,NC,ASO,ES,Federal Contract Tower,0,26,61,0,87,0,1,89,0,90,0,27,150,0,177,28,0,28,205
02/09/2005,JQF,NC,ASO,ES,Federal Contract Tower,0,31,74,0,105,0,0,35,0,35,0,31,109,0,140,54,0,54,194
02/10/2005,JQF,NC,ASO,ES,Federal Contract Tower,0,31,72,0,103,0,0,38,0,38,0,31,110,0,141,26,0,26,167
02/11/2005,JQF,NC,ASO,ES,Federal Contract Tower,0,31,36,0,67,0,6,66,0,72,0,37,102,0,139,30,0,30,169
02/12/2005,JQF,NC,ASO,ES,Federal Contract Tower,0,1,32,0,33,0,0,105,0,105,0,1,137,0,138,54,0,54,192
02/13/2005,JQF,NC,ASO,ES,Federal Contract Tower,0,2,49,0,51,0,0,72,0,72,0,2,121,0,123,54,0,54,177
02/14/2005,JQF,NC,ASO,ES,Federal Contract Tower,0,31,47,0,78,0,1,13,0,14,0,32,60,0,92,10,0,10,102
02/15/2005,JQF,NC,ASO,ES,Federal Contract Tower,0,32,65,0,97,0,0,50,0,50,0,32,115,0,147,38,0,38,185
02/16/2005,JQF,NC,ASO,ES,Federal Contract Tower,0,37,66,0,103,0,3,37,0,40,0,40,103,0,143,34,0,34,177
02/17/2005,JQF,NC,ASO,ES,Federal Contract Tower,0,36,46,0,82,0,1,79,0,80,0,37,125,0,162,12,0,12,174
02/18/2005,JQF,NC,ASO,ES,Federal Contract Tower,0,31,40,1,72,0,0,49,0,49,0,31,89,1,121,32,0,32,153
02/19/2005,JQF,NC,ASO,ES,Federal Contract Tower,0,0,41,0,41,0,0,127,0,127,0,0,168,0,168,40,0,40,208
02/20/2005,JQF,NC,ASO,ES,Federal Contract Tower,0,0,59,0,59,0,0,16,0,16,0,0,75,0,75,26,0,26,101
02/21/2005,JQF,NC,ASO,ES,Federal Contract Tower,0,4,52,0,56,0,0,3,0,3,0,4,55,0,59,0,0,0,59
02/22/2005,JQF,NC,ASO,ES,Federal Contract Tower,0,30,68,0,98,0,3,70,1,74,0,33,138,1,172,58,0,58,230
02/23/2005,JQF,NC,ASO,ES,Federal Contract Tower,0,29,46,0,75,0,1,78,0,79,0,30,124,0,154,28,0,28,182
02/24/2005,JQF,NC,ASO,ES,Federal Contract Tower,0,43,47,0,90,0,0,0,0,0,0,43,47,0,90,0,0,0,90
02/25/2005,JQF,NC,ASO,ES,Federal Contract Tower,0,36,32,0,68,0,1,50,2,53,0,37,82,2,121,22,0,22,143
02/26/2005,JQF,NC,ASO,ES,Federal Contract Tower,0,0,44,0,44,0,0,106,0,106,0,0,150,0,150,42,0,42,192
02/27/2005,JQF,NC,ASO,ES,Federal Contract Tower,0,2,16,0,18,0,0,34,0,34,0,2,50,0,52,18,0,18,70
02/28/2005,JQF,NC,ASO,ES,Federal Contract Tower,0,32,38,0,70,0,0,0,0,0,0,32,38,0,70,0,0,0,70
03/01/2005,JQF,NC,ASO,ES,Federal Contract Tower,0,34,37,0,71,0,1,38,0,39,0,35,75,0,110,0,0,0,110
03/02/2005,JQF,NC,ASO,ES,Federal Contract Tower,0,35,69,0,104,0,0,88,0,88,0,35,157,0,192,4,0,4,196
03/03/2005,JQF,NC,ASO,ES,Federal Contract Tower,0,34,45,0,79,0,1,81,0,82,0,35,126,0,161,40,0,40,201
03/04/2005,JQF,NC,ASO,ES,Federal Contract Tower,0,36,63,0,99,0,2,58,0,60,0,38,121,0,159,44,0,44,203
03/05/2005,JQF,NC,ASO,ES,Federal Contract Tower,0,0,16,0,16,0,0,56,0,56,0,0,72,0,72,42,0,42,114
03/06/2005,JQF,NC,ASO,ES,Federal Contract Tower,0,2,33,0,35,0,0,78,0,78,0,2,111,0,113,30,0,30,143
03/07/2005,JQF,NC,ASO,ES,Federal Contract Tower,0,28,47,0,75,0,1,68,0,69,0,29,115,0,144,44,0,44,188
03/08/2005,JQF,NC,ASO,ES,Federal Contract Tower,0,36,44,0,80,0,0,18,0,18,0,36,62,0,98,4,0,4,102
03/09/2005,JQF,NC,ASO,ES,Federal Contract Tower,0,26,53,0,79,0,0,81,0,81,0,26,134,0,160,66,0,66,226
03/10/2005,JQF,NC,ASO,ES,Federal Contract Tower,0,38,53,0,91,0,0,71,0,71,0,38,124,0,162,28,0,28,190
03/11/2005,JQF,NC,ASO,ES,Federal Contract Tower,0,30,34,0,64,0,0,40,0,40,0,30,74,0,104,44,0,44,148
03/12/2005,JQF,NC,ASO,ES,Federal Contract Tower,0,0,16,0,16,0,0,37,0,37,0,0,53,0,53,26,0,26,79
03/13/2005,JQF,NC,ASO,ES,Federal Contract Tower,0,4,30,0,34,0,1,87,0,88,0,5,117,0,122,76,0,76,198
03/14/2005,JQF,NC,ASO,ES,Federal Contract Tower,0,34,32,0,66,0,0,26,0,26,0,34,58,0,92,18,0,18,110
03/15/2005,JQF,NC,ASO,ES,Federal Contract Tower,0,29,53,0,82,0,0,103,0,103,0,29,156,0,185,8,0,8,193
03/16/2005,JQF,NC,ASO,ES,Federal Contract Tower,0,38,64,0,102,0,0,0,0,0,0,38,64,0,102,0,0,0,102
03/17/2005,JQF,NC,ASO,ES,Federal Contract Tower,0,28,81,0,109,0,1,9,0,10,0,29,90,0,119,0,0,0,119
03/18/2005,JQF,NC,ASO,ES,Federal Contract Tower,0,33,54,0,87,0,1,57,0,58,0,34,111,0,145,60,0,60,205
03/19/2005,JQF,NC,ASO,ES,Federal Contract Tower,0,3,52,0,55,0,0,78,0,78,0,3,130,0,133,50,0,50,183
03/20/2005,JQF,NC,ASO,ES,Federal Contract Tower,0,4,66,0,70,0,2,97,0,99,0,6,163,0,169,64,0,64,233
03/21/2005,JQF,NC,ASO,ES,Federal Contract Tower,0,36,48,0,84,0,2,78,0,80,0,38,126,0,164,42,0,42,206
03/22/2005,JQF,NC,ASO,ES,Federal Contract Tower,0,38,59,0,97,0,0,50,0,50,0,38,109,0,147,30,0,30,177
03/23/2005,JQF,NC,ASO,ES,Federal Contract Tower,0,31,68,0,99,0,1,30,0,31,0,32,98,0,130,0,0,0,130
03/24/2005,JQF,NC,ASO,ES,Federal Contract Tower,0,36,102,0,138,0,8,96,0,104,0,44,198,0,242,94,0,94,336
03/25/2005,JQF,NC,ASO,ES,Federal Contract Tower,0,31,57,0,88,0,1,64,0,65,0,32,121,0,153,52,0,52,205
03/26/2005,JQF,NC,ASO,ES,Federal Contract Tower,0,2,47,0,49,0,0,36,0,36,0,2,83,0,85,34,0,34,119
03/27/2005,JQF,NC,ASO,ES,Federal Contract Tower,0,0,42,0,42,0,0,0,0,0,0,0,42,0,42,0,0,0,42
03/28/2005,JQF,NC,ASO,ES,Federal Contract Tower,0,32,69,0,101,0,0,15,0,15,0,32,84,0,116,8,0,8,124
03/29/2005,JQF,NC,ASO,ES,Federal Contract Tower,0,27,54,0,81,0,3,118,0,121,0,30,172,0,202,68,0,68,270
03/30/2005,JQF,NC,ASO,ES,Federal Contract Tower,0,30,84,1,115,0,3,169,1,173,0,33,253,2,288,46,0,46,334
03/31/2005,JQF,NC,ASO,ES,Federal Contract Tower,0,31,85,0,116,0,0,28,0,28,0,31,113,0,144,0,0,0,144
04/01/2005,JQF,NC,ASO,ES,Federal Contract Tower,0,31,48,0,79,0,0,7,0,7,0,31,55,0,86,0,0,0,86
04/02/2005,JQF,NC,ASO,ES,Federal Contract Tower,0,0,22,0,22,0,0,25,0,25,0,0,47,0,47,4,0,4,51
04/03/2005,JQF,NC,ASO,ES,Federal Contract Tower,0,2,63,0,65,0,0,28,0,28,0,2,91,0,93,6,0,6,99
04/04/2005,JQF,NC,ASO,ES,Federal Contract Tower,0,31,43,0,74,0,1,85,0,86,0,32,128,0,160,42,0,42,202
04/05/2005,JQF,NC,ASO,ES,Federal Contract Tower,0,31,72,0,103,0,0,108,0,108,0,31,180,0,211,62,0,62,273
04/06/2005,JQF,NC,ASO,ES,Federal Contract Tower,0,36,66,0,102,0,0,133,0,133,0,36,199,0,235,38,0,38,273
04/07/2005,JQF,NC,ASO,ES,Federal Contract Tower,0,34,31,0,65,0,0,9,0,9,0,34,40,0,74,2,0,2,76
04/08/2005,JQF,NC,ASO,ES,Federal Contract Tower,0,35,40,0,75,0,0,15,0,15,0,35,55,0,90,10,0,10,100
04/09/2005,JQF,NC,ASO,ES,Federal Contract Tower,0,2,22,0,24,0,0,82,0,82,0,2,104,0,106,80,0,80,186
04/10/2005,JQF,NC,ASO,ES,Federal Contract Tower,0,0,46,0,46,0,1,127,0,128,0,1,173,0,174,98,0,98,272
04/11/2005,JQF,NC,ASO,ES,Federal Contract Tower,0,32,43,0,75,0,0,89,0,89,0,32,132,0,164,120,0,120,284
04/12/2005,JQF,NC,ASO,ES,Federal Contract Tower,0,33,75,0,108,0,0,39,1,40,0,33,114,1,148,4,0,4,152
04/13/2005,JQF,NC,ASO,ES,Federal Contract Tower,0,30,53,0,83,0,0,9,0,9,0,30,62,0,92,12,0,12,104
04/14/2005,JQF,NC,ASO,ES,Federal Contract Tower,0,34,85,0,119,0,1,73,2,76,0,35,158,2,195,20,2,22,217
04/15/2005,JQF,NC,ASO,ES,Federal Contract Tower,0,37,44,0,81,0,1,59,2,62,0,38,103,2,143,64,0,64,207
04/16/2005,JQF,NC,ASO,ES,Federal Contract Tower,0,9,26,0,35,0,0,71,0,71,0,9,97,0,106,12,0,12,118
04/17/2005,JQF,NC,ASO,ES,Federal Contract Tower,0,2,49,0,51,0,0,111,0,111,0,2,160,0,162,68,0,68,230
04/18/2005,JQF,NC,ASO,ES,Federal Contract Tower,0,32,47,0,79,0,0,76,0,76,0,32,123,0,155,46,0,46,201
04/19/2005,JQF,NC,ASO,ES,Federal Contract Tower,0,27,60,0,87,0,0,98,0,98,0,27,158,0,185,74,0,74,259
04/20/2005,JQF,NC,ASO,ES,Federal Contract Tower,0,28,57,0,85,0,0,65,2,67,0,28,122,2,152,106,0,106,258
04/21/2005,JQF,NC,ASO,ES,Federal Contract Tower,0,30,56,0,86,0,0,53,0,53,0,30,109,0,139,42,0,42,181
04/22/2005,JQF,NC,ASO,ES,Federal Contract Tower,0,33,45,0,78,0,0,44,0,44,0,33,89,0,122,64,0,64,186
04/23/2005,JQF,NC,ASO,ES,Federal Contract Tower,0,0,20,0,20,0,0,16,0,16,0,0,36,0,36,0,0,0,36
04/24/2005,JQF,NC,ASO,ES,Federal Contract Tower,0,2,34,0,36,0,0,41,0,41,0,2,75,0,77,12,0,12,89
04/25/2005,JQF,NC,ASO,ES,Federal Contract Tower,0,28,64,0,92,0,1,75,0,76,0,29,139,0,168,36,0,36,204
04/26/2005,JQF,NC,ASO,ES,Federal Contract Tower,0,28,64,0,92,0,1,75,0,76,0,29,139,0,168,36,0,36,204
04/27/2005,JQF,NC,ASO,ES,Federal Contract Tower,0,34,82,0,116,0,0,66,0,66,0,34,148,0,182,28,0,28,210
04/28/2005,JQF,NC,ASO,ES,Federal Contract Tower,0,36,68,0,104,0,0,89,0,89,0,36,157,0,193,22,0,22,215
04/29/2005,JQF,NC,ASO,ES,Federal Contract Tower,0,38,55,0,93,0,0,38,3,41,0,38,93,3,134,22,6,28,162
04/30/2005,JQF,NC,ASO,ES,Federal Contract Tower,0,1,25,0,26,0,0,10,0,10,0,1,35,0,36,14,0,14,50
05/01/2005,JQF,NC,ASO,ES,Federal Contract Tower,0,7,83,0,90,0,2,87,0,89,0,9,170,0,179,104,0,104,283
05/02/2005,JQF,NC,ASO,ES,Federal Contract Tower,0,39,28,0,67,0,1,74,0,75,0,40,102,0,142,58,0,58,200
05/03/2005,JQF,NC,ASO,ES,Federal Contract Tower,0,26,72,0,98,0,3,90,0,93,0,29,162,0,191,16,0,16,207
05/04/2005,JQF,NC,ASO,ES,Federal Contract Tower,0,36,51,0,87,0,1,96,0,97,0,37,147,0,184,8,0,8,192
05/05/2005,JQF,NC,ASO,ES,Federal Contract Tower,0,30,62,0,92,0,0,32,0,32,0,30,94,0,124,2,0,2,126
05/06/2005,JQF,NC,ASO,ES,Federal Contract Tower,0,31,41,0,72,0,1,45,0,46,0,32,86,0,118,58,0,58,176
05/07/2005,JQF,NC,ASO,ES,Federal Contract Tower,0,5,24,0,29,0,1,83,0,84,0,6,107,0,113,44,0,44,157
05/08/2005,JQF,NC,ASO,ES,Federal Contract Tower,0,1,36,0,37,0,1,79,0,80,0,2,115,0,117,36,0,36,153
05/09/2005,JQF,NC,ASO,ES,Federal Contract Tower,0,28,39,0,67,0,2,89,0,91,0,30,128,0,158,28,0,28,186
05/10/2005,JQF,NC,ASO,ES,Federal Contract Tower,0,39,55,0,94,0,2,48,1,51,0,41,103,1,145,26,0,26,171
05/11/2005,JQF,NC,ASO,ES,Federal Contract Tower,0,39,65,0,104,0,3,78,0,81,0,42,143,0,185,52,0,52,237
05/12/2005,JQF,NC,ASO,ES,Federal Contract Tower,0,29,77,0,106,0,1,69,0,70,0,30,146,0,176,0,0,0,176
05/13/2005,JQF,NC,ASO,ES,Federal Contract Tower,0,41,84,0,125,0,0,11,0,11,0,41,95,0,136,12,0,12,148
05/14/2005,JQF,NC,ASO,ES,Federal Contract Tower,0,0,49,0,49,0,0,56,0,56,0,0,105,0,105,50,0,50,155
05/15/2005,JQF,NC,ASO,ES,Federal Contract Tower,0,29,70,0,99,0,0,114,0,114,0,29,184,0,213,36,0,36,249
05/16/2005,JQF,NC,ASO,ES,Federal Contract Tower,0,29,70,0,99,0,0,114,0,114,0,29,184,0,213,36,0,36,249
05/17/2005,JQF,NC,ASO,ES,Federal Contract Tower,0,30,64,0,94,0,1,96,0,97,0,31,160,0,191,56,0,56,247
05/18/2005,JQF,NC,ASO,ES,Federal Contract Tower,0,30,90,0,120,0,0,108,0,108,0,30,198,0,228,52,0,52,280
05/19/2005,JQF,NC,ASO,ES,Federal Contract Tower,0,34,73,0,107,0,1,80,0,81,0,35,153,0,188,30,0,30,218
05/20/2005,JQF,NC,ASO,ES,Federal Contract Tower,0,33,89,0,122,0,1,68,0,69,0,34,157,0,191,34,0,34,225
05/21/2005,JQF,NC,ASO,ES,Federal Contract Tower,0,3,76,0,79,0,0,222,0,222,0,3,298,0,301,48,0,48,349
05/22/2005,JQF,NC,ASO,ES,Federal Contract Tower,0,6,63,0,69,0,0,146,0,146,0,6,209,0,215,66,0,66,281
05/23/2005,JQF,NC,ASO,ES,Federal Contract Tower,0,28,43,0,71,0,0,35,0,35,0,28,78,0,106,46,0,46,152
05/24/2005,JQF,NC,ASO,ES,Federal Contract Tower,0,30,48,0,78,0,0,92,0,92,0,30,140,0,170,60,0,60,230
05/25/2005,JQF,NC,ASO,ES,Federal Contract Tower,0,31,72,0,103,0,3,109,0,112,0,34,181,0,215,14,0,14,229
05/26/2005,JQF,NC,ASO,ES,Federal Contract Tower,0,29,86,0,115,0,4,151,1,156,0,33,237,1,271,26,0,26,297
05/27/2005,JQF,NC,ASO,ES,Federal Contract Tower,0,31,52,1,84,0,0,145,0,145,0,31,197,1,229,98,0,98,327
05/28/2005,JQF,NC,ASO,ES,Federal Contract Tower,0,4,49,2,55,0,0,117,0,117,0,4,166,2,172,56,0,56,228
05/29/2005,JQF,NC,ASO,ES,Federal Contract Tower,0,7,70,4,81,0,0,542,0,542,0,7,612,4,623,60,0,60,683
05/30/2005,JQF,NC,ASO,ES,Federal Contract Tower,0,1,71,0,72,0,0,44,0,44,0,1,115,0,116,40,0,40,156
05/31/2005,JQF,NC,ASO,ES,Federal Contract Tower,0,31,49,0,80,0,0,81,0,81,0,31,130,0,161,44,0,44,205
06/01/2005,JQF,NC,ASO,ES,Federal Contract Tower,0,36,56,0,92,0,0,0,0,0,0,36,56,0,92,0,0,0,92
06/02/2005,JQF,NC,ASO,ES,Federal Contract Tower,0,33,91,0,124,0,0,0,0,0,0,33,91,0,124,0,0,0,124
06/03/2005,JQF,NC,ASO,ES,Federal Contract Tower,0,38,48,0,86,0,0,6,0,6,0,38,54,0,92,20,0,20,112
06/04/2005,JQF,NC,ASO,ES,Federal Contract Tower,0,3,43,0,46,0,2,45,0,47,0,5,88,0,93,36,0,36,129
06/05/2005,JQF,NC,ASO,ES,Federal Contract Tower,0,6,83,0,89,0,0,95,0,95,0,6,178,0,184,64,0,64,248
06/06/2005,JQF,NC,ASO,ES,Federal Contract Tower,0,29,46,0,75,0,1,85,0,86,0,30,131,0,161,64,0,64,225
06/07/2005,JQF,NC,ASO,ES,Federal Contract Tower,0,28,54,0,82,0,3,73,0,76,0,31,127,0,158,86,0,86,244
06/08/2005,JQF,NC,ASO,ES,Federal Contract Tower,0,32,61,0,93,0,0,80,0,80,0,32,141,0,173,112,0,112,285
06/09/2005,JQF,NC,ASO,ES,Federal Contract Tower,0,35,89,0,124,0,1,46,0,47,0,36,135,0,171,0,0,0,171
06/10/2005,JQF,NC,ASO,ES,Federal Contract Tower,0,33,58,0,91,0,1,25,0,26,0,34,83,0,117,26,0,26,143
06/11/2005,JQF,NC,ASO,ES,Federal Contract Tower,0,2,38,0,40,0,0,93,2,95,0,2,131,2,135,60,0,60,195
06/12/2005,JQF,NC,ASO,ES,Federal Contract Tower,0,1,67,0,68,0,0,34,0,34,0,1,101,0,102,46,0,46,148
06/13/2005,JQF,NC,ASO,ES,Federal Contract Tower,0,38,61,0,99,0,1,32,0,33,0,39,93,0,132,68,0,68,200
06/14/2005,JQF,NC,ASO,ES,Federal Contract Tower,0,39,93,0,132,0,0,89,0,89,0,39,182,0,221,72,0,72,293
06/15/2005,JQF,NC,ASO,ES,Federal Contract Tower,0,33,75,0,108,0,0,75,0,75,0,33,150,0,183,44,0,44,227
06/16/2005,JQF,NC,ASO,ES,Federal Contract Tower,0,32,94,0,126,0,0,77,3,80,0,32,171,3,206,46,0,46,252
06/17/2005,JQF,NC,ASO,ES,Federal Contract Tower,0,31,56,0,87,0,4,93,4,101,0,35,149,4,188,100,0,100,288
06/18/2005,JQF,NC,ASO,ES,Federal Contract Tower,0,0,23,0,23,0,0,86,0,86,0,0,109,0,109,56,0,56,165
06/19/2005,JQF,NC,ASO,ES,Federal Contract Tower,0,3,77,0,80,0,0,54,0,54,0,3,131,0,134,14,0,14,148
06/20/2005,JQF,NC,ASO,ES,Federal Contract Tower,0,37,53,0,90,0,1,71,0,72,0,38,124,0,162,152,0,152,314
06/21/2005,JQF,NC,ASO,ES,Federal Contract Tower,0,27,60,0,87,0,1,88,0,89,0,28,148,0,176,112,0,112,288
06/22/2005,JQF,NC,ASO,ES,Federal Contract Tower,0,30,60,0,90,0,3,70,0,73,0,33,130,0,163,14,0,14,177
06/23/2005,JQF,NC,ASO,ES,Federal Contract Tower,0,29,69,0,98,0,3,124,0,127,0,32,193,0,225,52,0,52,277
06/24/2005,JQF,NC,ASO,ES,Federal Contract Tower,0,34,64,0,98,0,0,64,0,64,0,34,128,0,162,16,0,16,178
06/25/2005,JQF,NC,ASO,ES,Federal Contract Tower,0,0,28,0,28,0,0,83,0,83,0,0,111,0,111,66,0,66,177
06/26/2005,JQF,NC,ASO,ES,Federal Contract Tower,0,0,33,0,33,0,0,37,0,37,0,0,70,0,70,46,0,46,116
06/27/2005,JQF,NC,ASO,ES,Federal Contract Tower,0,33,32,0,65,0,6,33,0,39,0,39,65,0,104,26,0,26,130
06/28/2005,JQF,NC,ASO,ES,Federal Contract Tower,0,31,64,0,95,0,0,22,0,22,0,31,86,0,117,12,0,12,129
06/29/2005,JQF,NC,ASO,ES,Federal Contract Tower,0,35,94,0,129,0,0,68,0,68,0,35,162,0,197,62,0,62,259
06/30/2005,JQF,NC,ASO,ES,Federal Contract Tower,0,34,101,0,135,0,1,79,0,80,0,35,180,0,215,50,0,50,265
07/01/2005,JQF,NC,ASO,ES,Federal Contract Tower,0,28,67,0,95,0,0,52,2,54,0,28,119,2,149,12,0,12,161
07/02/2005,JQF,NC,ASO,ES,Federal Contract Tower,0,2,46,0,48,0,0,54,0,54,0,2,100,0,102,32,0,32,134
07/03/2005,JQF,NC,ASO,ES,Federal Contract Tower,0,0,25,0,25,0,0,14,0,14,0,0,39,0,39,8,0,8,47
07/04/2005,JQF,NC,ASO,ES,Federal Contract Tower,0,4,40,0,44,0,0,17,0,17,0,4,57,0,61,26,0,26,87
07/05/2005,JQF,NC,ASO,ES,Federal Contract Tower,0,38,59,0,97,0,0,70,0,70,0,38,129,0,167,34,0,34,201
07/06/2005,JQF,NC,ASO,ES,Federal Contract Tower,0,26,67,0,93,0,1,63,0,64,0,27,130,0,157,92,0,92,249
07/07/2005,JQF,NC,ASO,ES,Federal Contract Tower,0,31,67,0,98,0,0,44,0,44,0,31,111,0,142,8,0,8,150
07/08/2005,JQF,NC,ASO,ES,Federal Contract Tower,0,33,49,0,82,0,0,92,0,92,0,33,141,0,174,94,0,94,268
07/09/2005,JQF,NC,ASO,ES,Federal Contract Tower,0,2,39,0,41,0,0,63,0,63,0,2,102,0,104,72,0,72,176
07/10/2005,JQF,NC,ASO,ES,Federal Contract Tower,0,0,36,0,36,0,0,82,0,82,0,0,118,0,118,26,0,26,144
07/11/2005,JQF,NC,ASO,ES,Federal Contract Tower,0,31,61,0,92,0,0,25,0,25,0,31,86,0,117,50,0,50,167
07/12/2005,JQF,NC,ASO,ES,Federal Contract Tower,0,28,54,0,82,0,1,90,0,91,0,29,144,0,173,46,0,46,219
07/13/2005,JQF,NC,ASO,ES,Federal Contract Tower,0,33,66,0,99,0,0,84,1,85,0,33,150,1,184,86,0,86,270
07/14/2005,JQF,NC,ASO,ES,Federal Contract Tower,0,32,113,0,145,0,1,40,0,41,0,33,153,0,186,54,0,54,240
07/15/2005,JQF,NC,ASO,ES,Federal Contract Tower,0,31,58,0,89,0,0,36,0,36,0,31,94,0,125,30,0,30,155
07/16/2005,JQF,NC,ASO,ES,Federal Contract Tower,0,2,32,0,34,0,0,49,0,49,0,2,81,0,83,30,0,30,113
07/17/2005,JQF,NC,ASO,ES,Federal Contract Tower,0,2,46,0,48,0,0,67,0,67,0,2,113,0,115,60,0,60,175
07/18/2005,JQF,NC,ASO,ES,Federal Contract Tower,0,33,58,0,91,0,3,49,0,52,0,36,107,0,143,52,0,52,195
07/19/2005,JQF,NC,ASO,ES,Federal Contract Tower,0,29,64,0,93,0,0,84,0,84,0,29,148,0,177,48,0,48,225
07/20/2005,JQF,NC,ASO,ES,Federal Contract Tower,0,30,83,0,113,0,1,88,0,89,0,31,171,0,202,72,0,72,274
07/21/2005,JQF,NC,ASO,ES,Federal Contract Tower,0,30,84,0,114,0,0,93,2,95,0,30,177,2,209,26,0,26,235
07/22/2005,JQF,NC,ASO,ES,Federal Contract Tower,0,28,56,0,84,0,0,47,0,47,0,28,103,0,131,16,0,16,147
07/23/2005,JQF,NC,ASO,ES,Federal Contract Tower,0,0,36,0,36,0,0,70,0,70,0,0,106,0,106,28,0,28,134
07/24/2005,JQF,NC,ASO,ES,Federal Contract Tower,0,0,66,0,66,0,0,87,0,87,0,0,153,0,153,16,0,16,169
07/25/2005,JQF,NC,ASO,ES,Federal Contract Tower,0,32,44,0,76,0,0,57,0,57,0,32,101,0,133,66,0,66,199
07/26/2005,JQF,NC,ASO,ES,Federal Contract Tower,0,30,58,0,88,0,1,77,0,78,0,31,135,0,166,30,0,30,196
07/27/2005,JQF,NC,ASO,ES,Federal Contract Tower,0,29,41,0,70,0,0,62,0,62,0,29,103,0,132,0,0,0,132
07/28/2005,JQF,NC,ASO,ES,Federal Contract Tower,0,35,52,0,87,0,3,53,0,56,0,38,105,0,143,44,0,44,187
07/29/2005,JQF,NC,ASO,ES,Federal Contract Tower,0,29,71,0,100,0,0,6,0,6,0,29,77,0,106,0,0,0,106
07/30/2005,JQF,NC,ASO,ES,Federal Contract Tower,0,4,42,0,46,0,0,6,0,6,0,4,48,0,52,2,0,2,54
07/31/2005,JQF,NC,ASO,ES,Federal Contract Tower,0,4,46,0,50,0,0,0,0,0,0,4,46,0,50,0,0,0,50
08/01/2005,JQF,NC,ASO,ES,Federal Contract Tower,0,27,50,0,77,0,1,51,0,52,0,28,101,0,129,56,0,56,185
08/02/2005,JQF,NC,ASO,ES,Federal Contract Tower,0,28,65,0,93,0,1,99,0,100,0,29,164,0,193,42,0,42,235
08/03/2005,JQF,NC,ASO,ES,Federal Contract Tower,0,26,58,0,84,0,1,114,0,115,0,27,172,0,199,70,0,70,269
08/04/2005,JQF,NC,ASO,ES,Federal Contract Tower,0,31,90,0,121,0,1,96,0,97,0,32,186,0,218,44,0,44,262
08/05/2005,JQF,NC,ASO,ES,Federal Contract Tower,0,29,53,0,82,0,1,60,0,61,0,30,113,0,143,94,0,94,237
08/06/2005,JQF,NC,ASO,ES,Federal Contract Tower,0,0,40,0,40,0,0,52,0,52,0,0,92,0,92,50,0,50,142
08/07/2005,JQF,NC,ASO,ES,Federal Contract Tower,0,5,61,0,66,0,0,58,0,58,0,5,119,0,124,30,0,30,154
08/08/2005,JQF,NC,ASO,ES,Federal Contract Tower,0,29,46,0,75,0,0,44,0,44,0,29,90,0,119,28,0,28,147
08/09/2005,JQF,NC,ASO,ES,Federal Contract Tower,0,29,66,0,95,0,0,61,0,61,0,29,127,0,156,138,0,138,294
08/10/2005,JQF,NC,ASO,ES,Federal Contract Tower,0,31,67,0,98,0,1,34,0,35,0,32,101,0,133,52,0,52,185
08/11/2005,JQF,NC,ASO,ES,Federal Contract Tower,0,39,78,0,117,0,0,83,0,83,0,39,161,0,200,76,0,76,276
08/12/2005,JQF,NC,ASO,ES,Federal Contract Tower,0,36,53,0,89,0,0,55,0,55,0,36,108,0,144,56,0,56,200
08/13/2005,JQF,NC,ASO,ES,Federal Contract Tower,0,7,20,0,27,0,1,64,0,65,0,8,84,0,92,122,0,122,214
08/14/2005,JQF,NC,ASO,ES,Federal Contract Tower,0,6,57,0,63,0,0,51,0,51,0,6,108,0,114,42,0,42,156
08/15/2005,JQF,NC,ASO,ES,Federal Contract Tower,0,37,43,0,80,0,1,77,0,78,0,38,120,0,158,52,0,52,210
08/16/2005,JQF,NC,ASO,ES,Federal Contract Tower,0,29,79,0,108,0,0,71,0,71,0,29,150,0,179,50,0,50,229
08/17/2005,JQF,NC,ASO,ES,Federal Contract Tower,0,35,76,0,111,0,1,95,5,101,0,36,171,5,212,10,0,10,222
08/18/2005,JQF,NC,ASO,ES,Federal Contract Tower,0,24,84,0,108,0,0,3,0,3,0,24,87,0,111,0,0,0,111
08/19/2005,JQF,NC,ASO,ES,Federal Contract Tower,0,31,49,0,80,0,0,55,0,55,0,31,104,0,135,42,0,42,177
08/20/2005,JQF,NC,ASO,ES,Federal Contract Tower,0,4,23,0,27,0,0,81,0,81,0,4,104,0,108,26,0,26,134
08/21/2005,JQF,NC,ASO,ES,Federal Contract Tower,0,5,52,0,57,0,0,83,0,83,0,5,135,0,140,60,0,60,200
08/22/2005,JQF,NC,ASO,ES,Federal Contract Tower,0,31,46,0,77,0,0,79,0,79,0,31,125,0,156,16,0,16,172
08/23/2005,JQF,NC,ASO,ES,Federal Contract Tower,0,38,75,0,113,0,0,66,0,66,0,38,141,0,179,48,0,48,227
08/24/2005,JQF,NC,ASO,ES,Federal Contract Tower,0,26,74,0,100,0,2,73,0,75,0,28,147,0,175,6,0,6,181
08/25/2005,JQF,NC,ASO,ES,Federal Contract Tower,0,29,79,0,108,0,3,60,0,63,0,32,139,0,171,82,0,82,253
08/26/2005,JQF,NC,ASO,ES,Federal Contract Tower,0,34,51,0,85,0,1,91,0,92,0,35,142,0,177,48,0,48,225
08/27/2005,JQF,NC,ASO,ES,Federal Contract Tower,0,0,26,0,26,0,0,84,0,84,0,0,110,0,110,48,0,48,158
08/28/2005,JQF,NC,ASO,ES,Federal Contract Tower,0,0,40,0,40,0,0,64,0,64,0,0,104,0,104,60,0,60,164
08/29/2005,JQF,NC,ASO,ES,Federal Contract Tower,0,33,52,0,85,0,2,33,0,35,0,35,85,0,120,4,0,4,124
08/30/2005,JQF,NC,ASO,ES,Federal Contract Tower,0,32,59,0,91,0,0,32,0,32,0,32,91,0,123,30,0,30,153
08/31/2005,JQF,NC,ASO,ES,Federal Contract Tower,0,36,53,0,89,0,2,105,0,107,0,38,158,0,196,38,0,38,234
09/01/2005,JQF,NC,ASO,ES,Federal Contract Tower,0,33,55,0,88,0,1,87,0,88,0,34,142,0,176,40,0,40,216
09/02/2005,JQF,NC,ASO,ES,Federal Contract Tower,0,39,41,0,80,0,0,71,0,71,0,39,112,0,151,20,0,20,171
09/03/2005,JQF,NC,ASO,ES,Federal Contract Tower,0,0,10,0,10,0,0,75,0,75,0,0,85,0,85,12,0,12,97
09/04/2005,JQF,NC,ASO,ES,Federal Contract Tower,0,0,20,0,20,0,0,48,0,48,0,0,68,0,68,22,0,22,90
09/05/2005,JQF,NC,ASO,ES,Federal Contract Tower,0,2,56,0,58,0,0,50,0,50,0,2,106,0,108,44,0,44,152
09/06/2005,JQF,NC,ASO,ES,Federal Contract Tower,0,36,48,0,84,0,0,72,0,72,0,36,120,0,156,66,0,66,222
09/07/2005,JQF,NC,ASO,ES,Federal Contract Tower,0,42,55,0,97,0,1,78,0,79,0,43,133,0,176,24,0,24,200
09/08/2005,JQF,NC,ASO,ES,Federal Contract Tower,0,45,93,0,138,0,0,81,0,81,0,45,174,0,219,4,0,4,223
09/09/2005,JQF,NC,ASO,ES,Federal Contract Tower,0,36,53,0,89,0,4,94,0,98,0,40,147,0,187,44,0,44,231
09/10/2005,JQF,NC,ASO,ES,Federal Contract Tower,0,2,48,0,50,0,0,83,0,83,0,2,131,0,133,40,0,40,173
09/11/2005,JQF,NC,ASO,ES,Federal Contract Tower,0,2,59,0,61,0,0,76,0,76,0,2,135,0,137,2,0,2,139
09/12/2005,JQF,NC,ASO,ES,Federal Contract Tower,0,33,50,0,83,0,0,50,0,50,0,33,100,0,133,26,0,26,159
09/13/2005,JQF,NC,ASO,ES,Federal Contract Tower,0,31,56,0,87,0,0,67,1,68,0,31,123,1,155,70,0,70,225
09/14/2005,JQF,NC,ASO,ES,Federal Contract Tower,0,32,67,0,99,0,0,34,0,34,0,32,101,0,133,70,0,70,203
09/15/2005,JQF,NC,ASO,ES,Federal Contract Tower,0,34,84,0,118,0,3,64,4,71,0,37,148,4,189,54,0,54,243
09/16/2005,JQF,NC,ASO,ES,Federal Contract Tower,0,32,37,0,69,0,2,44,0,46,0,34,81,0,115,18,0,18,133
09/17/2005,JQF,NC,ASO,ES,Federal Contract Tower,0,2,32,0,34,0,1,89,0,90,0,3,121,0,124,12,0,12,136
09/18/2005,JQF,NC,ASO,ES,Federal Contract Tower,0,1,60,0,61,0,1,76,0,77,0,2,136,0,138,20,0,20,158
09/19/2005,JQF,NC,ASO,ES,Federal Contract Tower,0,32,45,0,77,0,0,53,0,53,0,32,98,0,130,44,0,44,174
09/20/2005,JQF,NC,ASO,ES,Federal Contract Tower,0,35,71,0,106,0,0,59,0,59,0,35,130,0,165,32,0,32,197
09/21/2005,JQF,NC,ASO,ES,Federal Contract Tower,0,34,74,0,108,0,3,93,0,96,0,37,167,0,204,78,0,78,282
09/22/2005,JQF,NC,ASO,ES,Federal Contract Tower,0,35,89,0,124,0,2,50,0,52,0,37,139,0,176,22,0,22,198
09/23/2005,JQF,NC,ASO,ES,Federal Contract Tower,0,32,53,0,85,0,3,51,0,54,0,35,104,0,139,30,0,30,169
09/24/2005,JQF,NC,ASO,ES,Federal Contract Tower,0,0,31,0,31,0,0,63,0,63,0,0,94,0,94,0,0,0,94
09/25/2005,JQF,NC,ASO,ES,Federal Contract Tower,0,3,72,0,75,0,0,27,0,27,0,3,99,0,102,36,0,36,138
09/26/2005,JQF,NC,ASO,ES,Federal Contract Tower,0,35,67,0,102,0,1,18,0,19,0,36,85,0,121,0,0,0,121
09/27/2005,JQF,NC,ASO,ES,Federal Contract Tower,0,29,67,0,96,0,2,104,0,106,0,31,171,0,202,24,0,24,226
09/28/2005,JQF,NC,ASO,ES,Federal Contract Tower,0,34,68,4,106,0,5,83,1,89,0,39,151,5,195,34,0,34,229
09/29/2005,JQF,NC,ASO,ES,Federal Contract Tower,0,39,80,2,121,0,0,43,4,47,0,39,123,6,168,26,0,26,194
09/30/2005,JQF,NC,ASO,ES,Federal Contract Tower,0,36,59,2,97,0,0,52,0,52,0,36,111,2,149,18,0,18,167
10/01/2005,JQF,NC,ASO,ES,Federal Contract Tower,0,0,39,0,39,0,0,56,0,56,0,0,95,0,95,2,0,2,97
10/02/2005,JQF,NC,ASO,ES,Federal Contract Tower,0,5,85,0,90,0,0,91,0,91,0,5,176,0,181,26,0,26,207
10/03/2005,JQF,NC,ASO,ES,Federal Contract Tower,0,34,39,0,73,0,1,72,0,73,0,35,111,0,146,32,0,32,178
10/04/2005,JQF,NC,ASO,ES,Federal Contract Tower,0,31,64,0,95,0,0,81,0,81,0,31,145,0,176,8,0,8,184
10/05/2005,JQF,NC,ASO,ES,Federal Contract Tower,0,32,60,0,92,0,1,51,0,52,0,33,111,0,144,34,0,34,178
10/06/2005,JQF,NC,ASO,ES,Federal Contract Tower,0,35,52,0,87,0,0,1,0,1,0,35,53,0,88,0,0,0,88
10/07/2005,JQF,NC,ASO,ES,Federal Contract Tower,0,30,30,0,60,0,0,0,0,0,0,30,30,0,60,0,0,0,60
10/08/2005,JQF,NC,ASO,ES,Federal Contract Tower,0,5,33,0,38,0,0,9,0,9,0,5,42,0,47,12,0,12,59
10/09/2005,JQF,NC,ASO,ES,Federal Contract Tower,0,4,58,0,62,0,0,10,0,10,0,4,68,0,72,32,0,32,104
10/10/2005,JQF,NC,ASO,ES,Federal Contract Tower,0,0,52,0,52,0,0,0,0,0,0,0,52,0,52,0,0,0,52
10/11/2005,JQF,NC,ASO,ES,Federal Contract Tower,0,30,55,0,85,0,0,7,0,7,0,30,62,0,92,0,0,0,92
10/12/2005,JQF,NC,ASO,ES,Federal Contract Tower,0,37,69,0,106,0,0,28,0,28,0,37,97,0,134,12,0,12,146
10/13/2005,JQF,NC,ASO,ES,Federal Contract Tower,0,35,67,2,104,0,0,96,0,96,0,35,163,2,200,38,0,38,238
10/14/2005,JQF,NC,ASO,ES,Federal Contract Tower,0,41,65,0,106,0,0,159,0,159,0,41,224,0,265,32,0,32,297
10/15/2005,JQF,NC,ASO,ES,Federal Contract Tower,0,3,71,2,76,0,0,439,0,439,0,3,510,2,515,32,0,32,547
10/16/2005,JQF,NC,ASO,ES,Federal Contract Tower,0,9,72,2,83,0,0,223,1,224,0,9,295,3,307,22,0,22,329
10/17/2005,JQF,NC,ASO,ES,Federal Contract Tower,0,33,64,0,97,0,0,116,0,116,0,33,180,0,213,34,0,34,247
10/18/2005,JQF,NC,ASO,ES,Federal Contract Tower,0,31,45,0,76,0,0,120,0,120,0,31,165,0,196,38,0,38,234
10/19/2005,JQF,NC,ASO,ES,Federal Contract Tower,0,35,69,0,104,0,2,135,0,137,0,37,204,0,241,54,0,54,295
10/20/2005,JQF,NC,ASO,ES,Federal Contract Tower,0,38,78,0,116,0,1,115,0,116,0,39,193,0,232,82,0,82,314
10/21/2005,JQF,NC,ASO,ES,Federal Contract Tower,0,42,65,0,107,0,0,40,1,41,0,42,105,1,148,30,0,30,178
10/22/2005,JQF,NC,ASO,ES,Federal Contract Tower,0,4,45,0,49,0,0,41,0,41,0,4,86,0,90,24,0,24,114
10/23/2005,JQF,NC,ASO,ES,Federal Contract Tower,0,6,52,0,58,0,0,113,0,113,0,6,165,0,171,52,0,52,223
10/24/2005,JQF,NC,ASO,ES,Federal Contract Tower,0,34,44,0,78,0,1,53,0,54,0,35,97,0,132,64,0,64,196
10/25/2005,JQF,NC,ASO,ES,Federal Contract Tower,0,30,57,0,87,0,0,58,0,58,0,30,115,0,145,16,0,16,161
10/26/2005,JQF,NC,ASO,ES,Federal Contract Tower,0,30,60,0,90,0,0,108,0,108,0,30,168,0,198,10,0,10,208
10/27/2005,JQF,NC,ASO,ES,Federal Contract Tower,0,35,71,0,106,0,0,94,0,94,0,35,165,0,200,46,0,46,246
10/28/2005,JQF,NC,ASO,ES,Federal Contract Tower,0,37,67,0,104,0,0,95,0,95,0,37,162,0,199,48,0,48,247
10/29/2005,JQF,NC,ASO,ES,Federal Contract Tower,0,6,24,0,30,0,0,72,0,72,0,6,96,0,102,0,0,0,102
10/30/2005,JQF,NC,ASO,ES,Federal Contract Tower,0,2,71,0,73,0,0,75,0,75,0,2,146,0,148,8,0,8,156
10/31/2005,JQF,NC,ASO,ES,Federal Contract Tower,0,32,46,0,78,0,1,66,0,67,0,33,112,0,145,8,0,8,153
11/01/2005,JQF,NC,ASO,ES,Federal Contract Tower,0,45,56,0,101,0,1,94,0,95,0,46,150,0,196,28,0,28,224
11/02/2005,JQF,NC,ASO,ES,Federal Contract Tower,0,28,55,0,83,0,0,64,0,64,0,28,119,0,147,72,0,72,219
11/03/2005,JQF,NC,ASO,ES,Federal Contract Tower,0,34,55,0,89,0,1,71,0,72,0,35,126,0,161,68,0,68,229
11/04/2005,JQF,NC,ASO,ES,Federal Contract Tower,0,35,42,0,77,0,1,69,0,70,0,36,111,0,147,60,0,60,207
11/05/2005,JQF,NC,ASO,ES,Federal Contract Tower,0,2,31,0,33,0,0,105,0,105,0,2,136,0,138,54,0,54,192
11/06/2005,JQF,NC,ASO,ES,Federal Contract Tower,0,2,48,0,50,0,0,73,0,73,0,2,121,0,123,42,0,42,165
11/07/2005,JQF,NC,ASO,ES,Federal Contract Tower,0,35,49,0,84,0,0,60,0,60,0,35,109,0,144,36,0,36,180
11/08/2005,JQF,NC,ASO,ES,Federal Contract Tower,0,29,38,0,67,0,1,74,0,75,0,30,112,0,142,18,0,18,160
11/09/2005,JQF,NC,ASO,ES,Federal Contract Tower,0,38,59,0,97,0,4,55,0,59,0,42,114,0,156,18,0,18,174
11/10/2005,JQF,NC,ASO,ES,Federal Contract Tower,0,34,56,0,90,0,0,75,0,75,0,34,131,0,165,30,0,30,195
11/11/2005,JQF,NC,ASO,ES,Federal Contract Tower,0,11,38,0,49,0,0,60,0,60,0,11,98,0,109,30,0,30,139
11/12/2005,JQF,NC,ASO,ES,Federal Contract Tower,0,3,22,0,25,0,0,92,0,92,0,3,114,0,117,24,0,24,141
11/13/2005,JQF,NC,ASO,ES,Federal Contract Tower,0,5,38,0,43,0,0,66,0,66,0,5,104,0,109,32,0,32,141
11/14/2005,JQF,NC,ASO,ES,Federal Contract Tower,0,40,52,0,92,0,2,60,0,62,0,42,112,0,154,22,0,22,176
11/15/2005,JQF,NC,ASO,ES,Federal Contract Tower,0,32,56,0,88,0,1,42,0,43,0,33,98,0,131,4,0,4,135
11/16/2005,JQF,NC,ASO,ES,Federal Contract Tower,0,31,57,0,88,0,2,30,0,32,0,33,87,0,120,18,0,18,138
11/17/2005,JQF,NC,ASO,ES,Federal Contract Tower,0,31,68,0,99,0,0,75,0,75,0,31,143,0,174,22,0,22,196
11/18/2005,JQF,NC,ASO,ES,Federal Contract Tower,0,33,27,0,60,0,0,47,0,47,0,33,74,0,107,10,0,10,117
11/19/2005,JQF,NC,ASO,ES,Federal Contract Tower,0,2,19,0,21,0,0,86,0,86,0,2,105,0,107,10,0,10,117
11/20/2005,JQF,NC,ASO,ES,Federal Contract Tower,0,5,42,0,47,0,0,47,0,47,0,5,89,0,94,30,0,30,124
11/21/2005,JQF,NC,ASO,ES,Federal Contract Tower,0,32,47,0,79,0,0,0,0,0,0,32,47,0,79,0,0,0,79
11/22/2005,JQF,NC,ASO,ES,Federal Contract Tower,0,37,52,0,89,0,0,36,0,36,0,37,88,0,125,10,0,10,135
11/23/2005,JQF,NC,ASO,ES,Federal Contract Tower,0,37,69,0,106,0,1,60,0,61,0,38,129,0,167,38,0,38,205
11/24/2005,JQF,NC,ASO,ES,Federal Contract Tower,0,2,12,0,14,0,0,25,0,25,0,2,37,0,39,4,0,4,43
11/25/2005,JQF,NC,ASO,ES,Federal Contract Tower,0,34,14,0,48,0,0,67,0,67,0,34,81,0,115,16,0,16,131
11/26/2005,JQF,NC,ASO,ES,Federal Contract Tower,0,0,26,0,26,0,0,53,0,53,0,0,79,0,79,8,0,8,87
11/27/2005,JQF,NC,ASO,ES,Federal Contract Tower,0,2,41,0,43,0,0,2,0,2,0,2,43,0,45,0,0,0,45
11/28/2005,JQF,NC,ASO,ES,Federal Contract Tower,0,5,8,0,13,0,0,0,0,0,0,5,8,0,13,0,0,0,13
11/29/2005,JQF,NC,ASO,ES,Federal Contract Tower,0,27,32,0,59,0,1,37,0,38,0,28,69,0,97,14,0,14,111
11/30/2005,JQF,NC,ASO,ES,Federal Contract Tower,0,36,85,0,121,0,1,102,0,103,0,37,187,0,224,52,0,52,276
12/01/2005,JQF,NC,ASO,ES,Federal Contract Tower,0,34,58,0,92,0,3,65,0,68,0,37,123,0,160,78,0,78,238
12/02/2005,JQF,NC,ASO,ES,Federal Contract Tower,0,33,47,0,80,0,0,63,0,63,0,33,110,0,143,30,0,30,173
12/03/2005,JQF,NC,ASO,ES,Federal Contract Tower,0,3,48,0,51,0,0,47,0,47,0,3,95,0,98,16,0,16,114
12/04/2005,JQF,NC,ASO,ES,Federal Contract Tower,0,2,28,0,30,0,0,25,0,25,0,2,53,0,55,12,0,12,67
12/05/2005,JQF,NC,ASO,ES,Federal Contract Tower,0,33,33,0,66,0,0,0,0,0,0,33,33,0,66,0,0,0,66
12/06/2005,JQF,NC,ASO,ES,Federal Contract Tower,0,36,45,0,81,0,3,67,0,70,0,39,112,0,151,70,0,70,221
12/07/2005,JQF,NC,ASO,ES,Federal Contract Tower,0,44,59,0,103,0,3,104,0,107,0,47,163,0,210,26,0,26,236
12/08/2005,JQF,NC,ASO,ES,Federal Contract Tower,0,29,44,0,73,0,1,33,0,34,0,30,77,0,107,0,0,0,107
12/09/2005,JQF,NC,ASO,ES,Federal Contract Tower,0,38,24,0,62,0,2,40,0,42,0,40,64,0,104,28,0,28,132
12/10/2005,JQF,NC,ASO,ES,Federal Contract Tower,0,3,22,0,25,0,0,84,0,84,0,3,106,0,109,54,0,54,163
12/11/2005,JQF,NC,ASO,ES,Federal Contract Tower,0,2,34,0,36,0,0,55,0,55,0,2,89,0,91,30,0,30,121
12/12/2005,JQF,NC,ASO,ES,Federal Contract Tower,0,33,52,0,85,0,1,66,0,67,0,34,118,0,152,56,0,56,208
12/13/2005,JQF,NC,ASO,ES,Federal Contract Tower,0,34,47,0,81,0,1,66,0,67,0,35,113,0,148,18,0,18,166
12/14/2005,JQF,NC,ASO,ES,Federal Contract Tower,0,34,66,0,100,0,2,61,0,63,0,36,127,0,163,34,0,34,197
12/15/2005,JQF,NC,ASO,ES,Federal Contract Tower,0,24,21,0,45,0,0,0,0,0,0,24,21,0,45,0,0,0,45
12/16/2005,JQF,NC,ASO,ES,Federal Contract Tower,0,34,56,0,90,0,7,51,0,58,0,41,107,0,148,36,0,36,184
12/17/2005,JQF,NC,ASO,ES,Federal Contract Tower,0,0,33,0,33,0,0,72,0,72,0,0,105,0,105,52,0,52,157
12/18/2005,JQF,NC,ASO,ES,Federal Contract Tower,0,0,17,0,17,0,0,37,0,37,0,0,54,0,54,20,0,20,74
12/19/2005,JQF,NC,ASO,ES,Federal Contract Tower,0,37,42,0,79,0,0,41,9,50,0,37,83,9,129,56,0,56,185
12/20/2005,JQF,NC,ASO,ES,Federal Contract Tower,0,35,67,0,102,0,6,104,21,131,0,41,171,21,233,66,0,66,299
12/21/2005,JQF,NC,ASO,ES,Federal Contract Tower,0,34,50,2,86,0,2,96,0,98,0,36,146,2,184,60,0,60,244
12/22/2005,JQF,NC,ASO,ES,Federal Contract Tower,0,32,37,0,69,0,0,91,0,91,0,32,128,0,160,16,0,16,176
12/23/2005,JQF,NC,ASO,ES,Federal Contract Tower,0,35,28,0,63,0,0,63,0,63,0,35,91,0,126,20,0,20,146
12/24/2005,JQF,NC,ASO,ES,Federal Contract Tower,0,2,13,0,15,0,0,31,0,31,0,2,44,0,46,4,0,4,50
12/25/2005,JQF,NC,ASO,ES,Federal Contract Tower,0,0,8,0,8,0,0,3,0,3,0,0,11,0,11,0,0,0,11
12/26/2005,JQF,NC,ASO,ES,Federal Contract Tower,0,4,21,0,25,0,0,32,0,32,0,4,53,0,57,6,0,6,63
12/27/2005,JQF,NC,ASO,ES,Federal Contract Tower,0,35,22,0,57,0,0,93,0,93,0,35,115,0,150,102,0,102,252
12/28/2005,JQF,NC,ASO,ES,Federal Contract Tower,0,32,24,0,56,0,2,56,0,58,0,34,80,0,114,32,0,32,146
12/29/2005,JQF,NC,ASO,ES,Federal Contract Tower,0,27,32,0,59,0,3,51,0,54,0,30,83,0,113,4,0,4,117
12/30/2005,JQF,NC,ASO,ES,Federal Contract Tower,0,30,34,0,64,0,0,119,0,119,0,30,153,0,183,26,0,26,209
12/31/2005,JQF,NC,ASO,ES,Federal Contract Tower,0,0,9,0,9,0,0,75,0,75,0,0,84,0,84,26,0,26,110
01/01/2006,JQF,NC,ASO,ES,Federal Contract Tower,0,4,27,0,31,0,0,67,0,67,0,4,94,0,98,20,0,20,118
01/02/2006,JQF,NC,ASO,ES,Federal Contract Tower,0,0,4,0,4,0,0,0,0,0,0,0,4,0,4,0,0,0,4
01/03/2006,JQF,NC,ASO,ES,Federal Contract Tower,0,34,40,0,74,0,4,47,0,51,0,38,87,0,125,34,0,34,159
01/04/2006,JQF,NC,ASO,ES,Federal Contract Tower,0,37,48,0,85,0,1,80,0,81,0,38,128,0,166,26,0,26,192
01/05/2006,JQF,NC,ASO,ES,Federal Contract Tower,0,33,47,0,80,0,2,80,0,82,0,35,127,0,162,56,0,56,218
01/06/2006,JQF,NC,ASO,ES,Federal Contract Tower,0,33,43,0,76,0,2,47,0,49,0,35,90,0,125,26,0,26,151
01/07/2006,JQF,NC,ASO,ES,Federal Contract Tower,0,0,30,0,30,0,0,66,0,66,0,0,96,0,96,46,0,46,142
01/08/2006,JQF,NC,ASO,ES,Federal Contract Tower,0,0,43,0,43,0,0,56,0,56,0,0,99,0,99,30,0,30,129
01/09/2006,JQF,NC,ASO,ES,Federal Contract Tower,0,33,29,0,62,0,0,47,0,47,0,33,76,0,109,44,0,44,153
01/10/2006,JQF,NC,ASO,ES,Federal Contract Tower,0,29,35,0,64,0,2,37,0,39,0,31,72,0,103,2,0,2,105
01/11/2006,JQF,NC,ASO,ES,Federal Contract Tower,0,32,68,0,100,0,3,28,0,31,0,35,96,0,131,32,0,32,163
01/12/2006,JQF,NC,ASO,ES,Federal Contract Tower,0,34,45,0,79,0,1,73,0,74,0,35,118,0,153,14,0,14,167
01/13/2006,JQF,NC,ASO,ES,Federal Contract Tower,0,42,57,0,99,0,0,2,0,2,0,42,59,0,101,0,0,0,101
01/14/2006,JQF,NC,ASO,ES,Federal Contract Tower,0,6,13,0,19,0,0,25,0,25,0,6,38,0,44,10,0,10,54
01/15/2006,JQF,NC,ASO,ES,Federal Contract Tower,0,0,39,0,39,0,0,62,0,62,0,0,101,0,101,30,0,30,131
01/16/2006,JQF,NC,ASO,ES,Federal Contract Tower,0,1,43,0,44,0,1,59,0,60,0,2,102,0,104,30,0,30,134
01/17/2006,JQF,NC,ASO,ES,Federal Contract Tower,0,35,31,0,66,0,0,29,0,29,0,35,60,0,95,0,0,0,95
01/18/2006,JQF,NC,ASO,ES,Federal Contract Tower,0,36,47,0,83,0,2,42,6,50,0,38,89,6,133,0,0,0,133
01/19/2006,JQF,NC,ASO,ES,Federal Contract Tower,0,33,80,0,113,0,0,76,0,76,0,33,156,0,189,52,0,52,241
01/20/2006,JQF,NC,ASO,ES,Federal Contract Tower,0,35,53,0,88,0,1,80,0,81,0,36,133,0,169,32,0,32,201
01/21/2006,JQF,NC,ASO,ES,Federal Contract Tower,0,36,0,0,36,0,0,0,0,0,0,36,0,0,36,0,0,0,36
01/22/2006,JQF,NC,ASO,ES,Federal Contract Tower,0,0,41,0,41,0,0,9,0,9,0,0,50,0,50,18,0,18,68
01/23/2006,JQF,NC,ASO,ES,Federal Contract Tower,0,41,45,0,86,0,0,3,0,3,0,41,48,0,89,0,0,0,89
01/24/2006,JQF,NC,ASO,ES,Federal Contract Tower,0,38,54,2,94,0,0,57,0,57,0,38,111,2,151,24,0,24,175
01/25/2006,JQF,NC,ASO,ES,Federal Contract Tower,0,30,45,0,75,0,3,41,0,44,0,33,86,0,119,26,0,26,145
01/26/2006,JQF,NC,ASO,ES,Federal Contract Tower,0,41,54,0,95,0,3,97,0,100,0,44,151,0,195,84,0,84,279
01/27/2006,JQF,NC,ASO,ES,Federal Contract Tower,0,39,49,0,88,0,2,77,0,79,0,41,126,0,167,72,0,72,239
01/28/2006,JQF,NC,ASO,ES,Federal Contract Tower,0,3,17,2,22,0,0,96,0,96,0,3,113,2,118,72,0,72,190
01/29/2006,JQF,NC,ASO,ES,Federal Contract Tower,0,7,42,0,49,0,0,3,0,3,0,7,45,0,52,4,0,4,56
01/30/2006,JQF,NC,ASO,ES,Federal Contract Tower,0,41,40,0,81,0,1,62,0,63,0,42,102,0,144,68,0,68,212
01/31/2006,JQF,NC,ASO,ES,Federal Contract Tower,0,34,27,0,61,0,1,74,0,75,0,35,101,0,136,36,0,36,172
02/01/2006,JQF,NC,ASO,ES,Federal Contract Tower,0,38,34,0,72,0,2,91,0,93,0,40,125,0,165,8,0,8,173
02/02/2006,JQF,NC,ASO,ES,Federal Contract Tower,0,26,51,0,77,0,1,54,0,55,0,27,105,0,132,14,0,14,146
02/03/2006,JQF,NC,ASO,ES,Federal Contract Tower,0,40,56,0,96,0,1,46,0,47,0,41,102,0,143,22,0,22,165
02/04/2006,JQF,NC,ASO,ES,Federal Contract Tower,0,3,22,0,25,0,0,2,0,2,0,3,24,0,27,2,0,2,29
02/05/2006,JQF,NC,ASO,ES,Federal Contract Tower,0,3,17,0,20,0,0,49,0,49,0,3,66,0,69,4,0,4,73
02/06/2006,JQF,NC,ASO,ES,Federal Contract Tower,0,30,36,0,66,0,2,29,0,31,0,32,65,0,97,18,0,18,115
02/07/2006,JQF,NC,ASO,ES,Federal Contract Tower,0,27,61,0,88,0,1,93,0,94,0,28,154,0,182,12,0,12,194
02/08/2006,JQF,NC,ASO,ES,Federal Contract Tower,0,32,72,0,104,0,2,105,0,107,0,34,177,0,211,20,0,20,231
02/09/2006,JQF,NC,ASO,ES,Federal Contract Tower,0,28,66,0,94,0,0,52,0,52,0,28,118,0,146,4,0,4,150
02/10/2006,JQF,NC,ASO,ES,Federal Contract Tower,0,35,42,0,77,0,4,64,0,68,0,39,106,0,145,10,0,10,155
02/11/2006,JQF,NC,ASO,ES,Federal Contract Tower,0,0,28,0,28,0,0,0,0,0,0,0,28,0,28,0,0,0,28
02/12/2006,JQF,NC,ASO,ES,Federal Contract Tower,0,0,43,0,43,0,0,35,0,35,0,0,78,0,78,4,0,4,82
02/13/2006,JQF,NC,ASO,ES,Federal Contract Tower,0,32,53,0,85,0,1,57,0,58,0,33,110,0,143,20,0,20,163
02/14/2006,JQF,NC,ASO,ES,Federal Contract Tower,0,40,54,0,94,0,3,86,0,89,0,43,140,0,183,72,0,72,255
02/15/2006,JQF,NC,ASO,ES,Federal Contract Tower,0,43,77,0,120,0,1,91,0,92,0,44,168,0,212,50,0,50,262
02/16/2006,JQF,NC,ASO,ES,Federal Contract Tower,0,34,72,0,106,0,0,102,0,102,0,34,174,0,208,32,0,32,240
02/17/2006,JQF,NC,ASO,ES,Federal Contract Tower,0,32,26,0,58,0,0,74,0,74,0,32,100,0,132,42,0,42,174
02/18/2006,JQF,NC,ASO,ES,Federal Contract Tower,0,3,33,0,36,0,0,5,0,5,0,3,38,0,41,16,0,16,57
02/19/2006,JQF,NC,ASO,ES,Federal Contract Tower,0,2,45,0,47,0,0,78,0,78,0,2,123,0,125,32,0,32,157
02/20/2006,JQF,NC,ASO,ES,Federal Contract Tower,0,4,41,0,45,0,0,51,0,51,0,4,92,0,96,66,0,66,162
02/21/2006,JQF,NC,ASO,ES,Federal Contract Tower,0,36,56,0,92,0,0,77,0,77,0,36,133,0,169,32,0,32,201
02/22/2006,JQF,NC,ASO,ES,Federal Contract Tower,0,36,39,0,75,0,0,5,0,5,0,36,44,0,80,0,0,0,80
02/23/2006,JQF,NC,ASO,ES,Federal Contract Tower,0,37,56,0,93,0,1,46,0,47,0,38,102,0,140,22,0,22,162
02/24/2006,JQF,NC,ASO,ES,Federal Contract Tower,0,40,27,0,67,0,3,98,0,101,0,43,125,0,168,44,0,44,212
02/25/2006,JQF,NC,ASO,ES,Federal Contract Tower,0,0,16,0,16,0,0,58,0,58,0,0,74,0,74,46,0,46,120
02/26/2006,JQF,NC,ASO,ES,Federal Contract Tower,0,1,17,2,20,0,0,31,0,31,0,1,48,2,51,30,12,42,93
02/27/2006,JQF,NC,ASO,ES,Federal Contract Tower,0,35,32,0,67,0,0,72,0,72,0,35,104,0,139,26,0,26,165
02/28/2006,JQF,NC,ASO,ES,Federal Contract Tower,0,31,58,0,89,0,0,99,0,99,0,31,157,0,188,38,0,38,226
03/01/2006,JQF,NC,ASO,ES,Federal Contract Tower,0,28,61,0,89,0,1,89,0,90,0,29,150,0,179,46,0,46,225
03/02/2006,JQF,NC,ASO,ES,Federal Contract Tower,0,35,37,0,72,0,0,86,0,86,0,35,123,0,158,80,0,80,238
03/03/2006,JQF,NC,ASO,ES,Federal Contract Tower,0,38,44,0,82,0,1,53,1,55,0,39,97,1,137,24,0,24,161
03/04/2006,JQF,NC,ASO,ES,Federal Contract Tower,0,0,0,0,0,0,0,121,0,121,0,0,121,0,121,42,0,42,163
03/05/2006,JQF,NC,ASO,ES,Federal Contract Tower,0,3,29,0,32,0,0,110,0,110,0,3,139,0,142,64,0,64,206
03/06/2006,JQF,NC,ASO,ES,Federal Contract Tower,0,37,36,0,73,0,2,45,0,47,0,39,81,0,120,58,0,58,178
03/07/2006,JQF,NC,ASO,ES,Federal Contract Tower,0,32,43,0,75,0,0,79,0,79,0,32,122,0,154,68,0,68,222
03/08/2006,JQF,NC,ASO,ES,Federal Contract Tower,0,28,47,0,75,0,3,127,0,130,0,31,174,0,205,112,0,112,317
03/09/2006,JQF,NC,ASO,ES,Federal Contract Tower,0,28,62,0,90,0,0,78,0,78,0,28,140,0,168,28,0,28,196
03/10/2006,JQF,NC,ASO,ES,Federal Contract Tower,0,33,40,0,73,0,0,67,0,67,0,33,107,0,140,24,0,24,164
03/11/2006,JQF,NC,ASO,ES,Federal Contract Tower,0,0,20,0,20,0,0,48,0,48,0,0,68,0,68,20,0,20,88
03/12/2006,JQF,NC,ASO,ES,Federal Contract Tower,0,2,24,0,26,0,0,86,0,86,0,2,110,0,112,44,0,44,156
03/13/2006,JQF,NC,ASO,ES,Federal Contract Tower,0,27,38,0,65,0,0,55,0,55,0,27,93,0,120,66,0,66,186
03/14/2006,JQF,NC,ASO,ES,Federal Contract Tower,0,31,49,0,80,0,2,24,0,26,0,33,73,0,106,16,0,16,122
03/15/2006,JQF,NC,ASO,ES,Federal Contract Tower,0,41,71,0,112,0,9,93,0,102,0,50,164,0,214,60,0,60,274
03/16/2006,JQF,NC,ASO,ES,Federal Contract Tower,0,31,90,0,121,0,0,89,0,89,0,31,179,0,210,42,0,42,252
03/17/2006,JQF,NC,ASO,ES,Federal Contract Tower,0,32,57,0,89,0,1,65,0,66,0,33,122,0,155,42,0,42,197
03/18/2006,JQF,NC,ASO,ES,Federal Contract Tower,0,0,39,0,39,0,0,92,0,92,0,0,131,0,131,30,0,30,161
03/19/2006,JQF,NC,ASO,ES,Federal Contract Tower,0,1,59,0,60,0,0,80,0,80,0,1,139,0,140,30,0,30,170
03/20/2006,JQF,NC,ASO,ES,Federal Contract Tower,0,34,79,0,113,0,0,23,0,23,0,34,102,0,136,8,0,8,144
03/21/2006,JQF,NC,ASO,ES,Federal Contract Tower,0,33,59,2,94,0,0,0,1,1,0,33,59,3,95,0,0,0,95
03/22/2006,JQF,NC,ASO,ES,Federal Contract Tower,0,38,66,0,104,0,7,84,1,92,0,45,150,1,196,44,0,44,240
03/23/2006,JQF,NC,ASO,ES,Federal Contract Tower,0,33,72,0,105,0,1,64,0,65,0,34,136,0,170,2,0,2,172
03/24/2006,JQF,NC,ASO,ES,Federal Contract Tower,0,35,64,0,99,0,3,26,4,33,0,38,90,4,132,10,0,10,142
03/25/2006,JQF,NC,ASO,ES,Federal Contract Tower,0,2,46,0,48,0,0,71,1,72,0,2,117,1,120,46,0,46,166
03/26/2006,JQF,NC,ASO,ES,Federal Contract Tower,0,1,44,1,46,0,0,78,1,79,0,1,122,2,125,26,0,26,151
03/27/2006,JQF,NC,ASO,ES,Federal Contract Tower,0,37,54,0,91,0,4,81,4,89,0,41,135,4,180,20,0,20,200
03/28/2006,JQF,NC,ASO,ES,Federal Contract Tower,0,35,49,0,84,0,4,34,0,38,0,39,83,0,122,10,0,10,132
03/29/2006,JQF,NC,ASO,ES,Federal Contract Tower,0,43,58,0,101,0,5,88,0,93,0,48,146,0,194,22,0,22,216
03/30/2006,JQF,NC,ASO,ES,Federal Contract Tower,0,33,74,0,107,0,3,85,1,89,0,36,159,1,196,36,0,36,232
03/31/2006,JQF,NC,ASO,ES,Federal Contract Tower,0,37,41,0,78,0,0,55,0,55,0,37,96,0,133,24,0,24,157
04/01/2006,JQF,NC,ASO,ES,Federal Contract Tower,0,2,23,0,25,0,0,83,4,87,0,2,106,4,112,50,0,50,162
04/02/2006,JQF,NC,ASO,ES,Federal Contract Tower,0,4,34,0,38,0,0,125,0,125,0,4,159,0,163,24,0,24,187
04/03/2006,JQF,NC,ASO,ES,Federal Contract Tower,0,29,23,0,52,0,2,14,0,16,0,31,37,0,68,16,0,16,84
04/04/2006,JQF,NC,ASO,ES,Federal Contract Tower,0,48,60,0,108,0,0,102,0,102,0,48,162,0,210,28,0,28,238
04/05/2006,JQF,NC,ASO,ES,Federal Contract Tower,0,32,80,0,112,0,5,75,0,80,0,37,155,0,192,32,0,32,224
04/06/2006,JQF,NC,ASO,ES,Federal Contract Tower,0,39,86,0,125,0,0,72,1,73,0,39,158,1,198,16,2,18,216
04/07/2006,JQF,NC,ASO,ES,Federal Contract Tower,0,40,53,1,94,0,3,58,1,62,0,43,111,2,156,12,0,12,168
04/08/2006,JQF,NC,ASO,ES,Federal Contract Tower,0,2,32,0,34,0,0,12,0,12,0,2,44,0,46,8,0,8,54
04/09/2006,JQF,NC,ASO,ES,Federal Contract Tower,0,2,58,0,60,0,0,136,1,137,0,2,194,1,197,36,0,36,233
04/10/2006,JQF,NC,ASO,ES,Federal Contract Tower,0,32,45,0,77,0,5,81,0,86,0,37,126,0,163,54,0,54,217
04/11/2006,JQF,NC,ASO,ES,Federal Contract Tower,0,33,52,0,85,0,2,111,0,113,0,35,163,0,198,28,0,28,226
04/12/2006,JQF,NC,ASO,ES,Federal Contract Tower,0,33,97,0,130,0,2,110,1,113,0,35,207,1,243,28,0,28,271
04/13/2006,JQF,NC,ASO,ES,Federal Contract Tower,0,34,77,0,111,0,0,86,0,86,0,34,163,0,197,46,0,46,243
04/14/2006,JQF,NC,ASO,ES,Federal Contract Tower,0,35,54,0,89,0,0,65,0,65,0,35,119,0,154,40,0,40,194
04/15/2006,JQF,NC,ASO,ES,Federal Contract Tower,0,2,28,0,30,0,0,63,0,63,0,2,91,0,93,40,0,40,133
04/16/2006,JQF,NC,ASO,ES,Federal Contract Tower,0,6,24,0,30,0,1,46,0,47,0,7,70,0,77,6,0,6,83
04/17/2006,JQF,NC,ASO,ES,Federal Contract Tower,0,36,46,0,82,0,0,56,0,56,0,36,102,0,138,8,0,8,146
04/18/2006,JQF,NC,ASO,ES,Federal Contract Tower,0,31,73,0,104,0,0,76,0,76,0,31,149,0,180,12,0,12,192
04/19/2006,JQF,NC,ASO,ES,Federal Contract Tower,0,45,64,0,109,0,1,18,0,19,0,46,82,0,128,2,0,2,130
04/20/2006,JQF,NC,ASO,ES,Federal Contract Tower,0,31,71,0,102,0,1,53,0,54,0,32,124,0,156,82,0,82,238
04/21/2006,JQF,NC,ASO,ES,Federal Contract Tower,0,34,26,0,60,0,1,40,0,41,0,35,66,0,101,18,0,18,119
04/22/2006,JQF,NC,ASO,ES,Federal Contract Tower,0,0,17,0,17,0,1,14,0,15,0,1,31,0,32,0,0,0,32
04/23/2006,JQF,NC,ASO,ES,Federal Contract Tower,0,3,40,0,43,0,0,72,0,72,0,3,112,0,115,54,0,54,169
04/24/2006,JQF,NC,ASO,ES,Federal Contract Tower,0,37,42,0,79,0,0,85,0,85,0,37,127,0,164,22,0,22,186
04/25/2006,JQF,NC,ASO,ES,Federal Contract Tower,0,31,63,0,94,0,4,85,0,89,0,35,148,0,183,44,0,44,227
04/26/2006,JQF,NC,ASO,ES,Federal Contract Tower,0,35,63,0,98,0,0,5,0,5,0,35,68,0,103,0,0,0,103
04/27/2006,JQF,NC,ASO,ES,Federal Contract Tower,0,38,112,0,150,0,0,30,0,30,0,38,142,0,180,6,0,6,186
04/28/2006,JQF,NC,ASO,ES,Federal Contract Tower,0,28,53,0,81,0,1,93,0,94,0,29,146,0,175,26,0,26,201
04/29/2006,JQF,NC,ASO,ES,Federal Contract Tower,0,4,45,0,49,0,1,77,0,78,0,5,122,0,127,38,0,38,165
04/30/2006,JQF,NC,ASO,ES,Federal Contract Tower,0,1,42,0,43,0,0,85,0,85,0,1,127,0,128,14,0,14,142
05/01/2006,JQF,NC,ASO,ES,Federal Contract Tower,0,35,73,0,108,0,0,87,0,87,0,35,160,0,195,38,0,38,233
05/02/2006,JQF,NC,ASO,ES,Federal Contract Tower,0,35,61,0,96,0,3,121,0,124,0,38,182,0,220,80,0,80,300
05/03/2006,JQF,NC,ASO,ES,Federal Contract Tower,0,30,42,0,72,0,0,142,0,142,0,30,184,0,214,34,0,34,248
05/04/2006,JQF,NC,ASO,ES,Federal Contract Tower,0,30,95,0,125,0,0,113,0,113,0,30,208,0,238,18,0,18,256
05/05/2006,JQF,NC,ASO,ES,Federal Contract Tower,0,33,55,0,88,0,0,33,0,33,0,33,88,0,121,18,0,18,139
05/06/2006,JQF,NC,ASO,ES,Federal Contract Tower,0,3,34,0,37,0,0,75,0,75,0,3,109,0,112,12,0,12,124
05/07/2006,JQF,NC,ASO,ES,Federal Contract Tower,0,5,63,0,68,0,0,5,0,5,0,5,68,0,73,0,0,0,73
05/08/2006,JQF,NC,ASO,ES,Federal Contract Tower,0,35,55,0,90,0,0,15,0,15,0,35,70,0,105,4,0,4,109
05/09/2006,JQF,NC,ASO,ES,Federal Contract Tower,0,27,76,0,103,0,0,43,0,43,0,27,119,0,146,32,0,32,178
05/10/2006,JQF,NC,ASO,ES,Federal Contract Tower,0,34,56,0,90,0,2,43,0,45,0,36,99,0,135,68,0,68,203
05/11/2006,JQF,NC,ASO,ES,Federal Contract Tower,0,29,57,0,86,0,2,24,0,26,0,31,81,0,112,4,0,4,116
05/12/2006,JQF,NC,ASO,ES,Federal Contract Tower,0,34,51,0,85,0,0,98,0,98,0,34,149,0,183,32,0,32,215
05/13/2006,JQF,NC,ASO,ES,Federal Contract Tower,0,2,23,0,25,0,0,99,0,99,0,2,122,0,124,40,0,40,164
05/14/2006,JQF,NC,ASO,ES,Federal Contract Tower,0,8,27,0,35,0,0,27,0,27,0,8,54,0,62,0,0,0,62
05/15/2006,JQF,NC,ASO,ES,Federal Contract Tower,0,32,48,0,80,0,2,76,0,78,0,34,124,0,158,16,0,16,174
05/16/2006,JQF,NC,ASO,ES,Federal Contract Tower,0,32,67,0,99,0,3,82,0,85,0,35,149,0,184,62,0,62,246
05/17/2006,JQF,NC,ASO,ES,Federal Contract Tower,0,35,90,0,125,0,0,100,0,100,0,35,190,0,225,12,0,12,237
05/18/2006,JQF,NC,ASO,ES,Federal Contract Tower,0,29,76,0,105,0,2,59,0,61,0,31,135,0,166,10,0,10,176
05/19/2006,JQF,NC,ASO,ES,Federal Contract Tower,0,36,87,0,123,0,1,132,0,133,0,37,219,0,256,64,0,64,320
05/20/2006,JQF,NC,ASO,ES,Federal Contract Tower,0,5,27,0,32,0,0,135,0,135,0,5,162,0,167,20,0,20,187
05/21/2006,JQF,NC,ASO,ES,Federal Contract Tower,0,2,73,0,75,0,0,134,0,134,0,2,207,0,209,48,0,48,257
05/22/2006,JQF,NC,ASO,ES,Federal Contract Tower,0,32,39,0,71,0,0,47,0,47,0,32,86,0,118,0,0,0,118
05/23/2006,JQF,NC,ASO,ES,Federal Contract Tower,0,31,54,0,85,0,1,114,0,115,0,32,168,0,200,38,0,38,238
05/24/2006,JQF,NC,ASO,ES,Federal Contract Tower,0,37,59,0,96,0,0,118,0,118,0,37,177,0,214,56,0,56,270
05/25/2006,JQF,NC,ASO,ES,Federal Contract Tower,0,35,78,2,115,0,1,83,0,84,0,36,161,2,199,22,0,22,221
05/26/2006,JQF,NC,ASO,ES,Federal Contract Tower,0,41,61,0,102,0,2,83,5,90,0,43,144,5,192,18,0,18,210
05/27/2006,JQF,NC,ASO,ES,Federal Contract Tower,0,5,55,0,60,0,0,0,0,0,0,5,55,0,60,46,0,46,106
05/28/2006,JQF,NC,ASO,ES,Federal Contract Tower,0,6,52,0,58,0,0,430,2,432,0,6,482,2,490,84,0,84,574
05/29/2006,JQF,NC,ASO,ES,Federal Contract Tower,0,1,52,0,53,0,0,94,2,96,0,1,146,2,149,58,0,58,207
05/30/2006,JQF,NC,ASO,ES,Federal Contract Tower,0,39,46,0,85,0,0,77,0,77,0,39,123,0,162,80,0,80,242
05/31/2006,JQF,NC,ASO,ES,Federal Contract Tower,0,29,60,0,89,0,2,67,0,69,0,31,127,0,158,40,0,40,198
06/01/2006,JQF,NC,ASO,ES,Federal Contract Tower,0,26,103,0,129,0,1,77,0,78,0,27,180,0,207,24,0,24,231
06/02/2006,JQF,NC,ASO,ES,Federal Contract Tower,0,32,41,0,73,0,0,46,0,46,0,32,87,0,119,22,0,22,141
06/03/2006,JQF,NC,ASO,ES,Federal Contract Tower,0,2,21,0,23,0,0,88,0,88,0,2,109,0,111,32,0,32,143
06/04/2006,JQF,NC,ASO,ES,Federal Contract Tower,0,0,73,0,73,0,0,76,0,76,0,0,149,0,149,14,0,14,163
06/05/2006,JQF,NC,ASO,ES,Federal Contract Tower,0,40,59,0,99,0,0,71,0,71,0,40,130,0,170,28,0,28,198
06/06/2006,JQF,NC,ASO,ES,Federal Contract Tower,0,30,62,0,92,0,1,79,0,80,0,31,141,0,172,0,0,0,172
06/07/2006,JQF,NC,ASO,ES,Federal Contract Tower,0,33,62,0,95,0,0,111,0,111,0,33,173,0,206,20,0,20,226
06/08/2006,JQF,NC,ASO,ES,Federal Contract Tower,0,36,89,0,125,0,2,58,0,60,0,38,147,0,185,0,0,0,185
06/09/2006,JQF,NC,ASO,ES,Federal Contract Tower,0,30,54,0,84,0,0,97,0,97,0,30,151,0,181,34,0,34,215
06/10/2006,JQF,NC,ASO,ES,Federal Contract Tower,0,0,44,0,44,0,0,60,0,60,0,0,104,0,104,18,0,18,122
06/11/2006,JQF,NC,ASO,ES,Federal Contract Tower,0,1,53,0,54,0,0,58,0,58,0,1,111,0,112,10,0,10,122
06/12/2006,JQF,NC,ASO,ES,Federal Contract Tower,0,39,50,0,89,0,1,43,0,44,0,40,93,0,133,22,0,22,155
06/13/2006,JQF,NC,ASO,ES,Federal Contract Tower,0,36,73,0,109,0,0,53,0,53,0,36,126,0,162,34,0,34,196
06/14/2006,JQF,NC,ASO,ES,Federal Contract Tower,0,35,56,0,91,0,0,38,0,38,0,35,94,0,129,4,0,4,133
06/15/2006,JQF,NC,ASO,ES,Federal Contract Tower,0,37,74,2,113,0,2,84,0,86,0,39,158,2,199,18,0,18,217
06/16/2006,JQF,NC,ASO,ES,Federal Contract Tower,0,30,56,0,86,0,0,82,2,84,0,30,138,2,170,14,0,14,184
06/17/2006,JQF,NC,ASO,ES,Federal Contract Tower,0,0,0,0,0,0,0,88,0,88,0,0,88,0,88,34,0,34,122
06/18/2006,JQF,NC,ASO,ES,Federal Contract Tower,0,2,65,0,67,0,0,83,0,83,0,2,148,0,150,28,0,28,178
06/19/2006,JQF,NC,ASO,ES,Federal Contract Tower,0,34,54,0,88,0,1,57,2,60,0,35,111,2,148,2,0,2,150
06/20/2006,JQF,NC,ASO,ES,Federal Contract Tower,0,34,58,1,93,0,2,79,1,82,0,36,137,2,175,4,0,4,179
06/21/2006,JQF,NC,ASO,ES,Federal Contract Tower,0,38,40,0,78,0,1,93,0,94,0,39,133,0,172,34,0,34,206
06/22/2006,JQF,NC,ASO,ES,Federal Contract Tower,0,28,59,0,87,0,0,71,0,71,0,28,130,0,158,30,0,30,188
06/23/2006,JQF,NC,ASO,ES,Federal Contract Tower,0,37,58,0,95,0,0,46,0,46,0,37,104,0,141,0,0,0,141
06/24/2006,JQF,NC,ASO,ES,Federal Contract Tower,0,0,37,0,37,0,0,33,0,33,0,0,70,0,70,32,0,32,102
06/25/2006,JQF,NC,ASO,ES,Federal Contract Tower,0,0,0,0,0,0,51,0,0,51,0,51,0,0,51,22,0,22,73
06/26/2006,JQF,NC,ASO,ES,Federal Contract Tower,0,35,42,0,77,0,0,12,0,12,0,35,54,0,89,16,0,16,105
06/27/2006,JQF,NC,ASO,ES,Federal Contract Tower,0,33,43,0,76,0,0,27,0,27,0,33,70,0,103,3,0,3,106
06/28/2006,JQF,NC,ASO,ES,Federal Contract Tower,0,32,105,0,137,0,0,105,0,105,0,32,210,0,242,66,0,66,308
06/29/2006,JQF,NC,ASO,ES,Federal Contract Tower,0,37,61,0,98,0,5,91,0,96,0,42,152,0,194,10,0,10,204
06/30/2006,JQF,NC,ASO,ES,Federal Contract Tower,0,32,55,0,87,0,0,85,0,85,0,32,140,0,172,10,0,10,182
07/01/2006,JQF,NC,ASO,ES,Federal Contract Tower,0,2,38,0,40,0,0,47,0,47,0,2,85,0,87,24,0,24,111
07/02/2006,JQF,NC,ASO,ES,Federal Contract Tower,0,1,29,0,30,0,0,51,0,51,0,1,80,0,81,16,0,16,97
07/03/2006,JQF,NC,ASO,ES,Federal Contract Tower,0,30,29,0,59,0,0,43,0,43,0,30,72,0,102,24,0,24,126
07/04/2006,JQF,NC,ASO,ES,Federal Contract Tower,0,2,32,0,34,0,0,52,0,52,0,2,84,0,86,28,0,28,114
07/05/2006,JQF,NC,ASO,ES,Federal Contract Tower,0,34,41,0,75,0,0,55,0,55,0,34,96,0,130,16,0,16,146
07/06/2006,JQF,NC,ASO,ES,Federal Contract Tower,0,28,83,0,111,0,1,16,0,17,0,29,99,0,128,0,0,0,128
07/07/2006,JQF,NC,ASO,ES,Federal Contract Tower,0,36,48,0,84,0,2,82,0,84,0,38,130,0,168,60,0,60,228
07/08/2006,JQF,NC,ASO,ES,Federal Contract Tower,0,1,40,0,41,0,0,75,0,75,0,1,115,0,116,28,0,28,144
07/09/2006,JQF,NC,ASO,ES,Federal Contract Tower,0,1,52,0,53,0,0,79,0,79,0,1,131,0,132,18,0,18,150
07/10/2006,JQF,NC,ASO,ES,Federal Contract Tower,0,28,53,0,81,0,1,58,0,59,0,29,111,0,140,12,0,12,152
07/11/2006,JQF,NC,ASO,ES,Federal Contract Tower,0,31,46,0,77,0,1,85,0,86,0,32,131,0,163,24,0,24,187
07/12/2006,JQF,NC,ASO,ES,Federal Contract Tower,0,35,71,0,106,0,1,101,0,102,0,36,172,0,208,32,0,32,240
07/13/2006,JQF,NC,ASO,ES,Federal Contract Tower,0,33,92,0,125,0,3,76,0,79,0,36,168,0,204,38,0,38,242
07/14/2006,JQF,NC,ASO,ES,Federal Contract Tower,0,28,35,0,63,0,1,39,0,40,0,29,74,0,103,34,0,34,137
07/15/2006,JQF,NC,ASO,ES,Federal Contract Tower,0,0,36,0,36,0,0,66,0,66,0,0,102,0,102,16,0,16,118
07/16/2006,JQF,NC,ASO,ES,Federal Contract Tower,0,0,71,0,71,0,0,72,0,72,0,0,143,0,143,36,0,36,179
07/17/2006,JQF,NC,ASO,ES,Federal Contract Tower,0,32,57,1,90,0,2,90,1,93,0,34,147,2,183,30,0,30,213
07/18/2006,JQF,NC,ASO,ES,Federal Contract Tower,0,35,56,0,91,0,0,65,0,65,0,35,121,0,156,30,0,30,186
07/19/2006,JQF,NC,ASO,ES,Federal Contract Tower,0,27,67,0,94,0,2,67,0,69,0,29,134,0,163,44,0,44,207
07/20/2006,JQF,NC,ASO,ES,Federal Contract Tower,0,33,79,0,112,0,2,117,0,119,0,35,196,0,231,46,0,46,277
07/21/2006,JQF,NC,ASO,ES,Federal Contract Tower,0,34,41,4,79,0,0,103,1,104,0,34,144,5,183,18,8,26,209
07/22/2006,JQF,NC,ASO,ES,Federal Contract Tower,0,2,23,0,25,0,0,43,0,43,0,2,66,0,68,10,0,10,78
07/23/2006,JQF,NC,ASO,ES,Federal Contract Tower,0,4,65,0,69,0,0,23,0,23,0,4,88,0,92,0,0,0,92
07/24/2006,JQF,NC,ASO,ES,Federal Contract Tower,0,33,42,0,75,0,9,59,0,68,0,42,101,0,143,52,0,52,195
07/25/2006,JQF,NC,ASO,ES,Federal Contract Tower,0,32,46,0,78,0,1,41,0,42,0,33,87,0,120,40,0,40,160
07/26/2006,JQF,NC,ASO,ES,Federal Contract Tower,0,38,58,0,96,0,0,106,0,106,0,38,164,0,202,52,0,52,254
07/27/2006,JQF,NC,ASO,ES,Federal Contract Tower,0,35,54,0,89,0,0,72,6,78,0,35,126,6,167,42,0,42,209
07/28/2006,JQF,NC,ASO,ES,Federal Contract Tower,0,27,61,0,88,0,0,67,0,67,0,27,128,0,155,22,0,22,177
07/29/2006,JQF,NC,ASO,ES,Federal Contract Tower,0,0,0,0,0,0,0,106,12,118,0,0,106,12,118,22,0,22,140
07/30/2006,JQF,NC,ASO,ES,Federal Contract Tower,0,0,41,0,41,0,0,92,0,92,0,0,133,0,133,36,0,36,169
07/31/2006,JQF,NC,ASO,ES,Federal Contract Tower,0,36,35,0,71,0,1,76,0,77,0,37,111,0,148,64,2,66,214
08/01/2006,JQF,NC,ASO,ES,Federal Contract Tower,0,32,49,0,81,0,2,85,0,87,0,34,134,0,168,34,0,34,202
08/02/2006,JQF,NC,ASO,ES,Federal Contract Tower,0,30,63,0,93,0,3,78,0,81,0,33,141,0,174,64,0,64,238
08/03/2006,JQF,NC,ASO,ES,Federal Contract Tower,0,35,75,0,110,0,13,59,2,74,0,48,134,2,184,4,0,4,188
08/04/2006,JQF,NC,ASO,ES,Federal Contract Tower,0,33,46,0,79,0,1,48,0,49,0,34,94,0,128,4,0,4,132
08/05/2006,JQF,NC,ASO,ES,Federal Contract Tower,0,3,27,0,30,0,0,43,0,43,0,3,70,0,73,24,0,24,97
08/06/2006,JQF,NC,ASO,ES,Federal Contract Tower,2,4,70,0,76,0,0,29,0,29,2,4,99,0,105,40,0,40,145
08/07/2006,JQF,NC,ASO,ES,Federal Contract Tower,0,27,44,0,71,0,1,46,0,47,0,28,90,0,118,4,0,4,122
08/08/2006,JQF,NC,ASO,ES,Federal Contract Tower,0,25,52,0,77,0,2,107,0,109,0,27,159,0,186,46,0,46,232
08/09/2006,JQF,NC,ASO,ES,Federal Contract Tower,0,30,72,0,102,0,5,36,0,41,0,35,108,0,143,4,0,4,147
08/10/2006,JQF,NC,ASO,ES,Federal Contract Tower,0,33,93,0,126,0,0,53,0,53,0,33,146,0,179,28,0,28,207
08/11/2006,JQF,NC,ASO,ES,Federal Contract Tower,0,27,54,0,81,0,0,37,0,37,0,27,91,0,118,8,0,8,126
08/12/2006,JQF,NC,ASO,ES,Federal Contract Tower,0,1,54,0,55,0,0,22,0,22,0,1,76,0,77,8,0,8,85
08/13/2006,JQF,NC,ASO,ES,Federal Contract Tower,0,0,58,0,58,0,0,141,0,141,0,0,199,0,199,44,0,44,243
08/14/2006,JQF,NC,ASO,ES,Federal Contract Tower,0,30,49,0,79,0,2,78,0,80,0,32,127,0,159,42,0,42,201
08/15/2006,JQF,NC,ASO,ES,Federal Contract Tower,0,27,61,0,88,0,0,117,0,117,0,27,178,0,205,86,0,86,291
08/16/2006,JQF,NC,ASO,ES,Federal Contract Tower,0,29,75,0,104,0,0,25,1,26,0,29,100,1,130,0,0,0,130
08/17/2006,JQF,NC,ASO,ES,Federal Contract Tower,0,39,89,0,128,0,1,94,0,95,0,40,183,0,223,78,0,78,301
08/18/2006,JQF,NC,ASO,ES,Federal Contract Tower,0,32,66,0,98,0,0,64,0,64,0,32,130,0,162,12,0,12,174
08/19/2006,JQF,NC,ASO,ES,Federal Contract Tower,0,0,45,0,45,0,0,20,0,20,0,0,65,0,65,6,0,6,71
08/20/2006,JQF,NC,ASO,ES,Federal Contract Tower,0,5,74,0,79,0,0,67,0,67,0,5,141,0,146,30,0,30,176
08/21/2006,JQF,NC,ASO,ES,Federal Contract Tower,0,26,62,0,88,0,1,84,0,85,0,27,146,0,173,46,0,46,219
08/22/2006,JQF,NC,ASO,ES,Federal Contract Tower,0,29,60,0,89,0,0,19,0,19,0,29,79,0,108,4,0,4,112
08/23/2006,JQF,NC,ASO,ES,Federal Contract Tower,0,29,76,0,105,0,5,56,0,61,0,34,132,0,166,48,0,48,214
08/24/2006,JQF,NC,ASO,ES,Federal Contract Tower,0,26,76,0,102,0,3,56,0,59,0,29,132,0,161,38,0,38,199
08/25/2006,JQF,NC,ASO,ES,Federal Contract Tower,0,29,52,0,81,0,0,85,0,85,0,29,137,0,166,46,0,46,212
08/26/2006,JQF,NC,ASO,ES,Federal Contract Tower,0,1,53,0,54,0,0,80,0,80,0,1,133,0,134,40,0,40,174
08/27/2006,JQF,NC,ASO,ES,Federal Contract Tower,0,2,42,0,44,0,0,55,0,55,0,2,97,0,99,62,0,62,161
08/28/2006,JQF,NC,ASO,ES,Federal Contract Tower,0,28,64,0,92,0,6,50,0,56,0,34,114,0,148,38,2,40,188
08/29/2006,JQF,NC,ASO,ES,Federal Contract Tower,0,34,43,0,77,0,2,83,0,85,0,36,126,0,162,54,0,54,216
08/30/2006,JQF,NC,ASO,ES,Federal Contract Tower,0,42,52,0,94,0,0,56,0,56,0,42,108,0,150,26,0,26,176
08/31/2006,JQF,NC,ASO,ES,Federal Contract Tower,0,25,52,0,77,0,0,1,0,1,0,25,53,0,78,0,0,0,78
09/01/2006,JQF,NC,ASO,ES,Federal Contract Tower,0,30,40,0,70,0,0,16,0,16,0,30,56,0,86,34,0,34,120
09/02/2006,JQF,NC,ASO,ES,Federal Contract Tower,0,4,23,0,27,0,0,62,0,62,0,4,85,0,89,54,0,54,143
09/03/2006,JQF,NC,ASO,ES,Federal Contract Tower,0,2,24,0,26,0,0,41,0,41,0,2,65,0,67,28,0,28,95
09/04/2006,JQF,NC,ASO,ES,Federal Contract Tower,0,0,53,0,53,0,2,52,0,54,0,2,105,0,107,36,0,36,143
09/05/2006,JQF,NC,ASO,ES,Federal Contract Tower,0,25,53,0,78,0,0,20,0,20,0,25,73,0,98,18,0,18,116
09/06/2006,JQF,NC,ASO,ES,Federal Contract Tower,0,33,79,0,112,0,1,74,0,75,0,34,153,0,187,54,0,54,241
09/07/2006,JQF,NC,ASO,ES,Federal Contract Tower,0,32,101,0,133,0,0,82,0,82,0,32,183,0,215,74,0,74,289
09/08/2006,JQF,NC,ASO,ES,Federal Contract Tower,0,27,74,0,101,0,0,68,0,68,0,27,142,0,169,36,0,36,205
09/09/2006,JQF,NC,ASO,ES,Federal Contract Tower,0,1,67,0,68,0,0,105,0,105,0,1,172,0,173,56,0,56,229
09/10/2006,JQF,NC,ASO,ES,Federal Contract Tower,0,2,75,0,77,0,0,99,2,101,0,2,174,2,178,68,0,68,246
09/11/2006,JQF,NC,ASO,ES,Federal Contract Tower,0,26,62,0,88,0,0,63,0,63,0,26,125,0,151,30,30,60,211
09/12/2006,JQF,NC,ASO,ES,Federal Contract Tower,0,29,64,0,93,0,2,120,0,122,0,31,184,0,215,54,0,54,269
09/13/2006,JQF,NC,ASO,ES,Federal Contract Tower,0,44,48,0,92,0,0,1,0,1,0,44,49,0,93,8,0,8,101
09/14/2006,JQF,NC,ASO,ES,Federal Contract Tower,0,33,84,0,117,0,2,40,0,42,0,35,124,0,159,0,0,0,159
09/15/2006,JQF,NC,ASO,ES,Federal Contract Tower,0,26,55,0,81,0,0,106,0,106,0,26,161,0,187,44,0,44,231
09/16/2006,JQF,NC,ASO,ES,Federal Contract Tower,0,0,39,0,39,0,0,133,0,133,0,0,172,0,172,70,0,70,242
09/17/2006,JQF,NC,ASO,ES,Federal Contract Tower,0,5,57,0,62,0,0,122,0,122,0,5,179,0,184,70,0,70,254
09/18/2006,JQF,NC,ASO,ES,Federal Contract Tower,0,30,59,0,89,0,0,65,0,65,0,30,124,0,154,6,0,6,160
09/19/2006,JQF,NC,ASO,ES,Federal Contract Tower,0,26,59,0,85,0,0,54,0,54,0,26,113,0,139,76,0,76,215
09/20/2006,JQF,NC,ASO,ES,Federal Contract Tower,0,29,62,0,91,0,0,93,0,93,0,29,155,0,184,102,0,102,286
09/21/2006,JQF,NC,ASO,ES,Federal Contract Tower,0,35,107,0,142,0,0,97,0,97,0,35,204,0,239,58,0,58,297
09/22/2006,JQF,NC,ASO,ES,Federal Contract Tower,0,30,39,0,69,0,1,63,0,64,0,31,102,0,133,20,0,20,153
09/23/2006,JQF,NC,ASO,ES,Federal Contract Tower,0,1,34,0,35,0,0,52,0,52,0,1,86,0,87,2,0,2,89
09/24/2006,JQF,NC,ASO,ES,Federal Contract Tower,0,12,57,0,69,0,0,32,0,32,0,12,89,0,101,0,0,0,101
09/25/2006,JQF,NC,ASO,ES,Federal Contract Tower,0,28,66,0,94,0,0,50,0,50,0,28,116,0,144,46,0,46,190
09/26/2006,JQF,NC,ASO,ES,Federal Contract Tower,0,29,63,0,92,0,1,126,2,129,0,30,189,2,221,22,0,22,243
09/27/2006,JQF,NC,ASO,ES,Federal Contract Tower,0,37,54,0,91,0,8,62,1,71,0,45,116,1,162,14,0,14,176
09/28/2006,JQF,NC,ASO,ES,Federal Contract Tower,0,27,86,0,113,0,5,89,0,94,0,32,175,0,207,38,0,38,245
09/29/2006,JQF,NC,ASO,ES,Federal Contract Tower,0,28,48,0,76,0,3,91,0,94,0,31,139,0,170,42,0,42,212
09/30/2006,JQF,NC,ASO,ES,Federal Contract Tower,0,5,39,0,44,0,0,70,0,70,0,5,109,0,114,18,0,18,132
10/01/2006,JQF,NC,ASO,ES,Federal Contract Tower,0,4,54,0,58,0,3,74,0,77,0,7,128,0,135,10,0,10,145
10/02/2006,JQF,NC,ASO,ES,Federal Contract Tower,0,26,33,0,59,0,5,93,0,98,0,31,126,0,157,24,0,24,181
10/03/2006,JQF,NC,ASO,ES,Federal Contract Tower,0,32,71,0,103,0,1,136,4,141,0,33,207,4,244,42,0,42,286
10/04/2006,JQF,NC,ASO,ES,Federal Contract Tower,0,29,81,0,110,0,1,100,0,101,0,30,181,0,211,32,0,32,243
10/05/2006,JQF,NC,ASO,ES,Federal Contract Tower,0,36,86,0,122,0,0,56,0,56,0,36,142,0,178,8,0,8,186
10/06/2006,JQF,NC,ASO,ES,Federal Contract Tower,0,41,55,0,96,0,0,9,0,9,0,41,64,0,105,10,0,10,115
10/07/2006,JQF,NC,ASO,ES,Federal Contract Tower,0,4,43,0,47,0,0,11,0,11,0,4,54,0,58,0,0,0,58
10/08/2006,JQF,NC,ASO,ES,Federal Contract Tower,0,5,78,0,83,0,0,0,0,0,0,5,78,0,83,0,0,0,83
10/09/2006,JQF,NC,ASO,ES,Federal Contract Tower,0,6,70,0,76,0,0,74,0,74,0,6,144,0,150,30,0,30,180
10/10/2006,JQF,NC,ASO,ES,Federal Contract Tower,0,33,81,0,114,0,1,159,0,160,0,34,240,0,274,92,0,92,366
10/11/2006,JQF,NC,ASO,ES,Federal Contract Tower,0,34,71,0,105,0,0,96,0,96,0,34,167,0,201,56,0,56,257
10/12/2006,JQF,NC,ASO,ES,Federal Contract Tower,0,30,72,0,102,0,5,93,0,98,0,35,165,0,200,2,0,2,202
10/13/2006,JQF,NC,ASO,ES,Federal Contract Tower,0,29,65,0,94,0,5,268,0,273,0,34,333,0,367,76,0,76,443
10/14/2006,JQF,NC,ASO,ES,Federal Contract Tower,0,3,87,0,90,0,3,633,0,636,0,6,720,0,726,112,4,116,842
10/15/2006,JQF,NC,ASO,ES,Federal Contract Tower,0,5,88,0,93,0,2,196,0,198,0,7,284,0,291,20,0,20,311
10/16/2006,JQF,NC,ASO,ES,Federal Contract Tower,0,30,62,0,92,0,0,65,0,65,0,30,127,0,157,12,0,12,169
10/17/2006,JQF,NC,ASO,ES,Federal Contract Tower,0,31,57,0,88,0,0,0,0,0,0,31,57,0,88,0,0,0,88
10/18/2006,JQF,NC,ASO,ES,Federal Contract Tower,0,34,87,0,121,0,0,33,0,33,0,34,120,0,154,6,0,6,160
10/19/2006,JQF,NC,ASO,ES,Federal Contract Tower,0,32,58,0,90,0,0,1,0,1,0,32,59,0,91,0,0,0,91
10/20/2006,JQF,NC,ASO,ES,Federal Contract Tower,0,36,56,0,92,0,1,57,0,58,0,37,113,0,150,34,0,34,184
10/21/2006,JQF,NC,ASO,ES,Federal Contract Tower,0,5,40,0,45,0,0,91,0,91,0,5,131,0,136,20,0,20,156
10/22/2006,JQF,NC,ASO,ES,Federal Contract Tower,0,9,47,0,56,0,0,22,0,22,0,9,69,0,78,24,0,24,102
10/23/2006,JQF,NC,ASO,ES,Federal Contract Tower,0,29,40,0,69,0,6,78,0,84,0,35,118,0,153,2,0,2,155
10/24/2006,JQF,NC,ASO,ES,Federal Contract Tower,0,37,67,0,104,0,2,111,0,113,0,39,178,0,217,22,0,22,239
10/25/2006,JQF,NC,ASO,ES,Federal Contract Tower,0,32,57,0,89,0,6,142,0,148,0,38,199,0,237,36,0,36,273
10/26/2006,JQF,NC,ASO,ES,Federal Contract Tower,0,26,99,2,127,0,0,78,1,79,0,26,177,3,206,22,0,22,228
10/27/2006,JQF,NC,ASO,ES,Federal Contract Tower,0,34,53,0,87,0,0,0,0,0,0,34,53,0,87,0,0,0,87
10/28/2006,JQF,NC,ASO,ES,Federal Contract Tower,0,1,55,0,56,0,0,32,2,34,0,1,87,2,90,18,0,18,108
10/29/2006,JQF,NC,ASO,ES,Federal Contract Tower,0,9,71,0,80,0,0,100,0,100,0,9,171,0,180,52,0,52,232
10/30/2006,JQF,NC,ASO,ES,Federal Contract Tower,0,26,32,0,58,0,1,117,0,118,0,27,149,0,176,42,0,42,218
10/31/2006,JQF,NC,ASO,ES,Federal Contract Tower,0,28,47,0,75,0,2,85,0,87,0,30,132,0,162,26,0,26,188
11/01/2006,JQF,NC,ASO,ES,Federal Contract Tower,0,29,66,2,97,0,0,87,2,89,0,29,153,4,186,58,2,60,246
11/02/2006,JQF,NC,ASO,ES,Federal Contract Tower,3,28,73,0,104,0,1,73,0,74,3,29,146,0,178,16,0,16,194
11/03/2006,JQF,NC,ASO,ES,Federal Contract Tower,0,27,59,0,86,0,1,62,0,63,0,28,121,0,149,18,0,18,167
11/04/2006,JQF,NC,ASO,ES,Federal Contract Tower,0,0,30,0,30,0,0,111,2,113,0,0,141,2,143,66,0,66,209
11/05/2006,JQF,NC,ASO,ES,Federal Contract Tower,0,0,37,0,37,0,0,102,0,102,0,0,139,0,139,24,0,24,163
11/06/2006,JQF,NC,ASO,ES,Federal Contract Tower,0,31,37,0,68,0,0,75,0,75,0,31,112,0,143,38,0,38,181
11/07/2006,JQF,NC,ASO,ES,Federal Contract Tower,0,31,36,0,67,0,0,0,0,0,0,31,36,0,67,0,0,0,67
11/08/2006,JQF,NC,ASO,ES,Federal Contract Tower,0,28,47,0,75,0,9,43,0,52,0,37,90,0,127,0,0,0,127
11/09/2006,JQF,NC,ASO,ES,Federal Contract Tower,1,35,72,0,108,0,5,80,0,85,1,40,152,0,193,26,0,26,219
11/10/2006,JQF,NC,ASO,ES,Federal Contract Tower,0,27,38,0,65,0,0,59,0,59,0,27,97,0,124,22,0,22,146
11/11/2006,JQF,NC,ASO,ES,Federal Contract Tower,0,4,37,0,41,0,0,65,0,65,0,4,102,0,106,14,0,14,120
11/12/2006,JQF,NC,ASO,ES,Federal Contract Tower,0,2,32,0,34,0,0,37,0,37,0,2,69,0,71,14,0,14,85
11/13/2006,JQF,NC,ASO,ES,Federal Contract Tower,0,24,47,0,71,0,0,78,4,82,0,24,125,4,153,38,0,38,191
11/14/2006,JQF,NC,ASO,ES,Federal Contract Tower,0,27,57,0,84,0,0,77,2,79,0,27,134,2,163,44,0,44,207
11/15/2006,JQF,NC,ASO,ES,Federal Contract Tower,0,24,57,0,81,0,0,79,0,79,0,24,136,0,160,26,2,28,188
11/16/2006,JQF,NC,ASO,ES,Federal Contract Tower,1,24,65,0,90,0,0,30,0,30,1,24,95,0,120,24,0,24,144
11/17/2006,JQF,NC,ASO,ES,Federal Contract Tower,0,28,53,0,81,0,0,67,0,67,0,28,120,0,148,8,0,8,156
11/18/2006,JQF,NC,ASO,ES,Federal Contract Tower,0,3,32,0,35,0,2,107,0,109,0,5,139,0,144,38,0,38,182
11/19/2006,JQF,NC,ASO,ES,Federal Contract Tower,1,2,54,0,57,0,4,82,0,86,1,6,136,0,143,38,0,38,181
11/20/2006,JQF,NC,ASO,ES,Federal Contract Tower,0,27,73,0,100,0,7,76,2,85,0,34,149,2,185,4,0,4,189
11/21/2006,JQF,NC,ASO,ES,Federal Contract Tower,0,21,73,0,94,0,0,53,0,53,0,21,126,0,147,0,0,0,147
11/22/2006,JQF,NC,ASO,ES,Federal Contract Tower,0,28,64,0,92,0,0,7,0,7,0,28,71,0,99,2,0,2,101
11/23/2006,JQF,NC,ASO,ES,Federal Contract Tower,0,0,10,0,10,0,0,17,0,17,0,0,27,0,27,0,0,0,27
11/24/2006,JQF,NC,ASO,ES,Federal Contract Tower,0,26,26,0,52,0,4,80,0,84,0,30,106,0,136,30,0,30,166
11/25/2006,JQF,NC,ASO,ES,Federal Contract Tower,0,0,25,0,25,0,0,81,0,81,0,0,106,0,106,38,0,38,144
11/26/2006,JQF,NC,ASO,ES,Federal Contract Tower,0,1,53,0,54,0,0,113,0,113,0,1,166,0,167,18,0,18,185
11/27/2006,JQF,NC,ASO,ES,Federal Contract Tower,0,23,27,0,50,0,0,98,0,98,0,23,125,0,148,12,0,12,160
11/28/2006,JQF,NC,ASO,ES,Federal Contract Tower,0,27,67,0,94,0,0,94,0,94,0,27,161,0,188,24,0,24,212
11/29/2006,JQF,NC,ASO,ES,Federal Contract Tower,0,26,68,0,94,0,4,43,0,47,0,30,111,0,141,32,0,32,173
11/30/2006,JQF,NC,ASO,ES,Federal Contract Tower,0,34,69,0,103,0,4,22,0,26,0,38,91,0,129,2,0,2,131
12/01/2006,JQF,NC,ASO,ES,Federal Contract Tower,0,31,32,0,63,0,3,9,0,12,0,34,41,0,75,0,0,0,75
12/02/2006,JQF,NC,ASO,ES,Federal Contract Tower,0,5,50,0,55,0,0,130,0,130,0,5,180,0,185,18,0,18,203
12/03/2006,JQF,NC,ASO,ES,Federal Contract Tower,0,1,35,0,36,0,0,79,0,79,0,1,114,0,115,30,0,30,145
12/04/2006,JQF,NC,ASO,ES,Federal Contract Tower,0,32,31,0,63,0,0,53,4,57,0,32,84,4,120,26,0,26,146
12/05/2006,JQF,NC,ASO,ES,Federal Contract Tower,0,27,71,0,98,0,1,72,0,73,0,28,143,0,171,24,0,24,195
12/06/2006,JQF,NC,ASO,ES,Federal Contract Tower,0,26,51,0,77,0,2,82,0,84,0,28,133,0,161,18,0,18,179
12/07/2006,JQF,NC,ASO,ES,Federal Contract Tower,0,29,54,0,83,0,0,35,0,35,0,29,89,0,118,0,0,0,118
12/08/2006,JQF,NC,ASO,ES,Federal Contract Tower,0,39,37,0,76,0,2,51,0,53,0,41,88,0,129,8,0,8,137
12/09/2006,JQF,NC,ASO,ES,Federal Contract Tower,0,1,22,0,23,0,0,68,0,68,0,1,90,0,91,22,0,22,113
12/10/2006,JQF,NC,ASO,ES,Federal Contract Tower,0,2,32,0,34,0,0,89,0,89,0,2,121,0,123,14,0,14,137
12/11/2006,JQF,NC,ASO,ES,Federal Contract Tower,0,29,51,0,80,0,1,65,0,66,0,30,116,0,146,8,0,8,154
12/12/2006,JQF,NC,ASO,ES,Federal Contract Tower,0,39,43,0,82,0,2,79,2,83,0,41,122,2,165,32,0,32,197
12/13/2006,JQF,NC,ASO,ES,Federal Contract Tower,0,36,43,0,79,0,0,26,0,26,0,36,69,0,105,4,0,4,109
12/14/2006,JQF,NC,ASO,ES,Federal Contract Tower,0,32,56,0,88,0,2,34,0,36,0,34,90,0,124,14,0,14,138
12/15/2006,JQF,NC,ASO,ES,Federal Contract Tower,0,32,64,0,96,0,0,46,0,46,0,32,110,0,142,2,0,2,144
12/16/2006,JQF,NC,ASO,ES,Federal Contract Tower,0,2,36,0,38,0,0,116,0,116,0,2,152,0,154,30,0,30,184
12/17/2006,JQF,NC,ASO,ES,Federal Contract Tower,0,2,48,0,50,0,0,99,0,99,0,2,147,0,149,34,0,34,183
12/18/2006,JQF,NC,ASO,ES,Federal Contract Tower,0,29,47,0,76,0,2,47,0,49,0,31,94,0,125,34,2,36,161
12/19/2006,JQF,NC,ASO,ES,Federal Contract Tower,0,26,47,0,73,0,1,97,0,98,0,27,144,0,171,20,0,20,191
12/20/2006,JQF,NC,ASO,ES,Federal Contract Tower,0,37,39,0,76,0,1,65,0,66,0,38,104,0,142,14,0,14,156
12/21/2006,JQF,NC,ASO,ES,Federal Contract Tower,0,37,57,0,94,0,0,39,0,39,0,37,96,0,133,32,0,32,165
12/22/2006,JQF,NC,ASO,ES,Federal Contract Tower,0,41,45,0,86,0,0,2,0,2,0,41,47,0,88,0,0,0,88
12/23/2006,JQF,NC,ASO,ES,Federal Contract Tower,0,1,22,0,23,0,0,35,0,35,0,1,57,0,58,14,0,14,72
12/24/2006,JQF,NC,ASO,ES,Federal Contract Tower,0,0,4,0,4,0,0,57,0,57,0,0,61,0,61,10,0,10,71
12/25/2006,JQF,NC,ASO,ES,Federal Contract Tower,0,2,0,0,2,0,0,0,0,0,0,2,0,0,2,0,0,0,2
12/26/2006,JQF,NC,ASO,ES,Federal Contract Tower,0,33,30,0,63,0,0,5,0,5,0,33,35,0,68,6,0,6,74
12/27/2006,JQF,NC,ASO,ES,Federal Contract Tower,0,32,39,0,71,0,2,104,0,106,0,34,143,0,177,46,0,46,223
12/28/2006,JQF,NC,ASO,ES,Federal Contract Tower,0,30,35,0,65,0,1,73,0,74,0,31,108,0,139,18,0,18,157
12/29/2006,JQF,NC,ASO,ES,Federal Contract Tower,0,31,26,0,57,0,1,57,0,58,0,32,83,0,115,4,0,4,119
12/30/2006,JQF,NC,ASO,ES,Federal Contract Tower,0,4,29,0,33,0,0,46,0,46,0,4,75,0,79,12,0,12,91
12/31/2006,JQF,NC,ASO,ES,Federal Contract Tower,0,6,17,0,23,0,0,0,0,0,0,6,17,0,23,0,0,0,23
01/01/2007,JQF,NC,ASO,ES,Federal Contract Tower,0,2,12,0,14,0,0,10,0,10,0,2,22,0,24,2,0,2,26
01/02/2007,JQF,NC,ASO,ES,Federal Contract Tower,0,26,47,0,73,0,10,57,0,67,0,36,104,0,140,64,0,64,204
01/03/2007,JQF,NC,ASO,ES,Federal Contract Tower,0,26,47,0,73,0,0,78,0,78,0,26,125,0,151,50,0,50,201
01/04/2007,JQF,NC,ASO,ES,Federal Contract Tower,0,27,70,0,97,0,0,27,0,27,0,27,97,0,124,6,0,6,130
01/05/2007,JQF,NC,ASO,ES,Federal Contract Tower,0,37,32,0,69,0,0,2,0,2,0,37,34,0,71,0,0,0,71
01/06/2007,JQF,NC,ASO,ES,Federal Contract Tower,0,1,29,0,30,0,0,104,0,104,0,1,133,0,134,28,0,28,162
01/07/2007,JQF,NC,ASO,ES,Federal Contract Tower,0,0,33,0,33,0,0,3,0,3,0,0,36,0,36,0,0,0,36
01/08/2007,JQF,NC,ASO,ES,Federal Contract Tower,0,29,46,0,75,0,4,45,0,49,0,33,91,0,124,0,0,0,124
01/09/2007,JQF,NC,ASO,ES,Federal Contract Tower,0,34,28,0,62,0,6,39,0,45,0,40,67,0,107,14,0,14,121
01/10/2007,JQF,NC,ASO,ES,Federal Contract Tower,0,45,52,0,97,0,6,81,0,87,0,51,133,0,184,24,0,24,208
01/11/2007,JQF,NC,ASO,ES,Federal Contract Tower,0,29,63,0,92,0,4,66,0,70,0,33,129,0,162,32,0,32,194
01/12/2007,JQF,NC,ASO,ES,Federal Contract Tower,0,27,33,0,60,0,2,85,0,87,0,29,118,0,147,30,0,30,177
01/13/2007,JQF,NC,ASO,ES,Federal Contract Tower,0,0,34,0,34,0,0,91,0,91,0,0,125,0,125,24,0,24,149
01/14/2007,JQF,NC,ASO,ES,Federal Contract Tower,0,2,50,0,52,0,0,96,0,96,0,2,146,0,148,12,0,12,160
01/15/2007,JQF,NC,ASO,ES,Federal Contract Tower,0,2,53,0,55,0,0,40,0,40,0,2,93,0,95,13,0,13,108
01/16/2007,JQF,NC,ASO,ES,Federal Contract Tower,0,26,44,0,70,0,1,30,0,31,0,27,74,0,101,38,0,38,139
01/17/2007,JQF,NC,ASO,ES,Federal Contract Tower,0,34,66,0,100,0,0,78,0,78,0,34,144,0,178,54,0,54,232
01/18/2007,JQF,NC,ASO,ES,Federal Contract Tower,0,26,38,0,64,0,0,0,0,0,0,26,38,0,64,0,0,0,64
01/19/2007,JQF,NC,ASO,ES,Federal Contract Tower,0,33,42,2,77,0,4,41,0,45,0,37,83,2,122,18,0,18,140
01/20/2007,JQF,NC,ASO,ES,Federal Contract Tower,0,3,32,0,35,0,0,95,0,95,0,3,127,0,130,32,0,32,162
01/21/2007,JQF,NC,ASO,ES,Federal Contract Tower,0,5,15,0,20,0,0,19,0,19,0,5,34,0,39,10,0,10,49
01/22/2007,JQF,NC,ASO,ES,Federal Contract Tower,0,31,43,0,74,0,0,0,0,0,0,31,43,0,74,0,0,0,74
01/23/2007,JQF,NC,ASO,ES,Federal Contract Tower,0,31,71,0,102,0,2,73,0,75,0,33,144,0,177,52,0,52,229
01/24/2007,JQF,NC,ASO,ES,Federal Contract Tower,0,30,67,0,97,0,0,73,0,73,0,30,140,0,170,14,0,14,184
01/25/2007,JQF,NC,ASO,ES,Federal Contract Tower,0,35,53,0,88,0,3,43,0,46,0,38,96,0,134,12,0,12,146
01/26/2007,JQF,NC,ASO,ES,Federal Contract Tower,0,31,55,0,86,0,3,81,0,84,0,34,136,0,170,46,0,46,216
01/27/2007,JQF,NC,ASO,ES,Federal Contract Tower,0,0,26,0,26,0,0,153,0,153,0,0,179,0,179,78,0,78,257
01/28/2007,JQF,NC,ASO,ES,Federal Contract Tower,0,1,38,0,39,0,2,55,0,57,0,3,93,0,96,10,0,10,106
01/29/2007,JQF,NC,ASO,ES,Federal Contract Tower,0,31,28,0,59,0,2,53,0,55,0,33,81,0,114,4,0,4,118
01/30/2007,JQF,NC,ASO,ES,Federal Contract Tower,0,30,47,0,77,0,6,65,0,71,0,36,112,0,148,30,0,30,178
01/31/2007,JQF,NC,ASO,ES,Federal Contract Tower,0,39,67,0,106,0,4,85,0,89,0,43,152,0,195,22,0,22,217
02/01/2007,JQF,NC,ASO,ES,Federal Contract Tower,0,19,17,0,36,0,0,0,0,0,0,19,17,0,36,0,0,0,36
02/02/2007,JQF,NC,ASO,ES,Federal Contract Tower,0,34,38,0,72,0,0,10,0,10,0,34,48,0,82,0,0,0,82
02/03/2007,JQF,NC,ASO,ES,Federal Contract Tower,0,0,26,0,26,0,0,75,0,75,0,0,101,0,101,36,0,36,137
02/04/2007,JQF,NC,ASO,ES,Federal Contract Tower,0,3,36,0,39,0,0,45,0,45,0,3,81,0,84,10,0,10,94
02/05/2007,JQF,NC,ASO,ES,Federal Contract Tower,0,27,42,0,69,0,0,48,0,48,0,27,90,0,117,44,0,44,161
02/06/2007,JQF,NC,ASO,ES,Federal Contract Tower,0,28,27,0,55,0,1,47,0,48,0,29,74,0,103,66,0,66,169
02/07/2007,JQF,NC,ASO,ES,Federal Contract Tower,1,39,51,0,91,0,0,89,0,89,1,39,140,0,180,28,0,28,208
02/08/2007,JQF,NC,ASO,ES,Federal Contract Tower,1,25,79,0,105,0,2,87,0,89,1,27,166,0,194,64,0,64,258
02/09/2007,JQF,NC,ASO,ES,Federal Contract Tower,0,31,37,0,68,0,2,58,0,60,0,33,95,0,128,38,0,38,166
02/10/2007,JQF,NC,ASO,ES,Federal Contract Tower,0,2,28,0,30,0,0,118,0,118,0,2,146,0,148,62,0,62,210
02/11/2007,JQF,NC,ASO,ES,Federal Contract Tower,0,5,40,0,45,0,0,94,0,94,0,5,134,0,139,58,0,58,197
02/12/2007,JQF,NC,ASO,ES,Federal Contract Tower,4,27,43,0,74,0,1,71,0,72,4,28,114,0,146,34,0,34,180
02/13/2007,JQF,NC,ASO,ES,Federal Contract Tower,1,31,40,0,72,0,0,6,0,6,1,31,46,0,78,0,0,0,78
02/14/2007,JQF,NC,ASO,ES,Federal Contract Tower,0,33,29,0,62,0,7,13,2,22,0,40,42,2,84,8,0,8,92
02/15/2007,JQF,NC,ASO,ES,Federal Contract Tower,2,35,78,0,115,0,1,77,0,78,2,36,155,0,193,22,0,22,215
02/16/2007,JQF,NC,ASO,ES,Federal Contract Tower,0,27,42,0,69,0,1,80,0,81,0,28,122,0,150,22,0,22,172
02/17/2007,JQF,NC,ASO,ES,Federal Contract Tower,0,4,38,0,42,0,0,66,0,66,0,4,104,0,108,50,0,50,158
02/18/2007,JQF,NC,ASO,ES,Federal Contract Tower,0,3,43,0,46,0,0,32,0,32,0,3,75,0,78,18,0,18,96
02/19/2007,JQF,NC,ASO,ES,Federal Contract Tower,0,5,33,0,38,0,0,73,0,73,0,5,106,0,111,52,0,52,163
02/20/2007,JQF,NC,ASO,ES,Federal Contract Tower,0,33,50,0,83,0,2,31,0,33,0,35,81,0,116,30,0,30,146
02/21/2007,JQF,NC,ASO,ES,Federal Contract Tower,0,41,68,0,109,0,0,38,0,38,0,41,106,0,147,8,0,8,155
02/22/2007,JQF,NC,ASO,ES,Federal Contract Tower,3,29,59,0,91,0,2,35,0,37,3,31,94,0,128,0,0,0,128
02/23/2007,JQF,NC,ASO,ES,Federal Contract Tower,0,28,42,0,70,0,4,77,2,83,0,32,119,2,153,48,0,48,201
02/24/2007,JQF,NC,ASO,ES,Federal Contract Tower,0,3,26,0,29,0,0,93,0,93,0,3,119,0,122,42,0,42,164
02/25/2007,JQF,NC,ASO,ES,Federal Contract Tower,0,0,11,0,11,0,0,0,0,0,0,0,11,0,11,0,0,0,11
02/26/2007,JQF,NC,ASO,ES,Federal Contract Tower,1,30,49,0,80,0,0,72,2,74,1,30,121,2,154,90,0,90,244
02/27/2007,JQF,NC,ASO,ES,Federal Contract Tower,1,31,42,0,74,0,2,98,0,100,1,33,140,0,174,80,0,80,254
02/28/2007,JQF,NC,ASO,ES,Federal Contract Tower,1,31,48,0,80,0,0,93,0,93,1,31,141,0,173,24,0,24,197
03/01/2007,JQF,NC,ASO,ES,Federal Contract Tower,1,33,43,0,77,0,0,3,0,3,1,33,46,0,80,2,0,2,82
03/02/2007,JQF,NC,ASO,ES,Federal Contract Tower,0,25,38,0,63,0,0,53,0,53,0,25,91,0,116,16,0,16,132
03/03/2007,JQF,NC,ASO,ES,Federal Contract Tower,0,2,17,0,19,0,0,51,0,51,0,2,68,0,70,22,0,22,92
03/04/2007,JQF,NC,ASO,ES,Federal Contract Tower,0,0,33,0,33,0,0,49,1,50,0,0,82,1,83,0,0,0,83
03/05/2007,JQF,NC,ASO,ES,Federal Contract Tower,0,27,31,0,58,0,3,61,2,66,0,30,92,2,124,12,0,12,136
03/06/2007,JQF,NC,ASO,ES,Federal Contract Tower,0,30,51,0,81,0,1,67,0,68,0,31,118,0,149,18,0,18,167
03/07/2007,JQF,NC,ASO,ES,Federal Contract Tower,4,31,34,0,69,0,0,78,0,78,4,31,112,0,147,30,0,30,177
03/08/2007,JQF,NC,ASO,ES,Federal Contract Tower,2,33,67,0,102,0,0,72,0,72,2,33,139,0,174,28,0,28,202
03/09/2007,JQF,NC,ASO,ES,Federal Contract Tower,0,31,30,0,61,0,0,43,0,43,0,31,73,0,104,24,0,24,128
03/10/2007,JQF,NC,ASO,ES,Federal Contract Tower,0,0,21,0,21,0,4,119,0,123,0,4,140,0,144,84,0,84,228
03/11/2007,JQF,NC,ASO,ES,Federal Contract Tower,1,0,19,0,20,0,0,73,0,73,1,0,92,0,93,44,0,44,137
03/12/2007,JQF,NC,ASO,ES,Federal Contract Tower,0,29,50,0,79,0,1,79,0,80,0,30,129,0,159,58,0,58,217
03/13/2007,JQF,NC,ASO,ES,Federal Contract Tower,0,34,72,0,106,0,1,87,0,88,0,35,159,0,194,52,0,52,246
03/14/2007,JQF,NC,ASO,ES,Federal Contract Tower,1,39,47,0,87,0,0,83,3,86,1,39,130,3,173,26,0,26,199
03/15/2007,JQF,NC,ASO,ES,Federal Contract Tower,4,38,106,0,148,0,0,62,0,62,4,38,168,0,210,28,0,28,238
03/16/2007,JQF,NC,ASO,ES,Federal Contract Tower,0,31,53,0,84,0,0,1,0,1,0,31,54,0,85,0,0,0,85
03/17/2007,JQF,NC,ASO,ES,Federal Contract Tower,0,5,36,0,41,0,0,36,0,36,0,5,72,0,77,32,0,32,109
03/18/2007,JQF,NC,ASO,ES,Federal Contract Tower,2,2,71,0,75,0,0,83,4,87,2,2,154,4,162,36,0,36,198
03/19/2007,JQF,NC,ASO,ES,Federal Contract Tower,1,31,39,0,71,0,0,49,2,51,1,31,88,2,122,10,2,12,134
03/20/2007,JQF,NC,ASO,ES,Federal Contract Tower,0,27,67,0,94,0,0,67,0,67,0,27,134,0,161,20,4,24,185
03/21/2007,JQF,NC,ASO,ES,Federal Contract Tower,0,34,68,0,102,0,1,60,0,61,0,35,128,0,163,0,0,0,163
03/22/2007,JQF,NC,ASO,ES,Federal Contract Tower,0,25,87,0,112,0,0,57,0,57,0,25,144,0,169,12,0,12,181
03/23/2007,JQF,NC,ASO,ES,Federal Contract Tower,0,27,68,0,95,0,0,62,0,62,0,27,130,0,157,48,0,48,205
03/24/2007,JQF,NC,ASO,ES,Federal Contract Tower,2,0,32,0,34,0,0,114,0,114,2,0,146,0,148,62,0,62,210
03/25/2007,JQF,NC,ASO,ES,Federal Contract Tower,1,0,50,0,51,0,2,102,0,104,1,2,152,0,155,28,0,28,183
03/26/2007,JQF,NC,ASO,ES,Federal Contract Tower,0,27,54,0,81,0,3,91,0,94,0,30,145,0,175,8,0,8,183
03/27/2007,JQF,NC,ASO,ES,Federal Contract Tower,1,26,60,0,87,0,0,95,0,95,1,26,155,0,182,57,0,57,239
03/28/2007,JQF,NC,ASO,ES,Federal Contract Tower,1,33,60,0,94,0,1,98,0,99,1,34,158,0,193,40,0,40,233
03/29/2007,JQF,NC,ASO,ES,Federal Contract Tower,0,32,47,0,79,0,2,5,0,7,0,34,52,0,86,2,0,2,88
03/30/2007,JQF,NC,ASO,ES,Federal Contract Tower,0,25,61,0,86,0,2,82,1,85,0,27,143,1,171,40,0,40,211
03/31/2007,JQF,NC,ASO,ES,Federal Contract Tower,0,0,28,0,28,0,0,68,0,68,0,0,96,0,96,94,0,94,190
04/01/2007,JQF,NC,ASO,ES,Federal Contract Tower,0,2,37,0,39,0,0,36,0,36,0,2,73,0,75,48,0,48,123
04/02/2007,JQF,NC,ASO,ES,Federal Contract Tower,0,26,48,0,74,0,0,46,0,46,0,26,94,0,120,20,0,20,140
04/03/2007,JQF,NC,ASO,ES,Federal Contract Tower,0,33,72,0,105,0,1,92,0,93,0,34,164,0,198,2,0,2,200
04/04/2007,JQF,NC,ASO,ES,Federal Contract Tower,0,35,55,0,90,0,0,70,0,70,0,35,125,0,160,16,0,16,176
04/05/2007,JQF,NC,ASO,ES,Federal Contract Tower,0,34,73,0,107,0,2,77,0,79,0,36,150,0,186,16,0,16,202
04/06/2007,JQF,NC,ASO,ES,Federal Contract Tower,4,26,36,0,66,0,1,75,0,76,4,27,111,0,142,60,0,60,202
04/07/2007,JQF,NC,ASO,ES,Federal Contract Tower,0,2,35,0,37,0,0,33,0,33,0,2,68,0,70,8,0,8,78
04/08/2007,JQF,NC,ASO,ES,Federal Contract Tower,1,4,20,0,25,0,0,40,0,40,1,4,60,0,65,14,0,14,79
04/09/2007,JQF,NC,ASO,ES,Federal Contract Tower,0,28,44,0,72,0,0,89,0,89,0,28,133,0,161,46,0,46,207
04/10/2007,JQF,NC,ASO,ES,Federal Contract Tower,0,28,55,0,83,0,15,114,0,129,0,43,169,0,212,70,0,70,282
04/11/2007,JQF,NC,ASO,ES,Federal Contract Tower,3,28,60,0,91,0,0,2,0,2,3,28,62,0,93,0,0,0,93
04/12/2007,JQF,NC,ASO,ES,Federal Contract Tower,4,30,63,4,101,0,1,49,0,50,4,31,112,4,151,14,0,14,165
04/13/2007,JQF,NC,ASO,ES,Federal Contract Tower,0,28,51,0,79,0,2,83,1,86,0,30,134,1,165,28,0,28,193
04/14/2007,JQF,NC,ASO,ES,Federal Contract Tower,0,0,36,0,36,0,0,47,0,47,0,0,83,0,83,14,0,14,97
04/15/2007,JQF,NC,ASO,ES,Federal Contract Tower,3,1,52,0,56,0,0,3,0,3,3,1,55,0,59,0,0,0,59
04/16/2007,JQF,NC,ASO,ES,Federal Contract Tower,0,29,40,0,69,0,2,21,0,23,0,31,61,0,92,0,0,0,92
04/17/2007,JQF,NC,ASO,ES,Federal Contract Tower,0,28,60,0,88,0,0,92,0,92,0,28,152,0,180,52,0,52,232
04/18/2007,JQF,NC,ASO,ES,Federal Contract Tower,3,33,79,0,115,0,2,71,4,77,3,35,150,4,192,32,0,32,224
04/19/2007,JQF,NC,ASO,ES,Federal Contract Tower,0,32,39,0,71,0,0,20,0,20,0,32,59,0,91,10,0,10,101
04/20/2007,JQF,NC,ASO,ES,Federal Contract Tower,2,35,45,0,82,0,0,63,0,63,2,35,108,0,145,48,0,48,193
04/21/2007,JQF,NC,ASO,ES,Federal Contract Tower,0,3,19,0,22,0,0,106,0,106,0,3,125,0,128,46,0,46,174
04/22/2007,JQF,NC,ASO,ES,Federal Contract Tower,0,5,39,0,44,0,0,86,2,88,0,5,125,2,132,10,0,10,142
04/23/2007,JQF,NC,ASO,ES,Federal Contract Tower,1,28,41,0,70,0,2,92,22,116,1,30,133,22,186,16,0,16,202
04/24/2007,JQF,NC,ASO,ES,Federal Contract Tower,1,29,54,1,85,0,0,82,0,82,1,29,136,1,167,84,0,84,251
04/25/2007,JQF,NC,ASO,ES,Federal Contract Tower,2,31,60,0,93,0,12,97,0,109,2,43,157,0,202,16,0,16,218
04/26/2007,JQF,NC,ASO,ES,Federal Contract Tower,4,30,78,0,112,0,0,76,0,76,4,30,154,0,188,56,12,68,256
04/27/2007,JQF,NC,ASO,ES,Federal Contract Tower,0,30,49,0,79,0,2,42,0,44,0,32,91,0,123,38,0,38,161
04/28/2007,JQF,NC,ASO,ES,Federal Contract Tower,3,5,46,0,54,0,0,105,0,105,3,5,151,0,159,36,0,36,195
04/29/2007,JQF,NC,ASO,ES,Federal Contract Tower,4,3,78,0,85,0,0,73,0,73,4,3,151,0,158,14,0,14,172
04/30/2007,JQF,NC,ASO,ES,Federal Contract Tower,1,32,53,0,86,0,6,78,0,84,1,38,131,0,170,44,0,44,214
05/01/2007,JQF,NC,ASO,ES,Federal Contract Tower,1,33,64,0,98,0,4,112,0,116,1,37,176,0,214,6,0,6,220
05/02/2007,JQF,NC,ASO,ES,Federal Contract Tower,0,44,74,0,118,0,0,121,0,121,0,44,195,0,239,16,0,16,255
05/03/2007,JQF,NC,ASO,ES,Federal Contract Tower,4,32,101,0,137,0,0,58,0,58,4,32,159,0,195,38,0,38,233
05/04/2007,JQF,NC,ASO,ES,Federal Contract Tower,0,29,55,0,84,0,0,1,0,1,0,29,56,0,85,0,0,0,85
05/05/2007,JQF,NC,ASO,ES,Federal Contract Tower,1,6,48,0,55,0,0,6,0,6,1,6,54,0,61,14,0,14,75
05/06/2007,JQF,NC,ASO,ES,Federal Contract Tower,5,6,67,0,78,0,0,55,0,55,5,6,122,0,133,14,0,14,147
05/07/2007,JQF,NC,ASO,ES,Federal Contract Tower,0,30,41,0,71,0,0,95,0,95,0,30,136,0,166,2,0,2,168
05/08/2007,JQF,NC,ASO,ES,Federal Contract Tower,0,33,72,0,105,0,0,88,0,88,0,33,160,0,193,12,0,12,205
05/09/2007,JQF,NC,ASO,ES,Federal Contract Tower,0,43,74,0,117,0,0,44,0,44,0,43,118,0,161,14,0,14,175
05/10/2007,JQF,NC,ASO,ES,Federal Contract Tower,0,36,60,0,96,0,0,60,0,60,0,36,120,0,156,40,0,40,196
05/11/2007,JQF,NC,ASO,ES,Federal Contract Tower,0,33,53,0,86,0,0,83,0,83,0,33,136,0,169,44,0,44,213
05/12/2007,JQF,NC,ASO,ES,Federal Contract Tower,0,2,15,0,17,0,0,41,0,41,0,2,56,0,58,14,0,14,72
05/13/2007,JQF,NC,ASO,ES,Federal Contract Tower,0,1,34,0,35,0,0,44,2,46,0,1,78,2,81,14,0,14,95
05/14/2007,JQF,NC,ASO,ES,Federal Contract Tower,4,32,58,0,94,0,0,82,0,82,4,32,140,0,176,38,0,38,214
05/15/2007,JQF,NC,ASO,ES,Federal Contract Tower,0,30,62,0,92,0,1,120,0,121,0,31,182,0,213,74,0,74,287
05/16/2007,JQF,NC,ASO,ES,Federal Contract Tower,0,34,48,0,82,0,0,89,0,89,0,34,137,0,171,42,0,42,213
05/17/2007,JQF,NC,ASO,ES,Federal Contract Tower,0,29,48,0,77,0,0,79,0,79,0,29,127,0,156,48,0,48,204
05/18/2007,JQF,NC,ASO,ES,Federal Contract Tower,0,43,73,0,116,0,0,106,0,106,0,43,179,0,222,36,0,36,258
05/19/2007,JQF,NC,ASO,ES,Federal Contract Tower,0,3,61,0,64,0,234,302,2,538,0,237,363,2,602,142,0,142,744
05/20/2007,JQF,NC,ASO,ES,Federal Contract Tower,0,14,50,0,64,0,0,119,0,119,0,14,169,0,183,44,0,44,227
05/21/2007,JQF,NC,ASO,ES,Federal Contract Tower,2,28,48,1,79,0,2,80,1,83,2,30,128,2,162,28,0,28,190
05/22/2007,JQF,NC,ASO,ES,Federal Contract Tower,1,29,44,0,74,0,0,91,4,95,1,29,135,4,169,52,0,52,221
05/23/2007,JQF,NC,ASO,ES,Federal Contract Tower,0,30,81,0,111,0,0,79,2,81,0,30,160,2,192,32,2,34,226
05/24/2007,JQF,NC,ASO,ES,Federal Contract Tower,0,31,72,0,103,0,12,126,0,138,0,43,198,0,241,20,0,20,261
05/25/2007,JQF,NC,ASO,ES,Federal Contract Tower,1,38,50,0,89,0,37,93,0,130,1,75,143,0,219,70,0,70,289
05/26/2007,JQF,NC,ASO,ES,Federal Contract Tower,0,7,33,0,40,0,148,115,20,283,0,155,148,20,323,90,12,102,425
05/27/2007,JQF,NC,ASO,ES,Federal Contract Tower,1,12,64,8,85,0,393,177,21,591,1,405,241,29,676,138,0,138,814
05/28/2007,JQF,NC,ASO,ES,Federal Contract Tower,0,6,57,0,63,0,23,112,2,137,0,29,169,2,200,46,0,46,246
05/29/2007,JQF,NC,ASO,ES,Federal Contract Tower,5,29,48,0,82,0,0,90,0,90,5,29,138,0,172,38,0,38,210
05/30/2007,JQF,NC,ASO,ES,Federal Contract Tower,0,27,54,0,81,0,0,107,2,109,0,27,161,2,190,88,6,94,284
05/31/2007,JQF,NC,ASO,ES,Federal Contract Tower,7,26,101,0,134,0,0,72,0,72,7,26,173,0,206,56,0,56,262
06/01/2007,JQF,NC,ASO,ES,Federal Contract Tower,0,28,45,0,73,0,3,52,0,55,0,31,97,0,128,24,0,24,152
06/02/2007,JQF,NC,ASO,ES,Federal Contract Tower,0,0,28,0,28,0,2,64,4,70,0,2,92,4,98,16,0,16,114
06/03/2007,JQF,NC,ASO,ES,Federal Contract Tower,0,2,36,0,38,0,0,10,0,10,0,2,46,0,48,6,0,6,54
06/04/2007,JQF,NC,ASO,ES,Federal Contract Tower,4,33,64,0,101,0,0,59,0,59,4,33,123,0,160,24,0,24,184
06/05/2007,JQF,NC,ASO,ES,Federal Contract Tower,0,30,61,0,91,0,0,73,0,73,0,30,134,0,164,70,0,70,234
06/06/2007,JQF,NC,ASO,ES,Federal Contract Tower,0,37,79,0,116,0,0,97,0,97,0,37,176,0,213,62,0,62,275
06/07/2007,JQF,NC,ASO,ES,Federal Contract Tower,4,38,109,0,151,0,3,94,4,101,4,41,203,4,252,54,4,58,310
06/08/2007,JQF,NC,ASO,ES,Federal Contract Tower,0,34,44,0,78,0,1,58,0,59,0,35,102,0,137,8,0,8,145
06/09/2007,JQF,NC,ASO,ES,Federal Contract Tower,0,1,26,0,27,0,0,68,0,68,0,1,94,0,95,56,0,56,151
06/10/2007,JQF,NC,ASO,ES,Federal Contract Tower,0,3,42,0,45,0,0,81,0,81,0,3,123,0,126,36,0,36,162
06/11/2007,JQF,NC,ASO,ES,Federal Contract Tower,1,33,43,0,77,0,5,26,0,31,1,38,69,0,108,24,0,24,132
06/12/2007,JQF,NC,ASO,ES,Federal Contract Tower,0,39,65,0,104,0,9,49,2,60,0,48,114,2,164,8,0,8,172
06/13/2007,JQF,NC,ASO,ES,Federal Contract Tower,1,44,60,0,105,0,3,79,0,82,1,47,139,0,187,78,0,78,265
06/14/2007,JQF,NC,ASO,ES,Federal Contract Tower,2,28,111,0,141,0,10,49,0,59,2,38,160,0,200,48,0,48,248
06/15/2007,JQF,NC,ASO,ES,Federal Contract Tower,0,31,69,0,100,0,0,30,0,30,0,31,99,0,130,50,0,50,180
06/16/2007,JQF,NC,ASO,ES,Federal Contract Tower,1,5,32,0,38,0,0,46,0,46,1,5,78,0,84,52,0,52,136
06/17/2007,JQF,NC,ASO,ES,Federal Contract Tower,2,4,59,0,65,0,0,113,0,113,2,4,172,0,178,40,0,40,218
06/18/2007,JQF,NC,ASO,ES,Federal Contract Tower,1,32,49,0,82,0,3,70,0,73,1,35,119,0,155,22,0,22,177
06/19/2007,JQF,NC,ASO,ES,Federal Contract Tower,0,27,55,0,82,0,8,83,0,91,0,35,138,0,173,84,0,84,257
06/20/2007,JQF,NC,ASO,ES,Federal Contract Tower,2,29,55,0,86,0,2,57,0,59,2,31,112,0,145,26,0,26,171
06/21/2007,JQF,NC,ASO,ES,Federal Contract Tower,2,30,69,0,101,0,0,77,0,77,2,30,146,0,178,44,4,48,226
06/22/2007,JQF,NC,ASO,ES,Federal Contract Tower,0,33,47,0,80,0,2,57,0,59,0,35,104,0,139,42,0,42,181
06/23/2007,JQF,NC,ASO,ES,Federal Contract Tower,0,2,32,0,34,0,0,70,0,70,0,2,102,0,104,54,0,54,158
06/24/2007,JQF,NC,ASO,ES,Federal Contract Tower,1,5,46,0,52,0,0,38,0,38,1,5,84,0,90,18,0,18,108
06/25/2007,JQF,NC,ASO,ES,Federal Contract Tower,0,33,50,0,83,0,2,35,0,37,0,35,85,0,120,42,0,42,162
06/26/2007,JQF,NC,ASO,ES,Federal Contract Tower,2,37,72,0,111,0,2,70,0,72,2,39,142,0,183,90,0,90,273
06/27/2007,JQF,NC,ASO,ES,Federal Contract Tower,1,37,70,0,108,0,5,80,0,85,1,42,150,0,193,48,0,48,241
06/28/2007,JQF,NC,ASO,ES,Federal Contract Tower,4,29,75,0,108,0,1,64,0,65,4,30,139,0,173,52,0,52,225
06/29/2007,JQF,NC,ASO,ES,Federal Contract Tower,1,29,52,0,82,0,0,64,0,64,1,29,116,0,146,58,0,58,204
06/30/2007,JQF,NC,ASO,ES,Federal Contract Tower,0,3,33,0,36,0,0,62,0,62,0,3,95,0,98,40,0,40,138
07/01/2007,JQF,NC,ASO,ES,Federal Contract Tower,1,6,46,0,53,0,0,85,0,85,1,6,131,0,138,54,0,54,192
07/02/2007,JQF,NC,ASO,ES,Federal Contract Tower,0,25,45,0,70,0,1,79,0,80,0,26,124,0,150,74,2,76,226
07/03/2007,JQF,NC,ASO,ES,Federal Contract Tower,0,26,60,0,86,0,3,88,0,91,0,29,148,0,177,97,0,97,274
07/04/2007,JQF,NC,ASO,ES,Federal Contract Tower,2,5,32,0,39,0,0,57,1,58,2,5,89,1,97,10,0,10,107
07/05/2007,JQF,NC,ASO,ES,Federal Contract Tower,0,24,56,0,80,0,0,74,0,74,0,24,130,0,154,24,0,24,178
07/06/2007,JQF,NC,ASO,ES,Federal Contract Tower,1,24,30,0,55,0,2,91,0,93,1,26,121,0,148,28,0,28,176
07/07/2007,JQF,NC,ASO,ES,Federal Contract Tower,1,2,43,0,46,0,0,73,0,73,1,2,116,0,119,28,0,28,147
07/08/2007,JQF,NC,ASO,ES,Federal Contract Tower,2,2,53,0,57,0,0,77,0,77,2,2,130,0,134,52,0,52,186
07/09/2007,JQF,NC,ASO,ES,Federal Contract Tower,1,26,48,0,75,0,2,66,0,68,1,28,114,0,143,50,0,50,193
07/10/2007,JQF,NC,ASO,ES,Federal Contract Tower,0,23,54,0,77,0,0,64,0,64,0,23,118,0,141,34,0,34,175
07/11/2007,JQF,NC,ASO,ES,Federal Contract Tower,1,36,56,0,93,0,1,67,0,68,1,37,123,0,161,24,0,24,185
07/12/2007,JQF,NC,ASO,ES,Federal Contract Tower,2,31,76,0,109,0,0,61,0,61,2,31,137,0,170,16,0,16,186
07/13/2007,JQF,NC,ASO,ES,Federal Contract Tower,1,27,55,0,83,0,1,70,0,71,1,28,125,0,154,42,0,42,196
07/14/2007,JQF,NC,ASO,ES,Federal Contract Tower,1,3,40,0,44,0,2,67,0,69,1,5,107,0,113,56,0,56,169
07/15/2007,JQF,NC,ASO,ES,Federal Contract Tower,1,1,43,0,45,0,0,48,0,48,1,1,91,0,93,12,0,12,105
07/16/2007,JQF,NC,ASO,ES,Federal Contract Tower,0,30,60,0,90,0,2,51,2,55,0,32,111,2,145,58,0,58,203
07/17/2007,JQF,NC,ASO,ES,Federal Contract Tower,1,24,61,0,86,0,1,64,1,66,1,25,125,1,152,24,0,24,176
07/18/2007,JQF,NC,ASO,ES,Federal Contract Tower,0,30,92,0,122,0,0,53,0,53,0,30,145,0,175,26,0,26,201
07/19/2007,JQF,NC,ASO,ES,Federal Contract Tower,0,31,40,0,71,0,1,61,0,62,0,32,101,0,133,8,0,8,141
07/20/2007,JQF,NC,ASO,ES,Federal Contract Tower,0,32,57,0,89,0,2,78,0,80,0,34,135,0,169,38,0,38,207
07/21/2007,JQF,NC,ASO,ES,Federal Contract Tower,0,1,23,0,24,0,0,118,0,118,0,1,141,0,142,140,0,140,282
07/22/2007,JQF,NC,ASO,ES,Federal Contract Tower,1,0,34,0,35,0,0,109,0,109,1,0,143,0,144,36,0,36,180
07/23/2007,JQF,NC,ASO,ES,Federal Contract Tower,0,21,51,0,72,0,3,74,0,77,0,24,125,0,149,44,0,44,193
07/24/2007,JQF,NC,ASO,ES,Federal Contract Tower,1,28,71,2,102,0,2,102,0,104,1,30,173,2,206,58,0,58,264
07/25/2007,JQF,NC,ASO,ES,Federal Contract Tower,0,25,60,0,85,0,1,86,0,87,0,26,146,0,172,72,0,72,244
07/26/2007,JQF,NC,ASO,ES,Federal Contract Tower,2,30,104,0,136,0,0,73,0,73,2,30,177,0,209,26,0,26,235
07/27/2007,JQF,NC,ASO,ES,Federal Contract Tower,0,29,53,0,82,0,1,76,0,77,0,30,129,0,159,34,0,34,193
07/28/2007,JQF,NC,ASO,ES,Federal Contract Tower,2,2,32,0,36,0,0,52,0,52,2,2,84,0,88,76,0,76,164
07/29/2007,JQF,NC,ASO,ES,Federal Contract Tower,2,7,67,0,76,0,0,36,0,36,2,7,103,0,112,48,0,48,160
07/30/2007,JQF,NC,ASO,ES,Federal Contract Tower,0,29,52,0,81,0,0,30,1,31,0,29,82,1,112,0,0,0,112
07/31/2007,JQF,NC,ASO,ES,Federal Contract Tower,0,30,72,0,102,0,3,83,0,86,0,33,155,0,188,52,0,52,240
08/01/2007,JQF,NC,ASO,ES,Federal Contract Tower,0,28,55,0,83,0,0,67,11,78,0,28,122,11,161,58,0,58,219
08/02/2007,JQF,NC,ASO,ES,Federal Contract Tower,3,29,81,0,113,0,1,80,0,81,3,30,161,0,194,36,0,36,230
08/03/2007,JQF,NC,ASO,ES,Federal Contract Tower,1,28,60,0,89,0,1,90,0,91,1,29,150,0,180,46,0,46,226
08/04/2007,JQF,NC,ASO,ES,Federal Contract Tower,1,3,31,0,35,0,0,74,2,76,1,3,105,2,111,32,0,32,143
08/05/2007,JQF,NC,ASO,ES,Federal Contract Tower,3,4,55,0,62,0,0,72,0,72,3,4,127,0,134,60,0,60,194
08/06/2007,JQF,NC,ASO,ES,Federal Contract Tower,0,35,53,0,88,0,3,61,0,64,0,38,114,0,152,28,0,28,180
08/07/2007,JQF,NC,ASO,ES,Federal Contract Tower,0,29,50,0,79,0,0,76,0,76,0,29,126,0,155,80,0,80,235
08/08/2007,JQF,NC,ASO,ES,Federal Contract Tower,0,28,66,0,94,0,0,61,4,65,0,28,127,4,159,42,0,42,201
08/09/2007,JQF,NC,ASO,ES,Federal Contract Tower,2,29,76,0,107,0,2,66,0,68,2,31,142,0,175,36,0,36,211
08/10/2007,JQF,NC,ASO,ES,Federal Contract Tower,1,27,46,0,74,0,0,58,0,58,1,27,104,0,132,8,0,8,140
08/11/2007,JQF,NC,ASO,ES,Federal Contract Tower,0,2,42,0,44,0,0,67,0,67,0,2,109,0,111,50,0,50,161
08/12/2007,JQF,NC,ASO,ES,Federal Contract Tower,2,3,47,0,52,0,0,48,0,48,2,3,95,0,100,84,0,84,184
08/13/2007,JQF,NC,ASO,ES,Federal Contract Tower,0,26,60,0,86,0,2,106,0,108,0,28,166,0,194,30,0,30,224
08/14/2007,JQF,NC,ASO,ES,Federal Contract Tower,0,26,52,0,78,0,6,95,0,101,0,32,147,0,179,16,0,16,195
08/15/2007,JQF,NC,ASO,ES,Federal Contract Tower,0,26,51,0,77,0,1,93,0,94,0,27,144,0,171,30,0,30,201
08/16/2007,JQF,NC,ASO,ES,Federal Contract Tower,3,25,92,0,120,0,2,74,0,76,3,27,166,0,196,6,0,6,202
08/17/2007,JQF,NC,ASO,ES,Federal Contract Tower,0,38,54,0,92,0,0,61,0,61,0,38,115,0,153,24,0,24,177
08/18/2007,JQF,NC,ASO,ES,Federal Contract Tower,0,7,28,0,35,0,0,95,0,95,0,7,123,0,130,59,0,59,189
08/19/2007,JQF,NC,ASO,ES,Federal Contract Tower,0,3,43,0,46,0,0,79,0,79,0,3,122,0,125,70,0,70,195
08/20/2007,JQF,NC,ASO,ES,Federal Contract Tower,0,25,33,0,58,0,0,82,0,82,0,25,115,0,140,26,0,26,166
08/21/2007,JQF,NC,ASO,ES,Federal Contract Tower,2,29,93,0,124,0,4,69,6,79,2,33,162,6,203,26,0,26,229
08/22/2007,JQF,NC,ASO,ES,Federal Contract Tower,0,26,75,0,101,0,1,92,1,94,0,27,167,1,195,22,0,22,217
08/23/2007,JQF,NC,ASO,ES,Federal Contract Tower,1,26,75,0,102,0,1,63,0,64,1,27,138,0,166,22,0,22,188
08/24/2007,JQF,NC,ASO,ES,Federal Contract Tower,0,33,52,0,85,0,3,93,0,96,0,36,145,0,181,34,0,34,215
08/25/2007,JQF,NC,ASO,ES,Federal Contract Tower,0,3,37,0,40,0,0,78,0,78,0,3,115,0,118,70,0,70,188
08/26/2007,JQF,NC,ASO,ES,Federal Contract Tower,1,4,38,0,43,0,0,72,0,72,1,4,110,0,115,109,0,109,224
08/27/2007,JQF,NC,ASO,ES,Federal Contract Tower,0,39,58,0,97,0,3,46,0,49,0,42,104,0,146,39,0,39,185
08/28/2007,JQF,NC,ASO,ES,Federal Contract Tower,0,26,52,0,78,0,2,53,4,59,0,28,105,4,137,45,0,45,182
08/29/2007,JQF,NC,ASO,ES,Federal Contract Tower,0,23,44,0,67,0,0,87,0,87,0,23,131,0,154,56,0,56,210
08/30/2007,JQF,NC,ASO,ES,Federal Contract Tower,2,36,71,0,109,0,1,68,0,69,2,37,139,0,178,16,0,16,194
08/31/2007,JQF,NC,ASO,ES,Federal Contract Tower,0,29,52,0,81,0,0,77,0,77,0,29,129,0,158,86,0,86,244
09/01/2007,JQF,NC,ASO,ES,Federal Contract Tower,0,0,20,0,20,0,0,24,0,24,0,0,44,0,44,32,0,32,76
09/02/2007,JQF,NC,ASO,ES,Federal Contract Tower,0,1,22,0,23,0,0,57,0,57,0,1,79,0,80,35,0,35,115
09/03/2007,JQF,NC,ASO,ES,Federal Contract Tower,2,2,47,0,51,0,1,62,0,63,2,3,109,0,114,28,0,28,142
09/04/2007,JQF,NC,ASO,ES,Federal Contract Tower,0,19,49,0,68,0,0,85,0,85,0,19,134,0,153,100,0,100,253
09/05/2007,JQF,NC,ASO,ES,Federal Contract Tower,0,24,74,0,98,0,0,86,0,86,0,24,160,0,184,24,0,24,208
09/06/2007,JQF,NC,ASO,ES,Federal Contract Tower,3,29,78,0,110,0,1,82,0,83,3,30,160,0,193,78,0,78,271
09/07/2007,JQF,NC,ASO,ES,Federal Contract Tower,0,28,66,0,94,0,0,60,0,60,0,28,126,0,154,14,0,14,168
09/08/2007,JQF,NC,ASO,ES,Federal Contract Tower,1,6,34,0,41,0,0,88,0,88,1,6,122,0,129,59,0,59,188
09/09/2007,JQF,NC,ASO,ES,Federal Contract Tower,2,2,46,0,50,0,0,76,0,76,2,2,122,0,126,12,0,12,138
09/10/2007,JQF,NC,ASO,ES,Federal Contract Tower,0,29,51,0,80,0,2,79,0,81,0,31,130,0,161,73,0,73,234
09/11/2007,JQF,NC,ASO,ES,Federal Contract Tower,0,36,65,2,103,0,5,71,0,76,0,41,136,2,179,26,0,26,205
09/12/2007,JQF,NC,ASO,ES,Federal Contract Tower,0,30,57,0,87,0,0,84,0,84,0,30,141,0,171,24,0,24,195
09/13/2007,JQF,NC,ASO,ES,Federal Contract Tower,3,27,102,0,132,0,2,48,2,52,3,29,150,2,184,40,0,40,224
09/14/2007,JQF,NC,ASO,ES,Federal Contract Tower,0,31,47,0,78,0,2,5,0,7,0,33,52,0,85,14,0,14,99
09/15/2007,JQF,NC,ASO,ES,Federal Contract Tower,0,2,47,0,49,0,0,76,0,76,0,2,123,0,125,42,0,42,167
09/16/2007,JQF,NC,ASO,ES,Federal Contract Tower,3,8,68,0,79,0,0,85,0,85,3,8,153,0,164,30,0,30,194
09/17/2007,JQF,NC,ASO,ES,Federal Contract Tower,0,28,47,0,75,0,1,89,0,90,0,29,136,0,165,64,0,64,229
09/18/2007,JQF,NC,ASO,ES,Federal Contract Tower,0,27,61,0,88,0,6,103,0,109,0,33,164,0,197,99,0,99,296
09/19/2007,JQF,NC,ASO,ES,Federal Contract Tower,2,32,85,0,119,0,1,80,0,81,2,33,165,0,200,20,0,20,220
09/20/2007,JQF,NC,ASO,ES,Federal Contract Tower,3,29,89,0,121,0,0,27,0,27,3,29,116,0,148,34,0,34,182
09/21/2007,JQF,NC,ASO,ES,Federal Contract Tower,0,28,48,0,76,0,3,18,0,21,0,31,66,0,97,18,0,18,115
09/22/2007,JQF,NC,ASO,ES,Federal Contract Tower,0,3,29,0,32,0,1,72,0,73,0,4,101,0,105,32,0,32,137
09/23/2007,JQF,NC,ASO,ES,Federal Contract Tower,6,5,67,0,78,0,0,94,0,94,6,5,161,0,172,30,0,30,202
09/24/2007,JQF,NC,ASO,ES,Federal Contract Tower,0,24,44,0,68,0,10,69,0,79,0,34,113,0,147,24,0,24,171
09/25/2007,JQF,NC,ASO,ES,Federal Contract Tower,0,28,57,0,85,0,3,68,0,71,0,31,125,0,156,78,0,78,234
09/26/2007,JQF,NC,ASO,ES,Federal Contract Tower,0,34,57,2,93,0,3,77,2,82,0,37,134,4,175,34,0,34,209
09/27/2007,JQF,NC,ASO,ES,Federal Contract Tower,3,32,81,0,116,0,1,58,0,59,3,33,139,0,175,32,0,32,207
09/28/2007,JQF,NC,ASO,ES,Federal Contract Tower,1,24,37,0,62,0,4,62,0,66,1,28,99,0,128,74,0,74,202
09/29/2007,JQF,NC,ASO,ES,Federal Contract Tower,0,3,48,0,51,0,0,96,0,96,0,3,144,0,147,58,0,58,205
09/30/2007,JQF,NC,ASO,ES,Federal Contract Tower,0,3,22,0,25,0,0,99,0,99,0,3,121,0,124,42,0,42,166
10/01/2007,JQF,NC,ASO,ES,Federal Contract Tower,0,26,44,0,70,0,4,52,0,56,0,30,96,0,126,46,0,46,172
10/02/2007,JQF,NC,ASO,ES,Federal Contract Tower,0,28,54,0,82,0,4,94,0,98,0,32,148,0,180,28,0,28,208
10/03/2007,JQF,NC,ASO,ES,Federal Contract Tower,0,27,70,1,98,0,2,111,3,116,0,29,181,4,214,18,0,18,232
10/04/2007,JQF,NC,ASO,ES,Federal Contract Tower,3,28,91,0,122,0,0,69,0,69,3,28,160,0,191,28,0,28,219
10/05/2007,JQF,NC,ASO,ES,Federal Contract Tower,1,36,52,0,89,0,0,40,0,40,1,36,92,0,129,40,0,40,169
10/06/2007,JQF,NC,ASO,ES,Federal Contract Tower,0,4,38,0,42,0,0,76,0,76,0,4,114,0,118,13,0,13,131
10/07/2007,JQF,NC,ASO,ES,Federal Contract Tower,5,6,73,0,84,0,0,67,0,67,5,6,140,0,151,51,0,51,202
10/08/2007,JQF,NC,ASO,ES,Federal Contract Tower,0,5,42,2,49,0,0,107,0,107,0,5,149,2,156,52,0,52,208
10/09/2007,JQF,NC,ASO,ES,Federal Contract Tower,0,23,67,2,92,0,5,102,0,107,0,28,169,2,199,25,0,25,224
10/10/2007,JQF,NC,ASO,ES,Federal Contract Tower,0,24,70,0,94,0,0,109,0,109,0,24,179,0,203,54,0,54,257
10/11/2007,JQF,NC,ASO,ES,Federal Contract Tower,0,31,88,0,119,0,2,101,1,104,0,33,189,1,223,24,0,24,247
10/12/2007,JQF,NC,ASO,ES,Federal Contract Tower,0,33,82,2,117,0,146,128,0,274,0,179,210,2,391,30,0,30,421
10/13/2007,JQF,NC,ASO,ES,Federal Contract Tower,1,13,72,2,88,0,472,107,2,581,1,485,179,4,669,52,0,52,721
10/14/2007,JQF,NC,ASO,ES,Federal Contract Tower,0,4,69,0,73,0,108,116,1,225,0,112,185,1,298,66,0,66,364
10/15/2007,JQF,NC,ASO,ES,Federal Contract Tower,0,25,40,0,65,0,7,67,0,74,0,32,107,0,139,36,0,36,175
10/16/2007,JQF,NC,ASO,ES,Federal Contract Tower,0,31,69,0,100,0,10,64,0,74,0,41,133,0,174,112,0,112,286
10/17/2007,JQF,NC,ASO,ES,Federal Contract Tower,0,38,69,0,107,0,4,81,0,85,0,42,150,0,192,62,0,62,254
10/18/2007,JQF,NC,ASO,ES,Federal Contract Tower,0,29,55,6,90,0,0,69,0,69,0,29,124,6,159,40,6,46,205
10/19/2007,JQF,NC,ASO,ES,Federal Contract Tower,0,31,26,0,57,0,0,16,0,16,0,31,42,0,73,0,0,0,73
10/20/2007,JQF,NC,ASO,ES,Federal Contract Tower,1,4,20,0,25,0,0,133,0,133,1,4,153,0,158,62,0,62,220
10/21/2007,JQF,NC,ASO,ES,Federal Contract Tower,0,4,37,0,41,0,0,102,0,102,0,4,139,0,143,57,0,57,200
10/22/2007,JQF,NC,ASO,ES,Federal Contract Tower,0,22,38,0,60,0,5,53,0,58,0,27,91,0,118,4,0,4,122
10/23/2007,JQF,NC,ASO,ES,Federal Contract Tower,0,22,74,0,96,0,0,39,2,41,0,22,113,2,137,20,0,20,157
10/24/2007,JQF,NC,ASO,ES,Federal Contract Tower,0,29,73,0,102,0,1,23,0,24,0,30,96,0,126,0,0,0,126
10/25/2007,JQF,NC,ASO,ES,Federal Contract Tower,3,31,112,2,148,0,0,0,0,0,3,31,112,2,148,0,0,0,148
10/26/2007,JQF,NC,ASO,ES,Federal Contract Tower,0,30,55,0,85,0,0,0,0,0,0,30,55,0,85,0,0,0,85
10/27/2007,JQF,NC,ASO,ES,Federal Contract Tower,0,3,55,0,58,0,0,64,1,65,0,3,119,1,123,30,0,30,153
10/28/2007,JQF,NC,ASO,ES,Federal Contract Tower,2,4,63,0,69,0,0,92,0,92,2,4,155,0,161,48,0,48,209
10/29/2007,JQF,NC,ASO,ES,Federal Contract Tower,0,30,40,0,70,0,0,90,1,91,0,30,130,1,161,10,0,10,171
10/30/2007,JQF,NC,ASO,ES,Federal Contract Tower,1,24,63,0,88,0,4,98,0,102,1,28,161,0,190,22,0,22,212
10/31/2007,JQF,NC,ASO,ES,Federal Contract Tower,0,34,33,1,68,0,5,115,1,121,0,39,148,2,189,14,0,14,203
11/01/2007,JQF,NC,ASO,ES,Federal Contract Tower,2,34,87,0,123,0,1,50,0,51,2,35,137,0,174,6,0,6,180
11/02/2007,JQF,NC,ASO,ES,Federal Contract Tower,2,30,42,0,74,0,0,107,0,107,2,30,149,0,181,18,0,18,199
11/03/2007,JQF,NC,ASO,ES,Federal Contract Tower,0,1,35,0,36,0,0,76,2,78,0,1,111,2,114,58,0,58,172
11/04/2007,JQF,NC,ASO,ES,Federal Contract Tower,0,1,30,0,31,0,0,88,0,88,0,1,118,0,119,53,0,53,172
11/05/2007,JQF,NC,ASO,ES,Federal Contract Tower,0,31,32,0,63,0,0,43,0,43,0,31,75,0,106,97,0,97,203
11/06/2007,JQF,NC,ASO,ES,Federal Contract Tower,2,33,75,0,110,0,1,26,0,27,2,34,101,0,137,44,0,44,181
11/07/2007,JQF,NC,ASO,ES,Federal Contract Tower,0,33,45,0,78,0,2,98,0,100,0,35,143,0,178,64,0,64,242
11/08/2007,JQF,NC,ASO,ES,Federal Contract Tower,2,29,66,0,97,0,1,80,0,81,2,30,146,0,178,48,0,48,226
11/09/2007,JQF,NC,ASO,ES,Federal Contract Tower,1,32,48,0,81,0,1,74,0,75,1,33,122,0,156,36,0,36,192
11/10/2007,JQF,NC,ASO,ES,Federal Contract Tower,2,0,32,0,34,0,0,89,0,89,2,0,121,0,123,72,0,72,195
11/11/2007,JQF,NC,ASO,ES,Federal Contract Tower,0,5,46,0,51,0,0,78,0,78,0,5,124,0,129,24,0,24,153
11/12/2007,JQF,NC,ASO,ES,Federal Contract Tower,0,9,44,0,53,0,0,66,2,68,0,9,110,2,121,63,0,63,184
11/13/2007,JQF,NC,ASO,ES,Federal Contract Tower,0,28,53,0,81,0,1,69,3,73,0,29,122,3,154,66,0,66,220
11/14/2007,JQF,NC,ASO,ES,Federal Contract Tower,0,31,69,1,101,0,1,72,1,74,0,32,141,2,175,8,0,8,183
11/15/2007,JQF,NC,ASO,ES,Federal Contract Tower,3,25,74,0,102,0,1,23,0,24,3,26,97,0,126,0,0,0,126
11/16/2007,JQF,NC,ASO,ES,Federal Contract Tower,0,25,35,0,60,0,1,58,0,59,0,26,93,0,119,34,0,34,153
11/17/2007,JQF,NC,ASO,ES,Federal Contract Tower,0,0,21,0,21,0,0,90,0,90,0,0,111,0,111,74,0,74,185
11/18/2007,JQF,NC,ASO,ES,Federal Contract Tower,6,4,39,0,49,0,0,73,0,73,6,4,112,0,122,40,0,40,162
11/19/2007,JQF,NC,ASO,ES,Federal Contract Tower,1,35,70,0,106,0,1,76,0,77,1,36,146,0,183,74,0,74,257
11/20/2007,JQF,NC,ASO,ES,Federal Contract Tower,1,29,49,0,79,0,0,77,0,77,1,29,126,0,156,80,0,80,236
11/21/2007,JQF,NC,ASO,ES,Federal Contract Tower,0,28,56,0,84,0,3,84,0,87,0,31,140,0,171,36,0,36,207
11/22/2007,JQF,NC,ASO,ES,Federal Contract Tower,0,1,14,0,15,0,2,10,0,12,0,3,24,0,27,0,0,0,27
11/23/2007,JQF,NC,ASO,ES,Federal Contract Tower,0,19,25,0,44,0,1,37,0,38,0,20,62,0,82,31,0,31,113
11/24/2007,JQF,NC,ASO,ES,Federal Contract Tower,0,0,27,0,27,0,3,61,0,64,0,3,88,0,91,50,0,50,141
11/25/2007,JQF,NC,ASO,ES,Federal Contract Tower,0,2,36,0,38,0,0,10,0,10,0,2,46,0,48,30,0,30,78
11/26/2007,JQF,NC,ASO,ES,Federal Contract Tower,0,39,29,0,68,0,0,0,0,0,0,39,29,0,68,0,0,0,68
11/27/2007,JQF,NC,ASO,ES,Federal Contract Tower,0,32,53,2,87,0,4,88,54,146,0,36,141,56,233,74,1,75,308
11/28/2007,JQF,NC,ASO,ES,Federal Contract Tower,0,30,53,0,83,0,0,76,0,76,0,30,129,0,159,24,0,24,183
11/29/2007,JQF,NC,ASO,ES,Federal Contract Tower,0,30,47,0,77,0,2,77,0,79,0,32,124,0,156,14,0,14,170
11/30/2007,JQF,NC,ASO,ES,Federal Contract Tower,0,28,41,0,69,0,1,82,0,83,0,29,123,0,152,32,0,32,184
12/01/2007,JQF,NC,ASO,ES,Federal Contract Tower,0,5,35,0,40,0,0,128,0,128,0,5,163,0,168,94,0,94,262
12/02/2007,JQF,NC,ASO,ES,Federal Contract Tower,0,2,46,0,48,0,4,28,0,32,0,6,74,0,80,56,0,56,136
12/03/2007,JQF,NC,ASO,ES,Federal Contract Tower,0,23,24,0,47,0,2,18,0,20,0,25,42,0,67,14,0,14,81
12/04/2007,JQF,NC,ASO,ES,Federal Contract Tower,0,36,35,0,71,0,4,92,0,96,0,40,127,0,167,85,0,85,252
12/05/2007,JQF,NC,ASO,ES,Federal Contract Tower,0,38,67,2,107,0,2,120,0,122,0,40,187,2,229,30,0,30,259
12/06/2007,JQF,NC,ASO,ES,Federal Contract Tower,0,31,49,0,80,0,1,71,0,72,0,32,120,0,152,34,0,34,186
12/07/2007,JQF,NC,ASO,ES,Federal Contract Tower,0,27,62,0,89,0,0,31,0,31,0,27,93,0,120,56,0,56,176
12/08/2007,JQF,NC,ASO,ES,Federal Contract Tower,0,2,38,0,40,0,0,73,0,73,0,2,111,0,113,69,0,69,182
12/09/2007,JQF,NC,ASO,ES,Federal Contract Tower,0,3,28,0,31,0,0,47,0,47,0,3,75,0,78,28,0,28,106
12/10/2007,JQF,NC,ASO,ES,Federal Contract Tower,0,31,57,0,88,0,0,88,0,88,0,31,145,0,176,36,0,36,212
12/11/2007,JQF,NC,ASO,ES,Federal Contract Tower,0,40,49,0,89,0,7,116,0,123,0,47,165,0,212,62,0,62,274
12/12/2007,JQF,NC,ASO,ES,Federal Contract Tower,0,35,54,0,89,0,6,92,0,98,0,41,146,0,187,28,0,28,215
12/13/2007,JQF,NC,ASO,ES,Federal Contract Tower,0,38,57,0,95,0,0,48,2,50,0,38,105,2,145,64,0,64,209
12/14/2007,JQF,NC,ASO,ES,Federal Contract Tower,0,35,36,0,71,0,3,71,0,74,0,38,107,0,145,48,0,48,193
12/15/2007,JQF,NC,ASO,ES,Federal Contract Tower,0,4,30,0,34,0,0,0,0,0,0,4,30,0,34,0,0,0,34
12/16/2007,JQF,NC,ASO,ES,Federal Contract Tower,0,0,22,0,22,0,0,7,0,7,0,0,29,0,29,0,0,0,29
12/17/2007,JQF,NC,ASO,ES,Federal Contract Tower,0,26,40,0,66,0,5,41,0,46,0,31,81,0,112,28,0,28,140
12/18/2007,JQF,NC,ASO,ES,Federal Contract Tower,0,37,51,0,88,0,5,107,0,112,0,42,158,0,200,84,0,84,284
12/19/2007,JQF,NC,ASO,ES,Federal Contract Tower,0,37,46,0,83,0,1,74,0,75,0,38,120,0,158,174,0,174,332
12/20/2007,JQF,NC,ASO,ES,Federal Contract Tower,0,30,51,0,81,0,6,85,0,91,0,36,136,0,172,51,0,51,223
12/21/2007,JQF,NC,ASO,ES,Federal Contract Tower,0,32,30,0,62,0,0,12,0,12,0,32,42,0,74,30,0,30,104
12/22/2007,JQF,NC,ASO,ES,Federal Contract Tower,0,5,37,0,42,0,0,40,0,40,0,5,77,0,82,30,0,30,112
12/23/2007,JQF,NC,ASO,ES,Federal Contract Tower,0,2,20,0,22,0,0,3,0,3,0,2,23,0,25,0,0,0,25
12/24/2007,JQF,NC,ASO,ES,Federal Contract Tower,0,18,8,0,26,0,2,60,0,62,0,20,68,0,88,38,0,38,126
12/25/2007,JQF,NC,ASO,ES,Federal Contract Tower,0,3,10,0,13,0,0,5,0,5,0,3,15,0,18,0,0,0,18
12/26/2007,JQF,NC,ASO,ES,Federal Contract Tower,0,27,31,0,58,0,0,27,0,27,0,27,58,0,85,28,0,28,113
12/27/2007,JQF,NC,ASO,ES,Federal Contract Tower,0,19,37,0,56,0,0,80,0,80,0,19,117,0,136,50,0,50,186
12/28/2007,JQF,NC,ASO,ES,Federal Contract Tower,0,29,25,0,54,0,0,6,0,6,0,29,31,0,60,34,0,34,94
12/29/2007,JQF,NC,ASO,ES,Federal Contract Tower,0,5,37,0,42,0,0,4,0,4,0,5,41,0,46,10,0,10,56
12/30/2007,JQF,NC,ASO,ES,Federal Contract Tower,0,1,11,0,12,0,0,0,0,0,0,1,11,0,12,0,0,0,12
12/31/2007,JQF,NC,ASO,ES,Federal Contract Tower,0,28,16,0,44,0,0,134,0,134,0,28,150,0,178,86,0,86,264
01/01/2008,JQF,NC,ASO,ES,Federal Contract Tower,0,0,21,0,21,0,0,30,0,30,0,0,51,0,51,12,0,12,63
01/02/2008,JQF,NC,ASO,ES,Federal Contract Tower,0,25,49,2,76,0,0,34,0,34,0,25,83,2,110,8,0,8,118
01/03/2008,JQF,NC,ASO,ES,Federal Contract Tower,0,27,45,0,72,0,0,42,0,42,0,27,87,0,114,42,0,42,156
01/04/2008,JQF,NC,ASO,ES,Federal Contract Tower,1,28,35,0,64,0,2,90,0,92,1,30,125,0,156,88,0,88,244
01/05/2008,JQF,NC,ASO,ES,Federal Contract Tower,0,0,19,0,19,0,2,78,0,80,0,2,97,0,99,66,0,66,165
01/06/2008,JQF,NC,ASO,ES,Federal Contract Tower,1,2,33,0,36,0,0,67,0,67,1,2,100,0,103,80,0,80,183
01/07/2008,JQF,NC,ASO,ES,Federal Contract Tower,1,23,35,0,59,0,3,86,1,90,1,26,121,1,149,82,0,82,231
01/08/2008,JQF,NC,ASO,ES,Federal Contract Tower,0,25,52,0,77,0,2,42,0,44,0,27,94,0,121,64,0,64,185
01/09/2008,JQF,NC,ASO,ES,Federal Contract Tower,2,27,59,0,88,0,1,51,0,52,2,28,110,0,140,100,0,100,240
01/10/2008,JQF,NC,ASO,ES,Federal Contract Tower,2,25,29,0,56,0,4,5,0,9,2,29,34,0,65,18,0,18,83
01/11/2008,JQF,NC,ASO,ES,Federal Contract Tower,1,31,36,2,70,0,2,22,0,24,1,33,58,2,94,2,0,2,96
01/12/2008,JQF,NC,ASO,ES,Federal Contract Tower,0,5,22,0,27,0,0,106,0,106,0,5,128,0,133,54,0,54,187
01/13/2008,JQF,NC,ASO,ES,Federal Contract Tower,0,4,50,0,54,0,0,46,0,46,0,4,96,0,100,68,0,68,168
01/14/2008,JQF,NC,ASO,ES,Federal Contract Tower,0,21,47,0,68,0,1,49,0,50,0,22,96,0,118,37,0,37,155
01/15/2008,JQF,NC,ASO,ES,Federal Contract Tower,0,27,49,0,76,0,0,63,0,63,0,27,112,0,139,16,0,16,155
01/16/2008,JQF,NC,ASO,ES,Federal Contract Tower,0,28,67,0,95,0,1,133,0,134,0,29,200,0,229,46,0,46,275
01/17/2008,JQF,NC,ASO,ES,Federal Contract Tower,0,24,44,0,68,0,0,0,0,0,0,24,44,0,68,0,0,0,68
01/18/2008,JQF,NC,ASO,ES,Federal Contract Tower,0,30,62,0,92,0,0,0,0,0,0,30,62,0,92,0,0,0,92
01/19/2008,JQF,NC,ASO,ES,Federal Contract Tower,0,5,20,0,25,0,0,3,0,3,0,5,23,0,28,12,0,12,40
01/20/2008,JQF,NC,ASO,ES,Federal Contract Tower,0,2,42,0,44,0,0,35,2,37,0,2,77,2,81,32,0,32,113
01/21/2008,JQF,NC,ASO,ES,Federal Contract Tower,0,12,42,0,54,0,0,64,0,64,0,12,106,0,118,14,0,14,132
01/22/2008,JQF,NC,ASO,ES,Federal Contract Tower,0,25,50,0,75,0,0,0,0,0,0,25,50,0,75,0,0,0,75
01/23/2008,JQF,NC,ASO,ES,Federal Contract Tower,0,29,53,0,82,0,0,60,1,61,0,29,113,1,143,18,0,18,161
01/24/2008,JQF,NC,ASO,ES,Federal Contract Tower,0,32,54,0,86,0,3,49,0,52,0,35,103,0,138,34,0,34,172
01/25/2008,JQF,NC,ASO,ES,Federal Contract Tower,0,27,45,0,72,0,22,81,0,103,0,49,126,0,175,56,0,56,231
01/26/2008,JQF,NC,ASO,ES,Federal Contract Tower,0,2,23,0,25,0,0,69,0,69,0,2,92,0,94,62,15,77,171
01/27/2008,JQF,NC,ASO,ES,Federal Contract Tower,0,0,31,0,31,0,0,109,0,109,0,0,140,0,140,66,0,66,206
01/28/2008,JQF,NC,ASO,ES,Federal Contract Tower,0,29,25,0,54,0,5,71,0,76,0,34,96,0,130,22,0,22,152
01/29/2008,JQF,NC,ASO,ES,Federal Contract Tower,0,33,25,0,58,0,1,43,0,44,0,34,68,0,102,42,0,42,144
01/30/2008,JQF,NC,ASO,ES,Federal Contract Tower,0,33,56,0,89,0,0,126,1,127,0,33,182,1,216,28,0,28,244
01/31/2008,JQF,NC,ASO,ES,Federal Contract Tower,0,31,54,0,85,0,0,97,0,97,0,31,151,0,182,90,0,90,272
02/01/2008,JQF,NC,ASO,ES,Federal Contract Tower,0,27,28,0,55,0,0,22,0,22,0,27,50,0,77,0,0,0,77
02/02/2008,JQF,NC,ASO,ES,Federal Contract Tower,0,8,27,0,35,0,1,122,0,123,0,9,149,0,158,86,0,86,244
02/03/2008,JQF,NC,ASO,ES,Federal Contract Tower,0,3,27,0,30,0,0,77,0,77,0,3,104,0,107,50,0,50,157
02/04/2008,JQF,NC,ASO,ES,Federal Contract Tower,0,25,40,0,65,0,3,65,0,68,0,28,105,0,133,93,0,93,226
02/05/2008,JQF,NC,ASO,ES,Federal Contract Tower,0,37,37,0,74,0,1,78,6,85,0,38,115,6,159,36,0,36,195
02/06/2008,JQF,NC,ASO,ES,Federal Contract Tower,1,33,64,0,98,0,2,31,0,33,1,35,95,0,131,12,0,12,143
02/07/2008,JQF,NC,ASO,ES,Federal Contract Tower,2,32,62,0,96,0,1,97,0,98,2,33,159,0,194,18,0,18,212
02/08/2008,JQF,NC,ASO,ES,Federal Contract Tower,0,32,36,0,68,0,1,99,0,100,0,33,135,0,168,62,0,62,230
02/09/2008,JQF,NC,ASO,ES,Federal Contract Tower,0,8,27,0,35,0,0,128,0,128,0,8,155,0,163,56,0,56,219
02/10/2008,JQF,NC,ASO,ES,Federal Contract Tower,0,0,42,0,42,0,0,44,0,44,0,0,86,0,86,36,0,36,122
02/11/2008,JQF,NC,ASO,ES,Federal Contract Tower,0,23,53,0,76,0,2,82,4,88,0,25,135,4,164,106,0,106,270
02/12/2008,JQF,NC,ASO,ES,Federal Contract Tower,0,32,53,0,85,0,0,42,0,42,0,32,95,0,127,26,0,26,153
02/13/2008,JQF,NC,ASO,ES,Federal Contract Tower,0,26,54,0,80,0,0,4,0,4,0,26,58,0,84,0,0,0,84
02/14/2008,JQF,NC,ASO,ES,Federal Contract Tower,1,29,51,0,81,0,1,80,0,81,1,30,131,0,162,58,0,58,220
02/15/2008,JQF,NC,ASO,ES,Federal Contract Tower,0,28,47,0,75,0,4,49,0,53,0,32,96,0,128,44,0,44,172
02/16/2008,JQF,NC,ASO,ES,Federal Contract Tower,1,4,33,0,38,0,1,100,0,101,1,5,133,0,139,94,0,94,233
02/17/2008,JQF,NC,ASO,ES,Federal Contract Tower,1,1,72,0,74,0,0,4,0,4,1,1,76,0,78,20,0,20,98
02/18/2008,JQF,NC,ASO,ES,Federal Contract Tower,1,11,47,0,59,0,0,37,0,37,1,11,84,0,96,8,0,8,104
02/19/2008,JQF,NC,ASO,ES,Federal Contract Tower,1,27,51,0,79,0,0,62,0,62,1,27,113,0,141,12,0,12,153
02/20/2008,JQF,NC,ASO,ES,Federal Contract Tower,0,29,58,0,87,0,2,56,4,62,0,31,114,4,149,4,0,4,153
02/21/2008,JQF,NC,ASO,ES,Federal Contract Tower,2,23,53,0,78,0,2,53,0,55,2,25,106,0,133,32,0,32,165
02/22/2008,JQF,NC,ASO,ES,Federal Contract Tower,0,27,28,0,55,0,0,0,0,0,0,27,28,0,55,0,0,0,55
02/23/2008,JQF,NC,ASO,ES,Federal Contract Tower,1,3,22,0,26,0,0,29,0,29,1,3,51,0,55,98,0,98,153
02/24/2008,JQF,NC,ASO,ES,Federal Contract Tower,0,1,20,0,21,0,0,38,0,38,0,1,58,0,59,170,0,170,229
02/25/2008,JQF,NC,ASO,ES,Federal Contract Tower,1,34,45,1,81,0,1,125,0,126,1,35,170,1,207,90,0,90,297
02/26/2008,JQF,NC,ASO,ES,Federal Contract Tower,2,28,45,0,75,0,2,3,0,5,2,30,48,0,80,4,0,4,84
02/27/2008,JQF,NC,ASO,ES,Federal Contract Tower,1,34,39,0,74,0,0,43,2,45,1,34,82,2,119,18,0,18,137
02/28/2008,JQF,NC,ASO,ES,Federal Contract Tower,2,32,58,0,92,0,5,94,0,99,2,37,152,0,191,90,0,90,281
02/29/2008,JQF,NC,ASO,ES,Federal Contract Tower,1,33,48,0,82,0,0,69,6,75,1,33,117,6,157,88,0,88,245
03/01/2008,JQF,NC,ASO,ES,Federal Contract Tower,1,9,25,0,35,0,0,70,0,70,1,9,95,0,105,16,0,16,121
03/02/2008,JQF,NC,ASO,ES,Federal Contract Tower,0,5,23,0,28,0,0,99,0,99,0,5,122,0,127,70,0,70,197
03/03/2008,JQF,NC,ASO,ES,Federal Contract Tower,1,31,28,0,60,0,1,69,0,70,1,32,97,0,130,40,0,40,170
03/04/2008,JQF,NC,ASO,ES,Federal Contract Tower,4,23,26,0,53,0,0,3,0,3,4,23,29,0,56,0,0,0,56
03/05/2008,JQF,NC,ASO,ES,Federal Contract Tower,2,34,58,0,94,0,2,161,0,163,2,36,219,0,257,68,0,68,325
03/06/2008,JQF,NC,ASO,ES,Federal Contract Tower,1,32,87,0,120,0,1,134,4,139,1,33,221,4,259,70,0,70,329
03/07/2008,JQF,NC,ASO,ES,Federal Contract Tower,0,31,25,0,56,0,0,0,0,0,0,31,25,0,56,0,0,0,56
03/08/2008,JQF,NC,ASO,ES,Federal Contract Tower,2,5,38,0,45,0,0,7,0,7,2,5,45,0,52,0,0,0,52
03/09/2008,JQF,NC,ASO,ES,Federal Contract Tower,4,4,45,0,53,0,0,113,0,113,4,4,158,0,166,128,0,128,294
03/10/2008,JQF,NC,ASO,ES,Federal Contract Tower,0,36,35,0,71,0,1,129,0,130,0,37,164,0,201,32,0,32,233
03/11/2008,JQF,NC,ASO,ES,Federal Contract Tower,0,37,65,0,102,0,3,107,0,110,0,40,172,0,212,66,0,66,278
03/12/2008,JQF,NC,ASO,ES,Federal Contract Tower,0,27,60,0,87,0,2,106,0,108,0,29,166,0,195,74,0,74,269
03/13/2008,JQF,NC,ASO,ES,Federal Contract Tower,0,35,63,2,100,0,7,118,0,125,0,42,181,2,225,114,0,114,339
03/14/2008,JQF,NC,ASO,ES,Federal Contract Tower,0,33,58,0,91,0,0,27,0,27,0,33,85,0,118,14,0,14,132
03/15/2008,JQF,NC,ASO,ES,Federal Contract Tower,0,2,33,0,35,0,1,11,0,12,0,3,44,0,47,18,0,18,65
03/16/2008,JQF,NC,ASO,ES,Federal Contract Tower,0,5,44,0,49,0,0,93,0,93,0,5,137,0,142,44,0,44,186
03/17/2008,JQF,NC,ASO,ES,Federal Contract Tower,0,28,44,0,72,0,1,65,0,66,0,29,109,0,138,6,0,6,144
03/18/2008,JQF,NC,ASO,ES,Federal Contract Tower,0,28,55,0,83,0,2,76,0,78,0,30,131,0,161,70,0,70,231
03/19/2008,JQF,NC,ASO,ES,Federal Contract Tower,0,39,33,0,72,0,4,22,0,26,0,43,55,0,98,0,0,0,98
03/20/2008,JQF,NC,ASO,ES,Federal Contract Tower,0,29,73,0,102,0,2,62,0,64,0,31,135,0,166,56,0,56,222
03/21/2008,JQF,NC,ASO,ES,Federal Contract Tower,0,33,36,2,71,0,0,90,0,90,0,33,126,2,161,38,0,38,199
03/22/2008,JQF,NC,ASO,ES,Federal Contract Tower,0,4,33,0,37,0,0,65,0,65,0,4,98,0,102,53,0,53,155
03/23/2008,JQF,NC,ASO,ES,Federal Contract Tower,0,0,10,0,10,0,0,62,0,62,0,0,72,0,72,128,0,128,200
03/24/2008,JQF,NC,ASO,ES,Federal Contract Tower,0,30,40,0,70,0,0,46,0,46,0,30,86,0,116,14,0,14,130
03/25/2008,JQF,NC,ASO,ES,Federal Contract Tower,0,28,44,0,72,0,1,117,0,118,0,29,161,0,190,165,0,165,355
03/26/2008,JQF,NC,ASO,ES,Federal Contract Tower,2,35,52,0,89,0,0,103,0,103,2,35,155,0,192,56,0,56,248
03/27/2008,JQF,NC,ASO,ES,Federal Contract Tower,0,31,74,0,105,0,1,81,0,82,0,32,155,0,187,26,0,26,213
03/28/2008,JQF,NC,ASO,ES,Federal Contract Tower,0,32,57,0,89,0,1,54,0,55,0,33,111,0,144,40,0,40,184
03/29/2008,JQF,NC,ASO,ES,Federal Contract Tower,0,11,19,0,30,0,0,20,0,20,0,11,39,0,50,2,0,2,52
03/30/2008,JQF,NC,ASO,ES,Federal Contract Tower,0,5,35,0,40,0,0,28,0,28,0,5,63,0,68,42,0,42,110
03/31/2008,JQF,NC,ASO,ES,Federal Contract Tower,1,26,20,0,47,0,0,0,0,0,1,26,20,0,47,0,0,0,47
04/01/2008,JQF,NC,ASO,ES,Federal Contract Tower,0,45,45,0,90,0,4,4,0,8,0,49,49,0,98,6,0,6,104
04/02/2008,JQF,NC,ASO,ES,Federal Contract Tower,1,34,60,0,95,0,0,119,0,119,1,34,179,0,214,96,0,96,310
04/03/2008,JQF,NC,ASO,ES,Federal Contract Tower,3,18,49,0,70,0,0,14,0,14,3,18,63,0,84,2,0,2,86
04/04/2008,JQF,NC,ASO,ES,Federal Contract Tower,1,22,29,0,52,0,0,5,0,5,1,22,34,0,57,0,0,0,57
04/05/2008,JQF,NC,ASO,ES,Federal Contract Tower,1,2,24,0,27,0,6,0,0,6,1,8,24,0,33,0,0,0,33
04/06/2008,JQF,NC,ASO,ES,Federal Contract Tower,3,1,48,0,52,0,0,41,0,41,3,1,89,0,93,136,0,136,229
04/07/2008,JQF,NC,ASO,ES,Federal Contract Tower,1,24,49,0,74,0,0,47,0,47,1,24,96,0,121,54,0,54,175
04/08/2008,JQF,NC,ASO,ES,Federal Contract Tower,2,28,51,0,81,0,12,55,0,67,2,40,106,0,148,66,0,66,214
04/09/2008,JQF,NC,ASO,ES,Federal Contract Tower,3,28,71,0,102,0,1,100,0,101,3,29,171,0,203,96,0,96,299
04/10/2008,JQF,NC,ASO,ES,Federal Contract Tower,1,38,48,0,87,0,0,70,0,70,1,38,118,0,157,52,0,52,209
04/11/2008,JQF,NC,ASO,ES,Federal Contract Tower,1,42,32,0,75,0,0,55,0,55,1,42,87,0,130,72,0,72,202
04/12/2008,JQF,NC,ASO,ES,Federal Contract Tower,0,13,24,0,37,0,0,17,0,17,0,13,41,0,54,2,0,2,56
04/13/2008,JQF,NC,ASO,ES,Federal Contract Tower,0,0,47,0,47,0,1,58,0,59,0,1,105,0,106,92,0,92,198
04/14/2008,JQF,NC,ASO,ES,Federal Contract Tower,0,27,45,0,72,0,0,39,0,39,0,27,84,0,111,51,0,51,162
04/15/2008,JQF,NC,ASO,ES,Federal Contract Tower,0,27,49,0,76,0,2,65,0,67,0,29,114,0,143,72,0,72,215
04/16/2008,JQF,NC,ASO,ES,Federal Contract Tower,1,25,50,0,76,0,5,80,0,85,1,30,130,0,161,106,0,106,267
04/17/2008,JQF,NC,ASO,ES,Federal Contract Tower,0,28,65,0,93,0,0,80,0,80,0,28,145,0,173,24,0,24,197
04/18/2008,JQF,NC,ASO,ES,Federal Contract Tower,4,26,40,0,70,0,0,85,0,85,4,26,125,0,155,90,0,90,245
04/19/2008,JQF,NC,ASO,ES,Federal Contract Tower,1,3,17,0,21,0,0,58,0,58,1,3,75,0,79,82,0,82,161
04/20/2008,JQF,NC,ASO,ES,Federal Contract Tower,0,2,26,0,28,0,0,41,0,41,0,2,67,0,69,148,0,148,217
04/21/2008,JQF,NC,ASO,ES,Federal Contract Tower,0,27,45,0,72,0,2,24,2,28,0,29,69,2,100,46,0,46,146
04/22/2008,JQF,NC,ASO,ES,Federal Contract Tower,1,34,50,0,85,0,3,41,0,44,1,37,91,0,129,30,0,30,159
04/23/2008,JQF,NC,ASO,ES,Federal Contract Tower,2,30,100,0,132,0,0,42,0,42,2,30,142,0,174,164,0,164,338
04/24/2008,JQF,NC,ASO,ES,Federal Contract Tower,6,30,88,0,124,0,1,116,0,117,6,31,204,0,241,48,0,48,289
04/25/2008,JQF,NC,ASO,ES,Federal Contract Tower,2,38,57,0,97,0,1,91,0,92,2,39,148,0,189,87,0,87,276
04/26/2008,JQF,NC,ASO,ES,Federal Contract Tower,0,15,37,0,52,0,0,34,0,34,0,15,71,0,86,50,0,50,136
04/27/2008,JQF,NC,ASO,ES,Federal Contract Tower,5,8,74,0,87,0,0,27,0,27,5,8,101,0,114,104,0,104,218
04/28/2008,JQF,NC,ASO,ES,Federal Contract Tower,1,25,34,0,60,0,6,8,0,14,1,31,42,0,74,10,0,10,84
04/29/2008,JQF,NC,ASO,ES,Federal Contract Tower,0,27,69,0,96,0,3,96,2,101,0,30,165,2,197,113,0,113,310
04/30/2008,JQF,NC,ASO,ES,Federal Contract Tower,1,31,61,0,93,0,2,97,16,115,1,33,158,16,208,114,0,114,322
05/01/2008,JQF,NC,ASO,ES,Federal Contract Tower,7,28,84,0,119,0,2,60,0,62,7,30,144,0,181,66,0,66,247
05/02/2008,JQF,NC,ASO,ES,Federal Contract Tower,0,28,75,0,103,0,12,45,0,57,0,40,120,0,160,12,0,12,172
05/03/2008,JQF,NC,ASO,ES,Federal Contract Tower,3,2,28,0,33,0,3,50,0,53,3,5,78,0,86,50,0,50,136
05/04/2008,JQF,NC,ASO,ES,Federal Contract Tower,1,6,50,0,57,0,0,87,0,87,1,6,137,0,144,168,0,168,312
05/05/2008,JQF,NC,ASO,ES,Federal Contract Tower,0,28,56,0,84,0,2,83,0,85,0,30,139,0,169,81,0,81,250
05/06/2008,JQF,NC,ASO,ES,Federal Contract Tower,2,30,58,0,90,0,9,131,1,141,2,39,189,1,231,48,0,48,279
05/07/2008,JQF,NC,ASO,ES,Federal Contract Tower,1,30,79,0,110,0,2,125,0,127,1,32,204,0,237,150,0,150,387
05/08/2008,JQF,NC,ASO,ES,Federal Contract Tower,0,24,56,0,80,0,0,34,1,35,0,24,90,1,115,12,36,48,163
05/09/2008,JQF,NC,ASO,ES,Federal Contract Tower,2,24,56,0,82,0,1,49,0,50,2,25,105,0,132,32,0,32,164
05/10/2008,JQF,NC,ASO,ES,Federal Contract Tower,0,4,29,0,33,0,0,89,0,89,0,4,118,0,122,62,0,62,184
05/11/2008,JQF,NC,ASO,ES,Federal Contract Tower,0,10,26,0,36,0,0,2,0,2,0,10,28,0,38,14,0,14,52
05/12/2008,JQF,NC,ASO,ES,Federal Contract Tower,0,19,60,0,79,0,2,39,0,41,0,21,99,0,120,8,0,8,128
05/13/2008,JQF,NC,ASO,ES,Federal Contract Tower,0,26,52,0,78,0,4,110,0,114,0,30,162,0,192,80,0,80,272
05/14/2008,JQF,NC,ASO,ES,Federal Contract Tower,0,29,72,0,101,0,2,80,0,82,0,31,152,0,183,184,0,184,367
05/15/2008,JQF,NC,ASO,ES,Federal Contract Tower,1,26,65,0,92,0,0,80,0,80,1,26,145,0,172,26,0,26,198
05/16/2008,JQF,NC,ASO,ES,Federal Contract Tower,0,31,57,0,88,0,0,103,0,103,0,31,160,0,191,59,0,59,250
05/17/2008,JQF,NC,ASO,ES,Federal Contract Tower,0,6,42,2,50,0,337,299,2,638,0,343,341,4,688,90,2,92,780
05/18/2008,JQF,NC,ASO,ES,Federal Contract Tower,1,7,50,0,58,0,25,78,0,103,1,32,128,0,161,50,0,50,211
05/19/2008,JQF,NC,ASO,ES,Federal Contract Tower,0,23,63,0,86,0,8,64,0,72,0,31,127,0,158,42,0,42,200
05/20/2008,JQF,NC,ASO,ES,Federal Contract Tower,0,34,44,0,78,0,1,52,2,55,0,35,96,2,133,8,0,8,141
05/21/2008,JQF,NC,ASO,ES,Federal Contract Tower,0,34,81,0,115,0,0,106,0,106,0,34,187,0,221,70,0,70,291
05/22/2008,JQF,NC,ASO,ES,Federal Contract Tower,0,24,63,0,87,0,12,95,0,107,0,36,158,0,194,40,0,40,234
05/23/2008,JQF,NC,ASO,ES,Federal Contract Tower,0,31,63,0,94,0,4,82,0,86,0,35,145,0,180,34,0,34,214
05/24/2008,JQF,NC,ASO,ES,Federal Contract Tower,0,5,38,0,43,0,263,94,8,365,0,268,132,8,408,62,0,62,470
05/25/2008,JQF,NC,ASO,ES,Federal Contract Tower,0,9,52,1,62,0,378,121,18,517,0,387,173,19,579,40,28,68,647
05/26/2008,JQF,NC,ASO,ES,Federal Contract Tower,0,6,43,0,49,0,16,87,3,106,0,22,130,3,155,14,0,14,169
05/27/2008,JQF,NC,ASO,ES,Federal Contract Tower,0,24,78,0,102,0,0,80,2,82,0,24,158,2,184,2,0,2,186
05/28/2008,JQF,NC,ASO,ES,Federal Contract Tower,1,31,50,0,82,0,0,22,0,22,1,31,72,0,104,8,0,8,112
05/29/2008,JQF,NC,ASO,ES,Federal Contract Tower,1,30,83,0,114,0,2,53,0,55,1,32,136,0,169,92,0,92,261
05/30/2008,JQF,NC,ASO,ES,Federal Contract Tower,0,28,46,0,74,0,6,61,0,67,0,34,107,0,141,126,0,126,267
05/31/2008,JQF,NC,ASO,ES,Federal Contract Tower,1,6,18,0,25,0,0,30,0,30,1,6,48,0,55,56,0,56,111
06/01/2008,JQF,NC,ASO,ES,Federal Contract Tower,4,2,39,0,45,0,1,72,0,73,4,3,111,0,118,66,0,66,184
06/02/2008,JQF,NC,ASO,ES,Federal Contract Tower,4,21,42,0,67,0,1,82,0,83,4,22,124,0,150,88,0,88,238
06/03/2008,JQF,NC,ASO,ES,Federal Contract Tower,1,26,49,0,76,0,2,78,0,80,1,28,127,0,156,40,0,40,196
06/04/2008,JQF,NC,ASO,ES,Federal Contract Tower,2,36,45,0,83,0,1,109,0,110,2,37,154,0,193,86,0,86,279
06/05/2008,JQF,NC,ASO,ES,Federal Contract Tower,0,33,74,0,107,0,1,90,2,93,0,34,164,2,200,16,0,16,216
06/06/2008,JQF,NC,ASO,ES,Federal Contract Tower,0,28,41,0,69,0,0,78,0,78,0,28,119,0,147,94,0,94,241
06/07/2008,JQF,NC,ASO,ES,Federal Contract Tower,4,8,21,0,33,0,0,65,0,65,4,8,86,0,98,93,2,95,193
06/08/2008,JQF,NC,ASO,ES,Federal Contract Tower,0,6,37,0,43,0,7,81,0,88,0,13,118,0,131,52,0,52,183
06/09/2008,JQF,NC,ASO,ES,Federal Contract Tower,1,23,45,0,69,0,2,57,6,65,1,25,102,6,134,82,0,82,216
06/10/2008,JQF,NC,ASO,ES,Federal Contract Tower,0,27,41,0,68,0,2,100,0,102,0,29,141,0,170,70,0,70,240
06/11/2008,JQF,NC,ASO,ES,Federal Contract Tower,5,39,76,4,124,0,9,81,3,93,5,48,157,7,217,64,0,64,281
06/12/2008,JQF,NC,ASO,ES,Federal Contract Tower,6,27,82,1,116,0,10,41,0,51,6,37,123,1,167,38,0,38,205
06/13/2008,JQF,NC,ASO,ES,Federal Contract Tower,1,27,49,0,77,0,1,92,0,93,1,28,141,0,170,109,0,109,279
06/14/2008,JQF,NC,ASO,ES,Federal Contract Tower,3,5,15,0,23,0,0,92,0,92,3,5,107,0,115,14,0,14,129
06/15/2008,JQF,NC,ASO,ES,Federal Contract Tower,4,8,46,0,58,0,0,59,0,59,4,8,105,0,117,52,0,52,169
06/16/2008,JQF,NC,ASO,ES,Federal Contract Tower,0,19,39,0,58,0,5,95,0,100,0,24,134,0,158,44,0,44,202
06/17/2008,JQF,NC,ASO,ES,Federal Contract Tower,1,23,46,0,70,0,2,52,2,56,1,25,98,2,126,60,0,60,186
06/18/2008,JQF,NC,ASO,ES,Federal Contract Tower,3,22,54,0,79,0,1,110,14,125,3,23,164,14,204,86,14,100,304
06/19/2008,JQF,NC,ASO,ES,Federal Contract Tower,5,21,69,0,95,0,2,105,0,107,5,23,174,0,202,82,0,82,284
06/20/2008,JQF,NC,ASO,ES,Federal Contract Tower,1,27,35,0,63,0,0,35,0,35,1,27,70,0,98,68,0,68,166
06/21/2008,JQF,NC,ASO,ES,Federal Contract Tower,0,3,21,0,24,0,2,50,0,52,0,5,71,0,76,40,0,40,116
06/22/2008,JQF,NC,ASO,ES,Federal Contract Tower,1,6,30,0,37,0,0,32,0,32,1,6,62,0,69,30,0,30,99
06/23/2008,JQF,NC,ASO,ES,Federal Contract Tower,1,27,48,0,76,4,9,9,0,22,5,36,57,0,98,30,0,30,128
06/24/2008,JQF,NC,ASO,ES,Federal Contract Tower,1,38,42,0,81,0,2,96,0,98,1,40,138,0,179,32,0,32,211
06/25/2008,JQF,NC,ASO,ES,Federal Contract Tower,2,32,57,0,91,0,6,78,1,85,2,38,135,1,176,74,0,74,250
06/26/2008,JQF,NC,ASO,ES,Federal Contract Tower,9,32,52,0,93,0,1,66,0,67,9,33,118,0,160,46,0,46,206
06/27/2008,JQF,NC,ASO,ES,Federal Contract Tower,1,26,31,0,58,0,1,55,0,56,1,27,86,0,114,14,0,14,128
06/28/2008,JQF,NC,ASO,ES,Federal Contract Tower,4,4,22,0,30,0,0,94,0,94,4,4,116,0,124,82,0,82,206
06/29/2008,JQF,NC,ASO,ES,Federal Contract Tower,2,2,33,0,37,0,0,42,0,42,2,2,75,0,79,20,0,20,99
06/30/2008,JQF,NC,ASO,ES,Federal Contract Tower,1,20,40,0,61,0,3,63,0,66,1,23,103,0,127,4,0,4,131
07/01/2008,JQF,NC,ASO,ES,Federal Contract Tower,1,24,67,0,92,0,0,74,0,74,1,24,141,0,166,12,0,12,178
07/02/2008,JQF,NC,ASO,ES,Federal Contract Tower,4,22,55,0,81,0,5,95,2,102,4,27,150,2,183,60,0,60,243
07/03/2008,JQF,NC,ASO,ES,Federal Contract Tower,0,21,49,0,70,0,2,80,0,82,0,23,129,0,152,54,0,54,206
07/04/2008,JQF,NC,ASO,ES,Federal Contract Tower,2,0,23,0,25,0,0,42,0,42,2,0,65,0,67,18,0,18,85
07/05/2008,JQF,NC,ASO,ES,Federal Contract Tower,0,5,28,0,33,0,0,34,0,34,0,5,62,0,67,22,0,22,89
07/06/2008,JQF,NC,ASO,ES,Federal Contract Tower,1,1,47,0,49,0,0,18,0,18,1,1,65,0,67,12,0,12,79
07/07/2008,JQF,NC,ASO,ES,Federal Contract Tower,2,26,43,0,71,0,0,19,0,19,2,26,62,0,90,26,0,26,116
07/08/2008,JQF,NC,ASO,ES,Federal Contract Tower,0,25,56,0,81,1,11,39,0,51,1,36,95,0,132,12,0,12,144
07/09/2008,JQF,NC,ASO,ES,Federal Contract Tower,7,34,56,0,97,0,0,41,0,41,7,34,97,0,138,50,0,50,188
07/10/2008,JQF,NC,ASO,ES,Federal Contract Tower,0,25,54,0,79,0,11,41,0,52,0,36,95,0,131,12,0,12,143
07/11/2008,JQF,NC,ASO,ES,Federal Contract Tower,1,28,55,0,84,0,0,32,0,32,1,28,87,0,116,47,0,47,163
07/12/2008,JQF,NC,ASO,ES,Federal Contract Tower,4,4,34,0,42,0,0,49,0,49,4,4,83,0,91,18,0,18,109
07/13/2008,JQF,NC,ASO,ES,Federal Contract Tower,5,7,35,0,47,0,3,62,0,65,5,10,97,0,112,68,0,68,180
07/14/2008,JQF,NC,ASO,ES,Federal Contract Tower,1,27,46,0,74,0,0,74,0,74,1,27,120,0,148,120,0,120,268
07/15/2008,JQF,NC,ASO,ES,Federal Contract Tower,0,27,41,0,68,0,1,103,2,106,0,28,144,2,174,30,0,30,204
07/16/2008,JQF,NC,ASO,ES,Federal Contract Tower,0,32,53,0,85,0,1,114,0,115,0,33,167,0,200,90,0,90,290
07/17/2008,JQF,NC,ASO,ES,Federal Contract Tower,0,28,49,0,77,0,3,76,0,79,0,31,125,0,156,6,0,6,162
07/18/2008,JQF,NC,ASO,ES,Federal Contract Tower,1,27,45,0,73,0,3,69,0,72,1,30,114,0,145,76,0,76,221
07/19/2008,JQF,NC,ASO,ES,Federal Contract Tower,3,1,21,0,25,0,1,40,0,41,3,2,61,0,66,12,0,12,78
07/20/2008,JQF,NC,ASO,ES,Federal Contract Tower,0,0,28,0,28,0,0,52,0,52,0,0,80,0,80,105,0,105,185
07/21/2008,JQF,NC,ASO,ES,Federal Contract Tower,0,24,48,0,72,0,0,55,0,55,0,24,103,0,127,24,0,24,151
07/22/2008,JQF,NC,ASO,ES,Federal Contract Tower,0,29,53,0,82,0,1,40,0,41,0,30,93,0,123,28,0,28,151
07/23/2008,JQF,NC,ASO,ES,Federal Contract Tower,4,27,51,0,82,0,0,36,0,36,4,27,87,0,118,18,0,18,136
07/24/2008,JQF,NC,ASO,ES,Federal Contract Tower,9,23,78,0,110,0,0,85,2,87,9,23,163,2,197,34,0,34,231
07/25/2008,JQF,NC,ASO,ES,Federal Contract Tower,1,28,42,0,71,0,1,77,0,78,1,29,119,0,149,79,0,79,228
07/26/2008,JQF,NC,ASO,ES,Federal Contract Tower,0,4,30,0,34,0,0,32,0,32,0,4,62,0,66,58,0,58,124
07/27/2008,JQF,NC,ASO,ES,Federal Contract Tower,4,4,50,0,58,0,0,52,0,52,4,4,102,0,110,20,0,20,130
07/28/2008,JQF,NC,ASO,ES,Federal Contract Tower,0,25,51,0,76,0,1,67,0,68,0,26,118,0,144,78,0,78,222
07/29/2008,JQF,NC,ASO,ES,Federal Contract Tower,1,24,56,0,81,0,1,68,0,69,1,25,124,0,150,28,0,28,178
07/30/2008,JQF,NC,ASO,ES,Federal Contract Tower,0,29,37,0,66,0,1,77,0,78,0,30,114,0,144,52,0,52,196
07/31/2008,JQF,NC,ASO,ES,Federal Contract Tower,6,34,54,0,94,0,0,35,0,35,6,34,89,0,129,14,0,14,143
08/01/2008,JQF,NC,ASO,ES,Federal Contract Tower,1,29,41,0,71,0,1,73,12,86,1,30,114,12,157,34,0,34,191
08/02/2008,JQF,NC,ASO,ES,Federal Contract Tower,1,3,15,0,19,0,3,49,0,52,1,6,64,0,71,30,0,30,101
08/03/2008,JQF,NC,ASO,ES,Federal Contract Tower,4,2,48,0,54,0,0,61,0,61,4,2,109,0,115,130,0,130,245
08/04/2008,JQF,NC,ASO,ES,Federal Contract Tower,0,19,30,0,49,0,1,49,0,50,0,20,79,0,99,26,0,26,125
08/05/2008,JQF,NC,ASO,ES,Federal Contract Tower,0,22,41,0,63,0,0,72,0,72,0,22,113,0,135,10,0,10,145
08/06/2008,JQF,NC,ASO,ES,Federal Contract Tower,0,24,51,0,75,0,0,64,0,64,0,24,115,0,139,34,0,34,173
08/07/2008,JQF,NC,ASO,ES,Federal Contract Tower,6,24,65,0,95,0,8,62,4,74,6,32,127,4,169,36,0,36,205
08/08/2008,JQF,NC,ASO,ES,Federal Contract Tower,1,23,40,0,64,0,4,78,0,82,1,27,118,0,146,50,0,50,196
08/09/2008,JQF,NC,ASO,ES,Federal Contract Tower,1,1,45,0,47,0,0,93,0,93,1,1,138,0,140,54,0,54,194
08/10/2008,JQF,NC,ASO,ES,Federal Contract Tower,5,2,41,0,48,0,0,41,0,41,5,2,82,0,89,18,0,18,107
08/11/2008,JQF,NC,ASO,ES,Federal Contract Tower,1,18,27,0,46,0,0,73,4,77,1,18,100,4,123,56,0,56,179
08/12/2008,JQF,NC,ASO,ES,Federal Contract Tower,0,22,61,0,83,0,4,70,2,76,0,26,131,2,159,16,0,16,175
08/13/2008,JQF,NC,ASO,ES,Federal Contract Tower,0,23,50,1,74,0,0,7,0,7,0,23,57,1,81,8,0,8,89
08/14/2008,JQF,NC,ASO,ES,Federal Contract Tower,7,27,71,0,105,0,2,72,0,74,7,29,143,0,179,4,0,4,183
08/15/2008,JQF,NC,ASO,ES,Federal Contract Tower,0,21,47,0,68,0,1,63,0,64,0,22,110,0,132,46,0,46,178
08/16/2008,JQF,NC,ASO,ES,Federal Contract Tower,2,9,34,0,45,0,2,84,0,86,2,11,118,0,131,68,0,68,199
08/17/2008,JQF,NC,ASO,ES,Federal Contract Tower,2,10,59,0,71,0,0,23,0,23,2,10,82,0,94,18,0,18,112
08/18/2008,JQF,NC,ASO,ES,Federal Contract Tower,0,19,42,0,61,0,1,65,4,70,0,20,107,4,131,30,0,30,161
08/19/2008,JQF,NC,ASO,ES,Federal Contract Tower,1,20,58,0,79,0,1,70,6,77,1,21,128,6,156,80,0,80,236
08/20/2008,JQF,NC,ASO,ES,Federal Contract Tower,0,26,65,0,91,0,0,78,0,78,0,26,143,0,169,50,2,52,221
08/21/2008,JQF,NC,ASO,ES,Federal Contract Tower,0,22,61,0,83,0,0,59,0,59,0,22,120,0,142,4,0,4,146
08/22/2008,JQF,NC,ASO,ES,Federal Contract Tower,0,23,41,0,64,0,0,47,0,47,0,23,88,0,111,44,0,44,155
08/23/2008,JQF,NC,ASO,ES,Federal Contract Tower,0,1,42,0,43,0,0,36,0,36,0,1,78,0,79,26,0,26,105
08/24/2008,JQF,NC,ASO,ES,Federal Contract Tower,7,1,29,0,37,0,0,71,0,71,7,1,100,0,108,133,0,133,241
08/25/2008,JQF,NC,ASO,ES,Federal Contract Tower,0,20,55,0,75,0,0,18,0,18,0,20,73,0,93,88,0,88,181
08/26/2008,JQF,NC,ASO,ES,Federal Contract Tower,1,20,50,0,71,0,0,0,0,0,1,20,50,0,71,0,0,0,71
08/27/2008,JQF,NC,ASO,ES,Federal Contract Tower,0,23,45,0,68,0,0,14,0,14,0,23,59,0,82,0,0,0,82
08/28/2008,JQF,NC,ASO,ES,Federal Contract Tower,3,30,55,0,88,0,0,32,0,32,3,30,87,0,120,6,0,6,126
08/29/2008,JQF,NC,ASO,ES,Federal Contract Tower,0,23,46,0,69,0,0,91,0,91,0,23,137,0,160,101,0,101,261
08/30/2008,JQF,NC,ASO,ES,Federal Contract Tower,1,0,39,0,40,0,2,92,0,94,1,2,131,0,134,78,0,78,212
08/31/2008,JQF,NC,ASO,ES,Federal Contract Tower,1,2,23,0,26,0,0,70,0,70,1,2,93,0,96,24,0,24,120
09/01/2008,JQF,NC,ASO,ES,Federal Contract Tower,4,5,41,0,50,0,4,88,0,92,4,9,129,0,142,112,0,112,254
09/02/2008,JQF,NC,ASO,ES,Federal Contract Tower,0,17,42,0,59,0,3,103,0,106,0,20,145,0,165,38,0,38,203
09/03/2008,JQF,NC,ASO,ES,Federal Contract Tower,2,22,43,0,67,0,0,88,3,91,2,22,131,3,158,108,0,108,266
09/04/2008,JQF,NC,ASO,ES,Federal Contract Tower,6,25,90,0,121,0,0,70,0,70,6,25,160,0,191,42,0,42,233
09/05/2008,JQF,NC,ASO,ES,Federal Contract Tower,2,17,37,0,56,0,0,38,0,38,2,17,75,0,94,52,0,52,146
09/06/2008,JQF,NC,ASO,ES,Federal Contract Tower,1,2,7,0,10,0,0,35,4,39,1,2,42,4,49,6,0,6,55
09/07/2008,JQF,NC,ASO,ES,Federal Contract Tower,6,7,46,0,59,0,0,69,0,69,6,7,115,0,128,79,0,79,207
09/08/2008,JQF,NC,ASO,ES,Federal Contract Tower,0,19,36,0,55,0,1,48,0,49,0,20,84,0,104,50,0,50,154
09/09/2008,JQF,NC,ASO,ES,Federal Contract Tower,0,21,62,0,83,0,0,14,0,14,0,21,76,0,97,52,0,52,149
09/10/2008,JQF,NC,ASO,ES,Federal Contract Tower,0,27,58,0,85,0,0,8,0,8,0,27,66,0,93,0,0,0,93
09/11/2008,JQF,NC,ASO,ES,Federal Contract Tower,6,27,66,0,99,0,0,0,0,0,6,27,66,0,99,0,0,0,99
09/12/2008,JQF,NC,ASO,ES,Federal Contract Tower,0,24,51,0,75,0,0,33,0,33,0,24,84,0,108,10,0,10,118
09/13/2008,JQF,NC,ASO,ES,Federal Contract Tower,2,8,37,0,47,0,0,73,0,73,2,8,110,0,120,86,0,86,206
09/14/2008,JQF,NC,ASO,ES,Federal Contract Tower,4,11,72,0,87,0,1,75,0,76,4,12,147,0,163,10,0,10,173
09/15/2008,JQF,NC,ASO,ES,Federal Contract Tower,0,14,38,0,52,0,0,45,2,47,0,14,83,2,99,50,0,50,149
09/16/2008,JQF,NC,ASO,ES,Federal Contract Tower,0,24,62,2,88,0,0,0,0,0,0,24,62,2,88,0,0,0,88
09/17/2008,JQF,NC,ASO,ES,Federal Contract Tower,0,22,47,1,70,0,1,66,2,69,0,23,113,3,139,54,0,54,193
09/18/2008,JQF,NC,ASO,ES,Federal Contract Tower,4,23,86,0,113,0,1,76,10,87,4,24,162,10,200,34,0,34,234
09/19/2008,JQF,NC,ASO,ES,Federal Contract Tower,0,23,53,0,76,0,0,55,0,55,0,23,108,0,131,24,0,24,155
09/20/2008,JQF,NC,ASO,ES,Federal Contract Tower,2,1,33,0,36,0,0,86,0,86,2,1,119,0,122,60,0,60,182
09/21/2008,JQF,NC,ASO,ES,Federal Contract Tower,5,4,66,2,77,0,0,79,2,81,5,4,145,4,158,60,0,60,218
09/22/2008,JQF,NC,ASO,ES,Federal Contract Tower,0,23,44,0,67,0,0,79,2,81,0,23,123,2,148,108,0,108,256
09/23/2008,JQF,NC,ASO,ES,Federal Contract Tower,0,22,55,0,77,0,1,87,0,88,0,23,142,0,165,25,0,25,190
09/24/2008,JQF,NC,ASO,ES,Federal Contract Tower,0,24,39,0,63,0,0,65,0,65,0,24,104,0,128,72,0,72,200
09/25/2008,JQF,NC,ASO,ES,Federal Contract Tower,7,21,67,0,95,0,0,10,0,10,7,21,77,0,105,20,0,20,125
09/26/2008,JQF,NC,ASO,ES,Federal Contract Tower,3,15,34,0,52,0,0,0,0,0,3,15,34,0,52,0,0,0,52
09/27/2008,JQF,NC,ASO,ES,Federal Contract Tower,2,9,29,0,40,0,0,8,0,8,2,9,37,0,48,0,0,0,48
09/28/2008,JQF,NC,ASO,ES,Federal Contract Tower,6,1,46,0,53,0,0,51,0,51,6,1,97,0,104,44,0,44,148
09/29/2008,JQF,NC,ASO,ES,Federal Contract Tower,0,15,33,0,48,0,0,81,0,81,0,15,114,0,129,46,0,46,175
09/30/2008,JQF,NC,ASO,ES,Federal Contract Tower,1,25,56,0,82,0,0,110,0,110,1,25,166,0,192,96,0,96,288
10/01/2008,JQF,NC,ASO,ES,Federal Contract Tower,0,15,65,0,80,0,0,83,0,83,0,15,148,0,163,38,0,38,201
10/02/2008,JQF,NC,ASO,ES,Federal Contract Tower,3,17,67,0,87,0,4,90,0,94,3,21,157,0,181,74,0,74,255
10/03/2008,JQF,NC,ASO,ES,Federal Contract Tower,0,29,47,0,76,0,0,76,0,76,0,29,123,0,152,0,0,0,152
10/04/2008,JQF,NC,ASO,ES,Federal Contract Tower,1,9,24,0,34,0,0,89,0,89,1,9,113,0,123,66,0,66,189
10/05/2008,JQF,NC,ASO,ES,Federal Contract Tower,5,1,56,0,62,0,0,103,0,103,5,1,159,0,165,40,0,40,205
10/06/2008,JQF,NC,ASO,ES,Federal Contract Tower,1,7,36,0,44,0,0,52,0,52,1,7,88,0,96,70,0,70,166
10/07/2008,JQF,NC,ASO,ES,Federal Contract Tower,1,18,56,0,75,0,0,57,2,59,1,18,113,2,134,10,0,10,144
10/08/2008,JQF,NC,ASO,ES,Federal Contract Tower,1,20,71,2,94,0,0,30,0,30,1,20,101,2,124,48,0,48,172
10/09/2008,JQF,NC,ASO,ES,Federal Contract Tower,1,19,73,2,95,0,0,7,2,9,1,19,80,4,104,0,0,0,104
10/10/2008,JQF,NC,ASO,ES,Federal Contract Tower,0,20,79,0,99,0,41,99,0,140,0,61,178,0,239,28,0,28,267
10/11/2008,JQF,NC,ASO,ES,Federal Contract Tower,1,4,60,0,65,0,338,98,9,445,1,342,158,9,510,80,0,80,590
10/12/2008,JQF,NC,ASO,ES,Federal Contract Tower,7,6,64,0,77,0,110,82,0,192,7,116,146,0,269,32,0,32,301
10/13/2008,JQF,NC,ASO,ES,Federal Contract Tower,0,8,45,0,53,0,8,87,0,95,0,16,132,0,148,68,0,68,216
10/14/2008,JQF,NC,ASO,ES,Federal Contract Tower,1,26,46,0,73,0,0,83,0,83,1,26,129,0,156,80,0,80,236
10/15/2008,JQF,NC,ASO,ES,Federal Contract Tower,0,25,26,0,51,0,2,84,4,90,0,27,110,4,141,24,0,24,165
10/16/2008,JQF,NC,ASO,ES,Federal Contract Tower,1,16,60,0,77,0,2,80,0,82,1,18,140,0,159,10,0,10,169
10/17/2008,JQF,NC,ASO,ES,Federal Contract Tower,0,19,55,0,74,0,0,12,0,12,0,19,67,0,86,0,0,0,86
10/18/2008,JQF,NC,ASO,ES,Federal Contract Tower,0,3,20,0,23,0,0,49,0,49,0,3,69,0,72,35,0,35,107
10/19/2008,JQF,NC,ASO,ES,Federal Contract Tower,4,7,29,0,40,0,0,88,0,88,4,7,117,0,128,115,0,115,243
10/20/2008,JQF,NC,ASO,ES,Federal Contract Tower,0,17,61,0,78,0,0,68,0,68,0,17,129,0,146,66,0,66,212
10/21/2008,JQF,NC,ASO,ES,Federal Contract Tower,1,28,49,0,78,0,0,63,0,63,1,28,112,0,141,110,0,110,251
10/22/2008,JQF,NC,ASO,ES,Federal Contract Tower,1,22,42,0,65,0,12,89,0,101,1,34,131,0,166,70,0,70,236
10/23/2008,JQF,NC,ASO,ES,Federal Contract Tower,3,19,79,0,101,0,0,54,0,54,3,19,133,0,155,16,0,16,171
10/24/2008,JQF,NC,ASO,ES,Federal Contract Tower,0,25,44,0,69,0,0,6,0,6,0,25,50,0,75,0,0,0,75
10/25/2008,JQF,NC,ASO,ES,Federal Contract Tower,1,3,44,0,48,0,0,18,0,18,1,3,62,0,66,56,0,56,122
10/26/2008,JQF,NC,ASO,ES,Federal Contract Tower,4,4,70,0,78,0,0,95,0,95,4,4,165,0,173,86,0,86,259
10/27/2008,JQF,NC,ASO,ES,Federal Contract Tower,0,18,27,0,45,0,0,55,0,55,0,18,82,0,100,12,0,12,112
10/28/2008,JQF,NC,ASO,ES,Federal Contract Tower,0,18,41,0,59,0,4,43,0,47,0,22,84,0,106,8,0,8,114
10/29/2008,JQF,NC,ASO,ES,Federal Contract Tower,3,24,43,0,70,0,2,72,1,75,3,26,115,1,145,94,0,94,239
10/30/2008,JQF,NC,ASO,ES,Federal Contract Tower,7,19,86,1,113,0,5,61,0,66,7,24,147,1,179,38,0,38,217
10/31/2008,JQF,NC,ASO,ES,Federal Contract Tower,0,18,27,0,45,0,0,69,0,69,0,18,96,0,114,29,0,29,143
11/01/2008,JQF,NC,ASO,ES,Federal Contract Tower,3,1,19,0,23,0,0,102,4,106,3,1,121,4,129,46,0,46,175
11/02/2008,JQF,NC,ASO,ES,Federal Contract Tower,0,0,25,0,25,0,0,89,0,89,0,0,114,0,114,42,0,42,156
11/03/2008,JQF,NC,ASO,ES,Federal Contract Tower,0,19,48,0,67,0,6,23,0,29,0,25,71,0,96,62,0,62,158
11/04/2008,JQF,NC,ASO,ES,Federal Contract Tower,0,20,38,0,58,0,0,19,1,20,0,20,57,1,78,32,0,32,110
11/05/2008,JQF,NC,ASO,ES,Federal Contract Tower,0,18,54,0,72,0,0,77,0,77,0,18,131,0,149,130,0,130,279
11/06/2008,JQF,NC,ASO,ES,Federal Contract Tower,0,22,45,0,67,0,5,62,0,67,0,27,107,0,134,82,0,82,216
11/07/2008,JQF,NC,ASO,ES,Federal Contract Tower,0,20,38,0,58,0,1,70,2,73,0,21,108,2,131,64,0,64,195
11/08/2008,JQF,NC,ASO,ES,Federal Contract Tower,0,7,11,0,18,0,0,68,0,68,0,7,79,0,86,6,0,6,92
11/09/2008,JQF,NC,ASO,ES,Federal Contract Tower,0,4,24,0,28,0,0,80,0,80,0,4,104,0,108,108,0,108,216
11/10/2008,JQF,NC,ASO,ES,Federal Contract Tower,1,14,42,0,57,0,0,65,0,65,1,14,107,0,122,114,0,114,236
11/11/2008,JQF,NC,ASO,ES,Federal Contract Tower,0,2,44,0,46,0,1,117,0,118,0,3,161,0,164,86,0,86,250
11/12/2008,JQF,NC,ASO,ES,Federal Contract Tower,0,21,43,0,64,0,7,46,28,81,0,28,89,28,145,36,0,36,181
11/13/2008,JQF,NC,ASO,ES,Federal Contract Tower,5,27,75,0,107,0,0,0,0,0,5,27,75,0,107,0,0,0,107
11/14/2008,JQF,NC,ASO,ES,Federal Contract Tower,2,17,37,0,56,0,0,0,0,0,2,17,37,0,56,0,0,0,56
11/15/2008,JQF,NC,ASO,ES,Federal Contract Tower,0,4,25,0,29,0,0,9,0,9,0,4,34,0,38,10,0,10,48
11/16/2008,JQF,NC,ASO,ES,Federal Contract Tower,5,7,51,0,63,0,0,67,0,67,5,7,118,0,130,24,0,24,154
11/17/2008,JQF,NC,ASO,ES,Federal Contract Tower,2,17,57,0,76,0,0,43,0,43,2,17,100,0,119,28,0,28,147
11/18/2008,JQF,NC,ASO,ES,Federal Contract Tower,0,24,38,0,62,0,7,38,0,45,0,31,76,0,107,0,0,0,107
11/19/2008,JQF,NC,ASO,ES,Federal Contract Tower,0,24,44,0,68,0,2,111,0,113,0,26,155,0,181,66,0,66,247
11/20/2008,JQF,NC,ASO,ES,Federal Contract Tower,1,23,38,0,62,0,1,87,2,90,1,24,125,2,152,40,0,40,192
11/21/2008,JQF,NC,ASO,ES,Federal Contract Tower,0,23,36,0,59,0,0,29,0,29,0,23,65,0,88,52,0,52,140
11/22/2008,JQF,NC,ASO,ES,Federal Contract Tower,0,4,16,0,20,0,0,65,0,65,0,4,81,0,85,60,0,60,145
11/23/2008,JQF,NC,ASO,ES,Federal Contract Tower,0,0,25,0,25,0,0,83,0,83,0,0,108,0,108,130,0,130,238
11/24/2008,JQF,NC,ASO,ES,Federal Contract Tower,0,17,22,0,39,0,2,29,0,31,0,19,51,0,70,30,0,30,100
11/25/2008,JQF,NC,ASO,ES,Federal Contract Tower,0,21,40,0,61,0,2,44,0,46,0,23,84,0,107,22,0,22,129
11/26/2008,JQF,NC,ASO,ES,Federal Contract Tower,0,26,27,0,53,0,0,68,0,68,0,26,95,0,121,28,0,28,149
11/27/2008,JQF,NC,ASO,ES,Federal Contract Tower,0,2,12,0,14,0,0,35,0,35,0,2,47,0,49,12,0,12,61
11/28/2008,JQF,NC,ASO,ES,Federal Contract Tower,0,17,7,0,24,0,0,46,0,46,0,17,53,0,70,24,0,24,94
11/29/2008,JQF,NC,ASO,ES,Federal Contract Tower,0,4,17,0,21,0,0,12,0,12,0,4,29,0,33,28,0,28,61
11/30/2008,JQF,NC,ASO,ES,Federal Contract Tower,1,3,30,0,34,0,0,0,0,0,1,3,30,0,34,0,0,0,34
12/01/2008,JQF,NC,ASO,ES,Federal Contract Tower,0,13,28,0,41,0,0,26,0,26,0,13,54,0,67,2,0,2,69
12/02/2008,JQF,NC,ASO,ES,Federal Contract Tower,1,23,36,0,60,0,4,53,0,57,1,27,89,0,117,32,0,32,149
12/03/2008,JQF,NC,ASO,ES,Federal Contract Tower,0,19,35,0,54,0,0,82,0,82,0,19,117,0,136,24,0,24,160
12/04/2008,JQF,NC,ASO,ES,Federal Contract Tower,0,16,49,0,65,0,0,47,2,49,0,16,96,2,114,26,0,26,140
12/05/2008,JQF,NC,ASO,ES,Federal Contract Tower,0,21,30,0,51,0,0,44,0,44,0,21,74,0,95,32,0,32,127
12/06/2008,JQF,NC,ASO,ES,Federal Contract Tower,0,6,32,0,38,0,0,52,0,52,0,6,84,0,90,184,0,184,274
12/07/2008,JQF,NC,ASO,ES,Federal Contract Tower,0,3,15,0,18,0,0,62,0,62,0,3,77,0,80,112,0,112,192
12/08/2008,JQF,NC,ASO,ES,Federal Contract Tower,0,16,40,0,56,0,2,72,1,75,0,18,112,1,131,70,0,70,201
12/09/2008,JQF,NC,ASO,ES,Federal Contract Tower,0,17,50,0,67,0,0,54,0,54,0,17,104,0,121,60,0,60,181
12/10/2008,JQF,NC,ASO,ES,Federal Contract Tower,0,20,46,0,66,0,0,0,0,0,0,20,46,0,66,0,0,0,66
12/11/2008,JQF,NC,ASO,ES,Federal Contract Tower,0,16,30,0,46,0,0,1,0,1,0,16,31,0,47,2,0,2,49
12/12/2008,JQF,NC,ASO,ES,Federal Contract Tower,0,24,45,0,69,0,0,53,3,56,0,24,98,3,125,50,0,50,175
12/13/2008,JQF,NC,ASO,ES,Federal Contract Tower,0,2,25,0,27,0,0,95,0,95,0,2,120,0,122,92,0,92,214
12/14/2008,JQF,NC,ASO,ES,Federal Contract Tower,1,4,30,0,35,0,0,64,0,64,1,4,94,0,99,74,0,74,173
12/15/2008,JQF,NC,ASO,ES,Federal Contract Tower,0,15,34,0,49,0,0,52,0,52,0,15,86,0,101,38,0,38,139
12/16/2008,JQF,NC,ASO,ES,Federal Contract Tower,0,20,53,0,73,0,0,0,0,0,0,20,53,0,73,0,0,0,73
12/17/2008,JQF,NC,ASO,ES,Federal Contract Tower,0,16,42,0,58,0,0,0,0,0,0,16,42,0,58,0,0,0,58
12/18/2008,JQF,NC,ASO,ES,Federal Contract Tower,0,15,52,0,67,0,0,0,0,0,0,15,52,0,67,0,0,0,67
12/19/2008,JQF,NC,ASO,ES,Federal Contract Tower,0,25,24,0,49,0,1,19,0,20,0,26,43,0,69,16,0,16,85
12/20/2008,JQF,NC,ASO,ES,Federal Contract Tower,0,3,33,0,36,0,1,29,0,30,0,4,62,0,66,48,0,48,114
12/21/2008,JQF,NC,ASO,ES,Federal Contract Tower,0,2,14,0,16,0,0,25,0,25,0,2,39,0,41,0,0,0,41
12/22/2008,JQF,NC,ASO,ES,Federal Contract Tower,0,11,27,0,38,0,0,64,0,64,0,11,91,0,102,0,0,0,102
12/23/2008,JQF,NC,ASO,ES,Federal Contract Tower,0,18,31,0,49,0,0,80,0,80,0,18,111,0,129,60,0,60,189
12/24/2008,JQF,NC,ASO,ES,Federal Contract Tower,0,15,18,0,33,0,0,24,0,24,0,15,42,0,57,48,0,48,105
12/25/2008,JQF,NC,ASO,ES,Federal Contract Tower,0,6,10,0,16,0,0,28,0,28,0,6,38,0,44,34,0,34,78
12/26/2008,JQF,NC,ASO,ES,Federal Contract Tower,0,19,23,0,42,0,0,24,0,24,0,19,47,0,66,32,0,32,98
12/27/2008,JQF,NC,ASO,ES,Federal Contract Tower,1,0,9,0,10,0,0,0,0,0,1,0,9,0,10,0,0,0,10
12/28/2008,JQF,NC,ASO,ES,Federal Contract Tower,0,4,28,0,32,0,0,0,0,0,0,4,28,0,32,0,0,0,32
12/29/2008,JQF,NC,ASO,ES,Federal Contract Tower,0,15,27,0,42,0,0,78,0,78,0,15,105,0,120,58,0,58,178
12/30/2008,JQF,NC,ASO,ES,Federal Contract Tower,0,11,21,0,32,0,0,158,0,158,0,11,179,0,190,68,0,68,258
12/31/2008,JQF,NC,ASO,ES,Federal Contract Tower,0,17,18,0,35,0,0,32,0,32,0,17,50,0,67,24,0,24,91
01/01/2009,JQF,NC,ASO,ES,Federal Contract Tower,0,1,14,0,15,0,1,69,0,70,0,2,83,0,85,70,0,70,155
01/02/2009,JQF,NC,ASO,ES,Federal Contract Tower,0,17,23,0,40,0,0,17,0,17,0,17,40,0,57,20,0,20,77
01/03/2009,JQF,NC,ASO,ES,Federal Contract Tower,0,4,31,0,35,0,0,10,0,10,0,4,41,0,45,16,0,16,61
01/04/2009,JQF,NC,ASO,ES,Federal Contract Tower,0,2,31,0,33,0,0,6,0,6,0,2,37,0,39,0,0,0,39
01/05/2009,JQF,NC,ASO,ES,Federal Contract Tower,0,13,29,0,42,0,0,12,0,12,0,13,41,0,54,4,0,4,58
01/06/2009,JQF,NC,ASO,ES,Federal Contract Tower,0,10,27,0,37,0,0,0,0,0,0,10,27,0,37,0,0,0,37
01/07/2009,JQF,NC,ASO,ES,Federal Contract Tower,0,23,23,0,46,0,3,2,0,5,0,26,25,0,51,0,0,0,51
01/08/2009,JQF,NC,ASO,ES,Federal Contract Tower,0,14,39,0,53,0,0,62,0,62,0,14,101,0,115,4,0,4,119
01/09/2009,JQF,NC,ASO,ES,Federal Contract Tower,0,24,28,0,52,0,2,114,0,116,0,26,142,0,168,58,0,58,226
01/10/2009,JQF,NC,ASO,ES,Federal Contract Tower,0,3,20,0,23,0,0,54,0,54,0,3,74,0,77,46,0,46,123
01/11/2009,JQF,NC,ASO,ES,Federal Contract Tower,0,2,21,0,23,0,0,66,0,66,0,2,87,0,89,40,0,40,129
01/12/2009,JQF,NC,ASO,ES,Federal Contract Tower,0,13,24,0,37,0,1,45,0,46,0,14,69,0,83,20,0,20,103
01/13/2009,JQF,NC,ASO,ES,Federal Contract Tower,0,18,30,0,48,0,1,52,0,53,0,19,82,0,101,44,0,44,145
01/14/2009,JQF,NC,ASO,ES,Federal Contract Tower,0,14,35,0,49,0,0,77,0,77,0,14,112,0,126,16,0,16,142
01/15/2009,JQF,NC,ASO,ES,Federal Contract Tower,0,17,40,0,57,0,1,59,0,60,0,18,99,0,117,48,0,48,165
01/16/2009,JQF,NC,ASO,ES,Federal Contract Tower,0,20,32,0,52,0,0,57,0,57,0,20,89,0,109,52,0,52,161
01/17/2009,JQF,NC,ASO,ES,Federal Contract Tower,0,3,22,0,25,0,0,54,0,54,0,3,76,0,79,36,0,36,115
01/18/2009,JQF,NC,ASO,ES,Federal Contract Tower,0,2,17,0,19,0,0,16,0,16,0,2,33,0,35,38,0,38,73
01/19/2009,JQF,NC,ASO,ES,Federal Contract Tower,0,7,33,0,40,0,0,40,0,40,0,7,73,0,80,44,0,44,124
01/20/2009,JQF,NC,ASO,ES,Federal Contract Tower,0,15,20,0,35,0,0,14,0,14,0,15,34,0,49,0,0,0,49
01/21/2009,JQF,NC,ASO,ES,Federal Contract Tower,0,16,54,0,70,0,1,75,0,76,0,17,129,0,146,20,0,20,166
01/22/2009,JQF,NC,ASO,ES,Federal Contract Tower,0,16,48,0,64,0,0,81,4,85,0,16,129,4,149,60,0,60,209
01/23/2009,JQF,NC,ASO,ES,Federal Contract Tower,0,27,30,0,57,0,0,96,0,96,0,27,126,0,153,109,0,109,262
01/24/2009,JQF,NC,ASO,ES,Federal Contract Tower,0,0,20,0,20,0,0,83,0,83,0,0,103,0,103,76,0,76,179
01/25/2009,JQF,NC,ASO,ES,Federal Contract Tower,0,2,32,0,34,0,1,49,0,50,0,3,81,0,84,86,0,86,170
01/26/2009,JQF,NC,ASO,ES,Federal Contract Tower,0,19,34,0,53,0,0,32,0,32,0,19,66,0,85,6,0,6,91
01/27/2009,JQF,NC,ASO,ES,Federal Contract Tower,0,16,28,0,44,0,0,5,0,5,0,16,33,0,49,48,0,48,97
01/28/2009,JQF,NC,ASO,ES,Federal Contract Tower,0,18,42,0,60,0,0,0,0,0,0,18,42,0,60,0,0,0,60
01/29/2009,JQF,NC,ASO,ES,Federal Contract Tower,0,15,39,0,54,0,1,83,0,84,0,16,122,0,138,76,0,76,214
01/30/2009,JQF,NC,ASO,ES,Federal Contract Tower,0,18,33,0,51,0,0,61,0,61,0,18,94,0,112,20,0,20,132
01/31/2009,JQF,NC,ASO,ES,Federal Contract Tower,0,1,17,0,18,0,1,99,0,100,0,2,116,0,118,122,0,122,240
02/01/2009,JQF,NC,ASO,ES,Federal Contract Tower,0,0,12,0,12,0,0,49,2,51,0,0,61,2,63,105,0,105,168
02/02/2009,JQF,NC,ASO,ES,Federal Contract Tower,2,15,25,0,42,0,0,42,0,42,2,15,67,0,84,0,0,0,84
02/03/2009,JQF,NC,ASO,ES,Federal Contract Tower,2,18,39,0,59,0,0,109,0,109,2,18,148,0,168,66,0,66,234
02/04/2009,JQF,NC,ASO,ES,Federal Contract Tower,2,16,33,0,51,0,0,26,0,26,2,16,59,0,77,40,0,40,117
02/05/2009,JQF,NC,ASO,ES,Federal Contract Tower,1,16,60,0,77,0,0,77,1,78,1,16,137,1,155,40,0,40,195
02/06/2009,JQF,NC,ASO,ES,Federal Contract Tower,1,21,31,0,53,0,6,91,0,97,1,27,122,0,150,96,0,96,246
02/07/2009,JQF,NC,ASO,ES,Federal Contract Tower,1,3,38,0,42,0,0,146,0,146,1,3,184,0,188,28,0,28,216
02/08/2009,JQF,NC,ASO,ES,Federal Contract Tower,0,0,33,0,33,0,0,107,0,107,0,0,140,0,140,124,0,124,264
02/09/2009,JQF,NC,ASO,ES,Federal Contract Tower,4,12,30,1,47,0,0,82,1,83,4,12,112,2,130,44,0,44,174
02/10/2009,JQF,NC,ASO,ES,Federal Contract Tower,0,17,40,0,57,0,0,63,0,63,0,17,103,0,120,52,0,52,172
02/11/2009,JQF,NC,ASO,ES,Federal Contract Tower,0,11,37,0,48,0,0,15,0,15,0,11,52,0,63,20,0,20,83
02/12/2009,JQF,NC,ASO,ES,Federal Contract Tower,2,18,41,0,61,0,0,27,0,27,2,18,68,0,88,12,0,12,100
02/13/2009,JQF,NC,ASO,ES,Federal Contract Tower,1,17,37,0,55,0,0,78,0,78,1,17,115,0,133,58,0,58,191
02/14/2009,JQF,NC,ASO,ES,Federal Contract Tower,3,3,32,0,38,0,0,30,0,30,3,3,62,0,68,28,0,28,96
02/15/2009,JQF,NC,ASO,ES,Federal Contract Tower,4,0,51,0,55,0,0,60,0,60,4,0,111,0,115,82,0,82,197
02/16/2009,JQF,NC,ASO,ES,Federal Contract Tower,0,5,38,0,43,0,0,47,0,47,0,5,85,0,90,2,0,2,92
02/17/2009,JQF,NC,ASO,ES,Federal Contract Tower,0,13,33,0,46,0,0,71,0,71,0,13,104,0,117,60,0,60,177
02/18/2009,JQF,NC,ASO,ES,Federal Contract Tower,2,13,27,0,42,0,0,0,0,0,2,13,27,0,42,0,0,0,42
02/19/2009,JQF,NC,ASO,ES,Federal Contract Tower,2,20,43,0,65,0,0,45,0,45,2,20,88,0,110,8,0,8,118
02/20/2009,JQF,NC,ASO,ES,Federal Contract Tower,0,20,24,0,44,0,0,77,0,77,0,20,101,0,121,78,0,78,199
02/21/2009,JQF,NC,ASO,ES,Federal Contract Tower,0,5,22,0,27,0,0,90,0,90,0,5,112,0,117,146,0,146,263
02/22/2009,JQF,NC,ASO,ES,Federal Contract Tower,0,9,14,0,23,0,0,24,0,24,0,9,38,0,47,24,0,24,71
02/23/2009,JQF,NC,ASO,ES,Federal Contract Tower,0,12,29,0,41,0,0,74,0,74,0,12,103,0,115,34,0,34,149
02/24/2009,JQF,NC,ASO,ES,Federal Contract Tower,1,23,47,1,72,0,0,85,0,85,1,23,132,1,157,74,0,74,231
02/25/2009,JQF,NC,ASO,ES,Federal Contract Tower,1,19,25,0,45,0,0,60,0,60,1,19,85,0,105,50,0,50,155
02/26/2009,JQF,NC,ASO,ES,Federal Contract Tower,0,17,49,0,66,0,0,44,2,46,0,17,93,2,112,30,0,30,142
02/27/2009,JQF,NC,ASO,ES,Federal Contract Tower,1,20,13,0,34,0,5,10,0,15,1,25,23,0,49,0,0,0,49
02/28/2009,JQF,NC,ASO,ES,Federal Contract Tower,0,2,7,0,9,0,0,0,0,0,0,2,7,0,9,0,0,0,9
03/01/2009,JQF,NC,ASO,ES,Federal Contract Tower,0,0,5,0,5,0,0,0,0,0,0,0,5,0,5,0,0,0,5
03/02/2009,JQF,NC,ASO,ES,Federal Contract Tower,2,14,24,0,40,0,0,15,2,17,2,14,39,2,57,0,0,0,57
03/03/2009,JQF,NC,ASO,ES,Federal Contract Tower,1,20,37,0,58,0,0,48,0,48,1,20,85,0,106,60,0,60,166
03/04/2009,JQF,NC,ASO,ES,Federal Contract Tower,1,17,36,0,54,0,0,80,0,80,1,17,116,0,134,2,0,2,136
03/05/2009,JQF,NC,ASO,ES,Federal Contract Tower,3,21,45,0,69,0,0,76,0,76,3,21,121,0,145,8,0,8,153
03/06/2009,JQF,NC,ASO,ES,Federal Contract Tower,0,16,22,0,38,0,1,54,0,55,0,17,76,0,93,28,0,28,121
03/07/2009,JQF,NC,ASO,ES,Federal Contract Tower,1,5,22,0,28,0,0,110,0,110,1,5,132,0,138,100,0,100,238
03/08/2009,JQF,NC,ASO,ES,Federal Contract Tower,3,0,45,0,48,0,1,70,0,71,3,1,115,0,119,24,0,24,143
03/09/2009,JQF,NC,ASO,ES,Federal Contract Tower,0,17,21,0,38,0,0,79,0,79,0,17,100,0,117,104,0,104,221
03/10/2009,JQF,NC,ASO,ES,Federal Contract Tower,0,16,39,0,55,0,0,94,0,94,0,16,133,0,149,128,0,128,277
03/11/2009,JQF,NC,ASO,ES,Federal Contract Tower,0,23,47,0,70,0,4,59,0,63,0,27,106,0,133,126,0,126,259
03/12/2009,JQF,NC,ASO,ES,Federal Contract Tower,0,15,33,0,48,0,1,43,0,44,0,16,76,0,92,24,0,24,116
03/13/2009,JQF,NC,ASO,ES,Federal Contract Tower,1,11,31,0,43,0,0,0,0,0,1,11,31,0,43,0,0,0,43
03/14/2009,JQF,NC,ASO,ES,Federal Contract Tower,0,1,19,0,20,0,0,0,0,0,0,1,19,0,20,0,0,0,20
03/15/2009,JQF,NC,ASO,ES,Federal Contract Tower,1,0,19,0,20,0,0,0,0,0,1,0,19,0,20,0,0,0,20
03/16/2009,JQF,NC,ASO,ES,Federal Contract Tower,2,14,26,0,42,0,0,0,0,0,2,14,26,0,42,0,0,0,42
03/17/2009,JQF,NC,ASO,ES,Federal Contract Tower,0,15,48,0,63,0,0,34,0,34,0,15,82,0,97,52,0,52,149
03/18/2009,JQF,NC,ASO,ES,Federal Contract Tower,0,16,50,0,66,0,0,77,0,77,0,16,127,0,143,140,0,140,283
03/19/2009,JQF,NC,ASO,ES,Federal Contract Tower,1,16,59,0,76,0,0,70,0,70,1,16,129,0,146,8,0,8,154
03/20/2009,JQF,NC,ASO,ES,Federal Contract Tower,0,15,32,0,47,0,0,90,0,90,0,15,122,0,137,4,0,4,141
03/21/2009,JQF,NC,ASO,ES,Federal Contract Tower,0,1,30,0,31,0,0,118,0,118,0,1,148,0,149,54,0,54,203
03/22/2009,JQF,NC,ASO,ES,Federal Contract Tower,1,0,33,0,34,0,0,108,0,108,1,0,141,0,142,96,0,96,238
03/23/2009,JQF,NC,ASO,ES,Federal Contract Tower,0,12,41,0,53,0,0,55,0,55,0,12,96,0,108,52,0,52,160
03/24/2009,JQF,NC,ASO,ES,Federal Contract Tower,0,16,42,0,58,0,0,84,0,84,0,16,126,0,142,100,0,100,242
03/25/2009,JQF,NC,ASO,ES,Federal Contract Tower,1,14,47,0,62,0,0,2,0,2,1,14,49,0,64,0,0,0,64
03/26/2009,JQF,NC,ASO,ES,Federal Contract Tower,0,18,36,0,54,0,0,0,0,0,0,18,36,0,54,0,0,0,54
03/27/2009,JQF,NC,ASO,ES,Federal Contract Tower,2,18,36,0,56,0,0,0,0,0,2,18,36,0,56,0,0,0,56
03/28/2009,JQF,NC,ASO,ES,Federal Contract Tower,0,2,7,0,9,0,0,0,0,0,0,2,7,0,9,0,0,0,9
03/29/2009,JQF,NC,ASO,ES,Federal Contract Tower,0,0,25,0,25,0,0,24,0,24,0,0,49,0,49,0,0,0,49
03/30/2009,JQF,NC,ASO,ES,Federal Contract Tower,0,13,41,0,54,0,0,99,0,99,0,13,140,0,153,62,0,62,215
03/31/2009,JQF,NC,ASO,ES,Federal Contract Tower,0,14,59,2,75,0,0,85,0,85,0,14,144,2,160,50,0,50,210
04/01/2009,JQF,NC,ASO,ES,Federal Contract Tower,3,15,50,0,68,0,0,2,0,2,3,15,52,0,70,0,0,0,70
04/02/2009,JQF,NC,ASO,ES,Federal Contract Tower,5,21,56,0,82,0,0,0,0,0,5,21,56,0,82,0,0,0,82
04/03/2009,JQF,NC,ASO,ES,Federal Contract Tower,1,21,28,0,50,0,0,31,0,31,1,21,59,0,81,0,0,0,81
04/04/2009,JQF,NC,ASO,ES,Federal Contract Tower,2,4,38,0,44,0,1,91,0,92,2,5,129,0,136,54,0,54,190
04/05/2009,JQF,NC,ASO,ES,Federal Contract Tower,5,4,44,0,53,0,0,65,0,65,5,4,109,0,118,26,0,26,144
04/06/2009,JQF,NC,ASO,ES,Federal Contract Tower,0,17,38,0,55,0,0,28,3,31,0,17,66,3,86,0,0,0,86
04/07/2009,JQF,NC,ASO,ES,Federal Contract Tower,1,12,34,0,47,0,0,11,0,11,1,12,45,0,58,0,0,0,58
04/08/2009,JQF,NC,ASO,ES,Federal Contract Tower,0,16,51,0,67,0,0,92,0,92,0,16,143,0,159,38,0,38,197
04/09/2009,JQF,NC,ASO,ES,Federal Contract Tower,2,16,41,0,59,0,0,121,8,129,2,16,162,8,188,54,0,54,242
04/10/2009,JQF,NC,ASO,ES,Federal Contract Tower,0,20,37,0,57,0,0,21,0,21,0,20,58,0,78,0,0,0,78
04/11/2009,JQF,NC,ASO,ES,Federal Contract Tower,2,2,28,0,32,0,0,68,0,68,2,2,96,0,100,48,0,48,148
04/12/2009,JQF,NC,ASO,ES,Federal Contract Tower,0,0,10,0,10,0,0,76,0,76,0,0,86,0,86,38,0,38,124
04/13/2009,JQF,NC,ASO,ES,Federal Contract Tower,0,14,37,0,51,0,0,25,0,25,0,14,62,0,76,0,0,0,76
04/14/2009,JQF,NC,ASO,ES,Federal Contract Tower,0,18,38,0,56,0,0,8,0,8,0,18,46,0,64,38,0,38,102
04/15/2009,JQF,NC,ASO,ES,Federal Contract Tower,0,20,54,0,74,0,0,141,0,141,0,20,195,0,215,138,0,138,353
04/16/2009,JQF,NC,ASO,ES,Federal Contract Tower,4,25,42,0,71,0,0,195,0,195,4,25,237,0,266,26,0,26,292
04/17/2009,JQF,NC,ASO,ES,Federal Contract Tower,0,21,26,0,47,0,0,197,0,197,0,21,223,0,244,64,0,64,308
04/18/2009,JQF,NC,ASO,ES,Federal Contract Tower,0,4,20,0,24,0,0,153,0,153,0,4,173,0,177,78,0,78,255
04/19/2009,JQF,NC,ASO,ES,Federal Contract Tower,1,2,30,0,33,0,0,48,0,48,1,2,78,0,81,6,0,6,87
04/20/2009,JQF,NC,ASO,ES,Federal Contract Tower,0,13,36,0,49,0,0,14,0,14,0,13,50,0,63,2,0,2,65
04/21/2009,JQF,NC,ASO,ES,Federal Contract Tower,0,18,45,0,63,0,0,71,0,71,0,18,116,0,134,4,0,4,138
04/22/2009,JQF,NC,ASO,ES,Federal Contract Tower,3,20,51,0,74,0,0,44,0,44,3,20,95,0,118,0,0,0,118
04/23/2009,JQF,NC,ASO,ES,Federal Contract Tower,8,19,45,0,72,0,0,74,2,76,8,19,119,2,148,58,0,58,206
04/24/2009,JQF,NC,ASO,ES,Federal Contract Tower,0,25,41,0,66,0,0,106,0,106,0,25,147,0,172,100,0,100,272
04/25/2009,JQF,NC,ASO,ES,Federal Contract Tower,2,2,41,0,45,0,0,95,0,95,2,2,136,0,140,45,0,45,185
04/26/2009,JQF,NC,ASO,ES,Federal Contract Tower,5,2,54,0,61,0,0,105,0,105,5,2,159,0,166,100,0,100,266
04/27/2009,JQF,NC,ASO,ES,Federal Contract Tower,2,18,30,0,50,0,0,56,0,56,2,18,86,0,106,50,0,50,156
04/28/2009,JQF,NC,ASO,ES,Federal Contract Tower,0,19,36,0,55,0,0,81,0,81,0,19,117,0,136,6,0,6,142
04/29/2009,JQF,NC,ASO,ES,Federal Contract Tower,1,18,44,0,63,0,0,105,0,105,1,18,149,0,168,44,0,44,212
04/30/2009,JQF,NC,ASO,ES,Federal Contract Tower,5,22,88,0,115,0,0,35,0,35,5,22,123,0,150,32,0,32,182
05/01/2009,JQF,NC,ASO,ES,Federal Contract Tower,2,20,56,0,78,0,0,28,0,28,2,20,84,0,106,28,0,28,134
05/02/2009,JQF,NC,ASO,ES,Federal Contract Tower,3,2,32,0,37,0,0,128,0,128,3,2,160,0,165,122,0,122,287
05/03/2009,JQF,NC,ASO,ES,Federal Contract Tower,2,4,35,0,41,0,0,27,0,27,2,4,62,0,68,8,0,8,76
05/04/2009,JQF,NC,ASO,ES,Federal Contract Tower,0,18,21,0,39,0,0,32,0,32,0,18,53,0,71,2,0,2,73
05/05/2009,JQF,NC,ASO,ES,Federal Contract Tower,0,19,53,0,72,0,0,0,0,0,0,19,53,0,72,0,0,0,72
05/06/2009,JQF,NC,ASO,ES,Federal Contract Tower,0,20,38,1,59,0,0,0,0,0,0,20,38,1,59,0,0,0,59
05/07/2009,JQF,NC,ASO,ES,Federal Contract Tower,0,15,44,1,60,0,2,57,0,59,0,17,101,1,119,48,0,48,167
05/08/2009,JQF,NC,ASO,ES,Federal Contract Tower,1,19,49,0,69,0,0,24,0,24,1,19,73,0,93,34,0,34,127
05/09/2009,JQF,NC,ASO,ES,Federal Contract Tower,0,6,15,0,21,0,0,78,0,78,0,6,93,0,99,28,0,28,127
05/10/2009,JQF,NC,ASO,ES,Federal Contract Tower,0,0,27,0,27,0,0,63,0,63,0,0,90,0,90,79,0,79,169
05/11/2009,JQF,NC,ASO,ES,Federal Contract Tower,0,13,37,0,50,0,0,28,58,86,0,13,65,58,136,10,0,10,146
05/12/2009,JQF,NC,ASO,ES,Federal Contract Tower,0,17,42,0,59,0,0,98,0,98,0,17,140,0,157,84,0,84,241
05/13/2009,JQF,NC,ASO,ES,Federal Contract Tower,0,17,65,0,82,0,0,121,0,121,0,17,186,0,203,58,0,58,261
05/14/2009,JQF,NC,ASO,ES,Federal Contract Tower,0,24,59,0,83,0,0,34,0,34,0,24,93,0,117,44,0,44,161
05/15/2009,JQF,NC,ASO,ES,Federal Contract Tower,0,19,51,0,70,0,21,57,0,78,0,40,108,0,148,54,0,54,202
05/16/2009,JQF,NC,ASO,ES,Federal Contract Tower,1,3,34,0,38,0,130,136,0,266,1,133,170,0,304,82,0,82,386
05/17/2009,JQF,NC,ASO,ES,Federal Contract Tower,1,4,46,0,51,0,11,11,0,22,1,15,57,0,73,0,0,0,73
05/18/2009,JQF,NC,ASO,ES,Federal Contract Tower,0,16,59,0,75,0,0,59,0,59,0,16,118,0,134,30,0,30,164
05/19/2009,JQF,NC,ASO,ES,Federal Contract Tower,0,19,35,0,54,0,0,112,0,112,0,19,147,0,166,20,0,20,186
05/20/2009,JQF,NC,ASO,ES,Federal Contract Tower,0,14,51,0,65,0,6,73,0,79,0,20,124,0,144,22,0,22,166
05/21/2009,JQF,NC,ASO,ES,Federal Contract Tower,0,18,60,0,78,0,18,62,8,88,0,36,122,8,166,4,0,4,170
05/22/2009,JQF,NC,ASO,ES,Federal Contract Tower,0,23,51,0,74,0,14,59,0,73,0,37,110,0,147,28,0,28,175
05/23/2009,JQF,NC,ASO,ES,Federal Contract Tower,0,3,31,1,35,0,88,58,2,148,0,91,89,3,183,58,62,120,303
05/24/2009,JQF,NC,ASO,ES,Federal Contract Tower,4,7,37,1,49,0,245,58,53,356,4,252,95,54,405,10,0,10,415
05/25/2009,JQF,NC,ASO,ES,Federal Contract Tower,2,8,55,0,65,0,146,29,6,181,2,154,84,6,246,0,0,0,246
05/26/2009,JQF,NC,ASO,ES,Federal Contract Tower,0,19,66,0,85,0,6,31,0,37,0,25,97,0,122,16,0,16,138
05/27/2009,JQF,NC,ASO,ES,Federal Contract Tower,2,18,49,3,72,0,1,27,0,28,2,19,76,3,100,4,0,4,104
05/28/2009,JQF,NC,ASO,ES,Federal Contract Tower,6,21,61,0,88,0,0,17,0,17,6,21,78,0,105,14,0,14,119
05/29/2009,JQF,NC,ASO,ES,Federal Contract Tower,2,19,51,0,72,0,0,64,0,64,2,19,115,0,136,74,0,74,210
05/30/2009,JQF,NC,ASO,ES,Federal Contract Tower,3,5,35,0,43,0,1,114,0,115,3,6,149,0,158,124,0,124,282
05/31/2009,JQF,NC,ASO,ES,Federal Contract Tower,5,6,38,0,49,0,0,78,0,78,5,6,116,0,127,162,0,162,289
06/01/2009,JQF,NC,ASO,ES,Federal Contract Tower,0,16,43,0,59,0,1,80,0,81,0,17,123,0,140,40,0,40,180
06/02/2009,JQF,NC,ASO,ES,Federal Contract Tower,0,15,56,0,71,0,0,83,0,83,0,15,139,0,154,64,0,64,218
06/03/2009,JQF,NC,ASO,ES,Federal Contract Tower,3,19,23,0,45,0,0,68,1,69,3,19,91,1,114,24,0,24,138
06/04/2009,JQF,NC,ASO,ES,Federal Contract Tower,3,19,71,0,93,0,0,23,1,24,3,19,94,1,117,46,0,46,163
06/05/2009,JQF,NC,ASO,ES,Federal Contract Tower,2,19,38,0,59,0,0,4,0,4,2,19,42,0,63,6,0,6,69
06/06/2009,JQF,NC,ASO,ES,Federal Contract Tower,2,3,33,0,38,0,0,48,0,48,2,3,81,0,86,40,0,40,126
06/07/2009,JQF,NC,ASO,ES,Federal Contract Tower,8,4,42,0,54,0,0,62,1,63,8,4,104,1,117,24,0,24,141
06/08/2009,JQF,NC,ASO,ES,Federal Contract Tower,2,15,28,2,47,0,0,82,0,82,2,15,110,2,129,16,0,16,145
06/09/2009,JQF,NC,ASO,ES,Federal Contract Tower,0,19,32,0,51,0,0,45,0,45,0,19,77,0,96,18,0,18,114
06/10/2009,JQF,NC,ASO,ES,Federal Contract Tower,2,24,48,0,74,0,0,52,0,52,2,24,100,0,126,64,0,64,190
06/11/2009,JQF,NC,ASO,ES,Federal Contract Tower,6,24,52,0,82,0,0,45,0,45,6,24,97,0,127,16,0,16,143
06/12/2009,JQF,NC,ASO,ES,Federal Contract Tower,2,22,37,0,61,0,0,48,0,48,2,22,85,0,109,32,0,32,141
06/13/2009,JQF,NC,ASO,ES,Federal Contract Tower,3,5,30,0,38,0,1,65,0,66,3,6,95,0,104,50,0,50,154
06/14/2009,JQF,NC,ASO,ES,Federal Contract Tower,7,4,48,0,59,0,0,35,0,35,7,4,83,0,94,118,0,118,212
06/15/2009,JQF,NC,ASO,ES,Federal Contract Tower,0,16,35,0,51,0,0,34,0,34,0,16,69,0,85,12,0,12,97
06/16/2009,JQF,NC,ASO,ES,Federal Contract Tower,1,20,37,0,58,0,0,9,0,9,1,20,46,0,67,36,0,36,103
06/17/2009,JQF,NC,ASO,ES,Federal Contract Tower,0,13,47,0,60,0,0,0,0,0,0,13,47,0,60,0,0,0,60
06/18/2009,JQF,NC,ASO,ES,Federal Contract Tower,6,17,52,0,75,0,1,60,0,61,6,18,112,0,136,28,0,28,164
06/19/2009,JQF,NC,ASO,ES,Federal Contract Tower,3,22,38,0,63,0,0,84,0,84,3,22,122,0,147,38,0,38,185
06/20/2009,JQF,NC,ASO,ES,Federal Contract Tower,5,7,46,0,58,0,0,84,0,84,5,7,130,0,142,28,0,28,170
06/21/2009,JQF,NC,ASO,ES,Federal Contract Tower,3,1,33,0,37,0,0,42,0,42,3,1,75,0,79,6,0,6,85
06/22/2009,JQF,NC,ASO,ES,Federal Contract Tower,1,16,31,0,48,0,0,76,0,76,1,16,107,0,124,8,0,8,132
06/23/2009,JQF,NC,ASO,ES,Federal Contract Tower,0,19,29,0,48,0,0,78,0,78,0,19,107,0,126,101,0,101,227
06/24/2009,JQF,NC,ASO,ES,Federal Contract Tower,0,19,35,0,54,0,0,92,0,92,0,19,127,0,146,84,0,84,230
06/25/2009,JQF,NC,ASO,ES,Federal Contract Tower,6,18,52,0,76,0,1,82,0,83,6,19,134,0,159,32,0,32,191
06/26/2009,JQF,NC,ASO,ES,Federal Contract Tower,4,18,42,0,64,0,0,81,0,81,4,18,123,0,145,42,0,42,187
06/27/2009,JQF,NC,ASO,ES,Federal Contract Tower,3,6,28,0,37,0,0,63,0,63,3,6,91,0,100,94,0,94,194
06/28/2009,JQF,NC,ASO,ES,Federal Contract Tower,4,4,40,0,48,0,0,91,3,94,4,4,131,3,142,28,0,28,170
06/29/2009,JQF,NC,ASO,ES,Federal Contract Tower,0,19,20,0,39,0,0,94,0,94,0,19,114,0,133,30,0,30,163
06/30/2009,JQF,NC,ASO,ES,Federal Contract Tower,0,18,61,0,79,0,12,119,2,133,0,30,180,2,212,68,0,68,280
07/01/2009,JQF,NC,ASO,ES,Federal Contract Tower,3,18,53,0,74,0,0,73,0,73,3,18,126,0,147,36,0,36,183
07/02/2009,JQF,NC,ASO,ES,Federal Contract Tower,2,15,36,0,53,0,0,80,0,80,2,15,116,0,133,24,0,24,157
07/03/2009,JQF,NC,ASO,ES,Federal Contract Tower,2,18,27,0,47,0,1,84,0,85,2,19,111,0,132,44,0,44,176
07/04/2009,JQF,NC,ASO,ES,Federal Contract Tower,3,2,17,0,22,0,4,35,0,39,3,6,52,0,61,2,0,2,63
07/05/2009,JQF,NC,ASO,ES,Federal Contract Tower,5,3,45,0,53,0,0,18,0,18,5,3,63,0,71,34,0,34,105
07/06/2009,JQF,NC,ASO,ES,Federal Contract Tower,2,20,38,0,60,0,0,25,0,25,2,20,63,0,85,34,0,34,119
07/07/2009,JQF,NC,ASO,ES,Federal Contract Tower,0,15,23,0,38,0,1,91,0,92,0,16,114,0,130,108,0,108,238
07/08/2009,JQF,NC,ASO,ES,Federal Contract Tower,5,19,38,0,62,0,0,107,0,107,5,19,145,0,169,70,0,70,239
07/09/2009,JQF,NC,ASO,ES,Federal Contract Tower,2,17,54,0,73,0,0,18,0,18,2,17,72,0,91,32,0,32,123
07/10/2009,JQF,NC,ASO,ES,Federal Contract Tower,2,20,28,0,50,0,0,175,0,175,2,20,203,0,225,56,0,56,281
07/11/2009,JQF,NC,ASO,ES,Federal Contract Tower,1,3,28,0,32,0,0,79,0,79,1,3,107,0,111,44,0,44,155
07/12/2009,JQF,NC,ASO,ES,Federal Contract Tower,6,3,33,0,42,0,0,98,0,98,6,3,131,0,140,28,0,28,168
07/13/2009,JQF,NC,ASO,ES,Federal Contract Tower,0,16,44,0,60,0,0,59,0,59,0,16,103,0,119,0,0,0,119
07/14/2009,JQF,NC,ASO,ES,Federal Contract Tower,1,19,49,0,69,0,53,78,1,132,1,72,127,1,201,54,0,54,255
07/15/2009,JQF,NC,ASO,ES,Federal Contract Tower,0,19,38,0,57,0,0,65,0,65,0,19,103,0,122,32,0,32,154
07/16/2009,JQF,NC,ASO,ES,Federal Contract Tower,1,20,29,0,50,0,2,49,0,51,1,22,78,0,101,2,0,2,103
07/17/2009,JQF,NC,ASO,ES,Federal Contract Tower,5,17,38,0,60,0,1,41,0,42,5,18,79,0,102,6,0,6,108
07/18/2009,JQF,NC,ASO,ES,Federal Contract Tower,1,3,27,0,31,0,3,65,0,68,1,6,92,0,99,47,0,47,146
07/19/2009,JQF,NC,ASO,ES,Federal Contract Tower,2,3,19,2,26,0,1,82,0,83,2,4,101,2,109,82,0,82,191
07/20/2009,JQF,NC,ASO,ES,Federal Contract Tower,0,19,34,0,53,0,0,44,0,44,0,19,78,0,97,50,0,50,147
07/21/2009,JQF,NC,ASO,ES,Federal Contract Tower,1,19,46,0,66,0,0,52,0,52,1,19,98,0,118,34,0,34,152
07/22/2009,JQF,NC,ASO,ES,Federal Contract Tower,1,21,59,0,81,0,0,58,0,58,1,21,117,0,139,78,0,78,217
07/23/2009,JQF,NC,ASO,ES,Federal Contract Tower,8,26,53,0,87,0,0,12,0,12,8,26,65,0,99,18,0,18,117
07/24/2009,JQF,NC,ASO,ES,Federal Contract Tower,1,21,44,0,66,0,0,53,0,53,1,21,97,0,119,18,0,18,137
07/25/2009,JQF,NC,ASO,ES,Federal Contract Tower,1,2,31,0,34,0,0,71,0,71,1,2,102,0,105,18,0,18,123
07/26/2009,JQF,NC,ASO,ES,Federal Contract Tower,4,5,43,0,52,0,52,0,0,52,4,57,43,0,104,0,0,0,104
07/27/2009,JQF,NC,ASO,ES,Federal Contract Tower,0,16,35,0,51,0,1,40,0,41,0,17,75,0,92,26,0,26,118
07/28/2009,JQF,NC,ASO,ES,Federal Contract Tower,0,19,54,0,73,0,0,22,0,22,0,19,76,0,95,6,0,6,101
07/29/2009,JQF,NC,ASO,ES,Federal Contract Tower,1,16,45,0,62,0,0,21,0,21,1,16,66,0,83,0,0,0,83
07/30/2009,JQF,NC,ASO,ES,Federal Contract Tower,5,19,58,0,82,0,0,46,0,46,5,19,104,0,128,24,0,24,152
07/31/2009,JQF,NC,ASO,ES,Federal Contract Tower,2,20,29,0,51,0,0,17,0,17,2,20,46,0,68,16,0,16,84
08/01/2009,JQF,NC,ASO,ES,Federal Contract Tower,3,4,29,0,36,0,0,19,0,19,3,4,48,0,55,18,0,18,73
08/02/2009,JQF,NC,ASO,ES,Federal Contract Tower,3,2,26,0,31,0,0,13,0,13,3,2,39,0,44,0,0,0,44
08/03/2009,JQF,NC,ASO,ES,Federal Contract Tower,4,16,47,1,68,0,2,59,8,69,4,18,106,9,137,2,0,2,139
08/04/2009,JQF,NC,ASO,ES,Federal Contract Tower,1,18,32,0,51,0,0,94,0,94,1,18,126,0,145,42,0,42,187
08/05/2009,JQF,NC,ASO,ES,Federal Contract Tower,1,16,45,1,63,0,1,44,0,45,1,17,89,1,108,46,0,46,154
08/06/2009,JQF,NC,ASO,ES,Federal Contract Tower,6,18,67,0,91,0,0,48,0,48,6,18,115,0,139,28,0,28,167
08/07/2009,JQF,NC,ASO,ES,Federal Contract Tower,0,21,43,0,64,0,5,82,0,87,0,26,125,0,151,54,0,54,205
08/08/2009,JQF,NC,ASO,ES,Federal Contract Tower,6,2,26,0,34,0,0,42,0,42,6,2,68,0,76,18,0,18,94
08/09/2009,JQF,NC,ASO,ES,Federal Contract Tower,1,2,43,0,46,0,0,97,0,97,1,2,140,0,143,36,0,36,179
08/10/2009,JQF,NC,ASO,ES,Federal Contract Tower,3,15,51,0,69,0,1,102,0,103,3,16,153,0,172,2,0,2,174
08/11/2009,JQF,NC,ASO,ES,Federal Contract Tower,0,24,37,0,61,0,0,71,0,71,0,24,108,0,132,46,0,46,178
08/12/2009,JQF,NC,ASO,ES,Federal Contract Tower,2,23,43,0,68,0,0,36,0,36,2,23,79,0,104,24,0,24,128
08/13/2009,JQF,NC,ASO,ES,Federal Contract Tower,5,20,63,0,88,0,0,42,0,42,5,20,105,0,130,52,0,52,182
08/14/2009,JQF,NC,ASO,ES,Federal Contract Tower,0,18,41,0,59,0,0,42,0,42,0,18,83,0,101,96,0,96,197
08/15/2009,JQF,NC,ASO,ES,Federal Contract Tower,3,9,38,0,50,0,0,66,0,66,3,9,104,0,116,46,0,46,162
08/16/2009,JQF,NC,ASO,ES,Federal Contract Tower,6,4,53,0,63,0,0,59,0,59,6,4,112,0,122,18,0,18,140
08/17/2009,JQF,NC,ASO,ES,Federal Contract Tower,0,11,50,0,61,0,1,42,0,43,0,12,92,0,104,10,0,10,114
08/18/2009,JQF,NC,ASO,ES,Federal Contract Tower,1,20,46,0,67,0,0,97,0,97,1,20,143,0,164,2,0,2,166
08/19/2009,JQF,NC,ASO,ES,Federal Contract Tower,0,15,51,0,66,0,0,67,0,67,0,15,118,0,133,44,0,44,177
08/20/2009,JQF,NC,ASO,ES,Federal Contract Tower,0,14,53,0,67,0,0,35,0,35,0,14,88,0,102,0,0,0,102
08/21/2009,JQF,NC,ASO,ES,Federal Contract Tower,0,21,39,0,60,0,2,50,0,52,0,23,89,0,112,32,0,32,144
08/22/2009,JQF,NC,ASO,ES,Federal Contract Tower,1,3,29,0,33,0,0,65,0,65,1,3,94,0,98,42,0,42,140
08/23/2009,JQF,NC,ASO,ES,Federal Contract Tower,1,10,42,0,53,0,0,65,0,65,1,10,107,0,118,22,0,22,140
08/24/2009,JQF,NC,ASO,ES,Federal Contract Tower,0,14,28,2,44,0,0,51,0,51,0,14,79,2,95,20,30,50,145
08/25/2009,JQF,NC,ASO,ES,Federal Contract Tower,0,19,67,0,86,0,0,103,0,103,0,19,170,0,189,24,0,24,213
08/26/2009,JQF,NC,ASO,ES,Federal Contract Tower,0,16,44,0,60,0,0,71,0,71,0,16,115,0,131,22,0,22,153
08/27/2009,JQF,NC,ASO,ES,Federal Contract Tower,3,22,66,0,91,0,0,57,0,57,3,22,123,0,148,39,0,39,187
08/28/2009,JQF,NC,ASO,ES,Federal Contract Tower,0,18,39,0,57,0,0,19,0,19,0,18,58,0,76,6,0,6,82
08/29/2009,JQF,NC,ASO,ES,Federal Contract Tower,0,3,22,0,25,0,0,108,0,108,0,3,130,0,133,78,0,78,211
08/30/2009,JQF,NC,ASO,ES,Federal Contract Tower,0,3,24,0,27,0,0,85,0,85,0,3,109,0,112,40,0,40,152
08/31/2009,JQF,NC,ASO,ES,Federal Contract Tower,0,14,37,0,51,0,0,6,0,6,0,14,43,0,57,0,0,0,57
09/01/2009,JQF,NC,ASO,ES,Federal Contract Tower,0,17,36,0,53,0,1,64,0,65,0,18,100,0,118,0,0,0,118
09/02/2009,JQF,NC,ASO,ES,Federal Contract Tower,1,16,34,0,51,0,0,108,0,108,1,16,142,0,159,32,0,32,191
09/03/2009,JQF,NC,ASO,ES,Federal Contract Tower,4,18,54,0,76,0,2,73,0,75,4,20,127,0,151,44,0,44,195
09/04/2009,JQF,NC,ASO,ES,Federal Contract Tower,6,10,60,0,76,0,0,81,0,81,6,10,141,0,157,20,0,20,177
09/05/2009,JQF,NC,ASO,ES,Federal Contract Tower,0,3,23,0,26,0,0,92,0,92,0,3,115,0,118,122,0,122,240
09/06/2009,JQF,NC,ASO,ES,Federal Contract Tower,1,2,18,0,21,0,1,54,0,55,1,3,72,0,76,60,0,60,136
09/07/2009,JQF,NC,ASO,ES,Federal Contract Tower,1,0,39,0,40,0,0,64,0,64,1,0,103,0,104,19,0,19,123
09/08/2009,JQF,NC,ASO,ES,Federal Contract Tower,0,15,49,0,64,0,0,70,0,70,0,15,119,0,134,70,0,70,204
09/09/2009,JQF,NC,ASO,ES,Federal Contract Tower,0,17,49,0,66,0,0,20,0,20,0,17,69,0,86,18,0,18,104
09/10/2009,JQF,NC,ASO,ES,Federal Contract Tower,6,20,77,0,103,0,0,21,0,21,6,20,98,0,124,16,0,16,140
09/11/2009,JQF,NC,ASO,ES,Federal Contract Tower,4,17,52,0,73,0,1,62,0,63,4,18,114,0,136,48,0,48,184
09/12/2009,JQF,NC,ASO,ES,Federal Contract Tower,6,1,33,0,40,0,0,55,0,55,6,1,88,0,95,22,0,22,117
09/13/2009,JQF,NC,ASO,ES,Federal Contract Tower,2,3,36,0,41,0,0,66,0,66,2,3,102,0,107,44,0,44,151
09/14/2009,JQF,NC,ASO,ES,Federal Contract Tower,0,16,34,0,50,0,0,50,0,50,0,16,84,0,100,46,0,46,146
09/15/2009,JQF,NC,ASO,ES,Federal Contract Tower,0,17,39,0,56,0,0,86,0,86,0,17,125,0,142,56,0,56,198
09/16/2009,JQF,NC,ASO,ES,Federal Contract Tower,1,15,59,0,75,0,0,48,0,48,1,15,107,0,123,28,0,28,151
09/17/2009,JQF,NC,ASO,ES,Federal Contract Tower,5,16,55,0,76,0,0,11,0,11,5,16,66,0,87,28,0,28,115
09/18/2009,JQF,NC,ASO,ES,Federal Contract Tower,1,12,44,0,57,0,0,10,0,10,1,12,54,0,67,30,0,30,97
09/19/2009,JQF,NC,ASO,ES,Federal Contract Tower,4,4,35,0,43,0,0,26,0,26,4,4,61,0,69,110,0,110,179
09/20/2009,JQF,NC,ASO,ES,Federal Contract Tower,4,6,66,0,76,0,0,33,0,33,4,6,99,0,109,60,0,60,169
09/21/2009,JQF,NC,ASO,ES,Federal Contract Tower,1,14,43,0,58,0,0,53,0,53,1,14,96,0,111,24,0,24,135
09/22/2009,JQF,NC,ASO,ES,Federal Contract Tower,0,15,55,0,70,0,0,16,0,16,0,15,71,0,86,0,0,0,86
09/23/2009,JQF,NC,ASO,ES,Federal Contract Tower,1,15,64,0,80,0,0,22,0,22,1,15,86,0,102,10,0,10,112
09/24/2009,JQF,NC,ASO,ES,Federal Contract Tower,6,17,83,0,106,0,0,56,0,56,6,17,139,0,162,34,0,34,196
09/25/2009,JQF,NC,ASO,ES,Federal Contract Tower,1,11,34,0,46,0,0,42,0,42,1,11,76,0,88,114,0,114,202
09/26/2009,JQF,NC,ASO,ES,Federal Contract Tower,5,5,27,0,37,0,0,0,0,0,5,5,27,0,37,0,0,0,37
09/27/2009,JQF,NC,ASO,ES,Federal Contract Tower,4,4,41,0,49,0,0,41,0,41,4,4,82,0,90,56,0,56,146
09/28/2009,JQF,NC,ASO,ES,Federal Contract Tower,0,13,32,0,45,0,0,32,0,32,0,13,64,0,77,30,0,30,107
09/29/2009,JQF,NC,ASO,ES,Federal Contract Tower,0,13,45,0,58,0,0,103,0,103,0,13,148,0,161,80,0,80,241
09/30/2009,JQF,NC,ASO,ES,Federal Contract Tower,0,16,39,0,55,0,2,118,2,122,0,18,157,2,177,40,0,40,217
10/01/2009,JQF,NC,ASO,ES,Federal Contract Tower,4,18,61,0,83,0,0,80,0,80,4,18,141,0,163,88,0,88,251
10/02/2009,JQF,NC,ASO,ES,Federal Contract Tower,1,12,32,0,45,0,0,42,2,44,1,12,74,2,89,46,0,46,135
10/03/2009,JQF,NC,ASO,ES,Federal Contract Tower,3,7,29,0,39,0,0,47,0,47,3,7,76,0,86,4,0,4,90
10/04/2009,JQF,NC,ASO,ES,Federal Contract Tower,4,5,42,0,51,0,0,68,1,69,4,5,110,1,120,96,0,96,216
10/05/2009,JQF,NC,ASO,ES,Federal Contract Tower,1,13,32,0,46,0,0,0,0,0,1,13,32,0,46,0,0,0,46
10/06/2009,JQF,NC,ASO,ES,Federal Contract Tower,0,13,46,0,59,0,0,28,0,28,0,13,74,0,87,20,0,20,107
10/07/2009,JQF,NC,ASO,ES,Federal Contract Tower,0,14,40,0,54,0,0,36,0,36,0,14,76,0,90,20,0,20,110
10/08/2009,JQF,NC,ASO,ES,Federal Contract Tower,4,16,51,0,71,0,0,101,0,101,4,16,152,0,172,44,0,44,216
10/09/2009,JQF,NC,ASO,ES,Federal Contract Tower,1,10,46,0,57,0,0,25,0,25,1,10,71,0,82,0,0,0,82
10/10/2009,JQF,NC,ASO,ES,Federal Contract Tower,0,2,18,0,20,0,0,39,0,39,0,2,57,0,59,32,0,32,91
10/11/2009,JQF,NC,ASO,ES,Federal Contract Tower,1,2,37,0,40,0,0,41,0,41,1,2,78,0,81,54,0,54,135
10/12/2009,JQF,NC,ASO,ES,Federal Contract Tower,0,4,40,0,44,0,0,5,0,5,0,4,45,0,49,42,0,42,91
10/13/2009,JQF,NC,ASO,ES,Federal Contract Tower,0,16,57,0,73,0,0,94,0,94,0,16,151,0,167,42,0,42,209
10/14/2009,JQF,NC,ASO,ES,Federal Contract Tower,0,15,56,0,71,0,0,2,0,2,0,15,58,0,73,0,0,0,73
10/15/2009,JQF,NC,ASO,ES,Federal Contract Tower,0,18,39,0,57,0,0,0,0,0,0,18,39,0,57,0,0,0,57
10/16/2009,JQF,NC,ASO,ES,Federal Contract Tower,1,14,61,0,76,0,106,54,0,160,1,120,115,0,236,32,0,32,268
10/17/2009,JQF,NC,ASO,ES,Federal Contract Tower,0,2,49,0,51,0,330,42,0,372,0,332,91,0,423,38,0,38,461
10/18/2009,JQF,NC,ASO,ES,Federal Contract Tower,2,2,55,0,59,0,104,53,0,157,2,106,108,0,216,34,0,34,250
10/19/2009,JQF,NC,ASO,ES,Federal Contract Tower,1,14,28,0,43,0,0,85,0,85,1,14,113,0,128,96,0,96,224
10/20/2009,JQF,NC,ASO,ES,Federal Contract Tower,0,15,51,0,66,0,2,91,0,93,0,17,142,0,159,42,0,42,201
10/21/2009,JQF,NC,ASO,ES,Federal Contract Tower,3,17,42,0,62,0,1,86,0,87,3,18,128,0,149,32,0,32,181
10/22/2009,JQF,NC,ASO,ES,Federal Contract Tower,2,16,46,0,64,0,1,74,0,75,2,17,120,0,139,38,0,38,177
10/23/2009,JQF,NC,ASO,ES,Federal Contract Tower,0,13,49,5,67,0,0,33,0,33,0,13,82,5,100,89,0,89,189
10/24/2009,JQF,NC,ASO,ES,Federal Contract Tower,4,5,35,0,44,0,0,8,0,8,4,5,43,0,52,6,0,6,58
10/25/2009,JQF,NC,ASO,ES,Federal Contract Tower,0,4,25,0,29,0,0,85,0,85,0,4,110,0,114,134,0,134,248
10/26/2009,JQF,NC,ASO,ES,Federal Contract Tower,1,12,38,0,51,0,0,50,0,50,1,12,88,0,101,16,0,16,117
10/27/2009,JQF,NC,ASO,ES,Federal Contract Tower,0,26,36,0,62,0,0,0,0,0,0,26,36,0,62,0,0,0,62
10/28/2009,JQF,NC,ASO,ES,Federal Contract Tower,1,14,39,0,54,0,0,21,0,21,1,14,60,0,75,18,0,18,93
10/29/2009,JQF,NC,ASO,ES,Federal Contract Tower,5,14,59,0,78,0,1,109,2,112,5,15,168,2,190,26,0,26,216
10/30/2009,JQF,NC,ASO,ES,Federal Contract Tower,0,8,55,0,63,0,0,18,0,18,0,8,73,0,81,50,0,50,131
10/31/2009,JQF,NC,ASO,ES,Federal Contract Tower,1,2,20,0,23,0,0,0,0,0,1,2,20,0,23,0,0,0,23
11/01/2009,JQF,NC,ASO,ES,Federal Contract Tower,3,3,49,0,55,0,0,2,0,2,3,3,51,0,57,0,0,0,57
11/02/2009,JQF,NC,ASO,ES,Federal Contract Tower,0,13,49,0,62,0,1,63,0,64,0,14,112,0,126,30,0,30,156
11/03/2009,JQF,NC,ASO,ES,Federal Contract Tower,0,16,50,0,66,0,0,76,0,76,0,16,126,0,142,78,0,78,220
11/04/2009,JQF,NC,ASO,ES,Federal Contract Tower,4,22,30,0,56,0,1,80,0,81,4,23,110,0,137,76,0,76,213
11/05/2009,JQF,NC,ASO,ES,Federal Contract Tower,4,17,61,0,82,0,0,51,0,51,4,17,112,0,133,50,0,50,183
11/06/2009,JQF,NC,ASO,ES,Federal Contract Tower,1,13,40,2,56,0,1,69,0,70,1,14,109,2,126,53,0,53,179
11/07/2009,JQF,NC,ASO,ES,Federal Contract Tower,7,2,34,0,43,0,0,90,0,90,7,2,124,0,133,66,0,66,199
11/08/2009,JQF,NC,ASO,ES,Federal Contract Tower,3,2,45,0,50,0,0,75,0,75,3,2,120,0,125,30,0,30,155
11/09/2009,JQF,NC,ASO,ES,Federal Contract Tower,0,12,28,0,40,0,0,58,0,58,0,12,86,0,98,40,0,40,138
11/10/2009,JQF,NC,ASO,ES,Federal Contract Tower,0,18,34,0,52,0,0,2,0,2,0,18,36,0,54,0,0,0,54
11/11/2009,JQF,NC,ASO,ES,Federal Contract Tower,1,4,16,0,21,0,0,0,0,0,1,4,16,0,21,0,0,0,21
11/12/2009,JQF,NC,ASO,ES,Federal Contract Tower,5,18,43,0,66,0,0,7,0,7,5,18,50,0,73,2,0,2,75
11/13/2009,JQF,NC,ASO,ES,Federal Contract Tower,0,18,46,0,64,0,0,46,0,46,0,18,92,0,110,56,0,56,166
11/14/2009,JQF,NC,ASO,ES,Federal Contract Tower,0,4,31,0,35,0,0,113,0,113,0,4,144,0,148,76,0,76,224
11/15/2009,JQF,NC,ASO,ES,Federal Contract Tower,2,5,39,0,46,0,0,93,0,93,2,5,132,0,139,78,0,78,217
11/16/2009,JQF,NC,ASO,ES,Federal Contract Tower,0,4,30,0,34,0,0,71,0,71,0,4,101,0,105,24,0,24,129
11/17/2009,JQF,NC,ASO,ES,Federal Contract Tower,0,6,28,0,34,0,0,108,0,108,0,6,136,0,142,48,0,48,190
11/18/2009,JQF,NC,ASO,ES,Federal Contract Tower,0,10,38,0,48,0,0,1,0,1,0,10,39,0,49,0,0,0,49
11/19/2009,JQF,NC,ASO,ES,Federal Contract Tower,6,10,68,0,84,0,0,3,0,3,6,10,71,0,87,20,0,20,107
11/20/2009,JQF,NC,ASO,ES,Federal Contract Tower,1,14,57,0,72,0,1,80,0,81,1,15,137,0,153,76,0,76,229
11/21/2009,JQF,NC,ASO,ES,Federal Contract Tower,2,2,36,0,40,0,0,97,0,97,2,2,133,0,137,74,0,74,211
11/22/2009,JQF,NC,ASO,ES,Federal Contract Tower,7,0,29,0,36,0,0,18,0,18,7,0,47,0,54,8,0,8,62
11/23/2009,JQF,NC,ASO,ES,Federal Contract Tower,1,12,42,0,55,0,0,0,0,0,1,12,42,0,55,0,0,0,55
11/24/2009,JQF,NC,ASO,ES,Federal Contract Tower,1,17,41,0,59,0,0,21,0,21,1,17,62,0,80,26,0,26,106
11/25/2009,JQF,NC,ASO,ES,Federal Contract Tower,1,13,37,0,51,0,0,35,0,35,1,13,72,0,86,26,0,26,112
11/26/2009,JQF,NC,ASO,ES,Federal Contract Tower,0,3,11,0,14,0,0,24,0,24,0,3,35,0,38,0,0,0,38
11/27/2009,JQF,NC,ASO,ES,Federal Contract Tower,0,3,25,0,28,0,0,30,0,30,0,3,55,0,58,10,0,10,68
11/28/2009,JQF,NC,ASO,ES,Federal Contract Tower,0,2,30,0,32,0,0,100,0,100,0,2,130,0,132,118,0,118,250
11/29/2009,JQF,NC,ASO,ES,Federal Contract Tower,0,1,43,0,44,0,0,56,0,56,0,1,99,0,100,22,0,22,122
11/30/2009,JQF,NC,ASO,ES,Federal Contract Tower,0,15,29,0,44,0,0,4,0,4,0,15,33,0,48,0,0,0,48
12/01/2009,JQF,NC,ASO,ES,Federal Contract Tower,0,17,39,1,57,0,0,88,0,88,0,17,127,1,145,22,0,22,167
12/02/2009,JQF,NC,ASO,ES,Federal Contract Tower,0,19,22,0,41,0,0,0,0,0,0,19,22,0,41,0,0,0,41
12/03/2009,JQF,NC,ASO,ES,Federal Contract Tower,0,18,40,0,58,0,0,35,0,35,0,18,75,0,93,46,0,46,139
12/04/2009,JQF,NC,ASO,ES,Federal Contract Tower,0,16,26,0,42,0,0,43,0,43,0,16,69,0,85,8,0,8,93
12/05/2009,JQF,NC,ASO,ES,Federal Contract Tower,0,3,18,0,21,0,0,0,0,0,0,3,18,0,21,2,0,2,23
12/06/2009,JQF,NC,ASO,ES,Federal Contract Tower,0,2,22,0,24,0,0,42,0,42,0,2,64,0,66,36,0,36,102
12/07/2009,JQF,NC,ASO,ES,Federal Contract Tower,0,13,41,2,56,0,0,49,0,49,0,13,90,2,105,62,0,62,167
12/08/2009,JQF,NC,ASO,ES,Federal Contract Tower,0,20,52,0,72,0,0,25,0,25,0,20,77,0,97,0,0,0,97
12/09/2009,JQF,NC,ASO,ES,Federal Contract Tower,0,14,42,0,56,0,0,2,0,2,0,14,44,0,58,0,0,0,58
12/10/2009,JQF,NC,ASO,ES,Federal Contract Tower,0,19,55,0,74,0,1,70,0,71,0,20,125,0,145,106,0,106,251
12/11/2009,JQF,NC,ASO,ES,Federal Contract Tower,0,8,34,0,42,0,0,61,0,61,0,8,95,0,103,40,0,40,143
12/12/2009,JQF,NC,ASO,ES,Federal Contract Tower,0,4,19,0,23,0,0,49,0,49,0,4,68,0,72,154,0,154,226
12/13/2009,JQF,NC,ASO,ES,Federal Contract Tower,0,2,19,0,21,0,0,0,0,0,0,2,19,0,21,0,0,0,21
12/14/2009,JQF,NC,ASO,ES,Federal Contract Tower,0,5,14,0,19,0,0,0,0,0,0,5,14,0,19,0,0,0,19
12/15/2009,JQF,NC,ASO,ES,Federal Contract Tower,0,17,23,0,40,0,0,21,0,21,0,17,44,0,61,2,0,2,63
12/16/2009,JQF,NC,ASO,ES,Federal Contract Tower,0,15,31,0,46,0,1,87,0,88,0,16,118,0,134,104,0,104,238
12/17/2009,JQF,NC,ASO,ES,Federal Contract Tower,0,13,29,0,42,0,0,61,0,61,0,13,90,0,103,69,0,69,172
12/18/2009,JQF,NC,ASO,ES,Federal Contract Tower,0,3,18,0,21,0,0,1,0,1,0,3,19,0,22,0,0,0,22
12/19/2009,JQF,NC,ASO,ES,Federal Contract Tower,0,3,13,0,16,0,0,13,0,13,0,3,26,0,29,0,0,0,29
12/20/2009,JQF,NC,ASO,ES,Federal Contract Tower,0,0,17,0,17,0,0,59,0,59,0,0,76,0,76,30,0,30,106
12/21/2009,JQF,NC,ASO,ES,Federal Contract Tower,0,15,19,0,34,0,0,19,0,19,0,15,38,0,53,6,0,6,59
12/22/2009,JQF,NC,ASO,ES,Federal Contract Tower,0,14,36,0,50,0,0,81,0,81,0,14,117,0,131,78,0,78,209
12/23/2009,JQF,NC,ASO,ES,Federal Contract Tower,0,20,32,0,52,0,2,43,0,45,0,22,75,0,97,58,0,58,155
12/24/2009,JQF,NC,ASO,ES,Federal Contract Tower,0,15,8,0,23,0,0,25,0,25,0,15,33,0,48,0,0,0,48
12/25/2009,JQF,NC,ASO,ES,Federal Contract Tower,0,0,0,0,0,0,0,0,0,0,0,0,0,0,0,0,0,0,0
12/26/2009,JQF,NC,ASO,ES,Federal Contract Tower,0,2,21,0,23,0,0,37,0,37,0,2,58,0,60,2,0,2,62
12/27/2009,JQF,NC,ASO,ES,Federal Contract Tower,0,2,16,0,18,0,0,49,0,49,0,2,65,0,67,10,0,10,77
12/28/2009,JQF,NC,ASO,ES,Federal Contract Tower,0,15,16,0,31,0,0,65,0,65,0,15,81,0,96,16,0,16,112
12/29/2009,JQF,NC,ASO,ES,Federal Contract Tower,0,15,26,0,41,0,0,76,0,76,0,15,102,0,117,76,0,76,193
12/30/2009,JQF,NC,ASO,ES,Federal Contract Tower,0,14,11,0,25,0,0,51,0,51,0,14,62,0,76,34,0,34,110
12/31/2009,JQF,NC,ASO,ES,Federal Contract Tower,0,8,19,0,27,0,0,0,0,0,0,8,19,0,27,0,0,0,27
01/01/2010,JQF,NC,ASO,ES,Federal Contract Tower,0,4,17,0,21,0,0,12,0,12,0,4,29,0,33,0,0,0,33
01/02/2010,JQF,NC,ASO,ES,Federal Contract Tower,0,1,22,0,23,0,0,27,0,27,0,1,49,0,50,14,0,14,64
01/03/2010,JQF,NC,ASO,ES,Federal Contract Tower,0,1,16,0,17,0,0,25,0,25,0,1,41,0,42,30,0,30,72
01/04/2010,JQF,NC,ASO,ES,Federal Contract Tower,0,14,31,0,45,0,1,39,0,40,0,15,70,0,85,20,0,20,105
01/05/2010,JQF,NC,ASO,ES,Federal Contract Tower,0,13,24,0,37,0,0,40,0,40,0,13,64,0,77,20,0,20,97
01/06/2010,JQF,NC,ASO,ES,Federal Contract Tower,0,2,18,2,22,0,0,98,4,102,0,2,116,6,124,26,0,26,150
01/07/2010,JQF,NC,ASO,ES,Federal Contract Tower,0,12,32,0,44,0,0,34,0,34,0,12,66,0,78,98,0,98,176
01/08/2010,JQF,NC,ASO,ES,Federal Contract Tower,0,17,25,0,42,0,0,21,8,29,0,17,46,8,71,12,0,12,83
01/09/2010,JQF,NC,ASO,ES,Federal Contract Tower,0,2,20,0,22,0,0,64,0,64,0,2,84,0,86,34,0,34,120
01/10/2010,JQF,NC,ASO,ES,Federal Contract Tower,0,0,25,0,25,0,0,32,0,32,0,0,57,0,57,48,0,48,105
01/11/2010,JQF,NC,ASO,ES,Federal Contract Tower,0,14,25,0,39,0,0,39,0,39,0,14,64,0,78,98,0,98,176
01/12/2010,JQF,NC,ASO,ES,Federal Contract Tower,0,17,40,0,57,0,0,50,0,50,0,17,90,0,107,88,0,88,195
01/13/2010,JQF,NC,ASO,ES,Federal Contract Tower,0,15,38,0,53,0,0,56,0,56,0,15,94,0,109,128,0,128,237
01/14/2010,JQF,NC,ASO,ES,Federal Contract Tower,1,13,36,0,50,0,1,57,0,58,1,14,93,0,108,78,0,78,186
01/15/2010,JQF,NC,ASO,ES,Federal Contract Tower,1,13,31,0,45,0,0,78,0,78,1,13,109,0,123,66,0,66,189
01/16/2010,JQF,NC,ASO,ES,Federal Contract Tower,0,7,35,0,42,0,0,39,0,39,0,7,74,0,81,8,0,8,89
01/17/2010,JQF,NC,ASO,ES,Federal Contract Tower,0,3,25,0,28,0,0,3,0,3,0,3,28,0,31,0,0,0,31
01/18/2010,JQF,NC,ASO,ES,Federal Contract Tower,0,5,29,0,34,0,1,81,0,82,0,6,110,0,116,82,0,82,198
01/19/2010,JQF,NC,ASO,ES,Federal Contract Tower,0,16,44,0,60,0,0,122,0,122,0,16,166,0,182,91,0,91,273
01/20/2010,JQF,NC,ASO,ES,Federal Contract Tower,0,22,43,0,65,0,0,74,0,74,0,22,117,0,139,0,0,0,139
01/21/2010,JQF,NC,ASO,ES,Federal Contract Tower,0,14,35,0,49,0,0,0,0,0,0,14,35,0,49,0,0,0,49
01/22/2010,JQF,NC,ASO,ES,Federal Contract Tower,0,17,32,0,49,0,0,1,0,1,0,17,33,0,50,0,0,0,50
01/23/2010,JQF,NC,ASO,ES,Federal Contract Tower,0,4,39,0,43,0,0,65,0,65,0,4,104,0,108,109,0,109,217
01/24/2010,JQF,NC,ASO,ES,Federal Contract Tower,1,1,10,0,12,0,0,0,0,0,1,1,10,0,12,0,0,0,12
01/25/2010,JQF,NC,ASO,ES,Federal Contract Tower,0,14,25,0,39,0,0,36,0,36,0,14,61,0,75,10,0,10,85
01/26/2010,JQF,NC,ASO,ES,Federal Contract Tower,0,13,30,0,43,0,0,73,0,73,0,13,103,0,116,85,0,85,201
01/27/2010,JQF,NC,ASO,ES,Federal Contract Tower,0,17,42,0,59,0,0,97,0,97,0,17,139,0,156,72,0,72,228
01/28/2010,JQF,NC,ASO,ES,Federal Contract Tower,0,19,48,0,67,0,2,68,0,70,0,21,116,0,137,62,0,62,199
01/29/2010,JQF,NC,ASO,ES,Federal Contract Tower,0,13,36,0,49,0,0,40,0,40,0,13,76,0,89,12,0,12,101
01/30/2010,JQF,NC,ASO,ES,Federal Contract Tower,0,1,2,0,3,0,0,0,0,0,0,1,2,0,3,0,0,0,3
01/31/2010,JQF,NC,ASO,ES,Federal Contract Tower,0,0,21,0,21,0,0,20,0,20,0,0,41,0,41,20,0,20,61
02/01/2010,JQF,NC,ASO,ES,Federal Contract Tower,1,14,33,2,50,0,0,81,0,81,1,14,114,2,131,140,0,140,271
02/02/2010,JQF,NC,ASO,ES,Federal Contract Tower,0,15,22,0,37,0,0,0,0,0,0,15,22,0,37,0,0,0,37
02/03/2010,JQF,NC,ASO,ES,Federal Contract Tower,0,17,51,0,68,0,0,80,0,80,0,17,131,0,148,130,0,130,278
02/04/2010,JQF,NC,ASO,ES,Federal Contract Tower,1,16,61,0,78,0,0,60,0,60,1,16,121,0,138,60,0,60,198
02/05/2010,JQF,NC,ASO,ES,Federal Contract Tower,0,17,9,0,26,0,0,0,0,0,0,17,9,0,26,0,0,0,26
02/06/2010,JQF,NC,ASO,ES,Federal Contract Tower,0,3,9,0,12,0,0,0,0,0,0,3,9,0,12,0,0,0,12
02/07/2010,JQF,NC,ASO,ES,Federal Contract Tower,1,2,16,0,19,0,0,73,0,73,1,2,89,0,92,116,0,116,208
02/08/2010,JQF,NC,ASO,ES,Federal Contract Tower,1,11,26,0,38,0,0,82,0,82,1,11,108,0,120,82,0,82,202
02/09/2010,JQF,NC,ASO,ES,Federal Contract Tower,7,18,20,0,45,0,0,0,0,0,7,18,20,0,45,0,0,0,45
02/10/2010,JQF,NC,ASO,ES,Federal Contract Tower,0,8,13,0,21,0,0,19,0,19,0,8,32,0,40,0,0,0,40
02/11/2010,JQF,NC,ASO,ES,Federal Contract Tower,2,16,39,0,57,0,0,65,0,65,2,16,104,0,122,76,0,76,198
02/12/2010,JQF,NC,ASO,ES,Federal Contract Tower,0,14,16,0,30,0,0,34,0,34,0,14,50,0,64,48,0,48,112
02/13/2010,JQF,NC,ASO,ES,Federal Contract Tower,4,3,17,0,24,0,0,40,0,40,4,3,57,0,64,54,0,54,118
02/14/2010,JQF,NC,ASO,ES,Federal Contract Tower,7,0,49,0,56,0,0,81,0,81,7,0,130,0,137,40,0,40,177
02/15/2010,JQF,NC,ASO,ES,Federal Contract Tower,1,2,18,0,21,0,0,26,0,26,1,2,44,0,47,0,0,0,47
02/16/2010,JQF,NC,ASO,ES,Federal Contract Tower,1,7,20,4,32,0,0,70,0,70,1,7,90,4,102,72,0,72,174
02/17/2010,JQF,NC,ASO,ES,Federal Contract Tower,2,18,25,0,45,0,0,70,0,70,2,18,95,0,115,94,0,94,209
02/18/2010,JQF,NC,ASO,ES,Federal Contract Tower,5,19,42,0,66,0,1,92,0,93,5,20,134,0,159,140,0,140,299
02/19/2010,JQF,NC,ASO,ES,Federal Contract Tower,0,18,28,0,46,0,0,109,0,109,0,18,137,0,155,44,0,44,199
02/20/2010,JQF,NC,ASO,ES,Federal Contract Tower,1,3,19,0,23,0,0,97,0,97,1,3,116,0,120,52,0,52,172
02/21/2010,JQF,NC,ASO,ES,Federal Contract Tower,3,7,29,0,39,0,0,144,0,144,3,7,173,0,183,46,0,46,229
02/22/2010,JQF,NC,ASO,ES,Federal Contract Tower,1,15,22,0,38,0,0,0,0,0,1,15,22,0,38,0,0,0,38
02/23/2010,JQF,NC,ASO,ES,Federal Contract Tower,2,29,39,0,70,0,0,38,0,38,2,29,77,0,108,37,0,37,145
02/24/2010,JQF,NC,ASO,ES,Federal Contract Tower,3,8,18,0,29,0,0,0,0,0,3,8,18,0,29,0,0,0,29
02/25/2010,JQF,NC,ASO,ES,Federal Contract Tower,1,20,34,0,55,0,1,67,0,68,1,21,101,0,123,0,0,0,123
02/26/2010,JQF,NC,ASO,ES,Federal Contract Tower,2,16,32,0,50,0,1,69,0,70,2,17,101,0,120,22,0,22,142
02/27/2010,JQF,NC,ASO,ES,Federal Contract Tower,0,2,13,0,15,0,0,100,0,100,0,2,113,0,115,0,0,0,115
02/28/2010,JQF,NC,ASO,ES,Federal Contract Tower,0,1,29,0,30,0,0,83,0,83,0,1,112,0,113,32,0,32,145
03/01/2010,JQF,NC,ASO,ES,Federal Contract Tower,1,14,21,0,36,0,0,60,0,60,1,14,81,0,96,96,0,96,192
03/02/2010,JQF,NC,ASO,ES,Federal Contract Tower,0,13,13,0,26,0,0,3,0,3,0,13,16,0,29,0,0,0,29
03/03/2010,JQF,NC,ASO,ES,Federal Contract Tower,1,18,36,0,55,0,0,42,2,44,1,18,78,2,99,64,0,64,163
03/04/2010,JQF,NC,ASO,ES,Federal Contract Tower,5,24,49,0,78,0,0,70,0,70,5,24,119,0,148,81,0,81,229
03/05/2010,JQF,NC,ASO,ES,Federal Contract Tower,0,14,42,0,56,0,0,107,0,107,0,14,149,0,163,22,0,22,185
03/06/2010,JQF,NC,ASO,ES,Federal Contract Tower,1,4,21,0,26,0,0,112,0,112,1,4,133,0,138,52,0,52,190
03/07/2010,JQF,NC,ASO,ES,Federal Contract Tower,4,3,48,0,55,0,0,110,0,110,4,3,158,0,165,70,0,70,235
03/08/2010,JQF,NC,ASO,ES,Federal Contract Tower,0,11,38,0,49,0,0,83,0,83,0,11,121,0,132,44,0,44,176
03/09/2010,JQF,NC,ASO,ES,Federal Contract Tower,1,13,37,0,51,0,0,124,0,124,1,13,161,0,175,26,0,26,201
03/10/2010,JQF,NC,ASO,ES,Federal Contract Tower,0,14,33,0,47,0,0,22,0,22,0,14,55,0,69,19,0,19,88
03/11/2010,JQF,NC,ASO,ES,Federal Contract Tower,1,12,31,0,44,0,0,0,0,0,1,12,31,0,44,0,0,0,44
03/12/2010,JQF,NC,ASO,ES,Federal Contract Tower,0,11,34,0,45,0,0,7,0,7,0,11,41,0,52,14,0,14,66
03/13/2010,JQF,NC,ASO,ES,Federal Contract Tower,0,3,14,0,17,0,0,42,0,42,0,3,56,0,59,40,0,40,99
03/14/2010,JQF,NC,ASO,ES,Federal Contract Tower,0,1,21,0,22,0,0,49,0,49,0,1,70,0,71,44,0,44,115
03/15/2010,JQF,NC,ASO,ES,Federal Contract Tower,0,14,39,0,53,0,0,83,0,83,0,14,122,0,136,14,0,14,150
03/16/2010,JQF,NC,ASO,ES,Federal Contract Tower,0,13,45,0,58,0,1,66,0,67,0,14,111,0,125,36,0,36,161
03/17/2010,JQF,NC,ASO,ES,Federal Contract Tower,0,14,35,0,49,0,0,92,0,92,0,14,127,0,141,32,0,32,173
03/18/2010,JQF,NC,ASO,ES,Federal Contract Tower,0,15,49,0,64,0,2,115,0,117,0,17,164,0,181,30,0,30,211
03/19/2010,JQF,NC,ASO,ES,Federal Contract Tower,0,13,30,0,43,0,0,81,0,81,0,13,111,0,124,60,0,60,184
03/20/2010,JQF,NC,ASO,ES,Federal Contract Tower,1,2,23,0,26,0,0,114,0,114,1,2,137,0,140,92,0,92,232
03/21/2010,JQF,NC,ASO,ES,Federal Contract Tower,3,3,50,0,56,0,0,40,0,40,3,3,90,0,96,18,0,18,114
03/22/2010,JQF,NC,ASO,ES,Federal Contract Tower,0,17,22,1,40,0,2,40,0,42,0,19,62,1,82,24,0,24,106
03/23/2010,JQF,NC,ASO,ES,Federal Contract Tower,0,14,20,0,34,0,0,82,0,82,0,14,102,0,116,76,2,78,194
03/24/2010,JQF,NC,ASO,ES,Federal Contract Tower,0,20,53,1,74,0,1,127,8,136,0,21,180,9,210,96,0,96,306
03/25/2010,JQF,NC,ASO,ES,Federal Contract Tower,0,25,64,1,90,0,0,83,0,83,0,25,147,1,173,74,0,74,247
03/26/2010,JQF,NC,ASO,ES,Federal Contract Tower,0,21,39,0,60,0,0,81,0,81,0,21,120,0,141,56,0,56,197
03/27/2010,JQF,NC,ASO,ES,Federal Contract Tower,0,2,17,4,23,0,0,139,0,139,0,2,156,4,162,68,0,68,230
03/28/2010,JQF,NC,ASO,ES,Federal Contract Tower,0,7,17,0,24,0,0,15,0,15,0,7,32,0,39,12,0,12,51
03/29/2010,JQF,NC,ASO,ES,Federal Contract Tower,0,12,29,0,41,0,0,40,0,40,0,12,69,0,81,10,0,10,91
03/30/2010,JQF,NC,ASO,ES,Federal Contract Tower,0,14,46,0,60,0,1,107,0,108,0,15,153,0,168,32,0,32,200
03/31/2010,JQF,NC,ASO,ES,Federal Contract Tower,2,13,29,0,44,0,0,113,0,113,2,13,142,0,157,133,0,133,290
04/01/2010,JQF,NC,ASO,ES,Federal Contract Tower,4,17,38,0,59,0,1,82,0,83,4,18,120,0,142,158,0,158,300
04/02/2010,JQF,NC,ASO,ES,Federal Contract Tower,1,15,28,0,44,0,0,54,0,54,1,15,82,0,98,52,0,52,150
04/03/2010,JQF,NC,ASO,ES,Federal Contract Tower,6,1,41,0,48,0,0,112,0,112,6,1,153,0,160,22,0,22,182
04/04/2010,JQF,NC,ASO,ES,Federal Contract Tower,0,0,14,0,14,0,0,53,0,53,0,0,67,0,67,14,0,14,81
04/05/2010,JQF,NC,ASO,ES,Federal Contract Tower,0,15,28,0,43,0,1,78,0,79,0,16,106,0,122,48,0,48,170
04/06/2010,JQF,NC,ASO,ES,Federal Contract Tower,1,18,40,0,59,0,2,98,4,104,1,20,138,4,163,80,0,80,243
04/07/2010,JQF,NC,ASO,ES,Federal Contract Tower,5,27,49,0,81,0,0,89,2,91,5,27,138,2,172,22,0,22,194
04/08/2010,JQF,NC,ASO,ES,Federal Contract Tower,8,23,36,0,67,0,0,37,0,37,8,23,73,0,104,8,0,8,112
04/09/2010,JQF,NC,ASO,ES,Federal Contract Tower,2,13,36,0,51,0,2,144,0,146,2,15,180,0,197,90,0,90,287
04/10/2010,JQF,NC,ASO,ES,Federal Contract Tower,1,4,27,0,32,0,4,210,0,214,1,8,237,0,246,156,0,156,402
04/11/2010,JQF,NC,ASO,ES,Federal Contract Tower,2,4,25,0,31,0,0,115,0,115,2,4,140,0,146,146,0,146,292
04/12/2010,JQF,NC,ASO,ES,Federal Contract Tower,0,9,42,0,51,0,0,90,0,90,0,9,132,0,141,72,0,72,213
04/13/2010,JQF,NC,ASO,ES,Federal Contract Tower,0,13,34,0,47,0,0,69,0,69,0,13,103,0,116,86,0,86,202
04/14/2010,JQF,NC,ASO,ES,Federal Contract Tower,0,15,59,0,74,0,0,32,0,32,0,15,91,0,106,16,0,16,122
04/15/2010,JQF,NC,ASO,ES,Federal Contract Tower,8,16,52,0,76,0,0,63,0,63,8,16,115,0,139,22,0,22,161
04/16/2010,JQF,NC,ASO,ES,Federal Contract Tower,1,14,30,0,45,0,0,78,0,78,1,14,108,0,123,74,0,74,197
04/17/2010,JQF,NC,ASO,ES,Federal Contract Tower,3,3,20,0,26,0,0,71,0,71,3,3,91,0,97,62,0,62,159
04/18/2010,JQF,NC,ASO,ES,Federal Contract Tower,2,4,32,0,38,0,0,88,0,88,2,4,120,0,126,54,0,54,180
04/19/2010,JQF,NC,ASO,ES,Federal Contract Tower,8,11,43,0,62,0,0,92,0,92,8,11,135,0,154,58,0,58,212
04/20/2010,JQF,NC,ASO,ES,Federal Contract Tower,1,16,38,0,55,0,1,59,0,60,1,17,97,0,115,96,0,96,211
04/21/2010,JQF,NC,ASO,ES,Federal Contract Tower,2,20,62,0,84,0,0,51,4,55,2,20,113,4,139,25,0,25,164
04/22/2010,JQF,NC,ASO,ES,Federal Contract Tower,5,12,72,0,89,0,2,88,0,90,5,14,160,0,179,114,0,114,293
04/23/2010,JQF,NC,ASO,ES,Federal Contract Tower,1,14,40,0,55,0,0,105,2,107,1,14,145,2,162,108,0,108,270
04/24/2010,JQF,NC,ASO,ES,Federal Contract Tower,2,2,38,0,42,0,0,43,2,45,2,2,81,2,87,32,0,32,119
04/25/2010,JQF,NC,ASO,ES,Federal Contract Tower,5,3,64,0,72,0,0,10,0,10,5,3,74,0,82,0,0,0,82
04/26/2010,JQF,NC,ASO,ES,Federal Contract Tower,4,10,33,0,47,0,0,38,0,38,4,10,71,0,85,42,0,42,127
04/27/2010,JQF,NC,ASO,ES,Federal Contract Tower,0,17,34,0,51,0,0,35,0,35,0,17,69,0,86,46,0,46,132
04/28/2010,JQF,NC,ASO,ES,Federal Contract Tower,0,13,32,0,45,0,1,82,0,83,0,14,114,0,128,42,0,42,170
04/29/2010,JQF,NC,ASO,ES,Federal Contract Tower,7,15,63,0,85,0,2,108,0,110,7,17,171,0,195,68,0,68,263
04/30/2010,JQF,NC,ASO,ES,Federal Contract Tower,5,14,50,0,69,0,0,111,0,111,5,14,161,0,180,78,0,78,258
05/01/2010,JQF,NC,ASO,ES,Federal Contract Tower,4,4,41,1,50,0,0,81,7,88,4,4,122,8,138,114,0,114,252
05/02/2010,JQF,NC,ASO,ES,Federal Contract Tower,6,1,31,0,38,0,0,44,0,44,6,1,75,0,82,38,0,38,120
05/03/2010,JQF,NC,ASO,ES,Federal Contract Tower,0,9,23,6,38,0,0,2,0,2,0,9,25,6,40,0,28,28,68
05/04/2010,JQF,NC,ASO,ES,Federal Contract Tower,0,13,24,0,37,0,1,70,0,71,0,14,94,0,108,144,0,144,252
05/05/2010,JQF,NC,ASO,ES,Federal Contract Tower,0,18,44,0,62,0,0,71,0,71,0,18,115,0,133,114,0,114,247
05/06/2010,JQF,NC,ASO,ES,Federal Contract Tower,0,15,40,0,55,0,0,86,0,86,0,15,126,0,141,164,0,164,305
05/07/2010,JQF,NC,ASO,ES,Federal Contract Tower,0,18,36,0,54,0,0,83,0,83,0,18,119,0,137,82,0,82,219
05/08/2010,JQF,NC,ASO,ES,Federal Contract Tower,0,6,13,0,19,0,0,62,0,62,0,6,75,0,81,84,0,84,165
05/09/2010,JQF,NC,ASO,ES,Federal Contract Tower,0,4,28,0,32,0,0,54,0,54,0,4,82,0,86,0,0,0,86
05/10/2010,JQF,NC,ASO,ES,Federal Contract Tower,0,16,38,0,54,0,0,81,0,81,0,16,119,0,135,20,0,20,155
05/11/2010,JQF,NC,ASO,ES,Federal Contract Tower,0,11,39,0,50,0,0,82,0,82,0,11,121,0,132,24,0,24,156
05/12/2010,JQF,NC,ASO,ES,Federal Contract Tower,1,15,35,0,51,0,0,51,0,51,1,15,86,0,102,66,0,66,168
05/13/2010,JQF,NC,ASO,ES,Federal Contract Tower,9,13,96,0,118,0,0,97,0,97,9,13,193,0,215,150,0,150,365
05/14/2010,JQF,NC,ASO,ES,Federal Contract Tower,2,20,36,0,58,0,0,77,0,77,2,20,113,0,135,90,0,90,225
05/15/2010,JQF,NC,ASO,ES,Federal Contract Tower,5,4,34,0,43,0,0,63,0,63,5,4,97,0,106,0,0,0,106
05/16/2010,JQF,NC,ASO,ES,Federal Contract Tower,6,10,52,0,68,0,0,46,0,46,6,10,98,0,114,0,0,0,114
05/17/2010,JQF,NC,ASO,ES,Federal Contract Tower,1,15,32,0,48,0,0,0,0,0,1,15,32,0,48,0,0,0,48
05/18/2010,JQF,NC,ASO,ES,Federal Contract Tower,0,12,39,0,51,0,0,17,0,17,0,12,56,0,68,56,0,56,124
05/19/2010,JQF,NC,ASO,ES,Federal Contract Tower,1,12,54,0,67,0,0,40,0,40,1,12,94,0,107,140,0,140,247
05/20/2010,JQF,NC,ASO,ES,Federal Contract Tower,1,20,37,2,60,0,0,125,0,125,1,20,162,2,185,44,0,44,229
05/21/2010,JQF,NC,ASO,ES,Federal Contract Tower,0,17,55,0,72,0,17,85,4,106,0,34,140,4,178,78,0,78,256
05/22/2010,JQF,NC,ASO,ES,Federal Contract Tower,0,3,38,0,41,0,212,50,0,262,0,215,88,0,303,34,0,34,337
05/23/2010,JQF,NC,ASO,ES,Federal Contract Tower,0,2,46,0,48,0,44,52,0,96,0,46,98,0,144,60,0,60,204
05/24/2010,JQF,NC,ASO,ES,Federal Contract Tower,0,14,28,0,42,0,0,13,0,13,0,14,41,0,55,2,0,2,57
05/25/2010,JQF,NC,ASO,ES,Federal Contract Tower,0,14,30,0,44,0,0,28,1,29,0,14,58,1,73,36,0,36,109
05/26/2010,JQF,NC,ASO,ES,Federal Contract Tower,0,15,51,0,66,0,1,71,1,73,0,16,122,1,139,26,0,26,165
05/27/2010,JQF,NC,ASO,ES,Federal Contract Tower,0,17,49,0,66,0,12,90,0,102,0,29,139,0,168,74,0,74,242
05/28/2010,JQF,NC,ASO,ES,Federal Contract Tower,0,19,38,1,58,0,4,83,14,101,0,23,121,15,159,74,0,74,233
05/29/2010,JQF,NC,ASO,ES,Federal Contract Tower,0,3,29,3,35,0,172,85,38,295,0,175,114,41,330,50,12,62,392
05/30/2010,JQF,NC,ASO,ES,Federal Contract Tower,0,3,58,3,64,0,314,77,20,411,0,317,135,23,475,20,0,20,495
05/31/2010,JQF,NC,ASO,ES,Federal Contract Tower,0,0,47,1,48,0,28,7,0,35,0,28,54,1,83,6,0,6,89
06/01/2010,JQF,NC,ASO,ES,Federal Contract Tower,1,13,33,0,47,0,0,33,1,34,1,13,66,1,81,0,0,0,81
06/02/2010,JQF,NC,ASO,ES,Federal Contract Tower,4,17,55,0,76,0,0,43,0,43,4,17,98,0,119,160,0,160,279
06/03/2010,JQF,NC,ASO,ES,Federal Contract Tower,3,21,55,0,79,0,0,52,0,52,3,21,107,0,131,102,0,102,233
06/04/2010,JQF,NC,ASO,ES,Federal Contract Tower,3,15,29,0,47,0,0,79,0,79,3,15,108,0,126,88,0,88,214
06/05/2010,JQF,NC,ASO,ES,Federal Contract Tower,2,2,19,0,23,0,0,93,0,93,2,2,112,0,116,102,0,102,218
06/06/2010,JQF,NC,ASO,ES,Federal Contract Tower,5,2,29,0,36,0,0,72,0,72,5,2,101,0,108,38,0,38,146
06/07/2010,JQF,NC,ASO,ES,Federal Contract Tower,0,14,38,0,52,0,0,73,0,73,0,14,111,0,125,6,0,6,131
06/08/2010,JQF,NC,ASO,ES,Federal Contract Tower,1,17,35,2,55,0,0,100,0,100,1,17,135,2,155,30,24,54,209
06/09/2010,JQF,NC,ASO,ES,Federal Contract Tower,0,19,54,0,73,0,0,119,0,119,0,19,173,0,192,68,0,68,260
06/10/2010,JQF,NC,ASO,ES,Federal Contract Tower,8,17,48,0,73,0,0,85,0,85,8,17,133,0,158,34,0,34,192
06/11/2010,JQF,NC,ASO,ES,Federal Contract Tower,3,12,30,0,45,0,0,78,0,78,3,12,108,0,123,78,0,78,201
06/12/2010,JQF,NC,ASO,ES,Federal Contract Tower,3,5,31,0,39,0,0,68,4,72,3,5,99,4,111,36,0,36,147
06/13/2010,JQF,NC,ASO,ES,Federal Contract Tower,9,0,37,0,46,0,0,50,0,50,9,0,87,0,96,42,0,42,138
06/14/2010,JQF,NC,ASO,ES,Federal Contract Tower,1,10,31,0,42,0,0,53,0,53,1,10,84,0,95,80,0,80,175
06/15/2010,JQF,NC,ASO,ES,Federal Contract Tower,0,14,45,0,59,0,0,47,0,47,0,14,92,0,106,41,0,41,147
06/16/2010,JQF,NC,ASO,ES,Federal Contract Tower,5,13,47,0,65,0,0,65,0,65,5,13,112,0,130,70,0,70,200
06/17/2010,JQF,NC,ASO,ES,Federal Contract Tower,2,12,41,0,55,0,0,74,0,74,2,12,115,0,129,68,0,68,197
06/18/2010,JQF,NC,ASO,ES,Federal Contract Tower,2,14,43,0,59,0,0,81,0,81,2,14,124,0,140,56,0,56,196
06/19/2010,JQF,NC,ASO,ES,Federal Contract Tower,2,2,33,0,37,0,0,79,0,79,2,2,112,0,116,102,0,102,218
06/20/2010,JQF,NC,ASO,ES,Federal Contract Tower,1,0,24,0,25,0,0,37,0,37,1,0,61,0,62,40,0,40,102
06/21/2010,JQF,NC,ASO,ES,Federal Contract Tower,0,16,31,0,47,0,2,71,0,73,0,18,102,0,120,152,0,152,272
06/22/2010,JQF,NC,ASO,ES,Federal Contract Tower,1,12,39,0,52,0,0,87,0,87,1,12,126,0,139,90,0,90,229
06/23/2010,JQF,NC,ASO,ES,Federal Contract Tower,0,16,42,0,58,0,0,61,0,61,0,16,103,0,119,64,0,64,183
06/24/2010,JQF,NC,ASO,ES,Federal Contract Tower,6,13,54,0,73,0,0,79,0,79,6,13,133,0,152,91,0,91,243
06/25/2010,JQF,NC,ASO,ES,Federal Contract Tower,1,14,29,0,44,0,0,67,0,67,1,14,96,0,111,12,0,12,123
06/26/2010,JQF,NC,ASO,ES,Federal Contract Tower,3,2,30,0,35,0,0,65,0,65,3,2,95,0,100,138,0,138,238
06/27/2010,JQF,NC,ASO,ES,Federal Contract Tower,5,4,40,0,49,0,0,57,0,57,5,4,97,0,106,68,0,68,174
06/28/2010,JQF,NC,ASO,ES,Federal Contract Tower,1,10,19,0,30,0,0,48,0,48,1,10,67,0,78,46,0,46,124
06/29/2010,JQF,NC,ASO,ES,Federal Contract Tower,4,14,39,0,57,0,0,57,0,57,4,14,96,0,114,70,0,70,184
06/30/2010,JQF,NC,ASO,ES,Federal Contract Tower,3,19,50,0,72,0,0,8,0,8,3,19,58,0,80,30,0,30,110
07/01/2010,JQF,NC,ASO,ES,Federal Contract Tower,1,16,34,1,52,0,0,77,0,77,1,16,111,1,129,102,24,126,255
07/02/2010,JQF,NC,ASO,ES,Federal Contract Tower,4,16,38,0,58,0,0,87,0,87,4,16,125,0,145,44,0,44,189
07/03/2010,JQF,NC,ASO,ES,Federal Contract Tower,2,2,28,0,32,0,0,99,0,99,2,2,127,0,131,62,0,62,193
07/04/2010,JQF,NC,ASO,ES,Federal Contract Tower,0,0,19,0,19,0,0,50,0,50,0,0,69,0,69,30,0,30,99
07/05/2010,JQF,NC,ASO,ES,Federal Contract Tower,1,6,26,0,33,0,0,84,0,84,1,6,110,0,117,60,0,60,177
07/06/2010,JQF,NC,ASO,ES,Federal Contract Tower,0,10,32,0,42,0,0,74,0,74,0,10,106,0,116,124,0,124,240
07/07/2010,JQF,NC,ASO,ES,Federal Contract Tower,3,18,36,0,57,0,0,60,0,60,3,18,96,0,117,98,0,98,215
07/08/2010,JQF,NC,ASO,ES,Federal Contract Tower,9,14,44,0,67,0,0,60,0,60,9,14,104,0,127,80,0,80,207
07/09/2010,JQF,NC,ASO,ES,Federal Contract Tower,4,13,31,0,48,0,0,106,0,106,4,13,137,0,154,4,0,4,158
07/10/2010,JQF,NC,ASO,ES,Federal Contract Tower,2,3,21,0,26,0,0,53,0,53,2,3,74,0,79,62,0,62,141
07/11/2010,JQF,NC,ASO,ES,Federal Contract Tower,1,3,33,0,37,0,0,57,0,57,1,3,90,0,94,66,0,66,160
07/12/2010,JQF,NC,ASO,ES,Federal Contract Tower,0,10,37,0,47,0,0,10,0,10,0,10,47,0,57,66,0,66,123
07/13/2010,JQF,NC,ASO,ES,Federal Contract Tower,0,12,32,0,44,0,0,40,0,40,0,12,72,0,84,164,0,164,248
07/14/2010,JQF,NC,ASO,ES,Federal Contract Tower,0,17,32,0,49,0,0,58,0,58,0,17,90,0,107,72,0,72,179
07/15/2010,JQF,NC,ASO,ES,Federal Contract Tower,1,14,37,0,52,0,0,77,0,77,1,14,114,0,129,40,0,40,169
07/16/2010,JQF,NC,ASO,ES,Federal Contract Tower,2,11,36,0,49,0,0,54,0,54,2,11,90,0,103,22,0,22,125
07/17/2010,JQF,NC,ASO,ES,Federal Contract Tower,5,2,29,0,36,0,0,47,0,47,5,2,76,0,83,22,0,22,105
07/18/2010,JQF,NC,ASO,ES,Federal Contract Tower,1,2,22,0,25,0,0,64,0,64,1,2,86,0,89,38,0,38,127
07/19/2010,JQF,NC,ASO,ES,Federal Contract Tower,0,11,25,0,36,0,0,56,0,56,0,11,81,0,92,58,0,58,150
07/20/2010,JQF,NC,ASO,ES,Federal Contract Tower,0,16,38,0,54,0,0,76,0,76,0,16,114,0,130,72,0,72,202
07/21/2010,JQF,NC,ASO,ES,Federal Contract Tower,2,15,34,0,51,0,0,61,0,61,2,15,95,0,112,92,0,92,204
07/22/2010,JQF,NC,ASO,ES,Federal Contract Tower,7,16,45,0,68,0,2,79,0,81,7,18,124,0,149,65,0,65,214
07/23/2010,JQF,NC,ASO,ES,Federal Contract Tower,3,16,36,0,55,0,0,95,0,95,3,16,131,0,150,74,0,74,224
07/24/2010,JQF,NC,ASO,ES,Federal Contract Tower,2,5,10,0,17,0,0,68,0,68,2,5,78,0,85,60,0,60,145
07/25/2010,JQF,NC,ASO,ES,Federal Contract Tower,6,0,48,0,54,0,0,48,0,48,6,0,96,0,102,24,0,24,126
07/26/2010,JQF,NC,ASO,ES,Federal Contract Tower,0,14,26,0,40,0,0,38,2,40,0,14,64,2,80,48,0,48,128
07/27/2010,JQF,NC,ASO,ES,Federal Contract Tower,0,15,32,0,47,0,0,33,0,33,0,15,65,0,80,58,0,58,138
07/28/2010,JQF,NC,ASO,ES,Federal Contract Tower,1,14,44,0,59,0,0,32,0,32,1,14,76,0,91,34,0,34,125
07/29/2010,JQF,NC,ASO,ES,Federal Contract Tower,9,17,49,0,75,0,1,61,0,62,9,18,110,0,137,88,0,88,225
07/30/2010,JQF,NC,ASO,ES,Federal Contract Tower,4,13,46,0,63,0,0,89,2,91,4,13,135,2,154,20,0,20,174
07/31/2010,JQF,NC,ASO,ES,Federal Contract Tower,8,2,37,0,47,0,0,55,0,55,8,2,92,0,102,132,0,132,234
08/01/2010,JQF,NC,ASO,ES,Federal Contract Tower,6,2,45,0,53,0,0,0,0,0,6,2,45,0,53,0,0,0,53
08/02/2010,JQF,NC,ASO,ES,Federal Contract Tower,0,11,28,0,39,0,0,16,0,16,0,11,44,0,55,14,0,14,69
08/03/2010,JQF,NC,ASO,ES,Federal Contract Tower,0,12,29,0,41,0,0,60,0,60,0,12,89,0,101,86,0,86,187
08/04/2010,JQF,NC,ASO,ES,Federal Contract Tower,0,14,41,0,55,0,0,60,0,60,0,14,101,0,115,16,0,16,131
08/05/2010,JQF,NC,ASO,ES,Federal Contract Tower,7,17,52,0,76,0,0,61,0,61,7,17,113,0,137,56,0,56,193
08/06/2010,JQF,NC,ASO,ES,Federal Contract Tower,3,17,46,0,66,0,0,31,0,31,3,17,77,0,97,80,0,80,177
08/07/2010,JQF,NC,ASO,ES,Federal Contract Tower,4,2,26,0,32,0,0,78,0,78,4,2,104,0,110,18,0,18,128
08/08/2010,JQF,NC,ASO,ES,Federal Contract Tower,9,2,34,0,45,0,0,68,0,68,9,2,102,0,113,96,0,96,209
08/09/2010,JQF,NC,ASO,ES,Federal Contract Tower,1,10,32,0,43,0,0,34,0,34,1,10,66,0,77,64,0,64,141
08/10/2010,JQF,NC,ASO,ES,Federal Contract Tower,0,13,49,0,62,0,0,86,0,86,0,13,135,0,148,102,0,102,250
08/11/2010,JQF,NC,ASO,ES,Federal Contract Tower,4,14,41,0,59,0,0,60,0,60,4,14,101,0,119,20,0,20,139
08/12/2010,JQF,NC,ASO,ES,Federal Contract Tower,5,17,48,0,70,0,0,80,0,80,5,17,128,0,150,154,0,154,304
08/13/2010,JQF,NC,ASO,ES,Federal Contract Tower,0,14,33,0,47,0,0,62,0,62,0,14,95,0,109,50,0,50,159
08/14/2010,JQF,NC,ASO,ES,Federal Contract Tower,2,5,34,0,41,0,0,38,0,38,2,5,72,0,79,74,0,74,153
08/15/2010,JQF,NC,ASO,ES,Federal Contract Tower,6,4,46,0,56,0,0,28,0,28,6,4,74,0,84,0,0,0,84
08/16/2010,JQF,NC,ASO,ES,Federal Contract Tower,0,10,34,0,44,0,0,32,2,34,0,10,66,2,78,42,0,42,120
08/17/2010,JQF,NC,ASO,ES,Federal Contract Tower,0,17,36,0,53,0,0,55,0,55,0,17,91,0,108,76,4,80,188
08/18/2010,JQF,NC,ASO,ES,Federal Contract Tower,0,13,49,0,62,0,0,39,0,39,0,13,88,0,101,30,0,30,131
08/19/2010,JQF,NC,ASO,ES,Federal Contract Tower,4,18,37,0,59,0,0,11,0,11,4,18,48,0,70,0,0,0,70
08/20/2010,JQF,NC,ASO,ES,Federal Contract Tower,1,14,46,0,61,0,0,42,0,42,1,14,88,0,103,42,0,42,145
08/21/2010,JQF,NC,ASO,ES,Federal Contract Tower,1,3,19,0,23,0,1,65,0,66,1,4,84,0,89,94,0,94,183
08/22/2010,JQF,NC,ASO,ES,Federal Contract Tower,6,2,36,0,44,0,0,56,0,56,6,2,92,0,100,62,0,62,162
08/23/2010,JQF,NC,ASO,ES,Federal Contract Tower,1,12,34,0,47,0,0,54,0,54,1,12,88,0,101,22,0,22,123
08/24/2010,JQF,NC,ASO,ES,Federal Contract Tower,0,16,51,0,67,0,0,39,0,39,0,16,90,0,106,59,0,59,165
08/25/2010,JQF,NC,ASO,ES,Federal Contract Tower,1,11,43,1,56,0,0,40,1,41,1,11,83,2,97,74,0,74,171
08/26/2010,JQF,NC,ASO,ES,Federal Contract Tower,2,19,28,0,49,0,0,76,0,76,2,19,104,0,125,16,0,16,141
08/27/2010,JQF,NC,ASO,ES,Federal Contract Tower,2,17,40,0,59,0,2,79,0,81,2,19,119,0,140,52,0,52,192
08/28/2010,JQF,NC,ASO,ES,Federal Contract Tower,1,2,23,0,26,0,0,84,0,84,1,2,107,0,110,94,0,94,204
08/29/2010,JQF,NC,ASO,ES,Federal Contract Tower,0,4,37,0,41,0,0,56,0,56,0,4,93,0,97,8,0,8,105
08/30/2010,JQF,NC,ASO,ES,Federal Contract Tower,0,12,25,0,37,0,0,61,0,61,0,12,86,0,98,34,0,34,132
08/31/2010,JQF,NC,ASO,ES,Federal Contract Tower,0,15,32,0,47,11,0,123,0,134,11,15,155,0,181,14,0,14,195
09/01/2010,JQF,NC,ASO,ES,Federal Contract Tower,1,18,42,0,61,0,0,98,0,98,1,18,140,0,159,60,0,60,219
09/02/2010,JQF,NC,ASO,ES,Federal Contract Tower,3,13,39,0,55,0,1,86,8,95,3,14,125,8,150,136,0,136,286
09/03/2010,JQF,NC,ASO,ES,Federal Contract Tower,3,12,43,0,58,0,1,76,0,77,3,13,119,0,135,105,0,105,240
09/04/2010,JQF,NC,ASO,ES,Federal Contract Tower,1,2,14,0,17,0,0,64,0,64,1,2,78,0,81,20,0,20,101
09/05/2010,JQF,NC,ASO,ES,Federal Contract Tower,4,0,25,0,29,0,0,48,0,48,4,0,73,0,77,14,0,14,91
09/06/2010,JQF,NC,ASO,ES,Federal Contract Tower,0,2,28,0,30,0,0,35,0,35,0,2,63,0,65,8,0,8,73
09/07/2010,JQF,NC,ASO,ES,Federal Contract Tower,0,7,33,0,40,0,0,87,0,87,0,7,120,0,127,64,0,64,191
09/08/2010,JQF,NC,ASO,ES,Federal Contract Tower,1,8,44,2,55,0,0,59,0,59,1,8,103,2,114,32,0,32,146
09/09/2010,JQF,NC,ASO,ES,Federal Contract Tower,2,10,45,2,59,0,1,101,0,102,2,11,146,2,161,30,0,30,191
09/10/2010,JQF,NC,ASO,ES,Federal Contract Tower,3,13,36,0,52,0,0,118,0,118,3,13,154,0,170,58,0,58,228
09/11/2010,JQF,NC,ASO,ES,Federal Contract Tower,4,4,33,0,41,0,0,48,0,48,4,4,81,0,89,68,0,68,157
09/12/2010,JQF,NC,ASO,ES,Federal Contract Tower,1,1,34,0,36,0,0,38,0,38,1,1,72,0,74,24,0,24,98
09/13/2010,JQF,NC,ASO,ES,Federal Contract Tower,0,6,24,0,30,0,0,57,0,57,0,6,81,0,87,46,0,46,133
09/14/2010,JQF,NC,ASO,ES,Federal Contract Tower,0,11,29,0,40,0,0,87,0,87,0,11,116,0,127,48,0,48,175
09/15/2010,JQF,NC,ASO,ES,Federal Contract Tower,0,11,52,0,63,0,0,79,0,79,0,11,131,0,142,60,0,60,202
09/16/2010,JQF,NC,ASO,ES,Federal Contract Tower,3,9,50,0,62,0,60,0,0,60,3,69,50,0,122,150,0,150,272
09/17/2010,JQF,NC,ASO,ES,Federal Contract Tower,1,14,26,0,41,0,2,59,0,61,1,16,85,0,102,92,0,92,194
09/18/2010,JQF,NC,ASO,ES,Federal Contract Tower,3,2,28,0,33,0,0,67,0,67,3,2,95,0,100,85,0,85,185
09/19/2010,JQF,NC,ASO,ES,Federal Contract Tower,5,4,58,0,67,0,0,91,0,91,5,4,149,0,158,40,0,40,198
09/20/2010,JQF,NC,ASO,ES,Federal Contract Tower,0,11,28,0,39,0,0,88,0,88,0,11,116,0,127,16,0,16,143
09/21/2010,JQF,NC,ASO,ES,Federal Contract Tower,0,7,51,0,58,0,0,97,0,97,0,7,148,0,155,56,0,56,211
09/22/2010,JQF,NC,ASO,ES,Federal Contract Tower,0,9,44,0,53,0,0,85,0,85,0,9,129,0,138,46,0,46,184
09/23/2010,JQF,NC,ASO,ES,Federal Contract Tower,7,12,68,0,87,0,0,91,0,91,7,12,159,0,178,102,0,102,280
09/24/2010,JQF,NC,ASO,ES,Federal Contract Tower,1,5,60,0,66,0,0,78,0,78,1,5,138,0,144,92,0,92,236
09/25/2010,JQF,NC,ASO,ES,Federal Contract Tower,3,2,28,0,33,0,0,76,0,76,3,2,104,0,109,80,0,80,189
09/26/2010,JQF,NC,ASO,ES,Federal Contract Tower,6,9,62,0,77,0,0,14,0,14,6,9,76,0,91,0,0,0,91
09/27/2010,JQF,NC,ASO,ES,Federal Contract Tower,0,2,21,0,23,0,0,1,0,1,0,2,22,0,24,0,0,0,24
09/28/2010,JQF,NC,ASO,ES,Federal Contract Tower,1,2,48,0,51,0,0,78,0,78,1,2,126,0,129,120,0,120,249
09/29/2010,JQF,NC,ASO,ES,Federal Contract Tower,2,2,48,0,52,0,0,2,0,2,2,2,50,0,54,0,0,0,54
09/30/2010,JQF,NC,ASO,ES,Federal Contract Tower,11,4,47,0,62,0,0,43,0,43,11,4,90,0,105,44,0,44,149
10/01/2010,JQF,NC,ASO,ES,Federal Contract Tower,0,2,37,0,39,0,0,81,0,81,0,2,118,0,120,74,0,74,194
10/02/2010,JQF,NC,ASO,ES,Federal Contract Tower,3,3,34,0,40,0,0,75,0,75,3,3,109,0,115,50,0,50,165
10/03/2010,JQF,NC,ASO,ES,Federal Contract Tower,6,2,49,0,57,0,0,52,1,53,6,2,101,1,110,26,0,26,136
10/04/2010,JQF,NC,ASO,ES,Federal Contract Tower,1,2,39,1,43,0,0,42,0,42,1,2,81,1,85,104,0,104,189
10/05/2010,JQF,NC,ASO,ES,Federal Contract Tower,0,2,37,0,39,0,0,77,8,85,0,2,114,8,124,42,0,42,166
10/06/2010,JQF,NC,ASO,ES,Federal Contract Tower,2,8,38,0,48,0,0,72,0,72,2,8,110,0,120,50,0,50,170
10/07/2010,JQF,NC,ASO,ES,Federal Contract Tower,4,5,38,0,47,0,0,76,0,76,4,5,114,0,123,68,0,68,191
10/08/2010,JQF,NC,ASO,ES,Federal Contract Tower,1,12,29,0,42,0,0,120,0,120,1,12,149,0,162,130,0,130,292
10/09/2010,JQF,NC,ASO,ES,Federal Contract Tower,0,4,30,0,34,0,0,66,0,66,0,4,96,0,100,38,0,38,138
10/10/2010,JQF,NC,ASO,ES,Federal Contract Tower,0,6,30,0,36,0,1,49,0,50,0,7,79,0,86,26,0,26,112
10/11/2010,JQF,NC,ASO,ES,Federal Contract Tower,0,2,33,0,35,0,0,49,0,49,0,2,82,0,84,52,0,52,136
10/12/2010,JQF,NC,ASO,ES,Federal Contract Tower,0,8,77,0,85,0,0,88,0,88,0,8,165,0,173,110,0,110,283
10/13/2010,JQF,NC,ASO,ES,Federal Contract Tower,0,4,48,1,53,0,0,80,0,80,0,4,128,1,133,136,0,136,269
10/14/2010,JQF,NC,ASO,ES,Federal Contract Tower,0,6,44,1,51,0,2,78,2,82,0,8,122,3,133,88,0,88,221
10/15/2010,JQF,NC,ASO,ES,Federal Contract Tower,0,6,58,0,64,0,98,78,0,176,0,104,136,0,240,76,0,76,316
10/16/2010,JQF,NC,ASO,ES,Federal Contract Tower,0,23,48,1,72,0,216,119,0,335,0,239,167,1,407,54,0,54,461
10/17/2010,JQF,NC,ASO,ES,Federal Contract Tower,0,4,65,0,69,0,14,86,0,100,0,18,151,0,169,12,0,12,181
10/18/2010,JQF,NC,ASO,ES,Federal Contract Tower,0,1,33,0,34,0,0,78,0,78,0,1,111,0,112,40,0,40,152
10/19/2010,JQF,NC,ASO,ES,Federal Contract Tower,0,2,45,0,47,0,0,75,0,75,0,2,120,0,122,94,0,94,216
10/20/2010,JQF,NC,ASO,ES,Federal Contract Tower,0,2,48,0,50,0,0,24,0,24,0,2,72,0,74,72,0,72,146
10/21/2010,JQF,NC,ASO,ES,Federal Contract Tower,4,4,44,0,52,0,0,77,0,77,4,4,121,0,129,138,0,138,267
10/22/2010,JQF,NC,ASO,ES,Federal Contract Tower,0,6,37,2,45,0,0,84,0,84,0,6,121,2,129,26,0,26,155
10/23/2010,JQF,NC,ASO,ES,Federal Contract Tower,4,4,26,0,34,0,0,135,1,136,4,4,161,1,170,16,0,16,186
10/24/2010,JQF,NC,ASO,ES,Federal Contract Tower,3,0,36,1,40,0,0,124,0,124,3,0,160,1,164,38,0,38,202
10/25/2010,JQF,NC,ASO,ES,Federal Contract Tower,1,0,30,0,31,0,0,9,0,9,1,0,39,0,40,0,0,0,40
10/26/2010,JQF,NC,ASO,ES,Federal Contract Tower,0,3,46,0,49,0,0,43,0,43,0,3,89,0,92,26,0,26,118
10/27/2010,JQF,NC,ASO,ES,Federal Contract Tower,1,5,22,0,28,0,0,15,0,15,1,5,37,0,43,6,0,6,49
10/28/2010,JQF,NC,ASO,ES,Federal Contract Tower,6,3,49,0,58,0,0,81,1,82,6,3,130,1,140,94,0,94,234
10/29/2010,JQF,NC,ASO,ES,Federal Contract Tower,0,3,47,0,50,0,0,90,0,90,0,3,137,0,140,58,0,58,198
10/30/2010,JQF,NC,ASO,ES,Federal Contract Tower,2,2,21,0,25,0,0,93,0,93,2,2,114,0,118,62,0,62,180
10/31/2010,JQF,NC,ASO,ES,Federal Contract Tower,6,3,39,0,48,0,0,83,0,83,6,3,122,0,131,66,0,66,197
11/01/2010,JQF,NC,ASO,ES,Federal Contract Tower,0,1,37,0,38,0,0,65,0,65,0,1,102,0,103,38,0,38,141
11/02/2010,JQF,NC,ASO,ES,Federal Contract Tower,2,3,38,0,43,0,0,99,0,99,2,3,137,0,142,76,0,76,218
11/03/2010,JQF,NC,ASO,ES,Federal Contract Tower,3,7,59,0,69,0,0,40,0,40,3,7,99,0,109,58,0,58,167
11/04/2010,JQF,NC,ASO,ES,Federal Contract Tower,5,4,40,0,49,0,0,7,1,8,5,4,47,1,57,2,0,2,59
11/05/2010,JQF,NC,ASO,ES,Federal Contract Tower,1,3,24,0,28,0,0,72,0,72,1,3,96,0,100,24,0,24,124
11/06/2010,JQF,NC,ASO,ES,Federal Contract Tower,4,3,27,0,34,0,0,88,0,88,4,3,115,0,122,74,0,74,196
11/07/2010,JQF,NC,ASO,ES,Federal Contract Tower,6,0,45,0,51,0,0,48,0,48,6,0,93,0,99,4,0,4,103
11/08/2010,JQF,NC,ASO,ES,Federal Contract Tower,2,1,35,1,39,0,0,91,1,92,2,1,126,2,131,52,0,52,183
11/09/2010,JQF,NC,ASO,ES,Federal Contract Tower,0,6,32,0,38,0,0,81,2,83,0,6,113,2,121,112,0,112,233
11/10/2010,JQF,NC,ASO,ES,Federal Contract Tower,2,5,44,0,51,0,0,88,0,88,2,5,132,0,139,94,0,94,233
11/11/2010,JQF,NC,ASO,ES,Federal Contract Tower,5,5,33,0,43,0,0,74,0,74,5,5,107,0,117,174,0,174,291
11/12/2010,JQF,NC,ASO,ES,Federal Contract Tower,1,3,33,0,37,0,0,67,0,67,1,3,100,0,104,54,0,54,158
11/13/2010,JQF,NC,ASO,ES,Federal Contract Tower,1,4,27,0,32,0,0,82,0,82,1,4,109,0,114,74,0,74,188
11/14/2010,JQF,NC,ASO,ES,Federal Contract Tower,0,1,27,0,28,0,0,76,0,76,0,1,103,0,104,8,0,8,112
11/15/2010,JQF,NC,ASO,ES,Federal Contract Tower,2,0,26,0,28,0,0,22,6,28,2,0,48,6,56,78,0,78,134
11/16/2010,JQF,NC,ASO,ES,Federal Contract Tower,2,5,65,0,72,0,0,23,0,23,2,5,88,0,95,26,0,26,121
11/17/2010,JQF,NC,ASO,ES,Federal Contract Tower,0,4,31,0,35,0,0,87,4,91,0,4,118,4,126,65,0,65,191
11/18/2010,JQF,NC,ASO,ES,Federal Contract Tower,6,2,52,0,60,0,0,71,0,71,6,2,123,0,131,52,0,52,183
11/19/2010,JQF,NC,ASO,ES,Federal Contract Tower,0,10,33,0,43,0,0,87,0,87,0,10,120,0,130,60,0,60,190
11/20/2010,JQF,NC,ASO,ES,Federal Contract Tower,2,3,12,0,17,0,0,88,0,88,2,3,100,0,105,102,0,102,207
11/21/2010,JQF,NC,ASO,ES,Federal Contract Tower,6,1,38,0,45,0,0,69,0,69,6,1,107,0,114,88,0,88,202
11/22/2010,JQF,NC,ASO,ES,Federal Contract Tower,1,3,29,0,33,0,0,69,0,69,1,3,98,0,102,16,2,18,120
11/23/2010,JQF,NC,ASO,ES,Federal Contract Tower,1,4,37,0,42,0,0,29,0,29,1,4,66,0,71,20,0,20,91
11/24/2010,JQF,NC,ASO,ES,Federal Contract Tower,0,3,30,0,33,0,0,57,0,57,0,3,87,0,90,24,0,24,114
11/25/2010,JQF,NC,ASO,ES,Federal Contract Tower,0,2,10,0,12,0,0,0,0,0,0,2,10,0,12,0,0,0,12
11/26/2010,JQF,NC,ASO,ES,Federal Contract Tower,0,3,17,0,20,0,0,6,0,6,0,3,23,0,26,34,0,34,60
11/27/2010,JQF,NC,ASO,ES,Federal Contract Tower,0,2,21,0,23,0,0,74,0,74,0,2,95,0,97,42,0,42,139
11/28/2010,JQF,NC,ASO,ES,Federal Contract Tower,0,2,39,0,41,0,0,58,0,58,0,2,97,0,99,16,0,16,115
11/29/2010,JQF,NC,ASO,ES,Federal Contract Tower,0,1,32,0,33,0,0,34,7,41,0,1,66,7,74,0,16,16,90
11/30/2010,JQF,NC,ASO,ES,Federal Contract Tower,0,17,18,0,35,0,0,0,0,0,0,17,18,0,35,0,0,0,35
12/01/2010,JQF,NC,ASO,ES,Federal Contract Tower,0,19,37,0,56,0,0,24,0,24,0,19,61,0,80,2,0,2,82
12/02/2010,JQF,NC,ASO,ES,Federal Contract Tower,0,8,47,0,55,0,0,58,0,58,0,8,105,0,113,86,0,86,199
12/03/2010,JQF,NC,ASO,ES,Federal Contract Tower,0,4,17,0,21,0,0,73,0,73,0,4,90,0,94,62,0,62,156
12/04/2010,JQF,NC,ASO,ES,Federal Contract Tower,0,2,29,0,31,0,0,32,0,32,0,2,61,0,63,0,0,0,63
12/05/2010,JQF,NC,ASO,ES,Federal Contract Tower,0,3,20,0,23,0,0,39,0,39,0,3,59,0,62,0,0,0,62
12/06/2010,JQF,NC,ASO,ES,Federal Contract Tower,1,2,28,0,31,0,0,25,10,35,1,2,53,10,66,32,0,32,98
12/07/2010,JQF,NC,ASO,ES,Federal Contract Tower,0,6,37,0,43,0,0,66,2,68,0,6,103,2,111,48,0,48,159
12/08/2010,JQF,NC,ASO,ES,Federal Contract Tower,1,7,50,0,58,0,0,65,0,65,1,7,115,0,123,138,0,138,261
12/09/2010,JQF,NC,ASO,ES,Federal Contract Tower,0,7,58,0,65,0,0,49,0,49,0,7,107,0,114,152,0,152,266
12/10/2010,JQF,NC,ASO,ES,Federal Contract Tower,0,7,42,0,49,0,0,77,0,77,0,7,119,0,126,206,0,206,332
12/11/2010,JQF,NC,ASO,ES,Federal Contract Tower,1,2,33,0,36,0,0,74,0,74,1,2,107,0,110,56,0,56,166
12/12/2010,JQF,NC,ASO,ES,Federal Contract Tower,1,4,19,0,24,0,0,7,0,7,1,4,26,0,31,2,0,2,33
12/13/2010,JQF,NC,ASO,ES,Federal Contract Tower,0,1,19,0,20,0,0,23,0,23,0,1,42,0,43,16,0,16,59
12/14/2010,JQF,NC,ASO,ES,Federal Contract Tower,0,7,27,0,34,0,1,40,0,41,0,8,67,0,75,10,0,10,85
12/15/2010,JQF,NC,ASO,ES,Federal Contract Tower,0,5,34,0,39,0,0,55,1,56,0,5,89,1,95,114,0,114,209
12/16/2010,JQF,NC,ASO,ES,Federal Contract Tower,0,4,15,0,19,0,0,5,0,5,0,4,20,0,24,56,0,56,80
12/17/2010,JQF,NC,ASO,ES,Federal Contract Tower,0,2,25,0,27,0,0,57,0,57,0,2,82,0,84,4,0,4,88
12/18/2010,JQF,NC,ASO,ES,Federal Contract Tower,0,4,8,0,12,0,0,18,0,18,0,4,26,0,30,10,0,10,40
12/19/2010,JQF,NC,ASO,ES,Federal Contract Tower,0,4,14,0,18,0,0,72,0,72,0,4,86,0,90,64,0,64,154
12/20/2010,JQF,NC,ASO,ES,Federal Contract Tower,0,5,32,0,37,0,0,70,2,72,0,5,102,2,109,80,0,80,189
12/21/2010,JQF,NC,ASO,ES,Federal Contract Tower,0,4,24,0,28,0,0,46,0,46,0,4,70,0,74,48,0,48,122
12/22/2010,JQF,NC,ASO,ES,Federal Contract Tower,0,7,35,0,42,0,0,64,0,64,0,7,99,0,106,42,0,42,148
12/23/2010,JQF,NC,ASO,ES,Federal Contract Tower,0,6,22,0,28,0,0,48,0,48,0,6,70,0,76,8,0,8,84
12/24/2010,JQF,NC,ASO,ES,Federal Contract Tower,0,1,11,0,12,0,0,73,0,73,0,1,84,0,85,74,0,74,159
12/25/2010,JQF,NC,ASO,ES,Federal Contract Tower,0,1,4,0,5,0,0,4,0,4,0,1,8,0,9,0,0,0,9
12/26/2010,JQF,NC,ASO,ES,Federal Contract Tower,0,1,18,0,19,0,0,0,0,0,0,1,18,0,19,0,0,0,19
12/27/2010,JQF,NC,ASO,ES,Federal Contract Tower,0,0,8,0,8,0,0,12,0,12,0,0,20,0,20,20,0,20,40
12/28/2010,JQF,NC,ASO,ES,Federal Contract Tower,0,0,25,0,25,0,0,33,0,33,0,0,58,0,58,34,0,34,92
12/29/2010,JQF,NC,ASO,ES,Federal Contract Tower,0,2,20,1,23,0,0,55,0,55,0,2,75,1,78,50,0,50,128
12/30/2010,JQF,NC,ASO,ES,Federal Contract Tower,0,4,16,0,20,0,0,59,0,59,0,4,75,0,79,132,0,132,211
12/31/2010,JQF,NC,ASO,ES,Federal Contract Tower,0,2,21,0,23,0,0,42,0,42,0,2,63,0,65,102,0,102,167
01/01/2011,JQF,NC,ASO,ES,Federal Contract Tower,0,2,10,0,12,0,0,1,0,1,0,2,11,0,13,0,0,0,13
01/02/2011,JQF,NC,ASO,ES,Federal Contract Tower,0,0,24,0,24,0,0,5,0,5,0,0,29,0,29,36,0,36,65
01/03/2011,JQF,NC,ASO,ES,Federal Contract Tower,0,0,18,0,18,0,0,62,0,62,0,0,80,0,80,50,0,50,130
01/04/2011,JQF,NC,ASO,ES,Federal Contract Tower,0,5,20,0,25,0,0,51,2,53,0,5,71,2,78,34,0,34,112
01/05/2011,JQF,NC,ASO,ES,Federal Contract Tower,0,1,25,0,26,0,1,51,0,52,0,2,76,0,78,60,0,60,138
01/06/2011,JQF,NC,ASO,ES,Federal Contract Tower,0,6,28,0,34,0,0,75,0,75,0,6,103,0,109,90,0,90,199
01/07/2011,JQF,NC,ASO,ES,Federal Contract Tower,0,7,31,0,38,0,0,55,0,55,0,7,86,0,93,114,0,114,207
01/08/2011,JQF,NC,ASO,ES,Federal Contract Tower,0,2,17,0,19,0,0,58,0,58,0,2,75,0,77,16,0,16,93
01/09/2011,JQF,NC,ASO,ES,Federal Contract Tower,0,0,21,0,21,0,0,51,0,51,0,0,72,0,72,22,0,22,94
01/10/2011,JQF,NC,ASO,ES,Federal Contract Tower,0,0,1,0,1,0,0,0,0,0,0,0,1,0,1,0,0,0,1
01/11/2011,JQF,NC,ASO,ES,Federal Contract Tower,0,0,4,0,4,0,0,0,0,0,0,0,4,0,4,0,0,0,4
01/12/2011,JQF,NC,ASO,ES,Federal Contract Tower,0,4,20,0,24,0,2,33,0,35,0,6,53,0,59,60,0,60,119
01/13/2011,JQF,NC,ASO,ES,Federal Contract Tower,0,2,28,0,30,0,0,43,0,43,0,2,71,0,73,32,0,32,105
01/14/2011,JQF,NC,ASO,ES,Federal Contract Tower,0,10,41,0,51,0,0,67,4,71,0,10,108,4,122,126,0,126,248
01/15/2011,JQF,NC,ASO,ES,Federal Contract Tower,0,4,18,0,22,0,0,80,0,80,0,4,98,0,102,82,0,82,184
01/16/2011,JQF,NC,ASO,ES,Federal Contract Tower,0,0,24,0,24,0,0,81,0,81,0,0,105,0,105,54,0,54,159
01/17/2011,JQF,NC,ASO,ES,Federal Contract Tower,0,4,21,0,25,0,0,49,0,49,0,4,70,0,74,10,0,10,84
01/18/2011,JQF,NC,ASO,ES,Federal Contract Tower,0,0,32,0,32,0,0,5,0,5,0,0,37,0,37,48,0,48,85
01/19/2011,JQF,NC,ASO,ES,Federal Contract Tower,3,6,37,0,46,0,0,46,0,46,3,6,83,0,92,60,0,60,152
01/20/2011,JQF,NC,ASO,ES,Federal Contract Tower,0,10,49,0,59,0,0,55,0,55,0,10,104,0,114,44,0,44,158
01/21/2011,JQF,NC,ASO,ES,Federal Contract Tower,0,5,23,0,28,0,0,102,0,102,0,5,125,0,130,86,0,86,216
01/22/2011,JQF,NC,ASO,ES,Federal Contract Tower,2,3,26,0,31,0,0,72,0,72,2,3,98,0,103,72,0,72,175
01/23/2011,JQF,NC,ASO,ES,Federal Contract Tower,0,0,20,0,20,0,0,60,0,60,0,0,80,0,80,44,0,44,124
01/24/2011,JQF,NC,ASO,ES,Federal Contract Tower,0,0,33,3,36,0,0,56,0,56,0,0,89,3,92,88,0,88,180
01/25/2011,JQF,NC,ASO,ES,Federal Contract Tower,0,2,29,3,34,0,0,22,0,22,0,2,51,3,56,76,0,76,132
01/26/2011,JQF,NC,ASO,ES,Federal Contract Tower,0,5,19,0,24,0,0,5,0,5,0,5,24,0,29,0,0,0,29
01/27/2011,JQF,NC,ASO,ES,Federal Contract Tower,0,7,54,0,61,0,0,65,0,65,0,7,119,0,126,108,0,108,234
01/28/2011,JQF,NC,ASO,ES,Federal Contract Tower,0,7,30,0,37,0,0,71,0,71,0,7,101,0,108,32,0,32,140
01/29/2011,JQF,NC,ASO,ES,Federal Contract Tower,0,1,22,0,23,0,0,101,0,101,0,1,123,0,124,124,0,124,248
01/30/2011,JQF,NC,ASO,ES,Federal Contract Tower,0,1,26,3,30,0,1,101,0,102,0,2,127,3,132,72,0,72,204
01/31/2011,JQF,NC,ASO,ES,Federal Contract Tower,0,2,31,0,33,0,0,10,2,12,0,2,41,2,45,70,0,70,115
02/01/2011,JQF,NC,ASO,ES,Federal Contract Tower,0,6,32,0,38,0,0,4,0,4,0,6,36,0,42,42,0,42,84
02/02/2011,JQF,NC,ASO,ES,Federal Contract Tower,0,2,21,3,26,0,0,23,2,25,0,2,44,5,51,18,0,18,69
02/03/2011,JQF,NC,ASO,ES,Federal Contract Tower,0,0,30,0,30,0,0,69,0,69,0,0,99,0,99,40,0,40,139
02/04/2011,JQF,NC,ASO,ES,Federal Contract Tower,0,2,22,0,24,0,0,1,0,1,0,2,23,0,25,10,0,10,35
02/05/2011,JQF,NC,ASO,ES,Federal Contract Tower,0,4,15,0,19,0,0,1,0,1,0,4,16,0,20,0,0,0,20
02/06/2011,JQF,NC,ASO,ES,Federal Contract Tower,0,2,24,0,26,0,0,109,0,109,0,2,133,0,135,30,0,30,165
02/07/2011,JQF,NC,ASO,ES,Federal Contract Tower,0,7,27,0,34,0,0,63,0,63,0,7,90,0,97,88,0,88,185
02/08/2011,JQF,NC,ASO,ES,Federal Contract Tower,0,3,28,0,31,0,0,74,0,74,0,3,102,0,105,112,0,112,217
02/09/2011,JQF,NC,ASO,ES,Federal Contract Tower,0,4,62,0,66,0,1,62,0,63,0,5,124,0,129,78,0,78,207
02/10/2011,JQF,NC,ASO,ES,Federal Contract Tower,0,0,42,0,42,0,0,77,0,77,0,0,119,0,119,52,0,52,171
02/11/2011,JQF,NC,ASO,ES,Federal Contract Tower,0,3,37,0,40,0,0,97,0,97,0,3,134,0,137,110,0,110,247
02/12/2011,JQF,NC,ASO,ES,Federal Contract Tower,0,6,25,0,31,0,0,125,0,125,0,6,150,0,156,60,0,60,216
02/13/2011,JQF,NC,ASO,ES,Federal Contract Tower,1,1,40,0,42,0,1,90,0,91,1,2,130,0,133,98,0,98,231
02/14/2011,JQF,NC,ASO,ES,Federal Contract Tower,2,0,31,0,33,0,0,53,0,53,2,0,84,0,86,4,0,4,90
02/15/2011,JQF,NC,ASO,ES,Federal Contract Tower,1,2,54,0,57,0,0,70,0,70,1,2,124,0,127,70,0,70,197
02/16/2011,JQF,NC,ASO,ES,Federal Contract Tower,0,2,47,0,49,0,0,65,0,65,0,2,112,0,114,90,0,90,204
02/17/2011,JQF,NC,ASO,ES,Federal Contract Tower,0,7,51,0,58,0,0,56,0,56,0,7,107,0,114,144,0,144,258
02/18/2011,JQF,NC,ASO,ES,Federal Contract Tower,0,2,41,0,43,0,0,106,0,106,0,2,147,0,149,84,0,84,233
02/19/2011,JQF,NC,ASO,ES,Federal Contract Tower,1,1,25,0,27,0,0,96,0,96,1,1,121,0,123,70,0,70,193
02/20/2011,JQF,NC,ASO,ES,Federal Contract Tower,3,5,59,0,67,0,1,78,0,79,3,6,137,0,146,142,0,142,288
02/21/2011,JQF,NC,ASO,ES,Federal Contract Tower,0,2,43,0,45,0,0,54,0,54,0,2,97,0,99,88,0,88,187
02/22/2011,JQF,NC,ASO,ES,Federal Contract Tower,0,2,34,0,36,0,0,67,0,67,0,2,101,0,103,112,0,112,215
02/23/2011,JQF,NC,ASO,ES,Federal Contract Tower,0,5,55,0,60,0,0,70,0,70,0,5,125,0,130,166,0,166,296
02/24/2011,JQF,NC,ASO,ES,Federal Contract Tower,3,4,69,0,76,0,63,0,0,63,3,67,69,0,139,94,0,94,233
02/25/2011,JQF,NC,ASO,ES,Federal Contract Tower,0,4,24,0,28,0,0,24,0,24,0,4,48,0,52,2,0,2,54
02/26/2011,JQF,NC,ASO,ES,Federal Contract Tower,2,2,27,0,31,0,0,129,0,129,2,2,156,0,160,98,0,98,258
02/27/2011,JQF,NC,ASO,ES,Federal Contract Tower,0,2,40,0,42,0,0,79,0,79,0,2,119,0,121,46,0,46,167
02/28/2011,JQF,NC,ASO,ES,Federal Contract Tower,0,4,17,0,21,0,0,17,0,17,0,4,34,0,38,0,0,0,38
03/01/2011,JQF,NC,ASO,ES,Federal Contract Tower,0,1,30,0,31,0,0,87,0,87,0,1,117,0,118,128,0,128,246
03/02/2011,JQF,NC,ASO,ES,Federal Contract Tower,2,3,26,0,31,0,0,77,0,77,2,3,103,0,108,146,0,146,254
03/03/2011,JQF,NC,ASO,ES,Federal Contract Tower,3,6,39,0,48,0,0,89,0,89,3,6,128,0,137,68,0,68,205
03/04/2011,JQF,NC,ASO,ES,Federal Contract Tower,0,3,47,0,50,0,0,86,0,86,0,3,133,0,136,114,0,114,250
03/05/2011,JQF,NC,ASO,ES,Federal Contract Tower,0,0,19,0,19,0,0,49,0,49,0,0,68,0,68,60,0,60,128
03/06/2011,JQF,NC,ASO,ES,Federal Contract Tower,0,0,13,0,13,0,0,0,0,0,0,0,13,0,13,0,0,0,13
03/07/2011,JQF,NC,ASO,ES,Federal Contract Tower,0,2,21,0,23,0,0,88,0,88,0,2,109,0,111,44,0,44,155
03/08/2011,JQF,NC,ASO,ES,Federal Contract Tower,0,3,46,0,49,0,0,61,0,61,0,3,107,0,110,52,0,52,162
03/09/2011,JQF,NC,ASO,ES,Federal Contract Tower,0,7,44,0,51,0,0,5,0,5,0,7,49,0,56,0,0,0,56
03/10/2011,JQF,NC,ASO,ES,Federal Contract Tower,1,2,33,0,36,0,0,29,0,29,1,2,62,0,65,46,0,46,111
03/11/2011,JQF,NC,ASO,ES,Federal Contract Tower,0,5,31,0,36,0,0,79,1,80,0,5,110,1,116,42,0,42,158
03/12/2011,JQF,NC,ASO,ES,Federal Contract Tower,0,0,16,0,16,0,0,113,1,114,0,0,129,1,130,70,0,70,200
03/13/2011,JQF,NC,ASO,ES,Federal Contract Tower,0,3,32,0,35,0,0,90,0,90,0,3,122,0,125,26,0,26,151
03/14/2011,JQF,NC,ASO,ES,Federal Contract Tower,0,0,33,0,33,0,0,62,2,64,0,0,95,2,97,134,0,134,231
03/15/2011,JQF,NC,ASO,ES,Federal Contract Tower,0,6,35,0,41,0,0,21,0,21,0,6,56,0,62,90,0,90,152
03/16/2011,JQF,NC,ASO,ES,Federal Contract Tower,0,2,29,0,31,0,0,55,0,55,0,2,84,0,86,124,0,124,210
03/17/2011,JQF,NC,ASO,ES,Federal Contract Tower,0,2,50,0,52,0,0,95,4,99,0,2,145,4,151,134,0,134,285
03/18/2011,JQF,NC,ASO,ES,Federal Contract Tower,0,2,44,0,46,0,0,98,0,98,0,2,142,0,144,136,0,136,280
03/19/2011,JQF,NC,ASO,ES,Federal Contract Tower,1,0,23,0,24,0,0,103,0,103,1,0,126,0,127,82,0,82,209
03/20/2011,JQF,NC,ASO,ES,Federal Contract Tower,0,1,47,0,48,0,0,87,0,87,0,1,134,0,135,44,0,44,179
03/21/2011,JQF,NC,ASO,ES,Federal Contract Tower,0,5,30,3,38,0,0,61,0,61,0,5,91,3,99,96,0,96,195
03/22/2011,JQF,NC,ASO,ES,Federal Contract Tower,0,2,41,3,46,0,0,83,0,83,0,2,124,3,129,82,0,82,211
03/23/2011,JQF,NC,ASO,ES,Federal Contract Tower,1,2,37,0,40,0,0,57,0,57,1,2,94,0,97,46,0,46,143
03/24/2011,JQF,NC,ASO,ES,Federal Contract Tower,3,2,43,0,48,0,73,0,0,73,3,75,43,0,121,60,0,60,181
03/25/2011,JQF,NC,ASO,ES,Federal Contract Tower,1,3,29,0,33,0,0,107,0,107,1,3,136,0,140,88,0,88,228
03/26/2011,JQF,NC,ASO,ES,Federal Contract Tower,0,1,14,0,15,0,0,15,0,15,0,1,29,0,30,24,0,24,54
03/27/2011,JQF,NC,ASO,ES,Federal Contract Tower,0,3,31,0,34,0,0,1,0,1,0,3,32,0,35,0,0,0,35
03/28/2011,JQF,NC,ASO,ES,Federal Contract Tower,0,1,24,0,25,0,0,5,0,5,0,1,29,0,30,0,0,0,30
03/29/2011,JQF,NC,ASO,ES,Federal Contract Tower,0,7,48,0,55,0,0,88,0,88,0,7,136,0,143,114,0,114,257
03/30/2011,JQF,NC,ASO,ES,Federal Contract Tower,0,0,24,0,24,0,0,0,0,0,0,0,24,0,24,0,0,0,24
03/31/2011,JQF,NC,ASO,ES,Federal Contract Tower,1,0,36,0,37,0,0,3,0,3,1,0,39,0,40,0,0,0,40
04/01/2011,JQF,NC,ASO,ES,Federal Contract Tower,0,0,34,8,42,0,0,67,15,82,0,0,101,23,124,62,0,62,186
04/02/2011,JQF,NC,ASO,ES,Federal Contract Tower,0,0,17,0,17,0,0,46,0,46,0,0,63,0,63,30,0,30,93
04/03/2011,JQF,NC,ASO,ES,Federal Contract Tower,0,0,34,0,34,0,0,115,0,115,0,0,149,0,149,48,0,48,197
04/04/2011,JQF,NC,ASO,ES,Federal Contract Tower,0,2,27,0,29,0,0,34,0,34,0,2,61,0,63,16,0,16,79
04/05/2011,JQF,NC,ASO,ES,Federal Contract Tower,0,3,17,0,20,0,0,24,2,26,0,3,41,2,46,0,0,0,46
04/06/2011,JQF,NC,ASO,ES,Federal Contract Tower,4,5,40,0,49,0,0,77,0,77,4,5,117,0,126,82,0,82,208
04/07/2011,JQF,NC,ASO,ES,Federal Contract Tower,0,4,41,0,45,0,0,72,5,77,0,4,113,5,122,180,0,180,302
04/08/2011,JQF,NC,ASO,ES,Federal Contract Tower,2,2,38,0,42,0,0,98,0,98,2,2,136,0,140,142,0,142,282
04/09/2011,JQF,NC,ASO,ES,Federal Contract Tower,1,2,32,0,35,0,0,73,0,73,1,2,105,0,108,92,0,92,200
04/10/2011,JQF,NC,ASO,ES,Federal Contract Tower,1,0,34,0,35,0,0,68,0,68,1,0,102,0,103,86,0,86,189
04/11/2011,JQF,NC,ASO,ES,Federal Contract Tower,0,3,30,0,33,0,0,21,0,21,0,3,51,0,54,52,0,52,106
04/12/2011,JQF,NC,ASO,ES,Federal Contract Tower,1,6,37,0,44,0,0,25,0,25,1,6,62,0,69,0,0,0,69
04/13/2011,JQF,NC,ASO,ES,Federal Contract Tower,2,4,38,0,44,0,0,92,0,92,2,4,130,0,136,52,0,52,188
04/14/2011,JQF,NC,ASO,ES,Federal Contract Tower,2,3,53,0,58,0,0,114,0,114,2,3,167,0,172,148,0,148,320
04/15/2011,JQF,NC,ASO,ES,Federal Contract Tower,0,5,47,0,52,0,0,98,2,100,0,5,145,2,152,16,0,16,168
04/16/2011,JQF,NC,ASO,ES,Federal Contract Tower,1,1,23,0,25,0,0,18,0,18,1,1,41,0,43,4,0,4,47
04/17/2011,JQF,NC,ASO,ES,Federal Contract Tower,2,4,61,0,67,0,0,96,0,96,2,4,157,0,163,54,0,54,217
04/18/2011,JQF,NC,ASO,ES,Federal Contract Tower,0,3,37,0,40,0,0,64,0,64,0,3,101,0,104,42,0,42,146
04/19/2011,JQF,NC,ASO,ES,Federal Contract Tower,0,1,25,0,26,0,0,74,0,74,0,1,99,0,100,80,0,80,180
04/20/2011,JQF,NC,ASO,ES,Federal Contract Tower,0,0,34,0,34,0,0,76,0,76,0,0,110,0,110,128,0,128,238
04/21/2011,JQF,NC,ASO,ES,Federal Contract Tower,3,2,55,0,60,0,0,75,0,75,3,2,130,0,135,60,0,60,195
04/22/2011,JQF,NC,ASO,ES,Federal Contract Tower,0,0,44,0,44,0,0,0,0,0,0,0,44,0,44,0,0,0,44
04/23/2011,JQF,NC,ASO,ES,Federal Contract Tower,2,1,34,0,37,0,0,52,1,53,2,1,86,1,90,78,0,78,168
04/24/2011,JQF,NC,ASO,ES,Federal Contract Tower,0,1,21,0,22,0,0,43,0,43,0,1,64,0,65,12,0,12,77
04/25/2011,JQF,NC,ASO,ES,Federal Contract Tower,0,1,41,0,42,0,0,78,0,78,0,1,119,0,120,116,0,116,236
04/26/2011,JQF,NC,ASO,ES,Federal Contract Tower,0,4,27,0,31,0,0,46,0,46,0,4,73,0,77,22,0,22,99
04/27/2011,JQF,NC,ASO,ES,Federal Contract Tower,0,4,49,0,53,0,0,31,0,31,0,4,80,0,84,64,0,64,148
04/28/2011,JQF,NC,ASO,ES,Federal Contract Tower,3,5,47,0,55,0,0,39,0,39,3,5,86,0,94,2,0,2,96
04/29/2011,JQF,NC,ASO,ES,Federal Contract Tower,2,0,67,0,69,0,0,89,2,91,2,0,156,2,160,78,0,78,238
04/30/2011,JQF,NC,ASO,ES,Federal Contract Tower,2,1,35,0,38,0,0,117,0,117,2,1,152,0,155,113,0,113,268
05/01/2011,JQF,NC,ASO,ES,Federal Contract Tower,0,2,32,0,34,0,0,71,0,71,0,2,103,0,105,154,0,154,259
05/02/2011,JQF,NC,ASO,ES,Federal Contract Tower,0,0,32,0,32,0,0,48,0,48,0,0,80,0,80,22,0,22,102
05/03/2011,JQF,NC,ASO,ES,Federal Contract Tower,0,2,32,0,34,0,0,36,0,36,0,2,68,0,70,68,0,68,138
05/04/2011,JQF,NC,ASO,ES,Federal Contract Tower,0,0,33,0,33,0,0,89,0,89,0,0,122,0,122,50,0,50,172
05/05/2011,JQF,NC,ASO,ES,Federal Contract Tower,0,2,51,0,53,0,0,85,0,85,0,2,136,0,138,64,0,64,202
05/06/2011,JQF,NC,ASO,ES,Federal Contract Tower,0,5,36,0,41,0,0,112,0,112,0,5,148,0,153,174,0,174,327
05/07/2011,JQF,NC,ASO,ES,Federal Contract Tower,0,3,25,0,28,0,0,100,0,100,0,3,125,0,128,40,0,40,168
05/08/2011,JQF,NC,ASO,ES,Federal Contract Tower,0,3,24,0,27,0,0,53,0,53,0,3,77,0,80,18,0,18,98
05/09/2011,JQF,NC,ASO,ES,Federal Contract Tower,0,6,28,0,34,0,0,76,1,77,0,6,104,1,111,118,0,118,229
05/10/2011,JQF,NC,ASO,ES,Federal Contract Tower,0,0,43,0,43,0,0,64,0,64,0,0,107,0,107,48,0,48,155
05/11/2011,JQF,NC,ASO,ES,Federal Contract Tower,1,7,48,0,56,0,0,30,4,34,1,7,78,4,90,64,0,64,154
05/12/2011,JQF,NC,ASO,ES,Federal Contract Tower,4,5,81,0,90,0,0,41,0,41,4,5,122,0,131,88,0,88,219
05/13/2011,JQF,NC,ASO,ES,Federal Contract Tower,0,4,43,0,47,0,0,44,0,44,0,4,87,0,91,44,0,44,135
05/14/2011,JQF,NC,ASO,ES,Federal Contract Tower,2,6,28,0,36,0,0,32,0,32,2,6,60,0,68,52,0,52,120
05/15/2011,JQF,NC,ASO,ES,Federal Contract Tower,2,4,40,0,46,0,0,47,0,47,2,4,87,0,93,44,0,44,137
05/16/2011,JQF,NC,ASO,ES,Federal Contract Tower,0,2,23,0,25,0,0,53,0,53,0,2,76,0,78,42,0,42,120
05/17/2011,JQF,NC,ASO,ES,Federal Contract Tower,0,0,46,0,46,0,0,7,0,7,0,0,53,0,53,20,0,20,73
05/18/2011,JQF,NC,ASO,ES,Federal Contract Tower,0,2,49,0,51,0,0,64,0,64,0,2,113,0,115,60,0,60,175
05/19/2011,JQF,NC,ASO,ES,Federal Contract Tower,0,4,58,0,62,0,0,85,0,85,0,4,143,0,147,142,0,142,289
05/20/2011,JQF,NC,ASO,ES,Federal Contract Tower,1,5,45,0,51,0,0,139,0,139,1,5,184,0,190,160,0,160,350
05/21/2011,JQF,NC,ASO,ES,Federal Contract Tower,0,3,39,4,46,0,183,170,0,353,0,186,209,4,399,54,0,54,453
05/22/2011,JQF,NC,ASO,ES,Federal Contract Tower,4,5,67,0,76,0,32,103,0,135,4,37,170,0,211,10,0,10,221
05/23/2011,JQF,NC,ASO,ES,Federal Contract Tower,1,2,41,0,44,0,0,75,0,75,1,2,116,0,119,96,0,96,215
05/24/2011,JQF,NC,ASO,ES,Federal Contract Tower,0,2,40,0,42,0,0,72,0,72,0,2,112,0,114,79,0,79,193
05/25/2011,JQF,NC,ASO,ES,Federal Contract Tower,0,3,52,0,55,0,0,78,0,78,0,3,130,0,133,130,0,130,263
05/26/2011,JQF,NC,ASO,ES,Federal Contract Tower,0,12,48,0,60,0,24,94,2,120,0,36,142,2,180,108,0,108,288
05/27/2011,JQF,NC,ASO,ES,Federal Contract Tower,0,2,40,0,42,0,0,31,0,31,0,2,71,0,73,32,12,44,117
05/28/2011,JQF,NC,ASO,ES,Federal Contract Tower,0,3,40,0,43,0,78,63,6,147,0,81,103,6,190,12,6,18,208
05/29/2011,JQF,NC,ASO,ES,Federal Contract Tower,0,1,50,1,52,0,200,59,0,259,0,201,109,1,311,44,0,44,355
05/30/2011,JQF,NC,ASO,ES,Federal Contract Tower,0,5,30,3,38,0,12,122,0,134,0,17,152,3,172,56,4,60,232
05/31/2011,JQF,NC,ASO,ES,Federal Contract Tower,0,5,37,0,42,0,0,71,0,71,0,5,108,0,113,38,0,38,151
06/01/2011,JQF,NC,ASO,ES,Federal Contract Tower,0,6,44,0,50,0,0,71,0,71,0,6,115,0,121,118,0,118,239
06/02/2011,JQF,NC,ASO,ES,Federal Contract Tower,4,1,38,2,45,0,0,102,0,102,4,1,140,2,147,108,0,108,255
06/03/2011,JQF,NC,ASO,ES,Federal Contract Tower,1,2,50,0,53,0,0,129,0,129,1,2,179,0,182,106,0,106,288
06/04/2011,JQF,NC,ASO,ES,Federal Contract Tower,4,3,15,0,22,0,14,107,0,121,4,17,122,0,143,40,0,40,183
06/05/2011,JQF,NC,ASO,ES,Federal Contract Tower,4,0,40,0,44,0,0,59,0,59,4,0,99,0,103,6,0,6,109
06/06/2011,JQF,NC,ASO,ES,Federal Contract Tower,0,4,19,0,23,0,0,104,0,104,0,4,123,0,127,72,0,72,199
06/07/2011,JQF,NC,ASO,ES,Federal Contract Tower,0,4,27,0,31,0,0,76,2,78,0,4,103,2,109,10,0,10,119
06/08/2011,JQF,NC,ASO,ES,Federal Contract Tower,2,5,44,0,51,0,0,116,0,116,2,5,160,0,167,106,0,106,273
06/09/2011,JQF,NC,ASO,ES,Federal Contract Tower,1,6,51,0,58,0,0,55,4,59,1,6,106,4,117,156,0,156,273
06/10/2011,JQF,NC,ASO,ES,Federal Contract Tower,0,2,41,0,43,0,0,88,1,89,0,2,129,1,132,162,0,162,294
06/11/2011,JQF,NC,ASO,ES,Federal Contract Tower,0,0,21,0,21,0,0,65,0,65,0,0,86,0,86,28,0,28,114
06/12/2011,JQF,NC,ASO,ES,Federal Contract Tower,4,5,51,0,60,0,0,72,0,72,4,5,123,0,132,62,0,62,194
06/13/2011,JQF,NC,ASO,ES,Federal Contract Tower,0,2,43,0,45,0,0,81,0,81,0,2,124,0,126,94,0,94,220
06/14/2011,JQF,NC,ASO,ES,Federal Contract Tower,0,2,41,0,43,0,0,105,0,105,0,2,146,0,148,132,0,132,280
06/15/2011,JQF,NC,ASO,ES,Federal Contract Tower,0,4,48,0,52,0,0,70,0,70,0,4,118,0,122,80,0,80,202
06/16/2011,JQF,NC,ASO,ES,Federal Contract Tower,4,7,70,0,81,0,0,71,2,73,4,7,141,2,154,40,0,40,194
06/17/2011,JQF,NC,ASO,ES,Federal Contract Tower,0,1,29,0,30,0,0,89,0,89,0,1,118,0,119,56,0,56,175
06/18/2011,JQF,NC,ASO,ES,Federal Contract Tower,1,0,29,0,30,0,0,69,0,69,1,0,98,0,99,118,0,118,217
06/19/2011,JQF,NC,ASO,ES,Federal Contract Tower,4,2,44,0,50,0,0,68,0,68,4,2,112,0,118,64,0,64,182
06/20/2011,JQF,NC,ASO,ES,Federal Contract Tower,0,4,23,0,27,0,0,82,2,84,0,4,105,2,111,16,0,16,127
06/21/2011,JQF,NC,ASO,ES,Federal Contract Tower,0,9,38,0,47,0,0,103,0,103,0,9,141,0,150,120,0,120,270
06/22/2011,JQF,NC,ASO,ES,Federal Contract Tower,0,3,38,0,41,0,0,105,0,105,0,3,143,0,146,76,0,76,222
06/23/2011,JQF,NC,ASO,ES,Federal Contract Tower,0,2,46,0,48,0,0,76,0,76,0,2,122,0,124,74,0,74,198
06/24/2011,JQF,NC,ASO,ES,Federal Contract Tower,0,2,41,0,43,0,0,73,0,73,0,2,114,0,116,106,0,106,222
06/25/2011,JQF,NC,ASO,ES,Federal Contract Tower,0,2,21,0,23,0,0,116,0,116,0,2,137,0,139,100,0,100,239
06/26/2011,JQF,NC,ASO,ES,Federal Contract Tower,0,0,23,0,23,0,0,104,0,104,0,0,127,0,127,72,0,72,199
06/27/2011,JQF,NC,ASO,ES,Federal Contract Tower,0,2,33,0,35,0,0,76,0,76,0,2,109,0,111,38,0,38,149
06/28/2011,JQF,NC,ASO,ES,Federal Contract Tower,1,2,41,0,44,0,0,52,0,52,1,2,93,0,96,64,0,64,160
06/29/2011,JQF,NC,ASO,ES,Federal Contract Tower,4,1,69,0,74,0,0,106,0,106,4,1,175,0,180,134,0,134,314
06/30/2011,JQF,NC,ASO,ES,Federal Contract Tower,2,2,48,0,52,0,0,127,0,127,2,2,175,0,179,106,0,106,285
07/01/2011,JQF,NC,ASO,ES,Federal Contract Tower,1,2,36,0,39,0,0,111,0,111,1,2,147,0,150,46,0,46,196
07/02/2011,JQF,NC,ASO,ES,Federal Contract Tower,2,2,30,0,34,0,0,124,0,124,2,2,154,0,158,106,0,106,264
07/03/2011,JQF,NC,ASO,ES,Federal Contract Tower,0,3,29,0,32,0,0,73,0,73,0,3,102,0,105,86,0,86,191
07/04/2011,JQF,NC,ASO,ES,Federal Contract Tower,0,4,16,0,20,0,0,30,0,30,0,4,46,0,50,0,0,0,50
07/05/2011,JQF,NC,ASO,ES,Federal Contract Tower,0,1,35,0,36,0,0,47,0,47,0,1,82,0,83,74,0,74,157
07/06/2011,JQF,NC,ASO,ES,Federal Contract Tower,4,7,39,0,50,0,0,39,0,39,4,7,78,0,89,82,0,82,171
07/07/2011,JQF,NC,ASO,ES,Federal Contract Tower,6,1,32,0,39,0,0,41,0,41,6,1,73,0,80,68,0,68,148
07/08/2011,JQF,NC,ASO,ES,Federal Contract Tower,1,4,36,0,41,0,0,50,0,50,1,4,86,0,91,72,0,72,163
07/09/2011,JQF,NC,ASO,ES,Federal Contract Tower,1,2,43,0,46,0,0,36,0,36,1,2,79,0,82,54,0,54,136
07/10/2011,JQF,NC,ASO,ES,Federal Contract Tower,0,4,45,0,49,0,0,38,0,38,0,4,83,0,87,58,0,58,145
07/11/2011,JQF,NC,ASO,ES,Federal Contract Tower,0,5,36,0,41,0,0,65,0,65,0,5,101,0,106,54,0,54,160
07/12/2011,JQF,NC,ASO,ES,Federal Contract Tower,0,0,41,0,41,0,0,62,0,62,0,0,103,0,103,54,0,54,157
07/13/2011,JQF,NC,ASO,ES,Federal Contract Tower,0,14,39,0,53,0,0,64,0,64,0,14,103,0,117,34,0,34,151
07/14/2011,JQF,NC,ASO,ES,Federal Contract Tower,3,3,52,0,58,0,0,85,2,87,3,3,137,2,145,154,0,154,299
07/15/2011,JQF,NC,ASO,ES,Federal Contract Tower,1,5,35,0,41,0,0,39,0,39,1,5,74,0,80,94,0,94,174
07/16/2011,JQF,NC,ASO,ES,Federal Contract Tower,2,1,35,0,38,0,0,66,0,66,2,1,101,0,104,46,0,46,150
07/17/2011,JQF,NC,ASO,ES,Federal Contract Tower,4,2,48,0,54,0,0,58,0,58,4,2,106,0,112,20,0,20,132
07/18/2011,JQF,NC,ASO,ES,Federal Contract Tower,1,4,35,0,40,0,0,80,0,80,1,4,115,0,120,30,0,30,150
07/19/2011,JQF,NC,ASO,ES,Federal Contract Tower,0,8,29,0,37,0,0,98,6,104,0,8,127,6,141,94,0,94,235
07/20/2011,JQF,NC,ASO,ES,Federal Contract Tower,0,1,40,0,41,0,0,96,0,96,0,1,136,0,137,70,0,70,207
07/21/2011,JQF,NC,ASO,ES,Federal Contract Tower,2,4,33,0,39,0,0,75,0,75,2,4,108,0,114,88,0,88,202
07/22/2011,JQF,NC,ASO,ES,Federal Contract Tower,1,0,27,0,28,0,0,54,0,54,1,0,81,0,82,72,0,72,154
07/23/2011,JQF,NC,ASO,ES,Federal Contract Tower,1,0,25,0,26,0,0,64,0,64,1,0,89,0,90,84,0,84,174
07/24/2011,JQF,NC,ASO,ES,Federal Contract Tower,0,2,29,0,31,0,4,42,0,46,0,6,71,0,77,46,0,46,123
07/25/2011,JQF,NC,ASO,ES,Federal Contract Tower,0,1,22,0,23,0,0,41,0,41,0,1,63,0,64,30,0,30,94
07/26/2011,JQF,NC,ASO,ES,Federal Contract Tower,0,0,33,0,33,0,4,79,0,83,0,4,112,0,116,98,0,98,214
07/27/2011,JQF,NC,ASO,ES,Federal Contract Tower,0,2,44,0,46,0,13,79,0,92,0,15,123,0,138,108,0,108,246
07/28/2011,JQF,NC,ASO,ES,Federal Contract Tower,3,11,51,0,65,0,6,89,0,95,3,17,140,0,160,76,0,76,236
07/29/2011,JQF,NC,ASO,ES,Federal Contract Tower,0,5,42,0,47,0,6,73,0,79,0,11,115,0,126,30,0,30,156
07/30/2011,JQF,NC,ASO,ES,Federal Contract Tower,1,1,16,0,18,0,10,84,0,94,1,11,100,0,112,16,0,16,128
07/31/2011,JQF,NC,ASO,ES,Federal Contract Tower,2,6,52,0,60,0,0,41,0,41,2,6,93,0,101,46,0,46,147
08/01/2011,JQF,NC,ASO,ES,Federal Contract Tower,0,3,39,0,42,0,9,41,0,50,0,12,80,0,92,102,0,102,194
08/02/2011,JQF,NC,ASO,ES,Federal Contract Tower,0,5,35,0,40,0,11,98,0,109,0,16,133,0,149,46,0,46,195
08/03/2011,JQF,NC,ASO,ES,Federal Contract Tower,1,2,54,0,57,0,8,101,0,109,1,10,155,0,166,70,0,70,236
08/04/2011,JQF,NC,ASO,ES,Federal Contract Tower,3,6,60,0,69,0,8,77,0,85,3,14,137,0,154,120,0,120,274
08/05/2011,JQF,NC,ASO,ES,Federal Contract Tower,1,3,28,0,32,0,0,6,0,6,1,3,34,0,38,32,0,32,70
08/06/2011,JQF,NC,ASO,ES,Federal Contract Tower,2,2,31,0,35,0,2,12,0,14,2,4,43,0,49,102,0,102,151
08/07/2011,JQF,NC,ASO,ES,Federal Contract Tower,2,2,42,0,46,0,2,65,1,68,2,4,107,1,114,42,0,42,156
08/08/2011,JQF,NC,ASO,ES,Federal Contract Tower,0,2,21,0,23,0,0,69,0,69,0,2,90,0,92,78,0,78,170
08/09/2011,JQF,NC,ASO,ES,Federal Contract Tower,0,6,26,0,32,0,7,80,0,87,0,13,106,0,119,100,0,100,219
08/10/2011,JQF,NC,ASO,ES,Federal Contract Tower,0,3,33,0,36,0,8,78,0,86,0,11,111,0,122,110,0,110,232
08/11/2011,JQF,NC,ASO,ES,Federal Contract Tower,4,7,59,0,70,0,0,56,0,56,4,7,115,0,126,34,0,34,160
08/12/2011,JQF,NC,ASO,ES,Federal Contract Tower,0,1,38,0,39,0,6,69,1,76,0,7,107,1,115,52,0,52,167
08/13/2011,JQF,NC,ASO,ES,Federal Contract Tower,2,0,27,0,29,0,2,15,0,17,2,2,42,0,46,8,0,8,54
08/14/2011,JQF,NC,ASO,ES,Federal Contract Tower,0,2,28,0,30,0,1,11,0,12,0,3,39,0,42,0,0,0,42
08/15/2011,JQF,NC,ASO,ES,Federal Contract Tower,2,0,66,0,68,0,5,65,0,70,2,5,131,0,138,92,0,92,230
08/16/2011,JQF,NC,ASO,ES,Federal Contract Tower,0,0,40,0,40,0,3,65,0,68,0,3,105,0,108,136,0,136,244
08/17/2011,JQF,NC,ASO,ES,Federal Contract Tower,1,4,46,0,51,0,5,70,0,75,1,9,116,0,126,114,0,114,240
08/18/2011,JQF,NC,ASO,ES,Federal Contract Tower,5,0,34,0,39,0,4,96,0,100,5,4,130,0,139,16,0,16,155
08/19/2011,JQF,NC,ASO,ES,Federal Contract Tower,0,0,27,0,27,0,4,67,0,71,0,4,94,0,98,135,0,135,233
08/20/2011,JQF,NC,ASO,ES,Federal Contract Tower,1,3,25,0,29,0,7,43,0,50,1,10,68,0,79,44,0,44,123
08/21/2011,JQF,NC,ASO,ES,Federal Contract Tower,4,0,36,0,40,0,4,35,0,39,4,4,71,0,79,6,0,6,85
08/22/2011,JQF,NC,ASO,ES,Federal Contract Tower,0,4,28,0,32,0,8,61,0,69,0,12,89,0,101,207,0,207,308
08/23/2011,JQF,NC,ASO,ES,Federal Contract Tower,0,0,52,2,54,0,6,94,0,100,0,6,146,2,154,68,0,68,222
08/24/2011,JQF,NC,ASO,ES,Federal Contract Tower,0,2,42,0,44,0,5,71,3,79,0,7,113,3,123,110,0,110,233
08/25/2011,JQF,NC,ASO,ES,Federal Contract Tower,0,10,47,0,57,0,0,96,3,99,0,10,143,3,156,52,0,52,208
08/26/2011,JQF,NC,ASO,ES,Federal Contract Tower,0,2,41,0,43,0,2,38,0,40,0,4,79,0,83,2,0,2,85
08/27/2011,JQF,NC,ASO,ES,Federal Contract Tower,0,3,20,0,23,0,4,8,0,12,0,7,28,0,35,0,0,0,35
08/28/2011,JQF,NC,ASO,ES,Federal Contract Tower,0,4,32,0,36,0,3,96,0,99,0,7,128,0,135,70,0,70,205
08/29/2011,JQF,NC,ASO,ES,Federal Contract Tower,0,9,33,0,42,0,0,99,0,99,0,9,132,0,141,10,0,10,151
08/30/2011,JQF,NC,ASO,ES,Federal Contract Tower,0,6,42,0,48,0,6,70,4,80,0,12,112,4,128,2,0,2,130
08/31/2011,JQF,NC,ASO,ES,Federal Contract Tower,0,6,54,0,60,0,12,100,0,112,0,18,154,0,172,70,0,70,242
09/01/2011,JQF,NC,ASO,ES,Federal Contract Tower,1,3,50,2,56,0,2,75,0,77,1,5,125,2,133,88,0,88,221
09/02/2011,JQF,NC,ASO,ES,Federal Contract Tower,3,6,41,0,50,0,0,62,0,62,3,6,103,0,112,122,0,122,234
09/03/2011,JQF,NC,ASO,ES,Federal Contract Tower,1,0,32,0,33,0,4,29,0,33,1,4,61,0,66,56,0,56,122
09/04/2011,JQF,NC,ASO,ES,Federal Contract Tower,1,0,30,0,31,0,3,50,0,53,1,3,80,0,84,70,0,70,154
09/05/2011,JQF,NC,ASO,ES,Federal Contract Tower,0,0,27,0,27,0,5,5,0,10,0,5,32,0,37,0,0,0,37
09/06/2011,JQF,NC,ASO,ES,Federal Contract Tower,1,2,44,0,47,0,1,15,0,16,1,3,59,0,63,40,6,46,109
09/07/2011,JQF,NC,ASO,ES,Federal Contract Tower,0,1,38,0,39,0,7,66,0,73,0,8,104,0,112,98,0,98,210
09/08/2011,JQF,NC,ASO,ES,Federal Contract Tower,3,1,68,0,72,0,27,88,2,117,3,28,156,2,189,6,0,6,195
09/09/2011,JQF,NC,ASO,ES,Federal Contract Tower,1,8,33,0,42,0,2,85,0,87,1,10,118,0,129,88,0,88,217
09/10/2011,JQF,NC,ASO,ES,Federal Contract Tower,2,1,35,0,38,0,8,126,0,134,2,9,161,0,172,62,0,62,234
09/11/2011,JQF,NC,ASO,ES,Federal Contract Tower,0,2,27,0,29,0,7,78,0,85,0,9,105,0,114,20,0,20,134
09/12/2011,JQF,NC,ASO,ES,Federal Contract Tower,0,0,28,0,28,0,5,43,0,48,0,5,71,0,76,28,0,28,104
09/13/2011,JQF,NC,ASO,ES,Federal Contract Tower,0,2,36,0,38,0,6,80,0,86,0,8,116,0,124,76,0,76,200
09/14/2011,JQF,NC,ASO,ES,Federal Contract Tower,1,1,41,0,43,0,3,88,2,93,1,4,129,2,136,136,0,136,272
09/15/2011,JQF,NC,ASO,ES,Federal Contract Tower,5,0,51,0,56,0,6,95,0,101,5,6,146,0,157,120,0,120,277
09/16/2011,JQF,NC,ASO,ES,Federal Contract Tower,0,4,39,0,43,0,10,73,0,83,0,14,112,0,126,26,0,26,152
09/17/2011,JQF,NC,ASO,ES,Federal Contract Tower,1,1,35,0,37,0,10,43,0,53,1,11,78,0,90,62,0,62,152
09/18/2011,JQF,NC,ASO,ES,Federal Contract Tower,0,5,35,0,40,0,5,43,0,48,0,10,78,0,88,38,0,38,126
09/19/2011,JQF,NC,ASO,ES,Federal Contract Tower,3,5,44,0,52,0,1,29,0,30,3,6,73,0,82,70,0,70,152
09/20/2011,JQF,NC,ASO,ES,Federal Contract Tower,0,1,48,0,49,0,4,50,0,54,0,5,98,0,103,62,0,62,165
09/21/2011,JQF,NC,ASO,ES,Federal Contract Tower,0,4,38,0,42,0,0,0,0,0,0,4,38,0,42,0,0,0,42
09/22/2011,JQF,NC,ASO,ES,Federal Contract Tower,3,3,55,0,61,0,5,32,0,37,3,8,87,0,98,70,0,70,168
09/23/2011,JQF,NC,ASO,ES,Federal Contract Tower,0,0,47,0,47,0,4,6,0,10,0,4,53,0,57,44,0,44,101
09/24/2011,JQF,NC,ASO,ES,Federal Contract Tower,1,4,25,0,30,0,1,18,0,19,1,5,43,0,49,46,0,46,95
09/25/2011,JQF,NC,ASO,ES,Federal Contract Tower,1,1,43,0,45,0,0,4,0,4,1,1,47,0,49,16,0,16,65
09/26/2011,JQF,NC,ASO,ES,Federal Contract Tower,0,4,25,0,29,0,2,15,0,17,0,6,40,0,46,18,0,18,64
09/27/2011,JQF,NC,ASO,ES,Federal Contract Tower,0,1,40,0,41,0,3,26,0,29,0,4,66,0,70,2,0,2,72
09/28/2011,JQF,NC,ASO,ES,Federal Contract Tower,1,17,45,0,63,0,9,67,0,76,1,26,112,0,139,84,0,84,223
09/29/2011,JQF,NC,ASO,ES,Federal Contract Tower,3,0,45,0,48,0,4,75,4,83,3,4,120,4,131,90,0,90,221
09/30/2011,JQF,NC,ASO,ES,Federal Contract Tower,1,6,36,0,43,0,5,75,0,80,1,11,111,0,123,96,0,96,219
10/01/2011,JQF,NC,ASO,ES,Federal Contract Tower,2,0,20,0,22,0,2,76,0,78,2,2,96,0,100,58,0,58,158
10/02/2011,JQF,NC,ASO,ES,Federal Contract Tower,4,1,37,0,42,0,4,59,0,63,4,5,96,0,105,72,0,72,177
10/03/2011,JQF,NC,ASO,ES,Federal Contract Tower,1,10,43,0,54,0,2,55,0,57,1,12,98,0,111,72,0,72,183
10/04/2011,JQF,NC,ASO,ES,Federal Contract Tower,0,5,30,0,35,0,6,76,0,82,0,11,106,0,117,82,0,82,199
10/05/2011,JQF,NC,ASO,ES,Federal Contract Tower,0,3,39,0,42,0,0,74,1,75,0,3,113,1,117,78,0,78,195
10/06/2011,JQF,NC,ASO,ES,Federal Contract Tower,2,5,51,0,58,0,11,94,0,105,2,16,145,0,163,66,0,66,229
10/07/2011,JQF,NC,ASO,ES,Federal Contract Tower,1,10,39,0,50,0,8,83,0,91,1,18,122,0,141,72,0,72,213
10/08/2011,JQF,NC,ASO,ES,Federal Contract Tower,1,1,30,0,32,0,12,84,0,96,1,13,114,0,128,138,0,138,266
10/09/2011,JQF,NC,ASO,ES,Federal Contract Tower,4,3,50,0,57,0,4,58,0,62,4,7,108,0,119,28,0,28,147
10/10/2011,JQF,NC,ASO,ES,Federal Contract Tower,0,7,59,0,66,0,11,54,0,65,0,18,113,0,131,26,0,26,157
10/11/2011,JQF,NC,ASO,ES,Federal Contract Tower,0,2,57,0,59,0,1,4,0,5,0,3,61,0,64,10,0,10,74
10/12/2011,JQF,NC,ASO,ES,Federal Contract Tower,0,3,49,0,52,0,6,24,0,30,0,9,73,0,82,42,0,42,124
10/13/2011,JQF,NC,ASO,ES,Federal Contract Tower,1,5,40,0,46,0,12,39,0,51,1,17,79,0,97,26,0,26,123
10/14/2011,JQF,NC,ASO,ES,Federal Contract Tower,0,11,40,0,51,0,156,81,0,237,0,167,121,0,288,90,0,90,378
10/15/2011,JQF,NC,ASO,ES,Federal Contract Tower,0,2,34,0,36,0,195,94,0,289,0,197,128,0,325,86,0,86,411
10/16/2011,JQF,NC,ASO,ES,Federal Contract Tower,2,7,46,0,55,0,25,94,0,119,2,32,140,0,174,48,0,48,222
10/17/2011,JQF,NC,ASO,ES,Federal Contract Tower,0,3,18,0,21,0,3,65,0,68,0,6,83,0,89,58,0,58,147
10/18/2011,JQF,NC,ASO,ES,Federal Contract Tower,0,4,54,0,58,0,7,72,0,79,0,11,126,0,137,134,0,134,271
10/19/2011,JQF,NC,ASO,ES,Federal Contract Tower,0,3,36,0,39,0,2,1,0,3,0,5,37,0,42,0,0,0,42
10/20/2011,JQF,NC,ASO,ES,Federal Contract Tower,4,5,53,0,62,0,5,81,0,86,4,10,134,0,148,48,0,48,196
10/21/2011,JQF,NC,ASO,ES,Federal Contract Tower,0,3,27,0,30,0,8,82,0,90,0,11,109,0,120,108,0,108,228
10/22/2011,JQF,NC,ASO,ES,Federal Contract Tower,2,0,30,0,32,0,7,83,0,90,2,7,113,0,122,82,0,82,204
10/23/2011,JQF,NC,ASO,ES,Federal Contract Tower,2,4,63,0,69,0,4,62,0,66,2,8,125,0,135,66,0,66,201
10/24/2011,JQF,NC,ASO,ES,Federal Contract Tower,0,2,30,0,32,0,0,87,0,87,0,2,117,0,119,98,0,98,217
10/25/2011,JQF,NC,ASO,ES,Federal Contract Tower,0,3,39,0,42,0,0,56,0,56,0,3,95,0,98,24,0,24,122
10/26/2011,JQF,NC,ASO,ES,Federal Contract Tower,0,4,36,0,40,0,1,111,0,112,0,5,147,0,152,84,0,84,236
10/27/2011,JQF,NC,ASO,ES,Federal Contract Tower,0,6,42,0,48,0,7,93,0,100,0,13,135,0,148,10,0,10,158
10/28/2011,JQF,NC,ASO,ES,Federal Contract Tower,0,2,32,1,35,0,4,41,10,55,0,6,73,11,90,0,0,0,90
10/29/2011,JQF,NC,ASO,ES,Federal Contract Tower,0,7,10,0,17,0,5,122,0,127,0,12,132,0,144,14,0,14,158
10/30/2011,JQF,NC,ASO,ES,Federal Contract Tower,0,0,23,0,23,0,7,291,4,302,0,7,314,4,325,20,0,20,345
10/31/2011,JQF,NC,ASO,ES,Federal Contract Tower,0,1,26,0,27,0,1,62,0,63,0,2,88,0,90,42,0,42,132
11/01/2011,JQF,NC,ASO,ES,Federal Contract Tower,0,5,46,0,51,0,11,60,0,71,0,16,106,0,122,10,0,10,132
11/02/2011,JQF,NC,ASO,ES,Federal Contract Tower,2,18,42,0,62,0,4,83,3,90,2,22,125,3,152,150,0,150,302
11/03/2011,JQF,NC,ASO,ES,Federal Contract Tower,3,7,57,0,67,0,14,88,0,102,3,21,145,0,169,92,0,92,261
11/04/2011,JQF,NC,ASO,ES,Federal Contract Tower,0,6,40,0,46,0,4,19,0,23,0,10,59,0,69,2,0,2,71
11/05/2011,JQF,NC,ASO,ES,Federal Contract Tower,2,1,20,0,23,0,9,72,0,81,2,10,92,0,104,16,0,16,120
11/06/2011,JQF,NC,ASO,ES,Federal Contract Tower,2,5,50,0,57,0,8,84,0,92,2,13,134,0,149,74,0,74,223
11/07/2011,JQF,NC,ASO,ES,Federal Contract Tower,0,4,48,0,52,0,5,68,0,73,0,9,116,0,125,68,0,68,193
11/08/2011,JQF,NC,ASO,ES,Federal Contract Tower,0,3,39,0,42,0,4,78,0,82,0,7,117,0,124,104,0,104,228
11/09/2011,JQF,NC,ASO,ES,Federal Contract Tower,2,6,40,0,48,0,4,93,0,97,2,10,133,0,145,89,0,89,234
11/10/2011,JQF,NC,ASO,ES,Federal Contract Tower,0,10,73,0,83,0,5,18,0,23,0,15,91,0,106,20,0,20,126
11/11/2011,JQF,NC,ASO,ES,Federal Contract Tower,0,4,26,0,30,0,26,112,0,138,0,30,138,0,168,60,0,60,228
11/12/2011,JQF,NC,ASO,ES,Federal Contract Tower,0,0,29,0,29,0,6,101,0,107,0,6,130,0,136,84,0,84,220
11/13/2011,JQF,NC,ASO,ES,Federal Contract Tower,0,1,46,0,47,0,2,79,0,81,0,3,125,0,128,86,0,86,214
11/14/2011,JQF,NC,ASO,ES,Federal Contract Tower,0,4,33,0,37,0,1,94,0,95,0,5,127,0,132,88,0,88,220
11/15/2011,JQF,NC,ASO,ES,Federal Contract Tower,0,2,36,0,38,0,6,39,0,45,0,8,75,0,83,22,0,22,105
11/16/2011,JQF,NC,ASO,ES,Federal Contract Tower,0,4,31,0,35,0,1,7,0,8,0,5,38,0,43,0,0,0,43
11/17/2011,JQF,NC,ASO,ES,Federal Contract Tower,4,2,39,0,45,0,9,47,0,56,4,11,86,0,101,36,0,36,137
11/18/2011,JQF,NC,ASO,ES,Federal Contract Tower,0,1,24,0,25,0,2,79,0,81,0,3,103,0,106,84,0,84,190
11/19/2011,JQF,NC,ASO,ES,Federal Contract Tower,1,0,20,0,21,0,10,63,0,73,1,10,83,0,94,114,0,114,208
11/20/2011,JQF,NC,ASO,ES,Federal Contract Tower,1,0,34,0,35,0,8,77,0,85,1,8,111,0,120,88,0,88,208
11/21/2011,JQF,NC,ASO,ES,Federal Contract Tower,0,6,31,0,37,0,4,53,0,57,0,10,84,0,94,34,0,34,128
11/22/2011,JQF,NC,ASO,ES,Federal Contract Tower,0,3,42,0,45,0,0,50,0,50,0,3,92,0,95,34,0,34,129
11/23/2011,JQF,NC,ASO,ES,Federal Contract Tower,0,9,34,0,43,0,4,62,0,66,0,13,96,0,109,0,0,0,109
11/24/2011,JQF,NC,ASO,ES,Federal Contract Tower,0,0,9,0,9,0,10,37,0,47,0,10,46,0,56,0,0,0,56
11/25/2011,JQF,NC,ASO,ES,Federal Contract Tower,0,2,19,0,21,0,1,95,0,96,0,3,114,0,117,48,0,48,165
11/26/2011,JQF,NC,ASO,ES,Federal Contract Tower,0,5,24,0,29,0,8,109,0,117,0,13,133,0,146,106,0,106,252
11/27/2011,JQF,NC,ASO,ES,Federal Contract Tower,0,3,30,0,33,0,1,38,0,39,0,4,68,0,72,6,0,6,78
11/28/2011,JQF,NC,ASO,ES,Federal Contract Tower,0,4,33,0,37,0,3,19,0,22,0,7,52,0,59,20,0,20,79
11/29/2011,JQF,NC,ASO,ES,Federal Contract Tower,0,4,24,0,28,9,23,0,0,32,9,27,24,0,60,44,0,44,104
11/30/2011,JQF,NC,ASO,ES,Federal Contract Tower,0,8,45,0,53,0,5,90,1,96,0,13,135,1,149,88,0,88,237
12/01/2011,JQF,NC,ASO,ES,Federal Contract Tower,0,8,33,0,41,0,4,86,0,90,0,12,119,0,131,84,0,84,215
12/02/2011,JQF,NC,ASO,ES,Federal Contract Tower,0,3,31,0,34,0,6,69,0,75,0,9,100,0,109,66,0,66,175
12/03/2011,JQF,NC,ASO,ES,Federal Contract Tower,0,1,31,0,32,0,4,82,0,86,0,5,113,0,118,131,0,131,249
12/04/2011,JQF,NC,ASO,ES,Federal Contract Tower,0,2,23,0,25,0,6,59,0,65,0,8,82,0,90,84,0,84,174
12/05/2011,JQF,NC,ASO,ES,Federal Contract Tower,0,2,43,3,48,0,2,39,12,53,0,4,82,15,101,22,0,22,123
12/06/2011,JQF,NC,ASO,ES,Federal Contract Tower,0,7,27,1,35,0,2,11,0,13,0,9,38,1,48,12,0,12,60
12/07/2011,JQF,NC,ASO,ES,Federal Contract Tower,0,17,40,0,57,0,5,0,0,5,0,22,40,0,62,0,0,0,62
12/08/2011,JQF,NC,ASO,ES,Federal Contract Tower,0,7,45,0,52,0,6,57,0,63,0,13,102,0,115,52,0,52,167
12/09/2011,JQF,NC,ASO,ES,Federal Contract Tower,0,21,58,0,79,0,9,89,0,98,0,30,147,0,177,54,0,54,231
12/10/2011,JQF,NC,ASO,ES,Federal Contract Tower,0,2,28,0,30,0,11,93,0,104,0,13,121,0,134,36,0,36,170
12/11/2011,JQF,NC,ASO,ES,Federal Contract Tower,0,0,33,0,33,0,2,95,0,97,0,2,128,0,130,34,0,34,164
12/12/2011,JQF,NC,ASO,ES,Federal Contract Tower,0,6,33,0,39,0,9,42,0,51,0,15,75,0,90,64,0,64,154
12/13/2011,JQF,NC,ASO,ES,Federal Contract Tower,0,6,28,0,34,0,2,50,0,52,0,8,78,0,86,62,0,62,148
12/14/2011,JQF,NC,ASO,ES,Federal Contract Tower,0,7,52,0,59,0,6,66,0,72,0,13,118,0,131,44,0,44,175
12/15/2011,JQF,NC,ASO,ES,Federal Contract Tower,0,1,53,0,54,0,6,46,0,52,0,7,99,0,106,44,0,44,150
12/16/2011,JQF,NC,ASO,ES,Federal Contract Tower,0,2,26,0,28,0,12,40,0,52,0,14,66,0,80,121,0,121,201
12/17/2011,JQF,NC,ASO,ES,Federal Contract Tower,0,1,30,0,31,0,10,39,0,49,0,11,69,0,80,106,0,106,186
12/18/2011,JQF,NC,ASO,ES,Federal Contract Tower,0,2,25,0,27,0,8,77,0,85,0,10,102,0,112,98,0,98,210
12/19/2011,JQF,NC,ASO,ES,Federal Contract Tower,0,3,27,0,30,0,7,75,1,83,0,10,102,1,113,90,0,90,203
12/20/2011,JQF,NC,ASO,ES,Federal Contract Tower,0,6,26,0,32,0,11,58,0,69,0,17,84,0,101,32,0,32,133
12/21/2011,JQF,NC,ASO,ES,Federal Contract Tower,0,2,31,0,33,0,0,0,0,0,0,2,31,0,33,0,0,0,33
12/22/2011,JQF,NC,ASO,ES,Federal Contract Tower,0,6,26,0,32,0,0,4,0,4,0,6,30,0,36,4,0,4,40
12/23/2011,JQF,NC,ASO,ES,Federal Contract Tower,0,4,37,0,41,0,5,64,0,69,0,9,101,0,110,18,0,18,128
12/24/2011,JQF,NC,ASO,ES,Federal Contract Tower,0,1,9,0,10,0,0,30,0,30,0,1,39,0,40,2,0,2,42
12/25/2011,JQF,NC,ASO,ES,Federal Contract Tower,0,0,5,0,5,0,6,10,0,16,0,6,15,0,21,6,0,6,27
12/26/2011,JQF,NC,ASO,ES,Federal Contract Tower,0,5,31,0,36,0,2,68,0,70,0,7,99,0,106,6,0,6,112
12/27/2011,JQF,NC,ASO,ES,Federal Contract Tower,0,2,8,0,10,0,2,2,0,4,0,4,10,0,14,0,0,0,14
12/28/2011,JQF,NC,ASO,ES,Federal Contract Tower,0,2,29,0,31,0,2,101,0,103,0,4,130,0,134,88,0,88,222
12/29/2011,JQF,NC,ASO,ES,Federal Contract Tower,0,1,26,0,27,0,4,143,0,147,0,5,169,0,174,86,0,86,260
12/30/2011,JQF,NC,ASO,ES,Federal Contract Tower,0,2,29,0,31,0,4,70,0,74,0,6,99,0,105,88,0,88,193
12/31/2011,JQF,NC,ASO,ES,Federal Contract Tower,0,0,13,0,13,0,16,77,0,93,0,16,90,0,106,42,0,42,148
01/01/2012,JQF,NC,ASO,ES,Federal Contract Tower,0,2,17,0,19,0,4,25,0,29,0,6,42,0,48,14,0,14,62
01/02/2012,JQF,NC,ASO,ES,Federal Contract Tower,0,2,24,0,26,0,4,67,0,71,0,6,91,0,97,30,0,30,127
01/03/2012,JQF,NC,ASO,ES,Federal Contract Tower,0,2,26,0,28,0,11,18,0,29,0,13,44,0,57,8,0,8,65
01/04/2012,JQF,NC,ASO,ES,Federal Contract Tower,0,1,17,0,18,0,3,46,0,49,0,4,63,0,67,26,0,26,93
01/05/2012,JQF,NC,ASO,ES,Federal Contract Tower,0,5,20,0,25,0,13,77,0,90,0,18,97,0,115,112,0,112,227
01/06/2012,JQF,NC,ASO,ES,Federal Contract Tower,0,4,22,0,26,0,3,99,0,102,0,7,121,0,128,88,0,88,216
01/07/2012,JQF,NC,ASO,ES,Federal Contract Tower,0,0,20,0,20,0,4,107,0,111,0,4,127,0,131,60,0,60,191
01/08/2012,JQF,NC,ASO,ES,Federal Contract Tower,0,0,26,0,26,0,0,40,0,40,0,0,66,0,66,44,0,44,110
01/09/2012,JQF,NC,ASO,ES,Federal Contract Tower,0,3,30,0,33,0,0,0,0,0,0,3,30,0,33,0,0,0,33
01/10/2012,JQF,NC,ASO,ES,Federal Contract Tower,0,5,40,0,45,0,4,63,0,67,0,9,103,0,112,18,0,18,130
01/11/2012,JQF,NC,ASO,ES,Federal Contract Tower,0,5,23,0,28,0,2,0,0,2,0,7,23,0,30,0,0,0,30
01/12/2012,JQF,NC,ASO,ES,Federal Contract Tower,0,7,43,0,50,0,5,32,0,37,0,12,75,0,87,46,0,46,133
01/13/2012,JQF,NC,ASO,ES,Federal Contract Tower,0,5,23,0,28,0,19,65,0,84,0,24,88,0,112,54,0,54,166
01/14/2012,JQF,NC,ASO,ES,Federal Contract Tower,0,0,31,0,31,0,16,63,0,79,0,16,94,0,110,84,0,84,194
01/15/2012,JQF,NC,ASO,ES,Federal Contract Tower,0,2,23,0,25,0,2,74,0,76,0,4,97,0,101,58,0,58,159
01/16/2012,JQF,NC,ASO,ES,Federal Contract Tower,0,4,52,0,56,0,6,88,0,94,0,10,140,0,150,92,0,92,242
01/17/2012,JQF,NC,ASO,ES,Federal Contract Tower,0,1,29,0,30,0,3,32,0,35,0,4,61,0,65,12,0,12,77
01/18/2012,JQF,NC,ASO,ES,Federal Contract Tower,0,2,26,1,29,0,12,59,1,72,0,14,85,2,101,78,0,78,179
01/19/2012,JQF,NC,ASO,ES,Federal Contract Tower,0,3,34,0,37,0,6,77,2,85,0,9,111,2,122,64,0,64,186
01/20/2012,JQF,NC,ASO,ES,Federal Contract Tower,0,4,42,0,46,0,1,51,0,52,0,5,93,0,98,64,0,64,162
01/21/2012,JQF,NC,ASO,ES,Federal Contract Tower,0,5,12,0,17,0,0,0,0,0,0,5,12,0,17,0,0,0,17
01/22/2012,JQF,NC,ASO,ES,Federal Contract Tower,0,0,29,0,29,0,5,0,0,5,0,5,29,0,34,0,0,0,34
01/23/2012,JQF,NC,ASO,ES,Federal Contract Tower,0,6,22,0,28,0,0,0,0,0,0,6,22,0,28,0,0,0,28
01/24/2012,JQF,NC,ASO,ES,Federal Contract Tower,0,8,42,0,50,0,5,54,0,59,0,13,96,0,109,42,0,42,151
01/25/2012,JQF,NC,ASO,ES,Federal Contract Tower,0,8,30,0,38,0,3,62,0,65,0,11,92,0,103,112,0,112,215
01/26/2012,JQF,NC,ASO,ES,Federal Contract Tower,0,4,60,0,64,0,6,15,0,21,0,10,75,0,85,28,0,28,113
01/27/2012,JQF,NC,ASO,ES,Federal Contract Tower,0,5,35,0,40,0,3,20,0,23,0,8,55,0,63,14,0,14,77
01/28/2012,JQF,NC,ASO,ES,Federal Contract Tower,0,0,30,0,30,0,3,107,0,110,0,3,137,0,140,177,0,177,317
01/29/2012,JQF,NC,ASO,ES,Federal Contract Tower,0,1,34,0,35,0,2,92,0,94,0,3,126,0,129,76,0,76,205
01/30/2012,JQF,NC,ASO,ES,Federal Contract Tower,0,4,41,0,45,0,2,77,0,79,0,6,118,0,124,94,0,94,218
01/31/2012,JQF,NC,ASO,ES,Federal Contract Tower,0,3,33,0,36,0,7,92,0,99,0,10,125,0,135,92,0,92,227
02/01/2012,JQF,NC,ASO,ES,Federal Contract Tower,0,3,28,0,31,0,2,84,0,86,0,5,112,0,117,86,0,86,203
02/02/2012,JQF,NC,ASO,ES,Federal Contract Tower,0,2,29,0,31,0,4,63,0,67,0,6,92,0,98,118,0,118,216
02/03/2012,JQF,NC,ASO,ES,Federal Contract Tower,0,3,49,0,52,0,7,106,0,113,0,10,155,0,165,106,0,106,271
02/04/2012,JQF,NC,ASO,ES,Federal Contract Tower,0,2,34,0,36,0,2,4,0,6,0,4,38,0,42,6,0,6,48
02/05/2012,JQF,NC,ASO,ES,Federal Contract Tower,0,0,23,0,23,0,0,0,0,0,0,0,23,0,23,0,0,0,23
02/06/2012,JQF,NC,ASO,ES,Federal Contract Tower,0,4,44,0,48,0,9,78,0,87,0,13,122,0,135,68,0,68,203
02/07/2012,JQF,NC,ASO,ES,Federal Contract Tower,0,2,32,0,34,0,5,75,2,82,0,7,107,2,116,62,0,62,178
02/08/2012,JQF,NC,ASO,ES,Federal Contract Tower,0,2,36,0,38,0,7,59,0,66,0,9,95,0,104,48,0,48,152
02/09/2012,JQF,NC,ASO,ES,Federal Contract Tower,0,3,37,0,40,0,5,107,0,112,0,8,144,0,152,68,0,68,220
02/10/2012,JQF,NC,ASO,ES,Federal Contract Tower,0,2,54,0,56,0,6,51,0,57,0,8,105,0,113,28,0,28,141
02/11/2012,JQF,NC,ASO,ES,Federal Contract Tower,0,1,11,0,12,0,0,8,0,8,0,1,19,0,20,8,0,8,28
02/12/2012,JQF,NC,ASO,ES,Federal Contract Tower,0,2,20,0,22,0,5,65,0,70,0,7,85,0,92,60,0,60,152
02/13/2012,JQF,NC,ASO,ES,Federal Contract Tower,0,4,25,0,29,0,4,45,0,49,0,8,70,0,78,46,0,46,124
02/14/2012,JQF,NC,ASO,ES,Federal Contract Tower,0,4,33,0,37,0,2,65,0,67,0,6,98,0,104,40,0,40,144
02/15/2012,JQF,NC,ASO,ES,Federal Contract Tower,0,2,52,0,54,0,0,111,0,111,0,2,163,0,165,92,0,92,257
02/16/2012,JQF,NC,ASO,ES,Federal Contract Tower,1,2,48,0,51,0,0,0,0,0,1,2,48,0,51,0,0,0,51
02/17/2012,JQF,NC,ASO,ES,Federal Contract Tower,0,2,39,0,41,0,4,52,0,56,0,6,91,0,97,54,0,54,151
02/18/2012,JQF,NC,ASO,ES,Federal Contract Tower,0,3,19,0,22,0,8,109,0,117,0,11,128,0,139,70,0,70,209
02/19/2012,JQF,NC,ASO,ES,Federal Contract Tower,0,3,21,0,24,0,3,0,0,3,0,6,21,0,27,0,0,0,27
02/20/2012,JQF,NC,ASO,ES,Federal Contract Tower,0,6,26,0,32,0,8,83,0,91,0,14,109,0,123,126,0,126,249
02/21/2012,JQF,NC,ASO,ES,Federal Contract Tower,2,2,37,0,41,0,2,103,0,105,2,4,140,0,146,64,0,64,210
02/22/2012,JQF,NC,ASO,ES,Federal Contract Tower,1,6,27,0,34,0,3,76,0,79,1,9,103,0,113,70,0,70,183
02/23/2012,JQF,NC,ASO,ES,Federal Contract Tower,0,8,48,0,56,0,2,38,0,40,0,10,86,0,96,80,0,80,176
02/24/2012,JQF,NC,ASO,ES,Federal Contract Tower,0,11,17,0,28,0,4,29,0,33,0,15,46,0,61,10,0,10,71
02/25/2012,JQF,NC,ASO,ES,Federal Contract Tower,0,2,19,0,21,0,4,23,0,27,0,6,42,0,48,6,0,6,54
02/26/2012,JQF,NC,ASO,ES,Federal Contract Tower,0,1,24,0,25,0,2,92,0,94,0,3,116,0,119,70,0,70,189
02/27/2012,JQF,NC,ASO,ES,Federal Contract Tower,0,1,42,0,43,0,2,4,0,6,0,3,46,0,49,0,0,0,49
02/28/2012,JQF,NC,ASO,ES,Federal Contract Tower,0,7,59,0,66,0,3,86,2,91,0,10,145,2,157,112,0,112,269
02/29/2012,JQF,NC,ASO,ES,Federal Contract Tower,0,1,29,0,30,0,1,8,0,9,0,2,37,0,39,0,0,0,39
03/01/2012,JQF,NC,ASO,ES,Federal Contract Tower,3,2,40,0,45,0,2,68,0,70,3,4,108,0,115,12,0,12,127
03/02/2012,JQF,NC,ASO,ES,Federal Contract Tower,0,1,19,0,20,0,0,7,0,7,0,1,26,0,27,10,0,10,37
03/03/2012,JQF,NC,ASO,ES,Federal Contract Tower,0,2,16,0,18,0,4,32,0,36,0,6,48,0,54,54,0,54,108
03/04/2012,JQF,NC,ASO,ES,Federal Contract Tower,0,0,22,0,22,0,8,38,0,46,0,8,60,0,68,18,0,18,86
03/05/2012,JQF,NC,ASO,ES,Federal Contract Tower,0,4,19,0,23,0,0,20,0,20,0,4,39,0,43,10,0,10,53
03/06/2012,JQF,NC,ASO,ES,Federal Contract Tower,0,4,36,0,40,0,9,103,0,112,0,13,139,0,152,82,0,82,234
03/07/2012,JQF,NC,ASO,ES,Federal Contract Tower,0,5,41,0,46,0,5,38,6,49,0,10,79,6,95,78,0,78,173
03/08/2012,JQF,NC,ASO,ES,Federal Contract Tower,2,6,61,0,69,0,3,54,0,57,2,9,115,0,126,128,0,128,254
03/09/2012,JQF,NC,ASO,ES,Federal Contract Tower,0,4,25,0,29,0,9,45,0,54,0,13,70,0,83,26,0,26,109
03/10/2012,JQF,NC,ASO,ES,Federal Contract Tower,0,3,16,0,19,0,6,93,0,99,0,9,109,0,118,56,0,56,174
03/11/2012,JQF,NC,ASO,ES,Federal Contract Tower,0,0,29,0,29,0,2,92,0,94,0,2,121,0,123,96,0,96,219
03/12/2012,JQF,NC,ASO,ES,Federal Contract Tower,0,4,20,0,24,0,5,48,0,53,0,9,68,0,77,44,0,44,121
03/13/2012,JQF,NC,ASO,ES,Federal Contract Tower,0,5,36,2,43,0,6,43,0,49,0,11,79,2,92,76,0,76,168
03/14/2012,JQF,NC,ASO,ES,Federal Contract Tower,0,7,44,0,51,0,4,86,0,90,0,11,130,0,141,126,0,126,267
03/15/2012,JQF,NC,ASO,ES,Federal Contract Tower,0,4,45,0,49,0,7,74,0,81,0,11,119,0,130,42,0,42,172
03/16/2012,JQF,NC,ASO,ES,Federal Contract Tower,0,6,35,0,41,0,3,70,0,73,0,9,105,0,114,82,0,82,196
03/17/2012,JQF,NC,ASO,ES,Federal Contract Tower,0,3,17,1,21,0,7,68,0,75,0,10,85,1,96,78,0,78,174
03/18/2012,JQF,NC,ASO,ES,Federal Contract Tower,0,0,46,0,46,0,6,52,0,58,0,6,98,0,104,74,0,74,178
03/19/2012,JQF,NC,ASO,ES,Federal Contract Tower,0,18,42,0,60,0,4,56,3,63,0,22,98,3,123,54,0,54,177
03/20/2012,JQF,NC,ASO,ES,Federal Contract Tower,0,6,41,0,47,0,2,48,0,50,0,8,89,0,97,50,0,50,147
03/21/2012,JQF,NC,ASO,ES,Federal Contract Tower,0,4,37,0,41,0,12,75,0,87,0,16,112,0,128,86,2,88,216
03/22/2012,JQF,NC,ASO,ES,Federal Contract Tower,0,4,36,0,40,0,13,72,6,91,0,17,108,6,131,118,0,118,249
03/23/2012,JQF,NC,ASO,ES,Federal Contract Tower,0,2,29,0,31,0,4,69,0,73,0,6,98,0,104,80,0,80,184
03/24/2012,JQF,NC,ASO,ES,Federal Contract Tower,0,0,19,0,19,0,5,12,0,17,0,5,31,0,36,0,0,0,36
03/25/2012,JQF,NC,ASO,ES,Federal Contract Tower,0,0,30,0,30,0,8,45,0,53,0,8,75,0,83,86,0,86,169
03/26/2012,JQF,NC,ASO,ES,Federal Contract Tower,0,1,33,0,34,0,1,84,0,85,0,2,117,0,119,56,0,56,175
03/27/2012,JQF,NC,ASO,ES,Federal Contract Tower,0,1,31,0,32,0,3,71,1,75,0,4,102,1,107,66,0,66,173
03/28/2012,JQF,NC,ASO,ES,Federal Contract Tower,0,4,32,0,36,0,7,29,0,36,0,11,61,0,72,50,0,50,122
03/29/2012,JQF,NC,ASO,ES,Federal Contract Tower,0,2,32,0,34,0,3,92,0,95,0,5,124,0,129,96,0,96,225
03/30/2012,JQF,NC,ASO,ES,Federal Contract Tower,0,1,27,0,28,0,1,71,0,72,0,2,98,0,100,0,0,0,100
03/31/2012,JQF,NC,ASO,ES,Federal Contract Tower,0,4,35,0,39,0,5,56,0,61,0,9,91,0,100,60,0,60,160
04/01/2012,JQF,NC,ASO,ES,Federal Contract Tower,0,0,45,0,45,0,0,69,0,69,0,0,114,0,114,72,0,72,186
04/02/2012,JQF,NC,ASO,ES,Federal Contract Tower,0,4,45,0,49,0,12,70,0,82,0,16,115,0,131,14,0,14,145
04/03/2012,JQF,NC,ASO,ES,Federal Contract Tower,0,9,34,0,43,0,1,77,0,78,0,10,111,0,121,68,0,68,189
04/04/2012,JQF,NC,ASO,ES,Federal Contract Tower,0,3,46,0,49,0,14,75,0,89,0,17,121,0,138,70,0,70,208
04/05/2012,JQF,NC,ASO,ES,Federal Contract Tower,0,6,42,0,48,0,0,42,0,42,0,6,84,0,90,52,0,52,142
04/06/2012,JQF,NC,ASO,ES,Federal Contract Tower,2,1,29,0,32,0,12,60,0,72,2,13,89,0,104,82,0,82,186
04/07/2012,JQF,NC,ASO,ES,Federal Contract Tower,0,1,33,2,36,0,2,100,0,102,0,3,133,2,138,106,0,106,244
04/08/2012,JQF,NC,ASO,ES,Federal Contract Tower,0,3,17,0,20,0,3,40,0,43,0,6,57,0,63,0,0,0,63
04/09/2012,JQF,NC,ASO,ES,Federal Contract Tower,0,7,33,0,40,0,4,73,0,77,0,11,106,0,117,40,0,40,157
04/10/2012,JQF,NC,ASO,ES,Federal Contract Tower,0,1,28,0,29,0,8,62,0,70,0,9,90,0,99,38,0,38,137
04/11/2012,JQF,NC,ASO,ES,Federal Contract Tower,1,7,46,0,54,0,2,56,0,58,1,9,102,0,112,8,0,8,120
04/12/2012,JQF,NC,ASO,ES,Federal Contract Tower,1,3,47,0,51,0,2,78,0,80,1,5,125,0,131,104,0,104,235
04/13/2012,JQF,NC,ASO,ES,Federal Contract Tower,2,3,48,0,53,0,7,95,0,102,2,10,143,0,155,38,0,38,193
04/14/2012,JQF,NC,ASO,ES,Federal Contract Tower,1,4,36,0,41,0,8,112,0,120,1,12,148,0,161,84,0,84,245
04/15/2012,JQF,NC,ASO,ES,Federal Contract Tower,0,7,57,0,64,0,4,43,0,47,0,11,100,0,111,8,0,8,119
04/16/2012,JQF,NC,ASO,ES,Federal Contract Tower,0,3,33,0,36,0,3,67,0,70,0,6,100,0,106,26,0,26,132
04/17/2012,JQF,NC,ASO,ES,Federal Contract Tower,0,6,64,0,70,0,4,60,1,65,0,10,124,1,135,48,0,48,183
04/18/2012,JQF,NC,ASO,ES,Federal Contract Tower,0,6,27,0,33,0,0,17,0,17,0,6,44,0,50,96,0,96,146
04/19/2012,JQF,NC,ASO,ES,Federal Contract Tower,3,11,57,0,71,0,2,63,0,65,3,13,120,0,136,80,0,80,216
04/20/2012,JQF,NC,ASO,ES,Federal Contract Tower,0,1,40,0,41,0,4,65,0,69,0,5,105,0,110,56,0,56,166
04/21/2012,JQF,NC,ASO,ES,Federal Contract Tower,1,0,24,0,25,0,6,87,0,93,1,6,111,0,118,152,0,152,270
04/22/2012,JQF,NC,ASO,ES,Federal Contract Tower,3,2,48,0,53,0,0,7,0,7,3,2,55,0,60,0,0,0,60
04/23/2012,JQF,NC,ASO,ES,Federal Contract Tower,0,4,15,0,19,0,4,29,0,33,0,8,44,0,52,22,0,22,74
04/24/2012,JQF,NC,ASO,ES,Federal Contract Tower,0,4,51,0,55,0,2,69,0,71,0,6,120,0,126,96,0,96,222
04/25/2012,JQF,NC,ASO,ES,Federal Contract Tower,1,3,35,0,39,0,4,80,0,84,1,7,115,0,123,166,0,166,289
04/26/2012,JQF,NC,ASO,ES,Federal Contract Tower,3,9,46,0,58,0,2,26,0,28,3,11,72,0,86,20,0,20,106
04/27/2012,JQF,NC,ASO,ES,Federal Contract Tower,2,3,47,0,52,0,5,84,0,89,2,8,131,0,141,86,0,86,227
04/28/2012,JQF,NC,ASO,ES,Federal Contract Tower,2,0,35,0,37,0,4,43,0,47,2,4,78,0,84,70,0,70,154
04/29/2012,JQF,NC,ASO,ES,Federal Contract Tower,0,2,42,0,44,0,1,61,0,62,0,3,103,0,106,78,0,78,184
04/30/2012,JQF,NC,ASO,ES,Federal Contract Tower,1,3,34,0,38,0,2,43,2,47,1,5,77,2,85,79,0,79,164
05/01/2012,JQF,NC,ASO,ES,Federal Contract Tower,0,8,33,0,41,0,2,49,0,51,0,10,82,0,92,98,0,98,190
05/02/2012,JQF,NC,ASO,ES,Federal Contract Tower,1,11,65,0,77,0,6,67,0,73,1,17,132,0,150,64,0,64,214
05/03/2012,JQF,NC,ASO,ES,Federal Contract Tower,2,3,46,0,51,0,11,66,0,77,2,14,112,0,128,88,0,88,216
05/04/2012,JQF,NC,ASO,ES,Federal Contract Tower,0,5,40,0,45,0,5,47,0,52,0,10,87,0,97,52,0,52,149
05/05/2012,JQF,NC,ASO,ES,Federal Contract Tower,2,1,29,0,32,0,6,59,0,65,2,7,88,0,97,64,0,64,161
05/06/2012,JQF,NC,ASO,ES,Federal Contract Tower,2,3,55,0,60,0,6,41,0,47,2,9,96,0,107,68,0,68,175
05/07/2012,JQF,NC,ASO,ES,Federal Contract Tower,0,3,30,0,33,0,4,45,2,51,0,7,75,2,84,88,0,88,172
05/08/2012,JQF,NC,ASO,ES,Federal Contract Tower,0,3,36,0,39,0,1,30,0,31,0,4,66,0,70,16,0,16,86
05/09/2012,JQF,NC,ASO,ES,Federal Contract Tower,0,7,44,1,52,0,0,2,0,2,0,7,46,1,54,0,0,0,54
05/10/2012,JQF,NC,ASO,ES,Federal Contract Tower,0,9,43,0,52,0,1,90,0,91,0,10,133,0,143,126,0,126,269
05/11/2012,JQF,NC,ASO,ES,Federal Contract Tower,0,5,34,0,39,1,8,77,0,86,1,13,111,0,125,20,0,20,145
05/12/2012,JQF,NC,ASO,ES,Federal Contract Tower,0,1,21,0,22,0,8,110,0,118,0,9,131,0,140,40,0,40,180
05/13/2012,JQF,NC,ASO,ES,Federal Contract Tower,0,2,25,0,27,0,0,8,0,8,0,2,33,0,35,0,0,0,35
05/14/2012,JQF,NC,ASO,ES,Federal Contract Tower,0,4,17,0,21,0,0,6,0,6,0,4,23,0,27,10,0,10,37
05/15/2012,JQF,NC,ASO,ES,Federal Contract Tower,0,2,56,0,58,0,1,52,0,53,0,3,108,0,111,56,0,56,167
05/16/2012,JQF,NC,ASO,ES,Federal Contract Tower,0,5,55,0,60,0,2,90,0,92,0,7,145,0,152,66,0,66,218
05/17/2012,JQF,NC,ASO,ES,Federal Contract Tower,0,5,45,0,50,0,7,62,8,77,0,12,107,8,127,54,0,54,181
05/18/2012,JQF,NC,ASO,ES,Federal Contract Tower,1,4,65,0,70,0,14,106,0,120,1,18,171,0,190,74,0,74,264
05/19/2012,JQF,NC,ASO,ES,Federal Contract Tower,1,2,42,0,45,0,108,89,6,203,1,110,131,6,248,104,0,104,352
05/20/2012,JQF,NC,ASO,ES,Federal Contract Tower,3,5,53,0,61,0,15,41,6,62,3,20,94,6,123,10,0,10,133
05/21/2012,JQF,NC,ASO,ES,Federal Contract Tower,0,6,38,0,44,0,2,47,0,49,0,8,85,0,93,24,0,24,117
05/22/2012,JQF,NC,ASO,ES,Federal Contract Tower,0,7,39,0,46,0,0,54,0,54,0,7,93,0,100,70,0,70,170
05/23/2012,JQF,NC,ASO,ES,Federal Contract Tower,0,13,40,0,53,0,11,63,0,74,0,24,103,0,127,116,0,116,243
05/24/2012,JQF,NC,ASO,ES,Federal Contract Tower,0,5,59,0,64,0,39,70,0,109,0,44,129,0,173,56,0,56,229
05/25/2012,JQF,NC,ASO,ES,Federal Contract Tower,0,3,51,1,55,0,14,104,3,121,0,17,155,4,176,112,6,118,294
05/26/2012,JQF,NC,ASO,ES,Federal Contract Tower,0,0,41,0,41,0,65,71,4,140,0,65,112,4,181,52,4,56,237
05/27/2012,JQF,NC,ASO,ES,Federal Contract Tower,0,7,47,1,55,0,220,50,3,273,0,227,97,4,328,32,0,32,360
05/28/2012,JQF,NC,ASO,ES,Federal Contract Tower,0,4,47,4,55,0,15,39,0,54,0,19,86,4,109,26,0,26,135
05/29/2012,JQF,NC,ASO,ES,Federal Contract Tower,1,3,36,0,40,0,2,12,2,16,1,5,48,2,56,42,0,42,98
05/30/2012,JQF,NC,ASO,ES,Federal Contract Tower,2,7,54,0,63,0,7,64,0,71,2,14,118,0,134,86,0,86,220
05/31/2012,JQF,NC,ASO,ES,Federal Contract Tower,3,2,50,0,55,0,3,111,0,114,3,5,161,0,169,78,0,78,247
06/01/2012,JQF,NC,ASO,ES,Federal Contract Tower,1,7,18,0,26,0,2,38,0,40,1,9,56,0,66,26,0,26,92
06/02/2012,JQF,NC,ASO,ES,Federal Contract Tower,2,1,23,0,26,0,8,104,0,112,2,9,127,0,138,66,0,66,204
06/03/2012,JQF,NC,ASO,ES,Federal Contract Tower,0,0,40,0,40,0,4,93,0,97,0,4,133,0,137,88,0,88,225
06/04/2012,JQF,NC,ASO,ES,Federal Contract Tower,0,1,30,0,31,0,0,80,0,80,0,1,110,0,111,104,0,104,215
06/05/2012,JQF,NC,ASO,ES,Federal Contract Tower,0,6,44,0,50,0,8,58,2,68,0,14,102,2,118,58,0,58,176
06/06/2012,JQF,NC,ASO,ES,Federal Contract Tower,3,1,40,0,44,0,0,65,0,65,3,1,105,0,109,128,0,128,237
06/07/2012,JQF,NC,ASO,ES,Federal Contract Tower,0,1,31,0,32,0,4,75,0,79,0,5,106,0,111,70,0,70,181
06/08/2012,JQF,NC,ASO,ES,Federal Contract Tower,0,4,38,0,42,0,5,111,0,116,0,9,149,0,158,66,0,66,224
06/09/2012,JQF,NC,ASO,ES,Federal Contract Tower,0,0,30,0,30,0,3,73,0,76,0,3,103,0,106,78,0,78,184
06/10/2012,JQF,NC,ASO,ES,Federal Contract Tower,2,0,47,0,49,0,5,70,0,75,2,5,117,0,124,56,0,56,180
06/11/2012,JQF,NC,ASO,ES,Federal Contract Tower,0,1,23,0,24,0,5,2,0,7,0,6,25,0,31,6,0,6,37
06/12/2012,JQF,NC,ASO,ES,Federal Contract Tower,0,2,34,0,36,0,3,10,0,13,0,5,44,0,49,4,0,4,53
06/13/2012,JQF,NC,ASO,ES,Federal Contract Tower,2,2,66,0,70,0,2,76,0,78,2,4,142,0,148,54,0,54,202
06/14/2012,JQF,NC,ASO,ES,Federal Contract Tower,1,4,54,0,59,0,16,102,0,118,1,20,156,0,177,42,0,42,219
06/15/2012,JQF,NC,ASO,ES,Federal Contract Tower,0,4,31,0,35,0,6,88,0,94,0,10,119,0,129,62,0,62,191
06/16/2012,JQF,NC,ASO,ES,Federal Contract Tower,3,0,25,0,28,0,8,64,0,72,3,8,89,0,100,46,0,46,146
06/17/2012,JQF,NC,ASO,ES,Federal Contract Tower,1,1,46,0,48,0,5,73,0,78,1,6,119,0,126,74,0,74,200
06/18/2012,JQF,NC,ASO,ES,Federal Contract Tower,0,6,33,0,39,0,4,105,0,109,0,10,138,0,148,72,0,72,220
06/19/2012,JQF,NC,ASO,ES,Federal Contract Tower,0,3,32,0,35,0,6,80,0,86,0,9,112,0,121,64,0,64,185
06/20/2012,JQF,NC,ASO,ES,Federal Contract Tower,0,3,25,0,28,0,3,81,0,84,0,6,106,0,112,18,0,18,130
06/21/2012,JQF,NC,ASO,ES,Federal Contract Tower,2,1,35,0,38,0,3,101,0,104,2,4,136,0,142,46,0,46,188
06/22/2012,JQF,NC,ASO,ES,Federal Contract Tower,0,1,15,0,16,0,2,84,0,86,0,3,99,0,102,70,0,70,172
06/23/2012,JQF,NC,ASO,ES,Federal Contract Tower,1,0,15,0,16,0,2,63,0,65,1,2,78,0,81,76,0,76,157
06/24/2012,JQF,NC,ASO,ES,Federal Contract Tower,0,0,22,0,22,0,3,60,0,63,0,3,82,0,85,24,0,24,109
06/25/2012,JQF,NC,ASO,ES,Federal Contract Tower,0,3,36,0,39,0,2,48,0,50,0,5,84,0,89,54,0,54,143
06/26/2012,JQF,NC,ASO,ES,Federal Contract Tower,0,3,46,0,49,0,14,83,4,101,0,17,129,4,150,82,0,82,232
06/27/2012,JQF,NC,ASO,ES,Federal Contract Tower,3,6,38,0,47,0,5,78,0,83,3,11,116,0,130,48,0,48,178
06/28/2012,JQF,NC,ASO,ES,Federal Contract Tower,3,4,49,0,56,0,7,69,0,76,3,11,118,0,132,128,0,128,260
06/29/2012,JQF,NC,ASO,ES,Federal Contract Tower,1,4,29,0,34,0,6,80,0,86,1,10,109,0,120,92,0,92,212
06/30/2012,JQF,NC,ASO,ES,Federal Contract Tower,1,0,26,0,27,0,2,45,0,47,1,2,71,0,74,34,0,34,108
07/01/2012,JQF,NC,ASO,ES,Federal Contract Tower,0,2,24,0,26,0,6,40,0,46,0,8,64,0,72,24,0,24,96
07/02/2012,JQF,NC,ASO,ES,Federal Contract Tower,1,1,22,0,24,0,1,53,0,54,1,2,75,0,78,80,0,80,158
07/03/2012,JQF,NC,ASO,ES,Federal Contract Tower,0,4,20,0,24,0,9,71,0,80,0,13,91,0,104,72,0,72,176
07/04/2012,JQF,NC,ASO,ES,Federal Contract Tower,2,1,19,0,22,0,1,30,0,31,2,2,49,0,53,50,0,50,103
07/05/2012,JQF,NC,ASO,ES,Federal Contract Tower,0,2,23,0,25,0,5,66,0,71,0,7,89,0,96,100,0,100,196
07/06/2012,JQF,NC,ASO,ES,Federal Contract Tower,0,2,23,0,25,0,7,97,0,104,0,9,120,0,129,110,0,110,239
07/07/2012,JQF,NC,ASO,ES,Federal Contract Tower,2,2,32,0,36,0,2,67,0,69,2,4,99,0,105,56,0,56,161
07/08/2012,JQF,NC,ASO,ES,Federal Contract Tower,0,3,29,0,32,0,5,44,0,49,0,8,73,0,81,62,0,62,143
07/09/2012,JQF,NC,ASO,ES,Federal Contract Tower,0,7,30,0,37,0,2,52,0,54,0,9,82,0,91,111,0,111,202
07/10/2012,JQF,NC,ASO,ES,Federal Contract Tower,0,5,29,4,38,0,1,26,0,27,0,6,55,4,65,74,0,74,139
07/11/2012,JQF,NC,ASO,ES,Federal Contract Tower,0,4,25,0,29,0,3,11,0,14,0,7,36,0,43,10,0,10,53
07/12/2012,JQF,NC,ASO,ES,Federal Contract Tower,4,3,42,0,49,0,0,16,0,16,4,3,58,0,65,36,6,42,107
07/13/2012,JQF,NC,ASO,ES,Federal Contract Tower,3,6,30,0,39,0,0,9,0,9,3,6,39,0,48,8,0,8,56
07/14/2012,JQF,NC,ASO,ES,Federal Contract Tower,2,5,23,0,30,0,6,30,0,36,2,11,53,0,66,52,0,52,118
07/15/2012,JQF,NC,ASO,ES,Federal Contract Tower,2,1,40,0,43,0,2,72,0,74,2,3,112,0,117,102,0,102,219
07/16/2012,JQF,NC,ASO,ES,Federal Contract Tower,0,2,51,0,53,0,2,62,0,64,0,4,113,0,117,24,0,24,141
07/17/2012,JQF,NC,ASO,ES,Federal Contract Tower,0,3,39,0,42,0,3,89,0,92,0,6,128,0,134,48,0,48,182
07/18/2012,JQF,NC,ASO,ES,Federal Contract Tower,0,6,28,0,34,0,2,73,0,75,0,8,101,0,109,80,0,80,189
07/19/2012,JQF,NC,ASO,ES,Federal Contract Tower,1,2,29,0,32,0,5,65,0,70,1,7,94,0,102,64,0,64,166
07/20/2012,JQF,NC,ASO,ES,Federal Contract Tower,2,7,21,0,30,0,2,28,0,30,2,9,49,0,60,48,0,48,108
07/21/2012,JQF,NC,ASO,ES,Federal Contract Tower,0,1,22,0,23,0,5,17,0,22,0,6,39,0,45,60,0,60,105
07/22/2012,JQF,NC,ASO,ES,Federal Contract Tower,2,1,32,0,35,0,6,69,0,75,2,7,101,0,110,122,0,122,232
07/23/2012,JQF,NC,ASO,ES,Federal Contract Tower,0,6,19,0,25,0,10,78,0,88,0,16,97,0,113,30,0,30,143
07/24/2012,JQF,NC,ASO,ES,Federal Contract Tower,0,7,29,0,36,0,3,66,2,71,0,10,95,2,107,42,0,42,149
07/25/2012,JQF,NC,ASO,ES,Federal Contract Tower,0,9,38,0,47,0,4,64,0,68,0,13,102,0,115,80,0,80,195
07/26/2012,JQF,NC,ASO,ES,Federal Contract Tower,1,4,46,0,51,0,3,73,2,78,1,7,119,2,129,104,0,104,233
07/27/2012,JQF,NC,ASO,ES,Federal Contract Tower,1,2,49,0,52,0,5,53,0,58,1,7,102,0,110,68,0,68,178
07/28/2012,JQF,NC,ASO,ES,Federal Contract Tower,2,1,26,0,29,0,4,84,0,88,2,5,110,0,117,88,0,88,205
07/29/2012,JQF,NC,ASO,ES,Federal Contract Tower,2,1,44,0,47,0,7,74,2,83,2,8,118,2,130,62,0,62,192
07/30/2012,JQF,NC,ASO,ES,Federal Contract Tower,0,2,22,0,24,0,9,52,0,61,0,11,74,0,85,78,0,78,163
07/31/2012,JQF,NC,ASO,ES,Federal Contract Tower,0,6,46,0,52,0,5,40,0,45,0,11,86,0,97,116,0,116,213
08/01/2012,JQF,NC,ASO,ES,Federal Contract Tower,0,5,55,0,60,0,4,89,0,93,0,9,144,0,153,82,0,82,235
08/02/2012,JQF,NC,ASO,ES,Federal Contract Tower,7,2,55,0,64,0,2,91,2,95,7,4,146,2,159,78,0,78,237
08/03/2012,JQF,NC,ASO,ES,Federal Contract Tower,1,4,29,0,34,0,5,52,0,57,1,9,81,0,91,56,0,56,147
08/04/2012,JQF,NC,ASO,ES,Federal Contract Tower,3,0,31,0,34,0,0,33,0,33,3,0,64,0,67,42,0,42,109
08/05/2012,JQF,NC,ASO,ES,Federal Contract Tower,1,2,50,0,53,0,1,51,0,52,1,3,101,0,105,32,0,32,137
08/06/2012,JQF,NC,ASO,ES,Federal Contract Tower,0,8,29,0,37,0,7,33,0,40,0,15,62,0,77,0,0,0,77
08/07/2012,JQF,NC,ASO,ES,Federal Contract Tower,0,3,33,0,36,0,2,25,0,27,0,5,58,0,63,20,0,20,83
08/08/2012,JQF,NC,ASO,ES,Federal Contract Tower,0,3,41,0,44,0,5,37,0,42,0,8,78,0,86,80,0,80,166
08/09/2012,JQF,NC,ASO,ES,Federal Contract Tower,4,7,50,0,61,0,4,71,0,75,4,11,121,0,136,16,0,16,152
08/10/2012,JQF,NC,ASO,ES,Federal Contract Tower,0,4,38,0,42,0,9,30,0,39,0,13,68,0,81,54,0,54,135
08/11/2012,JQF,NC,ASO,ES,Federal Contract Tower,1,0,25,0,26,0,2,28,0,30,1,2,53,0,56,86,0,86,142
08/12/2012,JQF,NC,ASO,ES,Federal Contract Tower,1,3,49,0,53,0,6,75,0,81,1,9,124,0,134,28,0,28,162
08/13/2012,JQF,NC,ASO,ES,Federal Contract Tower,0,2,23,0,25,0,8,54,0,62,0,10,77,0,87,48,0,48,135
08/14/2012,JQF,NC,ASO,ES,Federal Contract Tower,0,2,38,0,40,0,11,77,3,91,0,13,115,3,131,112,0,112,243
08/15/2012,JQF,NC,ASO,ES,Federal Contract Tower,0,2,45,0,47,0,3,68,0,71,0,5,113,0,118,78,0,78,196
08/16/2012,JQF,NC,ASO,ES,Federal Contract Tower,5,4,61,2,72,0,4,80,0,84,5,8,141,2,156,128,0,128,284
08/17/2012,JQF,NC,ASO,ES,Federal Contract Tower,0,8,25,0,33,0,4,51,0,55,0,12,76,0,88,50,0,50,138
08/18/2012,JQF,NC,ASO,ES,Federal Contract Tower,2,5,18,0,25,0,4,55,0,59,2,9,73,0,84,52,0,52,136
08/19/2012,JQF,NC,ASO,ES,Federal Contract Tower,2,4,44,0,50,0,4,6,0,10,2,8,50,0,60,0,0,0,60
08/20/2012,JQF,NC,ASO,ES,Federal Contract Tower,0,2,26,0,28,0,9,32,6,47,0,11,58,6,75,90,0,90,165
08/21/2012,JQF,NC,ASO,ES,Federal Contract Tower,0,3,38,0,41,0,2,67,0,69,0,5,105,0,110,152,0,152,262
08/22/2012,JQF,NC,ASO,ES,Federal Contract Tower,0,3,37,0,40,0,5,70,0,75,0,8,107,0,115,84,0,84,199
08/23/2012,JQF,NC,ASO,ES,Federal Contract Tower,0,5,50,2,57,0,4,78,0,82,0,9,128,2,139,64,2,66,205
08/24/2012,JQF,NC,ASO,ES,Federal Contract Tower,0,4,31,0,35,0,3,58,0,61,0,7,89,0,96,102,0,102,198
08/25/2012,JQF,NC,ASO,ES,Federal Contract Tower,0,2,34,0,36,0,7,66,0,73,0,9,100,0,109,114,0,114,223
08/26/2012,JQF,NC,ASO,ES,Federal Contract Tower,0,3,23,0,26,0,15,59,0,74,0,18,82,0,100,68,2,70,170
08/27/2012,JQF,NC,ASO,ES,Federal Contract Tower,0,3,35,0,38,0,1,47,0,48,0,4,82,0,86,70,0,70,156
08/28/2012,JQF,NC,ASO,ES,Federal Contract Tower,0,6,37,0,43,0,0,13,0,13,0,6,50,0,56,22,0,22,78
08/29/2012,JQF,NC,ASO,ES,Federal Contract Tower,0,8,52,2,62,0,11,46,0,57,0,19,98,2,119,92,0,92,211
08/30/2012,JQF,NC,ASO,ES,Federal Contract Tower,3,8,50,0,61,0,4,47,0,51,3,12,97,0,112,72,0,72,184
08/31/2012,JQF,NC,ASO,ES,Federal Contract Tower,0,1,51,0,52,0,2,43,0,45,0,3,94,0,97,92,0,92,189
09/01/2012,JQF,NC,ASO,ES,Federal Contract Tower,1,0,16,0,17,0,4,59,0,63,1,4,75,0,80,48,0,48,128
09/02/2012,JQF,NC,ASO,ES,Federal Contract Tower,1,4,39,0,44,0,1,55,0,56,1,5,94,0,100,12,0,12,112
09/03/2012,JQF,NC,ASO,ES,Federal Contract Tower,0,7,31,0,38,0,1,46,0,47,0,8,77,0,85,28,0,28,113
09/04/2012,JQF,NC,ASO,ES,Federal Contract Tower,0,16,42,0,58,0,4,3,9,16,0,20,45,9,74,0,0,0,74
09/05/2012,JQF,NC,ASO,ES,Federal Contract Tower,1,14,66,0,81,0,6,7,18,31,1,20,73,18,112,0,0,0,112
09/06/2012,JQF,NC,ASO,ES,Federal Contract Tower,3,21,72,2,98,0,14,7,25,46,3,35,79,27,144,0,0,0,144
09/07/2012,JQF,NC,ASO,ES,Federal Contract Tower,2,15,46,2,65,0,2,23,12,37,2,17,69,14,102,46,0,46,148
09/08/2012,JQF,NC,ASO,ES,Federal Contract Tower,2,4,31,0,37,0,1,33,0,34,2,5,64,0,71,30,0,30,101
09/09/2012,JQF,NC,ASO,ES,Federal Contract Tower,0,0,28,0,28,0,5,52,0,57,0,5,80,0,85,28,0,28,113
09/10/2012,JQF,NC,ASO,ES,Federal Contract Tower,0,4,31,0,35,0,10,75,0,85,0,14,106,0,120,96,0,96,216
09/11/2012,JQF,NC,ASO,ES,Federal Contract Tower,0,9,45,0,54,0,9,62,0,71,0,18,107,0,125,34,0,34,159
09/12/2012,JQF,NC,ASO,ES,Federal Contract Tower,1,9,33,0,43,0,13,79,0,92,1,22,112,0,135,90,0,90,225
09/13/2012,JQF,NC,ASO,ES,Federal Contract Tower,5,8,41,0,54,0,10,87,0,97,5,18,128,0,151,92,0,92,243
09/14/2012,JQF,NC,ASO,ES,Federal Contract Tower,2,3,51,0,56,0,5,85,0,90,2,8,136,0,146,76,0,76,222
09/15/2012,JQF,NC,ASO,ES,Federal Contract Tower,1,6,29,0,36,0,11,101,1,113,1,17,130,1,149,80,0,80,229
09/16/2012,JQF,NC,ASO,ES,Federal Contract Tower,2,7,56,1,66,0,2,18,0,20,2,9,74,1,86,22,0,22,108
09/17/2012,JQF,NC,ASO,ES,Federal Contract Tower,0,2,48,0,50,0,0,12,0,12,0,2,60,0,62,0,0,0,62
09/18/2012,JQF,NC,ASO,ES,Federal Contract Tower,0,4,21,0,25,0,2,0,0,2,0,6,21,0,27,0,0,0,27
09/19/2012,JQF,NC,ASO,ES,Federal Contract Tower,0,4,51,0,55,0,2,78,0,80,0,6,129,0,135,100,0,100,235
09/20/2012,JQF,NC,ASO,ES,Federal Contract Tower,6,13,60,0,79,0,3,79,0,82,6,16,139,0,161,68,0,68,229
09/21/2012,JQF,NC,ASO,ES,Federal Contract Tower,0,7,29,0,36,0,2,76,0,78,0,9,105,0,114,118,0,118,232
09/22/2012,JQF,NC,ASO,ES,Federal Contract Tower,2,3,27,0,32,0,8,56,1,65,2,11,83,1,97,84,0,84,181
09/23/2012,JQF,NC,ASO,ES,Federal Contract Tower,4,3,46,0,53,0,2,72,0,74,4,5,118,0,127,108,0,108,235
09/24/2012,JQF,NC,ASO,ES,Federal Contract Tower,0,8,37,0,45,0,6,52,0,58,0,14,89,0,103,82,0,82,185
09/25/2012,JQF,NC,ASO,ES,Federal Contract Tower,1,5,35,0,41,0,0,81,0,81,1,5,116,0,122,98,0,98,220
09/26/2012,JQF,NC,ASO,ES,Federal Contract Tower,2,7,41,0,50,0,4,70,0,74,2,11,111,0,124,80,0,80,204
09/27/2012,JQF,NC,ASO,ES,Federal Contract Tower,4,5,33,0,42,0,4,50,0,54,4,9,83,0,96,26,0,26,122
09/28/2012,JQF,NC,ASO,ES,Federal Contract Tower,1,5,40,0,46,0,2,61,0,63,1,7,101,0,109,64,0,64,173
09/29/2012,JQF,NC,ASO,ES,Federal Contract Tower,1,2,23,0,26,0,0,6,0,6,1,2,29,0,32,0,0,0,32
09/30/2012,JQF,NC,ASO,ES,Federal Contract Tower,1,1,47,0,49,0,5,38,0,43,1,6,85,0,92,6,0,6,98
10/01/2012,JQF,NC,ASO,ES,Federal Contract Tower,0,1,18,0,19,0,0,1,0,1,0,1,19,0,20,0,0,0,20
10/02/2012,JQF,NC,ASO,ES,Federal Contract Tower,0,1,40,1,42,0,2,10,0,12,0,3,50,1,54,64,0,64,118
10/03/2012,JQF,NC,ASO,ES,Federal Contract Tower,2,3,58,0,63,0,1,59,0,60,2,4,117,0,123,32,0,32,155
10/04/2012,JQF,NC,ASO,ES,Federal Contract Tower,3,5,62,0,70,0,9,55,0,64,3,14,117,0,134,28,0,28,162
10/05/2012,JQF,NC,ASO,ES,Federal Contract Tower,0,4,44,0,48,0,1,64,0,65,0,5,108,0,113,136,0,136,249
10/06/2012,JQF,NC,ASO,ES,Federal Contract Tower,1,0,32,0,33,0,2,99,0,101,1,2,131,0,134,100,0,100,234
10/07/2012,JQF,NC,ASO,ES,Federal Contract Tower,3,0,49,0,52,0,0,3,0,3,3,0,52,0,55,2,0,2,57
10/08/2012,JQF,NC,ASO,ES,Federal Contract Tower,0,5,43,0,48,0,4,12,0,16,0,9,55,0,64,56,0,56,120
10/09/2012,JQF,NC,ASO,ES,Federal Contract Tower,0,5,36,0,41,0,2,10,0,12,0,7,46,0,53,44,0,44,97
10/10/2012,JQF,NC,ASO,ES,Federal Contract Tower,0,6,57,0,63,0,7,103,0,110,0,13,160,0,173,106,0,106,279
10/11/2012,JQF,NC,ASO,ES,Federal Contract Tower,0,11,48,0,59,0,11,69,0,80,0,22,117,0,139,94,0,94,233
10/12/2012,JQF,NC,ASO,ES,Federal Contract Tower,0,10,54,0,64,0,65,100,6,171,0,75,154,6,235,94,0,94,329
10/13/2012,JQF,NC,ASO,ES,Federal Contract Tower,0,10,41,0,51,0,193,71,8,272,0,203,112,8,323,56,0,56,379
10/14/2012,JQF,NC,ASO,ES,Federal Contract Tower,0,7,65,0,72,0,24,101,0,125,0,31,166,0,197,8,0,8,205
10/15/2012,JQF,NC,ASO,ES,Federal Contract Tower,0,6,29,0,35,0,5,21,0,26,0,11,50,0,61,54,0,54,115
10/16/2012,JQF,NC,ASO,ES,Federal Contract Tower,0,7,42,0,49,0,7,93,0,100,0,14,135,0,149,98,0,98,247
10/17/2012,JQF,NC,ASO,ES,Federal Contract Tower,1,4,49,0,54,0,2,76,0,78,1,6,125,0,132,124,0,124,256
10/18/2012,JQF,NC,ASO,ES,Federal Contract Tower,1,5,45,0,51,0,0,33,0,33,1,5,78,0,84,48,0,48,132
10/19/2012,JQF,NC,ASO,ES,Federal Contract Tower,0,2,25,0,27,0,3,67,0,70,0,5,92,0,97,100,0,100,197
10/20/2012,JQF,NC,ASO,ES,Federal Contract Tower,2,2,36,0,40,0,9,72,0,81,2,11,108,0,121,104,0,104,225
10/21/2012,JQF,NC,ASO,ES,Federal Contract Tower,2,1,44,0,47,0,3,97,0,100,2,4,141,0,147,92,0,92,239
10/22/2012,JQF,NC,ASO,ES,Federal Contract Tower,0,3,46,0,49,0,9,48,0,57,0,12,94,0,106,92,0,92,198
10/23/2012,JQF,NC,ASO,ES,Federal Contract Tower,0,3,51,0,54,0,8,70,0,78,0,11,121,0,132,68,0,68,200
10/24/2012,JQF,NC,ASO,ES,Federal Contract Tower,0,2,26,0,28,0,5,71,0,76,0,7,97,0,104,96,0,96,200
10/25/2012,JQF,NC,ASO,ES,Federal Contract Tower,0,7,49,0,56,0,6,90,0,96,0,13,139,0,152,38,0,38,190
10/26/2012,JQF,NC,ASO,ES,Federal Contract Tower,0,2,41,0,43,0,14,108,0,122,0,16,149,0,165,66,0,66,231
10/27/2012,JQF,NC,ASO,ES,Federal Contract Tower,0,6,19,0,25,0,3,14,0,17,0,9,33,0,42,8,0,8,50
10/28/2012,JQF,NC,ASO,ES,Federal Contract Tower,0,3,24,0,27,0,2,50,0,52,0,5,74,0,79,0,0,0,79
10/29/2012,JQF,NC,ASO,ES,Federal Contract Tower,0,7,16,0,23,0,0,6,0,6,0,7,22,0,29,0,0,0,29
10/30/2012,JQF,NC,ASO,ES,Federal Contract Tower,0,4,27,0,31,0,58,10,4,72,0,62,37,4,103,0,0,0,103
10/31/2012,JQF,NC,ASO,ES,Federal Contract Tower,0,2,25,0,27,0,11,49,0,60,0,13,74,0,87,50,0,50,137
11/01/2012,JQF,NC,ASO,ES,Federal Contract Tower,5,1,55,0,61,0,5,72,0,77,5,6,127,0,138,12,0,12,150
11/02/2012,JQF,NC,ASO,ES,Federal Contract Tower,0,2,29,0,31,0,3,69,0,72,0,5,98,0,103,64,0,64,167
11/03/2012,JQF,NC,ASO,ES,Federal Contract Tower,3,3,26,0,32,0,6,87,0,93,3,9,113,0,125,78,0,78,203
11/04/2012,JQF,NC,ASO,ES,Federal Contract Tower,1,4,39,0,44,0,5,60,0,65,1,9,99,0,109,50,0,50,159
11/05/2012,JQF,NC,ASO,ES,Federal Contract Tower,0,6,28,0,34,0,4,49,0,53,0,10,77,0,87,30,0,30,117
11/06/2012,JQF,NC,ASO,ES,Federal Contract Tower,0,7,21,0,28,0,4,51,2,57,0,11,72,2,85,60,0,60,145
11/07/2012,JQF,NC,ASO,ES,Federal Contract Tower,0,7,32,0,39,0,8,49,0,57,0,15,81,0,96,60,0,60,156
11/08/2012,JQF,NC,ASO,ES,Federal Contract Tower,0,7,50,0,57,0,7,83,0,90,0,14,133,0,147,10,0,10,157
11/09/2012,JQF,NC,ASO,ES,Federal Contract Tower,0,2,34,0,36,0,7,63,4,74,0,9,97,4,110,30,0,30,140
11/10/2012,JQF,NC,ASO,ES,Federal Contract Tower,0,1,41,0,42,0,6,82,0,88,0,7,123,0,130,4,0,4,134
11/11/2012,JQF,NC,ASO,ES,Federal Contract Tower,0,0,26,0,26,0,6,78,0,84,0,6,104,0,110,68,0,68,178
11/12/2012,JQF,NC,ASO,ES,Federal Contract Tower,0,4,28,0,32,0,6,39,0,45,0,10,67,0,77,28,0,28,105
11/13/2012,JQF,NC,ASO,ES,Federal Contract Tower,0,1,43,0,44,0,0,20,0,20,0,1,63,0,64,4,0,4,68
11/14/2012,JQF,NC,ASO,ES,Federal Contract Tower,1,5,45,0,51,0,11,68,0,79,1,16,113,0,130,36,0,36,166
11/15/2012,JQF,NC,ASO,ES,Federal Contract Tower,5,11,48,0,64,0,6,13,0,19,5,17,61,0,83,16,0,16,99
11/16/2012,JQF,NC,ASO,ES,Federal Contract Tower,0,7,36,1,44,0,17,66,0,83,0,24,102,1,127,156,0,156,283
11/17/2012,JQF,NC,ASO,ES,Federal Contract Tower,0,1,20,0,21,0,6,27,0,33,0,7,47,0,54,8,0,8,62
11/18/2012,JQF,NC,ASO,ES,Federal Contract Tower,1,0,40,0,41,0,5,31,0,36,1,5,71,0,77,24,0,24,101
11/19/2012,JQF,NC,ASO,ES,Federal Contract Tower,0,5,33,0,38,0,4,59,0,63,0,9,92,0,101,84,0,84,185
11/20/2012,JQF,NC,ASO,ES,Federal Contract Tower,0,4,34,0,38,0,2,47,0,49,0,6,81,0,87,30,0,30,117
11/21/2012,JQF,NC,ASO,ES,Federal Contract Tower,0,5,29,0,34,0,6,57,0,63,0,11,86,0,97,14,0,14,111
11/22/2012,JQF,NC,ASO,ES,Federal Contract Tower,0,0,11,0,11,0,4,29,0,33,0,4,40,0,44,22,0,22,66
11/23/2012,JQF,NC,ASO,ES,Federal Contract Tower,0,4,9,0,13,0,6,35,0,41,0,10,44,0,54,2,0,2,56
11/24/2012,JQF,NC,ASO,ES,Federal Contract Tower,0,1,17,0,18,0,4,51,0,55,0,5,68,0,73,64,0,64,137
11/25/2012,JQF,NC,ASO,ES,Federal Contract Tower,0,7,39,0,46,0,2,54,0,56,0,9,93,0,102,72,0,72,174
11/26/2012,JQF,NC,ASO,ES,Federal Contract Tower,0,3,30,0,33,0,1,62,0,63,0,4,92,0,96,28,0,28,124
11/27/2012,JQF,NC,ASO,ES,Federal Contract Tower,0,7,30,0,37,0,0,3,0,3,0,7,33,0,40,18,0,18,58
11/28/2012,JQF,NC,ASO,ES,Federal Contract Tower,0,8,50,2,60,0,4,36,15,55,0,12,86,17,115,38,0,38,153
11/29/2012,JQF,NC,ASO,ES,Federal Contract Tower,0,2,47,0,49,0,15,74,0,89,0,17,121,0,138,104,0,104,242
11/30/2012,JQF,NC,ASO,ES,Federal Contract Tower,0,2,33,0,35,0,9,76,0,85,0,11,109,0,120,26,0,26,146
12/01/2012,JQF,NC,ASO,ES,Federal Contract Tower,0,0,24,4,28,0,4,96,0,100,0,4,120,4,128,130,0,130,258
12/02/2012,JQF,NC,ASO,ES,Federal Contract Tower,0,0,32,0,32,0,1,85,0,86,0,1,117,0,118,74,0,74,192
12/03/2012,JQF,NC,ASO,ES,Federal Contract Tower,0,2,47,0,49,0,4,65,0,69,0,6,112,0,118,96,0,96,214
12/04/2012,JQF,NC,ASO,ES,Federal Contract Tower,0,2,34,0,36,0,3,40,0,43,0,5,74,0,79,62,0,62,141
12/05/2012,JQF,NC,ASO,ES,Federal Contract Tower,0,4,24,0,28,0,8,19,0,27,0,12,43,0,55,50,0,50,105
12/06/2012,JQF,NC,ASO,ES,Federal Contract Tower,0,11,34,0,45,0,2,49,1,52,0,13,83,1,97,44,0,44,141
12/07/2012,JQF,NC,ASO,ES,Federal Contract Tower,0,4,47,0,51,0,2,20,0,22,0,6,67,0,73,56,0,56,129
12/08/2012,JQF,NC,ASO,ES,Federal Contract Tower,0,2,27,0,29,0,3,52,0,55,0,5,79,0,84,68,0,68,152
12/09/2012,JQF,NC,ASO,ES,Federal Contract Tower,0,3,40,0,43,0,1,23,0,24,0,4,63,0,67,66,0,66,133
12/10/2012,JQF,NC,ASO,ES,Federal Contract Tower,0,3,30,0,33,0,3,4,0,7,0,6,34,0,40,0,0,0,40
12/11/2012,JQF,NC,ASO,ES,Federal Contract Tower,0,3,38,0,41,0,15,51,0,66,0,18,89,0,107,72,0,72,179
12/12/2012,JQF,NC,ASO,ES,Federal Contract Tower,0,5,33,0,38,0,5,14,0,19,0,10,47,0,57,8,0,8,65
12/13/2012,JQF,NC,ASO,ES,Federal Contract Tower,0,8,48,0,56,0,7,71,2,80,0,15,119,2,136,132,0,132,268
12/14/2012,JQF,NC,ASO,ES,Federal Contract Tower,0,9,28,0,37,0,3,93,0,96,0,12,121,0,133,112,0,112,245
12/15/2012,JQF,NC,ASO,ES,Federal Contract Tower,0,1,4,0,5,3,2,48,0,53,3,3,52,0,58,92,0,92,150
12/16/2012,JQF,NC,ASO,ES,Federal Contract Tower,0,4,26,0,30,0,1,8,0,9,0,5,34,0,39,28,0,28,67
12/17/2012,JQF,NC,ASO,ES,Federal Contract Tower,0,10,32,0,42,0,0,4,0,4,0,10,36,0,46,18,0,18,64
12/18/2012,JQF,NC,ASO,ES,Federal Contract Tower,0,13,32,0,45,0,4,46,0,50,0,17,78,0,95,88,2,90,185
12/19/2012,JQF,NC,ASO,ES,Federal Contract Tower,0,4,28,0,32,0,3,64,0,67,0,7,92,0,99,118,0,118,217
12/20/2012,JQF,NC,ASO,ES,Federal Contract Tower,0,7,23,2,32,0,3,18,0,21,0,10,41,2,53,46,0,46,99
12/21/2012,JQF,NC,ASO,ES,Federal Contract Tower,0,8,17,1,26,0,2,7,0,9,0,10,24,1,35,2,0,2,37
12/22/2012,JQF,NC,ASO,ES,Federal Contract Tower,0,5,22,0,27,0,7,66,0,73,0,12,88,0,100,24,0,24,124
12/23/2012,JQF,NC,ASO,ES,Federal Contract Tower,0,4,21,0,25,0,2,48,0,50,0,6,69,0,75,34,0,34,109
12/24/2012,JQF,NC,ASO,ES,Federal Contract Tower,0,2,5,0,7,0,0,1,0,1,0,2,6,0,8,2,0,2,10
12/25/2012,JQF,NC,ASO,ES,Federal Contract Tower,0,1,8,0,9,0,2,6,0,8,0,3,14,0,17,0,0,0,17
12/26/2012,JQF,NC,ASO,ES,Federal Contract Tower,0,3,22,0,25,0,1,2,0,3,0,4,24,0,28,10,0,10,38
12/27/2012,JQF,NC,ASO,ES,Federal Contract Tower,0,3,24,1,28,0,1,52,1,54,0,4,76,2,82,126,0,126,208
12/28/2012,JQF,NC,ASO,ES,Federal Contract Tower,0,3,23,0,26,0,0,50,0,50,0,3,73,0,76,40,0,40,116
12/29/2012,JQF,NC,ASO,ES,Federal Contract Tower,0,0,12,0,12,0,3,16,0,19,0,3,28,0,31,0,0,0,31
12/30/2012,JQF,NC,ASO,ES,Federal Contract Tower,0,0,18,0,18,0,8,75,0,83,0,8,93,0,101,72,0,72,173
12/31/2012,JQF,NC,ASO,ES,Federal Contract Tower,0,2,6,0,8,0,12,42,0,54,0,14,48,0,62,20,0,20,82
01/01/2013,JQF,NC,ASO,ES,Federal Contract Tower,0,1,7,0,8,0,0,2,0,2,0,1,9,0,10,0,0,0,10
01/02/2013,JQF,NC,ASO,ES,Federal Contract Tower,0,5,24,0,29,0,2,15,0,17,0,7,39,0,46,60,0,60,106
01/03/2013,JQF,NC,ASO,ES,Federal Contract Tower,0,5,18,2,25,0,2,20,0,22,0,7,38,2,47,84,0,84,131
01/04/2013,JQF,NC,ASO,ES,Federal Contract Tower,0,2,23,0,25,0,10,85,0,95,0,12,108,0,120,90,0,90,210
01/05/2013,JQF,NC,ASO,ES,Federal Contract Tower,0,0,22,0,22,0,4,77,0,81,0,4,99,0,103,44,0,44,147
01/06/2013,JQF,NC,ASO,ES,Federal Contract Tower,0,1,13,0,14,0,1,55,0,56,0,2,68,0,70,90,0,90,160
01/07/2013,JQF,NC,ASO,ES,Federal Contract Tower,0,5,18,2,25,0,5,81,0,86,0,10,99,2,111,110,0,110,221
01/08/2013,JQF,NC,ASO,ES,Federal Contract Tower,0,2,32,0,34,0,5,70,0,75,0,7,102,0,109,122,0,122,231
01/09/2013,JQF,NC,ASO,ES,Federal Contract Tower,0,2,25,0,27,0,6,51,0,57,0,8,76,0,84,20,4,24,108
01/10/2013,JQF,NC,ASO,ES,Federal Contract Tower,0,3,35,0,38,0,1,44,0,45,0,4,79,0,83,68,0,68,151
01/11/2013,JQF,NC,ASO,ES,Federal Contract Tower,0,3,41,0,44,0,0,0,0,0,0,3,41,0,44,0,0,0,44
01/12/2013,JQF,NC,ASO,ES,Federal Contract Tower,0,0,26,0,26,0,2,52,0,54,0,2,78,0,80,114,0,114,194
01/13/2013,JQF,NC,ASO,ES,Federal Contract Tower,0,2,20,0,22,0,5,79,2,86,0,7,99,2,108,54,0,54,162
01/14/2013,JQF,NC,ASO,ES,Federal Contract Tower,0,5,32,0,37,0,2,2,0,4,0,7,34,0,41,0,0,0,41
01/15/2013,JQF,NC,ASO,ES,Federal Contract Tower,0,3,42,0,45,0,0,0,0,0,0,3,42,0,45,0,0,0,45
01/16/2013,JQF,NC,ASO,ES,Federal Contract Tower,0,4,32,0,36,0,0,0,0,0,0,4,32,0,36,0,0,0,36
01/17/2013,JQF,NC,ASO,ES,Federal Contract Tower,0,3,14,0,17,0,0,0,0,0,0,3,14,0,17,0,0,0,17
01/18/2013,JQF,NC,ASO,ES,Federal Contract Tower,0,6,37,0,43,0,8,51,0,59,0,14,88,0,102,8,0,8,110
01/19/2013,JQF,NC,ASO,ES,Federal Contract Tower,0,4,21,0,25,0,4,57,0,61,0,8,78,0,86,58,0,58,144
01/20/2013,JQF,NC,ASO,ES,Federal Contract Tower,0,0,30,0,30,0,6,55,0,61,0,6,85,0,91,42,0,42,133
01/21/2013,JQF,NC,ASO,ES,Federal Contract Tower,0,5,26,0,31,0,3,70,0,73,0,8,96,0,104,106,0,106,210
01/22/2013,JQF,NC,ASO,ES,Federal Contract Tower,0,3,48,0,51,0,1,68,2,71,0,4,116,2,122,66,0,66,188
01/23/2013,JQF,NC,ASO,ES,Federal Contract Tower,0,4,61,0,65,0,0,81,0,81,0,4,142,0,146,54,0,54,200
01/24/2013,JQF,NC,ASO,ES,Federal Contract Tower,0,10,28,0,38,0,3,68,0,71,0,13,96,0,109,18,0,18,127
01/25/2013,JQF,NC,ASO,ES,Federal Contract Tower,0,0,8,0,8,0,0,3,0,3,0,0,11,0,11,0,0,0,11
01/26/2013,JQF,NC,ASO,ES,Federal Contract Tower,0,0,10,0,10,0,3,26,0,29,0,3,36,0,39,70,0,70,109
01/27/2013,JQF,NC,ASO,ES,Federal Contract Tower,0,1,24,0,25,0,1,82,0,83,0,2,106,0,108,86,0,86,194
01/28/2013,JQF,NC,ASO,ES,Federal Contract Tower,0,7,27,0,34,0,5,29,0,34,0,12,56,0,68,108,0,108,176
01/29/2013,JQF,NC,ASO,ES,Federal Contract Tower,1,6,44,0,51,0,12,94,0,106,1,18,138,0,157,106,0,106,263
01/30/2013,JQF,NC,ASO,ES,Federal Contract Tower,0,2,6,0,8,0,4,1,0,5,0,6,7,0,13,0,0,0,13
01/31/2013,JQF,NC,ASO,ES,Federal Contract Tower,0,3,21,0,24,0,8,31,0,39,0,11,52,0,63,4,2,6,69
02/01/2013,JQF,NC,ASO,ES,Federal Contract Tower,0,3,29,0,32,0,6,54,0,60,0,9,83,0,92,16,0,16,108
02/02/2013,JQF,NC,ASO,ES,Federal Contract Tower,0,1,16,0,17,0,7,99,0,106,0,8,115,0,123,46,0,46,169
02/03/2013,JQF,NC,ASO,ES,Federal Contract Tower,0,0,17,0,17,0,7,55,0,62,0,7,72,0,79,10,0,10,89
02/04/2013,JQF,NC,ASO,ES,Federal Contract Tower,0,4,13,0,17,0,0,78,0,78,0,4,91,0,95,108,0,108,203
02/05/2013,JQF,NC,ASO,ES,Federal Contract Tower,0,6,33,0,39,0,8,87,0,95,0,14,120,0,134,38,0,38,172
02/06/2013,JQF,NC,ASO,ES,Federal Contract Tower,0,8,44,0,52,0,6,113,0,119,0,14,157,0,171,118,0,118,289
02/07/2013,JQF,NC,ASO,ES,Federal Contract Tower,0,1,40,0,41,0,2,15,0,17,0,3,55,0,58,26,0,26,84
02/08/2013,JQF,NC,ASO,ES,Federal Contract Tower,0,2,26,2,30,0,2,25,0,27,0,4,51,2,57,54,0,54,111
02/09/2013,JQF,NC,ASO,ES,Federal Contract Tower,0,0,26,0,26,0,2,86,4,92,0,2,112,4,118,124,0,124,242
02/10/2013,JQF,NC,ASO,ES,Federal Contract Tower,0,2,15,0,17,0,4,45,0,49,0,6,60,0,66,80,0,80,146
02/11/2013,JQF,NC,ASO,ES,Federal Contract Tower,0,4,27,0,31,0,2,0,0,2,0,6,27,0,33,0,0,0,33
02/12/2013,JQF,NC,ASO,ES,Federal Contract Tower,0,7,28,0,35,0,10,58,0,68,0,17,86,0,103,36,0,36,139
02/13/2013,JQF,NC,ASO,ES,Federal Contract Tower,0,8,50,0,58,0,6,1,0,7,0,14,51,0,65,0,0,0,65
02/14/2013,JQF,NC,ASO,ES,Federal Contract Tower,0,8,43,0,51,0,16,88,0,104,0,24,131,0,155,104,0,104,259
02/15/2013,JQF,NC,ASO,ES,Federal Contract Tower,0,6,42,0,48,0,4,80,0,84,0,10,122,0,132,40,0,40,172
02/16/2013,JQF,NC,ASO,ES,Federal Contract Tower,0,0,14,0,14,0,1,1,0,2,0,1,15,0,16,0,0,0,16
02/17/2013,JQF,NC,ASO,ES,Federal Contract Tower,0,6,29,0,35,0,1,24,0,25,0,7,53,0,60,0,0,0,60
02/18/2013,JQF,NC,ASO,ES,Federal Contract Tower,0,6,27,0,33,0,6,67,0,73,0,12,94,0,106,54,0,54,160
02/19/2013,JQF,NC,ASO,ES,Federal Contract Tower,0,5,32,0,37,0,4,2,0,6,0,9,34,0,43,0,0,0,43
02/20/2013,JQF,NC,ASO,ES,Federal Contract Tower,0,6,33,0,39,0,7,90,6,103,0,13,123,6,142,58,2,60,202
02/21/2013,JQF,NC,ASO,ES,Federal Contract Tower,0,6,37,0,43,0,3,83,1,87,0,9,120,1,130,18,0,18,148
02/22/2013,JQF,NC,ASO,ES,Federal Contract Tower,0,4,13,0,17,0,0,0,0,0,0,4,13,0,17,0,0,0,17
02/23/2013,JQF,NC,ASO,ES,Federal Contract Tower,0,2,15,0,17,0,0,0,0,0,0,2,15,0,17,0,0,0,17
02/24/2013,JQF,NC,ASO,ES,Federal Contract Tower,0,1,42,1,44,0,6,67,1,74,0,7,109,2,118,90,0,90,208
02/25/2013,JQF,NC,ASO,ES,Federal Contract Tower,0,5,28,0,33,0,14,53,0,67,0,19,81,0,100,14,0,14,114
02/26/2013,JQF,NC,ASO,ES,Federal Contract Tower,0,8,26,0,34,0,0,0,0,0,0,8,26,0,34,0,0,0,34
02/27/2013,JQF,NC,ASO,ES,Federal Contract Tower,0,15,56,2,73,0,3,48,2,53,0,18,104,4,126,48,0,48,174
02/28/2013,JQF,NC,ASO,ES,Federal Contract Tower,2,7,43,0,52,0,10,63,0,73,2,17,106,0,125,92,0,92,217
03/01/2013,JQF,NC,ASO,ES,Federal Contract Tower,1,10,24,0,35,0,9,66,0,75,1,19,90,0,110,36,0,36,146
03/02/2013,JQF,NC,ASO,ES,Federal Contract Tower,0,1,14,0,15,0,5,22,0,27,0,6,36,0,42,0,0,0,42
03/03/2013,JQF,NC,ASO,ES,Federal Contract Tower,0,2,20,0,22,0,3,53,0,56,0,5,73,0,78,14,0,14,92
03/04/2013,JQF,NC,ASO,ES,Federal Contract Tower,0,8,20,0,28,0,3,80,0,83,0,11,100,0,111,20,0,20,131
03/05/2013,JQF,NC,ASO,ES,Federal Contract Tower,0,9,35,0,44,0,2,23,0,25,0,11,58,0,69,2,0,2,71
03/06/2013,JQF,NC,ASO,ES,Federal Contract Tower,1,11,18,0,30,0,4,32,0,36,1,15,50,0,66,50,0,50,116
03/07/2013,JQF,NC,ASO,ES,Federal Contract Tower,1,7,16,2,26,0,7,68,0,75,1,14,84,2,101,38,0,38,139
03/08/2013,JQF,NC,ASO,ES,Federal Contract Tower,0,8,39,0,47,0,12,125,0,137,0,20,164,0,184,48,0,48,232
03/09/2013,JQF,NC,ASO,ES,Federal Contract Tower,0,4,15,0,19,0,10,109,0,119,0,14,124,0,138,110,0,110,248
03/10/2013,JQF,NC,ASO,ES,Federal Contract Tower,0,2,51,0,53,0,10,86,0,96,0,12,137,0,149,46,0,46,195
03/11/2013,JQF,NC,ASO,ES,Federal Contract Tower,0,7,29,0,36,0,3,48,0,51,0,10,77,0,87,36,0,36,123
03/12/2013,JQF,NC,ASO,ES,Federal Contract Tower,1,9,36,0,46,0,3,54,0,57,1,12,90,0,103,68,0,68,171
03/13/2013,JQF,NC,ASO,ES,Federal Contract Tower,0,7,50,0,57,0,4,47,0,51,0,11,97,0,108,6,0,6,114
03/14/2013,JQF,NC,ASO,ES,Federal Contract Tower,0,6,56,0,62,0,6,79,0,85,0,12,135,0,147,76,0,76,223
03/15/2013,JQF,NC,ASO,ES,Federal Contract Tower,0,7,32,0,39,0,3,100,1,104,0,10,132,1,143,82,0,82,225
03/16/2013,JQF,NC,ASO,ES,Federal Contract Tower,0,5,26,0,31,0,6,75,0,81,0,11,101,0,112,78,0,78,190
03/17/2013,JQF,NC,ASO,ES,Federal Contract Tower,0,3,47,0,50,0,8,65,0,73,0,11,112,0,123,40,0,40,163
03/18/2013,JQF,NC,ASO,ES,Federal Contract Tower,0,4,22,0,26,0,0,0,0,0,0,4,22,0,26,0,0,0,26
03/19/2013,JQF,NC,ASO,ES,Federal Contract Tower,0,4,43,0,47,0,7,70,2,79,0,11,113,2,126,58,0,58,184
03/20/2013,JQF,NC,ASO,ES,Federal Contract Tower,2,4,42,0,48,0,4,74,0,78,2,8,116,0,126,126,0,126,252
03/21/2013,JQF,NC,ASO,ES,Federal Contract Tower,10,8,38,0,56,0,2,83,0,85,10,10,121,0,141,48,0,48,189
03/22/2013,JQF,NC,ASO,ES,Federal Contract Tower,1,10,31,0,42,0,4,83,0,87,1,14,114,0,129,150,0,150,279
03/23/2013,JQF,NC,ASO,ES,Federal Contract Tower,2,1,33,0,36,0,13,40,0,53,2,14,73,0,89,42,0,42,131
03/24/2013,JQF,NC,ASO,ES,Federal Contract Tower,0,8,18,0,26,0,1,5,0,6,0,9,23,0,32,0,0,0,32
03/25/2013,JQF,NC,ASO,ES,Federal Contract Tower,0,8,21,0,29,0,6,43,0,49,0,14,64,0,78,0,0,0,78
03/26/2013,JQF,NC,ASO,ES,Federal Contract Tower,0,11,26,1,38,0,34,78,1,113,0,45,104,2,151,98,0,98,249
03/27/2013,JQF,NC,ASO,ES,Federal Contract Tower,0,11,33,0,44,0,29,92,0,121,0,40,125,0,165,132,0,132,297
03/28/2013,JQF,NC,ASO,ES,Federal Contract Tower,0,7,28,0,35,0,5,81,0,86,0,12,109,0,121,20,0,20,141
03/29/2013,JQF,NC,ASO,ES,Federal Contract Tower,0,5,38,0,43,0,4,77,0,81,0,9,115,0,124,72,0,72,196
03/30/2013,JQF,NC,ASO,ES,Federal Contract Tower,0,0,24,0,24,0,8,63,0,71,0,8,87,0,95,42,0,42,137
03/31/2013,JQF,NC,ASO,ES,Federal Contract Tower,0,1,19,0,20,0,6,14,0,20,0,7,33,0,40,16,0,16,56
04/01/2013,JQF,NC,ASO,ES,Federal Contract Tower,0,10,20,2,32,0,9,63,0,72,0,19,83,2,104,20,0,20,124
04/02/2013,JQF,NC,ASO,ES,Federal Contract Tower,0,6,33,0,39,0,8,70,0,78,0,14,103,0,117,98,0,98,215
04/03/2013,JQF,NC,ASO,ES,Federal Contract Tower,0,5,30,2,37,0,8,100,0,108,0,13,130,2,145,120,0,120,265
04/04/2013,JQF,NC,ASO,ES,Federal Contract Tower,0,6,20,0,26,0,1,12,0,13,0,7,32,0,39,0,0,0,39
04/05/2013,JQF,NC,ASO,ES,Federal Contract Tower,0,4,43,0,47,0,8,31,0,39,0,12,74,0,86,46,0,46,132
04/06/2013,JQF,NC,ASO,ES,Federal Contract Tower,0,2,29,0,31,0,9,125,0,134,0,11,154,0,165,146,0,146,311
04/07/2013,JQF,NC,ASO,ES,Federal Contract Tower,0,0,33,0,33,0,7,99,0,106,0,7,132,0,139,64,0,64,203
04/08/2013,JQF,NC,ASO,ES,Federal Contract Tower,0,10,32,0,42,0,12,84,0,96,0,22,116,0,138,88,0,88,226
04/09/2013,JQF,NC,ASO,ES,Federal Contract Tower,2,7,32,0,41,0,12,94,0,106,2,19,126,0,147,94,0,94,241
04/10/2013,JQF,NC,ASO,ES,Federal Contract Tower,1,10,58,0,69,0,6,81,0,87,1,16,139,0,156,96,0,96,252
04/11/2013,JQF,NC,ASO,ES,Federal Contract Tower,7,5,52,0,64,0,9,47,0,56,7,14,99,0,120,94,0,94,214
04/12/2013,JQF,NC,ASO,ES,Federal Contract Tower,1,7,29,0,37,0,5,26,0,31,1,12,55,0,68,6,0,6,74
04/13/2013,JQF,NC,ASO,ES,Federal Contract Tower,1,2,36,0,39,0,3,108,0,111,1,5,144,0,150,140,0,140,290
04/14/2013,JQF,NC,ASO,ES,Federal Contract Tower,0,3,39,0,42,0,6,73,0,79,0,9,112,0,121,56,0,56,177
04/15/2013,JQF,NC,ASO,ES,Federal Contract Tower,0,8,41,0,49,0,8,30,4,42,0,16,71,4,91,48,0,48,139
04/16/2013,JQF,NC,ASO,ES,Federal Contract Tower,0,10,46,0,56,0,10,63,0,73,0,20,109,0,129,46,0,46,175
04/17/2013,JQF,NC,ASO,ES,Federal Contract Tower,0,6,32,0,38,0,8,105,0,113,0,14,137,0,151,60,0,60,211
04/18/2013,JQF,NC,ASO,ES,Federal Contract Tower,4,17,50,0,71,0,6,61,0,67,4,23,111,0,138,86,0,86,224
04/19/2013,JQF,NC,ASO,ES,Federal Contract Tower,0,7,28,0,35,0,8,29,0,37,0,15,57,0,72,0,0,0,72
04/20/2013,JQF,NC,ASO,ES,Federal Contract Tower,1,0,28,0,29,0,6,84,0,90,1,6,112,0,119,38,0,38,157
04/21/2013,JQF,NC,ASO,ES,Federal Contract Tower,2,5,50,0,57,0,3,66,0,69,2,8,116,0,126,36,0,36,162
04/22/2013,JQF,NC,ASO,ES,Federal Contract Tower,0,7,32,0,39,0,7,64,0,71,0,14,96,0,110,32,0,32,142
04/23/2013,JQF,NC,ASO,ES,Federal Contract Tower,0,13,41,0,54,0,26,95,0,121,0,39,136,0,175,116,0,116,291
04/24/2013,JQF,NC,ASO,ES,Federal Contract Tower,2,12,36,0,50,0,31,65,0,96,2,43,101,0,146,44,0,44,190
04/25/2013,JQF,NC,ASO,ES,Federal Contract Tower,3,21,37,0,61,2,37,100,0,139,5,58,137,0,200,38,0,38,238
04/26/2013,JQF,NC,ASO,ES,Federal Contract Tower,2,11,32,0,45,0,17,100,0,117,2,28,132,0,162,98,0,98,260
04/27/2013,JQF,NC,ASO,ES,Federal Contract Tower,4,3,40,0,47,0,10,42,0,52,4,13,82,0,99,46,0,46,145
04/28/2013,JQF,NC,ASO,ES,Federal Contract Tower,0,5,22,0,27,0,0,5,0,5,0,5,27,0,32,0,0,0,32
04/29/2013,JQF,NC,ASO,ES,Federal Contract Tower,2,8,45,0,55,0,9,36,0,45,2,17,81,0,100,54,0,54,154
04/30/2013,JQF,NC,ASO,ES,Federal Contract Tower,1,7,41,0,49,0,6,55,2,63,1,13,96,2,112,38,6,44,156
05/01/2013,JQF,NC,ASO,ES,Federal Contract Tower,1,2,52,0,55,0,8,40,0,48,1,10,92,0,103,18,0,18,121
05/02/2013,JQF,NC,ASO,ES,Federal Contract Tower,2,8,43,1,54,0,4,22,0,26,2,12,65,1,80,42,0,42,122
05/03/2013,JQF,NC,ASO,ES,Federal Contract Tower,0,4,40,2,46,0,7,60,0,67,0,11,100,2,113,104,0,104,217
05/04/2013,JQF,NC,ASO,ES,Federal Contract Tower,1,0,23,0,24,0,2,3,0,5,1,2,26,0,29,12,0,12,41
05/05/2013,JQF,NC,ASO,ES,Federal Contract Tower,1,3,36,0,40,0,0,0,0,0,1,3,36,0,40,0,0,0,40
05/06/2013,JQF,NC,ASO,ES,Federal Contract Tower,0,7,31,5,43,0,25,23,1,49,0,32,54,6,92,24,0,24,116
05/07/2013,JQF,NC,ASO,ES,Federal Contract Tower,0,8,47,1,56,0,5,36,5,46,0,13,83,6,102,72,6,78,180
05/08/2013,JQF,NC,ASO,ES,Federal Contract Tower,0,10,52,0,62,0,9,69,0,78,0,19,121,0,140,124,0,124,264
05/09/2013,JQF,NC,ASO,ES,Federal Contract Tower,0,13,31,0,44,0,4,115,0,119,0,17,146,0,163,126,0,126,289
05/10/2013,JQF,NC,ASO,ES,Federal Contract Tower,0,4,29,0,33,0,40,97,0,137,0,44,126,0,170,68,0,68,238
05/11/2013,JQF,NC,ASO,ES,Federal Contract Tower,0,0,17,0,17,0,2,52,0,54,0,2,69,0,71,80,0,80,151
05/12/2013,JQF,NC,ASO,ES,Federal Contract Tower,0,2,32,0,34,0,5,57,0,62,0,7,89,0,96,22,0,22,118
05/13/2013,JQF,NC,ASO,ES,Federal Contract Tower,2,7,41,0,50,0,12,105,12,129,2,19,146,12,179,40,0,40,219
05/14/2013,JQF,NC,ASO,ES,Federal Contract Tower,0,8,36,0,44,0,10,83,5,98,0,18,119,5,142,52,0,52,194
05/15/2013,JQF,NC,ASO,ES,Federal Contract Tower,0,8,56,0,64,0,11,114,0,125,0,19,170,0,189,124,0,124,313
05/16/2013,JQF,NC,ASO,ES,Federal Contract Tower,2,11,42,0,55,0,17,104,7,128,2,28,146,7,183,66,0,66,249
05/17/2013,JQF,NC,ASO,ES,Federal Contract Tower,0,6,58,0,64,0,15,111,0,126,0,21,169,0,190,156,0,156,346
05/18/2013,JQF,NC,ASO,ES,Federal Contract Tower,0,7,27,0,34,0,154,45,0,199,0,161,72,0,233,34,0,34,267
05/19/2013,JQF,NC,ASO,ES,Federal Contract Tower,0,6,46,0,52,0,27,2,0,29,0,33,48,0,81,0,0,0,81
05/20/2013,JQF,NC,ASO,ES,Federal Contract Tower,0,5,30,0,35,0,10,54,6,70,0,15,84,6,105,68,0,68,173
05/21/2013,JQF,NC,ASO,ES,Federal Contract Tower,0,17,32,0,49,0,2,44,0,46,0,19,76,0,95,88,0,88,183
05/22/2013,JQF,NC,ASO,ES,Federal Contract Tower,0,14,30,0,44,0,7,42,0,49,0,21,72,0,93,102,0,102,195
05/23/2013,JQF,NC,ASO,ES,Federal Contract Tower,0,10,36,0,46,0,11,70,2,83,0,21,106,2,129,116,0,116,245
05/24/2013,JQF,NC,ASO,ES,Federal Contract Tower,0,7,38,0,45,0,11,103,0,114,0,18,141,0,159,82,0,82,241
05/25/2013,JQF,NC,ASO,ES,Federal Contract Tower,0,3,40,1,44,0,97,130,0,227,0,100,170,1,271,132,0,132,403
05/26/2013,JQF,NC,ASO,ES,Federal Contract Tower,2,17,43,0,62,0,213,165,0,378,2,230,208,0,440,110,0,110,550
05/27/2013,JQF,NC,ASO,ES,Federal Contract Tower,0,3,50,1,54,0,30,127,0,157,0,33,177,1,211,140,0,140,351
05/28/2013,JQF,NC,ASO,ES,Federal Contract Tower,0,12,34,0,46,0,7,63,0,70,0,19,97,0,116,42,0,42,158
05/29/2013,JQF,NC,ASO,ES,Federal Contract Tower,0,13,23,0,36,0,7,70,0,77,0,20,93,0,113,68,0,68,181
05/30/2013,JQF,NC,ASO,ES,Federal Contract Tower,16,8,38,0,62,1,5,66,0,72,17,13,104,0,134,88,0,88,222
05/31/2013,JQF,NC,ASO,ES,Federal Contract Tower,3,8,33,0,44,0,9,108,0,117,3,17,141,0,161,128,0,128,289
06/01/2013,JQF,NC,ASO,ES,Federal Contract Tower,5,0,34,0,39,3,11,113,0,127,8,11,147,0,166,122,0,122,288
06/02/2013,JQF,NC,ASO,ES,Federal Contract Tower,11,2,48,0,61,0,9,37,0,46,11,11,85,0,107,66,0,66,173
06/03/2013,JQF,NC,ASO,ES,Federal Contract Tower,4,8,31,0,43,0,9,51,10,70,4,17,82,10,113,134,0,134,247
06/04/2013,JQF,NC,ASO,ES,Federal Contract Tower,4,7,44,0,55,0,7,97,0,104,4,14,141,0,159,42,0,42,201
06/05/2013,JQF,NC,ASO,ES,Federal Contract Tower,3,9,40,0,52,0,2,19,0,21,3,11,59,0,73,64,0,64,137
06/06/2013,JQF,NC,ASO,ES,Federal Contract Tower,13,7,20,0,40,0,0,2,0,2,13,7,22,0,42,0,0,0,42
06/07/2013,JQF,NC,ASO,ES,Federal Contract Tower,1,14,27,0,42,0,5,34,4,43,1,19,61,4,85,80,0,80,165
06/08/2013,JQF,NC,ASO,ES,Federal Contract Tower,7,4,24,0,35,0,8,75,13,96,7,12,99,13,131,150,6,156,287
06/09/2013,JQF,NC,ASO,ES,Federal Contract Tower,20,8,33,0,61,0,9,59,0,68,20,17,92,0,129,24,0,24,153
06/10/2013,JQF,NC,ASO,ES,Federal Contract Tower,0,7,31,0,38,0,2,9,16,27,0,9,40,16,65,30,0,30,95
06/11/2013,JQF,NC,ASO,ES,Federal Contract Tower,1,14,43,0,58,0,14,100,6,120,1,28,143,6,178,84,0,84,262
06/12/2013,JQF,NC,ASO,ES,Federal Contract Tower,3,18,52,0,73,0,16,118,0,134,3,34,170,0,207,128,0,128,335
06/13/2013,JQF,NC,ASO,ES,Federal Contract Tower,12,8,35,0,55,0,10,64,12,86,12,18,99,12,141,42,0,42,183
06/14/2013,JQF,NC,ASO,ES,Federal Contract Tower,0,9,27,0,36,0,12,134,0,146,0,21,161,0,182,74,0,74,256
06/15/2013,JQF,NC,ASO,ES,Federal Contract Tower,8,2,26,0,36,0,10,95,0,105,8,12,121,0,141,16,0,16,157
06/16/2013,JQF,NC,ASO,ES,Federal Contract Tower,12,9,45,0,66,0,10,90,0,100,12,19,135,0,166,18,0,18,184
06/17/2013,JQF,NC,ASO,ES,Federal Contract Tower,1,7,30,0,38,0,9,67,0,76,1,16,97,0,114,176,0,176,290
06/18/2013,JQF,NC,ASO,ES,Federal Contract Tower,2,3,33,0,38,0,3,19,0,22,2,6,52,0,60,10,0,10,70
06/19/2013,JQF,NC,ASO,ES,Federal Contract Tower,1,9,48,0,58,0,10,88,0,98,1,19,136,0,156,152,0,152,308
06/20/2013,JQF,NC,ASO,ES,Federal Contract Tower,7,12,48,0,67,0,8,72,1,81,7,20,120,1,148,204,0,204,352
06/21/2013,JQF,NC,ASO,ES,Federal Contract Tower,1,13,27,0,41,0,8,72,0,80,1,21,99,0,121,56,0,56,177
06/22/2013,JQF,NC,ASO,ES,Federal Contract Tower,3,2,31,0,36,0,11,61,2,74,3,13,92,2,110,8,0,8,118
06/23/2013,JQF,NC,ASO,ES,Federal Contract Tower,1,3,27,0,31,0,9,40,0,49,1,12,67,0,80,24,0,24,104
06/24/2013,JQF,NC,ASO,ES,Federal Contract Tower,1,5,40,0,46,0,23,38,0,61,1,28,78,0,107,108,0,108,215
06/25/2013,JQF,NC,ASO,ES,Federal Contract Tower,0,12,31,0,43,0,14,57,0,71,0,26,88,0,114,82,0,82,196
06/26/2013,JQF,NC,ASO,ES,Federal Contract Tower,10,6,32,0,48,0,6,48,0,54,10,12,80,0,102,72,0,72,174
06/27/2013,JQF,NC,ASO,ES,Federal Contract Tower,12,7,32,0,51,0,7,59,0,66,12,14,91,0,117,86,0,86,203
06/28/2013,JQF,NC,ASO,ES,Federal Contract Tower,3,4,31,1,39,0,7,37,0,44,3,11,68,1,83,126,0,126,209
06/29/2013,JQF,NC,ASO,ES,Federal Contract Tower,7,9,30,0,46,0,6,58,0,64,7,15,88,0,110,56,0,56,166
06/30/2013,JQF,NC,ASO,ES,Federal Contract Tower,13,9,35,0,57,0,5,19,0,24,13,14,54,0,81,80,0,80,161
07/01/2013,JQF,NC,ASO,ES,Federal Contract Tower,1,11,29,0,41,0,8,44,8,60,1,19,73,8,101,84,0,84,185
07/02/2013,JQF,NC,ASO,ES,Federal Contract Tower,2,14,26,0,42,0,3,0,2,5,2,17,26,2,47,4,0,4,51
07/03/2013,JQF,NC,ASO,ES,Federal Contract Tower,17,8,33,0,58,0,1,3,2,6,17,9,36,2,64,10,0,10,74
07/04/2013,JQF,NC,ASO,ES,Federal Contract Tower,3,2,9,0,14,0,1,28,0,29,3,3,37,0,43,34,0,34,77
07/05/2013,JQF,NC,ASO,ES,Federal Contract Tower,2,10,15,0,27,0,0,11,0,11,2,10,26,0,38,20,0,20,58
07/06/2013,JQF,NC,ASO,ES,Federal Contract Tower,13,5,29,0,47,0,6,44,0,50,13,11,73,0,97,74,0,74,171
07/07/2013,JQF,NC,ASO,ES,Federal Contract Tower,6,1,37,1,45,0,7,36,1,44,6,8,73,2,89,68,0,68,157
07/08/2013,JQF,NC,ASO,ES,Federal Contract Tower,0,5,29,0,34,0,2,43,0,45,0,7,72,0,79,86,0,86,165
07/09/2013,JQF,NC,ASO,ES,Federal Contract Tower,0,7,44,1,52,0,12,71,0,83,0,19,115,1,135,116,0,116,251
07/10/2013,JQF,NC,ASO,ES,Federal Contract Tower,2,6,36,0,44,0,12,84,0,96,2,18,120,0,140,116,0,116,256
07/11/2013,JQF,NC,ASO,ES,Federal Contract Tower,17,13,35,0,65,0,0,4,0,4,17,13,39,0,69,0,0,0,69
07/12/2013,JQF,NC,ASO,ES,Federal Contract Tower,9,7,41,0,57,0,0,35,0,35,9,7,76,0,92,104,0,104,196
07/13/2013,JQF,NC,ASO,ES,Federal Contract Tower,8,7,13,0,28,0,7,14,0,21,8,14,27,0,49,46,0,46,95
07/14/2013,JQF,NC,ASO,ES,Federal Contract Tower,11,1,31,0,43,0,3,25,0,28,11,4,56,0,71,56,0,56,127
07/15/2013,JQF,NC,ASO,ES,Federal Contract Tower,1,5,34,0,40,0,9,66,4,79,1,14,100,4,119,126,0,126,245
07/16/2013,JQF,NC,ASO,ES,Federal Contract Tower,0,5,39,0,44,0,13,129,2,144,0,18,168,2,188,220,0,220,408
07/17/2013,JQF,NC,ASO,ES,Federal Contract Tower,1,12,35,0,48,0,9,73,2,84,1,21,108,2,132,106,0,106,238
07/18/2013,JQF,NC,ASO,ES,Federal Contract Tower,2,8,21,0,31,0,5,89,0,94,2,13,110,0,125,92,0,92,217
07/19/2013,JQF,NC,ASO,ES,Federal Contract Tower,6,8,40,0,54,0,56,66,0,122,6,64,106,0,176,88,0,88,264
07/20/2013,JQF,NC,ASO,ES,Federal Contract Tower,0,3,31,0,34,0,10,32,0,42,0,13,63,0,76,18,0,18,94
07/21/2013,JQF,NC,ASO,ES,Federal Contract Tower,5,0,32,0,37,0,6,35,0,41,5,6,67,0,78,26,0,26,104
07/22/2013,JQF,NC,ASO,ES,Federal Contract Tower,1,8,30,0,39,0,24,42,0,66,1,32,72,0,105,140,0,140,245
07/23/2013,JQF,NC,ASO,ES,Federal Contract Tower,6,11,27,2,46,0,21,130,0,151,6,32,157,2,197,128,0,128,325
07/24/2013,JQF,NC,ASO,ES,Federal Contract Tower,1,7,25,0,33,0,7,59,0,66,1,14,84,0,99,132,0,132,231
07/25/2013,JQF,NC,ASO,ES,Federal Contract Tower,14,12,55,0,81,0,16,75,4,95,14,28,130,4,176,106,0,106,282
07/26/2013,JQF,NC,ASO,ES,Federal Contract Tower,0,6,35,0,41,0,18,74,0,92,0,24,109,0,133,22,0,22,155
07/27/2013,JQF,NC,ASO,ES,Federal Contract Tower,4,2,23,0,29,0,0,13,0,13,4,2,36,0,42,90,0,90,132
07/28/2013,JQF,NC,ASO,ES,Federal Contract Tower,11,2,36,0,49,0,10,50,0,60,11,12,86,0,109,66,0,66,175
07/29/2013,JQF,NC,ASO,ES,Federal Contract Tower,0,8,21,0,29,0,10,78,0,88,0,18,99,0,117,72,0,72,189
07/30/2013,JQF,NC,ASO,ES,Federal Contract Tower,3,9,49,0,61,0,6,62,0,68,3,15,111,0,129,60,0,60,189
07/31/2013,JQF,NC,ASO,ES,Federal Contract Tower,3,9,34,0,46,0,6,22,0,28,3,15,56,0,74,0,0,0,74
08/01/2013,JQF,NC,ASO,ES,Federal Contract Tower,16,4,31,0,51,0,12,40,6,58,16,16,71,6,109,136,0,136,245
08/02/2013,JQF,NC,ASO,ES,Federal Contract Tower,4,8,30,0,42,0,18,83,0,101,4,26,113,0,143,136,0,136,279
08/03/2013,JQF,NC,ASO,ES,Federal Contract Tower,8,0,20,0,28,0,8,102,0,110,8,8,122,0,138,80,0,80,218
08/04/2013,JQF,NC,ASO,ES,Federal Contract Tower,10,4,30,0,44,0,2,52,0,54,10,6,82,0,98,30,0,30,128
08/05/2013,JQF,NC,ASO,ES,Federal Contract Tower,5,10,27,0,42,0,1,58,0,59,5,11,85,0,101,106,0,106,207
08/06/2013,JQF,NC,ASO,ES,Federal Contract Tower,1,14,40,0,55,0,22,12,0,34,1,36,52,0,89,24,0,24,113
08/07/2013,JQF,NC,ASO,ES,Federal Contract Tower,1,8,25,0,34,0,4,66,0,70,1,12,91,0,104,34,0,34,138
08/08/2013,JQF,NC,ASO,ES,Federal Contract Tower,13,5,45,0,63,0,9,51,0,60,13,14,96,0,123,68,0,68,191
08/09/2013,JQF,NC,ASO,ES,Federal Contract Tower,0,4,30,0,34,0,11,49,0,60,0,15,79,0,94,8,0,8,102
08/10/2013,JQF,NC,ASO,ES,Federal Contract Tower,5,2,23,0,30,0,1,57,0,58,5,3,80,0,88,78,0,78,166
08/11/2013,JQF,NC,ASO,ES,Federal Contract Tower,14,0,38,0,52,0,2,77,0,79,14,2,115,0,131,30,0,30,161
08/12/2013,JQF,NC,ASO,ES,Federal Contract Tower,0,4,27,0,31,0,7,67,0,74,0,11,94,0,105,24,0,24,129
08/13/2013,JQF,NC,ASO,ES,Federal Contract Tower,5,5,31,0,41,0,14,48,0,62,5,19,79,0,103,68,0,68,171
08/14/2013,JQF,NC,ASO,ES,Federal Contract Tower,12,7,33,0,52,6,5,66,0,77,18,12,99,0,129,26,0,26,155
08/15/2013,JQF,NC,ASO,ES,Federal Contract Tower,12,4,46,0,62,0,12,110,0,122,12,16,156,0,184,40,0,40,224
08/16/2013,JQF,NC,ASO,ES,Federal Contract Tower,0,5,27,0,32,0,8,49,4,61,0,13,76,4,93,74,0,74,167
08/17/2013,JQF,NC,ASO,ES,Federal Contract Tower,9,2,22,0,33,0,0,0,0,0,9,2,22,0,33,0,0,0,33
08/18/2013,JQF,NC,ASO,ES,Federal Contract Tower,12,2,35,0,49,0,1,25,0,26,12,3,60,0,75,14,0,14,89
08/19/2013,JQF,NC,ASO,ES,Federal Contract Tower,2,8,23,0,33,0,8,12,0,20,2,16,35,0,53,20,0,20,73
08/20/2013,JQF,NC,ASO,ES,Federal Contract Tower,3,23,35,0,61,0,21,31,0,52,3,44,66,0,113,36,0,36,149
08/21/2013,JQF,NC,ASO,ES,Federal Contract Tower,2,9,48,0,59,0,0,8,0,8,2,9,56,0,67,8,0,8,75
08/22/2013,JQF,NC,ASO,ES,Federal Contract Tower,3,4,43,1,51,0,42,71,0,113,3,46,114,1,164,56,0,56,220
08/23/2013,JQF,NC,ASO,ES,Federal Contract Tower,5,6,37,0,48,0,19,78,0,97,5,25,115,0,145,44,0,44,189
08/24/2013,JQF,NC,ASO,ES,Federal Contract Tower,8,1,23,0,32,0,20,134,0,154,8,21,157,0,186,62,0,62,248
08/25/2013,JQF,NC,ASO,ES,Federal Contract Tower,5,4,28,0,37,0,9,92,0,101,5,13,120,0,138,28,0,28,166
08/26/2013,JQF,NC,ASO,ES,Federal Contract Tower,3,9,20,0,32,0,17,66,0,83,3,26,86,0,115,58,2,60,175
08/27/2013,JQF,NC,ASO,ES,Federal Contract Tower,3,6,30,0,39,0,13,79,0,92,3,19,109,0,131,20,0,20,151
08/28/2013,JQF,NC,ASO,ES,Federal Contract Tower,0,10,33,0,43,0,4,65,0,69,0,14,98,0,112,28,0,28,140
08/29/2013,JQF,NC,ASO,ES,Federal Contract Tower,6,9,44,0,59,0,22,75,2,99,6,31,119,2,158,88,0,88,246
08/30/2013,JQF,NC,ASO,ES,Federal Contract Tower,4,11,34,0,49,0,15,91,0,106,4,26,125,0,155,58,0,58,213
08/31/2013,JQF,NC,ASO,ES,Federal Contract Tower,7,2,26,0,35,0,7,80,0,87,7,9,106,0,122,26,0,26,148
09/01/2013,JQF,NC,ASO,ES,Federal Contract Tower,12,1,19,0,32,0,3,81,0,84,12,4,100,0,116,6,0,6,122
09/02/2013,JQF,NC,ASO,ES,Federal Contract Tower,2,1,30,0,33,0,5,68,0,73,2,6,98,0,106,18,0,18,124
09/03/2013,JQF,NC,ASO,ES,Federal Contract Tower,0,5,28,0,33,0,10,58,18,86,0,15,86,18,119,74,6,80,199
09/04/2013,JQF,NC,ASO,ES,Federal Contract Tower,0,13,26,0,39,0,6,78,0,84,0,19,104,0,123,82,0,82,205
09/05/2013,JQF,NC,ASO,ES,Federal Contract Tower,18,7,38,3,66,0,9,94,7,110,18,16,132,10,176,58,2,60,236
09/06/2013,JQF,NC,ASO,ES,Federal Contract Tower,9,11,27,2,49,0,7,80,0,87,9,18,107,2,136,74,0,74,210
09/07/2013,JQF,NC,ASO,ES,Federal Contract Tower,11,1,25,0,37,0,7,81,0,88,11,8,106,0,125,86,0,86,211
09/08/2013,JQF,NC,ASO,ES,Federal Contract Tower,5,2,43,0,50,0,14,76,0,90,5,16,119,0,140,28,0,28,168
09/09/2013,JQF,NC,ASO,ES,Federal Contract Tower,0,9,25,0,34,0,2,52,2,56,0,11,77,2,90,64,0,64,154
09/10/2013,JQF,NC,ASO,ES,Federal Contract Tower,0,7,31,0,38,0,10,103,0,113,0,17,134,0,151,60,0,60,211
09/11/2013,JQF,NC,ASO,ES,Federal Contract Tower,2,13,35,2,52,0,7,70,0,77,2,20,105,2,129,118,0,118,247
09/12/2013,JQF,NC,ASO,ES,Federal Contract Tower,12,23,57,0,92,0,8,48,0,56,12,31,105,0,148,36,0,36,184
09/13/2013,JQF,NC,ASO,ES,Federal Contract Tower,0,7,37,0,44,0,9,82,0,91,0,16,119,0,135,108,0,108,243
09/14/2013,JQF,NC,ASO,ES,Federal Contract Tower,5,4,19,0,28,0,10,100,0,110,5,14,119,0,138,70,0,70,208
09/15/2013,JQF,NC,ASO,ES,Federal Contract Tower,1,2,49,0,52,0,11,82,0,93,1,13,131,0,145,44,0,44,189
09/16/2013,JQF,NC,ASO,ES,Federal Contract Tower,0,6,36,0,42,0,24,47,0,71,0,30,83,0,113,76,0,76,189
09/17/2013,JQF,NC,ASO,ES,Federal Contract Tower,1,6,42,0,49,0,5,55,0,60,1,11,97,0,109,14,0,14,123
09/18/2013,JQF,NC,ASO,ES,Federal Contract Tower,0,13,41,0,54,0,8,63,0,71,0,21,104,0,125,100,0,100,225
09/19/2013,JQF,NC,ASO,ES,Federal Contract Tower,11,6,39,0,56,0,8,97,2,107,11,14,136,2,163,118,0,118,281
09/20/2013,JQF,NC,ASO,ES,Federal Contract Tower,2,8,42,0,52,0,5,82,0,87,2,13,124,0,139,114,0,114,253
09/21/2013,JQF,NC,ASO,ES,Federal Contract Tower,4,4,32,0,40,0,6,17,0,23,4,10,49,0,63,0,0,0,63
09/22/2013,JQF,NC,ASO,ES,Federal Contract Tower,11,5,36,0,52,2,14,88,0,104,13,19,124,0,156,80,0,80,236
09/23/2013,JQF,NC,ASO,ES,Federal Contract Tower,1,9,30,0,40,0,9,71,4,84,1,18,101,4,124,118,0,118,242
09/24/2013,JQF,NC,ASO,ES,Federal Contract Tower,0,12,34,0,46,0,9,79,1,89,0,21,113,1,135,94,0,94,229
09/25/2013,JQF,NC,ASO,ES,Federal Contract Tower,0,9,27,0,36,0,12,28,0,40,0,21,55,0,76,120,0,120,196
09/26/2013,JQF,NC,ASO,ES,Federal Contract Tower,11,8,54,0,73,0,9,82,0,91,11,17,136,0,164,78,0,78,242
09/27/2013,JQF,NC,ASO,ES,Federal Contract Tower,2,7,39,2,50,0,11,62,2,75,2,18,101,4,125,30,0,30,155
09/28/2013,JQF,NC,ASO,ES,Federal Contract Tower,8,0,34,0,42,0,4,75,0,79,8,4,109,0,121,0,0,0,121
09/29/2013,JQF,NC,ASO,ES,Federal Contract Tower,13,2,45,0,60,0,1,74,0,75,13,3,119,0,135,40,0,40,175
09/30/2013,JQF,NC,ASO,ES,Federal Contract Tower,1,11,21,0,33,0,9,78,0,87,1,20,99,0,120,64,0,64,184
10/01/2013,JQF,NC,ASO,ES,Federal Contract Tower,0,4,44,0,48,0,15,81,0,96,0,19,125,0,144,50,0,50,194
10/02/2013,JQF,NC,ASO,ES,Federal Contract Tower,2,12,41,0,55,0,10,77,0,87,2,22,118,0,142,120,0,120,262
10/03/2013,JQF,NC,ASO,ES,Federal Contract Tower,7,9,44,4,64,0,13,44,10,67,7,22,88,14,131,130,0,130,261
10/04/2013,JQF,NC,ASO,ES,Federal Contract Tower,2,6,45,0,53,0,9,56,0,65,2,15,101,0,118,106,0,106,224
10/05/2013,JQF,NC,ASO,ES,Federal Contract Tower,5,3,24,0,32,0,7,94,0,101,5,10,118,0,133,118,0,118,251
10/06/2013,JQF,NC,ASO,ES,Federal Contract Tower,10,2,35,0,47,0,5,75,0,80,10,7,110,0,127,42,0,42,169
10/07/2013,JQF,NC,ASO,ES,Federal Contract Tower,0,5,30,0,35,0,9,38,0,47,0,14,68,0,82,40,0,40,122
10/08/2013,JQF,NC,ASO,ES,Federal Contract Tower,0,13,50,0,63,0,15,37,0,52,0,28,87,0,115,4,0,4,119
10/09/2013,JQF,NC,ASO,ES,Federal Contract Tower,0,17,31,0,48,0,18,70,0,88,0,35,101,0,136,14,0,14,150
10/10/2013,JQF,NC,ASO,ES,Federal Contract Tower,0,11,46,0,57,0,43,55,0,98,0,54,101,0,155,94,0,94,249
10/11/2013,JQF,NC,ASO,ES,Federal Contract Tower,2,27,53,0,82,0,73,74,0,147,2,100,127,0,229,46,0,46,275
10/12/2013,JQF,NC,ASO,ES,Federal Contract Tower,0,4,55,0,59,0,195,66,0,261,0,199,121,0,320,40,0,40,360
10/13/2013,JQF,NC,ASO,ES,Federal Contract Tower,0,7,63,0,70,0,28,5,0,33,0,35,68,0,103,14,0,14,117
10/14/2013,JQF,NC,ASO,ES,Federal Contract Tower,3,14,50,0,67,0,17,22,0,39,3,31,72,0,106,0,0,0,106
10/15/2013,JQF,NC,ASO,ES,Federal Contract Tower,3,15,56,0,74,0,11,89,0,100,3,26,145,0,174,46,0,46,220
10/16/2013,JQF,NC,ASO,ES,Federal Contract Tower,1,7,41,0,49,0,6,55,0,61,1,13,96,0,110,36,0,36,146
10/17/2013,JQF,NC,ASO,ES,Federal Contract Tower,9,11,46,0,66,0,5,43,0,48,9,16,89,0,114,84,0,84,198
10/18/2013,JQF,NC,ASO,ES,Federal Contract Tower,0,11,29,0,40,0,16,92,0,108,0,27,121,0,148,98,0,98,246
10/19/2013,JQF,NC,ASO,ES,Federal Contract Tower,5,2,40,0,47,0,1,12,0,13,5,3,52,0,60,42,0,42,102
10/20/2013,JQF,NC,ASO,ES,Federal Contract Tower,17,3,33,0,53,0,8,82,0,90,17,11,115,0,143,50,0,50,193
10/21/2013,JQF,NC,ASO,ES,Federal Contract Tower,2,8,29,0,39,0,11,61,0,72,2,19,90,0,111,50,0,50,161
10/22/2013,JQF,NC,ASO,ES,Federal Contract Tower,1,8,35,0,44,0,20,59,0,79,1,28,94,0,123,94,0,94,217
10/23/2013,JQF,NC,ASO,ES,Federal Contract Tower,1,10,41,0,52,0,45,55,0,100,1,55,96,0,152,16,0,16,168
10/24/2013,JQF,NC,ASO,ES,Federal Contract Tower,1,8,36,0,45,2,27,56,0,85,3,35,92,0,130,84,0,84,214
10/25/2013,JQF,NC,ASO,ES,Federal Contract Tower,1,6,18,0,25,0,25,62,0,87,1,31,80,0,112,58,0,58,170
10/26/2013,JQF,NC,ASO,ES,Federal Contract Tower,0,3,24,0,27,0,7,54,0,61,0,10,78,0,88,30,0,30,118
10/27/2013,JQF,NC,ASO,ES,Federal Contract Tower,0,3,19,0,22,0,6,76,0,82,0,9,95,0,104,28,0,28,132
10/28/2013,JQF,NC,ASO,ES,Federal Contract Tower,4,9,27,0,40,0,9,46,0,55,4,18,73,0,95,30,0,30,125
10/29/2013,JQF,NC,ASO,ES,Federal Contract Tower,1,7,62,0,70,0,10,59,0,69,1,17,121,0,139,78,0,78,217
10/30/2013,JQF,NC,ASO,ES,Federal Contract Tower,3,15,37,0,55,0,3,54,0,57,3,18,91,0,112,94,0,94,206
10/31/2013,JQF,NC,ASO,ES,Federal Contract Tower,12,6,25,0,43,0,39,83,8,130,12,45,108,8,173,78,0,78,251
11/01/2013,JQF,NC,ASO,ES,Federal Contract Tower,2,14,36,0,52,0,0,2,0,2,2,14,38,0,54,2,0,2,56
11/02/2013,JQF,NC,ASO,ES,Federal Contract Tower,3,0,22,0,25,0,7,72,0,79,3,7,94,0,104,36,0,36,140
11/03/2013,JQF,NC,ASO,ES,Federal Contract Tower,2,10,25,0,37,0,9,74,0,83,2,19,99,0,120,26,0,26,146
11/04/2013,JQF,NC,ASO,ES,Federal Contract Tower,1,6,30,0,37,0,6,55,0,61,1,12,85,0,98,84,0,84,182
11/05/2013,JQF,NC,ASO,ES,Federal Contract Tower,1,2,28,0,31,0,9,49,0,58,1,11,77,0,89,160,0,160,249
11/06/2013,JQF,NC,ASO,ES,Federal Contract Tower,5,7,30,0,42,0,11,71,2,84,5,18,101,2,126,58,6,64,190
11/07/2013,JQF,NC,ASO,ES,Federal Contract Tower,8,16,44,0,68,0,13,60,0,73,8,29,104,0,141,48,0,48,189
11/08/2013,JQF,NC,ASO,ES,Federal Contract Tower,6,3,35,0,44,0,42,95,0,137,6,45,130,0,181,30,0,30,211
11/09/2013,JQF,NC,ASO,ES,Federal Contract Tower,3,1,27,0,31,0,19,98,0,117,3,20,125,0,148,74,0,74,222
11/10/2013,JQF,NC,ASO,ES,Federal Contract Tower,3,2,40,0,45,0,13,91,0,104,3,15,131,0,149,66,0,66,215
11/11/2013,JQF,NC,ASO,ES,Federal Contract Tower,0,4,25,0,29,0,24,94,0,118,0,28,119,0,147,72,0,72,219
11/12/2013,JQF,NC,ASO,ES,Federal Contract Tower,0,7,25,0,32,0,9,42,0,51,0,16,67,0,83,2,0,2,85
11/13/2013,JQF,NC,ASO,ES,Federal Contract Tower,0,5,30,0,35,0,2,63,0,65,0,7,93,0,100,84,0,84,184
11/14/2013,JQF,NC,ASO,ES,Federal Contract Tower,8,14,43,0,65,0,8,89,0,97,8,22,132,0,162,50,0,50,212
11/15/2013,JQF,NC,ASO,ES,Federal Contract Tower,0,14,42,2,58,0,11,46,0,57,0,25,88,2,115,130,0,130,245
11/16/2013,JQF,NC,ASO,ES,Federal Contract Tower,3,5,34,0,42,0,8,46,0,54,3,13,80,0,96,78,0,78,174
11/17/2013,JQF,NC,ASO,ES,Federal Contract Tower,5,1,30,0,36,0,1,13,0,14,5,2,43,0,50,18,0,18,68
11/18/2013,JQF,NC,ASO,ES,Federal Contract Tower,4,7,29,0,40,0,29,71,0,100,4,36,100,0,140,12,0,12,152
11/19/2013,JQF,NC,ASO,ES,Federal Contract Tower,2,8,56,0,66,0,19,77,0,96,2,27,133,0,162,14,0,14,176
11/20/2013,JQF,NC,ASO,ES,Federal Contract Tower,0,5,46,0,51,0,18,71,0,89,0,23,117,0,140,42,0,42,182
11/21/2013,JQF,NC,ASO,ES,Federal Contract Tower,1,10,31,0,42,0,8,41,0,49,1,18,72,0,91,42,14,56,147
11/22/2013,JQF,NC,ASO,ES,Federal Contract Tower,0,10,26,0,36,0,11,30,0,41,0,21,56,0,77,0,0,0,77
11/23/2013,JQF,NC,ASO,ES,Federal Contract Tower,0,2,13,0,15,0,5,29,0,34,0,7,42,0,49,62,0,62,111
11/24/2013,JQF,NC,ASO,ES,Federal Contract Tower,0,5,22,0,27,0,14,50,0,64,0,19,72,0,91,40,0,40,131
11/25/2013,JQF,NC,ASO,ES,Federal Contract Tower,0,6,33,0,39,0,19,87,10,116,0,25,120,10,155,50,0,50,205
11/26/2013,JQF,NC,ASO,ES,Federal Contract Tower,0,7,6,0,13,0,0,0,0,0,0,7,6,0,13,0,0,0,13
11/27/2013,JQF,NC,ASO,ES,Federal Contract Tower,2,7,13,0,22,0,6,4,0,10,2,13,17,0,32,24,0,24,56
11/28/2013,JQF,NC,ASO,ES,Federal Contract Tower,0,2,8,0,10,0,2,22,0,24,0,4,30,0,34,0,0,0,34
11/29/2013,JQF,NC,ASO,ES,Federal Contract Tower,0,6,11,0,17,0,9,67,0,76,0,15,78,0,93,30,0,30,123
11/30/2013,JQF,NC,ASO,ES,Federal Contract Tower,0,3,12,0,15,0,10,55,0,65,0,13,67,0,80,24,0,24,104
12/01/2013,JQF,NC,ASO,ES,Federal Contract Tower,0,7,40,0,47,0,9,68,0,77,0,16,108,0,124,104,0,104,228
12/02/2013,JQF,NC,ASO,ES,Federal Contract Tower,0,12,25,0,37,0,31,55,12,98,0,43,80,12,135,58,0,58,193
12/03/2013,JQF,NC,ASO,ES,Federal Contract Tower,0,6,39,0,45,0,18,17,0,35,0,24,56,0,80,20,0,20,100
12/04/2013,JQF,NC,ASO,ES,Federal Contract Tower,3,13,49,0,65,0,2,0,0,2,3,15,49,0,67,0,0,0,67
12/05/2013,JQF,NC,ASO,ES,Federal Contract Tower,2,12,35,0,49,0,0,1,0,1,2,12,36,0,50,2,0,2,52
12/06/2013,JQF,NC,ASO,ES,Federal Contract Tower,0,13,30,2,45,0,4,21,0,25,0,17,51,2,70,0,0,0,70
12/07/2013,JQF,NC,ASO,ES,Federal Contract Tower,4,2,21,0,27,0,4,9,0,13,4,6,30,0,40,76,0,76,116
12/08/2013,JQF,NC,ASO,ES,Federal Contract Tower,0,1,13,2,16,0,0,0,1,1,0,1,13,3,17,0,0,0,17
12/09/2013,JQF,NC,ASO,ES,Federal Contract Tower,0,9,27,0,36,0,0,0,0,0,0,9,27,0,36,0,0,0,36
12/10/2013,JQF,NC,ASO,ES,Federal Contract Tower,1,9,31,1,42,0,22,12,0,34,1,31,43,1,76,6,0,6,82
12/11/2013,JQF,NC,ASO,ES,Federal Contract Tower,2,8,47,0,57,0,5,94,1,100,2,13,141,1,157,108,0,108,265
12/12/2013,JQF,NC,ASO,ES,Federal Contract Tower,0,13,46,0,59,0,9,52,3,64,0,22,98,3,123,16,0,16,139
12/13/2013,JQF,NC,ASO,ES,Federal Contract Tower,0,9,40,0,49,0,7,68,1,76,0,16,108,1,125,86,0,86,211
12/14/2013,JQF,NC,ASO,ES,Federal Contract Tower,2,6,15,0,23,0,2,2,0,4,2,8,17,0,27,0,0,0,27
12/15/2013,JQF,NC,ASO,ES,Federal Contract Tower,0,5,21,0,26,0,10,79,0,89,0,15,100,0,115,98,0,98,213
12/16/2013,JQF,NC,ASO,ES,Federal Contract Tower,0,7,38,0,45,0,10,85,0,95,0,17,123,0,140,64,0,64,204
12/17/2013,JQF,NC,ASO,ES,Federal Contract Tower,0,10,34,0,44,0,9,61,0,70,0,19,95,0,114,40,0,40,154
12/18/2013,JQF,NC,ASO,ES,Federal Contract Tower,0,5,33,0,38,0,8,76,2,86,0,13,109,2,124,86,0,86,210
12/19/2013,JQF,NC,ASO,ES,Federal Contract Tower,0,6,39,0,45,0,26,94,2,122,0,32,133,2,167,36,0,36,203
12/20/2013,JQF,NC,ASO,ES,Federal Contract Tower,2,7,30,0,39,0,6,48,0,54,2,13,78,0,93,50,0,50,143
12/21/2013,JQF,NC,ASO,ES,Federal Contract Tower,0,3,20,0,23,0,11,39,0,50,0,14,59,0,73,28,0,28,101
12/22/2013,JQF,NC,ASO,ES,Federal Contract Tower,4,4,4,0,12,0,4,2,0,6,4,8,6,0,18,20,0,20,38
12/23/2013,JQF,NC,ASO,ES,Federal Contract Tower,2,8,16,0,26,0,1,3,0,4,2,9,19,0,30,0,0,0,30
12/24/2013,JQF,NC,ASO,ES,Federal Contract Tower,0,6,1,0,7,0,2,15,0,17,0,8,16,0,24,2,0,2,26
12/25/2013,JQF,NC,ASO,ES,Federal Contract Tower,0,0,0,0,0,0,0,0,0,0,0,0,0,0,0,0,0,0,0
12/26/2013,JQF,NC,ASO,ES,Federal Contract Tower,0,3,17,0,20,0,13,66,0,79,0,16,83,0,99,10,0,10,109
12/27/2013,JQF,NC,ASO,ES,Federal Contract Tower,2,10,15,0,27,0,15,57,0,72,2,25,72,0,99,12,0,12,111
12/28/2013,JQF,NC,ASO,ES,Federal Contract Tower,1,3,20,0,24,0,8,55,0,63,1,11,75,0,87,56,0,56,143
12/29/2013,JQF,NC,ASO,ES,Federal Contract Tower,0,7,20,0,27,0,0,13,0,13,0,7,33,0,40,0,0,0,40
12/30/2013,JQF,NC,ASO,ES,Federal Contract Tower,2,6,33,0,41,0,6,82,0,88,2,12,115,0,129,16,0,16,145
12/31/2013,JQF,NC,ASO,ES,Federal Contract Tower,0,4,12,0,16,0,3,71,0,74,0,7,83,0,90,18,0,18,108
01/01/2014,JQF,NC,ASO,ES,Federal Contract Tower,0,1,13,0,14,0,2,68,0,70,0,3,81,0,84,10,0,10,94
01/02/2014,JQF,NC,ASO,ES,Federal Contract Tower,0,7,21,0,28,0,2,5,0,7,0,9,26,0,35,0,0,0,35
01/03/2014,JQF,NC,ASO,ES,Federal Contract Tower,4,4,22,0,30,0,2,53,0,55,4,6,75,0,85,46,0,46,131
01/04/2014,JQF,NC,ASO,ES,Federal Contract Tower,1,2,37,0,40,0,0,66,0,66,1,2,103,0,106,82,0,82,188
01/05/2014,JQF,NC,ASO,ES,Federal Contract Tower,0,3,13,0,16,0,0,0,0,0,0,3,13,0,16,0,0,0,16
01/06/2014,JQF,NC,ASO,ES,Federal Contract Tower,3,5,11,0,19,0,4,14,0,18,3,9,25,0,37,42,0,42,79
01/07/2014,JQF,NC,ASO,ES,Federal Contract Tower,1,7,24,0,32,0,14,75,4,93,1,21,99,4,125,40,2,42,167
01/08/2014,JQF,NC,ASO,ES,Federal Contract Tower,13,14,21,2,50,0,5,61,2,68,13,19,82,4,118,28,0,28,146
01/09/2014,JQF,NC,ASO,ES,Federal Contract Tower,3,5,31,0,39,0,13,70,0,83,3,18,101,0,122,84,0,84,206
01/10/2014,JQF,NC,ASO,ES,Federal Contract Tower,7,7,22,0,36,0,0,0,0,0,7,7,22,0,36,0,0,0,36
01/11/2014,JQF,NC,ASO,ES,Federal Contract Tower,1,1,10,0,12,0,0,3,0,3,1,1,13,0,15,0,0,0,15
01/12/2014,JQF,NC,ASO,ES,Federal Contract Tower,1,2,18,0,21,0,2,89,0,91,1,4,107,0,112,62,0,62,174
01/13/2014,JQF,NC,ASO,ES,Federal Contract Tower,2,7,30,0,39,0,7,72,0,79,2,14,102,0,118,86,0,86,204
01/14/2014,JQF,NC,ASO,ES,Federal Contract Tower,0,12,32,0,44,0,4,36,3,43,0,16,68,3,87,34,0,34,121
01/15/2014,JQF,NC,ASO,ES,Federal Contract Tower,0,7,43,0,50,0,13,48,0,61,0,20,91,0,111,76,0,76,187
01/16/2014,JQF,NC,ASO,ES,Federal Contract Tower,0,5,35,0,40,0,19,67,2,88,0,24,102,2,128,66,0,66,194
01/17/2014,JQF,NC,ASO,ES,Federal Contract Tower,2,4,52,0,58,0,2,81,0,83,2,6,133,0,141,56,0,56,197
01/18/2014,JQF,NC,ASO,ES,Federal Contract Tower,0,2,24,0,26,0,0,63,0,63,0,2,87,0,89,70,0,70,159
01/19/2014,JQF,NC,ASO,ES,Federal Contract Tower,0,0,26,0,26,0,4,79,0,83,0,4,105,0,109,56,0,56,165
01/20/2014,JQF,NC,ASO,ES,Federal Contract Tower,2,7,35,0,44,0,15,79,0,94,2,22,114,0,138,24,0,24,162
01/21/2014,JQF,NC,ASO,ES,Federal Contract Tower,1,9,49,0,59,0,5,32,0,37,1,14,81,0,96,92,0,92,188
01/22/2014,JQF,NC,ASO,ES,Federal Contract Tower,0,8,46,0,54,0,20,61,6,87,0,28,107,6,141,58,0,58,199
01/23/2014,JQF,NC,ASO,ES,Federal Contract Tower,0,8,46,0,54,0,1,58,1,60,0,9,104,1,114,96,0,96,210
01/24/2014,JQF,NC,ASO,ES,Federal Contract Tower,3,10,38,0,51,0,4,49,0,53,3,14,87,0,104,2,0,2,106
01/25/2014,JQF,NC,ASO,ES,Federal Contract Tower,0,2,25,0,27,0,5,6,0,11,0,7,31,0,38,16,0,16,54
01/26/2014,JQF,NC,ASO,ES,Federal Contract Tower,0,0,30,0,30,0,4,54,0,58,0,4,84,0,88,24,0,24,112
01/27/2014,JQF,NC,ASO,ES,Federal Contract Tower,3,7,24,0,34,0,14,52,0,66,3,21,76,0,100,30,0,30,130
01/28/2014,JQF,NC,ASO,ES,Federal Contract Tower,0,0,23,0,23,0,4,21,0,25,0,4,44,0,48,36,0,36,84
01/29/2014,JQF,NC,ASO,ES,Federal Contract Tower,1,2,11,0,14,0,13,17,0,30,1,15,28,0,44,8,0,8,52
01/30/2014,JQF,NC,ASO,ES,Federal Contract Tower,0,8,33,0,41,0,10,55,0,65,0,18,88,0,106,84,0,84,190
01/31/2014,JQF,NC,ASO,ES,Federal Contract Tower,3,9,32,0,44,0,10,43,0,53,3,19,75,0,97,102,0,102,199
02/01/2014,JQF,NC,ASO,ES,Federal Contract Tower,0,0,10,0,10,0,4,71,0,75,0,4,81,0,85,176,0,176,261
02/02/2014,JQF,NC,ASO,ES,Federal Contract Tower,0,4,16,0,20,0,6,36,0,42,0,10,52,0,62,100,0,100,162
02/03/2014,JQF,NC,ASO,ES,Federal Contract Tower,4,6,30,0,40,0,5,9,0,14,4,11,39,0,54,8,0,8,62
02/04/2014,JQF,NC,ASO,ES,Federal Contract Tower,2,11,18,0,31,0,0,0,0,0,2,11,18,0,31,0,0,0,31
02/05/2014,JQF,NC,ASO,ES,Federal Contract Tower,7,10,34,0,51,0,14,11,0,25,7,24,45,0,76,8,0,8,84
02/06/2014,JQF,NC,ASO,ES,Federal Contract Tower,1,9,34,2,46,0,8,62,0,70,1,17,96,2,116,74,0,74,190
02/07/2014,JQF,NC,ASO,ES,Federal Contract Tower,5,7,21,0,33,0,12,57,0,69,5,19,78,0,102,122,0,122,224
02/08/2014,JQF,NC,ASO,ES,Federal Contract Tower,0,1,29,0,30,0,10,56,0,66,0,11,85,0,96,100,0,100,196
02/09/2014,JQF,NC,ASO,ES,Federal Contract Tower,0,3,19,0,22,0,4,69,1,74,0,7,88,1,96,2,0,2,98
02/10/2014,JQF,NC,ASO,ES,Federal Contract Tower,5,7,18,0,30,0,17,18,0,35,5,24,36,0,65,112,0,112,177
02/11/2014,JQF,NC,ASO,ES,Federal Contract Tower,4,5,14,0,23,0,0,2,0,2,4,5,16,0,25,0,0,0,25
02/12/2014,JQF,NC,ASO,ES,Federal Contract Tower,0,0,4,0,4,0,0,0,0,0,0,0,4,0,4,0,0,0,4
02/13/2014,JQF,NC,ASO,ES,Federal Contract Tower,0,0,0,0,0,0,0,0,0,0,0,0,0,0,0,0,0,0,0
02/14/2014,JQF,NC,ASO,ES,Federal Contract Tower,5,4,17,0,26,0,7,13,0,20,5,11,30,0,46,0,0,0,46
02/15/2014,JQF,NC,ASO,ES,Federal Contract Tower,3,1,11,0,15,0,2,23,0,25,3,3,34,0,40,2,0,2,42
02/16/2014,JQF,NC,ASO,ES,Federal Contract Tower,8,0,21,0,29,0,3,67,0,70,8,3,88,0,99,34,0,34,133
02/17/2014,JQF,NC,ASO,ES,Federal Contract Tower,4,15,22,0,41,0,15,49,0,64,4,30,71,0,105,136,0,136,241
02/18/2014,JQF,NC,ASO,ES,Federal Contract Tower,2,6,30,0,38,0,3,81,0,84,2,9,111,0,122,158,0,158,280
02/19/2014,JQF,NC,ASO,ES,Federal Contract Tower,7,3,47,0,57,0,4,32,0,36,7,7,79,0,93,50,0,50,143
02/20/2014,JQF,NC,ASO,ES,Federal Contract Tower,4,9,43,0,56,0,17,52,0,69,4,26,95,0,125,54,0,54,179
02/21/2014,JQF,NC,ASO,ES,Federal Contract Tower,1,5,27,0,33,0,18,23,0,41,1,23,50,0,74,14,0,14,88
02/22/2014,JQF,NC,ASO,ES,Federal Contract Tower,4,1,25,0,30,0,10,101,0,111,4,11,126,0,141,168,0,168,309
02/23/2014,JQF,NC,ASO,ES,Federal Contract Tower,3,1,27,0,31,0,10,64,0,74,3,11,91,0,105,12,0,12,117
02/24/2014,JQF,NC,ASO,ES,Federal Contract Tower,4,9,44,0,57,0,15,95,0,110,4,24,139,0,167,104,0,104,271
02/25/2014,JQF,NC,ASO,ES,Federal Contract Tower,1,16,33,0,50,0,17,57,0,74,1,33,90,0,124,16,0,16,140
02/26/2014,JQF,NC,ASO,ES,Federal Contract Tower,0,9,50,0,59,0,7,95,4,106,0,16,145,4,165,70,6,76,241
02/27/2014,JQF,NC,ASO,ES,Federal Contract Tower,6,10,31,0,47,0,7,79,0,86,6,17,110,0,133,50,0,50,183
02/28/2014,JQF,NC,ASO,ES,Federal Contract Tower,3,7,29,0,39,0,14,79,0,93,3,21,108,0,132,72,0,72,204
03/01/2014,JQF,NC,ASO,ES,Federal Contract Tower,1,0,19,0,20,0,48,71,0,119,1,48,90,0,139,68,0,68,207
03/02/2014,JQF,NC,ASO,ES,Federal Contract Tower,0,0,32,0,32,0,6,63,0,69,0,6,95,0,101,50,0,50,151
03/03/2014,JQF,NC,ASO,ES,Federal Contract Tower,3,6,8,0,17,0,0,0,0,0,3,6,8,0,17,0,0,0,17
03/04/2014,JQF,NC,ASO,ES,Federal Contract Tower,0,10,44,0,54,0,21,39,0,60,0,31,83,0,114,70,0,70,184
03/05/2014,JQF,NC,ASO,ES,Federal Contract Tower,1,5,28,0,34,0,7,52,6,65,1,12,80,6,99,36,0,36,135
03/06/2014,JQF,NC,ASO,ES,Federal Contract Tower,1,7,28,0,36,0,0,13,0,13,1,7,41,0,49,6,0,6,55
03/07/2014,JQF,NC,ASO,ES,Federal Contract Tower,4,9,35,0,48,0,2,1,0,3,4,11,36,0,51,0,0,0,51
03/08/2014,JQF,NC,ASO,ES,Federal Contract Tower,0,2,27,0,29,1,8,89,0,98,1,10,116,0,127,74,0,74,201
03/09/2014,JQF,NC,ASO,ES,Federal Contract Tower,0,2,25,0,27,0,12,86,0,98,0,14,111,0,125,72,0,72,197
03/10/2014,JQF,NC,ASO,ES,Federal Contract Tower,3,8,20,0,31,0,8,91,0,99,3,16,111,0,130,98,0,98,228
03/11/2014,JQF,NC,ASO,ES,Federal Contract Tower,0,10,19,0,29,0,37,84,8,129,0,47,103,8,158,40,0,40,198
03/12/2014,JQF,NC,ASO,ES,Federal Contract Tower,0,5,20,0,25,0,2,5,0,7,0,7,25,0,32,2,0,2,34
03/13/2014,JQF,NC,ASO,ES,Federal Contract Tower,0,3,36,0,39,0,11,60,0,71,0,14,96,0,110,12,0,12,122
03/14/2014,JQF,NC,ASO,ES,Federal Contract Tower,2,5,46,0,53,0,4,85,0,89,2,9,131,0,142,94,0,94,236
03/15/2014,JQF,NC,ASO,ES,Federal Contract Tower,0,4,30,0,34,0,15,75,0,90,0,19,105,0,124,106,0,106,230
03/16/2014,JQF,NC,ASO,ES,Federal Contract Tower,2,2,22,0,26,0,0,0,0,0,2,2,22,0,26,0,0,0,26
03/17/2014,JQF,NC,ASO,ES,Federal Contract Tower,2,2,15,0,19,0,0,0,0,0,2,2,15,0,19,0,0,0,19
03/18/2014,JQF,NC,ASO,ES,Federal Contract Tower,1,15,22,0,38,0,1,3,0,4,1,16,25,0,42,0,0,0,42
03/19/2014,JQF,NC,ASO,ES,Federal Contract Tower,0,15,32,0,47,0,16,25,4,45,0,31,57,4,92,18,0,18,110
03/20/2014,JQF,NC,ASO,ES,Federal Contract Tower,4,3,34,0,41,0,16,96,2,114,4,19,130,2,155,106,0,106,261
03/21/2014,JQF,NC,ASO,ES,Federal Contract Tower,2,7,25,0,34,0,13,80,0,93,2,20,105,0,127,92,0,92,219
03/22/2014,JQF,NC,ASO,ES,Federal Contract Tower,1,0,27,0,28,0,14,97,0,111,1,14,124,0,139,140,0,140,279
03/23/2014,JQF,NC,ASO,ES,Federal Contract Tower,0,0,37,0,37,0,1,10,0,11,0,1,47,0,48,48,0,48,96
03/24/2014,JQF,NC,ASO,ES,Federal Contract Tower,2,5,37,0,44,0,41,97,0,138,2,46,134,0,182,112,0,112,294
03/25/2014,JQF,NC,ASO,ES,Federal Contract Tower,0,7,20,0,27,0,4,1,0,5,0,11,21,0,32,2,0,2,34
03/26/2014,JQF,NC,ASO,ES,Federal Contract Tower,0,10,40,0,50,0,17,68,0,85,0,27,108,0,135,64,0,64,199
03/27/2014,JQF,NC,ASO,ES,Federal Contract Tower,0,13,25,0,38,0,10,51,0,61,0,23,76,0,99,62,0,62,161
03/28/2014,JQF,NC,ASO,ES,Federal Contract Tower,2,6,30,0,38,0,7,18,0,25,2,13,48,0,63,32,0,32,95
03/29/2014,JQF,NC,ASO,ES,Federal Contract Tower,2,4,15,0,21,0,2,0,0,2,2,6,15,0,23,0,0,0,23
03/30/2014,JQF,NC,ASO,ES,Federal Contract Tower,0,5,26,0,31,0,2,15,0,17,0,7,41,0,48,20,0,20,68
03/31/2014,JQF,NC,ASO,ES,Federal Contract Tower,2,6,42,0,50,0,29,91,0,120,2,35,133,0,170,92,0,92,262
04/01/2014,JQF,NC,ASO,ES,Federal Contract Tower,0,4,42,0,46,0,14,64,0,78,0,18,106,0,124,66,0,66,190
04/02/2014,JQF,NC,ASO,ES,Federal Contract Tower,1,6,49,0,56,0,14,88,0,102,1,20,137,0,158,60,0,60,218
04/03/2014,JQF,NC,ASO,ES,Federal Contract Tower,7,7,36,0,50,0,12,57,2,71,7,19,93,2,121,28,0,28,149
04/04/2014,JQF,NC,ASO,ES,Federal Contract Tower,4,7,30,0,41,0,4,38,0,42,4,11,68,0,83,2,0,2,85
04/05/2014,JQF,NC,ASO,ES,Federal Contract Tower,1,1,17,0,19,0,2,72,0,74,1,3,89,0,93,76,0,76,169
04/06/2014,JQF,NC,ASO,ES,Federal Contract Tower,0,2,19,0,21,0,6,53,3,62,0,8,72,3,83,110,0,110,193
04/07/2014,JQF,NC,ASO,ES,Federal Contract Tower,14,17,27,0,58,0,0,0,0,0,14,17,27,0,58,0,0,0,58
04/08/2014,JQF,NC,ASO,ES,Federal Contract Tower,1,19,40,0,60,0,5,37,0,42,1,24,77,0,102,38,0,38,140
04/09/2014,JQF,NC,ASO,ES,Federal Contract Tower,1,19,39,0,59,0,7,50,0,57,1,26,89,0,116,0,0,0,116
04/10/2014,JQF,NC,ASO,ES,Federal Contract Tower,0,15,33,1,49,0,21,77,0,98,0,36,110,1,147,70,0,70,217
04/11/2014,JQF,NC,ASO,ES,Federal Contract Tower,2,11,35,0,48,0,14,88,0,102,2,25,123,0,150,86,0,86,236
04/12/2014,JQF,NC,ASO,ES,Federal Contract Tower,2,1,30,0,33,0,13,93,0,106,2,14,123,0,139,100,0,100,239
04/13/2014,JQF,NC,ASO,ES,Federal Contract Tower,0,9,35,0,44,0,14,73,0,87,0,23,108,0,131,116,0,116,247
04/14/2014,JQF,NC,ASO,ES,Federal Contract Tower,4,12,27,0,43,0,3,27,2,32,4,15,54,2,75,32,0,32,107
04/15/2014,JQF,NC,ASO,ES,Federal Contract Tower,7,6,33,0,46,0,3,8,0,11,7,9,41,0,57,10,0,10,67
04/16/2014,JQF,NC,ASO,ES,Federal Contract Tower,3,12,33,0,48,0,4,82,0,86,3,16,115,0,134,58,0,58,192
04/17/2014,JQF,NC,ASO,ES,Federal Contract Tower,2,13,28,0,43,0,4,91,0,95,2,17,119,0,138,118,0,118,256
04/18/2014,JQF,NC,ASO,ES,Federal Contract Tower,2,6,27,0,35,0,4,63,0,67,2,10,90,0,102,44,0,44,146
04/19/2014,JQF,NC,ASO,ES,Federal Contract Tower,1,2,17,0,20,0,0,0,0,0,1,2,17,0,20,0,0,0,20
04/20/2014,JQF,NC,ASO,ES,Federal Contract Tower,1,0,11,0,12,0,0,40,0,40,1,0,51,0,52,34,0,34,86
04/21/2014,JQF,NC,ASO,ES,Federal Contract Tower,2,10,45,0,57,0,11,81,4,96,2,21,126,4,153,110,0,110,263
04/22/2014,JQF,NC,ASO,ES,Federal Contract Tower,0,7,41,0,48,0,15,33,0,48,0,22,74,0,96,28,0,28,124
04/23/2014,JQF,NC,ASO,ES,Federal Contract Tower,2,10,36,0,48,0,11,98,2,111,2,21,134,2,159,8,2,10,169
04/24/2014,JQF,NC,ASO,ES,Federal Contract Tower,9,15,37,0,61,0,14,121,8,143,9,29,158,8,204,150,0,150,354
04/25/2014,JQF,NC,ASO,ES,Federal Contract Tower,4,8,49,0,61,0,5,18,0,23,4,13,67,0,84,0,0,0,84
04/26/2014,JQF,NC,ASO,ES,Federal Contract Tower,5,8,27,0,40,0,7,187,0,194,5,15,214,0,234,122,0,122,356
04/27/2014,JQF,NC,ASO,ES,Federal Contract Tower,4,3,16,0,23,0,15,150,0,165,4,18,166,0,188,40,0,40,228
04/28/2014,JQF,NC,ASO,ES,Federal Contract Tower,2,8,18,0,28,0,6,41,4,51,2,14,59,4,79,46,0,46,125
04/29/2014,JQF,NC,ASO,ES,Federal Contract Tower,0,7,23,0,30,0,0,0,0,0,0,7,23,0,30,0,0,0,30
04/30/2014,JQF,NC,ASO,ES,Federal Contract Tower,4,4,19,0,27,0,5,18,4,27,4,9,37,4,54,20,4,24,78
05/01/2014,JQF,NC,ASO,ES,Federal Contract Tower,11,19,37,0,67,0,5,40,0,45,11,24,77,0,112,6,0,6,118
05/02/2014,JQF,NC,ASO,ES,Federal Contract Tower,3,7,35,4,49,0,1,65,0,66,3,8,100,4,115,66,0,66,181
05/03/2014,JQF,NC,ASO,ES,Federal Contract Tower,6,2,29,0,37,0,4,89,1,94,6,6,118,1,131,48,0,48,179
05/04/2014,JQF,NC,ASO,ES,Federal Contract Tower,10,1,37,0,48,0,12,84,0,96,10,13,121,0,144,50,0,50,194
05/05/2014,JQF,NC,ASO,ES,Federal Contract Tower,4,10,27,0,41,0,5,54,0,59,4,15,81,0,100,30,0,30,130
05/06/2014,JQF,NC,ASO,ES,Federal Contract Tower,4,7,39,0,50,0,10,49,0,59,4,17,88,0,109,8,0,8,117
05/07/2014,JQF,NC,ASO,ES,Federal Contract Tower,8,10,43,0,61,0,11,61,0,72,8,21,104,0,133,76,0,76,209
05/08/2014,JQF,NC,ASO,ES,Federal Contract Tower,6,12,44,1,63,0,17,68,1,86,6,29,112,2,149,42,0,42,191
05/09/2014,JQF,NC,ASO,ES,Federal Contract Tower,2,7,26,0,35,0,12,48,0,60,2,19,74,0,95,26,0,26,121
05/10/2014,JQF,NC,ASO,ES,Federal Contract Tower,5,2,24,0,31,0,2,52,0,54,5,4,76,0,85,24,0,24,109
05/11/2014,JQF,NC,ASO,ES,Federal Contract Tower,0,2,33,0,35,0,6,47,0,53,0,8,80,0,88,18,0,18,106
05/12/2014,JQF,NC,ASO,ES,Federal Contract Tower,2,10,35,0,47,0,9,62,0,71,2,19,97,0,118,114,0,114,232
05/13/2014,JQF,NC,ASO,ES,Federal Contract Tower,0,8,44,0,52,0,12,52,0,64,0,20,96,0,116,94,0,94,210
05/14/2014,JQF,NC,ASO,ES,Federal Contract Tower,0,11,48,0,59,0,9,50,0,59,0,20,98,0,118,30,0,30,148
05/15/2014,JQF,NC,ASO,ES,Federal Contract Tower,2,12,39,0,53,0,0,0,0,0,2,12,39,0,53,0,0,0,53
05/16/2014,JQF,NC,ASO,ES,Federal Contract Tower,2,5,26,0,33,0,13,88,0,101,2,18,114,0,134,102,0,102,236
05/17/2014,JQF,NC,ASO,ES,Federal Contract Tower,1,4,27,0,32,0,207,81,0,288,1,211,108,0,320,62,0,62,382
05/18/2014,JQF,NC,ASO,ES,Federal Contract Tower,13,9,45,3,70,0,58,53,0,111,13,67,98,3,181,46,0,46,227
05/19/2014,JQF,NC,ASO,ES,Federal Contract Tower,2,4,28,0,34,0,17,106,0,123,2,21,134,0,157,86,0,86,243
05/20/2014,JQF,NC,ASO,ES,Federal Contract Tower,0,7,32,0,39,0,4,46,1,51,0,11,78,1,90,42,0,42,132
05/21/2014,JQF,NC,ASO,ES,Federal Contract Tower,0,15,40,0,55,0,27,79,51,157,0,42,119,51,212,8,16,24,236
05/22/2014,JQF,NC,ASO,ES,Federal Contract Tower,1,16,44,0,61,0,48,85,4,137,1,64,129,4,198,114,0,114,312
05/23/2014,JQF,NC,ASO,ES,Federal Contract Tower,2,9,39,1,51,0,21,81,0,102,2,30,120,1,153,90,0,90,243
05/24/2014,JQF,NC,ASO,ES,Federal Contract Tower,1,4,31,0,36,0,91,80,0,171,1,95,111,0,207,30,0,30,237
05/25/2014,JQF,NC,ASO,ES,Federal Contract Tower,0,5,56,0,61,0,254,86,22,362,0,259,142,22,423,6,0,6,429
05/26/2014,JQF,NC,ASO,ES,Federal Contract Tower,4,4,38,0,46,0,23,73,4,100,4,27,111,4,146,100,0,100,246
05/27/2014,JQF,NC,ASO,ES,Federal Contract Tower,3,9,27,0,39,0,5,59,1,65,3,14,86,1,104,110,0,110,214
05/28/2014,JQF,NC,ASO,ES,Federal Contract Tower,6,5,32,0,43,0,10,77,0,87,6,15,109,0,130,46,0,46,176
05/29/2014,JQF,NC,ASO,ES,Federal Contract Tower,12,14,21,0,47,0,0,55,0,55,12,14,76,0,102,16,0,16,118
05/30/2014,JQF,NC,ASO,ES,Federal Contract Tower,6,5,27,0,38,0,6,18,0,24,6,11,45,0,62,10,0,10,72
05/31/2014,JQF,NC,ASO,ES,Federal Contract Tower,8,4,14,0,26,0,9,52,0,61,8,13,66,0,87,96,0,96,183
06/01/2014,JQF,NC,ASO,ES,Federal Contract Tower,16,1,34,0,51,0,12,71,0,83,16,13,105,0,134,70,0,70,204
06/02/2014,JQF,NC,ASO,ES,Federal Contract Tower,4,6,21,0,31,0,10,65,0,75,4,16,86,0,106,38,0,38,144
06/03/2014,JQF,NC,ASO,ES,Federal Contract Tower,2,10,38,0,50,0,13,67,0,80,2,23,105,0,130,76,0,76,206
06/04/2014,JQF,NC,ASO,ES,Federal Contract Tower,5,11,25,0,41,0,44,78,0,122,5,55,103,0,163,80,0,80,243
06/05/2014,JQF,NC,ASO,ES,Federal Contract Tower,9,19,22,0,50,0,10,53,0,63,9,29,75,0,113,32,0,32,145
06/06/2014,JQF,NC,ASO,ES,Federal Contract Tower,2,7,39,0,48,0,1,71,0,72,2,8,110,0,120,124,0,124,244
06/07/2014,JQF,NC,ASO,ES,Federal Contract Tower,4,1,34,0,39,0,5,48,0,53,4,6,82,0,92,108,0,108,200
06/08/2014,JQF,NC,ASO,ES,Federal Contract Tower,21,4,33,0,58,0,3,6,0,9,21,7,39,0,67,14,0,14,81
06/09/2014,JQF,NC,ASO,ES,Federal Contract Tower,3,6,39,0,48,0,4,26,0,30,3,10,65,0,78,34,0,34,112
06/10/2014,JQF,NC,ASO,ES,Federal Contract Tower,6,4,41,0,51,0,12,54,2,68,6,16,95,2,119,24,0,24,143
06/11/2014,JQF,NC,ASO,ES,Federal Contract Tower,10,3,25,0,38,0,5,54,0,59,10,8,79,0,97,108,0,108,205
06/12/2014,JQF,NC,ASO,ES,Federal Contract Tower,11,11,47,0,69,0,10,41,0,51,11,21,88,0,120,46,0,46,166
06/13/2014,JQF,NC,ASO,ES,Federal Contract Tower,3,9,39,0,51,0,10,70,0,80,3,19,109,0,131,48,0,48,179
06/14/2014,JQF,NC,ASO,ES,Federal Contract Tower,8,2,20,0,30,0,7,86,0,93,8,9,106,0,123,82,0,82,205
06/15/2014,JQF,NC,ASO,ES,Federal Contract Tower,15,2,47,1,65,0,11,69,0,80,15,13,116,1,145,76,0,76,221
06/16/2014,JQF,NC,ASO,ES,Federal Contract Tower,3,6,26,0,35,0,2,41,0,43,3,8,67,0,78,66,0,66,144
06/17/2014,JQF,NC,ASO,ES,Federal Contract Tower,4,9,40,0,53,0,6,69,0,75,4,15,109,0,128,102,0,102,230
06/18/2014,JQF,NC,ASO,ES,Federal Contract Tower,3,9,24,0,36,0,6,78,0,84,3,15,102,0,120,18,0,18,138
06/19/2014,JQF,NC,ASO,ES,Federal Contract Tower,10,11,30,0,51,0,10,44,0,54,10,21,74,0,105,14,0,14,119
06/20/2014,JQF,NC,ASO,ES,Federal Contract Tower,2,13,26,0,41,0,11,78,0,89,2,24,104,0,130,52,0,52,182
06/21/2014,JQF,NC,ASO,ES,Federal Contract Tower,5,1,19,0,25,0,14,60,0,74,5,15,79,0,99,36,0,36,135
06/22/2014,JQF,NC,ASO,ES,Federal Contract Tower,0,3,18,0,21,0,5,68,0,73,0,8,86,0,94,24,0,24,118
06/23/2014,JQF,NC,ASO,ES,Federal Contract Tower,6,13,27,0,46,0,5,25,0,30,6,18,52,0,76,6,0,6,82
06/24/2014,JQF,NC,ASO,ES,Federal Contract Tower,11,9,36,0,56,0,6,19,0,25,11,15,55,0,81,0,0,0,81
06/25/2014,JQF,NC,ASO,ES,Federal Contract Tower,4,10,38,2,54,0,4,44,0,48,4,14,82,2,102,48,0,48,150
06/26/2014,JQF,NC,ASO,ES,Federal Contract Tower,10,9,41,0,60,0,16,83,0,99,10,25,124,0,159,86,0,86,245
06/27/2014,JQF,NC,ASO,ES,Federal Contract Tower,10,21,31,0,62,0,3,51,2,56,10,24,82,2,118,10,0,10,128
06/28/2014,JQF,NC,ASO,ES,Federal Contract Tower,5,2,27,0,34,0,1,17,0,18,5,3,44,0,52,2,0,2,54
06/29/2014,JQF,NC,ASO,ES,Federal Contract Tower,1,9,35,0,45,0,7,67,0,74,1,16,102,0,119,88,0,88,207
06/30/2014,JQF,NC,ASO,ES,Federal Contract Tower,8,5,34,0,47,0,2,48,0,50,8,7,82,0,97,30,0,30,127
07/01/2014,JQF,NC,ASO,ES,Federal Contract Tower,2,6,29,0,37,0,1,47,0,48,2,7,76,0,85,96,0,96,181
07/02/2014,JQF,NC,ASO,ES,Federal Contract Tower,17,14,20,0,51,0,30,85,0,115,17,44,105,0,166,64,0,64,230
07/03/2014,JQF,NC,ASO,ES,Federal Contract Tower,0,8,30,0,38,0,8,39,0,47,0,16,69,0,85,98,0,98,183
07/04/2014,JQF,NC,ASO,ES,Federal Contract Tower,5,0,13,0,18,0,11,25,0,36,5,11,38,0,54,10,0,10,64
07/05/2014,JQF,NC,ASO,ES,Federal Contract Tower,6,2,13,0,21,0,18,64,0,82,6,20,77,0,103,36,0,36,139
07/06/2014,JQF,NC,ASO,ES,Federal Contract Tower,17,0,34,0,51,0,9,75,0,84,17,9,109,0,135,30,0,30,165
07/07/2014,JQF,NC,ASO,ES,Federal Contract Tower,3,5,25,0,33,0,4,43,2,49,3,9,68,2,82,42,0,42,124
07/08/2014,JQF,NC,ASO,ES,Federal Contract Tower,0,18,18,0,36,0,10,61,0,71,0,28,79,0,107,72,0,72,179
07/09/2014,JQF,NC,ASO,ES,Federal Contract Tower,6,10,19,0,35,0,2,48,0,50,6,12,67,0,85,108,0,108,193
07/10/2014,JQF,NC,ASO,ES,Federal Contract Tower,20,7,32,0,59,0,6,42,8,56,20,13,74,8,115,108,0,108,223
07/11/2014,JQF,NC,ASO,ES,Federal Contract Tower,3,11,35,0,49,0,11,53,0,64,3,22,88,0,113,132,0,132,245
07/12/2014,JQF,NC,ASO,ES,Federal Contract Tower,8,0,27,0,35,0,11,73,0,84,8,11,100,0,119,12,0,12,131
07/13/2014,JQF,NC,ASO,ES,Federal Contract Tower,11,5,31,0,47,0,9,68,0,77,11,14,99,0,124,152,0,152,276
07/14/2014,JQF,NC,ASO,ES,Federal Contract Tower,5,8,18,0,31,0,4,72,0,76,5,12,90,0,107,92,2,94,201
07/15/2014,JQF,NC,ASO,ES,Federal Contract Tower,2,4,34,0,40,0,19,44,0,63,2,23,78,0,103,52,0,52,155
07/16/2014,JQF,NC,ASO,ES,Federal Contract Tower,0,6,43,2,51,0,6,61,4,71,0,12,104,6,122,34,6,40,162
07/17/2014,JQF,NC,ASO,ES,Federal Contract Tower,4,11,45,0,60,0,10,74,4,88,4,21,119,4,148,20,0,20,168
07/18/2014,JQF,NC,ASO,ES,Federal Contract Tower,0,5,24,0,29,0,9,49,0,58,0,14,73,0,87,8,0,8,95
07/19/2014,JQF,NC,ASO,ES,Federal Contract Tower,5,3,24,0,32,0,4,39,0,43,5,7,63,0,75,16,0,16,91
07/20/2014,JQF,NC,ASO,ES,Federal Contract Tower,0,3,30,0,33,0,19,28,0,47,0,22,58,0,80,8,0,8,88
07/21/2014,JQF,NC,ASO,ES,Federal Contract Tower,2,4,17,0,23,0,0,0,0,0,2,4,17,0,23,0,0,0,23
07/22/2014,JQF,NC,ASO,ES,Federal Contract Tower,3,13,34,0,50,0,6,25,4,35,3,19,59,4,85,32,10,42,127
07/23/2014,JQF,NC,ASO,ES,Federal Contract Tower,2,13,27,0,42,0,10,80,0,90,2,23,107,0,132,34,0,34,166
07/24/2014,JQF,NC,ASO,ES,Federal Contract Tower,16,9,33,0,58,0,9,54,4,67,16,18,87,4,125,98,0,98,223
07/25/2014,JQF,NC,ASO,ES,Federal Contract Tower,4,2,46,0,52,0,9,59,0,68,4,11,105,0,120,42,0,42,162
07/26/2014,JQF,NC,ASO,ES,Federal Contract Tower,11,3,23,0,37,0,5,58,1,64,11,8,81,1,101,28,0,28,129
07/27/2014,JQF,NC,ASO,ES,Federal Contract Tower,17,2,25,0,44,0,5,67,0,72,17,7,92,0,116,26,6,32,148
07/28/2014,JQF,NC,ASO,ES,Federal Contract Tower,4,3,25,0,32,0,6,65,0,71,4,9,90,0,103,156,0,156,259
07/29/2014,JQF,NC,ASO,ES,Federal Contract Tower,0,6,37,0,43,0,10,78,6,94,0,16,115,6,137,76,0,76,213
07/30/2014,JQF,NC,ASO,ES,Federal Contract Tower,1,8,22,0,31,0,5,56,13,74,1,13,78,13,105,88,0,88,193
07/31/2014,JQF,NC,ASO,ES,Federal Contract Tower,13,15,30,1,59,0,6,49,0,55,13,21,79,1,114,16,8,24,138
08/01/2014,JQF,NC,ASO,ES,Federal Contract Tower,5,3,19,0,27,0,3,3,0,6,5,6,22,0,33,0,0,0,33
08/02/2014,JQF,NC,ASO,ES,Federal Contract Tower,8,0,19,0,27,0,1,2,0,3,8,1,21,0,30,14,0,14,44
08/03/2014,JQF,NC,ASO,ES,Federal Contract Tower,10,8,27,0,45,0,15,54,0,69,10,23,81,0,114,20,0,20,134
08/04/2014,JQF,NC,ASO,ES,Federal Contract Tower,3,3,21,0,27,0,4,42,0,46,3,7,63,0,73,30,0,30,103
08/05/2014,JQF,NC,ASO,ES,Federal Contract Tower,2,6,32,1,41,0,14,60,2,76,2,20,92,3,117,20,22,42,159
08/06/2014,JQF,NC,ASO,ES,Federal Contract Tower,2,4,24,0,30,0,8,75,1,84,2,12,99,1,114,74,0,74,188
08/07/2014,JQF,NC,ASO,ES,Federal Contract Tower,16,10,33,0,59,0,6,83,1,90,16,16,116,1,149,116,0,116,265
08/08/2014,JQF,NC,ASO,ES,Federal Contract Tower,2,8,34,2,46,0,4,17,1,22,2,12,51,3,68,56,0,56,124
08/09/2014,JQF,NC,ASO,ES,Federal Contract Tower,6,1,26,0,33,0,0,2,0,2,6,1,28,0,35,0,0,0,35
08/10/2014,JQF,NC,ASO,ES,Federal Contract Tower,13,1,32,0,46,0,0,0,0,0,13,1,32,0,46,0,0,0,46
08/11/2014,JQF,NC,ASO,ES,Federal Contract Tower,2,6,29,0,37,0,0,3,0,3,2,6,32,0,40,0,0,0,40
08/12/2014,JQF,NC,ASO,ES,Federal Contract Tower,1,13,35,0,49,0,8,45,0,53,1,21,80,0,102,72,0,72,174
08/13/2014,JQF,NC,ASO,ES,Federal Contract Tower,3,6,43,0,52,0,12,82,4,98,3,18,125,4,150,42,0,42,192
08/14/2014,JQF,NC,ASO,ES,Federal Contract Tower,18,8,30,0,56,0,15,84,5,104,18,23,114,5,160,20,4,24,184
08/15/2014,JQF,NC,ASO,ES,Federal Contract Tower,3,7,34,0,44,0,9,70,0,79,3,16,104,0,123,48,0,48,171
08/16/2014,JQF,NC,ASO,ES,Federal Contract Tower,7,2,21,0,30,0,9,54,0,63,7,11,75,0,93,12,0,12,105
08/17/2014,JQF,NC,ASO,ES,Federal Contract Tower,12,0,28,0,40,0,7,72,0,79,12,7,100,0,119,16,0,16,135
08/18/2014,JQF,NC,ASO,ES,Federal Contract Tower,5,10,32,0,47,0,4,42,2,48,5,14,74,2,95,0,0,0,95
08/19/2014,JQF,NC,ASO,ES,Federal Contract Tower,0,10,29,0,39,0,6,69,2,77,0,16,98,2,116,42,0,42,158
08/20/2014,JQF,NC,ASO,ES,Federal Contract Tower,0,6,35,0,41,0,11,61,2,74,0,17,96,2,115,18,0,18,133
08/21/2014,JQF,NC,ASO,ES,Federal Contract Tower,4,11,30,0,45,0,11,79,3,93,4,22,109,3,138,40,0,40,178
08/22/2014,JQF,NC,ASO,ES,Federal Contract Tower,2,9,30,0,41,0,12,54,0,66,2,21,84,0,107,60,0,60,167
08/23/2014,JQF,NC,ASO,ES,Federal Contract Tower,6,3,28,0,37,0,9,59,0,68,6,12,87,0,105,54,0,54,159
08/24/2014,JQF,NC,ASO,ES,Federal Contract Tower,4,6,26,0,36,0,6,22,0,28,4,12,48,0,64,0,0,0,64
08/25/2014,JQF,NC,ASO,ES,Federal Contract Tower,0,10,28,0,38,0,5,61,0,66,0,15,89,0,104,12,0,12,116
08/26/2014,JQF,NC,ASO,ES,Federal Contract Tower,3,14,29,3,49,0,31,46,2,79,3,45,75,5,128,32,0,32,160
08/27/2014,JQF,NC,ASO,ES,Federal Contract Tower,1,8,45,1,55,0,18,81,0,99,1,26,126,1,154,36,0,36,190
08/28/2014,JQF,NC,ASO,ES,Federal Contract Tower,8,10,36,0,54,0,4,67,0,71,8,14,103,0,125,28,0,28,153
08/29/2014,JQF,NC,ASO,ES,Federal Contract Tower,6,5,50,0,61,0,10,50,0,60,6,15,100,0,121,24,0,24,145
08/30/2014,JQF,NC,ASO,ES,Federal Contract Tower,3,1,32,0,36,0,6,38,0,44,3,7,70,0,80,58,0,58,138
08/31/2014,JQF,NC,ASO,ES,Federal Contract Tower,5,0,24,0,29,0,5,44,0,49,5,5,68,0,78,18,0,18,96
09/01/2014,JQF,NC,ASO,ES,Federal Contract Tower,5,2,26,0,33,0,7,63,0,70,5,9,89,0,103,28,0,28,131
09/02/2014,JQF,NC,ASO,ES,Federal Contract Tower,0,12,23,0,35,0,10,56,2,68,0,22,79,2,103,52,0,52,155
09/03/2014,JQF,NC,ASO,ES,Federal Contract Tower,6,15,28,0,49,0,8,64,0,72,6,23,92,0,121,32,0,32,153
09/04/2014,JQF,NC,ASO,ES,Federal Contract Tower,15,6,46,0,67,0,3,32,4,39,15,9,78,4,106,38,0,38,144
09/05/2014,JQF,NC,ASO,ES,Federal Contract Tower,5,13,37,0,55,3,4,63,0,70,8,17,100,0,125,122,0,122,247
09/06/2014,JQF,NC,ASO,ES,Federal Contract Tower,10,1,34,0,45,0,9,52,0,61,10,10,86,0,106,54,0,54,160
09/07/2014,JQF,NC,ASO,ES,Federal Contract Tower,2,1,41,0,44,0,5,46,0,51,2,6,87,0,95,0,0,0,95
09/08/2014,JQF,NC,ASO,ES,Federal Contract Tower,5,5,46,1,57,0,2,0,1,3,5,7,46,2,60,0,0,0,60
09/09/2014,JQF,NC,ASO,ES,Federal Contract Tower,5,4,42,0,51,0,2,21,1,24,5,6,63,1,75,76,0,76,151
09/10/2014,JQF,NC,ASO,ES,Federal Contract Tower,4,12,58,0,74,0,20,54,2,76,4,32,112,2,150,66,0,66,216
09/11/2014,JQF,NC,ASO,ES,Federal Contract Tower,13,11,34,0,58,0,10,87,2,99,13,21,121,2,157,36,0,36,193
09/12/2014,JQF,NC,ASO,ES,Federal Contract Tower,0,8,47,0,55,0,20,79,0,99,0,28,126,0,154,98,0,98,252
09/13/2014,JQF,NC,ASO,ES,Federal Contract Tower,7,5,18,0,30,0,17,51,0,68,7,22,69,0,98,34,0,34,132
09/14/2014,JQF,NC,ASO,ES,Federal Contract Tower,13,7,41,0,61,0,12,38,0,50,13,19,79,0,111,50,0,50,161
09/15/2014,JQF,NC,ASO,ES,Federal Contract Tower,1,9,32,0,42,0,7,62,0,69,1,16,94,0,111,22,0,22,133
09/16/2014,JQF,NC,ASO,ES,Federal Contract Tower,1,8,34,0,43,0,2,39,0,41,1,10,73,0,84,10,0,10,94
09/17/2014,JQF,NC,ASO,ES,Federal Contract Tower,0,7,52,0,59,0,6,21,0,27,0,13,73,0,86,18,0,18,104
09/18/2014,JQF,NC,ASO,ES,Federal Contract Tower,12,12,39,0,63,0,9,44,0,53,12,21,83,0,116,78,0,78,194
09/19/2014,JQF,NC,ASO,ES,Federal Contract Tower,3,6,39,0,48,0,12,75,0,87,3,18,114,0,135,24,0,24,159
09/20/2014,JQF,NC,ASO,ES,Federal Contract Tower,8,5,37,0,50,0,5,102,0,107,8,10,139,0,157,102,0,102,259
09/21/2014,JQF,NC,ASO,ES,Federal Contract Tower,14,4,39,0,57,0,8,76,3,87,14,12,115,3,144,60,0,60,204
09/22/2014,JQF,NC,ASO,ES,Federal Contract Tower,1,9,33,0,43,0,10,65,0,75,1,19,98,0,118,14,0,14,132
09/23/2014,JQF,NC,ASO,ES,Federal Contract Tower,0,10,50,0,60,0,12,54,4,70,0,22,104,4,130,36,0,36,166
09/24/2014,JQF,NC,ASO,ES,Federal Contract Tower,1,9,35,0,45,0,2,13,0,15,1,11,48,0,60,4,0,4,64
09/25/2014,JQF,NC,ASO,ES,Federal Contract Tower,16,5,48,0,69,0,9,4,0,13,16,14,52,0,82,40,0,40,122
09/26/2014,JQF,NC,ASO,ES,Federal Contract Tower,4,8,45,0,57,0,6,22,0,28,4,14,67,0,85,122,0,122,207
09/27/2014,JQF,NC,ASO,ES,Federal Contract Tower,5,0,29,0,34,0,4,71,2,77,5,4,100,2,111,94,0,94,205
09/28/2014,JQF,NC,ASO,ES,Federal Contract Tower,19,4,49,0,72,0,10,90,0,100,19,14,139,0,172,62,0,62,234
09/29/2014,JQF,NC,ASO,ES,Federal Contract Tower,0,7,26,0,33,0,16,19,0,35,0,23,45,0,68,0,0,0,68
09/30/2014,JQF,NC,ASO,ES,Federal Contract Tower,1,8,53,0,62,0,7,52,0,59,1,15,105,0,121,32,0,32,153
10/01/2014,JQF,NC,ASO,ES,Federal Contract Tower,0,10,40,0,50,0,4,68,0,72,0,14,108,0,122,78,0,78,200
10/02/2014,JQF,NC,ASO,ES,Federal Contract Tower,13,15,47,1,76,0,6,68,0,74,13,21,115,1,150,105,0,105,255
10/03/2014,JQF,NC,ASO,ES,Federal Contract Tower,2,10,29,0,41,0,6,20,0,26,2,16,49,0,67,24,0,24,91
10/04/2014,JQF,NC,ASO,ES,Federal Contract Tower,4,4,25,0,33,0,8,33,0,41,4,12,58,0,74,20,0,20,94
10/05/2014,JQF,NC,ASO,ES,Federal Contract Tower,14,4,54,0,72,0,3,96,0,99,14,7,150,0,171,26,0,26,197
10/06/2014,JQF,NC,ASO,ES,Federal Contract Tower,3,11,28,0,42,0,10,67,0,77,3,21,95,0,119,10,0,10,129
10/07/2014,JQF,NC,ASO,ES,Federal Contract Tower,1,9,27,0,37,0,7,49,12,68,1,16,76,12,105,68,0,68,173
10/08/2014,JQF,NC,ASO,ES,Federal Contract Tower,1,14,38,0,53,0,18,92,4,114,1,32,130,4,167,66,0,66,233
10/09/2014,JQF,NC,ASO,ES,Federal Contract Tower,0,12,41,0,53,0,31,63,2,96,0,43,104,2,149,119,0,119,268
10/10/2014,JQF,NC,ASO,ES,Federal Contract Tower,6,14,63,0,83,0,37,74,0,111,6,51,137,0,194,78,0,78,272
10/11/2014,JQF,NC,ASO,ES,Federal Contract Tower,9,8,35,0,52,0,165,42,13,220,9,173,77,13,272,22,0,22,294
10/12/2014,JQF,NC,ASO,ES,Federal Contract Tower,3,2,65,2,72,0,0,0,0,0,3,2,65,2,72,0,0,0,72
10/13/2014,JQF,NC,ASO,ES,Federal Contract Tower,8,4,41,0,53,0,11,5,0,16,8,15,46,0,69,2,0,2,71
10/14/2014,JQF,NC,ASO,ES,Federal Contract Tower,3,4,17,0,24,0,2,0,0,2,3,6,17,0,26,0,0,0,26
10/15/2014,JQF,NC,ASO,ES,Federal Contract Tower,0,5,30,0,35,0,8,64,0,72,0,13,94,0,107,58,0,58,165
10/16/2014,JQF,NC,ASO,ES,Federal Contract Tower,9,7,35,0,51,0,13,52,0,65,9,20,87,0,116,56,2,58,174
10/17/2014,JQF,NC,ASO,ES,Federal Contract Tower,3,14,44,0,61,0,12,78,0,90,3,26,122,0,151,42,0,42,193
10/18/2014,JQF,NC,ASO,ES,Federal Contract Tower,1,4,28,1,34,0,12,100,0,112,1,16,128,1,146,80,0,80,226
10/19/2014,JQF,NC,ASO,ES,Federal Contract Tower,17,2,39,0,58,0,8,66,0,74,17,10,105,0,132,42,0,42,174
10/20/2014,JQF,NC,ASO,ES,Federal Contract Tower,2,12,24,0,38,0,8,53,0,61,2,20,77,0,99,22,0,22,121
10/21/2014,JQF,NC,ASO,ES,Federal Contract Tower,2,11,44,0,57,0,15,70,0,85,2,26,114,0,142,2,0,2,144
10/22/2014,JQF,NC,ASO,ES,Federal Contract Tower,0,9,44,0,53,0,34,69,0,103,0,43,113,0,156,32,0,32,188
10/23/2014,JQF,NC,ASO,ES,Federal Contract Tower,2,13,32,0,47,0,25,118,4,147,2,38,150,4,194,108,0,108,302
10/24/2014,JQF,NC,ASO,ES,Federal Contract Tower,2,5,37,0,44,0,6,96,0,102,2,11,133,0,146,82,0,82,228
10/25/2014,JQF,NC,ASO,ES,Federal Contract Tower,0,4,20,0,24,0,11,98,0,109,0,15,118,0,133,62,0,62,195
10/26/2014,JQF,NC,ASO,ES,Federal Contract Tower,1,5,32,0,38,0,7,71,1,79,1,12,103,1,117,18,0,18,135
10/27/2014,JQF,NC,ASO,ES,Federal Contract Tower,6,8,27,0,41,0,3,75,0,78,6,11,102,0,119,58,0,58,177
10/28/2014,JQF,NC,ASO,ES,Federal Contract Tower,1,6,41,0,48,0,24,79,0,103,1,30,120,0,151,62,0,62,213
10/29/2014,JQF,NC,ASO,ES,Federal Contract Tower,8,8,52,0,68,0,12,73,0,85,8,20,125,0,153,32,0,32,185
10/30/2014,JQF,NC,ASO,ES,Federal Contract Tower,8,11,35,0,54,0,24,57,8,89,8,35,92,8,143,38,2,40,183
10/31/2014,JQF,NC,ASO,ES,Federal Contract Tower,3,9,20,0,32,0,7,60,1,68,3,16,80,1,100,66,0,66,166
11/01/2014,JQF,NC,ASO,ES,Federal Contract Tower,2,1,15,0,18,0,2,0,0,2,2,3,15,0,20,0,0,0,20
11/02/2014,JQF,NC,ASO,ES,Federal Contract Tower,3,2,22,0,27,0,13,31,0,44,3,15,53,0,71,22,0,22,93
11/03/2014,JQF,NC,ASO,ES,Federal Contract Tower,4,5,18,0,27,0,14,47,3,64,4,19,65,3,91,58,0,58,149
11/04/2014,JQF,NC,ASO,ES,Federal Contract Tower,0,6,22,0,28,0,17,64,3,84,0,23,86,3,112,56,0,56,168
11/05/2014,JQF,NC,ASO,ES,Federal Contract Tower,0,14,30,0,44,0,31,71,5,107,0,45,101,5,151,28,0,28,179
11/06/2014,JQF,NC,ASO,ES,Federal Contract Tower,6,14,39,0,59,0,30,46,0,76,6,44,85,0,135,66,0,66,201
11/07/2014,JQF,NC,ASO,ES,Federal Contract Tower,3,8,39,0,50,0,24,67,0,91,3,32,106,0,141,126,0,126,267
11/08/2014,JQF,NC,ASO,ES,Federal Contract Tower,1,5,36,0,42,0,25,80,0,105,1,30,116,0,147,82,0,82,229
11/09/2014,JQF,NC,ASO,ES,Federal Contract Tower,2,7,31,0,40,0,18,66,0,84,2,25,97,0,124,62,0,62,186
11/10/2014,JQF,NC,ASO,ES,Federal Contract Tower,2,12,28,0,42,0,22,50,0,72,2,34,78,0,114,38,0,38,152
11/11/2014,JQF,NC,ASO,ES,Federal Contract Tower,1,4,36,0,41,0,17,93,0,110,1,21,129,0,151,62,0,62,213
11/12/2014,JQF,NC,ASO,ES,Federal Contract Tower,4,8,57,0,69,0,31,73,2,106,4,39,130,2,175,44,0,44,219
11/13/2014,JQF,NC,ASO,ES,Federal Contract Tower,18,6,37,0,61,0,8,25,0,33,18,14,62,0,94,50,0,50,144
11/14/2014,JQF,NC,ASO,ES,Federal Contract Tower,2,10,29,0,41,0,15,70,3,88,2,25,99,3,129,48,0,48,177
11/15/2014,JQF,NC,ASO,ES,Federal Contract Tower,1,6,23,0,30,0,19,74,4,97,1,25,97,4,127,66,0,66,193
11/16/2014,JQF,NC,ASO,ES,Federal Contract Tower,8,1,33,0,42,0,13,50,8,71,8,14,83,8,113,34,0,34,147
11/17/2014,JQF,NC,ASO,ES,Federal Contract Tower,2,10,26,1,39,0,0,1,0,1,2,10,27,1,40,0,0,0,40
11/18/2014,JQF,NC,ASO,ES,Federal Contract Tower,0,6,32,0,38,0,22,40,5,67,0,28,72,5,105,54,0,54,159
11/19/2014,JQF,NC,ASO,ES,Federal Contract Tower,0,9,36,2,47,0,16,63,4,83,0,25,99,6,130,60,0,60,190
11/20/2014,JQF,NC,ASO,ES,Federal Contract Tower,4,9,36,0,49,0,15,56,1,72,4,24,92,1,121,78,0,78,199
11/21/2014,JQF,NC,ASO,ES,Federal Contract Tower,2,9,32,0,43,0,8,68,4,80,2,17,100,4,123,40,0,40,163
11/22/2014,JQF,NC,ASO,ES,Federal Contract Tower,6,10,29,1,46,0,17,82,1,100,6,27,111,2,146,94,0,94,240
11/23/2014,JQF,NC,ASO,ES,Federal Contract Tower,4,6,8,0,18,0,0,0,0,0,4,6,8,0,18,0,0,0,18
11/24/2014,JQF,NC,ASO,ES,Federal Contract Tower,4,13,25,0,42,0,11,30,0,41,4,24,55,0,83,0,0,0,83
11/25/2014,JQF,NC,ASO,ES,Federal Contract Tower,0,11,40,0,51,0,10,47,0,57,0,21,87,0,108,64,0,64,172
11/26/2014,JQF,NC,ASO,ES,Federal Contract Tower,2,8,17,0,27,0,6,4,0,10,2,14,21,0,37,0,0,0,37
11/27/2014,JQF,NC,ASO,ES,Federal Contract Tower,2,2,1,0,5,0,6,6,0,12,2,8,7,0,17,0,0,0,17
11/28/2014,JQF,NC,ASO,ES,Federal Contract Tower,2,2,15,0,19,0,0,37,9,46,2,2,52,9,65,14,0,14,79
11/29/2014,JQF,NC,ASO,ES,Federal Contract Tower,2,4,23,0,29,0,9,86,2,97,2,13,109,2,126,34,0,34,160
11/30/2014,JQF,NC,ASO,ES,Federal Contract Tower,2,5,34,0,41,0,6,48,5,59,2,11,82,5,100,8,0,8,108
12/01/2014,JQF,NC,ASO,ES,Federal Contract Tower,2,9,19,0,30,0,6,46,1,53,2,15,65,1,83,6,0,6,89
12/02/2014,JQF,NC,ASO,ES,Federal Contract Tower,0,7,21,1,29,0,0,0,0,0,0,7,21,1,29,0,0,0,29
12/03/2014,JQF,NC,ASO,ES,Federal Contract Tower,3,9,47,0,59,0,0,8,2,10,3,9,55,2,69,50,0,50,119
12/04/2014,JQF,NC,ASO,ES,Federal Contract Tower,2,17,32,0,51,0,7,72,0,79,2,24,104,0,130,36,0,36,166
12/05/2014,JQF,NC,ASO,ES,Federal Contract Tower,2,8,29,0,39,0,4,19,0,23,2,12,48,0,62,0,0,0,62
12/06/2014,JQF,NC,ASO,ES,Federal Contract Tower,3,0,32,0,35,0,0,0,0,0,3,0,32,0,35,0,0,0,35
12/07/2014,JQF,NC,ASO,ES,Federal Contract Tower,2,4,37,0,43,0,7,39,4,50,2,11,76,4,93,18,0,18,111
12/08/2014,JQF,NC,ASO,ES,Federal Contract Tower,2,8,19,0,29,0,0,12,0,12,2,8,31,0,41,0,0,0,41
12/09/2014,JQF,NC,ASO,ES,Federal Contract Tower,1,9,31,0,41,0,4,17,6,27,1,13,48,6,68,2,0,2,70
12/10/2014,JQF,NC,ASO,ES,Federal Contract Tower,0,8,21,0,29,0,8,48,2,58,0,16,69,2,87,4,0,4,91
12/11/2014,JQF,NC,ASO,ES,Federal Contract Tower,2,12,39,0,53,0,11,93,2,106,2,23,132,2,159,76,0,76,235
12/12/2014,JQF,NC,ASO,ES,Federal Contract Tower,2,14,36,0,52,0,9,66,2,77,2,23,102,2,129,58,0,58,187
12/13/2014,JQF,NC,ASO,ES,Federal Contract Tower,0,6,42,0,48,0,14,80,0,94,0,20,122,0,142,32,0,32,174
12/14/2014,JQF,NC,ASO,ES,Federal Contract Tower,2,2,23,0,27,0,2,55,2,59,2,4,78,2,86,34,0,34,120
12/15/2014,JQF,NC,ASO,ES,Federal Contract Tower,2,8,31,3,44,0,1,50,0,51,2,9,81,3,95,58,0,58,153
12/16/2014,JQF,NC,ASO,ES,Federal Contract Tower,1,12,52,0,65,0,0,10,1,11,1,12,62,1,76,0,0,0,76
12/17/2014,JQF,NC,ASO,ES,Federal Contract Tower,2,9,31,0,42,0,11,69,0,80,2,20,100,0,122,84,0,84,206
12/18/2014,JQF,NC,ASO,ES,Federal Contract Tower,2,8,27,0,37,0,19,57,0,76,2,27,84,0,113,32,0,32,145
12/19/2014,JQF,NC,ASO,ES,Federal Contract Tower,2,8,28,5,43,2,38,51,0,91,4,46,79,5,134,82,0,82,216
12/20/2014,JQF,NC,ASO,ES,Federal Contract Tower,0,4,12,0,16,0,3,12,0,15,0,7,24,0,31,44,0,44,75
12/21/2014,JQF,NC,ASO,ES,Federal Contract Tower,4,0,19,0,23,0,2,21,0,23,4,2,40,0,46,10,0,10,56
12/22/2014,JQF,NC,ASO,ES,Federal Contract Tower,2,6,16,0,24,0,0,0,0,0,2,6,16,0,24,0,0,0,24
12/23/2014,JQF,NC,ASO,ES,Federal Contract Tower,0,9,10,0,19,0,0,0,0,0,0,9,10,0,19,0,0,0,19
12/24/2014,JQF,NC,ASO,ES,Federal Contract Tower,2,1,2,0,5,0,0,0,0,0,2,1,2,0,5,0,0,0,5
12/25/2014,JQF,NC,ASO,ES,Federal Contract Tower,2,0,4,0,6,0,2,12,0,14,2,2,16,0,20,6,0,6,26
12/26/2014,JQF,NC,ASO,ES,Federal Contract Tower,2,2,18,0,22,0,10,57,1,68,2,12,75,1,90,76,0,76,166
12/27/2014,JQF,NC,ASO,ES,Federal Contract Tower,2,2,6,0,10,2,20,40,1,63,4,22,46,1,73,38,0,38,111
12/28/2014,JQF,NC,ASO,ES,Federal Contract Tower,2,1,18,0,21,0,0,0,0,0,2,1,18,0,21,0,0,0,21
12/29/2014,JQF,NC,ASO,ES,Federal Contract Tower,2,6,11,0,19,0,0,0,0,0,2,6,11,0,19,0,0,0,19
12/30/2014,JQF,NC,ASO,ES,Federal Contract Tower,0,3,22,0,25,0,15,18,0,33,0,18,40,0,58,14,0,14,72
12/31/2014,JQF,NC,ASO,ES,Federal Contract Tower,2,3,20,0,25,0,5,69,2,76,2,8,89,2,101,22,0,22,123
01/01/2015,JQF,NC,ASO,ES,Federal Contract Tower,2,0,8,0,10,0,9,54,0,63,2,9,62,0,73,30,0,30,103
01/02/2015,JQF,NC,ASO,ES,Federal Contract Tower,2,5,24,0,31,0,15,51,0,66,2,20,75,0,97,26,0,26,123
01/03/2015,JQF,NC,ASO,ES,Federal Contract Tower,2,0,17,0,19,0,0,0,0,0,2,0,17,0,19,0,0,0,19
01/04/2015,JQF,NC,ASO,ES,Federal Contract Tower,4,1,13,0,18,0,9,0,0,9,4,10,13,0,27,0,0,0,27
01/05/2015,JQF,NC,ASO,ES,Federal Contract Tower,2,5,12,2,21,0,4,51,0,55,2,9,63,2,76,36,0,36,112
01/06/2015,JQF,NC,ASO,ES,Federal Contract Tower,1,4,20,2,27,0,5,29,0,34,1,9,49,2,61,10,0,10,71
01/07/2015,JQF,NC,ASO,ES,Federal Contract Tower,1,6,28,4,39,0,12,38,8,58,1,18,66,12,97,0,0,0,97
01/08/2015,JQF,NC,ASO,ES,Federal Contract Tower,8,5,21,2,36,0,14,43,2,59,8,19,64,4,95,18,0,18,113
01/09/2015,JQF,NC,ASO,ES,Federal Contract Tower,4,9,32,7,52,0,15,88,1,104,4,24,120,8,156,62,6,68,224
01/10/2015,JQF,NC,ASO,ES,Federal Contract Tower,2,0,14,6,22,0,8,112,6,126,2,8,126,12,148,104,0,104,252
01/11/2015,JQF,NC,ASO,ES,Federal Contract Tower,6,0,25,9,40,0,6,46,4,56,6,6,71,13,96,66,0,66,162
01/12/2015,JQF,NC,ASO,ES,Federal Contract Tower,2,3,8,6,19,0,0,0,0,0,2,3,8,6,19,0,0,0,19
01/13/2015,JQF,NC,ASO,ES,Federal Contract Tower,1,7,30,5,43,0,0,0,0,0,1,7,30,5,43,0,0,0,43
01/14/2015,JQF,NC,ASO,ES,Federal Contract Tower,1,4,28,4,37,0,1,3,0,4,1,5,31,4,41,0,0,0,41
01/15/2015,JQF,NC,ASO,ES,Federal Contract Tower,5,8,38,0,51,0,1,4,2,7,5,9,42,2,58,44,2,46,104
01/16/2015,JQF,NC,ASO,ES,Federal Contract Tower,5,7,34,0,46,0,9,63,0,72,5,16,97,0,118,72,0,72,190
01/17/2015,JQF,NC,ASO,ES,Federal Contract Tower,1,0,24,0,25,0,18,99,2,119,1,18,123,2,144,66,0,66,210
01/18/2015,JQF,NC,ASO,ES,Federal Contract Tower,3,1,25,2,31,0,5,39,0,44,3,6,64,2,75,26,0,26,101
01/19/2015,JQF,NC,ASO,ES,Federal Contract Tower,3,6,21,0,30,0,6,68,0,74,3,12,89,0,104,46,0,46,150
01/20/2015,JQF,NC,ASO,ES,Federal Contract Tower,3,7,55,0,65,0,15,68,2,85,3,22,123,2,150,100,0,100,250
01/21/2015,JQF,NC,ASO,ES,Federal Contract Tower,0,8,54,0,62,0,9,49,8,66,0,17,103,8,128,106,0,106,234
01/22/2015,JQF,NC,ASO,ES,Federal Contract Tower,4,12,42,0,58,0,8,61,5,74,4,20,103,5,132,136,0,136,268
01/23/2015,JQF,NC,ASO,ES,Federal Contract Tower,2,5,15,0,22,0,0,0,0,0,2,5,15,0,22,0,0,0,22
01/24/2015,JQF,NC,ASO,ES,Federal Contract Tower,0,1,13,0,14,0,7,31,3,41,0,8,44,3,55,62,0,62,117
01/25/2015,JQF,NC,ASO,ES,Federal Contract Tower,4,3,24,0,31,0,7,87,6,100,4,10,111,6,131,80,0,80,211
01/26/2015,JQF,NC,ASO,ES,Federal Contract Tower,2,4,18,0,24,0,9,67,0,76,2,13,85,0,100,36,0,36,136
01/27/2015,JQF,NC,ASO,ES,Federal Contract Tower,0,7,28,0,35,0,6,84,0,90,0,13,112,0,125,68,4,72,197
01/28/2015,JQF,NC,ASO,ES,Federal Contract Tower,0,11,31,0,42,0,21,68,0,89,0,32,99,0,131,84,0,84,215
01/29/2015,JQF,NC,ASO,ES,Federal Contract Tower,4,4,27,0,35,0,6,44,13,63,4,10,71,13,98,30,0,30,128
01/30/2015,JQF,NC,ASO,ES,Federal Contract Tower,2,4,20,0,26,0,5,18,0,23,2,9,38,0,49,0,0,0,49
01/31/2015,JQF,NC,ASO,ES,Federal Contract Tower,0,3,15,0,18,0,9,94,0,103,0,12,109,0,121,72,0,72,193
02/01/2015,JQF,NC,ASO,ES,Federal Contract Tower,4,3,10,0,17,0,4,40,1,45,4,7,50,1,62,14,0,14,76
02/02/2015,JQF,NC,ASO,ES,Federal Contract Tower,2,7,16,0,25,0,8,3,0,11,2,15,19,0,36,10,0,10,46
02/03/2015,JQF,NC,ASO,ES,Federal Contract Tower,0,6,35,0,41,0,20,67,1,88,0,26,102,1,129,38,0,38,167
02/04/2015,JQF,NC,ASO,ES,Federal Contract Tower,1,8,37,0,46,0,10,73,18,101,1,18,110,18,147,76,0,76,223
02/05/2015,JQF,NC,ASO,ES,Federal Contract Tower,8,8,29,0,45,0,10,39,12,61,8,18,68,12,106,40,0,40,146
02/06/2015,JQF,NC,ASO,ES,Federal Contract Tower,3,4,28,2,37,0,2,64,0,66,3,6,92,2,103,22,0,22,125
02/07/2015,JQF,NC,ASO,ES,Federal Contract Tower,1,2,13,0,16,0,2,52,2,56,1,4,65,2,72,20,0,20,92
02/08/2015,JQF,NC,ASO,ES,Federal Contract Tower,4,3,24,0,31,0,11,78,0,89,4,14,102,0,120,4,0,4,124
02/09/2015,JQF,NC,ASO,ES,Federal Contract Tower,2,7,29,0,38,0,1,6,0,7,2,8,35,0,45,0,0,0,45
02/10/2015,JQF,NC,ASO,ES,Federal Contract Tower,0,5,31,0,36,0,3,19,0,22,0,8,50,0,58,42,0,42,100
02/11/2015,JQF,NC,ASO,ES,Federal Contract Tower,2,6,52,0,60,0,10,92,2,104,2,16,144,2,164,72,2,74,238
02/12/2015,JQF,NC,ASO,ES,Federal Contract Tower,6,6,36,0,48,0,23,44,0,67,6,29,80,0,115,22,0,22,137
02/13/2015,JQF,NC,ASO,ES,Federal Contract Tower,11,6,42,0,59,0,6,41,0,47,11,12,83,0,106,10,0,10,116
02/14/2015,JQF,NC,ASO,ES,Federal Contract Tower,8,4,19,0,31,0,10,66,0,76,8,14,85,0,107,18,0,18,125
02/15/2015,JQF,NC,ASO,ES,Federal Contract Tower,15,4,22,2,43,0,7,22,2,31,15,11,44,4,74,4,0,4,78
02/16/2015,JQF,NC,ASO,ES,Federal Contract Tower,0,10,11,0,21,0,2,17,2,21,0,12,28,2,42,8,0,8,50
02/17/2015,JQF,NC,ASO,ES,Federal Contract Tower,10,5,5,0,20,0,1,5,0,6,10,6,10,0,26,24,0,24,50
02/18/2015,JQF,NC,ASO,ES,Federal Contract Tower,1,7,27,0,35,0,0,8,4,12,1,7,35,4,47,0,0,0,47
02/19/2015,JQF,NC,ASO,ES,Federal Contract Tower,12,13,24,0,49,0,19,87,8,114,12,32,111,8,163,60,0,60,223
02/20/2015,JQF,NC,ASO,ES,Federal Contract Tower,3,10,28,0,41,0,22,57,0,79,3,32,85,0,120,76,0,76,196
02/21/2015,JQF,NC,ASO,ES,Federal Contract Tower,10,0,10,0,20,0,7,14,0,21,10,7,24,0,41,36,0,36,77
02/22/2015,JQF,NC,ASO,ES,Federal Contract Tower,19,6,22,0,47,0,0,1,0,1,19,6,23,0,48,0,0,0,48
02/23/2015,JQF,NC,ASO,ES,Federal Contract Tower,3,6,32,0,41,0,8,28,0,36,3,14,60,0,77,14,0,14,91
02/24/2015,JQF,NC,ASO,ES,Federal Contract Tower,1,12,22,0,35,0,0,0,0,0,1,12,22,0,35,0,0,0,35
02/25/2015,JQF,NC,ASO,ES,Federal Contract Tower,4,2,40,0,46,0,13,50,0,63,4,15,90,0,109,16,0,16,125
02/26/2015,JQF,NC,ASO,ES,Federal Contract Tower,6,4,15,0,25,0,13,12,0,25,6,17,27,0,50,80,0,80,130
02/27/2015,JQF,NC,ASO,ES,Federal Contract Tower,2,11,17,2,32,0,11,38,1,50,2,22,55,3,82,26,0,26,108
02/28/2015,JQF,NC,ASO,ES,Federal Contract Tower,5,5,13,0,23,0,6,59,0,65,5,11,72,0,88,34,0,34,122
03/01/2015,JQF,NC,ASO,ES,Federal Contract Tower,8,3,23,0,34,0,0,0,0,0,8,3,23,0,34,0,0,0,34
03/02/2015,JQF,NC,ASO,ES,Federal Contract Tower,2,7,24,2,35,0,3,34,3,40,2,10,58,5,75,25,0,25,100
03/03/2015,JQF,NC,ASO,ES,Federal Contract Tower,0,6,41,2,49,0,0,0,0,0,0,6,41,2,49,0,0,0,49
03/04/2015,JQF,NC,ASO,ES,Federal Contract Tower,6,7,21,0,34,0,8,38,6,52,6,15,59,6,86,32,0,32,118
03/05/2015,JQF,NC,ASO,ES,Federal Contract Tower,10,10,13,0,33,0,0,0,0,0,10,10,13,0,33,0,0,0,33
03/06/2015,JQF,NC,ASO,ES,Federal Contract Tower,3,9,31,0,43,0,7,73,2,82,3,16,104,2,125,58,0,58,183
03/07/2015,JQF,NC,ASO,ES,Federal Contract Tower,1,1,20,1,23,0,12,94,7,113,1,13,114,8,136,126,0,126,262
03/08/2015,JQF,NC,ASO,ES,Federal Contract Tower,4,5,27,0,36,0,5,78,4,87,4,10,105,4,123,68,0,68,191
03/09/2015,JQF,NC,ASO,ES,Federal Contract Tower,2,4,25,0,31,0,7,65,1,73,2,11,90,1,104,96,0,96,200
03/10/2015,JQF,NC,ASO,ES,Federal Contract Tower,0,6,37,2,45,0,18,38,0,56,0,24,75,2,101,38,0,38,139
03/11/2015,JQF,NC,ASO,ES,Federal Contract Tower,3,7,31,0,41,0,11,57,0,68,3,18,88,0,109,86,0,86,195
03/12/2015,JQF,NC,ASO,ES,Federal Contract Tower,6,11,49,0,66,0,14,55,0,69,6,25,104,0,135,70,0,70,205
03/13/2015,JQF,NC,ASO,ES,Federal Contract Tower,1,4,23,0,28,0,3,33,0,36,1,7,56,0,64,40,0,40,104
03/14/2015,JQF,NC,ASO,ES,Federal Contract Tower,1,0,11,0,12,0,1,2,0,3,1,1,13,0,15,2,0,2,17
03/15/2015,JQF,NC,ASO,ES,Federal Contract Tower,4,0,22,0,26,0,9,70,0,79,4,9,92,0,105,76,0,76,181
03/16/2015,JQF,NC,ASO,ES,Federal Contract Tower,2,7,23,0,32,0,1,63,0,64,2,8,86,0,96,74,0,74,170
03/17/2015,JQF,NC,ASO,ES,Federal Contract Tower,0,5,33,2,40,0,8,49,2,59,0,13,82,4,99,8,0,8,107
03/18/2015,JQF,NC,ASO,ES,Federal Contract Tower,3,7,33,0,43,0,13,71,0,84,3,20,104,0,127,86,0,86,213
03/19/2015,JQF,NC,ASO,ES,Federal Contract Tower,5,11,28,0,44,0,1,13,0,14,5,12,41,0,58,20,0,20,78
03/20/2015,JQF,NC,ASO,ES,Federal Contract Tower,2,12,31,0,45,0,0,18,0,18,2,12,49,0,63,50,0,50,113
03/21/2015,JQF,NC,ASO,ES,Federal Contract Tower,2,2,34,0,38,0,3,87,17,107,2,5,121,17,145,129,0,129,274
03/22/2015,JQF,NC,ASO,ES,Federal Contract Tower,3,0,23,0,26,0,4,53,1,58,3,4,76,1,84,43,0,43,127
03/23/2015,JQF,NC,ASO,ES,Federal Contract Tower,4,4,24,0,32,0,3,44,0,47,4,7,68,0,79,83,0,83,162
03/24/2015,JQF,NC,ASO,ES,Federal Contract Tower,0,6,38,0,44,0,29,79,0,108,0,35,117,0,152,94,0,94,246
03/25/2015,JQF,NC,ASO,ES,Federal Contract Tower,4,6,38,0,48,0,4,27,2,33,4,10,65,2,81,66,0,66,147
03/26/2015,JQF,NC,ASO,ES,Federal Contract Tower,4,7,46,0,57,0,5,23,0,28,4,12,69,0,85,40,0,40,125
03/27/2015,JQF,NC,ASO,ES,Federal Contract Tower,2,7,42,0,51,0,8,13,0,21,2,15,55,0,72,6,0,6,78
03/28/2015,JQF,NC,ASO,ES,Federal Contract Tower,0,1,28,0,29,0,22,108,0,130,0,23,136,0,159,54,0,54,213
03/29/2015,JQF,NC,ASO,ES,Federal Contract Tower,4,2,46,0,52,0,20,141,0,161,4,22,187,0,213,82,0,82,295
03/30/2015,JQF,NC,ASO,ES,Federal Contract Tower,2,8,24,0,34,0,19,37,0,56,2,27,61,0,90,46,0,46,136
03/31/2015,JQF,NC,ASO,ES,Federal Contract Tower,1,7,39,0,47,0,5,67,1,73,1,12,106,1,120,48,0,48,168
04/01/2015,JQF,NC,ASO,ES,Federal Contract Tower,2,9,41,0,52,0,6,107,0,113,2,15,148,0,165,23,0,23,188
04/02/2015,JQF,NC,ASO,ES,Federal Contract Tower,4,6,40,0,50,0,7,70,0,77,4,13,110,0,127,78,0,78,205
04/03/2015,JQF,NC,ASO,ES,Federal Contract Tower,2,6,27,0,35,0,0,26,0,26,2,6,53,0,61,10,0,10,71
04/04/2015,JQF,NC,ASO,ES,Federal Contract Tower,0,1,9,0,10,0,15,32,0,47,0,16,41,0,57,0,0,0,57
04/05/2015,JQF,NC,ASO,ES,Federal Contract Tower,4,3,30,0,37,0,5,61,0,66,4,8,91,0,103,32,0,32,135
04/06/2015,JQF,NC,ASO,ES,Federal Contract Tower,7,8,38,0,53,0,14,78,2,94,7,22,116,2,147,20,0,20,167
04/07/2015,JQF,NC,ASO,ES,Federal Contract Tower,0,8,35,0,43,0,3,13,8,24,0,11,48,8,67,38,0,38,105
04/08/2015,JQF,NC,ASO,ES,Federal Contract Tower,11,6,28,0,45,0,21,26,0,47,11,27,54,0,92,8,0,8,100
04/09/2015,JQF,NC,ASO,ES,Federal Contract Tower,20,7,41,0,68,0,11,28,0,39,20,18,69,0,107,66,0,66,173
04/10/2015,JQF,NC,ASO,ES,Federal Contract Tower,3,15,29,1,48,0,0,0,0,0,3,15,29,1,48,2,0,2,50
04/11/2015,JQF,NC,ASO,ES,Federal Contract Tower,5,2,38,1,46,0,8,78,4,90,5,10,116,5,136,98,0,98,234
04/12/2015,JQF,NC,ASO,ES,Federal Contract Tower,7,6,24,0,37,0,8,83,2,93,7,14,107,2,130,37,0,37,167
04/13/2015,JQF,NC,ASO,ES,Federal Contract Tower,2,8,29,2,41,0,1,15,0,16,2,9,44,2,57,12,0,12,69
04/14/2015,JQF,NC,ASO,ES,Federal Contract Tower,5,20,33,0,58,0,2,4,0,6,5,22,37,0,64,36,0,36,100
04/15/2015,JQF,NC,ASO,ES,Federal Contract Tower,7,13,39,0,59,0,0,0,0,0,7,13,39,0,59,0,0,0,59
04/16/2015,JQF,NC,ASO,ES,Federal Contract Tower,8,11,38,0,57,0,2,0,0,2,8,13,38,0,59,0,0,0,59
04/17/2015,JQF,NC,ASO,ES,Federal Contract Tower,3,11,33,0,47,0,2,28,1,31,3,13,61,1,78,9,0,9,87
04/18/2015,JQF,NC,ASO,ES,Federal Contract Tower,0,0,15,0,15,0,16,41,6,63,0,16,56,6,78,22,0,22,100
04/19/2015,JQF,NC,ASO,ES,Federal Contract Tower,3,1,19,0,23,0,0,0,0,0,3,1,19,0,23,0,0,0,23
04/20/2015,JQF,NC,ASO,ES,Federal Contract Tower,2,6,21,0,29,0,0,35,0,35,2,6,56,0,64,4,0,4,68
04/21/2015,JQF,NC,ASO,ES,Federal Contract Tower,4,5,34,0,43,0,37,92,7,136,4,42,126,7,179,50,0,50,229
04/22/2015,JQF,NC,ASO,ES,Federal Contract Tower,2,5,30,0,37,0,29,64,0,93,2,34,94,0,130,24,0,24,154
04/23/2015,JQF,NC,ASO,ES,Federal Contract Tower,18,4,39,0,61,0,20,61,1,82,18,24,100,1,143,70,8,78,221
04/24/2015,JQF,NC,ASO,ES,Federal Contract Tower,5,9,31,0,45,0,6,97,1,104,5,15,128,1,149,68,0,68,217
04/25/2015,JQF,NC,ASO,ES,Federal Contract Tower,7,3,38,1,49,0,2,1,0,3,7,5,39,1,52,0,0,0,52
04/26/2015,JQF,NC,ASO,ES,Federal Contract Tower,24,6,35,0,65,0,6,1,0,7,24,12,36,0,72,0,0,0,72
04/27/2015,JQF,NC,ASO,ES,Federal Contract Tower,3,6,24,0,33,0,5,91,0,96,3,11,115,0,129,8,0,8,137
04/28/2015,JQF,NC,ASO,ES,Federal Contract Tower,3,9,35,0,47,0,7,69,7,83,3,16,104,7,130,54,0,54,184
04/29/2015,JQF,NC,ASO,ES,Federal Contract Tower,7,11,28,1,47,0,18,38,12,68,7,29,66,13,115,80,0,80,195
04/30/2015,JQF,NC,ASO,ES,Federal Contract Tower,21,13,42,0,76,0,6,46,0,52,21,19,88,0,128,34,0,34,162
05/01/2015,JQF,NC,ASO,ES,Federal Contract Tower,3,10,33,0,46,0,6,29,0,35,3,16,62,0,81,49,0,49,130
05/02/2015,JQF,NC,ASO,ES,Federal Contract Tower,6,2,23,0,31,0,6,83,0,89,6,8,106,0,120,58,0,58,178
05/03/2015,JQF,NC,ASO,ES,Federal Contract Tower,18,3,40,0,61,0,10,70,0,80,18,13,110,0,141,16,0,16,157
05/04/2015,JQF,NC,ASO,ES,Federal Contract Tower,5,5,26,0,36,0,2,70,0,72,5,7,96,0,108,24,0,24,132
05/05/2015,JQF,NC,ASO,ES,Federal Contract Tower,2,5,28,0,35,0,11,78,0,89,2,16,106,0,124,134,0,134,258
05/06/2015,JQF,NC,ASO,ES,Federal Contract Tower,3,4,28,0,35,0,15,103,2,120,3,19,131,2,155,86,4,90,245
05/07/2015,JQF,NC,ASO,ES,Federal Contract Tower,15,7,30,0,52,0,38,74,0,112,15,45,104,0,164,26,0,26,190
05/08/2015,JQF,NC,ASO,ES,Federal Contract Tower,4,8,37,0,49,0,11,75,0,86,4,19,112,0,135,20,0,20,155
05/09/2015,JQF,NC,ASO,ES,Federal Contract Tower,6,0,21,0,27,0,15,66,0,81,6,15,87,0,108,45,0,45,153
05/10/2015,JQF,NC,ASO,ES,Federal Contract Tower,3,3,28,0,34,0,2,6,0,8,3,5,34,0,42,0,0,0,42
05/11/2015,JQF,NC,ASO,ES,Federal Contract Tower,4,8,41,0,53,0,8,80,0,88,4,16,121,0,141,46,0,46,187
05/12/2015,JQF,NC,ASO,ES,Federal Contract Tower,2,9,40,0,51,0,7,81,0,88,2,16,121,0,139,40,0,40,179
05/13/2015,JQF,NC,ASO,ES,Federal Contract Tower,8,7,40,0,55,3,8,88,2,101,11,15,128,2,156,72,0,72,228
05/14/2015,JQF,NC,ASO,ES,Federal Contract Tower,4,6,56,0,66,0,13,92,7,112,4,19,148,7,178,34,6,40,218
05/15/2015,JQF,NC,ASO,ES,Federal Contract Tower,10,6,42,1,59,0,32,64,0,96,10,38,106,1,155,84,0,84,239
05/16/2015,JQF,NC,ASO,ES,Federal Contract Tower,2,5,44,0,51,0,92,64,0,156,2,97,108,0,207,23,0,23,230
05/17/2015,JQF,NC,ASO,ES,Federal Contract Tower,14,3,50,0,67,0,26,88,0,114,14,29,138,0,181,52,0,52,233
05/18/2015,JQF,NC,ASO,ES,Federal Contract Tower,6,15,28,0,49,0,5,78,3,86,6,20,106,3,135,88,0,88,223
05/19/2015,JQF,NC,ASO,ES,Federal Contract Tower,5,9,34,0,48,0,8,39,0,47,5,17,73,0,95,32,0,32,127
05/20/2015,JQF,NC,ASO,ES,Federal Contract Tower,4,7,48,0,59,0,31,89,0,120,4,38,137,0,179,38,0,38,217
05/21/2015,JQF,NC,ASO,ES,Federal Contract Tower,2,8,60,2,72,0,17,62,0,79,2,25,122,2,151,56,0,56,207
05/22/2015,JQF,NC,ASO,ES,Federal Contract Tower,6,9,32,0,47,0,23,128,25,176,6,32,160,25,223,14,0,14,237
05/23/2015,JQF,NC,ASO,ES,Federal Contract Tower,2,3,22,2,29,0,102,113,30,245,2,105,135,32,274,70,0,70,344
05/24/2015,JQF,NC,ASO,ES,Federal Contract Tower,2,4,42,2,50,0,245,112,56,413,2,249,154,58,463,28,0,28,491
05/25/2015,JQF,NC,ASO,ES,Federal Contract Tower,5,6,41,4,56,0,11,50,2,63,5,17,91,6,119,67,0,67,186
05/26/2015,JQF,NC,ASO,ES,Federal Contract Tower,0,8,39,0,47,0,17,55,5,77,0,25,94,5,124,26,0,26,150
05/27/2015,JQF,NC,ASO,ES,Federal Contract Tower,5,15,45,0,65,0,16,59,0,75,5,31,104,0,140,44,0,44,184
05/28/2015,JQF,NC,ASO,ES,Federal Contract Tower,22,11,36,0,69,0,10,48,1,59,22,21,84,1,128,56,0,56,184
05/29/2015,JQF,NC,ASO,ES,Federal Contract Tower,4,6,25,0,35,0,2,62,4,68,4,8,87,4,103,102,0,102,205
05/30/2015,JQF,NC,ASO,ES,Federal Contract Tower,8,2,31,0,41,0,8,65,2,75,8,10,96,2,116,70,0,70,186
05/31/2015,JQF,NC,ASO,ES,Federal Contract Tower,19,8,19,0,46,0,7,61,3,71,19,15,80,3,117,42,0,42,159
06/01/2015,JQF,NC,ASO,ES,Federal Contract Tower,5,6,17,0,28,0,4,57,0,61,5,10,74,0,89,28,0,28,117
06/02/2015,JQF,NC,ASO,ES,Federal Contract Tower,1,8,39,0,48,0,3,38,0,41,1,11,77,0,89,116,0,116,205
06/03/2015,JQF,NC,ASO,ES,Federal Contract Tower,3,15,31,0,49,0,0,4,2,6,3,15,35,2,55,0,0,0,55
06/04/2015,JQF,NC,ASO,ES,Federal Contract Tower,18,15,43,0,76,0,4,18,0,22,18,19,61,0,98,68,0,68,166
06/05/2015,JQF,NC,ASO,ES,Federal Contract Tower,4,7,47,1,59,0,29,75,0,104,4,36,122,1,163,90,0,90,253
06/06/2015,JQF,NC,ASO,ES,Federal Contract Tower,3,1,16,0,20,0,10,64,2,76,3,11,80,2,96,38,0,38,134
06/07/2015,JQF,NC,ASO,ES,Federal Contract Tower,19,1,29,0,49,0,17,76,0,93,19,18,105,0,142,90,0,90,232
06/08/2015,JQF,NC,ASO,ES,Federal Contract Tower,7,9,39,0,55,0,60,62,0,122,7,69,101,0,177,68,0,68,245
06/09/2015,JQF,NC,ASO,ES,Federal Contract Tower,2,10,46,0,58,0,6,76,1,83,2,16,122,1,141,0,0,0,141
06/10/2015,JQF,NC,ASO,ES,Federal Contract Tower,3,13,46,0,62,0,12,65,6,83,3,25,111,6,145,66,0,66,211
06/11/2015,JQF,NC,ASO,ES,Federal Contract Tower,15,8,29,0,52,0,8,80,0,88,15,16,109,0,140,102,0,102,242
06/12/2015,JQF,NC,ASO,ES,Federal Contract Tower,8,10,36,0,54,0,2,81,1,84,8,12,117,1,138,118,0,118,256
06/13/2015,JQF,NC,ASO,ES,Federal Contract Tower,7,1,22,0,30,0,5,75,1,81,7,6,97,1,111,26,0,26,137
06/14/2015,JQF,NC,ASO,ES,Federal Contract Tower,18,6,48,1,73,0,4,80,0,84,18,10,128,1,157,62,6,68,225
06/15/2015,JQF,NC,ASO,ES,Federal Contract Tower,5,11,24,0,40,0,7,122,0,129,5,18,146,0,169,33,0,33,202
06/16/2015,JQF,NC,ASO,ES,Federal Contract Tower,2,6,41,1,50,0,17,86,0,103,2,23,127,1,153,56,0,56,209
06/17/2015,JQF,NC,ASO,ES,Federal Contract Tower,10,9,26,0,45,0,23,62,0,85,10,32,88,0,130,62,0,62,192
06/18/2015,JQF,NC,ASO,ES,Federal Contract Tower,3,12,18,0,33,0,17,61,0,78,3,29,79,0,111,34,0,34,145
06/19/2015,JQF,NC,ASO,ES,Federal Contract Tower,7,7,29,0,43,0,6,64,0,70,7,13,93,0,113,46,0,46,159
06/20/2015,JQF,NC,ASO,ES,Federal Contract Tower,7,2,12,0,21,0,4,38,0,42,7,6,50,0,63,60,0,60,123
06/21/2015,JQF,NC,ASO,ES,Federal Contract Tower,10,2,19,0,31,0,21,42,0,63,10,23,61,0,94,22,0,22,116
06/22/2015,JQF,NC,ASO,ES,Federal Contract Tower,4,9,32,0,45,0,1,52,0,53,4,10,84,0,98,56,0,56,154
06/23/2015,JQF,NC,ASO,ES,Federal Contract Tower,2,7,35,0,44,0,6,65,6,77,2,13,100,6,121,74,0,74,195
06/24/2015,JQF,NC,ASO,ES,Federal Contract Tower,3,9,44,0,56,0,17,47,0,64,3,26,91,0,120,112,0,112,232
06/25/2015,JQF,NC,ASO,ES,Federal Contract Tower,8,6,30,0,44,0,12,56,0,68,8,18,86,0,112,92,0,92,204
06/26/2015,JQF,NC,ASO,ES,Federal Contract Tower,5,7,28,0,40,0,16,65,0,81,5,23,93,0,121,16,0,16,137
06/27/2015,JQF,NC,ASO,ES,Federal Contract Tower,5,1,10,0,16,0,1,9,0,10,5,2,19,0,26,0,0,0,26
06/28/2015,JQF,NC,ASO,ES,Federal Contract Tower,2,1,24,0,27,0,14,66,2,82,2,15,90,2,109,20,0,20,129
06/29/2015,JQF,NC,ASO,ES,Federal Contract Tower,5,6,29,1,41,0,7,79,0,86,5,13,108,1,127,60,0,60,187
06/30/2015,JQF,NC,ASO,ES,Federal Contract Tower,0,8,35,1,44,0,9,74,0,83,0,17,109,1,127,36,0,36,163
07/01/2015,JQF,NC,ASO,ES,Federal Contract Tower,4,4,28,0,36,0,5,39,4,48,4,9,67,4,84,24,4,28,112
07/02/2015,JQF,NC,ASO,ES,Federal Contract Tower,17,7,26,0,50,0,5,40,4,49,17,12,66,4,99,58,20,78,177
07/03/2015,JQF,NC,ASO,ES,Federal Contract Tower,9,5,16,0,30,0,1,6,0,7,9,6,22,0,37,16,0,16,53
07/04/2015,JQF,NC,ASO,ES,Federal Contract Tower,5,4,11,0,20,0,3,24,0,27,5,7,35,0,47,8,0,8,55
07/05/2015,JQF,NC,ASO,ES,Federal Contract Tower,9,2,23,1,35,0,2,10,1,13,9,4,33,2,48,4,0,4,52
07/06/2015,JQF,NC,ASO,ES,Federal Contract Tower,18,8,29,0,55,1,38,67,2,108,19,46,96,2,163,42,0,42,205
07/07/2015,JQF,NC,ASO,ES,Federal Contract Tower,1,3,42,0,46,0,11,95,0,106,1,14,137,0,152,154,0,154,306
07/08/2015,JQF,NC,ASO,ES,Federal Contract Tower,14,14,43,0,71,0,8,56,1,65,14,22,99,1,136,2,0,2,138
07/09/2015,JQF,NC,ASO,ES,Federal Contract Tower,10,6,35,0,51,0,15,73,0,88,10,21,108,0,139,64,0,64,203
07/10/2015,JQF,NC,ASO,ES,Federal Contract Tower,8,5,29,0,42,0,17,78,0,95,8,22,107,0,137,12,0,12,149
07/11/2015,JQF,NC,ASO,ES,Federal Contract Tower,10,0,23,0,33,0,9,46,1,56,10,9,69,1,89,24,0,24,113
07/12/2015,JQF,NC,ASO,ES,Federal Contract Tower,9,5,35,0,49,0,7,49,4,60,9,12,84,4,109,18,10,28,137
07/13/2015,JQF,NC,ASO,ES,Federal Contract Tower,4,10,37,0,51,0,14,54,6,74,4,24,91,6,125,66,8,74,199
07/14/2015,JQF,NC,ASO,ES,Federal Contract Tower,2,9,29,0,40,0,21,51,2,74,2,30,80,2,114,44,0,44,158
07/15/2015,JQF,NC,ASO,ES,Federal Contract Tower,5,12,27,0,44,0,14,57,0,71,5,26,84,0,115,104,0,104,219
07/16/2015,JQF,NC,ASO,ES,Federal Contract Tower,18,4,32,0,54,0,9,63,0,72,18,13,95,0,126,10,0,10,136
07/17/2015,JQF,NC,ASO,ES,Federal Contract Tower,5,6,49,0,60,0,1,46,0,47,5,7,95,0,107,34,0,34,141
07/18/2015,JQF,NC,ASO,ES,Federal Contract Tower,7,1,23,0,31,0,13,60,5,78,7,14,83,5,109,50,0,50,159
07/19/2015,JQF,NC,ASO,ES,Federal Contract Tower,18,3,29,0,50,0,5,51,1,57,18,8,80,1,107,24,0,24,131
07/20/2015,JQF,NC,ASO,ES,Federal Contract Tower,5,5,32,0,42,0,11,62,2,75,5,16,94,2,117,30,0,30,147
07/21/2015,JQF,NC,ASO,ES,Federal Contract Tower,1,8,24,0,33,0,19,55,0,74,1,27,79,0,107,24,0,24,131
07/22/2015,JQF,NC,ASO,ES,Federal Contract Tower,2,4,24,0,30,0,10,65,0,75,2,14,89,0,105,36,0,36,141
07/23/2015,JQF,NC,ASO,ES,Federal Contract Tower,20,13,44,0,77,0,4,36,0,40,20,17,80,0,117,12,0,12,129
07/24/2015,JQF,NC,ASO,ES,Federal Contract Tower,8,9,31,0,48,0,18,30,0,48,8,27,61,0,96,50,0,50,146
07/25/2015,JQF,NC,ASO,ES,Federal Contract Tower,6,0,14,0,20,0,11,72,0,83,6,11,86,0,103,68,0,68,171
07/26/2015,JQF,NC,ASO,ES,Federal Contract Tower,18,5,33,0,56,0,11,55,0,66,18,16,88,0,122,38,0,38,160
07/27/2015,JQF,NC,ASO,ES,Federal Contract Tower,4,12,31,0,47,4,12,70,2,88,8,24,101,2,135,84,0,84,219
07/28/2015,JQF,NC,ASO,ES,Federal Contract Tower,1,9,26,0,36,0,2,30,4,36,1,11,56,4,72,78,10,88,160
07/29/2015,JQF,NC,ASO,ES,Federal Contract Tower,7,8,45,0,60,0,13,58,0,71,7,21,103,0,131,78,0,78,209
07/30/2015,JQF,NC,ASO,ES,Federal Contract Tower,16,18,29,0,63,0,14,48,1,63,16,32,77,1,126,8,0,8,134
07/31/2015,JQF,NC,ASO,ES,Federal Contract Tower,9,11,26,0,46,2,26,39,0,67,11,37,65,0,113,20,0,20,133
08/01/2015,JQF,NC,ASO,ES,Federal Contract Tower,7,1,24,0,32,0,6,75,1,82,7,7,99,1,114,20,0,20,134
08/02/2015,JQF,NC,ASO,ES,Federal Contract Tower,18,3,28,0,49,0,15,76,0,91,18,18,104,0,140,102,0,102,242
08/03/2015,JQF,NC,ASO,ES,Federal Contract Tower,4,7,20,0,31,0,15,65,0,80,4,22,85,0,111,16,0,16,127
08/04/2015,JQF,NC,ASO,ES,Federal Contract Tower,1,7,24,0,32,0,19,71,0,90,1,26,95,0,122,38,0,38,160
08/05/2015,JQF,NC,ASO,ES,Federal Contract Tower,3,7,39,0,49,0,19,74,0,93,3,26,113,0,142,32,0,32,174
08/06/2015,JQF,NC,ASO,ES,Federal Contract Tower,15,5,50,0,70,0,11,60,0,71,15,16,110,0,141,14,0,14,155
08/07/2015,JQF,NC,ASO,ES,Federal Contract Tower,7,5,27,0,39,0,4,16,0,20,7,9,43,0,59,32,0,32,91
08/08/2015,JQF,NC,ASO,ES,Federal Contract Tower,8,2,25,0,35,0,2,64,0,66,8,4,89,0,101,35,0,35,136
08/09/2015,JQF,NC,ASO,ES,Federal Contract Tower,20,3,50,0,73,0,6,77,0,83,20,9,127,0,156,60,0,60,216
08/10/2015,JQF,NC,ASO,ES,Federal Contract Tower,5,8,38,0,51,0,9,49,1,59,5,17,87,1,110,95,0,95,205
08/11/2015,JQF,NC,ASO,ES,Federal Contract Tower,1,6,32,0,39,0,7,24,0,31,1,13,56,0,70,34,0,34,104
08/12/2015,JQF,NC,ASO,ES,Federal Contract Tower,3,14,45,0,62,0,8,90,4,102,3,22,135,4,164,52,0,52,216
08/13/2015,JQF,NC,ASO,ES,Federal Contract Tower,17,15,34,0,66,0,6,77,0,83,17,21,111,0,149,72,0,72,221
08/14/2015,JQF,NC,ASO,ES,Federal Contract Tower,7,11,35,3,56,0,5,90,1,96,7,16,125,4,152,72,0,72,224
08/15/2015,JQF,NC,ASO,ES,Federal Contract Tower,7,1,22,0,30,0,14,66,2,82,7,15,88,2,112,96,0,96,208
08/16/2015,JQF,NC,ASO,ES,Federal Contract Tower,21,0,38,0,59,0,6,101,5,112,21,6,139,5,171,64,0,64,235
08/17/2015,JQF,NC,ASO,ES,Federal Contract Tower,5,10,31,0,46,0,4,52,0,56,5,14,83,0,102,58,0,58,160
08/18/2015,JQF,NC,ASO,ES,Federal Contract Tower,4,7,38,0,49,0,5,48,0,53,4,12,86,0,102,66,0,66,168
08/19/2015,JQF,NC,ASO,ES,Federal Contract Tower,0,4,41,0,45,0,6,45,2,53,0,10,86,2,98,68,0,68,166
08/20/2015,JQF,NC,ASO,ES,Federal Contract Tower,8,4,55,0,67,0,8,57,6,71,8,12,112,6,138,32,0,32,170
08/21/2015,JQF,NC,ASO,ES,Federal Contract Tower,4,6,30,0,40,0,1,69,1,71,4,7,99,1,111,37,0,37,148
08/22/2015,JQF,NC,ASO,ES,Federal Contract Tower,4,4,34,0,42,0,18,65,11,94,4,22,99,11,136,18,0,18,154
08/23/2015,JQF,NC,ASO,ES,Federal Contract Tower,10,6,24,0,40,0,9,38,3,50,10,15,62,3,90,58,0,58,148
08/24/2015,JQF,NC,ASO,ES,Federal Contract Tower,4,9,19,0,32,0,14,50,6,70,4,23,69,6,102,18,0,18,120
08/25/2015,JQF,NC,ASO,ES,Federal Contract Tower,2,18,39,0,59,2,14,84,0,100,4,32,123,0,159,78,0,78,237
08/26/2015,JQF,NC,ASO,ES,Federal Contract Tower,1,9,31,0,41,0,5,51,0,56,1,14,82,0,97,26,0,26,123
08/27/2015,JQF,NC,ASO,ES,Federal Contract Tower,6,16,35,0,57,0,13,61,4,78,6,29,96,4,135,110,0,110,245
08/28/2015,JQF,NC,ASO,ES,Federal Contract Tower,8,12,31,0,51,0,20,82,3,105,8,32,113,3,156,72,0,72,228
08/29/2015,JQF,NC,ASO,ES,Federal Contract Tower,10,1,23,0,34,0,4,87,0,91,10,5,110,0,125,110,0,110,235
08/30/2015,JQF,NC,ASO,ES,Federal Contract Tower,3,0,26,0,29,0,4,35,0,39,3,4,61,0,68,68,0,68,136
08/31/2015,JQF,NC,ASO,ES,Federal Contract Tower,4,11,47,0,62,0,5,47,0,52,4,16,94,0,114,56,0,56,170
09/01/2015,JQF,NC,ASO,ES,Federal Contract Tower,0,6,43,0,49,0,10,74,12,96,0,16,117,12,145,44,6,50,195
09/02/2015,JQF,NC,ASO,ES,Federal Contract Tower,0,11,42,0,53,0,9,45,2,56,0,20,87,2,109,30,0,30,139
09/03/2015,JQF,NC,ASO,ES,Federal Contract Tower,2,11,45,0,58,0,5,61,0,66,2,16,106,0,124,34,0,34,158
09/04/2015,JQF,NC,ASO,ES,Federal Contract Tower,12,6,33,0,51,0,12,76,0,88,12,18,109,0,139,90,0,90,229
09/05/2015,JQF,NC,ASO,ES,Federal Contract Tower,0,2,15,0,17,0,2,21,0,23,0,4,36,0,40,12,0,12,52
09/06/2015,JQF,NC,ASO,ES,Federal Contract Tower,2,6,16,0,24,0,5,40,1,46,2,11,56,1,70,34,0,34,104
09/07/2015,JQF,NC,ASO,ES,Federal Contract Tower,4,6,22,0,32,0,2,26,0,28,4,8,48,0,60,34,0,34,94
09/08/2015,JQF,NC,ASO,ES,Federal Contract Tower,1,9,37,2,49,0,24,63,0,87,1,33,100,2,136,86,0,86,222
09/09/2015,JQF,NC,ASO,ES,Federal Contract Tower,1,8,47,0,56,0,8,23,2,33,1,16,70,2,89,20,0,20,109
09/10/2015,JQF,NC,ASO,ES,Federal Contract Tower,20,18,36,0,74,0,2,32,0,34,20,20,68,0,108,36,0,36,144
09/11/2015,JQF,NC,ASO,ES,Federal Contract Tower,7,9,36,0,52,0,6,76,6,88,7,15,112,6,140,92,0,92,232
09/12/2015,JQF,NC,ASO,ES,Federal Contract Tower,7,5,20,0,32,0,5,30,0,35,7,10,50,0,67,18,0,18,85
09/13/2015,JQF,NC,ASO,ES,Federal Contract Tower,14,6,29,0,49,0,6,70,0,76,14,12,99,0,125,68,0,68,193
09/14/2015,JQF,NC,ASO,ES,Federal Contract Tower,4,11,27,0,42,0,8,80,0,88,4,19,107,0,130,104,0,104,234
09/15/2015,JQF,NC,ASO,ES,Federal Contract Tower,2,4,44,0,50,0,18,67,0,85,2,22,111,0,135,78,0,78,213
09/16/2015,JQF,NC,ASO,ES,Federal Contract Tower,5,8,29,2,44,0,7,76,2,85,5,15,105,4,129,89,36,125,254
09/17/2015,JQF,NC,ASO,ES,Federal Contract Tower,14,4,35,2,55,0,18,83,0,101,14,22,118,2,156,59,0,59,215
09/18/2015,JQF,NC,ASO,ES,Federal Contract Tower,10,7,35,1,53,0,6,98,3,107,10,13,133,4,160,58,0,58,218
09/19/2015,JQF,NC,ASO,ES,Federal Contract Tower,4,2,19,0,25,0,13,82,2,97,4,15,101,2,122,92,0,92,214
09/20/2015,JQF,NC,ASO,ES,Federal Contract Tower,19,3,35,0,57,0,7,79,2,88,19,10,114,2,145,50,0,50,195
09/21/2015,JQF,NC,ASO,ES,Federal Contract Tower,4,16,40,0,60,0,8,18,0,26,4,24,58,0,86,26,0,26,112
09/22/2015,JQF,NC,ASO,ES,Federal Contract Tower,0,16,22,5,43,0,4,11,0,15,0,20,33,5,58,92,0,92,150
09/23/2015,JQF,NC,ASO,ES,Federal Contract Tower,0,14,50,0,64,0,5,66,0,71,0,19,116,0,135,152,0,152,287
09/24/2015,JQF,NC,ASO,ES,Federal Contract Tower,15,6,38,0,59,0,6,25,2,33,15,12,63,2,92,46,0,46,138
09/25/2015,JQF,NC,ASO,ES,Federal Contract Tower,13,3,28,0,44,0,1,0,0,1,13,4,28,0,45,6,0,6,51
09/26/2015,JQF,NC,ASO,ES,Federal Contract Tower,7,3,8,0,18,0,0,0,0,0,7,3,8,0,18,0,0,0,18
09/27/2015,JQF,NC,ASO,ES,Federal Contract Tower,16,5,33,0,54,0,0,0,0,0,16,5,33,0,54,0,0,0,54
09/28/2015,JQF,NC,ASO,ES,Federal Contract Tower,5,6,36,0,47,0,4,0,0,4,5,10,36,0,51,0,0,0,51
09/29/2015,JQF,NC,ASO,ES,Federal Contract Tower,0,10,27,0,37,0,0,1,0,1,0,10,28,0,38,0,0,0,38
09/30/2015,JQF,NC,ASO,ES,Federal Contract Tower,0,13,36,0,49,0,3,64,0,67,0,16,100,0,116,131,0,131,247
10/01/2015,JQF,NC,ASO,ES,Federal Contract Tower,17,16,45,2,80,0,7,6,0,13,17,23,51,2,93,16,0,16,109
10/02/2015,JQF,NC,ASO,ES,Federal Contract Tower,7,7,25,2,41,0,0,0,0,0,7,7,25,2,41,0,0,0,41
10/03/2015,JQF,NC,ASO,ES,Federal Contract Tower,3,0,7,0,10,0,0,0,0,0,3,0,7,0,10,0,0,0,10
10/04/2015,JQF,NC,ASO,ES,Federal Contract Tower,16,4,23,0,43,0,0,0,0,0,16,4,23,0,43,0,0,0,43
10/05/2015,JQF,NC,ASO,ES,Federal Contract Tower,3,10,19,0,32,0,2,5,0,7,3,12,24,0,39,22,0,22,61
10/06/2015,JQF,NC,ASO,ES,Federal Contract Tower,0,5,42,0,47,0,12,106,0,118,0,17,148,0,165,84,0,84,249
10/07/2015,JQF,NC,ASO,ES,Federal Contract Tower,5,6,36,0,47,0,9,93,0,102,5,15,129,0,149,54,0,54,203
10/08/2015,JQF,NC,ASO,ES,Federal Contract Tower,2,6,45,0,53,0,6,115,0,121,2,12,160,0,174,110,0,110,284
10/09/2015,JQF,NC,ASO,ES,Federal Contract Tower,5,21,50,0,76,0,15,67,0,82,5,36,117,0,158,12,0,12,170
10/10/2015,JQF,NC,ASO,ES,Federal Contract Tower,2,2,32,0,36,0,1,0,0,1,2,3,32,0,37,0,0,0,37
10/11/2015,JQF,NC,ASO,ES,Federal Contract Tower,5,1,37,0,43,0,151,73,2,226,5,152,110,2,269,2,0,2,271
10/12/2015,JQF,NC,ASO,ES,Federal Contract Tower,4,6,37,0,47,0,15,104,0,119,4,21,141,0,166,69,0,69,235
10/13/2015,JQF,NC,ASO,ES,Federal Contract Tower,2,4,42,6,54,0,12,64,0,76,2,16,106,6,130,80,0,80,210
10/14/2015,JQF,NC,ASO,ES,Federal Contract Tower,4,6,41,0,51,0,11,64,12,87,4,17,105,12,138,66,0,66,204
10/15/2015,JQF,NC,ASO,ES,Federal Contract Tower,15,12,42,0,69,0,10,97,0,107,15,22,139,0,176,32,0,32,208
10/16/2015,JQF,NC,ASO,ES,Federal Contract Tower,6,10,37,0,53,0,3,65,0,68,6,13,102,0,121,26,0,26,147
10/17/2015,JQF,NC,ASO,ES,Federal Contract Tower,14,2,23,0,39,0,6,64,0,70,14,8,87,0,109,65,0,65,174
10/18/2015,JQF,NC,ASO,ES,Federal Contract Tower,16,2,43,0,61,0,15,89,0,104,16,17,132,0,165,74,0,74,239
10/19/2015,JQF,NC,ASO,ES,Federal Contract Tower,7,6,29,0,42,0,21,64,0,85,7,27,93,0,127,124,0,124,251
10/20/2015,JQF,NC,ASO,ES,Federal Contract Tower,6,9,49,0,64,0,41,101,4,146,6,50,150,4,210,94,0,94,304
10/21/2015,JQF,NC,ASO,ES,Federal Contract Tower,5,5,38,0,48,0,23,74,14,111,5,28,112,14,159,82,0,82,241
10/22/2015,JQF,NC,ASO,ES,Federal Contract Tower,13,4,53,0,70,0,27,110,0,137,13,31,163,0,207,130,0,130,337
10/23/2015,JQF,NC,ASO,ES,Federal Contract Tower,5,12,42,0,59,0,0,82,0,82,5,12,124,0,141,93,0,93,234
10/24/2015,JQF,NC,ASO,ES,Federal Contract Tower,4,3,39,0,46,0,2,68,2,72,4,5,107,2,118,30,0,30,148
10/25/2015,JQF,NC,ASO,ES,Federal Contract Tower,22,2,45,0,69,0,4,50,6,60,22,6,95,6,129,26,0,26,155
10/26/2015,JQF,NC,ASO,ES,Federal Contract Tower,4,7,27,0,38,0,4,32,2,38,4,11,59,2,76,46,0,46,122
10/27/2015,JQF,NC,ASO,ES,Federal Contract Tower,0,7,38,0,45,0,0,0,0,0,0,7,38,0,45,0,0,0,45
10/28/2015,JQF,NC,ASO,ES,Federal Contract Tower,6,7,29,0,42,0,2,6,0,8,6,9,35,0,50,0,0,0,50
10/29/2015,JQF,NC,ASO,ES,Federal Contract Tower,5,14,26,0,45,0,11,86,0,97,5,25,112,0,142,116,0,116,258
10/30/2015,JQF,NC,ASO,ES,Federal Contract Tower,6,6,30,0,42,0,17,108,0,125,6,23,138,0,167,54,0,54,221
10/31/2015,JQF,NC,ASO,ES,Federal Contract Tower,4,1,25,0,30,0,9,66,0,75,4,10,91,0,105,19,0,19,124
11/01/2015,JQF,NC,ASO,ES,Federal Contract Tower,2,6,17,0,25,0,3,2,0,5,2,9,19,0,30,0,0,0,30
11/02/2015,JQF,NC,ASO,ES,Federal Contract Tower,7,4,15,0,26,0,0,0,0,0,7,4,15,0,26,0,0,0,26
11/03/2015,JQF,NC,ASO,ES,Federal Contract Tower,1,11,35,0,47,0,0,0,0,0,1,11,35,0,47,0,0,0,47
11/04/2015,JQF,NC,ASO,ES,Federal Contract Tower,6,13,40,2,61,0,0,0,0,0,6,13,40,2,61,0,0,0,61
11/05/2015,JQF,NC,ASO,ES,Federal Contract Tower,17,11,38,0,66,0,21,45,0,66,17,32,83,0,132,56,0,56,188
11/06/2015,JQF,NC,ASO,ES,Federal Contract Tower,7,22,42,0,71,0,0,0,0,0,7,22,42,0,71,0,0,0,71
11/07/2015,JQF,NC,ASO,ES,Federal Contract Tower,6,1,21,0,28,0,2,14,0,16,6,3,35,0,44,4,0,4,48
11/08/2015,JQF,NC,ASO,ES,Federal Contract Tower,14,8,39,0,61,0,4,47,1,52,14,12,86,1,113,94,0,94,207
11/09/2015,JQF,NC,ASO,ES,Federal Contract Tower,10,9,13,0,32,0,0,0,0,0,10,9,13,0,32,0,0,0,32
11/10/2015,JQF,NC,ASO,ES,Federal Contract Tower,1,12,23,0,36,0,9,72,2,83,1,21,95,2,119,30,0,30,149
11/11/2015,JQF,NC,ASO,ES,Federal Contract Tower,4,7,54,0,65,0,9,102,0,111,4,16,156,0,176,112,0,112,288
11/12/2015,JQF,NC,ASO,ES,Federal Contract Tower,5,8,32,0,45,0,3,64,0,67,5,11,96,0,112,4,0,4,116
11/13/2015,JQF,NC,ASO,ES,Federal Contract Tower,6,9,32,0,47,0,2,47,0,49,6,11,79,0,96,46,0,46,142
11/14/2015,JQF,NC,ASO,ES,Federal Contract Tower,2,0,18,0,20,0,5,70,4,79,2,5,88,4,99,84,0,84,183
11/15/2015,JQF,NC,ASO,ES,Federal Contract Tower,2,5,31,0,38,0,6,72,2,80,2,11,103,2,118,114,0,114,232
11/16/2015,JQF,NC,ASO,ES,Federal Contract Tower,19,7,24,0,50,0,26,66,0,92,19,33,90,0,142,74,0,74,216
11/17/2015,JQF,NC,ASO,ES,Federal Contract Tower,0,8,48,0,56,0,19,80,0,99,0,27,128,0,155,48,0,48,203
11/18/2015,JQF,NC,ASO,ES,Federal Contract Tower,9,6,41,0,56,0,10,45,0,55,9,16,86,0,111,58,0,58,169
11/19/2015,JQF,NC,ASO,ES,Federal Contract Tower,11,6,64,0,81,0,9,46,0,55,11,15,110,0,136,32,0,32,168
11/20/2015,JQF,NC,ASO,ES,Federal Contract Tower,8,9,27,0,44,0,4,76,4,84,8,13,103,4,128,50,0,50,178
11/21/2015,JQF,NC,ASO,ES,Federal Contract Tower,4,2,28,0,34,0,22,71,2,95,4,24,99,2,129,92,0,92,221
11/22/2015,JQF,NC,ASO,ES,Federal Contract Tower,3,2,19,0,24,0,8,47,2,57,3,10,66,2,81,28,0,28,109
11/23/2015,JQF,NC,ASO,ES,Federal Contract Tower,26,8,48,0,82,0,18,61,0,79,26,26,109,0,161,50,0,50,211
11/24/2015,JQF,NC,ASO,ES,Federal Contract Tower,3,7,42,0,52,0,6,76,0,82,3,13,118,0,134,58,0,58,192
11/25/2015,JQF,NC,ASO,ES,Federal Contract Tower,7,8,28,0,43,0,15,74,0,89,7,23,102,0,132,94,0,94,226
11/26/2015,JQF,NC,ASO,ES,Federal Contract Tower,0,0,7,0,7,0,4,23,0,27,0,4,30,0,34,2,0,2,36
11/27/2015,JQF,NC,ASO,ES,Federal Contract Tower,10,1,9,0,20,0,0,41,0,41,10,1,50,0,61,78,0,78,139
11/28/2015,JQF,NC,ASO,ES,Federal Contract Tower,7,0,19,0,26,0,3,75,0,78,7,3,94,0,104,28,0,28,132
11/29/2015,JQF,NC,ASO,ES,Federal Contract Tower,7,4,34,0,45,0,9,50,0,59,7,13,84,0,104,42,0,42,146
11/30/2015,JQF,NC,ASO,ES,Federal Contract Tower,4,10,31,0,45,0,0,0,0,0,4,10,31,0,45,0,0,0,45
12/01/2015,JQF,NC,ASO,ES,Federal Contract Tower,2,7,16,0,25,0,0,0,0,0,2,7,16,0,25,0,0,0,25
12/02/2015,JQF,NC,ASO,ES,Federal Contract Tower,1,13,38,0,52,0,0,7,0,7,1,13,45,0,59,0,0,0,59
12/03/2015,JQF,NC,ASO,ES,Federal Contract Tower,4,9,41,0,54,0,8,103,0,111,4,17,144,0,165,68,0,68,233
12/04/2015,JQF,NC,ASO,ES,Federal Contract Tower,4,13,27,0,44,0,13,76,0,89,4,26,103,0,133,92,0,92,225
12/05/2015,JQF,NC,ASO,ES,Federal Contract Tower,0,4,24,0,28,0,5,99,0,104,0,9,123,0,132,64,0,64,196
12/06/2015,JQF,NC,ASO,ES,Federal Contract Tower,3,7,26,0,36,0,10,78,0,88,3,17,104,0,124,32,0,32,156
12/07/2015,JQF,NC,ASO,ES,Federal Contract Tower,4,8,27,0,39,0,10,54,0,64,4,18,81,0,103,28,0,28,131
12/08/2015,JQF,NC,ASO,ES,Federal Contract Tower,0,8,49,0,57,0,32,79,0,111,0,40,128,0,168,76,0,76,244
12/09/2015,JQF,NC,ASO,ES,Federal Contract Tower,0,11,57,0,68,0,19,62,4,85,0,30,119,4,153,78,0,78,231
12/10/2015,JQF,NC,ASO,ES,Federal Contract Tower,2,11,45,0,58,0,7,106,1,114,2,18,151,1,172,120,4,124,296
12/11/2015,JQF,NC,ASO,ES,Federal Contract Tower,4,4,42,0,50,0,6,64,0,70,4,10,106,0,120,72,0,72,192
12/12/2015,JQF,NC,ASO,ES,Federal Contract Tower,0,3,38,0,41,0,6,45,2,53,0,9,83,2,94,12,0,12,106
12/13/2015,JQF,NC,ASO,ES,Federal Contract Tower,2,7,29,1,39,0,7,65,1,73,2,14,94,2,112,54,0,54,166
12/14/2015,JQF,NC,ASO,ES,Federal Contract Tower,6,8,25,0,39,0,2,0,0,2,6,10,25,0,41,0,0,0,41
12/15/2015,JQF,NC,ASO,ES,Federal Contract Tower,1,12,57,0,70,0,15,92,1,108,1,27,149,1,178,112,0,112,290
12/16/2015,JQF,NC,ASO,ES,Federal Contract Tower,2,13,34,0,49,0,14,86,0,100,2,27,120,0,149,56,0,56,205
12/17/2015,JQF,NC,ASO,ES,Federal Contract Tower,2,11,39,0,52,0,0,0,0,0,2,11,39,0,52,0,0,0,52
12/18/2015,JQF,NC,ASO,ES,Federal Contract Tower,5,3,40,0,48,0,5,76,0,81,5,8,116,0,129,14,0,14,143
12/19/2015,JQF,NC,ASO,ES,Federal Contract Tower,2,4,44,0,50,0,13,86,1,100,2,17,130,1,150,10,0,10,160
12/20/2015,JQF,NC,ASO,ES,Federal Contract Tower,2,0,35,0,37,0,4,57,2,63,2,4,92,2,100,22,0,22,122
12/21/2015,JQF,NC,ASO,ES,Federal Contract Tower,6,5,39,2,52,0,3,31,0,34,6,8,70,2,86,28,0,28,114
12/22/2015,JQF,NC,ASO,ES,Federal Contract Tower,0,3,13,0,16,0,0,0,0,0,0,3,13,0,16,0,0,0,16
12/23/2015,JQF,NC,ASO,ES,Federal Contract Tower,4,10,6,0,20,0,0,0,0,0,4,10,6,0,20,0,0,0,20
12/24/2015,JQF,NC,ASO,ES,Federal Contract Tower,4,4,8,0,16,0,0,4,0,4,4,4,12,0,20,0,0,0,20
12/25/2015,JQF,NC,ASO,ES,Federal Contract Tower,2,0,11,0,13,0,2,3,0,5,2,2,14,0,18,0,0,0,18
12/26/2015,JQF,NC,ASO,ES,Federal Contract Tower,4,4,28,0,36,0,2,14,0,16,4,6,42,0,52,26,0,26,78
12/27/2015,JQF,NC,ASO,ES,Federal Contract Tower,2,10,25,0,37,0,4,4,0,8,2,14,29,0,45,0,0,0,45
12/28/2015,JQF,NC,ASO,ES,Federal Contract Tower,8,7,5,0,20,0,1,1,0,2,8,8,6,0,22,0,0,0,22
12/29/2015,JQF,NC,ASO,ES,Federal Contract Tower,0,8,28,0,36,0,3,29,1,33,0,11,57,1,69,10,0,10,79
12/30/2015,JQF,NC,ASO,ES,Federal Contract Tower,5,5,14,0,24,0,0,0,0,0,5,5,14,0,24,0,0,0,24
12/31/2015,JQF,NC,ASO,ES,Federal Contract Tower,5,9,26,0,40,0,0,4,2,6,5,9,30,2,46,0,0,0,46
01/01/2016,JQF,NC,ASO,ES,Federal Contract Tower,2,0,13,0,15,0,1,32,3,36,2,1,45,3,51,10,0,10,61
01/02/2016,JQF,NC,ASO,ES,Federal Contract Tower,4,2,27,0,33,0,8,81,0,89,4,10,108,0,122,10,0,10,132
01/03/2016,JQF,NC,ASO,ES,Federal Contract Tower,4,1,18,0,23,0,10,84,0,94,4,11,102,0,117,24,0,24,141
01/04/2016,JQF,NC,ASO,ES,Federal Contract Tower,4,6,18,0,28,0,22,33,0,55,4,28,51,0,83,34,0,34,117
01/05/2016,JQF,NC,ASO,ES,Federal Contract Tower,0,7,41,0,48,0,12,55,6,73,0,19,96,6,121,88,0,88,209
01/06/2016,JQF,NC,ASO,ES,Federal Contract Tower,6,8,29,0,43,0,7,67,0,74,6,15,96,0,117,40,0,40,157
01/07/2016,JQF,NC,ASO,ES,Federal Contract Tower,2,7,39,0,48,0,5,41,1,47,2,12,80,1,95,94,0,94,189
01/08/2016,JQF,NC,ASO,ES,Federal Contract Tower,4,7,27,0,38,0,0,0,0,0,4,7,27,0,38,0,0,0,38
01/09/2016,JQF,NC,ASO,ES,Federal Contract Tower,3,7,11,0,21,0,0,0,0,0,3,7,11,0,21,0,0,0,21
01/10/2016,JQF,NC,ASO,ES,Federal Contract Tower,2,2,28,0,32,0,4,15,0,19,2,6,43,0,51,8,0,8,59
01/11/2016,JQF,NC,ASO,ES,Federal Contract Tower,7,10,34,0,51,0,4,77,2,83,7,14,111,2,134,42,0,42,176
01/12/2016,JQF,NC,ASO,ES,Federal Contract Tower,0,9,26,0,35,0,15,35,1,51,0,24,61,1,86,20,0,20,106
01/13/2016,JQF,NC,ASO,ES,Federal Contract Tower,2,9,42,2,55,0,15,89,8,112,2,24,131,10,167,24,0,24,191
01/14/2016,JQF,NC,ASO,ES,Federal Contract Tower,2,8,30,0,40,0,7,80,0,87,2,15,110,0,127,22,0,22,149
01/15/2016,JQF,NC,ASO,ES,Federal Contract Tower,6,6,38,0,50,0,0,5,0,5,6,6,43,0,55,20,0,20,75
01/16/2016,JQF,NC,ASO,ES,Federal Contract Tower,2,0,22,2,26,0,5,67,3,75,2,5,89,5,101,88,0,88,189
01/17/2016,JQF,NC,ASO,ES,Federal Contract Tower,2,5,19,0,26,0,7,11,0,18,2,12,30,0,44,52,0,52,96
01/18/2016,JQF,NC,ASO,ES,Federal Contract Tower,8,6,37,0,51,0,9,68,0,77,8,15,105,0,128,34,0,34,162
01/19/2016,JQF,NC,ASO,ES,Federal Contract Tower,1,7,36,0,44,0,18,65,0,83,1,25,101,0,127,38,0,38,165
01/20/2016,JQF,NC,ASO,ES,Federal Contract Tower,2,11,34,0,47,0,4,41,2,47,2,15,75,2,94,52,0,52,146
01/21/2016,JQF,NC,ASO,ES,Federal Contract Tower,3,15,44,0,62,0,2,63,5,70,3,17,107,5,132,22,0,22,154
01/23/2016,JQF,NC,ASO,ES,Federal Contract Tower,6,0,4,0,10,0,4,2,0,6,6,4,6,0,16,0,0,0,16
01/24/2016,JQF,NC,ASO,ES,Federal Contract Tower,4,11,29,0,44,0,22,55,0,77,4,33,84,0,121,100,0,100,221
01/25/2016,JQF,NC,ASO,ES,Federal Contract Tower,4,3,32,0,39,0,9,85,0,94,4,12,117,0,133,44,0,44,177
01/26/2016,JQF,NC,ASO,ES,Federal Contract Tower,0,10,38,0,48,0,4,51,0,55,0,14,89,0,103,36,0,36,139
01/27/2016,JQF,NC,ASO,ES,Federal Contract Tower,2,6,32,0,40,0,5,29,1,35,2,11,61,1,75,0,0,0,75
01/28/2016,JQF,NC,ASO,ES,Federal Contract Tower,2,9,35,0,46,0,9,32,0,41,2,18,67,0,87,28,0,28,115
01/29/2016,JQF,NC,ASO,ES,Federal Contract Tower,4,9,34,0,47,0,9,91,1,101,4,18,125,1,148,44,0,44,192
01/30/2016,JQF,NC,ASO,ES,Federal Contract Tower,3,2,23,0,28,0,3,96,1,100,3,5,119,1,128,76,0,76,204
01/31/2016,JQF,NC,ASO,ES,Federal Contract Tower,2,4,37,0,43,0,12,70,0,82,2,16,107,0,125,68,0,68,193
02/01/2016,JQF,NC,ASO,ES,Federal Contract Tower,4,8,38,0,50,0,7,32,0,39,4,15,70,0,89,46,0,46,135
02/02/2016,JQF,NC,ASO,ES,Federal Contract Tower,1,10,45,0,56,0,6,18,0,24,1,16,63,0,80,58,0,58,138
02/03/2016,JQF,NC,ASO,ES,Federal Contract Tower,2,16,15,0,33,0,0,0,0,0,2,16,15,0,33,0,0,0,33
02/04/2016,JQF,NC,ASO,ES,Federal Contract Tower,2,13,47,0,62,0,0,36,0,36,2,13,83,0,98,38,0,38,136
02/05/2016,JQF,NC,ASO,ES,Federal Contract Tower,6,9,22,1,38,0,10,70,1,81,6,19,92,2,119,22,0,22,141
02/06/2016,JQF,NC,ASO,ES,Federal Contract Tower,5,5,19,0,29,0,10,111,2,123,5,15,130,2,152,80,0,80,232
02/07/2016,JQF,NC,ASO,ES,Federal Contract Tower,2,0,25,0,27,0,16,47,0,63,2,16,72,0,90,38,11,49,139
02/08/2016,JQF,NC,ASO,ES,Federal Contract Tower,7,5,25,0,37,0,2,39,0,41,7,7,64,0,78,2,0,2,80
02/09/2016,JQF,NC,ASO,ES,Federal Contract Tower,0,7,25,0,32,0,8,35,4,47,0,15,60,4,79,4,0,4,83
02/10/2016,JQF,NC,ASO,ES,Federal Contract Tower,2,14,14,0,30,2,16,51,0,69,4,30,65,0,99,38,0,38,137
02/11/2016,JQF,NC,ASO,ES,Federal Contract Tower,7,9,37,0,53,0,14,90,4,108,7,23,127,4,161,32,0,32,193
02/12/2016,JQF,NC,ASO,ES,Federal Contract Tower,12,12,36,0,60,0,0,37,0,37,12,12,73,0,97,58,0,58,155
02/13/2016,JQF,NC,ASO,ES,Federal Contract Tower,6,0,21,0,27,0,2,74,0,76,6,2,95,0,103,24,0,24,127
02/14/2016,JQF,NC,ASO,ES,Federal Contract Tower,12,1,28,0,41,0,11,35,2,48,12,12,63,2,89,24,0,24,113
02/15/2016,JQF,NC,ASO,ES,Federal Contract Tower,6,4,4,0,14,0,0,0,0,0,6,4,4,0,14,0,0,0,14
02/16/2016,JQF,NC,ASO,ES,Federal Contract Tower,2,7,25,0,34,0,39,44,0,83,2,46,69,0,117,60,0,60,177
02/17/2016,JQF,NC,ASO,ES,Federal Contract Tower,13,10,35,0,58,0,7,78,1,86,13,17,113,1,144,66,0,66,210
02/18/2016,JQF,NC,ASO,ES,Federal Contract Tower,5,9,59,0,73,0,0,0,0,0,5,9,59,0,73,34,0,34,107
02/19/2016,JQF,NC,ASO,ES,Federal Contract Tower,5,5,29,0,39,0,7,111,1,119,5,12,140,1,158,102,0,102,260
02/20/2016,JQF,NC,ASO,ES,Federal Contract Tower,4,6,28,0,38,0,15,70,10,95,4,21,98,10,133,44,0,44,177
02/21/2016,JQF,NC,ASO,ES,Federal Contract Tower,14,3,40,0,57,0,13,41,1,55,14,16,81,1,112,10,0,10,122
02/22/2016,JQF,NC,ASO,ES,Federal Contract Tower,9,9,27,0,45,0,0,0,0,0,9,9,27,0,45,0,0,0,45
02/23/2016,JQF,NC,ASO,ES,Federal Contract Tower,0,8,23,0,31,0,0,0,0,0,0,8,23,0,31,0,0,0,31
02/24/2016,JQF,NC,ASO,ES,Federal Contract Tower,2,8,9,0,19,0,0,1,0,1,2,8,10,0,20,0,0,0,20
02/25/2016,JQF,NC,ASO,ES,Federal Contract Tower,12,8,30,0,50,0,8,21,2,31,12,16,51,2,81,18,2,20,101
02/26/2016,JQF,NC,ASO,ES,Federal Contract Tower,4,6,26,0,36,0,2,40,2,44,4,8,66,2,80,10,0,10,90
02/27/2016,JQF,NC,ASO,ES,Federal Contract Tower,3,2,32,0,37,0,8,63,5,76,3,10,95,5,113,100,0,100,213
02/28/2016,JQF,NC,ASO,ES,Federal Contract Tower,13,1,45,0,59,0,18,54,0,72,13,19,99,0,131,52,0,52,183
02/29/2016,JQF,NC,ASO,ES,Federal Contract Tower,4,6,40,0,50,0,9,47,0,56,4,15,87,0,106,92,0,92,198
03/01/2016,JQF,NC,ASO,ES,Federal Contract Tower,0,5,36,0,41,0,7,43,4,54,0,12,79,4,95,88,0,88,183
03/02/2016,JQF,NC,ASO,ES,Federal Contract Tower,10,9,47,0,66,0,19,47,0,66,10,28,94,0,132,36,0,36,168
03/03/2016,JQF,NC,ASO,ES,Federal Contract Tower,2,7,33,0,42,0,47,58,0,105,2,54,91,0,147,32,0,32,179
03/04/2016,JQF,NC,ASO,ES,Federal Contract Tower,5,4,32,0,41,0,21,84,2,107,5,25,116,2,148,54,0,54,202
03/05/2016,JQF,NC,ASO,ES,Federal Contract Tower,2,0,31,0,33,0,20,85,1,106,2,20,116,1,139,114,0,114,253
03/06/2016,JQF,NC,ASO,ES,Federal Contract Tower,3,4,28,1,36,0,4,40,8,52,3,8,68,9,88,16,0,16,104
03/07/2016,JQF,NC,ASO,ES,Federal Contract Tower,5,8,27,0,40,0,5,72,2,79,5,13,99,2,119,40,4,44,163
03/08/2016,JQF,NC,ASO,ES,Federal Contract Tower,0,8,41,0,49,0,11,86,0,97,0,19,127,0,146,48,0,48,194
03/09/2016,JQF,NC,ASO,ES,Federal Contract Tower,2,10,28,0,40,0,25,62,6,93,2,35,90,6,133,58,0,58,191
03/10/2016,JQF,NC,ASO,ES,Federal Contract Tower,2,8,40,4,54,0,17,28,4,49,2,25,68,8,103,34,2,36,139
03/11/2016,JQF,NC,ASO,ES,Federal Contract Tower,7,4,33,0,44,0,16,78,0,94,7,20,111,0,138,54,0,54,192
03/12/2016,JQF,NC,ASO,ES,Federal Contract Tower,3,2,14,0,19,0,26,45,3,74,3,28,59,3,93,36,0,36,129
03/13/2016,JQF,NC,ASO,ES,Federal Contract Tower,2,7,24,0,33,0,8,10,0,18,2,15,34,0,51,10,0,10,61
03/14/2016,JQF,NC,ASO,ES,Federal Contract Tower,8,11,41,3,63,0,20,83,5,108,8,31,124,8,171,60,0,60,231
03/15/2016,JQF,NC,ASO,ES,Federal Contract Tower,1,10,33,1,45,0,33,74,0,107,1,43,107,1,152,66,0,66,218
03/16/2016,JQF,NC,ASO,ES,Federal Contract Tower,3,8,42,0,53,0,26,62,4,92,3,34,104,4,145,53,0,53,198
03/17/2016,JQF,NC,ASO,ES,Federal Contract Tower,7,9,35,0,51,0,28,62,3,93,7,37,97,3,144,46,0,46,190
03/18/2016,JQF,NC,ASO,ES,Federal Contract Tower,5,5,43,0,53,0,26,89,5,120,5,31,132,5,173,46,0,46,219
03/19/2016,JQF,NC,ASO,ES,Federal Contract Tower,1,2,12,0,15,0,7,35,0,42,1,9,47,0,57,44,0,44,101
03/20/2016,JQF,NC,ASO,ES,Federal Contract Tower,2,0,18,0,20,0,0,0,0,0,2,0,18,0,20,0,0,0,20
03/21/2016,JQF,NC,ASO,ES,Federal Contract Tower,3,5,31,0,39,0,9,78,3,90,3,14,109,3,129,66,0,66,195
03/22/2016,JQF,NC,ASO,ES,Federal Contract Tower,2,6,34,0,42,0,46,92,3,141,2,52,126,3,183,46,0,46,229
03/23/2016,JQF,NC,ASO,ES,Federal Contract Tower,4,15,39,0,58,0,7,58,25,90,4,22,97,25,148,32,0,32,180
03/24/2016,JQF,NC,ASO,ES,Federal Contract Tower,2,8,36,0,46,0,6,56,0,62,2,14,92,0,108,36,0,36,144
03/25/2016,JQF,NC,ASO,ES,Federal Contract Tower,4,8,36,0,48,0,7,46,0,53,4,15,82,0,101,110,0,110,211
03/26/2016,JQF,NC,ASO,ES,Federal Contract Tower,0,8,13,0,21,0,3,24,0,27,0,11,37,0,48,28,0,28,76
03/27/2016,JQF,NC,ASO,ES,Federal Contract Tower,2,5,20,0,27,0,0,0,0,0,2,5,20,0,27,0,0,0,27
03/28/2016,JQF,NC,ASO,ES,Federal Contract Tower,4,6,41,0,51,0,11,61,4,76,4,17,102,4,127,90,0,90,217
03/29/2016,JQF,NC,ASO,ES,Federal Contract Tower,2,7,29,0,38,0,9,93,1,103,2,16,122,1,141,108,0,108,249
03/30/2016,JQF,NC,ASO,ES,Federal Contract Tower,2,13,44,0,59,0,21,90,1,112,2,34,134,1,171,44,0,44,215
03/31/2016,JQF,NC,ASO,ES,Federal Contract Tower,2,9,37,0,48,0,18,36,0,54,2,27,73,0,102,22,0,22,124
04/01/2016,JQF,NC,ASO,ES,Federal Contract Tower,4,7,34,0,45,0,8,8,0,16,4,15,42,0,61,10,0,10,71
04/02/2016,JQF,NC,ASO,ES,Federal Contract Tower,0,1,19,0,20,0,12,23,0,35,0,13,42,0,55,26,0,26,81
04/03/2016,JQF,NC,ASO,ES,Federal Contract Tower,2,1,53,0,56,0,16,74,0,90,2,17,127,0,146,34,0,34,180
04/04/2016,JQF,NC,ASO,ES,Federal Contract Tower,4,8,37,0,49,0,6,49,1,56,4,14,86,1,105,44,0,44,149
04/05/2016,JQF,NC,ASO,ES,Federal Contract Tower,2,12,30,0,44,0,23,61,2,86,2,35,91,2,130,44,0,44,174
04/06/2016,JQF,NC,ASO,ES,Federal Contract Tower,2,10,48,0,60,0,20,110,2,132,2,30,158,2,192,42,0,42,234
04/07/2016,JQF,NC,ASO,ES,Federal Contract Tower,10,7,32,0,49,0,1,33,0,34,10,8,65,0,83,2,0,2,85
04/08/2016,JQF,NC,ASO,ES,Federal Contract Tower,6,10,31,0,47,0,16,40,0,56,6,26,71,0,103,66,0,66,169
04/09/2016,JQF,NC,ASO,ES,Federal Contract Tower,3,0,18,0,21,0,4,28,0,32,3,4,46,0,53,4,0,4,57
04/10/2016,JQF,NC,ASO,ES,Federal Contract Tower,2,2,34,0,38,0,18,101,3,122,2,20,135,3,160,98,0,98,258
04/11/2016,JQF,NC,ASO,ES,Federal Contract Tower,4,8,29,0,41,0,4,55,0,59,4,12,84,0,100,58,0,58,158
04/12/2016,JQF,NC,ASO,ES,Federal Contract Tower,0,11,51,0,62,0,9,18,0,27,0,20,69,0,89,8,0,8,97
04/13/2016,JQF,NC,ASO,ES,Federal Contract Tower,0,12,51,0,63,0,21,88,9,118,0,33,139,9,181,24,0,24,205
04/14/2016,JQF,NC,ASO,ES,Federal Contract Tower,5,5,52,1,63,0,62,76,1,139,5,67,128,2,202,140,0,140,342
04/15/2016,JQF,NC,ASO,ES,Federal Contract Tower,5,5,42,0,52,0,13,55,2,70,5,18,97,2,122,42,0,42,164
04/16/2016,JQF,NC,ASO,ES,Federal Contract Tower,0,1,20,0,21,0,23,83,2,108,0,24,103,2,129,96,0,96,225
04/17/2016,JQF,NC,ASO,ES,Federal Contract Tower,5,4,31,0,40,0,17,83,0,100,5,21,114,0,140,46,0,46,186
04/18/2016,JQF,NC,ASO,ES,Federal Contract Tower,4,15,27,0,46,0,23,80,0,103,4,38,107,0,149,94,0,94,243
04/19/2016,JQF,NC,ASO,ES,Federal Contract Tower,0,13,29,0,42,0,30,66,0,96,0,43,95,0,138,142,0,142,280
04/20/2016,JQF,NC,ASO,ES,Federal Contract Tower,2,8,42,0,52,0,6,66,0,72,2,14,108,0,124,40,0,40,164
04/21/2016,JQF,NC,ASO,ES,Federal Contract Tower,12,11,37,0,60,0,3,50,2,55,12,14,87,2,115,76,0,76,191
04/22/2016,JQF,NC,ASO,ES,Federal Contract Tower,5,4,40,0,49,0,0,44,0,44,5,4,84,0,93,10,0,10,103
04/23/2016,JQF,NC,ASO,ES,Federal Contract Tower,4,2,40,0,46,0,13,75,0,88,4,15,115,0,134,56,0,56,190
04/24/2016,JQF,NC,ASO,ES,Federal Contract Tower,12,5,55,0,72,0,15,104,2,121,12,20,159,2,193,80,0,80,273
04/25/2016,JQF,NC,ASO,ES,Federal Contract Tower,6,16,34,0,56,0,8,78,0,86,6,24,112,0,142,84,0,84,226
04/26/2016,JQF,NC,ASO,ES,Federal Contract Tower,0,6,33,0,39,0,11,86,18,115,0,17,119,18,154,138,0,138,292
04/27/2016,JQF,NC,ASO,ES,Federal Contract Tower,8,8,23,1,40,0,19,64,2,85,8,27,87,3,125,30,4,34,159
04/28/2016,JQF,NC,ASO,ES,Federal Contract Tower,14,11,27,1,53,0,8,49,21,78,14,19,76,22,131,40,0,40,171
04/29/2016,JQF,NC,ASO,ES,Federal Contract Tower,4,9,39,0,52,0,29,81,0,110,4,38,120,0,162,86,0,86,248
04/30/2016,JQF,NC,ASO,ES,Federal Contract Tower,7,5,25,0,37,0,0,3,0,3,7,5,28,0,40,28,0,28,68
05/01/2016,JQF,NC,ASO,ES,Federal Contract Tower,16,5,43,0,64,0,0,7,0,7,16,5,50,0,71,4,0,4,75
05/02/2016,JQF,NC,ASO,ES,Federal Contract Tower,4,4,24,0,32,0,0,11,0,11,4,4,35,0,43,16,0,16,59
05/03/2016,JQF,NC,ASO,ES,Federal Contract Tower,1,8,42,0,51,0,2,19,12,33,1,10,61,12,84,16,0,16,100
05/04/2016,JQF,NC,ASO,ES,Federal Contract Tower,2,19,44,0,65,0,13,97,4,114,2,32,141,4,179,52,0,52,231
05/05/2016,JQF,NC,ASO,ES,Federal Contract Tower,10,13,47,0,70,0,7,31,0,38,10,20,78,0,108,86,6,92,200
05/06/2016,JQF,NC,ASO,ES,Federal Contract Tower,7,6,39,0,52,0,10,75,0,85,7,16,114,0,137,36,0,36,173
05/07/2016,JQF,NC,ASO,ES,Federal Contract Tower,3,5,26,0,34,0,21,95,3,119,3,26,121,3,153,48,0,48,201
05/08/2016,JQF,NC,ASO,ES,Federal Contract Tower,13,2,39,0,54,0,19,39,0,58,13,21,78,0,112,14,0,14,126
05/09/2016,JQF,NC,ASO,ES,Federal Contract Tower,8,10,25,0,43,0,11,56,2,69,8,21,81,2,112,66,0,66,178
05/10/2016,JQF,NC,ASO,ES,Federal Contract Tower,1,13,38,0,52,0,9,61,8,78,1,22,99,8,130,42,0,42,172
05/11/2016,JQF,NC,ASO,ES,Federal Contract Tower,6,6,44,0,56,0,10,38,0,48,6,16,82,0,104,58,0,58,162
05/12/2016,JQF,NC,ASO,ES,Federal Contract Tower,13,2,53,0,68,0,6,61,22,89,13,8,114,22,157,104,0,104,261
05/13/2016,JQF,NC,ASO,ES,Federal Contract Tower,5,10,54,0,69,0,11,49,0,60,5,21,103,0,129,84,0,84,213
05/14/2016,JQF,NC,ASO,ES,Federal Contract Tower,4,2,14,0,20,0,15,93,4,112,4,17,107,4,132,80,0,80,212
05/15/2016,JQF,NC,ASO,ES,Federal Contract Tower,11,6,33,0,50,0,7,40,5,52,11,13,73,5,102,46,0,46,148
05/16/2016,JQF,NC,ASO,ES,Federal Contract Tower,6,7,45,5,63,0,25,53,5,83,6,32,98,10,146,72,0,72,218
05/17/2016,JQF,NC,ASO,ES,Federal Contract Tower,2,8,33,0,43,0,4,16,1,21,2,12,49,1,64,22,6,28,92
05/18/2016,JQF,NC,ASO,ES,Federal Contract Tower,5,10,44,2,61,0,31,34,4,69,5,41,78,6,130,30,12,42,172
05/19/2016,JQF,NC,ASO,ES,Federal Contract Tower,3,11,29,0,43,0,0,0,0,0,3,11,29,0,43,0,0,0,43
05/20/2016,JQF,NC,ASO,ES,Federal Contract Tower,4,7,51,0,62,0,0,0,0,0,4,7,51,0,62,0,0,0,62
05/21/2016,JQF,NC,ASO,ES,Federal Contract Tower,2,2,36,0,40,0,82,17,0,99,2,84,53,0,139,70,0,70,209
05/22/2016,JQF,NC,ASO,ES,Federal Contract Tower,2,0,23,0,25,0,32,55,0,87,2,32,78,0,112,40,0,40,152
05/23/2016,JQF,NC,ASO,ES,Federal Contract Tower,5,7,28,0,40,0,32,78,0,110,5,39,106,0,150,26,0,26,176
05/24/2016,JQF,NC,ASO,ES,Federal Contract Tower,0,5,51,0,56,0,20,88,5,113,0,25,139,5,169,110,0,110,279
05/25/2016,JQF,NC,ASO,ES,Federal Contract Tower,4,6,46,0,56,0,6,77,3,86,4,12,123,3,142,111,0,111,253
05/26/2016,JQF,NC,ASO,ES,Federal Contract Tower,2,10,30,0,42,0,43,94,0,137,2,53,124,0,179,36,0,36,215
05/27/2016,JQF,NC,ASO,ES,Federal Contract Tower,4,8,51,0,63,0,9,108,12,129,4,17,159,12,192,74,8,82,274
05/28/2016,JQF,NC,ASO,ES,Federal Contract Tower,2,0,34,0,36,0,67,70,5,142,2,67,104,5,178,36,0,36,214
05/29/2016,JQF,NC,ASO,ES,Federal Contract Tower,2,4,39,4,49,0,147,26,27,200,2,151,65,31,249,12,0,12,261
05/30/2016,JQF,NC,ASO,ES,Federal Contract Tower,6,10,45,2,63,0,6,45,0,51,6,16,90,2,114,66,0,66,180
05/31/2016,JQF,NC,ASO,ES,Federal Contract Tower,0,6,42,0,48,0,7,53,0,60,0,13,95,0,108,90,0,90,198
06/01/2016,JQF,NC,ASO,ES,Federal Contract Tower,6,8,22,0,36,0,14,72,0,86,6,22,94,0,122,42,0,42,164
06/02/2016,JQF,NC,ASO,ES,Federal Contract Tower,12,8,29,0,49,0,4,28,0,32,12,12,57,0,81,50,0,50,131
06/03/2016,JQF,NC,ASO,ES,Federal Contract Tower,6,7,27,0,40,0,0,102,4,106,6,7,129,4,146,122,0,122,268
06/04/2016,JQF,NC,ASO,ES,Federal Contract Tower,4,4,12,0,20,0,10,84,1,95,4,14,96,1,115,50,0,50,165
06/05/2016,JQF,NC,ASO,ES,Federal Contract Tower,2,4,22,1,29,0,6,25,4,35,2,10,47,5,64,0,0,0,64
06/06/2016,JQF,NC,ASO,ES,Federal Contract Tower,15,12,34,0,61,0,10,17,1,28,15,22,51,1,89,82,0,82,171
06/07/2016,JQF,NC,ASO,ES,Federal Contract Tower,0,4,39,0,43,0,2,46,0,48,0,6,85,0,91,30,0,30,121
06/08/2016,JQF,NC,ASO,ES,Federal Contract Tower,6,14,51,0,71,0,23,63,0,86,6,37,114,0,157,110,0,110,267
06/09/2016,JQF,NC,ASO,ES,Federal Contract Tower,13,9,54,0,76,0,13,82,0,95,13,22,136,0,171,116,0,116,287
06/10/2016,JQF,NC,ASO,ES,Federal Contract Tower,4,10,48,0,62,0,4,67,0,71,4,14,115,0,133,94,0,94,227
06/11/2016,JQF,NC,ASO,ES,Federal Contract Tower,7,0,10,0,17,0,2,69,2,73,7,2,79,2,90,20,0,20,110
06/12/2016,JQF,NC,ASO,ES,Federal Contract Tower,15,1,29,0,45,0,11,59,0,70,15,12,88,0,115,8,0,8,123
06/13/2016,JQF,NC,ASO,ES,Federal Contract Tower,4,5,29,0,38,0,4,53,0,57,4,9,82,0,95,62,0,62,157
06/14/2016,JQF,NC,ASO,ES,Federal Contract Tower,12,10,38,0,60,0,5,48,0,53,12,15,86,0,113,52,0,52,165
06/15/2016,JQF,NC,ASO,ES,Federal Contract Tower,5,12,31,0,48,0,10,48,10,68,5,22,79,10,116,76,0,76,192
06/16/2016,JQF,NC,ASO,ES,Federal Contract Tower,1,15,34,0,50,0,2,65,0,67,1,17,99,0,117,106,0,106,223
06/17/2016,JQF,NC,ASO,ES,Federal Contract Tower,6,13,41,0,60,0,9,33,0,42,6,22,74,0,102,30,0,30,132
06/18/2016,JQF,NC,ASO,ES,Federal Contract Tower,2,4,14,0,20,0,14,39,14,67,2,18,53,14,87,8,0,8,95
06/19/2016,JQF,NC,ASO,ES,Federal Contract Tower,5,0,25,0,30,0,17,80,2,99,5,17,105,2,129,68,0,68,197
06/20/2016,JQF,NC,ASO,ES,Federal Contract Tower,4,8,26,1,39,0,18,71,2,91,4,26,97,3,130,54,0,54,184
06/21/2016,JQF,NC,ASO,ES,Federal Contract Tower,3,9,33,0,45,0,0,71,0,71,3,9,104,0,116,60,0,60,176
06/22/2016,JQF,NC,ASO,ES,Federal Contract Tower,4,5,30,0,39,0,9,65,0,74,4,14,95,0,113,96,0,96,209
06/23/2016,JQF,NC,ASO,ES,Federal Contract Tower,8,7,47,0,62,0,16,72,0,88,8,23,119,0,150,38,0,38,188
06/24/2016,JQF,NC,ASO,ES,Federal Contract Tower,5,5,19,0,29,0,8,46,0,54,5,13,65,0,83,76,0,76,159
06/25/2016,JQF,NC,ASO,ES,Federal Contract Tower,3,1,19,0,23,0,11,55,0,66,3,12,74,0,89,38,0,38,127
06/26/2016,JQF,NC,ASO,ES,Federal Contract Tower,2,4,32,2,40,0,0,46,1,47,2,4,78,3,87,54,0,54,141
06/27/2016,JQF,NC,ASO,ES,Federal Contract Tower,4,6,25,0,35,0,5,59,0,64,4,11,84,0,99,32,0,32,131
06/28/2016,JQF,NC,ASO,ES,Federal Contract Tower,3,7,35,0,45,0,17,39,0,56,3,24,74,0,101,50,0,50,151
06/29/2016,JQF,NC,ASO,ES,Federal Contract Tower,11,12,35,0,58,0,5,66,8,79,11,17,101,8,137,78,0,78,215
06/30/2016,JQF,NC,ASO,ES,Federal Contract Tower,11,5,48,0,64,0,5,44,0,49,11,10,92,0,113,50,0,50,163
07/01/2016,JQF,NC,ASO,ES,Federal Contract Tower,6,7,33,0,46,0,4,34,0,38,6,11,67,0,84,48,0,48,132
07/02/2016,JQF,NC,ASO,ES,Federal Contract Tower,8,3,29,0,40,0,7,62,2,71,8,10,91,2,111,94,0,94,205
07/03/2016,JQF,NC,ASO,ES,Federal Contract Tower,15,3,24,0,42,0,3,8,0,11,15,6,32,0,53,2,0,2,55
07/04/2016,JQF,NC,ASO,ES,Federal Contract Tower,4,2,11,0,17,0,1,9,0,10,4,3,20,0,27,2,0,2,29
07/05/2016,JQF,NC,ASO,ES,Federal Contract Tower,2,6,42,0,50,0,9,42,0,51,2,15,84,0,101,20,0,20,121
07/06/2016,JQF,NC,ASO,ES,Federal Contract Tower,8,9,34,0,51,0,15,58,0,73,8,24,92,0,124,118,0,118,242
07/07/2016,JQF,NC,ASO,ES,Federal Contract Tower,6,4,43,0,53,0,17,51,0,68,6,21,94,0,121,88,0,88,209
07/08/2016,JQF,NC,ASO,ES,Federal Contract Tower,6,8,43,0,57,0,8,59,0,67,6,16,102,0,124,88,0,88,212
07/09/2016,JQF,NC,ASO,ES,Federal Contract Tower,8,3,20,0,31,0,17,92,0,109,8,20,112,0,140,80,0,80,220
07/10/2016,JQF,NC,ASO,ES,Federal Contract Tower,8,10,32,0,50,0,9,47,0,56,8,19,79,0,106,32,0,32,138
07/11/2016,JQF,NC,ASO,ES,Federal Contract Tower,5,12,35,0,52,0,5,50,0,55,5,17,85,0,107,92,0,92,199
07/12/2016,JQF,NC,ASO,ES,Federal Contract Tower,2,9,36,0,47,0,12,64,0,76,2,21,100,0,123,120,0,120,243
07/13/2016,JQF,NC,ASO,ES,Federal Contract Tower,9,13,38,0,60,0,2,69,18,89,9,15,107,18,149,116,0,116,265
07/14/2016,JQF,NC,ASO,ES,Federal Contract Tower,13,10,50,0,73,0,9,81,0,90,13,19,131,0,163,16,0,16,179
07/15/2016,JQF,NC,ASO,ES,Federal Contract Tower,7,4,32,0,43,0,1,73,0,74,7,5,105,0,117,140,0,140,257
07/16/2016,JQF,NC,ASO,ES,Federal Contract Tower,7,3,31,0,41,0,0,6,0,6,7,3,37,0,47,0,0,0,47
07/17/2016,JQF,NC,ASO,ES,Federal Contract Tower,13,4,42,0,59,0,4,20,0,24,13,8,62,0,83,44,0,44,127
07/18/2016,JQF,NC,ASO,ES,Federal Contract Tower,5,12,24,0,41,0,4,59,2,65,5,16,83,2,106,190,0,190,296
07/19/2016,JQF,NC,ASO,ES,Federal Contract Tower,5,6,53,2,66,0,10,75,7,92,5,16,128,9,158,68,0,68,226
07/20/2016,JQF,NC,ASO,ES,Federal Contract Tower,4,6,51,0,61,0,7,93,2,102,4,13,144,2,163,130,0,130,293
07/21/2016,JQF,NC,ASO,ES,Federal Contract Tower,7,12,47,0,66,0,6,105,3,114,7,18,152,3,180,104,0,104,284
07/22/2016,JQF,NC,ASO,ES,Federal Contract Tower,10,4,39,0,53,0,5,93,0,98,10,9,132,0,151,106,0,106,257
07/23/2016,JQF,NC,ASO,ES,Federal Contract Tower,6,0,22,0,28,0,5,74,0,79,6,5,96,0,107,86,0,86,193
07/24/2016,JQF,NC,ASO,ES,Federal Contract Tower,14,6,29,0,49,0,17,75,0,92,14,23,104,0,141,64,0,64,205
07/25/2016,JQF,NC,ASO,ES,Federal Contract Tower,9,11,24,2,46,0,7,72,3,82,9,18,96,5,128,66,0,66,194
07/26/2016,JQF,NC,ASO,ES,Federal Contract Tower,2,8,33,0,43,0,18,56,6,80,2,26,89,6,123,46,0,46,169
07/27/2016,JQF,NC,ASO,ES,Federal Contract Tower,11,9,46,0,66,0,7,48,8,63,11,16,94,8,129,126,0,126,255
07/28/2016,JQF,NC,ASO,ES,Federal Contract Tower,12,5,31,4,52,0,4,85,2,91,12,9,116,6,143,44,0,44,187
07/29/2016,JQF,NC,ASO,ES,Federal Contract Tower,8,13,21,0,42,0,3,97,0,100,8,16,118,0,142,86,0,86,228
07/30/2016,JQF,NC,ASO,ES,Federal Contract Tower,2,6,24,1,33,0,4,62,14,80,2,10,86,15,113,4,0,4,117
07/31/2016,JQF,NC,ASO,ES,Federal Contract Tower,5,0,24,0,29,0,0,52,0,52,5,0,76,0,81,12,0,12,93
08/01/2016,JQF,NC,ASO,ES,Federal Contract Tower,21,6,38,0,65,0,14,48,0,62,21,20,86,0,127,48,0,48,175
08/02/2016,JQF,NC,ASO,ES,Federal Contract Tower,0,12,46,0,58,0,17,22,0,39,0,29,68,0,97,52,0,52,149
08/03/2016,JQF,NC,ASO,ES,Federal Contract Tower,5,13,45,0,63,0,13,3,0,16,5,26,48,0,79,40,0,40,119
08/04/2016,JQF,NC,ASO,ES,Federal Contract Tower,12,10,36,1,59,0,10,17,0,27,12,20,53,1,86,60,0,60,146
08/05/2016,JQF,NC,ASO,ES,Federal Contract Tower,3,11,30,1,45,0,11,14,3,28,3,22,44,4,73,28,0,28,101
08/06/2016,JQF,NC,ASO,ES,Federal Contract Tower,9,3,20,1,33,0,5,80,0,85,9,8,100,1,118,38,0,38,156
08/07/2016,JQF,NC,ASO,ES,Federal Contract Tower,16,3,20,0,39,0,22,13,0,35,16,25,33,0,74,32,0,32,106
08/08/2016,JQF,NC,ASO,ES,Federal Contract Tower,4,6,33,0,43,0,0,25,2,27,4,6,58,2,70,56,0,56,126
08/09/2016,JQF,NC,ASO,ES,Federal Contract Tower,0,6,49,0,55,0,1,31,2,34,0,7,80,2,89,22,0,22,111
08/10/2016,JQF,NC,ASO,ES,Federal Contract Tower,7,2,47,0,56,0,4,21,0,25,7,6,68,0,81,14,0,14,95
08/11/2016,JQF,NC,ASO,ES,Federal Contract Tower,6,5,53,0,64,0,8,63,1,72,6,13,116,1,136,96,0,96,232
08/12/2016,JQF,NC,ASO,ES,Federal Contract Tower,6,7,39,0,52,0,9,85,3,97,6,16,124,3,149,149,0,149,298
08/13/2016,JQF,NC,ASO,ES,Federal Contract Tower,9,5,35,0,49,0,7,78,4,89,9,12,113,4,138,70,0,70,208
08/14/2016,JQF,NC,ASO,ES,Federal Contract Tower,2,3,26,0,31,0,2,34,1,37,2,5,60,1,68,74,0,74,142
08/15/2016,JQF,NC,ASO,ES,Federal Contract Tower,4,4,41,0,49,0,10,73,4,87,4,14,114,4,136,150,0,150,286
08/16/2016,JQF,NC,ASO,ES,Federal Contract Tower,0,8,37,0,45,0,8,79,0,87,0,16,116,0,132,62,0,62,194
08/17/2016,JQF,NC,ASO,ES,Federal Contract Tower,4,7,48,0,59,0,8,48,10,66,4,15,96,10,125,120,4,124,249
08/18/2016,JQF,NC,ASO,ES,Federal Contract Tower,8,10,51,0,69,0,15,38,2,55,8,25,89,2,124,66,8,74,198
08/19/2016,JQF,NC,ASO,ES,Federal Contract Tower,7,7,46,0,60,0,1,44,0,45,7,8,90,0,105,58,0,58,163
08/20/2016,JQF,NC,ASO,ES,Federal Contract Tower,5,2,31,0,38,0,6,92,2,100,5,8,123,2,138,128,0,128,266
08/21/2016,JQF,NC,ASO,ES,Federal Contract Tower,13,4,37,0,54,0,0,41,4,45,13,4,78,4,99,47,4,51,150
08/22/2016,JQF,NC,ASO,ES,Federal Contract Tower,10,3,35,0,48,0,9,76,0,85,10,12,111,0,133,104,0,104,237
08/23/2016,JQF,NC,ASO,ES,Federal Contract Tower,3,6,39,0,48,0,21,95,0,116,3,27,134,0,164,96,0,96,260
08/24/2016,JQF,NC,ASO,ES,Federal Contract Tower,5,3,34,0,42,0,6,84,0,90,5,9,118,0,132,132,0,132,264
08/25/2016,JQF,NC,ASO,ES,Federal Contract Tower,15,6,40,0,61,0,27,72,0,99,15,33,112,0,160,78,0,78,238
08/26/2016,JQF,NC,ASO,ES,Federal Contract Tower,4,14,41,0,59,0,2,60,0,62,4,16,101,0,121,54,0,54,175
08/27/2016,JQF,NC,ASO,ES,Federal Contract Tower,7,1,13,0,21,0,7,50,1,58,7,8,63,1,79,32,0,32,111
08/28/2016,JQF,NC,ASO,ES,Federal Contract Tower,16,5,36,0,57,0,3,49,4,56,16,8,85,4,113,18,0,18,131
08/29/2016,JQF,NC,ASO,ES,Federal Contract Tower,7,4,36,0,47,0,35,69,3,107,7,39,105,3,154,114,0,114,268
08/30/2016,JQF,NC,ASO,ES,Federal Contract Tower,1,9,38,0,48,0,13,71,4,88,1,22,109,4,136,94,0,94,230
08/31/2016,JQF,NC,ASO,ES,Federal Contract Tower,6,11,36,0,53,0,7,87,6,100,6,18,123,6,153,104,6,110,263
09/01/2016,JQF,NC,ASO,ES,Federal Contract Tower,2,6,36,0,44,0,11,49,0,60,2,17,85,0,104,42,0,42,146
09/02/2016,JQF,NC,ASO,ES,Federal Contract Tower,6,5,14,0,25,0,0,0,0,0,6,5,14,0,25,0,0,0,25
09/03/2016,JQF,NC,ASO,ES,Federal Contract Tower,2,0,27,0,29,0,6,82,2,90,2,6,109,2,119,90,0,90,209
09/04/2016,JQF,NC,ASO,ES,Federal Contract Tower,3,0,17,0,20,0,6,57,1,64,3,6,74,1,84,58,0,58,142
09/05/2016,JQF,NC,ASO,ES,Federal Contract Tower,4,2,25,0,31,0,7,66,0,73,4,9,91,0,104,74,0,74,178
09/06/2016,JQF,NC,ASO,ES,Federal Contract Tower,0,12,33,0,45,0,14,76,2,92,0,26,109,2,137,14,2,16,153
09/07/2016,JQF,NC,ASO,ES,Federal Contract Tower,4,14,37,0,55,0,14,77,8,99,4,28,114,8,154,58,4,62,216
09/08/2016,JQF,NC,ASO,ES,Federal Contract Tower,13,10,45,0,68,0,12,108,2,122,13,22,153,2,190,96,0,96,286
09/09/2016,JQF,NC,ASO,ES,Federal Contract Tower,6,8,43,0,57,0,6,89,1,96,6,14,132,1,153,114,0,114,267
09/10/2016,JQF,NC,ASO,ES,Federal Contract Tower,6,5,42,0,53,0,11,54,1,66,6,16,96,1,119,32,0,32,151
09/11/2016,JQF,NC,ASO,ES,Federal Contract Tower,3,10,27,0,40,0,7,50,0,57,3,17,77,0,97,54,0,54,151
09/12/2016,JQF,NC,ASO,ES,Federal Contract Tower,5,5,26,0,36,0,8,34,2,44,5,13,60,2,80,58,0,58,138
09/13/2016,JQF,NC,ASO,ES,Federal Contract Tower,0,8,33,0,41,0,4,48,3,55,0,12,81,3,96,54,0,54,150
09/14/2016,JQF,NC,ASO,ES,Federal Contract Tower,4,13,36,0,53,0,18,73,0,91,4,31,109,0,144,68,0,68,212
09/15/2016,JQF,NC,ASO,ES,Federal Contract Tower,8,9,52,2,71,0,15,76,0,91,8,24,128,2,162,66,2,68,230
09/16/2016,JQF,NC,ASO,ES,Federal Contract Tower,7,13,41,0,61,0,31,82,2,115,7,44,123,2,176,138,0,138,314
09/17/2016,JQF,NC,ASO,ES,Federal Contract Tower,9,2,36,0,47,0,7,48,5,60,9,9,84,5,107,94,6,100,207
09/18/2016,JQF,NC,ASO,ES,Federal Contract Tower,17,7,52,0,76,0,2,68,10,80,17,9,120,10,156,74,0,74,230
09/19/2016,JQF,NC,ASO,ES,Federal Contract Tower,5,12,30,6,53,0,3,32,7,42,5,15,62,13,95,50,0,50,145
09/20/2016,JQF,NC,ASO,ES,Federal Contract Tower,0,10,33,0,43,0,14,47,10,71,0,24,80,10,114,52,0,52,166
09/21/2016,JQF,NC,ASO,ES,Federal Contract Tower,5,13,54,1,73,0,38,11,2,51,5,51,65,3,124,6,0,6,130
09/22/2016,JQF,NC,ASO,ES,Federal Contract Tower,13,7,42,0,62,0,7,20,2,29,13,14,62,2,91,24,6,30,121
09/23/2016,JQF,NC,ASO,ES,Federal Contract Tower,12,9,54,0,75,0,9,34,0,43,12,18,88,0,118,94,0,94,212
09/25/2016,JQF,NC,ASO,ES,Federal Contract Tower,15,5,50,0,70,0,6,27,2,35,15,11,77,2,105,14,0,14,119
09/26/2016,JQF,NC,ASO,ES,Federal Contract Tower,4,9,33,0,46,0,3,30,6,39,4,12,63,6,85,36,4,40,125
09/27/2016,JQF,NC,ASO,ES,Federal Contract Tower,1,8,48,0,57,0,3,20,0,23,1,11,68,0,80,106,0,106,186
09/28/2016,JQF,NC,ASO,ES,Federal Contract Tower,7,13,56,0,76,0,5,41,0,46,7,18,97,0,122,110,0,110,232
09/29/2016,JQF,NC,ASO,ES,Federal Contract Tower,11,11,48,0,70,0,6,32,0,38,11,17,80,0,108,12,0,12,120
09/30/2016,JQF,NC,ASO,ES,Federal Contract Tower,8,7,48,0,63,0,15,81,2,98,8,22,129,2,161,86,0,86,247
10/01/2016,JQF,NC,ASO,ES,Federal Contract Tower,5,5,36,0,46,0,10,83,2,95,5,15,119,2,141,70,0,70,211
10/02/2016,JQF,NC,ASO,ES,Federal Contract Tower,19,2,54,0,75,0,4,59,0,63,19,6,113,0,138,18,0,18,156
10/03/2016,JQF,NC,ASO,ES,Federal Contract Tower,5,5,30,0,40,0,7,69,0,76,5,12,99,0,116,98,0,98,214
10/04/2016,JQF,NC,ASO,ES,Federal Contract Tower,0,9,46,0,55,0,15,61,0,76,0,24,107,0,131,72,0,72,203
10/05/2016,JQF,NC,ASO,ES,Federal Contract Tower,6,13,55,0,74,0,22,42,0,64,6,35,97,0,138,90,0,90,228
10/06/2016,JQF,NC,ASO,ES,Federal Contract Tower,4,10,35,0,49,0,28,56,8,92,4,38,91,8,141,64,0,64,205
10/07/2016,JQF,NC,ASO,ES,Federal Contract Tower,2,9,21,0,32,0,0,0,0,0,2,9,21,0,32,0,0,0,32
10/08/2016,JQF,NC,ASO,ES,Federal Contract Tower,6,1,8,0,15,0,0,0,0,0,6,1,8,0,15,0,0,0,15
10/09/2016,JQF,NC,ASO,ES,Federal Contract Tower,3,13,31,2,49,0,113,16,14,143,3,126,47,16,192,0,0,0,192
10/10/2016,JQF,NC,ASO,ES,Federal Contract Tower,10,9,35,0,54,0,10,95,1,106,10,19,130,1,160,92,0,92,252
10/11/2016,JQF,NC,ASO,ES,Federal Contract Tower,4,10,45,0,59,0,8,91,4,103,4,18,136,4,162,124,0,124,286
10/12/2016,JQF,NC,ASO,ES,Federal Contract Tower,6,12,50,0,68,0,14,85,0,99,6,26,135,0,167,52,0,52,219
10/13/2016,JQF,NC,ASO,ES,Federal Contract Tower,9,13,53,0,75,0,12,88,1,101,9,25,141,1,176,48,0,48,224
10/14/2016,JQF,NC,ASO,ES,Federal Contract Tower,7,9,46,1,63,0,5,121,1,127,7,14,167,2,190,74,0,74,264
10/15/2016,JQF,NC,ASO,ES,Federal Contract Tower,11,2,21,0,34,0,6,86,1,93,11,8,107,1,127,78,2,80,207
10/16/2016,JQF,NC,ASO,ES,Federal Contract Tower,14,5,48,0,67,0,2,60,2,64,14,7,108,2,131,134,0,134,265
10/17/2016,JQF,NC,ASO,ES,Federal Contract Tower,16,11,36,0,63,0,4,101,0,105,16,15,137,0,168,170,0,170,338
10/18/2016,JQF,NC,ASO,ES,Federal Contract Tower,3,6,29,2,40,0,19,82,3,104,3,25,111,5,144,152,0,152,296
10/19/2016,JQF,NC,ASO,ES,Federal Contract Tower,12,4,52,1,69,2,12,109,2,125,14,16,161,3,194,22,0,22,216
10/20/2016,JQF,NC,ASO,ES,Federal Contract Tower,17,14,46,0,77,0,21,140,0,161,17,35,186,0,238,100,0,100,338
10/21/2016,JQF,NC,ASO,ES,Federal Contract Tower,7,7,43,0,57,0,6,50,0,56,7,13,93,0,113,22,0,22,135
10/22/2016,JQF,NC,ASO,ES,Federal Contract Tower,9,0,24,0,33,0,15,64,1,80,9,15,88,1,113,48,0,48,161
10/23/2016,JQF,NC,ASO,ES,Federal Contract Tower,16,9,43,0,68,0,8,84,0,92,16,17,127,0,160,202,0,202,362
10/24/2016,JQF,NC,ASO,ES,Federal Contract Tower,6,5,39,0,50,0,18,72,0,90,6,23,111,0,140,46,0,46,186
10/25/2016,JQF,NC,ASO,ES,Federal Contract Tower,2,12,42,0,56,0,16,80,0,96,2,28,122,0,152,60,0,60,212
10/26/2016,JQF,NC,ASO,ES,Federal Contract Tower,7,15,50,0,72,0,18,70,0,88,7,33,120,0,160,110,0,110,270
10/27/2016,JQF,NC,ASO,ES,Federal Contract Tower,3,8,51,1,63,0,39,68,0,107,3,47,119,1,170,66,0,66,236
10/28/2016,JQF,NC,ASO,ES,Federal Contract Tower,6,4,38,0,48,0,3,79,1,83,6,7,117,1,131,82,0,82,213
10/29/2016,JQF,NC,ASO,ES,Federal Contract Tower,4,0,28,0,32,0,7,63,4,74,4,7,91,4,106,28,0,28,134
10/30/2016,JQF,NC,ASO,ES,Federal Contract Tower,2,2,38,0,42,0,7,70,2,79,2,9,108,2,121,42,0,42,163
10/31/2016,JQF,NC,ASO,ES,Federal Contract Tower,6,12,15,0,33,0,22,69,0,91,6,34,84,0,124,46,0,46,170
11/01/2016,JQF,NC,ASO,ES,Federal Contract Tower,0,12,29,0,41,0,0,3,0,3,0,12,32,0,44,6,0,6,50
11/02/2016,JQF,NC,ASO,ES,Federal Contract Tower,8,14,33,0,55,0,23,93,2,118,8,37,126,2,173,32,4,36,209
11/03/2016,JQF,NC,ASO,ES,Federal Contract Tower,13,13,48,0,74,0,19,109,2,130,13,32,157,2,204,80,0,80,284
11/04/2016,JQF,NC,ASO,ES,Federal Contract Tower,8,3,44,0,55,0,15,42,0,57,8,18,86,0,112,12,0,12,124
11/05/2016,JQF,NC,ASO,ES,Federal Contract Tower,11,4,18,1,34,0,4,100,6,110,11,8,118,7,144,68,0,68,212
11/06/2016,JQF,NC,ASO,ES,Federal Contract Tower,2,0,20,0,22,0,17,68,2,87,2,17,88,2,109,44,0,44,153
11/07/2016,JQF,NC,ASO,ES,Federal Contract Tower,7,5,47,0,59,0,10,68,4,82,7,15,115,4,141,76,0,76,217
11/08/2016,JQF,NC,ASO,ES,Federal Contract Tower,0,12,21,0,33,0,18,69,0,87,0,30,90,0,120,118,0,118,238
11/09/2016,JQF,NC,ASO,ES,Federal Contract Tower,9,11,21,0,41,0,10,53,0,63,9,21,74,0,104,14,0,14,118
11/10/2016,JQF,NC,ASO,ES,Federal Contract Tower,10,13,39,0,62,0,12,84,0,96,10,25,123,0,158,44,0,44,202
11/11/2016,JQF,NC,ASO,ES,Federal Contract Tower,6,7,47,0,60,0,4,88,3,95,6,11,135,3,155,66,0,66,221
11/12/2016,JQF,NC,ASO,ES,Federal Contract Tower,7,5,31,0,43,0,2,67,4,73,7,7,98,4,116,16,20,36,152
11/13/2016,JQF,NC,ASO,ES,Federal Contract Tower,2,1,33,0,36,0,2,27,3,32,2,3,60,3,68,24,8,32,100
11/14/2016,JQF,NC,ASO,ES,Federal Contract Tower,8,13,28,0,49,0,7,62,0,69,8,20,90,0,118,56,0,56,174
11/15/2016,JQF,NC,ASO,ES,Federal Contract Tower,0,6,30,0,36,0,22,88,0,110,0,28,118,0,146,26,0,26,172
11/16/2016,JQF,NC,ASO,ES,Federal Contract Tower,8,9,54,0,71,0,20,43,4,67,8,29,97,4,138,34,0,34,172
11/17/2016,JQF,NC,ASO,ES,Federal Contract Tower,12,12,45,0,69,0,46,101,0,147,12,58,146,0,216,80,0,80,296
11/18/2016,JQF,NC,ASO,ES,Federal Contract Tower,6,6,32,2,46,0,7,88,0,95,6,13,120,2,141,100,0,100,241
11/19/2016,JQF,NC,ASO,ES,Federal Contract Tower,9,0,23,0,32,0,5,29,0,34,9,5,52,0,66,4,0,4,70
11/20/2016,JQF,NC,ASO,ES,Federal Contract Tower,7,0,25,2,34,0,10,61,0,71,7,10,86,2,105,34,0,34,139
11/21/2016,JQF,NC,ASO,ES,Federal Contract Tower,9,6,26,0,41,0,8,58,0,66,9,14,84,0,107,46,0,46,153
11/22/2016,JQF,NC,ASO,ES,Federal Contract Tower,6,21,32,0,59,0,13,89,0,102,6,34,121,0,161,60,0,60,221
11/23/2016,JQF,NC,ASO,ES,Federal Contract Tower,6,10,38,0,54,0,9,95,0,104,6,19,133,0,158,36,0,36,194
11/24/2016,JQF,NC,ASO,ES,Federal Contract Tower,4,4,8,0,16,0,8,21,0,29,4,12,29,0,45,2,0,2,47
11/25/2016,JQF,NC,ASO,ES,Federal Contract Tower,8,4,22,0,34,0,3,62,0,65,8,7,84,0,99,20,0,20,119
11/26/2016,JQF,NC,ASO,ES,Federal Contract Tower,7,6,27,0,40,0,7,52,0,59,7,13,79,0,99,76,0,76,175
11/27/2016,JQF,NC,ASO,ES,Federal Contract Tower,4,7,31,0,42,0,17,77,0,94,4,24,108,0,136,76,0,76,212
11/28/2016,JQF,NC,ASO,ES,Federal Contract Tower,8,5,27,0,40,0,9,71,0,80,8,14,98,0,120,90,0,90,210
11/29/2016,JQF,NC,ASO,ES,Federal Contract Tower,4,6,16,0,26,0,0,0,0,0,4,6,16,0,26,0,0,0,26
11/30/2016,JQF,NC,ASO,ES,Federal Contract Tower,6,6,27,0,39,0,0,5,0,5,6,6,32,0,44,0,0,0,44
12/01/2016,JQF,NC,ASO,ES,Federal Contract Tower,5,10,46,0,61,0,6,73,0,79,5,16,119,0,140,68,0,68,208
12/02/2016,JQF,NC,ASO,ES,Federal Contract Tower,6,7,23,0,36,0,20,85,0,105,6,27,108,0,141,80,0,80,221
12/03/2016,JQF,NC,ASO,ES,Federal Contract Tower,6,3,26,0,35,0,15,78,4,97,6,18,104,4,132,68,0,68,200
12/04/2016,JQF,NC,ASO,ES,Federal Contract Tower,5,3,19,0,27,0,0,0,0,0,5,3,19,0,27,0,0,0,27
12/05/2016,JQF,NC,ASO,ES,Federal Contract Tower,7,10,24,0,41,0,7,43,0,50,7,17,67,0,91,28,0,28,119
12/06/2016,JQF,NC,ASO,ES,Federal Contract Tower,2,5,22,0,29,0,0,0,0,0,2,5,22,0,29,0,0,0,29
12/07/2016,JQF,NC,ASO,ES,Federal Contract Tower,6,10,54,0,70,0,8,63,0,71,6,18,117,0,141,74,0,74,215
12/08/2016,JQF,NC,ASO,ES,Federal Contract Tower,6,13,37,0,56,0,30,44,0,74,6,43,81,0,130,28,0,28,158
12/09/2016,JQF,NC,ASO,ES,Federal Contract Tower,6,9,36,0,51,0,4,68,0,72,6,13,104,0,123,68,0,68,191
12/11/2016,JQF,NC,ASO,ES,Federal Contract Tower,4,1,30,0,35,0,5,27,0,32,4,6,57,0,67,26,0,26,93
12/12/2016,JQF,NC,ASO,ES,Federal Contract Tower,7,4,33,0,44,0,1,14,0,15,7,5,47,0,59,14,0,14,73
12/13/2016,JQF,NC,ASO,ES,Federal Contract Tower,4,13,40,0,57,0,6,25,0,31,4,19,65,0,88,0,0,0,88
12/14/2016,JQF,NC,ASO,ES,Federal Contract Tower,2,11,48,0,61,0,6,54,0,60,2,17,102,0,121,88,0,88,209
12/15/2016,JQF,NC,ASO,ES,Federal Contract Tower,4,6,41,0,51,0,2,58,4,64,4,8,99,4,115,60,10,70,185
12/16/2016,JQF,NC,ASO,ES,Federal Contract Tower,6,12,45,4,67,0,21,63,0,84,6,33,108,4,151,82,0,82,233
12/17/2016,JQF,NC,ASO,ES,Federal Contract Tower,5,3,11,0,19,0,10,4,0,14,5,13,15,0,33,6,0,6,39
12/18/2016,JQF,NC,ASO,ES,Federal Contract Tower,6,8,14,0,28,0,2,3,0,5,6,10,17,0,33,12,0,12,45
12/19/2016,JQF,NC,ASO,ES,Federal Contract Tower,4,7,43,0,54,0,5,14,0,19,4,12,57,0,73,0,0,0,73
12/20/2016,JQF,NC,ASO,ES,Federal Contract Tower,6,13,39,0,58,0,10,55,0,65,6,23,94,0,123,132,0,132,255
12/21/2016,JQF,NC,ASO,ES,Federal Contract Tower,4,11,37,0,52,0,13,68,0,81,4,24,105,0,133,50,0,50,183
12/22/2016,JQF,NC,ASO,ES,Federal Contract Tower,6,4,34,0,44,0,11,75,0,86,6,15,109,0,130,60,0,60,190
12/23/2016,JQF,NC,ASO,ES,Federal Contract Tower,6,5,19,0,30,0,4,68,2,74,6,9,87,2,104,84,0,84,188
12/24/2016,JQF,NC,ASO,ES,Federal Contract Tower,6,2,16,0,24,0,1,13,3,17,6,3,29,3,41,12,6,18,59
12/25/2016,JQF,NC,ASO,ES,Federal Contract Tower,8,0,9,0,17,0,5,11,0,16,8,5,20,0,33,8,0,8,41
12/26/2016,JQF,NC,ASO,ES,Federal Contract Tower,4,4,28,0,36,0,5,11,0,16,4,9,39,0,52,52,0,52,104
12/27/2016,JQF,NC,ASO,ES,Federal Contract Tower,8,5,23,0,36,0,2,10,0,12,8,7,33,0,48,0,0,0,48
12/28/2016,JQF,NC,ASO,ES,Federal Contract Tower,4,6,20,2,32,0,6,85,8,99,4,12,105,10,131,86,0,86,217
12/29/2016,JQF,NC,ASO,ES,Federal Contract Tower,2,8,17,5,32,0,8,17,0,25,2,16,34,5,57,0,0,0,57
12/30/2016,JQF,NC,ASO,ES,Federal Contract Tower,8,5,25,0,38,0,5,41,0,46,8,10,66,0,84,14,0,14,98
12/31/2016,JQF,NC,ASO,ES,Federal Contract Tower,6,8,8,0,22,0,2,45,6,53,6,10,53,6,75,48,0,48,123
01/01/2017,JQF,NC,ASO,ES,Federal Contract Tower,7,1,16,0,24,0,0,0,0,0,7,1,16,0,24,0,0,0,24
01/02/2017,JQF,NC,ASO,ES,Federal Contract Tower,5,3,21,0,29,0,0,0,0,0,5,3,21,0,29,0,0,0,29
01/03/2017,JQF,NC,ASO,ES,Federal Contract Tower,1,7,12,0,20,0,0,0,0,0,1,7,12,0,20,0,0,0,20
01/04/2017,JQF,NC,ASO,ES,Federal Contract Tower,4,3,33,0,40,0,8,66,0,74,4,11,99,0,114,4,0,4,118
01/05/2017,JQF,NC,ASO,ES,Federal Contract Tower,4,1,33,0,38,0,10,83,0,93,4,11,116,0,131,72,0,72,203
01/06/2017,JQF,NC,ASO,ES,Federal Contract Tower,6,1,28,0,35,0,3,32,3,38,6,4,60,3,73,72,0,72,145
01/07/2017,JQF,NC,ASO,ES,Federal Contract Tower,5,2,2,0,9,0,2,0,1,3,5,4,2,1,12,0,0,0,12
01/08/2017,JQF,NC,ASO,ES,Federal Contract Tower,6,0,20,0,26,0,8,18,0,26,6,8,38,0,52,32,0,32,84
01/09/2017,JQF,NC,ASO,ES,Federal Contract Tower,6,6,33,0,45,0,17,38,0,55,6,23,71,0,100,18,0,18,118
01/11/2017,JQF,NC,ASO,ES,Federal Contract Tower,4,11,40,0,55,0,3,31,0,34,4,14,71,0,89,20,0,20,109
01/12/2017,JQF,NC,ASO,ES,Federal Contract Tower,4,6,36,0,46,0,12,55,1,68,4,18,91,1,114,18,0,18,132
01/13/2017,JQF,NC,ASO,ES,Federal Contract Tower,7,7,49,1,64,0,17,97,5,119,7,24,146,6,183,34,0,34,217
01/14/2017,JQF,NC,ASO,ES,Federal Contract Tower,10,0,22,0,32,0,1,23,6,30,10,1,45,6,62,50,0,50,112
01/15/2017,JQF,NC,ASO,ES,Federal Contract Tower,5,2,24,0,31,0,9,55,0,64,5,11,79,0,95,76,0,76,171
01/16/2017,JQF,NC,ASO,ES,Federal Contract Tower,7,5,23,0,35,0,0,0,0,0,7,5,23,0,35,0,0,0,35
01/17/2017,JQF,NC,ASO,ES,Federal Contract Tower,4,4,39,0,47,0,3,37,0,40,4,7,76,0,87,46,0,46,133
01/18/2017,JQF,NC,ASO,ES,Federal Contract Tower,6,8,43,0,57,0,19,72,0,91,6,27,115,0,148,34,0,34,182
01/19/2017,JQF,NC,ASO,ES,Federal Contract Tower,4,11,43,0,58,0,8,96,4,108,4,19,139,4,166,142,0,142,308
01/20/2017,JQF,NC,ASO,ES,Federal Contract Tower,6,7,33,0,46,0,0,0,0,0,6,7,33,0,46,0,0,0,46
01/21/2017,JQF,NC,ASO,ES,Federal Contract Tower,6,0,10,0,16,0,0,0,0,0,6,0,10,0,16,0,0,0,16
01/22/2017,JQF,NC,ASO,ES,Federal Contract Tower,4,1,16,0,21,0,0,2,0,2,4,1,18,0,23,24,0,24,47
01/23/2017,JQF,NC,ASO,ES,Federal Contract Tower,8,11,20,0,39,0,5,16,0,21,8,16,36,0,60,16,0,16,76
01/24/2017,JQF,NC,ASO,ES,Federal Contract Tower,7,11,37,0,55,0,4,69,8,81,7,15,106,8,136,46,8,54,190
01/25/2017,JQF,NC,ASO,ES,Federal Contract Tower,4,6,28,0,38,0,15,77,3,95,4,21,105,3,133,38,0,38,171
01/26/2017,JQF,NC,ASO,ES,Federal Contract Tower,0,10,30,0,40,0,12,23,2,37,0,22,53,2,77,6,0,6,83
01/27/2017,JQF,NC,ASO,ES,Federal Contract Tower,11,8,39,0,58,0,27,70,1,98,11,35,109,1,156,80,0,80,236
01/28/2017,JQF,NC,ASO,ES,Federal Contract Tower,7,1,25,2,35,0,2,107,5,114,7,3,132,7,149,92,0,92,241
01/29/2017,JQF,NC,ASO,ES,Federal Contract Tower,4,2,23,0,29,0,10,70,0,80,4,12,93,0,109,72,0,72,181
01/30/2017,JQF,NC,ASO,ES,Federal Contract Tower,13,10,25,0,48,0,13,68,0,81,13,23,93,0,129,52,0,52,181
01/31/2017,JQF,NC,ASO,ES,Federal Contract Tower,6,11,32,1,50,0,14,54,4,72,6,25,86,5,122,34,0,34,156
02/01/2017,JQF,NC,ASO,ES,Federal Contract Tower,4,11,22,0,37,0,9,83,0,92,4,20,105,0,129,46,0,46,175
02/02/2017,JQF,NC,ASO,ES,Federal Contract Tower,5,7,32,1,45,2,8,88,3,101,7,15,120,4,146,156,2,158,304
02/03/2017,JQF,NC,ASO,ES,Federal Contract Tower,6,11,17,0,34,0,7,17,0,24,6,18,34,0,58,110,0,110,168
02/04/2017,JQF,NC,ASO,ES,Federal Contract Tower,7,1,22,0,30,0,15,112,1,128,7,16,134,1,158,86,0,86,244
02/05/2017,JQF,NC,ASO,ES,Federal Contract Tower,4,1,13,0,18,0,9,88,0,97,4,10,101,0,115,86,0,86,201
02/06/2017,JQF,NC,ASO,ES,Federal Contract Tower,6,14,43,0,63,0,6,129,0,135,6,20,172,0,198,114,0,114,312
02/07/2017,JQF,NC,ASO,ES,Federal Contract Tower,5,7,42,0,54,0,7,29,2,38,5,14,71,2,92,20,0,20,112
02/08/2017,JQF,NC,ASO,ES,Federal Contract Tower,4,11,33,0,48,0,6,41,0,47,4,17,74,0,95,68,0,68,163
02/09/2017,JQF,NC,ASO,ES,Federal Contract Tower,8,3,22,0,33,0,7,14,2,23,8,10,36,2,56,6,0,6,62
02/10/2017,JQF,NC,ASO,ES,Federal Contract Tower,8,7,26,0,41,0,10,119,4,133,8,17,145,4,174,152,0,152,326
02/11/2017,JQF,NC,ASO,ES,Federal Contract Tower,10,2,36,0,48,0,2,102,4,108,10,4,138,4,156,62,0,62,218
02/12/2017,JQF,NC,ASO,ES,Federal Contract Tower,4,4,18,0,26,0,11,22,2,35,4,15,40,2,61,4,0,4,65
02/13/2017,JQF,NC,ASO,ES,Federal Contract Tower,10,5,29,0,44,0,6,78,4,88,10,11,107,4,132,122,0,122,254
02/14/2017,JQF,NC,ASO,ES,Federal Contract Tower,7,7,35,0,49,0,13,74,4,91,7,20,109,4,140,56,8,64,204
02/15/2017,JQF,NC,ASO,ES,Federal Contract Tower,5,10,43,0,58,0,2,16,0,18,5,12,59,0,76,44,0,44,120
02/16/2017,JQF,NC,ASO,ES,Federal Contract Tower,9,9,46,0,64,0,13,75,14,102,9,22,121,14,166,38,0,38,204
02/17/2017,JQF,NC,ASO,ES,Federal Contract Tower,14,11,40,0,65,0,9,144,5,158,14,20,184,5,223,104,4,108,331
02/18/2017,JQF,NC,ASO,ES,Federal Contract Tower,12,1,25,0,38,0,10,65,1,76,12,11,90,1,114,72,0,72,186
02/19/2017,JQF,NC,ASO,ES,Federal Contract Tower,15,3,29,0,47,0,7,82,2,91,15,10,111,2,138,90,0,90,228
02/20/2017,JQF,NC,ASO,ES,Federal Contract Tower,3,12,39,0,54,0,8,116,0,124,3,20,155,0,178,86,0,86,264
02/21/2017,JQF,NC,ASO,ES,Federal Contract Tower,8,5,24,0,37,0,13,94,0,107,8,18,118,0,144,30,0,30,174
02/22/2017,JQF,NC,ASO,ES,Federal Contract Tower,14,10,29,0,53,0,9,55,0,64,14,19,84,0,117,130,0,130,247
02/23/2017,JQF,NC,ASO,ES,Federal Contract Tower,8,9,40,0,57,0,11,82,0,93,8,20,122,0,150,130,0,130,280
02/24/2017,JQF,NC,ASO,ES,Federal Contract Tower,9,7,27,0,43,0,5,83,2,90,9,12,110,2,133,168,0,168,301
02/25/2017,JQF,NC,ASO,ES,Federal Contract Tower,11,1,13,0,25,0,3,25,0,28,11,4,38,0,53,8,0,8,61
02/26/2017,JQF,NC,ASO,ES,Federal Contract Tower,13,2,35,0,50,0,10,118,2,130,13,12,153,2,180,60,0,60,240
02/27/2017,JQF,NC,ASO,ES,Federal Contract Tower,10,10,33,2,55,0,8,74,6,88,10,18,107,8,143,72,0,72,215
02/28/2017,JQF,NC,ASO,ES,Federal Contract Tower,7,15,42,2,66,0,27,64,0,91,7,42,106,2,157,84,0,84,241
03/01/2017,JQF,NC,ASO,ES,Federal Contract Tower,4,8,19,0,31,0,3,14,0,17,4,11,33,0,48,0,0,0,48
03/02/2017,JQF,NC,ASO,ES,Federal Contract Tower,13,13,35,0,61,0,7,48,0,55,13,20,83,0,116,18,0,18,134
03/03/2017,JQF,NC,ASO,ES,Federal Contract Tower,8,3,25,0,36,0,8,44,0,52,8,11,69,0,88,28,0,28,116
03/04/2017,JQF,NC,ASO,ES,Federal Contract Tower,10,0,15,0,25,0,11,90,1,102,10,11,105,1,127,32,0,32,159
03/05/2017,JQF,NC,ASO,ES,Federal Contract Tower,19,3,26,0,48,0,4,83,5,92,19,7,109,5,140,94,0,94,234
03/06/2017,JQF,NC,ASO,ES,Federal Contract Tower,6,6,47,0,59,0,16,62,0,78,6,22,109,0,137,106,0,106,243
03/07/2017,JQF,NC,ASO,ES,Federal Contract Tower,6,13,21,0,40,0,12,29,2,43,6,25,50,2,83,50,0,50,133
03/08/2017,JQF,NC,ASO,ES,Federal Contract Tower,4,4,23,0,31,0,9,84,4,97,4,13,107,4,128,92,0,92,220
03/09/2017,JQF,NC,ASO,ES,Federal Contract Tower,13,7,39,0,59,0,8,80,0,88,13,15,119,0,147,66,0,66,213
03/10/2017,JQF,NC,ASO,ES,Federal Contract Tower,4,7,24,0,35,0,6,46,2,54,4,13,70,2,89,18,0,18,107
03/11/2017,JQF,NC,ASO,ES,Federal Contract Tower,11,4,11,0,26,0,8,63,0,71,11,12,74,0,97,96,0,96,193
03/12/2017,JQF,NC,ASO,ES,Federal Contract Tower,7,3,12,0,22,0,4,16,0,20,7,7,28,0,42,26,0,26,68
03/13/2017,JQF,NC,ASO,ES,Federal Contract Tower,6,7,24,0,37,0,5,26,0,31,6,12,50,0,68,10,0,10,78
03/14/2017,JQF,NC,ASO,ES,Federal Contract Tower,6,6,21,0,33,0,15,24,3,42,6,21,45,3,75,8,6,14,89
03/15/2017,JQF,NC,ASO,ES,Federal Contract Tower,5,5,22,0,32,0,5,34,0,39,5,10,56,0,71,10,0,10,81
03/16/2017,JQF,NC,ASO,ES,Federal Contract Tower,12,8,57,0,77,0,13,76,2,91,12,21,133,2,168,94,0,94,262
03/17/2017,JQF,NC,ASO,ES,Federal Contract Tower,6,7,32,0,45,0,5,79,5,89,6,12,111,5,134,84,0,84,218
03/18/2017,JQF,NC,ASO,ES,Federal Contract Tower,7,2,19,0,28,0,0,35,0,35,7,2,54,0,63,78,0,78,141
03/19/2017,JQF,NC,ASO,ES,Federal Contract Tower,5,7,19,0,31,0,3,57,0,60,5,10,76,0,91,82,0,82,173
03/20/2017,JQF,NC,ASO,ES,Federal Contract Tower,7,6,35,0,48,0,6,75,0,81,7,12,110,0,129,86,0,86,215
03/21/2017,JQF,NC,ASO,ES,Federal Contract Tower,4,4,33,0,41,0,12,85,0,97,4,16,118,0,138,144,0,144,282
03/22/2017,JQF,NC,ASO,ES,Federal Contract Tower,4,4,31,0,39,0,6,46,0,52,4,10,77,0,91,42,0,42,133
03/23/2017,JQF,NC,ASO,ES,Federal Contract Tower,7,8,32,0,47,0,4,107,0,111,7,12,139,0,158,136,0,136,294
03/24/2017,JQF,NC,ASO,ES,Federal Contract Tower,8,6,35,0,49,0,3,69,2,74,8,9,104,2,123,48,0,48,171
03/25/2017,JQF,NC,ASO,ES,Federal Contract Tower,7,0,32,1,40,0,3,65,4,72,7,3,97,5,112,58,0,58,170
03/26/2017,JQF,NC,ASO,ES,Federal Contract Tower,5,2,22,0,29,0,8,16,0,24,5,10,38,0,53,16,0,16,69
03/27/2017,JQF,NC,ASO,ES,Federal Contract Tower,13,8,32,2,55,0,15,43,0,58,13,23,75,2,113,68,0,68,181
03/28/2017,JQF,NC,ASO,ES,Federal Contract Tower,5,8,44,1,58,0,13,59,2,74,5,21,103,3,132,38,0,38,170
03/29/2017,JQF,NC,ASO,ES,Federal Contract Tower,4,11,59,0,74,0,3,106,4,113,4,14,165,4,187,52,8,60,247
03/30/2017,JQF,NC,ASO,ES,Federal Contract Tower,5,9,37,0,51,0,0,7,0,7,5,9,44,0,58,4,0,4,62
03/31/2017,JQF,NC,ASO,ES,Federal Contract Tower,2,9,30,0,41,0,12,19,0,31,2,21,49,0,72,6,0,6,78
04/01/2017,JQF,NC,ASO,ES,Federal Contract Tower,9,3,25,0,37,0,8,80,1,89,9,11,105,1,126,98,0,98,224
04/02/2017,JQF,NC,ASO,ES,Federal Contract Tower,4,0,41,0,45,0,6,86,2,94,4,6,127,2,139,106,0,106,245
04/03/2017,JQF,NC,ASO,ES,Federal Contract Tower,8,9,34,0,51,0,0,1,0,1,8,9,35,0,52,0,0,0,52
04/04/2017,JQF,NC,ASO,ES,Federal Contract Tower,4,13,28,0,45,0,5,69,0,74,4,18,97,0,119,204,0,204,323
04/05/2017,JQF,NC,ASO,ES,Federal Contract Tower,4,8,20,0,32,0,0,15,2,17,4,8,35,2,49,34,0,34,83
04/06/2017,JQF,NC,ASO,ES,Federal Contract Tower,11,14,30,0,55,0,4,10,0,14,11,18,40,0,69,40,0,40,109
04/07/2017,JQF,NC,ASO,ES,Federal Contract Tower,10,6,23,0,39,0,5,27,0,32,10,11,50,0,71,96,0,96,167
04/08/2017,JQF,NC,ASO,ES,Federal Contract Tower,10,3,23,0,36,0,10,102,3,115,10,13,125,3,151,752,0,752,903
04/09/2017,JQF,NC,ASO,ES,Federal Contract Tower,14,7,30,0,51,0,3,104,6,113,14,10,134,6,164,688,0,688,852
04/10/2017,JQF,NC,ASO,ES,Federal Contract Tower,9,10,50,0,69,0,18,97,0,115,9,28,147,0,184,70,0,70,254
04/11/2017,JQF,NC,ASO,ES,Federal Contract Tower,4,14,42,0,60,0,26,124,12,162,4,40,166,12,222,82,0,82,304
04/12/2017,JQF,NC,ASO,ES,Federal Contract Tower,7,10,45,3,65,0,29,120,2,151,7,39,165,5,216,86,0,86,302
04/13/2017,JQF,NC,ASO,ES,Federal Contract Tower,4,17,50,0,71,0,21,91,0,112,4,38,141,0,183,54,2,56,239
04/14/2017,JQF,NC,ASO,ES,Federal Contract Tower,6,8,43,0,57,0,6,127,5,138,6,14,170,5,195,82,0,82,277
04/15/2017,JQF,NC,ASO,ES,Federal Contract Tower,7,3,11,0,21,0,4,60,0,64,7,7,71,0,85,28,0,28,113
04/16/2017,JQF,NC,ASO,ES,Federal Contract Tower,6,4,13,0,23,0,0,22,0,22,6,4,35,0,45,0,0,0,45
04/17/2017,JQF,NC,ASO,ES,Federal Contract Tower,6,6,31,0,43,0,0,56,0,56,6,6,87,0,99,54,0,54,153
04/18/2017,JQF,NC,ASO,ES,Federal Contract Tower,4,10,33,8,55,0,7,45,0,52,4,17,78,8,107,100,0,100,207
04/19/2017,JQF,NC,ASO,ES,Federal Contract Tower,4,8,38,2,52,0,0,0,0,0,4,8,38,2,52,0,0,0,52
04/20/2017,JQF,NC,ASO,ES,Federal Contract Tower,7,11,41,4,63,0,4,90,0,94,7,15,131,4,157,130,0,130,287
04/21/2017,JQF,NC,ASO,ES,Federal Contract Tower,10,7,69,0,86,0,10,121,6,137,10,17,190,6,223,80,0,80,303
04/22/2017,JQF,NC,ASO,ES,Federal Contract Tower,9,1,20,0,30,0,1,65,0,66,9,2,85,0,96,46,0,46,142
04/23/2017,JQF,NC,ASO,ES,Federal Contract Tower,1,1,25,0,27,0,0,0,0,0,1,1,25,0,27,0,0,0,27
04/24/2017,JQF,NC,ASO,ES,Federal Contract Tower,14,9,20,0,43,0,0,0,0,0,14,9,20,0,43,0,0,0,43
04/25/2017,JQF,NC,ASO,ES,Federal Contract Tower,8,8,42,0,58,0,5,3,0,8,8,13,45,0,66,26,0,26,92
04/26/2017,JQF,NC,ASO,ES,Federal Contract Tower,8,10,52,0,70,0,3,117,15,135,8,13,169,15,205,226,0,226,431
04/27/2017,JQF,NC,ASO,ES,Federal Contract Tower,13,10,31,0,54,0,6,35,0,41,13,16,66,0,95,78,0,78,173
04/28/2017,JQF,NC,ASO,ES,Federal Contract Tower,10,9,55,0,74,0,16,92,3,111,10,25,147,3,185,84,0,84,269
04/29/2017,JQF,NC,ASO,ES,Federal Contract Tower,10,6,34,3,53,0,9,114,0,123,10,15,148,3,176,76,0,76,252
04/30/2017,JQF,NC,ASO,ES,Federal Contract Tower,17,4,55,0,76,0,12,54,0,66,17,16,109,0,142,12,0,12,154
05/01/2017,JQF,NC,ASO,ES,Federal Contract Tower,6,6,21,0,33,0,2,2,0,4,6,8,23,0,37,2,0,2,39
05/02/2017,JQF,NC,ASO,ES,Federal Contract Tower,5,6,46,0,57,0,20,79,2,101,5,26,125,2,158,90,0,90,248
05/03/2017,JQF,NC,ASO,ES,Federal Contract Tower,6,9,46,1,62,0,6,104,0,110,6,15,150,1,172,110,0,110,282
05/04/2017,JQF,NC,ASO,ES,Federal Contract Tower,17,10,25,0,52,0,4,45,0,49,17,14,70,0,101,46,0,46,147
05/05/2017,JQF,NC,ASO,ES,Federal Contract Tower,8,7,44,0,59,0,33,43,0,76,8,40,87,0,135,2,0,2,137
05/06/2017,JQF,NC,ASO,ES,Federal Contract Tower,12,0,27,0,39,0,5,34,0,39,12,5,61,0,78,90,0,90,168
05/07/2017,JQF,NC,ASO,ES,Federal Contract Tower,20,3,44,5,72,0,1,64,0,65,20,4,108,5,137,42,0,42,179
05/08/2017,JQF,NC,ASO,ES,Federal Contract Tower,6,8,31,0,45,0,3,58,0,61,6,11,89,0,106,64,0,64,170
05/09/2017,JQF,NC,ASO,ES,Federal Contract Tower,7,7,42,0,56,0,10,60,0,70,7,17,102,0,126,198,0,198,324
05/10/2017,JQF,NC,ASO,ES,Federal Contract Tower,9,14,43,2,68,1,7,105,3,116,10,21,148,5,184,136,0,136,320
05/11/2017,JQF,NC,ASO,ES,Federal Contract Tower,10,22,53,0,85,0,66,63,9,138,10,88,116,9,223,46,2,48,271
05/12/2017,JQF,NC,ASO,ES,Federal Contract Tower,5,7,39,0,51,0,0,0,0,0,5,7,39,0,51,0,0,0,51
05/13/2017,JQF,NC,ASO,ES,Federal Contract Tower,10,2,22,2,36,0,0,27,4,31,10,2,49,6,67,56,0,56,123
05/14/2017,JQF,NC,ASO,ES,Federal Contract Tower,4,7,22,0,33,0,5,89,0,94,4,12,111,0,127,60,0,60,187
05/15/2017,JQF,NC,ASO,ES,Federal Contract Tower,8,6,23,1,38,0,22,128,2,152,8,28,151,3,190,88,0,88,278
05/16/2017,JQF,NC,ASO,ES,Federal Contract Tower,8,8,43,0,59,0,16,131,3,150,8,24,174,3,209,84,0,84,293
05/17/2017,JQF,NC,ASO,ES,Federal Contract Tower,5,9,40,0,54,0,15,102,5,122,5,24,142,5,176,132,0,132,308
05/18/2017,JQF,NC,ASO,ES,Federal Contract Tower,5,13,46,0,64,0,12,61,0,73,5,25,107,0,137,54,0,54,191
05/19/2017,JQF,NC,ASO,ES,Federal Contract Tower,6,13,30,1,50,0,17,84,0,101,6,30,114,1,151,128,0,128,279
05/20/2017,JQF,NC,ASO,ES,Federal Contract Tower,7,7,34,0,48,0,149,70,0,219,7,156,104,0,267,56,0,56,323
05/21/2017,JQF,NC,ASO,ES,Federal Contract Tower,4,13,20,1,38,0,3,3,0,6,4,16,23,1,44,0,0,0,44
05/22/2017,JQF,NC,ASO,ES,Federal Contract Tower,7,6,30,0,43,0,1,43,0,44,7,7,73,0,87,102,0,102,189
05/23/2017,JQF,NC,ASO,ES,Federal Contract Tower,4,10,31,2,47,0,0,0,0,0,4,10,31,2,47,0,0,0,47
05/24/2017,JQF,NC,ASO,ES,Federal Contract Tower,5,8,22,2,37,0,4,9,0,13,5,12,31,2,50,14,0,14,64
05/25/2017,JQF,NC,ASO,ES,Federal Contract Tower,4,9,36,10,59,0,14,47,6,67,4,23,83,16,126,26,0,26,152
05/26/2017,JQF,NC,ASO,ES,Federal Contract Tower,6,13,46,0,65,0,18,77,20,115,6,31,123,20,180,80,0,80,260
05/27/2017,JQF,NC,ASO,ES,Federal Contract Tower,6,8,19,0,33,0,57,55,2,114,6,65,74,2,147,54,0,54,201
05/28/2017,JQF,NC,ASO,ES,Federal Contract Tower,7,10,30,1,48,0,80,100,11,191,7,90,130,12,239,74,0,74,313
05/29/2017,JQF,NC,ASO,ES,Federal Contract Tower,7,7,31,1,46,0,6,87,3,96,7,13,118,4,142,52,0,52,194
05/30/2017,JQF,NC,ASO,ES,Federal Contract Tower,10,8,34,0,52,0,2,39,0,41,10,10,73,0,93,42,0,42,135
05/31/2017,JQF,NC,ASO,ES,Federal Contract Tower,11,14,51,0,76,1,5,44,0,50,12,19,95,0,126,58,0,58,184
06/01/2017,JQF,NC,ASO,ES,Federal Contract Tower,15,13,59,0,87,0,5,75,0,80,15,18,134,0,167,118,0,118,285
06/02/2017,JQF,NC,ASO,ES,Federal Contract Tower,8,14,38,0,60,0,12,63,0,75,8,26,101,0,135,112,0,112,247
06/03/2017,JQF,NC,ASO,ES,Federal Contract Tower,10,2,28,0,40,0,3,92,4,99,10,5,120,4,139,78,0,78,217
06/04/2017,JQF,NC,ASO,ES,Federal Contract Tower,17,6,46,0,69,0,0,56,0,56,17,6,102,0,125,20,0,20,145
06/05/2017,JQF,NC,ASO,ES,Federal Contract Tower,8,9,38,0,55,0,5,24,0,29,8,14,62,0,84,14,0,14,98
06/06/2017,JQF,NC,ASO,ES,Federal Contract Tower,5,3,51,0,59,0,5,133,0,138,5,8,184,0,197,142,0,142,339
06/07/2017,JQF,NC,ASO,ES,Federal Contract Tower,9,5,44,0,58,0,10,82,0,92,9,15,126,0,150,50,0,50,200
06/08/2017,JQF,NC,ASO,ES,Federal Contract Tower,13,13,46,0,72,0,4,92,0,96,13,17,138,0,168,100,0,100,268
06/09/2017,JQF,NC,ASO,ES,Federal Contract Tower,7,12,36,0,55,0,4,90,6,100,7,16,126,6,155,46,0,46,201
06/10/2017,JQF,NC,ASO,ES,Federal Contract Tower,12,1,17,0,30,0,4,86,2,92,12,5,103,2,122,48,0,48,170
06/11/2017,JQF,NC,ASO,ES,Federal Contract Tower,14,2,41,0,57,0,9,75,2,86,14,11,116,2,143,50,0,50,193
06/12/2017,JQF,NC,ASO,ES,Federal Contract Tower,7,8,33,0,48,0,18,93,0,111,7,26,126,0,159,92,0,92,251
06/13/2017,JQF,NC,ASO,ES,Federal Contract Tower,4,8,27,0,39,0,4,69,0,73,4,12,96,0,112,96,0,96,208
06/14/2017,JQF,NC,ASO,ES,Federal Contract Tower,8,9,48,0,65,0,10,75,0,85,8,19,123,0,150,16,0,16,166
06/15/2017,JQF,NC,ASO,ES,Federal Contract Tower,14,12,54,0,80,0,9,91,0,100,14,21,145,0,180,60,0,60,240
06/16/2017,JQF,NC,ASO,ES,Federal Contract Tower,8,5,39,0,52,0,1,105,0,106,8,6,144,0,158,86,0,86,244
06/17/2017,JQF,NC,ASO,ES,Federal Contract Tower,11,2,18,2,33,0,4,23,0,27,11,6,41,2,60,42,0,42,102
06/18/2017,JQF,NC,ASO,ES,Federal Contract Tower,10,6,30,2,48,0,6,60,0,66,10,12,90,2,114,64,0,64,178
06/19/2017,JQF,NC,ASO,ES,Federal Contract Tower,8,7,29,0,44,0,8,54,0,62,8,15,83,0,106,62,0,62,168
06/20/2017,JQF,NC,ASO,ES,Federal Contract Tower,4,13,31,0,48,0,17,113,0,130,4,30,144,0,178,162,0,162,340
06/21/2017,JQF,NC,ASO,ES,Federal Contract Tower,11,7,39,0,57,0,12,59,0,71,11,19,98,0,128,96,0,96,224
06/22/2017,JQF,NC,ASO,ES,Federal Contract Tower,10,13,28,0,51,0,7,65,0,72,10,20,93,0,123,28,0,28,151
06/23/2017,JQF,NC,ASO,ES,Federal Contract Tower,8,10,31,0,49,0,3,70,0,73,8,13,101,0,122,22,0,22,144
06/24/2017,JQF,NC,ASO,ES,Federal Contract Tower,10,1,6,0,17,0,0,35,2,37,10,1,41,2,54,52,0,52,106
06/25/2017,JQF,NC,ASO,ES,Federal Contract Tower,5,3,25,0,33,0,7,65,2,74,5,10,90,2,107,90,0,90,197
06/26/2017,JQF,NC,ASO,ES,Federal Contract Tower,8,11,25,0,44,0,18,75,0,93,8,29,100,0,137,66,0,66,203
06/27/2017,JQF,NC,ASO,ES,Federal Contract Tower,4,7,39,2,52,0,14,119,1,134,4,21,158,3,186,118,0,118,304
06/28/2017,JQF,NC,ASO,ES,Federal Contract Tower,14,11,40,0,65,0,2,128,1,131,14,13,168,1,196,168,0,168,364
06/29/2017,JQF,NC,ASO,ES,Federal Contract Tower,6,7,50,0,63,0,15,112,3,130,6,22,162,3,193,156,0,156,349
06/30/2017,JQF,NC,ASO,ES,Federal Contract Tower,8,6,26,0,40,0,3,12,0,15,8,9,38,0,55,6,0,6,61
07/01/2017,JQF,NC,ASO,ES,Federal Contract Tower,16,3,44,0,63,0,5,46,0,51,16,8,90,0,114,64,0,64,178
07/02/2017,JQF,NC,ASO,ES,Federal Contract Tower,10,1,19,0,30,0,2,42,0,44,10,3,61,0,74,12,0,12,86
07/03/2017,JQF,NC,ASO,ES,Federal Contract Tower,9,6,16,0,31,0,3,34,0,37,9,9,50,0,68,40,0,40,108
07/04/2017,JQF,NC,ASO,ES,Federal Contract Tower,5,2,9,0,16,0,6,23,0,29,5,8,32,0,45,22,0,22,67
07/05/2017,JQF,NC,ASO,ES,Federal Contract Tower,6,10,34,0,50,0,7,45,0,52,6,17,79,0,102,32,0,32,134
07/06/2017,JQF,NC,ASO,ES,Federal Contract Tower,16,6,34,2,58,0,24,77,4,105,16,30,111,6,163,100,4,104,267
07/07/2017,JQF,NC,ASO,ES,Federal Contract Tower,7,15,26,2,50,0,6,71,0,77,7,21,97,2,127,76,0,76,203
07/08/2017,JQF,NC,ASO,ES,Federal Contract Tower,14,2,24,0,40,0,0,84,0,84,14,2,108,0,124,86,0,86,210
07/09/2017,JQF,NC,ASO,ES,Federal Contract Tower,12,12,34,0,58,0,5,97,2,104,12,17,131,2,162,84,0,84,246
07/10/2017,JQF,NC,ASO,ES,Federal Contract Tower,5,7,35,1,48,0,4,89,11,104,5,11,124,12,152,84,0,84,236
07/11/2017,JQF,NC,ASO,ES,Federal Contract Tower,4,6,48,0,58,0,13,82,4,99,4,19,130,4,157,78,0,78,235
07/12/2017,JQF,NC,ASO,ES,Federal Contract Tower,6,9,45,0,60,0,18,78,2,98,6,27,123,2,158,100,0,100,258
07/13/2017,JQF,NC,ASO,ES,Federal Contract Tower,13,8,46,0,67,0,17,75,2,94,13,25,121,2,161,42,0,42,203
07/14/2017,JQF,NC,ASO,ES,Federal Contract Tower,7,10,31,0,48,0,17,96,17,130,7,27,127,17,178,34,0,34,212
07/15/2017,JQF,NC,ASO,ES,Federal Contract Tower,9,0,11,0,20,0,8,62,0,70,9,8,73,0,90,66,0,66,156
07/16/2017,JQF,NC,ASO,ES,Federal Contract Tower,12,4,24,0,40,0,3,63,0,66,12,7,87,0,106,102,0,102,208
07/17/2017,JQF,NC,ASO,ES,Federal Contract Tower,6,9,34,0,49,0,3,87,0,90,6,12,121,0,139,88,0,88,227
07/18/2017,JQF,NC,ASO,ES,Federal Contract Tower,4,9,57,0,70,0,4,77,0,81,4,13,134,0,151,92,0,92,243
07/19/2017,JQF,NC,ASO,ES,Federal Contract Tower,8,12,55,0,75,0,1,80,0,81,8,13,135,0,156,32,0,32,188
07/20/2017,JQF,NC,ASO,ES,Federal Contract Tower,6,9,41,0,56,0,11,79,0,90,6,20,120,0,146,72,0,72,218
07/21/2017,JQF,NC,ASO,ES,Federal Contract Tower,13,4,44,1,62,0,18,102,1,121,13,22,146,2,183,82,0,82,265
07/22/2017,JQF,NC,ASO,ES,Federal Contract Tower,11,1,13,0,25,0,4,118,1,123,11,5,131,1,148,28,0,28,176
07/23/2017,JQF,NC,ASO,ES,Federal Contract Tower,9,2,19,0,30,0,4,70,0,74,9,6,89,0,104,24,0,24,128
07/24/2017,JQF,NC,ASO,ES,Federal Contract Tower,9,7,30,0,46,0,6,69,0,75,9,13,99,0,121,74,0,74,195
07/25/2017,JQF,NC,ASO,ES,Federal Contract Tower,7,7,35,1,50,0,9,88,1,98,7,16,123,2,148,72,0,72,220
07/26/2017,JQF,NC,ASO,ES,Federal Contract Tower,6,7,52,0,65,0,3,58,5,66,6,10,110,5,131,114,0,114,245
07/27/2017,JQF,NC,ASO,ES,Federal Contract Tower,6,16,59,0,81,0,8,36,0,44,6,24,95,0,125,100,0,100,225
07/28/2017,JQF,NC,ASO,ES,Federal Contract Tower,14,10,32,0,56,0,2,67,7,76,14,12,99,7,132,102,0,102,234
07/29/2017,JQF,NC,ASO,ES,Federal Contract Tower,12,3,17,0,32,0,1,42,9,52,12,4,59,9,84,98,0,98,182
07/30/2017,JQF,NC,ASO,ES,Federal Contract Tower,16,5,34,0,55,0,10,69,1,80,16,15,103,1,135,66,0,66,201
07/31/2017,JQF,NC,ASO,ES,Federal Contract Tower,6,9,27,0,42,0,7,73,0,80,6,16,100,0,122,20,0,20,142
08/01/2017,JQF,NC,ASO,ES,Federal Contract Tower,4,7,39,0,50,0,17,66,2,85,4,24,105,2,135,114,0,114,249
08/02/2017,JQF,NC,ASO,ES,Federal Contract Tower,4,16,53,0,73,0,7,67,2,76,4,23,120,2,149,36,0,36,185
08/03/2017,JQF,NC,ASO,ES,Federal Contract Tower,8,9,42,0,59,0,10,72,6,88,8,19,114,6,147,48,0,48,195
08/04/2017,JQF,NC,ASO,ES,Federal Contract Tower,12,5,45,0,62,0,8,78,4,90,12,13,123,4,152,76,0,76,228
08/05/2017,JQF,NC,ASO,ES,Federal Contract Tower,10,1,18,0,29,0,4,66,0,70,10,5,84,0,99,26,0,26,125
08/06/2017,JQF,NC,ASO,ES,Federal Contract Tower,14,2,36,0,52,0,2,82,3,87,14,4,118,3,139,44,0,44,183
08/07/2017,JQF,NC,ASO,ES,Federal Contract Tower,4,5,35,0,44,0,2,11,0,13,4,7,46,0,57,8,0,8,65
08/08/2017,JQF,NC,ASO,ES,Federal Contract Tower,6,6,35,0,47,0,4,53,0,57,6,10,88,0,104,46,0,46,150
08/09/2017,JQF,NC,ASO,ES,Federal Contract Tower,4,3,36,1,44,0,8,61,2,71,4,11,97,3,115,106,0,106,221
08/10/2017,JQF,NC,ASO,ES,Federal Contract Tower,13,7,39,0,59,0,3,55,0,58,13,10,94,0,117,56,0,56,173
08/11/2017,JQF,NC,ASO,ES,Federal Contract Tower,8,8,26,0,42,0,2,28,0,30,8,10,54,0,72,42,0,42,114
08/12/2017,JQF,NC,ASO,ES,Federal Contract Tower,14,5,8,0,27,0,3,25,0,28,14,8,33,0,55,22,0,22,77
08/13/2017,JQF,NC,ASO,ES,Federal Contract Tower,18,5,40,0,63,0,2,78,0,80,18,7,118,0,143,66,0,66,209
08/14/2017,JQF,NC,ASO,ES,Federal Contract Tower,8,5,33,0,46,0,0,26,1,27,8,5,59,1,73,32,0,32,105
08/15/2017,JQF,NC,ASO,ES,Federal Contract Tower,4,12,51,0,67,0,10,45,2,57,4,22,96,2,124,72,2,74,198
08/16/2017,JQF,NC,ASO,ES,Federal Contract Tower,5,6,46,0,57,0,26,86,0,112,5,32,132,0,169,108,0,108,277
08/17/2017,JQF,NC,ASO,ES,Federal Contract Tower,13,8,34,0,55,0,20,103,4,127,13,28,137,4,182,140,0,140,322
08/18/2017,JQF,NC,ASO,ES,Federal Contract Tower,6,9,37,1,53,0,8,73,1,82,6,17,110,2,135,96,0,96,231
08/19/2017,JQF,NC,ASO,ES,Federal Contract Tower,7,2,32,0,41,0,2,90,2,94,7,4,122,2,135,68,0,68,203
08/20/2017,JQF,NC,ASO,ES,Federal Contract Tower,5,3,20,0,28,0,7,87,0,94,5,10,107,0,122,46,0,46,168
08/21/2017,JQF,NC,ASO,ES,Federal Contract Tower,6,6,37,0,49,0,7,66,3,76,6,13,103,3,125,24,0,24,149
08/22/2017,JQF,NC,ASO,ES,Federal Contract Tower,3,11,31,0,45,0,4,102,0,106,3,15,133,0,151,150,0,150,301
08/23/2017,JQF,NC,ASO,ES,Federal Contract Tower,2,5,32,0,39,0,23,75,2,100,2,28,107,2,139,138,0,138,277
08/24/2017,JQF,NC,ASO,ES,Federal Contract Tower,4,7,33,0,44,0,8,66,2,76,4,15,99,2,120,180,0,180,300
08/25/2017,JQF,NC,ASO,ES,Federal Contract Tower,7,6,35,1,49,0,17,89,6,112,7,23,124,7,161,162,0,162,323
08/26/2017,JQF,NC,ASO,ES,Federal Contract Tower,4,1,23,1,29,0,7,57,0,64,4,8,80,1,93,70,0,70,163
08/27/2017,JQF,NC,ASO,ES,Federal Contract Tower,10,0,29,0,39,0,4,62,6,72,10,4,91,6,111,56,0,56,167
08/28/2017,JQF,NC,ASO,ES,Federal Contract Tower,6,9,26,0,41,0,12,78,0,90,6,21,104,0,131,54,0,54,185
08/29/2017,JQF,NC,ASO,ES,Federal Contract Tower,2,8,37,0,47,0,4,32,0,36,2,12,69,0,83,90,6,96,179
08/30/2017,JQF,NC,ASO,ES,Federal Contract Tower,3,9,46,4,62,0,7,75,1,83,3,16,121,5,145,110,0,110,255
08/31/2017,JQF,NC,ASO,ES,Federal Contract Tower,8,6,40,3,57,0,0,46,0,46,8,6,86,3,103,4,6,10,113
09/01/2017,JQF,NC,ASO,ES,Federal Contract Tower,5,4,23,0,32,0,0,3,0,3,5,4,26,0,35,0,0,0,35
09/02/2017,JQF,NC,ASO,ES,Federal Contract Tower,2,1,18,0,21,0,5,50,6,61,2,6,68,6,82,140,0,140,222
09/03/2017,JQF,NC,ASO,ES,Federal Contract Tower,6,2,13,0,21,0,11,54,3,68,6,13,67,3,89,112,0,112,201
09/04/2017,JQF,NC,ASO,ES,Federal Contract Tower,4,4,25,0,33,0,0,99,2,101,4,4,124,2,134,76,0,76,210
09/05/2017,JQF,NC,ASO,ES,Federal Contract Tower,2,10,14,0,26,0,3,118,0,121,2,13,132,0,147,24,0,24,171
09/06/2017,JQF,NC,ASO,ES,Federal Contract Tower,4,5,25,0,34,0,2,8,0,10,4,7,33,0,44,22,0,22,66
09/07/2017,JQF,NC,ASO,ES,Federal Contract Tower,19,11,55,0,85,0,11,150,0,161,19,22,205,0,246,88,0,88,334
09/08/2017,JQF,NC,ASO,ES,Federal Contract Tower,6,5,31,0,42,0,8,104,2,114,6,13,135,2,156,114,8,122,278
09/09/2017,JQF,NC,ASO,ES,Federal Contract Tower,10,5,19,0,34,0,6,79,0,85,10,11,98,0,119,80,0,80,199
09/10/2017,JQF,NC,ASO,ES,Federal Contract Tower,10,7,26,0,43,0,2,34,0,36,10,9,60,0,79,52,0,52,131
09/11/2017,JQF,NC,ASO,ES,Federal Contract Tower,0,4,8,0,12,0,1,0,0,1,0,5,8,0,13,0,0,0,13
09/12/2017,JQF,NC,ASO,ES,Federal Contract Tower,1,6,15,0,22,0,1,7,0,8,1,7,22,0,30,0,0,0,30
09/13/2017,JQF,NC,ASO,ES,Federal Contract Tower,3,9,30,0,42,0,10,79,6,95,3,19,109,6,137,126,0,126,263
09/14/2017,JQF,NC,ASO,ES,Federal Contract Tower,11,19,56,0,86,0,3,97,2,102,11,22,153,2,188,184,0,184,372
09/15/2017,JQF,NC,ASO,ES,Federal Contract Tower,5,11,57,0,73,0,15,124,2,141,5,26,181,2,214,90,0,90,304
09/16/2017,JQF,NC,ASO,ES,Federal Contract Tower,7,2,17,0,26,0,9,103,2,114,7,11,120,2,140,80,0,80,220
09/17/2017,JQF,NC,ASO,ES,Federal Contract Tower,12,4,50,0,66,0,2,78,2,82,12,6,128,2,148,42,0,42,190
09/18/2017,JQF,NC,ASO,ES,Federal Contract Tower,6,16,52,2,76,0,10,96,0,106,6,26,148,2,182,198,0,198,380
09/19/2017,JQF,NC,ASO,ES,Federal Contract Tower,2,13,42,0,57,0,9,123,6,138,2,22,165,6,195,100,0,100,295
09/20/2017,JQF,NC,ASO,ES,Federal Contract Tower,2,14,37,0,53,0,9,169,0,178,2,23,206,0,231,116,0,116,347
09/21/2017,JQF,NC,ASO,ES,Federal Contract Tower,10,6,35,0,51,0,13,116,0,129,10,19,151,0,180,154,0,154,334
09/22/2017,JQF,NC,ASO,ES,Federal Contract Tower,11,6,33,0,50,0,6,126,3,135,11,12,159,3,185,78,0,78,263
09/23/2017,JQF,NC,ASO,ES,Federal Contract Tower,5,1,19,0,25,0,8,83,7,98,5,9,102,7,123,24,0,24,147
09/24/2017,JQF,NC,ASO,ES,Federal Contract Tower,14,4,31,0,49,0,10,75,4,89,14,14,106,4,138,102,0,102,240
09/25/2017,JQF,NC,ASO,ES,Federal Contract Tower,5,4,27,0,36,0,10,63,6,79,5,14,90,6,115,54,8,62,177
09/26/2017,JQF,NC,ASO,ES,Federal Contract Tower,2,6,37,0,45,0,11,93,5,109,2,17,130,5,154,126,0,126,280
09/27/2017,JQF,NC,ASO,ES,Federal Contract Tower,2,8,50,0,60,0,6,123,3,132,2,14,173,3,192,126,0,126,318
09/28/2017,JQF,NC,ASO,ES,Federal Contract Tower,15,8,51,0,74,0,10,122,4,136,15,18,173,4,210,70,0,70,280
09/29/2017,JQF,NC,ASO,ES,Federal Contract Tower,5,14,48,0,67,0,8,126,0,134,5,22,174,0,201,30,0,30,231
09/30/2017,JQF,NC,ASO,ES,Federal Contract Tower,7,6,29,0,42,0,4,82,0,86,7,10,111,0,128,62,0,62,190
10/01/2017,JQF,NC,ASO,ES,Federal Contract Tower,15,6,48,0,69,0,6,63,0,69,15,12,111,0,138,48,0,48,186
10/02/2017,JQF,NC,ASO,ES,Federal Contract Tower,6,10,17,0,33,0,4,90,0,94,6,14,107,0,127,86,0,86,213
10/03/2017,JQF,NC,ASO,ES,Federal Contract Tower,3,13,54,0,70,0,6,109,2,117,3,19,163,2,187,80,0,80,267
10/04/2017,JQF,NC,ASO,ES,Federal Contract Tower,4,16,29,0,49,0,8,149,2,159,4,24,178,2,208,108,0,108,316
10/05/2017,JQF,NC,ASO,ES,Federal Contract Tower,6,11,45,0,62,0,24,120,0,144,6,35,165,0,206,34,0,34,240
10/06/2017,JQF,NC,ASO,ES,Federal Contract Tower,6,10,43,0,59,0,56,100,0,156,6,66,143,0,215,82,0,82,297
10/07/2017,JQF,NC,ASO,ES,Federal Contract Tower,4,8,38,0,50,0,0,0,0,0,4,8,38,0,50,0,0,0,50
10/08/2017,JQF,NC,ASO,ES,Federal Contract Tower,7,17,40,0,64,0,64,25,0,89,7,81,65,0,153,20,0,20,173
10/09/2017,JQF,NC,ASO,ES,Federal Contract Tower,10,11,32,0,53,0,3,26,0,29,10,14,58,0,82,4,0,4,86
10/10/2017,JQF,NC,ASO,ES,Federal Contract Tower,4,5,40,0,49,0,7,37,0,44,4,12,77,0,93,48,0,48,141
10/11/2017,JQF,NC,ASO,ES,Federal Contract Tower,2,12,46,0,60,0,12,86,4,102,2,24,132,4,162,80,0,80,242
10/12/2017,JQF,NC,ASO,ES,Federal Contract Tower,15,19,53,0,87,0,9,55,0,64,15,28,108,0,151,96,0,96,247
10/13/2017,JQF,NC,ASO,ES,Federal Contract Tower,9,24,43,0,76,0,3,8,0,11,9,27,51,0,87,0,0,0,87
10/14/2017,JQF,NC,ASO,ES,Federal Contract Tower,9,1,35,0,45,0,14,58,0,72,9,15,93,0,117,204,0,204,321
10/15/2017,JQF,NC,ASO,ES,Federal Contract Tower,20,10,40,2,72,0,7,67,1,75,20,17,107,3,147,68,0,68,215
10/16/2017,JQF,NC,ASO,ES,Federal Contract Tower,6,11,48,0,65,0,1,45,0,46,6,12,93,0,111,42,0,42,153
10/17/2017,JQF,NC,ASO,ES,Federal Contract Tower,4,9,23,0,36,0,16,172,0,188,4,25,195,0,224,104,0,104,328
10/18/2017,JQF,NC,ASO,ES,Federal Contract Tower,2,12,54,0,68,0,9,105,2,116,2,21,159,2,184,268,0,268,452
10/19/2017,JQF,NC,ASO,ES,Federal Contract Tower,11,7,57,0,75,0,14,109,4,127,11,21,166,4,202,248,0,248,450
10/20/2017,JQF,NC,ASO,ES,Federal Contract Tower,7,5,43,0,55,0,15,117,8,140,7,20,160,8,195,192,0,192,387
10/21/2017,JQF,NC,ASO,ES,Federal Contract Tower,9,3,16,0,28,0,7,104,2,113,9,10,120,2,141,300,0,300,441
10/22/2017,JQF,NC,ASO,ES,Federal Contract Tower,14,2,32,1,49,0,1,77,2,80,14,3,109,3,129,268,0,268,397
10/23/2017,JQF,NC,ASO,ES,Federal Contract Tower,8,2,18,0,28,0,0,1,0,1,8,2,19,0,29,0,0,0,29
10/24/2017,JQF,NC,ASO,ES,Federal Contract Tower,6,9,44,0,59,0,12,60,0,72,6,21,104,0,131,64,0,64,195
10/25/2017,JQF,NC,ASO,ES,Federal Contract Tower,2,6,39,0,47,0,19,89,0,108,2,25,128,0,155,158,0,158,313
10/26/2017,JQF,NC,ASO,ES,Federal Contract Tower,8,7,43,0,58,0,11,84,4,99,8,18,127,4,157,60,0,60,217
10/27/2017,JQF,NC,ASO,ES,Federal Contract Tower,9,10,27,0,46,0,22,104,1,127,9,32,131,1,173,128,0,128,301
10/28/2017,JQF,NC,ASO,ES,Federal Contract Tower,6,1,26,0,33,0,1,122,3,126,6,2,148,3,159,112,0,112,271
10/29/2017,JQF,NC,ASO,ES,Federal Contract Tower,3,1,30,0,34,0,2,11,0,13,3,3,41,0,47,2,0,2,49
10/30/2017,JQF,NC,ASO,ES,Federal Contract Tower,7,9,30,0,46,0,4,97,0,101,7,13,127,0,147,92,0,92,239
10/31/2017,JQF,NC,ASO,ES,Federal Contract Tower,2,3,33,0,38,0,3,84,5,92,2,6,117,5,130,156,0,156,286
11/01/2017,JQF,NC,ASO,ES,Federal Contract Tower,5,8,43,0,56,0,4,108,0,112,5,12,151,0,168,152,0,152,320
11/02/2017,JQF,NC,ASO,ES,Federal Contract Tower,11,5,45,0,61,0,4,56,0,60,11,9,101,0,121,32,0,32,153
11/03/2017,JQF,NC,ASO,ES,Federal Contract Tower,8,6,44,0,58,0,7,103,0,110,8,13,147,0,168,34,0,34,202
11/04/2017,JQF,NC,ASO,ES,Federal Contract Tower,7,0,26,0,33,0,2,3,0,5,7,2,29,0,38,20,0,20,58
11/05/2017,JQF,NC,ASO,ES,Federal Contract Tower,11,7,39,0,57,0,7,1,0,8,11,14,40,0,65,0,0,0,65
11/06/2017,JQF,NC,ASO,ES,Federal Contract Tower,6,8,27,0,41,0,6,54,2,62,6,14,81,2,103,68,0,68,171
11/07/2017,JQF,NC,ASO,ES,Federal Contract Tower,2,9,27,0,38,0,0,0,0,0,2,9,27,0,38,0,0,0,38
11/08/2017,JQF,NC,ASO,ES,Federal Contract Tower,2,8,44,0,54,0,0,0,0,0,2,8,44,0,54,0,0,0,54
11/09/2017,JQF,NC,ASO,ES,Federal Contract Tower,11,12,41,0,64,0,6,8,0,14,11,18,49,0,78,34,0,34,112
11/10/2017,JQF,NC,ASO,ES,Federal Contract Tower,8,11,43,0,62,0,5,85,3,93,8,16,128,3,155,130,0,130,285
11/11/2017,JQF,NC,ASO,ES,Federal Contract Tower,5,2,16,0,23,0,12,86,0,98,5,14,102,0,121,122,0,122,243
11/12/2017,JQF,NC,ASO,ES,Federal Contract Tower,8,3,41,1,53,0,7,34,0,41,8,10,75,1,94,24,0,24,118
11/13/2017,JQF,NC,ASO,ES,Federal Contract Tower,7,8,37,0,52,0,5,65,2,72,7,13,102,2,124,60,0,60,184
11/14/2017,JQF,NC,ASO,ES,Federal Contract Tower,2,14,39,0,55,0,10,82,5,97,2,24,121,5,152,58,0,58,210
11/16/2017,JQF,NC,ASO,ES,Federal Contract Tower,13,14,44,0,71,0,15,83,0,98,13,29,127,0,169,144,0,144,313
11/17/2017,JQF,NC,ASO,ES,Federal Contract Tower,8,9,46,0,63,0,13,88,0,101,8,22,134,0,164,116,0,116,280
11/18/2017,JQF,NC,ASO,ES,Federal Contract Tower,10,1,18,0,29,0,2,82,0,84,10,3,100,0,113,0,16,16,129
11/19/2017,JQF,NC,ASO,ES,Federal Contract Tower,12,3,32,0,47,0,6,41,0,47,12,9,73,0,94,88,0,88,182
11/20/2017,JQF,NC,ASO,ES,Federal Contract Tower,9,15,27,0,51,0,18,119,0,137,9,33,146,0,188,134,0,134,322
11/21/2017,JQF,NC,ASO,ES,Federal Contract Tower,6,9,41,0,56,0,21,122,4,147,6,30,163,4,203,126,0,126,329
11/23/2017,JQF,NC,ASO,ES,Federal Contract Tower,6,4,8,0,18,0,1,9,0,10,6,5,17,0,28,6,0,6,34
11/24/2017,JQF,NC,ASO,ES,Federal Contract Tower,0,4,23,0,27,0,2,50,5,57,0,6,73,5,84,22,0,22,106
11/25/2017,JQF,NC,ASO,ES,Federal Contract Tower,6,6,23,0,35,0,5,54,9,68,6,11,77,9,103,78,0,78,181
11/26/2017,JQF,NC,ASO,ES,Federal Contract Tower,8,7,52,0,67,0,0,76,0,76,8,7,128,0,143,42,0,42,185
11/27/2017,JQF,NC,ASO,ES,Federal Contract Tower,6,7,38,0,51,4,13,55,0,72,10,20,93,0,123,18,0,18,141
11/28/2017,JQF,NC,ASO,ES,Federal Contract Tower,0,7,51,1,59,6,1,81,4,92,6,8,132,5,151,52,0,52,203
11/29/2017,JQF,NC,ASO,ES,Federal Contract Tower,0,8,38,0,46,0,7,108,0,115,0,15,146,0,161,154,0,154,315
11/30/2017,JQF,NC,ASO,ES,Federal Contract Tower,4,14,42,0,60,0,10,107,0,117,4,24,149,0,177,120,0,120,297
12/01/2017,JQF,NC,ASO,ES,Federal Contract Tower,6,9,54,0,69,0,8,73,0,81,6,17,127,0,150,138,0,138,288
12/02/2017,JQF,NC,ASO,ES,Federal Contract Tower,4,0,22,1,27,0,6,6,0,12,4,6,28,1,39,24,0,24,63
12/03/2017,JQF,NC,ASO,ES,Federal Contract Tower,5,2,35,0,42,0,4,96,2,102,5,6,131,2,144,126,0,126,270
12/04/2017,JQF,NC,ASO,ES,Federal Contract Tower,6,12,24,0,42,0,19,77,0,96,6,31,101,0,138,124,0,124,262
12/05/2017,JQF,NC,ASO,ES,Federal Contract Tower,4,7,35,0,46,0,4,54,6,64,4,11,89,6,110,18,0,18,128
12/06/2017,JQF,NC,ASO,ES,Federal Contract Tower,1,8,38,0,47,0,10,77,0,87,1,18,115,0,134,60,0,60,194
12/07/2017,JQF,NC,ASO,ES,Federal Contract Tower,4,4,37,0,45,0,24,84,0,108,4,28,121,0,153,84,0,84,237
12/08/2017,JQF,NC,ASO,ES,Federal Contract Tower,5,8,31,0,44,0,0,0,0,0,5,8,31,0,44,0,0,0,44
12/09/2017,JQF,NC,ASO,ES,Federal Contract Tower,6,5,11,0,22,0,0,0,0,0,6,5,11,0,22,0,0,0,22
12/10/2017,JQF,NC,ASO,ES,Federal Contract Tower,4,4,20,0,28,0,8,59,0,67,4,12,79,0,95,46,0,46,141
12/11/2017,JQF,NC,ASO,ES,Federal Contract Tower,6,7,35,0,48,0,11,77,0,88,6,18,112,0,136,48,0,48,184
12/12/2017,JQF,NC,ASO,ES,Federal Contract Tower,2,11,21,0,34,0,13,56,0,69,2,24,77,0,103,30,0,30,133
12/13/2017,JQF,NC,ASO,ES,Federal Contract Tower,2,7,53,0,62,0,6,79,5,90,2,13,132,5,152,98,0,98,250
12/14/2017,JQF,NC,ASO,ES,Federal Contract Tower,4,9,50,0,63,0,12,108,0,120,4,21,158,0,183,146,0,146,329
12/15/2017,JQF,NC,ASO,ES,Federal Contract Tower,6,10,28,0,44,0,13,97,0,110,6,23,125,0,154,88,0,88,242
12/16/2017,JQF,NC,ASO,ES,Federal Contract Tower,8,2,27,0,37,0,19,88,2,109,8,21,115,2,146,64,0,64,210
12/17/2017,JQF,NC,ASO,ES,Federal Contract Tower,4,7,26,0,37,0,2,56,4,62,4,9,82,4,99,38,0,38,137
12/18/2017,JQF,NC,ASO,ES,Federal Contract Tower,6,8,37,0,51,0,3,69,0,72,6,11,106,0,123,54,0,54,177
12/19/2017,JQF,NC,ASO,ES,Federal Contract Tower,6,10,43,0,59,0,14,90,4,108,6,24,133,4,167,36,0,36,203
12/20/2017,JQF,NC,ASO,ES,Federal Contract Tower,6,5,20,0,31,0,0,0,0,0,6,5,20,0,31,0,0,0,31
12/21/2017,JQF,NC,ASO,ES,Federal Contract Tower,5,6,43,0,54,0,7,71,0,78,5,13,114,0,132,94,0,94,226
12/22/2017,JQF,NC,ASO,ES,Federal Contract Tower,6,2,31,0,39,0,15,77,4,96,6,17,108,4,135,20,0,20,155
12/23/2017,JQF,NC,ASO,ES,Federal Contract Tower,6,7,22,0,35,0,2,3,0,5,6,9,25,0,40,0,0,0,40
12/24/2017,JQF,NC,ASO,ES,Federal Contract Tower,6,0,8,0,14,0,14,21,0,35,6,14,29,0,49,12,0,12,61
12/25/2017,JQF,NC,ASO,ES,Federal Contract Tower,4,1,9,0,14,0,3,6,4,13,4,4,15,4,27,14,0,14,41
12/26/2017,JQF,NC,ASO,ES,Federal Contract Tower,8,8,22,0,38,0,1,59,4,64,8,9,81,4,102,24,0,24,126
12/27/2017,JQF,NC,ASO,ES,Federal Contract Tower,6,12,20,0,38,0,8,59,0,67,6,20,79,0,105,36,0,36,141
12/28/2017,JQF,NC,ASO,ES,Federal Contract Tower,6,6,15,0,27,0,12,77,0,89,6,18,92,0,116,60,0,60,176
12/29/2017,JQF,NC,ASO,ES,Federal Contract Tower,7,4,14,0,25,0,20,67,0,87,7,24,81,0,112,20,0,20,132
12/30/2017,JQF,NC,ASO,ES,Federal Contract Tower,7,1,18,0,26,0,10,98,2,110,7,11,116,2,136,46,0,46,182
12/31/2017,JQF,NC,ASO,ES,Federal Contract Tower,5,1,6,0,12,0,3,19,4,26,5,4,25,4,38,34,0,34,72
01/01/2018,JQF,NC,ASO,ES,Federal Contract Tower,2,0,14,0,16,0,7,21,0,28,2,7,35,0,44,2,0,2,46
01/02/2018,JQF,NC,ASO,ES,Federal Contract Tower,9,5,20,0,34,0,6,48,0,54,9,11,68,0,88,42,0,42,130
01/04/2018,JQF,NC,ASO,ES,Federal Contract Tower,4,4,13,0,21,0,3,29,0,32,4,7,42,0,53,16,0,16,69
01/05/2018,JQF,NC,ASO,ES,Federal Contract Tower,7,9,28,0,44,0,10,90,0,100,7,19,118,0,144,118,0,118,262
01/06/2018,JQF,NC,ASO,ES,Federal Contract Tower,6,0,21,0,27,0,8,68,0,76,6,8,89,0,103,104,0,104,207
01/07/2018,JQF,NC,ASO,ES,Federal Contract Tower,6,2,17,0,25,0,4,59,5,68,6,6,76,5,93,74,0,74,167
01/08/2018,JQF,NC,ASO,ES,Federal Contract Tower,9,3,23,0,35,0,15,40,0,55,9,18,63,0,90,68,0,68,158
01/09/2018,JQF,NC,ASO,ES,Federal Contract Tower,5,5,49,0,59,0,6,98,0,104,5,11,147,0,163,106,0,106,269
01/10/2018,JQF,NC,ASO,ES,Federal Contract Tower,5,9,50,0,64,0,8,73,0,81,5,17,123,0,145,28,0,28,173
01/11/2018,JQF,NC,ASO,ES,Federal Contract Tower,7,5,21,0,33,0,0,0,0,0,7,5,21,0,33,0,0,0,33
01/12/2018,JQF,NC,ASO,ES,Federal Contract Tower,7,12,26,0,45,0,0,0,0,0,7,12,26,0,45,0,0,0,45
01/13/2018,JQF,NC,ASO,ES,Federal Contract Tower,2,3,25,0,30,0,5,71,2,78,2,8,96,2,108,34,0,34,142
01/14/2018,JQF,NC,ASO,ES,Federal Contract Tower,4,2,42,0,48,0,4,91,3,98,4,6,133,3,146,46,0,46,192
01/15/2018,JQF,NC,ASO,ES,Federal Contract Tower,6,4,38,0,48,0,5,170,2,177,6,9,208,2,225,66,0,66,291
01/16/2018,JQF,NC,ASO,ES,Federal Contract Tower,4,9,38,0,51,0,16,105,4,125,4,25,143,4,176,106,0,106,282
01/17/2018,JQF,NC,ASO,ES,Federal Contract Tower,4,1,11,0,16,0,0,0,0,0,4,1,11,0,16,0,0,0,16
01/18/2018,JQF,NC,ASO,ES,Federal Contract Tower,4,6,23,0,33,0,7,49,0,56,4,13,72,0,89,24,0,24,113
01/19/2018,JQF,NC,ASO,ES,Federal Contract Tower,6,8,41,0,55,0,23,98,1,122,6,31,139,1,177,116,0,116,293
01/20/2018,JQF,NC,ASO,ES,Federal Contract Tower,2,2,31,0,35,0,8,127,1,136,2,10,158,1,171,96,0,96,267
01/21/2018,JQF,NC,ASO,ES,Federal Contract Tower,4,4,28,0,36,0,9,116,0,125,4,13,144,0,161,40,0,40,201
01/22/2018,JQF,NC,ASO,ES,Federal Contract Tower,8,16,23,0,47,0,12,114,0,126,8,28,137,0,173,98,0,98,271
01/23/2018,JQF,NC,ASO,ES,Federal Contract Tower,4,6,34,0,44,0,10,41,0,51,4,16,75,0,95,32,0,32,127
01/24/2018,JQF,NC,ASO,ES,Federal Contract Tower,5,0,6,44,55,0,24,130,0,154,5,24,136,44,209,164,0,164,373
01/25/2018,JQF,NC,ASO,ES,Federal Contract Tower,4,9,41,0,54,0,16,119,0,135,4,25,160,0,189,126,0,126,315
01/26/2018,JQF,NC,ASO,ES,Federal Contract Tower,6,5,40,0,51,0,9,42,1,52,6,14,82,1,103,146,0,146,249
01/27/2018,JQF,NC,ASO,ES,Federal Contract Tower,3,2,41,0,46,0,18,99,7,124,3,20,140,7,170,122,0,122,292
01/28/2018,JQF,NC,ASO,ES,Federal Contract Tower,4,7,19,0,30,0,0,0,0,0,4,7,19,0,30,0,0,0,30
01/29/2018,JQF,NC,ASO,ES,Federal Contract Tower,6,6,46,0,58,0,8,30,2,40,6,14,76,2,98,56,2,58,156
01/30/2018,JQF,NC,ASO,ES,Federal Contract Tower,8,6,48,0,62,0,20,51,4,75,8,26,99,4,137,26,0,26,163
01/31/2018,JQF,NC,ASO,ES,Federal Contract Tower,3,21,51,0,75,0,14,96,6,116,3,35,147,6,191,186,0,186,377
02/01/2018,JQF,NC,ASO,ES,Federal Contract Tower,4,9,40,1,54,0,6,80,3,89,4,15,120,4,143,252,0,252,395
02/02/2018,JQF,NC,ASO,ES,Federal Contract Tower,9,8,35,0,52,0,20,66,2,88,9,28,101,2,140,56,0,56,196
02/03/2018,JQF,NC,ASO,ES,Federal Contract Tower,2,1,18,0,21,0,6,142,0,148,2,7,160,0,169,112,0,112,281
02/04/2018,JQF,NC,ASO,ES,Federal Contract Tower,4,2,4,0,10,0,0,0,0,0,4,2,4,0,10,0,0,0,10
02/05/2018,JQF,NC,ASO,ES,Federal Contract Tower,6,7,34,0,47,0,10,115,0,125,6,17,149,0,172,116,0,116,288
02/06/2018,JQF,NC,ASO,ES,Federal Contract Tower,4,14,61,0,79,0,15,88,0,103,4,29,149,0,182,143,0,143,325
02/07/2018,JQF,NC,ASO,ES,Federal Contract Tower,2,13,21,0,36,0,6,0,0,6,2,19,21,0,42,0,0,0,42
02/08/2018,JQF,NC,ASO,ES,Federal Contract Tower,5,10,67,0,82,0,7,88,1,96,5,17,155,1,178,166,0,166,344
02/09/2018,JQF,NC,ASO,ES,Federal Contract Tower,17,9,45,0,71,0,22,115,0,137,17,31,160,0,208,92,0,92,300
02/10/2018,JQF,NC,ASO,ES,Federal Contract Tower,4,2,15,0,21,0,0,0,0,0,4,2,15,0,21,0,0,0,21
02/11/2018,JQF,NC,ASO,ES,Federal Contract Tower,13,0,25,0,38,0,0,0,0,0,13,0,25,0,38,0,0,0,38
02/12/2018,JQF,NC,ASO,ES,Federal Contract Tower,6,3,17,0,26,0,0,11,2,13,6,3,28,2,39,0,0,0,39
02/13/2018,JQF,NC,ASO,ES,Federal Contract Tower,5,12,42,0,59,0,4,43,0,47,5,16,85,0,106,180,0,180,286
02/14/2018,JQF,NC,ASO,ES,Federal Contract Tower,8,9,25,0,42,0,3,97,0,100,8,12,122,0,142,207,0,207,349
02/15/2018,JQF,NC,ASO,ES,Federal Contract Tower,7,9,41,0,57,0,16,52,4,72,7,25,93,4,129,38,0,38,167
02/16/2018,JQF,NC,ASO,ES,Federal Contract Tower,10,6,37,0,53,0,4,54,0,58,10,10,91,0,111,12,0,12,123
02/17/2018,JQF,NC,ASO,ES,Federal Contract Tower,10,0,15,0,25,0,1,7,0,8,10,1,22,0,33,14,0,14,47
02/18/2018,JQF,NC,ASO,ES,Federal Contract Tower,11,0,54,0,65,0,7,121,3,131,11,7,175,3,196,68,0,68,264
02/19/2018,JQF,NC,ASO,ES,Federal Contract Tower,11,5,15,0,31,0,0,0,0,0,11,5,15,0,31,0,0,0,31
02/20/2018,JQF,NC,ASO,ES,Federal Contract Tower,5,12,29,0,46,0,4,20,0,24,5,16,49,0,70,6,0,6,76
02/21/2018,JQF,NC,ASO,ES,Federal Contract Tower,9,9,39,0,57,8,0,38,0,46,17,9,77,0,103,120,0,120,223
02/22/2018,JQF,NC,ASO,ES,Federal Contract Tower,18,21,46,0,85,0,2,43,0,45,18,23,89,0,130,140,0,140,270
02/23/2018,JQF,NC,ASO,ES,Federal Contract Tower,11,15,42,0,68,0,4,94,0,98,11,19,136,0,166,124,0,124,290
02/24/2018,JQF,NC,ASO,ES,Federal Contract Tower,8,1,31,0,40,0,9,101,0,110,8,10,132,0,150,34,0,34,184
02/25/2018,JQF,NC,ASO,ES,Federal Contract Tower,10,10,27,0,47,0,2,28,1,31,10,12,55,1,78,18,0,18,96
02/26/2018,JQF,NC,ASO,ES,Federal Contract Tower,10,10,40,4,64,0,0,31,0,31,10,10,71,4,95,91,0,91,186
02/27/2018,JQF,NC,ASO,ES,Federal Contract Tower,4,9,60,0,73,0,8,191,0,199,4,17,251,0,272,244,0,244,516
02/28/2018,JQF,NC,ASO,ES,Federal Contract Tower,6,8,40,0,54,0,5,28,0,33,6,13,68,0,87,86,0,86,173
03/01/2018,JQF,NC,ASO,ES,Federal Contract Tower,12,9,28,0,49,0,0,2,0,2,12,9,30,0,51,0,0,0,51
03/02/2018,JQF,NC,ASO,ES,Federal Contract Tower,10,7,14,0,31,0,6,17,0,23,10,13,31,0,54,0,0,0,54
03/03/2018,JQF,NC,ASO,ES,Federal Contract Tower,5,4,23,0,32,0,1,69,0,70,5,5,92,0,102,42,0,42,144
03/04/2018,JQF,NC,ASO,ES,Federal Contract Tower,9,10,28,0,47,0,6,175,6,187,9,16,203,6,234,194,0,194,428
03/05/2018,JQF,NC,ASO,ES,Federal Contract Tower,8,10,35,0,53,0,7,132,0,139,8,17,167,0,192,96,0,96,288
03/06/2018,JQF,NC,ASO,ES,Federal Contract Tower,5,5,36,0,46,0,0,13,0,13,5,5,49,0,59,18,0,18,77
03/07/2018,JQF,NC,ASO,ES,Federal Contract Tower,7,12,37,0,56,0,2,31,6,39,7,14,68,6,95,44,0,44,139
03/08/2018,JQF,NC,ASO,ES,Federal Contract Tower,10,1,29,0,40,0,11,128,6,145,10,12,157,6,185,54,0,54,239
03/09/2018,JQF,NC,ASO,ES,Federal Contract Tower,9,7,37,0,53,0,8,112,2,122,9,15,149,2,175,80,0,80,255
03/10/2018,JQF,NC,ASO,ES,Federal Contract Tower,5,1,32,0,38,0,11,76,2,89,5,12,108,2,127,29,0,29,156
03/11/2018,JQF,NC,ASO,ES,Federal Contract Tower,6,7,14,0,27,0,1,2,0,3,6,8,16,0,30,0,0,0,30
03/12/2018,JQF,NC,ASO,ES,Federal Contract Tower,12,9,25,0,46,0,1,2,0,3,12,10,27,0,49,2,0,2,51
03/13/2018,JQF,NC,ASO,ES,Federal Contract Tower,4,10,48,2,64,0,6,136,5,147,4,16,184,7,211,162,0,162,373
03/14/2018,JQF,NC,ASO,ES,Federal Contract Tower,8,7,38,0,53,3,9,50,0,62,11,16,88,0,115,26,0,26,141
03/15/2018,JQF,NC,ASO,ES,Federal Contract Tower,8,9,37,0,54,0,9,48,0,57,8,18,85,0,111,114,0,114,225
03/16/2018,JQF,NC,ASO,ES,Federal Contract Tower,9,7,40,0,56,0,3,106,0,109,9,10,146,0,165,94,0,94,259
03/17/2018,JQF,NC,ASO,ES,Federal Contract Tower,5,3,12,0,20,0,11,82,0,93,5,14,94,0,113,108,0,108,221
03/18/2018,JQF,NC,ASO,ES,Federal Contract Tower,6,6,34,0,46,0,3,116,6,125,6,9,150,6,171,142,0,142,313
03/19/2018,JQF,NC,ASO,ES,Federal Contract Tower,16,7,30,0,53,0,4,39,0,43,16,11,69,0,96,74,0,74,170
03/20/2018,JQF,NC,ASO,ES,Federal Contract Tower,4,4,33,0,41,0,2,6,9,17,4,6,39,9,58,0,0,0,58
03/21/2018,JQF,NC,ASO,ES,Federal Contract Tower,7,6,27,0,40,0,2,4,0,6,7,8,31,0,46,0,0,0,46
03/22/2018,JQF,NC,ASO,ES,Federal Contract Tower,6,12,45,0,63,0,6,135,2,143,6,18,180,2,206,66,0,66,272
03/23/2018,JQF,NC,ASO,ES,Federal Contract Tower,10,4,40,0,54,0,16,189,0,205,10,20,229,0,259,182,4,186,445
03/24/2018,JQF,NC,ASO,ES,Federal Contract Tower,4,2,20,0,26,0,2,27,0,29,4,4,47,0,55,64,0,64,119
03/25/2018,JQF,NC,ASO,ES,Federal Contract Tower,4,0,18,0,22,0,4,29,0,33,4,4,47,0,55,32,0,32,87
03/26/2018,JQF,NC,ASO,ES,Federal Contract Tower,9,6,40,0,55,1,4,108,0,113,10,10,148,0,168,202,0,202,370
03/27/2018,JQF,NC,ASO,ES,Federal Contract Tower,5,12,60,0,77,0,10,91,0,101,5,22,151,0,178,244,0,244,422
03/28/2018,JQF,NC,ASO,ES,Federal Contract Tower,6,4,43,2,55,0,11,77,0,88,6,15,120,2,143,70,0,70,213
03/29/2018,JQF,NC,ASO,ES,Federal Contract Tower,4,7,41,0,52,0,4,93,0,97,4,11,134,0,149,58,0,58,207
03/30/2018,JQF,NC,ASO,ES,Federal Contract Tower,8,9,33,0,50,0,10,67,0,77,8,19,100,0,127,92,0,92,219
03/31/2018,JQF,NC,ASO,ES,Federal Contract Tower,4,0,14,0,18,0,11,185,0,196,4,11,199,0,214,238,0,238,452
04/01/2018,JQF,NC,ASO,ES,Federal Contract Tower,4,1,21,2,28,0,9,122,2,133,4,10,143,4,161,26,0,26,187
04/02/2018,JQF,NC,ASO,ES,Federal Contract Tower,8,7,40,0,55,0,2,104,5,111,8,9,144,5,166,118,0,118,284
04/03/2018,JQF,NC,ASO,ES,Federal Contract Tower,4,9,29,0,42,0,8,157,1,166,4,17,186,1,208,218,0,218,426
04/04/2018,JQF,NC,ASO,ES,Federal Contract Tower,6,6,22,3,37,0,8,33,4,45,6,14,55,7,82,14,0,14,96
04/05/2018,JQF,NC,ASO,ES,Federal Contract Tower,8,11,53,0,72,0,12,165,2,179,8,23,218,2,251,144,0,144,395
04/06/2018,JQF,NC,ASO,ES,Federal Contract Tower,9,5,37,0,51,0,2,69,0,71,9,7,106,0,122,142,0,142,264
04/07/2018,JQF,NC,ASO,ES,Federal Contract Tower,7,0,22,0,29,0,0,0,0,0,7,0,22,0,29,0,0,0,29
04/08/2018,JQF,NC,ASO,ES,Federal Contract Tower,10,6,47,0,63,0,1,97,0,98,10,7,144,0,161,92,0,92,253
04/09/2018,JQF,NC,ASO,ES,Federal Contract Tower,9,7,24,0,40,0,5,73,1,79,9,12,97,1,119,140,0,140,259
04/10/2018,JQF,NC,ASO,ES,Federal Contract Tower,4,11,37,0,52,0,10,117,2,129,4,21,154,2,181,120,0,120,301
04/11/2018,JQF,NC,ASO,ES,Federal Contract Tower,6,15,50,0,71,0,6,150,0,156,6,21,200,0,227,110,0,110,337
04/12/2018,JQF,NC,ASO,ES,Federal Contract Tower,8,7,33,2,50,0,3,101,0,104,8,10,134,2,154,118,0,118,272
04/13/2018,JQF,NC,ASO,ES,Federal Contract Tower,9,12,36,1,58,0,8,132,1,141,9,20,168,2,199,116,0,116,315
04/14/2018,JQF,NC,ASO,ES,Federal Contract Tower,7,4,26,0,37,0,2,91,2,95,7,6,117,2,132,274,0,274,406
04/15/2018,JQF,NC,ASO,ES,Federal Contract Tower,4,2,23,0,29,0,0,0,0,0,4,2,23,0,29,0,0,0,29
04/16/2018,JQF,NC,ASO,ES,Federal Contract Tower,15,8,31,2,56,0,5,56,0,61,15,13,87,2,117,36,0,36,153
04/17/2018,JQF,NC,ASO,ES,Federal Contract Tower,12,15,30,0,57,0,13,74,4,91,12,28,104,4,148,144,0,144,292
04/18/2018,JQF,NC,ASO,ES,Federal Contract Tower,4,6,50,2,62,0,12,101,2,115,4,18,151,4,177,116,0,116,293
04/20/2018,JQF,NC,ASO,ES,Federal Contract Tower,9,12,35,0,56,0,5,218,3,226,9,17,253,3,282,134,12,146,428
04/21/2018,JQF,NC,ASO,ES,Federal Contract Tower,6,2,37,0,45,0,14,159,7,180,6,16,196,7,225,82,0,82,307
04/22/2018,JQF,NC,ASO,ES,Federal Contract Tower,11,6,33,0,50,0,8,101,0,109,11,14,134,0,159,164,0,164,323
04/23/2018,JQF,NC,ASO,ES,Federal Contract Tower,10,15,30,0,55,0,0,0,0,0,10,15,30,0,55,0,0,0,55
04/24/2018,JQF,NC,ASO,ES,Federal Contract Tower,5,9,28,0,42,0,0,2,0,2,5,9,30,0,44,0,0,0,44
04/25/2018,JQF,NC,ASO,ES,Federal Contract Tower,5,15,61,0,81,0,4,90,0,94,5,19,151,0,175,82,0,82,257
04/26/2018,JQF,NC,ASO,ES,Federal Contract Tower,12,22,51,0,85,0,11,121,0,132,12,33,172,0,217,118,0,118,335
04/27/2018,JQF,NC,ASO,ES,Federal Contract Tower,8,20,53,0,81,0,17,126,7,150,8,37,179,7,231,42,0,42,273
04/28/2018,JQF,NC,ASO,ES,Federal Contract Tower,6,11,42,0,59,0,17,100,1,118,6,28,142,1,177,140,0,140,317
04/29/2018,JQF,NC,ASO,ES,Federal Contract Tower,18,14,55,0,87,0,15,67,2,84,18,29,122,2,171,54,0,54,225
04/30/2018,JQF,NC,ASO,ES,Federal Contract Tower,8,10,30,0,48,0,6,109,0,115,8,16,139,0,163,192,0,192,355
05/01/2018,JQF,NC,ASO,ES,Federal Contract Tower,5,8,38,0,51,0,24,118,0,142,5,32,156,0,193,132,0,132,325
05/02/2018,JQF,NC,ASO,ES,Federal Contract Tower,5,6,47,0,58,0,25,111,2,138,5,31,158,2,196,68,0,68,264
05/03/2018,JQF,NC,ASO,ES,Federal Contract Tower,11,20,42,0,73,0,26,125,1,152,11,46,167,1,225,82,0,82,307
05/04/2018,JQF,NC,ASO,ES,Federal Contract Tower,8,4,45,0,57,0,17,154,0,171,8,21,199,0,228,50,0,50,278
05/05/2018,JQF,NC,ASO,ES,Federal Contract Tower,7,6,25,0,38,0,1,65,0,66,7,7,90,0,104,82,0,82,186
05/06/2018,JQF,NC,ASO,ES,Federal Contract Tower,12,5,36,0,53,0,7,57,0,64,12,12,93,0,117,64,0,64,181
05/07/2018,JQF,NC,ASO,ES,Federal Contract Tower,8,6,32,0,46,0,6,113,0,119,8,12,145,0,165,116,0,116,281
05/08/2018,JQF,NC,ASO,ES,Federal Contract Tower,4,7,32,1,44,0,3,168,2,173,4,10,200,3,217,158,0,158,375
05/09/2018,JQF,NC,ASO,ES,Federal Contract Tower,4,6,36,0,46,0,7,118,13,138,4,13,154,13,184,42,0,42,226
05/10/2018,JQF,NC,ASO,ES,Federal Contract Tower,12,11,26,0,49,0,5,75,4,84,12,16,101,4,133,116,0,116,249
05/11/2018,JQF,NC,ASO,ES,Federal Contract Tower,9,10,53,3,75,0,5,152,2,159,9,15,205,5,234,113,0,113,347
05/12/2018,JQF,NC,ASO,ES,Federal Contract Tower,7,1,19,0,27,0,2,124,0,126,7,3,143,0,153,124,0,124,277
05/13/2018,JQF,NC,ASO,ES,Federal Contract Tower,4,5,28,0,37,0,2,54,0,56,4,7,82,0,93,36,0,36,129
05/14/2018,JQF,NC,ASO,ES,Federal Contract Tower,10,7,47,0,64,0,3,103,0,106,10,10,150,0,170,204,0,204,374
05/15/2018,JQF,NC,ASO,ES,Federal Contract Tower,7,8,51,2,68,0,12,56,0,68,7,20,107,2,136,106,0,106,242
05/16/2018,JQF,NC,ASO,ES,Federal Contract Tower,4,9,32,0,45,0,0,2,0,2,4,9,34,0,47,0,0,0,47
05/17/2018,JQF,NC,ASO,ES,Federal Contract Tower,8,12,32,0,52,0,12,22,0,34,8,24,54,0,86,40,0,40,126
05/18/2018,JQF,NC,ASO,ES,Federal Contract Tower,10,13,32,0,55,0,14,5,0,19,10,27,37,0,74,18,0,18,92
05/19/2018,JQF,NC,ASO,ES,Federal Contract Tower,6,5,40,0,51,0,78,37,4,119,6,83,77,4,170,54,0,54,224
05/20/2018,JQF,NC,ASO,ES,Federal Contract Tower,2,8,24,0,34,0,5,16,0,21,2,13,40,0,55,6,0,6,61
05/21/2018,JQF,NC,ASO,ES,Federal Contract Tower,10,3,30,0,43,0,10,109,0,119,10,13,139,0,162,154,0,154,316
05/22/2018,JQF,NC,ASO,ES,Federal Contract Tower,2,6,39,0,47,0,6,92,6,104,2,12,131,6,151,204,0,204,355
05/23/2018,JQF,NC,ASO,ES,Federal Contract Tower,4,9,42,0,55,0,6,96,0,102,4,15,138,0,157,154,0,154,311
05/24/2018,JQF,NC,ASO,ES,Federal Contract Tower,4,9,74,0,87,0,18,25,0,43,4,27,99,0,130,40,0,40,170
05/25/2018,JQF,NC,ASO,ES,Federal Contract Tower,10,11,44,0,65,0,11,103,33,147,10,22,147,33,212,152,0,152,364
05/26/2018,JQF,NC,ASO,ES,Federal Contract Tower,6,15,16,0,37,0,30,19,0,49,6,45,35,0,86,42,0,42,128
05/27/2018,JQF,NC,ASO,ES,Federal Contract Tower,6,6,26,0,38,0,86,69,22,177,6,92,95,22,215,36,0,36,251
05/28/2018,JQF,NC,ASO,ES,Federal Contract Tower,13,9,27,1,50,0,1,2,0,3,13,10,29,1,53,0,0,0,53
05/29/2018,JQF,NC,ASO,ES,Federal Contract Tower,4,11,39,0,54,0,2,26,0,28,4,13,65,0,82,76,0,76,158
05/30/2018,JQF,NC,ASO,ES,Federal Contract Tower,6,13,46,0,65,0,5,41,2,48,6,18,87,2,113,50,0,50,163
05/31/2018,JQF,NC,ASO,ES,Federal Contract Tower,6,22,43,0,71,0,9,54,0,63,6,31,97,0,134,128,0,128,262
06/01/2018,JQF,NC,ASO,ES,Federal Contract Tower,10,4,43,1,58,0,11,95,0,106,10,15,138,1,164,98,0,98,262
06/02/2018,JQF,NC,ASO,ES,Federal Contract Tower,9,3,35,0,47,0,15,91,0,106,9,18,126,0,153,50,0,50,203
06/04/2018,JQF,NC,ASO,ES,Federal Contract Tower,10,9,41,0,60,0,8,126,1,135,10,17,167,1,195,86,0,86,281
06/05/2018,JQF,NC,ASO,ES,Federal Contract Tower,5,6,46,0,57,0,21,153,2,176,5,27,199,2,233,134,0,134,367
06/06/2018,JQF,NC,ASO,ES,Federal Contract Tower,5,2,37,0,44,0,25,137,0,162,5,27,174,0,206,134,0,134,340
06/07/2018,JQF,NC,ASO,ES,Federal Contract Tower,9,14,46,2,71,0,2,105,2,109,9,16,151,4,180,80,0,80,260
06/08/2018,JQF,NC,ASO,ES,Federal Contract Tower,10,6,29,0,45,0,2,101,1,104,10,8,130,1,149,100,0,100,249
06/09/2018,JQF,NC,ASO,ES,Federal Contract Tower,9,2,32,0,43,0,18,140,0,158,9,20,172,0,201,90,0,90,291
06/10/2018,JQF,NC,ASO,ES,Federal Contract Tower,12,3,38,0,53,0,12,108,0,120,12,15,146,0,173,48,0,48,221
06/11/2018,JQF,NC,ASO,ES,Federal Contract Tower,7,4,20,0,31,0,2,68,0,70,7,6,88,0,101,74,0,74,175
06/12/2018,JQF,NC,ASO,ES,Federal Contract Tower,8,11,30,0,49,0,0,13,0,13,8,11,43,0,62,22,0,22,84
06/13/2018,JQF,NC,ASO,ES,Federal Contract Tower,6,7,52,0,65,0,9,72,0,81,6,16,124,0,146,150,0,150,296
06/14/2018,JQF,NC,ASO,ES,Federal Contract Tower,6,5,37,0,48,0,10,126,2,138,6,15,163,2,186,188,0,188,374
06/15/2018,JQF,NC,ASO,ES,Federal Contract Tower,10,6,54,0,70,4,6,128,0,138,14,12,182,0,208,118,0,118,326
06/16/2018,JQF,NC,ASO,ES,Federal Contract Tower,8,2,27,0,37,0,4,88,0,92,8,6,115,0,129,134,0,134,263
06/17/2018,JQF,NC,ASO,ES,Federal Contract Tower,7,6,27,0,40,0,0,65,0,65,7,6,92,0,105,18,0,18,123
06/18/2018,JQF,NC,ASO,ES,Federal Contract Tower,10,12,41,0,63,1,8,79,0,88,11,20,120,0,151,82,0,82,233
06/20/2018,JQF,NC,ASO,ES,Federal Contract Tower,7,11,36,0,54,0,7,125,0,132,7,18,161,0,186,74,0,74,260
06/21/2018,JQF,NC,ASO,ES,Federal Contract Tower,11,5,27,0,43,0,5,125,0,130,11,10,152,0,173,96,0,96,269
06/22/2018,JQF,NC,ASO,ES,Federal Contract Tower,5,3,24,0,32,0,0,44,3,47,5,3,68,3,79,26,0,26,105
06/23/2018,JQF,NC,ASO,ES,Federal Contract Tower,8,1,15,3,27,0,6,87,0,93,8,7,102,3,120,46,0,46,166
06/24/2018,JQF,NC,ASO,ES,Federal Contract Tower,6,4,27,0,37,0,8,102,2,112,6,12,129,2,149,80,0,80,229
06/25/2018,JQF,NC,ASO,ES,Federal Contract Tower,14,3,31,0,48,0,5,79,1,85,14,8,110,1,133,136,0,136,269
06/26/2018,JQF,NC,ASO,ES,Federal Contract Tower,4,8,23,0,35,0,13,35,0,48,4,21,58,0,83,122,0,122,205
06/27/2018,JQF,NC,ASO,ES,Federal Contract Tower,7,7,65,0,79,0,0,58,0,58,7,7,123,0,137,46,0,46,183
06/28/2018,JQF,NC,ASO,ES,Federal Contract Tower,6,8,61,0,75,0,15,115,5,135,6,23,176,5,210,96,0,96,306
06/29/2018,JQF,NC,ASO,ES,Federal Contract Tower,21,7,35,0,63,0,18,108,0,126,21,25,143,0,189,118,0,118,307
06/30/2018,JQF,NC,ASO,ES,Federal Contract Tower,9,3,23,0,35,0,0,105,0,105,9,3,128,0,140,100,0,100,240
07/01/2018,JQF,NC,ASO,ES,Federal Contract Tower,14,4,17,0,35,0,14,77,0,91,14,18,94,0,126,76,0,76,202
07/02/2018,JQF,NC,ASO,ES,Federal Contract Tower,10,16,17,0,43,0,6,83,6,95,10,22,100,6,138,64,0,64,202
07/03/2018,JQF,NC,ASO,ES,Federal Contract Tower,4,5,34,0,43,0,13,107,0,120,4,18,141,0,163,58,0,58,221
07/04/2018,JQF,NC,ASO,ES,Federal Contract Tower,7,3,13,0,23,0,3,41,2,46,7,6,54,2,69,18,0,18,87
07/05/2018,JQF,NC,ASO,ES,Federal Contract Tower,12,2,31,0,45,0,11,79,0,90,12,13,110,0,135,118,0,118,253
07/06/2018,JQF,NC,ASO,ES,Federal Contract Tower,10,4,28,0,42,0,4,79,0,83,10,8,107,0,125,44,0,44,169
07/07/2018,JQF,NC,ASO,ES,Federal Contract Tower,11,5,20,0,36,0,3,18,0,21,11,8,38,0,57,60,0,60,117
07/08/2018,JQF,NC,ASO,ES,Federal Contract Tower,8,10,32,0,50,0,5,100,2,107,8,15,132,2,157,38,0,38,195
07/09/2018,JQF,NC,ASO,ES,Federal Contract Tower,10,7,28,0,45,0,10,106,0,116,10,17,134,0,161,162,0,162,323
07/10/2018,JQF,NC,ASO,ES,Federal Contract Tower,5,14,51,0,70,0,79,139,1,219,5,93,190,1,289,134,0,134,423
07/11/2018,JQF,NC,ASO,ES,Federal Contract Tower,6,11,37,0,54,0,26,129,0,155,6,37,166,0,209,88,0,88,297
07/12/2018,JQF,NC,ASO,ES,Federal Contract Tower,14,7,39,4,64,0,9,108,0,117,14,16,147,4,181,108,0,108,289
07/13/2018,JQF,NC,ASO,ES,Federal Contract Tower,12,1,50,1,64,0,5,114,3,122,12,6,164,4,186,88,0,88,274
07/14/2018,JQF,NC,ASO,ES,Federal Contract Tower,12,6,22,0,40,0,4,107,0,111,12,10,129,0,151,78,0,78,229
07/15/2018,JQF,NC,ASO,ES,Federal Contract Tower,14,0,33,0,47,0,8,85,0,93,14,8,118,0,140,78,0,78,218
07/16/2018,JQF,NC,ASO,ES,Federal Contract Tower,10,8,32,4,54,0,3,71,0,74,10,11,103,4,128,86,0,86,214
07/17/2018,JQF,NC,ASO,ES,Federal Contract Tower,6,9,44,0,59,0,18,80,0,98,6,27,124,0,157,92,0,92,249
07/18/2018,JQF,NC,ASO,ES,Federal Contract Tower,5,6,25,0,36,0,7,138,0,145,5,13,163,0,181,120,0,120,301
07/19/2018,JQF,NC,ASO,ES,Federal Contract Tower,12,9,42,0,63,0,4,122,0,126,12,13,164,0,189,82,0,82,271
07/20/2018,JQF,NC,ASO,ES,Federal Contract Tower,11,6,32,1,50,0,8,118,2,128,11,14,150,3,178,64,0,64,242
07/21/2018,JQF,NC,ASO,ES,Federal Contract Tower,9,4,17,1,31,0,5,59,2,66,9,9,76,3,97,44,0,44,141
07/22/2018,JQF,NC,ASO,ES,Federal Contract Tower,7,6,16,0,29,0,5,48,2,55,7,11,64,2,84,18,0,18,102
07/23/2018,JQF,NC,ASO,ES,Federal Contract Tower,11,9,25,0,45,0,7,5,2,14,11,16,30,2,59,14,0,14,73
07/24/2018,JQF,NC,ASO,ES,Federal Contract Tower,5,10,35,0,50,0,7,25,0,32,5,17,60,0,82,40,0,40,122
07/25/2018,JQF,NC,ASO,ES,Federal Contract Tower,7,12,41,0,60,0,10,29,0,39,7,22,70,0,99,56,0,56,155
07/26/2018,JQF,NC,ASO,ES,Federal Contract Tower,10,13,47,1,71,0,8,126,2,136,10,21,173,3,207,60,0,60,267
07/27/2018,JQF,NC,ASO,ES,Federal Contract Tower,26,5,42,0,73,0,20,135,0,155,26,25,177,0,228,98,0,98,326
07/28/2018,JQF,NC,ASO,ES,Federal Contract Tower,7,0,30,2,39,0,9,99,1,109,7,9,129,3,148,128,0,128,276
07/29/2018,JQF,NC,ASO,ES,Federal Contract Tower,14,7,32,0,53,0,3,71,0,74,14,10,103,0,127,92,0,92,219
07/30/2018,JQF,NC,ASO,ES,Federal Contract Tower,12,5,38,0,55,0,7,29,0,36,12,12,67,0,91,72,0,72,163
07/31/2018,JQF,NC,ASO,ES,Federal Contract Tower,4,6,33,0,43,0,2,7,0,9,4,8,40,0,52,40,0,40,92
08/01/2018,JQF,NC,ASO,ES,Federal Contract Tower,6,12,41,0,59,0,3,24,0,27,6,15,65,0,86,36,0,36,122
08/02/2018,JQF,NC,ASO,ES,Federal Contract Tower,10,4,33,0,47,0,6,28,1,35,10,10,61,1,82,76,0,76,158
08/03/2018,JQF,NC,ASO,ES,Federal Contract Tower,19,4,40,0,63,0,7,49,0,56,19,11,89,0,119,16,0,16,135
08/04/2018,JQF,NC,ASO,ES,Federal Contract Tower,9,0,27,0,36,0,2,62,0,64,9,2,89,0,100,100,0,100,200
08/05/2018,JQF,NC,ASO,ES,Federal Contract Tower,15,0,28,0,43,0,5,92,0,97,15,5,120,0,140,58,0,58,198
08/06/2018,JQF,NC,ASO,ES,Federal Contract Tower,10,5,30,0,45,0,0,53,0,53,10,5,83,0,98,44,0,44,142
08/07/2018,JQF,NC,ASO,ES,Federal Contract Tower,4,7,54,0,65,0,11,84,0,95,4,18,138,0,160,90,0,90,250
08/08/2018,JQF,NC,ASO,ES,Federal Contract Tower,6,5,33,0,44,0,3,95,6,104,6,8,128,6,148,94,0,94,242
08/09/2018,JQF,NC,ASO,ES,Federal Contract Tower,13,10,50,0,73,0,1,128,0,129,13,11,178,0,202,82,0,82,284
08/10/2018,JQF,NC,ASO,ES,Federal Contract Tower,13,10,29,0,52,0,16,109,0,125,13,26,138,0,177,112,0,112,289
08/11/2018,JQF,NC,ASO,ES,Federal Contract Tower,9,0,28,1,38,0,7,30,0,37,9,7,58,1,75,48,0,48,123
08/12/2018,JQF,NC,ASO,ES,Federal Contract Tower,18,2,37,3,60,0,5,48,0,53,18,7,85,3,113,158,0,158,271
08/13/2018,JQF,NC,ASO,ES,Federal Contract Tower,11,3,38,0,52,0,6,79,0,85,11,9,117,0,137,52,0,52,189
08/14/2018,JQF,NC,ASO,ES,Federal Contract Tower,6,5,47,0,58,0,8,117,0,125,6,13,164,0,183,80,0,80,263
08/15/2018,JQF,NC,ASO,ES,Federal Contract Tower,5,10,42,0,57,0,12,117,0,129,5,22,159,0,186,140,0,140,326
08/16/2018,JQF,NC,ASO,ES,Federal Contract Tower,12,12,45,0,69,0,34,142,0,176,12,46,187,0,245,80,0,80,325
08/18/2018,JQF,NC,ASO,ES,Federal Contract Tower,12,0,26,0,38,0,1,28,0,29,12,1,54,0,67,60,0,60,127
08/19/2018,JQF,NC,ASO,ES,Federal Contract Tower,8,2,33,0,43,0,4,46,0,50,8,6,79,0,93,76,0,76,169
08/20/2018,JQF,NC,ASO,ES,Federal Contract Tower,7,8,39,0,54,0,4,52,0,56,7,12,91,0,110,140,0,140,250
08/21/2018,JQF,NC,ASO,ES,Federal Contract Tower,6,9,32,0,47,0,2,64,0,66,6,11,96,0,113,80,0,80,193
08/22/2018,JQF,NC,ASO,ES,Federal Contract Tower,5,9,35,0,49,0,4,86,0,90,5,13,121,0,139,72,0,72,211
08/23/2018,JQF,NC,ASO,ES,Federal Contract Tower,6,17,39,2,64,0,11,184,0,195,6,28,223,2,259,138,0,138,397
08/24/2018,JQF,NC,ASO,ES,Federal Contract Tower,8,6,58,0,72,0,9,139,0,148,8,15,197,0,220,60,0,60,280
08/25/2018,JQF,NC,ASO,ES,Federal Contract Tower,9,1,25,0,35,0,13,107,0,120,9,14,132,0,155,118,0,118,273
08/26/2018,JQF,NC,ASO,ES,Federal Contract Tower,6,10,34,0,50,0,6,100,0,106,6,16,134,0,156,74,0,74,230
08/27/2018,JQF,NC,ASO,ES,Federal Contract Tower,8,2,34,0,44,0,12,131,0,143,8,14,165,0,187,136,0,136,323
08/28/2018,JQF,NC,ASO,ES,Federal Contract Tower,7,4,37,0,48,0,2,106,0,108,7,6,143,0,156,76,0,76,232
08/29/2018,JQF,NC,ASO,ES,Federal Contract Tower,4,10,37,0,51,0,6,89,0,95,4,16,126,0,146,142,0,142,288
08/30/2018,JQF,NC,ASO,ES,Federal Contract Tower,4,4,32,0,40,0,13,83,0,96,4,17,115,0,136,70,0,70,206
08/31/2018,JQF,NC,ASO,ES,Federal Contract Tower,6,11,68,0,85,0,10,94,0,104,6,21,162,0,189,44,0,44,233
09/01/2018,JQF,NC,ASO,ES,Federal Contract Tower,6,2,29,0,37,0,3,58,0,61,6,5,87,0,98,10,0,10,108
09/02/2018,JQF,NC,ASO,ES,Federal Contract Tower,5,0,33,0,38,0,6,31,0,37,5,6,64,0,75,28,0,28,103
09/03/2018,JQF,NC,ASO,ES,Federal Contract Tower,6,5,26,3,40,0,6,105,15,126,6,11,131,18,166,10,0,10,176
09/04/2018,JQF,NC,ASO,ES,Federal Contract Tower,7,7,30,1,45,0,8,95,32,135,7,15,125,33,180,66,0,66,246
09/05/2018,JQF,NC,ASO,ES,Federal Contract Tower,4,7,36,3,50,0,10,79,8,97,4,17,115,11,147,90,0,90,237
09/06/2018,JQF,NC,ASO,ES,Federal Contract Tower,6,4,28,6,44,0,10,98,41,149,6,14,126,47,193,106,0,106,299
09/07/2018,JQF,NC,ASO,ES,Federal Contract Tower,15,8,34,2,59,0,12,104,33,149,15,20,138,35,208,24,0,24,232
09/08/2018,JQF,NC,ASO,ES,Federal Contract Tower,7,2,21,6,36,0,5,70,9,84,7,7,91,15,120,104,0,104,224
09/09/2018,JQF,NC,ASO,ES,Federal Contract Tower,6,5,20,6,37,0,1,17,4,22,6,6,37,10,59,26,0,26,85
09/10/2018,JQF,NC,ASO,ES,Federal Contract Tower,18,2,33,5,58,0,0,7,0,7,18,2,40,5,65,0,0,0,65
09/11/2018,JQF,NC,ASO,ES,Federal Contract Tower,5,6,62,0,73,0,10,50,11,71,5,16,112,11,144,8,0,8,152
09/12/2018,JQF,NC,ASO,ES,Federal Contract Tower,2,3,40,0,45,0,5,22,0,27,2,8,62,0,72,54,0,54,126
09/13/2018,JQF,NC,ASO,ES,Federal Contract Tower,11,1,20,0,32,0,8,2,2,12,11,9,22,2,44,44,0,44,88
09/14/2018,JQF,NC,ASO,ES,Federal Contract Tower,0,0,6,0,6,0,6,0,0,6,0,6,6,0,12,0,0,0,12
09/15/2018,JQF,NC,ASO,ES,Federal Contract Tower,4,0,2,0,6,0,0,0,0,0,4,0,2,0,6,0,0,0,6
09/16/2018,JQF,NC,ASO,ES,Federal Contract Tower,7,1,3,1,12,0,0,0,0,0,7,1,3,1,12,0,0,0,12
09/17/2018,JQF,NC,ASO,ES,Federal Contract Tower,12,8,33,0,53,0,12,26,1,39,12,20,59,1,92,52,0,52,144
09/18/2018,JQF,NC,ASO,ES,Federal Contract Tower,8,4,40,0,52,0,6,95,0,101,8,10,135,0,153,50,0,50,203
09/19/2018,JQF,NC,ASO,ES,Federal Contract Tower,4,7,41,0,52,0,18,123,0,141,4,25,164,0,193,146,0,146,339
09/20/2018,JQF,NC,ASO,ES,Federal Contract Tower,15,6,38,0,59,0,18,137,14,169,15,24,175,14,228,190,0,190,418
09/21/2018,JQF,NC,ASO,ES,Federal Contract Tower,9,9,37,0,55,0,10,80,0,90,9,19,117,0,145,102,0,102,247
09/22/2018,JQF,NC,ASO,ES,Federal Contract Tower,9,7,33,2,51,0,5,114,0,119,9,12,147,2,170,60,0,60,230
09/23/2018,JQF,NC,ASO,ES,Federal Contract Tower,13,3,30,2,48,0,6,53,0,59,13,9,83,2,107,82,0,82,189
09/24/2018,JQF,NC,ASO,ES,Federal Contract Tower,7,4,35,5,51,0,2,5,6,13,7,6,40,11,64,0,0,0,64
09/25/2018,JQF,NC,ASO,ES,Federal Contract Tower,7,10,55,4,76,0,9,69,0,78,7,19,124,4,154,100,0,100,254
09/26/2018,JQF,NC,ASO,ES,Federal Contract Tower,1,10,47,8,66,0,12,90,0,102,1,22,137,8,168,52,0,52,220
09/27/2018,JQF,NC,ASO,ES,Federal Contract Tower,4,2,41,6,53,0,9,6,0,15,4,11,47,6,68,4,0,4,72
09/28/2018,JQF,NC,ASO,ES,Federal Contract Tower,9,11,73,6,99,0,10,36,0,46,9,21,109,6,145,4,0,4,149
09/29/2018,JQF,NC,ASO,ES,Federal Contract Tower,5,10,35,0,50,0,42,125,1,168,5,52,160,1,218,88,0,88,306
09/30/2018,JQF,NC,ASO,ES,Federal Contract Tower,6,13,77,0,96,0,151,65,2,218,6,164,142,2,314,34,0,34,348
10/01/2018,JQF,NC,ASO,ES,Federal Contract Tower,4,4,58,0,66,0,18,184,0,202,4,22,242,0,268,60,0,60,328
10/02/2018,JQF,NC,ASO,ES,Federal Contract Tower,5,18,50,0,73,0,12,153,6,171,5,30,203,6,244,104,0,104,348
10/03/2018,JQF,NC,ASO,ES,Federal Contract Tower,6,9,41,0,56,0,7,149,0,156,6,16,190,0,212,100,0,100,312
10/04/2018,JQF,NC,ASO,ES,Federal Contract Tower,16,14,49,2,81,0,17,129,0,146,16,31,178,2,227,120,0,120,347
10/05/2018,JQF,NC,ASO,ES,Federal Contract Tower,7,3,50,0,60,0,6,153,0,159,7,9,203,0,219,140,0,140,359
10/06/2018,JQF,NC,ASO,ES,Federal Contract Tower,7,3,25,0,35,0,6,39,0,45,7,9,64,0,80,42,0,42,122
10/07/2018,JQF,NC,ASO,ES,Federal Contract Tower,13,6,46,0,65,0,2,33,0,35,13,8,79,0,100,16,0,16,116
10/08/2018,JQF,NC,ASO,ES,Federal Contract Tower,8,8,39,0,55,0,6,83,0,89,8,14,122,0,144,136,0,136,280
10/09/2018,JQF,NC,ASO,ES,Federal Contract Tower,3,8,55,0,66,0,8,39,0,47,3,16,94,0,113,66,0,66,179
10/10/2018,JQF,NC,ASO,ES,Federal Contract Tower,7,17,26,0,50,0,0,0,0,0,7,17,26,0,50,0,0,0,50
10/11/2018,JQF,NC,ASO,ES,Federal Contract Tower,5,5,11,0,21,0,4,4,0,8,5,9,15,0,29,10,0,10,39
10/12/2018,JQF,NC,ASO,ES,Federal Contract Tower,21,20,44,2,87,0,10,138,0,148,21,30,182,2,235,100,0,100,335
10/13/2018,JQF,NC,ASO,ES,Federal Contract Tower,7,5,31,0,43,0,9,100,0,109,7,14,131,0,152,68,0,68,220
10/14/2018,JQF,NC,ASO,ES,Federal Contract Tower,9,24,63,0,96,0,8,56,0,64,9,32,119,0,160,40,0,40,200
10/15/2018,JQF,NC,ASO,ES,Federal Contract Tower,11,7,42,0,60,0,4,120,0,124,11,11,162,0,184,102,0,102,286
10/16/2018,JQF,NC,ASO,ES,Federal Contract Tower,2,7,35,0,44,0,2,101,2,105,2,9,136,2,149,94,0,94,243
10/17/2018,JQF,NC,ASO,ES,Federal Contract Tower,6,16,44,0,66,0,2,145,0,147,6,18,189,0,213,118,0,118,331
10/18/2018,JQF,NC,ASO,ES,Federal Contract Tower,8,7,48,0,63,0,7,147,0,154,8,14,195,0,217,132,0,132,349
10/19/2018,JQF,NC,ASO,ES,Federal Contract Tower,16,4,52,0,72,0,2,167,1,170,16,6,219,1,242,64,12,76,318
10/20/2018,JQF,NC,ASO,ES,Federal Contract Tower,12,2,27,0,41,0,10,4,0,14,12,12,31,0,55,58,0,58,113
10/21/2018,JQF,NC,ASO,ES,Federal Contract Tower,13,7,20,0,40,0,10,63,7,80,13,17,83,7,120,70,2,72,192
10/22/2018,JQF,NC,ASO,ES,Federal Contract Tower,10,4,23,0,37,0,8,120,1,129,10,12,143,1,166,90,0,90,256
10/23/2018,JQF,NC,ASO,ES,Federal Contract Tower,2,10,48,0,60,0,33,124,7,164,2,43,172,7,224,74,0,74,298
10/24/2018,JQF,NC,ASO,ES,Federal Contract Tower,7,7,53,0,67,0,10,120,0,130,7,17,173,0,197,92,0,92,289
10/25/2018,JQF,NC,ASO,ES,Federal Contract Tower,4,8,47,0,59,0,15,114,2,131,4,23,161,2,190,142,0,142,332
10/26/2018,JQF,NC,ASO,ES,Federal Contract Tower,12,4,23,0,39,0,0,0,0,0,12,4,23,0,39,0,0,0,39
10/27/2018,JQF,NC,ASO,ES,Federal Contract Tower,9,4,19,0,32,0,3,9,0,12,9,7,28,0,44,18,0,18,62
10/28/2018,JQF,NC,ASO,ES,Federal Contract Tower,4,3,40,0,47,0,11,83,1,95,4,14,123,1,142,22,0,22,164
10/29/2018,JQF,NC,ASO,ES,Federal Contract Tower,10,8,20,0,38,0,12,122,0,134,10,20,142,0,172,100,0,100,272
10/30/2018,JQF,NC,ASO,ES,Federal Contract Tower,4,9,31,0,44,0,14,188,0,202,4,23,219,0,246,92,0,92,338
10/31/2018,JQF,NC,ASO,ES,Federal Contract Tower,6,11,39,1,57,0,10,134,0,144,6,21,173,1,201,72,0,72,273
11/01/2018,JQF,NC,ASO,ES,Federal Contract Tower,8,6,40,0,54,0,8,23,6,37,8,14,63,6,91,6,0,6,97
11/02/2018,JQF,NC,ASO,ES,Federal Contract Tower,10,3,41,0,54,0,1,3,6,10,10,4,44,6,64,2,0,2,66
11/03/2018,JQF,NC,ASO,ES,Federal Contract Tower,11,0,36,0,47,0,7,153,2,162,11,7,189,2,209,98,0,98,307
11/04/2018,JQF,NC,ASO,ES,Federal Contract Tower,11,10,31,0,52,0,5,126,0,131,11,15,157,0,183,90,0,90,273
11/05/2018,JQF,NC,ASO,ES,Federal Contract Tower,10,4,42,0,56,0,0,0,0,0,10,4,42,0,56,0,0,0,56
11/06/2018,JQF,NC,ASO,ES,Federal Contract Tower,2,4,27,0,33,0,6,62,0,68,2,10,89,0,101,36,0,36,137
11/07/2018,JQF,NC,ASO,ES,Federal Contract Tower,7,11,37,1,56,0,20,213,1,234,7,31,250,2,290,100,0,100,390
11/08/2018,JQF,NC,ASO,ES,Federal Contract Tower,8,12,36,0,56,0,21,114,6,141,8,33,150,6,197,92,0,92,289
11/09/2018,JQF,NC,ASO,ES,Federal Contract Tower,10,5,25,0,40,0,0,0,0,0,10,5,25,0,40,0,0,0,40
11/10/2018,JQF,NC,ASO,ES,Federal Contract Tower,10,3,18,0,31,0,8,111,2,121,10,11,129,2,152,140,0,140,292
11/11/2018,JQF,NC,ASO,ES,Federal Contract Tower,10,2,34,0,46,0,6,102,1,109,10,8,136,1,155,86,0,86,241
11/12/2018,JQF,NC,ASO,ES,Federal Contract Tower,12,5,32,0,49,0,2,7,0,9,12,7,39,0,58,30,0,30,88
11/13/2018,JQF,NC,ASO,ES,Federal Contract Tower,2,17,31,0,50,0,0,0,0,0,2,17,31,0,50,0,0,0,50
11/14/2018,JQF,NC,ASO,ES,Federal Contract Tower,6,17,39,0,62,0,6,32,0,38,6,23,71,0,100,80,0,80,180
11/15/2018,JQF,NC,ASO,ES,Federal Contract Tower,10,20,46,0,76,0,0,0,0,0,10,20,46,0,76,0,0,0,76
11/16/2018,JQF,NC,ASO,ES,Federal Contract Tower,11,13,34,0,58,0,13,135,2,150,11,26,169,2,208,76,0,76,284
11/17/2018,JQF,NC,ASO,ES,Federal Contract Tower,7,6,32,0,45,0,18,110,14,142,7,24,142,14,187,102,0,102,289
11/18/2018,JQF,NC,ASO,ES,Federal Contract Tower,13,0,41,0,54,0,15,102,4,121,13,15,143,4,175,98,0,98,273
11/19/2018,JQF,NC,ASO,ES,Federal Contract Tower,10,14,42,0,66,0,5,114,9,128,10,19,156,9,194,140,0,140,334
11/20/2018,JQF,NC,ASO,ES,Federal Contract Tower,6,14,45,0,65,0,6,111,0,117,6,20,156,0,182,168,0,168,350
11/21/2018,JQF,NC,ASO,ES,Federal Contract Tower,10,5,31,0,46,0,11,145,0,156,10,16,176,0,202,138,0,138,340
11/22/2018,JQF,NC,ASO,ES,Federal Contract Tower,4,1,7,0,12,0,2,29,0,31,4,3,36,0,43,34,0,34,77
11/23/2018,JQF,NC,ASO,ES,Federal Contract Tower,8,6,22,0,36,0,5,48,0,53,8,11,70,0,89,18,0,18,107
11/24/2018,JQF,NC,ASO,ES,Federal Contract Tower,6,6,11,0,23,0,0,0,0,0,6,6,11,0,23,0,0,0,23
11/25/2018,JQF,NC,ASO,ES,Federal Contract Tower,16,3,53,0,72,0,7,55,5,67,16,10,108,5,139,30,0,30,169
11/26/2018,JQF,NC,ASO,ES,Federal Contract Tower,8,9,35,0,52,0,6,5,2,13,8,15,40,2,65,38,6,44,109
11/27/2018,JQF,NC,ASO,ES,Federal Contract Tower,0,10,34,0,44,0,22,140,11,173,0,32,174,11,217,120,0,120,337
11/28/2018,JQF,NC,ASO,ES,Federal Contract Tower,1,19,37,0,57,0,25,91,0,116,1,44,128,0,173,60,0,60,233
11/29/2018,JQF,NC,ASO,ES,Federal Contract Tower,4,10,34,0,48,0,30,163,0,193,4,40,197,0,241,214,0,214,455
11/30/2018,JQF,NC,ASO,ES,Federal Contract Tower,10,11,41,0,62,0,11,107,0,118,10,22,148,0,180,72,0,72,252
12/01/2018,JQF,NC,ASO,ES,Federal Contract Tower,6,3,10,0,19,0,3,10,2,15,6,6,20,2,34,22,0,22,56
12/02/2018,JQF,NC,ASO,ES,Federal Contract Tower,5,9,36,0,50,0,2,5,0,7,5,11,41,0,57,0,0,0,57
12/03/2018,JQF,NC,ASO,ES,Federal Contract Tower,10,12,33,0,55,0,3,139,0,142,10,15,172,0,197,120,0,120,317
12/04/2018,JQF,NC,ASO,ES,Federal Contract Tower,1,6,37,0,44,0,6,103,2,111,1,12,140,2,155,128,0,128,283
12/05/2018,JQF,NC,ASO,ES,Federal Contract Tower,2,7,33,0,42,0,8,112,0,120,2,15,145,0,162,154,0,154,316
12/06/2018,JQF,NC,ASO,ES,Federal Contract Tower,4,16,44,0,64,0,16,138,0,154,4,32,182,0,218,126,0,126,344
12/07/2018,JQF,NC,ASO,ES,Federal Contract Tower,10,14,34,0,58,0,17,185,0,202,10,31,219,0,260,64,0,64,324
12/08/2018,JQF,NC,ASO,ES,Federal Contract Tower,4,7,12,0,23,0,0,12,0,12,4,7,24,0,35,44,0,44,79
12/09/2018,JQF,NC,ASO,ES,Federal Contract Tower,0,0,1,0,1,0,0,0,0,0,0,0,1,0,1,0,0,0,1
12/10/2018,JQF,NC,ASO,ES,Federal Contract Tower,9,5,9,0,23,0,1,2,0,3,9,6,11,0,26,6,0,6,32
12/11/2018,JQF,NC,ASO,ES,Federal Contract Tower,4,9,22,0,35,0,11,60,0,71,4,20,82,0,106,124,0,124,230
12/12/2018,JQF,NC,ASO,ES,Federal Contract Tower,2,10,22,0,34,0,9,109,0,118,2,19,131,0,152,130,0,130,282
12/13/2018,JQF,NC,ASO,ES,Federal Contract Tower,5,10,47,0,62,0,16,116,2,134,5,26,163,2,196,130,0,130,326
12/14/2018,JQF,NC,ASO,ES,Federal Contract Tower,9,7,14,0,30,0,0,0,0,0,9,7,14,0,30,0,0,0,30
12/15/2018,JQF,NC,ASO,ES,Federal Contract Tower,5,0,11,0,16,0,0,0,0,0,5,0,11,0,16,0,0,0,16
12/16/2018,JQF,NC,ASO,ES,Federal Contract Tower,4,7,29,0,40,0,2,119,2,123,4,9,148,2,163,104,0,104,267
12/17/2018,JQF,NC,ASO,ES,Federal Contract Tower,11,5,40,0,56,0,10,152,3,165,11,15,192,3,221,138,0,138,359
12/18/2018,JQF,NC,ASO,ES,Federal Contract Tower,0,13,50,0,63,0,38,175,0,213,0,51,225,0,276,126,0,126,402
12/19/2018,JQF,NC,ASO,ES,Federal Contract Tower,2,7,45,0,54,0,27,157,7,191,2,34,202,7,245,186,6,192,437
12/20/2018,JQF,NC,ASO,ES,Federal Contract Tower,5,4,28,0,37,0,0,0,0,0,5,4,28,0,37,0,0,0,37
12/21/2018,JQF,NC,ASO,ES,Federal Contract Tower,10,16,12,0,38,0,6,0,0,6,10,22,12,0,44,0,0,0,44
12/23/2018,JQF,NC,ASO,ES,Federal Contract Tower,4,7,17,0,28,0,3,75,9,87,4,10,92,9,115,36,0,36,151
12/24/2018,JQF,NC,ASO,ES,Federal Contract Tower,10,4,11,0,25,0,7,30,0,37,10,11,41,0,62,8,0,8,70
12/25/2018,JQF,NC,ASO,ES,Federal Contract Tower,4,0,6,0,10,0,5,9,0,14,4,5,15,0,24,0,0,0,24
12/26/2018,JQF,NC,ASO,ES,Federal Contract Tower,10,2,30,0,42,0,14,80,2,96,10,16,110,2,138,102,0,102,240
12/27/2018,JQF,NC,ASO,ES,Federal Contract Tower,4,9,22,2,37,0,6,20,4,30,4,15,42,6,67,32,0,32,99
12/28/2018,JQF,NC,ASO,ES,Federal Contract Tower,12,7,10,0,29,0,0,0,0,0,12,7,10,0,29,0,0,0,29
12/29/2018,JQF,NC,ASO,ES,Federal Contract Tower,6,11,31,0,48,0,9,62,0,71,6,20,93,0,119,32,0,32,151
12/30/2018,JQF,NC,ASO,ES,Federal Contract Tower,5,1,15,0,21,0,10,14,0,24,5,11,29,0,45,38,0,38,83
12/31/2018,JQF,NC,ASO,ES,Federal Contract Tower,9,4,5,0,18,0,0,0,0,0,9,4,5,0,18,0,0,0,18
01/01/2019,JQF,NC,ASO,ES,Federal Contract Tower,4,0,16,0,20,0,1,53,0,54,4,1,69,0,74,84,0,84,158
01/02/2019,JQF,NC,ASO,ES,Federal Contract Tower,11,5,38,0,54,0,13,107,2,122,11,18,145,2,176,120,0,120,296
01/03/2019,JQF,NC,ASO,ES,Federal Contract Tower,4,8,14,0,26,0,0,0,0,0,4,8,14,0,26,0,0,0,26
01/04/2019,JQF,NC,ASO,ES,Federal Contract Tower,12,7,16,0,35,0,1,0,0,1,12,8,16,0,36,0,0,0,36
01/05/2019,JQF,NC,ASO,ES,Federal Contract Tower,9,1,29,0,39,0,5,123,0,128,9,6,152,0,167,74,0,74,241
01/06/2019,JQF,NC,ASO,ES,Federal Contract Tower,4,5,23,0,32,0,7,177,0,184,4,12,200,0,216,130,0,130,346
01/07/2019,JQF,NC,ASO,ES,Federal Contract Tower,14,4,24,0,42,0,6,139,2,147,14,10,163,2,189,98,0,98,287
01/08/2019,JQF,NC,ASO,ES,Federal Contract Tower,2,2,29,0,33,0,15,109,0,124,2,17,138,0,157,78,0,78,235
01/09/2019,JQF,NC,ASO,ES,Federal Contract Tower,1,10,37,0,48,0,8,48,0,56,1,18,85,0,104,56,0,56,160
01/10/2019,JQF,NC,ASO,ES,Federal Contract Tower,4,5,39,0,48,0,10,123,0,133,4,15,162,0,181,154,0,154,335
01/11/2019,JQF,NC,ASO,ES,Federal Contract Tower,10,8,26,0,44,0,7,131,2,140,10,15,157,2,184,168,0,168,352
01/12/2019,JQF,NC,ASO,ES,Federal Contract Tower,6,5,9,0,20,0,12,37,4,53,6,17,46,4,73,176,0,176,249
01/13/2019,JQF,NC,ASO,ES,Federal Contract Tower,5,2,14,0,21,0,0,0,0,0,5,2,14,0,21,0,0,0,21
01/14/2019,JQF,NC,ASO,ES,Federal Contract Tower,11,17,10,0,38,0,7,51,0,58,11,24,61,0,96,226,0,226,322
01/15/2019,JQF,NC,ASO,ES,Federal Contract Tower,0,10,39,0,49,0,9,191,8,208,0,19,230,8,257,114,0,114,371
01/16/2019,JQF,NC,ASO,ES,Federal Contract Tower,2,14,38,0,54,0,20,130,8,158,2,34,168,8,212,144,0,144,356
01/17/2019,JQF,NC,ASO,ES,Federal Contract Tower,6,8,23,0,37,0,17,104,0,121,6,25,127,0,158,138,2,140,298
01/18/2019,JQF,NC,ASO,ES,Federal Contract Tower,12,8,38,0,58,0,5,18,0,23,12,13,56,0,81,92,0,92,173
01/19/2019,JQF,NC,ASO,ES,Federal Contract Tower,6,0,8,0,14,0,0,0,0,0,6,0,8,0,14,0,0,0,14
01/20/2019,JQF,NC,ASO,ES,Federal Contract Tower,5,9,8,0,22,0,4,22,0,26,5,13,30,0,48,2,0,2,50
01/21/2019,JQF,NC,ASO,ES,Federal Contract Tower,10,6,42,1,59,0,11,204,0,215,10,17,246,1,274,168,0,168,442
01/22/2019,JQF,NC,ASO,ES,Federal Contract Tower,2,14,22,0,38,0,18,169,0,187,2,32,191,0,225,178,0,178,403
01/23/2019,JQF,NC,ASO,ES,Federal Contract Tower,2,10,18,0,30,0,0,44,0,44,2,10,62,0,74,128,0,128,202
01/24/2019,JQF,NC,ASO,ES,Federal Contract Tower,5,6,32,0,43,0,12,59,0,71,5,18,91,0,114,114,0,114,228
01/25/2019,JQF,NC,ASO,ES,Federal Contract Tower,20,12,50,1,83,0,15,124,0,139,20,27,174,1,222,208,0,208,430
01/26/2019,JQF,NC,ASO,ES,Federal Contract Tower,5,7,32,0,44,0,6,108,2,116,5,13,140,2,160,160,0,160,320
01/27/2019,JQF,NC,ASO,ES,Federal Contract Tower,5,7,31,0,43,0,6,166,1,173,5,13,197,1,216,184,0,184,400
01/28/2019,JQF,NC,ASO,ES,Federal Contract Tower,11,9,41,0,61,0,28,155,1,184,11,37,196,1,245,296,0,296,541
01/29/2019,JQF,NC,ASO,ES,Federal Contract Tower,0,10,26,0,36,0,9,61,8,78,0,19,87,8,114,94,0,94,208
01/30/2019,JQF,NC,ASO,ES,Federal Contract Tower,7,12,27,0,46,0,20,81,0,101,7,32,108,0,147,96,0,96,243
01/31/2019,JQF,NC,ASO,ES,Federal Contract Tower,5,13,52,0,70,0,6,237,0,243,5,19,289,0,313,186,0,186,499
02/01/2019,JQF,NC,ASO,ES,Federal Contract Tower,14,7,46,0,67,0,10,149,6,165,14,17,195,6,232,126,2,128,360
02/02/2019,JQF,NC,ASO,ES,Federal Contract Tower,7,7,33,0,47,0,2,153,2,157,7,9,186,2,204,160,0,160,364
02/03/2019,JQF,NC,ASO,ES,Federal Contract Tower,4,5,38,0,47,0,12,83,3,98,4,17,121,3,145,66,8,74,219
02/04/2019,JQF,NC,ASO,ES,Federal Contract Tower,10,8,16,0,34,0,1,123,2,126,10,9,139,2,160,262,0,262,422
02/05/2019,JQF,NC,ASO,ES,Federal Contract Tower,1,6,18,0,25,0,4,180,29,213,1,10,198,29,238,120,0,120,358
02/06/2019,JQF,NC,ASO,ES,Federal Contract Tower,1,10,37,2,50,0,13,138,0,151,1,23,175,2,201,202,0,202,403
02/07/2019,JQF,NC,ASO,ES,Federal Contract Tower,5,4,42,2,53,0,18,102,0,120,5,22,144,2,173,94,0,94,267
02/08/2019,JQF,NC,ASO,ES,Federal Contract Tower,19,8,47,0,74,0,7,158,0,165,19,15,205,0,239,70,0,70,309
02/09/2019,JQF,NC,ASO,ES,Federal Contract Tower,6,0,25,0,31,0,5,132,0,137,6,5,157,0,168,138,0,138,306
02/10/2019,JQF,NC,ASO,ES,Federal Contract Tower,11,3,35,0,49,0,4,76,3,83,11,7,111,3,132,172,0,172,304
02/11/2019,JQF,NC,ASO,ES,Federal Contract Tower,10,14,16,0,40,0,0,0,0,0,10,14,16,0,40,0,0,0,40
02/12/2019,JQF,NC,ASO,ES,Federal Contract Tower,2,6,25,0,33,0,0,0,0,0,2,6,25,0,33,0,0,0,33
02/13/2019,JQF,NC,ASO,ES,Federal Contract Tower,4,10,52,0,66,0,27,142,2,171,4,37,194,2,237,114,0,114,351
02/14/2019,JQF,NC,ASO,ES,Federal Contract Tower,20,15,40,0,75,0,20,165,0,185,20,35,205,0,260,184,0,184,444
02/15/2019,JQF,NC,ASO,ES,Federal Contract Tower,9,15,28,0,52,0,22,195,2,219,9,37,223,2,271,88,0,88,359
02/16/2019,JQF,NC,ASO,ES,Federal Contract Tower,10,0,11,0,21,0,10,3,0,13,10,10,14,0,34,10,0,10,44
02/17/2019,JQF,NC,ASO,ES,Federal Contract Tower,17,4,29,0,50,0,6,2,0,8,17,10,31,0,58,10,0,10,68
02/18/2019,JQF,NC,ASO,ES,Federal Contract Tower,10,11,42,0,63,0,23,106,0,129,10,34,148,0,192,78,0,78,270
02/19/2019,JQF,NC,ASO,ES,Federal Contract Tower,6,5,37,0,48,0,0,94,0,94,6,5,131,0,142,166,0,166,308
02/20/2019,JQF,NC,ASO,ES,Federal Contract Tower,7,6,22,0,35,0,0,0,0,0,7,6,22,0,35,0,0,0,35
02/21/2019,JQF,NC,ASO,ES,Federal Contract Tower,18,17,36,0,71,0,14,60,11,85,18,31,96,11,156,68,0,68,224
02/22/2019,JQF,NC,ASO,ES,Federal Contract Tower,10,12,31,0,53,0,0,0,0,0,10,12,31,0,53,0,0,0,53
02/23/2019,JQF,NC,ASO,ES,Federal Contract Tower,8,0,5,0,13,0,0,0,0,0,8,0,5,0,13,0,0,0,13
02/24/2019,JQF,NC,ASO,ES,Federal Contract Tower,17,5,23,0,45,0,2,16,0,18,17,7,39,0,63,2,0,2,65
02/25/2019,JQF,NC,ASO,ES,Federal Contract Tower,8,8,31,0,47,0,7,131,2,140,8,15,162,2,187,136,0,136,323
02/26/2019,JQF,NC,ASO,ES,Federal Contract Tower,3,10,39,0,52,0,17,187,11,215,3,27,226,11,267,244,0,244,511
02/27/2019,JQF,NC,ASO,ES,Federal Contract Tower,7,6,32,0,45,0,6,71,0,77,7,12,103,0,122,334,0,334,456
02/28/2019,JQF,NC,ASO,ES,Federal Contract Tower,14,12,44,0,70,0,4,110,0,114,14,16,154,0,184,84,0,84,268
03/01/2019,JQF,NC,ASO,ES,Federal Contract Tower,11,5,20,0,36,0,0,0,0,0,11,5,20,0,36,0,0,0,36
03/02/2019,JQF,NC,ASO,ES,Federal Contract Tower,5,4,28,0,37,0,21,126,3,150,5,25,154,3,187,58,0,58,245
03/03/2019,JQF,NC,ASO,ES,Federal Contract Tower,9,6,16,0,31,0,0,0,0,0,9,6,16,0,31,0,0,0,31
03/04/2019,JQF,NC,ASO,ES,Federal Contract Tower,14,8,26,0,48,0,8,106,0,114,14,16,132,0,162,190,0,190,352
03/05/2019,JQF,NC,ASO,ES,Federal Contract Tower,2,13,49,0,64,0,13,132,1,146,2,26,181,1,210,234,0,234,444
03/06/2019,JQF,NC,ASO,ES,Federal Contract Tower,10,10,48,1,69,0,11,157,1,169,10,21,205,2,238,196,0,196,434
03/08/2019,JQF,NC,ASO,ES,Federal Contract Tower,9,6,36,7,58,0,4,142,4,150,9,10,178,11,208,66,0,66,274
03/09/2019,JQF,NC,ASO,ES,Federal Contract Tower,5,6,17,0,28,0,0,0,0,0,5,6,17,0,28,0,0,0,28
03/10/2019,JQF,NC,ASO,ES,Federal Contract Tower,10,2,25,0,37,0,2,17,4,23,10,4,42,4,60,14,0,14,74
03/11/2019,JQF,NC,ASO,ES,Federal Contract Tower,13,7,28,3,51,0,18,102,22,142,13,25,130,25,193,174,0,174,367
03/12/2019,JQF,NC,ASO,ES,Federal Contract Tower,5,11,23,0,39,0,22,132,0,154,5,33,155,0,193,236,0,236,429
03/13/2019,JQF,NC,ASO,ES,Federal Contract Tower,10,10,53,0,73,0,10,177,0,187,10,20,230,0,260,196,0,196,456
03/14/2019,JQF,NC,ASO,ES,Federal Contract Tower,15,6,54,2,77,0,28,134,2,164,15,34,188,4,241,114,0,114,355
03/15/2019,JQF,NC,ASO,ES,Federal Contract Tower,10,9,21,0,40,0,2,33,0,35,10,11,54,0,75,68,0,68,143
03/16/2019,JQF,NC,ASO,ES,Federal Contract Tower,6,0,39,0,45,1,12,87,5,105,7,12,126,5,150,46,0,46,196
03/17/2019,JQF,NC,ASO,ES,Federal Contract Tower,10,1,37,0,48,0,9,144,2,155,10,10,181,2,203,120,0,120,323
03/18/2019,JQF,NC,ASO,ES,Federal Contract Tower,16,4,36,0,56,0,17,135,0,152,16,21,171,0,208,144,0,144,352
03/19/2019,JQF,NC,ASO,ES,Federal Contract Tower,4,6,41,2,53,0,19,101,4,124,4,25,142,6,177,122,0,122,299
03/20/2019,JQF,NC,ASO,ES,Federal Contract Tower,8,5,46,0,59,0,14,113,4,131,8,19,159,4,190,94,0,94,284
03/21/2019,JQF,NC,ASO,ES,Federal Contract Tower,10,8,37,2,57,2,22,79,1,104,12,30,116,3,161,132,0,132,293
03/22/2019,JQF,NC,ASO,ES,Federal Contract Tower,9,10,23,0,42,0,8,91,0,99,9,18,114,0,141,36,0,36,177
03/23/2019,JQF,NC,ASO,ES,Federal Contract Tower,4,3,32,0,39,0,5,185,1,191,4,8,217,1,230,108,0,108,338
03/24/2019,JQF,NC,ASO,ES,Federal Contract Tower,9,8,31,3,51,0,3,100,2,105,9,11,131,5,156,52,0,52,208
03/25/2019,JQF,NC,ASO,ES,Federal Contract Tower,7,17,27,0,51,0,6,98,0,104,7,23,125,0,155,54,0,54,209
03/26/2019,JQF,NC,ASO,ES,Federal Contract Tower,4,9,42,0,55,0,1,52,10,63,4,10,94,10,118,94,0,94,212
03/27/2019,JQF,NC,ASO,ES,Federal Contract Tower,10,15,45,1,71,0,17,110,7,134,10,32,155,8,205,98,0,98,303
03/28/2019,JQF,NC,ASO,ES,Federal Contract Tower,13,7,49,2,71,0,9,120,2,131,13,16,169,4,202,202,0,202,404
03/29/2019,JQF,NC,ASO,ES,Federal Contract Tower,13,7,46,0,66,0,10,153,9,172,13,17,199,9,238,118,0,118,356
03/30/2019,JQF,NC,ASO,ES,Federal Contract Tower,7,0,30,0,37,0,5,78,6,89,7,5,108,6,126,46,0,46,172
03/31/2019,JQF,NC,ASO,ES,Federal Contract Tower,17,2,32,0,51,0,5,47,0,52,17,7,79,0,103,58,0,58,161
04/01/2019,JQF,NC,ASO,ES,Federal Contract Tower,9,7,33,0,49,0,2,138,2,142,9,9,171,2,191,146,0,146,337
04/02/2019,JQF,NC,ASO,ES,Federal Contract Tower,3,9,32,0,44,0,14,46,11,71,3,23,78,11,115,98,0,98,213
04/03/2019,JQF,NC,ASO,ES,Federal Contract Tower,7,10,39,0,56,0,7,156,15,178,7,17,195,15,234,232,0,232,466
04/04/2019,JQF,NC,ASO,ES,Federal Contract Tower,12,8,49,2,71,0,13,113,2,128,12,21,162,4,199,98,0,98,297
04/05/2019,JQF,NC,ASO,ES,Federal Contract Tower,14,12,30,1,57,0,0,0,0,0,14,12,30,1,57,0,0,0,57
04/06/2019,JQF,NC,ASO,ES,Federal Contract Tower,6,0,32,0,38,0,7,95,4,106,6,7,127,4,144,290,0,290,434
04/07/2019,JQF,NC,ASO,ES,Federal Contract Tower,14,2,47,0,63,0,3,0,0,3,14,5,47,0,66,88,0,88,154
04/08/2019,JQF,NC,ASO,ES,Federal Contract Tower,8,8,38,0,54,0,5,49,0,54,8,13,87,0,108,84,0,84,192
04/09/2019,JQF,NC,ASO,ES,Federal Contract Tower,2,7,40,0,49,0,8,3,3,14,2,15,43,3,63,16,0,16,79
04/10/2019,JQF,NC,ASO,ES,Federal Contract Tower,10,9,56,1,76,0,27,180,7,214,10,36,236,8,290,152,0,152,442
04/11/2019,JQF,NC,ASO,ES,Federal Contract Tower,19,10,58,1,88,0,30,161,5,196,19,40,219,6,284,232,0,232,516
04/12/2019,JQF,NC,ASO,ES,Federal Contract Tower,9,5,29,0,43,0,4,20,1,25,9,9,49,1,68,34,0,34,102
04/13/2019,JQF,NC,ASO,ES,Federal Contract Tower,6,3,30,0,39,0,3,0,0,3,6,6,30,0,42,54,0,54,96
04/14/2019,JQF,NC,ASO,ES,Federal Contract Tower,10,4,38,0,52,0,1,3,1,5,10,5,41,1,57,6,0,6,63
04/15/2019,JQF,NC,ASO,ES,Federal Contract Tower,9,10,12,1,32,0,3,137,9,149,9,13,149,10,181,6,0,6,187
04/16/2019,JQF,NC,ASO,ES,Federal Contract Tower,4,13,32,0,49,0,9,171,2,182,4,22,203,2,231,88,0,88,319
04/17/2019,JQF,NC,ASO,ES,Federal Contract Tower,9,8,42,0,59,0,6,184,0,190,9,14,226,0,249,166,0,166,415
04/18/2019,JQF,NC,ASO,ES,Federal Contract Tower,8,11,51,0,70,0,11,148,4,163,8,22,199,4,233,226,0,226,459
04/19/2019,JQF,NC,ASO,ES,Federal Contract Tower,6,6,7,0,19,0,10,0,0,10,6,16,7,0,29,0,0,0,29
04/20/2019,JQF,NC,ASO,ES,Federal Contract Tower,6,0,20,0,26,0,6,33,0,39,6,6,53,0,65,16,0,16,81
04/21/2019,JQF,NC,ASO,ES,Federal Contract Tower,8,8,28,0,44,0,2,73,0,75,8,10,101,0,119,44,0,44,163
04/22/2019,JQF,NC,ASO,ES,Federal Contract Tower,7,7,44,0,58,0,10,170,6,186,7,17,214,6,244,176,0,176,420
04/23/2019,JQF,NC,ASO,ES,Federal Contract Tower,5,6,48,0,59,0,11,157,2,170,5,17,205,2,229,194,0,194,423
04/24/2019,JQF,NC,ASO,ES,Federal Contract Tower,6,6,46,0,58,0,3,179,0,182,6,9,225,0,240,168,0,168,408
04/25/2019,JQF,NC,ASO,ES,Federal Contract Tower,21,11,47,0,79,0,6,110,2,118,21,17,157,2,197,108,0,108,305
04/26/2019,JQF,NC,ASO,ES,Federal Contract Tower,11,10,23,0,44,0,9,14,0,23,11,19,37,0,67,32,0,32,99
04/27/2019,JQF,NC,ASO,ES,Federal Contract Tower,11,6,35,0,52,0,9,74,2,85,11,15,109,2,137,89,0,89,226
04/28/2019,JQF,NC,ASO,ES,Federal Contract Tower,18,21,54,0,93,0,6,93,2,101,18,27,147,2,194,48,0,48,242
04/29/2019,JQF,NC,ASO,ES,Federal Contract Tower,8,9,65,0,82,0,6,101,0,107,8,15,166,0,189,94,0,94,283
04/30/2019,JQF,NC,ASO,ES,Federal Contract Tower,0,10,50,0,60,0,29,138,4,171,0,39,188,4,231,78,0,78,309
05/01/2019,JQF,NC,ASO,ES,Federal Contract Tower,5,7,60,0,72,0,4,78,0,82,5,11,138,0,154,200,0,200,354
05/02/2019,JQF,NC,ASO,ES,Federal Contract Tower,17,5,48,1,71,0,12,125,8,145,17,17,173,9,216,116,0,116,332
05/03/2019,JQF,NC,ASO,ES,Federal Contract Tower,6,7,52,0,65,0,4,36,0,40,6,11,88,0,105,82,0,82,187
05/04/2019,JQF,NC,ASO,ES,Federal Contract Tower,7,2,32,0,41,0,2,23,0,25,7,4,55,0,66,48,0,48,114
05/05/2019,JQF,NC,ASO,ES,Federal Contract Tower,11,6,27,0,44,0,7,15,0,22,11,13,42,0,66,0,0,0,66
05/06/2019,JQF,NC,ASO,ES,Federal Contract Tower,17,11,38,0,66,0,12,150,0,162,17,23,188,0,228,78,0,78,306
05/07/2019,JQF,NC,ASO,ES,Federal Contract Tower,2,8,41,0,51,0,40,142,2,184,2,48,183,2,235,82,2,84,319
05/08/2019,JQF,NC,ASO,ES,Federal Contract Tower,4,15,40,0,59,0,19,145,0,164,4,34,185,0,223,182,0,182,405
05/09/2019,JQF,NC,ASO,ES,Federal Contract Tower,15,9,53,0,77,0,4,67,2,73,15,13,120,2,150,36,0,36,186
05/10/2019,JQF,NC,ASO,ES,Federal Contract Tower,8,6,48,0,62,0,2,9,0,11,8,8,57,0,73,0,0,0,73
05/11/2019,JQF,NC,ASO,ES,Federal Contract Tower,6,0,16,0,22,0,2,4,0,6,6,2,20,0,28,0,0,0,28
05/12/2019,JQF,NC,ASO,ES,Federal Contract Tower,9,4,19,0,32,0,7,16,0,23,9,11,35,0,55,6,0,6,61
05/13/2019,JQF,NC,ASO,ES,Federal Contract Tower,8,5,43,0,56,0,24,120,20,164,8,29,163,20,220,34,0,34,254
05/14/2019,JQF,NC,ASO,ES,Federal Contract Tower,2,5,42,0,49,0,12,170,1,183,2,17,212,1,232,168,0,168,400
05/15/2019,JQF,NC,ASO,ES,Federal Contract Tower,10,7,65,0,82,0,13,167,2,182,10,20,232,2,264,38,0,38,302
05/16/2019,JQF,NC,ASO,ES,Federal Contract Tower,11,13,62,0,86,0,7,165,0,172,11,20,227,0,258,118,8,126,384
05/17/2019,JQF,NC,ASO,ES,Federal Contract Tower,11,9,63,1,84,0,7,116,0,123,11,16,179,1,207,90,0,90,297
05/18/2019,JQF,NC,ASO,ES,Federal Contract Tower,7,1,35,1,44,0,104,98,1,203,7,105,133,2,247,50,0,50,297
05/19/2019,JQF,NC,ASO,ES,Federal Contract Tower,10,4,43,0,57,0,9,47,0,56,10,13,90,0,113,6,0,6,119
05/20/2019,JQF,NC,ASO,ES,Federal Contract Tower,10,8,30,0,48,0,5,82,3,90,10,13,112,3,138,82,0,82,220
05/21/2019,JQF,NC,ASO,ES,Federal Contract Tower,6,8,50,0,64,0,4,130,0,134,6,12,180,0,198,132,0,132,330
05/22/2019,JQF,NC,ASO,ES,Federal Contract Tower,8,14,69,0,91,0,6,83,0,89,8,20,152,0,180,68,0,68,248
05/23/2019,JQF,NC,ASO,ES,Federal Contract Tower,12,8,70,0,90,0,18,103,0,121,12,26,173,0,211,82,6,88,299
05/24/2019,JQF,NC,ASO,ES,Federal Contract Tower,12,3,55,3,73,0,18,146,12,176,12,21,201,15,249,64,0,64,313
05/25/2019,JQF,NC,ASO,ES,Federal Contract Tower,6,6,33,0,45,0,13,111,3,127,6,19,144,3,172,30,0,30,202
05/26/2019,JQF,NC,ASO,ES,Federal Contract Tower,12,1,45,2,60,0,76,40,27,143,12,77,85,29,203,16,0,16,219
05/27/2019,JQF,NC,ASO,ES,Federal Contract Tower,13,2,43,0,58,0,18,83,14,115,13,20,126,14,173,52,0,52,225
05/28/2019,JQF,NC,ASO,ES,Federal Contract Tower,6,10,53,0,69,0,9,147,1,157,6,19,200,1,226,92,0,92,318
05/29/2019,JQF,NC,ASO,ES,Federal Contract Tower,8,10,38,0,56,0,12,121,1,134,8,22,159,1,190,72,0,72,262
05/30/2019,JQF,NC,ASO,ES,Federal Contract Tower,19,11,30,0,60,0,7,137,0,144,19,18,167,0,204,66,0,66,270
05/31/2019,JQF,NC,ASO,ES,Federal Contract Tower,13,4,46,0,63,0,12,150,0,162,13,16,196,0,225,66,0,66,291
06/01/2019,JQF,NC,ASO,ES,Federal Contract Tower,9,5,27,0,41,0,7,132,2,141,9,12,159,2,182,72,0,72,254
06/02/2019,JQF,NC,ASO,ES,Federal Contract Tower,19,5,41,3,68,0,5,169,2,176,19,10,210,5,244,80,0,80,324
06/03/2019,JQF,NC,ASO,ES,Federal Contract Tower,15,5,45,0,65,0,9,111,0,120,15,14,156,0,185,82,0,82,267
06/04/2019,JQF,NC,ASO,ES,Federal Contract Tower,6,6,42,0,54,0,10,138,0,148,6,16,180,0,202,80,0,80,282
06/05/2019,JQF,NC,ASO,ES,Federal Contract Tower,11,9,55,0,75,0,2,27,1,30,11,11,82,1,105,38,0,38,143
06/06/2019,JQF,NC,ASO,ES,Federal Contract Tower,13,9,50,0,72,0,18,113,0,131,13,27,163,0,203,92,0,92,295
06/07/2019,JQF,NC,ASO,ES,Federal Contract Tower,19,15,23,2,59,0,6,22,0,28,19,21,45,2,87,0,0,0,87
06/08/2019,JQF,NC,ASO,ES,Federal Contract Tower,11,3,12,3,29,0,4,7,0,11,11,7,19,3,40,36,0,36,76
06/09/2019,JQF,NC,ASO,ES,Federal Contract Tower,14,0,24,0,38,0,0,0,0,0,14,0,24,0,38,0,0,0,38
06/10/2019,JQF,NC,ASO,ES,Federal Contract Tower,15,14,33,0,62,0,5,18,0,23,15,19,51,0,85,2,0,2,87
06/11/2019,JQF,NC,ASO,ES,Federal Contract Tower,6,7,31,2,46,0,11,154,0,165,6,18,185,2,211,88,0,88,299
06/13/2019,JQF,NC,ASO,ES,Federal Contract Tower,14,8,43,0,65,0,8,127,0,135,14,16,170,0,200,94,0,94,294
06/14/2019,JQF,NC,ASO,ES,Federal Contract Tower,12,8,41,0,61,0,15,201,0,216,12,23,242,0,277,106,0,106,383
06/15/2019,JQF,NC,ASO,ES,Federal Contract Tower,7,0,19,0,26,0,10,142,6,158,7,10,161,6,184,94,0,94,278
06/16/2019,JQF,NC,ASO,ES,Federal Contract Tower,14,4,31,0,49,0,8,104,0,112,14,12,135,0,161,82,0,82,243
06/17/2019,JQF,NC,ASO,ES,Federal Contract Tower,12,6,45,2,65,0,5,113,2,120,12,11,158,4,185,136,0,136,321
06/19/2019,JQF,NC,ASO,ES,Federal Contract Tower,10,14,35,0,59,0,30,59,9,98,10,44,94,9,157,60,0,60,217
06/20/2019,JQF,NC,ASO,ES,Federal Contract Tower,16,8,31,0,55,0,8,59,4,71,16,16,90,4,126,84,0,84,210
06/21/2019,JQF,NC,ASO,ES,Federal Contract Tower,11,8,38,0,57,0,16,134,0,150,11,24,172,0,207,76,0,76,283
06/22/2019,JQF,NC,ASO,ES,Federal Contract Tower,8,1,18,0,27,0,9,104,0,113,8,10,122,0,140,56,0,56,196
06/23/2019,JQF,NC,ASO,ES,Federal Contract Tower,11,0,16,0,27,0,3,68,2,73,11,3,84,2,100,20,0,20,120
06/24/2019,JQF,NC,ASO,ES,Federal Contract Tower,20,8,35,0,63,0,1,103,1,105,20,9,138,1,168,126,0,126,294
06/25/2019,JQF,NC,ASO,ES,Federal Contract Tower,7,9,43,0,59,0,9,121,1,131,7,18,164,1,190,84,0,84,274
06/26/2019,JQF,NC,ASO,ES,Federal Contract Tower,11,9,64,0,84,0,13,173,2,188,11,22,237,2,272,48,0,48,320
06/27/2019,JQF,NC,ASO,ES,Federal Contract Tower,12,10,49,0,71,0,18,146,6,170,12,28,195,6,241,30,0,30,271
06/28/2019,JQF,NC,ASO,ES,Federal Contract Tower,20,10,46,0,76,0,14,140,2,156,20,24,186,2,232,72,0,72,304
06/29/2019,JQF,NC,ASO,ES,Federal Contract Tower,9,4,14,0,27,0,14,136,0,150,9,18,150,0,177,62,0,62,239
06/30/2019,JQF,NC,ASO,ES,Federal Contract Tower,15,7,25,0,47,0,24,58,0,82,15,31,83,0,129,24,0,24,153
07/01/2019,JQF,NC,ASO,ES,Federal Contract Tower,12,10,31,0,53,0,5,119,2,126,12,15,150,2,179,98,0,98,277
07/02/2019,JQF,NC,ASO,ES,Federal Contract Tower,6,10,42,0,58,0,7,102,0,109,6,17,144,0,167,136,0,136,303
07/03/2019,JQF,NC,ASO,ES,Federal Contract Tower,14,5,43,0,62,0,12,99,0,111,14,17,142,0,173,142,0,142,315
07/04/2019,JQF,NC,ASO,ES,Federal Contract Tower,20,4,18,0,42,0,9,35,0,44,20,13,53,0,86,30,0,30,116
07/05/2019,JQF,NC,ASO,ES,Federal Contract Tower,13,5,27,0,45,0,5,18,0,23,13,10,45,0,68,14,0,14,82
07/06/2019,JQF,NC,ASO,ES,Federal Contract Tower,9,2,28,0,39,0,8,34,0,42,9,10,62,0,81,26,0,26,107
07/07/2019,JQF,NC,ASO,ES,Federal Contract Tower,21,10,45,0,76,0,0,71,0,71,21,10,116,0,147,10,0,10,157
07/08/2019,JQF,NC,ASO,ES,Federal Contract Tower,6,10,25,0,41,0,6,80,2,88,6,16,105,2,129,20,0,20,149
07/09/2019,JQF,NC,ASO,ES,Federal Contract Tower,10,5,54,0,69,0,7,13,0,20,10,12,67,0,89,32,0,32,121
07/10/2019,JQF,NC,ASO,ES,Federal Contract Tower,10,6,55,0,71,0,5,73,2,80,10,11,128,2,151,54,0,54,205
07/11/2019,JQF,NC,ASO,ES,Federal Contract Tower,21,12,42,1,76,0,8,50,0,58,21,20,92,1,134,30,0,30,164
07/12/2019,JQF,NC,ASO,ES,Federal Contract Tower,13,12,50,0,75,0,0,73,0,73,13,12,123,0,148,0,0,0,148
07/13/2019,JQF,NC,ASO,ES,Federal Contract Tower,9,8,36,2,55,0,10,86,12,108,9,18,122,14,163,2,0,2,165
07/14/2019,JQF,NC,ASO,ES,Federal Contract Tower,21,5,26,0,52,0,13,83,2,98,21,18,109,2,150,42,0,42,192
07/15/2019,JQF,NC,ASO,ES,Federal Contract Tower,15,9,35,0,59,0,9,78,0,87,15,18,113,0,146,32,0,32,178
07/16/2019,JQF,NC,ASO,ES,Federal Contract Tower,6,5,39,0,50,0,2,82,0,84,6,7,121,0,134,30,0,30,164
07/17/2019,JQF,NC,ASO,ES,Federal Contract Tower,12,10,42,0,64,0,11,77,0,88,12,21,119,0,152,4,6,10,162
07/18/2019,JQF,NC,ASO,ES,Federal Contract Tower,21,14,48,2,85,0,16,93,3,112,21,30,141,5,197,8,0,8,205
07/19/2019,JQF,NC,ASO,ES,Federal Contract Tower,11,16,33,0,60,0,11,99,0,110,11,27,132,0,170,12,0,12,182
07/20/2019,JQF,NC,ASO,ES,Federal Contract Tower,10,1,30,0,41,0,4,76,4,84,10,5,106,4,125,32,0,32,157
07/21/2019,JQF,NC,ASO,ES,Federal Contract Tower,20,0,28,1,49,0,16,64,0,80,20,16,92,1,129,4,0,4,133
07/22/2019,JQF,NC,ASO,ES,Federal Contract Tower,14,5,18,2,39,0,15,63,3,81,14,20,81,5,120,0,0,0,120
07/23/2019,JQF,NC,ASO,ES,Federal Contract Tower,6,14,24,0,44,0,3,32,0,35,6,17,56,0,79,0,0,0,79
07/24/2019,JQF,NC,ASO,ES,Federal Contract Tower,10,11,52,0,73,0,22,107,4,133,10,33,159,4,206,24,0,24,230
07/25/2019,JQF,NC,ASO,ES,Federal Contract Tower,13,8,45,0,66,0,6,77,0,83,13,14,122,0,149,8,0,8,157
07/26/2019,JQF,NC,ASO,ES,Federal Contract Tower,21,8,31,0,60,0,9,73,0,82,21,17,104,0,142,4,0,4,146
07/27/2019,JQF,NC,ASO,ES,Federal Contract Tower,7,0,28,0,35,0,10,91,3,104,7,10,119,3,139,20,4,24,163
07/28/2019,JQF,NC,ASO,ES,Federal Contract Tower,21,6,31,0,58,0,4,65,0,69,21,10,96,0,127,4,0,4,131
07/29/2019,JQF,NC,ASO,ES,Federal Contract Tower,12,7,31,0,50,0,10,90,2,102,12,17,121,2,152,2,0,2,154
07/30/2019,JQF,NC,ASO,ES,Federal Contract Tower,6,7,28,0,41,0,18,98,0,116,6,25,126,0,157,32,0,32,189
07/31/2019,JQF,NC,ASO,ES,Federal Contract Tower,9,6,28,0,43,0,8,80,0,88,9,14,108,0,131,0,2,2,133
08/01/2019,JQF,NC,ASO,ES,Federal Contract Tower,16,12,32,0,60,0,1,45,0,46,16,13,77,0,106,2,0,2,108
08/02/2019,JQF,NC,ASO,ES,Federal Contract Tower,18,14,41,0,73,0,14,39,4,57,18,28,80,4,130,0,0,0,130
08/03/2019,JQF,NC,ASO,ES,Federal Contract Tower,9,2,34,1,46,0,7,32,2,41,9,9,66,3,87,2,0,2,89
08/04/2019,JQF,NC,ASO,ES,Federal Contract Tower,19,8,30,0,57,0,7,50,0,57,19,15,80,0,114,8,0,8,122
08/05/2019,JQF,NC,ASO,ES,Federal Contract Tower,10,8,45,0,63,0,2,53,0,55,10,10,98,0,118,24,0,24,142
08/06/2019,JQF,NC,ASO,ES,Federal Contract Tower,8,5,33,0,46,0,24,119,0,143,8,29,152,0,189,4,0,4,193
08/07/2019,JQF,NC,ASO,ES,Federal Contract Tower,6,12,41,0,59,0,8,84,0,92,6,20,125,0,151,4,0,4,155
08/08/2019,JQF,NC,ASO,ES,Federal Contract Tower,16,12,32,1,61,0,3,105,1,109,16,15,137,2,170,16,0,16,186
08/09/2019,JQF,NC,ASO,ES,Federal Contract Tower,15,6,29,0,50,0,7,114,0,121,15,13,143,0,171,30,0,30,201
08/10/2019,JQF,NC,ASO,ES,Federal Contract Tower,9,1,23,0,33,0,8,89,0,97,9,9,112,0,130,32,0,32,162
08/11/2019,JQF,NC,ASO,ES,Federal Contract Tower,22,3,39,0,64,0,12,66,0,78,22,15,105,0,142,4,0,4,146
08/12/2019,JQF,NC,ASO,ES,Federal Contract Tower,14,5,26,0,45,0,13,62,3,78,14,18,88,3,123,0,0,0,123
08/13/2019,JQF,NC,ASO,ES,Federal Contract Tower,6,8,27,2,43,0,11,107,2,120,6,19,134,4,163,0,0,0,163
08/14/2019,JQF,NC,ASO,ES,Federal Contract Tower,8,10,38,0,56,0,9,96,0,105,8,19,134,0,161,0,0,0,161
08/15/2019,JQF,NC,ASO,ES,Federal Contract Tower,16,10,33,0,59,0,16,127,0,143,16,26,160,0,202,0,0,0,202
08/16/2019,JQF,NC,ASO,ES,Federal Contract Tower,11,14,43,0,68,0,10,99,6,115,11,24,142,6,183,0,0,0,183
08/17/2019,JQF,NC,ASO,ES,Federal Contract Tower,10,7,29,0,46,0,6,34,0,40,10,13,63,0,86,0,0,0,86
08/18/2019,JQF,NC,ASO,ES,Federal Contract Tower,18,5,41,0,64,0,10,66,2,78,18,15,107,2,142,0,0,0,142
08/19/2019,JQF,NC,ASO,ES,Federal Contract Tower,14,8,25,0,47,0,3,53,0,56,14,11,78,0,103,0,0,0,103
08/20/2019,JQF,NC,ASO,ES,Federal Contract Tower,3,6,44,0,53,0,8,86,0,94,3,14,130,0,147,0,0,0,147
08/21/2019,JQF,NC,ASO,ES,Federal Contract Tower,5,11,51,1,68,0,9,61,1,71,5,20,112,2,139,2,0,2,141
08/22/2019,JQF,NC,ASO,ES,Federal Contract Tower,11,10,52,0,73,0,11,106,0,117,11,21,158,0,190,4,0,4,194
08/23/2019,JQF,NC,ASO,ES,Federal Contract Tower,10,6,39,0,55,0,2,102,0,104,10,8,141,0,159,0,0,0,159
08/24/2019,JQF,NC,ASO,ES,Federal Contract Tower,8,1,28,0,37,0,2,0,0,2,8,3,28,0,39,0,0,0,39
08/25/2019,JQF,NC,ASO,ES,Federal Contract Tower,10,4,37,0,51,0,4,48,2,54,10,8,85,2,105,2,0,2,107
08/26/2019,JQF,NC,ASO,ES,Federal Contract Tower,10,8,40,0,58,0,7,110,0,117,10,15,150,0,175,2,0,2,177
08/27/2019,JQF,NC,ASO,ES,Federal Contract Tower,2,10,48,3,63,0,5,8,1,14,2,15,56,4,77,0,0,0,77
08/28/2019,JQF,NC,ASO,ES,Federal Contract Tower,4,14,66,0,84,0,9,71,0,80,4,23,137,0,164,0,0,0,164
08/29/2019,JQF,NC,ASO,ES,Federal Contract Tower,10,8,40,0,58,0,6,124,0,130,10,14,164,0,188,6,0,6,194
08/30/2019,JQF,NC,ASO,ES,Federal Contract Tower,11,10,43,0,64,0,17,109,6,132,11,27,152,6,196,2,0,2,198
08/31/2019,JQF,NC,ASO,ES,Federal Contract Tower,7,4,30,0,41,0,8,92,2,102,7,12,122,2,143,0,0,0,143
09/01/2019,JQF,NC,ASO,ES,Federal Contract Tower,6,2,23,0,31,0,4,79,0,83,6,6,102,0,114,0,0,0,114
09/02/2019,JQF,NC,ASO,ES,Federal Contract Tower,8,1,38,0,47,0,5,108,0,113,8,6,146,0,160,0,0,0,160
09/03/2019,JQF,NC,ASO,ES,Federal Contract Tower,4,11,46,0,61,0,11,107,6,124,4,22,153,6,185,0,0,0,185
09/04/2019,JQF,NC,ASO,ES,Federal Contract Tower,0,14,30,0,44,0,21,71,0,92,0,35,101,0,136,14,0,14,150
09/05/2019,JQF,NC,ASO,ES,Federal Contract Tower,8,10,15,2,35,0,9,18,1,28,8,19,33,3,63,0,0,0,63
09/06/2019,JQF,NC,ASO,ES,Federal Contract Tower,14,7,35,0,56,0,28,57,3,88,14,35,92,3,144,4,0,4,148
09/07/2019,JQF,NC,ASO,ES,Federal Contract Tower,9,5,16,3,33,0,15,100,5,120,9,20,116,8,153,4,0,4,157
09/08/2019,JQF,NC,ASO,ES,Federal Contract Tower,17,10,40,0,67,0,9,66,0,75,17,19,106,0,142,0,0,0,142
09/09/2019,JQF,NC,ASO,ES,Federal Contract Tower,9,5,24,0,38,0,3,107,0,110,9,8,131,0,148,4,0,4,152
09/10/2019,JQF,NC,ASO,ES,Federal Contract Tower,1,11,46,0,58,0,27,65,0,92,1,38,111,0,150,10,0,10,160
09/11/2019,JQF,NC,ASO,ES,Federal Contract Tower,0,15,53,0,68,0,19,94,11,124,0,34,147,11,192,4,0,4,196
09/12/2019,JQF,NC,ASO,ES,Federal Contract Tower,28,10,42,0,80,0,4,111,2,117,28,14,153,2,197,10,0,10,207
09/13/2019,JQF,NC,ASO,ES,Federal Contract Tower,10,11,37,0,58,0,10,77,0,87,10,21,114,0,145,6,0,6,151
09/14/2019,JQF,NC,ASO,ES,Federal Contract Tower,7,4,33,0,44,0,6,51,0,57,7,10,84,0,101,0,0,0,101
09/15/2019,JQF,NC,ASO,ES,Federal Contract Tower,8,20,36,0,64,0,2,81,0,83,8,22,117,0,147,2,0,2,149
09/16/2019,JQF,NC,ASO,ES,Federal Contract Tower,11,8,40,0,59,0,5,133,0,138,11,13,173,0,197,0,0,0,197
09/17/2019,JQF,NC,ASO,ES,Federal Contract Tower,2,16,40,0,58,0,12,120,3,135,2,28,160,3,193,4,8,12,205
09/18/2019,JQF,NC,ASO,ES,Federal Contract Tower,0,10,44,23,77,0,5,117,0,122,0,15,161,23,199,4,0,4,203
09/19/2019,JQF,NC,ASO,ES,Federal Contract Tower,16,11,47,0,74,0,16,128,2,146,16,27,175,2,220,0,0,0,220
09/20/2019,JQF,NC,ASO,ES,Federal Contract Tower,9,8,48,0,65,0,6,136,0,142,9,14,184,0,207,8,0,8,215
09/21/2019,JQF,NC,ASO,ES,Federal Contract Tower,9,1,39,0,49,0,7,98,5,110,9,8,137,5,159,0,0,0,159
09/22/2019,JQF,NC,ASO,ES,Federal Contract Tower,15,5,42,0,62,0,9,88,6,103,15,14,130,6,165,2,0,2,167
09/23/2019,JQF,NC,ASO,ES,Federal Contract Tower,11,12,50,0,73,0,8,104,0,112,11,20,154,0,185,0,0,0,185
09/24/2019,JQF,NC,ASO,ES,Federal Contract Tower,0,11,58,0,69,0,13,91,2,106,0,24,149,2,175,2,0,2,177
09/25/2019,JQF,NC,ASO,ES,Federal Contract Tower,2,17,42,4,65,0,6,88,2,96,2,23,130,6,161,0,0,0,161
09/26/2019,JQF,NC,ASO,ES,Federal Contract Tower,8,10,45,0,63,0,14,119,2,135,8,24,164,2,198,6,0,6,204
09/27/2019,JQF,NC,ASO,ES,Federal Contract Tower,8,8,53,2,71,0,14,126,0,140,8,22,179,2,211,0,0,0,211
09/28/2019,JQF,NC,ASO,ES,Federal Contract Tower,6,10,35,0,51,0,39,95,0,134,6,49,130,0,185,8,0,8,193
09/29/2019,JQF,NC,ASO,ES,Federal Contract Tower,8,6,67,0,81,0,103,79,0,182,8,109,146,0,263,4,0,4,267
09/30/2019,JQF,NC,ASO,ES,Federal Contract Tower,8,8,51,0,67,0,4,40,0,44,8,12,91,0,111,0,0,0,111
10/01/2019,JQF,NC,ASO,ES,Federal Contract Tower,0,3,62,0,65,0,8,89,0,97,0,11,151,0,162,0,0,0,162
10/02/2019,JQF,NC,ASO,ES,Federal Contract Tower,4,5,29,0,38,0,8,121,1,130,4,13,150,1,168,4,0,4,172
10/03/2019,JQF,NC,ASO,ES,Federal Contract Tower,15,11,35,0,61,0,7,140,0,147,15,18,175,0,208,4,0,4,212
10/04/2019,JQF,NC,ASO,ES,Federal Contract Tower,12,7,44,0,63,0,24,165,0,189,12,31,209,0,252,4,0,4,256
10/05/2019,JQF,NC,ASO,ES,Federal Contract Tower,9,1,29,1,40,0,12,86,1,99,9,13,115,2,139,12,0,12,151
10/06/2019,JQF,NC,ASO,ES,Federal Contract Tower,20,10,43,0,73,0,10,209,0,219,20,20,252,0,292,70,0,70,362
10/07/2019,JQF,NC,ASO,ES,Federal Contract Tower,11,10,34,4,59,0,6,124,0,130,11,16,158,4,189,50,4,54,243
10/08/2019,JQF,NC,ASO,ES,Federal Contract Tower,4,12,63,0,79,0,2,38,0,40,4,14,101,0,119,4,0,4,123
10/09/2019,JQF,NC,ASO,ES,Federal Contract Tower,6,11,37,0,54,0,26,116,0,142,6,37,153,0,196,10,0,10,206
10/10/2019,JQF,NC,ASO,ES,Federal Contract Tower,18,25,59,0,102,0,59,145,0,204,18,84,204,0,306,2,0,2,308
10/11/2019,JQF,NC,ASO,ES,Federal Contract Tower,17,22,56,0,95,0,33,161,0,194,17,55,217,0,289,20,0,20,309
10/12/2019,JQF,NC,ASO,ES,Federal Contract Tower,8,8,27,0,43,0,14,168,9,191,8,22,195,9,234,26,0,26,260
10/13/2019,JQF,NC,ASO,ES,Federal Contract Tower,14,7,51,0,72,0,0,2,0,2,14,7,53,0,74,0,0,0,74
10/14/2019,JQF,NC,ASO,ES,Federal Contract Tower,21,15,62,0,98,0,7,98,4,109,21,22,160,4,207,0,0,0,207
10/15/2019,JQF,NC,ASO,ES,Federal Contract Tower,4,11,38,0,53,0,13,95,0,108,4,24,133,0,161,4,0,4,165
10/16/2019,JQF,NC,ASO,ES,Federal Contract Tower,6,5,35,0,46,0,2,25,0,27,6,7,60,0,73,0,0,0,73
10/17/2019,JQF,NC,ASO,ES,Federal Contract Tower,17,10,38,0,65,0,4,124,5,133,17,14,162,5,198,2,0,2,200
10/18/2019,JQF,NC,ASO,ES,Federal Contract Tower,16,6,43,0,65,0,13,142,1,156,16,19,185,1,221,0,0,0,221
10/19/2019,JQF,NC,ASO,ES,Federal Contract Tower,10,1,20,0,31,0,3,45,0,48,10,4,65,0,79,2,0,2,81
10/20/2019,JQF,NC,ASO,ES,Federal Contract Tower,20,10,33,0,63,0,7,19,0,26,20,17,52,0,89,2,0,2,91
10/21/2019,JQF,NC,ASO,ES,Federal Contract Tower,10,7,36,0,53,0,6,70,0,76,10,13,106,0,129,0,0,0,129
10/23/2019,JQF,NC,ASO,ES,Federal Contract Tower,4,6,56,0,66,0,13,133,3,149,4,19,189,3,215,64,0,64,279
10/24/2019,JQF,NC,ASO,ES,Federal Contract Tower,10,6,35,3,54,0,5,122,15,142,10,11,157,18,196,98,0,98,294
10/25/2019,JQF,NC,ASO,ES,Federal Contract Tower,11,8,40,0,59,0,14,132,0,146,11,22,172,0,205,192,0,192,397
10/26/2019,JQF,NC,ASO,ES,Federal Contract Tower,6,2,27,2,37,0,7,134,0,141,6,9,161,2,178,127,0,127,305
10/27/2019,JQF,NC,ASO,ES,Federal Contract Tower,10,3,29,0,42,0,5,69,2,76,10,8,98,2,118,32,0,32,150
10/28/2019,JQF,NC,ASO,ES,Federal Contract Tower,12,10,29,0,51,0,6,178,0,184,12,16,207,0,235,144,0,144,379
10/29/2019,JQF,NC,ASO,ES,Federal Contract Tower,4,13,38,0,55,0,8,21,0,29,4,21,59,0,84,228,0,228,312
10/30/2019,JQF,NC,ASO,ES,Federal Contract Tower,6,9,36,0,51,0,0,0,0,0,6,9,36,0,51,0,0,0,51
10/31/2019,JQF,NC,ASO,ES,Federal Contract Tower,8,8,23,0,39,0,5,0,0,5,8,13,23,0,44,0,0,0,44
11/01/2019,JQF,NC,ASO,ES,Federal Contract Tower,17,10,52,0,79,0,8,185,0,193,17,18,237,0,272,150,0,150,422
11/02/2019,JQF,NC,ASO,ES,Federal Contract Tower,8,9,16,1,34,0,7,169,5,181,8,16,185,6,215,46,0,46,261
11/03/2019,JQF,NC,ASO,ES,Federal Contract Tower,17,5,36,1,59,0,26,178,6,210,17,31,214,7,269,148,0,148,417
11/04/2019,JQF,NC,ASO,ES,Federal Contract Tower,13,9,30,2,54,0,20,189,8,217,13,29,219,10,271,46,0,46,317
11/05/2019,JQF,NC,ASO,ES,Federal Contract Tower,3,13,32,0,48,0,10,160,0,170,3,23,192,0,218,60,0,60,278
11/06/2019,JQF,NC,ASO,ES,Federal Contract Tower,4,7,45,2,58,0,15,144,0,159,4,22,189,2,217,42,0,42,259
11/07/2019,JQF,NC,ASO,ES,Federal Contract Tower,18,11,47,2,78,0,10,104,0,114,18,21,151,2,192,26,0,26,218
11/08/2019,JQF,NC,ASO,ES,Federal Contract Tower,13,10,41,0,64,0,5,105,1,111,13,15,146,1,175,34,0,34,209
11/09/2019,JQF,NC,ASO,ES,Federal Contract Tower,8,6,19,0,33,0,14,93,0,107,8,20,112,0,140,104,0,104,244
11/10/2019,JQF,NC,ASO,ES,Federal Contract Tower,14,9,54,0,77,0,0,122,0,122,14,9,176,0,199,194,0,194,393
11/11/2019,JQF,NC,ASO,ES,Federal Contract Tower,13,11,40,0,64,0,15,157,0,172,13,26,197,0,236,116,0,116,352
11/12/2019,JQF,NC,ASO,ES,Federal Contract Tower,4,11,34,0,49,0,2,19,0,21,4,13,53,0,70,10,0,10,80
11/13/2019,JQF,NC,ASO,ES,Federal Contract Tower,4,8,43,1,56,0,16,170,0,186,4,24,213,1,242,118,0,118,360
11/14/2019,JQF,NC,ASO,ES,Federal Contract Tower,17,11,56,0,84,0,8,73,0,81,17,19,129,0,165,212,0,212,377
11/15/2019,JQF,NC,ASO,ES,Federal Contract Tower,17,11,41,0,69,0,6,76,0,82,17,17,117,0,151,128,0,128,279
11/16/2019,JQF,NC,ASO,ES,Federal Contract Tower,11,8,17,0,36,0,6,35,6,47,11,14,52,6,83,6,0,6,89
11/17/2019,JQF,NC,ASO,ES,Federal Contract Tower,23,3,32,0,58,0,8,124,0,132,23,11,156,0,190,158,2,160,350
11/18/2019,JQF,NC,ASO,ES,Federal Contract Tower,14,11,15,0,40,0,0,2,0,2,14,11,17,0,42,0,0,0,42
11/19/2019,JQF,NC,ASO,ES,Federal Contract Tower,5,9,43,2,59,0,7,74,0,81,5,16,117,2,140,76,0,76,216
11/20/2019,JQF,NC,ASO,ES,Federal Contract Tower,4,10,42,0,56,0,17,182,1,200,4,27,224,1,256,184,0,184,440
11/21/2019,JQF,NC,ASO,ES,Federal Contract Tower,10,10,48,1,69,0,17,142,8,167,10,27,190,9,236,138,0,138,374
11/22/2019,JQF,NC,ASO,ES,Federal Contract Tower,14,11,53,0,78,0,6,124,0,130,14,17,177,0,208,84,0,84,292
11/23/2019,JQF,NC,ASO,ES,Federal Contract Tower,6,9,15,0,30,0,0,0,0,0,6,9,15,0,30,0,0,0,30
11/24/2019,JQF,NC,ASO,ES,Federal Contract Tower,10,9,49,0,68,0,14,131,0,145,10,23,180,0,213,54,0,54,267
11/25/2019,JQF,NC,ASO,ES,Federal Contract Tower,14,8,44,1,67,0,24,149,1,174,14,32,193,2,241,116,0,116,357
11/26/2019,JQF,NC,ASO,ES,Federal Contract Tower,8,16,40,0,64,0,15,233,7,255,8,31,273,7,319,52,0,52,371
11/27/2019,JQF,NC,ASO,ES,Federal Contract Tower,11,9,44,0,64,0,4,6,0,10,11,13,50,0,74,26,0,26,100
11/28/2019,JQF,NC,ASO,ES,Federal Contract Tower,4,1,7,0,12,0,9,21,0,30,4,10,28,0,42,32,0,32,74
11/29/2019,JQF,NC,ASO,ES,Federal Contract Tower,15,10,38,0,63,0,9,87,7,103,15,19,125,7,166,46,0,46,212
11/30/2019,JQF,NC,ASO,ES,Federal Contract Tower,12,2,39,0,53,1,3,59,0,63,13,5,98,0,116,72,0,72,188
12/01/2019,JQF,NC,ASO,ES,Federal Contract Tower,16,13,30,0,59,0,6,4,0,10,16,19,34,0,69,0,0,0,69
12/02/2019,JQF,NC,ASO,ES,Federal Contract Tower,14,14,30,1,59,0,9,65,1,75,14,23,95,2,134,40,0,40,174
12/03/2019,JQF,NC,ASO,ES,Federal Contract Tower,0,9,64,0,73,0,6,183,2,191,0,15,247,2,264,110,0,110,374
12/04/2019,JQF,NC,ASO,ES,Federal Contract Tower,5,20,41,0,66,0,16,115,0,131,5,36,156,0,197,108,0,108,305
12/05/2019,JQF,NC,ASO,ES,Federal Contract Tower,10,24,32,0,66,0,3,135,0,138,10,27,167,0,204,114,0,114,318
12/06/2019,JQF,NC,ASO,ES,Federal Contract Tower,19,10,44,0,73,0,11,118,5,134,19,21,162,5,207,80,2,82,289
12/07/2019,JQF,NC,ASO,ES,Federal Contract Tower,6,4,26,1,37,0,13,126,5,144,6,17,152,6,181,120,0,120,301
12/08/2019,JQF,NC,ASO,ES,Federal Contract Tower,9,3,35,1,48,0,9,108,0,117,9,12,143,1,165,108,0,108,273
12/09/2019,JQF,NC,ASO,ES,Federal Contract Tower,14,4,30,0,48,0,0,0,0,0,14,4,30,0,48,0,0,0,48
12/10/2019,JQF,NC,ASO,ES,Federal Contract Tower,0,3,30,0,33,0,0,0,0,0,0,3,30,0,33,0,0,0,33
12/11/2019,JQF,NC,ASO,ES,Federal Contract Tower,2,15,32,0,49,0,17,167,0,184,2,32,199,0,233,130,0,130,363
12/12/2019,JQF,NC,ASO,ES,Federal Contract Tower,8,11,48,0,67,0,11,158,13,182,8,22,206,13,249,118,2,120,369
12/13/2019,JQF,NC,ASO,ES,Federal Contract Tower,19,5,12,0,36,0,0,0,0,0,19,5,12,0,36,0,0,0,36
12/14/2019,JQF,NC,ASO,ES,Federal Contract Tower,4,1,13,0,18,0,5,11,0,16,4,6,24,0,34,0,0,0,34
12/15/2019,JQF,NC,ASO,ES,Federal Contract Tower,8,6,30,2,46,0,15,108,6,129,8,21,138,8,175,146,2,148,323
12/16/2019,JQF,NC,ASO,ES,Federal Contract Tower,14,13,37,0,64,0,14,66,4,84,14,27,103,4,148,66,0,66,214
12/17/2019,JQF,NC,ASO,ES,Federal Contract Tower,2,11,37,0,50,0,24,0,0,24,2,35,37,0,74,0,0,0,74
12/18/2019,JQF,NC,ASO,ES,Federal Contract Tower,5,9,60,0,74,0,29,185,12,226,5,38,245,12,300,72,0,72,372
12/19/2019,JQF,NC,ASO,ES,Federal Contract Tower,8,7,43,0,58,0,33,176,0,209,8,40,219,0,267,66,4,70,337
12/20/2019,JQF,NC,ASO,ES,Federal Contract Tower,14,8,44,0,66,0,18,122,2,142,14,26,166,2,208,38,0,38,246
12/21/2019,JQF,NC,ASO,ES,Federal Contract Tower,9,4,34,0,47,0,8,136,2,146,9,12,170,2,193,48,0,48,241
12/22/2019,JQF,NC,ASO,ES,Federal Contract Tower,10,6,29,0,45,0,5,33,0,38,10,11,62,0,83,26,0,26,109
12/23/2019,JQF,NC,ASO,ES,Federal Contract Tower,11,4,21,0,36,0,0,0,0,0,11,4,21,0,36,0,0,0,36
12/24/2019,JQF,NC,ASO,ES,Federal Contract Tower,10,6,15,0,31,0,5,55,1,61,10,11,70,1,92,6,0,6,98
12/25/2019,JQF,NC,ASO,ES,Federal Contract Tower,8,0,4,0,12,0,7,21,0,28,8,7,25,0,40,8,0,8,48
12/26/2019,JQF,NC,ASO,ES,Federal Contract Tower,8,9,21,0,38,0,8,74,0,82,8,17,95,0,120,24,0,24,144
12/27/2019,JQF,NC,ASO,ES,Federal Contract Tower,15,9,22,0,46,0,6,79,0,85,15,15,101,0,131,8,0,8,139
12/28/2019,JQF,NC,ASO,ES,Federal Contract Tower,8,1,23,0,32,0,16,80,0,96,8,17,103,0,128,42,0,42,170
12/29/2019,JQF,NC,ASO,ES,Federal Contract Tower,8,2,20,0,30,0,0,0,0,0,8,2,20,0,30,0,0,0,30
12/30/2019,JQF,NC,ASO,ES,Federal Contract Tower,15,4,24,0,43,0,6,47,2,55,15,10,71,2,98,36,0,36,134
12/31/2019,JQF,NC,ASO,ES,Federal Contract Tower,8,5,26,0,39,0,22,103,3,128,8,27,129,3,167,44,0,44,211
01/01/2020,JQF,NC,ASO,ES,Federal Contract Tower,6,5,18,0,29,0,4,48,0,52,6,9,66,0,81,0,0,0,81
01/02/2020,JQF,NC,ASO,ES,Federal Contract Tower,5,5,36,0,46,0,1,90,0,91,5,6,126,0,137,130,0,130,267
01/03/2020,JQF,NC,ASO,ES,Federal Contract Tower,14,5,10,0,29,0,0,0,0,0,14,5,10,0,29,0,0,0,29
01/04/2020,JQF,NC,ASO,ES,Federal Contract Tower,8,3,20,0,31,0,3,4,0,7,8,6,24,0,38,0,0,0,38
01/05/2020,JQF,NC,ASO,ES,Federal Contract Tower,8,3,39,0,50,0,4,96,4,104,8,7,135,4,154,40,0,40,194
01/06/2020,JQF,NC,ASO,ES,Federal Contract Tower,14,9,27,0,50,0,15,115,2,132,14,24,142,2,182,84,0,84,266
01/07/2020,JQF,NC,ASO,ES,Federal Contract Tower,4,12,33,0,49,0,7,12,0,19,4,19,45,0,68,0,0,0,68
01/08/2020,JQF,NC,ASO,ES,Federal Contract Tower,2,8,38,0,48,0,9,98,0,107,2,17,136,0,155,22,0,22,177
01/09/2020,JQF,NC,ASO,ES,Federal Contract Tower,8,8,46,0,62,0,12,164,5,181,8,20,210,5,243,128,0,128,371
01/10/2020,JQF,NC,ASO,ES,Federal Contract Tower,12,6,46,0,64,0,3,127,0,130,12,9,173,0,194,68,0,68,262
01/11/2020,JQF,NC,ASO,ES,Federal Contract Tower,6,7,18,0,31,0,0,0,0,0,6,7,18,0,31,0,0,0,31
01/12/2020,JQF,NC,ASO,ES,Federal Contract Tower,8,0,42,0,50,0,2,85,0,87,8,2,127,0,137,94,0,94,231
01/13/2020,JQF,NC,ASO,ES,Federal Contract Tower,12,6,13,0,31,0,0,0,0,0,12,6,13,0,31,0,0,0,31
01/14/2020,JQF,NC,ASO,ES,Federal Contract Tower,1,9,28,0,38,0,8,29,2,39,1,17,57,2,77,90,10,100,177
01/15/2020,JQF,NC,ASO,ES,Federal Contract Tower,0,7,35,0,42,0,7,17,2,26,0,14,52,2,68,94,0,94,162
01/16/2020,JQF,NC,ASO,ES,Federal Contract Tower,7,9,30,0,46,0,17,110,4,131,7,26,140,4,177,62,0,62,239
01/17/2020,JQF,NC,ASO,ES,Federal Contract Tower,12,10,56,0,78,0,3,145,4,152,12,13,201,4,230,68,0,68,298
01/18/2020,JQF,NC,ASO,ES,Federal Contract Tower,6,2,17,0,25,0,0,45,0,45,6,2,62,0,70,58,0,58,128
01/19/2020,JQF,NC,ASO,ES,Federal Contract Tower,9,0,26,0,35,0,2,86,4,92,9,2,112,4,127,68,4,72,199
01/20/2020,JQF,NC,ASO,ES,Federal Contract Tower,13,12,29,0,54,0,3,112,0,115,13,15,141,0,169,92,0,92,261
01/21/2020,JQF,NC,ASO,ES,Federal Contract Tower,2,8,35,0,45,0,23,97,0,120,2,31,132,0,165,46,4,50,215
01/22/2020,JQF,NC,ASO,ES,Federal Contract Tower,3,10,40,0,53,0,25,150,4,179,3,35,190,4,232,117,0,117,349
01/23/2020,JQF,NC,ASO,ES,Federal Contract Tower,9,13,46,0,68,0,15,142,1,158,9,28,188,1,226,60,0,60,286
01/24/2020,JQF,NC,ASO,ES,Federal Contract Tower,12,10,11,0,33,0,0,0,0,0,12,10,11,0,33,0,0,0,33
01/25/2020,JQF,NC,ASO,ES,Federal Contract Tower,8,4,27,0,39,0,8,90,4,102,8,12,117,4,141,74,0,74,215
01/26/2020,JQF,NC,ASO,ES,Federal Contract Tower,9,1,33,0,43,0,11,112,0,123,9,12,145,0,166,58,0,58,224
01/27/2020,JQF,NC,ASO,ES,Federal Contract Tower,13,5,26,0,44,0,6,113,2,121,13,11,139,2,165,72,0,72,237
01/28/2020,JQF,NC,ASO,ES,Federal Contract Tower,2,4,56,0,62,0,26,135,2,163,2,30,191,2,225,74,0,74,299
01/29/2020,JQF,NC,ASO,ES,Federal Contract Tower,3,20,33,0,56,0,16,128,2,146,3,36,161,2,202,108,0,108,310
01/30/2020,JQF,NC,ASO,ES,Federal Contract Tower,8,9,63,0,80,0,2,114,2,118,8,11,177,2,198,180,0,180,378
01/31/2020,JQF,NC,ASO,ES,Federal Contract Tower,14,8,25,0,47,0,0,46,0,46,14,8,71,0,93,4,0,4,97
02/01/2020,JQF,NC,ASO,ES,Federal Contract Tower,8,5,41,0,54,0,5,45,0,50,8,10,86,0,104,44,0,44,148
02/02/2020,JQF,NC,ASO,ES,Federal Contract Tower,8,7,19,0,34,0,6,94,1,101,8,13,113,1,135,42,0,42,177
02/03/2020,JQF,NC,ASO,ES,Federal Contract Tower,12,8,43,2,65,0,21,140,1,162,12,29,183,3,227,64,0,64,291
02/04/2020,JQF,NC,ASO,ES,Federal Contract Tower,0,6,27,0,33,0,9,115,0,124,0,15,142,0,157,98,0,98,255
02/05/2020,JQF,NC,ASO,ES,Federal Contract Tower,3,7,33,0,43,0,4,3,0,7,3,11,36,0,50,26,0,26,76
02/06/2020,JQF,NC,ASO,ES,Federal Contract Tower,9,2,14,0,25,0,0,0,0,0,9,2,14,0,25,0,0,0,25
02/07/2020,JQF,NC,ASO,ES,Federal Contract Tower,23,11,57,0,91,0,9,30,0,39,23,20,87,0,130,26,0,26,156
02/08/2020,JQF,NC,ASO,ES,Federal Contract Tower,8,2,9,0,19,0,1,94,0,95,8,3,103,0,114,70,0,70,184
02/09/2020,JQF,NC,ASO,ES,Federal Contract Tower,17,5,37,0,59,0,1,137,0,138,17,6,174,0,197,122,0,122,319
02/10/2020,JQF,NC,ASO,ES,Federal Contract Tower,12,7,32,0,51,0,6,108,4,118,12,13,140,4,169,228,0,228,397
02/11/2020,JQF,NC,ASO,ES,Federal Contract Tower,2,10,28,0,40,0,13,2,0,15,2,23,30,0,55,12,0,12,67
02/12/2020,JQF,NC,ASO,ES,Federal Contract Tower,4,12,51,0,67,0,10,73,2,85,4,22,124,2,152,180,0,180,332
02/13/2020,JQF,NC,ASO,ES,Federal Contract Tower,21,8,27,0,56,0,5,18,0,23,21,13,45,0,79,28,0,28,107
02/14/2020,JQF,NC,ASO,ES,Federal Contract Tower,14,8,35,0,57,0,14,245,4,263,14,22,280,4,320,94,0,94,414
02/15/2020,JQF,NC,ASO,ES,Federal Contract Tower,10,2,33,0,45,0,6,227,2,235,10,8,260,2,280,112,0,112,392
02/16/2020,JQF,NC,ASO,ES,Federal Contract Tower,11,6,39,0,56,0,6,108,0,114,11,12,147,0,170,70,0,70,240
02/17/2020,JQF,NC,ASO,ES,Federal Contract Tower,25,6,48,0,79,0,20,148,2,170,25,26,196,2,249,12,0,12,261
02/18/2020,JQF,NC,ASO,ES,Federal Contract Tower,3,5,34,0,42,0,5,36,0,41,3,10,70,0,83,74,0,74,157
02/19/2020,JQF,NC,ASO,ES,Federal Contract Tower,4,8,55,0,67,0,30,90,3,123,4,38,145,3,190,28,0,28,218
02/20/2020,JQF,NC,ASO,ES,Federal Contract Tower,14,4,32,0,50,0,5,34,0,39,14,9,66,0,89,56,0,56,145
02/22/2020,JQF,NC,ASO,ES,Federal Contract Tower,8,1,28,0,37,0,8,158,0,166,8,9,186,0,203,108,0,108,311
02/23/2020,JQF,NC,ASO,ES,Federal Contract Tower,8,4,32,0,44,0,18,182,0,200,8,22,214,0,244,100,0,100,344
02/24/2020,JQF,NC,ASO,ES,Federal Contract Tower,19,10,25,0,54,0,9,78,0,87,19,19,103,0,141,116,0,116,257
02/25/2020,JQF,NC,ASO,ES,Federal Contract Tower,2,11,29,1,43,0,3,25,1,29,2,14,54,2,72,82,0,82,154
02/26/2020,JQF,NC,ASO,ES,Federal Contract Tower,2,11,43,0,56,0,2,40,2,44,2,13,83,2,100,58,0,58,158
02/27/2020,JQF,NC,ASO,ES,Federal Contract Tower,14,12,35,0,61,0,13,89,4,106,14,25,124,4,167,150,0,150,317
02/28/2020,JQF,NC,ASO,ES,Federal Contract Tower,16,8,48,0,72,0,12,113,0,125,16,20,161,0,197,86,0,86,283
02/29/2020,JQF,NC,ASO,ES,Federal Contract Tower,7,4,25,0,36,0,6,60,3,69,7,10,85,3,105,4,0,4,109
03/01/2020,JQF,NC,ASO,ES,Federal Contract Tower,11,5,31,0,47,0,6,167,6,179,11,11,198,6,226,96,2,98,324
03/02/2020,JQF,NC,ASO,ES,Federal Contract Tower,21,7,45,0,73,0,10,127,0,137,21,17,172,0,210,22,0,22,232
03/03/2020,JQF,NC,ASO,ES,Federal Contract Tower,3,16,19,0,38,0,1,21,0,22,3,17,40,0,60,14,0,14,74
03/04/2020,JQF,NC,ASO,ES,Federal Contract Tower,9,14,45,0,68,0,8,144,4,156,9,22,189,4,224,126,0,126,350
03/05/2020,JQF,NC,ASO,ES,Federal Contract Tower,20,5,38,0,63,0,9,88,0,97,20,14,126,0,160,126,0,126,286
03/06/2020,JQF,NC,ASO,ES,Federal Contract Tower,17,8,40,2,67,0,3,29,0,32,17,11,69,2,99,4,0,4,103
03/07/2020,JQF,NC,ASO,ES,Federal Contract Tower,6,1,30,0,37,0,11,82,0,93,6,12,112,0,130,52,0,52,182
03/08/2020,JQF,NC,ASO,ES,Federal Contract Tower,10,3,39,0,52,0,5,133,3,141,10,8,172,3,193,76,0,76,269
03/09/2020,JQF,NC,ASO,ES,Federal Contract Tower,21,7,48,2,78,0,10,196,0,206,21,17,244,2,284,86,0,86,370
03/10/2020,JQF,NC,ASO,ES,Federal Contract Tower,2,12,59,0,73,0,28,65,0,93,2,40,124,0,166,84,0,84,250
03/11/2020,JQF,NC,ASO,ES,Federal Contract Tower,9,11,45,0,65,0,17,127,0,144,9,28,172,0,209,68,0,68,277
03/12/2020,JQF,NC,ASO,ES,Federal Contract Tower,9,6,51,0,66,0,16,158,0,174,9,22,209,0,240,62,0,62,302
03/13/2020,JQF,NC,ASO,ES,Federal Contract Tower,26,13,38,0,77,0,13,99,0,112,26,26,137,0,189,156,0,156,345
03/14/2020,JQF,NC,ASO,ES,Federal Contract Tower,6,2,33,0,41,0,8,129,0,137,6,10,162,0,178,100,0,100,278
03/15/2020,JQF,NC,ASO,ES,Federal Contract Tower,8,6,27,0,41,0,10,66,0,76,8,16,93,0,117,64,0,64,181
03/16/2020,JQF,NC,ASO,ES,Federal Contract Tower,13,10,29,0,52,0,4,130,0,134,13,14,159,0,186,146,0,146,332
03/17/2020,JQF,NC,ASO,ES,Federal Contract Tower,2,10,20,0,32,0,9,5,0,14,2,19,25,0,46,0,0,0,46
03/18/2020,JQF,NC,ASO,ES,Federal Contract Tower,6,7,27,0,40,0,4,114,0,118,6,11,141,0,158,54,0,54,212
03/19/2020,JQF,NC,ASO,ES,Federal Contract Tower,0,6,27,1,34,0,6,53,2,61,0,12,80,3,95,34,0,34,129
03/20/2020,JQF,NC,ASO,ES,Federal Contract Tower,6,5,25,0,36,0,8,53,2,63,6,13,78,2,99,102,0,102,201
03/21/2020,JQF,NC,ASO,ES,Federal Contract Tower,4,1,26,0,31,0,5,103,2,110,4,6,129,2,141,86,0,86,227
03/22/2020,JQF,NC,ASO,ES,Federal Contract Tower,2,4,26,0,32,0,3,68,2,73,2,7,94,2,105,156,0,156,261
03/23/2020,JQF,NC,ASO,ES,Federal Contract Tower,6,8,18,0,32,0,0,0,0,0,6,8,18,0,32,0,0,0,32
03/24/2020,JQF,NC,ASO,ES,Federal Contract Tower,0,6,9,1,16,0,8,34,0,42,0,14,43,1,58,28,0,28,86
03/25/2020,JQF,NC,ASO,ES,Federal Contract Tower,0,8,29,0,37,0,18,57,0,75,0,26,86,0,112,102,0,102,214
03/26/2020,JQF,NC,ASO,ES,Federal Contract Tower,0,9,26,0,35,0,8,30,0,38,0,17,56,0,73,84,0,84,157
03/27/2020,JQF,NC,ASO,ES,Federal Contract Tower,0,5,12,0,17,0,15,73,2,90,0,20,85,2,107,110,0,110,217
03/28/2020,JQF,NC,ASO,ES,Federal Contract Tower,0,0,6,0,6,0,4,77,0,81,0,4,83,0,87,74,0,74,161
03/29/2020,JQF,NC,ASO,ES,Federal Contract Tower,0,1,16,0,17,0,0,49,0,49,0,1,65,0,66,40,0,40,106
03/30/2020,JQF,NC,ASO,ES,Federal Contract Tower,0,10,19,0,29,0,4,131,0,135,0,14,150,0,164,74,0,74,238
03/31/2020,JQF,NC,ASO,ES,Federal Contract Tower,0,5,11,0,16,0,7,39,2,48,0,12,50,2,64,84,0,84,148
04/01/2020,JQF,NC,ASO,ES,Federal Contract Tower,0,7,15,0,22,0,14,77,0,91,0,21,92,0,113,80,0,80,193
04/02/2020,JQF,NC,ASO,ES,Federal Contract Tower,0,4,16,0,20,0,8,93,2,103,0,12,109,2,123,58,6,64,187
04/03/2020,JQF,NC,ASO,ES,Federal Contract Tower,0,5,7,0,12,0,14,153,2,169,0,19,160,2,181,142,0,142,323
04/04/2020,JQF,NC,ASO,ES,Federal Contract Tower,0,3,16,0,19,0,3,148,0,151,0,6,164,0,170,148,0,148,318
04/05/2020,JQF,NC,ASO,ES,Federal Contract Tower,0,3,10,0,13,0,6,57,0,63,0,9,67,0,76,26,0,26,102
04/06/2020,JQF,NC,ASO,ES,Federal Contract Tower,0,6,7,0,13,0,8,69,0,77,0,14,76,0,90,100,0,100,190
04/07/2020,JQF,NC,ASO,ES,Federal Contract Tower,0,10,12,0,22,4,4,117,0,125,4,14,129,0,147,94,0,94,241
04/08/2020,JQF,NC,ASO,ES,Federal Contract Tower,0,5,14,0,19,0,7,88,2,97,0,12,102,2,116,38,0,38,154
04/09/2020,JQF,NC,ASO,ES,Federal Contract Tower,0,4,5,0,9,0,11,60,0,71,0,15,65,0,80,56,6,62,142
04/10/2020,JQF,NC,ASO,ES,Federal Contract Tower,0,7,5,0,12,0,3,41,0,44,0,10,46,0,56,38,0,38,94
04/11/2020,JQF,NC,ASO,ES,Federal Contract Tower,2,1,13,0,16,0,23,128,0,151,2,24,141,0,167,132,0,132,299
04/12/2020,JQF,NC,ASO,ES,Federal Contract Tower,0,3,0,0,3,0,0,10,0,10,0,3,10,0,13,6,0,6,19
04/13/2020,JQF,NC,ASO,ES,Federal Contract Tower,0,9,9,0,18,0,12,11,0,23,0,21,20,0,41,24,0,24,65
04/14/2020,JQF,NC,ASO,ES,Federal Contract Tower,0,7,22,0,29,0,11,148,2,161,0,18,170,2,190,116,0,116,306
04/15/2020,JQF,NC,ASO,ES,Federal Contract Tower,3,4,10,0,17,4,19,107,0,130,7,23,117,0,147,62,0,62,209
04/16/2020,JQF,NC,ASO,ES,Federal Contract Tower,1,4,28,0,33,0,15,127,0,142,1,19,155,0,175,128,0,128,303
04/17/2020,JQF,NC,ASO,ES,Federal Contract Tower,0,7,22,0,29,0,18,138,0,156,0,25,160,0,185,36,0,36,221
04/18/2020,JQF,NC,ASO,ES,Federal Contract Tower,0,3,20,0,23,0,14,54,0,68,0,17,74,0,91,122,0,122,213
04/19/2020,JQF,NC,ASO,ES,Federal Contract Tower,0,3,13,0,16,0,9,74,0,83,0,12,87,0,99,80,0,80,179
04/20/2020,JQF,NC,ASO,ES,Federal Contract Tower,0,5,16,0,21,0,17,29,0,46,0,22,45,0,67,10,0,10,77
04/21/2020,JQF,NC,ASO,ES,Federal Contract Tower,0,4,24,0,28,0,2,112,0,114,0,6,136,0,142,112,0,112,254
04/22/2020,JQF,NC,ASO,ES,Federal Contract Tower,0,6,29,0,35,0,8,202,0,210,0,14,231,0,245,190,0,190,435
04/23/2020,JQF,NC,ASO,ES,Federal Contract Tower,0,8,9,0,17,0,16,18,0,34,0,24,27,0,51,58,0,58,109
04/24/2020,JQF,NC,ASO,ES,Federal Contract Tower,0,9,37,0,46,0,17,124,0,141,0,26,161,0,187,114,0,114,301
04/25/2020,JQF,NC,ASO,ES,Federal Contract Tower,0,0,18,0,18,0,4,7,0,11,0,4,25,0,29,16,0,16,45
04/26/2020,JQF,NC,ASO,ES,Federal Contract Tower,0,0,14,4,18,0,0,46,2,48,0,0,60,6,66,20,0,20,86
04/27/2020,JQF,NC,ASO,ES,Federal Contract Tower,0,4,25,0,29,0,22,122,0,144,0,26,147,0,173,136,0,136,309
04/28/2020,JQF,NC,ASO,ES,Federal Contract Tower,0,8,38,0,46,0,24,174,0,198,0,32,212,0,244,140,0,140,384
04/29/2020,JQF,NC,ASO,ES,Federal Contract Tower,0,6,17,0,23,0,3,68,2,73,0,9,85,2,96,90,0,90,186
04/30/2020,JQF,NC,ASO,ES,Federal Contract Tower,2,10,21,0,33,0,17,82,0,99,2,27,103,0,132,78,0,78,210
05/01/2020,JQF,NC,ASO,ES,Federal Contract Tower,0,10,27,6,43,0,11,109,0,120,0,21,136,6,163,40,0,40,203
05/02/2020,JQF,NC,ASO,ES,Federal Contract Tower,0,2,24,0,26,0,10,179,0,189,0,12,203,0,215,70,0,70,285
05/03/2020,JQF,NC,ASO,ES,Federal Contract Tower,2,4,25,0,31,0,4,76,0,80,2,8,101,0,111,62,0,62,173
05/04/2020,JQF,NC,ASO,ES,Federal Contract Tower,0,4,22,0,26,0,10,140,6,156,0,14,162,6,182,180,0,180,362
05/05/2020,JQF,NC,ASO,ES,Federal Contract Tower,1,5,23,0,29,0,2,4,0,6,1,7,27,0,35,2,0,2,37
05/06/2020,JQF,NC,ASO,ES,Federal Contract Tower,0,8,30,0,38,0,5,83,0,88,0,13,113,0,126,144,0,144,270
05/07/2020,JQF,NC,ASO,ES,Federal Contract Tower,2,5,38,0,45,0,46,176,0,222,2,51,214,0,267,170,0,170,437
05/08/2020,JQF,NC,ASO,ES,Federal Contract Tower,5,6,33,0,44,0,5,67,0,72,5,11,100,0,116,78,0,78,194
05/09/2020,JQF,NC,ASO,ES,Federal Contract Tower,0,1,30,0,31,0,13,99,0,112,0,14,129,0,143,108,0,108,251
05/10/2020,JQF,NC,ASO,ES,Federal Contract Tower,2,0,15,0,17,0,4,81,0,85,2,4,96,0,102,66,0,66,168
05/11/2020,JQF,NC,ASO,ES,Federal Contract Tower,4,6,30,0,40,0,11,77,0,88,4,17,107,0,128,38,0,38,166
05/12/2020,JQF,NC,ASO,ES,Federal Contract Tower,0,5,33,0,38,0,18,105,2,125,0,23,138,2,163,60,0,60,223
05/13/2020,JQF,NC,ASO,ES,Federal Contract Tower,2,7,38,0,47,0,8,132,0,140,2,15,170,0,187,42,0,42,229
05/14/2020,JQF,NC,ASO,ES,Federal Contract Tower,6,4,47,0,57,0,6,114,0,120,6,10,161,0,177,30,0,30,207
05/15/2020,JQF,NC,ASO,ES,Federal Contract Tower,6,2,48,0,56,0,5,179,4,188,6,7,227,4,244,10,0,10,254
05/16/2020,JQF,NC,ASO,ES,Federal Contract Tower,4,0,20,0,24,0,8,110,0,118,4,8,130,0,142,12,0,12,154
05/17/2020,JQF,NC,ASO,ES,Federal Contract Tower,6,2,25,0,33,0,11,56,2,69,6,13,81,2,102,4,0,4,106
05/18/2020,JQF,NC,ASO,ES,Federal Contract Tower,6,6,21,0,33,0,2,12,0,14,6,8,33,0,47,2,0,2,49
05/19/2020,JQF,NC,ASO,ES,Federal Contract Tower,0,13,14,0,27,0,0,0,0,0,0,13,14,0,27,0,0,0,27
05/20/2020,JQF,NC,ASO,ES,Federal Contract Tower,0,11,18,0,29,0,0,0,0,0,0,11,18,0,29,0,0,0,29
05/21/2020,JQF,NC,ASO,ES,Federal Contract Tower,11,14,34,0,59,0,0,0,0,0,11,14,34,0,59,0,0,0,59
05/22/2020,JQF,NC,ASO,ES,Federal Contract Tower,10,11,33,0,54,0,10,50,2,62,10,21,83,2,116,2,0,2,118
05/23/2020,JQF,NC,ASO,ES,Federal Contract Tower,5,1,33,0,39,0,6,77,8,91,5,7,110,8,130,0,0,0,130
05/24/2020,JQF,NC,ASO,ES,Federal Contract Tower,7,0,25,0,32,0,3,97,0,100,7,3,122,0,132,8,0,8,140
05/25/2020,JQF,NC,ASO,ES,Federal Contract Tower,9,1,31,0,41,0,6,4,0,10,9,7,35,0,51,0,0,0,51
05/26/2020,JQF,NC,ASO,ES,Federal Contract Tower,1,9,38,0,48,0,9,65,0,74,1,18,103,0,122,0,0,0,122
05/27/2020,JQF,NC,ASO,ES,Federal Contract Tower,0,8,20,0,28,0,0,0,0,0,0,8,20,0,28,0,0,0,28
05/28/2020,JQF,NC,ASO,ES,Federal Contract Tower,4,8,45,0,57,0,22,44,0,66,4,30,89,0,123,0,0,0,123
05/29/2020,JQF,NC,ASO,ES,Federal Contract Tower,7,14,44,0,65,0,16,43,0,59,7,30,87,0,124,0,0,0,124
05/30/2020,JQF,NC,ASO,ES,Federal Contract Tower,2,3,39,0,44,0,6,125,0,131,2,9,164,0,175,0,0,0,175
05/31/2020,JQF,NC,ASO,ES,Federal Contract Tower,5,9,44,0,58,0,18,149,2,169,5,27,193,2,227,36,0,36,263
06/01/2020,JQF,NC,ASO,ES,Federal Contract Tower,10,5,32,0,47,0,6,133,0,139,10,11,165,0,186,20,0,20,206
06/02/2020,JQF,NC,ASO,ES,Federal Contract Tower,0,3,43,0,46,0,14,125,0,139,0,17,168,0,185,2,0,2,187
06/03/2020,JQF,NC,ASO,ES,Federal Contract Tower,2,17,55,0,74,0,11,138,0,149,2,28,193,0,223,26,0,26,249
06/04/2020,JQF,NC,ASO,ES,Federal Contract Tower,8,8,38,0,54,0,6,112,0,118,8,14,150,0,172,18,0,18,190
06/05/2020,JQF,NC,ASO,ES,Federal Contract Tower,12,6,37,0,55,0,8,49,0,57,12,14,86,0,112,16,0,16,128
06/06/2020,JQF,NC,ASO,ES,Federal Contract Tower,8,5,25,0,38,0,2,117,0,119,8,7,142,0,157,0,0,0,157
06/07/2020,JQF,NC,ASO,ES,Federal Contract Tower,20,2,47,0,69,0,8,118,0,126,20,10,165,0,195,30,0,30,225
06/08/2020,JQF,NC,ASO,ES,Federal Contract Tower,10,14,30,0,54,0,9,61,2,72,10,23,91,2,126,6,0,6,132
06/09/2020,JQF,NC,ASO,ES,Federal Contract Tower,0,7,27,0,34,0,14,79,2,95,0,21,106,2,129,0,0,0,129
06/10/2020,JQF,NC,ASO,ES,Federal Contract Tower,0,5,46,0,51,0,7,47,0,54,0,12,93,0,105,22,0,22,127
06/11/2020,JQF,NC,ASO,ES,Federal Contract Tower,8,9,55,0,72,0,1,81,0,82,8,10,136,0,154,40,0,40,194
06/12/2020,JQF,NC,ASO,ES,Federal Contract Tower,12,12,53,0,77,0,16,174,0,190,12,28,227,0,267,26,0,26,293
06/13/2020,JQF,NC,ASO,ES,Federal Contract Tower,11,1,33,0,45,0,0,123,0,123,11,1,156,0,168,28,0,28,196
06/14/2020,JQF,NC,ASO,ES,Federal Contract Tower,12,2,43,0,57,0,5,92,0,97,12,7,135,0,154,0,0,0,154
06/15/2020,JQF,NC,ASO,ES,Federal Contract Tower,16,5,37,0,58,0,6,30,0,36,16,11,67,0,94,0,0,0,94
06/16/2020,JQF,NC,ASO,ES,Federal Contract Tower,0,13,23,0,36,0,0,0,0,0,0,13,23,0,36,0,0,0,36
06/17/2020,JQF,NC,ASO,ES,Federal Contract Tower,0,11,59,1,71,0,11,24,1,36,0,22,83,2,107,0,0,0,107
06/18/2020,JQF,NC,ASO,ES,Federal Contract Tower,8,12,47,0,67,0,4,42,0,46,8,16,89,0,113,2,0,2,115
06/19/2020,JQF,NC,ASO,ES,Federal Contract Tower,13,9,29,0,51,0,1,72,0,73,13,10,101,0,124,12,0,12,136
06/20/2020,JQF,NC,ASO,ES,Federal Contract Tower,10,3,28,0,41,0,4,132,0,136,10,7,160,0,177,14,0,14,191
06/21/2020,JQF,NC,ASO,ES,Federal Contract Tower,15,3,36,0,54,0,13,113,1,127,15,16,149,1,181,0,0,0,181
06/22/2020,JQF,NC,ASO,ES,Federal Contract Tower,26,16,39,0,81,0,8,151,2,161,26,24,190,2,242,2,0,2,244
06/23/2020,JQF,NC,ASO,ES,Federal Contract Tower,0,8,45,0,53,0,16,106,4,126,0,24,151,4,179,2,0,2,181
06/24/2020,JQF,NC,ASO,ES,Federal Contract Tower,0,2,67,0,69,0,8,104,9,121,0,10,171,9,190,20,0,20,210
06/25/2020,JQF,NC,ASO,ES,Federal Contract Tower,8,9,46,0,63,0,10,61,4,75,8,19,107,4,138,34,0,34,172
06/26/2020,JQF,NC,ASO,ES,Federal Contract Tower,18,13,36,0,67,0,15,134,0,149,18,28,170,0,216,12,0,12,228
06/27/2020,JQF,NC,ASO,ES,Federal Contract Tower,7,6,25,0,38,0,4,90,0,94,7,10,115,0,132,14,0,14,146
06/28/2020,JQF,NC,ASO,ES,Federal Contract Tower,10,6,23,0,39,0,1,71,2,74,10,7,94,2,113,2,0,2,115
06/29/2020,JQF,NC,ASO,ES,Federal Contract Tower,12,12,22,0,46,0,11,111,0,122,12,23,133,0,168,0,0,0,168
06/30/2020,JQF,NC,ASO,ES,Federal Contract Tower,0,8,38,0,46,0,13,105,0,118,0,21,143,0,164,10,0,10,174
07/01/2020,JQF,NC,ASO,ES,Federal Contract Tower,2,13,33,0,48,0,8,98,0,106,2,21,131,0,154,32,0,32,186
07/02/2020,JQF,NC,ASO,ES,Federal Contract Tower,8,20,40,0,68,0,11,115,0,126,8,31,155,0,194,8,0,8,202
07/03/2020,JQF,NC,ASO,ES,Federal Contract Tower,12,8,41,0,61,0,2,118,0,120,12,10,159,0,181,2,0,2,183
07/04/2020,JQF,NC,ASO,ES,Federal Contract Tower,10,5,7,0,22,0,8,59,0,67,10,13,66,0,89,6,0,6,95
07/05/2020,JQF,NC,ASO,ES,Federal Contract Tower,13,1,47,0,61,0,2,63,0,65,13,3,110,0,126,2,0,2,128
07/06/2020,JQF,NC,ASO,ES,Federal Contract Tower,12,5,26,0,43,0,11,79,0,90,12,16,105,0,133,2,0,2,135
07/07/2020,JQF,NC,ASO,ES,Federal Contract Tower,0,9,48,0,57,0,5,2,0,7,0,14,50,0,64,0,0,0,64
07/08/2020,JQF,NC,ASO,ES,Federal Contract Tower,0,4,37,0,41,0,6,44,0,50,0,10,81,0,91,4,0,4,95
07/09/2020,JQF,NC,ASO,ES,Federal Contract Tower,10,8,47,0,65,0,11,64,0,75,10,19,111,0,140,0,0,0,140
07/10/2020,JQF,NC,ASO,ES,Federal Contract Tower,10,6,35,0,51,0,12,115,0,127,10,18,150,0,178,0,0,0,178
07/11/2020,JQF,NC,ASO,ES,Federal Contract Tower,9,3,30,0,42,0,2,122,0,124,9,5,152,0,166,0,0,0,166
07/12/2020,JQF,NC,ASO,ES,Federal Contract Tower,17,4,48,0,69,0,4,119,0,123,17,8,167,0,192,8,0,8,200
07/13/2020,JQF,NC,ASO,ES,Federal Contract Tower,10,4,24,0,38,0,8,87,2,97,10,12,111,2,135,0,0,0,135
07/14/2020,JQF,NC,ASO,ES,Federal Contract Tower,0,5,31,2,38,0,9,135,2,146,0,14,166,4,184,0,0,0,184
07/15/2020,JQF,NC,ASO,ES,Federal Contract Tower,7,17,53,0,77,0,15,79,0,94,7,32,132,0,171,0,0,0,171
07/16/2020,JQF,NC,ASO,ES,Federal Contract Tower,8,8,43,2,61,0,13,77,2,92,8,21,120,4,153,0,0,0,153
07/17/2020,JQF,NC,ASO,ES,Federal Contract Tower,12,8,36,0,56,0,16,89,1,106,12,24,125,1,162,8,0,8,170
07/18/2020,JQF,NC,ASO,ES,Federal Contract Tower,9,3,14,0,26,0,3,68,0,71,9,6,82,0,97,0,0,0,97
07/19/2020,JQF,NC,ASO,ES,Federal Contract Tower,17,0,36,0,53,0,1,78,0,79,17,1,114,0,132,2,0,2,134
07/20/2020,JQF,NC,ASO,ES,Federal Contract Tower,10,5,27,0,42,0,8,96,0,104,10,13,123,0,146,4,0,4,150
07/21/2020,JQF,NC,ASO,ES,Federal Contract Tower,0,8,39,0,47,0,19,114,0,133,0,27,153,0,180,18,0,18,198
07/22/2020,JQF,NC,ASO,ES,Federal Contract Tower,2,11,37,2,52,0,5,119,0,124,2,16,156,2,176,12,0,12,188
07/23/2020,JQF,NC,ASO,ES,Federal Contract Tower,14,8,46,0,68,0,11,89,0,100,14,19,135,0,168,48,0,48,216
07/24/2020,JQF,NC,ASO,ES,Federal Contract Tower,17,8,53,0,78,0,20,77,0,97,17,28,130,0,175,0,0,0,175
07/25/2020,JQF,NC,ASO,ES,Federal Contract Tower,5,2,23,0,30,0,13,87,1,101,5,15,110,1,131,10,0,10,141
07/26/2020,JQF,NC,ASO,ES,Federal Contract Tower,8,2,24,0,34,0,6,91,0,97,8,8,115,0,131,0,0,0,131
07/27/2020,JQF,NC,ASO,ES,Federal Contract Tower,11,9,38,0,58,0,7,100,2,109,11,16,138,2,167,6,0,6,173
07/28/2020,JQF,NC,ASO,ES,Federal Contract Tower,0,9,31,0,40,0,7,121,1,129,0,16,152,1,169,6,0,6,175
07/29/2020,JQF,NC,ASO,ES,Federal Contract Tower,0,10,32,0,42,0,11,84,0,95,0,21,116,0,137,0,0,0,137
07/30/2020,JQF,NC,ASO,ES,Federal Contract Tower,8,7,43,0,58,0,9,50,2,61,8,16,93,2,119,0,0,0,119
07/31/2020,JQF,NC,ASO,ES,Federal Contract Tower,11,12,37,1,61,0,10,102,0,112,11,22,139,1,173,18,0,18,191
08/01/2020,JQF,NC,ASO,ES,Federal Contract Tower,10,1,30,0,41,0,7,83,0,90,10,8,113,0,131,0,0,0,131
08/02/2020,JQF,NC,ASO,ES,Federal Contract Tower,14,3,42,0,59,0,4,59,0,63,14,7,101,0,122,2,0,2,124
08/03/2020,JQF,NC,ASO,ES,Federal Contract Tower,10,10,24,0,44,0,2,15,0,17,10,12,39,0,61,0,0,0,61
08/04/2020,JQF,NC,ASO,ES,Federal Contract Tower,0,7,35,0,42,0,15,97,0,112,0,22,132,0,154,2,0,2,156
08/05/2020,JQF,NC,ASO,ES,Federal Contract Tower,6,11,49,0,66,0,5,113,0,118,6,16,162,0,184,0,0,0,184
08/06/2020,JQF,NC,ASO,ES,Federal Contract Tower,8,10,42,2,62,0,13,65,8,86,8,23,107,10,148,0,0,0,148
08/07/2020,JQF,NC,ASO,ES,Federal Contract Tower,16,11,53,3,83,0,2,23,0,25,16,13,76,3,108,4,0,4,112
08/08/2020,JQF,NC,ASO,ES,Federal Contract Tower,7,6,38,0,51,0,8,96,0,104,7,14,134,0,155,0,0,0,155
08/09/2020,JQF,NC,ASO,ES,Federal Contract Tower,18,4,32,0,54,0,6,131,2,139,18,10,163,2,193,2,0,2,195
08/10/2020,JQF,NC,ASO,ES,Federal Contract Tower,9,13,29,0,51,0,9,80,0,89,9,22,109,0,140,0,0,0,140
08/11/2020,JQF,NC,ASO,ES,Federal Contract Tower,0,4,37,0,41,0,13,66,1,80,0,17,103,1,121,6,0,6,127
08/12/2020,JQF,NC,ASO,ES,Federal Contract Tower,4,10,44,0,58,0,8,115,2,125,4,18,159,2,183,6,0,6,189
08/13/2020,JQF,NC,ASO,ES,Federal Contract Tower,11,11,43,1,66,0,13,41,0,54,11,24,84,1,120,4,0,4,124
08/14/2020,JQF,NC,ASO,ES,Federal Contract Tower,10,11,40,1,62,0,4,38,0,42,10,15,78,1,104,100,0,100,204
08/15/2020,JQF,NC,ASO,ES,Federal Contract Tower,3,2,37,0,42,0,0,1,0,1,3,2,38,0,43,0,0,0,43
08/16/2020,JQF,NC,ASO,ES,Federal Contract Tower,17,3,56,0,76,0,2,87,0,89,17,5,143,0,165,30,0,30,195
08/17/2020,JQF,NC,ASO,ES,Federal Contract Tower,10,8,24,0,42,0,4,100,0,104,10,12,124,0,146,100,0,100,246
08/18/2020,JQF,NC,ASO,ES,Federal Contract Tower,0,15,54,0,69,0,19,165,3,187,0,34,219,3,256,112,0,112,368
08/19/2020,JQF,NC,ASO,ES,Federal Contract Tower,0,11,47,2,60,0,28,95,0,123,0,39,142,2,183,84,6,90,273
08/20/2020,JQF,NC,ASO,ES,Federal Contract Tower,8,6,44,0,58,0,13,91,0,104,8,19,135,0,162,100,0,100,262
08/21/2020,JQF,NC,ASO,ES,Federal Contract Tower,13,13,23,0,49,0,13,4,0,17,13,26,27,0,66,24,0,24,90
08/22/2020,JQF,NC,ASO,ES,Federal Contract Tower,4,8,46,0,58,0,11,58,0,69,4,19,104,0,127,110,0,110,237
08/23/2020,JQF,NC,ASO,ES,Federal Contract Tower,17,7,48,0,72,0,2,83,6,91,17,9,131,6,163,52,0,52,215
08/24/2020,JQF,NC,ASO,ES,Federal Contract Tower,8,7,47,0,62,0,6,30,2,38,8,13,77,2,100,30,0,30,130
08/25/2020,JQF,NC,ASO,ES,Federal Contract Tower,1,8,38,0,47,0,13,81,2,96,1,21,119,2,143,73,6,79,222
08/26/2020,JQF,NC,ASO,ES,Federal Contract Tower,0,6,42,0,48,0,13,99,2,114,0,19,141,2,162,108,4,112,274
08/27/2020,JQF,NC,ASO,ES,Federal Contract Tower,10,6,55,0,71,0,11,93,4,108,10,17,148,4,179,72,0,72,251
08/28/2020,JQF,NC,ASO,ES,Federal Contract Tower,10,8,62,0,80,0,4,121,0,125,10,12,183,0,205,116,0,116,321
08/29/2020,JQF,NC,ASO,ES,Federal Contract Tower,7,2,30,0,39,0,9,29,0,38,7,11,59,0,77,22,0,22,99
08/30/2020,JQF,NC,ASO,ES,Federal Contract Tower,15,0,53,0,68,0,9,179,2,190,15,9,232,2,258,82,0,82,340
08/31/2020,JQF,NC,ASO,ES,Federal Contract Tower,8,4,23,0,35,0,8,28,0,36,8,12,51,0,71,64,0,64,135
09/01/2020,JQF,NC,ASO,ES,Federal Contract Tower,0,6,50,0,56,0,11,66,0,77,0,17,116,0,133,116,0,116,249
09/02/2020,JQF,NC,ASO,ES,Federal Contract Tower,0,8,45,2,55,0,12,111,3,126,0,20,156,5,181,88,4,92,273
09/03/2020,JQF,NC,ASO,ES,Federal Contract Tower,8,7,45,0,60,0,27,114,4,145,8,34,159,4,205,36,0,36,241
09/04/2020,JQF,NC,ASO,ES,Federal Contract Tower,6,8,50,0,64,0,7,153,0,160,6,15,203,0,224,68,0,68,292
09/05/2020,JQF,NC,ASO,ES,Federal Contract Tower,0,2,24,0,26,0,6,90,0,96,0,8,114,0,122,50,0,50,172
09/06/2020,JQF,NC,ASO,ES,Federal Contract Tower,8,2,40,0,50,0,12,94,2,108,8,14,134,2,158,40,0,40,198
09/07/2020,JQF,NC,ASO,ES,Federal Contract Tower,5,11,56,0,72,0,10,99,2,111,5,21,155,2,183,42,0,42,225
09/08/2020,JQF,NC,ASO,ES,Federal Contract Tower,0,7,46,0,53,0,12,83,0,95,0,19,129,0,148,110,0,110,258
09/09/2020,JQF,NC,ASO,ES,Federal Contract Tower,0,12,59,0,71,0,0,1,0,1,0,12,60,0,72,0,14,14,86
09/10/2020,JQF,NC,ASO,ES,Federal Contract Tower,9,6,70,0,85,0,7,51,2,60,9,13,121,2,145,10,0,10,155
09/11/2020,JQF,NC,ASO,ES,Federal Contract Tower,8,15,42,0,65,0,36,76,3,115,8,51,118,3,180,124,0,124,304
09/12/2020,JQF,NC,ASO,ES,Federal Contract Tower,5,0,29,4,38,0,4,9,0,13,5,4,38,4,51,2,0,2,53
09/13/2020,JQF,NC,ASO,ES,Federal Contract Tower,13,3,50,0,66,0,0,144,0,144,13,3,194,0,210,64,0,64,274
09/14/2020,JQF,NC,ASO,ES,Federal Contract Tower,6,7,42,0,55,0,10,127,8,145,6,17,169,8,200,126,0,126,326
09/15/2020,JQF,NC,ASO,ES,Federal Contract Tower,0,14,41,0,55,0,21,148,5,174,0,35,189,5,229,154,0,154,383
09/16/2020,JQF,NC,ASO,ES,Federal Contract Tower,0,11,50,0,61,0,13,104,4,121,0,24,154,4,182,148,0,148,330
09/17/2020,JQF,NC,ASO,ES,Federal Contract Tower,8,7,23,0,38,0,0,0,0,0,8,7,23,0,38,0,0,0,38
09/18/2020,JQF,NC,ASO,ES,Federal Contract Tower,7,10,31,2,50,0,14,78,2,94,7,24,109,4,144,78,0,78,222
09/19/2020,JQF,NC,ASO,ES,Federal Contract Tower,7,2,31,0,40,0,10,68,3,81,7,12,99,3,121,20,0,20,141
09/20/2020,JQF,NC,ASO,ES,Federal Contract Tower,14,5,32,0,51,0,11,90,2,103,14,16,122,2,154,18,0,18,172
09/21/2020,JQF,NC,ASO,ES,Federal Contract Tower,6,5,43,0,54,0,19,132,1,152,6,24,175,1,206,62,8,70,276
09/22/2020,JQF,NC,ASO,ES,Federal Contract Tower,0,14,54,1,69,0,4,137,1,142,0,18,191,2,211,216,0,216,427
09/23/2020,JQF,NC,ASO,ES,Federal Contract Tower,0,8,33,0,41,0,7,143,2,152,0,15,176,2,193,98,6,104,297
09/24/2020,JQF,NC,ASO,ES,Federal Contract Tower,11,13,70,0,94,0,9,71,1,81,11,22,141,1,175,72,0,72,247
09/25/2020,JQF,NC,ASO,ES,Federal Contract Tower,8,9,23,0,40,0,0,0,0,0,8,9,23,0,40,0,0,0,40
09/26/2020,JQF,NC,ASO,ES,Federal Contract Tower,5,1,45,2,53,0,4,46,1,51,5,5,91,3,104,46,0,46,150
09/27/2020,JQF,NC,ASO,ES,Federal Contract Tower,9,1,39,0,49,0,0,94,0,94,9,1,133,0,143,62,0,62,205
09/28/2020,JQF,NC,ASO,ES,Federal Contract Tower,6,9,35,1,51,0,11,70,2,83,6,20,105,3,134,88,0,88,222
09/29/2020,JQF,NC,ASO,ES,Federal Contract Tower,0,7,34,0,41,0,7,13,0,20,0,14,47,0,61,20,0,20,81
09/30/2020,JQF,NC,ASO,ES,Federal Contract Tower,2,9,48,0,59,0,11,133,2,146,2,20,181,2,205,136,0,136,341
10/01/2020,JQF,NC,ASO,ES,Federal Contract Tower,8,9,60,0,77,0,15,102,0,117,8,24,162,0,194,118,0,118,312
10/02/2020,JQF,NC,ASO,ES,Federal Contract Tower,16,5,34,0,55,0,15,140,0,155,16,20,174,0,210,42,0,42,252
10/03/2020,JQF,NC,ASO,ES,Federal Contract Tower,9,4,21,0,34,0,9,155,0,164,9,13,176,0,198,80,0,80,278
10/04/2020,JQF,NC,ASO,ES,Federal Contract Tower,17,9,46,0,72,0,13,136,0,149,17,22,182,0,221,88,0,88,309
10/05/2020,JQF,NC,ASO,ES,Federal Contract Tower,15,8,30,0,53,0,21,122,0,143,15,29,152,0,196,30,0,30,226
10/06/2020,JQF,NC,ASO,ES,Federal Contract Tower,0,7,46,0,53,0,30,171,0,201,0,37,217,0,254,132,2,134,388
10/07/2020,JQF,NC,ASO,ES,Federal Contract Tower,0,8,35,0,43,0,29,132,0,161,0,37,167,0,204,54,0,54,258
10/08/2020,JQF,NC,ASO,ES,Federal Contract Tower,7,14,26,0,47,0,21,116,0,137,7,35,142,0,184,142,0,142,326
10/09/2020,JQF,NC,ASO,ES,Federal Contract Tower,11,6,54,2,73,0,14,40,0,54,11,20,94,2,127,42,8,50,177
10/10/2020,JQF,NC,ASO,ES,Federal Contract Tower,4,4,22,0,30,0,0,2,0,2,4,4,24,0,32,0,0,0,32
10/11/2020,JQF,NC,ASO,ES,Federal Contract Tower,10,4,31,0,45,0,5,10,0,15,10,9,41,0,60,0,0,0,60
10/12/2020,JQF,NC,ASO,ES,Federal Contract Tower,9,5,41,0,55,0,1,1,0,2,9,6,42,0,57,0,0,0,57
10/13/2020,JQF,NC,ASO,ES,Federal Contract Tower,1,12,46,0,59,0,11,74,0,85,1,23,120,0,144,72,0,72,216
10/14/2020,JQF,NC,ASO,ES,Federal Contract Tower,0,11,54,2,67,0,18,167,1,186,0,29,221,3,253,92,0,92,345
10/15/2020,JQF,NC,ASO,ES,Federal Contract Tower,10,16,48,0,74,0,8,107,2,117,10,24,155,2,191,60,0,60,251
10/16/2020,JQF,NC,ASO,ES,Federal Contract Tower,8,13,29,2,52,0,11,93,0,104,8,24,122,2,156,88,0,88,244
10/17/2020,JQF,NC,ASO,ES,Federal Contract Tower,12,7,37,0,56,0,21,137,1,159,12,28,174,1,215,50,2,52,267
10/18/2020,JQF,NC,ASO,ES,Federal Contract Tower,17,0,52,0,69,0,3,125,0,128,17,3,177,0,197,56,0,56,253
10/19/2020,JQF,NC,ASO,ES,Federal Contract Tower,8,4,38,0,50,0,11,156,1,168,8,15,194,1,218,96,0,96,314
10/20/2020,JQF,NC,ASO,ES,Federal Contract Tower,0,10,53,0,63,0,13,121,4,138,0,23,174,4,201,222,0,222,423
10/21/2020,JQF,NC,ASO,ES,Federal Contract Tower,0,17,58,0,75,0,9,101,0,110,0,26,159,0,185,168,0,168,353
10/22/2020,JQF,NC,ASO,ES,Federal Contract Tower,6,7,43,0,56,0,20,114,0,134,6,27,157,0,190,158,0,158,348
10/23/2020,JQF,NC,ASO,ES,Federal Contract Tower,10,9,38,0,57,0,6,97,0,103,10,15,135,0,160,200,0,200,360
10/24/2020,JQF,NC,ASO,ES,Federal Contract Tower,9,4,23,0,36,0,7,124,0,131,9,11,147,0,167,70,0,70,237
10/25/2020,JQF,NC,ASO,ES,Federal Contract Tower,6,2,19,0,27,0,0,0,0,0,6,2,19,0,27,0,0,0,27
10/26/2020,JQF,NC,ASO,ES,Federal Contract Tower,8,10,29,0,47,0,12,80,0,92,8,22,109,0,139,78,0,78,217
10/27/2020,JQF,NC,ASO,ES,Federal Contract Tower,0,8,37,1,46,0,5,103,0,108,0,13,140,1,154,70,0,70,224
10/28/2020,JQF,NC,ASO,ES,Federal Contract Tower,1,19,65,1,86,0,3,33,0,36,1,22,98,1,122,38,0,38,160
10/29/2020,JQF,NC,ASO,ES,Federal Contract Tower,7,13,20,0,40,0,3,2,0,5,7,16,22,0,45,0,0,0,45
10/30/2020,JQF,NC,ASO,ES,Federal Contract Tower,8,11,40,0,59,0,20,94,1,115,8,31,134,1,174,64,0,64,238
10/31/2020,JQF,NC,ASO,ES,Federal Contract Tower,0,2,25,0,27,0,5,88,1,94,0,7,113,1,121,50,0,50,171
11/01/2020,JQF,NC,ASO,ES,Federal Contract Tower,5,6,33,0,44,0,5,21,0,26,5,11,54,0,70,10,0,10,80
11/02/2020,JQF,NC,ASO,ES,Federal Contract Tower,9,8,37,1,55,0,19,164,6,189,9,27,201,7,244,164,10,174,418
11/03/2020,JQF,NC,ASO,ES,Federal Contract Tower,0,7,49,0,56,0,23,163,0,186,0,30,212,0,242,42,0,42,284
11/04/2020,JQF,NC,ASO,ES,Federal Contract Tower,0,14,51,0,65,0,15,142,2,159,0,29,193,2,224,142,0,142,366
11/05/2020,JQF,NC,ASO,ES,Federal Contract Tower,7,11,43,0,61,0,7,142,0,149,7,18,185,0,210,166,0,166,376
11/06/2020,JQF,NC,ASO,ES,Federal Contract Tower,9,4,56,0,69,0,26,114,0,140,9,30,170,0,209,58,0,58,267
11/07/2020,JQF,NC,ASO,ES,Federal Contract Tower,5,1,39,0,45,0,3,82,0,85,5,4,121,0,130,36,0,36,166
11/08/2020,JQF,NC,ASO,ES,Federal Contract Tower,8,4,48,0,60,0,1,61,0,62,8,5,109,0,122,70,0,70,192
11/09/2020,JQF,NC,ASO,ES,Federal Contract Tower,15,6,36,0,57,0,9,112,0,121,15,15,148,0,178,48,0,48,226
11/10/2020,JQF,NC,ASO,ES,Federal Contract Tower,0,11,38,0,49,0,0,13,0,13,0,11,51,0,62,8,0,8,70
11/11/2020,JQF,NC,ASO,ES,Federal Contract Tower,0,10,10,0,20,0,0,0,0,0,0,10,10,0,20,0,0,0,20
11/12/2020,JQF,NC,ASO,ES,Federal Contract Tower,6,10,12,0,28,0,0,0,0,0,6,10,12,0,28,0,0,0,28
11/13/2020,JQF,NC,ASO,ES,Federal Contract Tower,8,5,41,0,54,0,5,84,2,91,8,10,125,2,145,150,0,150,295
11/14/2020,JQF,NC,ASO,ES,Federal Contract Tower,0,6,31,0,37,0,7,129,2,138,0,13,160,2,175,100,0,100,275
11/15/2020,JQF,NC,ASO,ES,Federal Contract Tower,6,7,29,0,42,0,7,5,0,12,6,14,34,0,54,14,0,14,68
11/16/2020,JQF,NC,ASO,ES,Federal Contract Tower,8,7,39,0,54,0,18,89,0,107,8,25,128,0,161,102,0,102,263
11/19/2020,JQF,NC,ASO,ES,Federal Contract Tower,4,13,44,0,61,0,48,163,3,214,4,61,207,3,275,90,0,90,365
11/20/2020,JQF,NC,ASO,ES,Federal Contract Tower,12,7,45,0,64,0,18,138,1,157,12,25,183,1,221,66,0,66,287
11/21/2020,JQF,NC,ASO,ES,Federal Contract Tower,0,5,25,0,30,0,3,115,8,126,0,8,140,8,156,56,0,56,212
11/22/2020,JQF,NC,ASO,ES,Federal Contract Tower,6,3,48,0,57,0,6,58,0,64,6,9,106,0,121,34,0,34,155
11/23/2020,JQF,NC,ASO,ES,Federal Contract Tower,8,5,31,0,44,0,15,103,0,118,8,20,134,0,162,54,0,54,216
11/24/2020,JQF,NC,ASO,ES,Federal Contract Tower,0,9,46,0,55,0,5,125,0,130,0,14,171,0,185,80,0,80,265
11/25/2020,JQF,NC,ASO,ES,Federal Contract Tower,10,16,19,0,45,0,18,59,6,83,10,34,78,6,128,98,0,98,226
11/26/2020,JQF,NC,ASO,ES,Federal Contract Tower,0,2,2,0,4,0,2,4,0,6,0,4,6,0,10,0,0,0,10
11/27/2020,JQF,NC,ASO,ES,Federal Contract Tower,6,10,22,0,38,0,30,54,6,90,6,40,76,6,128,52,0,52,180
11/28/2020,JQF,NC,ASO,ES,Federal Contract Tower,2,6,28,0,36,0,6,133,0,139,2,12,161,0,175,88,0,88,263
11/29/2020,JQF,NC,ASO,ES,Federal Contract Tower,11,4,28,0,43,0,7,101,0,108,11,11,129,0,151,22,0,22,173
11/30/2020,JQF,NC,ASO,ES,Federal Contract Tower,8,10,19,0,37,0,10,4,0,14,8,20,23,0,51,0,0,0,51
12/01/2020,JQF,NC,ASO,ES,Federal Contract Tower,0,5,22,0,27,0,19,71,18,108,0,24,93,18,135,32,0,32,167
12/02/2020,JQF,NC,ASO,ES,Federal Contract Tower,0,7,54,0,61,0,15,108,0,123,0,22,162,0,184,222,0,222,406
12/03/2020,JQF,NC,ASO,ES,Federal Contract Tower,6,7,48,0,61,0,15,157,3,175,6,22,205,3,236,102,0,102,338
12/04/2020,JQF,NC,ASO,ES,Federal Contract Tower,12,9,19,0,40,0,6,29,2,37,12,15,48,2,77,34,0,34,111
12/05/2020,JQF,NC,ASO,ES,Federal Contract Tower,5,5,17,0,27,0,8,94,6,108,5,13,111,6,135,50,0,50,185
12/06/2020,JQF,NC,ASO,ES,Federal Contract Tower,8,5,24,0,37,0,10,106,6,122,8,15,130,6,159,42,0,42,201
12/07/2020,JQF,NC,ASO,ES,Federal Contract Tower,11,6,28,0,45,0,5,3,1,9,11,11,31,1,54,56,0,56,110
12/08/2020,JQF,NC,ASO,ES,Federal Contract Tower,0,12,19,0,31,0,7,113,7,127,0,19,132,7,158,64,0,64,222
12/09/2020,JQF,NC,ASO,ES,Federal Contract Tower,1,12,50,0,63,0,20,109,0,129,1,32,159,0,192,110,0,110,302
12/10/2020,JQF,NC,ASO,ES,Federal Contract Tower,5,11,38,1,55,0,11,101,4,116,5,22,139,5,171,59,0,59,230
12/11/2020,JQF,NC,ASO,ES,Federal Contract Tower,8,6,38,0,52,0,26,141,7,174,8,32,179,7,226,50,0,50,276
12/12/2020,JQF,NC,ASO,ES,Federal Contract Tower,0,1,29,0,30,0,3,112,4,119,0,4,141,4,149,52,0,52,201
12/13/2020,JQF,NC,ASO,ES,Federal Contract Tower,6,2,28,2,38,0,4,74,2,80,6,6,102,4,118,64,0,64,182
12/14/2020,JQF,NC,ASO,ES,Federal Contract Tower,8,21,13,0,42,0,13,24,0,37,8,34,37,0,79,6,0,6,85
12/15/2020,JQF,NC,ASO,ES,Federal Contract Tower,0,9,37,0,46,0,19,124,0,143,0,28,161,0,189,102,0,102,291
12/16/2020,JQF,NC,ASO,ES,Federal Contract Tower,0,12,20,0,32,0,0,0,0,0,0,12,20,0,32,0,0,0,32
12/17/2020,JQF,NC,ASO,ES,Federal Contract Tower,5,15,33,0,53,0,17,11,0,28,5,32,44,0,81,70,0,70,151
12/18/2020,JQF,NC,ASO,ES,Federal Contract Tower,11,8,46,0,65,0,12,123,9,144,11,20,169,9,209,46,0,46,255
12/19/2020,JQF,NC,ASO,ES,Federal Contract Tower,6,8,46,0,60,0,10,152,4,166,6,18,198,4,226,184,0,184,410
12/20/2020,JQF,NC,ASO,ES,Federal Contract Tower,6,3,14,0,23,0,0,0,0,0,6,3,14,0,23,0,0,0,23
12/21/2020,JQF,NC,ASO,ES,Federal Contract Tower,7,9,37,0,53,0,7,71,1,79,7,16,108,1,132,124,0,124,256
12/22/2020,JQF,NC,ASO,ES,Federal Contract Tower,8,8,33,0,49,0,13,125,0,138,8,21,158,0,187,166,0,166,353
12/23/2020,JQF,NC,ASO,ES,Federal Contract Tower,6,5,46,0,57,0,9,103,22,134,6,14,149,22,191,104,0,104,295
12/24/2020,JQF,NC,ASO,ES,Federal Contract Tower,8,7,4,0,19,0,0,0,0,0,8,7,4,0,19,0,0,0,19
12/25/2020,JQF,NC,ASO,ES,Federal Contract Tower,2,1,3,0,6,0,5,7,0,12,2,6,10,0,18,0,0,0,18
12/26/2020,JQF,NC,ASO,ES,Federal Contract Tower,7,1,25,0,33,0,5,71,0,76,7,6,96,0,109,16,0,16,125
12/27/2020,JQF,NC,ASO,ES,Federal Contract Tower,9,6,24,0,39,0,13,105,0,118,9,19,129,0,157,22,0,22,179
12/28/2020,JQF,NC,ASO,ES,Federal Contract Tower,8,6,21,0,35,0,22,125,2,149,8,28,146,2,184,90,0,90,274
12/29/2020,JQF,NC,ASO,ES,Federal Contract Tower,8,7,34,0,49,0,5,124,0,129,8,12,158,0,178,70,0,70,248
12/30/2020,JQF,NC,ASO,ES,Federal Contract Tower,6,11,26,0,43,0,1,34,0,35,6,12,60,0,78,24,0,24,102
12/31/2020,JQF,NC,ASO,ES,Federal Contract Tower,8,7,3,0,18,0,0,0,0,0,8,7,3,0,18,0,0,0,18
01/01/2021,JQF,NC,ASO,ES,Federal Contract Tower,4,8,5,0,17,0,0,0,0,0,4,8,5,0,17,0,0,0,17
01/02/2021,JQF,NC,ASO,ES,Federal Contract Tower,7,4,20,0,31,0,1,35,0,36,7,5,55,0,67,6,0,6,73
01/03/2021,JQF,NC,ASO,ES,Federal Contract Tower,6,5,38,0,49,0,7,9,0,16,6,12,47,0,65,14,0,14,79
01/04/2021,JQF,NC,ASO,ES,Federal Contract Tower,9,6,27,0,42,0,10,128,0,138,9,16,155,0,180,2,0,2,182
01/05/2021,JQF,NC,ASO,ES,Federal Contract Tower,0,13,29,1,43,0,15,59,2,76,0,28,88,3,119,70,0,70,189
01/06/2021,JQF,NC,ASO,ES,Federal Contract Tower,0,17,36,1,54,0,8,118,1,127,0,25,154,2,181,34,0,34,215
01/07/2021,JQF,NC,ASO,ES,Federal Contract Tower,6,7,37,0,50,0,9,91,0,100,6,16,128,0,150,30,0,30,180
01/08/2021,JQF,NC,ASO,ES,Federal Contract Tower,8,8,12,0,28,0,0,0,0,0,8,8,12,0,28,0,0,0,28
01/09/2021,JQF,NC,ASO,ES,Federal Contract Tower,0,2,25,0,27,0,6,135,2,143,0,8,160,2,170,34,0,34,204
01/10/2021,JQF,NC,ASO,ES,Federal Contract Tower,6,6,26,0,38,0,0,144,0,144,6,6,170,0,182,12,0,12,194
01/11/2021,JQF,NC,ASO,ES,Federal Contract Tower,9,8,21,0,38,0,11,99,0,110,9,19,120,0,148,0,0,0,148
01/12/2021,JQF,NC,ASO,ES,Federal Contract Tower,0,8,27,0,35,0,18,113,0,131,0,26,140,0,166,64,0,64,230
01/13/2021,JQF,NC,ASO,ES,Federal Contract Tower,0,12,33,0,45,0,8,115,4,127,0,20,148,4,172,6,0,6,178
01/14/2021,JQF,NC,ASO,ES,Federal Contract Tower,7,13,61,0,81,0,8,53,0,61,7,21,114,0,142,24,0,24,166
01/15/2021,JQF,NC,ASO,ES,Federal Contract Tower,10,10,35,0,55,0,2,9,0,11,10,12,44,0,66,16,0,16,82
01/16/2021,JQF,NC,ASO,ES,Federal Contract Tower,2,10,17,0,29,0,2,77,0,79,2,12,94,0,108,32,0,32,140
01/17/2021,JQF,NC,ASO,ES,Federal Contract Tower,6,5,26,0,37,0,5,100,0,105,6,10,126,0,142,12,0,12,154
01/18/2021,JQF,NC,ASO,ES,Federal Contract Tower,8,7,19,0,34,0,13,85,2,100,8,20,104,2,134,0,0,0,134
01/19/2021,JQF,NC,ASO,ES,Federal Contract Tower,0,8,39,2,49,0,18,99,2,119,0,26,138,4,168,62,0,62,230
01/20/2021,JQF,NC,ASO,ES,Federal Contract Tower,0,13,34,0,47,0,27,93,4,124,0,40,127,4,171,16,0,16,187
01/21/2021,JQF,NC,ASO,ES,Federal Contract Tower,10,14,39,0,63,0,17,114,4,135,10,31,153,4,198,22,0,22,220
01/22/2021,JQF,NC,ASO,ES,Federal Contract Tower,10,9,23,0,42,0,31,76,1,108,10,40,99,1,150,20,0,20,170
01/23/2021,JQF,NC,ASO,ES,Federal Contract Tower,1,0,27,0,28,0,2,112,2,116,1,2,139,2,144,26,0,26,170
01/24/2021,JQF,NC,ASO,ES,Federal Contract Tower,8,1,27,2,38,0,6,106,7,119,8,7,133,9,157,16,0,16,173
01/25/2021,JQF,NC,ASO,ES,Federal Contract Tower,8,8,14,0,30,0,2,0,0,2,8,10,14,0,32,0,0,0,32
01/26/2021,JQF,NC,ASO,ES,Federal Contract Tower,2,0,21,0,23,0,0,0,0,0,2,0,21,0,23,0,0,0,23
01/27/2021,JQF,NC,ASO,ES,Federal Contract Tower,4,8,17,0,29,4,10,45,0,59,8,18,62,0,88,4,0,4,92
01/28/2021,JQF,NC,ASO,ES,Federal Contract Tower,7,4,32,1,44,0,18,78,0,96,7,22,110,1,140,82,0,82,222
01/29/2021,JQF,NC,ASO,ES,Federal Contract Tower,11,5,39,2,57,0,10,137,0,147,11,15,176,2,204,41,0,41,245
01/30/2021,JQF,NC,ASO,ES,Federal Contract Tower,0,3,25,0,28,0,5,106,2,113,0,8,131,2,141,88,0,88,229
01/31/2021,JQF,NC,ASO,ES,Federal Contract Tower,8,0,14,0,22,0,0,0,0,0,8,0,14,0,22,0,0,0,22
02/01/2021,JQF,NC,ASO,ES,Federal Contract Tower,14,5,34,4,57,0,4,18,0,22,14,9,52,4,79,110,20,130,209
02/02/2021,JQF,NC,ASO,ES,Federal Contract Tower,0,12,22,0,34,0,10,44,0,54,0,22,66,0,88,44,0,44,132
02/03/2021,JQF,NC,ASO,ES,Federal Contract Tower,0,9,31,0,40,0,11,86,1,98,0,20,117,1,138,84,0,84,222
02/04/2021,JQF,NC,ASO,ES,Federal Contract Tower,9,10,39,0,58,0,10,125,0,135,9,20,164,0,193,18,0,18,211
02/05/2021,JQF,NC,ASO,ES,Federal Contract Tower,8,9,30,0,47,0,7,30,4,41,8,16,60,4,88,8,0,8,96
02/06/2021,JQF,NC,ASO,ES,Federal Contract Tower,0,4,13,0,17,0,21,91,0,112,0,25,104,0,129,56,0,56,185
02/07/2021,JQF,NC,ASO,ES,Federal Contract Tower,7,1,10,0,18,0,3,60,0,63,7,4,70,0,81,24,0,24,105
02/08/2021,JQF,NC,ASO,ES,Federal Contract Tower,8,7,40,0,55,0,31,134,4,169,8,38,174,4,224,52,0,52,276
02/09/2021,JQF,NC,ASO,ES,Federal Contract Tower,11,4,40,0,55,0,4,80,0,84,11,8,120,0,139,0,0,0,139
02/10/2021,JQF,NC,ASO,ES,Federal Contract Tower,4,11,58,0,73,0,1,14,0,15,4,12,72,0,88,20,0,20,108
02/11/2021,JQF,NC,ASO,ES,Federal Contract Tower,9,11,32,0,52,0,0,0,0,0,9,11,32,0,52,0,0,0,52
02/12/2021,JQF,NC,ASO,ES,Federal Contract Tower,14,14,12,0,40,0,0,0,0,0,14,14,12,0,40,0,0,0,40
02/13/2021,JQF,NC,ASO,ES,Federal Contract Tower,10,0,4,0,14,0,0,0,0,0,10,0,4,0,14,0,0,0,14
02/14/2021,JQF,NC,ASO,ES,Federal Contract Tower,11,6,12,0,29,0,0,0,0,0,11,6,12,0,29,0,0,0,29
02/15/2021,JQF,NC,ASO,ES,Federal Contract Tower,14,16,22,0,52,0,0,0,0,0,14,16,22,0,52,0,0,0,52
02/16/2021,JQF,NC,ASO,ES,Federal Contract Tower,2,12,19,1,34,0,7,74,0,81,2,19,93,1,115,82,0,82,197
02/17/2021,JQF,NC,ASO,ES,Federal Contract Tower,4,7,44,0,55,0,9,160,14,183,4,16,204,14,238,62,6,68,306
02/18/2021,JQF,NC,ASO,ES,Federal Contract Tower,0,11,17,0,28,0,0,0,0,0,0,11,17,0,28,0,0,0,28
02/19/2021,JQF,NC,ASO,ES,Federal Contract Tower,16,10,39,4,69,0,6,66,3,75,16,16,105,7,144,36,0,36,180
02/20/2021,JQF,NC,ASO,ES,Federal Contract Tower,13,3,34,0,50,0,7,130,1,138,13,10,164,1,188,40,0,40,228
02/21/2021,JQF,NC,ASO,ES,Federal Contract Tower,18,3,48,0,69,0,2,150,2,154,18,5,198,2,223,54,0,54,277
02/22/2021,JQF,NC,ASO,ES,Federal Contract Tower,15,6,20,0,41,0,14,34,0,48,15,20,54,0,89,60,0,60,149
02/23/2021,JQF,NC,ASO,ES,Federal Contract Tower,0,10,48,0,58,0,19,132,0,151,0,29,180,0,209,54,0,54,263
02/24/2021,JQF,NC,ASO,ES,Federal Contract Tower,2,8,41,0,51,0,16,173,0,189,2,24,214,0,240,126,0,126,366
02/25/2021,JQF,NC,ASO,ES,Federal Contract Tower,7,6,52,0,65,0,19,159,1,179,7,25,211,1,244,14,0,14,258
02/26/2021,JQF,NC,ASO,ES,Federal Contract Tower,14,10,36,0,60,0,0,6,0,6,14,10,42,0,66,0,0,0,66
02/27/2021,JQF,NC,ASO,ES,Federal Contract Tower,14,6,40,0,60,0,1,3,0,4,14,7,43,0,64,0,0,0,64
02/28/2021,JQF,NC,ASO,ES,Federal Contract Tower,14,3,38,0,55,0,4,35,2,41,14,7,73,2,96,0,0,0,96
03/01/2021,JQF,NC,ASO,ES,Federal Contract Tower,14,4,34,0,52,0,15,51,2,68,14,19,85,2,120,0,0,0,120
03/02/2021,JQF,NC,ASO,ES,Federal Contract Tower,6,7,38,0,51,0,18,113,0,131,6,25,151,0,182,100,0,100,282
03/03/2021,JQF,NC,ASO,ES,Federal Contract Tower,6,5,45,2,58,0,18,103,4,125,6,23,148,6,183,48,0,48,231
03/04/2021,JQF,NC,ASO,ES,Federal Contract Tower,8,9,42,0,59,0,20,122,0,142,8,29,164,0,201,54,0,54,255
03/05/2021,JQF,NC,ASO,ES,Federal Contract Tower,14,5,40,0,59,0,13,109,1,123,14,18,149,1,182,40,0,40,222
03/06/2021,JQF,NC,ASO,ES,Federal Contract Tower,11,4,21,0,36,0,10,145,1,156,11,14,166,1,192,28,0,28,220
03/07/2021,JQF,NC,ASO,ES,Federal Contract Tower,9,1,30,0,40,0,10,116,9,135,9,11,146,9,175,66,0,66,241
03/08/2021,JQF,NC,ASO,ES,Federal Contract Tower,16,9,38,0,63,0,14,132,0,146,16,23,170,0,209,12,0,12,221
03/09/2021,JQF,NC,ASO,ES,Federal Contract Tower,2,7,38,0,47,0,6,123,0,129,2,13,161,0,176,62,0,62,238
03/10/2021,JQF,NC,ASO,ES,Federal Contract Tower,6,10,47,0,63,0,9,154,4,167,6,19,201,4,230,32,2,34,264
03/11/2021,JQF,NC,ASO,ES,Federal Contract Tower,9,6,47,0,62,0,17,165,0,182,9,23,212,0,244,52,0,52,296
03/12/2021,JQF,NC,ASO,ES,Federal Contract Tower,15,10,36,0,61,0,19,147,0,166,15,29,183,0,227,51,0,51,278
03/13/2021,JQF,NC,ASO,ES,Federal Contract Tower,12,4,26,0,42,0,4,128,2,134,12,8,154,2,176,38,0,38,214
03/14/2021,JQF,NC,ASO,ES,Federal Contract Tower,9,4,26,0,39,0,5,82,2,89,9,9,108,2,128,36,0,36,164
03/15/2021,JQF,NC,ASO,ES,Federal Contract Tower,17,5,28,3,53,0,10,83,0,93,17,15,111,3,146,76,0,76,222
03/16/2021,JQF,NC,ASO,ES,Federal Contract Tower,2,8,22,0,32,0,0,0,0,0,2,8,22,0,32,0,0,0,32
03/17/2021,JQF,NC,ASO,ES,Federal Contract Tower,5,12,22,0,39,0,0,2,0,2,5,12,24,0,41,0,0,0,41
03/18/2021,JQF,NC,ASO,ES,Federal Contract Tower,11,10,16,0,37,0,3,1,0,4,11,13,17,0,41,0,0,0,41
03/19/2021,JQF,NC,ASO,ES,Federal Contract Tower,12,7,35,0,54,0,12,35,7,54,12,19,70,7,108,0,0,0,108
03/20/2021,JQF,NC,ASO,ES,Federal Contract Tower,13,9,33,0,55,0,8,129,0,137,13,17,162,0,192,66,0,66,258
03/21/2021,JQF,NC,ASO,ES,Federal Contract Tower,17,10,36,0,63,0,7,92,0,99,17,17,128,0,162,22,0,22,184
03/22/2021,JQF,NC,ASO,ES,Federal Contract Tower,17,3,33,0,53,0,18,101,0,119,17,21,134,0,172,92,0,92,264
03/23/2021,JQF,NC,ASO,ES,Federal Contract Tower,3,13,49,4,69,0,10,32,0,42,3,23,81,4,111,90,0,90,201
03/24/2021,JQF,NC,ASO,ES,Federal Contract Tower,3,10,48,0,61,0,4,55,0,59,3,14,103,0,120,88,0,88,208
03/25/2021,JQF,NC,ASO,ES,Federal Contract Tower,8,15,33,0,56,0,2,14,0,16,8,17,47,0,72,60,0,60,132
03/26/2021,JQF,NC,ASO,ES,Federal Contract Tower,14,4,42,0,60,0,20,70,0,90,14,24,112,0,150,40,0,40,190
03/27/2021,JQF,NC,ASO,ES,Federal Contract Tower,7,8,15,0,30,0,9,53,0,62,7,17,68,0,92,88,0,88,180
03/28/2021,JQF,NC,ASO,ES,Federal Contract Tower,8,3,14,1,26,0,9,6,0,15,8,12,20,1,41,16,0,16,57
03/29/2021,JQF,NC,ASO,ES,Federal Contract Tower,21,6,39,3,69,0,6,181,4,191,21,12,220,7,260,66,0,66,326
03/30/2021,JQF,NC,ASO,ES,Federal Contract Tower,2,4,34,0,40,0,16,161,0,177,2,20,195,0,217,68,0,68,285
03/31/2021,JQF,NC,ASO,ES,Federal Contract Tower,6,8,23,0,37,0,3,0,0,3,6,11,23,0,40,0,0,0,40
04/01/2021,JQF,NC,ASO,ES,Federal Contract Tower,6,14,35,0,55,0,14,50,0,64,6,28,85,0,119,20,0,20,139
04/02/2021,JQF,NC,ASO,ES,Federal Contract Tower,12,9,23,0,44,0,28,93,4,125,12,37,116,4,169,162,0,162,331
04/03/2021,JQF,NC,ASO,ES,Federal Contract Tower,7,3,20,0,30,0,5,179,0,184,7,8,199,0,214,168,0,168,382
04/04/2021,JQF,NC,ASO,ES,Federal Contract Tower,8,7,18,1,34,0,6,151,0,157,8,13,169,1,191,56,0,56,247
04/05/2021,JQF,NC,ASO,ES,Federal Contract Tower,12,7,46,0,65,0,16,138,1,155,12,23,184,1,220,70,0,70,290
04/06/2021,JQF,NC,ASO,ES,Federal Contract Tower,2,7,31,0,40,0,19,136,2,157,2,26,167,2,197,78,0,78,275
04/07/2021,JQF,NC,ASO,ES,Federal Contract Tower,11,17,41,0,69,0,15,152,12,179,11,32,193,12,248,88,0,88,336
04/08/2021,JQF,NC,ASO,ES,Federal Contract Tower,8,12,42,1,63,0,14,121,1,136,8,26,163,2,199,72,0,72,271
04/09/2021,JQF,NC,ASO,ES,Federal Contract Tower,11,13,47,0,71,0,28,99,0,127,11,41,146,0,198,8,0,8,206
04/10/2021,JQF,NC,ASO,ES,Federal Contract Tower,6,2,15,1,24,0,2,21,0,23,6,4,36,1,47,0,0,0,47
04/11/2021,JQF,NC,ASO,ES,Federal Contract Tower,4,14,28,0,46,0,7,60,0,67,4,21,88,0,113,0,0,0,113
04/12/2021,JQF,NC,ASO,ES,Federal Contract Tower,9,8,39,0,56,0,15,111,2,128,9,23,150,2,184,48,0,48,232
04/13/2021,JQF,NC,ASO,ES,Federal Contract Tower,3,7,32,0,42,0,33,170,0,203,3,40,202,0,245,18,0,18,263
04/14/2021,JQF,NC,ASO,ES,Federal Contract Tower,4,6,46,0,56,0,20,135,2,157,4,26,181,2,213,40,0,40,253
04/15/2021,JQF,NC,ASO,ES,Federal Contract Tower,8,8,45,2,63,0,19,124,2,145,8,27,169,4,208,46,0,46,254
04/16/2021,JQF,NC,ASO,ES,Federal Contract Tower,12,10,41,0,63,0,22,121,0,143,12,32,162,0,206,160,0,160,366
04/17/2021,JQF,NC,ASO,ES,Federal Contract Tower,7,3,23,0,33,0,3,99,0,102,7,6,122,0,135,86,0,86,221
04/18/2021,JQF,NC,ASO,ES,Federal Contract Tower,17,5,45,0,67,0,9,110,2,121,17,14,155,2,188,32,0,32,220
04/19/2021,JQF,NC,ASO,ES,Federal Contract Tower,11,11,43,0,65,0,11,105,0,116,11,22,148,0,181,54,0,54,235
04/20/2021,JQF,NC,ASO,ES,Federal Contract Tower,5,6,34,0,45,0,25,108,4,137,5,31,142,4,182,54,0,54,236
04/21/2021,JQF,NC,ASO,ES,Federal Contract Tower,2,9,38,0,49,0,5,64,0,69,2,14,102,0,118,30,0,30,148
04/22/2021,JQF,NC,ASO,ES,Federal Contract Tower,7,10,39,0,56,0,17,128,4,149,7,27,167,4,205,28,0,28,233
04/23/2021,JQF,NC,ASO,ES,Federal Contract Tower,16,13,26,0,55,0,12,172,1,185,16,25,198,1,240,142,0,142,382
04/24/2021,JQF,NC,ASO,ES,Federal Contract Tower,17,5,8,0,30,0,5,0,0,5,17,10,8,0,35,64,0,64,99
04/25/2021,JQF,NC,ASO,ES,Federal Contract Tower,20,6,48,0,74,0,10,79,2,91,20,16,127,2,165,28,0,28,193
04/26/2021,JQF,NC,ASO,ES,Federal Contract Tower,12,8,47,0,67,0,19,181,0,200,12,27,228,0,267,89,0,89,356
04/27/2021,JQF,NC,ASO,ES,Federal Contract Tower,2,9,37,0,48,0,20,135,0,155,2,29,172,0,203,100,0,100,303
04/28/2021,JQF,NC,ASO,ES,Federal Contract Tower,3,9,44,0,56,0,20,106,7,133,3,29,150,7,189,44,0,44,233
04/29/2021,JQF,NC,ASO,ES,Federal Contract Tower,8,8,41,0,57,0,5,64,10,79,8,13,105,10,136,46,0,46,182
04/30/2021,JQF,NC,ASO,ES,Federal Contract Tower,14,12,19,0,45,0,17,99,4,120,14,29,118,4,165,12,0,12,177
05/01/2021,JQF,NC,ASO,ES,Federal Contract Tower,11,5,28,0,44,0,7,151,4,162,11,12,179,4,206,128,0,128,334
05/02/2021,JQF,NC,ASO,ES,Federal Contract Tower,15,9,34,0,58,0,5,82,4,91,15,14,116,4,149,32,0,32,181
05/03/2021,JQF,NC,ASO,ES,Federal Contract Tower,12,7,14,1,34,0,2,1,1,4,12,9,15,2,38,0,0,0,38
05/04/2021,JQF,NC,ASO,ES,Federal Contract Tower,2,23,40,1,66,0,9,19,0,28,2,32,59,1,94,4,0,4,98
05/05/2021,JQF,NC,ASO,ES,Federal Contract Tower,2,11,50,0,63,0,7,98,1,106,2,18,148,1,169,56,0,56,225
05/06/2021,JQF,NC,ASO,ES,Federal Contract Tower,8,12,35,0,55,0,10,153,0,163,8,22,188,0,218,44,0,44,262
05/07/2021,JQF,NC,ASO,ES,Federal Contract Tower,12,9,40,0,61,0,23,76,2,101,12,32,116,2,162,80,0,80,242
05/08/2021,JQF,NC,ASO,ES,Federal Contract Tower,4,4,16,0,24,0,8,89,1,98,4,12,105,1,122,52,0,52,174
05/09/2021,JQF,NC,ASO,ES,Federal Contract Tower,6,2,27,0,35,0,19,57,0,76,6,21,84,0,111,92,0,92,203
05/10/2021,JQF,NC,ASO,ES,Federal Contract Tower,12,4,44,0,60,0,14,50,0,64,12,18,94,0,124,58,0,58,182
05/11/2021,JQF,NC,ASO,ES,Federal Contract Tower,2,9,58,0,69,0,9,134,0,143,2,18,192,0,212,64,0,64,276
05/12/2021,JQF,NC,ASO,ES,Federal Contract Tower,2,10,57,0,69,0,7,26,0,33,2,17,83,0,102,38,0,38,140
05/13/2021,JQF,NC,ASO,ES,Federal Contract Tower,8,8,43,0,59,0,12,143,0,155,8,20,186,0,214,116,0,116,330
05/14/2021,JQF,NC,ASO,ES,Federal Contract Tower,15,12,50,0,77,0,15,115,2,132,15,27,165,2,209,90,0,90,299
05/15/2021,JQF,NC,ASO,ES,Federal Contract Tower,14,14,29,2,59,0,14,132,0,146,14,28,161,2,205,82,0,82,287
05/16/2021,JQF,NC,ASO,ES,Federal Contract Tower,15,11,46,0,72,0,9,97,0,106,15,20,143,0,178,48,0,48,226
05/17/2021,JQF,NC,ASO,ES,Federal Contract Tower,14,15,65,0,94,0,14,156,0,170,14,29,221,0,264,74,0,74,338
05/18/2021,JQF,NC,ASO,ES,Federal Contract Tower,3,8,55,0,66,0,20,123,0,143,3,28,178,0,209,76,0,76,285
05/19/2021,JQF,NC,ASO,ES,Federal Contract Tower,2,14,59,0,75,0,15,134,0,149,2,29,193,0,224,90,0,90,314
05/20/2021,JQF,NC,ASO,ES,Federal Contract Tower,10,10,43,0,63,0,17,117,2,136,10,27,160,2,199,96,2,98,297
05/21/2021,JQF,NC,ASO,ES,Federal Contract Tower,20,24,53,0,97,0,6,95,0,101,20,30,148,0,198,66,0,66,264
05/22/2021,JQF,NC,ASO,ES,Federal Contract Tower,8,11,32,2,53,0,2,112,0,114,8,13,144,2,167,72,0,72,239
05/23/2021,JQF,NC,ASO,ES,Federal Contract Tower,14,10,39,0,63,0,6,85,0,91,14,16,124,0,154,36,0,36,190
05/24/2021,JQF,NC,ASO,ES,Federal Contract Tower,16,15,32,0,63,0,7,111,2,120,16,22,143,2,183,74,0,74,257
05/25/2021,JQF,NC,ASO,ES,Federal Contract Tower,3,19,46,0,68,0,11,68,0,79,3,30,114,0,147,72,0,72,219
05/26/2021,JQF,NC,ASO,ES,Federal Contract Tower,2,14,45,0,61,0,5,116,0,121,2,19,161,0,182,80,0,80,262
05/27/2021,JQF,NC,ASO,ES,Federal Contract Tower,8,20,56,0,84,0,13,100,0,113,8,33,156,0,197,156,0,156,353
05/28/2021,JQF,NC,ASO,ES,Federal Contract Tower,14,14,47,0,75,0,21,62,0,83,14,35,109,0,158,44,0,44,202
05/29/2021,JQF,NC,ASO,ES,Federal Contract Tower,6,15,46,0,67,0,6,20,0,26,6,21,66,0,93,82,0,82,175
05/30/2021,JQF,NC,ASO,ES,Federal Contract Tower,8,4,44,6,62,0,15,41,20,76,8,19,85,26,138,116,0,116,254
05/31/2021,JQF,NC,ASO,ES,Federal Contract Tower,14,6,46,0,66,0,10,136,3,149,14,16,182,3,215,104,0,104,319
06/01/2021,JQF,NC,ASO,ES,Federal Contract Tower,4,13,41,0,58,0,19,166,0,185,4,32,207,0,243,88,0,88,331
06/02/2021,JQF,NC,ASO,ES,Federal Contract Tower,4,25,64,5,98,0,16,35,0,51,4,41,99,5,149,52,4,56,205
06/03/2021,JQF,NC,ASO,ES,Federal Contract Tower,10,26,28,0,64,0,6,17,0,23,10,32,45,0,87,56,0,56,143
06/04/2021,JQF,NC,ASO,ES,Federal Contract Tower,15,10,55,0,80,0,8,79,0,87,15,18,134,0,167,52,0,52,219
06/05/2021,JQF,NC,ASO,ES,Federal Contract Tower,8,7,29,1,45,0,6,165,0,171,8,13,194,1,216,54,0,54,270
06/06/2021,JQF,NC,ASO,ES,Federal Contract Tower,13,13,36,0,62,0,4,99,0,103,13,17,135,0,165,50,0,50,215
06/07/2021,JQF,NC,ASO,ES,Federal Contract Tower,14,11,33,0,58,0,0,25,0,25,14,11,58,0,83,46,0,46,129
06/08/2021,JQF,NC,ASO,ES,Federal Contract Tower,4,18,35,2,59,0,10,46,0,56,4,28,81,2,115,68,0,68,183
06/09/2021,JQF,NC,ASO,ES,Federal Contract Tower,6,14,72,0,92,0,13,96,0,109,6,27,168,0,201,30,0,30,231
06/10/2021,JQF,NC,ASO,ES,Federal Contract Tower,12,14,45,0,71,0,9,75,0,84,12,23,120,0,155,62,0,62,217
06/11/2021,JQF,NC,ASO,ES,Federal Contract Tower,13,11,33,0,57,0,12,37,0,49,13,23,70,0,106,148,0,148,254
06/12/2021,JQF,NC,ASO,ES,Federal Contract Tower,8,8,25,0,41,0,3,16,0,19,8,11,41,0,60,52,0,52,112
06/13/2021,JQF,NC,ASO,ES,Federal Contract Tower,21,11,52,0,84,0,9,73,2,84,21,20,125,2,168,144,0,144,312
06/14/2021,JQF,NC,ASO,ES,Federal Contract Tower,17,7,29,0,53,0,10,113,0,123,17,17,142,0,176,152,0,152,328
06/15/2021,JQF,NC,ASO,ES,Federal Contract Tower,6,6,49,0,61,0,15,122,1,138,6,21,171,1,199,68,0,68,267
06/16/2021,JQF,NC,ASO,ES,Federal Contract Tower,6,14,34,0,54,0,15,154,0,169,6,29,188,0,223,70,0,70,293
06/17/2021,JQF,NC,ASO,ES,Federal Contract Tower,12,12,35,0,59,7,42,126,0,175,19,54,161,0,234,44,0,44,278
06/18/2021,JQF,NC,ASO,ES,Federal Contract Tower,16,16,54,0,86,0,15,138,0,153,16,31,192,0,239,54,0,54,293
06/19/2021,JQF,NC,ASO,ES,Federal Contract Tower,9,7,26,0,42,0,6,99,0,105,9,13,125,0,147,14,0,14,161
06/20/2021,JQF,NC,ASO,ES,Federal Contract Tower,11,12,22,0,45,0,0,4,0,4,11,12,26,0,49,2,0,2,51
06/21/2021,JQF,NC,ASO,ES,Federal Contract Tower,15,29,30,0,74,0,32,106,0,138,15,61,136,0,212,58,0,58,270
06/22/2021,JQF,NC,ASO,ES,Federal Contract Tower,5,10,37,0,52,0,2,31,1,34,5,12,68,1,86,8,0,8,94
06/23/2021,JQF,NC,ASO,ES,Federal Contract Tower,7,22,55,0,84,0,7,153,0,160,7,29,208,0,244,106,0,106,350
06/24/2021,JQF,NC,ASO,ES,Federal Contract Tower,12,21,54,0,87,0,3,150,4,157,12,24,204,4,244,86,0,86,330
06/25/2021,JQF,NC,ASO,ES,Federal Contract Tower,19,12,40,0,71,0,11,166,4,181,19,23,206,4,252,76,0,76,328
06/26/2021,JQF,NC,ASO,ES,Federal Contract Tower,7,5,35,1,48,0,9,53,2,64,7,14,88,3,112,36,2,38,150
06/27/2021,JQF,NC,ASO,ES,Federal Contract Tower,25,7,43,1,76,0,3,35,0,38,25,10,78,1,114,74,0,74,188
06/28/2021,JQF,NC,ASO,ES,Federal Contract Tower,16,14,43,1,74,0,6,109,1,116,16,20,152,2,190,104,0,104,294
06/29/2021,JQF,NC,ASO,ES,Federal Contract Tower,6,11,45,0,62,0,12,71,0,83,6,23,116,0,145,82,0,82,227
06/30/2021,JQF,NC,ASO,ES,Federal Contract Tower,8,22,50,2,82,0,6,74,2,82,8,28,124,4,164,120,0,120,284
07/01/2021,JQF,NC,ASO,ES,Federal Contract Tower,10,10,23,0,43,0,16,133,12,161,10,26,156,12,204,76,0,76,280
07/02/2021,JQF,NC,ASO,ES,Federal Contract Tower,15,8,39,0,62,0,6,34,1,41,15,14,73,1,103,30,0,30,133
07/03/2021,JQF,NC,ASO,ES,Federal Contract Tower,7,17,16,0,40,0,17,110,0,127,7,34,126,0,167,70,0,70,237
07/04/2021,JQF,NC,ASO,ES,Federal Contract Tower,15,16,15,0,46,0,6,33,0,39,15,22,48,0,85,12,0,12,97
07/05/2021,JQF,NC,ASO,ES,Federal Contract Tower,13,4,45,0,62,0,5,76,2,83,13,9,121,2,145,80,0,80,225
07/06/2021,JQF,NC,ASO,ES,Federal Contract Tower,8,11,24,0,43,0,12,88,0,100,8,23,112,0,143,72,0,72,215
07/07/2021,JQF,NC,ASO,ES,Federal Contract Tower,6,15,37,0,58,0,7,85,0,92,6,22,122,0,150,34,0,34,184
07/08/2021,JQF,NC,ASO,ES,Federal Contract Tower,11,6,20,0,37,0,13,12,0,25,11,19,32,0,62,2,0,2,64
07/09/2021,JQF,NC,ASO,ES,Federal Contract Tower,17,6,40,0,63,0,17,92,5,114,17,23,132,5,177,50,0,50,227
07/10/2021,JQF,NC,ASO,ES,Federal Contract Tower,12,2,27,0,41,0,6,92,2,100,12,8,119,2,141,0,0,0,141
07/11/2021,JQF,NC,ASO,ES,Federal Contract Tower,23,7,34,0,64,0,19,59,2,80,23,26,93,2,144,0,0,0,144
07/12/2021,JQF,NC,ASO,ES,Federal Contract Tower,12,9,34,0,55,0,15,90,0,105,12,24,124,0,160,4,0,4,164
07/13/2021,JQF,NC,ASO,ES,Federal Contract Tower,5,12,51,0,68,0,6,99,14,119,5,18,150,14,187,48,4,52,239
07/14/2021,JQF,NC,ASO,ES,Federal Contract Tower,6,10,35,0,51,0,9,80,0,89,6,19,115,0,140,24,0,24,164
07/15/2021,JQF,NC,ASO,ES,Federal Contract Tower,12,12,50,0,74,0,13,106,0,119,12,25,156,0,193,94,0,94,287
07/16/2021,JQF,NC,ASO,ES,Federal Contract Tower,17,16,33,0,66,0,18,135,2,155,17,34,168,2,221,94,0,94,315
07/17/2021,JQF,NC,ASO,ES,Federal Contract Tower,14,2,27,0,43,0,10,101,2,113,14,12,128,2,156,110,0,110,266
07/18/2021,JQF,NC,ASO,ES,Federal Contract Tower,15,7,36,0,58,0,6,80,0,86,15,13,116,0,144,86,0,86,230
07/19/2021,JQF,NC,ASO,ES,Federal Contract Tower,14,7,46,2,69,0,4,2,0,6,14,11,48,2,75,44,0,44,119
07/20/2021,JQF,NC,ASO,ES,Federal Contract Tower,4,9,55,0,68,0,6,79,0,85,4,15,134,0,153,140,0,140,293
07/21/2021,JQF,NC,ASO,ES,Federal Contract Tower,7,7,47,3,64,0,7,100,2,109,7,14,147,5,173,130,0,130,303
07/22/2021,JQF,NC,ASO,ES,Federal Contract Tower,12,11,56,0,79,0,38,119,0,157,12,49,175,0,236,92,0,92,328
07/23/2021,JQF,NC,ASO,ES,Federal Contract Tower,11,14,42,0,67,0,8,83,0,91,11,22,125,0,158,82,0,82,240
07/24/2021,JQF,NC,ASO,ES,Federal Contract Tower,7,9,45,0,61,0,9,76,1,86,7,18,121,1,147,94,0,94,241
07/25/2021,JQF,NC,ASO,ES,Federal Contract Tower,13,4,38,0,55,0,1,55,0,56,13,5,93,0,111,68,0,68,179
07/26/2021,JQF,NC,ASO,ES,Federal Contract Tower,12,5,39,0,56,0,9,61,8,78,12,14,100,8,134,40,0,40,174
07/27/2021,JQF,NC,ASO,ES,Federal Contract Tower,5,8,48,0,61,0,5,74,3,82,5,13,122,3,143,10,0,10,153
07/28/2021,JQF,NC,ASO,ES,Federal Contract Tower,6,9,54,1,70,0,12,107,1,120,6,21,161,2,190,64,0,64,254
07/29/2021,JQF,NC,ASO,ES,Federal Contract Tower,11,7,41,1,60,0,8,115,3,126,11,15,156,4,186,116,0,116,302
07/30/2021,JQF,NC,ASO,ES,Federal Contract Tower,12,10,30,0,52,0,27,108,0,135,12,37,138,0,187,80,0,80,267
07/31/2021,JQF,NC,ASO,ES,Federal Contract Tower,7,7,34,0,48,0,2,135,0,137,7,9,169,0,185,58,0,58,243
08/01/2021,JQF,NC,ASO,ES,Federal Contract Tower,10,13,32,0,55,0,4,63,0,67,10,17,95,0,122,56,0,56,178
08/02/2021,JQF,NC,ASO,ES,Federal Contract Tower,10,5,34,1,50,0,7,106,0,113,10,12,140,1,163,54,0,54,217
08/03/2021,JQF,NC,ASO,ES,Federal Contract Tower,2,15,27,2,46,0,7,35,0,42,2,22,62,2,88,48,0,48,136
08/04/2021,JQF,NC,ASO,ES,Federal Contract Tower,4,21,54,0,79,0,9,74,0,83,4,30,128,0,162,48,2,50,212
08/05/2021,JQF,NC,ASO,ES,Federal Contract Tower,10,19,49,1,79,0,20,124,1,145,10,39,173,2,224,60,0,60,284
08/06/2021,JQF,NC,ASO,ES,Federal Contract Tower,13,11,37,0,61,0,11,137,0,148,13,22,174,0,209,158,0,158,367
08/07/2021,JQF,NC,ASO,ES,Federal Contract Tower,15,2,32,0,49,0,13,43,0,56,15,15,75,0,105,66,0,66,171
08/08/2021,JQF,NC,ASO,ES,Federal Contract Tower,21,13,37,0,71,0,3,130,0,133,21,16,167,0,204,62,0,62,266
08/09/2021,JQF,NC,ASO,ES,Federal Contract Tower,11,14,48,2,75,0,17,115,2,134,11,31,163,4,209,114,0,114,323
08/10/2021,JQF,NC,ASO,ES,Federal Contract Tower,3,9,41,0,53,0,7,98,0,105,3,16,139,0,158,88,0,88,246
08/11/2021,JQF,NC,ASO,ES,Federal Contract Tower,4,5,38,0,47,0,9,120,0,129,4,14,158,0,176,88,0,88,264
08/12/2021,JQF,NC,ASO,ES,Federal Contract Tower,8,10,33,0,51,0,9,108,0,117,8,19,141,0,168,118,0,118,286
08/13/2021,JQF,NC,ASO,ES,Federal Contract Tower,19,13,26,0,58,0,15,126,2,143,19,28,152,2,201,86,0,86,287
08/14/2021,JQF,NC,ASO,ES,Federal Contract Tower,10,5,23,0,38,0,5,90,2,97,10,10,113,2,135,48,0,48,183
08/15/2021,JQF,NC,ASO,ES,Federal Contract Tower,18,9,47,0,74,0,3,32,0,35,18,12,79,0,109,106,0,106,215
08/16/2021,JQF,NC,ASO,ES,Federal Contract Tower,12,15,30,1,58,0,9,15,0,24,12,24,45,1,82,48,0,48,130
08/17/2021,JQF,NC,ASO,ES,Federal Contract Tower,0,14,25,0,39,0,4,0,0,4,0,18,25,0,43,0,0,0,43
08/18/2021,JQF,NC,ASO,ES,Federal Contract Tower,0,18,45,1,64,0,13,74,0,87,0,31,119,1,151,158,18,176,327
08/19/2021,JQF,NC,ASO,ES,Federal Contract Tower,8,14,31,0,53,0,19,99,0,118,8,33,130,0,171,202,0,202,373
08/20/2021,JQF,NC,ASO,ES,Federal Contract Tower,13,9,48,0,70,0,7,126,0,133,13,16,174,0,203,222,0,222,425
08/21/2021,JQF,NC,ASO,ES,Federal Contract Tower,10,4,31,0,45,0,14,104,2,120,10,18,135,2,165,62,0,62,227
08/22/2021,JQF,NC,ASO,ES,Federal Contract Tower,17,8,41,0,66,0,19,87,0,106,17,27,128,0,172,50,0,50,222
08/23/2021,JQF,NC,ASO,ES,Federal Contract Tower,8,14,34,0,56,0,17,96,0,113,8,31,130,0,169,94,0,94,263
08/24/2021,JQF,NC,ASO,ES,Federal Contract Tower,2,9,26,0,37,0,22,118,1,141,2,31,144,1,178,62,0,62,240
08/25/2021,JQF,NC,ASO,ES,Federal Contract Tower,2,13,31,0,46,0,14,94,0,108,2,27,125,0,154,38,0,38,192
08/26/2021,JQF,NC,ASO,ES,Federal Contract Tower,8,11,50,5,74,0,11,105,0,116,8,22,155,5,190,96,0,96,286
08/27/2021,JQF,NC,ASO,ES,Federal Contract Tower,17,8,39,0,64,0,14,102,2,118,17,22,141,2,182,96,2,98,280
08/28/2021,JQF,NC,ASO,ES,Federal Contract Tower,9,9,37,0,55,0,14,136,0,150,9,23,173,0,205,52,0,52,257
08/29/2021,JQF,NC,ASO,ES,Federal Contract Tower,17,5,31,0,53,0,2,109,0,111,17,7,140,0,164,84,0,84,248
08/30/2021,JQF,NC,ASO,ES,Federal Contract Tower,7,9,19,0,35,0,16,163,0,179,7,25,182,0,214,104,0,104,318
08/31/2021,JQF,NC,ASO,ES,Federal Contract Tower,1,24,34,0,59,0,6,132,0,138,1,30,166,0,197,122,0,122,319
09/01/2021,JQF,NC,ASO,ES,Federal Contract Tower,0,8,29,0,37,0,13,5,0,18,0,21,34,0,55,2,0,2,57
09/02/2021,JQF,NC,ASO,ES,Federal Contract Tower,8,14,54,0,76,0,8,135,0,143,8,22,189,0,219,28,0,28,247
09/03/2021,JQF,NC,ASO,ES,Federal Contract Tower,6,8,50,1,65,0,19,131,1,151,6,27,181,2,216,48,0,48,264
09/04/2021,JQF,NC,ASO,ES,Federal Contract Tower,2,7,29,0,38,0,7,118,8,133,2,14,147,8,171,116,0,116,287
09/05/2021,JQF,NC,ASO,ES,Federal Contract Tower,9,5,23,0,37,0,10,86,0,96,9,15,109,0,133,70,0,70,203
09/06/2021,JQF,NC,ASO,ES,Federal Contract Tower,7,1,40,0,48,0,6,148,4,158,7,7,188,4,206,28,0,28,234
09/07/2021,JQF,NC,ASO,ES,Federal Contract Tower,6,5,57,0,68,0,12,150,3,165,6,17,207,3,233,34,0,34,267
09/08/2021,JQF,NC,ASO,ES,Federal Contract Tower,6,10,22,0,38,0,9,64,0,73,6,19,86,0,111,64,0,64,175
09/09/2021,JQF,NC,ASO,ES,Federal Contract Tower,8,16,65,2,91,0,13,101,1,115,8,29,166,3,206,32,0,32,238
09/10/2021,JQF,NC,ASO,ES,Federal Contract Tower,9,16,50,0,75,0,9,165,0,174,9,25,215,0,249,58,0,58,307
09/11/2021,JQF,NC,ASO,ES,Federal Contract Tower,11,9,25,0,45,0,11,132,0,143,11,20,157,0,188,60,0,60,248
09/12/2021,JQF,NC,ASO,ES,Federal Contract Tower,11,16,34,0,61,0,20,125,0,145,11,36,159,0,206,76,0,76,282
09/13/2021,JQF,NC,ASO,ES,Federal Contract Tower,10,12,31,0,53,0,8,122,0,130,10,20,153,0,183,52,0,52,235
09/14/2021,JQF,NC,ASO,ES,Federal Contract Tower,0,20,33,0,53,0,30,128,0,158,0,50,161,0,211,76,0,76,287
09/15/2021,JQF,NC,ASO,ES,Federal Contract Tower,0,7,45,0,52,0,15,142,0,157,0,22,187,0,209,118,0,118,327
09/16/2021,JQF,NC,ASO,ES,Federal Contract Tower,8,16,66,0,90,0,9,98,0,107,8,25,164,0,197,50,0,50,247
09/17/2021,JQF,NC,ASO,ES,Federal Contract Tower,10,14,56,0,80,0,9,67,0,76,10,23,123,0,156,84,0,84,240
09/18/2021,JQF,NC,ASO,ES,Federal Contract Tower,7,9,39,0,55,0,28,115,0,143,7,37,154,0,198,82,0,82,280
09/19/2021,JQF,NC,ASO,ES,Federal Contract Tower,12,10,62,0,84,0,4,106,0,110,12,14,168,0,194,28,0,28,222
09/20/2021,JQF,NC,ASO,ES,Federal Contract Tower,8,11,34,0,53,0,7,57,0,64,8,18,91,0,117,64,0,64,181
09/21/2021,JQF,NC,ASO,ES,Federal Contract Tower,0,17,27,0,44,0,1,0,0,1,0,18,27,0,45,6,0,6,51
09/22/2021,JQF,NC,ASO,ES,Federal Contract Tower,0,14,43,0,57,0,4,5,0,9,0,18,48,0,66,18,0,18,84
09/23/2021,JQF,NC,ASO,ES,Federal Contract Tower,8,10,45,0,63,0,15,189,0,204,8,25,234,0,267,94,0,94,361
09/24/2021,JQF,NC,ASO,ES,Federal Contract Tower,12,10,39,0,61,0,26,167,1,194,12,36,206,1,255,40,0,40,295
09/25/2021,JQF,NC,ASO,ES,Federal Contract Tower,5,8,25,0,38,0,4,143,0,147,5,12,168,0,185,104,0,104,289
09/26/2021,JQF,NC,ASO,ES,Federal Contract Tower,9,7,32,0,48,0,7,109,0,116,9,14,141,0,164,88,0,88,252
09/27/2021,JQF,NC,ASO,ES,Federal Contract Tower,15,12,40,1,68,0,14,135,1,150,15,26,175,2,218,72,0,72,290
09/28/2021,JQF,NC,ASO,ES,Federal Contract Tower,0,7,38,0,45,0,16,149,0,165,0,23,187,0,210,132,0,132,342
09/29/2021,JQF,NC,ASO,ES,Federal Contract Tower,0,11,33,0,44,0,15,145,0,160,0,26,178,0,204,140,0,140,344
09/30/2021,JQF,NC,ASO,ES,Federal Contract Tower,14,9,51,0,74,0,13,71,0,84,14,22,122,0,158,74,0,74,232
10/01/2021,JQF,NC,ASO,ES,Federal Contract Tower,15,14,46,0,75,0,14,130,0,144,15,28,176,0,219,94,0,94,313
10/02/2021,JQF,NC,ASO,ES,Federal Contract Tower,6,14,36,0,56,0,10,132,0,142,6,24,168,0,198,102,0,102,300
10/03/2021,JQF,NC,ASO,ES,Federal Contract Tower,11,22,51,0,84,0,2,92,0,94,11,24,143,0,178,52,0,52,230
10/04/2021,JQF,NC,ASO,ES,Federal Contract Tower,16,19,42,2,79,0,13,64,0,77,16,32,106,2,156,62,0,62,218
10/05/2021,JQF,NC,ASO,ES,Federal Contract Tower,5,9,38,0,52,0,16,110,0,126,5,25,148,0,178,128,0,128,306
10/06/2021,JQF,NC,ASO,ES,Federal Contract Tower,2,8,57,0,67,0,1,27,0,28,2,9,84,0,95,8,0,8,103
10/07/2021,JQF,NC,ASO,ES,Federal Contract Tower,14,17,49,0,80,0,0,0,0,0,14,17,49,0,80,0,0,0,80
10/08/2021,JQF,NC,ASO,ES,Federal Contract Tower,8,17,45,0,70,0,0,0,0,0,8,17,45,0,70,0,0,0,70
10/09/2021,JQF,NC,ASO,ES,Federal Contract Tower,4,13,50,0,67,0,2,37,0,39,4,15,87,0,106,2,0,2,108
10/10/2021,JQF,NC,ASO,ES,Federal Contract Tower,12,6,59,0,77,0,13,112,0,125,12,19,171,0,202,12,0,12,214
10/11/2021,JQF,NC,ASO,ES,Federal Contract Tower,12,14,68,0,94,0,7,24,0,31,12,21,92,0,125,122,0,122,247
10/12/2021,JQF,NC,ASO,ES,Federal Contract Tower,3,20,58,0,81,0,17,127,0,144,3,37,185,0,225,48,0,48,273
10/13/2021,JQF,NC,ASO,ES,Federal Contract Tower,2,18,51,0,71,0,11,150,2,163,2,29,201,2,234,58,0,58,292
10/14/2021,JQF,NC,ASO,ES,Federal Contract Tower,15,16,40,0,71,0,19,161,1,181,15,35,201,1,252,48,0,48,300
10/15/2021,JQF,NC,ASO,ES,Federal Contract Tower,14,17,37,0,68,0,11,136,0,147,14,28,173,0,215,28,0,28,243
10/16/2021,JQF,NC,ASO,ES,Federal Contract Tower,9,11,36,0,56,0,6,72,4,82,9,17,108,4,138,48,0,48,186
10/17/2021,JQF,NC,ASO,ES,Federal Contract Tower,19,9,50,0,78,0,6,82,0,88,19,15,132,0,166,72,0,72,238
10/18/2021,JQF,NC,ASO,ES,Federal Contract Tower,12,8,52,0,72,0,17,157,4,178,12,25,209,4,250,72,0,72,322
10/19/2021,JQF,NC,ASO,ES,Federal Contract Tower,2,11,50,0,63,0,20,117,2,139,2,31,167,2,202,118,0,118,320
10/20/2021,JQF,NC,ASO,ES,Federal Contract Tower,1,7,46,0,54,0,24,172,3,199,1,31,218,3,253,132,0,132,385
10/21/2021,JQF,NC,ASO,ES,Federal Contract Tower,10,9,36,0,55,0,19,138,8,165,10,28,174,8,220,78,0,78,298
10/22/2021,JQF,NC,ASO,ES,Federal Contract Tower,16,11,74,0,101,0,9,138,5,152,16,20,212,5,253,78,0,78,331
10/23/2021,JQF,NC,ASO,ES,Federal Contract Tower,13,2,24,0,39,0,17,200,3,220,13,19,224,3,259,92,0,92,351
10/24/2021,JQF,NC,ASO,ES,Federal Contract Tower,23,3,33,0,59,0,6,140,0,146,23,9,173,0,205,74,0,74,279
10/25/2021,JQF,NC,ASO,ES,Federal Contract Tower,12,9,75,0,96,0,16,92,3,111,12,25,167,3,207,46,0,46,253
10/26/2021,JQF,NC,ASO,ES,Federal Contract Tower,2,7,31,0,40,0,6,97,2,105,2,13,128,2,145,18,0,18,163
10/27/2021,JQF,NC,ASO,ES,Federal Contract Tower,2,12,38,0,52,0,10,162,16,188,2,22,200,16,240,78,0,78,318
10/28/2021,JQF,NC,ASO,ES,Federal Contract Tower,11,8,50,1,70,0,5,50,0,55,11,13,100,1,125,158,0,158,283
10/29/2021,JQF,NC,ASO,ES,Federal Contract Tower,14,11,53,1,79,0,7,51,3,61,14,18,104,4,140,106,0,106,246
10/30/2021,JQF,NC,ASO,ES,Federal Contract Tower,0,0,55,0,55,0,11,88,6,105,0,11,143,6,160,108,0,108,268
10/31/2021,JQF,NC,ASO,ES,Federal Contract Tower,10,6,49,0,65,0,14,104,0,118,10,20,153,0,183,40,0,40,223
11/01/2021,JQF,NC,ASO,ES,Federal Contract Tower,12,7,31,0,50,0,18,179,1,198,12,25,210,1,248,160,4,164,412
11/02/2021,JQF,NC,ASO,ES,Federal Contract Tower,0,11,49,0,60,0,13,156,2,171,0,24,205,2,231,138,0,138,369
11/03/2021,JQF,NC,ASO,ES,Federal Contract Tower,0,6,53,0,59,0,22,164,2,188,0,28,217,2,247,76,2,78,325
11/04/2021,JQF,NC,ASO,ES,Federal Contract Tower,15,15,56,0,86,0,7,23,2,32,15,22,79,2,118,239,6,245,363
11/05/2021,JQF,NC,ASO,ES,Federal Contract Tower,14,15,55,0,84,0,17,141,3,161,14,32,196,3,245,48,0,48,293
11/06/2021,JQF,NC,ASO,ES,Federal Contract Tower,0,6,34,2,42,0,10,95,0,105,0,16,129,2,147,30,0,30,177
11/07/2021,JQF,NC,ASO,ES,Federal Contract Tower,10,5,46,0,61,0,5,108,0,113,10,10,154,0,174,50,0,50,224
11/08/2021,JQF,NC,ASO,ES,Federal Contract Tower,20,6,50,0,76,0,14,148,2,164,20,20,198,2,240,96,0,96,336
11/09/2021,JQF,NC,ASO,ES,Federal Contract Tower,0,16,44,1,61,0,7,141,1,149,0,23,185,2,210,34,0,34,244
11/10/2021,JQF,NC,ASO,ES,Federal Contract Tower,1,16,55,0,72,0,17,180,3,200,1,33,235,3,272,85,0,85,357
11/11/2021,JQF,NC,ASO,ES,Federal Contract Tower,11,16,58,0,85,0,9,111,0,120,11,25,169,0,205,129,0,129,334
11/12/2021,JQF,NC,ASO,ES,Federal Contract Tower,19,12,49,0,80,0,17,124,0,141,19,29,173,0,221,78,0,78,299
11/13/2021,JQF,NC,ASO,ES,Federal Contract Tower,3,6,25,0,34,0,14,91,0,105,3,20,116,0,139,46,0,46,185
11/14/2021,JQF,NC,ASO,ES,Federal Contract Tower,11,10,41,0,62,0,8,114,20,142,11,18,155,20,204,28,4,32,236
11/15/2021,JQF,NC,ASO,ES,Federal Contract Tower,12,9,43,0,64,0,20,123,0,143,12,29,166,0,207,88,0,88,295
11/16/2021,JQF,NC,ASO,ES,Federal Contract Tower,0,19,60,0,79,0,12,134,2,148,0,31,194,2,227,90,2,92,319
11/17/2021,JQF,NC,ASO,ES,Federal Contract Tower,0,9,56,2,67,0,16,140,1,157,0,25,196,3,224,124,2,126,350
11/18/2021,JQF,NC,ASO,ES,Federal Contract Tower,14,13,40,2,69,0,24,102,0,126,14,37,142,2,195,82,0,82,277
11/19/2021,JQF,NC,ASO,ES,Federal Contract Tower,10,9,48,0,67,0,14,118,0,132,10,23,166,0,199,72,0,72,271
11/20/2021,JQF,NC,ASO,ES,Federal Contract Tower,4,13,37,0,54,0,14,147,2,163,4,27,184,2,217,72,0,72,289
11/21/2021,JQF,NC,ASO,ES,Federal Contract Tower,12,5,43,2,62,0,9,110,2,121,12,14,153,4,183,68,0,68,251
11/22/2021,JQF,NC,ASO,ES,Federal Contract Tower,10,7,38,1,56,0,15,60,0,75,10,22,98,1,131,30,6,36,167
11/23/2021,JQF,NC,ASO,ES,Federal Contract Tower,12,15,54,0,81,0,8,145,0,153,12,23,199,0,234,70,0,70,304
11/24/2021,JQF,NC,ASO,ES,Federal Contract Tower,12,10,46,0,68,0,17,96,0,113,12,27,142,0,181,60,0,60,241
11/25/2021,JQF,NC,ASO,ES,Federal Contract Tower,2,1,8,0,11,0,12,26,0,38,2,13,34,0,49,0,0,0,49
11/26/2021,JQF,NC,ASO,ES,Federal Contract Tower,8,8,21,0,37,0,6,34,0,40,8,14,55,0,77,0,0,0,77
11/27/2021,JQF,NC,ASO,ES,Federal Contract Tower,11,10,28,0,49,0,5,87,0,92,11,15,115,0,141,54,0,54,195
11/28/2021,JQF,NC,ASO,ES,Federal Contract Tower,14,4,49,0,67,0,5,100,0,105,14,9,149,0,172,82,0,82,254
11/29/2021,JQF,NC,ASO,ES,Federal Contract Tower,10,16,32,0,58,0,11,86,0,97,10,27,118,0,155,0,0,0,155
11/30/2021,JQF,NC,ASO,ES,Federal Contract Tower,0,14,57,1,72,0,21,135,0,156,0,35,192,1,228,78,0,78,306
12/01/2021,JQF,NC,ASO,ES,Federal Contract Tower,5,11,55,0,71,0,11,155,0,166,5,22,210,0,237,48,0,48,285
12/02/2021,JQF,NC,ASO,ES,Federal Contract Tower,8,10,65,0,83,0,7,126,6,139,8,17,191,6,222,100,0,100,322
12/03/2021,JQF,NC,ASO,ES,Federal Contract Tower,9,11,45,0,65,0,14,118,0,132,9,25,163,0,197,78,0,78,275
12/04/2021,JQF,NC,ASO,ES,Federal Contract Tower,0,8,28,2,38,0,9,100,0,109,0,17,128,2,147,104,0,104,251
12/05/2021,JQF,NC,ASO,ES,Federal Contract Tower,9,7,32,0,48,0,2,89,0,91,9,9,121,0,139,110,0,110,249
12/06/2021,JQF,NC,ASO,ES,Federal Contract Tower,8,4,50,0,62,0,4,54,0,58,8,8,104,0,120,10,0,10,130
12/07/2021,JQF,NC,ASO,ES,Federal Contract Tower,0,0,0,0,0,0,10,0,0,10,0,10,0,0,10,0,0,0,10
12/08/2021,JQF,NC,ASO,ES,Federal Contract Tower,3,12,47,0,62,0,13,57,0,70,3,25,104,0,132,52,2,54,186
12/09/2021,JQF,NC,ASO,ES,Federal Contract Tower,8,10,45,0,63,0,14,109,0,123,8,24,154,0,186,98,0,98,284
12/10/2021,JQF,NC,ASO,ES,Federal Contract Tower,11,8,67,0,86,0,0,2,0,2,11,8,69,0,88,0,0,0,88
12/11/2021,JQF,NC,ASO,ES,Federal Contract Tower,2,7,8,0,17,0,2,1,0,3,2,9,9,0,20,0,0,0,20
12/12/2021,JQF,NC,ASO,ES,Federal Contract Tower,8,6,52,0,66,0,11,146,2,159,8,17,198,2,225,140,0,140,365
12/13/2021,JQF,NC,ASO,ES,Federal Contract Tower,9,13,27,0,49,6,23,134,2,165,15,36,161,2,214,84,0,84,298
12/14/2021,JQF,NC,ASO,ES,Federal Contract Tower,0,13,51,0,64,0,11,162,5,178,0,24,213,5,242,158,0,158,400
12/15/2021,JQF,NC,ASO,ES,Federal Contract Tower,4,11,44,0,59,0,12,145,2,159,4,23,189,2,218,66,2,68,286
12/16/2021,JQF,NC,ASO,ES,Federal Contract Tower,8,14,43,0,65,0,8,110,0,118,8,22,153,0,183,114,0,114,297
12/17/2021,JQF,NC,ASO,ES,Federal Contract Tower,13,12,69,0,94,0,13,102,0,115,13,25,171,0,209,80,0,80,289
12/18/2021,JQF,NC,ASO,ES,Federal Contract Tower,12,2,30,0,44,0,0,1,0,1,12,2,31,0,45,0,0,0,45
12/19/2021,JQF,NC,ASO,ES,Federal Contract Tower,9,3,30,0,42,0,9,60,0,69,9,12,90,0,111,46,0,46,157
12/20/2021,JQF,NC,ASO,ES,Federal Contract Tower,15,12,59,1,87,0,5,149,5,159,15,17,208,6,246,58,0,58,304
12/21/2021,JQF,NC,ASO,ES,Federal Contract Tower,6,13,40,0,59,0,12,69,2,83,6,25,109,2,142,56,2,58,200
12/22/2021,JQF,NC,ASO,ES,Federal Contract Tower,7,8,37,0,52,0,36,135,0,171,7,44,172,0,223,20,0,20,243
12/23/2021,JQF,NC,ASO,ES,Federal Contract Tower,7,12,32,0,51,0,12,134,0,146,7,24,166,0,197,82,0,82,279
12/24/2021,JQF,NC,ASO,ES,Federal Contract Tower,6,7,9,0,22,0,6,49,0,55,6,13,58,0,77,10,0,10,87
12/25/2021,JQF,NC,ASO,ES,Federal Contract Tower,4,7,9,0,20,0,4,11,0,15,4,11,20,0,35,0,0,0,35
12/26/2021,JQF,NC,ASO,ES,Federal Contract Tower,11,7,42,0,60,0,3,99,0,102,11,10,141,0,162,54,0,54,216
12/27/2021,JQF,NC,ASO,ES,Federal Contract Tower,10,11,35,0,56,0,2,46,0,48,10,13,81,0,104,48,0,48,152
12/28/2021,JQF,NC,ASO,ES,Federal Contract Tower,9,7,41,0,57,0,4,33,0,37,9,11,74,0,94,50,0,50,144
12/29/2021,JQF,NC,ASO,ES,Federal Contract Tower,6,8,26,0,40,0,3,20,0,23,6,11,46,0,63,54,0,54,117
12/30/2021,JQF,NC,ASO,ES,Federal Contract Tower,4,24,36,0,64,0,0,0,0,0,4,24,36,0,64,0,0,0,64
12/31/2021,JQF,NC,ASO,ES,Federal Contract Tower,4,10,38,0,52,0,6,54,0,60,4,16,92,0,112,38,0,38,150
01/01/2022,JQF,NC,ASO,ES,Federal Contract Tower,5,5,15,0,25,0,4,2,0,6,5,9,17,0,31,0,0,0,31
01/02/2022,JQF,NC,ASO,ES,Federal Contract Tower,7,3,29,0,39,0,0,3,0,3,7,3,32,0,42,0,0,0,42
01/03/2022,JQF,NC,ASO,ES,Federal Contract Tower,4,6,25,0,35,0,8,40,0,48,4,14,65,0,83,32,0,32,115
01/04/2022,JQF,NC,ASO,ES,Federal Contract Tower,6,11,54,0,71,0,6,160,4,170,6,17,214,4,241,102,0,102,343
01/05/2022,JQF,NC,ASO,ES,Federal Contract Tower,5,11,44,0,60,0,12,95,4,111,5,23,139,4,171,24,0,24,195
01/06/2022,JQF,NC,ASO,ES,Federal Contract Tower,6,6,22,0,34,0,11,106,1,118,6,17,128,1,152,164,0,164,316
01/07/2022,JQF,NC,ASO,ES,Federal Contract Tower,12,6,30,0,48,0,11,105,0,116,12,17,135,0,164,90,0,90,254
01/08/2022,JQF,NC,ASO,ES,Federal Contract Tower,2,2,25,0,29,0,10,107,3,120,2,12,132,3,149,44,0,44,193
01/09/2022,JQF,NC,ASO,ES,Federal Contract Tower,8,2,13,0,23,0,1,1,0,2,8,3,14,0,25,52,0,52,77
01/10/2022,JQF,NC,ASO,ES,Federal Contract Tower,12,10,42,1,65,0,24,86,6,116,12,34,128,7,181,92,0,92,273
01/11/2022,JQF,NC,ASO,ES,Federal Contract Tower,1,8,39,0,48,0,13,122,11,146,1,21,161,11,194,118,6,124,318
01/12/2022,JQF,NC,ASO,ES,Federal Contract Tower,7,5,47,1,60,0,9,126,6,141,7,14,173,7,201,30,4,34,235
01/13/2022,JQF,NC,ASO,ES,Federal Contract Tower,9,6,40,0,55,0,2,135,2,139,9,8,175,2,194,90,0,90,284
01/14/2022,JQF,NC,ASO,ES,Federal Contract Tower,10,15,44,0,69,0,25,132,1,158,10,40,176,1,227,38,0,38,265
01/15/2022,JQF,NC,ASO,ES,Federal Contract Tower,4,5,22,0,31,0,0,83,0,83,4,5,105,0,114,110,0,110,224
01/16/2022,JQF,NC,ASO,ES,Federal Contract Tower,0,1,0,0,1,0,0,0,0,0,0,1,0,0,1,0,0,0,1
01/17/2022,JQF,NC,ASO,ES,Federal Contract Tower,8,8,10,0,26,0,3,4,0,7,8,11,14,0,33,2,0,2,35
01/18/2022,JQF,NC,ASO,ES,Federal Contract Tower,2,17,40,0,59,0,14,104,2,120,2,31,144,2,179,10,0,10,189
01/19/2022,JQF,NC,ASO,ES,Federal Contract Tower,4,8,47,0,59,0,7,126,4,137,4,15,173,4,196,12,0,12,208
01/20/2022,JQF,NC,ASO,ES,Federal Contract Tower,9,11,27,0,47,0,0,6,0,6,9,11,33,0,53,0,0,0,53
01/21/2022,JQF,NC,ASO,ES,Federal Contract Tower,8,6,11,0,25,0,12,20,0,32,8,18,31,0,57,0,0,0,57
01/22/2022,JQF,NC,ASO,ES,Federal Contract Tower,3,1,15,0,19,0,9,62,3,74,3,10,77,3,93,24,0,24,117
01/23/2022,JQF,NC,ASO,ES,Federal Contract Tower,8,2,26,0,36,0,5,131,6,142,8,7,157,6,178,50,2,52,230
01/24/2022,JQF,NC,ASO,ES,Federal Contract Tower,13,12,38,1,64,0,20,99,0,119,13,32,137,1,183,82,0,82,265
01/25/2022,JQF,NC,ASO,ES,Federal Contract Tower,3,13,46,0,62,0,11,130,0,141,3,24,176,0,203,158,0,158,361
01/26/2022,JQF,NC,ASO,ES,Federal Contract Tower,6,10,31,2,49,2,15,169,2,188,8,25,200,4,237,60,0,60,297
01/27/2022,JQF,NC,ASO,ES,Federal Contract Tower,7,10,46,0,63,0,11,183,2,196,7,21,229,2,259,136,0,136,395
01/28/2022,JQF,NC,ASO,ES,Federal Contract Tower,11,11,35,0,57,0,2,114,3,119,11,13,149,3,176,136,0,136,312
01/29/2022,JQF,NC,ASO,ES,Federal Contract Tower,4,8,11,0,23,0,2,16,0,18,4,10,27,0,41,38,0,38,79
01/30/2022,JQF,NC,ASO,ES,Federal Contract Tower,8,4,40,0,52,0,0,119,1,120,8,4,159,1,172,130,0,130,302
01/31/2022,JQF,NC,ASO,ES,Federal Contract Tower,11,10,39,0,60,0,16,121,0,137,11,26,160,0,197,92,0,92,289
02/01/2022,JQF,NC,ASO,ES,Federal Contract Tower,1,8,42,0,51,0,11,108,4,123,1,19,150,4,174,102,0,102,276
02/02/2022,JQF,NC,ASO,ES,Federal Contract Tower,7,8,49,0,64,0,24,132,1,157,7,32,181,1,221,94,0,94,315
02/03/2022,JQF,NC,ASO,ES,Federal Contract Tower,12,11,30,0,53,0,0,0,0,0,12,11,30,0,53,0,0,0,53
02/04/2022,JQF,NC,ASO,ES,Federal Contract Tower,12,6,18,0,36,0,1,3,0,4,12,7,21,0,40,0,0,0,40
02/05/2022,JQF,NC,ASO,ES,Federal Contract Tower,6,5,36,0,47,0,9,146,2,157,6,14,182,2,204,18,0,18,222
02/06/2022,JQF,NC,ASO,ES,Federal Contract Tower,9,3,40,0,52,0,13,112,0,125,9,16,152,0,177,28,0,28,205
02/07/2022,JQF,NC,ASO,ES,Federal Contract Tower,10,10,7,0,27,0,0,1,0,1,10,10,8,0,28,0,0,0,28
02/08/2022,JQF,NC,ASO,ES,Federal Contract Tower,0,4,33,0,37,0,11,96,0,107,0,15,129,0,144,96,0,96,240
02/09/2022,JQF,NC,ASO,ES,Federal Contract Tower,6,7,41,0,54,0,15,186,0,201,6,22,227,0,255,116,0,116,371
02/10/2022,JQF,NC,ASO,ES,Federal Contract Tower,9,11,41,0,61,0,9,133,2,144,9,20,174,2,205,114,0,114,319
02/11/2022,JQF,NC,ASO,ES,Federal Contract Tower,14,6,49,0,69,0,13,145,0,158,14,19,194,0,227,84,0,84,311
02/12/2022,JQF,NC,ASO,ES,Federal Contract Tower,4,5,31,0,40,0,8,144,0,152,4,13,175,0,192,122,0,122,314
02/13/2022,JQF,NC,ASO,ES,Federal Contract Tower,8,6,29,0,43,0,0,42,0,42,8,6,71,0,85,74,0,74,159
02/14/2022,JQF,NC,ASO,ES,Federal Contract Tower,10,14,26,0,50,0,7,112,2,121,10,21,138,2,171,36,0,36,207
02/15/2022,JQF,NC,ASO,ES,Federal Contract Tower,8,11,48,1,68,0,8,153,1,162,8,19,201,2,230,102,0,102,332
02/16/2022,JQF,NC,ASO,ES,Federal Contract Tower,4,12,63,1,80,0,9,112,1,122,4,21,175,2,202,106,0,106,308
02/17/2022,JQF,NC,ASO,ES,Federal Contract Tower,15,13,45,0,73,0,12,6,0,18,15,25,51,0,91,28,0,28,119
02/18/2022,JQF,NC,ASO,ES,Federal Contract Tower,6,11,44,0,61,0,27,78,0,105,6,38,122,0,166,52,0,52,218
02/19/2022,JQF,NC,ASO,ES,Federal Contract Tower,7,7,27,0,41,0,6,94,0,100,7,13,121,0,141,70,0,70,211
02/20/2022,JQF,NC,ASO,ES,Federal Contract Tower,18,7,54,0,79,0,7,134,3,144,18,14,188,3,223,100,0,100,323
02/21/2022,JQF,NC,ASO,ES,Federal Contract Tower,6,8,64,0,78,0,7,74,0,81,6,15,138,0,159,60,0,60,219
02/22/2022,JQF,NC,ASO,ES,Federal Contract Tower,4,18,34,0,56,0,9,40,0,49,4,27,74,0,105,42,0,42,147
02/23/2022,JQF,NC,ASO,ES,Federal Contract Tower,2,7,45,0,54,0,7,4,0,11,2,14,49,0,65,26,0,26,91
02/24/2022,JQF,NC,ASO,ES,Federal Contract Tower,12,13,33,0,58,0,0,0,0,0,12,13,33,0,58,0,0,0,58
02/25/2022,JQF,NC,ASO,ES,Federal Contract Tower,11,11,35,0,57,0,22,90,0,112,11,33,125,0,169,84,0,84,253
02/26/2022,JQF,NC,ASO,ES,Federal Contract Tower,4,3,54,0,61,0,4,157,5,166,4,7,211,5,227,89,0,89,316
02/27/2022,JQF,NC,ASO,ES,Federal Contract Tower,9,10,25,0,44,0,0,1,0,1,9,10,26,0,45,0,0,0,45
02/28/2022,JQF,NC,ASO,ES,Federal Contract Tower,9,9,50,0,68,0,18,202,1,221,9,27,252,1,289,100,0,100,389
03/01/2022,JQF,NC,ASO,ES,Federal Contract Tower,6,14,49,0,69,0,17,170,0,187,6,31,219,0,256,106,0,106,362
03/02/2022,JQF,NC,ASO,ES,Federal Contract Tower,5,8,42,0,55,0,14,186,0,200,5,22,228,0,255,118,0,118,373
03/03/2022,JQF,NC,ASO,ES,Federal Contract Tower,15,10,52,0,77,0,20,182,0,202,15,30,234,0,279,124,0,124,403
03/04/2022,JQF,NC,ASO,ES,Federal Contract Tower,11,12,43,0,66,0,13,160,1,174,11,25,203,1,240,140,0,140,380
03/05/2022,JQF,NC,ASO,ES,Federal Contract Tower,6,3,32,0,41,0,11,135,2,148,6,14,167,2,189,96,0,96,285
03/06/2022,JQF,NC,ASO,ES,Federal Contract Tower,11,4,54,1,70,0,8,46,1,55,11,12,100,2,125,4,0,4,129
03/07/2022,JQF,NC,ASO,ES,Federal Contract Tower,13,9,31,0,53,0,10,16,1,27,13,19,47,1,80,0,0,0,80
03/08/2022,JQF,NC,ASO,ES,Federal Contract Tower,2,9,46,3,60,0,8,127,0,135,2,17,173,3,195,46,0,46,241
03/09/2022,JQF,NC,ASO,ES,Federal Contract Tower,2,13,28,0,43,0,5,0,0,5,2,18,28,0,48,0,0,0,48
03/10/2022,JQF,NC,ASO,ES,Federal Contract Tower,10,5,35,1,51,0,7,31,0,38,10,12,66,1,89,16,0,16,105
03/11/2022,JQF,NC,ASO,ES,Federal Contract Tower,6,13,29,0,48,0,6,68,2,76,6,19,97,2,124,56,0,56,180
03/12/2022,JQF,NC,ASO,ES,Federal Contract Tower,3,7,8,0,18,0,9,4,2,15,3,16,12,2,33,2,0,2,35
03/13/2022,JQF,NC,ASO,ES,Federal Contract Tower,11,7,33,0,51,0,1,179,6,186,11,8,212,6,237,58,0,58,295
03/14/2022,JQF,NC,ASO,ES,Federal Contract Tower,11,13,44,0,68,0,10,210,1,221,11,23,254,1,289,100,0,100,389
03/15/2022,JQF,NC,ASO,ES,Federal Contract Tower,2,5,39,0,46,0,9,186,1,196,2,14,225,1,242,82,0,82,324
03/16/2022,JQF,NC,ASO,ES,Federal Contract Tower,4,8,38,0,50,0,2,42,0,44,4,10,80,0,94,64,0,64,158
03/17/2022,JQF,NC,ASO,ES,Federal Contract Tower,13,11,40,0,64,0,9,92,0,101,13,20,132,0,165,21,0,21,186
03/18/2022,JQF,NC,ASO,ES,Federal Contract Tower,17,8,34,0,59,0,14,90,2,106,17,22,124,2,165,80,0,80,245
03/19/2022,JQF,NC,ASO,ES,Federal Contract Tower,7,5,26,0,38,0,11,4,0,15,7,16,30,0,53,0,0,0,53
03/20/2022,JQF,NC,ASO,ES,Federal Contract Tower,17,5,53,0,75,0,5,121,4,130,17,10,174,4,205,72,0,72,277
03/21/2022,JQF,NC,ASO,ES,Federal Contract Tower,6,6,33,0,45,0,13,208,3,224,6,19,241,3,269,60,0,60,329
03/22/2022,JQF,NC,ASO,ES,Federal Contract Tower,2,4,51,2,59,0,9,178,1,188,2,13,229,3,247,102,0,102,349
03/23/2022,JQF,NC,ASO,ES,Federal Contract Tower,2,7,23,0,32,0,7,4,0,11,2,14,27,0,43,0,0,0,43
03/24/2022,JQF,NC,ASO,ES,Federal Contract Tower,10,7,61,0,78,0,9,120,0,129,10,16,181,0,207,102,0,102,309
03/25/2022,JQF,NC,ASO,ES,Federal Contract Tower,16,15,48,0,79,0,6,161,2,169,16,21,209,2,248,20,0,20,268
03/26/2022,JQF,NC,ASO,ES,Federal Contract Tower,5,2,25,0,32,0,4,27,0,31,5,6,52,0,63,34,0,34,97
03/27/2022,JQF,NC,ASO,ES,Federal Contract Tower,17,6,29,0,52,0,12,105,0,117,17,18,134,0,169,64,0,64,233
03/28/2022,JQF,NC,ASO,ES,Federal Contract Tower,6,5,27,2,40,0,9,108,5,122,6,14,135,7,162,0,0,0,162
03/29/2022,JQF,NC,ASO,ES,Federal Contract Tower,2,20,51,0,73,0,56,198,4,258,2,76,249,4,331,96,0,96,427
03/30/2022,JQF,NC,ASO,ES,Federal Contract Tower,4,14,59,1,78,0,9,53,5,67,4,23,112,6,145,103,0,103,248
03/31/2022,JQF,NC,ASO,ES,Federal Contract Tower,10,12,20,0,42,0,7,6,0,13,10,19,26,0,55,0,0,0,55
04/01/2022,JQF,NC,ASO,ES,Federal Contract Tower,14,12,46,1,73,0,11,102,0,113,14,23,148,1,186,24,0,24,210
04/02/2022,JQF,NC,ASO,ES,Federal Contract Tower,5,1,24,0,30,0,8,162,5,175,5,9,186,5,205,146,0,146,351
04/03/2022,JQF,NC,ASO,ES,Federal Contract Tower,21,4,50,0,75,0,6,84,4,94,21,10,134,4,169,54,0,54,223
04/04/2022,JQF,NC,ASO,ES,Federal Contract Tower,6,27,56,0,89,0,3,164,0,167,6,30,220,0,256,184,0,184,440
04/05/2022,JQF,NC,ASO,ES,Federal Contract Tower,2,15,46,0,63,0,6,22,0,28,2,21,68,0,91,52,0,52,143
04/06/2022,JQF,NC,ASO,ES,Federal Contract Tower,4,14,56,0,74,0,12,115,1,128,4,26,171,1,202,122,0,122,324
04/07/2022,JQF,NC,ASO,ES,Federal Contract Tower,9,10,51,1,71,0,12,39,0,51,9,22,90,1,122,36,0,36,158
04/08/2022,JQF,NC,ASO,ES,Federal Contract Tower,6,13,54,0,73,0,5,98,0,103,6,18,152,0,176,20,0,20,196
04/09/2022,JQF,NC,ASO,ES,Federal Contract Tower,6,5,32,0,43,0,9,102,0,111,6,14,134,0,154,92,0,92,246
04/10/2022,JQF,NC,ASO,ES,Federal Contract Tower,10,14,38,0,62,0,3,170,0,173,10,17,208,0,235,124,0,124,359
04/11/2022,JQF,NC,ASO,ES,Federal Contract Tower,8,7,44,1,60,0,8,147,3,158,8,15,191,4,218,76,0,76,294
04/12/2022,JQF,NC,ASO,ES,Federal Contract Tower,4,8,42,3,57,0,20,142,0,162,4,28,184,3,219,154,0,154,373
04/13/2022,JQF,NC,ASO,ES,Federal Contract Tower,6,16,56,2,80,0,12,142,2,156,6,28,198,4,236,82,0,82,318
04/14/2022,JQF,NC,ASO,ES,Federal Contract Tower,10,13,64,0,87,0,15,82,0,97,10,28,146,0,184,120,6,126,310
04/15/2022,JQF,NC,ASO,ES,Federal Contract Tower,11,12,50,0,73,0,10,227,0,237,11,22,277,0,310,162,0,162,472
04/16/2022,JQF,NC,ASO,ES,Federal Contract Tower,11,0,47,0,58,0,12,57,0,69,11,12,104,0,127,84,0,84,211
04/17/2022,JQF,NC,ASO,ES,Federal Contract Tower,15,8,34,0,57,0,7,122,0,129,15,15,156,0,186,104,0,104,290
04/18/2022,JQF,NC,ASO,ES,Federal Contract Tower,13,16,51,0,80,0,7,10,0,17,13,23,61,0,97,8,0,8,105
04/19/2022,JQF,NC,ASO,ES,Federal Contract Tower,2,9,32,5,48,0,22,128,0,150,2,31,160,5,198,48,0,48,246
04/20/2022,JQF,NC,ASO,ES,Federal Contract Tower,4,6,60,0,70,0,22,168,0,190,4,28,228,0,260,60,0,60,320
04/21/2022,JQF,NC,ASO,ES,Federal Contract Tower,10,6,31,0,47,0,34,114,8,156,10,40,145,8,203,114,2,116,319
04/22/2022,JQF,NC,ASO,ES,Federal Contract Tower,15,9,47,0,71,0,18,180,0,198,15,27,227,0,269,94,0,94,363
04/23/2022,JQF,NC,ASO,ES,Federal Contract Tower,9,11,47,0,67,0,6,148,0,154,9,17,195,0,221,44,0,44,265
04/24/2022,JQF,NC,ASO,ES,Federal Contract Tower,21,8,67,0,96,0,11,125,0,136,21,19,192,0,232,44,0,44,276
04/25/2022,JQF,NC,ASO,ES,Federal Contract Tower,6,9,46,0,61,0,12,134,0,146,6,21,180,0,207,94,0,94,301
04/26/2022,JQF,NC,ASO,ES,Federal Contract Tower,2,12,42,0,56,0,14,77,0,91,2,26,119,0,147,74,0,74,221
04/27/2022,JQF,NC,ASO,ES,Federal Contract Tower,2,9,45,0,56,0,36,152,0,188,2,45,197,0,244,112,6,118,362
04/28/2022,JQF,NC,ASO,ES,Federal Contract Tower,12,8,74,0,94,0,14,169,0,183,12,22,243,0,277,104,0,104,381
04/29/2022,JQF,NC,ASO,ES,Federal Contract Tower,16,14,39,0,69,0,15,187,0,202,16,29,226,0,271,106,0,106,377
04/30/2022,JQF,NC,ASO,ES,Federal Contract Tower,9,8,36,0,53,0,8,152,0,160,9,16,188,0,213,104,0,104,317
05/01/2022,JQF,NC,ASO,ES,Federal Contract Tower,13,8,55,0,76,0,1,75,0,76,13,9,130,0,152,86,0,86,238
05/02/2022,JQF,NC,ASO,ES,Federal Contract Tower,18,11,64,0,93,0,23,105,0,128,18,34,169,0,221,80,0,80,301
05/03/2022,JQF,NC,ASO,ES,Federal Contract Tower,2,14,38,0,54,0,13,131,0,144,2,27,169,0,198,78,0,78,276
05/04/2022,JQF,NC,ASO,ES,Federal Contract Tower,2,12,56,0,70,0,24,110,16,150,2,36,166,16,220,72,0,72,292
05/05/2022,JQF,NC,ASO,ES,Federal Contract Tower,8,16,61,0,85,0,14,137,0,151,8,30,198,0,236,162,4,166,402
05/06/2022,JQF,NC,ASO,ES,Federal Contract Tower,5,9,37,0,51,0,6,10,0,16,5,15,47,0,67,26,0,26,93
05/07/2022,JQF,NC,ASO,ES,Federal Contract Tower,5,2,34,0,41,0,5,107,0,112,5,7,141,0,153,54,0,54,207
05/08/2022,JQF,NC,ASO,ES,Federal Contract Tower,8,10,42,0,60,0,2,75,0,77,8,12,117,0,137,68,0,68,205
05/09/2022,JQF,NC,ASO,ES,Federal Contract Tower,9,6,42,0,57,0,7,136,4,147,9,13,178,4,204,106,0,106,310
05/10/2022,JQF,NC,ASO,ES,Federal Contract Tower,2,11,54,4,71,0,18,94,6,118,2,29,148,10,189,20,0,20,209
05/11/2022,JQF,NC,ASO,ES,Federal Contract Tower,4,8,39,0,51,0,17,164,13,194,4,25,203,13,245,76,0,76,321
05/12/2022,JQF,NC,ASO,ES,Federal Contract Tower,8,6,68,1,83,0,11,59,4,74,8,17,127,5,157,10,0,10,167
05/13/2022,JQF,NC,ASO,ES,Federal Contract Tower,8,7,49,0,64,0,8,20,0,28,8,15,69,0,92,36,0,36,128
05/14/2022,JQF,NC,ASO,ES,Federal Contract Tower,10,10,47,0,67,0,4,84,0,88,10,14,131,0,155,42,0,42,197
05/15/2022,JQF,NC,ASO,ES,Federal Contract Tower,16,2,49,0,67,0,2,90,0,92,16,4,139,0,159,92,0,92,251
05/16/2022,JQF,NC,ASO,ES,Federal Contract Tower,9,15,39,0,63,0,17,111,2,130,9,32,150,2,193,60,0,60,253
05/17/2022,JQF,NC,ASO,ES,Federal Contract Tower,2,4,46,0,52,0,13,137,0,150,2,17,183,0,202,118,0,118,320
05/18/2022,JQF,NC,ASO,ES,Federal Contract Tower,4,6,42,2,54,0,15,141,4,160,4,21,183,6,214,132,0,132,346
05/19/2022,JQF,NC,ASO,ES,Federal Contract Tower,8,9,54,0,71,0,16,104,0,120,8,25,158,0,191,106,0,106,297
05/20/2022,JQF,NC,ASO,ES,Federal Contract Tower,10,9,35,1,55,0,10,177,2,189,10,19,212,3,244,52,0,52,296
05/21/2022,JQF,NC,ASO,ES,Federal Contract Tower,8,4,36,0,48,0,1,129,0,130,8,5,165,0,178,70,0,70,248
05/22/2022,JQF,NC,ASO,ES,Federal Contract Tower,9,3,51,0,63,0,3,93,0,96,9,6,144,0,159,46,0,46,205
05/23/2022,JQF,NC,ASO,ES,Federal Contract Tower,18,16,39,0,73,0,8,58,0,66,18,24,97,0,139,46,0,46,185
05/24/2022,JQF,NC,ASO,ES,Federal Contract Tower,2,15,59,0,76,0,27,35,2,64,2,42,94,2,140,108,0,108,248
05/25/2022,JQF,NC,ASO,ES,Federal Contract Tower,4,8,77,0,89,0,12,26,0,38,4,20,103,0,127,46,0,46,173
05/26/2022,JQF,NC,ASO,ES,Federal Contract Tower,4,11,57,0,72,0,3,5,0,8,4,14,62,0,80,4,0,4,84
05/27/2022,JQF,NC,ASO,ES,Federal Contract Tower,8,13,53,0,74,0,14,96,4,114,8,27,149,4,188,22,0,22,210
05/28/2022,JQF,NC,ASO,ES,Federal Contract Tower,0,5,57,0,62,0,12,189,7,208,0,17,246,7,270,34,0,34,304
05/29/2022,JQF,NC,ASO,ES,Federal Contract Tower,4,16,38,0,58,0,77,141,16,234,4,93,179,16,292,0,0,0,292
05/30/2022,JQF,NC,ASO,ES,Federal Contract Tower,8,7,54,0,69,0,9,203,3,215,8,16,257,3,284,36,0,36,320
05/31/2022,JQF,NC,ASO,ES,Federal Contract Tower,3,8,56,0,67,0,27,159,0,186,3,35,215,0,253,46,0,46,299
06/01/2022,JQF,NC,ASO,ES,Federal Contract Tower,2,9,54,0,65,0,11,111,2,124,2,20,165,2,189,72,0,72,261
06/02/2022,JQF,NC,ASO,ES,Federal Contract Tower,5,12,49,2,68,0,29,111,11,151,5,41,160,13,219,68,0,68,287
06/03/2022,JQF,NC,ASO,ES,Federal Contract Tower,17,8,57,0,82,0,14,108,0,122,17,22,165,0,204,80,0,80,284
06/04/2022,JQF,NC,ASO,ES,Federal Contract Tower,0,3,36,0,39,0,9,162,0,171,0,12,198,0,210,44,0,44,254
06/05/2022,JQF,NC,ASO,ES,Federal Contract Tower,15,4,49,0,68,2,3,120,3,128,17,7,169,3,196,26,0,26,222
06/06/2022,JQF,NC,ASO,ES,Federal Contract Tower,7,11,39,0,57,0,10,170,13,193,7,21,209,13,250,42,0,42,292
06/07/2022,JQF,NC,ASO,ES,Federal Contract Tower,1,5,64,3,73,0,9,79,6,94,1,14,143,9,167,58,10,68,235
06/08/2022,JQF,NC,ASO,ES,Federal Contract Tower,2,8,36,0,46,0,10,95,2,107,2,18,131,2,153,48,0,48,201
06/09/2022,JQF,NC,ASO,ES,Federal Contract Tower,4,12,44,1,61,0,7,156,4,167,4,19,200,5,228,66,0,66,294
06/10/2022,JQF,NC,ASO,ES,Federal Contract Tower,10,9,46,0,65,0,12,145,1,158,10,21,191,1,223,118,0,118,341
06/11/2022,JQF,NC,ASO,ES,Federal Contract Tower,3,5,16,2,26,0,9,131,0,140,3,14,147,2,166,54,0,54,220
06/12/2022,JQF,NC,ASO,ES,Federal Contract Tower,5,6,39,0,50,0,14,93,0,107,5,20,132,0,157,22,0,22,179
06/13/2022,JQF,NC,ASO,ES,Federal Contract Tower,8,8,31,0,47,0,17,132,0,149,8,25,163,0,196,100,0,100,296
06/14/2022,JQF,NC,ASO,ES,Federal Contract Tower,0,14,39,0,53,0,8,76,2,86,0,22,115,2,139,116,0,116,255
06/15/2022,JQF,NC,ASO,ES,Federal Contract Tower,2,11,44,0,57,0,14,132,0,146,2,25,176,0,203,62,2,64,267
06/16/2022,JQF,NC,ASO,ES,Federal Contract Tower,4,7,40,0,51,0,3,82,0,85,4,10,122,0,136,44,0,44,180
06/17/2022,JQF,NC,ASO,ES,Federal Contract Tower,8,19,17,0,44,0,7,102,0,109,8,26,119,0,153,20,0,20,173
06/18/2022,JQF,NC,ASO,ES,Federal Contract Tower,1,6,36,0,43,0,9,133,0,142,1,15,169,0,185,24,0,24,209
06/19/2022,JQF,NC,ASO,ES,Federal Contract Tower,4,1,27,0,32,0,3,133,2,138,4,4,160,2,170,52,0,52,222
06/20/2022,JQF,NC,ASO,ES,Federal Contract Tower,7,13,36,0,56,0,4,159,2,165,7,17,195,2,221,80,0,80,301
06/21/2022,JQF,NC,ASO,ES,Federal Contract Tower,0,10,52,3,65,0,14,146,12,172,0,24,198,15,237,54,0,54,291
06/22/2022,JQF,NC,ASO,ES,Federal Contract Tower,2,8,42,0,52,0,21,122,0,143,2,29,164,0,195,106,0,106,301
06/23/2022,JQF,NC,ASO,ES,Federal Contract Tower,3,8,33,0,44,0,10,109,2,121,3,18,142,2,165,114,0,114,279
06/24/2022,JQF,NC,ASO,ES,Federal Contract Tower,19,13,44,0,76,0,11,93,2,106,19,24,137,2,182,78,0,78,260
06/25/2022,JQF,NC,ASO,ES,Federal Contract Tower,4,6,37,0,47,0,6,106,4,116,4,12,143,4,163,70,0,70,233
06/26/2022,JQF,NC,ASO,ES,Federal Contract Tower,8,6,37,0,51,0,2,127,2,131,8,8,164,2,182,48,0,48,230
06/27/2022,JQF,NC,ASO,ES,Federal Contract Tower,9,12,39,0,60,0,6,87,0,93,9,18,126,0,153,66,0,66,219
06/28/2022,JQF,NC,ASO,ES,Federal Contract Tower,2,18,60,0,80,0,26,127,0,153,2,44,187,0,233,24,0,24,257
06/29/2022,JQF,NC,ASO,ES,Federal Contract Tower,3,20,68,0,91,0,10,71,10,91,3,30,139,10,182,26,0,26,208
06/30/2022,JQF,NC,ASO,ES,Federal Contract Tower,6,14,51,0,71,0,15,108,0,123,6,29,159,0,194,50,0,50,244
07/01/2022,JQF,NC,ASO,ES,Federal Contract Tower,11,21,47,0,79,0,8,49,0,57,11,29,96,0,136,20,0,20,156
07/02/2022,JQF,NC,ASO,ES,Federal Contract Tower,4,3,30,0,37,0,5,91,0,96,4,8,121,0,133,16,0,16,149
07/03/2022,JQF,NC,ASO,ES,Federal Contract Tower,12,2,37,0,51,0,0,91,2,93,12,2,128,2,144,46,0,46,190
07/04/2022,JQF,NC,ASO,ES,Federal Contract Tower,8,1,26,0,35,0,2,70,0,72,8,3,96,0,107,74,0,74,181
07/05/2022,JQF,NC,ASO,ES,Federal Contract Tower,2,10,34,0,46,0,6,58,0,64,2,16,92,0,110,20,0,20,130
07/06/2022,JQF,NC,ASO,ES,Federal Contract Tower,2,8,50,0,60,0,13,164,3,180,2,21,214,3,240,40,0,40,280
07/07/2022,JQF,NC,ASO,ES,Federal Contract Tower,1,6,33,0,40,0,11,128,1,140,1,17,161,1,180,34,0,34,214
07/08/2022,JQF,NC,ASO,ES,Federal Contract Tower,20,7,46,0,73,0,8,62,0,70,20,15,108,0,143,76,0,76,219
07/09/2022,JQF,NC,ASO,ES,Federal Contract Tower,5,2,26,0,33,0,2,79,0,81,5,4,105,0,114,42,0,42,156
07/10/2022,JQF,NC,ASO,ES,Federal Contract Tower,14,5,41,0,60,0,0,0,0,0,14,5,41,0,60,0,0,0,60
07/11/2022,JQF,NC,ASO,ES,Federal Contract Tower,10,11,59,0,80,0,12,152,2,166,10,23,211,2,246,72,0,72,318
07/12/2022,JQF,NC,ASO,ES,Federal Contract Tower,1,13,58,0,72,0,8,182,8,198,1,21,240,8,270,52,0,52,322
07/13/2022,JQF,NC,ASO,ES,Federal Contract Tower,4,17,56,0,77,0,17,110,0,127,4,34,166,0,204,36,0,36,240
07/14/2022,JQF,NC,ASO,ES,Federal Contract Tower,3,14,66,0,83,0,18,124,2,144,3,32,190,2,227,122,0,122,349
07/15/2022,JQF,NC,ASO,ES,Federal Contract Tower,17,11,40,0,68,0,8,159,0,167,17,19,199,0,235,122,0,122,357
07/16/2022,JQF,NC,ASO,ES,Federal Contract Tower,6,3,41,0,50,0,1,110,0,111,6,4,151,0,161,142,0,142,303
07/17/2022,JQF,NC,ASO,ES,Federal Contract Tower,8,4,55,0,67,0,2,101,4,107,8,6,156,4,174,48,0,48,222
07/18/2022,JQF,NC,ASO,ES,Federal Contract Tower,8,8,47,0,63,0,10,132,2,144,8,18,179,2,207,92,0,92,299
07/19/2022,JQF,NC,ASO,ES,Federal Contract Tower,0,5,41,0,46,0,11,135,2,148,0,16,176,2,194,98,0,98,292
07/20/2022,JQF,NC,ASO,ES,Federal Contract Tower,7,4,46,0,57,0,22,141,0,163,7,26,187,0,220,84,0,84,304
07/21/2022,JQF,NC,ASO,ES,Federal Contract Tower,0,12,57,1,70,0,13,80,0,93,0,25,137,1,163,70,0,70,233
07/22/2022,JQF,NC,ASO,ES,Federal Contract Tower,18,4,47,0,69,0,15,146,3,164,18,19,193,3,233,56,0,56,289
07/23/2022,JQF,NC,ASO,ES,Federal Contract Tower,2,4,36,0,42,0,6,112,5,123,2,10,148,5,165,146,0,146,311
07/24/2022,JQF,NC,ASO,ES,Federal Contract Tower,16,0,33,0,49,0,2,80,2,84,16,2,113,2,133,136,0,136,269
07/25/2022,JQF,NC,ASO,ES,Federal Contract Tower,8,6,40,0,54,0,10,88,0,98,8,16,128,0,152,76,0,76,228
07/26/2022,JQF,NC,ASO,ES,Federal Contract Tower,0,4,35,0,39,0,10,90,4,104,0,14,125,4,143,48,0,48,191
07/27/2022,JQF,NC,ASO,ES,Federal Contract Tower,4,4,48,0,56,0,8,152,0,160,4,12,200,0,216,60,0,60,276
07/28/2022,JQF,NC,ASO,ES,Federal Contract Tower,4,11,39,1,55,0,6,132,1,139,4,17,171,2,194,64,0,64,258
07/29/2022,JQF,NC,ASO,ES,Federal Contract Tower,15,9,38,0,62,0,9,114,4,127,15,18,152,4,189,46,0,46,235
07/30/2022,JQF,NC,ASO,ES,Federal Contract Tower,4,0,34,0,38,0,2,114,5,121,4,2,148,5,159,78,0,78,237
07/31/2022,JQF,NC,ASO,ES,Federal Contract Tower,15,5,50,0,70,0,2,24,0,26,15,7,74,0,96,52,0,52,148
08/01/2022,JQF,NC,ASO,ES,Federal Contract Tower,10,10,23,0,43,0,14,116,0,130,10,24,139,0,173,84,0,84,257
08/02/2022,JQF,NC,ASO,ES,Federal Contract Tower,3,7,41,0,51,0,15,136,6,157,3,22,177,6,208,98,0,98,306
08/03/2022,JQF,NC,ASO,ES,Federal Contract Tower,4,6,48,0,58,0,14,181,4,199,4,20,229,4,257,86,0,86,343
08/04/2022,JQF,NC,ASO,ES,Federal Contract Tower,6,6,48,0,60,0,11,184,2,197,6,17,232,2,257,50,2,52,309
08/05/2022,JQF,NC,ASO,ES,Federal Contract Tower,16,7,54,0,77,0,7,68,0,75,16,14,122,0,152,90,0,90,242
08/06/2022,JQF,NC,ASO,ES,Federal Contract Tower,3,6,36,0,45,0,0,47,0,47,3,6,83,0,92,96,0,96,188
08/07/2022,JQF,NC,ASO,ES,Federal Contract Tower,12,4,49,0,65,0,4,66,0,70,12,8,115,0,135,84,0,84,219
08/08/2022,JQF,NC,ASO,ES,Federal Contract Tower,8,12,21,0,41,0,13,111,2,126,8,25,132,2,167,78,0,78,245
08/09/2022,JQF,NC,ASO,ES,Federal Contract Tower,3,10,29,0,42,0,27,135,2,164,3,37,164,2,206,114,0,114,320
08/10/2022,JQF,NC,ASO,ES,Federal Contract Tower,6,9,55,0,70,0,8,102,2,112,6,17,157,2,182,90,0,90,272
08/11/2022,JQF,NC,ASO,ES,Federal Contract Tower,9,8,56,0,73,0,16,79,0,95,9,24,135,0,168,86,0,86,254
08/12/2022,JQF,NC,ASO,ES,Federal Contract Tower,11,15,40,0,66,0,19,151,0,170,11,34,191,0,236,126,0,126,362
08/13/2022,JQF,NC,ASO,ES,Federal Contract Tower,10,4,38,0,52,0,14,166,4,184,10,18,204,4,236,96,0,96,332
08/14/2022,JQF,NC,ASO,ES,Federal Contract Tower,18,3,52,0,73,0,3,162,5,170,18,6,214,5,243,122,0,122,365
08/15/2022,JQF,NC,ASO,ES,Federal Contract Tower,6,7,40,0,53,0,9,109,2,120,6,16,149,2,173,96,0,96,269
08/16/2022,JQF,NC,ASO,ES,Federal Contract Tower,1,10,69,0,80,0,9,12,0,21,1,19,81,0,101,0,0,0,101
08/17/2022,JQF,NC,ASO,ES,Federal Contract Tower,1,6,44,0,51,0,18,185,0,203,1,24,229,0,254,128,0,128,382
08/18/2022,JQF,NC,ASO,ES,Federal Contract Tower,7,11,67,2,87,0,12,170,0,182,7,23,237,2,269,66,0,66,335
08/19/2022,JQF,NC,ASO,ES,Federal Contract Tower,14,5,34,0,53,0,18,95,2,115,14,23,129,2,168,62,0,62,230
08/20/2022,JQF,NC,ASO,ES,Federal Contract Tower,6,6,37,0,49,0,5,92,2,99,6,11,129,2,148,40,0,40,188
08/21/2022,JQF,NC,ASO,ES,Federal Contract Tower,14,6,24,3,47,0,2,20,0,22,14,8,44,3,69,20,0,20,89
08/22/2022,JQF,NC,ASO,ES,Federal Contract Tower,8,12,43,0,63,0,6,75,0,81,8,18,118,0,144,102,0,102,246
08/23/2022,JQF,NC,ASO,ES,Federal Contract Tower,0,16,46,2,64,0,10,158,0,168,0,26,204,2,232,132,0,132,364
08/24/2022,JQF,NC,ASO,ES,Federal Contract Tower,0,7,44,6,57,0,13,193,6,212,0,20,237,12,269,156,0,156,425
08/25/2022,JQF,NC,ASO,ES,Federal Contract Tower,7,7,54,4,72,0,17,102,0,119,7,24,156,4,191,118,0,118,309
08/26/2022,JQF,NC,ASO,ES,Federal Contract Tower,17,10,58,0,85,0,17,101,0,118,17,27,159,0,203,54,0,54,257
08/27/2022,JQF,NC,ASO,ES,Federal Contract Tower,12,8,45,0,65,0,1,178,2,181,12,9,223,2,246,64,0,64,310
08/28/2022,JQF,NC,ASO,ES,Federal Contract Tower,19,1,51,0,71,0,10,113,6,129,19,11,164,6,200,52,0,52,252
08/29/2022,JQF,NC,ASO,ES,Federal Contract Tower,9,8,31,0,48,0,12,127,0,139,9,20,158,0,187,104,0,104,291
08/30/2022,JQF,NC,ASO,ES,Federal Contract Tower,0,7,54,0,61,0,7,59,0,66,0,14,113,0,127,52,0,52,179
08/31/2022,JQF,NC,ASO,ES,Federal Contract Tower,0,10,72,1,83,0,18,155,0,173,0,28,227,1,256,138,0,138,394
09/01/2022,JQF,NC,ASO,ES,Federal Contract Tower,6,6,62,0,74,0,4,154,2,160,6,10,216,2,234,78,4,82,316
09/02/2022,JQF,NC,ASO,ES,Federal Contract Tower,6,6,57,0,69,0,15,159,3,177,6,21,216,3,246,54,0,54,300
09/03/2022,JQF,NC,ASO,ES,Federal Contract Tower,0,0,23,0,23,0,2,170,0,172,0,2,193,0,195,46,0,46,241
09/04/2022,JQF,NC,ASO,ES,Federal Contract Tower,7,2,29,0,38,0,4,19,0,23,7,6,48,0,61,32,0,32,93
09/05/2022,JQF,NC,ASO,ES,Federal Contract Tower,11,0,39,0,50,0,0,2,0,2,11,0,41,0,52,0,0,0,52
09/06/2022,JQF,NC,ASO,ES,Federal Contract Tower,6,8,45,0,59,0,12,51,2,65,6,20,96,2,124,112,0,112,236
09/07/2022,JQF,NC,ASO,ES,Federal Contract Tower,2,10,43,0,55,0,11,136,2,149,2,21,179,2,204,104,0,104,308
09/08/2022,JQF,NC,ASO,ES,Federal Contract Tower,6,13,67,0,86,0,12,98,7,117,6,25,165,7,203,136,0,136,339
09/09/2022,JQF,NC,ASO,ES,Federal Contract Tower,15,8,52,1,76,0,13,175,0,188,15,21,227,1,264,46,0,46,310
09/10/2022,JQF,NC,ASO,ES,Federal Contract Tower,4,5,27,0,36,0,0,0,0,0,4,5,27,0,36,0,0,0,36
09/11/2022,JQF,NC,ASO,ES,Federal Contract Tower,11,12,30,0,53,0,4,22,0,26,11,16,52,0,79,22,0,22,101
09/12/2022,JQF,NC,ASO,ES,Federal Contract Tower,7,8,47,0,62,0,11,115,4,130,7,19,162,4,192,60,0,60,252
09/13/2022,JQF,NC,ASO,ES,Federal Contract Tower,0,10,33,0,43,0,13,164,0,177,0,23,197,0,220,74,0,74,294
09/14/2022,JQF,NC,ASO,ES,Federal Contract Tower,0,15,53,0,68,0,15,184,1,200,0,30,237,1,268,100,0,100,368
09/15/2022,JQF,NC,ASO,ES,Federal Contract Tower,11,10,54,2,77,0,20,179,0,199,11,30,233,2,276,98,0,98,374
09/16/2022,JQF,NC,ASO,ES,Federal Contract Tower,15,4,39,0,58,0,7,175,0,182,15,11,214,0,240,74,0,74,314
09/17/2022,JQF,NC,ASO,ES,Federal Contract Tower,4,3,34,0,41,0,2,175,0,177,4,5,209,0,218,84,0,84,302
09/18/2022,JQF,NC,ASO,ES,Federal Contract Tower,15,4,43,0,62,0,6,129,0,135,15,10,172,0,197,52,0,52,249
09/19/2022,JQF,NC,ASO,ES,Federal Contract Tower,9,9,41,0,59,0,10,131,0,141,9,19,172,0,200,40,0,40,240
09/20/2022,JQF,NC,ASO,ES,Federal Contract Tower,2,12,53,0,67,0,24,104,0,128,2,36,157,0,195,50,0,50,245
09/21/2022,JQF,NC,ASO,ES,Federal Contract Tower,3,11,44,0,58,0,12,166,0,178,3,23,210,0,236,78,0,78,314
09/22/2022,JQF,NC,ASO,ES,Federal Contract Tower,6,8,57,2,73,0,6,127,0,133,6,14,184,2,206,38,0,38,244
09/23/2022,JQF,NC,ASO,ES,Federal Contract Tower,13,15,60,3,91,0,21,133,0,154,13,36,193,3,245,24,0,24,269
09/24/2022,JQF,NC,ASO,ES,Federal Contract Tower,3,3,46,0,52,0,11,143,0,154,3,14,189,0,206,64,0,64,270
09/25/2022,JQF,NC,ASO,ES,Federal Contract Tower,7,3,52,0,62,0,4,120,0,124,7,7,172,0,186,68,0,68,254
09/26/2022,JQF,NC,ASO,ES,Federal Contract Tower,9,30,36,0,75,0,9,166,3,178,9,39,202,3,253,68,0,68,321
09/27/2022,JQF,NC,ASO,ES,Federal Contract Tower,2,17,57,0,76,0,27,124,0,151,2,44,181,0,227,34,0,34,261
09/28/2022,JQF,NC,ASO,ES,Federal Contract Tower,0,14,50,0,64,0,17,143,3,163,0,31,193,3,227,46,0,46,273
09/29/2022,JQF,NC,ASO,ES,Federal Contract Tower,5,13,43,0,61,0,7,26,0,33,5,20,69,0,94,20,0,20,114
09/30/2022,JQF,NC,ASO,ES,Federal Contract Tower,12,2,9,0,23,0,0,0,0,0,12,2,9,0,23,0,0,0,23
10/01/2022,JQF,NC,ASO,ES,Federal Contract Tower,7,2,27,0,36,0,5,15,0,20,7,7,42,0,56,68,0,68,124
10/02/2022,JQF,NC,ASO,ES,Federal Contract Tower,17,0,37,0,54,0,3,60,0,63,17,3,97,0,117,56,0,56,173
10/03/2022,JQF,NC,ASO,ES,Federal Contract Tower,6,13,39,0,58,0,16,93,3,112,6,29,132,3,170,28,0,28,198
10/04/2022,JQF,NC,ASO,ES,Federal Contract Tower,0,12,67,0,79,0,14,143,2,159,0,26,210,2,238,52,0,52,290
10/05/2022,JQF,NC,ASO,ES,Federal Contract Tower,0,10,49,1,60,0,16,179,2,197,0,26,228,3,257,108,2,110,367
10/06/2022,JQF,NC,ASO,ES,Federal Contract Tower,6,7,65,0,78,0,17,161,0,178,6,24,226,0,256,116,4,120,376
10/07/2022,JQF,NC,ASO,ES,Federal Contract Tower,12,14,50,4,80,0,10,158,0,168,12,24,208,4,248,98,0,98,346
10/08/2022,JQF,NC,ASO,ES,Federal Contract Tower,3,3,33,1,40,0,14,91,9,114,3,17,124,10,154,34,0,34,188
10/09/2022,JQF,NC,ASO,ES,Federal Contract Tower,8,19,52,0,79,0,61,97,14,172,8,80,149,14,251,14,0,14,265
10/10/2022,JQF,NC,ASO,ES,Federal Contract Tower,7,6,54,3,70,0,29,156,1,186,7,35,210,4,256,56,0,56,312
10/11/2022,JQF,NC,ASO,ES,Federal Contract Tower,2,9,58,1,70,0,8,163,2,173,2,17,221,3,243,38,0,38,281
10/12/2022,JQF,NC,ASO,ES,Federal Contract Tower,0,14,40,1,55,0,9,48,2,59,0,23,88,3,114,52,0,52,166
10/13/2022,JQF,NC,ASO,ES,Federal Contract Tower,9,12,56,0,77,0,11,64,0,75,9,23,120,0,152,74,0,74,226
10/14/2022,JQF,NC,ASO,ES,Federal Contract Tower,14,11,43,0,68,0,22,175,0,197,14,33,218,0,265,70,0,70,335
10/15/2022,JQF,NC,ASO,ES,Federal Contract Tower,3,6,30,0,39,0,6,149,4,159,3,12,179,4,198,60,0,60,258
10/16/2022,JQF,NC,ASO,ES,Federal Contract Tower,10,6,36,0,52,0,5,143,2,150,10,11,179,2,202,66,0,66,268
10/17/2022,JQF,NC,ASO,ES,Federal Contract Tower,12,9,49,0,70,0,20,128,1,149,12,29,177,1,219,40,0,40,259
10/18/2022,JQF,NC,ASO,ES,Federal Contract Tower,1,5,45,1,52,0,9,97,1,107,1,14,142,2,159,20,0,20,179
10/19/2022,JQF,NC,ASO,ES,Federal Contract Tower,1,8,57,0,66,0,22,128,2,152,1,30,185,2,218,24,0,24,242
10/20/2022,JQF,NC,ASO,ES,Federal Contract Tower,7,7,44,0,58,0,14,157,2,173,7,21,201,2,231,66,0,66,297
10/21/2022,JQF,NC,ASO,ES,Federal Contract Tower,21,12,43,0,76,0,39,167,0,206,21,51,210,0,282,116,0,116,398
10/22/2022,JQF,NC,ASO,ES,Federal Contract Tower,7,7,30,0,44,0,26,130,0,156,7,33,160,0,200,72,0,72,272
10/23/2022,JQF,NC,ASO,ES,Federal Contract Tower,12,5,44,0,61,0,21,164,1,186,12,26,208,1,247,10,0,10,257
10/24/2022,JQF,NC,ASO,ES,Federal Contract Tower,7,7,36,0,50,0,6,109,0,115,7,13,145,0,165,4,0,4,169
10/25/2022,JQF,NC,ASO,ES,Federal Contract Tower,2,5,51,0,58,0,12,181,0,193,2,17,232,0,251,66,0,66,317
10/26/2022,JQF,NC,ASO,ES,Federal Contract Tower,4,13,64,0,81,0,9,27,5,41,4,22,91,5,122,106,0,106,228
10/27/2022,JQF,NC,ASO,ES,Federal Contract Tower,8,7,52,0,67,0,21,133,4,158,8,28,185,4,225,44,0,44,269
10/28/2022,JQF,NC,ASO,ES,Federal Contract Tower,12,7,49,0,68,0,11,126,2,139,12,18,175,2,207,76,0,76,283
10/29/2022,JQF,NC,ASO,ES,Federal Contract Tower,2,0,31,0,33,0,7,70,4,81,2,7,101,4,114,42,0,42,156
10/30/2022,JQF,NC,ASO,ES,Federal Contract Tower,6,6,40,0,52,0,0,4,0,4,6,6,44,0,56,0,0,0,56
10/31/2022,JQF,NC,ASO,ES,Federal Contract Tower,8,10,19,0,37,0,0,0,0,0,8,10,19,0,37,0,0,0,37
11/01/2022,JQF,NC,ASO,ES,Federal Contract Tower,3,14,58,0,75,0,9,176,0,185,3,23,234,0,260,24,0,24,284
11/02/2022,JQF,NC,ASO,ES,Federal Contract Tower,0,6,64,0,70,0,12,132,0,144,0,18,196,0,214,22,0,22,236
11/03/2022,JQF,NC,ASO,ES,Federal Contract Tower,11,12,56,0,79,0,15,163,0,178,11,27,219,0,257,94,0,94,351
11/04/2022,JQF,NC,ASO,ES,Federal Contract Tower,11,11,58,0,80,0,18,159,1,178,11,29,217,1,258,90,0,90,348
11/05/2022,JQF,NC,ASO,ES,Federal Contract Tower,2,9,39,0,50,0,6,13,0,19,2,15,52,0,69,6,0,6,75
11/06/2022,JQF,NC,ASO,ES,Federal Contract Tower,7,7,47,0,61,0,2,17,0,19,7,9,64,0,80,2,0,2,82
11/07/2022,JQF,NC,ASO,ES,Federal Contract Tower,9,8,43,1,61,0,5,79,1,85,9,13,122,2,146,52,0,52,198
11/08/2022,JQF,NC,ASO,ES,Federal Contract Tower,2,8,49,3,62,0,34,113,4,151,2,42,162,7,213,26,0,26,239
11/09/2022,JQF,NC,ASO,ES,Federal Contract Tower,0,17,39,1,57,0,21,155,4,180,0,38,194,5,237,20,0,20,257
11/10/2022,JQF,NC,ASO,ES,Federal Contract Tower,9,23,56,0,88,0,1,48,0,49,9,24,104,0,137,36,0,36,173
11/11/2022,JQF,NC,ASO,ES,Federal Contract Tower,11,15,25,0,51,0,0,1,0,1,11,15,26,0,52,0,0,0,52
11/12/2022,JQF,NC,ASO,ES,Federal Contract Tower,5,1,47,0,53,0,6,49,0,55,5,7,96,0,108,42,0,42,150
11/13/2022,JQF,NC,ASO,ES,Federal Contract Tower,6,8,42,0,56,0,14,135,2,151,6,22,177,2,207,70,0,70,277
11/14/2022,JQF,NC,ASO,ES,Federal Contract Tower,8,11,45,0,64,0,10,150,0,160,8,21,195,0,224,154,0,154,378
11/15/2022,JQF,NC,ASO,ES,Federal Contract Tower,1,22,36,0,59,0,2,1,0,3,1,24,37,0,62,0,0,0,62
11/16/2022,JQF,NC,ASO,ES,Federal Contract Tower,1,10,48,1,60,0,8,127,6,141,1,18,175,7,201,32,0,32,233
11/17/2022,JQF,NC,ASO,ES,Federal Contract Tower,5,8,59,0,72,0,25,211,3,239,5,33,270,3,311,24,0,24,335
11/18/2022,JQF,NC,ASO,ES,Federal Contract Tower,8,6,39,0,53,0,20,181,2,203,8,26,220,2,256,46,0,46,302
11/19/2022,JQF,NC,ASO,ES,Federal Contract Tower,2,5,41,0,48,0,4,162,4,170,2,9,203,4,218,48,0,48,266
11/20/2022,JQF,NC,ASO,ES,Federal Contract Tower,4,8,32,0,44,0,8,116,0,124,4,16,148,0,168,34,0,34,202
11/21/2022,JQF,NC,ASO,ES,Federal Contract Tower,7,7,25,0,39,0,18,124,0,142,7,25,149,0,181,86,0,86,267
11/22/2022,JQF,NC,ASO,ES,Federal Contract Tower,2,6,32,0,40,0,17,144,0,161,2,23,176,0,201,108,0,108,309
11/23/2022,JQF,NC,ASO,ES,Federal Contract Tower,7,4,42,0,53,0,11,99,0,110,7,15,141,0,163,48,0,48,211
11/24/2022,JQF,NC,ASO,ES,Federal Contract Tower,2,3,10,0,15,0,5,18,0,23,2,8,28,0,38,8,0,8,46
11/25/2022,JQF,NC,ASO,ES,Federal Contract Tower,6,16,20,0,42,0,15,45,0,60,6,31,65,0,102,38,0,38,140
11/26/2022,JQF,NC,ASO,ES,Federal Contract Tower,2,2,38,0,42,0,11,113,4,128,2,13,151,4,170,32,0,32,202
11/27/2022,JQF,NC,ASO,ES,Federal Contract Tower,6,7,37,0,50,0,0,7,0,7,6,7,44,0,57,10,0,10,67
11/28/2022,JQF,NC,ASO,ES,Federal Contract Tower,6,12,40,0,58,0,8,114,4,126,6,20,154,4,184,42,0,42,226
11/29/2022,JQF,NC,ASO,ES,Federal Contract Tower,1,8,46,0,55,0,15,132,0,147,1,23,178,0,202,78,0,78,280
11/30/2022,JQF,NC,ASO,ES,Federal Contract Tower,2,9,40,0,51,0,2,14,0,16,2,11,54,0,67,0,0,0,67
12/01/2022,JQF,NC,ASO,ES,Federal Contract Tower,8,9,38,0,55,0,12,144,1,157,8,21,182,1,212,36,0,36,248
12/02/2022,JQF,NC,ASO,ES,Federal Contract Tower,9,10,57,0,76,0,8,178,0,186,9,18,235,0,262,66,0,66,328
12/03/2022,JQF,NC,ASO,ES,Federal Contract Tower,0,3,19,0,22,0,0,1,0,1,0,3,20,0,23,0,0,0,23
12/04/2022,JQF,NC,ASO,ES,Federal Contract Tower,7,7,46,0,60,0,0,118,10,128,7,7,164,10,188,38,0,38,226
12/05/2022,JQF,NC,ASO,ES,Federal Contract Tower,7,14,60,0,81,0,4,86,0,90,7,18,146,0,171,84,0,84,255
12/06/2022,JQF,NC,ASO,ES,Federal Contract Tower,0,13,27,0,40,0,0,0,0,0,0,13,27,0,40,0,0,0,40
12/07/2022,JQF,NC,ASO,ES,Federal Contract Tower,0,19,52,0,71,0,0,0,0,0,0,19,52,0,71,0,0,0,71
12/08/2022,JQF,NC,ASO,ES,Federal Contract Tower,4,15,70,0,89,0,4,70,0,74,4,19,140,0,163,80,0,80,243
12/09/2022,JQF,NC,ASO,ES,Federal Contract Tower,6,13,32,0,51,0,5,2,0,7,6,18,34,0,58,20,0,20,78
12/10/2022,JQF,NC,ASO,ES,Federal Contract Tower,0,2,41,0,43,0,5,119,0,124,0,7,160,0,167,98,0,98,265
12/11/2022,JQF,NC,ASO,ES,Federal Contract Tower,5,3,42,0,50,0,11,111,2,124,5,14,153,2,174,70,0,70,244
12/12/2022,JQF,NC,ASO,ES,Federal Contract Tower,6,12,45,0,63,0,16,153,4,173,6,28,198,4,236,74,0,74,310
12/13/2022,JQF,NC,ASO,ES,Federal Contract Tower,3,10,47,1,61,0,23,138,4,165,3,33,185,5,226,98,0,98,324
12/14/2022,JQF,NC,ASO,ES,Federal Contract Tower,5,16,38,1,60,0,4,47,1,52,5,20,85,2,112,62,0,62,174
12/15/2022,JQF,NC,ASO,ES,Federal Contract Tower,12,16,33,0,61,0,0,0,0,0,12,16,33,0,61,0,0,0,61
12/16/2022,JQF,NC,ASO,ES,Federal Contract Tower,5,11,45,0,61,0,4,127,0,131,5,15,172,0,192,36,0,36,228
12/17/2022,JQF,NC,ASO,ES,Federal Contract Tower,6,4,47,0,57,0,5,134,0,139,6,9,181,0,196,70,0,70,266
12/18/2022,JQF,NC,ASO,ES,Federal Contract Tower,9,2,37,0,48,0,5,151,0,156,9,7,188,0,204,42,0,42,246
12/19/2022,JQF,NC,ASO,ES,Federal Contract Tower,4,12,31,0,47,0,14,121,0,135,4,26,152,0,182,54,0,54,236
12/20/2022,JQF,NC,ASO,ES,Federal Contract Tower,9,10,57,0,76,0,13,123,2,138,9,23,180,2,214,100,0,100,314
12/21/2022,JQF,NC,ASO,ES,Federal Contract Tower,5,12,57,2,76,0,4,131,10,145,5,16,188,12,221,102,0,102,323
12/22/2022,JQF,NC,ASO,ES,Federal Contract Tower,8,14,20,0,42,0,0,0,0,0,8,14,20,0,42,0,0,0,42
12/23/2022,JQF,NC,ASO,ES,Federal Contract Tower,6,4,20,0,30,0,5,2,0,7,6,9,22,0,37,2,0,2,39
12/24/2022,JQF,NC,ASO,ES,Federal Contract Tower,8,2,7,0,17,0,3,22,0,25,8,5,29,0,42,0,0,0,42
12/25/2022,JQF,NC,ASO,ES,Federal Contract Tower,6,0,3,0,9,0,4,29,0,33,6,4,32,0,42,4,0,4,46
12/26/2022,JQF,NC,ASO,ES,Federal Contract Tower,4,5,31,0,40,0,14,64,2,80,4,19,95,2,120,30,2,32,152
12/27/2022,JQF,NC,ASO,ES,Federal Contract Tower,9,6,33,0,48,0,19,77,0,96,9,25,110,0,144,42,0,42,186
12/28/2022,JQF,NC,ASO,ES,Federal Contract Tower,6,9,37,0,52,0,8,123,0,131,6,17,160,0,183,42,0,42,225
12/29/2022,JQF,NC,ASO,ES,Federal Contract Tower,7,6,30,0,43,0,7,161,0,168,7,13,191,0,211,14,0,14,225
12/30/2022,JQF,NC,ASO,ES,Federal Contract Tower,6,15,54,0,75,0,11,42,0,53,6,26,96,0,128,18,0,18,146
12/31/2022,JQF,NC,ASO,ES,Federal Contract Tower,10,0,10,0,20,0,0,2,0,2,10,0,12,0,22,0,0,0,22
01/01/2023,JQF,NC,ASO,ES,Federal Contract Tower,6,2,16,0,24,0,2,37,0,39,6,4,53,0,63,18,0,18,81
01/02/2023,JQF,NC,ASO,ES,Federal Contract Tower,4,6,31,3,44,0,0,90,0,90,4,6,121,3,134,62,0,62,196
01/03/2023,JQF,NC,ASO,ES,Federal Contract Tower,7,11,48,0,66,0,2,42,1,45,7,13,90,1,111,42,0,42,153
01/04/2023,JQF,NC,ASO,ES,Federal Contract Tower,0,13,14,0,27,0,0,0,0,0,0,13,14,0,27,0,0,0,27
01/05/2023,JQF,NC,ASO,ES,Federal Contract Tower,8,10,48,0,66,0,20,181,0,201,8,30,229,0,267,56,0,56,323
01/06/2023,JQF,NC,ASO,ES,Federal Contract Tower,9,18,40,0,67,0,14,213,0,227,9,32,253,0,294,107,0,107,401
01/07/2023,JQF,NC,ASO,ES,Federal Contract Tower,0,2,30,0,32,0,5,157,10,172,0,7,187,10,204,54,0,54,258
01/08/2023,JQF,NC,ASO,ES,Federal Contract Tower,6,5,37,0,48,0,1,22,2,25,6,6,59,2,73,46,0,46,119
01/09/2023,JQF,NC,ASO,ES,Federal Contract Tower,8,8,29,4,49,0,15,119,2,136,8,23,148,6,185,30,0,30,215
01/10/2023,JQF,NC,ASO,ES,Federal Contract Tower,0,6,52,0,58,0,21,158,0,179,0,27,210,0,237,30,0,30,267
01/11/2023,JQF,NC,ASO,ES,Federal Contract Tower,0,7,55,0,62,0,14,160,0,174,0,21,215,0,236,98,0,98,334
01/12/2023,JQF,NC,ASO,ES,Federal Contract Tower,5,10,43,0,58,0,0,0,0,0,5,10,43,0,58,0,0,0,58
01/13/2023,JQF,NC,ASO,ES,Federal Contract Tower,10,9,32,0,51,0,13,156,0,169,10,22,188,0,220,54,0,54,274
01/14/2023,JQF,NC,ASO,ES,Federal Contract Tower,0,1,32,0,33,0,6,68,0,74,0,7,100,0,107,16,0,16,123
01/15/2023,JQF,NC,ASO,ES,Federal Contract Tower,6,2,29,0,37,0,10,201,0,211,6,12,230,0,248,64,0,64,312
01/16/2023,JQF,NC,ASO,ES,Federal Contract Tower,12,6,35,0,53,0,14,209,0,223,12,20,244,0,276,88,0,88,364
01/17/2023,JQF,NC,ASO,ES,Federal Contract Tower,0,17,47,0,64,0,0,9,0,9,0,17,56,0,73,26,0,26,99
01/18/2023,JQF,NC,ASO,ES,Federal Contract Tower,1,12,56,0,69,0,17,134,2,153,1,29,190,2,222,28,0,28,250
01/19/2023,JQF,NC,ASO,ES,Federal Contract Tower,7,18,48,0,73,0,4,4,8,16,7,22,52,8,89,0,0,0,89
01/20/2023,JQF,NC,ASO,ES,Federal Contract Tower,8,5,42,0,55,0,17,150,0,167,8,22,192,0,222,56,0,56,278
01/21/2023,JQF,NC,ASO,ES,Federal Contract Tower,0,2,28,0,30,0,3,195,0,198,0,5,223,0,228,58,0,58,286
01/22/2023,JQF,NC,ASO,ES,Federal Contract Tower,9,0,16,0,25,0,0,0,0,0,9,0,16,0,25,0,0,0,25
01/23/2023,JQF,NC,ASO,ES,Federal Contract Tower,10,7,19,0,36,0,11,88,0,99,10,18,107,0,135,12,0,12,147
01/24/2023,JQF,NC,ASO,ES,Federal Contract Tower,2,8,42,0,52,0,13,215,2,230,2,21,257,2,282,44,0,44,326
01/25/2023,JQF,NC,ASO,ES,Federal Contract Tower,0,10,13,0,23,0,0,0,0,0,0,10,13,0,23,0,0,0,23
01/26/2023,JQF,NC,ASO,ES,Federal Contract Tower,8,12,35,1,56,0,14,178,1,193,8,26,213,2,249,56,0,56,305
01/27/2023,JQF,NC,ASO,ES,Federal Contract Tower,9,8,46,0,63,0,11,170,0,181,9,19,216,0,244,68,0,68,312
01/28/2023,JQF,NC,ASO,ES,Federal Contract Tower,3,0,30,0,33,0,11,233,0,244,3,11,263,0,277,96,0,96,373
01/29/2023,JQF,NC,ASO,ES,Federal Contract Tower,6,1,30,0,37,0,0,121,0,121,6,1,151,0,158,122,0,122,280
01/30/2023,JQF,NC,ASO,ES,Federal Contract Tower,10,9,36,0,55,0,8,98,3,109,10,17,134,3,164,50,0,50,214
01/31/2023,JQF,NC,ASO,ES,Federal Contract Tower,1,10,22,0,33,0,0,0,0,0,1,10,22,0,33,0,0,0,33
02/01/2023,JQF,NC,ASO,ES,Federal Contract Tower,2,15,30,0,47,0,0,0,0,0,2,15,30,0,47,0,0,0,47
02/02/2023,JQF,NC,ASO,ES,Federal Contract Tower,8,19,16,0,43,0,0,0,0,0,8,19,16,0,43,0,0,0,43
02/03/2023,JQF,NC,ASO,ES,Federal Contract Tower,12,13,40,0,65,0,11,163,1,175,12,24,203,1,240,58,0,58,298
02/04/2023,JQF,NC,ASO,ES,Federal Contract Tower,3,3,27,0,33,0,8,200,8,216,3,11,227,8,249,72,0,72,321
02/05/2023,JQF,NC,ASO,ES,Federal Contract Tower,7,1,34,0,42,0,7,193,5,205,7,8,227,5,247,48,0,48,295
02/06/2023,JQF,NC,ASO,ES,Federal Contract Tower,9,6,36,2,53,0,29,159,7,195,9,35,195,9,248,82,0,82,330
02/07/2023,JQF,NC,ASO,ES,Federal Contract Tower,0,7,43,0,50,0,21,171,5,197,0,28,214,5,247,98,0,98,345
02/08/2023,JQF,NC,ASO,ES,Federal Contract Tower,5,11,48,2,66,0,9,199,6,214,5,20,247,8,280,122,10,132,412
02/09/2023,JQF,NC,ASO,ES,Federal Contract Tower,7,7,42,0,56,0,20,114,0,134,7,27,156,0,190,46,0,46,236
02/10/2023,JQF,NC,ASO,ES,Federal Contract Tower,8,8,31,0,47,0,17,133,0,150,8,25,164,0,197,36,0,36,233
02/11/2023,JQF,NC,ASO,ES,Federal Contract Tower,2,0,29,0,31,0,4,92,0,96,2,4,121,0,127,42,0,42,169
02/12/2023,JQF,NC,ASO,ES,Federal Contract Tower,6,2,14,0,22,0,2,0,0,2,6,4,14,0,24,0,0,0,24
02/13/2023,JQF,NC,ASO,ES,Federal Contract Tower,8,13,59,0,80,0,17,192,5,214,8,30,251,5,294,74,0,74,368
02/14/2023,JQF,NC,ASO,ES,Federal Contract Tower,0,10,32,0,42,0,8,210,4,222,0,18,242,4,264,102,0,102,366
02/15/2023,JQF,NC,ASO,ES,Federal Contract Tower,9,11,41,0,61,0,12,185,2,199,9,23,226,2,260,68,0,68,328
02/16/2023,JQF,NC,ASO,ES,Federal Contract Tower,13,5,58,2,78,0,8,81,0,89,13,13,139,2,167,40,0,40,207
02/17/2023,JQF,NC,ASO,ES,Federal Contract Tower,7,11,22,0,40,0,7,4,0,11,7,18,26,0,51,0,0,0,51
02/18/2023,JQF,NC,ASO,ES,Federal Contract Tower,8,0,38,0,46,0,9,205,0,214,8,9,243,0,260,80,0,80,340
02/19/2023,JQF,NC,ASO,ES,Federal Contract Tower,18,8,45,1,72,0,0,106,1,107,18,8,151,2,179,52,0,52,231
02/20/2023,JQF,NC,ASO,ES,Federal Contract Tower,8,10,51,1,70,0,2,205,5,212,8,12,256,6,282,96,0,96,378
02/21/2023,JQF,NC,ASO,ES,Federal Contract Tower,4,13,45,0,62,0,10,140,0,150,4,23,185,0,212,58,0,58,270
02/22/2023,JQF,NC,ASO,ES,Federal Contract Tower,2,15,60,0,77,0,10,53,0,63,2,25,113,0,140,0,0,0,140
02/23/2023,JQF,NC,ASO,ES,Federal Contract Tower,8,15,46,0,69,0,15,48,0,63,8,30,94,0,132,24,0,24,156
02/24/2023,JQF,NC,ASO,ES,Federal Contract Tower,13,10,49,0,72,0,15,212,2,229,13,25,261,2,301,94,0,94,395
02/25/2023,JQF,NC,ASO,ES,Federal Contract Tower,6,0,11,0,17,0,0,3,0,3,6,0,14,0,20,0,0,0,20
02/26/2023,JQF,NC,ASO,ES,Federal Contract Tower,6,5,40,0,51,0,0,1,0,1,6,5,41,0,52,0,0,0,52
02/27/2023,JQF,NC,ASO,ES,Federal Contract Tower,7,18,34,2,61,0,12,64,0,76,7,30,98,2,137,68,0,68,205
02/28/2023,JQF,NC,ASO,ES,Federal Contract Tower,4,14,44,1,63,0,21,176,0,197,4,35,220,1,260,94,0,94,354
03/01/2023,JQF,NC,ASO,ES,Federal Contract Tower,1,16,60,0,77,0,19,148,1,168,1,35,208,1,245,60,0,60,305
03/02/2023,JQF,NC,ASO,ES,Federal Contract Tower,10,21,61,1,93,0,13,45,0,58,10,34,106,1,151,24,0,24,175
03/03/2023,JQF,NC,ASO,ES,Federal Contract Tower,9,9,27,0,45,0,0,5,0,5,9,9,32,0,50,2,0,2,52
03/04/2023,JQF,NC,ASO,ES,Federal Contract Tower,3,2,24,0,29,0,14,154,1,169,3,16,178,1,198,42,0,42,240
03/05/2023,JQF,NC,ASO,ES,Federal Contract Tower,7,4,36,0,47,0,10,176,0,186,7,14,212,0,233,94,0,94,327
03/06/2023,JQF,NC,ASO,ES,Federal Contract Tower,14,5,35,0,54,0,28,168,0,196,14,33,203,0,250,130,0,130,380
03/07/2023,JQF,NC,ASO,ES,Federal Contract Tower,4,9,31,0,44,0,18,81,0,99,4,27,112,0,143,24,0,24,167
03/08/2023,JQF,NC,ASO,ES,Federal Contract Tower,2,13,48,0,63,0,16,181,3,200,2,29,229,3,263,114,0,114,377
03/09/2023,JQF,NC,ASO,ES,Federal Contract Tower,10,10,42,1,63,0,29,190,1,220,10,39,232,2,283,68,0,68,351
03/10/2023,JQF,NC,ASO,ES,Federal Contract Tower,16,13,33,0,62,0,5,15,0,20,16,18,48,0,82,28,0,28,110
03/11/2023,JQF,NC,ASO,ES,Federal Contract Tower,4,2,29,0,35,0,26,159,6,191,4,28,188,6,226,74,0,74,300
03/12/2023,JQF,NC,ASO,ES,Federal Contract Tower,8,0,14,0,22,0,0,0,0,0,8,0,14,0,22,0,0,0,22
03/13/2023,JQF,NC,ASO,ES,Federal Contract Tower,12,16,38,0,66,0,26,54,0,80,12,42,92,0,146,80,0,80,226
03/14/2023,JQF,NC,ASO,ES,Federal Contract Tower,2,9,40,1,52,0,22,86,1,109,2,31,126,2,161,0,0,0,161
03/15/2023,JQF,NC,ASO,ES,Federal Contract Tower,1,13,44,0,58,0,38,142,2,182,1,51,186,2,240,62,0,62,302
03/16/2023,JQF,NC,ASO,ES,Federal Contract Tower,6,16,51,0,73,0,25,175,3,203,6,41,226,3,276,66,0,66,342
03/17/2023,JQF,NC,ASO,ES,Federal Contract Tower,17,17,34,0,68,0,16,33,0,49,17,33,67,0,117,16,0,16,133
03/18/2023,JQF,NC,ASO,ES,Federal Contract Tower,5,11,37,0,53,0,20,159,0,179,5,31,196,0,232,42,0,42,274
03/19/2023,JQF,NC,ASO,ES,Federal Contract Tower,17,3,49,6,75,0,51,163,7,221,17,54,212,13,296,86,0,86,382
03/20/2023,JQF,NC,ASO,ES,Federal Contract Tower,6,9,33,0,48,0,43,167,0,210,6,52,200,0,258,102,0,102,360
03/21/2023,JQF,NC,ASO,ES,Federal Contract Tower,2,14,42,1,59,0,43,164,2,209,2,57,206,3,268,84,0,84,352
03/22/2023,JQF,NC,ASO,ES,Federal Contract Tower,0,24,38,0,62,0,16,40,0,56,0,40,78,0,118,78,0,78,196
03/23/2023,JQF,NC,ASO,ES,Federal Contract Tower,10,12,50,0,72,0,34,55,0,89,10,46,105,0,161,42,0,42,203
03/24/2023,JQF,NC,ASO,ES,Federal Contract Tower,9,16,44,1,70,0,41,107,6,154,9,57,151,7,224,46,0,46,270
03/25/2023,JQF,NC,ASO,ES,Federal Contract Tower,5,2,16,2,25,0,9,25,0,34,5,11,41,2,59,20,0,20,79
03/26/2023,JQF,NC,ASO,ES,Federal Contract Tower,4,11,38,1,54,0,38,59,12,109,4,49,97,13,163,42,0,42,205
03/27/2023,JQF,NC,ASO,ES,Federal Contract Tower,6,22,28,2,58,0,18,38,0,56,6,40,66,2,114,90,0,90,204
03/28/2023,JQF,NC,ASO,ES,Federal Contract Tower,2,23,33,0,58,0,76,103,4,183,2,99,136,4,241,72,0,72,313
03/29/2023,JQF,NC,ASO,ES,Federal Contract Tower,0,26,57,1,84,0,47,137,1,185,0,73,194,2,269,104,0,104,373
03/30/2023,JQF,NC,ASO,ES,Federal Contract Tower,6,15,57,0,78,0,83,179,0,262,6,98,236,0,340,36,0,36,376
03/31/2023,JQF,NC,ASO,ES,Federal Contract Tower,16,15,40,0,71,0,70,143,6,219,16,85,183,6,290,92,0,92,382
04/01/2023,JQF,NC,ASO,ES,Federal Contract Tower,7,3,11,0,21,0,0,2,0,2,7,3,13,0,23,0,0,0,23
04/02/2023,JQF,NC,ASO,ES,Federal Contract Tower,15,5,54,1,75,0,32,176,1,209,15,37,230,2,284,36,0,36,320
04/03/2023,JQF,NC,ASO,ES,Federal Contract Tower,6,20,25,1,52,0,15,23,0,38,6,35,48,1,90,50,0,50,140
04/04/2023,JQF,NC,ASO,ES,Federal Contract Tower,2,20,33,1,56,0,77,112,3,192,2,97,145,4,248,62,0,62,310
04/05/2023,JQF,NC,ASO,ES,Federal Contract Tower,2,10,45,0,57,0,46,99,0,145,2,56,144,0,202,70,0,70,272
04/06/2023,JQF,NC,ASO,ES,Federal Contract Tower,6,14,42,0,62,0,61,74,2,137,6,75,116,2,199,54,2,56,255
04/07/2023,JQF,NC,ASO,ES,Federal Contract Tower,7,13,30,0,50,0,0,0,0,0,7,13,30,0,50,0,0,0,50
04/08/2023,JQF,NC,ASO,ES,Federal Contract Tower,10,0,14,0,24,0,0,0,0,0,10,0,14,0,24,0,0,0,24
04/09/2023,JQF,NC,ASO,ES,Federal Contract Tower,9,9,26,0,44,0,15,42,0,57,9,24,68,0,101,0,0,0,101
04/10/2023,JQF,NC,ASO,ES,Federal Contract Tower,10,14,46,0,70,0,112,116,0,228,10,126,162,0,298,44,0,44,342
04/11/2023,JQF,NC,ASO,ES,Federal Contract Tower,5,19,39,0,63,0,81,119,4,204,5,100,158,4,267,154,0,154,421
04/12/2023,JQF,NC,ASO,ES,Federal Contract Tower,6,26,47,0,79,0,50,150,2,202,6,76,197,2,281,64,2,66,347
04/13/2023,JQF,NC,ASO,ES,Federal Contract Tower,5,27,59,0,91,0,83,194,2,279,5,110,253,2,370,52,0,52,422
04/14/2023,JQF,NC,ASO,ES,Federal Contract Tower,6,13,32,3,54,0,6,6,2,14,6,19,38,5,68,0,0,0,68
04/15/2023,JQF,NC,ASO,ES,Federal Contract Tower,2,11,40,0,53,0,32,140,0,172,2,43,180,0,225,52,0,52,277
04/16/2023,JQF,NC,ASO,ES,Federal Contract Tower,11,19,50,1,81,0,29,52,0,81,11,48,102,1,162,28,0,28,190
04/17/2023,JQF,NC,ASO,ES,Federal Contract Tower,5,30,21,0,56,0,46,96,0,142,5,76,117,0,198,34,0,34,232
04/18/2023,JQF,NC,ASO,ES,Federal Contract Tower,4,9,41,0,54,0,97,120,0,217,4,106,161,0,271,94,0,94,365
04/19/2023,JQF,NC,ASO,ES,Federal Contract Tower,1,18,39,0,58,0,117,119,1,237,1,135,158,1,295,100,0,100,395
04/20/2023,JQF,NC,ASO,ES,Federal Contract Tower,6,19,29,0,54,0,66,128,0,194,6,85,157,0,248,98,0,98,346
04/21/2023,JQF,NC,ASO,ES,Federal Contract Tower,15,16,40,0,71,0,95,131,2,228,15,111,171,2,299,98,0,98,397
04/22/2023,JQF,NC,ASO,ES,Federal Contract Tower,9,2,19,0,30,0,27,16,0,43,9,29,35,0,73,44,0,44,117
04/23/2023,JQF,NC,ASO,ES,Federal Contract Tower,18,12,68,0,98,0,71,83,2,156,18,83,151,2,254,30,0,30,284
04/24/2023,JQF,NC,ASO,ES,Federal Contract Tower,11,22,38,0,71,0,111,141,0,252,11,133,179,0,323,110,0,110,433
04/25/2023,JQF,NC,ASO,ES,Federal Contract Tower,3,18,40,3,64,0,112,85,2,199,3,130,125,5,263,96,0,96,359
04/26/2023,JQF,NC,ASO,ES,Federal Contract Tower,2,27,50,8,87,0,62,42,0,104,2,89,92,8,191,42,0,42,233
04/27/2023,JQF,NC,ASO,ES,Federal Contract Tower,5,22,59,0,86,0,0,0,0,0,5,22,59,0,86,0,0,0,86
04/28/2023,JQF,NC,ASO,ES,Federal Contract Tower,12,26,47,0,85,0,49,45,0,94,12,75,92,0,179,22,0,22,201
04/29/2023,JQF,NC,ASO,ES,Federal Contract Tower,7,16,35,0,58,0,24,32,0,56,7,40,67,0,114,8,0,8,122
04/30/2023,JQF,NC,ASO,ES,Federal Contract Tower,8,23,38,0,69,0,12,18,0,30,8,35,56,0,99,24,0,24,123
05/01/2023,JQF,NC,ASO,ES,Federal Contract Tower,20,21,61,0,102,0,62,81,0,143,20,83,142,0,245,16,0,16,261
05/02/2023,JQF,NC,ASO,ES,Federal Contract Tower,4,12,44,0,60,0,54,62,0,116,4,66,106,0,176,50,0,50,226
05/03/2023,JQF,NC,ASO,ES,Federal Contract Tower,0,19,47,0,66,0,59,76,0,135,0,78,123,0,201,60,0,60,261
05/04/2023,JQF,NC,ASO,ES,Federal Contract Tower,9,25,51,0,85,0,113,166,0,279,9,138,217,0,364,74,0,74,438
05/05/2023,JQF,NC,ASO,ES,Federal Contract Tower,7,27,40,3,77,0,99,156,0,255,7,126,196,3,332,50,0,50,382
05/06/2023,JQF,NC,ASO,ES,Federal Contract Tower,11,15,33,0,59,0,78,88,0,166,11,93,121,0,225,58,0,58,283
05/07/2023,JQF,NC,ASO,ES,Federal Contract Tower,12,14,45,3,74,0,43,76,1,120,12,57,121,4,194,40,0,40,234
05/08/2023,JQF,NC,ASO,ES,Federal Contract Tower,6,24,44,0,74,0,66,88,2,156,6,90,132,2,230,30,0,30,260
05/09/2023,JQF,NC,ASO,ES,Federal Contract Tower,2,24,45,0,71,0,99,115,0,214,2,123,160,0,285,92,0,92,377
05/10/2023,JQF,NC,ASO,ES,Federal Contract Tower,0,20,63,0,83,0,73,132,2,207,0,93,195,2,290,74,0,74,364
05/11/2023,JQF,NC,ASO,ES,Federal Contract Tower,6,15,74,0,95,0,86,123,4,213,6,101,197,4,308,58,0,58,366
05/12/2023,JQF,NC,ASO,ES,Federal Contract Tower,6,27,42,0,75,0,79,75,0,154,6,106,117,0,229,52,0,52,281
05/13/2023,JQF,NC,ASO,ES,Federal Contract Tower,3,12,26,0,41,0,14,39,0,53,3,26,65,0,94,64,8,72,166
05/14/2023,JQF,NC,ASO,ES,Federal Contract Tower,6,8,43,0,57,0,49,34,0,83,6,57,77,0,140,6,0,6,146
05/15/2023,JQF,NC,ASO,ES,Federal Contract Tower,6,22,40,0,68,0,76,92,2,170,6,98,132,2,238,40,0,40,278
05/16/2023,JQF,NC,ASO,ES,Federal Contract Tower,3,27,42,0,72,0,67,67,1,135,3,94,109,1,207,28,0,28,235
05/17/2023,JQF,NC,ASO,ES,Federal Contract Tower,3,21,30,0,54,0,69,127,0,196,3,90,157,0,250,66,0,66,316
05/18/2023,JQF,NC,ASO,ES,Federal Contract Tower,6,28,51,0,85,0,52,69,2,123,6,80,120,2,208,100,0,100,308
05/19/2023,JQF,NC,ASO,ES,Federal Contract Tower,8,46,71,0,125,0,9,16,0,25,8,55,87,0,150,22,0,22,172
05/20/2023,JQF,NC,ASO,ES,Federal Contract Tower,1,7,43,0,51,0,16,42,0,58,1,23,85,0,109,88,0,88,197
05/21/2023,JQF,NC,ASO,ES,Federal Contract Tower,9,12,54,0,75,0,56,87,0,143,9,68,141,0,218,28,0,28,246
05/22/2023,JQF,NC,ASO,ES,Federal Contract Tower,8,18,32,0,58,0,71,128,8,207,8,89,160,8,265,42,0,42,307
05/23/2023,JQF,NC,ASO,ES,Federal Contract Tower,0,23,36,2,61,0,72,125,0,197,0,95,161,2,258,26,0,26,284
05/24/2023,JQF,NC,ASO,ES,Federal Contract Tower,0,18,55,1,74,0,98,169,3,270,0,116,224,4,344,42,0,42,386
05/25/2023,JQF,NC,ASO,ES,Federal Contract Tower,6,24,52,2,84,0,122,88,7,217,6,146,140,9,301,32,0,32,333
05/26/2023,JQF,NC,ASO,ES,Federal Contract Tower,9,15,51,1,76,0,79,59,3,141,9,94,110,4,217,20,0,20,237
05/27/2023,JQF,NC,ASO,ES,Federal Contract Tower,1,8,25,1,35,0,10,2,1,13,1,18,27,2,48,38,0,38,86
05/28/2023,JQF,NC,ASO,ES,Federal Contract Tower,8,5,22,3,38,0,0,0,0,0,8,5,22,3,38,0,0,0,38
05/29/2023,JQF,NC,ASO,ES,Federal Contract Tower,12,8,60,3,83,0,4,11,0,15,12,12,71,3,98,0,0,0,98
05/30/2023,JQF,NC,ASO,ES,Federal Contract Tower,6,18,43,1,68,0,59,41,1,101,6,77,84,2,169,32,0,32,201
05/31/2023,JQF,NC,ASO,ES,Federal Contract Tower,2,23,70,0,95,0,80,88,2,170,2,103,158,2,265,12,0,12,277
06/01/2023,JQF,NC,ASO,ES,Federal Contract Tower,7,25,37,0,69,0,130,116,0,246,7,155,153,0,315,4,0,4,319
06/02/2023,JQF,NC,ASO,ES,Federal Contract Tower,15,22,54,1,92,0,123,93,2,218,15,145,147,3,310,16,0,16,326
06/03/2023,JQF,NC,ASO,ES,Federal Contract Tower,0,13,27,1,41,0,76,98,0,174,0,89,125,1,215,28,0,28,243
06/04/2023,JQF,NC,ASO,ES,Federal Contract Tower,10,19,47,0,76,0,13,14,0,27,10,32,61,0,103,18,0,18,121
06/05/2023,JQF,NC,ASO,ES,Federal Contract Tower,8,34,47,0,89,0,70,55,2,127,8,104,102,2,216,86,0,86,302
06/06/2023,JQF,NC,ASO,ES,Federal Contract Tower,3,32,44,0,79,0,118,109,0,227,3,150,153,0,306,134,0,134,440
06/07/2023,JQF,NC,ASO,ES,Federal Contract Tower,1,14,46,0,61,0,102,72,0,174,1,116,118,0,235,38,0,38,273
06/08/2023,JQF,NC,ASO,ES,Federal Contract Tower,11,17,37,0,65,0,94,107,2,203,11,111,144,2,268,54,0,54,322
06/09/2023,JQF,NC,ASO,ES,Federal Contract Tower,13,19,38,0,70,0,102,138,0,240,13,121,176,0,310,68,0,68,378
06/10/2023,JQF,NC,ASO,ES,Federal Contract Tower,1,12,22,1,36,0,75,90,1,166,1,87,112,2,202,54,0,54,256
06/11/2023,JQF,NC,ASO,ES,Federal Contract Tower,7,14,40,0,61,0,29,39,4,72,7,43,79,4,133,78,0,78,211
06/12/2023,JQF,NC,ASO,ES,Federal Contract Tower,8,18,37,0,63,0,46,34,0,80,8,64,71,0,143,10,0,10,153
06/13/2023,JQF,NC,ASO,ES,Federal Contract Tower,0,25,31,0,56,0,138,98,0,236,0,163,129,0,292,38,0,38,330
06/14/2023,JQF,NC,ASO,ES,Federal Contract Tower,0,7,48,0,55,0,75,84,0,159,0,82,132,0,214,46,0,46,260
06/15/2023,JQF,NC,ASO,ES,Federal Contract Tower,6,17,49,0,72,0,80,116,4,200,6,97,165,4,272,16,0,16,288
06/16/2023,JQF,NC,ASO,ES,Federal Contract Tower,8,13,34,0,55,0,88,94,0,182,8,101,128,0,237,52,0,52,289
06/17/2023,JQF,NC,ASO,ES,Federal Contract Tower,1,8,21,0,30,0,53,109,0,162,1,61,130,0,192,62,0,62,254
06/18/2023,JQF,NC,ASO,ES,Federal Contract Tower,6,13,15,0,34,0,38,72,0,110,6,51,87,0,144,72,0,72,216
06/19/2023,JQF,NC,ASO,ES,Federal Contract Tower,8,14,34,0,56,0,5,2,0,7,8,19,36,0,63,10,0,10,73
06/20/2023,JQF,NC,ASO,ES,Federal Contract Tower,2,13,23,2,40,0,0,0,0,0,2,13,23,2,40,0,0,0,40
06/21/2023,JQF,NC,ASO,ES,Federal Contract Tower,0,15,38,0,53,0,0,1,0,1,0,15,39,0,54,0,0,0,54
06/22/2023,JQF,NC,ASO,ES,Federal Contract Tower,7,17,32,0,56,0,0,0,0,0,7,17,32,0,56,0,0,0,56
06/23/2023,JQF,NC,ASO,ES,Federal Contract Tower,20,22,39,0,81,0,19,29,0,48,20,41,68,0,129,14,0,14,143
06/24/2023,JQF,NC,ASO,ES,Federal Contract Tower,5,14,20,0,39,0,70,85,0,155,5,84,105,0,194,72,0,72,266
06/25/2023,JQF,NC,ASO,ES,Federal Contract Tower,7,8,25,0,40,0,58,86,0,144,7,66,111,0,184,72,0,72,256
06/26/2023,JQF,NC,ASO,ES,Federal Contract Tower,9,15,40,1,65,0,65,83,0,148,9,80,123,1,213,16,0,16,229
06/27/2023,JQF,NC,ASO,ES,Federal Contract Tower,1,24,29,3,57,0,133,151,3,287,1,157,180,6,344,60,0,60,404
06/28/2023,JQF,NC,ASO,ES,Federal Contract Tower,0,21,39,0,60,0,85,161,10,256,0,106,200,10,316,54,0,54,370
06/29/2023,JQF,NC,ASO,ES,Federal Contract Tower,6,17,53,0,76,0,77,64,0,141,6,94,117,0,217,18,0,18,235
06/30/2023,JQF,NC,ASO,ES,Federal Contract Tower,16,20,38,0,74,0,74,63,0,137,16,94,101,0,211,12,0,12,223
07/01/2023,JQF,NC,ASO,ES,Federal Contract Tower,4,18,21,0,43,0,65,63,0,128,4,83,84,0,171,44,0,44,215
07/02/2023,JQF,NC,ASO,ES,Federal Contract Tower,13,9,17,0,39,0,88,62,0,150,13,97,79,0,189,62,0,62,251
07/03/2023,JQF,NC,ASO,ES,Federal Contract Tower,8,16,13,0,37,0,54,71,0,125,8,70,84,0,162,48,0,48,210
07/04/2023,JQF,NC,ASO,ES,Federal Contract Tower,0,4,18,0,22,0,64,73,0,137,0,68,91,0,159,32,0,32,191
07/05/2023,JQF,NC,ASO,ES,Federal Contract Tower,2,19,28,0,49,0,97,81,0,178,2,116,109,0,227,36,0,36,263
07/06/2023,JQF,NC,ASO,ES,Federal Contract Tower,6,27,46,1,80,0,86,106,2,194,6,113,152,3,274,6,0,6,280
07/07/2023,JQF,NC,ASO,ES,Federal Contract Tower,9,15,37,0,61,0,126,124,1,251,9,141,161,1,312,6,0,6,318
07/08/2023,JQF,NC,ASO,ES,Federal Contract Tower,9,10,22,0,41,0,51,83,4,138,9,61,105,4,179,34,0,34,213
07/09/2023,JQF,NC,ASO,ES,Federal Contract Tower,10,13,36,0,59,0,59,53,1,113,10,72,89,1,172,82,0,82,254
07/10/2023,JQF,NC,ASO,ES,Federal Contract Tower,13,12,44,1,70,0,117,103,2,222,13,129,147,3,292,62,2,64,356
07/11/2023,JQF,NC,ASO,ES,Federal Contract Tower,0,17,34,0,51,0,94,112,1,207,0,111,146,1,258,50,0,50,308
07/12/2023,JQF,NC,ASO,ES,Federal Contract Tower,1,22,50,0,73,0,107,122,0,229,1,129,172,0,302,52,0,52,354
07/13/2023,JQF,NC,ASO,ES,Federal Contract Tower,6,15,39,0,60,0,84,107,1,192,6,99,146,1,252,10,0,10,262
07/14/2023,JQF,NC,ASO,ES,Federal Contract Tower,16,9,45,0,70,0,43,63,3,109,16,52,108,3,179,22,0,22,201
07/15/2023,JQF,NC,ASO,ES,Federal Contract Tower,5,11,32,0,48,0,6,18,0,24,5,17,50,0,72,0,0,0,72
07/16/2023,JQF,NC,ASO,ES,Federal Contract Tower,6,15,36,0,57,0,64,70,3,137,6,79,106,3,194,34,0,34,228
07/17/2023,JQF,NC,ASO,ES,Federal Contract Tower,17,26,39,2,84,0,58,62,4,124,17,84,101,6,208,22,0,22,230
07/18/2023,JQF,NC,ASO,ES,Federal Contract Tower,0,19,49,0,68,0,29,50,1,80,0,48,99,1,148,0,0,0,148
07/19/2023,JQF,NC,ASO,ES,Federal Contract Tower,0,18,37,0,55,0,62,104,0,166,0,80,141,0,221,4,0,4,225
07/20/2023,JQF,NC,ASO,ES,Federal Contract Tower,9,13,30,0,52,0,66,109,0,175,9,79,139,0,227,14,0,14,241
07/21/2023,JQF,NC,ASO,ES,Federal Contract Tower,18,17,30,0,65,0,89,96,0,185,18,106,126,0,250,0,0,0,250
07/22/2023,JQF,NC,ASO,ES,Federal Contract Tower,2,4,31,0,37,0,63,97,4,164,2,67,128,4,201,14,0,14,215
07/23/2023,JQF,NC,ASO,ES,Federal Contract Tower,9,9,52,0,70,0,44,55,2,101,9,53,107,2,171,10,0,10,181
07/24/2023,JQF,NC,ASO,ES,Federal Contract Tower,8,25,49,1,83,0,46,65,4,115,8,71,114,5,198,4,0,4,202
07/25/2023,JQF,NC,ASO,ES,Federal Contract Tower,3,16,25,0,44,0,69,97,6,172,3,85,122,6,216,2,0,2,218
07/26/2023,JQF,NC,ASO,ES,Federal Contract Tower,2,21,34,0,57,0,88,104,6,198,2,109,138,6,255,8,0,8,263
07/27/2023,JQF,NC,ASO,ES,Federal Contract Tower,7,16,39,4,66,0,116,88,10,214,7,132,127,14,280,4,0,4,284
07/28/2023,JQF,NC,ASO,ES,Federal Contract Tower,15,15,35,1,66,0,118,106,2,226,15,133,141,3,292,12,0,12,304
07/29/2023,JQF,NC,ASO,ES,Federal Contract Tower,3,8,21,0,32,0,67,91,1,159,3,75,112,1,191,0,0,0,191
07/30/2023,JQF,NC,ASO,ES,Federal Contract Tower,19,6,30,0,55,0,62,64,0,126,19,68,94,0,181,2,0,2,183
07/31/2023,JQF,NC,ASO,ES,Federal Contract Tower,9,17,33,1,60,0,96,96,0,192,9,113,129,1,252,38,0,38,290
08/01/2023,JQF,NC,ASO,ES,Federal Contract Tower,3,28,47,0,78,0,82,92,0,174,3,110,139,0,252,0,0,0,252
08/02/2023,JQF,NC,ASO,ES,Federal Contract Tower,0,19,38,0,57,0,80,88,0,168,0,99,126,0,225,4,0,4,229
08/03/2023,JQF,NC,ASO,ES,Federal Contract Tower,7,26,45,0,78,0,0,4,2,6,7,26,49,2,84,0,0,0,84
08/04/2023,JQF,NC,ASO,ES,Federal Contract Tower,13,29,42,3,87,0,53,41,0,94,13,82,83,3,181,22,0,22,203
08/05/2023,JQF,NC,ASO,ES,Federal Contract Tower,5,18,19,0,42,0,72,97,4,173,5,90,116,4,215,4,0,4,219
08/06/2023,JQF,NC,ASO,ES,Federal Contract Tower,12,10,29,0,51,0,37,52,0,89,12,47,81,0,140,0,0,0,140
08/07/2023,JQF,NC,ASO,ES,Federal Contract Tower,17,6,41,0,64,0,31,27,0,58,17,37,68,0,122,0,0,0,122
08/08/2023,JQF,NC,ASO,ES,Federal Contract Tower,0,14,42,1,57,0,102,90,1,193,0,116,132,2,250,8,0,8,258
08/09/2023,JQF,NC,ASO,ES,Federal Contract Tower,0,24,35,0,59,0,84,112,2,198,0,108,147,2,257,26,0,26,283
08/10/2023,JQF,NC,ASO,ES,Federal Contract Tower,9,20,27,0,56,0,65,36,2,103,9,85,63,2,159,0,0,0,159
08/11/2023,JQF,NC,ASO,ES,Federal Contract Tower,15,18,38,0,71,0,139,118,0,257,15,157,156,0,328,18,0,18,346
08/12/2023,JQF,NC,ASO,ES,Federal Contract Tower,2,12,17,0,31,0,55,63,1,119,2,67,80,1,150,14,0,14,164
08/13/2023,JQF,NC,ASO,ES,Federal Contract Tower,15,10,44,0,69,0,44,98,0,142,15,54,142,0,211,2,0,2,213
08/14/2023,JQF,NC,ASO,ES,Federal Contract Tower,9,13,34,0,56,0,80,105,4,189,9,93,139,4,245,14,0,14,259
08/15/2023,JQF,NC,ASO,ES,Federal Contract Tower,2,14,46,0,62,0,63,54,0,117,2,77,100,0,179,4,0,4,183
08/16/2023,JQF,NC,ASO,ES,Federal Contract Tower,0,16,26,2,44,0,106,138,7,251,0,122,164,9,295,14,0,14,309
08/17/2023,JQF,NC,ASO,ES,Federal Contract Tower,8,14,43,2,67,0,76,67,0,143,8,90,110,2,210,8,0,8,218
08/18/2023,JQF,NC,ASO,ES,Federal Contract Tower,16,9,39,1,65,0,101,96,3,200,16,110,135,4,265,2,0,2,267
08/19/2023,JQF,NC,ASO,ES,Federal Contract Tower,3,11,28,0,42,0,74,87,8,169,3,85,115,8,211,10,0,10,221
08/20/2023,JQF,NC,ASO,ES,Federal Contract Tower,16,7,38,0,61,0,74,99,0,173,16,81,137,0,234,36,0,36,270
08/21/2023,JQF,NC,ASO,ES,Federal Contract Tower,8,8,45,0,61,0,106,129,2,237,8,114,174,2,298,64,0,64,362
08/22/2023,JQF,NC,ASO,ES,Federal Contract Tower,0,19,45,0,64,0,104,100,2,206,0,123,145,2,270,30,0,30,300
08/23/2023,JQF,NC,ASO,ES,Federal Contract Tower,0,15,44,1,60,0,106,139,2,247,0,121,183,3,307,62,2,64,371
08/24/2023,JQF,NC,ASO,ES,Federal Contract Tower,9,12,45,2,68,0,51,62,0,113,9,63,107,2,181,34,2,36,217
08/25/2023,JQF,NC,ASO,ES,Federal Contract Tower,16,18,43,3,80,0,78,80,3,161,16,96,123,6,241,78,0,78,319
08/26/2023,JQF,NC,ASO,ES,Federal Contract Tower,4,10,27,0,41,0,70,78,5,153,4,80,105,5,194,80,0,80,274
08/27/2023,JQF,NC,ASO,ES,Federal Contract Tower,14,15,26,0,55,0,45,70,0,115,14,60,96,0,170,28,0,28,198
08/28/2023,JQF,NC,ASO,ES,Federal Contract Tower,9,32,41,0,82,0,20,7,0,27,9,52,48,0,109,0,0,0,109
08/29/2023,JQF,NC,ASO,ES,Federal Contract Tower,0,28,29,0,57,0,4,11,0,15,0,32,40,0,72,0,0,0,72
08/30/2023,JQF,NC,ASO,ES,Federal Contract Tower,0,15,23,0,38,0,0,0,0,0,0,15,23,0,38,0,0,0,38
08/31/2023,JQF,NC,ASO,ES,Federal Contract Tower,6,22,34,0,62,0,40,87,2,129,6,62,121,2,191,78,0,78,269
