07/01/2004,JRF,HI,AWP,WE,Federal Contract Tower,0,0,2,3,5,0,0,126,9,135,0,0,128,12,140,270,32,302,442
07/02/2004,JRF,HI,AWP,WE,Federal Contract Tower,0,0,0,1,1,0,0,79,10,89,0,0,79,11,90,154,18,172,262
07/03/2004,JRF,HI,AWP,WE,Federal Contract Tower,0,0,1,3,4,0,0,117,6,123,0,0,118,9,127,204,24,228,355
07/04/2004,JRF,HI,AWP,WE,Federal Contract Tower,0,0,0,0,0,0,0,51,6,57,0,0,51,6,57,62,6,68,125
07/05/2004,JRF,HI,AWP,WE,Federal Contract Tower,0,0,0,0,0,0,0,58,7,65,0,0,58,7,65,246,28,274,339
07/06/2004,JRF,HI,AWP,WE,Federal Contract Tower,0,0,2,2,4,0,0,124,7,131,0,0,126,9,135,278,32,310,445
07/07/2004,JRF,HI,AWP,WE,Federal Contract Tower,0,0,5,4,9,0,0,89,10,99,0,0,94,14,108,254,28,282,390
07/08/2004,JRF,HI,AWP,WE,Federal Contract Tower,0,0,2,1,3,0,0,120,19,139,0,0,122,20,142,349,40,389,531
07/09/2004,JRF,HI,AWP,WE,Federal Contract Tower,0,0,0,1,1,0,0,95,14,109,0,0,95,15,110,276,31,307,417
07/10/2004,JRF,HI,AWP,WE,Federal Contract Tower,0,0,2,1,3,0,10,99,9,118,0,10,101,10,121,318,38,356,477
07/11/2004,JRF,HI,AWP,WE,Federal Contract Tower,0,0,3,1,4,0,8,67,3,78,0,8,70,4,82,346,40,386,468
07/12/2004,JRF,HI,AWP,WE,Federal Contract Tower,0,2,3,3,8,0,28,103,16,147,0,30,106,19,155,410,46,456,611
07/13/2004,JRF,HI,AWP,WE,Federal Contract Tower,0,3,5,6,14,0,19,95,18,132,0,22,100,24,146,359,40,399,545
07/14/2004,JRF,HI,AWP,WE,Federal Contract Tower,0,0,3,1,4,0,0,147,21,168,0,0,150,22,172,278,31,309,481
07/15/2004,JRF,HI,AWP,WE,Federal Contract Tower,0,0,3,2,5,0,0,66,2,68,0,0,69,4,73,347,39,386,459
07/16/2004,JRF,HI,AWP,WE,Federal Contract Tower,0,0,0,2,2,0,0,140,1,141,0,0,140,3,143,292,28,320,463
07/17/2004,JRF,HI,AWP,WE,Federal Contract Tower,0,3,5,6,14,0,15,105,13,133,0,18,110,19,147,271,34,305,452
07/18/2004,JRF,HI,AWP,WE,Federal Contract Tower,0,0,3,3,6,0,0,65,7,72,0,0,68,10,78,177,20,197,275
07/19/2004,JRF,HI,AWP,WE,Federal Contract Tower,0,0,1,2,3,0,16,109,6,131,0,16,110,8,134,263,26,289,423
07/20/2004,JRF,HI,AWP,WE,Federal Contract Tower,0,0,2,2,4,0,0,84,10,94,0,0,86,12,98,155,20,175,273
07/21/2004,JRF,HI,AWP,WE,Federal Contract Tower,0,0,3,3,6,0,0,98,4,102,0,0,101,7,108,201,20,221,329
07/22/2004,JRF,HI,AWP,WE,Federal Contract Tower,0,0,4,6,10,0,0,111,31,142,0,0,115,37,152,449,60,509,661
07/23/2004,JRF,HI,AWP,WE,Federal Contract Tower,0,0,2,4,6,0,0,109,2,111,0,0,111,6,117,254,28,282,399
07/24/2004,JRF,HI,AWP,WE,Federal Contract Tower,0,0,2,2,4,0,0,108,9,117,0,0,110,11,121,189,20,209,330
07/25/2004,JRF,HI,AWP,WE,Federal Contract Tower,0,0,2,2,4,0,0,41,3,44,0,0,43,5,48,254,28,282,330
07/26/2004,JRF,HI,AWP,WE,Federal Contract Tower,0,0,2,3,5,0,3,61,8,72,0,3,63,11,77,345,38,383,460
07/27/2004,JRF,HI,AWP,WE,Federal Contract Tower,0,1,5,6,12,0,7,70,1,78,0,8,75,7,90,301,33,334,424
07/28/2004,JRF,HI,AWP,WE,Federal Contract Tower,0,1,3,5,9,0,9,97,33,139,0,10,100,38,148,348,50,398,546
07/29/2004,JRF,HI,AWP,WE,Federal Contract Tower,0,2,7,8,17,0,0,103,16,119,0,2,110,24,136,375,41,416,552
07/30/2004,JRF,HI,AWP,WE,Federal Contract Tower,0,0,6,6,12,0,0,80,22,102,0,0,86,28,114,279,31,310,424
07/31/2004,JRF,HI,AWP,WE,Federal Contract Tower,0,0,2,4,6,0,0,70,3,73,0,0,72,7,79,289,32,321,400
08/01/2004,JRF,HI,AWP,WE,Federal Contract Tower,0,0,0,1,1,0,0,67,0,67,0,0,67,1,68,207,50,257,325
08/02/2004,JRF,HI,AWP,WE,Federal Contract Tower,0,0,6,0,6,0,0,65,24,89,0,0,71,24,95,266,64,330,425
08/03/2004,JRF,HI,AWP,WE,Federal Contract Tower,1,0,6,8,15,2,3,25,7,37,3,3,31,15,52,327,58,385,437
08/04/2004,JRF,HI,AWP,WE,Federal Contract Tower,0,1,2,1,4,0,3,25,3,31,0,4,27,4,35,159,12,171,206
08/05/2004,JRF,HI,AWP,WE,Federal Contract Tower,0,0,2,1,3,1,0,60,7,68,1,0,62,8,71,159,22,181,252
08/06/2004,JRF,HI,AWP,WE,Federal Contract Tower,0,0,5,1,6,0,0,27,0,27,0,0,32,1,33,193,19,212,245
08/07/2004,JRF,HI,AWP,WE,Federal Contract Tower,0,1,1,2,4,3,2,50,6,61,3,3,51,8,65,192,26,218,283
08/08/2004,JRF,HI,AWP,WE,Federal Contract Tower,0,1,2,3,6,0,1,44,0,45,0,2,46,3,51,239,24,263,314
08/09/2004,JRF,HI,AWP,WE,Federal Contract Tower,0,1,3,5,9,0,3,25,6,34,0,4,28,11,43,292,39,331,374
08/10/2004,JRF,HI,AWP,WE,Federal Contract Tower,0,0,2,5,7,0,3,44,6,53,0,3,46,11,60,265,28,293,353
08/11/2004,JRF,HI,AWP,WE,Federal Contract Tower,0,0,3,6,9,3,3,65,2,73,3,3,68,8,82,312,30,342,424
08/12/2004,JRF,HI,AWP,WE,Federal Contract Tower,0,0,1,3,4,0,2,39,10,51,0,2,40,13,55,200,20,220,275
08/13/2004,JRF,HI,AWP,WE,Federal Contract Tower,0,0,2,5,7,1,0,62,0,63,1,0,64,5,70,358,8,366,436
08/14/2004,JRF,HI,AWP,WE,Federal Contract Tower,0,0,2,0,2,0,0,98,0,98,0,0,100,0,100,268,17,285,385
08/15/2004,JRF,HI,AWP,WE,Federal Contract Tower,0,0,0,0,0,0,0,70,3,73,0,0,70,3,73,272,53,325,398
08/16/2004,JRF,HI,AWP,WE,Federal Contract Tower,0,0,4,8,12,0,0,33,10,43,0,0,37,18,55,228,64,292,347
08/17/2004,JRF,HI,AWP,WE,Federal Contract Tower,0,0,3,5,8,3,3,32,5,43,3,3,35,10,51,398,40,438,489
08/18/2004,JRF,HI,AWP,WE,Federal Contract Tower,0,0,2,5,7,0,0,60,23,83,0,0,62,28,90,360,21,381,471
08/19/2004,JRF,HI,AWP,WE,Federal Contract Tower,0,0,3,6,9,2,0,83,11,96,2,0,86,17,105,441,76,517,622
08/20/2004,JRF,HI,AWP,WE,Federal Contract Tower,0,0,3,6,9,1,2,64,4,71,1,2,67,10,80,243,51,294,374
08/21/2004,JRF,HI,AWP,WE,Federal Contract Tower,0,0,1,2,3,6,0,43,0,49,6,0,44,2,52,286,13,299,351
08/22/2004,JRF,HI,AWP,WE,Federal Contract Tower,0,0,1,3,4,0,0,73,7,80,0,0,74,10,84,342,18,360,444
08/23/2004,JRF,HI,AWP,WE,Federal Contract Tower,0,0,0,2,2,4,2,29,7,42,4,2,29,9,44,195,9,204,248
08/24/2004,JRF,HI,AWP,WE,Federal Contract Tower,0,0,2,5,7,2,0,60,11,73,2,0,62,16,80,288,38,326,406
08/25/2004,JRF,HI,AWP,WE,Federal Contract Tower,0,0,4,5,9,2,0,48,0,50,2,0,52,5,59,196,68,264,323
08/26/2004,JRF,HI,AWP,WE,Federal Contract Tower,0,0,1,3,4,2,0,51,12,65,2,0,52,15,69,247,30,277,346
08/27/2004,JRF,HI,AWP,WE,Federal Contract Tower,0,0,3,6,9,1,2,66,16,85,1,2,69,22,94,304,4,308,402
08/28/2004,JRF,HI,AWP,WE,Federal Contract Tower,0,0,0,2,2,0,0,56,3,59,0,0,56,5,61,279,4,283,344
08/29/2004,JRF,HI,AWP,WE,Federal Contract Tower,0,0,0,3,3,0,0,43,11,54,0,0,43,14,57,272,24,296,353
08/30/2004,JRF,HI,AWP,WE,Federal Contract Tower,0,0,4,7,11,4,0,41,4,49,4,0,45,11,60,320,29,349,409
08/31/2004,JRF,HI,AWP,WE,Federal Contract Tower,0,0,2,5,7,1,0,52,8,61,1,0,54,13,68,279,12,291,359
09/01/2004,JRF,HI,AWP,WE,Federal Contract Tower,0,0,3,2,5,0,0,61,19,80,0,0,64,21,85,308,31,339,424
09/02/2004,JRF,HI,AWP,WE,Federal Contract Tower,0,0,4,4,8,0,0,59,11,70,0,0,63,15,78,219,65,284,362
09/03/2004,JRF,HI,AWP,WE,Federal Contract Tower,0,0,1,3,4,0,0,63,20,83,0,0,64,23,87,358,50,408,495
09/04/2004,JRF,HI,AWP,WE,Federal Contract Tower,0,0,0,0,0,0,0,41,5,46,0,0,41,5,46,262,8,270,316
09/05/2004,JRF,HI,AWP,WE,Federal Contract Tower,0,0,0,0,0,0,0,40,4,44,0,0,40,4,44,150,3,153,197
09/06/2004,JRF,HI,AWP,WE,Federal Contract Tower,1,0,2,1,4,0,0,42,5,47,1,0,44,6,51,171,4,175,226
09/07/2004,JRF,HI,AWP,WE,Federal Contract Tower,0,1,5,3,9,0,1,47,4,52,0,2,52,7,61,262,23,285,346
09/08/2004,JRF,HI,AWP,WE,Federal Contract Tower,0,0,6,3,9,0,2,33,9,44,0,2,39,12,53,214,19,233,286
09/09/2004,JRF,HI,AWP,WE,Federal Contract Tower,2,0,7,6,15,0,0,57,7,64,2,0,64,13,79,238,36,274,353
09/10/2004,JRF,HI,AWP,WE,Federal Contract Tower,0,0,2,1,3,2,0,58,7,67,2,0,60,8,70,390,13,403,473
09/11/2004,JRF,HI,AWP,WE,Federal Contract Tower,0,0,2,1,3,0,0,38,0,38,0,0,40,1,41,201,1,202,243
09/12/2004,JRF,HI,AWP,WE,Federal Contract Tower,0,0,1,0,1,0,0,37,5,42,0,0,38,5,43,241,8,249,292
09/13/2004,JRF,HI,AWP,WE,Federal Contract Tower,0,0,2,0,2,0,0,35,6,41,0,0,37,6,43,151,20,171,214
09/14/2004,JRF,HI,AWP,WE,Federal Contract Tower,0,0,5,3,8,0,4,63,13,80,0,4,68,16,88,257,25,282,370
09/15/2004,JRF,HI,AWP,WE,Federal Contract Tower,0,0,6,4,10,0,0,44,16,60,0,0,50,20,70,200,43,243,313
09/16/2004,JRF,HI,AWP,WE,Federal Contract Tower,0,0,0,0,0,0,0,40,12,52,0,0,40,12,52,213,47,260,312
09/17/2004,JRF,HI,AWP,WE,Federal Contract Tower,0,0,2,1,3,0,0,79,23,102,0,0,81,24,105,280,26,306,411
09/18/2004,JRF,HI,AWP,WE,Federal Contract Tower,0,0,3,1,4,0,0,68,7,75,0,0,71,8,79,202,18,220,299
09/19/2004,JRF,HI,AWP,WE,Federal Contract Tower,0,0,2,1,3,4,0,20,1,25,4,0,22,2,28,95,12,107,135
09/20/2004,JRF,HI,AWP,WE,Federal Contract Tower,0,0,0,0,0,1,0,74,8,83,1,0,74,8,83,257,18,275,358
09/21/2004,JRF,HI,AWP,WE,Federal Contract Tower,0,0,6,4,10,2,0,66,9,77,2,0,72,13,87,237,28,265,352
09/22/2004,JRF,HI,AWP,WE,Federal Contract Tower,0,0,3,1,4,0,0,66,9,75,0,0,69,10,79,316,21,337,416
09/23/2004,JRF,HI,AWP,WE,Federal Contract Tower,0,0,7,4,11,0,4,19,3,26,0,4,26,7,37,240,22,262,299
09/24/2004,JRF,HI,AWP,WE,Federal Contract Tower,0,0,4,3,7,0,0,30,5,35,0,0,34,8,42,328,34,362,404
09/25/2004,JRF,HI,AWP,WE,Federal Contract Tower,0,0,4,3,7,0,0,42,2,44,0,0,46,5,51,250,15,265,316
09/26/2004,JRF,HI,AWP,WE,Federal Contract Tower,0,0,3,1,4,2,0,23,7,32,2,0,26,8,36,101,9,110,146
09/27/2004,JRF,HI,AWP,WE,Federal Contract Tower,0,0,3,0,3,0,0,4,0,4,0,0,7,0,7,283,12,295,302
09/28/2004,JRF,HI,AWP,WE,Federal Contract Tower,2,0,6,4,12,0,0,2,0,2,2,0,8,4,14,290,45,335,349
09/29/2004,JRF,HI,AWP,WE,Federal Contract Tower,0,0,0,0,0,4,0,7,1,12,4,0,7,1,12,406,0,406,418
09/30/2004,JRF,HI,AWP,WE,Federal Contract Tower,0,0,8,2,10,0,4,41,0,45,0,4,49,2,55,205,7,212,267
10/01/2004,JRF,HI,AWP,WE,Federal Contract Tower,2,0,0,2,4,0,0,39,12,51,2,0,39,14,55,252,51,303,358
10/02/2004,JRF,HI,AWP,WE,Federal Contract Tower,0,0,6,1,7,4,0,24,2,30,4,0,30,3,37,241,39,280,317
10/03/2004,JRF,HI,AWP,WE,Federal Contract Tower,0,0,0,1,1,0,2,32,3,37,0,2,32,4,38,308,12,320,358
10/04/2004,JRF,HI,AWP,WE,Federal Contract Tower,1,0,0,5,6,0,0,28,1,29,1,0,28,6,35,281,59,340,375
10/05/2004,JRF,HI,AWP,WE,Federal Contract Tower,0,0,8,3,11,0,0,36,5,41,0,0,44,8,52,288,8,296,348
10/06/2004,JRF,HI,AWP,WE,Federal Contract Tower,0,0,2,10,12,4,0,50,3,57,4,0,52,13,69,285,38,323,392
10/07/2004,JRF,HI,AWP,WE,Federal Contract Tower,0,0,1,7,8,2,4,67,0,73,2,4,68,7,81,345,92,437,518
10/08/2004,JRF,HI,AWP,WE,Federal Contract Tower,0,0,1,6,7,0,0,69,12,81,0,0,70,18,88,376,82,458,546
10/09/2004,JRF,HI,AWP,WE,Federal Contract Tower,0,0,1,2,3,0,0,41,4,45,0,0,42,6,48,254,9,263,311
10/10/2004,JRF,HI,AWP,WE,Federal Contract Tower,0,0,0,1,1,0,1,24,4,29,0,1,24,5,30,81,6,87,117
10/11/2004,JRF,HI,AWP,WE,Federal Contract Tower,0,0,1,2,3,2,0,23,4,29,2,0,24,6,32,357,28,385,417
10/12/2004,JRF,HI,AWP,WE,Federal Contract Tower,2,0,4,2,8,0,2,90,6,98,2,2,94,8,106,390,31,421,527
10/13/2004,JRF,HI,AWP,WE,Federal Contract Tower,0,0,0,5,5,0,0,70,5,75,0,0,70,10,80,241,51,292,372
10/14/2004,JRF,HI,AWP,WE,Federal Contract Tower,0,0,7,9,16,0,0,47,11,58,0,0,54,20,74,267,20,287,361
10/15/2004,JRF,HI,AWP,WE,Federal Contract Tower,1,0,2,8,11,5,0,66,0,71,6,0,68,8,82,297,39,336,418
10/16/2004,JRF,HI,AWP,WE,Federal Contract Tower,0,0,2,3,5,0,0,42,0,42,0,0,44,3,47,325,7,332,379
10/17/2004,JRF,HI,AWP,WE,Federal Contract Tower,0,0,0,0,0,1,0,62,4,67,1,0,62,4,67,286,2,288,355
10/18/2004,JRF,HI,AWP,WE,Federal Contract Tower,0,2,3,1,6,0,2,59,6,67,0,4,62,7,73,326,14,340,413
10/19/2004,JRF,HI,AWP,WE,Federal Contract Tower,0,0,6,7,13,0,0,44,5,49,0,0,50,12,62,254,66,320,382
10/20/2004,JRF,HI,AWP,WE,Federal Contract Tower,0,0,3,4,7,0,0,49,4,53,0,0,52,8,60,293,21,314,374
10/21/2004,JRF,HI,AWP,WE,Federal Contract Tower,0,0,6,4,10,0,0,69,6,75,0,0,75,10,85,262,30,292,377
10/22/2004,JRF,HI,AWP,WE,Federal Contract Tower,0,0,2,3,5,1,0,100,6,107,1,0,102,9,112,180,44,224,336
10/23/2004,JRF,HI,AWP,WE,Federal Contract Tower,0,0,2,4,6,0,2,54,11,67,0,2,56,15,73,240,43,283,356
10/24/2004,JRF,HI,AWP,WE,Federal Contract Tower,0,0,0,0,0,0,0,37,10,47,0,0,37,10,47,175,10,185,232
10/25/2004,JRF,HI,AWP,WE,Federal Contract Tower,0,0,2,0,2,0,4,30,8,42,0,4,32,8,44,208,8,216,260
10/26/2004,JRF,HI,AWP,WE,Federal Contract Tower,0,0,9,7,16,0,0,57,9,66,0,0,66,16,82,212,150,362,444
10/27/2004,JRF,HI,AWP,WE,Federal Contract Tower,0,0,0,3,3,6,1,51,11,69,6,1,51,14,72,233,55,288,360
10/28/2004,JRF,HI,AWP,WE,Federal Contract Tower,4,0,7,3,14,0,0,58,6,64,4,0,65,9,78,240,4,244,322
10/29/2004,JRF,HI,AWP,WE,Federal Contract Tower,1,0,2,2,5,1,0,34,2,37,2,0,36,4,42,334,9,343,385
10/30/2004,JRF,HI,AWP,WE,Federal Contract Tower,0,0,0,0,0,2,0,44,5,51,2,0,44,5,51,205,10,215,266
10/31/2004,JRF,HI,AWP,WE,Federal Contract Tower,0,0,1,1,2,1,0,31,5,37,1,0,32,6,39,135,3,138,177
11/01/2004,JRF,HI,AWP,WE,Federal Contract Tower,3,0,3,5,11,3,0,53,27,83,6,0,56,32,94,230,101,331,425
11/02/2004,JRF,HI,AWP,WE,Federal Contract Tower,0,0,1,1,2,2,0,27,6,35,2,0,28,7,37,101,3,104,141
11/03/2004,JRF,HI,AWP,WE,Federal Contract Tower,4,0,3,6,13,0,0,551,12,563,4,0,554,18,576,226,105,331,907
11/04/2004,JRF,HI,AWP,WE,Federal Contract Tower,0,0,1,1,2,4,0,53,17,74,4,0,54,18,76,38,2,40,116
11/05/2004,JRF,HI,AWP,WE,Federal Contract Tower,0,0,0,3,3,0,1,1,3,5,0,1,1,6,8,0,10,10,18
11/06/2004,JRF,HI,AWP,WE,Federal Contract Tower,0,0,7,2,9,0,6,93,3,102,0,6,100,5,111,291,4,295,406
11/07/2004,JRF,HI,AWP,WE,Federal Contract Tower,0,0,11,4,15,0,0,40,0,40,0,0,51,4,55,266,24,290,345
11/08/2004,JRF,HI,AWP,WE,Federal Contract Tower,0,0,7,3,10,0,2,57,1,60,0,2,64,4,70,316,13,329,399
11/09/2004,JRF,HI,AWP,WE,Federal Contract Tower,0,0,3,4,7,0,0,65,32,97,0,0,68,36,104,242,53,295,399
11/11/2004,JRF,HI,AWP,WE,Federal Contract Tower,0,2,1,3,6,1,0,109,1,111,1,2,110,4,117,366,2,368,485
11/12/2004,JRF,HI,AWP,WE,Federal Contract Tower,0,0,4,5,9,0,2,53,11,66,0,2,57,16,75,301,25,326,401
11/13/2004,JRF,HI,AWP,WE,Federal Contract Tower,0,0,5,0,5,0,0,69,2,71,0,0,74,2,76,411,19,430,506
11/14/2004,JRF,HI,AWP,WE,Federal Contract Tower,4,0,0,0,4,0,0,22,16,38,4,0,22,16,42,109,29,138,180
11/15/2004,JRF,HI,AWP,WE,Federal Contract Tower,0,0,11,7,18,0,0,23,3,26,0,0,34,10,44,186,33,219,263
11/16/2004,JRF,HI,AWP,WE,Federal Contract Tower,0,0,10,8,18,0,0,64,18,82,0,0,74,26,100,281,96,377,477
11/17/2004,JRF,HI,AWP,WE,Federal Contract Tower,1,1,5,5,12,2,1,59,11,73,3,2,64,16,85,279,81,360,445
11/18/2004,JRF,HI,AWP,WE,Federal Contract Tower,0,0,9,2,11,1,0,70,6,77,1,0,79,8,88,310,22,332,420
11/19/2004,JRF,HI,AWP,WE,Federal Contract Tower,0,1,1,3,5,0,1,72,10,83,0,2,73,13,88,416,26,442,530
11/20/2004,JRF,HI,AWP,WE,Federal Contract Tower,1,0,3,2,6,0,0,54,2,56,1,0,57,4,62,362,17,379,441
11/21/2004,JRF,HI,AWP,WE,Federal Contract Tower,0,2,0,0,2,0,0,46,4,50,0,2,46,4,52,368,8,376,428
11/22/2004,JRF,HI,AWP,WE,Federal Contract Tower,0,2,1,2,5,0,0,2,0,2,0,2,3,2,7,283,38,321,328
11/23/2004,JRF,HI,AWP,WE,Federal Contract Tower,0,0,0,4,4,0,2,78,10,90,0,2,78,14,94,417,107,524,618
11/24/2004,JRF,HI,AWP,WE,Federal Contract Tower,0,0,2,6,8,6,0,98,8,112,6,0,100,14,120,376,46,422,542
11/25/2004,JRF,HI,AWP,WE,Federal Contract Tower,0,0,2,2,4,0,0,32,2,34,0,0,34,4,38,378,6,384,422
11/26/2004,JRF,HI,AWP,WE,Federal Contract Tower,0,0,3,2,5,0,0,31,38,69,0,0,34,40,74,378,6,384,458
11/27/2004,JRF,HI,AWP,WE,Federal Contract Tower,0,0,2,2,4,0,0,58,1,59,0,0,60,3,63,550,19,569,632
11/28/2004,JRF,HI,AWP,WE,Federal Contract Tower,0,0,5,0,5,0,0,5,0,5,0,0,10,0,10,148,15,163,173
11/29/2004,JRF,HI,AWP,WE,Federal Contract Tower,0,0,5,6,11,0,0,45,17,62,0,0,50,23,73,386,11,397,470
11/30/2004,JRF,HI,AWP,WE,Federal Contract Tower,0,4,6,2,12,0,0,45,14,59,0,4,51,16,71,316,72,388,459
12/01/2004,JRF,HI,AWP,WE,Federal Contract Tower,2,1,9,8,20,2,1,41,3,47,4,2,50,11,67,233,52,285,352
12/03/2004,JRF,HI,AWP,WE,Federal Contract Tower,0,0,0,0,0,0,0,19,6,25,0,0,19,6,25,220,33,253,278
12/04/2004,JRF,HI,AWP,WE,Federal Contract Tower,0,0,0,0,0,0,0,19,6,25,0,0,19,6,25,246,28,274,299
12/05/2004,JRF,HI,AWP,WE,Federal Contract Tower,0,0,4,3,7,0,1,10,0,11,0,1,14,3,18,194,21,215,233
12/06/2004,JRF,HI,AWP,WE,Federal Contract Tower,5,0,2,5,12,3,4,63,3,73,8,4,65,8,85,307,22,329,414
12/07/2004,JRF,HI,AWP,WE,Federal Contract Tower,0,0,1,4,5,0,2,62,12,76,0,2,63,16,81,159,28,187,268
12/08/2004,JRF,HI,AWP,WE,Federal Contract Tower,0,1,7,2,10,0,1,57,4,62,0,2,64,6,72,356,33,389,461
12/09/2004,JRF,HI,AWP,WE,Federal Contract Tower,0,0,3,10,13,0,0,59,25,84,0,0,62,35,97,204,109,313,410
12/10/2004,JRF,HI,AWP,WE,Federal Contract Tower,0,0,2,2,4,0,0,47,8,55,0,0,49,10,59,262,92,354,413
12/11/2004,JRF,HI,AWP,WE,Federal Contract Tower,0,0,0,0,0,2,2,56,5,65,2,2,56,5,65,601,45,646,711
12/12/2004,JRF,HI,AWP,WE,Federal Contract Tower,0,0,0,0,0,2,0,44,8,54,2,0,44,8,54,310,13,323,377
12/13/2004,JRF,HI,AWP,WE,Federal Contract Tower,0,0,0,0,0,6,4,114,9,133,6,4,114,9,133,350,15,365,498
12/14/2004,JRF,HI,AWP,WE,Federal Contract Tower,0,0,0,0,0,10,2,70,14,96,10,2,70,14,96,384,28,412,508
12/15/2004,JRF,HI,AWP,WE,Federal Contract Tower,0,0,3,3,6,0,0,59,11,70,0,0,62,14,76,364,63,427,503
12/16/2004,JRF,HI,AWP,WE,Federal Contract Tower,1,0,4,3,8,5,0,56,5,66,6,0,60,8,74,270,39,309,383
12/17/2004,JRF,HI,AWP,WE,Federal Contract Tower,0,0,0,0,0,0,0,68,2,70,0,0,68,2,70,552,22,574,644
12/18/2004,JRF,HI,AWP,WE,Federal Contract Tower,0,0,0,0,0,1,2,61,4,68,1,2,61,4,68,490,4,494,562
12/19/2004,JRF,HI,AWP,WE,Federal Contract Tower,0,0,1,0,1,2,0,61,5,68,2,0,62,5,69,324,13,337,406
12/20/2004,JRF,HI,AWP,WE,Federal Contract Tower,0,0,3,6,9,0,0,53,0,53,0,0,56,6,62,285,8,293,355
12/21/2004,JRF,HI,AWP,WE,Federal Contract Tower,0,0,3,2,5,2,0,42,13,57,2,0,45,15,62,208,18,226,288
12/22/2004,JRF,HI,AWP,WE,Federal Contract Tower,1,0,0,1,2,3,0,7,0,10,4,0,7,1,12,42,1,43,55
12/23/2004,JRF,HI,AWP,WE,Federal Contract Tower,0,0,3,2,5,2,0,48,3,53,2,0,51,5,58,250,10,260,318
12/24/2004,JRF,HI,AWP,WE,Federal Contract Tower,0,0,1,0,1,0,0,23,0,23,0,0,24,0,24,199,2,201,225
12/25/2004,JRF,HI,AWP,WE,Federal Contract Tower,0,0,1,0,1,0,0,21,0,21,0,0,22,0,22,48,0,48,70
12/26/2004,JRF,HI,AWP,WE,Federal Contract Tower,0,0,0,2,2,0,0,46,0,46,0,0,46,2,48,202,2,204,252
12/27/2004,JRF,HI,AWP,WE,Federal Contract Tower,0,0,2,0,2,0,0,6,0,6,0,0,8,0,8,49,1,50,58
12/28/2004,JRF,HI,AWP,WE,Federal Contract Tower,0,2,5,3,10,0,0,82,0,82,0,2,87,3,92,162,10,172,264
12/29/2004,JRF,HI,AWP,WE,Federal Contract Tower,0,0,2,3,5,0,0,61,19,80,0,0,63,22,85,357,69,426,511
12/30/2004,JRF,HI,AWP,WE,Federal Contract Tower,0,0,3,0,3,1,0,31,10,42,1,0,34,10,45,332,33,365,410
12/31/2004,JRF,HI,AWP,WE,Federal Contract Tower,0,0,1,0,1,0,0,24,0,24,0,0,25,0,25,108,2,110,135
01/01/2005,JRF,HI,AWP,WE,Federal Contract Tower,0,0,0,0,0,0,0,2,2,4,0,0,2,2,4,200,8,208,212
01/02/2005,JRF,HI,AWP,WE,Federal Contract Tower,0,0,0,0,0,0,0,60,5,65,0,0,60,5,65,200,48,248,313
01/03/2005,JRF,HI,AWP,WE,Federal Contract Tower,0,0,6,3,9,0,0,54,0,54,0,0,60,3,63,215,8,223,286
01/04/2005,JRF,HI,AWP,WE,Federal Contract Tower,0,0,3,2,5,0,0,53,4,57,0,0,56,6,62,314,40,354,416
01/05/2005,JRF,HI,AWP,WE,Federal Contract Tower,0,0,0,4,4,0,0,90,2,92,0,0,90,6,96,330,41,371,467
01/06/2005,JRF,HI,AWP,WE,Federal Contract Tower,0,0,1,0,1,0,0,33,10,43,0,0,34,10,44,205,65,270,314
01/07/2005,JRF,HI,AWP,WE,Federal Contract Tower,0,0,5,3,8,0,0,52,0,52,0,0,57,3,60,288,35,323,383
01/08/2005,JRF,HI,AWP,WE,Federal Contract Tower,0,0,0,2,2,2,0,53,18,73,2,0,53,20,75,289,35,324,399
01/09/2005,JRF,HI,AWP,WE,Federal Contract Tower,0,0,0,0,0,0,0,14,0,14,0,0,14,0,14,55,11,66,80
01/10/2005,JRF,HI,AWP,WE,Federal Contract Tower,0,0,0,2,2,0,0,60,21,81,0,0,60,23,83,242,67,309,392
01/11/2005,JRF,HI,AWP,WE,Federal Contract Tower,0,0,4,1,5,6,0,51,23,80,6,0,55,24,85,253,49,302,387
01/12/2005,JRF,HI,AWP,WE,Federal Contract Tower,0,0,0,2,2,0,0,44,6,50,0,0,44,8,52,192,24,216,268
01/13/2005,JRF,HI,AWP,WE,Federal Contract Tower,0,0,0,10,10,0,0,48,8,56,0,0,48,18,66,100,97,197,263
01/14/2005,JRF,HI,AWP,WE,Federal Contract Tower,0,0,1,0,1,0,0,52,8,60,0,0,53,8,61,187,74,261,322
01/15/2005,JRF,HI,AWP,WE,Federal Contract Tower,0,0,0,0,0,2,0,62,0,64,2,0,62,0,64,234,86,320,384
01/16/2005,JRF,HI,AWP,WE,Federal Contract Tower,0,0,0,0,0,0,0,60,19,79,0,0,60,19,79,257,48,305,384
01/17/2005,JRF,HI,AWP,WE,Federal Contract Tower,0,0,1,3,4,4,0,29,1,34,4,0,30,4,38,93,14,107,145
01/18/2005,JRF,HI,AWP,WE,Federal Contract Tower,0,0,0,6,6,10,0,60,0,70,10,0,60,6,76,327,44,371,447
01/19/2005,JRF,HI,AWP,WE,Federal Contract Tower,0,0,16,6,22,0,0,62,8,70,0,0,78,14,92,353,23,376,468
01/20/2005,JRF,HI,AWP,WE,Federal Contract Tower,2,0,9,4,15,2,0,80,0,82,4,0,89,4,97,362,42,404,501
01/21/2005,JRF,HI,AWP,WE,Federal Contract Tower,0,0,2,11,13,1,0,39,10,50,1,0,41,21,63,144,51,195,258
01/22/2005,JRF,HI,AWP,WE,Federal Contract Tower,0,0,0,3,3,1,0,0,0,1,1,0,0,3,4,409,21,430,434
01/23/2005,JRF,HI,AWP,WE,Federal Contract Tower,0,0,0,0,0,2,0,2,0,4,2,0,2,0,4,302,10,312,316
01/24/2005,JRF,HI,AWP,WE,Federal Contract Tower,0,0,0,5,5,6,0,64,5,75,6,0,64,10,80,412,63,475,555
01/25/2005,JRF,HI,AWP,WE,Federal Contract Tower,0,0,1,2,3,4,0,74,6,84,4,0,75,8,87,550,55,605,692
01/26/2005,JRF,HI,AWP,WE,Federal Contract Tower,1,0,1,10,12,4,0,65,3,72,5,0,66,13,84,337,50,387,471
01/27/2005,JRF,HI,AWP,WE,Federal Contract Tower,0,0,7,4,11,0,0,91,14,105,0,0,98,18,116,359,53,412,528
01/28/2005,JRF,HI,AWP,WE,Federal Contract Tower,0,0,0,2,2,0,0,52,4,56,0,0,52,6,58,323,9,332,390
01/29/2005,JRF,HI,AWP,WE,Federal Contract Tower,0,0,0,0,0,9,1,26,5,41,9,1,26,5,41,168,39,207,248
01/30/2005,JRF,HI,AWP,WE,Federal Contract Tower,1,0,2,0,3,6,0,40,0,46,7,0,42,0,49,348,30,378,427
01/31/2005,JRF,HI,AWP,WE,Federal Contract Tower,0,0,0,2,2,6,0,40,5,51,6,0,40,7,53,255,112,367,420
02/01/2005,JRF,HI,AWP,WE,Federal Contract Tower,1,0,0,6,7,9,0,32,16,57,10,0,32,22,64,256,96,352,416
02/02/2005,JRF,HI,AWP,WE,Federal Contract Tower,0,1,1,2,4,2,0,25,15,42,2,1,26,17,46,272,60,332,378
02/03/2005,JRF,HI,AWP,WE,Federal Contract Tower,0,0,2,8,10,0,0,58,5,63,0,0,60,13,73,195,22,217,290
02/04/2005,JRF,HI,AWP,WE,Federal Contract Tower,2,0,1,2,5,0,0,19,17,36,2,0,20,19,41,134,29,163,204
02/05/2005,JRF,HI,AWP,WE,Federal Contract Tower,0,1,3,2,6,0,1,67,0,68,0,2,70,2,74,298,60,358,432
02/06/2005,JRF,HI,AWP,WE,Federal Contract Tower,0,0,1,1,2,8,0,49,3,60,8,0,50,4,62,194,18,212,274
02/07/2005,JRF,HI,AWP,WE,Federal Contract Tower,0,0,6,5,11,0,0,0,0,0,0,0,6,5,11,288,85,373,384
02/08/2005,JRF,HI,AWP,WE,Federal Contract Tower,0,2,6,4,12,15,1,62,20,98,15,3,68,24,110,345,98,443,553
02/09/2005,JRF,HI,AWP,WE,Federal Contract Tower,0,0,0,2,2,1,0,75,13,89,1,0,75,15,91,337,15,352,443
02/10/2005,JRF,HI,AWP,WE,Federal Contract Tower,0,0,16,4,20,0,0,65,0,65,0,0,81,4,85,400,30,430,515
02/11/2005,JRF,HI,AWP,WE,Federal Contract Tower,0,0,10,5,15,1,0,44,6,51,1,0,54,11,66,250,30,280,346
02/12/2005,JRF,HI,AWP,WE,Federal Contract Tower,0,0,2,1,3,0,0,34,3,37,0,0,36,4,40,284,23,307,347
02/13/2005,JRF,HI,AWP,WE,Federal Contract Tower,0,0,4,2,6,12,0,40,15,67,12,0,44,17,73,224,23,247,320
02/14/2005,JRF,HI,AWP,WE,Federal Contract Tower,0,0,0,2,2,2,0,58,12,72,2,0,58,14,74,230,41,271,345
02/15/2005,JRF,HI,AWP,WE,Federal Contract Tower,0,1,6,5,12,16,3,34,3,56,16,4,40,8,68,252,92,344,412
02/16/2005,JRF,HI,AWP,WE,Federal Contract Tower,0,0,4,4,8,0,0,48,6,54,0,0,52,10,62,150,30,180,242
02/17/2005,JRF,HI,AWP,WE,Federal Contract Tower,0,0,3,3,6,0,0,55,11,66,0,0,58,14,72,252,35,287,359
02/18/2005,JRF,HI,AWP,WE,Federal Contract Tower,0,0,4,1,5,0,0,30,28,58,0,0,34,29,63,170,41,211,274
02/19/2005,JRF,HI,AWP,WE,Federal Contract Tower,1,2,1,4,8,9,2,52,1,64,10,4,53,5,72,492,55,547,619
02/20/2005,JRF,HI,AWP,WE,Federal Contract Tower,0,0,2,3,5,10,4,36,1,51,10,4,38,4,56,258,36,294,350
02/21/2005,JRF,HI,AWP,WE,Federal Contract Tower,0,0,0,1,1,0,0,46,3,49,0,0,46,4,50,254,2,256,306
02/22/2005,JRF,HI,AWP,WE,Federal Contract Tower,0,0,2,7,9,0,0,56,1,57,0,0,58,8,66,284,29,313,379
02/23/2005,JRF,HI,AWP,WE,Federal Contract Tower,0,0,0,3,3,0,2,68,16,86,0,2,68,19,89,302,41,343,432
02/24/2005,JRF,HI,AWP,WE,Federal Contract Tower,0,0,5,2,7,0,1,82,3,86,0,1,87,5,93,261,11,272,365
02/25/2005,JRF,HI,AWP,WE,Federal Contract Tower,0,1,4,2,7,0,0,50,4,54,0,1,54,6,61,277,39,316,377
02/26/2005,JRF,HI,AWP,WE,Federal Contract Tower,0,0,2,9,11,12,0,28,5,45,12,0,30,14,56,172,42,214,270
02/27/2005,JRF,HI,AWP,WE,Federal Contract Tower,1,0,5,3,9,14,0,40,2,56,15,0,45,5,65,243,27,270,335
02/28/2005,JRF,HI,AWP,WE,Federal Contract Tower,1,2,5,3,11,1,1,45,3,50,2,3,50,6,61,318,27,345,406
03/01/2005,JRF,HI,AWP,WE,Federal Contract Tower,0,0,4,2,6,0,4,61,15,80,0,4,65,17,86,390,101,491,577
03/02/2005,JRF,HI,AWP,WE,Federal Contract Tower,1,0,5,4,10,1,0,63,2,66,2,0,68,6,76,261,24,285,361
03/03/2005,JRF,HI,AWP,WE,Federal Contract Tower,4,0,2,2,8,2,0,81,7,90,6,0,83,9,98,377,64,441,539
03/04/2005,JRF,HI,AWP,WE,Federal Contract Tower,0,0,1,1,2,1,0,58,8,67,1,0,59,9,69,372,75,447,516
03/05/2005,JRF,HI,AWP,WE,Federal Contract Tower,0,0,3,2,5,0,0,50,2,52,0,0,53,4,57,346,5,351,408
03/06/2005,JRF,HI,AWP,WE,Federal Contract Tower,0,0,1,2,3,12,0,26,2,40,12,0,27,4,43,372,36,408,451
03/07/2005,JRF,HI,AWP,WE,Federal Contract Tower,0,0,1,2,3,0,0,63,15,78,0,0,64,17,81,500,37,537,618
03/08/2005,JRF,HI,AWP,WE,Federal Contract Tower,0,0,0,6,6,0,4,40,4,48,0,4,40,10,54,171,25,196,250
03/09/2005,JRF,HI,AWP,WE,Federal Contract Tower,0,0,6,3,9,0,1,60,7,68,0,1,66,10,77,385,35,420,497
03/10/2005,JRF,HI,AWP,WE,Federal Contract Tower,0,0,6,5,11,0,0,53,1,54,0,0,59,6,65,386,122,508,573
03/11/2005,JRF,HI,AWP,WE,Federal Contract Tower,0,0,0,2,2,0,0,46,10,56,0,0,46,12,58,187,12,199,257
03/12/2005,JRF,HI,AWP,WE,Federal Contract Tower,0,0,5,0,5,0,0,11,0,11,0,0,16,0,16,100,0,100,116
03/13/2005,JRF,HI,AWP,WE,Federal Contract Tower,0,0,0,2,2,14,0,28,0,42,14,0,28,2,44,223,5,228,272
03/14/2005,JRF,HI,AWP,WE,Federal Contract Tower,2,0,0,8,10,10,0,28,0,38,12,0,28,8,48,95,170,265,313
03/15/2005,JRF,HI,AWP,WE,Federal Contract Tower,0,0,0,4,4,0,2,16,0,18,0,2,16,4,22,64,32,96,118
03/16/2005,JRF,HI,AWP,WE,Federal Contract Tower,0,0,0,4,4,0,0,73,1,74,0,0,73,5,78,258,35,293,371
03/17/2005,JRF,HI,AWP,WE,Federal Contract Tower,0,0,1,6,7,0,0,66,3,69,0,0,67,9,76,438,6,444,520
03/18/2005,JRF,HI,AWP,WE,Federal Contract Tower,0,0,3,2,5,2,0,59,10,71,2,0,62,12,76,417,13,430,506
03/19/2005,JRF,HI,AWP,WE,Federal Contract Tower,0,0,1,0,1,4,0,50,6,60,4,0,51,6,61,381,16,397,458
03/20/2005,JRF,HI,AWP,WE,Federal Contract Tower,0,0,3,3,6,12,0,41,1,54,12,0,44,4,60,476,5,481,541
03/21/2005,JRF,HI,AWP,WE,Federal Contract Tower,0,0,1,4,5,0,0,53,18,71,0,0,54,22,76,522,65,587,663
03/22/2005,JRF,HI,AWP,WE,Federal Contract Tower,0,0,5,2,7,3,0,63,2,68,3,0,68,4,75,367,26,393,468
03/23/2005,JRF,HI,AWP,WE,Federal Contract Tower,0,0,3,10,13,2,0,76,2,80,2,0,79,12,93,387,73,460,553
03/24/2005,JRF,HI,AWP,WE,Federal Contract Tower,0,0,15,1,16,0,0,53,12,65,0,0,68,13,81,391,14,405,486
03/25/2005,JRF,HI,AWP,WE,Federal Contract Tower,0,0,4,0,4,2,0,49,0,51,2,0,53,0,55,192,1,193,248
03/26/2005,JRF,HI,AWP,WE,Federal Contract Tower,0,0,1,0,1,12,0,47,15,74,12,0,48,15,75,229,24,253,328
03/27/2005,JRF,HI,AWP,WE,Federal Contract Tower,0,0,0,0,0,0,0,1,0,1,0,0,1,0,1,108,28,136,137
03/28/2005,JRF,HI,AWP,WE,Federal Contract Tower,0,1,0,2,3,0,0,0,0,0,0,1,0,2,3,292,19,311,314
03/29/2005,JRF,HI,AWP,WE,Federal Contract Tower,0,0,4,8,12,6,0,40,0,46,6,0,44,8,58,402,75,477,535
03/30/2005,JRF,HI,AWP,WE,Federal Contract Tower,0,0,5,2,7,0,2,61,5,68,0,2,66,7,75,374,12,386,461
03/31/2005,JRF,HI,AWP,WE,Federal Contract Tower,0,0,1,4,5,1,2,44,3,50,1,2,45,7,55,276,29,305,360
04/01/2005,JRF,HI,AWP,WE,Federal Contract Tower,0,0,0,3,3,0,0,30,1,31,0,0,30,4,34,93,22,115,149
04/02/2005,JRF,HI,AWP,WE,Federal Contract Tower,0,0,0,1,1,6,0,36,7,49,6,0,36,8,50,287,41,328,378
04/03/2005,JRF,HI,AWP,WE,Federal Contract Tower,4,0,1,0,5,10,0,25,8,43,14,0,26,8,48,197,6,203,251
04/04/2005,JRF,HI,AWP,WE,Federal Contract Tower,0,0,8,3,11,2,0,106,9,117,2,0,114,12,128,462,29,491,619
04/05/2005,JRF,HI,AWP,WE,Federal Contract Tower,0,0,2,5,7,10,0,83,0,93,10,0,85,5,100,476,12,488,588
04/06/2005,JRF,HI,AWP,WE,Federal Contract Tower,0,0,2,4,6,0,2,63,5,70,0,2,65,9,76,208,24,232,308
04/07/2005,JRF,HI,AWP,WE,Federal Contract Tower,0,0,3,6,9,0,0,60,10,70,0,0,63,16,79,300,60,360,439
04/08/2005,JRF,HI,AWP,WE,Federal Contract Tower,0,0,1,2,3,0,0,58,2,60,0,0,59,4,63,486,18,504,567
04/09/2005,JRF,HI,AWP,WE,Federal Contract Tower,0,1,2,1,4,0,1,48,1,50,0,2,50,2,54,382,16,398,452
04/10/2005,JRF,HI,AWP,WE,Federal Contract Tower,0,0,0,0,0,0,2,50,2,54,0,2,50,2,54,341,37,378,432
04/11/2005,JRF,HI,AWP,WE,Federal Contract Tower,0,0,11,5,16,12,0,34,4,50,12,0,45,9,66,396,38,434,500
04/12/2005,JRF,HI,AWP,WE,Federal Contract Tower,2,0,3,7,12,4,0,41,7,52,6,0,44,14,64,365,189,554,618
04/13/2005,JRF,HI,AWP,WE,Federal Contract Tower,2,0,3,7,12,0,2,69,10,81,2,2,72,17,93,322,85,407,500
04/14/2005,JRF,HI,AWP,WE,Federal Contract Tower,0,0,0,2,2,0,1,38,0,39,0,1,38,2,41,290,67,357,398
04/15/2005,JRF,HI,AWP,WE,Federal Contract Tower,0,0,1,1,2,0,2,47,0,49,0,2,48,1,51,380,8,388,439
04/16/2005,JRF,HI,AWP,WE,Federal Contract Tower,0,0,3,0,3,12,0,42,7,61,12,0,45,7,64,426,19,445,509
04/17/2005,JRF,HI,AWP,WE,Federal Contract Tower,0,0,1,2,3,16,2,63,0,81,16,2,64,2,84,458,10,468,552
04/18/2005,JRF,HI,AWP,WE,Federal Contract Tower,0,0,2,8,10,2,8,36,6,52,2,8,38,14,62,308,48,356,418
04/19/2005,JRF,HI,AWP,WE,Federal Contract Tower,0,0,2,12,14,10,4,62,7,83,10,4,64,19,97,633,92,725,822
04/20/2005,JRF,HI,AWP,WE,Federal Contract Tower,0,0,1,4,5,10,1,56,14,81,10,1,57,18,86,402,37,439,525
04/21/2005,JRF,HI,AWP,WE,Federal Contract Tower,0,0,2,7,9,10,0,74,0,84,10,0,76,7,93,501,43,544,637
04/22/2005,JRF,HI,AWP,WE,Federal Contract Tower,0,0,4,2,6,0,0,57,0,57,0,0,61,2,63,377,24,401,464
04/23/2005,JRF,HI,AWP,WE,Federal Contract Tower,0,0,1,4,5,14,2,53,0,69,14,2,54,4,74,332,11,343,417
04/24/2005,JRF,HI,AWP,WE,Federal Contract Tower,0,0,2,2,4,12,2,32,0,46,12,2,34,2,50,300,8,308,358
04/25/2005,JRF,HI,AWP,WE,Federal Contract Tower,0,0,2,2,4,0,2,30,14,46,0,2,32,16,50,323,18,341,391
04/26/2005,JRF,HI,AWP,WE,Federal Contract Tower,0,0,7,5,12,8,0,68,19,95,8,0,75,24,107,454,35,489,596
04/27/2005,JRF,HI,AWP,WE,Federal Contract Tower,0,0,0,5,5,0,2,52,10,64,0,2,52,15,69,422,181,603,672
04/28/2005,JRF,HI,AWP,WE,Federal Contract Tower,0,0,10,3,13,0,0,47,0,47,0,0,57,3,60,417,85,502,562
04/29/2005,JRF,HI,AWP,WE,Federal Contract Tower,0,0,48,10,58,0,0,0,0,0,0,0,48,10,58,11,507,518,576
04/30/2005,JRF,HI,AWP,WE,Federal Contract Tower,0,0,5,0,5,0,0,100,10,110,0,0,105,10,115,595,25,620,735
05/01/2005,JRF,HI,AWP,WE,Federal Contract Tower,0,0,2,1,3,15,0,48,4,67,15,0,50,5,70,434,50,484,554
05/02/2005,JRF,HI,AWP,WE,Federal Contract Tower,0,0,5,4,9,12,0,35,14,61,12,0,40,18,70,337,56,393,463
05/03/2005,JRF,HI,AWP,WE,Federal Contract Tower,0,0,2,4,6,17,13,87,5,122,17,13,89,9,128,561,57,618,746
05/04/2005,JRF,HI,AWP,WE,Federal Contract Tower,0,0,1,8,9,0,0,61,0,61,0,0,62,8,70,527,44,571,641
05/05/2005,JRF,HI,AWP,WE,Federal Contract Tower,0,0,1,5,6,0,0,75,9,84,0,0,76,14,90,579,45,624,714
05/06/2005,JRF,HI,AWP,WE,Federal Contract Tower,0,0,0,0,0,2,0,39,6,47,2,0,39,6,47,370,20,390,437
05/07/2005,JRF,HI,AWP,WE,Federal Contract Tower,0,0,2,2,4,0,0,54,2,56,0,0,56,4,60,469,6,475,535
05/08/2005,JRF,HI,AWP,WE,Federal Contract Tower,0,0,0,2,2,1,14,34,0,49,1,14,34,2,51,345,2,347,398
05/09/2005,JRF,HI,AWP,WE,Federal Contract Tower,0,0,3,4,7,1,0,48,10,59,1,0,51,14,66,402,43,445,511
05/10/2005,JRF,HI,AWP,WE,Federal Contract Tower,0,0,1,7,8,0,0,63,11,74,0,0,64,18,82,271,78,349,431
05/11/2005,JRF,HI,AWP,WE,Federal Contract Tower,0,0,2,3,5,0,0,96,28,124,0,0,98,31,129,319,24,343,472
05/12/2005,JRF,HI,AWP,WE,Federal Contract Tower,0,0,2,3,5,0,0,24,11,35,0,0,26,14,40,341,157,498,538
05/13/2005,JRF,HI,AWP,WE,Federal Contract Tower,0,0,3,2,5,0,0,41,5,46,0,0,44,7,51,364,30,394,445
05/14/2005,JRF,HI,AWP,WE,Federal Contract Tower,0,0,1,1,2,0,0,42,4,46,0,0,43,5,48,327,12,339,387
05/15/2005,JRF,HI,AWP,WE,Federal Contract Tower,2,0,0,3,5,0,11,13,8,32,2,11,13,11,37,143,37,180,217
05/16/2005,JRF,HI,AWP,WE,Federal Contract Tower,0,0,0,4,4,0,0,35,7,42,0,0,35,11,46,311,11,322,368
05/17/2005,JRF,HI,AWP,WE,Federal Contract Tower,0,0,0,2,2,0,0,51,12,63,0,0,51,14,65,358,63,421,486
05/18/2005,JRF,HI,AWP,WE,Federal Contract Tower,0,0,7,12,19,4,0,54,5,63,4,0,61,17,82,270,41,311,393
05/19/2005,JRF,HI,AWP,WE,Federal Contract Tower,0,0,2,0,2,0,0,61,10,71,0,0,63,10,73,220,69,289,362
05/20/2005,JRF,HI,AWP,WE,Federal Contract Tower,0,0,3,2,5,2,0,54,0,56,2,0,57,2,61,418,14,432,493
05/21/2005,JRF,HI,AWP,WE,Federal Contract Tower,0,0,2,1,3,0,1,67,4,72,0,1,69,5,75,499,26,525,600
05/22/2005,JRF,HI,AWP,WE,Federal Contract Tower,0,0,1,1,2,12,0,35,0,47,12,0,36,1,49,375,12,387,436
05/23/2005,JRF,HI,AWP,WE,Federal Contract Tower,0,0,4,4,8,12,1,45,0,58,12,1,49,4,66,457,76,533,599
05/24/2005,JRF,HI,AWP,WE,Federal Contract Tower,0,1,3,1,5,0,5,79,27,111,0,6,82,28,116,445,50,495,611
05/25/2005,JRF,HI,AWP,WE,Federal Contract Tower,0,0,3,4,7,0,0,80,20,100,0,0,83,24,107,400,42,442,549
05/26/2005,JRF,HI,AWP,WE,Federal Contract Tower,0,0,1,5,6,0,0,78,17,95,0,0,79,22,101,335,62,397,498
05/27/2005,JRF,HI,AWP,WE,Federal Contract Tower,0,0,4,0,4,0,0,68,4,72,0,0,72,4,76,425,6,431,507
05/28/2005,JRF,HI,AWP,WE,Federal Contract Tower,1,0,0,0,1,5,0,71,0,76,6,0,71,0,77,648,9,657,734
05/29/2005,JRF,HI,AWP,WE,Federal Contract Tower,1,0,0,2,3,11,0,8,0,19,12,0,8,2,22,174,16,190,212
05/30/2005,JRF,HI,AWP,WE,Federal Contract Tower,0,0,5,1,6,0,0,26,0,26,0,0,31,1,32,298,3,301,333
05/31/2005,JRF,HI,AWP,WE,Federal Contract Tower,1,4,1,3,9,7,0,60,8,75,8,4,61,11,84,313,32,345,429
06/01/2005,JRF,HI,AWP,WE,Federal Contract Tower,0,0,2,6,8,0,0,37,10,47,0,0,39,16,55,363,67,430,485
06/02/2005,JRF,HI,AWP,WE,Federal Contract Tower,0,0,2,1,3,0,0,41,4,45,0,0,43,5,48,456,76,532,580
06/03/2005,JRF,HI,AWP,WE,Federal Contract Tower,0,0,0,0,0,0,0,32,0,32,0,0,32,0,32,343,14,357,389
06/04/2005,JRF,HI,AWP,WE,Federal Contract Tower,0,0,0,1,1,0,2,32,2,36,0,2,32,3,37,487,34,521,558
06/05/2005,JRF,HI,AWP,WE,Federal Contract Tower,0,0,0,4,4,0,12,47,6,65,0,12,47,10,69,176,30,206,275
06/06/2005,JRF,HI,AWP,WE,Federal Contract Tower,0,0,10,5,15,13,0,16,7,36,13,0,26,12,51,387,108,495,546
06/07/2005,JRF,HI,AWP,WE,Federal Contract Tower,0,0,5,2,7,2,2,46,15,65,2,2,51,17,72,325,74,399,471
06/08/2005,JRF,HI,AWP,WE,Federal Contract Tower,0,2,2,4,8,2,0,45,0,47,2,2,47,4,55,336,101,437,492
06/09/2005,JRF,HI,AWP,WE,Federal Contract Tower,0,0,7,2,9,2,2,45,15,64,2,2,52,17,73,431,88,519,592
06/10/2005,JRF,HI,AWP,WE,Federal Contract Tower,0,0,3,1,4,0,0,46,3,49,0,0,49,4,53,398,78,476,529
06/11/2005,JRF,HI,AWP,WE,Federal Contract Tower,1,0,3,0,4,1,0,50,0,51,2,0,53,0,55,461,4,465,520
06/12/2005,JRF,HI,AWP,WE,Federal Contract Tower,1,0,3,1,5,11,2,37,2,52,12,2,40,3,57,263,5,268,325
06/13/2005,JRF,HI,AWP,WE,Federal Contract Tower,0,2,5,1,8,10,0,35,7,52,10,2,40,8,60,369,21,390,450
06/14/2005,JRF,HI,AWP,WE,Federal Contract Tower,0,0,4,7,11,1,2,54,27,84,1,2,58,34,95,479,42,521,616
06/15/2005,JRF,HI,AWP,WE,Federal Contract Tower,0,0,4,5,9,12,0,64,13,89,12,0,68,18,98,374,52,426,524
06/16/2005,JRF,HI,AWP,WE,Federal Contract Tower,0,0,2,4,6,6,1,63,9,79,6,1,65,13,85,371,21,392,477
06/17/2005,JRF,HI,AWP,WE,Federal Contract Tower,0,0,2,2,4,2,0,41,0,43,2,0,43,2,47,354,22,376,423
06/18/2005,JRF,HI,AWP,WE,Federal Contract Tower,0,1,3,1,5,0,0,92,0,92,0,1,95,1,97,394,14,408,505
06/19/2005,JRF,HI,AWP,WE,Federal Contract Tower,0,0,2,2,4,13,0,43,5,61,13,0,45,7,65,203,23,226,291
06/20/2005,JRF,HI,AWP,WE,Federal Contract Tower,0,0,3,2,5,0,12,42,20,74,0,12,45,22,79,454,101,555,634
06/21/2005,JRF,HI,AWP,WE,Federal Contract Tower,0,0,1,2,3,0,2,31,13,46,0,2,32,15,49,307,32,339,388
06/22/2005,JRF,HI,AWP,WE,Federal Contract Tower,0,0,0,1,1,2,0,65,21,88,2,0,65,22,89,411,52,463,552
06/23/2005,JRF,HI,AWP,WE,Federal Contract Tower,0,0,0,2,2,0,0,40,15,55,0,0,40,17,57,357,55,412,469
06/24/2005,JRF,HI,AWP,WE,Federal Contract Tower,1,0,7,3,11,6,2,51,4,63,7,2,58,7,74,436,13,449,523
06/25/2005,JRF,HI,AWP,WE,Federal Contract Tower,0,0,1,0,1,0,0,50,0,50,0,0,51,0,51,423,40,463,514
06/26/2005,JRF,HI,AWP,WE,Federal Contract Tower,0,0,0,0,0,16,0,64,3,83,16,0,64,3,83,454,43,497,580
06/27/2005,JRF,HI,AWP,WE,Federal Contract Tower,0,0,1,7,8,14,4,37,3,58,14,4,38,10,66,441,143,584,650
06/28/2005,JRF,HI,AWP,WE,Federal Contract Tower,0,0,1,7,8,14,0,47,32,93,14,0,48,39,101,437,116,553,654
06/29/2005,JRF,HI,AWP,WE,Federal Contract Tower,0,0,0,0,0,0,0,104,19,123,0,0,104,19,123,528,22,550,673
06/30/2005,JRF,HI,AWP,WE,Federal Contract Tower,0,0,3,4,7,0,0,42,4,46,0,0,45,8,53,286,67,353,406
07/01/2005,JRF,HI,AWP,WE,Federal Contract Tower,0,0,1,2,3,0,2,54,0,56,0,2,55,2,59,446,79,525,584
07/02/2005,JRF,HI,AWP,WE,Federal Contract Tower,0,0,3,0,3,0,2,108,8,118,0,2,111,8,121,487,49,536,657
07/03/2005,JRF,HI,AWP,WE,Federal Contract Tower,0,0,2,0,2,16,0,48,0,64,16,0,50,0,66,342,4,346,412
07/04/2005,JRF,HI,AWP,WE,Federal Contract Tower,0,0,3,1,4,12,6,31,5,54,12,6,34,6,58,324,70,394,452
07/05/2005,JRF,HI,AWP,WE,Federal Contract Tower,0,2,4,5,11,12,0,42,42,96,12,2,46,47,107,332,90,422,529
07/06/2005,JRF,HI,AWP,WE,Federal Contract Tower,0,0,2,1,3,1,0,116,71,188,1,0,118,72,191,471,136,607,798
07/07/2005,JRF,HI,AWP,WE,Federal Contract Tower,0,1,1,6,8,4,3,89,46,142,4,4,90,52,150,389,111,500,650
07/08/2005,JRF,HI,AWP,WE,Federal Contract Tower,2,0,2,2,6,4,0,29,9,42,6,0,31,11,48,189,54,243,291
07/09/2005,JRF,HI,AWP,WE,Federal Contract Tower,1,0,0,1,2,11,0,39,0,50,12,0,39,1,52,318,31,349,401
07/10/2005,JRF,HI,AWP,WE,Federal Contract Tower,0,0,1,5,6,13,2,32,0,47,13,2,33,5,53,232,58,290,343
07/11/2005,JRF,HI,AWP,WE,Federal Contract Tower,1,0,4,3,8,5,6,42,2,55,6,6,46,5,63,297,52,349,412
07/12/2005,JRF,HI,AWP,WE,Federal Contract Tower,0,0,6,6,12,0,0,43,35,78,0,0,49,41,90,311,139,450,540
07/13/2005,JRF,HI,AWP,WE,Federal Contract Tower,0,0,1,8,9,12,4,49,18,83,12,4,50,26,92,348,99,447,539
07/14/2005,JRF,HI,AWP,WE,Federal Contract Tower,0,0,1,2,3,0,4,58,23,85,0,4,59,25,88,345,37,382,470
07/15/2005,JRF,HI,AWP,WE,Federal Contract Tower,0,0,4,1,5,0,0,63,3,66,0,0,67,4,71,305,23,328,399
07/16/2005,JRF,HI,AWP,WE,Federal Contract Tower,0,0,0,0,0,0,0,33,0,33,0,0,33,0,33,513,17,530,563
07/17/2005,JRF,HI,AWP,WE,Federal Contract Tower,0,0,2,1,3,12,0,32,6,50,12,0,34,7,53,302,23,325,378
07/18/2005,JRF,HI,AWP,WE,Federal Contract Tower,0,0,6,7,13,14,0,38,25,77,14,0,44,32,90,462,61,523,613
07/19/2005,JRF,HI,AWP,WE,Federal Contract Tower,0,0,5,5,10,0,0,51,34,85,0,0,56,39,95,253,27,280,375
07/20/2005,JRF,HI,AWP,WE,Federal Contract Tower,0,0,1,6,7,0,0,49,20,69,0,0,50,26,76,280,100,380,456
07/21/2005,JRF,HI,AWP,WE,Federal Contract Tower,0,0,0,6,6,2,0,30,10,42,2,0,30,16,48,271,49,320,368
07/22/2005,JRF,HI,AWP,WE,Federal Contract Tower,0,0,0,1,1,2,0,36,11,49,2,0,36,12,50,346,21,367,417
07/23/2005,JRF,HI,AWP,WE,Federal Contract Tower,0,0,0,0,0,0,0,32,0,32,0,0,32,0,32,302,5,307,339
07/24/2005,JRF,HI,AWP,WE,Federal Contract Tower,0,0,0,0,0,14,0,32,0,46,14,0,32,0,46,284,6,290,336
07/25/2005,JRF,HI,AWP,WE,Federal Contract Tower,0,0,2,4,6,10,2,56,17,85,10,2,58,21,91,244,59,303,394
07/26/2005,JRF,HI,AWP,WE,Federal Contract Tower,0,0,1,2,3,0,0,61,21,82,0,0,62,23,85,324,31,355,440
07/27/2005,JRF,HI,AWP,WE,Federal Contract Tower,0,0,3,2,5,4,0,37,15,56,4,0,40,17,61,269,103,372,433
07/28/2005,JRF,HI,AWP,WE,Federal Contract Tower,0,0,4,7,11,3,4,21,1,29,3,4,25,8,40,227,50,277,317
07/29/2005,JRF,HI,AWP,WE,Federal Contract Tower,0,0,3,2,5,0,0,51,6,57,0,0,54,8,62,409,47,456,518
07/30/2005,JRF,HI,AWP,WE,Federal Contract Tower,0,0,3,1,4,0,2,41,0,43,0,2,44,1,47,304,21,325,372
07/31/2005,JRF,HI,AWP,WE,Federal Contract Tower,0,4,3,0,7,12,0,19,0,31,12,4,22,0,38,228,2,230,268
08/01/2005,JRF,HI,AWP,WE,Federal Contract Tower,0,0,9,6,15,14,4,30,4,52,14,4,39,10,67,309,39,348,415
08/02/2005,JRF,HI,AWP,WE,Federal Contract Tower,1,0,6,3,10,13,4,54,15,86,14,4,60,18,96,350,37,387,483
08/03/2005,JRF,HI,AWP,WE,Federal Contract Tower,0,0,5,7,12,14,0,55,12,81,14,0,60,19,93,381,40,421,514
08/04/2005,JRF,HI,AWP,WE,Federal Contract Tower,1,0,3,5,9,9,4,73,0,86,10,4,76,5,95,508,81,589,684
08/05/2005,JRF,HI,AWP,WE,Federal Contract Tower,0,0,4,0,4,0,0,58,0,58,0,0,62,0,62,384,34,418,480
08/06/2005,JRF,HI,AWP,WE,Federal Contract Tower,0,1,2,2,5,2,0,19,1,22,2,1,21,3,27,281,24,305,332
08/07/2005,JRF,HI,AWP,WE,Federal Contract Tower,0,0,0,2,2,14,2,40,0,56,14,2,40,2,58,316,9,325,383
08/08/2005,JRF,HI,AWP,WE,Federal Contract Tower,0,2,2,1,5,12,1,40,6,59,12,3,42,7,64,378,18,396,460
08/09/2005,JRF,HI,AWP,WE,Federal Contract Tower,4,1,1,2,8,10,0,76,18,104,14,1,77,20,112,636,33,669,781
08/10/2005,JRF,HI,AWP,WE,Federal Contract Tower,0,0,2,6,8,14,2,66,14,96,14,2,68,20,104,447,34,481,585
08/11/2005,JRF,HI,AWP,WE,Federal Contract Tower,1,0,2,5,8,13,2,68,10,93,14,2,70,15,101,491,4,495,596
08/12/2005,JRF,HI,AWP,WE,Federal Contract Tower,0,0,2,1,3,3,0,41,6,50,3,0,43,7,53,468,25,493,546
08/13/2005,JRF,HI,AWP,WE,Federal Contract Tower,0,0,0,0,0,0,0,47,0,47,0,0,47,0,47,477,4,481,528
08/14/2005,JRF,HI,AWP,WE,Federal Contract Tower,0,0,0,1,1,16,0,66,3,85,16,0,66,4,86,369,3,372,458
08/15/2005,JRF,HI,AWP,WE,Federal Contract Tower,0,0,4,3,7,14,4,77,71,166,14,4,81,74,173,594,69,663,836
08/16/2005,JRF,HI,AWP,WE,Federal Contract Tower,0,0,4,5,9,4,4,101,92,201,4,4,105,97,210,539,52,591,801
08/17/2005,JRF,HI,AWP,WE,Federal Contract Tower,0,0,3,2,5,14,0,73,21,108,14,0,76,23,113,565,29,594,707
08/18/2005,JRF,HI,AWP,WE,Federal Contract Tower,1,0,3,4,8,7,2,72,5,86,8,2,75,9,94,362,37,399,493
08/19/2005,JRF,HI,AWP,WE,Federal Contract Tower,1,0,3,0,4,1,0,50,0,51,2,0,53,0,55,286,2,288,343
08/20/2005,JRF,HI,AWP,WE,Federal Contract Tower,0,0,4,0,4,2,0,41,0,43,2,0,45,0,47,300,24,324,371
08/21/2005,JRF,HI,AWP,WE,Federal Contract Tower,0,0,0,1,1,14,0,29,0,43,14,0,29,1,44,166,2,168,212
08/22/2005,JRF,HI,AWP,WE,Federal Contract Tower,0,0,0,4,4,14,0,69,14,97,14,0,69,18,101,380,42,422,523
08/23/2005,JRF,HI,AWP,WE,Federal Contract Tower,0,0,9,7,16,12,0,62,15,89,12,0,71,22,105,436,38,474,579
08/24/2005,JRF,HI,AWP,WE,Federal Contract Tower,4,0,3,2,9,8,0,64,20,92,12,0,67,22,101,423,21,444,545
08/25/2005,JRF,HI,AWP,WE,Federal Contract Tower,0,0,7,3,10,6,1,51,7,65,6,1,58,10,75,386,15,401,476
08/26/2005,JRF,HI,AWP,WE,Federal Contract Tower,0,0,2,0,2,4,0,46,4,54,4,0,48,4,56,361,18,379,435
08/27/2005,JRF,HI,AWP,WE,Federal Contract Tower,0,0,2,0,2,2,0,38,5,45,2,0,40,5,47,275,6,281,328
08/28/2005,JRF,HI,AWP,WE,Federal Contract Tower,0,0,2,0,2,16,0,32,0,48,16,0,34,0,50,287,3,290,340
08/29/2005,JRF,HI,AWP,WE,Federal Contract Tower,0,0,2,0,2,14,4,35,8,61,14,4,37,8,63,283,64,347,410
08/30/2005,JRF,HI,AWP,WE,Federal Contract Tower,0,0,4,5,9,10,2,75,11,98,10,2,79,16,107,368,31,399,506
08/31/2005,JRF,HI,AWP,WE,Federal Contract Tower,0,0,0,1,1,0,0,77,41,118,0,0,77,42,119,572,44,616,735
09/01/2005,JRF,HI,AWP,WE,Federal Contract Tower,4,0,1,3,8,1,0,89,30,120,5,0,90,33,128,381,27,408,536
09/02/2005,JRF,HI,AWP,WE,Federal Contract Tower,0,0,0,2,2,0,2,50,0,52,0,2,50,2,54,235,1,236,290
09/03/2005,JRF,HI,AWP,WE,Federal Contract Tower,0,0,0,0,0,0,0,36,0,36,0,0,36,0,36,347,6,353,389
09/04/2005,JRF,HI,AWP,WE,Federal Contract Tower,0,0,2,1,3,16,2,46,1,65,16,2,48,2,68,250,19,269,337
09/05/2005,JRF,HI,AWP,WE,Federal Contract Tower,0,0,6,1,7,12,3,49,0,64,12,3,55,1,71,248,1,249,320
09/06/2005,JRF,HI,AWP,WE,Federal Contract Tower,0,0,2,0,2,12,2,42,32,88,12,2,44,32,90,244,48,292,382
09/07/2005,JRF,HI,AWP,WE,Federal Contract Tower,0,0,0,2,2,0,2,43,18,63,0,2,43,20,65,440,65,505,570
09/08/2005,JRF,HI,AWP,WE,Federal Contract Tower,3,0,4,5,12,0,0,40,19,59,3,0,44,24,71,396,52,448,519
09/09/2005,JRF,HI,AWP,WE,Federal Contract Tower,0,0,3,3,6,0,0,26,3,29,0,0,29,6,35,349,7,356,391
09/10/2005,JRF,HI,AWP,WE,Federal Contract Tower,0,0,0,1,1,12,0,37,1,50,12,0,37,2,51,312,29,341,392
09/11/2005,JRF,HI,AWP,WE,Federal Contract Tower,2,0,0,0,2,10,0,32,0,42,12,0,32,0,44,291,18,309,353
09/12/2005,JRF,HI,AWP,WE,Federal Contract Tower,0,0,1,3,4,0,4,70,11,85,0,4,71,14,89,341,72,413,502
09/13/2005,JRF,HI,AWP,WE,Federal Contract Tower,0,0,6,5,11,14,4,52,24,94,14,4,58,29,105,346,44,390,495
09/14/2005,JRF,HI,AWP,WE,Federal Contract Tower,1,2,0,3,6,1,5,56,24,86,2,7,56,27,92,365,39,404,496
09/15/2005,JRF,HI,AWP,WE,Federal Contract Tower,0,0,0,8,8,6,2,34,27,69,6,2,34,35,77,331,33,364,441
09/16/2005,JRF,HI,AWP,WE,Federal Contract Tower,0,0,1,3,4,6,4,38,15,63,6,4,39,18,67,225,17,242,309
09/17/2005,JRF,HI,AWP,WE,Federal Contract Tower,0,0,2,1,3,0,0,42,1,43,0,0,44,2,46,635,6,641,687
09/18/2005,JRF,HI,AWP,WE,Federal Contract Tower,1,0,0,3,4,11,0,41,3,55,12,0,41,6,59,388,5,393,452
09/19/2005,JRF,HI,AWP,WE,Federal Contract Tower,0,0,0,2,2,16,0,63,6,85,16,0,63,8,87,410,9,419,506
09/20/2005,JRF,HI,AWP,WE,Federal Contract Tower,0,0,0,2,2,6,6,60,18,90,6,6,60,20,92,335,60,395,487
09/21/2005,JRF,HI,AWP,WE,Federal Contract Tower,0,0,3,0,3,0,2,31,30,63,0,2,34,30,66,385,24,409,475
09/22/2005,JRF,HI,AWP,WE,Federal Contract Tower,0,0,2,1,3,0,1,75,16,92,0,1,77,17,95,443,39,482,577
09/23/2005,JRF,HI,AWP,WE,Federal Contract Tower,0,0,3,2,5,0,0,55,4,59,0,0,58,6,64,292,15,307,371
09/24/2005,JRF,HI,AWP,WE,Federal Contract Tower,2,0,4,1,7,5,1,33,3,42,7,1,37,4,49,285,30,315,364
09/25/2005,JRF,HI,AWP,WE,Federal Contract Tower,2,0,4,2,8,12,0,59,0,71,14,0,63,2,79,293,18,311,390
09/26/2005,JRF,HI,AWP,WE,Federal Contract Tower,0,0,6,3,9,14,0,65,37,116,14,0,71,40,125,550,39,589,714
09/27/2005,JRF,HI,AWP,WE,Federal Contract Tower,0,0,2,2,4,2,12,65,35,114,2,12,67,37,118,559,64,623,741
09/28/2005,JRF,HI,AWP,WE,Federal Contract Tower,0,0,1,0,1,2,2,72,15,91,2,2,73,15,92,508,31,539,631
09/29/2005,JRF,HI,AWP,WE,Federal Contract Tower,0,0,2,0,2,0,3,36,26,65,0,3,38,26,67,463,29,492,559
09/30/2005,JRF,HI,AWP,WE,Federal Contract Tower,0,0,2,0,2,2,2,17,0,21,2,2,19,0,23,107,0,107,130
10/01/2005,JRF,HI,AWP,WE,Federal Contract Tower,0,0,0,0,0,0,0,36,0,36,0,0,36,0,36,146,5,151,187
10/02/2005,JRF,HI,AWP,WE,Federal Contract Tower,0,0,0,3,3,14,0,18,1,33,14,0,18,4,36,225,12,237,273
10/03/2005,JRF,HI,AWP,WE,Federal Contract Tower,0,0,3,1,4,12,0,55,0,67,12,0,58,1,71,410,117,527,598
10/04/2005,JRF,HI,AWP,WE,Federal Contract Tower,0,0,3,2,5,14,0,58,12,84,14,0,61,14,89,529,101,630,719
10/05/2005,JRF,HI,AWP,WE,Federal Contract Tower,4,0,3,1,8,6,0,43,8,57,10,0,46,9,65,411,84,495,560
10/06/2005,JRF,HI,AWP,WE,Federal Contract Tower,0,2,4,3,9,2,0,19,4,25,2,2,23,7,34,300,48,348,382
10/07/2005,JRF,HI,AWP,WE,Federal Contract Tower,0,0,0,1,1,0,0,33,0,33,0,0,33,1,34,338,72,410,444
10/08/2005,JRF,HI,AWP,WE,Federal Contract Tower,0,0,0,1,1,0,0,3,5,8,0,0,3,6,9,486,23,509,518
10/09/2005,JRF,HI,AWP,WE,Federal Contract Tower,0,0,0,1,1,12,0,52,4,68,12,0,52,5,69,455,35,490,559
10/10/2005,JRF,HI,AWP,WE,Federal Contract Tower,0,1,4,3,8,12,1,85,2,100,12,2,89,5,108,429,5,434,542
10/11/2005,JRF,HI,AWP,WE,Federal Contract Tower,0,0,1,8,9,8,4,30,10,52,8,4,31,18,61,479,67,546,607
10/12/2005,JRF,HI,AWP,WE,Federal Contract Tower,0,0,1,5,6,0,0,28,8,36,0,0,29,13,42,284,29,313,355
10/13/2005,JRF,HI,AWP,WE,Federal Contract Tower,0,0,4,4,8,0,0,73,14,87,0,0,77,18,95,455,27,482,577
10/14/2005,JRF,HI,AWP,WE,Federal Contract Tower,0,0,1,4,5,0,1,51,7,59,0,1,52,11,64,404,39,443,507
10/15/2005,JRF,HI,AWP,WE,Federal Contract Tower,0,0,2,0,2,12,0,48,5,65,12,0,50,5,67,390,18,408,475
10/16/2005,JRF,HI,AWP,WE,Federal Contract Tower,0,0,2,2,4,14,0,55,3,72,14,0,57,5,76,315,22,337,413
10/17/2005,JRF,HI,AWP,WE,Federal Contract Tower,0,0,0,5,5,13,0,34,14,61,13,0,34,19,66,446,142,588,654
10/18/2005,JRF,HI,AWP,WE,Federal Contract Tower,0,0,0,11,11,10,2,43,24,79,10,2,43,35,90,374,51,425,515
10/19/2005,JRF,HI,AWP,WE,Federal Contract Tower,0,0,2,4,6,4,0,44,23,71,4,0,46,27,77,377,91,468,545
10/20/2005,JRF,HI,AWP,WE,Federal Contract Tower,0,0,4,5,9,0,2,54,2,58,0,2,58,7,67,360,80,440,507
10/21/2005,JRF,HI,AWP,WE,Federal Contract Tower,0,0,1,3,4,0,0,30,0,30,0,0,31,3,34,321,5,326,360
10/22/2005,JRF,HI,AWP,WE,Federal Contract Tower,2,0,1,0,3,0,1,11,0,12,2,1,12,0,15,52,30,82,97
10/23/2005,JRF,HI,AWP,WE,Federal Contract Tower,0,0,0,2,2,12,0,21,6,39,12,0,21,8,41,240,9,249,290
10/24/2005,JRF,HI,AWP,WE,Federal Contract Tower,0,1,6,4,11,13,7,63,16,99,13,8,69,20,110,477,43,520,630
10/25/2005,JRF,HI,AWP,WE,Federal Contract Tower,0,2,0,4,6,10,3,57,12,82,10,5,57,16,88,376,123,499,587
10/26/2005,JRF,HI,AWP,WE,Federal Contract Tower,0,2,7,5,14,0,0,40,16,56,0,2,47,21,70,477,88,565,635
10/27/2005,JRF,HI,AWP,WE,Federal Contract Tower,0,2,5,2,9,0,0,45,11,56,0,2,50,13,65,423,18,441,506
10/28/2005,JRF,HI,AWP,WE,Federal Contract Tower,0,0,3,2,5,1,0,40,6,47,1,0,43,8,52,352,28,380,432
10/29/2005,JRF,HI,AWP,WE,Federal Contract Tower,0,0,2,0,2,0,0,34,2,36,0,0,36,2,38,416,0,416,454
10/30/2005,JRF,HI,AWP,WE,Federal Contract Tower,2,0,1,2,5,10,0,17,2,29,12,0,18,4,34,189,0,189,223
10/31/2005,JRF,HI,AWP,WE,Federal Contract Tower,0,0,0,3,3,14,0,45,28,87,14,0,45,31,90,381,81,462,552
11/01/2005,JRF,HI,AWP,WE,Federal Contract Tower,0,0,1,6,7,12,0,59,29,100,12,0,60,35,107,242,137,379,486
11/02/2005,JRF,HI,AWP,WE,Federal Contract Tower,0,0,5,8,13,4,0,26,5,35,4,0,31,13,48,277,58,335,383
11/03/2005,JRF,HI,AWP,WE,Federal Contract Tower,0,0,3,7,10,4,0,61,9,74,4,0,64,16,84,412,54,466,550
11/04/2005,JRF,HI,AWP,WE,Federal Contract Tower,0,0,0,1,1,4,0,35,0,39,4,0,35,1,40,394,44,438,478
11/05/2005,JRF,HI,AWP,WE,Federal Contract Tower,2,0,2,2,6,10,0,35,0,45,12,0,37,2,51,328,57,385,436
11/06/2005,JRF,HI,AWP,WE,Federal Contract Tower,0,0,1,2,3,12,0,19,0,31,12,0,20,2,34,255,63,318,352
11/07/2005,JRF,HI,AWP,WE,Federal Contract Tower,0,3,2,4,9,11,7,61,29,108,11,10,63,33,117,358,105,463,580
11/08/2005,JRF,HI,AWP,WE,Federal Contract Tower,0,0,1,4,5,0,4,57,33,94,0,4,58,37,99,289,114,403,502
11/09/2005,JRF,HI,AWP,WE,Federal Contract Tower,0,0,4,3,7,2,0,42,14,58,2,0,46,17,65,267,90,357,422
11/10/2005,JRF,HI,AWP,WE,Federal Contract Tower,1,0,2,2,5,1,0,48,33,82,2,0,50,35,87,326,83,409,496
11/11/2005,JRF,HI,AWP,WE,Federal Contract Tower,0,0,1,1,2,0,0,30,1,31,0,0,31,2,33,339,4,343,376
11/12/2005,JRF,HI,AWP,WE,Federal Contract Tower,0,0,2,1,3,0,0,42,0,42,0,0,44,1,45,380,44,424,469
11/13/2005,JRF,HI,AWP,WE,Federal Contract Tower,0,0,0,3,3,12,0,33,0,45,12,0,33,3,48,367,24,391,439
11/14/2005,JRF,HI,AWP,WE,Federal Contract Tower,0,0,6,2,8,14,0,38,0,52,14,0,44,2,60,365,44,409,469
11/15/2005,JRF,HI,AWP,WE,Federal Contract Tower,0,1,1,2,4,13,2,60,8,83,13,3,61,10,87,390,33,423,510
11/16/2005,JRF,HI,AWP,WE,Federal Contract Tower,2,0,4,6,12,0,0,56,21,77,2,0,60,27,89,415,71,486,575
11/17/2005,JRF,HI,AWP,WE,Federal Contract Tower,0,0,1,9,10,0,0,48,39,87,0,0,49,48,97,302,92,394,491
11/18/2005,JRF,HI,AWP,WE,Federal Contract Tower,0,0,0,0,0,0,0,52,2,54,0,0,52,2,54,452,22,474,528
11/19/2005,JRF,HI,AWP,WE,Federal Contract Tower,0,0,1,1,2,0,0,13,3,16,0,0,14,4,18,235,21,256,274
11/20/2005,JRF,HI,AWP,WE,Federal Contract Tower,0,0,0,2,2,0,0,20,2,22,0,0,20,4,24,298,45,343,367
11/21/2005,JRF,HI,AWP,WE,Federal Contract Tower,0,0,0,4,4,10,4,52,7,73,10,4,52,11,77,343,56,399,476
11/22/2005,JRF,HI,AWP,WE,Federal Contract Tower,0,0,0,7,7,8,2,30,10,50,8,2,30,17,57,112,46,158,215
11/23/2005,JRF,HI,AWP,WE,Federal Contract Tower,0,1,2,0,3,4,3,46,0,53,4,4,48,0,56,253,42,295,351
11/24/2005,JRF,HI,AWP,WE,Federal Contract Tower,0,0,0,1,1,0,0,16,0,16,0,0,16,1,17,64,1,65,82
11/25/2005,JRF,HI,AWP,WE,Federal Contract Tower,0,4,0,1,5,0,15,16,0,31,0,19,16,1,36,242,4,246,282
11/26/2005,JRF,HI,AWP,WE,Federal Contract Tower,0,0,6,0,6,0,0,30,0,30,0,0,36,0,36,236,12,248,284
11/27/2005,JRF,HI,AWP,WE,Federal Contract Tower,2,0,2,1,5,15,0,33,0,48,17,0,35,1,53,344,14,358,411
11/28/2005,JRF,HI,AWP,WE,Federal Contract Tower,0,0,3,5,8,12,4,84,22,122,12,4,87,27,130,460,106,566,696
11/29/2005,JRF,HI,AWP,WE,Federal Contract Tower,0,0,3,4,7,0,2,25,31,58,0,2,28,35,65,176,102,278,343
11/30/2005,JRF,HI,AWP,WE,Federal Contract Tower,1,0,0,3,4,0,0,33,11,44,1,0,33,14,48,238,39,277,325
12/01/2005,JRF,HI,AWP,WE,Federal Contract Tower,0,0,2,0,2,0,0,52,4,56,0,0,54,4,58,264,2,266,324
12/02/2005,JRF,HI,AWP,WE,Federal Contract Tower,0,0,0,3,3,0,2,51,3,56,0,2,51,6,59,224,16,240,299
12/03/2005,JRF,HI,AWP,WE,Federal Contract Tower,0,2,0,0,2,12,0,26,1,39,12,2,26,1,41,242,7,249,290
12/04/2005,JRF,HI,AWP,WE,Federal Contract Tower,4,0,1,0,5,8,0,29,0,37,12,0,30,0,42,197,7,204,246
12/05/2005,JRF,HI,AWP,WE,Federal Contract Tower,0,6,0,3,9,13,4,47,22,86,13,10,47,25,95,326,103,429,524
12/06/2005,JRF,HI,AWP,WE,Federal Contract Tower,0,0,2,2,4,12,4,43,19,78,12,4,45,21,82,277,50,327,409
12/07/2005,JRF,HI,AWP,WE,Federal Contract Tower,0,0,2,13,15,12,0,48,3,63,12,0,50,16,78,394,66,460,538
12/08/2005,JRF,HI,AWP,WE,Federal Contract Tower,0,0,0,3,3,0,0,35,11,46,0,0,35,14,49,302,63,365,414
12/09/2005,JRF,HI,AWP,WE,Federal Contract Tower,0,0,3,3,6,0,0,33,9,42,0,0,36,12,48,286,42,328,376
12/10/2005,JRF,HI,AWP,WE,Federal Contract Tower,0,0,5,2,7,2,0,54,0,56,2,0,59,2,63,328,95,423,486
12/11/2005,JRF,HI,AWP,WE,Federal Contract Tower,0,0,4,2,6,12,0,21,2,35,12,0,25,4,41,361,18,379,420
12/12/2005,JRF,HI,AWP,WE,Federal Contract Tower,0,0,0,7,7,12,2,58,13,85,12,2,58,20,92,352,102,454,546
12/13/2005,JRF,HI,AWP,WE,Federal Contract Tower,0,0,0,2,2,0,10,37,29,76,0,10,37,31,78,312,114,426,504
12/14/2005,JRF,HI,AWP,WE,Federal Contract Tower,0,1,2,0,3,22,0,60,15,97,22,1,62,15,100,312,54,366,466
12/15/2005,JRF,HI,AWP,WE,Federal Contract Tower,0,0,0,0,0,2,0,56,8,66,2,0,56,8,66,261,4,265,331
12/16/2005,JRF,HI,AWP,WE,Federal Contract Tower,0,0,2,1,3,0,0,49,0,49,0,0,51,1,52,318,62,380,432
12/17/2005,JRF,HI,AWP,WE,Federal Contract Tower,0,0,0,0,0,0,0,42,0,42,0,0,42,0,42,292,1,293,335
12/18/2005,JRF,HI,AWP,WE,Federal Contract Tower,0,0,0,2,2,12,0,31,3,46,12,0,31,5,48,192,9,201,249
12/19/2005,JRF,HI,AWP,WE,Federal Contract Tower,0,0,0,1,1,13,4,61,13,91,13,4,61,14,92,379,52,431,523
12/20/2005,JRF,HI,AWP,WE,Federal Contract Tower,0,0,0,1,1,2,3,69,38,112,2,3,69,39,113,294,121,415,528
12/21/2005,JRF,HI,AWP,WE,Federal Contract Tower,0,0,5,5,10,14,0,54,40,108,14,0,59,45,118,333,132,465,583
12/22/2005,JRF,HI,AWP,WE,Federal Contract Tower,0,0,0,2,2,0,0,34,15,49,0,0,34,17,51,319,42,361,412
12/23/2005,JRF,HI,AWP,WE,Federal Contract Tower,0,0,1,4,5,0,0,51,0,51,0,0,52,4,56,309,59,368,424
12/24/2005,JRF,HI,AWP,WE,Federal Contract Tower,0,0,0,0,0,0,0,16,0,16,0,0,16,0,16,182,0,182,198
12/25/2005,JRF,HI,AWP,WE,Federal Contract Tower,0,0,0,0,0,14,0,10,1,25,14,0,10,1,25,137,3,140,165
12/26/2005,JRF,HI,AWP,WE,Federal Contract Tower,0,2,0,5,7,12,12,31,2,57,12,14,31,7,64,131,36,167,231
12/27/2005,JRF,HI,AWP,WE,Federal Contract Tower,2,0,0,1,3,0,0,33,15,48,2,0,33,16,51,161,89,250,301
12/28/2005,JRF,HI,AWP,WE,Federal Contract Tower,2,0,0,1,3,0,4,47,28,79,2,4,47,29,82,252,113,365,447
12/29/2005,JRF,HI,AWP,WE,Federal Contract Tower,0,0,1,2,3,0,0,57,16,73,0,0,58,18,76,241,46,287,363
12/30/2005,JRF,HI,AWP,WE,Federal Contract Tower,0,0,0,2,2,0,0,67,1,68,0,0,67,3,70,381,22,403,473
12/31/2005,JRF,HI,AWP,WE,Federal Contract Tower,0,0,0,0,0,0,0,77,3,80,0,0,77,3,80,443,6,449,529
01/01/2006,JRF,HI,AWP,WE,Federal Contract Tower,0,0,0,0,0,12,1,29,0,42,12,1,29,0,42,198,2,200,242
01/02/2006,JRF,HI,AWP,WE,Federal Contract Tower,0,0,0,4,4,14,2,54,2,72,14,2,54,6,76,321,12,333,409
01/03/2006,JRF,HI,AWP,WE,Federal Contract Tower,0,0,0,0,0,0,0,40,21,61,0,0,40,21,61,368,114,482,543
01/04/2006,JRF,HI,AWP,WE,Federal Contract Tower,0,0,3,7,10,2,0,41,60,103,2,0,44,67,113,341,148,489,602
01/05/2006,JRF,HI,AWP,WE,Federal Contract Tower,0,0,0,5,5,0,0,54,13,67,0,0,54,18,72,306,122,428,500
01/06/2006,JRF,HI,AWP,WE,Federal Contract Tower,0,0,1,0,1,0,0,46,21,67,0,0,47,21,68,334,82,416,484
01/07/2006,JRF,HI,AWP,WE,Federal Contract Tower,1,0,0,1,2,11,1,33,7,52,12,1,33,8,54,285,12,297,351
01/08/2006,JRF,HI,AWP,WE,Federal Contract Tower,0,0,0,0,0,12,0,25,6,43,12,0,25,6,43,247,32,279,322
01/09/2006,JRF,HI,AWP,WE,Federal Contract Tower,2,0,2,5,9,10,0,39,10,59,12,0,41,15,68,264,92,356,424
01/10/2006,JRF,HI,AWP,WE,Federal Contract Tower,0,2,0,3,5,10,18,48,48,124,10,20,48,51,129,368,160,528,657
01/11/2006,JRF,HI,AWP,WE,Federal Contract Tower,0,0,0,7,7,0,0,63,8,71,0,0,63,15,78,366,108,474,552
01/12/2006,JRF,HI,AWP,WE,Federal Contract Tower,0,2,0,5,7,0,4,39,9,52,0,6,39,14,59,219,174,393,452
01/13/2006,JRF,HI,AWP,WE,Federal Contract Tower,0,0,2,5,7,2,5,42,11,60,2,5,44,16,67,327,134,461,528
01/14/2006,JRF,HI,AWP,WE,Federal Contract Tower,0,1,1,0,2,0,4,37,0,41,0,5,38,0,43,313,4,317,360
01/15/2006,JRF,HI,AWP,WE,Federal Contract Tower,0,0,0,0,0,15,0,24,2,41,15,0,24,2,41,189,10,199,240
01/16/2006,JRF,HI,AWP,WE,Federal Contract Tower,0,0,0,2,2,17,0,57,0,74,17,0,57,2,76,337,33,370,446
01/17/2006,JRF,HI,AWP,WE,Federal Contract Tower,0,4,0,0,4,10,4,49,14,77,10,8,49,14,81,301,91,392,473
01/18/2006,JRF,HI,AWP,WE,Federal Contract Tower,1,0,1,5,7,0,0,73,44,117,1,0,74,49,124,379,110,489,613
01/19/2006,JRF,HI,AWP,WE,Federal Contract Tower,0,2,1,2,5,1,0,65,44,110,1,2,66,46,115,439,154,593,708
01/20/2006,JRF,HI,AWP,WE,Federal Contract Tower,0,0,1,10,11,0,0,32,6,38,0,0,33,16,49,312,16,328,377
01/21/2006,JRF,HI,AWP,WE,Federal Contract Tower,0,0,5,2,7,0,0,36,5,41,0,0,41,7,48,190,17,207,255
01/22/2006,JRF,HI,AWP,WE,Federal Contract Tower,2,0,1,0,3,0,0,22,0,22,2,0,23,0,25,151,51,202,227
01/23/2006,JRF,HI,AWP,WE,Federal Contract Tower,1,0,1,8,10,9,0,23,0,32,10,0,24,8,42,314,86,400,442
01/24/2006,JRF,HI,AWP,WE,Federal Contract Tower,0,1,2,5,8,0,4,34,8,46,0,5,36,13,54,111,116,227,281
01/25/2006,JRF,HI,AWP,WE,Federal Contract Tower,0,2,2,6,10,0,0,35,13,48,0,2,37,19,58,261,103,364,422
01/26/2006,JRF,HI,AWP,WE,Federal Contract Tower,0,0,1,4,5,5,4,26,14,49,5,4,27,18,54,135,70,205,259
01/27/2006,JRF,HI,AWP,WE,Federal Contract Tower,0,1,3,2,6,0,2,33,5,40,0,3,36,7,46,242,46,288,334
01/28/2006,JRF,HI,AWP,WE,Federal Contract Tower,0,0,1,1,2,0,0,44,1,45,0,0,45,2,47,496,37,533,580
01/29/2006,JRF,HI,AWP,WE,Federal Contract Tower,1,0,3,1,5,11,0,17,4,32,12,0,20,5,37,122,26,148,185
01/30/2006,JRF,HI,AWP,WE,Federal Contract Tower,0,3,3,1,7,10,3,81,22,116,10,6,84,23,123,504,49,553,676
01/31/2006,JRF,HI,AWP,WE,Federal Contract Tower,0,0,0,2,2,12,0,44,11,67,12,0,44,13,69,384,141,525,594
02/01/2006,JRF,HI,AWP,WE,Federal Contract Tower,0,0,4,8,12,0,0,63,20,83,0,0,67,28,95,545,89,634,729
02/02/2006,JRF,HI,AWP,WE,Federal Contract Tower,1,0,6,1,8,3,1,32,3,39,4,1,38,4,47,359,107,466,513
02/03/2006,JRF,HI,AWP,WE,Federal Contract Tower,0,0,1,1,2,0,0,41,9,50,0,0,42,10,52,399,36,435,487
02/04/2006,JRF,HI,AWP,WE,Federal Contract Tower,0,0,0,1,1,0,1,15,2,18,0,1,15,3,19,307,14,321,340
02/05/2006,JRF,HI,AWP,WE,Federal Contract Tower,0,0,4,2,6,12,0,38,2,52,12,0,42,4,58,219,0,219,277
02/06/2006,JRF,HI,AWP,WE,Federal Contract Tower,0,0,4,2,6,12,0,58,21,91,12,0,62,23,97,451,52,503,600
02/07/2006,JRF,HI,AWP,WE,Federal Contract Tower,0,0,1,5,6,8,0,41,13,62,8,0,42,18,68,462,82,544,612
02/08/2006,JRF,HI,AWP,WE,Federal Contract Tower,0,0,1,6,7,0,0,41,22,63,0,0,42,28,70,221,101,322,392
02/09/2006,JRF,HI,AWP,WE,Federal Contract Tower,0,2,3,4,9,0,10,23,29,62,0,12,26,33,71,303,86,389,460
02/10/2006,JRF,HI,AWP,WE,Federal Contract Tower,0,0,2,3,5,0,0,39,14,53,0,0,41,17,58,265,60,325,383
02/11/2006,JRF,HI,AWP,WE,Federal Contract Tower,2,0,2,2,6,2,8,28,1,39,4,8,30,3,45,335,0,335,380
02/12/2006,JRF,HI,AWP,WE,Federal Contract Tower,0,0,0,2,2,12,0,61,16,89,12,0,61,18,91,267,46,313,404
02/13/2006,JRF,HI,AWP,WE,Federal Contract Tower,1,0,3,3,7,0,0,40,20,60,1,0,43,23,67,255,19,274,341
02/14/2006,JRF,HI,AWP,WE,Federal Contract Tower,0,0,1,4,5,0,0,19,23,42,0,0,20,27,47,201,103,304,351
02/15/2006,JRF,HI,AWP,WE,Federal Contract Tower,0,0,9,10,19,0,0,42,6,48,0,0,51,16,67,400,61,461,528
02/16/2006,JRF,HI,AWP,WE,Federal Contract Tower,0,0,6,3,9,2,0,25,1,28,2,0,31,4,37,322,74,396,433
02/17/2006,JRF,HI,AWP,WE,Federal Contract Tower,0,0,1,2,3,0,0,85,5,90,0,0,86,7,93,469,59,528,621
02/18/2006,JRF,HI,AWP,WE,Federal Contract Tower,0,0,4,0,4,0,0,36,0,36,0,0,40,0,40,363,50,413,453
02/19/2006,JRF,HI,AWP,WE,Federal Contract Tower,0,0,1,2,3,12,0,34,7,53,12,0,35,9,56,224,17,241,297
02/20/2006,JRF,HI,AWP,WE,Federal Contract Tower,0,0,3,0,3,0,7,52,0,59,0,7,55,0,62,157,2,159,221
02/21/2006,JRF,HI,AWP,WE,Federal Contract Tower,0,1,0,2,3,0,1,26,2,29,0,2,26,4,32,144,48,192,224
02/22/2006,JRF,HI,AWP,WE,Federal Contract Tower,0,0,4,13,17,8,2,52,22,84,8,2,56,35,101,354,155,509,610
02/23/2006,JRF,HI,AWP,WE,Federal Contract Tower,0,0,8,12,20,2,0,30,12,44,2,0,38,24,64,351,120,471,535
02/24/2006,JRF,HI,AWP,WE,Federal Contract Tower,0,0,7,4,11,0,0,88,5,93,0,0,95,9,104,518,27,545,649
02/25/2006,JRF,HI,AWP,WE,Federal Contract Tower,0,0,5,2,7,13,0,42,6,61,13,0,47,8,68,383,29,412,480
02/26/2006,JRF,HI,AWP,WE,Federal Contract Tower,0,0,3,6,9,15,0,19,3,37,15,0,22,9,46,141,25,166,212
02/27/2006,JRF,HI,AWP,WE,Federal Contract Tower,0,0,7,2,9,16,1,31,0,48,16,1,38,2,57,505,56,561,618
02/28/2006,JRF,HI,AWP,WE,Federal Contract Tower,0,0,2,5,7,0,0,19,27,46,0,0,21,32,53,201,94,295,348
03/01/2006,JRF,HI,AWP,WE,Federal Contract Tower,0,0,4,4,8,6,2,40,7,55,6,2,44,11,63,228,155,383,446
03/02/2006,JRF,HI,AWP,WE,Federal Contract Tower,0,0,4,7,11,0,0,30,18,48,0,0,34,25,59,242,151,393,452
03/03/2006,JRF,HI,AWP,WE,Federal Contract Tower,2,1,11,1,15,10,0,43,7,60,12,1,54,8,75,196,77,273,348
03/04/2006,JRF,HI,AWP,WE,Federal Contract Tower,0,0,5,1,6,1,0,73,0,74,1,0,78,1,80,438,70,508,588
03/05/2006,JRF,HI,AWP,WE,Federal Contract Tower,0,0,1,2,3,12,0,53,2,67,12,0,54,4,70,279,22,301,371
03/06/2006,JRF,HI,AWP,WE,Federal Contract Tower,0,0,6,4,10,12,2,42,20,76,12,2,48,24,86,359,227,586,672
03/07/2006,JRF,HI,AWP,WE,Federal Contract Tower,0,0,5,4,9,6,10,64,58,138,6,10,69,62,147,371,181,552,699
03/08/2006,JRF,HI,AWP,WE,Federal Contract Tower,0,0,10,1,11,0,2,76,42,120,0,2,86,43,131,512,109,621,752
03/09/2006,JRF,HI,AWP,WE,Federal Contract Tower,0,0,2,1,3,0,0,6,0,6,0,0,8,1,9,24,15,39,48
03/10/2006,JRF,HI,AWP,WE,Federal Contract Tower,0,0,5,4,9,2,1,16,3,22,2,1,21,7,31,193,24,217,248
03/11/2006,JRF,HI,AWP,WE,Federal Contract Tower,0,0,3,2,5,0,0,91,4,95,0,0,94,6,100,385,2,387,487
03/12/2006,JRF,HI,AWP,WE,Federal Contract Tower,1,0,1,1,3,13,0,35,7,55,14,0,36,8,58,124,22,146,204
03/13/2006,JRF,HI,AWP,WE,Federal Contract Tower,0,1,7,2,10,12,1,73,85,171,12,2,80,87,181,467,87,554,735
03/14/2006,JRF,HI,AWP,WE,Federal Contract Tower,0,0,1,5,6,0,0,22,16,38,0,0,23,21,44,151,39,190,234
03/15/2006,JRF,HI,AWP,WE,Federal Contract Tower,0,0,0,4,4,4,0,48,7,59,4,0,48,11,63,284,27,311,374
03/16/2006,JRF,HI,AWP,WE,Federal Contract Tower,0,0,3,5,8,0,2,42,11,55,0,2,45,16,63,311,52,363,426
03/17/2006,JRF,HI,AWP,WE,Federal Contract Tower,2,0,7,2,11,0,0,54,5,59,2,0,61,7,70,392,14,406,476
03/18/2006,JRF,HI,AWP,WE,Federal Contract Tower,0,0,9,6,15,10,0,91,5,106,10,0,100,11,121,593,73,666,787
03/19/2006,JRF,HI,AWP,WE,Federal Contract Tower,0,0,0,0,0,0,0,0,0,0,0,0,0,0,0,142,2,144,144
03/20/2006,JRF,HI,AWP,WE,Federal Contract Tower,0,0,11,7,18,12,8,105,33,158,12,8,116,40,176,579,164,743,919
03/21/2006,JRF,HI,AWP,WE,Federal Contract Tower,0,0,2,1,3,2,2,45,30,79,2,2,47,31,82,420,109,529,611
03/22/2006,JRF,HI,AWP,WE,Federal Contract Tower,0,0,1,1,2,4,2,46,24,76,4,2,47,25,78,230,100,330,408
03/23/2006,JRF,HI,AWP,WE,Federal Contract Tower,0,0,1,7,8,0,0,21,7,28,0,0,22,14,36,33,110,143,179
03/24/2006,JRF,HI,AWP,WE,Federal Contract Tower,0,0,4,3,7,0,0,38,0,38,0,0,42,3,45,274,15,289,334
03/25/2006,JRF,HI,AWP,WE,Federal Contract Tower,0,0,6,0,6,0,0,58,0,58,0,0,64,0,64,390,10,400,464
03/26/2006,JRF,HI,AWP,WE,Federal Contract Tower,0,0,0,4,4,2,0,0,0,2,2,0,0,4,6,4,1,5,11
03/27/2006,JRF,HI,AWP,WE,Federal Contract Tower,0,0,0,1,1,14,0,0,0,14,14,0,0,1,15,184,7,191,206
03/28/2006,JRF,HI,AWP,WE,Federal Contract Tower,0,0,2,9,11,0,0,6,0,6,0,0,8,9,17,45,14,59,76
03/29/2006,JRF,HI,AWP,WE,Federal Contract Tower,0,0,3,6,9,0,0,18,26,44,0,0,21,32,53,66,117,183,236
03/30/2006,JRF,HI,AWP,WE,Federal Contract Tower,0,0,2,8,10,0,0,14,3,17,0,0,16,11,27,88,38,126,153
03/31/2006,JRF,HI,AWP,WE,Federal Contract Tower,0,0,0,8,8,0,0,8,16,24,0,0,8,24,32,33,5,38,70
04/01/2006,JRF,HI,AWP,WE,Federal Contract Tower,0,0,1,3,4,2,0,18,0,20,2,0,19,3,24,336,6,342,366
04/02/2006,JRF,HI,AWP,WE,Federal Contract Tower,0,0,0,1,1,14,0,25,0,39,14,0,25,1,40,76,3,79,119
04/03/2006,JRF,HI,AWP,WE,Federal Contract Tower,0,0,7,3,10,12,0,42,37,91,12,0,49,40,101,174,49,223,324
04/04/2006,JRF,HI,AWP,WE,Federal Contract Tower,0,0,5,3,8,2,0,66,33,101,2,0,71,36,109,305,40,345,454
04/05/2006,JRF,HI,AWP,WE,Federal Contract Tower,0,0,11,8,19,2,20,60,18,100,2,20,71,26,119,511,120,631,750
04/06/2006,JRF,HI,AWP,WE,Federal Contract Tower,0,0,13,8,21,0,2,49,30,81,0,2,62,38,102,420,87,507,609
04/07/2006,JRF,HI,AWP,WE,Federal Contract Tower,0,0,4,0,4,2,0,40,5,47,2,0,44,5,51,428,25,453,504
04/08/2006,JRF,HI,AWP,WE,Federal Contract Tower,0,0,0,3,3,12,0,48,5,65,12,0,48,8,68,406,12,418,486
04/09/2006,JRF,HI,AWP,WE,Federal Contract Tower,0,0,1,1,2,12,0,38,2,52,12,0,39,3,54,433,13,446,500
04/10/2006,JRF,HI,AWP,WE,Federal Contract Tower,0,0,8,6,14,2,0,11,7,20,2,0,19,13,34,330,56,386,420
04/11/2006,JRF,HI,AWP,WE,Federal Contract Tower,0,0,2,6,8,2,0,44,9,55,2,0,46,15,63,402,97,499,562
04/12/2006,JRF,HI,AWP,WE,Federal Contract Tower,0,0,12,3,15,4,4,27,47,82,4,4,39,50,97,353,95,448,545
04/13/2006,JRF,HI,AWP,WE,Federal Contract Tower,0,0,6,2,8,2,0,33,16,51,2,0,39,18,59,239,77,316,375
04/14/2006,JRF,HI,AWP,WE,Federal Contract Tower,0,0,2,2,4,0,0,40,0,40,0,0,42,2,44,242,20,262,306
04/15/2006,JRF,HI,AWP,WE,Federal Contract Tower,0,0,2,0,2,0,1,50,0,51,0,1,52,0,53,377,30,407,460
04/16/2006,JRF,HI,AWP,WE,Federal Contract Tower,0,0,4,0,4,12,0,30,0,42,12,0,34,0,46,156,1,157,203
04/17/2006,JRF,HI,AWP,WE,Federal Contract Tower,0,0,0,5,5,12,0,47,13,72,12,0,47,18,77,304,70,374,451
04/18/2006,JRF,HI,AWP,WE,Federal Contract Tower,0,0,3,7,10,4,0,59,39,102,4,0,62,46,112,317,100,417,529
04/19/2006,JRF,HI,AWP,WE,Federal Contract Tower,0,0,14,1,15,0,0,36,9,45,0,0,50,10,60,284,24,308,368
04/20/2006,JRF,HI,AWP,WE,Federal Contract Tower,0,0,3,5,8,0,0,43,29,72,0,0,46,34,80,164,55,219,299
04/21/2006,JRF,HI,AWP,WE,Federal Contract Tower,0,0,12,0,12,0,0,7,0,7,0,0,19,0,19,228,11,239,258
04/22/2006,JRF,HI,AWP,WE,Federal Contract Tower,0,0,1,2,3,1,0,53,2,56,1,0,54,4,59,408,32,440,499
04/23/2006,JRF,HI,AWP,WE,Federal Contract Tower,0,0,0,2,2,14,2,68,4,88,14,2,68,6,90,331,38,369,459
04/24/2006,JRF,HI,AWP,WE,Federal Contract Tower,0,0,2,6,8,12,0,69,9,90,12,0,71,15,98,295,12,307,405
04/25/2006,JRF,HI,AWP,WE,Federal Contract Tower,0,0,2,3,5,0,0,74,28,102,0,0,76,31,107,479,59,538,645
04/26/2006,JRF,HI,AWP,WE,Federal Contract Tower,0,0,13,2,15,2,0,47,12,61,2,0,60,14,76,401,48,449,525
04/27/2006,JRF,HI,AWP,WE,Federal Contract Tower,2,0,8,2,12,5,0,36,8,49,7,0,44,10,61,365,50,415,476
04/28/2006,JRF,HI,AWP,WE,Federal Contract Tower,0,0,3,2,5,0,0,47,20,67,0,0,50,22,72,317,46,363,435
04/29/2006,JRF,HI,AWP,WE,Federal Contract Tower,0,2,1,2,5,0,0,0,0,0,0,2,1,2,5,343,12,355,360
04/30/2006,JRF,HI,AWP,WE,Federal Contract Tower,1,0,0,0,1,11,0,30,0,41,12,0,30,0,42,328,1,329,371
05/01/2006,JRF,HI,AWP,WE,Federal Contract Tower,0,0,2,3,5,12,0,44,13,69,12,0,46,16,74,319,24,343,417
05/02/2006,JRF,HI,AWP,WE,Federal Contract Tower,0,0,5,0,5,2,0,69,10,81,2,0,74,10,86,415,0,415,501
05/03/2006,JRF,HI,AWP,WE,Federal Contract Tower,0,0,1,2,3,0,0,58,3,61,0,0,59,5,64,306,7,313,377
05/04/2006,JRF,HI,AWP,WE,Federal Contract Tower,0,0,6,0,6,0,0,55,3,58,0,0,61,3,64,372,59,431,495
05/05/2006,JRF,HI,AWP,WE,Federal Contract Tower,0,0,7,4,11,1,8,16,0,25,1,8,23,4,36,130,31,161,197
05/06/2006,JRF,HI,AWP,WE,Federal Contract Tower,0,0,5,0,5,12,0,30,2,44,12,0,35,2,49,314,22,336,385
05/07/2006,JRF,HI,AWP,WE,Federal Contract Tower,1,0,0,1,2,11,0,36,6,53,12,0,36,7,55,309,16,325,380
05/08/2006,JRF,HI,AWP,WE,Federal Contract Tower,0,0,4,0,4,12,0,45,0,57,12,0,49,0,61,215,41,256,317
05/09/2006,JRF,HI,AWP,WE,Federal Contract Tower,0,0,5,7,12,0,0,49,6,55,0,0,54,13,67,327,108,435,502
05/10/2006,JRF,HI,AWP,WE,Federal Contract Tower,0,0,9,7,16,0,0,58,10,68,0,0,67,17,84,392,44,436,520
05/11/2006,JRF,HI,AWP,WE,Federal Contract Tower,0,0,17,6,23,0,0,29,8,37,0,0,46,14,60,338,55,393,453
05/12/2006,JRF,HI,AWP,WE,Federal Contract Tower,0,0,1,4,5,0,0,36,5,41,0,0,37,9,46,226,13,239,285
05/13/2006,JRF,HI,AWP,WE,Federal Contract Tower,0,0,0,0,0,1,0,52,3,56,1,0,52,3,56,245,29,274,330
05/14/2006,JRF,HI,AWP,WE,Federal Contract Tower,0,0,0,0,0,12,2,67,15,96,12,2,67,15,96,223,48,271,367
05/15/2006,JRF,HI,AWP,WE,Federal Contract Tower,0,0,6,5,11,12,0,63,5,80,12,0,69,10,91,406,84,490,581
05/16/2006,JRF,HI,AWP,WE,Federal Contract Tower,0,0,1,4,5,0,0,33,7,40,0,0,34,11,45,220,23,243,288
05/17/2006,JRF,HI,AWP,WE,Federal Contract Tower,0,0,2,6,8,0,0,55,3,58,0,0,57,9,66,357,101,458,524
05/18/2006,JRF,HI,AWP,WE,Federal Contract Tower,0,0,6,5,11,0,0,40,3,43,0,0,46,8,54,258,122,380,434
05/19/2006,JRF,HI,AWP,WE,Federal Contract Tower,0,0,2,0,2,0,0,54,11,65,0,0,56,11,67,420,0,420,487
05/20/2006,JRF,HI,AWP,WE,Federal Contract Tower,0,0,3,2,5,0,0,11,0,11,0,0,14,2,16,260,7,267,283
05/21/2006,JRF,HI,AWP,WE,Federal Contract Tower,0,0,1,1,2,15,0,75,11,101,15,0,76,12,103,259,25,284,387
05/22/2006,JRF,HI,AWP,WE,Federal Contract Tower,0,0,2,4,6,12,0,48,12,72,12,0,50,16,78,432,27,459,537
05/23/2006,JRF,HI,AWP,WE,Federal Contract Tower,0,0,7,7,14,0,0,37,3,40,0,0,44,10,54,267,42,309,363
05/24/2006,JRF,HI,AWP,WE,Federal Contract Tower,0,0,11,1,12,0,0,38,7,45,0,0,49,8,57,320,2,322,379
05/25/2006,JRF,HI,AWP,WE,Federal Contract Tower,0,0,7,1,8,0,0,41,9,50,0,0,48,10,58,346,50,396,454
05/26/2006,JRF,HI,AWP,WE,Federal Contract Tower,0,0,6,0,6,12,7,14,0,33,12,7,20,0,39,306,25,331,370
05/27/2006,JRF,HI,AWP,WE,Federal Contract Tower,0,0,0,1,1,2,0,31,3,36,2,0,31,4,37,288,25,313,350
05/28/2006,JRF,HI,AWP,WE,Federal Contract Tower,0,0,1,2,3,14,0,57,1,72,14,0,58,3,75,236,32,268,343
05/29/2006,JRF,HI,AWP,WE,Federal Contract Tower,0,0,2,0,2,12,0,25,2,39,12,0,27,2,41,266,22,288,329
05/30/2006,JRF,HI,AWP,WE,Federal Contract Tower,0,1,1,2,4,0,0,42,6,48,0,1,43,8,52,247,51,298,350
05/31/2006,JRF,HI,AWP,WE,Federal Contract Tower,0,0,0,1,1,0,0,68,4,72,0,0,68,5,73,330,16,346,419
06/01/2006,JRF,HI,AWP,WE,Federal Contract Tower,0,0,5,2,7,0,0,14,0,14,0,0,19,2,21,387,2,389,410
06/02/2006,JRF,HI,AWP,WE,Federal Contract Tower,0,0,0,1,1,1,0,14,0,15,1,0,14,1,16,282,32,314,330
06/03/2006,JRF,HI,AWP,WE,Federal Contract Tower,0,0,2,0,2,12,0,26,7,45,12,0,28,7,47,310,25,335,382
06/04/2006,JRF,HI,AWP,WE,Federal Contract Tower,0,0,2,0,2,12,1,28,2,43,12,1,30,2,45,201,5,206,251
06/05/2006,JRF,HI,AWP,WE,Federal Contract Tower,0,0,0,5,5,12,2,50,2,66,12,2,50,7,71,289,87,376,447
06/06/2006,JRF,HI,AWP,WE,Federal Contract Tower,0,0,0,3,3,0,0,64,27,91,0,0,64,30,94,221,75,296,390
06/07/2006,JRF,HI,AWP,WE,Federal Contract Tower,2,0,3,5,10,0,0,81,13,94,2,0,84,18,104,257,155,412,516
06/08/2006,JRF,HI,AWP,WE,Federal Contract Tower,0,0,3,1,4,0,0,45,2,47,0,0,48,3,51,340,59,399,450
06/09/2006,JRF,HI,AWP,WE,Federal Contract Tower,0,0,7,1,8,0,0,46,13,59,0,0,53,14,67,315,49,364,431
06/10/2006,JRF,HI,AWP,WE,Federal Contract Tower,0,0,1,0,1,0,0,47,0,47,0,0,48,0,48,378,37,415,463
06/11/2006,JRF,HI,AWP,WE,Federal Contract Tower,0,0,2,2,4,12,0,35,1,48,12,0,37,3,52,233,24,257,309
06/12/2006,JRF,HI,AWP,WE,Federal Contract Tower,0,1,3,5,9,12,0,40,11,63,12,1,43,16,72,288,95,383,455
06/13/2006,JRF,HI,AWP,WE,Federal Contract Tower,0,0,1,3,4,0,2,61,13,76,0,2,62,16,80,306,79,385,465
06/14/2006,JRF,HI,AWP,WE,Federal Contract Tower,1,0,5,6,12,1,0,26,25,52,2,0,31,31,64,237,86,323,387
06/15/2006,JRF,HI,AWP,WE,Federal Contract Tower,0,0,5,9,14,0,0,32,14,46,0,0,37,23,60,237,101,338,398
06/16/2006,JRF,HI,AWP,WE,Federal Contract Tower,0,0,0,1,1,0,0,18,1,19,0,0,18,2,20,157,12,169,189
06/17/2006,JRF,HI,AWP,WE,Federal Contract Tower,0,0,1,1,2,2,0,19,3,24,2,0,20,4,26,263,16,279,305
06/18/2006,JRF,HI,AWP,WE,Federal Contract Tower,0,0,3,0,3,12,0,33,6,51,12,0,36,6,54,176,39,215,269
06/19/2006,JRF,HI,AWP,WE,Federal Contract Tower,0,0,8,2,10,14,2,36,0,52,14,2,44,2,62,245,76,321,383
06/20/2006,JRF,HI,AWP,WE,Federal Contract Tower,0,0,0,1,1,0,0,69,14,83,0,0,69,15,84,199,27,226,310
06/21/2006,JRF,HI,AWP,WE,Federal Contract Tower,0,0,6,4,10,4,0,50,23,77,4,0,56,27,87,346,10,356,443
06/22/2006,JRF,HI,AWP,WE,Federal Contract Tower,0,0,9,5,14,1,0,39,8,48,1,0,48,13,62,387,43,430,492
06/23/2006,JRF,HI,AWP,WE,Federal Contract Tower,0,0,2,9,11,2,0,53,38,93,2,0,55,47,104,292,50,342,446
06/24/2006,JRF,HI,AWP,WE,Federal Contract Tower,0,0,0,0,0,6,0,45,0,51,6,0,45,0,51,317,24,341,392
06/25/2006,JRF,HI,AWP,WE,Federal Contract Tower,1,0,1,2,4,14,0,29,4,47,15,0,30,6,51,231,17,248,299
06/26/2006,JRF,HI,AWP,WE,Federal Contract Tower,0,0,2,0,2,12,0,43,1,56,12,0,45,1,58,246,57,303,361
06/27/2006,JRF,HI,AWP,WE,Federal Contract Tower,0,0,1,3,4,0,0,89,3,92,0,0,90,6,96,353,6,359,455
06/28/2006,JRF,HI,AWP,WE,Federal Contract Tower,0,0,3,2,5,2,0,50,5,57,2,0,53,7,62,341,20,361,423
06/29/2006,JRF,HI,AWP,WE,Federal Contract Tower,1,1,5,2,9,0,0,47,11,58,1,1,52,13,67,398,3,401,468
06/30/2006,JRF,HI,AWP,WE,Federal Contract Tower,0,0,2,0,2,0,2,46,4,52,0,2,48,4,54,235,2,237,291
07/01/2006,JRF,HI,AWP,WE,Federal Contract Tower,1,0,0,1,2,0,0,48,7,55,1,0,48,8,57,338,23,361,418
07/02/2006,JRF,HI,AWP,WE,Federal Contract Tower,0,0,0,0,0,14,0,46,1,61,14,0,46,1,61,209,5,214,275
07/03/2006,JRF,HI,AWP,WE,Federal Contract Tower,0,0,0,0,0,13,1,34,0,48,13,1,34,0,48,188,4,192,240
07/04/2006,JRF,HI,AWP,WE,Federal Contract Tower,0,4,1,0,5,0,10,32,7,49,0,14,33,7,54,168,34,202,256
07/05/2006,JRF,HI,AWP,WE,Federal Contract Tower,0,0,3,2,5,2,0,42,2,46,2,0,45,4,51,229,142,371,422
07/06/2006,JRF,HI,AWP,WE,Federal Contract Tower,0,0,0,1,1,0,2,47,7,56,0,2,47,8,57,299,85,384,441
07/07/2006,JRF,HI,AWP,WE,Federal Contract Tower,0,0,0,1,1,2,10,47,5,64,2,10,47,6,65,307,39,346,411
07/08/2006,JRF,HI,AWP,WE,Federal Contract Tower,0,0,0,2,2,0,2,24,2,28,0,2,24,4,30,223,9,232,262
07/09/2006,JRF,HI,AWP,WE,Federal Contract Tower,0,0,0,0,0,14,2,24,6,46,14,2,24,6,46,171,20,191,237
07/10/2006,JRF,HI,AWP,WE,Federal Contract Tower,11,2,2,2,17,1,0,24,6,31,12,2,26,8,48,279,21,300,348
07/11/2006,JRF,HI,AWP,WE,Federal Contract Tower,0,2,4,4,10,2,2,13,17,34,2,4,17,21,44,204,69,273,317
07/12/2006,JRF,HI,AWP,WE,Federal Contract Tower,1,2,1,0,4,1,0,70,2,73,2,2,71,2,77,314,27,341,418
07/13/2006,JRF,HI,AWP,WE,Federal Contract Tower,0,0,0,1,1,0,0,42,13,55,0,0,42,14,56,274,18,292,348
07/14/2006,JRF,HI,AWP,WE,Federal Contract Tower,0,0,0,1,1,4,0,52,18,74,4,0,52,19,75,286,23,309,384
07/15/2006,JRF,HI,AWP,WE,Federal Contract Tower,0,0,1,1,2,12,0,35,13,60,12,0,36,14,62,242,4,246,308
07/16/2006,JRF,HI,AWP,WE,Federal Contract Tower,0,0,0,0,0,14,0,56,12,82,14,0,56,12,82,259,9,268,350
07/17/2006,JRF,HI,AWP,WE,Federal Contract Tower,0,0,0,0,0,13,0,46,8,67,13,0,46,8,67,313,106,419,486
07/18/2006,JRF,HI,AWP,WE,Federal Contract Tower,0,0,1,3,4,0,0,41,5,46,0,0,42,8,50,268,39,307,357
07/19/2006,JRF,HI,AWP,WE,Federal Contract Tower,0,2,5,5,12,4,0,61,10,75,4,2,66,15,87,273,67,340,427
07/20/2006,JRF,HI,AWP,WE,Federal Contract Tower,0,0,6,2,8,0,0,46,16,62,0,0,52,18,70,342,35,377,447
07/21/2006,JRF,HI,AWP,WE,Federal Contract Tower,0,0,10,6,16,0,2,43,0,45,0,2,53,6,61,272,4,276,337
07/22/2006,JRF,HI,AWP,WE,Federal Contract Tower,1,0,1,5,7,12,0,59,5,76,13,0,60,10,83,267,29,296,379
07/23/2006,JRF,HI,AWP,WE,Federal Contract Tower,0,0,4,0,4,12,0,21,7,40,12,0,25,7,44,191,3,194,238
07/24/2006,JRF,HI,AWP,WE,Federal Contract Tower,0,0,4,4,8,0,0,39,1,40,0,0,43,5,48,305,32,337,385
07/25/2006,JRF,HI,AWP,WE,Federal Contract Tower,0,0,2,0,2,0,0,57,14,71,0,0,59,14,73,241,63,304,377
07/26/2006,JRF,HI,AWP,WE,Federal Contract Tower,3,3,8,3,17,0,0,68,15,83,3,3,76,18,100,331,85,416,516
07/27/2006,JRF,HI,AWP,WE,Federal Contract Tower,0,0,2,2,4,0,0,40,2,42,0,0,42,4,46,254,8,262,308
07/28/2006,JRF,HI,AWP,WE,Federal Contract Tower,0,2,5,9,16,13,0,39,4,56,13,2,44,13,72,229,30,259,331
07/29/2006,JRF,HI,AWP,WE,Federal Contract Tower,0,0,1,0,1,2,0,54,9,65,2,0,55,9,66,203,5,208,274
07/30/2006,JRF,HI,AWP,WE,Federal Contract Tower,0,2,0,1,3,10,0,57,7,74,10,2,57,8,77,246,44,290,367
07/31/2006,JRF,HI,AWP,WE,Federal Contract Tower,0,0,4,2,6,0,0,64,0,64,0,0,68,2,70,316,71,387,457
08/01/2006,JRF,HI,AWP,WE,Federal Contract Tower,0,0,2,4,6,2,0,47,4,53,2,0,49,8,59,371,188,559,618
08/02/2006,JRF,HI,AWP,WE,Federal Contract Tower,0,0,2,2,4,2,0,48,7,57,2,0,50,9,61,284,51,335,396
08/03/2006,JRF,HI,AWP,WE,Federal Contract Tower,0,0,10,4,14,0,0,46,0,46,0,0,56,4,60,209,89,298,358
08/04/2006,JRF,HI,AWP,WE,Federal Contract Tower,0,0,7,3,10,0,3,35,5,43,0,3,42,8,53,321,45,366,419
08/05/2006,JRF,HI,AWP,WE,Federal Contract Tower,0,1,1,0,2,12,4,23,5,44,12,5,24,5,46,186,8,194,240
08/06/2006,JRF,HI,AWP,WE,Federal Contract Tower,0,0,3,1,4,4,2,18,6,30,4,2,21,7,34,189,23,212,246
08/07/2006,JRF,HI,AWP,WE,Federal Contract Tower,0,0,4,1,5,0,0,70,0,70,0,0,74,1,75,422,66,488,563
08/08/2006,JRF,HI,AWP,WE,Federal Contract Tower,0,0,7,2,9,0,0,16,9,25,0,0,23,11,34,339,121,460,494
08/09/2006,JRF,HI,AWP,WE,Federal Contract Tower,0,0,2,6,8,0,0,41,2,43,0,0,43,8,51,131,27,158,209
08/10/2006,JRF,HI,AWP,WE,Federal Contract Tower,0,2,4,1,7,0,10,62,4,76,0,12,66,5,83,306,118,424,507
08/11/2006,JRF,HI,AWP,WE,Federal Contract Tower,0,0,5,1,6,0,0,47,3,50,0,0,52,4,56,278,37,315,371
08/12/2006,JRF,HI,AWP,WE,Federal Contract Tower,0,0,4,0,4,8,0,44,0,52,8,0,48,0,56,356,7,363,419
08/13/2006,JRF,HI,AWP,WE,Federal Contract Tower,0,0,0,0,0,14,0,50,0,64,14,0,50,0,64,277,16,293,357
08/14/2006,JRF,HI,AWP,WE,Federal Contract Tower,0,0,3,1,4,14,0,12,0,26,14,0,15,1,30,271,21,292,322
08/15/2006,JRF,HI,AWP,WE,Federal Contract Tower,0,0,0,3,3,0,0,35,0,35,0,0,35,3,38,330,52,382,420
08/16/2006,JRF,HI,AWP,WE,Federal Contract Tower,0,0,0,1,1,0,0,28,0,28,0,0,28,1,29,177,30,207,236
08/17/2006,JRF,HI,AWP,WE,Federal Contract Tower,0,0,5,2,7,0,0,48,6,54,0,0,53,8,61,263,40,303,364
08/18/2006,JRF,HI,AWP,WE,Federal Contract Tower,0,0,3,4,7,0,0,59,0,59,0,0,62,4,66,295,33,328,394
08/19/2006,JRF,HI,AWP,WE,Federal Contract Tower,0,0,1,0,1,2,0,36,0,38,2,0,37,0,39,189,6,195,234
08/20/2006,JRF,HI,AWP,WE,Federal Contract Tower,0,0,0,2,2,0,0,44,2,46,0,0,44,4,48,280,19,299,347
08/21/2006,JRF,HI,AWP,WE,Federal Contract Tower,0,0,0,2,2,12,0,22,7,41,12,0,22,9,43,189,9,198,241
08/22/2006,JRF,HI,AWP,WE,Federal Contract Tower,0,0,5,6,11,0,0,32,5,37,0,0,37,11,48,215,69,284,332
08/23/2006,JRF,HI,AWP,WE,Federal Contract Tower,0,0,5,0,5,0,0,49,0,49,0,0,54,0,54,242,78,320,374
08/24/2006,JRF,HI,AWP,WE,Federal Contract Tower,0,0,2,5,7,0,0,42,2,44,0,0,44,7,51,223,4,227,278
08/25/2006,JRF,HI,AWP,WE,Federal Contract Tower,0,0,0,2,2,2,0,37,0,39,2,0,37,2,41,344,42,386,427
08/26/2006,JRF,HI,AWP,WE,Federal Contract Tower,0,0,1,0,1,0,0,36,0,36,0,0,37,0,37,288,5,293,330
08/27/2006,JRF,HI,AWP,WE,Federal Contract Tower,0,0,1,0,1,12,2,31,1,46,12,2,32,1,47,240,23,263,310
08/28/2006,JRF,HI,AWP,WE,Federal Contract Tower,0,0,4,4,8,12,0,30,7,49,12,0,34,11,57,180,44,224,281
08/29/2006,JRF,HI,AWP,WE,Federal Contract Tower,0,0,1,1,2,0,0,44,13,57,0,0,45,14,59,326,108,434,493
08/30/2006,JRF,HI,AWP,WE,Federal Contract Tower,0,0,7,2,9,4,0,31,1,36,4,0,38,3,45,268,89,357,402
08/31/2006,JRF,HI,AWP,WE,Federal Contract Tower,0,0,11,3,14,0,0,30,8,38,0,0,41,11,52,201,63,264,316
09/01/2006,JRF,HI,AWP,WE,Federal Contract Tower,0,0,2,2,4,0,0,47,2,49,0,0,49,4,53,304,30,334,387
09/02/2006,JRF,HI,AWP,WE,Federal Contract Tower,0,0,2,0,2,0,0,32,0,32,0,0,34,0,34,237,18,255,289
09/03/2006,JRF,HI,AWP,WE,Federal Contract Tower,0,0,4,0,4,0,0,46,0,46,0,0,50,0,50,251,4,255,305
09/04/2006,JRF,HI,AWP,WE,Federal Contract Tower,0,1,7,1,9,2,0,65,6,73,2,1,72,7,82,333,18,351,433
09/05/2006,JRF,HI,AWP,WE,Federal Contract Tower,0,0,6,1,7,0,0,50,0,50,0,0,56,1,57,239,22,261,318
09/06/2006,JRF,HI,AWP,WE,Federal Contract Tower,0,0,9,1,10,12,4,23,3,42,12,4,32,4,52,268,48,316,368
09/07/2006,JRF,HI,AWP,WE,Federal Contract Tower,0,0,7,1,8,12,0,61,10,83,12,0,68,11,91,547,124,671,762
09/08/2006,JRF,HI,AWP,WE,Federal Contract Tower,0,0,1,2,3,0,0,54,5,59,0,0,55,7,62,271,19,290,352
09/09/2006,JRF,HI,AWP,WE,Federal Contract Tower,0,0,7,0,7,2,2,5,3,12,2,2,12,3,19,186,16,202,221
09/10/2006,JRF,HI,AWP,WE,Federal Contract Tower,0,0,0,1,1,12,0,42,1,55,12,0,42,2,56,264,2,266,322
09/11/2006,JRF,HI,AWP,WE,Federal Contract Tower,0,0,4,0,4,0,0,46,8,54,0,0,50,8,58,213,28,241,299
09/12/2006,JRF,HI,AWP,WE,Federal Contract Tower,0,0,9,0,9,0,0,45,14,59,0,0,54,14,68,376,41,417,485
09/13/2006,JRF,HI,AWP,WE,Federal Contract Tower,2,0,5,2,9,12,0,48,0,60,14,0,53,2,69,350,11,361,430
09/14/2006,JRF,HI,AWP,WE,Federal Contract Tower,1,0,3,2,6,11,0,46,7,64,12,0,49,9,70,412,58,470,540
09/15/2006,JRF,HI,AWP,WE,Federal Contract Tower,0,0,2,0,2,0,0,67,6,73,0,0,69,6,75,305,15,320,395
09/16/2006,JRF,HI,AWP,WE,Federal Contract Tower,0,0,3,0,3,0,4,38,5,47,0,4,41,5,50,390,28,418,468
09/17/2006,JRF,HI,AWP,WE,Federal Contract Tower,0,0,0,0,0,12,4,25,0,41,12,4,25,0,41,245,8,253,294
09/18/2006,JRF,HI,AWP,WE,Federal Contract Tower,0,0,9,3,12,0,0,41,3,44,0,0,50,6,56,368,14,382,438
09/19/2006,JRF,HI,AWP,WE,Federal Contract Tower,0,0,5,3,8,6,0,34,1,41,6,0,39,4,49,230,70,300,349
09/20/2006,JRF,HI,AWP,WE,Federal Contract Tower,1,0,6,0,7,11,0,22,6,39,12,0,28,6,46,140,107,247,293
09/21/2006,JRF,HI,AWP,WE,Federal Contract Tower,0,0,3,7,10,12,0,52,6,70,12,0,55,13,80,426,131,557,637
09/22/2006,JRF,HI,AWP,WE,Federal Contract Tower,0,0,0,3,3,0,2,79,12,93,0,2,79,15,96,382,37,419,515
09/23/2006,JRF,HI,AWP,WE,Federal Contract Tower,0,0,2,2,4,2,0,35,0,37,2,0,37,2,41,285,8,293,334
09/24/2006,JRF,HI,AWP,WE,Federal Contract Tower,0,0,2,0,2,2,2,36,0,40,2,2,38,0,42,375,8,383,425
09/25/2006,JRF,HI,AWP,WE,Federal Contract Tower,0,0,5,8,13,2,0,77,4,83,2,0,82,12,96,424,53,477,573
09/26/2006,JRF,HI,AWP,WE,Federal Contract Tower,0,2,2,7,11,0,0,0,1,1,0,2,2,8,12,248,116,364,376
09/27/2006,JRF,HI,AWP,WE,Federal Contract Tower,0,0,4,0,4,12,0,39,4,55,12,0,43,4,59,316,8,324,383
09/28/2006,JRF,HI,AWP,WE,Federal Contract Tower,0,0,4,3,7,12,0,55,4,71,12,0,59,7,78,268,45,313,391
09/29/2006,JRF,HI,AWP,WE,Federal Contract Tower,0,0,3,2,5,0,0,63,2,65,0,0,66,4,70,356,22,378,448
09/30/2006,JRF,HI,AWP,WE,Federal Contract Tower,0,0,2,0,2,0,0,37,0,37,0,0,39,0,39,500,9,509,548
10/01/2006,JRF,HI,AWP,WE,Federal Contract Tower,0,0,0,0,0,0,0,68,2,70,0,0,68,2,70,345,19,364,434
10/02/2006,JRF,HI,AWP,WE,Federal Contract Tower,0,0,5,2,7,0,0,44,14,58,0,0,49,16,65,234,37,271,336
10/03/2006,JRF,HI,AWP,WE,Federal Contract Tower,0,0,5,8,13,6,0,35,0,41,6,0,40,8,54,305,67,372,426
10/04/2006,JRF,HI,AWP,WE,Federal Contract Tower,0,0,2,0,2,12,0,34,30,76,12,0,36,30,78,279,76,355,433
10/05/2006,JRF,HI,AWP,WE,Federal Contract Tower,0,0,4,3,7,12,0,41,1,54,12,0,45,4,61,471,34,505,566
10/06/2006,JRF,HI,AWP,WE,Federal Contract Tower,0,0,8,1,9,0,2,27,4,33,0,2,35,5,42,219,19,238,280
10/07/2006,JRF,HI,AWP,WE,Federal Contract Tower,0,0,5,0,5,0,2,26,0,28,0,2,31,0,33,375,25,400,433
10/08/2006,JRF,HI,AWP,WE,Federal Contract Tower,0,0,0,2,2,0,0,85,3,88,0,0,85,5,90,309,35,344,434
10/09/2006,JRF,HI,AWP,WE,Federal Contract Tower,0,0,5,0,5,0,0,36,4,40,0,0,41,4,45,277,59,336,381
10/10/2006,JRF,HI,AWP,WE,Federal Contract Tower,0,0,2,2,4,0,2,28,2,32,0,2,30,4,36,246,20,266,302
10/11/2006,JRF,HI,AWP,WE,Federal Contract Tower,0,0,2,1,3,13,0,31,1,45,13,0,33,2,48,374,57,431,479
10/12/2006,JRF,HI,AWP,WE,Federal Contract Tower,0,0,2,4,6,0,0,46,5,51,0,0,48,9,57,438,62,500,557
10/13/2006,JRF,HI,AWP,WE,Federal Contract Tower,0,0,4,6,10,0,2,86,0,88,0,2,90,6,98,418,100,518,616
10/14/2006,JRF,HI,AWP,WE,Federal Contract Tower,0,0,2,2,4,0,1,10,2,13,0,1,12,4,17,215,23,238,255
10/15/2006,JRF,HI,AWP,WE,Federal Contract Tower,0,0,0,1,1,0,0,10,0,10,0,0,10,1,11,5,0,5,16
10/16/2006,JRF,HI,AWP,WE,Federal Contract Tower,0,0,1,2,3,0,0,28,0,28,0,0,29,2,31,257,4,261,292
10/17/2006,JRF,HI,AWP,WE,Federal Contract Tower,0,0,4,6,10,0,1,33,2,36,0,1,37,8,46,421,52,473,519
10/18/2006,JRF,HI,AWP,WE,Federal Contract Tower,0,0,2,5,7,15,0,36,1,52,15,0,38,6,59,355,36,391,450
10/19/2006,JRF,HI,AWP,WE,Federal Contract Tower,0,0,6,4,10,12,0,48,6,66,12,0,54,10,76,425,93,518,594
10/20/2006,JRF,HI,AWP,WE,Federal Contract Tower,0,0,6,7,13,0,0,35,3,38,0,0,41,10,51,247,39,286,337
10/21/2006,JRF,HI,AWP,WE,Federal Contract Tower,0,0,2,0,2,4,0,48,0,52,4,0,50,0,54,342,29,371,425
10/22/2006,JRF,HI,AWP,WE,Federal Contract Tower,0,0,0,1,1,0,0,57,0,57,0,0,57,1,58,277,23,300,358
10/23/2006,JRF,HI,AWP,WE,Federal Contract Tower,0,0,2,4,6,0,0,53,1,54,0,0,55,5,60,307,42,349,409
10/24/2006,JRF,HI,AWP,WE,Federal Contract Tower,0,0,3,5,8,0,0,47,0,47,0,0,50,5,55,310,74,384,439
10/25/2006,JRF,HI,AWP,WE,Federal Contract Tower,0,0,7,0,7,12,0,51,0,63,12,0,58,0,70,450,2,452,522
10/26/2006,JRF,HI,AWP,WE,Federal Contract Tower,6,0,7,2,15,6,0,53,4,63,12,0,60,6,78,345,63,408,486
10/27/2006,JRF,HI,AWP,WE,Federal Contract Tower,0,0,5,2,7,0,0,61,4,65,0,0,66,6,72,356,29,385,457
10/28/2006,JRF,HI,AWP,WE,Federal Contract Tower,0,0,4,0,4,0,0,54,2,56,0,0,58,2,60,378,5,383,443
10/29/2006,JRF,HI,AWP,WE,Federal Contract Tower,0,0,4,1,5,0,0,44,5,49,0,0,48,6,54,266,10,276,330
10/30/2006,JRF,HI,AWP,WE,Federal Contract Tower,0,0,2,5,7,0,0,66,1,67,0,0,68,6,74,330,12,342,416
10/31/2006,JRF,HI,AWP,WE,Federal Contract Tower,0,0,4,4,8,0,0,69,13,82,0,0,73,17,90,286,34,320,410
11/01/2006,JRF,HI,AWP,WE,Federal Contract Tower,0,0,0,3,3,0,0,33,0,33,0,0,33,3,36,60,30,90,126
11/02/2006,JRF,HI,AWP,WE,Federal Contract Tower,0,0,1,5,6,14,0,7,1,22,14,0,8,6,28,28,16,44,72
11/03/2006,JRF,HI,AWP,WE,Federal Contract Tower,0,0,0,1,1,0,0,64,12,76,0,0,64,13,77,354,56,410,487
11/04/2006,JRF,HI,AWP,WE,Federal Contract Tower,0,0,4,1,5,0,0,32,13,45,0,0,36,14,50,287,29,316,366
11/05/2006,JRF,HI,AWP,WE,Federal Contract Tower,0,0,0,3,3,7,4,30,1,42,7,4,30,4,45,195,10,205,250
11/06/2006,JRF,HI,AWP,WE,Federal Contract Tower,0,0,3,3,6,0,5,69,8,82,0,5,72,11,88,355,20,375,463
11/07/2006,JRF,HI,AWP,WE,Federal Contract Tower,0,0,9,5,14,2,2,41,7,52,2,2,50,12,66,280,62,342,408
11/08/2006,JRF,HI,AWP,WE,Federal Contract Tower,0,0,4,2,6,12,0,43,0,55,12,0,47,2,61,217,37,254,315
11/09/2006,JRF,HI,AWP,WE,Federal Contract Tower,0,0,3,1,4,0,0,35,1,36,0,0,38,2,40,331,46,377,417
11/10/2006,JRF,HI,AWP,WE,Federal Contract Tower,0,0,9,2,11,4,2,42,10,58,4,2,51,12,69,306,13,319,388
11/11/2006,JRF,HI,AWP,WE,Federal Contract Tower,0,0,2,1,3,4,2,36,0,42,4,2,38,1,45,293,2,295,340
11/12/2006,JRF,HI,AWP,WE,Federal Contract Tower,0,0,1,0,1,0,0,48,0,48,0,0,49,0,49,212,15,227,276
11/13/2006,JRF,HI,AWP,WE,Federal Contract Tower,0,0,3,3,6,1,1,64,3,69,1,1,67,6,75,401,12,413,488
11/14/2006,JRF,HI,AWP,WE,Federal Contract Tower,0,0,7,3,10,0,4,28,17,49,0,4,35,20,59,275,50,325,384
11/15/2006,JRF,HI,AWP,WE,Federal Contract Tower,0,0,13,1,14,12,0,27,7,46,12,0,40,8,60,303,52,355,415
11/16/2006,JRF,HI,AWP,WE,Federal Contract Tower,0,0,7,4,11,12,2,47,2,63,12,2,54,6,74,432,41,473,547
11/17/2006,JRF,HI,AWP,WE,Federal Contract Tower,0,0,8,3,11,0,2,34,0,36,0,2,42,3,47,307,9,316,363
11/18/2006,JRF,HI,AWP,WE,Federal Contract Tower,0,0,1,2,3,0,0,23,1,24,0,0,24,3,27,223,4,227,254
11/19/2006,JRF,HI,AWP,WE,Federal Contract Tower,0,0,0,2,2,2,0,20,4,26,2,0,20,6,28,209,22,231,259
11/20/2006,JRF,HI,AWP,WE,Federal Contract Tower,0,0,2,5,7,0,1,57,3,61,0,1,59,8,68,211,10,221,289
11/21/2006,JRF,HI,AWP,WE,Federal Contract Tower,0,0,9,2,11,0,0,34,4,38,0,0,43,6,49,260,40,300,349
11/22/2006,JRF,HI,AWP,WE,Federal Contract Tower,0,0,14,0,14,12,0,20,6,38,12,0,34,6,52,312,11,323,375
11/23/2006,JRF,HI,AWP,WE,Federal Contract Tower,0,0,0,1,1,12,0,10,1,23,12,0,10,2,24,59,3,62,86
11/24/2006,JRF,HI,AWP,WE,Federal Contract Tower,0,0,2,2,4,0,2,60,3,65,0,2,62,5,69,269,6,275,344
11/25/2006,JRF,HI,AWP,WE,Federal Contract Tower,0,0,0,0,0,0,0,32,0,32,0,0,32,0,32,285,18,303,335
11/26/2006,JRF,HI,AWP,WE,Federal Contract Tower,0,1,0,0,1,10,0,50,2,62,10,1,50,2,63,254,12,266,329
11/27/2006,JRF,HI,AWP,WE,Federal Contract Tower,0,0,1,1,2,0,0,42,14,56,0,0,43,15,58,272,18,290,348
11/28/2006,JRF,HI,AWP,WE,Federal Contract Tower,0,0,4,3,7,0,0,62,14,76,0,0,66,17,83,427,38,465,548
11/29/2006,JRF,HI,AWP,WE,Federal Contract Tower,0,0,12,1,13,12,0,35,5,52,12,0,47,6,65,391,12,403,468
11/30/2006,JRF,HI,AWP,WE,Federal Contract Tower,0,0,12,4,16,12,0,17,0,29,12,0,29,4,45,258,58,316,361
12/01/2006,JRF,HI,AWP,WE,Federal Contract Tower,0,0,3,5,8,0,0,75,6,81,0,0,78,11,89,295,20,315,404
12/02/2006,JRF,HI,AWP,WE,Federal Contract Tower,0,0,0,0,0,0,0,10,0,10,0,0,10,0,10,45,9,54,64
12/03/2006,JRF,HI,AWP,WE,Federal Contract Tower,0,0,1,1,2,11,0,23,3,37,11,0,24,4,39,146,21,167,206
12/04/2006,JRF,HI,AWP,WE,Federal Contract Tower,0,0,8,5,13,0,0,38,12,50,0,0,46,17,63,177,63,240,303
12/05/2006,JRF,HI,AWP,WE,Federal Contract Tower,0,0,3,6,9,6,0,31,8,45,6,0,34,14,54,267,58,325,379
12/06/2006,JRF,HI,AWP,WE,Federal Contract Tower,0,0,3,1,4,13,1,33,8,55,13,1,36,9,59,267,48,315,374
12/07/2006,JRF,HI,AWP,WE,Federal Contract Tower,0,0,2,5,7,1,6,30,7,44,1,6,32,12,51,241,30,271,322
12/08/2006,JRF,HI,AWP,WE,Federal Contract Tower,0,0,9,4,13,0,0,27,0,27,0,0,36,4,40,180,25,205,245
12/09/2006,JRF,HI,AWP,WE,Federal Contract Tower,0,0,0,4,4,2,2,25,1,30,2,2,25,5,34,141,6,147,181
12/10/2006,JRF,HI,AWP,WE,Federal Contract Tower,0,0,0,1,1,0,0,33,4,37,0,0,33,5,38,219,7,226,264
12/11/2006,JRF,HI,AWP,WE,Federal Contract Tower,0,0,3,6,9,4,0,91,0,95,4,0,94,6,104,251,20,271,375
12/12/2006,JRF,HI,AWP,WE,Federal Contract Tower,0,0,4,5,9,4,0,52,5,61,4,0,56,10,70,252,71,323,393
12/13/2006,JRF,HI,AWP,WE,Federal Contract Tower,0,0,7,0,7,12,0,33,6,51,12,0,40,6,58,278,57,335,393
12/14/2006,JRF,HI,AWP,WE,Federal Contract Tower,0,1,4,2,7,12,7,26,3,48,12,8,30,5,55,227,54,281,336
12/15/2006,JRF,HI,AWP,WE,Federal Contract Tower,0,0,1,1,2,2,0,30,2,34,2,0,31,3,36,151,13,164,200
12/16/2006,JRF,HI,AWP,WE,Federal Contract Tower,0,0,1,2,3,0,0,34,0,34,0,0,35,2,37,237,39,276,313
12/17/2006,JRF,HI,AWP,WE,Federal Contract Tower,0,0,4,2,6,4,0,57,0,61,4,0,61,2,67,317,13,330,397
12/18/2006,JRF,HI,AWP,WE,Federal Contract Tower,0,2,3,3,8,2,8,38,6,54,2,10,41,9,62,177,74,251,313
12/19/2006,JRF,HI,AWP,WE,Federal Contract Tower,0,0,1,6,7,0,0,37,6,43,0,0,38,12,50,300,61,361,411
12/20/2006,JRF,HI,AWP,WE,Federal Contract Tower,0,0,1,6,7,0,0,24,0,24,0,0,25,6,31,240,89,329,360
12/21/2006,JRF,HI,AWP,WE,Federal Contract Tower,0,0,3,0,3,12,0,63,0,75,12,0,66,0,78,386,57,443,521
12/22/2006,JRF,HI,AWP,WE,Federal Contract Tower,0,0,0,2,2,4,0,63,3,70,4,0,63,5,72,204,63,267,339
12/23/2006,JRF,HI,AWP,WE,Federal Contract Tower,1,0,2,1,4,1,2,19,1,23,2,2,21,2,27,132,41,173,200
12/24/2006,JRF,HI,AWP,WE,Federal Contract Tower,0,0,0,0,0,0,0,23,0,23,0,0,23,0,23,115,2,117,140
12/25/2006,JRF,HI,AWP,WE,Federal Contract Tower,0,0,0,0,0,0,0,6,0,6,0,0,6,0,6,52,0,52,58
12/26/2006,JRF,HI,AWP,WE,Federal Contract Tower,0,0,3,2,5,0,0,43,2,45,0,0,46,4,50,200,13,213,263
12/27/2006,JRF,HI,AWP,WE,Federal Contract Tower,0,0,1,3,4,0,0,24,7,31,0,0,25,10,35,347,38,385,420
12/28/2006,JRF,HI,AWP,WE,Federal Contract Tower,0,0,1,6,7,18,0,74,2,94,18,0,75,8,101,323,32,355,456
12/29/2006,JRF,HI,AWP,WE,Federal Contract Tower,0,0,0,0,0,0,0,22,0,22,0,0,22,0,22,102,18,120,142
12/30/2006,JRF,HI,AWP,WE,Federal Contract Tower,0,0,0,1,1,0,2,60,1,63,0,2,60,2,64,229,40,269,333
12/31/2006,JRF,HI,AWP,WE,Federal Contract Tower,0,0,0,1,1,0,0,96,1,97,0,0,96,2,98,156,8,164,262
01/01/2007,JRF,HI,AWP,WE,Federal Contract Tower,0,0,0,0,0,0,0,51,0,51,0,0,51,0,51,193,2,195,246
01/02/2007,JRF,HI,AWP,WE,Federal Contract Tower,0,0,0,0,0,2,0,65,0,67,2,0,65,0,67,259,3,262,329
01/03/2007,JRF,HI,AWP,WE,Federal Contract Tower,0,0,1,2,3,12,2,72,0,86,12,2,73,2,89,220,29,249,338
01/04/2007,JRF,HI,AWP,WE,Federal Contract Tower,0,0,3,1,4,12,0,28,9,49,12,0,31,10,53,145,31,176,229
01/05/2007,JRF,HI,AWP,WE,Federal Contract Tower,0,0,4,2,6,14,7,70,6,97,14,7,74,8,103,306,36,342,445
01/06/2007,JRF,HI,AWP,WE,Federal Contract Tower,0,0,0,2,2,0,0,110,6,116,0,0,110,8,118,230,45,275,393
01/07/2007,JRF,HI,AWP,WE,Federal Contract Tower,0,0,0,1,1,0,0,123,5,128,0,0,123,6,129,161,78,239,368
01/08/2007,JRF,HI,AWP,WE,Federal Contract Tower,0,0,2,0,2,0,0,32,0,32,0,0,34,0,34,76,43,119,153
01/09/2007,JRF,HI,AWP,WE,Federal Contract Tower,0,0,2,8,10,6,0,33,3,42,6,0,35,11,52,134,75,209,261
01/10/2007,JRF,HI,AWP,WE,Federal Contract Tower,0,0,1,6,7,12,2,59,6,79,12,2,60,12,86,222,17,239,325
01/11/2007,JRF,HI,AWP,WE,Federal Contract Tower,0,0,6,4,10,14,0,55,8,77,14,0,61,12,87,283,54,337,424
01/12/2007,JRF,HI,AWP,WE,Federal Contract Tower,0,0,3,2,5,4,0,50,25,79,4,0,53,27,84,162,44,206,290
01/13/2007,JRF,HI,AWP,WE,Federal Contract Tower,0,0,0,1,1,0,0,48,6,54,0,0,48,7,55,142,14,156,211
01/14/2007,JRF,HI,AWP,WE,Federal Contract Tower,0,0,0,1,1,14,0,35,1,50,14,0,35,2,51,136,7,143,194
01/15/2007,JRF,HI,AWP,WE,Federal Contract Tower,0,0,6,0,6,16,0,69,0,85,16,0,75,0,91,212,1,213,304
01/16/2007,JRF,HI,AWP,WE,Federal Contract Tower,0,0,1,5,6,0,0,26,1,27,0,0,27,6,33,229,143,372,405
01/17/2007,JRF,HI,AWP,WE,Federal Contract Tower,0,0,3,1,4,0,4,42,8,54,0,4,45,9,58,211,25,236,294
01/18/2007,JRF,HI,AWP,WE,Federal Contract Tower,0,0,3,4,7,12,4,41,10,67,12,4,44,14,74,214,107,321,395
01/19/2007,JRF,HI,AWP,WE,Federal Contract Tower,0,0,1,6,7,2,4,41,4,51,2,4,42,10,58,200,80,280,338
01/20/2007,JRF,HI,AWP,WE,Federal Contract Tower,0,0,0,0,0,6,0,125,0,131,6,0,125,0,131,90,26,116,247
01/21/2007,JRF,HI,AWP,WE,Federal Contract Tower,0,0,0,1,1,21,0,46,1,68,21,0,46,2,69,169,22,191,260
01/22/2007,JRF,HI,AWP,WE,Federal Contract Tower,0,0,4,4,8,0,0,72,9,81,0,0,76,13,89,274,104,378,467
01/23/2007,JRF,HI,AWP,WE,Federal Contract Tower,0,0,0,7,7,8,0,16,0,24,8,0,16,7,31,166,57,223,254
01/24/2007,JRF,HI,AWP,WE,Federal Contract Tower,0,0,8,3,11,0,0,46,1,47,0,0,54,4,58,322,65,387,445
01/25/2007,JRF,HI,AWP,WE,Federal Contract Tower,0,0,2,7,9,14,0,51,19,84,14,0,53,26,93,269,120,389,482
01/26/2007,JRF,HI,AWP,WE,Federal Contract Tower,0,0,4,1,5,14,0,48,8,70,14,0,52,9,75,216,53,269,344
01/27/2007,JRF,HI,AWP,WE,Federal Contract Tower,0,0,2,0,2,2,0,22,0,24,2,0,24,0,26,203,5,208,234
01/28/2007,JRF,HI,AWP,WE,Federal Contract Tower,0,0,1,0,1,0,0,19,0,19,0,0,20,0,20,271,19,290,310
01/29/2007,JRF,HI,AWP,WE,Federal Contract Tower,0,0,1,0,1,12,0,9,3,24,12,0,10,3,25,69,97,166,191
01/30/2007,JRF,HI,AWP,WE,Federal Contract Tower,0,0,1,3,4,2,4,29,17,52,2,4,30,20,56,120,100,220,276
01/31/2007,JRF,HI,AWP,WE,Federal Contract Tower,0,0,3,7,10,0,0,41,1,42,0,0,44,8,52,152,124,276,328
02/01/2007,JRF,HI,AWP,WE,Federal Contract Tower,0,0,0,4,4,14,0,84,6,104,14,0,84,10,108,280,121,401,509
02/02/2007,JRF,HI,AWP,WE,Federal Contract Tower,0,0,5,2,7,12,0,73,3,88,12,0,78,5,95,159,15,174,269
02/03/2007,JRF,HI,AWP,WE,Federal Contract Tower,0,0,0,0,0,0,0,50,5,55,0,0,50,5,55,217,32,249,304
02/04/2007,JRF,HI,AWP,WE,Federal Contract Tower,0,0,0,0,0,12,0,17,0,29,12,0,17,0,29,124,1,125,154
02/05/2007,JRF,HI,AWP,WE,Federal Contract Tower,0,0,3,5,8,0,2,44,0,46,0,2,47,5,54,239,91,330,384
02/06/2007,JRF,HI,AWP,WE,Federal Contract Tower,0,0,0,8,8,12,0,40,8,60,12,0,40,16,68,260,88,348,416
02/07/2007,JRF,HI,AWP,WE,Federal Contract Tower,0,0,0,3,3,2,0,49,9,60,2,0,49,12,63,276,66,342,405
02/08/2007,JRF,HI,AWP,WE,Federal Contract Tower,0,0,3,3,6,12,0,50,6,68,12,0,53,9,74,379,50,429,503
02/09/2007,JRF,HI,AWP,WE,Federal Contract Tower,0,0,3,3,6,18,0,56,8,82,18,0,59,11,88,349,62,411,499
02/10/2007,JRF,HI,AWP,WE,Federal Contract Tower,0,0,0,0,0,12,0,44,8,64,12,0,44,8,64,256,20,276,340
02/11/2007,JRF,HI,AWP,WE,Federal Contract Tower,0,0,4,4,8,14,2,35,0,51,14,2,39,4,59,240,22,262,321
02/12/2007,JRF,HI,AWP,WE,Federal Contract Tower,0,0,3,4,7,13,0,49,0,62,13,0,52,4,69,315,36,351,420
02/13/2007,JRF,HI,AWP,WE,Federal Contract Tower,2,0,1,4,7,0,2,55,0,57,2,2,56,4,64,308,75,383,447
02/14/2007,JRF,HI,AWP,WE,Federal Contract Tower,0,0,2,1,3,2,2,38,3,45,2,2,40,4,48,320,2,322,370
02/15/2007,JRF,HI,AWP,WE,Federal Contract Tower,0,0,6,7,13,6,4,57,4,71,6,4,63,11,84,401,45,446,530
02/16/2007,JRF,HI,AWP,WE,Federal Contract Tower,0,0,2,6,8,6,2,68,6,82,6,2,70,12,90,470,30,500,590
02/17/2007,JRF,HI,AWP,WE,Federal Contract Tower,0,0,0,1,1,1,0,76,0,77,1,0,76,1,78,354,50,404,482
02/18/2007,JRF,HI,AWP,WE,Federal Contract Tower,0,0,2,1,3,12,1,4,0,17,12,1,6,1,20,127,26,153,173
02/19/2007,JRF,HI,AWP,WE,Federal Contract Tower,0,0,0,0,0,24,0,19,0,43,24,0,19,0,43,85,17,102,145
02/20/2007,JRF,HI,AWP,WE,Federal Contract Tower,0,0,2,6,8,0,0,16,0,16,0,0,18,6,24,183,65,248,272
02/21/2007,JRF,HI,AWP,WE,Federal Contract Tower,0,1,2,1,4,0,1,44,6,51,0,2,46,7,55,243,73,316,371
02/22/2007,JRF,HI,AWP,WE,Federal Contract Tower,0,0,6,1,7,2,0,46,13,61,2,0,52,14,68,321,51,372,440
02/23/2007,JRF,HI,AWP,WE,Federal Contract Tower,0,0,2,2,4,1,4,46,0,51,1,4,48,2,55,250,66,316,371
02/24/2007,JRF,HI,AWP,WE,Federal Contract Tower,1,0,0,1,2,17,0,40,4,61,18,0,40,5,63,289,17,306,369
02/25/2007,JRF,HI,AWP,WE,Federal Contract Tower,0,0,0,2,2,14,0,50,0,64,14,0,50,2,66,308,8,316,382
02/26/2007,JRF,HI,AWP,WE,Federal Contract Tower,0,0,2,0,2,12,0,46,0,58,12,0,48,0,60,407,88,495,555
02/27/2007,JRF,HI,AWP,WE,Federal Contract Tower,0,0,0,15,15,2,0,77,0,79,2,0,77,15,94,347,135,482,576
02/28/2007,JRF,HI,AWP,WE,Federal Contract Tower,0,0,4,0,4,0,0,46,0,46,0,0,50,0,50,225,72,297,347
03/01/2007,JRF,HI,AWP,WE,Federal Contract Tower,3,0,0,4,7,15,0,61,0,76,18,0,61,4,83,312,119,431,514
03/02/2007,JRF,HI,AWP,WE,Federal Contract Tower,0,0,5,1,6,10,4,63,1,78,10,4,68,2,84,206,84,290,374
03/03/2007,JRF,HI,AWP,WE,Federal Contract Tower,0,0,0,0,0,14,0,37,6,57,14,0,37,6,57,246,19,265,322
03/04/2007,JRF,HI,AWP,WE,Federal Contract Tower,0,0,0,0,0,21,0,39,8,68,21,0,39,8,68,354,37,391,459
03/05/2007,JRF,HI,AWP,WE,Federal Contract Tower,2,0,0,2,4,12,0,49,0,61,14,0,49,2,65,258,116,374,439
03/06/2007,JRF,HI,AWP,WE,Federal Contract Tower,0,0,2,7,9,0,4,58,0,62,0,4,60,7,71,414,83,497,568
03/07/2007,JRF,HI,AWP,WE,Federal Contract Tower,0,0,1,0,1,0,0,47,10,57,0,0,48,10,58,238,39,277,335
03/08/2007,JRF,HI,AWP,WE,Federal Contract Tower,0,0,4,4,8,2,2,46,20,70,2,2,50,24,78,270,160,430,508
03/09/2007,JRF,HI,AWP,WE,Federal Contract Tower,0,0,6,0,6,8,1,39,0,48,8,1,45,0,54,128,20,148,202
03/10/2007,JRF,HI,AWP,WE,Federal Contract Tower,0,0,2,2,4,5,0,70,3,78,5,0,72,5,82,245,22,267,349
03/11/2007,JRF,HI,AWP,WE,Federal Contract Tower,0,0,2,1,3,16,0,40,11,67,16,0,42,12,70,213,26,239,309
03/12/2007,JRF,HI,AWP,WE,Federal Contract Tower,1,0,2,5,8,13,0,40,2,55,14,0,42,7,63,120,48,168,231
03/13/2007,JRF,HI,AWP,WE,Federal Contract Tower,0,0,1,0,1,4,0,27,0,31,4,0,28,0,32,190,47,237,269
03/14/2007,JRF,HI,AWP,WE,Federal Contract Tower,0,0,0,3,3,0,2,71,16,89,0,2,71,19,92,370,37,407,499
03/15/2007,JRF,HI,AWP,WE,Federal Contract Tower,0,0,7,2,9,2,0,45,0,47,2,0,52,2,56,216,13,229,285
03/16/2007,JRF,HI,AWP,WE,Federal Contract Tower,0,0,1,3,4,0,4,55,9,68,0,4,56,12,72,298,49,347,419
03/17/2007,JRF,HI,AWP,WE,Federal Contract Tower,0,0,0,0,0,0,6,69,0,75,0,6,69,0,75,367,17,384,459
03/18/2007,JRF,HI,AWP,WE,Federal Contract Tower,0,0,2,2,4,16,2,53,1,72,16,2,55,3,76,278,36,314,390
03/19/2007,JRF,HI,AWP,WE,Federal Contract Tower,1,2,5,0,8,19,0,53,0,72,20,2,58,0,80,389,24,413,493
03/20/2007,JRF,HI,AWP,WE,Federal Contract Tower,0,0,4,6,10,12,0,39,12,63,12,0,43,18,73,252,39,291,364
03/21/2007,JRF,HI,AWP,WE,Federal Contract Tower,0,0,7,5,12,0,0,44,5,49,0,0,51,10,61,192,68,260,321
03/22/2007,JRF,HI,AWP,WE,Federal Contract Tower,0,1,3,6,10,26,1,67,4,98,26,2,70,10,108,369,15,384,492
03/23/2007,JRF,HI,AWP,WE,Federal Contract Tower,0,2,2,3,7,6,4,58,5,73,6,6,60,8,80,304,5,309,389
03/24/2007,JRF,HI,AWP,WE,Federal Contract Tower,0,0,1,1,2,2,0,45,6,53,2,0,46,7,55,266,8,274,329
03/25/2007,JRF,HI,AWP,WE,Federal Contract Tower,0,0,1,2,3,12,0,40,3,55,12,0,41,5,58,201,12,213,271
03/26/2007,JRF,HI,AWP,WE,Federal Contract Tower,0,1,2,0,3,14,5,60,0,79,14,6,62,0,82,260,65,325,407
03/27/2007,JRF,HI,AWP,WE,Federal Contract Tower,0,0,3,4,7,0,0,45,4,49,0,0,48,8,56,190,28,218,274
03/28/2007,JRF,HI,AWP,WE,Federal Contract Tower,0,0,1,0,1,6,0,58,0,64,6,0,59,0,65,165,12,177,242
03/29/2007,JRF,HI,AWP,WE,Federal Contract Tower,0,0,0,0,0,6,0,58,0,64,6,0,58,0,64,223,16,239,303
03/30/2007,JRF,HI,AWP,WE,Federal Contract Tower,0,0,3,3,6,8,0,43,0,51,8,0,46,3,57,280,15,295,352
03/31/2007,JRF,HI,AWP,WE,Federal Contract Tower,4,0,0,0,4,3,4,55,0,62,7,4,55,0,66,216,27,243,309
04/01/2007,JRF,HI,AWP,WE,Federal Contract Tower,0,0,1,2,3,14,0,48,0,62,14,0,49,2,65,200,13,213,278
04/02/2007,JRF,HI,AWP,WE,Federal Contract Tower,0,0,2,1,3,12,0,28,0,40,12,0,30,1,43,94,38,132,175
04/03/2007,JRF,HI,AWP,WE,Federal Contract Tower,0,0,8,1,9,1,0,42,5,48,1,0,50,6,57,212,47,259,316
04/04/2007,JRF,HI,AWP,WE,Federal Contract Tower,0,0,1,1,2,4,0,61,5,70,4,0,62,6,72,235,3,238,310
04/05/2007,JRF,HI,AWP,WE,Federal Contract Tower,0,2,1,2,5,0,0,87,103,190,0,2,88,105,195,346,16,362,557
04/06/2007,JRF,HI,AWP,WE,Federal Contract Tower,0,1,9,2,12,0,1,41,0,42,0,2,50,2,54,250,80,330,384
04/07/2007,JRF,HI,AWP,WE,Federal Contract Tower,0,0,2,2,4,5,0,28,0,33,5,0,30,2,37,279,41,320,357
04/08/2007,JRF,HI,AWP,WE,Federal Contract Tower,0,0,3,1,4,12,0,39,0,51,12,0,42,1,55,170,17,187,242
04/09/2007,JRF,HI,AWP,WE,Federal Contract Tower,2,0,6,1,9,12,2,55,0,69,14,2,61,1,78,289,25,314,392
04/10/2007,JRF,HI,AWP,WE,Federal Contract Tower,0,0,1,2,3,2,0,57,0,59,2,0,58,2,62,333,74,407,469
04/11/2007,JRF,HI,AWP,WE,Federal Contract Tower,0,0,6,5,11,0,0,52,0,52,0,0,58,5,63,225,49,274,337
04/12/2007,JRF,HI,AWP,WE,Federal Contract Tower,0,0,4,9,13,0,0,36,1,37,0,0,40,10,50,262,85,347,397
04/13/2007,JRF,HI,AWP,WE,Federal Contract Tower,0,0,3,3,6,5,2,53,0,60,5,2,56,3,66,182,55,237,303
04/14/2007,JRF,HI,AWP,WE,Federal Contract Tower,0,0,3,3,6,14,0,61,9,84,14,0,64,12,90,284,19,303,393
04/15/2007,JRF,HI,AWP,WE,Federal Contract Tower,0,0,1,1,2,14,0,51,0,65,14,0,52,1,67,243,2,245,312
04/16/2007,JRF,HI,AWP,WE,Federal Contract Tower,0,0,10,4,14,12,0,19,0,31,12,0,29,4,45,182,49,231,276
04/17/2007,JRF,HI,AWP,WE,Federal Contract Tower,0,0,6,6,12,4,0,24,1,29,4,0,30,7,41,256,57,313,354
04/18/2007,JRF,HI,AWP,WE,Federal Contract Tower,0,0,5,4,9,0,0,39,1,40,0,0,44,5,49,207,8,215,264
04/19/2007,JRF,HI,AWP,WE,Federal Contract Tower,0,0,2,6,8,4,2,38,0,44,4,2,40,6,52,169,50,219,271
04/20/2007,JRF,HI,AWP,WE,Federal Contract Tower,0,0,5,0,5,2,4,39,0,45,2,4,44,0,50,186,6,192,242
04/21/2007,JRF,HI,AWP,WE,Federal Contract Tower,0,0,3,2,5,0,0,73,10,83,0,0,76,12,88,387,33,420,508
04/22/2007,JRF,HI,AWP,WE,Federal Contract Tower,0,0,2,3,5,14,0,53,21,88,14,0,55,24,93,329,17,346,439
04/23/2007,JRF,HI,AWP,WE,Federal Contract Tower,0,0,5,1,6,10,0,35,0,45,10,0,40,1,51,127,85,212,263
04/24/2007,JRF,HI,AWP,WE,Federal Contract Tower,0,0,8,5,13,6,0,28,0,34,6,0,36,5,47,142,53,195,242
04/25/2007,JRF,HI,AWP,WE,Federal Contract Tower,0,0,10,2,12,8,0,52,0,60,8,0,62,2,72,246,16,262,334
04/26/2007,JRF,HI,AWP,WE,Federal Contract Tower,0,0,1,0,1,4,4,51,0,59,4,4,52,0,60,222,20,242,302
04/27/2007,JRF,HI,AWP,WE,Federal Contract Tower,0,0,3,2,5,0,0,61,2,63,0,0,64,4,68,350,8,358,426
04/28/2007,JRF,HI,AWP,WE,Federal Contract Tower,0,0,5,0,5,0,1,41,0,42,0,1,46,0,47,371,15,386,433
04/29/2007,JRF,HI,AWP,WE,Federal Contract Tower,0,2,0,1,3,2,0,28,6,36,2,2,28,7,39,278,3,281,320
04/30/2007,JRF,HI,AWP,WE,Federal Contract Tower,1,0,3,3,7,2,0,39,0,41,3,0,42,3,48,288,27,315,363
05/01/2007,JRF,HI,AWP,WE,Federal Contract Tower,0,0,3,5,8,0,0,39,0,39,0,0,42,5,47,384,38,422,469
05/02/2007,JRF,HI,AWP,WE,Federal Contract Tower,0,0,2,5,7,4,0,35,4,43,4,0,37,9,50,241,15,256,306
05/03/2007,JRF,HI,AWP,WE,Federal Contract Tower,0,2,3,3,8,2,0,61,5,68,2,2,64,8,76,395,5,400,476
05/04/2007,JRF,HI,AWP,WE,Federal Contract Tower,0,0,2,1,3,4,4,64,5,77,4,4,66,6,80,275,5,280,360
05/05/2007,JRF,HI,AWP,WE,Federal Contract Tower,0,0,3,3,6,0,8,26,1,35,0,8,29,4,41,257,4,261,302
05/06/2007,JRF,HI,AWP,WE,Federal Contract Tower,0,0,2,2,4,0,0,27,4,31,0,0,29,6,35,235,13,248,283
05/07/2007,JRF,HI,AWP,WE,Federal Contract Tower,0,0,8,0,8,0,2,22,0,24,0,2,30,0,32,280,47,327,359
05/08/2007,JRF,HI,AWP,WE,Federal Contract Tower,0,0,2,2,4,0,0,41,4,45,0,0,43,6,49,214,71,285,334
05/09/2007,JRF,HI,AWP,WE,Federal Contract Tower,0,0,2,2,4,2,0,57,7,66,2,0,59,9,70,263,56,319,389
05/10/2007,JRF,HI,AWP,WE,Federal Contract Tower,0,1,7,0,8,2,0,65,2,69,2,1,72,2,77,402,12,414,491
05/11/2007,JRF,HI,AWP,WE,Federal Contract Tower,0,0,8,1,9,2,0,32,0,34,2,0,40,1,43,200,20,220,263
05/12/2007,JRF,HI,AWP,WE,Federal Contract Tower,0,0,2,1,3,0,0,63,3,66,0,0,65,4,69,206,15,221,290
05/13/2007,JRF,HI,AWP,WE,Federal Contract Tower,0,0,3,0,3,2,0,33,0,35,2,0,36,0,38,144,5,149,187
05/14/2007,JRF,HI,AWP,WE,Federal Contract Tower,0,0,5,4,9,6,0,32,0,38,6,0,37,4,47,277,32,309,356
05/15/2007,JRF,HI,AWP,WE,Federal Contract Tower,1,0,2,2,5,1,0,37,7,45,2,0,39,9,50,208,38,246,296
05/16/2007,JRF,HI,AWP,WE,Federal Contract Tower,0,0,4,1,5,0,0,74,5,79,0,0,78,6,84,266,13,279,363
05/17/2007,JRF,HI,AWP,WE,Federal Contract Tower,0,0,5,9,14,4,0,61,2,67,4,0,66,11,81,238,71,309,390
05/18/2007,JRF,HI,AWP,WE,Federal Contract Tower,0,0,2,0,2,0,0,38,0,38,0,0,40,0,40,286,8,294,334
05/19/2007,JRF,HI,AWP,WE,Federal Contract Tower,0,0,1,0,1,0,0,10,0,10,0,0,11,0,11,359,8,367,378
05/20/2007,JRF,HI,AWP,WE,Federal Contract Tower,0,0,1,0,1,0,0,34,6,40,0,0,35,6,41,285,11,296,337
05/21/2007,JRF,HI,AWP,WE,Federal Contract Tower,0,0,8,5,13,0,1,30,0,31,0,1,38,5,44,330,83,413,457
05/22/2007,JRF,HI,AWP,WE,Federal Contract Tower,0,0,4,6,10,0,2,40,0,42,0,2,44,6,52,335,70,405,457
05/23/2007,JRF,HI,AWP,WE,Federal Contract Tower,0,0,6,2,8,0,0,66,9,75,0,0,72,11,83,328,21,349,432
05/24/2007,JRF,HI,AWP,WE,Federal Contract Tower,0,0,9,5,14,0,0,44,4,48,0,0,53,9,62,242,38,280,342
05/25/2007,JRF,HI,AWP,WE,Federal Contract Tower,0,0,6,2,8,0,0,19,0,19,0,0,25,2,27,186,3,189,216
05/26/2007,JRF,HI,AWP,WE,Federal Contract Tower,0,2,5,0,7,0,0,17,0,17,0,2,22,0,24,251,72,323,347
05/27/2007,JRF,HI,AWP,WE,Federal Contract Tower,0,0,4,1,5,0,0,24,3,27,0,0,28,4,32,159,8,167,199
05/28/2007,JRF,HI,AWP,WE,Federal Contract Tower,0,0,7,1,8,0,0,63,9,72,0,0,70,10,80,269,30,299,379
05/29/2007,JRF,HI,AWP,WE,Federal Contract Tower,0,0,12,3,15,0,2,36,2,40,0,2,48,5,55,419,27,446,501
05/30/2007,JRF,HI,AWP,WE,Federal Contract Tower,1,0,3,1,5,1,2,67,4,74,2,2,70,5,79,246,22,268,347
05/31/2007,JRF,HI,AWP,WE,Federal Contract Tower,0,0,6,4,10,2,0,49,0,51,2,0,55,4,61,326,75,401,462
06/01/2007,JRF,HI,AWP,WE,Federal Contract Tower,0,0,1,1,2,2,2,64,0,68,2,2,65,1,70,276,17,293,363
06/02/2007,JRF,HI,AWP,WE,Federal Contract Tower,0,0,0,2,2,0,0,44,12,56,0,0,44,14,58,271,19,290,348
06/03/2007,JRF,HI,AWP,WE,Federal Contract Tower,2,0,1,1,4,0,0,28,12,40,2,0,29,13,44,331,18,349,393
06/04/2007,JRF,HI,AWP,WE,Federal Contract Tower,0,0,1,4,5,2,6,37,2,47,2,6,38,6,52,211,52,263,315
06/05/2007,JRF,HI,AWP,WE,Federal Contract Tower,0,0,1,3,4,2,0,63,0,65,2,0,64,3,69,243,31,274,343
06/06/2007,JRF,HI,AWP,WE,Federal Contract Tower,0,0,1,4,5,0,2,37,17,56,0,2,38,21,61,277,77,354,415
06/07/2007,JRF,HI,AWP,WE,Federal Contract Tower,0,0,0,2,2,0,0,52,9,61,0,0,52,11,63,280,90,370,433
06/08/2007,JRF,HI,AWP,WE,Federal Contract Tower,0,1,0,0,1,0,1,50,2,53,0,2,50,2,54,200,6,206,260
06/09/2007,JRF,HI,AWP,WE,Federal Contract Tower,0,0,3,2,5,0,0,34,0,34,0,0,37,2,39,180,12,192,231
06/10/2007,JRF,HI,AWP,WE,Federal Contract Tower,0,0,1,1,2,0,2,26,1,29,0,2,27,2,31,181,10,191,222
06/11/2007,JRF,HI,AWP,WE,Federal Contract Tower,0,0,0,2,2,0,0,64,0,64,0,0,64,2,66,295,56,351,417
06/12/2007,JRF,HI,AWP,WE,Federal Contract Tower,0,2,2,1,5,4,4,18,5,31,4,6,20,6,36,170,20,190,226
06/13/2007,JRF,HI,AWP,WE,Federal Contract Tower,0,0,0,3,3,0,0,58,8,66,0,0,58,11,69,330,63,393,462
06/14/2007,JRF,HI,AWP,WE,Federal Contract Tower,0,0,1,3,4,0,0,44,9,53,0,0,45,12,57,210,32,242,299
06/15/2007,JRF,HI,AWP,WE,Federal Contract Tower,0,0,1,3,4,0,0,66,7,73,0,0,67,10,77,244,86,330,407
06/16/2007,JRF,HI,AWP,WE,Federal Contract Tower,0,0,1,1,2,0,0,35,5,40,0,0,36,6,42,170,49,219,261
06/17/2007,JRF,HI,AWP,WE,Federal Contract Tower,0,0,3,2,5,0,0,19,2,21,0,0,22,4,26,200,5,205,231
06/18/2007,JRF,HI,AWP,WE,Federal Contract Tower,0,0,0,4,4,7,3,40,0,50,7,3,40,4,54,242,92,334,388
06/19/2007,JRF,HI,AWP,WE,Federal Contract Tower,0,0,0,1,1,0,0,34,5,39,0,0,34,6,40,251,36,287,327
06/20/2007,JRF,HI,AWP,WE,Federal Contract Tower,0,0,3,6,9,0,0,31,0,31,0,0,34,6,40,252,68,320,360
06/21/2007,JRF,HI,AWP,WE,Federal Contract Tower,0,0,3,2,5,0,2,23,0,25,0,2,26,2,30,271,37,308,338
06/22/2007,JRF,HI,AWP,WE,Federal Contract Tower,0,0,0,2,2,6,0,48,2,56,6,0,48,4,58,210,33,243,301
06/23/2007,JRF,HI,AWP,WE,Federal Contract Tower,0,0,0,0,0,0,0,11,1,12,0,0,11,1,12,203,15,218,230
06/24/2007,JRF,HI,AWP,WE,Federal Contract Tower,0,0,0,1,1,0,0,22,1,23,0,0,22,2,24,278,12,290,314
06/25/2007,JRF,HI,AWP,WE,Federal Contract Tower,0,0,3,2,5,0,0,33,0,33,0,0,36,2,38,202,50,252,290
06/26/2007,JRF,HI,AWP,WE,Federal Contract Tower,0,0,4,3,7,0,2,36,13,51,0,2,40,16,58,208,68,276,334
06/27/2007,JRF,HI,AWP,WE,Federal Contract Tower,2,0,5,2,9,0,0,33,7,40,2,0,38,9,49,128,31,159,208
06/28/2007,JRF,HI,AWP,WE,Federal Contract Tower,0,0,1,2,3,0,2,41,6,49,0,2,42,8,52,282,28,310,362
06/29/2007,JRF,HI,AWP,WE,Federal Contract Tower,0,0,0,0,0,0,0,30,0,30,0,0,30,0,30,140,60,200,230
06/30/2007,JRF,HI,AWP,WE,Federal Contract Tower,0,0,0,0,0,0,0,48,0,48,0,0,48,0,48,326,10,336,384
07/01/2007,JRF,HI,AWP,WE,Federal Contract Tower,0,0,1,3,4,0,0,16,1,17,0,0,17,4,21,196,3,199,220
07/02/2007,JRF,HI,AWP,WE,Federal Contract Tower,2,1,0,2,5,0,1,40,0,41,2,2,40,2,46,277,80,357,403
07/03/2007,JRF,HI,AWP,WE,Federal Contract Tower,0,0,2,1,3,1,0,44,0,45,1,0,46,1,48,268,29,297,345
07/04/2007,JRF,HI,AWP,WE,Federal Contract Tower,0,0,1,0,1,0,0,46,0,46,0,0,47,0,47,312,5,317,364
07/05/2007,JRF,HI,AWP,WE,Federal Contract Tower,0,0,1,0,1,0,2,49,8,59,0,2,50,8,60,321,29,350,410
07/06/2007,JRF,HI,AWP,WE,Federal Contract Tower,0,0,1,0,1,0,0,49,0,49,0,0,50,0,50,254,24,278,328
07/07/2007,JRF,HI,AWP,WE,Federal Contract Tower,0,0,0,1,1,0,0,23,3,26,0,0,23,4,27,98,6,104,131
07/08/2007,JRF,HI,AWP,WE,Federal Contract Tower,0,0,1,1,2,0,0,31,0,31,0,0,32,1,33,250,20,270,303
07/09/2007,JRF,HI,AWP,WE,Federal Contract Tower,0,0,4,6,10,0,4,41,5,50,0,4,45,11,60,176,102,278,338
07/10/2007,JRF,HI,AWP,WE,Federal Contract Tower,0,0,0,5,5,0,0,40,6,46,0,0,40,11,51,178,40,218,269
07/11/2007,JRF,HI,AWP,WE,Federal Contract Tower,0,1,0,5,6,0,0,47,7,54,0,1,47,12,60,186,74,260,320
07/12/2007,JRF,HI,AWP,WE,Federal Contract Tower,0,0,0,0,0,0,0,43,0,43,0,0,43,0,43,222,124,346,389
07/13/2007,JRF,HI,AWP,WE,Federal Contract Tower,0,0,4,2,6,0,2,34,6,42,0,2,38,8,48,169,47,216,264
07/14/2007,JRF,HI,AWP,WE,Federal Contract Tower,0,0,0,4,4,0,0,20,3,23,0,0,20,7,27,131,35,166,193
07/15/2007,JRF,HI,AWP,WE,Federal Contract Tower,0,0,1,0,1,0,0,30,1,31,0,0,31,1,32,239,30,269,301
07/16/2007,JRF,HI,AWP,WE,Federal Contract Tower,0,0,1,6,7,0,0,34,1,35,0,0,35,7,42,218,47,265,307
07/17/2007,JRF,HI,AWP,WE,Federal Contract Tower,0,0,1,5,6,0,0,32,0,32,0,0,33,5,38,259,96,355,393
07/18/2007,JRF,HI,AWP,WE,Federal Contract Tower,0,0,2,3,5,0,0,52,15,67,0,0,54,18,72,340,67,407,479
07/19/2007,JRF,HI,AWP,WE,Federal Contract Tower,0,0,1,5,6,0,0,46,2,48,0,0,47,7,54,284,75,359,413
07/20/2007,JRF,HI,AWP,WE,Federal Contract Tower,0,0,0,2,2,0,0,36,4,40,0,0,36,6,42,220,2,222,264
07/21/2007,JRF,HI,AWP,WE,Federal Contract Tower,0,0,0,2,2,0,0,30,5,35,0,0,30,7,37,196,4,200,237
07/22/2007,JRF,HI,AWP,WE,Federal Contract Tower,0,0,0,3,3,0,0,24,1,25,0,0,24,4,28,197,24,221,249
07/23/2007,JRF,HI,AWP,WE,Federal Contract Tower,0,0,1,3,4,0,0,73,10,83,0,0,74,13,87,265,94,359,446
07/24/2007,JRF,HI,AWP,WE,Federal Contract Tower,0,0,1,2,3,0,0,70,11,81,0,0,71,13,84,181,41,222,306
07/25/2007,JRF,HI,AWP,WE,Federal Contract Tower,0,0,1,1,2,1,1,45,7,54,1,1,46,8,56,310,14,324,380
07/26/2007,JRF,HI,AWP,WE,Federal Contract Tower,0,0,4,2,6,0,0,34,3,37,0,0,38,5,43,244,26,270,313
07/27/2007,JRF,HI,AWP,WE,Federal Contract Tower,0,0,1,0,1,0,0,39,0,39,0,0,40,0,40,300,40,340,380
07/28/2007,JRF,HI,AWP,WE,Federal Contract Tower,0,0,0,0,0,0,0,44,0,44,0,0,44,0,44,356,43,399,443
07/29/2007,JRF,HI,AWP,WE,Federal Contract Tower,0,0,0,0,0,0,0,44,4,48,0,0,44,4,48,273,15,288,336
07/30/2007,JRF,HI,AWP,WE,Federal Contract Tower,0,0,2,5,7,0,0,52,0,52,0,0,54,5,59,350,106,456,515
07/31/2007,JRF,HI,AWP,WE,Federal Contract Tower,0,0,4,5,9,0,0,45,6,51,0,0,49,11,60,294,47,341,401
08/01/2007,JRF,HI,AWP,WE,Federal Contract Tower,0,0,5,5,10,0,0,67,7,74,0,0,72,12,84,305,42,347,431
08/02/2007,JRF,HI,AWP,WE,Federal Contract Tower,0,0,1,5,6,0,0,33,0,33,0,0,34,5,39,290,57,347,386
08/03/2007,JRF,HI,AWP,WE,Federal Contract Tower,0,0,7,2,9,0,2,67,0,69,0,2,74,2,78,316,58,374,452
08/04/2007,JRF,HI,AWP,WE,Federal Contract Tower,0,0,1,2,3,0,0,31,5,36,0,0,32,7,39,222,9,231,270
08/05/2007,JRF,HI,AWP,WE,Federal Contract Tower,0,0,0,1,1,0,0,26,6,32,0,0,26,7,33,145,13,158,191
08/06/2007,JRF,HI,AWP,WE,Federal Contract Tower,0,0,0,3,3,0,2,35,8,45,0,2,35,11,48,185,32,217,265
08/07/2007,JRF,HI,AWP,WE,Federal Contract Tower,0,4,0,5,9,0,2,65,4,71,0,6,65,9,80,157,83,240,320
08/08/2007,JRF,HI,AWP,WE,Federal Contract Tower,0,0,0,8,8,0,0,46,0,46,0,0,46,8,54,196,58,254,308
08/09/2007,JRF,HI,AWP,WE,Federal Contract Tower,0,0,1,1,2,0,0,89,4,93,0,0,90,5,95,240,69,309,404
08/10/2007,JRF,HI,AWP,WE,Federal Contract Tower,0,0,2,2,4,0,0,43,8,51,0,0,45,10,55,213,18,231,286
08/11/2007,JRF,HI,AWP,WE,Federal Contract Tower,0,0,0,0,0,0,0,60,0,60,0,0,60,0,60,248,43,291,351
08/12/2007,JRF,HI,AWP,WE,Federal Contract Tower,0,0,0,6,6,1,0,40,5,46,1,0,40,11,52,223,11,234,286
08/13/2007,JRF,HI,AWP,WE,Federal Contract Tower,0,0,1,5,6,0,0,57,18,75,0,0,58,23,81,265,116,381,462
08/14/2007,JRF,HI,AWP,WE,Federal Contract Tower,0,0,0,6,6,0,0,33,5,38,0,0,33,11,44,148,94,242,286
08/15/2007,JRF,HI,AWP,WE,Federal Contract Tower,0,0,2,2,4,0,0,56,6,62,0,0,58,8,66,334,24,358,424
08/16/2007,JRF,HI,AWP,WE,Federal Contract Tower,0,1,0,3,4,0,0,51,2,53,0,1,51,5,57,330,53,383,440
08/17/2007,JRF,HI,AWP,WE,Federal Contract Tower,0,0,0,0,0,0,0,79,3,82,0,0,79,3,82,322,55,377,459
08/18/2007,JRF,HI,AWP,WE,Federal Contract Tower,0,0,0,2,2,0,0,68,5,73,0,0,68,7,75,349,43,392,467
08/19/2007,JRF,HI,AWP,WE,Federal Contract Tower,0,0,0,2,2,2,2,11,0,15,2,2,11,2,17,159,2,161,178
08/20/2007,JRF,HI,AWP,WE,Federal Contract Tower,0,0,5,4,9,0,0,33,0,33,0,0,38,4,42,235,93,328,370
08/21/2007,JRF,HI,AWP,WE,Federal Contract Tower,0,0,3,3,6,0,0,11,0,11,0,0,14,3,17,162,58,220,237
08/22/2007,JRF,HI,AWP,WE,Federal Contract Tower,0,0,1,1,2,0,0,62,14,76,0,0,63,15,78,347,10,357,435
08/23/2007,JRF,HI,AWP,WE,Federal Contract Tower,0,0,0,4,4,0,0,47,0,47,0,0,47,4,51,261,130,391,442
08/24/2007,JRF,HI,AWP,WE,Federal Contract Tower,0,0,3,1,4,0,0,30,5,35,0,0,33,6,39,107,16,123,162
08/25/2007,JRF,HI,AWP,WE,Federal Contract Tower,0,0,3,0,3,0,0,28,0,28,0,0,31,0,31,221,0,221,252
08/26/2007,JRF,HI,AWP,WE,Federal Contract Tower,0,0,2,0,2,0,0,66,7,73,0,0,68,7,75,198,18,216,291
08/27/2007,JRF,HI,AWP,WE,Federal Contract Tower,0,0,0,1,1,0,0,36,0,36,0,0,36,1,37,198,21,219,256
08/28/2007,JRF,HI,AWP,WE,Federal Contract Tower,2,0,3,7,12,0,0,58,0,58,2,0,61,7,70,231,38,269,339
08/29/2007,JRF,HI,AWP,WE,Federal Contract Tower,0,0,10,1,11,0,0,46,0,46,0,0,56,1,57,172,6,178,235
08/30/2007,JRF,HI,AWP,WE,Federal Contract Tower,0,0,2,4,6,0,0,53,0,53,0,0,55,4,59,326,58,384,443
08/31/2007,JRF,HI,AWP,WE,Federal Contract Tower,0,0,2,0,2,0,2,26,5,33,0,2,28,5,35,119,18,137,172
09/01/2007,JRF,HI,AWP,WE,Federal Contract Tower,0,0,6,0,6,0,0,48,1,49,0,0,54,1,55,138,21,159,214
09/02/2007,JRF,HI,AWP,WE,Federal Contract Tower,0,0,0,0,0,0,0,38,0,38,0,0,38,0,38,139,11,150,188
09/03/2007,JRF,HI,AWP,WE,Federal Contract Tower,0,0,2,0,2,2,0,32,0,34,2,0,34,0,36,125,0,125,161
09/04/2007,JRF,HI,AWP,WE,Federal Contract Tower,0,0,5,3,8,0,0,36,0,36,0,0,41,3,44,158,34,192,236
09/05/2007,JRF,HI,AWP,WE,Federal Contract Tower,0,0,0,7,7,0,0,50,0,50,0,0,50,7,57,218,34,252,309
09/06/2007,JRF,HI,AWP,WE,Federal Contract Tower,2,0,1,8,11,0,0,39,0,39,2,0,40,8,50,228,90,318,368
09/07/2007,JRF,HI,AWP,WE,Federal Contract Tower,0,0,0,1,1,0,0,27,2,29,0,0,27,3,30,123,13,136,166
09/08/2007,JRF,HI,AWP,WE,Federal Contract Tower,0,0,0,0,0,0,0,18,0,18,0,0,18,0,18,125,3,128,146
09/09/2007,JRF,HI,AWP,WE,Federal Contract Tower,0,0,0,1,1,0,0,20,9,29,0,0,20,10,30,191,6,197,227
09/10/2007,JRF,HI,AWP,WE,Federal Contract Tower,2,0,3,3,8,0,0,51,0,51,2,0,54,3,59,241,36,277,336
09/11/2007,JRF,HI,AWP,WE,Federal Contract Tower,0,0,0,1,1,0,0,62,17,79,0,0,62,18,80,350,138,488,568
09/12/2007,JRF,HI,AWP,WE,Federal Contract Tower,0,0,4,6,10,0,0,55,0,55,0,0,59,6,65,216,66,282,347
09/13/2007,JRF,HI,AWP,WE,Federal Contract Tower,0,0,4,6,10,0,0,20,1,21,0,0,24,7,31,195,45,240,271
09/14/2007,JRF,HI,AWP,WE,Federal Contract Tower,0,0,2,0,2,0,2,41,0,43,0,2,43,0,45,200,31,231,276
09/15/2007,JRF,HI,AWP,WE,Federal Contract Tower,0,0,1,0,1,0,0,39,0,39,0,0,40,0,40,195,13,208,248
09/16/2007,JRF,HI,AWP,WE,Federal Contract Tower,0,0,1,0,1,0,0,64,0,64,0,0,65,0,65,201,95,296,361
09/17/2007,JRF,HI,AWP,WE,Federal Contract Tower,0,0,1,3,4,0,0,40,2,42,0,0,41,5,46,210,52,262,308
09/18/2007,JRF,HI,AWP,WE,Federal Contract Tower,0,0,5,2,7,0,0,15,2,17,0,0,20,4,24,129,46,175,199
09/19/2007,JRF,HI,AWP,WE,Federal Contract Tower,0,0,2,1,3,0,0,53,6,59,0,0,55,7,62,232,2,234,296
09/20/2007,JRF,HI,AWP,WE,Federal Contract Tower,0,0,2,2,4,0,0,38,0,38,0,0,40,2,42,184,86,270,312
09/21/2007,JRF,HI,AWP,WE,Federal Contract Tower,0,0,2,5,7,0,0,42,0,42,0,0,44,5,49,256,113,369,418
09/22/2007,JRF,HI,AWP,WE,Federal Contract Tower,0,0,1,0,1,0,0,75,0,75,0,0,76,0,76,285,92,377,453
09/23/2007,JRF,HI,AWP,WE,Federal Contract Tower,0,0,0,0,0,0,0,50,1,51,0,0,50,1,51,209,6,215,266
09/24/2007,JRF,HI,AWP,WE,Federal Contract Tower,0,0,2,4,6,1,1,35,2,39,1,1,37,6,45,287,45,332,377
09/25/2007,JRF,HI,AWP,WE,Federal Contract Tower,0,0,2,4,6,0,0,30,5,35,0,0,32,9,41,260,53,313,354
09/26/2007,JRF,HI,AWP,WE,Federal Contract Tower,0,0,5,3,8,0,0,49,4,53,0,0,54,7,61,258,47,305,366
09/27/2007,JRF,HI,AWP,WE,Federal Contract Tower,0,2,5,0,7,0,6,34,0,40,0,8,39,0,47,225,169,394,441
09/28/2007,JRF,HI,AWP,WE,Federal Contract Tower,0,0,1,0,1,0,0,52,0,52,0,0,53,0,53,239,30,269,322
09/29/2007,JRF,HI,AWP,WE,Federal Contract Tower,0,0,3,0,3,0,0,57,0,57,0,0,60,0,60,262,0,262,322
09/30/2007,JRF,HI,AWP,WE,Federal Contract Tower,0,0,0,0,0,0,0,49,0,49,0,0,49,0,49,119,0,119,168
10/01/2007,JRF,HI,AWP,WE,Federal Contract Tower,0,0,2,5,7,0,0,46,8,54,0,0,48,13,61,228,77,305,366
10/02/2007,JRF,HI,AWP,WE,Federal Contract Tower,0,0,4,2,6,0,0,46,2,48,0,0,50,4,54,218,98,316,370
10/03/2007,JRF,HI,AWP,WE,Federal Contract Tower,0,0,0,5,5,0,0,70,11,81,0,0,70,16,86,252,19,271,357
10/04/2007,JRF,HI,AWP,WE,Federal Contract Tower,0,0,0,4,4,0,0,40,11,51,0,0,40,15,55,160,113,273,328
10/05/2007,JRF,HI,AWP,WE,Federal Contract Tower,0,0,0,4,4,0,0,53,23,76,0,0,53,27,80,198,127,325,405
10/06/2007,JRF,HI,AWP,WE,Federal Contract Tower,0,0,0,0,0,0,0,74,0,74,0,0,74,0,74,243,12,255,329
10/07/2007,JRF,HI,AWP,WE,Federal Contract Tower,0,0,0,1,1,0,0,41,4,45,0,0,41,5,46,301,11,312,358
10/08/2007,JRF,HI,AWP,WE,Federal Contract Tower,0,0,1,0,1,0,0,49,0,49,0,0,50,0,50,244,2,246,296
10/09/2007,JRF,HI,AWP,WE,Federal Contract Tower,0,0,3,3,6,0,1,32,0,33,0,1,35,3,39,256,195,451,490
10/10/2007,JRF,HI,AWP,WE,Federal Contract Tower,0,0,1,6,7,0,0,43,4,47,0,0,44,10,54,271,100,371,425
10/11/2007,JRF,HI,AWP,WE,Federal Contract Tower,0,0,1,6,7,0,1,36,12,49,0,1,37,18,56,173,186,359,415
10/12/2007,JRF,HI,AWP,WE,Federal Contract Tower,0,0,2,2,4,0,0,33,1,34,0,0,35,3,38,239,5,244,282
10/13/2007,JRF,HI,AWP,WE,Federal Contract Tower,0,0,3,7,10,0,0,22,0,22,0,0,25,7,32,230,84,314,346
10/14/2007,JRF,HI,AWP,WE,Federal Contract Tower,0,0,0,1,1,0,0,23,1,24,0,0,23,2,25,204,24,228,253
10/15/2007,JRF,HI,AWP,WE,Federal Contract Tower,0,0,0,7,7,0,0,52,2,54,0,0,52,9,61,188,147,335,396
10/16/2007,JRF,HI,AWP,WE,Federal Contract Tower,0,2,2,10,14,0,0,36,5,41,0,2,38,15,55,204,170,374,429
10/17/2007,JRF,HI,AWP,WE,Federal Contract Tower,0,0,2,6,8,0,0,45,1,46,0,0,47,7,54,247,65,312,366
10/18/2007,JRF,HI,AWP,WE,Federal Contract Tower,0,0,6,3,9,0,0,13,7,20,0,0,19,10,29,245,101,346,375
10/19/2007,JRF,HI,AWP,WE,Federal Contract Tower,0,0,2,0,2,2,2,20,3,27,2,2,22,3,29,245,3,248,277
10/20/2007,JRF,HI,AWP,WE,Federal Contract Tower,0,0,3,0,3,0,0,44,0,44,0,0,47,0,47,301,41,342,389
10/21/2007,JRF,HI,AWP,WE,Federal Contract Tower,0,0,0,1,1,0,0,45,0,45,0,0,45,1,46,141,9,150,196
10/22/2007,JRF,HI,AWP,WE,Federal Contract Tower,0,1,4,5,10,0,0,75,2,77,0,1,79,7,87,287,78,365,452
10/23/2007,JRF,HI,AWP,WE,Federal Contract Tower,0,0,0,5,5,0,0,35,0,35,0,0,35,5,40,149,40,189,229
10/24/2007,JRF,HI,AWP,WE,Federal Contract Tower,0,0,2,7,9,0,0,52,0,52,0,0,54,7,61,296,62,358,419
10/25/2007,JRF,HI,AWP,WE,Federal Contract Tower,0,0,1,1,2,0,0,0,1,1,0,0,1,2,3,196,44,240,243
10/26/2007,JRF,HI,AWP,WE,Federal Contract Tower,0,0,3,0,3,0,0,13,6,19,0,0,16,6,22,189,60,249,271
10/27/2007,JRF,HI,AWP,WE,Federal Contract Tower,0,0,1,0,1,0,0,41,0,41,0,0,42,0,42,214,9,223,265
10/28/2007,JRF,HI,AWP,WE,Federal Contract Tower,0,0,0,1,1,0,0,31,4,35,0,0,31,5,36,261,39,300,336
10/29/2007,JRF,HI,AWP,WE,Federal Contract Tower,0,0,2,7,9,0,0,0,0,0,0,0,2,7,9,171,115,286,295
10/30/2007,JRF,HI,AWP,WE,Federal Contract Tower,0,0,1,4,5,0,0,31,14,45,0,0,32,18,50,189,59,248,298
10/31/2007,JRF,HI,AWP,WE,Federal Contract Tower,0,0,3,3,6,0,0,37,3,40,0,0,40,6,46,173,36,209,255
11/01/2007,JRF,HI,AWP,WE,Federal Contract Tower,0,0,2,6,8,0,0,25,0,25,0,0,27,6,33,209,64,273,306
11/02/2007,JRF,HI,AWP,WE,Federal Contract Tower,0,0,1,2,3,0,0,24,0,24,0,0,25,2,27,203,7,210,237
11/03/2007,JRF,HI,AWP,WE,Federal Contract Tower,0,0,0,0,0,0,0,57,1,58,0,0,57,1,58,247,16,263,321
11/04/2007,JRF,HI,AWP,WE,Federal Contract Tower,0,0,0,0,0,0,0,5,1,6,0,0,5,1,6,15,2,17,23
11/05/2007,JRF,HI,AWP,WE,Federal Contract Tower,0,0,5,4,9,0,0,10,2,12,0,0,15,6,21,148,53,201,222
11/06/2007,JRF,HI,AWP,WE,Federal Contract Tower,0,0,1,7,8,0,0,48,0,48,0,0,49,7,56,212,85,297,353
11/07/2007,JRF,HI,AWP,WE,Federal Contract Tower,0,0,3,0,3,0,0,29,0,29,0,0,32,0,32,226,39,265,297
11/08/2007,JRF,HI,AWP,WE,Federal Contract Tower,0,0,2,5,7,0,0,68,10,78,0,0,70,15,85,271,61,332,417
11/09/2007,JRF,HI,AWP,WE,Federal Contract Tower,0,0,3,2,5,0,3,52,1,56,0,3,55,3,61,190,34,224,285
11/10/2007,JRF,HI,AWP,WE,Federal Contract Tower,0,0,5,0,5,0,0,81,0,81,0,0,86,0,86,330,28,358,444
11/11/2007,JRF,HI,AWP,WE,Federal Contract Tower,0,0,3,0,3,0,0,41,0,41,0,0,44,0,44,282,18,300,344
11/12/2007,JRF,HI,AWP,WE,Federal Contract Tower,0,0,5,0,5,0,0,46,12,58,0,0,51,12,63,128,44,172,235
11/13/2007,JRF,HI,AWP,WE,Federal Contract Tower,0,0,1,4,5,0,0,23,6,29,0,0,24,10,34,235,40,275,309
11/14/2007,JRF,HI,AWP,WE,Federal Contract Tower,0,0,2,2,4,0,0,40,6,46,0,0,42,8,50,228,17,245,295
11/15/2007,JRF,HI,AWP,WE,Federal Contract Tower,0,1,0,7,8,1,0,36,7,44,1,1,36,14,52,193,30,223,275
11/16/2007,JRF,HI,AWP,WE,Federal Contract Tower,0,0,0,0,0,0,0,52,0,52,0,0,52,0,52,230,66,296,348
11/17/2007,JRF,HI,AWP,WE,Federal Contract Tower,0,0,3,0,3,0,0,59,0,59,0,0,62,0,62,226,31,257,319
11/18/2007,JRF,HI,AWP,WE,Federal Contract Tower,0,0,0,0,0,0,0,64,1,65,0,0,64,1,65,291,23,314,379
11/19/2007,JRF,HI,AWP,WE,Federal Contract Tower,0,0,5,8,13,0,0,69,2,71,0,0,74,10,84,346,101,447,531
11/20/2007,JRF,HI,AWP,WE,Federal Contract Tower,0,0,2,5,7,0,0,50,5,55,0,0,52,10,62,312,28,340,402
11/21/2007,JRF,HI,AWP,WE,Federal Contract Tower,0,0,2,2,4,0,0,65,0,65,0,0,67,2,69,250,7,257,326
11/22/2007,JRF,HI,AWP,WE,Federal Contract Tower,0,0,2,0,2,0,0,15,0,15,0,0,17,0,17,104,0,104,121
11/23/2007,JRF,HI,AWP,WE,Federal Contract Tower,0,0,0,0,0,0,0,54,0,54,0,0,54,0,54,297,17,314,368
11/24/2007,JRF,HI,AWP,WE,Federal Contract Tower,0,0,2,0,2,0,0,35,0,35,0,0,37,0,37,206,7,213,250
11/25/2007,JRF,HI,AWP,WE,Federal Contract Tower,0,0,0,1,1,0,0,40,0,40,0,0,40,1,41,183,38,221,262
11/26/2007,JRF,HI,AWP,WE,Federal Contract Tower,0,0,0,3,3,0,0,46,0,46,0,0,46,3,49,312,80,392,441
11/27/2007,JRF,HI,AWP,WE,Federal Contract Tower,0,1,5,2,8,0,1,34,6,41,0,2,39,8,49,242,21,263,312
11/28/2007,JRF,HI,AWP,WE,Federal Contract Tower,0,0,5,2,7,0,0,16,0,16,0,0,21,2,23,116,2,118,141
11/29/2007,JRF,HI,AWP,WE,Federal Contract Tower,0,0,0,8,8,0,0,34,17,51,0,0,34,25,59,372,104,476,535
11/30/2007,JRF,HI,AWP,WE,Federal Contract Tower,0,0,1,4,5,0,0,33,0,33,0,0,34,4,38,151,18,169,207
12/01/2007,JRF,HI,AWP,WE,Federal Contract Tower,0,0,1,3,4,0,0,61,0,61,0,0,62,3,65,163,3,166,231
12/02/2007,JRF,HI,AWP,WE,Federal Contract Tower,0,0,0,0,0,0,0,22,0,22,0,0,22,0,22,54,23,77,99
12/03/2007,JRF,HI,AWP,WE,Federal Contract Tower,0,0,7,0,7,0,0,65,0,65,0,0,72,0,72,284,81,365,437
12/04/2007,JRF,HI,AWP,WE,Federal Contract Tower,0,0,0,8,8,0,0,17,1,18,0,0,17,9,26,67,28,95,121
12/05/2007,JRF,HI,AWP,WE,Federal Contract Tower,0,0,1,5,6,0,0,32,4,36,0,0,33,9,42,74,50,124,166
12/06/2007,JRF,HI,AWP,WE,Federal Contract Tower,0,0,1,5,6,0,0,31,1,32,0,0,32,6,38,130,38,168,206
12/07/2007,JRF,HI,AWP,WE,Federal Contract Tower,0,0,1,2,3,0,0,26,2,28,0,0,27,4,31,61,11,72,103
12/08/2007,JRF,HI,AWP,WE,Federal Contract Tower,0,0,2,0,2,1,0,78,0,79,1,0,80,0,81,263,15,278,359
12/09/2007,JRF,HI,AWP,WE,Federal Contract Tower,0,0,0,0,0,0,0,29,3,32,0,0,29,3,32,207,27,234,266
12/10/2007,JRF,HI,AWP,WE,Federal Contract Tower,0,0,2,1,3,0,0,31,0,31,0,0,33,1,34,261,64,325,359
12/11/2007,JRF,HI,AWP,WE,Federal Contract Tower,0,0,4,8,12,0,0,43,0,43,0,0,47,8,55,303,57,360,415
12/12/2007,JRF,HI,AWP,WE,Federal Contract Tower,0,0,3,6,9,0,0,38,38,76,0,0,41,44,85,224,45,269,354
12/13/2007,JRF,HI,AWP,WE,Federal Contract Tower,0,0,12,8,20,0,0,36,24,60,0,0,48,32,80,262,18,280,360
12/14/2007,JRF,HI,AWP,WE,Federal Contract Tower,0,0,2,2,4,0,0,46,1,47,0,0,48,3,51,254,5,259,310
12/15/2007,JRF,HI,AWP,WE,Federal Contract Tower,0,0,3,1,4,0,0,57,0,57,0,0,60,1,61,159,23,182,243
12/16/2007,JRF,HI,AWP,WE,Federal Contract Tower,0,0,2,1,3,0,0,51,3,54,0,0,53,4,57,219,20,239,296
12/17/2007,JRF,HI,AWP,WE,Federal Contract Tower,0,0,4,2,6,0,0,0,0,0,0,0,4,2,6,184,69,253,259
12/18/2007,JRF,HI,AWP,WE,Federal Contract Tower,0,0,3,3,6,0,0,41,10,51,0,0,44,13,57,253,68,321,378
12/19/2007,JRF,HI,AWP,WE,Federal Contract Tower,0,0,3,4,7,0,0,65,5,70,0,0,68,9,77,283,39,322,399
12/20/2007,JRF,HI,AWP,WE,Federal Contract Tower,0,0,4,11,15,0,0,29,9,38,0,0,33,20,53,273,88,361,414
12/21/2007,JRF,HI,AWP,WE,Federal Contract Tower,0,0,5,1,6,0,0,36,10,46,0,0,41,11,52,260,18,278,330
12/22/2007,JRF,HI,AWP,WE,Federal Contract Tower,0,0,2,1,3,0,0,27,0,27,0,0,29,1,30,193,0,193,223
12/23/2007,JRF,HI,AWP,WE,Federal Contract Tower,0,0,1,1,2,0,0,21,3,24,0,0,22,4,26,182,4,186,212
12/24/2007,JRF,HI,AWP,WE,Federal Contract Tower,0,0,0,0,0,0,0,17,3,20,0,0,17,3,20,62,11,73,93
12/25/2007,JRF,HI,AWP,WE,Federal Contract Tower,0,0,0,0,0,0,0,12,0,12,0,0,12,0,12,66,0,66,78
12/26/2007,JRF,HI,AWP,WE,Federal Contract Tower,0,0,1,0,1,0,0,14,4,18,0,0,15,4,19,91,21,112,131
12/27/2007,JRF,HI,AWP,WE,Federal Contract Tower,0,0,2,5,7,0,0,19,10,29,0,0,21,15,36,160,165,325,361
12/28/2007,JRF,HI,AWP,WE,Federal Contract Tower,0,0,3,2,5,0,0,18,3,21,0,0,21,5,26,219,4,223,249
12/29/2007,JRF,HI,AWP,WE,Federal Contract Tower,0,0,5,0,5,0,0,22,0,22,0,0,27,0,27,194,2,196,223
12/30/2007,JRF,HI,AWP,WE,Federal Contract Tower,0,0,0,0,0,0,0,68,1,69,0,0,68,1,69,201,3,204,273
12/31/2007,JRF,HI,AWP,WE,Federal Contract Tower,0,0,0,0,0,0,0,31,5,36,0,0,31,5,36,134,42,176,212
01/01/2008,JRF,HI,AWP,WE,Federal Contract Tower,0,0,0,0,0,0,0,18,0,18,0,0,18,0,18,101,5,106,124
01/02/2008,JRF,HI,AWP,WE,Federal Contract Tower,0,0,2,2,4,0,0,49,15,64,0,0,51,17,68,251,50,301,369
01/03/2008,JRF,HI,AWP,WE,Federal Contract Tower,0,0,4,6,10,0,0,31,7,38,0,0,35,13,48,156,95,251,299
01/04/2008,JRF,HI,AWP,WE,Federal Contract Tower,0,0,3,1,4,0,0,48,6,54,0,0,51,7,58,269,19,288,346
01/05/2008,JRF,HI,AWP,WE,Federal Contract Tower,0,0,6,2,8,0,0,46,3,49,0,0,52,5,57,308,23,331,388
01/06/2008,JRF,HI,AWP,WE,Federal Contract Tower,0,0,1,2,3,0,0,39,2,41,0,0,40,4,44,177,26,203,247
01/07/2008,JRF,HI,AWP,WE,Federal Contract Tower,0,0,3,4,7,0,1,16,9,26,0,1,19,13,33,177,135,312,345
01/08/2008,JRF,HI,AWP,WE,Federal Contract Tower,0,0,3,4,7,0,0,35,9,44,0,0,38,13,51,190,70,260,311
01/09/2008,JRF,HI,AWP,WE,Federal Contract Tower,0,0,1,2,3,0,0,43,6,49,0,0,44,8,52,232,84,316,368
01/10/2008,JRF,HI,AWP,WE,Federal Contract Tower,0,0,3,2,5,0,0,32,37,69,0,0,35,39,74,236,206,442,516
01/11/2008,JRF,HI,AWP,WE,Federal Contract Tower,0,0,0,1,1,0,0,38,9,47,0,0,38,10,48,278,22,300,348
01/12/2008,JRF,HI,AWP,WE,Federal Contract Tower,0,0,1,0,1,0,0,39,0,39,0,0,40,0,40,330,26,356,396
01/13/2008,JRF,HI,AWP,WE,Federal Contract Tower,0,0,3,1,4,0,0,14,0,14,0,0,17,1,18,215,44,259,277
01/14/2008,JRF,HI,AWP,WE,Federal Contract Tower,0,0,0,4,4,0,0,19,0,19,0,0,19,4,23,166,73,239,262
01/15/2008,JRF,HI,AWP,WE,Federal Contract Tower,0,0,4,4,8,0,2,26,6,34,0,2,30,10,42,223,207,430,472
01/16/2008,JRF,HI,AWP,WE,Federal Contract Tower,0,0,1,9,10,0,0,57,11,68,0,0,58,20,78,286,216,502,580
01/17/2008,JRF,HI,AWP,WE,Federal Contract Tower,0,0,4,3,7,0,0,108,14,122,0,0,112,17,129,136,106,242,371
01/18/2008,JRF,HI,AWP,WE,Federal Contract Tower,0,0,9,4,13,0,0,15,0,15,0,0,24,4,28,356,11,367,395
01/19/2008,JRF,HI,AWP,WE,Federal Contract Tower,0,0,2,2,4,0,0,62,9,71,0,0,64,11,75,191,36,227,302
01/20/2008,JRF,HI,AWP,WE,Federal Contract Tower,0,0,2,0,2,0,0,52,2,54,0,0,54,2,56,311,20,331,387
01/21/2008,JRF,HI,AWP,WE,Federal Contract Tower,0,0,0,0,0,0,0,45,5,50,0,0,45,5,50,243,5,248,298
01/22/2008,JRF,HI,AWP,WE,Federal Contract Tower,0,1,4,5,10,0,1,29,0,30,0,2,33,5,40,358,94,452,492
01/23/2008,JRF,HI,AWP,WE,Federal Contract Tower,0,0,4,5,9,0,0,41,14,55,0,0,45,19,64,314,141,455,519
01/24/2008,JRF,HI,AWP,WE,Federal Contract Tower,0,0,0,2,2,0,0,44,18,62,0,0,44,20,64,211,88,299,363
01/25/2008,JRF,HI,AWP,WE,Federal Contract Tower,0,0,4,0,4,0,0,53,11,64,0,0,57,11,68,266,71,337,405
01/26/2008,JRF,HI,AWP,WE,Federal Contract Tower,0,0,0,0,0,0,0,50,0,50,0,0,50,0,50,231,45,276,326
01/27/2008,JRF,HI,AWP,WE,Federal Contract Tower,0,0,0,0,0,2,0,14,0,16,2,0,14,0,16,183,11,194,210
01/28/2008,JRF,HI,AWP,WE,Federal Contract Tower,0,0,2,2,4,0,0,46,9,55,0,0,48,11,59,188,215,403,462
01/29/2008,JRF,HI,AWP,WE,Federal Contract Tower,0,1,4,5,10,0,0,27,14,41,0,1,31,19,51,317,88,405,456
01/30/2008,JRF,HI,AWP,WE,Federal Contract Tower,0,0,5,6,11,0,0,36,19,55,0,0,41,25,66,240,165,405,471
01/31/2008,JRF,HI,AWP,WE,Federal Contract Tower,0,10,1,8,19,0,0,53,19,72,0,10,54,27,91,326,89,415,506
02/01/2008,JRF,HI,AWP,WE,Federal Contract Tower,0,0,8,0,8,0,0,57,6,63,0,0,65,6,71,263,10,273,344
02/02/2008,JRF,HI,AWP,WE,Federal Contract Tower,0,0,2,0,2,0,0,14,0,14,0,0,16,0,16,113,29,142,158
02/03/2008,JRF,HI,AWP,WE,Federal Contract Tower,0,0,2,0,2,0,0,8,0,8,0,0,10,0,10,176,1,177,187
02/04/2008,JRF,HI,AWP,WE,Federal Contract Tower,0,0,0,2,2,0,0,17,34,51,0,0,17,36,53,235,152,387,440
02/05/2008,JRF,HI,AWP,WE,Federal Contract Tower,0,0,3,7,10,0,0,21,15,36,0,0,24,22,46,286,145,431,477
02/06/2008,JRF,HI,AWP,WE,Federal Contract Tower,0,0,1,6,7,0,0,44,15,59,0,0,45,21,66,331,181,512,578
02/07/2008,JRF,HI,AWP,WE,Federal Contract Tower,0,0,2,3,5,0,0,34,12,46,0,0,36,15,51,150,50,200,251
02/08/2008,JRF,HI,AWP,WE,Federal Contract Tower,0,0,3,2,5,0,0,98,15,113,0,0,101,17,118,368,90,458,576
02/09/2008,JRF,HI,AWP,WE,Federal Contract Tower,0,0,2,2,4,0,0,56,1,57,0,0,58,3,61,240,4,244,305
02/10/2008,JRF,HI,AWP,WE,Federal Contract Tower,0,0,2,4,6,0,0,41,3,44,0,0,43,7,50,270,32,302,352
02/11/2008,JRF,HI,AWP,WE,Federal Contract Tower,0,0,0,6,6,0,0,75,48,123,0,0,75,54,129,301,173,474,603
02/12/2008,JRF,HI,AWP,WE,Federal Contract Tower,0,0,0,4,4,0,0,26,27,53,0,0,26,31,57,274,140,414,471
02/13/2008,JRF,HI,AWP,WE,Federal Contract Tower,0,0,0,1,1,0,0,55,19,74,0,0,55,20,75,275,149,424,499
02/14/2008,JRF,HI,AWP,WE,Federal Contract Tower,0,0,1,2,3,0,0,28,2,30,0,0,29,4,33,210,56,266,299
02/15/2008,JRF,HI,AWP,WE,Federal Contract Tower,0,0,0,1,1,0,0,58,7,65,0,0,58,8,66,309,12,321,387
02/16/2008,JRF,HI,AWP,WE,Federal Contract Tower,0,0,1,0,1,0,0,71,0,71,0,0,72,0,72,402,49,451,523
02/17/2008,JRF,HI,AWP,WE,Federal Contract Tower,0,0,1,0,1,0,0,36,0,36,0,0,37,0,37,342,24,366,403
02/18/2008,JRF,HI,AWP,WE,Federal Contract Tower,0,0,0,2,2,2,2,72,0,76,2,2,72,2,78,377,54,431,509
02/19/2008,JRF,HI,AWP,WE,Federal Contract Tower,0,0,3,1,4,0,2,32,10,44,0,2,35,11,48,375,84,459,507
02/20/2008,JRF,HI,AWP,WE,Federal Contract Tower,0,0,0,2,2,0,0,56,25,81,0,0,56,27,83,380,48,428,511
02/21/2008,JRF,HI,AWP,WE,Federal Contract Tower,0,0,0,1,1,0,0,47,30,77,0,0,47,31,78,225,162,387,465
02/22/2008,JRF,HI,AWP,WE,Federal Contract Tower,0,0,1,0,1,4,0,56,2,62,4,0,57,2,63,205,38,243,306
02/23/2008,JRF,HI,AWP,WE,Federal Contract Tower,0,0,1,0,1,0,0,48,21,69,0,0,49,21,70,312,10,322,392
02/24/2008,JRF,HI,AWP,WE,Federal Contract Tower,0,0,4,2,6,0,0,8,0,8,0,0,12,2,14,74,48,122,136
02/25/2008,JRF,HI,AWP,WE,Federal Contract Tower,0,0,0,6,6,0,0,73,18,91,0,0,73,24,97,284,161,445,542
02/26/2008,JRF,HI,AWP,WE,Federal Contract Tower,0,0,3,4,7,0,0,32,7,39,0,0,35,11,46,313,96,409,455
02/27/2008,JRF,HI,AWP,WE,Federal Contract Tower,0,0,3,1,4,0,0,53,34,87,0,0,56,35,91,320,46,366,457
02/28/2008,JRF,HI,AWP,WE,Federal Contract Tower,0,0,1,4,5,0,1,44,23,68,0,1,45,27,73,274,162,436,509
02/29/2008,JRF,HI,AWP,WE,Federal Contract Tower,0,0,1,1,2,0,0,44,23,67,0,0,45,24,69,291,53,344,413
03/01/2008,JRF,HI,AWP,WE,Federal Contract Tower,0,0,0,3,3,0,0,52,3,55,0,0,52,6,58,327,17,344,402
03/02/2008,JRF,HI,AWP,WE,Federal Contract Tower,0,0,0,0,0,0,0,35,10,45,0,0,35,10,45,218,19,237,282
03/03/2008,JRF,HI,AWP,WE,Federal Contract Tower,0,0,0,2,2,0,0,21,0,21,0,0,21,2,23,329,136,465,488
03/04/2008,JRF,HI,AWP,WE,Federal Contract Tower,0,0,2,1,3,0,6,29,26,61,0,6,31,27,64,190,133,323,387
03/05/2008,JRF,HI,AWP,WE,Federal Contract Tower,0,0,9,8,17,0,0,28,29,57,0,0,37,37,74,285,241,526,600
03/06/2008,JRF,HI,AWP,WE,Federal Contract Tower,0,1,1,6,8,0,3,33,20,56,0,4,34,26,64,254,169,423,487
03/07/2008,JRF,HI,AWP,WE,Federal Contract Tower,0,0,3,0,3,0,0,48,0,48,0,0,51,0,51,295,18,313,364
03/08/2008,JRF,HI,AWP,WE,Federal Contract Tower,0,1,4,1,6,0,0,36,4,40,0,1,40,5,46,242,33,275,321
03/09/2008,JRF,HI,AWP,WE,Federal Contract Tower,0,0,1,2,3,0,0,40,2,42,0,0,41,4,45,304,45,349,394
03/10/2008,JRF,HI,AWP,WE,Federal Contract Tower,0,0,4,7,11,0,0,76,39,115,0,0,80,46,126,284,179,463,589
03/11/2008,JRF,HI,AWP,WE,Federal Contract Tower,0,0,6,8,14,0,0,28,22,50,0,0,34,30,64,266,194,460,524
03/12/2008,JRF,HI,AWP,WE,Federal Contract Tower,0,0,1,0,1,0,2,41,21,64,0,2,42,21,65,266,175,441,506
03/13/2008,JRF,HI,AWP,WE,Federal Contract Tower,0,0,1,0,1,0,0,29,18,47,0,0,30,18,48,150,113,263,311
03/14/2008,JRF,HI,AWP,WE,Federal Contract Tower,0,1,0,2,3,1,0,63,0,64,1,1,63,2,67,257,89,346,413
03/15/2008,JRF,HI,AWP,WE,Federal Contract Tower,1,0,2,3,6,0,0,70,19,89,1,0,72,22,95,485,66,551,646
03/16/2008,JRF,HI,AWP,WE,Federal Contract Tower,0,0,1,0,1,0,0,24,0,24,0,0,25,0,25,176,3,179,204
03/17/2008,JRF,HI,AWP,WE,Federal Contract Tower,0,0,1,8,9,0,0,51,8,59,0,0,52,16,68,204,148,352,420
03/18/2008,JRF,HI,AWP,WE,Federal Contract Tower,0,0,1,5,6,0,0,51,25,76,0,0,52,30,82,207,158,365,447
03/19/2008,JRF,HI,AWP,WE,Federal Contract Tower,0,0,1,4,5,0,0,46,22,68,0,0,47,26,73,261,127,388,461
03/20/2008,JRF,HI,AWP,WE,Federal Contract Tower,0,0,1,2,3,0,0,29,11,40,0,0,30,13,43,148,108,256,299
03/21/2008,JRF,HI,AWP,WE,Federal Contract Tower,0,0,6,0,6,0,0,40,0,40,0,0,46,0,46,372,42,414,460
03/22/2008,JRF,HI,AWP,WE,Federal Contract Tower,0,0,10,0,10,0,0,21,0,21,0,0,31,0,31,273,14,287,318
03/23/2008,JRF,HI,AWP,WE,Federal Contract Tower,0,1,4,0,5,0,0,37,0,37,0,1,41,0,42,357,15,372,414
03/24/2008,JRF,HI,AWP,WE,Federal Contract Tower,0,0,3,5,8,0,0,37,0,37,0,0,40,5,45,344,119,463,508
03/25/2008,JRF,HI,AWP,WE,Federal Contract Tower,0,0,2,2,4,0,0,48,8,56,0,0,50,10,60,380,126,506,566
03/26/2008,JRF,HI,AWP,WE,Federal Contract Tower,0,0,5,2,7,0,0,34,21,55,0,0,39,23,62,381,45,426,488
03/27/2008,JRF,HI,AWP,WE,Federal Contract Tower,0,0,5,2,7,0,3,57,9,69,0,3,62,11,76,378,125,503,579
03/28/2008,JRF,HI,AWP,WE,Federal Contract Tower,0,2,6,3,11,0,0,71,6,77,0,2,77,9,88,419,44,463,551
03/29/2008,JRF,HI,AWP,WE,Federal Contract Tower,0,0,5,0,5,0,0,5,0,5,0,0,10,0,10,177,17,194,204
03/30/2008,JRF,HI,AWP,WE,Federal Contract Tower,1,0,5,1,7,0,1,25,0,26,1,1,30,1,33,246,11,257,290
03/31/2008,JRF,HI,AWP,WE,Federal Contract Tower,0,0,1,10,11,0,1,58,1,60,0,1,59,11,71,248,125,373,444
04/01/2008,JRF,HI,AWP,WE,Federal Contract Tower,0,1,1,6,8,0,0,24,1,25,0,1,25,7,33,268,140,408,441
04/02/2008,JRF,HI,AWP,WE,Federal Contract Tower,0,0,5,8,13,0,0,12,0,12,0,0,17,8,25,334,24,358,383
04/03/2008,JRF,HI,AWP,WE,Federal Contract Tower,0,0,1,8,9,0,1,24,0,25,0,1,25,8,34,236,93,329,363
04/04/2008,JRF,HI,AWP,WE,Federal Contract Tower,0,0,11,2,13,0,0,79,0,79,0,0,90,2,92,425,50,475,567
04/05/2008,JRF,HI,AWP,WE,Federal Contract Tower,0,0,1,0,1,0,0,43,2,45,0,0,44,2,46,278,15,293,339
04/06/2008,JRF,HI,AWP,WE,Federal Contract Tower,0,0,11,0,11,1,1,5,0,7,1,1,16,0,18,296,22,318,336
04/07/2008,JRF,HI,AWP,WE,Federal Contract Tower,0,0,2,2,4,0,0,30,6,36,0,0,32,8,40,327,88,415,455
04/08/2008,JRF,HI,AWP,WE,Federal Contract Tower,0,0,2,2,4,1,1,35,14,51,1,1,37,16,55,312,118,430,485
04/09/2008,JRF,HI,AWP,WE,Federal Contract Tower,0,0,1,2,3,0,0,16,2,18,0,0,17,4,21,76,36,112,133
04/10/2008,JRF,HI,AWP,WE,Federal Contract Tower,0,0,5,6,11,0,0,24,0,24,0,0,29,6,35,305,55,360,395
04/11/2008,JRF,HI,AWP,WE,Federal Contract Tower,0,0,5,4,9,0,0,46,0,46,0,0,51,4,55,357,97,454,509
04/12/2008,JRF,HI,AWP,WE,Federal Contract Tower,0,0,3,0,3,0,0,13,0,13,0,0,16,0,16,307,1,308,324
04/13/2008,JRF,HI,AWP,WE,Federal Contract Tower,0,0,6,0,6,0,0,20,0,20,0,0,26,0,26,293,13,306,332
04/14/2008,JRF,HI,AWP,WE,Federal Contract Tower,0,0,6,8,14,0,0,23,5,28,0,0,29,13,42,248,76,324,366
04/15/2008,JRF,HI,AWP,WE,Federal Contract Tower,0,0,2,3,5,0,0,26,0,26,0,0,28,3,31,231,110,341,372
04/16/2008,JRF,HI,AWP,WE,Federal Contract Tower,0,0,6,2,8,0,2,9,18,29,0,2,15,20,37,271,35,306,343
04/17/2008,JRF,HI,AWP,WE,Federal Contract Tower,0,0,1,2,3,0,0,47,15,62,0,0,48,17,65,368,53,421,486
04/18/2008,JRF,HI,AWP,WE,Federal Contract Tower,0,2,5,3,10,0,6,55,2,63,0,8,60,5,73,308,25,333,406
04/19/2008,JRF,HI,AWP,WE,Federal Contract Tower,0,0,1,3,4,0,0,49,9,58,0,0,50,12,62,281,30,311,373
04/20/2008,JRF,HI,AWP,WE,Federal Contract Tower,0,0,6,3,9,0,0,28,4,32,0,0,34,7,41,345,20,365,406
04/21/2008,JRF,HI,AWP,WE,Federal Contract Tower,0,0,3,7,10,0,1,41,11,53,0,1,44,18,63,389,73,462,525
04/22/2008,JRF,HI,AWP,WE,Federal Contract Tower,0,0,4,3,7,0,0,40,5,45,0,0,44,8,52,252,28,280,332
04/23/2008,JRF,HI,AWP,WE,Federal Contract Tower,0,0,1,2,3,0,4,41,18,63,0,4,42,20,66,284,42,326,392
04/24/2008,JRF,HI,AWP,WE,Federal Contract Tower,0,0,3,2,5,0,0,17,5,22,0,0,20,7,27,292,15,307,334
04/25/2008,JRF,HI,AWP,WE,Federal Contract Tower,0,0,6,5,11,0,0,36,3,39,0,0,42,8,50,347,92,439,489
04/26/2008,JRF,HI,AWP,WE,Federal Contract Tower,0,0,3,0,3,0,0,27,0,27,0,0,30,0,30,395,11,406,436
04/27/2008,JRF,HI,AWP,WE,Federal Contract Tower,0,0,4,0,4,0,2,22,0,24,0,2,26,0,28,296,21,317,345
04/28/2008,JRF,HI,AWP,WE,Federal Contract Tower,0,0,3,9,12,0,0,45,1,46,0,0,48,10,58,315,104,419,477
04/29/2008,JRF,HI,AWP,WE,Federal Contract Tower,0,0,2,3,5,0,0,38,0,38,0,0,40,3,43,362,100,462,505
04/30/2008,JRF,HI,AWP,WE,Federal Contract Tower,0,1,0,2,3,0,0,48,7,55,0,1,48,9,58,228,59,287,345
05/01/2008,JRF,HI,AWP,WE,Federal Contract Tower,0,0,5,5,10,0,0,24,10,34,0,0,29,15,44,258,56,314,358
05/02/2008,JRF,HI,AWP,WE,Federal Contract Tower,0,0,5,3,8,0,0,35,0,35,0,0,40,3,43,323,62,385,428
05/03/2008,JRF,HI,AWP,WE,Federal Contract Tower,0,0,0,2,2,0,0,52,0,52,0,0,52,2,54,335,44,379,433
05/04/2008,JRF,HI,AWP,WE,Federal Contract Tower,0,0,2,1,3,4,0,21,0,25,4,0,23,1,28,387,16,403,431
05/05/2008,JRF,HI,AWP,WE,Federal Contract Tower,0,0,8,2,10,0,0,16,0,16,0,0,24,2,26,237,49,286,312
05/06/2008,JRF,HI,AWP,WE,Federal Contract Tower,0,0,0,3,3,0,0,15,3,18,0,0,15,6,21,330,39,369,390
05/07/2008,JRF,HI,AWP,WE,Federal Contract Tower,0,0,3,4,7,2,0,25,7,34,2,0,28,11,41,276,68,344,385
05/08/2008,JRF,HI,AWP,WE,Federal Contract Tower,0,0,0,2,2,0,0,24,0,24,0,0,24,2,26,193,79,272,298
05/09/2008,JRF,HI,AWP,WE,Federal Contract Tower,0,0,1,1,2,0,0,23,3,26,0,0,24,4,28,269,23,292,320
05/10/2008,JRF,HI,AWP,WE,Federal Contract Tower,0,0,0,2,2,0,0,30,1,31,0,0,30,3,33,287,16,303,336
05/11/2008,JRF,HI,AWP,WE,Federal Contract Tower,0,0,2,0,2,0,1,28,4,33,0,1,30,4,35,286,4,290,325
05/12/2008,JRF,HI,AWP,WE,Federal Contract Tower,0,0,2,4,6,0,0,22,0,22,0,0,24,4,28,240,80,320,348
05/13/2008,JRF,HI,AWP,WE,Federal Contract Tower,0,0,4,5,9,0,0,32,5,37,0,0,36,10,46,325,51,376,422
05/14/2008,JRF,HI,AWP,WE,Federal Contract Tower,0,0,1,3,4,0,1,16,0,17,0,1,17,3,21,248,30,278,299
05/15/2008,JRF,HI,AWP,WE,Federal Contract Tower,0,0,1,4,5,0,0,27,0,27,0,0,28,4,32,314,34,348,380
05/16/2008,JRF,HI,AWP,WE,Federal Contract Tower,0,0,3,0,3,0,0,30,0,30,0,0,33,0,33,270,9,279,312
05/17/2008,JRF,HI,AWP,WE,Federal Contract Tower,0,0,0,0,0,0,0,32,0,32,0,0,32,0,32,302,16,318,350
05/18/2008,JRF,HI,AWP,WE,Federal Contract Tower,0,0,4,0,4,0,0,3,0,3,0,0,7,0,7,311,15,326,333
05/19/2008,JRF,HI,AWP,WE,Federal Contract Tower,0,0,8,1,9,0,0,7,4,11,0,0,15,5,20,293,84,377,397
05/20/2008,JRF,HI,AWP,WE,Federal Contract Tower,0,0,5,3,8,0,0,35,0,35,0,0,40,3,43,339,41,380,423
05/21/2008,JRF,HI,AWP,WE,Federal Contract Tower,0,0,8,4,12,0,0,25,0,25,0,0,33,4,37,379,20,399,436
05/22/2008,JRF,HI,AWP,WE,Federal Contract Tower,0,0,5,1,6,0,0,11,0,11,0,0,16,1,17,332,17,349,366
05/23/2008,JRF,HI,AWP,WE,Federal Contract Tower,0,0,5,0,5,0,0,20,0,20,0,0,25,0,25,338,15,353,378
05/24/2008,JRF,HI,AWP,WE,Federal Contract Tower,0,0,5,0,5,0,0,12,0,12,0,0,17,0,17,355,2,357,374
05/25/2008,JRF,HI,AWP,WE,Federal Contract Tower,0,0,3,0,3,0,0,21,6,27,0,0,24,6,30,355,40,395,425
05/26/2008,JRF,HI,AWP,WE,Federal Contract Tower,0,0,2,1,3,0,0,34,0,34,0,0,36,1,37,316,15,331,368
05/27/2008,JRF,HI,AWP,WE,Federal Contract Tower,0,1,0,9,10,0,0,31,0,31,0,1,31,9,41,310,40,350,391
05/28/2008,JRF,HI,AWP,WE,Federal Contract Tower,0,0,0,2,2,0,1,41,8,50,0,1,41,10,52,348,44,392,444
05/29/2008,JRF,HI,AWP,WE,Federal Contract Tower,0,0,4,7,11,0,0,40,7,47,0,0,44,14,58,340,62,402,460
05/30/2008,JRF,HI,AWP,WE,Federal Contract Tower,0,0,0,0,0,0,2,39,0,41,0,2,39,0,41,309,12,321,362
05/31/2008,JRF,HI,AWP,WE,Federal Contract Tower,0,0,0,0,0,0,0,15,0,15,0,0,15,0,15,124,22,146,161
06/01/2008,JRF,HI,AWP,WE,Federal Contract Tower,0,0,2,0,2,0,0,26,0,26,0,0,28,0,28,266,15,281,309
06/02/2008,JRF,HI,AWP,WE,Federal Contract Tower,0,0,3,3,6,0,2,24,1,27,0,2,27,4,33,286,105,391,424
06/03/2008,JRF,HI,AWP,WE,Federal Contract Tower,0,0,8,4,12,0,1,27,1,29,0,1,35,5,41,289,70,359,400
06/04/2008,JRF,HI,AWP,WE,Federal Contract Tower,0,0,3,1,4,0,0,44,15,59,0,0,47,16,63,395,56,451,514
06/05/2008,JRF,HI,AWP,WE,Federal Contract Tower,0,0,7,8,15,0,3,18,12,33,0,3,25,20,48,276,76,352,400
06/06/2008,JRF,HI,AWP,WE,Federal Contract Tower,0,0,2,1,3,0,0,8,0,8,0,0,10,1,11,200,23,223,234
06/07/2008,JRF,HI,AWP,WE,Federal Contract Tower,0,0,1,0,1,0,0,40,0,40,0,0,41,0,41,244,15,259,300
06/08/2008,JRF,HI,AWP,WE,Federal Contract Tower,0,0,1,0,1,0,0,20,0,20,0,0,21,0,21,143,14,157,178
06/09/2008,JRF,HI,AWP,WE,Federal Contract Tower,0,0,2,6,8,0,0,11,1,12,0,0,13,7,20,200,90,290,310
06/10/2008,JRF,HI,AWP,WE,Federal Contract Tower,0,0,2,2,4,0,0,30,16,46,0,0,32,18,50,259,60,319,369
06/11/2008,JRF,HI,AWP,WE,Federal Contract Tower,0,0,0,2,2,0,0,48,1,49,0,0,48,3,51,290,40,330,381
06/12/2008,JRF,HI,AWP,WE,Federal Contract Tower,0,0,6,0,6,0,0,10,0,10,0,0,16,0,16,177,65,242,258
06/13/2008,JRF,HI,AWP,WE,Federal Contract Tower,0,0,4,0,4,0,0,16,0,16,0,0,20,0,20,246,30,276,296
06/14/2008,JRF,HI,AWP,WE,Federal Contract Tower,0,0,1,0,1,0,0,33,0,33,0,0,34,0,34,268,34,302,336
06/15/2008,JRF,HI,AWP,WE,Federal Contract Tower,0,0,0,0,0,0,0,28,2,30,0,0,28,2,30,194,26,220,250
06/16/2008,JRF,HI,AWP,WE,Federal Contract Tower,0,0,3,2,5,0,0,17,0,17,0,0,20,2,22,260,135,395,417
06/17/2008,JRF,HI,AWP,WE,Federal Contract Tower,0,0,7,3,10,0,0,45,0,45,0,0,52,3,55,394,148,542,597
06/18/2008,JRF,HI,AWP,WE,Federal Contract Tower,0,0,2,2,4,0,0,26,8,34,0,0,28,10,38,184,55,239,277
06/19/2008,JRF,HI,AWP,WE,Federal Contract Tower,0,0,6,5,11,0,0,47,9,56,0,0,53,14,67,412,16,428,495
06/20/2008,JRF,HI,AWP,WE,Federal Contract Tower,0,0,12,1,13,0,0,2,0,2,0,0,14,1,15,235,33,268,283
06/21/2008,JRF,HI,AWP,WE,Federal Contract Tower,0,0,0,2,2,0,0,19,2,21,0,0,19,4,23,223,26,249,272
06/22/2008,JRF,HI,AWP,WE,Federal Contract Tower,0,0,1,3,4,0,0,12,0,12,0,0,13,3,16,221,35,256,272
06/23/2008,JRF,HI,AWP,WE,Federal Contract Tower,0,0,5,7,12,0,0,25,0,25,0,0,30,7,37,225,90,315,352
06/24/2008,JRF,HI,AWP,WE,Federal Contract Tower,0,0,4,10,14,0,0,36,6,42,0,0,40,16,56,273,56,329,385
06/25/2008,JRF,HI,AWP,WE,Federal Contract Tower,0,0,5,0,5,0,0,34,49,83,0,0,39,49,88,192,73,265,353
06/26/2008,JRF,HI,AWP,WE,Federal Contract Tower,0,0,4,4,8,0,0,31,16,47,0,0,35,20,55,273,98,371,426
06/27/2008,JRF,HI,AWP,WE,Federal Contract Tower,0,0,10,1,11,0,0,2,10,12,0,0,12,11,23,183,32,215,238
06/28/2008,JRF,HI,AWP,WE,Federal Contract Tower,0,0,1,1,2,0,0,23,1,24,0,0,24,2,26,228,13,241,267
06/29/2008,JRF,HI,AWP,WE,Federal Contract Tower,0,0,2,0,2,0,0,10,0,10,0,0,12,0,12,154,4,158,170
06/30/2008,JRF,HI,AWP,WE,Federal Contract Tower,2,0,2,5,9,0,0,0,0,0,2,0,2,5,9,180,80,260,269
07/01/2008,JRF,HI,AWP,WE,Federal Contract Tower,0,0,1,4,5,0,0,32,27,59,0,0,33,31,64,174,78,252,316
07/02/2008,JRF,HI,AWP,WE,Federal Contract Tower,0,0,3,4,7,0,0,40,6,46,0,0,43,10,53,44,288,332,385
07/03/2008,JRF,HI,AWP,WE,Federal Contract Tower,0,0,6,4,10,0,0,33,2,35,0,0,39,6,45,243,6,249,294
07/04/2008,JRF,HI,AWP,WE,Federal Contract Tower,0,0,0,1,1,0,0,13,1,14,0,0,13,2,15,225,1,226,241
07/05/2008,JRF,HI,AWP,WE,Federal Contract Tower,2,0,0,1,3,0,2,4,1,7,2,2,4,2,10,228,21,249,259
07/06/2008,JRF,HI,AWP,WE,Federal Contract Tower,0,8,4,0,12,6,0,40,1,47,6,8,44,1,59,159,22,181,240
07/07/2008,JRF,HI,AWP,WE,Federal Contract Tower,0,0,4,6,10,0,1,35,2,38,0,1,39,8,48,173,64,237,285
07/08/2008,JRF,HI,AWP,WE,Federal Contract Tower,0,0,2,6,8,0,0,34,8,42,0,0,36,14,50,255,78,333,383
07/09/2008,JRF,HI,AWP,WE,Federal Contract Tower,0,0,2,8,10,0,0,19,21,40,0,0,21,29,50,171,90,261,311
07/10/2008,JRF,HI,AWP,WE,Federal Contract Tower,0,0,2,7,9,0,0,30,20,50,0,0,32,27,59,297,97,394,453
07/11/2008,JRF,HI,AWP,WE,Federal Contract Tower,0,0,3,3,6,0,0,24,2,26,0,0,27,5,32,272,12,284,316
07/12/2008,JRF,HI,AWP,WE,Federal Contract Tower,0,0,1,1,2,0,0,11,0,11,0,0,12,1,13,186,56,242,255
07/13/2008,JRF,HI,AWP,WE,Federal Contract Tower,0,0,2,2,4,0,0,27,0,27,0,0,29,2,31,272,54,326,357
07/14/2008,JRF,HI,AWP,WE,Federal Contract Tower,0,0,2,8,10,0,0,40,10,50,0,0,42,18,60,239,98,337,397
07/15/2008,JRF,HI,AWP,WE,Federal Contract Tower,0,0,5,5,10,0,0,10,7,17,0,0,15,12,27,215,98,313,340
07/16/2008,JRF,HI,AWP,WE,Federal Contract Tower,0,0,1,3,4,0,0,21,19,40,0,0,22,22,44,319,85,404,448
07/17/2008,JRF,HI,AWP,WE,Federal Contract Tower,0,0,2,1,3,0,0,17,19,36,0,0,19,20,39,212,68,280,319
07/18/2008,JRF,HI,AWP,WE,Federal Contract Tower,0,0,9,5,14,0,0,17,5,22,0,0,26,10,36,279,54,333,369
07/19/2008,JRF,HI,AWP,WE,Federal Contract Tower,0,0,5,0,5,0,0,23,0,23,0,0,28,0,28,202,54,256,284
07/20/2008,JRF,HI,AWP,WE,Federal Contract Tower,0,5,2,0,7,0,0,7,0,7,0,5,9,0,14,217,54,271,285
07/21/2008,JRF,HI,AWP,WE,Federal Contract Tower,0,1,1,6,8,0,0,21,9,30,0,1,22,15,38,194,89,283,321
07/22/2008,JRF,HI,AWP,WE,Federal Contract Tower,0,0,5,4,9,0,0,31,9,40,0,0,36,13,49,349,149,498,547
07/23/2008,JRF,HI,AWP,WE,Federal Contract Tower,0,0,1,4,5,0,0,22,10,32,0,0,23,14,37,270,52,322,359
07/24/2008,JRF,HI,AWP,WE,Federal Contract Tower,0,0,8,5,13,0,0,26,14,40,0,0,34,19,53,234,58,292,345
07/25/2008,JRF,HI,AWP,WE,Federal Contract Tower,0,0,10,1,11,0,0,42,6,48,0,0,52,7,59,231,44,275,334
07/26/2008,JRF,HI,AWP,WE,Federal Contract Tower,0,0,2,2,4,0,0,12,0,12,0,0,14,2,16,215,9,224,240
07/27/2008,JRF,HI,AWP,WE,Federal Contract Tower,0,0,4,0,4,0,0,49,0,49,0,0,53,0,53,157,30,187,240
07/28/2008,JRF,HI,AWP,WE,Federal Contract Tower,0,0,4,6,10,0,0,34,3,37,0,0,38,9,47,211,98,309,356
07/29/2008,JRF,HI,AWP,WE,Federal Contract Tower,0,1,3,5,9,0,2,42,10,54,0,3,45,15,63,228,135,363,426
07/30/2008,JRF,HI,AWP,WE,Federal Contract Tower,0,0,0,4,4,0,0,12,8,20,0,0,12,12,24,342,150,492,516
07/31/2008,JRF,HI,AWP,WE,Federal Contract Tower,0,3,4,1,8,0,0,37,26,63,0,3,41,27,71,253,121,374,445
08/01/2008,JRF,HI,AWP,WE,Federal Contract Tower,0,0,4,1,5,0,0,15,3,18,0,0,19,4,23,255,27,282,305
08/02/2008,JRF,HI,AWP,WE,Federal Contract Tower,0,0,4,0,4,0,0,48,0,48,0,0,52,0,52,223,39,262,314
08/03/2008,JRF,HI,AWP,WE,Federal Contract Tower,0,0,0,1,1,0,0,20,1,21,0,0,20,2,22,264,0,264,286
08/04/2008,JRF,HI,AWP,WE,Federal Contract Tower,0,0,1,2,3,0,0,40,37,77,0,0,41,39,80,279,142,421,501
08/05/2008,JRF,HI,AWP,WE,Federal Contract Tower,0,0,7,5,12,0,0,44,5,49,0,0,51,10,61,322,122,444,505
08/06/2008,JRF,HI,AWP,WE,Federal Contract Tower,0,0,1,3,4,0,0,40,15,55,0,0,41,18,59,289,121,410,469
08/07/2008,JRF,HI,AWP,WE,Federal Contract Tower,0,0,4,6,10,0,0,32,9,41,0,0,36,15,51,230,67,297,348
08/08/2008,JRF,HI,AWP,WE,Federal Contract Tower,0,0,4,2,6,0,0,13,6,19,0,0,17,8,25,202,38,240,265
08/09/2008,JRF,HI,AWP,WE,Federal Contract Tower,0,0,3,2,5,0,0,37,0,37,0,0,40,2,42,242,32,274,316
08/10/2008,JRF,HI,AWP,WE,Federal Contract Tower,0,0,4,0,4,0,0,17,4,21,0,0,21,4,25,146,36,182,207
08/11/2008,JRF,HI,AWP,WE,Federal Contract Tower,0,0,0,7,7,0,0,50,25,75,0,0,50,32,82,211,108,319,401
08/12/2008,JRF,HI,AWP,WE,Federal Contract Tower,0,4,1,6,11,0,0,20,4,24,0,4,21,10,35,317,78,395,430
08/13/2008,JRF,HI,AWP,WE,Federal Contract Tower,0,0,0,2,2,0,1,20,8,29,0,1,20,10,31,156,22,178,209
08/14/2008,JRF,HI,AWP,WE,Federal Contract Tower,0,0,6,11,17,0,0,20,8,28,0,0,26,19,45,220,120,340,385
08/15/2008,JRF,HI,AWP,WE,Federal Contract Tower,0,2,3,0,5,0,0,14,3,17,0,2,17,3,22,256,50,306,328
08/16/2008,JRF,HI,AWP,WE,Federal Contract Tower,0,1,0,1,2,0,0,84,5,89,0,1,84,6,91,234,25,259,350
08/17/2008,JRF,HI,AWP,WE,Federal Contract Tower,0,3,2,2,7,0,0,6,2,8,0,3,8,4,15,147,3,150,165
08/18/2008,JRF,HI,AWP,WE,Federal Contract Tower,0,0,1,5,6,0,0,18,14,32,0,0,19,19,38,227,51,278,316
08/19/2008,JRF,HI,AWP,WE,Federal Contract Tower,0,1,2,8,11,0,0,25,8,33,0,1,27,16,44,156,53,209,253
08/20/2008,JRF,HI,AWP,WE,Federal Contract Tower,0,1,7,2,10,0,0,28,13,41,0,1,35,15,51,256,83,339,390
08/21/2008,JRF,HI,AWP,WE,Federal Contract Tower,0,0,2,3,5,0,0,46,21,67,0,0,48,24,72,229,257,486,558
08/22/2008,JRF,HI,AWP,WE,Federal Contract Tower,0,0,3,3,6,0,0,34,11,45,0,0,37,14,51,230,26,256,307
08/23/2008,JRF,HI,AWP,WE,Federal Contract Tower,0,0,3,1,4,0,0,10,0,10,0,0,13,1,14,157,4,161,175
08/24/2008,JRF,HI,AWP,WE,Federal Contract Tower,0,0,5,0,5,0,0,27,0,27,0,0,32,0,32,200,9,209,241
08/25/2008,JRF,HI,AWP,WE,Federal Contract Tower,0,0,3,6,9,0,0,5,20,25,0,0,8,26,34,287,95,382,416
08/26/2008,JRF,HI,AWP,WE,Federal Contract Tower,1,1,3,2,7,0,0,25,3,28,1,1,28,5,35,176,86,262,297
08/27/2008,JRF,HI,AWP,WE,Federal Contract Tower,0,0,5,1,6,0,0,35,16,51,0,0,40,17,57,216,58,274,331
08/28/2008,JRF,HI,AWP,WE,Federal Contract Tower,0,0,3,7,10,0,1,36,9,46,0,1,39,16,56,268,138,406,462
08/29/2008,JRF,HI,AWP,WE,Federal Contract Tower,0,0,8,4,12,0,0,20,5,25,0,0,28,9,37,240,5,245,282
08/30/2008,JRF,HI,AWP,WE,Federal Contract Tower,0,0,4,1,5,0,0,4,0,4,0,0,8,1,9,190,8,198,207
08/31/2008,JRF,HI,AWP,WE,Federal Contract Tower,0,3,4,0,7,0,0,24,0,24,0,3,28,0,31,178,9,187,218
09/01/2008,JRF,HI,AWP,WE,Federal Contract Tower,0,0,5,0,5,0,0,2,2,4,0,0,7,2,9,241,10,251,260
09/02/2008,JRF,HI,AWP,WE,Federal Contract Tower,0,0,17,6,23,0,0,2,8,10,0,0,19,14,33,291,149,440,473
09/03/2008,JRF,HI,AWP,WE,Federal Contract Tower,0,0,24,7,31,0,0,3,3,6,0,0,27,10,37,374,24,398,435
09/04/2008,JRF,HI,AWP,WE,Federal Contract Tower,1,0,27,9,37,0,0,10,0,10,1,0,37,9,47,329,65,394,441
09/05/2008,JRF,HI,AWP,WE,Federal Contract Tower,0,0,19,24,43,0,0,10,1,11,0,0,29,25,54,291,19,310,364
09/06/2008,JRF,HI,AWP,WE,Federal Contract Tower,0,0,60,12,72,0,0,1,0,1,0,0,61,12,73,150,9,159,232
09/07/2008,JRF,HI,AWP,WE,Federal Contract Tower,1,0,18,5,24,0,0,7,0,7,1,0,25,5,31,217,26,243,274
09/08/2008,JRF,HI,AWP,WE,Federal Contract Tower,0,0,22,5,27,0,0,0,3,3,0,0,22,8,30,257,12,269,299
09/09/2008,JRF,HI,AWP,WE,Federal Contract Tower,0,0,23,7,30,0,0,1,9,10,0,0,24,16,40,330,46,376,416
09/10/2008,JRF,HI,AWP,WE,Federal Contract Tower,0,0,21,8,29,0,0,4,4,8,0,0,25,12,37,349,28,377,414
09/11/2008,JRF,HI,AWP,WE,Federal Contract Tower,0,0,34,22,56,0,1,2,1,4,0,1,36,23,60,132,40,172,232
09/12/2008,JRF,HI,AWP,WE,Federal Contract Tower,0,0,11,11,22,0,0,3,1,4,0,0,14,12,26,221,4,225,251
09/13/2008,JRF,HI,AWP,WE,Federal Contract Tower,0,0,34,8,42,0,0,1,1,2,0,0,35,9,44,190,7,197,241
09/14/2008,JRF,HI,AWP,WE,Federal Contract Tower,0,0,20,6,26,0,0,3,1,4,0,0,23,7,30,174,12,186,216
09/15/2008,JRF,HI,AWP,WE,Federal Contract Tower,0,0,20,10,30,0,0,2,5,7,0,0,22,15,37,206,125,331,368
09/16/2008,JRF,HI,AWP,WE,Federal Contract Tower,0,0,21,4,25,0,0,2,5,7,0,0,23,9,32,320,121,441,473
09/17/2008,JRF,HI,AWP,WE,Federal Contract Tower,0,0,25,16,41,0,0,1,4,5,0,0,26,20,46,304,75,379,425
09/18/2008,JRF,HI,AWP,WE,Federal Contract Tower,0,0,45,17,62,1,0,2,4,7,1,0,47,21,69,246,92,338,407
09/19/2008,JRF,HI,AWP,WE,Federal Contract Tower,0,0,15,1,16,0,0,7,3,10,0,0,22,4,26,177,110,287,313
09/20/2008,JRF,HI,AWP,WE,Federal Contract Tower,0,0,38,6,44,0,0,2,0,2,0,0,40,6,46,193,3,196,242
09/21/2008,JRF,HI,AWP,WE,Federal Contract Tower,0,0,55,10,65,0,0,5,0,5,0,0,60,10,70,240,57,297,367
09/22/2008,JRF,HI,AWP,WE,Federal Contract Tower,0,0,21,1,22,0,0,4,9,13,0,0,25,10,35,190,88,278,313
09/23/2008,JRF,HI,AWP,WE,Federal Contract Tower,0,0,16,11,27,0,0,3,10,13,0,0,19,21,40,229,179,408,448
09/24/2008,JRF,HI,AWP,WE,Federal Contract Tower,0,0,30,16,46,0,0,2,3,5,0,0,32,19,51,361,73,434,485
09/25/2008,JRF,HI,AWP,WE,Federal Contract Tower,0,0,39,30,69,0,0,1,4,5,0,0,40,34,74,243,72,315,389
09/26/2008,JRF,HI,AWP,WE,Federal Contract Tower,2,0,30,9,41,0,0,0,3,3,2,0,30,12,44,180,14,194,238
09/27/2008,JRF,HI,AWP,WE,Federal Contract Tower,0,0,27,6,33,0,1,0,0,1,0,1,27,6,34,164,13,177,211
09/28/2008,JRF,HI,AWP,WE,Federal Contract Tower,0,0,27,3,30,0,0,6,1,7,0,0,33,4,37,225,8,233,270
09/29/2008,JRF,HI,AWP,WE,Federal Contract Tower,0,0,26,3,29,0,0,5,9,14,0,0,31,12,43,189,43,232,275
09/30/2008,JRF,HI,AWP,WE,Federal Contract Tower,0,0,28,25,53,0,0,4,4,8,0,0,32,29,61,193,55,248,309
10/01/2008,JRF,HI,AWP,WE,Federal Contract Tower,0,0,25,11,36,0,2,3,0,5,0,2,28,11,41,261,58,319,360
10/02/2008,JRF,HI,AWP,WE,Federal Contract Tower,0,0,25,21,46,0,0,3,2,5,0,0,28,23,51,215,64,279,330
10/03/2008,JRF,HI,AWP,WE,Federal Contract Tower,0,0,63,2,65,0,0,6,7,13,0,0,69,9,78,223,12,235,313
10/04/2008,JRF,HI,AWP,WE,Federal Contract Tower,0,0,55,3,58,0,0,0,1,1,0,0,55,4,59,319,4,323,382
10/05/2008,JRF,HI,AWP,WE,Federal Contract Tower,0,0,24,1,25,0,0,3,2,5,0,0,27,3,30,220,10,230,260
10/06/2008,JRF,HI,AWP,WE,Federal Contract Tower,0,0,25,7,32,0,0,4,2,6,0,0,29,9,38,216,85,301,339
10/07/2008,JRF,HI,AWP,WE,Federal Contract Tower,0,0,33,30,63,0,1,4,4,9,0,1,37,34,72,267,96,363,435
10/08/2008,JRF,HI,AWP,WE,Federal Contract Tower,0,0,62,2,64,0,0,4,8,12,0,0,66,10,76,313,134,447,523
10/09/2008,JRF,HI,AWP,WE,Federal Contract Tower,0,0,29,25,54,0,0,0,2,2,0,0,29,27,56,296,153,449,505
10/10/2008,JRF,HI,AWP,WE,Federal Contract Tower,1,0,35,10,46,0,0,4,0,4,1,0,39,10,50,300,15,315,365
10/11/2008,JRF,HI,AWP,WE,Federal Contract Tower,0,0,32,2,34,0,0,0,0,0,0,0,32,2,34,335,2,337,371
10/12/2008,JRF,HI,AWP,WE,Federal Contract Tower,0,0,39,4,43,0,0,1,1,2,0,0,40,5,45,299,7,306,351
10/13/2008,JRF,HI,AWP,WE,Federal Contract Tower,2,0,41,0,43,0,0,3,3,6,2,0,44,3,49,368,14,382,431
10/14/2008,JRF,HI,AWP,WE,Federal Contract Tower,0,0,20,12,32,0,0,0,6,6,0,0,20,18,38,132,116,248,286
10/15/2008,JRF,HI,AWP,WE,Federal Contract Tower,0,0,30,23,53,0,0,2,4,6,0,0,32,27,59,257,41,298,357
10/16/2008,JRF,HI,AWP,WE,Federal Contract Tower,0,0,46,30,76,0,0,2,4,6,0,0,48,34,82,292,174,466,548
10/17/2008,JRF,HI,AWP,WE,Federal Contract Tower,0,0,45,15,60,0,0,5,0,5,0,0,50,15,65,236,28,264,329
10/18/2008,JRF,HI,AWP,WE,Federal Contract Tower,0,0,35,1,36,0,0,5,2,7,0,0,40,3,43,217,1,218,261
10/19/2008,JRF,HI,AWP,WE,Federal Contract Tower,0,5,16,2,23,0,0,4,3,7,0,5,20,5,30,137,31,168,198
10/20/2008,JRF,HI,AWP,WE,Federal Contract Tower,0,0,13,5,18,0,0,4,5,9,0,0,17,10,27,190,60,250,277
10/21/2008,JRF,HI,AWP,WE,Federal Contract Tower,0,0,42,8,50,0,0,7,3,10,0,0,49,11,60,162,53,215,275
10/22/2008,JRF,HI,AWP,WE,Federal Contract Tower,0,0,32,17,49,0,0,3,2,5,0,0,35,19,54,160,14,174,228
10/23/2008,JRF,HI,AWP,WE,Federal Contract Tower,0,0,44,6,50,0,0,7,3,10,0,0,51,9,60,175,39,214,274
10/24/2008,JRF,HI,AWP,WE,Federal Contract Tower,0,0,44,10,54,0,0,5,1,6,0,0,49,11,60,250,17,267,327
10/25/2008,JRF,HI,AWP,WE,Federal Contract Tower,0,0,31,0,31,0,0,6,0,6,0,0,37,0,37,153,9,162,199
10/26/2008,JRF,HI,AWP,WE,Federal Contract Tower,0,0,14,1,15,0,6,1,1,8,0,6,15,2,23,126,2,128,151
10/27/2008,JRF,HI,AWP,WE,Federal Contract Tower,0,1,39,3,43,0,0,4,4,8,0,1,43,7,51,302,69,371,422
10/28/2008,JRF,HI,AWP,WE,Federal Contract Tower,0,0,29,9,38,0,0,0,4,4,0,0,29,13,42,288,88,376,418
10/29/2008,JRF,HI,AWP,WE,Federal Contract Tower,0,0,38,11,49,0,0,5,5,10,0,0,43,16,59,261,31,292,351
10/30/2008,JRF,HI,AWP,WE,Federal Contract Tower,0,0,48,17,65,2,0,3,5,10,2,0,51,22,75,256,84,340,415
10/31/2008,JRF,HI,AWP,WE,Federal Contract Tower,0,0,48,9,57,0,0,5,2,7,0,0,53,11,64,244,16,260,324
11/01/2008,JRF,HI,AWP,WE,Federal Contract Tower,0,0,56,6,62,0,4,2,2,8,0,4,58,8,70,237,17,254,324
11/02/2008,JRF,HI,AWP,WE,Federal Contract Tower,0,0,40,0,40,0,0,2,1,3,0,0,42,1,43,315,6,321,364
11/03/2008,JRF,HI,AWP,WE,Federal Contract Tower,0,0,21,12,33,0,0,5,8,13,0,0,26,20,46,298,79,377,423
11/04/2008,JRF,HI,AWP,WE,Federal Contract Tower,0,0,27,12,39,0,2,6,5,13,0,2,33,17,52,282,57,339,391
11/05/2008,JRF,HI,AWP,WE,Federal Contract Tower,0,0,36,14,50,0,0,5,3,8,0,0,41,17,58,219,38,257,315
11/06/2008,JRF,HI,AWP,WE,Federal Contract Tower,0,0,44,16,60,0,0,6,6,12,0,0,50,22,72,204,66,270,342
11/07/2008,JRF,HI,AWP,WE,Federal Contract Tower,0,0,56,8,64,1,0,2,6,9,1,0,58,14,73,267,12,279,352
11/08/2008,JRF,HI,AWP,WE,Federal Contract Tower,0,7,34,2,43,0,2,3,4,9,0,9,37,6,52,240,29,269,321
11/09/2008,JRF,HI,AWP,WE,Federal Contract Tower,0,0,35,0,35,0,2,0,6,8,0,2,35,6,43,277,8,285,328
11/10/2008,JRF,HI,AWP,WE,Federal Contract Tower,0,0,37,3,40,0,0,4,3,7,0,0,41,6,47,314,38,352,399
11/11/2008,JRF,HI,AWP,WE,Federal Contract Tower,0,1,46,3,50,0,6,5,1,12,0,7,51,4,62,297,5,302,364
11/12/2008,JRF,HI,AWP,WE,Federal Contract Tower,0,0,23,12,35,1,0,3,4,8,1,0,26,16,43,289,44,333,376
11/13/2008,JRF,HI,AWP,WE,Federal Contract Tower,0,0,28,22,50,0,0,8,11,19,0,0,36,33,69,194,59,253,322
11/14/2008,JRF,HI,AWP,WE,Federal Contract Tower,0,0,52,3,55,0,0,11,2,13,0,0,63,5,68,237,48,285,353
11/15/2008,JRF,HI,AWP,WE,Federal Contract Tower,0,0,34,5,39,0,0,2,6,8,0,0,36,11,47,243,33,276,323
11/16/2008,JRF,HI,AWP,WE,Federal Contract Tower,0,0,25,2,27,0,0,2,4,6,0,0,27,6,33,330,25,355,388
11/17/2008,JRF,HI,AWP,WE,Federal Contract Tower,0,0,27,42,69,0,0,3,11,14,0,0,30,53,83,226,87,313,396
11/18/2008,JRF,HI,AWP,WE,Federal Contract Tower,0,0,24,24,48,0,0,2,4,6,0,0,26,28,54,256,100,356,410
11/19/2008,JRF,HI,AWP,WE,Federal Contract Tower,0,0,24,26,50,0,2,1,3,6,0,2,25,29,56,183,74,257,313
11/20/2008,JRF,HI,AWP,WE,Federal Contract Tower,0,1,55,30,86,0,0,4,0,4,0,1,59,30,90,237,92,329,419
11/21/2008,JRF,HI,AWP,WE,Federal Contract Tower,0,0,54,9,63,0,0,0,0,0,0,0,54,9,63,207,32,239,302
11/22/2008,JRF,HI,AWP,WE,Federal Contract Tower,0,0,2,4,6,0,0,0,4,4,0,0,2,8,10,2,19,21,31
11/23/2008,JRF,HI,AWP,WE,Federal Contract Tower,0,0,13,0,13,0,0,0,2,2,0,0,13,2,15,367,0,367,382
11/24/2008,JRF,HI,AWP,WE,Federal Contract Tower,0,0,21,9,30,0,0,1,5,6,0,0,22,14,36,196,88,284,320
11/25/2008,JRF,HI,AWP,WE,Federal Contract Tower,0,0,26,3,29,0,0,2,4,6,0,0,28,7,35,187,129,316,351
11/26/2008,JRF,HI,AWP,WE,Federal Contract Tower,0,0,24,3,27,0,0,2,2,4,0,0,26,5,31,254,53,307,338
11/27/2008,JRF,HI,AWP,WE,Federal Contract Tower,0,0,12,0,12,0,0,0,0,0,0,0,12,0,12,113,0,113,125
11/28/2008,JRF,HI,AWP,WE,Federal Contract Tower,0,0,45,1,46,0,0,0,0,0,0,0,45,1,46,194,40,234,280
11/29/2008,JRF,HI,AWP,WE,Federal Contract Tower,2,0,45,2,49,0,0,2,1,3,2,0,47,3,52,257,0,257,309
11/30/2008,JRF,HI,AWP,WE,Federal Contract Tower,0,0,27,0,27,0,2,1,0,3,0,2,28,0,30,320,34,354,384
12/01/2008,JRF,HI,AWP,WE,Federal Contract Tower,2,2,34,26,64,0,4,4,5,13,2,6,38,31,77,259,131,390,467
12/02/2008,JRF,HI,AWP,WE,Federal Contract Tower,0,0,20,5,25,0,0,5,5,10,0,0,25,10,35,313,163,476,511
12/03/2008,JRF,HI,AWP,WE,Federal Contract Tower,0,0,47,22,69,0,0,2,1,3,0,0,49,23,72,263,124,387,459
12/04/2008,JRF,HI,AWP,WE,Federal Contract Tower,0,1,45,16,62,0,2,6,5,13,0,3,51,21,75,274,66,340,415
12/05/2008,JRF,HI,AWP,WE,Federal Contract Tower,0,0,36,5,41,0,0,2,1,3,0,0,38,6,44,197,25,222,266
12/06/2008,JRF,HI,AWP,WE,Federal Contract Tower,0,0,54,4,58,0,1,7,2,10,0,1,61,6,68,249,13,262,330
12/07/2008,JRF,HI,AWP,WE,Federal Contract Tower,0,0,24,0,24,0,0,4,2,6,0,0,28,2,30,186,38,224,254
12/08/2008,JRF,HI,AWP,WE,Federal Contract Tower,0,0,27,11,38,0,0,5,2,7,0,0,32,13,45,222,99,321,366
12/09/2008,JRF,HI,AWP,WE,Federal Contract Tower,0,0,23,11,34,1,7,4,10,22,1,7,27,21,56,197,155,352,408
12/10/2008,JRF,HI,AWP,WE,Federal Contract Tower,0,0,40,10,50,0,0,6,5,11,0,0,46,15,61,150,31,181,242
12/11/2008,JRF,HI,AWP,WE,Federal Contract Tower,0,0,12,0,12,0,0,1,10,11,0,0,13,10,23,40,38,78,101
12/12/2008,JRF,HI,AWP,WE,Federal Contract Tower,0,0,20,5,25,0,0,4,6,10,0,0,24,11,35,140,25,165,200
12/13/2008,JRF,HI,AWP,WE,Federal Contract Tower,0,0,13,2,15,0,0,1,4,5,0,0,14,6,20,58,11,69,89
12/14/2008,JRF,HI,AWP,WE,Federal Contract Tower,2,0,27,2,31,0,0,3,3,6,2,0,30,5,37,91,7,98,135
12/15/2008,JRF,HI,AWP,WE,Federal Contract Tower,0,0,35,22,57,0,0,4,10,14,0,0,39,32,71,211,152,363,434
12/16/2008,JRF,HI,AWP,WE,Federal Contract Tower,0,0,31,17,48,0,0,3,19,22,0,0,34,36,70,217,224,441,511
12/17/2008,JRF,HI,AWP,WE,Federal Contract Tower,0,0,40,6,46,0,0,7,12,19,0,0,47,18,65,210,32,242,307
12/18/2008,JRF,HI,AWP,WE,Federal Contract Tower,0,0,56,10,66,0,0,3,5,8,0,0,59,15,74,207,58,265,339
12/19/2008,JRF,HI,AWP,WE,Federal Contract Tower,0,0,52,2,54,0,0,3,0,3,0,0,55,2,57,150,0,150,207
12/20/2008,JRF,HI,AWP,WE,Federal Contract Tower,0,0,54,4,58,0,0,2,2,4,0,0,56,6,62,235,66,301,363
12/21/2008,JRF,HI,AWP,WE,Federal Contract Tower,0,0,59,0,59,0,0,0,4,4,0,0,59,4,63,224,5,229,292
12/22/2008,JRF,HI,AWP,WE,Federal Contract Tower,0,1,37,6,44,0,0,6,10,16,0,1,43,16,60,180,133,313,373
12/23/2008,JRF,HI,AWP,WE,Federal Contract Tower,0,0,38,14,52,2,2,4,2,10,2,2,42,16,62,214,33,247,309
12/24/2008,JRF,HI,AWP,WE,Federal Contract Tower,0,0,27,5,32,0,0,4,2,6,0,0,31,7,38,138,0,138,176
12/25/2008,JRF,HI,AWP,WE,Federal Contract Tower,0,0,16,0,16,0,0,1,2,3,0,0,17,2,19,66,0,66,85
12/26/2008,JRF,HI,AWP,WE,Federal Contract Tower,0,0,52,7,59,0,0,0,3,3,0,0,52,10,62,163,3,166,228
12/27/2008,JRF,HI,AWP,WE,Federal Contract Tower,0,0,37,3,40,0,0,3,0,3,0,0,40,3,43,177,30,207,250
12/28/2008,JRF,HI,AWP,WE,Federal Contract Tower,0,0,20,2,22,0,0,4,2,6,0,0,24,4,28,75,15,90,118
12/29/2008,JRF,HI,AWP,WE,Federal Contract Tower,0,0,34,4,38,0,0,1,4,5,0,0,35,8,43,157,17,174,217
12/30/2008,JRF,HI,AWP,WE,Federal Contract Tower,0,0,38,7,45,0,0,6,3,9,0,0,44,10,54,199,13,212,266
12/31/2008,JRF,HI,AWP,WE,Federal Contract Tower,0,0,25,8,33,0,0,0,3,3,0,0,25,11,36,227,18,245,281
01/01/2009,JRF,HI,AWP,WE,Federal Contract Tower,0,0,17,0,17,0,0,1,0,1,0,0,18,0,18,60,0,60,78
01/02/2009,JRF,HI,AWP,WE,Federal Contract Tower,0,0,29,2,31,0,0,5,2,7,0,0,34,4,38,206,22,228,266
01/03/2009,JRF,HI,AWP,WE,Federal Contract Tower,0,0,17,2,19,0,0,5,2,7,0,0,22,4,26,168,0,168,194
01/04/2009,JRF,HI,AWP,WE,Federal Contract Tower,0,0,25,2,27,0,4,0,2,6,0,4,25,4,33,111,30,141,174
01/05/2009,JRF,HI,AWP,WE,Federal Contract Tower,0,0,25,19,44,0,0,0,9,9,0,0,25,28,53,102,58,160,213
01/06/2009,JRF,HI,AWP,WE,Federal Contract Tower,0,0,35,11,46,0,0,5,2,7,0,0,40,13,53,246,176,422,475
01/07/2009,JRF,HI,AWP,WE,Federal Contract Tower,0,0,21,7,28,0,0,1,10,11,0,0,22,17,39,260,282,542,581
01/08/2009,JRF,HI,AWP,WE,Federal Contract Tower,0,1,43,15,59,0,0,7,14,21,0,1,50,29,80,241,166,407,487
01/09/2009,JRF,HI,AWP,WE,Federal Contract Tower,0,0,64,4,68,0,0,2,11,13,0,0,66,15,81,255,133,388,469
01/10/2009,JRF,HI,AWP,WE,Federal Contract Tower,0,0,6,40,46,0,0,4,5,9,0,0,10,45,55,241,54,295,350
01/11/2009,JRF,HI,AWP,WE,Federal Contract Tower,0,0,30,0,30,0,0,0,1,1,0,0,30,1,31,155,3,158,189
01/12/2009,JRF,HI,AWP,WE,Federal Contract Tower,0,1,44,41,86,0,0,1,15,16,0,1,45,56,102,234,167,401,503
01/13/2009,JRF,HI,AWP,WE,Federal Contract Tower,0,0,40,14,54,0,0,2,5,7,0,0,42,19,61,258,92,350,411
01/14/2009,JRF,HI,AWP,WE,Federal Contract Tower,0,0,37,36,73,0,0,2,10,12,0,0,39,46,85,306,192,498,583
01/15/2009,JRF,HI,AWP,WE,Federal Contract Tower,0,0,26,22,48,0,0,2,4,6,0,0,28,26,54,93,59,152,206
01/16/2009,JRF,HI,AWP,WE,Federal Contract Tower,0,0,8,7,15,0,0,0,1,1,0,0,8,8,16,46,16,62,78
01/17/2009,JRF,HI,AWP,WE,Federal Contract Tower,0,0,39,0,39,0,2,1,8,11,0,2,40,8,50,141,7,148,198
01/18/2009,JRF,HI,AWP,WE,Federal Contract Tower,0,0,49,2,51,0,0,3,7,10,0,0,52,9,61,251,23,274,335
01/19/2009,JRF,HI,AWP,WE,Federal Contract Tower,0,0,64,4,68,0,0,9,3,12,0,0,73,7,80,258,26,284,364
01/20/2009,JRF,HI,AWP,WE,Federal Contract Tower,0,0,22,9,31,0,0,1,4,5,0,0,23,13,36,212,228,440,476
01/21/2009,JRF,HI,AWP,WE,Federal Contract Tower,0,1,56,18,75,0,0,2,15,17,0,1,58,33,92,224,318,542,634
01/22/2009,JRF,HI,AWP,WE,Federal Contract Tower,0,0,54,14,68,0,0,3,24,27,0,0,57,38,95,269,185,454,549
01/23/2009,JRF,HI,AWP,WE,Federal Contract Tower,0,0,59,27,86,0,0,2,10,12,0,0,61,37,98,157,251,408,506
01/24/2009,JRF,HI,AWP,WE,Federal Contract Tower,6,0,76,4,86,0,0,5,3,8,6,0,81,7,94,384,47,431,525
01/25/2009,JRF,HI,AWP,WE,Federal Contract Tower,0,0,21,1,22,0,3,3,1,7,0,3,24,2,29,171,19,190,219
01/26/2009,JRF,HI,AWP,WE,Federal Contract Tower,0,0,28,27,55,0,0,4,8,12,0,0,32,35,67,138,168,306,373
01/27/2009,JRF,HI,AWP,WE,Federal Contract Tower,0,0,30,7,37,0,0,4,7,11,0,0,34,14,48,276,165,441,489
01/28/2009,JRF,HI,AWP,WE,Federal Contract Tower,0,0,54,37,91,0,0,0,8,8,0,0,54,45,99,212,116,328,427
01/29/2009,JRF,HI,AWP,WE,Federal Contract Tower,0,0,49,29,78,0,0,5,5,10,0,0,54,34,88,226,122,348,436
01/30/2009,JRF,HI,AWP,WE,Federal Contract Tower,0,0,90,4,94,0,0,11,2,13,0,0,101,6,107,324,2,326,433
01/31/2009,JRF,HI,AWP,WE,Federal Contract Tower,0,0,49,4,53,0,0,5,0,5,0,0,54,4,58,312,32,344,402
02/01/2009,JRF,HI,AWP,WE,Federal Contract Tower,0,0,53,2,55,0,0,0,0,0,0,0,53,2,55,228,9,237,292
02/02/2009,JRF,HI,AWP,WE,Federal Contract Tower,0,0,42,24,66,0,0,1,19,20,0,0,43,43,86,242,307,549,635
02/03/2009,JRF,HI,AWP,WE,Federal Contract Tower,0,0,29,33,62,0,0,5,9,14,0,0,34,42,76,219,67,286,362
02/04/2009,JRF,HI,AWP,WE,Federal Contract Tower,0,0,50,27,77,0,0,3,6,9,0,0,53,33,86,247,35,282,368
02/05/2009,JRF,HI,AWP,WE,Federal Contract Tower,1,0,25,43,69,0,0,0,12,12,1,0,25,55,81,273,141,414,495
02/06/2009,JRF,HI,AWP,WE,Federal Contract Tower,0,0,49,9,58,0,0,4,4,8,0,0,53,13,66,287,11,298,364
02/07/2009,JRF,HI,AWP,WE,Federal Contract Tower,0,0,65,3,68,0,0,3,1,4,0,0,68,4,72,271,1,272,344
02/08/2009,JRF,HI,AWP,WE,Federal Contract Tower,0,0,28,5,33,6,0,10,0,16,6,0,38,5,49,184,16,200,249
02/09/2009,JRF,HI,AWP,WE,Federal Contract Tower,0,0,33,19,52,0,0,6,4,10,0,0,39,23,62,186,60,246,308
02/10/2009,JRF,HI,AWP,WE,Federal Contract Tower,0,0,60,11,71,2,2,5,11,20,2,2,65,22,91,336,112,448,539
02/11/2009,JRF,HI,AWP,WE,Federal Contract Tower,0,0,53,10,63,0,0,2,7,9,0,0,55,17,72,294,111,405,477
02/12/2009,JRF,HI,AWP,WE,Federal Contract Tower,7,0,47,19,73,0,0,6,4,10,7,0,53,23,83,157,109,266,349
02/13/2009,JRF,HI,AWP,WE,Federal Contract Tower,0,0,43,13,56,0,0,6,5,11,0,0,49,18,67,252,31,283,350
02/14/2009,JRF,HI,AWP,WE,Federal Contract Tower,2,0,27,5,34,0,0,3,4,7,2,0,30,9,41,149,0,149,190
02/15/2009,JRF,HI,AWP,WE,Federal Contract Tower,0,0,26,1,27,0,0,4,3,7,0,0,30,4,34,109,15,124,158
02/16/2009,JRF,HI,AWP,WE,Federal Contract Tower,0,0,49,3,52,2,0,7,1,10,2,0,56,4,62,175,13,188,250
02/17/2009,JRF,HI,AWP,WE,Federal Contract Tower,0,0,44,5,49,0,0,2,18,20,0,0,46,23,69,208,143,351,420
02/18/2009,JRF,HI,AWP,WE,Federal Contract Tower,0,0,39,11,50,0,0,10,9,19,0,0,49,20,69,378,136,514,583
02/19/2009,JRF,HI,AWP,WE,Federal Contract Tower,0,0,43,16,59,0,0,8,14,22,0,0,51,30,81,235,157,392,473
02/20/2009,JRF,HI,AWP,WE,Federal Contract Tower,0,0,45,14,59,0,0,5,0,5,0,0,50,14,64,298,27,325,389
02/21/2009,JRF,HI,AWP,WE,Federal Contract Tower,0,0,42,5,47,0,0,2,3,5,0,0,44,8,52,289,25,314,366
02/22/2009,JRF,HI,AWP,WE,Federal Contract Tower,0,0,55,0,55,0,0,5,0,5,0,0,60,0,60,274,26,300,360
02/23/2009,JRF,HI,AWP,WE,Federal Contract Tower,0,0,40,10,50,0,0,7,6,13,0,0,47,16,63,199,85,284,347
02/24/2009,JRF,HI,AWP,WE,Federal Contract Tower,0,0,28,15,43,2,0,4,2,8,2,0,32,17,51,173,105,278,329
02/25/2009,JRF,HI,AWP,WE,Federal Contract Tower,0,0,34,23,57,1,1,6,4,12,1,1,40,27,69,173,112,285,354
02/26/2009,JRF,HI,AWP,WE,Federal Contract Tower,0,0,33,17,50,0,0,5,10,15,0,0,38,27,65,274,113,387,452
02/27/2009,JRF,HI,AWP,WE,Federal Contract Tower,0,0,35,6,41,0,0,12,3,15,0,0,47,9,56,250,46,296,352
02/28/2009,JRF,HI,AWP,WE,Federal Contract Tower,1,0,27,2,30,1,0,11,1,13,2,0,38,3,43,202,0,202,245
03/01/2009,JRF,HI,AWP,WE,Federal Contract Tower,0,0,21,2,23,0,0,4,2,6,0,0,25,4,29,91,2,93,122
03/02/2009,JRF,HI,AWP,WE,Federal Contract Tower,0,0,25,14,39,0,0,9,8,17,0,0,34,22,56,196,73,269,325
03/03/2009,JRF,HI,AWP,WE,Federal Contract Tower,0,0,33,27,60,0,0,9,6,15,0,0,42,33,75,207,72,279,354
03/04/2009,JRF,HI,AWP,WE,Federal Contract Tower,0,0,42,30,72,0,0,7,3,10,0,0,49,33,82,232,85,317,399
03/05/2009,JRF,HI,AWP,WE,Federal Contract Tower,0,0,59,20,79,0,0,7,4,11,0,0,66,24,90,335,70,405,495
03/06/2009,JRF,HI,AWP,WE,Federal Contract Tower,0,0,51,4,55,0,0,5,3,8,0,0,56,7,63,303,34,337,400
03/07/2009,JRF,HI,AWP,WE,Federal Contract Tower,0,0,22,0,22,1,1,4,1,7,1,1,26,1,29,244,3,247,276
03/08/2009,JRF,HI,AWP,WE,Federal Contract Tower,0,0,22,1,23,0,0,2,1,3,0,0,24,2,26,461,22,483,509
03/09/2009,JRF,HI,AWP,WE,Federal Contract Tower,0,0,62,20,82,0,0,1,4,5,0,0,63,24,87,209,72,281,368
03/10/2009,JRF,HI,AWP,WE,Federal Contract Tower,0,0,47,33,80,1,1,4,2,8,1,1,51,35,88,154,103,257,345
03/11/2009,JRF,HI,AWP,WE,Federal Contract Tower,0,0,60,56,116,0,0,3,4,7,0,0,63,60,123,265,150,415,538
03/12/2009,JRF,HI,AWP,WE,Federal Contract Tower,0,0,45,23,68,0,0,15,5,20,0,0,60,28,88,282,79,361,449
03/13/2009,JRF,HI,AWP,WE,Federal Contract Tower,0,0,98,24,122,0,0,6,7,13,0,0,104,31,135,418,73,491,626
03/14/2009,JRF,HI,AWP,WE,Federal Contract Tower,0,0,23,1,24,0,0,0,3,3,0,0,23,4,27,233,2,235,262
03/15/2009,JRF,HI,AWP,WE,Federal Contract Tower,0,0,25,2,27,0,0,5,1,6,0,0,30,3,33,265,46,311,344
03/16/2009,JRF,HI,AWP,WE,Federal Contract Tower,0,0,46,18,64,1,0,4,6,11,1,0,50,24,75,206,102,308,383
03/17/2009,JRF,HI,AWP,WE,Federal Contract Tower,0,0,73,32,105,0,0,5,8,13,0,0,78,40,118,196,106,302,420
03/18/2009,JRF,HI,AWP,WE,Federal Contract Tower,0,0,63,36,99,0,0,3,0,3,0,0,66,36,102,251,75,326,428
03/19/2009,JRF,HI,AWP,WE,Federal Contract Tower,0,0,46,40,86,0,0,5,4,9,0,0,51,44,95,292,187,479,574
03/20/2009,JRF,HI,AWP,WE,Federal Contract Tower,0,0,43,9,52,0,0,4,0,4,0,0,47,9,56,349,43,392,448
03/21/2009,JRF,HI,AWP,WE,Federal Contract Tower,0,0,49,4,53,0,0,4,4,8,0,0,53,8,61,347,6,353,414
03/22/2009,JRF,HI,AWP,WE,Federal Contract Tower,2,0,21,1,24,0,0,0,2,2,2,0,21,3,26,244,33,277,303
03/23/2009,JRF,HI,AWP,WE,Federal Contract Tower,0,0,47,20,67,1,0,7,9,17,1,0,54,29,84,259,51,310,394
03/24/2009,JRF,HI,AWP,WE,Federal Contract Tower,0,0,46,57,103,0,0,2,7,9,0,0,48,64,112,239,78,317,429
03/25/2009,JRF,HI,AWP,WE,Federal Contract Tower,0,0,75,39,114,0,0,6,5,11,0,0,81,44,125,324,61,385,510
03/26/2009,JRF,HI,AWP,WE,Federal Contract Tower,0,0,52,23,75,0,0,15,5,20,0,0,67,28,95,334,36,370,465
03/27/2009,JRF,HI,AWP,WE,Federal Contract Tower,2,0,59,1,62,0,0,9,3,12,2,0,68,4,74,283,58,341,415
03/28/2009,JRF,HI,AWP,WE,Federal Contract Tower,1,1,30,4,36,0,0,6,1,7,1,1,36,5,43,282,12,294,337
03/29/2009,JRF,HI,AWP,WE,Federal Contract Tower,0,0,29,2,31,0,0,2,2,4,0,0,31,4,35,240,15,255,290
03/30/2009,JRF,HI,AWP,WE,Federal Contract Tower,0,0,26,25,51,0,0,4,5,9,0,0,30,30,60,222,69,291,351
03/31/2009,JRF,HI,AWP,WE,Federal Contract Tower,0,0,44,40,84,0,0,6,4,10,0,0,50,44,94,268,177,445,539
04/01/2009,JRF,HI,AWP,WE,Federal Contract Tower,0,0,4,6,10,0,0,37,19,56,0,0,41,25,66,243,85,328,394
04/02/2009,JRF,HI,AWP,WE,Federal Contract Tower,0,0,2,5,7,0,0,54,38,92,0,0,56,43,99,342,121,463,562
04/03/2009,JRF,HI,AWP,WE,Federal Contract Tower,0,0,9,9,18,0,0,60,9,69,0,0,69,18,87,329,26,355,442
04/04/2009,JRF,HI,AWP,WE,Federal Contract Tower,0,0,2,0,2,0,0,28,8,36,0,0,30,8,38,299,15,314,352
04/05/2009,JRF,HI,AWP,WE,Federal Contract Tower,0,0,6,1,7,0,0,38,0,38,0,0,44,1,45,288,18,306,351
04/06/2009,JRF,HI,AWP,WE,Federal Contract Tower,0,0,0,9,9,0,0,25,39,64,0,0,25,48,73,229,82,311,384
04/07/2009,JRF,HI,AWP,WE,Federal Contract Tower,0,0,9,8,17,0,0,32,13,45,0,0,41,21,62,366,54,420,482
04/08/2009,JRF,HI,AWP,WE,Federal Contract Tower,0,1,9,4,14,0,0,44,28,72,0,1,53,32,86,197,34,231,317
04/09/2009,JRF,HI,AWP,WE,Federal Contract Tower,0,0,5,4,9,0,0,28,3,31,0,0,33,7,40,166,59,225,265
04/10/2009,JRF,HI,AWP,WE,Federal Contract Tower,0,0,6,12,18,0,0,15,0,15,0,0,21,12,33,172,117,289,322
04/11/2009,JRF,HI,AWP,WE,Federal Contract Tower,0,0,1,3,4,4,0,58,3,65,4,0,59,6,69,274,3,277,346
04/12/2009,JRF,HI,AWP,WE,Federal Contract Tower,0,0,0,2,2,0,0,26,4,30,0,0,26,6,32,310,2,312,344
04/13/2009,JRF,HI,AWP,WE,Federal Contract Tower,0,0,2,9,11,0,0,31,44,75,0,0,33,53,86,156,74,230,316
04/14/2009,JRF,HI,AWP,WE,Federal Contract Tower,0,0,7,11,18,0,0,66,36,102,0,0,73,47,120,264,70,334,454
04/15/2009,JRF,HI,AWP,WE,Federal Contract Tower,0,0,6,3,9,0,0,57,12,69,0,0,63,15,78,317,76,393,471
04/16/2009,JRF,HI,AWP,WE,Federal Contract Tower,0,1,1,6,8,0,0,33,37,70,0,1,34,43,78,224,147,371,449
04/17/2009,JRF,HI,AWP,WE,Federal Contract Tower,0,0,1,1,2,1,0,57,2,60,1,0,58,3,62,285,10,295,357
04/18/2009,JRF,HI,AWP,WE,Federal Contract Tower,0,0,5,0,5,0,0,56,3,59,0,0,61,3,64,221,10,231,295
04/19/2009,JRF,HI,AWP,WE,Federal Contract Tower,0,0,1,0,1,0,0,32,4,36,0,0,33,4,37,250,22,272,309
04/20/2009,JRF,HI,AWP,WE,Federal Contract Tower,0,0,8,1,9,0,0,19,23,42,0,0,27,24,51,225,54,279,330
04/21/2009,JRF,HI,AWP,WE,Federal Contract Tower,0,0,6,1,7,0,0,35,20,55,0,0,41,21,62,267,62,329,391
04/22/2009,JRF,HI,AWP,WE,Federal Contract Tower,0,0,3,4,7,0,0,44,15,59,0,0,47,19,66,271,83,354,420
04/23/2009,JRF,HI,AWP,WE,Federal Contract Tower,0,0,5,2,7,0,0,15,5,20,0,0,20,7,27,76,33,109,136
04/24/2009,JRF,HI,AWP,WE,Federal Contract Tower,0,0,6,0,6,2,0,22,3,27,2,0,28,3,33,286,13,299,332
04/25/2009,JRF,HI,AWP,WE,Federal Contract Tower,0,0,3,2,5,1,0,20,4,25,1,0,23,6,30,312,33,345,375
04/26/2009,JRF,HI,AWP,WE,Federal Contract Tower,0,0,3,0,3,0,0,18,2,20,0,0,21,2,23,283,37,320,343
04/27/2009,JRF,HI,AWP,WE,Federal Contract Tower,2,0,1,5,8,0,0,35,16,51,2,0,36,21,59,191,136,327,386
04/28/2009,JRF,HI,AWP,WE,Federal Contract Tower,0,0,6,10,16,0,0,46,7,53,0,0,52,17,69,288,110,398,467
04/29/2009,JRF,HI,AWP,WE,Federal Contract Tower,0,0,5,3,8,0,0,43,15,58,0,0,48,18,66,403,82,485,551
04/30/2009,JRF,HI,AWP,WE,Federal Contract Tower,0,0,6,10,16,0,0,19,5,24,0,0,25,15,40,184,49,233,273
05/01/2009,JRF,HI,AWP,WE,Federal Contract Tower,1,0,4,3,8,0,0,29,4,33,1,0,33,7,41,343,9,352,393
05/02/2009,JRF,HI,AWP,WE,Federal Contract Tower,0,0,0,2,2,0,0,34,53,87,0,0,34,55,89,445,41,486,575
05/03/2009,JRF,HI,AWP,WE,Federal Contract Tower,0,0,2,1,3,0,0,35,1,36,0,0,37,2,39,369,43,412,451
05/04/2009,JRF,HI,AWP,WE,Federal Contract Tower,0,0,12,1,13,0,2,56,8,66,0,2,68,9,79,298,13,311,390
05/05/2009,JRF,HI,AWP,WE,Federal Contract Tower,0,0,7,2,9,0,0,39,2,41,0,0,46,4,50,286,23,309,359
05/06/2009,JRF,HI,AWP,WE,Federal Contract Tower,0,0,5,4,9,0,0,56,14,70,0,0,61,18,79,275,38,313,392
05/07/2009,JRF,HI,AWP,WE,Federal Contract Tower,0,0,3,6,9,0,0,39,13,52,0,0,42,19,61,261,94,355,416
05/08/2009,JRF,HI,AWP,WE,Federal Contract Tower,0,0,10,5,15,0,0,21,5,26,0,0,31,10,41,293,19,312,353
05/09/2009,JRF,HI,AWP,WE,Federal Contract Tower,0,0,2,2,4,0,0,17,6,23,0,0,19,8,27,258,36,294,321
05/10/2009,JRF,HI,AWP,WE,Federal Contract Tower,0,0,2,2,4,0,0,9,0,9,0,0,11,2,13,330,41,371,384
05/11/2009,JRF,HI,AWP,WE,Federal Contract Tower,0,0,5,7,12,0,0,22,15,37,0,0,27,22,49,282,35,317,366
05/12/2009,JRF,HI,AWP,WE,Federal Contract Tower,0,0,5,5,10,0,0,31,13,44,0,0,36,18,54,238,110,348,402
05/13/2009,JRF,HI,AWP,WE,Federal Contract Tower,0,0,5,5,10,0,0,51,11,62,0,0,56,16,72,239,25,264,336
05/14/2009,JRF,HI,AWP,WE,Federal Contract Tower,0,0,1,4,5,0,0,45,18,63,0,0,46,22,68,268,65,333,401
05/15/2009,JRF,HI,AWP,WE,Federal Contract Tower,0,0,2,2,4,0,0,34,9,43,0,0,36,11,47,297,7,304,351
05/16/2009,JRF,HI,AWP,WE,Federal Contract Tower,0,0,4,1,5,0,0,20,4,24,0,0,24,5,29,295,8,303,332
05/17/2009,JRF,HI,AWP,WE,Federal Contract Tower,0,0,3,3,6,0,0,21,5,26,0,0,24,8,32,281,4,285,317
05/18/2009,JRF,HI,AWP,WE,Federal Contract Tower,0,0,6,6,12,0,0,11,5,16,0,0,17,11,28,171,115,286,314
05/19/2009,JRF,HI,AWP,WE,Federal Contract Tower,0,0,4,4,8,0,0,44,12,56,0,0,48,16,64,270,18,288,352
05/20/2009,JRF,HI,AWP,WE,Federal Contract Tower,0,0,2,1,3,0,0,54,14,68,0,0,56,15,71,211,36,247,318
05/21/2009,JRF,HI,AWP,WE,Federal Contract Tower,0,0,2,2,4,0,0,30,12,42,0,0,32,14,46,258,42,300,346
05/22/2009,JRF,HI,AWP,WE,Federal Contract Tower,0,0,10,2,12,0,0,30,6,36,0,0,40,8,48,367,6,373,421
05/23/2009,JRF,HI,AWP,WE,Federal Contract Tower,0,0,2,2,4,0,0,25,3,28,0,0,27,5,32,320,1,321,353
05/24/2009,JRF,HI,AWP,WE,Federal Contract Tower,1,0,0,2,3,0,1,19,0,20,1,1,19,2,23,279,22,301,324
05/25/2009,JRF,HI,AWP,WE,Federal Contract Tower,0,0,4,1,5,0,0,33,0,33,0,0,37,1,38,160,2,162,200
05/26/2009,JRF,HI,AWP,WE,Federal Contract Tower,1,0,4,3,8,0,0,52,20,72,1,0,56,23,80,233,69,302,382
05/27/2009,JRF,HI,AWP,WE,Federal Contract Tower,0,0,5,0,5,0,0,50,9,59,0,0,55,9,64,173,9,182,246
05/28/2009,JRF,HI,AWP,WE,Federal Contract Tower,0,0,1,5,6,0,0,32,12,44,0,0,33,17,50,203,151,354,404
05/29/2009,JRF,HI,AWP,WE,Federal Contract Tower,0,0,8,8,16,1,0,22,4,27,1,0,30,12,43,195,66,261,304
05/30/2009,JRF,HI,AWP,WE,Federal Contract Tower,1,2,5,0,8,0,6,52,3,61,1,8,57,3,69,252,19,271,340
05/31/2009,JRF,HI,AWP,WE,Federal Contract Tower,0,0,3,2,5,0,0,30,7,37,0,0,33,9,42,196,57,253,295
06/01/2009,JRF,HI,AWP,WE,Federal Contract Tower,0,0,7,8,15,0,0,21,15,36,0,0,28,23,51,209,93,302,353
06/02/2009,JRF,HI,AWP,WE,Federal Contract Tower,0,0,0,6,6,0,0,32,19,51,0,0,32,25,57,218,76,294,351
06/03/2009,JRF,HI,AWP,WE,Federal Contract Tower,0,0,3,2,5,0,0,54,15,69,0,0,57,17,74,276,15,291,365
06/04/2009,JRF,HI,AWP,WE,Federal Contract Tower,0,0,9,4,13,0,0,50,44,94,0,0,59,48,107,263,134,397,504
06/05/2009,JRF,HI,AWP,WE,Federal Contract Tower,0,0,5,0,5,0,0,48,22,70,0,0,53,22,75,326,10,336,411
06/06/2009,JRF,HI,AWP,WE,Federal Contract Tower,0,0,5,2,7,0,0,28,3,31,0,0,33,5,38,294,33,327,365
06/07/2009,JRF,HI,AWP,WE,Federal Contract Tower,0,0,2,2,4,0,0,22,10,32,0,0,24,12,36,317,13,330,366
06/08/2009,JRF,HI,AWP,WE,Federal Contract Tower,0,0,2,5,7,0,0,33,21,54,0,0,35,26,61,169,91,260,321
06/09/2009,JRF,HI,AWP,WE,Federal Contract Tower,0,0,0,6,6,0,0,43,23,66,0,0,43,29,72,235,109,344,416
06/10/2009,JRF,HI,AWP,WE,Federal Contract Tower,0,0,5,2,7,0,0,29,12,41,0,0,34,14,48,292,40,332,380
06/11/2009,JRF,HI,AWP,WE,Federal Contract Tower,0,0,4,2,6,0,0,51,13,64,0,0,55,15,70,260,87,347,417
06/12/2009,JRF,HI,AWP,WE,Federal Contract Tower,0,0,6,7,13,0,0,28,5,33,0,0,34,12,46,226,54,280,326
06/13/2009,JRF,HI,AWP,WE,Federal Contract Tower,0,0,0,0,0,0,0,27,3,30,0,0,27,3,30,318,26,344,374
06/14/2009,JRF,HI,AWP,WE,Federal Contract Tower,0,0,5,3,8,0,0,28,0,28,0,0,33,3,36,302,11,313,349
06/15/2009,JRF,HI,AWP,WE,Federal Contract Tower,0,0,5,18,23,0,0,18,13,31,0,0,23,31,54,306,52,358,412
06/16/2009,JRF,HI,AWP,WE,Federal Contract Tower,0,0,5,7,12,0,0,32,19,51,0,0,37,26,63,203,57,260,323
06/17/2009,JRF,HI,AWP,WE,Federal Contract Tower,0,0,4,4,8,0,0,32,30,62,0,0,36,34,70,164,88,252,322
06/18/2009,JRF,HI,AWP,WE,Federal Contract Tower,0,0,3,6,9,0,0,34,20,54,0,0,37,26,63,170,96,266,329
06/19/2009,JRF,HI,AWP,WE,Federal Contract Tower,0,0,5,22,27,0,0,26,6,32,0,0,31,28,59,203,57,260,319
06/20/2009,JRF,HI,AWP,WE,Federal Contract Tower,0,0,3,2,5,1,0,29,5,35,1,0,32,7,40,278,4,282,322
06/21/2009,JRF,HI,AWP,WE,Federal Contract Tower,2,1,6,0,9,0,0,25,1,26,2,1,31,1,35,250,10,260,295
06/22/2009,JRF,HI,AWP,WE,Federal Contract Tower,3,1,2,8,14,0,0,22,23,45,3,1,24,31,59,95,157,252,311
06/23/2009,JRF,HI,AWP,WE,Federal Contract Tower,0,0,7,11,18,0,0,28,17,45,0,0,35,28,63,232,126,358,421
06/24/2009,JRF,HI,AWP,WE,Federal Contract Tower,0,0,3,0,3,0,0,45,22,67,0,0,48,22,70,151,74,225,295
06/25/2009,JRF,HI,AWP,WE,Federal Contract Tower,0,0,4,3,7,0,0,37,21,58,0,0,41,24,65,203,62,265,330
06/26/2009,JRF,HI,AWP,WE,Federal Contract Tower,0,0,2,3,5,0,0,42,9,51,0,0,44,12,56,232,34,266,322
06/27/2009,JRF,HI,AWP,WE,Federal Contract Tower,0,0,4,1,5,4,0,25,2,31,4,0,29,3,36,292,8,300,336
06/28/2009,JRF,HI,AWP,WE,Federal Contract Tower,0,0,1,0,1,0,0,31,6,37,0,0,32,6,38,120,2,122,160
06/29/2009,JRF,HI,AWP,WE,Federal Contract Tower,0,0,9,4,13,0,0,36,10,46,0,0,45,14,59,225,70,295,354
06/30/2009,JRF,HI,AWP,WE,Federal Contract Tower,0,0,3,5,8,0,0,47,12,59,0,0,50,17,67,238,125,363,430
07/01/2009,JRF,HI,AWP,WE,Federal Contract Tower,0,0,4,10,14,0,0,46,6,52,0,0,50,16,66,213,29,242,308
07/02/2009,JRF,HI,AWP,WE,Federal Contract Tower,0,0,4,4,8,0,2,43,8,53,0,2,47,12,61,150,52,202,263
07/03/2009,JRF,HI,AWP,WE,Federal Contract Tower,0,0,0,1,1,0,0,41,2,43,0,0,41,3,44,201,10,211,255
07/04/2009,JRF,HI,AWP,WE,Federal Contract Tower,0,0,0,0,0,0,0,21,0,21,0,0,21,0,21,193,0,193,214
07/05/2009,JRF,HI,AWP,WE,Federal Contract Tower,0,0,1,2,3,0,2,22,2,26,0,2,23,4,29,231,0,231,260
07/06/2009,JRF,HI,AWP,WE,Federal Contract Tower,0,0,4,3,7,0,0,42,10,52,0,0,46,13,59,160,25,185,244
07/07/2009,JRF,HI,AWP,WE,Federal Contract Tower,0,0,6,10,16,0,0,53,14,67,0,0,59,24,83,135,88,223,306
07/08/2009,JRF,HI,AWP,WE,Federal Contract Tower,0,0,8,9,17,0,0,48,14,62,0,0,56,23,79,172,54,226,305
07/09/2009,JRF,HI,AWP,WE,Federal Contract Tower,0,0,2,6,8,0,0,53,7,60,0,0,55,13,68,230,43,273,341
07/10/2009,JRF,HI,AWP,WE,Federal Contract Tower,0,0,0,2,2,0,0,30,4,34,0,0,30,6,36,367,67,434,470
07/11/2009,JRF,HI,AWP,WE,Federal Contract Tower,0,0,0,4,4,0,0,44,10,54,0,0,44,14,58,329,69,398,456
07/12/2009,JRF,HI,AWP,WE,Federal Contract Tower,0,0,11,0,11,0,0,27,3,30,0,0,38,3,41,151,16,167,208
07/13/2009,JRF,HI,AWP,WE,Federal Contract Tower,0,0,4,1,5,0,0,40,5,45,0,0,44,6,50,206,61,267,317
07/14/2009,JRF,HI,AWP,WE,Federal Contract Tower,0,0,5,8,13,0,0,48,5,53,0,0,53,13,66,278,43,321,387
07/15/2009,JRF,HI,AWP,WE,Federal Contract Tower,0,0,2,2,4,0,0,48,15,63,0,0,50,17,67,262,11,273,340
07/16/2009,JRF,HI,AWP,WE,Federal Contract Tower,0,0,7,2,9,0,0,36,19,55,0,0,43,21,64,295,12,307,371
07/17/2009,JRF,HI,AWP,WE,Federal Contract Tower,0,0,4,6,10,0,0,58,3,61,0,0,62,9,71,321,109,430,501
07/18/2009,JRF,HI,AWP,WE,Federal Contract Tower,0,0,6,3,9,0,0,31,0,31,0,0,37,3,40,306,26,332,372
07/19/2009,JRF,HI,AWP,WE,Federal Contract Tower,0,0,2,1,3,0,0,30,1,31,0,0,32,2,34,280,4,284,318
07/20/2009,JRF,HI,AWP,WE,Federal Contract Tower,0,0,6,1,7,0,0,42,24,66,0,0,48,25,73,259,19,278,351
07/21/2009,JRF,HI,AWP,WE,Federal Contract Tower,0,0,4,8,12,0,0,14,6,20,0,0,18,14,32,221,59,280,312
07/22/2009,JRF,HI,AWP,WE,Federal Contract Tower,0,0,10,4,14,0,0,48,23,71,0,0,58,27,85,288,69,357,442
07/23/2009,JRF,HI,AWP,WE,Federal Contract Tower,0,0,5,9,14,0,0,12,12,24,0,0,17,21,38,179,69,248,286
07/24/2009,JRF,HI,AWP,WE,Federal Contract Tower,1,1,6,2,10,0,0,18,2,20,1,1,24,4,30,302,107,409,439
07/25/2009,JRF,HI,AWP,WE,Federal Contract Tower,0,0,2,1,3,0,0,19,0,19,0,0,21,1,22,160,9,169,191
07/26/2009,JRF,HI,AWP,WE,Federal Contract Tower,0,0,2,0,2,0,0,26,0,26,0,0,28,0,28,303,37,340,368
07/27/2009,JRF,HI,AWP,WE,Federal Contract Tower,0,0,13,7,20,0,2,16,15,33,0,2,29,22,53,246,60,306,359
07/28/2009,JRF,HI,AWP,WE,Federal Contract Tower,0,0,10,4,14,1,0,21,9,31,1,0,31,13,45,248,67,315,360
07/29/2009,JRF,HI,AWP,WE,Federal Contract Tower,0,2,7,5,14,0,0,39,5,44,0,2,46,10,58,296,23,319,377
07/30/2009,JRF,HI,AWP,WE,Federal Contract Tower,0,0,12,0,12,0,1,30,4,35,0,1,42,4,47,234,27,261,308
07/31/2009,JRF,HI,AWP,WE,Federal Contract Tower,0,2,7,0,9,1,3,19,2,25,1,5,26,2,34,275,1,276,310
08/01/2009,JRF,HI,AWP,WE,Federal Contract Tower,0,0,3,6,9,0,0,31,1,32,0,0,34,7,41,226,48,274,315
08/02/2009,JRF,HI,AWP,WE,Federal Contract Tower,0,0,0,0,0,0,0,16,0,16,0,0,16,0,16,169,32,201,217
08/03/2009,JRF,HI,AWP,WE,Federal Contract Tower,0,0,0,7,7,0,0,9,6,15,0,0,9,13,22,177,62,239,261
08/04/2009,JRF,HI,AWP,WE,Federal Contract Tower,0,0,6,14,20,0,0,23,7,30,0,0,29,21,50,244,163,407,457
08/05/2009,JRF,HI,AWP,WE,Federal Contract Tower,0,0,11,4,15,0,0,22,10,32,0,0,33,14,47,172,76,248,295
08/06/2009,JRF,HI,AWP,WE,Federal Contract Tower,0,0,6,5,11,0,0,21,7,28,0,0,27,12,39,208,48,256,295
08/07/2009,JRF,HI,AWP,WE,Federal Contract Tower,0,0,10,2,12,0,0,15,4,19,0,0,25,6,31,242,11,253,284
08/08/2009,JRF,HI,AWP,WE,Federal Contract Tower,0,0,0,1,1,0,3,23,3,29,0,3,23,4,30,249,20,269,299
08/09/2009,JRF,HI,AWP,WE,Federal Contract Tower,0,0,9,4,13,0,0,13,0,13,0,0,22,4,26,292,18,310,336
08/10/2009,JRF,HI,AWP,WE,Federal Contract Tower,0,0,9,4,13,0,0,14,0,14,0,0,23,4,27,285,76,361,388
08/11/2009,JRF,HI,AWP,WE,Federal Contract Tower,0,0,1,0,1,0,0,9,0,9,0,0,10,0,10,231,14,245,255
08/12/2009,JRF,HI,AWP,WE,Federal Contract Tower,0,0,6,6,12,0,0,7,2,9,0,0,13,8,21,158,10,168,189
08/13/2009,JRF,HI,AWP,WE,Federal Contract Tower,0,0,2,15,17,0,0,12,10,22,0,0,14,25,39,305,86,391,430
08/14/2009,JRF,HI,AWP,WE,Federal Contract Tower,0,0,3,1,4,0,0,27,0,27,0,0,30,1,31,200,33,233,264
08/15/2009,JRF,HI,AWP,WE,Federal Contract Tower,0,0,6,1,7,0,0,16,3,19,0,0,22,4,26,237,40,277,303
08/16/2009,JRF,HI,AWP,WE,Federal Contract Tower,0,1,0,0,1,0,0,0,0,0,0,1,0,0,1,212,38,250,251
08/17/2009,JRF,HI,AWP,WE,Federal Contract Tower,0,0,3,7,10,2,0,10,2,14,2,0,13,9,24,192,103,295,319
08/18/2009,JRF,HI,AWP,WE,Federal Contract Tower,0,0,11,4,15,0,0,39,20,59,0,0,50,24,74,268,74,342,416
08/19/2009,JRF,HI,AWP,WE,Federal Contract Tower,0,0,6,7,13,0,0,59,4,63,0,0,65,11,76,335,66,401,477
08/20/2009,JRF,HI,AWP,WE,Federal Contract Tower,0,0,9,3,12,0,0,26,7,33,0,0,35,10,45,204,56,260,305
08/21/2009,JRF,HI,AWP,WE,Federal Contract Tower,0,0,6,5,11,0,0,47,7,54,0,0,53,12,65,316,10,326,391
08/22/2009,JRF,HI,AWP,WE,Federal Contract Tower,0,0,3,5,8,0,1,23,2,26,0,1,26,7,34,285,43,328,362
08/23/2009,JRF,HI,AWP,WE,Federal Contract Tower,0,0,0,4,4,0,0,29,6,35,0,0,29,10,39,241,21,262,301
08/24/2009,JRF,HI,AWP,WE,Federal Contract Tower,0,0,7,12,19,0,0,19,3,22,0,0,26,15,41,113,112,225,266
08/25/2009,JRF,HI,AWP,WE,Federal Contract Tower,0,0,12,17,29,0,0,35,5,40,0,0,47,22,69,176,74,250,319
08/26/2009,JRF,HI,AWP,WE,Federal Contract Tower,0,0,4,1,5,0,0,17,1,18,0,0,21,2,23,306,6,312,335
08/27/2009,JRF,HI,AWP,WE,Federal Contract Tower,0,0,2,3,5,0,0,30,7,37,0,0,32,10,42,303,34,337,379
08/28/2009,JRF,HI,AWP,WE,Federal Contract Tower,0,0,1,3,4,0,0,12,0,12,0,0,13,3,16,221,65,286,302
08/29/2009,JRF,HI,AWP,WE,Federal Contract Tower,0,0,1,1,2,0,0,12,3,15,0,0,13,4,17,319,38,357,374
08/30/2009,JRF,HI,AWP,WE,Federal Contract Tower,0,0,0,2,2,0,0,10,0,10,0,0,10,2,12,279,12,291,303
08/31/2009,JRF,HI,AWP,WE,Federal Contract Tower,1,0,3,13,17,0,0,10,2,12,1,0,13,15,29,265,69,334,363
09/01/2009,JRF,HI,AWP,WE,Federal Contract Tower,0,0,5,8,13,0,0,30,0,30,0,0,35,8,43,368,65,433,476
09/02/2009,JRF,HI,AWP,WE,Federal Contract Tower,0,0,12,3,15,0,6,27,1,34,0,6,39,4,49,394,43,437,486
09/03/2009,JRF,HI,AWP,WE,Federal Contract Tower,0,0,5,4,9,0,2,9,7,18,0,2,14,11,27,203,45,248,275
09/04/2009,JRF,HI,AWP,WE,Federal Contract Tower,0,0,8,0,8,0,0,29,2,31,0,0,37,2,39,365,2,367,406
09/05/2009,JRF,HI,AWP,WE,Federal Contract Tower,0,2,2,1,5,0,6,33,2,41,0,8,35,3,46,405,9,414,460
09/06/2009,JRF,HI,AWP,WE,Federal Contract Tower,0,0,7,2,9,0,6,20,7,33,0,6,27,9,42,218,4,222,264
09/07/2009,JRF,HI,AWP,WE,Federal Contract Tower,0,0,2,0,2,0,0,24,0,24,0,0,26,0,26,266,8,274,300
09/08/2009,JRF,HI,AWP,WE,Federal Contract Tower,0,0,1,3,4,0,0,20,6,26,0,0,21,9,30,142,74,216,246
09/09/2009,JRF,HI,AWP,WE,Federal Contract Tower,0,0,0,0,0,0,0,38,4,42,0,0,38,4,42,285,26,311,353
09/10/2009,JRF,HI,AWP,WE,Federal Contract Tower,0,0,4,14,18,0,0,17,5,22,0,0,21,19,40,261,61,322,362
09/11/2009,JRF,HI,AWP,WE,Federal Contract Tower,0,0,4,3,7,0,0,10,5,15,0,0,14,8,22,254,55,309,331
09/12/2009,JRF,HI,AWP,WE,Federal Contract Tower,0,0,5,5,10,0,0,29,0,29,0,0,34,5,39,279,9,288,327
09/13/2009,JRF,HI,AWP,WE,Federal Contract Tower,0,0,0,6,6,0,0,20,6,26,0,0,20,12,32,261,77,338,370
09/14/2009,JRF,HI,AWP,WE,Federal Contract Tower,0,0,3,4,7,0,0,24,12,36,0,0,27,16,43,261,117,378,421
09/15/2009,JRF,HI,AWP,WE,Federal Contract Tower,0,0,0,5,5,0,0,17,6,23,0,0,17,11,28,144,140,284,312
09/16/2009,JRF,HI,AWP,WE,Federal Contract Tower,0,0,5,12,17,0,0,27,6,33,0,0,32,18,50,170,89,259,309
09/17/2009,JRF,HI,AWP,WE,Federal Contract Tower,0,3,10,5,18,0,0,13,0,13,0,3,23,5,31,313,18,331,362
09/18/2009,JRF,HI,AWP,WE,Federal Contract Tower,0,0,3,1,4,0,0,15,3,18,0,0,18,4,22,202,21,223,245
09/19/2009,JRF,HI,AWP,WE,Federal Contract Tower,0,0,1,3,4,0,0,7,2,9,0,0,8,5,13,159,12,171,184
09/20/2009,JRF,HI,AWP,WE,Federal Contract Tower,0,0,3,3,6,0,0,25,2,27,0,0,28,5,33,275,2,277,310
09/21/2009,JRF,HI,AWP,WE,Federal Contract Tower,0,0,4,6,10,0,0,33,4,37,0,0,37,10,47,310,48,358,405
09/22/2009,JRF,HI,AWP,WE,Federal Contract Tower,0,0,5,9,14,0,0,45,1,46,0,0,50,10,60,411,9,420,480
09/23/2009,JRF,HI,AWP,WE,Federal Contract Tower,0,0,6,4,10,0,0,36,25,61,0,0,42,29,71,353,23,376,447
09/24/2009,JRF,HI,AWP,WE,Federal Contract Tower,0,2,7,10,19,0,0,18,4,22,0,2,25,14,41,305,52,357,398
09/25/2009,JRF,HI,AWP,WE,Federal Contract Tower,0,2,2,1,5,0,0,14,8,22,0,2,16,9,27,246,0,246,273
09/26/2009,JRF,HI,AWP,WE,Federal Contract Tower,1,1,9,2,13,0,0,23,1,24,1,1,32,3,37,307,11,318,355
09/27/2009,JRF,HI,AWP,WE,Federal Contract Tower,0,0,7,1,8,0,0,12,1,13,0,0,19,2,21,185,14,199,220
09/28/2009,JRF,HI,AWP,WE,Federal Contract Tower,0,0,1,5,6,0,0,23,2,25,0,0,24,7,31,281,23,304,335
09/29/2009,JRF,HI,AWP,WE,Federal Contract Tower,0,0,4,2,6,0,0,20,2,22,0,0,24,4,28,320,29,349,377
09/30/2009,JRF,HI,AWP,WE,Federal Contract Tower,0,0,6,5,11,0,0,24,0,24,0,0,30,5,35,271,14,285,320
10/01/2009,JRF,HI,AWP,WE,Federal Contract Tower,0,0,1,6,7,0,0,13,5,18,0,0,14,11,25,246,84,330,355
10/02/2009,JRF,HI,AWP,WE,Federal Contract Tower,1,1,1,5,8,0,0,12,2,14,1,1,13,7,22,358,21,379,401
10/03/2009,JRF,HI,AWP,WE,Federal Contract Tower,1,4,4,2,11,0,1,15,12,28,1,5,19,14,39,213,81,294,333
10/04/2009,JRF,HI,AWP,WE,Federal Contract Tower,0,0,0,1,1,0,0,19,1,20,0,0,19,2,21,270,2,272,293
10/05/2009,JRF,HI,AWP,WE,Federal Contract Tower,0,0,0,7,7,0,0,16,2,18,0,0,16,9,25,170,82,252,277
10/06/2009,JRF,HI,AWP,WE,Federal Contract Tower,1,1,5,4,11,1,1,22,6,30,2,2,27,10,41,166,52,218,259
10/07/2009,JRF,HI,AWP,WE,Federal Contract Tower,0,0,4,8,12,0,0,23,3,26,0,0,27,11,38,286,22,308,346
10/08/2009,JRF,HI,AWP,WE,Federal Contract Tower,0,0,3,4,7,0,0,30,4,34,0,0,33,8,41,255,38,293,334
10/09/2009,JRF,HI,AWP,WE,Federal Contract Tower,0,0,6,2,8,0,0,26,4,30,0,0,32,6,38,230,9,239,277
10/10/2009,JRF,HI,AWP,WE,Federal Contract Tower,0,1,2,0,3,0,0,33,5,38,0,1,35,5,41,211,0,211,252
10/11/2009,JRF,HI,AWP,WE,Federal Contract Tower,0,0,2,2,4,0,0,23,4,27,0,0,25,6,31,242,7,249,280
10/12/2009,JRF,HI,AWP,WE,Federal Contract Tower,0,0,5,2,7,0,0,45,1,46,0,0,50,3,53,245,2,247,300
10/13/2009,JRF,HI,AWP,WE,Federal Contract Tower,0,0,0,1,1,0,0,35,7,42,0,0,35,8,43,331,14,345,388
10/14/2009,JRF,HI,AWP,WE,Federal Contract Tower,0,0,0,1,1,0,0,27,6,33,0,0,27,7,34,298,13,311,345
10/15/2009,JRF,HI,AWP,WE,Federal Contract Tower,0,0,2,0,2,0,0,24,8,32,0,0,26,8,34,187,41,228,262
10/16/2009,JRF,HI,AWP,WE,Federal Contract Tower,1,0,6,6,13,0,0,62,25,87,1,0,68,31,100,290,88,378,478
10/17/2009,JRF,HI,AWP,WE,Federal Contract Tower,0,0,1,1,2,0,0,16,2,18,0,0,17,3,20,420,23,443,463
10/18/2009,JRF,HI,AWP,WE,Federal Contract Tower,0,0,2,0,2,0,0,21,5,26,0,0,23,5,28,229,19,248,276
10/19/2009,JRF,HI,AWP,WE,Federal Contract Tower,0,2,0,5,7,0,0,12,2,14,0,2,12,7,21,218,68,286,307
10/20/2009,JRF,HI,AWP,WE,Federal Contract Tower,0,0,9,4,13,1,0,23,9,33,1,0,32,13,46,258,55,313,359
10/21/2009,JRF,HI,AWP,WE,Federal Contract Tower,0,0,2,4,6,0,0,33,5,38,0,0,35,9,44,277,28,305,349
10/22/2009,JRF,HI,AWP,WE,Federal Contract Tower,0,0,3,12,15,0,0,30,12,42,0,0,33,24,57,186,111,297,354
10/23/2009,JRF,HI,AWP,WE,Federal Contract Tower,0,0,0,3,3,0,0,26,6,32,0,0,26,9,35,240,16,256,291
10/24/2009,JRF,HI,AWP,WE,Federal Contract Tower,0,0,0,5,5,0,0,27,1,28,0,0,27,6,33,254,42,296,329
10/25/2009,JRF,HI,AWP,WE,Federal Contract Tower,0,0,1,0,1,1,0,17,0,18,1,0,18,0,19,284,4,288,307
10/26/2009,JRF,HI,AWP,WE,Federal Contract Tower,0,0,0,2,2,0,0,34,6,40,0,0,34,8,42,263,61,324,366
10/27/2009,JRF,HI,AWP,WE,Federal Contract Tower,0,0,3,7,10,0,0,46,4,50,0,0,49,11,60,204,52,256,316
10/28/2009,JRF,HI,AWP,WE,Federal Contract Tower,0,0,7,2,9,0,0,56,5,61,0,0,63,7,70,304,5,309,379
10/29/2009,JRF,HI,AWP,WE,Federal Contract Tower,0,0,2,9,11,1,0,8,7,16,1,0,10,16,27,232,102,334,361
10/30/2009,JRF,HI,AWP,WE,Federal Contract Tower,0,0,0,2,2,0,0,30,3,33,0,0,30,5,35,276,4,280,315
10/31/2009,JRF,HI,AWP,WE,Federal Contract Tower,0,0,5,1,6,0,0,23,2,25,0,0,28,3,31,149,16,165,196
11/01/2009,JRF,HI,AWP,WE,Federal Contract Tower,0,0,2,0,2,1,0,5,14,20,1,0,7,14,22,245,7,252,274
11/02/2009,JRF,HI,AWP,WE,Federal Contract Tower,0,0,1,9,10,0,0,20,6,26,0,0,21,15,36,184,81,265,301
11/03/2009,JRF,HI,AWP,WE,Federal Contract Tower,0,0,7,6,13,0,0,21,8,29,0,0,28,14,42,157,107,264,306
11/04/2009,JRF,HI,AWP,WE,Federal Contract Tower,0,0,5,2,7,0,0,56,18,74,0,0,61,20,81,292,39,331,412
11/05/2009,JRF,HI,AWP,WE,Federal Contract Tower,0,0,9,1,10,0,0,22,7,29,0,0,31,8,39,285,27,312,351
11/06/2009,JRF,HI,AWP,WE,Federal Contract Tower,0,0,0,1,1,0,0,44,3,47,0,0,44,4,48,280,19,299,347
11/07/2009,JRF,HI,AWP,WE,Federal Contract Tower,0,0,8,2,10,0,0,18,5,23,0,0,26,7,33,262,4,266,299
11/08/2009,JRF,HI,AWP,WE,Federal Contract Tower,0,0,0,7,7,0,0,9,1,10,0,0,9,8,17,331,25,356,373
11/09/2009,JRF,HI,AWP,WE,Federal Contract Tower,0,0,4,7,11,0,0,18,2,20,0,0,22,9,31,306,120,426,457
11/10/2009,JRF,HI,AWP,WE,Federal Contract Tower,0,0,5,12,17,0,0,29,6,35,0,0,34,18,52,221,79,300,352
11/11/2009,JRF,HI,AWP,WE,Federal Contract Tower,0,0,9,2,11,0,0,27,2,29,0,0,36,4,40,243,3,246,286
11/12/2009,JRF,HI,AWP,WE,Federal Contract Tower,0,0,5,9,14,0,1,20,5,26,0,1,25,14,40,275,91,366,406
11/13/2009,JRF,HI,AWP,WE,Federal Contract Tower,0,2,5,1,8,0,4,20,2,26,0,6,25,3,34,324,20,344,378
11/14/2009,JRF,HI,AWP,WE,Federal Contract Tower,0,0,2,5,7,0,0,23,1,24,0,0,25,6,31,250,0,250,281
11/15/2009,JRF,HI,AWP,WE,Federal Contract Tower,0,0,3,1,4,0,0,12,0,12,0,0,15,1,16,159,2,161,177
11/16/2009,JRF,HI,AWP,WE,Federal Contract Tower,2,0,9,8,19,0,0,44,6,50,2,0,53,14,69,232,68,300,369
11/17/2009,JRF,HI,AWP,WE,Federal Contract Tower,0,0,8,4,12,0,0,24,2,26,0,0,32,6,38,159,91,250,288
11/18/2009,JRF,HI,AWP,WE,Federal Contract Tower,0,0,5,1,6,0,0,43,6,49,0,0,48,7,55,485,25,510,565
11/19/2009,JRF,HI,AWP,WE,Federal Contract Tower,0,0,7,5,12,1,0,45,2,48,1,0,52,7,60,379,124,503,563
11/20/2009,JRF,HI,AWP,WE,Federal Contract Tower,0,0,3,6,9,0,0,63,13,76,0,0,66,19,85,632,32,664,749
11/21/2009,JRF,HI,AWP,WE,Federal Contract Tower,0,0,0,1,1,0,0,21,6,27,0,0,21,7,28,233,30,263,291
11/22/2009,JRF,HI,AWP,WE,Federal Contract Tower,1,0,2,2,5,0,0,1,24,25,1,0,3,26,30,185,28,213,243
11/23/2009,JRF,HI,AWP,WE,Federal Contract Tower,0,0,5,5,10,0,0,41,4,45,0,0,46,9,55,424,100,524,579
11/24/2009,JRF,HI,AWP,WE,Federal Contract Tower,0,0,3,3,6,0,0,61,6,67,0,0,64,9,73,395,45,440,513
11/25/2009,JRF,HI,AWP,WE,Federal Contract Tower,0,0,2,1,3,0,0,45,6,51,0,0,47,7,54,288,26,314,368
11/26/2009,JRF,HI,AWP,WE,Federal Contract Tower,0,0,5,1,6,0,0,6,0,6,0,0,11,1,12,66,1,67,79
11/27/2009,JRF,HI,AWP,WE,Federal Contract Tower,0,0,0,1,1,0,0,23,0,23,0,0,23,1,24,243,6,249,273
11/28/2009,JRF,HI,AWP,WE,Federal Contract Tower,0,0,2,0,2,0,0,24,0,24,0,0,26,0,26,322,4,326,352
11/29/2009,JRF,HI,AWP,WE,Federal Contract Tower,0,0,3,2,5,0,0,15,0,15,0,0,18,2,20,345,10,355,375
11/30/2009,JRF,HI,AWP,WE,Federal Contract Tower,0,0,5,5,10,0,0,32,18,50,0,0,37,23,60,232,52,284,344
12/01/2009,JRF,HI,AWP,WE,Federal Contract Tower,0,0,5,10,15,0,0,61,3,64,0,0,66,13,79,278,84,362,441
12/02/2009,JRF,HI,AWP,WE,Federal Contract Tower,0,0,2,5,7,0,0,62,6,68,0,0,64,11,75,262,69,331,406
12/03/2009,JRF,HI,AWP,WE,Federal Contract Tower,0,0,4,6,10,0,0,45,2,47,0,0,49,8,57,250,93,343,400
12/04/2009,JRF,HI,AWP,WE,Federal Contract Tower,0,0,1,4,5,0,2,47,4,53,0,2,48,8,58,342,3,345,403
12/05/2009,JRF,HI,AWP,WE,Federal Contract Tower,1,1,11,3,16,0,0,34,6,40,1,1,45,9,56,305,28,333,389
12/06/2009,JRF,HI,AWP,WE,Federal Contract Tower,0,0,7,0,7,0,0,24,0,24,0,0,31,0,31,294,23,317,348
12/07/2009,JRF,HI,AWP,WE,Federal Contract Tower,0,0,2,7,9,0,0,19,7,26,0,0,21,14,35,262,110,372,407
12/08/2009,JRF,HI,AWP,WE,Federal Contract Tower,0,0,2,5,7,0,0,31,5,36,0,0,33,10,43,295,86,381,424
12/09/2009,JRF,HI,AWP,WE,Federal Contract Tower,0,0,4,4,8,0,0,58,4,62,0,0,62,8,70,425,33,458,528
12/10/2009,JRF,HI,AWP,WE,Federal Contract Tower,0,0,2,3,5,0,0,26,9,35,0,0,28,12,40,290,59,349,389
12/11/2009,JRF,HI,AWP,WE,Federal Contract Tower,0,0,2,1,3,0,0,67,0,67,0,0,69,1,70,373,29,402,472
12/12/2009,JRF,HI,AWP,WE,Federal Contract Tower,0,0,0,2,2,0,0,29,2,31,0,0,29,4,33,335,10,345,378
12/13/2009,JRF,HI,AWP,WE,Federal Contract Tower,0,2,3,1,6,0,2,3,1,6,0,4,6,2,12,352,68,420,432
12/14/2009,JRF,HI,AWP,WE,Federal Contract Tower,0,0,2,9,11,0,1,38,11,50,0,1,40,20,61,283,94,377,438
12/15/2009,JRF,HI,AWP,WE,Federal Contract Tower,0,0,5,5,10,0,0,27,6,33,0,0,32,11,43,230,95,325,368
12/16/2009,JRF,HI,AWP,WE,Federal Contract Tower,0,0,3,4,7,0,0,19,5,24,0,0,22,9,31,342,18,360,391
12/17/2009,JRF,HI,AWP,WE,Federal Contract Tower,0,0,4,5,9,0,0,42,6,48,0,0,46,11,57,387,60,447,504
12/18/2009,JRF,HI,AWP,WE,Federal Contract Tower,0,0,4,2,6,0,0,29,1,30,0,0,33,3,36,327,4,331,367
12/19/2009,JRF,HI,AWP,WE,Federal Contract Tower,0,0,5,1,6,0,0,32,13,45,0,0,37,14,51,334,5,339,390
12/20/2009,JRF,HI,AWP,WE,Federal Contract Tower,0,0,8,0,8,0,0,21,7,28,0,0,29,7,36,279,17,296,332
12/21/2009,JRF,HI,AWP,WE,Federal Contract Tower,0,0,4,5,9,0,0,40,1,41,0,0,44,6,50,311,31,342,392
12/22/2009,JRF,HI,AWP,WE,Federal Contract Tower,0,0,5,6,11,0,0,59,5,64,0,0,64,11,75,318,40,358,433
12/23/2009,JRF,HI,AWP,WE,Federal Contract Tower,0,0,0,3,3,0,0,25,5,30,0,0,25,8,33,325,30,355,388
12/24/2009,JRF,HI,AWP,WE,Federal Contract Tower,0,0,0,3,3,0,0,13,4,17,0,0,13,7,20,99,2,101,121
12/25/2009,JRF,HI,AWP,WE,Federal Contract Tower,0,0,0,0,0,0,0,12,0,12,0,0,12,0,12,0,0,0,12
12/26/2009,JRF,HI,AWP,WE,Federal Contract Tower,0,0,0,4,4,0,0,4,0,4,0,0,4,4,8,0,0,0,8
12/27/2009,JRF,HI,AWP,WE,Federal Contract Tower,0,0,0,2,2,0,0,4,2,6,0,0,4,4,8,3,2,5,13
12/28/2009,JRF,HI,AWP,WE,Federal Contract Tower,0,0,0,0,0,0,2,3,3,8,0,2,3,3,8,0,0,0,8
12/29/2009,JRF,HI,AWP,WE,Federal Contract Tower,0,0,0,4,4,1,0,1,2,4,1,0,1,6,8,0,0,0,8
12/30/2009,JRF,HI,AWP,WE,Federal Contract Tower,0,0,0,5,5,0,0,2,5,7,0,0,2,10,12,1,0,1,13
12/31/2009,JRF,HI,AWP,WE,Federal Contract Tower,0,0,0,2,2,0,0,6,2,8,0,0,6,4,10,1,3,4,14
01/01/2010,JRF,HI,AWP,WE,Federal Contract Tower,0,0,0,0,0,0,0,3,0,3,0,0,3,0,3,0,0,0,3
01/02/2010,JRF,HI,AWP,WE,Federal Contract Tower,0,0,1,2,3,0,0,10,2,12,0,0,11,4,15,1,0,1,16
01/03/2010,JRF,HI,AWP,WE,Federal Contract Tower,0,1,0,2,3,0,0,5,1,6,0,1,5,3,9,11,2,13,22
01/04/2010,JRF,HI,AWP,WE,Federal Contract Tower,0,0,0,3,3,0,0,23,1,24,0,0,23,4,27,146,52,198,225
01/05/2010,JRF,HI,AWP,WE,Federal Contract Tower,0,0,0,5,5,0,0,45,2,47,0,0,45,7,52,147,90,237,289
01/06/2010,JRF,HI,AWP,WE,Federal Contract Tower,0,0,6,8,14,0,0,27,10,37,0,0,33,18,51,278,101,379,430
01/07/2010,JRF,HI,AWP,WE,Federal Contract Tower,0,0,1,8,9,0,0,28,11,39,0,0,29,19,48,205,226,431,479
01/08/2010,JRF,HI,AWP,WE,Federal Contract Tower,0,0,0,8,8,0,0,43,5,48,0,0,43,13,56,243,199,442,498
01/09/2010,JRF,HI,AWP,WE,Federal Contract Tower,0,1,0,1,2,0,0,36,0,36,0,1,36,1,38,259,25,284,322
01/10/2010,JRF,HI,AWP,WE,Federal Contract Tower,0,2,1,2,5,0,0,24,1,25,0,2,25,3,30,247,64,311,341
01/11/2010,JRF,HI,AWP,WE,Federal Contract Tower,0,2,2,6,10,0,2,32,6,40,0,4,34,12,50,179,85,264,314
01/12/2010,JRF,HI,AWP,WE,Federal Contract Tower,0,0,6,8,14,0,0,37,15,52,0,0,43,23,66,200,183,383,449
01/13/2010,JRF,HI,AWP,WE,Federal Contract Tower,0,0,0,1,1,0,0,21,2,23,0,0,21,3,24,197,86,283,307
01/14/2010,JRF,HI,AWP,WE,Federal Contract Tower,0,0,0,2,2,0,0,42,18,60,0,0,42,20,62,246,19,265,327
01/15/2010,JRF,HI,AWP,WE,Federal Contract Tower,0,0,4,5,9,0,0,67,4,71,0,0,71,9,80,302,57,359,439
01/16/2010,JRF,HI,AWP,WE,Federal Contract Tower,0,4,1,2,7,0,0,29,4,33,0,4,30,6,40,264,11,275,315
01/17/2010,JRF,HI,AWP,WE,Federal Contract Tower,1,0,7,0,8,1,4,27,0,32,2,4,34,0,40,330,6,336,376
01/18/2010,JRF,HI,AWP,WE,Federal Contract Tower,0,0,6,2,8,0,0,25,2,27,0,0,31,4,35,298,44,342,377
01/19/2010,JRF,HI,AWP,WE,Federal Contract Tower,0,0,6,6,12,0,0,35,6,41,0,0,41,12,53,284,96,380,433
01/20/2010,JRF,HI,AWP,WE,Federal Contract Tower,0,0,2,2,4,0,0,43,11,54,0,0,45,13,58,168,103,271,329
01/21/2010,JRF,HI,AWP,WE,Federal Contract Tower,0,0,4,9,13,0,0,14,13,27,0,0,18,22,40,276,66,342,382
01/22/2010,JRF,HI,AWP,WE,Federal Contract Tower,0,0,2,2,4,0,0,20,6,26,0,0,22,8,30,218,40,258,288
01/23/2010,JRF,HI,AWP,WE,Federal Contract Tower,0,0,1,3,4,0,0,22,4,26,0,0,23,7,30,299,56,355,385
01/24/2010,JRF,HI,AWP,WE,Federal Contract Tower,1,0,4,2,7,0,0,12,1,13,1,0,16,3,20,305,15,320,340
01/25/2010,JRF,HI,AWP,WE,Federal Contract Tower,0,0,2,3,5,0,0,24,10,34,0,0,26,13,39,210,93,303,342
01/26/2010,JRF,HI,AWP,WE,Federal Contract Tower,0,0,4,2,6,0,0,21,10,31,0,0,25,12,37,289,39,328,365
01/27/2010,JRF,HI,AWP,WE,Federal Contract Tower,0,0,1,2,3,0,0,45,8,53,0,0,46,10,56,364,129,493,549
01/28/2010,JRF,HI,AWP,WE,Federal Contract Tower,0,0,3,2,5,0,0,26,2,28,0,0,29,4,33,261,64,325,358
01/29/2010,JRF,HI,AWP,WE,Federal Contract Tower,0,0,3,4,7,0,0,28,8,36,0,0,31,12,43,200,21,221,264
01/30/2010,JRF,HI,AWP,WE,Federal Contract Tower,0,0,8,1,9,0,0,9,2,11,0,0,17,3,20,250,4,254,274
01/31/2010,JRF,HI,AWP,WE,Federal Contract Tower,0,0,5,2,7,0,0,37,4,41,0,0,42,6,48,192,10,202,250
02/01/2010,JRF,HI,AWP,WE,Federal Contract Tower,0,1,2,6,9,0,0,33,7,40,0,1,35,13,49,168,123,291,340
02/02/2010,JRF,HI,AWP,WE,Federal Contract Tower,0,0,0,4,4,0,0,10,12,22,0,0,10,16,26,13,17,30,56
02/03/2010,JRF,HI,AWP,WE,Federal Contract Tower,1,0,2,2,5,0,0,28,3,31,1,0,30,5,36,150,57,207,243
02/04/2010,JRF,HI,AWP,WE,Federal Contract Tower,0,0,4,3,7,0,0,38,13,51,0,0,42,16,58,224,127,351,409
02/05/2010,JRF,HI,AWP,WE,Federal Contract Tower,0,0,3,2,5,0,0,29,3,32,0,0,32,5,37,220,20,240,277
02/06/2010,JRF,HI,AWP,WE,Federal Contract Tower,1,0,1,7,9,0,0,35,3,38,1,0,36,10,47,304,22,326,373
02/07/2010,JRF,HI,AWP,WE,Federal Contract Tower,0,0,2,1,3,0,0,7,1,8,0,0,9,2,11,75,1,76,87
02/08/2010,JRF,HI,AWP,WE,Federal Contract Tower,0,0,2,6,8,0,0,32,7,39,0,0,34,13,47,165,107,272,319
02/09/2010,JRF,HI,AWP,WE,Federal Contract Tower,0,0,9,4,13,0,0,45,4,49,0,0,54,8,62,194,103,297,359
02/10/2010,JRF,HI,AWP,WE,Federal Contract Tower,0,0,1,4,5,0,0,46,9,55,0,0,47,13,60,268,89,357,417
02/11/2010,JRF,HI,AWP,WE,Federal Contract Tower,0,0,0,9,9,0,0,27,2,29,0,0,27,11,38,327,143,470,508
02/12/2010,JRF,HI,AWP,WE,Federal Contract Tower,0,0,3,3,6,0,0,12,2,14,0,0,15,5,20,350,14,364,384
02/13/2010,JRF,HI,AWP,WE,Federal Contract Tower,0,0,0,2,2,1,0,74,8,83,1,0,74,10,85,282,25,307,392
02/14/2010,JRF,HI,AWP,WE,Federal Contract Tower,0,0,0,1,1,0,0,29,2,31,0,0,29,3,32,243,4,247,279
02/15/2010,JRF,HI,AWP,WE,Federal Contract Tower,0,0,0,1,1,0,0,13,1,14,0,0,13,2,15,345,11,356,371
02/16/2010,JRF,HI,AWP,WE,Federal Contract Tower,0,0,0,8,8,0,0,41,8,49,0,0,41,16,57,208,86,294,351
02/17/2010,JRF,HI,AWP,WE,Federal Contract Tower,0,0,10,8,18,0,0,36,6,42,0,0,46,14,60,196,81,277,337
02/18/2010,JRF,HI,AWP,WE,Federal Contract Tower,0,0,6,8,14,0,0,22,4,26,0,0,28,12,40,258,65,323,363
02/19/2010,JRF,HI,AWP,WE,Federal Contract Tower,0,3,5,1,9,0,0,31,3,34,0,3,36,4,43,317,21,338,381
02/20/2010,JRF,HI,AWP,WE,Federal Contract Tower,0,0,2,0,2,0,0,15,5,20,0,0,17,5,22,322,25,347,369
02/21/2010,JRF,HI,AWP,WE,Federal Contract Tower,0,1,1,2,4,0,0,28,2,30,0,1,29,4,34,281,23,304,338
02/22/2010,JRF,HI,AWP,WE,Federal Contract Tower,0,0,1,15,16,0,0,23,3,26,0,0,24,18,42,213,118,331,373
02/23/2010,JRF,HI,AWP,WE,Federal Contract Tower,0,0,3,1,4,0,0,26,10,36,0,0,29,11,40,265,27,292,332
02/24/2010,JRF,HI,AWP,WE,Federal Contract Tower,0,0,7,2,9,0,0,27,6,33,0,0,34,8,42,239,78,317,359
02/25/2010,JRF,HI,AWP,WE,Federal Contract Tower,0,0,4,5,9,0,0,32,7,39,0,0,36,12,48,281,80,361,409
02/26/2010,JRF,HI,AWP,WE,Federal Contract Tower,0,2,2,1,5,0,0,21,6,27,0,2,23,7,32,328,17,345,377
02/27/2010,JRF,HI,AWP,WE,Federal Contract Tower,1,1,3,7,12,0,0,11,15,26,1,1,14,22,38,68,6,74,112
02/28/2010,JRF,HI,AWP,WE,Federal Contract Tower,0,0,6,0,6,0,0,17,0,17,0,0,23,0,23,68,1,69,92
03/01/2010,JRF,HI,AWP,WE,Federal Contract Tower,0,0,0,4,4,0,0,32,2,34,0,0,32,6,38,148,170,318,356
03/02/2010,JRF,HI,AWP,WE,Federal Contract Tower,0,0,2,6,8,0,0,36,8,44,0,0,38,14,52,186,114,300,352
03/03/2010,JRF,HI,AWP,WE,Federal Contract Tower,0,0,4,13,17,0,0,30,15,45,0,0,34,28,62,240,122,362,424
03/04/2010,JRF,HI,AWP,WE,Federal Contract Tower,0,0,5,2,7,0,0,22,16,38,0,0,27,18,45,194,51,245,290
03/05/2010,JRF,HI,AWP,WE,Federal Contract Tower,0,2,8,4,14,0,0,38,7,45,0,2,46,11,59,135,46,181,240
03/06/2010,JRF,HI,AWP,WE,Federal Contract Tower,0,0,4,4,8,0,0,28,9,37,0,0,32,13,45,126,42,168,213
03/07/2010,JRF,HI,AWP,WE,Federal Contract Tower,0,0,0,3,3,0,0,14,2,16,0,0,14,5,19,163,10,173,192
03/08/2010,JRF,HI,AWP,WE,Federal Contract Tower,0,0,1,3,4,0,0,26,0,26,0,0,27,3,30,97,8,105,135
03/09/2010,JRF,HI,AWP,WE,Federal Contract Tower,0,0,2,3,5,0,0,24,17,41,0,0,26,20,46,159,56,215,261
03/10/2010,JRF,HI,AWP,WE,Federal Contract Tower,0,0,8,7,15,0,0,21,2,23,0,0,29,9,38,185,110,295,333
03/11/2010,JRF,HI,AWP,WE,Federal Contract Tower,0,0,2,5,7,0,0,33,7,40,0,0,35,12,47,307,60,367,414
03/12/2010,JRF,HI,AWP,WE,Federal Contract Tower,0,0,5,5,10,0,0,35,5,40,0,0,40,10,50,233,24,257,307
03/13/2010,JRF,HI,AWP,WE,Federal Contract Tower,0,0,0,1,1,0,0,48,10,58,0,0,48,11,59,137,27,164,223
03/14/2010,JRF,HI,AWP,WE,Federal Contract Tower,3,1,4,1,9,0,0,29,0,29,3,1,33,1,38,188,13,201,239
03/15/2010,JRF,HI,AWP,WE,Federal Contract Tower,0,0,13,8,21,0,0,34,12,46,0,0,47,20,67,117,115,232,299
03/16/2010,JRF,HI,AWP,WE,Federal Contract Tower,0,0,3,7,10,0,0,56,19,75,0,0,59,26,85,192,97,289,374
03/17/2010,JRF,HI,AWP,WE,Federal Contract Tower,0,0,4,7,11,0,0,31,9,40,0,0,35,16,51,168,140,308,359
03/18/2010,JRF,HI,AWP,WE,Federal Contract Tower,0,0,1,6,7,0,0,42,17,59,0,0,43,23,66,134,69,203,269
03/19/2010,JRF,HI,AWP,WE,Federal Contract Tower,0,0,4,4,8,0,0,40,4,44,0,0,44,8,52,230,64,294,346
03/20/2010,JRF,HI,AWP,WE,Federal Contract Tower,1,0,1,1,3,0,0,54,3,57,1,0,55,4,60,305,14,319,379
03/21/2010,JRF,HI,AWP,WE,Federal Contract Tower,0,0,0,0,0,0,0,5,0,5,0,0,5,0,5,244,8,252,257
03/22/2010,JRF,HI,AWP,WE,Federal Contract Tower,0,0,4,6,10,0,0,23,5,28,0,0,27,11,38,176,60,236,274
03/23/2010,JRF,HI,AWP,WE,Federal Contract Tower,0,0,2,4,6,0,0,32,12,44,0,0,34,16,50,186,87,273,323
03/24/2010,JRF,HI,AWP,WE,Federal Contract Tower,0,0,13,4,17,0,0,31,3,34,0,0,44,7,51,248,31,279,330
03/25/2010,JRF,HI,AWP,WE,Federal Contract Tower,0,5,5,2,12,0,0,40,12,52,0,5,45,14,64,305,84,389,453
03/26/2010,JRF,HI,AWP,WE,Federal Contract Tower,0,0,5,6,11,0,0,45,7,52,0,0,50,13,63,300,89,389,452
03/27/2010,JRF,HI,AWP,WE,Federal Contract Tower,0,0,6,2,8,0,0,39,1,40,0,0,45,3,48,232,1,233,281
03/28/2010,JRF,HI,AWP,WE,Federal Contract Tower,0,0,3,0,3,0,0,26,0,26,0,0,29,0,29,159,2,161,190
03/29/2010,JRF,HI,AWP,WE,Federal Contract Tower,0,0,4,5,9,1,0,25,3,29,1,0,29,8,38,123,98,221,259
03/30/2010,JRF,HI,AWP,WE,Federal Contract Tower,0,2,5,7,14,1,0,34,33,68,1,2,39,40,82,53,46,99,181
03/31/2010,JRF,HI,AWP,WE,Federal Contract Tower,0,2,4,0,6,0,0,16,14,30,0,2,20,14,36,59,104,163,199
04/01/2010,JRF,HI,AWP,WE,Federal Contract Tower,0,0,1,5,6,0,0,23,10,33,0,0,24,15,39,191,60,251,290
04/02/2010,JRF,HI,AWP,WE,Federal Contract Tower,0,0,11,3,14,0,0,46,13,59,0,0,57,16,73,261,48,309,382
04/03/2010,JRF,HI,AWP,WE,Federal Contract Tower,0,0,1,2,3,0,0,30,3,33,0,0,31,5,36,302,0,302,338
04/04/2010,JRF,HI,AWP,WE,Federal Contract Tower,0,0,0,2,2,0,0,10,0,10,0,0,10,2,12,85,15,100,112
04/05/2010,JRF,HI,AWP,WE,Federal Contract Tower,0,0,2,4,6,0,0,28,1,29,0,0,30,5,35,84,62,146,181
04/06/2010,JRF,HI,AWP,WE,Federal Contract Tower,0,0,2,5,7,0,0,34,9,43,0,0,36,14,50,261,40,301,351
04/07/2010,JRF,HI,AWP,WE,Federal Contract Tower,0,0,2,1,3,0,0,37,7,44,0,0,39,8,47,258,50,308,355
04/08/2010,JRF,HI,AWP,WE,Federal Contract Tower,0,0,10,4,14,0,0,42,22,64,0,0,52,26,78,246,74,320,398
04/09/2010,JRF,HI,AWP,WE,Federal Contract Tower,0,0,7,5,12,0,0,67,10,77,0,0,74,15,89,302,33,335,424
04/10/2010,JRF,HI,AWP,WE,Federal Contract Tower,0,0,1,2,3,0,0,36,6,42,0,0,37,8,45,210,77,287,332
04/11/2010,JRF,HI,AWP,WE,Federal Contract Tower,0,0,0,2,2,0,0,26,0,26,0,0,26,2,28,210,88,298,326
04/12/2010,JRF,HI,AWP,WE,Federal Contract Tower,0,0,4,8,12,1,1,43,23,68,1,1,47,31,80,217,131,348,428
04/13/2010,JRF,HI,AWP,WE,Federal Contract Tower,0,0,1,6,7,3,0,30,11,44,3,0,31,17,51,200,67,267,318
04/14/2010,JRF,HI,AWP,WE,Federal Contract Tower,0,0,6,4,10,0,0,39,10,49,0,0,45,14,59,245,67,312,371
04/15/2010,JRF,HI,AWP,WE,Federal Contract Tower,0,0,8,5,13,0,0,22,1,23,0,0,30,6,36,278,76,354,390
04/16/2010,JRF,HI,AWP,WE,Federal Contract Tower,1,2,6,2,11,0,0,28,1,29,1,2,34,3,40,299,60,359,399
04/17/2010,JRF,HI,AWP,WE,Federal Contract Tower,0,1,0,2,3,0,0,16,0,16,0,1,16,2,19,330,56,386,405
04/18/2010,JRF,HI,AWP,WE,Federal Contract Tower,3,0,1,0,4,0,0,9,0,9,3,0,10,0,13,296,50,346,359
04/19/2010,JRF,HI,AWP,WE,Federal Contract Tower,2,1,5,9,17,0,0,26,12,38,2,1,31,21,55,264,53,317,372
04/20/2010,JRF,HI,AWP,WE,Federal Contract Tower,0,0,5,3,8,0,0,30,14,44,0,0,35,17,52,284,31,315,367
04/21/2010,JRF,HI,AWP,WE,Federal Contract Tower,0,0,3,2,5,0,1,54,9,64,0,1,57,11,69,280,74,354,423
04/22/2010,JRF,HI,AWP,WE,Federal Contract Tower,0,0,5,2,7,0,0,28,6,34,0,0,33,8,41,284,62,346,387
04/23/2010,JRF,HI,AWP,WE,Federal Contract Tower,0,0,3,3,6,0,9,7,0,16,0,9,10,3,22,270,29,299,321
04/24/2010,JRF,HI,AWP,WE,Federal Contract Tower,0,0,6,1,7,0,0,27,2,29,0,0,33,3,36,137,0,137,173
04/25/2010,JRF,HI,AWP,WE,Federal Contract Tower,0,0,2,1,3,0,0,35,2,37,0,0,37,3,40,163,7,170,210
04/26/2010,JRF,HI,AWP,WE,Federal Contract Tower,0,0,1,7,8,0,0,22,1,23,0,0,23,8,31,235,89,324,355
04/27/2010,JRF,HI,AWP,WE,Federal Contract Tower,0,0,5,8,13,0,0,16,16,32,0,0,21,24,45,342,112,454,499
04/28/2010,JRF,HI,AWP,WE,Federal Contract Tower,0,0,6,1,7,0,0,39,11,50,0,0,45,12,57,190,32,222,279
04/29/2010,JRF,HI,AWP,WE,Federal Contract Tower,0,0,2,3,5,0,0,38,18,56,0,0,40,21,61,240,34,274,335
04/30/2010,JRF,HI,AWP,WE,Federal Contract Tower,0,0,5,1,6,0,0,36,9,45,0,0,41,10,51,304,15,319,370
05/01/2010,JRF,HI,AWP,WE,Federal Contract Tower,0,0,0,0,0,0,0,21,1,22,0,0,21,1,22,291,41,332,354
05/02/2010,JRF,HI,AWP,WE,Federal Contract Tower,0,0,0,0,0,0,0,1,1,2,0,0,1,1,2,9,2,11,13
05/03/2010,JRF,HI,AWP,WE,Federal Contract Tower,0,0,4,1,5,0,0,14,0,14,0,0,18,1,19,240,20,260,279
05/04/2010,JRF,HI,AWP,WE,Federal Contract Tower,0,0,1,0,1,0,0,52,6,58,0,0,53,6,59,218,8,226,285
05/05/2010,JRF,HI,AWP,WE,Federal Contract Tower,0,0,6,0,6,0,0,49,3,52,0,0,55,3,58,288,16,304,362
05/06/2010,JRF,HI,AWP,WE,Federal Contract Tower,0,0,1,5,6,0,0,67,4,71,0,0,68,9,77,267,100,367,444
05/07/2010,JRF,HI,AWP,WE,Federal Contract Tower,0,0,3,2,5,0,0,31,3,34,0,0,34,5,39,130,23,153,192
05/08/2010,JRF,HI,AWP,WE,Federal Contract Tower,0,0,0,2,2,0,0,38,0,38,0,0,38,2,40,174,14,188,228
05/09/2010,JRF,HI,AWP,WE,Federal Contract Tower,0,0,0,2,2,0,0,30,1,31,0,0,30,3,33,181,33,214,247
05/10/2010,JRF,HI,AWP,WE,Federal Contract Tower,0,0,0,9,9,0,0,24,2,26,0,0,24,11,35,203,146,349,384
05/11/2010,JRF,HI,AWP,WE,Federal Contract Tower,0,0,3,4,7,0,0,51,6,57,0,0,54,10,64,212,87,299,363
05/12/2010,JRF,HI,AWP,WE,Federal Contract Tower,0,0,2,9,11,0,0,54,16,70,0,0,56,25,81,212,42,254,335
05/13/2010,JRF,HI,AWP,WE,Federal Contract Tower,0,0,4,4,8,0,0,59,12,71,0,0,63,16,79,186,73,259,338
05/14/2010,JRF,HI,AWP,WE,Federal Contract Tower,0,0,3,1,4,0,0,40,2,42,0,0,43,3,46,191,22,213,259
05/15/2010,JRF,HI,AWP,WE,Federal Contract Tower,0,0,0,2,2,0,0,27,2,29,0,0,27,4,31,228,13,241,272
05/16/2010,JRF,HI,AWP,WE,Federal Contract Tower,0,0,2,0,2,0,0,40,1,41,0,0,42,1,43,228,3,231,274
05/17/2010,JRF,HI,AWP,WE,Federal Contract Tower,0,0,3,4,7,0,0,33,2,35,0,0,36,6,42,217,33,250,292
05/18/2010,JRF,HI,AWP,WE,Federal Contract Tower,0,0,6,7,13,0,0,41,7,48,0,0,47,14,61,190,37,227,288
05/19/2010,JRF,HI,AWP,WE,Federal Contract Tower,0,0,9,1,10,0,0,47,14,61,0,0,56,15,71,231,33,264,335
05/20/2010,JRF,HI,AWP,WE,Federal Contract Tower,0,0,7,7,14,0,0,45,15,60,0,0,52,22,74,140,97,237,311
05/21/2010,JRF,HI,AWP,WE,Federal Contract Tower,0,0,11,5,16,0,0,66,20,86,0,0,77,25,102,383,66,449,551
05/22/2010,JRF,HI,AWP,WE,Federal Contract Tower,0,0,0,1,1,0,0,52,2,54,0,0,52,3,55,223,6,229,284
05/23/2010,JRF,HI,AWP,WE,Federal Contract Tower,0,0,1,0,1,0,0,9,5,14,0,0,10,5,15,264,6,270,285
05/24/2010,JRF,HI,AWP,WE,Federal Contract Tower,0,0,5,3,8,0,0,31,10,41,0,0,36,13,49,128,86,214,263
05/25/2010,JRF,HI,AWP,WE,Federal Contract Tower,0,0,4,4,8,0,0,33,6,39,0,0,37,10,47,241,60,301,348
05/26/2010,JRF,HI,AWP,WE,Federal Contract Tower,0,0,2,5,7,0,0,48,3,51,0,0,50,8,58,203,38,241,299
05/27/2010,JRF,HI,AWP,WE,Federal Contract Tower,0,0,2,2,4,0,0,36,11,47,0,0,38,13,51,200,42,242,293
05/28/2010,JRF,HI,AWP,WE,Federal Contract Tower,0,0,6,2,8,0,0,30,0,30,0,0,36,2,38,227,34,261,299
05/29/2010,JRF,HI,AWP,WE,Federal Contract Tower,0,0,1,0,1,0,0,48,3,51,0,0,49,3,52,207,5,212,264
05/30/2010,JRF,HI,AWP,WE,Federal Contract Tower,0,0,0,0,0,0,0,22,2,24,0,0,22,2,24,167,5,172,196
05/31/2010,JRF,HI,AWP,WE,Federal Contract Tower,0,0,0,2,2,0,0,34,6,40,0,0,34,8,42,153,10,163,205
06/01/2010,JRF,HI,AWP,WE,Federal Contract Tower,0,0,2,7,9,0,0,38,11,49,0,0,40,18,58,140,49,189,247
06/02/2010,JRF,HI,AWP,WE,Federal Contract Tower,0,0,7,7,14,0,0,31,2,33,0,0,38,9,47,181,49,230,277
06/03/2010,JRF,HI,AWP,WE,Federal Contract Tower,0,0,5,3,8,0,0,35,1,36,0,0,40,4,44,264,38,302,346
06/04/2010,JRF,HI,AWP,WE,Federal Contract Tower,1,0,3,4,8,1,0,42,1,44,2,0,45,5,52,236,13,249,301
06/05/2010,JRF,HI,AWP,WE,Federal Contract Tower,0,1,0,0,1,0,0,12,2,14,0,1,12,2,15,189,30,219,234
06/06/2010,JRF,HI,AWP,WE,Federal Contract Tower,0,0,0,1,1,0,0,14,0,14,0,0,14,1,15,165,6,171,186
06/07/2010,JRF,HI,AWP,WE,Federal Contract Tower,0,0,3,5,8,0,0,53,4,57,0,0,56,9,65,174,61,235,300
06/08/2010,JRF,HI,AWP,WE,Federal Contract Tower,0,0,6,4,10,0,0,36,5,41,0,0,42,9,51,180,92,272,323
06/09/2010,JRF,HI,AWP,WE,Federal Contract Tower,0,0,4,8,12,0,0,48,6,54,0,0,52,14,66,155,83,238,304
06/10/2010,JRF,HI,AWP,WE,Federal Contract Tower,0,0,4,5,9,0,0,29,8,37,0,0,33,13,46,229,41,270,316
06/11/2010,JRF,HI,AWP,WE,Federal Contract Tower,0,0,1,2,3,0,0,24,1,25,0,0,25,3,28,312,8,320,348
06/12/2010,JRF,HI,AWP,WE,Federal Contract Tower,0,0,1,3,4,0,0,35,0,35,0,0,36,3,39,303,13,316,355
06/13/2010,JRF,HI,AWP,WE,Federal Contract Tower,0,0,0,0,0,0,0,27,1,28,0,0,27,1,28,312,1,313,341
06/14/2010,JRF,HI,AWP,WE,Federal Contract Tower,0,0,11,3,14,0,0,53,10,63,0,0,64,13,77,173,73,246,323
06/15/2010,JRF,HI,AWP,WE,Federal Contract Tower,0,0,3,4,7,0,0,38,5,43,0,0,41,9,50,290,44,334,384
06/16/2010,JRF,HI,AWP,WE,Federal Contract Tower,0,0,2,8,10,0,0,38,11,49,0,0,40,19,59,194,36,230,289
06/17/2010,JRF,HI,AWP,WE,Federal Contract Tower,0,0,11,6,17,0,0,35,4,39,0,0,46,10,56,223,45,268,324
06/18/2010,JRF,HI,AWP,WE,Federal Contract Tower,0,2,3,3,8,1,1,18,8,28,1,3,21,11,36,300,33,333,369
06/19/2010,JRF,HI,AWP,WE,Federal Contract Tower,0,0,2,0,2,0,0,61,6,67,0,0,63,6,69,270,5,275,344
06/20/2010,JRF,HI,AWP,WE,Federal Contract Tower,0,0,3,1,4,0,0,36,1,37,0,0,39,2,41,310,2,312,353
06/21/2010,JRF,HI,AWP,WE,Federal Contract Tower,0,0,7,3,10,0,0,23,5,28,0,0,30,8,38,270,33,303,341
06/22/2010,JRF,HI,AWP,WE,Federal Contract Tower,0,0,3,3,6,0,0,22,1,23,0,0,25,4,29,240,50,290,319
06/23/2010,JRF,HI,AWP,WE,Federal Contract Tower,0,0,2,4,6,0,0,14,5,19,0,0,16,9,25,232,60,292,317
06/24/2010,JRF,HI,AWP,WE,Federal Contract Tower,0,0,5,4,9,0,0,24,8,32,0,0,29,12,41,165,48,213,254
06/25/2010,JRF,HI,AWP,WE,Federal Contract Tower,0,0,2,3,5,0,0,16,1,17,0,0,18,4,22,216,30,246,268
06/26/2010,JRF,HI,AWP,WE,Federal Contract Tower,0,0,4,1,5,0,0,27,1,28,0,0,31,2,33,278,8,286,319
06/27/2010,JRF,HI,AWP,WE,Federal Contract Tower,0,0,2,0,2,0,0,26,0,26,0,0,28,0,28,136,6,142,170
06/28/2010,JRF,HI,AWP,WE,Federal Contract Tower,0,0,5,10,15,0,0,34,9,43,0,0,39,19,58,164,65,229,287
06/29/2010,JRF,HI,AWP,WE,Federal Contract Tower,0,0,12,10,22,0,0,22,0,22,0,0,34,10,44,215,90,305,349
06/30/2010,JRF,HI,AWP,WE,Federal Contract Tower,0,0,6,4,10,0,0,50,4,54,0,0,56,8,64,256,63,319,383
07/01/2010,JRF,HI,AWP,WE,Federal Contract Tower,0,0,4,5,9,0,0,39,6,45,0,0,43,11,54,140,27,167,221
07/02/2010,JRF,HI,AWP,WE,Federal Contract Tower,0,0,9,2,11,0,0,24,2,26,0,0,33,4,37,269,20,289,326
07/03/2010,JRF,HI,AWP,WE,Federal Contract Tower,0,0,2,1,3,0,0,55,7,62,0,0,57,8,65,209,11,220,285
07/04/2010,JRF,HI,AWP,WE,Federal Contract Tower,0,0,0,0,0,0,0,22,0,22,0,0,22,0,22,71,5,76,98
07/05/2010,JRF,HI,AWP,WE,Federal Contract Tower,0,0,5,2,7,0,0,41,1,42,0,0,46,3,49,168,32,200,249
07/06/2010,JRF,HI,AWP,WE,Federal Contract Tower,0,0,4,5,9,0,0,30,9,39,0,0,34,14,48,255,76,331,379
07/07/2010,JRF,HI,AWP,WE,Federal Contract Tower,0,0,0,3,3,0,0,49,8,57,0,0,49,11,60,233,69,302,362
07/08/2010,JRF,HI,AWP,WE,Federal Contract Tower,0,0,0,4,4,0,0,31,8,39,0,0,31,12,43,231,8,239,282
07/09/2010,JRF,HI,AWP,WE,Federal Contract Tower,2,2,3,6,13,0,0,38,4,42,2,2,41,10,55,245,76,321,376
07/10/2010,JRF,HI,AWP,WE,Federal Contract Tower,0,0,0,2,2,0,0,15,7,22,0,0,15,9,24,212,22,234,258
07/11/2010,JRF,HI,AWP,WE,Federal Contract Tower,0,0,2,0,2,0,0,19,10,29,0,0,21,10,31,265,18,283,314
07/12/2010,JRF,HI,AWP,WE,Federal Contract Tower,0,0,2,10,12,0,0,50,14,64,0,0,52,24,76,254,112,366,442
07/13/2010,JRF,HI,AWP,WE,Federal Contract Tower,0,0,0,7,7,0,0,38,4,42,0,0,38,11,49,286,56,342,391
07/14/2010,JRF,HI,AWP,WE,Federal Contract Tower,0,0,2,4,6,0,0,29,2,31,0,0,31,6,37,239,40,279,316
07/15/2010,JRF,HI,AWP,WE,Federal Contract Tower,0,0,2,12,14,0,0,32,3,35,0,0,34,15,49,256,75,331,380
07/16/2010,JRF,HI,AWP,WE,Federal Contract Tower,0,0,4,3,7,0,0,69,4,73,0,0,73,7,80,310,29,339,419
07/17/2010,JRF,HI,AWP,WE,Federal Contract Tower,0,0,4,2,6,0,0,53,10,63,0,0,57,12,69,262,2,264,333
07/18/2010,JRF,HI,AWP,WE,Federal Contract Tower,0,0,0,2,2,0,0,34,6,40,0,0,34,8,42,159,18,177,219
07/19/2010,JRF,HI,AWP,WE,Federal Contract Tower,0,0,1,5,6,0,0,36,8,44,0,0,37,13,50,226,52,278,328
07/20/2010,JRF,HI,AWP,WE,Federal Contract Tower,0,0,5,15,20,0,0,39,7,46,0,0,44,22,66,277,71,348,414
07/21/2010,JRF,HI,AWP,WE,Federal Contract Tower,0,0,8,3,11,0,0,37,11,48,0,0,45,14,59,218,41,259,318
07/22/2010,JRF,HI,AWP,WE,Federal Contract Tower,0,0,3,4,7,0,0,32,7,39,0,0,35,11,46,292,82,374,420
07/23/2010,JRF,HI,AWP,WE,Federal Contract Tower,0,0,4,2,6,0,0,26,13,39,0,0,30,15,45,234,19,253,298
07/24/2010,JRF,HI,AWP,WE,Federal Contract Tower,0,0,6,1,7,0,0,55,11,66,0,0,61,12,73,185,32,217,290
07/25/2010,JRF,HI,AWP,WE,Federal Contract Tower,0,0,4,4,8,0,0,41,8,49,0,0,45,12,57,178,13,191,248
07/26/2010,JRF,HI,AWP,WE,Federal Contract Tower,0,0,18,3,21,0,0,31,8,39,0,0,49,11,60,268,31,299,359
07/27/2010,JRF,HI,AWP,WE,Federal Contract Tower,0,0,12,9,21,0,0,22,11,33,0,0,34,20,54,197,54,251,305
07/28/2010,JRF,HI,AWP,WE,Federal Contract Tower,0,0,8,8,16,0,0,26,15,41,0,0,34,23,57,195,40,235,292
07/29/2010,JRF,HI,AWP,WE,Federal Contract Tower,0,2,1,4,7,0,0,9,3,12,0,2,10,7,19,192,62,254,273
07/30/2010,JRF,HI,AWP,WE,Federal Contract Tower,0,0,1,1,2,0,0,16,0,16,0,0,17,1,18,131,8,139,157
07/31/2010,JRF,HI,AWP,WE,Federal Contract Tower,0,0,5,1,6,0,0,17,2,19,0,0,22,3,25,129,12,141,166
08/01/2010,JRF,HI,AWP,WE,Federal Contract Tower,0,0,3,0,3,0,0,16,2,18,0,0,19,2,21,50,3,53,74
08/02/2010,JRF,HI,AWP,WE,Federal Contract Tower,0,0,4,5,9,0,0,28,4,32,0,0,32,9,41,161,91,252,293
08/03/2010,JRF,HI,AWP,WE,Federal Contract Tower,0,0,2,4,6,0,0,29,5,34,0,0,31,9,40,132,82,214,254
08/04/2010,JRF,HI,AWP,WE,Federal Contract Tower,0,0,1,5,6,0,0,17,1,18,0,0,18,6,24,190,14,204,228
08/05/2010,JRF,HI,AWP,WE,Federal Contract Tower,0,0,1,1,2,0,0,22,4,26,0,0,23,5,28,207,7,214,242
08/06/2010,JRF,HI,AWP,WE,Federal Contract Tower,0,0,4,2,6,0,0,22,2,24,0,0,26,4,30,163,11,174,204
08/07/2010,JRF,HI,AWP,WE,Federal Contract Tower,0,0,0,2,2,0,0,32,2,34,0,0,32,4,36,122,15,137,173
08/08/2010,JRF,HI,AWP,WE,Federal Contract Tower,0,0,2,1,3,0,0,28,5,33,0,0,30,6,36,172,10,182,218
08/09/2010,JRF,HI,AWP,WE,Federal Contract Tower,0,0,0,6,6,0,0,17,12,29,0,0,17,18,35,125,37,162,197
08/10/2010,JRF,HI,AWP,WE,Federal Contract Tower,0,0,1,4,5,0,0,19,4,23,0,0,20,8,28,155,38,193,221
08/11/2010,JRF,HI,AWP,WE,Federal Contract Tower,0,0,2,8,10,0,0,53,5,58,0,0,55,13,68,290,20,310,378
08/12/2010,JRF,HI,AWP,WE,Federal Contract Tower,0,0,0,8,8,0,0,45,9,54,0,0,45,17,62,257,69,326,388
08/13/2010,JRF,HI,AWP,WE,Federal Contract Tower,0,0,1,1,2,0,0,22,2,24,0,0,23,3,26,210,79,289,315
08/14/2010,JRF,HI,AWP,WE,Federal Contract Tower,0,0,2,1,3,0,0,41,1,42,0,0,43,2,45,311,11,322,367
08/15/2010,JRF,HI,AWP,WE,Federal Contract Tower,0,0,0,0,0,0,0,34,4,38,0,0,34,4,38,237,24,261,299
08/16/2010,JRF,HI,AWP,WE,Federal Contract Tower,0,0,5,4,9,0,0,32,2,34,0,0,37,6,43,236,24,260,303
08/17/2010,JRF,HI,AWP,WE,Federal Contract Tower,0,0,3,7,10,0,0,49,10,59,0,0,52,17,69,299,119,418,487
08/18/2010,JRF,HI,AWP,WE,Federal Contract Tower,0,0,6,4,10,0,0,44,3,47,0,0,50,7,57,315,60,375,432
08/19/2010,JRF,HI,AWP,WE,Federal Contract Tower,0,2,9,5,16,0,0,41,4,45,0,2,50,9,61,230,104,334,395
08/20/2010,JRF,HI,AWP,WE,Federal Contract Tower,0,0,3,2,5,0,0,30,1,31,0,0,33,3,36,173,52,225,261
08/21/2010,JRF,HI,AWP,WE,Federal Contract Tower,0,0,1,3,4,0,0,42,4,46,0,0,43,7,50,182,64,246,296
08/22/2010,JRF,HI,AWP,WE,Federal Contract Tower,0,0,0,2,2,0,0,23,2,25,0,0,23,4,27,146,70,216,243
08/23/2010,JRF,HI,AWP,WE,Federal Contract Tower,0,0,4,4,8,0,0,35,9,44,0,0,39,13,52,187,101,288,340
08/24/2010,JRF,HI,AWP,WE,Federal Contract Tower,0,0,2,3,5,0,0,35,9,44,0,0,37,12,49,185,104,289,338
08/25/2010,JRF,HI,AWP,WE,Federal Contract Tower,0,0,1,10,11,0,0,35,6,41,0,0,36,16,52,185,75,260,312
08/26/2010,JRF,HI,AWP,WE,Federal Contract Tower,0,0,10,3,13,0,0,56,4,60,0,0,66,7,73,179,78,257,330
08/27/2010,JRF,HI,AWP,WE,Federal Contract Tower,0,0,3,3,6,0,0,28,1,29,0,0,31,4,35,205,20,225,260
08/28/2010,JRF,HI,AWP,WE,Federal Contract Tower,0,0,0,1,1,0,0,30,1,31,0,0,30,2,32,207,52,259,291
08/29/2010,JRF,HI,AWP,WE,Federal Contract Tower,0,0,0,2,2,0,0,38,3,41,0,0,38,5,43,155,53,208,251
08/30/2010,JRF,HI,AWP,WE,Federal Contract Tower,0,0,4,5,9,0,0,42,4,46,0,0,46,9,55,225,73,298,353
08/31/2010,JRF,HI,AWP,WE,Federal Contract Tower,0,0,15,4,19,0,0,27,5,32,0,0,42,9,51,223,50,273,324
09/01/2010,JRF,HI,AWP,WE,Federal Contract Tower,0,0,3,16,19,0,0,42,2,44,0,0,45,18,63,395,163,558,621
09/02/2010,JRF,HI,AWP,WE,Federal Contract Tower,0,0,2,7,9,0,0,54,7,61,0,0,56,14,70,211,111,322,392
09/03/2010,JRF,HI,AWP,WE,Federal Contract Tower,0,0,3,0,3,0,0,54,2,56,0,0,57,2,59,256,10,266,325
09/04/2010,JRF,HI,AWP,WE,Federal Contract Tower,0,0,0,1,1,0,0,30,3,33,0,0,30,4,34,241,57,298,332
09/05/2010,JRF,HI,AWP,WE,Federal Contract Tower,0,0,0,2,2,0,0,30,2,32,0,0,30,4,34,116,0,116,150
09/06/2010,JRF,HI,AWP,WE,Federal Contract Tower,0,0,0,1,1,0,0,36,4,40,0,0,36,5,41,164,6,170,211
09/07/2010,JRF,HI,AWP,WE,Federal Contract Tower,0,0,2,2,4,0,0,46,10,56,0,0,48,12,60,249,67,316,376
09/08/2010,JRF,HI,AWP,WE,Federal Contract Tower,0,0,6,6,12,0,0,51,10,61,0,0,57,16,73,263,80,343,416
09/09/2010,JRF,HI,AWP,WE,Federal Contract Tower,0,0,2,2,4,0,0,37,13,50,0,0,39,15,54,303,10,313,367
09/10/2010,JRF,HI,AWP,WE,Federal Contract Tower,0,0,2,5,7,0,0,50,3,53,0,0,52,8,60,249,58,307,367
09/11/2010,JRF,HI,AWP,WE,Federal Contract Tower,0,0,0,1,1,0,0,38,10,48,0,0,38,11,49,75,5,80,129
09/12/2010,JRF,HI,AWP,WE,Federal Contract Tower,0,0,1,2,3,0,0,33,8,41,0,0,34,10,44,97,4,101,145
09/13/2010,JRF,HI,AWP,WE,Federal Contract Tower,0,0,2,7,9,0,0,44,6,50,0,0,46,13,59,208,36,244,303
09/14/2010,JRF,HI,AWP,WE,Federal Contract Tower,0,0,8,5,13,0,0,40,8,48,0,0,48,13,61,227,57,284,345
09/15/2010,JRF,HI,AWP,WE,Federal Contract Tower,0,0,2,3,5,0,0,47,5,52,0,0,49,8,57,265,12,277,334
09/16/2010,JRF,HI,AWP,WE,Federal Contract Tower,0,0,0,10,10,0,0,37,9,46,0,0,37,19,56,248,54,302,358
09/17/2010,JRF,HI,AWP,WE,Federal Contract Tower,0,0,4,2,6,0,0,42,4,46,0,0,46,6,52,279,2,281,333
09/18/2010,JRF,HI,AWP,WE,Federal Contract Tower,0,0,1,1,2,0,0,25,3,28,0,0,26,4,30,265,56,321,351
09/19/2010,JRF,HI,AWP,WE,Federal Contract Tower,0,2,4,2,8,0,8,24,2,34,0,10,28,4,42,240,58,298,340
09/20/2010,JRF,HI,AWP,WE,Federal Contract Tower,0,0,2,4,6,0,0,46,11,57,0,0,48,15,63,238,36,274,337
09/21/2010,JRF,HI,AWP,WE,Federal Contract Tower,0,0,7,9,16,0,0,33,11,44,0,0,40,20,60,205,107,312,372
09/22/2010,JRF,HI,AWP,WE,Federal Contract Tower,0,0,2,14,16,0,0,23,8,31,0,0,25,22,47,253,54,307,354
09/23/2010,JRF,HI,AWP,WE,Federal Contract Tower,0,0,1,7,8,0,0,41,5,46,0,0,42,12,54,333,43,376,430
09/24/2010,JRF,HI,AWP,WE,Federal Contract Tower,0,0,7,0,7,0,0,58,6,64,0,0,65,6,71,356,7,363,434
09/25/2010,JRF,HI,AWP,WE,Federal Contract Tower,0,0,2,0,2,0,0,42,4,46,0,0,44,4,48,138,6,144,192
09/26/2010,JRF,HI,AWP,WE,Federal Contract Tower,0,0,6,0,6,0,0,32,5,37,0,0,38,5,43,287,4,291,334
09/27/2010,JRF,HI,AWP,WE,Federal Contract Tower,0,0,7,5,12,0,0,31,4,35,0,0,38,9,47,208,62,270,317
09/28/2010,JRF,HI,AWP,WE,Federal Contract Tower,0,0,0,6,6,0,0,24,6,30,0,0,24,12,36,189,164,353,389
09/29/2010,JRF,HI,AWP,WE,Federal Contract Tower,0,0,2,1,3,0,0,18,9,27,0,0,20,10,30,233,89,322,352
09/30/2010,JRF,HI,AWP,WE,Federal Contract Tower,0,0,3,6,9,0,0,39,11,50,0,0,42,17,59,181,81,262,321
10/01/2010,JRF,HI,AWP,WE,Federal Contract Tower,0,0,2,2,4,0,0,30,2,32,0,0,32,4,36,190,29,219,255
10/02/2010,JRF,HI,AWP,WE,Federal Contract Tower,0,0,0,2,2,0,0,39,4,43,0,0,39,6,45,199,62,261,306
10/03/2010,JRF,HI,AWP,WE,Federal Contract Tower,0,0,0,2,2,0,0,8,3,11,0,0,8,5,13,160,19,179,192
10/04/2010,JRF,HI,AWP,WE,Federal Contract Tower,0,0,3,3,6,0,0,40,10,50,0,0,43,13,56,107,135,242,298
10/05/2010,JRF,HI,AWP,WE,Federal Contract Tower,0,0,5,3,8,0,0,39,20,59,0,0,44,23,67,134,51,185,252
10/06/2010,JRF,HI,AWP,WE,Federal Contract Tower,0,0,9,5,14,0,0,43,6,49,0,0,52,11,63,177,113,290,353
10/07/2010,JRF,HI,AWP,WE,Federal Contract Tower,0,0,6,2,8,0,0,33,9,42,0,0,39,11,50,216,72,288,338
10/08/2010,JRF,HI,AWP,WE,Federal Contract Tower,0,0,4,1,5,0,0,34,3,37,0,0,38,4,42,234,78,312,354
10/09/2010,JRF,HI,AWP,WE,Federal Contract Tower,0,0,1,4,5,0,0,26,2,28,0,0,27,6,33,336,2,338,371
10/10/2010,JRF,HI,AWP,WE,Federal Contract Tower,0,0,0,3,3,0,0,22,1,23,0,0,22,4,26,272,10,282,308
10/11/2010,JRF,HI,AWP,WE,Federal Contract Tower,0,0,2,0,2,0,0,53,2,55,0,0,55,2,57,398,16,414,471
10/12/2010,JRF,HI,AWP,WE,Federal Contract Tower,0,0,4,2,6,0,0,51,6,57,0,0,55,8,63,370,28,398,461
10/13/2010,JRF,HI,AWP,WE,Federal Contract Tower,0,0,4,1,5,0,0,38,4,42,0,0,42,5,47,219,34,253,300
10/14/2010,JRF,HI,AWP,WE,Federal Contract Tower,0,0,3,5,8,0,0,43,5,48,0,0,46,10,56,227,72,299,355
10/15/2010,JRF,HI,AWP,WE,Federal Contract Tower,0,0,3,0,3,0,0,40,2,42,0,0,43,2,45,293,51,344,389
10/16/2010,JRF,HI,AWP,WE,Federal Contract Tower,0,0,6,3,9,0,0,50,3,53,0,0,56,6,62,289,26,315,377
10/17/2010,JRF,HI,AWP,WE,Federal Contract Tower,0,0,1,1,2,0,0,29,3,32,0,0,30,4,34,234,0,234,268
10/18/2010,JRF,HI,AWP,WE,Federal Contract Tower,0,0,11,1,12,0,0,28,9,37,0,0,39,10,49,270,60,330,379
10/19/2010,JRF,HI,AWP,WE,Federal Contract Tower,0,0,12,3,15,0,0,29,9,38,0,0,41,12,53,297,54,351,404
10/20/2010,JRF,HI,AWP,WE,Federal Contract Tower,0,0,2,2,4,0,0,51,9,60,0,0,53,11,64,342,61,403,467
10/21/2010,JRF,HI,AWP,WE,Federal Contract Tower,0,0,7,4,11,0,0,43,4,47,0,0,50,8,58,210,32,242,300
10/22/2010,JRF,HI,AWP,WE,Federal Contract Tower,0,0,5,1,6,0,0,44,2,46,0,0,49,3,52,343,23,366,418
10/23/2010,JRF,HI,AWP,WE,Federal Contract Tower,0,0,0,0,0,0,0,36,2,38,0,0,36,2,38,181,0,181,219
10/24/2010,JRF,HI,AWP,WE,Federal Contract Tower,0,0,0,0,0,0,0,20,2,22,0,0,20,2,22,231,0,231,253
10/25/2010,JRF,HI,AWP,WE,Federal Contract Tower,0,0,1,3,4,0,0,22,2,24,0,0,23,5,28,185,12,197,225
10/26/2010,JRF,HI,AWP,WE,Federal Contract Tower,0,0,5,8,13,0,0,43,21,64,0,0,48,29,77,245,156,401,478
10/27/2010,JRF,HI,AWP,WE,Federal Contract Tower,0,0,3,7,10,0,0,31,4,35,0,0,34,11,45,198,12,210,255
10/28/2010,JRF,HI,AWP,WE,Federal Contract Tower,0,0,8,3,11,0,0,28,4,32,0,0,36,7,43,224,21,245,288
10/29/2010,JRF,HI,AWP,WE,Federal Contract Tower,0,0,2,0,2,0,0,32,0,32,0,0,34,0,34,184,2,186,220
10/30/2010,JRF,HI,AWP,WE,Federal Contract Tower,0,0,0,0,0,0,0,40,2,42,0,0,40,2,42,186,4,190,232
10/31/2010,JRF,HI,AWP,WE,Federal Contract Tower,0,0,1,0,1,0,0,23,0,23,0,0,24,0,24,190,40,230,254
11/01/2010,JRF,HI,AWP,WE,Federal Contract Tower,0,0,0,3,3,2,0,36,24,62,2,0,36,27,65,205,130,335,400
11/02/2010,JRF,HI,AWP,WE,Federal Contract Tower,0,0,6,5,11,0,0,49,36,85,0,0,55,41,96,271,115,386,482
11/03/2010,JRF,HI,AWP,WE,Federal Contract Tower,0,0,0,5,5,0,1,18,9,28,0,1,18,14,33,98,107,205,238
11/04/2010,JRF,HI,AWP,WE,Federal Contract Tower,0,0,4,7,11,0,0,39,40,79,0,0,43,47,90,161,226,387,477
11/05/2010,JRF,HI,AWP,WE,Federal Contract Tower,0,0,2,1,3,0,0,52,12,64,0,0,54,13,67,193,22,215,282
11/06/2010,JRF,HI,AWP,WE,Federal Contract Tower,0,0,4,2,6,0,0,67,3,70,0,0,71,5,76,206,0,206,282
11/07/2010,JRF,HI,AWP,WE,Federal Contract Tower,0,0,8,2,10,0,0,29,3,32,0,0,37,5,42,231,1,232,274
11/08/2010,JRF,HI,AWP,WE,Federal Contract Tower,0,0,4,3,7,1,0,35,40,76,1,0,39,43,83,143,123,266,349
11/09/2010,JRF,HI,AWP,WE,Federal Contract Tower,0,0,5,7,12,0,0,55,28,83,0,0,60,35,95,193,179,372,467
11/10/2010,JRF,HI,AWP,WE,Federal Contract Tower,0,0,7,4,11,0,0,42,15,57,0,0,49,19,68,167,98,265,333
11/11/2010,JRF,HI,AWP,WE,Federal Contract Tower,0,0,6,2,8,0,0,48,2,50,0,0,54,4,58,343,5,348,406
11/12/2010,JRF,HI,AWP,WE,Federal Contract Tower,0,0,6,3,9,0,0,39,0,39,0,0,45,3,48,245,7,252,300
11/13/2010,JRF,HI,AWP,WE,Federal Contract Tower,0,0,5,0,5,0,0,54,5,59,0,0,59,5,64,150,34,184,248
11/14/2010,JRF,HI,AWP,WE,Federal Contract Tower,0,0,6,2,8,0,0,14,5,19,0,0,20,7,27,154,9,163,190
11/15/2010,JRF,HI,AWP,WE,Federal Contract Tower,0,0,0,6,6,0,32,47,0,79,0,32,47,6,85,167,123,290,375
11/16/2010,JRF,HI,AWP,WE,Federal Contract Tower,0,0,10,5,15,0,0,48,17,65,0,0,58,22,80,191,97,288,368
11/17/2010,JRF,HI,AWP,WE,Federal Contract Tower,0,0,2,1,3,0,0,44,18,62,0,0,46,19,65,236,32,268,333
11/18/2010,JRF,HI,AWP,WE,Federal Contract Tower,0,2,2,7,11,0,1,31,14,46,0,3,33,21,57,180,95,275,332
11/19/2010,JRF,HI,AWP,WE,Federal Contract Tower,0,0,7,5,12,0,0,31,5,36,0,0,38,10,48,108,61,169,217
11/20/2010,JRF,HI,AWP,WE,Federal Contract Tower,0,0,3,2,5,1,0,46,2,49,1,0,49,4,54,166,2,168,222
11/21/2010,JRF,HI,AWP,WE,Federal Contract Tower,0,0,6,0,6,0,0,21,3,24,0,0,27,3,30,148,7,155,185
11/22/2010,JRF,HI,AWP,WE,Federal Contract Tower,0,0,0,8,8,1,0,36,31,68,1,0,36,39,76,120,115,235,311
11/23/2010,JRF,HI,AWP,WE,Federal Contract Tower,0,0,2,6,8,0,0,62,40,102,0,0,64,46,110,179,204,383,493
11/24/2010,JRF,HI,AWP,WE,Federal Contract Tower,0,0,6,6,12,0,0,52,12,64,0,0,58,18,76,211,49,260,336
11/25/2010,JRF,HI,AWP,WE,Federal Contract Tower,0,0,0,0,0,0,9,1,0,10,0,9,1,0,10,70,2,72,82
11/26/2010,JRF,HI,AWP,WE,Federal Contract Tower,0,0,2,0,2,0,1,30,2,33,0,1,32,2,35,165,9,174,209
11/27/2010,JRF,HI,AWP,WE,Federal Contract Tower,0,0,2,2,4,0,0,40,4,44,0,0,42,6,48,180,14,194,242
11/28/2010,JRF,HI,AWP,WE,Federal Contract Tower,0,0,1,0,1,0,0,11,4,15,0,0,12,4,16,175,14,189,205
11/29/2010,JRF,HI,AWP,WE,Federal Contract Tower,0,0,11,5,16,0,0,44,33,77,0,0,55,38,93,229,118,347,440
11/30/2010,JRF,HI,AWP,WE,Federal Contract Tower,0,0,0,3,3,0,0,51,45,96,0,0,51,48,99,220,177,397,496
12/01/2010,JRF,HI,AWP,WE,Federal Contract Tower,0,0,4,2,6,0,0,41,27,68,0,0,45,29,74,163,115,278,352
12/02/2010,JRF,HI,AWP,WE,Federal Contract Tower,0,0,6,2,8,0,0,35,24,59,0,0,41,26,67,164,101,265,332
12/03/2010,JRF,HI,AWP,WE,Federal Contract Tower,0,0,9,2,11,0,0,43,16,59,0,0,52,18,70,183,6,189,259
12/04/2010,JRF,HI,AWP,WE,Federal Contract Tower,0,0,2,9,11,0,0,39,1,40,0,0,41,10,51,289,28,317,368
12/05/2010,JRF,HI,AWP,WE,Federal Contract Tower,0,3,3,1,7,0,0,15,2,17,0,3,18,3,24,216,9,225,249
12/06/2010,JRF,HI,AWP,WE,Federal Contract Tower,0,0,2,2,4,0,0,44,31,75,0,0,46,33,79,193,91,284,363
12/07/2010,JRF,HI,AWP,WE,Federal Contract Tower,0,0,13,4,17,0,0,73,58,131,0,0,86,62,148,219,171,390,538
12/08/2010,JRF,HI,AWP,WE,Federal Contract Tower,0,0,5,3,8,0,0,49,24,73,0,0,54,27,81,233,200,433,514
12/09/2010,JRF,HI,AWP,WE,Federal Contract Tower,0,0,5,5,10,0,0,25,21,46,0,0,30,26,56,115,10,125,181
12/10/2010,JRF,HI,AWP,WE,Federal Contract Tower,0,0,2,3,5,0,0,8,5,13,0,0,10,8,18,58,19,77,95
12/11/2010,JRF,HI,AWP,WE,Federal Contract Tower,0,0,3,1,4,0,0,48,4,52,0,0,51,5,56,339,1,340,396
12/12/2010,JRF,HI,AWP,WE,Federal Contract Tower,0,0,8,2,10,2,0,43,1,46,2,0,51,3,56,296,10,306,362
12/13/2010,JRF,HI,AWP,WE,Federal Contract Tower,0,0,2,8,10,0,0,29,19,48,0,0,31,27,58,260,75,335,393
12/14/2010,JRF,HI,AWP,WE,Federal Contract Tower,0,0,4,7,11,0,0,34,27,61,0,0,38,34,72,200,59,259,331
12/15/2010,JRF,HI,AWP,WE,Federal Contract Tower,0,0,1,7,8,0,0,26,37,63,0,0,27,44,71,213,112,325,396
12/16/2010,JRF,HI,AWP,WE,Federal Contract Tower,0,0,11,4,15,0,0,31,42,73,0,0,42,46,88,339,107,446,534
12/17/2010,JRF,HI,AWP,WE,Federal Contract Tower,0,0,1,3,4,0,0,49,3,52,0,0,50,6,56,211,48,259,315
12/18/2010,JRF,HI,AWP,WE,Federal Contract Tower,0,0,2,1,3,0,0,51,1,52,0,0,53,2,55,347,4,351,406
12/19/2010,JRF,HI,AWP,WE,Federal Contract Tower,0,1,0,2,3,0,0,0,0,0,0,1,0,2,3,0,1,1,4
12/20/2010,JRF,HI,AWP,WE,Federal Contract Tower,0,0,2,3,5,2,0,2,2,6,2,0,4,5,11,32,2,34,45
12/21/2010,JRF,HI,AWP,WE,Federal Contract Tower,0,0,4,3,7,0,0,26,8,34,0,0,30,11,41,161,33,194,235
12/22/2010,JRF,HI,AWP,WE,Federal Contract Tower,0,0,0,5,5,0,0,29,8,37,0,0,29,13,42,262,108,370,412
12/23/2010,JRF,HI,AWP,WE,Federal Contract Tower,0,0,1,4,5,0,0,4,4,8,0,0,5,8,13,1,9,10,23
12/24/2010,JRF,HI,AWP,WE,Federal Contract Tower,0,0,0,0,0,0,0,6,7,13,0,0,6,7,13,8,2,10,23
12/25/2010,JRF,HI,AWP,WE,Federal Contract Tower,0,0,0,0,0,0,0,0,0,0,0,0,0,0,0,0,0,0,0
12/26/2010,JRF,HI,AWP,WE,Federal Contract Tower,0,0,0,2,2,0,0,2,2,4,0,0,2,4,6,5,6,11,17
12/27/2010,JRF,HI,AWP,WE,Federal Contract Tower,0,0,1,5,6,0,0,4,1,5,0,0,5,6,11,0,1,1,12
12/28/2010,JRF,HI,AWP,WE,Federal Contract Tower,0,0,0,2,2,0,0,8,3,11,0,0,8,5,13,22,7,29,42
12/29/2010,JRF,HI,AWP,WE,Federal Contract Tower,0,0,4,7,11,0,0,4,8,12,0,0,8,15,23,20,60,80,103
12/30/2010,JRF,HI,AWP,WE,Federal Contract Tower,0,0,2,4,6,0,0,6,4,10,0,0,8,8,16,36,60,96,112
12/31/2010,JRF,HI,AWP,WE,Federal Contract Tower,0,0,5,1,6,0,0,8,0,8,0,0,13,1,14,14,2,16,30
01/01/2011,JRF,HI,AWP,WE,Federal Contract Tower,0,0,2,1,3,0,0,0,0,0,0,0,2,1,3,0,0,0,3
01/02/2011,JRF,HI,AWP,WE,Federal Contract Tower,0,0,0,3,3,0,0,2,4,6,0,0,2,7,9,0,5,5,14
01/03/2011,JRF,HI,AWP,WE,Federal Contract Tower,0,0,0,2,2,0,0,4,5,9,0,0,4,7,11,0,2,2,13
01/04/2011,JRF,HI,AWP,WE,Federal Contract Tower,0,0,3,4,7,0,0,52,18,70,0,0,55,22,77,223,129,352,429
01/05/2011,JRF,HI,AWP,WE,Federal Contract Tower,0,0,1,13,14,0,0,41,43,84,0,0,42,56,98,192,185,377,475
01/06/2011,JRF,HI,AWP,WE,Federal Contract Tower,0,0,2,25,27,0,0,38,27,65,0,0,40,52,92,264,248,512,604
01/07/2011,JRF,HI,AWP,WE,Federal Contract Tower,0,0,3,7,10,0,0,62,8,70,0,0,65,15,80,284,65,349,429
01/08/2011,JRF,HI,AWP,WE,Federal Contract Tower,0,0,0,2,2,0,0,48,4,52,0,0,48,6,54,232,7,239,293
01/09/2011,JRF,HI,AWP,WE,Federal Contract Tower,0,0,1,5,6,0,0,18,1,19,0,0,19,6,25,220,5,225,250
01/10/2011,JRF,HI,AWP,WE,Federal Contract Tower,0,0,2,9,11,0,0,34,8,42,0,0,36,17,53,266,79,345,398
01/11/2011,JRF,HI,AWP,WE,Federal Contract Tower,0,0,1,12,13,0,0,40,19,59,0,0,41,31,72,236,125,361,433
01/12/2011,JRF,HI,AWP,WE,Federal Contract Tower,0,0,0,6,6,0,0,8,10,18,0,0,8,16,24,57,77,134,158
01/13/2011,JRF,HI,AWP,WE,Federal Contract Tower,0,0,1,7,8,0,0,16,9,25,0,0,17,16,33,149,34,183,216
01/14/2011,JRF,HI,AWP,WE,Federal Contract Tower,0,0,0,8,8,0,0,43,2,45,0,0,43,10,53,278,89,367,420
01/15/2011,JRF,HI,AWP,WE,Federal Contract Tower,0,0,1,1,2,0,0,70,2,72,0,0,71,3,74,248,27,275,349
01/16/2011,JRF,HI,AWP,WE,Federal Contract Tower,0,0,4,1,5,0,0,42,6,48,0,0,46,7,53,226,4,230,283
01/17/2011,JRF,HI,AWP,WE,Federal Contract Tower,0,0,0,2,2,0,0,59,2,61,0,0,59,4,63,275,11,286,349
01/18/2011,JRF,HI,AWP,WE,Federal Contract Tower,0,0,2,8,10,0,0,45,22,67,0,0,47,30,77,254,215,469,546
01/19/2011,JRF,HI,AWP,WE,Federal Contract Tower,0,0,6,15,21,0,0,39,10,49,0,0,45,25,70,268,202,470,540
01/20/2011,JRF,HI,AWP,WE,Federal Contract Tower,0,0,5,2,7,0,0,29,16,45,0,0,34,18,52,177,153,330,382
01/21/2011,JRF,HI,AWP,WE,Federal Contract Tower,0,0,10,5,15,0,0,64,18,82,0,0,74,23,97,271,0,271,368
01/22/2011,JRF,HI,AWP,WE,Federal Contract Tower,0,0,0,2,2,0,0,50,4,54,0,0,50,6,56,174,0,174,230
01/23/2011,JRF,HI,AWP,WE,Federal Contract Tower,0,0,2,0,2,0,0,29,2,31,0,0,31,2,33,269,7,276,309
01/24/2011,JRF,HI,AWP,WE,Federal Contract Tower,0,0,3,3,6,0,0,41,22,63,0,0,44,25,69,193,29,222,291
01/25/2011,JRF,HI,AWP,WE,Federal Contract Tower,0,0,4,8,12,0,0,50,27,77,0,0,54,35,89,201,155,356,445
01/26/2011,JRF,HI,AWP,WE,Federal Contract Tower,0,0,7,7,14,0,0,66,25,91,0,0,73,32,105,378,74,452,557
01/27/2011,JRF,HI,AWP,WE,Federal Contract Tower,0,0,6,7,13,0,1,80,35,116,0,1,86,42,129,342,131,473,602
01/28/2011,JRF,HI,AWP,WE,Federal Contract Tower,0,0,4,8,12,0,0,49,6,55,0,0,53,14,67,219,144,363,430
01/29/2011,JRF,HI,AWP,WE,Federal Contract Tower,0,0,2,1,3,0,0,23,2,25,0,0,25,3,28,181,101,282,310
01/30/2011,JRF,HI,AWP,WE,Federal Contract Tower,0,0,5,0,5,0,0,8,5,13,0,0,13,5,18,162,50,212,230
01/31/2011,JRF,HI,AWP,WE,Federal Contract Tower,0,0,5,1,6,0,0,39,8,47,0,0,44,9,53,243,151,394,447
02/01/2011,JRF,HI,AWP,WE,Federal Contract Tower,0,0,6,10,16,0,0,44,28,72,0,0,50,38,88,232,136,368,456
02/02/2011,JRF,HI,AWP,WE,Federal Contract Tower,0,0,3,13,16,0,0,56,17,73,0,0,59,30,89,272,161,433,522
02/03/2011,JRF,HI,AWP,WE,Federal Contract Tower,0,0,1,1,2,0,0,47,30,77,0,0,48,31,79,291,130,421,500
02/04/2011,JRF,HI,AWP,WE,Federal Contract Tower,0,0,4,5,9,0,0,68,8,76,0,0,72,13,85,240,37,277,362
02/05/2011,JRF,HI,AWP,WE,Federal Contract Tower,0,0,0,4,4,0,0,51,3,54,0,0,51,7,58,282,26,308,366
02/06/2011,JRF,HI,AWP,WE,Federal Contract Tower,0,0,0,2,2,0,0,10,2,12,0,0,10,4,14,115,2,117,131
02/07/2011,JRF,HI,AWP,WE,Federal Contract Tower,0,0,5,11,16,0,0,41,10,51,0,0,46,21,67,166,104,270,337
02/08/2011,JRF,HI,AWP,WE,Federal Contract Tower,0,0,1,4,5,0,0,41,22,63,0,0,42,26,68,217,152,369,437
02/09/2011,JRF,HI,AWP,WE,Federal Contract Tower,0,0,3,16,19,0,0,66,16,82,0,0,69,32,101,386,122,508,609
02/10/2011,JRF,HI,AWP,WE,Federal Contract Tower,0,0,2,9,11,0,0,43,16,59,0,0,45,25,70,225,129,354,424
02/11/2011,JRF,HI,AWP,WE,Federal Contract Tower,0,0,3,3,6,0,0,29,11,40,0,0,32,14,46,161,116,277,323
02/12/2011,JRF,HI,AWP,WE,Federal Contract Tower,0,0,5,2,7,0,0,67,5,72,0,0,72,7,79,244,18,262,341
02/13/2011,JRF,HI,AWP,WE,Federal Contract Tower,0,0,1,4,5,0,0,56,10,66,0,0,57,14,71,219,3,222,293
02/14/2011,JRF,HI,AWP,WE,Federal Contract Tower,0,0,5,11,16,0,0,76,11,87,0,0,81,22,103,267,62,329,432
02/15/2011,JRF,HI,AWP,WE,Federal Contract Tower,0,0,2,6,8,0,0,58,19,77,0,0,60,25,85,298,111,409,494
02/16/2011,JRF,HI,AWP,WE,Federal Contract Tower,0,0,2,11,13,0,0,44,16,60,0,0,46,27,73,335,143,478,551
02/17/2011,JRF,HI,AWP,WE,Federal Contract Tower,0,0,3,9,12,0,0,69,13,82,0,0,72,22,94,291,112,403,497
02/18/2011,JRF,HI,AWP,WE,Federal Contract Tower,0,0,3,8,11,0,0,63,12,75,0,0,66,20,86,322,33,355,441
02/19/2011,JRF,HI,AWP,WE,Federal Contract Tower,0,0,2,2,4,0,0,46,4,50,0,0,48,6,54,250,16,266,320
02/20/2011,JRF,HI,AWP,WE,Federal Contract Tower,1,0,4,4,9,0,0,29,2,31,1,0,33,6,40,184,90,274,314
02/21/2011,JRF,HI,AWP,WE,Federal Contract Tower,0,0,0,2,2,0,0,43,3,46,0,0,43,5,48,218,2,220,268
02/22/2011,JRF,HI,AWP,WE,Federal Contract Tower,0,0,2,10,12,0,0,49,6,55,0,0,51,16,67,280,93,373,440
02/23/2011,JRF,HI,AWP,WE,Federal Contract Tower,0,0,4,9,13,0,0,56,17,73,0,0,60,26,86,339,186,525,611
02/24/2011,JRF,HI,AWP,WE,Federal Contract Tower,0,0,6,11,17,0,0,53,9,62,0,0,59,20,79,249,108,357,436
02/25/2011,JRF,HI,AWP,WE,Federal Contract Tower,0,0,9,3,12,0,0,32,6,38,0,0,41,9,50,173,103,276,326
02/26/2011,JRF,HI,AWP,WE,Federal Contract Tower,0,0,6,1,7,0,0,45,3,48,0,0,51,4,55,314,36,350,405
02/27/2011,JRF,HI,AWP,WE,Federal Contract Tower,0,0,7,1,8,0,0,48,0,48,0,0,55,1,56,219,11,230,286
02/28/2011,JRF,HI,AWP,WE,Federal Contract Tower,0,0,0,7,7,0,0,54,13,67,0,0,54,20,74,397,89,486,560
03/01/2011,JRF,HI,AWP,WE,Federal Contract Tower,0,0,4,8,12,0,0,38,23,61,0,0,42,31,73,417,242,659,732
03/02/2011,JRF,HI,AWP,WE,Federal Contract Tower,0,0,2,8,10,0,0,70,20,90,0,0,72,28,100,473,120,593,693
03/03/2011,JRF,HI,AWP,WE,Federal Contract Tower,0,0,6,2,8,0,0,33,19,52,0,0,39,21,60,245,64,309,369
03/04/2011,JRF,HI,AWP,WE,Federal Contract Tower,0,0,0,4,4,0,0,23,6,29,0,0,23,10,33,158,12,170,203
03/05/2011,JRF,HI,AWP,WE,Federal Contract Tower,0,0,0,3,3,0,0,35,7,42,0,0,35,10,45,209,16,225,270
03/06/2011,JRF,HI,AWP,WE,Federal Contract Tower,0,0,2,3,5,0,0,26,3,29,0,0,28,6,34,140,18,158,192
03/07/2011,JRF,HI,AWP,WE,Federal Contract Tower,0,0,2,4,6,0,0,37,8,45,0,0,39,12,51,216,57,273,324
03/08/2011,JRF,HI,AWP,WE,Federal Contract Tower,0,0,2,12,14,0,0,55,21,76,0,0,57,33,90,335,258,593,683
03/09/2011,JRF,HI,AWP,WE,Federal Contract Tower,0,0,1,7,8,0,0,56,47,103,0,0,57,54,111,283,233,516,627
03/10/2011,JRF,HI,AWP,WE,Federal Contract Tower,0,0,9,9,18,0,0,39,33,72,0,0,48,42,90,194,71,265,355
03/11/2011,JRF,HI,AWP,WE,Federal Contract Tower,0,0,0,0,0,0,0,21,0,21,0,0,21,0,21,84,0,84,105
03/12/2011,JRF,HI,AWP,WE,Federal Contract Tower,0,0,0,0,0,0,0,45,3,48,0,0,45,3,48,186,8,194,242
03/13/2011,JRF,HI,AWP,WE,Federal Contract Tower,0,0,0,1,1,0,0,40,3,43,0,0,40,4,44,276,4,280,324
03/14/2011,JRF,HI,AWP,WE,Federal Contract Tower,0,0,1,1,2,0,0,45,8,53,0,0,46,9,55,253,123,376,431
03/15/2011,JRF,HI,AWP,WE,Federal Contract Tower,0,0,2,7,9,0,0,43,24,67,0,0,45,31,76,202,99,301,377
03/16/2011,JRF,HI,AWP,WE,Federal Contract Tower,0,0,3,5,8,0,0,34,27,61,0,0,37,32,69,195,39,234,303
03/17/2011,JRF,HI,AWP,WE,Federal Contract Tower,0,0,0,1,1,0,0,36,17,53,0,0,36,18,54,191,89,280,334
03/18/2011,JRF,HI,AWP,WE,Federal Contract Tower,0,0,1,2,3,0,0,61,1,62,0,0,62,3,65,184,12,196,261
03/19/2011,JRF,HI,AWP,WE,Federal Contract Tower,0,0,1,3,4,0,0,47,2,49,0,0,48,5,53,226,13,239,292
03/20/2011,JRF,HI,AWP,WE,Federal Contract Tower,0,0,1,5,6,0,0,24,6,30,0,0,25,11,36,114,68,182,218
03/21/2011,JRF,HI,AWP,WE,Federal Contract Tower,0,0,6,7,13,0,0,39,21,60,0,0,45,28,73,129,94,223,296
03/22/2011,JRF,HI,AWP,WE,Federal Contract Tower,0,0,0,11,11,0,0,24,28,52,0,0,24,39,63,135,180,315,378
03/23/2011,JRF,HI,AWP,WE,Federal Contract Tower,0,0,0,8,8,0,0,31,21,52,0,0,31,29,60,176,182,358,418
03/24/2011,JRF,HI,AWP,WE,Federal Contract Tower,0,0,0,7,7,0,0,35,25,60,0,0,35,32,67,152,181,333,400
03/25/2011,JRF,HI,AWP,WE,Federal Contract Tower,0,0,2,7,9,0,0,56,8,64,0,0,58,15,73,241,76,317,390
03/26/2011,JRF,HI,AWP,WE,Federal Contract Tower,0,0,2,5,7,0,0,46,6,52,0,0,48,11,59,191,16,207,266
03/27/2011,JRF,HI,AWP,WE,Federal Contract Tower,0,0,0,1,1,0,0,33,4,37,0,0,33,5,38,212,0,212,250
03/28/2011,JRF,HI,AWP,WE,Federal Contract Tower,0,0,1,7,8,0,0,53,9,62,0,0,54,16,70,269,19,288,358
03/29/2011,JRF,HI,AWP,WE,Federal Contract Tower,0,0,0,9,9,0,0,40,19,59,0,0,40,28,68,242,71,313,381
03/30/2011,JRF,HI,AWP,WE,Federal Contract Tower,0,0,0,10,10,0,0,30,14,44,0,0,30,24,54,284,52,336,390
03/31/2011,JRF,HI,AWP,WE,Federal Contract Tower,0,0,0,11,11,0,0,44,23,67,0,0,44,34,78,221,60,281,359
04/01/2011,JRF,HI,AWP,WE,Federal Contract Tower,0,0,1,3,4,0,0,45,2,47,0,0,46,5,51,232,9,241,292
04/02/2011,JRF,HI,AWP,WE,Federal Contract Tower,0,0,1,3,4,0,0,54,4,58,0,0,55,7,62,185,1,186,248
04/03/2011,JRF,HI,AWP,WE,Federal Contract Tower,0,0,0,4,4,0,0,37,4,41,0,0,37,8,45,206,46,252,297
04/04/2011,JRF,HI,AWP,WE,Federal Contract Tower,0,0,3,11,14,0,0,49,15,64,0,0,52,26,78,253,22,275,353
04/05/2011,JRF,HI,AWP,WE,Federal Contract Tower,0,0,2,18,20,0,0,42,15,57,0,0,44,33,77,248,104,352,429
04/06/2011,JRF,HI,AWP,WE,Federal Contract Tower,0,0,0,8,8,0,0,33,7,40,0,0,33,15,48,136,65,201,249
04/07/2011,JRF,HI,AWP,WE,Federal Contract Tower,0,0,2,11,13,0,0,37,19,56,0,0,39,30,69,197,70,267,336
04/08/2011,JRF,HI,AWP,WE,Federal Contract Tower,0,0,2,3,5,0,0,30,7,37,0,0,32,10,42,139,16,155,197
04/09/2011,JRF,HI,AWP,WE,Federal Contract Tower,0,0,1,2,3,0,0,49,2,51,0,0,50,4,54,310,25,335,389
04/10/2011,JRF,HI,AWP,WE,Federal Contract Tower,0,0,4,2,6,0,0,40,3,43,0,0,44,5,49,195,0,195,244
04/11/2011,JRF,HI,AWP,WE,Federal Contract Tower,0,0,0,3,3,0,0,54,11,65,0,0,54,14,68,254,64,318,386
04/12/2011,JRF,HI,AWP,WE,Federal Contract Tower,0,0,11,8,19,0,0,59,22,81,0,0,70,30,100,272,90,362,462
04/13/2011,JRF,HI,AWP,WE,Federal Contract Tower,0,0,2,9,11,0,0,40,12,52,0,0,42,21,63,315,70,385,448
04/14/2011,JRF,HI,AWP,WE,Federal Contract Tower,0,0,2,10,12,0,0,34,27,61,0,0,36,37,73,296,128,424,497
04/15/2011,JRF,HI,AWP,WE,Federal Contract Tower,0,0,5,2,7,0,0,47,7,54,0,0,52,9,61,174,10,184,245
04/16/2011,JRF,HI,AWP,WE,Federal Contract Tower,0,0,1,1,2,0,0,54,4,58,0,0,55,5,60,266,7,273,333
04/17/2011,JRF,HI,AWP,WE,Federal Contract Tower,0,0,3,1,4,0,0,38,1,39,0,0,41,2,43,252,1,253,296
04/18/2011,JRF,HI,AWP,WE,Federal Contract Tower,0,0,2,8,10,0,0,64,19,83,0,0,66,27,93,189,120,309,402
04/19/2011,JRF,HI,AWP,WE,Federal Contract Tower,0,0,2,6,8,0,0,43,10,53,0,0,45,16,61,247,90,337,398
04/20/2011,JRF,HI,AWP,WE,Federal Contract Tower,0,0,3,7,10,0,0,50,5,55,0,0,53,12,65,381,115,496,561
04/21/2011,JRF,HI,AWP,WE,Federal Contract Tower,0,0,0,2,2,0,0,59,13,72,0,0,59,15,74,274,66,340,414
04/22/2011,JRF,HI,AWP,WE,Federal Contract Tower,0,0,0,1,1,0,0,70,3,73,0,0,70,4,74,212,0,212,286
04/23/2011,JRF,HI,AWP,WE,Federal Contract Tower,0,0,0,1,1,0,0,37,2,39,0,0,37,3,40,142,2,144,184
04/24/2011,JRF,HI,AWP,WE,Federal Contract Tower,0,0,1,2,3,0,0,29,2,31,0,0,30,4,34,225,3,228,262
04/25/2011,JRF,HI,AWP,WE,Federal Contract Tower,0,0,2,5,7,0,0,37,7,44,0,0,39,12,51,194,108,302,353
04/26/2011,JRF,HI,AWP,WE,Federal Contract Tower,0,0,3,7,10,0,0,31,8,39,0,0,34,15,49,248,82,330,379
04/27/2011,JRF,HI,AWP,WE,Federal Contract Tower,0,0,0,4,4,0,0,27,1,28,0,0,27,5,32,335,5,340,372
04/28/2011,JRF,HI,AWP,WE,Federal Contract Tower,0,0,4,5,9,0,0,45,18,63,0,0,49,23,72,236,106,342,414
04/29/2011,JRF,HI,AWP,WE,Federal Contract Tower,0,0,4,3,7,0,0,41,0,41,0,0,45,3,48,141,2,143,191
04/30/2011,JRF,HI,AWP,WE,Federal Contract Tower,0,0,5,0,5,0,0,62,6,68,0,0,67,6,73,256,13,269,342
05/01/2011,JRF,HI,AWP,WE,Federal Contract Tower,0,0,2,2,4,0,0,19,2,21,0,0,21,4,25,252,20,272,297
05/02/2011,JRF,HI,AWP,WE,Federal Contract Tower,0,0,0,5,5,0,0,38,3,41,0,0,38,8,46,115,30,145,191
05/03/2011,JRF,HI,AWP,WE,Federal Contract Tower,0,0,1,8,9,0,0,33,12,45,0,0,34,20,54,196,107,303,357
05/04/2011,JRF,HI,AWP,WE,Federal Contract Tower,0,0,3,9,12,0,0,44,3,47,0,0,47,12,59,204,103,307,366
05/05/2011,JRF,HI,AWP,WE,Federal Contract Tower,0,0,3,2,5,0,0,31,15,46,0,0,34,17,51,129,115,244,295
05/06/2011,JRF,HI,AWP,WE,Federal Contract Tower,0,0,0,6,6,0,0,28,8,36,0,0,28,14,42,178,141,319,361
05/07/2011,JRF,HI,AWP,WE,Federal Contract Tower,0,0,0,0,0,0,0,53,6,59,0,0,53,6,59,178,103,281,340
05/08/2011,JRF,HI,AWP,WE,Federal Contract Tower,0,0,3,3,6,0,0,14,4,18,0,0,17,7,24,79,0,79,103
05/09/2011,JRF,HI,AWP,WE,Federal Contract Tower,0,0,1,7,8,0,0,47,12,59,0,0,48,19,67,186,96,282,349
05/10/2011,JRF,HI,AWP,WE,Federal Contract Tower,0,0,2,2,4,0,0,58,15,73,0,0,60,17,77,208,72,280,357
05/11/2011,JRF,HI,AWP,WE,Federal Contract Tower,0,0,1,7,8,0,0,38,10,48,0,0,39,17,56,229,125,354,410
05/12/2011,JRF,HI,AWP,WE,Federal Contract Tower,0,0,1,7,8,0,0,44,2,46,0,0,45,9,54,227,80,307,361
05/13/2011,JRF,HI,AWP,WE,Federal Contract Tower,0,0,0,4,4,0,0,52,16,68,0,0,52,20,72,263,56,319,391
05/14/2011,JRF,HI,AWP,WE,Federal Contract Tower,0,0,1,6,7,0,0,67,3,70,0,0,68,9,77,262,1,263,340
05/15/2011,JRF,HI,AWP,WE,Federal Contract Tower,0,0,0,0,0,0,0,76,4,80,0,0,76,4,80,189,7,196,276
05/16/2011,JRF,HI,AWP,WE,Federal Contract Tower,0,0,0,11,11,0,0,48,7,55,0,0,48,18,66,203,9,212,278
05/17/2011,JRF,HI,AWP,WE,Federal Contract Tower,0,0,3,14,17,0,0,22,10,32,0,0,25,24,49,276,119,395,444
05/18/2011,JRF,HI,AWP,WE,Federal Contract Tower,0,0,2,11,13,0,0,28,21,49,0,0,30,32,62,270,103,373,435
05/19/2011,JRF,HI,AWP,WE,Federal Contract Tower,0,0,3,4,7,0,0,66,14,80,0,0,69,18,87,360,115,475,562
05/20/2011,JRF,HI,AWP,WE,Federal Contract Tower,0,0,4,5,9,0,0,48,10,58,0,0,52,15,67,286,21,307,374
05/21/2011,JRF,HI,AWP,WE,Federal Contract Tower,0,0,0,5,5,0,0,41,4,45,0,0,41,9,50,188,103,291,341
05/22/2011,JRF,HI,AWP,WE,Federal Contract Tower,0,0,2,1,3,0,0,20,6,26,0,0,22,7,29,171,109,280,309
05/23/2011,JRF,HI,AWP,WE,Federal Contract Tower,0,0,3,4,7,0,0,44,14,58,0,0,47,18,65,294,47,341,406
05/24/2011,JRF,HI,AWP,WE,Federal Contract Tower,0,0,3,9,12,0,0,56,24,80,0,0,59,33,92,260,76,336,428
05/25/2011,JRF,HI,AWP,WE,Federal Contract Tower,0,0,0,8,8,0,0,44,26,70,0,0,44,34,78,203,42,245,323
05/26/2011,JRF,HI,AWP,WE,Federal Contract Tower,0,0,6,11,17,0,0,27,9,36,0,0,33,20,53,265,100,365,418
05/27/2011,JRF,HI,AWP,WE,Federal Contract Tower,0,0,0,0,0,0,0,50,2,52,0,0,50,2,52,175,12,187,239
05/28/2011,JRF,HI,AWP,WE,Federal Contract Tower,0,0,1,4,5,0,0,59,5,64,0,0,60,9,69,168,28,196,265
05/29/2011,JRF,HI,AWP,WE,Federal Contract Tower,0,0,1,1,2,0,0,42,0,42,0,0,43,1,44,241,1,242,286
05/30/2011,JRF,HI,AWP,WE,Federal Contract Tower,0,0,1,1,2,0,0,23,0,23,0,0,24,1,25,222,9,231,256
05/31/2011,JRF,HI,AWP,WE,Federal Contract Tower,0,0,1,4,5,0,0,42,19,61,0,0,43,23,66,186,62,248,314
06/01/2011,JRF,HI,AWP,WE,Federal Contract Tower,0,0,0,4,4,1,1,57,46,105,1,1,57,50,109,257,127,384,493
06/02/2011,JRF,HI,AWP,WE,Federal Contract Tower,0,0,2,2,4,0,0,40,30,70,0,0,42,32,74,218,80,298,372
06/03/2011,JRF,HI,AWP,WE,Federal Contract Tower,0,0,0,3,3,1,0,10,0,11,1,0,10,3,14,44,8,52,66
06/04/2011,JRF,HI,AWP,WE,Federal Contract Tower,0,0,0,1,1,0,0,31,3,34,0,0,31,4,35,225,22,247,282
06/05/2011,JRF,HI,AWP,WE,Federal Contract Tower,0,0,0,1,1,0,0,40,0,40,0,0,40,1,41,224,9,233,274
06/06/2011,JRF,HI,AWP,WE,Federal Contract Tower,0,0,3,8,11,0,0,38,21,59,0,0,41,29,70,236,32,268,338
06/07/2011,JRF,HI,AWP,WE,Federal Contract Tower,0,0,2,8,10,0,0,53,20,73,0,0,55,28,83,192,87,279,362
06/08/2011,JRF,HI,AWP,WE,Federal Contract Tower,0,0,1,2,3,0,0,69,16,85,0,0,70,18,88,361,123,484,572
06/09/2011,JRF,HI,AWP,WE,Federal Contract Tower,0,0,7,3,10,0,0,42,4,46,0,0,49,7,56,203,104,307,363
06/10/2011,JRF,HI,AWP,WE,Federal Contract Tower,0,0,0,5,5,0,0,42,1,43,0,0,42,6,48,186,32,218,266
06/11/2011,JRF,HI,AWP,WE,Federal Contract Tower,0,0,5,1,6,0,0,52,4,56,0,0,57,5,62,229,5,234,296
06/12/2011,JRF,HI,AWP,WE,Federal Contract Tower,0,0,5,1,6,0,0,32,1,33,0,0,37,2,39,256,8,264,303
06/13/2011,JRF,HI,AWP,WE,Federal Contract Tower,0,0,6,3,9,0,0,53,29,82,0,0,59,32,91,174,65,239,330
06/14/2011,JRF,HI,AWP,WE,Federal Contract Tower,0,0,4,3,7,0,0,49,25,74,0,0,53,28,81,218,122,340,421
06/15/2011,JRF,HI,AWP,WE,Federal Contract Tower,0,0,0,10,10,0,0,33,24,57,0,0,33,34,67,159,124,283,350
06/16/2011,JRF,HI,AWP,WE,Federal Contract Tower,0,0,4,11,15,0,0,37,34,71,0,0,41,45,86,196,148,344,430
06/17/2011,JRF,HI,AWP,WE,Federal Contract Tower,0,0,2,5,7,0,0,42,5,47,0,0,44,10,54,303,166,469,523
06/18/2011,JRF,HI,AWP,WE,Federal Contract Tower,0,0,3,1,4,0,0,49,2,51,0,0,52,3,55,229,22,251,306
06/19/2011,JRF,HI,AWP,WE,Federal Contract Tower,0,0,4,0,4,0,0,45,6,51,0,0,49,6,55,186,20,206,261
06/20/2011,JRF,HI,AWP,WE,Federal Contract Tower,0,0,0,7,7,0,0,39,15,54,0,0,39,22,61,276,87,363,424
06/21/2011,JRF,HI,AWP,WE,Federal Contract Tower,0,0,7,5,12,0,0,52,45,97,0,0,59,50,109,185,65,250,359
06/22/2011,JRF,HI,AWP,WE,Federal Contract Tower,0,0,4,5,9,0,0,38,13,51,0,0,42,18,60,245,35,280,340
06/23/2011,JRF,HI,AWP,WE,Federal Contract Tower,0,0,1,3,4,0,0,58,21,79,0,0,59,24,83,264,81,345,428
06/24/2011,JRF,HI,AWP,WE,Federal Contract Tower,0,0,0,5,5,0,0,56,9,65,0,0,56,14,70,444,100,544,614
06/25/2011,JRF,HI,AWP,WE,Federal Contract Tower,0,0,2,2,4,0,0,39,6,45,0,0,41,8,49,246,24,270,319
06/26/2011,JRF,HI,AWP,WE,Federal Contract Tower,0,0,2,0,2,0,0,22,2,24,0,0,24,2,26,145,18,163,189
06/27/2011,JRF,HI,AWP,WE,Federal Contract Tower,0,0,2,2,4,0,0,22,26,48,0,0,24,28,52,228,53,281,333
06/28/2011,JRF,HI,AWP,WE,Federal Contract Tower,0,0,0,10,10,0,0,34,16,50,0,0,34,26,60,207,62,269,329
06/29/2011,JRF,HI,AWP,WE,Federal Contract Tower,0,0,2,8,10,0,0,45,9,54,0,0,47,17,64,220,171,391,455
06/30/2011,JRF,HI,AWP,WE,Federal Contract Tower,0,0,4,2,6,0,0,48,20,68,0,0,52,22,74,240,92,332,406
07/01/2011,JRF,HI,AWP,WE,Federal Contract Tower,0,0,0,0,0,0,0,62,2,64,0,0,62,2,64,290,8,298,362
07/02/2011,JRF,HI,AWP,WE,Federal Contract Tower,0,0,2,1,3,0,0,56,4,60,0,0,58,5,63,229,11,240,303
07/03/2011,JRF,HI,AWP,WE,Federal Contract Tower,0,0,2,1,3,0,0,34,2,36,0,0,36,3,39,180,11,191,230
07/04/2011,JRF,HI,AWP,WE,Federal Contract Tower,0,0,0,0,0,0,1,40,0,41,0,1,40,0,41,128,0,128,169
07/05/2011,JRF,HI,AWP,WE,Federal Contract Tower,0,0,1,6,7,0,0,43,13,56,0,0,44,19,63,132,74,206,269
07/06/2011,JRF,HI,AWP,WE,Federal Contract Tower,0,0,3,7,10,0,0,52,16,68,0,0,55,23,78,219,92,311,389
07/07/2011,JRF,HI,AWP,WE,Federal Contract Tower,0,0,2,5,7,0,0,41,8,49,0,0,43,13,56,190,59,249,305
07/08/2011,JRF,HI,AWP,WE,Federal Contract Tower,0,0,0,6,6,0,1,50,8,59,0,1,50,14,65,200,64,264,329
07/09/2011,JRF,HI,AWP,WE,Federal Contract Tower,0,0,1,3,4,0,0,37,12,49,0,0,38,15,53,258,7,265,318
07/10/2011,JRF,HI,AWP,WE,Federal Contract Tower,0,0,5,1,6,0,0,30,1,31,0,0,35,2,37,246,54,300,337
07/11/2011,JRF,HI,AWP,WE,Federal Contract Tower,0,0,3,7,10,0,0,56,35,91,0,0,59,42,101,138,78,216,317
07/12/2011,JRF,HI,AWP,WE,Federal Contract Tower,0,0,1,9,10,0,0,48,19,67,0,0,49,28,77,207,70,277,354
07/13/2011,JRF,HI,AWP,WE,Federal Contract Tower,0,0,2,7,9,0,0,51,22,73,0,0,53,29,82,139,124,263,345
07/14/2011,JRF,HI,AWP,WE,Federal Contract Tower,0,0,3,9,12,0,0,39,49,88,0,0,42,58,100,214,83,297,397
07/15/2011,JRF,HI,AWP,WE,Federal Contract Tower,0,0,0,3,3,0,0,43,11,54,0,0,43,14,57,241,75,316,373
07/16/2011,JRF,HI,AWP,WE,Federal Contract Tower,0,0,0,3,3,0,0,60,4,64,0,0,60,7,67,286,21,307,374
07/17/2011,JRF,HI,AWP,WE,Federal Contract Tower,0,0,0,1,1,0,0,28,0,28,0,0,28,1,29,170,7,177,206
07/18/2011,JRF,HI,AWP,WE,Federal Contract Tower,0,0,3,10,13,0,0,44,13,57,0,0,47,23,70,160,95,255,325
07/19/2011,JRF,HI,AWP,WE,Federal Contract Tower,0,0,2,5,7,0,0,29,16,45,0,0,31,21,52,215,69,284,336
07/20/2011,JRF,HI,AWP,WE,Federal Contract Tower,0,0,0,6,6,0,0,42,20,62,0,0,42,26,68,288,89,377,445
07/21/2011,JRF,HI,AWP,WE,Federal Contract Tower,0,0,1,7,8,0,0,40,19,59,0,0,41,26,67,217,177,394,461
07/22/2011,JRF,HI,AWP,WE,Federal Contract Tower,0,0,1,2,3,0,0,48,7,55,0,0,49,9,58,235,16,251,309
07/23/2011,JRF,HI,AWP,WE,Federal Contract Tower,0,0,1,3,4,0,0,43,2,45,0,0,44,5,49,248,4,252,301
07/24/2011,JRF,HI,AWP,WE,Federal Contract Tower,0,0,0,3,3,0,0,22,1,23,0,0,22,4,26,259,0,259,285
07/25/2011,JRF,HI,AWP,WE,Federal Contract Tower,0,0,2,3,5,0,0,64,11,75,0,0,66,14,80,208,72,280,360
07/26/2011,JRF,HI,AWP,WE,Federal Contract Tower,0,0,4,9,13,0,0,38,17,55,0,0,42,26,68,166,85,251,319
07/27/2011,JRF,HI,AWP,WE,Federal Contract Tower,0,0,5,6,11,0,0,33,16,49,0,0,38,22,60,266,104,370,430
07/28/2011,JRF,HI,AWP,WE,Federal Contract Tower,0,0,2,4,6,0,0,34,14,48,0,0,36,18,54,286,102,388,442
07/29/2011,JRF,HI,AWP,WE,Federal Contract Tower,0,0,2,4,6,0,1,46,6,53,0,1,48,10,59,220,16,236,295
07/30/2011,JRF,HI,AWP,WE,Federal Contract Tower,0,0,2,1,3,0,0,32,4,36,0,0,34,5,39,239,0,239,278
07/31/2011,JRF,HI,AWP,WE,Federal Contract Tower,0,0,0,2,2,0,0,19,0,19,0,0,19,2,21,143,28,171,192
08/01/2011,JRF,HI,AWP,WE,Federal Contract Tower,0,0,0,6,6,0,0,14,8,22,0,0,14,14,28,170,100,270,298
08/02/2011,JRF,HI,AWP,WE,Federal Contract Tower,0,0,2,8,10,0,0,26,10,36,0,0,28,18,46,163,69,232,278
08/03/2011,JRF,HI,AWP,WE,Federal Contract Tower,0,0,3,2,5,0,0,29,18,47,0,0,32,20,52,186,68,254,306
08/04/2011,JRF,HI,AWP,WE,Federal Contract Tower,0,0,2,3,5,0,0,22,16,38,0,0,24,19,43,230,87,317,360
08/05/2011,JRF,HI,AWP,WE,Federal Contract Tower,0,0,3,6,9,0,0,28,11,39,0,0,31,17,48,221,136,357,405
08/06/2011,JRF,HI,AWP,WE,Federal Contract Tower,0,0,2,5,7,0,0,26,2,28,0,0,28,7,35,230,3,233,268
08/07/2011,JRF,HI,AWP,WE,Federal Contract Tower,0,0,6,3,9,0,0,18,3,21,0,0,24,6,30,143,2,145,175
08/08/2011,JRF,HI,AWP,WE,Federal Contract Tower,0,0,7,4,11,0,0,35,10,45,0,0,42,14,56,202,64,266,322
08/09/2011,JRF,HI,AWP,WE,Federal Contract Tower,0,0,0,5,5,0,0,14,23,37,0,0,14,28,42,267,14,281,323
08/10/2011,JRF,HI,AWP,WE,Federal Contract Tower,0,0,4,5,9,0,0,20,13,33,0,0,24,18,42,240,43,283,325
08/11/2011,JRF,HI,AWP,WE,Federal Contract Tower,0,0,2,9,11,0,0,23,14,37,0,0,25,23,48,285,77,362,410
08/12/2011,JRF,HI,AWP,WE,Federal Contract Tower,0,0,0,4,4,0,0,74,18,92,0,0,74,22,96,198,33,231,327
08/13/2011,JRF,HI,AWP,WE,Federal Contract Tower,0,0,1,0,1,0,0,38,4,42,0,0,39,4,43,113,18,131,174
08/14/2011,JRF,HI,AWP,WE,Federal Contract Tower,0,0,0,3,3,0,0,17,2,19,0,0,17,5,22,145,7,152,174
08/15/2011,JRF,HI,AWP,WE,Federal Contract Tower,0,0,0,2,2,0,0,36,14,50,0,0,36,16,52,183,100,283,335
08/16/2011,JRF,HI,AWP,WE,Federal Contract Tower,0,0,3,7,10,0,0,29,13,42,0,0,32,20,52,195,88,283,335
08/17/2011,JRF,HI,AWP,WE,Federal Contract Tower,0,0,6,5,11,0,0,24,10,34,0,0,30,15,45,172,85,257,302
08/18/2011,JRF,HI,AWP,WE,Federal Contract Tower,0,0,7,4,11,0,0,30,16,46,0,0,37,20,57,260,27,287,344
08/19/2011,JRF,HI,AWP,WE,Federal Contract Tower,0,0,1,2,3,0,0,25,9,34,0,0,26,11,37,260,69,329,366
08/20/2011,JRF,HI,AWP,WE,Federal Contract Tower,0,0,4,1,5,0,0,34,12,46,0,0,38,13,51,201,2,203,254
08/21/2011,JRF,HI,AWP,WE,Federal Contract Tower,0,0,3,2,5,0,0,16,4,20,0,0,19,6,25,173,25,198,223
08/22/2011,JRF,HI,AWP,WE,Federal Contract Tower,0,0,0,4,4,0,0,34,22,56,0,0,34,26,60,102,99,201,261
08/23/2011,JRF,HI,AWP,WE,Federal Contract Tower,0,0,3,8,11,0,0,28,19,47,0,0,31,27,58,161,72,233,291
08/24/2011,JRF,HI,AWP,WE,Federal Contract Tower,0,0,3,2,5,0,0,12,10,22,0,0,15,12,27,150,128,278,305
08/25/2011,JRF,HI,AWP,WE,Federal Contract Tower,0,0,1,9,10,0,0,42,31,73,0,0,43,40,83,153,35,188,271
08/26/2011,JRF,HI,AWP,WE,Federal Contract Tower,0,0,4,3,7,0,0,43,6,49,0,0,47,9,56,302,35,337,393
08/27/2011,JRF,HI,AWP,WE,Federal Contract Tower,0,0,2,1,3,0,0,53,5,58,0,0,55,6,61,260,21,281,342
08/28/2011,JRF,HI,AWP,WE,Federal Contract Tower,0,0,3,1,4,0,0,37,9,46,0,0,40,10,50,149,8,157,207
08/29/2011,JRF,HI,AWP,WE,Federal Contract Tower,0,0,1,4,5,0,0,36,26,62,0,0,37,30,67,204,52,256,323
08/30/2011,JRF,HI,AWP,WE,Federal Contract Tower,0,0,4,9,13,0,0,40,20,60,0,0,44,29,73,206,56,262,335
08/31/2011,JRF,HI,AWP,WE,Federal Contract Tower,0,0,11,6,17,0,0,51,8,59,0,0,62,14,76,261,64,325,401
09/01/2011,JRF,HI,AWP,WE,Federal Contract Tower,0,0,4,4,8,0,0,24,8,32,0,0,28,12,40,173,97,270,310
09/02/2011,JRF,HI,AWP,WE,Federal Contract Tower,0,0,4,4,8,0,0,45,1,46,0,0,49,5,54,436,16,452,506
09/03/2011,JRF,HI,AWP,WE,Federal Contract Tower,0,0,5,3,8,0,0,48,3,51,0,0,53,6,59,121,19,140,199
09/04/2011,JRF,HI,AWP,WE,Federal Contract Tower,0,0,4,3,7,0,0,30,0,30,0,0,34,3,37,129,7,136,173
09/05/2011,JRF,HI,AWP,WE,Federal Contract Tower,0,0,13,1,14,0,0,37,1,38,0,0,50,2,52,271,1,272,324
09/06/2011,JRF,HI,AWP,WE,Federal Contract Tower,0,0,1,7,8,0,0,45,12,57,0,0,46,19,65,169,73,242,307
09/07/2011,JRF,HI,AWP,WE,Federal Contract Tower,0,0,3,4,7,0,0,42,26,68,0,0,45,30,75,200,61,261,336
09/08/2011,JRF,HI,AWP,WE,Federal Contract Tower,0,0,3,8,11,0,0,34,10,44,0,0,37,18,55,209,117,326,381
09/09/2011,JRF,HI,AWP,WE,Federal Contract Tower,0,0,6,2,8,0,0,76,18,94,0,0,82,20,102,282,55,337,439
09/10/2011,JRF,HI,AWP,WE,Federal Contract Tower,0,0,1,5,6,0,0,43,6,49,0,0,44,11,55,208,39,247,302
09/11/2011,JRF,HI,AWP,WE,Federal Contract Tower,0,0,5,7,12,0,0,50,6,56,0,0,55,13,68,215,11,226,294
09/12/2011,JRF,HI,AWP,WE,Federal Contract Tower,0,0,3,4,7,0,0,41,13,54,0,0,44,17,61,145,52,197,258
09/13/2011,JRF,HI,AWP,WE,Federal Contract Tower,0,0,2,7,9,0,0,39,16,55,0,0,41,23,64,236,85,321,385
09/14/2011,JRF,HI,AWP,WE,Federal Contract Tower,0,0,7,8,15,0,0,42,22,64,0,0,49,30,79,234,91,325,404
09/15/2011,JRF,HI,AWP,WE,Federal Contract Tower,0,0,0,0,0,0,0,42,29,71,0,0,42,29,71,233,83,316,387
09/16/2011,JRF,HI,AWP,WE,Federal Contract Tower,0,0,8,5,13,0,0,53,13,66,0,0,61,18,79,363,52,415,494
09/17/2011,JRF,HI,AWP,WE,Federal Contract Tower,0,0,1,2,3,0,0,49,7,56,0,0,50,9,59,221,6,227,286
09/18/2011,JRF,HI,AWP,WE,Federal Contract Tower,0,0,5,0,5,0,0,46,3,49,0,0,51,3,54,223,41,264,318
09/19/2011,JRF,HI,AWP,WE,Federal Contract Tower,0,0,3,5,8,1,0,40,14,55,1,0,43,19,63,265,56,321,384
09/20/2011,JRF,HI,AWP,WE,Federal Contract Tower,0,0,5,5,10,0,0,20,13,33,0,0,25,18,43,167,52,219,262
09/21/2011,JRF,HI,AWP,WE,Federal Contract Tower,0,0,4,3,7,0,0,28,5,33,0,0,32,8,40,213,100,313,353
09/22/2011,JRF,HI,AWP,WE,Federal Contract Tower,0,0,3,3,6,0,0,34,8,42,0,0,37,11,48,310,44,354,402
09/23/2011,JRF,HI,AWP,WE,Federal Contract Tower,0,0,0,2,2,0,0,54,10,64,0,0,54,12,66,277,26,303,369
09/24/2011,JRF,HI,AWP,WE,Federal Contract Tower,0,0,3,3,6,0,0,48,7,55,0,0,51,10,61,199,17,216,277
09/25/2011,JRF,HI,AWP,WE,Federal Contract Tower,0,0,0,2,2,0,0,23,27,50,0,0,23,29,52,262,27,289,341
09/26/2011,JRF,HI,AWP,WE,Federal Contract Tower,0,0,0,7,7,0,0,40,18,58,0,0,40,25,65,205,85,290,355
09/27/2011,JRF,HI,AWP,WE,Federal Contract Tower,0,0,0,7,7,0,0,38,7,45,0,0,38,14,52,276,72,348,400
09/28/2011,JRF,HI,AWP,WE,Federal Contract Tower,0,0,0,2,2,0,0,38,12,50,0,0,38,14,52,218,209,427,479
09/29/2011,JRF,HI,AWP,WE,Federal Contract Tower,0,0,1,9,10,0,0,30,15,45,0,0,31,24,55,248,120,368,423
09/30/2011,JRF,HI,AWP,WE,Federal Contract Tower,0,0,3,3,6,0,0,72,6,78,0,0,75,9,84,394,17,411,495
10/01/2011,JRF,HI,AWP,WE,Federal Contract Tower,0,0,2,3,5,0,0,49,2,51,0,0,51,5,56,239,13,252,308
10/02/2011,JRF,HI,AWP,WE,Federal Contract Tower,0,0,4,2,6,0,0,50,3,53,0,0,54,5,59,247,8,255,314
10/03/2011,JRF,HI,AWP,WE,Federal Contract Tower,0,0,3,0,3,0,0,37,17,54,0,0,40,17,57,249,64,313,370
10/04/2011,JRF,HI,AWP,WE,Federal Contract Tower,0,0,0,4,4,0,0,29,24,53,0,0,29,28,57,276,72,348,405
10/05/2011,JRF,HI,AWP,WE,Federal Contract Tower,0,0,0,7,7,0,0,59,38,97,0,0,59,45,104,263,106,369,473
10/06/2011,JRF,HI,AWP,WE,Federal Contract Tower,0,0,3,6,9,0,0,33,5,38,0,0,36,11,47,241,107,348,395
10/07/2011,JRF,HI,AWP,WE,Federal Contract Tower,0,0,0,6,6,0,0,68,11,79,0,0,68,17,85,297,46,343,428
10/08/2011,JRF,HI,AWP,WE,Federal Contract Tower,0,0,2,3,5,0,0,60,0,60,0,0,62,3,65,210,1,211,276
10/09/2011,JRF,HI,AWP,WE,Federal Contract Tower,0,0,7,2,9,0,0,21,3,24,0,0,28,5,33,255,4,259,292
10/10/2011,JRF,HI,AWP,WE,Federal Contract Tower,0,0,1,2,3,0,0,35,5,40,0,0,36,7,43,251,8,259,302
10/11/2011,JRF,HI,AWP,WE,Federal Contract Tower,0,0,1,5,6,0,0,43,25,68,0,0,44,30,74,237,89,326,400
10/12/2011,JRF,HI,AWP,WE,Federal Contract Tower,0,7,7,0,14,0,0,64,25,89,0,7,71,25,103,263,98,361,464
10/13/2011,JRF,HI,AWP,WE,Federal Contract Tower,0,0,1,9,10,0,0,39,16,55,0,0,40,25,65,223,75,298,363
10/14/2011,JRF,HI,AWP,WE,Federal Contract Tower,0,0,1,1,2,0,0,48,21,69,0,0,49,22,71,285,16,301,372
10/15/2011,JRF,HI,AWP,WE,Federal Contract Tower,0,0,3,1,4,0,0,46,3,49,0,0,49,4,53,217,5,222,275
10/16/2011,JRF,HI,AWP,WE,Federal Contract Tower,0,0,12,0,12,0,0,36,28,64,0,0,48,28,76,193,9,202,278
10/17/2011,JRF,HI,AWP,WE,Federal Contract Tower,0,0,5,0,5,0,0,49,22,71,0,0,54,22,76,201,47,248,324
10/18/2011,JRF,HI,AWP,WE,Federal Contract Tower,0,0,6,3,9,0,0,37,10,47,0,0,43,13,56,181,57,238,294
10/19/2011,JRF,HI,AWP,WE,Federal Contract Tower,0,0,4,4,8,0,0,49,9,58,0,0,53,13,66,188,71,259,325
10/20/2011,JRF,HI,AWP,WE,Federal Contract Tower,0,0,5,8,13,0,0,35,8,43,0,0,40,16,56,208,78,286,342
10/21/2011,JRF,HI,AWP,WE,Federal Contract Tower,0,0,7,4,11,0,0,56,18,74,0,0,63,22,85,216,54,270,355
10/22/2011,JRF,HI,AWP,WE,Federal Contract Tower,0,0,1,1,2,0,0,58,3,61,0,0,59,4,63,257,7,264,327
10/23/2011,JRF,HI,AWP,WE,Federal Contract Tower,0,0,1,0,1,0,0,38,10,48,0,0,39,10,49,230,23,253,302
10/24/2011,JRF,HI,AWP,WE,Federal Contract Tower,0,0,1,3,4,0,0,47,26,73,0,0,48,29,77,210,56,266,343
10/25/2011,JRF,HI,AWP,WE,Federal Contract Tower,0,0,7,7,14,0,0,49,25,74,0,0,56,32,88,282,65,347,435
10/26/2011,JRF,HI,AWP,WE,Federal Contract Tower,0,0,0,6,6,0,0,45,11,56,0,0,45,17,62,274,39,313,375
10/27/2011,JRF,HI,AWP,WE,Federal Contract Tower,0,0,4,2,6,0,0,28,13,41,0,0,32,15,47,187,22,209,256
10/28/2011,JRF,HI,AWP,WE,Federal Contract Tower,0,0,0,5,5,0,0,47,10,57,0,0,47,15,62,308,62,370,432
10/29/2011,JRF,HI,AWP,WE,Federal Contract Tower,0,0,1,0,1,0,0,38,4,42,0,0,39,4,43,263,23,286,329
10/30/2011,JRF,HI,AWP,WE,Federal Contract Tower,0,0,0,1,1,0,0,18,2,20,0,0,18,3,21,178,15,193,214
10/31/2011,JRF,HI,AWP,WE,Federal Contract Tower,0,0,2,4,6,0,0,38,4,42,0,0,40,8,48,112,27,139,187
11/01/2011,JRF,HI,AWP,WE,Federal Contract Tower,0,0,5,6,11,0,0,55,11,66,0,0,60,17,77,174,46,220,297
11/02/2011,JRF,HI,AWP,WE,Federal Contract Tower,0,0,1,1,2,0,0,33,37,70,0,0,34,38,72,178,121,299,371
11/03/2011,JRF,HI,AWP,WE,Federal Contract Tower,0,0,5,4,9,0,0,53,19,72,0,0,58,23,81,157,28,185,266
11/04/2011,JRF,HI,AWP,WE,Federal Contract Tower,0,0,8,5,13,0,0,67,12,79,0,0,75,17,92,329,20,349,441
11/05/2011,JRF,HI,AWP,WE,Federal Contract Tower,0,0,0,1,1,0,0,35,5,40,0,0,35,6,41,213,13,226,267
11/06/2011,JRF,HI,AWP,WE,Federal Contract Tower,0,0,3,1,4,0,0,31,5,36,0,0,34,6,40,189,4,193,233
11/07/2011,JRF,HI,AWP,WE,Federal Contract Tower,0,0,3,2,5,0,0,43,9,52,0,0,46,11,57,295,52,347,404
11/08/2011,JRF,HI,AWP,WE,Federal Contract Tower,0,0,3,9,12,0,0,32,18,50,0,0,35,27,62,192,79,271,333
11/09/2011,JRF,HI,AWP,WE,Federal Contract Tower,0,0,5,14,19,0,0,44,13,57,0,0,49,27,76,187,65,252,328
11/10/2011,JRF,HI,AWP,WE,Federal Contract Tower,0,0,6,2,8,0,0,26,16,42,0,0,32,18,50,143,70,213,263
11/11/2011,JRF,HI,AWP,WE,Federal Contract Tower,0,0,6,5,11,0,43,6,0,49,0,43,12,5,60,173,3,176,236
11/12/2011,JRF,HI,AWP,WE,Federal Contract Tower,0,0,0,4,4,0,0,0,3,3,0,0,0,7,7,0,2,2,9
11/13/2011,JRF,HI,AWP,WE,Federal Contract Tower,0,0,0,3,3,0,0,2,5,7,0,0,2,8,10,0,3,3,13
11/14/2011,JRF,HI,AWP,WE,Federal Contract Tower,0,0,2,1,3,0,0,0,3,3,0,0,2,4,6,2,0,2,8
11/15/2011,JRF,HI,AWP,WE,Federal Contract Tower,0,0,1,7,8,0,0,23,6,29,0,0,24,13,37,277,52,329,366
11/16/2011,JRF,HI,AWP,WE,Federal Contract Tower,0,0,2,1,3,0,0,37,9,46,0,0,39,10,49,341,53,394,443
11/17/2011,JRF,HI,AWP,WE,Federal Contract Tower,0,0,4,6,10,0,0,39,6,45,0,0,43,12,55,323,93,416,471
11/18/2011,JRF,HI,AWP,WE,Federal Contract Tower,0,0,2,0,2,0,0,68,9,77,0,0,70,9,79,347,31,378,457
11/19/2011,JRF,HI,AWP,WE,Federal Contract Tower,0,0,0,0,0,0,0,33,2,35,0,0,33,2,35,254,2,256,291
11/20/2011,JRF,HI,AWP,WE,Federal Contract Tower,0,0,1,1,2,0,0,37,3,40,0,0,38,4,42,129,2,131,173
11/21/2011,JRF,HI,AWP,WE,Federal Contract Tower,0,0,3,2,5,0,0,56,19,75,0,0,59,21,80,336,70,406,486
11/22/2011,JRF,HI,AWP,WE,Federal Contract Tower,0,0,1,13,14,0,0,39,23,62,0,0,40,36,76,244,64,308,384
11/23/2011,JRF,HI,AWP,WE,Federal Contract Tower,0,0,3,9,12,0,0,37,6,43,0,0,40,15,55,306,21,327,382
11/24/2011,JRF,HI,AWP,WE,Federal Contract Tower,0,0,3,1,4,0,0,1,0,1,0,0,4,1,5,31,4,35,40
11/25/2011,JRF,HI,AWP,WE,Federal Contract Tower,0,0,6,0,6,0,0,53,9,62,0,0,59,9,68,161,16,177,245
11/26/2011,JRF,HI,AWP,WE,Federal Contract Tower,0,0,3,1,4,0,0,39,2,41,0,0,42,3,45,153,31,184,229
11/27/2011,JRF,HI,AWP,WE,Federal Contract Tower,0,0,2,0,2,0,0,19,2,21,0,0,21,2,23,109,5,114,137
11/28/2011,JRF,HI,AWP,WE,Federal Contract Tower,0,0,10,10,20,0,0,85,24,109,0,0,95,34,129,259,45,304,433
11/29/2011,JRF,HI,AWP,WE,Federal Contract Tower,0,0,6,2,8,0,0,65,8,73,0,0,71,10,81,305,116,421,502
11/30/2011,JRF,HI,AWP,WE,Federal Contract Tower,0,0,2,14,16,0,0,39,14,53,0,0,41,28,69,286,85,371,440
12/01/2011,JRF,HI,AWP,WE,Federal Contract Tower,0,0,3,12,15,0,0,69,28,97,0,0,72,40,112,225,89,314,426
12/02/2011,JRF,HI,AWP,WE,Federal Contract Tower,0,0,2,4,6,0,0,68,12,80,0,0,70,16,86,240,62,302,388
12/03/2011,JRF,HI,AWP,WE,Federal Contract Tower,0,0,3,4,7,0,1,39,4,44,0,1,42,8,51,254,14,268,319
12/04/2011,JRF,HI,AWP,WE,Federal Contract Tower,0,0,3,2,5,0,0,41,1,42,0,0,44,3,47,245,41,286,333
12/05/2011,JRF,HI,AWP,WE,Federal Contract Tower,0,0,6,4,10,0,0,40,21,61,0,0,46,25,71,307,84,391,462
12/06/2011,JRF,HI,AWP,WE,Federal Contract Tower,0,0,3,7,10,0,0,31,27,58,0,0,34,34,68,217,233,450,518
12/07/2011,JRF,HI,AWP,WE,Federal Contract Tower,0,0,2,8,10,0,0,33,91,124,0,0,35,99,134,220,114,334,468
12/08/2011,JRF,HI,AWP,WE,Federal Contract Tower,0,0,1,7,8,0,0,67,18,85,0,0,68,25,93,337,102,439,532
12/09/2011,JRF,HI,AWP,WE,Federal Contract Tower,0,0,2,1,3,0,0,43,9,52,0,0,45,10,55,152,9,161,216
12/10/2011,JRF,HI,AWP,WE,Federal Contract Tower,0,0,0,1,1,0,0,16,2,18,0,0,16,3,19,233,4,237,256
12/11/2011,JRF,HI,AWP,WE,Federal Contract Tower,0,0,0,2,2,0,0,14,4,18,0,0,14,6,20,47,30,77,97
12/12/2011,JRF,HI,AWP,WE,Federal Contract Tower,0,0,0,8,8,0,0,44,8,52,0,0,44,16,60,134,47,181,241
12/13/2011,JRF,HI,AWP,WE,Federal Contract Tower,0,0,0,1,1,0,0,39,12,51,0,0,39,13,52,187,10,197,249
12/14/2011,JRF,HI,AWP,WE,Federal Contract Tower,0,0,1,7,8,0,0,43,13,56,0,0,44,20,64,316,87,403,467
12/15/2011,JRF,HI,AWP,WE,Federal Contract Tower,0,0,0,1,1,0,0,55,3,58,0,0,55,4,59,275,45,320,379
12/16/2011,JRF,HI,AWP,WE,Federal Contract Tower,0,0,5,0,5,0,0,62,2,64,0,0,67,2,69,251,4,255,324
12/17/2011,JRF,HI,AWP,WE,Federal Contract Tower,0,0,1,0,1,0,0,19,2,21,0,0,20,2,22,288,22,310,332
12/18/2011,JRF,HI,AWP,WE,Federal Contract Tower,0,0,1,1,2,0,0,42,4,46,0,0,43,5,48,245,2,247,295
12/19/2011,JRF,HI,AWP,WE,Federal Contract Tower,0,0,1,2,3,0,0,49,22,71,0,0,50,24,74,290,72,362,436
12/20/2011,JRF,HI,AWP,WE,Federal Contract Tower,0,0,3,8,11,0,0,25,7,32,0,0,28,15,43,215,53,268,311
12/21/2011,JRF,HI,AWP,WE,Federal Contract Tower,0,0,0,3,3,0,0,39,3,42,0,0,39,6,45,219,53,272,317
12/22/2011,JRF,HI,AWP,WE,Federal Contract Tower,0,0,0,4,4,0,0,27,12,39,0,0,27,16,43,188,99,287,330
12/23/2011,JRF,HI,AWP,WE,Federal Contract Tower,0,0,0,2,2,0,0,18,1,19,0,0,18,3,21,75,23,98,119
12/24/2011,JRF,HI,AWP,WE,Federal Contract Tower,0,0,0,1,1,0,0,6,6,12,0,0,6,7,13,0,3,3,16
12/25/2011,JRF,HI,AWP,WE,Federal Contract Tower,0,0,0,2,2,0,0,7,6,13,0,0,7,8,15,22,5,27,42
12/26/2011,JRF,HI,AWP,WE,Federal Contract Tower,0,0,2,2,4,0,0,4,5,9,0,0,6,7,13,24,18,42,55
12/27/2011,JRF,HI,AWP,WE,Federal Contract Tower,0,0,0,3,3,0,0,21,0,21,0,0,21,3,24,76,7,83,107
12/28/2011,JRF,HI,AWP,WE,Federal Contract Tower,0,0,0,1,1,0,0,10,0,10,0,0,10,1,11,69,13,82,93
12/29/2011,JRF,HI,AWP,WE,Federal Contract Tower,0,0,0,2,2,0,0,4,5,9,0,0,4,7,11,43,2,45,56
12/30/2011,JRF,HI,AWP,WE,Federal Contract Tower,0,0,2,2,4,0,0,12,0,12,0,0,14,2,16,69,53,122,138
12/31/2011,JRF,HI,AWP,WE,Federal Contract Tower,0,0,0,0,0,0,0,12,1,13,0,0,12,1,13,14,1,15,28
01/01/2012,JRF,HI,AWP,WE,Federal Contract Tower,0,0,0,0,0,0,0,2,0,2,0,0,2,0,2,1,2,3,5
01/02/2012,JRF,HI,AWP,WE,Federal Contract Tower,0,0,3,0,3,0,0,10,5,15,0,0,13,5,18,240,31,271,289
01/03/2012,JRF,HI,AWP,WE,Federal Contract Tower,0,0,3,1,4,0,0,42,8,50,0,0,45,9,54,266,23,289,343
01/04/2012,JRF,HI,AWP,WE,Federal Contract Tower,0,0,5,7,12,0,0,48,5,53,0,0,53,12,65,225,55,280,345
01/05/2012,JRF,HI,AWP,WE,Federal Contract Tower,0,0,0,2,2,0,0,48,13,61,0,0,48,15,63,154,70,224,287
01/06/2012,JRF,HI,AWP,WE,Federal Contract Tower,0,0,3,3,6,0,0,54,17,71,0,0,57,20,77,190,28,218,295
01/07/2012,JRF,HI,AWP,WE,Federal Contract Tower,0,0,7,5,12,0,0,38,4,42,0,0,45,9,54,246,15,261,315
01/08/2012,JRF,HI,AWP,WE,Federal Contract Tower,0,0,0,1,1,0,0,28,2,30,0,0,28,3,31,243,5,248,279
01/09/2012,JRF,HI,AWP,WE,Federal Contract Tower,0,0,3,4,7,0,0,48,1,49,0,0,51,5,56,194,91,285,341
01/10/2012,JRF,HI,AWP,WE,Federal Contract Tower,0,0,4,4,8,0,0,12,10,22,0,0,16,14,30,270,91,361,391
01/11/2012,JRF,HI,AWP,WE,Federal Contract Tower,0,0,9,3,12,0,0,37,6,43,0,0,46,9,55,346,65,411,466
01/12/2012,JRF,HI,AWP,WE,Federal Contract Tower,0,0,4,6,10,0,0,22,11,33,0,0,26,17,43,192,96,288,331
01/13/2012,JRF,HI,AWP,WE,Federal Contract Tower,0,0,3,2,5,0,0,53,8,61,0,0,56,10,66,249,55,304,370
01/14/2012,JRF,HI,AWP,WE,Federal Contract Tower,0,0,2,2,4,0,0,66,3,69,0,0,68,5,73,159,3,162,235
01/15/2012,JRF,HI,AWP,WE,Federal Contract Tower,0,0,2,7,9,0,0,38,6,44,0,0,40,13,53,174,68,242,295
01/16/2012,JRF,HI,AWP,WE,Federal Contract Tower,0,0,6,1,7,0,0,30,0,30,0,0,36,1,37,288,55,343,380
01/17/2012,JRF,HI,AWP,WE,Federal Contract Tower,0,0,3,1,4,1,0,15,4,20,1,0,18,5,24,264,10,274,298
01/18/2012,JRF,HI,AWP,WE,Federal Contract Tower,0,0,3,3,6,0,0,55,3,58,0,0,58,6,64,283,55,338,402
01/19/2012,JRF,HI,AWP,WE,Federal Contract Tower,0,0,3,6,9,0,0,55,8,63,0,0,58,14,72,302,49,351,423
01/20/2012,JRF,HI,AWP,WE,Federal Contract Tower,0,0,3,1,4,0,0,56,8,64,0,0,59,9,68,196,56,252,320
01/21/2012,JRF,HI,AWP,WE,Federal Contract Tower,0,0,3,3,6,0,0,44,2,46,0,0,47,5,52,182,0,182,234
01/22/2012,JRF,HI,AWP,WE,Federal Contract Tower,0,0,2,2,4,0,0,37,2,39,0,0,39,4,43,162,2,164,207
01/23/2012,JRF,HI,AWP,WE,Federal Contract Tower,0,0,3,5,8,0,0,36,8,44,0,0,39,13,52,271,18,289,341
01/24/2012,JRF,HI,AWP,WE,Federal Contract Tower,0,0,1,8,9,0,0,29,8,37,0,0,30,16,46,266,52,318,364
01/25/2012,JRF,HI,AWP,WE,Federal Contract Tower,0,0,4,6,10,0,0,34,5,39,0,0,38,11,49,316,50,366,415
01/26/2012,JRF,HI,AWP,WE,Federal Contract Tower,0,0,3,3,6,0,0,25,1,26,0,0,28,4,32,240,67,307,339
01/27/2012,JRF,HI,AWP,WE,Federal Contract Tower,0,0,4,1,5,0,0,53,3,56,0,0,57,4,61,154,11,165,226
01/28/2012,JRF,HI,AWP,WE,Federal Contract Tower,0,0,5,1,6,0,0,38,5,43,0,0,43,6,49,241,42,283,332
01/29/2012,JRF,HI,AWP,WE,Federal Contract Tower,0,0,4,2,6,0,0,6,0,6,0,0,10,2,12,266,47,313,325
01/30/2012,JRF,HI,AWP,WE,Federal Contract Tower,0,0,5,6,11,0,0,54,6,60,0,0,59,12,71,323,62,385,456
01/31/2012,JRF,HI,AWP,WE,Federal Contract Tower,0,0,1,6,7,0,0,32,12,44,0,0,33,18,51,240,74,314,365
02/01/2012,JRF,HI,AWP,WE,Federal Contract Tower,0,0,2,8,10,0,0,48,11,59,0,0,50,19,69,248,36,284,353
02/02/2012,JRF,HI,AWP,WE,Federal Contract Tower,0,0,1,6,7,0,0,42,10,52,0,0,43,16,59,217,53,270,329
02/03/2012,JRF,HI,AWP,WE,Federal Contract Tower,0,0,0,3,3,0,0,51,10,61,0,0,51,13,64,163,5,168,232
02/04/2012,JRF,HI,AWP,WE,Federal Contract Tower,0,0,0,2,2,0,0,53,9,62,0,0,53,11,64,154,2,156,220
02/05/2012,JRF,HI,AWP,WE,Federal Contract Tower,0,0,0,3,3,0,0,29,1,30,0,0,29,4,33,189,2,191,224
02/06/2012,JRF,HI,AWP,WE,Federal Contract Tower,0,0,2,3,5,0,0,45,7,52,0,0,47,10,57,300,38,338,395
02/07/2012,JRF,HI,AWP,WE,Federal Contract Tower,0,0,1,5,6,0,0,15,2,17,0,0,16,7,23,224,145,369,392
02/08/2012,JRF,HI,AWP,WE,Federal Contract Tower,0,0,3,5,8,0,0,33,8,41,0,0,36,13,49,311,55,366,415
02/09/2012,JRF,HI,AWP,WE,Federal Contract Tower,0,0,3,3,6,0,0,63,6,69,0,0,66,9,75,353,22,375,450
02/10/2012,JRF,HI,AWP,WE,Federal Contract Tower,0,0,1,3,4,0,0,60,10,70,0,0,61,13,74,246,15,261,335
02/11/2012,JRF,HI,AWP,WE,Federal Contract Tower,0,0,0,2,2,0,0,55,9,64,0,0,55,11,66,253,22,275,341
02/12/2012,JRF,HI,AWP,WE,Federal Contract Tower,0,0,1,0,1,0,0,33,10,43,0,0,34,10,44,255,1,256,300
02/13/2012,JRF,HI,AWP,WE,Federal Contract Tower,0,0,1,4,5,0,0,38,10,48,0,0,39,14,53,195,100,295,348
02/14/2012,JRF,HI,AWP,WE,Federal Contract Tower,0,0,1,1,2,0,0,52,15,67,0,0,53,16,69,197,103,300,369
02/15/2012,JRF,HI,AWP,WE,Federal Contract Tower,0,0,2,8,10,0,0,38,4,42,0,0,40,12,52,222,88,310,362
02/16/2012,JRF,HI,AWP,WE,Federal Contract Tower,0,0,5,9,14,0,0,55,4,59,0,0,60,13,73,368,116,484,557
02/17/2012,JRF,HI,AWP,WE,Federal Contract Tower,0,0,3,1,4,0,0,48,6,54,0,0,51,7,58,310,31,341,399
02/18/2012,JRF,HI,AWP,WE,Federal Contract Tower,0,0,1,1,2,0,0,39,0,39,0,0,40,1,41,154,6,160,201
02/19/2012,JRF,HI,AWP,WE,Federal Contract Tower,0,0,5,4,9,0,0,28,8,36,0,0,33,12,45,134,12,146,191
02/20/2012,JRF,HI,AWP,WE,Federal Contract Tower,0,0,5,1,6,0,0,35,4,39,0,0,40,5,45,303,8,311,356
02/21/2012,JRF,HI,AWP,WE,Federal Contract Tower,0,0,7,6,13,0,0,52,10,62,0,0,59,16,75,298,125,423,498
02/22/2012,JRF,HI,AWP,WE,Federal Contract Tower,0,0,2,8,10,0,0,45,7,52,0,0,47,15,62,228,81,309,371
02/23/2012,JRF,HI,AWP,WE,Federal Contract Tower,0,0,2,5,7,0,0,48,7,55,0,0,50,12,62,260,90,350,412
02/24/2012,JRF,HI,AWP,WE,Federal Contract Tower,0,0,4,1,5,0,0,57,1,58,0,0,61,2,63,198,24,222,285
02/25/2012,JRF,HI,AWP,WE,Federal Contract Tower,0,0,0,2,2,0,2,61,3,66,0,2,61,5,68,226,105,331,399
02/26/2012,JRF,HI,AWP,WE,Federal Contract Tower,0,0,4,4,8,0,0,11,0,11,0,0,15,4,19,239,108,347,366
02/27/2012,JRF,HI,AWP,WE,Federal Contract Tower,0,0,1,3,4,0,0,44,10,54,0,0,45,13,58,246,51,297,355
02/28/2012,JRF,HI,AWP,WE,Federal Contract Tower,0,0,3,7,10,0,0,38,14,52,0,0,41,21,62,223,139,362,424
02/29/2012,JRF,HI,AWP,WE,Federal Contract Tower,0,0,4,11,15,0,0,25,5,30,0,0,29,16,45,275,174,449,494
03/01/2012,JRF,HI,AWP,WE,Federal Contract Tower,0,0,5,4,9,0,0,54,5,59,0,0,59,9,68,248,58,306,374
03/02/2012,JRF,HI,AWP,WE,Federal Contract Tower,0,0,3,5,8,0,0,54,19,73,0,0,57,24,81,260,63,323,404
03/03/2012,JRF,HI,AWP,WE,Federal Contract Tower,0,0,2,2,4,0,0,61,6,67,0,0,63,8,71,214,15,229,300
03/04/2012,JRF,HI,AWP,WE,Federal Contract Tower,0,0,3,1,4,0,0,54,4,58,0,0,57,5,62,142,22,164,226
03/05/2012,JRF,HI,AWP,WE,Federal Contract Tower,0,0,11,6,17,0,0,10,4,14,0,0,21,10,31,198,101,299,330
03/06/2012,JRF,HI,AWP,WE,Federal Contract Tower,0,0,3,6,9,0,0,17,1,18,0,0,20,7,27,178,118,296,323
03/07/2012,JRF,HI,AWP,WE,Federal Contract Tower,0,0,2,6,8,0,0,52,6,58,0,0,54,12,66,280,114,394,460
03/08/2012,JRF,HI,AWP,WE,Federal Contract Tower,0,0,8,8,16,0,0,57,10,67,0,0,65,18,83,256,157,413,496
03/09/2012,JRF,HI,AWP,WE,Federal Contract Tower,0,0,2,4,6,0,0,6,8,14,0,0,8,12,20,115,28,143,163
03/10/2012,JRF,HI,AWP,WE,Federal Contract Tower,0,0,0,2,2,0,0,28,3,31,0,0,28,5,33,84,15,99,132
03/11/2012,JRF,HI,AWP,WE,Federal Contract Tower,0,0,8,5,13,0,0,25,2,27,0,0,33,7,40,132,36,168,208
03/12/2012,JRF,HI,AWP,WE,Federal Contract Tower,0,0,10,5,15,0,0,34,7,41,0,0,44,12,56,215,114,329,385
03/13/2012,JRF,HI,AWP,WE,Federal Contract Tower,0,0,4,4,8,0,0,30,5,35,0,0,34,9,43,246,42,288,331
03/14/2012,JRF,HI,AWP,WE,Federal Contract Tower,0,0,3,10,13,0,0,43,10,53,0,0,46,20,66,335,62,397,463
03/15/2012,JRF,HI,AWP,WE,Federal Contract Tower,0,0,2,7,9,0,0,63,6,69,0,0,65,13,78,280,142,422,500
03/16/2012,JRF,HI,AWP,WE,Federal Contract Tower,0,0,5,2,7,0,0,77,9,86,0,0,82,11,93,289,36,325,418
03/17/2012,JRF,HI,AWP,WE,Federal Contract Tower,0,0,1,2,3,0,0,40,0,40,0,0,41,2,43,172,48,220,263
03/18/2012,JRF,HI,AWP,WE,Federal Contract Tower,0,0,0,3,3,0,0,41,1,42,0,0,41,4,45,129,12,141,186
03/19/2012,JRF,HI,AWP,WE,Federal Contract Tower,0,0,4,5,9,0,0,47,12,59,0,0,51,17,68,217,71,288,356
03/20/2012,JRF,HI,AWP,WE,Federal Contract Tower,0,0,2,2,4,0,0,40,8,48,0,0,42,10,52,254,68,322,374
03/21/2012,JRF,HI,AWP,WE,Federal Contract Tower,0,0,5,8,13,0,0,25,1,26,0,0,30,9,39,236,106,342,381
03/22/2012,JRF,HI,AWP,WE,Federal Contract Tower,0,0,3,10,13,0,0,36,12,48,0,0,39,22,61,251,75,326,387
03/23/2012,JRF,HI,AWP,WE,Federal Contract Tower,0,0,9,2,11,0,0,50,9,59,0,0,59,11,70,180,13,193,263
03/24/2012,JRF,HI,AWP,WE,Federal Contract Tower,0,0,2,3,5,0,0,70,6,76,0,0,72,9,81,244,12,256,337
03/25/2012,JRF,HI,AWP,WE,Federal Contract Tower,0,0,4,2,6,0,0,47,1,48,0,0,51,3,54,266,4,270,324
03/26/2012,JRF,HI,AWP,WE,Federal Contract Tower,1,0,4,4,9,0,0,30,11,41,1,0,34,15,50,185,71,256,306
03/27/2012,JRF,HI,AWP,WE,Federal Contract Tower,0,0,2,4,6,0,0,32,8,40,0,0,34,12,46,272,60,332,378
03/28/2012,JRF,HI,AWP,WE,Federal Contract Tower,0,0,7,3,10,0,0,31,7,38,0,0,38,10,48,229,83,312,360
03/29/2012,JRF,HI,AWP,WE,Federal Contract Tower,0,0,11,3,14,0,0,62,4,66,0,0,73,7,80,267,80,347,427
03/30/2012,JRF,HI,AWP,WE,Federal Contract Tower,0,0,3,0,3,0,0,44,2,46,0,0,47,2,49,144,0,144,193
03/31/2012,JRF,HI,AWP,WE,Federal Contract Tower,0,0,5,1,6,0,0,34,2,36,0,0,39,3,42,145,1,146,188
04/01/2012,JRF,HI,AWP,WE,Federal Contract Tower,0,0,0,2,2,0,0,33,2,35,0,0,33,4,37,210,29,239,276
04/02/2012,JRF,HI,AWP,WE,Federal Contract Tower,0,0,6,6,12,0,0,47,2,49,0,0,53,8,61,139,152,291,352
04/03/2012,JRF,HI,AWP,WE,Federal Contract Tower,0,0,6,4,10,0,0,34,5,39,0,0,40,9,49,241,42,283,332
04/04/2012,JRF,HI,AWP,WE,Federal Contract Tower,0,0,3,7,10,0,0,37,4,41,0,0,40,11,51,238,88,326,377
04/05/2012,JRF,HI,AWP,WE,Federal Contract Tower,0,0,16,3,19,0,0,47,18,65,0,0,63,21,84,205,142,347,431
04/06/2012,JRF,HI,AWP,WE,Federal Contract Tower,0,0,12,2,14,0,0,53,11,64,0,0,65,13,78,230,67,297,375
04/07/2012,JRF,HI,AWP,WE,Federal Contract Tower,0,0,0,3,3,0,0,49,4,53,0,0,49,7,56,285,18,303,359
04/08/2012,JRF,HI,AWP,WE,Federal Contract Tower,0,0,4,1,5,0,0,25,1,26,0,0,29,2,31,107,25,132,163
04/09/2012,JRF,HI,AWP,WE,Federal Contract Tower,0,0,10,1,11,0,0,40,10,50,0,0,50,11,61,258,90,348,409
04/10/2012,JRF,HI,AWP,WE,Federal Contract Tower,0,0,1,7,8,0,0,40,11,51,0,0,41,18,59,166,120,286,345
04/11/2012,JRF,HI,AWP,WE,Federal Contract Tower,0,0,6,4,10,0,0,20,6,26,0,0,26,10,36,247,53,300,336
04/12/2012,JRF,HI,AWP,WE,Federal Contract Tower,0,0,9,7,16,0,0,43,7,50,0,0,52,14,66,165,146,311,377
04/13/2012,JRF,HI,AWP,WE,Federal Contract Tower,0,0,7,2,9,0,0,47,12,59,0,0,54,14,68,225,78,303,371
04/14/2012,JRF,HI,AWP,WE,Federal Contract Tower,0,0,1,2,3,0,0,57,8,65,0,0,58,10,68,293,47,340,408
04/15/2012,JRF,HI,AWP,WE,Federal Contract Tower,0,0,2,1,3,0,0,22,7,29,0,0,24,8,32,146,16,162,194
04/16/2012,JRF,HI,AWP,WE,Federal Contract Tower,0,0,2,2,4,0,0,41,14,55,0,0,43,16,59,228,87,315,374
04/17/2012,JRF,HI,AWP,WE,Federal Contract Tower,0,0,9,9,18,0,0,37,3,40,0,0,46,12,58,207,93,300,358
04/18/2012,JRF,HI,AWP,WE,Federal Contract Tower,0,0,6,9,15,0,0,43,8,51,0,0,49,17,66,170,101,271,337
04/19/2012,JRF,HI,AWP,WE,Federal Contract Tower,0,0,14,10,24,0,0,55,7,62,0,0,69,17,86,255,104,359,445
04/20/2012,JRF,HI,AWP,WE,Federal Contract Tower,0,0,0,3,3,0,0,63,9,72,0,0,63,12,75,209,68,277,352
04/21/2012,JRF,HI,AWP,WE,Federal Contract Tower,0,0,0,1,1,0,0,50,3,53,0,0,50,4,54,120,27,147,201
04/22/2012,JRF,HI,AWP,WE,Federal Contract Tower,0,0,2,2,4,0,0,26,2,28,0,0,28,4,32,104,23,127,159
04/23/2012,JRF,HI,AWP,WE,Federal Contract Tower,0,0,8,4,12,0,0,28,4,32,0,0,36,8,44,179,108,287,331
04/24/2012,JRF,HI,AWP,WE,Federal Contract Tower,0,0,2,6,8,0,0,24,13,37,0,0,26,19,45,165,137,302,347
04/25/2012,JRF,HI,AWP,WE,Federal Contract Tower,0,0,3,5,8,0,0,33,3,36,0,0,36,8,44,303,68,371,415
04/26/2012,JRF,HI,AWP,WE,Federal Contract Tower,0,0,2,13,15,0,0,74,8,82,0,0,76,21,97,221,92,313,410
04/27/2012,JRF,HI,AWP,WE,Federal Contract Tower,0,0,7,6,13,0,0,42,0,42,0,0,49,6,55,298,15,313,368
04/28/2012,JRF,HI,AWP,WE,Federal Contract Tower,0,0,4,2,6,0,0,53,1,54,0,0,57,3,60,238,2,240,300
04/29/2012,JRF,HI,AWP,WE,Federal Contract Tower,0,0,1,0,1,0,0,16,0,16,0,0,17,0,17,244,15,259,276
04/30/2012,JRF,HI,AWP,WE,Federal Contract Tower,0,0,9,7,16,0,0,27,3,30,0,0,36,10,46,211,66,277,323
05/01/2012,JRF,HI,AWP,WE,Federal Contract Tower,0,0,0,3,3,0,0,48,8,56,0,0,48,11,59,204,31,235,294
05/02/2012,JRF,HI,AWP,WE,Federal Contract Tower,0,0,6,7,13,0,0,51,6,57,0,0,57,13,70,137,111,248,318
05/03/2012,JRF,HI,AWP,WE,Federal Contract Tower,0,0,7,4,11,0,0,58,3,61,0,0,65,7,72,266,16,282,354
05/04/2012,JRF,HI,AWP,WE,Federal Contract Tower,0,0,3,0,3,0,0,61,5,66,0,0,64,5,69,216,18,234,303
05/05/2012,JRF,HI,AWP,WE,Federal Contract Tower,0,0,0,0,0,0,0,48,3,51,0,0,48,3,51,299,6,305,356
05/06/2012,JRF,HI,AWP,WE,Federal Contract Tower,0,0,0,1,1,0,0,22,3,25,0,0,22,4,26,235,8,243,269
05/07/2012,JRF,HI,AWP,WE,Federal Contract Tower,0,0,0,3,3,0,0,21,6,27,0,0,21,9,30,111,102,213,243
05/08/2012,JRF,HI,AWP,WE,Federal Contract Tower,0,0,3,5,8,0,0,22,11,33,0,0,25,16,41,142,149,291,332
05/09/2012,JRF,HI,AWP,WE,Federal Contract Tower,0,0,0,5,5,0,0,20,1,21,0,0,20,6,26,215,142,357,383
05/10/2012,JRF,HI,AWP,WE,Federal Contract Tower,0,0,6,6,12,0,0,49,8,57,0,0,55,14,69,192,128,320,389
05/11/2012,JRF,HI,AWP,WE,Federal Contract Tower,0,0,1,7,8,0,0,68,8,76,0,0,69,15,84,283,3,286,370
05/12/2012,JRF,HI,AWP,WE,Federal Contract Tower,0,0,0,1,1,0,0,46,0,46,0,0,46,1,47,219,12,231,278
05/13/2012,JRF,HI,AWP,WE,Federal Contract Tower,0,0,4,0,4,0,0,21,6,27,0,0,25,6,31,142,8,150,181
05/14/2012,JRF,HI,AWP,WE,Federal Contract Tower,0,0,1,3,4,0,0,19,6,25,0,0,20,9,29,149,148,297,326
05/15/2012,JRF,HI,AWP,WE,Federal Contract Tower,0,0,5,13,18,0,0,34,10,44,0,0,39,23,62,289,70,359,421
05/16/2012,JRF,HI,AWP,WE,Federal Contract Tower,0,0,2,4,6,0,0,22,2,24,0,0,24,6,30,355,27,382,412
05/17/2012,JRF,HI,AWP,WE,Federal Contract Tower,0,0,10,7,17,0,0,44,12,56,0,0,54,19,73,264,58,322,395
05/18/2012,JRF,HI,AWP,WE,Federal Contract Tower,0,0,4,1,5,0,0,32,8,40,0,0,36,9,45,211,8,219,264
05/19/2012,JRF,HI,AWP,WE,Federal Contract Tower,0,0,1,3,4,0,0,52,4,56,0,0,53,7,60,163,21,184,244
05/20/2012,JRF,HI,AWP,WE,Federal Contract Tower,0,0,6,2,8,0,0,59,4,63,0,0,65,6,71,325,9,334,405
05/21/2012,JRF,HI,AWP,WE,Federal Contract Tower,0,0,8,8,16,0,0,30,3,33,0,0,38,11,49,184,153,337,386
05/22/2012,JRF,HI,AWP,WE,Federal Contract Tower,0,0,9,2,11,0,0,19,8,27,0,0,28,10,38,170,79,249,287
05/23/2012,JRF,HI,AWP,WE,Federal Contract Tower,0,0,5,9,14,0,0,30,7,37,0,0,35,16,51,166,135,301,352
05/24/2012,JRF,HI,AWP,WE,Federal Contract Tower,0,0,5,6,11,0,0,41,15,56,0,0,46,21,67,137,145,282,349
05/25/2012,JRF,HI,AWP,WE,Federal Contract Tower,0,0,2,3,5,0,0,64,4,68,0,0,66,7,73,134,103,237,310
05/26/2012,JRF,HI,AWP,WE,Federal Contract Tower,0,0,2,0,2,0,0,31,2,33,0,0,33,2,35,115,102,217,252
05/27/2012,JRF,HI,AWP,WE,Federal Contract Tower,0,0,0,2,2,0,0,29,5,34,0,0,29,7,36,169,4,173,209
05/28/2012,JRF,HI,AWP,WE,Federal Contract Tower,0,0,2,0,2,0,0,23,2,25,0,0,25,2,27,174,106,280,307
05/29/2012,JRF,HI,AWP,WE,Federal Contract Tower,0,0,4,4,8,0,0,30,6,36,0,0,34,10,44,158,64,222,266
05/30/2012,JRF,HI,AWP,WE,Federal Contract Tower,0,0,4,6,10,0,0,30,4,34,0,0,34,10,44,244,105,349,393
05/31/2012,JRF,HI,AWP,WE,Federal Contract Tower,0,0,5,3,8,0,0,68,12,80,0,0,73,15,88,242,57,299,387
06/01/2012,JRF,HI,AWP,WE,Federal Contract Tower,0,0,0,3,3,0,0,62,4,66,0,0,62,7,69,171,7,178,247
06/02/2012,JRF,HI,AWP,WE,Federal Contract Tower,0,0,7,10,17,0,0,40,7,47,0,0,47,17,64,185,34,219,283
06/03/2012,JRF,HI,AWP,WE,Federal Contract Tower,0,0,5,1,6,0,0,54,8,62,0,0,59,9,68,220,11,231,299
06/04/2012,JRF,HI,AWP,WE,Federal Contract Tower,0,0,3,9,12,0,0,68,19,87,0,0,71,28,99,196,36,232,331
06/05/2012,JRF,HI,AWP,WE,Federal Contract Tower,0,0,8,5,13,1,0,49,26,76,1,0,57,31,89,218,87,305,394
06/06/2012,JRF,HI,AWP,WE,Federal Contract Tower,0,0,3,6,9,0,0,57,9,66,0,0,60,15,75,169,62,231,306
06/07/2012,JRF,HI,AWP,WE,Federal Contract Tower,0,0,4,6,10,0,0,60,32,92,0,0,64,38,102,233,65,298,400
06/08/2012,JRF,HI,AWP,WE,Federal Contract Tower,0,0,2,2,4,0,0,31,5,36,0,0,33,7,40,265,35,300,340
06/09/2012,JRF,HI,AWP,WE,Federal Contract Tower,0,0,0,2,2,0,0,37,5,42,0,0,37,7,44,152,54,206,250
06/10/2012,JRF,HI,AWP,WE,Federal Contract Tower,0,0,1,3,4,0,0,26,7,33,0,0,27,10,37,131,28,159,196
06/11/2012,JRF,HI,AWP,WE,Federal Contract Tower,0,0,2,5,7,0,0,52,10,62,0,0,54,15,69,215,110,325,394
06/12/2012,JRF,HI,AWP,WE,Federal Contract Tower,0,0,4,5,9,0,0,34,10,44,0,0,38,15,53,176,80,256,309
06/13/2012,JRF,HI,AWP,WE,Federal Contract Tower,0,0,5,4,9,0,0,42,11,53,0,0,47,15,62,246,122,368,430
06/14/2012,JRF,HI,AWP,WE,Federal Contract Tower,0,0,6,7,13,0,0,70,5,75,0,0,76,12,88,217,36,253,341
06/15/2012,JRF,HI,AWP,WE,Federal Contract Tower,0,0,7,3,10,0,0,72,7,79,0,0,79,10,89,212,104,316,405
06/16/2012,JRF,HI,AWP,WE,Federal Contract Tower,0,0,1,6,7,0,0,54,2,56,0,0,55,8,63,148,2,150,213
06/17/2012,JRF,HI,AWP,WE,Federal Contract Tower,0,0,4,0,4,0,0,34,7,41,0,0,38,7,45,228,4,232,277
06/18/2012,JRF,HI,AWP,WE,Federal Contract Tower,0,0,0,4,4,0,0,21,10,31,0,0,21,14,35,276,69,345,380
06/19/2012,JRF,HI,AWP,WE,Federal Contract Tower,0,0,7,5,12,0,0,40,14,54,0,0,47,19,66,231,100,331,397
06/20/2012,JRF,HI,AWP,WE,Federal Contract Tower,0,0,2,9,11,0,0,37,2,39,0,0,39,11,50,356,49,405,455
06/21/2012,JRF,HI,AWP,WE,Federal Contract Tower,0,0,3,6,9,0,0,52,13,65,0,0,55,19,74,251,68,319,393
06/22/2012,JRF,HI,AWP,WE,Federal Contract Tower,0,0,3,2,5,0,0,50,6,56,0,0,53,8,61,250,55,305,366
06/23/2012,JRF,HI,AWP,WE,Federal Contract Tower,0,0,1,1,2,0,0,54,3,57,0,0,55,4,59,273,2,275,334
06/24/2012,JRF,HI,AWP,WE,Federal Contract Tower,0,0,0,0,0,14,0,30,2,46,14,0,30,2,46,192,24,216,262
06/25/2012,JRF,HI,AWP,WE,Federal Contract Tower,0,0,4,7,11,12,0,20,8,40,12,0,24,15,51,244,53,297,348
06/26/2012,JRF,HI,AWP,WE,Federal Contract Tower,0,0,1,10,11,0,0,38,14,52,0,0,39,24,63,240,36,276,339
06/27/2012,JRF,HI,AWP,WE,Federal Contract Tower,0,0,0,6,6,0,0,44,6,50,0,0,44,12,56,261,41,302,358
06/28/2012,JRF,HI,AWP,WE,Federal Contract Tower,0,0,2,8,10,0,0,41,14,55,0,0,43,22,65,273,62,335,400
06/29/2012,JRF,HI,AWP,WE,Federal Contract Tower,0,1,4,1,6,0,2,63,9,74,0,3,67,10,80,272,33,305,385
06/30/2012,JRF,HI,AWP,WE,Federal Contract Tower,0,0,4,1,5,0,0,73,6,79,0,0,77,7,84,313,2,315,399
07/01/2012,JRF,HI,AWP,WE,Federal Contract Tower,0,0,2,3,5,0,0,46,4,50,0,0,48,7,55,280,9,289,344
07/02/2012,JRF,HI,AWP,WE,Federal Contract Tower,0,0,6,7,13,0,0,40,11,51,0,0,46,18,64,275,35,310,374
07/03/2012,JRF,HI,AWP,WE,Federal Contract Tower,0,0,3,5,8,0,0,23,7,30,0,0,26,12,38,272,34,306,344
07/04/2012,JRF,HI,AWP,WE,Federal Contract Tower,0,0,5,0,5,0,0,16,2,18,0,0,21,2,23,182,6,188,211
07/05/2012,JRF,HI,AWP,WE,Federal Contract Tower,0,0,7,4,11,0,2,65,1,68,0,2,72,5,79,223,11,234,313
07/06/2012,JRF,HI,AWP,WE,Federal Contract Tower,0,0,6,2,8,0,0,57,13,70,0,0,63,15,78,199,113,312,390
07/07/2012,JRF,HI,AWP,WE,Federal Contract Tower,0,0,2,2,4,0,1,55,2,58,0,1,57,4,62,141,106,247,309
07/08/2012,JRF,HI,AWP,WE,Federal Contract Tower,0,0,4,5,9,0,0,53,8,61,0,0,57,13,70,186,14,200,270
07/09/2012,JRF,HI,AWP,WE,Federal Contract Tower,0,0,9,4,13,0,0,28,13,41,0,0,37,17,54,221,66,287,341
07/10/2012,JRF,HI,AWP,WE,Federal Contract Tower,0,0,6,9,15,0,0,43,10,53,0,0,49,19,68,281,47,328,396
07/11/2012,JRF,HI,AWP,WE,Federal Contract Tower,0,0,4,3,7,0,0,27,4,31,0,0,31,7,38,267,45,312,350
07/12/2012,JRF,HI,AWP,WE,Federal Contract Tower,0,0,7,6,13,0,0,71,18,89,0,0,78,24,102,325,42,367,469
07/13/2012,JRF,HI,AWP,WE,Federal Contract Tower,0,0,5,4,9,0,0,44,15,59,0,0,49,19,68,164,106,270,338
07/14/2012,JRF,HI,AWP,WE,Federal Contract Tower,0,0,0,0,0,0,0,38,12,50,0,0,38,12,50,142,11,153,203
07/15/2012,JRF,HI,AWP,WE,Federal Contract Tower,0,0,3,0,3,0,0,43,6,49,0,0,46,6,52,224,10,234,286
07/16/2012,JRF,HI,AWP,WE,Federal Contract Tower,0,0,6,3,9,0,0,34,35,69,0,0,40,38,78,193,50,243,321
07/17/2012,JRF,HI,AWP,WE,Federal Contract Tower,0,0,5,5,10,0,0,47,11,58,0,0,52,16,68,180,57,237,305
07/18/2012,JRF,HI,AWP,WE,Federal Contract Tower,2,0,2,2,6,0,0,34,3,37,2,0,36,5,43,189,65,254,297
07/19/2012,JRF,HI,AWP,WE,Federal Contract Tower,0,0,6,15,21,0,0,31,12,43,0,0,37,27,64,182,137,319,383
07/20/2012,JRF,HI,AWP,WE,Federal Contract Tower,0,0,4,0,4,0,0,45,9,54,0,0,49,9,58,192,68,260,318
07/21/2012,JRF,HI,AWP,WE,Federal Contract Tower,0,0,2,1,3,0,0,54,12,66,0,0,56,13,69,85,4,89,158
07/22/2012,JRF,HI,AWP,WE,Federal Contract Tower,0,0,0,0,0,0,0,27,1,28,0,0,27,1,28,200,1,201,229
07/23/2012,JRF,HI,AWP,WE,Federal Contract Tower,0,0,3,8,11,0,0,32,19,51,0,0,35,27,62,167,124,291,353
07/24/2012,JRF,HI,AWP,WE,Federal Contract Tower,0,0,5,8,13,0,0,0,0,0,0,0,5,8,13,255,121,376,389
07/25/2012,JRF,HI,AWP,WE,Federal Contract Tower,0,0,6,6,12,0,0,32,11,43,0,0,38,17,55,258,108,366,421
07/26/2012,JRF,HI,AWP,WE,Federal Contract Tower,0,0,8,8,16,0,0,53,15,68,0,0,61,23,84,256,71,327,411
07/27/2012,JRF,HI,AWP,WE,Federal Contract Tower,0,0,3,4,7,0,0,55,6,61,0,0,58,10,68,174,0,174,242
07/28/2012,JRF,HI,AWP,WE,Federal Contract Tower,0,0,2,0,2,0,0,47,5,52,0,0,49,5,54,163,100,263,317
07/29/2012,JRF,HI,AWP,WE,Federal Contract Tower,0,0,1,0,1,1,0,28,1,30,1,0,29,1,31,196,5,201,232
07/30/2012,JRF,HI,AWP,WE,Federal Contract Tower,0,0,3,3,6,0,0,41,13,54,0,0,44,16,60,188,50,238,298
07/31/2012,JRF,HI,AWP,WE,Federal Contract Tower,0,0,5,9,14,0,0,40,12,52,0,0,45,21,66,234,80,314,380
08/01/2012,JRF,HI,AWP,WE,Federal Contract Tower,0,0,4,9,13,0,0,31,5,36,0,0,35,14,49,193,128,321,370
08/02/2012,JRF,HI,AWP,WE,Federal Contract Tower,0,0,3,8,11,0,0,49,14,63,0,0,52,22,74,239,51,290,364
08/03/2012,JRF,HI,AWP,WE,Federal Contract Tower,0,0,1,2,3,0,0,66,11,77,0,0,67,13,80,249,22,271,351
08/04/2012,JRF,HI,AWP,WE,Federal Contract Tower,0,0,0,2,2,0,0,58,9,67,0,0,58,11,69,172,17,189,258
08/05/2012,JRF,HI,AWP,WE,Federal Contract Tower,0,0,0,0,0,0,0,36,1,37,0,0,36,1,37,163,18,181,218
08/06/2012,JRF,HI,AWP,WE,Federal Contract Tower,0,0,0,10,10,0,0,34,12,46,0,0,34,22,56,173,89,262,318
08/07/2012,JRF,HI,AWP,WE,Federal Contract Tower,0,0,2,3,5,0,0,32,10,42,0,0,34,13,47,228,52,280,327
08/08/2012,JRF,HI,AWP,WE,Federal Contract Tower,0,0,6,7,13,0,0,29,3,32,0,0,35,10,45,302,122,424,469
08/09/2012,JRF,HI,AWP,WE,Federal Contract Tower,0,0,4,5,9,0,1,58,8,67,0,1,62,13,76,191,114,305,381
08/10/2012,JRF,HI,AWP,WE,Federal Contract Tower,0,0,2,0,2,0,0,46,3,49,0,0,48,3,51,192,100,292,343
08/11/2012,JRF,HI,AWP,WE,Federal Contract Tower,0,0,1,0,1,0,0,54,3,57,0,0,55,3,58,114,2,116,174
08/12/2012,JRF,HI,AWP,WE,Federal Contract Tower,0,0,2,0,2,0,0,33,0,33,0,0,35,0,35,195,0,195,230
08/13/2012,JRF,HI,AWP,WE,Federal Contract Tower,0,0,4,6,10,0,0,40,10,50,0,0,44,16,60,209,94,303,363
08/14/2012,JRF,HI,AWP,WE,Federal Contract Tower,0,0,2,8,10,0,0,35,6,41,0,0,37,14,51,203,129,332,383
08/15/2012,JRF,HI,AWP,WE,Federal Contract Tower,0,0,4,6,10,0,0,64,2,66,0,0,68,8,76,216,108,324,400
08/16/2012,JRF,HI,AWP,WE,Federal Contract Tower,0,0,2,13,15,0,0,47,4,51,0,0,49,17,66,262,68,330,396
08/17/2012,JRF,HI,AWP,WE,Federal Contract Tower,0,0,3,1,4,0,0,46,2,48,0,0,49,3,52,222,52,274,326
08/18/2012,JRF,HI,AWP,WE,Federal Contract Tower,0,0,4,1,5,0,0,39,6,45,0,0,43,7,50,194,12,206,256
08/19/2012,JRF,HI,AWP,WE,Federal Contract Tower,0,0,2,0,2,0,0,16,4,20,0,0,18,4,22,80,6,86,108
08/20/2012,JRF,HI,AWP,WE,Federal Contract Tower,0,0,1,4,5,0,0,40,16,56,0,0,41,20,61,222,100,322,383
08/21/2012,JRF,HI,AWP,WE,Federal Contract Tower,0,0,1,12,13,0,0,38,14,52,0,0,39,26,65,235,47,282,347
08/22/2012,JRF,HI,AWP,WE,Federal Contract Tower,0,0,1,9,10,0,0,47,4,51,0,0,48,13,61,208,106,314,375
08/23/2012,JRF,HI,AWP,WE,Federal Contract Tower,0,0,3,3,6,0,0,41,11,52,0,0,44,14,58,237,95,332,390
08/24/2012,JRF,HI,AWP,WE,Federal Contract Tower,0,0,4,1,5,0,0,61,13,74,0,0,65,14,79,281,84,365,444
08/25/2012,JRF,HI,AWP,WE,Federal Contract Tower,0,0,2,0,2,0,0,31,3,34,0,0,33,3,36,162,26,188,224
08/26/2012,JRF,HI,AWP,WE,Federal Contract Tower,0,0,0,0,0,0,0,32,3,35,0,0,32,3,35,216,0,216,251
08/27/2012,JRF,HI,AWP,WE,Federal Contract Tower,0,0,7,1,8,0,0,30,4,34,0,0,37,5,42,202,64,266,308
08/28/2012,JRF,HI,AWP,WE,Federal Contract Tower,0,0,0,10,10,0,0,56,10,66,0,0,56,20,76,217,82,299,375
08/29/2012,JRF,HI,AWP,WE,Federal Contract Tower,0,0,6,3,9,0,0,47,4,51,0,0,53,7,60,243,49,292,352
08/30/2012,JRF,HI,AWP,WE,Federal Contract Tower,0,0,2,3,5,0,0,59,9,68,0,0,61,12,73,285,115,400,473
08/31/2012,JRF,HI,AWP,WE,Federal Contract Tower,0,0,0,3,3,0,0,57,3,60,0,0,57,6,63,80,4,84,147
09/01/2012,JRF,HI,AWP,WE,Federal Contract Tower,0,0,2,2,4,0,0,42,2,44,0,0,44,4,48,146,103,249,297
09/02/2012,JRF,HI,AWP,WE,Federal Contract Tower,0,0,1,0,1,0,0,18,1,19,0,0,19,1,20,223,52,275,295
09/03/2012,JRF,HI,AWP,WE,Federal Contract Tower,0,0,0,0,0,0,0,36,4,40,0,0,36,4,40,213,3,216,256
09/04/2012,JRF,HI,AWP,WE,Federal Contract Tower,0,0,0,9,9,0,0,23,0,23,0,0,23,9,32,266,72,338,370
09/05/2012,JRF,HI,AWP,WE,Federal Contract Tower,0,0,0,7,7,0,0,33,7,40,0,0,33,14,47,206,121,327,374
09/06/2012,JRF,HI,AWP,WE,Federal Contract Tower,0,0,1,5,6,0,0,25,17,42,0,0,26,22,48,217,144,361,409
09/07/2012,JRF,HI,AWP,WE,Federal Contract Tower,0,0,0,4,4,0,0,43,6,49,0,0,43,10,53,150,119,269,322
09/08/2012,JRF,HI,AWP,WE,Federal Contract Tower,0,0,0,5,5,0,0,40,6,46,0,0,40,11,51,171,67,238,289
09/09/2012,JRF,HI,AWP,WE,Federal Contract Tower,0,0,0,2,2,0,0,34,2,36,0,0,34,4,38,233,103,336,374
09/10/2012,JRF,HI,AWP,WE,Federal Contract Tower,0,0,3,2,5,0,0,45,7,52,0,0,48,9,57,234,24,258,315
09/11/2012,JRF,HI,AWP,WE,Federal Contract Tower,0,0,1,10,11,0,0,39,8,47,0,0,40,18,58,241,30,271,329
09/12/2012,JRF,HI,AWP,WE,Federal Contract Tower,0,0,1,2,3,0,0,39,5,44,0,0,40,7,47,238,45,283,330
09/13/2012,JRF,HI,AWP,WE,Federal Contract Tower,0,0,0,4,4,0,0,45,13,58,0,0,45,17,62,200,50,250,312
09/14/2012,JRF,HI,AWP,WE,Federal Contract Tower,0,0,3,2,5,0,0,44,14,58,0,0,47,16,63,277,7,284,347
09/15/2012,JRF,HI,AWP,WE,Federal Contract Tower,0,0,0,3,3,0,0,51,0,51,0,0,51,3,54,202,65,267,321
09/16/2012,JRF,HI,AWP,WE,Federal Contract Tower,0,0,2,1,3,0,0,29,1,30,0,0,31,2,33,215,108,323,356
09/17/2012,JRF,HI,AWP,WE,Federal Contract Tower,1,0,1,5,7,0,0,41,17,58,1,0,42,22,65,195,107,302,367
09/18/2012,JRF,HI,AWP,WE,Federal Contract Tower,0,0,10,6,16,0,0,38,14,52,0,0,48,20,68,138,100,238,306
09/19/2012,JRF,HI,AWP,WE,Federal Contract Tower,0,0,0,2,2,0,0,31,6,37,0,0,31,8,39,175,118,293,332
09/20/2012,JRF,HI,AWP,WE,Federal Contract Tower,0,0,5,6,11,0,0,40,11,51,0,0,45,17,62,145,141,286,348
09/21/2012,JRF,HI,AWP,WE,Federal Contract Tower,0,0,4,7,11,0,0,67,18,85,0,0,71,25,96,252,6,258,354
09/22/2012,JRF,HI,AWP,WE,Federal Contract Tower,0,0,2,4,6,0,0,53,3,56,0,0,55,7,62,174,104,278,340
09/23/2012,JRF,HI,AWP,WE,Federal Contract Tower,0,0,6,0,6,0,0,35,0,35,0,0,41,0,41,216,102,318,359
09/24/2012,JRF,HI,AWP,WE,Federal Contract Tower,0,0,3,4,7,0,0,41,12,53,0,0,44,16,60,212,90,302,362
09/25/2012,JRF,HI,AWP,WE,Federal Contract Tower,0,0,6,7,13,0,0,33,10,43,0,0,39,17,56,244,90,334,390
09/26/2012,JRF,HI,AWP,WE,Federal Contract Tower,0,0,2,3,5,0,0,44,5,49,0,0,46,8,54,224,102,326,380
09/27/2012,JRF,HI,AWP,WE,Federal Contract Tower,0,0,4,7,11,0,0,36,2,38,0,0,40,9,49,254,49,303,352
09/28/2012,JRF,HI,AWP,WE,Federal Contract Tower,0,0,2,0,2,0,0,36,5,41,0,0,38,5,43,153,104,257,300
09/29/2012,JRF,HI,AWP,WE,Federal Contract Tower,0,0,9,1,10,0,0,56,3,59,0,0,65,4,69,171,100,271,340
09/30/2012,JRF,HI,AWP,WE,Federal Contract Tower,0,0,0,0,0,0,0,19,0,19,0,0,19,0,19,105,81,186,205
10/01/2012,JRF,HI,AWP,WE,Federal Contract Tower,0,0,2,3,5,0,0,42,10,52,0,0,44,13,57,210,126,336,393
10/02/2012,JRF,HI,AWP,WE,Federal Contract Tower,0,0,2,6,8,0,0,50,10,60,0,0,52,16,68,304,70,374,442
10/03/2012,JRF,HI,AWP,WE,Federal Contract Tower,0,0,2,14,16,0,0,33,7,40,0,0,35,21,56,228,57,285,341
10/04/2012,JRF,HI,AWP,WE,Federal Contract Tower,0,0,0,7,7,0,0,48,13,61,0,0,48,20,68,257,50,307,375
10/05/2012,JRF,HI,AWP,WE,Federal Contract Tower,0,0,0,1,1,0,0,53,4,57,0,0,53,5,58,230,18,248,306
10/06/2012,JRF,HI,AWP,WE,Federal Contract Tower,0,0,1,2,3,0,0,52,2,54,0,0,53,4,57,194,88,282,339
10/07/2012,JRF,HI,AWP,WE,Federal Contract Tower,0,0,0,1,1,0,0,26,6,32,0,0,26,7,33,274,64,338,371
10/08/2012,JRF,HI,AWP,WE,Federal Contract Tower,0,0,2,0,2,0,0,44,4,48,0,0,46,4,50,226,29,255,305
10/09/2012,JRF,HI,AWP,WE,Federal Contract Tower,0,0,2,2,4,0,0,40,14,54,0,0,42,16,58,224,48,272,330
10/10/2012,JRF,HI,AWP,WE,Federal Contract Tower,0,0,8,2,10,0,0,66,19,85,0,0,74,21,95,273,21,294,389
10/11/2012,JRF,HI,AWP,WE,Federal Contract Tower,0,0,6,4,10,0,0,44,17,61,0,0,50,21,71,256,49,305,376
10/12/2012,JRF,HI,AWP,WE,Federal Contract Tower,0,0,0,2,2,0,2,71,17,90,0,2,71,19,92,243,17,260,352
10/13/2012,JRF,HI,AWP,WE,Federal Contract Tower,0,0,3,1,4,0,0,41,2,43,0,0,44,3,47,231,53,284,331
10/14/2012,JRF,HI,AWP,WE,Federal Contract Tower,0,0,1,1,2,0,0,37,5,42,0,0,38,6,44,204,53,257,301
10/15/2012,JRF,HI,AWP,WE,Federal Contract Tower,0,0,5,4,9,0,0,18,4,22,0,0,23,8,31,257,82,339,370
10/16/2012,JRF,HI,AWP,WE,Federal Contract Tower,0,0,4,3,7,0,0,58,10,68,0,0,62,13,75,255,80,335,410
10/17/2012,JRF,HI,AWP,WE,Federal Contract Tower,0,0,1,2,3,0,0,61,13,74,0,0,62,15,77,305,50,355,432
10/18/2012,JRF,HI,AWP,WE,Federal Contract Tower,0,0,5,3,8,0,0,46,20,66,0,0,51,23,74,211,98,309,383
10/19/2012,JRF,HI,AWP,WE,Federal Contract Tower,0,0,4,3,7,0,0,38,7,45,0,0,42,10,52,205,63,268,320
10/20/2012,JRF,HI,AWP,WE,Federal Contract Tower,0,0,3,0,3,0,0,55,3,58,0,0,58,3,61,241,10,251,312
10/21/2012,JRF,HI,AWP,WE,Federal Contract Tower,0,0,1,2,3,0,0,32,1,33,0,0,33,3,36,212,51,263,299
10/22/2012,JRF,HI,AWP,WE,Federal Contract Tower,0,0,3,6,9,0,0,40,10,50,0,0,43,16,59,202,27,229,288
10/23/2012,JRF,HI,AWP,WE,Federal Contract Tower,0,0,9,6,15,0,0,42,9,51,0,0,51,15,66,277,28,305,371
10/24/2012,JRF,HI,AWP,WE,Federal Contract Tower,0,0,1,5,6,0,0,44,14,58,0,0,45,19,64,208,101,309,373
10/25/2012,JRF,HI,AWP,WE,Federal Contract Tower,0,0,4,6,10,0,0,37,18,55,0,0,41,24,65,276,98,374,439
10/26/2012,JRF,HI,AWP,WE,Federal Contract Tower,0,0,10,4,14,0,0,62,7,69,0,0,72,11,83,263,16,279,362
10/27/2012,JRF,HI,AWP,WE,Federal Contract Tower,0,0,1,3,4,0,0,48,0,48,0,0,49,3,52,212,9,221,273
10/28/2012,JRF,HI,AWP,WE,Federal Contract Tower,0,0,4,1,5,0,0,45,2,47,0,0,49,3,52,214,8,222,274
10/29/2012,JRF,HI,AWP,WE,Federal Contract Tower,0,8,3,0,11,0,0,30,10,40,0,8,33,10,51,158,76,234,285
10/30/2012,JRF,HI,AWP,WE,Federal Contract Tower,0,0,11,8,19,0,0,38,10,48,0,0,49,18,67,192,44,236,303
10/31/2012,JRF,HI,AWP,WE,Federal Contract Tower,0,0,6,1,7,0,0,74,8,82,0,0,80,9,89,161,15,176,265
11/01/2012,JRF,HI,AWP,WE,Federal Contract Tower,0,0,4,2,6,0,0,49,3,52,0,0,53,5,58,201,26,227,285
11/02/2012,JRF,HI,AWP,WE,Federal Contract Tower,0,0,5,0,5,0,0,48,5,53,0,0,53,5,58,209,34,243,301
11/03/2012,JRF,HI,AWP,WE,Federal Contract Tower,0,0,1,1,2,0,0,43,2,45,0,0,44,3,47,268,2,270,317
11/04/2012,JRF,HI,AWP,WE,Federal Contract Tower,0,0,1,2,3,0,0,55,3,58,0,0,56,5,61,313,8,321,382
11/05/2012,JRF,HI,AWP,WE,Federal Contract Tower,0,0,2,4,6,0,0,41,11,52,0,0,43,15,58,183,15,198,256
11/06/2012,JRF,HI,AWP,WE,Federal Contract Tower,0,0,3,6,9,0,0,34,18,52,0,0,37,24,61,210,50,260,321
11/07/2012,JRF,HI,AWP,WE,Federal Contract Tower,0,0,5,7,12,0,0,64,14,78,0,0,69,21,90,332,19,351,441
11/08/2012,JRF,HI,AWP,WE,Federal Contract Tower,0,0,4,7,11,0,0,58,11,69,0,0,62,18,80,198,45,243,323
11/09/2012,JRF,HI,AWP,WE,Federal Contract Tower,0,0,3,2,5,0,0,58,8,66,0,0,61,10,71,165,21,186,257
11/10/2012,JRF,HI,AWP,WE,Federal Contract Tower,0,0,6,1,7,0,0,64,0,64,0,0,70,1,71,227,1,228,299
11/11/2012,JRF,HI,AWP,WE,Federal Contract Tower,0,0,6,0,6,0,0,57,1,58,0,0,63,1,64,252,19,271,335
11/12/2012,JRF,HI,AWP,WE,Federal Contract Tower,0,0,2,1,3,0,0,57,2,59,0,0,59,3,62,278,2,280,342
11/13/2012,JRF,HI,AWP,WE,Federal Contract Tower,0,0,5,5,10,0,0,50,10,60,0,0,55,15,70,205,117,322,392
11/14/2012,JRF,HI,AWP,WE,Federal Contract Tower,0,0,10,11,21,0,0,50,8,58,0,0,60,19,79,244,58,302,381
11/15/2012,JRF,HI,AWP,WE,Federal Contract Tower,0,0,7,3,10,0,0,35,9,44,0,0,42,12,54,233,54,287,341
11/16/2012,JRF,HI,AWP,WE,Federal Contract Tower,0,0,8,4,12,0,0,59,6,65,0,0,67,10,77,275,20,295,372
11/17/2012,JRF,HI,AWP,WE,Federal Contract Tower,0,0,1,1,2,0,0,34,1,35,0,0,35,2,37,246,58,304,341
11/18/2012,JRF,HI,AWP,WE,Federal Contract Tower,0,0,3,1,4,0,0,46,0,46,0,0,49,1,50,315,1,316,366
11/19/2012,JRF,HI,AWP,WE,Federal Contract Tower,0,0,6,8,14,0,0,54,10,64,0,0,60,18,78,303,107,410,488
11/20/2012,JRF,HI,AWP,WE,Federal Contract Tower,0,0,8,9,17,0,0,68,4,72,0,0,76,13,89,333,50,383,472
11/21/2012,JRF,HI,AWP,WE,Federal Contract Tower,0,0,8,4,12,0,0,58,4,62,0,0,66,8,74,304,61,365,439
11/22/2012,JRF,HI,AWP,WE,Federal Contract Tower,0,0,0,0,0,0,0,13,3,16,0,0,13,3,16,83,6,89,105
11/23/2012,JRF,HI,AWP,WE,Federal Contract Tower,0,0,2,3,5,0,0,60,1,61,0,0,62,4,66,218,1,219,285
11/24/2012,JRF,HI,AWP,WE,Federal Contract Tower,0,0,0,1,1,0,0,67,0,67,0,0,67,1,68,247,20,267,335
11/25/2012,JRF,HI,AWP,WE,Federal Contract Tower,0,0,6,1,7,0,0,41,5,46,0,0,47,6,53,190,1,191,244
11/26/2012,JRF,HI,AWP,WE,Federal Contract Tower,0,0,3,12,15,0,0,40,12,52,0,0,43,24,67,164,115,279,346
11/27/2012,JRF,HI,AWP,WE,Federal Contract Tower,0,0,8,6,14,0,0,39,9,48,0,0,47,15,62,291,65,356,418
11/28/2012,JRF,HI,AWP,WE,Federal Contract Tower,0,0,1,8,9,0,0,65,23,88,0,0,66,31,97,221,72,293,390
11/29/2012,JRF,HI,AWP,WE,Federal Contract Tower,0,0,6,6,12,0,0,48,7,55,0,0,54,13,67,306,30,336,403
11/30/2012,JRF,HI,AWP,WE,Federal Contract Tower,0,0,8,1,9,0,0,65,1,66,0,0,73,2,75,280,9,289,364
12/01/2012,JRF,HI,AWP,WE,Federal Contract Tower,0,0,0,1,1,1,1,60,3,65,1,1,60,4,66,414,2,416,482
12/02/2012,JRF,HI,AWP,WE,Federal Contract Tower,0,0,3,3,6,16,1,0,0,17,16,1,3,3,23,132,2,134,157
12/03/2012,JRF,HI,AWP,WE,Federal Contract Tower,0,0,5,2,7,0,0,36,10,46,0,0,41,12,53,215,23,238,291
12/04/2012,JRF,HI,AWP,WE,Federal Contract Tower,0,0,7,8,15,0,0,26,6,32,0,0,33,14,47,170,111,281,328
12/05/2012,JRF,HI,AWP,WE,Federal Contract Tower,0,0,4,5,9,0,0,38,6,44,0,0,42,11,53,142,70,212,265
12/06/2012,JRF,HI,AWP,WE,Federal Contract Tower,0,0,3,6,9,0,0,42,16,58,0,0,45,22,67,224,56,280,347
12/07/2012,JRF,HI,AWP,WE,Federal Contract Tower,0,0,6,3,9,0,0,47,8,55,0,0,53,11,64,214,54,268,332
12/08/2012,JRF,HI,AWP,WE,Federal Contract Tower,0,0,2,1,3,0,0,77,1,78,0,0,79,2,81,299,4,303,384
12/09/2012,JRF,HI,AWP,WE,Federal Contract Tower,0,0,9,0,9,0,0,54,1,55,0,0,63,1,64,179,1,180,244
12/10/2012,JRF,HI,AWP,WE,Federal Contract Tower,0,0,8,9,17,0,0,25,8,33,0,0,33,17,50,160,114,274,324
12/11/2012,JRF,HI,AWP,WE,Federal Contract Tower,0,0,8,5,13,0,0,43,18,61,0,0,51,23,74,251,72,323,397
12/12/2012,JRF,HI,AWP,WE,Federal Contract Tower,0,0,14,2,16,0,0,41,7,48,0,0,55,9,64,233,54,287,351
12/13/2012,JRF,HI,AWP,WE,Federal Contract Tower,0,0,8,3,11,0,0,66,2,68,0,0,74,5,79,197,38,235,314
12/14/2012,JRF,HI,AWP,WE,Federal Contract Tower,0,0,4,3,7,0,0,48,4,52,0,0,52,7,59,263,54,317,376
12/15/2012,JRF,HI,AWP,WE,Federal Contract Tower,0,0,2,1,3,0,0,57,8,65,0,0,59,9,68,212,34,246,314
12/16/2012,JRF,HI,AWP,WE,Federal Contract Tower,0,0,0,0,0,0,0,35,2,37,0,0,35,2,37,208,58,266,303
12/17/2012,JRF,HI,AWP,WE,Federal Contract Tower,0,0,4,2,6,0,0,23,9,32,0,0,27,11,38,194,74,268,306
12/18/2012,JRF,HI,AWP,WE,Federal Contract Tower,0,0,2,10,12,0,0,26,8,34,0,0,28,18,46,248,53,301,347
12/19/2012,JRF,HI,AWP,WE,Federal Contract Tower,0,0,2,6,8,0,0,32,3,35,0,0,34,9,43,230,86,316,359
12/20/2012,JRF,HI,AWP,WE,Federal Contract Tower,0,0,3,7,10,0,0,38,4,42,0,0,41,11,52,247,35,282,334
12/21/2012,JRF,HI,AWP,WE,Federal Contract Tower,0,0,6,2,8,0,0,37,8,45,0,0,43,10,53,220,63,283,336
12/22/2012,JRF,HI,AWP,WE,Federal Contract Tower,0,0,2,2,4,0,0,9,2,11,0,0,11,4,15,48,2,50,65
12/23/2012,JRF,HI,AWP,WE,Federal Contract Tower,0,0,3,10,13,0,0,1,1,2,0,0,4,11,15,11,23,34,49
12/24/2012,JRF,HI,AWP,WE,Federal Contract Tower,0,0,2,2,4,0,0,6,1,7,0,0,8,3,11,38,16,54,65
12/25/2012,JRF,HI,AWP,WE,Federal Contract Tower,0,0,2,0,2,0,0,2,0,2,0,0,4,0,4,8,0,8,12
12/26/2012,JRF,HI,AWP,WE,Federal Contract Tower,0,0,0,10,10,0,0,8,0,8,0,0,8,10,18,50,38,88,106
12/27/2012,JRF,HI,AWP,WE,Federal Contract Tower,0,0,1,10,11,0,0,32,3,35,0,0,33,13,46,199,80,279,325
12/28/2012,JRF,HI,AWP,WE,Federal Contract Tower,0,0,4,3,7,0,0,54,2,56,0,0,58,5,63,214,55,269,332
12/29/2012,JRF,HI,AWP,WE,Federal Contract Tower,0,0,0,1,1,0,0,55,4,59,0,0,55,5,60,297,19,316,376
12/30/2012,JRF,HI,AWP,WE,Federal Contract Tower,0,0,4,0,4,0,0,46,3,49,0,0,50,3,53,259,13,272,325
12/31/2012,JRF,HI,AWP,WE,Federal Contract Tower,0,0,1,1,2,0,0,35,0,35,0,0,36,1,37,227,86,313,350
01/01/2013,JRF,HI,AWP,WE,Federal Contract Tower,0,0,3,1,4,0,0,11,5,16,0,0,14,6,20,54,18,72,92
01/02/2013,JRF,HI,AWP,WE,Federal Contract Tower,0,0,0,4,4,0,0,5,0,5,0,0,5,4,9,36,17,53,62
01/03/2013,JRF,HI,AWP,WE,Federal Contract Tower,0,0,5,2,7,0,0,4,2,6,0,0,9,4,13,152,57,209,222
01/04/2013,JRF,HI,AWP,WE,Federal Contract Tower,0,0,4,2,6,0,0,0,2,2,0,0,4,4,8,168,60,228,236
01/05/2013,JRF,HI,AWP,WE,Federal Contract Tower,0,0,0,2,2,0,0,4,1,5,0,0,4,3,7,204,117,321,328
01/06/2013,JRF,HI,AWP,WE,Federal Contract Tower,0,0,5,5,10,0,0,23,3,26,0,0,28,8,36,134,155,289,325
01/07/2013,JRF,HI,AWP,WE,Federal Contract Tower,0,0,7,7,14,0,0,35,10,45,0,0,42,17,59,159,24,183,242
01/08/2013,JRF,HI,AWP,WE,Federal Contract Tower,0,0,6,3,9,0,0,31,3,34,0,0,37,6,43,165,61,226,269
01/09/2013,JRF,HI,AWP,WE,Federal Contract Tower,0,0,8,8,16,0,0,23,11,34,0,0,31,19,50,216,120,336,386
01/10/2013,JRF,HI,AWP,WE,Federal Contract Tower,0,0,4,4,8,0,0,52,17,69,0,0,56,21,77,207,89,296,373
01/11/2013,JRF,HI,AWP,WE,Federal Contract Tower,0,0,3,9,12,0,0,51,7,58,0,0,54,16,70,243,51,294,364
01/12/2013,JRF,HI,AWP,WE,Federal Contract Tower,0,0,0,2,2,0,1,71,4,76,0,1,71,6,78,206,105,311,389
01/13/2013,JRF,HI,AWP,WE,Federal Contract Tower,0,0,2,0,2,0,0,44,2,46,0,0,46,2,48,302,13,315,363
01/14/2013,JRF,HI,AWP,WE,Federal Contract Tower,0,0,2,9,11,0,0,15,1,16,0,0,17,10,27,194,119,313,340
01/15/2013,JRF,HI,AWP,WE,Federal Contract Tower,0,0,2,15,17,0,0,63,10,73,0,0,65,25,90,182,113,295,385
01/16/2013,JRF,HI,AWP,WE,Federal Contract Tower,0,0,2,3,5,0,0,37,10,47,0,0,39,13,52,195,59,254,306
01/17/2013,JRF,HI,AWP,WE,Federal Contract Tower,0,0,7,10,17,0,0,48,9,57,0,0,55,19,74,177,78,255,329
01/18/2013,JRF,HI,AWP,WE,Federal Contract Tower,0,0,0,10,10,0,0,47,2,49,0,0,47,12,59,284,22,306,365
01/19/2013,JRF,HI,AWP,WE,Federal Contract Tower,0,0,6,2,8,0,0,72,6,78,0,0,78,8,86,288,3,291,377
01/20/2013,JRF,HI,AWP,WE,Federal Contract Tower,0,0,3,0,3,0,0,34,2,36,0,0,37,2,39,258,54,312,351
01/21/2013,JRF,HI,AWP,WE,Federal Contract Tower,0,0,4,1,5,0,0,76,2,78,0,0,80,3,83,339,106,445,528
01/22/2013,JRF,HI,AWP,WE,Federal Contract Tower,0,0,6,7,13,0,0,60,14,74,0,0,66,21,87,229,48,277,364
01/23/2013,JRF,HI,AWP,WE,Federal Contract Tower,0,0,1,15,16,0,0,42,9,51,0,0,43,24,67,182,122,304,371
01/24/2013,JRF,HI,AWP,WE,Federal Contract Tower,0,0,8,8,16,0,0,23,12,35,0,0,31,20,51,139,145,284,335
01/25/2013,JRF,HI,AWP,WE,Federal Contract Tower,0,0,4,5,9,0,0,52,7,59,0,0,56,12,68,196,149,345,413
01/26/2013,JRF,HI,AWP,WE,Federal Contract Tower,0,0,1,1,2,0,0,35,6,41,0,0,36,7,43,150,113,263,306
01/27/2013,JRF,HI,AWP,WE,Federal Contract Tower,0,0,2,2,4,0,0,20,5,25,0,0,22,7,29,68,104,172,201
01/28/2013,JRF,HI,AWP,WE,Federal Contract Tower,0,0,4,10,14,0,0,35,4,39,0,0,39,14,53,150,135,285,338
01/29/2013,JRF,HI,AWP,WE,Federal Contract Tower,0,0,4,6,10,0,0,63,12,75,0,0,67,18,85,228,52,280,365
01/30/2013,JRF,HI,AWP,WE,Federal Contract Tower,0,0,2,4,6,0,0,63,23,86,0,0,65,27,92,213,75,288,380
01/31/2013,JRF,HI,AWP,WE,Federal Contract Tower,0,0,10,6,16,0,0,67,10,77,0,0,77,16,93,354,57,411,504
02/01/2013,JRF,HI,AWP,WE,Federal Contract Tower,0,0,1,9,10,0,0,32,2,34,0,0,33,11,44,234,10,244,288
02/02/2013,JRF,HI,AWP,WE,Federal Contract Tower,0,0,6,0,6,0,0,54,6,60,0,0,60,6,66,287,22,309,375
02/03/2013,JRF,HI,AWP,WE,Federal Contract Tower,0,0,2,2,4,0,0,39,5,44,0,0,41,7,48,110,19,129,177
02/04/2013,JRF,HI,AWP,WE,Federal Contract Tower,0,0,5,9,14,0,0,41,10,51,0,0,46,19,65,200,51,251,316
02/05/2013,JRF,HI,AWP,WE,Federal Contract Tower,0,0,1,10,11,0,0,42,16,58,0,0,43,26,69,165,121,286,355
02/06/2013,JRF,HI,AWP,WE,Federal Contract Tower,0,0,2,7,9,0,0,82,7,89,0,0,84,14,98,208,51,259,357
02/07/2013,JRF,HI,AWP,WE,Federal Contract Tower,0,0,5,8,13,0,0,48,13,61,0,0,53,21,74,288,69,357,431
02/08/2013,JRF,HI,AWP,WE,Federal Contract Tower,0,0,7,4,11,0,0,85,4,89,0,0,92,8,100,245,60,305,405
02/09/2013,JRF,HI,AWP,WE,Federal Contract Tower,0,0,0,0,0,0,0,41,11,52,0,0,41,11,52,258,42,300,352
02/10/2013,JRF,HI,AWP,WE,Federal Contract Tower,0,0,0,3,3,0,0,74,2,76,0,0,74,5,79,223,11,234,313
02/11/2013,JRF,HI,AWP,WE,Federal Contract Tower,0,0,7,9,16,0,0,59,5,64,0,0,66,14,80,227,96,323,403
02/12/2013,JRF,HI,AWP,WE,Federal Contract Tower,0,0,8,15,23,0,0,48,12,60,0,0,56,27,83,164,116,280,363
02/13/2013,JRF,HI,AWP,WE,Federal Contract Tower,0,0,2,11,13,0,0,43,21,64,0,0,45,32,77,144,92,236,313
02/14/2013,JRF,HI,AWP,WE,Federal Contract Tower,0,0,13,7,20,0,0,60,10,70,0,0,73,17,90,236,103,339,429
02/15/2013,JRF,HI,AWP,WE,Federal Contract Tower,0,0,2,14,16,0,0,57,4,61,0,0,59,18,77,163,134,297,374
02/16/2013,JRF,HI,AWP,WE,Federal Contract Tower,0,0,5,4,9,0,0,40,2,42,0,0,45,6,51,177,6,183,234
02/17/2013,JRF,HI,AWP,WE,Federal Contract Tower,0,0,7,1,8,0,0,19,4,23,0,0,26,5,31,83,115,198,229
02/18/2013,JRF,HI,AWP,WE,Federal Contract Tower,0,0,4,2,6,0,0,14,2,16,0,0,18,4,22,142,106,248,270
02/19/2013,JRF,HI,AWP,WE,Federal Contract Tower,0,0,2,6,8,0,0,50,30,80,0,0,52,36,88,211,66,277,365
02/20/2013,JRF,HI,AWP,WE,Federal Contract Tower,0,0,4,2,6,0,0,65,3,68,0,0,69,5,74,169,120,289,363
02/21/2013,JRF,HI,AWP,WE,Federal Contract Tower,0,0,4,8,12,0,0,70,8,78,0,0,74,16,90,206,47,253,343
02/22/2013,JRF,HI,AWP,WE,Federal Contract Tower,0,0,4,5,9,1,0,24,14,39,1,0,28,19,48,172,45,217,265
02/23/2013,JRF,HI,AWP,WE,Federal Contract Tower,0,0,4,4,8,0,0,39,5,44,0,0,43,9,52,254,10,264,316
02/24/2013,JRF,HI,AWP,WE,Federal Contract Tower,0,0,8,1,9,0,0,47,3,50,0,0,55,4,59,194,4,198,257
02/25/2013,JRF,HI,AWP,WE,Federal Contract Tower,0,0,2,5,7,0,0,65,24,89,0,0,67,29,96,212,121,333,429
02/26/2013,JRF,HI,AWP,WE,Federal Contract Tower,0,0,0,7,7,0,0,39,19,58,0,0,39,26,65,145,140,285,350
02/27/2013,JRF,HI,AWP,WE,Federal Contract Tower,0,0,4,0,4,0,0,32,9,41,0,0,36,9,45,131,109,240,285
02/28/2013,JRF,HI,AWP,WE,Federal Contract Tower,0,0,2,8,10,0,0,84,4,88,0,0,86,12,98,185,31,216,314
03/01/2013,JRF,HI,AWP,WE,Federal Contract Tower,0,0,5,5,10,0,0,65,6,71,0,0,70,11,81,238,37,275,356
03/02/2013,JRF,HI,AWP,WE,Federal Contract Tower,0,0,2,0,2,0,0,82,4,86,0,0,84,4,88,154,64,218,306
03/03/2013,JRF,HI,AWP,WE,Federal Contract Tower,0,0,5,2,7,0,0,49,2,51,0,0,54,4,58,207,9,216,274
03/04/2013,JRF,HI,AWP,WE,Federal Contract Tower,0,0,6,6,12,0,0,55,10,65,0,0,61,16,77,196,60,256,333
03/05/2013,JRF,HI,AWP,WE,Federal Contract Tower,0,0,2,9,11,0,0,64,18,82,0,0,66,27,93,226,77,303,396
03/06/2013,JRF,HI,AWP,WE,Federal Contract Tower,0,0,10,10,20,0,0,24,6,30,0,0,34,16,50,185,162,347,397
03/07/2013,JRF,HI,AWP,WE,Federal Contract Tower,0,0,7,5,12,0,0,34,6,40,0,0,41,11,52,241,54,295,347
03/08/2013,JRF,HI,AWP,WE,Federal Contract Tower,0,0,7,0,7,0,0,67,5,72,0,0,74,5,79,259,49,308,387
03/09/2013,JRF,HI,AWP,WE,Federal Contract Tower,0,0,2,0,2,0,0,50,0,50,0,0,52,0,52,177,2,179,231
03/10/2013,JRF,HI,AWP,WE,Federal Contract Tower,0,0,1,2,3,0,0,0,0,0,0,0,1,2,3,14,1,15,18
03/11/2013,JRF,HI,AWP,WE,Federal Contract Tower,0,0,4,4,8,0,0,12,76,88,0,0,16,80,96,242,41,283,379
03/12/2013,JRF,HI,AWP,WE,Federal Contract Tower,0,0,2,6,8,0,0,67,16,83,0,0,69,22,91,235,100,335,426
03/13/2013,JRF,HI,AWP,WE,Federal Contract Tower,0,0,2,9,11,0,0,34,2,36,0,0,36,11,47,233,150,383,430
03/14/2013,JRF,HI,AWP,WE,Federal Contract Tower,0,0,2,5,7,0,0,43,4,47,0,0,45,9,54,282,76,358,412
03/15/2013,JRF,HI,AWP,WE,Federal Contract Tower,0,0,7,0,7,0,0,52,3,55,0,0,59,3,62,183,44,227,289
03/16/2013,JRF,HI,AWP,WE,Federal Contract Tower,0,0,2,0,2,0,0,54,2,56,0,0,56,2,58,253,17,270,328
03/17/2013,JRF,HI,AWP,WE,Federal Contract Tower,0,0,0,0,0,0,0,48,6,54,0,0,48,6,54,224,33,257,311
03/18/2013,JRF,HI,AWP,WE,Federal Contract Tower,0,0,7,8,15,0,0,54,10,64,0,0,61,18,79,267,81,348,427
03/19/2013,JRF,HI,AWP,WE,Federal Contract Tower,0,0,5,15,20,0,0,76,14,90,0,0,81,29,110,349,147,496,606
03/20/2013,JRF,HI,AWP,WE,Federal Contract Tower,0,0,4,5,9,0,0,51,0,51,0,0,55,5,60,290,101,391,451
03/21/2013,JRF,HI,AWP,WE,Federal Contract Tower,0,0,2,4,6,0,0,41,5,46,0,0,43,9,52,305,124,429,481
03/22/2013,JRF,HI,AWP,WE,Federal Contract Tower,0,0,3,1,4,0,0,24,1,25,0,0,27,2,29,227,102,329,358
03/23/2013,JRF,HI,AWP,WE,Federal Contract Tower,0,0,2,2,4,0,0,57,12,69,0,0,59,14,73,190,25,215,288
03/24/2013,JRF,HI,AWP,WE,Federal Contract Tower,0,0,1,0,1,0,0,12,1,13,0,0,13,1,14,113,50,163,177
03/25/2013,JRF,HI,AWP,WE,Federal Contract Tower,0,0,4,9,13,0,0,82,7,89,0,0,86,16,102,433,78,511,613
03/26/2013,JRF,HI,AWP,WE,Federal Contract Tower,0,0,9,12,21,0,0,53,13,66,0,0,62,25,87,277,74,351,438
03/27/2013,JRF,HI,AWP,WE,Federal Contract Tower,0,0,5,2,7,0,0,32,10,42,0,0,37,12,49,159,142,301,350
03/28/2013,JRF,HI,AWP,WE,Federal Contract Tower,0,0,6,9,15,0,0,50,29,79,0,0,56,38,94,205,56,261,355
03/29/2013,JRF,HI,AWP,WE,Federal Contract Tower,0,0,7,7,14,0,0,85,0,85,0,0,92,7,99,265,41,306,405
03/30/2013,JRF,HI,AWP,WE,Federal Contract Tower,0,0,1,0,1,0,0,43,4,47,0,0,44,4,48,230,11,241,289
03/31/2013,JRF,HI,AWP,WE,Federal Contract Tower,0,0,1,0,1,0,0,31,0,31,0,0,32,0,32,145,12,157,189
04/01/2013,JRF,HI,AWP,WE,Federal Contract Tower,0,0,1,9,10,0,0,60,14,74,0,0,61,23,84,217,74,291,375
04/02/2013,JRF,HI,AWP,WE,Federal Contract Tower,0,0,4,4,8,0,0,62,12,74,0,0,66,16,82,254,107,361,443
04/03/2013,JRF,HI,AWP,WE,Federal Contract Tower,0,0,4,9,13,0,0,51,4,55,0,0,55,13,68,347,98,445,513
04/04/2013,JRF,HI,AWP,WE,Federal Contract Tower,0,0,5,5,10,0,0,54,7,61,0,0,59,12,71,328,111,439,510
04/05/2013,JRF,HI,AWP,WE,Federal Contract Tower,0,0,5,3,8,0,0,36,2,38,0,0,41,5,46,354,28,382,428
04/06/2013,JRF,HI,AWP,WE,Federal Contract Tower,0,0,0,2,2,0,0,43,4,47,0,0,43,6,49,328,33,361,410
04/07/2013,JRF,HI,AWP,WE,Federal Contract Tower,0,0,5,0,5,0,0,35,0,35,0,0,40,0,40,222,0,222,262
04/08/2013,JRF,HI,AWP,WE,Federal Contract Tower,0,0,2,6,8,0,0,59,14,73,0,0,61,20,81,304,79,383,464
04/09/2013,JRF,HI,AWP,WE,Federal Contract Tower,0,0,6,5,11,0,0,71,10,81,0,0,77,15,92,343,104,447,539
04/10/2013,JRF,HI,AWP,WE,Federal Contract Tower,0,0,7,8,15,0,0,71,16,87,0,0,78,24,102,371,84,455,557
04/11/2013,JRF,HI,AWP,WE,Federal Contract Tower,0,0,7,4,11,0,0,52,9,61,0,0,59,13,72,248,112,360,432
04/12/2013,JRF,HI,AWP,WE,Federal Contract Tower,1,0,2,7,10,0,0,45,7,52,1,0,47,14,62,247,50,297,359
04/13/2013,JRF,HI,AWP,WE,Federal Contract Tower,0,0,4,0,4,0,0,19,4,23,0,0,23,4,27,108,8,116,143
04/14/2013,JRF,HI,AWP,WE,Federal Contract Tower,0,0,2,0,2,0,0,12,0,12,0,0,14,0,14,82,1,83,97
04/15/2013,JRF,HI,AWP,WE,Federal Contract Tower,0,0,10,10,20,0,0,33,12,45,0,0,43,22,65,120,97,217,282
04/16/2013,JRF,HI,AWP,WE,Federal Contract Tower,0,0,4,4,8,0,0,71,23,94,0,0,75,27,102,286,69,355,457
04/17/2013,JRF,HI,AWP,WE,Federal Contract Tower,0,0,4,5,9,0,0,56,4,60,0,0,60,9,69,449,119,568,637
04/18/2013,JRF,HI,AWP,WE,Federal Contract Tower,0,0,2,10,12,0,0,67,4,71,0,0,69,14,83,387,63,450,533
04/19/2013,JRF,HI,AWP,WE,Federal Contract Tower,0,0,3,4,7,0,0,53,1,54,0,0,56,5,61,261,23,284,345
04/20/2013,JRF,HI,AWP,WE,Federal Contract Tower,0,0,1,0,1,0,0,44,0,44,0,0,45,0,45,298,20,318,363
04/21/2013,JRF,HI,AWP,WE,Federal Contract Tower,0,0,3,3,6,0,0,35,0,35,0,0,38,3,41,178,1,179,220
04/22/2013,JRF,HI,AWP,WE,Federal Contract Tower,0,1,9,0,10,0,0,40,16,56,0,1,49,16,66,209,141,350,416
04/23/2013,JRF,HI,AWP,WE,Federal Contract Tower,0,0,4,6,10,0,0,75,16,91,0,0,79,22,101,298,91,389,490
04/24/2013,JRF,HI,AWP,WE,Federal Contract Tower,0,0,1,6,7,0,0,35,11,46,0,0,36,17,53,198,66,264,317
04/25/2013,JRF,HI,AWP,WE,Federal Contract Tower,0,0,3,7,10,0,0,61,23,84,0,0,64,30,94,270,114,384,478
04/26/2013,JRF,HI,AWP,WE,Federal Contract Tower,0,0,4,4,8,1,0,39,1,41,1,0,43,5,49,234,22,256,305
04/27/2013,JRF,HI,AWP,WE,Federal Contract Tower,0,0,2,2,4,0,0,64,0,64,0,0,66,2,68,370,5,375,443
04/28/2013,JRF,HI,AWP,WE,Federal Contract Tower,0,0,5,1,6,0,0,46,2,48,0,0,51,3,54,260,3,263,317
04/29/2013,JRF,HI,AWP,WE,Federal Contract Tower,0,0,7,8,15,0,0,85,21,106,0,0,92,29,121,316,98,414,535
04/30/2013,JRF,HI,AWP,WE,Federal Contract Tower,0,0,4,17,21,0,0,71,16,87,0,0,75,33,108,275,125,400,508
05/01/2013,JRF,HI,AWP,WE,Federal Contract Tower,0,0,7,1,8,0,0,58,17,75,0,0,65,18,83,290,75,365,448
05/02/2013,JRF,HI,AWP,WE,Federal Contract Tower,0,0,9,16,25,0,0,74,15,89,0,0,83,31,114,331,155,486,600
05/03/2013,JRF,HI,AWP,WE,Federal Contract Tower,0,0,5,0,5,0,0,65,0,65,0,0,70,0,70,338,2,340,410
05/04/2013,JRF,HI,AWP,WE,Federal Contract Tower,0,0,2,0,2,0,0,68,5,73,0,0,70,5,75,331,2,333,408
05/05/2013,JRF,HI,AWP,WE,Federal Contract Tower,0,0,1,4,5,0,0,13,0,13,0,0,14,4,18,87,3,90,108
05/06/2013,JRF,HI,AWP,WE,Federal Contract Tower,0,0,2,5,7,0,0,45,3,48,0,0,47,8,55,342,69,411,466
05/07/2013,JRF,HI,AWP,WE,Federal Contract Tower,0,0,1,2,3,0,0,101,11,112,0,0,102,13,115,419,73,492,607
05/08/2013,JRF,HI,AWP,WE,Federal Contract Tower,0,0,2,2,4,0,0,91,22,113,0,0,93,24,117,405,42,447,564
05/09/2013,JRF,HI,AWP,WE,Federal Contract Tower,0,0,0,4,4,0,0,49,11,60,0,0,49,15,64,237,121,358,422
05/10/2013,JRF,HI,AWP,WE,Federal Contract Tower,0,0,7,3,10,0,0,60,4,64,0,0,67,7,74,184,24,208,282
05/11/2013,JRF,HI,AWP,WE,Federal Contract Tower,0,0,0,1,1,0,0,39,0,39,0,0,39,1,40,242,25,267,307
05/12/2013,JRF,HI,AWP,WE,Federal Contract Tower,0,0,3,1,4,0,0,34,0,34,0,0,37,1,38,202,14,216,254
05/13/2013,JRF,HI,AWP,WE,Federal Contract Tower,0,0,4,7,11,0,0,30,6,36,0,0,34,13,47,241,126,367,414
05/14/2013,JRF,HI,AWP,WE,Federal Contract Tower,0,0,3,10,13,0,0,89,23,112,0,0,92,33,125,295,180,475,600
05/15/2013,JRF,HI,AWP,WE,Federal Contract Tower,0,0,2,6,8,0,0,71,19,90,0,0,73,25,98,243,52,295,393
05/16/2013,JRF,HI,AWP,WE,Federal Contract Tower,0,0,3,7,10,0,0,62,39,101,0,0,65,46,111,271,106,377,488
05/17/2013,JRF,HI,AWP,WE,Federal Contract Tower,0,0,6,3,9,0,0,62,5,67,0,0,68,8,76,221,13,234,310
05/18/2013,JRF,HI,AWP,WE,Federal Contract Tower,0,0,1,2,3,0,0,16,1,17,0,0,17,3,20,174,16,190,210
05/19/2013,JRF,HI,AWP,WE,Federal Contract Tower,0,0,1,0,1,0,0,35,0,35,0,0,36,0,36,250,3,253,289
05/20/2013,JRF,HI,AWP,WE,Federal Contract Tower,0,0,1,7,8,0,0,42,7,49,0,0,43,14,57,259,111,370,427
05/21/2013,JRF,HI,AWP,WE,Federal Contract Tower,0,0,1,6,7,0,0,75,29,104,0,0,76,35,111,320,107,427,538
05/22/2013,JRF,HI,AWP,WE,Federal Contract Tower,0,0,4,8,12,0,0,65,27,92,0,0,69,35,104,230,208,438,542
05/23/2013,JRF,HI,AWP,WE,Federal Contract Tower,0,0,4,4,8,0,0,51,12,63,0,0,55,16,71,224,87,311,382
05/24/2013,JRF,HI,AWP,WE,Federal Contract Tower,0,0,9,2,11,0,0,68,1,69,0,0,77,3,80,372,5,377,457
05/25/2013,JRF,HI,AWP,WE,Federal Contract Tower,0,0,0,1,1,0,0,57,1,58,0,0,57,2,59,308,34,342,401
05/26/2013,JRF,HI,AWP,WE,Federal Contract Tower,0,0,0,1,1,0,0,17,0,17,0,0,17,1,18,102,10,112,130
05/27/2013,JRF,HI,AWP,WE,Federal Contract Tower,0,0,1,1,2,0,0,20,9,29,0,0,21,10,31,238,4,242,273
05/28/2013,JRF,HI,AWP,WE,Federal Contract Tower,0,0,0,5,5,0,0,84,17,101,0,0,84,22,106,342,90,432,538
05/29/2013,JRF,HI,AWP,WE,Federal Contract Tower,0,0,4,5,9,0,0,73,17,90,0,0,77,22,99,306,85,391,490
05/30/2013,JRF,HI,AWP,WE,Federal Contract Tower,0,0,1,3,4,0,0,72,7,79,0,0,73,10,83,217,16,233,316
05/31/2013,JRF,HI,AWP,WE,Federal Contract Tower,0,0,3,2,5,0,0,48,33,81,0,0,51,35,86,243,32,275,361
06/01/2013,JRF,HI,AWP,WE,Federal Contract Tower,0,0,1,1,2,0,0,35,0,35,0,0,36,1,37,200,35,235,272
06/02/2013,JRF,HI,AWP,WE,Federal Contract Tower,0,0,2,2,4,0,0,25,0,25,0,0,27,2,29,245,8,253,282
06/03/2013,JRF,HI,AWP,WE,Federal Contract Tower,0,0,2,7,9,0,0,49,14,63,0,0,51,21,72,375,61,436,508
06/04/2013,JRF,HI,AWP,WE,Federal Contract Tower,0,0,0,6,6,0,0,62,12,74,0,0,62,18,80,313,134,447,527
06/05/2013,JRF,HI,AWP,WE,Federal Contract Tower,0,0,3,18,21,0,0,58,18,76,0,0,61,36,97,332,100,432,529
06/06/2013,JRF,HI,AWP,WE,Federal Contract Tower,0,0,2,9,11,0,0,55,17,72,0,0,57,26,83,286,119,405,488
06/07/2013,JRF,HI,AWP,WE,Federal Contract Tower,0,0,2,1,3,0,0,36,7,43,0,0,38,8,46,310,14,324,370
06/08/2013,JRF,HI,AWP,WE,Federal Contract Tower,0,0,0,2,2,0,0,11,2,13,0,0,11,4,15,274,26,300,315
06/09/2013,JRF,HI,AWP,WE,Federal Contract Tower,0,0,2,3,5,0,0,37,0,37,0,0,39,3,42,213,26,239,281
06/10/2013,JRF,HI,AWP,WE,Federal Contract Tower,0,0,4,12,16,0,0,26,19,45,0,0,30,31,61,272,117,389,450
06/11/2013,JRF,HI,AWP,WE,Federal Contract Tower,0,0,5,5,10,0,0,87,48,135,0,0,92,53,145,313,99,412,557
06/12/2013,JRF,HI,AWP,WE,Federal Contract Tower,0,0,12,10,22,0,0,77,28,105,0,0,89,38,127,325,77,402,529
06/13/2013,JRF,HI,AWP,WE,Federal Contract Tower,0,0,11,11,22,0,0,44,6,50,0,0,55,17,72,238,76,314,386
06/14/2013,JRF,HI,AWP,WE,Federal Contract Tower,0,0,3,1,4,0,0,59,6,65,0,0,62,7,69,296,15,311,380
06/15/2013,JRF,HI,AWP,WE,Federal Contract Tower,0,0,2,1,3,0,0,53,7,60,0,0,55,8,63,286,13,299,362
06/16/2013,JRF,HI,AWP,WE,Federal Contract Tower,0,0,8,2,10,0,0,23,3,26,0,0,31,5,36,272,6,278,314
06/17/2013,JRF,HI,AWP,WE,Federal Contract Tower,0,0,9,7,16,0,0,68,22,90,0,0,77,29,106,470,48,518,624
06/18/2013,JRF,HI,AWP,WE,Federal Contract Tower,0,0,0,9,9,0,0,31,16,47,0,0,31,25,56,270,70,340,396
06/19/2013,JRF,HI,AWP,WE,Federal Contract Tower,0,0,1,4,5,0,0,46,21,67,0,0,47,25,72,368,71,439,511
06/20/2013,JRF,HI,AWP,WE,Federal Contract Tower,0,0,10,7,17,0,0,53,13,66,0,0,63,20,83,425,136,561,644
06/21/2013,JRF,HI,AWP,WE,Federal Contract Tower,0,0,6,7,13,0,0,73,12,85,0,0,79,19,98,305,85,390,488
06/22/2013,JRF,HI,AWP,WE,Federal Contract Tower,0,0,0,3,3,0,0,48,8,56,0,0,48,11,59,226,40,266,325
06/23/2013,JRF,HI,AWP,WE,Federal Contract Tower,0,0,6,2,8,0,0,39,4,43,0,0,45,6,51,188,11,199,250
06/24/2013,JRF,HI,AWP,WE,Federal Contract Tower,0,0,5,6,11,0,0,35,19,54,0,0,40,25,65,322,86,408,473
06/25/2013,JRF,HI,AWP,WE,Federal Contract Tower,0,0,3,5,8,0,0,32,41,73,0,0,35,46,81,405,91,496,577
06/26/2013,JRF,HI,AWP,WE,Federal Contract Tower,0,0,7,5,12,0,0,57,9,66,0,0,64,14,78,495,153,648,726
06/27/2013,JRF,HI,AWP,WE,Federal Contract Tower,0,0,5,7,12,0,0,36,15,51,0,0,41,22,63,305,152,457,520
06/28/2013,JRF,HI,AWP,WE,Federal Contract Tower,0,0,4,6,10,0,0,56,1,57,0,0,60,7,67,331,11,342,409
06/29/2013,JRF,HI,AWP,WE,Federal Contract Tower,0,0,4,1,5,0,0,44,3,47,0,0,48,4,52,219,35,254,306
06/30/2013,JRF,HI,AWP,WE,Federal Contract Tower,0,0,9,1,10,0,0,27,3,30,0,0,36,4,40,157,4,161,201
07/01/2013,JRF,HI,AWP,WE,Federal Contract Tower,0,0,8,5,13,0,0,43,2,45,0,0,51,7,58,578,141,719,777
07/02/2013,JRF,HI,AWP,WE,Federal Contract Tower,0,0,4,6,10,0,0,29,15,44,0,0,33,21,54,345,170,515,569
07/03/2013,JRF,HI,AWP,WE,Federal Contract Tower,0,0,4,6,10,0,0,34,10,44,0,0,38,16,54,387,47,434,488
07/04/2013,JRF,HI,AWP,WE,Federal Contract Tower,0,0,0,0,0,0,0,0,28,28,0,0,0,28,28,220,18,238,266
07/05/2013,JRF,HI,AWP,WE,Federal Contract Tower,0,0,3,0,3,0,0,60,8,68,0,0,63,8,71,314,29,343,414
07/06/2013,JRF,HI,AWP,WE,Federal Contract Tower,0,0,0,2,2,0,0,40,2,42,0,0,40,4,44,176,6,182,226
07/07/2013,JRF,HI,AWP,WE,Federal Contract Tower,0,0,5,7,12,0,0,57,2,59,0,0,62,9,71,226,18,244,315
07/08/2013,JRF,HI,AWP,WE,Federal Contract Tower,0,0,6,6,12,0,0,47,10,57,0,0,53,16,69,333,89,422,491
07/09/2013,JRF,HI,AWP,WE,Federal Contract Tower,0,0,5,7,12,0,0,58,26,84,0,0,63,33,96,283,67,350,446
07/10/2013,JRF,HI,AWP,WE,Federal Contract Tower,0,0,1,7,8,0,0,38,13,51,0,0,39,20,59,270,103,373,432
07/11/2013,JRF,HI,AWP,WE,Federal Contract Tower,0,0,7,6,13,0,0,61,15,76,0,0,68,21,89,252,191,443,532
07/12/2013,JRF,HI,AWP,WE,Federal Contract Tower,0,0,3,5,8,0,0,80,2,82,0,0,83,7,90,332,63,395,485
07/13/2013,JRF,HI,AWP,WE,Federal Contract Tower,0,0,0,0,0,0,0,67,3,70,0,0,67,3,70,268,9,277,347
07/14/2013,JRF,HI,AWP,WE,Federal Contract Tower,0,0,0,1,1,0,0,55,10,65,0,0,55,11,66,198,7,205,271
07/15/2013,JRF,HI,AWP,WE,Federal Contract Tower,0,0,1,4,5,0,0,85,41,126,0,0,86,45,131,281,67,348,479
07/16/2013,JRF,HI,AWP,WE,Federal Contract Tower,0,0,1,10,11,0,0,66,9,75,0,0,67,19,86,435,76,511,597
07/17/2013,JRF,HI,AWP,WE,Federal Contract Tower,0,0,4,6,10,0,0,35,5,40,0,0,39,11,50,356,92,448,498
07/18/2013,JRF,HI,AWP,WE,Federal Contract Tower,0,0,1,3,4,0,0,65,17,82,0,0,66,20,86,502,43,545,631
07/19/2013,JRF,HI,AWP,WE,Federal Contract Tower,0,0,2,3,5,0,0,65,20,85,0,0,67,23,90,375,15,390,480
07/20/2013,JRF,HI,AWP,WE,Federal Contract Tower,0,0,2,2,4,0,0,49,0,49,0,0,51,2,53,199,15,214,267
07/21/2013,JRF,HI,AWP,WE,Federal Contract Tower,0,0,2,0,2,0,0,40,2,42,0,0,42,2,44,132,2,134,178
07/22/2013,JRF,HI,AWP,WE,Federal Contract Tower,0,0,1,3,4,0,0,44,24,68,0,0,45,27,72,317,91,408,480
07/23/2013,JRF,HI,AWP,WE,Federal Contract Tower,0,0,0,9,9,0,0,53,16,69,0,0,53,25,78,381,118,499,577
07/24/2013,JRF,HI,AWP,WE,Federal Contract Tower,0,0,1,4,5,0,0,28,12,40,0,0,29,16,45,408,49,457,502
07/25/2013,JRF,HI,AWP,WE,Federal Contract Tower,0,0,7,6,13,0,0,34,17,51,0,0,41,23,64,309,87,396,460
07/26/2013,JRF,HI,AWP,WE,Federal Contract Tower,0,0,0,4,4,0,0,53,5,58,0,0,53,9,62,204,29,233,295
07/27/2013,JRF,HI,AWP,WE,Federal Contract Tower,0,0,4,0,4,0,0,18,5,23,0,0,22,5,27,129,30,159,186
07/28/2013,JRF,HI,AWP,WE,Federal Contract Tower,0,0,0,0,0,0,0,16,0,16,0,0,16,0,16,125,4,129,145
07/29/2013,JRF,HI,AWP,WE,Federal Contract Tower,0,0,0,3,3,0,0,3,14,17,0,0,3,17,20,18,59,77,97
07/30/2013,JRF,HI,AWP,WE,Federal Contract Tower,0,0,2,4,6,0,0,23,2,25,0,0,25,6,31,241,36,277,308
07/31/2013,JRF,HI,AWP,WE,Federal Contract Tower,0,0,3,8,11,0,0,44,12,56,0,0,47,20,67,240,87,327,394
08/01/2013,JRF,HI,AWP,WE,Federal Contract Tower,0,0,4,4,8,0,0,66,27,93,0,0,70,31,101,364,72,436,537
08/02/2013,JRF,HI,AWP,WE,Federal Contract Tower,0,0,1,6,7,0,0,61,0,61,0,0,62,6,68,326,27,353,421
08/03/2013,JRF,HI,AWP,WE,Federal Contract Tower,0,0,2,1,3,0,0,33,2,35,0,0,35,3,38,225,18,243,281
08/04/2013,JRF,HI,AWP,WE,Federal Contract Tower,0,0,0,2,2,0,0,56,2,58,0,0,56,4,60,136,14,150,210
08/05/2013,JRF,HI,AWP,WE,Federal Contract Tower,0,0,0,7,7,0,0,48,10,58,0,0,48,17,65,316,142,458,523
08/06/2013,JRF,HI,AWP,WE,Federal Contract Tower,0,0,3,9,12,0,0,69,21,90,0,0,72,30,102,336,88,424,526
08/07/2013,JRF,HI,AWP,WE,Federal Contract Tower,0,0,3,3,6,0,0,67,22,89,0,0,70,25,95,284,28,312,407
08/08/2013,JRF,HI,AWP,WE,Federal Contract Tower,0,0,3,3,6,0,0,57,33,90,0,0,60,36,96,281,94,375,471
08/09/2013,JRF,HI,AWP,WE,Federal Contract Tower,0,0,1,3,4,0,0,63,6,69,0,0,64,9,73,320,14,334,407
08/10/2013,JRF,HI,AWP,WE,Federal Contract Tower,0,0,0,0,0,0,0,13,1,14,0,0,13,1,14,100,8,108,122
08/11/2013,JRF,HI,AWP,WE,Federal Contract Tower,0,0,6,0,6,0,0,36,5,41,0,0,42,5,47,161,92,253,300
08/12/2013,JRF,HI,AWP,WE,Federal Contract Tower,0,0,2,6,8,0,0,46,20,66,0,0,48,26,74,330,90,420,494
08/13/2013,JRF,HI,AWP,WE,Federal Contract Tower,0,0,4,2,6,0,0,70,36,106,0,0,74,38,112,239,87,326,438
08/14/2013,JRF,HI,AWP,WE,Federal Contract Tower,0,0,3,9,12,0,0,61,20,81,0,0,64,29,93,280,105,385,478
08/15/2013,JRF,HI,AWP,WE,Federal Contract Tower,0,0,6,9,15,0,0,42,4,46,0,0,48,13,61,315,97,412,473
08/16/2013,JRF,HI,AWP,WE,Federal Contract Tower,0,0,5,1,6,0,0,40,6,46,0,0,45,7,52,232,12,244,296
08/17/2013,JRF,HI,AWP,WE,Federal Contract Tower,0,0,0,1,1,0,0,27,1,28,0,0,27,2,29,250,62,312,341
08/18/2013,JRF,HI,AWP,WE,Federal Contract Tower,0,0,0,0,0,0,0,24,4,28,0,0,24,4,28,197,50,247,275
08/19/2013,JRF,HI,AWP,WE,Federal Contract Tower,0,0,4,5,9,0,0,38,6,44,0,0,42,11,53,362,187,549,602
08/20/2013,JRF,HI,AWP,WE,Federal Contract Tower,0,0,3,2,5,0,0,68,30,98,0,0,71,32,103,323,61,384,487
08/21/2013,JRF,HI,AWP,WE,Federal Contract Tower,0,0,8,2,10,0,0,50,9,59,0,0,58,11,69,252,56,308,377
08/22/2013,JRF,HI,AWP,WE,Federal Contract Tower,0,0,3,3,6,0,0,37,32,69,0,0,40,35,75,216,42,258,333
08/23/2013,JRF,HI,AWP,WE,Federal Contract Tower,0,0,5,7,12,0,0,22,4,26,0,0,27,11,38,271,90,361,399
08/24/2013,JRF,HI,AWP,WE,Federal Contract Tower,0,0,1,0,1,0,0,18,2,20,0,0,19,2,21,167,19,186,207
08/25/2013,JRF,HI,AWP,WE,Federal Contract Tower,0,0,2,0,2,0,0,16,2,18,0,0,18,2,20,186,4,190,210
08/26/2013,JRF,HI,AWP,WE,Federal Contract Tower,0,0,2,9,11,0,0,38,16,54,0,0,40,25,65,275,89,364,429
08/27/2013,JRF,HI,AWP,WE,Federal Contract Tower,0,0,3,7,10,0,0,51,34,85,0,0,54,41,95,258,192,450,545
08/28/2013,JRF,HI,AWP,WE,Federal Contract Tower,0,0,4,5,9,0,0,49,16,65,0,0,53,21,74,242,149,391,465
08/29/2013,JRF,HI,AWP,WE,Federal Contract Tower,0,0,2,8,10,0,0,35,6,41,0,0,37,14,51,251,71,322,373
08/30/2013,JRF,HI,AWP,WE,Federal Contract Tower,0,0,6,3,9,0,0,43,1,44,0,0,49,4,53,264,1,265,318
08/31/2013,JRF,HI,AWP,WE,Federal Contract Tower,0,0,2,0,2,0,0,18,0,18,0,0,20,0,20,240,50,290,310
09/01/2013,JRF,HI,AWP,WE,Federal Contract Tower,0,0,1,0,1,0,0,12,0,12,0,0,13,0,13,136,0,136,149
09/02/2013,JRF,HI,AWP,WE,Federal Contract Tower,0,0,0,0,0,0,1,48,2,51,0,1,48,2,51,194,0,194,245
09/03/2013,JRF,HI,AWP,WE,Federal Contract Tower,0,0,3,6,9,0,0,46,19,65,0,0,49,25,74,345,52,397,471
09/04/2013,JRF,HI,AWP,WE,Federal Contract Tower,0,0,3,4,7,0,0,50,40,90,0,0,53,44,97,358,142,500,597
09/05/2013,JRF,HI,AWP,WE,Federal Contract Tower,0,0,4,7,11,0,0,41,44,85,0,0,45,51,96,370,128,498,594
09/06/2013,JRF,HI,AWP,WE,Federal Contract Tower,0,0,5,2,7,0,0,33,4,37,0,0,38,6,44,258,28,286,330
09/07/2013,JRF,HI,AWP,WE,Federal Contract Tower,0,0,4,1,5,0,0,35,8,43,0,0,39,9,48,214,0,214,262
09/08/2013,JRF,HI,AWP,WE,Federal Contract Tower,0,0,0,1,1,0,0,29,0,29,0,0,29,1,30,149,17,166,196
09/09/2013,JRF,HI,AWP,WE,Federal Contract Tower,0,0,1,9,10,0,0,32,12,44,0,0,33,21,54,282,83,365,419
09/10/2013,JRF,HI,AWP,WE,Federal Contract Tower,0,0,6,6,12,0,0,82,43,125,0,0,88,49,137,350,99,449,586
09/11/2013,JRF,HI,AWP,WE,Federal Contract Tower,0,0,2,2,4,0,0,94,17,111,0,0,96,19,115,355,95,450,565
09/12/2013,JRF,HI,AWP,WE,Federal Contract Tower,0,0,7,4,11,0,0,43,19,62,0,0,50,23,73,149,40,189,262
09/13/2013,JRF,HI,AWP,WE,Federal Contract Tower,0,1,4,0,5,0,1,42,7,50,0,2,46,7,55,282,76,358,413
09/14/2013,JRF,HI,AWP,WE,Federal Contract Tower,0,0,38,6,44,0,0,38,6,44,0,0,76,12,88,234,15,249,337
09/15/2013,JRF,HI,AWP,WE,Federal Contract Tower,0,0,12,2,14,0,0,47,0,47,0,0,59,2,61,180,5,185,246
09/16/2013,JRF,HI,AWP,WE,Federal Contract Tower,0,0,1,5,6,0,0,33,27,60,0,0,34,32,66,258,43,301,367
09/17/2013,JRF,HI,AWP,WE,Federal Contract Tower,0,0,4,9,13,0,0,42,29,71,0,0,46,38,84,294,84,378,462
09/18/2013,JRF,HI,AWP,WE,Federal Contract Tower,0,0,8,1,9,0,0,65,29,94,0,0,73,30,103,268,26,294,397
09/19/2013,JRF,HI,AWP,WE,Federal Contract Tower,0,0,5,13,18,0,0,48,14,62,0,0,53,27,80,623,150,773,853
09/20/2013,JRF,HI,AWP,WE,Federal Contract Tower,0,0,5,10,15,0,0,40,13,53,0,0,45,23,68,189,114,303,371
09/21/2013,JRF,HI,AWP,WE,Federal Contract Tower,0,0,0,0,0,0,0,24,14,38,0,0,24,14,38,198,28,226,264
09/22/2013,JRF,HI,AWP,WE,Federal Contract Tower,0,0,2,2,4,0,0,23,1,24,0,0,25,3,28,145,34,179,207
09/23/2013,JRF,HI,AWP,WE,Federal Contract Tower,0,0,1,6,7,0,0,48,13,61,0,0,49,19,68,266,104,370,438
09/24/2013,JRF,HI,AWP,WE,Federal Contract Tower,0,0,13,6,19,0,0,21,62,83,0,0,34,68,102,305,105,410,512
09/25/2013,JRF,HI,AWP,WE,Federal Contract Tower,0,0,9,3,12,0,0,43,15,58,0,0,52,18,70,404,57,461,531
09/26/2013,JRF,HI,AWP,WE,Federal Contract Tower,0,0,5,3,8,0,0,7,10,17,0,0,12,13,25,160,49,209,234
09/27/2013,JRF,HI,AWP,WE,Federal Contract Tower,0,0,3,1,4,0,0,44,5,49,0,0,47,6,53,216,38,254,307
09/28/2013,JRF,HI,AWP,WE,Federal Contract Tower,0,0,2,3,5,0,0,33,5,38,0,0,35,8,43,166,8,174,217
09/29/2013,JRF,HI,AWP,WE,Federal Contract Tower,0,0,0,1,1,0,0,25,1,26,0,0,25,2,27,164,9,173,200
09/30/2013,JRF,HI,AWP,WE,Federal Contract Tower,0,0,5,8,13,0,0,41,13,54,0,0,46,21,67,277,55,332,399
10/01/2013,JRF,HI,AWP,WE,Federal Contract Tower,0,0,2,5,7,0,0,42,8,50,0,0,44,13,57,176,76,252,309
10/02/2013,JRF,HI,AWP,WE,Federal Contract Tower,0,0,2,5,7,0,0,36,46,82,0,0,38,51,89,296,157,453,542
10/03/2013,JRF,HI,AWP,WE,Federal Contract Tower,0,0,2,4,6,0,0,19,2,21,0,0,21,6,27,361,80,441,468
10/04/2013,JRF,HI,AWP,WE,Federal Contract Tower,0,0,9,1,10,0,2,38,13,53,0,2,47,14,63,509,188,697,760
10/05/2013,JRF,HI,AWP,WE,Federal Contract Tower,0,0,3,0,3,0,0,33,2,35,0,0,36,2,38,254,0,254,292
10/06/2013,JRF,HI,AWP,WE,Federal Contract Tower,0,0,4,2,6,0,0,1,20,21,0,0,5,22,27,153,10,163,190
10/07/2013,JRF,HI,AWP,WE,Federal Contract Tower,0,0,1,1,2,0,1,42,6,49,0,1,43,7,51,257,52,309,360
10/08/2013,JRF,HI,AWP,WE,Federal Contract Tower,0,0,2,15,17,0,0,55,17,72,0,0,57,32,89,330,82,412,501
10/09/2013,JRF,HI,AWP,WE,Federal Contract Tower,0,0,6,5,11,0,0,44,6,50,0,0,50,11,61,327,74,401,462
10/10/2013,JRF,HI,AWP,WE,Federal Contract Tower,0,0,3,10,13,0,0,23,6,29,0,0,26,16,42,308,143,451,493
10/11/2013,JRF,HI,AWP,WE,Federal Contract Tower,0,0,4,2,6,0,0,43,8,51,0,0,47,10,57,304,121,425,482
10/12/2013,JRF,HI,AWP,WE,Federal Contract Tower,0,0,6,2,8,0,0,29,1,30,0,0,35,3,38,244,14,258,296
10/13/2013,JRF,HI,AWP,WE,Federal Contract Tower,0,0,3,2,5,0,0,20,2,22,0,0,23,4,27,218,3,221,248
10/14/2013,JRF,HI,AWP,WE,Federal Contract Tower,0,0,8,2,10,0,0,36,3,39,0,0,44,5,49,133,2,135,184
10/15/2013,JRF,HI,AWP,WE,Federal Contract Tower,0,0,2,4,6,0,0,36,14,50,0,0,38,18,56,254,34,288,344
10/16/2013,JRF,HI,AWP,WE,Federal Contract Tower,0,0,0,5,5,0,0,56,11,67,0,0,56,16,72,476,138,614,686
10/17/2013,JRF,HI,AWP,WE,Federal Contract Tower,0,0,0,7,7,0,0,24,6,30,0,0,24,13,37,309,94,403,440
10/18/2013,JRF,HI,AWP,WE,Federal Contract Tower,0,0,1,3,4,0,0,19,4,23,0,0,20,7,27,292,110,402,429
10/19/2013,JRF,HI,AWP,WE,Federal Contract Tower,0,0,0,2,2,0,0,31,2,33,0,0,31,4,35,270,7,277,312
10/20/2013,JRF,HI,AWP,WE,Federal Contract Tower,0,0,0,2,2,0,0,30,2,32,0,0,30,4,34,202,19,221,255
10/21/2013,JRF,HI,AWP,WE,Federal Contract Tower,0,0,0,6,6,0,0,58,34,92,0,0,58,40,98,249,164,413,511
10/22/2013,JRF,HI,AWP,WE,Federal Contract Tower,0,0,2,6,8,0,0,30,33,63,0,0,32,39,71,236,176,412,483
10/23/2013,JRF,HI,AWP,WE,Federal Contract Tower,0,0,0,4,4,0,0,26,12,38,0,0,26,16,42,282,42,324,366
10/24/2013,JRF,HI,AWP,WE,Federal Contract Tower,0,0,1,8,9,0,0,23,11,34,0,0,24,19,43,427,98,525,568
10/25/2013,JRF,HI,AWP,WE,Federal Contract Tower,0,0,6,6,12,0,0,27,6,33,0,0,33,12,45,366,68,434,479
10/26/2013,JRF,HI,AWP,WE,Federal Contract Tower,0,0,0,1,1,0,0,31,5,36,0,0,31,6,37,330,29,359,396
10/27/2013,JRF,HI,AWP,WE,Federal Contract Tower,0,0,0,3,3,0,0,18,3,21,0,0,18,6,24,181,10,191,215
10/28/2013,JRF,HI,AWP,WE,Federal Contract Tower,0,0,1,8,9,0,0,66,79,145,0,0,67,87,154,259,163,422,576
10/29/2013,JRF,HI,AWP,WE,Federal Contract Tower,0,0,3,5,8,0,0,50,22,72,0,0,53,27,80,283,122,405,485
10/30/2013,JRF,HI,AWP,WE,Federal Contract Tower,0,0,4,9,13,0,0,45,14,59,0,0,49,23,72,303,107,410,482
10/31/2013,JRF,HI,AWP,WE,Federal Contract Tower,0,0,3,6,9,0,0,33,34,67,0,0,36,40,76,207,139,346,422
11/01/2013,JRF,HI,AWP,WE,Federal Contract Tower,0,0,1,2,3,0,0,63,13,76,0,0,64,15,79,303,98,401,480
11/02/2013,JRF,HI,AWP,WE,Federal Contract Tower,0,0,6,1,7,0,0,32,0,32,0,0,38,1,39,207,14,221,260
11/03/2013,JRF,HI,AWP,WE,Federal Contract Tower,0,0,10,0,10,0,0,35,1,36,0,0,45,1,46,234,14,248,294
11/04/2013,JRF,HI,AWP,WE,Federal Contract Tower,0,0,4,6,10,0,0,50,26,76,0,0,54,32,86,250,94,344,430
11/05/2013,JRF,HI,AWP,WE,Federal Contract Tower,0,0,6,2,8,0,0,48,20,68,0,0,54,22,76,407,86,493,569
11/06/2013,JRF,HI,AWP,WE,Federal Contract Tower,0,0,5,4,9,0,0,40,12,52,0,0,45,16,61,262,77,339,400
11/07/2013,JRF,HI,AWP,WE,Federal Contract Tower,0,0,13,4,17,0,0,39,11,50,0,0,52,15,67,451,119,570,637
11/08/2013,JRF,HI,AWP,WE,Federal Contract Tower,0,0,5,6,11,0,0,39,2,41,0,0,44,8,52,449,25,474,526
11/09/2013,JRF,HI,AWP,WE,Federal Contract Tower,0,0,1,3,4,0,0,16,5,21,0,0,17,8,25,239,25,264,289
11/10/2013,JRF,HI,AWP,WE,Federal Contract Tower,0,0,1,5,6,0,0,13,0,13,0,0,14,5,19,187,0,187,206
11/11/2013,JRF,HI,AWP,WE,Federal Contract Tower,0,0,8,1,9,0,0,36,4,40,0,0,44,5,49,294,11,305,354
11/12/2013,JRF,HI,AWP,WE,Federal Contract Tower,0,0,8,9,17,0,0,38,18,56,0,0,46,27,73,282,58,340,413
11/13/2013,JRF,HI,AWP,WE,Federal Contract Tower,0,0,8,8,16,0,0,54,27,81,0,0,62,35,97,346,103,449,546
11/14/2013,JRF,HI,AWP,WE,Federal Contract Tower,0,0,9,4,13,0,0,13,19,32,0,0,22,23,45,215,126,341,386
11/15/2013,JRF,HI,AWP,WE,Federal Contract Tower,0,2,3,2,7,0,0,22,12,34,0,2,25,14,41,335,58,393,434
11/16/2013,JRF,HI,AWP,WE,Federal Contract Tower,0,0,5,0,5,0,0,21,0,21,0,0,26,0,26,225,5,230,256
11/17/2013,JRF,HI,AWP,WE,Federal Contract Tower,0,0,8,3,11,0,0,28,0,28,0,0,36,3,39,224,6,230,269
11/18/2013,JRF,HI,AWP,WE,Federal Contract Tower,0,0,7,6,13,0,0,38,26,64,0,0,45,32,77,165,70,235,312
11/19/2013,JRF,HI,AWP,WE,Federal Contract Tower,0,0,3,6,9,0,0,72,22,94,0,0,75,28,103,392,88,480,583
11/20/2013,JRF,HI,AWP,WE,Federal Contract Tower,0,0,10,2,12,0,0,50,20,70,0,0,60,22,82,448,127,575,657
11/21/2013,JRF,HI,AWP,WE,Federal Contract Tower,0,0,4,3,7,0,0,20,10,30,0,0,24,13,37,330,77,407,444
11/22/2013,JRF,HI,AWP,WE,Federal Contract Tower,0,0,9,5,14,0,0,58,20,78,0,0,67,25,92,447,31,478,570
11/23/2013,JRF,HI,AWP,WE,Federal Contract Tower,0,0,0,3,3,0,0,25,0,25,0,0,25,3,28,347,15,362,390
11/24/2013,JRF,HI,AWP,WE,Federal Contract Tower,0,0,0,3,3,0,0,38,1,39,0,0,38,4,42,258,0,258,300
11/25/2013,JRF,HI,AWP,WE,Federal Contract Tower,0,0,3,3,6,0,0,39,21,60,0,0,42,24,66,274,29,303,369
11/26/2013,JRF,HI,AWP,WE,Federal Contract Tower,0,0,3,5,8,0,0,37,15,52,0,0,40,20,60,402,121,523,583
11/27/2013,JRF,HI,AWP,WE,Federal Contract Tower,0,0,5,3,8,0,0,51,3,54,0,0,56,6,62,274,27,301,363
11/28/2013,JRF,HI,AWP,WE,Federal Contract Tower,0,0,2,0,2,0,0,16,2,18,0,0,18,2,20,158,2,160,180
11/29/2013,JRF,HI,AWP,WE,Federal Contract Tower,1,0,2,2,5,0,0,28,2,30,1,0,30,4,35,251,5,256,291
11/30/2013,JRF,HI,AWP,WE,Federal Contract Tower,0,0,0,0,0,0,0,17,2,19,0,0,17,2,19,184,25,209,228
12/01/2013,JRF,HI,AWP,WE,Federal Contract Tower,0,0,0,0,0,0,0,0,0,0,0,0,0,0,0,93,10,103,103
12/02/2013,JRF,HI,AWP,WE,Federal Contract Tower,0,0,5,7,12,0,0,36,12,48,0,0,41,19,60,230,61,291,351
12/03/2013,JRF,HI,AWP,WE,Federal Contract Tower,0,0,4,7,11,0,0,38,16,54,0,0,42,23,65,295,104,399,464
12/04/2013,JRF,HI,AWP,WE,Federal Contract Tower,0,0,10,1,11,0,0,44,18,62,0,0,54,19,73,279,98,377,450
12/05/2013,JRF,HI,AWP,WE,Federal Contract Tower,0,0,4,6,10,0,0,30,15,45,0,0,34,21,55,374,84,458,513
12/06/2013,JRF,HI,AWP,WE,Federal Contract Tower,0,0,6,2,8,0,0,37,8,45,0,0,43,10,53,346,134,480,533
12/07/2013,JRF,HI,AWP,WE,Federal Contract Tower,0,0,3,0,3,0,0,22,5,27,0,0,25,5,30,222,51,273,303
12/08/2013,JRF,HI,AWP,WE,Federal Contract Tower,0,0,1,1,2,0,0,28,0,28,0,0,29,1,30,260,18,278,308
12/09/2013,JRF,HI,AWP,WE,Federal Contract Tower,0,0,3,5,8,0,0,39,32,71,0,0,42,37,79,251,102,353,432
12/10/2013,JRF,HI,AWP,WE,Federal Contract Tower,0,0,8,4,12,0,0,56,24,80,0,0,64,28,92,326,65,391,483
12/11/2013,JRF,HI,AWP,WE,Federal Contract Tower,0,0,2,2,4,0,0,53,50,103,0,0,55,52,107,214,121,335,442
12/12/2013,JRF,HI,AWP,WE,Federal Contract Tower,0,0,3,0,3,0,0,25,24,49,0,0,28,24,52,257,37,294,346
12/13/2013,JRF,HI,AWP,WE,Federal Contract Tower,0,0,5,3,8,0,0,25,10,35,0,0,30,13,43,293,18,311,354
12/14/2013,JRF,HI,AWP,WE,Federal Contract Tower,0,0,4,2,6,0,0,17,4,21,0,0,21,6,27,328,4,332,359
12/15/2013,JRF,HI,AWP,WE,Federal Contract Tower,0,0,1,1,2,0,0,5,1,6,0,0,6,2,8,250,50,300,308
12/16/2013,JRF,HI,AWP,WE,Federal Contract Tower,0,0,6,5,11,0,0,31,18,49,0,0,37,23,60,197,65,262,322
12/17/2013,JRF,HI,AWP,WE,Federal Contract Tower,0,0,3,3,6,0,0,51,20,71,0,0,54,23,77,377,118,495,572
12/18/2013,JRF,HI,AWP,WE,Federal Contract Tower,0,0,5,3,8,0,0,54,33,87,0,0,59,36,95,235,89,324,419
12/19/2013,JRF,HI,AWP,WE,Federal Contract Tower,0,0,1,4,5,0,0,28,33,61,0,0,29,37,66,236,82,318,384
12/20/2013,JRF,HI,AWP,WE,Federal Contract Tower,0,0,7,4,11,0,0,29,6,35,0,0,36,10,46,378,11,389,435
12/21/2013,JRF,HI,AWP,WE,Federal Contract Tower,0,0,2,1,3,0,0,19,6,25,0,0,21,7,28,102,18,120,148
12/22/2013,JRF,HI,AWP,WE,Federal Contract Tower,0,0,0,0,0,0,0,12,0,12,0,0,12,0,12,122,0,122,134
12/23/2013,JRF,HI,AWP,WE,Federal Contract Tower,0,0,5,3,8,0,0,16,2,18,0,0,21,5,26,121,32,153,179
12/24/2013,JRF,HI,AWP,WE,Federal Contract Tower,0,0,0,2,2,0,0,14,4,18,0,0,14,6,20,89,2,91,111
12/25/2013,JRF,HI,AWP,WE,Federal Contract Tower,0,0,0,0,0,0,0,0,0,0,0,0,0,0,0,2,0,2,2
12/26/2013,JRF,HI,AWP,WE,Federal Contract Tower,0,0,1,2,3,0,0,10,1,11,0,0,11,3,14,107,30,137,151
12/27/2013,JRF,HI,AWP,WE,Federal Contract Tower,0,0,6,1,7,0,0,8,3,11,0,0,14,4,18,117,34,151,169
12/28/2013,JRF,HI,AWP,WE,Federal Contract Tower,0,0,0,2,2,0,0,16,2,18,0,0,16,4,20,106,56,162,182
12/29/2013,JRF,HI,AWP,WE,Federal Contract Tower,0,0,0,3,3,0,0,22,2,24,0,0,22,5,27,114,0,114,141
12/30/2013,JRF,HI,AWP,WE,Federal Contract Tower,0,0,5,7,12,0,0,10,14,24,0,0,15,21,36,90,118,208,244
12/31/2013,JRF,HI,AWP,WE,Federal Contract Tower,0,0,0,2,2,0,0,13,2,15,0,0,13,4,17,87,28,115,132
01/01/2014,JRF,HI,AWP,WE,Federal Contract Tower,0,0,4,0,4,0,0,5,0,5,0,0,9,0,9,207,0,207,216
01/02/2014,JRF,HI,AWP,WE,Federal Contract Tower,0,0,3,2,5,0,0,13,2,15,0,0,16,4,20,123,17,140,160
01/03/2014,JRF,HI,AWP,WE,Federal Contract Tower,0,0,3,5,8,0,0,15,0,15,0,0,18,5,23,155,113,268,291
01/04/2014,JRF,HI,AWP,WE,Federal Contract Tower,0,0,0,0,0,0,0,7,2,9,0,0,7,2,9,158,141,299,308
01/05/2014,JRF,HI,AWP,WE,Federal Contract Tower,0,0,0,5,5,0,0,41,2,43,0,0,41,7,48,187,100,287,335
01/06/2014,JRF,HI,AWP,WE,Federal Contract Tower,0,0,3,1,4,0,0,52,32,84,0,0,55,33,88,316,48,364,452
01/07/2014,JRF,HI,AWP,WE,Federal Contract Tower,0,0,5,5,10,0,0,52,35,87,0,0,57,40,97,203,98,301,398
01/08/2014,JRF,HI,AWP,WE,Federal Contract Tower,0,0,7,6,13,0,0,63,23,86,0,0,70,29,99,200,135,335,434
01/09/2014,JRF,HI,AWP,WE,Federal Contract Tower,0,0,10,5,15,0,0,43,27,70,0,0,53,32,85,220,111,331,416
01/10/2014,JRF,HI,AWP,WE,Federal Contract Tower,0,0,8,12,20,0,0,52,12,64,0,0,60,24,84,396,92,488,572
01/11/2014,JRF,HI,AWP,WE,Federal Contract Tower,0,0,3,1,4,0,0,28,6,34,0,0,31,7,38,322,29,351,389
01/12/2014,JRF,HI,AWP,WE,Federal Contract Tower,0,0,1,1,2,0,0,49,0,49,0,0,50,1,51,257,20,277,328
01/13/2014,JRF,HI,AWP,WE,Federal Contract Tower,0,0,5,7,12,0,0,41,24,65,0,0,46,31,77,192,149,341,418
01/14/2014,JRF,HI,AWP,WE,Federal Contract Tower,0,0,6,8,14,0,0,52,36,88,0,0,58,44,102,170,136,306,408
01/15/2014,JRF,HI,AWP,WE,Federal Contract Tower,0,0,4,0,4,0,0,54,26,80,0,0,58,26,84,311,23,334,418
01/16/2014,JRF,HI,AWP,WE,Federal Contract Tower,0,0,12,4,16,0,0,49,23,72,0,0,61,27,88,190,75,265,353
01/17/2014,JRF,HI,AWP,WE,Federal Contract Tower,0,0,3,4,7,0,0,51,6,57,0,0,54,10,64,342,44,386,450
01/18/2014,JRF,HI,AWP,WE,Federal Contract Tower,2,0,0,1,3,0,0,40,1,41,2,0,40,2,44,327,8,335,379
01/19/2014,JRF,HI,AWP,WE,Federal Contract Tower,2,0,2,1,5,0,0,59,4,63,2,0,61,5,68,325,63,388,456
01/20/2014,JRF,HI,AWP,WE,Federal Contract Tower,0,0,1,0,1,0,0,84,5,89,0,0,85,5,90,389,11,400,490
01/21/2014,JRF,HI,AWP,WE,Federal Contract Tower,0,0,6,6,12,0,0,68,34,102,0,0,74,40,114,190,92,282,396
01/22/2014,JRF,HI,AWP,WE,Federal Contract Tower,0,0,0,8,8,0,0,39,34,73,0,0,39,42,81,136,102,238,319
01/23/2014,JRF,HI,AWP,WE,Federal Contract Tower,0,0,8,6,14,0,0,72,29,101,0,0,80,35,115,214,64,278,393
01/24/2014,JRF,HI,AWP,WE,Federal Contract Tower,0,0,10,3,13,0,0,53,22,75,0,0,63,25,88,246,132,378,466
01/25/2014,JRF,HI,AWP,WE,Federal Contract Tower,0,0,1,1,2,0,0,52,26,78,0,0,53,27,80,349,11,360,440
01/26/2014,JRF,HI,AWP,WE,Federal Contract Tower,0,0,3,3,6,0,0,22,2,24,0,0,25,5,30,147,54,201,231
01/27/2014,JRF,HI,AWP,WE,Federal Contract Tower,0,0,2,5,7,0,0,55,56,111,0,0,57,61,118,186,92,278,396
01/28/2014,JRF,HI,AWP,WE,Federal Contract Tower,0,0,5,9,14,0,0,65,55,120,0,0,70,64,134,195,51,246,380
01/29/2014,JRF,HI,AWP,WE,Federal Contract Tower,0,0,14,2,16,0,0,60,55,115,0,0,74,57,131,155,77,232,363
01/30/2014,JRF,HI,AWP,WE,Federal Contract Tower,0,0,1,3,4,0,0,71,30,101,0,0,72,33,105,352,53,405,510
01/31/2014,JRF,HI,AWP,WE,Federal Contract Tower,0,0,3,2,5,0,0,84,28,112,0,0,87,30,117,364,110,474,591
02/01/2014,JRF,HI,AWP,WE,Federal Contract Tower,0,0,0,0,0,0,0,32,3,35,0,0,32,3,35,221,109,330,365
02/02/2014,JRF,HI,AWP,WE,Federal Contract Tower,0,0,1,2,3,0,0,43,2,45,0,0,44,4,48,163,107,270,318
02/03/2014,JRF,HI,AWP,WE,Federal Contract Tower,0,0,3,8,11,0,0,34,35,69,0,0,37,43,80,164,165,329,409
02/04/2014,JRF,HI,AWP,WE,Federal Contract Tower,0,0,2,5,7,0,0,7,10,17,0,0,9,15,24,123,83,206,230
02/05/2014,JRF,HI,AWP,WE,Federal Contract Tower,0,0,0,4,4,0,0,42,31,73,0,0,42,35,77,139,63,202,279
02/06/2014,JRF,HI,AWP,WE,Federal Contract Tower,0,0,6,5,11,0,0,56,26,82,0,0,62,31,93,211,96,307,400
02/07/2014,JRF,HI,AWP,WE,Federal Contract Tower,0,0,3,4,7,0,0,54,35,89,0,0,57,39,96,265,123,388,484
02/08/2014,JRF,HI,AWP,WE,Federal Contract Tower,0,0,3,1,4,0,0,39,4,43,0,0,42,5,47,233,16,249,296
02/09/2014,JRF,HI,AWP,WE,Federal Contract Tower,0,0,1,0,1,0,0,31,4,35,0,0,32,4,36,174,26,200,236
02/10/2014,JRF,HI,AWP,WE,Federal Contract Tower,0,0,8,6,14,0,0,47,57,104,0,0,55,63,118,104,108,212,330
02/11/2014,JRF,HI,AWP,WE,Federal Contract Tower,0,0,6,5,11,0,0,42,42,84,0,0,48,47,95,236,83,319,414
02/12/2014,JRF,HI,AWP,WE,Federal Contract Tower,0,0,4,6,10,0,0,61,27,88,0,0,65,33,98,196,123,319,417
02/13/2014,JRF,HI,AWP,WE,Federal Contract Tower,0,0,6,10,16,0,0,64,39,103,0,0,70,49,119,248,84,332,451
02/14/2014,JRF,HI,AWP,WE,Federal Contract Tower,0,0,3,1,4,0,0,55,38,93,0,0,58,39,97,250,125,375,472
02/15/2014,JRF,HI,AWP,WE,Federal Contract Tower,0,0,1,1,2,0,0,51,6,57,0,0,52,7,59,181,23,204,263
02/16/2014,JRF,HI,AWP,WE,Federal Contract Tower,0,0,1,1,2,0,0,14,5,19,0,0,15,6,21,44,25,69,90
02/17/2014,JRF,HI,AWP,WE,Federal Contract Tower,0,0,2,2,4,0,0,20,0,20,0,0,22,2,24,172,144,316,340
02/18/2014,JRF,HI,AWP,WE,Federal Contract Tower,0,0,2,7,9,0,0,57,26,83,0,0,59,33,92,211,41,252,344
02/19/2014,JRF,HI,AWP,WE,Federal Contract Tower,0,0,4,14,18,0,0,74,34,108,0,0,78,48,126,218,121,339,465
02/20/2014,JRF,HI,AWP,WE,Federal Contract Tower,0,0,5,4,9,0,0,56,21,77,0,0,61,25,86,195,33,228,314
02/21/2014,JRF,HI,AWP,WE,Federal Contract Tower,0,0,4,3,7,0,0,56,36,92,0,0,60,39,99,300,58,358,457
02/22/2014,JRF,HI,AWP,WE,Federal Contract Tower,0,0,1,0,1,0,0,31,11,42,0,0,32,11,43,213,29,242,285
02/23/2014,JRF,HI,AWP,WE,Federal Contract Tower,0,0,2,2,4,0,0,47,1,48,0,0,49,3,52,192,12,204,256
02/24/2014,JRF,HI,AWP,WE,Federal Contract Tower,0,0,9,10,19,0,0,42,28,70,0,0,51,38,89,166,123,289,378
02/25/2014,JRF,HI,AWP,WE,Federal Contract Tower,0,0,6,8,14,0,0,78,30,108,0,0,84,38,122,337,98,435,557
02/26/2014,JRF,HI,AWP,WE,Federal Contract Tower,0,0,5,7,12,0,0,53,31,84,0,0,58,38,96,309,196,505,601
02/27/2014,JRF,HI,AWP,WE,Federal Contract Tower,0,0,1,7,8,0,0,66,27,93,0,0,67,34,101,212,66,278,379
02/28/2014,JRF,HI,AWP,WE,Federal Contract Tower,0,0,2,4,6,0,0,45,49,94,0,0,47,53,100,327,20,347,447
03/01/2014,JRF,HI,AWP,WE,Federal Contract Tower,0,0,5,4,9,0,0,14,3,17,0,0,19,7,26,166,114,280,306
03/02/2014,JRF,HI,AWP,WE,Federal Contract Tower,0,0,0,5,5,0,0,26,0,26,0,0,26,5,31,193,100,293,324
03/03/2014,JRF,HI,AWP,WE,Federal Contract Tower,0,0,2,5,7,0,0,53,45,98,0,0,55,50,105,257,39,296,401
03/04/2014,JRF,HI,AWP,WE,Federal Contract Tower,0,0,0,4,4,0,0,82,20,102,0,0,82,24,106,281,56,337,443
03/05/2014,JRF,HI,AWP,WE,Federal Contract Tower,0,0,1,9,10,0,0,68,39,107,0,0,69,48,117,270,54,324,441
03/06/2014,JRF,HI,AWP,WE,Federal Contract Tower,0,0,3,5,8,0,0,68,49,117,0,0,71,54,125,219,82,301,426
03/07/2014,JRF,HI,AWP,WE,Federal Contract Tower,0,0,5,2,7,0,0,43,10,53,0,0,48,12,60,248,59,307,367
03/08/2014,JRF,HI,AWP,WE,Federal Contract Tower,0,0,0,0,0,1,0,25,34,60,1,0,25,34,60,269,56,325,385
03/09/2014,JRF,HI,AWP,WE,Federal Contract Tower,0,0,1,2,3,0,0,45,2,47,0,0,46,4,50,253,5,258,308
03/10/2014,JRF,HI,AWP,WE,Federal Contract Tower,0,0,2,7,9,0,0,83,15,98,0,0,85,22,107,239,101,340,447
03/11/2014,JRF,HI,AWP,WE,Federal Contract Tower,0,0,2,9,11,0,0,43,18,61,0,0,45,27,72,272,75,347,419
03/12/2014,JRF,HI,AWP,WE,Federal Contract Tower,0,0,2,7,9,0,0,62,22,84,0,0,64,29,93,254,109,363,456
03/13/2014,JRF,HI,AWP,WE,Federal Contract Tower,0,0,0,10,10,25,0,64,23,112,25,0,64,33,122,305,64,369,491
03/14/2014,JRF,HI,AWP,WE,Federal Contract Tower,0,0,0,5,5,1,0,42,11,54,1,0,42,16,59,218,47,265,324
03/15/2014,JRF,HI,AWP,WE,Federal Contract Tower,0,0,0,0,0,0,0,14,2,16,0,0,14,2,16,184,119,303,319
03/16/2014,JRF,HI,AWP,WE,Federal Contract Tower,0,0,0,3,3,0,0,25,5,30,0,0,25,8,33,196,110,306,339
03/17/2014,JRF,HI,AWP,WE,Federal Contract Tower,0,0,4,7,11,0,0,46,22,68,0,0,50,29,79,234,135,369,448
03/18/2014,JRF,HI,AWP,WE,Federal Contract Tower,0,0,8,2,10,0,0,68,13,81,0,0,76,15,91,220,59,279,370
03/19/2014,JRF,HI,AWP,WE,Federal Contract Tower,0,0,5,3,8,0,0,55,41,96,0,0,60,44,104,199,80,279,383
03/20/2014,JRF,HI,AWP,WE,Federal Contract Tower,0,0,6,3,9,0,0,79,27,106,0,0,85,30,115,188,58,246,361
03/21/2014,JRF,HI,AWP,WE,Federal Contract Tower,0,0,15,3,18,0,0,66,20,86,0,0,81,23,104,253,40,293,397
03/22/2014,JRF,HI,AWP,WE,Federal Contract Tower,0,0,0,0,0,0,1,32,5,38,0,1,32,5,38,181,88,269,307
03/23/2014,JRF,HI,AWP,WE,Federal Contract Tower,0,0,0,5,5,0,0,47,0,47,0,0,47,5,52,254,80,334,386
03/24/2014,JRF,HI,AWP,WE,Federal Contract Tower,0,0,2,10,12,0,0,58,13,71,0,0,60,23,83,211,109,320,403
03/25/2014,JRF,HI,AWP,WE,Federal Contract Tower,0,0,9,4,13,0,0,42,41,83,0,0,51,45,96,189,144,333,429
03/26/2014,JRF,HI,AWP,WE,Federal Contract Tower,0,0,6,3,9,0,0,70,36,106,0,0,76,39,115,269,136,405,520
03/27/2014,JRF,HI,AWP,WE,Federal Contract Tower,0,0,0,6,6,0,0,69,13,82,0,0,69,19,88,263,58,321,409
03/28/2014,JRF,HI,AWP,WE,Federal Contract Tower,0,0,2,3,5,0,0,59,8,67,0,0,61,11,72,210,18,228,300
03/29/2014,JRF,HI,AWP,WE,Federal Contract Tower,0,0,5,2,7,0,0,39,5,44,0,0,44,7,51,239,2,241,292
03/30/2014,JRF,HI,AWP,WE,Federal Contract Tower,0,0,6,0,6,0,0,70,2,72,0,0,76,2,78,306,3,309,387
03/31/2014,JRF,HI,AWP,WE,Federal Contract Tower,0,0,5,6,11,0,1,71,22,94,0,1,76,28,105,302,18,320,425
04/01/2014,JRF,HI,AWP,WE,Federal Contract Tower,0,0,7,6,13,0,0,51,23,74,0,0,58,29,87,275,125,400,487
04/02/2014,JRF,HI,AWP,WE,Federal Contract Tower,0,0,3,5,8,0,0,78,33,111,0,0,81,38,119,212,109,321,440
04/03/2014,JRF,HI,AWP,WE,Federal Contract Tower,0,0,4,12,16,0,0,71,24,95,0,0,75,36,111,331,104,435,546
04/04/2014,JRF,HI,AWP,WE,Federal Contract Tower,0,0,2,1,3,0,0,67,6,73,0,0,69,7,76,258,0,258,334
04/05/2014,JRF,HI,AWP,WE,Federal Contract Tower,0,0,7,1,8,0,0,58,2,60,0,0,65,3,68,265,9,274,342
04/06/2014,JRF,HI,AWP,WE,Federal Contract Tower,0,0,10,3,13,0,0,29,3,32,0,0,39,6,45,228,0,228,273
04/07/2014,JRF,HI,AWP,WE,Federal Contract Tower,0,0,6,8,14,0,0,64,30,94,0,0,70,38,108,203,70,273,381
04/08/2014,JRF,HI,AWP,WE,Federal Contract Tower,0,0,11,5,16,0,0,38,27,65,0,0,49,32,81,216,111,327,408
04/09/2014,JRF,HI,AWP,WE,Federal Contract Tower,0,0,4,5,9,0,0,50,25,75,0,0,54,30,84,321,104,425,509
04/10/2014,JRF,HI,AWP,WE,Federal Contract Tower,0,0,1,4,5,0,0,68,22,90,0,0,69,26,95,293,125,418,513
04/11/2014,JRF,HI,AWP,WE,Federal Contract Tower,0,0,4,1,5,0,0,35,7,42,0,0,39,8,47,198,17,215,262
04/12/2014,JRF,HI,AWP,WE,Federal Contract Tower,0,0,2,1,3,0,0,29,2,31,0,0,31,3,34,175,3,178,212
04/13/2014,JRF,HI,AWP,WE,Federal Contract Tower,1,3,0,3,7,0,0,30,2,32,1,3,30,5,39,168,11,179,218
04/14/2014,JRF,HI,AWP,WE,Federal Contract Tower,0,0,6,7,13,0,0,61,18,79,0,0,67,25,92,308,84,392,484
04/15/2014,JRF,HI,AWP,WE,Federal Contract Tower,0,0,4,7,11,0,0,57,19,76,0,0,61,26,87,302,37,339,426
04/16/2014,JRF,HI,AWP,WE,Federal Contract Tower,0,0,12,8,20,0,0,74,16,90,0,0,86,24,110,361,83,444,554
04/17/2014,JRF,HI,AWP,WE,Federal Contract Tower,0,0,5,5,10,0,0,65,15,80,0,0,70,20,90,316,52,368,458
04/18/2014,JRF,HI,AWP,WE,Federal Contract Tower,0,0,5,10,15,0,0,62,6,68,0,0,67,16,83,255,86,341,424
04/19/2014,JRF,HI,AWP,WE,Federal Contract Tower,0,0,1,3,4,0,0,39,3,42,0,0,40,6,46,208,14,222,268
04/20/2014,JRF,HI,AWP,WE,Federal Contract Tower,0,0,1,2,3,0,0,54,3,57,0,0,55,5,60,171,143,314,374
04/21/2014,JRF,HI,AWP,WE,Federal Contract Tower,0,0,5,12,17,0,0,35,3,38,0,0,40,15,55,156,131,287,342
04/22/2014,JRF,HI,AWP,WE,Federal Contract Tower,0,0,13,5,18,0,0,38,10,48,0,0,51,15,66,257,136,393,459
04/23/2014,JRF,HI,AWP,WE,Federal Contract Tower,0,0,12,8,20,0,0,85,33,118,0,0,97,41,138,339,125,464,602
04/24/2014,JRF,HI,AWP,WE,Federal Contract Tower,0,0,2,6,8,0,0,75,30,105,0,0,77,36,113,291,80,371,484
04/25/2014,JRF,HI,AWP,WE,Federal Contract Tower,0,0,2,4,6,0,0,47,9,56,0,0,49,13,62,144,121,265,327
04/26/2014,JRF,HI,AWP,WE,Federal Contract Tower,0,0,0,2,2,0,0,42,2,44,0,0,42,4,46,255,8,263,309
04/27/2014,JRF,HI,AWP,WE,Federal Contract Tower,0,0,8,3,11,0,0,35,1,36,0,0,43,4,47,234,13,247,294
04/28/2014,JRF,HI,AWP,WE,Federal Contract Tower,0,0,0,6,6,0,0,61,12,73,0,0,61,18,79,214,92,306,385
04/29/2014,JRF,HI,AWP,WE,Federal Contract Tower,0,0,1,9,10,0,0,54,14,68,0,0,55,23,78,239,145,384,462
04/30/2014,JRF,HI,AWP,WE,Federal Contract Tower,0,0,10,8,18,0,0,71,14,85,0,0,81,22,103,302,76,378,481
05/01/2014,JRF,HI,AWP,WE,Federal Contract Tower,0,0,3,10,13,0,0,43,16,59,0,0,46,26,72,265,138,403,475
05/02/2014,JRF,HI,AWP,WE,Federal Contract Tower,0,0,9,4,13,0,0,51,12,63,0,0,60,16,76,278,26,304,380
05/03/2014,JRF,HI,AWP,WE,Federal Contract Tower,0,0,0,2,2,0,0,60,11,71,0,0,60,13,73,372,23,395,468
05/04/2014,JRF,HI,AWP,WE,Federal Contract Tower,0,0,3,3,6,0,0,38,2,40,0,0,41,5,46,242,49,291,337
05/05/2014,JRF,HI,AWP,WE,Federal Contract Tower,0,0,0,6,6,0,0,56,8,64,0,0,56,14,70,273,70,343,413
05/06/2014,JRF,HI,AWP,WE,Federal Contract Tower,0,0,2,4,6,0,0,54,10,64,0,0,56,14,70,364,38,402,472
05/07/2014,JRF,HI,AWP,WE,Federal Contract Tower,0,0,2,5,7,0,0,32,18,50,0,0,34,23,57,155,96,251,308
05/08/2014,JRF,HI,AWP,WE,Federal Contract Tower,0,0,0,5,5,0,0,75,16,91,0,0,75,21,96,250,65,315,411
05/09/2014,JRF,HI,AWP,WE,Federal Contract Tower,0,0,4,1,5,0,0,39,12,51,0,0,43,13,56,191,132,323,379
05/10/2014,JRF,HI,AWP,WE,Federal Contract Tower,0,0,2,2,4,0,1,32,0,33,0,1,34,2,37,233,9,242,279
05/11/2014,JRF,HI,AWP,WE,Federal Contract Tower,0,0,0,1,1,0,0,17,0,17,0,0,17,1,18,125,3,128,146
05/12/2014,JRF,HI,AWP,WE,Federal Contract Tower,0,0,4,5,9,0,0,45,7,52,0,0,49,12,61,170,100,270,331
05/13/2014,JRF,HI,AWP,WE,Federal Contract Tower,0,0,6,4,10,0,0,46,8,54,0,0,52,12,64,171,75,246,310
05/14/2014,JRF,HI,AWP,WE,Federal Contract Tower,0,0,2,4,6,0,0,63,26,89,0,0,65,30,95,142,128,270,365
05/15/2014,JRF,HI,AWP,WE,Federal Contract Tower,0,0,2,3,5,0,0,51,36,87,0,0,53,39,92,280,34,314,406
05/16/2014,JRF,HI,AWP,WE,Federal Contract Tower,0,0,2,3,5,0,0,41,13,54,0,0,43,16,59,148,110,258,317
05/17/2014,JRF,HI,AWP,WE,Federal Contract Tower,0,0,8,3,11,0,0,38,2,40,0,0,46,5,51,161,108,269,320
05/18/2014,JRF,HI,AWP,WE,Federal Contract Tower,0,0,0,3,3,0,0,32,1,33,0,0,32,4,36,167,115,282,318
05/19/2014,JRF,HI,AWP,WE,Federal Contract Tower,0,0,1,6,7,0,0,41,21,62,0,0,42,27,69,207,69,276,345
05/20/2014,JRF,HI,AWP,WE,Federal Contract Tower,0,0,8,3,11,0,0,52,8,60,0,0,60,11,71,205,77,282,353
05/21/2014,JRF,HI,AWP,WE,Federal Contract Tower,0,0,5,1,6,0,0,72,9,81,0,0,77,10,87,301,25,326,413
05/22/2014,JRF,HI,AWP,WE,Federal Contract Tower,0,0,6,11,17,0,0,26,15,41,0,0,32,26,58,222,177,399,457
05/23/2014,JRF,HI,AWP,WE,Federal Contract Tower,0,0,9,3,12,0,0,54,4,58,0,0,63,7,70,185,13,198,268
05/24/2014,JRF,HI,AWP,WE,Federal Contract Tower,0,0,0,2,2,0,0,24,2,26,0,0,24,4,28,122,103,225,253
05/25/2014,JRF,HI,AWP,WE,Federal Contract Tower,0,0,1,2,3,0,0,26,0,26,0,0,27,2,29,125,104,229,258
05/26/2014,JRF,HI,AWP,WE,Federal Contract Tower,0,0,6,0,6,0,0,46,7,53,0,0,52,7,59,226,2,228,287
05/27/2014,JRF,HI,AWP,WE,Federal Contract Tower,0,0,7,5,12,0,0,36,16,52,0,0,43,21,64,203,108,311,375
05/28/2014,JRF,HI,AWP,WE,Federal Contract Tower,0,0,9,4,13,0,0,45,27,72,0,0,54,31,85,227,92,319,404
05/29/2014,JRF,HI,AWP,WE,Federal Contract Tower,0,0,9,6,15,0,0,37,15,52,0,0,46,21,67,264,138,402,469
05/30/2014,JRF,HI,AWP,WE,Federal Contract Tower,0,0,7,3,10,0,0,47,9,56,0,0,54,12,66,186,125,311,377
05/31/2014,JRF,HI,AWP,WE,Federal Contract Tower,0,0,4,4,8,0,1,37,1,39,0,1,41,5,47,281,2,283,330
06/01/2014,JRF,HI,AWP,WE,Federal Contract Tower,0,0,2,2,4,0,0,36,10,46,0,0,38,12,50,212,47,259,309
06/02/2014,JRF,HI,AWP,WE,Federal Contract Tower,0,0,6,10,16,0,0,50,11,61,0,0,56,21,77,185,73,258,335
06/03/2014,JRF,HI,AWP,WE,Federal Contract Tower,0,0,9,6,15,0,0,53,16,69,0,0,62,22,84,142,81,223,307
06/04/2014,JRF,HI,AWP,WE,Federal Contract Tower,0,0,3,4,7,0,0,50,21,71,0,0,53,25,78,385,41,426,504
06/05/2014,JRF,HI,AWP,WE,Federal Contract Tower,0,0,3,5,8,0,0,44,14,58,0,0,47,19,66,296,86,382,448
06/06/2014,JRF,HI,AWP,WE,Federal Contract Tower,0,0,8,2,10,0,0,58,9,67,0,0,66,11,77,281,52,333,410
06/07/2014,JRF,HI,AWP,WE,Federal Contract Tower,0,0,1,2,3,0,0,32,0,32,0,0,33,2,35,341,1,342,377
06/08/2014,JRF,HI,AWP,WE,Federal Contract Tower,0,0,0,1,1,0,0,28,1,29,0,0,28,2,30,163,0,163,193
06/09/2014,JRF,HI,AWP,WE,Federal Contract Tower,0,0,3,7,10,0,0,46,17,63,0,0,49,24,73,172,12,184,257
06/10/2014,JRF,HI,AWP,WE,Federal Contract Tower,0,0,0,9,9,0,0,67,32,99,0,0,67,41,108,324,126,450,558
06/11/2014,JRF,HI,AWP,WE,Federal Contract Tower,0,0,4,11,15,0,0,83,16,99,0,0,87,27,114,390,58,448,562
06/12/2014,JRF,HI,AWP,WE,Federal Contract Tower,0,0,2,6,8,0,0,34,6,40,0,0,36,12,48,302,111,413,461
06/13/2014,JRF,HI,AWP,WE,Federal Contract Tower,0,0,0,2,2,0,0,45,4,49,0,0,45,6,51,255,52,307,358
06/14/2014,JRF,HI,AWP,WE,Federal Contract Tower,0,0,2,2,4,1,0,64,7,72,1,0,66,9,76,243,3,246,322
06/15/2014,JRF,HI,AWP,WE,Federal Contract Tower,0,0,7,4,11,0,0,41,2,43,0,0,48,6,54,167,0,167,221
06/16/2014,JRF,HI,AWP,WE,Federal Contract Tower,0,0,3,6,9,0,0,55,5,60,0,0,58,11,69,256,44,300,369
06/17/2014,JRF,HI,AWP,WE,Federal Contract Tower,0,0,1,7,8,0,0,48,19,67,0,0,49,26,75,359,87,446,521
06/18/2014,JRF,HI,AWP,WE,Federal Contract Tower,0,0,5,6,11,0,0,37,23,60,0,0,42,29,71,288,89,377,448
06/19/2014,JRF,HI,AWP,WE,Federal Contract Tower,0,0,2,9,11,0,0,60,57,117,0,0,62,66,128,217,95,312,440
06/20/2014,JRF,HI,AWP,WE,Federal Contract Tower,0,0,6,4,10,0,0,43,3,46,0,0,49,7,56,207,43,250,306
06/21/2014,JRF,HI,AWP,WE,Federal Contract Tower,0,0,1,3,4,0,0,49,1,50,0,0,50,4,54,216,33,249,303
06/22/2014,JRF,HI,AWP,WE,Federal Contract Tower,0,0,0,1,1,0,0,56,5,61,0,0,56,6,62,178,23,201,263
06/23/2014,JRF,HI,AWP,WE,Federal Contract Tower,0,0,4,7,11,0,0,66,18,84,0,0,70,25,95,269,39,308,403
06/24/2014,JRF,HI,AWP,WE,Federal Contract Tower,0,1,5,6,12,0,0,53,36,89,0,1,58,42,101,211,32,243,344
06/25/2014,JRF,HI,AWP,WE,Federal Contract Tower,0,0,5,6,11,0,0,56,33,89,0,0,61,39,100,219,68,287,387
06/26/2014,JRF,HI,AWP,WE,Federal Contract Tower,0,0,4,0,4,0,0,69,42,111,0,0,73,42,115,304,51,355,470
06/27/2014,JRF,HI,AWP,WE,Federal Contract Tower,0,0,0,1,1,0,0,31,16,47,0,0,31,17,48,147,24,171,219
06/28/2014,JRF,HI,AWP,WE,Federal Contract Tower,0,0,0,5,5,0,0,19,6,25,0,0,19,11,30,320,14,334,364
06/29/2014,JRF,HI,AWP,WE,Federal Contract Tower,0,0,0,6,6,0,0,33,4,37,0,0,33,10,43,170,32,202,245
06/30/2014,JRF,HI,AWP,WE,Federal Contract Tower,0,0,1,4,5,0,0,42,39,81,0,0,43,43,86,203,163,366,452
07/01/2014,JRF,HI,AWP,WE,Federal Contract Tower,0,0,1,10,11,0,6,60,22,88,0,6,61,32,99,285,84,369,468
07/02/2014,JRF,HI,AWP,WE,Federal Contract Tower,0,0,1,10,11,0,6,51,14,71,0,6,52,24,82,210,76,286,368
07/03/2014,JRF,HI,AWP,WE,Federal Contract Tower,0,1,7,2,10,0,5,52,12,69,0,6,59,14,79,220,28,248,327
07/04/2014,JRF,HI,AWP,WE,Federal Contract Tower,0,0,2,0,2,0,6,14,2,22,0,6,16,2,24,83,2,85,109
07/05/2014,JRF,HI,AWP,WE,Federal Contract Tower,0,4,0,3,7,0,2,38,0,40,0,6,38,3,47,207,53,260,307
07/06/2014,JRF,HI,AWP,WE,Federal Contract Tower,0,2,3,0,5,0,4,33,1,38,0,6,36,1,43,216,50,266,309
07/07/2014,JRF,HI,AWP,WE,Federal Contract Tower,0,3,6,6,15,0,3,63,99,165,0,6,69,105,180,218,204,422,602
07/08/2014,JRF,HI,AWP,WE,Federal Contract Tower,0,2,3,3,8,0,4,56,40,100,0,6,59,43,108,205,90,295,403
07/09/2014,JRF,HI,AWP,WE,Federal Contract Tower,0,3,7,0,10,0,3,24,45,72,0,6,31,45,82,198,210,408,490
07/10/2014,JRF,HI,AWP,WE,Federal Contract Tower,0,4,0,7,11,0,2,35,12,49,0,6,35,19,60,205,117,322,382
07/11/2014,JRF,HI,AWP,WE,Federal Contract Tower,0,2,4,4,10,0,4,55,16,75,0,6,59,20,85,212,29,241,326
07/12/2014,JRF,HI,AWP,WE,Federal Contract Tower,0,0,1,3,4,0,4,7,21,32,0,4,8,24,36,246,61,307,343
07/13/2014,JRF,HI,AWP,WE,Federal Contract Tower,0,0,1,2,3,0,4,31,11,46,0,4,32,13,49,254,34,288,337
07/14/2014,JRF,HI,AWP,WE,Federal Contract Tower,0,0,2,10,12,0,4,36,87,127,0,4,38,97,139,208,185,393,532
07/15/2014,JRF,HI,AWP,WE,Federal Contract Tower,0,1,0,5,6,0,5,42,30,77,0,6,42,35,83,301,49,350,433
07/16/2014,JRF,HI,AWP,WE,Federal Contract Tower,0,2,4,5,11,0,4,50,37,91,0,6,54,42,102,246,91,337,439
07/17/2014,JRF,HI,AWP,WE,Federal Contract Tower,0,4,4,4,12,0,2,34,29,65,0,6,38,33,77,325,96,421,498
07/18/2014,JRF,HI,AWP,WE,Federal Contract Tower,0,3,7,1,11,0,3,25,15,43,0,6,32,16,54,194,126,320,374
07/19/2014,JRF,HI,AWP,WE,Federal Contract Tower,0,3,1,2,6,0,2,63,17,82,0,5,64,19,88,190,36,226,314
07/20/2014,JRF,HI,AWP,WE,Federal Contract Tower,0,2,4,0,6,0,2,10,6,18,0,4,14,6,24,217,151,368,392
07/21/2014,JRF,HI,AWP,WE,Federal Contract Tower,0,4,2,13,19,0,2,59,45,106,0,6,61,58,125,285,79,364,489
07/22/2014,JRF,HI,AWP,WE,Federal Contract Tower,0,4,5,0,9,0,2,59,51,112,0,6,64,51,121,347,77,424,545
07/23/2014,JRF,HI,AWP,WE,Federal Contract Tower,0,2,4,11,17,0,4,59,50,113,0,6,63,61,130,210,174,384,514
07/24/2014,JRF,HI,AWP,WE,Federal Contract Tower,0,4,8,6,18,0,2,70,38,110,0,6,78,44,128,265,47,312,440
07/25/2014,JRF,HI,AWP,WE,Federal Contract Tower,0,2,5,1,8,0,4,37,10,51,0,6,42,11,59,236,13,249,308
07/26/2014,JRF,HI,AWP,WE,Federal Contract Tower,0,2,7,4,13,0,2,50,0,52,0,4,57,4,65,303,18,321,386
07/27/2014,JRF,HI,AWP,WE,Federal Contract Tower,0,2,4,1,7,0,4,14,2,20,0,6,18,3,27,260,103,363,390
07/28/2014,JRF,HI,AWP,WE,Federal Contract Tower,0,5,0,7,12,0,1,44,48,93,0,6,44,55,105,194,70,264,369
07/29/2014,JRF,HI,AWP,WE,Federal Contract Tower,0,2,5,8,15,0,4,33,51,88,0,6,38,59,103,161,115,276,379
07/30/2014,JRF,HI,AWP,WE,Federal Contract Tower,0,4,2,6,12,0,2,56,39,97,0,6,58,45,109,241,62,303,412
07/31/2014,JRF,HI,AWP,WE,Federal Contract Tower,0,0,2,4,6,0,6,63,26,95,0,6,65,30,101,276,81,357,458
08/01/2014,JRF,HI,AWP,WE,Federal Contract Tower,0,4,6,2,12,0,2,40,22,64,0,6,46,24,76,262,6,268,344
08/02/2014,JRF,HI,AWP,WE,Federal Contract Tower,0,2,1,3,6,0,2,37,10,49,0,4,38,13,55,190,115,305,360
08/03/2014,JRF,HI,AWP,WE,Federal Contract Tower,0,0,0,2,2,0,4,36,24,64,0,4,36,26,66,276,4,280,346
08/04/2014,JRF,HI,AWP,WE,Federal Contract Tower,0,0,4,10,14,0,6,33,20,59,0,6,37,30,73,247,71,318,391
08/05/2014,JRF,HI,AWP,WE,Federal Contract Tower,0,0,2,1,3,0,2,52,35,89,0,2,54,36,92,300,30,330,422
08/06/2014,JRF,HI,AWP,WE,Federal Contract Tower,0,0,6,3,9,0,2,35,26,63,0,2,41,29,72,221,25,246,318
08/07/2014,JRF,HI,AWP,WE,Federal Contract Tower,0,2,0,2,4,0,4,17,0,21,0,6,17,2,25,148,56,204,229
08/08/2014,JRF,HI,AWP,WE,Federal Contract Tower,0,0,0,2,2,0,0,0,1,1,0,0,0,3,3,0,1,1,4
08/09/2014,JRF,HI,AWP,WE,Federal Contract Tower,0,0,0,1,1,0,4,3,1,8,0,4,3,2,9,94,1,95,104
08/10/2014,JRF,HI,AWP,WE,Federal Contract Tower,0,4,0,5,9,0,0,16,0,16,0,4,16,5,25,150,3,153,178
08/11/2014,JRF,HI,AWP,WE,Federal Contract Tower,0,1,3,0,4,0,5,58,6,69,0,6,61,6,73,206,53,259,332
08/12/2014,JRF,HI,AWP,WE,Federal Contract Tower,0,1,5,2,8,0,3,64,40,107,0,4,69,42,115,282,98,380,495
08/13/2014,JRF,HI,AWP,WE,Federal Contract Tower,0,2,0,7,9,0,5,46,14,65,0,7,46,21,74,271,83,354,428
08/14/2014,JRF,HI,AWP,WE,Federal Contract Tower,0,4,5,6,15,0,2,33,11,46,0,6,38,17,61,193,114,307,368
08/15/2014,JRF,HI,AWP,WE,Federal Contract Tower,0,1,2,6,9,0,3,28,0,31,0,4,30,6,40,191,95,286,326
08/16/2014,JRF,HI,AWP,WE,Federal Contract Tower,0,0,0,0,0,0,4,38,9,51,0,4,38,9,51,132,20,152,203
08/17/2014,JRF,HI,AWP,WE,Federal Contract Tower,0,0,2,0,2,0,4,37,1,42,0,4,39,1,44,209,17,226,270
08/18/2014,JRF,HI,AWP,WE,Federal Contract Tower,0,0,3,3,6,0,6,45,22,73,0,6,48,25,79,260,57,317,396
08/19/2014,JRF,HI,AWP,WE,Federal Contract Tower,0,0,1,13,14,0,6,49,12,67,0,6,50,25,81,267,36,303,384
08/20/2014,JRF,HI,AWP,WE,Federal Contract Tower,0,1,5,5,11,0,5,34,10,49,0,6,39,15,60,217,121,338,398
08/21/2014,JRF,HI,AWP,WE,Federal Contract Tower,0,2,3,3,8,0,4,28,18,50,0,6,31,21,58,226,117,343,401
08/22/2014,JRF,HI,AWP,WE,Federal Contract Tower,0,0,4,3,7,0,6,46,16,68,0,6,50,19,75,272,7,279,354
08/23/2014,JRF,HI,AWP,WE,Federal Contract Tower,0,0,5,2,7,0,3,29,3,35,0,3,34,5,42,129,109,238,280
08/24/2014,JRF,HI,AWP,WE,Federal Contract Tower,0,0,1,6,7,0,4,27,1,32,0,4,28,7,39,216,101,317,356
08/25/2014,JRF,HI,AWP,WE,Federal Contract Tower,0,0,7,4,11,0,6,24,14,44,0,6,31,18,55,217,143,360,415
08/26/2014,JRF,HI,AWP,WE,Federal Contract Tower,0,2,3,3,8,0,4,31,16,51,0,6,34,19,59,241,45,286,345
08/27/2014,JRF,HI,AWP,WE,Federal Contract Tower,0,0,4,3,7,0,4,47,4,55,0,4,51,7,62,225,38,263,325
08/28/2014,JRF,HI,AWP,WE,Federal Contract Tower,0,2,0,6,8,0,3,35,10,48,0,5,35,16,56,356,21,377,433
08/29/2014,JRF,HI,AWP,WE,Federal Contract Tower,0,2,8,0,10,0,1,55,0,56,0,3,63,0,66,315,4,319,385
08/30/2014,JRF,HI,AWP,WE,Federal Contract Tower,0,1,3,1,5,0,4,41,1,46,0,5,44,2,51,282,4,286,337
08/31/2014,JRF,HI,AWP,WE,Federal Contract Tower,0,3,6,1,10,0,0,35,1,36,0,3,41,2,46,115,10,125,171
09/01/2014,JRF,HI,AWP,WE,Federal Contract Tower,0,1,4,1,6,0,2,48,3,53,0,3,52,4,59,177,111,288,347
09/02/2014,JRF,HI,AWP,WE,Federal Contract Tower,0,4,2,6,12,0,2,39,23,64,0,6,41,29,76,126,148,274,350
09/03/2014,JRF,HI,AWP,WE,Federal Contract Tower,0,3,0,4,7,0,0,41,17,58,0,3,41,21,65,224,82,306,371
09/04/2014,JRF,HI,AWP,WE,Federal Contract Tower,0,2,6,5,13,0,2,42,20,64,0,4,48,25,77,248,59,307,384
09/05/2014,JRF,HI,AWP,WE,Federal Contract Tower,0,3,0,4,7,0,3,56,6,65,0,6,56,10,72,222,35,257,329
09/06/2014,JRF,HI,AWP,WE,Federal Contract Tower,0,1,0,4,5,0,0,36,4,40,0,1,36,8,45,180,9,189,234
09/07/2014,JRF,HI,AWP,WE,Federal Contract Tower,0,3,0,3,6,0,0,24,3,27,0,3,24,6,33,295,9,304,337
09/08/2014,JRF,HI,AWP,WE,Federal Contract Tower,0,3,0,5,8,0,2,62,20,84,0,5,62,25,92,253,51,304,396
09/09/2014,JRF,HI,AWP,WE,Federal Contract Tower,0,1,1,6,8,0,0,3,66,69,0,1,4,72,77,386,43,429,506
09/10/2014,JRF,HI,AWP,WE,Federal Contract Tower,0,0,7,2,9,0,6,78,13,97,0,6,85,15,106,244,75,319,425
09/11/2014,JRF,HI,AWP,WE,Federal Contract Tower,0,0,5,8,13,0,4,33,15,52,0,4,38,23,65,273,105,378,443
09/12/2014,JRF,HI,AWP,WE,Federal Contract Tower,0,0,5,1,6,0,3,37,6,46,0,3,42,7,52,317,36,353,405
09/13/2014,JRF,HI,AWP,WE,Federal Contract Tower,0,6,1,3,10,0,0,45,9,54,0,6,46,12,64,198,20,218,282
09/14/2014,JRF,HI,AWP,WE,Federal Contract Tower,0,0,0,2,2,0,2,29,3,34,0,2,29,5,36,161,14,175,211
09/15/2014,JRF,HI,AWP,WE,Federal Contract Tower,0,0,2,6,8,0,3,70,14,87,0,3,72,20,95,260,90,350,445
09/16/2014,JRF,HI,AWP,WE,Federal Contract Tower,0,0,1,8,9,0,2,41,10,53,0,2,42,18,62,373,100,473,535
09/17/2014,JRF,HI,AWP,WE,Federal Contract Tower,0,2,2,5,9,0,0,60,15,75,0,2,62,20,84,247,80,327,411
09/18/2014,JRF,HI,AWP,WE,Federal Contract Tower,0,0,3,8,11,0,0,35,19,54,0,0,38,27,65,238,56,294,359
09/19/2014,JRF,HI,AWP,WE,Federal Contract Tower,0,0,0,1,1,0,4,61,7,72,0,4,61,8,73,295,60,355,428
09/20/2014,JRF,HI,AWP,WE,Federal Contract Tower,0,1,0,2,3,0,2,49,0,51,0,3,49,2,54,267,4,271,325
09/21/2014,JRF,HI,AWP,WE,Federal Contract Tower,0,1,1,2,4,0,3,34,1,38,0,4,35,3,42,214,5,219,261
09/22/2014,JRF,HI,AWP,WE,Federal Contract Tower,0,0,5,4,9,0,4,40,0,44,0,4,45,4,53,307,14,321,374
09/23/2014,JRF,HI,AWP,WE,Federal Contract Tower,0,0,1,11,12,0,2,44,28,74,0,2,45,39,86,247,76,323,409
09/24/2014,JRF,HI,AWP,WE,Federal Contract Tower,0,0,1,9,10,0,4,50,16,70,0,4,51,25,80,219,94,313,393
09/25/2014,JRF,HI,AWP,WE,Federal Contract Tower,0,2,0,5,7,0,2,20,49,71,0,4,20,54,78,204,95,299,377
09/26/2014,JRF,HI,AWP,WE,Federal Contract Tower,0,1,6,3,10,0,5,29,10,44,0,6,35,13,54,312,36,348,402
09/27/2014,JRF,HI,AWP,WE,Federal Contract Tower,0,2,2,7,11,0,0,27,4,31,0,2,29,11,42,170,12,182,224
09/28/2014,JRF,HI,AWP,WE,Federal Contract Tower,0,2,4,6,12,0,0,9,0,9,0,2,13,6,21,81,8,89,110
09/29/2014,JRF,HI,AWP,WE,Federal Contract Tower,0,0,4,5,9,0,0,34,28,62,0,0,38,33,71,155,13,168,239
09/30/2014,JRF,HI,AWP,WE,Federal Contract Tower,0,4,4,4,12,0,0,51,7,58,0,4,55,11,70,191,79,270,340
10/01/2014,JRF,HI,AWP,WE,Federal Contract Tower,0,1,1,3,5,0,0,43,23,66,0,1,44,26,71,193,56,249,320
10/02/2014,JRF,HI,AWP,WE,Federal Contract Tower,0,0,1,8,9,0,2,68,19,89,0,2,69,27,98,332,91,423,521
10/03/2014,JRF,HI,AWP,WE,Federal Contract Tower,0,0,4,2,6,0,1,46,1,48,0,1,50,3,54,298,37,335,389
10/04/2014,JRF,HI,AWP,WE,Federal Contract Tower,0,0,2,3,5,0,4,51,2,57,0,4,53,5,62,209,2,211,273
10/05/2014,JRF,HI,AWP,WE,Federal Contract Tower,0,0,4,0,4,0,2,49,2,53,0,2,53,2,57,244,11,255,312
10/06/2014,JRF,HI,AWP,WE,Federal Contract Tower,0,2,0,4,6,0,2,37,8,47,0,4,37,12,53,194,87,281,334
10/07/2014,JRF,HI,AWP,WE,Federal Contract Tower,0,0,0,15,15,0,2,44,16,62,0,2,44,31,77,149,238,387,464
10/08/2014,JRF,HI,AWP,WE,Federal Contract Tower,0,0,0,8,8,0,0,54,1,55,0,0,54,9,63,245,81,326,389
10/09/2014,JRF,HI,AWP,WE,Federal Contract Tower,0,0,3,7,10,0,2,32,16,50,0,2,35,23,60,346,164,510,570
10/10/2014,JRF,HI,AWP,WE,Federal Contract Tower,0,2,3,2,7,0,1,35,14,50,0,3,38,16,57,193,51,244,301
10/11/2014,JRF,HI,AWP,WE,Federal Contract Tower,0,2,11,0,13,0,2,25,2,29,0,4,36,2,42,238,13,251,293
10/12/2014,JRF,HI,AWP,WE,Federal Contract Tower,0,2,1,3,6,0,6,28,2,36,0,8,29,5,42,214,8,222,264
10/13/2014,JRF,HI,AWP,WE,Federal Contract Tower,0,0,4,1,5,0,2,62,1,65,0,2,66,2,70,290,27,317,387
10/14/2014,JRF,HI,AWP,WE,Federal Contract Tower,0,2,2,10,14,0,2,22,21,45,0,4,24,31,59,115,129,244,303
10/15/2014,JRF,HI,AWP,WE,Federal Contract Tower,0,1,0,4,5,0,1,62,31,94,0,2,62,35,99,288,57,345,444
10/16/2014,JRF,HI,AWP,WE,Federal Contract Tower,0,2,0,5,7,0,2,34,39,75,0,4,34,44,82,273,112,385,467
10/17/2014,JRF,HI,AWP,WE,Federal Contract Tower,0,1,0,2,3,0,1,71,0,72,0,2,71,2,75,244,0,244,319
10/18/2014,JRF,HI,AWP,WE,Federal Contract Tower,0,0,0,2,2,0,0,6,0,6,0,0,6,2,8,223,100,323,331
10/19/2014,JRF,HI,AWP,WE,Federal Contract Tower,0,0,0,4,4,0,0,2,0,2,0,0,2,4,6,200,100,300,306
10/20/2014,JRF,HI,AWP,WE,Federal Contract Tower,0,0,0,4,4,0,1,43,11,55,0,1,43,15,59,234,41,275,334
10/21/2014,JRF,HI,AWP,WE,Federal Contract Tower,0,0,0,6,6,0,3,41,17,61,0,3,41,23,67,222,225,447,514
10/22/2014,JRF,HI,AWP,WE,Federal Contract Tower,0,3,1,5,9,0,1,17,37,55,0,4,18,42,64,148,166,314,378
10/23/2014,JRF,HI,AWP,WE,Federal Contract Tower,0,4,4,4,12,0,3,50,23,76,0,7,54,27,88,375,70,445,533
10/24/2014,JRF,HI,AWP,WE,Federal Contract Tower,0,2,2,1,5,0,6,33,8,47,0,8,35,9,52,301,31,332,384
10/25/2014,JRF,HI,AWP,WE,Federal Contract Tower,0,2,1,0,3,0,5,67,2,74,0,7,68,2,77,334,34,368,445
10/26/2014,JRF,HI,AWP,WE,Federal Contract Tower,0,3,3,0,6,0,6,27,4,37,0,9,30,4,43,149,12,161,204
10/27/2014,JRF,HI,AWP,WE,Federal Contract Tower,0,2,5,8,15,0,2,54,19,75,0,4,59,27,90,246,145,391,481
10/28/2014,JRF,HI,AWP,WE,Federal Contract Tower,0,0,8,7,15,0,2,36,23,61,0,2,44,30,76,191,182,373,449
10/29/2014,JRF,HI,AWP,WE,Federal Contract Tower,0,1,7,20,28,0,3,38,39,80,0,4,45,59,108,254,225,479,587
10/30/2014,JRF,HI,AWP,WE,Federal Contract Tower,0,1,5,5,11,0,1,30,38,69,0,2,35,43,80,221,119,340,420
10/31/2014,JRF,HI,AWP,WE,Federal Contract Tower,0,3,7,0,10,0,0,46,6,52,0,3,53,6,62,216,104,320,382
11/01/2014,JRF,HI,AWP,WE,Federal Contract Tower,0,1,0,3,4,0,1,42,1,44,0,2,42,4,48,195,17,212,260
11/02/2014,JRF,HI,AWP,WE,Federal Contract Tower,0,3,2,4,9,0,7,23,8,38,0,10,25,12,47,178,22,200,247
11/03/2014,JRF,HI,AWP,WE,Federal Contract Tower,0,3,5,8,16,0,5,58,10,73,0,8,63,18,89,211,100,311,400
11/04/2014,JRF,HI,AWP,WE,Federal Contract Tower,0,1,1,2,4,0,1,46,26,73,0,2,47,28,77,249,62,311,388
11/05/2014,JRF,HI,AWP,WE,Federal Contract Tower,0,4,0,8,12,0,2,31,12,45,0,6,31,20,57,183,151,334,391
11/06/2014,JRF,HI,AWP,WE,Federal Contract Tower,1,3,6,6,16,0,1,52,26,79,1,4,58,32,95,265,104,369,464
11/07/2014,JRF,HI,AWP,WE,Federal Contract Tower,0,3,1,1,5,0,3,44,4,51,0,6,45,5,56,183,18,201,257
11/08/2014,JRF,HI,AWP,WE,Federal Contract Tower,0,4,2,2,8,0,3,20,2,25,0,7,22,4,33,239,10,249,282
11/09/2014,JRF,HI,AWP,WE,Federal Contract Tower,0,1,1,2,4,0,4,45,2,51,0,5,46,4,55,345,16,361,416
11/10/2014,JRF,HI,AWP,WE,Federal Contract Tower,0,1,3,2,6,0,5,57,12,74,0,6,60,14,80,258,52,310,390
11/11/2014,JRF,HI,AWP,WE,Federal Contract Tower,0,2,2,1,5,0,3,49,3,55,0,5,51,4,60,357,5,362,422
11/12/2014,JRF,HI,AWP,WE,Federal Contract Tower,0,0,3,5,8,0,3,40,41,84,0,3,43,46,92,300,105,405,497
11/13/2014,JRF,HI,AWP,WE,Federal Contract Tower,0,3,2,8,13,0,1,35,42,78,0,4,37,50,91,287,62,349,440
11/14/2014,JRF,HI,AWP,WE,Federal Contract Tower,0,0,2,5,7,0,3,12,32,47,0,3,14,37,54,284,170,454,508
11/15/2014,JRF,HI,AWP,WE,Federal Contract Tower,0,2,0,1,3,0,0,29,23,52,0,2,29,24,55,201,19,220,275
11/16/2014,JRF,HI,AWP,WE,Federal Contract Tower,0,3,5,1,9,0,2,26,21,49,0,5,31,22,58,223,9,232,290
11/17/2014,JRF,HI,AWP,WE,Federal Contract Tower,0,2,5,8,15,0,2,13,20,35,0,4,18,28,50,212,138,350,400
11/18/2014,JRF,HI,AWP,WE,Federal Contract Tower,0,2,7,17,26,0,3,35,3,41,0,5,42,20,67,246,132,378,445
11/19/2014,JRF,HI,AWP,WE,Federal Contract Tower,0,4,8,4,16,0,3,34,15,52,0,7,42,19,68,241,53,294,362
11/20/2014,JRF,HI,AWP,WE,Federal Contract Tower,0,1,0,7,8,0,1,21,39,61,0,2,21,46,69,197,115,312,381
11/21/2014,JRF,HI,AWP,WE,Federal Contract Tower,0,7,1,6,14,0,1,17,3,21,0,8,18,9,35,271,35,306,341
11/22/2014,JRF,HI,AWP,WE,Federal Contract Tower,0,1,0,5,6,0,4,24,6,34,0,5,24,11,40,365,26,391,431
11/23/2014,JRF,HI,AWP,WE,Federal Contract Tower,0,5,2,2,9,0,3,21,1,25,0,8,23,3,34,271,16,287,321
11/24/2014,JRF,HI,AWP,WE,Federal Contract Tower,0,8,2,9,19,0,1,30,23,54,0,9,32,32,73,207,89,296,369
11/25/2014,JRF,HI,AWP,WE,Federal Contract Tower,0,2,1,6,9,0,1,19,27,47,0,3,20,33,56,339,85,424,480
11/26/2014,JRF,HI,AWP,WE,Federal Contract Tower,0,2,5,1,8,0,3,39,2,44,0,5,44,3,52,297,43,340,392
11/27/2014,JRF,HI,AWP,WE,Federal Contract Tower,0,4,0,1,5,0,0,1,4,5,0,4,1,5,10,63,2,65,75
11/28/2014,JRF,HI,AWP,WE,Federal Contract Tower,0,3,2,7,12,0,3,37,2,42,0,6,39,9,54,264,7,271,325
11/29/2014,JRF,HI,AWP,WE,Federal Contract Tower,0,5,9,6,20,0,2,31,2,35,0,7,40,8,55,237,103,340,395
11/30/2014,JRF,HI,AWP,WE,Federal Contract Tower,0,5,1,2,8,0,3,24,1,28,0,8,25,3,36,228,111,339,375
12/01/2014,JRF,HI,AWP,WE,Federal Contract Tower,0,3,3,8,14,0,3,30,13,46,0,6,33,21,60,245,41,286,346
12/02/2014,JRF,HI,AWP,WE,Federal Contract Tower,0,0,7,2,9,0,1,26,26,53,0,1,33,28,62,147,118,265,327
12/03/2014,JRF,HI,AWP,WE,Federal Contract Tower,0,4,8,13,25,0,0,3,23,26,0,4,11,36,51,46,102,148,199
12/04/2014,JRF,HI,AWP,WE,Federal Contract Tower,0,1,1,4,6,0,5,28,28,61,0,6,29,32,67,259,92,351,418
12/05/2014,JRF,HI,AWP,WE,Federal Contract Tower,0,1,5,7,13,0,4,52,10,66,0,5,57,17,79,273,39,312,391
12/06/2014,JRF,HI,AWP,WE,Federal Contract Tower,0,3,2,3,8,0,3,35,4,42,0,6,37,7,50,232,26,258,308
12/07/2014,JRF,HI,AWP,WE,Federal Contract Tower,0,1,4,1,6,0,4,41,3,48,0,5,45,4,54,333,18,351,405
12/08/2014,JRF,HI,AWP,WE,Federal Contract Tower,0,0,4,5,9,0,7,25,16,48,0,7,29,21,57,118,78,196,253
12/09/2014,JRF,HI,AWP,WE,Federal Contract Tower,0,2,1,4,7,0,3,17,9,29,0,5,18,13,36,207,62,269,305
12/10/2014,JRF,HI,AWP,WE,Federal Contract Tower,0,1,4,8,13,0,3,36,27,66,0,4,40,35,79,257,88,345,424
12/11/2014,JRF,HI,AWP,WE,Federal Contract Tower,0,5,4,2,11,0,0,22,28,50,0,5,26,30,61,281,86,367,428
12/12/2014,JRF,HI,AWP,WE,Federal Contract Tower,0,2,7,3,12,0,3,18,12,33,0,5,25,15,45,201,59,260,305
12/13/2014,JRF,HI,AWP,WE,Federal Contract Tower,0,3,13,2,18,0,2,19,8,29,0,5,32,10,47,224,19,243,290
12/14/2014,JRF,HI,AWP,WE,Federal Contract Tower,0,5,0,3,8,0,2,36,6,44,0,7,36,9,52,107,50,157,209
12/15/2014,JRF,HI,AWP,WE,Federal Contract Tower,0,4,0,6,10,0,6,21,34,61,0,10,21,40,71,243,83,326,397
12/16/2014,JRF,HI,AWP,WE,Federal Contract Tower,0,2,3,7,12,0,0,38,25,63,0,2,41,32,75,180,136,316,391
12/17/2014,JRF,HI,AWP,WE,Federal Contract Tower,0,2,0,8,10,0,4,34,20,58,0,6,34,28,68,272,91,363,431
12/18/2014,JRF,HI,AWP,WE,Federal Contract Tower,0,6,3,5,14,0,1,24,42,67,0,7,27,47,81,169,142,311,392
12/19/2014,JRF,HI,AWP,WE,Federal Contract Tower,0,2,2,1,5,0,2,37,10,49,0,4,39,11,54,248,25,273,327
12/20/2014,JRF,HI,AWP,WE,Federal Contract Tower,0,6,0,9,15,0,0,5,2,7,0,6,5,11,22,35,2,37,59
12/21/2014,JRF,HI,AWP,WE,Federal Contract Tower,0,10,0,1,11,0,0,1,4,5,0,10,1,5,16,28,0,28,44
12/22/2014,JRF,HI,AWP,WE,Federal Contract Tower,0,9,3,0,12,0,0,0,10,10,0,9,3,10,22,0,0,0,22
12/23/2014,JRF,HI,AWP,WE,Federal Contract Tower,0,7,0,4,11,0,0,2,1,3,0,7,2,5,14,0,0,0,14
12/24/2014,JRF,HI,AWP,WE,Federal Contract Tower,8,0,0,0,8,0,1,0,0,1,8,1,0,0,9,14,46,60,69
12/25/2014,JRF,HI,AWP,WE,Federal Contract Tower,0,8,1,0,9,0,0,28,0,28,0,8,29,0,37,2,0,2,39
12/26/2014,JRF,HI,AWP,WE,Federal Contract Tower,0,7,0,1,8,0,0,46,2,48,0,7,46,3,56,60,6,66,122
12/27/2014,JRF,HI,AWP,WE,Federal Contract Tower,0,8,0,0,8,0,0,49,8,57,0,8,49,8,65,56,9,65,130
12/28/2014,JRF,HI,AWP,WE,Federal Contract Tower,0,5,0,2,7,0,5,8,0,13,0,10,8,2,20,0,15,15,35
12/29/2014,JRF,HI,AWP,WE,Federal Contract Tower,0,4,3,2,9,0,7,19,0,26,0,11,22,2,35,90,1,91,126
12/30/2014,JRF,HI,AWP,WE,Federal Contract Tower,0,5,2,1,8,0,2,23,5,30,0,7,25,6,38,14,1,15,53
12/31/2014,JRF,HI,AWP,WE,Federal Contract Tower,0,5,1,3,9,0,0,0,38,38,0,5,1,41,47,49,36,85,132
01/01/2015,JRF,HI,AWP,WE,Federal Contract Tower,0,6,1,1,8,0,1,34,0,35,0,7,35,1,43,3,1,4,47
01/02/2015,JRF,HI,AWP,WE,Federal Contract Tower,0,6,2,2,10,0,1,102,0,103,0,7,104,2,113,34,26,60,173
01/03/2015,JRF,HI,AWP,WE,Federal Contract Tower,0,1,3,3,7,0,1,67,3,71,0,2,70,6,78,10,1,11,89
01/04/2015,JRF,HI,AWP,WE,Federal Contract Tower,0,3,0,2,5,0,8,10,3,21,0,11,10,5,26,63,2,65,91
01/05/2015,JRF,HI,AWP,WE,Federal Contract Tower,0,1,9,4,14,0,6,34,14,54,0,7,43,18,68,252,31,283,351
01/06/2015,JRF,HI,AWP,WE,Federal Contract Tower,0,1,0,4,5,0,4,35,7,46,0,5,35,11,51,250,155,405,456
01/07/2015,JRF,HI,AWP,WE,Federal Contract Tower,0,2,2,8,12,0,4,46,44,94,0,6,48,52,106,276,172,448,554
01/08/2015,JRF,HI,AWP,WE,Federal Contract Tower,0,2,0,5,7,0,3,24,19,46,0,5,24,24,53,175,167,342,395
01/09/2015,JRF,HI,AWP,WE,Federal Contract Tower,0,6,3,2,11,0,2,46,15,63,0,8,49,17,74,214,58,272,346
01/10/2015,JRF,HI,AWP,WE,Federal Contract Tower,0,3,2,2,7,0,2,29,3,34,0,5,31,5,41,235,52,287,328
01/11/2015,JRF,HI,AWP,WE,Federal Contract Tower,0,3,0,8,11,0,6,34,2,42,0,9,34,10,53,208,36,244,297
01/12/2015,JRF,HI,AWP,WE,Federal Contract Tower,0,3,0,8,11,0,3,25,16,44,0,6,25,24,55,174,113,287,342
01/13/2015,JRF,HI,AWP,WE,Federal Contract Tower,0,3,4,13,20,0,2,58,59,119,0,5,62,72,139,332,92,424,563
01/14/2015,JRF,HI,AWP,WE,Federal Contract Tower,0,4,0,11,15,0,2,36,22,60,0,6,36,33,75,255,147,402,477
01/15/2015,JRF,HI,AWP,WE,Federal Contract Tower,0,3,6,8,17,0,1,34,65,100,0,4,40,73,117,222,43,265,382
01/16/2015,JRF,HI,AWP,WE,Federal Contract Tower,0,4,14,5,23,0,0,30,2,32,0,4,44,7,55,153,37,190,245
01/17/2015,JRF,HI,AWP,WE,Federal Contract Tower,0,2,4,4,10,0,2,51,1,54,0,4,55,5,64,211,34,245,309
01/18/2015,JRF,HI,AWP,WE,Federal Contract Tower,0,3,1,1,5,0,2,54,5,61,0,5,55,6,66,210,40,250,316
01/19/2015,JRF,HI,AWP,WE,Federal Contract Tower,0,2,1,1,4,0,8,33,1,42,0,10,34,2,46,326,4,330,376
01/20/2015,JRF,HI,AWP,WE,Federal Contract Tower,0,2,6,5,13,0,3,25,14,42,0,5,31,19,55,261,79,340,395
01/21/2015,JRF,HI,AWP,WE,Federal Contract Tower,0,1,4,7,12,0,5,22,3,30,0,6,26,10,42,200,97,297,339
01/22/2015,JRF,HI,AWP,WE,Federal Contract Tower,0,4,3,7,14,0,3,45,19,67,0,7,48,26,81,266,61,327,408
01/23/2015,JRF,HI,AWP,WE,Federal Contract Tower,0,5,3,2,10,0,2,32,7,41,0,7,35,9,51,114,26,140,191
01/24/2015,JRF,HI,AWP,WE,Federal Contract Tower,0,1,1,0,2,0,2,66,3,71,0,3,67,3,73,203,14,217,290
01/25/2015,JRF,HI,AWP,WE,Federal Contract Tower,0,4,1,2,7,0,5,20,3,28,0,9,21,5,35,188,20,208,243
01/26/2015,JRF,HI,AWP,WE,Federal Contract Tower,0,4,2,8,14,0,5,53,16,74,0,9,55,24,88,217,84,301,389
01/27/2015,JRF,HI,AWP,WE,Federal Contract Tower,0,1,0,3,4,0,3,38,65,106,0,4,38,68,110,230,104,334,444
01/28/2015,JRF,HI,AWP,WE,Federal Contract Tower,0,4,0,7,11,0,1,20,12,33,0,5,20,19,44,275,35,310,354
01/29/2015,JRF,HI,AWP,WE,Federal Contract Tower,0,3,0,4,7,0,2,51,27,80,0,5,51,31,87,146,96,242,329
01/30/2015,JRF,HI,AWP,WE,Federal Contract Tower,0,2,1,1,4,0,4,45,17,66,0,6,46,18,70,321,55,376,446
01/31/2015,JRF,HI,AWP,WE,Federal Contract Tower,0,0,7,2,9,0,2,34,4,40,0,2,41,6,49,271,0,271,320
02/01/2015,JRF,HI,AWP,WE,Federal Contract Tower,0,4,0,1,5,0,3,25,0,28,0,7,25,1,33,227,1,228,261
02/02/2015,JRF,HI,AWP,WE,Federal Contract Tower,0,4,0,2,6,0,1,34,26,61,0,5,34,28,67,161,162,323,390
02/03/2015,JRF,HI,AWP,WE,Federal Contract Tower,0,7,0,6,13,0,1,22,15,38,0,8,22,21,51,149,150,299,350
02/04/2015,JRF,HI,AWP,WE,Federal Contract Tower,0,2,2,10,14,0,4,42,13,59,0,6,44,23,73,128,102,230,303
02/05/2015,JRF,HI,AWP,WE,Federal Contract Tower,0,1,0,4,5,0,3,28,37,68,0,4,28,41,73,164,139,303,376
02/06/2015,JRF,HI,AWP,WE,Federal Contract Tower,0,5,5,4,14,0,2,44,6,52,0,7,49,10,66,188,124,312,378
02/07/2015,JRF,HI,AWP,WE,Federal Contract Tower,0,3,2,1,6,0,2,22,3,27,0,5,24,4,33,290,2,292,325
02/08/2015,JRF,HI,AWP,WE,Federal Contract Tower,0,2,1,1,4,0,1,20,1,22,0,3,21,2,26,295,30,325,351
02/09/2015,JRF,HI,AWP,WE,Federal Contract Tower,0,2,0,5,7,0,5,48,15,68,0,7,48,20,75,203,68,271,346
02/10/2015,JRF,HI,AWP,WE,Federal Contract Tower,0,3,4,0,7,0,2,38,20,60,0,5,42,20,67,233,86,319,386
02/11/2015,JRF,HI,AWP,WE,Federal Contract Tower,0,1,1,2,4,0,3,45,32,80,0,4,46,34,84,204,52,256,340
02/12/2015,JRF,HI,AWP,WE,Federal Contract Tower,0,4,0,6,10,0,1,31,24,56,0,5,31,30,66,195,55,250,316
02/13/2015,JRF,HI,AWP,WE,Federal Contract Tower,0,4,2,2,8,0,2,43,11,56,0,6,45,13,64,207,107,314,378
02/14/2015,JRF,HI,AWP,WE,Federal Contract Tower,0,4,0,7,11,0,1,8,6,15,0,5,8,13,26,346,6,352,378
02/15/2015,JRF,HI,AWP,WE,Federal Contract Tower,0,1,0,2,3,0,5,34,5,44,0,6,34,7,47,285,0,285,332
02/16/2015,JRF,HI,AWP,WE,Federal Contract Tower,0,3,0,0,3,0,3,57,15,75,0,6,57,15,78,329,21,350,428
02/17/2015,JRF,HI,AWP,WE,Federal Contract Tower,0,2,4,3,9,0,6,57,19,82,0,8,61,22,91,229,74,303,394
02/18/2015,JRF,HI,AWP,WE,Federal Contract Tower,0,0,0,2,2,0,10,55,13,78,0,10,55,15,80,265,75,340,420
02/19/2015,JRF,HI,AWP,WE,Federal Contract Tower,0,3,3,0,6,0,3,39,22,64,0,6,42,22,70,284,116,400,470
02/20/2015,JRF,HI,AWP,WE,Federal Contract Tower,0,6,0,2,8,0,1,15,1,17,0,7,15,3,25,210,125,335,360
02/21/2015,JRF,HI,AWP,WE,Federal Contract Tower,0,4,2,0,6,0,4,45,3,52,0,8,47,3,58,224,31,255,313
02/22/2015,JRF,HI,AWP,WE,Federal Contract Tower,0,2,5,0,7,0,3,17,2,22,0,5,22,2,29,214,116,330,359
02/23/2015,JRF,HI,AWP,WE,Federal Contract Tower,0,3,3,3,9,0,4,48,20,72,0,7,51,23,81,193,84,277,358
02/24/2015,JRF,HI,AWP,WE,Federal Contract Tower,0,2,2,5,9,0,2,40,38,80,0,4,42,43,89,190,78,268,357
02/25/2015,JRF,HI,AWP,WE,Federal Contract Tower,0,0,1,11,12,0,5,33,26,64,0,5,34,37,76,241,143,384,460
02/26/2015,JRF,HI,AWP,WE,Federal Contract Tower,0,3,7,4,14,0,1,37,23,61,0,4,44,27,75,221,123,344,419
02/27/2015,JRF,HI,AWP,WE,Federal Contract Tower,0,4,5,4,13,0,2,38,14,54,0,6,43,18,67,163,54,217,284
02/28/2015,JRF,HI,AWP,WE,Federal Contract Tower,1,1,0,4,6,0,1,51,0,52,1,2,51,4,58,172,19,191,249
03/01/2015,JRF,HI,AWP,WE,Federal Contract Tower,0,5,2,3,10,0,2,19,7,28,0,7,21,10,38,185,14,199,237
03/02/2015,JRF,HI,AWP,WE,Federal Contract Tower,0,2,0,9,11,0,6,32,14,52,0,8,32,23,63,218,207,425,488
03/03/2015,JRF,HI,AWP,WE,Federal Contract Tower,0,1,0,4,5,0,8,43,24,75,0,9,43,28,80,182,138,320,400
03/04/2015,JRF,HI,AWP,WE,Federal Contract Tower,0,3,0,9,12,0,1,29,24,54,0,4,29,33,66,207,191,398,464
03/05/2015,JRF,HI,AWP,WE,Federal Contract Tower,0,3,0,3,6,0,3,43,22,68,0,6,43,25,74,282,78,360,434
03/06/2015,JRF,HI,AWP,WE,Federal Contract Tower,0,1,4,6,11,0,5,37,5,47,0,6,41,11,58,163,45,208,266
03/07/2015,JRF,HI,AWP,WE,Federal Contract Tower,0,3,1,2,6,0,4,26,11,41,0,7,27,13,47,196,26,222,269
03/08/2015,JRF,HI,AWP,WE,Federal Contract Tower,0,2,4,0,6,0,3,41,8,52,0,5,45,8,58,223,10,233,291
03/09/2015,JRF,HI,AWP,WE,Federal Contract Tower,0,1,0,7,8,0,2,26,6,34,0,3,26,13,42,174,119,293,335
03/10/2015,JRF,HI,AWP,WE,Federal Contract Tower,0,2,1,5,8,0,6,58,14,78,0,8,59,19,86,248,119,367,453
03/11/2015,JRF,HI,AWP,WE,Federal Contract Tower,0,3,1,3,7,0,3,49,18,70,0,6,50,21,77,361,82,443,520
03/12/2015,JRF,HI,AWP,WE,Federal Contract Tower,0,4,0,6,10,0,3,35,33,71,0,7,35,39,81,242,45,287,368
03/13/2015,JRF,HI,AWP,WE,Federal Contract Tower,0,2,2,0,4,0,4,32,6,42,0,6,34,6,46,273,49,322,368
03/14/2015,JRF,HI,AWP,WE,Federal Contract Tower,0,4,0,2,6,0,3,37,4,44,0,7,37,6,50,255,8,263,313
03/15/2015,JRF,HI,AWP,WE,Federal Contract Tower,0,1,0,1,2,0,6,42,1,49,0,7,42,2,51,230,3,233,284
03/16/2015,JRF,HI,AWP,WE,Federal Contract Tower,0,6,3,7,16,0,14,47,22,83,0,20,50,29,99,257,81,338,437
03/17/2015,JRF,HI,AWP,WE,Federal Contract Tower,0,0,7,3,10,0,4,58,9,71,0,4,65,12,81,312,71,383,464
03/18/2015,JRF,HI,AWP,WE,Federal Contract Tower,0,2,5,4,11,0,6,53,13,72,0,8,58,17,83,272,66,338,421
03/19/2015,JRF,HI,AWP,WE,Federal Contract Tower,0,4,5,7,16,0,2,32,23,57,0,6,37,30,73,251,134,385,458
03/20/2015,JRF,HI,AWP,WE,Federal Contract Tower,0,1,1,2,4,0,4,77,5,86,0,5,78,7,90,278,20,298,388
03/21/2015,JRF,HI,AWP,WE,Federal Contract Tower,0,6,3,1,10,0,0,62,2,64,0,6,65,3,74,277,32,309,383
03/22/2015,JRF,HI,AWP,WE,Federal Contract Tower,0,4,8,1,13,0,1,26,7,34,0,5,34,8,47,297,23,320,367
03/23/2015,JRF,HI,AWP,WE,Federal Contract Tower,0,2,4,6,12,0,2,43,27,72,0,4,47,33,84,118,47,165,249
03/24/2015,JRF,HI,AWP,WE,Federal Contract Tower,0,1,1,4,6,0,2,38,35,75,0,3,39,39,81,220,112,332,413
03/25/2015,JRF,HI,AWP,WE,Federal Contract Tower,0,2,1,4,7,0,3,54,39,96,0,5,55,43,103,197,141,338,441
03/26/2015,JRF,HI,AWP,WE,Federal Contract Tower,0,0,5,7,12,0,4,52,21,77,0,4,57,28,89,290,42,332,421
03/27/2015,JRF,HI,AWP,WE,Federal Contract Tower,0,3,3,3,9,0,4,41,6,51,0,7,44,9,60,322,10,332,392
03/28/2015,JRF,HI,AWP,WE,Federal Contract Tower,0,6,14,4,24,0,3,29,0,32,0,9,43,4,56,194,3,197,253
03/29/2015,JRF,HI,AWP,WE,Federal Contract Tower,0,2,2,3,7,0,5,39,3,47,0,7,41,6,54,260,5,265,319
03/30/2015,JRF,HI,AWP,WE,Federal Contract Tower,3,1,7,0,11,0,5,63,27,95,3,6,70,27,106,240,71,311,417
03/31/2015,JRF,HI,AWP,WE,Federal Contract Tower,0,2,3,1,6,0,4,47,9,60,0,6,50,10,66,233,54,287,353
04/01/2015,JRF,HI,AWP,WE,Federal Contract Tower,0,0,2,5,7,0,0,63,20,83,0,0,65,25,90,213,121,334,424
04/02/2015,JRF,HI,AWP,WE,Federal Contract Tower,0,0,3,3,6,0,0,52,27,79,0,0,55,30,85,296,43,339,424
04/03/2015,JRF,HI,AWP,WE,Federal Contract Tower,0,0,2,0,2,0,6,42,10,58,0,6,44,10,60,407,17,424,484
04/04/2015,JRF,HI,AWP,WE,Federal Contract Tower,0,1,1,1,3,0,5,36,4,45,0,6,37,5,48,277,6,283,331
04/05/2015,JRF,HI,AWP,WE,Federal Contract Tower,0,1,0,2,3,0,4,15,2,21,0,5,15,4,24,204,2,206,230
04/06/2015,JRF,HI,AWP,WE,Federal Contract Tower,0,2,1,7,10,0,8,56,15,79,0,10,57,22,89,324,81,405,494
04/07/2015,JRF,HI,AWP,WE,Federal Contract Tower,0,1,2,7,10,0,1,56,19,76,0,2,58,26,86,177,118,295,381
04/08/2015,JRF,HI,AWP,WE,Federal Contract Tower,0,0,2,0,2,0,0,70,28,98,0,0,72,28,100,350,122,472,572
04/09/2015,JRF,HI,AWP,WE,Federal Contract Tower,0,0,1,5,6,0,0,48,27,75,0,0,49,32,81,223,40,263,344
04/10/2015,JRF,HI,AWP,WE,Federal Contract Tower,0,4,0,1,5,0,7,34,4,45,0,11,34,5,50,296,26,322,372
04/11/2015,JRF,HI,AWP,WE,Federal Contract Tower,0,1,0,4,5,0,5,42,1,48,0,6,42,5,53,181,2,183,236
04/12/2015,JRF,HI,AWP,WE,Federal Contract Tower,0,1,4,1,6,0,1,30,1,32,0,2,34,2,38,183,4,187,225
04/13/2015,JRF,HI,AWP,WE,Federal Contract Tower,0,2,1,1,4,0,5,34,20,59,0,7,35,21,63,308,87,395,458
04/14/2015,JRF,HI,AWP,WE,Federal Contract Tower,0,0,3,6,9,0,0,72,11,83,0,0,75,17,92,355,57,412,504
04/15/2015,JRF,HI,AWP,WE,Federal Contract Tower,0,0,5,4,9,0,0,59,14,73,0,0,64,18,82,356,69,425,507
04/16/2015,JRF,HI,AWP,WE,Federal Contract Tower,0,0,1,0,1,0,1,56,20,77,0,1,57,20,78,379,104,483,561
04/17/2015,JRF,HI,AWP,WE,Federal Contract Tower,0,2,3,6,11,0,11,44,7,62,0,13,47,13,73,304,43,347,420
04/18/2015,JRF,HI,AWP,WE,Federal Contract Tower,0,0,0,2,2,0,4,40,2,46,0,4,40,4,48,261,11,272,320
04/19/2015,JRF,HI,AWP,WE,Federal Contract Tower,0,2,0,1,3,0,5,19,2,26,0,7,19,3,29,226,2,228,257
04/20/2015,JRF,HI,AWP,WE,Federal Contract Tower,0,2,0,7,9,0,4,23,15,42,0,6,23,22,51,214,84,298,349
04/21/2015,JRF,HI,AWP,WE,Federal Contract Tower,0,0,2,4,6,0,0,61,17,78,0,0,63,21,84,287,101,388,472
04/22/2015,JRF,HI,AWP,WE,Federal Contract Tower,0,0,3,5,8,0,0,49,10,59,0,0,52,15,67,291,98,389,456
04/23/2015,JRF,HI,AWP,WE,Federal Contract Tower,0,0,0,4,4,0,2,92,24,118,0,2,92,28,122,354,44,398,520
04/24/2015,JRF,HI,AWP,WE,Federal Contract Tower,0,0,3,5,8,0,0,49,10,59,0,0,52,15,67,291,98,389,456
04/25/2015,JRF,HI,AWP,WE,Federal Contract Tower,0,3,0,1,4,0,3,53,7,63,0,6,53,8,67,304,10,314,381
04/26/2015,JRF,HI,AWP,WE,Federal Contract Tower,0,5,0,0,5,0,4,40,2,46,0,9,40,2,51,253,7,260,311
04/27/2015,JRF,HI,AWP,WE,Federal Contract Tower,0,7,4,11,22,0,3,39,18,60,0,10,43,29,82,219,56,275,357
04/28/2015,JRF,HI,AWP,WE,Federal Contract Tower,0,1,2,4,7,0,0,62,24,86,0,1,64,28,93,296,97,393,486
04/29/2015,JRF,HI,AWP,WE,Federal Contract Tower,0,0,0,6,6,0,1,66,20,87,0,1,66,26,93,231,49,280,373
04/30/2015,JRF,HI,AWP,WE,Federal Contract Tower,0,0,0,1,1,0,1,75,24,100,0,1,75,25,101,303,37,340,441
05/01/2015,JRF,HI,AWP,WE,Federal Contract Tower,0,10,2,0,12,0,1,51,4,56,0,11,53,4,68,315,21,336,404
05/02/2015,JRF,HI,AWP,WE,Federal Contract Tower,0,4,0,3,7,0,6,67,3,76,0,10,67,6,83,272,15,287,370
05/03/2015,JRF,HI,AWP,WE,Federal Contract Tower,0,1,2,1,4,0,10,46,1,57,0,11,48,2,61,275,44,319,380
05/04/2015,JRF,HI,AWP,WE,Federal Contract Tower,0,5,4,2,11,0,4,63,18,85,0,9,67,20,96,234,39,273,369
05/05/2015,JRF,HI,AWP,WE,Federal Contract Tower,0,1,3,6,10,0,0,38,10,48,0,1,41,16,58,243,48,291,349
05/06/2015,JRF,HI,AWP,WE,Federal Contract Tower,0,0,0,3,3,0,0,53,16,69,0,0,53,19,72,203,83,286,358
05/07/2015,JRF,HI,AWP,WE,Federal Contract Tower,0,0,8,4,12,0,1,68,23,92,0,1,76,27,104,326,85,411,515
05/08/2015,JRF,HI,AWP,WE,Federal Contract Tower,0,11,7,2,20,0,1,41,4,46,0,12,48,6,66,285,25,310,376
05/09/2015,JRF,HI,AWP,WE,Federal Contract Tower,0,3,12,0,15,0,6,45,4,55,0,9,57,4,70,229,2,231,301
05/10/2015,JRF,HI,AWP,WE,Federal Contract Tower,0,8,2,1,11,0,5,33,1,39,0,13,35,2,50,337,4,341,391
05/11/2015,JRF,HI,AWP,WE,Federal Contract Tower,0,5,0,11,16,0,9,42,11,62,0,14,42,22,78,204,28,232,310
05/12/2015,JRF,HI,AWP,WE,Federal Contract Tower,0,0,2,7,9,0,0,27,5,32,0,0,29,12,41,292,53,345,386
05/13/2015,JRF,HI,AWP,WE,Federal Contract Tower,0,0,4,6,10,0,0,48,13,61,0,0,52,19,71,265,128,393,464
05/14/2015,JRF,HI,AWP,WE,Federal Contract Tower,0,0,0,6,6,0,1,49,16,66,0,1,49,22,72,263,41,304,376
05/15/2015,JRF,HI,AWP,WE,Federal Contract Tower,0,4,4,1,9,0,4,47,14,65,0,8,51,15,74,279,40,319,393
05/16/2015,JRF,HI,AWP,WE,Federal Contract Tower,0,2,1,2,5,0,7,46,7,60,0,9,47,9,65,259,2,261,326
05/17/2015,JRF,HI,AWP,WE,Federal Contract Tower,0,2,5,0,7,0,10,23,3,36,0,12,28,3,43,182,17,199,242
05/18/2015,JRF,HI,AWP,WE,Federal Contract Tower,0,3,2,4,9,0,10,56,8,74,0,13,58,12,83,217,86,303,386
05/19/2015,JRF,HI,AWP,WE,Federal Contract Tower,0,3,1,8,12,0,2,36,11,49,0,5,37,19,61,300,76,376,437
05/20/2015,JRF,HI,AWP,WE,Federal Contract Tower,0,0,1,13,14,0,0,56,9,65,0,0,57,22,79,340,49,389,468
05/21/2015,JRF,HI,AWP,WE,Federal Contract Tower,0,0,0,3,3,0,2,43,20,65,0,2,43,23,68,351,86,437,505
05/22/2015,JRF,HI,AWP,WE,Federal Contract Tower,0,3,1,1,5,0,11,101,5,117,0,14,102,6,122,326,3,329,451
05/23/2015,JRF,HI,AWP,WE,Federal Contract Tower,0,7,4,0,11,0,3,48,4,55,0,10,52,4,66,255,2,257,323
05/24/2015,JRF,HI,AWP,WE,Federal Contract Tower,0,2,3,1,6,0,6,35,3,44,0,8,38,4,50,319,4,323,373
05/25/2015,JRF,HI,AWP,WE,Federal Contract Tower,0,2,1,0,3,0,6,46,1,53,0,8,47,1,56,316,11,327,383
05/26/2015,JRF,HI,AWP,WE,Federal Contract Tower,0,0,6,12,18,0,1,59,14,74,0,1,65,26,92,239,67,306,398
05/27/2015,JRF,HI,AWP,WE,Federal Contract Tower,0,0,0,8,8,0,0,69,14,83,0,0,69,22,91,304,90,394,485
05/28/2015,JRF,HI,AWP,WE,Federal Contract Tower,0,0,1,7,8,0,0,37,23,60,0,0,38,30,68,235,34,269,337
05/29/2015,JRF,HI,AWP,WE,Federal Contract Tower,0,10,0,3,13,0,3,41,3,47,0,13,41,6,60,255,28,283,343
05/30/2015,JRF,HI,AWP,WE,Federal Contract Tower,0,4,3,9,16,0,6,33,5,44,0,10,36,14,60,219,7,226,286
05/31/2015,JRF,HI,AWP,WE,Federal Contract Tower,0,8,0,4,12,0,5,47,5,57,0,13,47,9,69,259,6,265,334
06/01/2015,JRF,HI,AWP,WE,Federal Contract Tower,0,5,1,7,13,0,9,57,12,78,0,14,58,19,91,224,42,266,357
06/02/2015,JRF,HI,AWP,WE,Federal Contract Tower,0,0,0,15,15,0,1,39,15,55,0,1,39,30,70,244,77,321,391
06/03/2015,JRF,HI,AWP,WE,Federal Contract Tower,0,0,2,12,14,0,0,63,11,74,0,0,65,23,88,180,65,245,333
06/04/2015,JRF,HI,AWP,WE,Federal Contract Tower,0,0,4,8,12,0,0,35,18,53,0,0,39,26,65,304,62,366,431
06/05/2015,JRF,HI,AWP,WE,Federal Contract Tower,0,2,2,13,17,0,5,55,3,63,0,7,57,16,80,227,77,304,384
06/06/2015,JRF,HI,AWP,WE,Federal Contract Tower,0,1,1,3,5,0,4,42,7,53,0,5,43,10,58,288,7,295,353
06/07/2015,JRF,HI,AWP,WE,Federal Contract Tower,0,4,1,4,9,0,8,21,2,31,0,12,22,6,40,131,20,151,191
06/08/2015,JRF,HI,AWP,WE,Federal Contract Tower,0,5,0,7,12,0,8,75,10,93,0,13,75,17,105,243,106,349,454
06/09/2015,JRF,HI,AWP,WE,Federal Contract Tower,0,1,1,3,5,0,0,26,62,88,0,1,27,65,93,240,18,258,351
06/10/2015,JRF,HI,AWP,WE,Federal Contract Tower,0,0,0,4,4,0,0,40,25,65,0,0,40,29,69,275,148,423,492
06/11/2015,JRF,HI,AWP,WE,Federal Contract Tower,0,2,1,6,9,0,2,40,11,53,0,4,41,17,62,287,39,326,388
06/12/2015,JRF,HI,AWP,WE,Federal Contract Tower,0,0,2,9,11,0,3,39,9,51,0,3,41,18,62,179,25,204,266
06/13/2015,JRF,HI,AWP,WE,Federal Contract Tower,0,3,2,3,8,0,3,20,6,29,0,6,22,9,37,225,33,258,295
06/14/2015,JRF,HI,AWP,WE,Federal Contract Tower,0,1,3,0,4,0,5,60,6,71,0,6,63,6,75,192,14,206,281
06/15/2015,JRF,HI,AWP,WE,Federal Contract Tower,0,3,0,8,11,5,49,7,0,61,5,52,7,8,72,115,115,230,302
06/16/2015,JRF,HI,AWP,WE,Federal Contract Tower,0,0,7,7,14,0,1,62,13,76,0,1,69,20,90,275,39,314,404
06/17/2015,JRF,HI,AWP,WE,Federal Contract Tower,0,0,2,6,8,0,2,37,12,51,0,2,39,18,59,276,86,362,421
06/18/2015,JRF,HI,AWP,WE,Federal Contract Tower,0,0,3,4,7,0,0,32,17,49,0,0,35,21,56,182,87,269,325
06/19/2015,JRF,HI,AWP,WE,Federal Contract Tower,0,1,0,3,4,0,6,22,11,39,0,7,22,14,43,259,16,275,318
06/20/2015,JRF,HI,AWP,WE,Federal Contract Tower,0,4,9,3,16,0,3,22,8,33,0,7,31,11,49,263,7,270,319
06/21/2015,JRF,HI,AWP,WE,Federal Contract Tower,0,1,0,1,2,0,3,34,2,39,0,4,34,3,41,161,0,161,202
06/22/2015,JRF,HI,AWP,WE,Federal Contract Tower,0,3,0,7,10,0,5,26,16,47,0,8,26,23,57,269,99,368,425
06/23/2015,JRF,HI,AWP,WE,Federal Contract Tower,0,0,5,4,9,0,0,26,18,44,0,0,31,22,53,227,87,314,367
06/24/2015,JRF,HI,AWP,WE,Federal Contract Tower,0,0,3,4,7,0,0,40,4,44,0,0,43,8,51,214,46,260,311
06/25/2015,JRF,HI,AWP,WE,Federal Contract Tower,0,0,3,4,7,0,0,30,17,47,0,0,33,21,54,209,52,261,315
06/26/2015,JRF,HI,AWP,WE,Federal Contract Tower,0,7,1,2,10,0,4,35,6,45,0,11,36,8,55,206,7,213,268
06/27/2015,JRF,HI,AWP,WE,Federal Contract Tower,0,3,1,2,6,0,6,23,0,29,0,9,24,2,35,207,10,217,252
06/28/2015,JRF,HI,AWP,WE,Federal Contract Tower,0,1,6,0,7,0,3,57,1,61,0,4,63,1,68,214,2,216,284
06/29/2015,JRF,HI,AWP,WE,Federal Contract Tower,0,4,4,0,8,0,8,70,12,90,0,12,74,12,98,295,51,346,444
06/30/2015,JRF,HI,AWP,WE,Federal Contract Tower,0,1,3,4,8,0,1,34,11,46,0,2,37,15,54,239,70,309,363
07/01/2015,JRF,HI,AWP,WE,Federal Contract Tower,0,0,5,4,9,0,0,43,8,51,0,0,48,12,60,261,100,361,421
07/02/2015,JRF,HI,AWP,WE,Federal Contract Tower,0,0,0,5,5,0,0,32,7,39,0,0,32,12,44,331,37,368,412
07/03/2015,JRF,HI,AWP,WE,Federal Contract Tower,0,1,2,1,4,0,2,40,4,46,0,3,42,5,50,230,18,248,298
07/04/2015,JRF,HI,AWP,WE,Federal Contract Tower,0,1,1,0,2,0,6,38,2,46,0,7,39,2,48,187,12,199,247
07/05/2015,JRF,HI,AWP,WE,Federal Contract Tower,0,0,4,0,4,0,4,43,10,57,0,4,47,10,61,184,42,226,287
07/06/2015,JRF,HI,AWP,WE,Federal Contract Tower,0,6,2,5,13,0,8,68,7,83,0,14,70,12,96,210,3,213,309
07/07/2015,JRF,HI,AWP,WE,Federal Contract Tower,0,0,2,7,9,0,0,45,22,67,0,0,47,29,76,303,102,405,481
07/08/2015,JRF,HI,AWP,WE,Federal Contract Tower,0,0,6,10,16,0,0,25,21,46,0,0,31,31,62,262,182,444,506
07/09/2015,JRF,HI,AWP,WE,Federal Contract Tower,0,0,1,3,4,0,0,28,13,41,0,0,29,16,45,361,20,381,426
07/10/2015,JRF,HI,AWP,WE,Federal Contract Tower,0,0,7,4,11,0,0,27,3,30,0,0,34,7,41,165,74,239,280
07/11/2015,JRF,HI,AWP,WE,Federal Contract Tower,0,7,4,3,14,0,0,44,2,46,0,7,48,5,60,242,19,261,321
07/12/2015,JRF,HI,AWP,WE,Federal Contract Tower,0,4,6,1,11,0,2,36,6,44,0,6,42,7,55,143,22,165,220
07/13/2015,JRF,HI,AWP,WE,Federal Contract Tower,0,4,3,4,11,0,4,55,4,63,0,8,58,8,74,164,38,202,276
07/14/2015,JRF,HI,AWP,WE,Federal Contract Tower,0,1,4,5,10,0,0,58,11,69,0,1,62,16,79,265,93,358,437
07/15/2015,JRF,HI,AWP,WE,Federal Contract Tower,0,0,2,4,6,0,0,34,11,45,0,0,36,15,51,239,92,331,382
07/16/2015,JRF,HI,AWP,WE,Federal Contract Tower,0,0,1,5,6,0,0,56,12,68,0,0,57,17,74,305,103,408,482
07/17/2015,JRF,HI,AWP,WE,Federal Contract Tower,0,5,2,3,10,0,3,36,8,47,0,8,38,11,57,266,8,274,331
07/18/2015,JRF,HI,AWP,WE,Federal Contract Tower,0,2,0,4,6,0,5,24,3,32,0,7,24,7,38,264,24,288,326
07/19/2015,JRF,HI,AWP,WE,Federal Contract Tower,0,4,2,4,10,0,6,30,3,39,0,10,32,7,49,250,0,250,299
07/20/2015,JRF,HI,AWP,WE,Federal Contract Tower,0,1,0,10,11,0,6,55,31,92,0,7,55,41,103,332,127,459,562
07/21/2015,JRF,HI,AWP,WE,Federal Contract Tower,0,0,1,8,9,0,0,31,22,53,0,0,32,30,62,238,75,313,375
07/22/2015,JRF,HI,AWP,WE,Federal Contract Tower,0,0,5,10,15,0,0,54,20,74,0,0,59,30,89,344,34,378,467
07/23/2015,JRF,HI,AWP,WE,Federal Contract Tower,0,0,6,7,13,0,2,31,1,34,0,2,37,8,47,306,40,346,393
07/24/2015,JRF,HI,AWP,WE,Federal Contract Tower,0,4,1,0,5,0,4,16,30,50,0,8,17,30,55,214,3,217,272
07/25/2015,JRF,HI,AWP,WE,Federal Contract Tower,0,0,0,0,0,0,6,26,6,38,0,6,26,6,38,281,4,285,323
07/26/2015,JRF,HI,AWP,WE,Federal Contract Tower,0,1,0,1,2,0,8,19,7,34,0,9,19,8,36,332,9,341,377
07/27/2015,JRF,HI,AWP,WE,Federal Contract Tower,0,1,4,3,8,0,7,43,8,58,0,8,47,11,66,238,52,290,356
07/28/2015,JRF,HI,AWP,WE,Federal Contract Tower,0,2,8,0,10,0,0,44,8,52,0,2,52,8,62,327,71,398,460
07/29/2015,JRF,HI,AWP,WE,Federal Contract Tower,0,0,1,17,18,0,0,58,24,82,0,0,59,41,100,312,74,386,486
07/30/2015,JRF,HI,AWP,WE,Federal Contract Tower,0,0,3,3,6,0,0,33,20,53,0,0,36,23,59,310,137,447,506
07/31/2015,JRF,HI,AWP,WE,Federal Contract Tower,0,1,3,2,6,0,4,59,11,74,0,5,62,13,80,324,96,420,500
08/01/2015,JRF,HI,AWP,WE,Federal Contract Tower,0,4,2,2,8,0,3,20,7,30,0,7,22,9,38,333,10,343,381
08/02/2015,JRF,HI,AWP,WE,Federal Contract Tower,0,1,0,1,2,0,6,20,3,29,0,7,20,4,31,243,7,250,281
08/03/2015,JRF,HI,AWP,WE,Federal Contract Tower,0,3,1,6,10,0,4,50,15,69,0,7,51,21,79,215,92,307,386
08/04/2015,JRF,HI,AWP,WE,Federal Contract Tower,0,0,2,6,8,0,0,54,28,82,0,0,56,34,90,268,104,372,462
08/05/2015,JRF,HI,AWP,WE,Federal Contract Tower,0,0,4,9,13,0,0,56,14,70,0,0,60,23,83,234,124,358,441
08/06/2015,JRF,HI,AWP,WE,Federal Contract Tower,0,0,3,10,13,0,0,26,35,61,0,0,29,45,74,187,87,274,348
08/07/2015,JRF,HI,AWP,WE,Federal Contract Tower,0,1,2,7,10,0,5,24,4,33,0,6,26,11,43,231,46,277,320
08/08/2015,JRF,HI,AWP,WE,Federal Contract Tower,0,4,0,1,5,0,3,45,5,53,0,7,45,6,58,191,18,209,267
08/09/2015,JRF,HI,AWP,WE,Federal Contract Tower,0,2,0,1,3,0,3,42,5,50,0,5,42,6,53,122,13,135,188
08/10/2015,JRF,HI,AWP,WE,Federal Contract Tower,0,6,6,11,23,0,2,61,11,74,0,8,67,22,97,216,86,302,399
08/11/2015,JRF,HI,AWP,WE,Federal Contract Tower,0,0,4,3,7,0,35,28,0,63,0,35,32,3,70,211,70,281,351
08/12/2015,JRF,HI,AWP,WE,Federal Contract Tower,0,0,3,4,7,0,0,29,28,57,0,0,32,32,64,203,121,324,388
08/13/2015,JRF,HI,AWP,WE,Federal Contract Tower,0,0,4,6,10,0,0,42,15,57,0,0,46,21,67,265,95,360,427
08/14/2015,JRF,HI,AWP,WE,Federal Contract Tower,0,9,0,6,15,0,0,1,58,59,0,9,1,64,74,175,8,183,257
08/15/2015,JRF,HI,AWP,WE,Federal Contract Tower,0,6,0,7,13,0,2,31,1,34,0,8,31,8,47,220,2,222,269
08/16/2015,JRF,HI,AWP,WE,Federal Contract Tower,0,3,0,5,8,0,2,34,2,38,0,5,34,7,46,176,15,191,237
08/17/2015,JRF,HI,AWP,WE,Federal Contract Tower,0,4,0,5,9,0,4,43,30,77,0,8,43,35,86,192,127,319,405
08/18/2015,JRF,HI,AWP,WE,Federal Contract Tower,0,0,2,5,7,0,0,47,27,74,0,0,49,32,81,284,25,309,390
08/19/2015,JRF,HI,AWP,WE,Federal Contract Tower,0,0,0,3,3,0,0,36,3,39,0,0,36,6,42,298,69,367,409
08/20/2015,JRF,HI,AWP,WE,Federal Contract Tower,0,0,2,4,6,0,0,42,25,67,0,0,44,29,73,327,65,392,465
08/21/2015,JRF,HI,AWP,WE,Federal Contract Tower,0,0,4,5,9,0,1,50,21,72,0,1,54,26,81,380,19,399,480
08/22/2015,JRF,HI,AWP,WE,Federal Contract Tower,0,2,0,0,2,0,1,38,4,43,0,3,38,4,45,359,14,373,418
08/23/2015,JRF,HI,AWP,WE,Federal Contract Tower,0,3,0,1,4,0,1,29,4,34,0,4,29,5,38,79,8,87,125
08/24/2015,JRF,HI,AWP,WE,Federal Contract Tower,0,4,0,10,14,0,0,10,5,15,0,4,10,15,29,88,73,161,190
08/25/2015,JRF,HI,AWP,WE,Federal Contract Tower,0,1,0,4,5,0,0,44,20,64,0,1,44,24,69,163,70,233,302
08/26/2015,JRF,HI,AWP,WE,Federal Contract Tower,0,0,0,1,1,0,0,60,16,76,0,0,60,17,77,239,6,245,322
08/27/2015,JRF,HI,AWP,WE,Federal Contract Tower,0,0,0,8,8,0,0,42,25,67,0,0,42,33,75,257,51,308,383
08/28/2015,JRF,HI,AWP,WE,Federal Contract Tower,0,1,3,6,10,0,2,33,8,43,0,3,36,14,53,347,24,371,424
08/29/2015,JRF,HI,AWP,WE,Federal Contract Tower,0,3,0,3,6,0,2,40,40,82,0,5,40,43,88,212,0,212,300
08/30/2015,JRF,HI,AWP,WE,Federal Contract Tower,0,2,4,4,10,0,5,23,5,33,0,7,27,9,43,196,21,217,260
08/31/2015,JRF,HI,AWP,WE,Federal Contract Tower,0,2,2,9,13,0,4,47,12,63,0,6,49,21,76,167,97,264,340
09/01/2015,JRF,HI,AWP,WE,Federal Contract Tower,0,0,5,6,11,0,0,66,34,100,0,0,71,40,111,297,45,342,453
09/02/2015,JRF,HI,AWP,WE,Federal Contract Tower,0,0,4,6,10,0,0,31,11,42,0,0,35,17,52,284,115,399,451
09/03/2015,JRF,HI,AWP,WE,Federal Contract Tower,0,1,0,6,7,0,0,4,7,11,0,1,4,13,18,40,35,75,93
09/04/2015,JRF,HI,AWP,WE,Federal Contract Tower,0,4,2,0,6,0,5,40,2,47,0,9,42,2,53,163,0,163,216
09/05/2015,JRF,HI,AWP,WE,Federal Contract Tower,0,1,3,0,4,0,8,48,5,61,0,9,51,5,65,212,1,213,278
09/06/2015,JRF,HI,AWP,WE,Federal Contract Tower,0,2,3,0,5,0,4,39,4,47,0,6,42,4,52,126,0,126,178
09/07/2015,JRF,HI,AWP,WE,Federal Contract Tower,0,5,2,0,7,0,3,33,1,37,0,8,35,1,44,214,7,221,265
09/08/2015,JRF,HI,AWP,WE,Federal Contract Tower,0,2,3,0,5,0,7,44,29,80,0,9,47,29,85,248,53,301,386
09/09/2015,JRF,HI,AWP,WE,Federal Contract Tower,0,0,0,9,9,0,0,46,35,81,0,0,46,44,90,286,63,349,439
09/10/2015,JRF,HI,AWP,WE,Federal Contract Tower,0,2,4,2,8,0,7,44,25,76,0,9,48,27,84,305,31,336,420
09/11/2015,JRF,HI,AWP,WE,Federal Contract Tower,0,7,1,4,12,0,1,6,3,10,0,8,7,7,22,21,60,81,103
09/12/2015,JRF,HI,AWP,WE,Federal Contract Tower,0,6,0,0,6,0,2,19,4,25,0,8,19,4,31,111,26,137,168
09/13/2015,JRF,HI,AWP,WE,Federal Contract Tower,0,7,1,2,10,0,18,7,0,25,0,25,8,2,35,76,11,87,122
09/14/2015,JRF,HI,AWP,WE,Federal Contract Tower,0,2,2,10,14,0,2,35,29,66,0,4,37,39,80,252,44,296,376
09/15/2015,JRF,HI,AWP,WE,Federal Contract Tower,0,5,0,8,13,0,1,32,17,50,0,6,32,25,63,228,75,303,366
09/16/2015,JRF,HI,AWP,WE,Federal Contract Tower,0,0,0,4,4,0,0,53,20,73,0,0,53,24,77,273,65,338,415
09/17/2015,JRF,HI,AWP,WE,Federal Contract Tower,0,2,4,2,8,0,6,47,38,91,0,8,51,40,99,309,53,362,461
09/18/2015,JRF,HI,AWP,WE,Federal Contract Tower,0,2,0,6,8,0,4,23,8,35,0,6,23,14,43,227,28,255,298
09/19/2015,JRF,HI,AWP,WE,Federal Contract Tower,0,0,8,5,13,0,3,26,1,30,0,3,34,6,43,207,16,223,266
09/20/2015,JRF,HI,AWP,WE,Federal Contract Tower,0,1,0,1,2,0,6,46,0,52,0,7,46,1,54,166,5,171,225
09/21/2015,JRF,HI,AWP,WE,Federal Contract Tower,0,7,1,0,8,0,1,36,27,64,0,8,37,27,72,267,51,318,390
09/22/2015,JRF,HI,AWP,WE,Federal Contract Tower,0,0,3,6,9,0,0,24,22,46,0,0,27,28,55,230,120,350,405
09/23/2015,JRF,HI,AWP,WE,Federal Contract Tower,0,0,2,6,8,0,0,41,18,59,0,0,43,24,67,293,92,385,452
09/24/2015,JRF,HI,AWP,WE,Federal Contract Tower,0,6,2,4,12,0,0,43,25,68,0,6,45,29,80,362,123,485,565
09/25/2015,JRF,HI,AWP,WE,Federal Contract Tower,0,5,3,2,10,0,1,33,19,53,0,6,36,21,63,257,10,267,330
09/26/2015,JRF,HI,AWP,WE,Federal Contract Tower,0,6,3,1,10,0,5,32,5,42,0,11,35,6,52,111,6,117,169
09/27/2015,JRF,HI,AWP,WE,Federal Contract Tower,0,9,3,1,13,0,1,16,3,20,0,10,19,4,33,96,1,97,130
09/28/2015,JRF,HI,AWP,WE,Federal Contract Tower,0,5,4,4,13,0,2,36,19,57,0,7,40,23,70,176,71,247,317
09/29/2015,JRF,HI,AWP,WE,Federal Contract Tower,0,1,2,5,8,0,1,16,12,29,0,2,18,17,37,234,74,308,345
09/30/2015,JRF,HI,AWP,WE,Federal Contract Tower,0,4,2,2,8,0,1,44,18,63,0,5,46,20,71,399,31,430,501
10/01/2015,JRF,HI,AWP,WE,Federal Contract Tower,0,1,2,8,11,0,1,40,12,53,0,2,42,20,64,317,46,363,427
10/02/2015,JRF,HI,AWP,WE,Federal Contract Tower,0,3,0,0,3,0,8,26,4,38,0,11,26,4,41,253,12,265,306
10/03/2015,JRF,HI,AWP,WE,Federal Contract Tower,0,1,0,0,1,0,7,34,6,47,0,8,34,6,48,173,26,199,247
10/04/2015,JRF,HI,AWP,WE,Federal Contract Tower,0,5,0,0,5,0,2,62,4,68,0,7,62,4,73,295,29,324,397
10/05/2015,JRF,HI,AWP,WE,Federal Contract Tower,5,0,7,0,12,0,1,52,14,67,5,1,59,14,79,143,94,237,316
10/06/2015,JRF,HI,AWP,WE,Federal Contract Tower,0,1,0,6,7,0,3,29,3,35,0,4,29,9,42,157,33,190,232
10/07/2015,JRF,HI,AWP,WE,Federal Contract Tower,0,4,3,0,7,0,4,49,15,68,0,8,52,15,75,332,89,421,496
10/08/2015,JRF,HI,AWP,WE,Federal Contract Tower,0,1,2,7,10,0,5,8,10,23,0,6,10,17,33,332,64,396,429
10/09/2015,JRF,HI,AWP,WE,Federal Contract Tower,0,4,2,2,8,0,5,37,1,43,0,9,39,3,51,280,92,372,423
10/10/2015,JRF,HI,AWP,WE,Federal Contract Tower,0,0,7,2,9,0,10,16,3,29,0,10,23,5,38,216,1,217,255
10/11/2015,JRF,HI,AWP,WE,Federal Contract Tower,0,6,1,2,9,0,0,28,2,30,0,6,29,4,39,184,17,201,240
10/12/2015,JRF,HI,AWP,WE,Federal Contract Tower,0,9,3,2,14,0,0,44,1,45,0,9,47,3,59,198,3,201,260
10/13/2015,JRF,HI,AWP,WE,Federal Contract Tower,0,4,1,6,11,0,5,56,37,98,0,9,57,43,109,234,80,314,423
10/14/2015,JRF,HI,AWP,WE,Federal Contract Tower,0,2,5,5,12,0,1,62,24,87,0,3,67,29,99,368,104,472,571
10/15/2015,JRF,HI,AWP,WE,Federal Contract Tower,0,3,0,7,10,0,58,31,0,89,0,61,31,7,99,223,84,307,406
10/16/2015,JRF,HI,AWP,WE,Federal Contract Tower,0,8,5,1,14,0,1,20,11,32,0,9,25,12,46,230,51,281,327
10/17/2015,JRF,HI,AWP,WE,Federal Contract Tower,0,4,0,2,6,0,2,24,2,28,0,6,24,4,34,255,5,260,294
10/18/2015,JRF,HI,AWP,WE,Federal Contract Tower,0,1,2,0,3,0,7,29,0,36,0,8,31,0,39,197,4,201,240
10/19/2015,JRF,HI,AWP,WE,Federal Contract Tower,0,5,1,4,10,0,5,52,14,71,0,10,53,18,81,251,56,307,388
10/20/2015,JRF,HI,AWP,WE,Federal Contract Tower,0,0,0,7,7,0,0,33,24,57,0,0,33,31,64,307,87,394,458
10/21/2015,JRF,HI,AWP,WE,Federal Contract Tower,0,1,1,9,11,0,4,61,16,81,0,5,62,25,92,380,115,495,587
10/22/2015,JRF,HI,AWP,WE,Federal Contract Tower,0,1,3,3,7,0,3,15,8,26,0,4,18,11,33,388,71,459,492
10/23/2015,JRF,HI,AWP,WE,Federal Contract Tower,0,1,1,1,3,0,8,21,3,32,0,9,22,4,35,358,11,369,404
10/24/2015,JRF,HI,AWP,WE,Federal Contract Tower,0,1,0,0,1,0,0,30,6,36,0,1,30,6,37,275,7,282,319
10/25/2015,JRF,HI,AWP,WE,Federal Contract Tower,0,1,0,1,2,0,4,86,1,91,0,5,86,2,93,230,21,251,344
10/26/2015,JRF,HI,AWP,WE,Federal Contract Tower,0,1,3,8,12,0,7,45,17,69,0,8,48,25,81,316,80,396,477
10/27/2015,JRF,HI,AWP,WE,Federal Contract Tower,0,0,7,7,14,0,2,23,0,25,0,2,30,7,39,268,52,320,359
10/28/2015,JRF,HI,AWP,WE,Federal Contract Tower,0,0,3,5,8,0,4,44,9,57,0,4,47,14,65,344,62,406,471
10/29/2015,JRF,HI,AWP,WE,Federal Contract Tower,0,0,7,0,7,0,1,30,18,49,0,1,37,18,56,347,52,399,455
10/30/2015,JRF,HI,AWP,WE,Federal Contract Tower,0,1,2,5,8,0,7,36,4,47,0,8,38,9,55,387,89,476,531
10/31/2015,JRF,HI,AWP,WE,Federal Contract Tower,0,1,2,0,3,0,5,45,1,51,0,6,47,1,54,239,8,247,301
11/01/2015,JRF,HI,AWP,WE,Federal Contract Tower,0,2,2,2,6,0,4,22,0,26,0,6,24,2,32,239,0,239,271
11/02/2015,JRF,HI,AWP,WE,Federal Contract Tower,0,2,4,6,12,0,2,59,22,83,0,4,63,28,95,235,27,262,357
11/03/2015,JRF,HI,AWP,WE,Federal Contract Tower,0,0,3,3,6,0,1,38,25,64,0,1,41,28,70,169,106,275,345
11/04/2015,JRF,HI,AWP,WE,Federal Contract Tower,0,2,3,10,15,0,1,39,16,56,0,3,42,26,71,268,139,407,478
11/05/2015,JRF,HI,AWP,WE,Federal Contract Tower,0,3,0,8,11,0,1,48,40,89,0,4,48,48,100,327,143,470,570
11/06/2015,JRF,HI,AWP,WE,Federal Contract Tower,0,3,4,4,11,0,3,32,15,50,0,6,36,19,61,317,53,370,431
11/07/2015,JRF,HI,AWP,WE,Federal Contract Tower,0,1,4,1,6,0,1,26,3,30,0,2,30,4,36,170,18,188,224
11/08/2015,JRF,HI,AWP,WE,Federal Contract Tower,0,1,0,2,3,0,2,42,8,52,0,3,42,10,55,239,67,306,361
11/09/2015,JRF,HI,AWP,WE,Federal Contract Tower,0,2,0,8,10,0,0,48,24,72,0,2,48,32,82,281,107,388,470
11/10/2015,JRF,HI,AWP,WE,Federal Contract Tower,0,1,5,6,12,0,3,61,30,94,0,4,66,36,106,233,96,329,435
11/11/2015,JRF,HI,AWP,WE,Federal Contract Tower,0,5,1,2,8,0,0,65,0,65,0,5,66,2,73,293,5,298,371
11/12/2015,JRF,HI,AWP,WE,Federal Contract Tower,0,3,5,9,17,0,1,36,13,50,0,4,41,22,67,301,141,442,509
11/13/2015,JRF,HI,AWP,WE,Federal Contract Tower,0,5,0,2,7,0,2,41,4,47,0,7,41,6,54,210,40,250,304
11/14/2015,JRF,HI,AWP,WE,Federal Contract Tower,0,4,1,5,10,0,2,37,1,40,0,6,38,6,50,171,3,174,224
11/15/2015,JRF,HI,AWP,WE,Federal Contract Tower,0,1,0,1,2,0,7,30,0,37,0,8,30,1,39,321,8,329,368
11/16/2015,JRF,HI,AWP,WE,Federal Contract Tower,0,1,8,10,19,0,8,68,17,93,0,9,76,27,112,271,60,331,443
11/17/2015,JRF,HI,AWP,WE,Federal Contract Tower,0,1,0,7,8,0,1,51,19,71,0,2,51,26,79,340,56,396,475
11/18/2015,JRF,HI,AWP,WE,Federal Contract Tower,0,4,2,5,11,0,2,54,17,73,0,6,56,22,84,288,107,395,479
11/19/2015,JRF,HI,AWP,WE,Federal Contract Tower,0,8,2,8,18,0,0,26,12,38,0,8,28,20,56,259,78,337,393
11/20/2015,JRF,HI,AWP,WE,Federal Contract Tower,0,5,2,2,9,0,0,12,1,13,0,5,14,3,22,45,27,72,94
11/21/2015,JRF,HI,AWP,WE,Federal Contract Tower,0,8,1,4,13,0,0,20,1,21,0,8,21,5,34,94,5,99,133
11/22/2015,JRF,HI,AWP,WE,Federal Contract Tower,0,10,0,2,12,0,0,6,0,6,0,10,6,2,18,8,0,8,26
11/23/2015,JRF,HI,AWP,WE,Federal Contract Tower,0,10,1,9,20,0,0,10,9,19,0,10,11,18,39,0,57,57,96
11/24/2015,JRF,HI,AWP,WE,Federal Contract Tower,0,3,0,3,6,0,2,64,14,80,0,5,64,17,86,296,126,422,508
11/25/2015,JRF,HI,AWP,WE,Federal Contract Tower,0,0,3,0,3,0,3,60,2,65,0,3,63,2,68,304,26,330,398
11/26/2015,JRF,HI,AWP,WE,Federal Contract Tower,0,13,0,0,13,0,0,2,6,8,0,13,2,6,21,96,0,96,117
11/27/2015,JRF,HI,AWP,WE,Federal Contract Tower,0,5,3,1,9,0,2,22,2,26,0,7,25,3,35,283,18,301,336
11/28/2015,JRF,HI,AWP,WE,Federal Contract Tower,0,4,0,1,5,0,4,25,1,30,0,8,25,2,35,250,9,259,294
11/29/2015,JRF,HI,AWP,WE,Federal Contract Tower,0,1,0,1,2,0,2,45,0,47,0,3,45,1,49,316,10,326,375
11/30/2015,JRF,HI,AWP,WE,Federal Contract Tower,0,3,2,11,16,0,56,35,56,147,0,59,37,67,163,219,127,346,509
12/01/2015,JRF,HI,AWP,WE,Federal Contract Tower,0,1,1,5,7,0,3,55,29,87,0,4,56,34,94,278,67,345,439
12/02/2015,JRF,HI,AWP,WE,Federal Contract Tower,0,3,3,7,13,0,3,29,52,84,0,6,32,59,97,265,158,423,520
12/03/2015,JRF,HI,AWP,WE,Federal Contract Tower,0,1,0,8,9,0,3,10,20,33,0,4,10,28,42,361,56,417,459
12/04/2015,JRF,HI,AWP,WE,Federal Contract Tower,0,1,5,1,7,0,5,26,2,33,0,6,31,3,40,262,2,264,304
12/05/2015,JRF,HI,AWP,WE,Federal Contract Tower,0,3,3,1,7,0,2,41,2,45,0,5,44,3,52,341,19,360,412
12/06/2015,JRF,HI,AWP,WE,Federal Contract Tower,0,3,1,0,4,0,6,23,1,30,0,9,24,1,34,258,18,276,310
12/07/2015,JRF,HI,AWP,WE,Federal Contract Tower,0,6,0,5,11,0,0,71,4,75,0,6,71,9,86,390,72,462,548
12/08/2015,JRF,HI,AWP,WE,Federal Contract Tower,0,4,6,5,15,0,1,38,11,50,0,5,44,16,65,313,45,358,423
12/09/2015,JRF,HI,AWP,WE,Federal Contract Tower,0,8,0,7,15,0,0,25,11,36,0,8,25,18,51,308,35,343,394
12/10/2015,JRF,HI,AWP,WE,Federal Contract Tower,0,7,3,5,15,0,1,44,29,74,0,8,47,34,89,234,33,267,356
12/11/2015,JRF,HI,AWP,WE,Federal Contract Tower,0,2,0,3,5,0,5,30,5,40,0,7,30,8,45,347,34,381,426
12/12/2015,JRF,HI,AWP,WE,Federal Contract Tower,0,7,1,7,15,0,1,49,2,52,0,8,50,9,67,307,9,316,383
12/13/2015,JRF,HI,AWP,WE,Federal Contract Tower,0,4,0,1,5,0,3,26,2,31,0,7,26,3,36,372,7,379,415
12/14/2015,JRF,HI,AWP,WE,Federal Contract Tower,0,3,12,5,20,0,6,54,22,82,0,9,66,27,102,368,55,423,525
12/15/2015,JRF,HI,AWP,WE,Federal Contract Tower,0,2,2,3,7,0,1,43,21,65,0,3,45,24,72,233,63,296,368
12/16/2015,JRF,HI,AWP,WE,Federal Contract Tower,0,1,4,7,12,0,2,24,19,45,0,3,28,26,57,231,17,248,305
12/17/2015,JRF,HI,AWP,WE,Federal Contract Tower,0,7,1,4,12,0,1,10,2,13,0,8,11,6,25,177,41,218,243
12/18/2015,JRF,HI,AWP,WE,Federal Contract Tower,0,8,1,3,12,0,0,12,4,16,0,8,13,7,28,63,19,82,110
12/19/2015,JRF,HI,AWP,WE,Federal Contract Tower,0,0,9,2,11,0,1,8,0,9,0,1,17,2,20,3,7,10,30
12/20/2015,JRF,HI,AWP,WE,Federal Contract Tower,0,7,0,0,7,0,0,0,6,6,0,7,0,6,13,0,2,2,15
12/21/2015,JRF,HI,AWP,WE,Federal Contract Tower,0,8,2,0,10,0,0,28,0,28,0,8,30,0,38,74,46,120,158
12/22/2015,JRF,HI,AWP,WE,Federal Contract Tower,0,7,2,0,9,0,0,13,3,16,0,7,15,3,25,42,57,99,124
12/23/2015,JRF,HI,AWP,WE,Federal Contract Tower,0,10,2,0,12,0,0,2,4,6,0,10,4,4,18,30,5,35,53
12/24/2015,JRF,HI,AWP,WE,Federal Contract Tower,0,9,0,4,13,0,0,8,0,8,0,9,8,4,21,112,4,116,137
12/25/2015,JRF,HI,AWP,WE,Federal Contract Tower,0,7,0,0,7,0,2,0,0,2,0,9,0,0,9,48,0,48,57
12/26/2015,JRF,HI,AWP,WE,Federal Contract Tower,0,8,0,1,9,0,0,24,3,27,0,8,24,4,36,11,5,16,52
12/27/2015,JRF,HI,AWP,WE,Federal Contract Tower,0,8,0,2,10,0,0,8,0,8,0,8,8,2,18,11,4,15,33
12/28/2015,JRF,HI,AWP,WE,Federal Contract Tower,0,9,3,5,17,0,0,23,0,23,0,9,26,5,40,88,14,102,142
12/29/2015,JRF,HI,AWP,WE,Federal Contract Tower,0,7,0,2,9,0,0,14,4,18,0,7,14,6,27,101,18,119,146
12/30/2015,JRF,HI,AWP,WE,Federal Contract Tower,0,9,1,2,12,0,0,19,4,23,0,9,20,6,35,51,6,57,92
12/31/2015,JRF,HI,AWP,WE,Federal Contract Tower,0,10,0,0,10,0,0,0,0,0,0,10,0,0,10,0,0,0,10
01/01/2016,JRF,HI,AWP,WE,Federal Contract Tower,0,8,2,2,12,0,0,34,0,34,0,8,36,2,46,49,1,50,96
01/02/2016,JRF,HI,AWP,WE,Federal Contract Tower,0,10,0,2,12,0,0,22,0,22,0,10,22,2,34,54,0,54,88
01/03/2016,JRF,HI,AWP,WE,Federal Contract Tower,0,2,2,1,5,0,4,24,0,28,0,6,26,1,33,154,20,174,207
01/04/2016,JRF,HI,AWP,WE,Federal Contract Tower,0,3,0,1,4,0,4,62,18,84,0,7,62,19,88,233,54,287,375
01/05/2016,JRF,HI,AWP,WE,Federal Contract Tower,0,2,3,7,12,0,2,60,20,82,0,4,63,27,94,199,44,243,337
01/06/2016,JRF,HI,AWP,WE,Federal Contract Tower,0,2,2,11,15,0,0,27,12,39,0,2,29,23,54,213,164,377,431
01/07/2016,JRF,HI,AWP,WE,Federal Contract Tower,0,1,0,5,6,0,2,27,8,37,0,3,27,13,43,197,100,297,340
01/08/2016,JRF,HI,AWP,WE,Federal Contract Tower,0,1,4,3,8,0,2,30,8,40,0,3,34,11,48,184,37,221,269
01/09/2016,JRF,HI,AWP,WE,Federal Contract Tower,0,5,0,5,10,0,0,25,6,31,0,5,25,11,41,191,33,224,265
01/10/2016,JRF,HI,AWP,WE,Federal Contract Tower,0,1,2,2,5,0,1,3,37,41,0,2,5,39,46,223,10,233,279
01/11/2016,JRF,HI,AWP,WE,Federal Contract Tower,0,3,2,10,15,0,3,23,35,61,0,6,25,45,76,240,30,270,346
01/12/2016,JRF,HI,AWP,WE,Federal Contract Tower,0,1,1,5,7,0,0,36,33,69,0,1,37,38,76,191,57,248,324
01/13/2016,JRF,HI,AWP,WE,Federal Contract Tower,0,2,6,5,13,0,2,28,33,63,0,4,34,38,76,246,92,338,414
01/14/2016,JRF,HI,AWP,WE,Federal Contract Tower,0,1,0,5,6,0,5,27,41,73,0,6,27,46,79,238,111,349,428
01/15/2016,JRF,HI,AWP,WE,Federal Contract Tower,0,6,0,4,10,0,0,37,11,48,0,6,37,15,58,323,22,345,403
01/16/2016,JRF,HI,AWP,WE,Federal Contract Tower,0,2,1,1,4,0,1,23,4,28,0,3,24,5,32,235,4,239,271
01/17/2016,JRF,HI,AWP,WE,Federal Contract Tower,0,1,0,4,5,0,5,38,0,43,0,6,38,4,48,375,9,384,432
01/18/2016,JRF,HI,AWP,WE,Federal Contract Tower,0,3,0,0,3,0,4,53,3,60,0,7,53,3,63,372,3,375,438
01/19/2016,JRF,HI,AWP,WE,Federal Contract Tower,0,0,2,3,5,0,1,23,29,53,0,1,25,32,58,216,77,293,351
01/20/2016,JRF,HI,AWP,WE,Federal Contract Tower,0,7,6,9,22,0,0,31,27,58,0,7,37,36,80,312,269,581,661
01/21/2016,JRF,HI,AWP,WE,Federal Contract Tower,0,2,1,5,8,0,4,16,20,40,0,6,17,25,48,211,77,288,336
01/22/2016,JRF,HI,AWP,WE,Federal Contract Tower,0,1,5,3,9,0,3,25,9,37,0,4,30,12,46,179,39,218,264
01/23/2016,JRF,HI,AWP,WE,Federal Contract Tower,0,1,0,3,4,0,4,29,3,36,0,5,29,6,40,243,16,259,299
01/24/2016,JRF,HI,AWP,WE,Federal Contract Tower,0,1,2,5,8,0,5,20,7,32,0,6,22,12,40,205,7,212,252
01/25/2016,JRF,HI,AWP,WE,Federal Contract Tower,0,6,0,6,12,0,0,44,16,60,0,6,44,22,72,320,31,351,423
01/26/2016,JRF,HI,AWP,WE,Federal Contract Tower,0,1,2,5,8,0,1,38,23,62,0,2,40,28,70,180,124,304,374
01/27/2016,JRF,HI,AWP,WE,Federal Contract Tower,0,1,2,7,10,0,2,34,27,63,0,3,36,34,73,276,72,348,421
01/28/2016,JRF,HI,AWP,WE,Federal Contract Tower,0,3,0,11,14,0,5,34,40,79,0,8,34,51,93,398,185,583,676
01/29/2016,JRF,HI,AWP,WE,Federal Contract Tower,0,2,3,1,6,0,2,1,2,5,0,4,4,3,11,196,10,206,217
01/30/2016,JRF,HI,AWP,WE,Federal Contract Tower,0,2,4,4,10,0,18,30,5,53,0,20,34,9,63,191,10,201,264
01/31/2016,JRF,HI,AWP,WE,Federal Contract Tower,0,1,2,3,6,0,3,22,1,26,0,4,24,4,32,234,4,238,270
02/01/2016,JRF,HI,AWP,WE,Federal Contract Tower,0,2,2,10,14,0,5,33,43,81,0,7,35,53,95,173,15,188,283
02/02/2016,JRF,HI,AWP,WE,Federal Contract Tower,0,4,5,8,17,0,2,37,25,64,0,6,42,33,81,208,70,278,359
02/03/2016,JRF,HI,AWP,WE,Federal Contract Tower,0,2,3,6,11,0,0,40,21,61,0,2,43,27,72,201,74,275,347
02/04/2016,JRF,HI,AWP,WE,Federal Contract Tower,0,4,0,4,8,0,0,38,18,56,0,4,38,22,64,360,91,451,515
02/05/2016,JRF,HI,AWP,WE,Federal Contract Tower,0,5,3,2,10,0,0,52,17,69,0,5,55,19,79,335,12,347,426
02/06/2016,JRF,HI,AWP,WE,Federal Contract Tower,0,6,3,2,11,0,0,29,5,34,0,6,32,7,45,222,5,227,272
02/07/2016,JRF,HI,AWP,WE,Federal Contract Tower,0,5,0,1,6,0,1,7,3,11,0,6,7,4,17,120,4,124,141
02/08/2016,JRF,HI,AWP,WE,Federal Contract Tower,0,3,2,7,12,0,0,33,14,47,0,3,35,21,59,140,24,164,223
02/09/2016,JRF,HI,AWP,WE,Federal Contract Tower,2,5,4,11,22,0,2,52,15,69,2,7,56,26,91,156,69,225,316
02/10/2016,JRF,HI,AWP,WE,Federal Contract Tower,0,2,6,4,12,0,4,27,5,36,0,6,33,9,48,162,37,199,247
02/11/2016,JRF,HI,AWP,WE,Federal Contract Tower,0,5,6,6,17,0,3,59,16,78,0,8,65,22,95,353,56,409,504
02/12/2016,JRF,HI,AWP,WE,Federal Contract Tower,0,4,1,2,7,0,2,36,4,42,0,6,37,6,49,276,24,300,349
02/13/2016,JRF,HI,AWP,WE,Federal Contract Tower,0,0,3,5,8,0,8,36,4,48,0,8,39,9,56,155,2,157,213
02/14/2016,JRF,HI,AWP,WE,Federal Contract Tower,0,3,0,0,3,0,5,16,3,24,0,8,16,3,27,169,10,179,206
02/15/2016,JRF,HI,AWP,WE,Federal Contract Tower,3,1,1,0,5,0,5,40,4,49,3,6,41,4,54,133,4,137,191
02/16/2016,JRF,HI,AWP,WE,Federal Contract Tower,0,7,0,4,11,0,4,41,22,67,0,11,41,26,78,135,66,201,279
02/17/2016,JRF,HI,AWP,WE,Federal Contract Tower,0,5,2,5,12,0,2,42,11,55,0,7,44,16,67,154,67,221,288
02/18/2016,JRF,HI,AWP,WE,Federal Contract Tower,0,5,0,9,14,0,1,40,39,80,0,6,40,48,94,282,34,316,410
02/19/2016,JRF,HI,AWP,WE,Federal Contract Tower,0,1,0,8,9,0,10,33,6,49,0,11,33,14,58,185,6,191,249
02/20/2016,JRF,HI,AWP,WE,Federal Contract Tower,0,0,2,0,2,0,4,37,6,47,0,4,39,6,49,210,12,222,271
02/21/2016,JRF,HI,AWP,WE,Federal Contract Tower,0,5,1,9,15,0,2,24,20,46,0,7,25,29,61,38,22,60,121
02/22/2016,JRF,HI,AWP,WE,Federal Contract Tower,0,4,2,2,8,0,1,28,27,56,0,5,30,29,64,245,41,286,350
02/23/2016,JRF,HI,AWP,WE,Federal Contract Tower,0,1,1,5,7,0,2,59,29,90,0,3,60,34,97,421,95,516,613
02/24/2016,JRF,HI,AWP,WE,Federal Contract Tower,0,2,0,7,9,0,2,49,15,66,0,4,49,22,75,195,73,268,343
02/25/2016,JRF,HI,AWP,WE,Federal Contract Tower,0,3,11,8,22,0,1,50,17,68,0,4,61,25,90,344,7,351,441
02/26/2016,JRF,HI,AWP,WE,Federal Contract Tower,0,2,2,4,8,0,3,38,24,65,0,5,40,28,73,288,4,292,365
02/27/2016,JRF,HI,AWP,WE,Federal Contract Tower,0,2,0,1,3,0,1,40,11,52,0,3,40,12,55,267,5,272,327
02/28/2016,JRF,HI,AWP,WE,Federal Contract Tower,0,3,1,1,5,0,1,30,0,31,0,4,31,1,36,110,2,112,148
02/29/2016,JRF,HI,AWP,WE,Federal Contract Tower,0,2,1,6,9,0,3,73,8,84,0,5,74,14,93,301,37,338,431
03/01/2016,JRF,HI,AWP,WE,Federal Contract Tower,0,2,9,2,13,0,1,52,20,73,0,3,61,22,86,20,155,175,261
03/02/2016,JRF,HI,AWP,WE,Federal Contract Tower,0,2,5,5,12,0,0,43,20,63,0,2,48,25,75,274,167,441,516
03/03/2016,JRF,HI,AWP,WE,Federal Contract Tower,0,3,0,7,10,0,3,64,15,82,0,6,64,22,92,401,64,465,557
03/04/2016,JRF,HI,AWP,WE,Federal Contract Tower,0,1,5,3,9,0,5,63,10,78,0,6,68,13,87,345,33,378,465
03/05/2016,JRF,HI,AWP,WE,Federal Contract Tower,0,2,4,7,13,0,6,30,2,38,0,8,34,9,51,206,6,212,263
03/06/2016,JRF,HI,AWP,WE,Federal Contract Tower,0,0,0,6,6,0,6,54,6,66,0,6,54,12,72,207,11,218,290
03/07/2016,JRF,HI,AWP,WE,Federal Contract Tower,0,0,5,10,15,0,4,38,37,79,0,4,43,47,94,184,48,232,326
03/08/2016,JRF,HI,AWP,WE,Federal Contract Tower,0,3,0,6,9,0,0,45,30,75,0,3,45,36,84,162,13,175,259
03/09/2016,JRF,HI,AWP,WE,Federal Contract Tower,0,5,5,10,20,0,2,31,14,47,0,7,36,24,67,166,58,224,291
03/10/2016,JRF,HI,AWP,WE,Federal Contract Tower,0,6,9,5,20,0,3,29,29,61,0,9,38,34,81,120,60,180,261
03/11/2016,JRF,HI,AWP,WE,Federal Contract Tower,0,5,0,4,9,0,2,44,9,55,0,7,44,13,64,161,21,182,246
03/12/2016,JRF,HI,AWP,WE,Federal Contract Tower,0,7,0,8,15,0,0,33,7,40,0,7,33,15,55,222,6,228,283
03/13/2016,JRF,HI,AWP,WE,Federal Contract Tower,0,3,3,3,9,0,3,40,16,59,0,6,43,19,68,139,13,152,220
03/14/2016,JRF,HI,AWP,WE,Federal Contract Tower,0,4,1,3,8,0,11,79,24,114,0,15,80,27,122,207,68,275,397
03/15/2016,JRF,HI,AWP,WE,Federal Contract Tower,0,4,1,0,5,0,4,60,22,86,0,8,61,22,91,327,87,414,505
03/16/2016,JRF,HI,AWP,WE,Federal Contract Tower,0,7,0,3,10,0,0,62,9,71,0,7,62,12,81,124,49,173,254
03/17/2016,JRF,HI,AWP,WE,Federal Contract Tower,0,1,0,3,4,0,10,90,19,119,0,11,90,22,123,268,42,310,433
03/18/2016,JRF,HI,AWP,WE,Federal Contract Tower,0,4,0,2,6,0,6,53,4,63,0,10,53,6,69,251,17,268,337
03/19/2016,JRF,HI,AWP,WE,Federal Contract Tower,0,1,3,6,10,0,8,32,13,53,0,9,35,19,63,185,2,187,250
03/20/2016,JRF,HI,AWP,WE,Federal Contract Tower,0,0,1,8,9,0,3,43,4,50,0,3,44,12,59,186,12,198,257
03/21/2016,JRF,HI,AWP,WE,Federal Contract Tower,0,5,0,7,12,0,7,60,9,76,0,12,60,16,88,184,91,275,363
03/22/2016,JRF,HI,AWP,WE,Federal Contract Tower,0,3,0,1,4,0,6,50,14,70,0,9,50,15,74,253,54,307,381
03/23/2016,JRF,HI,AWP,WE,Federal Contract Tower,0,3,0,3,6,0,14,78,14,106,0,17,78,17,112,398,111,509,621
03/24/2016,JRF,HI,AWP,WE,Federal Contract Tower,0,0,0,3,3,0,13,66,34,113,0,13,66,37,116,351,58,409,525
03/25/2016,JRF,HI,AWP,WE,Federal Contract Tower,0,1,4,2,7,0,4,25,1,30,0,5,29,3,37,73,1,74,111
03/26/2016,JRF,HI,AWP,WE,Federal Contract Tower,0,1,0,5,6,0,6,38,10,54,0,7,38,15,60,177,5,182,242
03/27/2016,JRF,HI,AWP,WE,Federal Contract Tower,0,1,1,1,3,0,6,40,5,51,0,7,41,6,54,179,5,184,238
03/28/2016,JRF,HI,AWP,WE,Federal Contract Tower,0,3,0,1,4,0,7,88,19,114,0,10,88,20,118,424,82,506,624
03/29/2016,JRF,HI,AWP,WE,Federal Contract Tower,0,7,1,3,11,0,0,60,17,77,0,7,61,20,88,409,86,495,583
03/30/2016,JRF,HI,AWP,WE,Federal Contract Tower,0,1,0,7,8,0,6,50,19,75,0,7,50,26,83,354,90,444,527
03/31/2016,JRF,HI,AWP,WE,Federal Contract Tower,0,4,1,2,7,0,4,59,21,84,0,8,60,23,91,281,75,356,447
04/01/2016,JRF,HI,AWP,WE,Federal Contract Tower,0,4,3,0,7,0,5,68,10,83,0,9,71,10,90,217,2,219,309
04/02/2016,JRF,HI,AWP,WE,Federal Contract Tower,0,3,2,1,6,0,3,41,12,56,0,6,43,13,62,292,18,310,372
04/03/2016,JRF,HI,AWP,WE,Federal Contract Tower,0,1,1,3,5,0,17,44,10,71,0,18,45,13,76,198,9,207,283
04/04/2016,JRF,HI,AWP,WE,Federal Contract Tower,0,3,4,6,13,0,3,52,13,68,0,6,56,19,81,234,52,286,367
04/05/2016,JRF,HI,AWP,WE,Federal Contract Tower,0,4,4,7,15,0,3,56,9,68,0,7,60,16,83,214,24,238,321
04/06/2016,JRF,HI,AWP,WE,Federal Contract Tower,0,0,0,6,6,0,4,34,23,61,0,4,34,29,67,154,62,216,283
04/07/2016,JRF,HI,AWP,WE,Federal Contract Tower,0,1,1,4,6,0,5,54,36,95,0,6,55,40,101,294,53,347,448
04/08/2016,JRF,HI,AWP,WE,Federal Contract Tower,0,4,8,6,18,0,5,53,21,79,0,9,61,27,97,270,9,279,376
04/09/2016,JRF,HI,AWP,WE,Federal Contract Tower,0,4,5,2,11,0,3,38,15,56,0,7,43,17,67,316,28,344,411
04/10/2016,JRF,HI,AWP,WE,Federal Contract Tower,0,1,1,6,8,0,14,45,11,70,0,15,46,17,78,227,17,244,322
04/11/2016,JRF,HI,AWP,WE,Federal Contract Tower,0,6,2,4,12,0,3,50,9,62,0,9,52,13,74,279,1,280,354
04/12/2016,JRF,HI,AWP,WE,Federal Contract Tower,0,4,2,5,11,0,2,75,16,93,0,6,77,21,104,304,64,368,472
04/13/2016,JRF,HI,AWP,WE,Federal Contract Tower,0,7,2,8,17,0,3,52,10,65,0,10,54,18,82,295,56,351,433
04/14/2016,JRF,HI,AWP,WE,Federal Contract Tower,0,3,2,2,7,0,5,17,15,37,0,8,19,17,44,255,21,276,320
04/15/2016,JRF,HI,AWP,WE,Federal Contract Tower,0,3,3,2,8,0,4,31,5,40,0,7,34,7,48,297,13,310,358
04/16/2016,JRF,HI,AWP,WE,Federal Contract Tower,0,0,5,0,5,0,10,24,3,37,0,10,29,3,42,252,6,258,300
04/17/2016,JRF,HI,AWP,WE,Federal Contract Tower,0,5,3,2,10,0,1,21,3,25,0,6,24,5,35,228,2,230,265
04/18/2016,JRF,HI,AWP,WE,Federal Contract Tower,0,5,1,1,7,0,3,32,33,68,0,8,33,34,75,147,13,160,235
04/19/2016,JRF,HI,AWP,WE,Federal Contract Tower,0,1,9,3,13,0,2,37,8,47,0,3,46,11,60,340,65,405,465
04/20/2016,JRF,HI,AWP,WE,Federal Contract Tower,0,0,2,5,7,0,5,68,19,92,0,5,70,24,99,342,121,463,562
04/21/2016,JRF,HI,AWP,WE,Federal Contract Tower,0,4,0,6,10,0,2,45,20,67,0,6,45,26,77,346,59,405,482
04/22/2016,JRF,HI,AWP,WE,Federal Contract Tower,0,5,0,2,7,0,2,33,8,43,0,7,33,10,50,218,26,244,294
04/23/2016,JRF,HI,AWP,WE,Federal Contract Tower,0,5,6,1,12,0,2,29,3,34,0,7,35,4,46,232,3,235,281
04/24/2016,JRF,HI,AWP,WE,Federal Contract Tower,0,7,0,3,10,0,1,49,2,52,0,8,49,5,62,211,2,213,275
04/25/2016,JRF,HI,AWP,WE,Federal Contract Tower,0,2,2,1,5,0,3,35,5,43,0,5,37,6,48,237,45,282,330
04/26/2016,JRF,HI,AWP,WE,Federal Contract Tower,0,4,2,6,12,0,3,54,22,79,0,7,56,28,91,188,82,270,361
04/27/2016,JRF,HI,AWP,WE,Federal Contract Tower,0,3,4,2,9,0,9,48,27,84,0,12,52,29,93,272,55,327,420
04/28/2016,JRF,HI,AWP,WE,Federal Contract Tower,0,2,0,5,7,0,5,35,11,51,0,7,35,16,58,230,55,285,343
04/29/2016,JRF,HI,AWP,WE,Federal Contract Tower,0,3,3,2,8,0,7,27,3,37,0,10,30,5,45,224,34,258,303
04/30/2016,JRF,HI,AWP,WE,Federal Contract Tower,0,2,4,2,8,0,3,24,1,28,0,5,28,3,36,342,2,344,380
05/01/2016,JRF,HI,AWP,WE,Federal Contract Tower,0,4,0,2,6,0,0,34,6,40,0,4,34,8,46,174,4,178,224
05/02/2016,JRF,HI,AWP,WE,Federal Contract Tower,0,4,0,5,9,0,6,57,8,71,0,10,57,13,80,248,19,267,347
05/03/2016,JRF,HI,AWP,WE,Federal Contract Tower,0,2,3,3,8,0,0,52,13,65,0,2,55,16,73,210,18,228,301
05/04/2016,JRF,HI,AWP,WE,Federal Contract Tower,0,2,3,15,20,0,0,74,12,86,0,2,77,27,106,215,97,312,418
05/05/2016,JRF,HI,AWP,WE,Federal Contract Tower,0,0,2,10,12,0,9,57,17,83,0,9,59,27,95,219,28,247,342
05/06/2016,JRF,HI,AWP,WE,Federal Contract Tower,0,6,2,2,10,0,4,24,1,29,0,10,26,3,39,273,13,286,325
05/07/2016,JRF,HI,AWP,WE,Federal Contract Tower,0,8,1,1,10,0,1,22,7,30,0,9,23,8,40,372,12,384,424
05/08/2016,JRF,HI,AWP,WE,Federal Contract Tower,0,5,0,3,8,0,1,40,0,41,0,6,40,3,49,196,0,196,245
05/09/2016,JRF,HI,AWP,WE,Federal Contract Tower,0,6,2,8,16,0,4,37,19,60,0,10,39,27,76,323,78,401,477
05/10/2016,JRF,HI,AWP,WE,Federal Contract Tower,0,2,4,2,8,0,1,31,11,43,0,3,35,13,51,207,55,262,313
05/11/2016,JRF,HI,AWP,WE,Federal Contract Tower,0,0,5,4,9,0,0,42,16,58,0,0,47,20,67,295,84,379,446
05/12/2016,JRF,HI,AWP,WE,Federal Contract Tower,0,2,4,8,14,0,4,42,23,69,0,6,46,31,83,320,44,364,447
05/13/2016,JRF,HI,AWP,WE,Federal Contract Tower,0,8,2,1,11,0,1,55,31,87,0,9,57,32,98,311,3,314,412
05/14/2016,JRF,HI,AWP,WE,Federal Contract Tower,0,1,0,2,3,0,1,35,0,36,0,2,35,2,39,391,8,399,438
05/15/2016,JRF,HI,AWP,WE,Federal Contract Tower,0,4,2,1,7,0,3,18,1,22,0,7,20,2,29,204,8,212,241
05/16/2016,JRF,HI,AWP,WE,Federal Contract Tower,0,2,0,4,6,0,16,43,5,64,0,18,43,9,70,239,11,250,320
05/17/2016,JRF,HI,AWP,WE,Federal Contract Tower,0,4,0,9,13,0,3,31,13,47,0,7,31,22,60,236,102,338,398
05/18/2016,JRF,HI,AWP,WE,Federal Contract Tower,0,2,3,0,5,0,4,47,17,68,0,6,50,17,73,324,99,423,496
05/19/2016,JRF,HI,AWP,WE,Federal Contract Tower,0,2,0,9,11,0,5,31,10,46,0,7,31,19,57,329,72,401,458
05/20/2016,JRF,HI,AWP,WE,Federal Contract Tower,0,7,1,8,16,0,4,30,22,56,0,11,31,30,72,319,48,367,439
05/21/2016,JRF,HI,AWP,WE,Federal Contract Tower,0,7,8,7,22,0,8,45,7,60,0,15,53,14,82,257,3,260,342
05/22/2016,JRF,HI,AWP,WE,Federal Contract Tower,0,4,3,1,8,0,5,41,1,47,0,9,44,2,55,247,8,255,310
05/23/2016,JRF,HI,AWP,WE,Federal Contract Tower,0,2,3,5,10,0,4,42,8,54,0,6,45,13,64,184,38,222,286
05/24/2016,JRF,HI,AWP,WE,Federal Contract Tower,0,2,0,4,6,0,6,63,37,106,0,8,63,41,112,241,61,302,414
05/25/2016,JRF,HI,AWP,WE,Federal Contract Tower,0,3,0,5,8,0,2,35,18,55,0,5,35,23,63,196,142,338,401
05/26/2016,JRF,HI,AWP,WE,Federal Contract Tower,0,9,4,3,16,0,0,36,37,73,0,9,40,40,89,195,102,297,386
05/27/2016,JRF,HI,AWP,WE,Federal Contract Tower,0,10,0,4,14,0,2,26,3,31,0,12,26,7,45,308,1,309,354
05/28/2016,JRF,HI,AWP,WE,Federal Contract Tower,0,6,5,4,15,0,4,32,18,54,0,10,37,22,69,284,10,294,363
05/29/2016,JRF,HI,AWP,WE,Federal Contract Tower,0,5,0,1,6,0,4,39,5,48,0,9,39,6,54,114,11,125,179
05/30/2016,JRF,HI,AWP,WE,Federal Contract Tower,0,11,1,2,14,0,1,57,6,64,0,12,58,8,78,196,5,201,279
05/31/2016,JRF,HI,AWP,WE,Federal Contract Tower,0,6,0,10,16,0,1,42,34,77,0,7,42,44,93,153,157,310,403
06/01/2016,JRF,HI,AWP,WE,Federal Contract Tower,0,1,0,8,9,0,2,39,20,61,0,3,39,28,70,244,34,278,348
06/02/2016,JRF,HI,AWP,WE,Federal Contract Tower,0,3,5,7,15,0,5,41,26,72,0,8,46,33,87,285,55,340,427
06/03/2016,JRF,HI,AWP,WE,Federal Contract Tower,0,2,0,6,8,0,7,45,8,60,0,9,45,14,68,347,24,371,439
06/04/2016,JRF,HI,AWP,WE,Federal Contract Tower,0,5,0,0,5,0,2,48,5,55,0,7,48,5,60,366,13,379,439
06/06/2016,JRF,HI,AWP,WE,Federal Contract Tower,0,3,4,3,10,0,6,51,21,78,0,9,55,24,88,258,50,308,396
06/07/2016,JRF,HI,AWP,WE,Federal Contract Tower,0,5,0,6,11,0,1,68,16,85,0,6,68,22,96,277,49,326,422
06/08/2016,JRF,HI,AWP,WE,Federal Contract Tower,0,2,0,6,8,0,0,57,32,89,0,2,57,38,97,212,65,277,374
06/09/2016,JRF,HI,AWP,WE,Federal Contract Tower,0,3,3,10,16,0,0,57,30,87,0,3,60,40,103,306,130,436,539
06/10/2016,JRF,HI,AWP,WE,Federal Contract Tower,0,2,4,2,8,0,1,35,7,43,0,3,39,9,51,353,8,361,412
06/11/2016,JRF,HI,AWP,WE,Federal Contract Tower,0,4,4,2,10,0,2,37,5,44,0,6,41,7,54,244,7,251,305
06/12/2016,JRF,HI,AWP,WE,Federal Contract Tower,0,7,0,5,12,0,0,34,5,39,0,7,34,10,51,168,0,168,219
06/13/2016,JRF,HI,AWP,WE,Federal Contract Tower,0,0,2,5,7,0,0,32,23,55,0,0,34,28,62,179,45,224,286
06/14/2016,JRF,HI,AWP,WE,Federal Contract Tower,0,1,2,11,14,0,3,47,12,62,0,4,49,23,76,272,95,367,443
06/15/2016,JRF,HI,AWP,WE,Federal Contract Tower,0,1,0,7,8,0,1,49,18,68,0,2,49,25,76,301,7,308,384
06/16/2016,JRF,HI,AWP,WE,Federal Contract Tower,0,2,3,5,10,0,1,4,17,22,0,3,7,22,32,182,29,211,243
06/17/2016,JRF,HI,AWP,WE,Federal Contract Tower,0,6,0,3,9,0,0,22,13,35,0,6,22,16,44,124,26,150,194
06/18/2016,JRF,HI,AWP,WE,Federal Contract Tower,1,3,1,0,5,0,3,68,4,75,1,6,69,4,80,253,0,253,333
06/19/2016,JRF,HI,AWP,WE,Federal Contract Tower,0,6,0,2,8,0,0,31,6,37,0,6,31,8,45,194,3,197,242
06/20/2016,JRF,HI,AWP,WE,Federal Contract Tower,0,4,4,3,11,0,2,76,15,93,0,6,80,18,104,244,25,269,373
06/21/2016,JRF,HI,AWP,WE,Federal Contract Tower,0,2,0,5,7,0,1,51,8,60,0,3,51,13,67,293,46,339,406
06/22/2016,JRF,HI,AWP,WE,Federal Contract Tower,0,0,0,4,4,0,3,68,27,98,0,3,68,31,102,216,54,270,372
06/23/2016,JRF,HI,AWP,WE,Federal Contract Tower,0,3,1,9,13,0,1,49,14,64,0,4,50,23,77,316,116,432,509
06/24/2016,JRF,HI,AWP,WE,Federal Contract Tower,0,3,0,9,12,0,1,52,27,80,0,4,52,36,92,215,14,229,321
06/25/2016,JRF,HI,AWP,WE,Federal Contract Tower,0,3,2,6,11,0,0,27,3,30,0,3,29,9,41,247,12,259,300
06/26/2016,JRF,HI,AWP,WE,Federal Contract Tower,0,2,1,8,11,0,2,44,2,48,0,4,45,10,59,250,2,252,311
06/27/2016,JRF,HI,AWP,WE,Federal Contract Tower,0,2,1,10,13,0,0,64,12,76,0,2,65,22,89,226,31,257,346
06/28/2016,JRF,HI,AWP,WE,Federal Contract Tower,0,1,2,6,9,0,2,48,45,95,0,3,50,51,104,335,54,389,493
06/29/2016,JRF,HI,AWP,WE,Federal Contract Tower,0,0,5,10,15,0,5,27,30,62,0,5,32,40,77,372,38,410,487
06/30/2016,JRF,HI,AWP,WE,Federal Contract Tower,0,2,5,4,11,0,1,47,52,100,0,3,52,56,111,262,32,294,405
07/01/2016,JRF,HI,AWP,WE,Federal Contract Tower,0,3,5,2,10,1,4,30,5,40,1,7,35,7,50,222,1,223,273
07/02/2016,JRF,HI,AWP,WE,Federal Contract Tower,0,9,2,1,12,0,0,42,3,45,0,9,44,4,57,168,0,168,225
07/03/2016,JRF,HI,AWP,WE,Federal Contract Tower,0,1,7,8,16,0,1,35,0,36,0,2,42,8,52,206,1,207,259
07/04/2016,JRF,HI,AWP,WE,Federal Contract Tower,0,6,0,2,8,0,1,43,8,52,0,7,43,10,60,149,5,154,214
07/05/2016,JRF,HI,AWP,WE,Federal Contract Tower,0,7,1,4,12,0,0,45,26,71,0,7,46,30,83,265,44,309,392
07/06/2016,JRF,HI,AWP,WE,Federal Contract Tower,0,1,6,8,15,0,2,58,36,96,0,3,64,44,111,306,61,367,478
07/07/2016,JRF,HI,AWP,WE,Federal Contract Tower,0,2,6,0,8,0,6,73,46,125,0,8,79,46,133,225,42,267,400
07/08/2016,JRF,HI,AWP,WE,Federal Contract Tower,0,6,3,0,9,0,2,49,15,66,0,8,52,15,75,208,30,238,313
07/09/2016,JRF,HI,AWP,WE,Federal Contract Tower,0,0,0,1,1,0,6,56,36,98,0,6,56,37,99,336,9,345,444
07/10/2016,JRF,HI,AWP,WE,Federal Contract Tower,0,1,3,0,4,0,4,32,24,60,0,5,35,24,64,349,6,355,419
07/11/2016,JRF,HI,AWP,WE,Federal Contract Tower,0,1,3,6,10,0,7,84,18,109,0,8,87,24,119,232,34,266,385
07/12/2016,JRF,HI,AWP,WE,Federal Contract Tower,0,0,0,2,2,0,7,57,32,96,0,7,57,34,98,267,71,338,436
07/13/2016,JRF,HI,AWP,WE,Federal Contract Tower,0,3,0,9,12,0,0,59,35,94,0,3,59,44,106,324,35,359,465
07/14/2016,JRF,HI,AWP,WE,Federal Contract Tower,0,4,4,10,18,0,3,41,69,113,0,7,45,79,131,403,94,497,628
07/15/2016,JRF,HI,AWP,WE,Federal Contract Tower,0,1,3,4,8,0,6,43,28,77,0,7,46,32,85,294,38,332,417
07/16/2016,JRF,HI,AWP,WE,Federal Contract Tower,0,0,2,0,2,0,1,36,19,56,0,1,38,19,58,357,14,371,429
07/17/2016,JRF,HI,AWP,WE,Federal Contract Tower,0,5,0,1,6,0,2,33,58,93,0,7,33,59,99,315,28,343,442
07/18/2016,JRF,HI,AWP,WE,Federal Contract Tower,0,4,1,3,8,0,1,57,60,118,0,5,58,63,126,119,42,161,287
07/19/2016,JRF,HI,AWP,WE,Federal Contract Tower,0,4,1,2,7,0,1,54,29,84,0,5,55,31,91,253,54,307,398
07/20/2016,JRF,HI,AWP,WE,Federal Contract Tower,0,2,1,6,9,0,4,47,63,114,0,6,48,69,123,320,45,365,488
07/21/2016,JRF,HI,AWP,WE,Federal Contract Tower,0,4,1,7,12,0,0,43,62,105,0,4,44,69,117,418,100,518,635
07/22/2016,JRF,HI,AWP,WE,Federal Contract Tower,0,2,4,3,9,0,2,72,13,87,0,4,76,16,96,282,7,289,385
07/23/2016,JRF,HI,AWP,WE,Federal Contract Tower,0,5,0,5,10,0,1,30,3,34,0,6,30,8,44,150,1,151,195
07/24/2016,JRF,HI,AWP,WE,Federal Contract Tower,0,5,0,2,7,0,1,1,2,4,0,6,1,4,11,10,2,12,23
07/25/2016,JRF,HI,AWP,WE,Federal Contract Tower,0,1,0,3,4,0,0,3,25,28,0,1,3,28,32,195,81,276,308
07/26/2016,JRF,HI,AWP,WE,Federal Contract Tower,2,2,6,0,10,0,5,46,22,73,2,7,52,22,83,262,53,315,398
07/27/2016,JRF,HI,AWP,WE,Federal Contract Tower,1,1,7,0,9,0,1,62,11,74,1,2,69,11,83,318,28,346,429
07/28/2016,JRF,HI,AWP,WE,Federal Contract Tower,6,2,6,0,14,0,1,35,18,54,6,3,41,18,68,213,67,280,348
07/29/2016,JRF,HI,AWP,WE,Federal Contract Tower,4,2,3,0,9,0,0,45,27,72,4,2,48,27,81,237,15,252,333
07/30/2016,JRF,HI,AWP,WE,Federal Contract Tower,0,1,2,6,9,0,4,58,18,80,0,5,60,24,89,231,23,254,343
07/31/2016,JRF,HI,AWP,WE,Federal Contract Tower,0,5,3,2,10,0,0,38,20,58,0,5,41,22,68,109,76,185,253
09/01/2016,JRF,HI,AWP,WE,Federal Contract Tower,0,4,2,10,16,0,1,15,0,16,0,5,17,10,32,104,31,135,167
09/02/2016,JRF,HI,AWP,WE,Federal Contract Tower,0,4,0,4,8,0,0,19,1,20,0,4,19,5,28,154,0,154,182
09/03/2016,JRF,HI,AWP,WE,Federal Contract Tower,0,0,1,0,1,0,0,32,0,32,0,0,33,0,33,194,3,197,230
09/04/2016,JRF,HI,AWP,WE,Federal Contract Tower,0,0,0,0,0,0,2,50,0,52,0,2,50,0,52,333,0,333,385
09/05/2016,JRF,HI,AWP,WE,Federal Contract Tower,0,3,0,4,7,0,3,77,0,80,0,6,77,4,87,335,6,341,428
09/06/2016,JRF,HI,AWP,WE,Federal Contract Tower,0,0,2,4,6,0,0,66,18,84,0,0,68,22,90,233,22,255,345
09/07/2016,JRF,HI,AWP,WE,Federal Contract Tower,0,0,3,10,13,0,0,43,23,66,0,0,46,33,79,326,62,388,467
09/08/2016,JRF,HI,AWP,WE,Federal Contract Tower,0,0,2,4,6,0,0,47,31,78,0,0,49,35,84,317,28,345,429
09/09/2016,JRF,HI,AWP,WE,Federal Contract Tower,0,0,1,5,6,0,0,44,26,70,0,0,45,31,76,188,26,214,290
09/11/2016,JRF,HI,AWP,WE,Federal Contract Tower,0,0,3,0,3,0,0,37,1,38,0,0,40,1,41,369,19,388,429
09/12/2016,JRF,HI,AWP,WE,Federal Contract Tower,0,0,2,6,8,0,0,53,33,86,0,0,55,39,94,207,82,289,383
09/13/2016,JRF,HI,AWP,WE,Federal Contract Tower,0,0,3,7,10,0,0,38,24,62,0,0,41,31,72,174,36,210,282
09/14/2016,JRF,HI,AWP,WE,Federal Contract Tower,0,0,1,2,3,0,0,34,17,51,0,0,35,19,54,231,80,311,365
09/15/2016,JRF,HI,AWP,WE,Federal Contract Tower,0,0,2,3,5,0,0,45,6,51,0,0,47,9,56,198,15,213,269
09/16/2016,JRF,HI,AWP,WE,Federal Contract Tower,0,0,2,2,4,0,0,34,30,64,0,0,36,32,68,218,29,247,315
09/17/2016,JRF,HI,AWP,WE,Federal Contract Tower,0,0,4,1,5,0,0,44,3,47,0,0,48,4,52,218,15,233,285
09/18/2016,JRF,HI,AWP,WE,Federal Contract Tower,0,0,0,0,0,0,0,54,2,56,0,0,54,2,56,265,30,295,351
09/19/2016,JRF,HI,AWP,WE,Federal Contract Tower,0,0,2,6,8,0,0,44,19,63,0,0,46,25,71,354,32,386,457
09/20/2016,JRF,HI,AWP,WE,Federal Contract Tower,0,0,0,2,2,0,0,41,12,53,0,0,41,14,55,301,36,337,392
09/21/2016,JRF,HI,AWP,WE,Federal Contract Tower,0,0,8,4,12,0,0,51,8,59,0,0,59,12,71,302,36,338,409
09/22/2016,JRF,HI,AWP,WE,Federal Contract Tower,0,0,1,4,5,0,0,74,24,98,0,0,75,28,103,393,26,419,522
09/23/2016,JRF,HI,AWP,WE,Federal Contract Tower,0,0,3,5,8,0,0,70,11,81,0,0,73,16,89,282,0,282,371
09/24/2016,JRF,HI,AWP,WE,Federal Contract Tower,0,0,2,2,4,0,0,60,19,79,0,0,62,21,83,305,4,309,392
09/25/2016,JRF,HI,AWP,WE,Federal Contract Tower,0,0,2,5,7,0,0,17,2,19,0,0,19,7,26,292,15,307,333
09/26/2016,JRF,HI,AWP,WE,Federal Contract Tower,0,0,4,7,11,0,0,24,14,38,0,0,28,21,49,227,103,330,379
09/27/2016,JRF,HI,AWP,WE,Federal Contract Tower,0,0,0,6,6,0,0,56,13,69,0,0,56,19,75,270,39,309,384
09/28/2016,JRF,HI,AWP,WE,Federal Contract Tower,0,0,0,6,6,0,0,56,25,81,0,0,56,31,87,324,59,383,470
09/29/2016,JRF,HI,AWP,WE,Federal Contract Tower,0,0,2,4,6,0,0,31,68,99,0,0,33,72,105,321,49,370,475
09/30/2016,JRF,HI,AWP,WE,Federal Contract Tower,0,0,0,1,1,0,0,24,23,47,0,0,24,24,48,293,15,308,356
10/01/2016,JRF,HI,AWP,WE,Federal Contract Tower,0,0,1,3,4,0,0,33,3,36,0,0,34,6,40,198,10,208,248
10/02/2016,JRF,HI,AWP,WE,Federal Contract Tower,0,0,4,3,7,0,0,34,2,36,0,0,38,5,43,232,10,242,285
10/03/2016,JRF,HI,AWP,WE,Federal Contract Tower,0,0,4,7,11,0,0,42,10,52,0,0,46,17,63,145,42,187,250
10/04/2016,JRF,HI,AWP,WE,Federal Contract Tower,0,0,1,5,6,0,0,58,9,67,0,0,59,14,73,298,42,340,413
10/05/2016,JRF,HI,AWP,WE,Federal Contract Tower,0,0,1,4,5,0,0,68,24,92,0,0,69,28,97,322,80,402,499
10/06/2016,JRF,HI,AWP,WE,Federal Contract Tower,0,0,4,4,8,0,0,29,12,41,0,0,33,16,49,292,16,308,357
10/07/2016,JRF,HI,AWP,WE,Federal Contract Tower,0,0,4,3,7,0,0,20,4,24,0,0,24,7,31,309,16,325,356
10/08/2016,JRF,HI,AWP,WE,Federal Contract Tower,0,0,1,0,1,0,0,52,11,63,0,0,53,11,64,362,22,384,448
10/09/2016,JRF,HI,AWP,WE,Federal Contract Tower,0,0,1,0,1,0,0,30,1,31,0,0,31,1,32,289,0,289,321
10/10/2016,JRF,HI,AWP,WE,Federal Contract Tower,0,0,8,1,9,0,0,53,18,71,0,0,61,19,80,285,3,288,368
10/11/2016,JRF,HI,AWP,WE,Federal Contract Tower,0,0,7,9,16,0,0,86,30,116,0,0,93,39,132,329,61,390,522
10/12/2016,JRF,HI,AWP,WE,Federal Contract Tower,0,0,1,7,8,0,0,71,38,109,0,0,72,45,117,304,114,418,535
10/13/2016,JRF,HI,AWP,WE,Federal Contract Tower,0,0,3,1,4,0,0,44,38,82,0,0,47,39,86,383,45,428,514
10/14/2016,JRF,HI,AWP,WE,Federal Contract Tower,0,0,3,2,5,0,0,20,8,28,0,0,23,10,33,248,45,293,326
10/15/2016,JRF,HI,AWP,WE,Federal Contract Tower,0,0,2,3,5,0,0,22,23,45,0,0,24,26,50,216,2,218,268
10/16/2016,JRF,HI,AWP,WE,Federal Contract Tower,0,0,0,6,6,0,0,28,13,41,0,0,28,19,47,270,16,286,333
10/17/2016,JRF,HI,AWP,WE,Federal Contract Tower,0,0,0,5,5,0,0,38,26,64,0,0,38,31,69,251,37,288,357
10/18/2016,JRF,HI,AWP,WE,Federal Contract Tower,0,0,0,5,5,0,0,48,56,104,0,0,48,61,109,330,85,415,524
10/19/2016,JRF,HI,AWP,WE,Federal Contract Tower,0,0,0,9,9,0,0,47,27,74,0,0,47,36,83,304,56,360,443
10/20/2016,JRF,HI,AWP,WE,Federal Contract Tower,0,0,1,4,5,0,0,37,35,72,0,0,38,39,77,225,91,316,393
10/21/2016,JRF,HI,AWP,WE,Federal Contract Tower,0,0,0,2,2,0,0,18,21,39,0,0,18,23,41,194,34,228,269
10/22/2016,JRF,HI,AWP,WE,Federal Contract Tower,0,0,2,3,5,0,0,16,5,21,0,0,18,8,26,168,12,180,206
10/23/2016,JRF,HI,AWP,WE,Federal Contract Tower,0,0,4,3,7,0,0,29,0,29,0,0,33,3,36,207,1,208,244
10/24/2016,JRF,HI,AWP,WE,Federal Contract Tower,0,0,2,4,6,0,0,60,24,84,0,0,62,28,90,262,102,364,454
10/25/2016,JRF,HI,AWP,WE,Federal Contract Tower,0,0,6,7,13,0,0,50,19,69,0,0,56,26,82,292,88,380,462
10/26/2016,JRF,HI,AWP,WE,Federal Contract Tower,0,0,1,6,7,0,0,38,12,50,0,0,39,18,57,304,65,369,426
10/27/2016,JRF,HI,AWP,WE,Federal Contract Tower,0,0,0,6,6,0,0,27,26,53,0,0,27,32,59,354,94,448,507
10/28/2016,JRF,HI,AWP,WE,Federal Contract Tower,0,0,0,3,3,0,0,23,12,35,0,0,23,15,38,227,10,237,275
10/29/2016,JRF,HI,AWP,WE,Federal Contract Tower,0,0,2,1,3,0,0,41,26,67,0,0,43,27,70,221,24,245,315
10/30/2016,JRF,HI,AWP,WE,Federal Contract Tower,0,0,1,1,2,0,0,30,59,89,0,0,31,60,91,230,4,234,325
10/31/2016,JRF,HI,AWP,WE,Federal Contract Tower,0,0,1,3,4,0,0,41,18,59,0,0,42,21,63,203,35,238,301
11/01/2016,JRF,HI,AWP,WE,Federal Contract Tower,0,0,0,7,7,0,0,20,15,35,0,0,20,22,42,230,71,301,343
11/02/2016,JRF,HI,AWP,WE,Federal Contract Tower,0,0,0,5,5,0,0,51,19,70,0,0,51,24,75,262,33,295,370
11/03/2016,JRF,HI,AWP,WE,Federal Contract Tower,0,0,0,3,3,0,0,32,22,54,0,0,32,25,57,322,79,401,458
11/04/2016,JRF,HI,AWP,WE,Federal Contract Tower,0,0,2,2,4,0,0,23,20,43,0,0,25,22,47,337,36,373,420
11/05/2016,JRF,HI,AWP,WE,Federal Contract Tower,0,0,5,6,11,0,0,22,10,32,0,0,27,16,43,403,60,463,506
11/06/2016,JRF,HI,AWP,WE,Federal Contract Tower,0,0,1,4,5,1,0,31,11,43,1,0,32,15,48,287,4,291,339
11/07/2016,JRF,HI,AWP,WE,Federal Contract Tower,0,0,2,7,9,0,0,69,40,109,0,0,71,47,118,221,45,266,384
11/08/2016,JRF,HI,AWP,WE,Federal Contract Tower,0,0,0,5,5,0,0,42,26,68,0,0,42,31,73,353,44,397,470
11/09/2016,JRF,HI,AWP,WE,Federal Contract Tower,0,0,2,4,6,0,0,72,30,102,0,0,74,34,108,360,56,416,524
11/10/2016,JRF,HI,AWP,WE,Federal Contract Tower,0,0,1,2,3,0,0,23,19,42,0,0,24,21,45,305,21,326,371
11/11/2016,JRF,HI,AWP,WE,Federal Contract Tower,0,0,1,2,3,0,0,18,0,18,0,0,19,2,21,161,6,167,188
11/12/2016,JRF,HI,AWP,WE,Federal Contract Tower,0,0,0,4,4,0,0,29,2,31,0,0,29,6,35,207,2,209,244
11/13/2016,JRF,HI,AWP,WE,Federal Contract Tower,0,0,0,1,1,0,0,38,1,39,0,0,38,2,40,309,10,319,359
11/14/2016,JRF,HI,AWP,WE,Federal Contract Tower,0,0,9,0,9,0,0,33,14,47,0,0,42,14,56,151,48,199,255
11/15/2016,JRF,HI,AWP,WE,Federal Contract Tower,0,0,0,5,5,0,0,37,36,73,0,0,37,41,78,256,74,330,408
11/16/2016,JRF,HI,AWP,WE,Federal Contract Tower,0,0,0,8,8,0,0,69,10,79,0,0,69,18,87,409,51,460,547
11/17/2016,JRF,HI,AWP,WE,Federal Contract Tower,0,0,0,4,4,0,0,52,21,73,0,0,52,25,77,346,60,406,483
11/18/2016,JRF,HI,AWP,WE,Federal Contract Tower,0,0,3,3,6,0,0,48,8,56,0,0,51,11,62,430,28,458,520
11/19/2016,JRF,HI,AWP,WE,Federal Contract Tower,0,0,4,2,6,0,0,20,0,20,0,0,24,2,26,421,6,427,453
11/20/2016,JRF,HI,AWP,WE,Federal Contract Tower,0,0,9,6,15,0,0,37,0,37,0,0,46,6,52,252,4,256,308
11/21/2016,JRF,HI,AWP,WE,Federal Contract Tower,0,0,4,10,14,0,0,12,8,20,0,0,16,18,34,89,91,180,214
11/22/2016,JRF,HI,AWP,WE,Federal Contract Tower,0,0,1,7,8,0,0,52,23,75,0,0,53,30,83,272,137,409,492
11/23/2016,JRF,HI,AWP,WE,Federal Contract Tower,0,0,1,0,1,0,0,48,4,52,0,0,49,4,53,204,6,210,263
11/24/2016,JRF,HI,AWP,WE,Federal Contract Tower,0,0,3,0,3,0,0,14,0,14,0,0,17,0,17,85,0,85,102
11/25/2016,JRF,HI,AWP,WE,Federal Contract Tower,0,0,1,1,2,0,0,29,4,33,0,0,30,5,35,228,35,263,298
11/26/2016,JRF,HI,AWP,WE,Federal Contract Tower,0,0,1,0,1,0,0,15,1,16,0,0,16,1,17,204,1,205,222
11/27/2016,JRF,HI,AWP,WE,Federal Contract Tower,0,0,0,2,2,0,0,18,2,20,0,0,18,4,22,222,3,225,247
11/28/2016,JRF,HI,AWP,WE,Federal Contract Tower,0,0,2,7,9,0,0,30,40,70,0,0,32,47,79,243,87,330,409
11/29/2016,JRF,HI,AWP,WE,Federal Contract Tower,0,0,3,3,6,0,0,25,17,42,0,0,28,20,48,212,60,272,320
11/30/2016,JRF,HI,AWP,WE,Federal Contract Tower,0,0,5,8,13,0,0,42,26,68,0,0,47,34,81,248,64,312,393
12/01/2016,JRF,HI,AWP,WE,Federal Contract Tower,0,0,1,5,6,0,0,42,7,49,0,0,43,12,55,353,54,407,462
12/02/2016,JRF,HI,AWP,WE,Federal Contract Tower,0,0,3,2,5,0,0,33,3,36,0,0,36,5,41,286,20,306,347
12/03/2016,JRF,HI,AWP,WE,Federal Contract Tower,0,0,0,5,5,0,0,26,5,31,0,0,26,10,36,293,4,297,333
12/04/2016,JRF,HI,AWP,WE,Federal Contract Tower,0,0,0,5,5,0,0,35,3,38,0,0,35,8,43,181,26,207,250
12/05/2016,JRF,HI,AWP,WE,Federal Contract Tower,0,0,1,8,9,0,0,70,6,76,0,0,71,14,85,354,34,388,473
12/06/2016,JRF,HI,AWP,WE,Federal Contract Tower,0,0,3,2,5,0,0,86,13,99,0,0,89,15,104,299,38,337,441
12/07/2016,JRF,HI,AWP,WE,Federal Contract Tower,0,0,5,5,10,0,0,39,13,52,0,0,44,18,62,313,54,367,429
12/08/2016,JRF,HI,AWP,WE,Federal Contract Tower,0,0,0,3,3,0,0,11,2,13,0,0,11,5,16,22,1,23,39
12/09/2016,JRF,HI,AWP,WE,Federal Contract Tower,0,0,0,3,3,0,0,21,14,35,0,0,21,17,38,284,18,302,340
12/10/2016,JRF,HI,AWP,WE,Federal Contract Tower,0,0,4,2,6,0,0,47,10,57,0,0,51,12,63,312,11,323,386
12/11/2016,JRF,HI,AWP,WE,Federal Contract Tower,0,0,1,1,2,0,0,50,0,50,0,0,51,1,52,291,1,292,344
12/12/2016,JRF,HI,AWP,WE,Federal Contract Tower,0,0,3,1,4,0,0,44,4,48,0,0,47,5,52,164,86,250,302
12/13/2016,JRF,HI,AWP,WE,Federal Contract Tower,0,0,0,6,6,0,0,35,18,53,0,0,35,24,59,326,52,378,437
12/14/2016,JRF,HI,AWP,WE,Federal Contract Tower,0,0,4,6,10,0,0,54,27,81,0,0,58,33,91,267,88,355,446
12/15/2016,JRF,HI,AWP,WE,Federal Contract Tower,0,0,0,3,3,0,0,35,20,55,0,0,35,23,58,197,27,224,282
12/16/2016,JRF,HI,AWP,WE,Federal Contract Tower,0,0,0,2,2,0,0,36,8,44,0,0,36,10,46,197,15,212,258
12/17/2016,JRF,HI,AWP,WE,Federal Contract Tower,0,0,0,5,5,0,0,23,4,27,0,0,23,9,32,65,1,66,98
12/18/2016,JRF,HI,AWP,WE,Federal Contract Tower,0,0,0,5,5,0,0,5,1,6,0,0,5,6,11,89,2,91,102
12/19/2016,JRF,HI,AWP,WE,Federal Contract Tower,0,0,0,4,4,0,0,12,0,12,0,0,12,4,16,59,0,59,75
12/20/2016,JRF,HI,AWP,WE,Federal Contract Tower,0,0,0,5,5,0,0,0,4,4,0,0,0,9,9,0,38,38,47
12/21/2016,JRF,HI,AWP,WE,Federal Contract Tower,0,0,0,6,6,0,0,2,4,6,0,0,2,10,12,12,18,30,42
12/22/2016,JRF,HI,AWP,WE,Federal Contract Tower,0,0,0,7,7,0,0,12,3,15,0,0,12,10,22,129,31,160,182
12/23/2016,JRF,HI,AWP,WE,Federal Contract Tower,0,0,2,3,5,0,0,14,0,14,0,0,16,3,19,113,1,114,133
12/24/2016,JRF,HI,AWP,WE,Federal Contract Tower,0,0,0,3,3,0,0,20,1,21,0,0,20,4,24,32,1,33,57
12/25/2016,JRF,HI,AWP,WE,Federal Contract Tower,0,0,0,1,1,0,0,0,8,8,0,0,0,9,9,10,0,10,19
12/26/2016,JRF,HI,AWP,WE,Federal Contract Tower,0,0,1,2,3,0,0,15,0,15,0,0,16,2,18,72,0,72,90
12/27/2016,JRF,HI,AWP,WE,Federal Contract Tower,0,2,0,4,6,0,0,2,0,2,0,2,2,4,8,5,18,23,31
12/28/2016,JRF,HI,AWP,WE,Federal Contract Tower,0,0,0,4,4,0,0,1,3,4,0,0,1,7,8,7,23,30,38
12/29/2016,JRF,HI,AWP,WE,Federal Contract Tower,0,0,0,5,5,0,0,14,1,15,0,0,14,6,20,129,4,133,153
12/30/2016,JRF,HI,AWP,WE,Federal Contract Tower,0,0,0,5,5,0,0,0,8,8,0,0,0,13,13,56,2,58,71
12/31/2016,JRF,HI,AWP,WE,Federal Contract Tower,0,0,0,4,4,0,0,20,6,26,0,0,20,10,30,23,4,27,57
01/01/2017,JRF,HI,AWP,WE,Federal Contract Tower,0,0,4,5,9,0,0,17,9,26,0,0,21,14,35,0,1,1,36
01/02/2017,JRF,HI,AWP,WE,Federal Contract Tower,0,0,1,1,2,0,0,43,2,45,0,0,44,3,47,173,1,174,221
01/03/2017,JRF,HI,AWP,WE,Federal Contract Tower,0,0,1,6,7,0,0,31,10,41,0,0,32,16,48,69,66,135,183
01/04/2017,JRF,HI,AWP,WE,Federal Contract Tower,0,0,2,7,9,0,0,60,19,79,0,0,62,26,88,276,75,351,439
01/05/2017,JRF,HI,AWP,WE,Federal Contract Tower,0,0,0,12,12,0,0,48,15,63,0,0,48,27,75,275,43,318,393
01/06/2017,JRF,HI,AWP,WE,Federal Contract Tower,0,0,0,5,5,0,0,17,15,32,0,0,17,20,37,185,10,195,232
01/07/2017,JRF,HI,AWP,WE,Federal Contract Tower,0,0,0,2,2,0,0,22,5,27,0,0,22,7,29,239,21,260,289
01/08/2017,JRF,HI,AWP,WE,Federal Contract Tower,0,0,4,5,9,0,0,31,5,36,0,0,35,10,45,112,3,115,160
01/09/2017,JRF,HI,AWP,WE,Federal Contract Tower,0,0,0,6,6,0,0,63,18,81,0,0,63,24,87,256,98,354,441
01/10/2017,JRF,HI,AWP,WE,Federal Contract Tower,0,0,1,6,7,0,0,37,21,58,0,0,38,27,65,331,124,455,520
01/11/2017,JRF,HI,AWP,WE,Federal Contract Tower,0,0,2,9,11,0,0,54,28,82,0,0,56,37,93,223,91,314,407
01/12/2017,JRF,HI,AWP,WE,Federal Contract Tower,0,0,1,5,6,0,0,26,18,44,0,0,27,23,50,242,52,294,344
01/13/2017,JRF,HI,AWP,WE,Federal Contract Tower,0,0,2,2,4,0,0,36,12,48,0,0,38,14,52,238,1,239,291
01/14/2017,JRF,HI,AWP,WE,Federal Contract Tower,0,0,0,2,2,0,0,35,6,41,0,0,35,8,43,226,5,231,274
01/15/2017,JRF,HI,AWP,WE,Federal Contract Tower,0,0,1,2,3,0,0,29,1,30,0,0,30,3,33,222,7,229,262
01/16/2017,JRF,HI,AWP,WE,Federal Contract Tower,0,0,7,1,8,0,0,54,5,59,0,0,61,6,67,271,8,279,346
01/17/2017,JRF,HI,AWP,WE,Federal Contract Tower,0,0,3,5,8,0,0,46,28,74,0,0,49,33,82,231,63,294,376
01/18/2017,JRF,HI,AWP,WE,Federal Contract Tower,0,0,3,8,11,0,0,44,28,72,0,0,47,36,83,388,98,486,569
01/19/2017,JRF,HI,AWP,WE,Federal Contract Tower,0,0,0,8,8,0,0,48,33,81,0,0,48,41,89,343,69,412,501
01/20/2017,JRF,HI,AWP,WE,Federal Contract Tower,0,0,2,2,4,0,0,32,8,40,0,0,34,10,44,180,55,235,279
01/21/2017,JRF,HI,AWP,WE,Federal Contract Tower,0,0,4,5,9,0,0,16,0,16,0,0,20,5,25,68,54,122,147
01/22/2017,JRF,HI,AWP,WE,Federal Contract Tower,1,0,3,5,9,0,0,12,0,12,1,0,15,5,21,222,55,277,298
01/23/2017,JRF,HI,AWP,WE,Federal Contract Tower,0,0,1,5,6,0,0,53,8,61,0,0,54,13,67,185,37,222,289
01/24/2017,JRF,HI,AWP,WE,Federal Contract Tower,0,0,1,6,7,0,0,60,29,89,0,0,61,35,96,131,79,210,306
01/25/2017,JRF,HI,AWP,WE,Federal Contract Tower,0,0,0,2,2,0,0,61,36,97,0,0,61,38,99,365,87,452,551
01/26/2017,JRF,HI,AWP,WE,Federal Contract Tower,0,0,0,2,2,0,0,45,23,68,0,0,45,25,70,297,109,406,476
01/27/2017,JRF,HI,AWP,WE,Federal Contract Tower,0,0,1,3,4,0,0,38,6,44,0,0,39,9,48,216,37,253,301
01/28/2017,JRF,HI,AWP,WE,Federal Contract Tower,0,0,3,4,7,0,0,28,0,28,0,0,31,4,35,247,50,297,332
01/29/2017,JRF,HI,AWP,WE,Federal Contract Tower,0,0,3,3,6,0,0,30,2,32,0,0,33,5,38,90,50,140,178
01/30/2017,JRF,HI,AWP,WE,Federal Contract Tower,0,3,4,4,11,0,0,54,8,62,0,3,58,12,73,205,77,282,355
01/31/2017,JRF,HI,AWP,WE,Federal Contract Tower,0,0,2,4,6,0,0,41,29,70,0,0,43,33,76,274,88,362,438
02/01/2017,JRF,HI,AWP,WE,Federal Contract Tower,0,0,4,12,16,0,0,42,10,52,0,0,46,22,68,332,16,348,416
02/02/2017,JRF,HI,AWP,WE,Federal Contract Tower,0,0,1,8,9,0,0,27,22,49,0,0,28,30,58,404,32,436,494
02/03/2017,JRF,HI,AWP,WE,Federal Contract Tower,0,0,2,10,12,0,0,19,8,27,0,0,21,18,39,188,33,221,260
02/04/2017,JRF,HI,AWP,WE,Federal Contract Tower,0,0,0,8,8,0,0,25,1,26,0,0,25,9,34,240,7,247,281
02/05/2017,JRF,HI,AWP,WE,Federal Contract Tower,0,0,0,4,4,0,0,18,4,22,0,0,18,8,26,84,24,108,134
02/06/2017,JRF,HI,AWP,WE,Federal Contract Tower,0,0,0,4,4,0,0,0,9,9,0,0,0,13,13,100,31,131,144
02/07/2017,JRF,HI,AWP,WE,Federal Contract Tower,0,0,0,4,4,0,0,52,22,74,0,0,52,26,78,342,43,385,463
02/08/2017,JRF,HI,AWP,WE,Federal Contract Tower,0,0,0,8,8,0,0,47,21,68,0,0,47,29,76,381,143,524,600
02/09/2017,JRF,HI,AWP,WE,Federal Contract Tower,0,0,2,7,9,0,0,32,18,50,0,0,34,25,59,331,73,404,463
02/10/2017,JRF,HI,AWP,WE,Federal Contract Tower,0,0,2,1,3,0,0,21,11,32,0,0,23,12,35,268,48,316,351
02/11/2017,JRF,HI,AWP,WE,Federal Contract Tower,0,0,1,3,4,0,0,0,2,2,0,0,1,5,6,10,2,12,18
02/12/2017,JRF,HI,AWP,WE,Federal Contract Tower,0,0,3,5,8,0,0,59,11,70,0,0,62,16,78,333,14,347,425
02/13/2017,JRF,HI,AWP,WE,Federal Contract Tower,0,0,1,4,5,0,0,56,8,64,0,0,57,12,69,316,29,345,414
02/14/2017,JRF,HI,AWP,WE,Federal Contract Tower,0,0,0,1,1,0,0,53,15,68,0,0,53,16,69,214,25,239,308
02/15/2017,JRF,HI,AWP,WE,Federal Contract Tower,0,0,0,5,5,0,0,26,14,40,0,0,26,19,45,216,49,265,310
02/16/2017,JRF,HI,AWP,WE,Federal Contract Tower,3,3,0,0,6,34,7,0,0,41,37,10,0,0,47,319,64,383,430
02/17/2017,JRF,HI,AWP,WE,Federal Contract Tower,0,0,0,5,5,0,0,15,0,15,0,0,15,5,20,327,2,329,349
02/18/2017,JRF,HI,AWP,WE,Federal Contract Tower,0,0,5,3,8,0,0,60,5,65,0,0,65,8,73,291,12,303,376
02/19/2017,JRF,HI,AWP,WE,Federal Contract Tower,0,0,1,4,5,0,0,28,4,32,0,0,29,8,37,262,37,299,336
02/20/2017,JRF,HI,AWP,WE,Federal Contract Tower,0,0,0,3,3,0,0,67,2,69,0,0,67,5,72,211,8,219,291
02/21/2017,JRF,HI,AWP,WE,Federal Contract Tower,0,0,5,8,13,0,0,55,18,73,0,0,60,26,86,154,60,214,300
02/22/2017,JRF,HI,AWP,WE,Federal Contract Tower,0,0,0,6,6,0,0,68,15,83,0,0,68,21,89,390,101,491,580
02/23/2017,JRF,HI,AWP,WE,Federal Contract Tower,0,0,1,4,5,0,0,44,14,58,0,0,45,18,63,319,69,388,451
02/24/2017,JRF,HI,AWP,WE,Federal Contract Tower,0,0,2,4,6,0,0,26,15,41,0,0,28,19,47,261,53,314,361
02/25/2017,JRF,HI,AWP,WE,Federal Contract Tower,0,0,4,1,5,0,0,27,3,30,0,0,31,4,35,443,6,449,484
02/26/2017,JRF,HI,AWP,WE,Federal Contract Tower,0,0,0,2,2,0,0,28,3,31,0,0,28,5,33,201,40,241,274
02/27/2017,JRF,HI,AWP,WE,Federal Contract Tower,0,0,5,3,8,0,0,20,19,39,0,0,25,22,47,201,5,206,253
02/28/2017,JRF,HI,AWP,WE,Federal Contract Tower,0,0,3,9,12,0,0,39,8,47,0,0,42,17,59,109,22,131,190
03/01/2017,JRF,HI,AWP,WE,Federal Contract Tower,0,0,1,7,8,0,0,11,6,17,0,0,12,13,25,41,72,113,138
03/02/2017,JRF,HI,AWP,WE,Federal Contract Tower,0,0,2,6,8,0,0,7,67,74,0,0,9,73,82,369,16,385,467
03/03/2017,JRF,HI,AWP,WE,Federal Contract Tower,0,0,2,6,8,0,0,24,14,38,0,0,26,20,46,278,35,313,359
03/04/2017,JRF,HI,AWP,WE,Federal Contract Tower,0,0,0,5,5,0,0,23,0,23,0,0,23,5,28,268,14,282,310
03/05/2017,JRF,HI,AWP,WE,Federal Contract Tower,0,0,2,4,6,0,0,26,20,46,0,0,28,24,52,286,24,310,362
03/06/2017,JRF,HI,AWP,WE,Federal Contract Tower,0,0,6,7,13,0,0,47,18,65,0,0,53,25,78,276,39,315,393
03/07/2017,JRF,HI,AWP,WE,Federal Contract Tower,0,0,0,11,11,0,0,53,28,81,0,0,53,39,92,226,112,338,430
03/08/2017,JRF,HI,AWP,WE,Federal Contract Tower,0,0,1,5,6,0,0,44,19,63,0,0,45,24,69,278,73,351,420
03/09/2017,JRF,HI,AWP,WE,Federal Contract Tower,0,0,0,4,4,0,0,43,32,75,0,0,43,36,79,268,69,337,416
03/10/2017,JRF,HI,AWP,WE,Federal Contract Tower,0,0,1,0,1,0,0,37,16,53,0,0,38,16,54,310,27,337,391
03/11/2017,JRF,HI,AWP,WE,Federal Contract Tower,0,0,1,1,2,0,0,50,0,50,0,0,51,1,52,269,0,269,321
03/12/2017,JRF,HI,AWP,WE,Federal Contract Tower,0,0,0,0,0,0,0,40,1,41,0,0,40,1,41,290,1,291,332
03/13/2017,JRF,HI,AWP,WE,Federal Contract Tower,0,0,3,4,7,0,0,58,7,65,0,0,61,11,72,271,80,351,423
03/14/2017,JRF,HI,AWP,WE,Federal Contract Tower,0,1,3,0,4,0,0,48,10,58,0,1,51,10,62,299,21,320,382
03/15/2017,JRF,HI,AWP,WE,Federal Contract Tower,0,0,0,4,4,0,0,38,3,41,0,0,38,7,45,183,34,217,262
03/16/2017,JRF,HI,AWP,WE,Federal Contract Tower,0,0,0,2,2,0,0,34,17,51,0,0,34,19,53,238,21,259,312
03/17/2017,JRF,HI,AWP,WE,Federal Contract Tower,0,0,1,2,3,0,0,27,6,33,0,0,28,8,36,283,7,290,326
03/18/2017,JRF,HI,AWP,WE,Federal Contract Tower,0,0,2,0,2,0,0,47,0,47,0,0,49,0,49,294,2,296,345
03/19/2017,JRF,HI,AWP,WE,Federal Contract Tower,0,0,2,0,2,0,0,49,0,49,0,0,51,0,51,342,4,346,397
03/20/2017,JRF,HI,AWP,WE,Federal Contract Tower,0,0,3,3,6,0,0,54,14,68,0,0,57,17,74,300,59,359,433
03/21/2017,JRF,HI,AWP,WE,Federal Contract Tower,0,0,0,2,2,0,0,76,17,93,0,0,76,19,95,403,46,449,544
03/22/2017,JRF,HI,AWP,WE,Federal Contract Tower,0,0,2,5,7,0,0,39,16,55,0,0,41,21,62,285,44,329,391
03/23/2017,JRF,HI,AWP,WE,Federal Contract Tower,0,0,3,3,6,0,0,32,14,46,0,0,35,17,52,419,44,463,515
03/24/2017,JRF,HI,AWP,WE,Federal Contract Tower,0,0,0,4,4,0,0,31,13,44,0,0,31,17,48,174,17,191,239
03/25/2017,JRF,HI,AWP,WE,Federal Contract Tower,0,0,0,1,1,0,0,50,6,56,0,0,50,7,57,395,1,396,453
03/26/2017,JRF,HI,AWP,WE,Federal Contract Tower,0,0,1,3,4,0,0,18,1,19,0,0,19,4,23,297,4,301,324
03/27/2017,JRF,HI,AWP,WE,Federal Contract Tower,0,0,0,6,6,0,0,56,17,73,0,0,56,23,79,295,11,306,385
03/28/2017,JRF,HI,AWP,WE,Federal Contract Tower,0,0,0,3,3,0,0,57,7,64,0,0,57,10,67,448,94,542,609
03/29/2017,JRF,HI,AWP,WE,Federal Contract Tower,0,0,0,6,6,0,0,51,13,64,0,0,51,19,70,328,88,416,486
03/30/2017,JRF,HI,AWP,WE,Federal Contract Tower,0,0,0,6,6,0,0,54,16,70,0,0,54,22,76,342,31,373,449
03/31/2017,JRF,HI,AWP,WE,Federal Contract Tower,0,0,4,2,6,0,0,32,2,34,0,0,36,4,40,214,30,244,284
04/01/2017,JRF,HI,AWP,WE,Federal Contract Tower,0,0,0,1,1,0,0,33,0,33,0,0,33,1,34,362,54,416,450
04/02/2017,JRF,HI,AWP,WE,Federal Contract Tower,0,0,0,1,1,0,0,42,3,45,0,0,42,4,46,271,50,321,367
04/03/2017,JRF,HI,AWP,WE,Federal Contract Tower,0,0,4,4,8,0,0,54,4,58,0,0,58,8,66,318,46,364,430
04/04/2017,JRF,HI,AWP,WE,Federal Contract Tower,0,0,1,6,7,0,0,57,13,70,0,0,58,19,77,292,33,325,402
04/05/2017,JRF,HI,AWP,WE,Federal Contract Tower,0,0,3,6,9,0,0,63,20,83,0,0,66,26,92,342,38,380,472
04/06/2017,JRF,HI,AWP,WE,Federal Contract Tower,0,0,1,3,4,0,0,29,18,47,0,0,30,21,51,198,41,239,290
04/07/2017,JRF,HI,AWP,WE,Federal Contract Tower,0,0,0,7,7,0,0,45,15,60,0,0,45,22,67,354,5,359,426
04/08/2017,JRF,HI,AWP,WE,Federal Contract Tower,0,0,3,0,3,0,0,54,16,70,0,0,57,16,73,304,2,306,379
04/09/2017,JRF,HI,AWP,WE,Federal Contract Tower,0,0,0,1,1,0,0,29,7,36,0,0,29,8,37,152,2,154,191
04/10/2017,JRF,HI,AWP,WE,Federal Contract Tower,0,0,0,6,6,0,0,36,17,53,0,0,36,23,59,374,8,382,441
04/11/2017,JRF,HI,AWP,WE,Federal Contract Tower,0,0,0,2,2,0,0,36,22,58,0,0,36,24,60,306,25,331,391
04/12/2017,JRF,HI,AWP,WE,Federal Contract Tower,0,0,2,2,4,0,0,31,19,50,0,0,33,21,54,265,21,286,340
04/13/2017,JRF,HI,AWP,WE,Federal Contract Tower,0,0,2,9,11,0,0,26,20,46,0,0,28,29,57,240,84,324,381
04/14/2017,JRF,HI,AWP,WE,Federal Contract Tower,0,0,4,1,5,0,0,31,3,34,0,0,35,4,39,261,34,295,334
04/15/2017,JRF,HI,AWP,WE,Federal Contract Tower,0,0,1,0,1,0,0,35,1,36,0,0,36,1,37,246,3,249,286
04/16/2017,JRF,HI,AWP,WE,Federal Contract Tower,0,0,3,1,4,0,0,64,0,64,0,0,67,1,68,253,11,264,332
04/17/2017,JRF,HI,AWP,WE,Federal Contract Tower,0,0,0,4,4,0,0,51,23,74,0,0,51,27,78,351,53,404,482
04/18/2017,JRF,HI,AWP,WE,Federal Contract Tower,0,0,2,2,4,0,0,67,35,102,0,0,69,37,106,256,48,304,410
04/19/2017,JRF,HI,AWP,WE,Federal Contract Tower,0,0,0,1,1,0,0,50,13,63,0,0,50,14,64,259,30,289,353
04/20/2017,JRF,HI,AWP,WE,Federal Contract Tower,0,0,2,2,4,0,0,30,4,34,0,0,32,6,38,60,34,94,132
04/21/2017,JRF,HI,AWP,WE,Federal Contract Tower,0,0,1,2,3,0,0,43,13,56,0,0,44,15,59,230,1,231,290
04/22/2017,JRF,HI,AWP,WE,Federal Contract Tower,0,0,0,1,1,0,0,77,0,77,0,0,77,1,78,312,2,314,392
04/23/2017,JRF,HI,AWP,WE,Federal Contract Tower,0,0,0,0,0,0,0,29,2,31,0,0,29,2,31,191,37,228,259
04/24/2017,JRF,HI,AWP,WE,Federal Contract Tower,0,0,0,4,4,0,0,58,11,69,0,0,58,15,73,234,16,250,323
04/25/2017,JRF,HI,AWP,WE,Federal Contract Tower,0,0,0,0,0,0,0,68,29,97,0,0,68,29,97,411,3,414,511
04/26/2017,JRF,HI,AWP,WE,Federal Contract Tower,0,0,6,6,12,0,0,79,29,108,0,0,85,35,120,324,128,452,572
04/27/2017,JRF,HI,AWP,WE,Federal Contract Tower,0,0,0,5,5,0,0,50,33,83,0,0,50,38,88,337,80,417,505
04/28/2017,JRF,HI,AWP,WE,Federal Contract Tower,0,0,0,3,3,0,0,23,10,33,0,0,23,13,36,152,15,167,203
04/29/2017,JRF,HI,AWP,WE,Federal Contract Tower,0,0,2,2,4,0,0,46,0,46,0,0,48,2,50,277,4,281,331
04/30/2017,JRF,HI,AWP,WE,Federal Contract Tower,0,0,0,2,2,0,0,0,3,3,0,0,0,5,5,37,16,53,58
05/01/2017,JRF,HI,AWP,WE,Federal Contract Tower,0,0,0,7,7,0,0,75,0,75,0,0,75,7,82,227,65,292,374
05/02/2017,JRF,HI,AWP,WE,Federal Contract Tower,0,0,7,3,10,0,0,45,27,72,0,0,52,30,82,361,67,428,510
05/03/2017,JRF,HI,AWP,WE,Federal Contract Tower,0,0,3,4,7,0,0,38,19,57,0,0,41,23,64,315,64,379,443
05/04/2017,JRF,HI,AWP,WE,Federal Contract Tower,0,0,0,2,2,0,0,33,11,44,0,0,33,13,46,376,49,425,471
05/05/2017,JRF,HI,AWP,WE,Federal Contract Tower,0,0,2,2,4,0,0,41,14,55,0,0,43,16,59,337,1,338,397
05/06/2017,JRF,HI,AWP,WE,Federal Contract Tower,0,0,0,1,1,0,0,27,1,28,0,0,27,2,29,285,5,290,319
05/07/2017,JRF,HI,AWP,WE,Federal Contract Tower,0,0,4,2,6,0,0,25,5,30,0,0,29,7,36,436,4,440,476
05/08/2017,JRF,HI,AWP,WE,Federal Contract Tower,0,0,1,3,4,0,0,49,16,65,0,0,50,19,69,225,25,250,319
05/09/2017,JRF,HI,AWP,WE,Federal Contract Tower,0,0,0,2,2,0,0,56,16,72,0,0,56,18,74,320,41,361,435
05/10/2017,JRF,HI,AWP,WE,Federal Contract Tower,0,0,0,2,2,0,0,57,50,107,0,0,57,52,109,381,121,502,611
05/11/2017,JRF,HI,AWP,WE,Federal Contract Tower,0,0,2,4,6,0,0,62,21,83,0,0,64,25,89,298,44,342,431
05/12/2017,JRF,HI,AWP,WE,Federal Contract Tower,0,0,0,1,1,0,0,29,3,32,0,0,29,4,33,296,12,308,341
05/13/2017,JRF,HI,AWP,WE,Federal Contract Tower,0,0,6,1,7,0,0,30,3,33,0,0,36,4,40,195,5,200,240
05/14/2017,JRF,HI,AWP,WE,Federal Contract Tower,0,0,2,0,2,0,0,17,0,17,0,0,19,0,19,102,2,104,123
05/15/2017,JRF,HI,AWP,WE,Federal Contract Tower,0,0,0,2,2,0,0,46,8,54,0,0,46,10,56,217,21,238,294
05/16/2017,JRF,HI,AWP,WE,Federal Contract Tower,0,0,0,4,4,0,0,89,14,103,0,0,89,18,107,278,33,311,418
05/17/2017,JRF,HI,AWP,WE,Federal Contract Tower,0,0,1,3,4,0,0,72,31,103,0,0,73,34,107,452,82,534,641
05/18/2017,JRF,HI,AWP,WE,Federal Contract Tower,0,0,1,2,3,0,0,77,15,92,0,0,78,17,95,244,21,265,360
05/19/2017,JRF,HI,AWP,WE,Federal Contract Tower,0,0,4,0,4,0,0,63,12,75,0,0,67,12,79,257,10,267,346
05/20/2017,JRF,HI,AWP,WE,Federal Contract Tower,0,0,4,1,5,0,0,64,7,71,0,0,68,8,76,257,1,258,334
05/21/2017,JRF,HI,AWP,WE,Federal Contract Tower,0,0,2,3,5,0,0,40,6,46,0,0,42,9,51,252,24,276,327
05/22/2017,JRF,HI,AWP,WE,Federal Contract Tower,0,0,0,3,3,0,0,37,32,69,0,0,37,35,72,329,10,339,411
05/23/2017,JRF,HI,AWP,WE,Federal Contract Tower,0,0,1,5,6,0,0,50,20,70,0,0,51,25,76,331,54,385,461
05/24/2017,JRF,HI,AWP,WE,Federal Contract Tower,0,0,0,5,5,0,0,63,28,91,0,0,63,33,96,463,168,631,727
05/25/2017,JRF,HI,AWP,WE,Federal Contract Tower,0,0,0,4,4,0,0,77,18,95,0,0,77,22,99,299,18,317,416
05/26/2017,JRF,HI,AWP,WE,Federal Contract Tower,0,0,2,1,3,0,0,51,4,55,0,0,53,5,58,296,1,297,355
05/27/2017,JRF,HI,AWP,WE,Federal Contract Tower,0,0,0,1,1,0,0,32,4,36,0,0,32,5,37,251,18,269,306
05/28/2017,JRF,HI,AWP,WE,Federal Contract Tower,0,0,0,1,1,0,0,26,3,29,0,0,26,4,30,196,16,212,242
05/29/2017,JRF,HI,AWP,WE,Federal Contract Tower,0,0,0,0,0,0,0,42,11,53,0,0,42,11,53,230,1,231,284
05/30/2017,JRF,HI,AWP,WE,Federal Contract Tower,0,0,1,4,5,0,0,56,17,73,0,0,57,21,78,296,40,336,414
05/31/2017,JRF,HI,AWP,WE,Federal Contract Tower,0,1,0,3,4,0,0,88,27,115,0,1,88,30,119,331,72,403,522
06/01/2017,JRF,HI,AWP,WE,Federal Contract Tower,0,0,0,4,4,0,0,62,29,91,0,0,62,33,95,242,35,277,372
06/02/2017,JRF,HI,AWP,WE,Federal Contract Tower,0,0,0,0,0,0,0,45,6,51,0,0,45,6,51,274,3,277,328
06/03/2017,JRF,HI,AWP,WE,Federal Contract Tower,0,0,2,2,4,0,0,35,2,37,0,0,37,4,41,222,16,238,279
06/04/2017,JRF,HI,AWP,WE,Federal Contract Tower,0,0,5,3,8,0,0,63,3,66,0,0,68,6,74,234,23,257,331
06/05/2017,JRF,HI,AWP,WE,Federal Contract Tower,0,0,0,4,4,0,0,53,13,66,0,0,53,17,70,274,5,279,349
06/06/2017,JRF,HI,AWP,WE,Federal Contract Tower,0,0,1,3,4,0,0,73,18,91,0,0,74,21,95,281,53,334,429
06/07/2017,JRF,HI,AWP,WE,Federal Contract Tower,0,0,0,4,4,0,0,87,11,98,0,0,87,15,102,279,47,326,428
06/08/2017,JRF,HI,AWP,WE,Federal Contract Tower,0,0,1,4,5,0,0,66,21,87,0,0,67,25,92,332,40,372,464
06/09/2017,JRF,HI,AWP,WE,Federal Contract Tower,0,0,1,5,6,0,0,51,14,65,0,0,52,19,71,267,13,280,351
06/10/2017,JRF,HI,AWP,WE,Federal Contract Tower,0,0,0,6,6,0,0,42,2,44,0,0,42,8,50,241,2,243,293
06/11/2017,JRF,HI,AWP,WE,Federal Contract Tower,0,0,0,3,3,0,0,58,1,59,0,0,58,4,62,298,22,320,382
06/12/2017,JRF,HI,AWP,WE,Federal Contract Tower,0,0,0,7,7,0,0,70,22,92,0,0,70,29,99,234,46,280,379
06/13/2017,JRF,HI,AWP,WE,Federal Contract Tower,0,1,1,4,6,0,0,70,25,95,0,1,71,29,101,407,56,463,564
06/14/2017,JRF,HI,AWP,WE,Federal Contract Tower,0,2,5,2,9,0,0,44,21,65,0,2,49,23,74,305,79,384,458
06/15/2017,JRF,HI,AWP,WE,Federal Contract Tower,0,0,2,5,7,0,0,18,19,37,0,0,20,24,44,311,39,350,394
06/16/2017,JRF,HI,AWP,WE,Federal Contract Tower,0,0,0,0,0,0,0,31,1,32,0,0,31,1,32,250,26,276,308
06/17/2017,JRF,HI,AWP,WE,Federal Contract Tower,0,0,0,1,1,0,0,32,2,34,0,0,32,3,35,342,24,366,401
06/18/2017,JRF,HI,AWP,WE,Federal Contract Tower,0,0,5,2,7,0,0,45,6,51,0,0,50,8,58,202,30,232,290
06/19/2017,JRF,HI,AWP,WE,Federal Contract Tower,0,0,1,7,8,0,0,44,24,68,0,0,45,31,76,206,143,349,425
06/20/2017,JRF,HI,AWP,WE,Federal Contract Tower,0,0,1,2,3,0,0,67,36,103,0,0,68,38,106,238,20,258,364
06/21/2017,JRF,HI,AWP,WE,Federal Contract Tower,0,0,0,5,5,0,0,101,11,112,0,0,101,16,117,437,63,500,617
06/22/2017,JRF,HI,AWP,WE,Federal Contract Tower,0,0,0,3,3,0,0,50,13,63,0,0,50,16,66,370,63,433,499
06/23/2017,JRF,HI,AWP,WE,Federal Contract Tower,0,0,6,5,11,0,0,66,2,68,0,0,72,7,79,312,18,330,409
06/24/2017,JRF,HI,AWP,WE,Federal Contract Tower,0,0,5,2,7,0,0,30,2,32,0,0,35,4,39,225,4,229,268
06/25/2017,JRF,HI,AWP,WE,Federal Contract Tower,0,0,7,2,9,0,0,51,2,53,0,0,58,4,62,285,8,293,355
06/26/2017,JRF,HI,AWP,WE,Federal Contract Tower,0,1,2,5,8,0,0,62,10,72,0,1,64,15,80,250,17,267,347
06/27/2017,JRF,HI,AWP,WE,Federal Contract Tower,0,0,2,8,10,0,0,100,28,128,0,0,102,36,138,285,16,301,439
06/28/2017,JRF,HI,AWP,WE,Federal Contract Tower,0,0,5,7,12,0,0,63,11,74,0,0,68,18,86,215,70,285,371
06/29/2017,JRF,HI,AWP,WE,Federal Contract Tower,0,1,0,6,7,0,0,99,40,139,0,1,99,46,146,365,88,453,599
06/30/2017,JRF,HI,AWP,WE,Federal Contract Tower,0,0,3,8,11,0,0,60,6,66,0,0,63,14,77,335,15,350,427
07/01/2017,JRF,HI,AWP,WE,Federal Contract Tower,0,0,0,1,1,0,0,0,24,24,0,0,0,25,25,161,5,166,191
07/02/2017,JRF,HI,AWP,WE,Federal Contract Tower,0,0,0,2,2,0,0,30,1,31,0,0,30,3,33,205,6,211,244
07/03/2017,JRF,HI,AWP,WE,Federal Contract Tower,0,0,4,3,7,0,0,63,3,66,0,0,67,6,73,315,4,319,392
07/04/2017,JRF,HI,AWP,WE,Federal Contract Tower,0,0,0,1,1,0,0,63,1,64,0,0,63,2,65,229,3,232,297
07/05/2017,JRF,HI,AWP,WE,Federal Contract Tower,0,0,1,4,5,0,0,76,17,93,0,0,77,21,98,325,35,360,458
07/06/2017,JRF,HI,AWP,WE,Federal Contract Tower,0,0,0,7,7,0,0,74,18,92,0,0,74,25,99,270,70,340,439
07/07/2017,JRF,HI,AWP,WE,Federal Contract Tower,0,0,1,1,2,0,0,20,7,27,0,0,21,8,29,251,6,257,286
07/08/2017,JRF,HI,AWP,WE,Federal Contract Tower,0,0,9,7,16,0,0,40,3,43,0,0,49,10,59,378,9,387,446
07/10/2017,JRF,HI,AWP,WE,Federal Contract Tower,0,0,0,8,8,0,0,73,5,78,0,0,73,13,86,291,54,345,431
07/11/2017,JRF,HI,AWP,WE,Federal Contract Tower,0,0,0,7,7,0,0,60,10,70,0,0,60,17,77,289,87,376,453
07/12/2017,JRF,HI,AWP,WE,Federal Contract Tower,0,0,1,2,3,0,0,49,6,55,0,0,50,8,58,368,79,447,505
07/13/2017,JRF,HI,AWP,WE,Federal Contract Tower,0,0,1,6,7,0,0,41,21,62,0,0,42,27,69,486,93,579,648
07/14/2017,JRF,HI,AWP,WE,Federal Contract Tower,0,0,1,5,6,0,0,28,11,39,0,0,29,16,45,285,50,335,380
07/15/2017,JRF,HI,AWP,WE,Federal Contract Tower,0,0,0,4,4,0,0,51,4,55,0,0,51,8,59,259,21,280,339
07/16/2017,JRF,HI,AWP,WE,Federal Contract Tower,0,0,1,3,4,0,0,34,3,37,0,0,35,6,41,260,20,280,321
07/17/2017,JRF,HI,AWP,WE,Federal Contract Tower,0,1,0,4,5,0,0,43,34,77,0,1,43,38,82,152,16,168,250
07/18/2017,JRF,HI,AWP,WE,Federal Contract Tower,0,0,1,6,7,0,0,78,9,87,0,0,79,15,94,257,34,291,385
07/19/2017,JRF,HI,AWP,WE,Federal Contract Tower,0,0,1,5,6,0,0,85,12,97,0,0,86,17,103,276,69,345,448
07/20/2017,JRF,HI,AWP,WE,Federal Contract Tower,0,0,0,4,4,0,0,56,32,88,0,0,56,36,92,145,28,173,265
07/21/2017,JRF,HI,AWP,WE,Federal Contract Tower,0,0,1,2,3,0,0,30,6,36,0,0,31,8,39,232,12,244,283
07/22/2017,JRF,HI,AWP,WE,Federal Contract Tower,0,0,0,3,3,0,0,47,7,54,0,0,47,10,57,174,2,176,233
07/23/2017,JRF,HI,AWP,WE,Federal Contract Tower,0,0,0,1,1,0,0,51,0,51,0,0,51,1,52,209,14,223,275
07/24/2017,JRF,HI,AWP,WE,Federal Contract Tower,0,0,2,5,7,0,0,33,11,44,0,0,35,16,51,173,110,283,334
07/25/2017,JRF,HI,AWP,WE,Federal Contract Tower,0,0,0,5,5,0,0,48,19,67,0,0,48,24,72,296,100,396,468
07/26/2017,JRF,HI,AWP,WE,Federal Contract Tower,0,0,3,6,9,0,0,60,24,84,0,0,63,30,93,278,52,330,423
07/27/2017,JRF,HI,AWP,WE,Federal Contract Tower,0,0,1,4,5,0,0,37,36,73,0,0,38,40,78,324,86,410,488
07/28/2017,JRF,HI,AWP,WE,Federal Contract Tower,0,0,2,8,10,0,0,41,15,56,0,0,43,23,66,242,88,330,396
07/29/2017,JRF,HI,AWP,WE,Federal Contract Tower,0,0,7,2,9,0,0,22,3,25,0,0,29,5,34,291,11,302,336
07/30/2017,JRF,HI,AWP,WE,Federal Contract Tower,0,0,1,3,4,0,0,18,3,21,0,0,19,6,25,254,11,265,290
07/31/2017,JRF,HI,AWP,WE,Federal Contract Tower,0,0,0,2,2,0,0,46,7,53,0,0,46,9,55,145,31,176,231
08/01/2017,JRF,HI,AWP,WE,Federal Contract Tower,0,0,0,3,3,0,0,34,25,59,0,0,34,28,62,350,150,500,562
08/02/2017,JRF,HI,AWP,WE,Federal Contract Tower,0,0,1,5,6,0,0,60,21,81,0,0,61,26,87,278,119,397,484
08/03/2017,JRF,HI,AWP,WE,Federal Contract Tower,0,0,2,2,4,0,0,41,10,51,0,0,43,12,55,271,62,333,388
08/04/2017,JRF,HI,AWP,WE,Federal Contract Tower,0,0,3,2,5,0,0,22,13,35,0,0,25,15,40,259,62,321,361
08/05/2017,JRF,HI,AWP,WE,Federal Contract Tower,0,0,0,5,5,0,0,32,6,38,0,0,32,11,43,288,55,343,386
08/06/2017,JRF,HI,AWP,WE,Federal Contract Tower,0,0,4,3,7,0,0,30,2,32,0,0,34,5,39,297,65,362,401
08/07/2017,JRF,HI,AWP,WE,Federal Contract Tower,0,0,0,9,9,0,0,49,12,61,0,0,49,21,70,336,102,438,508
08/08/2017,JRF,HI,AWP,WE,Federal Contract Tower,0,0,1,4,5,0,0,75,17,92,0,0,76,21,97,318,66,384,481
08/09/2017,JRF,HI,AWP,WE,Federal Contract Tower,0,0,2,7,9,0,0,84,12,96,0,0,86,19,105,327,98,425,530
08/10/2017,JRF,HI,AWP,WE,Federal Contract Tower,0,0,0,4,4,0,0,30,2,32,0,0,30,6,36,229,38,267,303
08/11/2017,JRF,HI,AWP,WE,Federal Contract Tower,0,0,0,1,1,0,0,28,12,40,0,0,28,13,41,281,15,296,337
08/12/2017,JRF,HI,AWP,WE,Federal Contract Tower,0,0,0,2,2,0,0,32,4,36,0,0,32,6,38,227,5,232,270
08/13/2017,JRF,HI,AWP,WE,Federal Contract Tower,0,0,0,1,1,0,0,32,3,35,0,0,32,4,36,189,74,263,299
08/14/2017,JRF,HI,AWP,WE,Federal Contract Tower,0,0,1,3,4,0,0,42,14,56,0,0,43,17,60,216,56,272,332
08/15/2017,JRF,HI,AWP,WE,Federal Contract Tower,0,1,3,3,7,0,0,56,17,73,0,1,59,20,80,150,90,240,320
08/16/2017,JRF,HI,AWP,WE,Federal Contract Tower,0,0,2,3,5,0,0,78,11,89,0,0,80,14,94,227,42,269,363
08/17/2017,JRF,HI,AWP,WE,Federal Contract Tower,0,0,1,2,3,0,0,41,20,61,0,0,42,22,64,287,54,341,405
08/18/2017,JRF,HI,AWP,WE,Federal Contract Tower,0,0,0,3,3,0,0,64,4,68,0,0,64,7,71,340,4,344,415
08/19/2017,JRF,HI,AWP,WE,Federal Contract Tower,0,0,0,2,2,0,0,44,5,49,0,0,44,7,51,184,63,247,298
08/20/2017,JRF,HI,AWP,WE,Federal Contract Tower,0,0,4,1,5,0,0,58,5,63,0,0,62,6,68,347,12,359,427
08/21/2017,JRF,HI,AWP,WE,Federal Contract Tower,0,0,1,2,3,0,0,52,6,58,0,0,53,8,61,139,8,147,208
08/22/2017,JRF,HI,AWP,WE,Federal Contract Tower,0,0,0,1,1,0,0,56,9,65,0,0,56,10,66,317,129,446,512
08/23/2017,JRF,HI,AWP,WE,Federal Contract Tower,0,0,0,3,3,0,0,54,5,59,0,0,54,8,62,251,16,267,329
08/24/2017,JRF,HI,AWP,WE,Federal Contract Tower,0,0,1,1,2,0,0,34,14,48,0,0,35,15,50,182,36,218,268
08/25/2017,JRF,HI,AWP,WE,Federal Contract Tower,0,0,1,4,5,0,0,49,5,54,0,0,50,9,59,278,11,289,348
08/26/2017,JRF,HI,AWP,WE,Federal Contract Tower,0,0,0,6,6,0,0,1,39,40,0,0,1,45,46,436,10,446,492
08/27/2017,JRF,HI,AWP,WE,Federal Contract Tower,0,0,0,7,7,0,0,48,11,59,0,0,48,18,66,344,4,348,414
08/28/2017,JRF,HI,AWP,WE,Federal Contract Tower,0,0,0,5,5,0,0,72,6,78,0,0,72,11,83,400,102,502,585
08/29/2017,JRF,HI,AWP,WE,Federal Contract Tower,0,0,0,3,3,0,0,57,7,64,0,0,57,10,67,219,41,260,327
08/30/2017,JRF,HI,AWP,WE,Federal Contract Tower,0,0,1,5,6,0,0,75,34,109,0,0,76,39,115,430,95,525,640
08/31/2017,JRF,HI,AWP,WE,Federal Contract Tower,0,0,0,3,3,0,0,75,11,86,0,0,75,14,89,266,27,293,382
09/01/2017,JRF,HI,AWP,WE,Federal Contract Tower,0,0,0,0,0,0,0,38,1,39,0,0,38,1,39,168,51,219,258
09/02/2017,JRF,HI,AWP,WE,Federal Contract Tower,0,0,0,2,2,0,0,23,0,23,0,0,23,2,25,206,71,277,302
09/03/2017,JRF,HI,AWP,WE,Federal Contract Tower,0,0,2,2,4,0,0,30,2,32,0,0,32,4,36,230,63,293,329
09/04/2017,JRF,HI,AWP,WE,Federal Contract Tower,0,0,0,1,1,0,0,40,0,40,0,0,40,1,41,219,53,272,313
09/05/2017,JRF,HI,AWP,WE,Federal Contract Tower,0,0,0,3,3,0,0,50,12,62,0,0,50,15,65,208,22,230,295
09/06/2017,JRF,HI,AWP,WE,Federal Contract Tower,0,0,0,4,4,0,0,68,12,80,0,0,68,16,84,304,60,364,448
09/07/2017,JRF,HI,AWP,WE,Federal Contract Tower,0,0,1,8,9,0,0,38,17,55,0,0,39,25,64,184,68,252,316
09/08/2017,JRF,HI,AWP,WE,Federal Contract Tower,0,0,0,4,4,0,0,36,4,40,0,0,36,8,44,225,20,245,289
09/09/2017,JRF,HI,AWP,WE,Federal Contract Tower,0,0,2,5,7,0,0,22,6,28,0,0,24,11,35,214,21,235,270
09/10/2017,JRF,HI,AWP,WE,Federal Contract Tower,0,0,1,3,4,0,0,33,3,36,0,0,34,6,40,201,26,227,267
09/11/2017,JRF,HI,AWP,WE,Federal Contract Tower,0,0,0,3,3,0,0,46,7,53,0,0,46,10,56,136,35,171,227
09/12/2017,JRF,HI,AWP,WE,Federal Contract Tower,0,0,0,4,4,0,0,57,5,62,0,0,57,9,66,208,33,241,307
09/13/2017,JRF,HI,AWP,WE,Federal Contract Tower,0,0,3,6,9,0,0,63,10,73,0,0,66,16,82,279,58,337,419
09/14/2017,JRF,HI,AWP,WE,Federal Contract Tower,0,0,3,0,3,0,0,81,17,98,0,0,84,17,101,267,73,340,441
09/15/2017,JRF,HI,AWP,WE,Federal Contract Tower,0,0,0,4,4,0,0,34,5,39,0,0,34,9,43,199,15,214,257
09/16/2017,JRF,HI,AWP,WE,Federal Contract Tower,0,0,2,0,2,0,0,32,5,37,0,0,34,5,39,161,0,161,200
09/17/2017,JRF,HI,AWP,WE,Federal Contract Tower,0,0,1,4,5,0,0,35,0,35,0,0,36,4,40,194,5,199,239
09/18/2017,JRF,HI,AWP,WE,Federal Contract Tower,0,0,1,3,4,0,0,40,4,44,0,0,41,7,48,140,16,156,204
09/19/2017,JRF,HI,AWP,WE,Federal Contract Tower,0,0,1,6,7,0,0,58,15,73,0,0,59,21,80,157,61,218,298
09/20/2017,JRF,HI,AWP,WE,Federal Contract Tower,0,0,2,0,2,0,0,85,16,101,0,0,87,16,103,315,82,397,500
09/21/2017,JRF,HI,AWP,WE,Federal Contract Tower,0,0,1,4,5,0,0,64,14,78,0,0,65,18,83,232,61,293,376
09/22/2017,JRF,HI,AWP,WE,Federal Contract Tower,0,0,2,2,4,0,0,35,18,53,0,0,37,20,57,351,80,431,488
09/23/2017,JRF,HI,AWP,WE,Federal Contract Tower,0,0,1,3,4,0,0,57,4,61,0,0,58,7,65,252,5,257,322
09/24/2017,JRF,HI,AWP,WE,Federal Contract Tower,0,0,1,3,4,0,0,30,12,42,0,0,31,15,46,271,29,300,346
09/25/2017,JRF,HI,AWP,WE,Federal Contract Tower,0,0,1,3,4,0,0,63,5,68,0,0,64,8,72,318,40,358,430
09/26/2017,JRF,HI,AWP,WE,Federal Contract Tower,0,0,1,3,4,0,0,60,12,72,0,0,61,15,76,407,19,426,502
09/27/2017,JRF,HI,AWP,WE,Federal Contract Tower,0,0,1,0,1,0,0,42,19,61,0,0,43,19,62,350,104,454,516
09/28/2017,JRF,HI,AWP,WE,Federal Contract Tower,0,0,3,3,6,0,0,47,31,78,0,0,50,34,84,371,60,431,515
09/29/2017,JRF,HI,AWP,WE,Federal Contract Tower,0,0,0,3,3,0,0,18,8,26,0,0,18,11,29,218,40,258,287
09/30/2017,JRF,HI,AWP,WE,Federal Contract Tower,0,0,0,0,0,0,0,31,1,32,0,0,31,1,32,136,20,156,188
10/01/2017,JRF,HI,AWP,WE,Federal Contract Tower,0,0,1,1,2,0,0,34,0,34,0,0,35,1,36,139,4,143,179
10/02/2017,JRF,HI,AWP,WE,Federal Contract Tower,0,0,2,4,6,0,0,51,8,59,0,0,53,12,65,101,75,176,241
10/03/2017,JRF,HI,AWP,WE,Federal Contract Tower,0,0,2,0,2,0,0,46,34,80,0,0,48,34,82,232,54,286,368
10/04/2017,JRF,HI,AWP,WE,Federal Contract Tower,0,0,1,7,8,0,0,46,24,70,0,0,47,31,78,249,76,325,403
10/05/2017,JRF,HI,AWP,WE,Federal Contract Tower,0,0,0,4,4,0,0,54,14,68,0,0,54,18,72,66,23,89,161
10/06/2017,JRF,HI,AWP,WE,Federal Contract Tower,0,0,0,1,1,0,0,29,4,33,0,0,29,5,34,325,6,331,365
10/07/2017,JRF,HI,AWP,WE,Federal Contract Tower,0,0,0,2,2,0,0,42,5,47,0,0,42,7,49,90,1,91,140
10/08/2017,JRF,HI,AWP,WE,Federal Contract Tower,0,0,3,2,5,0,0,12,3,15,0,0,15,5,20,201,4,205,225
10/09/2017,JRF,HI,AWP,WE,Federal Contract Tower,0,0,4,0,4,0,0,35,2,37,0,0,39,2,41,200,8,208,249
10/10/2017,JRF,HI,AWP,WE,Federal Contract Tower,0,0,5,1,6,0,0,65,35,100,0,0,70,36,106,244,31,275,381
10/11/2017,JRF,HI,AWP,WE,Federal Contract Tower,0,0,2,1,3,0,0,58,18,76,0,0,60,19,79,292,80,372,451
10/12/2017,JRF,HI,AWP,WE,Federal Contract Tower,0,0,0,5,5,0,0,45,7,52,0,0,45,12,57,238,42,280,337
10/13/2017,JRF,HI,AWP,WE,Federal Contract Tower,0,0,0,2,2,0,0,35,3,38,0,0,35,5,40,204,0,204,244
10/14/2017,JRF,HI,AWP,WE,Federal Contract Tower,0,0,3,3,6,0,0,26,11,37,0,0,29,14,43,268,19,287,330
10/15/2017,JRF,HI,AWP,WE,Federal Contract Tower,0,0,3,3,6,0,0,29,7,36,0,0,32,10,42,101,10,111,153
10/16/2017,JRF,HI,AWP,WE,Federal Contract Tower,0,0,0,4,4,0,0,19,5,24,0,0,19,9,28,109,35,144,172
10/17/2017,JRF,HI,AWP,WE,Federal Contract Tower,0,0,0,3,3,0,0,41,12,53,0,0,41,15,56,166,17,183,239
10/18/2017,JRF,HI,AWP,WE,Federal Contract Tower,0,0,4,1,5,0,0,56,28,84,0,0,60,29,89,197,17,214,303
10/19/2017,JRF,HI,AWP,WE,Federal Contract Tower,0,0,4,0,4,0,0,35,41,76,0,0,39,41,80,236,69,305,385
10/20/2017,JRF,HI,AWP,WE,Federal Contract Tower,0,0,0,5,5,0,0,18,7,25,0,0,18,12,30,107,3,110,140
10/21/2017,JRF,HI,AWP,WE,Federal Contract Tower,0,0,1,5,6,0,0,51,2,53,0,0,52,7,59,196,22,218,277
10/22/2017,JRF,HI,AWP,WE,Federal Contract Tower,0,0,1,5,6,0,0,30,0,30,0,0,31,5,36,286,45,331,367
10/23/2017,JRF,HI,AWP,WE,Federal Contract Tower,0,0,0,0,0,0,0,10,0,10,0,0,10,0,10,64,2,66,76
10/24/2017,JRF,HI,AWP,WE,Federal Contract Tower,0,0,0,6,6,0,0,42,21,63,0,0,42,27,69,262,131,393,462
10/25/2017,JRF,HI,AWP,WE,Federal Contract Tower,0,0,2,6,8,0,0,77,15,92,0,0,79,21,100,341,50,391,491
10/26/2017,JRF,HI,AWP,WE,Federal Contract Tower,0,0,4,8,12,0,0,40,13,53,0,0,44,21,65,274,89,363,428
10/27/2017,JRF,HI,AWP,WE,Federal Contract Tower,0,0,1,1,2,0,0,31,3,34,0,0,32,4,36,344,73,417,453
10/28/2017,JRF,HI,AWP,WE,Federal Contract Tower,0,0,1,1,2,0,0,18,2,20,0,0,19,3,22,242,17,259,281
10/29/2017,JRF,HI,AWP,WE,Federal Contract Tower,0,0,2,1,3,0,0,19,0,19,0,0,21,1,22,186,19,205,227
10/30/2017,JRF,HI,AWP,WE,Federal Contract Tower,0,0,1,2,3,0,0,27,7,34,0,0,28,9,37,383,72,455,492
10/31/2017,JRF,HI,AWP,WE,Federal Contract Tower,0,0,1,1,2,0,0,43,15,58,0,0,44,16,60,289,44,333,393
11/01/2017,JRF,HI,AWP,WE,Federal Contract Tower,0,0,0,5,5,0,0,45,9,54,0,0,45,14,59,288,141,429,488
11/02/2017,JRF,HI,AWP,WE,Federal Contract Tower,0,0,2,3,5,0,0,58,0,58,0,0,60,3,63,209,2,211,274
11/03/2017,JRF,HI,AWP,WE,Federal Contract Tower,0,0,2,2,4,0,0,28,0,28,0,0,30,2,32,82,24,106,138
11/04/2017,JRF,HI,AWP,WE,Federal Contract Tower,0,0,4,2,6,0,0,10,5,15,0,0,14,7,21,118,83,201,222
11/05/2017,JRF,HI,AWP,WE,Federal Contract Tower,0,0,3,5,8,0,0,26,8,34,0,0,29,13,42,166,10,176,218
11/06/2017,JRF,HI,AWP,WE,Federal Contract Tower,0,0,2,5,7,0,0,54,4,58,0,0,56,9,65,410,19,429,494
11/07/2017,JRF,HI,AWP,WE,Federal Contract Tower,0,0,0,3,3,0,0,61,18,79,0,0,61,21,82,184,57,241,323
11/08/2017,JRF,HI,AWP,WE,Federal Contract Tower,0,0,5,6,11,0,0,54,30,84,0,0,59,36,95,367,119,486,581
11/09/2017,JRF,HI,AWP,WE,Federal Contract Tower,0,0,3,4,7,0,0,47,13,60,0,0,50,17,67,264,36,300,367
11/10/2017,JRF,HI,AWP,WE,Federal Contract Tower,0,0,4,2,6,0,0,44,0,44,0,0,48,2,50,190,11,201,251
11/11/2017,JRF,HI,AWP,WE,Federal Contract Tower,0,0,2,1,3,0,0,3,0,3,0,0,5,1,6,82,4,86,92
11/12/2017,JRF,HI,AWP,WE,Federal Contract Tower,0,0,0,2,2,0,0,42,1,43,0,0,42,3,45,234,15,249,294
11/13/2017,JRF,HI,AWP,WE,Federal Contract Tower,0,0,1,4,5,0,0,39,29,68,0,0,40,33,73,162,86,248,321
11/14/2017,JRF,HI,AWP,WE,Federal Contract Tower,0,0,0,2,2,0,0,22,16,38,0,0,22,18,40,133,54,187,227
11/15/2017,JRF,HI,AWP,WE,Federal Contract Tower,0,0,2,1,3,0,0,68,33,101,0,0,70,34,104,140,86,226,330
11/16/2017,JRF,HI,AWP,WE,Federal Contract Tower,0,0,0,2,2,0,0,33,18,51,0,0,33,20,53,292,90,382,435
11/17/2017,JRF,HI,AWP,WE,Federal Contract Tower,0,0,4,3,7,0,0,61,11,72,0,0,65,14,79,194,33,227,306
11/18/2017,JRF,HI,AWP,WE,Federal Contract Tower,0,0,2,5,7,0,0,42,5,47,0,0,44,10,54,211,4,215,269
11/19/2017,JRF,HI,AWP,WE,Federal Contract Tower,0,0,0,3,3,0,0,37,3,40,0,0,37,6,43,260,27,287,330
11/20/2017,JRF,HI,AWP,WE,Federal Contract Tower,0,0,0,8,8,0,0,54,34,88,0,0,54,42,96,284,93,377,473
11/21/2017,JRF,HI,AWP,WE,Federal Contract Tower,0,0,3,9,12,0,0,37,16,53,0,0,40,25,65,416,86,502,567
11/22/2017,JRF,HI,AWP,WE,Federal Contract Tower,0,0,3,4,7,0,0,53,8,61,0,0,56,12,68,231,41,272,340
11/23/2017,JRF,HI,AWP,WE,Federal Contract Tower,0,0,0,0,0,0,0,7,0,7,0,0,7,0,7,37,3,40,47
11/24/2017,JRF,HI,AWP,WE,Federal Contract Tower,0,0,2,2,4,0,0,25,2,27,0,0,27,4,31,118,26,144,175
11/25/2017,JRF,HI,AWP,WE,Federal Contract Tower,0,0,4,0,4,0,0,17,4,21,0,0,21,4,25,82,0,82,107
11/26/2017,JRF,HI,AWP,WE,Federal Contract Tower,0,0,3,0,3,0,0,16,2,18,0,0,19,2,21,33,18,51,72
11/27/2017,JRF,HI,AWP,WE,Federal Contract Tower,0,0,0,7,7,0,0,19,4,23,0,0,19,11,30,139,130,269,299
11/28/2017,JRF,HI,AWP,WE,Federal Contract Tower,0,0,1,5,6,0,0,48,18,66,0,0,49,23,72,364,138,502,574
11/29/2017,JRF,HI,AWP,WE,Federal Contract Tower,0,1,1,8,10,0,0,68,48,116,0,1,69,56,126,377,95,472,598
11/30/2017,JRF,HI,AWP,WE,Federal Contract Tower,0,0,1,5,6,0,0,33,16,49,0,0,34,21,55,271,71,342,397
12/01/2017,JRF,HI,AWP,WE,Federal Contract Tower,0,0,3,1,4,0,0,44,11,55,0,0,47,12,59,185,24,209,268
12/02/2017,JRF,HI,AWP,WE,Federal Contract Tower,0,0,2,3,5,0,0,11,4,15,0,0,13,7,20,54,70,124,144
12/03/2017,JRF,HI,AWP,WE,Federal Contract Tower,0,0,2,2,4,0,0,36,2,38,0,0,38,4,42,143,22,165,207
12/04/2017,JRF,HI,AWP,WE,Federal Contract Tower,0,0,0,5,5,0,0,48,22,70,0,0,48,27,75,162,34,196,271
12/05/2017,JRF,HI,AWP,WE,Federal Contract Tower,0,0,0,2,2,0,0,23,12,35,0,0,23,14,37,92,42,134,171
12/06/2017,JRF,HI,AWP,WE,Federal Contract Tower,0,0,2,3,5,0,0,73,24,97,0,0,75,27,102,354,26,380,482
12/07/2017,JRF,HI,AWP,WE,Federal Contract Tower,0,0,2,1,3,0,0,53,24,77,0,0,55,25,80,300,67,367,447
12/08/2017,JRF,HI,AWP,WE,Federal Contract Tower,0,0,4,4,8,0,0,47,1,48,0,0,51,5,56,200,1,201,257
12/09/2017,JRF,HI,AWP,WE,Federal Contract Tower,0,0,1,5,6,0,0,38,7,45,0,0,39,12,51,283,3,286,337
12/10/2017,JRF,HI,AWP,WE,Federal Contract Tower,0,0,2,3,5,0,0,44,5,49,0,0,46,8,54,289,16,305,359
12/11/2017,JRF,HI,AWP,WE,Federal Contract Tower,0,0,1,0,1,0,0,43,5,48,0,0,44,5,49,242,15,257,306
12/12/2017,JRF,HI,AWP,WE,Federal Contract Tower,0,0,0,4,4,0,0,47,5,52,0,0,47,9,56,93,93,186,242
12/13/2017,JRF,HI,AWP,WE,Federal Contract Tower,0,1,0,5,6,0,0,42,29,71,0,1,42,34,77,279,109,388,465
12/14/2017,JRF,HI,AWP,WE,Federal Contract Tower,0,0,1,2,3,0,0,54,5,59,0,0,55,7,62,294,19,313,375
12/15/2017,JRF,HI,AWP,WE,Federal Contract Tower,0,0,0,8,8,0,0,42,3,45,0,0,42,11,53,159,6,165,218
12/16/2017,JRF,HI,AWP,WE,Federal Contract Tower,0,0,0,1,1,0,0,22,2,24,0,0,22,3,25,234,5,239,264
12/17/2017,JRF,HI,AWP,WE,Federal Contract Tower,0,0,3,3,6,0,0,17,3,20,0,0,20,6,26,189,1,190,216
12/18/2017,JRF,HI,AWP,WE,Federal Contract Tower,0,0,2,6,8,0,0,52,12,64,0,0,54,18,72,167,47,214,286
12/19/2017,JRF,HI,AWP,WE,Federal Contract Tower,0,0,0,5,5,0,0,44,7,51,0,0,44,12,56,164,76,240,296
12/20/2017,JRF,HI,AWP,WE,Federal Contract Tower,0,0,1,3,4,0,0,69,10,79,0,0,70,13,83,121,124,245,328
12/21/2017,JRF,HI,AWP,WE,Federal Contract Tower,0,0,0,3,3,0,0,41,9,50,0,0,41,12,53,254,103,357,410
12/22/2017,JRF,HI,AWP,WE,Federal Contract Tower,0,0,2,1,3,0,0,51,0,51,0,0,53,1,54,145,21,166,220
12/23/2017,JRF,HI,AWP,WE,Federal Contract Tower,0,0,0,1,1,0,0,21,2,23,0,0,21,3,24,346,2,348,372
12/24/2017,JRF,HI,AWP,WE,Federal Contract Tower,0,0,0,1,1,0,0,48,1,49,0,0,48,2,50,120,16,136,186
12/25/2017,JRF,HI,AWP,WE,Federal Contract Tower,0,0,0,0,0,0,0,36,1,37,0,0,36,1,37,45,0,45,82
12/26/2017,JRF,HI,AWP,WE,Federal Contract Tower,0,0,0,2,2,0,0,17,1,18,0,0,17,3,20,12,1,13,33
12/27/2017,JRF,HI,AWP,WE,Federal Contract Tower,0,0,2,5,7,0,0,59,7,66,0,0,61,12,73,170,29,199,272
12/28/2017,JRF,HI,AWP,WE,Federal Contract Tower,0,0,0,3,3,0,0,36,6,42,0,0,36,9,45,239,36,275,320
12/29/2017,JRF,HI,AWP,WE,Federal Contract Tower,0,0,3,1,4,0,0,42,3,45,0,0,45,4,49,240,5,245,294
12/30/2017,JRF,HI,AWP,WE,Federal Contract Tower,0,0,1,1,2,0,0,30,0,30,0,0,31,1,32,203,1,204,236
12/31/2017,JRF,HI,AWP,WE,Federal Contract Tower,0,0,0,0,0,0,0,29,1,30,0,0,29,1,30,114,5,119,149
01/01/2018,JRF,HI,AWP,WE,Federal Contract Tower,0,0,0,0,0,0,0,34,0,34,0,0,34,0,34,85,3,88,122
01/02/2018,JRF,HI,AWP,WE,Federal Contract Tower,0,0,2,1,3,0,0,48,4,52,0,0,50,5,55,219,35,254,309
01/03/2018,JRF,HI,AWP,WE,Federal Contract Tower,0,0,0,5,5,0,0,82,0,82,0,0,82,5,87,255,22,277,364
01/04/2018,JRF,HI,AWP,WE,Federal Contract Tower,0,0,2,6,8,0,0,37,17,54,0,0,39,23,62,236,83,319,381
01/05/2018,JRF,HI,AWP,WE,Federal Contract Tower,0,0,1,4,5,0,0,28,4,32,0,0,29,8,37,186,43,229,266
01/06/2018,JRF,HI,AWP,WE,Federal Contract Tower,0,0,0,3,3,0,0,38,7,45,0,0,38,10,48,255,26,281,329
01/07/2018,JRF,HI,AWP,WE,Federal Contract Tower,0,0,3,6,9,0,0,33,4,37,0,0,36,10,46,157,11,168,214
01/08/2018,JRF,HI,AWP,WE,Federal Contract Tower,0,1,1,9,11,0,0,22,6,28,0,1,23,15,39,275,28,303,342
01/09/2018,JRF,HI,AWP,WE,Federal Contract Tower,0,0,5,0,5,0,0,80,15,95,0,0,85,15,100,402,113,515,615
01/10/2018,JRF,HI,AWP,WE,Federal Contract Tower,0,0,1,9,10,0,0,71,10,81,0,0,72,19,91,467,97,564,655
01/11/2018,JRF,HI,AWP,WE,Federal Contract Tower,0,0,0,7,7,0,0,63,23,86,0,0,63,30,93,341,37,378,471
01/12/2018,JRF,HI,AWP,WE,Federal Contract Tower,0,0,3,5,8,0,0,62,6,68,0,0,65,11,76,273,36,309,385
01/13/2018,JRF,HI,AWP,WE,Federal Contract Tower,0,0,0,0,0,0,0,38,5,43,0,0,38,5,43,151,3,154,197
01/14/2018,JRF,HI,AWP,WE,Federal Contract Tower,0,0,1,3,4,0,0,63,3,66,0,0,64,6,70,247,45,292,362
01/15/2018,JRF,HI,AWP,WE,Federal Contract Tower,0,0,2,1,3,0,0,57,9,66,0,0,59,10,69,385,52,437,506
01/16/2018,JRF,HI,AWP,WE,Federal Contract Tower,0,0,0,5,5,0,0,42,18,60,0,0,42,23,65,324,103,427,492
01/17/2018,JRF,HI,AWP,WE,Federal Contract Tower,0,2,2,4,8,0,0,51,25,76,0,2,53,29,84,245,120,365,449
01/18/2018,JRF,HI,AWP,WE,Federal Contract Tower,0,0,1,5,6,0,1,29,27,57,0,1,30,32,63,293,92,385,448
01/19/2018,JRF,HI,AWP,WE,Federal Contract Tower,0,0,2,2,4,0,0,57,5,62,0,0,59,7,66,301,11,312,378
01/20/2018,JRF,HI,AWP,WE,Federal Contract Tower,0,0,0,2,2,0,0,32,9,41,0,0,32,11,43,133,35,168,211
01/21/2018,JRF,HI,AWP,WE,Federal Contract Tower,0,0,2,2,4,0,1,20,0,21,0,1,22,2,25,232,42,274,299
01/22/2018,JRF,HI,AWP,WE,Federal Contract Tower,0,0,0,3,3,0,1,52,6,59,0,1,52,9,62,334,119,453,515
01/23/2018,JRF,HI,AWP,WE,Federal Contract Tower,0,0,2,2,4,0,0,45,17,62,0,0,47,19,66,258,269,527,593
01/24/2018,JRF,HI,AWP,WE,Federal Contract Tower,0,0,0,4,4,0,0,68,21,89,0,0,68,25,93,353,102,455,548
01/25/2018,JRF,HI,AWP,WE,Federal Contract Tower,0,0,1,7,8,0,0,66,13,79,0,0,67,20,87,421,90,511,598
01/26/2018,JRF,HI,AWP,WE,Federal Contract Tower,0,2,1,6,9,0,0,29,14,43,0,2,30,20,52,250,39,289,341
01/27/2018,JRF,HI,AWP,WE,Federal Contract Tower,0,1,1,5,7,0,1,45,4,50,0,2,46,9,57,172,21,193,250
01/28/2018,JRF,HI,AWP,WE,Federal Contract Tower,0,1,0,5,6,0,1,20,2,23,0,2,20,7,29,186,9,195,224
01/29/2018,JRF,HI,AWP,WE,Federal Contract Tower,0,0,0,1,1,0,1,59,16,76,0,1,59,17,77,356,112,468,545
01/30/2018,JRF,HI,AWP,WE,Federal Contract Tower,0,0,1,2,3,0,1,59,8,68,0,1,60,10,71,293,30,323,394
01/31/2018,JRF,HI,AWP,WE,Federal Contract Tower,0,0,0,5,5,0,0,20,12,32,0,0,20,17,37,186,84,270,307
02/01/2018,JRF,HI,AWP,WE,Federal Contract Tower,0,0,2,6,8,0,0,36,31,67,0,0,38,37,75,281,34,315,390
02/02/2018,JRF,HI,AWP,WE,Federal Contract Tower,0,0,0,9,9,0,0,26,4,30,0,0,26,13,39,212,51,263,302
02/03/2018,JRF,HI,AWP,WE,Federal Contract Tower,0,0,1,3,4,1,0,46,0,47,1,0,47,3,51,241,3,244,295
02/04/2018,JRF,HI,AWP,WE,Federal Contract Tower,0,0,3,2,5,0,0,10,0,10,0,0,13,2,15,69,5,74,89
02/05/2018,JRF,HI,AWP,WE,Federal Contract Tower,0,0,0,4,4,0,0,30,1,31,0,0,30,5,35,242,131,373,408
02/06/2018,JRF,HI,AWP,WE,Federal Contract Tower,0,0,1,4,5,0,0,35,11,46,0,0,36,15,51,433,21,454,505
02/07/2018,JRF,HI,AWP,WE,Federal Contract Tower,0,2,0,10,12,0,0,119,11,130,0,2,119,21,142,487,99,586,728
02/08/2018,JRF,HI,AWP,WE,Federal Contract Tower,0,1,3,9,13,0,1,52,16,69,0,2,55,25,82,268,37,305,387
02/09/2018,JRF,HI,AWP,WE,Federal Contract Tower,0,1,4,3,8,0,1,36,2,39,0,2,40,5,47,176,44,220,267
02/10/2018,JRF,HI,AWP,WE,Federal Contract Tower,0,0,1,4,5,0,0,29,9,38,0,0,30,13,43,265,9,274,317
02/11/2018,JRF,HI,AWP,WE,Federal Contract Tower,0,0,2,7,9,0,0,29,6,35,0,0,31,13,44,274,31,305,349
02/12/2018,JRF,HI,AWP,WE,Federal Contract Tower,0,0,0,3,3,0,0,43,6,49,0,0,43,9,52,347,166,513,565
02/13/2018,JRF,HI,AWP,WE,Federal Contract Tower,0,0,0,10,10,0,0,38,10,48,0,0,38,20,58,42,107,149,207
02/14/2018,JRF,HI,AWP,WE,Federal Contract Tower,0,0,2,6,8,0,0,4,2,6,0,0,6,8,14,36,41,77,91
02/15/2018,JRF,HI,AWP,WE,Federal Contract Tower,0,0,0,6,6,0,0,50,6,56,0,0,50,12,62,284,15,299,361
02/16/2018,JRF,HI,AWP,WE,Federal Contract Tower,0,0,1,5,6,0,0,68,4,72,0,0,69,9,78,352,4,356,434
02/17/2018,JRF,HI,AWP,WE,Federal Contract Tower,0,1,1,4,6,0,0,70,4,74,0,1,71,8,80,235,21,256,336
02/18/2018,JRF,HI,AWP,WE,Federal Contract Tower,0,0,0,2,2,0,0,24,1,25,0,0,24,3,27,44,10,54,81
02/19/2018,JRF,HI,AWP,WE,Federal Contract Tower,0,0,0,2,2,0,0,69,2,71,0,0,69,4,73,409,5,414,487
02/20/2018,JRF,HI,AWP,WE,Federal Contract Tower,0,0,5,5,10,0,1,80,11,92,0,1,85,16,102,317,52,369,471
02/21/2018,JRF,HI,AWP,WE,Federal Contract Tower,0,0,0,10,10,0,0,68,20,88,0,0,68,30,98,308,47,355,453
02/22/2018,JRF,HI,AWP,WE,Federal Contract Tower,0,1,2,11,14,0,0,38,13,51,0,1,40,24,65,169,54,223,288
02/23/2018,JRF,HI,AWP,WE,Federal Contract Tower,0,1,0,6,7,0,0,43,6,49,0,1,43,12,56,296,4,300,356
02/24/2018,JRF,HI,AWP,WE,Federal Contract Tower,0,0,0,7,7,0,0,87,8,95,0,0,87,15,102,394,36,430,532
02/25/2018,JRF,HI,AWP,WE,Federal Contract Tower,0,0,0,4,4,0,0,32,6,38,0,0,32,10,42,193,17,210,252
02/26/2018,JRF,HI,AWP,WE,Federal Contract Tower,0,0,0,10,10,0,0,66,9,75,0,0,66,19,85,212,50,262,347
02/27/2018,JRF,HI,AWP,WE,Federal Contract Tower,0,0,0,3,3,0,4,56,13,73,0,4,56,16,76,168,91,259,335
02/28/2018,JRF,HI,AWP,WE,Federal Contract Tower,0,0,2,9,11,0,0,36,56,92,0,0,38,65,103,199,188,387,490
03/01/2018,JRF,HI,AWP,WE,Federal Contract Tower,0,0,16,2,18,0,0,71,59,130,0,0,87,61,148,275,83,358,506
03/02/2018,JRF,HI,AWP,WE,Federal Contract Tower,0,0,0,3,3,0,0,39,9,48,0,0,39,12,51,225,17,242,293
03/03/2018,JRF,HI,AWP,WE,Federal Contract Tower,0,0,0,0,0,0,0,22,1,23,0,0,22,1,23,139,38,177,200
03/04/2018,JRF,HI,AWP,WE,Federal Contract Tower,0,0,0,2,2,0,0,25,2,27,0,0,25,4,29,312,11,323,352
03/05/2018,JRF,HI,AWP,WE,Federal Contract Tower,0,0,2,4,6,0,0,60,11,71,0,0,62,15,77,194,65,259,336
03/06/2018,JRF,HI,AWP,WE,Federal Contract Tower,0,0,3,4,7,0,0,53,11,64,0,0,56,15,71,228,97,325,396
03/07/2018,JRF,HI,AWP,WE,Federal Contract Tower,0,0,0,7,7,0,0,61,23,84,0,0,61,30,91,390,135,525,616
03/08/2018,JRF,HI,AWP,WE,Federal Contract Tower,0,0,1,5,6,0,2,40,9,51,0,2,41,14,57,390,72,462,519
03/09/2018,JRF,HI,AWP,WE,Federal Contract Tower,0,0,0,4,4,0,0,15,1,16,0,0,15,5,20,222,4,226,246
03/10/2018,JRF,HI,AWP,WE,Federal Contract Tower,0,0,2,5,7,0,2,39,3,44,0,2,41,8,51,226,11,237,288
03/11/2018,JRF,HI,AWP,WE,Federal Contract Tower,0,0,1,5,6,0,0,29,0,29,0,0,30,5,35,238,3,241,276
03/12/2018,JRF,HI,AWP,WE,Federal Contract Tower,0,0,0,4,4,0,0,78,28,106,0,0,78,32,110,269,34,303,413
03/13/2018,JRF,HI,AWP,WE,Federal Contract Tower,0,0,2,7,9,0,0,56,5,61,0,0,58,12,70,159,78,237,307
03/14/2018,JRF,HI,AWP,WE,Federal Contract Tower,0,0,6,3,9,0,0,58,15,73,0,0,64,18,82,313,19,332,414
03/15/2018,JRF,HI,AWP,WE,Federal Contract Tower,0,4,2,4,10,0,0,105,30,135,0,4,107,34,145,383,117,500,645
03/16/2018,JRF,HI,AWP,WE,Federal Contract Tower,0,0,3,3,6,0,0,80,20,100,0,0,83,23,106,259,23,282,388
03/17/2018,JRF,HI,AWP,WE,Federal Contract Tower,0,0,1,2,3,0,0,65,12,77,0,0,66,14,80,289,8,297,377
03/18/2018,JRF,HI,AWP,WE,Federal Contract Tower,0,0,4,2,6,0,0,40,6,46,0,0,44,8,52,267,12,279,331
03/19/2018,JRF,HI,AWP,WE,Federal Contract Tower,0,0,0,2,2,0,0,61,2,63,0,0,61,4,65,232,13,245,310
03/20/2018,JRF,HI,AWP,WE,Federal Contract Tower,0,0,1,4,5,0,0,37,15,52,0,0,38,19,57,289,66,355,412
03/21/2018,JRF,HI,AWP,WE,Federal Contract Tower,0,0,5,10,15,0,0,57,12,69,0,0,62,22,84,428,119,547,631
03/22/2018,JRF,HI,AWP,WE,Federal Contract Tower,0,0,1,9,10,0,0,57,26,83,0,0,58,35,93,344,78,422,515
03/23/2018,JRF,HI,AWP,WE,Federal Contract Tower,0,2,4,2,8,0,0,49,5,54,0,2,53,7,62,265,22,287,349
03/24/2018,JRF,HI,AWP,WE,Federal Contract Tower,0,0,1,3,4,0,0,6,3,9,0,0,7,6,13,52,10,62,75
03/25/2018,JRF,HI,AWP,WE,Federal Contract Tower,0,0,2,2,4,0,0,40,3,43,0,0,42,5,47,249,5,254,301
03/26/2018,JRF,HI,AWP,WE,Federal Contract Tower,0,0,1,4,5,0,0,62,7,69,0,0,63,11,74,277,35,312,386
03/27/2018,JRF,HI,AWP,WE,Federal Contract Tower,0,0,0,4,4,0,0,73,10,83,0,0,73,14,87,303,44,347,434
03/28/2018,JRF,HI,AWP,WE,Federal Contract Tower,0,3,1,2,6,0,0,90,18,108,0,3,91,20,114,476,76,552,666
03/29/2018,JRF,HI,AWP,WE,Federal Contract Tower,0,0,1,2,3,0,0,107,17,124,0,0,108,19,127,554,81,635,762
03/30/2018,JRF,HI,AWP,WE,Federal Contract Tower,0,0,0,1,1,0,0,59,4,63,0,0,59,5,64,384,28,412,476
03/31/2018,JRF,HI,AWP,WE,Federal Contract Tower,0,0,0,1,1,0,0,37,2,39,0,0,37,3,40,112,0,112,152
04/01/2018,JRF,HI,AWP,WE,Federal Contract Tower,0,0,0,3,3,0,0,37,1,38,0,0,37,4,41,141,14,155,196
04/02/2018,JRF,HI,AWP,WE,Federal Contract Tower,0,0,4,3,7,0,0,54,8,62,0,0,58,11,69,114,20,134,203
04/03/2018,JRF,HI,AWP,WE,Federal Contract Tower,0,0,3,5,8,0,0,63,12,75,0,0,66,17,83,478,53,531,614
04/04/2018,JRF,HI,AWP,WE,Federal Contract Tower,0,1,2,2,5,0,0,63,12,75,0,1,65,14,80,169,98,267,347
04/05/2018,JRF,HI,AWP,WE,Federal Contract Tower,0,1,1,3,5,0,1,42,26,69,0,2,43,29,74,310,101,411,485
04/06/2018,JRF,HI,AWP,WE,Federal Contract Tower,0,0,0,2,2,0,0,54,25,79,0,0,54,27,81,282,21,303,384
04/07/2018,JRF,HI,AWP,WE,Federal Contract Tower,0,0,0,4,4,0,0,22,4,26,0,0,22,8,30,207,20,227,257
04/08/2018,JRF,HI,AWP,WE,Federal Contract Tower,0,0,1,2,3,0,0,16,2,18,0,0,17,4,21,140,15,155,176
04/09/2018,JRF,HI,AWP,WE,Federal Contract Tower,0,0,1,7,8,0,0,66,1,67,0,0,67,8,75,274,21,295,370
04/10/2018,JRF,HI,AWP,WE,Federal Contract Tower,0,0,0,7,7,0,0,77,4,81,0,0,77,11,88,360,31,391,479
04/11/2018,JRF,HI,AWP,WE,Federal Contract Tower,0,0,0,7,7,0,0,86,17,103,0,0,86,24,110,365,35,400,510
04/12/2018,JRF,HI,AWP,WE,Federal Contract Tower,0,0,2,10,12,0,0,55,41,96,0,0,57,51,108,380,40,420,528
04/13/2018,JRF,HI,AWP,WE,Federal Contract Tower,0,0,4,6,10,0,0,53,5,58,0,0,57,11,68,273,14,287,355
04/14/2018,JRF,HI,AWP,WE,Federal Contract Tower,0,0,0,5,5,0,0,29,10,39,0,0,29,15,44,223,1,224,268
04/15/2018,JRF,HI,AWP,WE,Federal Contract Tower,0,0,0,6,6,0,0,32,2,34,0,0,32,8,40,205,7,212,252
04/16/2018,JRF,HI,AWP,WE,Federal Contract Tower,0,0,0,12,12,0,0,68,4,72,0,0,68,16,84,192,50,242,326
04/17/2018,JRF,HI,AWP,WE,Federal Contract Tower,0,0,1,7,8,0,0,76,14,90,0,0,77,21,98,343,87,430,528
04/18/2018,JRF,HI,AWP,WE,Federal Contract Tower,0,0,0,8,8,0,0,64,15,79,0,0,64,23,87,394,17,411,498
04/19/2018,JRF,HI,AWP,WE,Federal Contract Tower,0,0,0,7,7,0,0,35,11,46,0,0,35,18,53,423,57,480,533
04/20/2018,JRF,HI,AWP,WE,Federal Contract Tower,0,0,2,3,5,0,0,61,4,65,0,0,63,7,70,243,0,243,313
04/21/2018,JRF,HI,AWP,WE,Federal Contract Tower,0,0,2,4,6,0,0,39,4,43,0,0,41,8,49,398,8,406,455
04/22/2018,JRF,HI,AWP,WE,Federal Contract Tower,0,0,0,6,6,0,0,35,0,35,0,0,35,6,41,257,0,257,298
04/23/2018,JRF,HI,AWP,WE,Federal Contract Tower,0,0,1,5,6,0,0,56,5,61,0,0,57,10,67,298,92,390,457
04/24/2018,JRF,HI,AWP,WE,Federal Contract Tower,0,0,2,4,6,0,0,53,20,73,0,0,55,24,79,306,25,331,410
04/25/2018,JRF,HI,AWP,WE,Federal Contract Tower,0,0,2,4,6,0,0,53,33,86,0,0,55,37,92,354,20,374,466
04/26/2018,JRF,HI,AWP,WE,Federal Contract Tower,0,0,2,1,3,0,0,75,27,102,0,0,77,28,105,364,57,421,526
04/27/2018,JRF,HI,AWP,WE,Federal Contract Tower,0,0,2,7,9,0,0,39,3,42,0,0,41,10,51,178,11,189,240
04/28/2018,JRF,HI,AWP,WE,Federal Contract Tower,0,0,2,0,2,0,0,44,4,48,0,0,46,4,50,242,4,246,296
04/29/2018,JRF,HI,AWP,WE,Federal Contract Tower,0,0,2,2,4,0,0,40,0,40,0,0,42,2,44,301,2,303,347
04/30/2018,JRF,HI,AWP,WE,Federal Contract Tower,0,0,2,2,4,0,0,71,15,86,0,0,73,17,90,260,7,267,357
05/01/2018,JRF,HI,AWP,WE,Federal Contract Tower,0,0,0,5,5,0,0,72,10,82,0,0,72,15,87,456,17,473,560
05/02/2018,JRF,HI,AWP,WE,Federal Contract Tower,0,0,0,8,8,0,0,48,3,51,0,0,48,11,59,345,12,357,416
05/03/2018,JRF,HI,AWP,WE,Federal Contract Tower,0,0,0,8,8,0,0,54,6,60,0,0,54,14,68,360,5,365,433
05/04/2018,JRF,HI,AWP,WE,Federal Contract Tower,0,0,2,0,2,0,0,57,7,64,0,0,59,7,66,354,16,370,436
05/05/2018,JRF,HI,AWP,WE,Federal Contract Tower,0,0,0,5,5,0,0,42,9,51,0,0,42,14,56,254,27,281,337
05/06/2018,JRF,HI,AWP,WE,Federal Contract Tower,0,0,0,6,6,0,0,71,0,71,0,0,71,6,77,401,9,410,487
05/07/2018,JRF,HI,AWP,WE,Federal Contract Tower,0,0,0,6,6,0,0,72,13,85,0,0,72,19,91,305,98,403,494
05/08/2018,JRF,HI,AWP,WE,Federal Contract Tower,0,0,0,2,2,0,0,56,34,90,0,0,56,36,92,331,14,345,437
05/09/2018,JRF,HI,AWP,WE,Federal Contract Tower,0,1,3,6,10,0,0,109,34,143,0,1,112,40,153,476,39,515,668
05/10/2018,JRF,HI,AWP,WE,Federal Contract Tower,0,0,3,5,8,0,0,91,16,107,0,0,94,21,115,458,68,526,641
05/11/2018,JRF,HI,AWP,WE,Federal Contract Tower,0,0,1,3,4,0,0,37,13,50,0,0,38,16,54,342,35,377,431
05/12/2018,JRF,HI,AWP,WE,Federal Contract Tower,0,0,0,3,3,0,0,63,18,81,0,0,63,21,84,316,76,392,476
05/13/2018,JRF,HI,AWP,WE,Federal Contract Tower,0,0,1,6,7,0,0,33,16,49,0,0,34,22,56,194,65,259,315
05/14/2018,JRF,HI,AWP,WE,Federal Contract Tower,0,0,0,15,15,0,0,50,14,64,0,0,50,29,79,324,58,382,461
05/15/2018,JRF,HI,AWP,WE,Federal Contract Tower,0,0,0,8,8,0,0,46,17,63,0,0,46,25,71,354,77,431,502
05/16/2018,JRF,HI,AWP,WE,Federal Contract Tower,0,0,2,6,8,0,0,61,18,79,0,0,63,24,87,533,36,569,656
05/17/2018,JRF,HI,AWP,WE,Federal Contract Tower,0,0,0,13,13,0,0,74,36,110,0,0,74,49,123,592,56,648,771
05/18/2018,JRF,HI,AWP,WE,Federal Contract Tower,0,0,0,1,1,0,0,62,28,90,0,0,62,29,91,391,20,411,502
05/19/2018,JRF,HI,AWP,WE,Federal Contract Tower,0,0,0,1,1,0,0,35,11,46,0,0,35,12,47,223,7,230,277
05/20/2018,JRF,HI,AWP,WE,Federal Contract Tower,0,0,2,3,5,0,0,38,2,40,0,0,40,5,45,389,15,404,449
05/21/2018,JRF,HI,AWP,WE,Federal Contract Tower,0,0,1,3,4,0,0,41,2,43,0,0,42,5,47,415,5,420,467
05/22/2018,JRF,HI,AWP,WE,Federal Contract Tower,0,0,1,2,3,0,0,62,10,72,0,0,63,12,75,456,76,532,607
05/23/2018,JRF,HI,AWP,WE,Federal Contract Tower,0,0,2,6,8,0,0,67,17,84,0,0,69,23,92,427,82,509,601
05/24/2018,JRF,HI,AWP,WE,Federal Contract Tower,0,0,2,8,10,0,0,60,12,72,0,0,62,20,82,374,85,459,541
05/25/2018,JRF,HI,AWP,WE,Federal Contract Tower,0,0,1,1,2,0,0,34,5,39,0,0,35,6,41,335,11,346,387
05/26/2018,JRF,HI,AWP,WE,Federal Contract Tower,0,0,0,1,1,0,0,31,0,31,0,0,31,1,32,344,17,361,393
05/27/2018,JRF,HI,AWP,WE,Federal Contract Tower,0,0,0,2,2,0,0,31,6,37,0,0,31,8,39,302,12,314,353
05/28/2018,JRF,HI,AWP,WE,Federal Contract Tower,0,0,0,1,1,0,0,48,1,49,0,0,48,2,50,385,7,392,442
05/29/2018,JRF,HI,AWP,WE,Federal Contract Tower,0,0,0,3,3,0,0,33,10,43,0,0,33,13,46,201,64,265,311
05/30/2018,JRF,HI,AWP,WE,Federal Contract Tower,0,0,2,8,10,0,0,66,36,102,0,0,68,44,112,474,123,597,709
05/31/2018,JRF,HI,AWP,WE,Federal Contract Tower,0,0,0,8,8,0,0,51,24,75,0,0,51,32,83,430,96,526,609
06/01/2018,JRF,HI,AWP,WE,Federal Contract Tower,0,0,0,8,8,0,0,80,27,107,0,0,80,35,115,374,22,396,511
06/02/2018,JRF,HI,AWP,WE,Federal Contract Tower,0,0,2,3,5,0,0,39,0,39,0,0,41,3,44,358,24,382,426
06/03/2018,JRF,HI,AWP,WE,Federal Contract Tower,0,0,1,4,5,0,0,40,0,40,0,0,41,4,45,419,57,476,521
06/04/2018,JRF,HI,AWP,WE,Federal Contract Tower,0,0,2,2,4,0,0,41,2,43,0,0,43,4,47,414,60,474,521
06/05/2018,JRF,HI,AWP,WE,Federal Contract Tower,0,0,3,5,8,0,0,79,8,87,0,0,82,13,95,575,68,643,738
06/06/2018,JRF,HI,AWP,WE,Federal Contract Tower,0,0,0,4,4,0,0,48,7,55,0,0,48,11,59,483,53,536,595
06/07/2018,JRF,HI,AWP,WE,Federal Contract Tower,0,0,1,3,4,0,0,81,24,105,0,0,82,27,109,462,75,537,646
06/08/2018,JRF,HI,AWP,WE,Federal Contract Tower,0,0,0,3,3,0,0,47,2,49,0,0,47,5,52,330,7,337,389
06/09/2018,JRF,HI,AWP,WE,Federal Contract Tower,0,0,0,1,1,0,0,66,3,69,0,0,66,4,70,424,25,449,519
06/10/2018,JRF,HI,AWP,WE,Federal Contract Tower,0,0,0,2,2,0,0,87,0,87,0,0,87,2,89,362,6,368,457
06/11/2018,JRF,HI,AWP,WE,Federal Contract Tower,0,0,0,2,2,0,0,70,12,82,0,0,70,14,84,322,38,360,444
06/12/2018,JRF,HI,AWP,WE,Federal Contract Tower,0,0,2,1,3,0,0,54,21,75,0,0,56,22,78,208,62,270,348
06/13/2018,JRF,HI,AWP,WE,Federal Contract Tower,0,0,0,7,7,0,0,73,19,92,0,0,73,26,99,452,70,522,621
06/14/2018,JRF,HI,AWP,WE,Federal Contract Tower,2,0,1,7,10,0,5,50,6,61,2,5,51,13,71,350,34,384,455
06/15/2018,JRF,HI,AWP,WE,Federal Contract Tower,2,0,0,4,6,0,5,73,2,80,2,5,73,6,86,403,9,412,498
06/16/2018,JRF,HI,AWP,WE,Federal Contract Tower,0,0,2,5,7,0,0,51,2,53,0,0,53,7,60,260,10,270,330
06/17/2018,JRF,HI,AWP,WE,Federal Contract Tower,0,0,2,6,8,0,0,38,1,39,0,0,40,7,47,234,47,281,328
06/18/2018,JRF,HI,AWP,WE,Federal Contract Tower,0,0,5,2,7,0,0,49,2,51,0,0,54,4,58,292,17,309,367
06/19/2018,JRF,HI,AWP,WE,Federal Contract Tower,0,1,0,1,2,0,0,75,6,81,0,1,75,7,83,405,52,457,540
06/20/2018,JRF,HI,AWP,WE,Federal Contract Tower,0,1,3,5,9,0,0,57,15,72,0,1,60,20,81,354,64,418,499
06/21/2018,JRF,HI,AWP,WE,Federal Contract Tower,1,0,0,6,7,0,0,62,15,77,1,0,62,21,84,393,45,438,522
06/22/2018,JRF,HI,AWP,WE,Federal Contract Tower,0,0,0,0,0,0,2,68,4,74,0,2,68,4,74,456,21,477,551
06/23/2018,JRF,HI,AWP,WE,Federal Contract Tower,0,0,2,0,2,0,0,53,2,55,0,0,55,2,57,310,13,323,380
06/24/2018,JRF,HI,AWP,WE,Federal Contract Tower,0,0,2,1,3,0,0,2,41,43,0,0,4,42,46,210,79,289,335
06/25/2018,JRF,HI,AWP,WE,Federal Contract Tower,0,0,6,6,12,0,0,71,3,74,0,0,77,9,86,229,80,309,395
06/26/2018,JRF,HI,AWP,WE,Federal Contract Tower,0,0,2,7,9,0,0,49,17,66,0,0,51,24,75,249,31,280,355
06/27/2018,JRF,HI,AWP,WE,Federal Contract Tower,0,1,1,5,7,0,0,65,44,109,0,1,66,49,116,335,62,397,513
06/28/2018,JRF,HI,AWP,WE,Federal Contract Tower,0,0,2,11,13,0,0,94,34,128,0,0,96,45,141,519,10,529,670
06/29/2018,JRF,HI,AWP,WE,Federal Contract Tower,0,0,2,6,8,0,0,61,46,107,0,0,63,52,115,450,103,553,668
06/30/2018,JRF,HI,AWP,WE,Federal Contract Tower,0,0,0,1,1,0,0,74,2,76,0,0,74,3,77,534,11,545,622
07/01/2018,JRF,HI,AWP,WE,Federal Contract Tower,0,1,3,4,8,0,0,53,4,57,0,1,56,8,65,379,22,401,466
07/02/2018,JRF,HI,AWP,WE,Federal Contract Tower,0,0,1,9,10,0,0,61,10,71,0,0,62,19,81,503,98,601,682
07/03/2018,JRF,HI,AWP,WE,Federal Contract Tower,0,0,0,8,8,0,0,67,27,94,0,0,67,35,102,381,38,419,521
07/04/2018,JRF,HI,AWP,WE,Federal Contract Tower,0,0,0,0,0,0,0,71,11,82,0,0,71,11,82,415,1,416,498
07/05/2018,JRF,HI,AWP,WE,Federal Contract Tower,0,0,0,5,5,0,0,57,25,82,0,0,57,30,87,496,65,561,648
07/06/2018,JRF,HI,AWP,WE,Federal Contract Tower,0,0,0,5,5,0,4,43,17,64,0,4,43,22,69,428,16,444,513
07/07/2018,JRF,HI,AWP,WE,Federal Contract Tower,0,0,2,7,9,0,0,64,18,82,0,0,66,25,91,367,74,441,532
07/08/2018,JRF,HI,AWP,WE,Federal Contract Tower,0,0,0,2,2,0,0,44,0,44,0,0,44,2,46,427,70,497,543
07/09/2018,JRF,HI,AWP,WE,Federal Contract Tower,0,0,2,7,9,0,0,46,23,69,0,0,48,30,78,343,43,386,464
07/10/2018,JRF,HI,AWP,WE,Federal Contract Tower,0,0,1,5,6,0,0,50,30,80,0,0,51,35,86,519,58,577,663
07/11/2018,JRF,HI,AWP,WE,Federal Contract Tower,0,0,0,2,2,0,0,80,30,110,0,0,80,32,112,715,89,804,916
07/12/2018,JRF,HI,AWP,WE,Federal Contract Tower,0,0,1,4,5,0,0,88,52,140,0,0,89,56,145,738,157,895,1040
07/13/2018,JRF,HI,AWP,WE,Federal Contract Tower,0,0,2,3,5,0,0,35,58,93,0,0,37,61,98,594,81,675,773
07/14/2018,JRF,HI,AWP,WE,Federal Contract Tower,0,0,0,4,4,0,0,64,17,81,0,0,64,21,85,445,23,468,553
07/15/2018,JRF,HI,AWP,WE,Federal Contract Tower,0,0,6,3,9,0,0,74,14,88,0,0,80,17,97,369,82,451,548
07/16/2018,JRF,HI,AWP,WE,Federal Contract Tower,0,0,2,1,3,0,0,50,23,73,0,0,52,24,76,451,98,549,625
07/17/2018,JRF,HI,AWP,WE,Federal Contract Tower,0,0,0,4,4,0,0,96,42,138,0,0,96,46,142,412,49,461,603
07/18/2018,JRF,HI,AWP,WE,Federal Contract Tower,0,0,2,3,5,0,0,103,61,164,0,0,105,64,169,475,50,525,694
07/19/2018,JRF,HI,AWP,WE,Federal Contract Tower,0,0,0,4,4,0,0,73,89,162,0,0,73,93,166,365,96,461,627
07/20/2018,JRF,HI,AWP,WE,Federal Contract Tower,0,0,1,2,3,0,0,49,24,73,0,0,50,26,76,456,74,530,606
07/21/2018,JRF,HI,AWP,WE,Federal Contract Tower,0,0,2,2,4,0,0,48,27,75,0,0,50,29,79,453,94,547,626
07/22/2018,JRF,HI,AWP,WE,Federal Contract Tower,0,0,0,1,1,0,0,62,11,73,0,0,62,12,74,311,54,365,439
07/23/2018,JRF,HI,AWP,WE,Federal Contract Tower,0,0,2,6,8,0,1,57,26,84,0,1,59,32,92,359,28,387,479
07/24/2018,JRF,HI,AWP,WE,Federal Contract Tower,0,0,0,4,4,0,0,60,40,100,0,0,60,44,104,430,44,474,578
07/25/2018,JRF,HI,AWP,WE,Federal Contract Tower,0,0,0,4,4,0,0,83,30,113,0,0,83,34,117,659,63,722,839
07/26/2018,JRF,HI,AWP,WE,Federal Contract Tower,0,0,1,8,9,0,0,78,44,122,0,0,79,52,131,669,192,861,992
07/27/2018,JRF,HI,AWP,WE,Federal Contract Tower,0,0,4,2,6,0,1,49,19,69,0,1,53,21,75,502,41,543,618
07/28/2018,JRF,HI,AWP,WE,Federal Contract Tower,0,0,0,1,1,0,0,31,8,39,0,0,31,9,40,354,41,395,435
07/29/2018,JRF,HI,AWP,WE,Federal Contract Tower,0,0,2,2,4,0,0,47,2,49,0,0,49,4,53,286,55,341,394
07/30/2018,JRF,HI,AWP,WE,Federal Contract Tower,0,0,3,4,7,0,0,57,9,66,0,0,60,13,73,329,130,459,532
07/31/2018,JRF,HI,AWP,WE,Federal Contract Tower,0,0,1,6,7,0,0,82,13,95,0,0,83,19,102,428,37,465,567
08/01/2018,JRF,HI,AWP,WE,Federal Contract Tower,0,0,1,6,7,0,0,61,17,78,0,0,62,23,85,485,62,547,632
08/02/2018,JRF,HI,AWP,WE,Federal Contract Tower,0,0,1,3,4,0,0,66,18,84,0,0,67,21,88,466,32,498,586
08/03/2018,JRF,HI,AWP,WE,Federal Contract Tower,0,0,2,0,2,0,0,56,9,65,0,0,58,9,67,254,15,269,336
08/04/2018,JRF,HI,AWP,WE,Federal Contract Tower,0,0,3,6,9,0,0,16,3,19,0,0,19,9,28,382,33,415,443
08/05/2018,JRF,HI,AWP,WE,Federal Contract Tower,0,0,0,6,6,0,0,37,4,41,0,0,37,10,47,313,69,382,429
08/06/2018,JRF,HI,AWP,WE,Federal Contract Tower,0,0,3,5,8,0,0,55,2,57,0,0,58,7,65,502,70,572,637
08/07/2018,JRF,HI,AWP,WE,Federal Contract Tower,0,0,1,6,7,0,0,64,22,86,0,0,65,28,93,532,50,582,675
08/08/2018,JRF,HI,AWP,WE,Federal Contract Tower,0,0,5,11,16,0,0,81,24,105,0,0,86,35,121,540,81,621,742
08/09/2018,JRF,HI,AWP,WE,Federal Contract Tower,0,0,6,5,11,0,0,82,11,93,0,0,88,16,104,347,118,465,569
08/10/2018,JRF,HI,AWP,WE,Federal Contract Tower,0,0,0,3,3,0,0,86,3,89,0,0,86,6,92,458,12,470,562
08/11/2018,JRF,HI,AWP,WE,Federal Contract Tower,0,0,2,3,5,0,0,58,2,60,0,0,60,5,65,374,6,380,445
08/12/2018,JRF,HI,AWP,WE,Federal Contract Tower,0,0,1,1,2,0,0,40,0,40,0,0,41,1,42,344,51,395,437
08/13/2018,JRF,HI,AWP,WE,Federal Contract Tower,0,0,0,4,4,0,0,64,24,88,0,0,64,28,92,280,63,343,435
08/14/2018,JRF,HI,AWP,WE,Federal Contract Tower,0,0,4,6,10,0,0,89,4,93,0,0,93,10,103,371,39,410,513
08/15/2018,JRF,HI,AWP,WE,Federal Contract Tower,0,0,2,3,5,0,0,45,19,64,0,0,47,22,69,401,83,484,553
08/16/2018,JRF,HI,AWP,WE,Federal Contract Tower,0,0,5,6,11,0,0,59,21,80,0,0,64,27,91,540,64,604,695
08/17/2018,JRF,HI,AWP,WE,Federal Contract Tower,0,0,2,5,7,0,0,61,4,65,0,0,63,9,72,491,5,496,568
08/18/2018,JRF,HI,AWP,WE,Federal Contract Tower,0,0,2,6,8,0,0,56,6,62,0,0,58,12,70,367,38,405,475
08/19/2018,JRF,HI,AWP,WE,Federal Contract Tower,0,0,1,6,7,0,0,42,0,42,0,0,43,6,49,386,65,451,500
08/20/2018,JRF,HI,AWP,WE,Federal Contract Tower,0,3,5,7,15,0,0,69,11,80,0,3,74,18,95,432,44,476,571
08/21/2018,JRF,HI,AWP,WE,Federal Contract Tower,0,1,3,4,8,0,0,73,7,80,0,1,76,11,88,300,30,330,418
08/22/2018,JRF,HI,AWP,WE,Federal Contract Tower,0,0,0,7,7,0,0,81,6,87,0,0,81,13,94,393,16,409,503
08/23/2018,JRF,HI,AWP,WE,Federal Contract Tower,0,0,0,2,2,0,0,33,0,33,0,0,33,2,35,3,2,5,40
08/24/2018,JRF,HI,AWP,WE,Federal Contract Tower,0,0,0,0,0,0,0,0,0,0,0,0,0,0,0,0,0,0,0
08/25/2018,JRF,HI,AWP,WE,Federal Contract Tower,0,0,0,7,7,0,0,19,9,28,0,0,19,16,35,122,24,146,181
08/26/2018,JRF,HI,AWP,WE,Federal Contract Tower,0,0,4,0,4,0,0,33,0,33,0,0,37,0,37,106,1,107,144
08/27/2018,JRF,HI,AWP,WE,Federal Contract Tower,0,0,0,1,1,0,0,33,6,39,0,0,33,7,40,138,28,166,206
08/28/2018,JRF,HI,AWP,WE,Federal Contract Tower,0,0,0,3,3,0,0,45,23,68,0,0,45,26,71,326,54,380,451
08/29/2018,JRF,HI,AWP,WE,Federal Contract Tower,0,0,0,4,4,0,0,75,13,88,0,0,75,17,92,556,12,568,660
08/30/2018,JRF,HI,AWP,WE,Federal Contract Tower,0,0,0,1,1,0,0,65,12,77,0,0,65,13,78,629,107,736,814
08/31/2018,JRF,HI,AWP,WE,Federal Contract Tower,2,0,3,1,6,0,0,63,0,63,2,0,66,1,69,395,16,411,480
09/01/2018,JRF,HI,AWP,WE,Federal Contract Tower,0,0,2,4,6,0,0,26,1,27,0,0,28,5,33,226,4,230,263
09/02/2018,JRF,HI,AWP,WE,Federal Contract Tower,0,0,1,3,4,0,0,48,0,48,0,0,49,3,52,271,3,274,326
09/03/2018,JRF,HI,AWP,WE,Federal Contract Tower,0,0,0,3,3,0,0,71,2,73,0,0,71,5,76,433,3,436,512
09/04/2018,JRF,HI,AWP,WE,Federal Contract Tower,0,0,2,4,6,0,0,72,8,80,0,0,74,12,86,389,31,420,506
09/05/2018,JRF,HI,AWP,WE,Federal Contract Tower,0,0,2,6,8,0,0,60,30,90,0,0,62,36,98,305,100,405,503
09/06/2018,JRF,HI,AWP,WE,Federal Contract Tower,0,0,0,2,2,0,0,41,24,65,0,0,41,26,67,452,70,522,589
09/07/2018,JRF,HI,AWP,WE,Federal Contract Tower,0,0,5,4,9,0,0,55,0,55,0,0,60,4,64,415,17,432,496
09/08/2018,JRF,HI,AWP,WE,Federal Contract Tower,0,0,3,2,5,0,0,66,4,70,0,0,69,6,75,368,25,393,468
09/09/2018,JRF,HI,AWP,WE,Federal Contract Tower,0,0,1,3,4,0,0,34,1,35,0,0,35,4,39,263,59,322,361
09/10/2018,JRF,HI,AWP,WE,Federal Contract Tower,0,0,2,4,6,0,0,71,5,76,0,0,73,9,82,351,16,367,449
09/11/2018,JRF,HI,AWP,WE,Federal Contract Tower,0,0,1,2,3,0,0,82,13,95,0,0,83,15,98,429,77,506,604
09/12/2018,JRF,HI,AWP,WE,Federal Contract Tower,0,0,0,2,2,0,0,0,6,6,0,0,0,8,8,0,4,4,12
09/13/2018,JRF,HI,AWP,WE,Federal Contract Tower,0,0,1,2,3,0,0,16,11,27,0,0,17,13,30,266,50,316,346
09/14/2018,JRF,HI,AWP,WE,Federal Contract Tower,0,0,0,2,2,0,0,41,3,44,0,0,41,5,46,302,58,360,406
09/15/2018,JRF,HI,AWP,WE,Federal Contract Tower,0,0,3,2,5,0,0,22,1,23,0,0,25,3,28,246,24,270,298
09/16/2018,JRF,HI,AWP,WE,Federal Contract Tower,0,0,2,2,4,0,0,25,0,25,0,0,27,2,29,197,13,210,239
09/17/2018,JRF,HI,AWP,WE,Federal Contract Tower,0,0,3,0,3,0,0,59,18,77,0,0,62,18,80,242,85,327,407
09/18/2018,JRF,HI,AWP,WE,Federal Contract Tower,0,0,1,3,4,0,0,74,29,103,0,0,75,32,107,419,107,526,633
09/19/2018,JRF,HI,AWP,WE,Federal Contract Tower,0,0,10,6,16,0,0,69,22,91,0,0,79,28,107,403,130,533,640
09/20/2018,JRF,HI,AWP,WE,Federal Contract Tower,0,0,0,6,6,0,0,77,31,108,0,0,77,37,114,378,45,423,537
09/21/2018,JRF,HI,AWP,WE,Federal Contract Tower,0,0,3,2,5,0,0,46,9,55,0,0,49,11,60,466,11,477,537
09/22/2018,JRF,HI,AWP,WE,Federal Contract Tower,0,0,4,1,5,0,0,49,1,50,0,0,53,2,55,232,45,277,332
09/23/2018,JRF,HI,AWP,WE,Federal Contract Tower,0,0,0,2,2,0,0,46,1,47,0,0,46,3,49,255,71,326,375
09/24/2018,JRF,HI,AWP,WE,Federal Contract Tower,0,0,8,3,11,0,0,69,18,87,0,0,77,21,98,382,42,424,522
09/25/2018,JRF,HI,AWP,WE,Federal Contract Tower,0,0,2,4,6,0,0,60,19,79,0,0,62,23,85,343,53,396,481
09/26/2018,JRF,HI,AWP,WE,Federal Contract Tower,0,0,1,7,8,0,0,73,11,84,0,0,74,18,92,259,45,304,396
09/27/2018,JRF,HI,AWP,WE,Federal Contract Tower,0,0,0,4,4,0,1,64,22,87,0,1,64,26,91,478,70,548,639
09/28/2018,JRF,HI,AWP,WE,Federal Contract Tower,0,0,2,1,3,0,0,49,13,62,0,0,51,14,65,438,21,459,524
09/29/2018,JRF,HI,AWP,WE,Federal Contract Tower,0,0,0,2,2,0,0,46,1,47,0,0,46,3,49,361,55,416,465
09/30/2018,JRF,HI,AWP,WE,Federal Contract Tower,0,0,8,2,10,0,0,67,3,70,0,0,75,5,80,337,17,354,434
10/01/2018,JRF,HI,AWP,WE,Federal Contract Tower,0,0,1,11,12,0,0,59,16,75,0,0,60,27,87,254,95,349,436
10/02/2018,JRF,HI,AWP,WE,Federal Contract Tower,0,0,8,2,10,0,0,70,24,94,0,0,78,26,104,356,63,419,523
10/03/2018,JRF,HI,AWP,WE,Federal Contract Tower,0,0,0,3,3,0,0,96,19,115,0,0,96,22,118,459,82,541,659
10/04/2018,JRF,HI,AWP,WE,Federal Contract Tower,0,0,0,6,6,0,0,44,23,67,0,0,44,29,73,358,80,438,511
10/05/2018,JRF,HI,AWP,WE,Federal Contract Tower,0,0,1,3,4,0,0,67,4,71,0,0,68,7,75,321,28,349,424
10/06/2018,JRF,HI,AWP,WE,Federal Contract Tower,0,0,1,3,4,0,0,39,0,39,0,0,40,3,43,303,3,306,349
10/07/2018,JRF,HI,AWP,WE,Federal Contract Tower,0,0,0,3,3,0,0,44,4,48,0,0,44,7,51,230,18,248,299
10/08/2018,JRF,HI,AWP,WE,Federal Contract Tower,0,0,2,0,2,0,0,90,8,98,0,0,92,8,100,416,1,417,517
10/09/2018,JRF,HI,AWP,WE,Federal Contract Tower,0,0,0,2,2,0,0,48,22,70,0,0,48,24,72,305,55,360,432
10/10/2018,JRF,HI,AWP,WE,Federal Contract Tower,0,0,0,4,4,0,0,55,15,70,0,0,55,19,74,390,72,462,536
10/11/2018,JRF,HI,AWP,WE,Federal Contract Tower,0,0,1,18,19,0,0,67,12,79,0,0,68,30,98,451,136,587,685
10/12/2018,JRF,HI,AWP,WE,Federal Contract Tower,0,0,4,5,9,0,0,32,10,42,0,0,36,15,51,319,4,323,374
10/13/2018,JRF,HI,AWP,WE,Federal Contract Tower,0,0,2,2,4,0,0,40,4,44,0,0,42,6,48,390,53,443,491
10/14/2018,JRF,HI,AWP,WE,Federal Contract Tower,0,0,6,3,9,0,0,51,13,64,0,0,57,16,73,278,26,304,377
10/15/2018,JRF,HI,AWP,WE,Federal Contract Tower,0,0,0,4,4,0,0,66,15,81,0,0,66,19,85,378,66,444,529
10/16/2018,JRF,HI,AWP,WE,Federal Contract Tower,0,0,3,4,7,0,0,71,6,77,0,0,74,10,84,306,46,352,436
10/17/2018,JRF,HI,AWP,WE,Federal Contract Tower,0,0,0,7,7,0,0,63,20,83,0,0,63,27,90,339,123,462,552
10/18/2018,JRF,HI,AWP,WE,Federal Contract Tower,0,0,1,7,8,0,0,46,26,72,0,0,47,33,80,336,137,473,553
10/19/2018,JRF,HI,AWP,WE,Federal Contract Tower,0,0,2,3,5,0,0,91,13,104,0,0,93,16,109,343,78,421,530
10/20/2018,JRF,HI,AWP,WE,Federal Contract Tower,0,0,0,5,5,0,0,48,5,53,0,0,48,10,58,363,29,392,450
10/21/2018,JRF,HI,AWP,WE,Federal Contract Tower,0,0,2,1,3,0,0,39,3,42,0,0,41,4,45,237,29,266,311
10/22/2018,JRF,HI,AWP,WE,Federal Contract Tower,0,0,2,3,5,0,0,48,6,54,0,0,50,9,59,286,91,377,436
10/23/2018,JRF,HI,AWP,WE,Federal Contract Tower,0,0,0,5,5,0,0,48,12,60,0,0,48,17,65,324,124,448,513
10/24/2018,JRF,HI,AWP,WE,Federal Contract Tower,0,0,0,4,4,0,0,33,9,42,0,0,33,13,46,410,106,516,562
10/25/2018,JRF,HI,AWP,WE,Federal Contract Tower,0,0,0,10,10,0,0,60,10,70,0,0,60,20,80,388,24,412,492
10/26/2018,JRF,HI,AWP,WE,Federal Contract Tower,0,0,4,6,10,0,0,30,5,35,0,0,34,11,45,316,76,392,437
10/27/2018,JRF,HI,AWP,WE,Federal Contract Tower,0,0,3,5,8,0,0,20,7,27,0,0,23,12,35,339,36,375,410
10/28/2018,JRF,HI,AWP,WE,Federal Contract Tower,0,0,4,1,5,0,0,17,0,17,0,0,21,1,22,273,38,311,333
10/29/2018,JRF,HI,AWP,WE,Federal Contract Tower,0,0,2,0,2,0,0,34,4,38,0,0,36,4,40,316,56,372,412
10/30/2018,JRF,HI,AWP,WE,Federal Contract Tower,0,0,0,8,8,0,0,4,6,10,0,0,4,14,18,2,33,35,53
10/31/2018,JRF,HI,AWP,WE,Federal Contract Tower,0,0,7,3,10,0,0,37,6,43,0,0,44,9,53,337,67,404,457
11/01/2018,JRF,HI,AWP,WE,Federal Contract Tower,0,0,3,1,4,0,0,43,21,64,0,0,46,22,68,287,44,331,399
11/02/2018,JRF,HI,AWP,WE,Federal Contract Tower,0,0,3,2,5,0,0,44,8,52,0,0,47,10,57,349,29,378,435
11/03/2018,JRF,HI,AWP,WE,Federal Contract Tower,0,0,2,4,6,0,0,26,2,28,0,0,28,6,34,258,16,274,308
11/04/2018,JRF,HI,AWP,WE,Federal Contract Tower,0,0,0,8,8,0,0,53,4,57,0,0,53,12,65,300,22,322,387
11/05/2018,JRF,HI,AWP,WE,Federal Contract Tower,0,0,4,3,7,0,0,69,7,76,0,0,73,10,83,466,11,477,560
11/06/2018,JRF,HI,AWP,WE,Federal Contract Tower,0,0,1,9,10,0,0,63,11,74,0,0,64,20,84,383,70,453,537
11/07/2018,JRF,HI,AWP,WE,Federal Contract Tower,0,0,2,10,12,0,0,53,24,77,0,0,55,34,89,557,76,633,722
11/08/2018,JRF,HI,AWP,WE,Federal Contract Tower,0,0,1,7,8,0,0,48,37,85,0,0,49,44,93,473,70,543,636
11/09/2018,JRF,HI,AWP,WE,Federal Contract Tower,0,0,2,4,6,0,0,37,0,37,0,0,39,4,43,505,13,518,561
11/10/2018,JRF,HI,AWP,WE,Federal Contract Tower,0,0,2,8,10,0,0,24,2,26,0,0,26,10,36,355,16,371,407
11/11/2018,JRF,HI,AWP,WE,Federal Contract Tower,0,0,0,5,5,0,0,28,2,30,0,0,28,7,35,274,30,304,339
11/12/2018,JRF,HI,AWP,WE,Federal Contract Tower,0,0,0,4,4,0,0,35,0,35,0,0,35,4,39,415,5,420,459
11/13/2018,JRF,HI,AWP,WE,Federal Contract Tower,0,0,0,2,2,0,0,30,3,33,0,0,30,5,35,318,25,343,378
11/14/2018,JRF,HI,AWP,WE,Federal Contract Tower,0,0,1,7,8,0,0,36,5,41,0,0,37,12,49,381,70,451,500
11/15/2018,JRF,HI,AWP,WE,Federal Contract Tower,0,0,1,6,7,0,0,65,33,98,0,0,66,39,105,458,107,565,670
11/16/2018,JRF,HI,AWP,WE,Federal Contract Tower,0,0,5,5,10,0,0,87,2,89,0,0,92,7,99,347,12,359,458
11/17/2018,JRF,HI,AWP,WE,Federal Contract Tower,0,0,2,4,6,0,0,41,3,44,0,0,43,7,50,369,47,416,466
11/18/2018,JRF,HI,AWP,WE,Federal Contract Tower,0,0,0,2,2,0,0,28,0,28,0,0,28,2,30,329,39,368,398
11/19/2018,JRF,HI,AWP,WE,Federal Contract Tower,0,0,2,0,2,0,0,61,2,63,0,0,63,2,65,394,56,450,515
11/20/2018,JRF,HI,AWP,WE,Federal Contract Tower,0,0,2,7,9,0,0,44,20,64,0,0,46,27,73,349,97,446,519
11/21/2018,JRF,HI,AWP,WE,Federal Contract Tower,0,0,1,2,3,0,0,54,9,63,0,0,55,11,66,275,46,321,387
11/22/2018,JRF,HI,AWP,WE,Federal Contract Tower,0,0,0,0,0,0,0,27,0,27,0,0,27,0,27,190,0,190,217
11/23/2018,JRF,HI,AWP,WE,Federal Contract Tower,0,0,1,2,3,0,0,76,0,76,0,0,77,2,79,366,6,372,451
11/24/2018,JRF,HI,AWP,WE,Federal Contract Tower,0,0,8,1,9,0,0,66,0,66,0,0,74,1,75,369,8,377,452
11/25/2018,JRF,HI,AWP,WE,Federal Contract Tower,0,0,2,3,5,0,0,28,3,31,0,0,30,6,36,325,27,352,388
11/26/2018,JRF,HI,AWP,WE,Federal Contract Tower,0,0,2,5,7,0,0,70,5,75,0,0,72,10,82,225,15,240,322
11/27/2018,JRF,HI,AWP,WE,Federal Contract Tower,0,0,5,7,12,0,0,45,17,62,0,0,50,24,74,391,63,454,528
11/28/2018,JRF,HI,AWP,WE,Federal Contract Tower,0,0,1,8,9,0,0,41,14,55,0,0,42,22,64,387,61,448,512
11/29/2018,JRF,HI,AWP,WE,Federal Contract Tower,0,0,1,5,6,0,0,80,9,89,0,0,81,14,95,379,50,429,524
11/30/2018,JRF,HI,AWP,WE,Federal Contract Tower,0,0,1,5,6,0,0,57,7,64,0,0,58,12,70,222,11,233,303
12/01/2018,JRF,HI,AWP,WE,Federal Contract Tower,0,0,1,1,2,0,0,64,1,65,0,0,65,2,67,345,16,361,428
12/02/2018,JRF,HI,AWP,WE,Federal Contract Tower,0,0,0,4,4,0,0,45,2,47,0,0,45,6,51,209,21,230,281
12/03/2018,JRF,HI,AWP,WE,Federal Contract Tower,0,0,4,3,7,0,0,76,2,78,0,0,80,5,85,338,49,387,472
12/04/2018,JRF,HI,AWP,WE,Federal Contract Tower,0,0,0,6,6,0,0,56,11,67,0,0,56,17,73,373,26,399,472
12/05/2018,JRF,HI,AWP,WE,Federal Contract Tower,0,0,0,3,3,0,0,63,19,82,0,0,63,22,85,264,8,272,357
12/06/2018,JRF,HI,AWP,WE,Federal Contract Tower,0,0,2,9,11,0,0,71,11,82,0,0,73,20,93,412,87,499,592
12/07/2018,JRF,HI,AWP,WE,Federal Contract Tower,0,0,0,0,0,0,0,79,12,91,0,0,79,12,91,348,3,351,442
12/08/2018,JRF,HI,AWP,WE,Federal Contract Tower,0,0,2,5,7,0,0,53,4,57,0,0,55,9,64,244,4,248,312
12/09/2018,JRF,HI,AWP,WE,Federal Contract Tower,0,0,1,3,4,0,0,41,2,43,0,0,42,5,47,204,17,221,268
12/10/2018,JRF,HI,AWP,WE,Federal Contract Tower,0,0,0,8,8,0,0,51,5,56,0,0,51,13,64,272,21,293,357
12/11/2018,JRF,HI,AWP,WE,Federal Contract Tower,0,0,1,3,4,0,0,78,25,103,0,0,79,28,107,249,62,311,418
12/12/2018,JRF,HI,AWP,WE,Federal Contract Tower,0,0,1,3,4,0,0,88,20,108,0,0,89,23,112,363,18,381,493
12/13/2018,JRF,HI,AWP,WE,Federal Contract Tower,0,0,0,1,1,0,0,92,8,100,0,0,92,9,101,394,34,428,529
12/14/2018,JRF,HI,AWP,WE,Federal Contract Tower,0,0,3,5,8,0,0,82,2,84,0,0,85,7,92,254,14,268,360
12/15/2018,JRF,HI,AWP,WE,Federal Contract Tower,0,0,2,6,8,0,0,65,4,69,0,0,67,10,77,451,51,502,579
12/16/2018,JRF,HI,AWP,WE,Federal Contract Tower,0,0,2,1,3,0,0,78,4,82,0,0,80,5,85,203,18,221,306
12/17/2018,JRF,HI,AWP,WE,Federal Contract Tower,0,0,2,6,8,0,0,94,6,100,0,0,96,12,108,366,41,407,515
12/18/2018,JRF,HI,AWP,WE,Federal Contract Tower,0,0,1,6,7,0,0,72,12,84,0,0,73,18,91,363,43,406,497
12/19/2018,JRF,HI,AWP,WE,Federal Contract Tower,0,0,1,7,8,0,0,73,13,86,0,0,74,20,94,227,37,264,358
12/20/2018,JRF,HI,AWP,WE,Federal Contract Tower,0,0,2,4,6,0,0,93,15,108,0,0,95,19,114,270,64,334,448
12/21/2018,JRF,HI,AWP,WE,Federal Contract Tower,0,0,1,4,5,0,0,86,6,92,0,0,87,10,97,476,34,510,607
12/22/2018,JRF,HI,AWP,WE,Federal Contract Tower,0,0,0,5,5,0,0,41,4,45,0,0,41,9,50,327,23,350,400
12/23/2018,JRF,HI,AWP,WE,Federal Contract Tower,0,0,3,2,5,0,0,89,7,96,0,0,92,9,101,223,26,249,350
12/24/2018,JRF,HI,AWP,WE,Federal Contract Tower,0,0,0,2,2,0,0,45,3,48,0,0,45,5,50,62,21,83,133
12/25/2018,JRF,HI,AWP,WE,Federal Contract Tower,0,0,1,0,1,0,0,37,0,37,0,0,38,0,38,42,0,42,80
12/26/2018,JRF,HI,AWP,WE,Federal Contract Tower,0,0,2,4,6,0,0,78,0,78,0,0,80,4,84,268,56,324,408
12/27/2018,JRF,HI,AWP,WE,Federal Contract Tower,0,0,0,2,2,0,0,76,0,76,0,0,76,2,78,289,56,345,423
12/28/2018,JRF,HI,AWP,WE,Federal Contract Tower,0,0,0,1,1,0,0,17,3,20,0,0,17,4,21,57,23,80,101
12/29/2018,JRF,HI,AWP,WE,Federal Contract Tower,0,0,5,2,7,0,0,74,1,75,0,0,79,3,82,199,4,203,285
12/30/2018,JRF,HI,AWP,WE,Federal Contract Tower,0,0,2,2,4,0,0,91,2,93,0,0,93,4,97,123,33,156,253
12/31/2018,JRF,HI,AWP,WE,Federal Contract Tower,0,0,0,1,1,0,0,79,3,82,0,0,79,4,83,249,9,258,341
01/01/2019,JRF,HI,AWP,WE,Federal Contract Tower,0,0,0,1,1,0,0,70,11,81,0,0,70,12,82,125,2,127,209
01/02/2019,JRF,HI,AWP,WE,Federal Contract Tower,0,0,1,4,5,0,0,100,7,107,0,0,101,11,112,167,24,191,303
01/03/2019,JRF,HI,AWP,WE,Federal Contract Tower,0,0,1,2,3,0,0,99,16,115,0,0,100,18,118,250,39,289,407
01/04/2019,JRF,HI,AWP,WE,Federal Contract Tower,0,0,1,3,4,0,0,82,2,84,0,0,83,5,88,572,3,575,663
01/05/2019,JRF,HI,AWP,WE,Federal Contract Tower,0,0,1,6,7,0,0,112,2,114,0,0,113,8,121,283,4,287,408
01/06/2019,JRF,HI,AWP,WE,Federal Contract Tower,0,0,0,3,3,0,0,86,2,88,0,0,86,5,91,175,28,203,294
01/07/2019,JRF,HI,AWP,WE,Federal Contract Tower,0,0,0,4,4,0,0,81,13,94,0,0,81,17,98,280,2,282,380
01/08/2019,JRF,HI,AWP,WE,Federal Contract Tower,0,0,0,5,5,0,0,67,1,68,0,0,67,6,73,273,23,296,369
01/09/2019,JRF,HI,AWP,WE,Federal Contract Tower,0,0,2,5,7,0,0,44,9,53,0,0,46,14,60,169,87,256,316
01/10/2019,JRF,HI,AWP,WE,Federal Contract Tower,0,0,0,9,9,0,0,50,23,73,0,0,50,32,82,298,102,400,482
01/11/2019,JRF,HI,AWP,WE,Federal Contract Tower,0,0,0,4,4,0,0,68,12,80,0,0,68,16,84,346,7,353,437
01/12/2019,JRF,HI,AWP,WE,Federal Contract Tower,0,0,0,3,3,0,0,97,2,99,0,0,97,5,102,214,25,239,341
01/13/2019,JRF,HI,AWP,WE,Federal Contract Tower,0,0,0,3,3,0,0,44,7,51,0,0,44,10,54,171,3,174,228
01/14/2019,JRF,HI,AWP,WE,Federal Contract Tower,0,0,0,1,1,0,0,117,7,124,0,0,117,8,125,311,3,314,439
01/15/2019,JRF,HI,AWP,WE,Federal Contract Tower,0,0,1,4,5,0,0,97,34,131,0,0,98,38,136,264,33,297,433
01/16/2019,JRF,HI,AWP,WE,Federal Contract Tower,0,0,0,3,3,0,0,81,22,103,0,0,81,25,106,241,62,303,409
01/17/2019,JRF,HI,AWP,WE,Federal Contract Tower,0,0,1,8,9,0,0,74,13,87,0,0,75,21,96,454,27,481,577
01/18/2019,JRF,HI,AWP,WE,Federal Contract Tower,0,0,1,4,5,0,0,64,2,66,0,0,65,6,71,336,3,339,410
01/19/2019,JRF,HI,AWP,WE,Federal Contract Tower,0,0,0,3,3,0,0,128,7,135,0,0,128,10,138,347,10,357,495
01/20/2019,JRF,HI,AWP,WE,Federal Contract Tower,0,0,0,2,2,0,0,100,6,106,0,0,100,8,108,216,27,243,351
01/21/2019,JRF,HI,AWP,WE,Federal Contract Tower,0,0,2,2,4,0,0,94,5,99,0,0,96,7,103,276,43,319,422
01/22/2019,JRF,HI,AWP,WE,Federal Contract Tower,0,0,1,6,7,0,0,65,40,105,0,0,66,46,112,381,11,392,504
01/23/2019,JRF,HI,AWP,WE,Federal Contract Tower,0,0,1,13,14,0,0,78,11,89,0,0,79,24,103,300,61,361,464
01/24/2019,JRF,HI,AWP,WE,Federal Contract Tower,0,0,0,11,11,0,0,83,16,99,0,0,83,27,110,394,19,413,523
01/25/2019,JRF,HI,AWP,WE,Federal Contract Tower,0,0,0,8,8,0,0,81,11,92,0,0,81,19,100,250,20,270,370
01/26/2019,JRF,HI,AWP,WE,Federal Contract Tower,0,0,0,8,8,0,0,73,6,79,0,0,73,14,87,337,8,345,432
01/27/2019,JRF,HI,AWP,WE,Federal Contract Tower,0,0,1,5,6,0,0,70,4,74,0,0,71,9,80,221,29,250,330
01/28/2019,JRF,HI,AWP,WE,Federal Contract Tower,0,0,0,10,10,0,0,76,27,103,0,0,76,37,113,222,72,294,407
01/29/2019,JRF,HI,AWP,WE,Federal Contract Tower,0,0,4,6,10,0,0,38,17,55,0,0,42,23,65,258,44,302,367
01/30/2019,JRF,HI,AWP,WE,Federal Contract Tower,0,0,3,7,10,0,0,32,27,59,0,0,35,34,69,332,77,409,478
01/31/2019,JRF,HI,AWP,WE,Federal Contract Tower,0,0,1,8,9,0,0,66,32,98,0,0,67,40,107,185,39,224,331
02/01/2019,JRF,HI,AWP,WE,Federal Contract Tower,0,0,1,2,3,0,0,96,9,105,0,0,97,11,108,440,9,449,557
02/02/2019,JRF,HI,AWP,WE,Federal Contract Tower,0,0,1,4,5,0,0,60,6,66,0,0,61,10,71,273,12,285,356
02/03/2019,JRF,HI,AWP,WE,Federal Contract Tower,0,0,1,2,3,0,0,59,0,59,0,0,60,2,62,361,30,391,453
02/04/2019,JRF,HI,AWP,WE,Federal Contract Tower,0,0,4,2,6,0,0,128,12,140,0,0,132,14,146,335,9,344,490
02/05/2019,JRF,HI,AWP,WE,Federal Contract Tower,0,0,4,6,10,0,0,65,12,77,0,0,69,18,87,317,58,375,462
02/06/2019,JRF,HI,AWP,WE,Federal Contract Tower,0,0,2,8,10,0,0,90,10,100,0,0,92,18,110,291,40,331,441
02/07/2019,JRF,HI,AWP,WE,Federal Contract Tower,0,0,3,5,8,0,0,73,29,102,0,0,76,34,110,306,70,376,486
02/08/2019,JRF,HI,AWP,WE,Federal Contract Tower,0,0,0,2,2,0,0,86,2,88,0,0,86,4,90,330,38,368,458
02/09/2019,JRF,HI,AWP,WE,Federal Contract Tower,0,0,0,8,8,0,0,29,4,33,0,0,29,12,41,104,26,130,171
02/10/2019,JRF,HI,AWP,WE,Federal Contract Tower,0,0,0,5,5,0,0,6,2,8,0,0,6,7,13,1,1,2,15
02/11/2019,JRF,HI,AWP,WE,Federal Contract Tower,0,0,1,7,8,0,0,90,22,112,0,0,91,29,120,153,96,249,369
02/12/2019,JRF,HI,AWP,WE,Federal Contract Tower,0,0,2,5,7,0,0,79,28,107,0,0,81,33,114,282,29,311,425
02/13/2019,JRF,HI,AWP,WE,Federal Contract Tower,0,0,0,8,8,0,0,44,27,71,0,0,44,35,79,207,32,239,318
02/14/2019,JRF,HI,AWP,WE,Federal Contract Tower,0,0,2,2,4,0,0,44,15,59,0,0,46,17,63,199,32,231,294
02/15/2019,JRF,HI,AWP,WE,Federal Contract Tower,0,0,0,2,2,0,0,61,8,69,0,0,61,10,71,411,29,440,511
02/16/2019,JRF,HI,AWP,WE,Federal Contract Tower,0,0,1,1,2,0,0,66,4,70,0,0,67,5,72,352,28,380,452
02/17/2019,JRF,HI,AWP,WE,Federal Contract Tower,0,0,1,0,1,0,0,51,4,55,0,0,52,4,56,247,67,314,370
02/18/2019,JRF,HI,AWP,WE,Federal Contract Tower,0,0,0,1,1,0,0,89,3,92,0,0,89,4,93,324,9,333,426
02/19/2019,JRF,HI,AWP,WE,Federal Contract Tower,0,0,3,6,9,0,0,30,17,47,0,0,33,23,56,86,32,118,174
02/20/2019,JRF,HI,AWP,WE,Federal Contract Tower,0,0,2,9,11,0,0,113,7,120,0,0,115,16,131,334,45,379,510
02/21/2019,JRF,HI,AWP,WE,Federal Contract Tower,0,0,2,6,8,0,0,61,13,74,0,0,63,19,82,327,96,423,505
02/22/2019,JRF,HI,AWP,WE,Federal Contract Tower,0,0,3,3,6,0,0,99,6,105,0,0,102,9,111,337,24,361,472
02/23/2019,JRF,HI,AWP,WE,Federal Contract Tower,0,0,6,5,11,0,0,76,4,80,0,0,82,9,91,345,36,381,472
02/24/2019,JRF,HI,AWP,WE,Federal Contract Tower,0,0,0,4,4,0,0,46,1,47,0,0,46,5,51,245,20,265,316
02/25/2019,JRF,HI,AWP,WE,Federal Contract Tower,0,0,5,6,11,0,0,65,10,75,0,0,70,16,86,206,43,249,335
02/26/2019,JRF,HI,AWP,WE,Federal Contract Tower,0,0,4,2,6,0,0,68,22,90,0,0,72,24,96,168,62,230,326
02/27/2019,JRF,HI,AWP,WE,Federal Contract Tower,0,0,3,5,8,0,0,98,22,120,0,0,101,27,128,286,54,340,468
02/28/2019,JRF,HI,AWP,WE,Federal Contract Tower,0,0,4,5,9,0,0,22,22,44,0,0,26,27,53,292,135,427,480
03/01/2019,JRF,HI,AWP,WE,Federal Contract Tower,0,0,3,6,9,0,0,86,4,90,0,0,89,10,99,426,75,501,600
03/02/2019,JRF,HI,AWP,WE,Federal Contract Tower,0,0,0,2,2,0,0,73,10,83,0,0,73,12,85,340,32,372,457
03/03/2019,JRF,HI,AWP,WE,Federal Contract Tower,0,0,1,4,5,0,0,54,7,61,0,0,55,11,66,337,37,374,440
03/04/2019,JRF,HI,AWP,WE,Federal Contract Tower,0,0,0,6,6,0,0,70,6,76,0,0,70,12,82,343,75,418,500
03/05/2019,JRF,HI,AWP,WE,Federal Contract Tower,0,1,3,5,9,0,1,91,8,100,0,2,94,13,109,220,27,247,356
03/06/2019,JRF,HI,AWP,WE,Federal Contract Tower,0,0,1,6,7,0,0,62,6,68,0,0,63,12,75,165,38,203,278
03/07/2019,JRF,HI,AWP,WE,Federal Contract Tower,0,0,0,5,5,0,0,64,11,75,0,0,64,16,80,249,61,310,390
03/08/2019,JRF,HI,AWP,WE,Federal Contract Tower,0,0,3,2,5,0,0,38,6,44,0,0,41,8,49,263,54,317,366
03/09/2019,JRF,HI,AWP,WE,Federal Contract Tower,0,0,0,0,0,0,0,67,6,73,0,0,67,6,73,279,1,280,353
03/10/2019,JRF,HI,AWP,WE,Federal Contract Tower,0,0,0,2,2,0,0,41,4,45,0,0,41,6,47,135,20,155,202
03/11/2019,JRF,HI,AWP,WE,Federal Contract Tower,0,0,1,11,12,0,0,57,5,62,0,0,58,16,74,227,80,307,381
03/12/2019,JRF,HI,AWP,WE,Federal Contract Tower,0,0,4,6,10,0,0,59,18,77,0,0,63,24,87,399,25,424,511
03/13/2019,JRF,HI,AWP,WE,Federal Contract Tower,0,0,7,6,13,0,0,47,13,60,0,0,54,19,73,385,42,427,500
03/14/2019,JRF,HI,AWP,WE,Federal Contract Tower,0,0,1,8,9,0,0,34,11,45,0,0,35,19,54,343,53,396,450
03/15/2019,JRF,HI,AWP,WE,Federal Contract Tower,0,0,2,4,6,0,0,65,4,69,0,0,67,8,75,239,12,251,326
03/16/2019,JRF,HI,AWP,WE,Federal Contract Tower,0,0,1,3,4,0,0,70,4,74,0,0,71,7,78,226,13,239,317
03/17/2019,JRF,HI,AWP,WE,Federal Contract Tower,0,0,1,3,4,0,0,83,7,90,0,0,84,10,94,215,35,250,344
03/18/2019,JRF,HI,AWP,WE,Federal Contract Tower,1,0,2,4,7,0,0,46,15,61,1,0,48,19,68,237,9,246,314
03/19/2019,JRF,HI,AWP,WE,Federal Contract Tower,0,0,2,4,6,0,0,60,17,77,0,0,62,21,83,241,19,260,343
03/20/2019,JRF,HI,AWP,WE,Federal Contract Tower,0,0,2,2,4,0,0,69,7,76,0,0,71,9,80,283,12,295,375
03/21/2019,JRF,HI,AWP,WE,Federal Contract Tower,0,0,0,3,3,0,0,45,10,55,0,0,45,13,58,388,49,437,495
03/22/2019,JRF,HI,AWP,WE,Federal Contract Tower,0,0,1,2,3,0,0,81,10,91,0,0,82,12,94,257,27,284,378
03/23/2019,JRF,HI,AWP,WE,Federal Contract Tower,0,0,3,2,5,0,0,62,5,67,0,0,65,7,72,360,4,364,436
03/24/2019,JRF,HI,AWP,WE,Federal Contract Tower,0,0,1,1,2,0,0,62,4,66,0,0,63,5,68,337,8,345,413
03/25/2019,JRF,HI,AWP,WE,Federal Contract Tower,0,0,1,4,5,0,0,63,28,91,0,0,64,32,96,256,132,388,484
03/26/2019,JRF,HI,AWP,WE,Federal Contract Tower,0,0,2,7,9,0,0,70,20,90,0,0,72,27,99,419,48,467,566
03/27/2019,JRF,HI,AWP,WE,Federal Contract Tower,0,0,3,3,6,0,0,74,12,86,0,0,77,15,92,261,48,309,401
03/28/2019,JRF,HI,AWP,WE,Federal Contract Tower,0,0,4,2,6,0,0,87,16,103,0,0,91,18,109,379,79,458,567
03/29/2019,JRF,HI,AWP,WE,Federal Contract Tower,0,0,3,6,9,0,0,49,2,51,0,0,52,8,60,432,17,449,509
03/30/2019,JRF,HI,AWP,WE,Federal Contract Tower,0,0,0,5,5,0,0,55,6,61,0,0,55,11,66,336,10,346,412
03/31/2019,JRF,HI,AWP,WE,Federal Contract Tower,0,0,0,4,4,0,0,92,5,97,0,0,92,9,101,387,17,404,505
04/01/2019,JRF,HI,AWP,WE,Federal Contract Tower,0,0,1,4,5,0,0,64,6,70,0,0,65,10,75,251,39,290,365
04/02/2019,JRF,HI,AWP,WE,Federal Contract Tower,0,0,4,12,16,0,0,62,4,66,0,0,66,16,82,363,19,382,464
04/03/2019,JRF,HI,AWP,WE,Federal Contract Tower,0,0,3,7,10,0,0,115,28,143,0,0,118,35,153,363,71,434,587
04/04/2019,JRF,HI,AWP,WE,Federal Contract Tower,0,0,2,8,10,0,0,81,17,98,0,0,83,25,108,474,57,531,639
04/05/2019,JRF,HI,AWP,WE,Federal Contract Tower,0,0,0,6,6,0,0,70,14,84,0,0,70,20,90,419,11,430,520
04/06/2019,JRF,HI,AWP,WE,Federal Contract Tower,0,0,1,6,7,0,0,64,4,68,0,0,65,10,75,321,24,345,420
04/07/2019,JRF,HI,AWP,WE,Federal Contract Tower,0,0,2,3,5,0,0,49,4,53,0,0,51,7,58,125,15,140,198
04/08/2019,JRF,HI,AWP,WE,Federal Contract Tower,0,0,1,6,7,0,0,48,7,55,0,0,49,13,62,232,17,249,311
04/09/2019,JRF,HI,AWP,WE,Federal Contract Tower,0,0,6,8,14,0,0,73,4,77,0,0,79,12,91,339,67,406,497
04/10/2019,JRF,HI,AWP,WE,Federal Contract Tower,0,0,3,5,8,0,0,79,10,89,0,0,82,15,97,161,42,203,300
04/11/2019,JRF,HI,AWP,WE,Federal Contract Tower,0,0,2,7,9,0,0,35,13,48,0,0,37,20,57,260,60,320,377
04/12/2019,JRF,HI,AWP,WE,Federal Contract Tower,0,0,2,3,5,0,0,23,7,30,0,0,25,10,35,264,35,299,334
04/13/2019,JRF,HI,AWP,WE,Federal Contract Tower,0,0,1,2,3,0,0,62,2,64,0,0,63,4,67,216,21,237,304
04/14/2019,JRF,HI,AWP,WE,Federal Contract Tower,0,0,0,0,0,0,0,38,6,44,0,0,38,6,44,207,17,224,268
04/15/2019,JRF,HI,AWP,WE,Federal Contract Tower,0,0,2,5,7,0,0,50,9,59,0,0,52,14,66,242,14,256,322
04/16/2019,JRF,HI,AWP,WE,Federal Contract Tower,0,0,1,15,16,0,0,65,19,84,0,0,66,34,100,442,40,482,582
04/17/2019,JRF,HI,AWP,WE,Federal Contract Tower,0,0,2,4,6,0,0,68,24,92,0,0,70,28,98,287,45,332,430
04/18/2019,JRF,HI,AWP,WE,Federal Contract Tower,0,0,7,6,13,0,0,66,13,79,0,0,73,19,92,268,41,309,401
04/19/2019,JRF,HI,AWP,WE,Federal Contract Tower,0,0,3,2,5,0,0,50,7,57,0,0,53,9,62,343,16,359,421
04/20/2019,JRF,HI,AWP,WE,Federal Contract Tower,0,0,0,0,0,0,0,60,3,63,0,0,60,3,63,231,39,270,333
04/21/2019,JRF,HI,AWP,WE,Federal Contract Tower,0,0,3,3,6,0,0,62,2,64,0,0,65,5,70,240,14,254,324
04/22/2019,JRF,HI,AWP,WE,Federal Contract Tower,0,0,4,4,8,0,0,52,3,55,0,0,56,7,63,245,34,279,342
04/23/2019,JRF,HI,AWP,WE,Federal Contract Tower,0,0,2,10,12,0,0,73,29,102,0,0,75,39,114,331,66,397,511
04/24/2019,JRF,HI,AWP,WE,Federal Contract Tower,0,0,1,7,8,0,0,118,24,142,0,0,119,31,150,283,83,366,516
04/25/2019,JRF,HI,AWP,WE,Federal Contract Tower,0,0,2,1,3,0,0,71,12,83,0,0,73,13,86,473,41,514,600
04/26/2019,JRF,HI,AWP,WE,Federal Contract Tower,0,0,5,3,8,0,0,60,21,81,0,0,65,24,89,281,22,303,392
04/27/2019,JRF,HI,AWP,WE,Federal Contract Tower,0,0,2,1,3,0,0,75,3,78,0,0,77,4,81,368,48,416,497
04/28/2019,JRF,HI,AWP,WE,Federal Contract Tower,0,0,0,3,3,0,0,62,2,64,0,0,62,5,67,158,56,214,281
04/29/2019,JRF,HI,AWP,WE,Federal Contract Tower,0,0,0,5,5,0,0,57,8,65,0,0,57,13,70,210,26,236,306
04/30/2019,JRF,HI,AWP,WE,Federal Contract Tower,0,0,0,7,7,0,0,137,29,166,0,0,137,36,173,305,57,362,535
05/01/2019,JRF,HI,AWP,WE,Federal Contract Tower,0,0,5,7,12,0,0,156,71,227,0,0,161,78,239,438,93,531,770
05/02/2019,JRF,HI,AWP,WE,Federal Contract Tower,0,0,7,3,10,0,0,98,12,110,0,0,105,15,120,354,89,443,563
05/03/2019,JRF,HI,AWP,WE,Federal Contract Tower,0,0,0,3,3,0,0,54,15,69,0,0,54,18,72,254,41,295,367
05/04/2019,JRF,HI,AWP,WE,Federal Contract Tower,0,0,0,0,0,0,0,6,0,6,0,0,6,0,6,112,5,117,123
05/05/2019,JRF,HI,AWP,WE,Federal Contract Tower,0,0,2,4,6,0,0,36,2,38,0,0,38,6,44,237,2,239,283
05/06/2019,JRF,HI,AWP,WE,Federal Contract Tower,0,0,0,2,2,0,0,98,8,106,0,0,98,10,108,229,46,275,383
05/07/2019,JRF,HI,AWP,WE,Federal Contract Tower,0,0,1,7,8,0,0,69,18,87,0,0,70,25,95,307,29,336,431
05/08/2019,JRF,HI,AWP,WE,Federal Contract Tower,0,0,0,7,7,0,0,94,38,132,0,0,94,45,139,331,89,420,559
05/09/2019,JRF,HI,AWP,WE,Federal Contract Tower,0,0,6,6,12,0,0,99,14,113,0,0,105,20,125,401,74,475,600
05/10/2019,JRF,HI,AWP,WE,Federal Contract Tower,0,0,2,2,4,0,0,135,4,139,0,0,137,6,143,425,12,437,580
05/11/2019,JRF,HI,AWP,WE,Federal Contract Tower,0,0,3,4,7,0,0,90,10,100,0,0,93,14,107,433,5,438,545
05/12/2019,JRF,HI,AWP,WE,Federal Contract Tower,0,0,2,0,2,0,0,50,10,60,0,0,52,10,62,260,3,263,325
05/13/2019,JRF,HI,AWP,WE,Federal Contract Tower,0,0,2,0,2,0,0,127,14,141,0,0,129,14,143,428,98,526,669
05/14/2019,JRF,HI,AWP,WE,Federal Contract Tower,0,0,1,8,9,0,0,108,18,126,0,0,109,26,135,460,23,483,618
05/15/2019,JRF,HI,AWP,WE,Federal Contract Tower,0,0,0,7,7,0,0,104,18,122,0,0,104,25,129,450,55,505,634
05/16/2019,JRF,HI,AWP,WE,Federal Contract Tower,0,0,5,9,14,0,0,95,46,141,0,0,100,55,155,539,126,665,820
05/17/2019,JRF,HI,AWP,WE,Federal Contract Tower,0,0,2,4,6,0,0,123,5,128,0,0,125,9,134,369,7,376,510
05/18/2019,JRF,HI,AWP,WE,Federal Contract Tower,0,0,0,0,0,0,0,71,3,74,0,0,71,3,74,315,19,334,408
05/19/2019,JRF,HI,AWP,WE,Federal Contract Tower,0,0,2,3,5,0,0,61,0,61,0,0,63,3,66,265,24,289,355
05/20/2019,JRF,HI,AWP,WE,Federal Contract Tower,0,0,1,7,8,0,0,103,8,111,0,0,104,15,119,388,178,566,685
05/21/2019,JRF,HI,AWP,WE,Federal Contract Tower,0,0,0,3,3,0,0,118,26,144,0,0,118,29,147,309,60,369,516
05/22/2019,JRF,HI,AWP,WE,Federal Contract Tower,0,0,0,4,4,0,0,154,18,172,0,0,154,22,176,374,95,469,645
05/23/2019,JRF,HI,AWP,WE,Federal Contract Tower,0,0,1,3,4,0,0,133,14,147,0,0,134,17,151,422,24,446,597
05/24/2019,JRF,HI,AWP,WE,Federal Contract Tower,0,0,2,1,3,0,0,49,3,52,0,0,51,4,55,280,23,303,358
05/25/2019,JRF,HI,AWP,WE,Federal Contract Tower,0,0,2,0,2,0,0,83,5,88,0,0,85,5,90,244,2,246,336
05/26/2019,JRF,HI,AWP,WE,Federal Contract Tower,0,0,1,1,2,0,0,66,4,70,0,0,67,5,72,283,4,287,359
05/27/2019,JRF,HI,AWP,WE,Federal Contract Tower,0,0,3,0,3,0,0,126,5,131,0,0,129,5,134,321,2,323,457
05/28/2019,JRF,HI,AWP,WE,Federal Contract Tower,0,0,0,3,3,0,0,167,27,194,0,0,167,30,197,478,39,517,714
05/29/2019,JRF,HI,AWP,WE,Federal Contract Tower,0,0,3,4,7,0,0,134,20,154,0,0,137,24,161,346,83,429,590
05/30/2019,JRF,HI,AWP,WE,Federal Contract Tower,0,0,2,5,7,0,0,115,39,154,0,0,117,44,161,476,101,577,738
05/31/2019,JRF,HI,AWP,WE,Federal Contract Tower,0,0,2,1,3,0,0,75,4,79,0,0,77,5,82,488,6,494,576
06/01/2019,JRF,HI,AWP,WE,Federal Contract Tower,0,0,2,5,7,0,0,50,5,55,0,0,52,10,62,249,19,268,330
06/02/2019,JRF,HI,AWP,WE,Federal Contract Tower,0,0,2,3,5,0,0,43,9,52,0,0,45,12,57,356,6,362,419
06/03/2019,JRF,HI,AWP,WE,Federal Contract Tower,0,0,0,4,4,0,0,76,16,92,0,0,76,20,96,349,42,391,487
06/04/2019,JRF,HI,AWP,WE,Federal Contract Tower,0,0,0,5,5,0,0,145,67,212,0,0,145,72,217,476,46,522,739
06/05/2019,JRF,HI,AWP,WE,Federal Contract Tower,0,0,1,10,11,0,0,133,32,165,0,0,134,42,176,393,81,474,650
06/06/2019,JRF,HI,AWP,WE,Federal Contract Tower,0,0,5,0,5,0,0,119,26,145,0,0,124,26,150,549,66,615,765
06/07/2019,JRF,HI,AWP,WE,Federal Contract Tower,0,0,1,2,3,0,0,118,27,145,0,0,119,29,148,396,3,399,547
06/08/2019,JRF,HI,AWP,WE,Federal Contract Tower,0,0,1,1,2,0,0,90,4,94,0,0,91,5,96,314,7,321,417
06/09/2019,JRF,HI,AWP,WE,Federal Contract Tower,0,0,1,6,7,0,0,64,1,65,0,0,65,7,72,235,6,241,313
06/10/2019,JRF,HI,AWP,WE,Federal Contract Tower,0,0,0,6,6,0,0,174,19,193,0,0,174,25,199,349,33,382,581
06/11/2019,JRF,HI,AWP,WE,Federal Contract Tower,0,0,1,4,5,0,0,149,24,173,0,0,150,28,178,294,23,317,495
06/12/2019,JRF,HI,AWP,WE,Federal Contract Tower,0,0,0,5,5,0,0,151,49,200,0,0,151,54,205,384,92,476,681
06/13/2019,JRF,HI,AWP,WE,Federal Contract Tower,0,0,2,3,5,0,0,143,8,151,0,0,145,11,156,540,14,554,710
06/14/2019,JRF,HI,AWP,WE,Federal Contract Tower,0,0,3,8,11,0,0,100,10,110,0,0,103,18,121,442,21,463,584
06/15/2019,JRF,HI,AWP,WE,Federal Contract Tower,0,0,1,2,3,0,0,73,6,79,0,0,74,8,82,287,8,295,377
06/16/2019,JRF,HI,AWP,WE,Federal Contract Tower,0,0,3,3,6,0,0,56,4,60,0,0,59,7,66,233,3,236,302
06/17/2019,JRF,HI,AWP,WE,Federal Contract Tower,0,0,1,5,6,0,0,127,10,137,0,0,128,15,143,432,121,553,696
06/18/2019,JRF,HI,AWP,WE,Federal Contract Tower,0,0,4,1,5,0,0,89,18,107,0,0,93,19,112,323,50,373,485
06/19/2019,JRF,HI,AWP,WE,Federal Contract Tower,0,0,5,5,10,0,0,187,35,222,0,0,192,40,232,598,38,636,868
06/20/2019,JRF,HI,AWP,WE,Federal Contract Tower,0,0,4,2,6,0,0,162,51,213,0,0,166,53,219,451,155,606,825
06/21/2019,JRF,HI,AWP,WE,Federal Contract Tower,0,0,2,6,8,0,0,134,13,147,0,0,136,19,155,339,8,347,502
06/22/2019,JRF,HI,AWP,WE,Federal Contract Tower,0,0,2,2,4,0,0,90,2,92,0,0,92,4,96,370,2,372,468
06/23/2019,JRF,HI,AWP,WE,Federal Contract Tower,0,0,3,2,5,0,0,58,6,64,0,0,61,8,69,265,14,279,348
06/24/2019,JRF,HI,AWP,WE,Federal Contract Tower,0,0,3,3,6,0,0,33,4,37,0,0,36,7,43,99,4,103,146
06/25/2019,JRF,HI,AWP,WE,Federal Contract Tower,0,0,1,2,3,0,0,18,4,22,0,0,19,6,25,16,4,20,45
06/26/2019,JRF,HI,AWP,WE,Federal Contract Tower,0,0,1,11,12,0,0,78,18,96,0,0,79,29,108,92,59,151,259
06/27/2019,JRF,HI,AWP,WE,Federal Contract Tower,0,0,1,4,5,0,0,114,16,130,0,0,115,20,135,144,28,172,307
06/28/2019,JRF,HI,AWP,WE,Federal Contract Tower,0,0,2,4,6,0,0,143,9,152,0,0,145,13,158,416,2,418,576
06/29/2019,JRF,HI,AWP,WE,Federal Contract Tower,0,0,6,1,7,0,0,54,3,57,0,0,60,4,64,212,50,262,326
06/30/2019,JRF,HI,AWP,WE,Federal Contract Tower,0,0,0,2,2,0,0,48,11,59,0,0,48,13,61,239,25,264,325
07/01/2019,JRF,HI,AWP,WE,Federal Contract Tower,0,0,2,3,5,145,11,0,0,156,145,11,2,3,161,306,150,456,617
07/02/2019,JRF,HI,AWP,WE,Federal Contract Tower,0,0,2,3,5,0,0,156,14,170,0,0,158,17,175,438,153,591,766
07/03/2019,JRF,HI,AWP,WE,Federal Contract Tower,0,0,2,3,5,0,0,119,12,131,0,0,121,15,136,420,50,470,606
07/04/2019,JRF,HI,AWP,WE,Federal Contract Tower,0,0,0,2,2,0,0,130,6,136,0,0,130,8,138,507,16,523,661
07/05/2019,JRF,HI,AWP,WE,Federal Contract Tower,0,0,1,1,2,0,0,177,0,177,0,0,178,1,179,534,15,549,728
07/06/2019,JRF,HI,AWP,WE,Federal Contract Tower,0,0,3,2,5,0,0,78,2,80,0,0,81,4,85,357,4,361,446
07/07/2019,JRF,HI,AWP,WE,Federal Contract Tower,0,0,0,0,0,0,0,78,0,78,0,0,78,0,78,293,6,299,377
07/08/2019,JRF,HI,AWP,WE,Federal Contract Tower,0,0,1,4,5,0,0,68,34,102,0,0,69,38,107,253,117,370,477
07/09/2019,JRF,HI,AWP,WE,Federal Contract Tower,0,0,0,2,2,0,0,100,12,112,0,0,100,14,114,400,48,448,562
07/10/2019,JRF,HI,AWP,WE,Federal Contract Tower,0,0,2,5,7,0,0,58,16,74,0,0,60,21,81,520,83,603,684
07/11/2019,JRF,HI,AWP,WE,Federal Contract Tower,0,0,1,6,7,0,0,106,18,124,0,0,107,24,131,452,18,470,601
07/12/2019,JRF,HI,AWP,WE,Federal Contract Tower,0,0,0,3,3,0,0,117,9,126,0,0,117,12,129,356,15,371,500
07/13/2019,JRF,HI,AWP,WE,Federal Contract Tower,0,0,0,0,0,0,0,72,4,76,0,0,72,4,76,302,14,316,392
07/14/2019,JRF,HI,AWP,WE,Federal Contract Tower,0,0,4,4,8,0,0,78,2,80,0,0,82,6,88,190,2,192,280
07/15/2019,JRF,HI,AWP,WE,Federal Contract Tower,0,0,2,5,7,0,0,101,3,104,0,0,103,8,111,301,63,364,475
07/16/2019,JRF,HI,AWP,WE,Federal Contract Tower,0,0,2,6,8,0,0,74,9,83,0,0,76,15,91,303,232,535,626
07/17/2019,JRF,HI,AWP,WE,Federal Contract Tower,0,0,2,6,8,0,0,68,11,79,0,0,70,17,87,372,126,498,585
07/18/2019,JRF,HI,AWP,WE,Federal Contract Tower,0,0,2,4,6,0,0,66,34,100,0,0,68,38,106,437,113,550,656
07/19/2019,JRF,HI,AWP,WE,Federal Contract Tower,0,0,0,2,2,0,0,76,6,82,0,0,76,8,84,412,15,427,511
07/20/2019,JRF,HI,AWP,WE,Federal Contract Tower,0,0,0,1,1,0,0,98,5,103,0,0,98,6,104,295,28,323,427
07/21/2019,JRF,HI,AWP,WE,Federal Contract Tower,0,0,1,0,1,0,0,48,5,53,0,0,49,5,54,128,16,144,198
07/22/2019,JRF,HI,AWP,WE,Federal Contract Tower,0,0,1,6,7,0,0,88,2,90,0,0,89,8,97,363,60,423,520
07/23/2019,JRF,HI,AWP,WE,Federal Contract Tower,0,0,3,5,8,0,0,77,12,89,0,0,80,17,97,323,96,419,516
07/24/2019,JRF,HI,AWP,WE,Federal Contract Tower,0,0,4,4,8,0,0,40,11,51,0,0,44,15,59,343,61,404,463
07/25/2019,JRF,HI,AWP,WE,Federal Contract Tower,0,0,2,6,8,0,0,31,6,37,0,0,33,12,45,292,32,324,369
07/26/2019,JRF,HI,AWP,WE,Federal Contract Tower,0,0,1,7,8,0,0,40,7,47,0,0,41,14,55,329,8,337,392
07/27/2019,JRF,HI,AWP,WE,Federal Contract Tower,0,0,1,1,2,0,0,63,9,72,0,0,64,10,74,281,15,296,370
07/28/2019,JRF,HI,AWP,WE,Federal Contract Tower,0,0,0,5,5,0,0,65,14,79,0,0,65,19,84,295,2,297,381
07/29/2019,JRF,HI,AWP,WE,Federal Contract Tower,0,0,2,6,8,0,0,53,16,69,0,0,55,22,77,292,62,354,431
07/30/2019,JRF,HI,AWP,WE,Federal Contract Tower,0,0,0,5,5,0,0,59,16,75,0,0,59,21,80,368,66,434,514
07/31/2019,JRF,HI,AWP,WE,Federal Contract Tower,0,0,0,3,3,0,0,38,25,63,0,0,38,28,66,361,90,451,517
08/01/2019,JRF,HI,AWP,WE,Federal Contract Tower,0,0,0,5,5,0,0,57,30,87,0,0,57,35,92,301,107,408,500
08/02/2019,JRF,HI,AWP,WE,Federal Contract Tower,0,0,1,4,5,0,0,36,6,42,0,0,37,10,47,215,8,223,270
08/03/2019,JRF,HI,AWP,WE,Federal Contract Tower,0,0,0,1,1,0,0,66,3,69,0,0,66,4,70,340,6,346,416
08/04/2019,JRF,HI,AWP,WE,Federal Contract Tower,0,0,0,4,4,0,0,96,3,99,0,0,96,7,103,317,2,319,422
08/05/2019,JRF,HI,AWP,WE,Federal Contract Tower,0,0,0,4,4,0,0,67,7,74,0,0,67,11,78,332,5,337,415
08/06/2019,JRF,HI,AWP,WE,Federal Contract Tower,0,0,0,9,9,0,0,66,10,76,0,0,66,19,85,439,19,458,543
08/07/2019,JRF,HI,AWP,WE,Federal Contract Tower,0,0,0,3,3,0,0,85,21,106,0,0,85,24,109,470,61,531,640
08/08/2019,JRF,HI,AWP,WE,Federal Contract Tower,0,0,1,6,7,0,0,96,23,119,0,0,97,29,126,545,48,593,719
08/09/2019,JRF,HI,AWP,WE,Federal Contract Tower,0,0,1,3,4,0,0,51,24,75,0,0,52,27,79,273,49,322,401
08/10/2019,JRF,HI,AWP,WE,Federal Contract Tower,0,0,5,2,7,0,0,69,13,82,0,0,74,15,89,298,13,311,400
08/11/2019,JRF,HI,AWP,WE,Federal Contract Tower,0,0,2,5,7,0,0,75,0,75,0,0,77,5,82,372,8,380,462
08/12/2019,JRF,HI,AWP,WE,Federal Contract Tower,0,0,0,3,3,0,0,36,3,39,0,0,36,6,42,292,37,329,371
08/13/2019,JRF,HI,AWP,WE,Federal Contract Tower,0,0,0,2,2,0,0,53,23,76,0,0,53,25,78,345,102,447,525
08/14/2019,JRF,HI,AWP,WE,Federal Contract Tower,0,0,0,2,2,0,0,108,37,145,0,0,108,39,147,478,27,505,652
08/15/2019,JRF,HI,AWP,WE,Federal Contract Tower,0,0,2,8,10,0,0,85,35,120,0,0,87,43,130,442,41,483,613
08/16/2019,JRF,HI,AWP,WE,Federal Contract Tower,0,0,5,2,7,0,0,109,12,121,0,0,114,14,128,543,1,544,672
08/17/2019,JRF,HI,AWP,WE,Federal Contract Tower,0,0,0,7,7,0,0,51,2,53,0,0,51,9,60,341,3,344,404
08/18/2019,JRF,HI,AWP,WE,Federal Contract Tower,0,0,2,5,7,0,0,49,4,53,0,0,51,9,60,354,1,355,415
08/19/2019,JRF,HI,AWP,WE,Federal Contract Tower,0,0,1,2,3,0,0,58,16,74,0,0,59,18,77,373,82,455,532
08/20/2019,JRF,HI,AWP,WE,Federal Contract Tower,0,0,3,5,8,0,0,53,26,79,0,0,56,31,87,331,107,438,525
08/21/2019,JRF,HI,AWP,WE,Federal Contract Tower,0,0,1,3,4,0,0,102,27,129,0,0,103,30,133,600,102,702,835
08/22/2019,JRF,HI,AWP,WE,Federal Contract Tower,0,0,2,3,5,0,0,75,39,114,0,0,77,42,119,522,45,567,686
08/23/2019,JRF,HI,AWP,WE,Federal Contract Tower,0,0,2,1,3,0,0,59,1,60,0,0,61,2,63,320,9,329,392
08/24/2019,JRF,HI,AWP,WE,Federal Contract Tower,0,0,0,2,2,0,0,75,2,77,0,0,75,4,79,342,12,354,433
08/25/2019,JRF,HI,AWP,WE,Federal Contract Tower,0,0,0,3,3,0,0,44,3,47,0,0,44,6,50,270,4,274,324
08/26/2019,JRF,HI,AWP,WE,Federal Contract Tower,0,0,1,1,2,0,0,41,19,60,0,0,42,20,62,192,42,234,296
08/27/2019,JRF,HI,AWP,WE,Federal Contract Tower,0,0,1,4,5,0,0,80,19,99,0,0,81,23,104,407,8,415,519
08/28/2019,JRF,HI,AWP,WE,Federal Contract Tower,0,0,0,3,3,0,0,64,27,91,0,0,64,30,94,296,40,336,430
08/29/2019,JRF,HI,AWP,WE,Federal Contract Tower,0,0,3,5,8,0,0,72,11,83,0,0,75,16,91,487,32,519,610
08/30/2019,JRF,HI,AWP,WE,Federal Contract Tower,0,0,2,1,3,0,0,124,0,124,0,0,126,1,127,516,1,517,644
08/31/2019,JRF,HI,AWP,WE,Federal Contract Tower,0,0,2,3,5,0,0,53,0,53,0,0,55,3,58,281,1,282,340
09/01/2019,JRF,HI,AWP,WE,Federal Contract Tower,0,0,2,0,2,0,0,38,0,38,0,0,40,0,40,325,28,353,393
09/02/2019,JRF,HI,AWP,WE,Federal Contract Tower,0,0,2,1,3,0,0,62,3,65,0,0,64,4,68,382,14,396,464
09/03/2019,JRF,HI,AWP,WE,Federal Contract Tower,0,0,3,7,10,0,0,82,12,94,0,0,85,19,104,390,60,450,554
09/04/2019,JRF,HI,AWP,WE,Federal Contract Tower,0,0,3,8,11,0,0,81,8,89,0,0,84,16,100,436,98,534,634
09/05/2019,JRF,HI,AWP,WE,Federal Contract Tower,0,0,3,6,9,0,0,59,20,79,0,0,62,26,88,446,73,519,607
09/06/2019,JRF,HI,AWP,WE,Federal Contract Tower,0,0,0,4,4,0,0,85,12,97,0,0,85,16,101,361,6,367,468
09/07/2019,JRF,HI,AWP,WE,Federal Contract Tower,0,0,0,2,2,0,0,51,3,54,0,0,51,5,56,220,26,246,302
09/08/2019,JRF,HI,AWP,WE,Federal Contract Tower,0,0,1,3,4,0,0,48,3,51,0,0,49,6,55,177,1,178,233
09/09/2019,JRF,HI,AWP,WE,Federal Contract Tower,0,0,2,5,7,0,0,32,11,43,0,0,34,16,50,230,82,312,362
09/10/2019,JRF,HI,AWP,WE,Federal Contract Tower,0,0,1,7,8,0,0,52,17,69,0,0,53,24,77,364,202,566,643
09/11/2019,JRF,HI,AWP,WE,Federal Contract Tower,0,0,3,0,3,0,0,60,9,69,0,0,63,9,72,301,9,310,382
09/12/2019,JRF,HI,AWP,WE,Federal Contract Tower,0,0,3,2,5,0,0,54,24,78,0,0,57,26,83,567,24,591,674
09/13/2019,JRF,HI,AWP,WE,Federal Contract Tower,0,0,0,0,0,0,0,41,5,46,0,0,41,5,46,297,31,328,374
09/14/2019,JRF,HI,AWP,WE,Federal Contract Tower,0,0,0,2,2,0,0,44,1,45,0,0,44,3,47,237,1,238,285
09/15/2019,JRF,HI,AWP,WE,Federal Contract Tower,0,0,1,5,6,0,0,31,2,33,0,0,32,7,39,238,1,239,278
09/16/2019,JRF,HI,AWP,WE,Federal Contract Tower,0,0,2,2,4,0,0,48,8,56,0,0,50,10,60,199,1,200,260
09/17/2019,JRF,HI,AWP,WE,Federal Contract Tower,0,0,5,4,9,0,0,34,18,52,0,0,39,22,61,348,77,425,486
09/18/2019,JRF,HI,AWP,WE,Federal Contract Tower,0,0,2,7,9,0,0,66,25,91,0,0,68,32,100,583,129,712,812
09/19/2019,JRF,HI,AWP,WE,Federal Contract Tower,0,0,1,8,9,0,0,39,24,63,0,0,40,32,72,436,107,543,615
09/20/2019,JRF,HI,AWP,WE,Federal Contract Tower,0,0,3,9,12,0,0,61,10,71,0,0,64,19,83,414,9,423,506
09/21/2019,JRF,HI,AWP,WE,Federal Contract Tower,0,0,1,2,3,0,0,60,0,60,0,0,61,2,63,298,1,299,362
09/22/2019,JRF,HI,AWP,WE,Federal Contract Tower,0,0,0,1,1,0,0,50,1,51,0,0,50,2,52,167,17,184,236
09/23/2019,JRF,HI,AWP,WE,Federal Contract Tower,0,0,0,2,2,0,0,6,0,6,0,0,6,2,8,14,10,24,32
09/24/2019,JRF,HI,AWP,WE,Federal Contract Tower,0,0,4,2,6,0,0,66,5,71,0,0,70,7,77,327,15,342,419
09/25/2019,JRF,HI,AWP,WE,Federal Contract Tower,0,0,4,0,4,0,0,22,4,26,0,0,26,4,30,61,75,136,166
09/26/2019,JRF,HI,AWP,WE,Federal Contract Tower,0,0,4,2,6,0,0,45,22,67,0,0,49,24,73,473,39,512,585
09/27/2019,JRF,HI,AWP,WE,Federal Contract Tower,0,0,6,1,7,0,0,71,13,84,0,0,77,14,91,353,21,374,465
09/28/2019,JRF,HI,AWP,WE,Federal Contract Tower,0,0,1,1,2,0,0,80,1,81,0,0,81,2,83,283,0,283,366
09/29/2019,JRF,HI,AWP,WE,Federal Contract Tower,0,0,0,0,0,0,0,12,1,13,0,0,12,1,13,240,0,240,253
09/30/2019,JRF,HI,AWP,WE,Federal Contract Tower,0,0,0,3,3,0,0,51,6,57,0,0,51,9,60,160,124,284,344
10/01/2019,JRF,HI,AWP,WE,Federal Contract Tower,0,0,1,5,6,0,0,74,35,109,0,0,75,40,115,435,163,598,713
10/02/2019,JRF,HI,AWP,WE,Federal Contract Tower,0,0,2,5,7,0,0,58,26,84,0,0,60,31,91,444,71,515,606
10/03/2019,JRF,HI,AWP,WE,Federal Contract Tower,0,0,3,2,5,0,0,32,18,50,0,0,35,20,55,183,66,249,304
10/04/2019,JRF,HI,AWP,WE,Federal Contract Tower,0,0,5,1,6,0,0,75,28,103,0,0,80,29,109,351,44,395,504
10/05/2019,JRF,HI,AWP,WE,Federal Contract Tower,0,0,0,2,2,0,0,53,13,66,0,0,53,15,68,320,17,337,405
10/06/2019,JRF,HI,AWP,WE,Federal Contract Tower,0,0,0,3,3,0,0,41,4,45,0,0,41,7,48,199,0,199,247
10/07/2019,JRF,HI,AWP,WE,Federal Contract Tower,0,0,2,2,4,0,0,16,8,24,0,0,18,10,28,180,21,201,229
10/08/2019,JRF,HI,AWP,WE,Federal Contract Tower,0,0,3,3,6,0,0,40,11,51,0,0,43,14,57,314,56,370,427
10/09/2019,JRF,HI,AWP,WE,Federal Contract Tower,0,0,4,2,6,0,0,46,13,59,0,0,50,15,65,416,81,497,562
10/10/2019,JRF,HI,AWP,WE,Federal Contract Tower,0,0,4,3,7,0,0,38,8,46,0,0,42,11,53,262,39,301,354
10/11/2019,JRF,HI,AWP,WE,Federal Contract Tower,0,0,0,2,2,0,0,18,3,21,0,0,18,5,23,339,9,348,371
10/12/2019,JRF,HI,AWP,WE,Federal Contract Tower,0,0,1,2,3,0,0,41,1,42,0,0,42,3,45,242,8,250,295
10/13/2019,JRF,HI,AWP,WE,Federal Contract Tower,0,0,0,3,3,0,0,27,1,28,0,0,27,4,31,207,6,213,244
10/14/2019,JRF,HI,AWP,WE,Federal Contract Tower,0,0,2,3,5,0,0,32,2,34,0,0,34,5,39,277,57,334,373
10/15/2019,JRF,HI,AWP,WE,Federal Contract Tower,0,0,2,7,9,0,0,55,9,64,0,0,57,16,73,406,65,471,544
10/16/2019,JRF,HI,AWP,WE,Federal Contract Tower,0,0,2,2,4,0,0,14,19,33,0,0,16,21,37,238,80,318,355
10/17/2019,JRF,HI,AWP,WE,Federal Contract Tower,0,0,1,8,9,0,0,50,11,61,0,0,51,19,70,430,89,519,589
10/18/2019,JRF,HI,AWP,WE,Federal Contract Tower,0,0,1,1,2,0,0,21,2,23,0,0,22,3,25,235,10,245,270
10/19/2019,JRF,HI,AWP,WE,Federal Contract Tower,0,0,1,4,5,0,0,31,0,31,0,0,32,4,36,207,19,226,262
10/20/2019,JRF,HI,AWP,WE,Federal Contract Tower,0,0,2,6,8,0,0,27,3,30,0,0,29,9,38,202,4,206,244
10/21/2019,JRF,HI,AWP,WE,Federal Contract Tower,0,0,4,2,6,0,0,37,4,41,0,0,41,6,47,283,30,313,360
10/22/2019,JRF,HI,AWP,WE,Federal Contract Tower,0,0,1,2,3,0,0,40,16,56,0,0,41,18,59,309,86,395,454
10/23/2019,JRF,HI,AWP,WE,Federal Contract Tower,0,0,2,5,7,0,0,28,25,53,0,0,30,30,60,254,60,314,374
10/24/2019,JRF,HI,AWP,WE,Federal Contract Tower,0,0,2,4,6,0,0,24,13,37,0,0,26,17,43,455,66,521,564
10/25/2019,JRF,HI,AWP,WE,Federal Contract Tower,0,0,2,5,7,0,0,15,0,15,0,0,17,5,22,223,9,232,254
10/26/2019,JRF,HI,AWP,WE,Federal Contract Tower,0,0,6,1,7,0,0,24,5,29,0,0,30,6,36,350,9,359,395
10/27/2019,JRF,HI,AWP,WE,Federal Contract Tower,0,0,2,3,5,0,0,24,1,25,0,0,26,4,30,176,3,179,209
10/28/2019,JRF,HI,AWP,WE,Federal Contract Tower,0,0,4,4,8,0,0,49,5,54,0,0,53,9,62,330,31,361,423
10/29/2019,JRF,HI,AWP,WE,Federal Contract Tower,0,0,2,4,6,0,0,40,10,50,0,0,42,14,56,322,30,352,408
10/30/2019,JRF,HI,AWP,WE,Federal Contract Tower,0,0,1,3,4,0,0,22,3,25,0,0,23,6,29,286,43,329,358
10/31/2019,JRF,HI,AWP,WE,Federal Contract Tower,0,0,3,3,6,0,0,46,2,48,0,0,49,5,54,405,11,416,470
11/01/2019,JRF,HI,AWP,WE,Federal Contract Tower,0,0,3,1,4,0,0,30,0,30,0,0,33,1,34,314,4,318,352
11/02/2019,JRF,HI,AWP,WE,Federal Contract Tower,0,0,1,5,6,0,0,25,8,33,0,0,26,13,39,256,66,322,361
11/03/2019,JRF,HI,AWP,WE,Federal Contract Tower,0,0,1,3,4,0,0,28,4,32,0,0,29,7,36,300,54,354,390
11/04/2019,JRF,HI,AWP,WE,Federal Contract Tower,0,0,2,2,4,0,0,39,12,51,0,0,41,14,55,237,19,256,311
11/05/2019,JRF,HI,AWP,WE,Federal Contract Tower,0,0,0,4,4,0,0,21,14,35,0,0,21,18,39,332,71,403,442
11/06/2019,JRF,HI,AWP,WE,Federal Contract Tower,0,0,5,4,9,0,0,28,13,41,0,0,33,17,50,315,35,350,400
11/07/2019,JRF,HI,AWP,WE,Federal Contract Tower,0,0,2,1,3,0,0,19,13,32,0,0,21,14,35,327,26,353,388
11/08/2019,JRF,HI,AWP,WE,Federal Contract Tower,0,0,0,4,4,0,1,19,2,22,0,1,19,6,26,235,60,295,321
11/09/2019,JRF,HI,AWP,WE,Federal Contract Tower,0,0,3,4,7,0,0,20,0,20,0,0,23,4,27,244,61,305,332
11/10/2019,JRF,HI,AWP,WE,Federal Contract Tower,0,0,2,0,2,0,0,50,1,51,0,0,52,1,53,243,6,249,302
11/11/2019,JRF,HI,AWP,WE,Federal Contract Tower,0,0,4,1,5,0,0,43,3,46,0,0,47,4,51,220,0,220,271
11/12/2019,JRF,HI,AWP,WE,Federal Contract Tower,0,0,5,3,8,0,0,33,18,51,0,0,38,21,59,373,33,406,465
11/13/2019,JRF,HI,AWP,WE,Federal Contract Tower,0,0,2,12,14,0,0,39,9,48,0,0,41,21,62,328,46,374,436
11/14/2019,JRF,HI,AWP,WE,Federal Contract Tower,0,0,2,5,7,0,0,67,27,94,0,0,69,32,101,428,35,463,564
11/15/2019,JRF,HI,AWP,WE,Federal Contract Tower,0,0,7,8,15,0,0,35,6,41,0,0,42,14,56,362,54,416,472
11/16/2019,JRF,HI,AWP,WE,Federal Contract Tower,0,0,0,4,4,0,0,38,8,46,0,0,38,12,50,222,1,223,273
11/17/2019,JRF,HI,AWP,WE,Federal Contract Tower,0,0,0,3,3,0,0,34,7,41,0,0,34,10,44,176,15,191,235
11/18/2019,JRF,HI,AWP,WE,Federal Contract Tower,0,0,1,1,2,0,0,52,13,65,0,0,53,14,67,339,46,385,452
11/19/2019,JRF,HI,AWP,WE,Federal Contract Tower,0,0,1,6,7,0,0,23,18,41,0,0,24,24,48,230,20,250,298
11/20/2019,JRF,HI,AWP,WE,Federal Contract Tower,0,0,4,16,20,0,0,42,19,61,0,0,46,35,81,389,40,429,510
11/21/2019,JRF,HI,AWP,WE,Federal Contract Tower,0,0,3,16,19,0,0,54,35,89,0,0,57,51,108,436,70,506,614
11/22/2019,JRF,HI,AWP,WE,Federal Contract Tower,0,0,3,5,8,0,0,10,13,23,0,0,13,18,31,308,13,321,352
11/23/2019,JRF,HI,AWP,WE,Federal Contract Tower,0,0,1,4,5,0,0,38,2,40,0,0,39,6,45,179,9,188,233
11/24/2019,JRF,HI,AWP,WE,Federal Contract Tower,0,0,1,4,5,0,0,43,1,44,0,0,44,5,49,182,4,186,235
11/25/2019,JRF,HI,AWP,WE,Federal Contract Tower,0,0,4,2,6,0,0,65,14,79,0,0,69,16,85,359,6,365,450
11/26/2019,JRF,HI,AWP,WE,Federal Contract Tower,0,0,4,4,8,0,0,90,27,117,0,0,94,31,125,468,56,524,649
11/27/2019,JRF,HI,AWP,WE,Federal Contract Tower,0,0,3,4,7,0,0,98,5,103,0,0,101,9,110,468,36,504,614
11/28/2019,JRF,HI,AWP,WE,Federal Contract Tower,0,0,1,0,1,0,0,56,0,56,0,0,57,0,57,191,0,191,248
11/29/2019,JRF,HI,AWP,WE,Federal Contract Tower,0,0,2,1,3,0,0,90,2,92,0,0,92,3,95,496,1,497,592
11/30/2019,JRF,HI,AWP,WE,Federal Contract Tower,0,0,4,1,5,0,0,56,0,56,0,0,60,1,61,355,22,377,438
12/01/2019,JRF,HI,AWP,WE,Federal Contract Tower,0,0,2,2,4,0,0,27,2,29,0,0,29,4,33,192,7,199,232
12/02/2019,JRF,HI,AWP,WE,Federal Contract Tower,0,0,3,1,4,0,0,34,33,67,0,0,37,34,71,302,20,322,393
12/03/2019,JRF,HI,AWP,WE,Federal Contract Tower,0,0,5,7,12,0,0,44,14,58,0,0,49,21,70,299,117,416,486
12/04/2019,JRF,HI,AWP,WE,Federal Contract Tower,0,0,4,2,6,0,0,79,23,102,0,0,83,25,108,475,56,531,639
12/05/2019,JRF,HI,AWP,WE,Federal Contract Tower,0,0,4,7,11,0,0,128,16,144,0,0,132,23,155,634,59,693,848
12/06/2019,JRF,HI,AWP,WE,Federal Contract Tower,0,0,3,5,8,0,0,68,14,82,0,0,71,19,90,368,6,374,464
12/07/2019,JRF,HI,AWP,WE,Federal Contract Tower,0,0,0,6,6,0,0,52,3,55,0,0,52,9,61,242,2,244,305
12/08/2019,JRF,HI,AWP,WE,Federal Contract Tower,0,0,0,3,3,0,0,66,3,69,0,0,66,6,72,240,1,241,313
12/09/2019,JRF,HI,AWP,WE,Federal Contract Tower,0,0,3,2,5,0,0,67,18,85,0,0,70,20,90,411,96,507,597
12/10/2019,JRF,HI,AWP,WE,Federal Contract Tower,0,0,0,7,7,0,0,62,29,91,0,0,62,36,98,478,74,552,650
12/11/2019,JRF,HI,AWP,WE,Federal Contract Tower,0,0,2,7,9,0,0,54,22,76,0,0,56,29,85,424,24,448,533
12/12/2019,JRF,HI,AWP,WE,Federal Contract Tower,0,0,4,4,8,0,0,76,40,116,0,0,80,44,124,437,69,506,630
12/13/2019,JRF,HI,AWP,WE,Federal Contract Tower,0,0,2,4,6,0,0,62,3,65,0,0,64,7,71,466,19,485,556
12/14/2019,JRF,HI,AWP,WE,Federal Contract Tower,0,0,5,4,9,0,0,55,4,59,0,0,60,8,68,373,3,376,444
12/15/2019,JRF,HI,AWP,WE,Federal Contract Tower,0,0,0,3,3,0,0,62,2,64,0,0,62,5,67,251,23,274,341
12/16/2019,JRF,HI,AWP,WE,Federal Contract Tower,0,0,0,1,1,0,0,52,14,66,0,0,52,15,67,158,30,188,255
12/17/2019,JRF,HI,AWP,WE,Federal Contract Tower,0,0,2,1,3,0,0,29,15,44,0,0,31,16,47,178,160,338,385
12/18/2019,JRF,HI,AWP,WE,Federal Contract Tower,0,0,3,4,7,0,0,38,7,45,0,0,41,11,52,318,21,339,391
12/19/2019,JRF,HI,AWP,WE,Federal Contract Tower,0,0,3,5,8,0,0,64,12,76,0,0,67,17,84,511,80,591,675
12/20/2019,JRF,HI,AWP,WE,Federal Contract Tower,0,0,1,2,3,0,0,47,7,54,0,0,48,9,57,440,96,536,593
12/21/2019,JRF,HI,AWP,WE,Federal Contract Tower,0,0,1,2,3,0,0,25,0,25,0,0,26,2,28,71,1,72,100
12/22/2019,JRF,HI,AWP,WE,Federal Contract Tower,0,0,3,1,4,0,0,26,2,28,0,0,29,3,32,129,1,130,162
12/23/2019,JRF,HI,AWP,WE,Federal Contract Tower,0,0,0,4,4,0,0,50,9,59,0,0,50,13,63,178,20,198,261
12/24/2019,JRF,HI,AWP,WE,Federal Contract Tower,0,0,0,3,3,0,0,43,5,48,0,0,43,8,51,255,2,257,308
12/25/2019,JRF,HI,AWP,WE,Federal Contract Tower,0,0,1,2,3,0,0,0,0,0,0,0,1,2,3,0,6,6,9
12/26/2019,JRF,HI,AWP,WE,Federal Contract Tower,0,0,1,4,5,0,0,66,10,76,0,0,67,14,81,334,59,393,474
12/27/2019,JRF,HI,AWP,WE,Federal Contract Tower,0,0,0,2,2,0,0,80,7,87,0,0,80,9,89,391,8,399,488
12/28/2019,JRF,HI,AWP,WE,Federal Contract Tower,0,0,3,2,5,0,0,78,2,80,0,0,81,4,85,356,2,358,443
12/29/2019,JRF,HI,AWP,WE,Federal Contract Tower,0,0,1,4,5,0,0,35,2,37,0,0,36,6,42,393,0,393,435
12/30/2019,JRF,HI,AWP,WE,Federal Contract Tower,0,0,3,0,3,0,0,28,6,34,0,0,31,6,37,236,17,253,290
12/31/2019,JRF,HI,AWP,WE,Federal Contract Tower,0,0,2,1,3,0,0,26,0,26,0,0,28,1,29,159,9,168,197
01/01/2020,JRF,HI,AWP,WE,Federal Contract Tower,0,0,2,1,3,0,0,39,1,40,0,0,41,2,43,221,1,222,265
01/02/2020,JRF,HI,AWP,WE,Federal Contract Tower,0,1,3,3,7,0,0,58,5,63,0,1,61,8,70,229,35,264,334
01/03/2020,JRF,HI,AWP,WE,Federal Contract Tower,0,0,9,2,11,0,0,68,8,76,0,0,77,10,87,249,17,266,353
01/04/2020,JRF,HI,AWP,WE,Federal Contract Tower,0,0,1,6,7,0,0,44,1,45,0,0,45,7,52,175,9,184,236
01/05/2020,JRF,HI,AWP,WE,Federal Contract Tower,0,0,0,2,2,0,0,23,0,23,0,0,23,2,25,213,4,217,242
01/06/2020,JRF,HI,AWP,WE,Federal Contract Tower,0,0,2,6,8,0,0,27,19,46,0,0,29,25,54,100,24,124,178
01/07/2020,JRF,HI,AWP,WE,Federal Contract Tower,0,0,1,5,6,0,0,19,30,49,0,0,20,35,55,149,18,167,222
01/08/2020,JRF,HI,AWP,WE,Federal Contract Tower,0,0,0,1,1,0,0,23,39,62,0,0,23,40,63,100,90,190,253
01/09/2020,JRF,HI,AWP,WE,Federal Contract Tower,0,0,1,8,9,0,0,17,8,25,0,0,18,16,34,95,57,152,186
01/10/2020,JRF,HI,AWP,WE,Federal Contract Tower,0,0,2,3,5,0,0,28,10,38,0,0,30,13,43,143,29,172,215
01/11/2020,JRF,HI,AWP,WE,Federal Contract Tower,0,0,1,6,7,0,0,28,6,34,0,0,29,12,41,133,53,186,227
01/12/2020,JRF,HI,AWP,WE,Federal Contract Tower,0,0,0,2,2,0,0,7,2,9,0,0,7,4,11,20,0,20,31
01/13/2020,JRF,HI,AWP,WE,Federal Contract Tower,0,0,1,5,6,0,0,32,21,53,0,0,33,26,59,152,50,202,261
01/14/2020,JRF,HI,AWP,WE,Federal Contract Tower,0,0,4,11,15,0,0,38,27,65,0,0,42,38,80,316,70,386,466
01/15/2020,JRF,HI,AWP,WE,Federal Contract Tower,0,0,1,15,16,0,0,32,51,83,0,0,33,66,99,377,88,465,564
01/16/2020,JRF,HI,AWP,WE,Federal Contract Tower,0,1,8,5,14,0,0,63,14,77,0,1,71,19,91,467,43,510,601
01/17/2020,JRF,HI,AWP,WE,Federal Contract Tower,0,0,6,5,11,0,0,51,9,60,0,0,57,14,71,277,37,314,385
01/18/2020,JRF,HI,AWP,WE,Federal Contract Tower,0,0,1,4,5,0,0,39,2,41,0,0,40,6,46,396,21,417,463
01/19/2020,JRF,HI,AWP,WE,Federal Contract Tower,0,0,1,4,5,0,0,69,3,72,0,0,70,7,77,408,11,419,496
01/20/2020,JRF,HI,AWP,WE,Federal Contract Tower,0,0,5,1,6,0,0,52,2,54,0,0,57,3,60,453,3,456,516
01/21/2020,JRF,HI,AWP,WE,Federal Contract Tower,0,0,2,2,4,0,0,38,6,44,0,0,40,8,48,249,22,271,319
01/22/2020,JRF,HI,AWP,WE,Federal Contract Tower,0,0,8,7,15,0,0,67,18,85,0,0,75,25,100,351,83,434,534
01/23/2020,JRF,HI,AWP,WE,Federal Contract Tower,0,0,4,5,9,0,0,58,15,73,0,0,62,20,82,564,87,651,733
01/24/2020,JRF,HI,AWP,WE,Federal Contract Tower,0,0,4,5,9,0,0,73,3,76,0,0,77,8,85,543,28,571,656
01/25/2020,JRF,HI,AWP,WE,Federal Contract Tower,0,0,2,3,5,0,0,54,3,57,0,0,56,6,62,366,10,376,438
01/26/2020,JRF,HI,AWP,WE,Federal Contract Tower,0,0,1,6,7,0,0,30,4,34,0,0,31,10,41,191,6,197,238
01/27/2020,JRF,HI,AWP,WE,Federal Contract Tower,0,0,1,6,7,0,0,46,12,58,0,0,47,18,65,345,16,361,426
01/28/2020,JRF,HI,AWP,WE,Federal Contract Tower,0,0,1,7,8,0,0,40,36,76,0,0,41,43,84,366,155,521,605
01/29/2020,JRF,HI,AWP,WE,Federal Contract Tower,0,0,5,11,16,0,0,46,37,83,0,0,51,48,99,367,243,610,709
01/30/2020,JRF,HI,AWP,WE,Federal Contract Tower,0,2,4,9,15,0,0,69,54,123,0,2,73,63,138,540,117,657,795
01/31/2020,JRF,HI,AWP,WE,Federal Contract Tower,0,0,6,6,12,0,0,32,12,44,0,0,38,18,56,351,55,406,462
02/01/2020,JRF,HI,AWP,WE,Federal Contract Tower,0,0,4,2,6,0,0,65,3,68,0,0,69,5,74,343,8,351,425
02/02/2020,JRF,HI,AWP,WE,Federal Contract Tower,0,0,2,2,4,0,0,20,4,24,0,0,22,6,28,240,0,240,268
02/03/2020,JRF,HI,AWP,WE,Federal Contract Tower,0,0,2,5,7,0,0,42,20,62,0,0,44,25,69,294,40,334,403
02/04/2020,JRF,HI,AWP,WE,Federal Contract Tower,0,0,4,4,8,0,0,24,24,48,0,0,28,28,56,216,143,359,415
02/05/2020,JRF,HI,AWP,WE,Federal Contract Tower,0,0,5,10,15,0,0,50,1,51,0,0,55,11,66,377,18,395,461
02/06/2020,JRF,HI,AWP,WE,Federal Contract Tower,0,0,0,4,4,0,0,26,6,32,0,0,26,10,36,238,17,255,291
02/07/2020,JRF,HI,AWP,WE,Federal Contract Tower,0,0,7,2,9,0,0,37,5,42,0,0,44,7,51,389,32,421,472
02/08/2020,JRF,HI,AWP,WE,Federal Contract Tower,0,0,2,2,4,0,0,73,19,92,0,0,75,21,96,352,41,393,489
02/09/2020,JRF,HI,AWP,WE,Federal Contract Tower,0,0,3,5,8,0,0,66,2,68,0,0,69,7,76,387,81,468,544
02/10/2020,JRF,HI,AWP,WE,Federal Contract Tower,0,0,0,5,5,0,0,17,1,18,0,0,17,6,23,67,10,77,100
02/11/2020,JRF,HI,AWP,WE,Federal Contract Tower,0,0,0,6,6,0,0,34,9,43,0,0,34,15,49,245,41,286,335
02/12/2020,JRF,HI,AWP,WE,Federal Contract Tower,0,0,7,4,11,0,0,32,23,55,0,0,39,27,66,370,71,441,507
02/13/2020,JRF,HI,AWP,WE,Federal Contract Tower,0,0,4,5,9,0,0,87,13,100,0,0,91,18,109,401,16,417,526
02/14/2020,JRF,HI,AWP,WE,Federal Contract Tower,0,0,3,7,10,0,0,39,2,41,0,0,42,9,51,236,5,241,292
02/15/2020,JRF,HI,AWP,WE,Federal Contract Tower,0,0,4,2,6,0,0,65,1,66,0,0,69,3,72,425,3,428,500
02/16/2020,JRF,HI,AWP,WE,Federal Contract Tower,0,0,6,4,10,0,0,40,2,42,0,0,46,6,52,202,18,220,272
02/17/2020,JRF,HI,AWP,WE,Federal Contract Tower,0,0,3,0,3,0,0,62,5,67,0,0,65,5,70,387,28,415,485
02/18/2020,JRF,HI,AWP,WE,Federal Contract Tower,0,0,0,6,6,0,0,26,9,35,0,0,26,15,41,265,22,287,328
02/19/2020,JRF,HI,AWP,WE,Federal Contract Tower,0,0,3,4,7,0,0,14,13,27,0,0,17,17,34,131,101,232,266
02/20/2020,JRF,HI,AWP,WE,Federal Contract Tower,0,0,4,2,6,0,0,39,47,86,0,0,43,49,92,335,156,491,583
02/21/2020,JRF,HI,AWP,WE,Federal Contract Tower,0,0,5,5,10,0,0,41,6,47,0,0,46,11,57,352,48,400,457
02/22/2020,JRF,HI,AWP,WE,Federal Contract Tower,0,0,4,3,7,0,0,81,4,85,0,0,85,7,92,464,9,473,565
02/23/2020,JRF,HI,AWP,WE,Federal Contract Tower,0,0,1,6,7,0,0,66,1,67,0,0,67,7,74,344,13,357,431
02/24/2020,JRF,HI,AWP,WE,Federal Contract Tower,0,0,3,7,10,0,0,35,31,66,0,0,38,38,76,255,25,280,356
02/25/2020,JRF,HI,AWP,WE,Federal Contract Tower,0,0,2,5,7,0,0,41,33,74,0,0,43,38,81,476,197,673,754
02/26/2020,JRF,HI,AWP,WE,Federal Contract Tower,0,0,0,3,3,0,0,19,19,38,0,0,19,22,41,316,60,376,417
02/27/2020,JRF,HI,AWP,WE,Federal Contract Tower,0,0,1,6,7,0,0,90,27,117,0,0,91,33,124,609,69,678,802
02/28/2020,JRF,HI,AWP,WE,Federal Contract Tower,0,1,1,1,3,0,0,19,1,20,0,1,20,2,23,385,16,401,424
02/29/2020,JRF,HI,AWP,WE,Federal Contract Tower,0,0,1,3,4,0,0,34,0,34,0,0,35,3,38,174,0,174,212
03/01/2020,JRF,HI,AWP,WE,Federal Contract Tower,0,0,0,1,1,0,0,16,0,16,0,0,16,1,17,133,9,142,159
03/02/2020,JRF,HI,AWP,WE,Federal Contract Tower,0,0,2,2,4,0,0,16,10,26,0,0,18,12,30,350,26,376,406
03/03/2020,JRF,HI,AWP,WE,Federal Contract Tower,0,0,0,8,8,0,0,55,29,84,0,0,55,37,92,662,116,778,870
03/04/2020,JRF,HI,AWP,WE,Federal Contract Tower,0,0,8,6,14,0,0,41,16,57,0,0,49,22,71,588,75,663,734
03/05/2020,JRF,HI,AWP,WE,Federal Contract Tower,0,2,2,1,5,0,0,91,12,103,0,2,93,13,108,512,36,548,656
03/06/2020,JRF,HI,AWP,WE,Federal Contract Tower,0,0,1,2,3,0,0,40,9,49,0,0,41,11,52,186,31,217,269
03/07/2020,JRF,HI,AWP,WE,Federal Contract Tower,0,0,1,1,2,0,0,29,10,39,0,0,30,11,41,294,8,302,343
03/08/2020,JRF,HI,AWP,WE,Federal Contract Tower,0,0,1,1,2,0,0,50,13,63,0,0,51,14,65,384,41,425,490
03/09/2020,JRF,HI,AWP,WE,Federal Contract Tower,0,0,1,8,9,0,0,42,27,69,0,0,43,35,78,285,62,347,425
03/10/2020,JRF,HI,AWP,WE,Federal Contract Tower,0,0,1,8,9,0,0,46,14,60,0,0,47,22,69,419,102,521,590
03/11/2020,JRF,HI,AWP,WE,Federal Contract Tower,0,0,1,12,13,0,0,25,11,36,0,0,26,23,49,393,76,469,518
03/12/2020,JRF,HI,AWP,WE,Federal Contract Tower,0,0,2,5,7,0,0,34,28,62,0,0,36,33,69,359,153,512,581
03/13/2020,JRF,HI,AWP,WE,Federal Contract Tower,0,0,4,5,9,0,0,42,8,50,0,0,46,13,59,543,67,610,669
03/14/2020,JRF,HI,AWP,WE,Federal Contract Tower,0,0,4,4,8,0,0,70,1,71,0,0,74,5,79,459,3,462,541
03/15/2020,JRF,HI,AWP,WE,Federal Contract Tower,0,0,2,2,4,0,0,63,2,65,0,0,65,4,69,367,15,382,451
03/16/2020,JRF,HI,AWP,WE,Federal Contract Tower,0,0,0,5,5,0,0,4,2,6,0,0,4,7,11,8,5,13,24
03/17/2020,JRF,HI,AWP,WE,Federal Contract Tower,0,0,1,0,1,0,0,2,2,4,0,0,3,2,5,2,14,16,21
03/18/2020,JRF,HI,AWP,WE,Federal Contract Tower,0,0,2,2,4,0,0,88,15,103,0,0,90,17,107,524,19,543,650
03/19/2020,JRF,HI,AWP,WE,Federal Contract Tower,0,0,1,5,6,0,0,43,6,49,0,0,44,11,55,308,18,326,381
03/20/2020,JRF,HI,AWP,WE,Federal Contract Tower,0,0,0,2,2,0,0,69,4,73,0,0,69,6,75,513,3,516,591
03/21/2020,JRF,HI,AWP,WE,Federal Contract Tower,0,0,3,1,4,0,0,55,3,58,0,0,58,4,62,447,1,448,510
03/22/2020,JRF,HI,AWP,WE,Federal Contract Tower,0,0,1,5,6,0,0,48,5,53,0,0,49,10,59,329,9,338,397
03/23/2020,JRF,HI,AWP,WE,Federal Contract Tower,0,0,1,5,6,0,0,30,11,41,0,0,31,16,47,234,30,264,311
03/24/2020,JRF,HI,AWP,WE,Federal Contract Tower,0,0,0,4,4,0,0,4,17,21,0,0,4,21,25,131,126,257,282
03/25/2020,JRF,HI,AWP,WE,Federal Contract Tower,0,0,2,5,7,0,0,4,39,43,0,0,6,44,50,79,128,207,257
03/26/2020,JRF,HI,AWP,WE,Federal Contract Tower,0,0,0,3,3,0,0,6,27,33,0,0,6,30,36,86,75,161,197
03/27/2020,JRF,HI,AWP,WE,Federal Contract Tower,0,0,4,4,8,0,0,38,16,54,0,0,42,20,62,213,85,298,360
03/28/2020,JRF,HI,AWP,WE,Federal Contract Tower,0,0,1,0,1,0,0,38,5,43,0,0,39,5,44,249,7,256,300
03/29/2020,JRF,HI,AWP,WE,Federal Contract Tower,0,0,1,3,4,0,0,36,0,36,0,0,37,3,40,262,5,267,307
03/30/2020,JRF,HI,AWP,WE,Federal Contract Tower,0,0,1,1,2,0,0,47,10,57,0,0,48,11,59,249,66,315,374
03/31/2020,JRF,HI,AWP,WE,Federal Contract Tower,0,0,0,2,2,0,0,66,6,72,0,0,66,8,74,427,73,500,574
04/01/2020,JRF,HI,AWP,WE,Federal Contract Tower,0,0,0,4,4,0,0,30,14,44,0,0,30,18,48,339,45,384,432
04/02/2020,JRF,HI,AWP,WE,Federal Contract Tower,0,0,2,2,4,0,0,56,15,71,0,0,58,17,75,355,92,447,522
04/03/2020,JRF,HI,AWP,WE,Federal Contract Tower,0,0,2,2,4,0,0,40,8,48,0,0,42,10,52,242,55,297,349
04/04/2020,JRF,HI,AWP,WE,Federal Contract Tower,0,0,0,1,1,0,0,31,3,34,0,0,31,4,35,235,11,246,281
04/05/2020,JRF,HI,AWP,WE,Federal Contract Tower,0,0,2,3,5,0,0,18,0,18,0,0,20,3,23,228,14,242,265
04/06/2020,JRF,HI,AWP,WE,Federal Contract Tower,0,0,6,2,8,0,0,30,6,36,0,0,36,8,44,168,31,199,243
04/07/2020,JRF,HI,AWP,WE,Federal Contract Tower,0,0,0,1,1,0,0,37,21,58,0,0,37,22,59,365,46,411,470
04/08/2020,JRF,HI,AWP,WE,Federal Contract Tower,0,0,4,2,6,0,0,28,22,50,0,0,32,24,56,385,32,417,473
04/09/2020,JRF,HI,AWP,WE,Federal Contract Tower,0,0,1,1,2,0,0,59,18,77,0,0,60,19,79,441,39,480,559
04/10/2020,JRF,HI,AWP,WE,Federal Contract Tower,0,0,3,1,4,0,0,62,6,68,0,0,65,7,72,386,38,424,496
04/11/2020,JRF,HI,AWP,WE,Federal Contract Tower,0,0,0,1,1,0,0,52,3,55,0,0,52,4,56,254,2,256,312
04/12/2020,JRF,HI,AWP,WE,Federal Contract Tower,0,0,4,2,6,0,0,21,4,25,0,0,25,6,31,135,4,139,170
04/13/2020,JRF,HI,AWP,WE,Federal Contract Tower,0,0,2,0,2,0,0,28,9,37,0,0,30,9,39,256,10,266,305
04/14/2020,JRF,HI,AWP,WE,Federal Contract Tower,0,0,1,6,7,0,0,51,7,58,0,0,52,13,65,414,95,509,574
04/15/2020,JRF,HI,AWP,WE,Federal Contract Tower,0,0,2,1,3,0,0,22,17,39,0,0,24,18,42,323,115,438,480
04/16/2020,JRF,HI,AWP,WE,Federal Contract Tower,0,0,2,0,2,0,0,41,15,56,0,0,43,15,58,386,32,418,476
04/17/2020,JRF,HI,AWP,WE,Federal Contract Tower,0,0,4,8,12,0,1,36,2,39,0,1,40,10,51,498,26,524,575
04/18/2020,JRF,HI,AWP,WE,Federal Contract Tower,0,0,3,3,6,0,0,58,0,58,0,0,61,3,64,256,3,259,323
04/19/2020,JRF,HI,AWP,WE,Federal Contract Tower,0,0,0,0,0,0,0,16,1,17,0,0,16,1,17,180,18,198,215
04/20/2020,JRF,HI,AWP,WE,Federal Contract Tower,0,0,0,2,2,0,0,27,13,40,0,0,27,15,42,245,21,266,308
04/21/2020,JRF,HI,AWP,WE,Federal Contract Tower,0,0,0,1,1,0,0,36,10,46,0,0,36,11,47,392,78,470,517
04/22/2020,JRF,HI,AWP,WE,Federal Contract Tower,0,0,1,4,5,0,0,54,24,78,0,0,55,28,83,504,48,552,635
04/23/2020,JRF,HI,AWP,WE,Federal Contract Tower,0,0,0,1,1,0,0,44,32,76,0,0,44,33,77,466,42,508,585
04/24/2020,JRF,HI,AWP,WE,Federal Contract Tower,0,0,1,6,7,0,0,50,17,67,0,0,51,23,74,301,16,317,391
04/25/2020,JRF,HI,AWP,WE,Federal Contract Tower,0,0,2,2,4,0,0,32,5,37,0,0,34,7,41,255,5,260,301
04/26/2020,JRF,HI,AWP,WE,Federal Contract Tower,0,0,1,1,2,0,0,25,0,25,0,0,26,1,27,243,16,259,286
04/27/2020,JRF,HI,AWP,WE,Federal Contract Tower,0,0,1,3,4,0,0,37,0,37,0,0,38,3,41,168,58,226,267
04/28/2020,JRF,HI,AWP,WE,Federal Contract Tower,0,0,2,10,12,0,0,40,13,53,0,0,42,23,65,316,45,361,426
04/29/2020,JRF,HI,AWP,WE,Federal Contract Tower,0,0,0,7,7,0,0,49,20,69,0,0,49,27,76,343,66,409,485
04/30/2020,JRF,HI,AWP,WE,Federal Contract Tower,0,0,2,3,5,0,0,21,36,57,0,0,23,39,62,243,72,315,377
05/01/2020,JRF,HI,AWP,WE,Federal Contract Tower,0,0,1,2,3,0,0,10,4,14,0,0,11,6,17,247,39,286,303
05/02/2020,JRF,HI,AWP,WE,Federal Contract Tower,0,0,0,0,0,0,0,51,2,53,0,0,51,2,53,360,0,360,413
05/03/2020,JRF,HI,AWP,WE,Federal Contract Tower,0,0,0,0,0,0,0,28,0,28,0,0,28,0,28,268,20,288,316
05/04/2020,JRF,HI,AWP,WE,Federal Contract Tower,0,0,1,1,2,0,0,39,9,48,0,0,40,10,50,324,36,360,410
05/05/2020,JRF,HI,AWP,WE,Federal Contract Tower,0,0,2,2,4,0,0,22,9,31,0,0,24,11,35,352,55,407,442
05/06/2020,JRF,HI,AWP,WE,Federal Contract Tower,0,0,3,1,4,0,0,98,30,128,0,0,101,31,132,518,58,576,708
05/07/2020,JRF,HI,AWP,WE,Federal Contract Tower,0,0,2,2,4,0,0,53,37,90,0,0,55,39,94,501,92,593,687
05/08/2020,JRF,HI,AWP,WE,Federal Contract Tower,0,0,3,1,4,0,0,22,15,37,0,0,25,16,41,476,15,491,532
05/09/2020,JRF,HI,AWP,WE,Federal Contract Tower,0,0,2,0,2,0,0,53,3,56,0,0,55,3,58,298,11,309,367
05/10/2020,JRF,HI,AWP,WE,Federal Contract Tower,0,0,1,0,1,0,0,21,0,21,0,0,22,0,22,221,5,226,248
05/11/2020,JRF,HI,AWP,WE,Federal Contract Tower,0,0,2,0,2,0,0,36,20,56,0,0,38,20,58,404,18,422,480
05/12/2020,JRF,HI,AWP,WE,Federal Contract Tower,0,0,1,8,9,0,0,38,46,84,0,0,39,54,93,404,63,467,560
05/13/2020,JRF,HI,AWP,WE,Federal Contract Tower,0,0,2,4,6,0,0,24,20,44,0,0,26,24,50,508,82,590,640
05/14/2020,JRF,HI,AWP,WE,Federal Contract Tower,0,0,2,2,4,0,0,53,25,78,0,0,55,27,82,507,99,606,688
05/15/2020,JRF,HI,AWP,WE,Federal Contract Tower,0,0,4,6,10,0,0,75,1,76,0,0,79,7,86,586,28,614,700
05/16/2020,JRF,HI,AWP,WE,Federal Contract Tower,0,0,0,1,1,0,0,54,3,57,0,0,54,4,58,396,7,403,461
05/17/2020,JRF,HI,AWP,WE,Federal Contract Tower,0,0,6,2,8,0,0,0,24,24,0,0,6,26,32,299,2,301,333
05/18/2020,JRF,HI,AWP,WE,Federal Contract Tower,0,0,3,3,6,0,0,16,5,21,0,0,19,8,27,348,12,360,387
05/19/2020,JRF,HI,AWP,WE,Federal Contract Tower,0,0,3,2,5,0,0,47,20,67,0,0,50,22,72,598,112,710,782
05/20/2020,JRF,HI,AWP,WE,Federal Contract Tower,0,0,3,4,7,0,0,29,26,55,0,0,32,30,62,495,74,569,631
05/21/2020,JRF,HI,AWP,WE,Federal Contract Tower,0,0,1,2,3,0,0,68,17,85,0,0,69,19,88,423,34,457,545
05/22/2020,JRF,HI,AWP,WE,Federal Contract Tower,0,0,2,4,6,0,0,69,8,77,0,0,71,12,83,415,40,455,538
05/23/2020,JRF,HI,AWP,WE,Federal Contract Tower,0,0,1,1,2,0,0,50,1,51,0,0,51,2,53,364,1,365,418
05/24/2020,JRF,HI,AWP,WE,Federal Contract Tower,0,0,0,0,0,0,0,34,7,41,0,0,34,7,41,284,56,340,381
05/25/2020,JRF,HI,AWP,WE,Federal Contract Tower,0,0,2,1,3,0,0,52,1,53,0,0,54,2,56,553,8,561,617
05/26/2020,JRF,HI,AWP,WE,Federal Contract Tower,0,0,0,7,7,0,0,66,26,92,0,0,66,33,99,712,36,748,847
05/27/2020,JRF,HI,AWP,WE,Federal Contract Tower,0,0,6,3,9,0,0,20,27,47,0,0,26,30,56,452,50,502,558
05/28/2020,JRF,HI,AWP,WE,Federal Contract Tower,0,0,4,7,11,0,0,47,40,87,0,0,51,47,98,521,101,622,720
05/29/2020,JRF,HI,AWP,WE,Federal Contract Tower,0,0,5,3,8,0,0,55,3,58,0,0,60,6,66,499,32,531,597
05/30/2020,JRF,HI,AWP,WE,Federal Contract Tower,0,0,0,1,1,0,0,45,1,46,0,0,45,2,47,352,21,373,420
05/31/2020,JRF,HI,AWP,WE,Federal Contract Tower,0,0,0,2,2,0,0,32,1,33,0,0,32,3,35,293,0,293,328
06/01/2020,JRF,HI,AWP,WE,Federal Contract Tower,0,0,0,2,2,0,0,40,28,68,0,0,40,30,70,413,36,449,519
06/02/2020,JRF,HI,AWP,WE,Federal Contract Tower,0,0,4,1,5,0,0,35,20,55,0,0,39,21,60,410,99,509,569
06/03/2020,JRF,HI,AWP,WE,Federal Contract Tower,0,0,3,4,7,0,0,39,32,71,0,0,42,36,78,586,45,631,709
06/04/2020,JRF,HI,AWP,WE,Federal Contract Tower,0,0,6,5,11,0,0,26,41,67,0,0,32,46,78,531,191,722,800
06/05/2020,JRF,HI,AWP,WE,Federal Contract Tower,0,0,2,4,6,0,0,16,0,16,0,0,18,4,22,307,33,340,362
06/06/2020,JRF,HI,AWP,WE,Federal Contract Tower,0,0,3,3,6,0,0,55,3,58,0,0,58,6,64,356,3,359,423
06/07/2020,JRF,HI,AWP,WE,Federal Contract Tower,0,0,0,0,0,0,0,38,2,40,0,0,38,2,40,265,9,274,314
06/08/2020,JRF,HI,AWP,WE,Federal Contract Tower,0,0,2,0,2,0,0,52,4,56,0,0,54,4,58,496,10,506,564
06/09/2020,JRF,HI,AWP,WE,Federal Contract Tower,0,0,2,7,9,0,0,45,24,69,0,0,47,31,78,465,59,524,602
06/10/2020,JRF,HI,AWP,WE,Federal Contract Tower,0,0,5,2,7,0,0,37,55,92,0,0,42,57,99,484,53,537,636
06/11/2020,JRF,HI,AWP,WE,Federal Contract Tower,0,0,4,5,9,0,0,33,28,61,0,0,37,33,70,314,44,358,428
06/12/2020,JRF,HI,AWP,WE,Federal Contract Tower,0,0,3,1,4,0,0,14,4,18,0,0,17,5,22,409,24,433,455
06/13/2020,JRF,HI,AWP,WE,Federal Contract Tower,0,0,3,2,5,0,0,45,0,45,0,0,48,2,50,295,3,298,348
06/14/2020,JRF,HI,AWP,WE,Federal Contract Tower,0,0,4,5,9,0,0,28,1,29,0,0,32,6,38,254,1,255,293
06/15/2020,JRF,HI,AWP,WE,Federal Contract Tower,0,0,2,1,3,0,0,29,2,31,0,0,31,3,34,375,4,379,413
06/16/2020,JRF,HI,AWP,WE,Federal Contract Tower,0,0,2,4,6,0,0,33,3,36,0,0,35,7,42,369,115,484,526
06/17/2020,JRF,HI,AWP,WE,Federal Contract Tower,0,0,6,3,9,0,0,46,23,69,0,0,52,26,78,520,145,665,743
06/18/2020,JRF,HI,AWP,WE,Federal Contract Tower,0,0,1,2,3,0,0,40,43,83,0,0,41,45,86,428,106,534,620
06/19/2020,JRF,HI,AWP,WE,Federal Contract Tower,0,0,1,3,4,0,0,73,33,106,0,0,74,36,110,705,33,738,848
06/20/2020,JRF,HI,AWP,WE,Federal Contract Tower,0,0,1,1,2,0,0,85,7,92,0,0,86,8,94,616,3,619,713
06/21/2020,JRF,HI,AWP,WE,Federal Contract Tower,0,0,0,0,0,0,0,30,0,30,0,0,30,0,30,137,0,137,167
06/22/2020,JRF,HI,AWP,WE,Federal Contract Tower,0,0,0,4,4,0,0,44,21,65,0,0,44,25,69,448,50,498,567
06/23/2020,JRF,HI,AWP,WE,Federal Contract Tower,0,0,0,4,4,0,0,37,14,51,0,0,37,18,55,426,42,468,523
06/24/2020,JRF,HI,AWP,WE,Federal Contract Tower,0,0,0,3,3,0,0,41,36,77,0,0,41,39,80,674,79,753,833
06/25/2020,JRF,HI,AWP,WE,Federal Contract Tower,0,0,5,4,9,0,0,48,33,81,0,0,53,37,90,582,70,652,742
06/26/2020,JRF,HI,AWP,WE,Federal Contract Tower,0,0,0,2,2,0,0,25,6,31,0,0,25,8,33,694,42,736,769
06/27/2020,JRF,HI,AWP,WE,Federal Contract Tower,0,0,0,0,0,0,0,35,0,35,0,0,35,0,35,298,0,298,333
06/28/2020,JRF,HI,AWP,WE,Federal Contract Tower,0,0,1,1,2,0,0,37,5,42,0,0,38,6,44,252,9,261,305
06/29/2020,JRF,HI,AWP,WE,Federal Contract Tower,0,0,3,0,3,0,0,42,18,60,0,0,45,18,63,306,16,322,385
06/30/2020,JRF,HI,AWP,WE,Federal Contract Tower,0,0,1,3,4,0,0,52,31,83,0,0,53,34,87,501,45,546,633
07/01/2020,JRF,HI,AWP,WE,Federal Contract Tower,0,0,1,0,1,0,0,65,20,85,0,0,66,20,86,598,59,657,743
07/02/2020,JRF,HI,AWP,WE,Federal Contract Tower,0,2,5,5,12,0,0,76,1,77,0,2,81,6,89,569,99,668,757
07/03/2020,JRF,HI,AWP,WE,Federal Contract Tower,0,0,0,0,0,0,0,83,0,83,0,0,83,0,83,612,3,615,698
07/04/2020,JRF,HI,AWP,WE,Federal Contract Tower,0,0,3,2,5,0,0,33,0,33,0,0,36,2,38,165,5,170,208
07/05/2020,JRF,HI,AWP,WE,Federal Contract Tower,0,0,0,2,2,0,0,0,39,39,0,0,0,41,41,244,17,261,302
07/06/2020,JRF,HI,AWP,WE,Federal Contract Tower,0,0,0,1,1,0,0,51,7,58,0,0,51,8,59,496,14,510,569
07/07/2020,JRF,HI,AWP,WE,Federal Contract Tower,0,0,1,2,3,0,0,38,12,50,0,0,39,14,53,536,14,550,603
07/08/2020,JRF,HI,AWP,WE,Federal Contract Tower,0,0,3,2,5,0,0,23,26,49,0,0,26,28,54,490,97,587,641
07/09/2020,JRF,HI,AWP,WE,Federal Contract Tower,0,0,0,6,6,0,0,42,18,60,0,0,42,24,66,523,48,571,637
07/10/2020,JRF,HI,AWP,WE,Federal Contract Tower,0,0,1,1,2,0,0,63,13,76,0,0,64,14,78,510,30,540,618
07/11/2020,JRF,HI,AWP,WE,Federal Contract Tower,0,0,3,2,5,0,0,75,2,77,0,0,78,4,82,362,13,375,457
07/12/2020,JRF,HI,AWP,WE,Federal Contract Tower,0,0,2,2,4,0,0,53,13,66,0,0,55,15,70,282,25,307,377
07/13/2020,JRF,HI,AWP,WE,Federal Contract Tower,0,0,1,5,6,0,0,30,1,31,0,0,31,6,37,432,48,480,517
07/14/2020,JRF,HI,AWP,WE,Federal Contract Tower,0,0,4,1,5,0,0,37,25,62,0,0,41,26,67,491,44,535,602
07/15/2020,JRF,HI,AWP,WE,Federal Contract Tower,0,0,0,3,3,0,0,34,14,48,0,0,34,17,51,559,131,690,741
07/16/2020,JRF,HI,AWP,WE,Federal Contract Tower,0,0,7,2,9,0,0,43,12,55,0,0,50,14,64,523,85,608,672
07/17/2020,JRF,HI,AWP,WE,Federal Contract Tower,0,0,1,1,2,0,0,56,1,57,0,0,57,2,59,443,27,470,529
07/18/2020,JRF,HI,AWP,WE,Federal Contract Tower,0,0,2,2,4,0,0,38,2,40,0,0,40,4,44,346,21,367,411
07/19/2020,JRF,HI,AWP,WE,Federal Contract Tower,0,0,1,1,2,0,0,25,1,26,0,0,26,2,28,201,10,211,239
07/20/2020,JRF,HI,AWP,WE,Federal Contract Tower,0,0,1,0,1,0,0,45,4,49,0,0,46,4,50,276,62,338,388
07/21/2020,JRF,HI,AWP,WE,Federal Contract Tower,0,0,2,3,5,0,0,46,20,66,0,0,48,23,71,503,67,570,641
07/22/2020,JRF,HI,AWP,WE,Federal Contract Tower,0,0,2,2,4,0,0,37,33,70,0,0,39,35,74,681,65,746,820
07/23/2020,JRF,HI,AWP,WE,Federal Contract Tower,0,0,2,7,9,0,0,41,17,58,0,0,43,24,67,563,21,584,651
07/24/2020,JRF,HI,AWP,WE,Federal Contract Tower,0,0,2,7,9,0,0,29,2,31,0,0,31,9,40,566,2,568,608
07/25/2020,JRF,HI,AWP,WE,Federal Contract Tower,0,0,0,2,2,0,0,37,2,39,0,0,37,4,41,341,4,345,386
07/26/2020,JRF,HI,AWP,WE,Federal Contract Tower,0,0,0,5,5,0,0,3,1,4,0,0,3,6,9,0,0,0,9
07/27/2020,JRF,HI,AWP,WE,Federal Contract Tower,0,0,0,2,2,0,0,34,9,43,0,0,34,11,45,227,6,233,278
07/28/2020,JRF,HI,AWP,WE,Federal Contract Tower,0,0,0,4,4,0,0,42,10,52,0,0,42,14,56,453,24,477,533
07/29/2020,JRF,HI,AWP,WE,Federal Contract Tower,0,0,0,3,3,0,0,55,21,76,0,0,55,24,79,585,117,702,781
07/30/2020,JRF,HI,AWP,WE,Federal Contract Tower,0,0,0,4,4,0,0,37,4,41,0,0,37,8,45,626,48,674,719
07/31/2020,JRF,HI,AWP,WE,Federal Contract Tower,0,0,0,2,2,0,0,12,8,20,0,0,12,10,22,404,13,417,439
08/01/2020,JRF,HI,AWP,WE,Federal Contract Tower,0,0,4,6,10,0,0,49,3,52,0,0,53,9,62,247,18,265,327
08/02/2020,JRF,HI,AWP,WE,Federal Contract Tower,0,0,1,4,5,0,0,34,10,44,0,0,35,14,49,298,21,319,368
08/03/2020,JRF,HI,AWP,WE,Federal Contract Tower,0,0,4,0,4,0,0,36,7,43,0,0,40,7,47,464,19,483,530
08/05/2020,JRF,HI,AWP,WE,Federal Contract Tower,0,0,0,5,5,0,0,14,13,27,0,0,14,18,32,448,78,526,558
08/06/2020,JRF,HI,AWP,WE,Federal Contract Tower,0,0,0,8,8,0,0,43,19,62,0,0,43,27,70,604,78,682,752
08/07/2020,JRF,HI,AWP,WE,Federal Contract Tower,0,0,0,1,1,0,0,27,14,41,0,0,27,15,42,412,1,413,455
08/08/2020,JRF,HI,AWP,WE,Federal Contract Tower,0,0,0,2,2,0,0,44,6,50,0,0,44,8,52,332,5,337,389
08/09/2020,JRF,HI,AWP,WE,Federal Contract Tower,0,0,3,0,3,0,0,35,8,43,0,0,38,8,46,302,3,305,351
08/10/2020,JRF,HI,AWP,WE,Federal Contract Tower,0,0,4,4,8,0,0,60,24,84,0,0,64,28,92,391,47,438,530
08/11/2020,JRF,HI,AWP,WE,Federal Contract Tower,0,0,5,1,6,0,0,32,12,44,0,0,37,13,50,390,92,482,532
08/12/2020,JRF,HI,AWP,WE,Federal Contract Tower,0,0,4,4,8,0,0,84,6,90,0,0,88,10,98,655,69,724,822
08/13/2020,JRF,HI,AWP,WE,Federal Contract Tower,0,0,7,7,14,0,0,75,14,89,0,0,82,21,103,737,14,751,854
08/14/2020,JRF,HI,AWP,WE,Federal Contract Tower,0,0,2,3,5,0,0,75,14,89,0,0,77,17,94,502,24,526,620
08/15/2020,JRF,HI,AWP,WE,Federal Contract Tower,0,0,2,0,2,0,0,62,3,65,0,0,64,3,67,476,14,490,557
08/16/2020,JRF,HI,AWP,WE,Federal Contract Tower,0,0,0,1,1,0,0,51,0,51,0,0,51,1,52,496,4,500,552
08/17/2020,JRF,HI,AWP,WE,Federal Contract Tower,0,0,3,1,4,0,0,30,6,36,0,0,33,7,40,406,24,430,470
08/18/2020,JRF,HI,AWP,WE,Federal Contract Tower,0,0,3,3,6,0,0,39,12,51,0,0,42,15,57,424,69,493,550
08/19/2020,JRF,HI,AWP,WE,Federal Contract Tower,0,0,6,3,9,0,0,37,16,53,0,0,43,19,62,603,58,661,723
08/20/2020,JRF,HI,AWP,WE,Federal Contract Tower,0,0,4,3,7,0,0,48,8,56,0,0,52,11,63,472,53,525,588
08/21/2020,JRF,HI,AWP,WE,Federal Contract Tower,0,0,3,0,3,0,0,22,1,23,0,0,25,1,26,421,12,433,459
08/22/2020,JRF,HI,AWP,WE,Federal Contract Tower,0,0,3,3,6,0,0,45,0,45,0,0,48,3,51,325,6,331,382
08/23/2020,JRF,HI,AWP,WE,Federal Contract Tower,0,0,0,2,2,0,0,48,0,48,0,0,48,2,50,286,4,290,340
08/24/2020,JRF,HI,AWP,WE,Federal Contract Tower,0,0,6,5,11,0,0,34,16,50,0,0,40,21,61,311,63,374,435
08/25/2020,JRF,HI,AWP,WE,Federal Contract Tower,0,0,1,4,5,0,0,42,8,50,0,0,43,12,55,350,18,368,423
08/26/2020,JRF,HI,AWP,WE,Federal Contract Tower,0,0,2,5,7,0,0,42,20,62,0,0,44,25,69,563,72,635,704
08/27/2020,JRF,HI,AWP,WE,Federal Contract Tower,0,0,4,3,7,0,0,68,13,81,0,0,72,16,88,445,89,534,622
08/28/2020,JRF,HI,AWP,WE,Federal Contract Tower,0,0,5,5,10,0,0,51,19,70,0,0,56,24,80,496,7,503,583
08/29/2020,JRF,HI,AWP,WE,Federal Contract Tower,0,0,0,2,2,0,0,59,1,60,0,0,59,3,62,272,26,298,360
08/30/2020,JRF,HI,AWP,WE,Federal Contract Tower,0,0,3,2,5,0,0,28,1,29,0,0,31,3,34,191,18,209,243
08/31/2020,JRF,HI,AWP,WE,Federal Contract Tower,0,0,3,11,14,0,0,33,7,40,0,0,36,18,54,447,52,499,553
09/01/2020,JRF,HI,AWP,WE,Federal Contract Tower,0,0,6,9,15,0,0,27,16,43,0,0,33,25,58,346,35,381,439
09/02/2020,JRF,HI,AWP,WE,Federal Contract Tower,0,0,4,4,8,0,0,31,45,76,0,0,35,49,84,413,59,472,556
09/03/2020,JRF,HI,AWP,WE,Federal Contract Tower,0,0,2,6,8,0,1,55,17,73,0,1,57,23,81,476,14,490,571
09/04/2020,JRF,HI,AWP,WE,Federal Contract Tower,0,0,3,3,6,0,0,63,8,71,0,0,66,11,77,437,28,465,542
09/05/2020,JRF,HI,AWP,WE,Federal Contract Tower,0,0,2,1,3,0,0,44,0,44,0,0,46,1,47,386,5,391,438
09/06/2020,JRF,HI,AWP,WE,Federal Contract Tower,0,0,3,0,3,0,0,37,7,44,0,0,40,7,47,399,12,411,458
09/07/2020,JRF,HI,AWP,WE,Federal Contract Tower,0,0,2,0,2,0,0,66,3,69,0,0,68,3,71,315,12,327,398
09/08/2020,JRF,HI,AWP,WE,Federal Contract Tower,0,0,7,6,13,0,0,78,15,93,0,0,85,21,106,532,75,607,713
09/09/2020,JRF,HI,AWP,WE,Federal Contract Tower,0,0,5,6,11,0,0,59,15,74,0,0,64,21,85,669,56,725,810
09/10/2020,JRF,HI,AWP,WE,Federal Contract Tower,0,0,8,5,13,0,0,56,18,74,0,0,64,23,87,437,9,446,533
09/11/2020,JRF,HI,AWP,WE,Federal Contract Tower,0,0,10,2,12,0,0,63,12,75,0,0,73,14,87,511,1,512,599
09/12/2020,JRF,HI,AWP,WE,Federal Contract Tower,0,0,0,1,1,0,0,47,4,51,0,0,47,5,52,393,0,393,445
09/13/2020,JRF,HI,AWP,WE,Federal Contract Tower,0,0,0,3,3,0,0,47,0,47,0,0,47,3,50,458,13,471,521
09/14/2020,JRF,HI,AWP,WE,Federal Contract Tower,0,0,1,2,3,0,0,38,8,46,0,0,39,10,49,412,32,444,493
09/15/2020,JRF,HI,AWP,WE,Federal Contract Tower,0,0,2,8,10,0,0,40,11,51,0,0,42,19,61,329,52,381,442
09/16/2020,JRF,HI,AWP,WE,Federal Contract Tower,0,0,5,11,16,0,0,43,24,67,0,0,48,35,83,335,50,385,468
09/17/2020,JRF,HI,AWP,WE,Federal Contract Tower,0,0,15,5,20,0,0,51,17,68,0,0,66,22,88,393,32,425,513
09/18/2020,JRF,HI,AWP,WE,Federal Contract Tower,0,0,4,6,10,0,0,60,14,74,0,0,64,20,84,427,0,427,511
09/19/2020,JRF,HI,AWP,WE,Federal Contract Tower,0,0,5,0,5,0,0,48,17,65,0,0,53,17,70,405,24,429,499
09/20/2020,JRF,HI,AWP,WE,Federal Contract Tower,0,0,5,2,7,0,0,35,0,35,0,0,40,2,42,317,8,325,367
09/21/2020,JRF,HI,AWP,WE,Federal Contract Tower,0,0,4,1,5,0,0,46,6,52,0,0,50,7,57,371,50,421,478
09/22/2020,JRF,HI,AWP,WE,Federal Contract Tower,0,0,5,4,9,0,0,50,15,65,0,0,55,19,74,496,51,547,621
09/23/2020,JRF,HI,AWP,WE,Federal Contract Tower,0,0,7,10,17,0,0,79,15,94,0,0,86,25,111,520,95,615,726
09/24/2020,JRF,HI,AWP,WE,Federal Contract Tower,0,0,2,8,10,0,0,25,17,42,0,0,27,25,52,341,73,414,466
09/25/2020,JRF,HI,AWP,WE,Federal Contract Tower,0,0,2,4,6,0,0,48,9,57,0,0,50,13,63,494,35,529,592
09/26/2020,JRF,HI,AWP,WE,Federal Contract Tower,0,0,2,1,3,0,0,62,4,66,0,0,64,5,69,527,9,536,605
09/27/2020,JRF,HI,AWP,WE,Federal Contract Tower,0,0,0,2,2,0,0,34,2,36,0,0,34,4,38,313,29,342,380
09/28/2020,JRF,HI,AWP,WE,Federal Contract Tower,0,0,5,10,15,0,0,43,15,58,0,0,48,25,73,416,45,461,534
09/29/2020,JRF,HI,AWP,WE,Federal Contract Tower,0,0,3,9,12,0,0,63,17,80,0,0,66,26,92,444,42,486,578
09/30/2020,JRF,HI,AWP,WE,Federal Contract Tower,0,0,10,6,16,0,0,81,15,96,0,0,91,21,112,579,73,652,764
10/01/2020,JRF,HI,AWP,WE,Federal Contract Tower,0,0,1,4,5,0,0,95,10,105,0,0,96,14,110,647,86,733,843
10/02/2020,JRF,HI,AWP,WE,Federal Contract Tower,0,0,2,1,3,0,2,41,4,47,0,2,43,5,50,348,3,351,401
10/03/2020,JRF,HI,AWP,WE,Federal Contract Tower,0,0,6,4,10,0,0,94,9,103,0,0,100,13,113,595,15,610,723
10/04/2020,JRF,HI,AWP,WE,Federal Contract Tower,0,0,2,3,5,0,0,37,0,37,0,0,39,3,42,405,5,410,452
10/05/2020,JRF,HI,AWP,WE,Federal Contract Tower,0,0,4,4,8,0,0,58,14,72,0,0,62,18,80,404,40,444,524
10/06/2020,JRF,HI,AWP,WE,Federal Contract Tower,0,0,4,3,7,0,0,53,22,75,0,0,57,25,82,317,116,433,515
10/07/2020,JRF,HI,AWP,WE,Federal Contract Tower,0,0,8,7,15,0,0,45,16,61,0,0,53,23,76,414,62,476,552
10/08/2020,JRF,HI,AWP,WE,Federal Contract Tower,0,0,4,5,9,0,0,36,13,49,0,0,40,18,58,397,45,442,500
10/09/2020,JRF,HI,AWP,WE,Federal Contract Tower,0,0,13,3,16,0,0,85,2,87,0,0,98,5,103,555,46,601,704
10/10/2020,JRF,HI,AWP,WE,Federal Contract Tower,0,0,4,4,8,0,0,47,1,48,0,0,51,5,56,525,1,526,582
10/11/2020,JRF,HI,AWP,WE,Federal Contract Tower,0,0,8,2,10,0,0,38,3,41,0,0,46,5,51,299,7,306,357
10/12/2020,JRF,HI,AWP,WE,Federal Contract Tower,0,0,0,11,11,0,0,25,1,26,0,0,25,12,37,325,7,332,369
10/13/2020,JRF,HI,AWP,WE,Federal Contract Tower,0,0,10,6,16,0,0,44,8,52,0,0,54,14,68,542,45,587,655
10/14/2020,JRF,HI,AWP,WE,Federal Contract Tower,0,0,4,3,7,0,0,33,5,38,0,0,37,8,45,506,110,616,661
10/15/2020,JRF,HI,AWP,WE,Federal Contract Tower,0,0,5,4,9,0,0,26,9,35,0,0,31,13,44,509,78,587,631
10/16/2020,JRF,HI,AWP,WE,Federal Contract Tower,0,0,4,0,4,0,0,54,12,66,0,0,58,12,70,336,5,341,411
10/17/2020,JRF,HI,AWP,WE,Federal Contract Tower,0,0,0,3,3,0,0,62,0,62,0,0,62,3,65,390,14,404,469
10/18/2020,JRF,HI,AWP,WE,Federal Contract Tower,0,0,13,4,17,0,0,22,0,22,0,0,35,4,39,204,14,218,257
10/19/2020,JRF,HI,AWP,WE,Federal Contract Tower,0,0,7,3,10,0,0,32,19,51,0,0,39,22,61,315,17,332,393
10/20/2020,JRF,HI,AWP,WE,Federal Contract Tower,0,0,11,4,15,0,0,41,13,54,0,0,52,17,69,368,37,405,474
10/21/2020,JRF,HI,AWP,WE,Federal Contract Tower,0,0,6,3,9,0,0,53,21,74,0,0,59,24,83,549,63,612,695
10/22/2020,JRF,HI,AWP,WE,Federal Contract Tower,0,0,2,3,5,0,0,58,11,69,0,0,60,14,74,456,95,551,625
10/23/2020,JRF,HI,AWP,WE,Federal Contract Tower,0,0,6,7,13,0,0,20,9,29,0,0,26,16,42,250,23,273,315
10/24/2020,JRF,HI,AWP,WE,Federal Contract Tower,0,0,10,2,12,0,0,40,2,42,0,0,50,4,54,403,8,411,465
10/25/2020,JRF,HI,AWP,WE,Federal Contract Tower,0,0,1,1,2,0,0,57,0,57,0,0,58,1,59,346,7,353,412
10/26/2020,JRF,HI,AWP,WE,Federal Contract Tower,0,0,1,4,5,0,0,0,0,0,0,0,1,4,5,472,25,497,502
10/27/2020,JRF,HI,AWP,WE,Federal Contract Tower,0,0,5,4,9,0,0,50,27,77,0,0,55,31,86,433,37,470,556
10/28/2020,JRF,HI,AWP,WE,Federal Contract Tower,0,0,5,4,9,0,0,51,28,79,0,0,56,32,88,504,43,547,635
10/29/2020,JRF,HI,AWP,WE,Federal Contract Tower,0,0,9,9,18,0,0,59,23,82,0,0,68,32,100,533,15,548,648
10/30/2020,JRF,HI,AWP,WE,Federal Contract Tower,0,0,4,3,7,0,0,46,4,50,0,0,50,7,57,438,4,442,499
10/31/2020,JRF,HI,AWP,WE,Federal Contract Tower,0,0,6,2,8,0,0,45,4,49,0,0,51,6,57,416,4,420,477
11/01/2020,JRF,HI,AWP,WE,Federal Contract Tower,0,0,3,0,3,0,0,48,0,48,0,0,51,0,51,406,5,411,462
11/02/2020,JRF,HI,AWP,WE,Federal Contract Tower,0,0,2,3,5,0,0,54,17,71,0,0,56,20,76,479,51,530,606
11/03/2020,JRF,HI,AWP,WE,Federal Contract Tower,0,0,1,3,4,0,0,65,16,81,0,0,66,19,85,544,36,580,665
11/04/2020,JRF,HI,AWP,WE,Federal Contract Tower,0,0,8,1,9,0,0,55,10,65,0,0,63,11,74,452,11,463,537
11/05/2020,JRF,HI,AWP,WE,Federal Contract Tower,0,0,2,6,8,0,0,44,19,63,0,0,46,25,71,459,86,545,616
11/06/2020,JRF,HI,AWP,WE,Federal Contract Tower,0,0,2,8,10,0,0,80,28,108,0,0,82,36,118,441,38,479,597
11/07/2020,JRF,HI,AWP,WE,Federal Contract Tower,0,0,10,4,14,0,0,52,10,62,0,0,62,14,76,529,25,554,630
11/08/2020,JRF,HI,AWP,WE,Federal Contract Tower,0,0,0,5,5,0,0,45,1,46,0,0,45,6,51,327,6,333,384
11/09/2020,JRF,HI,AWP,WE,Federal Contract Tower,0,0,7,4,11,0,0,23,14,37,0,0,30,18,48,194,54,248,296
11/10/2020,JRF,HI,AWP,WE,Federal Contract Tower,0,0,4,4,8,0,0,34,16,50,0,0,38,20,58,342,133,475,533
11/11/2020,JRF,HI,AWP,WE,Federal Contract Tower,0,0,5,2,7,0,0,16,1,17,0,0,21,3,24,327,17,344,368
11/12/2020,JRF,HI,AWP,WE,Federal Contract Tower,0,0,13,7,20,0,0,22,16,38,0,0,35,23,58,472,75,547,605
11/13/2020,JRF,HI,AWP,WE,Federal Contract Tower,0,0,2,4,6,0,0,29,4,33,0,0,31,8,39,469,21,490,529
11/14/2020,JRF,HI,AWP,WE,Federal Contract Tower,0,0,2,1,3,0,0,59,2,61,0,0,61,3,64,611,25,636,700
11/15/2020,JRF,HI,AWP,WE,Federal Contract Tower,0,0,14,1,15,0,0,25,4,29,0,0,39,5,44,431,42,473,517
11/16/2020,JRF,HI,AWP,WE,Federal Contract Tower,0,0,5,1,6,0,0,46,6,52,0,0,51,7,58,505,54,559,617
11/17/2020,JRF,HI,AWP,WE,Federal Contract Tower,0,0,7,5,12,0,0,71,9,80,0,0,78,14,92,640,38,678,770
11/18/2020,JRF,HI,AWP,WE,Federal Contract Tower,0,0,3,12,15,0,0,36,16,52,0,0,39,28,67,363,43,406,473
11/19/2020,JRF,HI,AWP,WE,Federal Contract Tower,0,0,4,5,9,0,0,25,24,49,0,0,29,29,58,522,56,578,636
11/20/2020,JRF,HI,AWP,WE,Federal Contract Tower,0,0,6,3,9,0,0,41,25,66,0,0,47,28,75,570,22,592,667
11/21/2020,JRF,HI,AWP,WE,Federal Contract Tower,0,0,0,2,2,0,0,28,2,30,0,0,28,4,32,240,6,246,278
11/22/2020,JRF,HI,AWP,WE,Federal Contract Tower,0,0,1,2,3,0,0,12,3,15,0,0,13,5,18,75,2,77,95
11/23/2020,JRF,HI,AWP,WE,Federal Contract Tower,0,0,5,5,10,0,0,44,16,60,0,0,49,21,70,321,105,426,496
11/24/2020,JRF,HI,AWP,WE,Federal Contract Tower,0,0,4,10,14,0,0,81,33,114,0,0,85,43,128,402,73,475,603
11/25/2020,JRF,HI,AWP,WE,Federal Contract Tower,0,0,7,3,10,0,0,62,10,72,0,0,69,13,82,782,21,803,885
11/26/2020,JRF,HI,AWP,WE,Federal Contract Tower,0,0,1,1,2,0,0,31,9,40,0,0,32,10,42,210,21,231,273
11/27/2020,JRF,HI,AWP,WE,Federal Contract Tower,0,0,6,0,6,0,0,27,2,29,0,0,33,2,35,356,13,369,404
11/28/2020,JRF,HI,AWP,WE,Federal Contract Tower,0,0,0,0,0,0,0,44,0,44,0,0,44,0,44,327,14,341,385
11/29/2020,JRF,HI,AWP,WE,Federal Contract Tower,0,0,10,1,11,0,0,35,2,37,0,0,45,3,48,364,6,370,418
11/30/2020,JRF,HI,AWP,WE,Federal Contract Tower,0,0,1,0,1,0,0,35,15,50,0,0,36,15,51,306,28,334,385
12/01/2020,JRF,HI,AWP,WE,Federal Contract Tower,0,0,0,5,5,0,0,46,10,56,0,0,46,15,61,479,21,500,561
12/02/2020,JRF,HI,AWP,WE,Federal Contract Tower,0,0,1,8,9,0,0,52,9,61,0,0,53,17,70,678,17,695,765
12/03/2020,JRF,HI,AWP,WE,Federal Contract Tower,0,0,0,5,5,0,0,26,38,64,0,0,26,43,69,437,21,458,527
12/04/2020,JRF,HI,AWP,WE,Federal Contract Tower,0,0,1,1,2,0,0,37,17,54,0,0,38,18,56,588,14,602,658
12/05/2020,JRF,HI,AWP,WE,Federal Contract Tower,0,0,2,7,9,0,0,83,9,92,0,0,85,16,101,392,7,399,500
12/06/2020,JRF,HI,AWP,WE,Federal Contract Tower,0,0,4,3,7,0,0,44,2,46,0,0,48,5,53,448,5,453,506
12/07/2020,JRF,HI,AWP,WE,Federal Contract Tower,0,0,2,6,8,0,0,87,10,97,0,0,89,16,105,412,57,469,574
12/08/2020,JRF,HI,AWP,WE,Federal Contract Tower,0,0,2,10,12,0,0,56,26,82,0,0,58,36,94,576,54,630,724
12/09/2020,JRF,HI,AWP,WE,Federal Contract Tower,0,0,4,9,13,0,0,52,21,73,0,0,56,30,86,452,71,523,609
12/10/2020,JRF,HI,AWP,WE,Federal Contract Tower,0,0,5,3,8,0,0,36,13,49,0,0,41,16,57,506,21,527,584
12/11/2020,JRF,HI,AWP,WE,Federal Contract Tower,0,0,1,7,8,0,0,35,6,41,0,0,36,13,49,460,23,483,532
12/12/2020,JRF,HI,AWP,WE,Federal Contract Tower,0,0,0,1,1,0,0,55,1,56,0,0,55,2,57,425,4,429,486
12/13/2020,JRF,HI,AWP,WE,Federal Contract Tower,0,0,5,5,10,0,0,53,2,55,0,0,58,7,65,508,1,509,574
12/14/2020,JRF,HI,AWP,WE,Federal Contract Tower,0,0,1,5,6,0,0,49,22,71,0,0,50,27,77,350,1,351,428
12/15/2020,JRF,HI,AWP,WE,Federal Contract Tower,0,0,7,4,11,0,0,87,22,109,0,0,94,26,120,826,73,899,1019
12/16/2020,JRF,HI,AWP,WE,Federal Contract Tower,0,0,8,8,16,0,0,42,24,66,0,0,50,32,82,552,43,595,677
12/17/2020,JRF,HI,AWP,WE,Federal Contract Tower,0,0,1,1,2,0,0,44,18,62,0,0,45,19,64,585,49,634,698
12/18/2020,JRF,HI,AWP,WE,Federal Contract Tower,0,0,4,4,8,0,0,25,4,29,0,0,29,8,37,302,6,308,345
12/19/2020,JRF,HI,AWP,WE,Federal Contract Tower,0,0,1,4,5,0,0,35,4,39,0,0,36,8,44,266,14,280,324
12/20/2020,JRF,HI,AWP,WE,Federal Contract Tower,0,0,3,4,7,0,0,76,7,83,0,0,79,11,90,407,5,412,502
12/21/2020,JRF,HI,AWP,WE,Federal Contract Tower,0,0,4,3,7,0,0,64,10,74,0,0,68,13,81,373,37,410,491
12/22/2020,JRF,HI,AWP,WE,Federal Contract Tower,0,0,1,4,5,0,0,40,17,57,0,0,41,21,62,490,83,573,635
12/23/2020,JRF,HI,AWP,WE,Federal Contract Tower,0,0,5,4,9,0,0,73,6,79,0,0,78,10,88,492,7,499,587
12/24/2020,JRF,HI,AWP,WE,Federal Contract Tower,0,0,3,2,5,0,0,49,0,49,0,0,52,2,54,347,5,352,406
12/25/2020,JRF,HI,AWP,WE,Federal Contract Tower,0,0,0,0,0,0,0,13,0,13,0,0,13,0,13,17,0,17,30
12/26/2020,JRF,HI,AWP,WE,Federal Contract Tower,0,0,3,1,4,0,0,8,1,9,0,0,11,2,13,46,0,46,59
12/27/2020,JRF,HI,AWP,WE,Federal Contract Tower,0,0,3,0,3,0,0,50,2,52,0,0,53,2,55,236,15,251,306
12/28/2020,JRF,HI,AWP,WE,Federal Contract Tower,0,0,1,1,2,0,0,60,5,65,0,0,61,6,67,239,46,285,352
12/29/2020,JRF,HI,AWP,WE,Federal Contract Tower,0,0,0,2,2,0,0,58,32,90,0,0,58,34,92,404,52,456,548
12/30/2020,JRF,HI,AWP,WE,Federal Contract Tower,0,0,5,2,7,0,0,65,5,70,0,0,70,7,77,362,13,375,452
12/31/2020,JRF,HI,AWP,WE,Federal Contract Tower,0,0,4,3,7,0,0,15,5,20,0,0,19,8,27,171,12,183,210
01/01/2021,JRF,HI,AWP,WE,Federal Contract Tower,0,0,2,2,4,0,0,13,0,13,0,0,15,2,17,7,3,10,27
01/02/2021,JRF,HI,AWP,WE,Federal Contract Tower,0,0,0,3,3,0,0,30,1,31,0,0,30,4,34,364,0,364,398
01/03/2021,JRF,HI,AWP,WE,Federal Contract Tower,0,0,4,5,9,0,0,39,1,40,0,0,43,6,49,154,1,155,204
01/04/2021,JRF,HI,AWP,WE,Federal Contract Tower,0,0,7,10,17,0,0,32,13,45,0,0,39,23,62,274,51,325,387
01/05/2021,JRF,HI,AWP,WE,Federal Contract Tower,0,0,8,6,14,0,0,36,25,61,0,0,44,31,75,419,43,462,537
01/06/2021,JRF,HI,AWP,WE,Federal Contract Tower,0,0,5,4,9,0,0,91,16,107,0,0,96,20,116,595,50,645,761
01/07/2021,JRF,HI,AWP,WE,Federal Contract Tower,0,0,6,9,15,0,0,83,25,108,0,0,89,34,123,385,66,451,574
01/08/2021,JRF,HI,AWP,WE,Federal Contract Tower,0,0,6,8,14,0,0,72,6,78,0,0,78,14,92,407,15,422,514
01/09/2021,JRF,HI,AWP,WE,Federal Contract Tower,0,0,0,9,9,0,0,112,22,134,0,0,112,31,143,570,12,582,725
01/10/2021,JRF,HI,AWP,WE,Federal Contract Tower,0,0,4,7,11,0,0,44,2,46,0,0,48,9,57,357,3,360,417
01/11/2021,JRF,HI,AWP,WE,Federal Contract Tower,0,0,6,2,8,0,0,46,2,48,0,0,52,4,56,320,28,348,404
01/12/2021,JRF,HI,AWP,WE,Federal Contract Tower,0,0,0,4,4,0,0,75,22,97,0,0,75,26,101,486,98,584,685
01/13/2021,JRF,HI,AWP,WE,Federal Contract Tower,0,0,4,1,5,0,0,54,41,95,0,0,58,42,100,452,93,545,645
01/14/2021,JRF,HI,AWP,WE,Federal Contract Tower,0,0,4,3,7,0,0,57,22,79,0,0,61,25,86,703,52,755,841
01/15/2021,JRF,HI,AWP,WE,Federal Contract Tower,0,0,2,7,9,0,0,25,1,26,0,0,27,8,35,520,14,534,569
01/16/2021,JRF,HI,AWP,WE,Federal Contract Tower,0,0,6,0,6,0,0,60,2,62,0,0,66,2,68,446,0,446,514
01/17/2021,JRF,HI,AWP,WE,Federal Contract Tower,0,0,0,3,3,0,0,30,0,30,0,0,30,3,33,231,3,234,267
01/18/2021,JRF,HI,AWP,WE,Federal Contract Tower,0,0,4,4,8,0,0,13,2,15,0,0,17,6,23,141,0,141,164
01/19/2021,JRF,HI,AWP,WE,Federal Contract Tower,0,0,1,3,4,0,0,41,29,70,0,0,42,32,74,294,25,319,393
01/20/2021,JRF,HI,AWP,WE,Federal Contract Tower,0,0,7,7,14,0,0,71,23,94,0,0,78,30,108,592,75,667,775
01/21/2021,JRF,HI,AWP,WE,Federal Contract Tower,0,0,0,1,1,0,0,47,37,84,0,0,47,38,85,448,27,475,560
01/22/2021,JRF,HI,AWP,WE,Federal Contract Tower,0,0,0,6,6,0,0,66,6,72,0,0,66,12,78,474,5,479,557
01/23/2021,JRF,HI,AWP,WE,Federal Contract Tower,0,0,1,2,3,0,0,43,15,58,0,0,44,17,61,381,7,388,449
01/24/2021,JRF,HI,AWP,WE,Federal Contract Tower,0,0,0,3,3,0,0,51,2,53,0,0,51,5,56,420,10,430,486
01/25/2021,JRF,HI,AWP,WE,Federal Contract Tower,0,0,4,14,18,0,0,24,4,28,0,0,28,18,46,203,3,206,252
01/26/2021,JRF,HI,AWP,WE,Federal Contract Tower,0,0,5,9,14,0,0,52,23,75,0,0,57,32,89,394,64,458,547
01/27/2021,JRF,HI,AWP,WE,Federal Contract Tower,0,0,11,4,15,0,0,58,27,85,0,0,69,31,100,420,81,501,601
01/28/2021,JRF,HI,AWP,WE,Federal Contract Tower,0,0,4,8,12,0,0,30,12,42,0,0,34,20,54,566,34,600,654
01/29/2021,JRF,HI,AWP,WE,Federal Contract Tower,0,0,1,5,6,0,0,53,12,65,0,0,54,17,71,492,27,519,590
01/30/2021,JRF,HI,AWP,WE,Federal Contract Tower,0,0,0,3,3,0,0,58,1,59,0,0,58,4,62,459,30,489,551
01/31/2021,JRF,HI,AWP,WE,Federal Contract Tower,0,0,0,3,3,0,0,40,2,42,0,0,40,5,45,331,2,333,378
02/01/2021,JRF,HI,AWP,WE,Federal Contract Tower,0,0,4,5,9,0,0,33,13,46,0,0,37,18,55,222,47,269,324
02/02/2021,JRF,HI,AWP,WE,Federal Contract Tower,0,0,2,7,9,0,0,50,22,72,0,0,52,29,81,448,30,478,559
02/03/2021,JRF,HI,AWP,WE,Federal Contract Tower,0,0,1,6,7,0,0,4,5,9,0,0,5,11,16,84,39,123,139
02/04/2021,JRF,HI,AWP,WE,Federal Contract Tower,0,0,2,5,7,0,0,1,46,47,0,0,3,51,54,565,65,630,684
02/05/2021,JRF,HI,AWP,WE,Federal Contract Tower,0,0,2,5,7,0,0,72,9,81,0,0,74,14,88,562,8,570,658
02/06/2021,JRF,HI,AWP,WE,Federal Contract Tower,0,0,1,6,7,0,0,104,3,107,0,0,105,9,114,459,2,461,575
02/07/2021,JRF,HI,AWP,WE,Federal Contract Tower,0,0,7,6,13,0,0,60,4,64,0,0,67,10,77,371,2,373,450
02/08/2021,JRF,HI,AWP,WE,Federal Contract Tower,0,0,5,4,9,0,0,16,18,34,0,0,21,22,43,228,68,296,339
02/09/2021,JRF,HI,AWP,WE,Federal Contract Tower,0,0,2,11,13,0,0,46,8,54,0,0,48,19,67,405,14,419,486
02/10/2021,JRF,HI,AWP,WE,Federal Contract Tower,0,0,4,7,11,0,0,73,32,105,0,0,77,39,116,734,51,785,901
02/11/2021,JRF,HI,AWP,WE,Federal Contract Tower,0,0,2,6,8,0,0,67,10,77,0,0,69,16,85,530,41,571,656
02/12/2021,JRF,HI,AWP,WE,Federal Contract Tower,0,0,1,3,4,0,0,85,20,105,0,0,86,23,109,597,33,630,739
02/13/2021,JRF,HI,AWP,WE,Federal Contract Tower,0,0,2,1,3,0,0,89,2,91,0,0,91,3,94,465,4,469,563
02/14/2021,JRF,HI,AWP,WE,Federal Contract Tower,0,0,1,2,3,0,0,50,2,52,0,0,51,4,55,337,8,345,400
02/15/2021,JRF,HI,AWP,WE,Federal Contract Tower,0,0,0,0,0,0,0,66,0,66,0,0,66,0,66,503,11,514,580
02/16/2021,JRF,HI,AWP,WE,Federal Contract Tower,0,0,2,5,7,0,0,65,39,104,0,0,67,44,111,653,52,705,816
02/17/2021,JRF,HI,AWP,WE,Federal Contract Tower,0,0,7,1,8,0,0,92,10,102,0,0,99,11,110,659,29,688,798
02/18/2021,JRF,HI,AWP,WE,Federal Contract Tower,0,0,5,10,15,0,0,63,41,104,0,0,68,51,119,513,39,552,671
02/19/2021,JRF,HI,AWP,WE,Federal Contract Tower,0,0,2,8,10,0,0,39,18,57,0,0,41,26,67,552,19,571,638
02/20/2021,JRF,HI,AWP,WE,Federal Contract Tower,0,0,3,6,9,0,0,111,1,112,0,0,114,7,121,733,25,758,879
02/21/2021,JRF,HI,AWP,WE,Federal Contract Tower,0,0,3,10,13,0,0,60,5,65,0,0,63,15,78,420,28,448,526
02/22/2021,JRF,HI,AWP,WE,Federal Contract Tower,0,0,1,4,5,0,0,31,18,49,0,0,32,22,54,303,42,345,399
02/23/2021,JRF,HI,AWP,WE,Federal Contract Tower,0,0,0,5,5,0,0,53,16,69,0,0,53,21,74,455,53,508,582
02/24/2021,JRF,HI,AWP,WE,Federal Contract Tower,0,0,0,4,4,0,0,60,17,77,0,0,60,21,81,435,38,473,554
02/25/2021,JRF,HI,AWP,WE,Federal Contract Tower,0,0,5,3,8,0,0,55,19,74,0,0,60,22,82,298,37,335,417
02/26/2021,JRF,HI,AWP,WE,Federal Contract Tower,0,0,4,3,7,0,0,45,15,60,0,0,49,18,67,255,22,277,344
02/27/2021,JRF,HI,AWP,WE,Federal Contract Tower,0,0,2,2,4,0,0,48,6,54,0,0,50,8,58,253,16,269,327
02/28/2021,JRF,HI,AWP,WE,Federal Contract Tower,0,0,1,2,3,0,0,20,3,23,0,0,21,5,26,220,3,223,249
03/01/2021,JRF,HI,AWP,WE,Federal Contract Tower,0,0,3,0,3,0,0,27,18,45,0,0,30,18,48,109,29,138,186
03/02/2021,JRF,HI,AWP,WE,Federal Contract Tower,0,0,1,3,4,0,0,29,7,36,0,0,30,10,40,271,22,293,333
03/03/2021,JRF,HI,AWP,WE,Federal Contract Tower,0,0,2,3,5,0,0,82,4,86,0,0,84,7,91,508,44,552,643
03/04/2021,JRF,HI,AWP,WE,Federal Contract Tower,0,0,3,4,7,0,0,80,4,84,0,0,83,8,91,670,66,736,827
03/05/2021,JRF,HI,AWP,WE,Federal Contract Tower,0,0,1,3,4,0,0,42,18,60,0,0,43,21,64,344,28,372,436
03/06/2021,JRF,HI,AWP,WE,Federal Contract Tower,0,0,0,2,2,0,0,76,2,78,0,0,76,4,80,473,5,478,558
03/07/2021,JRF,HI,AWP,WE,Federal Contract Tower,0,0,0,5,5,0,0,35,0,35,0,0,35,5,40,486,3,489,529
03/08/2021,JRF,HI,AWP,WE,Federal Contract Tower,0,0,1,4,5,0,0,31,9,40,0,0,32,13,45,154,8,162,207
03/09/2021,JRF,HI,AWP,WE,Federal Contract Tower,0,0,1,4,5,0,0,8,4,12,0,0,9,8,17,83,31,114,131
03/10/2021,JRF,HI,AWP,WE,Federal Contract Tower,0,0,1,4,5,0,0,45,7,52,0,0,46,11,57,381,11,392,449
03/11/2021,JRF,HI,AWP,WE,Federal Contract Tower,0,0,5,6,11,0,0,60,20,80,0,0,65,26,91,334,15,349,440
03/12/2021,JRF,HI,AWP,WE,Federal Contract Tower,0,0,0,11,11,0,0,50,7,57,0,0,50,18,68,262,7,269,337
03/13/2021,JRF,HI,AWP,WE,Federal Contract Tower,0,0,1,7,8,0,0,127,15,142,0,0,128,22,150,567,7,574,724
03/14/2021,JRF,HI,AWP,WE,Federal Contract Tower,0,0,2,8,10,0,0,126,2,128,0,0,128,10,138,567,1,568,706
03/15/2021,JRF,HI,AWP,WE,Federal Contract Tower,0,0,2,5,7,0,0,53,28,81,0,0,55,33,88,369,34,403,491
03/16/2021,JRF,HI,AWP,WE,Federal Contract Tower,0,0,6,7,13,0,0,42,25,67,0,0,48,32,80,444,66,510,590
03/17/2021,JRF,HI,AWP,WE,Federal Contract Tower,0,0,2,10,12,0,0,66,15,81,0,0,68,25,93,400,39,439,532
03/18/2021,JRF,HI,AWP,WE,Federal Contract Tower,0,0,0,4,4,0,0,45,28,73,0,0,45,32,77,252,16,268,345
03/19/2021,JRF,HI,AWP,WE,Federal Contract Tower,0,0,4,4,8,0,0,68,0,68,0,0,72,4,76,605,9,614,690
03/20/2021,JRF,HI,AWP,WE,Federal Contract Tower,0,0,4,3,7,0,0,48,2,50,0,0,52,5,57,375,1,376,433
03/21/2021,JRF,HI,AWP,WE,Federal Contract Tower,0,0,1,1,2,0,0,25,0,25,0,0,26,1,27,224,11,235,262
03/22/2021,JRF,HI,AWP,WE,Federal Contract Tower,0,0,2,4,6,0,0,87,3,90,0,0,89,7,96,637,17,654,750
03/23/2021,JRF,HI,AWP,WE,Federal Contract Tower,0,0,5,1,6,0,0,58,6,64,0,0,63,7,70,295,23,318,388
03/24/2021,JRF,HI,AWP,WE,Federal Contract Tower,0,0,6,2,8,0,0,24,4,28,0,0,30,6,36,238,14,252,288
03/25/2021,JRF,HI,AWP,WE,Federal Contract Tower,0,0,6,6,12,0,0,34,4,38,0,0,40,10,50,344,15,359,409
03/26/2021,JRF,HI,AWP,WE,Federal Contract Tower,0,0,8,7,15,0,0,60,5,65,0,0,68,12,80,463,3,466,546
03/27/2021,JRF,HI,AWP,WE,Federal Contract Tower,0,0,1,5,6,0,0,24,1,25,0,0,25,6,31,437,5,442,473
03/28/2021,JRF,HI,AWP,WE,Federal Contract Tower,0,0,15,5,20,0,0,46,3,49,0,0,61,8,69,514,3,517,586
03/29/2021,JRF,HI,AWP,WE,Federal Contract Tower,0,0,3,3,6,0,0,48,19,67,0,0,51,22,73,281,49,330,403
03/30/2021,JRF,HI,AWP,WE,Federal Contract Tower,0,0,2,5,7,0,0,42,15,57,0,0,44,20,64,340,93,433,497
03/31/2021,JRF,HI,AWP,WE,Federal Contract Tower,0,0,2,4,6,0,0,49,13,62,0,0,51,17,68,519,55,574,642
04/01/2021,JRF,HI,AWP,WE,Federal Contract Tower,0,0,2,2,4,0,0,40,6,46,0,0,42,8,50,489,71,560,610
04/02/2021,JRF,HI,AWP,WE,Federal Contract Tower,0,0,13,4,17,0,0,88,6,94,0,0,101,10,111,493,17,510,621
04/03/2021,JRF,HI,AWP,WE,Federal Contract Tower,0,0,6,5,11,0,0,82,6,88,0,0,88,11,99,364,22,386,485
04/04/2021,JRF,HI,AWP,WE,Federal Contract Tower,0,0,0,2,2,0,0,41,3,44,0,0,41,5,46,243,11,254,300
04/05/2021,JRF,HI,AWP,WE,Federal Contract Tower,0,0,4,2,6,0,0,79,24,103,0,0,83,26,109,400,41,441,550
04/06/2021,JRF,HI,AWP,WE,Federal Contract Tower,0,0,0,10,10,0,0,59,11,70,0,0,59,21,80,302,71,373,453
04/07/2021,JRF,HI,AWP,WE,Federal Contract Tower,0,0,4,8,12,0,0,75,5,80,0,0,79,13,92,507,25,532,624
04/08/2021,JRF,HI,AWP,WE,Federal Contract Tower,0,0,3,5,8,0,0,70,30,100,0,0,73,35,108,336,45,381,489
04/09/2021,JRF,HI,AWP,WE,Federal Contract Tower,0,0,2,5,7,0,0,78,3,81,0,0,80,8,88,705,6,711,799
04/10/2021,JRF,HI,AWP,WE,Federal Contract Tower,0,0,2,10,12,0,0,120,6,126,0,0,122,16,138,544,11,555,693
04/11/2021,JRF,HI,AWP,WE,Federal Contract Tower,0,0,1,8,9,0,0,42,4,46,0,0,43,12,55,256,0,256,311
04/12/2021,JRF,HI,AWP,WE,Federal Contract Tower,0,0,2,6,8,0,0,59,7,66,0,0,61,13,74,445,21,466,540
04/13/2021,JRF,HI,AWP,WE,Federal Contract Tower,0,0,6,8,14,0,0,71,22,93,0,0,77,30,107,490,88,578,685
04/14/2021,JRF,HI,AWP,WE,Federal Contract Tower,0,0,5,8,13,0,0,65,38,103,0,0,70,46,116,517,202,719,835
04/15/2021,JRF,HI,AWP,WE,Federal Contract Tower,0,0,0,5,5,0,0,85,29,114,0,0,85,34,119,564,66,630,749
04/16/2021,JRF,HI,AWP,WE,Federal Contract Tower,0,0,4,5,9,0,0,93,1,94,0,0,97,6,103,357,7,364,467
04/17/2021,JRF,HI,AWP,WE,Federal Contract Tower,0,0,0,0,0,0,0,0,0,0,0,0,0,0,0,0,0,0,0
04/18/2021,JRF,HI,AWP,WE,Federal Contract Tower,0,0,0,0,0,0,0,0,0,0,0,0,0,0,0,0,0,0,0
04/19/2021,JRF,HI,AWP,WE,Federal Contract Tower,0,0,4,1,5,0,0,65,12,77,0,0,69,13,82,450,90,540,622
04/20/2021,JRF,HI,AWP,WE,Federal Contract Tower,0,0,3,6,9,0,0,58,34,92,0,0,61,40,101,272,110,382,483
04/21/2021,JRF,HI,AWP,WE,Federal Contract Tower,0,0,3,5,8,0,0,100,15,115,0,0,103,20,123,476,138,614,737
04/22/2021,JRF,HI,AWP,WE,Federal Contract Tower,0,0,0,5,5,0,0,93,22,115,0,0,93,27,120,555,49,604,724
04/23/2021,JRF,HI,AWP,WE,Federal Contract Tower,0,0,2,5,7,0,0,98,12,110,0,0,100,17,117,599,7,606,723
04/24/2021,JRF,HI,AWP,WE,Federal Contract Tower,0,0,5,5,10,0,0,45,3,48,0,0,50,8,58,322,6,328,386
04/25/2021,JRF,HI,AWP,WE,Federal Contract Tower,0,0,4,5,9,0,0,70,6,76,0,0,74,11,85,256,0,256,341
04/26/2021,JRF,HI,AWP,WE,Federal Contract Tower,0,0,2,4,6,0,0,52,58,110,0,0,54,62,116,476,160,636,752
04/27/2021,JRF,HI,AWP,WE,Federal Contract Tower,0,0,2,4,6,0,0,50,25,75,0,0,52,29,81,421,64,485,566
04/28/2021,JRF,HI,AWP,WE,Federal Contract Tower,0,0,11,2,13,0,0,78,21,99,0,0,89,23,112,360,61,421,533
04/29/2021,JRF,HI,AWP,WE,Federal Contract Tower,0,0,9,6,15,0,0,53,23,76,0,0,62,29,91,371,107,478,569
04/30/2021,JRF,HI,AWP,WE,Federal Contract Tower,0,0,4,10,14,0,0,62,25,87,0,0,66,35,101,390,7,397,498
05/01/2021,JRF,HI,AWP,WE,Federal Contract Tower,0,0,14,5,19,0,0,66,4,70,0,0,80,9,89,408,1,409,498
05/02/2021,JRF,HI,AWP,WE,Federal Contract Tower,0,0,2,9,11,0,0,45,5,50,0,0,47,14,61,217,4,221,282
05/03/2021,JRF,HI,AWP,WE,Federal Contract Tower,0,0,1,4,5,0,0,57,41,98,0,0,58,45,103,295,103,398,501
05/04/2021,JRF,HI,AWP,WE,Federal Contract Tower,0,0,1,7,8,0,0,51,26,77,0,0,52,33,85,337,167,504,589
05/05/2021,JRF,HI,AWP,WE,Federal Contract Tower,0,0,4,6,10,0,0,94,21,115,0,0,98,27,125,500,100,600,725
05/06/2021,JRF,HI,AWP,WE,Federal Contract Tower,0,0,4,4,8,0,0,96,35,131,0,0,100,39,139,409,98,507,646
05/07/2021,JRF,HI,AWP,WE,Federal Contract Tower,0,0,5,4,9,0,0,79,7,86,0,0,84,11,95,353,22,375,470
05/08/2021,JRF,HI,AWP,WE,Federal Contract Tower,0,0,4,1,5,0,0,46,6,52,0,0,50,7,57,363,22,385,442
05/09/2021,JRF,HI,AWP,WE,Federal Contract Tower,0,0,2,1,3,0,0,36,2,38,0,0,38,3,41,171,61,232,273
05/10/2021,JRF,HI,AWP,WE,Federal Contract Tower,0,0,5,3,8,0,0,69,50,119,0,0,74,53,127,438,102,540,667
05/11/2021,JRF,HI,AWP,WE,Federal Contract Tower,0,0,4,1,5,0,0,74,9,83,0,0,78,10,88,519,101,620,708
05/12/2021,JRF,HI,AWP,WE,Federal Contract Tower,0,0,0,4,4,0,0,93,14,107,0,0,93,18,111,410,87,497,608
05/13/2021,JRF,HI,AWP,WE,Federal Contract Tower,0,0,5,2,7,0,0,52,27,79,0,0,57,29,86,341,110,451,537
05/14/2021,JRF,HI,AWP,WE,Federal Contract Tower,0,0,2,4,6,0,0,1,76,77,0,0,3,80,83,538,71,609,692
05/15/2021,JRF,HI,AWP,WE,Federal Contract Tower,0,0,2,2,4,0,0,33,12,45,0,0,35,14,49,258,14,272,321
05/16/2021,JRF,HI,AWP,WE,Federal Contract Tower,0,0,0,4,4,0,0,30,0,30,0,0,30,4,34,266,10,276,310
05/17/2021,JRF,HI,AWP,WE,Federal Contract Tower,0,0,3,8,11,0,0,43,7,50,0,0,46,15,61,257,136,393,454
05/18/2021,JRF,HI,AWP,WE,Federal Contract Tower,0,0,2,4,6,0,0,28,35,63,0,0,30,39,69,301,119,420,489
05/19/2021,JRF,HI,AWP,WE,Federal Contract Tower,0,0,5,8,13,0,0,91,25,116,0,0,96,33,129,440,59,499,628
05/20/2021,JRF,HI,AWP,WE,Federal Contract Tower,0,0,10,11,21,0,0,93,45,138,0,0,103,56,159,556,98,654,813
05/21/2021,JRF,HI,AWP,WE,Federal Contract Tower,0,0,8,6,14,0,0,91,17,108,0,0,99,23,122,541,27,568,690
05/22/2021,JRF,HI,AWP,WE,Federal Contract Tower,0,0,5,3,8,0,0,58,8,66,0,0,63,11,74,207,11,218,292
05/23/2021,JRF,HI,AWP,WE,Federal Contract Tower,0,0,7,2,9,0,0,43,5,48,0,0,50,7,57,153,19,172,229
05/24/2021,JRF,HI,AWP,WE,Federal Contract Tower,0,0,3,6,9,0,0,59,18,77,0,0,62,24,86,483,56,539,625
05/25/2021,JRF,HI,AWP,WE,Federal Contract Tower,0,0,4,3,7,0,0,42,12,54,0,0,46,15,61,362,55,417,478
05/26/2021,JRF,HI,AWP,WE,Federal Contract Tower,0,0,14,6,20,0,0,53,28,81,0,0,67,34,101,311,40,351,452
05/27/2021,JRF,HI,AWP,WE,Federal Contract Tower,0,0,5,4,9,0,0,80,26,106,0,0,85,30,115,589,33,622,737
05/28/2021,JRF,HI,AWP,WE,Federal Contract Tower,0,0,10,4,14,0,0,65,10,75,0,0,75,14,89,368,21,389,478
05/29/2021,JRF,HI,AWP,WE,Federal Contract Tower,0,0,2,0,2,0,0,84,9,93,0,0,86,9,95,397,5,402,497
05/30/2021,JRF,HI,AWP,WE,Federal Contract Tower,0,0,0,2,2,0,0,90,4,94,0,0,90,6,96,248,14,262,358
05/31/2021,JRF,HI,AWP,WE,Federal Contract Tower,0,0,3,1,4,0,0,73,2,75,0,0,76,3,79,293,2,295,374
06/01/2021,JRF,HI,AWP,WE,Federal Contract Tower,0,0,2,6,8,0,0,61,8,69,0,0,63,14,77,429,41,470,547
06/02/2021,JRF,HI,AWP,WE,Federal Contract Tower,0,0,8,7,15,0,0,84,8,92,0,0,92,15,107,536,45,581,688
06/03/2021,JRF,HI,AWP,WE,Federal Contract Tower,0,0,11,6,17,0,0,90,13,103,0,0,101,19,120,607,53,660,780
06/04/2021,JRF,HI,AWP,WE,Federal Contract Tower,0,0,9,2,11,0,0,67,9,76,0,0,76,11,87,337,6,343,430
06/05/2021,JRF,HI,AWP,WE,Federal Contract Tower,0,0,5,9,14,0,0,57,3,60,0,0,62,12,74,351,1,352,426
06/06/2021,JRF,HI,AWP,WE,Federal Contract Tower,0,0,0,8,8,0,0,34,6,40,0,0,34,14,48,286,66,352,400
06/07/2021,JRF,HI,AWP,WE,Federal Contract Tower,0,0,3,4,7,0,0,49,12,61,0,0,52,16,68,419,46,465,533
06/08/2021,JRF,HI,AWP,WE,Federal Contract Tower,0,0,6,5,11,0,0,75,19,94,0,0,81,24,105,327,79,406,511
06/09/2021,JRF,HI,AWP,WE,Federal Contract Tower,0,0,1,3,4,0,0,57,20,77,0,0,58,23,81,344,79,423,504
06/10/2021,JRF,HI,AWP,WE,Federal Contract Tower,0,0,5,8,13,0,0,70,7,77,0,0,75,15,90,401,62,463,553
06/11/2021,JRF,HI,AWP,WE,Federal Contract Tower,0,0,10,5,15,0,0,80,11,91,0,0,90,16,106,504,13,517,623
06/12/2021,JRF,HI,AWP,WE,Federal Contract Tower,0,0,0,2,2,0,0,58,8,66,0,0,58,10,68,229,13,242,310
06/13/2021,JRF,HI,AWP,WE,Federal Contract Tower,0,0,4,3,7,0,0,33,3,36,0,0,37,6,43,265,12,277,320
06/14/2021,JRF,HI,AWP,WE,Federal Contract Tower,0,0,3,4,7,0,0,53,8,61,0,0,56,12,68,385,7,392,460
06/15/2021,JRF,HI,AWP,WE,Federal Contract Tower,0,0,4,4,8,0,0,88,16,104,0,0,92,20,112,639,57,696,808
06/16/2021,JRF,HI,AWP,WE,Federal Contract Tower,0,0,1,5,6,0,0,101,7,108,0,0,102,12,114,530,67,597,711
06/17/2021,JRF,HI,AWP,WE,Federal Contract Tower,0,0,7,10,17,0,0,78,21,99,0,0,85,31,116,629,57,686,802
06/18/2021,JRF,HI,AWP,WE,Federal Contract Tower,0,0,4,1,5,0,0,60,4,64,0,0,64,5,69,407,11,418,487
06/19/2021,JRF,HI,AWP,WE,Federal Contract Tower,0,0,3,5,8,0,0,36,2,38,0,0,39,7,46,248,20,268,314
06/20/2021,JRF,HI,AWP,WE,Federal Contract Tower,0,0,2,3,5,0,0,34,4,38,0,0,36,7,43,306,12,318,361
06/21/2021,JRF,HI,AWP,WE,Federal Contract Tower,0,0,1,14,15,0,0,104,30,134,0,0,105,44,149,554,31,585,734
06/22/2021,JRF,HI,AWP,WE,Federal Contract Tower,0,0,6,4,10,0,0,97,35,132,0,0,103,39,142,651,69,720,862
06/23/2021,JRF,HI,AWP,WE,Federal Contract Tower,0,0,0,6,6,0,0,75,31,106,0,0,75,37,112,397,28,425,537
06/24/2021,JRF,HI,AWP,WE,Federal Contract Tower,0,0,4,8,12,0,0,54,31,85,0,0,58,39,97,230,58,288,385
06/25/2021,JRF,HI,AWP,WE,Federal Contract Tower,0,0,9,8,17,0,0,54,3,57,0,0,63,11,74,366,5,371,445
06/26/2021,JRF,HI,AWP,WE,Federal Contract Tower,0,0,2,8,10,0,0,64,4,68,0,0,66,12,78,410,3,413,491
06/27/2021,JRF,HI,AWP,WE,Federal Contract Tower,0,0,2,2,4,0,0,35,5,40,0,0,37,7,44,335,13,348,392
06/28/2021,JRF,HI,AWP,WE,Federal Contract Tower,0,0,3,3,6,0,0,62,3,65,0,0,65,6,71,267,17,284,355
06/29/2021,JRF,HI,AWP,WE,Federal Contract Tower,0,0,1,4,5,0,0,85,13,98,0,0,86,17,103,429,81,510,613
06/30/2021,JRF,HI,AWP,WE,Federal Contract Tower,0,0,4,5,9,0,0,82,22,104,0,0,86,27,113,407,82,489,602
08/01/2021,JRF,HI,AWP,WE,Federal Contract Tower,0,0,2,3,5,0,0,29,7,36,0,0,31,10,41,199,12,211,252
08/02/2021,JRF,HI,AWP,WE,Federal Contract Tower,0,0,2,9,11,0,0,59,21,80,0,0,61,30,91,253,25,278,369
08/03/2021,JRF,HI,AWP,WE,Federal Contract Tower,0,0,10,9,19,0,0,70,40,110,0,0,80,49,129,274,76,350,479
08/04/2021,JRF,HI,AWP,WE,Federal Contract Tower,0,0,5,7,12,0,0,90,6,96,0,0,95,13,108,360,114,474,582
08/05/2021,JRF,HI,AWP,WE,Federal Contract Tower,0,0,6,3,9,0,0,38,53,91,0,0,44,56,100,308,101,409,509
08/06/2021,JRF,HI,AWP,WE,Federal Contract Tower,0,0,9,8,17,0,0,73,6,79,0,0,82,14,96,355,4,359,455
08/07/2021,JRF,HI,AWP,WE,Federal Contract Tower,0,0,1,6,7,0,0,40,12,52,0,0,41,18,59,299,13,312,371
08/08/2021,JRF,HI,AWP,WE,Federal Contract Tower,0,0,1,13,14,0,0,53,8,61,0,0,54,21,75,211,24,235,310
08/09/2021,JRF,HI,AWP,WE,Federal Contract Tower,0,0,0,6,6,0,0,75,8,83,0,0,75,14,89,302,38,340,429
08/10/2021,JRF,HI,AWP,WE,Federal Contract Tower,0,0,3,6,9,0,0,68,6,74,0,0,71,12,83,415,82,497,580
08/11/2021,JRF,HI,AWP,WE,Federal Contract Tower,0,0,0,11,11,0,0,63,13,76,0,0,63,24,87,398,73,471,558
08/12/2021,JRF,HI,AWP,WE,Federal Contract Tower,0,0,1,10,11,0,0,44,12,56,0,0,45,22,67,413,78,491,558
08/13/2021,JRF,HI,AWP,WE,Federal Contract Tower,0,0,1,6,7,0,0,78,2,80,0,0,79,8,87,439,11,450,537
08/14/2021,JRF,HI,AWP,WE,Federal Contract Tower,0,0,1,1,2,0,0,49,1,50,0,0,50,2,52,297,3,300,352
08/15/2021,JRF,HI,AWP,WE,Federal Contract Tower,0,0,0,3,3,0,0,60,12,72,0,0,60,15,75,358,27,385,460
08/16/2021,JRF,HI,AWP,WE,Federal Contract Tower,0,0,2,11,13,0,0,74,35,109,0,0,76,46,122,443,74,517,639
08/17/2021,JRF,HI,AWP,WE,Federal Contract Tower,0,0,2,8,10,0,0,58,18,76,0,0,60,26,86,455,97,552,638
08/18/2021,JRF,HI,AWP,WE,Federal Contract Tower,0,0,10,6,16,0,0,66,10,76,0,0,76,16,92,500,118,618,710
08/19/2021,JRF,HI,AWP,WE,Federal Contract Tower,0,0,3,13,16,0,0,70,20,90,0,0,73,33,106,602,67,669,775
08/20/2021,JRF,HI,AWP,WE,Federal Contract Tower,0,0,2,5,7,0,0,85,14,99,0,0,87,19,106,524,16,540,646
08/21/2021,JRF,HI,AWP,WE,Federal Contract Tower,0,0,4,1,5,0,0,36,7,43,0,0,40,8,48,282,25,307,355
08/22/2021,JRF,HI,AWP,WE,Federal Contract Tower,0,0,2,1,3,0,0,49,4,53,0,0,51,5,56,240,6,246,302
08/23/2021,JRF,HI,AWP,WE,Federal Contract Tower,0,0,2,9,11,0,0,11,3,14,0,0,13,12,25,73,63,136,161
08/24/2021,JRF,HI,AWP,WE,Federal Contract Tower,0,0,12,0,12,0,0,63,13,76,0,0,75,13,88,388,98,486,574
08/25/2021,JRF,HI,AWP,WE,Federal Contract Tower,0,0,5,11,16,0,0,55,16,71,0,0,60,27,87,482,52,534,621
08/26/2021,JRF,HI,AWP,WE,Federal Contract Tower,0,0,3,6,9,0,0,52,10,62,0,0,55,16,71,475,10,485,556
08/27/2021,JRF,HI,AWP,WE,Federal Contract Tower,0,0,9,5,14,0,0,103,10,113,0,0,112,15,127,351,15,366,493
08/28/2021,JRF,HI,AWP,WE,Federal Contract Tower,0,0,7,2,9,0,0,42,5,47,0,0,49,7,56,331,3,334,390
08/29/2021,JRF,HI,AWP,WE,Federal Contract Tower,0,0,3,7,10,0,0,49,4,53,0,0,52,11,63,203,41,244,307
08/30/2021,JRF,HI,AWP,WE,Federal Contract Tower,0,0,1,6,7,0,0,63,25,88,0,0,64,31,95,358,133,491,586
08/31/2021,JRF,HI,AWP,WE,Federal Contract Tower,0,0,2,7,9,0,0,67,14,81,0,0,69,21,90,358,118,476,566
09/01/2021,JRF,HI,AWP,WE,Federal Contract Tower,0,0,2,9,11,0,0,62,16,78,0,0,64,25,89,469,106,575,664
09/02/2021,JRF,HI,AWP,WE,Federal Contract Tower,0,0,1,7,8,0,0,42,13,55,0,0,43,20,63,379,22,401,464
09/03/2021,JRF,HI,AWP,WE,Federal Contract Tower,0,0,7,2,9,0,0,41,0,41,0,0,48,2,50,338,2,340,390
09/04/2021,JRF,HI,AWP,WE,Federal Contract Tower,0,0,1,0,1,0,0,44,4,48,0,0,45,4,49,304,11,315,364
09/05/2021,JRF,HI,AWP,WE,Federal Contract Tower,0,0,0,0,0,0,0,57,2,59,0,0,57,2,59,347,1,348,407
09/06/2021,JRF,HI,AWP,WE,Federal Contract Tower,0,0,6,0,6,0,0,87,4,91,0,0,93,4,97,293,3,296,393
09/07/2021,JRF,HI,AWP,WE,Federal Contract Tower,0,0,0,7,7,0,0,78,10,88,0,0,78,17,95,388,128,516,611
09/08/2021,JRF,HI,AWP,WE,Federal Contract Tower,0,0,3,8,11,0,0,84,34,118,0,0,87,42,129,632,309,941,1070
09/09/2021,JRF,HI,AWP,WE,Federal Contract Tower,0,0,3,8,11,0,0,60,49,109,0,0,63,57,120,370,28,398,518
09/10/2021,JRF,HI,AWP,WE,Federal Contract Tower,0,0,1,4,5,0,0,72,8,80,0,0,73,12,85,389,15,404,489
09/11/2021,JRF,HI,AWP,WE,Federal Contract Tower,0,0,4,2,6,0,0,50,6,56,0,0,54,8,62,358,15,373,435
09/12/2021,JRF,HI,AWP,WE,Federal Contract Tower,0,0,0,2,2,0,0,43,1,44,0,0,43,3,46,252,1,253,299
09/13/2021,JRF,HI,AWP,WE,Federal Contract Tower,0,0,1,6,7,0,0,51,15,66,0,0,52,21,73,485,63,548,621
09/14/2021,JRF,HI,AWP,WE,Federal Contract Tower,0,0,5,5,10,0,0,79,29,108,0,0,84,34,118,248,160,408,526
09/15/2021,JRF,HI,AWP,WE,Federal Contract Tower,0,0,2,5,7,0,0,83,11,94,0,0,85,16,101,383,46,429,530
09/16/2021,JRF,HI,AWP,WE,Federal Contract Tower,0,0,2,7,9,0,0,42,30,72,0,0,44,37,81,453,102,555,636
09/17/2021,JRF,HI,AWP,WE,Federal Contract Tower,0,0,7,4,11,0,0,94,6,100,0,0,101,10,111,389,56,445,556
09/18/2021,JRF,HI,AWP,WE,Federal Contract Tower,0,0,7,5,12,0,0,90,6,96,0,0,97,11,108,401,3,404,512
09/19/2021,JRF,HI,AWP,WE,Federal Contract Tower,0,0,1,4,5,0,0,48,0,48,0,0,49,4,53,260,0,260,313
09/20/2021,JRF,HI,AWP,WE,Federal Contract Tower,0,0,1,3,4,0,0,54,14,68,0,0,55,17,72,430,50,480,552
09/21/2021,JRF,HI,AWP,WE,Federal Contract Tower,0,0,0,3,3,0,0,93,7,100,0,0,93,10,103,262,72,334,437
09/22/2021,JRF,HI,AWP,WE,Federal Contract Tower,0,0,0,7,7,0,0,75,13,88,0,0,75,20,95,511,207,718,813
09/23/2021,JRF,HI,AWP,WE,Federal Contract Tower,0,0,4,5,9,0,0,52,14,66,0,0,56,19,75,323,97,420,495
09/24/2021,JRF,HI,AWP,WE,Federal Contract Tower,0,0,2,4,6,0,0,45,6,51,0,0,47,10,57,303,36,339,396
09/25/2021,JRF,HI,AWP,WE,Federal Contract Tower,0,0,3,2,5,0,0,47,2,49,0,0,50,4,54,319,51,370,424
09/26/2021,JRF,HI,AWP,WE,Federal Contract Tower,0,0,2,6,8,0,0,56,5,61,0,0,58,11,69,426,32,458,527
09/27/2021,JRF,HI,AWP,WE,Federal Contract Tower,0,0,1,7,8,0,0,71,9,80,0,0,72,16,88,345,89,434,522
09/28/2021,JRF,HI,AWP,WE,Federal Contract Tower,0,0,9,8,17,0,0,88,32,120,0,0,97,40,137,395,93,488,625
09/29/2021,JRF,HI,AWP,WE,Federal Contract Tower,0,0,2,5,7,0,0,63,27,90,0,0,65,32,97,495,108,603,700
09/30/2021,JRF,HI,AWP,WE,Federal Contract Tower,0,0,0,5,5,0,0,48,14,62,0,0,48,19,67,270,98,368,435
10/01/2021,JRF,HI,AWP,WE,Federal Contract Tower,0,0,1,2,3,0,0,56,8,64,0,0,57,10,67,353,28,381,448
10/02/2021,JRF,HI,AWP,WE,Federal Contract Tower,0,0,4,0,4,0,0,69,8,77,0,0,73,8,81,270,34,304,385
10/03/2021,JRF,HI,AWP,WE,Federal Contract Tower,0,0,3,1,4,0,0,48,4,52,0,0,51,5,56,323,0,323,379
10/04/2021,JRF,HI,AWP,WE,Federal Contract Tower,0,0,4,1,5,0,0,77,31,108,0,0,81,32,113,396,180,576,689
10/05/2021,JRF,HI,AWP,WE,Federal Contract Tower,0,0,1,8,9,0,0,64,14,78,0,0,65,22,87,328,167,495,582
10/06/2021,JRF,HI,AWP,WE,Federal Contract Tower,0,0,4,3,7,0,0,59,46,105,0,0,63,49,112,391,108,499,611
10/07/2021,JRF,HI,AWP,WE,Federal Contract Tower,0,0,0,11,11,0,0,36,14,50,0,0,36,25,61,202,56,258,319
10/08/2021,JRF,HI,AWP,WE,Federal Contract Tower,0,0,2,2,4,0,0,42,2,44,0,0,44,4,48,194,16,210,258
10/09/2021,JRF,HI,AWP,WE,Federal Contract Tower,0,0,1,3,4,0,0,18,4,22,0,0,19,7,26,102,4,106,132
10/10/2021,JRF,HI,AWP,WE,Federal Contract Tower,0,0,0,2,2,0,0,16,2,18,0,0,16,4,20,88,17,105,125
10/11/2021,JRF,HI,AWP,WE,Federal Contract Tower,0,0,7,1,8,0,0,55,9,64,0,0,62,10,72,270,6,276,348
10/12/2021,JRF,HI,AWP,WE,Federal Contract Tower,0,0,0,7,7,0,0,67,14,81,0,0,67,21,88,272,32,304,392
10/13/2021,JRF,HI,AWP,WE,Federal Contract Tower,0,0,2,10,12,0,0,62,16,78,0,0,64,26,90,275,67,342,432
10/14/2021,JRF,HI,AWP,WE,Federal Contract Tower,0,0,6,6,12,0,0,70,10,80,0,0,76,16,92,419,50,469,561
10/15/2021,JRF,HI,AWP,WE,Federal Contract Tower,0,0,5,2,7,0,0,69,22,91,0,0,74,24,98,404,43,447,545
10/16/2021,JRF,HI,AWP,WE,Federal Contract Tower,0,0,6,2,8,0,0,57,2,59,0,0,63,4,67,335,7,342,409
10/17/2021,JRF,HI,AWP,WE,Federal Contract Tower,0,0,2,3,5,0,0,58,1,59,0,0,60,4,64,375,17,392,456
10/18/2021,JRF,HI,AWP,WE,Federal Contract Tower,0,0,1,3,4,0,0,78,38,116,0,0,79,41,120,400,37,437,557
10/19/2021,JRF,HI,AWP,WE,Federal Contract Tower,0,0,4,2,6,0,0,85,38,123,0,0,89,40,129,353,70,423,552
10/20/2021,JRF,HI,AWP,WE,Federal Contract Tower,0,0,2,4,6,0,0,68,27,95,0,0,70,31,101,569,26,595,696
10/21/2021,JRF,HI,AWP,WE,Federal Contract Tower,0,0,8,4,12,0,0,75,14,89,0,0,83,18,101,575,62,637,738
10/22/2021,JRF,HI,AWP,WE,Federal Contract Tower,0,0,5,1,6,0,0,68,16,84,0,0,73,17,90,459,97,556,646
10/23/2021,JRF,HI,AWP,WE,Federal Contract Tower,0,0,5,4,9,0,0,78,26,104,0,0,83,30,113,345,20,365,478
10/24/2021,JRF,HI,AWP,WE,Federal Contract Tower,0,0,2,6,8,0,0,26,38,64,0,0,28,44,72,203,11,214,286
10/25/2021,JRF,HI,AWP,WE,Federal Contract Tower,0,0,2,1,3,0,0,53,30,83,0,0,55,31,86,322,64,386,472
10/26/2021,JRF,HI,AWP,WE,Federal Contract Tower,0,0,4,4,8,0,0,64,25,89,0,0,68,29,97,327,131,458,555
10/27/2021,JRF,HI,AWP,WE,Federal Contract Tower,0,0,7,6,13,0,0,95,30,125,0,0,102,36,138,538,47,585,723
10/28/2021,JRF,HI,AWP,WE,Federal Contract Tower,0,0,3,7,10,0,0,76,24,100,0,0,79,31,110,410,74,484,594
10/29/2021,JRF,HI,AWP,WE,Federal Contract Tower,0,0,2,5,7,0,0,85,23,108,0,0,87,28,115,473,21,494,609
10/30/2021,JRF,HI,AWP,WE,Federal Contract Tower,0,0,0,1,1,0,0,57,3,60,0,0,57,4,61,299,1,300,361
10/31/2021,JRF,HI,AWP,WE,Federal Contract Tower,0,0,2,1,3,0,0,52,4,56,0,0,54,5,59,300,23,323,382
11/01/2021,JRF,HI,AWP,WE,Federal Contract Tower,0,0,1,3,4,0,0,58,17,75,0,0,59,20,79,374,82,456,535
11/02/2021,JRF,HI,AWP,WE,Federal Contract Tower,0,0,3,6,9,0,0,39,33,72,0,0,42,39,81,330,135,465,546
11/03/2021,JRF,HI,AWP,WE,Federal Contract Tower,0,0,2,6,8,0,0,52,23,75,0,0,54,29,83,295,180,475,558
11/04/2021,JRF,HI,AWP,WE,Federal Contract Tower,0,0,1,6,7,0,0,56,7,63,0,0,57,13,70,378,24,402,472
11/05/2021,JRF,HI,AWP,WE,Federal Contract Tower,0,0,2,1,3,0,0,73,7,80,0,0,75,8,83,284,30,314,397
11/06/2021,JRF,HI,AWP,WE,Federal Contract Tower,0,0,6,1,7,0,0,76,12,88,0,0,82,13,95,383,14,397,492
11/07/2021,JRF,HI,AWP,WE,Federal Contract Tower,0,0,3,2,5,0,0,52,8,60,0,0,55,10,65,270,2,272,337
11/08/2021,JRF,HI,AWP,WE,Federal Contract Tower,0,0,3,6,9,0,0,48,11,59,0,0,51,17,68,313,48,361,429
11/09/2021,JRF,HI,AWP,WE,Federal Contract Tower,0,0,2,7,9,0,0,94,20,114,0,0,96,27,123,313,46,359,482
11/10/2021,JRF,HI,AWP,WE,Federal Contract Tower,0,0,6,3,9,0,0,93,17,110,0,0,99,20,119,549,52,601,720
11/11/2021,JRF,HI,AWP,WE,Federal Contract Tower,0,0,2,1,3,0,0,78,1,79,0,0,80,2,82,499,6,505,587
11/12/2021,JRF,HI,AWP,WE,Federal Contract Tower,0,0,2,6,8,0,0,93,3,96,0,0,95,9,104,513,39,552,656
11/13/2021,JRF,HI,AWP,WE,Federal Contract Tower,0,0,2,0,2,0,0,44,2,46,0,0,46,2,48,246,2,248,296
11/14/2021,JRF,HI,AWP,WE,Federal Contract Tower,0,0,0,2,2,0,0,16,2,18,0,0,16,4,20,194,9,203,223
11/15/2021,JRF,HI,AWP,WE,Federal Contract Tower,0,0,5,4,9,0,0,55,57,112,0,0,60,61,121,467,99,566,687
11/16/2021,JRF,HI,AWP,WE,Federal Contract Tower,0,0,3,7,10,0,0,43,30,73,0,0,46,37,83,418,55,473,556
11/17/2021,JRF,HI,AWP,WE,Federal Contract Tower,0,0,2,6,8,0,0,75,14,89,0,0,77,20,97,522,201,723,820
11/18/2021,JRF,HI,AWP,WE,Federal Contract Tower,0,0,3,10,13,0,0,43,36,79,0,0,46,46,92,532,88,620,712
11/19/2021,JRF,HI,AWP,WE,Federal Contract Tower,0,0,10,3,13,0,0,70,15,85,0,0,80,18,98,349,22,371,469
11/20/2021,JRF,HI,AWP,WE,Federal Contract Tower,0,0,1,2,3,0,0,55,2,57,0,0,56,4,60,325,2,327,387
11/21/2021,JRF,HI,AWP,WE,Federal Contract Tower,0,0,3,6,9,0,0,35,5,40,0,0,38,11,49,225,2,227,276
11/22/2021,JRF,HI,AWP,WE,Federal Contract Tower,0,0,3,5,8,0,0,87,39,126,0,0,90,44,134,400,236,636,770
11/23/2021,JRF,HI,AWP,WE,Federal Contract Tower,0,0,7,6,13,0,0,114,30,144,0,0,121,36,157,451,180,631,788
11/24/2021,JRF,HI,AWP,WE,Federal Contract Tower,0,0,9,1,10,0,0,58,7,65,0,0,67,8,75,350,25,375,450
11/25/2021,JRF,HI,AWP,WE,Federal Contract Tower,0,0,2,0,2,0,0,44,5,49,0,0,46,5,51,52,0,52,103
11/26/2021,JRF,HI,AWP,WE,Federal Contract Tower,0,0,1,1,2,0,0,90,4,94,0,0,91,5,96,357,2,359,455
11/27/2021,JRF,HI,AWP,WE,Federal Contract Tower,0,0,0,0,0,0,0,43,1,44,0,0,43,1,44,230,2,232,276
11/28/2021,JRF,HI,AWP,WE,Federal Contract Tower,0,0,4,2,6,0,0,36,2,38,0,0,40,4,44,273,8,281,325
11/29/2021,JRF,HI,AWP,WE,Federal Contract Tower,0,0,3,4,7,0,0,70,20,90,0,0,73,24,97,344,11,355,452
11/30/2021,JRF,HI,AWP,WE,Federal Contract Tower,0,0,2,7,9,0,0,80,22,102,0,0,82,29,111,465,94,559,670
12/01/2021,JRF,HI,AWP,WE,Federal Contract Tower,0,0,1,2,3,0,0,55,17,72,0,0,56,19,75,308,91,399,474
12/02/2021,JRF,HI,AWP,WE,Federal Contract Tower,0,0,1,9,10,0,0,66,22,88,0,0,67,31,98,417,122,539,637
12/03/2021,JRF,HI,AWP,WE,Federal Contract Tower,0,0,2,3,5,0,0,24,10,34,0,0,26,13,39,104,20,124,163
12/04/2021,JRF,HI,AWP,WE,Federal Contract Tower,0,0,1,5,6,0,0,33,5,38,0,0,34,10,44,276,21,297,341
12/05/2021,JRF,HI,AWP,WE,Federal Contract Tower,0,0,4,3,7,0,0,21,0,21,0,0,25,3,28,161,3,164,192
12/06/2021,JRF,HI,AWP,WE,Federal Contract Tower,0,0,0,2,2,0,0,4,4,8,0,0,4,6,10,0,10,10,20
12/07/2021,JRF,HI,AWP,WE,Federal Contract Tower,0,0,1,9,10,0,0,19,29,48,0,0,20,38,58,84,43,127,185
12/08/2021,JRF,HI,AWP,WE,Federal Contract Tower,0,0,4,12,16,0,0,98,40,138,0,0,102,52,154,631,162,793,947
12/09/2021,JRF,HI,AWP,WE,Federal Contract Tower,0,0,4,3,7,0,0,54,17,71,0,0,58,20,78,386,72,458,536
12/10/2021,JRF,HI,AWP,WE,Federal Contract Tower,0,0,4,5,9,0,0,86,17,103,0,0,90,22,112,381,11,392,504
12/11/2021,JRF,HI,AWP,WE,Federal Contract Tower,0,0,1,10,11,0,0,68,5,73,0,0,69,15,84,322,36,358,442
12/12/2021,JRF,HI,AWP,WE,Federal Contract Tower,0,0,2,11,13,0,0,77,7,84,0,0,79,18,97,342,10,352,449
12/13/2021,JRF,HI,AWP,WE,Federal Contract Tower,0,0,4,6,10,0,0,113,43,156,0,0,117,49,166,550,227,777,943
12/14/2021,JRF,HI,AWP,WE,Federal Contract Tower,0,0,6,6,12,0,0,112,38,150,0,0,118,44,162,474,84,558,720
12/15/2021,JRF,HI,AWP,WE,Federal Contract Tower,0,0,3,7,10,0,0,91,38,129,0,0,94,45,139,619,79,698,837
12/16/2021,JRF,HI,AWP,WE,Federal Contract Tower,0,0,0,5,5,0,0,57,33,90,0,0,57,38,95,379,73,452,547
12/17/2021,JRF,HI,AWP,WE,Federal Contract Tower,0,0,3,2,5,0,0,51,6,57,0,0,54,8,62,359,3,362,424
12/18/2021,JRF,HI,AWP,WE,Federal Contract Tower,0,0,4,2,6,0,0,50,6,56,0,0,54,8,62,276,22,298,360
12/19/2021,JRF,HI,AWP,WE,Federal Contract Tower,0,0,0,2,2,0,0,67,0,67,0,0,67,2,69,413,1,414,483
12/20/2021,JRF,HI,AWP,WE,Federal Contract Tower,0,0,5,5,10,0,0,97,9,106,0,0,102,14,116,360,59,419,535
12/21/2021,JRF,HI,AWP,WE,Federal Contract Tower,0,0,3,5,8,0,0,69,5,74,0,0,72,10,82,271,28,299,381
12/22/2021,JRF,HI,AWP,WE,Federal Contract Tower,0,0,9,1,10,0,0,77,20,97,0,0,86,21,107,342,57,399,506
12/23/2021,JRF,HI,AWP,WE,Federal Contract Tower,0,0,5,1,6,0,0,68,3,71,0,0,73,4,77,440,18,458,535
12/24/2021,JRF,HI,AWP,WE,Federal Contract Tower,0,0,0,0,0,0,0,63,0,63,0,0,63,0,63,192,0,192,255
12/25/2021,JRF,HI,AWP,WE,Federal Contract Tower,0,0,0,0,0,0,0,12,0,12,0,0,12,0,12,22,0,22,34
12/26/2021,JRF,HI,AWP,WE,Federal Contract Tower,0,0,4,0,4,0,0,39,2,41,0,0,43,2,45,187,2,189,234
12/27/2021,JRF,HI,AWP,WE,Federal Contract Tower,0,0,4,2,6,0,0,62,9,71,0,0,66,11,77,301,35,336,413
12/28/2021,JRF,HI,AWP,WE,Federal Contract Tower,0,0,3,4,7,0,0,87,9,96,0,0,90,13,103,384,14,398,501
12/29/2021,JRF,HI,AWP,WE,Federal Contract Tower,0,0,8,6,14,0,0,111,5,116,0,0,119,11,130,417,25,442,572
12/30/2021,JRF,HI,AWP,WE,Federal Contract Tower,0,0,0,1,1,0,0,22,7,29,0,0,22,8,30,163,7,170,200
12/31/2021,JRF,HI,AWP,WE,Federal Contract Tower,0,0,0,2,2,0,0,14,4,18,0,0,14,6,20,48,0,48,68
01/01/2022,JRF,HI,AWP,WE,Federal Contract Tower,0,0,1,2,3,0,0,3,1,4,0,0,4,3,7,4,0,4,11
01/02/2022,JRF,HI,AWP,WE,Federal Contract Tower,0,0,2,0,2,0,0,1,0,1,0,0,3,0,3,1,0,1,4
01/03/2022,JRF,HI,AWP,WE,Federal Contract Tower,0,0,9,1,10,0,0,13,2,15,0,0,22,3,25,119,9,128,153
01/04/2022,JRF,HI,AWP,WE,Federal Contract Tower,0,0,1,0,1,0,0,56,13,69,0,0,57,13,70,274,54,328,398
01/05/2022,JRF,HI,AWP,WE,Federal Contract Tower,0,0,7,5,12,0,0,66,15,81,0,0,73,20,93,509,75,584,677
01/06/2022,JRF,HI,AWP,WE,Federal Contract Tower,0,0,1,6,7,0,0,53,9,62,0,0,54,15,69,501,36,537,606
01/07/2022,JRF,HI,AWP,WE,Federal Contract Tower,0,0,8,4,12,0,0,101,7,108,0,0,109,11,120,415,2,417,537
01/08/2022,JRF,HI,AWP,WE,Federal Contract Tower,0,0,3,2,5,0,0,90,4,94,0,0,93,6,99,518,3,521,620
01/09/2022,JRF,HI,AWP,WE,Federal Contract Tower,0,0,6,3,9,0,0,79,3,82,0,0,85,6,91,456,18,474,565
01/10/2022,JRF,HI,AWP,WE,Federal Contract Tower,0,0,6,11,17,0,0,108,20,128,0,0,114,31,145,428,103,531,676
01/11/2022,JRF,HI,AWP,WE,Federal Contract Tower,0,0,1,10,11,0,0,63,9,72,0,0,64,19,83,411,75,486,569
01/12/2022,JRF,HI,AWP,WE,Federal Contract Tower,0,0,7,13,20,0,0,90,30,120,0,0,97,43,140,430,105,535,675
01/13/2022,JRF,HI,AWP,WE,Federal Contract Tower,0,0,1,15,16,0,0,110,13,123,0,0,111,28,139,440,33,473,612
01/14/2022,JRF,HI,AWP,WE,Federal Contract Tower,0,0,3,9,12,0,0,90,8,98,0,0,93,17,110,438,28,466,576
01/15/2022,JRF,HI,AWP,WE,Federal Contract Tower,0,0,1,3,4,0,0,76,6,82,0,0,77,9,86,457,20,477,563
01/16/2022,JRF,HI,AWP,WE,Federal Contract Tower,0,0,5,4,9,0,0,40,0,40,0,0,45,4,49,275,22,297,346
01/17/2022,JRF,HI,AWP,WE,Federal Contract Tower,0,0,4,3,7,0,0,137,3,140,0,0,141,6,147,506,25,531,678
01/18/2022,JRF,HI,AWP,WE,Federal Contract Tower,0,0,4,4,8,0,0,47,14,61,0,0,51,18,69,547,67,614,683
01/19/2022,JRF,HI,AWP,WE,Federal Contract Tower,0,0,1,11,12,0,0,63,9,72,0,0,64,20,84,284,62,346,430
01/20/2022,JRF,HI,AWP,WE,Federal Contract Tower,0,0,8,4,12,0,0,38,27,65,0,0,46,31,77,322,115,437,514
01/21/2022,JRF,HI,AWP,WE,Federal Contract Tower,0,0,2,5,7,0,0,107,12,119,0,0,109,17,126,445,13,458,584
01/22/2022,JRF,HI,AWP,WE,Federal Contract Tower,0,0,3,2,5,0,0,61,0,61,0,0,64,2,66,366,1,367,433
01/23/2022,JRF,HI,AWP,WE,Federal Contract Tower,0,0,1,2,3,0,0,75,3,78,0,0,76,5,81,348,2,350,431
01/24/2022,JRF,HI,AWP,WE,Federal Contract Tower,0,0,2,4,6,0,0,22,50,72,0,0,24,54,78,389,57,446,524
01/25/2022,JRF,HI,AWP,WE,Federal Contract Tower,0,0,1,6,7,0,0,55,21,76,0,0,56,27,83,399,120,519,602
01/26/2022,JRF,HI,AWP,WE,Federal Contract Tower,0,0,5,11,16,0,0,58,17,75,0,0,63,28,91,457,120,577,668
01/27/2022,JRF,HI,AWP,WE,Federal Contract Tower,0,0,3,6,9,0,0,43,16,59,0,0,46,22,68,446,38,484,552
01/28/2022,JRF,HI,AWP,WE,Federal Contract Tower,0,0,9,2,11,0,0,84,10,94,0,0,93,12,105,389,1,390,495
01/29/2022,JRF,HI,AWP,WE,Federal Contract Tower,0,0,3,1,4,0,0,56,1,57,0,0,59,2,61,337,21,358,419
01/30/2022,JRF,HI,AWP,WE,Federal Contract Tower,0,0,4,2,6,0,0,46,2,48,0,0,50,4,54,261,2,263,317
01/31/2022,JRF,HI,AWP,WE,Federal Contract Tower,0,0,3,2,5,0,0,93,20,113,0,0,96,22,118,452,120,572,690
02/01/2022,JRF,HI,AWP,WE,Federal Contract Tower,0,0,10,4,14,0,0,30,24,54,0,0,40,28,68,462,80,542,610
02/02/2022,JRF,HI,AWP,WE,Federal Contract Tower,0,0,1,8,9,0,0,68,44,112,0,0,69,52,121,460,183,643,764
02/03/2022,JRF,HI,AWP,WE,Federal Contract Tower,0,0,7,5,12,0,0,53,14,67,0,0,60,19,79,410,85,495,574
02/04/2022,JRF,HI,AWP,WE,Federal Contract Tower,0,0,5,3,8,0,0,60,14,74,0,0,65,17,82,271,22,293,375
02/05/2022,JRF,HI,AWP,WE,Federal Contract Tower,0,0,3,4,7,0,0,101,11,112,0,0,104,15,119,416,12,428,547
02/06/2022,JRF,HI,AWP,WE,Federal Contract Tower,0,0,5,6,11,0,0,56,5,61,0,0,61,11,72,371,6,377,449
02/07/2022,JRF,HI,AWP,WE,Federal Contract Tower,0,0,1,4,5,0,0,76,3,79,0,0,77,7,84,481,82,563,647
02/08/2022,JRF,HI,AWP,WE,Federal Contract Tower,0,0,1,13,14,0,0,100,25,125,0,0,101,38,139,499,84,583,722
02/09/2022,JRF,HI,AWP,WE,Federal Contract Tower,0,0,0,10,10,0,0,77,23,100,0,0,77,33,110,367,142,509,619
02/10/2022,JRF,HI,AWP,WE,Federal Contract Tower,0,0,3,7,10,0,0,89,20,109,0,0,92,27,119,515,76,591,710
02/11/2022,JRF,HI,AWP,WE,Federal Contract Tower,0,0,3,3,6,0,0,54,6,60,0,0,57,9,66,377,3,380,446
02/12/2022,JRF,HI,AWP,WE,Federal Contract Tower,0,0,4,3,7,0,0,88,2,90,0,0,92,5,97,408,10,418,515
02/13/2022,JRF,HI,AWP,WE,Federal Contract Tower,0,0,5,4,9,0,0,50,8,58,0,0,55,12,67,357,10,367,434
02/14/2022,JRF,HI,AWP,WE,Federal Contract Tower,0,0,4,9,13,0,0,65,8,73,0,0,69,17,86,435,79,514,600
02/15/2022,JRF,HI,AWP,WE,Federal Contract Tower,0,0,6,9,15,0,0,89,26,115,0,0,95,35,130,409,147,556,686
02/16/2022,JRF,HI,AWP,WE,Federal Contract Tower,0,0,7,11,18,0,0,109,16,125,0,0,116,27,143,499,126,625,768
02/17/2022,JRF,HI,AWP,WE,Federal Contract Tower,0,0,2,10,12,0,0,48,15,63,0,0,50,25,75,445,55,500,575
02/18/2022,JRF,HI,AWP,WE,Federal Contract Tower,0,0,4,4,8,0,0,92,4,96,0,0,96,8,104,516,7,523,627
02/19/2022,JRF,HI,AWP,WE,Federal Contract Tower,0,0,8,2,10,0,0,66,2,68,0,0,74,4,78,380,25,405,483
02/20/2022,JRF,HI,AWP,WE,Federal Contract Tower,0,0,0,4,4,0,0,47,3,50,0,0,47,7,54,370,23,393,447
02/21/2022,JRF,HI,AWP,WE,Federal Contract Tower,0,0,5,1,6,0,0,71,6,77,0,0,76,7,83,459,20,479,562
02/22/2022,JRF,HI,AWP,WE,Federal Contract Tower,0,0,5,9,14,0,0,49,13,62,0,0,54,22,76,328,80,408,484
02/23/2022,JRF,HI,AWP,WE,Federal Contract Tower,0,0,3,10,13,0,0,52,11,63,0,0,55,21,76,284,65,349,425
02/24/2022,JRF,HI,AWP,WE,Federal Contract Tower,0,0,3,9,12,0,0,63,15,78,0,0,66,24,90,378,81,459,549
02/25/2022,JRF,HI,AWP,WE,Federal Contract Tower,0,0,3,4,7,0,0,60,12,72,0,0,63,16,79,424,32,456,535
02/26/2022,JRF,HI,AWP,WE,Federal Contract Tower,0,0,6,3,9,0,0,37,2,39,0,0,43,5,48,381,8,389,437
02/27/2022,JRF,HI,AWP,WE,Federal Contract Tower,0,0,2,4,6,0,0,50,3,53,0,0,52,7,59,420,0,420,479
02/28/2022,JRF,HI,AWP,WE,Federal Contract Tower,0,0,3,5,8,0,0,104,12,116,0,0,107,17,124,380,99,479,603
03/01/2022,JRF,HI,AWP,WE,Federal Contract Tower,0,0,7,7,14,0,0,107,14,121,0,0,114,21,135,509,101,610,745
03/02/2022,JRF,HI,AWP,WE,Federal Contract Tower,0,0,3,9,12,0,0,70,12,82,0,0,73,21,94,451,108,559,653
03/03/2022,JRF,HI,AWP,WE,Federal Contract Tower,0,0,8,15,23,0,0,65,22,87,0,0,73,37,110,301,100,401,511
03/04/2022,JRF,HI,AWP,WE,Federal Contract Tower,0,0,3,10,13,0,0,64,3,67,0,0,67,13,80,415,3,418,498
03/05/2022,JRF,HI,AWP,WE,Federal Contract Tower,0,0,1,6,7,0,0,67,13,80,0,0,68,19,87,354,20,374,461
03/06/2022,JRF,HI,AWP,WE,Federal Contract Tower,0,0,6,7,13,0,0,40,4,44,0,0,46,11,57,303,2,305,362
03/07/2022,JRF,HI,AWP,WE,Federal Contract Tower,0,0,4,5,9,0,0,33,8,41,0,0,37,13,50,248,21,269,319
03/08/2022,JRF,HI,AWP,WE,Federal Contract Tower,0,0,6,9,15,0,0,59,22,81,0,0,65,31,96,316,101,417,513
03/09/2022,JRF,HI,AWP,WE,Federal Contract Tower,0,0,9,6,15,0,0,74,9,83,0,0,83,15,98,326,76,402,500
03/10/2022,JRF,HI,AWP,WE,Federal Contract Tower,0,0,1,6,7,0,0,106,15,121,0,0,107,21,128,600,26,626,754
03/11/2022,JRF,HI,AWP,WE,Federal Contract Tower,0,0,9,5,14,0,0,81,5,86,0,0,90,10,100,269,3,272,372
03/12/2022,JRF,HI,AWP,WE,Federal Contract Tower,0,0,5,1,6,0,0,65,2,67,0,0,70,3,73,397,32,429,502
03/13/2022,JRF,HI,AWP,WE,Federal Contract Tower,0,0,5,4,9,0,0,42,1,43,0,0,47,5,52,387,12,399,451
03/14/2022,JRF,HI,AWP,WE,Federal Contract Tower,0,0,4,3,7,0,0,63,3,66,0,0,67,6,73,300,85,385,458
03/15/2022,JRF,HI,AWP,WE,Federal Contract Tower,0,0,3,8,11,0,0,62,22,84,0,0,65,30,95,390,20,410,505
03/16/2022,JRF,HI,AWP,WE,Federal Contract Tower,0,0,4,2,6,0,0,54,14,68,0,0,58,16,74,388,37,425,499
03/17/2022,JRF,HI,AWP,WE,Federal Contract Tower,0,0,5,5,10,0,0,95,24,119,0,0,100,29,129,295,30,325,454
03/18/2022,JRF,HI,AWP,WE,Federal Contract Tower,0,0,10,3,13,0,0,96,7,103,0,0,106,10,116,439,64,503,619
03/19/2022,JRF,HI,AWP,WE,Federal Contract Tower,0,0,4,3,7,0,0,72,1,73,0,0,76,4,80,326,22,348,428
03/20/2022,JRF,HI,AWP,WE,Federal Contract Tower,0,0,6,1,7,0,0,72,4,76,0,0,78,5,83,320,4,324,407
03/21/2022,JRF,HI,AWP,WE,Federal Contract Tower,0,0,5,3,8,0,0,77,14,91,0,0,82,17,99,540,79,619,718
03/22/2022,JRF,HI,AWP,WE,Federal Contract Tower,0,0,4,1,5,0,0,102,41,143,0,0,106,42,148,453,84,537,685
03/23/2022,JRF,HI,AWP,WE,Federal Contract Tower,0,0,6,6,12,0,0,68,22,90,0,0,74,28,102,375,135,510,612
03/24/2022,JRF,HI,AWP,WE,Federal Contract Tower,0,0,4,4,8,0,0,47,22,69,0,0,51,26,77,286,44,330,407
03/25/2022,JRF,HI,AWP,WE,Federal Contract Tower,0,0,9,3,12,0,0,33,10,43,0,0,42,13,55,200,32,232,287
03/26/2022,JRF,HI,AWP,WE,Federal Contract Tower,0,0,4,1,5,0,0,75,3,78,0,0,79,4,83,350,18,368,451
03/27/2022,JRF,HI,AWP,WE,Federal Contract Tower,0,0,3,7,10,0,0,42,0,42,0,0,45,7,52,246,15,261,313
03/28/2022,JRF,HI,AWP,WE,Federal Contract Tower,0,0,9,8,17,0,0,105,33,138,0,0,114,41,155,707,102,809,964
03/29/2022,JRF,HI,AWP,WE,Federal Contract Tower,0,0,4,2,6,0,0,62,29,91,0,0,66,31,97,397,61,458,555
03/30/2022,JRF,HI,AWP,WE,Federal Contract Tower,0,0,7,6,13,0,0,76,12,88,0,0,83,18,101,350,97,447,548
03/31/2022,JRF,HI,AWP,WE,Federal Contract Tower,0,0,7,7,14,0,0,71,21,92,0,0,78,28,106,431,92,523,629
04/01/2022,JRF,HI,AWP,WE,Federal Contract Tower,0,0,6,4,10,0,0,72,4,76,0,0,78,8,86,300,20,320,406
04/02/2022,JRF,HI,AWP,WE,Federal Contract Tower,0,0,4,2,6,0,0,41,7,48,0,0,45,9,54,258,16,274,328
04/03/2022,JRF,HI,AWP,WE,Federal Contract Tower,0,0,2,9,11,0,0,20,4,24,0,0,22,13,35,219,11,230,265
04/04/2022,JRF,HI,AWP,WE,Federal Contract Tower,0,0,9,4,13,0,0,73,5,78,0,0,82,9,91,455,64,519,610
04/05/2022,JRF,HI,AWP,WE,Federal Contract Tower,0,0,1,9,10,0,0,87,16,103,0,0,88,25,113,402,54,456,569
04/06/2022,JRF,HI,AWP,WE,Federal Contract Tower,0,0,4,7,11,0,0,75,10,85,0,0,79,17,96,538,101,639,735
04/07/2022,JRF,HI,AWP,WE,Federal Contract Tower,0,0,4,10,14,0,0,69,47,116,0,0,73,57,130,280,63,343,473
04/08/2022,JRF,HI,AWP,WE,Federal Contract Tower,0,0,7,4,11,0,0,46,10,56,0,0,53,14,67,271,23,294,361
04/09/2022,JRF,HI,AWP,WE,Federal Contract Tower,0,0,2,2,4,0,0,64,14,78,0,0,66,16,82,315,9,324,406
04/10/2022,JRF,HI,AWP,WE,Federal Contract Tower,0,0,0,3,3,0,0,46,4,50,0,0,46,7,53,269,0,269,322
04/11/2022,JRF,HI,AWP,WE,Federal Contract Tower,0,0,2,3,5,0,0,57,11,68,0,0,59,14,73,349,98,447,520
04/12/2022,JRF,HI,AWP,WE,Federal Contract Tower,0,0,3,1,4,0,0,68,18,86,0,0,71,19,90,315,39,354,444
04/13/2022,JRF,HI,AWP,WE,Federal Contract Tower,0,0,3,6,9,0,0,71,11,82,0,0,74,17,91,373,71,444,535
04/14/2022,JRF,HI,AWP,WE,Federal Contract Tower,0,0,2,11,13,0,0,55,13,68,0,0,57,24,81,320,37,357,438
04/15/2022,JRF,HI,AWP,WE,Federal Contract Tower,0,0,5,2,7,0,0,53,1,54,0,0,58,3,61,352,29,381,442
04/16/2022,JRF,HI,AWP,WE,Federal Contract Tower,0,0,1,5,6,0,0,57,3,60,0,0,58,8,66,303,9,312,378
04/17/2022,JRF,HI,AWP,WE,Federal Contract Tower,0,0,5,5,10,0,0,54,0,54,0,0,59,5,64,205,8,213,277
04/18/2022,JRF,HI,AWP,WE,Federal Contract Tower,0,0,6,6,12,0,0,52,5,57,0,0,58,11,69,531,6,537,606
04/19/2022,JRF,HI,AWP,WE,Federal Contract Tower,0,0,3,9,12,0,0,66,36,102,0,0,69,45,114,419,88,507,621
04/20/2022,JRF,HI,AWP,WE,Federal Contract Tower,0,0,4,7,11,0,0,102,19,121,0,0,106,26,132,460,112,572,704
04/21/2022,JRF,HI,AWP,WE,Federal Contract Tower,0,0,3,8,11,0,0,82,26,108,0,0,85,34,119,362,42,404,523
04/22/2022,JRF,HI,AWP,WE,Federal Contract Tower,0,0,6,6,12,0,0,64,7,71,0,0,70,13,83,290,35,325,408
04/23/2022,JRF,HI,AWP,WE,Federal Contract Tower,0,0,3,6,9,0,0,70,6,76,0,0,73,12,85,369,5,374,459
04/24/2022,JRF,HI,AWP,WE,Federal Contract Tower,0,0,5,3,8,0,0,51,0,51,0,0,56,3,59,450,8,458,517
04/25/2022,JRF,HI,AWP,WE,Federal Contract Tower,0,0,1,0,1,0,0,81,8,89,0,0,82,8,90,328,65,393,483
04/26/2022,JRF,HI,AWP,WE,Federal Contract Tower,0,0,2,6,8,0,0,77,15,92,0,0,79,21,100,520,51,571,671
04/27/2022,JRF,HI,AWP,WE,Federal Contract Tower,0,0,5,9,14,0,0,87,26,113,0,0,92,35,127,340,58,398,525
04/28/2022,JRF,HI,AWP,WE,Federal Contract Tower,0,0,5,6,11,0,0,40,19,59,0,0,45,25,70,223,88,311,381
04/29/2022,JRF,HI,AWP,WE,Federal Contract Tower,0,0,7,6,13,0,0,69,19,88,0,0,76,25,101,276,30,306,407
04/30/2022,JRF,HI,AWP,WE,Federal Contract Tower,0,0,0,1,1,0,0,83,5,88,0,0,83,6,89,365,56,421,510
05/01/2022,JRF,HI,AWP,WE,Federal Contract Tower,0,0,0,3,3,0,0,47,0,47,0,0,47,3,50,303,15,318,368
05/02/2022,JRF,HI,AWP,WE,Federal Contract Tower,0,0,5,2,7,0,0,57,2,59,0,0,62,4,66,341,100,441,507
05/03/2022,JRF,HI,AWP,WE,Federal Contract Tower,0,0,3,3,6,0,0,70,28,98,0,0,73,31,104,382,50,432,536
05/04/2022,JRF,HI,AWP,WE,Federal Contract Tower,0,0,4,6,10,0,0,89,22,111,0,0,93,28,121,379,44,423,544
05/05/2022,JRF,HI,AWP,WE,Federal Contract Tower,0,0,0,5,5,0,0,70,44,114,0,0,70,49,119,404,41,445,564
05/06/2022,JRF,HI,AWP,WE,Federal Contract Tower,0,0,2,8,10,0,0,69,10,79,0,0,71,18,89,376,20,396,485
05/07/2022,JRF,HI,AWP,WE,Federal Contract Tower,0,0,5,3,8,0,0,54,0,54,0,0,59,3,62,347,1,348,410
05/08/2022,JRF,HI,AWP,WE,Federal Contract Tower,0,0,0,3,3,0,0,47,0,47,0,0,47,3,50,269,1,270,320
05/09/2022,JRF,HI,AWP,WE,Federal Contract Tower,0,0,0,3,3,0,0,86,5,91,0,0,86,8,94,323,63,386,480
05/10/2022,JRF,HI,AWP,WE,Federal Contract Tower,0,0,3,3,6,0,0,78,41,119,0,0,81,44,125,374,16,390,515
05/11/2022,JRF,HI,AWP,WE,Federal Contract Tower,0,0,1,3,4,0,0,79,21,100,0,0,80,24,104,380,85,465,569
05/12/2022,JRF,HI,AWP,WE,Federal Contract Tower,0,0,1,1,2,0,0,92,18,110,0,0,93,19,112,431,6,437,549
05/13/2022,JRF,HI,AWP,WE,Federal Contract Tower,0,0,1,2,3,0,0,49,11,60,0,0,50,13,63,325,6,331,394
05/14/2022,JRF,HI,AWP,WE,Federal Contract Tower,0,0,3,2,5,0,0,53,7,60,0,0,56,9,65,367,7,374,439
05/15/2022,JRF,HI,AWP,WE,Federal Contract Tower,0,0,1,5,6,0,0,32,1,33,0,0,33,6,39,248,22,270,309
05/16/2022,JRF,HI,AWP,WE,Federal Contract Tower,0,0,4,6,10,0,0,72,3,75,0,0,76,9,85,292,24,316,401
05/17/2022,JRF,HI,AWP,WE,Federal Contract Tower,0,0,0,8,8,0,0,70,10,80,0,0,70,18,88,396,24,420,508
05/18/2022,JRF,HI,AWP,WE,Federal Contract Tower,0,0,2,7,9,0,0,18,12,30,0,0,20,19,39,215,38,253,292
05/19/2022,JRF,HI,AWP,WE,Federal Contract Tower,0,0,3,8,11,0,0,85,34,119,0,0,88,42,130,372,38,410,540
05/20/2022,JRF,HI,AWP,WE,Federal Contract Tower,0,0,4,4,8,0,0,25,4,29,0,0,29,8,37,80,2,82,119
05/21/2022,JRF,HI,AWP,WE,Federal Contract Tower,0,0,4,5,9,0,0,50,4,54,0,0,54,9,63,327,4,331,394
05/22/2022,JRF,HI,AWP,WE,Federal Contract Tower,0,0,7,2,9,0,0,60,1,61,0,0,67,3,70,241,2,243,313
05/23/2022,JRF,HI,AWP,WE,Federal Contract Tower,0,0,4,9,13,0,0,48,1,49,0,0,52,10,62,399,28,427,489
05/24/2022,JRF,HI,AWP,WE,Federal Contract Tower,0,0,6,10,16,0,0,55,22,77,0,0,61,32,93,386,55,441,534
05/25/2022,JRF,HI,AWP,WE,Federal Contract Tower,0,0,0,7,7,0,0,117,22,139,0,0,117,29,146,435,37,472,618
05/26/2022,JRF,HI,AWP,WE,Federal Contract Tower,0,0,0,5,5,0,0,100,13,113,0,0,100,18,118,313,10,323,441
05/27/2022,JRF,HI,AWP,WE,Federal Contract Tower,0,0,2,1,3,0,0,74,1,75,0,0,76,2,78,408,30,438,516
05/28/2022,JRF,HI,AWP,WE,Federal Contract Tower,0,0,1,2,3,0,0,45,1,46,0,0,46,3,49,431,1,432,481
05/29/2022,JRF,HI,AWP,WE,Federal Contract Tower,0,0,0,4,4,0,0,32,0,32,0,0,32,4,36,253,0,253,289
05/30/2022,JRF,HI,AWP,WE,Federal Contract Tower,0,0,1,2,3,0,0,67,1,68,0,0,68,3,71,358,2,360,431
05/31/2022,JRF,HI,AWP,WE,Federal Contract Tower,0,0,2,4,6,0,0,75,16,91,0,0,77,20,97,393,61,454,551
06/01/2022,JRF,HI,AWP,WE,Federal Contract Tower,0,0,5,2,7,0,0,96,13,109,0,0,101,15,116,394,47,441,557
06/02/2022,JRF,HI,AWP,WE,Federal Contract Tower,0,0,0,3,3,0,0,91,26,117,0,0,91,29,120,433,122,555,675
06/03/2022,JRF,HI,AWP,WE,Federal Contract Tower,0,0,1,8,9,0,0,62,2,64,0,0,63,10,73,332,5,337,410
06/04/2022,JRF,HI,AWP,WE,Federal Contract Tower,0,0,1,11,12,0,0,76,6,82,0,0,77,17,94,337,8,345,439
06/05/2022,JRF,HI,AWP,WE,Federal Contract Tower,0,0,3,7,10,0,0,30,6,36,0,0,33,13,46,255,11,266,312
06/06/2022,JRF,HI,AWP,WE,Federal Contract Tower,0,0,0,5,5,0,0,45,13,58,0,0,45,18,63,393,41,434,497
06/07/2022,JRF,HI,AWP,WE,Federal Contract Tower,0,0,3,2,5,0,0,96,7,103,0,0,99,9,108,484,44,528,636
06/08/2022,JRF,HI,AWP,WE,Federal Contract Tower,0,0,0,5,5,0,0,53,6,59,0,0,53,11,64,387,48,435,499
06/09/2022,JRF,HI,AWP,WE,Federal Contract Tower,0,0,1,8,9,0,0,59,10,69,0,0,60,18,78,398,30,428,506
06/10/2022,JRF,HI,AWP,WE,Federal Contract Tower,0,0,0,3,3,0,0,48,3,51,0,0,48,6,54,365,3,368,422
06/11/2022,JRF,HI,AWP,WE,Federal Contract Tower,0,0,1,3,4,0,0,46,10,56,0,0,47,13,60,341,14,355,415
06/12/2022,JRF,HI,AWP,WE,Federal Contract Tower,0,0,2,4,6,0,0,25,2,27,0,0,27,6,33,255,34,289,322
06/13/2022,JRF,HI,AWP,WE,Federal Contract Tower,0,0,3,5,8,0,0,12,17,29,0,0,15,22,37,215,46,261,298
06/14/2022,JRF,HI,AWP,WE,Federal Contract Tower,0,0,0,7,7,0,0,110,20,130,0,0,110,27,137,540,30,570,707
06/15/2022,JRF,HI,AWP,WE,Federal Contract Tower,0,0,0,1,1,0,0,80,64,144,0,0,80,65,145,387,96,483,628
06/16/2022,JRF,HI,AWP,WE,Federal Contract Tower,0,0,2,4,6,0,0,109,31,140,0,0,111,35,146,457,27,484,630
06/17/2022,JRF,HI,AWP,WE,Federal Contract Tower,0,0,1,1,2,0,0,100,3,103,0,0,101,4,105,546,21,567,672
06/18/2022,JRF,HI,AWP,WE,Federal Contract Tower,0,0,2,4,6,0,0,40,2,42,0,0,42,6,48,332,2,334,382
06/19/2022,JRF,HI,AWP,WE,Federal Contract Tower,0,0,1,5,6,0,0,29,2,31,0,0,30,7,37,164,2,166,203
06/20/2022,JRF,HI,AWP,WE,Federal Contract Tower,0,0,0,1,1,0,0,95,3,98,0,0,95,4,99,384,17,401,500
06/21/2022,JRF,HI,AWP,WE,Federal Contract Tower,0,0,6,13,19,0,0,104,24,128,0,0,110,37,147,477,76,553,700
06/22/2022,JRF,HI,AWP,WE,Federal Contract Tower,0,0,4,6,10,0,0,59,11,70,0,0,63,17,80,353,144,497,577
06/23/2022,JRF,HI,AWP,WE,Federal Contract Tower,0,0,1,6,7,0,0,118,40,158,0,0,119,46,165,417,36,453,618
06/24/2022,JRF,HI,AWP,WE,Federal Contract Tower,0,0,2,7,9,0,0,86,15,101,0,0,88,22,110,395,31,426,536
06/25/2022,JRF,HI,AWP,WE,Federal Contract Tower,0,0,2,4,6,0,0,40,4,44,0,0,42,8,50,294,2,296,346
06/26/2022,JRF,HI,AWP,WE,Federal Contract Tower,0,0,0,1,1,0,0,40,0,40,0,0,40,1,41,153,9,162,203
06/27/2022,JRF,HI,AWP,WE,Federal Contract Tower,0,0,4,10,14,0,0,52,10,62,0,0,56,20,76,303,50,353,429
06/28/2022,JRF,HI,AWP,WE,Federal Contract Tower,0,0,2,5,7,0,0,57,25,82,0,0,59,30,89,325,103,428,517
06/29/2022,JRF,HI,AWP,WE,Federal Contract Tower,0,0,4,7,11,0,0,108,25,133,0,0,112,32,144,476,168,644,788
06/30/2022,JRF,HI,AWP,WE,Federal Contract Tower,0,0,1,8,9,0,0,58,24,82,0,0,59,32,91,335,41,376,467
07/01/2022,JRF,HI,AWP,WE,Federal Contract Tower,0,0,3,3,6,0,0,63,10,73,0,0,66,13,79,247,15,262,341
07/02/2022,JRF,HI,AWP,WE,Federal Contract Tower,0,0,0,1,1,0,0,42,8,50,0,0,42,9,51,252,0,252,303
07/03/2022,JRF,HI,AWP,WE,Federal Contract Tower,0,0,2,2,4,0,0,36,4,40,0,0,38,6,44,214,1,215,259
07/04/2022,JRF,HI,AWP,WE,Federal Contract Tower,0,0,2,0,2,0,0,48,0,48,0,0,50,0,50,258,3,261,311
07/05/2022,JRF,HI,AWP,WE,Federal Contract Tower,0,0,2,4,6,0,0,86,4,90,0,0,88,8,96,339,66,405,501
07/06/2022,JRF,HI,AWP,WE,Federal Contract Tower,0,0,5,7,12,0,0,77,20,97,0,0,82,27,109,390,72,462,571
07/07/2022,JRF,HI,AWP,WE,Federal Contract Tower,0,0,0,6,6,0,0,100,45,145,0,0,100,51,151,457,54,511,662
07/08/2022,JRF,HI,AWP,WE,Federal Contract Tower,0,0,2,6,8,0,0,119,29,148,0,0,121,35,156,410,3,413,569
07/09/2022,JRF,HI,AWP,WE,Federal Contract Tower,0,0,4,7,11,0,0,27,8,35,0,0,31,15,46,300,17,317,363
07/10/2022,JRF,HI,AWP,WE,Federal Contract Tower,0,0,2,8,10,0,0,52,4,56,0,0,54,12,66,244,14,258,324
07/11/2022,JRF,HI,AWP,WE,Federal Contract Tower,0,0,2,5,7,0,0,49,5,54,0,0,51,10,61,290,40,330,391
07/12/2022,JRF,HI,AWP,WE,Federal Contract Tower,0,0,2,12,14,0,0,77,50,127,0,0,79,62,141,364,73,437,578
07/13/2022,JRF,HI,AWP,WE,Federal Contract Tower,0,0,3,8,11,0,0,66,26,92,0,0,69,34,103,380,158,538,641
07/14/2022,JRF,HI,AWP,WE,Federal Contract Tower,0,0,1,8,9,0,0,48,21,69,0,0,49,29,78,330,52,382,460
07/15/2022,JRF,HI,AWP,WE,Federal Contract Tower,0,0,6,5,11,0,0,27,19,46,0,0,33,24,57,422,29,451,508
07/16/2022,JRF,HI,AWP,WE,Federal Contract Tower,0,0,0,6,6,0,0,106,16,122,0,0,106,22,128,322,5,327,455
07/17/2022,JRF,HI,AWP,WE,Federal Contract Tower,0,0,1,6,7,0,0,68,14,82,0,0,69,20,89,249,16,265,354
07/18/2022,JRF,HI,AWP,WE,Federal Contract Tower,0,0,6,4,10,0,0,35,23,58,0,0,41,27,68,274,53,327,395
07/19/2022,JRF,HI,AWP,WE,Federal Contract Tower,0,0,2,5,7,0,0,63,6,69,0,0,65,11,76,464,29,493,569
07/20/2022,JRF,HI,AWP,WE,Federal Contract Tower,0,0,2,11,13,0,0,56,21,77,0,0,58,32,90,496,151,647,737
07/21/2022,JRF,HI,AWP,WE,Federal Contract Tower,0,0,7,11,18,0,0,91,37,128,0,0,98,48,146,430,86,516,662
07/22/2022,JRF,HI,AWP,WE,Federal Contract Tower,0,0,1,2,3,0,0,108,22,130,0,0,109,24,133,577,38,615,748
07/23/2022,JRF,HI,AWP,WE,Federal Contract Tower,0,0,1,3,4,0,0,128,4,132,0,0,129,7,136,284,0,284,420
07/24/2022,JRF,HI,AWP,WE,Federal Contract Tower,0,0,3,4,7,0,0,80,8,88,0,0,83,12,95,334,24,358,453
07/25/2022,JRF,HI,AWP,WE,Federal Contract Tower,0,0,9,9,18,0,0,81,29,110,0,0,90,38,128,382,28,410,538
07/26/2022,JRF,HI,AWP,WE,Federal Contract Tower,0,0,4,7,11,0,0,88,42,130,0,0,92,49,141,474,51,525,666
07/27/2022,JRF,HI,AWP,WE,Federal Contract Tower,0,0,4,3,7,0,0,113,63,176,0,0,117,66,183,568,16,584,767
07/28/2022,JRF,HI,AWP,WE,Federal Contract Tower,0,0,1,9,10,0,0,100,20,120,0,0,101,29,130,326,71,397,527
07/29/2022,JRF,HI,AWP,WE,Federal Contract Tower,0,0,3,9,12,0,0,75,8,83,0,0,78,17,95,399,5,404,499
07/30/2022,JRF,HI,AWP,WE,Federal Contract Tower,0,0,1,4,5,0,0,60,26,86,0,0,61,30,91,342,21,363,454
07/31/2022,JRF,HI,AWP,WE,Federal Contract Tower,0,0,4,3,7,0,0,56,1,57,0,0,60,4,64,276,0,276,340
08/01/2022,JRF,HI,AWP,WE,Federal Contract Tower,0,0,0,5,5,0,0,104,31,135,0,0,104,36,140,421,74,495,635
08/02/2022,JRF,HI,AWP,WE,Federal Contract Tower,0,0,3,7,10,0,0,89,22,111,0,0,92,29,121,483,85,568,689
08/03/2022,JRF,HI,AWP,WE,Federal Contract Tower,0,0,2,6,8,0,0,62,15,77,0,0,64,21,85,462,59,521,606
08/04/2022,JRF,HI,AWP,WE,Federal Contract Tower,0,0,6,9,15,0,0,80,27,107,0,0,86,36,122,484,87,571,693
08/05/2022,JRF,HI,AWP,WE,Federal Contract Tower,0,0,1,6,7,0,0,97,22,119,0,0,98,28,126,404,22,426,552
08/06/2022,JRF,HI,AWP,WE,Federal Contract Tower,0,0,0,5,5,0,0,63,9,72,0,0,63,14,77,372,49,421,498
08/07/2022,JRF,HI,AWP,WE,Federal Contract Tower,0,0,3,5,8,0,0,88,23,111,0,0,91,28,119,253,50,303,422
08/08/2022,JRF,HI,AWP,WE,Federal Contract Tower,0,0,1,9,10,0,0,95,29,124,0,0,96,38,134,362,100,462,596
08/09/2022,JRF,HI,AWP,WE,Federal Contract Tower,0,0,3,10,13,0,0,102,32,134,0,0,105,42,147,482,68,550,697
08/10/2022,JRF,HI,AWP,WE,Federal Contract Tower,0,0,2,7,9,0,0,92,19,111,0,0,94,26,120,460,55,515,635
08/11/2022,JRF,HI,AWP,WE,Federal Contract Tower,0,0,3,7,10,0,0,96,15,111,0,0,99,22,121,379,13,392,513
08/12/2022,JRF,HI,AWP,WE,Federal Contract Tower,0,0,2,2,4,0,0,100,8,108,0,0,102,10,112,452,32,484,596
08/13/2022,JRF,HI,AWP,WE,Federal Contract Tower,0,0,2,3,5,0,0,62,7,69,0,0,64,10,74,330,8,338,412
08/14/2022,JRF,HI,AWP,WE,Federal Contract Tower,0,0,1,3,4,0,0,84,5,89,0,0,85,8,93,331,3,334,427
08/15/2022,JRF,HI,AWP,WE,Federal Contract Tower,0,0,6,6,12,0,0,109,16,125,0,0,115,22,137,477,25,502,639
08/16/2022,JRF,HI,AWP,WE,Federal Contract Tower,0,0,3,10,13,0,0,53,15,68,0,0,56,25,81,595,50,645,726
08/17/2022,JRF,HI,AWP,WE,Federal Contract Tower,0,0,3,7,10,0,0,59,13,72,0,0,62,20,82,530,33,563,645
08/18/2022,JRF,HI,AWP,WE,Federal Contract Tower,0,0,6,5,11,0,0,86,4,90,0,0,92,9,101,569,85,654,755
08/19/2022,JRF,HI,AWP,WE,Federal Contract Tower,0,0,5,5,10,0,0,107,25,132,0,0,112,30,142,638,16,654,796
08/20/2022,JRF,HI,AWP,WE,Federal Contract Tower,0,0,1,1,2,0,0,76,8,84,0,0,77,9,86,334,33,367,453
08/21/2022,JRF,HI,AWP,WE,Federal Contract Tower,0,0,8,4,12,0,0,64,8,72,0,0,72,12,84,237,28,265,349
08/22/2022,JRF,HI,AWP,WE,Federal Contract Tower,0,0,3,7,10,0,0,72,10,82,0,0,75,17,92,425,11,436,528
08/23/2022,JRF,HI,AWP,WE,Federal Contract Tower,0,0,2,7,9,0,0,83,30,113,0,0,85,37,122,261,143,404,526
08/24/2022,JRF,HI,AWP,WE,Federal Contract Tower,0,0,1,11,12,0,0,72,21,93,0,0,73,32,105,545,34,579,684
08/25/2022,JRF,HI,AWP,WE,Federal Contract Tower,0,0,3,3,6,0,0,69,24,93,0,0,72,27,99,469,71,540,639
08/26/2022,JRF,HI,AWP,WE,Federal Contract Tower,0,0,3,0,3,0,0,136,11,147,0,0,139,11,150,578,45,623,773
08/27/2022,JRF,HI,AWP,WE,Federal Contract Tower,0,0,3,2,5,0,0,43,1,44,0,0,46,3,49,282,22,304,353
08/28/2022,JRF,HI,AWP,WE,Federal Contract Tower,0,0,5,4,9,0,0,58,2,60,0,0,63,6,69,239,20,259,328
08/29/2022,JRF,HI,AWP,WE,Federal Contract Tower,0,0,2,8,10,0,0,57,8,65,0,0,59,16,75,529,29,558,633
08/30/2022,JRF,HI,AWP,WE,Federal Contract Tower,0,0,6,11,17,0,0,63,41,104,0,0,69,52,121,448,75,523,644
08/31/2022,JRF,HI,AWP,WE,Federal Contract Tower,0,0,0,7,7,0,0,84,24,108,0,0,84,31,115,425,37,462,577
09/01/2022,JRF,HI,AWP,WE,Federal Contract Tower,0,0,8,10,18,0,0,103,12,115,0,0,111,22,133,462,64,526,659
09/02/2022,JRF,HI,AWP,WE,Federal Contract Tower,0,0,0,2,2,0,0,72,1,73,0,0,72,3,75,416,32,448,523
09/03/2022,JRF,HI,AWP,WE,Federal Contract Tower,0,0,8,0,8,0,0,48,4,52,0,0,56,4,60,222,24,246,306
09/04/2022,JRF,HI,AWP,WE,Federal Contract Tower,0,0,4,2,6,0,0,85,1,86,0,0,89,3,92,290,4,294,386
09/05/2022,JRF,HI,AWP,WE,Federal Contract Tower,0,0,0,1,1,0,0,84,1,85,0,0,84,2,86,348,19,367,453
09/06/2022,JRF,HI,AWP,WE,Federal Contract Tower,0,0,4,4,8,0,0,100,20,120,0,0,104,24,128,460,94,554,682
09/07/2022,JRF,HI,AWP,WE,Federal Contract Tower,0,0,1,9,10,0,0,53,32,85,0,0,54,41,95,511,169,680,775
09/08/2022,JRF,HI,AWP,WE,Federal Contract Tower,0,0,4,9,13,0,0,90,50,140,0,0,94,59,153,549,123,672,825
09/09/2022,JRF,HI,AWP,WE,Federal Contract Tower,0,0,1,7,8,0,0,54,6,60,0,0,55,13,68,393,13,406,474
09/10/2022,JRF,HI,AWP,WE,Federal Contract Tower,0,0,3,8,11,0,0,42,7,49,0,0,45,15,60,317,8,325,385
09/11/2022,JRF,HI,AWP,WE,Federal Contract Tower,0,0,6,3,9,0,0,74,4,78,0,0,80,7,87,221,21,242,329
09/12/2022,JRF,HI,AWP,WE,Federal Contract Tower,0,0,3,10,13,0,0,91,16,107,0,0,94,26,120,474,110,584,704
09/13/2022,JRF,HI,AWP,WE,Federal Contract Tower,0,0,0,6,6,0,0,82,23,105,0,0,82,29,111,424,124,548,659
09/14/2022,JRF,HI,AWP,WE,Federal Contract Tower,0,0,3,2,5,0,0,85,30,115,0,0,88,32,120,486,50,536,656
09/15/2022,JRF,HI,AWP,WE,Federal Contract Tower,0,0,2,3,5,0,0,79,16,95,0,0,81,19,100,537,74,611,711
09/16/2022,JRF,HI,AWP,WE,Federal Contract Tower,0,0,0,2,2,0,0,93,18,111,0,0,93,20,113,396,16,412,525
09/17/2022,JRF,HI,AWP,WE,Federal Contract Tower,0,0,3,0,3,0,0,87,12,99,0,0,90,12,102,327,28,355,457
09/18/2022,JRF,HI,AWP,WE,Federal Contract Tower,0,0,1,7,8,0,0,47,10,57,0,0,48,17,65,192,7,199,264
09/19/2022,JRF,HI,AWP,WE,Federal Contract Tower,0,0,3,1,4,0,0,107,21,128,0,0,110,22,132,288,75,363,495
09/20/2022,JRF,HI,AWP,WE,Federal Contract Tower,0,0,3,4,7,0,0,87,22,109,0,0,90,26,116,319,45,364,480
09/21/2022,JRF,HI,AWP,WE,Federal Contract Tower,0,0,2,4,6,0,0,120,40,160,0,0,122,44,166,508,83,591,757
09/22/2022,JRF,HI,AWP,WE,Federal Contract Tower,0,0,3,4,7,0,0,80,18,98,0,0,83,22,105,365,19,384,489
09/23/2022,JRF,HI,AWP,WE,Federal Contract Tower,0,0,2,5,7,0,0,102,10,112,0,0,104,15,119,546,37,583,702
09/24/2022,JRF,HI,AWP,WE,Federal Contract Tower,0,0,2,1,3,0,0,100,5,105,0,0,102,6,108,420,2,422,530
09/25/2022,JRF,HI,AWP,WE,Federal Contract Tower,0,0,1,1,2,0,0,37,2,39,0,0,38,3,41,217,2,219,260
09/26/2022,JRF,HI,AWP,WE,Federal Contract Tower,0,0,2,5,7,0,0,97,31,128,0,0,99,36,135,473,63,536,671
09/27/2022,JRF,HI,AWP,WE,Federal Contract Tower,0,0,4,10,14,0,0,149,16,165,0,0,153,26,179,403,31,434,613
09/28/2022,JRF,HI,AWP,WE,Federal Contract Tower,0,0,3,3,6,0,0,81,42,123,0,0,84,45,129,452,76,528,657
09/29/2022,JRF,HI,AWP,WE,Federal Contract Tower,0,0,2,9,11,0,0,85,27,112,0,0,87,36,123,358,63,421,544
09/30/2022,JRF,HI,AWP,WE,Federal Contract Tower,0,0,0,2,2,0,0,118,4,122,0,0,118,6,124,332,9,341,465
10/01/2022,JRF,HI,AWP,WE,Federal Contract Tower,0,0,0,3,3,0,0,58,2,60,0,0,58,5,63,523,1,524,587
10/02/2022,JRF,HI,AWP,WE,Federal Contract Tower,0,0,6,3,9,0,0,21,3,24,0,0,27,6,33,113,17,130,163
10/03/2022,JRF,HI,AWP,WE,Federal Contract Tower,0,0,1,9,10,0,0,80,11,91,0,0,81,20,101,336,30,366,467
10/04/2022,JRF,HI,AWP,WE,Federal Contract Tower,0,0,1,4,5,0,0,52,6,58,0,0,53,10,63,435,57,492,555
10/05/2022,JRF,HI,AWP,WE,Federal Contract Tower,0,0,0,7,7,0,0,66,29,95,0,0,66,36,102,356,42,398,500
10/06/2022,JRF,HI,AWP,WE,Federal Contract Tower,0,0,1,4,5,0,0,60,14,74,0,0,61,18,79,444,52,496,575
10/07/2022,JRF,HI,AWP,WE,Federal Contract Tower,0,0,1,1,2,0,0,95,4,99,0,0,96,5,101,394,18,412,513
10/08/2022,JRF,HI,AWP,WE,Federal Contract Tower,0,0,1,2,3,0,0,68,5,73,0,0,69,7,76,202,9,211,287
10/09/2022,JRF,HI,AWP,WE,Federal Contract Tower,0,0,4,0,4,0,0,66,0,66,0,0,70,0,70,191,3,194,264
10/10/2022,JRF,HI,AWP,WE,Federal Contract Tower,0,0,0,1,1,0,0,80,6,86,0,0,80,7,87,332,5,337,424
10/11/2022,JRF,HI,AWP,WE,Federal Contract Tower,0,0,3,5,8,0,0,67,9,76,0,0,70,14,84,302,24,326,410
10/12/2022,JRF,HI,AWP,WE,Federal Contract Tower,0,0,2,8,10,0,0,123,6,129,0,0,125,14,139,540,48,588,727
10/13/2022,JRF,HI,AWP,WE,Federal Contract Tower,0,0,0,8,8,0,0,58,14,72,0,0,58,22,80,441,67,508,588
10/14/2022,JRF,HI,AWP,WE,Federal Contract Tower,0,0,0,4,4,0,0,85,9,94,0,0,85,13,98,531,47,578,676
10/15/2022,JRF,HI,AWP,WE,Federal Contract Tower,0,0,2,5,7,0,0,109,5,114,0,0,111,10,121,373,11,384,505
10/16/2022,JRF,HI,AWP,WE,Federal Contract Tower,0,0,6,4,10,0,0,44,0,44,0,0,50,4,54,295,2,297,351
10/17/2022,JRF,HI,AWP,WE,Federal Contract Tower,0,0,0,4,4,0,0,81,0,81,0,0,81,4,85,376,1,377,462
10/18/2022,JRF,HI,AWP,WE,Federal Contract Tower,0,0,2,3,5,0,0,83,41,124,0,0,85,44,129,465,44,509,638
10/19/2022,JRF,HI,AWP,WE,Federal Contract Tower,0,0,2,4,6,0,0,48,8,56,0,0,50,12,62,383,12,395,457
10/20/2022,JRF,HI,AWP,WE,Federal Contract Tower,0,0,5,5,10,0,0,78,25,103,0,0,83,30,113,459,49,508,621
10/21/2022,JRF,HI,AWP,WE,Federal Contract Tower,0,0,6,5,11,0,0,96,8,104,0,0,102,13,115,459,20,479,594
10/22/2022,JRF,HI,AWP,WE,Federal Contract Tower,0,0,0,2,2,0,0,72,3,75,0,0,72,5,77,247,20,267,344
10/23/2022,JRF,HI,AWP,WE,Federal Contract Tower,0,0,2,2,4,0,0,49,6,55,0,0,51,8,59,334,6,340,399
10/24/2022,JRF,HI,AWP,WE,Federal Contract Tower,0,0,1,3,4,0,0,120,25,145,0,0,121,28,149,451,81,532,681
10/25/2022,JRF,HI,AWP,WE,Federal Contract Tower,0,0,1,2,3,0,0,37,35,72,0,0,38,37,75,644,68,712,787
10/26/2022,JRF,HI,AWP,WE,Federal Contract Tower,0,0,2,5,7,0,0,80,40,120,0,0,82,45,127,361,59,420,547
10/27/2022,JRF,HI,AWP,WE,Federal Contract Tower,0,0,0,3,3,0,0,104,18,122,0,0,104,21,125,488,38,526,651
10/28/2022,JRF,HI,AWP,WE,Federal Contract Tower,0,0,2,0,2,0,0,52,8,60,0,0,54,8,62,363,19,382,444
10/29/2022,JRF,HI,AWP,WE,Federal Contract Tower,0,0,1,2,3,0,0,129,23,152,0,0,130,25,155,370,4,374,529
10/30/2022,JRF,HI,AWP,WE,Federal Contract Tower,0,0,2,3,5,0,0,70,10,80,0,0,72,13,85,366,27,393,478
10/31/2022,JRF,HI,AWP,WE,Federal Contract Tower,0,0,3,2,5,0,0,40,8,48,0,0,43,10,53,350,12,362,415
11/01/2022,JRF,HI,AWP,WE,Federal Contract Tower,0,0,1,7,8,0,0,85,62,147,0,0,86,69,155,530,48,578,733
11/02/2022,JRF,HI,AWP,WE,Federal Contract Tower,0,0,3,7,10,0,0,62,25,87,0,0,65,32,97,603,87,690,787
11/03/2022,JRF,HI,AWP,WE,Federal Contract Tower,0,0,0,7,7,0,0,58,32,90,0,0,58,39,97,363,46,409,506
11/04/2022,JRF,HI,AWP,WE,Federal Contract Tower,0,0,7,0,7,0,0,97,9,106,0,0,104,9,113,479,28,507,620
11/05/2022,JRF,HI,AWP,WE,Federal Contract Tower,0,0,1,9,10,0,0,63,31,94,0,0,64,40,104,386,22,408,512
11/06/2022,JRF,HI,AWP,WE,Federal Contract Tower,0,0,2,5,7,0,0,63,16,79,0,0,65,21,86,341,15,356,442
11/07/2022,JRF,HI,AWP,WE,Federal Contract Tower,0,0,2,2,4,0,0,66,13,79,0,0,68,15,83,474,2,476,559
11/08/2022,JRF,HI,AWP,WE,Federal Contract Tower,0,0,3,3,6,0,0,62,40,102,0,0,65,43,108,317,49,366,474
11/09/2022,JRF,HI,AWP,WE,Federal Contract Tower,0,0,2,1,3,0,0,80,13,93,0,0,82,14,96,491,43,534,630
11/10/2022,JRF,HI,AWP,WE,Federal Contract Tower,0,0,0,6,6,0,0,60,14,74,0,0,60,20,80,426,6,432,512
11/11/2022,JRF,HI,AWP,WE,Federal Contract Tower,0,0,1,4,5,0,0,71,59,130,0,0,72,63,135,398,10,408,543
11/12/2022,JRF,HI,AWP,WE,Federal Contract Tower,0,0,4,6,10,0,0,36,16,52,0,0,40,22,62,217,30,247,309
11/13/2022,JRF,HI,AWP,WE,Federal Contract Tower,0,0,6,3,9,0,0,52,1,53,0,0,58,4,62,239,13,252,314
11/14/2022,JRF,HI,AWP,WE,Federal Contract Tower,0,0,2,1,3,0,0,85,22,107,0,0,87,23,110,417,2,419,529
11/15/2022,JRF,HI,AWP,WE,Federal Contract Tower,0,0,3,5,8,0,0,45,12,57,0,0,48,17,65,472,28,500,565
11/16/2022,JRF,HI,AWP,WE,Federal Contract Tower,0,0,0,4,4,0,0,40,22,62,0,0,40,26,66,350,46,396,462
11/17/2022,JRF,HI,AWP,WE,Federal Contract Tower,0,0,3,4,7,0,0,71,25,96,0,0,74,29,103,368,62,430,533
11/18/2022,JRF,HI,AWP,WE,Federal Contract Tower,0,0,2,6,8,0,0,55,9,64,0,0,57,15,72,370,2,372,444
11/19/2022,JRF,HI,AWP,WE,Federal Contract Tower,0,0,2,2,4,0,0,112,26,138,0,0,114,28,142,322,1,323,465
11/20/2022,JRF,HI,AWP,WE,Federal Contract Tower,0,0,3,3,6,0,0,34,1,35,0,0,37,4,41,226,11,237,278
11/21/2022,JRF,HI,AWP,WE,Federal Contract Tower,0,0,0,6,6,0,0,23,7,30,0,0,23,13,36,223,117,340,376
11/22/2022,JRF,HI,AWP,WE,Federal Contract Tower,0,0,1,8,9,0,0,32,2,34,0,0,33,10,43,524,96,620,663
11/23/2022,JRF,HI,AWP,WE,Federal Contract Tower,0,0,3,0,3,0,0,38,4,42,0,0,41,4,45,511,54,565,610
11/24/2022,JRF,HI,AWP,WE,Federal Contract Tower,0,0,0,0,0,0,0,4,0,4,0,0,4,0,4,21,8,29,33
11/25/2022,JRF,HI,AWP,WE,Federal Contract Tower,0,0,0,0,0,0,0,56,2,58,0,0,56,2,58,288,3,291,349
11/26/2022,JRF,HI,AWP,WE,Federal Contract Tower,0,0,3,2,5,0,0,75,2,77,0,0,78,4,82,387,2,389,471
11/27/2022,JRF,HI,AWP,WE,Federal Contract Tower,0,0,3,0,3,0,0,45,2,47,0,0,48,2,50,302,6,308,358
11/28/2022,JRF,HI,AWP,WE,Federal Contract Tower,0,0,1,3,4,0,0,13,5,18,0,0,14,8,22,224,15,239,261
11/29/2022,JRF,HI,AWP,WE,Federal Contract Tower,0,0,4,5,9,0,0,58,4,62,0,0,62,9,71,586,28,614,685
11/30/2022,JRF,HI,AWP,WE,Federal Contract Tower,0,0,0,7,7,0,0,34,10,44,0,0,34,17,51,375,81,456,507
12/01/2022,JRF,HI,AWP,WE,Federal Contract Tower,0,0,5,7,12,0,0,48,1,49,0,0,53,8,61,399,35,434,495
12/02/2022,JRF,HI,AWP,WE,Federal Contract Tower,0,0,2,3,5,0,0,69,3,72,0,0,71,6,77,430,14,444,521
12/03/2022,JRF,HI,AWP,WE,Federal Contract Tower,0,0,1,5,6,0,0,47,3,50,0,0,48,8,56,324,2,326,382
12/04/2022,JRF,HI,AWP,WE,Federal Contract Tower,0,0,2,4,6,0,0,56,0,56,0,0,58,4,62,415,6,421,483
12/05/2022,JRF,HI,AWP,WE,Federal Contract Tower,0,0,3,7,10,0,0,54,9,63,0,0,57,16,73,483,60,543,616
12/06/2022,JRF,HI,AWP,WE,Federal Contract Tower,0,0,2,8,10,0,0,48,14,62,0,0,50,22,72,405,70,475,547
12/07/2022,JRF,HI,AWP,WE,Federal Contract Tower,0,0,1,12,13,0,0,31,12,43,0,0,32,24,56,302,115,417,473
12/08/2022,JRF,HI,AWP,WE,Federal Contract Tower,0,0,1,6,7,0,0,27,13,40,0,0,28,19,47,224,47,271,318
12/09/2022,JRF,HI,AWP,WE,Federal Contract Tower,0,0,2,2,4,0,0,21,6,27,0,0,23,8,31,123,40,163,194
12/10/2022,JRF,HI,AWP,WE,Federal Contract Tower,0,0,1,4,5,0,0,32,6,38,0,0,33,10,43,148,2,150,193
12/11/2022,JRF,HI,AWP,WE,Federal Contract Tower,0,0,1,2,3,0,0,32,0,32,0,0,33,2,35,293,2,295,330
12/12/2022,JRF,HI,AWP,WE,Federal Contract Tower,0,0,0,6,6,0,0,82,9,91,0,0,82,15,97,575,19,594,691
12/13/2022,JRF,HI,AWP,WE,Federal Contract Tower,0,0,2,7,9,0,0,70,19,89,0,0,72,26,98,448,54,502,600
12/14/2022,JRF,HI,AWP,WE,Federal Contract Tower,0,0,5,4,9,0,0,75,9,84,0,0,80,13,93,684,53,737,830
12/15/2022,JRF,HI,AWP,WE,Federal Contract Tower,0,0,3,3,6,0,0,53,18,71,0,0,56,21,77,535,33,568,645
12/16/2022,JRF,HI,AWP,WE,Federal Contract Tower,0,0,0,2,2,0,0,83,0,83,0,0,83,2,85,575,2,577,662
12/17/2022,JRF,HI,AWP,WE,Federal Contract Tower,0,0,0,2,2,0,0,32,1,33,0,0,32,3,35,392,2,394,429
12/18/2022,JRF,HI,AWP,WE,Federal Contract Tower,0,0,0,1,1,0,0,0,0,0,0,0,0,1,1,17,2,19,20
12/19/2022,JRF,HI,AWP,WE,Federal Contract Tower,0,0,0,1,1,0,0,0,0,0,0,0,0,1,1,14,2,16,17
12/20/2022,JRF,HI,AWP,WE,Federal Contract Tower,0,0,0,1,1,0,0,10,8,18,0,0,10,9,19,89,1,90,109
12/21/2022,JRF,HI,AWP,WE,Federal Contract Tower,0,0,3,1,4,0,0,56,5,61,0,0,59,6,65,544,15,559,624
12/22/2022,JRF,HI,AWP,WE,Federal Contract Tower,0,0,1,1,2,0,0,47,3,50,0,0,48,4,52,500,4,504,556
12/23/2022,JRF,HI,AWP,WE,Federal Contract Tower,0,0,0,2,2,0,0,38,2,40,0,0,38,4,42,342,15,357,399
12/24/2022,JRF,HI,AWP,WE,Federal Contract Tower,0,0,1,2,3,0,0,27,0,27,0,0,28,2,30,229,4,233,263
12/25/2022,JRF,HI,AWP,WE,Federal Contract Tower,0,0,0,0,0,0,0,9,3,12,0,0,9,3,12,20,0,20,32
12/26/2022,JRF,HI,AWP,WE,Federal Contract Tower,0,0,0,3,3,0,0,60,0,60,0,0,60,3,63,460,2,462,525
12/27/2022,JRF,HI,AWP,WE,Federal Contract Tower,0,0,1,3,4,0,0,43,0,43,0,0,44,3,47,384,9,393,440
12/28/2022,JRF,HI,AWP,WE,Federal Contract Tower,0,0,1,2,3,0,0,52,9,61,0,0,53,11,64,426,47,473,537
12/29/2022,JRF,HI,AWP,WE,Federal Contract Tower,0,0,1,1,2,0,0,75,11,86,0,0,76,12,88,373,26,399,487
12/30/2022,JRF,HI,AWP,WE,Federal Contract Tower,0,0,4,0,4,0,0,71,6,77,0,0,75,6,81,239,2,241,322
12/31/2022,JRF,HI,AWP,WE,Federal Contract Tower,0,0,2,0,2,0,0,62,1,63,0,0,64,1,65,306,1,307,372
01/01/2023,JRF,HI,AWP,WE,Federal Contract Tower,0,0,2,0,2,0,0,27,1,28,0,0,29,1,30,29,2,31,61
01/02/2023,JRF,HI,AWP,WE,Federal Contract Tower,0,0,1,2,3,0,0,48,5,53,0,0,49,7,56,447,9,456,512
01/03/2023,JRF,HI,AWP,WE,Federal Contract Tower,0,0,6,0,6,0,0,94,0,94,0,0,100,0,100,637,10,647,747
01/04/2023,JRF,HI,AWP,WE,Federal Contract Tower,0,0,1,11,12,0,0,2,4,6,0,0,3,15,18,148,51,199,217
01/05/2023,JRF,HI,AWP,WE,Federal Contract Tower,0,0,2,8,10,0,0,50,24,74,0,0,52,32,84,323,93,416,500
01/06/2023,JRF,HI,AWP,WE,Federal Contract Tower,0,0,4,8,12,0,0,47,5,52,0,0,51,13,64,336,42,378,442
01/07/2023,JRF,HI,AWP,WE,Federal Contract Tower,0,0,1,8,9,0,0,61,10,71,0,0,62,18,80,341,50,391,471
01/08/2023,JRF,HI,AWP,WE,Federal Contract Tower,0,0,1,5,6,0,0,42,0,42,0,0,43,5,48,390,33,423,471
01/09/2023,JRF,HI,AWP,WE,Federal Contract Tower,0,0,4,3,7,0,0,60,20,80,0,0,64,23,87,380,41,421,508
01/10/2023,JRF,HI,AWP,WE,Federal Contract Tower,0,0,3,5,8,0,0,78,17,95,0,0,81,22,103,474,106,580,683
01/11/2023,JRF,HI,AWP,WE,Federal Contract Tower,0,0,3,7,10,0,0,83,17,100,0,0,86,24,110,648,82,730,840
01/12/2023,JRF,HI,AWP,WE,Federal Contract Tower,0,0,0,8,8,0,0,100,9,109,0,0,100,17,117,635,34,669,786
01/13/2023,JRF,HI,AWP,WE,Federal Contract Tower,0,0,8,3,11,0,0,136,7,143,0,0,144,10,154,522,0,522,676
01/14/2023,JRF,HI,AWP,WE,Federal Contract Tower,0,0,0,3,3,0,0,121,12,133,0,0,121,15,136,419,28,447,583
01/15/2023,JRF,HI,AWP,WE,Federal Contract Tower,0,0,0,5,5,0,0,46,6,52,0,0,46,11,57,347,18,365,422
01/16/2023,JRF,HI,AWP,WE,Federal Contract Tower,0,0,4,5,9,0,0,61,4,65,0,0,65,9,74,439,6,445,519
01/17/2023,JRF,HI,AWP,WE,Federal Contract Tower,0,0,1,10,11,0,0,97,11,108,0,0,98,21,119,520,105,625,744
01/18/2023,JRF,HI,AWP,WE,Federal Contract Tower,0,0,0,7,7,0,0,105,58,163,0,0,105,65,170,715,131,846,1016
01/19/2023,JRF,HI,AWP,WE,Federal Contract Tower,0,0,2,11,13,0,0,92,21,113,0,0,94,32,126,539,46,585,711
01/20/2023,JRF,HI,AWP,WE,Federal Contract Tower,0,0,2,4,6,0,0,96,12,108,0,0,98,16,114,324,11,335,449
01/21/2023,JRF,HI,AWP,WE,Federal Contract Tower,0,0,0,3,3,0,0,71,3,74,0,0,71,6,77,246,10,256,333
01/22/2023,JRF,HI,AWP,WE,Federal Contract Tower,0,0,0,4,4,0,0,38,8,46,0,0,38,12,50,140,10,150,200
01/23/2023,JRF,HI,AWP,WE,Federal Contract Tower,0,0,3,2,5,0,0,43,32,75,0,0,46,34,80,380,23,403,483
01/24/2023,JRF,HI,AWP,WE,Federal Contract Tower,0,0,3,6,9,0,0,78,15,93,0,0,81,21,102,513,41,554,656
01/25/2023,JRF,HI,AWP,WE,Federal Contract Tower,0,0,4,7,11,0,0,88,10,98,0,0,92,17,109,568,65,633,742
01/26/2023,JRF,HI,AWP,WE,Federal Contract Tower,0,0,1,3,4,0,0,87,17,104,0,0,88,20,108,322,25,347,455
01/27/2023,JRF,HI,AWP,WE,Federal Contract Tower,0,0,0,2,2,0,0,107,13,120,0,0,107,15,122,360,8,368,490
01/28/2023,JRF,HI,AWP,WE,Federal Contract Tower,0,0,2,5,7,0,0,68,7,75,0,0,70,12,82,144,21,165,247
01/29/2023,JRF,HI,AWP,WE,Federal Contract Tower,0,0,2,3,5,0,0,6,6,12,0,0,8,9,17,56,2,58,75
01/30/2023,JRF,HI,AWP,WE,Federal Contract Tower,0,0,0,3,3,0,0,7,25,32,0,0,7,28,35,191,48,239,274
01/31/2023,JRF,HI,AWP,WE,Federal Contract Tower,0,0,1,7,8,0,0,63,26,89,0,0,64,33,97,491,99,590,687
02/01/2023,JRF,HI,AWP,WE,Federal Contract Tower,0,0,1,3,4,0,0,119,26,145,0,0,120,29,149,719,41,760,909
02/02/2023,JRF,HI,AWP,WE,Federal Contract Tower,0,0,0,5,5,0,0,75,13,88,0,0,75,18,93,377,10,387,480
02/03/2023,JRF,HI,AWP,WE,Federal Contract Tower,0,0,6,3,9,0,0,74,11,85,0,0,80,14,94,257,2,259,353
02/04/2023,JRF,HI,AWP,WE,Federal Contract Tower,0,0,2,1,3,0,0,10,0,10,0,0,12,1,13,62,0,62,75
02/05/2023,JRF,HI,AWP,WE,Federal Contract Tower,0,0,3,9,12,0,0,30,0,30,0,0,33,9,42,277,1,278,320
02/06/2023,JRF,HI,AWP,WE,Federal Contract Tower,0,0,3,10,13,0,0,70,6,76,0,0,73,16,89,483,6,489,578
02/07/2023,JRF,HI,AWP,WE,Federal Contract Tower,0,0,0,10,10,0,0,53,36,89,0,0,53,46,99,320,43,363,462
02/08/2023,JRF,HI,AWP,WE,Federal Contract Tower,0,0,8,5,13,0,0,36,13,49,0,0,44,18,62,145,39,184,246
02/09/2023,JRF,HI,AWP,WE,Federal Contract Tower,0,0,0,7,7,0,0,7,11,18,0,0,7,18,25,35,20,55,80
02/10/2023,JRF,HI,AWP,WE,Federal Contract Tower,0,0,0,4,4,0,0,10,5,15,0,0,10,9,19,33,4,37,56
02/11/2023,JRF,HI,AWP,WE,Federal Contract Tower,0,0,0,5,5,0,0,35,3,38,0,0,35,8,43,205,0,205,248
02/12/2023,JRF,HI,AWP,WE,Federal Contract Tower,0,0,0,2,2,0,0,20,2,22,0,0,20,4,24,194,8,202,226
02/13/2023,JRF,HI,AWP,WE,Federal Contract Tower,0,0,3,4,7,0,0,56,10,66,0,0,59,14,73,494,25,519,592
02/14/2023,JRF,HI,AWP,WE,Federal Contract Tower,0,0,1,5,6,0,0,64,16,80,0,0,65,21,86,428,36,464,550
02/15/2023,JRF,HI,AWP,WE,Federal Contract Tower,0,0,2,4,6,0,0,127,18,145,0,0,129,22,151,648,26,674,825
02/16/2023,JRF,HI,AWP,WE,Federal Contract Tower,0,0,2,4,6,0,0,73,15,88,0,0,75,19,94,465,10,475,569
02/17/2023,JRF,HI,AWP,WE,Federal Contract Tower,0,0,0,1,1,0,0,12,0,12,0,0,12,1,13,66,0,66,79
02/18/2023,JRF,HI,AWP,WE,Federal Contract Tower,0,0,0,2,2,0,0,40,5,45,0,0,40,7,47,245,18,263,310
02/19/2023,JRF,HI,AWP,WE,Federal Contract Tower,0,0,1,2,3,0,0,66,3,69,0,0,67,5,72,239,7,246,318
02/20/2023,JRF,HI,AWP,WE,Federal Contract Tower,0,0,0,3,3,0,0,14,3,17,0,0,14,6,20,171,0,171,191
02/21/2023,JRF,HI,AWP,WE,Federal Contract Tower,0,0,0,7,7,0,0,71,36,107,0,0,71,43,114,467,46,513,627
02/22/2023,JRF,HI,AWP,WE,Federal Contract Tower,0,0,6,11,17,0,0,61,23,84,0,0,67,34,101,300,90,390,491
02/23/2023,JRF,HI,AWP,WE,Federal Contract Tower,0,0,1,6,7,0,0,58,27,85,0,0,59,33,92,243,89,332,424
02/24/2023,JRF,HI,AWP,WE,Federal Contract Tower,0,0,3,12,15,0,0,63,9,72,0,0,66,21,87,264,34,298,385
02/25/2023,JRF,HI,AWP,WE,Federal Contract Tower,0,0,0,2,2,0,0,50,14,64,0,0,50,16,66,283,21,304,370
02/26/2023,JRF,HI,AWP,WE,Federal Contract Tower,0,0,2,6,8,0,0,56,3,59,0,0,58,9,67,222,4,226,293
02/27/2023,JRF,HI,AWP,WE,Federal Contract Tower,0,0,0,5,5,0,0,47,11,58,0,0,47,16,63,236,89,325,388
02/28/2023,JRF,HI,AWP,WE,Federal Contract Tower,0,0,0,4,4,0,0,44,31,75,0,0,44,35,79,147,70,217,296
03/01/2023,JRF,HI,AWP,WE,Federal Contract Tower,0,0,2,3,5,0,0,32,22,54,0,0,34,25,59,68,59,127,186
03/02/2023,JRF,HI,AWP,WE,Federal Contract Tower,0,0,1,6,7,0,0,44,17,61,0,0,45,23,68,114,24,138,206
03/03/2023,JRF,HI,AWP,WE,Federal Contract Tower,0,0,1,0,1,0,0,64,9,73,0,0,65,9,74,379,15,394,468
03/04/2023,JRF,HI,AWP,WE,Federal Contract Tower,0,0,2,6,8,0,0,61,5,66,0,0,63,11,74,364,6,370,444
03/05/2023,JRF,HI,AWP,WE,Federal Contract Tower,0,0,0,5,5,0,0,70,4,74,0,0,70,9,79,379,8,387,466
03/06/2023,JRF,HI,AWP,WE,Federal Contract Tower,0,0,0,4,4,0,0,26,8,34,0,0,26,12,38,211,26,237,275
03/07/2023,JRF,HI,AWP,WE,Federal Contract Tower,0,0,0,11,11,0,0,79,16,95,0,0,79,27,106,514,25,539,645
03/08/2023,JRF,HI,AWP,WE,Federal Contract Tower,0,0,0,1,1,0,0,11,10,21,0,0,11,11,22,37,15,52,74
03/09/2023,JRF,HI,AWP,WE,Federal Contract Tower,0,0,2,3,5,0,0,102,11,113,0,0,104,14,118,336,33,369,487
03/10/2023,JRF,HI,AWP,WE,Federal Contract Tower,0,0,0,2,2,0,0,74,8,82,0,0,74,10,84,440,11,451,535
03/11/2023,JRF,HI,AWP,WE,Federal Contract Tower,0,0,0,4,4,0,0,100,2,102,0,0,100,6,106,438,1,439,545
03/12/2023,JRF,HI,AWP,WE,Federal Contract Tower,0,0,1,3,4,0,0,33,3,36,0,0,34,6,40,372,18,390,430
03/13/2023,JRF,HI,AWP,WE,Federal Contract Tower,0,0,0,5,5,0,0,57,14,71,0,0,57,19,76,490,48,538,614
03/14/2023,JRF,HI,AWP,WE,Federal Contract Tower,0,0,4,6,10,0,0,35,7,42,0,0,39,13,52,348,75,423,475
03/15/2023,JRF,HI,AWP,WE,Federal Contract Tower,0,0,1,4,5,0,0,76,13,89,0,0,77,17,94,422,84,506,600
03/16/2023,JRF,HI,AWP,WE,Federal Contract Tower,0,0,1,3,4,0,0,60,22,82,0,0,61,25,86,547,40,587,673
03/17/2023,JRF,HI,AWP,WE,Federal Contract Tower,0,0,0,2,2,0,0,93,7,100,0,0,93,9,102,435,26,461,563
03/18/2023,JRF,HI,AWP,WE,Federal Contract Tower,0,0,0,1,1,0,0,119,2,121,0,0,119,3,122,452,0,452,574
03/19/2023,JRF,HI,AWP,WE,Federal Contract Tower,0,0,0,2,2,0,0,24,2,26,0,0,24,4,28,391,0,391,419
03/20/2023,JRF,HI,AWP,WE,Federal Contract Tower,0,0,2,4,6,0,0,61,9,70,0,0,63,13,76,342,26,368,444
03/21/2023,JRF,HI,AWP,WE,Federal Contract Tower,0,0,3,3,6,0,0,45,26,71,0,0,48,29,77,559,34,593,670
03/22/2023,JRF,HI,AWP,WE,Federal Contract Tower,0,0,3,4,7,0,0,91,6,97,0,0,94,10,104,585,27,612,716
03/23/2023,JRF,HI,AWP,WE,Federal Contract Tower,0,0,1,9,10,0,0,33,17,50,0,0,34,26,60,277,31,308,368
03/24/2023,JRF,HI,AWP,WE,Federal Contract Tower,0,0,2,3,5,0,0,82,9,91,0,0,84,12,96,541,15,556,652
03/25/2023,JRF,HI,AWP,WE,Federal Contract Tower,0,0,0,2,2,0,0,65,2,67,0,0,65,4,69,432,9,441,510
03/26/2023,JRF,HI,AWP,WE,Federal Contract Tower,0,0,1,3,4,0,0,82,4,86,0,0,83,7,90,470,26,496,586
03/27/2023,JRF,HI,AWP,WE,Federal Contract Tower,0,0,1,3,4,0,0,84,5,89,0,0,85,8,93,505,22,527,620
03/28/2023,JRF,HI,AWP,WE,Federal Contract Tower,0,0,3,6,9,0,0,78,11,89,0,0,81,17,98,381,14,395,493
03/29/2023,JRF,HI,AWP,WE,Federal Contract Tower,0,0,1,5,6,0,0,48,15,63,0,0,49,20,69,329,106,435,504
03/30/2023,JRF,HI,AWP,WE,Federal Contract Tower,0,0,2,6,8,0,0,91,13,104,0,0,93,19,112,544,37,581,693
03/31/2023,JRF,HI,AWP,WE,Federal Contract Tower,0,0,1,8,9,0,0,68,4,72,0,0,69,12,81,343,12,355,436
04/01/2023,JRF,HI,AWP,WE,Federal Contract Tower,0,0,4,5,9,0,0,51,4,55,0,0,55,9,64,366,10,376,440
04/02/2023,JRF,HI,AWP,WE,Federal Contract Tower,0,0,2,4,6,0,0,12,1,13,0,0,14,5,19,199,1,200,219
04/03/2023,JRF,HI,AWP,WE,Federal Contract Tower,0,0,4,3,7,0,0,72,6,78,0,0,76,9,85,401,14,415,500
04/04/2023,JRF,HI,AWP,WE,Federal Contract Tower,0,0,2,9,11,0,0,78,13,91,0,0,80,22,102,383,28,411,513
04/05/2023,JRF,HI,AWP,WE,Federal Contract Tower,0,0,0,8,8,0,0,105,20,125,0,0,105,28,133,449,27,476,609
04/06/2023,JRF,HI,AWP,WE,Federal Contract Tower,0,0,5,4,9,0,0,66,16,82,0,0,71,20,91,300,28,328,419
04/07/2023,JRF,HI,AWP,WE,Federal Contract Tower,0,0,4,3,7,0,0,85,4,89,0,0,89,7,96,461,17,478,574
04/08/2023,JRF,HI,AWP,WE,Federal Contract Tower,0,0,2,2,4,0,0,105,7,112,0,0,107,9,116,524,10,534,650
04/09/2023,JRF,HI,AWP,WE,Federal Contract Tower,0,0,2,1,3,0,0,28,3,31,0,0,30,4,34,225,22,247,281
04/10/2023,JRF,HI,AWP,WE,Federal Contract Tower,0,0,0,3,3,0,0,87,1,88,0,0,87,4,91,563,28,591,682
04/11/2023,JRF,HI,AWP,WE,Federal Contract Tower,0,0,4,5,9,0,0,61,24,85,0,0,65,29,94,335,33,368,462
04/12/2023,JRF,HI,AWP,WE,Federal Contract Tower,0,0,2,4,6,0,0,106,14,120,0,0,108,18,126,480,20,500,626
04/13/2023,JRF,HI,AWP,WE,Federal Contract Tower,0,0,3,2,5,0,0,71,8,79,0,0,74,10,84,425,40,465,549
04/14/2023,JRF,HI,AWP,WE,Federal Contract Tower,0,0,1,7,8,0,0,80,9,89,0,0,81,16,97,446,18,464,561
04/15/2023,JRF,HI,AWP,WE,Federal Contract Tower,0,0,1,3,4,0,0,85,0,85,0,0,86,3,89,296,1,297,386
04/16/2023,JRF,HI,AWP,WE,Federal Contract Tower,0,0,2,4,6,0,0,79,5,84,0,0,81,9,90,396,9,405,495
04/17/2023,JRF,HI,AWP,WE,Federal Contract Tower,0,0,2,10,12,0,0,60,19,79,0,0,62,29,91,366,28,394,485
04/18/2023,JRF,HI,AWP,WE,Federal Contract Tower,0,0,0,6,6,0,0,20,8,28,0,0,20,14,34,111,26,137,171
04/19/2023,JRF,HI,AWP,WE,Federal Contract Tower,0,0,1,11,12,0,0,110,14,124,0,0,111,25,136,403,33,436,572
04/20/2023,JRF,HI,AWP,WE,Federal Contract Tower,0,0,1,5,6,0,0,71,17,88,0,0,72,22,94,474,32,506,600
04/21/2023,JRF,HI,AWP,WE,Federal Contract Tower,0,0,0,8,8,0,0,89,8,97,0,0,89,16,105,642,26,668,773
04/22/2023,JRF,HI,AWP,WE,Federal Contract Tower,0,0,0,2,2,0,0,67,3,70,0,0,67,5,72,397,3,400,472
04/23/2023,JRF,HI,AWP,WE,Federal Contract Tower,0,0,3,7,10,0,0,85,4,89,0,0,88,11,99,383,19,402,501
04/24/2023,JRF,HI,AWP,WE,Federal Contract Tower,0,0,0,10,10,0,0,105,19,124,0,0,105,29,134,343,53,396,530
04/25/2023,JRF,HI,AWP,WE,Federal Contract Tower,0,0,0,2,2,0,0,140,50,190,0,0,140,52,192,850,93,943,1135
04/26/2023,JRF,HI,AWP,WE,Federal Contract Tower,0,0,2,18,20,0,0,141,38,179,0,0,143,56,199,465,28,493,692
04/27/2023,JRF,HI,AWP,WE,Federal Contract Tower,0,0,5,9,14,0,0,19,6,25,0,0,24,15,39,143,6,149,188
04/28/2023,JRF,HI,AWP,WE,Federal Contract Tower,0,0,2,6,8,0,0,56,17,73,0,0,58,23,81,308,47,355,436
04/29/2023,JRF,HI,AWP,WE,Federal Contract Tower,0,0,1,4,5,0,0,87,7,94,0,0,88,11,99,336,0,336,435
04/30/2023,JRF,HI,AWP,WE,Federal Contract Tower,0,0,1,5,6,0,0,100,6,106,0,0,101,11,112,556,5,561,673
05/01/2023,JRF,HI,AWP,WE,Federal Contract Tower,0,0,3,5,8,0,0,60,4,64,0,0,63,9,72,427,31,458,530
05/02/2023,JRF,HI,AWP,WE,Federal Contract Tower,0,0,0,10,10,0,0,39,3,42,0,0,39,13,52,263,30,293,345
05/03/2023,JRF,HI,AWP,WE,Federal Contract Tower,0,0,6,6,12,0,0,121,4,125,0,0,127,10,137,655,32,687,824
05/04/2023,JRF,HI,AWP,WE,Federal Contract Tower,0,0,5,5,10,0,0,80,3,83,0,0,85,8,93,520,37,557,650
05/05/2023,JRF,HI,AWP,WE,Federal Contract Tower,0,0,8,7,15,0,0,63,4,67,0,0,71,11,82,322,14,336,418
05/06/2023,JRF,HI,AWP,WE,Federal Contract Tower,0,0,3,3,6,0,0,41,2,43,0,0,44,5,49,266,3,269,318
05/07/2023,JRF,HI,AWP,WE,Federal Contract Tower,0,0,0,2,2,0,0,35,3,38,0,0,35,5,40,233,0,233,273
05/08/2023,JRF,HI,AWP,WE,Federal Contract Tower,0,0,4,3,7,0,0,53,11,64,0,0,57,14,71,447,8,455,526
05/09/2023,JRF,HI,AWP,WE,Federal Contract Tower,0,0,4,15,19,0,0,111,18,129,0,0,115,33,148,675,58,733,881
05/10/2023,JRF,HI,AWP,WE,Federal Contract Tower,0,0,5,6,11,0,0,95,5,100,0,0,100,11,111,557,54,611,722
05/11/2023,JRF,HI,AWP,WE,Federal Contract Tower,0,0,11,6,17,0,0,25,15,40,0,0,36,21,57,264,57,321,378
05/12/2023,JRF,HI,AWP,WE,Federal Contract Tower,0,0,2,5,7,0,0,91,1,92,0,0,93,6,99,601,18,619,718
05/13/2023,JRF,HI,AWP,WE,Federal Contract Tower,0,0,0,1,1,0,0,98,3,101,0,0,98,4,102,567,8,575,677
05/14/2023,JRF,HI,AWP,WE,Federal Contract Tower,0,0,0,4,4,0,0,50,3,53,0,0,50,7,57,329,30,359,416
05/15/2023,JRF,HI,AWP,WE,Federal Contract Tower,0,0,0,2,2,0,0,83,8,91,0,0,83,10,93,544,8,552,645
05/16/2023,JRF,HI,AWP,WE,Federal Contract Tower,0,0,1,3,4,0,0,96,16,112,0,0,97,19,116,544,54,598,714
05/17/2023,JRF,HI,AWP,WE,Federal Contract Tower,0,0,1,2,3,0,0,127,19,146,0,0,128,21,149,682,27,709,858
05/18/2023,JRF,HI,AWP,WE,Federal Contract Tower,0,0,3,4,7,0,0,27,17,44,0,0,30,21,51,313,30,343,394
05/19/2023,JRF,HI,AWP,WE,Federal Contract Tower,0,0,0,3,3,0,0,60,4,64,0,0,60,7,67,374,1,375,442
05/20/2023,JRF,HI,AWP,WE,Federal Contract Tower,0,0,2,2,4,0,0,123,4,127,0,0,125,6,131,466,0,466,597
05/21/2023,JRF,HI,AWP,WE,Federal Contract Tower,0,0,0,2,2,0,0,76,1,77,0,0,76,3,79,285,3,288,367
05/22/2023,JRF,HI,AWP,WE,Federal Contract Tower,0,0,3,2,5,0,0,66,38,104,0,0,69,40,109,539,32,571,680
05/23/2023,JRF,HI,AWP,WE,Federal Contract Tower,0,0,6,2,8,0,0,80,17,97,0,0,86,19,105,402,32,434,539
05/24/2023,JRF,HI,AWP,WE,Federal Contract Tower,0,0,3,5,8,0,0,120,15,135,0,0,123,20,143,596,79,675,818
05/25/2023,JRF,HI,AWP,WE,Federal Contract Tower,0,0,0,4,4,0,0,131,20,151,0,0,131,24,155,625,16,641,796
05/26/2023,JRF,HI,AWP,WE,Federal Contract Tower,0,0,5,1,6,0,0,98,4,102,0,0,103,5,108,495,11,506,614
05/27/2023,JRF,HI,AWP,WE,Federal Contract Tower,0,0,2,1,3,0,0,108,6,114,0,0,110,7,117,401,4,405,522
05/28/2023,JRF,HI,AWP,WE,Federal Contract Tower,0,0,4,0,4,0,0,38,5,43,0,0,42,5,47,286,13,299,346
05/29/2023,JRF,HI,AWP,WE,Federal Contract Tower,0,0,4,0,4,0,0,80,6,86,0,0,84,6,90,465,6,471,561
05/30/2023,JRF,HI,AWP,WE,Federal Contract Tower,0,0,5,3,8,0,0,107,20,127,0,0,112,23,135,544,11,555,690
05/31/2023,JRF,HI,AWP,WE,Federal Contract Tower,0,0,1,1,2,0,0,107,12,119,0,0,108,13,121,524,76,600,721
06/01/2023,JRF,HI,AWP,WE,Federal Contract Tower,0,0,0,4,4,0,0,119,11,130,0,0,119,15,134,495,28,523,657
06/02/2023,JRF,HI,AWP,WE,Federal Contract Tower,0,0,1,4,5,0,0,113,4,117,0,0,114,8,122,430,3,433,555
06/03/2023,JRF,HI,AWP,WE,Federal Contract Tower,0,0,1,6,7,0,0,85,2,87,0,0,86,8,94,378,6,384,478
06/04/2023,JRF,HI,AWP,WE,Federal Contract Tower,0,0,4,6,10,0,0,59,3,62,0,0,63,9,72,372,3,375,447
06/05/2023,JRF,HI,AWP,WE,Federal Contract Tower,0,0,3,4,7,0,0,96,4,100,0,0,99,8,107,459,3,462,569
06/06/2023,JRF,HI,AWP,WE,Federal Contract Tower,0,0,2,10,12,0,0,113,30,143,0,0,115,40,155,622,44,666,821
06/07/2023,JRF,HI,AWP,WE,Federal Contract Tower,0,0,6,4,10,0,0,124,20,144,0,0,130,24,154,572,92,664,818
06/08/2023,JRF,HI,AWP,WE,Federal Contract Tower,0,0,2,4,6,0,0,125,11,136,0,0,127,15,142,536,35,571,713
06/09/2023,JRF,HI,AWP,WE,Federal Contract Tower,0,0,1,5,6,0,0,128,10,138,0,0,129,15,144,518,74,592,736
06/10/2023,JRF,HI,AWP,WE,Federal Contract Tower,0,0,2,1,3,0,0,100,8,108,0,0,102,9,111,432,5,437,548
06/11/2023,JRF,HI,AWP,WE,Federal Contract Tower,0,0,0,2,2,0,0,94,2,96,0,0,94,4,98,390,0,390,488
06/12/2023,JRF,HI,AWP,WE,Federal Contract Tower,0,0,2,0,2,0,0,93,9,102,0,0,95,9,104,446,57,503,607
06/13/2023,JRF,HI,AWP,WE,Federal Contract Tower,0,0,1,3,4,0,0,101,22,123,0,0,102,25,127,539,39,578,705
06/14/2023,JRF,HI,AWP,WE,Federal Contract Tower,0,0,2,6,8,0,0,115,16,131,0,0,117,22,139,674,50,724,863
06/15/2023,JRF,HI,AWP,WE,Federal Contract Tower,0,0,1,6,7,0,0,107,25,132,0,0,108,31,139,496,65,561,700
06/16/2023,JRF,HI,AWP,WE,Federal Contract Tower,0,0,2,2,4,0,0,113,8,121,0,0,115,10,125,449,9,458,583
06/17/2023,JRF,HI,AWP,WE,Federal Contract Tower,0,0,2,6,8,0,0,90,5,95,0,0,92,11,103,320,36,356,459
06/18/2023,JRF,HI,AWP,WE,Federal Contract Tower,0,0,4,3,7,0,0,54,5,59,0,0,58,8,66,370,4,374,440
06/19/2023,JRF,HI,AWP,WE,Federal Contract Tower,0,0,2,2,4,0,0,67,5,72,0,0,69,7,76,458,36,494,570
06/20/2023,JRF,HI,AWP,WE,Federal Contract Tower,0,0,6,5,11,0,0,72,12,84,0,0,78,17,95,500,44,544,639
06/21/2023,JRF,HI,AWP,WE,Federal Contract Tower,0,0,3,2,5,0,0,71,12,83,0,0,74,14,88,613,70,683,771
06/22/2023,JRF,HI,AWP,WE,Federal Contract Tower,0,0,5,3,8,0,0,117,30,147,0,0,122,33,155,475,21,496,651
06/23/2023,JRF,HI,AWP,WE,Federal Contract Tower,0,0,5,2,7,0,0,84,16,100,0,0,89,18,107,425,15,440,547
06/24/2023,JRF,HI,AWP,WE,Federal Contract Tower,0,0,5,0,5,0,0,105,6,111,0,0,110,6,116,366,25,391,507
06/25/2023,JRF,HI,AWP,WE,Federal Contract Tower,0,0,1,1,2,0,0,86,5,91,0,0,87,6,93,397,30,427,520
06/26/2023,JRF,HI,AWP,WE,Federal Contract Tower,0,0,8,7,15,0,0,60,4,64,0,0,68,11,79,422,35,457,536
06/27/2023,JRF,HI,AWP,WE,Federal Contract Tower,0,0,3,7,10,0,0,86,35,121,0,0,89,42,131,481,75,556,687
06/28/2023,JRF,HI,AWP,WE,Federal Contract Tower,0,0,4,6,10,0,0,117,22,139,0,0,121,28,149,500,31,531,680
06/29/2023,JRF,HI,AWP,WE,Federal Contract Tower,0,0,1,8,9,0,0,120,23,143,0,0,121,31,152,626,59,685,837
06/30/2023,JRF,HI,AWP,WE,Federal Contract Tower,0,0,2,5,7,0,0,134,8,142,0,0,136,13,149,655,26,681,830
07/01/2023,JRF,HI,AWP,WE,Federal Contract Tower,0,0,3,2,5,0,0,92,1,93,0,0,95,3,98,492,5,497,595
07/02/2023,JRF,HI,AWP,WE,Federal Contract Tower,0,0,2,1,3,0,0,104,4,108,0,0,106,5,111,451,0,451,562
07/03/2023,JRF,HI,AWP,WE,Federal Contract Tower,0,0,2,1,3,0,0,81,3,84,0,0,83,4,87,621,2,623,710
07/04/2023,JRF,HI,AWP,WE,Federal Contract Tower,0,0,2,3,5,0,0,78,4,82,0,0,80,7,87,288,6,294,381
07/05/2023,JRF,HI,AWP,WE,Federal Contract Tower,0,0,2,4,6,0,0,87,14,101,0,0,89,18,107,498,53,551,658
07/06/2023,JRF,HI,AWP,WE,Federal Contract Tower,0,0,5,14,19,0,0,125,14,139,0,0,130,28,158,459,106,565,723
07/07/2023,JRF,HI,AWP,WE,Federal Contract Tower,0,0,3,4,7,0,0,83,13,96,0,0,86,17,103,399,28,427,530
07/08/2023,JRF,HI,AWP,WE,Federal Contract Tower,0,0,1,6,7,0,0,59,0,59,0,0,60,6,66,407,1,408,474
07/09/2023,JRF,HI,AWP,WE,Federal Contract Tower,0,0,1,4,5,0,0,41,9,50,0,0,42,13,55,350,31,381,436
07/10/2023,JRF,HI,AWP,WE,Federal Contract Tower,0,0,0,4,4,0,0,77,20,97,0,0,77,24,101,662,28,690,791
07/11/2023,JRF,HI,AWP,WE,Federal Contract Tower,0,0,3,5,8,0,0,81,22,103,0,0,84,27,111,607,30,637,748
07/12/2023,JRF,HI,AWP,WE,Federal Contract Tower,0,0,2,5,7,0,0,92,11,103,0,0,94,16,110,501,50,551,661
07/13/2023,JRF,HI,AWP,WE,Federal Contract Tower,0,0,0,5,5,0,0,164,27,191,0,0,164,32,196,730,88,818,1014
07/14/2023,JRF,HI,AWP,WE,Federal Contract Tower,0,0,1,2,3,0,0,141,11,152,0,0,142,13,155,546,12,558,713
07/15/2023,JRF,HI,AWP,WE,Federal Contract Tower,0,0,1,5,6,0,0,109,14,123,0,0,110,19,129,427,10,437,566
07/16/2023,JRF,HI,AWP,WE,Federal Contract Tower,0,0,3,5,8,0,0,92,5,97,0,0,95,10,105,420,0,420,525
07/17/2023,JRF,HI,AWP,WE,Federal Contract Tower,0,0,3,3,6,0,0,76,8,84,0,0,79,11,90,529,17,546,636
07/18/2023,JRF,HI,AWP,WE,Federal Contract Tower,0,0,1,3,4,0,0,43,9,52,0,0,44,12,56,323,20,343,399
07/19/2023,JRF,HI,AWP,WE,Federal Contract Tower,0,0,0,8,8,0,0,2,9,11,0,0,2,17,19,72,33,105,124
07/20/2023,JRF,HI,AWP,WE,Federal Contract Tower,0,0,4,8,12,0,0,110,48,158,0,0,114,56,170,677,68,745,915
07/21/2023,JRF,HI,AWP,WE,Federal Contract Tower,0,0,2,6,8,0,0,171,13,184,0,0,173,19,192,534,21,555,747
07/22/2023,JRF,HI,AWP,WE,Federal Contract Tower,0,0,1,7,8,0,0,130,4,134,0,0,131,11,142,412,6,418,560
07/23/2023,JRF,HI,AWP,WE,Federal Contract Tower,0,0,2,3,5,0,0,119,1,120,0,0,121,4,125,440,0,440,565
07/24/2023,JRF,HI,AWP,WE,Federal Contract Tower,0,0,1,9,10,0,0,102,22,124,0,0,103,31,134,547,36,583,717
07/25/2023,JRF,HI,AWP,WE,Federal Contract Tower,0,0,4,5,9,0,0,111,14,125,0,0,115,19,134,406,39,445,579
07/26/2023,JRF,HI,AWP,WE,Federal Contract Tower,0,0,3,5,8,0,0,73,14,87,0,0,76,19,95,451,32,483,578
07/27/2023,JRF,HI,AWP,WE,Federal Contract Tower,0,0,5,8,13,0,0,145,19,164,0,0,150,27,177,714,48,762,939
07/28/2023,JRF,HI,AWP,WE,Federal Contract Tower,0,0,2,7,9,0,0,90,7,97,0,0,92,14,106,575,40,615,721
07/29/2023,JRF,HI,AWP,WE,Federal Contract Tower,0,0,5,7,12,0,0,84,3,87,0,0,89,10,99,347,0,347,446
07/30/2023,JRF,HI,AWP,WE,Federal Contract Tower,0,0,1,7,8,0,0,103,0,103,0,0,104,7,111,360,3,363,474
07/31/2023,JRF,HI,AWP,WE,Federal Contract Tower,0,0,3,4,7,0,0,87,16,103,0,0,90,20,110,604,77,681,791
08/01/2023,JRF,HI,AWP,WE,Federal Contract Tower,0,0,0,2,2,0,0,51,11,62,0,0,51,13,64,469,38,507,571
08/02/2023,JRF,HI,AWP,WE,Federal Contract Tower,0,0,4,7,11,0,0,68,23,91,0,0,72,30,102,571,43,614,716
08/03/2023,JRF,HI,AWP,WE,Federal Contract Tower,0,0,0,6,6,0,0,109,15,124,0,0,109,21,130,466,53,519,649
08/04/2023,JRF,HI,AWP,WE,Federal Contract Tower,0,0,2,6,8,0,0,89,13,102,0,0,91,19,110,387,16,403,513
08/05/2023,JRF,HI,AWP,WE,Federal Contract Tower,0,0,2,5,7,0,0,67,10,77,0,0,69,15,84,368,15,383,467
08/06/2023,JRF,HI,AWP,WE,Federal Contract Tower,0,0,2,10,12,0,0,104,2,106,0,0,106,12,118,368,16,384,502
08/07/2023,JRF,HI,AWP,WE,Federal Contract Tower,0,0,2,4,6,0,0,61,2,63,0,0,63,6,69,291,21,312,381
08/08/2023,JRF,HI,AWP,WE,Federal Contract Tower,0,0,0,4,4,0,0,5,11,16,0,0,5,15,20,29,45,74,94
08/09/2023,JRF,HI,AWP,WE,Federal Contract Tower,0,0,0,4,4,0,0,40,26,66,0,0,40,30,70,115,4,119,189
08/10/2023,JRF,HI,AWP,WE,Federal Contract Tower,0,0,5,4,9,0,0,155,29,184,0,0,160,33,193,526,38,564,757
08/11/2023,JRF,HI,AWP,WE,Federal Contract Tower,0,0,5,1,6,0,0,124,6,130,0,0,129,7,136,428,5,433,569
08/12/2023,JRF,HI,AWP,WE,Federal Contract Tower,0,0,2,6,8,0,0,141,8,149,0,0,143,14,157,564,4,568,725
08/13/2023,JRF,HI,AWP,WE,Federal Contract Tower,0,0,1,4,5,0,0,134,5,139,0,0,135,9,144,361,0,361,505
08/14/2023,JRF,HI,AWP,WE,Federal Contract Tower,0,0,2,6,8,0,0,145,17,162,0,0,147,23,170,565,28,593,763
08/15/2023,JRF,HI,AWP,WE,Federal Contract Tower,0,0,1,6,7,0,0,162,28,190,0,0,163,34,197,726,54,780,977
08/16/2023,JRF,HI,AWP,WE,Federal Contract Tower,0,0,3,10,13,0,0,173,28,201,0,0,176,38,214,581,123,704,918
08/17/2023,JRF,HI,AWP,WE,Federal Contract Tower,0,0,4,5,9,0,0,98,12,110,0,0,102,17,119,455,45,500,619
08/18/2023,JRF,HI,AWP,WE,Federal Contract Tower,0,0,2,1,3,0,0,142,6,148,0,0,144,7,151,617,27,644,795
08/19/2023,JRF,HI,AWP,WE,Federal Contract Tower,0,0,0,3,3,0,0,192,11,203,0,0,192,14,206,712,18,730,936
08/20/2023,JRF,HI,AWP,WE,Federal Contract Tower,0,0,2,2,4,0,0,91,14,105,0,0,93,16,109,413,3,416,525
08/21/2023,JRF,HI,AWP,WE,Federal Contract Tower,0,0,4,4,8,0,0,165,4,169,0,0,169,8,177,455,120,575,752
08/22/2023,JRF,HI,AWP,WE,Federal Contract Tower,0,0,2,2,4,0,0,195,19,214,0,0,197,21,218,797,66,863,1081
08/23/2023,JRF,HI,AWP,WE,Federal Contract Tower,0,0,2,5,7,0,0,195,12,207,0,0,197,17,214,801,14,815,1029
08/24/2023,JRF,HI,AWP,WE,Federal Contract Tower,0,0,1,3,4,0,0,92,5,97,0,0,93,8,101,355,4,359,460
08/25/2023,JRF,HI,AWP,WE,Federal Contract Tower,0,0,2,6,8,0,0,101,29,130,0,0,103,35,138,642,40,682,820
08/26/2023,JRF,HI,AWP,WE,Federal Contract Tower,0,0,6,3,9,0,0,105,7,112,0,0,111,10,121,349,19,368,489
08/27/2023,JRF,HI,AWP,WE,Federal Contract Tower,0,0,4,3,7,0,0,70,9,79,0,0,74,12,86,392,6,398,484
08/28/2023,JRF,HI,AWP,WE,Federal Contract Tower,0,0,4,6,10,0,0,98,4,102,0,0,102,10,112,712,69,781,893
08/29/2023,JRF,HI,AWP,WE,Federal Contract Tower,0,0,1,4,5,0,0,135,28,163,0,0,136,32,168,586,125,711,879
08/30/2023,JRF,HI,AWP,WE,Federal Contract Tower,0,0,4,9,13,0,0,106,7,113,0,0,110,16,126,399,45,444,570
08/31/2023,JRF,HI,AWP,WE,Federal Contract Tower,0,0,2,14,16,0,0,135,15,150,0,0,137,29,166,515,24,539,705
