01/01/2000,JVL,WI,AGL,CE,Federal Contract Tower,0,2,5,0,7,0,0,92,0,92,0,2,97,0,99,32,0,32,131
01/02/2000,JVL,WI,AGL,CE,Federal Contract Tower,0,10,8,0,18,0,1,62,0,63,0,11,70,0,81,12,0,12,93
01/03/2000,JVL,WI,AGL,CE,Federal Contract Tower,0,16,12,0,28,0,13,1,0,14,0,29,13,0,42,68,0,68,110
01/04/2000,JVL,WI,AGL,CE,Federal Contract Tower,3,10,7,0,20,1,4,50,0,55,4,14,57,0,75,42,0,42,117
01/05/2000,JVL,WI,AGL,CE,Federal Contract Tower,0,15,10,0,25,0,10,53,0,63,0,25,63,0,88,30,0,30,118
01/06/2000,JVL,WI,AGL,CE,Federal Contract Tower,4,22,15,0,41,0,20,53,0,73,4,42,68,0,114,18,0,18,132
01/07/2000,JVL,WI,AGL,CE,Federal Contract Tower,0,10,7,0,17,0,12,94,0,106,0,22,101,0,123,22,0,22,145
01/08/2000,JVL,WI,AGL,CE,Federal Contract Tower,3,2,9,0,14,1,0,197,0,198,4,2,206,0,212,82,0,82,294
01/09/2000,JVL,WI,AGL,CE,Federal Contract Tower,0,4,2,0,6,0,3,0,0,3,0,7,2,0,9,0,0,0,9
01/10/2000,JVL,WI,AGL,CE,Federal Contract Tower,1,9,4,0,14,1,3,62,0,66,2,12,66,0,80,22,0,22,102
01/11/2000,JVL,WI,AGL,CE,Federal Contract Tower,2,17,10,0,29,0,12,61,0,73,2,29,71,0,102,22,0,22,124
01/12/2000,JVL,WI,AGL,CE,Federal Contract Tower,0,17,9,1,27,0,5,51,1,57,0,22,60,2,84,26,0,26,110
01/13/2000,JVL,WI,AGL,CE,Federal Contract Tower,2,18,10,1,31,0,17,68,1,86,2,35,78,2,117,36,14,50,167
01/14/2000,JVL,WI,AGL,CE,Federal Contract Tower,0,19,12,0,31,0,4,94,0,98,0,23,106,0,129,56,0,56,185
01/15/2000,JVL,WI,AGL,CE,Federal Contract Tower,2,7,12,0,21,2,0,190,0,192,4,7,202,0,213,64,0,64,277
01/16/2000,JVL,WI,AGL,CE,Federal Contract Tower,0,9,9,0,18,0,0,194,0,194,0,9,203,0,212,72,0,72,284
01/17/2000,JVL,WI,AGL,CE,Federal Contract Tower,0,9,6,0,15,0,8,49,0,57,0,17,55,0,72,30,0,30,102
01/18/2000,JVL,WI,AGL,CE,Federal Contract Tower,2,22,14,0,38,5,10,35,0,50,7,32,49,0,88,68,0,68,156
01/19/2000,JVL,WI,AGL,CE,Federal Contract Tower,0,14,9,0,23,0,9,52,0,61,0,23,61,0,84,34,0,34,118
01/20/2000,JVL,WI,AGL,CE,Federal Contract Tower,1,13,9,0,23,1,10,41,0,52,2,23,50,0,75,62,0,62,137
01/21/2000,JVL,WI,AGL,CE,Federal Contract Tower,1,14,10,0,25,3,20,64,2,89,4,34,74,2,114,74,0,74,188
01/22/2000,JVL,WI,AGL,CE,Federal Contract Tower,1,9,5,0,15,3,19,48,0,70,4,28,53,0,85,32,0,32,117
01/23/2000,JVL,WI,AGL,CE,Federal Contract Tower,0,6,5,0,11,0,0,120,0,120,0,6,125,0,131,30,0,30,161
01/24/2000,JVL,WI,AGL,CE,Federal Contract Tower,2,18,12,0,32,2,25,56,0,83,4,43,68,0,115,86,0,86,201
01/25/2000,JVL,WI,AGL,CE,Federal Contract Tower,1,15,10,0,26,3,16,27,4,50,4,31,37,4,76,120,0,120,196
01/26/2000,JVL,WI,AGL,CE,Federal Contract Tower,2,22,14,0,38,4,9,39,0,52,6,31,53,0,90,88,0,88,178
01/27/2000,JVL,WI,AGL,CE,Federal Contract Tower,2,19,13,0,34,0,3,69,0,72,2,22,82,0,106,34,0,34,140
01/28/2000,JVL,WI,AGL,CE,Federal Contract Tower,2,16,10,0,28,2,18,68,0,88,4,34,78,0,116,114,0,114,230
01/29/2000,JVL,WI,AGL,CE,Federal Contract Tower,2,19,13,0,34,2,0,199,0,201,4,19,212,0,235,84,0,84,319
01/30/2000,JVL,WI,AGL,CE,Federal Contract Tower,0,9,5,0,14,0,0,1,0,1,0,9,6,0,15,0,0,0,15
01/31/2000,JVL,WI,AGL,CE,Federal Contract Tower,0,9,6,0,15,0,10,53,0,63,0,19,59,0,78,86,0,86,164
02/01/2000,JVL,WI,AGL,CE,Federal Contract Tower,3,16,14,0,33,1,10,76,0,87,4,26,90,0,120,94,0,94,214
02/02/2000,JVL,WI,AGL,CE,Federal Contract Tower,4,18,14,0,36,0,13,29,4,46,4,31,43,4,82,80,4,84,166
02/03/2000,JVL,WI,AGL,CE,Federal Contract Tower,2,14,12,0,28,0,19,24,0,43,2,33,36,0,71,24,0,24,95
02/04/2000,JVL,WI,AGL,CE,Federal Contract Tower,0,13,12,0,25,0,0,56,6,62,0,13,68,6,87,34,0,34,121
02/05/2000,JVL,WI,AGL,CE,Federal Contract Tower,2,10,9,0,21,2,0,219,0,221,4,10,228,0,242,36,0,36,278
02/06/2000,JVL,WI,AGL,CE,Federal Contract Tower,0,13,10,0,23,0,10,231,5,246,0,23,241,5,269,62,2,64,333
02/07/2000,JVL,WI,AGL,CE,Federal Contract Tower,0,11,9,0,20,0,13,149,0,162,0,24,158,0,182,96,0,96,278
02/08/2000,JVL,WI,AGL,CE,Federal Contract Tower,2,29,22,0,53,0,10,19,0,29,2,39,41,0,82,32,0,32,114
02/09/2000,JVL,WI,AGL,CE,Federal Contract Tower,1,18,14,0,33,0,5,101,0,106,1,23,115,0,139,106,0,106,245
02/10/2000,JVL,WI,AGL,CE,Federal Contract Tower,3,16,9,0,28,1,10,0,0,11,4,26,9,0,39,0,0,0,39
02/11/2000,JVL,WI,AGL,CE,Federal Contract Tower,0,14,12,0,26,0,14,77,2,93,0,28,89,2,119,54,10,64,183
02/12/2000,JVL,WI,AGL,CE,Federal Contract Tower,3,4,14,0,21,1,0,195,0,196,4,4,209,0,217,90,0,90,307
02/13/2000,JVL,WI,AGL,CE,Federal Contract Tower,0,2,0,0,2,0,3,0,0,3,0,5,0,0,5,0,0,0,5
02/14/2000,JVL,WI,AGL,CE,Federal Contract Tower,0,7,5,0,12,0,5,41,0,46,0,12,46,0,58,36,0,36,94
02/15/2000,JVL,WI,AGL,CE,Federal Contract Tower,4,22,17,0,43,0,3,78,0,81,4,25,95,0,124,46,0,46,170
02/16/2000,JVL,WI,AGL,CE,Federal Contract Tower,1,20,14,0,35,0,17,105,1,123,1,37,119,1,158,44,0,44,202
02/17/2000,JVL,WI,AGL,CE,Federal Contract Tower,0,13,9,0,22,0,9,61,0,70,0,22,70,0,92,40,0,40,132
02/18/2000,JVL,WI,AGL,CE,Federal Contract Tower,0,4,0,0,4,0,3,0,0,3,0,7,0,0,7,0,0,0,7
02/19/2000,JVL,WI,AGL,CE,Federal Contract Tower,2,10,9,0,21,2,0,127,0,129,4,10,136,0,150,64,0,64,214
02/20/2000,JVL,WI,AGL,CE,Federal Contract Tower,1,10,14,0,25,0,0,169,0,169,1,10,183,0,194,76,0,76,270
02/21/2000,JVL,WI,AGL,CE,Federal Contract Tower,1,11,8,0,20,2,8,183,0,193,3,19,191,0,213,94,0,94,307
02/22/2000,JVL,WI,AGL,CE,Federal Contract Tower,4,26,20,0,50,6,17,60,0,83,10,43,80,0,133,126,0,126,259
02/23/2000,JVL,WI,AGL,CE,Federal Contract Tower,2,18,14,0,34,0,11,62,0,73,2,29,76,0,107,48,0,48,155
02/24/2000,JVL,WI,AGL,CE,Federal Contract Tower,5,29,22,0,56,1,0,76,0,77,6,29,98,0,133,42,0,42,175
02/25/2000,JVL,WI,AGL,CE,Federal Contract Tower,2,18,14,0,34,0,26,70,0,96,2,44,84,0,130,46,0,46,176
02/26/2000,JVL,WI,AGL,CE,Federal Contract Tower,2,7,12,0,21,2,0,48,0,50,4,7,60,0,71,20,0,20,91
02/27/2000,JVL,WI,AGL,CE,Federal Contract Tower,1,11,9,0,21,1,0,169,0,170,2,11,178,0,191,64,0,64,255
02/28/2000,JVL,WI,AGL,CE,Federal Contract Tower,3,21,16,0,40,4,15,115,0,134,7,36,131,0,174,66,0,66,240
02/29/2000,JVL,WI,AGL,CE,Federal Contract Tower,4,25,18,0,47,8,28,37,0,73,12,53,55,0,120,126,0,126,246
03/01/2000,JVL,WI,AGL,CE,Federal Contract Tower,1,15,12,0,28,0,34,75,0,109,1,49,87,0,137,52,0,52,189
03/02/2000,JVL,WI,AGL,CE,Federal Contract Tower,0,17,15,0,32,0,18,112,0,130,0,35,127,0,162,60,0,60,222
03/03/2000,JVL,WI,AGL,CE,Federal Contract Tower,4,13,12,0,29,2,17,104,0,123,6,30,116,0,152,80,0,80,232
03/04/2000,JVL,WI,AGL,CE,Federal Contract Tower,3,4,10,0,17,1,0,296,0,297,4,4,306,0,314,26,0,26,340
03/05/2000,JVL,WI,AGL,CE,Federal Contract Tower,0,9,10,0,19,0,0,353,0,353,0,9,363,0,372,98,0,98,470
03/06/2000,JVL,WI,AGL,CE,Federal Contract Tower,0,16,14,0,30,0,8,101,0,109,0,24,115,0,139,84,0,84,223
03/07/2000,JVL,WI,AGL,CE,Federal Contract Tower,4,14,12,0,30,3,23,89,0,115,7,37,101,0,145,78,0,78,223
03/08/2000,JVL,WI,AGL,CE,Federal Contract Tower,0,12,10,0,22,0,21,74,2,97,0,33,84,2,119,34,0,34,153
03/09/2000,JVL,WI,AGL,CE,Federal Contract Tower,0,17,14,0,31,0,20,44,0,64,0,37,58,0,95,24,0,24,119
03/10/2000,JVL,WI,AGL,CE,Federal Contract Tower,0,11,11,0,22,0,10,52,10,72,0,21,63,10,94,42,0,42,136
03/11/2000,JVL,WI,AGL,CE,Federal Contract Tower,2,6,12,0,20,0,0,151,0,151,2,6,163,0,171,74,0,74,245
03/12/2000,JVL,WI,AGL,CE,Federal Contract Tower,1,8,12,0,21,0,0,252,18,270,1,8,264,18,291,110,10,120,411
03/13/2000,JVL,WI,AGL,CE,Federal Contract Tower,3,19,16,0,38,4,1,44,0,49,7,20,60,0,87,34,0,34,121
03/14/2000,JVL,WI,AGL,CE,Federal Contract Tower,3,20,17,0,40,9,10,41,0,60,12,30,58,0,100,66,0,66,166
03/15/2000,JVL,WI,AGL,CE,Federal Contract Tower,4,24,21,0,49,2,8,30,0,40,6,32,51,0,89,20,0,20,109
03/16/2000,JVL,WI,AGL,CE,Federal Contract Tower,2,17,14,0,33,6,29,37,0,72,8,46,51,0,105,80,0,80,185
03/17/2000,JVL,WI,AGL,CE,Federal Contract Tower,3,22,18,0,43,3,1,81,0,85,6,23,99,0,128,56,0,56,184
03/18/2000,JVL,WI,AGL,CE,Federal Contract Tower,3,14,17,0,34,1,0,139,0,140,4,14,156,0,174,122,0,122,296
03/19/2000,JVL,WI,AGL,CE,Federal Contract Tower,0,3,0,0,3,0,1,0,0,1,0,4,0,0,4,0,0,0,4
03/20/2000,JVL,WI,AGL,CE,Federal Contract Tower,0,20,15,0,35,0,5,20,0,25,0,25,35,0,60,50,0,50,110
03/21/2000,JVL,WI,AGL,CE,Federal Contract Tower,0,22,18,0,40,0,12,25,0,37,0,34,43,0,77,38,0,38,115
03/22/2000,JVL,WI,AGL,CE,Federal Contract Tower,2,31,24,0,57,0,6,55,0,61,2,37,79,0,118,62,0,62,180
03/23/2000,JVL,WI,AGL,CE,Federal Contract Tower,2,16,12,0,30,0,2,52,0,54,2,18,64,0,84,88,0,88,172
03/24/2000,JVL,WI,AGL,CE,Federal Contract Tower,2,17,14,0,33,0,9,51,0,60,2,26,65,0,93,88,0,88,181
03/25/2000,JVL,WI,AGL,CE,Federal Contract Tower,2,10,10,0,22,6,0,88,0,94,8,10,98,0,116,96,0,96,212
03/26/2000,JVL,WI,AGL,CE,Federal Contract Tower,0,6,13,0,19,0,0,333,68,401,0,6,346,68,420,60,0,60,480
03/27/2000,JVL,WI,AGL,CE,Federal Contract Tower,0,11,9,0,20,0,10,25,0,35,0,21,34,0,55,80,0,80,135
03/28/2000,JVL,WI,AGL,CE,Federal Contract Tower,2,16,13,0,31,2,11,27,4,44,4,27,40,4,75,54,2,56,131
03/29/2000,JVL,WI,AGL,CE,Federal Contract Tower,2,18,14,0,34,0,6,126,0,132,2,24,140,0,166,94,0,94,260
03/30/2000,JVL,WI,AGL,CE,Federal Contract Tower,4,25,19,0,48,0,7,199,0,206,4,32,218,0,254,116,0,116,370
03/31/2000,JVL,WI,AGL,CE,Federal Contract Tower,0,12,9,0,21,0,9,142,0,151,0,21,151,0,172,56,0,56,228
04/01/2000,JVL,WI,AGL,CE,Federal Contract Tower,2,6,13,0,21,2,0,134,0,136,4,6,147,0,157,20,0,20,177
04/02/2000,JVL,WI,AGL,CE,Federal Contract Tower,0,11,19,0,30,0,0,115,0,115,0,11,134,0,145,28,0,28,173
04/03/2000,JVL,WI,AGL,CE,Federal Contract Tower,0,8,9,0,17,0,7,55,0,62,0,15,64,0,79,40,0,40,119
04/04/2000,JVL,WI,AGL,CE,Federal Contract Tower,2,7,9,0,18,2,8,22,0,32,4,15,31,0,50,46,0,46,96
04/05/2000,JVL,WI,AGL,CE,Federal Contract Tower,0,8,10,0,18,0,13,53,0,66,0,21,63,0,84,20,0,20,104
04/06/2000,JVL,WI,AGL,CE,Federal Contract Tower,2,11,11,0,24,0,9,43,0,52,2,20,54,0,76,34,0,34,110
04/07/2000,JVL,WI,AGL,CE,Federal Contract Tower,0,8,3,0,11,0,8,0,0,8,0,16,3,0,19,0,0,0,19
04/08/2000,JVL,WI,AGL,CE,Federal Contract Tower,2,3,12,0,17,2,0,96,0,98,4,3,108,0,115,78,0,78,193
04/09/2000,JVL,WI,AGL,CE,Federal Contract Tower,0,16,15,0,31,0,5,217,0,222,0,21,232,0,253,60,0,60,313
04/10/2000,JVL,WI,AGL,CE,Federal Contract Tower,0,15,14,0,29,0,7,43,0,50,0,22,57,0,79,28,0,28,107
04/11/2000,JVL,WI,AGL,CE,Federal Contract Tower,3,18,18,0,39,3,10,4,0,17,6,28,22,0,56,34,0,34,90
04/12/2000,JVL,WI,AGL,CE,Federal Contract Tower,2,17,16,0,35,0,7,106,6,119,2,24,122,6,154,62,2,64,218
04/13/2000,JVL,WI,AGL,CE,Federal Contract Tower,2,16,16,0,34,0,23,58,0,81,2,39,74,0,115,78,0,78,193
04/14/2000,JVL,WI,AGL,CE,Federal Contract Tower,0,13,12,0,25,0,26,86,0,112,0,39,98,0,137,46,0,46,183
04/15/2000,JVL,WI,AGL,CE,Federal Contract Tower,4,5,19,0,28,0,0,191,0,191,4,5,210,0,219,52,0,52,271
04/16/2000,JVL,WI,AGL,CE,Federal Contract Tower,0,4,12,0,16,0,0,50,0,50,0,4,62,0,66,30,0,30,96
04/17/2000,JVL,WI,AGL,CE,Federal Contract Tower,2,15,14,0,31,0,3,26,0,29,2,18,40,0,60,30,0,30,90
04/18/2000,JVL,WI,AGL,CE,Federal Contract Tower,4,30,30,0,64,2,2,54,0,58,6,32,84,0,122,70,0,70,192
04/19/2000,JVL,WI,AGL,CE,Federal Contract Tower,2,16,17,0,35,0,9,42,0,51,2,25,59,0,86,40,0,40,126
04/20/2000,JVL,WI,AGL,CE,Federal Contract Tower,0,13,13,0,26,0,9,22,0,31,0,22,35,0,57,46,0,46,103
04/21/2000,JVL,WI,AGL,CE,Federal Contract Tower,0,6,6,0,12,0,11,79,0,90,0,17,85,0,102,32,0,32,134
04/22/2000,JVL,WI,AGL,CE,Federal Contract Tower,1,7,10,0,18,3,0,328,0,331,4,7,338,0,349,146,0,146,495
04/23/2000,JVL,WI,AGL,CE,Federal Contract Tower,0,2,3,0,5,0,0,31,0,31,0,2,34,0,36,64,0,64,100
04/24/2000,JVL,WI,AGL,CE,Federal Contract Tower,0,19,20,0,39,0,24,72,4,100,0,43,92,4,139,40,0,40,179
04/25/2000,JVL,WI,AGL,CE,Federal Contract Tower,3,20,20,0,43,5,18,103,0,126,8,38,123,0,169,68,0,68,237
04/26/2000,JVL,WI,AGL,CE,Federal Contract Tower,0,16,16,0,32,0,16,207,0,223,0,32,223,0,255,86,0,86,341
04/27/2000,JVL,WI,AGL,CE,Federal Contract Tower,1,9,10,0,20,1,20,106,0,127,2,29,116,0,147,82,0,82,229
04/28/2000,JVL,WI,AGL,CE,Federal Contract Tower,2,14,14,0,30,0,16,91,0,107,2,30,105,0,137,28,0,28,165
04/29/2000,JVL,WI,AGL,CE,Federal Contract Tower,3,13,23,0,39,3,0,137,0,140,6,13,160,0,179,88,0,88,267
04/30/2000,JVL,WI,AGL,CE,Federal Contract Tower,1,12,12,0,25,1,3,429,0,433,2,15,441,0,458,72,0,72,530
05/01/2000,JVL,WI,AGL,CE,Federal Contract Tower,0,11,10,0,21,0,10,56,0,66,0,21,66,0,87,116,0,116,203
05/02/2000,JVL,WI,AGL,CE,Federal Contract Tower,3,14,13,0,30,2,8,90,0,100,5,22,103,0,130,78,0,78,208
05/03/2000,JVL,WI,AGL,CE,Federal Contract Tower,3,13,12,0,28,1,16,94,0,111,4,29,106,0,139,86,0,86,225
05/04/2000,JVL,WI,AGL,CE,Federal Contract Tower,3,17,16,0,36,1,9,45,2,57,4,26,61,2,93,120,0,120,213
05/05/2000,JVL,WI,AGL,CE,Federal Contract Tower,2,13,12,0,27,0,16,95,0,111,2,29,107,0,138,118,0,118,256
05/06/2000,JVL,WI,AGL,CE,Federal Contract Tower,2,4,7,0,13,2,0,125,0,127,4,4,132,0,140,88,0,88,228
05/07/2000,JVL,WI,AGL,CE,Federal Contract Tower,0,18,18,0,36,0,0,102,0,102,0,18,120,0,138,64,0,64,202
05/08/2000,JVL,WI,AGL,CE,Federal Contract Tower,0,7,7,0,14,0,15,5,0,20,0,22,12,0,34,60,0,60,94
05/09/2000,JVL,WI,AGL,CE,Federal Contract Tower,3,14,11,0,28,1,4,0,0,5,4,18,11,0,33,78,0,78,111
05/10/2000,JVL,WI,AGL,CE,Federal Contract Tower,2,19,15,0,36,0,19,96,0,115,2,38,111,0,151,110,0,110,261
05/11/2000,JVL,WI,AGL,CE,Federal Contract Tower,0,15,11,0,26,0,10,4,0,14,0,25,15,0,40,86,0,86,126
05/12/2000,JVL,WI,AGL,CE,Federal Contract Tower,2,24,19,0,45,0,9,11,0,20,2,33,30,0,65,96,0,96,161
05/13/2000,JVL,WI,AGL,CE,Federal Contract Tower,4,21,20,0,45,0,0,97,0,97,4,21,117,0,142,58,0,58,200
05/14/2000,JVL,WI,AGL,CE,Federal Contract Tower,0,11,9,0,20,0,6,145,0,151,0,17,154,0,171,82,0,82,253
05/15/2000,JVL,WI,AGL,CE,Federal Contract Tower,2,23,18,0,43,0,10,152,0,162,2,33,170,0,205,66,0,66,271
05/16/2000,JVL,WI,AGL,CE,Federal Contract Tower,3,27,24,0,54,1,5,43,0,49,4,32,67,0,103,40,0,40,143
05/17/2000,JVL,WI,AGL,CE,Federal Contract Tower,0,15,12,0,27,0,7,1,0,8,0,22,13,0,35,66,0,66,101
05/18/2000,JVL,WI,AGL,CE,Federal Contract Tower,2,14,0,0,16,0,12,0,0,12,2,26,0,0,28,0,0,0,28
05/19/2000,JVL,WI,AGL,CE,Federal Contract Tower,0,20,17,0,37,0,26,93,0,119,0,46,110,0,156,50,0,50,206
05/20/2000,JVL,WI,AGL,CE,Federal Contract Tower,2,8,15,0,25,4,0,260,0,264,6,8,275,0,289,66,0,66,355
05/21/2000,JVL,WI,AGL,CE,Federal Contract Tower,2,12,18,0,32,0,0,180,0,180,2,12,198,0,212,78,0,78,290
05/22/2000,JVL,WI,AGL,CE,Federal Contract Tower,2,16,13,0,31,0,8,31,0,39,2,24,44,0,70,92,0,92,162
05/23/2000,JVL,WI,AGL,CE,Federal Contract Tower,2,16,13,0,31,2,10,88,2,102,4,26,101,2,133,30,2,32,165
05/24/2000,JVL,WI,AGL,CE,Federal Contract Tower,2,17,15,0,34,8,11,54,0,73,10,28,69,0,107,54,0,54,161
05/25/2000,JVL,WI,AGL,CE,Federal Contract Tower,0,19,16,0,35,0,3,200,0,203,0,22,216,0,238,62,0,62,300
05/26/2000,JVL,WI,AGL,CE,Federal Contract Tower,0,12,13,0,25,0,0,69,0,69,0,12,82,0,94,74,0,74,168
05/27/2000,JVL,WI,AGL,CE,Federal Contract Tower,1,2,10,0,13,3,0,22,0,25,4,2,32,0,38,78,0,78,116
05/28/2000,JVL,WI,AGL,CE,Federal Contract Tower,0,7,15,0,22,0,0,24,0,24,0,7,39,0,46,80,0,80,126
05/29/2000,JVL,WI,AGL,CE,Federal Contract Tower,0,0,3,0,3,1,0,384,0,385,1,0,387,0,388,78,0,78,466
05/30/2000,JVL,WI,AGL,CE,Federal Contract Tower,1,12,10,0,23,1,3,19,0,23,2,15,29,0,46,88,0,88,134
05/31/2000,JVL,WI,AGL,CE,Federal Contract Tower,0,13,2,0,15,0,18,0,0,18,0,31,2,0,33,94,0,94,127
06/01/2000,JVL,WI,AGL,CE,Federal Contract Tower,2,17,15,0,34,0,18,9,0,27,2,35,24,0,61,56,0,56,117
06/02/2000,JVL,WI,AGL,CE,Federal Contract Tower,0,12,11,0,23,0,4,82,0,86,0,16,93,0,109,64,0,64,173
06/03/2000,JVL,WI,AGL,CE,Federal Contract Tower,2,8,7,0,17,0,0,245,0,245,2,8,252,0,262,80,0,80,342
06/04/2000,JVL,WI,AGL,CE,Federal Contract Tower,0,6,17,0,23,0,0,61,0,61,0,6,78,0,84,84,0,84,168
06/05/2000,JVL,WI,AGL,CE,Federal Contract Tower,0,13,11,0,24,0,0,74,0,74,0,13,85,0,98,86,0,86,184
06/06/2000,JVL,WI,AGL,CE,Federal Contract Tower,4,16,15,0,35,0,10,131,4,145,4,26,146,4,180,116,2,118,298
06/07/2000,JVL,WI,AGL,CE,Federal Contract Tower,0,13,11,0,24,0,21,75,0,96,0,34,86,0,120,84,0,84,204
06/08/2000,JVL,WI,AGL,CE,Federal Contract Tower,0,10,8,0,18,0,8,98,0,106,0,18,106,0,124,94,0,94,218
06/09/2000,JVL,WI,AGL,CE,Federal Contract Tower,2,12,12,0,26,0,20,90,0,110,2,32,102,0,136,88,0,88,224
06/10/2000,JVL,WI,AGL,CE,Federal Contract Tower,2,8,8,0,18,2,2,104,0,108,4,10,112,0,126,82,0,82,208
06/11/2000,JVL,WI,AGL,CE,Federal Contract Tower,0,0,10,0,10,0,0,38,0,38,0,0,48,0,48,60,0,60,108
06/12/2000,JVL,WI,AGL,CE,Federal Contract Tower,0,12,11,0,23,0,0,16,0,16,0,12,27,0,39,60,0,60,99
06/13/2000,JVL,WI,AGL,CE,Federal Contract Tower,6,21,19,0,46,1,16,1,0,18,7,37,20,0,64,80,0,80,144
06/14/2000,JVL,WI,AGL,CE,Federal Contract Tower,2,13,11,0,26,0,11,45,0,56,2,24,56,0,82,84,0,84,166
06/15/2000,JVL,WI,AGL,CE,Federal Contract Tower,6,26,23,0,55,15,9,35,0,59,21,35,58,0,114,104,0,104,218
06/16/2000,JVL,WI,AGL,CE,Federal Contract Tower,0,11,11,0,22,0,8,51,0,59,0,19,62,0,81,80,0,80,161
06/17/2000,JVL,WI,AGL,CE,Federal Contract Tower,2,11,10,0,23,2,0,229,0,231,4,11,239,0,254,106,0,106,360
06/18/2000,JVL,WI,AGL,CE,Federal Contract Tower,0,8,7,0,15,0,0,198,0,198,0,8,205,0,213,68,0,68,281
06/19/2000,JVL,WI,AGL,CE,Federal Contract Tower,1,12,11,0,24,0,17,112,0,129,1,29,123,0,153,70,0,70,223
06/20/2000,JVL,WI,AGL,CE,Federal Contract Tower,4,20,16,0,40,2,5,39,0,46,6,25,55,0,86,56,0,56,142
06/21/2000,JVL,WI,AGL,CE,Federal Contract Tower,3,17,14,0,34,5,20,73,0,98,8,37,87,0,132,86,0,86,218
06/22/2000,JVL,WI,AGL,CE,Federal Contract Tower,0,19,16,0,35,0,12,114,0,126,0,31,130,0,161,70,0,70,231
06/23/2000,JVL,WI,AGL,CE,Federal Contract Tower,2,11,10,0,23,0,9,131,0,140,2,20,141,0,163,82,0,82,245
06/24/2000,JVL,WI,AGL,CE,Federal Contract Tower,3,5,15,0,23,1,0,49,0,50,4,5,64,0,73,56,0,56,129
06/25/2000,JVL,WI,AGL,CE,Federal Contract Tower,0,8,15,0,23,0,0,180,2,182,0,8,195,2,205,70,0,70,275
06/26/2000,JVL,WI,AGL,CE,Federal Contract Tower,2,14,11,0,27,0,10,45,0,55,2,24,56,0,82,78,0,78,160
06/27/2000,JVL,WI,AGL,CE,Federal Contract Tower,0,17,15,0,32,0,13,111,0,124,0,30,126,0,156,70,0,70,226
06/28/2000,JVL,WI,AGL,CE,Federal Contract Tower,5,26,22,0,53,7,6,30,0,43,12,32,52,0,96,50,0,50,146
06/29/2000,JVL,WI,AGL,CE,Federal Contract Tower,6,26,25,0,57,15,0,179,2,196,21,26,204,2,253,84,2,86,339
06/30/2000,JVL,WI,AGL,CE,Federal Contract Tower,2,12,10,0,24,0,7,68,0,75,2,19,78,0,99,34,0,34,133
07/01/2000,JVL,WI,AGL,CE,Federal Contract Tower,2,5,11,0,18,2,0,137,0,139,4,5,148,0,157,68,0,68,225
07/02/2000,JVL,WI,AGL,CE,Federal Contract Tower,0,4,4,0,8,0,0,32,0,32,0,4,36,0,40,20,0,20,60
07/03/2000,JVL,WI,AGL,CE,Federal Contract Tower,0,11,13,0,24,0,0,82,0,82,0,11,95,0,106,62,0,62,168
07/04/2000,JVL,WI,AGL,CE,Federal Contract Tower,0,2,4,0,6,0,0,94,0,94,0,2,98,0,100,88,0,88,188
07/05/2000,JVL,WI,AGL,CE,Federal Contract Tower,0,17,17,0,34,0,7,75,0,82,0,24,92,0,116,52,0,52,168
07/06/2000,JVL,WI,AGL,CE,Federal Contract Tower,0,15,15,0,30,0,12,58,0,70,0,27,73,0,100,120,0,120,220
07/07/2000,JVL,WI,AGL,CE,Federal Contract Tower,0,9,7,0,16,0,3,115,0,118,0,12,122,0,134,56,0,56,190
07/08/2000,JVL,WI,AGL,CE,Federal Contract Tower,3,19,21,0,43,1,1,124,0,126,4,20,145,0,169,58,0,58,227
07/09/2000,JVL,WI,AGL,CE,Federal Contract Tower,0,4,4,0,8,0,0,56,0,56,0,4,60,0,64,58,0,58,122
07/10/2000,JVL,WI,AGL,CE,Federal Contract Tower,0,13,14,0,27,0,12,49,0,61,0,25,63,0,88,96,0,96,184
07/11/2000,JVL,WI,AGL,CE,Federal Contract Tower,2,18,18,0,38,6,17,78,0,101,8,35,96,0,139,74,0,74,213
07/12/2000,JVL,WI,AGL,CE,Federal Contract Tower,3,18,19,0,40,2,16,103,0,121,5,34,122,0,161,88,0,88,249
07/13/2000,JVL,WI,AGL,CE,Federal Contract Tower,1,12,13,0,26,1,5,105,0,111,2,17,118,0,137,88,0,88,225
07/14/2000,JVL,WI,AGL,CE,Federal Contract Tower,0,8,8,0,16,0,1,112,0,113,0,9,120,0,129,36,0,36,165
07/15/2000,JVL,WI,AGL,CE,Federal Contract Tower,1,14,18,0,33,3,0,266,2,271,4,14,284,2,304,46,0,46,350
07/16/2000,JVL,WI,AGL,CE,Federal Contract Tower,0,12,14,0,26,0,2,175,2,179,0,14,189,2,205,42,0,42,247
07/17/2000,JVL,WI,AGL,CE,Federal Contract Tower,1,15,16,0,32,1,6,75,0,82,2,21,91,0,114,70,0,70,184
07/18/2000,JVL,WI,AGL,CE,Federal Contract Tower,1,15,17,0,33,3,3,94,0,100,4,18,111,0,133,84,0,84,217
07/19/2000,JVL,WI,AGL,CE,Federal Contract Tower,0,18,21,0,39,0,22,86,0,108,0,40,107,0,147,76,0,76,223
07/20/2000,JVL,WI,AGL,CE,Federal Contract Tower,2,24,27,0,53,2,13,79,0,94,4,37,106,0,147,62,0,62,209
07/21/2000,JVL,WI,AGL,CE,Federal Contract Tower,0,18,21,0,39,0,2,155,0,157,0,20,176,0,196,174,0,174,370
07/22/2000,JVL,WI,AGL,CE,Federal Contract Tower,1,6,14,0,21,3,0,303,0,306,4,6,317,0,327,88,0,88,415
07/23/2000,JVL,WI,AGL,CE,Federal Contract Tower,0,10,16,0,26,0,0,164,0,164,0,10,180,0,190,80,0,80,270
07/24/2000,JVL,WI,AGL,CE,Federal Contract Tower,1,14,15,0,30,1,14,106,0,121,2,28,121,0,151,64,0,64,215
07/25/2000,JVL,WI,AGL,CE,Federal Contract Tower,2,22,24,0,48,0,10,101,0,111,2,32,125,0,159,82,0,82,241
07/26/2000,JVL,WI,AGL,CE,Federal Contract Tower,0,14,15,0,29,0,17,60,0,77,0,31,75,0,106,70,0,70,176
07/27/2000,JVL,WI,AGL,CE,Federal Contract Tower,2,17,20,0,39,0,25,83,0,108,2,42,103,0,147,56,0,56,203
07/28/2000,JVL,WI,AGL,CE,Federal Contract Tower,0,19,21,0,40,0,9,168,0,177,0,28,189,0,217,78,0,78,295
07/29/2000,JVL,WI,AGL,CE,Federal Contract Tower,2,9,23,0,34,4,0,63,0,67,6,9,86,0,101,96,0,96,197
07/30/2000,JVL,WI,AGL,CE,Federal Contract Tower,0,10,24,0,34,0,0,59,0,59,0,10,83,0,93,80,0,80,173
07/31/2000,JVL,WI,AGL,CE,Federal Contract Tower,0,12,14,0,26,0,7,76,0,83,0,19,90,0,109,54,0,54,163
08/01/2000,JVL,WI,AGL,CE,Federal Contract Tower,4,15,15,0,34,2,11,72,0,85,6,26,87,0,119,138,0,138,257
08/02/2000,JVL,WI,AGL,CE,Federal Contract Tower,0,21,21,0,42,0,10,78,0,88,0,31,99,0,130,128,0,128,258
08/03/2000,JVL,WI,AGL,CE,Federal Contract Tower,0,16,17,0,33,0,24,157,0,181,0,40,174,0,214,110,0,110,324
08/04/2000,JVL,WI,AGL,CE,Federal Contract Tower,2,9,10,0,21,0,3,173,0,176,2,12,183,0,197,116,0,116,313
08/05/2000,JVL,WI,AGL,CE,Federal Contract Tower,2,1,9,0,12,2,0,161,0,163,4,1,170,0,175,104,0,104,279
08/06/2000,JVL,WI,AGL,CE,Federal Contract Tower,0,11,13,0,24,0,0,96,0,96,0,11,109,0,120,134,0,134,254
08/07/2000,JVL,WI,AGL,CE,Federal Contract Tower,0,11,10,0,21,0,5,102,4,111,0,16,112,4,132,116,0,116,248
08/08/2000,JVL,WI,AGL,CE,Federal Contract Tower,4,17,17,0,38,0,21,106,0,127,4,38,123,0,165,120,0,120,285
08/09/2000,JVL,WI,AGL,CE,Federal Contract Tower,0,8,8,0,16,0,3,114,0,117,0,11,122,0,133,110,0,110,243
08/10/2000,JVL,WI,AGL,CE,Federal Contract Tower,2,25,25,0,52,0,7,138,0,145,2,32,163,0,197,104,0,104,301
08/11/2000,JVL,WI,AGL,CE,Federal Contract Tower,0,11,12,0,23,0,3,228,2,233,0,14,240,2,256,110,0,110,366
08/12/2000,JVL,WI,AGL,CE,Federal Contract Tower,3,12,13,0,28,1,4,260,0,265,4,16,273,0,293,148,0,148,441
08/13/2000,JVL,WI,AGL,CE,Federal Contract Tower,1,4,5,0,10,1,4,135,0,140,2,8,140,0,150,124,0,124,274
08/14/2000,JVL,WI,AGL,CE,Federal Contract Tower,3,17,15,0,35,0,4,51,0,55,3,21,66,0,90,114,0,114,204
08/15/2000,JVL,WI,AGL,CE,Federal Contract Tower,2,14,13,0,29,4,6,125,0,135,6,20,138,0,164,146,0,146,310
08/16/2000,JVL,WI,AGL,CE,Federal Contract Tower,2,14,13,0,29,2,3,74,0,79,4,17,87,0,108,108,0,108,216
08/17/2000,JVL,WI,AGL,CE,Federal Contract Tower,2,17,16,1,36,0,5,47,1,53,2,22,63,2,89,104,0,104,193
08/18/2000,JVL,WI,AGL,CE,Federal Contract Tower,4,23,21,0,48,1,7,99,0,107,5,30,120,0,155,106,0,106,261
08/19/2000,JVL,WI,AGL,CE,Federal Contract Tower,3,1,15,0,19,1,0,281,0,282,4,1,296,0,301,132,0,132,433
08/20/2000,JVL,WI,AGL,CE,Federal Contract Tower,0,8,8,0,16,0,0,271,0,271,0,8,279,0,287,158,0,158,445
08/21/2000,JVL,WI,AGL,CE,Federal Contract Tower,0,7,7,0,14,0,1,90,0,91,0,8,97,0,105,104,0,104,209
08/22/2000,JVL,WI,AGL,CE,Federal Contract Tower,2,11,10,0,23,2,3,48,0,53,4,14,58,0,76,128,0,128,204
08/23/2000,JVL,WI,AGL,CE,Federal Contract Tower,4,24,24,0,52,2,9,67,2,80,6,33,91,2,132,118,0,118,250
08/24/2000,JVL,WI,AGL,CE,Federal Contract Tower,3,20,19,0,42,10,5,139,0,154,13,25,158,0,196,144,4,148,344
08/25/2000,JVL,WI,AGL,CE,Federal Contract Tower,1,10,9,0,20,0,1,156,0,157,1,11,165,0,177,102,0,102,279
08/26/2000,JVL,WI,AGL,CE,Federal Contract Tower,1,10,10,0,21,3,2,97,0,102,4,12,107,0,123,154,0,154,277
08/27/2000,JVL,WI,AGL,CE,Federal Contract Tower,0,8,18,0,26,0,0,97,0,97,0,8,115,0,123,102,0,102,225
08/28/2000,JVL,WI,AGL,CE,Federal Contract Tower,0,11,10,0,21,0,3,100,2,105,0,14,110,2,126,130,2,132,258
08/29/2000,JVL,WI,AGL,CE,Federal Contract Tower,3,22,22,0,47,0,0,45,0,45,3,22,67,0,92,84,0,84,176
08/30/2000,JVL,WI,AGL,CE,Federal Contract Tower,2,22,20,0,44,0,4,0,0,4,2,26,20,0,48,2,2,4,52
08/31/2000,JVL,WI,AGL,CE,Federal Contract Tower,3,16,15,0,34,4,6,99,2,111,7,22,114,2,145,64,2,66,211
09/01/2000,JVL,WI,AGL,CE,Federal Contract Tower,4,14,21,0,39,0,4,101,0,105,4,18,122,0,144,88,0,88,232
09/02/2000,JVL,WI,AGL,CE,Federal Contract Tower,0,6,11,0,17,0,1,86,0,87,0,7,97,0,104,62,0,62,166
09/03/2000,JVL,WI,AGL,CE,Federal Contract Tower,1,2,5,0,8,1,0,100,0,101,2,2,105,0,109,75,0,75,184
09/04/2000,JVL,WI,AGL,CE,Federal Contract Tower,0,11,17,0,28,0,0,128,0,128,0,11,145,0,156,54,0,54,210
09/05/2000,JVL,WI,AGL,CE,Federal Contract Tower,0,8,12,0,20,0,7,129,0,136,0,15,141,0,156,87,0,87,243
09/06/2000,JVL,WI,AGL,CE,Federal Contract Tower,3,10,13,0,26,3,9,134,2,148,6,19,147,2,174,140,0,140,314
09/07/2000,JVL,WI,AGL,CE,Federal Contract Tower,3,13,17,0,33,1,5,59,0,65,4,18,76,0,98,104,0,104,202
09/08/2000,JVL,WI,AGL,CE,Federal Contract Tower,3,13,18,0,34,1,9,104,0,114,4,22,122,0,148,130,0,130,278
09/09/2000,JVL,WI,AGL,CE,Federal Contract Tower,0,6,26,0,32,0,0,142,0,142,0,6,168,0,174,104,0,104,278
09/10/2000,JVL,WI,AGL,CE,Federal Contract Tower,0,5,7,0,12,0,5,120,0,125,0,10,127,0,137,62,0,62,199
09/11/2000,JVL,WI,AGL,CE,Federal Contract Tower,2,4,6,0,12,0,4,0,0,4,2,8,6,0,16,16,0,16,32
09/12/2000,JVL,WI,AGL,CE,Federal Contract Tower,4,12,16,0,32,0,4,91,0,95,4,16,107,0,127,104,0,104,231
09/13/2000,JVL,WI,AGL,CE,Federal Contract Tower,0,8,11,0,19,0,0,134,0,134,0,8,145,0,153,128,2,130,283
09/14/2000,JVL,WI,AGL,CE,Federal Contract Tower,0,10,13,1,24,0,2,73,2,77,0,12,86,3,101,148,0,148,249
09/15/2000,JVL,WI,AGL,CE,Federal Contract Tower,0,12,16,0,28,0,2,93,0,95,0,14,109,0,123,102,2,104,227
09/16/2000,JVL,WI,AGL,CE,Federal Contract Tower,0,8,12,0,20,0,6,294,0,300,0,14,306,0,320,144,0,144,464
09/17/2000,JVL,WI,AGL,CE,Federal Contract Tower,0,6,7,0,13,0,7,224,0,231,0,13,231,0,244,132,0,132,376
09/18/2000,JVL,WI,AGL,CE,Federal Contract Tower,2,9,12,0,23,0,7,72,0,79,2,16,84,0,102,184,0,184,286
09/19/2000,JVL,WI,AGL,CE,Federal Contract Tower,0,11,15,0,26,0,10,66,0,76,0,21,81,0,102,138,0,138,240
09/20/2000,JVL,WI,AGL,CE,Federal Contract Tower,4,17,24,0,45,0,15,62,0,77,4,32,86,0,122,118,0,118,240
09/21/2000,JVL,WI,AGL,CE,Federal Contract Tower,2,15,21,0,38,0,19,108,0,127,2,34,129,0,165,92,0,92,257
09/22/2000,JVL,WI,AGL,CE,Federal Contract Tower,2,11,16,0,29,2,11,16,0,29,4,22,32,0,58,44,0,44,102
09/23/2000,JVL,WI,AGL,CE,Federal Contract Tower,0,3,21,0,24,0,0,33,0,33,0,3,54,0,57,22,0,22,79
09/24/2000,JVL,WI,AGL,CE,Federal Contract Tower,0,19,27,0,46,0,3,159,0,162,0,22,186,0,208,68,0,68,276
09/25/2000,JVL,WI,AGL,CE,Federal Contract Tower,0,4,7,0,11,0,8,72,0,80,0,12,79,0,91,78,0,78,169
09/26/2000,JVL,WI,AGL,CE,Federal Contract Tower,0,13,19,0,32,0,4,109,0,113,0,17,128,0,145,104,0,104,249
09/27/2000,JVL,WI,AGL,CE,Federal Contract Tower,1,7,11,0,19,1,2,107,0,110,2,9,118,0,129,96,0,96,225
09/28/2000,JVL,WI,AGL,CE,Federal Contract Tower,3,16,22,0,41,1,10,121,2,134,4,26,143,2,175,76,2,78,253
09/29/2000,JVL,WI,AGL,CE,Federal Contract Tower,4,19,28,0,51,28,1,93,10,132,32,20,121,10,183,76,2,78,261
09/30/2000,JVL,WI,AGL,CE,Federal Contract Tower,1,8,11,0,20,0,6,223,0,229,1,14,234,0,249,60,0,60,309
10/01/2000,JVL,WI,AGL,CE,Federal Contract Tower,0,8,11,0,19,0,5,130,0,135,0,13,141,0,154,158,0,158,312
10/02/2000,JVL,WI,AGL,CE,Federal Contract Tower,2,9,12,0,23,0,3,75,0,78,2,12,87,0,101,190,0,190,291
10/03/2000,JVL,WI,AGL,CE,Federal Contract Tower,3,17,20,0,40,5,5,124,0,134,8,22,144,0,174,168,0,168,342
10/04/2000,JVL,WI,AGL,CE,Federal Contract Tower,2,17,21,0,40,0,7,130,0,137,2,24,151,0,177,138,0,138,315
10/05/2000,JVL,WI,AGL,CE,Federal Contract Tower,2,14,22,0,38,0,0,51,2,53,2,14,73,2,91,142,2,144,235
10/06/2000,JVL,WI,AGL,CE,Federal Contract Tower,2,17,21,0,40,0,6,125,0,131,2,23,146,0,171,102,0,102,273
10/07/2000,JVL,WI,AGL,CE,Federal Contract Tower,0,5,11,0,16,0,0,123,0,123,0,5,134,0,139,108,0,108,247
10/08/2000,JVL,WI,AGL,CE,Federal Contract Tower,0,5,7,0,12,0,0,193,0,193,0,5,200,0,205,136,0,136,341
10/09/2000,JVL,WI,AGL,CE,Federal Contract Tower,2,9,10,0,21,0,12,77,0,89,2,21,87,0,110,148,0,148,258
10/10/2000,JVL,WI,AGL,CE,Federal Contract Tower,0,13,15,0,28,0,12,102,0,114,0,25,117,0,142,102,0,102,244
10/11/2000,JVL,WI,AGL,CE,Federal Contract Tower,0,12,13,0,25,0,12,135,0,147,0,24,148,0,172,112,0,112,284
10/12/2000,JVL,WI,AGL,CE,Federal Contract Tower,0,18,20,0,38,0,7,119,0,126,0,25,139,0,164,96,0,96,260
10/13/2000,JVL,WI,AGL,CE,Federal Contract Tower,4,22,24,0,50,5,4,145,0,154,9,26,169,0,204,118,0,118,322
10/14/2000,JVL,WI,AGL,CE,Federal Contract Tower,0,19,21,0,40,0,5,321,0,326,0,24,342,0,366,136,0,136,502
10/15/2000,JVL,WI,AGL,CE,Federal Contract Tower,0,16,19,0,35,0,0,136,0,136,0,16,155,0,171,108,0,108,279
10/16/2000,JVL,WI,AGL,CE,Federal Contract Tower,3,13,19,0,35,0,0,20,0,20,3,13,39,0,55,68,0,68,123
10/17/2000,JVL,WI,AGL,CE,Federal Contract Tower,3,13,14,0,30,3,2,60,2,67,6,15,74,2,97,86,28,114,211
10/18/2000,JVL,WI,AGL,CE,Federal Contract Tower,3,19,24,0,46,5,0,106,0,111,8,19,130,0,157,95,0,95,252
10/19/2000,JVL,WI,AGL,CE,Federal Contract Tower,2,18,20,0,40,1,13,86,0,100,3,31,106,0,140,98,0,98,238
10/20/2000,JVL,WI,AGL,CE,Federal Contract Tower,3,18,21,0,42,7,9,114,0,130,10,27,135,0,172,84,0,84,256
10/21/2000,JVL,WI,AGL,CE,Federal Contract Tower,0,5,14,0,19,0,0,321,0,321,0,5,335,0,340,118,0,118,458
10/22/2000,JVL,WI,AGL,CE,Federal Contract Tower,0,14,17,0,31,0,12,271,0,283,0,26,288,0,314,58,0,58,372
10/23/2000,JVL,WI,AGL,CE,Federal Contract Tower,0,10,19,0,29,0,0,8,0,8,0,10,27,0,37,0,0,0,37
10/24/2000,JVL,WI,AGL,CE,Federal Contract Tower,0,6,12,0,18,0,0,22,0,22,0,6,34,0,40,22,0,22,62
10/25/2000,JVL,WI,AGL,CE,Federal Contract Tower,2,17,22,0,41,0,0,2,0,2,2,17,24,0,43,4,0,4,47
10/26/2000,JVL,WI,AGL,CE,Federal Contract Tower,3,24,28,0,55,7,5,54,0,66,10,29,82,0,121,32,0,32,153
10/27/2000,JVL,WI,AGL,CE,Federal Contract Tower,2,13,15,0,30,4,10,50,0,64,6,23,65,0,94,12,0,12,106
10/28/2000,JVL,WI,AGL,CE,Federal Contract Tower,0,7,13,0,20,0,0,168,0,168,0,7,181,0,188,84,0,84,272
10/29/2000,JVL,WI,AGL,CE,Federal Contract Tower,0,18,20,0,38,0,6,244,0,250,0,24,264,0,288,54,0,54,342
10/30/2000,JVL,WI,AGL,CE,Federal Contract Tower,0,15,17,0,32,0,6,88,0,94,0,21,105,0,126,78,0,78,204
10/31/2000,JVL,WI,AGL,CE,Federal Contract Tower,1,9,11,0,21,1,2,85,0,88,2,11,96,0,109,62,0,62,171
11/01/2000,JVL,WI,AGL,CE,Federal Contract Tower,2,15,12,0,29,0,6,101,4,111,2,21,113,4,140,158,0,158,298
11/02/2000,JVL,WI,AGL,CE,Federal Contract Tower,2,17,15,0,34,0,4,101,2,107,2,21,116,2,141,148,0,148,289
11/03/2000,JVL,WI,AGL,CE,Federal Contract Tower,2,15,11,0,28,2,6,51,0,59,4,21,62,0,87,96,0,96,183
11/04/2000,JVL,WI,AGL,CE,Federal Contract Tower,0,4,11,0,15,0,0,315,0,315,0,4,326,0,330,138,0,138,468
11/05/2000,JVL,WI,AGL,CE,Federal Contract Tower,0,14,12,0,26,0,0,254,0,254,0,14,266,0,280,184,0,184,464
11/06/2000,JVL,WI,AGL,CE,Federal Contract Tower,2,18,14,0,34,4,0,20,0,24,6,18,34,0,58,90,0,90,148
11/07/2000,JVL,WI,AGL,CE,Federal Contract Tower,0,14,10,0,24,0,2,49,0,51,0,16,59,0,75,98,0,98,173
11/08/2000,JVL,WI,AGL,CE,Federal Contract Tower,0,9,7,0,16,0,11,116,0,127,0,20,123,0,143,148,0,148,291
11/09/2000,JVL,WI,AGL,CE,Federal Contract Tower,0,14,11,0,25,0,9,5,0,14,0,23,16,0,39,64,0,64,103
11/10/2000,JVL,WI,AGL,CE,Federal Contract Tower,2,13,9,0,24,1,16,73,0,90,3,29,82,0,114,36,0,36,150
11/11/2000,JVL,WI,AGL,CE,Federal Contract Tower,0,18,20,0,38,0,0,392,0,392,0,18,412,0,430,128,0,128,558
11/12/2000,JVL,WI,AGL,CE,Federal Contract Tower,2,9,9,0,20,0,0,83,0,83,2,9,92,0,103,138,0,138,241
11/13/2000,JVL,WI,AGL,CE,Federal Contract Tower,1,7,6,0,14,2,2,32,0,36,3,9,38,0,50,58,0,58,108
11/14/2000,JVL,WI,AGL,CE,Federal Contract Tower,1,10,9,0,20,1,10,38,0,49,2,20,47,0,69,96,0,96,165
11/15/2000,JVL,WI,AGL,CE,Federal Contract Tower,1,18,15,0,34,2,10,116,0,128,3,28,131,0,162,142,0,142,304
11/16/2000,JVL,WI,AGL,CE,Federal Contract Tower,0,19,15,0,34,0,17,1,0,18,0,36,16,0,52,94,0,94,146
11/17/2000,JVL,WI,AGL,CE,Federal Contract Tower,0,11,7,0,18,2,3,59,0,64,2,14,66,0,82,116,0,116,198
11/18/2000,JVL,WI,AGL,CE,Federal Contract Tower,0,4,10,0,14,0,0,117,0,117,0,4,127,0,131,98,0,98,229
11/19/2000,JVL,WI,AGL,CE,Federal Contract Tower,0,7,6,0,13,0,0,71,0,71,0,7,77,0,84,124,0,124,208
11/20/2000,JVL,WI,AGL,CE,Federal Contract Tower,0,6,4,0,10,0,6,35,0,41,0,12,39,0,51,56,0,56,107
11/21/2000,JVL,WI,AGL,CE,Federal Contract Tower,0,8,8,0,16,0,0,44,4,48,0,8,52,4,64,96,4,100,164
11/22/2000,JVL,WI,AGL,CE,Federal Contract Tower,0,7,5,0,12,0,0,82,0,82,0,7,87,0,94,88,0,88,182
11/23/2000,JVL,WI,AGL,CE,Federal Contract Tower,0,0,0,0,0,0,0,54,0,54,0,0,54,0,54,96,0,96,150
11/24/2000,JVL,WI,AGL,CE,Federal Contract Tower,0,5,8,0,13,0,0,324,0,324,0,5,332,0,337,134,0,134,471
11/25/2000,JVL,WI,AGL,CE,Federal Contract Tower,0,1,9,0,10,0,0,179,0,179,0,1,188,0,189,110,0,110,299
11/26/2000,JVL,WI,AGL,CE,Federal Contract Tower,0,13,10,0,23,0,0,22,0,22,0,13,32,0,45,66,0,66,111
11/27/2000,JVL,WI,AGL,CE,Federal Contract Tower,0,10,7,0,17,0,3,18,0,21,0,13,25,0,38,62,0,62,100
11/28/2000,JVL,WI,AGL,CE,Federal Contract Tower,1,16,12,0,29,1,4,47,0,52,2,20,59,0,81,80,0,80,161
11/29/2000,JVL,WI,AGL,CE,Federal Contract Tower,1,14,10,0,25,1,10,15,0,26,2,24,25,0,51,60,0,60,111
11/30/2000,JVL,WI,AGL,CE,Federal Contract Tower,1,19,15,0,35,1,9,17,0,27,2,28,32,0,62,80,0,80,142
12/01/2000,JVL,WI,AGL,CE,Federal Contract Tower,0,10,7,0,17,0,3,53,0,56,0,13,60,0,73,126,0,126,199
12/02/2000,JVL,WI,AGL,CE,Federal Contract Tower,0,8,6,0,14,0,0,197,0,197,0,8,203,0,211,242,0,242,453
12/03/2000,JVL,WI,AGL,CE,Federal Contract Tower,0,12,10,0,22,0,0,321,8,329,0,12,331,8,351,190,0,190,541
12/04/2000,JVL,WI,AGL,CE,Federal Contract Tower,2,6,4,0,12,0,2,36,0,38,2,8,40,0,50,134,0,134,184
12/05/2000,JVL,WI,AGL,CE,Federal Contract Tower,4,20,12,0,36,0,7,33,0,40,4,27,45,0,76,138,0,138,214
12/06/2000,JVL,WI,AGL,CE,Federal Contract Tower,6,19,11,0,36,4,3,33,0,40,10,22,44,0,76,92,0,92,168
12/07/2000,JVL,WI,AGL,CE,Federal Contract Tower,5,16,10,0,31,8,2,28,0,38,13,18,38,0,69,42,0,42,111
12/08/2000,JVL,WI,AGL,CE,Federal Contract Tower,5,17,10,0,32,1,7,118,2,128,6,24,128,2,160,138,4,142,302
12/09/2000,JVL,WI,AGL,CE,Federal Contract Tower,0,2,4,0,6,0,0,218,0,218,0,2,222,0,224,146,0,146,370
12/10/2000,JVL,WI,AGL,CE,Federal Contract Tower,2,10,6,0,18,0,2,72,0,74,2,12,78,0,92,82,0,82,174
12/11/2000,JVL,WI,AGL,CE,Federal Contract Tower,0,4,0,0,4,0,4,0,0,4,0,8,0,0,8,92,24,116,124
12/12/2000,JVL,WI,AGL,CE,Federal Contract Tower,0,11,6,0,17,0,16,12,0,28,0,27,18,0,45,82,0,82,127
12/13/2000,JVL,WI,AGL,CE,Federal Contract Tower,2,11,6,0,19,1,3,10,0,14,3,14,16,0,33,68,0,68,101
12/14/2000,JVL,WI,AGL,CE,Federal Contract Tower,7,28,14,1,50,7,1,18,1,27,14,29,32,2,77,96,0,96,173
12/15/2000,JVL,WI,AGL,CE,Federal Contract Tower,1,15,8,0,24,0,8,0,0,8,1,23,8,0,32,54,0,54,86
12/16/2000,JVL,WI,AGL,CE,Federal Contract Tower,0,5,1,0,6,0,3,0,0,3,0,8,1,0,9,0,0,0,9
12/17/2000,JVL,WI,AGL,CE,Federal Contract Tower,0,6,8,0,14,0,0,32,0,32,0,6,40,0,46,68,0,68,114
12/18/2000,JVL,WI,AGL,CE,Federal Contract Tower,1,5,2,0,8,2,0,57,0,59,3,5,59,0,67,66,0,66,133
12/19/2000,JVL,WI,AGL,CE,Federal Contract Tower,3,13,7,0,23,4,1,38,2,45,7,14,45,2,68,54,0,54,122
12/20/2000,JVL,WI,AGL,CE,Federal Contract Tower,5,21,12,0,38,7,5,10,0,22,12,26,22,0,60,64,0,64,124
12/21/2000,JVL,WI,AGL,CE,Federal Contract Tower,5,20,11,0,36,9,0,24,0,33,14,20,35,0,69,80,0,80,149
12/22/2000,JVL,WI,AGL,CE,Federal Contract Tower,1,14,8,0,23,0,6,39,2,47,1,20,47,2,70,96,2,98,168
12/23/2000,JVL,WI,AGL,CE,Federal Contract Tower,1,4,3,0,8,1,0,39,0,40,2,4,42,0,48,82,0,82,130
12/24/2000,JVL,WI,AGL,CE,Federal Contract Tower,0,2,5,0,7,0,0,33,0,33,0,2,38,0,40,104,0,104,144
12/25/2000,JVL,WI,AGL,CE,Federal Contract Tower,0,0,0,0,0,0,0,10,0,10,0,0,10,0,10,60,0,60,70
12/26/2000,JVL,WI,AGL,CE,Federal Contract Tower,0,2,4,0,6,0,0,61,0,61,0,2,65,0,67,94,0,94,161
12/27/2000,JVL,WI,AGL,CE,Federal Contract Tower,0,10,6,0,16,0,8,38,0,46,0,18,44,0,62,46,0,46,108
12/28/2000,JVL,WI,AGL,CE,Federal Contract Tower,1,11,7,0,19,0,2,71,0,73,1,13,78,0,92,124,0,124,216
12/29/2000,JVL,WI,AGL,CE,Federal Contract Tower,0,3,2,0,5,0,0,2,0,2,0,3,4,0,7,0,0,0,7
12/30/2000,JVL,WI,AGL,CE,Federal Contract Tower,0,2,3,0,5,0,0,15,0,15,0,2,18,0,20,14,0,14,34
12/31/2000,JVL,WI,AGL,CE,Federal Contract Tower,0,0,4,0,4,0,0,67,0,67,0,0,71,0,71,154,0,154,225
01/01/2001,JVL,WI,AGL,CE,Federal Contract Tower,0,3,5,0,8,0,0,76,0,76,0,3,81,0,84,114,0,114,198
01/02/2001,JVL,WI,AGL,CE,Federal Contract Tower,0,10,12,0,22,0,4,67,0,71,0,14,79,0,93,186,0,186,279
01/03/2001,JVL,WI,AGL,CE,Federal Contract Tower,1,12,13,0,26,3,9,43,0,55,4,21,56,0,81,92,0,92,173
01/04/2001,JVL,WI,AGL,CE,Federal Contract Tower,1,19,21,0,41,1,13,13,0,27,2,32,34,0,68,82,0,82,150
01/05/2001,JVL,WI,AGL,CE,Federal Contract Tower,0,9,11,0,20,0,1,112,0,113,0,10,123,0,133,88,0,88,221
01/06/2001,JVL,WI,AGL,CE,Federal Contract Tower,0,9,15,0,24,0,0,361,2,363,0,9,376,2,387,156,4,160,547
01/07/2001,JVL,WI,AGL,CE,Federal Contract Tower,0,10,11,0,21,0,2,233,0,235,0,12,244,0,256,184,0,184,440
01/08/2001,JVL,WI,AGL,CE,Federal Contract Tower,0,7,10,0,17,0,0,79,0,79,0,7,89,0,96,56,0,56,152
01/09/2001,JVL,WI,AGL,CE,Federal Contract Tower,0,17,18,1,36,0,7,156,3,166,0,24,174,4,202,100,0,100,302
01/10/2001,JVL,WI,AGL,CE,Federal Contract Tower,0,11,12,1,24,0,9,96,3,108,0,20,108,4,132,52,0,52,184
01/11/2001,JVL,WI,AGL,CE,Federal Contract Tower,0,19,19,0,38,0,6,84,0,90,0,25,103,0,128,48,0,48,176
01/12/2001,JVL,WI,AGL,CE,Federal Contract Tower,0,8,7,0,15,0,8,39,0,47,0,16,46,0,62,58,0,58,120
01/13/2001,JVL,WI,AGL,CE,Federal Contract Tower,0,4,3,0,7,0,1,41,0,42,0,5,44,0,49,52,0,52,101
01/14/2001,JVL,WI,AGL,CE,Federal Contract Tower,0,1,0,0,1,0,0,20,0,20,0,1,20,0,21,50,0,50,71
01/15/2001,JVL,WI,AGL,CE,Federal Contract Tower,0,8,6,0,14,0,6,56,0,62,0,14,62,0,76,86,0,86,162
01/16/2001,JVL,WI,AGL,CE,Federal Contract Tower,0,8,6,1,15,0,7,25,1,33,0,15,31,2,48,62,0,62,110
01/17/2001,JVL,WI,AGL,CE,Federal Contract Tower,0,9,6,1,16,2,0,32,5,39,2,9,38,6,55,62,0,62,117
01/18/2001,JVL,WI,AGL,CE,Federal Contract Tower,0,12,12,0,24,0,0,75,0,75,0,12,87,0,99,112,0,112,211
01/19/2001,JVL,WI,AGL,CE,Federal Contract Tower,0,10,8,1,19,0,11,86,1,98,0,21,94,2,117,56,14,70,187
01/20/2001,JVL,WI,AGL,CE,Federal Contract Tower,0,8,12,0,20,0,0,310,0,310,0,8,322,0,330,122,0,122,452
01/21/2001,JVL,WI,AGL,CE,Federal Contract Tower,0,11,18,0,29,0,0,303,0,303,0,11,321,0,332,116,0,116,448
01/22/2001,JVL,WI,AGL,CE,Federal Contract Tower,0,12,10,0,22,0,2,79,0,81,0,14,89,0,103,88,0,88,191
01/23/2001,JVL,WI,AGL,CE,Federal Contract Tower,0,12,11,0,23,0,0,1,0,1,0,12,12,0,24,0,0,0,24
01/24/2001,JVL,WI,AGL,CE,Federal Contract Tower,0,14,12,0,26,0,7,39,0,46,0,21,51,0,72,56,0,56,128
01/25/2001,JVL,WI,AGL,CE,Federal Contract Tower,0,16,15,0,31,0,13,124,6,143,0,29,139,6,174,84,0,84,258
01/26/2001,JVL,WI,AGL,CE,Federal Contract Tower,0,10,4,0,14,0,8,0,0,8,0,18,4,0,22,0,0,0,22
01/27/2001,JVL,WI,AGL,CE,Federal Contract Tower,0,1,16,0,17,0,0,198,2,200,0,1,214,2,217,130,0,130,347
01/28/2001,JVL,WI,AGL,CE,Federal Contract Tower,0,8,17,0,25,0,0,314,0,314,0,8,331,0,339,100,0,100,439
01/29/2001,JVL,WI,AGL,CE,Federal Contract Tower,0,6,2,0,8,0,3,0,0,3,0,9,2,0,11,2,0,2,13
01/30/2001,JVL,WI,AGL,CE,Federal Contract Tower,0,12,0,0,12,0,11,0,0,11,0,23,0,0,23,0,0,0,23
01/31/2001,JVL,WI,AGL,CE,Federal Contract Tower,0,6,4,0,10,0,10,15,0,25,0,16,19,0,35,34,0,34,69
02/01/2001,JVL,WI,AGL,CE,Federal Contract Tower,1,9,10,0,20,1,2,78,0,81,2,11,88,0,101,128,0,128,229
02/02/2001,JVL,WI,AGL,CE,Federal Contract Tower,0,7,9,0,16,0,0,75,0,75,0,7,84,0,91,104,0,104,195
02/03/2001,JVL,WI,AGL,CE,Federal Contract Tower,0,9,10,0,19,0,6,103,0,109,0,15,113,0,128,88,0,88,216
02/04/2001,JVL,WI,AGL,CE,Federal Contract Tower,0,5,6,0,11,0,4,86,0,90,0,9,92,0,101,142,0,142,243
02/05/2001,JVL,WI,AGL,CE,Federal Contract Tower,0,5,6,0,11,0,3,25,0,28,0,8,31,0,39,82,0,82,121
02/06/2001,JVL,WI,AGL,CE,Federal Contract Tower,0,10,11,0,21,0,0,32,0,32,0,10,43,0,53,86,0,86,139
02/07/2001,JVL,WI,AGL,CE,Federal Contract Tower,1,11,10,0,22,1,1,32,0,34,2,12,42,0,56,50,0,50,106
02/08/2001,JVL,WI,AGL,CE,Federal Contract Tower,1,6,5,0,12,1,0,60,0,61,2,6,65,0,73,96,0,96,169
02/09/2001,JVL,WI,AGL,CE,Federal Contract Tower,0,6,5,0,11,0,2,35,0,37,0,8,40,0,48,52,0,52,100
02/10/2001,JVL,WI,AGL,CE,Federal Contract Tower,0,6,6,0,12,0,0,242,0,242,0,6,248,0,254,94,2,96,350
02/11/2001,JVL,WI,AGL,CE,Federal Contract Tower,0,5,8,0,13,0,0,293,2,295,0,5,301,2,308,154,0,154,462
02/12/2001,JVL,WI,AGL,CE,Federal Contract Tower,0,6,9,0,15,0,0,89,0,89,0,6,98,0,104,82,0,82,186
02/13/2001,JVL,WI,AGL,CE,Federal Contract Tower,0,12,10,0,22,1,6,37,0,44,1,18,47,0,66,74,0,74,140
02/14/2001,JVL,WI,AGL,CE,Federal Contract Tower,0,6,5,0,11,1,5,45,0,51,1,11,50,0,62,94,0,94,156
02/15/2001,JVL,WI,AGL,CE,Federal Contract Tower,0,12,11,0,23,1,2,36,2,41,1,14,47,2,64,56,0,56,120
02/16/2001,JVL,WI,AGL,CE,Federal Contract Tower,0,11,11,0,22,1,2,47,0,50,1,13,58,0,72,46,0,46,118
02/17/2001,JVL,WI,AGL,CE,Federal Contract Tower,0,2,7,0,9,0,0,167,0,167,0,2,174,0,176,114,0,114,290
02/18/2001,JVL,WI,AGL,CE,Federal Contract Tower,0,8,11,0,19,0,0,183,0,183,0,8,194,0,202,102,0,102,304
02/19/2001,JVL,WI,AGL,CE,Federal Contract Tower,0,11,11,0,22,2,11,34,0,47,2,22,45,0,69,70,0,70,139
02/20/2001,JVL,WI,AGL,CE,Federal Contract Tower,0,7,7,0,14,0,3,81,0,84,0,10,88,0,98,56,0,56,154
02/21/2001,JVL,WI,AGL,CE,Federal Contract Tower,0,13,13,0,26,0,13,73,0,86,0,26,86,0,112,116,0,116,228
02/22/2001,JVL,WI,AGL,CE,Federal Contract Tower,0,16,16,0,32,0,8,68,0,76,0,24,84,0,108,78,0,78,186
02/23/2001,JVL,WI,AGL,CE,Federal Contract Tower,0,14,14,0,28,0,2,144,0,146,0,16,158,0,174,94,0,94,268
02/24/2001,JVL,WI,AGL,CE,Federal Contract Tower,0,2,2,0,4,0,2,43,0,45,0,4,45,0,49,90,0,90,139
02/25/2001,JVL,WI,AGL,CE,Federal Contract Tower,0,2,2,0,4,0,3,53,0,56,0,5,55,0,60,84,0,84,144
02/26/2001,JVL,WI,AGL,CE,Federal Contract Tower,0,5,9,0,14,0,0,61,0,61,0,5,70,0,75,88,0,88,163
02/27/2001,JVL,WI,AGL,CE,Federal Contract Tower,0,9,8,0,17,0,8,75,0,83,0,17,83,0,100,92,0,92,192
02/28/2001,JVL,WI,AGL,CE,Federal Contract Tower,0,6,5,0,11,0,0,69,0,69,0,6,74,0,80,68,0,68,148
03/01/2001,JVL,WI,AGL,CE,Federal Contract Tower,0,7,11,0,18,0,7,134,0,141,0,14,145,0,159,120,0,120,279
03/02/2001,JVL,WI,AGL,CE,Federal Contract Tower,1,13,15,0,29,3,7,66,0,76,4,20,81,0,105,98,0,98,203
03/03/2001,JVL,WI,AGL,CE,Federal Contract Tower,0,2,22,0,24,0,0,408,0,408,0,2,430,0,432,76,0,76,508
03/04/2001,JVL,WI,AGL,CE,Federal Contract Tower,0,15,17,0,32,0,0,141,0,141,0,15,158,0,173,112,0,112,285
03/05/2001,JVL,WI,AGL,CE,Federal Contract Tower,0,10,13,0,23,0,2,65,0,67,0,12,78,0,90,102,0,102,192
03/06/2001,JVL,WI,AGL,CE,Federal Contract Tower,0,5,8,0,13,0,11,69,2,82,0,16,77,2,95,120,8,128,223
03/07/2001,JVL,WI,AGL,CE,Federal Contract Tower,0,10,13,0,23,0,9,89,2,100,0,19,102,2,123,88,2,90,213
03/08/2001,JVL,WI,AGL,CE,Federal Contract Tower,0,10,14,0,24,0,14,70,0,84,0,24,84,0,108,106,0,106,214
03/09/2001,JVL,WI,AGL,CE,Federal Contract Tower,0,11,13,0,24,0,11,156,0,167,0,22,169,0,191,118,0,118,309
03/10/2001,JVL,WI,AGL,CE,Federal Contract Tower,0,1,13,0,14,0,0,237,0,237,0,1,250,0,251,160,0,160,411
03/11/2001,JVL,WI,AGL,CE,Federal Contract Tower,0,12,16,1,29,0,0,343,1,344,0,12,359,2,373,262,2,264,637
03/12/2001,JVL,WI,AGL,CE,Federal Contract Tower,0,5,5,0,10,0,8,3,0,11,0,13,8,0,21,38,0,38,59
03/13/2001,JVL,WI,AGL,CE,Federal Contract Tower,0,3,5,0,8,0,0,59,0,59,0,3,64,0,67,88,0,88,155
03/14/2001,JVL,WI,AGL,CE,Federal Contract Tower,0,12,15,0,27,0,7,53,0,60,0,19,68,0,87,100,0,100,187
03/15/2001,JVL,WI,AGL,CE,Federal Contract Tower,0,15,18,0,33,0,12,32,0,44,0,27,50,0,77,66,0,66,143
03/16/2001,JVL,WI,AGL,CE,Federal Contract Tower,0,13,16,0,29,2,9,30,0,41,2,22,46,0,70,48,0,48,118
03/17/2001,JVL,WI,AGL,CE,Federal Contract Tower,0,4,16,1,21,0,0,177,1,178,0,4,193,2,199,126,2,128,327
03/18/2001,JVL,WI,AGL,CE,Federal Contract Tower,0,13,15,0,28,0,0,356,0,356,0,13,371,0,384,134,0,134,518
03/19/2001,JVL,WI,AGL,CE,Federal Contract Tower,0,11,13,0,24,0,3,140,0,143,0,14,153,0,167,110,0,110,277
03/20/2001,JVL,WI,AGL,CE,Federal Contract Tower,0,11,14,0,25,0,4,114,0,118,0,15,128,0,143,88,0,88,231
03/21/2001,JVL,WI,AGL,CE,Federal Contract Tower,0,11,15,0,26,0,1,83,0,84,0,12,98,0,110,134,0,134,244
03/22/2001,JVL,WI,AGL,CE,Federal Contract Tower,0,10,12,0,22,0,5,54,2,61,0,15,66,2,83,78,2,80,163
03/23/2001,JVL,WI,AGL,CE,Federal Contract Tower,0,17,20,0,37,0,7,61,0,68,0,24,81,0,105,56,0,56,161
03/24/2001,JVL,WI,AGL,CE,Federal Contract Tower,0,5,9,0,14,0,0,164,0,164,0,5,173,0,178,102,0,102,280
03/25/2001,JVL,WI,AGL,CE,Federal Contract Tower,0,4,10,0,14,0,0,28,0,28,0,4,38,0,42,104,0,104,146
03/26/2001,JVL,WI,AGL,CE,Federal Contract Tower,0,7,10,0,17,0,0,138,0,138,0,7,148,0,155,86,0,86,241
03/27/2001,JVL,WI,AGL,CE,Federal Contract Tower,0,9,11,0,20,2,9,142,0,153,2,18,153,0,173,90,0,90,263
03/28/2001,JVL,WI,AGL,CE,Federal Contract Tower,0,19,24,0,43,0,4,59,0,63,0,23,83,0,106,44,0,44,150
03/29/2001,JVL,WI,AGL,CE,Federal Contract Tower,0,15,19,0,34,0,12,49,4,65,0,27,68,4,99,152,4,156,255
03/30/2001,JVL,WI,AGL,CE,Federal Contract Tower,0,6,16,0,22,0,0,66,2,68,0,6,82,2,90,56,2,58,148
03/31/2001,JVL,WI,AGL,CE,Federal Contract Tower,0,11,22,0,33,0,0,135,0,135,0,11,157,0,168,76,0,76,244
04/01/2001,JVL,WI,AGL,CE,Federal Contract Tower,0,2,20,0,22,0,3,158,0,161,0,5,178,0,183,98,0,98,281
04/02/2001,JVL,WI,AGL,CE,Federal Contract Tower,0,5,3,0,8,0,2,55,0,57,0,7,58,0,65,44,2,46,111
04/03/2001,JVL,WI,AGL,CE,Federal Contract Tower,0,17,8,0,25,0,0,63,0,63,0,17,71,0,88,64,0,64,152
04/04/2001,JVL,WI,AGL,CE,Federal Contract Tower,0,16,12,0,28,0,8,93,0,101,0,24,105,0,129,72,0,72,201
04/05/2001,JVL,WI,AGL,CE,Federal Contract Tower,0,16,15,0,31,0,2,45,0,47,0,18,60,0,78,46,0,46,124
04/06/2001,JVL,WI,AGL,CE,Federal Contract Tower,0,7,27,0,34,0,3,13,0,16,0,10,40,0,50,0,0,0,50
04/07/2001,JVL,WI,AGL,CE,Federal Contract Tower,0,4,4,0,8,0,0,9,0,9,0,4,13,0,17,4,0,4,21
04/08/2001,JVL,WI,AGL,CE,Federal Contract Tower,0,0,23,0,23,0,2,313,0,315,0,2,336,0,338,140,0,140,478
04/09/2001,JVL,WI,AGL,CE,Federal Contract Tower,2,6,21,0,29,0,6,13,0,19,2,12,34,0,48,78,0,78,126
04/10/2001,JVL,WI,AGL,CE,Federal Contract Tower,2,7,30,0,39,0,2,23,0,25,2,9,53,0,64,50,0,50,114
04/11/2001,JVL,WI,AGL,CE,Federal Contract Tower,0,14,5,0,19,0,0,10,0,10,0,14,15,0,29,0,0,0,29
04/12/2001,JVL,WI,AGL,CE,Federal Contract Tower,0,14,4,0,18,0,2,20,0,22,0,16,24,0,40,48,0,48,88
04/13/2001,JVL,WI,AGL,CE,Federal Contract Tower,0,5,20,0,25,0,7,287,0,294,0,12,307,0,319,172,0,172,491
04/14/2001,JVL,WI,AGL,CE,Federal Contract Tower,0,3,28,0,31,0,0,363,0,363,0,3,391,0,394,106,0,106,500
04/15/2001,JVL,WI,AGL,CE,Federal Contract Tower,0,0,12,0,12,0,0,76,0,76,0,0,88,0,88,38,0,38,126
04/16/2001,JVL,WI,AGL,CE,Federal Contract Tower,0,14,2,0,16,0,2,10,0,12,0,16,12,0,28,24,0,24,52
04/17/2001,JVL,WI,AGL,CE,Federal Contract Tower,0,3,5,1,9,0,4,80,1,85,0,7,85,2,94,68,2,70,164
04/18/2001,JVL,WI,AGL,CE,Federal Contract Tower,0,4,20,0,24,0,2,145,0,147,0,6,165,0,171,102,0,102,273
04/19/2001,JVL,WI,AGL,CE,Federal Contract Tower,0,11,6,0,17,0,2,95,0,97,0,13,101,0,114,104,2,106,220
04/20/2001,JVL,WI,AGL,CE,Federal Contract Tower,0,13,24,0,37,0,2,44,0,46,0,15,68,0,83,106,0,106,189
04/21/2001,JVL,WI,AGL,CE,Federal Contract Tower,0,1,6,0,7,0,0,37,0,37,0,1,43,0,44,6,0,6,50
04/22/2001,JVL,WI,AGL,CE,Federal Contract Tower,0,9,30,0,39,0,7,60,0,67,0,16,90,0,106,84,0,84,190
04/23/2001,JVL,WI,AGL,CE,Federal Contract Tower,0,3,2,0,5,0,5,89,0,94,0,8,91,0,99,32,2,34,133
04/24/2001,JVL,WI,AGL,CE,Federal Contract Tower,4,6,15,1,26,0,0,112,3,115,4,6,127,4,141,126,4,130,271
04/25/2001,JVL,WI,AGL,CE,Federal Contract Tower,1,12,15,0,28,0,15,92,2,109,1,27,107,2,137,84,0,84,221
04/26/2001,JVL,WI,AGL,CE,Federal Contract Tower,4,16,4,0,24,0,14,130,0,144,4,30,134,0,168,94,0,94,262
04/27/2001,JVL,WI,AGL,CE,Federal Contract Tower,1,12,12,0,25,0,1,225,0,226,1,13,237,0,251,114,0,114,365
04/28/2001,JVL,WI,AGL,CE,Federal Contract Tower,0,4,18,0,22,0,8,289,0,297,0,12,307,0,319,164,0,164,483
04/29/2001,JVL,WI,AGL,CE,Federal Contract Tower,1,12,19,0,32,0,3,333,0,336,1,15,352,0,368,74,0,74,442
04/30/2001,JVL,WI,AGL,CE,Federal Contract Tower,0,7,12,1,20,0,0,69,0,69,0,7,81,1,89,54,2,56,145
05/01/2001,JVL,WI,AGL,CE,Federal Contract Tower,0,8,4,1,13,0,1,85,0,86,0,9,89,1,99,98,2,100,199
05/02/2001,JVL,WI,AGL,CE,Federal Contract Tower,1,12,15,0,28,0,1,72,0,73,1,13,87,0,101,72,0,72,173
05/03/2001,JVL,WI,AGL,CE,Federal Contract Tower,0,9,5,0,14,0,1,83,0,84,0,10,88,0,98,92,0,92,190
05/04/2001,JVL,WI,AGL,CE,Federal Contract Tower,0,10,28,0,38,0,3,92,0,95,0,13,120,0,133,94,0,94,227
05/05/2001,JVL,WI,AGL,CE,Federal Contract Tower,0,3,21,0,24,0,7,147,0,154,0,10,168,0,178,112,0,112,290
05/06/2001,JVL,WI,AGL,CE,Federal Contract Tower,0,3,16,0,19,0,1,182,0,183,0,4,198,0,202,112,0,112,314
05/07/2001,JVL,WI,AGL,CE,Federal Contract Tower,1,12,19,0,32,0,1,30,0,31,1,13,49,0,63,108,0,108,171
05/08/2001,JVL,WI,AGL,CE,Federal Contract Tower,1,15,10,0,26,3,4,48,0,55,4,19,58,0,81,78,0,78,159
05/09/2001,JVL,WI,AGL,CE,Federal Contract Tower,0,10,8,0,18,0,7,151,2,160,0,17,159,2,178,94,2,96,274
05/10/2001,JVL,WI,AGL,CE,Federal Contract Tower,2,19,4,0,25,0,6,107,0,113,2,25,111,0,138,66,0,66,204
05/11/2001,JVL,WI,AGL,CE,Federal Contract Tower,0,13,29,0,42,0,5,79,0,84,0,18,108,0,126,68,0,68,194
05/12/2001,JVL,WI,AGL,CE,Federal Contract Tower,0,3,27,0,30,0,6,565,0,571,0,9,592,0,601,164,0,164,765
05/13/2001,JVL,WI,AGL,CE,Federal Contract Tower,0,3,17,0,20,0,3,200,0,203,0,6,217,0,223,96,0,96,319
05/14/2001,JVL,WI,AGL,CE,Federal Contract Tower,0,12,10,0,22,0,0,38,0,38,0,12,48,0,60,56,0,56,116
05/15/2001,JVL,WI,AGL,CE,Federal Contract Tower,2,12,13,0,27,0,2,109,0,111,2,14,122,0,138,98,0,98,236
05/16/2001,JVL,WI,AGL,CE,Federal Contract Tower,0,15,13,1,29,0,0,114,0,114,0,15,127,1,143,104,2,106,249
05/17/2001,JVL,WI,AGL,CE,Federal Contract Tower,0,17,6,0,23,0,2,119,0,121,0,19,125,0,144,102,0,102,246
05/18/2001,JVL,WI,AGL,CE,Federal Contract Tower,0,9,8,0,17,0,1,148,0,149,0,10,156,0,166,98,0,98,264
05/19/2001,JVL,WI,AGL,CE,Federal Contract Tower,0,3,22,0,25,0,2,339,0,341,0,5,361,0,366,116,0,116,482
05/20/2001,JVL,WI,AGL,CE,Federal Contract Tower,0,2,10,0,12,0,2,164,0,166,0,4,174,0,178,98,0,98,276
05/21/2001,JVL,WI,AGL,CE,Federal Contract Tower,0,13,20,1,34,0,0,25,1,26,0,13,45,2,60,24,0,24,84
05/22/2001,JVL,WI,AGL,CE,Federal Contract Tower,0,10,12,0,22,0,0,21,0,21,0,10,33,0,43,38,0,38,81
05/23/2001,JVL,WI,AGL,CE,Federal Contract Tower,0,10,19,0,29,0,3,24,0,27,0,13,43,0,56,42,0,42,98
05/24/2001,JVL,WI,AGL,CE,Federal Contract Tower,0,13,7,0,20,0,0,25,0,25,0,13,32,0,45,48,0,48,93
05/25/2001,JVL,WI,AGL,CE,Federal Contract Tower,0,11,20,0,31,0,0,77,0,77,0,11,97,0,108,110,0,110,218
05/26/2001,JVL,WI,AGL,CE,Federal Contract Tower,0,1,27,0,28,0,2,67,0,69,0,3,94,0,97,70,0,70,167
05/27/2001,JVL,WI,AGL,CE,Federal Contract Tower,0,0,22,0,22,0,0,132,0,132,0,0,154,0,154,66,0,66,220
05/28/2001,JVL,WI,AGL,CE,Federal Contract Tower,0,6,26,0,32,0,3,196,0,199,0,9,222,0,231,110,0,110,341
05/29/2001,JVL,WI,AGL,CE,Federal Contract Tower,2,10,10,0,22,0,2,102,0,104,2,12,112,0,126,120,0,120,246
05/30/2001,JVL,WI,AGL,CE,Federal Contract Tower,5,15,17,0,37,0,0,144,0,144,5,15,161,0,181,126,0,126,307
05/31/2001,JVL,WI,AGL,CE,Federal Contract Tower,10,12,8,0,30,0,2,39,2,43,10,14,47,2,73,54,10,64,137
06/01/2001,JVL,WI,AGL,CE,Federal Contract Tower,14,10,24,0,48,0,0,82,0,82,14,10,106,0,130,122,0,122,252
06/02/2001,JVL,WI,AGL,CE,Federal Contract Tower,0,6,39,0,45,0,0,50,0,50,0,6,89,0,95,28,0,28,123
06/03/2001,JVL,WI,AGL,CE,Federal Contract Tower,0,8,28,0,36,0,0,155,0,155,0,8,183,0,191,72,0,72,263
06/04/2001,JVL,WI,AGL,CE,Federal Contract Tower,2,13,22,0,37,0,2,17,0,19,2,15,39,0,56,84,0,84,140
06/05/2001,JVL,WI,AGL,CE,Federal Contract Tower,0,6,5,0,11,0,1,2,0,3,0,7,7,0,14,22,0,22,36
06/06/2001,JVL,WI,AGL,CE,Federal Contract Tower,6,10,24,0,40,0,1,32,0,33,6,11,56,0,73,46,0,46,119
06/07/2001,JVL,WI,AGL,CE,Federal Contract Tower,14,17,22,2,55,0,3,93,0,96,14,20,115,2,151,92,0,92,243
06/08/2001,JVL,WI,AGL,CE,Federal Contract Tower,4,6,22,0,32,0,4,196,0,200,4,10,218,0,232,162,0,162,394
06/09/2001,JVL,WI,AGL,CE,Federal Contract Tower,0,0,23,0,23,0,4,340,0,344,0,4,363,0,367,92,0,92,459
06/10/2001,JVL,WI,AGL,CE,Federal Contract Tower,0,4,7,0,11,0,2,132,0,134,0,6,139,0,145,64,0,64,209
06/11/2001,JVL,WI,AGL,CE,Federal Contract Tower,0,8,18,0,26,0,2,114,0,116,0,10,132,0,142,82,0,82,224
06/12/2001,JVL,WI,AGL,CE,Federal Contract Tower,2,6,3,0,11,0,4,53,0,57,2,10,56,0,68,64,0,64,132
06/13/2001,JVL,WI,AGL,CE,Federal Contract Tower,0,12,26,0,38,0,0,95,0,95,0,12,121,0,133,88,0,88,221
06/14/2001,JVL,WI,AGL,CE,Federal Contract Tower,8,14,9,0,31,0,2,70,0,72,8,16,79,0,103,78,0,78,181
06/15/2001,JVL,WI,AGL,CE,Federal Contract Tower,6,12,17,0,35,0,0,91,0,91,6,12,108,0,126,48,0,48,174
06/16/2001,JVL,WI,AGL,CE,Federal Contract Tower,0,5,21,0,26,0,1,345,0,346,0,6,366,0,372,128,0,128,500
06/17/2001,JVL,WI,AGL,CE,Federal Contract Tower,0,6,16,0,22,0,2,341,0,343,0,8,357,0,365,96,0,96,461
06/18/2001,JVL,WI,AGL,CE,Federal Contract Tower,4,8,3,0,15,0,0,51,0,51,4,8,54,0,66,72,0,72,138
06/19/2001,JVL,WI,AGL,CE,Federal Contract Tower,5,18,12,0,35,0,4,55,0,59,5,22,67,0,94,48,0,48,142
06/20/2001,JVL,WI,AGL,CE,Federal Contract Tower,6,23,19,0,48,0,10,118,0,128,6,33,137,0,176,104,0,104,280
06/21/2001,JVL,WI,AGL,CE,Federal Contract Tower,3,16,16,0,35,0,0,80,0,80,3,16,96,0,115,64,0,64,179
06/22/2001,JVL,WI,AGL,CE,Federal Contract Tower,0,4,27,2,33,0,7,107,0,114,0,11,134,2,147,108,0,108,255
06/23/2001,JVL,WI,AGL,CE,Federal Contract Tower,0,1,21,0,22,0,1,205,0,206,0,2,226,0,228,206,0,206,434
06/24/2001,JVL,WI,AGL,CE,Federal Contract Tower,0,3,11,0,14,0,0,189,0,189,0,3,200,0,203,82,0,82,285
06/25/2001,JVL,WI,AGL,CE,Federal Contract Tower,2,10,7,1,20,0,0,119,1,120,2,10,126,2,140,88,2,90,230
06/26/2001,JVL,WI,AGL,CE,Federal Contract Tower,4,10,18,0,32,0,3,136,0,139,4,13,154,0,171,136,0,136,307
06/27/2001,JVL,WI,AGL,CE,Federal Contract Tower,6,11,8,0,25,0,2,111,0,113,6,13,119,0,138,104,0,104,242
06/28/2001,JVL,WI,AGL,CE,Federal Contract Tower,2,6,13,0,21,0,2,79,0,81,2,8,92,0,102,84,0,84,186
06/29/2001,JVL,WI,AGL,CE,Federal Contract Tower,0,14,19,0,33,0,0,85,0,85,0,14,104,0,118,86,0,86,204
06/30/2001,JVL,WI,AGL,CE,Federal Contract Tower,0,4,27,0,31,0,0,241,0,241,0,4,268,0,272,108,0,108,380
07/01/2001,JVL,WI,AGL,CE,Federal Contract Tower,0,7,18,0,25,0,0,209,0,209,0,7,227,0,234,98,0,98,332
07/02/2001,JVL,WI,AGL,CE,Federal Contract Tower,0,9,13,0,22,0,0,126,0,126,0,9,139,0,148,76,0,76,224
07/03/2001,JVL,WI,AGL,CE,Federal Contract Tower,0,12,23,2,37,0,0,68,0,68,0,12,91,2,105,140,0,140,245
07/04/2001,JVL,WI,AGL,CE,Federal Contract Tower,0,1,8,0,9,0,0,120,0,120,0,1,128,0,129,30,0,30,159
07/05/2001,JVL,WI,AGL,CE,Federal Contract Tower,0,4,17,0,21,0,1,130,0,131,0,5,147,0,152,108,0,108,260
07/06/2001,JVL,WI,AGL,CE,Federal Contract Tower,0,7,7,0,14,0,0,135,0,135,0,7,142,0,149,76,0,76,225
07/07/2001,JVL,WI,AGL,CE,Federal Contract Tower,0,4,12,0,16,0,0,72,0,72,0,4,84,0,88,68,0,68,156
07/08/2001,JVL,WI,AGL,CE,Federal Contract Tower,0,11,16,0,27,0,1,265,4,270,0,12,281,4,297,64,0,64,361
07/09/2001,JVL,WI,AGL,CE,Federal Contract Tower,0,12,12,0,24,0,1,87,0,88,0,13,99,0,112,58,0,58,170
07/10/2001,JVL,WI,AGL,CE,Federal Contract Tower,0,6,7,0,13,0,1,110,0,111,0,7,117,0,124,56,0,56,180
07/11/2001,JVL,WI,AGL,CE,Federal Contract Tower,0,19,11,0,30,0,2,204,0,206,0,21,215,0,236,128,0,128,364
07/12/2001,JVL,WI,AGL,CE,Federal Contract Tower,0,7,22,0,29,0,4,150,0,154,0,11,172,0,183,74,0,74,257
07/13/2001,JVL,WI,AGL,CE,Federal Contract Tower,0,14,15,0,29,0,0,174,0,174,0,14,189,0,203,98,0,98,301
07/14/2001,JVL,WI,AGL,CE,Federal Contract Tower,0,5,15,0,20,0,0,212,0,212,0,5,227,0,232,128,0,128,360
07/15/2001,JVL,WI,AGL,CE,Federal Contract Tower,0,10,18,0,28,0,1,236,0,237,0,11,254,0,265,112,0,112,377
07/16/2001,JVL,WI,AGL,CE,Federal Contract Tower,0,9,15,0,24,0,4,93,0,97,0,13,108,0,121,68,0,68,189
07/17/2001,JVL,WI,AGL,CE,Federal Contract Tower,0,15,23,0,38,0,6,84,2,92,0,21,107,2,130,112,0,112,242
07/18/2001,JVL,WI,AGL,CE,Federal Contract Tower,4,15,14,0,33,0,5,44,0,49,4,20,58,0,82,46,0,46,128
07/19/2001,JVL,WI,AGL,CE,Federal Contract Tower,0,26,16,2,44,0,0,64,0,64,0,26,80,2,108,68,0,68,176
07/20/2001,JVL,WI,AGL,CE,Federal Contract Tower,0,21,34,0,55,0,2,105,0,107,0,23,139,0,162,88,0,88,250
07/21/2001,JVL,WI,AGL,CE,Federal Contract Tower,0,11,35,0,46,0,2,141,0,143,0,13,176,0,189,106,0,106,295
07/22/2001,JVL,WI,AGL,CE,Federal Contract Tower,0,11,22,0,33,0,0,209,0,209,0,11,231,0,242,132,0,132,374
07/23/2001,JVL,WI,AGL,CE,Federal Contract Tower,0,3,12,0,15,0,2,54,0,56,0,5,66,0,71,64,0,64,135
07/24/2001,JVL,WI,AGL,CE,Federal Contract Tower,0,7,9,0,16,0,4,104,2,110,0,11,113,2,126,134,0,134,260
07/25/2001,JVL,WI,AGL,CE,Federal Contract Tower,0,19,24,0,43,0,2,57,2,61,0,21,81,2,104,48,0,48,152
07/26/2001,JVL,WI,AGL,CE,Federal Contract Tower,0,11,18,0,29,0,15,118,2,135,0,26,136,2,164,114,0,114,278
07/27/2001,JVL,WI,AGL,CE,Federal Contract Tower,1,9,12,0,22,0,7,188,0,195,1,16,200,0,217,84,0,84,301
07/28/2001,JVL,WI,AGL,CE,Federal Contract Tower,0,3,40,0,43,0,0,116,0,116,0,3,156,0,159,38,0,38,197
07/29/2001,JVL,WI,AGL,CE,Federal Contract Tower,0,13,4,0,17,0,4,175,0,179,0,17,179,0,196,50,0,50,246
07/30/2001,JVL,WI,AGL,CE,Federal Contract Tower,0,4,7,0,11,0,0,64,0,64,0,4,71,0,75,58,0,58,133
07/31/2001,JVL,WI,AGL,CE,Federal Contract Tower,0,22,16,0,38,0,5,105,0,110,0,27,121,0,148,98,0,98,246
08/01/2001,JVL,WI,AGL,CE,Federal Contract Tower,0,18,5,0,23,0,0,154,0,154,0,18,159,0,177,102,0,102,279
08/02/2001,JVL,WI,AGL,CE,Federal Contract Tower,0,10,10,0,20,0,4,54,0,58,0,14,64,0,78,58,0,58,136
08/03/2001,JVL,WI,AGL,CE,Federal Contract Tower,0,12,12,0,24,0,0,112,2,114,0,12,124,2,138,116,0,116,254
08/04/2001,JVL,WI,AGL,CE,Federal Contract Tower,0,0,20,0,20,0,3,288,0,291,0,3,308,0,311,122,4,126,437
08/05/2001,JVL,WI,AGL,CE,Federal Contract Tower,2,6,5,1,14,0,6,163,3,172,2,12,168,4,186,158,0,158,344
08/06/2001,JVL,WI,AGL,CE,Federal Contract Tower,0,8,9,0,17,0,1,77,0,78,0,9,86,0,95,128,0,128,223
08/07/2001,JVL,WI,AGL,CE,Federal Contract Tower,0,19,11,0,30,0,2,71,0,73,0,21,82,0,103,48,0,48,151
08/08/2001,JVL,WI,AGL,CE,Federal Contract Tower,2,10,12,0,24,0,5,91,0,96,2,15,103,0,120,78,0,78,198
08/09/2001,JVL,WI,AGL,CE,Federal Contract Tower,2,9,17,0,28,0,1,62,0,63,2,10,79,0,91,116,0,116,207
08/10/2001,JVL,WI,AGL,CE,Federal Contract Tower,0,8,13,0,21,0,6,179,0,185,0,14,192,0,206,68,0,68,274
08/11/2001,JVL,WI,AGL,CE,Federal Contract Tower,0,4,14,0,18,0,0,248,0,248,0,4,262,0,266,66,0,66,332
08/12/2001,JVL,WI,AGL,CE,Federal Contract Tower,0,2,23,0,25,0,3,185,0,188,0,5,208,0,213,102,0,102,315
08/13/2001,JVL,WI,AGL,CE,Federal Contract Tower,0,11,10,0,21,0,0,69,0,69,0,11,79,0,90,80,0,80,170
08/14/2001,JVL,WI,AGL,CE,Federal Contract Tower,0,15,24,2,41,0,2,108,0,110,0,17,132,2,151,118,10,128,279
08/15/2001,JVL,WI,AGL,CE,Federal Contract Tower,5,8,15,8,36,0,0,87,0,87,5,8,102,8,123,120,8,128,251
08/16/2001,JVL,WI,AGL,CE,Federal Contract Tower,2,15,37,0,54,0,2,62,0,64,2,17,99,0,118,38,0,38,156
08/17/2001,JVL,WI,AGL,CE,Federal Contract Tower,0,11,2,0,13,0,5,148,0,153,0,16,150,0,166,142,0,142,308
08/18/2001,JVL,WI,AGL,CE,Federal Contract Tower,0,8,5,0,13,0,1,69,4,74,0,9,74,4,87,94,0,94,181
08/19/2001,JVL,WI,AGL,CE,Federal Contract Tower,0,6,23,0,29,0,0,114,0,114,0,6,137,0,143,108,0,108,251
08/20/2001,JVL,WI,AGL,CE,Federal Contract Tower,0,13,17,0,30,0,3,108,0,111,0,16,125,0,141,136,0,136,277
08/21/2001,JVL,WI,AGL,CE,Federal Contract Tower,5,15,13,0,33,1,2,94,0,97,6,17,107,0,130,106,0,106,236
08/22/2001,JVL,WI,AGL,CE,Federal Contract Tower,0,10,5,4,19,0,2,46,2,50,0,12,51,6,69,68,2,70,139
08/23/2001,JVL,WI,AGL,CE,Federal Contract Tower,6,15,21,0,42,0,4,54,0,58,6,19,75,0,100,120,0,120,220
08/24/2001,JVL,WI,AGL,CE,Federal Contract Tower,0,8,15,0,23,0,0,64,0,64,0,8,79,0,87,96,0,96,183
08/25/2001,JVL,WI,AGL,CE,Federal Contract Tower,0,4,8,0,12,0,1,12,0,13,0,5,20,0,25,62,0,62,87
08/26/2001,JVL,WI,AGL,CE,Federal Contract Tower,0,6,17,0,23,0,1,239,0,240,0,7,256,0,263,174,0,174,437
08/27/2001,JVL,WI,AGL,CE,Federal Contract Tower,2,15,5,0,22,0,1,97,0,98,2,16,102,0,120,94,0,94,214
08/28/2001,JVL,WI,AGL,CE,Federal Contract Tower,0,11,11,0,22,0,0,156,0,156,0,11,167,0,178,198,0,198,376
08/29/2001,JVL,WI,AGL,CE,Federal Contract Tower,0,9,11,0,20,0,0,91,0,91,0,9,102,0,111,84,0,84,195
08/30/2001,JVL,WI,AGL,CE,Federal Contract Tower,3,12,16,0,31,1,7,135,0,143,4,19,151,0,174,60,0,60,234
08/31/2001,JVL,WI,AGL,CE,Federal Contract Tower,0,17,17,0,34,0,8,122,0,130,0,25,139,0,164,88,0,88,252
09/01/2001,JVL,WI,AGL,CE,Federal Contract Tower,0,3,8,0,11,0,6,311,0,317,0,9,319,0,328,146,0,146,474
09/02/2001,JVL,WI,AGL,CE,Federal Contract Tower,0,3,12,0,15,0,6,422,0,428,0,9,434,0,443,106,0,106,549
09/03/2001,JVL,WI,AGL,CE,Federal Contract Tower,0,4,26,0,30,0,5,133,0,138,0,9,159,0,168,94,0,94,262
09/04/2001,JVL,WI,AGL,CE,Federal Contract Tower,2,7,17,0,26,0,4,114,0,118,2,11,131,0,144,188,0,188,332
09/05/2001,JVL,WI,AGL,CE,Federal Contract Tower,2,18,14,0,34,0,5,140,0,145,2,23,154,0,179,136,0,136,315
09/06/2001,JVL,WI,AGL,CE,Federal Contract Tower,3,14,6,0,23,0,5,76,0,81,3,19,82,0,104,62,0,62,166
09/07/2001,JVL,WI,AGL,CE,Federal Contract Tower,0,12,6,0,18,0,4,48,0,52,0,16,54,0,70,72,0,72,142
09/08/2001,JVL,WI,AGL,CE,Federal Contract Tower,0,1,16,0,17,0,3,46,0,49,0,4,62,0,66,68,0,68,134
09/09/2001,JVL,WI,AGL,CE,Federal Contract Tower,0,8,15,0,23,0,2,15,0,17,0,10,30,0,40,4,0,4,44
09/10/2001,JVL,WI,AGL,CE,Federal Contract Tower,0,6,16,0,22,0,7,79,0,86,0,13,95,0,108,94,0,94,202
09/11/2001,JVL,WI,AGL,CE,Federal Contract Tower,0,0,1,0,1,0,0,4,0,4,0,0,5,0,5,0,0,0,5
09/12/2001,JVL,WI,AGL,CE,Federal Contract Tower,0,0,0,0,0,0,0,2,0,2,0,0,2,0,2,4,0,4,6
09/13/2001,JVL,WI,AGL,CE,Federal Contract Tower,0,9,5,0,14,0,0,4,0,4,0,9,9,0,18,0,0,0,18
09/14/2001,JVL,WI,AGL,CE,Federal Contract Tower,2,15,1,0,18,0,0,0,0,0,2,15,1,0,18,0,0,0,18
09/15/2001,JVL,WI,AGL,CE,Federal Contract Tower,0,2,58,0,60,0,0,0,0,0,0,2,58,0,60,0,0,0,60
09/16/2001,JVL,WI,AGL,CE,Federal Contract Tower,0,10,79,0,89,0,0,0,0,0,0,10,79,0,89,0,0,0,89
09/17/2001,JVL,WI,AGL,CE,Federal Contract Tower,0,2,17,2,21,0,0,0,0,0,0,2,17,2,21,0,0,0,21
09/18/2001,JVL,WI,AGL,CE,Federal Contract Tower,0,13,37,2,52,0,0,2,0,2,0,13,39,2,54,0,0,0,54
09/19/2001,JVL,WI,AGL,CE,Federal Contract Tower,2,14,15,0,31,0,0,0,0,0,2,14,15,0,31,4,0,4,35
09/20/2001,JVL,WI,AGL,CE,Federal Contract Tower,0,11,21,0,32,0,0,54,0,54,0,11,75,0,86,30,0,30,116
09/21/2001,JVL,WI,AGL,CE,Federal Contract Tower,3,22,31,0,56,0,0,40,0,40,3,22,71,0,96,24,0,24,120
09/22/2001,JVL,WI,AGL,CE,Federal Contract Tower,0,7,39,0,46,0,0,346,2,348,0,7,385,2,394,60,0,60,454
09/23/2001,JVL,WI,AGL,CE,Federal Contract Tower,0,7,30,0,37,0,2,22,0,24,0,9,52,0,61,34,0,34,95
09/24/2001,JVL,WI,AGL,CE,Federal Contract Tower,0,9,14,2,25,0,2,52,0,54,0,11,66,2,79,66,0,66,145
09/25/2001,JVL,WI,AGL,CE,Federal Contract Tower,2,12,8,0,22,0,7,84,0,91,2,19,92,0,113,74,0,74,187
09/26/2001,JVL,WI,AGL,CE,Federal Contract Tower,6,14,17,0,37,0,5,132,0,137,6,19,149,0,174,96,0,96,270
09/27/2001,JVL,WI,AGL,CE,Federal Contract Tower,2,12,12,1,27,0,2,77,0,79,2,14,89,1,106,108,2,110,216
09/28/2001,JVL,WI,AGL,CE,Federal Contract Tower,3,12,38,0,53,0,2,36,0,38,3,14,74,0,91,112,0,112,203
09/29/2001,JVL,WI,AGL,CE,Federal Contract Tower,0,3,36,0,39,0,0,146,0,146,0,3,182,0,185,112,0,112,297
09/30/2001,JVL,WI,AGL,CE,Federal Contract Tower,0,2,25,2,29,0,0,127,0,127,0,2,152,2,156,120,0,120,276
10/01/2001,JVL,WI,AGL,CE,Federal Contract Tower,2,9,10,0,21,0,7,86,0,93,2,16,96,0,114,74,0,74,188
10/02/2001,JVL,WI,AGL,CE,Federal Contract Tower,6,8,18,0,32,0,1,113,0,114,6,9,131,0,146,104,0,104,250
10/03/2001,JVL,WI,AGL,CE,Federal Contract Tower,6,6,16,0,28,0,5,110,0,115,6,11,126,0,143,94,0,94,237
10/04/2001,JVL,WI,AGL,CE,Federal Contract Tower,2,12,9,0,23,0,7,55,0,62,2,19,64,0,85,82,0,82,167
10/05/2001,JVL,WI,AGL,CE,Federal Contract Tower,0,15,14,0,29,0,0,57,0,57,0,15,71,0,86,104,0,104,190
10/06/2001,JVL,WI,AGL,CE,Federal Contract Tower,0,4,23,0,27,0,1,137,0,138,0,5,160,0,165,126,0,126,291
10/07/2001,JVL,WI,AGL,CE,Federal Contract Tower,0,12,30,0,42,0,1,262,0,263,0,13,292,0,305,72,0,72,377
10/08/2001,JVL,WI,AGL,CE,Federal Contract Tower,0,2,7,0,9,0,0,35,0,35,0,2,42,0,44,24,0,24,68
10/09/2001,JVL,WI,AGL,CE,Federal Contract Tower,0,19,4,0,23,0,2,30,0,32,0,21,34,0,55,52,0,52,107
10/10/2001,JVL,WI,AGL,CE,Federal Contract Tower,0,14,10,0,24,0,0,9,0,9,0,14,19,0,33,26,0,26,59
10/11/2001,JVL,WI,AGL,CE,Federal Contract Tower,0,13,14,0,27,0,4,107,0,111,0,17,121,0,138,96,0,96,234
10/12/2001,JVL,WI,AGL,CE,Federal Contract Tower,0,13,14,0,27,0,3,40,0,43,0,16,54,0,70,112,0,112,182
10/13/2001,JVL,WI,AGL,CE,Federal Contract Tower,0,12,10,0,22,0,0,2,0,2,0,12,12,0,24,28,0,28,52
10/14/2001,JVL,WI,AGL,CE,Federal Contract Tower,2,16,26,0,44,0,0,165,0,165,2,16,191,0,209,98,0,98,307
10/15/2001,JVL,WI,AGL,CE,Federal Contract Tower,2,9,14,0,25,0,0,54,0,54,2,9,68,0,79,42,0,42,121
10/16/2001,JVL,WI,AGL,CE,Federal Contract Tower,0,15,6,0,21,0,2,69,0,71,0,17,75,0,92,84,0,84,176
10/17/2001,JVL,WI,AGL,CE,Federal Contract Tower,0,23,18,0,41,0,15,184,0,199,0,38,202,0,240,88,0,88,328
10/18/2001,JVL,WI,AGL,CE,Federal Contract Tower,0,23,7,0,30,0,9,44,0,53,0,32,51,0,83,62,0,62,145
10/19/2001,JVL,WI,AGL,CE,Federal Contract Tower,0,9,16,0,25,0,3,108,0,111,0,12,124,0,136,94,0,94,230
10/20/2001,JVL,WI,AGL,CE,Federal Contract Tower,0,7,32,0,39,0,0,224,0,224,0,7,256,0,263,68,0,68,331
10/21/2001,JVL,WI,AGL,CE,Federal Contract Tower,0,6,20,0,26,0,1,174,0,175,0,7,194,0,201,146,0,146,347
10/22/2001,JVL,WI,AGL,CE,Federal Contract Tower,0,6,8,0,14,0,2,16,0,18,0,8,24,0,32,28,0,28,60
10/23/2001,JVL,WI,AGL,CE,Federal Contract Tower,0,15,23,2,40,0,1,20,0,21,0,16,43,2,61,76,0,76,137
10/24/2001,JVL,WI,AGL,CE,Federal Contract Tower,0,15,3,0,18,0,1,6,0,7,0,16,9,0,25,0,0,0,25
10/25/2001,JVL,WI,AGL,CE,Federal Contract Tower,0,7,0,0,7,0,1,1,0,2,0,8,1,0,9,0,0,0,9
10/26/2001,JVL,WI,AGL,CE,Federal Contract Tower,0,10,4,0,14,0,0,52,0,52,0,10,56,0,66,40,0,40,106
10/27/2001,JVL,WI,AGL,CE,Federal Contract Tower,0,3,8,0,11,0,0,170,0,170,0,3,178,0,181,78,0,78,259
10/28/2001,JVL,WI,AGL,CE,Federal Contract Tower,0,5,19,0,24,0,3,250,0,253,0,8,269,0,277,88,0,88,365
10/29/2001,JVL,WI,AGL,CE,Federal Contract Tower,0,13,11,0,24,0,4,76,0,80,0,17,87,0,104,96,0,96,200
10/30/2001,JVL,WI,AGL,CE,Federal Contract Tower,0,8,9,0,17,0,2,47,0,49,0,10,56,0,66,102,0,102,168
10/31/2001,JVL,WI,AGL,CE,Federal Contract Tower,2,9,15,0,26,0,6,100,0,106,2,15,115,0,132,102,0,102,234
11/01/2001,JVL,WI,AGL,CE,Federal Contract Tower,0,11,14,0,25,0,4,82,0,86,0,15,96,0,111,106,0,106,217
11/02/2001,JVL,WI,AGL,CE,Federal Contract Tower,0,13,19,2,34,0,1,145,0,146,0,14,164,2,180,118,2,120,300
11/03/2001,JVL,WI,AGL,CE,Federal Contract Tower,0,7,36,0,43,0,1,269,0,270,0,8,305,0,313,146,0,146,459
11/04/2001,JVL,WI,AGL,CE,Federal Contract Tower,0,6,38,0,44,0,6,259,0,265,0,12,297,0,309,142,0,142,451
11/05/2001,JVL,WI,AGL,CE,Federal Contract Tower,0,19,17,0,36,0,23,166,0,189,0,42,183,0,225,158,0,158,383
11/06/2001,JVL,WI,AGL,CE,Federal Contract Tower,0,7,14,0,21,0,6,137,0,143,0,13,151,0,164,132,0,132,296
11/07/2001,JVL,WI,AGL,CE,Federal Contract Tower,0,16,14,0,30,0,10,122,0,132,0,26,136,0,162,178,0,178,340
11/08/2001,JVL,WI,AGL,CE,Federal Contract Tower,0,13,2,0,15,0,0,75,0,75,0,13,77,0,90,116,0,116,206
11/09/2001,JVL,WI,AGL,CE,Federal Contract Tower,0,7,7,0,14,0,5,148,0,153,0,12,155,0,167,168,0,168,335
11/10/2001,JVL,WI,AGL,CE,Federal Contract Tower,0,4,18,0,22,0,0,244,0,244,0,4,262,0,266,92,0,92,358
11/11/2001,JVL,WI,AGL,CE,Federal Contract Tower,0,12,34,0,46,0,2,253,0,255,0,14,287,0,301,86,0,86,387
11/12/2001,JVL,WI,AGL,CE,Federal Contract Tower,0,19,8,0,27,0,3,119,0,122,0,22,127,0,149,82,0,82,231
11/13/2001,JVL,WI,AGL,CE,Federal Contract Tower,2,21,8,0,31,0,0,83,0,83,2,21,91,0,114,54,0,54,168
11/14/2001,JVL,WI,AGL,CE,Federal Contract Tower,0,16,18,0,34,0,0,62,0,62,0,16,80,0,96,98,0,98,194
11/15/2001,JVL,WI,AGL,CE,Federal Contract Tower,0,7,42,0,49,0,5,97,0,102,0,12,139,0,151,162,0,162,313
11/16/2001,JVL,WI,AGL,CE,Federal Contract Tower,0,13,22,0,35,0,4,104,0,108,0,17,126,0,143,156,0,156,299
11/17/2001,JVL,WI,AGL,CE,Federal Contract Tower,0,6,31,0,37,0,0,58,0,58,0,6,89,0,95,84,0,84,179
11/18/2001,JVL,WI,AGL,CE,Federal Contract Tower,2,9,30,0,41,0,0,97,0,97,2,9,127,0,138,114,0,114,252
11/19/2001,JVL,WI,AGL,CE,Federal Contract Tower,0,8,2,0,10,0,1,84,0,85,0,9,86,0,95,68,0,68,163
11/20/2001,JVL,WI,AGL,CE,Federal Contract Tower,2,8,4,0,14,0,0,124,0,124,2,8,128,0,138,152,0,152,290
11/21/2001,JVL,WI,AGL,CE,Federal Contract Tower,0,7,9,0,16,0,16,151,0,167,0,23,160,0,183,140,0,140,323
11/22/2001,JVL,WI,AGL,CE,Federal Contract Tower,0,0,3,0,3,0,3,37,0,40,0,3,40,0,43,10,0,10,53
11/23/2001,JVL,WI,AGL,CE,Federal Contract Tower,0,1,25,0,26,0,2,178,0,180,0,3,203,0,206,94,0,94,300
11/24/2001,JVL,WI,AGL,CE,Federal Contract Tower,0,3,12,0,15,0,2,17,0,19,0,5,29,0,34,46,0,46,80
11/25/2001,JVL,WI,AGL,CE,Federal Contract Tower,0,12,15,0,27,0,2,19,0,21,0,14,34,0,48,22,0,22,70
11/26/2001,JVL,WI,AGL,CE,Federal Contract Tower,0,13,21,0,34,0,0,41,0,41,0,13,62,0,75,58,0,58,133
11/27/2001,JVL,WI,AGL,CE,Federal Contract Tower,0,11,21,0,32,0,0,60,0,60,0,11,81,0,92,62,0,62,154
11/28/2001,JVL,WI,AGL,CE,Federal Contract Tower,4,22,12,4,42,0,0,77,0,77,4,22,89,4,119,112,0,112,231
11/29/2001,JVL,WI,AGL,CE,Federal Contract Tower,4,10,17,0,31,0,0,7,0,7,4,10,24,0,38,92,0,92,130
11/30/2001,JVL,WI,AGL,CE,Federal Contract Tower,2,16,20,0,38,0,0,10,0,10,2,16,30,0,48,20,0,20,68
12/01/2001,JVL,WI,AGL,CE,Federal Contract Tower,0,2,33,0,35,0,3,97,0,100,0,5,130,0,135,132,0,132,267
12/02/2001,JVL,WI,AGL,CE,Federal Contract Tower,0,3,36,0,39,0,5,275,0,280,0,8,311,0,319,92,0,92,411
12/03/2001,JVL,WI,AGL,CE,Federal Contract Tower,0,11,19,0,30,0,3,128,0,131,0,14,147,0,161,102,0,102,263
12/04/2001,JVL,WI,AGL,CE,Federal Contract Tower,2,5,7,0,14,0,1,33,0,34,2,6,40,0,48,98,0,98,146
12/05/2001,JVL,WI,AGL,CE,Federal Contract Tower,4,13,5,0,22,0,1,34,0,35,4,14,39,0,57,82,0,82,139
12/06/2001,JVL,WI,AGL,CE,Federal Contract Tower,1,8,7,0,16,0,3,148,0,151,1,11,155,0,167,208,0,208,375
12/07/2001,JVL,WI,AGL,CE,Federal Contract Tower,0,10,13,0,23,0,12,93,0,105,0,22,106,0,128,136,0,136,264
12/08/2001,JVL,WI,AGL,CE,Federal Contract Tower,0,1,28,0,29,0,2,86,0,88,0,3,114,0,117,128,0,128,245
12/09/2001,JVL,WI,AGL,CE,Federal Contract Tower,0,9,23,0,32,0,4,389,0,393,0,13,412,0,425,122,0,122,547
12/10/2001,JVL,WI,AGL,CE,Federal Contract Tower,4,8,8,0,20,0,4,102,0,106,4,12,110,0,126,88,0,88,214
12/11/2001,JVL,WI,AGL,CE,Federal Contract Tower,0,4,12,1,17,0,2,143,0,145,0,6,155,1,162,164,2,166,328
12/12/2001,JVL,WI,AGL,CE,Federal Contract Tower,0,12,15,0,27,0,0,36,0,36,0,12,51,0,63,48,0,48,111
12/13/2001,JVL,WI,AGL,CE,Federal Contract Tower,0,17,13,0,30,0,0,17,0,17,0,17,30,0,47,102,0,102,149
12/14/2001,JVL,WI,AGL,CE,Federal Contract Tower,0,16,15,0,31,0,0,5,0,5,0,16,20,0,36,92,0,92,128
12/15/2001,JVL,WI,AGL,CE,Federal Contract Tower,0,1,21,0,22,0,0,11,0,11,0,1,32,0,33,8,0,8,41
12/16/2001,JVL,WI,AGL,CE,Federal Contract Tower,0,7,28,0,35,0,0,5,0,5,0,7,33,0,40,0,0,0,40
12/17/2001,JVL,WI,AGL,CE,Federal Contract Tower,0,9,16,0,25,0,0,11,0,11,0,9,27,0,36,12,0,12,48
12/18/2001,JVL,WI,AGL,CE,Federal Contract Tower,0,4,15,0,19,0,3,177,0,180,0,7,192,0,199,142,0,142,341
12/19/2001,JVL,WI,AGL,CE,Federal Contract Tower,0,11,3,0,14,0,1,65,0,66,0,12,68,0,80,80,0,80,160
12/20/2001,JVL,WI,AGL,CE,Federal Contract Tower,0,3,13,0,16,0,2,184,0,186,0,5,197,0,202,148,0,148,350
12/21/2001,JVL,WI,AGL,CE,Federal Contract Tower,0,13,23,0,36,0,5,165,0,170,0,18,188,0,206,128,0,128,334
12/22/2001,JVL,WI,AGL,CE,Federal Contract Tower,0,12,2,0,14,0,0,44,0,44,0,12,46,0,58,42,0,42,100
12/23/2001,JVL,WI,AGL,CE,Federal Contract Tower,0,5,25,0,30,0,2,34,0,36,0,7,59,0,66,44,0,44,110
12/24/2001,JVL,WI,AGL,CE,Federal Contract Tower,0,0,0,0,0,0,0,12,0,12,0,0,12,0,12,26,0,26,38
12/25/2001,JVL,WI,AGL,CE,Federal Contract Tower,0,0,0,0,0,0,0,7,0,7,0,0,7,0,7,0,0,0,7
12/26/2001,JVL,WI,AGL,CE,Federal Contract Tower,0,8,14,0,22,0,0,54,0,54,0,8,68,0,76,106,0,106,182
12/27/2001,JVL,WI,AGL,CE,Federal Contract Tower,0,5,7,0,12,0,2,47,0,49,0,7,54,0,61,88,0,88,149
12/28/2001,JVL,WI,AGL,CE,Federal Contract Tower,0,9,10,0,19,0,0,59,0,59,0,9,69,0,78,92,0,92,170
12/29/2001,JVL,WI,AGL,CE,Federal Contract Tower,0,4,10,0,14,0,1,142,0,143,0,5,152,0,157,96,0,96,253
12/30/2001,JVL,WI,AGL,CE,Federal Contract Tower,0,9,8,0,17,0,0,182,0,182,0,9,190,0,199,44,0,44,243
12/31/2001,JVL,WI,AGL,CE,Federal Contract Tower,0,1,15,0,16,0,1,126,0,127,0,2,141,0,143,68,0,68,211
01/01/2002,JVL,WI,AGL,CE,Federal Contract Tower,0,4,13,0,17,0,0,31,0,31,0,4,44,0,48,80,0,80,128
01/02/2002,JVL,WI,AGL,CE,Federal Contract Tower,0,11,6,0,17,0,3,76,0,79,0,14,82,0,96,96,0,96,192
01/03/2002,JVL,WI,AGL,CE,Federal Contract Tower,2,5,18,0,25,0,8,121,2,131,2,13,139,2,156,102,0,102,258
01/04/2002,JVL,WI,AGL,CE,Federal Contract Tower,0,6,11,0,17,0,6,108,0,114,0,12,119,0,131,88,0,88,219
01/05/2002,JVL,WI,AGL,CE,Federal Contract Tower,0,2,8,0,10,0,0,150,0,150,0,2,158,0,160,82,0,82,242
01/06/2002,JVL,WI,AGL,CE,Federal Contract Tower,0,3,19,0,22,0,2,125,0,127,0,5,144,0,149,120,0,120,269
01/07/2002,JVL,WI,AGL,CE,Federal Contract Tower,0,9,3,0,12,0,2,92,0,94,0,11,95,0,106,66,0,66,172
01/08/2002,JVL,WI,AGL,CE,Federal Contract Tower,0,4,12,0,16,0,7,81,0,88,0,11,93,0,104,126,0,126,230
01/09/2002,JVL,WI,AGL,CE,Federal Contract Tower,0,13,8,0,21,0,0,113,0,113,0,13,121,0,134,98,0,98,232
01/10/2002,JVL,WI,AGL,CE,Federal Contract Tower,2,1,13,0,16,0,0,111,0,111,2,1,124,0,127,104,0,104,231
01/11/2002,JVL,WI,AGL,CE,Federal Contract Tower,0,20,13,0,33,0,0,166,0,166,0,20,179,0,199,98,0,98,297
01/12/2002,JVL,WI,AGL,CE,Federal Contract Tower,0,6,11,0,17,0,0,126,0,126,0,6,137,0,143,72,0,72,215
01/13/2002,JVL,WI,AGL,CE,Federal Contract Tower,2,9,22,0,33,0,5,385,0,390,2,14,407,0,423,56,0,56,479
01/14/2002,JVL,WI,AGL,CE,Federal Contract Tower,0,10,7,0,17,0,6,82,0,88,0,16,89,0,105,60,0,60,165
01/15/2002,JVL,WI,AGL,CE,Federal Contract Tower,0,17,9,0,26,0,3,80,0,83,0,20,89,0,109,72,0,72,181
01/16/2002,JVL,WI,AGL,CE,Federal Contract Tower,0,11,2,0,13,0,0,40,0,40,0,11,42,0,53,60,0,60,113
01/17/2002,JVL,WI,AGL,CE,Federal Contract Tower,0,27,14,0,41,0,6,37,0,43,0,33,51,0,84,106,0,106,190
01/18/2002,JVL,WI,AGL,CE,Federal Contract Tower,0,21,13,0,34,0,4,98,0,102,0,25,111,0,136,126,0,126,262
01/19/2002,JVL,WI,AGL,CE,Federal Contract Tower,0,6,17,0,23,0,0,168,0,168,0,6,185,0,191,92,0,92,283
01/20/2002,JVL,WI,AGL,CE,Federal Contract Tower,0,10,25,0,35,0,4,123,0,127,0,14,148,0,162,78,0,78,240
01/21/2002,JVL,WI,AGL,CE,Federal Contract Tower,0,9,13,0,22,0,3,79,0,82,0,12,92,0,104,64,0,64,168
01/22/2002,JVL,WI,AGL,CE,Federal Contract Tower,2,11,25,0,38,0,6,146,0,152,2,17,171,0,190,67,0,67,257
01/23/2002,JVL,WI,AGL,CE,Federal Contract Tower,0,7,7,0,14,0,0,57,0,57,0,7,64,0,71,86,0,86,157
01/24/2002,JVL,WI,AGL,CE,Federal Contract Tower,0,10,12,2,24,0,3,160,0,163,0,13,172,2,187,108,0,108,295
01/25/2002,JVL,WI,AGL,CE,Federal Contract Tower,0,14,14,0,28,0,4,174,0,178,0,18,188,0,206,102,0,102,308
01/26/2002,JVL,WI,AGL,CE,Federal Contract Tower,0,3,12,0,15,0,1,276,0,277,0,4,288,0,292,98,0,98,390
01/27/2002,JVL,WI,AGL,CE,Federal Contract Tower,0,14,18,0,32,0,4,293,0,297,0,18,311,0,329,108,0,108,437
01/28/2002,JVL,WI,AGL,CE,Federal Contract Tower,2,8,19,0,29,0,0,129,0,129,2,8,148,0,158,82,0,82,240
01/29/2002,JVL,WI,AGL,CE,Federal Contract Tower,2,12,0,0,14,0,0,14,0,14,2,12,14,0,28,14,0,14,42
01/30/2002,JVL,WI,AGL,CE,Federal Contract Tower,4,11,3,0,18,0,1,66,0,67,4,12,69,0,85,72,0,72,157
01/31/2002,JVL,WI,AGL,CE,Federal Contract Tower,2,11,10,0,23,0,3,50,0,53,2,14,60,0,76,40,0,40,116
02/01/2002,JVL,WI,AGL,CE,Federal Contract Tower,2,4,5,0,11,0,1,63,0,64,2,5,68,0,75,46,2,48,123
02/02/2002,JVL,WI,AGL,CE,Federal Contract Tower,0,4,14,0,18,0,0,175,0,175,0,4,189,0,193,132,0,132,325
02/03/2002,JVL,WI,AGL,CE,Federal Contract Tower,0,3,16,0,19,0,4,247,8,259,0,7,263,8,278,60,0,60,338
02/04/2002,JVL,WI,AGL,CE,Federal Contract Tower,0,8,6,0,14,0,0,58,0,58,0,8,64,0,72,112,0,112,184
02/05/2002,JVL,WI,AGL,CE,Federal Contract Tower,0,5,9,0,14,0,3,96,0,99,0,8,105,0,113,134,0,134,247
02/06/2002,JVL,WI,AGL,CE,Federal Contract Tower,0,11,19,1,31,0,2,89,1,92,0,13,108,2,123,98,0,98,221
02/07/2002,JVL,WI,AGL,CE,Federal Contract Tower,0,9,13,0,22,0,9,111,0,120,0,18,124,0,142,142,0,142,284
02/08/2002,JVL,WI,AGL,CE,Federal Contract Tower,0,14,15,0,29,0,2,127,0,129,0,16,142,0,158,128,0,128,286
02/09/2002,JVL,WI,AGL,CE,Federal Contract Tower,0,6,16,0,22,0,0,243,0,243,0,6,259,0,265,110,0,110,375
02/10/2002,JVL,WI,AGL,CE,Federal Contract Tower,0,6,0,0,6,0,0,60,0,60,0,6,60,0,66,70,0,70,136
02/11/2002,JVL,WI,AGL,CE,Federal Contract Tower,0,15,6,0,21,0,0,46,0,46,0,15,52,0,67,106,0,106,173
02/12/2002,JVL,WI,AGL,CE,Federal Contract Tower,0,18,3,0,21,0,0,55,0,55,0,18,58,0,76,88,0,88,164
02/13/2002,JVL,WI,AGL,CE,Federal Contract Tower,0,11,20,0,31,0,5,76,0,81,0,16,96,0,112,118,0,118,230
02/14/2002,JVL,WI,AGL,CE,Federal Contract Tower,0,13,0,0,13,0,0,37,0,37,0,13,37,0,50,60,0,60,110
02/15/2002,JVL,WI,AGL,CE,Federal Contract Tower,0,15,16,0,31,0,0,56,0,56,0,15,72,0,87,86,0,86,173
02/16/2002,JVL,WI,AGL,CE,Federal Contract Tower,0,0,14,0,14,0,0,93,0,93,0,0,107,0,107,106,0,106,213
02/17/2002,JVL,WI,AGL,CE,Federal Contract Tower,0,4,37,0,41,0,2,392,0,394,0,6,429,0,435,114,0,114,549
02/18/2002,JVL,WI,AGL,CE,Federal Contract Tower,0,11,8,0,19,0,99,86,0,185,0,110,94,0,204,162,0,162,366
02/19/2002,JVL,WI,AGL,CE,Federal Contract Tower,2,14,3,2,21,0,0,110,0,110,2,14,113,2,131,84,0,84,215
02/20/2002,JVL,WI,AGL,CE,Federal Contract Tower,0,12,5,0,17,0,3,83,0,86,0,15,88,0,103,40,0,40,143
02/21/2002,JVL,WI,AGL,CE,Federal Contract Tower,0,19,2,0,21,0,2,47,0,49,0,21,49,0,70,68,0,68,138
02/22/2002,JVL,WI,AGL,CE,Federal Contract Tower,0,4,8,2,14,0,6,106,0,112,0,10,114,2,126,142,0,142,268
02/23/2002,JVL,WI,AGL,CE,Federal Contract Tower,0,7,25,0,32,0,1,166,0,167,0,8,191,0,199,114,0,114,313
02/24/2002,JVL,WI,AGL,CE,Federal Contract Tower,0,10,8,0,18,0,0,171,0,171,0,10,179,0,189,188,0,188,377
02/25/2002,JVL,WI,AGL,CE,Federal Contract Tower,2,14,4,0,20,0,1,53,0,54,2,15,57,0,74,54,0,54,128
02/26/2002,JVL,WI,AGL,CE,Federal Contract Tower,2,10,4,0,16,0,0,70,0,70,2,10,74,0,86,22,0,22,108
02/27/2002,JVL,WI,AGL,CE,Federal Contract Tower,0,14,11,2,27,0,1,74,0,75,0,15,85,2,102,106,0,106,208
02/28/2002,JVL,WI,AGL,CE,Federal Contract Tower,0,11,7,0,18,0,3,44,0,47,0,14,51,0,65,94,0,94,159
03/01/2002,JVL,WI,AGL,CE,Federal Contract Tower,0,14,7,0,21,0,0,72,0,72,0,14,79,0,93,72,0,72,165
03/02/2002,JVL,WI,AGL,CE,Federal Contract Tower,0,2,0,0,2,0,0,0,0,0,0,2,0,0,2,0,0,0,2
03/03/2002,JVL,WI,AGL,CE,Federal Contract Tower,0,4,0,0,4,0,2,41,0,43,0,6,41,0,47,64,0,64,111
03/04/2002,JVL,WI,AGL,CE,Federal Contract Tower,0,4,1,0,5,0,0,27,0,27,0,4,28,0,32,28,0,28,60
03/05/2002,JVL,WI,AGL,CE,Federal Contract Tower,0,20,9,0,29,0,1,36,2,39,0,21,45,2,68,78,0,78,146
03/06/2002,JVL,WI,AGL,CE,Federal Contract Tower,0,5,17,0,22,0,0,10,0,10,0,5,27,0,32,0,0,0,32
03/07/2002,JVL,WI,AGL,CE,Federal Contract Tower,0,13,12,0,25,0,0,35,0,35,0,13,47,0,60,92,0,92,152
03/08/2002,JVL,WI,AGL,CE,Federal Contract Tower,0,21,2,0,23,0,1,0,0,1,0,22,2,0,24,10,0,10,34
03/09/2002,JVL,WI,AGL,CE,Federal Contract Tower,0,0,0,0,0,0,0,0,0,0,0,0,0,0,0,0,0,0,0
03/10/2002,JVL,WI,AGL,CE,Federal Contract Tower,0,8,14,0,22,0,2,175,0,177,0,10,189,0,199,88,0,88,287
03/11/2002,JVL,WI,AGL,CE,Federal Contract Tower,0,5,8,0,13,0,0,70,0,70,0,5,78,0,83,86,0,86,169
03/12/2002,JVL,WI,AGL,CE,Federal Contract Tower,0,5,14,1,20,0,0,191,1,192,0,5,205,2,212,128,0,128,340
03/13/2002,JVL,WI,AGL,CE,Federal Contract Tower,0,13,15,0,28,0,3,124,0,127,0,16,139,0,155,98,0,98,253
03/14/2002,JVL,WI,AGL,CE,Federal Contract Tower,0,12,11,0,23,0,0,38,0,38,0,12,49,0,61,48,0,48,109
03/15/2002,JVL,WI,AGL,CE,Federal Contract Tower,0,11,4,0,15,0,6,65,0,71,0,17,69,0,86,178,0,178,264
03/16/2002,JVL,WI,AGL,CE,Federal Contract Tower,0,5,23,0,28,0,1,236,0,237,0,6,259,0,265,162,0,162,427
03/17/2002,JVL,WI,AGL,CE,Federal Contract Tower,0,7,19,0,26,0,1,175,0,176,0,8,194,0,202,108,0,108,310
03/18/2002,JVL,WI,AGL,CE,Federal Contract Tower,0,12,13,0,25,0,2,82,0,84,0,14,95,0,109,102,0,102,211
03/19/2002,JVL,WI,AGL,CE,Federal Contract Tower,0,9,20,0,29,0,7,73,0,80,0,16,93,0,109,98,0,98,207
03/20/2002,JVL,WI,AGL,CE,Federal Contract Tower,0,17,16,0,33,0,1,93,0,94,0,18,109,0,127,92,0,92,219
03/21/2002,JVL,WI,AGL,CE,Federal Contract Tower,0,20,7,0,27,0,5,84,0,89,0,25,91,0,116,172,0,172,288
03/22/2002,JVL,WI,AGL,CE,Federal Contract Tower,0,14,4,0,18,0,7,77,0,84,0,21,81,0,102,128,0,128,230
03/23/2002,JVL,WI,AGL,CE,Federal Contract Tower,0,7,13,0,20,0,3,225,0,228,0,10,238,0,248,146,0,146,394
03/24/2002,JVL,WI,AGL,CE,Federal Contract Tower,0,6,12,0,18,0,3,132,0,135,0,9,144,0,153,148,0,148,301
03/25/2002,JVL,WI,AGL,CE,Federal Contract Tower,0,10,8,0,18,0,4,78,0,82,0,14,86,0,100,88,0,88,188
03/26/2002,JVL,WI,AGL,CE,Federal Contract Tower,0,3,7,0,10,0,0,86,0,86,0,3,93,0,96,104,0,104,200
03/27/2002,JVL,WI,AGL,CE,Federal Contract Tower,0,14,23,0,37,0,4,168,0,172,0,18,191,0,209,132,0,132,341
03/28/2002,JVL,WI,AGL,CE,Federal Contract Tower,0,7,18,0,25,0,0,68,0,68,0,7,86,0,93,166,0,166,259
03/29/2002,JVL,WI,AGL,CE,Federal Contract Tower,0,11,18,0,29,0,0,63,0,63,0,11,81,0,92,112,0,112,204
03/30/2002,JVL,WI,AGL,CE,Federal Contract Tower,0,2,17,0,19,0,2,162,0,164,0,4,179,0,183,152,0,152,335
03/31/2002,JVL,WI,AGL,CE,Federal Contract Tower,0,4,3,0,7,0,1,79,0,80,0,5,82,0,87,84,0,84,171
04/01/2002,JVL,WI,AGL,CE,Federal Contract Tower,0,12,11,0,23,0,0,49,0,49,0,12,60,0,72,46,0,46,118
04/02/2002,JVL,WI,AGL,CE,Federal Contract Tower,0,8,5,0,13,0,1,130,0,131,0,9,135,0,144,170,0,170,314
04/03/2002,JVL,WI,AGL,CE,Federal Contract Tower,0,14,6,2,22,0,4,157,0,161,0,18,163,2,183,198,2,200,383
04/04/2002,JVL,WI,AGL,CE,Federal Contract Tower,0,11,18,3,32,0,3,188,1,192,0,14,206,4,224,132,0,132,356
04/05/2002,JVL,WI,AGL,CE,Federal Contract Tower,0,10,9,0,19,0,5,172,0,177,0,15,181,0,196,162,0,162,358
04/06/2002,JVL,WI,AGL,CE,Federal Contract Tower,0,6,15,0,21,0,3,334,2,339,0,9,349,2,360,218,0,218,578
04/07/2002,JVL,WI,AGL,CE,Federal Contract Tower,0,13,11,0,24,0,0,113,0,113,0,13,124,0,137,60,0,60,197
04/08/2002,JVL,WI,AGL,CE,Federal Contract Tower,0,9,4,0,13,0,0,60,0,60,0,9,64,0,73,30,0,30,103
04/09/2002,JVL,WI,AGL,CE,Federal Contract Tower,0,19,21,0,40,0,1,127,0,128,0,20,148,0,168,108,0,108,276
04/10/2002,JVL,WI,AGL,CE,Federal Contract Tower,0,10,26,0,36,0,0,153,0,153,0,10,179,0,189,118,0,118,307
04/11/2002,JVL,WI,AGL,CE,Federal Contract Tower,0,10,12,0,22,0,0,137,0,137,0,10,149,0,159,138,0,138,297
04/12/2002,JVL,WI,AGL,CE,Federal Contract Tower,10,8,13,0,31,0,4,145,0,149,10,12,158,0,180,208,0,208,388
04/13/2002,JVL,WI,AGL,CE,Federal Contract Tower,0,12,27,0,39,0,0,258,0,258,0,12,285,0,297,112,0,112,409
04/14/2002,JVL,WI,AGL,CE,Federal Contract Tower,0,4,32,0,36,0,4,249,0,253,0,8,281,0,289,124,0,124,413
04/15/2002,JVL,WI,AGL,CE,Federal Contract Tower,0,4,8,0,12,0,3,165,0,168,0,7,173,0,180,98,0,98,278
04/16/2002,JVL,WI,AGL,CE,Federal Contract Tower,1,21,21,2,45,0,2,143,0,145,1,23,164,2,190,96,6,102,292
04/17/2002,JVL,WI,AGL,CE,Federal Contract Tower,1,13,14,1,29,0,2,175,1,178,1,15,189,2,207,142,0,142,349
04/18/2002,JVL,WI,AGL,CE,Federal Contract Tower,0,16,4,0,20,0,4,71,0,75,0,20,75,0,95,152,10,162,257
04/19/2002,JVL,WI,AGL,CE,Federal Contract Tower,0,14,9,0,23,0,4,71,0,75,0,18,80,0,98,126,0,126,224
04/20/2002,JVL,WI,AGL,CE,Federal Contract Tower,0,1,24,0,25,0,1,222,0,223,0,2,246,0,248,146,0,146,394
04/21/2002,JVL,WI,AGL,CE,Federal Contract Tower,0,7,6,0,13,0,1,44,0,45,0,8,50,0,58,50,0,50,108
04/22/2002,JVL,WI,AGL,CE,Federal Contract Tower,0,12,5,0,17,0,3,91,0,94,0,15,96,0,111,152,0,152,263
04/23/2002,JVL,WI,AGL,CE,Federal Contract Tower,0,5,5,0,10,0,3,145,0,148,0,8,150,0,158,170,0,170,328
04/24/2002,JVL,WI,AGL,CE,Federal Contract Tower,0,7,4,0,11,0,0,84,0,84,0,7,88,0,95,148,0,148,243
04/25/2002,JVL,WI,AGL,CE,Federal Contract Tower,2,18,3,0,23,0,0,78,0,78,2,18,81,0,101,88,0,88,189
04/26/2002,JVL,WI,AGL,CE,Federal Contract Tower,0,26,14,0,40,0,4,165,0,169,0,30,179,0,209,124,0,124,333
04/27/2002,JVL,WI,AGL,CE,Federal Contract Tower,0,2,6,0,8,0,0,22,0,22,0,2,28,0,30,10,0,10,40
04/28/2002,JVL,WI,AGL,CE,Federal Contract Tower,0,10,8,0,18,0,0,84,0,84,0,10,92,0,102,68,0,68,170
04/29/2002,JVL,WI,AGL,CE,Federal Contract Tower,0,11,12,0,23,0,3,141,0,144,0,14,153,0,167,122,0,122,289
04/30/2002,JVL,WI,AGL,CE,Federal Contract Tower,0,17,11,0,28,0,10,112,0,122,0,27,123,0,150,126,0,126,276
05/01/2002,JVL,WI,AGL,CE,Federal Contract Tower,1,10,9,0,20,1,6,87,0,94,2,16,96,0,114,142,0,142,256
05/02/2002,JVL,WI,AGL,CE,Federal Contract Tower,0,9,7,0,16,0,12,84,0,96,0,21,91,0,112,154,0,154,266
05/03/2002,JVL,WI,AGL,CE,Federal Contract Tower,0,14,0,0,14,0,2,172,0,174,0,16,172,0,188,198,0,198,386
05/04/2002,JVL,WI,AGL,CE,Federal Contract Tower,0,2,5,0,7,0,2,231,2,235,0,4,236,2,242,98,0,98,340
05/05/2002,JVL,WI,AGL,CE,Federal Contract Tower,0,4,10,0,14,0,4,199,0,203,0,8,209,0,217,92,0,92,309
05/06/2002,JVL,WI,AGL,CE,Federal Contract Tower,0,4,9,0,13,0,5,89,0,94,0,9,98,0,107,86,0,86,193
05/07/2002,JVL,WI,AGL,CE,Federal Contract Tower,0,14,9,0,23,0,9,55,0,64,0,23,64,0,87,98,0,98,185
05/08/2002,JVL,WI,AGL,CE,Federal Contract Tower,0,9,8,0,17,0,3,40,0,43,0,12,48,0,60,68,0,68,128
05/09/2002,JVL,WI,AGL,CE,Federal Contract Tower,0,16,3,0,19,0,2,11,0,13,0,18,14,0,32,48,0,48,80
05/10/2002,JVL,WI,AGL,CE,Federal Contract Tower,0,9,7,0,16,0,4,92,0,96,0,13,99,0,112,82,0,82,194
05/11/2002,JVL,WI,AGL,CE,Federal Contract Tower,0,4,9,0,13,0,0,80,0,80,0,4,89,0,93,82,0,82,175
05/12/2002,JVL,WI,AGL,CE,Federal Contract Tower,0,9,5,0,14,0,0,65,0,65,0,9,70,0,79,22,0,22,101
05/13/2002,JVL,WI,AGL,CE,Federal Contract Tower,0,15,11,0,26,0,0,46,0,46,0,15,57,0,72,78,0,78,150
05/14/2002,JVL,WI,AGL,CE,Federal Contract Tower,0,10,6,0,16,0,8,95,0,103,0,18,101,0,119,104,0,104,223
05/15/2002,JVL,WI,AGL,CE,Federal Contract Tower,0,14,4,0,18,0,0,104,0,104,0,14,108,0,122,92,0,92,214
05/16/2002,JVL,WI,AGL,CE,Federal Contract Tower,0,19,7,0,26,0,1,22,0,23,0,20,29,0,49,72,0,72,121
05/17/2002,JVL,WI,AGL,CE,Federal Contract Tower,0,10,12,0,22,0,6,73,0,79,0,16,85,0,101,64,0,64,165
05/18/2002,JVL,WI,AGL,CE,Federal Contract Tower,0,1,4,0,5,0,5,180,0,185,0,6,184,0,190,102,0,102,292
05/19/2002,JVL,WI,AGL,CE,Federal Contract Tower,0,5,9,0,14,0,8,112,0,120,0,13,121,0,134,86,0,86,220
05/20/2002,JVL,WI,AGL,CE,Federal Contract Tower,0,16,4,0,20,0,2,190,0,192,0,18,194,0,212,64,0,64,276
05/21/2002,JVL,WI,AGL,CE,Federal Contract Tower,0,22,7,0,29,0,7,186,0,193,0,29,193,0,222,104,0,104,326
05/22/2002,JVL,WI,AGL,CE,Federal Contract Tower,2,16,2,0,20,0,5,131,0,136,2,21,133,0,156,144,0,144,300
05/23/2002,JVL,WI,AGL,CE,Federal Contract Tower,0,15,5,0,20,0,1,147,0,148,0,16,152,0,168,86,0,86,254
05/24/2002,JVL,WI,AGL,CE,Federal Contract Tower,2,15,10,0,27,0,4,79,0,83,2,19,89,0,110,88,0,88,198
05/25/2002,JVL,WI,AGL,CE,Federal Contract Tower,0,2,14,0,16,0,0,38,0,38,0,2,52,0,54,22,0,22,76
05/26/2002,JVL,WI,AGL,CE,Federal Contract Tower,0,3,7,0,10,0,1,264,0,265,0,4,271,0,275,98,0,98,373
05/27/2002,JVL,WI,AGL,CE,Federal Contract Tower,0,7,30,0,37,0,2,151,0,153,0,9,181,0,190,98,0,98,288
05/28/2002,JVL,WI,AGL,CE,Federal Contract Tower,0,6,14,0,20,0,2,69,0,71,0,8,83,0,91,102,0,102,193
05/29/2002,JVL,WI,AGL,CE,Federal Contract Tower,0,21,10,0,31,0,4,151,0,155,0,25,161,0,186,74,0,74,260
05/30/2002,JVL,WI,AGL,CE,Federal Contract Tower,0,17,10,0,27,0,0,83,0,83,0,17,93,0,110,186,0,186,296
05/31/2002,JVL,WI,AGL,CE,Federal Contract Tower,0,10,10,0,20,0,3,125,0,128,0,13,135,0,148,156,0,156,304
06/01/2002,JVL,WI,AGL,CE,Federal Contract Tower,0,4,19,0,23,0,1,196,0,197,0,5,215,0,220,132,0,132,352
06/02/2002,JVL,WI,AGL,CE,Federal Contract Tower,0,10,12,0,22,0,4,163,0,167,0,14,175,0,189,48,0,48,237
06/03/2002,JVL,WI,AGL,CE,Federal Contract Tower,0,14,0,0,14,0,0,52,0,52,0,14,52,0,66,70,0,70,136
06/04/2002,JVL,WI,AGL,CE,Federal Contract Tower,0,2,3,0,5,0,14,39,0,53,0,16,42,0,58,118,0,118,176
06/05/2002,JVL,WI,AGL,CE,Federal Contract Tower,0,24,27,0,51,0,4,64,0,68,0,28,91,0,119,132,0,132,251
06/06/2002,JVL,WI,AGL,CE,Federal Contract Tower,0,10,11,0,21,0,5,179,0,184,0,15,190,0,205,110,0,110,315
06/07/2002,JVL,WI,AGL,CE,Federal Contract Tower,0,9,11,0,20,0,2,152,0,154,0,11,163,0,174,124,0,124,298
06/08/2002,JVL,WI,AGL,CE,Federal Contract Tower,0,4,3,0,7,0,2,262,0,264,0,6,265,0,271,98,0,98,369
06/09/2002,JVL,WI,AGL,CE,Federal Contract Tower,0,9,9,0,18,0,5,188,0,193,0,14,197,0,211,104,0,104,315
06/10/2002,JVL,WI,AGL,CE,Federal Contract Tower,0,13,6,0,19,0,10,55,0,65,0,23,61,0,84,44,0,44,128
06/11/2002,JVL,WI,AGL,CE,Federal Contract Tower,2,21,4,0,27,0,2,85,0,87,2,23,89,0,114,88,0,88,202
06/12/2002,JVL,WI,AGL,CE,Federal Contract Tower,4,23,27,0,54,0,2,105,0,107,4,25,132,0,161,92,0,92,253
06/13/2002,JVL,WI,AGL,CE,Federal Contract Tower,1,17,16,0,34,0,7,101,0,108,1,24,117,0,142,156,0,156,298
06/14/2002,JVL,WI,AGL,CE,Federal Contract Tower,2,22,5,0,29,0,4,82,0,86,2,26,87,0,115,188,0,188,303
06/15/2002,JVL,WI,AGL,CE,Federal Contract Tower,0,5,17,0,22,0,3,158,0,161,0,8,175,0,183,142,0,142,325
06/16/2002,JVL,WI,AGL,CE,Federal Contract Tower,0,7,5,0,12,0,2,198,0,200,0,9,203,0,212,110,0,110,322
06/17/2002,JVL,WI,AGL,CE,Federal Contract Tower,2,11,6,0,19,0,4,76,0,80,2,15,82,0,99,74,0,74,173
06/18/2002,JVL,WI,AGL,CE,Federal Contract Tower,0,19,8,0,27,0,2,96,0,98,0,21,104,0,125,122,0,122,247
06/19/2002,JVL,WI,AGL,CE,Federal Contract Tower,2,23,14,0,39,0,4,104,0,108,2,27,118,0,147,168,0,168,315
06/20/2002,JVL,WI,AGL,CE,Federal Contract Tower,2,8,9,0,19,0,1,74,0,75,2,9,83,0,94,162,0,162,256
06/21/2002,JVL,WI,AGL,CE,Federal Contract Tower,0,10,10,0,20,0,1,37,0,38,0,11,47,0,58,46,0,46,104
06/22/2002,JVL,WI,AGL,CE,Federal Contract Tower,0,2,29,0,31,0,8,84,0,92,0,10,113,0,123,46,0,46,169
06/23/2002,JVL,WI,AGL,CE,Federal Contract Tower,0,3,29,0,32,0,0,160,0,160,0,3,189,0,192,98,0,98,290
06/24/2002,JVL,WI,AGL,CE,Federal Contract Tower,0,14,15,1,30,0,0,174,1,175,0,14,189,2,205,102,6,108,313
06/25/2002,JVL,WI,AGL,CE,Federal Contract Tower,0,11,15,0,26,0,0,113,0,113,0,11,128,0,139,120,0,120,259
06/26/2002,JVL,WI,AGL,CE,Federal Contract Tower,2,11,15,0,28,0,0,122,0,122,2,11,137,0,150,140,0,140,290
06/27/2002,JVL,WI,AGL,CE,Federal Contract Tower,3,12,4,0,19,0,5,115,0,120,3,17,119,0,139,76,0,76,215
06/28/2002,JVL,WI,AGL,CE,Federal Contract Tower,0,9,9,0,18,0,3,92,0,95,0,12,101,0,113,168,0,168,281
06/29/2002,JVL,WI,AGL,CE,Federal Contract Tower,0,4,20,0,24,0,1,151,0,152,0,5,171,0,176,146,0,146,322
06/30/2002,JVL,WI,AGL,CE,Federal Contract Tower,0,6,14,0,20,0,0,249,0,249,0,6,263,0,269,104,0,104,373
07/01/2002,JVL,WI,AGL,CE,Federal Contract Tower,0,8,11,0,19,0,0,72,0,72,0,8,83,0,91,102,0,102,193
07/02/2002,JVL,WI,AGL,CE,Federal Contract Tower,0,15,12,0,27,0,1,154,0,155,0,16,166,0,182,112,0,112,294
07/03/2002,JVL,WI,AGL,CE,Federal Contract Tower,0,9,13,0,22,0,1,99,0,100,0,10,112,0,122,164,0,164,286
07/04/2002,JVL,WI,AGL,CE,Federal Contract Tower,0,1,4,0,5,0,0,106,0,106,0,1,110,0,111,66,0,66,177
07/05/2002,JVL,WI,AGL,CE,Federal Contract Tower,0,8,11,0,19,0,0,117,0,117,0,8,128,0,136,92,0,92,228
07/06/2002,JVL,WI,AGL,CE,Federal Contract Tower,0,2,5,0,7,0,1,126,0,127,0,3,131,0,134,146,0,146,280
07/07/2002,JVL,WI,AGL,CE,Federal Contract Tower,0,12,19,0,31,0,0,128,0,128,0,12,147,0,159,78,0,78,237
07/08/2002,JVL,WI,AGL,CE,Federal Contract Tower,0,13,9,2,24,0,0,103,0,103,0,13,112,2,127,98,0,98,225
07/09/2002,JVL,WI,AGL,CE,Federal Contract Tower,0,18,31,0,49,0,0,81,0,81,0,18,112,0,130,98,0,98,228
07/10/2002,JVL,WI,AGL,CE,Federal Contract Tower,0,23,12,0,35,0,3,120,0,123,0,26,132,0,158,108,0,108,266
07/11/2002,JVL,WI,AGL,CE,Federal Contract Tower,0,13,12,0,25,0,3,106,0,109,0,16,118,0,134,128,0,128,262
07/12/2002,JVL,WI,AGL,CE,Federal Contract Tower,2,28,15,3,48,0,3,174,0,177,2,31,189,3,225,132,8,140,365
07/13/2002,JVL,WI,AGL,CE,Federal Contract Tower,0,3,24,0,27,0,5,239,0,244,0,8,263,0,271,178,0,178,449
07/14/2002,JVL,WI,AGL,CE,Federal Contract Tower,0,8,12,0,20,0,4,150,0,154,0,12,162,0,174,76,0,76,250
07/15/2002,JVL,WI,AGL,CE,Federal Contract Tower,0,12,11,0,23,0,3,90,0,93,0,15,101,0,116,68,0,68,184
07/16/2002,JVL,WI,AGL,CE,Federal Contract Tower,0,8,18,0,26,0,0,81,0,81,0,8,99,0,107,112,0,112,219
07/17/2002,JVL,WI,AGL,CE,Federal Contract Tower,0,16,10,0,26,0,6,127,0,133,0,22,137,0,159,160,0,160,319
07/18/2002,JVL,WI,AGL,CE,Federal Contract Tower,0,24,12,0,36,0,5,82,0,87,0,29,94,0,123,186,0,186,309
07/19/2002,JVL,WI,AGL,CE,Federal Contract Tower,0,15,18,0,33,0,6,64,0,70,0,21,82,0,103,122,0,122,225
07/20/2002,JVL,WI,AGL,CE,Federal Contract Tower,0,5,21,0,26,0,1,208,0,209,0,6,229,0,235,148,0,148,383
07/21/2002,JVL,WI,AGL,CE,Federal Contract Tower,0,7,14,0,21,0,1,205,0,206,0,8,219,0,227,86,0,86,313
07/22/2002,JVL,WI,AGL,CE,Federal Contract Tower,0,18,12,0,30,0,3,104,0,107,0,21,116,0,137,110,0,110,247
07/23/2002,JVL,WI,AGL,CE,Federal Contract Tower,0,12,15,0,27,0,3,102,0,105,0,15,117,0,132,122,0,122,254
07/24/2002,JVL,WI,AGL,CE,Federal Contract Tower,2,24,14,4,44,0,2,127,0,129,2,26,141,4,173,98,0,98,271
07/25/2002,JVL,WI,AGL,CE,Federal Contract Tower,2,21,10,0,33,0,0,110,0,110,2,21,120,0,143,2,21,23,166
07/26/2002,JVL,WI,AGL,CE,Federal Contract Tower,1,28,14,4,47,0,2,98,0,100,1,30,112,4,147,102,0,102,249
07/27/2002,JVL,WI,AGL,CE,Federal Contract Tower,0,8,9,0,17,0,2,34,0,36,0,10,43,0,53,100,0,100,153
07/28/2002,JVL,WI,AGL,CE,Federal Contract Tower,0,5,24,0,29,0,5,179,0,184,0,10,203,0,213,88,0,88,301
07/29/2002,JVL,WI,AGL,CE,Federal Contract Tower,0,21,12,0,33,0,4,80,0,84,0,25,92,0,117,46,0,46,163
07/30/2002,JVL,WI,AGL,CE,Federal Contract Tower,0,19,10,0,29,0,2,141,0,143,0,21,151,0,172,72,0,72,244
07/31/2002,JVL,WI,AGL,CE,Federal Contract Tower,0,15,15,0,30,6,13,121,0,140,6,28,136,0,170,114,0,114,284
08/01/2002,JVL,WI,AGL,CE,Federal Contract Tower,8,35,10,0,53,0,4,97,0,101,8,39,107,0,154,48,0,48,202
08/02/2002,JVL,WI,AGL,CE,Federal Contract Tower,1,31,5,0,37,0,2,162,0,164,1,33,167,0,201,122,0,122,323
08/03/2002,JVL,WI,AGL,CE,Federal Contract Tower,0,5,11,2,18,0,0,190,2,192,0,5,201,4,210,64,0,64,274
08/04/2002,JVL,WI,AGL,CE,Federal Contract Tower,2,10,5,0,17,0,0,50,0,50,2,10,55,0,67,36,0,36,103
08/05/2002,JVL,WI,AGL,CE,Federal Contract Tower,0,18,10,0,28,0,3,75,0,78,0,21,85,0,106,88,0,88,194
08/06/2002,JVL,WI,AGL,CE,Federal Contract Tower,0,13,19,0,32,0,2,96,0,98,0,15,115,0,130,40,0,40,170
08/07/2002,JVL,WI,AGL,CE,Federal Contract Tower,0,19,13,0,32,0,3,200,0,203,0,22,213,0,235,112,0,112,347
08/08/2002,JVL,WI,AGL,CE,Federal Contract Tower,0,21,12,0,33,0,11,131,0,142,0,32,143,0,175,86,0,86,261
08/09/2002,JVL,WI,AGL,CE,Federal Contract Tower,0,12,15,0,27,0,4,121,0,125,0,16,136,0,152,128,0,128,280
08/10/2002,JVL,WI,AGL,CE,Federal Contract Tower,0,6,20,5,31,0,6,214,5,225,0,12,234,10,256,134,0,134,390
08/11/2002,JVL,WI,AGL,CE,Federal Contract Tower,0,9,20,0,29,0,0,169,0,169,0,9,189,0,198,90,0,90,288
08/12/2002,JVL,WI,AGL,CE,Federal Contract Tower,1,15,12,0,28,0,5,77,0,82,1,20,89,0,110,62,0,62,172
08/13/2002,JVL,WI,AGL,CE,Federal Contract Tower,2,8,10,0,20,0,4,27,0,31,2,12,37,0,51,106,0,106,157
08/14/2002,JVL,WI,AGL,CE,Federal Contract Tower,0,16,19,0,35,0,5,70,0,75,0,21,89,0,110,62,0,62,172
08/15/2002,JVL,WI,AGL,CE,Federal Contract Tower,2,25,8,0,35,0,5,60,0,65,2,30,68,0,100,56,0,56,156
08/16/2002,JVL,WI,AGL,CE,Federal Contract Tower,0,23,16,0,39,0,21,80,0,101,0,44,96,0,140,88,8,96,236
08/17/2002,JVL,WI,AGL,CE,Federal Contract Tower,0,8,10,0,18,0,5,26,0,31,0,13,36,0,49,22,0,22,71
08/18/2002,JVL,WI,AGL,CE,Federal Contract Tower,0,5,18,0,23,0,4,169,0,173,0,9,187,0,196,42,0,42,238
08/19/2002,JVL,WI,AGL,CE,Federal Contract Tower,1,9,17,0,27,0,0,67,2,69,1,9,84,2,96,44,2,46,142
08/20/2002,JVL,WI,AGL,CE,Federal Contract Tower,2,15,11,0,28,0,6,138,0,144,2,21,149,0,172,96,0,96,268
08/21/2002,JVL,WI,AGL,CE,Federal Contract Tower,2,15,12,0,29,0,4,45,0,49,2,19,57,0,78,58,0,58,136
08/22/2002,JVL,WI,AGL,CE,Federal Contract Tower,6,18,4,0,28,0,4,9,0,13,6,22,13,0,41,62,0,62,103
08/23/2002,JVL,WI,AGL,CE,Federal Contract Tower,0,12,13,0,25,0,0,16,0,16,0,12,29,0,41,58,0,58,99
08/24/2002,JVL,WI,AGL,CE,Federal Contract Tower,0,5,15,0,20,0,1,52,0,53,0,6,67,0,73,86,0,86,159
08/25/2002,JVL,WI,AGL,CE,Federal Contract Tower,0,18,30,0,48,0,2,157,0,159,0,20,187,0,207,92,0,92,299
08/26/2002,JVL,WI,AGL,CE,Federal Contract Tower,0,18,16,0,34,0,3,132,0,135,0,21,148,0,169,112,0,112,281
08/27/2002,JVL,WI,AGL,CE,Federal Contract Tower,0,18,20,0,38,0,1,79,0,80,0,19,99,0,118,112,0,112,230
08/28/2002,JVL,WI,AGL,CE,Federal Contract Tower,2,10,23,0,35,0,6,72,0,78,2,16,95,0,113,108,0,108,221
08/29/2002,JVL,WI,AGL,CE,Federal Contract Tower,0,24,9,0,33,0,0,93,0,93,0,24,102,0,126,108,0,108,234
08/30/2002,JVL,WI,AGL,CE,Federal Contract Tower,0,18,4,0,22,0,8,82,0,90,0,26,86,0,112,154,0,154,266
08/31/2002,JVL,WI,AGL,CE,Federal Contract Tower,0,5,23,2,30,0,2,86,0,88,0,7,109,2,118,58,0,58,176
09/01/2002,JVL,WI,AGL,CE,Federal Contract Tower,1,8,8,0,17,1,2,47,0,50,2,10,55,0,67,36,0,36,103
09/02/2002,JVL,WI,AGL,CE,Federal Contract Tower,0,2,5,0,7,0,0,18,0,18,0,2,23,0,25,4,0,4,29
09/03/2002,JVL,WI,AGL,CE,Federal Contract Tower,0,10,7,0,17,0,2,90,0,92,0,12,97,0,109,138,0,138,247
09/04/2002,JVL,WI,AGL,CE,Federal Contract Tower,0,16,6,2,24,0,10,124,2,136,0,26,130,4,160,74,2,76,236
09/05/2002,JVL,WI,AGL,CE,Federal Contract Tower,0,10,12,0,22,0,1,117,0,118,0,11,129,0,140,96,0,96,236
09/06/2002,JVL,WI,AGL,CE,Federal Contract Tower,0,17,11,0,28,0,2,76,0,78,0,19,87,0,106,78,0,78,184
09/07/2002,JVL,WI,AGL,CE,Federal Contract Tower,0,4,16,0,20,0,0,163,0,163,0,4,179,0,183,70,0,70,253
09/08/2002,JVL,WI,AGL,CE,Federal Contract Tower,0,7,10,0,17,0,5,169,0,174,0,12,179,0,191,172,0,172,363
09/09/2002,JVL,WI,AGL,CE,Federal Contract Tower,0,11,9,0,20,0,2,89,0,91,0,13,98,0,111,102,0,102,213
09/10/2002,JVL,WI,AGL,CE,Federal Contract Tower,0,17,10,0,27,0,0,72,0,72,0,17,82,0,99,158,0,158,257
09/11/2002,JVL,WI,AGL,CE,Federal Contract Tower,0,26,21,0,47,0,0,99,0,99,0,26,120,0,146,104,0,104,250
09/12/2002,JVL,WI,AGL,CE,Federal Contract Tower,3,8,18,0,29,1,3,95,2,101,4,11,113,2,130,52,16,68,198
09/13/2002,JVL,WI,AGL,CE,Federal Contract Tower,1,10,1,4,16,7,0,123,4,134,8,10,124,8,150,216,28,244,394
09/14/2002,JVL,WI,AGL,CE,Federal Contract Tower,1,3,11,0,15,4,0,207,2,213,5,3,218,2,228,298,28,326,554
09/15/2002,JVL,WI,AGL,CE,Federal Contract Tower,1,6,14,0,21,5,6,245,4,260,6,12,259,4,281,306,36,342,623
09/16/2002,JVL,WI,AGL,CE,Federal Contract Tower,5,2,4,1,12,1,0,106,6,113,6,2,110,7,125,60,4,64,189
09/17/2002,JVL,WI,AGL,CE,Federal Contract Tower,0,15,13,0,28,0,4,174,2,180,0,19,187,2,208,90,0,90,298
09/18/2002,JVL,WI,AGL,CE,Federal Contract Tower,1,14,14,0,29,0,1,53,0,54,1,15,67,0,83,64,0,64,147
09/19/2002,JVL,WI,AGL,CE,Federal Contract Tower,0,17,9,0,26,0,1,111,0,112,0,18,120,0,138,86,0,86,224
09/20/2002,JVL,WI,AGL,CE,Federal Contract Tower,4,14,20,0,38,0,0,66,0,66,4,14,86,0,104,104,0,104,208
09/21/2002,JVL,WI,AGL,CE,Federal Contract Tower,0,6,26,0,32,0,0,205,0,205,0,6,231,0,237,112,0,112,349
09/22/2002,JVL,WI,AGL,CE,Federal Contract Tower,0,5,20,2,27,0,2,167,0,169,0,7,187,2,196,68,10,78,274
09/23/2002,JVL,WI,AGL,CE,Federal Contract Tower,0,28,25,0,53,0,1,143,0,144,0,29,168,0,197,68,0,68,265
09/24/2002,JVL,WI,AGL,CE,Federal Contract Tower,2,20,12,0,34,4,9,144,0,157,6,29,156,0,191,84,0,84,275
09/25/2002,JVL,WI,AGL,CE,Federal Contract Tower,0,20,16,3,39,0,0,76,3,79,0,20,92,6,118,188,0,188,306
09/26/2002,JVL,WI,AGL,CE,Federal Contract Tower,0,18,14,1,33,0,2,84,1,87,0,20,98,2,120,142,0,142,262
09/27/2002,JVL,WI,AGL,CE,Federal Contract Tower,2,22,27,0,51,0,0,61,0,61,2,22,88,0,112,92,0,92,204
09/28/2002,JVL,WI,AGL,CE,Federal Contract Tower,0,9,25,0,34,0,1,114,0,115,0,10,139,0,149,88,0,88,237
09/29/2002,JVL,WI,AGL,CE,Federal Contract Tower,0,3,26,0,29,0,2,70,0,72,0,5,96,0,101,146,0,146,247
09/30/2002,JVL,WI,AGL,CE,Federal Contract Tower,0,9,7,0,16,0,1,42,0,43,0,10,49,0,59,44,0,44,103
10/01/2002,JVL,WI,AGL,CE,Federal Contract Tower,1,10,11,0,22,0,4,39,0,43,1,14,50,0,65,42,0,42,107
10/02/2002,JVL,WI,AGL,CE,Federal Contract Tower,1,16,31,0,48,0,5,17,0,22,1,21,48,0,70,36,0,36,106
10/03/2002,JVL,WI,AGL,CE,Federal Contract Tower,3,21,32,0,56,0,1,70,0,71,3,22,102,0,127,42,0,42,169
10/04/2002,JVL,WI,AGL,CE,Federal Contract Tower,6,14,1,0,21,0,5,3,0,8,6,19,4,0,29,24,0,24,53
10/05/2002,JVL,WI,AGL,CE,Federal Contract Tower,0,6,12,0,18,0,2,272,0,274,0,8,284,0,292,124,0,124,416
10/06/2002,JVL,WI,AGL,CE,Federal Contract Tower,0,2,7,0,9,0,0,27,0,27,0,2,34,0,36,70,0,70,106
10/07/2002,JVL,WI,AGL,CE,Federal Contract Tower,4,15,4,0,23,0,1,148,0,149,4,16,152,0,172,148,0,148,320
10/08/2002,JVL,WI,AGL,CE,Federal Contract Tower,8,6,7,0,21,0,5,102,0,107,8,11,109,0,128,112,0,112,240
10/09/2002,JVL,WI,AGL,CE,Federal Contract Tower,2,22,7,0,31,0,3,111,0,114,2,25,118,0,145,122,0,122,267
10/10/2002,JVL,WI,AGL,CE,Federal Contract Tower,1,5,23,0,29,0,5,106,0,111,1,10,129,0,140,84,0,84,224
10/11/2002,JVL,WI,AGL,CE,Federal Contract Tower,3,10,13,0,26,0,3,109,0,112,3,13,122,0,138,88,0,88,226
10/12/2002,JVL,WI,AGL,CE,Federal Contract Tower,0,5,38,0,43,0,0,43,0,43,0,5,81,0,86,68,0,68,154
10/13/2002,JVL,WI,AGL,CE,Federal Contract Tower,0,7,9,0,16,0,7,166,0,173,0,14,175,0,189,60,0,60,249
10/14/2002,JVL,WI,AGL,CE,Federal Contract Tower,0,11,5,0,16,0,2,88,0,90,0,13,93,0,106,84,0,84,190
10/15/2002,JVL,WI,AGL,CE,Federal Contract Tower,0,16,10,0,26,0,4,56,0,60,0,20,66,0,86,96,0,96,182
10/16/2002,JVL,WI,AGL,CE,Federal Contract Tower,1,13,12,3,29,2,4,142,7,155,3,17,154,10,184,94,2,96,280
10/17/2002,JVL,WI,AGL,CE,Federal Contract Tower,2,10,5,0,17,0,2,34,0,36,2,12,39,0,53,40,0,40,93
10/18/2002,JVL,WI,AGL,CE,Federal Contract Tower,2,13,8,0,23,0,2,43,0,45,2,15,51,0,68,48,0,48,116
10/19/2002,JVL,WI,AGL,CE,Federal Contract Tower,0,5,20,0,25,0,6,144,0,150,0,11,164,0,175,88,0,88,263
10/20/2002,JVL,WI,AGL,CE,Federal Contract Tower,0,10,11,0,21,0,8,278,0,286,0,18,289,0,307,106,0,106,413
10/21/2002,JVL,WI,AGL,CE,Federal Contract Tower,1,7,12,0,20,0,0,85,0,85,1,7,97,0,105,102,0,102,207
10/22/2002,JVL,WI,AGL,CE,Federal Contract Tower,2,10,8,0,20,0,0,60,0,60,2,10,68,0,80,80,0,80,160
10/23/2002,JVL,WI,AGL,CE,Federal Contract Tower,2,20,3,1,26,0,8,81,1,90,2,28,84,2,116,62,6,68,184
10/24/2002,JVL,WI,AGL,CE,Federal Contract Tower,2,18,10,0,30,0,4,50,0,54,2,22,60,0,84,56,0,56,140
10/25/2002,JVL,WI,AGL,CE,Federal Contract Tower,2,17,22,0,41,0,11,46,0,57,2,28,68,0,98,62,0,62,160
10/26/2002,JVL,WI,AGL,CE,Federal Contract Tower,0,1,27,0,28,0,2,76,0,78,0,3,103,0,106,106,0,106,212
10/27/2002,JVL,WI,AGL,CE,Federal Contract Tower,2,8,13,0,23,0,3,317,0,320,2,11,330,0,343,78,0,78,421
10/28/2002,JVL,WI,AGL,CE,Federal Contract Tower,0,8,14,0,22,0,0,24,0,24,0,8,38,0,46,22,0,22,68
10/29/2002,JVL,WI,AGL,CE,Federal Contract Tower,0,13,4,0,17,0,1,39,0,40,0,14,43,0,57,72,0,72,129
10/30/2002,JVL,WI,AGL,CE,Federal Contract Tower,0,11,13,0,24,0,2,79,0,81,0,13,92,0,105,76,0,76,181
10/31/2002,JVL,WI,AGL,CE,Federal Contract Tower,3,26,10,0,39,0,5,85,0,90,3,31,95,0,129,102,0,102,231
11/01/2002,JVL,WI,AGL,CE,Federal Contract Tower,0,15,9,0,24,0,0,88,4,92,0,15,97,4,116,94,2,96,212
11/02/2002,JVL,WI,AGL,CE,Federal Contract Tower,0,10,20,0,30,0,0,221,0,221,0,10,241,0,251,114,0,114,365
11/03/2002,JVL,WI,AGL,CE,Federal Contract Tower,0,5,22,0,27,0,2,216,0,218,0,7,238,0,245,62,0,62,307
11/04/2002,JVL,WI,AGL,CE,Federal Contract Tower,2,13,14,0,29,0,3,84,0,87,2,16,98,0,116,66,0,66,182
11/05/2002,JVL,WI,AGL,CE,Federal Contract Tower,0,21,5,0,26,0,0,1,0,1,0,21,6,0,27,0,0,0,27
11/06/2002,JVL,WI,AGL,CE,Federal Contract Tower,0,20,22,2,44,0,0,86,0,86,0,20,108,2,130,148,2,150,280
11/07/2002,JVL,WI,AGL,CE,Federal Contract Tower,0,14,20,0,34,0,6,69,2,77,0,20,89,2,111,68,4,72,183
11/08/2002,JVL,WI,AGL,CE,Federal Contract Tower,0,7,17,0,24,0,1,56,0,57,0,8,73,0,81,102,0,102,183
11/09/2002,JVL,WI,AGL,CE,Federal Contract Tower,0,3,20,0,23,0,0,85,0,85,0,3,105,0,108,48,0,48,156
11/10/2002,JVL,WI,AGL,CE,Federal Contract Tower,0,9,40,0,49,0,0,27,0,27,0,9,67,0,76,0,0,0,76
11/11/2002,JVL,WI,AGL,CE,Federal Contract Tower,0,10,2,0,12,0,0,48,0,48,0,10,50,0,60,16,0,16,76
11/12/2002,JVL,WI,AGL,CE,Federal Contract Tower,0,15,2,0,17,0,4,108,0,112,0,19,110,0,129,122,0,122,251
11/13/2002,JVL,WI,AGL,CE,Federal Contract Tower,0,13,21,5,39,0,5,184,0,189,0,18,205,5,228,26,4,30,258
11/14/2002,JVL,WI,AGL,CE,Federal Contract Tower,0,13,21,0,34,0,0,64,0,64,0,13,85,0,98,82,0,82,180
11/15/2002,JVL,WI,AGL,CE,Federal Contract Tower,0,13,15,0,28,0,4,46,0,50,0,17,61,0,78,50,0,50,128
11/16/2002,JVL,WI,AGL,CE,Federal Contract Tower,0,1,19,0,20,0,2,156,2,160,0,3,175,2,180,36,0,36,216
11/17/2002,JVL,WI,AGL,CE,Federal Contract Tower,0,6,26,0,32,0,2,238,0,240,0,8,264,0,272,94,0,94,366
11/18/2002,JVL,WI,AGL,CE,Federal Contract Tower,0,14,9,0,23,0,3,44,0,47,0,17,53,0,70,88,0,88,158
11/19/2002,JVL,WI,AGL,CE,Federal Contract Tower,0,16,11,2,29,0,1,198,2,201,0,17,209,4,230,88,2,90,320
11/20/2002,JVL,WI,AGL,CE,Federal Contract Tower,0,6,13,0,19,0,0,66,0,66,0,6,79,0,85,82,0,82,167
11/21/2002,JVL,WI,AGL,CE,Federal Contract Tower,2,15,8,0,25,0,0,17,0,17,2,15,25,0,42,32,0,32,74
11/22/2002,JVL,WI,AGL,CE,Federal Contract Tower,0,8,15,0,23,0,3,66,0,69,0,11,81,0,92,102,0,102,194
11/23/2002,JVL,WI,AGL,CE,Federal Contract Tower,0,3,16,0,19,0,0,182,0,182,0,3,198,0,201,48,0,48,249
11/24/2002,JVL,WI,AGL,CE,Federal Contract Tower,0,6,19,0,25,0,0,93,0,93,0,6,112,0,118,14,0,14,132
11/25/2002,JVL,WI,AGL,CE,Federal Contract Tower,0,10,8,0,18,0,2,75,0,77,0,12,83,0,95,76,0,76,171
11/26/2002,JVL,WI,AGL,CE,Federal Contract Tower,0,14,18,0,32,0,7,76,0,83,0,21,94,0,115,78,0,78,193
11/27/2002,JVL,WI,AGL,CE,Federal Contract Tower,2,11,7,0,20,0,6,77,0,83,2,17,84,0,103,72,0,72,175
11/28/2002,JVL,WI,AGL,CE,Federal Contract Tower,0,6,7,0,13,0,1,24,0,25,0,7,31,0,38,0,0,0,38
11/29/2002,JVL,WI,AGL,CE,Federal Contract Tower,0,3,4,0,7,0,0,73,0,73,0,3,77,0,80,30,0,30,110
11/30/2002,JVL,WI,AGL,CE,Federal Contract Tower,0,2,0,0,2,0,0,22,0,22,0,2,22,0,24,18,0,18,42
12/01/2002,JVL,WI,AGL,CE,Federal Contract Tower,0,10,8,0,18,0,5,91,0,96,0,15,99,0,114,88,0,88,202
12/02/2002,JVL,WI,AGL,CE,Federal Contract Tower,0,10,7,0,17,0,4,12,0,16,0,14,19,0,33,4,0,4,37
12/03/2002,JVL,WI,AGL,CE,Federal Contract Tower,0,8,12,0,20,0,2,72,0,74,0,10,84,0,94,80,0,80,174
12/04/2002,JVL,WI,AGL,CE,Federal Contract Tower,0,12,7,0,19,0,8,80,0,88,0,20,87,0,107,52,0,52,159
12/05/2002,JVL,WI,AGL,CE,Federal Contract Tower,0,9,9,0,18,0,2,80,0,82,0,11,89,0,100,54,0,54,154
12/06/2002,JVL,WI,AGL,CE,Federal Contract Tower,0,5,11,0,16,0,6,116,0,122,0,11,127,0,138,90,0,90,228
12/07/2002,JVL,WI,AGL,CE,Federal Contract Tower,0,1,20,0,21,0,3,159,0,162,0,4,179,0,183,122,0,122,305
12/08/2002,JVL,WI,AGL,CE,Federal Contract Tower,0,7,25,0,32,0,4,201,0,205,0,11,226,0,237,88,0,88,325
12/09/2002,JVL,WI,AGL,CE,Federal Contract Tower,0,12,13,0,25,0,1,108,0,109,0,13,121,0,134,48,0,48,182
12/10/2002,JVL,WI,AGL,CE,Federal Contract Tower,4,18,14,0,36,0,11,117,0,128,4,29,131,0,164,76,0,76,240
12/11/2002,JVL,WI,AGL,CE,Federal Contract Tower,2,12,11,0,25,0,10,151,0,161,2,22,162,0,186,124,0,124,310
12/12/2002,JVL,WI,AGL,CE,Federal Contract Tower,0,23,7,0,30,0,0,131,0,131,0,23,138,0,161,62,0,62,223
12/13/2002,JVL,WI,AGL,CE,Federal Contract Tower,0,19,8,0,27,0,0,4,0,4,0,19,12,0,31,8,0,8,39
12/14/2002,JVL,WI,AGL,CE,Federal Contract Tower,0,1,33,0,34,0,2,38,0,40,0,3,71,0,74,0,0,0,74
12/15/2002,JVL,WI,AGL,CE,Federal Contract Tower,0,6,21,0,27,0,4,262,0,266,0,10,283,0,293,84,0,84,377
12/16/2002,JVL,WI,AGL,CE,Federal Contract Tower,0,16,11,0,27,0,3,57,2,62,0,19,68,2,89,66,4,70,159
12/17/2002,JVL,WI,AGL,CE,Federal Contract Tower,2,16,7,0,25,0,5,30,0,35,2,21,37,0,60,38,0,38,98
12/18/2002,JVL,WI,AGL,CE,Federal Contract Tower,3,20,0,0,23,0,0,4,0,4,3,20,4,0,27,2,0,2,29
12/19/2002,JVL,WI,AGL,CE,Federal Contract Tower,0,6,7,1,14,0,6,142,1,149,0,12,149,2,163,66,0,66,229
12/20/2002,JVL,WI,AGL,CE,Federal Contract Tower,2,12,2,0,16,0,0,97,0,97,2,12,99,0,113,44,0,44,157
12/21/2002,JVL,WI,AGL,CE,Federal Contract Tower,2,9,6,2,19,0,0,66,0,66,2,9,72,2,85,84,0,84,169
12/22/2002,JVL,WI,AGL,CE,Federal Contract Tower,0,10,9,0,19,0,0,89,0,89,0,10,98,0,108,98,0,98,206
12/23/2002,JVL,WI,AGL,CE,Federal Contract Tower,0,6,10,0,16,0,0,81,0,81,0,6,91,0,97,86,0,86,183
12/24/2002,JVL,WI,AGL,CE,Federal Contract Tower,0,7,4,0,11,0,0,44,0,44,0,7,48,0,55,64,0,64,119
12/25/2002,JVL,WI,AGL,CE,Federal Contract Tower,0,1,0,0,1,0,0,4,0,4,0,1,4,0,5,12,0,12,17
12/26/2002,JVL,WI,AGL,CE,Federal Contract Tower,0,7,16,0,23,0,5,113,0,118,0,12,129,0,141,86,0,86,227
12/27/2002,JVL,WI,AGL,CE,Federal Contract Tower,0,6,22,0,28,0,0,109,0,109,0,6,131,0,137,92,0,92,229
12/28/2002,JVL,WI,AGL,CE,Federal Contract Tower,0,6,14,0,20,0,0,34,0,34,0,6,48,0,54,32,0,32,86
12/29/2002,JVL,WI,AGL,CE,Federal Contract Tower,0,1,24,0,25,0,0,95,0,95,0,1,119,0,120,38,0,38,158
12/30/2002,JVL,WI,AGL,CE,Federal Contract Tower,0,4,8,1,13,0,1,10,1,12,0,5,18,2,25,86,0,86,111
12/31/2002,JVL,WI,AGL,CE,Federal Contract Tower,0,2,26,0,28,0,1,176,0,177,0,3,202,0,205,64,0,64,269
01/01/2003,JVL,WI,AGL,CE,Federal Contract Tower,0,3,3,0,6,0,0,36,0,36,0,3,39,0,42,44,0,44,86
01/02/2003,JVL,WI,AGL,CE,Federal Contract Tower,0,15,2,0,17,0,7,80,0,87,0,22,82,0,104,30,0,30,134
01/03/2003,JVL,WI,AGL,CE,Federal Contract Tower,0,10,9,0,19,0,11,165,0,176,0,21,174,0,195,48,0,48,243
01/04/2003,JVL,WI,AGL,CE,Federal Contract Tower,0,11,18,0,29,0,0,139,0,139,0,11,157,0,168,88,0,88,256
01/05/2003,JVL,WI,AGL,CE,Federal Contract Tower,0,11,3,0,14,0,0,2,0,2,0,11,5,0,16,0,0,0,16
01/06/2003,JVL,WI,AGL,CE,Federal Contract Tower,0,10,19,0,29,0,0,68,0,68,0,10,87,0,97,68,0,68,165
01/07/2003,JVL,WI,AGL,CE,Federal Contract Tower,0,17,5,0,22,0,0,93,0,93,0,17,98,0,115,66,0,66,181
01/08/2003,JVL,WI,AGL,CE,Federal Contract Tower,0,17,17,0,34,0,0,122,0,122,0,17,139,0,156,102,0,102,258
01/09/2003,JVL,WI,AGL,CE,Federal Contract Tower,2,13,9,0,24,0,0,89,0,89,2,13,98,0,113,92,0,92,205
01/10/2003,JVL,WI,AGL,CE,Federal Contract Tower,3,17,3,1,24,0,6,79,1,86,3,23,82,2,110,28,0,28,138
01/11/2003,JVL,WI,AGL,CE,Federal Contract Tower,0,7,13,0,20,0,1,169,0,170,0,8,182,0,190,116,0,116,306
01/12/2003,JVL,WI,AGL,CE,Federal Contract Tower,0,8,18,0,26,0,6,281,0,287,0,14,299,0,313,100,0,100,413
01/13/2003,JVL,WI,AGL,CE,Federal Contract Tower,1,13,10,0,24,0,2,16,0,18,1,15,26,0,42,0,0,0,42
01/14/2003,JVL,WI,AGL,CE,Federal Contract Tower,1,7,6,0,14,0,2,60,0,62,1,9,66,0,76,114,0,114,190
01/15/2003,JVL,WI,AGL,CE,Federal Contract Tower,2,19,17,0,38,6,3,90,0,99,8,22,107,0,137,84,0,84,221
01/16/2003,JVL,WI,AGL,CE,Federal Contract Tower,1,19,8,0,28,0,8,89,0,97,1,27,97,0,125,156,0,156,281
01/17/2003,JVL,WI,AGL,CE,Federal Contract Tower,0,15,4,0,19,0,5,70,0,75,0,20,74,0,94,168,2,170,264
01/18/2003,JVL,WI,AGL,CE,Federal Contract Tower,0,2,31,0,33,0,0,28,0,28,0,2,59,0,61,14,0,14,75
01/19/2003,JVL,WI,AGL,CE,Federal Contract Tower,0,0,4,0,4,0,2,105,0,107,0,2,109,0,111,44,0,44,155
01/20/2003,JVL,WI,AGL,CE,Federal Contract Tower,0,12,9,0,21,0,2,59,0,61,0,14,68,0,82,60,0,60,142
01/21/2003,JVL,WI,AGL,CE,Federal Contract Tower,0,14,6,0,20,0,0,35,0,35,0,14,41,0,55,64,0,64,119
01/22/2003,JVL,WI,AGL,CE,Federal Contract Tower,0,15,4,0,19,0,1,71,0,72,0,16,75,0,91,138,0,138,229
01/23/2003,JVL,WI,AGL,CE,Federal Contract Tower,0,16,3,0,19,0,0,28,0,28,0,16,31,0,47,132,0,132,179
01/24/2003,JVL,WI,AGL,CE,Federal Contract Tower,0,15,7,0,22,0,3,41,0,44,0,18,48,0,66,20,0,20,86
01/25/2003,JVL,WI,AGL,CE,Federal Contract Tower,0,0,24,0,24,0,1,108,0,109,0,1,132,0,133,76,0,76,209
01/26/2003,JVL,WI,AGL,CE,Federal Contract Tower,0,1,11,0,12,0,3,178,0,181,0,4,189,0,193,88,0,88,281
01/27/2003,JVL,WI,AGL,CE,Federal Contract Tower,0,3,1,0,4,0,1,71,0,72,0,4,72,0,76,64,0,64,140
01/28/2003,JVL,WI,AGL,CE,Federal Contract Tower,0,10,0,0,10,0,0,0,0,0,0,10,0,0,10,0,0,0,10
01/29/2003,JVL,WI,AGL,CE,Federal Contract Tower,0,16,3,0,19,0,3,96,0,99,0,19,99,0,118,96,0,96,214
01/30/2003,JVL,WI,AGL,CE,Federal Contract Tower,0,15,9,0,24,0,0,75,0,75,0,15,84,0,99,108,0,108,207
01/31/2003,JVL,WI,AGL,CE,Federal Contract Tower,0,4,0,0,4,0,3,0,0,3,0,7,0,0,7,0,0,0,7
02/01/2003,JVL,WI,AGL,CE,Federal Contract Tower,0,5,21,0,26,0,0,2,0,2,0,5,23,0,28,10,0,10,38
02/02/2003,JVL,WI,AGL,CE,Federal Contract Tower,0,0,3,0,3,0,0,90,0,90,0,0,93,0,93,30,0,30,123
02/03/2003,JVL,WI,AGL,CE,Federal Contract Tower,1,16,1,0,18,0,0,0,0,0,1,16,1,0,18,0,0,0,18
02/04/2003,JVL,WI,AGL,CE,Federal Contract Tower,3,16,3,0,22,0,1,4,0,5,3,17,7,0,27,18,0,18,45
02/05/2003,JVL,WI,AGL,CE,Federal Contract Tower,0,8,7,0,15,0,0,76,0,76,0,8,83,0,91,94,0,94,185
02/06/2003,JVL,WI,AGL,CE,Federal Contract Tower,0,9,10,0,19,0,0,63,0,63,0,9,73,0,82,103,0,103,185
02/07/2003,JVL,WI,AGL,CE,Federal Contract Tower,0,10,6,0,16,0,0,53,0,53,0,10,59,0,69,68,0,68,137
02/08/2003,JVL,WI,AGL,CE,Federal Contract Tower,0,7,14,0,21,0,3,32,0,35,0,10,46,0,56,82,0,82,138
02/09/2003,JVL,WI,AGL,CE,Federal Contract Tower,0,13,15,0,28,0,0,152,0,152,0,13,167,0,180,92,0,92,272
02/10/2003,JVL,WI,AGL,CE,Federal Contract Tower,0,12,3,0,15,0,3,78,0,81,0,15,81,0,96,80,0,80,176
02/11/2003,JVL,WI,AGL,CE,Federal Contract Tower,1,4,1,0,6,0,0,4,0,4,1,4,5,0,10,2,0,2,12
02/12/2003,JVL,WI,AGL,CE,Federal Contract Tower,1,11,10,0,22,0,3,81,0,84,1,14,91,0,106,82,0,82,188
02/13/2003,JVL,WI,AGL,CE,Federal Contract Tower,0,7,7,0,14,0,5,73,0,78,0,12,80,0,92,138,0,138,230
02/14/2003,JVL,WI,AGL,CE,Federal Contract Tower,1,10,7,0,18,0,1,53,0,54,1,11,60,0,72,142,0,142,214
02/15/2003,JVL,WI,AGL,CE,Federal Contract Tower,0,3,4,0,7,0,0,62,0,62,0,3,66,0,69,148,0,148,217
02/16/2003,JVL,WI,AGL,CE,Federal Contract Tower,0,4,26,0,30,0,7,142,0,149,0,11,168,0,179,88,0,88,267
02/17/2003,JVL,WI,AGL,CE,Federal Contract Tower,0,16,5,0,21,0,2,58,0,60,0,18,63,0,81,134,0,134,215
02/18/2003,JVL,WI,AGL,CE,Federal Contract Tower,0,12,3,0,15,0,0,45,0,45,0,12,48,0,60,178,0,178,238
02/19/2003,JVL,WI,AGL,CE,Federal Contract Tower,0,15,20,0,35,0,0,105,0,105,0,15,125,0,140,110,0,110,250
02/20/2003,JVL,WI,AGL,CE,Federal Contract Tower,0,8,4,0,12,0,0,98,0,98,0,8,102,0,110,112,0,112,222
02/21/2003,JVL,WI,AGL,CE,Federal Contract Tower,0,8,8,0,16,0,0,151,0,151,0,8,159,0,167,108,0,108,275
02/22/2003,JVL,WI,AGL,CE,Federal Contract Tower,0,4,8,0,12,0,0,12,0,12,0,4,20,0,24,88,0,88,112
02/23/2003,JVL,WI,AGL,CE,Federal Contract Tower,0,2,19,0,21,0,5,134,0,139,0,7,153,0,160,98,0,98,258
02/24/2003,JVL,WI,AGL,CE,Federal Contract Tower,0,11,3,0,14,0,1,5,0,6,0,12,8,0,20,88,0,88,108
02/25/2003,JVL,WI,AGL,CE,Federal Contract Tower,0,11,7,0,18,0,3,137,0,140,0,14,144,0,158,134,0,134,292
02/26/2003,JVL,WI,AGL,CE,Federal Contract Tower,0,16,3,0,19,0,1,75,0,76,0,17,78,0,95,142,0,142,237
02/27/2003,JVL,WI,AGL,CE,Federal Contract Tower,2,21,5,0,28,0,4,99,0,103,2,25,104,0,131,88,0,88,219
02/28/2003,JVL,WI,AGL,CE,Federal Contract Tower,0,6,7,0,13,0,1,150,0,151,0,7,157,0,164,94,0,94,258
03/01/2003,JVL,WI,AGL,CE,Federal Contract Tower,0,0,14,0,14,0,0,151,0,151,0,0,165,0,165,136,0,136,301
03/02/2003,JVL,WI,AGL,CE,Federal Contract Tower,0,3,9,0,12,0,9,47,0,56,0,12,56,0,68,78,0,78,146
03/03/2003,JVL,WI,AGL,CE,Federal Contract Tower,0,15,8,0,23,0,2,22,0,24,0,17,30,0,47,10,0,10,57
03/04/2003,JVL,WI,AGL,CE,Federal Contract Tower,0,5,2,0,7,0,3,5,0,8,0,8,7,0,15,14,0,14,29
03/05/2003,JVL,WI,AGL,CE,Federal Contract Tower,0,10,4,0,14,0,1,67,0,68,0,11,71,0,82,92,0,92,174
03/06/2003,JVL,WI,AGL,CE,Federal Contract Tower,0,5,14,0,19,0,2,85,0,87,0,7,99,0,106,118,0,118,224
03/07/2003,JVL,WI,AGL,CE,Federal Contract Tower,2,15,0,0,17,0,0,19,0,19,2,15,19,0,36,86,0,86,122
03/08/2003,JVL,WI,AGL,CE,Federal Contract Tower,0,5,6,0,11,0,0,11,0,11,0,5,17,0,22,0,0,0,22
03/09/2003,JVL,WI,AGL,CE,Federal Contract Tower,0,10,14,0,24,0,4,121,0,125,0,14,135,0,149,98,0,98,247
03/10/2003,JVL,WI,AGL,CE,Federal Contract Tower,0,9,6,0,15,0,7,53,0,60,0,16,59,0,75,72,0,72,147
03/11/2003,JVL,WI,AGL,CE,Federal Contract Tower,0,15,4,0,19,0,3,52,0,55,0,18,56,0,74,74,0,74,148
03/12/2003,JVL,WI,AGL,CE,Federal Contract Tower,0,8,11,0,19,0,2,72,0,74,0,10,83,0,93,84,0,84,177
03/13/2003,JVL,WI,AGL,CE,Federal Contract Tower,0,8,9,0,17,0,4,94,0,98,0,12,103,0,115,136,0,136,251
03/14/2003,JVL,WI,AGL,CE,Federal Contract Tower,0,8,22,0,30,0,7,165,0,172,0,15,187,0,202,162,0,162,364
03/15/2003,JVL,WI,AGL,CE,Federal Contract Tower,0,6,35,0,41,0,0,126,0,126,0,6,161,0,167,94,0,94,261
03/16/2003,JVL,WI,AGL,CE,Federal Contract Tower,0,7,26,0,33,0,3,170,0,173,0,10,196,0,206,126,0,126,332
03/17/2003,JVL,WI,AGL,CE,Federal Contract Tower,0,21,10,3,34,0,5,78,1,84,0,26,88,4,118,86,0,86,204
03/18/2003,JVL,WI,AGL,CE,Federal Contract Tower,0,10,5,0,15,0,0,120,0,120,0,10,125,0,135,24,0,24,159
03/19/2003,JVL,WI,AGL,CE,Federal Contract Tower,6,12,0,0,18,0,0,40,0,40,6,12,40,0,58,40,0,40,98
03/20/2003,JVL,WI,AGL,CE,Federal Contract Tower,1,21,5,0,27,0,10,49,0,59,1,31,54,0,86,70,0,70,156
03/21/2003,JVL,WI,AGL,CE,Federal Contract Tower,0,21,4,0,25,0,0,40,0,40,0,21,44,0,65,102,0,102,167
03/22/2003,JVL,WI,AGL,CE,Federal Contract Tower,0,8,30,0,38,0,2,73,0,75,0,10,103,0,113,48,0,48,161
03/23/2003,JVL,WI,AGL,CE,Federal Contract Tower,0,6,17,0,23,0,0,228,0,228,0,6,245,0,251,44,0,44,295
03/24/2003,JVL,WI,AGL,CE,Federal Contract Tower,0,10,10,0,20,0,0,85,0,85,0,10,95,0,105,64,0,64,169
03/25/2003,JVL,WI,AGL,CE,Federal Contract Tower,0,11,6,0,17,0,0,107,0,107,0,11,113,0,124,128,0,128,252
03/26/2003,JVL,WI,AGL,CE,Federal Contract Tower,0,9,6,0,15,0,1,95,0,96,0,10,101,0,111,94,2,96,207
03/27/2003,JVL,WI,AGL,CE,Federal Contract Tower,0,11,9,0,20,0,1,82,0,83,0,12,91,0,103,142,0,142,245
03/28/2003,JVL,WI,AGL,CE,Federal Contract Tower,0,12,7,0,19,0,0,0,0,0,0,12,7,0,19,10,0,10,29
03/29/2003,JVL,WI,AGL,CE,Federal Contract Tower,0,2,21,0,23,0,0,62,0,62,0,2,83,0,85,60,0,60,145
03/30/2003,JVL,WI,AGL,CE,Federal Contract Tower,0,10,13,0,23,0,2,246,0,248,0,12,259,0,271,46,0,46,317
03/31/2003,JVL,WI,AGL,CE,Federal Contract Tower,0,11,13,0,24,0,4,90,2,96,0,15,103,2,120,34,0,34,154
04/01/2003,JVL,WI,AGL,CE,Federal Contract Tower,0,8,13,0,21,0,1,128,0,129,0,9,141,0,150,90,0,90,240
04/02/2003,JVL,WI,AGL,CE,Federal Contract Tower,0,9,13,0,22,0,3,74,0,77,0,12,87,0,99,46,0,46,145
04/03/2003,JVL,WI,AGL,CE,Federal Contract Tower,0,5,3,0,8,0,0,0,0,0,0,5,3,0,8,0,0,0,8
04/04/2003,JVL,WI,AGL,CE,Federal Contract Tower,0,16,5,0,21,0,0,0,0,0,0,16,5,0,21,0,0,0,21
04/05/2003,JVL,WI,AGL,CE,Federal Contract Tower,0,6,15,0,21,0,0,53,0,53,0,6,68,0,74,52,0,52,126
04/06/2003,JVL,WI,AGL,CE,Federal Contract Tower,0,8,18,0,26,0,0,130,0,130,0,8,148,0,156,44,0,44,200
04/07/2003,JVL,WI,AGL,CE,Federal Contract Tower,0,14,1,0,15,0,0,0,0,0,0,14,1,0,15,0,0,0,15
04/08/2003,JVL,WI,AGL,CE,Federal Contract Tower,0,13,4,0,17,0,0,67,0,67,0,13,71,0,84,42,0,42,126
04/09/2003,JVL,WI,AGL,CE,Federal Contract Tower,2,7,12,0,21,0,4,109,0,113,2,11,121,0,134,118,0,118,252
04/10/2003,JVL,WI,AGL,CE,Federal Contract Tower,0,13,15,0,28,0,6,174,0,180,0,19,189,0,208,186,0,186,394
04/11/2003,JVL,WI,AGL,CE,Federal Contract Tower,0,10,22,0,32,0,3,175,0,178,0,13,197,0,210,142,0,142,352
04/12/2003,JVL,WI,AGL,CE,Federal Contract Tower,0,0,25,0,25,0,4,239,2,245,0,4,264,2,270,142,0,142,412
04/13/2003,JVL,WI,AGL,CE,Federal Contract Tower,0,7,11,0,18,0,1,227,0,228,0,8,238,0,246,106,0,106,352
04/14/2003,JVL,WI,AGL,CE,Federal Contract Tower,0,9,8,0,17,0,1,68,0,69,0,10,76,0,86,48,0,48,134
04/15/2003,JVL,WI,AGL,CE,Federal Contract Tower,0,9,3,0,12,0,1,52,0,53,0,10,55,0,65,64,0,64,129
04/16/2003,JVL,WI,AGL,CE,Federal Contract Tower,0,17,16,0,33,0,1,12,0,13,0,18,28,0,46,62,0,62,108
04/17/2003,JVL,WI,AGL,CE,Federal Contract Tower,0,7,7,0,14,0,3,74,0,77,0,10,81,0,91,104,0,104,195
04/18/2003,JVL,WI,AGL,CE,Federal Contract Tower,0,2,37,0,39,0,0,52,0,52,0,2,89,0,91,198,0,198,289
04/19/2003,JVL,WI,AGL,CE,Federal Contract Tower,0,2,29,0,31,0,0,49,0,49,0,2,78,0,80,66,0,66,146
04/20/2003,JVL,WI,AGL,CE,Federal Contract Tower,0,2,1,0,3,0,0,6,0,6,0,2,7,0,9,28,0,28,37
04/21/2003,JVL,WI,AGL,CE,Federal Contract Tower,0,14,8,0,22,0,2,31,0,33,0,16,39,0,55,78,0,78,133
04/22/2003,JVL,WI,AGL,CE,Federal Contract Tower,0,13,17,0,30,0,2,112,0,114,0,15,129,0,144,142,0,142,286
04/23/2003,JVL,WI,AGL,CE,Federal Contract Tower,0,9,18,0,27,0,1,131,0,132,0,10,149,0,159,112,0,112,271
04/24/2003,JVL,WI,AGL,CE,Federal Contract Tower,0,9,14,0,23,0,0,108,0,108,0,9,122,0,131,182,0,182,313
04/25/2003,JVL,WI,AGL,CE,Federal Contract Tower,0,10,3,0,13,0,2,95,0,97,0,12,98,0,110,186,0,186,296
04/26/2003,JVL,WI,AGL,CE,Federal Contract Tower,0,6,16,0,22,0,2,186,2,190,0,8,202,2,212,232,0,232,444
04/27/2003,JVL,WI,AGL,CE,Federal Contract Tower,0,6,16,0,22,0,4,227,0,231,0,10,243,0,253,176,0,176,429
04/28/2003,JVL,WI,AGL,CE,Federal Contract Tower,0,10,8,0,18,0,0,75,0,75,0,10,83,0,93,74,0,74,167
04/29/2003,JVL,WI,AGL,CE,Federal Contract Tower,0,12,9,0,21,0,3,82,0,85,0,15,91,0,106,88,0,88,194
04/30/2003,JVL,WI,AGL,CE,Federal Contract Tower,0,22,2,0,24,0,2,74,0,76,0,24,76,0,100,98,0,98,198
05/01/2003,JVL,WI,AGL,CE,Federal Contract Tower,0,10,8,0,18,0,0,13,0,13,0,10,21,0,31,68,0,68,99
05/02/2003,JVL,WI,AGL,CE,Federal Contract Tower,0,7,6,0,13,0,10,89,0,99,0,17,95,0,112,142,0,142,254
05/03/2003,JVL,WI,AGL,CE,Federal Contract Tower,0,0,18,0,18,0,1,236,0,237,0,1,254,0,255,90,0,90,345
05/04/2003,JVL,WI,AGL,CE,Federal Contract Tower,0,10,5,0,15,0,0,94,0,94,0,10,99,0,109,164,0,164,273
05/05/2003,JVL,WI,AGL,CE,Federal Contract Tower,0,6,14,0,20,0,0,7,0,7,0,6,21,0,27,94,0,94,121
05/06/2003,JVL,WI,AGL,CE,Federal Contract Tower,0,18,12,0,30,0,1,86,0,87,0,19,98,0,117,76,0,76,193
05/07/2003,JVL,WI,AGL,CE,Federal Contract Tower,0,14,4,0,18,0,0,1,0,1,0,14,5,0,19,0,0,0,19
05/08/2003,JVL,WI,AGL,CE,Federal Contract Tower,0,11,21,0,32,0,4,70,0,74,0,15,91,0,106,44,0,44,150
05/09/2003,JVL,WI,AGL,CE,Federal Contract Tower,0,20,22,0,42,0,6,69,0,75,0,26,91,0,117,126,0,126,243
05/10/2003,JVL,WI,AGL,CE,Federal Contract Tower,0,4,13,0,17,0,3,88,0,91,0,7,101,0,108,144,0,144,252
05/11/2003,JVL,WI,AGL,CE,Federal Contract Tower,0,5,1,0,6,0,0,1,0,1,0,5,2,0,7,0,0,0,7
05/12/2003,JVL,WI,AGL,CE,Federal Contract Tower,0,19,4,0,23,0,2,39,0,41,0,21,43,0,64,58,0,58,122
05/13/2003,JVL,WI,AGL,CE,Federal Contract Tower,0,10,14,0,24,0,4,125,0,129,0,14,139,0,153,112,0,112,265
05/14/2003,JVL,WI,AGL,CE,Federal Contract Tower,2,12,9,0,23,0,0,22,0,22,2,12,31,0,45,28,0,28,73
05/15/2003,JVL,WI,AGL,CE,Federal Contract Tower,2,10,10,0,22,0,4,67,0,71,2,14,77,0,93,138,0,138,231
05/16/2003,JVL,WI,AGL,CE,Federal Contract Tower,0,14,11,0,25,0,6,96,0,102,0,20,107,0,127,120,0,120,247
05/17/2003,JVL,WI,AGL,CE,Federal Contract Tower,0,5,29,0,34,0,2,89,0,91,0,7,118,0,125,93,0,93,218
05/18/2003,JVL,WI,AGL,CE,Federal Contract Tower,0,19,10,0,29,0,0,142,0,142,0,19,152,0,171,96,0,96,267
05/19/2003,JVL,WI,AGL,CE,Federal Contract Tower,0,15,24,0,39,0,0,17,0,17,0,15,41,0,56,0,0,0,56
05/20/2003,JVL,WI,AGL,CE,Federal Contract Tower,0,12,6,0,18,0,0,18,0,18,0,12,24,0,36,66,0,66,102
05/21/2003,JVL,WI,AGL,CE,Federal Contract Tower,0,15,10,0,25,0,3,129,0,132,0,18,139,0,157,102,0,102,259
05/22/2003,JVL,WI,AGL,CE,Federal Contract Tower,0,21,17,0,38,0,6,125,0,131,0,27,142,0,169,104,0,104,273
05/23/2003,JVL,WI,AGL,CE,Federal Contract Tower,2,8,20,0,30,0,4,129,0,133,2,12,149,0,163,96,0,96,259
05/24/2003,JVL,WI,AGL,CE,Federal Contract Tower,0,0,16,0,16,0,6,265,0,271,0,6,281,0,287,186,0,186,473
05/25/2003,JVL,WI,AGL,CE,Federal Contract Tower,0,5,8,0,13,0,1,126,0,127,0,6,134,0,140,52,0,52,192
05/26/2003,JVL,WI,AGL,CE,Federal Contract Tower,0,2,9,0,11,0,5,134,3,142,0,7,143,3,153,92,0,92,245
05/27/2003,JVL,WI,AGL,CE,Federal Contract Tower,0,19,7,0,26,0,1,101,0,102,0,20,108,0,128,52,0,52,180
05/28/2003,JVL,WI,AGL,CE,Federal Contract Tower,0,22,8,0,30,0,2,83,0,85,0,24,91,0,115,68,0,68,183
05/29/2003,JVL,WI,AGL,CE,Federal Contract Tower,1,13,7,0,21,0,0,77,0,77,1,13,84,0,98,98,0,98,196
05/30/2003,JVL,WI,AGL,CE,Federal Contract Tower,0,14,4,0,18,0,3,14,0,17,0,17,18,0,35,86,0,86,121
05/31/2003,JVL,WI,AGL,CE,Federal Contract Tower,0,4,12,0,16,0,0,27,4,31,0,4,39,4,47,60,0,60,107
06/01/2003,JVL,WI,AGL,CE,Federal Contract Tower,0,7,31,0,38,0,5,188,2,195,0,12,219,2,233,116,0,116,349
06/02/2003,JVL,WI,AGL,CE,Federal Contract Tower,0,9,8,0,17,0,5,119,0,124,0,14,127,0,141,184,0,184,325
06/03/2003,JVL,WI,AGL,CE,Federal Contract Tower,0,14,14,0,28,0,0,9,0,9,0,14,23,0,37,14,0,14,51
06/04/2003,JVL,WI,AGL,CE,Federal Contract Tower,0,9,5,0,14,0,0,193,0,193,0,9,198,0,207,88,0,88,295
06/05/2003,JVL,WI,AGL,CE,Federal Contract Tower,0,13,6,0,19,0,3,112,0,115,0,16,118,0,134,92,0,92,226
06/06/2003,JVL,WI,AGL,CE,Federal Contract Tower,0,19,9,0,28,0,0,88,0,88,0,19,97,0,116,68,0,68,184
06/07/2003,JVL,WI,AGL,CE,Federal Contract Tower,0,0,21,0,21,0,0,217,0,217,0,0,238,0,238,96,0,96,334
06/08/2003,JVL,WI,AGL,CE,Federal Contract Tower,0,2,11,0,13,0,1,11,0,12,0,3,22,0,25,2,0,2,27
06/09/2003,JVL,WI,AGL,CE,Federal Contract Tower,0,7,16,0,23,0,3,103,0,106,0,10,119,0,129,106,0,106,235
06/10/2003,JVL,WI,AGL,CE,Federal Contract Tower,0,13,0,0,13,0,0,19,0,19,0,13,19,0,32,14,0,14,46
06/11/2003,JVL,WI,AGL,CE,Federal Contract Tower,0,9,24,0,33,0,2,69,0,71,0,11,93,0,104,104,0,104,208
06/12/2003,JVL,WI,AGL,CE,Federal Contract Tower,0,8,22,0,30,0,4,179,0,183,0,12,201,0,213,92,0,92,305
06/13/2003,JVL,WI,AGL,CE,Federal Contract Tower,4,16,17,0,37,0,6,160,0,166,4,22,177,0,203,138,0,138,341
06/14/2003,JVL,WI,AGL,CE,Federal Contract Tower,0,6,24,0,30,0,0,147,0,147,0,6,171,0,177,168,0,168,345
06/15/2003,JVL,WI,AGL,CE,Federal Contract Tower,0,3,5,0,8,0,1,152,0,153,0,4,157,0,161,164,0,164,325
06/16/2003,JVL,WI,AGL,CE,Federal Contract Tower,0,19,6,0,25,0,7,78,0,85,0,26,84,0,110,134,0,134,244
06/17/2003,JVL,WI,AGL,CE,Federal Contract Tower,0,15,6,0,21,0,3,160,0,163,0,18,166,0,184,218,0,218,402
06/18/2003,JVL,WI,AGL,CE,Federal Contract Tower,0,6,4,0,10,0,4,78,0,82,0,10,82,0,92,60,0,60,152
06/19/2003,JVL,WI,AGL,CE,Federal Contract Tower,2,13,10,4,29,0,11,122,4,137,2,24,132,8,166,164,18,182,348
06/20/2003,JVL,WI,AGL,CE,Federal Contract Tower,1,16,6,0,23,0,3,158,0,161,1,19,164,0,184,246,0,246,430
06/21/2003,JVL,WI,AGL,CE,Federal Contract Tower,0,1,14,0,15,0,1,156,0,157,0,2,170,0,172,106,0,106,278
06/22/2003,JVL,WI,AGL,CE,Federal Contract Tower,0,6,3,0,9,0,4,210,0,214,0,10,213,0,223,112,0,112,335
06/23/2003,JVL,WI,AGL,CE,Federal Contract Tower,0,13,4,0,17,0,0,75,0,75,0,13,79,0,92,96,0,96,188
06/24/2003,JVL,WI,AGL,CE,Federal Contract Tower,2,7,4,0,13,0,1,84,0,85,2,8,88,0,98,152,0,152,250
06/25/2003,JVL,WI,AGL,CE,Federal Contract Tower,0,18,1,0,19,0,5,36,0,41,0,23,37,0,60,18,0,18,78
06/26/2003,JVL,WI,AGL,CE,Federal Contract Tower,0,13,6,0,19,0,1,23,0,24,0,14,29,0,43,24,0,24,67
06/27/2003,JVL,WI,AGL,CE,Federal Contract Tower,0,4,5,0,9,0,2,104,0,106,0,6,109,0,115,72,0,72,187
06/28/2003,JVL,WI,AGL,CE,Federal Contract Tower,0,3,13,0,16,0,0,45,0,45,0,3,58,0,61,54,0,54,115
06/29/2003,JVL,WI,AGL,CE,Federal Contract Tower,1,7,9,0,17,0,0,199,0,199,1,7,208,0,216,158,0,158,374
06/30/2003,JVL,WI,AGL,CE,Federal Contract Tower,3,8,7,0,18,0,2,137,0,139,3,10,144,0,157,104,0,104,261
07/01/2003,JVL,WI,AGL,CE,Federal Contract Tower,0,10,15,0,25,0,2,169,0,171,0,12,184,0,196,132,0,132,328
07/02/2003,JVL,WI,AGL,CE,Federal Contract Tower,0,9,9,0,18,0,3,80,0,83,0,12,89,0,101,168,0,168,269
07/03/2003,JVL,WI,AGL,CE,Federal Contract Tower,2,11,12,2,27,0,3,56,0,59,2,14,68,2,86,184,10,194,280
07/04/2003,JVL,WI,AGL,CE,Federal Contract Tower,0,6,0,0,6,0,0,38,0,38,0,6,38,0,44,94,0,94,138
07/05/2003,JVL,WI,AGL,CE,Federal Contract Tower,0,2,19,0,21,0,0,105,0,105,0,2,124,0,126,98,0,98,224
07/06/2003,JVL,WI,AGL,CE,Federal Contract Tower,0,0,5,0,5,0,0,32,0,32,0,0,37,0,37,92,0,92,129
07/07/2003,JVL,WI,AGL,CE,Federal Contract Tower,0,18,0,0,18,0,1,42,0,43,0,19,42,0,61,76,0,76,137
07/08/2003,JVL,WI,AGL,CE,Federal Contract Tower,0,11,1,0,12,0,3,2,0,5,0,14,3,0,17,0,0,0,17
07/09/2003,JVL,WI,AGL,CE,Federal Contract Tower,0,16,2,0,18,0,1,42,0,43,0,17,44,0,61,84,0,84,145
07/10/2003,JVL,WI,AGL,CE,Federal Contract Tower,0,24,19,0,43,0,9,132,0,141,0,33,151,0,184,94,0,94,278
07/11/2003,JVL,WI,AGL,CE,Federal Contract Tower,0,7,7,0,14,0,5,100,0,105,0,12,107,0,119,120,0,120,239
07/12/2003,JVL,WI,AGL,CE,Federal Contract Tower,0,4,11,0,15,0,2,288,0,290,0,6,299,0,305,176,0,176,481
07/13/2003,JVL,WI,AGL,CE,Federal Contract Tower,0,9,12,0,21,0,0,205,0,205,0,9,217,0,226,98,0,98,324
07/14/2003,JVL,WI,AGL,CE,Federal Contract Tower,0,11,3,0,14,0,0,100,0,100,0,11,103,0,114,30,0,30,144
07/15/2003,JVL,WI,AGL,CE,Federal Contract Tower,0,3,6,0,9,0,4,96,0,100,0,7,102,0,109,186,0,186,295
07/16/2003,JVL,WI,AGL,CE,Federal Contract Tower,2,9,5,0,16,0,13,154,0,167,2,22,159,0,183,190,0,190,373
07/17/2003,JVL,WI,AGL,CE,Federal Contract Tower,2,14,4,0,20,0,3,69,0,72,2,17,73,0,92,156,0,156,248
07/18/2003,JVL,WI,AGL,CE,Federal Contract Tower,0,16,15,0,31,0,0,75,0,75,0,16,90,0,106,138,0,138,244
07/19/2003,JVL,WI,AGL,CE,Federal Contract Tower,0,3,14,0,17,0,4,213,0,217,0,7,227,0,234,122,0,122,356
07/20/2003,JVL,WI,AGL,CE,Federal Contract Tower,2,8,14,0,24,0,0,104,0,104,2,8,118,0,128,68,0,68,196
07/21/2003,JVL,WI,AGL,CE,Federal Contract Tower,0,18,10,0,28,0,3,138,2,143,0,21,148,2,171,88,6,94,265
07/22/2003,JVL,WI,AGL,CE,Federal Contract Tower,2,20,15,0,37,0,0,74,0,74,2,20,89,0,111,128,0,128,239
07/23/2003,JVL,WI,AGL,CE,Federal Contract Tower,1,13,10,0,24,0,0,104,0,104,1,13,114,0,128,88,0,88,216
07/24/2003,JVL,WI,AGL,CE,Federal Contract Tower,2,18,12,0,32,0,7,102,0,109,2,25,114,0,141,152,0,152,293
07/25/2003,JVL,WI,AGL,CE,Federal Contract Tower,0,10,8,0,18,0,6,118,0,124,0,16,126,0,142,96,0,96,238
07/26/2003,JVL,WI,AGL,CE,Federal Contract Tower,0,2,14,0,16,0,6,145,0,151,0,8,159,0,167,112,0,112,279
07/27/2003,JVL,WI,AGL,CE,Federal Contract Tower,0,11,18,0,29,0,3,133,0,136,0,14,151,0,165,74,0,74,239
07/28/2003,JVL,WI,AGL,CE,Federal Contract Tower,0,12,11,0,23,0,0,91,0,91,0,12,102,0,114,182,0,182,296
07/29/2003,JVL,WI,AGL,CE,Federal Contract Tower,4,19,8,0,31,0,2,140,2,144,4,21,148,2,175,188,0,188,363
07/30/2003,JVL,WI,AGL,CE,Federal Contract Tower,0,23,1,0,24,0,1,138,0,139,0,24,139,0,163,180,0,180,343
07/31/2003,JVL,WI,AGL,CE,Federal Contract Tower,0,9,8,0,17,2,1,136,0,139,2,10,144,0,156,86,0,86,242
08/01/2003,JVL,WI,AGL,CE,Federal Contract Tower,2,12,8,0,22,0,1,84,0,85,2,13,92,0,107,168,0,168,275
08/02/2003,JVL,WI,AGL,CE,Federal Contract Tower,0,4,12,0,16,0,1,136,0,137,0,5,148,0,153,188,0,188,341
08/03/2003,JVL,WI,AGL,CE,Federal Contract Tower,0,6,6,0,12,0,0,114,0,114,0,6,120,0,126,164,0,164,290
08/04/2003,JVL,WI,AGL,CE,Federal Contract Tower,0,14,16,0,30,0,0,53,0,53,0,14,69,0,83,132,0,132,215
08/05/2003,JVL,WI,AGL,CE,Federal Contract Tower,0,5,8,0,13,0,2,104,0,106,0,7,112,0,119,152,0,152,271
08/06/2003,JVL,WI,AGL,CE,Federal Contract Tower,4,21,8,0,33,0,0,79,0,79,4,21,87,0,112,68,0,68,180
08/07/2003,JVL,WI,AGL,CE,Federal Contract Tower,0,16,9,0,25,0,3,52,0,55,0,19,61,0,80,112,0,112,192
08/08/2003,JVL,WI,AGL,CE,Federal Contract Tower,2,16,20,0,38,0,0,59,0,59,2,16,79,0,97,182,0,182,279
08/09/2003,JVL,WI,AGL,CE,Federal Contract Tower,0,5,9,0,14,0,0,140,0,140,0,5,149,0,154,172,0,172,326
08/10/2003,JVL,WI,AGL,CE,Federal Contract Tower,0,7,6,0,13,0,2,113,0,115,0,9,119,0,128,162,0,162,290
08/11/2003,JVL,WI,AGL,CE,Federal Contract Tower,0,28,10,0,38,0,0,23,0,23,0,28,33,0,61,75,0,75,136
08/12/2003,JVL,WI,AGL,CE,Federal Contract Tower,0,6,15,0,21,0,0,60,0,60,0,6,75,0,81,124,0,124,205
08/13/2003,JVL,WI,AGL,CE,Federal Contract Tower,0,13,9,0,22,0,4,110,0,114,0,17,119,0,136,166,0,166,302
08/14/2003,JVL,WI,AGL,CE,Federal Contract Tower,0,10,13,0,23,0,2,120,0,122,0,12,133,0,145,92,0,92,237
08/15/2003,JVL,WI,AGL,CE,Federal Contract Tower,4,26,14,0,44,1,5,117,0,123,5,31,131,0,167,140,0,140,307
08/16/2003,JVL,WI,AGL,CE,Federal Contract Tower,0,6,12,0,18,0,2,104,0,106,0,8,116,0,124,116,0,116,240
08/17/2003,JVL,WI,AGL,CE,Federal Contract Tower,0,4,8,0,12,0,0,135,0,135,0,4,143,0,147,102,0,102,249
08/18/2003,JVL,WI,AGL,CE,Federal Contract Tower,2,13,7,2,24,0,1,141,0,142,2,14,148,2,166,78,8,86,252
08/19/2003,JVL,WI,AGL,CE,Federal Contract Tower,2,20,10,0,32,0,0,129,0,129,2,20,139,0,161,82,0,82,243
08/20/2003,JVL,WI,AGL,CE,Federal Contract Tower,0,12,10,0,22,0,0,171,0,171,0,12,181,0,193,112,0,112,305
08/21/2003,JVL,WI,AGL,CE,Federal Contract Tower,0,14,4,0,18,0,0,67,0,67,0,14,71,0,85,106,0,106,191
08/22/2003,JVL,WI,AGL,CE,Federal Contract Tower,2,12,8,0,22,0,4,140,0,144,2,16,148,0,166,124,0,124,290
08/23/2003,JVL,WI,AGL,CE,Federal Contract Tower,0,2,9,0,11,0,3,169,0,172,0,5,178,0,183,168,0,168,351
08/24/2003,JVL,WI,AGL,CE,Federal Contract Tower,0,5,8,0,13,0,2,157,0,159,0,7,165,0,172,110,0,110,282
08/25/2003,JVL,WI,AGL,CE,Federal Contract Tower,0,11,3,0,14,0,6,39,0,45,0,17,42,0,59,62,0,62,121
08/26/2003,JVL,WI,AGL,CE,Federal Contract Tower,0,9,7,0,16,0,0,46,0,46,0,9,53,0,62,134,0,134,196
08/27/2003,JVL,WI,AGL,CE,Federal Contract Tower,2,10,14,0,26,0,2,104,0,106,2,12,118,0,132,52,0,52,184
08/28/2003,JVL,WI,AGL,CE,Federal Contract Tower,0,7,12,0,19,0,2,84,0,86,0,9,96,0,105,138,0,138,243
08/29/2003,JVL,WI,AGL,CE,Federal Contract Tower,0,12,15,0,27,0,2,80,0,82,0,14,95,0,109,172,0,172,281
08/30/2003,JVL,WI,AGL,CE,Federal Contract Tower,2,4,17,0,23,0,1,211,2,214,2,5,228,2,237,108,0,108,345
08/31/2003,JVL,WI,AGL,CE,Federal Contract Tower,0,7,12,0,19,0,0,148,0,148,0,7,160,0,167,88,0,88,255
09/01/2003,JVL,WI,AGL,CE,Federal Contract Tower,2,5,10,0,17,0,1,71,0,72,2,6,81,0,89,78,0,78,167
09/02/2003,JVL,WI,AGL,CE,Federal Contract Tower,0,13,11,0,24,0,1,83,0,84,0,14,94,0,108,96,0,96,204
09/03/2003,JVL,WI,AGL,CE,Federal Contract Tower,0,7,6,0,13,2,0,95,0,97,2,7,101,0,110,90,0,90,200
09/04/2003,JVL,WI,AGL,CE,Federal Contract Tower,0,12,8,0,20,0,7,96,0,103,0,19,104,0,123,148,0,148,271
09/05/2003,JVL,WI,AGL,CE,Federal Contract Tower,2,16,6,0,24,0,3,153,0,156,2,19,159,0,180,88,4,92,272
09/06/2003,JVL,WI,AGL,CE,Federal Contract Tower,0,9,8,0,17,0,4,179,0,183,0,13,187,0,200,74,0,74,274
09/07/2003,JVL,WI,AGL,CE,Federal Contract Tower,0,7,10,0,17,0,4,227,0,231,0,11,237,0,248,68,0,68,316
09/08/2003,JVL,WI,AGL,CE,Federal Contract Tower,2,9,2,0,13,0,2,80,0,82,2,11,82,0,95,104,0,104,199
09/09/2003,JVL,WI,AGL,CE,Federal Contract Tower,1,12,6,0,19,0,4,74,0,78,1,16,80,0,97,134,0,134,231
09/10/2003,JVL,WI,AGL,CE,Federal Contract Tower,1,26,9,0,36,0,5,55,0,60,1,31,64,0,96,124,0,124,220
09/11/2003,JVL,WI,AGL,CE,Federal Contract Tower,1,8,15,0,24,1,2,83,0,86,2,10,98,0,110,82,0,82,192
09/12/2003,JVL,WI,AGL,CE,Federal Contract Tower,2,30,3,0,35,0,9,22,0,31,2,39,25,0,66,28,0,28,94
09/13/2003,JVL,WI,AGL,CE,Federal Contract Tower,0,0,19,0,19,0,0,2,0,2,0,0,21,0,21,0,0,0,21
09/14/2003,JVL,WI,AGL,CE,Federal Contract Tower,2,6,21,0,29,0,5,61,0,66,2,11,82,0,95,70,0,70,165
09/15/2003,JVL,WI,AGL,CE,Federal Contract Tower,0,19,12,0,31,0,8,123,0,131,0,27,135,0,162,156,0,156,318
09/16/2003,JVL,WI,AGL,CE,Federal Contract Tower,0,13,10,0,23,0,1,102,0,103,0,14,112,0,126,102,0,102,228
09/17/2003,JVL,WI,AGL,CE,Federal Contract Tower,0,10,6,0,16,0,0,101,0,101,0,10,107,0,117,88,0,88,205
09/18/2003,JVL,WI,AGL,CE,Federal Contract Tower,2,29,10,0,41,0,3,132,0,135,2,32,142,0,176,112,0,112,288
09/19/2003,JVL,WI,AGL,CE,Federal Contract Tower,0,26,12,0,38,0,0,55,0,55,0,26,67,0,93,108,0,108,201
09/20/2003,JVL,WI,AGL,CE,Federal Contract Tower,0,5,8,0,13,0,0,144,0,144,0,5,152,0,157,92,0,92,249
09/21/2003,JVL,WI,AGL,CE,Federal Contract Tower,0,7,14,0,21,0,2,188,0,190,0,9,202,0,211,106,0,106,317
09/22/2003,JVL,WI,AGL,CE,Federal Contract Tower,2,15,12,0,29,0,5,43,0,48,2,20,55,0,77,82,0,82,159
09/23/2003,JVL,WI,AGL,CE,Federal Contract Tower,2,12,9,0,23,0,7,87,0,94,2,19,96,0,117,104,0,104,221
09/24/2003,JVL,WI,AGL,CE,Federal Contract Tower,0,14,9,0,23,0,0,36,0,36,0,14,45,0,59,96,0,96,155
09/25/2003,JVL,WI,AGL,CE,Federal Contract Tower,2,11,12,0,25,0,0,119,0,119,2,11,131,0,144,98,0,98,242
09/26/2003,JVL,WI,AGL,CE,Federal Contract Tower,0,7,0,4,11,0,2,50,6,58,0,9,50,10,69,196,48,244,313
09/27/2003,JVL,WI,AGL,CE,Federal Contract Tower,1,2,2,1,6,0,0,81,3,84,1,2,83,4,90,254,30,284,374
09/28/2003,JVL,WI,AGL,CE,Federal Contract Tower,4,8,1,2,15,0,4,62,3,69,4,12,63,5,84,276,2,278,362
09/29/2003,JVL,WI,AGL,CE,Federal Contract Tower,5,16,9,1,31,0,4,108,1,113,5,20,117,2,144,130,4,134,278
09/30/2003,JVL,WI,AGL,CE,Federal Contract Tower,0,13,7,1,21,0,2,54,2,58,0,15,61,3,79,142,4,146,225
10/01/2003,JVL,WI,AGL,CE,Federal Contract Tower,2,7,9,0,18,3,0,77,0,80,5,7,86,0,98,54,0,54,152
10/02/2003,JVL,WI,AGL,CE,Federal Contract Tower,0,10,10,0,20,0,0,93,0,93,0,10,103,0,113,58,0,58,171
10/03/2003,JVL,WI,AGL,CE,Federal Contract Tower,2,9,8,0,19,0,1,22,0,23,2,10,30,0,42,94,0,94,136
10/04/2003,JVL,WI,AGL,CE,Federal Contract Tower,0,7,8,0,15,0,0,171,0,171,0,7,179,0,186,128,0,128,314
10/05/2003,JVL,WI,AGL,CE,Federal Contract Tower,0,10,11,0,21,0,0,243,0,243,0,10,254,0,264,132,0,132,396
10/06/2003,JVL,WI,AGL,CE,Federal Contract Tower,0,9,7,0,16,0,1,167,0,168,0,10,174,0,184,182,0,182,366
10/07/2003,JVL,WI,AGL,CE,Federal Contract Tower,2,11,8,0,21,0,6,153,0,159,2,17,161,0,180,70,0,70,250
10/08/2003,JVL,WI,AGL,CE,Federal Contract Tower,2,15,11,0,28,1,0,110,0,111,3,15,121,0,139,68,0,68,207
10/09/2003,JVL,WI,AGL,CE,Federal Contract Tower,0,9,8,0,17,0,9,101,0,110,0,18,109,0,127,202,0,202,329
10/10/2003,JVL,WI,AGL,CE,Federal Contract Tower,0,20,15,0,35,0,1,125,0,126,0,21,140,0,161,160,0,160,321
10/11/2003,JVL,WI,AGL,CE,Federal Contract Tower,0,11,13,0,24,0,0,105,0,105,0,11,118,0,129,92,0,92,221
10/12/2003,JVL,WI,AGL,CE,Federal Contract Tower,0,12,10,0,22,0,3,163,0,166,0,15,173,0,188,120,0,120,308
10/13/2003,JVL,WI,AGL,CE,Federal Contract Tower,1,10,8,0,19,5,6,95,0,106,6,16,103,0,125,106,0,106,231
10/14/2003,JVL,WI,AGL,CE,Federal Contract Tower,1,11,7,0,19,1,3,52,0,56,2,14,59,0,75,26,0,26,101
10/15/2003,JVL,WI,AGL,CE,Federal Contract Tower,0,16,11,0,27,0,12,85,0,97,0,28,96,0,124,102,0,102,226
10/16/2003,JVL,WI,AGL,CE,Federal Contract Tower,1,15,10,0,26,1,6,117,0,124,2,21,127,0,150,112,0,112,262
10/17/2003,JVL,WI,AGL,CE,Federal Contract Tower,0,11,7,0,18,0,6,110,0,116,0,17,117,0,134,112,0,112,246
10/18/2003,JVL,WI,AGL,CE,Federal Contract Tower,0,15,11,0,26,0,3,168,0,171,0,18,179,0,197,78,0,78,275
10/19/2003,JVL,WI,AGL,CE,Federal Contract Tower,0,10,9,0,19,0,0,180,0,180,0,10,189,0,199,118,0,118,317
10/20/2003,JVL,WI,AGL,CE,Federal Contract Tower,0,8,6,0,14,2,0,81,0,83,2,8,87,0,97,128,0,128,225
10/21/2003,JVL,WI,AGL,CE,Federal Contract Tower,0,11,7,0,18,0,1,89,0,90,0,12,96,0,108,102,0,102,210
10/22/2003,JVL,WI,AGL,CE,Federal Contract Tower,0,8,6,0,14,0,2,95,0,97,0,10,101,0,111,68,0,68,179
10/23/2003,JVL,WI,AGL,CE,Federal Contract Tower,0,8,5,0,13,0,1,85,0,86,0,9,90,0,99,136,0,136,235
10/24/2003,JVL,WI,AGL,CE,Federal Contract Tower,0,11,8,0,19,0,11,106,0,117,0,22,114,0,136,122,0,122,258
10/25/2003,JVL,WI,AGL,CE,Federal Contract Tower,0,13,11,0,24,0,0,176,0,176,0,13,187,0,200,154,0,154,354
10/26/2003,JVL,WI,AGL,CE,Federal Contract Tower,1,19,14,0,34,1,1,88,0,90,2,20,102,0,124,68,0,68,192
10/27/2003,JVL,WI,AGL,CE,Federal Contract Tower,0,10,8,0,18,0,6,76,0,82,0,16,84,0,100,206,0,206,306
10/28/2003,JVL,WI,AGL,CE,Federal Contract Tower,0,12,9,0,21,0,3,60,0,63,0,15,69,0,84,92,0,92,176
10/29/2003,JVL,WI,AGL,CE,Federal Contract Tower,1,11,8,0,20,1,7,139,0,147,2,18,147,0,167,96,0,96,263
10/30/2003,JVL,WI,AGL,CE,Federal Contract Tower,1,12,9,0,22,1,7,86,0,94,2,19,95,0,116,166,0,166,282
10/31/2003,JVL,WI,AGL,CE,Federal Contract Tower,2,18,17,0,37,3,0,24,0,27,5,18,41,0,64,40,0,40,104
11/01/2003,JVL,WI,AGL,CE,Federal Contract Tower,0,4,14,0,18,0,0,0,2,2,0,4,14,2,20,88,0,88,108
11/02/2003,JVL,WI,AGL,CE,Federal Contract Tower,1,10,8,0,19,0,3,0,0,3,1,13,8,0,22,0,0,0,22
11/03/2003,JVL,WI,AGL,CE,Federal Contract Tower,0,6,4,0,10,0,2,0,0,2,0,8,4,0,12,0,0,0,12
11/04/2003,JVL,WI,AGL,CE,Federal Contract Tower,0,10,6,0,16,0,8,0,0,8,0,18,6,0,24,0,0,0,24
11/05/2003,JVL,WI,AGL,CE,Federal Contract Tower,0,12,11,0,23,0,4,12,0,16,0,16,23,0,39,104,0,104,143
11/06/2003,JVL,WI,AGL,CE,Federal Contract Tower,0,8,8,0,16,0,2,108,0,110,0,10,116,0,126,98,0,98,224
11/07/2003,JVL,WI,AGL,CE,Federal Contract Tower,0,9,9,0,18,0,8,129,0,137,0,17,138,0,155,86,0,86,241
11/08/2003,JVL,WI,AGL,CE,Federal Contract Tower,0,11,18,0,29,0,0,235,0,235,0,11,253,0,264,62,0,62,326
11/09/2003,JVL,WI,AGL,CE,Federal Contract Tower,0,6,7,0,13,0,1,194,0,195,0,7,201,0,208,58,0,58,266
11/10/2003,JVL,WI,AGL,CE,Federal Contract Tower,0,11,12,0,23,0,6,49,0,55,0,17,61,0,78,66,0,66,144
11/11/2003,JVL,WI,AGL,CE,Federal Contract Tower,0,16,16,0,32,2,5,8,0,15,2,21,24,0,47,10,0,10,57
11/12/2003,JVL,WI,AGL,CE,Federal Contract Tower,0,6,2,0,8,2,5,0,0,7,2,11,2,0,15,18,0,18,33
11/13/2003,JVL,WI,AGL,CE,Federal Contract Tower,0,8,8,1,17,0,10,28,3,41,0,18,36,4,58,30,0,30,88
11/14/2003,JVL,WI,AGL,CE,Federal Contract Tower,0,7,6,0,13,0,10,64,0,74,0,17,70,0,87,90,0,90,177
11/15/2003,JVL,WI,AGL,CE,Federal Contract Tower,0,6,13,0,19,0,0,21,0,21,0,6,34,0,40,0,0,0,40
11/16/2003,JVL,WI,AGL,CE,Federal Contract Tower,0,11,11,0,22,0,4,14,0,18,0,15,25,0,40,0,0,0,40
11/17/2003,JVL,WI,AGL,CE,Federal Contract Tower,0,12,16,0,28,0,0,51,0,51,0,12,67,0,79,66,0,66,145
11/18/2003,JVL,WI,AGL,CE,Federal Contract Tower,0,10,8,0,18,1,6,1,0,8,1,16,9,0,26,46,0,46,72
11/19/2003,JVL,WI,AGL,CE,Federal Contract Tower,0,8,7,0,15,0,10,103,4,117,0,18,110,4,132,118,2,120,252
11/20/2003,JVL,WI,AGL,CE,Federal Contract Tower,0,17,15,0,32,0,11,102,0,113,0,28,117,0,145,80,0,80,225
11/21/2003,JVL,WI,AGL,CE,Federal Contract Tower,0,12,11,0,23,0,12,111,0,123,0,24,122,0,146,52,0,52,198
11/22/2003,JVL,WI,AGL,CE,Federal Contract Tower,0,3,14,0,17,0,0,31,0,31,0,3,45,0,48,10,0,10,58
11/23/2003,JVL,WI,AGL,CE,Federal Contract Tower,0,3,2,0,5,0,0,2,0,2,0,3,4,0,7,0,0,0,7
11/24/2003,JVL,WI,AGL,CE,Federal Contract Tower,0,10,8,0,18,0,25,12,0,37,0,35,20,0,55,2,0,2,57
11/25/2003,JVL,WI,AGL,CE,Federal Contract Tower,0,15,13,0,28,0,53,39,2,94,0,68,52,2,122,120,0,120,242
11/26/2003,JVL,WI,AGL,CE,Federal Contract Tower,0,13,12,0,25,0,7,139,0,146,0,20,151,0,171,94,0,94,265
11/27/2003,JVL,WI,AGL,CE,Federal Contract Tower,0,3,0,0,3,0,1,0,0,1,0,4,0,0,4,0,0,0,4
11/28/2003,JVL,WI,AGL,CE,Federal Contract Tower,0,2,5,0,7,0,0,9,0,9,0,2,14,0,16,84,0,84,100
11/29/2003,JVL,WI,AGL,CE,Federal Contract Tower,0,2,21,0,23,0,0,133,0,133,0,2,154,0,156,62,0,62,218
11/30/2003,JVL,WI,AGL,CE,Federal Contract Tower,0,11,10,0,21,0,2,337,0,339,0,13,347,0,360,32,0,32,392
12/01/2003,JVL,WI,AGL,CE,Federal Contract Tower,0,7,5,0,12,0,3,26,0,29,0,10,31,0,41,38,0,38,79
12/02/2003,JVL,WI,AGL,CE,Federal Contract Tower,0,12,9,0,21,0,3,110,0,113,0,15,119,0,134,122,0,122,256
12/03/2003,JVL,WI,AGL,CE,Federal Contract Tower,0,12,10,0,22,0,5,65,0,70,0,17,75,0,92,66,0,66,158
12/04/2003,JVL,WI,AGL,CE,Federal Contract Tower,0,16,10,0,26,0,1,31,0,32,0,17,41,0,58,92,0,92,150
12/05/2003,JVL,WI,AGL,CE,Federal Contract Tower,0,11,7,0,18,0,1,47,0,48,0,12,54,0,66,104,0,104,170
12/06/2003,JVL,WI,AGL,CE,Federal Contract Tower,0,12,14,0,26,0,0,71,0,71,0,12,85,0,97,112,0,112,209
12/07/2003,JVL,WI,AGL,CE,Federal Contract Tower,0,19,12,0,31,0,5,192,0,197,0,24,204,0,228,96,0,96,324
12/08/2003,JVL,WI,AGL,CE,Federal Contract Tower,0,9,7,0,16,0,13,81,0,94,0,22,88,0,110,92,0,92,202
12/09/2003,JVL,WI,AGL,CE,Federal Contract Tower,0,6,3,0,9,0,0,0,0,0,0,6,3,0,9,0,0,0,9
12/10/2003,JVL,WI,AGL,CE,Federal Contract Tower,0,8,0,0,8,0,5,0,0,5,0,13,0,0,13,0,0,0,13
12/11/2003,JVL,WI,AGL,CE,Federal Contract Tower,0,13,8,0,21,0,4,36,0,40,0,17,44,0,61,94,0,94,155
12/12/2003,JVL,WI,AGL,CE,Federal Contract Tower,0,16,10,0,26,0,6,88,0,94,0,22,98,0,120,78,0,78,198
12/13/2003,JVL,WI,AGL,CE,Federal Contract Tower,0,6,6,0,12,0,0,261,0,261,0,6,267,0,273,60,0,60,333
12/14/2003,JVL,WI,AGL,CE,Federal Contract Tower,0,10,6,0,16,0,1,20,0,21,0,11,26,0,37,34,0,34,71
12/15/2003,JVL,WI,AGL,CE,Federal Contract Tower,0,8,0,0,8,0,5,0,0,5,0,13,0,0,13,0,0,0,13
12/16/2003,JVL,WI,AGL,CE,Federal Contract Tower,0,11,6,0,17,3,4,14,0,21,3,15,20,0,38,4,0,4,42
12/17/2003,JVL,WI,AGL,CE,Federal Contract Tower,0,12,7,0,19,0,4,12,0,16,0,16,19,0,35,36,0,36,71
12/18/2003,JVL,WI,AGL,CE,Federal Contract Tower,0,20,13,0,33,2,0,6,0,8,2,20,19,0,41,48,0,48,89
12/19/2003,JVL,WI,AGL,CE,Federal Contract Tower,0,19,12,0,31,0,6,43,0,49,0,25,55,0,80,40,0,40,120
12/20/2003,JVL,WI,AGL,CE,Federal Contract Tower,0,0,0,0,0,0,12,240,0,252,0,12,240,0,252,124,0,124,376
12/21/2003,JVL,WI,AGL,CE,Federal Contract Tower,0,6,3,0,9,0,1,125,0,126,0,7,128,0,135,96,0,96,231
12/22/2003,JVL,WI,AGL,CE,Federal Contract Tower,0,2,1,0,3,0,2,126,0,128,0,4,127,0,131,96,0,96,227
12/23/2003,JVL,WI,AGL,CE,Federal Contract Tower,0,7,5,0,12,0,0,22,0,22,0,7,27,0,34,60,0,60,94
12/24/2003,JVL,WI,AGL,CE,Federal Contract Tower,0,2,1,0,3,0,0,22,0,22,0,2,23,0,25,50,0,50,75
12/25/2003,JVL,WI,AGL,CE,Federal Contract Tower,0,2,1,0,3,0,0,15,0,15,0,2,16,0,18,4,0,4,22
12/26/2003,JVL,WI,AGL,CE,Federal Contract Tower,0,6,3,0,9,0,0,183,0,183,0,6,186,0,192,116,0,116,308
12/27/2003,JVL,WI,AGL,CE,Federal Contract Tower,0,5,8,0,13,2,0,124,0,126,2,5,132,0,139,92,0,92,231
12/28/2003,JVL,WI,AGL,CE,Federal Contract Tower,0,10,6,0,16,0,3,30,0,33,0,13,36,0,49,0,0,0,49
12/29/2003,JVL,WI,AGL,CE,Federal Contract Tower,0,0,0,0,0,0,1,105,0,106,0,1,105,0,106,60,0,60,166
12/30/2003,JVL,WI,AGL,CE,Federal Contract Tower,0,0,0,0,0,0,9,217,0,226,0,9,217,0,226,98,0,98,324
12/31/2003,JVL,WI,AGL,CE,Federal Contract Tower,0,0,0,0,0,0,0,86,0,86,0,0,86,0,86,52,0,52,138
01/01/2004,JVL,WI,AGL,CE,Federal Contract Tower,0,2,4,0,6,0,0,27,0,27,0,2,31,0,33,90,0,90,123
01/02/2004,JVL,WI,AGL,CE,Federal Contract Tower,0,8,8,0,16,0,0,27,0,27,0,8,35,0,43,48,0,48,91
01/03/2004,JVL,WI,AGL,CE,Federal Contract Tower,0,2,11,0,13,0,0,197,0,197,0,2,208,0,210,102,0,102,312
01/04/2004,JVL,WI,AGL,CE,Federal Contract Tower,0,4,5,0,9,0,5,1,0,6,0,9,6,0,15,88,0,88,103
01/05/2004,JVL,WI,AGL,CE,Federal Contract Tower,0,8,8,0,16,0,10,20,0,30,0,18,28,0,46,60,0,60,106
01/06/2004,JVL,WI,AGL,CE,Federal Contract Tower,0,6,6,0,12,0,10,55,0,65,0,16,61,0,77,58,0,58,135
01/07/2004,JVL,WI,AGL,CE,Federal Contract Tower,0,11,9,0,20,0,4,73,0,77,0,15,82,0,97,156,0,156,253
01/08/2004,JVL,WI,AGL,CE,Federal Contract Tower,0,7,7,0,14,0,8,81,0,89,0,15,88,0,103,86,0,86,189
01/09/2004,JVL,WI,AGL,CE,Federal Contract Tower,0,8,7,0,15,0,1,36,0,37,0,9,43,0,52,26,0,26,78
01/10/2004,JVL,WI,AGL,CE,Federal Contract Tower,0,3,10,0,13,0,0,83,0,83,0,3,93,0,96,110,0,110,206
01/11/2004,JVL,WI,AGL,CE,Federal Contract Tower,0,7,6,0,13,0,0,92,0,92,0,7,98,0,105,56,0,56,161
01/12/2004,JVL,WI,AGL,CE,Federal Contract Tower,0,11,7,0,18,0,9,13,0,22,0,20,20,0,40,24,0,24,64
01/13/2004,JVL,WI,AGL,CE,Federal Contract Tower,0,9,6,0,15,2,3,68,0,73,2,12,74,0,88,68,0,68,156
01/14/2004,JVL,WI,AGL,CE,Federal Contract Tower,0,6,5,0,11,0,0,33,0,33,0,6,38,0,44,76,0,76,120
01/15/2004,JVL,WI,AGL,CE,Federal Contract Tower,0,18,14,0,32,0,6,65,0,71,0,24,79,0,103,48,0,48,151
01/16/2004,JVL,WI,AGL,CE,Federal Contract Tower,0,17,12,0,29,0,8,75,0,83,0,25,87,0,112,102,0,102,214
01/17/2004,JVL,WI,AGL,CE,Federal Contract Tower,0,4,2,0,6,0,1,0,0,1,0,5,2,0,7,0,0,0,7
01/18/2004,JVL,WI,AGL,CE,Federal Contract Tower,0,8,5,0,13,0,2,76,0,78,0,10,81,0,91,24,0,24,115
01/19/2004,JVL,WI,AGL,CE,Federal Contract Tower,0,8,5,0,13,0,10,87,0,97,0,18,92,0,110,70,0,70,180
01/20/2004,JVL,WI,AGL,CE,Federal Contract Tower,0,8,6,0,14,0,2,63,0,65,0,10,69,0,79,20,0,20,99
01/21/2004,JVL,WI,AGL,CE,Federal Contract Tower,0,4,3,0,7,0,6,27,2,35,0,10,30,2,42,44,0,44,86
01/22/2004,JVL,WI,AGL,CE,Federal Contract Tower,0,11,7,0,18,0,7,38,0,45,0,18,45,0,63,20,0,20,83
01/23/2004,JVL,WI,AGL,CE,Federal Contract Tower,0,8,6,0,14,0,6,4,0,10,0,14,10,0,24,6,0,6,30
01/24/2004,JVL,WI,AGL,CE,Federal Contract Tower,0,0,6,0,6,0,0,149,0,149,0,0,155,0,155,50,0,50,205
01/25/2004,JVL,WI,AGL,CE,Federal Contract Tower,0,6,4,0,10,0,6,89,0,95,0,12,93,0,105,76,0,76,181
01/26/2004,JVL,WI,AGL,CE,Federal Contract Tower,0,6,4,0,10,0,0,11,0,11,0,6,15,0,21,0,0,0,21
01/27/2004,JVL,WI,AGL,CE,Federal Contract Tower,0,8,5,0,13,0,0,47,0,47,0,8,52,0,60,60,0,60,120
01/28/2004,JVL,WI,AGL,CE,Federal Contract Tower,0,12,9,0,21,2,0,31,0,33,2,12,40,0,54,82,0,82,136
01/29/2004,JVL,WI,AGL,CE,Federal Contract Tower,0,4,3,0,7,0,3,3,0,6,0,7,6,0,13,12,0,12,25
01/30/2004,JVL,WI,AGL,CE,Federal Contract Tower,0,7,4,0,11,2,3,25,0,30,2,10,29,0,41,24,0,24,65
01/31/2004,JVL,WI,AGL,CE,Federal Contract Tower,0,7,9,0,16,0,0,135,0,135,0,7,144,0,151,28,0,28,179
02/01/2004,JVL,WI,AGL,CE,Federal Contract Tower,0,9,10,0,19,0,1,127,0,128,0,10,137,0,147,94,0,94,241
02/02/2004,JVL,WI,AGL,CE,Federal Contract Tower,0,5,3,0,8,0,2,14,0,16,0,7,17,0,24,62,0,62,86
02/03/2004,JVL,WI,AGL,CE,Federal Contract Tower,0,2,0,0,2,0,2,20,0,22,0,4,20,0,24,4,0,4,28
02/04/2004,JVL,WI,AGL,CE,Federal Contract Tower,0,3,3,0,6,0,9,53,0,62,0,12,56,0,68,162,0,162,230
02/05/2004,JVL,WI,AGL,CE,Federal Contract Tower,0,5,5,0,10,0,11,51,0,62,0,16,56,0,72,40,0,40,112
02/06/2004,JVL,WI,AGL,CE,Federal Contract Tower,0,4,5,0,9,0,6,13,0,19,0,10,18,0,28,40,0,40,68
02/07/2004,JVL,WI,AGL,CE,Federal Contract Tower,0,4,8,0,12,0,0,59,0,59,0,4,67,0,71,58,0,58,129
02/08/2004,JVL,WI,AGL,CE,Federal Contract Tower,0,10,18,0,28,0,0,19,0,19,0,10,37,0,47,26,0,26,73
02/09/2004,JVL,WI,AGL,CE,Federal Contract Tower,0,6,8,0,14,0,3,40,0,43,0,9,48,0,57,76,0,76,133
02/10/2004,JVL,WI,AGL,CE,Federal Contract Tower,0,8,9,0,17,0,9,88,0,97,0,17,97,0,114,58,0,58,172
02/11/2004,JVL,WI,AGL,CE,Federal Contract Tower,0,8,8,0,16,2,2,54,0,58,2,10,62,0,74,40,0,40,114
02/12/2004,JVL,WI,AGL,CE,Federal Contract Tower,0,7,9,0,16,0,0,53,0,53,0,7,62,0,69,90,0,90,159
02/13/2004,JVL,WI,AGL,CE,Federal Contract Tower,0,12,15,0,27,0,9,45,0,54,0,21,60,0,81,58,0,58,139
02/14/2004,JVL,WI,AGL,CE,Federal Contract Tower,0,0,9,0,9,0,0,176,0,176,0,0,185,0,185,80,0,80,265
02/15/2004,JVL,WI,AGL,CE,Federal Contract Tower,0,4,11,0,15,0,0,155,0,155,0,4,166,0,170,68,0,68,238
02/16/2004,JVL,WI,AGL,CE,Federal Contract Tower,0,9,12,0,21,0,0,77,0,77,0,9,89,0,98,62,0,62,160
02/17/2004,JVL,WI,AGL,CE,Federal Contract Tower,0,9,11,0,20,2,12,48,0,62,2,21,59,0,82,122,0,122,204
02/18/2004,JVL,WI,AGL,CE,Federal Contract Tower,0,9,12,0,21,1,6,61,0,68,1,15,73,0,89,192,0,192,281
02/19/2004,JVL,WI,AGL,CE,Federal Contract Tower,0,19,23,0,42,0,1,39,0,40,0,20,62,0,82,96,0,96,178
02/20/2004,JVL,WI,AGL,CE,Federal Contract Tower,0,6,7,0,13,0,2,5,0,7,0,8,12,0,20,30,0,30,50
02/21/2004,JVL,WI,AGL,CE,Federal Contract Tower,0,4,9,0,13,0,0,81,2,83,0,4,90,2,96,106,0,106,202
02/22/2004,JVL,WI,AGL,CE,Federal Contract Tower,0,10,13,0,23,0,0,149,0,149,0,10,162,0,172,176,0,176,348
02/23/2004,JVL,WI,AGL,CE,Federal Contract Tower,0,5,6,0,11,2,4,12,0,18,2,9,18,0,29,40,0,40,69
02/24/2004,JVL,WI,AGL,CE,Federal Contract Tower,0,6,9,0,15,0,6,15,2,23,0,12,24,2,38,70,0,70,108
02/25/2004,JVL,WI,AGL,CE,Federal Contract Tower,0,12,15,0,27,4,4,72,4,84,4,16,87,4,111,118,2,120,231
02/26/2004,JVL,WI,AGL,CE,Federal Contract Tower,0,17,21,0,38,2,6,181,2,191,2,23,202,2,229,106,0,106,335
02/27/2004,JVL,WI,AGL,CE,Federal Contract Tower,0,10,12,0,22,0,5,170,0,175,0,15,182,0,197,112,0,112,309
02/28/2004,JVL,WI,AGL,CE,Federal Contract Tower,0,7,14,0,21,0,0,233,0,233,0,7,247,0,254,130,0,130,384
02/29/2004,JVL,WI,AGL,CE,Federal Contract Tower,0,9,12,0,21,0,2,186,0,188,0,11,198,0,209,122,0,122,331
03/01/2004,JVL,WI,AGL,CE,Federal Contract Tower,0,2,2,0,4,0,3,0,0,3,0,5,2,0,7,0,0,0,7
03/02/2004,JVL,WI,AGL,CE,Federal Contract Tower,0,17,16,0,33,0,3,20,0,23,0,20,36,0,56,54,0,54,110
03/03/2004,JVL,WI,AGL,CE,Federal Contract Tower,0,8,7,0,15,0,1,44,0,45,0,9,51,0,60,82,0,82,142
03/04/2004,JVL,WI,AGL,CE,Federal Contract Tower,0,8,7,0,15,0,7,3,0,10,0,15,10,0,25,50,0,50,75
03/05/2004,JVL,WI,AGL,CE,Federal Contract Tower,0,9,9,0,18,0,9,1,0,10,0,18,10,0,28,80,0,80,108
03/06/2004,JVL,WI,AGL,CE,Federal Contract Tower,0,6,13,0,19,0,0,128,0,128,0,6,141,0,147,80,0,80,227
03/07/2004,JVL,WI,AGL,CE,Federal Contract Tower,0,5,5,0,10,0,2,35,0,37,0,7,40,0,47,10,0,10,57
03/08/2004,JVL,WI,AGL,CE,Federal Contract Tower,0,6,5,0,11,0,12,68,2,82,0,18,73,2,93,84,0,84,177
03/09/2004,JVL,WI,AGL,CE,Federal Contract Tower,0,9,9,0,18,0,3,66,0,69,0,12,75,0,87,154,0,154,241
03/10/2004,JVL,WI,AGL,CE,Federal Contract Tower,0,9,8,0,17,0,5,58,0,63,0,14,66,0,80,90,0,90,170
03/11/2004,JVL,WI,AGL,CE,Federal Contract Tower,0,4,4,0,8,0,5,3,0,8,0,9,7,0,16,16,0,16,32
03/12/2004,JVL,WI,AGL,CE,Federal Contract Tower,0,17,16,0,33,0,4,113,0,117,0,21,129,0,150,176,0,176,326
03/13/2004,JVL,WI,AGL,CE,Federal Contract Tower,0,3,3,0,6,0,0,193,0,193,0,3,196,0,199,108,0,108,307
03/14/2004,JVL,WI,AGL,CE,Federal Contract Tower,0,7,5,0,12,0,4,6,0,10,0,11,11,0,22,2,0,2,24
03/15/2004,JVL,WI,AGL,CE,Federal Contract Tower,0,5,5,0,10,0,0,50,0,50,0,5,55,0,60,56,0,56,116
03/16/2004,JVL,WI,AGL,CE,Federal Contract Tower,0,15,14,0,29,2,4,92,2,100,2,19,106,2,129,146,0,146,275
03/17/2004,JVL,WI,AGL,CE,Federal Contract Tower,0,8,7,0,15,0,6,12,2,20,0,14,19,2,35,88,0,88,123
03/18/2004,JVL,WI,AGL,CE,Federal Contract Tower,0,8,6,0,14,0,5,6,0,11,0,13,12,0,25,86,0,86,111
03/19/2004,JVL,WI,AGL,CE,Federal Contract Tower,0,14,12,0,26,0,2,118,2,122,0,16,130,2,148,174,0,174,322
03/20/2004,JVL,WI,AGL,CE,Federal Contract Tower,0,4,5,0,9,0,0,112,0,112,0,4,117,0,121,52,0,52,173
03/21/2004,JVL,WI,AGL,CE,Federal Contract Tower,0,14,15,0,29,0,0,157,0,157,0,14,172,0,186,86,0,86,272
03/22/2004,JVL,WI,AGL,CE,Federal Contract Tower,0,12,12,0,24,4,0,114,0,118,4,12,126,0,142,136,0,136,278
03/23/2004,JVL,WI,AGL,CE,Federal Contract Tower,0,17,16,0,33,1,3,146,0,150,1,20,162,0,183,110,0,110,293
03/24/2004,JVL,WI,AGL,CE,Federal Contract Tower,0,3,6,0,9,5,0,19,0,24,5,3,25,0,33,85,0,85,118
03/25/2004,JVL,WI,AGL,CE,Federal Contract Tower,0,15,15,0,30,0,0,10,0,10,0,15,25,0,40,78,0,78,118
03/26/2004,JVL,WI,AGL,CE,Federal Contract Tower,0,9,13,0,22,0,0,75,0,75,0,9,88,0,97,128,0,128,225
03/27/2004,JVL,WI,AGL,CE,Federal Contract Tower,0,5,13,0,18,0,0,37,0,37,0,5,50,0,55,24,0,24,79
03/28/2004,JVL,WI,AGL,CE,Federal Contract Tower,0,9,7,0,16,0,4,40,0,44,0,13,47,0,60,60,0,60,120
03/29/2004,JVL,WI,AGL,CE,Federal Contract Tower,0,13,12,0,25,0,1,148,0,149,0,14,160,0,174,96,0,96,270
03/30/2004,JVL,WI,AGL,CE,Federal Contract Tower,0,13,12,0,25,0,6,29,0,35,0,19,41,0,60,196,0,196,256
03/31/2004,JVL,WI,AGL,CE,Federal Contract Tower,0,12,11,0,23,0,2,42,2,46,0,14,53,2,69,86,0,86,155
04/01/2004,JVL,WI,AGL,CE,Federal Contract Tower,0,10,11,0,21,0,1,184,0,185,0,11,195,0,206,294,0,294,500
04/02/2004,JVL,WI,AGL,CE,Federal Contract Tower,1,13,14,0,28,3,4,195,4,206,4,17,209,4,234,352,28,380,614
04/03/2004,JVL,WI,AGL,CE,Federal Contract Tower,0,3,13,0,16,0,0,165,0,165,0,3,178,0,181,208,0,208,389
04/04/2004,JVL,WI,AGL,CE,Federal Contract Tower,0,9,10,0,19,0,1,185,0,186,0,10,195,0,205,242,0,242,447
04/05/2004,JVL,WI,AGL,CE,Federal Contract Tower,0,7,11,0,18,0,0,170,0,170,0,7,181,0,188,186,0,186,374
04/06/2004,JVL,WI,AGL,CE,Federal Contract Tower,0,6,9,0,15,0,0,97,0,97,0,6,106,0,112,158,0,158,270
04/07/2004,JVL,WI,AGL,CE,Federal Contract Tower,0,7,7,0,14,0,1,134,0,135,0,8,141,0,149,102,0,102,251
04/08/2004,JVL,WI,AGL,CE,Federal Contract Tower,0,10,12,0,22,0,0,78,0,78,0,10,90,0,100,142,0,142,242
04/09/2004,JVL,WI,AGL,CE,Federal Contract Tower,0,5,6,0,11,0,2,112,0,114,0,7,118,0,125,142,0,142,267
04/10/2004,JVL,WI,AGL,CE,Federal Contract Tower,0,4,13,0,17,0,0,175,0,175,0,4,188,0,192,192,0,192,384
04/11/2004,JVL,WI,AGL,CE,Federal Contract Tower,0,3,8,0,11,0,0,52,0,52,0,3,60,0,63,90,0,90,153
04/12/2004,JVL,WI,AGL,CE,Federal Contract Tower,0,6,8,0,14,0,3,54,0,57,0,9,62,0,71,96,0,96,167
04/13/2004,JVL,WI,AGL,CE,Federal Contract Tower,0,8,10,0,18,0,2,53,0,55,0,10,63,0,73,86,0,86,159
04/14/2004,JVL,WI,AGL,CE,Federal Contract Tower,0,13,17,0,30,0,6,114,0,120,0,19,131,0,150,156,0,156,306
04/15/2004,JVL,WI,AGL,CE,Federal Contract Tower,0,5,6,0,11,0,6,58,2,66,0,11,64,2,77,48,0,48,125
04/16/2004,JVL,WI,AGL,CE,Federal Contract Tower,0,8,16,0,24,0,0,149,0,149,0,8,165,0,173,96,0,96,269
04/17/2004,JVL,WI,AGL,CE,Federal Contract Tower,0,6,12,0,18,0,0,227,0,227,0,6,239,0,245,176,0,176,421
04/18/2004,JVL,WI,AGL,CE,Federal Contract Tower,0,6,9,0,15,0,4,21,0,25,0,10,30,0,40,22,0,22,62
04/19/2004,JVL,WI,AGL,CE,Federal Contract Tower,0,5,12,0,17,0,0,29,0,29,0,5,41,0,46,40,0,40,86
04/20/2004,JVL,WI,AGL,CE,Federal Contract Tower,0,8,11,0,19,0,3,40,0,43,0,11,51,0,62,88,0,88,150
04/21/2004,JVL,WI,AGL,CE,Federal Contract Tower,0,8,10,0,18,0,4,5,1,10,0,12,15,1,28,42,2,44,72
04/22/2004,JVL,WI,AGL,CE,Federal Contract Tower,0,7,11,0,18,0,0,73,2,75,0,7,84,2,93,142,8,150,243
04/23/2004,JVL,WI,AGL,CE,Federal Contract Tower,0,11,14,0,25,0,8,138,0,146,0,19,152,0,171,166,0,166,337
04/24/2004,JVL,WI,AGL,CE,Federal Contract Tower,0,1,12,0,13,0,0,182,0,182,0,1,194,0,195,102,0,102,297
04/25/2004,JVL,WI,AGL,CE,Federal Contract Tower,0,9,11,0,20,0,6,36,0,42,0,15,47,0,62,72,0,72,134
04/26/2004,JVL,WI,AGL,CE,Federal Contract Tower,0,10,13,0,23,0,10,52,0,62,0,20,65,0,85,54,0,54,139
04/27/2004,JVL,WI,AGL,CE,Federal Contract Tower,0,15,20,0,35,0,11,142,0,153,0,26,162,0,188,136,0,136,324
04/28/2004,JVL,WI,AGL,CE,Federal Contract Tower,0,9,11,0,20,1,9,17,0,27,1,18,28,0,47,16,0,16,63
04/29/2004,JVL,WI,AGL,CE,Federal Contract Tower,0,10,13,0,23,0,7,17,0,24,0,17,30,0,47,78,0,78,125
04/30/2004,JVL,WI,AGL,CE,Federal Contract Tower,0,17,22,0,39,0,3,1,0,4,0,20,23,0,43,22,0,22,65
05/01/2004,JVL,WI,AGL,CE,Federal Contract Tower,0,3,16,0,19,0,0,48,0,48,0,3,64,0,67,94,0,94,161
05/02/2004,JVL,WI,AGL,CE,Federal Contract Tower,0,12,17,0,29,0,3,149,0,152,0,15,166,0,181,258,0,258,439
05/03/2004,JVL,WI,AGL,CE,Federal Contract Tower,0,5,7,0,12,0,2,144,0,146,0,7,151,0,158,98,0,98,256
05/04/2004,JVL,WI,AGL,CE,Federal Contract Tower,1,11,16,0,28,0,8,66,2,76,1,19,82,2,104,48,0,48,152
05/05/2004,JVL,WI,AGL,CE,Federal Contract Tower,0,11,16,0,27,0,4,139,0,143,0,15,155,0,170,98,0,98,268
05/06/2004,JVL,WI,AGL,CE,Federal Contract Tower,0,5,8,0,13,0,8,30,0,38,0,13,38,0,51,104,0,104,155
05/07/2004,JVL,WI,AGL,CE,Federal Contract Tower,0,6,8,0,14,0,5,38,0,43,0,11,46,0,57,38,0,38,95
05/08/2004,JVL,WI,AGL,CE,Federal Contract Tower,0,3,2,0,5,0,3,94,0,97,0,6,96,0,102,48,0,48,150
05/09/2004,JVL,WI,AGL,CE,Federal Contract Tower,0,4,4,0,8,0,4,92,0,96,0,8,96,0,104,66,0,66,170
05/10/2004,JVL,WI,AGL,CE,Federal Contract Tower,0,5,6,0,11,0,7,36,0,43,0,12,42,0,54,48,0,48,102
05/11/2004,JVL,WI,AGL,CE,Federal Contract Tower,0,13,17,0,30,2,6,7,0,15,2,19,24,0,45,86,0,86,131
05/12/2004,JVL,WI,AGL,CE,Federal Contract Tower,0,8,9,0,17,0,4,51,0,55,0,12,60,0,72,88,0,88,160
05/13/2004,JVL,WI,AGL,CE,Federal Contract Tower,0,17,27,0,44,0,0,3,0,3,0,17,30,0,47,68,0,68,115
05/14/2004,JVL,WI,AGL,CE,Federal Contract Tower,0,16,22,0,38,0,4,27,0,31,0,20,49,0,69,30,0,30,99
05/15/2004,JVL,WI,AGL,CE,Federal Contract Tower,0,1,18,0,19,0,0,265,0,265,0,1,283,0,284,110,0,110,394
05/16/2004,JVL,WI,AGL,CE,Federal Contract Tower,0,8,13,0,21,0,0,216,0,216,0,8,229,0,237,106,0,106,343
05/17/2004,JVL,WI,AGL,CE,Federal Contract Tower,0,8,12,0,20,3,8,44,0,55,3,16,56,0,75,36,0,36,111
05/18/2004,JVL,WI,AGL,CE,Federal Contract Tower,0,15,27,0,42,0,0,12,0,12,0,15,39,0,54,32,0,32,86
05/19/2004,JVL,WI,AGL,CE,Federal Contract Tower,0,14,26,0,40,0,0,73,0,73,0,14,99,0,113,106,0,106,219
05/20/2004,JVL,WI,AGL,CE,Federal Contract Tower,0,11,16,0,27,0,5,64,0,69,0,16,80,0,96,90,0,90,186
05/21/2004,JVL,WI,AGL,CE,Federal Contract Tower,0,8,11,0,19,0,7,9,0,16,0,15,20,0,35,14,0,14,49
05/22/2004,JVL,WI,AGL,CE,Federal Contract Tower,0,5,9,0,14,0,0,20,0,20,0,5,29,0,34,34,0,34,68
05/23/2004,JVL,WI,AGL,CE,Federal Contract Tower,0,4,6,0,10,0,4,44,2,50,0,8,50,2,60,76,0,76,136
05/24/2004,JVL,WI,AGL,CE,Federal Contract Tower,0,8,11,0,19,0,0,109,2,111,0,8,120,2,130,110,2,112,242
05/25/2004,JVL,WI,AGL,CE,Federal Contract Tower,0,6,11,0,17,0,0,71,2,73,0,6,82,2,90,140,0,140,230
05/26/2004,JVL,WI,AGL,CE,Federal Contract Tower,0,11,15,0,26,0,0,120,2,122,0,11,135,2,148,126,0,126,274
05/27/2004,JVL,WI,AGL,CE,Federal Contract Tower,0,12,18,0,30,0,10,104,2,116,0,22,122,2,146,144,0,144,290
05/28/2004,JVL,WI,AGL,CE,Federal Contract Tower,0,15,25,0,40,0,0,251,0,251,0,15,276,0,291,136,0,136,427
05/29/2004,JVL,WI,AGL,CE,Federal Contract Tower,0,2,5,0,7,0,7,31,0,38,0,9,36,0,45,68,0,68,113
05/30/2004,JVL,WI,AGL,CE,Federal Contract Tower,0,2,1,0,3,0,3,0,0,3,0,5,1,0,6,0,0,0,6
05/31/2004,JVL,WI,AGL,CE,Federal Contract Tower,0,5,7,0,12,0,7,6,0,13,0,12,13,0,25,66,0,66,91
06/01/2004,JVL,WI,AGL,CE,Federal Contract Tower,0,11,14,0,25,0,10,45,0,55,0,21,59,0,80,68,0,68,148
06/02/2004,JVL,WI,AGL,CE,Federal Contract Tower,0,16,18,0,34,0,0,45,0,45,0,16,63,0,79,76,0,76,155
06/03/2004,JVL,WI,AGL,CE,Federal Contract Tower,1,12,14,0,27,0,0,182,0,182,1,12,196,0,209,168,0,168,377
06/04/2004,JVL,WI,AGL,CE,Federal Contract Tower,0,13,14,0,27,0,3,167,0,170,0,16,181,0,197,174,0,174,371
06/05/2004,JVL,WI,AGL,CE,Federal Contract Tower,0,9,12,0,21,0,4,262,0,266,0,13,274,0,287,82,0,82,369
06/06/2004,JVL,WI,AGL,CE,Federal Contract Tower,0,9,15,0,24,0,0,144,0,144,0,9,159,0,168,76,0,76,244
06/07/2004,JVL,WI,AGL,CE,Federal Contract Tower,0,6,11,0,17,0,0,109,0,109,0,6,120,0,126,96,0,96,222
06/08/2004,JVL,WI,AGL,CE,Federal Contract Tower,0,13,13,0,26,0,4,127,0,131,0,17,140,0,157,96,0,96,253
06/09/2004,JVL,WI,AGL,CE,Federal Contract Tower,0,5,6,0,11,0,7,92,0,99,0,12,98,0,110,86,0,86,196
06/10/2004,JVL,WI,AGL,CE,Federal Contract Tower,0,20,21,0,41,0,2,0,0,2,0,22,21,0,43,0,0,0,43
06/11/2004,JVL,WI,AGL,CE,Federal Contract Tower,0,19,20,0,39,0,6,20,0,26,0,25,40,0,65,62,0,62,127
06/12/2004,JVL,WI,AGL,CE,Federal Contract Tower,0,3,13,0,16,0,0,113,0,113,0,3,126,0,129,42,0,42,171
06/13/2004,JVL,WI,AGL,CE,Federal Contract Tower,0,10,12,0,22,0,0,69,0,69,0,10,81,0,91,64,0,64,155
06/14/2004,JVL,WI,AGL,CE,Federal Contract Tower,0,7,8,1,16,0,3,72,1,76,0,10,80,2,92,64,0,64,156
06/15/2004,JVL,WI,AGL,CE,Federal Contract Tower,0,16,18,0,34,0,10,163,0,173,0,26,181,0,207,140,0,140,347
06/16/2004,JVL,WI,AGL,CE,Federal Contract Tower,0,13,14,0,27,0,6,54,0,60,0,19,68,0,87,84,0,84,171
06/17/2004,JVL,WI,AGL,CE,Federal Contract Tower,0,11,11,0,22,0,8,63,0,71,0,19,74,0,93,110,0,110,203
06/18/2004,JVL,WI,AGL,CE,Federal Contract Tower,0,14,16,0,30,0,4,75,0,79,0,18,91,0,109,112,0,112,221
06/19/2004,JVL,WI,AGL,CE,Federal Contract Tower,0,3,8,0,11,0,0,209,0,209,0,3,217,0,220,134,0,134,354
06/20/2004,JVL,WI,AGL,CE,Federal Contract Tower,0,10,18,0,28,0,0,188,0,188,0,10,206,0,216,98,0,98,314
06/21/2004,JVL,WI,AGL,CE,Federal Contract Tower,0,10,10,0,20,0,1,9,0,10,0,11,19,0,30,0,0,0,30
06/22/2004,JVL,WI,AGL,CE,Federal Contract Tower,0,11,12,0,23,0,3,236,2,241,0,14,248,2,264,210,0,210,474
06/23/2004,JVL,WI,AGL,CE,Federal Contract Tower,0,8,9,0,17,0,2,181,2,185,0,10,190,2,202,120,2,122,324
06/24/2004,JVL,WI,AGL,CE,Federal Contract Tower,0,11,12,0,23,0,5,128,20,153,0,16,140,20,176,82,66,148,324
06/25/2004,JVL,WI,AGL,CE,Federal Contract Tower,0,9,10,0,19,1,3,130,20,154,1,12,140,20,173,230,180,410,583
06/26/2004,JVL,WI,AGL,CE,Federal Contract Tower,0,3,5,0,8,0,3,285,2,290,0,6,290,2,298,210,190,400,698
06/27/2004,JVL,WI,AGL,CE,Federal Contract Tower,0,5,7,0,12,0,3,189,6,198,0,8,196,6,210,280,196,476,686
06/28/2004,JVL,WI,AGL,CE,Federal Contract Tower,0,15,19,1,35,1,0,78,12,91,1,15,97,13,126,88,0,88,214
06/29/2004,JVL,WI,AGL,CE,Federal Contract Tower,0,7,9,0,16,0,8,153,1,162,0,15,162,1,178,100,0,100,278
06/30/2004,JVL,WI,AGL,CE,Federal Contract Tower,0,6,8,0,14,0,5,117,0,122,0,11,125,0,136,126,0,126,262
07/01/2004,JVL,WI,AGL,CE,Federal Contract Tower,0,8,11,0,19,0,8,121,2,131,0,16,132,2,150,152,0,152,302
07/02/2004,JVL,WI,AGL,CE,Federal Contract Tower,0,8,10,0,18,0,0,163,0,163,0,8,173,0,181,122,0,122,303
07/03/2004,JVL,WI,AGL,CE,Federal Contract Tower,0,5,8,0,13,0,0,51,0,51,0,5,59,0,64,36,0,36,100
07/04/2004,JVL,WI,AGL,CE,Federal Contract Tower,0,3,7,0,10,0,0,45,0,45,0,3,52,0,55,16,0,16,71
07/05/2004,JVL,WI,AGL,CE,Federal Contract Tower,0,5,16,0,21,0,0,145,0,145,0,5,161,0,166,182,0,182,348
07/06/2004,JVL,WI,AGL,CE,Federal Contract Tower,0,10,13,0,23,0,2,120,0,122,0,12,133,0,145,162,0,162,307
07/07/2004,JVL,WI,AGL,CE,Federal Contract Tower,0,11,15,0,26,0,0,112,2,114,0,11,127,2,140,110,0,110,250
07/08/2004,JVL,WI,AGL,CE,Federal Contract Tower,0,11,14,0,25,0,16,133,0,149,0,27,147,0,174,202,0,202,376
07/09/2004,JVL,WI,AGL,CE,Federal Contract Tower,0,6,8,0,14,0,11,98,0,109,0,17,106,0,123,112,0,112,235
07/10/2004,JVL,WI,AGL,CE,Federal Contract Tower,0,4,12,0,16,0,0,114,0,114,0,4,126,0,130,148,0,148,278
07/11/2004,JVL,WI,AGL,CE,Federal Contract Tower,0,3,11,0,14,0,0,126,2,128,0,3,137,2,142,66,0,66,208
07/12/2004,JVL,WI,AGL,CE,Federal Contract Tower,0,8,9,0,17,0,9,117,0,126,0,17,126,0,143,104,0,104,247
07/13/2004,JVL,WI,AGL,CE,Federal Contract Tower,0,8,9,0,17,0,7,59,0,66,0,15,68,0,83,144,0,144,227
07/14/2004,JVL,WI,AGL,CE,Federal Contract Tower,0,15,17,0,32,0,0,211,0,211,0,15,228,0,243,180,0,180,423
07/15/2004,JVL,WI,AGL,CE,Federal Contract Tower,0,10,12,0,22,0,8,100,4,112,0,18,112,4,134,150,0,150,284
07/16/2004,JVL,WI,AGL,CE,Federal Contract Tower,0,8,9,0,17,0,8,59,0,67,0,16,68,0,84,112,0,112,196
07/17/2004,JVL,WI,AGL,CE,Federal Contract Tower,0,2,12,0,14,0,0,80,0,80,0,2,92,0,94,132,0,132,226
07/18/2004,JVL,WI,AGL,CE,Federal Contract Tower,0,10,11,0,21,0,2,124,0,126,0,12,135,0,147,102,0,102,249
07/19/2004,JVL,WI,AGL,CE,Federal Contract Tower,0,9,11,1,21,0,10,82,3,95,0,19,93,4,116,158,0,158,274
07/20/2004,JVL,WI,AGL,CE,Federal Contract Tower,0,7,7,0,14,2,7,107,0,116,2,14,114,0,130,226,0,226,356
07/21/2004,JVL,WI,AGL,CE,Federal Contract Tower,0,3,4,0,7,0,6,15,0,21,0,9,19,0,28,14,0,14,42
07/22/2004,JVL,WI,AGL,CE,Federal Contract Tower,0,10,13,0,23,0,2,61,0,63,0,12,74,0,86,104,0,104,190
07/23/2004,JVL,WI,AGL,CE,Federal Contract Tower,0,16,19,0,35,0,0,95,0,95,0,16,114,0,130,118,0,118,248
07/24/2004,JVL,WI,AGL,CE,Federal Contract Tower,0,5,8,0,13,0,0,178,0,178,0,5,186,0,191,154,0,154,345
07/25/2004,JVL,WI,AGL,CE,Federal Contract Tower,0,5,11,0,16,0,0,238,0,238,0,5,249,0,254,138,0,138,392
07/26/2004,JVL,WI,AGL,CE,Federal Contract Tower,0,9,11,0,20,0,3,171,0,174,0,12,182,0,194,120,0,120,314
07/27/2004,JVL,WI,AGL,CE,Federal Contract Tower,0,16,20,0,36,7,12,77,0,96,7,28,97,0,132,138,0,138,270
07/28/2004,JVL,WI,AGL,CE,Federal Contract Tower,3,19,21,0,43,6,0,100,0,106,9,19,121,0,149,108,0,108,257
07/29/2004,JVL,WI,AGL,CE,Federal Contract Tower,0,10,13,0,23,0,4,92,0,96,0,14,105,0,119,150,0,150,269
07/30/2004,JVL,WI,AGL,CE,Federal Contract Tower,0,8,11,0,19,0,0,33,30,63,0,8,44,30,82,58,0,58,140
07/31/2004,JVL,WI,AGL,CE,Federal Contract Tower,0,6,10,0,16,0,0,100,0,100,0,6,110,0,116,156,0,156,272
08/01/2004,JVL,WI,AGL,CE,Federal Contract Tower,1,3,8,0,12,0,0,123,0,123,1,3,131,0,135,86,0,86,221
08/02/2004,JVL,WI,AGL,CE,Federal Contract Tower,0,5,5,0,10,0,3,55,0,58,0,8,60,0,68,144,0,144,212
08/03/2004,JVL,WI,AGL,CE,Federal Contract Tower,0,10,10,0,20,0,2,71,0,73,0,12,81,0,93,72,0,72,165
08/04/2004,JVL,WI,AGL,CE,Federal Contract Tower,1,19,19,0,39,5,6,20,4,35,6,25,39,4,74,50,0,50,124
08/05/2004,JVL,WI,AGL,CE,Federal Contract Tower,0,17,18,0,35,0,6,156,2,164,0,23,174,2,199,94,0,94,293
08/06/2004,JVL,WI,AGL,CE,Federal Contract Tower,0,9,10,0,19,0,1,109,0,110,0,10,119,0,129,106,0,106,235
08/07/2004,JVL,WI,AGL,CE,Federal Contract Tower,0,7,8,0,15,0,0,157,0,157,0,7,165,0,172,84,0,84,256
08/08/2004,JVL,WI,AGL,CE,Federal Contract Tower,0,10,10,0,20,0,0,121,0,121,0,10,131,0,141,76,0,76,217
08/09/2004,JVL,WI,AGL,CE,Federal Contract Tower,0,7,8,0,15,0,5,64,0,69,0,12,72,0,84,56,0,56,140
08/10/2004,JVL,WI,AGL,CE,Federal Contract Tower,0,18,18,1,37,0,5,66,1,72,0,23,84,2,109,38,0,38,147
08/11/2004,JVL,WI,AGL,CE,Federal Contract Tower,4,21,14,0,39,0,1,52,0,53,4,22,66,0,92,56,0,56,148
08/12/2004,JVL,WI,AGL,CE,Federal Contract Tower,0,11,11,0,22,0,1,74,0,75,0,12,85,0,97,98,0,98,195
08/13/2004,JVL,WI,AGL,CE,Federal Contract Tower,0,6,7,0,13,0,2,109,0,111,0,8,116,0,124,110,0,110,234
08/14/2004,JVL,WI,AGL,CE,Federal Contract Tower,0,7,10,0,17,0,0,111,0,111,0,7,121,0,128,102,0,102,230
08/15/2004,JVL,WI,AGL,CE,Federal Contract Tower,0,8,12,0,20,0,0,222,0,222,0,8,234,0,242,64,0,64,306
08/16/2004,JVL,WI,AGL,CE,Federal Contract Tower,0,6,8,0,14,1,4,101,0,106,1,10,109,0,120,98,0,98,218
08/17/2004,JVL,WI,AGL,CE,Federal Contract Tower,0,15,16,0,31,0,6,54,2,62,0,21,70,2,93,126,0,126,219
08/18/2004,JVL,WI,AGL,CE,Federal Contract Tower,0,13,14,0,27,0,10,44,0,54,0,23,58,0,81,104,0,104,185
08/19/2004,JVL,WI,AGL,CE,Federal Contract Tower,0,11,12,0,23,1,8,126,0,135,1,19,138,0,158,204,0,204,362
08/20/2004,JVL,WI,AGL,CE,Federal Contract Tower,0,9,11,0,20,0,7,72,0,79,0,16,83,0,99,120,0,120,219
08/21/2004,JVL,WI,AGL,CE,Federal Contract Tower,0,4,13,0,17,0,0,150,0,150,0,4,163,0,167,96,0,96,263
08/22/2004,JVL,WI,AGL,CE,Federal Contract Tower,0,13,15,0,28,0,1,90,0,91,0,14,105,0,119,74,0,74,193
08/23/2004,JVL,WI,AGL,CE,Federal Contract Tower,0,11,13,0,24,0,0,63,0,63,0,11,76,0,87,90,0,90,177
08/24/2004,JVL,WI,AGL,CE,Federal Contract Tower,0,4,5,0,9,0,6,37,2,45,0,10,42,2,54,44,0,44,98
08/25/2004,JVL,WI,AGL,CE,Federal Contract Tower,0,14,16,0,30,0,16,20,2,38,0,30,36,2,68,58,6,64,132
08/26/2004,JVL,WI,AGL,CE,Federal Contract Tower,0,17,19,0,36,2,6,13,0,21,2,23,32,0,57,44,0,44,101
08/27/2004,JVL,WI,AGL,CE,Federal Contract Tower,0,12,13,0,25,0,5,54,0,59,0,17,67,0,84,48,0,48,132
08/28/2004,JVL,WI,AGL,CE,Federal Contract Tower,0,10,21,0,31,2,0,35,0,37,2,10,56,0,68,10,0,10,78
08/29/2004,JVL,WI,AGL,CE,Federal Contract Tower,0,7,20,0,27,0,0,140,0,140,0,7,160,0,167,96,0,96,263
08/30/2004,JVL,WI,AGL,CE,Federal Contract Tower,0,11,13,0,24,0,7,86,0,93,0,18,99,0,117,44,0,44,161
08/31/2004,JVL,WI,AGL,CE,Federal Contract Tower,0,10,12,0,22,1,3,130,2,136,1,13,142,2,158,152,2,154,312
09/01/2004,JVL,WI,AGL,CE,Federal Contract Tower,0,7,9,0,16,0,5,91,0,96,0,12,100,0,112,122,0,122,234
09/02/2004,JVL,WI,AGL,CE,Federal Contract Tower,0,9,12,0,21,0,0,89,0,89,0,9,101,0,110,168,0,168,278
09/03/2004,JVL,WI,AGL,CE,Federal Contract Tower,0,17,20,0,37,0,6,73,0,79,0,23,93,0,116,76,0,76,192
09/04/2004,JVL,WI,AGL,CE,Federal Contract Tower,0,18,20,0,38,0,1,123,0,124,0,19,143,0,162,88,0,88,250
09/05/2004,JVL,WI,AGL,CE,Federal Contract Tower,0,5,10,0,15,0,0,111,0,111,0,5,121,0,126,22,0,22,148
09/06/2004,JVL,WI,AGL,CE,Federal Contract Tower,0,5,7,0,12,0,2,31,0,33,0,7,38,0,45,20,0,20,65
09/07/2004,JVL,WI,AGL,CE,Federal Contract Tower,0,7,9,0,16,0,4,92,0,96,0,11,101,0,112,78,0,78,190
09/08/2004,JVL,WI,AGL,CE,Federal Contract Tower,0,13,15,2,30,0,16,96,0,112,0,29,111,2,142,120,2,122,264
09/09/2004,JVL,WI,AGL,CE,Federal Contract Tower,0,12,13,0,25,0,10,33,0,43,0,22,46,0,68,50,0,50,118
09/10/2004,JVL,WI,AGL,CE,Federal Contract Tower,0,14,15,0,29,0,17,88,0,105,0,31,103,0,134,130,0,130,264
09/11/2004,JVL,WI,AGL,CE,Federal Contract Tower,1,11,9,0,21,0,2,175,0,177,1,13,184,0,198,94,0,94,292
09/12/2004,JVL,WI,AGL,CE,Federal Contract Tower,0,11,10,0,21,0,3,181,0,184,0,14,191,0,205,70,0,70,275
09/13/2004,JVL,WI,AGL,CE,Federal Contract Tower,1,11,9,0,21,1,4,82,0,87,2,15,91,0,108,56,0,56,164
09/14/2004,JVL,WI,AGL,CE,Federal Contract Tower,0,10,11,0,21,0,0,77,2,79,0,10,88,2,100,78,0,78,178
09/15/2004,JVL,WI,AGL,CE,Federal Contract Tower,1,14,12,0,27,1,9,16,0,26,2,23,28,0,53,2,0,2,55
09/16/2004,JVL,WI,AGL,CE,Federal Contract Tower,1,12,11,0,24,1,0,95,0,96,2,12,106,0,120,128,0,128,248
09/17/2004,JVL,WI,AGL,CE,Federal Contract Tower,0,11,9,0,20,0,17,163,0,180,0,28,172,0,200,126,0,126,326
09/18/2004,JVL,WI,AGL,CE,Federal Contract Tower,0,3,13,0,16,0,0,162,0,162,0,3,175,0,178,98,0,98,276
09/19/2004,JVL,WI,AGL,CE,Federal Contract Tower,0,13,13,0,26,0,7,119,0,126,0,20,132,0,152,112,0,112,264
09/20/2004,JVL,WI,AGL,CE,Federal Contract Tower,0,14,14,0,28,0,6,88,0,94,0,20,102,0,122,42,0,42,164
09/21/2004,JVL,WI,AGL,CE,Federal Contract Tower,0,13,12,2,27,1,2,99,0,102,1,15,111,2,129,64,0,64,193
09/22/2004,JVL,WI,AGL,CE,Federal Contract Tower,1,15,16,1,33,0,14,97,15,126,1,29,113,16,159,80,14,94,253
09/23/2004,JVL,WI,AGL,CE,Federal Contract Tower,0,15,15,1,31,2,3,71,11,87,2,18,86,12,118,82,0,82,200
09/24/2004,JVL,WI,AGL,CE,Federal Contract Tower,1,15,23,2,41,9,0,4,21,34,10,15,27,23,75,12,58,70,145
09/25/2004,JVL,WI,AGL,CE,Federal Contract Tower,0,5,12,1,18,2,0,199,3,204,2,5,211,4,222,104,2,106,328
09/26/2004,JVL,WI,AGL,CE,Federal Contract Tower,0,10,11,0,21,0,0,163,0,163,0,10,174,0,184,104,0,104,288
09/27/2004,JVL,WI,AGL,CE,Federal Contract Tower,0,5,13,0,18,4,0,74,0,78,4,5,87,0,96,68,0,68,164
09/28/2004,JVL,WI,AGL,CE,Federal Contract Tower,0,14,15,1,30,0,7,56,1,64,0,21,71,2,94,64,6,70,164
09/29/2004,JVL,WI,AGL,CE,Federal Contract Tower,0,19,19,0,38,0,9,89,0,98,0,28,108,0,136,52,0,52,188
09/30/2004,JVL,WI,AGL,CE,Federal Contract Tower,0,11,12,0,23,0,5,76,0,81,0,16,88,0,104,86,0,86,190
10/01/2004,JVL,WI,AGL,CE,Federal Contract Tower,0,20,9,0,29,0,11,47,0,58,0,31,56,0,87,22,0,22,109
10/02/2004,JVL,WI,AGL,CE,Federal Contract Tower,0,6,22,0,28,0,5,111,0,116,0,11,133,0,144,166,0,166,310
10/03/2004,JVL,WI,AGL,CE,Federal Contract Tower,0,17,14,0,31,0,5,73,0,78,0,22,87,0,109,38,0,38,147
10/04/2004,JVL,WI,AGL,CE,Federal Contract Tower,0,17,8,0,25,0,5,51,0,56,0,22,59,0,81,62,0,62,143
10/05/2004,JVL,WI,AGL,CE,Federal Contract Tower,1,11,12,0,24,0,3,81,0,84,1,14,93,0,108,74,0,74,182
10/06/2004,JVL,WI,AGL,CE,Federal Contract Tower,0,10,14,0,24,0,1,65,0,66,0,11,79,0,90,110,0,110,200
10/07/2004,JVL,WI,AGL,CE,Federal Contract Tower,4,10,20,0,34,0,4,57,0,61,4,14,77,0,95,86,0,86,181
10/08/2004,JVL,WI,AGL,CE,Federal Contract Tower,0,21,7,0,28,0,4,12,0,16,0,25,19,0,44,40,0,40,84
10/09/2004,JVL,WI,AGL,CE,Federal Contract Tower,0,7,9,0,16,0,4,131,0,135,0,11,140,0,151,102,0,102,253
10/10/2004,JVL,WI,AGL,CE,Federal Contract Tower,0,11,10,0,21,0,3,159,0,162,0,14,169,0,183,98,0,98,281
10/11/2004,JVL,WI,AGL,CE,Federal Contract Tower,0,14,7,0,21,0,1,72,0,73,0,15,79,0,94,42,0,42,136
10/12/2004,JVL,WI,AGL,CE,Federal Contract Tower,4,28,13,0,45,0,2,65,0,67,4,30,78,0,112,90,0,90,202
10/13/2004,JVL,WI,AGL,CE,Federal Contract Tower,6,24,8,0,38,0,3,64,0,67,6,27,72,0,105,58,0,58,163
10/14/2004,JVL,WI,AGL,CE,Federal Contract Tower,5,19,15,0,39,0,5,40,0,45,5,24,55,0,84,72,0,72,156
10/15/2004,JVL,WI,AGL,CE,Federal Contract Tower,2,14,21,1,38,0,8,27,1,36,2,22,48,2,74,22,0,22,96
10/16/2004,JVL,WI,AGL,CE,Federal Contract Tower,0,6,8,0,14,0,0,47,0,47,0,6,55,0,61,30,0,30,91
10/17/2004,JVL,WI,AGL,CE,Federal Contract Tower,0,11,17,0,28,0,1,95,0,96,0,12,112,0,124,80,0,80,204
10/18/2004,JVL,WI,AGL,CE,Federal Contract Tower,2,16,8,0,26,0,0,35,0,35,2,16,43,0,61,16,0,16,77
10/19/2004,JVL,WI,AGL,CE,Federal Contract Tower,0,18,31,0,49,0,0,10,0,10,0,18,41,0,59,8,0,8,67
10/20/2004,JVL,WI,AGL,CE,Federal Contract Tower,0,13,18,0,31,0,0,12,0,12,0,13,30,0,43,0,0,0,43
10/21/2004,JVL,WI,AGL,CE,Federal Contract Tower,0,7,10,0,17,0,2,53,0,55,0,9,63,0,72,122,0,122,194
10/22/2004,JVL,WI,AGL,CE,Federal Contract Tower,0,17,19,0,36,0,0,5,0,5,0,17,24,0,41,12,0,12,53
10/23/2004,JVL,WI,AGL,CE,Federal Contract Tower,0,3,13,0,16,0,0,4,0,4,0,3,17,0,20,0,0,0,20
10/24/2004,JVL,WI,AGL,CE,Federal Contract Tower,0,8,20,0,28,0,7,180,12,199,0,15,200,12,227,118,0,118,345
10/25/2004,JVL,WI,AGL,CE,Federal Contract Tower,0,11,11,0,22,0,3,89,0,92,0,14,100,0,114,28,0,28,142
10/26/2004,JVL,WI,AGL,CE,Federal Contract Tower,0,28,12,0,40,0,5,1,0,6,0,33,13,0,46,4,0,4,50
10/27/2004,JVL,WI,AGL,CE,Federal Contract Tower,7,16,25,0,48,0,11,24,0,35,7,27,49,0,83,26,0,26,109
10/28/2004,JVL,WI,AGL,CE,Federal Contract Tower,8,11,11,0,30,0,0,20,0,20,8,11,31,0,50,40,0,40,90
10/29/2004,JVL,WI,AGL,CE,Federal Contract Tower,5,8,23,0,36,0,0,14,0,14,5,8,37,0,50,26,0,26,76
10/30/2004,JVL,WI,AGL,CE,Federal Contract Tower,0,4,3,0,7,0,0,11,0,11,0,4,14,0,18,0,0,0,18
10/31/2004,JVL,WI,AGL,CE,Federal Contract Tower,0,6,46,0,52,0,4,125,0,129,0,10,171,0,181,126,0,126,307
11/01/2004,JVL,WI,AGL,CE,Federal Contract Tower,8,16,8,0,32,0,0,0,0,0,8,16,8,0,32,0,0,0,32
11/02/2004,JVL,WI,AGL,CE,Federal Contract Tower,11,5,34,0,50,0,14,40,0,54,11,19,74,0,104,64,0,64,168
11/03/2004,JVL,WI,AGL,CE,Federal Contract Tower,5,8,18,0,31,0,3,73,0,76,5,11,91,0,107,54,0,54,161
11/04/2004,JVL,WI,AGL,CE,Federal Contract Tower,2,12,11,0,25,0,1,18,3,22,2,13,29,3,47,16,0,16,63
11/05/2004,JVL,WI,AGL,CE,Federal Contract Tower,2,20,3,0,25,0,6,73,0,79,2,26,76,0,104,48,0,48,152
11/06/2004,JVL,WI,AGL,CE,Federal Contract Tower,0,1,9,0,10,0,0,224,0,224,0,1,233,0,234,62,0,62,296
11/07/2004,JVL,WI,AGL,CE,Federal Contract Tower,0,5,10,0,15,0,2,248,0,250,0,7,258,0,265,12,0,12,277
11/08/2004,JVL,WI,AGL,CE,Federal Contract Tower,11,17,9,0,37,0,5,77,0,82,11,22,86,0,119,18,0,18,137
11/09/2004,JVL,WI,AGL,CE,Federal Contract Tower,9,7,12,0,28,0,9,100,0,109,9,16,112,0,137,70,0,70,207
11/10/2004,JVL,WI,AGL,CE,Federal Contract Tower,5,6,2,0,13,0,1,65,0,66,5,7,67,0,79,52,0,52,131
11/11/2004,JVL,WI,AGL,CE,Federal Contract Tower,7,16,3,0,26,0,0,68,0,68,7,16,71,0,94,62,0,62,156
11/12/2004,JVL,WI,AGL,CE,Federal Contract Tower,0,13,14,1,28,0,4,57,1,62,0,17,71,2,90,54,0,54,144
11/13/2004,JVL,WI,AGL,CE,Federal Contract Tower,0,7,15,0,22,0,9,179,0,188,0,16,194,0,210,88,0,88,298
11/14/2004,JVL,WI,AGL,CE,Federal Contract Tower,0,16,18,0,34,0,5,156,0,161,0,21,174,0,195,88,0,88,283
11/15/2004,JVL,WI,AGL,CE,Federal Contract Tower,0,10,10,0,20,0,0,36,0,36,0,10,46,0,56,16,0,16,72
11/16/2004,JVL,WI,AGL,CE,Federal Contract Tower,3,16,8,0,27,0,0,9,0,9,3,16,17,0,36,0,0,0,36
11/17/2004,JVL,WI,AGL,CE,Federal Contract Tower,9,18,13,0,40,0,0,5,0,5,9,18,18,0,45,18,0,18,63
11/18/2004,JVL,WI,AGL,CE,Federal Contract Tower,6,22,18,0,46,0,2,34,0,36,6,24,52,0,82,54,0,54,136
11/19/2004,JVL,WI,AGL,CE,Federal Contract Tower,1,32,15,0,48,0,0,8,0,8,1,32,23,0,56,2,0,2,58
11/20/2004,JVL,WI,AGL,CE,Federal Contract Tower,0,8,35,0,43,0,2,6,0,8,0,10,41,0,51,2,0,2,53
11/21/2004,JVL,WI,AGL,CE,Federal Contract Tower,2,6,21,0,29,0,19,208,0,227,2,25,229,0,256,120,0,120,376
11/22/2004,JVL,WI,AGL,CE,Federal Contract Tower,8,3,6,0,17,0,2,95,0,97,8,5,101,0,114,102,0,102,216
11/23/2004,JVL,WI,AGL,CE,Federal Contract Tower,9,9,22,0,40,0,3,65,16,84,9,12,87,16,124,80,0,80,204
11/24/2004,JVL,WI,AGL,CE,Federal Contract Tower,0,13,6,0,19,0,3,26,0,29,0,16,32,0,48,0,0,0,48
11/25/2004,JVL,WI,AGL,CE,Federal Contract Tower,0,2,3,0,5,0,1,36,0,37,0,3,39,0,42,6,0,6,48
11/26/2004,JVL,WI,AGL,CE,Federal Contract Tower,0,0,3,0,3,0,2,28,0,30,0,2,31,0,33,18,6,24,57
11/27/2004,JVL,WI,AGL,CE,Federal Contract Tower,0,3,7,0,10,0,2,4,0,6,0,5,11,0,16,0,0,0,16
11/28/2004,JVL,WI,AGL,CE,Federal Contract Tower,0,8,21,0,29,0,4,173,0,177,0,12,194,0,206,86,0,86,292
11/29/2004,JVL,WI,AGL,CE,Federal Contract Tower,0,11,2,0,13,0,2,10,0,12,0,13,12,0,25,10,0,10,35
11/30/2004,JVL,WI,AGL,CE,Federal Contract Tower,1,20,0,0,21,0,1,10,0,11,1,21,10,0,32,10,0,10,42
12/01/2004,JVL,WI,AGL,CE,Federal Contract Tower,0,17,7,0,24,0,1,91,0,92,0,18,98,0,116,62,0,62,178
12/02/2004,JVL,WI,AGL,CE,Federal Contract Tower,0,12,18,0,30,0,0,82,0,82,0,12,100,0,112,62,0,62,174
12/03/2004,JVL,WI,AGL,CE,Federal Contract Tower,0,15,5,0,20,0,3,72,0,75,0,18,77,0,95,32,0,32,127
12/04/2004,JVL,WI,AGL,CE,Federal Contract Tower,0,4,12,0,16,0,1,88,0,89,0,5,100,0,105,102,0,102,207
12/05/2004,JVL,WI,AGL,CE,Federal Contract Tower,0,13,13,0,26,0,2,87,0,89,0,15,100,0,115,20,0,20,135
12/06/2004,JVL,WI,AGL,CE,Federal Contract Tower,0,8,2,0,10,0,0,1,0,1,0,8,3,0,11,0,0,0,11
12/07/2004,JVL,WI,AGL,CE,Federal Contract Tower,3,9,4,0,16,0,0,0,0,0,3,9,4,0,16,0,0,0,16
12/08/2004,JVL,WI,AGL,CE,Federal Contract Tower,12,13,21,0,46,0,5,45,2,52,12,18,66,2,98,132,2,134,232
12/09/2004,JVL,WI,AGL,CE,Federal Contract Tower,12,12,6,0,30,0,0,2,0,2,12,12,8,0,32,8,0,8,40
12/10/2004,JVL,WI,AGL,CE,Federal Contract Tower,0,14,5,0,19,0,0,0,0,0,0,14,5,0,19,0,0,0,19
12/11/2004,JVL,WI,AGL,CE,Federal Contract Tower,0,3,5,0,8,0,0,81,0,81,0,3,86,0,89,38,0,38,127
12/12/2004,JVL,WI,AGL,CE,Federal Contract Tower,0,9,4,0,13,0,4,12,0,16,0,13,16,0,29,38,0,38,67
12/13/2004,JVL,WI,AGL,CE,Federal Contract Tower,0,7,2,0,9,0,1,7,0,8,0,8,9,0,17,2,0,2,19
12/14/2004,JVL,WI,AGL,CE,Federal Contract Tower,0,12,6,0,18,0,1,65,0,66,0,13,71,0,84,28,0,28,112
12/15/2004,JVL,WI,AGL,CE,Federal Contract Tower,7,15,5,2,29,0,6,58,2,66,7,21,63,4,95,28,2,30,125
12/16/2004,JVL,WI,AGL,CE,Federal Contract Tower,3,10,14,0,27,0,1,49,0,50,3,11,63,0,77,28,0,28,105
12/17/2004,JVL,WI,AGL,CE,Federal Contract Tower,0,14,5,0,19,0,0,84,0,84,0,14,89,0,103,74,0,74,177
12/18/2004,JVL,WI,AGL,CE,Federal Contract Tower,0,17,0,0,17,0,4,38,0,42,0,21,38,0,59,8,0,8,67
12/19/2004,JVL,WI,AGL,CE,Federal Contract Tower,0,17,0,0,17,0,4,38,0,42,0,21,38,0,59,8,0,8,67
12/20/2004,JVL,WI,AGL,CE,Federal Contract Tower,2,5,2,0,9,0,2,10,0,12,2,7,12,0,21,22,0,22,43
12/21/2004,JVL,WI,AGL,CE,Federal Contract Tower,2,24,4,0,30,0,0,16,0,16,2,24,20,0,46,24,0,24,70
12/22/2004,JVL,WI,AGL,CE,Federal Contract Tower,2,15,14,2,33,0,4,25,2,31,2,19,39,4,64,48,0,48,112
12/23/2004,JVL,WI,AGL,CE,Federal Contract Tower,2,13,2,0,17,0,10,31,0,41,2,23,33,0,58,74,0,74,132
12/24/2004,JVL,WI,AGL,CE,Federal Contract Tower,0,0,5,0,5,0,1,17,0,18,0,1,22,0,23,2,0,2,25
12/25/2004,JVL,WI,AGL,CE,Federal Contract Tower,0,0,0,0,0,0,0,12,0,12,0,0,12,0,12,0,0,0,12
12/26/2004,JVL,WI,AGL,CE,Federal Contract Tower,0,7,15,0,22,0,0,88,0,88,0,7,103,0,110,38,0,38,148
12/27/2004,JVL,WI,AGL,CE,Federal Contract Tower,0,14,15,0,29,0,0,60,0,60,0,14,75,0,89,30,0,30,119
12/28/2004,JVL,WI,AGL,CE,Federal Contract Tower,0,9,8,0,17,0,2,78,0,80,0,11,86,0,97,84,0,84,181
12/29/2004,JVL,WI,AGL,CE,Federal Contract Tower,0,2,35,0,37,0,0,16,0,16,0,2,51,0,53,0,0,0,53
12/30/2004,JVL,WI,AGL,CE,Federal Contract Tower,0,6,1,0,7,0,0,0,0,0,0,6,1,0,7,0,0,0,7
12/31/2004,JVL,WI,AGL,CE,Federal Contract Tower,0,2,7,0,9,0,3,118,0,121,0,5,125,0,130,34,0,34,164
01/01/2005,JVL,WI,AGL,CE,Federal Contract Tower,0,3,4,0,7,0,0,80,0,80,0,3,84,0,87,20,0,20,107
01/02/2005,JVL,WI,AGL,CE,Federal Contract Tower,0,12,17,0,29,0,0,3,0,3,0,12,20,0,32,16,0,16,48
01/03/2005,JVL,WI,AGL,CE,Federal Contract Tower,0,6,0,0,6,0,0,3,0,3,0,6,3,0,9,0,0,0,9
01/04/2005,JVL,WI,AGL,CE,Federal Contract Tower,0,11,0,0,11,0,0,3,0,3,0,11,3,0,14,16,0,16,30
01/05/2005,JVL,WI,AGL,CE,Federal Contract Tower,0,6,2,0,8,0,1,0,0,1,0,7,2,0,9,0,0,0,9
01/06/2005,JVL,WI,AGL,CE,Federal Contract Tower,0,4,1,0,5,0,1,12,0,13,0,5,13,0,18,6,0,6,24
01/07/2005,JVL,WI,AGL,CE,Federal Contract Tower,0,11,4,0,15,0,0,6,0,6,0,11,10,0,21,2,0,2,23
01/08/2005,JVL,WI,AGL,CE,Federal Contract Tower,0,2,14,0,16,0,0,32,0,32,0,2,46,0,48,64,0,64,112
01/09/2005,JVL,WI,AGL,CE,Federal Contract Tower,0,11,2,0,13,0,0,0,0,0,0,11,2,0,13,0,0,0,13
01/10/2005,JVL,WI,AGL,CE,Federal Contract Tower,0,12,12,0,24,0,0,26,0,26,0,12,38,0,50,12,0,12,62
01/11/2005,JVL,WI,AGL,CE,Federal Contract Tower,0,6,0,0,6,0,0,0,0,0,0,6,0,0,6,0,0,0,6
01/12/2005,JVL,WI,AGL,CE,Federal Contract Tower,0,5,0,0,5,0,0,0,0,0,0,5,0,0,5,0,0,0,5
01/13/2005,JVL,WI,AGL,CE,Federal Contract Tower,0,10,2,1,13,0,3,20,3,26,0,13,22,4,39,64,0,64,103
01/14/2005,JVL,WI,AGL,CE,Federal Contract Tower,0,11,5,0,16,0,2,44,0,46,0,13,49,0,62,26,0,26,88
01/15/2005,JVL,WI,AGL,CE,Federal Contract Tower,0,5,21,0,26,0,0,102,0,102,0,5,123,0,128,66,0,66,194
01/16/2005,JVL,WI,AGL,CE,Federal Contract Tower,0,0,5,0,5,0,0,105,0,105,0,0,110,0,110,40,0,40,150
01/17/2005,JVL,WI,AGL,CE,Federal Contract Tower,0,21,5,0,26,0,8,33,0,41,0,29,38,0,67,62,0,62,129
01/18/2005,JVL,WI,AGL,CE,Federal Contract Tower,0,19,7,0,26,0,1,22,0,23,0,20,29,0,49,18,0,18,67
01/19/2005,JVL,WI,AGL,CE,Federal Contract Tower,0,16,4,0,20,0,0,18,0,18,0,16,22,0,38,16,0,16,54
01/20/2005,JVL,WI,AGL,CE,Federal Contract Tower,0,11,1,0,12,0,0,1,0,1,0,11,2,0,13,10,0,10,23
01/21/2005,JVL,WI,AGL,CE,Federal Contract Tower,0,17,3,0,20,0,0,12,0,12,0,17,15,0,32,46,0,46,78
01/22/2005,JVL,WI,AGL,CE,Federal Contract Tower,0,1,0,0,1,0,0,0,0,0,0,1,0,0,1,0,0,0,1
01/23/2005,JVL,WI,AGL,CE,Federal Contract Tower,0,6,5,0,11,0,6,64,0,70,0,12,69,0,81,54,0,54,135
01/24/2005,JVL,WI,AGL,CE,Federal Contract Tower,0,7,10,0,17,0,1,50,0,51,0,8,60,0,68,72,0,72,140
01/25/2005,JVL,WI,AGL,CE,Federal Contract Tower,1,17,14,2,34,0,0,79,2,81,1,17,93,4,115,76,0,76,191
01/26/2005,JVL,WI,AGL,CE,Federal Contract Tower,1,5,8,0,14,0,6,50,0,56,1,11,58,0,70,30,0,30,100
01/27/2005,JVL,WI,AGL,CE,Federal Contract Tower,0,12,6,0,18,0,3,99,2,104,0,15,105,2,122,54,2,56,178
01/28/2005,JVL,WI,AGL,CE,Federal Contract Tower,2,12,16,0,30,0,2,94,0,96,2,14,110,0,126,16,0,16,142
01/29/2005,JVL,WI,AGL,CE,Federal Contract Tower,0,3,18,0,21,0,1,106,0,107,0,4,124,0,128,46,0,46,174
01/30/2005,JVL,WI,AGL,CE,Federal Contract Tower,0,9,30,0,39,0,2,45,0,47,0,11,75,0,86,46,0,46,132
01/31/2005,JVL,WI,AGL,CE,Federal Contract Tower,0,10,5,0,15,0,0,12,0,12,0,10,17,0,27,24,0,24,51
02/01/2005,JVL,WI,AGL,CE,Federal Contract Tower,0,19,7,0,26,0,2,34,0,36,0,21,41,0,62,48,0,48,110
02/02/2005,JVL,WI,AGL,CE,Federal Contract Tower,2,17,11,0,30,0,1,69,0,70,2,18,80,0,100,14,0,14,114
02/03/2005,JVL,WI,AGL,CE,Federal Contract Tower,0,9,8,0,17,0,3,108,0,111,0,12,116,0,128,28,0,28,156
02/04/2005,JVL,WI,AGL,CE,Federal Contract Tower,0,12,18,0,30,0,3,89,0,92,0,15,107,0,122,106,0,106,228
02/05/2005,JVL,WI,AGL,CE,Federal Contract Tower,0,3,24,0,27,0,0,196,0,196,0,3,220,0,223,80,0,80,303
02/06/2005,JVL,WI,AGL,CE,Federal Contract Tower,0,18,21,0,39,0,1,55,0,56,0,19,76,0,95,46,0,46,141
02/07/2005,JVL,WI,AGL,CE,Federal Contract Tower,0,5,0,0,5,0,0,0,0,0,0,5,0,0,5,0,0,0,5
02/08/2005,JVL,WI,AGL,CE,Federal Contract Tower,0,5,2,0,7,0,1,12,0,13,0,6,14,0,20,24,0,24,44
02/09/2005,JVL,WI,AGL,CE,Federal Contract Tower,0,17,10,0,27,0,0,35,0,35,0,17,45,0,62,40,0,40,102
02/10/2005,JVL,WI,AGL,CE,Federal Contract Tower,0,8,20,0,28,0,0,86,0,86,0,8,106,0,114,58,0,58,172
02/11/2005,JVL,WI,AGL,CE,Federal Contract Tower,0,10,13,0,23,0,0,106,0,106,0,10,119,0,129,38,0,38,167
02/12/2005,JVL,WI,AGL,CE,Federal Contract Tower,0,6,23,0,29,0,0,243,0,243,0,6,266,0,272,92,0,92,364
02/13/2005,JVL,WI,AGL,CE,Federal Contract Tower,0,10,11,0,21,0,0,0,0,0,0,10,11,0,21,0,0,0,21
02/14/2005,JVL,WI,AGL,CE,Federal Contract Tower,0,10,0,0,10,0,0,5,0,5,0,10,5,0,15,18,0,18,33
02/15/2005,JVL,WI,AGL,CE,Federal Contract Tower,0,8,11,3,22,0,2,29,5,36,0,10,40,8,58,24,0,24,82
02/16/2005,JVL,WI,AGL,CE,Federal Contract Tower,0,15,24,0,39,0,1,55,0,56,0,16,79,0,95,48,0,48,143
02/17/2005,JVL,WI,AGL,CE,Federal Contract Tower,0,9,6,0,15,0,1,35,0,36,0,10,41,0,51,22,0,22,73
02/18/2005,JVL,WI,AGL,CE,Federal Contract Tower,0,10,8,0,18,0,2,85,0,87,0,12,93,0,105,78,0,78,183
02/19/2005,JVL,WI,AGL,CE,Federal Contract Tower,0,1,34,0,35,0,0,147,0,147,0,1,181,0,182,118,0,118,300
02/20/2005,JVL,WI,AGL,CE,Federal Contract Tower,0,5,1,0,6,0,0,0,0,0,0,5,1,0,6,0,0,0,6
02/21/2005,JVL,WI,AGL,CE,Federal Contract Tower,0,25,3,0,28,0,0,24,0,24,0,25,27,0,52,32,0,32,84
02/22/2005,JVL,WI,AGL,CE,Federal Contract Tower,0,19,3,0,22,0,2,31,0,33,0,21,34,0,55,40,0,40,95
02/23/2005,JVL,WI,AGL,CE,Federal Contract Tower,0,9,11,0,20,0,4,60,0,64,0,13,71,0,84,50,0,50,134
02/24/2005,JVL,WI,AGL,CE,Federal Contract Tower,0,16,14,0,30,0,6,61,0,67,0,22,75,0,97,84,0,84,181
02/25/2005,JVL,WI,AGL,CE,Federal Contract Tower,0,14,2,0,16,0,8,61,0,69,0,22,63,0,85,114,0,114,199
02/26/2005,JVL,WI,AGL,CE,Federal Contract Tower,0,7,26,0,33,0,0,182,6,188,0,7,208,6,221,32,0,32,253
02/27/2005,JVL,WI,AGL,CE,Federal Contract Tower,0,17,16,0,33,0,0,75,0,75,0,17,91,0,108,54,0,54,162
02/28/2005,JVL,WI,AGL,CE,Federal Contract Tower,0,11,1,1,13,0,0,2,0,2,0,11,3,1,15,0,0,0,15
03/01/2005,JVL,WI,AGL,CE,Federal Contract Tower,0,7,5,0,12,0,1,12,0,13,0,8,17,0,25,18,0,18,43
03/02/2005,JVL,WI,AGL,CE,Federal Contract Tower,0,17,15,0,32,0,0,101,0,101,0,17,116,0,133,126,0,126,259
03/03/2005,JVL,WI,AGL,CE,Federal Contract Tower,0,21,15,0,36,0,9,107,0,116,0,30,122,0,152,80,0,80,232
03/04/2005,JVL,WI,AGL,CE,Federal Contract Tower,0,11,10,0,21,0,4,39,2,45,0,15,49,2,66,50,0,50,116
03/05/2005,JVL,WI,AGL,CE,Federal Contract Tower,0,0,0,0,0,0,0,58,0,58,0,0,58,0,58,30,0,30,88
03/06/2005,JVL,WI,AGL,CE,Federal Contract Tower,0,10,14,0,24,0,3,198,0,201,0,13,212,0,225,96,0,96,321
03/07/2005,JVL,WI,AGL,CE,Federal Contract Tower,0,9,0,0,9,0,0,2,0,2,0,9,2,0,11,4,0,4,15
03/08/2005,JVL,WI,AGL,CE,Federal Contract Tower,0,14,11,1,26,0,0,80,2,82,0,14,91,3,108,64,0,64,172
03/09/2005,JVL,WI,AGL,CE,Federal Contract Tower,2,10,14,0,26,0,6,133,0,139,2,16,147,0,165,150,0,150,315
03/10/2005,JVL,WI,AGL,CE,Federal Contract Tower,0,20,3,0,23,0,0,1,0,1,0,20,4,0,24,6,0,6,30
03/11/2005,JVL,WI,AGL,CE,Federal Contract Tower,1,18,12,0,31,0,2,39,6,47,1,20,51,6,78,42,0,42,120
03/12/2005,JVL,WI,AGL,CE,Federal Contract Tower,0,9,8,0,17,0,0,109,0,109,0,9,117,0,126,38,0,38,164
03/13/2005,JVL,WI,AGL,CE,Federal Contract Tower,0,9,28,0,37,0,2,215,0,217,0,11,243,0,254,134,0,134,388
03/14/2005,JVL,WI,AGL,CE,Federal Contract Tower,0,8,10,0,18,0,2,43,0,45,0,10,53,0,63,102,0,102,165
03/15/2005,JVL,WI,AGL,CE,Federal Contract Tower,0,7,9,1,17,0,0,88,1,89,0,7,97,2,106,88,0,88,194
03/16/2005,JVL,WI,AGL,CE,Federal Contract Tower,0,10,10,0,20,0,1,73,0,74,0,11,83,0,94,62,0,62,156
03/17/2005,JVL,WI,AGL,CE,Federal Contract Tower,0,14,4,0,18,0,1,1,0,2,0,15,5,0,20,0,0,0,20
03/18/2005,JVL,WI,AGL,CE,Federal Contract Tower,0,16,5,0,21,0,0,9,0,9,0,16,14,0,30,16,0,16,46
03/19/2005,JVL,WI,AGL,CE,Federal Contract Tower,0,7,9,0,16,0,1,2,0,3,0,8,11,0,19,6,0,6,25
03/20/2005,JVL,WI,AGL,CE,Federal Contract Tower,0,15,42,0,57,0,1,159,0,160,0,16,201,0,217,106,0,106,323
03/21/2005,JVL,WI,AGL,CE,Federal Contract Tower,0,15,4,0,19,0,0,51,0,51,0,15,55,0,70,78,0,78,148
03/22/2005,JVL,WI,AGL,CE,Federal Contract Tower,0,11,17,0,28,0,1,53,0,54,0,12,70,0,82,58,0,58,140
03/23/2005,JVL,WI,AGL,CE,Federal Contract Tower,0,14,8,0,22,0,0,69,0,69,0,14,77,0,91,68,0,68,159
03/24/2005,JVL,WI,AGL,CE,Federal Contract Tower,0,11,13,0,24,0,5,132,0,137,0,16,145,0,161,182,0,182,343
03/25/2005,JVL,WI,AGL,CE,Federal Contract Tower,0,7,7,0,14,0,0,16,0,16,0,7,23,0,30,10,0,10,40
03/26/2005,JVL,WI,AGL,CE,Federal Contract Tower,0,2,23,0,25,0,0,226,0,226,0,2,249,0,251,112,0,112,363
03/27/2005,JVL,WI,AGL,CE,Federal Contract Tower,0,2,8,0,10,0,0,51,0,51,0,2,59,0,61,56,0,56,117
03/28/2005,JVL,WI,AGL,CE,Federal Contract Tower,0,12,9,2,23,0,4,93,0,97,0,16,102,2,120,94,0,94,214
03/29/2005,JVL,WI,AGL,CE,Federal Contract Tower,0,18,16,0,34,0,5,57,0,62,0,23,73,0,96,46,0,46,142
03/30/2005,JVL,WI,AGL,CE,Federal Contract Tower,0,11,1,0,12,0,0,12,9,21,0,11,13,9,33,16,0,16,49
03/31/2005,JVL,WI,AGL,CE,Federal Contract Tower,2,24,7,1,34,0,2,21,0,23,2,26,28,1,57,0,0,0,57
04/01/2005,JVL,WI,AGL,CE,Federal Contract Tower,0,8,5,0,13,0,4,59,0,63,0,12,64,0,76,30,0,30,106
04/02/2005,JVL,WI,AGL,CE,Federal Contract Tower,0,13,16,0,29,0,0,123,7,130,0,13,139,7,159,60,0,60,219
04/03/2005,JVL,WI,AGL,CE,Federal Contract Tower,2,11,18,0,31,0,5,182,0,187,2,16,200,0,218,52,0,52,270
04/04/2005,JVL,WI,AGL,CE,Federal Contract Tower,0,12,12,0,24,0,2,56,0,58,0,14,68,0,82,30,0,30,112
04/05/2005,JVL,WI,AGL,CE,Federal Contract Tower,0,6,7,0,13,0,3,62,0,65,0,9,69,0,78,126,0,126,204
04/06/2005,JVL,WI,AGL,CE,Federal Contract Tower,0,1,5,0,6,0,4,32,0,36,0,5,37,0,42,46,0,46,88
04/07/2005,JVL,WI,AGL,CE,Federal Contract Tower,0,13,14,1,28,0,1,50,3,54,0,14,64,4,82,22,6,28,110
04/08/2005,JVL,WI,AGL,CE,Federal Contract Tower,0,8,18,0,26,0,5,103,0,108,0,13,121,0,134,32,0,32,166
04/09/2005,JVL,WI,AGL,CE,Federal Contract Tower,0,2,24,0,26,0,1,208,0,209,0,3,232,0,235,76,0,76,311
04/10/2005,JVL,WI,AGL,CE,Federal Contract Tower,0,6,32,0,38,0,5,168,0,173,0,11,200,0,211,52,0,52,263
04/11/2005,JVL,WI,AGL,CE,Federal Contract Tower,0,6,2,0,8,0,5,31,0,36,0,11,33,0,44,12,0,12,56
04/12/2005,JVL,WI,AGL,CE,Federal Contract Tower,0,1,8,0,9,0,2,7,0,9,0,3,15,0,18,0,0,0,18
04/13/2005,JVL,WI,AGL,CE,Federal Contract Tower,2,17,8,0,27,0,4,99,6,109,2,21,107,6,136,88,5,93,229
04/14/2005,JVL,WI,AGL,CE,Federal Contract Tower,0,12,28,0,40,0,7,144,0,151,0,19,172,0,191,116,0,116,307
04/15/2005,JVL,WI,AGL,CE,Federal Contract Tower,0,14,27,0,41,0,11,146,0,157,0,25,173,0,198,137,0,137,335
04/16/2005,JVL,WI,AGL,CE,Federal Contract Tower,0,2,12,0,14,0,0,145,0,145,0,2,157,0,159,92,0,92,251
04/17/2005,JVL,WI,AGL,CE,Federal Contract Tower,0,6,26,0,32,0,4,118,0,122,0,10,144,0,154,38,0,38,192
04/18/2005,JVL,WI,AGL,CE,Federal Contract Tower,0,5,8,0,13,0,4,51,0,55,0,9,59,0,68,62,0,62,130
04/19/2005,JVL,WI,AGL,CE,Federal Contract Tower,0,10,6,1,17,0,0,57,1,58,0,10,63,2,75,54,0,54,129
04/20/2005,JVL,WI,AGL,CE,Federal Contract Tower,0,17,9,0,26,0,0,12,0,12,0,17,21,0,38,14,0,14,52
04/21/2005,JVL,WI,AGL,CE,Federal Contract Tower,0,13,17,0,30,0,4,106,0,110,0,17,123,0,140,88,0,88,228
04/22/2005,JVL,WI,AGL,CE,Federal Contract Tower,0,12,1,0,13,0,0,14,0,14,0,12,15,0,27,28,0,28,55
04/23/2005,JVL,WI,AGL,CE,Federal Contract Tower,0,0,7,0,7,0,0,71,0,71,0,0,78,0,78,38,0,38,116
04/24/2005,JVL,WI,AGL,CE,Federal Contract Tower,0,5,11,0,16,0,4,62,0,66,0,9,73,0,82,36,0,36,118
04/25/2005,JVL,WI,AGL,CE,Federal Contract Tower,2,18,5,0,25,0,2,55,0,57,2,20,60,0,82,20,0,20,102
04/26/2005,JVL,WI,AGL,CE,Federal Contract Tower,0,6,7,0,13,0,0,59,2,61,0,6,66,2,74,14,8,22,96
04/27/2005,JVL,WI,AGL,CE,Federal Contract Tower,0,8,6,0,14,0,5,55,2,62,0,13,61,2,76,8,0,8,84
04/28/2005,JVL,WI,AGL,CE,Federal Contract Tower,0,13,12,0,25,0,5,92,0,97,0,18,104,0,122,58,0,58,180
04/29/2005,JVL,WI,AGL,CE,Federal Contract Tower,0,31,8,0,39,0,18,90,0,108,0,49,98,0,147,64,0,64,211
04/30/2005,JVL,WI,AGL,CE,Federal Contract Tower,0,1,14,0,15,0,0,129,0,129,0,1,143,0,144,36,0,36,180
05/01/2005,JVL,WI,AGL,CE,Federal Contract Tower,0,12,7,0,19,0,2,60,0,62,0,14,67,0,81,30,0,30,111
05/02/2005,JVL,WI,AGL,CE,Federal Contract Tower,2,11,1,0,14,0,0,22,0,22,2,11,23,0,36,38,0,38,74
05/03/2005,JVL,WI,AGL,CE,Federal Contract Tower,0,26,6,0,32,0,6,57,0,63,0,32,63,0,95,60,0,60,155
05/04/2005,JVL,WI,AGL,CE,Federal Contract Tower,0,12,14,0,26,0,7,134,2,143,0,19,148,2,169,62,0,62,231
05/05/2005,JVL,WI,AGL,CE,Federal Contract Tower,2,6,6,0,14,0,0,123,0,123,2,6,129,0,137,96,0,96,233
05/06/2005,JVL,WI,AGL,CE,Federal Contract Tower,0,10,7,0,17,0,3,92,0,95,0,13,99,0,112,86,0,86,198
05/07/2005,JVL,WI,AGL,CE,Federal Contract Tower,0,3,14,0,17,0,2,130,0,132,0,5,144,0,149,70,0,70,219
05/08/2005,JVL,WI,AGL,CE,Federal Contract Tower,0,11,6,0,17,0,6,129,0,135,0,17,135,0,152,70,0,70,222
05/09/2005,JVL,WI,AGL,CE,Federal Contract Tower,0,4,9,0,13,0,4,43,0,47,0,8,52,0,60,88,0,88,148
05/10/2005,JVL,WI,AGL,CE,Federal Contract Tower,4,8,10,0,22,0,2,82,0,84,4,10,92,0,106,86,0,86,192
05/11/2005,JVL,WI,AGL,CE,Federal Contract Tower,0,22,11,0,33,0,1,18,0,19,0,23,29,0,52,0,0,0,52
05/12/2005,JVL,WI,AGL,CE,Federal Contract Tower,2,22,4,0,28,0,4,25,0,29,2,26,29,0,57,22,0,22,79
05/13/2005,JVL,WI,AGL,CE,Federal Contract Tower,0,20,16,2,38,0,0,1,0,1,0,20,17,2,39,6,0,6,45
05/14/2005,JVL,WI,AGL,CE,Federal Contract Tower,0,6,7,0,13,0,0,137,0,137,0,6,144,0,150,64,0,64,214
05/15/2005,JVL,WI,AGL,CE,Federal Contract Tower,0,11,19,0,30,0,3,73,0,76,0,14,92,0,106,46,0,46,152
05/16/2005,JVL,WI,AGL,CE,Federal Contract Tower,0,7,7,0,14,0,0,95,0,95,0,7,102,0,109,120,0,120,229
05/17/2005,JVL,WI,AGL,CE,Federal Contract Tower,0,8,10,1,19,0,4,58,3,65,0,12,68,4,84,18,2,20,104
05/18/2005,JVL,WI,AGL,CE,Federal Contract Tower,0,12,12,0,24,0,2,61,0,63,0,14,73,0,87,24,0,24,111
05/19/2005,JVL,WI,AGL,CE,Federal Contract Tower,0,11,20,0,31,0,0,18,0,18,0,11,38,0,49,16,0,16,65
05/20/2005,JVL,WI,AGL,CE,Federal Contract Tower,0,14,10,0,24,0,5,42,0,47,0,19,52,0,71,24,0,24,95
05/21/2005,JVL,WI,AGL,CE,Federal Contract Tower,0,4,8,0,12,0,0,194,2,196,0,4,202,2,208,96,0,96,304
05/22/2005,JVL,WI,AGL,CE,Federal Contract Tower,0,11,3,0,14,0,4,48,0,52,0,15,51,0,66,6,0,6,72
05/23/2005,JVL,WI,AGL,CE,Federal Contract Tower,0,11,6,0,17,0,2,56,0,58,0,13,62,0,75,72,0,72,147
05/24/2005,JVL,WI,AGL,CE,Federal Contract Tower,0,15,12,0,27,0,5,123,0,128,0,20,135,0,155,108,0,108,263
05/25/2005,JVL,WI,AGL,CE,Federal Contract Tower,2,10,12,0,24,0,2,107,0,109,2,12,119,0,133,74,0,74,207
05/26/2005,JVL,WI,AGL,CE,Federal Contract Tower,0,13,12,0,25,0,0,66,0,66,0,13,78,0,91,44,0,44,135
05/27/2005,JVL,WI,AGL,CE,Federal Contract Tower,0,20,10,0,30,0,6,63,0,69,0,26,73,0,99,76,0,76,175
05/28/2005,JVL,WI,AGL,CE,Federal Contract Tower,0,8,9,0,17,0,3,117,0,120,0,11,126,0,137,58,0,58,195
05/29/2005,JVL,WI,AGL,CE,Federal Contract Tower,0,5,7,0,12,0,0,59,0,59,0,5,66,0,71,36,0,36,107
05/30/2005,JVL,WI,AGL,CE,Federal Contract Tower,0,7,9,0,16,0,8,109,0,117,0,15,118,0,133,78,0,78,211
05/31/2005,JVL,WI,AGL,CE,Federal Contract Tower,1,7,8,1,17,0,1,79,0,80,1,8,87,1,97,32,2,34,131
06/01/2005,JVL,WI,AGL,CE,Federal Contract Tower,0,13,11,0,24,0,1,94,0,95,0,14,105,0,119,46,0,46,165
06/02/2005,JVL,WI,AGL,CE,Federal Contract Tower,0,7,11,0,18,0,0,99,0,99,0,7,110,0,117,32,0,32,149
06/03/2005,JVL,WI,AGL,CE,Federal Contract Tower,0,13,20,0,33,0,3,60,0,63,0,16,80,0,96,46,0,46,142
06/04/2005,JVL,WI,AGL,CE,Federal Contract Tower,0,3,8,0,11,0,1,78,0,79,0,4,86,0,90,64,0,64,154
06/05/2005,JVL,WI,AGL,CE,Federal Contract Tower,0,9,5,0,14,0,3,70,0,73,0,12,75,0,87,22,0,22,109
06/06/2005,JVL,WI,AGL,CE,Federal Contract Tower,0,8,14,0,22,0,2,73,2,77,0,10,87,2,99,20,4,24,123
06/07/2005,JVL,WI,AGL,CE,Federal Contract Tower,2,7,5,1,15,0,0,80,1,81,2,7,85,2,96,36,0,36,132
06/08/2005,JVL,WI,AGL,CE,Federal Contract Tower,0,16,9,6,31,0,2,77,8,87,0,18,86,14,118,60,4,64,182
06/09/2005,JVL,WI,AGL,CE,Federal Contract Tower,2,6,5,2,15,0,3,54,26,83,2,9,59,28,98,16,72,88,186
06/10/2005,JVL,WI,AGL,CE,Federal Contract Tower,0,9,10,5,24,0,4,122,27,153,0,13,132,32,177,38,132,170,347
06/11/2005,JVL,WI,AGL,CE,Federal Contract Tower,0,7,8,0,15,0,0,213,72,285,0,7,221,72,300,236,80,316,616
06/12/2005,JVL,WI,AGL,CE,Federal Contract Tower,0,1,14,11,26,0,0,154,6,160,0,1,168,17,186,260,76,336,522
06/13/2005,JVL,WI,AGL,CE,Federal Contract Tower,0,6,6,9,21,0,0,30,1,31,0,6,36,10,52,10,4,14,66
06/14/2005,JVL,WI,AGL,CE,Federal Contract Tower,0,10,19,0,29,0,0,31,0,31,0,10,50,0,60,12,0,12,72
06/15/2005,JVL,WI,AGL,CE,Federal Contract Tower,0,10,11,0,21,0,1,46,0,47,0,11,57,0,68,44,0,44,112
06/16/2005,JVL,WI,AGL,CE,Federal Contract Tower,1,6,21,0,28,0,3,111,0,114,1,9,132,0,142,62,0,62,204
06/17/2005,JVL,WI,AGL,CE,Federal Contract Tower,0,12,10,0,22,0,1,108,0,109,0,13,118,0,131,104,0,104,235
06/18/2005,JVL,WI,AGL,CE,Federal Contract Tower,0,0,31,0,31,0,2,200,0,202,0,2,231,0,233,46,0,46,279
06/19/2005,JVL,WI,AGL,CE,Federal Contract Tower,0,4,1,0,5,0,0,140,0,140,0,4,141,0,145,70,0,70,215
06/20/2005,JVL,WI,AGL,CE,Federal Contract Tower,2,10,12,0,24,0,1,64,0,65,2,11,76,0,89,32,0,32,121
06/21/2005,JVL,WI,AGL,CE,Federal Contract Tower,2,17,14,0,33,0,0,60,2,62,2,17,74,2,95,60,0,60,155
06/22/2005,JVL,WI,AGL,CE,Federal Contract Tower,0,15,18,0,33,0,0,107,0,107,0,15,125,0,140,64,0,64,204
06/23/2005,JVL,WI,AGL,CE,Federal Contract Tower,0,20,8,0,28,0,2,55,0,57,0,22,63,0,85,48,0,48,133
06/24/2005,JVL,WI,AGL,CE,Federal Contract Tower,0,14,7,0,21,0,2,58,0,60,0,16,65,0,81,58,0,58,139
06/25/2005,JVL,WI,AGL,CE,Federal Contract Tower,0,3,14,0,17,0,1,134,0,135,0,4,148,0,152,38,0,38,190
06/26/2005,JVL,WI,AGL,CE,Federal Contract Tower,0,8,13,0,21,0,1,79,0,80,0,9,92,0,101,24,0,24,125
06/27/2005,JVL,WI,AGL,CE,Federal Contract Tower,0,12,15,0,27,0,1,84,0,85,0,13,99,0,112,86,0,86,198
06/28/2005,JVL,WI,AGL,CE,Federal Contract Tower,0,6,15,0,21,0,0,58,0,58,0,6,73,0,79,76,0,76,155
06/29/2005,JVL,WI,AGL,CE,Federal Contract Tower,0,12,10,0,22,0,5,76,0,81,0,17,86,0,103,82,0,82,185
06/30/2005,JVL,WI,AGL,CE,Federal Contract Tower,0,8,9,0,17,0,2,86,0,88,0,10,95,0,105,58,0,58,163
07/01/2005,JVL,WI,AGL,CE,Federal Contract Tower,0,10,16,0,26,0,1,155,0,156,0,11,171,0,182,62,0,62,244
07/02/2005,JVL,WI,AGL,CE,Federal Contract Tower,0,4,8,0,12,0,1,176,0,177,0,5,184,0,189,48,0,48,237
07/03/2005,JVL,WI,AGL,CE,Federal Contract Tower,0,5,6,0,11,0,0,97,0,97,0,5,103,0,108,30,0,30,138
07/04/2005,JVL,WI,AGL,CE,Federal Contract Tower,0,0,3,0,3,0,0,12,0,12,0,0,15,0,15,18,0,18,33
07/05/2005,JVL,WI,AGL,CE,Federal Contract Tower,0,12,7,0,19,0,0,82,0,82,0,12,89,0,101,112,0,112,213
07/06/2005,JVL,WI,AGL,CE,Federal Contract Tower,0,14,22,0,36,0,0,69,0,69,0,14,91,0,105,48,0,48,153
07/07/2005,JVL,WI,AGL,CE,Federal Contract Tower,0,7,13,0,20,0,2,94,2,98,0,9,107,2,118,68,0,68,186
07/08/2005,JVL,WI,AGL,CE,Federal Contract Tower,0,11,13,0,24,0,1,160,0,161,0,12,173,0,185,98,0,98,283
07/09/2005,JVL,WI,AGL,CE,Federal Contract Tower,0,5,12,0,17,0,1,131,0,132,0,6,143,0,149,18,0,18,167
07/10/2005,JVL,WI,AGL,CE,Federal Contract Tower,0,10,9,0,19,0,1,170,0,171,0,11,179,0,190,114,0,114,304
07/11/2005,JVL,WI,AGL,CE,Federal Contract Tower,0,18,13,0,31,0,0,61,0,61,0,18,74,0,92,94,0,94,186
07/12/2005,JVL,WI,AGL,CE,Federal Contract Tower,0,11,8,0,19,0,1,25,0,26,0,12,33,0,45,18,0,18,63
07/13/2005,JVL,WI,AGL,CE,Federal Contract Tower,0,14,12,0,26,0,3,41,4,48,0,17,53,4,74,64,0,64,138
07/14/2005,JVL,WI,AGL,CE,Federal Contract Tower,0,17,12,0,29,0,1,94,0,95,0,18,106,0,124,128,0,128,252
07/15/2005,JVL,WI,AGL,CE,Federal Contract Tower,0,14,17,0,31,0,1,75,0,76,0,15,92,0,107,140,0,140,247
07/16/2005,JVL,WI,AGL,CE,Federal Contract Tower,0,7,14,0,21,0,0,132,0,132,0,7,146,0,153,66,0,66,219
07/17/2005,JVL,WI,AGL,CE,Federal Contract Tower,0,9,11,0,20,0,1,88,0,89,0,10,99,0,109,60,0,60,169
07/18/2005,JVL,WI,AGL,CE,Federal Contract Tower,0,5,9,0,14,0,0,41,0,41,0,5,50,0,55,32,0,32,87
07/19/2005,JVL,WI,AGL,CE,Federal Contract Tower,0,9,9,0,18,0,4,84,2,90,0,13,93,2,108,174,0,174,282
07/20/2005,JVL,WI,AGL,CE,Federal Contract Tower,0,18,6,0,24,0,2,48,0,50,0,20,54,0,74,32,0,32,106
07/21/2005,JVL,WI,AGL,CE,Federal Contract Tower,0,19,15,0,34,0,1,70,0,71,0,20,85,0,105,60,0,60,165
07/22/2005,JVL,WI,AGL,CE,Federal Contract Tower,0,8,24,0,32,0,0,131,0,131,0,8,155,0,163,230,0,230,393
07/23/2005,JVL,WI,AGL,CE,Federal Contract Tower,0,3,3,0,6,0,1,56,0,57,0,4,59,0,63,12,0,12,75
07/24/2005,JVL,WI,AGL,CE,Federal Contract Tower,0,7,5,0,12,0,0,79,0,79,0,7,84,0,91,32,0,32,123
07/25/2005,JVL,WI,AGL,CE,Federal Contract Tower,0,10,16,0,26,0,3,18,0,21,0,13,34,0,47,46,2,48,95
07/26/2005,JVL,WI,AGL,CE,Federal Contract Tower,0,7,23,0,30,0,2,44,0,46,0,9,67,0,76,0,0,0,76
07/27/2005,JVL,WI,AGL,CE,Federal Contract Tower,0,17,12,0,29,0,5,120,0,125,0,22,132,0,154,180,0,180,334
07/28/2005,JVL,WI,AGL,CE,Federal Contract Tower,0,10,11,0,21,0,1,111,0,112,0,11,122,0,133,68,0,68,201
07/29/2005,JVL,WI,AGL,CE,Federal Contract Tower,0,8,17,0,25,0,2,100,0,102,0,10,117,0,127,94,0,94,221
07/30/2005,JVL,WI,AGL,CE,Federal Contract Tower,0,6,8,0,14,0,0,138,0,138,0,6,146,0,152,32,0,32,184
07/31/2005,JVL,WI,AGL,CE,Federal Contract Tower,0,9,10,0,19,0,0,119,0,119,0,9,129,0,138,84,0,84,222
08/01/2005,JVL,WI,AGL,CE,Federal Contract Tower,0,9,14,0,23,0,6,66,0,72,0,15,80,0,95,84,0,84,179
08/02/2005,JVL,WI,AGL,CE,Federal Contract Tower,2,6,22,0,30,0,1,71,2,74,2,7,93,2,104,70,0,70,174
08/03/2005,JVL,WI,AGL,CE,Federal Contract Tower,0,14,4,0,18,0,0,18,0,18,0,14,22,0,36,6,0,6,42
08/04/2005,JVL,WI,AGL,CE,Federal Contract Tower,0,14,8,0,22,0,3,58,0,61,0,17,66,0,83,54,2,56,139
08/05/2005,JVL,WI,AGL,CE,Federal Contract Tower,0,16,5,0,21,0,9,117,0,126,0,25,122,0,147,82,0,82,229
08/06/2005,JVL,WI,AGL,CE,Federal Contract Tower,0,11,25,0,36,0,3,115,0,118,0,14,140,0,154,74,0,74,228
08/07/2005,JVL,WI,AGL,CE,Federal Contract Tower,0,9,7,0,16,0,0,136,0,136,0,9,143,0,152,78,6,84,236
08/08/2005,JVL,WI,AGL,CE,Federal Contract Tower,0,9,7,0,16,0,4,82,0,86,0,13,89,0,102,88,0,88,190
08/09/2005,JVL,WI,AGL,CE,Federal Contract Tower,0,12,9,0,21,0,1,58,0,59,0,13,67,0,80,86,0,86,166
08/10/2005,JVL,WI,AGL,CE,Federal Contract Tower,0,10,7,0,17,0,2,62,0,64,0,12,69,0,81,66,0,66,147
08/11/2005,JVL,WI,AGL,CE,Federal Contract Tower,0,18,9,0,27,0,0,15,0,15,0,18,24,0,42,14,0,14,56
08/12/2005,JVL,WI,AGL,CE,Federal Contract Tower,0,9,11,0,20,0,0,68,0,68,0,9,79,0,88,4,0,4,92
08/13/2005,JVL,WI,AGL,CE,Federal Contract Tower,0,8,22,0,30,0,0,126,0,126,0,8,148,0,156,34,0,34,190
08/14/2005,JVL,WI,AGL,CE,Federal Contract Tower,0,13,9,0,22,0,0,133,0,133,0,13,142,0,155,70,0,70,225
08/15/2005,JVL,WI,AGL,CE,Federal Contract Tower,0,6,13,0,19,0,2,80,0,82,0,8,93,0,101,136,0,136,237
08/16/2005,JVL,WI,AGL,CE,Federal Contract Tower,0,12,9,0,21,0,6,69,0,75,0,18,78,0,96,98,0,98,194
08/17/2005,JVL,WI,AGL,CE,Federal Contract Tower,2,13,5,0,20,0,3,82,0,85,2,16,87,0,105,46,0,46,151
08/18/2005,JVL,WI,AGL,CE,Federal Contract Tower,1,17,3,0,21,0,0,19,0,19,1,17,22,0,40,12,0,12,52
08/19/2005,JVL,WI,AGL,CE,Federal Contract Tower,0,10,5,0,15,0,8,97,0,105,0,18,102,0,120,144,0,144,264
08/20/2005,JVL,WI,AGL,CE,Federal Contract Tower,0,6,31,0,37,0,2,78,0,80,0,8,109,0,117,90,0,90,207
08/21/2005,JVL,WI,AGL,CE,Federal Contract Tower,0,9,22,0,31,0,0,141,0,141,0,9,163,0,172,84,0,84,256
08/22/2005,JVL,WI,AGL,CE,Federal Contract Tower,2,10,16,0,28,0,3,65,2,70,2,13,81,2,98,80,8,88,186
08/23/2005,JVL,WI,AGL,CE,Federal Contract Tower,0,9,10,0,19,0,1,113,0,114,0,10,123,0,133,104,0,104,237
08/24/2005,JVL,WI,AGL,CE,Federal Contract Tower,2,12,10,0,24,0,0,97,0,97,2,12,107,0,121,112,0,112,233
08/25/2005,JVL,WI,AGL,CE,Federal Contract Tower,0,14,6,0,20,0,0,85,0,85,0,14,91,0,105,100,0,100,205
08/26/2005,JVL,WI,AGL,CE,Federal Contract Tower,0,17,15,0,32,0,0,48,0,48,0,17,63,0,80,138,0,138,218
08/27/2005,JVL,WI,AGL,CE,Federal Contract Tower,0,0,19,0,19,0,0,89,0,89,0,0,108,0,108,68,0,68,176
08/28/2005,JVL,WI,AGL,CE,Federal Contract Tower,0,0,14,1,15,0,1,154,0,155,0,1,168,1,170,66,4,70,240
08/29/2005,JVL,WI,AGL,CE,Federal Contract Tower,0,12,5,4,21,0,2,49,0,51,0,14,54,4,72,22,2,24,96
08/30/2005,JVL,WI,AGL,CE,Federal Contract Tower,0,11,11,0,22,0,1,85,0,86,0,12,96,0,108,88,0,88,196
08/31/2005,JVL,WI,AGL,CE,Federal Contract Tower,0,16,16,0,32,0,3,112,0,115,0,19,128,0,147,180,0,180,327
09/01/2005,JVL,WI,AGL,CE,Federal Contract Tower,0,12,9,0,21,0,4,109,0,113,0,16,118,0,134,86,0,86,220
09/02/2005,JVL,WI,AGL,CE,Federal Contract Tower,0,14,6,1,21,0,4,143,0,147,0,18,149,1,168,128,0,128,296
09/03/2005,JVL,WI,AGL,CE,Federal Contract Tower,0,3,21,0,24,0,0,226,0,226,0,3,247,0,250,114,0,114,364
09/04/2005,JVL,WI,AGL,CE,Federal Contract Tower,0,4,3,0,7,0,0,114,0,114,0,4,117,0,121,64,0,64,185
09/05/2005,JVL,WI,AGL,CE,Federal Contract Tower,0,4,7,1,12,0,0,120,0,120,0,4,127,1,132,72,0,72,204
09/06/2005,JVL,WI,AGL,CE,Federal Contract Tower,0,5,8,0,13,0,1,71,0,72,0,6,79,0,85,50,0,50,135
09/07/2005,JVL,WI,AGL,CE,Federal Contract Tower,0,15,5,0,20,0,7,39,0,46,0,22,44,0,66,72,0,72,138
09/08/2005,JVL,WI,AGL,CE,Federal Contract Tower,0,12,18,0,30,0,0,66,0,66,0,12,84,0,96,134,0,134,230
09/09/2005,JVL,WI,AGL,CE,Federal Contract Tower,0,7,0,0,7,0,23,85,0,108,0,30,85,0,115,160,0,160,275
09/10/2005,JVL,WI,AGL,CE,Federal Contract Tower,0,0,25,0,25,0,0,183,0,183,0,0,208,0,208,88,0,88,296
09/11/2005,JVL,WI,AGL,CE,Federal Contract Tower,0,17,22,0,39,0,2,94,0,96,0,19,116,0,135,66,0,66,201
09/12/2005,JVL,WI,AGL,CE,Federal Contract Tower,2,14,3,0,19,0,4,41,0,45,2,18,44,0,64,74,0,74,138
09/13/2005,JVL,WI,AGL,CE,Federal Contract Tower,0,7,8,0,15,0,2,26,0,28,0,9,34,0,43,24,0,24,67
09/14/2005,JVL,WI,AGL,CE,Federal Contract Tower,0,12,4,0,16,0,6,79,0,85,0,18,83,0,101,108,0,108,209
09/15/2005,JVL,WI,AGL,CE,Federal Contract Tower,0,21,8,0,29,0,3,95,0,98,0,24,103,0,127,128,0,128,255
09/16/2005,JVL,WI,AGL,CE,Federal Contract Tower,0,6,6,0,12,0,5,77,0,82,0,11,83,0,94,114,0,114,208
09/17/2005,JVL,WI,AGL,CE,Federal Contract Tower,0,5,20,0,25,0,0,146,0,146,0,5,166,0,171,86,0,86,257
09/18/2005,JVL,WI,AGL,CE,Federal Contract Tower,0,12,8,0,20,0,6,119,0,125,0,18,127,0,145,72,0,72,217
09/19/2005,JVL,WI,AGL,CE,Federal Contract Tower,0,12,9,0,21,0,1,22,0,23,0,13,31,0,44,36,0,36,80
09/20/2005,JVL,WI,AGL,CE,Federal Contract Tower,2,3,8,0,13,0,0,68,0,68,2,3,76,0,81,82,0,82,163
09/21/2005,JVL,WI,AGL,CE,Federal Contract Tower,0,10,9,0,19,0,2,45,0,47,0,12,54,0,66,82,0,82,148
09/22/2005,JVL,WI,AGL,CE,Federal Contract Tower,2,11,2,0,15,0,5,22,0,27,2,16,24,0,42,92,0,92,134
09/23/2005,JVL,WI,AGL,CE,Federal Contract Tower,9,22,12,0,43,0,8,106,0,114,9,30,118,0,157,80,0,80,237
09/24/2005,JVL,WI,AGL,CE,Federal Contract Tower,0,4,27,0,31,0,2,61,0,63,0,6,88,0,94,38,0,38,132
09/25/2005,JVL,WI,AGL,CE,Federal Contract Tower,0,17,19,0,36,0,0,0,0,0,0,17,19,0,36,0,0,0,36
09/26/2005,JVL,WI,AGL,CE,Federal Contract Tower,0,6,11,0,17,0,0,36,0,36,0,6,47,0,53,70,0,70,123
09/27/2005,JVL,WI,AGL,CE,Federal Contract Tower,0,14,10,0,24,0,1,121,0,122,0,15,131,0,146,32,0,32,178
09/28/2005,JVL,WI,AGL,CE,Federal Contract Tower,2,12,9,0,23,0,1,26,0,27,2,13,35,0,50,90,0,90,140
09/29/2005,JVL,WI,AGL,CE,Federal Contract Tower,0,19,12,0,31,0,3,120,0,123,0,22,132,0,154,94,0,94,248
09/30/2005,JVL,WI,AGL,CE,Federal Contract Tower,4,13,13,0,30,0,10,80,0,90,4,23,93,0,120,96,0,96,216
10/01/2005,JVL,WI,AGL,CE,Federal Contract Tower,0,5,14,0,19,0,0,160,0,160,0,5,174,0,179,82,0,82,261
10/02/2005,JVL,WI,AGL,CE,Federal Contract Tower,0,12,14,0,26,0,4,98,0,102,0,16,112,0,128,26,0,26,154
10/03/2005,JVL,WI,AGL,CE,Federal Contract Tower,0,6,6,2,14,0,0,40,0,40,0,6,46,2,54,54,0,54,108
10/04/2005,JVL,WI,AGL,CE,Federal Contract Tower,0,8,13,0,21,0,0,68,0,68,0,8,81,0,89,74,0,74,163
10/05/2005,JVL,WI,AGL,CE,Federal Contract Tower,0,19,8,2,29,0,4,54,13,71,0,23,62,15,100,98,4,102,202
10/06/2005,JVL,WI,AGL,CE,Federal Contract Tower,0,12,7,0,19,0,5,101,2,108,0,17,108,2,127,106,0,106,233
10/07/2005,JVL,WI,AGL,CE,Federal Contract Tower,1,22,7,0,30,0,2,62,0,64,1,24,69,0,94,150,0,150,244
10/08/2005,JVL,WI,AGL,CE,Federal Contract Tower,2,3,15,0,20,0,0,153,0,153,2,3,168,0,173,70,0,70,243
10/09/2005,JVL,WI,AGL,CE,Federal Contract Tower,0,9,20,0,29,0,5,180,0,185,0,14,200,0,214,118,0,118,332
10/10/2005,JVL,WI,AGL,CE,Federal Contract Tower,0,7,10,0,17,0,0,80,0,80,0,7,90,0,97,88,0,88,185
10/11/2005,JVL,WI,AGL,CE,Federal Contract Tower,0,10,12,0,22,0,3,60,0,63,0,13,72,0,85,70,0,70,155
10/12/2005,JVL,WI,AGL,CE,Federal Contract Tower,3,7,20,0,30,0,2,18,0,20,3,9,38,0,50,104,0,104,154
10/13/2005,JVL,WI,AGL,CE,Federal Contract Tower,3,15,18,0,36,0,3,62,2,67,3,18,80,2,103,86,2,88,191
10/14/2005,JVL,WI,AGL,CE,Federal Contract Tower,0,16,10,0,26,0,1,90,0,91,0,17,100,0,117,74,0,74,191
10/15/2005,JVL,WI,AGL,CE,Federal Contract Tower,0,9,23,0,32,0,0,143,0,143,0,9,166,0,175,106,0,106,281
10/16/2005,JVL,WI,AGL,CE,Federal Contract Tower,0,14,11,3,28,0,1,213,0,214,0,15,224,3,242,138,2,140,382
10/17/2005,JVL,WI,AGL,CE,Federal Contract Tower,0,5,10,0,15,0,1,58,0,59,0,6,68,0,74,112,0,112,186
10/18/2005,JVL,WI,AGL,CE,Federal Contract Tower,2,7,9,0,18,0,2,118,2,122,2,9,127,2,140,130,0,130,270
10/19/2005,JVL,WI,AGL,CE,Federal Contract Tower,2,10,12,0,24,0,2,87,0,89,2,12,99,0,113,124,0,124,237
10/20/2005,JVL,WI,AGL,CE,Federal Contract Tower,0,17,10,0,27,0,2,62,2,66,0,19,72,2,93,126,8,134,227
10/21/2005,JVL,WI,AGL,CE,Federal Contract Tower,0,10,4,0,14,0,3,98,0,101,0,13,102,0,115,132,0,132,247
10/22/2005,JVL,WI,AGL,CE,Federal Contract Tower,0,11,29,0,40,0,0,52,0,52,0,11,81,0,92,70,0,70,162
10/23/2005,JVL,WI,AGL,CE,Federal Contract Tower,0,12,14,0,26,0,3,7,0,10,0,15,21,0,36,0,0,0,36
10/24/2005,JVL,WI,AGL,CE,Federal Contract Tower,0,7,10,0,17,0,0,31,0,31,0,7,41,0,48,24,0,24,72
10/25/2005,JVL,WI,AGL,CE,Federal Contract Tower,0,9,11,0,20,0,4,39,0,43,0,13,50,0,63,22,0,22,85
10/26/2005,JVL,WI,AGL,CE,Federal Contract Tower,0,22,3,0,25,0,8,70,0,78,0,30,73,0,103,106,0,106,209
10/27/2005,JVL,WI,AGL,CE,Federal Contract Tower,2,20,8,0,30,0,3,82,2,87,2,23,90,2,117,118,8,126,243
10/28/2005,JVL,WI,AGL,CE,Federal Contract Tower,0,8,13,10,31,0,1,135,3,139,0,9,148,13,170,120,36,156,326
10/29/2005,JVL,WI,AGL,CE,Federal Contract Tower,0,4,16,0,20,0,0,148,0,148,0,4,164,0,168,160,0,160,328
10/30/2005,JVL,WI,AGL,CE,Federal Contract Tower,0,7,18,0,25,0,4,119,0,123,0,11,137,0,148,50,0,50,198
10/31/2005,JVL,WI,AGL,CE,Federal Contract Tower,2,12,13,0,27,0,7,32,0,39,2,19,45,0,66,42,0,42,108
11/01/2005,JVL,WI,AGL,CE,Federal Contract Tower,0,17,5,0,22,0,0,43,0,43,0,17,48,0,65,138,0,138,203
11/02/2005,JVL,WI,AGL,CE,Federal Contract Tower,0,15,5,0,20,0,5,104,0,109,0,20,109,0,129,76,0,76,205
11/03/2005,JVL,WI,AGL,CE,Federal Contract Tower,0,6,12,0,18,0,5,79,0,84,0,11,91,0,102,96,0,96,198
11/04/2005,JVL,WI,AGL,CE,Federal Contract Tower,0,13,7,0,20,0,6,83,0,89,0,19,90,0,109,114,0,114,223
11/05/2005,JVL,WI,AGL,CE,Federal Contract Tower,0,6,21,0,27,0,0,27,0,27,0,6,48,0,54,54,0,54,108
11/06/2005,JVL,WI,AGL,CE,Federal Contract Tower,0,13,18,0,31,0,7,35,0,42,0,20,53,0,73,60,0,60,133
11/07/2005,JVL,WI,AGL,CE,Federal Contract Tower,0,10,7,0,17,0,0,40,0,40,0,10,47,0,57,100,0,100,157
11/08/2005,JVL,WI,AGL,CE,Federal Contract Tower,0,13,18,0,31,0,7,35,0,42,0,20,53,0,73,60,0,60,133
11/09/2005,JVL,WI,AGL,CE,Federal Contract Tower,0,12,4,0,16,0,0,25,0,25,0,12,29,0,41,2,0,2,43
11/10/2005,JVL,WI,AGL,CE,Federal Contract Tower,2,9,15,0,26,0,4,142,0,146,2,13,157,0,172,80,0,80,252
11/11/2005,JVL,WI,AGL,CE,Federal Contract Tower,4,15,16,0,35,0,0,205,0,205,4,15,221,0,240,168,0,168,408
11/12/2005,JVL,WI,AGL,CE,Federal Contract Tower,0,5,20,0,25,0,0,133,0,133,0,5,153,0,158,18,0,18,176
11/13/2005,JVL,WI,AGL,CE,Federal Contract Tower,0,8,2,0,10,0,5,7,0,12,0,13,9,0,22,0,0,0,22
11/14/2005,JVL,WI,AGL,CE,Federal Contract Tower,0,20,14,0,34,0,0,66,0,66,0,20,80,0,100,118,0,118,218
11/15/2005,JVL,WI,AGL,CE,Federal Contract Tower,6,19,2,0,27,0,1,0,0,1,6,20,2,0,28,0,0,0,28
11/16/2005,JVL,WI,AGL,CE,Federal Contract Tower,2,17,0,0,19,0,0,0,0,0,2,17,0,0,19,0,0,0,19
11/17/2005,JVL,WI,AGL,CE,Federal Contract Tower,0,19,9,0,28,0,8,65,0,73,0,27,74,0,101,50,0,50,151
11/18/2005,JVL,WI,AGL,CE,Federal Contract Tower,0,10,9,0,19,0,4,79,0,83,0,14,88,0,102,78,0,78,180
11/19/2005,JVL,WI,AGL,CE,Federal Contract Tower,0,3,9,0,12,0,0,128,0,128,0,3,137,0,140,92,0,92,232
11/20/2005,JVL,WI,AGL,CE,Federal Contract Tower,0,9,24,0,33,0,3,54,0,57,0,12,78,0,90,70,0,70,160
11/21/2005,JVL,WI,AGL,CE,Federal Contract Tower,0,9,11,0,20,0,0,44,0,44,0,9,55,0,64,54,0,54,118
11/22/2005,JVL,WI,AGL,CE,Federal Contract Tower,0,21,20,0,41,0,0,110,0,110,0,21,130,0,151,98,0,98,249
11/23/2005,JVL,WI,AGL,CE,Federal Contract Tower,0,16,12,0,28,0,3,73,0,76,0,19,85,0,104,110,0,110,214
11/24/2005,JVL,WI,AGL,CE,Federal Contract Tower,0,1,0,0,1,0,0,6,0,6,0,1,6,0,7,0,0,0,7
11/25/2005,JVL,WI,AGL,CE,Federal Contract Tower,0,8,21,0,29,2,0,37,0,39,2,8,58,0,68,14,0,14,82
11/26/2005,JVL,WI,AGL,CE,Federal Contract Tower,0,1,20,0,21,0,0,204,0,204,0,1,224,0,225,84,0,84,309
11/27/2005,JVL,WI,AGL,CE,Federal Contract Tower,0,23,4,0,27,0,0,1,0,1,0,23,5,0,28,0,0,0,28
11/28/2005,JVL,WI,AGL,CE,Federal Contract Tower,0,18,0,0,18,0,0,10,0,10,0,18,10,0,28,0,0,0,28
11/29/2005,JVL,WI,AGL,CE,Federal Contract Tower,0,8,0,1,9,0,0,6,0,6,0,8,6,1,15,34,2,36,51
11/30/2005,JVL,WI,AGL,CE,Federal Contract Tower,0,12,14,0,26,0,0,52,0,52,0,12,66,0,78,30,0,30,108
12/01/2005,JVL,WI,AGL,CE,Federal Contract Tower,0,5,6,1,12,0,3,6,1,10,0,8,12,2,22,18,0,18,40
12/02/2005,JVL,WI,AGL,CE,Federal Contract Tower,0,13,14,0,27,0,3,111,0,114,0,16,125,0,141,90,0,90,231
12/03/2005,JVL,WI,AGL,CE,Federal Contract Tower,0,0,22,0,22,0,0,71,0,71,0,0,93,0,93,74,0,74,167
12/04/2005,JVL,WI,AGL,CE,Federal Contract Tower,0,12,16,0,28,0,9,87,0,96,0,21,103,0,124,58,0,58,182
12/05/2005,JVL,WI,AGL,CE,Federal Contract Tower,0,9,9,1,19,0,4,60,1,65,0,13,69,2,84,46,0,46,130
12/06/2005,JVL,WI,AGL,CE,Federal Contract Tower,0,19,14,3,36,0,1,35,1,37,0,20,49,4,73,52,0,52,125
12/07/2005,JVL,WI,AGL,CE,Federal Contract Tower,0,13,6,0,19,0,4,41,0,45,0,17,47,0,64,18,0,18,82
12/08/2005,JVL,WI,AGL,CE,Federal Contract Tower,2,9,0,0,11,0,1,8,0,9,2,10,8,0,20,8,0,8,28
12/09/2005,JVL,WI,AGL,CE,Federal Contract Tower,2,12,5,0,19,0,7,45,0,52,2,19,50,0,71,6,0,6,77
12/10/2005,JVL,WI,AGL,CE,Federal Contract Tower,0,4,14,0,18,0,1,44,0,45,0,5,58,0,63,48,0,48,111
12/11/2005,JVL,WI,AGL,CE,Federal Contract Tower,0,13,11,0,24,0,2,59,0,61,0,15,70,0,85,72,0,72,157
12/12/2005,JVL,WI,AGL,CE,Federal Contract Tower,2,11,5,0,18,0,0,56,2,58,2,11,61,2,76,60,10,70,146
12/13/2005,JVL,WI,AGL,CE,Federal Contract Tower,5,25,5,2,37,0,1,14,2,17,5,26,19,4,54,46,14,60,114
12/14/2005,JVL,WI,AGL,CE,Federal Contract Tower,1,20,0,0,21,0,1,0,0,1,1,21,0,0,22,0,0,0,22
12/15/2005,JVL,WI,AGL,CE,Federal Contract Tower,1,19,0,0,20,0,0,0,0,0,1,19,0,0,20,0,0,0,20
12/16/2005,JVL,WI,AGL,CE,Federal Contract Tower,0,18,5,0,23,0,1,18,0,19,0,19,23,0,42,42,0,42,84
12/17/2005,JVL,WI,AGL,CE,Federal Contract Tower,0,7,17,0,24,0,0,143,0,143,0,7,160,0,167,66,2,68,235
12/18/2005,JVL,WI,AGL,CE,Federal Contract Tower,0,12,7,0,19,0,7,98,0,105,0,19,105,0,124,86,0,86,210
12/19/2005,JVL,WI,AGL,CE,Federal Contract Tower,0,9,10,0,19,0,0,36,0,36,0,9,46,0,55,36,0,36,91
12/20/2005,JVL,WI,AGL,CE,Federal Contract Tower,0,18,11,0,29,0,1,62,2,65,0,19,73,2,94,54,6,60,154
12/21/2005,JVL,WI,AGL,CE,Federal Contract Tower,0,18,14,0,32,0,2,8,0,10,0,20,22,0,42,0,0,0,42
12/22/2005,JVL,WI,AGL,CE,Federal Contract Tower,0,10,4,0,14,0,4,47,0,51,0,14,51,0,65,158,0,158,223
12/23/2005,JVL,WI,AGL,CE,Federal Contract Tower,0,8,2,0,10,0,0,66,0,66,0,8,68,0,76,56,0,56,132
12/24/2005,JVL,WI,AGL,CE,Federal Contract Tower,0,3,6,0,9,0,0,1,0,1,0,3,7,0,10,0,0,0,10
12/25/2005,JVL,WI,AGL,CE,Federal Contract Tower,0,4,0,0,4,0,0,4,0,4,0,4,4,0,8,8,0,8,16
12/26/2005,JVL,WI,AGL,CE,Federal Contract Tower,0,24,12,0,36,0,0,77,0,77,0,24,89,0,113,102,0,102,215
12/27/2005,JVL,WI,AGL,CE,Federal Contract Tower,0,9,10,0,19,0,1,0,0,1,0,10,10,0,20,0,0,0,20
12/28/2005,JVL,WI,AGL,CE,Federal Contract Tower,0,3,4,0,7,0,0,0,0,0,0,3,4,0,7,0,0,0,7
12/29/2005,JVL,WI,AGL,CE,Federal Contract Tower,0,8,1,0,9,0,2,79,0,81,0,10,80,0,90,130,0,130,220
12/30/2005,JVL,WI,AGL,CE,Federal Contract Tower,0,6,2,0,8,0,1,1,0,2,0,7,3,0,10,0,0,0,10
12/31/2005,JVL,WI,AGL,CE,Federal Contract Tower,0,4,4,0,8,0,1,18,0,19,0,5,22,0,27,46,0,46,73
01/01/2006,JVL,WI,AGL,CE,Federal Contract Tower,0,3,16,0,19,0,0,54,0,54,0,3,70,0,73,18,0,18,91
01/02/2006,JVL,WI,AGL,CE,Federal Contract Tower,0,20,4,0,24,0,0,1,0,1,0,20,5,0,25,0,0,0,25
01/03/2006,JVL,WI,AGL,CE,Federal Contract Tower,0,31,21,0,52,0,1,8,0,9,0,32,29,0,61,0,0,0,61
01/04/2006,JVL,WI,AGL,CE,Federal Contract Tower,0,26,23,0,49,0,3,10,0,13,0,29,33,0,62,26,0,26,88
01/05/2006,JVL,WI,AGL,CE,Federal Contract Tower,0,17,5,0,22,0,0,47,0,47,0,17,52,0,69,58,0,58,127
01/06/2006,JVL,WI,AGL,CE,Federal Contract Tower,0,15,9,0,24,0,1,52,0,53,0,16,61,0,77,76,0,76,153
01/07/2006,JVL,WI,AGL,CE,Federal Contract Tower,0,3,23,0,26,0,2,142,0,144,0,5,165,0,170,76,0,76,246
01/08/2006,JVL,WI,AGL,CE,Federal Contract Tower,0,13,18,0,31,0,1,105,0,106,0,14,123,0,137,14,0,14,151
01/09/2006,JVL,WI,AGL,CE,Federal Contract Tower,0,9,3,0,12,0,0,30,0,30,0,9,33,0,42,36,0,36,78
01/10/2006,JVL,WI,AGL,CE,Federal Contract Tower,2,6,5,0,13,0,0,67,0,67,2,6,72,0,80,56,0,56,136
01/11/2006,JVL,WI,AGL,CE,Federal Contract Tower,0,23,10,0,33,0,2,11,0,13,0,25,21,0,46,2,0,2,48
01/12/2006,JVL,WI,AGL,CE,Federal Contract Tower,0,23,10,0,33,0,2,11,0,13,0,25,21,0,46,2,0,2,48
01/13/2006,JVL,WI,AGL,CE,Federal Contract Tower,0,20,2,0,22,0,1,17,0,18,0,21,19,0,40,50,0,50,90
01/14/2006,JVL,WI,AGL,CE,Federal Contract Tower,0,4,16,0,20,0,0,192,0,192,0,4,208,0,212,100,0,100,312
01/15/2006,JVL,WI,AGL,CE,Federal Contract Tower,0,6,17,0,23,0,0,131,0,131,0,6,148,0,154,62,0,62,216
01/16/2006,JVL,WI,AGL,CE,Federal Contract Tower,0,17,13,0,30,0,4,74,0,78,0,21,87,0,108,74,0,74,182
01/17/2006,JVL,WI,AGL,CE,Federal Contract Tower,0,11,3,0,14,0,0,6,0,6,0,11,9,0,20,50,0,50,70
01/18/2006,JVL,WI,AGL,CE,Federal Contract Tower,2,17,6,0,25,0,0,37,0,37,2,17,43,0,62,68,0,68,130
01/19/2006,JVL,WI,AGL,CE,Federal Contract Tower,0,23,15,0,38,0,6,115,0,121,0,29,130,0,159,88,0,88,247
01/20/2006,JVL,WI,AGL,CE,Federal Contract Tower,0,17,4,0,21,0,1,3,0,4,0,18,7,0,25,30,0,30,55
01/21/2006,JVL,WI,AGL,CE,Federal Contract Tower,0,3,10,0,13,0,0,79,0,79,0,3,89,0,92,98,0,98,190
01/22/2006,JVL,WI,AGL,CE,Federal Contract Tower,0,11,0,0,11,0,0,0,0,0,0,11,0,0,11,0,0,0,11
01/23/2006,JVL,WI,AGL,CE,Federal Contract Tower,0,17,4,0,21,0,0,27,0,27,0,17,31,0,48,70,0,70,118
01/24/2006,JVL,WI,AGL,CE,Federal Contract Tower,2,14,0,0,16,0,0,9,0,9,2,14,9,0,25,7,0,7,32
01/25/2006,JVL,WI,AGL,CE,Federal Contract Tower,2,14,17,0,33,0,4,65,0,69,2,18,82,0,102,60,0,60,162
01/26/2006,JVL,WI,AGL,CE,Federal Contract Tower,0,15,8,0,23,0,1,104,0,105,0,16,112,0,128,98,0,98,226
01/27/2006,JVL,WI,AGL,CE,Federal Contract Tower,0,11,4,0,15,0,12,78,0,90,0,23,82,0,105,92,0,92,197
01/28/2006,JVL,WI,AGL,CE,Federal Contract Tower,0,2,23,0,25,0,0,60,0,60,0,2,83,0,85,54,0,54,139
01/29/2006,JVL,WI,AGL,CE,Federal Contract Tower,0,18,19,0,37,0,1,7,0,8,0,19,26,0,45,6,0,6,51
01/30/2006,JVL,WI,AGL,CE,Federal Contract Tower,2,13,0,0,15,0,0,5,0,5,2,13,5,0,20,28,0,28,48
01/31/2006,JVL,WI,AGL,CE,Federal Contract Tower,2,5,8,0,15,0,0,65,0,65,2,5,73,0,80,124,0,124,204
02/01/2006,JVL,WI,AGL,CE,Federal Contract Tower,0,19,4,0,23,0,0,56,0,56,0,19,60,0,79,146,0,146,225
02/02/2006,JVL,WI,AGL,CE,Federal Contract Tower,0,11,2,0,13,0,2,19,0,21,0,13,21,0,34,54,0,54,88
02/03/2006,JVL,WI,AGL,CE,Federal Contract Tower,2,20,14,0,36,0,5,62,0,67,2,25,76,0,103,98,0,98,201
02/04/2006,JVL,WI,AGL,CE,Federal Contract Tower,0,2,4,0,6,0,0,24,0,24,0,2,28,0,30,0,0,0,30
02/05/2006,JVL,WI,AGL,CE,Federal Contract Tower,0,10,18,0,28,0,2,144,0,146,0,12,162,0,174,42,0,42,216
02/06/2006,JVL,WI,AGL,CE,Federal Contract Tower,0,15,12,1,28,0,0,68,3,71,0,15,80,4,99,48,0,48,147
02/07/2006,JVL,WI,AGL,CE,Federal Contract Tower,0,16,9,0,25,0,5,69,0,74,0,21,78,0,99,108,0,108,207
02/08/2006,JVL,WI,AGL,CE,Federal Contract Tower,0,18,5,0,23,0,0,43,0,43,0,18,48,0,66,46,0,46,112
02/09/2006,JVL,WI,AGL,CE,Federal Contract Tower,6,30,9,0,45,0,1,75,0,76,6,31,84,0,121,28,0,28,149
02/10/2006,JVL,WI,AGL,CE,Federal Contract Tower,0,17,4,0,21,0,0,30,0,30,0,17,34,0,51,92,0,92,143
02/11/2006,JVL,WI,AGL,CE,Federal Contract Tower,0,5,15,0,20,0,0,50,0,50,0,5,65,0,70,150,0,150,220
02/12/2006,JVL,WI,AGL,CE,Federal Contract Tower,0,15,16,0,31,0,6,84,0,90,0,21,100,0,121,112,0,112,233
02/13/2006,JVL,WI,AGL,CE,Federal Contract Tower,0,10,7,0,17,0,1,27,0,28,0,11,34,0,45,2,0,2,47
02/14/2006,JVL,WI,AGL,CE,Federal Contract Tower,2,10,17,0,29,0,7,60,0,67,2,17,77,0,96,82,0,82,178
02/15/2006,JVL,WI,AGL,CE,Federal Contract Tower,0,12,6,0,18,0,0,80,0,80,0,12,86,0,98,104,0,104,202
02/16/2006,JVL,WI,AGL,CE,Federal Contract Tower,4,18,0,0,22,0,0,0,0,0,4,18,0,0,22,0,0,0,22
02/17/2006,JVL,WI,AGL,CE,Federal Contract Tower,0,17,4,1,22,0,4,59,2,65,0,21,63,3,87,20,4,24,111
02/18/2006,JVL,WI,AGL,CE,Federal Contract Tower,0,5,12,1,18,0,1,58,0,59,0,6,70,1,77,44,4,48,125
02/19/2006,JVL,WI,AGL,CE,Federal Contract Tower,0,5,9,0,14,0,7,102,0,109,0,12,111,0,123,24,0,24,147
02/20/2006,JVL,WI,AGL,CE,Federal Contract Tower,0,14,6,0,20,0,1,61,0,62,0,15,67,0,82,50,0,50,132
02/21/2006,JVL,WI,AGL,CE,Federal Contract Tower,2,16,13,3,34,0,3,78,3,84,2,19,91,6,118,68,18,86,204
02/22/2006,JVL,WI,AGL,CE,Federal Contract Tower,0,18,7,0,25,0,0,75,0,75,0,18,82,0,100,92,0,92,192
02/23/2006,JVL,WI,AGL,CE,Federal Contract Tower,0,19,10,0,29,0,3,70,0,73,0,22,80,0,102,110,0,110,212
02/24/2006,JVL,WI,AGL,CE,Federal Contract Tower,0,5,1,2,8,0,2,23,1,26,0,7,24,3,34,20,6,26,60
02/25/2006,JVL,WI,AGL,CE,Federal Contract Tower,0,1,12,0,13,0,0,115,0,115,0,1,127,0,128,76,0,76,204
02/26/2006,JVL,WI,AGL,CE,Federal Contract Tower,0,6,21,0,27,0,7,156,0,163,0,13,177,0,190,30,0,30,220
02/27/2006,JVL,WI,AGL,CE,Federal Contract Tower,0,11,10,0,21,0,0,41,2,43,0,11,51,2,64,22,6,28,92
02/28/2006,JVL,WI,AGL,CE,Federal Contract Tower,0,12,9,1,22,0,1,81,1,83,0,13,90,2,105,86,2,88,193
03/01/2006,JVL,WI,AGL,CE,Federal Contract Tower,0,10,3,0,13,0,2,35,0,37,0,12,38,0,50,22,0,22,72
03/02/2006,JVL,WI,AGL,CE,Federal Contract Tower,2,14,2,0,18,0,2,5,0,7,2,16,7,0,25,6,0,6,31
03/03/2006,JVL,WI,AGL,CE,Federal Contract Tower,0,15,11,2,28,0,0,86,2,88,0,15,97,4,116,98,0,98,214
03/04/2006,JVL,WI,AGL,CE,Federal Contract Tower,0,10,18,0,28,0,1,236,0,237,0,11,254,0,265,120,0,120,385
03/05/2006,JVL,WI,AGL,CE,Federal Contract Tower,0,8,1,0,9,0,0,5,0,5,0,8,6,0,14,0,0,0,14
03/06/2006,JVL,WI,AGL,CE,Federal Contract Tower,0,11,0,0,11,0,0,3,0,3,0,11,3,0,14,24,0,24,38
03/07/2006,JVL,WI,AGL,CE,Federal Contract Tower,1,20,12,0,33,0,3,58,0,61,1,23,70,0,94,67,4,71,165
03/08/2006,JVL,WI,AGL,CE,Federal Contract Tower,1,12,10,1,24,0,0,21,1,22,1,12,31,2,46,80,0,80,126
03/09/2006,JVL,WI,AGL,CE,Federal Contract Tower,0,23,5,0,28,0,0,5,0,5,0,23,10,0,33,0,0,0,33
03/10/2006,JVL,WI,AGL,CE,Federal Contract Tower,0,14,22,0,36,0,6,68,0,74,0,20,90,0,110,98,0,98,208
03/11/2006,JVL,WI,AGL,CE,Federal Contract Tower,0,9,8,0,17,0,0,111,0,111,0,9,119,0,128,28,0,28,156
03/12/2006,JVL,WI,AGL,CE,Federal Contract Tower,0,8,23,0,31,0,1,144,0,145,0,9,167,0,176,46,0,46,222
03/13/2006,JVL,WI,AGL,CE,Federal Contract Tower,0,13,0,0,13,0,2,6,0,8,0,15,6,0,21,0,0,0,21
03/14/2006,JVL,WI,AGL,CE,Federal Contract Tower,0,17,6,0,23,0,0,22,0,22,0,17,28,0,45,6,0,6,51
03/15/2006,JVL,WI,AGL,CE,Federal Contract Tower,0,16,28,1,45,0,2,107,1,110,0,18,135,2,155,78,0,78,233
03/16/2006,JVL,WI,AGL,CE,Federal Contract Tower,0,8,0,0,8,0,0,0,0,0,0,8,0,0,8,0,0,0,8
03/17/2006,JVL,WI,AGL,CE,Federal Contract Tower,0,7,8,0,15,0,7,61,0,68,0,14,69,0,83,88,0,88,171
03/18/2006,JVL,WI,AGL,CE,Federal Contract Tower,0,5,18,0,23,0,0,199,0,199,0,5,217,0,222,78,0,78,300
03/19/2006,JVL,WI,AGL,CE,Federal Contract Tower,0,4,23,2,29,0,7,195,0,202,0,11,218,2,231,90,0,90,321
03/20/2006,JVL,WI,AGL,CE,Federal Contract Tower,2,10,8,3,23,0,0,35,0,35,2,10,43,3,58,16,2,18,76
03/21/2006,JVL,WI,AGL,CE,Federal Contract Tower,3,21,0,0,24,0,1,19,0,20,3,22,19,0,44,40,0,40,84
03/22/2006,JVL,WI,AGL,CE,Federal Contract Tower,2,14,6,0,22,0,0,74,2,76,2,14,80,2,98,88,2,90,188
03/23/2006,JVL,WI,AGL,CE,Federal Contract Tower,2,14,15,0,31,0,2,36,0,38,2,16,51,0,69,62,0,62,131
03/24/2006,JVL,WI,AGL,CE,Federal Contract Tower,0,17,2,0,19,0,4,33,0,37,0,21,35,0,56,104,0,104,160
03/25/2006,JVL,WI,AGL,CE,Federal Contract Tower,0,5,17,0,22,0,0,97,0,97,0,5,114,0,119,108,0,108,227
03/26/2006,JVL,WI,AGL,CE,Federal Contract Tower,0,11,25,0,36,0,0,200,0,200,0,11,225,0,236,171,0,171,407
03/27/2006,JVL,WI,AGL,CE,Federal Contract Tower,0,20,4,2,26,0,0,29,0,29,0,20,33,2,55,46,0,46,101
03/28/2006,JVL,WI,AGL,CE,Federal Contract Tower,1,9,12,0,22,0,0,29,0,29,1,9,41,0,51,64,0,64,115
03/29/2006,JVL,WI,AGL,CE,Federal Contract Tower,2,15,7,2,26,0,0,43,0,43,2,15,50,2,69,80,0,80,149
03/30/2006,JVL,WI,AGL,CE,Federal Contract Tower,0,13,13,0,26,0,2,52,4,58,0,15,65,4,84,40,4,44,128
03/31/2006,JVL,WI,AGL,CE,Federal Contract Tower,0,19,1,0,20,0,0,5,0,5,0,19,6,0,25,0,0,0,25
04/01/2006,JVL,WI,AGL,CE,Federal Contract Tower,0,7,27,0,34,0,0,131,0,131,0,7,158,0,165,72,0,72,237
04/02/2006,JVL,WI,AGL,CE,Federal Contract Tower,3,22,20,0,45,0,0,56,0,56,3,22,76,0,101,70,0,70,171
04/03/2006,JVL,WI,AGL,CE,Federal Contract Tower,0,13,6,0,19,0,0,13,0,13,0,13,19,0,32,11,0,11,43
04/04/2006,JVL,WI,AGL,CE,Federal Contract Tower,0,10,13,0,23,0,1,83,0,84,0,11,96,0,107,26,0,26,133
04/05/2006,JVL,WI,AGL,CE,Federal Contract Tower,2,4,7,2,15,0,8,106,0,114,2,12,113,2,129,88,8,96,225
04/06/2006,JVL,WI,AGL,CE,Federal Contract Tower,0,16,4,0,20,0,1,36,0,37,0,17,40,0,57,80,0,80,137
04/07/2006,JVL,WI,AGL,CE,Federal Contract Tower,0,17,0,0,17,0,5,6,0,11,0,22,6,0,28,10,0,10,38
04/08/2006,JVL,WI,AGL,CE,Federal Contract Tower,0,5,17,0,22,0,1,124,0,125,0,6,141,0,147,98,0,98,245
04/09/2006,JVL,WI,AGL,CE,Federal Contract Tower,0,7,26,0,33,0,6,189,0,195,0,13,215,0,228,82,0,82,310
04/10/2006,JVL,WI,AGL,CE,Federal Contract Tower,0,16,4,0,20,0,2,52,0,54,0,18,56,0,74,12,0,12,86
04/11/2006,JVL,WI,AGL,CE,Federal Contract Tower,0,9,5,0,14,0,0,46,0,46,0,9,51,0,60,42,0,42,102
04/12/2006,JVL,WI,AGL,CE,Federal Contract Tower,2,18,6,2,28,0,4,34,0,38,2,22,40,2,66,96,0,96,162
04/13/2006,JVL,WI,AGL,CE,Federal Contract Tower,1,13,11,0,25,0,4,77,0,81,1,17,88,0,106,82,0,82,188
04/14/2006,JVL,WI,AGL,CE,Federal Contract Tower,0,11,7,0,18,0,4,78,0,82,0,15,85,0,100,70,0,70,170
04/15/2006,JVL,WI,AGL,CE,Federal Contract Tower,0,3,25,0,28,0,0,188,0,188,0,3,213,0,216,48,0,48,264
04/16/2006,JVL,WI,AGL,CE,Federal Contract Tower,0,0,0,0,0,0,0,2,0,2,0,0,2,0,2,0,0,0,2
04/17/2006,JVL,WI,AGL,CE,Federal Contract Tower,0,9,6,0,15,0,6,46,0,52,0,15,52,0,67,50,0,50,117
04/18/2006,JVL,WI,AGL,CE,Federal Contract Tower,0,15,7,0,22,0,1,97,0,98,0,16,104,0,120,74,0,74,194
04/19/2006,JVL,WI,AGL,CE,Federal Contract Tower,0,7,10,0,17,0,0,53,0,53,0,7,63,0,70,72,0,72,142
04/20/2006,JVL,WI,AGL,CE,Federal Contract Tower,2,3,7,1,13,0,0,79,0,79,2,3,86,1,92,108,0,108,200
04/21/2006,JVL,WI,AGL,CE,Federal Contract Tower,2,15,16,0,33,0,5,101,0,106,2,20,117,0,139,106,0,106,245
04/22/2006,JVL,WI,AGL,CE,Federal Contract Tower,0,2,19,0,21,0,1,183,0,184,0,3,202,0,205,62,0,62,267
04/23/2006,JVL,WI,AGL,CE,Federal Contract Tower,0,7,26,0,33,0,4,132,0,136,0,11,158,0,169,22,0,22,191
04/24/2006,JVL,WI,AGL,CE,Federal Contract Tower,0,11,14,1,26,0,9,71,1,81,0,20,85,2,107,58,0,58,165
04/25/2006,JVL,WI,AGL,CE,Federal Contract Tower,2,16,4,0,22,0,0,31,0,31,2,16,35,0,53,34,0,34,87
04/26/2006,JVL,WI,AGL,CE,Federal Contract Tower,2,15,14,0,31,0,2,140,0,142,2,17,154,0,173,50,0,50,223
04/27/2006,JVL,WI,AGL,CE,Federal Contract Tower,0,14,5,0,19,0,4,116,2,122,0,18,121,2,141,72,0,72,213
04/28/2006,JVL,WI,AGL,CE,Federal Contract Tower,0,17,9,0,26,0,1,134,0,135,0,18,143,0,161,48,0,48,209
04/29/2006,JVL,WI,AGL,CE,Federal Contract Tower,0,2,20,0,22,0,0,78,0,78,0,2,98,0,100,56,0,56,156
04/30/2006,JVL,WI,AGL,CE,Federal Contract Tower,0,9,2,0,11,0,0,1,0,1,0,9,3,0,12,0,0,0,12
05/01/2006,JVL,WI,AGL,CE,Federal Contract Tower,0,8,10,0,18,0,0,13,0,13,0,8,23,0,31,8,0,8,39
05/02/2006,JVL,WI,AGL,CE,Federal Contract Tower,3,22,20,0,45,0,0,56,0,56,3,22,76,0,101,70,0,70,171
05/03/2006,JVL,WI,AGL,CE,Federal Contract Tower,2,16,6,0,24,0,0,51,0,51,2,16,57,0,75,56,0,56,131
05/04/2006,JVL,WI,AGL,CE,Federal Contract Tower,0,9,19,0,28,0,3,107,0,110,0,12,126,0,138,56,0,56,194
05/05/2006,JVL,WI,AGL,CE,Federal Contract Tower,2,16,12,0,30,0,2,68,0,70,2,18,80,0,100,100,0,100,200
05/06/2006,JVL,WI,AGL,CE,Federal Contract Tower,0,2,11,0,13,0,0,211,0,211,0,2,222,0,224,88,0,88,312
05/07/2006,JVL,WI,AGL,CE,Federal Contract Tower,0,5,6,0,11,0,6,169,0,175,0,11,175,0,186,66,0,66,252
05/08/2006,JVL,WI,AGL,CE,Federal Contract Tower,0,16,14,0,30,0,0,48,0,48,0,16,62,0,78,42,0,42,120
05/09/2006,JVL,WI,AGL,CE,Federal Contract Tower,2,12,4,0,18,0,0,10,0,10,2,12,14,0,28,0,0,0,28
05/10/2006,JVL,WI,AGL,CE,Federal Contract Tower,0,17,18,0,35,0,2,61,0,63,0,19,79,0,98,58,0,58,156
05/11/2006,JVL,WI,AGL,CE,Federal Contract Tower,0,15,5,0,20,0,0,1,0,1,0,15,6,0,21,0,0,0,21
05/12/2006,JVL,WI,AGL,CE,Federal Contract Tower,0,28,11,0,39,0,2,2,0,4,0,30,13,0,43,4,0,4,47
05/13/2006,JVL,WI,AGL,CE,Federal Contract Tower,0,3,19,0,22,0,0,4,0,4,0,3,23,0,26,22,0,22,48
05/14/2006,JVL,WI,AGL,CE,Federal Contract Tower,0,15,6,2,23,0,2,4,0,6,0,17,10,2,29,0,0,0,29
05/15/2006,JVL,WI,AGL,CE,Federal Contract Tower,0,15,5,1,21,0,0,6,1,7,0,15,11,2,28,8,0,8,36
05/16/2006,JVL,WI,AGL,CE,Federal Contract Tower,1,16,8,0,25,0,0,14,0,14,1,16,22,0,39,66,0,66,105
05/17/2006,JVL,WI,AGL,CE,Federal Contract Tower,0,18,9,0,27,0,0,43,0,43,0,18,52,0,70,10,0,10,80
05/18/2006,JVL,WI,AGL,CE,Federal Contract Tower,1,24,6,1,32,0,1,68,1,70,1,25,74,2,102,90,2,92,194
05/19/2006,JVL,WI,AGL,CE,Federal Contract Tower,1,16,19,0,36,0,5,122,0,127,1,21,141,0,163,200,0,200,363
05/20/2006,JVL,WI,AGL,CE,Federal Contract Tower,0,6,7,0,13,0,0,151,0,151,0,6,158,0,164,90,0,90,254
05/21/2006,JVL,WI,AGL,CE,Federal Contract Tower,0,10,22,0,32,0,2,144,0,146,0,12,166,0,178,126,0,126,304
05/22/2006,JVL,WI,AGL,CE,Federal Contract Tower,0,7,10,0,17,0,3,70,0,73,0,10,80,0,90,30,0,30,120
05/23/2006,JVL,WI,AGL,CE,Federal Contract Tower,0,8,6,0,14,0,0,87,0,87,0,8,93,0,101,82,0,82,183
05/24/2006,JVL,WI,AGL,CE,Federal Contract Tower,0,15,1,0,16,0,1,34,0,35,0,16,35,0,51,22,0,22,73
05/25/2006,JVL,WI,AGL,CE,Federal Contract Tower,0,11,13,0,24,0,4,26,0,30,0,15,39,0,54,46,0,46,100
05/26/2006,JVL,WI,AGL,CE,Federal Contract Tower,0,29,15,0,44,0,4,61,0,65,0,33,76,0,109,60,0,60,169
05/27/2006,JVL,WI,AGL,CE,Federal Contract Tower,0,4,24,0,28,0,0,94,0,94,0,4,118,0,122,96,0,96,218
05/28/2006,JVL,WI,AGL,CE,Federal Contract Tower,0,3,11,0,14,0,0,87,0,87,0,3,98,0,101,50,0,50,151
05/29/2006,JVL,WI,AGL,CE,Federal Contract Tower,0,7,13,0,20,0,3,60,0,63,0,10,73,0,83,28,0,28,111
05/30/2006,JVL,WI,AGL,CE,Federal Contract Tower,0,21,6,0,27,0,2,13,0,15,0,23,19,0,42,2,0,2,44
05/31/2006,JVL,WI,AGL,CE,Federal Contract Tower,0,10,19,0,29,0,0,28,0,28,0,10,47,0,57,56,0,56,113
06/01/2006,JVL,WI,AGL,CE,Federal Contract Tower,2,18,16,0,36,0,1,79,0,80,2,19,95,0,116,32,0,32,148
06/02/2006,JVL,WI,AGL,CE,Federal Contract Tower,0,10,9,1,20,0,6,127,1,134,0,16,136,2,154,54,0,54,208
06/03/2006,JVL,WI,AGL,CE,Federal Contract Tower,0,5,18,0,23,0,1,170,0,171,0,6,188,0,194,36,0,36,230
06/04/2006,JVL,WI,AGL,CE,Federal Contract Tower,0,2,17,0,19,0,3,154,0,157,0,5,171,0,176,60,0,60,236
06/05/2006,JVL,WI,AGL,CE,Federal Contract Tower,2,10,4,0,16,0,0,70,0,70,2,10,74,0,86,54,0,54,140
06/06/2006,JVL,WI,AGL,CE,Federal Contract Tower,0,17,3,1,21,0,0,31,1,32,0,17,34,2,53,2,24,26,79
06/07/2006,JVL,WI,AGL,CE,Federal Contract Tower,0,20,9,0,29,0,0,35,0,35,0,20,44,0,64,20,0,20,84
06/08/2006,JVL,WI,AGL,CE,Federal Contract Tower,1,16,11,4,32,1,5,100,9,115,2,21,111,13,147,72,20,92,239
06/09/2006,JVL,WI,AGL,CE,Federal Contract Tower,0,16,4,8,28,0,3,71,205,279,0,19,75,213,307,40,6,46,353
06/10/2006,JVL,WI,AGL,CE,Federal Contract Tower,1,5,7,1,14,0,6,144,131,281,1,11,151,132,295,154,134,288,583
06/11/2006,JVL,WI,AGL,CE,Federal Contract Tower,0,7,5,8,20,0,0,163,264,427,0,7,168,272,447,128,182,310,757
06/12/2006,JVL,WI,AGL,CE,Federal Contract Tower,1,13,22,5,41,0,0,89,13,102,1,13,111,18,143,50,4,54,197
06/13/2006,JVL,WI,AGL,CE,Federal Contract Tower,0,12,11,1,24,0,7,79,0,86,0,19,90,1,110,56,2,58,168
06/14/2006,JVL,WI,AGL,CE,Federal Contract Tower,0,9,14,0,23,0,1,40,0,41,0,10,54,0,64,42,0,42,106
06/15/2006,JVL,WI,AGL,CE,Federal Contract Tower,0,9,17,1,27,0,0,64,1,65,0,9,81,2,92,56,0,56,148
06/16/2006,JVL,WI,AGL,CE,Federal Contract Tower,2,12,13,0,27,0,0,75,0,75,2,12,88,0,102,76,0,76,178
06/17/2006,JVL,WI,AGL,CE,Federal Contract Tower,0,1,9,0,10,0,0,78,0,78,0,1,87,0,88,18,0,18,106
06/18/2006,JVL,WI,AGL,CE,Federal Contract Tower,0,2,5,0,7,0,0,2,0,2,0,2,7,0,9,8,0,8,17
06/19/2006,JVL,WI,AGL,CE,Federal Contract Tower,0,18,6,0,24,0,1,46,0,47,0,19,52,0,71,10,0,10,81
06/20/2006,JVL,WI,AGL,CE,Federal Contract Tower,0,15,4,0,19,0,2,60,6,68,0,17,64,6,87,28,0,28,115
06/21/2006,JVL,WI,AGL,CE,Federal Contract Tower,0,15,3,0,18,0,0,7,0,7,0,15,10,0,25,34,0,34,59
06/22/2006,JVL,WI,AGL,CE,Federal Contract Tower,0,12,7,0,19,0,0,84,0,84,0,12,91,0,103,64,0,64,167
06/23/2006,JVL,WI,AGL,CE,Federal Contract Tower,0,14,16,0,30,0,0,73,0,73,0,14,89,0,103,44,0,44,147
06/24/2006,JVL,WI,AGL,CE,Federal Contract Tower,0,4,14,0,18,0,1,140,0,141,0,5,154,0,159,40,0,40,199
06/25/2006,JVL,WI,AGL,CE,Federal Contract Tower,0,6,15,0,21,0,0,30,0,30,0,6,45,0,51,52,0,52,103
06/26/2006,JVL,WI,AGL,CE,Federal Contract Tower,0,9,2,0,11,0,1,38,0,39,0,10,40,0,50,42,0,42,92
06/27/2006,JVL,WI,AGL,CE,Federal Contract Tower,0,9,8,0,17,0,0,80,0,80,0,9,88,0,97,72,0,72,169
06/28/2006,JVL,WI,AGL,CE,Federal Contract Tower,0,12,6,0,18,0,3,48,2,53,0,15,54,2,71,62,0,62,133
06/29/2006,JVL,WI,AGL,CE,Federal Contract Tower,2,13,12,0,27,0,6,84,0,90,2,19,96,0,117,50,0,50,167
06/30/2006,JVL,WI,AGL,CE,Federal Contract Tower,0,9,16,0,25,0,1,88,0,89,0,10,104,0,114,52,0,52,166
07/01/2006,JVL,WI,AGL,CE,Federal Contract Tower,0,13,6,0,19,0,0,106,0,106,0,13,112,0,125,4,0,4,129
07/02/2006,JVL,WI,AGL,CE,Federal Contract Tower,0,9,14,0,23,0,0,39,0,39,0,9,53,0,62,60,0,60,122
07/03/2006,JVL,WI,AGL,CE,Federal Contract Tower,0,2,4,0,6,0,0,39,0,39,0,2,43,0,45,58,0,58,103
07/04/2006,JVL,WI,AGL,CE,Federal Contract Tower,0,9,2,0,11,0,1,86,0,87,0,10,88,0,98,52,0,52,150
07/05/2006,JVL,WI,AGL,CE,Federal Contract Tower,0,12,10,0,22,0,3,50,0,53,0,15,60,0,75,40,0,40,115
07/06/2006,JVL,WI,AGL,CE,Federal Contract Tower,0,10,17,0,27,0,0,99,0,99,0,10,116,0,126,48,0,48,174
07/07/2006,JVL,WI,AGL,CE,Federal Contract Tower,0,15,17,0,32,0,4,100,0,104,0,19,117,0,136,74,0,74,210
07/08/2006,JVL,WI,AGL,CE,Federal Contract Tower,0,8,11,0,19,0,3,142,0,145,0,11,153,0,164,130,0,130,294
07/09/2006,JVL,WI,AGL,CE,Federal Contract Tower,0,3,10,0,13,0,2,111,0,113,0,5,121,0,126,28,0,28,154
07/10/2006,JVL,WI,AGL,CE,Federal Contract Tower,0,7,11,0,18,0,1,70,0,71,0,8,81,0,89,76,0,76,165
07/11/2006,JVL,WI,AGL,CE,Federal Contract Tower,0,7,11,0,18,0,0,8,0,8,0,7,19,0,26,4,0,4,30
07/12/2006,JVL,WI,AGL,CE,Federal Contract Tower,0,16,20,0,36,0,5,59,0,64,0,21,79,0,100,116,0,116,216
07/13/2006,JVL,WI,AGL,CE,Federal Contract Tower,0,15,27,0,42,0,0,121,0,121,0,15,148,0,163,166,0,166,329
07/14/2006,JVL,WI,AGL,CE,Federal Contract Tower,0,10,14,0,24,0,0,25,0,25,0,10,39,0,49,8,0,8,57
07/15/2006,JVL,WI,AGL,CE,Federal Contract Tower,0,2,5,0,7,0,0,130,0,130,0,2,135,0,137,56,0,56,193
07/16/2006,JVL,WI,AGL,CE,Federal Contract Tower,0,1,5,0,6,0,0,98,0,98,0,1,103,0,104,54,0,54,158
07/17/2006,JVL,WI,AGL,CE,Federal Contract Tower,0,12,1,0,13,0,2,50,0,52,0,14,51,0,65,38,0,38,103
07/18/2006,JVL,WI,AGL,CE,Federal Contract Tower,0,15,31,0,46,0,5,82,0,87,0,20,113,0,133,64,0,64,197
07/19/2006,JVL,WI,AGL,CE,Federal Contract Tower,0,18,6,0,24,0,3,45,0,48,0,21,51,0,72,72,0,72,144
07/20/2006,JVL,WI,AGL,CE,Federal Contract Tower,4,19,16,1,40,0,5,55,1,61,4,24,71,2,101,82,0,82,183
07/21/2006,JVL,WI,AGL,CE,Federal Contract Tower,0,16,15,0,31,0,0,54,0,54,0,16,69,0,85,60,0,60,145
07/22/2006,JVL,WI,AGL,CE,Federal Contract Tower,0,7,16,0,23,0,0,189,0,189,0,7,205,0,212,76,0,76,288
07/23/2006,JVL,WI,AGL,CE,Federal Contract Tower,0,5,25,0,30,0,0,223,0,223,0,5,248,0,253,74,0,74,327
07/24/2006,JVL,WI,AGL,CE,Federal Contract Tower,0,8,5,0,13,0,2,62,0,64,0,10,67,0,77,30,0,30,107
07/25/2006,JVL,WI,AGL,CE,Federal Contract Tower,0,16,10,0,26,0,1,72,0,73,0,17,82,0,99,72,0,72,171
07/26/2006,JVL,WI,AGL,CE,Federal Contract Tower,0,13,16,0,29,0,1,91,0,92,0,14,107,0,121,122,0,122,243
07/27/2006,JVL,WI,AGL,CE,Federal Contract Tower,0,17,26,1,44,0,0,54,2,56,0,17,80,3,100,46,0,46,146
07/28/2006,JVL,WI,AGL,CE,Federal Contract Tower,2,16,10,0,28,0,0,92,0,92,2,16,102,0,120,78,0,78,198
07/29/2006,JVL,WI,AGL,CE,Federal Contract Tower,0,7,14,0,21,0,0,84,0,84,0,7,98,0,105,20,0,20,125
07/30/2006,JVL,WI,AGL,CE,Federal Contract Tower,0,8,1,0,9,0,0,64,0,64,0,8,65,0,73,4,0,4,77
07/31/2006,JVL,WI,AGL,CE,Federal Contract Tower,0,7,3,0,10,0,3,65,0,68,0,10,68,0,78,10,0,10,88
08/01/2006,JVL,WI,AGL,CE,Federal Contract Tower,0,10,8,0,18,0,0,51,0,51,0,10,59,0,69,22,0,22,91
08/02/2006,JVL,WI,AGL,CE,Federal Contract Tower,0,17,3,0,20,0,0,24,0,24,0,17,27,0,44,24,0,24,68
08/03/2006,JVL,WI,AGL,CE,Federal Contract Tower,2,12,14,0,28,0,4,56,0,60,2,16,70,0,88,44,0,44,132
08/04/2006,JVL,WI,AGL,CE,Federal Contract Tower,0,19,17,0,36,0,1,114,0,115,0,20,131,0,151,114,0,114,265
08/05/2006,JVL,WI,AGL,CE,Federal Contract Tower,0,3,24,1,28,0,1,86,1,88,0,4,110,2,116,24,0,24,140
08/06/2006,JVL,WI,AGL,CE,Federal Contract Tower,3,12,2,0,17,0,0,15,0,15,3,12,17,0,32,76,0,76,108
08/07/2006,JVL,WI,AGL,CE,Federal Contract Tower,0,5,20,0,25,0,2,73,1,76,0,7,93,1,101,62,0,62,163
08/08/2006,JVL,WI,AGL,CE,Federal Contract Tower,0,11,9,0,20,0,0,94,0,94,0,11,103,0,114,54,0,54,168
08/09/2006,JVL,WI,AGL,CE,Federal Contract Tower,2,10,6,0,18,0,2,88,0,90,2,12,94,0,108,82,0,82,190
08/10/2006,JVL,WI,AGL,CE,Federal Contract Tower,0,22,16,1,39,0,0,22,1,23,0,22,38,2,62,8,2,10,72
08/11/2006,JVL,WI,AGL,CE,Federal Contract Tower,0,13,1,1,15,0,1,67,1,69,0,14,68,2,84,32,2,34,118
08/12/2006,JVL,WI,AGL,CE,Federal Contract Tower,0,7,13,1,21,0,0,183,1,184,0,7,196,2,205,18,0,18,223
08/13/2006,JVL,WI,AGL,CE,Federal Contract Tower,0,10,13,0,23,0,0,122,0,122,0,10,135,0,145,28,0,28,173
08/14/2006,JVL,WI,AGL,CE,Federal Contract Tower,1,10,21,0,32,0,1,66,0,67,1,11,87,0,99,40,0,40,139
08/15/2006,JVL,WI,AGL,CE,Federal Contract Tower,3,12,10,0,25,0,1,95,0,96,3,13,105,0,121,64,0,64,185
08/16/2006,JVL,WI,AGL,CE,Federal Contract Tower,0,13,19,0,32,0,1,103,0,104,0,14,122,0,136,48,0,48,184
08/17/2006,JVL,WI,AGL,CE,Federal Contract Tower,0,13,10,0,23,0,0,62,0,62,0,13,72,0,85,60,0,60,145
08/18/2006,JVL,WI,AGL,CE,Federal Contract Tower,0,5,18,0,23,0,0,18,0,18,0,5,36,0,41,20,0,20,61
08/19/2006,JVL,WI,AGL,CE,Federal Contract Tower,0,4,23,0,27,0,0,28,0,28,0,4,51,0,55,56,0,56,111
08/20/2006,JVL,WI,AGL,CE,Federal Contract Tower,0,3,10,0,13,0,2,128,0,130,0,5,138,0,143,100,0,100,243
08/21/2006,JVL,WI,AGL,CE,Federal Contract Tower,2,24,12,0,38,0,0,83,0,83,2,24,95,0,121,40,0,40,161
08/22/2006,JVL,WI,AGL,CE,Federal Contract Tower,0,7,19,0,26,0,0,85,0,85,0,7,104,0,111,64,0,64,175
08/23/2006,JVL,WI,AGL,CE,Federal Contract Tower,0,7,2,0,9,0,0,41,0,41,0,7,43,0,50,32,0,32,82
08/24/2006,JVL,WI,AGL,CE,Federal Contract Tower,0,8,5,0,13,0,0,27,0,27,0,8,32,0,40,0,0,0,40
08/25/2006,JVL,WI,AGL,CE,Federal Contract Tower,0,14,1,0,15,0,0,6,0,6,0,14,7,0,21,0,0,0,21
08/26/2006,JVL,WI,AGL,CE,Federal Contract Tower,0,4,4,0,8,0,0,15,0,15,0,4,19,0,23,70,0,70,93
08/27/2006,JVL,WI,AGL,CE,Federal Contract Tower,0,3,49,0,52,0,1,74,0,75,0,4,123,0,127,68,0,68,195
08/28/2006,JVL,WI,AGL,CE,Federal Contract Tower,0,7,24,0,31,0,0,24,0,24,0,7,48,0,55,4,0,4,59
08/29/2006,JVL,WI,AGL,CE,Federal Contract Tower,0,7,19,0,26,0,2,85,0,87,0,9,104,0,113,94,0,94,207
08/30/2006,JVL,WI,AGL,CE,Federal Contract Tower,0,19,4,0,23,0,0,52,0,52,0,19,56,0,75,34,0,34,109
08/31/2006,JVL,WI,AGL,CE,Federal Contract Tower,0,3,17,0,20,0,2,90,0,92,0,5,107,0,112,32,0,32,144
09/01/2006,JVL,WI,AGL,CE,Federal Contract Tower,0,10,20,0,30,0,2,89,0,91,0,12,109,0,121,22,0,22,143
09/02/2006,JVL,WI,AGL,CE,Federal Contract Tower,0,2,15,0,17,0,0,139,0,139,0,2,154,0,156,48,0,48,204
09/03/2006,JVL,WI,AGL,CE,Federal Contract Tower,0,2,20,0,22,0,0,108,0,108,0,2,128,0,130,42,0,42,172
09/04/2006,JVL,WI,AGL,CE,Federal Contract Tower,0,6,7,0,13,0,0,5,0,5,0,6,12,0,18,0,0,0,18
09/05/2006,JVL,WI,AGL,CE,Federal Contract Tower,0,5,12,0,17,0,0,29,0,29,0,5,41,0,46,32,0,32,78
09/06/2006,JVL,WI,AGL,CE,Federal Contract Tower,0,24,13,0,37,0,1,112,0,113,0,25,125,0,150,108,0,108,258
09/07/2006,JVL,WI,AGL,CE,Federal Contract Tower,0,11,8,0,19,0,0,83,0,83,0,11,91,0,102,78,0,78,180
09/08/2006,JVL,WI,AGL,CE,Federal Contract Tower,0,27,6,0,33,0,13,100,0,113,0,40,106,0,146,62,0,62,208
09/09/2006,JVL,WI,AGL,CE,Federal Contract Tower,0,8,45,0,53,0,0,62,0,62,0,8,107,0,115,80,0,80,195
09/10/2006,JVL,WI,AGL,CE,Federal Contract Tower,0,17,17,0,34,0,0,7,0,7,0,17,24,0,41,6,0,6,47
09/11/2006,JVL,WI,AGL,CE,Federal Contract Tower,0,6,11,0,17,0,0,0,0,0,0,6,11,0,17,0,0,0,17
09/12/2006,JVL,WI,AGL,CE,Federal Contract Tower,0,8,8,0,16,0,0,0,0,0,0,8,8,0,16,0,0,0,16
09/13/2006,JVL,WI,AGL,CE,Federal Contract Tower,2,17,10,0,29,0,0,31,0,31,2,17,41,0,60,40,0,40,100
09/14/2006,JVL,WI,AGL,CE,Federal Contract Tower,0,12,14,0,26,0,2,82,0,84,0,14,96,0,110,76,0,76,186
09/15/2006,JVL,WI,AGL,CE,Federal Contract Tower,2,18,10,0,30,0,4,84,0,88,2,22,94,0,118,66,0,66,184
09/16/2006,JVL,WI,AGL,CE,Federal Contract Tower,0,5,7,0,12,0,0,102,0,102,0,5,109,0,114,58,0,58,172
09/17/2006,JVL,WI,AGL,CE,Federal Contract Tower,0,14,6,0,20,0,0,50,0,50,0,14,56,0,70,2,1,3,73
09/18/2006,JVL,WI,AGL,CE,Federal Contract Tower,0,15,2,0,17,0,9,42,0,51,0,24,44,0,68,16,0,16,84
09/19/2006,JVL,WI,AGL,CE,Federal Contract Tower,0,7,18,0,25,0,0,18,0,18,0,7,36,0,43,2,0,2,45
09/20/2006,JVL,WI,AGL,CE,Federal Contract Tower,0,9,10,0,19,0,0,124,0,124,0,9,134,0,143,98,0,98,241
09/21/2006,JVL,WI,AGL,CE,Federal Contract Tower,0,7,6,1,14,0,0,54,1,55,0,7,60,2,69,24,0,24,93
09/22/2006,JVL,WI,AGL,CE,Federal Contract Tower,0,19,11,0,30,0,4,11,0,15,0,23,22,0,45,10,0,10,55
09/23/2006,JVL,WI,AGL,CE,Federal Contract Tower,0,5,16,0,21,0,0,16,0,16,0,5,32,0,37,46,0,46,83
09/24/2006,JVL,WI,AGL,CE,Federal Contract Tower,0,5,32,0,37,0,6,54,0,60,0,11,86,0,97,12,0,12,109
09/25/2006,JVL,WI,AGL,CE,Federal Contract Tower,0,9,9,1,19,0,1,61,1,63,0,10,70,2,82,26,0,26,108
09/26/2006,JVL,WI,AGL,CE,Federal Contract Tower,0,7,11,2,20,0,0,81,0,81,0,7,92,2,101,36,2,38,139
09/27/2006,JVL,WI,AGL,CE,Federal Contract Tower,0,10,7,0,17,0,0,33,0,33,0,10,40,0,50,10,0,10,60
09/28/2006,JVL,WI,AGL,CE,Federal Contract Tower,0,11,11,0,22,0,3,46,0,49,0,14,57,0,71,38,0,38,109
09/29/2006,JVL,WI,AGL,CE,Federal Contract Tower,0,27,7,1,35,0,3,71,0,74,0,30,78,1,109,38,6,44,153
09/30/2006,JVL,WI,AGL,CE,Federal Contract Tower,0,1,19,0,20,0,0,94,0,94,0,1,113,0,114,6,0,6,120
10/01/2006,JVL,WI,AGL,CE,Federal Contract Tower,0,10,8,0,18,0,9,150,0,159,0,19,158,0,177,44,0,44,221
10/02/2006,JVL,WI,AGL,CE,Federal Contract Tower,0,3,2,2,7,0,0,33,0,33,0,3,35,2,40,34,4,38,78
10/03/2006,JVL,WI,AGL,CE,Federal Contract Tower,0,8,7,0,15,0,1,22,0,23,0,9,29,0,38,30,0,30,68
10/04/2006,JVL,WI,AGL,CE,Federal Contract Tower,0,7,3,0,10,0,0,2,0,2,0,7,5,0,12,12,0,12,24
10/05/2006,JVL,WI,AGL,CE,Federal Contract Tower,0,12,13,0,25,0,6,82,0,88,0,18,95,0,113,66,0,66,179
10/06/2006,JVL,WI,AGL,CE,Federal Contract Tower,0,25,5,0,30,0,4,105,2,111,0,29,110,2,141,58,0,58,199
10/07/2006,JVL,WI,AGL,CE,Federal Contract Tower,0,12,7,0,19,0,0,136,0,136,0,12,143,0,155,18,0,18,173
10/08/2006,JVL,WI,AGL,CE,Federal Contract Tower,0,19,8,0,27,0,8,130,0,138,0,27,138,0,165,20,0,20,185
10/09/2006,JVL,WI,AGL,CE,Federal Contract Tower,0,9,11,0,20,0,2,52,0,54,0,11,63,0,74,26,0,26,100
10/10/2006,JVL,WI,AGL,CE,Federal Contract Tower,0,14,12,0,26,0,3,40,0,43,0,17,52,0,69,64,0,64,133
10/11/2006,JVL,WI,AGL,CE,Federal Contract Tower,1,12,8,0,21,0,0,8,0,8,1,12,16,0,29,0,0,0,29
10/12/2006,JVL,WI,AGL,CE,Federal Contract Tower,0,22,4,0,26,0,0,44,0,44,0,22,48,0,70,22,0,22,92
10/13/2006,JVL,WI,AGL,CE,Federal Contract Tower,0,18,1,0,19,0,5,33,0,38,0,23,34,0,57,24,0,24,81
10/14/2006,JVL,WI,AGL,CE,Federal Contract Tower,0,2,13,0,15,0,2,124,0,126,0,4,137,0,141,82,0,82,223
10/15/2006,JVL,WI,AGL,CE,Federal Contract Tower,0,8,13,0,21,0,10,157,0,167,0,18,170,0,188,82,0,82,270
10/16/2006,JVL,WI,AGL,CE,Federal Contract Tower,0,13,6,0,19,0,1,20,2,23,0,14,26,2,42,20,4,24,66
10/17/2006,JVL,WI,AGL,CE,Federal Contract Tower,0,13,21,0,34,0,0,17,6,23,0,13,38,6,57,2,0,2,59
10/18/2006,JVL,WI,AGL,CE,Federal Contract Tower,0,14,10,0,24,0,0,6,0,6,0,14,16,0,30,0,0,0,30
10/19/2006,JVL,WI,AGL,CE,Federal Contract Tower,0,19,12,0,31,0,5,29,0,34,0,24,41,0,65,54,0,54,119
10/20/2006,JVL,WI,AGL,CE,Federal Contract Tower,0,21,11,0,32,0,13,100,0,113,0,34,111,0,145,94,0,94,239
10/21/2006,JVL,WI,AGL,CE,Federal Contract Tower,0,5,20,0,25,0,0,20,0,20,0,5,40,0,45,18,0,18,63
10/22/2006,JVL,WI,AGL,CE,Federal Contract Tower,0,19,8,0,27,0,5,37,0,42,0,24,45,0,69,84,0,84,153
10/23/2006,JVL,WI,AGL,CE,Federal Contract Tower,0,14,6,0,20,0,0,23,0,23,0,14,29,0,43,32,0,32,75
10/24/2006,JVL,WI,AGL,CE,Federal Contract Tower,0,5,15,0,20,0,9,68,0,77,0,14,83,0,97,94,0,94,191
10/25/2006,JVL,WI,AGL,CE,Federal Contract Tower,0,15,8,0,23,0,5,94,2,101,0,20,102,2,124,74,4,78,202
10/26/2006,JVL,WI,AGL,CE,Federal Contract Tower,0,14,14,0,28,0,0,11,0,11,0,14,25,0,39,14,0,14,53
10/27/2006,JVL,WI,AGL,CE,Federal Contract Tower,0,16,20,0,36,0,1,7,0,8,0,17,27,0,44,30,0,30,74
10/28/2006,JVL,WI,AGL,CE,Federal Contract Tower,0,1,3,0,4,0,0,50,0,50,0,1,53,0,54,52,0,52,106
10/29/2006,JVL,WI,AGL,CE,Federal Contract Tower,0,6,14,0,20,0,9,195,0,204,0,15,209,0,224,36,0,36,260
10/30/2006,JVL,WI,AGL,CE,Federal Contract Tower,0,8,18,0,26,0,0,51,0,51,0,8,69,0,77,24,0,24,101
10/31/2006,JVL,WI,AGL,CE,Federal Contract Tower,0,2,13,0,15,0,2,45,0,47,0,4,58,0,62,88,0,88,150
11/01/2006,JVL,WI,AGL,CE,Federal Contract Tower,0,12,11,0,23,0,1,135,0,136,0,13,146,0,159,146,0,146,305
11/02/2006,JVL,WI,AGL,CE,Federal Contract Tower,0,13,15,0,28,0,1,38,2,41,0,14,53,2,69,62,6,68,137
11/03/2006,JVL,WI,AGL,CE,Federal Contract Tower,0,14,19,0,33,0,10,125,0,135,0,24,144,0,168,140,0,140,308
11/04/2006,JVL,WI,AGL,CE,Federal Contract Tower,0,8,16,0,24,0,0,71,0,71,0,8,87,0,95,48,0,48,143
11/05/2006,JVL,WI,AGL,CE,Federal Contract Tower,0,9,15,0,24,0,4,234,0,238,0,13,249,0,262,80,0,80,342
11/06/2006,JVL,WI,AGL,CE,Federal Contract Tower,0,13,14,0,27,0,2,10,0,12,0,15,24,0,39,26,0,26,65
11/07/2006,JVL,WI,AGL,CE,Federal Contract Tower,0,12,20,0,32,0,0,22,0,22,0,12,42,0,54,84,0,84,138
11/08/2006,JVL,WI,AGL,CE,Federal Contract Tower,0,7,14,0,21,0,0,69,4,73,0,7,83,4,94,100,0,100,194
11/09/2006,JVL,WI,AGL,CE,Federal Contract Tower,2,6,14,0,22,0,2,98,0,100,2,8,112,0,122,128,0,128,250
11/10/2006,JVL,WI,AGL,CE,Federal Contract Tower,0,25,5,0,30,0,0,15,0,15,0,25,20,0,45,44,0,44,89
11/11/2006,JVL,WI,AGL,CE,Federal Contract Tower,0,11,4,0,15,0,2,66,2,70,0,13,70,2,85,102,0,102,187
11/12/2006,JVL,WI,AGL,CE,Federal Contract Tower,0,16,27,0,43,0,6,137,23,166,0,22,164,23,209,72,0,72,281
11/13/2006,JVL,WI,AGL,CE,Federal Contract Tower,0,11,0,0,11,0,0,2,0,2,0,11,2,0,13,6,0,6,19
11/14/2006,JVL,WI,AGL,CE,Federal Contract Tower,2,21,6,0,29,0,0,25,4,29,2,21,31,4,58,14,0,14,72
11/15/2006,JVL,WI,AGL,CE,Federal Contract Tower,0,24,9,0,33,0,0,20,0,20,0,24,29,0,53,44,0,44,97
11/16/2006,JVL,WI,AGL,CE,Federal Contract Tower,0,14,10,0,24,0,2,34,0,36,0,16,44,0,60,32,0,32,92
11/17/2006,JVL,WI,AGL,CE,Federal Contract Tower,0,28,16,0,44,0,4,52,0,56,0,32,68,0,100,68,0,68,168
11/18/2006,JVL,WI,AGL,CE,Federal Contract Tower,0,6,32,0,38,0,0,67,0,67,0,6,99,0,105,56,0,56,161
11/19/2006,JVL,WI,AGL,CE,Federal Contract Tower,0,6,11,0,17,0,11,210,0,221,0,17,221,0,238,34,0,34,272
11/20/2006,JVL,WI,AGL,CE,Federal Contract Tower,0,6,19,0,25,0,2,106,0,108,0,8,125,0,133,92,0,92,225
11/21/2006,JVL,WI,AGL,CE,Federal Contract Tower,0,12,8,0,20,0,1,82,0,83,0,13,90,0,103,96,0,96,199
11/22/2006,JVL,WI,AGL,CE,Federal Contract Tower,0,12,18,0,30,0,10,99,0,109,0,22,117,0,139,76,0,76,215
11/23/2006,JVL,WI,AGL,CE,Federal Contract Tower,0,2,4,0,6,0,1,33,0,34,0,3,37,0,40,30,0,30,70
11/24/2006,JVL,WI,AGL,CE,Federal Contract Tower,0,3,10,0,13,0,0,124,0,124,0,3,134,0,137,28,0,28,165
11/25/2006,JVL,WI,AGL,CE,Federal Contract Tower,0,3,23,0,26,0,0,128,0,128,0,3,151,0,154,50,0,50,204
11/26/2006,JVL,WI,AGL,CE,Federal Contract Tower,0,22,20,0,42,0,0,7,0,7,0,22,27,0,49,40,0,40,89
11/27/2006,JVL,WI,AGL,CE,Federal Contract Tower,0,11,9,0,20,0,3,31,0,34,0,14,40,0,54,10,0,10,64
11/28/2006,JVL,WI,AGL,CE,Federal Contract Tower,0,9,5,0,14,0,0,7,0,7,0,9,12,0,21,6,0,6,27
11/29/2006,JVL,WI,AGL,CE,Federal Contract Tower,0,5,5,0,10,0,1,1,0,2,0,6,6,0,12,0,0,0,12
11/30/2006,JVL,WI,AGL,CE,Federal Contract Tower,0,10,5,0,15,0,0,22,0,22,0,10,27,0,37,34,0,34,71
12/01/2006,JVL,WI,AGL,CE,Federal Contract Tower,0,13,0,0,13,0,6,0,0,6,0,19,0,0,19,0,0,0,19
12/02/2006,JVL,WI,AGL,CE,Federal Contract Tower,0,2,9,0,11,0,0,68,0,68,0,2,77,0,79,52,0,52,131
12/03/2006,JVL,WI,AGL,CE,Federal Contract Tower,0,12,8,0,20,0,9,48,0,57,0,21,56,0,77,36,0,36,113
12/04/2006,JVL,WI,AGL,CE,Federal Contract Tower,0,8,8,0,16,0,0,11,2,13,0,8,19,2,29,20,0,20,49
12/05/2006,JVL,WI,AGL,CE,Federal Contract Tower,2,9,14,0,25,0,0,26,0,26,2,9,40,0,51,12,0,12,63
12/06/2006,JVL,WI,AGL,CE,Federal Contract Tower,1,16,4,0,21,0,1,32,0,33,1,17,36,0,54,2,0,2,56
12/07/2006,JVL,WI,AGL,CE,Federal Contract Tower,2,7,6,0,15,0,1,21,0,22,2,8,27,0,37,14,0,14,51
12/08/2006,JVL,WI,AGL,CE,Federal Contract Tower,1,11,12,0,24,0,10,77,3,90,1,21,89,3,114,82,10,92,206
12/09/2006,JVL,WI,AGL,CE,Federal Contract Tower,0,5,21,0,26,0,2,168,0,170,0,7,189,0,196,72,0,72,268
12/10/2006,JVL,WI,AGL,CE,Federal Contract Tower,0,3,10,0,13,0,8,117,0,125,0,11,127,0,138,30,0,30,168
12/11/2006,JVL,WI,AGL,CE,Federal Contract Tower,0,12,6,0,18,0,0,38,0,38,0,12,44,0,56,48,0,48,104
12/12/2006,JVL,WI,AGL,CE,Federal Contract Tower,0,9,0,0,9,0,0,0,0,0,0,9,0,0,9,0,0,0,9
12/13/2006,JVL,WI,AGL,CE,Federal Contract Tower,0,10,11,1,22,0,0,45,0,45,0,10,56,1,67,38,0,38,105
12/14/2006,JVL,WI,AGL,CE,Federal Contract Tower,0,13,11,0,24,0,3,52,0,55,0,16,63,0,79,12,0,12,91
12/15/2006,JVL,WI,AGL,CE,Federal Contract Tower,0,10,23,0,33,0,8,78,0,86,0,18,101,0,119,20,0,20,139
12/16/2006,JVL,WI,AGL,CE,Federal Contract Tower,0,7,36,0,43,0,0,45,0,45,0,7,81,0,88,12,0,12,100
12/17/2006,JVL,WI,AGL,CE,Federal Contract Tower,0,7,7,0,14,0,6,120,0,126,0,13,127,0,140,54,0,54,194
12/18/2006,JVL,WI,AGL,CE,Federal Contract Tower,0,13,12,0,25,0,1,70,0,71,0,14,82,0,96,60,0,60,156
12/19/2006,JVL,WI,AGL,CE,Federal Contract Tower,0,18,7,0,25,0,4,120,2,126,0,22,127,2,151,26,0,26,177
12/20/2006,JVL,WI,AGL,CE,Federal Contract Tower,0,15,19,0,34,0,15,37,0,52,0,30,56,0,86,42,0,42,128
12/21/2006,JVL,WI,AGL,CE,Federal Contract Tower,0,23,1,0,24,0,0,0,0,0,0,23,1,0,24,0,0,0,24
12/22/2006,JVL,WI,AGL,CE,Federal Contract Tower,0,18,0,0,18,0,0,0,0,0,0,18,0,0,18,0,0,0,18
12/23/2006,JVL,WI,AGL,CE,Federal Contract Tower,0,7,10,0,17,0,0,0,0,0,0,7,10,0,17,0,0,0,17
12/24/2006,JVL,WI,AGL,CE,Federal Contract Tower,0,0,7,0,7,0,2,48,0,50,0,2,55,0,57,54,0,54,111
12/25/2006,JVL,WI,AGL,CE,Federal Contract Tower,0,2,1,0,3,0,0,1,0,1,0,2,2,0,4,0,0,0,4
12/26/2006,JVL,WI,AGL,CE,Federal Contract Tower,0,13,14,0,27,0,3,60,0,63,0,16,74,0,90,18,0,18,108
12/27/2006,JVL,WI,AGL,CE,Federal Contract Tower,0,13,12,0,25,0,1,103,2,106,0,14,115,2,131,62,0,62,193
12/28/2006,JVL,WI,AGL,CE,Federal Contract Tower,0,4,5,0,9,0,1,91,0,92,0,5,96,0,101,78,0,78,179
12/29/2006,JVL,WI,AGL,CE,Federal Contract Tower,0,3,13,0,16,0,0,19,0,19,0,3,32,0,35,34,0,34,69
12/30/2006,JVL,WI,AGL,CE,Federal Contract Tower,0,0,16,0,16,0,0,4,0,4,0,0,20,0,20,2,0,2,22
12/31/2006,JVL,WI,AGL,CE,Federal Contract Tower,0,1,0,0,1,0,0,0,0,0,0,1,0,0,1,0,0,0,1
01/01/2007,JVL,WI,AGL,CE,Federal Contract Tower,0,9,1,0,10,0,2,20,0,22,0,11,21,0,32,6,0,6,38
01/02/2007,JVL,WI,AGL,CE,Federal Contract Tower,0,14,8,0,22,0,4,95,0,99,0,18,103,0,121,50,0,50,171
01/03/2007,JVL,WI,AGL,CE,Federal Contract Tower,0,7,9,0,16,0,14,76,0,90,0,21,85,0,106,44,0,44,150
01/04/2007,JVL,WI,AGL,CE,Federal Contract Tower,0,10,3,1,14,0,0,39,0,39,0,10,42,1,53,14,2,16,69
01/05/2007,JVL,WI,AGL,CE,Federal Contract Tower,0,16,22,0,38,0,3,46,0,49,0,19,68,0,87,54,0,54,141
01/06/2007,JVL,WI,AGL,CE,Federal Contract Tower,0,3,30,0,33,0,0,63,0,63,0,3,93,0,96,90,0,90,186
01/07/2007,JVL,WI,AGL,CE,Federal Contract Tower,0,13,25,0,38,0,4,121,0,125,0,17,146,0,163,70,0,70,233
01/08/2007,JVL,WI,AGL,CE,Federal Contract Tower,0,11,10,0,21,0,4,73,0,77,0,15,83,0,98,106,0,106,204
01/09/2007,JVL,WI,AGL,CE,Federal Contract Tower,0,9,6,0,15,0,3,39,0,42,0,12,45,0,57,30,0,30,87
01/10/2007,JVL,WI,AGL,CE,Federal Contract Tower,0,15,10,0,25,0,3,70,0,73,0,18,80,0,98,64,0,64,162
01/11/2007,JVL,WI,AGL,CE,Federal Contract Tower,0,15,0,0,15,0,1,25,0,26,0,16,25,0,41,68,0,68,109
01/12/2007,JVL,WI,AGL,CE,Federal Contract Tower,0,18,5,0,23,0,0,4,0,4,0,18,9,0,27,0,0,0,27
01/13/2007,JVL,WI,AGL,CE,Federal Contract Tower,0,5,13,0,18,0,0,50,0,50,0,5,63,0,68,60,0,60,128
01/14/2007,JVL,WI,AGL,CE,Federal Contract Tower,0,3,2,0,5,0,0,10,0,10,0,3,12,0,15,38,0,38,53
01/15/2007,JVL,WI,AGL,CE,Federal Contract Tower,0,16,0,0,16,0,1,0,0,1,0,17,0,0,17,0,0,0,17
01/16/2007,JVL,WI,AGL,CE,Federal Contract Tower,0,27,7,0,34,0,0,44,0,44,0,27,51,0,78,36,0,36,114
01/17/2007,JVL,WI,AGL,CE,Federal Contract Tower,0,10,7,0,17,0,1,59,0,60,0,11,66,0,77,84,0,84,161
01/18/2007,JVL,WI,AGL,CE,Federal Contract Tower,0,14,0,0,14,0,0,11,0,11,0,14,11,0,25,32,0,32,57
01/19/2007,JVL,WI,AGL,CE,Federal Contract Tower,0,18,10,0,28,0,6,70,0,76,0,24,80,0,104,104,0,104,208
01/20/2007,JVL,WI,AGL,CE,Federal Contract Tower,0,10,22,0,32,0,1,167,0,168,0,11,189,0,200,98,0,98,298
01/21/2007,JVL,WI,AGL,CE,Federal Contract Tower,0,15,0,0,15,0,0,0,0,0,0,15,0,0,15,0,0,0,15
01/22/2007,JVL,WI,AGL,CE,Federal Contract Tower,0,6,0,0,6,0,0,32,0,32,0,6,32,0,38,48,0,48,86
01/23/2007,JVL,WI,AGL,CE,Federal Contract Tower,0,17,10,0,27,0,0,5,0,5,0,17,15,0,32,16,0,16,48
01/24/2007,JVL,WI,AGL,CE,Federal Contract Tower,0,18,6,0,24,0,2,35,0,37,0,20,41,0,61,90,0,90,151
01/25/2007,JVL,WI,AGL,CE,Federal Contract Tower,4,20,12,0,36,0,2,59,0,61,4,22,71,0,97,66,0,66,163
01/26/2007,JVL,WI,AGL,CE,Federal Contract Tower,0,11,5,0,16,0,11,27,0,38,0,22,32,0,54,84,0,84,138
01/27/2007,JVL,WI,AGL,CE,Federal Contract Tower,0,5,11,0,16,0,0,86,0,86,0,5,97,0,102,60,0,60,162
01/28/2007,JVL,WI,AGL,CE,Federal Contract Tower,0,8,4,0,12,0,5,6,0,11,0,13,10,0,23,26,0,26,49
01/29/2007,JVL,WI,AGL,CE,Federal Contract Tower,0,7,4,0,11,0,1,8,0,9,0,8,12,0,20,4,0,4,24
01/30/2007,JVL,WI,AGL,CE,Federal Contract Tower,0,12,6,0,18,0,2,23,0,25,0,14,29,0,43,14,0,14,57
01/31/2007,JVL,WI,AGL,CE,Federal Contract Tower,0,15,7,0,22,0,3,52,0,55,0,18,59,0,77,90,0,90,167
02/01/2007,JVL,WI,AGL,CE,Federal Contract Tower,0,14,10,1,25,0,2,66,1,69,0,16,76,2,94,104,0,104,198
02/02/2007,JVL,WI,AGL,CE,Federal Contract Tower,0,4,4,2,10,0,10,62,0,72,0,14,66,2,82,86,0,86,168
02/03/2007,JVL,WI,AGL,CE,Federal Contract Tower,0,5,3,0,8,0,1,0,0,1,0,6,3,0,9,0,0,0,9
02/04/2007,JVL,WI,AGL,CE,Federal Contract Tower,0,15,1,0,16,0,6,8,0,14,0,21,9,0,30,10,0,10,40
02/05/2007,JVL,WI,AGL,CE,Federal Contract Tower,0,16,0,0,16,0,2,4,0,6,0,18,4,0,22,14,0,14,36
02/06/2007,JVL,WI,AGL,CE,Federal Contract Tower,0,18,0,0,18,0,0,1,0,1,0,18,1,0,19,0,0,0,19
02/07/2007,JVL,WI,AGL,CE,Federal Contract Tower,0,8,8,0,16,0,1,49,0,50,0,9,57,0,66,66,0,66,132
02/08/2007,JVL,WI,AGL,CE,Federal Contract Tower,0,11,2,0,13,0,0,45,0,45,0,11,47,0,58,74,0,74,132
02/09/2007,JVL,WI,AGL,CE,Federal Contract Tower,6,10,8,0,24,0,8,45,0,53,6,18,53,0,77,80,0,80,157
02/10/2007,JVL,WI,AGL,CE,Federal Contract Tower,5,10,21,0,36,0,1,89,0,90,5,11,110,0,126,62,0,62,188
02/11/2007,JVL,WI,AGL,CE,Federal Contract Tower,0,8,6,0,14,0,2,32,0,34,0,10,38,0,48,56,0,56,104
02/12/2007,JVL,WI,AGL,CE,Federal Contract Tower,6,11,1,0,18,0,0,2,0,2,6,11,3,0,20,0,0,0,20
02/13/2007,JVL,WI,AGL,CE,Federal Contract Tower,6,8,0,0,14,0,0,0,0,0,6,8,0,0,14,0,0,0,14
02/14/2007,JVL,WI,AGL,CE,Federal Contract Tower,4,5,5,1,15,0,0,44,1,45,4,5,49,2,60,92,2,94,154
02/15/2007,JVL,WI,AGL,CE,Federal Contract Tower,2,15,5,0,22,0,2,55,2,59,2,17,60,2,81,58,0,58,139
02/16/2007,JVL,WI,AGL,CE,Federal Contract Tower,2,24,4,0,30,0,3,51,0,54,2,27,55,0,84,66,0,66,150
02/17/2007,JVL,WI,AGL,CE,Federal Contract Tower,0,2,11,0,13,0,0,53,0,53,0,2,64,0,66,40,0,40,106
02/18/2007,JVL,WI,AGL,CE,Federal Contract Tower,0,9,24,0,33,0,7,141,0,148,0,16,165,0,181,54,0,54,235
02/19/2007,JVL,WI,AGL,CE,Federal Contract Tower,0,18,8,0,26,0,1,37,0,38,0,19,45,0,64,56,0,56,120
02/20/2007,JVL,WI,AGL,CE,Federal Contract Tower,6,9,3,0,18,0,2,53,0,55,6,11,56,0,73,68,0,68,141
02/21/2007,JVL,WI,AGL,CE,Federal Contract Tower,2,14,10,0,26,0,1,68,0,69,2,15,78,0,95,60,0,60,155
02/22/2007,JVL,WI,AGL,CE,Federal Contract Tower,0,11,7,0,18,0,7,49,0,56,0,18,56,0,74,74,0,74,148
02/23/2007,JVL,WI,AGL,CE,Federal Contract Tower,4,9,13,0,26,0,0,79,0,79,4,9,92,0,105,88,0,88,193
02/24/2007,JVL,WI,AGL,CE,Federal Contract Tower,2,3,0,0,5,0,0,2,0,2,2,3,2,0,7,0,0,0,7
02/25/2007,JVL,WI,AGL,CE,Federal Contract Tower,0,3,0,0,3,0,0,0,0,0,0,3,0,0,3,0,0,0,3
02/26/2007,JVL,WI,AGL,CE,Federal Contract Tower,7,15,0,0,22,0,0,0,0,0,7,15,0,0,22,0,0,0,22
02/27/2007,JVL,WI,AGL,CE,Federal Contract Tower,6,12,4,0,22,2,0,15,0,17,8,12,19,0,39,26,0,26,65
02/28/2007,JVL,WI,AGL,CE,Federal Contract Tower,8,17,2,0,27,0,0,11,0,11,8,17,13,0,38,60,0,60,98
03/01/2007,JVL,WI,AGL,CE,Federal Contract Tower,7,13,0,0,20,0,4,0,0,4,7,17,0,0,24,0,0,0,24
03/02/2007,JVL,WI,AGL,CE,Federal Contract Tower,14,11,0,0,25,0,0,0,0,0,14,11,0,0,25,0,0,0,25
03/03/2007,JVL,WI,AGL,CE,Federal Contract Tower,0,8,9,0,17,0,0,9,0,9,0,8,18,0,26,8,0,8,34
03/04/2007,JVL,WI,AGL,CE,Federal Contract Tower,0,9,15,0,24,0,11,114,0,125,0,20,129,0,149,76,0,76,225
03/05/2007,JVL,WI,AGL,CE,Federal Contract Tower,10,13,10,0,33,0,2,43,0,45,10,15,53,0,78,92,0,92,170
03/06/2007,JVL,WI,AGL,CE,Federal Contract Tower,8,12,3,0,23,0,1,12,0,13,8,13,15,0,36,26,0,26,62
03/07/2007,JVL,WI,AGL,CE,Federal Contract Tower,8,13,15,0,36,0,2,44,0,46,8,15,59,0,82,50,0,50,132
03/08/2007,JVL,WI,AGL,CE,Federal Contract Tower,0,22,9,0,31,0,2,80,0,82,0,24,89,0,113,154,0,154,267
03/09/2007,JVL,WI,AGL,CE,Federal Contract Tower,2,24,7,0,33,0,5,84,0,89,2,29,91,0,122,86,0,86,208
03/10/2007,JVL,WI,AGL,CE,Federal Contract Tower,0,0,17,0,17,0,1,216,0,217,0,1,233,0,234,90,0,90,324
03/11/2007,JVL,WI,AGL,CE,Federal Contract Tower,0,3,28,0,31,0,12,266,0,278,0,15,294,0,309,74,0,74,383
03/12/2007,JVL,WI,AGL,CE,Federal Contract Tower,2,10,4,0,16,0,0,37,0,37,2,10,41,0,53,90,0,90,143
03/13/2007,JVL,WI,AGL,CE,Federal Contract Tower,6,9,9,0,24,0,2,58,0,60,6,11,67,0,84,112,0,112,196
03/14/2007,JVL,WI,AGL,CE,Federal Contract Tower,6,26,7,0,39,0,2,20,0,22,6,28,27,0,61,38,0,38,99
03/15/2007,JVL,WI,AGL,CE,Federal Contract Tower,9,7,13,0,29,0,5,42,0,47,9,12,55,0,76,96,0,96,172
03/16/2007,JVL,WI,AGL,CE,Federal Contract Tower,5,29,10,0,44,0,2,84,0,86,5,31,94,0,130,114,0,114,244
03/17/2007,JVL,WI,AGL,CE,Federal Contract Tower,0,8,25,0,33,0,1,226,0,227,0,9,251,0,260,60,0,60,320
03/18/2007,JVL,WI,AGL,CE,Federal Contract Tower,0,13,13,0,26,0,5,128,0,133,0,18,141,0,159,60,0,60,219
03/19/2007,JVL,WI,AGL,CE,Federal Contract Tower,1,13,5,0,19,0,0,48,0,48,1,13,53,0,67,120,0,120,187
03/20/2007,JVL,WI,AGL,CE,Federal Contract Tower,0,8,10,0,18,0,0,82,0,82,0,8,92,0,100,88,0,88,188
03/21/2007,JVL,WI,AGL,CE,Federal Contract Tower,0,22,2,0,24,0,0,2,0,2,0,22,4,0,26,4,0,4,30
03/22/2007,JVL,WI,AGL,CE,Federal Contract Tower,0,19,18,1,38,0,0,85,1,86,0,19,103,2,124,104,0,104,228
03/23/2007,JVL,WI,AGL,CE,Federal Contract Tower,0,21,11,0,32,0,3,58,0,61,0,24,69,0,93,54,0,54,147
03/24/2007,JVL,WI,AGL,CE,Federal Contract Tower,0,8,20,0,28,0,0,20,0,20,0,8,40,0,48,2,0,2,50
03/25/2007,JVL,WI,AGL,CE,Federal Contract Tower,0,9,14,0,23,0,6,38,0,44,0,15,52,0,67,50,0,50,117
03/26/2007,JVL,WI,AGL,CE,Federal Contract Tower,0,8,15,0,23,0,3,66,0,69,0,11,81,0,92,98,0,98,190
03/27/2007,JVL,WI,AGL,CE,Federal Contract Tower,0,19,12,0,31,0,4,31,0,35,0,23,43,0,66,84,0,84,150
03/28/2007,JVL,WI,AGL,CE,Federal Contract Tower,0,21,8,0,29,0,0,1,0,1,0,21,9,0,30,0,0,0,30
03/29/2007,JVL,WI,AGL,CE,Federal Contract Tower,0,15,17,0,32,0,3,17,0,20,0,18,34,0,52,66,0,66,118
03/30/2007,JVL,WI,AGL,CE,Federal Contract Tower,0,24,14,0,38,0,3,39,0,42,0,27,53,0,80,52,0,52,132
03/31/2007,JVL,WI,AGL,CE,Federal Contract Tower,0,5,10,0,15,0,0,20,0,20,0,5,30,0,35,18,0,18,53
04/01/2007,JVL,WI,AGL,CE,Federal Contract Tower,0,5,5,0,10,0,0,45,0,45,0,5,50,0,55,0,0,0,55
04/02/2007,JVL,WI,AGL,CE,Federal Contract Tower,2,14,6,0,22,0,7,63,0,70,2,21,69,0,92,50,0,50,142
04/03/2007,JVL,WI,AGL,CE,Federal Contract Tower,0,17,7,0,24,0,0,17,0,17,0,17,24,0,41,6,0,6,47
04/04/2007,JVL,WI,AGL,CE,Federal Contract Tower,2,10,1,0,13,0,0,2,0,2,2,10,3,0,15,10,0,10,25
04/05/2007,JVL,WI,AGL,CE,Federal Contract Tower,0,11,9,0,20,0,5,39,0,44,0,16,48,0,64,70,0,70,134
04/06/2007,JVL,WI,AGL,CE,Federal Contract Tower,0,7,8,0,15,0,0,51,0,51,0,7,59,0,66,42,0,42,108
04/07/2007,JVL,WI,AGL,CE,Federal Contract Tower,0,3,1,0,4,0,1,47,0,48,0,4,48,0,52,36,0,36,88
04/08/2007,JVL,WI,AGL,CE,Federal Contract Tower,0,1,13,0,14,0,0,39,0,39,0,1,52,0,53,30,0,30,83
04/09/2007,JVL,WI,AGL,CE,Federal Contract Tower,0,19,15,0,34,0,9,39,0,48,0,28,54,0,82,18,0,18,100
04/10/2007,JVL,WI,AGL,CE,Federal Contract Tower,2,8,10,0,20,0,0,48,0,48,2,8,58,0,68,104,0,104,172
04/11/2007,JVL,WI,AGL,CE,Federal Contract Tower,0,9,1,0,10,0,0,0,0,0,0,9,1,0,10,0,0,0,10
04/12/2007,JVL,WI,AGL,CE,Federal Contract Tower,0,16,4,0,20,0,0,28,0,28,0,16,32,0,48,50,0,50,98
04/13/2007,JVL,WI,AGL,CE,Federal Contract Tower,0,8,24,0,32,0,13,124,0,137,0,21,148,0,169,152,0,152,321
04/14/2007,JVL,WI,AGL,CE,Federal Contract Tower,0,5,17,0,22,0,2,110,0,112,0,7,127,0,134,76,0,76,210
04/15/2007,JVL,WI,AGL,CE,Federal Contract Tower,0,6,30,0,36,0,8,208,0,216,0,14,238,0,252,78,0,78,330
04/16/2007,JVL,WI,AGL,CE,Federal Contract Tower,0,21,20,0,41,0,0,85,0,85,0,21,105,0,126,64,0,64,190
04/17/2007,JVL,WI,AGL,CE,Federal Contract Tower,0,13,7,0,20,0,1,42,0,43,0,14,49,0,63,30,0,30,93
04/18/2007,JVL,WI,AGL,CE,Federal Contract Tower,0,14,6,0,20,0,0,13,0,13,0,14,19,0,33,8,0,8,41
04/19/2007,JVL,WI,AGL,CE,Federal Contract Tower,2,19,13,0,34,0,0,61,0,61,2,19,74,0,95,56,0,56,151
04/20/2007,JVL,WI,AGL,CE,Federal Contract Tower,2,18,17,0,37,0,6,105,0,111,2,24,122,0,148,96,0,96,244
04/21/2007,JVL,WI,AGL,CE,Federal Contract Tower,5,3,25,0,33,0,0,164,0,164,5,3,189,0,197,82,0,82,279
04/22/2007,JVL,WI,AGL,CE,Federal Contract Tower,0,13,6,0,19,0,3,95,0,98,0,16,101,0,117,4,0,4,121
04/23/2007,JVL,WI,AGL,CE,Federal Contract Tower,4,9,9,0,22,0,2,25,0,27,4,11,34,0,49,26,0,26,75
04/24/2007,JVL,WI,AGL,CE,Federal Contract Tower,5,6,1,0,12,0,2,34,0,36,5,8,35,0,48,34,0,34,82
04/25/2007,JVL,WI,AGL,CE,Federal Contract Tower,2,15,6,0,23,0,1,6,0,7,2,16,12,0,30,14,0,14,44
04/26/2007,JVL,WI,AGL,CE,Federal Contract Tower,2,14,2,0,18,0,0,0,0,0,2,14,2,0,18,0,0,0,18
04/27/2007,JVL,WI,AGL,CE,Federal Contract Tower,0,9,34,1,44,0,6,54,1,61,0,15,88,2,105,96,2,98,203
04/28/2007,JVL,WI,AGL,CE,Federal Contract Tower,0,8,32,0,40,0,1,176,0,177,0,9,208,0,217,72,0,72,289
04/29/2007,JVL,WI,AGL,CE,Federal Contract Tower,0,7,15,0,22,0,6,152,0,158,0,13,167,0,180,46,0,46,226
04/30/2007,JVL,WI,AGL,CE,Federal Contract Tower,0,8,5,0,13,0,0,63,0,63,0,8,68,0,76,50,0,50,126
05/01/2007,JVL,WI,AGL,CE,Federal Contract Tower,0,23,2,0,25,0,1,43,0,44,0,24,45,0,69,60,0,60,129
05/02/2007,JVL,WI,AGL,CE,Federal Contract Tower,0,5,10,0,15,0,1,68,2,71,0,6,78,2,86,88,8,96,182
05/03/2007,JVL,WI,AGL,CE,Federal Contract Tower,0,16,11,0,27,0,1,44,0,45,0,17,55,0,72,46,0,46,118
05/04/2007,JVL,WI,AGL,CE,Federal Contract Tower,0,15,7,0,22,0,2,58,0,60,0,17,65,0,82,76,0,76,158
05/05/2007,JVL,WI,AGL,CE,Federal Contract Tower,0,1,21,0,22,0,0,96,0,96,0,1,117,0,118,12,0,12,130
05/06/2007,JVL,WI,AGL,CE,Federal Contract Tower,0,15,7,0,22,0,9,88,0,97,0,24,95,0,119,108,0,108,227
05/07/2007,JVL,WI,AGL,CE,Federal Contract Tower,0,16,5,1,22,0,8,86,1,95,0,24,91,2,117,32,2,34,151
05/08/2007,JVL,WI,AGL,CE,Federal Contract Tower,0,17,5,0,22,0,1,56,0,57,0,18,61,0,79,110,0,110,189
05/09/2007,JVL,WI,AGL,CE,Federal Contract Tower,3,20,3,2,28,0,3,36,0,39,3,23,39,2,67,86,0,86,153
05/10/2007,JVL,WI,AGL,CE,Federal Contract Tower,0,7,15,0,22,0,0,143,0,143,0,7,158,0,165,56,0,56,221
05/11/2007,JVL,WI,AGL,CE,Federal Contract Tower,0,12,9,0,21,0,4,74,0,78,0,16,83,0,99,66,0,66,165
05/12/2007,JVL,WI,AGL,CE,Federal Contract Tower,0,9,16,0,25,0,3,107,4,114,0,12,123,4,139,42,0,42,181
05/13/2007,JVL,WI,AGL,CE,Federal Contract Tower,1,7,0,0,8,0,6,51,7,64,1,13,51,7,72,54,0,54,126
05/14/2007,JVL,WI,AGL,CE,Federal Contract Tower,0,18,2,0,20,0,0,48,0,48,0,18,50,0,68,80,0,80,148
05/15/2007,JVL,WI,AGL,CE,Federal Contract Tower,0,17,4,0,21,0,2,6,0,8,0,19,10,0,29,6,0,6,35
05/16/2007,JVL,WI,AGL,CE,Federal Contract Tower,0,19,14,0,33,0,1,51,0,52,0,20,65,0,85,70,0,70,155
05/17/2007,JVL,WI,AGL,CE,Federal Contract Tower,0,11,7,1,19,0,1,90,1,92,0,12,97,2,111,50,0,50,161
05/18/2007,JVL,WI,AGL,CE,Federal Contract Tower,0,13,20,0,33,0,8,93,0,101,0,21,113,0,134,70,0,70,204
05/19/2007,JVL,WI,AGL,CE,Federal Contract Tower,0,2,16,0,18,0,0,162,0,162,0,2,178,0,180,90,0,90,270
05/20/2007,JVL,WI,AGL,CE,Federal Contract Tower,0,7,10,0,17,0,5,21,0,26,0,12,31,0,43,26,0,26,69
05/21/2007,JVL,WI,AGL,CE,Federal Contract Tower,0,15,24,0,39,0,2,83,0,85,0,17,107,0,124,48,0,48,172
05/22/2007,JVL,WI,AGL,CE,Federal Contract Tower,1,15,5,1,22,0,4,52,1,57,1,19,57,2,79,26,0,26,105
05/23/2007,JVL,WI,AGL,CE,Federal Contract Tower,0,18,8,1,27,0,0,31,1,32,0,18,39,2,59,14,2,16,75
05/24/2007,JVL,WI,AGL,CE,Federal Contract Tower,0,14,2,0,16,0,2,15,0,17,0,16,17,0,33,18,0,18,51
05/25/2007,JVL,WI,AGL,CE,Federal Contract Tower,0,8,11,0,19,0,5,77,0,82,0,13,88,0,101,102,0,102,203
05/26/2007,JVL,WI,AGL,CE,Federal Contract Tower,0,4,4,0,8,0,0,17,0,17,0,4,21,0,25,0,0,0,25
05/27/2007,JVL,WI,AGL,CE,Federal Contract Tower,0,2,8,0,10,0,0,92,0,92,0,2,100,0,102,26,0,26,128
05/28/2007,JVL,WI,AGL,CE,Federal Contract Tower,0,9,5,0,14,0,11,90,0,101,0,20,95,0,115,88,0,88,203
05/29/2007,JVL,WI,AGL,CE,Federal Contract Tower,2,16,6,2,26,0,4,41,2,47,2,20,47,4,73,46,0,46,119
05/30/2007,JVL,WI,AGL,CE,Federal Contract Tower,2,10,6,0,18,0,1,57,0,58,2,11,63,0,76,26,0,26,102
05/31/2007,JVL,WI,AGL,CE,Federal Contract Tower,22,16,15,0,53,0,0,37,0,37,22,16,52,0,90,48,0,48,138
06/01/2007,JVL,WI,AGL,CE,Federal Contract Tower,1,25,20,0,46,0,4,20,0,24,1,29,40,0,70,34,0,34,104
06/02/2007,JVL,WI,AGL,CE,Federal Contract Tower,0,5,26,0,31,0,0,39,0,39,0,5,65,0,70,64,0,64,134
06/03/2007,JVL,WI,AGL,CE,Federal Contract Tower,0,13,18,0,31,0,4,37,0,41,0,17,55,0,72,20,0,20,92
06/04/2007,JVL,WI,AGL,CE,Federal Contract Tower,0,12,14,1,27,0,1,12,1,14,0,13,26,2,41,10,0,10,51
06/05/2007,JVL,WI,AGL,CE,Federal Contract Tower,0,12,18,0,30,0,1,41,0,42,0,13,59,0,72,50,0,50,122
06/06/2007,JVL,WI,AGL,CE,Federal Contract Tower,0,8,21,0,29,0,2,50,0,52,0,10,71,0,81,24,0,24,105
06/07/2007,JVL,WI,AGL,CE,Federal Contract Tower,0,11,2,0,13,0,0,2,0,2,0,11,4,0,15,2,0,2,17
06/08/2007,JVL,WI,AGL,CE,Federal Contract Tower,0,13,1,2,16,0,3,51,2,56,0,16,52,4,72,40,4,44,116
06/09/2007,JVL,WI,AGL,CE,Federal Contract Tower,0,2,26,0,28,0,2,123,0,125,0,4,149,0,153,70,0,70,223
06/10/2007,JVL,WI,AGL,CE,Federal Contract Tower,0,8,18,0,26,0,5,130,0,135,0,13,148,0,161,42,0,42,203
06/11/2007,JVL,WI,AGL,CE,Federal Contract Tower,0,11,16,0,27,0,4,73,0,77,0,15,89,0,104,44,0,44,148
06/12/2007,JVL,WI,AGL,CE,Federal Contract Tower,0,16,6,0,22,0,1,83,0,84,0,17,89,0,106,52,0,52,158
06/13/2007,JVL,WI,AGL,CE,Federal Contract Tower,0,9,15,0,24,0,0,69,0,69,0,9,84,0,93,38,0,38,131
06/14/2007,JVL,WI,AGL,CE,Federal Contract Tower,0,14,6,0,20,0,12,96,2,110,0,26,102,2,130,84,2,86,216
06/15/2007,JVL,WI,AGL,CE,Federal Contract Tower,0,11,23,0,34,0,6,66,0,72,0,17,89,0,106,40,0,40,146
06/16/2007,JVL,WI,AGL,CE,Federal Contract Tower,0,5,9,0,14,0,0,83,0,83,0,5,92,0,97,48,0,48,145
06/17/2007,JVL,WI,AGL,CE,Federal Contract Tower,0,9,10,0,19,0,1,44,0,45,0,10,54,0,64,8,0,8,72
06/18/2007,JVL,WI,AGL,CE,Federal Contract Tower,0,5,7,0,12,0,3,38,0,41,0,8,45,0,53,56,0,56,109
06/19/2007,JVL,WI,AGL,CE,Federal Contract Tower,0,17,16,0,33,0,2,88,0,90,0,19,104,0,123,160,0,160,283
06/20/2007,JVL,WI,AGL,CE,Federal Contract Tower,0,17,9,0,26,0,3,79,0,82,0,20,88,0,108,84,0,84,192
06/21/2007,JVL,WI,AGL,CE,Federal Contract Tower,0,14,7,0,21,0,0,32,0,32,0,14,39,0,53,42,0,42,95
06/22/2007,JVL,WI,AGL,CE,Federal Contract Tower,0,9,7,0,16,0,2,53,0,55,0,11,60,0,71,66,0,66,137
06/23/2007,JVL,WI,AGL,CE,Federal Contract Tower,0,5,24,0,29,0,0,49,0,49,0,5,73,0,78,62,0,62,140
06/24/2007,JVL,WI,AGL,CE,Federal Contract Tower,0,10,27,0,37,0,2,40,0,42,0,12,67,0,79,42,0,42,121
06/25/2007,JVL,WI,AGL,CE,Federal Contract Tower,0,13,22,1,36,0,0,33,1,34,0,13,55,2,70,62,2,64,134
06/26/2007,JVL,WI,AGL,CE,Federal Contract Tower,0,7,8,0,15,0,0,42,0,42,0,7,50,0,57,64,0,64,121
06/27/2007,JVL,WI,AGL,CE,Federal Contract Tower,0,13,4,0,17,0,3,45,0,48,0,16,49,0,65,60,0,60,125
06/28/2007,JVL,WI,AGL,CE,Federal Contract Tower,0,22,11,0,33,0,1,59,0,60,0,23,70,0,93,42,0,42,135
06/29/2007,JVL,WI,AGL,CE,Federal Contract Tower,0,12,9,0,21,0,2,81,0,83,0,14,90,0,104,32,0,32,136
06/30/2007,JVL,WI,AGL,CE,Federal Contract Tower,0,11,23,0,34,0,0,131,0,131,0,11,154,0,165,120,0,120,285
07/01/2007,JVL,WI,AGL,CE,Federal Contract Tower,0,7,4,0,11,0,1,137,0,138,0,8,141,0,149,62,0,62,211
07/02/2007,JVL,WI,AGL,CE,Federal Contract Tower,0,13,9,1,23,0,2,81,1,84,0,15,90,2,107,94,0,94,201
07/03/2007,JVL,WI,AGL,CE,Federal Contract Tower,0,4,7,0,11,0,0,48,0,48,0,4,55,0,59,70,0,70,129
07/04/2007,JVL,WI,AGL,CE,Federal Contract Tower,0,6,0,0,6,0,0,28,0,28,0,6,28,0,34,66,0,66,100
07/05/2007,JVL,WI,AGL,CE,Federal Contract Tower,0,5,12,2,19,0,0,90,0,90,0,5,102,2,109,74,0,74,183
07/06/2007,JVL,WI,AGL,CE,Federal Contract Tower,0,6,10,0,16,0,2,95,0,97,0,8,105,0,113,110,0,110,223
07/07/2007,JVL,WI,AGL,CE,Federal Contract Tower,0,4,9,0,13,0,0,110,0,110,0,4,119,0,123,72,0,72,195
07/08/2007,JVL,WI,AGL,CE,Federal Contract Tower,0,9,4,0,13,0,0,72,0,72,0,9,76,0,85,58,0,58,143
07/09/2007,JVL,WI,AGL,CE,Federal Contract Tower,0,2,9,0,11,0,4,65,0,69,0,6,74,0,80,56,0,56,136
07/10/2007,JVL,WI,AGL,CE,Federal Contract Tower,0,12,4,0,16,0,2,74,0,76,0,14,78,0,92,48,0,48,140
07/11/2007,JVL,WI,AGL,CE,Federal Contract Tower,0,12,20,0,32,0,1,75,0,76,0,13,95,0,108,76,0,76,184
07/12/2007,JVL,WI,AGL,CE,Federal Contract Tower,0,13,11,0,24,0,5,79,0,84,0,18,90,0,108,124,0,124,232
07/13/2007,JVL,WI,AGL,CE,Federal Contract Tower,0,12,11,3,26,0,0,104,3,107,0,12,115,6,133,254,18,272,405
07/14/2007,JVL,WI,AGL,CE,Federal Contract Tower,0,8,14,0,22,0,0,75,0,75,0,8,89,0,97,116,0,116,213
07/15/2007,JVL,WI,AGL,CE,Federal Contract Tower,0,13,22,0,35,0,3,171,0,174,0,16,193,0,209,150,0,150,359
07/16/2007,JVL,WI,AGL,CE,Federal Contract Tower,0,11,6,0,17,0,1,44,0,45,0,12,50,0,62,74,0,74,136
07/17/2007,JVL,WI,AGL,CE,Federal Contract Tower,0,19,8,0,27,0,0,126,0,126,0,19,134,0,153,88,0,88,241
07/18/2007,JVL,WI,AGL,CE,Federal Contract Tower,0,12,11,0,23,0,0,64,0,64,0,12,75,0,87,106,0,106,193
07/19/2007,JVL,WI,AGL,CE,Federal Contract Tower,1,17,14,0,32,0,0,56,0,56,1,17,70,0,88,52,0,52,140
07/20/2007,JVL,WI,AGL,CE,Federal Contract Tower,0,8,6,0,14,0,0,141,0,141,0,8,147,0,155,198,0,198,353
07/21/2007,JVL,WI,AGL,CE,Federal Contract Tower,0,13,13,0,26,3,7,166,0,176,3,20,179,0,202,122,0,122,324
07/22/2007,JVL,WI,AGL,CE,Federal Contract Tower,0,9,13,0,22,10,7,288,0,305,10,16,301,0,327,178,0,178,505
07/23/2007,JVL,WI,AGL,CE,Federal Contract Tower,0,10,5,0,15,0,1,95,0,96,0,11,100,0,111,112,0,112,223
07/24/2007,JVL,WI,AGL,CE,Federal Contract Tower,0,20,12,0,32,0,1,85,0,86,0,21,97,0,118,74,0,74,192
07/25/2007,JVL,WI,AGL,CE,Federal Contract Tower,0,13,10,0,23,0,2,81,0,83,0,15,91,0,106,112,0,112,218
07/26/2007,JVL,WI,AGL,CE,Federal Contract Tower,0,9,10,0,19,0,0,88,0,88,0,9,98,0,107,44,0,44,151
07/27/2007,JVL,WI,AGL,CE,Federal Contract Tower,0,18,17,0,35,0,5,47,0,52,0,23,64,0,87,38,0,38,125
07/28/2007,JVL,WI,AGL,CE,Federal Contract Tower,0,6,22,0,28,0,0,76,0,76,0,6,98,0,104,48,0,48,152
07/29/2007,JVL,WI,AGL,CE,Federal Contract Tower,0,12,20,0,32,0,3,116,0,119,0,15,136,0,151,46,0,46,197
07/30/2007,JVL,WI,AGL,CE,Federal Contract Tower,0,10,7,0,17,0,3,108,0,111,0,13,115,0,128,110,0,110,238
07/31/2007,JVL,WI,AGL,CE,Federal Contract Tower,0,14,5,1,20,0,5,101,1,107,0,19,106,2,127,134,2,136,263
08/01/2007,JVL,WI,AGL,CE,Federal Contract Tower,0,13,12,2,27,0,0,91,0,91,0,13,103,2,118,94,0,94,212
08/02/2007,JVL,WI,AGL,CE,Federal Contract Tower,0,10,10,5,25,0,4,87,3,94,0,14,97,8,119,100,30,130,249
08/03/2007,JVL,WI,AGL,CE,Federal Contract Tower,0,15,6,2,23,0,5,84,13,102,0,20,90,15,125,178,92,270,395
08/04/2007,JVL,WI,AGL,CE,Federal Contract Tower,1,3,5,0,9,0,0,56,11,67,1,3,61,11,76,212,32,244,320
08/05/2007,JVL,WI,AGL,CE,Federal Contract Tower,1,1,3,1,6,0,1,50,10,61,1,2,53,11,67,326,48,374,441
08/06/2007,JVL,WI,AGL,CE,Federal Contract Tower,0,11,13,6,30,0,1,18,0,19,0,12,31,6,49,34,0,34,83
08/07/2007,JVL,WI,AGL,CE,Federal Contract Tower,2,23,12,0,37,0,1,28,0,29,2,24,40,0,66,38,0,38,104
08/08/2007,JVL,WI,AGL,CE,Federal Contract Tower,0,17,14,1,32,0,0,48,1,49,0,17,62,2,81,90,2,92,173
08/09/2007,JVL,WI,AGL,CE,Federal Contract Tower,0,18,19,0,37,0,1,12,0,13,0,19,31,0,50,32,0,32,82
08/10/2007,JVL,WI,AGL,CE,Federal Contract Tower,0,15,19,0,34,0,3,89,0,92,0,18,108,0,126,80,0,80,206
08/11/2007,JVL,WI,AGL,CE,Federal Contract Tower,0,3,18,0,21,1,4,77,0,82,1,7,95,0,103,68,0,68,171
08/12/2007,JVL,WI,AGL,CE,Federal Contract Tower,0,7,9,0,16,0,0,137,0,137,0,7,146,0,153,74,0,74,227
08/13/2007,JVL,WI,AGL,CE,Federal Contract Tower,0,5,10,0,15,0,3,67,0,70,0,8,77,0,85,98,0,98,183
08/14/2007,JVL,WI,AGL,CE,Federal Contract Tower,0,13,12,0,25,0,0,45,0,45,0,13,57,0,70,48,0,48,118
08/15/2007,JVL,WI,AGL,CE,Federal Contract Tower,0,11,0,0,11,0,0,2,0,2,0,11,2,0,13,10,0,10,23
08/16/2007,JVL,WI,AGL,CE,Federal Contract Tower,0,12,11,1,24,0,0,44,5,49,0,12,55,6,73,30,0,30,103
08/17/2007,JVL,WI,AGL,CE,Federal Contract Tower,0,13,7,0,20,0,3,135,0,138,0,16,142,0,158,70,0,70,228
08/18/2007,JVL,WI,AGL,CE,Federal Contract Tower,0,2,3,0,5,0,0,74,0,74,0,2,77,0,79,36,0,36,115
08/19/2007,JVL,WI,AGL,CE,Federal Contract Tower,0,3,4,0,7,0,0,2,0,2,0,3,6,0,9,4,0,4,13
08/20/2007,JVL,WI,AGL,CE,Federal Contract Tower,0,19,7,0,26,0,0,4,0,4,0,19,11,0,30,4,0,4,34
08/21/2007,JVL,WI,AGL,CE,Federal Contract Tower,0,13,4,0,17,0,0,17,0,17,0,13,21,0,34,24,0,24,58
08/22/2007,JVL,WI,AGL,CE,Federal Contract Tower,0,21,7,0,28,0,2,34,0,36,0,23,41,0,64,18,0,18,82
08/23/2007,JVL,WI,AGL,CE,Federal Contract Tower,0,13,5,0,18,0,0,21,0,21,0,13,26,0,39,22,0,22,61
08/24/2007,JVL,WI,AGL,CE,Federal Contract Tower,0,13,12,0,25,0,0,35,0,35,0,13,47,0,60,62,0,62,122
08/25/2007,JVL,WI,AGL,CE,Federal Contract Tower,0,3,14,0,17,0,3,78,0,81,0,6,92,0,98,76,0,76,174
08/26/2007,JVL,WI,AGL,CE,Federal Contract Tower,0,4,22,0,26,0,5,164,0,169,0,9,186,0,195,84,0,84,279
08/27/2007,JVL,WI,AGL,CE,Federal Contract Tower,0,10,6,0,16,0,1,38,0,39,0,11,44,0,55,23,0,23,78
08/28/2007,JVL,WI,AGL,CE,Federal Contract Tower,0,8,5,0,13,0,1,82,0,83,0,9,87,0,96,80,0,80,176
08/29/2007,JVL,WI,AGL,CE,Federal Contract Tower,0,18,9,0,27,0,1,37,0,38,0,19,46,0,65,70,0,70,135
08/30/2007,JVL,WI,AGL,CE,Federal Contract Tower,2,17,12,1,32,0,3,82,1,86,2,20,94,2,118,52,2,54,172
08/31/2007,JVL,WI,AGL,CE,Federal Contract Tower,0,9,14,0,23,0,2,137,0,139,0,11,151,0,162,114,0,114,276
09/01/2007,JVL,WI,AGL,CE,Federal Contract Tower,0,6,13,0,19,0,2,153,0,155,0,8,166,0,174,76,0,76,250
09/02/2007,JVL,WI,AGL,CE,Federal Contract Tower,0,4,6,0,10,0,0,119,0,119,0,4,125,0,129,66,0,66,195
09/03/2007,JVL,WI,AGL,CE,Federal Contract Tower,0,7,11,0,18,0,4,107,0,111,0,11,118,0,129,70,0,70,199
09/04/2007,JVL,WI,AGL,CE,Federal Contract Tower,0,16,4,0,20,0,2,60,0,62,0,18,64,0,82,60,0,60,142
09/05/2007,JVL,WI,AGL,CE,Federal Contract Tower,0,10,11,2,23,0,3,72,0,75,0,13,83,2,98,98,4,102,200
09/06/2007,JVL,WI,AGL,CE,Federal Contract Tower,0,6,5,0,11,0,1,39,0,40,0,7,44,0,51,38,0,38,89
09/07/2007,JVL,WI,AGL,CE,Federal Contract Tower,0,15,7,0,22,0,4,35,0,39,0,19,42,0,61,22,0,22,83
09/08/2007,JVL,WI,AGL,CE,Federal Contract Tower,0,5,20,0,25,0,2,176,0,178,0,7,196,0,203,126,0,126,329
09/09/2007,JVL,WI,AGL,CE,Federal Contract Tower,0,10,15,0,25,0,12,155,0,167,0,22,170,0,192,78,2,80,272
09/10/2007,JVL,WI,AGL,CE,Federal Contract Tower,0,12,16,0,28,0,0,6,0,6,0,12,22,0,34,12,0,12,46
09/11/2007,JVL,WI,AGL,CE,Federal Contract Tower,0,10,6,0,16,0,0,39,0,39,0,10,45,0,55,22,0,22,77
09/12/2007,JVL,WI,AGL,CE,Federal Contract Tower,0,20,9,0,29,0,4,99,0,103,0,24,108,0,132,146,0,146,278
09/13/2007,JVL,WI,AGL,CE,Federal Contract Tower,0,14,12,0,26,0,1,64,0,65,0,15,76,0,91,48,0,48,139
09/14/2007,JVL,WI,AGL,CE,Federal Contract Tower,0,12,10,0,22,0,5,67,3,75,0,17,77,3,97,54,2,56,153
09/15/2007,JVL,WI,AGL,CE,Federal Contract Tower,0,9,12,0,21,0,0,145,0,145,0,9,157,0,166,174,0,174,340
09/16/2007,JVL,WI,AGL,CE,Federal Contract Tower,0,12,22,0,34,0,2,126,0,128,0,14,148,0,162,44,0,44,206
09/17/2007,JVL,WI,AGL,CE,Federal Contract Tower,0,10,6,0,16,0,3,40,0,43,0,13,46,0,59,50,0,50,109
09/18/2007,JVL,WI,AGL,CE,Federal Contract Tower,0,7,0,0,7,0,3,25,0,28,0,10,25,0,35,14,0,14,49
09/19/2007,JVL,WI,AGL,CE,Federal Contract Tower,0,15,8,0,23,0,2,60,0,62,0,17,68,0,85,74,0,74,159
09/20/2007,JVL,WI,AGL,CE,Federal Contract Tower,0,15,13,0,28,0,1,69,0,70,0,16,82,0,98,32,0,32,130
09/21/2007,JVL,WI,AGL,CE,Federal Contract Tower,0,25,6,0,31,0,4,50,0,54,0,29,56,0,85,48,0,48,133
09/22/2007,JVL,WI,AGL,CE,Federal Contract Tower,0,2,20,0,22,0,7,154,14,175,0,9,174,14,197,102,0,102,299
09/23/2007,JVL,WI,AGL,CE,Federal Contract Tower,0,14,9,1,24,0,8,141,0,149,0,22,150,1,173,78,2,80,253
09/24/2007,JVL,WI,AGL,CE,Federal Contract Tower,0,17,5,0,22,0,2,45,0,47,0,19,50,0,69,34,0,34,103
09/25/2007,JVL,WI,AGL,CE,Federal Contract Tower,0,13,1,0,14,0,0,8,0,8,0,13,9,0,22,34,0,34,56
09/26/2007,JVL,WI,AGL,CE,Federal Contract Tower,0,8,8,0,16,0,3,79,0,82,0,11,87,0,98,68,0,68,166
09/27/2007,JVL,WI,AGL,CE,Federal Contract Tower,0,14,10,2,26,0,1,59,0,60,0,15,69,2,86,66,4,70,156
09/28/2007,JVL,WI,AGL,CE,Federal Contract Tower,0,30,8,1,39,0,4,84,1,89,0,34,92,2,128,112,4,116,244
09/29/2007,JVL,WI,AGL,CE,Federal Contract Tower,0,5,37,0,42,0,0,119,0,119,0,5,156,0,161,76,0,76,237
09/30/2007,JVL,WI,AGL,CE,Federal Contract Tower,0,13,9,0,22,0,7,98,0,105,0,20,107,0,127,30,0,30,157
10/01/2007,JVL,WI,AGL,CE,Federal Contract Tower,0,7,10,0,17,0,0,9,0,9,0,7,19,0,26,18,0,18,44
10/02/2007,JVL,WI,AGL,CE,Federal Contract Tower,0,18,7,1,26,0,1,23,1,25,0,19,30,2,51,50,2,52,103
10/03/2007,JVL,WI,AGL,CE,Federal Contract Tower,0,10,2,0,12,0,7,123,0,130,0,17,125,0,142,96,0,96,238
10/04/2007,JVL,WI,AGL,CE,Federal Contract Tower,0,16,10,0,26,0,2,103,0,105,0,18,113,0,131,132,0,132,263
10/05/2007,JVL,WI,AGL,CE,Federal Contract Tower,0,14,6,0,20,0,4,52,0,56,0,18,58,0,76,46,0,46,122
10/06/2007,JVL,WI,AGL,CE,Federal Contract Tower,0,2,13,0,15,0,1,90,0,91,0,3,103,0,106,70,0,70,176
10/07/2007,JVL,WI,AGL,CE,Federal Contract Tower,0,16,15,0,31,0,5,103,0,108,0,21,118,0,139,20,0,20,159
10/08/2007,JVL,WI,AGL,CE,Federal Contract Tower,0,8,9,0,17,0,9,43,0,52,0,17,52,0,69,36,0,36,105
10/09/2007,JVL,WI,AGL,CE,Federal Contract Tower,0,21,5,0,26,0,4,60,0,64,0,25,65,0,90,30,0,30,120
10/10/2007,JVL,WI,AGL,CE,Federal Contract Tower,0,10,9,0,19,0,5,13,2,20,0,15,22,2,39,22,8,30,69
10/11/2007,JVL,WI,AGL,CE,Federal Contract Tower,0,16,13,0,29,0,0,36,0,36,0,16,49,0,65,90,0,90,155
10/12/2007,JVL,WI,AGL,CE,Federal Contract Tower,0,18,20,0,38,0,2,87,0,89,0,20,107,0,127,92,0,92,219
10/13/2007,JVL,WI,AGL,CE,Federal Contract Tower,0,5,28,0,33,0,0,113,0,113,0,5,141,0,146,94,0,94,240
10/14/2007,JVL,WI,AGL,CE,Federal Contract Tower,0,19,14,0,33,0,0,6,0,6,0,19,20,0,39,2,0,2,41
10/15/2007,JVL,WI,AGL,CE,Federal Contract Tower,0,12,16,2,30,0,0,46,2,48,0,12,62,4,78,66,0,66,144
10/16/2007,JVL,WI,AGL,CE,Federal Contract Tower,0,22,14,0,36,0,2,0,0,2,0,24,14,0,38,18,0,18,56
10/17/2007,JVL,WI,AGL,CE,Federal Contract Tower,2,5,14,0,21,0,0,76,0,76,2,5,90,0,97,82,0,82,179
10/18/2007,JVL,WI,AGL,CE,Federal Contract Tower,0,17,4,0,21,0,0,3,0,3,0,17,7,0,24,0,0,0,24
10/19/2007,JVL,WI,AGL,CE,Federal Contract Tower,0,30,5,0,35,0,0,2,0,2,0,30,7,0,37,0,0,0,37
10/20/2007,JVL,WI,AGL,CE,Federal Contract Tower,0,10,15,0,25,0,1,139,0,140,0,11,154,0,165,104,0,104,269
10/21/2007,JVL,WI,AGL,CE,Federal Contract Tower,0,9,2,0,11,0,3,80,0,83,0,12,82,0,94,46,0,46,140
10/22/2007,JVL,WI,AGL,CE,Federal Contract Tower,0,27,3,0,30,0,1,37,0,38,0,28,40,0,68,48,0,48,116
10/24/2007,JVL,WI,AGL,CE,Federal Contract Tower,0,13,18,0,31,0,15,53,2,70,0,28,71,2,101,74,4,78,179
10/25/2007,JVL,WI,AGL,CE,Federal Contract Tower,0,16,15,1,32,0,0,26,1,27,0,16,41,2,59,42,0,42,101
10/26/2007,JVL,WI,AGL,CE,Federal Contract Tower,0,14,11,0,25,0,0,4,0,4,0,14,15,0,29,0,0,0,29
10/27/2007,JVL,WI,AGL,CE,Federal Contract Tower,0,8,20,0,28,0,0,38,0,38,0,8,58,0,66,70,0,70,136
10/28/2007,JVL,WI,AGL,CE,Federal Contract Tower,0,7,11,0,18,0,5,181,0,186,0,12,192,0,204,78,0,78,282
10/29/2007,JVL,WI,AGL,CE,Federal Contract Tower,0,15,13,0,28,0,0,32,0,32,0,15,45,0,60,40,0,40,100
10/30/2007,JVL,WI,AGL,CE,Federal Contract Tower,0,23,15,0,38,0,3,29,0,32,0,26,44,0,70,24,0,24,94
10/31/2007,JVL,WI,AGL,CE,Federal Contract Tower,2,14,4,0,20,0,3,9,0,12,2,17,13,0,32,18,0,18,50
11/01/2007,JVL,WI,AGL,CE,Federal Contract Tower,0,17,8,0,25,0,0,54,0,54,0,17,62,0,79,74,0,74,153
11/02/2007,JVL,WI,AGL,CE,Federal Contract Tower,0,13,7,0,20,0,2,52,0,54,0,15,59,0,74,70,0,70,144
11/03/2007,JVL,WI,AGL,CE,Federal Contract Tower,0,4,11,0,15,0,0,145,0,145,0,4,156,0,160,60,0,60,220
11/04/2007,JVL,WI,AGL,CE,Federal Contract Tower,0,13,13,0,26,0,5,124,0,129,0,18,137,0,155,10,0,10,165
11/05/2007,JVL,WI,AGL,CE,Federal Contract Tower,0,9,2,0,11,0,0,14,0,14,0,9,16,0,25,0,0,0,25
11/07/2007,JVL,WI,AGL,CE,Federal Contract Tower,0,20,12,0,32,0,0,38,0,38,0,20,50,0,70,18,0,18,88
11/08/2007,JVL,WI,AGL,CE,Federal Contract Tower,0,13,10,0,23,0,0,57,0,57,0,13,67,0,80,88,0,88,168
11/09/2007,JVL,WI,AGL,CE,Federal Contract Tower,0,18,15,0,33,0,2,65,0,67,0,20,80,0,100,66,0,66,166
11/10/2007,JVL,WI,AGL,CE,Federal Contract Tower,0,4,16,0,20,0,0,106,0,106,0,4,122,0,126,94,0,94,220
11/11/2007,JVL,WI,AGL,CE,Federal Contract Tower,0,13,24,0,37,0,0,16,0,16,0,13,40,0,53,2,0,2,55
11/12/2007,JVL,WI,AGL,CE,Federal Contract Tower,0,8,13,0,21,0,1,38,0,39,0,9,51,0,60,82,0,82,142
11/13/2007,JVL,WI,AGL,CE,Federal Contract Tower,0,14,9,0,23,0,3,78,0,81,0,17,87,0,104,42,0,42,146
11/14/2007,JVL,WI,AGL,CE,Federal Contract Tower,0,18,7,0,25,0,3,40,2,45,0,21,47,2,70,4,12,16,86
11/15/2007,JVL,WI,AGL,CE,Federal Contract Tower,0,7,9,0,16,0,2,29,0,31,0,9,38,0,47,34,0,34,81
11/16/2007,JVL,WI,AGL,CE,Federal Contract Tower,0,17,6,1,24,0,4,44,1,49,0,21,50,2,73,54,0,54,127
11/17/2007,JVL,WI,AGL,CE,Federal Contract Tower,0,4,11,0,15,0,0,42,0,42,0,4,53,0,57,12,0,12,69
11/18/2007,JVL,WI,AGL,CE,Federal Contract Tower,0,9,14,0,23,0,0,133,12,145,0,9,147,12,168,12,0,12,180
11/19/2007,JVL,WI,AGL,CE,Federal Contract Tower,0,12,4,0,16,0,2,0,0,2,0,14,4,0,18,0,0,0,18
11/20/2007,JVL,WI,AGL,CE,Federal Contract Tower,0,17,6,0,23,0,0,0,0,0,0,17,6,0,23,0,0,0,23
11/21/2007,JVL,WI,AGL,CE,Federal Contract Tower,0,25,1,1,27,0,2,4,1,7,0,27,5,2,34,4,0,4,38
11/22/2007,JVL,WI,AGL,CE,Federal Contract Tower,0,1,2,0,3,0,3,3,0,6,0,4,5,0,9,0,0,0,9
11/23/2007,JVL,WI,AGL,CE,Federal Contract Tower,0,5,8,0,13,0,2,102,0,104,0,7,110,0,117,62,0,62,179
11/24/2007,JVL,WI,AGL,CE,Federal Contract Tower,0,8,8,0,16,0,0,105,0,105,0,8,113,0,121,64,0,64,185
11/25/2007,JVL,WI,AGL,CE,Federal Contract Tower,0,17,10,0,27,0,4,76,0,80,0,21,86,0,107,40,0,40,147
11/26/2007,JVL,WI,AGL,CE,Federal Contract Tower,0,15,11,0,26,0,0,17,0,17,0,15,28,0,43,36,0,36,79
11/27/2007,JVL,WI,AGL,CE,Federal Contract Tower,0,10,9,0,19,0,4,39,0,43,0,14,48,0,62,24,0,24,86
11/28/2007,JVL,WI,AGL,CE,Federal Contract Tower,0,19,6,0,25,0,4,17,0,21,0,23,23,0,46,76,0,76,122
11/29/2007,JVL,WI,AGL,CE,Federal Contract Tower,0,14,9,0,23,0,0,63,0,63,0,14,72,0,86,44,0,44,130
11/30/2007,JVL,WI,AGL,CE,Federal Contract Tower,0,15,10,0,25,0,2,35,0,37,0,17,45,0,62,10,0,10,72
12/01/2007,JVL,WI,AGL,CE,Federal Contract Tower,0,6,2,0,8,0,0,11,0,11,0,6,13,0,19,2,0,2,21
12/02/2007,JVL,WI,AGL,CE,Federal Contract Tower,0,14,1,0,15,0,0,0,0,0,0,14,1,0,15,0,0,0,15
12/03/2007,JVL,WI,AGL,CE,Federal Contract Tower,0,16,5,0,21,0,3,52,0,55,0,19,57,0,76,66,0,66,142
12/04/2007,JVL,WI,AGL,CE,Federal Contract Tower,0,17,4,0,21,0,0,27,0,27,0,17,31,0,48,38,0,38,86
12/05/2007,JVL,WI,AGL,CE,Federal Contract Tower,0,6,6,0,12,0,0,8,0,8,0,6,14,0,20,8,0,8,28
12/06/2007,JVL,WI,AGL,CE,Federal Contract Tower,2,14,8,0,24,0,0,37,0,37,2,14,45,0,61,70,0,70,131
12/07/2007,JVL,WI,AGL,CE,Federal Contract Tower,0,13,4,0,17,0,3,12,0,15,0,16,16,0,32,8,0,8,40
12/08/2007,JVL,WI,AGL,CE,Federal Contract Tower,0,6,10,0,16,0,0,63,0,63,0,6,73,0,79,72,0,72,151
12/09/2007,JVL,WI,AGL,CE,Federal Contract Tower,0,12,0,0,12,0,0,0,0,0,0,12,0,0,12,0,0,0,12
12/10/2007,JVL,WI,AGL,CE,Federal Contract Tower,0,6,3,0,9,0,0,0,0,0,0,6,3,0,9,0,0,0,9
12/11/2007,JVL,WI,AGL,CE,Federal Contract Tower,0,4,0,0,4,0,0,0,0,0,0,4,0,0,4,0,0,0,4
12/12/2007,JVL,WI,AGL,CE,Federal Contract Tower,0,16,6,3,25,0,0,30,0,30,0,16,36,3,55,28,0,28,83
12/13/2007,JVL,WI,AGL,CE,Federal Contract Tower,3,14,1,0,18,0,0,13,0,13,3,14,14,0,31,14,0,14,45
12/14/2007,JVL,WI,AGL,CE,Federal Contract Tower,0,16,16,0,32,0,4,66,0,70,0,20,82,0,102,54,0,54,156
12/15/2007,JVL,WI,AGL,CE,Federal Contract Tower,0,3,6,0,9,0,0,0,0,0,0,3,6,0,9,6,0,6,15
12/16/2007,JVL,WI,AGL,CE,Federal Contract Tower,0,9,4,0,13,0,3,17,10,30,0,12,21,10,43,6,0,6,49
12/17/2007,JVL,WI,AGL,CE,Federal Contract Tower,0,19,5,0,24,0,0,10,0,10,0,19,15,0,34,18,0,18,52
12/18/2007,JVL,WI,AGL,CE,Federal Contract Tower,0,22,18,0,40,0,2,54,0,56,0,24,72,0,96,28,0,28,124
12/19/2007,JVL,WI,AGL,CE,Federal Contract Tower,0,10,4,0,14,0,2,0,0,2,0,12,4,0,16,0,0,0,16
12/20/2007,JVL,WI,AGL,CE,Federal Contract Tower,0,18,7,0,25,0,0,16,0,16,0,18,23,0,41,4,0,4,45
12/21/2007,JVL,WI,AGL,CE,Federal Contract Tower,0,6,3,0,9,0,0,2,0,2,0,6,5,0,11,0,0,0,11
12/22/2007,JVL,WI,AGL,CE,Federal Contract Tower,0,2,0,0,2,0,0,0,0,0,0,2,0,0,2,0,0,0,2
12/23/2007,JVL,WI,AGL,CE,Federal Contract Tower,0,6,0,0,6,0,0,0,0,0,0,6,0,0,6,0,0,0,6
12/24/2007,JVL,WI,AGL,CE,Federal Contract Tower,0,2,2,0,4,0,0,11,0,11,0,2,13,0,15,4,0,4,19
12/25/2007,JVL,WI,AGL,CE,Federal Contract Tower,0,0,4,0,4,0,0,18,0,18,0,0,22,0,22,30,0,30,52
12/26/2007,JVL,WI,AGL,CE,Federal Contract Tower,0,11,6,0,17,0,0,86,0,86,0,11,92,0,103,30,0,30,133
12/27/2007,JVL,WI,AGL,CE,Federal Contract Tower,0,18,10,0,28,2,8,9,0,19,2,26,19,0,47,54,0,54,101
12/28/2007,JVL,WI,AGL,CE,Federal Contract Tower,0,7,0,0,7,0,0,0,0,0,0,7,0,0,7,0,0,0,7
12/29/2007,JVL,WI,AGL,CE,Federal Contract Tower,0,4,1,0,5,0,0,34,0,34,0,4,35,0,39,26,0,26,65
12/30/2007,JVL,WI,AGL,CE,Federal Contract Tower,0,7,11,0,18,0,0,3,0,3,0,7,14,0,21,0,0,0,21
12/31/2007,JVL,WI,AGL,CE,Federal Contract Tower,0,6,1,0,7,0,0,0,0,0,0,6,1,0,7,0,0,0,7
01/01/2008,JVL,WI,AGL,CE,Federal Contract Tower,0,10,2,0,12,0,0,5,0,5,0,10,7,0,17,14,0,14,31
01/02/2008,JVL,WI,AGL,CE,Federal Contract Tower,0,8,4,0,12,0,3,45,0,48,0,11,49,0,60,46,0,46,106
01/03/2008,JVL,WI,AGL,CE,Federal Contract Tower,0,10,7,0,17,0,1,33,0,34,0,11,40,0,51,32,0,32,83
01/04/2008,JVL,WI,AGL,CE,Federal Contract Tower,0,8,13,0,21,0,0,67,0,67,0,8,80,0,88,62,0,62,150
01/05/2008,JVL,WI,AGL,CE,Federal Contract Tower,0,7,17,0,24,0,0,11,2,13,0,7,28,2,37,6,0,6,43
01/06/2008,JVL,WI,AGL,CE,Federal Contract Tower,0,11,5,0,16,0,0,3,0,3,0,11,8,0,19,2,0,2,21
01/07/2008,JVL,WI,AGL,CE,Federal Contract Tower,0,18,1,0,19,0,0,2,0,2,0,18,3,0,21,8,0,8,29
01/08/2008,JVL,WI,AGL,CE,Federal Contract Tower,2,11,2,0,15,0,0,0,0,0,2,11,2,0,15,0,0,0,15
01/09/2008,JVL,WI,AGL,CE,Federal Contract Tower,0,16,8,0,24,0,6,81,0,87,0,22,89,0,111,76,0,76,187
01/10/2008,JVL,WI,AGL,CE,Federal Contract Tower,0,14,4,1,19,0,3,12,0,15,0,17,16,1,34,36,0,36,70
01/11/2008,JVL,WI,AGL,CE,Federal Contract Tower,0,17,7,0,24,0,0,1,0,1,0,17,8,0,25,0,0,0,25
01/12/2008,JVL,WI,AGL,CE,Federal Contract Tower,0,4,7,0,11,0,0,26,0,26,0,4,33,0,37,32,0,32,69
01/13/2008,JVL,WI,AGL,CE,Federal Contract Tower,0,11,6,0,17,0,1,2,0,3,0,12,8,0,20,12,0,12,32
01/14/2008,JVL,WI,AGL,CE,Federal Contract Tower,0,4,0,0,4,0,0,12,0,12,0,4,12,0,16,0,0,0,16
01/15/2008,JVL,WI,AGL,CE,Federal Contract Tower,0,8,8,0,16,0,0,27,0,27,0,8,35,0,43,30,0,30,73
01/16/2008,JVL,WI,AGL,CE,Federal Contract Tower,4,6,2,3,15,0,2,40,5,47,4,8,42,8,62,18,4,22,84
01/17/2008,JVL,WI,AGL,CE,Federal Contract Tower,4,8,0,0,12,0,0,0,0,0,4,8,0,0,12,0,0,0,12
01/18/2008,JVL,WI,AGL,CE,Federal Contract Tower,0,14,9,0,23,0,3,29,0,32,0,17,38,0,55,38,0,38,93
01/19/2008,JVL,WI,AGL,CE,Federal Contract Tower,0,0,2,0,2,0,0,13,0,13,0,0,15,0,15,0,0,0,15
01/20/2008,JVL,WI,AGL,CE,Federal Contract Tower,0,4,1,0,5,0,0,18,0,18,0,4,19,0,23,4,0,4,27
01/21/2008,JVL,WI,AGL,CE,Federal Contract Tower,0,11,4,0,15,0,0,0,0,0,0,11,4,0,15,0,0,0,15
01/22/2008,JVL,WI,AGL,CE,Federal Contract Tower,0,18,6,2,26,0,3,8,0,11,0,21,14,2,37,6,0,6,43
01/23/2008,JVL,WI,AGL,CE,Federal Contract Tower,0,16,2,0,18,0,3,1,0,4,0,19,3,0,22,16,0,16,38
01/24/2008,JVL,WI,AGL,CE,Federal Contract Tower,0,11,5,0,16,0,4,18,0,22,0,15,23,0,38,20,0,20,58
01/25/2008,JVL,WI,AGL,CE,Federal Contract Tower,0,10,4,0,14,0,7,0,0,7,0,17,4,0,21,0,0,0,21
01/26/2008,JVL,WI,AGL,CE,Federal Contract Tower,0,1,1,0,2,0,0,0,0,0,0,1,1,0,2,0,0,0,2
01/27/2008,JVL,WI,AGL,CE,Federal Contract Tower,0,4,10,0,14,0,5,64,0,69,0,9,74,0,83,52,0,52,135
01/28/2008,JVL,WI,AGL,CE,Federal Contract Tower,0,11,4,0,15,0,1,1,0,2,0,12,5,0,17,0,0,0,17
01/29/2008,JVL,WI,AGL,CE,Federal Contract Tower,2,9,8,0,19,0,0,1,0,1,2,9,9,0,20,0,0,0,20
01/30/2008,JVL,WI,AGL,CE,Federal Contract Tower,0,13,2,0,15,0,2,34,0,36,0,15,36,0,51,24,0,24,75
01/31/2008,JVL,WI,AGL,CE,Federal Contract Tower,0,9,2,0,11,0,3,11,0,14,0,12,13,0,25,24,0,24,49
02/01/2008,JVL,WI,AGL,CE,Federal Contract Tower,0,15,4,0,19,0,2,4,0,6,0,17,8,0,25,24,0,24,49
02/02/2008,JVL,WI,AGL,CE,Federal Contract Tower,0,2,0,0,2,0,0,0,0,0,0,2,0,0,2,0,0,0,2
02/03/2008,JVL,WI,AGL,CE,Federal Contract Tower,0,17,9,0,26,0,0,0,0,0,0,17,9,0,26,0,0,0,26
02/04/2008,JVL,WI,AGL,CE,Federal Contract Tower,0,3,0,0,3,0,1,0,0,1,0,4,0,0,4,0,0,0,4
02/05/2008,JVL,WI,AGL,CE,Federal Contract Tower,0,7,3,0,10,0,0,10,0,10,0,7,13,0,20,28,0,28,48
02/06/2008,JVL,WI,AGL,CE,Federal Contract Tower,0,3,0,0,3,0,0,0,0,0,0,3,0,0,3,0,0,0,3
02/07/2008,JVL,WI,AGL,CE,Federal Contract Tower,0,13,2,0,15,0,3,38,5,46,0,16,40,5,61,56,26,82,143
02/08/2008,JVL,WI,AGL,CE,Federal Contract Tower,0,19,4,0,23,0,0,1,0,1,0,19,5,0,24,0,0,0,24
02/09/2008,JVL,WI,AGL,CE,Federal Contract Tower,0,2,2,0,4,0,0,7,0,7,0,2,9,0,11,0,0,0,11
02/10/2008,JVL,WI,AGL,CE,Federal Contract Tower,0,10,3,0,13,0,2,35,0,37,0,12,38,0,50,4,0,4,54
02/11/2008,JVL,WI,AGL,CE,Federal Contract Tower,0,9,6,0,15,0,5,17,0,22,0,14,23,0,37,26,0,26,63
02/12/2008,JVL,WI,AGL,CE,Federal Contract Tower,0,9,0,0,9,0,0,0,0,0,0,9,0,0,9,0,0,0,9
02/13/2008,JVL,WI,AGL,CE,Federal Contract Tower,0,12,10,1,23,0,1,58,0,59,0,13,68,1,82,82,0,82,164
02/14/2008,JVL,WI,AGL,CE,Federal Contract Tower,0,9,5,0,14,0,0,5,0,5,0,9,10,0,19,2,0,2,21
02/15/2008,JVL,WI,AGL,CE,Federal Contract Tower,0,19,5,0,24,0,4,69,0,73,0,23,74,0,97,56,0,56,153
02/16/2008,JVL,WI,AGL,CE,Federal Contract Tower,0,6,19,0,25,0,0,149,0,149,0,6,168,0,174,80,0,80,254
02/17/2008,JVL,WI,AGL,CE,Federal Contract Tower,0,2,2,0,4,0,0,0,0,0,0,2,2,0,4,0,0,0,4
02/18/2008,JVL,WI,AGL,CE,Federal Contract Tower,0,13,0,0,13,0,1,5,0,6,0,14,5,0,19,8,0,8,27
02/19/2008,JVL,WI,AGL,CE,Federal Contract Tower,0,10,4,0,14,0,10,42,0,52,0,20,46,0,66,30,0,30,96
02/20/2008,JVL,WI,AGL,CE,Federal Contract Tower,0,17,9,0,26,0,4,40,8,52,0,21,49,8,78,18,0,18,96
02/21/2008,JVL,WI,AGL,CE,Federal Contract Tower,0,13,7,0,20,0,6,33,0,39,0,19,40,0,59,32,0,32,91
02/22/2008,JVL,WI,AGL,CE,Federal Contract Tower,0,13,2,0,15,0,2,32,0,34,0,15,34,0,49,48,0,48,97
02/23/2008,JVL,WI,AGL,CE,Federal Contract Tower,0,4,23,0,27,0,2,196,0,198,0,6,219,0,225,50,0,50,275
02/24/2008,JVL,WI,AGL,CE,Federal Contract Tower,0,17,27,0,44,0,6,146,0,152,0,23,173,0,196,78,0,78,274
02/25/2008,JVL,WI,AGL,CE,Federal Contract Tower,0,7,0,0,7,0,0,0,0,0,0,7,0,0,7,0,0,0,7
02/26/2008,JVL,WI,AGL,CE,Federal Contract Tower,0,9,3,0,12,0,0,27,5,32,0,9,30,5,44,28,0,28,72
02/27/2008,JVL,WI,AGL,CE,Federal Contract Tower,0,11,16,0,27,0,0,58,0,58,0,11,74,0,85,72,6,78,163
02/28/2008,JVL,WI,AGL,CE,Federal Contract Tower,0,14,4,0,18,0,0,58,0,58,0,14,62,0,76,106,0,106,182
02/29/2008,JVL,WI,AGL,CE,Federal Contract Tower,0,25,1,0,26,0,0,5,0,5,0,25,6,0,31,0,0,0,31
03/01/2008,JVL,WI,AGL,CE,Federal Contract Tower,0,2,13,0,15,0,1,183,0,184,0,3,196,0,199,98,0,98,297
03/02/2008,JVL,WI,AGL,CE,Federal Contract Tower,0,25,8,0,33,0,5,92,0,97,0,30,100,0,130,52,0,52,182
03/03/2008,JVL,WI,AGL,CE,Federal Contract Tower,0,14,2,0,16,0,0,16,0,16,0,14,18,0,32,18,0,18,50
03/04/2008,JVL,WI,AGL,CE,Federal Contract Tower,0,12,5,1,18,0,5,45,1,51,0,17,50,2,69,30,0,30,99
03/05/2008,JVL,WI,AGL,CE,Federal Contract Tower,0,17,3,1,21,0,1,49,0,50,0,18,52,1,71,88,0,88,159
03/06/2008,JVL,WI,AGL,CE,Federal Contract Tower,0,16,6,0,22,0,1,39,0,40,0,17,45,0,62,50,0,50,112
03/07/2008,JVL,WI,AGL,CE,Federal Contract Tower,0,13,13,0,26,0,1,55,0,56,0,14,68,0,82,100,0,100,182
03/08/2008,JVL,WI,AGL,CE,Federal Contract Tower,0,4,16,0,20,0,2,113,0,115,0,6,129,0,135,58,0,58,193
03/09/2008,JVL,WI,AGL,CE,Federal Contract Tower,0,13,8,0,21,0,3,33,0,36,0,16,41,0,57,0,0,0,57
03/10/2008,JVL,WI,AGL,CE,Federal Contract Tower,0,11,4,0,15,0,0,36,0,36,0,11,40,0,51,48,0,48,99
03/11/2008,JVL,WI,AGL,CE,Federal Contract Tower,3,18,13,1,35,0,1,44,1,46,3,19,57,2,81,22,0,22,103
03/12/2008,JVL,WI,AGL,CE,Federal Contract Tower,0,11,11,0,22,0,0,64,0,64,0,11,75,0,86,32,0,32,118
03/13/2008,JVL,WI,AGL,CE,Federal Contract Tower,0,16,8,1,25,0,5,35,1,41,0,21,43,2,66,66,0,66,132
03/14/2008,JVL,WI,AGL,CE,Federal Contract Tower,0,23,15,0,38,0,2,58,0,60,0,25,73,0,98,86,0,86,184
03/15/2008,JVL,WI,AGL,CE,Federal Contract Tower,0,10,27,0,37,0,0,122,0,122,0,10,149,0,159,38,0,38,197
03/16/2008,JVL,WI,AGL,CE,Federal Contract Tower,0,7,29,0,36,0,6,208,0,214,0,13,237,0,250,118,0,118,368
03/17/2008,JVL,WI,AGL,CE,Federal Contract Tower,0,10,2,0,12,0,0,32,0,32,0,10,34,0,44,20,0,20,64
03/18/2008,JVL,WI,AGL,CE,Federal Contract Tower,0,8,0,0,8,0,0,2,0,2,0,8,2,0,10,0,0,0,10
03/19/2008,JVL,WI,AGL,CE,Federal Contract Tower,0,26,20,0,46,0,8,65,0,73,0,34,85,0,119,84,0,84,203
03/20/2008,JVL,WI,AGL,CE,Federal Contract Tower,0,16,14,1,31,0,3,90,1,94,0,19,104,2,125,74,0,74,199
03/21/2008,JVL,WI,AGL,CE,Federal Contract Tower,0,7,2,0,9,0,0,0,0,0,0,7,2,0,9,0,0,0,9
03/22/2008,JVL,WI,AGL,CE,Federal Contract Tower,0,7,5,0,12,0,0,66,0,66,0,7,71,0,78,32,0,32,110
03/23/2008,JVL,WI,AGL,CE,Federal Contract Tower,0,9,4,0,13,0,0,44,0,44,0,9,48,0,57,16,0,16,73
03/24/2008,JVL,WI,AGL,CE,Federal Contract Tower,0,16,6,0,22,0,3,50,0,53,0,19,56,0,75,20,0,20,95
03/25/2008,JVL,WI,AGL,CE,Federal Contract Tower,0,8,8,0,16,0,1,4,1,6,0,9,12,1,22,0,0,0,22
03/26/2008,JVL,WI,AGL,CE,Federal Contract Tower,0,7,16,2,25,0,1,95,0,96,0,8,111,2,121,80,0,80,201
03/27/2008,JVL,WI,AGL,CE,Federal Contract Tower,0,18,2,0,20,0,0,0,0,0,0,18,2,0,20,0,0,0,20
03/28/2008,JVL,WI,AGL,CE,Federal Contract Tower,0,16,16,5,37,0,2,40,2,44,0,18,56,7,81,28,0,28,109
03/29/2008,JVL,WI,AGL,CE,Federal Contract Tower,0,13,22,0,35,0,6,189,0,195,0,19,211,0,230,88,0,88,318
03/30/2008,JVL,WI,AGL,CE,Federal Contract Tower,0,19,12,0,31,0,2,5,0,7,0,21,17,0,38,0,0,0,38
03/31/2008,JVL,WI,AGL,CE,Federal Contract Tower,0,9,2,0,11,0,0,0,0,0,0,9,2,0,11,0,0,0,11
04/01/2008,JVL,WI,AGL,CE,Federal Contract Tower,0,13,4,0,17,0,1,10,0,11,0,14,14,0,28,16,0,16,44
04/02/2008,JVL,WI,AGL,CE,Federal Contract Tower,0,20,6,0,26,0,1,107,0,108,0,21,113,0,134,84,0,84,218
04/03/2008,JVL,WI,AGL,CE,Federal Contract Tower,0,23,13,3,39,0,1,45,1,47,0,24,58,4,86,88,0,88,174
04/04/2008,JVL,WI,AGL,CE,Federal Contract Tower,0,8,2,3,13,0,8,62,0,70,0,16,64,3,83,50,0,50,133
04/05/2008,JVL,WI,AGL,CE,Federal Contract Tower,0,6,14,0,20,0,2,181,0,183,0,8,195,0,203,78,0,78,281
04/06/2008,JVL,WI,AGL,CE,Federal Contract Tower,0,12,12,0,24,0,5,138,0,143,0,17,150,0,167,72,0,72,239
04/07/2008,JVL,WI,AGL,CE,Federal Contract Tower,0,18,5,1,24,0,0,15,1,16,0,18,20,2,40,8,2,10,50
04/08/2008,JVL,WI,AGL,CE,Federal Contract Tower,0,5,9,0,14,0,0,18,0,18,0,5,27,0,32,30,0,30,62
04/09/2008,JVL,WI,AGL,CE,Federal Contract Tower,0,6,8,0,14,0,0,15,0,15,0,6,23,0,29,14,0,14,43
04/10/2008,JVL,WI,AGL,CE,Federal Contract Tower,0,17,2,0,19,0,0,0,0,0,0,17,2,0,19,0,0,0,19
04/11/2008,JVL,WI,AGL,CE,Federal Contract Tower,0,16,4,0,20,0,2,3,0,5,0,18,7,0,25,12,0,12,37
04/12/2008,JVL,WI,AGL,CE,Federal Contract Tower,0,3,2,0,5,0,0,0,0,0,0,3,2,0,5,0,0,0,5
04/13/2008,JVL,WI,AGL,CE,Federal Contract Tower,0,13,9,0,22,0,5,39,0,44,0,18,48,0,66,32,0,32,98
04/14/2008,JVL,WI,AGL,CE,Federal Contract Tower,0,6,4,0,10,0,6,95,0,101,0,12,99,0,111,104,0,104,215
04/15/2008,JVL,WI,AGL,CE,Federal Contract Tower,0,8,8,0,16,0,1,34,0,35,0,9,42,0,51,10,0,10,61
04/16/2008,JVL,WI,AGL,CE,Federal Contract Tower,0,17,5,0,22,0,1,20,2,23,0,18,25,2,45,10,2,12,57
04/17/2008,JVL,WI,AGL,CE,Federal Contract Tower,0,15,16,0,31,0,0,57,0,57,0,15,73,0,88,48,0,48,136
04/18/2008,JVL,WI,AGL,CE,Federal Contract Tower,0,14,7,0,21,0,1,40,0,41,0,15,47,0,62,78,0,78,140
04/19/2008,JVL,WI,AGL,CE,Federal Contract Tower,0,1,23,0,24,0,0,18,0,18,0,1,41,0,42,44,0,44,86
04/20/2008,JVL,WI,AGL,CE,Federal Contract Tower,0,10,15,0,25,0,6,182,0,188,0,16,197,0,213,108,0,108,321
04/21/2008,JVL,WI,AGL,CE,Federal Contract Tower,0,3,12,0,15,0,0,65,0,65,0,3,77,0,80,86,0,86,166
04/22/2008,JVL,WI,AGL,CE,Federal Contract Tower,0,13,2,0,15,0,0,40,0,40,0,13,42,0,55,124,0,124,179
04/23/2008,JVL,WI,AGL,CE,Federal Contract Tower,0,15,11,0,26,0,1,112,0,113,0,16,123,0,139,118,0,118,257
04/24/2008,JVL,WI,AGL,CE,Federal Contract Tower,0,8,3,0,11,0,0,17,0,17,0,8,20,0,28,18,0,18,46
04/25/2008,JVL,WI,AGL,CE,Federal Contract Tower,0,15,2,0,17,0,1,2,0,3,0,16,4,0,20,0,0,0,20
04/26/2008,JVL,WI,AGL,CE,Federal Contract Tower,0,7,3,0,10,0,1,13,0,14,0,8,16,0,24,14,0,14,38
04/27/2008,JVL,WI,AGL,CE,Federal Contract Tower,0,11,15,0,26,0,3,116,0,119,0,14,131,0,145,56,0,56,201
04/28/2008,JVL,WI,AGL,CE,Federal Contract Tower,0,8,4,0,12,0,0,7,0,7,0,8,11,0,19,26,0,26,45
04/29/2008,JVL,WI,AGL,CE,Federal Contract Tower,0,10,15,0,25,0,2,51,0,53,0,12,66,0,78,72,0,72,150
04/30/2008,JVL,WI,AGL,CE,Federal Contract Tower,0,11,14,0,25,0,0,82,0,82,0,11,96,0,107,82,0,82,189
05/01/2008,JVL,WI,AGL,CE,Federal Contract Tower,0,16,5,0,21,0,3,36,0,39,0,19,41,0,60,60,0,60,120
05/02/2008,JVL,WI,AGL,CE,Federal Contract Tower,0,9,3,0,12,0,1,4,0,5,0,10,7,0,17,0,0,0,17
05/03/2008,JVL,WI,AGL,CE,Federal Contract Tower,0,5,14,0,19,0,0,7,0,7,0,5,21,0,26,0,0,0,26
05/04/2008,JVL,WI,AGL,CE,Federal Contract Tower,0,9,23,0,32,0,6,122,0,128,0,15,145,0,160,50,0,50,210
05/05/2008,JVL,WI,AGL,CE,Federal Contract Tower,0,7,11,1,19,0,1,76,1,78,0,8,87,2,97,108,0,108,205
05/06/2008,JVL,WI,AGL,CE,Federal Contract Tower,0,8,7,0,15,0,2,95,0,97,0,10,102,0,112,94,0,94,206
05/07/2008,JVL,WI,AGL,CE,Federal Contract Tower,0,18,15,0,33,0,3,38,0,41,0,21,53,0,74,2,0,2,76
05/08/2008,JVL,WI,AGL,CE,Federal Contract Tower,0,11,14,2,27,0,4,76,1,81,0,15,90,3,108,74,4,78,186
05/09/2008,JVL,WI,AGL,CE,Federal Contract Tower,0,19,11,0,30,0,4,69,0,73,0,23,80,0,103,38,0,38,141
05/10/2008,JVL,WI,AGL,CE,Federal Contract Tower,0,11,17,0,28,0,0,88,0,88,0,11,105,0,116,32,0,32,148
05/11/2008,JVL,WI,AGL,CE,Federal Contract Tower,0,3,0,0,3,0,4,0,0,4,0,7,0,0,7,0,0,0,7
05/12/2008,JVL,WI,AGL,CE,Federal Contract Tower,0,8,13,0,21,0,1,99,0,100,0,9,112,0,121,90,0,90,211
05/13/2008,JVL,WI,AGL,CE,Federal Contract Tower,0,16,7,2,25,0,0,22,0,22,0,16,29,2,47,20,2,22,69
05/14/2008,JVL,WI,AGL,CE,Federal Contract Tower,0,7,17,1,25,0,11,31,1,43,0,18,48,2,68,56,0,56,124
05/15/2008,JVL,WI,AGL,CE,Federal Contract Tower,0,13,20,1,34,0,0,67,1,68,0,13,87,2,102,50,0,50,152
05/16/2008,JVL,WI,AGL,CE,Federal Contract Tower,0,12,12,0,24,0,5,86,0,91,0,17,98,0,115,72,0,72,187
05/17/2008,JVL,WI,AGL,CE,Federal Contract Tower,0,6,14,0,20,0,1,90,0,91,0,7,104,0,111,24,0,24,135
05/18/2008,JVL,WI,AGL,CE,Federal Contract Tower,0,6,11,0,17,0,5,80,0,85,0,11,91,0,102,26,0,26,128
05/19/2008,JVL,WI,AGL,CE,Federal Contract Tower,0,14,6,0,20,0,1,52,0,53,0,15,58,0,73,90,0,90,163
05/20/2008,JVL,WI,AGL,CE,Federal Contract Tower,0,13,6,2,21,0,4,57,2,63,0,17,63,4,84,64,0,64,148
05/21/2008,JVL,WI,AGL,CE,Federal Contract Tower,0,12,12,0,24,0,2,53,2,57,0,14,65,2,81,56,0,56,137
05/22/2008,JVL,WI,AGL,CE,Federal Contract Tower,0,10,8,4,22,0,1,56,14,71,0,11,64,18,93,36,138,174,267
05/23/2008,JVL,WI,AGL,CE,Federal Contract Tower,1,20,3,5,29,0,10,83,24,117,1,30,86,29,146,230,376,606,752
05/24/2008,JVL,WI,AGL,CE,Federal Contract Tower,0,3,5,0,8,0,1,122,13,136,0,4,127,13,144,550,218,768,912
05/25/2008,JVL,WI,AGL,CE,Federal Contract Tower,1,5,13,8,27,0,0,39,36,75,1,5,52,44,102,327,80,407,509
05/26/2008,JVL,WI,AGL,CE,Federal Contract Tower,0,9,6,3,18,0,7,21,0,28,0,16,27,3,46,20,0,20,66
05/27/2008,JVL,WI,AGL,CE,Federal Contract Tower,0,12,5,1,18,0,6,14,1,21,0,18,19,2,39,46,0,46,85
05/28/2008,JVL,WI,AGL,CE,Federal Contract Tower,0,15,21,0,36,0,3,69,0,72,0,18,90,0,108,96,0,96,204
05/29/2008,JVL,WI,AGL,CE,Federal Contract Tower,8,22,6,1,37,0,4,77,1,82,8,26,83,2,119,42,0,42,161
05/30/2008,JVL,WI,AGL,CE,Federal Contract Tower,0,14,5,0,19,0,3,11,0,14,0,17,16,0,33,38,0,38,71
05/31/2008,JVL,WI,AGL,CE,Federal Contract Tower,0,12,17,0,29,0,1,103,0,104,0,13,120,0,133,78,0,78,211
06/01/2008,JVL,WI,AGL,CE,Federal Contract Tower,0,10,14,1,25,0,8,157,1,166,0,18,171,2,191,90,0,90,281
06/02/2008,JVL,WI,AGL,CE,Federal Contract Tower,0,10,11,0,21,0,0,68,0,68,0,10,79,0,89,72,0,72,161
06/03/2008,JVL,WI,AGL,CE,Federal Contract Tower,2,9,8,0,19,0,0,10,0,10,2,9,18,0,29,2,0,2,31
06/04/2008,JVL,WI,AGL,CE,Federal Contract Tower,0,10,7,0,17,0,0,13,0,13,0,10,20,0,30,12,0,12,42
06/05/2008,JVL,WI,AGL,CE,Federal Contract Tower,1,7,7,0,15,1,1,27,0,29,2,8,34,0,44,28,6,34,78
06/06/2008,JVL,WI,AGL,CE,Federal Contract Tower,0,8,1,0,9,0,4,6,0,10,0,12,7,0,19,0,0,0,19
06/07/2008,JVL,WI,AGL,CE,Federal Contract Tower,0,11,3,0,14,0,0,4,0,4,0,11,7,0,18,8,0,8,26
06/08/2008,JVL,WI,AGL,CE,Federal Contract Tower,0,6,4,0,10,0,0,11,0,11,0,6,15,0,21,10,0,10,31
06/09/2008,JVL,WI,AGL,CE,Federal Contract Tower,0,12,9,0,21,0,4,22,2,28,0,16,31,2,49,26,0,26,75
06/10/2008,JVL,WI,AGL,CE,Federal Contract Tower,0,14,18,0,32,0,0,84,0,84,0,14,102,0,116,50,0,50,166
06/11/2008,JVL,WI,AGL,CE,Federal Contract Tower,0,7,11,0,18,0,0,74,0,74,0,7,85,0,92,74,0,74,166
06/12/2008,JVL,WI,AGL,CE,Federal Contract Tower,0,5,5,0,10,0,0,9,0,9,0,5,14,0,19,36,0,36,55
06/13/2008,JVL,WI,AGL,CE,Federal Contract Tower,0,8,11,0,19,0,1,37,0,38,0,9,48,0,57,32,0,32,89
06/14/2008,JVL,WI,AGL,CE,Federal Contract Tower,0,7,9,0,16,0,0,115,0,115,0,7,124,0,131,30,0,30,161
06/15/2008,JVL,WI,AGL,CE,Federal Contract Tower,0,7,0,0,7,0,0,18,1,19,0,7,18,1,26,2,0,2,28
06/16/2008,JVL,WI,AGL,CE,Federal Contract Tower,1,6,19,0,26,0,2,66,0,68,1,8,85,0,94,70,0,70,164
06/17/2008,JVL,WI,AGL,CE,Federal Contract Tower,1,13,3,0,17,0,1,71,0,72,1,14,74,0,89,50,0,50,139
06/18/2008,JVL,WI,AGL,CE,Federal Contract Tower,0,16,9,0,25,0,2,90,0,92,0,18,99,0,117,58,0,58,175
06/19/2008,JVL,WI,AGL,CE,Federal Contract Tower,0,6,7,0,13,0,0,113,0,113,0,6,120,0,126,67,0,67,193
06/20/2008,JVL,WI,AGL,CE,Federal Contract Tower,0,7,7,0,14,0,8,72,14,94,0,15,79,14,108,84,0,84,192
06/21/2008,JVL,WI,AGL,CE,Federal Contract Tower,0,4,12,0,16,0,0,83,0,83,0,4,95,0,99,14,0,14,113
06/22/2008,JVL,WI,AGL,CE,Federal Contract Tower,0,9,13,0,22,0,0,74,0,74,0,9,87,0,96,12,0,12,108
06/23/2008,JVL,WI,AGL,CE,Federal Contract Tower,0,17,22,1,40,0,5,99,0,104,0,22,121,1,144,186,0,186,330
06/24/2008,JVL,WI,AGL,CE,Federal Contract Tower,2,12,8,0,22,0,0,77,0,77,2,12,85,0,99,84,0,84,183
06/25/2008,JVL,WI,AGL,CE,Federal Contract Tower,2,16,13,1,32,0,0,48,1,49,2,16,61,2,81,60,0,60,141
06/26/2008,JVL,WI,AGL,CE,Federal Contract Tower,5,18,3,0,26,0,2,64,0,66,5,20,67,0,92,34,0,34,126
06/27/2008,JVL,WI,AGL,CE,Federal Contract Tower,0,10,12,0,22,0,0,58,0,58,0,10,70,0,80,38,6,44,124
06/28/2008,JVL,WI,AGL,CE,Federal Contract Tower,0,1,19,0,20,0,0,77,0,77,0,1,96,0,97,34,0,34,131
06/29/2008,JVL,WI,AGL,CE,Federal Contract Tower,0,8,9,0,17,0,0,80,0,80,0,8,89,0,97,10,0,10,107
06/30/2008,JVL,WI,AGL,CE,Federal Contract Tower,0,15,9,0,24,0,10,75,2,87,0,25,84,2,111,92,0,92,203
07/01/2008,JVL,WI,AGL,CE,Federal Contract Tower,0,25,9,0,34,22,102,0,0,124,22,127,9,0,158,158,0,158,316
07/02/2008,JVL,WI,AGL,CE,Federal Contract Tower,0,13,7,0,20,0,8,27,0,35,0,21,34,0,55,58,0,58,113
07/03/2008,JVL,WI,AGL,CE,Federal Contract Tower,0,8,24,1,33,0,5,62,2,69,0,13,86,3,102,104,0,104,206
07/04/2008,JVL,WI,AGL,CE,Federal Contract Tower,1,1,9,0,11,0,1,88,0,89,1,2,97,0,100,128,0,128,228
07/05/2008,JVL,WI,AGL,CE,Federal Contract Tower,0,3,9,0,12,0,5,176,0,181,0,8,185,0,193,72,0,72,265
07/06/2008,JVL,WI,AGL,CE,Federal Contract Tower,0,8,9,0,17,0,0,115,0,115,0,8,124,0,132,52,0,52,184
07/07/2008,JVL,WI,AGL,CE,Federal Contract Tower,0,7,9,0,16,0,5,66,0,71,0,12,75,0,87,108,0,108,195
07/08/2008,JVL,WI,AGL,CE,Federal Contract Tower,0,8,10,0,18,0,6,38,2,46,0,14,48,2,64,88,4,92,156
07/09/2008,JVL,WI,AGL,CE,Federal Contract Tower,0,11,17,0,28,0,2,135,0,137,0,13,152,0,165,104,0,104,269
07/10/2008,JVL,WI,AGL,CE,Federal Contract Tower,0,12,10,0,22,0,0,27,0,27,0,12,37,0,49,32,0,32,81
07/11/2008,JVL,WI,AGL,CE,Federal Contract Tower,0,17,5,0,22,0,1,48,0,49,0,18,53,0,71,38,0,38,109
07/12/2008,JVL,WI,AGL,CE,Federal Contract Tower,0,9,19,0,28,0,2,57,0,59,0,11,76,0,87,14,0,14,101
07/13/2008,JVL,WI,AGL,CE,Federal Contract Tower,0,4,12,0,16,0,0,65,0,65,0,4,77,0,81,16,0,16,97
07/14/2008,JVL,WI,AGL,CE,Federal Contract Tower,0,3,17,0,20,0,0,110,0,110,0,3,127,0,130,112,0,112,242
07/15/2008,JVL,WI,AGL,CE,Federal Contract Tower,0,14,11,0,25,0,2,55,0,57,0,16,66,0,82,46,0,46,128
07/16/2008,JVL,WI,AGL,CE,Federal Contract Tower,0,4,15,1,20,0,0,78,0,78,0,4,93,1,98,68,2,70,168
07/17/2008,JVL,WI,AGL,CE,Federal Contract Tower,1,10,9,0,20,0,0,50,0,50,1,10,59,0,70,84,0,84,154
07/18/2008,JVL,WI,AGL,CE,Federal Contract Tower,0,19,14,0,33,0,3,36,0,39,0,22,50,0,72,46,0,46,118
07/19/2008,JVL,WI,AGL,CE,Federal Contract Tower,0,5,17,0,22,0,0,34,0,34,0,5,51,0,56,40,0,40,96
07/20/2008,JVL,WI,AGL,CE,Federal Contract Tower,0,3,8,3,14,0,0,30,0,30,0,3,38,3,44,56,2,58,102
07/21/2008,JVL,WI,AGL,CE,Federal Contract Tower,0,16,3,0,19,0,0,35,0,35,0,16,38,0,54,76,0,76,130
07/22/2008,JVL,WI,AGL,CE,Federal Contract Tower,0,8,6,1,15,0,0,82,0,82,0,8,88,1,97,152,0,152,249
07/23/2008,JVL,WI,AGL,CE,Federal Contract Tower,0,16,6,0,22,0,0,78,0,78,0,16,84,0,100,64,0,64,164
07/24/2008,JVL,WI,AGL,CE,Federal Contract Tower,0,21,3,0,24,0,6,86,0,92,0,27,89,0,116,102,0,102,218
07/25/2008,JVL,WI,AGL,CE,Federal Contract Tower,0,9,23,0,32,0,0,66,0,66,0,9,89,0,98,54,0,54,152
07/26/2008,JVL,WI,AGL,CE,Federal Contract Tower,0,4,11,0,15,0,2,176,0,178,0,6,187,0,193,48,0,48,241
07/27/2008,JVL,WI,AGL,CE,Federal Contract Tower,0,8,6,0,14,0,0,189,0,189,0,8,195,0,203,72,0,72,275
07/28/2008,JVL,WI,AGL,CE,Federal Contract Tower,0,11,8,0,19,0,1,71,0,72,0,12,79,0,91,102,0,102,193
07/29/2008,JVL,WI,AGL,CE,Federal Contract Tower,0,10,5,0,15,0,0,60,0,60,0,10,65,0,75,126,0,126,201
07/30/2008,JVL,WI,AGL,CE,Federal Contract Tower,0,18,14,0,32,0,0,85,0,85,0,18,99,0,117,100,0,100,217
07/31/2008,JVL,WI,AGL,CE,Federal Contract Tower,0,7,22,0,29,0,0,97,0,97,0,7,119,0,126,124,0,124,250
08/01/2008,JVL,WI,AGL,CE,Federal Contract Tower,0,11,13,0,24,0,0,70,0,70,0,11,83,0,94,166,0,166,260
08/02/2008,JVL,WI,AGL,CE,Federal Contract Tower,0,3,14,0,17,0,0,146,0,146,0,3,160,0,163,90,0,90,253
08/03/2008,JVL,WI,AGL,CE,Federal Contract Tower,0,4,9,0,13,0,0,119,0,119,0,4,128,0,132,74,0,74,206
08/04/2008,JVL,WI,AGL,CE,Federal Contract Tower,0,7,3,0,10,0,0,5,0,5,0,7,8,0,15,0,0,0,15
08/05/2008,JVL,WI,AGL,CE,Federal Contract Tower,0,18,9,0,27,0,0,39,2,41,0,18,48,2,68,30,6,36,104
08/06/2008,JVL,WI,AGL,CE,Federal Contract Tower,2,15,14,0,31,0,1,100,0,101,2,16,114,0,132,124,0,124,256
08/07/2008,JVL,WI,AGL,CE,Federal Contract Tower,0,19,14,1,34,0,4,94,2,100,0,23,108,3,134,64,0,64,198
08/08/2008,JVL,WI,AGL,CE,Federal Contract Tower,0,21,11,1,33,0,0,116,0,116,0,21,127,1,149,64,2,66,215
08/09/2008,JVL,WI,AGL,CE,Federal Contract Tower,0,5,3,0,8,0,1,93,0,94,0,6,96,0,102,96,0,96,198
08/10/2008,JVL,WI,AGL,CE,Federal Contract Tower,0,3,13,0,16,0,1,201,0,202,0,4,214,0,218,44,0,44,262
08/11/2008,JVL,WI,AGL,CE,Federal Contract Tower,0,9,4,0,13,0,0,63,0,63,0,9,67,0,76,92,0,92,168
08/12/2008,JVL,WI,AGL,CE,Federal Contract Tower,2,16,16,0,34,0,0,78,0,78,2,16,94,0,112,112,0,112,224
08/13/2008,JVL,WI,AGL,CE,Federal Contract Tower,0,15,1,0,16,0,0,12,0,12,0,15,13,0,28,54,0,54,82
08/14/2008,JVL,WI,AGL,CE,Federal Contract Tower,0,17,18,0,35,0,3,53,0,56,0,20,71,0,91,24,0,24,115
08/15/2008,JVL,WI,AGL,CE,Federal Contract Tower,0,7,15,0,22,0,4,128,0,132,0,11,143,0,154,142,0,142,296
08/16/2008,JVL,WI,AGL,CE,Federal Contract Tower,0,5,13,0,18,0,0,179,0,179,0,5,192,0,197,90,0,90,287
08/17/2008,JVL,WI,AGL,CE,Federal Contract Tower,0,7,13,0,20,0,1,108,0,109,0,8,121,0,129,84,0,84,213
08/18/2008,JVL,WI,AGL,CE,Federal Contract Tower,0,11,3,0,14,0,1,58,0,59,0,12,61,0,73,110,0,110,183
08/19/2008,JVL,WI,AGL,CE,Federal Contract Tower,0,14,14,0,28,0,3,77,0,80,0,17,91,0,108,90,0,90,198
08/20/2008,JVL,WI,AGL,CE,Federal Contract Tower,1,15,10,2,28,0,0,51,6,57,1,15,61,8,85,42,2,44,129
08/21/2008,JVL,WI,AGL,CE,Federal Contract Tower,0,18,15,0,33,0,0,95,0,95,0,18,110,0,128,28,0,28,156
08/22/2008,JVL,WI,AGL,CE,Federal Contract Tower,0,6,11,0,17,0,0,22,0,22,0,6,33,0,39,34,0,34,73
08/23/2008,JVL,WI,AGL,CE,Federal Contract Tower,0,4,14,0,18,0,0,39,0,39,0,4,53,0,57,58,0,58,115
08/24/2008,JVL,WI,AGL,CE,Federal Contract Tower,0,4,21,0,25,0,0,162,0,162,0,4,183,0,187,62,0,62,249
08/25/2008,JVL,WI,AGL,CE,Federal Contract Tower,0,6,7,0,13,0,0,84,0,84,0,6,91,0,97,140,0,140,237
08/26/2008,JVL,WI,AGL,CE,Federal Contract Tower,0,19,7,0,26,0,1,94,0,95,0,20,101,0,121,68,0,68,189
08/27/2008,JVL,WI,AGL,CE,Federal Contract Tower,2,16,5,0,23,0,0,99,0,99,2,16,104,0,122,118,0,118,240
08/28/2008,JVL,WI,AGL,CE,Federal Contract Tower,0,5,15,0,20,0,0,15,0,15,0,5,30,0,35,30,0,30,65
08/29/2008,JVL,WI,AGL,CE,Federal Contract Tower,0,12,9,0,21,0,0,76,0,76,0,12,85,0,97,76,0,76,173
08/30/2008,JVL,WI,AGL,CE,Federal Contract Tower,0,7,8,0,15,0,0,127,0,127,0,7,135,0,142,132,0,132,274
08/31/2008,JVL,WI,AGL,CE,Federal Contract Tower,1,8,3,0,12,0,2,129,0,131,1,10,132,0,143,28,0,28,171
09/01/2008,JVL,WI,AGL,CE,Federal Contract Tower,0,8,5,0,13,0,0,78,0,78,0,8,83,0,91,106,0,106,197
09/02/2008,JVL,WI,AGL,CE,Federal Contract Tower,0,3,7,2,12,0,1,69,2,72,0,4,76,4,84,38,0,38,122
09/03/2008,JVL,WI,AGL,CE,Federal Contract Tower,0,5,6,0,11,0,0,37,0,37,0,5,43,0,48,104,0,104,152
09/04/2008,JVL,WI,AGL,CE,Federal Contract Tower,0,13,2,0,15,0,0,1,0,1,0,13,3,0,16,0,0,0,16
09/05/2008,JVL,WI,AGL,CE,Federal Contract Tower,0,11,8,0,19,0,3,53,0,56,0,14,61,0,75,41,0,41,116
09/06/2008,JVL,WI,AGL,CE,Federal Contract Tower,0,5,20,0,25,2,0,179,0,181,2,5,199,0,206,138,0,138,344
09/07/2008,JVL,WI,AGL,CE,Federal Contract Tower,2,7,13,0,22,0,0,0,0,0,2,7,13,0,22,64,0,64,86
09/08/2008,JVL,WI,AGL,CE,Federal Contract Tower,2,9,8,0,19,0,1,21,0,22,2,10,29,0,41,0,0,0,41
09/09/2008,JVL,WI,AGL,CE,Federal Contract Tower,0,19,8,0,27,0,3,114,0,117,0,22,122,0,144,90,0,90,234
09/10/2008,JVL,WI,AGL,CE,Federal Contract Tower,0,13,18,0,31,0,5,119,0,124,0,18,137,0,155,84,0,84,239
09/11/2008,JVL,WI,AGL,CE,Federal Contract Tower,0,9,7,0,16,0,1,104,0,105,0,10,111,0,121,92,0,92,213
09/12/2008,JVL,WI,AGL,CE,Federal Contract Tower,0,17,22,0,39,0,2,2,0,4,0,19,24,0,43,0,0,0,43
09/13/2008,JVL,WI,AGL,CE,Federal Contract Tower,0,3,5,2,10,0,1,0,4,5,0,4,5,6,15,0,0,0,15
09/14/2008,JVL,WI,AGL,CE,Federal Contract Tower,0,10,10,0,20,0,2,7,0,9,0,12,17,0,29,18,0,18,47
09/15/2008,JVL,WI,AGL,CE,Federal Contract Tower,0,18,7,0,25,0,1,36,0,37,0,19,43,0,62,70,0,70,132
09/16/2008,JVL,WI,AGL,CE,Federal Contract Tower,0,14,7,0,21,0,1,80,0,81,0,15,87,0,102,82,0,82,184
09/17/2008,JVL,WI,AGL,CE,Federal Contract Tower,0,11,11,0,22,0,3,106,0,109,0,14,117,0,131,88,0,88,219
09/18/2008,JVL,WI,AGL,CE,Federal Contract Tower,2,14,13,0,29,0,22,102,0,124,2,36,115,0,153,74,0,74,227
09/19/2008,JVL,WI,AGL,CE,Federal Contract Tower,0,11,7,1,19,0,20,99,0,119,0,31,106,1,138,62,0,62,200
09/20/2008,JVL,WI,AGL,CE,Federal Contract Tower,0,0,35,1,36,0,0,153,0,153,0,0,188,1,189,90,0,90,279
09/21/2008,JVL,WI,AGL,CE,Federal Contract Tower,0,9,10,0,19,0,5,52,0,57,0,14,62,0,76,14,0,14,90
09/22/2008,JVL,WI,AGL,CE,Federal Contract Tower,0,7,10,0,17,0,4,53,0,57,0,11,63,0,74,70,0,70,144
09/23/2008,JVL,WI,AGL,CE,Federal Contract Tower,0,7,6,1,14,0,4,86,0,90,0,11,92,1,104,64,0,64,168
09/24/2008,JVL,WI,AGL,CE,Federal Contract Tower,1,9,14,0,24,0,0,49,0,49,1,9,63,0,73,104,0,104,177
09/25/2008,JVL,WI,AGL,CE,Federal Contract Tower,0,13,8,0,21,0,0,89,0,89,0,13,97,0,110,108,0,108,218
09/26/2008,JVL,WI,AGL,CE,Federal Contract Tower,0,15,13,0,28,0,7,137,2,146,0,22,150,2,174,86,0,86,260
09/27/2008,JVL,WI,AGL,CE,Federal Contract Tower,0,9,7,0,16,0,0,115,0,115,0,9,122,0,131,56,0,56,187
09/28/2008,JVL,WI,AGL,CE,Federal Contract Tower,0,9,17,0,26,0,5,41,0,46,0,14,58,0,72,64,0,64,136
09/29/2008,JVL,WI,AGL,CE,Federal Contract Tower,0,12,10,0,22,0,1,1,0,2,0,13,11,0,24,0,0,0,24
09/30/2008,JVL,WI,AGL,CE,Federal Contract Tower,0,10,7,1,18,0,2,58,2,62,0,12,65,3,80,56,0,56,136
10/01/2008,JVL,WI,AGL,CE,Federal Contract Tower,0,15,15,0,30,0,1,65,0,66,0,16,80,0,96,42,0,42,138
10/02/2008,JVL,WI,AGL,CE,Federal Contract Tower,0,4,15,0,19,0,0,62,0,62,0,4,77,0,81,84,0,84,165
10/03/2008,JVL,WI,AGL,CE,Federal Contract Tower,0,5,7,0,12,0,5,100,0,105,0,10,107,0,117,66,0,66,183
10/04/2008,JVL,WI,AGL,CE,Federal Contract Tower,0,10,15,0,25,0,9,129,0,138,0,19,144,0,163,80,0,80,243
10/05/2008,JVL,WI,AGL,CE,Federal Contract Tower,0,16,8,0,24,0,2,55,0,57,0,18,63,0,81,18,0,18,99
10/06/2008,JVL,WI,AGL,CE,Federal Contract Tower,0,10,17,0,27,0,0,75,0,75,0,10,92,0,102,78,0,78,180
10/07/2008,JVL,WI,AGL,CE,Federal Contract Tower,2,9,8,0,19,0,0,22,0,22,2,9,30,0,41,6,0,6,47
10/08/2008,JVL,WI,AGL,CE,Federal Contract Tower,0,15,12,0,27,0,9,19,0,28,0,24,31,0,55,44,0,44,99
10/09/2008,JVL,WI,AGL,CE,Federal Contract Tower,2,7,11,1,21,0,1,85,1,87,2,8,96,2,108,82,0,82,190
10/10/2008,JVL,WI,AGL,CE,Federal Contract Tower,0,9,4,0,13,0,8,95,2,105,0,17,99,2,118,64,10,74,192
10/11/2008,JVL,WI,AGL,CE,Federal Contract Tower,1,5,20,0,26,0,0,0,0,0,1,5,20,0,26,72,0,72,98
10/12/2008,JVL,WI,AGL,CE,Federal Contract Tower,0,8,20,0,28,0,0,126,0,126,0,8,146,0,154,34,0,34,188
10/13/2008,JVL,WI,AGL,CE,Federal Contract Tower,0,14,11,0,25,0,3,79,0,82,0,17,90,0,107,62,0,62,169
10/14/2008,JVL,WI,AGL,CE,Federal Contract Tower,0,16,3,1,20,0,0,33,0,33,0,16,36,1,53,14,0,14,67
10/15/2008,JVL,WI,AGL,CE,Federal Contract Tower,1,8,7,2,18,0,0,10,0,10,1,8,17,2,28,0,0,0,28
10/16/2008,JVL,WI,AGL,CE,Federal Contract Tower,0,15,7,0,22,0,0,0,0,0,0,15,7,0,22,58,0,58,80
10/17/2008,JVL,WI,AGL,CE,Federal Contract Tower,1,14,9,0,24,0,4,71,0,75,1,18,80,0,99,76,0,76,175
10/18/2008,JVL,WI,AGL,CE,Federal Contract Tower,0,5,14,0,19,0,0,129,0,129,0,5,143,0,148,30,0,30,178
10/19/2008,JVL,WI,AGL,CE,Federal Contract Tower,0,9,14,2,25,0,3,128,0,131,0,12,142,2,156,10,0,10,166
10/20/2008,JVL,WI,AGL,CE,Federal Contract Tower,0,11,9,0,20,0,7,19,0,26,0,18,28,0,46,6,0,6,52
10/21/2008,JVL,WI,AGL,CE,Federal Contract Tower,0,9,9,0,18,0,0,71,0,71,0,9,80,0,89,104,0,104,193
10/22/2008,JVL,WI,AGL,CE,Federal Contract Tower,0,13,17,0,30,0,2,65,0,67,0,15,82,0,97,50,0,50,147
10/23/2008,JVL,WI,AGL,CE,Federal Contract Tower,0,5,9,2,16,0,0,53,2,55,0,5,62,4,71,74,0,74,145
10/24/2008,JVL,WI,AGL,CE,Federal Contract Tower,0,17,12,0,29,0,0,25,0,25,0,17,37,0,54,70,0,70,124
10/25/2008,JVL,WI,AGL,CE,Federal Contract Tower,0,4,17,0,21,0,0,44,0,44,0,4,61,0,65,50,0,50,115
10/26/2008,JVL,WI,AGL,CE,Federal Contract Tower,0,11,1,0,12,0,0,6,0,6,0,11,7,0,18,0,0,0,18
10/27/2008,JVL,WI,AGL,CE,Federal Contract Tower,0,21,9,0,30,0,10,36,0,46,0,31,45,0,76,16,0,16,92
10/28/2008,JVL,WI,AGL,CE,Federal Contract Tower,0,7,11,0,18,0,1,64,0,65,0,8,75,0,83,66,0,66,149
10/29/2008,JVL,WI,AGL,CE,Federal Contract Tower,0,10,7,0,17,0,9,92,0,101,0,19,99,0,118,102,0,102,220
10/30/2008,JVL,WI,AGL,CE,Federal Contract Tower,0,6,7,0,13,0,2,113,0,115,0,8,120,0,128,62,0,62,190
10/31/2008,JVL,WI,AGL,CE,Federal Contract Tower,0,13,15,0,28,0,4,109,1,114,0,17,124,1,142,26,0,26,168
11/01/2008,JVL,WI,AGL,CE,Federal Contract Tower,0,2,20,0,22,0,0,165,0,165,0,2,185,0,187,38,0,38,225
11/02/2008,JVL,WI,AGL,CE,Federal Contract Tower,0,7,19,0,26,0,4,133,0,137,0,11,152,0,163,0,0,0,163
11/03/2008,JVL,WI,AGL,CE,Federal Contract Tower,0,6,18,1,25,0,1,96,0,97,0,7,114,1,122,90,2,92,214
11/04/2008,JVL,WI,AGL,CE,Federal Contract Tower,0,7,17,1,25,0,3,105,1,109,0,10,122,2,134,128,0,128,262
11/05/2008,JVL,WI,AGL,CE,Federal Contract Tower,0,6,7,0,13,0,2,42,0,44,0,8,49,0,57,36,0,36,93
11/06/2008,JVL,WI,AGL,CE,Federal Contract Tower,0,7,2,0,9,0,2,7,0,9,0,9,9,0,18,0,0,0,18
11/07/2008,JVL,WI,AGL,CE,Federal Contract Tower,0,12,5,1,18,0,1,12,3,16,0,13,17,4,34,0,20,20,54
11/08/2008,JVL,WI,AGL,CE,Federal Contract Tower,0,3,1,0,4,0,0,2,0,2,0,3,3,0,6,10,0,10,16
11/09/2008,JVL,WI,AGL,CE,Federal Contract Tower,0,13,2,0,15,0,2,21,0,23,0,15,23,0,38,2,0,2,40
11/10/2008,JVL,WI,AGL,CE,Federal Contract Tower,0,10,13,0,23,0,0,98,0,98,0,10,111,0,121,76,0,76,197
11/11/2008,JVL,WI,AGL,CE,Federal Contract Tower,0,9,0,0,9,0,0,19,0,19,0,9,19,0,28,12,0,12,40
11/12/2008,JVL,WI,AGL,CE,Federal Contract Tower,0,2,5,0,7,0,0,0,0,0,0,2,5,0,7,0,0,0,7
11/13/2008,JVL,WI,AGL,CE,Federal Contract Tower,0,4,4,2,10,0,0,7,2,9,0,4,11,4,19,0,0,0,19
11/14/2008,JVL,WI,AGL,CE,Federal Contract Tower,0,5,4,0,9,0,3,28,0,31,0,8,32,0,40,2,0,2,42
11/15/2008,JVL,WI,AGL,CE,Federal Contract Tower,0,7,0,0,7,0,0,41,0,41,0,7,41,0,48,36,0,36,84
11/16/2008,JVL,WI,AGL,CE,Federal Contract Tower,0,7,20,0,27,0,2,81,0,83,0,9,101,0,110,38,0,38,148
11/17/2008,JVL,WI,AGL,CE,Federal Contract Tower,0,8,5,0,13,0,0,26,0,26,0,8,31,0,39,44,0,44,83
11/18/2008,JVL,WI,AGL,CE,Federal Contract Tower,0,6,6,1,13,0,1,68,0,69,0,7,74,1,82,74,0,74,156
11/19/2008,JVL,WI,AGL,CE,Federal Contract Tower,0,8,3,1,12,0,1,57,0,58,0,9,60,1,70,48,0,48,118
11/20/2008,JVL,WI,AGL,CE,Federal Contract Tower,0,5,8,2,15,0,0,53,0,53,0,5,61,2,68,80,0,80,148
11/21/2008,JVL,WI,AGL,CE,Federal Contract Tower,0,18,17,0,35,0,5,76,0,81,0,23,93,0,116,36,0,36,152
11/22/2008,JVL,WI,AGL,CE,Federal Contract Tower,0,3,18,2,23,0,0,159,0,159,0,3,177,2,182,86,0,86,268
11/23/2008,JVL,WI,AGL,CE,Federal Contract Tower,0,6,17,0,23,0,4,153,0,157,0,10,170,0,180,42,0,42,222
11/24/2008,JVL,WI,AGL,CE,Federal Contract Tower,0,5,2,0,7,0,8,33,0,41,0,13,35,0,48,82,0,82,130
11/25/2008,JVL,WI,AGL,CE,Federal Contract Tower,0,11,10,1,22,0,2,54,1,57,0,13,64,2,79,82,0,82,161
11/26/2008,JVL,WI,AGL,CE,Federal Contract Tower,2,16,9,0,27,0,9,115,0,124,2,25,124,0,151,116,0,116,267
11/27/2008,JVL,WI,AGL,CE,Federal Contract Tower,0,0,2,0,2,0,0,14,0,14,0,0,16,0,16,0,0,0,16
11/28/2008,JVL,WI,AGL,CE,Federal Contract Tower,0,3,13,0,16,0,0,106,0,106,0,3,119,0,122,108,0,108,230
11/29/2008,JVL,WI,AGL,CE,Federal Contract Tower,0,5,19,0,24,0,0,161,0,161,0,5,180,0,185,46,0,46,231
11/30/2008,JVL,WI,AGL,CE,Federal Contract Tower,2,16,0,0,18,0,0,0,0,0,2,16,0,0,18,0,0,0,18
12/01/2008,JVL,WI,AGL,CE,Federal Contract Tower,1,12,0,0,13,0,0,2,0,2,1,12,2,0,15,12,0,12,27
12/02/2008,JVL,WI,AGL,CE,Federal Contract Tower,0,7,3,0,10,0,1,25,0,26,0,8,28,0,36,10,0,10,46
12/03/2008,JVL,WI,AGL,CE,Federal Contract Tower,0,5,0,0,5,0,0,1,0,1,0,5,1,0,6,0,0,0,6
12/04/2008,JVL,WI,AGL,CE,Federal Contract Tower,0,3,11,0,14,0,1,50,0,51,0,4,61,0,65,30,0,30,95
12/05/2008,JVL,WI,AGL,CE,Federal Contract Tower,0,12,6,0,18,0,6,39,0,45,0,18,45,0,63,42,0,42,105
12/06/2008,JVL,WI,AGL,CE,Federal Contract Tower,0,4,3,0,7,0,0,1,0,1,0,4,4,0,8,0,0,0,8
12/07/2008,JVL,WI,AGL,CE,Federal Contract Tower,0,8,10,0,18,0,1,46,0,47,0,9,56,0,65,64,0,64,129
12/08/2008,JVL,WI,AGL,CE,Federal Contract Tower,0,10,6,0,16,0,0,10,0,10,0,10,16,0,26,0,0,0,26
12/09/2008,JVL,WI,AGL,CE,Federal Contract Tower,2,3,0,0,5,0,0,0,0,0,2,3,0,0,5,0,0,0,5
12/10/2008,JVL,WI,AGL,CE,Federal Contract Tower,2,4,4,0,10,0,0,36,0,36,2,4,40,0,46,6,0,6,52
12/11/2008,JVL,WI,AGL,CE,Federal Contract Tower,1,7,12,1,21,0,0,65,1,66,1,7,77,2,87,42,2,44,131
12/12/2008,JVL,WI,AGL,CE,Federal Contract Tower,0,19,9,0,28,0,5,45,0,50,0,24,54,0,78,34,0,34,112
12/13/2008,JVL,WI,AGL,CE,Federal Contract Tower,0,0,8,0,8,0,0,24,0,24,0,0,32,0,32,30,0,30,62
12/14/2008,JVL,WI,AGL,CE,Federal Contract Tower,0,1,0,0,1,0,0,4,0,4,0,1,4,0,5,0,0,0,5
12/15/2008,JVL,WI,AGL,CE,Federal Contract Tower,1,6,0,0,7,0,17,20,0,37,1,23,20,0,44,76,0,76,120
12/16/2008,JVL,WI,AGL,CE,Federal Contract Tower,0,7,0,0,7,0,0,5,0,5,0,7,5,0,12,12,0,12,24
12/17/2008,JVL,WI,AGL,CE,Federal Contract Tower,0,13,5,0,18,0,0,30,0,30,0,13,35,0,48,60,0,60,108
12/18/2008,JVL,WI,AGL,CE,Federal Contract Tower,0,16,10,0,26,0,6,55,0,61,0,22,65,0,87,68,0,68,155
12/19/2008,JVL,WI,AGL,CE,Federal Contract Tower,0,6,0,0,6,0,0,0,0,0,0,6,0,0,6,0,0,0,6
12/20/2008,JVL,WI,AGL,CE,Federal Contract Tower,0,7,0,0,7,0,0,15,0,15,0,7,15,0,22,6,0,6,28
12/21/2008,JVL,WI,AGL,CE,Federal Contract Tower,0,2,0,0,2,0,0,0,0,0,0,2,0,0,2,0,0,0,2
12/22/2008,JVL,WI,AGL,CE,Federal Contract Tower,0,7,1,1,9,0,1,21,0,22,0,8,22,1,31,12,2,14,45
12/23/2008,JVL,WI,AGL,CE,Federal Contract Tower,2,1,0,0,3,0,0,0,0,0,2,1,0,0,3,0,0,0,3
12/24/2008,JVL,WI,AGL,CE,Federal Contract Tower,0,3,0,0,3,0,0,0,0,0,0,3,0,0,3,0,0,0,3
12/25/2008,JVL,WI,AGL,CE,Federal Contract Tower,0,0,2,0,2,0,0,2,0,2,0,0,4,0,4,4,0,4,8
12/26/2008,JVL,WI,AGL,CE,Federal Contract Tower,2,9,0,0,11,0,0,0,0,0,2,9,0,0,11,0,0,0,11
12/27/2008,JVL,WI,AGL,CE,Federal Contract Tower,0,5,0,0,5,0,0,0,0,0,0,5,0,0,5,0,0,0,5
12/28/2008,JVL,WI,AGL,CE,Federal Contract Tower,0,9,3,0,12,0,0,34,0,34,0,9,37,0,46,24,0,24,70
12/29/2008,JVL,WI,AGL,CE,Federal Contract Tower,1,9,11,2,23,0,0,79,2,81,1,9,90,4,104,54,2,56,160
12/30/2008,JVL,WI,AGL,CE,Federal Contract Tower,0,5,7,1,13,0,4,60,0,64,0,9,67,1,77,52,0,52,129
12/31/2008,JVL,WI,AGL,CE,Federal Contract Tower,0,0,9,0,9,0,0,89,0,89,0,0,98,0,98,118,0,118,216
01/01/2009,JVL,WI,AGL,CE,Federal Contract Tower,0,2,6,0,8,0,0,30,0,30,0,2,36,0,38,74,0,74,112
01/02/2009,JVL,WI,AGL,CE,Federal Contract Tower,0,7,8,0,15,0,0,86,0,86,0,7,94,0,101,124,0,124,225
01/03/2009,JVL,WI,AGL,CE,Federal Contract Tower,3,3,17,0,23,0,0,88,0,88,3,3,105,0,111,12,0,12,123
01/04/2009,JVL,WI,AGL,CE,Federal Contract Tower,0,5,9,0,14,0,7,33,0,40,0,12,42,0,54,82,0,82,136
01/05/2009,JVL,WI,AGL,CE,Federal Contract Tower,0,2,6,0,8,0,0,56,0,56,0,2,62,0,64,46,0,46,110
01/06/2009,JVL,WI,AGL,CE,Federal Contract Tower,1,7,12,0,20,0,0,65,0,65,1,7,77,0,85,64,0,64,149
01/07/2009,JVL,WI,AGL,CE,Federal Contract Tower,0,2,0,0,2,0,0,0,0,0,0,2,0,0,2,0,0,0,2
01/08/2009,JVL,WI,AGL,CE,Federal Contract Tower,0,5,12,2,19,0,0,57,0,57,0,5,69,2,76,104,8,112,188
01/09/2009,JVL,WI,AGL,CE,Federal Contract Tower,0,13,1,0,14,0,2,0,0,2,0,15,1,0,16,0,0,0,16
01/10/2009,JVL,WI,AGL,CE,Federal Contract Tower,0,0,1,0,1,0,1,1,0,2,0,1,2,0,3,0,0,0,3
01/11/2009,JVL,WI,AGL,CE,Federal Contract Tower,0,5,11,0,16,0,4,28,0,32,0,9,39,0,48,32,0,32,80
01/12/2009,JVL,WI,AGL,CE,Federal Contract Tower,0,3,1,0,4,0,0,0,0,0,0,3,1,0,4,0,0,0,4
01/13/2009,JVL,WI,AGL,CE,Federal Contract Tower,0,1,3,0,4,0,0,26,0,26,0,1,29,0,30,0,0,0,30
01/14/2009,JVL,WI,AGL,CE,Federal Contract Tower,0,1,0,0,1,0,2,1,0,3,0,3,1,0,4,0,0,0,4
01/15/2009,JVL,WI,AGL,CE,Federal Contract Tower,0,6,1,0,7,0,0,1,0,1,0,6,2,0,8,0,0,0,8
01/16/2009,JVL,WI,AGL,CE,Federal Contract Tower,0,7,1,0,8,0,3,12,0,15,0,10,13,0,23,10,0,10,33
01/17/2009,JVL,WI,AGL,CE,Federal Contract Tower,1,4,3,0,8,0,1,5,0,6,1,5,8,0,14,6,0,6,20
01/18/2009,JVL,WI,AGL,CE,Federal Contract Tower,0,3,24,0,27,0,2,131,0,133,0,5,155,0,160,60,0,60,220
01/19/2009,JVL,WI,AGL,CE,Federal Contract Tower,0,9,16,0,25,0,0,83,0,83,0,9,99,0,108,30,0,30,138
01/20/2009,JVL,WI,AGL,CE,Federal Contract Tower,0,9,7,2,18,0,0,80,0,80,0,9,87,2,98,24,0,24,122
01/21/2009,JVL,WI,AGL,CE,Federal Contract Tower,0,7,7,0,14,0,0,58,2,60,0,7,65,2,74,18,10,28,102
01/22/2009,JVL,WI,AGL,CE,Federal Contract Tower,2,2,10,3,17,0,1,35,0,36,2,3,45,3,53,68,10,78,131
01/23/2009,JVL,WI,AGL,CE,Federal Contract Tower,0,12,4,0,16,0,2,11,0,13,0,14,15,0,29,36,0,36,65
01/24/2009,JVL,WI,AGL,CE,Federal Contract Tower,0,2,15,0,17,0,0,80,0,80,0,2,95,0,97,36,0,36,133
01/25/2009,JVL,WI,AGL,CE,Federal Contract Tower,0,4,4,0,8,0,2,80,0,82,0,6,84,0,90,20,0,20,110
01/26/2009,JVL,WI,AGL,CE,Federal Contract Tower,0,10,4,3,17,0,0,47,6,53,0,10,51,9,70,10,0,10,80
01/27/2009,JVL,WI,AGL,CE,Federal Contract Tower,0,6,4,0,10,0,1,21,0,22,0,7,25,0,32,34,0,34,66
01/28/2009,JVL,WI,AGL,CE,Federal Contract Tower,2,7,5,0,14,0,0,26,0,26,2,7,31,0,40,60,0,60,100
01/29/2009,JVL,WI,AGL,CE,Federal Contract Tower,1,6,2,0,9,0,0,4,2,6,1,6,6,2,15,10,12,22,37
01/30/2009,JVL,WI,AGL,CE,Federal Contract Tower,0,10,8,1,19,0,8,46,1,55,0,18,54,2,74,28,0,28,102
01/31/2009,JVL,WI,AGL,CE,Federal Contract Tower,0,1,9,0,10,0,0,64,0,64,0,1,73,0,74,32,0,32,106
02/01/2009,JVL,WI,AGL,CE,Federal Contract Tower,0,1,21,1,23,0,8,212,0,220,0,9,233,1,243,54,0,54,297
02/02/2009,JVL,WI,AGL,CE,Federal Contract Tower,0,8,4,0,12,0,0,23,0,23,0,8,27,0,35,46,0,46,81
02/03/2009,JVL,WI,AGL,CE,Federal Contract Tower,0,6,1,0,7,0,0,15,0,15,0,6,16,0,22,0,0,0,22
02/04/2009,JVL,WI,AGL,CE,Federal Contract Tower,0,3,8,0,11,0,0,44,0,44,0,3,52,0,55,74,0,74,129
02/05/2009,JVL,WI,AGL,CE,Federal Contract Tower,0,4,3,1,8,0,1,50,0,51,0,5,53,1,59,80,0,80,139
02/06/2009,JVL,WI,AGL,CE,Federal Contract Tower,0,8,12,0,20,0,4,110,0,114,0,12,122,0,134,58,0,58,192
02/07/2009,JVL,WI,AGL,CE,Federal Contract Tower,0,0,11,0,11,0,0,50,0,50,0,0,61,0,61,40,0,40,101
02/08/2009,JVL,WI,AGL,CE,Federal Contract Tower,0,3,28,0,31,0,7,165,0,172,0,10,193,0,203,100,0,100,303
02/09/2009,JVL,WI,AGL,CE,Federal Contract Tower,0,11,7,0,18,0,0,10,0,10,0,11,17,0,28,0,0,0,28
02/10/2009,JVL,WI,AGL,CE,Federal Contract Tower,0,11,6,0,17,0,1,40,0,41,0,12,46,0,58,84,0,84,142
02/11/2009,JVL,WI,AGL,CE,Federal Contract Tower,0,11,0,0,11,0,0,6,0,6,0,11,6,0,17,12,0,12,29
02/12/2009,JVL,WI,AGL,CE,Federal Contract Tower,1,7,5,0,13,0,0,36,0,36,1,7,41,0,49,0,0,0,49
02/13/2009,JVL,WI,AGL,CE,Federal Contract Tower,0,12,12,0,24,0,3,56,0,59,0,15,68,0,83,46,0,46,129
02/14/2009,JVL,WI,AGL,CE,Federal Contract Tower,0,0,10,0,10,0,0,49,0,49,0,0,59,0,59,44,0,44,103
02/15/2009,JVL,WI,AGL,CE,Federal Contract Tower,0,4,33,0,37,0,0,159,0,159,0,4,192,0,196,50,0,50,246
02/16/2009,JVL,WI,AGL,CE,Federal Contract Tower,0,10,11,0,21,0,1,90,0,91,0,11,101,0,112,88,0,88,200
02/17/2009,JVL,WI,AGL,CE,Federal Contract Tower,0,5,5,0,10,0,1,19,0,20,0,6,24,0,30,30,0,30,60
02/18/2009,JVL,WI,AGL,CE,Federal Contract Tower,0,3,1,0,4,0,0,3,0,3,0,3,4,0,7,0,0,0,7
02/19/2009,JVL,WI,AGL,CE,Federal Contract Tower,0,11,9,5,25,0,1,58,4,63,0,12,67,9,88,74,8,82,170
02/20/2009,JVL,WI,AGL,CE,Federal Contract Tower,0,9,12,0,21,0,11,54,2,67,0,20,66,2,88,70,12,82,170
02/21/2009,JVL,WI,AGL,CE,Federal Contract Tower,0,2,3,0,5,0,0,0,0,0,0,2,3,0,5,0,0,0,5
02/22/2009,JVL,WI,AGL,CE,Federal Contract Tower,0,3,10,0,13,0,5,77,0,82,0,8,87,0,95,78,0,78,173
02/23/2009,JVL,WI,AGL,CE,Federal Contract Tower,0,11,7,0,18,0,1,44,0,45,0,12,51,0,63,46,0,46,109
02/24/2009,JVL,WI,AGL,CE,Federal Contract Tower,2,13,6,0,21,0,1,68,0,69,2,14,74,0,90,76,0,76,166
02/25/2009,JVL,WI,AGL,CE,Federal Contract Tower,0,7,8,0,15,0,1,58,0,59,0,8,66,0,74,88,0,88,162
02/26/2009,JVL,WI,AGL,CE,Federal Contract Tower,0,10,4,0,14,0,2,4,0,6,0,12,8,0,20,0,0,0,20
02/27/2009,JVL,WI,AGL,CE,Federal Contract Tower,1,7,5,0,13,0,0,34,0,34,1,7,39,0,47,18,0,18,65
02/28/2009,JVL,WI,AGL,CE,Federal Contract Tower,0,1,19,0,20,0,0,49,0,49,0,1,68,0,69,50,0,50,119
03/01/2009,JVL,WI,AGL,CE,Federal Contract Tower,0,4,8,0,12,0,8,65,0,73,0,12,73,0,85,12,0,12,97
03/02/2009,JVL,WI,AGL,CE,Federal Contract Tower,0,6,12,0,18,0,0,48,0,48,0,6,60,0,66,76,0,76,142
03/03/2009,JVL,WI,AGL,CE,Federal Contract Tower,0,5,13,1,19,0,1,24,0,25,0,6,37,1,44,60,0,60,104
03/04/2009,JVL,WI,AGL,CE,Federal Contract Tower,0,9,5,0,14,0,1,78,0,79,0,10,83,0,93,74,0,74,167
03/05/2009,JVL,WI,AGL,CE,Federal Contract Tower,0,3,12,0,15,0,0,25,0,25,0,3,37,0,40,4,0,4,44
03/06/2009,JVL,WI,AGL,CE,Federal Contract Tower,0,8,16,1,25,0,7,95,0,102,0,15,111,1,127,26,10,36,163
03/07/2009,JVL,WI,AGL,CE,Federal Contract Tower,0,0,4,0,4,0,0,0,0,0,0,0,4,0,4,0,0,0,4
03/08/2009,JVL,WI,AGL,CE,Federal Contract Tower,0,1,7,0,8,0,0,0,0,0,0,1,7,0,8,0,0,0,8
03/09/2009,JVL,WI,AGL,CE,Federal Contract Tower,0,6,18,2,26,0,1,67,4,72,0,7,85,6,98,56,0,56,154
03/10/2009,JVL,WI,AGL,CE,Federal Contract Tower,1,5,2,0,8,0,0,0,0,0,1,5,2,0,8,0,0,0,8
03/11/2009,JVL,WI,AGL,CE,Federal Contract Tower,1,11,5,0,17,0,2,21,0,23,1,13,26,0,40,0,0,0,40
03/12/2009,JVL,WI,AGL,CE,Federal Contract Tower,0,4,15,2,21,0,1,66,4,71,0,5,81,6,92,0,0,0,92
03/13/2009,JVL,WI,AGL,CE,Federal Contract Tower,0,6,17,2,25,0,1,127,0,128,0,7,144,2,153,34,0,34,187
03/14/2009,JVL,WI,AGL,CE,Federal Contract Tower,0,0,20,0,20,0,0,214,0,214,0,0,234,0,234,66,0,66,300
03/15/2009,JVL,WI,AGL,CE,Federal Contract Tower,1,3,25,0,29,0,1,243,0,244,1,4,268,0,273,84,0,84,357
03/16/2009,JVL,WI,AGL,CE,Federal Contract Tower,0,4,6,3,13,0,4,59,0,63,0,8,65,3,76,92,10,102,178
03/17/2009,JVL,WI,AGL,CE,Federal Contract Tower,0,9,6,1,16,0,0,36,2,38,0,9,42,3,54,70,0,70,124
03/18/2009,JVL,WI,AGL,CE,Federal Contract Tower,0,3,5,0,8,0,1,36,0,37,0,4,41,0,45,20,0,20,65
03/19/2009,JVL,WI,AGL,CE,Federal Contract Tower,1,3,5,1,10,0,0,69,0,69,1,3,74,1,79,44,0,44,123
03/20/2009,JVL,WI,AGL,CE,Federal Contract Tower,3,14,13,0,30,0,3,101,0,104,3,17,114,0,134,22,0,22,156
03/21/2009,JVL,WI,AGL,CE,Federal Contract Tower,0,3,25,0,28,0,1,170,0,171,0,4,195,0,199,116,0,116,315
03/22/2009,JVL,WI,AGL,CE,Federal Contract Tower,0,5,35,0,40,0,4,182,0,186,0,9,217,0,226,60,0,60,286
03/23/2009,JVL,WI,AGL,CE,Federal Contract Tower,3,6,0,1,10,0,1,14,0,15,3,7,14,1,25,0,0,0,25
03/24/2009,JVL,WI,AGL,CE,Federal Contract Tower,0,4,0,0,4,0,0,0,0,0,0,4,0,0,4,0,0,0,4
03/25/2009,JVL,WI,AGL,CE,Federal Contract Tower,1,7,5,1,14,0,0,39,1,40,1,7,44,2,54,48,0,48,102
03/26/2009,JVL,WI,AGL,CE,Federal Contract Tower,0,5,7,2,14,0,0,112,0,112,0,5,119,2,126,28,0,28,154
03/27/2009,JVL,WI,AGL,CE,Federal Contract Tower,0,2,3,1,6,0,2,54,1,57,0,4,57,2,63,8,0,8,71
03/28/2009,JVL,WI,AGL,CE,Federal Contract Tower,0,0,14,0,14,0,0,40,0,40,0,0,54,0,54,86,0,86,140
03/29/2009,JVL,WI,AGL,CE,Federal Contract Tower,1,3,0,0,4,1,9,1,0,11,2,12,1,0,15,0,0,0,15
03/30/2009,JVL,WI,AGL,CE,Federal Contract Tower,0,7,9,0,16,0,4,70,0,74,0,11,79,0,90,76,0,76,166
03/31/2009,JVL,WI,AGL,CE,Federal Contract Tower,2,5,8,1,16,0,0,6,0,6,2,5,14,1,22,36,0,36,58
04/01/2009,JVL,WI,AGL,CE,Federal Contract Tower,0,10,8,0,18,0,0,23,2,25,0,10,31,2,43,22,8,30,73
04/02/2009,JVL,WI,AGL,CE,Federal Contract Tower,0,12,13,0,25,0,0,54,0,54,0,12,67,0,79,52,0,52,131
04/03/2009,JVL,WI,AGL,CE,Federal Contract Tower,0,17,6,0,23,0,3,60,0,63,0,20,66,0,86,24,0,24,110
04/04/2009,JVL,WI,AGL,CE,Federal Contract Tower,0,3,28,0,31,0,0,192,0,192,0,3,220,0,223,36,0,36,259
04/05/2009,JVL,WI,AGL,CE,Federal Contract Tower,2,4,1,0,7,0,0,1,0,1,2,4,2,0,8,0,0,0,8
04/06/2009,JVL,WI,AGL,CE,Federal Contract Tower,0,1,5,0,6,0,5,20,0,25,0,6,25,0,31,8,0,8,39
04/07/2009,JVL,WI,AGL,CE,Federal Contract Tower,0,0,5,0,5,0,0,43,0,43,0,0,48,0,48,24,0,24,72
04/08/2009,JVL,WI,AGL,CE,Federal Contract Tower,1,1,13,1,16,0,1,80,0,81,1,2,93,1,97,35,0,35,132
04/09/2009,JVL,WI,AGL,CE,Federal Contract Tower,0,4,19,1,24,0,6,138,2,146,0,10,157,3,170,78,0,78,248
04/10/2009,JVL,WI,AGL,CE,Federal Contract Tower,0,4,9,0,13,0,0,80,0,80,0,4,89,0,93,68,0,68,161
04/11/2009,JVL,WI,AGL,CE,Federal Contract Tower,0,1,18,0,19,0,0,200,0,200,0,1,218,0,219,20,0,20,239
04/12/2009,JVL,WI,AGL,CE,Federal Contract Tower,0,3,3,0,6,0,0,96,0,96,0,3,99,0,102,28,0,28,130
04/13/2009,JVL,WI,AGL,CE,Federal Contract Tower,2,11,0,0,13,0,1,3,0,4,2,12,3,0,17,0,0,0,17
04/14/2009,JVL,WI,AGL,CE,Federal Contract Tower,0,7,5,1,13,0,0,8,0,8,0,7,13,1,21,0,0,0,21
04/15/2009,JVL,WI,AGL,CE,Federal Contract Tower,0,7,11,1,19,0,0,50,2,52,0,7,61,3,71,28,0,28,99
04/16/2009,JVL,WI,AGL,CE,Federal Contract Tower,0,5,3,1,9,0,2,125,0,127,0,7,128,1,136,32,2,34,170
04/17/2009,JVL,WI,AGL,CE,Federal Contract Tower,0,4,9,0,13,0,17,136,0,153,0,21,145,0,166,78,0,78,244
04/18/2009,JVL,WI,AGL,CE,Federal Contract Tower,0,0,18,0,18,0,0,190,0,190,0,0,208,0,208,32,0,32,240
04/19/2009,JVL,WI,AGL,CE,Federal Contract Tower,0,11,7,0,18,0,0,0,0,0,0,11,7,0,18,0,0,0,18
04/20/2009,JVL,WI,AGL,CE,Federal Contract Tower,0,2,6,0,8,0,0,15,0,15,0,2,21,0,23,14,0,14,37
04/21/2009,JVL,WI,AGL,CE,Federal Contract Tower,0,5,10,0,15,0,1,2,0,3,0,6,12,0,18,0,0,0,18
04/22/2009,JVL,WI,AGL,CE,Federal Contract Tower,0,8,8,0,16,0,1,56,0,57,0,9,64,0,73,50,0,50,123
04/23/2009,JVL,WI,AGL,CE,Federal Contract Tower,0,4,7,0,11,0,0,62,0,62,0,4,69,0,73,42,0,42,115
04/24/2009,JVL,WI,AGL,CE,Federal Contract Tower,0,7,12,2,21,0,5,73,4,82,0,12,85,6,103,38,0,38,141
04/25/2009,JVL,WI,AGL,CE,Federal Contract Tower,0,0,7,0,7,0,0,1,0,1,0,0,8,0,8,0,0,0,8
04/26/2009,JVL,WI,AGL,CE,Federal Contract Tower,1,3,15,0,19,0,0,4,0,4,1,3,19,0,23,0,0,0,23
04/27/2009,JVL,WI,AGL,CE,Federal Contract Tower,0,4,2,0,6,0,3,15,0,18,0,7,17,0,24,10,0,10,34
04/28/2009,JVL,WI,AGL,CE,Federal Contract Tower,0,4,9,0,13,0,0,49,0,49,0,4,58,0,62,12,0,12,74
04/29/2009,JVL,WI,AGL,CE,Federal Contract Tower,0,10,30,0,40,0,0,44,0,44,0,10,74,0,84,44,0,44,128
04/30/2009,JVL,WI,AGL,CE,Federal Contract Tower,0,7,9,0,16,0,0,2,0,2,0,7,11,0,18,0,0,0,18
05/01/2009,JVL,WI,AGL,CE,Federal Contract Tower,0,11,13,0,24,0,5,87,0,92,0,16,100,0,116,50,0,50,166
05/02/2009,JVL,WI,AGL,CE,Federal Contract Tower,0,1,22,0,23,0,0,169,0,169,0,1,191,0,192,74,0,74,266
05/03/2009,JVL,WI,AGL,CE,Federal Contract Tower,0,7,13,0,20,0,4,174,0,178,0,11,187,0,198,60,0,60,258
05/04/2009,JVL,WI,AGL,CE,Federal Contract Tower,0,6,11,0,17,0,0,55,0,55,0,6,66,0,72,46,0,46,118
05/05/2009,JVL,WI,AGL,CE,Federal Contract Tower,0,4,12,0,16,0,0,81,0,81,0,4,93,0,97,72,0,72,169
05/06/2009,JVL,WI,AGL,CE,Federal Contract Tower,0,4,2,0,6,0,0,14,0,14,0,4,16,0,20,0,0,0,20
05/07/2009,JVL,WI,AGL,CE,Federal Contract Tower,0,7,12,0,19,0,0,43,0,43,0,7,55,0,62,32,0,32,94
05/08/2009,JVL,WI,AGL,CE,Federal Contract Tower,0,11,11,1,23,0,5,69,4,78,0,16,80,5,101,50,4,54,155
05/09/2009,JVL,WI,AGL,CE,Federal Contract Tower,0,1,14,0,15,0,0,34,0,34,0,1,48,0,49,18,0,18,67
05/10/2009,JVL,WI,AGL,CE,Federal Contract Tower,0,4,13,0,17,0,3,145,0,148,0,7,158,0,165,12,0,12,177
05/11/2009,JVL,WI,AGL,CE,Federal Contract Tower,0,2,9,0,11,0,0,62,0,62,0,2,71,0,73,0,0,0,73
05/12/2009,JVL,WI,AGL,CE,Federal Contract Tower,0,4,7,0,11,0,4,68,0,72,0,8,75,0,83,98,0,98,181
05/13/2009,JVL,WI,AGL,CE,Federal Contract Tower,0,10,6,0,16,0,0,0,0,0,0,10,6,0,16,0,0,0,16
05/14/2009,JVL,WI,AGL,CE,Federal Contract Tower,0,8,9,0,17,0,2,62,0,64,0,10,71,0,81,20,0,20,101
05/15/2009,JVL,WI,AGL,CE,Federal Contract Tower,0,11,2,0,13,0,2,29,0,31,0,13,31,0,44,22,0,22,66
05/16/2009,JVL,WI,AGL,CE,Federal Contract Tower,0,1,6,0,7,0,0,22,0,22,0,1,28,0,29,0,0,0,29
05/17/2009,JVL,WI,AGL,CE,Federal Contract Tower,0,7,20,0,27,0,1,178,0,179,0,8,198,0,206,40,0,40,246
05/18/2009,JVL,WI,AGL,CE,Federal Contract Tower,0,13,5,0,18,0,1,41,0,42,0,14,46,0,60,0,0,0,60
05/19/2009,JVL,WI,AGL,CE,Federal Contract Tower,0,3,11,0,14,0,1,71,0,72,0,4,82,0,86,28,0,28,114
05/20/2009,JVL,WI,AGL,CE,Federal Contract Tower,0,3,2,0,5,0,1,41,0,42,0,4,43,0,47,6,0,6,53
05/21/2009,JVL,WI,AGL,CE,Federal Contract Tower,0,6,6,0,12,0,0,63,0,63,0,6,69,0,75,72,0,72,147
05/22/2009,JVL,WI,AGL,CE,Federal Contract Tower,0,9,6,0,15,0,4,85,0,89,0,13,91,0,104,68,0,68,172
05/23/2009,JVL,WI,AGL,CE,Federal Contract Tower,1,2,14,0,17,0,0,94,0,94,1,2,108,0,111,46,0,46,157
05/24/2009,JVL,WI,AGL,CE,Federal Contract Tower,0,3,18,0,21,0,0,60,0,60,0,3,78,0,81,50,0,50,131
05/25/2009,JVL,WI,AGL,CE,Federal Contract Tower,0,7,16,0,23,0,3,50,0,53,0,10,66,0,76,14,0,14,90
05/26/2009,JVL,WI,AGL,CE,Federal Contract Tower,0,4,9,0,13,0,0,49,0,49,0,4,58,0,62,0,0,0,62
05/27/2009,JVL,WI,AGL,CE,Federal Contract Tower,0,10,14,3,27,0,0,0,0,0,0,10,14,3,27,0,0,0,27
05/28/2009,JVL,WI,AGL,CE,Federal Contract Tower,1,8,5,7,21,0,1,31,22,54,1,9,36,29,75,32,154,186,261
05/29/2009,JVL,WI,AGL,CE,Federal Contract Tower,1,6,4,21,32,0,0,84,29,113,1,6,88,50,145,344,156,500,645
05/30/2009,JVL,WI,AGL,CE,Federal Contract Tower,0,2,2,2,6,0,1,96,24,121,0,3,98,26,127,246,332,578,705
05/31/2009,JVL,WI,AGL,CE,Federal Contract Tower,0,1,8,10,19,0,0,112,32,144,0,1,120,42,163,313,302,615,778
06/01/2009,JVL,WI,AGL,CE,Federal Contract Tower,0,7,3,10,20,0,1,58,1,60,0,8,61,11,80,16,4,20,100
06/02/2009,JVL,WI,AGL,CE,Federal Contract Tower,2,9,6,2,19,0,0,61,2,63,2,9,67,4,82,38,0,38,120
06/03/2009,JVL,WI,AGL,CE,Federal Contract Tower,1,3,5,3,12,0,5,89,2,96,1,8,94,5,108,88,0,88,196
06/04/2009,JVL,WI,AGL,CE,Federal Contract Tower,0,11,13,0,24,0,0,110,2,112,0,11,123,2,136,66,0,66,202
06/05/2009,JVL,WI,AGL,CE,Federal Contract Tower,0,11,17,2,30,0,3,100,4,107,0,14,117,6,137,112,4,116,253
06/06/2009,JVL,WI,AGL,CE,Federal Contract Tower,1,4,10,0,15,77,0,0,0,77,78,4,10,0,92,138,0,138,230
06/07/2009,JVL,WI,AGL,CE,Federal Contract Tower,1,8,3,0,12,0,2,27,0,29,1,10,30,0,41,70,0,70,111
06/08/2009,JVL,WI,AGL,CE,Federal Contract Tower,1,6,3,0,10,0,0,1,0,1,1,6,4,0,11,0,0,0,11
06/09/2009,JVL,WI,AGL,CE,Federal Contract Tower,0,6,7,0,13,0,0,66,0,66,0,6,73,0,79,80,0,80,159
06/10/2009,JVL,WI,AGL,CE,Federal Contract Tower,0,12,1,0,13,0,0,79,0,79,0,12,80,0,92,92,0,92,184
06/11/2009,JVL,WI,AGL,CE,Federal Contract Tower,0,4,9,0,13,0,0,53,0,53,0,4,62,0,66,42,0,42,108
06/12/2009,JVL,WI,AGL,CE,Federal Contract Tower,0,6,16,0,22,0,4,104,0,108,0,10,120,0,130,70,0,70,200
06/13/2009,JVL,WI,AGL,CE,Federal Contract Tower,0,1,15,0,16,0,0,65,0,65,0,1,80,0,81,38,0,38,119
06/14/2009,JVL,WI,AGL,CE,Federal Contract Tower,0,5,19,0,24,0,0,138,0,138,0,5,157,0,162,38,0,38,200
06/15/2009,JVL,WI,AGL,CE,Federal Contract Tower,0,15,5,0,20,0,0,81,0,81,0,15,86,0,101,130,0,130,231
06/16/2009,JVL,WI,AGL,CE,Federal Contract Tower,1,9,6,0,16,0,0,69,0,69,1,9,75,0,85,94,0,94,179
06/17/2009,JVL,WI,AGL,CE,Federal Contract Tower,3,5,14,0,22,0,0,36,0,36,3,5,50,0,58,102,0,102,160
06/18/2009,JVL,WI,AGL,CE,Federal Contract Tower,0,6,8,0,14,0,0,66,0,66,0,6,74,0,80,16,0,16,96
06/19/2009,JVL,WI,AGL,CE,Federal Contract Tower,0,4,2,0,6,0,0,5,0,5,0,4,7,0,11,10,0,10,21
06/20/2009,JVL,WI,AGL,CE,Federal Contract Tower,0,1,16,0,17,0,0,100,0,100,0,1,116,0,117,50,0,50,167
06/21/2009,JVL,WI,AGL,CE,Federal Contract Tower,0,4,11,0,15,0,0,73,0,73,0,4,84,0,88,0,0,0,88
06/22/2009,JVL,WI,AGL,CE,Federal Contract Tower,1,13,11,0,25,0,0,80,0,80,1,13,91,0,105,50,0,50,155
06/23/2009,JVL,WI,AGL,CE,Federal Contract Tower,0,5,10,0,15,0,0,83,0,83,0,5,93,0,98,132,0,132,230
06/24/2009,JVL,WI,AGL,CE,Federal Contract Tower,0,4,11,0,15,0,1,79,0,80,0,5,90,0,95,84,0,84,179
06/25/2009,JVL,WI,AGL,CE,Federal Contract Tower,0,7,5,0,12,0,1,86,0,87,0,8,91,0,99,80,0,80,179
06/26/2009,JVL,WI,AGL,CE,Federal Contract Tower,0,11,9,0,20,0,0,103,0,103,0,11,112,0,123,82,0,82,205
06/27/2009,JVL,WI,AGL,CE,Federal Contract Tower,0,3,12,0,15,0,0,137,0,137,0,3,149,0,152,78,0,78,230
06/28/2009,JVL,WI,AGL,CE,Federal Contract Tower,1,7,7,0,15,0,0,91,0,91,1,7,98,0,106,12,0,12,118
06/29/2009,JVL,WI,AGL,CE,Federal Contract Tower,0,8,2,0,10,0,0,55,0,55,0,8,57,0,65,14,0,14,79
06/30/2009,JVL,WI,AGL,CE,Federal Contract Tower,0,9,15,3,27,0,0,54,4,58,0,9,69,7,85,278,18,296,381
07/01/2009,JVL,WI,AGL,CE,Federal Contract Tower,0,8,16,0,24,0,0,32,0,32,0,8,48,0,56,104,0,104,160
07/02/2009,JVL,WI,AGL,CE,Federal Contract Tower,4,8,14,0,26,0,2,102,0,104,4,10,116,0,130,96,0,96,226
07/03/2009,JVL,WI,AGL,CE,Federal Contract Tower,0,0,18,0,18,0,0,112,0,112,0,0,130,0,130,106,0,106,236
07/04/2009,JVL,WI,AGL,CE,Federal Contract Tower,0,2,4,0,6,0,0,50,0,50,0,2,54,0,56,40,0,40,96
07/05/2009,JVL,WI,AGL,CE,Federal Contract Tower,0,3,20,0,23,0,1,108,0,109,0,4,128,0,132,68,0,68,200
07/06/2009,JVL,WI,AGL,CE,Federal Contract Tower,0,5,9,2,16,0,0,98,0,98,0,5,107,2,114,68,0,68,182
07/07/2009,JVL,WI,AGL,CE,Federal Contract Tower,1,18,13,2,34,0,0,70,4,74,1,18,83,6,108,120,16,136,244
07/08/2009,JVL,WI,AGL,CE,Federal Contract Tower,3,8,5,2,18,0,0,47,0,47,3,8,52,2,65,62,4,66,131
07/09/2009,JVL,WI,AGL,CE,Federal Contract Tower,0,9,6,0,15,0,0,122,0,122,0,9,128,0,137,154,0,154,291
07/10/2009,JVL,WI,AGL,CE,Federal Contract Tower,1,10,1,0,12,0,1,29,0,30,1,11,30,0,42,22,0,22,64
07/11/2009,JVL,WI,AGL,CE,Federal Contract Tower,0,0,24,0,24,0,0,105,0,105,0,0,129,0,129,82,0,82,211
07/12/2009,JVL,WI,AGL,CE,Federal Contract Tower,0,6,7,0,13,0,2,126,0,128,0,8,133,0,141,66,0,66,207
07/13/2009,JVL,WI,AGL,CE,Federal Contract Tower,0,10,6,0,16,0,0,92,0,92,0,10,98,0,108,102,0,102,210
07/14/2009,JVL,WI,AGL,CE,Federal Contract Tower,0,14,10,0,24,0,0,90,0,90,0,14,100,0,114,100,0,100,214
07/15/2009,JVL,WI,AGL,CE,Federal Contract Tower,0,16,13,0,29,0,0,54,0,54,0,16,67,0,83,94,0,94,177
07/16/2009,JVL,WI,AGL,CE,Federal Contract Tower,0,5,17,0,22,0,0,86,0,86,0,5,103,0,108,102,0,102,210
07/17/2009,JVL,WI,AGL,CE,Federal Contract Tower,0,10,11,0,21,0,1,85,4,90,0,11,96,4,111,114,0,114,225
07/18/2009,JVL,WI,AGL,CE,Federal Contract Tower,0,0,21,0,21,0,0,76,0,76,0,0,97,0,97,20,0,20,117
07/19/2009,JVL,WI,AGL,CE,Federal Contract Tower,0,7,4,0,11,0,0,135,0,135,0,7,139,0,146,88,0,88,234
07/20/2009,JVL,WI,AGL,CE,Federal Contract Tower,1,2,10,0,13,3,1,90,0,94,4,3,100,0,107,134,0,134,241
07/21/2009,JVL,WI,AGL,CE,Federal Contract Tower,0,6,11,0,17,4,21,47,0,72,4,27,58,0,89,84,0,84,173
07/22/2009,JVL,WI,AGL,CE,Federal Contract Tower,0,10,13,0,23,2,0,31,0,33,2,10,44,0,56,54,0,54,110
07/23/2009,JVL,WI,AGL,CE,Federal Contract Tower,2,2,19,0,23,0,0,74,0,74,2,2,93,0,97,52,0,52,149
07/24/2009,JVL,WI,AGL,CE,Federal Contract Tower,0,8,15,1,24,0,0,92,0,92,0,8,107,1,116,80,0,80,196
07/25/2009,JVL,WI,AGL,CE,Federal Contract Tower,0,4,6,0,10,0,0,150,0,150,0,4,156,0,160,36,0,36,196
07/26/2009,JVL,WI,AGL,CE,Federal Contract Tower,0,5,13,0,18,0,0,117,0,117,0,5,130,0,135,212,0,212,347
07/27/2009,JVL,WI,AGL,CE,Federal Contract Tower,0,4,8,2,14,0,0,79,2,81,0,4,87,4,95,146,0,146,241
07/28/2009,JVL,WI,AGL,CE,Federal Contract Tower,0,6,1,4,11,0,0,70,3,73,0,6,71,7,84,92,4,96,180
07/29/2009,JVL,WI,AGL,CE,Federal Contract Tower,0,12,11,1,24,0,0,150,1,151,0,12,161,2,175,120,0,120,295
07/30/2009,JVL,WI,AGL,CE,Federal Contract Tower,1,14,8,0,23,0,0,54,0,54,1,14,62,0,77,16,0,16,93
07/31/2009,JVL,WI,AGL,CE,Federal Contract Tower,0,10,8,0,18,0,2,138,2,142,0,12,146,2,160,106,4,110,270
08/01/2009,JVL,WI,AGL,CE,Federal Contract Tower,0,1,11,3,15,0,0,73,0,73,0,1,84,3,88,54,4,58,146
08/02/2009,JVL,WI,AGL,CE,Federal Contract Tower,0,9,9,0,18,0,0,141,0,141,0,9,150,0,159,86,0,86,245
08/03/2009,JVL,WI,AGL,CE,Federal Contract Tower,2,11,3,0,16,0,15,51,0,66,2,26,54,0,82,180,0,180,262
08/04/2009,JVL,WI,AGL,CE,Federal Contract Tower,4,5,3,0,12,0,1,70,0,71,4,6,73,0,83,228,0,228,311
08/05/2009,JVL,WI,AGL,CE,Federal Contract Tower,0,9,23,0,32,0,1,96,0,97,0,10,119,0,129,80,0,80,209
08/06/2009,JVL,WI,AGL,CE,Federal Contract Tower,0,4,20,0,24,0,0,77,0,77,0,4,97,0,101,80,0,80,181
08/07/2009,JVL,WI,AGL,CE,Federal Contract Tower,0,4,7,0,11,0,0,20,0,20,0,4,27,0,31,18,0,18,49
08/08/2009,JVL,WI,AGL,CE,Federal Contract Tower,0,6,4,0,10,0,0,9,0,9,0,6,13,0,19,6,0,6,25
08/09/2009,JVL,WI,AGL,CE,Federal Contract Tower,0,4,2,0,6,0,0,79,0,79,0,4,81,0,85,18,0,18,103
08/10/2009,JVL,WI,AGL,CE,Federal Contract Tower,1,10,6,0,17,0,1,60,0,61,1,11,66,0,78,46,0,46,124
08/11/2009,JVL,WI,AGL,CE,Federal Contract Tower,0,6,3,3,12,0,1,76,1,78,0,7,79,4,90,198,2,200,290
08/12/2009,JVL,WI,AGL,CE,Federal Contract Tower,0,2,14,0,16,0,0,68,0,68,0,2,82,0,84,58,0,58,142
08/13/2009,JVL,WI,AGL,CE,Federal Contract Tower,0,11,10,0,21,0,1,78,2,81,0,12,88,2,102,50,0,50,152
08/14/2009,JVL,WI,AGL,CE,Federal Contract Tower,0,4,12,0,16,0,0,110,0,110,0,4,122,0,126,20,0,20,146
08/15/2009,JVL,WI,AGL,CE,Federal Contract Tower,0,5,5,0,10,0,0,130,0,130,0,5,135,0,140,64,0,64,204
08/16/2009,JVL,WI,AGL,CE,Federal Contract Tower,0,8,7,0,15,0,0,21,0,21,0,8,28,0,36,0,0,0,36
08/17/2009,JVL,WI,AGL,CE,Federal Contract Tower,0,15,4,0,19,0,0,13,0,13,0,15,17,0,32,4,0,4,36
08/18/2009,JVL,WI,AGL,CE,Federal Contract Tower,0,4,16,1,21,0,0,77,0,77,0,4,93,1,98,210,2,212,310
08/19/2009,JVL,WI,AGL,CE,Federal Contract Tower,1,5,11,2,19,0,0,70,2,72,1,5,81,4,91,76,10,86,177
08/20/2009,JVL,WI,AGL,CE,Federal Contract Tower,0,5,1,0,6,0,2,20,0,22,0,7,21,0,28,18,0,18,46
08/21/2009,JVL,WI,AGL,CE,Federal Contract Tower,0,2,20,0,22,0,0,17,0,17,0,2,37,0,39,6,0,6,45
08/22/2009,JVL,WI,AGL,CE,Federal Contract Tower,0,2,16,0,18,0,0,124,0,124,0,2,140,0,142,60,0,60,202
08/23/2009,JVL,WI,AGL,CE,Federal Contract Tower,1,1,17,0,19,0,2,168,0,170,1,3,185,0,189,50,0,50,239
08/24/2009,JVL,WI,AGL,CE,Federal Contract Tower,0,3,8,0,11,0,0,93,0,93,0,3,101,0,104,38,0,38,142
08/25/2009,JVL,WI,AGL,CE,Federal Contract Tower,0,8,2,1,11,0,0,87,0,87,0,8,89,1,98,158,0,158,256
08/26/2009,JVL,WI,AGL,CE,Federal Contract Tower,0,6,11,1,18,0,0,24,0,24,0,6,35,1,42,36,2,38,80
08/27/2009,JVL,WI,AGL,CE,Federal Contract Tower,1,9,13,0,23,0,0,6,0,6,1,9,19,0,29,6,0,6,35
08/28/2009,JVL,WI,AGL,CE,Federal Contract Tower,0,8,17,0,25,0,0,19,0,19,0,8,36,0,44,66,0,66,110
08/29/2009,JVL,WI,AGL,CE,Federal Contract Tower,0,2,27,0,29,0,0,73,0,73,0,2,100,0,102,62,0,62,164
08/30/2009,JVL,WI,AGL,CE,Federal Contract Tower,0,4,17,0,21,0,0,155,0,155,0,4,172,0,176,82,0,82,258
08/31/2009,JVL,WI,AGL,CE,Federal Contract Tower,0,4,7,0,11,0,0,80,0,80,0,4,87,0,91,172,0,172,263
09/01/2009,JVL,WI,AGL,CE,Federal Contract Tower,0,9,15,0,24,0,2,84,0,86,0,11,99,0,110,140,0,140,250
09/02/2009,JVL,WI,AGL,CE,Federal Contract Tower,0,6,20,1,27,0,1,78,0,79,0,7,98,1,106,72,0,72,178
09/03/2009,JVL,WI,AGL,CE,Federal Contract Tower,2,8,2,1,13,0,0,106,0,106,2,8,108,1,119,86,2,88,207
09/04/2009,JVL,WI,AGL,CE,Federal Contract Tower,0,8,24,1,33,0,5,113,0,118,0,13,137,1,151,124,2,126,277
09/05/2009,JVL,WI,AGL,CE,Federal Contract Tower,0,2,16,0,18,0,0,135,0,135,0,2,151,0,153,94,0,94,247
09/06/2009,JVL,WI,AGL,CE,Federal Contract Tower,0,3,17,0,20,0,0,88,0,88,0,3,105,0,108,32,0,32,140
09/07/2009,JVL,WI,AGL,CE,Federal Contract Tower,0,6,9,1,16,0,14,122,0,136,0,20,131,1,152,160,0,160,312
09/08/2009,JVL,WI,AGL,CE,Federal Contract Tower,0,8,12,0,20,0,3,88,0,91,0,11,100,0,111,36,0,36,147
09/09/2009,JVL,WI,AGL,CE,Federal Contract Tower,1,10,12,1,24,0,0,42,0,42,1,10,54,1,66,12,0,12,78
09/10/2009,JVL,WI,AGL,CE,Federal Contract Tower,0,8,13,2,23,0,1,60,4,65,0,9,73,6,88,64,0,64,152
09/11/2009,JVL,WI,AGL,CE,Federal Contract Tower,1,4,11,1,17,0,4,129,0,133,1,8,140,1,150,104,0,104,254
09/12/2009,JVL,WI,AGL,CE,Federal Contract Tower,2,0,10,0,12,0,0,118,0,118,2,0,128,0,130,90,0,90,220
09/13/2009,JVL,WI,AGL,CE,Federal Contract Tower,0,5,8,1,14,0,5,178,0,183,0,10,186,1,197,40,0,40,237
09/14/2009,JVL,WI,AGL,CE,Federal Contract Tower,0,7,5,2,14,0,1,76,0,77,0,8,81,2,91,36,2,38,129
09/15/2009,JVL,WI,AGL,CE,Federal Contract Tower,0,7,13,0,20,0,0,64,0,64,0,7,77,0,84,32,0,32,116
09/16/2009,JVL,WI,AGL,CE,Federal Contract Tower,0,9,22,0,31,0,1,60,0,61,0,10,82,0,92,50,0,50,142
09/17/2009,JVL,WI,AGL,CE,Federal Contract Tower,0,14,5,0,19,0,0,73,0,73,0,14,78,0,92,80,0,80,172
09/18/2009,JVL,WI,AGL,CE,Federal Contract Tower,0,16,9,2,27,0,3,96,0,99,0,19,105,2,126,64,2,66,192
09/19/2009,JVL,WI,AGL,CE,Federal Contract Tower,0,8,14,0,22,0,2,121,0,123,0,10,135,0,145,46,0,46,191
09/20/2009,JVL,WI,AGL,CE,Federal Contract Tower,0,16,20,0,36,0,3,129,0,132,0,19,149,0,168,78,0,78,246
09/21/2009,JVL,WI,AGL,CE,Federal Contract Tower,1,10,18,1,30,0,0,42,0,42,1,10,60,1,72,10,0,10,82
09/22/2009,JVL,WI,AGL,CE,Federal Contract Tower,0,7,16,0,23,0,0,15,0,15,0,7,31,0,38,20,0,20,58
09/23/2009,JVL,WI,AGL,CE,Federal Contract Tower,1,7,16,0,24,0,0,34,0,34,1,7,50,0,58,26,0,26,84
09/24/2009,JVL,WI,AGL,CE,Federal Contract Tower,0,11,21,0,32,0,0,26,0,26,0,11,47,0,58,14,0,14,72
09/25/2009,JVL,WI,AGL,CE,Federal Contract Tower,1,7,13,0,21,0,1,36,0,37,1,8,49,0,58,12,0,12,70
09/26/2009,JVL,WI,AGL,CE,Federal Contract Tower,0,3,30,0,33,0,0,94,0,94,0,3,124,0,127,128,0,128,255
09/27/2009,JVL,WI,AGL,CE,Federal Contract Tower,0,5,13,0,18,0,2,87,0,89,0,7,100,0,107,92,0,92,199
09/28/2009,JVL,WI,AGL,CE,Federal Contract Tower,1,5,1,0,7,0,2,1,0,3,1,7,2,0,10,0,0,0,10
09/29/2009,JVL,WI,AGL,CE,Federal Contract Tower,1,21,4,0,26,0,2,65,0,67,1,23,69,0,93,4,0,4,97
09/30/2009,JVL,WI,AGL,CE,Federal Contract Tower,0,14,13,0,27,0,1,79,0,80,0,15,92,0,107,80,0,80,187
10/01/2009,JVL,WI,AGL,CE,Federal Contract Tower,2,11,1,0,14,0,3,15,0,18,2,14,16,0,32,0,0,0,32
10/02/2009,JVL,WI,AGL,CE,Federal Contract Tower,0,8,6,0,14,0,1,21,0,22,0,9,27,0,36,14,0,14,50
10/03/2009,JVL,WI,AGL,CE,Federal Contract Tower,0,4,24,0,28,0,0,26,0,26,0,4,50,0,54,20,0,20,74
10/04/2009,JVL,WI,AGL,CE,Federal Contract Tower,0,9,22,0,31,0,2,58,0,60,0,11,80,0,91,32,0,32,123
10/05/2009,JVL,WI,AGL,CE,Federal Contract Tower,0,6,2,0,8,0,0,73,0,73,0,6,75,0,81,34,14,48,129
10/06/2009,JVL,WI,AGL,CE,Federal Contract Tower,0,6,5,0,11,0,0,5,0,5,0,6,10,0,16,30,0,30,46
10/07/2009,JVL,WI,AGL,CE,Federal Contract Tower,0,2,10,0,12,0,0,84,0,84,0,2,94,0,96,78,0,78,174
10/08/2009,JVL,WI,AGL,CE,Federal Contract Tower,0,9,4,0,13,0,0,7,0,7,0,9,11,0,20,8,0,8,28
10/09/2009,JVL,WI,AGL,CE,Federal Contract Tower,0,9,9,0,18,0,3,67,0,70,0,12,76,0,88,30,0,30,118
10/10/2009,JVL,WI,AGL,CE,Federal Contract Tower,1,0,10,0,11,0,0,96,0,96,1,0,106,0,107,46,0,46,153
10/11/2009,JVL,WI,AGL,CE,Federal Contract Tower,0,5,8,0,13,0,2,124,0,126,0,7,132,0,139,42,0,42,181
10/12/2009,JVL,WI,AGL,CE,Federal Contract Tower,0,8,2,0,10,0,1,42,0,43,0,9,44,0,53,6,0,6,59
10/13/2009,JVL,WI,AGL,CE,Federal Contract Tower,1,8,8,0,17,0,6,80,0,86,1,14,88,0,103,98,0,98,201
10/14/2009,JVL,WI,AGL,CE,Federal Contract Tower,1,14,12,0,27,0,0,55,2,57,1,14,67,2,84,22,0,22,106
10/15/2009,JVL,WI,AGL,CE,Federal Contract Tower,0,9,2,0,11,0,0,2,0,2,0,9,4,0,13,20,0,20,33
10/16/2009,JVL,WI,AGL,CE,Federal Contract Tower,0,17,0,2,19,0,2,29,0,31,0,19,29,2,50,0,20,20,70
10/17/2009,JVL,WI,AGL,CE,Federal Contract Tower,0,3,12,0,15,0,0,141,0,141,0,3,153,0,156,68,0,68,224
10/18/2009,JVL,WI,AGL,CE,Federal Contract Tower,0,6,19,0,25,0,4,165,0,169,0,10,184,0,194,124,0,124,318
10/19/2009,JVL,WI,AGL,CE,Federal Contract Tower,0,12,8,0,20,0,1,54,0,55,0,13,62,0,75,8,0,8,83
10/20/2009,JVL,WI,AGL,CE,Federal Contract Tower,0,2,11,9,22,0,0,57,6,63,0,2,68,15,85,28,16,44,129
10/21/2009,JVL,WI,AGL,CE,Federal Contract Tower,2,4,5,1,12,0,0,40,0,40,2,4,45,1,52,42,0,42,94
10/22/2009,JVL,WI,AGL,CE,Federal Contract Tower,0,11,11,0,22,0,0,7,0,7,0,11,18,0,29,12,0,12,41
10/23/2009,JVL,WI,AGL,CE,Federal Contract Tower,0,12,3,0,15,0,0,1,0,1,0,12,4,0,16,0,0,0,16
10/24/2009,JVL,WI,AGL,CE,Federal Contract Tower,0,4,15,0,19,0,0,61,0,61,0,4,76,0,80,68,0,68,148
10/25/2009,JVL,WI,AGL,CE,Federal Contract Tower,0,10,9,0,19,0,5,135,0,140,0,15,144,0,159,42,0,42,201
10/26/2009,JVL,WI,AGL,CE,Federal Contract Tower,0,9,0,0,9,0,0,0,0,0,0,9,0,0,9,0,0,0,9
10/27/2009,JVL,WI,AGL,CE,Federal Contract Tower,1,9,6,0,16,0,1,34,0,35,1,10,40,0,51,72,0,72,123
10/28/2009,JVL,WI,AGL,CE,Federal Contract Tower,0,11,20,0,31,0,6,32,0,38,0,17,52,0,69,66,0,66,135
10/29/2009,JVL,WI,AGL,CE,Federal Contract Tower,0,14,5,0,19,0,0,32,0,32,0,14,37,0,51,6,0,6,57
10/30/2009,JVL,WI,AGL,CE,Federal Contract Tower,0,14,4,0,18,0,0,11,0,11,0,14,15,0,29,50,0,50,79
10/31/2009,JVL,WI,AGL,CE,Federal Contract Tower,0,3,6,0,9,0,0,27,0,27,0,3,33,0,36,30,0,30,66
11/01/2009,JVL,WI,AGL,CE,Federal Contract Tower,0,13,20,0,33,0,2,179,0,181,0,15,199,0,214,112,0,112,326
11/02/2009,JVL,WI,AGL,CE,Federal Contract Tower,0,6,10,0,16,0,0,43,0,43,0,6,53,0,59,68,0,68,127
11/03/2009,JVL,WI,AGL,CE,Federal Contract Tower,0,4,5,0,9,0,0,77,0,77,0,4,82,0,86,94,0,94,180
11/04/2009,JVL,WI,AGL,CE,Federal Contract Tower,0,7,4,0,11,0,29,0,0,29,0,36,4,0,40,18,0,18,58
11/05/2009,JVL,WI,AGL,CE,Federal Contract Tower,0,7,7,0,14,0,0,90,0,90,0,7,97,0,104,56,0,56,160
11/06/2009,JVL,WI,AGL,CE,Federal Contract Tower,0,8,0,0,8,0,4,42,0,46,0,12,42,0,54,32,0,32,86
11/07/2009,JVL,WI,AGL,CE,Federal Contract Tower,0,5,8,0,13,0,0,109,0,109,0,5,117,0,122,70,0,70,192
11/08/2009,JVL,WI,AGL,CE,Federal Contract Tower,0,2,14,0,16,0,4,187,0,191,0,6,201,0,207,72,0,72,279
11/09/2009,JVL,WI,AGL,CE,Federal Contract Tower,0,8,5,2,15,0,0,24,3,27,0,8,29,5,42,14,6,20,62
11/10/2009,JVL,WI,AGL,CE,Federal Contract Tower,1,6,6,0,13,0,0,39,0,39,1,6,45,0,52,92,0,92,144
11/11/2009,JVL,WI,AGL,CE,Federal Contract Tower,1,3,3,0,7,0,0,80,0,80,1,3,83,0,87,102,0,102,189
11/12/2009,JVL,WI,AGL,CE,Federal Contract Tower,0,7,5,0,12,0,0,75,0,75,0,7,80,0,87,84,0,84,171
11/13/2009,JVL,WI,AGL,CE,Federal Contract Tower,0,6,13,1,20,0,8,80,0,88,0,14,93,1,108,42,0,42,150
11/14/2009,JVL,WI,AGL,CE,Federal Contract Tower,0,3,20,0,23,0,0,103,0,103,0,3,123,0,126,40,0,40,166
11/15/2009,JVL,WI,AGL,CE,Federal Contract Tower,0,4,8,0,12,0,7,105,0,112,0,11,113,0,124,44,0,44,168
11/16/2009,JVL,WI,AGL,CE,Federal Contract Tower,0,5,3,0,8,0,0,43,0,43,0,5,46,0,51,28,0,28,79
11/17/2009,JVL,WI,AGL,CE,Federal Contract Tower,0,13,0,0,13,0,2,23,0,25,0,15,23,0,38,30,0,30,68
11/18/2009,JVL,WI,AGL,CE,Federal Contract Tower,2,10,4,0,16,0,0,13,0,13,2,10,17,0,29,48,0,48,77
11/19/2009,JVL,WI,AGL,CE,Federal Contract Tower,1,13,11,0,25,0,0,25,0,25,1,13,36,0,50,20,0,20,70
11/20/2009,JVL,WI,AGL,CE,Federal Contract Tower,0,8,21,0,29,0,2,113,0,115,0,10,134,0,144,78,0,78,222
11/21/2009,JVL,WI,AGL,CE,Federal Contract Tower,0,3,31,0,34,0,0,93,0,93,0,3,124,0,127,48,0,48,175
11/22/2009,JVL,WI,AGL,CE,Federal Contract Tower,0,8,26,0,34,0,3,138,0,141,0,11,164,0,175,82,0,82,257
11/23/2009,JVL,WI,AGL,CE,Federal Contract Tower,2,5,7,1,15,0,0,0,1,1,2,5,7,2,16,0,2,2,18
11/24/2009,JVL,WI,AGL,CE,Federal Contract Tower,0,7,1,0,8,0,0,0,0,0,0,7,1,0,8,0,0,0,8
11/25/2009,JVL,WI,AGL,CE,Federal Contract Tower,0,15,16,0,31,0,0,4,0,4,0,15,20,0,35,10,0,10,45
11/26/2009,JVL,WI,AGL,CE,Federal Contract Tower,0,0,0,0,0,0,0,0,0,0,0,0,0,0,0,0,0,0,0
11/27/2009,JVL,WI,AGL,CE,Federal Contract Tower,0,4,18,0,22,0,0,116,0,116,0,4,134,0,138,40,0,40,178
11/28/2009,JVL,WI,AGL,CE,Federal Contract Tower,0,3,17,0,20,0,0,154,0,154,0,3,171,0,174,82,0,82,256
11/29/2009,JVL,WI,AGL,CE,Federal Contract Tower,2,14,5,0,21,0,1,14,0,15,2,15,19,0,36,0,0,0,36
11/30/2009,JVL,WI,AGL,CE,Federal Contract Tower,0,4,7,0,11,0,0,60,0,60,0,4,67,0,71,56,0,56,127
12/01/2009,JVL,WI,AGL,CE,Federal Contract Tower,0,12,7,0,19,0,7,102,0,109,0,19,109,0,128,116,0,116,244
12/02/2009,JVL,WI,AGL,CE,Federal Contract Tower,0,8,2,0,10,0,1,33,0,34,0,9,35,0,44,78,0,78,122
12/03/2009,JVL,WI,AGL,CE,Federal Contract Tower,1,8,2,0,11,0,1,3,0,4,1,9,5,0,15,0,0,0,15
12/04/2009,JVL,WI,AGL,CE,Federal Contract Tower,0,5,5,0,10,0,4,24,0,28,0,9,29,0,38,4,0,4,42
12/05/2009,JVL,WI,AGL,CE,Federal Contract Tower,1,6,8,0,15,0,0,110,0,110,1,6,118,0,125,36,0,36,161
12/06/2009,JVL,WI,AGL,CE,Federal Contract Tower,0,5,20,0,25,0,2,177,0,179,0,7,197,0,204,72,0,72,276
12/07/2009,JVL,WI,AGL,CE,Federal Contract Tower,0,9,6,0,15,0,4,16,0,20,0,13,22,0,35,14,0,14,49
12/08/2009,JVL,WI,AGL,CE,Federal Contract Tower,1,8,0,0,9,0,0,0,0,0,1,8,0,0,9,0,0,0,9
12/09/2009,JVL,WI,AGL,CE,Federal Contract Tower,0,4,0,0,4,0,0,1,0,1,0,4,1,0,5,0,0,0,5
12/10/2009,JVL,WI,AGL,CE,Federal Contract Tower,0,4,1,0,5,0,0,6,0,6,0,4,7,0,11,0,0,0,11
12/11/2009,JVL,WI,AGL,CE,Federal Contract Tower,0,4,11,0,15,0,3,32,0,35,0,7,43,0,50,24,0,24,74
12/12/2009,JVL,WI,AGL,CE,Federal Contract Tower,0,6,17,0,23,0,115,0,0,115,0,121,17,0,138,32,0,32,170
12/13/2009,JVL,WI,AGL,CE,Federal Contract Tower,4,8,1,0,13,0,0,0,0,0,4,8,1,0,13,0,0,0,13
12/14/2009,JVL,WI,AGL,CE,Federal Contract Tower,0,8,1,0,9,0,0,0,0,0,0,8,1,0,9,0,0,0,9
12/15/2009,JVL,WI,AGL,CE,Federal Contract Tower,0,11,5,0,16,0,0,45,0,45,0,11,50,0,61,52,0,52,113
12/16/2009,JVL,WI,AGL,CE,Federal Contract Tower,0,5,5,0,10,0,1,51,2,54,0,6,56,2,64,70,6,76,140
12/17/2009,JVL,WI,AGL,CE,Federal Contract Tower,1,11,7,6,25,0,0,67,0,67,1,11,74,6,92,40,4,44,136
12/18/2009,JVL,WI,AGL,CE,Federal Contract Tower,2,14,10,0,26,0,0,16,0,16,2,14,26,0,42,0,0,0,42
12/19/2009,JVL,WI,AGL,CE,Federal Contract Tower,0,5,1,0,6,0,0,10,0,10,0,5,11,0,16,0,0,0,16
12/20/2009,JVL,WI,AGL,CE,Federal Contract Tower,0,2,2,0,4,0,0,27,0,27,0,2,29,0,31,38,0,38,69
12/21/2009,JVL,WI,AGL,CE,Federal Contract Tower,1,6,6,3,16,0,0,3,0,3,1,6,9,3,19,0,8,8,27
12/22/2009,JVL,WI,AGL,CE,Federal Contract Tower,0,5,0,0,5,0,0,2,0,2,0,5,2,0,7,0,0,0,7
12/23/2009,JVL,WI,AGL,CE,Federal Contract Tower,0,6,2,0,8,0,0,0,0,0,0,6,2,0,8,0,0,0,8
12/24/2009,JVL,WI,AGL,CE,Federal Contract Tower,0,0,0,0,0,0,0,0,0,0,0,0,0,0,0,0,0,0,0
12/25/2009,JVL,WI,AGL,CE,Federal Contract Tower,0,0,0,0,0,0,0,0,0,0,0,0,0,0,0,0,0,0,0
12/26/2009,JVL,WI,AGL,CE,Federal Contract Tower,1,8,0,0,9,0,0,0,0,0,1,8,0,0,9,0,0,0,9
12/27/2009,JVL,WI,AGL,CE,Federal Contract Tower,0,7,0,0,7,0,0,0,0,0,0,7,0,0,7,0,0,0,7
12/28/2009,JVL,WI,AGL,CE,Federal Contract Tower,0,5,0,2,7,0,0,23,10,33,0,5,23,12,40,40,0,40,80
12/29/2009,JVL,WI,AGL,CE,Federal Contract Tower,0,4,12,2,18,0,0,103,2,105,0,4,115,4,123,80,0,80,203
12/30/2009,JVL,WI,AGL,CE,Federal Contract Tower,0,3,0,2,5,0,0,6,0,6,0,3,6,2,11,12,4,16,27
12/31/2009,JVL,WI,AGL,CE,Federal Contract Tower,0,5,0,0,5,0,0,8,0,8,0,5,8,0,13,0,0,0,13
01/01/2010,JVL,WI,AGL,CE,Federal Contract Tower,0,1,2,0,3,0,0,36,0,36,0,1,38,0,39,28,0,28,67
01/02/2010,JVL,WI,AGL,CE,Federal Contract Tower,0,1,7,0,8,0,0,60,0,60,0,1,67,0,68,20,0,20,88
01/03/2010,JVL,WI,AGL,CE,Federal Contract Tower,0,4,10,0,14,0,3,43,0,46,0,7,53,0,60,32,0,32,92
01/04/2010,JVL,WI,AGL,CE,Federal Contract Tower,0,10,6,1,17,0,0,32,0,32,0,10,38,1,49,64,2,66,115
01/05/2010,JVL,WI,AGL,CE,Federal Contract Tower,0,6,4,1,11,0,13,38,0,51,0,19,42,1,62,48,2,50,112
01/06/2010,JVL,WI,AGL,CE,Federal Contract Tower,0,8,2,0,10,0,0,3,0,3,0,8,5,0,13,0,0,0,13
01/07/2010,JVL,WI,AGL,CE,Federal Contract Tower,0,3,0,0,3,0,0,0,0,0,0,3,0,0,3,0,0,0,3
01/08/2010,JVL,WI,AGL,CE,Federal Contract Tower,0,5,0,0,5,0,2,18,0,20,0,7,18,0,25,0,0,0,25
01/09/2010,JVL,WI,AGL,CE,Federal Contract Tower,0,0,13,0,13,0,0,101,0,101,0,0,114,0,114,44,0,44,158
01/10/2010,JVL,WI,AGL,CE,Federal Contract Tower,0,5,4,0,9,0,1,68,0,69,0,6,72,0,78,34,0,34,112
01/11/2010,JVL,WI,AGL,CE,Federal Contract Tower,0,2,3,0,5,0,0,35,0,35,0,2,38,0,40,22,0,22,62
01/12/2010,JVL,WI,AGL,CE,Federal Contract Tower,0,10,9,0,19,0,0,70,0,70,0,10,79,0,89,32,0,32,121
01/13/2010,JVL,WI,AGL,CE,Federal Contract Tower,0,6,9,0,15,0,4,94,0,98,0,10,103,0,113,84,0,84,197
01/14/2010,JVL,WI,AGL,CE,Federal Contract Tower,0,6,3,0,9,0,0,12,0,12,0,6,15,0,21,4,0,4,25
01/15/2010,JVL,WI,AGL,CE,Federal Contract Tower,0,15,8,0,23,0,0,5,0,5,0,15,13,0,28,4,0,4,32
01/16/2010,JVL,WI,AGL,CE,Federal Contract Tower,0,2,8,0,10,0,0,0,0,0,0,2,8,0,10,0,0,0,10
01/17/2010,JVL,WI,AGL,CE,Federal Contract Tower,0,0,3,0,3,0,0,0,0,0,0,0,3,0,3,0,0,0,3
01/18/2010,JVL,WI,AGL,CE,Federal Contract Tower,0,13,4,0,17,0,0,2,0,2,0,13,6,0,19,12,0,12,31
01/19/2010,JVL,WI,AGL,CE,Federal Contract Tower,0,6,6,0,12,0,1,61,0,62,0,7,67,0,74,38,0,38,112
01/20/2010,JVL,WI,AGL,CE,Federal Contract Tower,0,10,0,0,10,0,0,19,0,19,0,10,19,0,29,4,0,4,33
01/21/2010,JVL,WI,AGL,CE,Federal Contract Tower,0,3,1,0,4,0,0,1,0,1,0,3,2,0,5,0,0,0,5
01/22/2010,JVL,WI,AGL,CE,Federal Contract Tower,0,9,12,0,21,0,3,4,0,7,0,12,16,0,28,0,0,0,28
01/23/2010,JVL,WI,AGL,CE,Federal Contract Tower,0,3,3,0,6,0,0,0,0,0,0,3,3,0,6,0,0,0,6
01/24/2010,JVL,WI,AGL,CE,Federal Contract Tower,0,9,1,0,10,0,0,0,0,0,0,9,1,0,10,0,0,0,10
01/25/2010,JVL,WI,AGL,CE,Federal Contract Tower,0,8,1,0,9,0,0,3,0,3,0,8,4,0,12,0,0,0,12
01/26/2010,JVL,WI,AGL,CE,Federal Contract Tower,0,15,1,3,19,0,0,18,2,20,0,15,19,5,39,4,4,8,47
01/27/2010,JVL,WI,AGL,CE,Federal Contract Tower,0,7,7,0,14,0,0,24,0,24,0,7,31,0,38,10,0,10,48
01/28/2010,JVL,WI,AGL,CE,Federal Contract Tower,0,10,9,0,19,0,4,32,2,38,0,14,41,2,57,20,20,40,97
01/29/2010,JVL,WI,AGL,CE,Federal Contract Tower,2,6,11,0,19,0,7,50,2,59,2,13,61,2,78,48,0,48,126
01/30/2010,JVL,WI,AGL,CE,Federal Contract Tower,0,3,27,0,30,0,0,122,0,122,0,3,149,0,152,132,0,132,284
01/31/2010,JVL,WI,AGL,CE,Federal Contract Tower,0,3,12,0,15,0,3,139,0,142,0,6,151,0,157,66,0,66,223
02/01/2010,JVL,WI,AGL,CE,Federal Contract Tower,1,11,10,0,22,0,0,32,0,32,1,11,42,0,54,52,0,52,106
02/02/2010,JVL,WI,AGL,CE,Federal Contract Tower,0,3,0,0,3,0,0,0,0,0,0,3,0,0,3,0,0,0,3
02/03/2010,JVL,WI,AGL,CE,Federal Contract Tower,2,6,12,1,21,0,2,33,0,35,2,8,45,1,56,54,0,54,110
02/04/2010,JVL,WI,AGL,CE,Federal Contract Tower,0,7,5,0,12,0,2,14,2,18,0,9,19,2,30,16,2,18,48
02/05/2010,JVL,WI,AGL,CE,Federal Contract Tower,0,10,1,0,11,0,0,4,0,4,0,10,5,0,15,0,0,0,15
02/06/2010,JVL,WI,AGL,CE,Federal Contract Tower,2,0,6,0,8,0,0,38,0,38,2,0,44,0,46,74,0,74,120
02/07/2010,JVL,WI,AGL,CE,Federal Contract Tower,0,8,10,0,18,0,3,147,0,150,0,11,157,0,168,44,0,44,212
02/08/2010,JVL,WI,AGL,CE,Federal Contract Tower,0,5,6,0,11,0,0,20,0,20,0,5,26,0,31,6,0,6,37
02/09/2010,JVL,WI,AGL,CE,Federal Contract Tower,0,5,0,0,5,0,0,0,0,0,0,5,0,0,5,0,0,0,5
02/10/2010,JVL,WI,AGL,CE,Federal Contract Tower,0,7,1,0,8,0,0,25,0,25,0,7,26,0,33,16,0,16,49
02/11/2010,JVL,WI,AGL,CE,Federal Contract Tower,0,10,11,0,21,0,1,46,2,49,0,11,57,2,70,32,4,36,106
02/12/2010,JVL,WI,AGL,CE,Federal Contract Tower,0,10,4,0,14,0,7,70,0,77,0,17,74,0,91,46,0,46,137
02/13/2010,JVL,WI,AGL,CE,Federal Contract Tower,0,8,24,0,32,0,3,198,0,201,0,11,222,0,233,92,0,92,325
02/14/2010,JVL,WI,AGL,CE,Federal Contract Tower,0,4,15,0,19,0,5,130,0,135,0,9,145,0,154,28,0,28,182
02/15/2010,JVL,WI,AGL,CE,Federal Contract Tower,0,13,0,0,13,0,0,23,0,23,0,13,23,0,36,0,0,0,36
02/16/2010,JVL,WI,AGL,CE,Federal Contract Tower,0,4,5,1,10,0,2,46,4,52,0,6,51,5,62,10,16,26,88
02/17/2010,JVL,WI,AGL,CE,Federal Contract Tower,0,6,5,2,13,0,0,14,0,14,0,6,19,2,27,26,0,26,53
02/18/2010,JVL,WI,AGL,CE,Federal Contract Tower,0,12,6,0,18,0,4,67,0,71,0,16,73,0,89,84,0,84,173
02/19/2010,JVL,WI,AGL,CE,Federal Contract Tower,0,8,6,1,15,0,7,82,0,89,0,15,88,1,104,102,0,102,206
02/20/2010,JVL,WI,AGL,CE,Federal Contract Tower,0,1,0,0,1,0,0,0,0,0,0,1,0,0,1,0,0,0,1
02/21/2010,JVL,WI,AGL,CE,Federal Contract Tower,0,7,9,0,16,0,2,15,0,17,0,9,24,0,33,44,0,44,77
02/22/2010,JVL,WI,AGL,CE,Federal Contract Tower,0,5,0,0,5,0,0,3,0,3,0,5,3,0,8,0,0,0,8
02/23/2010,JVL,WI,AGL,CE,Federal Contract Tower,0,9,1,0,10,0,0,23,0,23,0,9,24,0,33,20,0,20,53
02/24/2010,JVL,WI,AGL,CE,Federal Contract Tower,0,14,1,0,15,0,0,0,0,0,0,14,1,0,15,0,0,0,15
02/25/2010,JVL,WI,AGL,CE,Federal Contract Tower,0,7,6,1,14,0,0,64,0,64,0,7,70,1,78,76,2,78,156
02/26/2010,JVL,WI,AGL,CE,Federal Contract Tower,0,7,6,0,13,0,4,71,0,75,0,11,77,0,88,60,0,60,148
02/27/2010,JVL,WI,AGL,CE,Federal Contract Tower,0,4,6,0,10,0,0,41,0,41,0,4,47,0,51,0,0,0,51
02/28/2010,JVL,WI,AGL,CE,Federal Contract Tower,0,10,13,0,23,0,0,88,0,88,0,10,101,0,111,30,0,30,141
03/01/2010,JVL,WI,AGL,CE,Federal Contract Tower,0,4,6,0,10,0,0,53,0,53,0,4,59,0,63,24,0,24,87
03/02/2010,JVL,WI,AGL,CE,Federal Contract Tower,0,5,5,0,10,0,0,24,0,24,0,5,29,0,34,44,0,44,78
03/03/2010,JVL,WI,AGL,CE,Federal Contract Tower,0,7,17,0,24,0,1,55,0,56,0,8,72,0,80,52,0,52,132
03/04/2010,JVL,WI,AGL,CE,Federal Contract Tower,1,13,4,0,18,0,5,105,0,110,1,18,109,0,128,140,0,140,268
03/05/2010,JVL,WI,AGL,CE,Federal Contract Tower,4,1,6,1,12,0,6,128,2,136,4,7,134,3,148,80,4,84,232
03/06/2010,JVL,WI,AGL,CE,Federal Contract Tower,0,2,12,0,14,0,0,157,2,159,0,2,169,2,173,48,0,48,221
03/07/2010,JVL,WI,AGL,CE,Federal Contract Tower,0,6,2,0,8,0,3,34,0,37,0,9,36,0,45,36,0,36,81
03/08/2010,JVL,WI,AGL,CE,Federal Contract Tower,0,2,7,2,11,0,0,0,0,0,0,2,7,2,11,0,0,0,11
03/09/2010,JVL,WI,AGL,CE,Federal Contract Tower,0,14,5,0,19,0,0,14,0,14,0,14,19,0,33,20,0,20,53
03/10/2010,JVL,WI,AGL,CE,Federal Contract Tower,0,16,0,5,21,0,0,8,0,8,0,16,8,5,29,44,0,44,73
03/11/2010,JVL,WI,AGL,CE,Federal Contract Tower,3,13,6,11,33,0,0,7,3,10,3,13,13,14,43,10,30,40,83
03/12/2010,JVL,WI,AGL,CE,Federal Contract Tower,1,14,11,3,29,0,2,28,2,32,1,16,39,5,61,58,16,74,135
03/13/2010,JVL,WI,AGL,CE,Federal Contract Tower,0,4,6,0,10,0,0,1,0,1,0,4,7,0,11,0,0,0,11
03/14/2010,JVL,WI,AGL,CE,Federal Contract Tower,0,5,19,0,24,0,0,55,0,55,0,5,74,0,79,48,0,48,127
03/15/2010,JVL,WI,AGL,CE,Federal Contract Tower,0,8,3,0,11,0,0,66,0,66,0,8,69,0,77,82,0,82,159
03/16/2010,JVL,WI,AGL,CE,Federal Contract Tower,0,11,15,0,26,0,0,110,0,110,0,11,125,0,136,58,0,58,194
03/17/2010,JVL,WI,AGL,CE,Federal Contract Tower,0,8,15,0,23,0,0,124,2,126,0,8,139,2,149,138,10,148,297
03/18/2010,JVL,WI,AGL,CE,Federal Contract Tower,0,9,13,0,22,0,7,80,2,89,0,16,93,2,111,34,24,58,169
03/19/2010,JVL,WI,AGL,CE,Federal Contract Tower,0,11,6,0,17,0,2,95,0,97,0,13,101,0,114,102,0,102,216
03/20/2010,JVL,WI,AGL,CE,Federal Contract Tower,0,1,3,0,4,0,0,2,0,2,0,1,5,0,6,10,0,10,16
03/21/2010,JVL,WI,AGL,CE,Federal Contract Tower,0,6,16,0,22,0,4,83,0,87,0,10,99,0,109,82,0,82,191
03/22/2010,JVL,WI,AGL,CE,Federal Contract Tower,0,4,6,0,10,0,0,55,0,55,0,4,61,0,65,78,0,78,143
03/23/2010,JVL,WI,AGL,CE,Federal Contract Tower,0,8,14,0,22,0,1,77,0,78,0,9,91,0,100,54,12,66,166
03/24/2010,JVL,WI,AGL,CE,Federal Contract Tower,0,9,14,2,25,0,0,76,0,76,0,9,90,2,101,92,12,104,205
03/25/2010,JVL,WI,AGL,CE,Federal Contract Tower,0,5,2,0,7,0,0,21,0,21,0,5,23,0,28,0,0,0,28
03/26/2010,JVL,WI,AGL,CE,Federal Contract Tower,0,5,13,0,18,0,2,188,2,192,0,7,201,2,210,86,2,88,298
03/27/2010,JVL,WI,AGL,CE,Federal Contract Tower,0,5,16,0,21,0,0,98,0,98,0,5,114,0,119,78,0,78,197
03/28/2010,JVL,WI,AGL,CE,Federal Contract Tower,0,4,13,0,17,0,0,138,0,138,0,4,151,0,155,38,0,38,193
03/29/2010,JVL,WI,AGL,CE,Federal Contract Tower,0,3,10,0,13,0,8,88,0,96,0,11,98,0,109,106,0,106,215
03/30/2010,JVL,WI,AGL,CE,Federal Contract Tower,0,6,6,0,12,0,1,77,0,78,0,7,83,0,90,64,0,64,154
03/31/2010,JVL,WI,AGL,CE,Federal Contract Tower,0,2,3,0,5,0,4,44,0,48,0,6,47,0,53,26,0,26,79
04/01/2010,JVL,WI,AGL,CE,Federal Contract Tower,0,9,5,0,14,0,0,65,0,65,0,9,70,0,79,36,0,36,115
04/02/2010,JVL,WI,AGL,CE,Federal Contract Tower,0,5,2,0,7,0,4,51,0,55,0,9,53,0,62,78,0,78,140
04/03/2010,JVL,WI,AGL,CE,Federal Contract Tower,0,3,11,0,14,0,1,49,0,50,0,4,60,0,64,6,0,6,70
04/04/2010,JVL,WI,AGL,CE,Federal Contract Tower,0,0,4,0,4,0,1,42,0,43,0,1,46,0,47,10,0,10,57
04/05/2010,JVL,WI,AGL,CE,Federal Contract Tower,0,4,3,1,8,0,2,58,1,61,0,6,61,2,69,46,0,46,115
04/06/2010,JVL,WI,AGL,CE,Federal Contract Tower,0,18,4,0,22,0,0,6,0,6,0,18,10,0,28,22,0,22,50
04/07/2010,JVL,WI,AGL,CE,Federal Contract Tower,2,5,8,0,15,0,0,0,0,0,2,5,8,0,15,0,0,0,15
04/08/2010,JVL,WI,AGL,CE,Federal Contract Tower,2,3,0,0,5,0,0,22,0,22,2,3,22,0,27,30,0,30,57
04/09/2010,JVL,WI,AGL,CE,Federal Contract Tower,0,8,7,0,15,0,4,120,0,124,0,12,127,0,139,58,0,58,197
04/10/2010,JVL,WI,AGL,CE,Federal Contract Tower,0,9,16,0,25,0,0,118,0,118,0,9,134,0,143,74,0,74,217
04/11/2010,JVL,WI,AGL,CE,Federal Contract Tower,0,8,18,0,26,0,4,172,0,176,0,12,190,0,202,60,0,60,262
04/12/2010,JVL,WI,AGL,CE,Federal Contract Tower,0,6,0,0,6,0,0,18,4,22,0,6,18,4,28,0,16,16,44
04/13/2010,JVL,WI,AGL,CE,Federal Contract Tower,0,5,2,0,7,0,0,46,0,46,0,5,48,0,53,44,0,44,97
04/14/2010,JVL,WI,AGL,CE,Federal Contract Tower,2,4,6,0,12,0,0,53,2,55,2,4,59,2,67,94,12,106,173
04/15/2010,JVL,WI,AGL,CE,Federal Contract Tower,0,7,3,0,10,0,0,31,0,31,0,7,34,0,41,12,0,12,53
04/16/2010,JVL,WI,AGL,CE,Federal Contract Tower,1,10,3,2,16,0,3,27,4,34,1,13,30,6,50,2,6,8,58
04/17/2010,JVL,WI,AGL,CE,Federal Contract Tower,0,2,14,0,16,0,0,83,0,83,0,2,97,0,99,6,0,6,105
04/18/2010,JVL,WI,AGL,CE,Federal Contract Tower,0,3,16,0,19,0,4,173,0,177,0,7,189,0,196,46,0,46,242
04/19/2010,JVL,WI,AGL,CE,Federal Contract Tower,0,5,5,0,10,0,1,52,0,53,0,6,57,0,63,48,0,48,111
04/20/2010,JVL,WI,AGL,CE,Federal Contract Tower,0,8,6,0,14,0,0,107,0,107,0,8,113,0,121,88,0,88,209
04/21/2010,JVL,WI,AGL,CE,Federal Contract Tower,0,10,8,0,18,0,0,60,0,60,0,10,68,0,78,96,0,96,174
04/22/2010,JVL,WI,AGL,CE,Federal Contract Tower,2,6,10,0,18,0,0,59,0,59,2,6,69,0,77,48,0,48,125
04/23/2010,JVL,WI,AGL,CE,Federal Contract Tower,0,8,11,0,19,0,3,77,2,82,0,11,88,2,101,80,4,84,185
04/24/2010,JVL,WI,AGL,CE,Federal Contract Tower,0,0,2,0,2,0,0,0,0,0,0,0,2,0,2,0,0,0,2
04/25/2010,JVL,WI,AGL,CE,Federal Contract Tower,0,7,30,0,37,0,0,10,0,10,0,7,40,0,47,16,0,16,63
04/26/2010,JVL,WI,AGL,CE,Federal Contract Tower,4,8,5,0,17,0,0,54,2,56,4,8,59,2,73,134,8,142,215
04/27/2010,JVL,WI,AGL,CE,Federal Contract Tower,0,13,11,2,26,0,2,87,2,91,0,15,98,4,117,98,34,132,249
04/28/2010,JVL,WI,AGL,CE,Federal Contract Tower,0,7,11,1,19,0,1,146,0,147,0,8,157,1,166,106,0,106,272
04/29/2010,JVL,WI,AGL,CE,Federal Contract Tower,0,9,0,0,9,0,1,10,0,11,0,10,10,0,20,0,0,0,20
04/30/2010,JVL,WI,AGL,CE,Federal Contract Tower,0,9,1,0,10,0,0,22,0,22,0,9,23,0,32,40,0,40,72
05/01/2010,JVL,WI,AGL,CE,Federal Contract Tower,0,3,14,0,17,0,0,69,0,69,0,3,83,0,86,42,0,42,128
05/02/2010,JVL,WI,AGL,CE,Federal Contract Tower,0,4,14,0,18,0,4,111,0,115,0,8,125,0,133,68,0,68,201
05/03/2010,JVL,WI,AGL,CE,Federal Contract Tower,2,6,6,1,15,0,0,50,1,51,2,6,56,2,66,44,4,48,114
05/04/2010,JVL,WI,AGL,CE,Federal Contract Tower,0,12,7,2,21,0,3,100,0,103,0,15,107,2,124,44,2,46,170
05/05/2010,JVL,WI,AGL,CE,Federal Contract Tower,0,6,3,0,9,0,0,53,0,53,0,6,56,0,62,0,20,20,82
05/06/2010,JVL,WI,AGL,CE,Federal Contract Tower,0,5,21,0,26,0,0,100,0,100,0,5,121,0,126,94,0,94,220
05/07/2010,JVL,WI,AGL,CE,Federal Contract Tower,0,10,8,0,18,0,0,1,0,1,0,10,9,0,19,2,0,2,21
05/08/2010,JVL,WI,AGL,CE,Federal Contract Tower,0,11,7,0,18,0,0,38,0,38,0,11,45,0,56,94,0,94,150
05/09/2010,JVL,WI,AGL,CE,Federal Contract Tower,0,1,10,0,11,0,0,124,0,124,0,1,134,0,135,102,0,102,237
05/10/2010,JVL,WI,AGL,CE,Federal Contract Tower,1,10,10,1,22,0,6,38,0,44,1,16,48,1,66,42,4,46,112
05/11/2010,JVL,WI,AGL,CE,Federal Contract Tower,0,9,15,0,24,0,0,0,0,0,0,9,15,0,24,0,0,0,24
05/12/2010,JVL,WI,AGL,CE,Federal Contract Tower,0,6,11,0,17,0,0,2,0,2,0,6,13,0,19,0,0,0,19
05/13/2010,JVL,WI,AGL,CE,Federal Contract Tower,0,7,9,0,16,0,0,0,0,0,0,7,9,0,16,0,0,0,16
05/14/2010,JVL,WI,AGL,CE,Federal Contract Tower,0,7,16,1,24,0,5,77,3,85,0,12,93,4,109,42,18,60,169
05/15/2010,JVL,WI,AGL,CE,Federal Contract Tower,0,5,16,0,21,0,0,162,0,162,0,5,178,0,183,104,0,104,287
05/16/2010,JVL,WI,AGL,CE,Federal Contract Tower,0,7,10,0,17,0,6,125,0,131,0,13,135,0,148,98,0,98,246
05/17/2010,JVL,WI,AGL,CE,Federal Contract Tower,1,9,10,0,20,0,1,65,0,66,1,10,75,0,86,76,0,76,162
05/18/2010,JVL,WI,AGL,CE,Federal Contract Tower,0,18,3,0,21,0,1,46,0,47,0,19,49,0,68,88,0,88,156
05/19/2010,JVL,WI,AGL,CE,Federal Contract Tower,0,3,16,0,19,0,0,144,0,144,0,3,160,0,163,122,0,122,285
05/20/2010,JVL,WI,AGL,CE,Federal Contract Tower,0,5,11,0,16,0,1,90,0,91,0,6,101,0,107,70,0,70,177
05/21/2010,JVL,WI,AGL,CE,Federal Contract Tower,0,19,6,0,25,0,1,5,0,6,0,20,11,0,31,4,0,4,35
05/22/2010,JVL,WI,AGL,CE,Federal Contract Tower,1,1,27,0,29,0,0,74,0,74,1,1,101,0,103,64,0,64,167
05/23/2010,JVL,WI,AGL,CE,Federal Contract Tower,0,3,15,0,18,0,5,220,0,225,0,8,235,0,243,88,0,88,331
05/24/2010,JVL,WI,AGL,CE,Federal Contract Tower,1,7,3,0,11,4,0,80,0,84,5,7,83,0,95,136,0,136,231
05/25/2010,JVL,WI,AGL,CE,Federal Contract Tower,1,9,3,0,13,0,0,24,0,24,1,9,27,0,37,30,0,30,67
05/26/2010,JVL,WI,AGL,CE,Federal Contract Tower,0,10,6,1,17,0,0,47,0,47,0,10,53,1,64,36,0,36,100
05/27/2010,JVL,WI,AGL,CE,Federal Contract Tower,0,8,8,9,25,0,1,39,14,54,0,9,47,23,79,14,86,100,179
05/28/2010,JVL,WI,AGL,CE,Federal Contract Tower,1,3,11,7,22,0,1,99,44,144,1,4,110,51,166,152,266,418,584
05/29/2010,JVL,WI,AGL,CE,Federal Contract Tower,0,0,7,0,7,0,0,107,25,132,0,0,114,25,139,138,220,358,497
05/30/2010,JVL,WI,AGL,CE,Federal Contract Tower,4,3,1,5,13,0,0,87,14,101,4,3,88,19,114,256,64,320,434
05/31/2010,JVL,WI,AGL,CE,Federal Contract Tower,0,6,4,14,24,0,6,40,0,46,0,12,44,14,70,0,0,0,70
06/01/2010,JVL,WI,AGL,CE,Federal Contract Tower,1,12,5,16,34,0,11,84,1,96,1,23,89,17,130,108,82,190,320
06/02/2010,JVL,WI,AGL,CE,Federal Contract Tower,2,10,3,0,15,0,0,58,1,59,2,10,61,1,74,58,0,58,132
06/03/2010,JVL,WI,AGL,CE,Federal Contract Tower,1,15,16,1,33,0,0,110,2,112,1,15,126,3,145,60,0,60,205
06/04/2010,JVL,WI,AGL,CE,Federal Contract Tower,0,22,4,1,27,0,5,12,0,17,0,27,16,1,44,4,0,4,48
06/05/2010,JVL,WI,AGL,CE,Federal Contract Tower,0,2,6,3,11,0,2,39,0,41,0,4,45,3,52,48,0,48,100
06/06/2010,JVL,WI,AGL,CE,Federal Contract Tower,1,7,17,0,25,0,3,60,0,63,1,10,77,0,88,42,0,42,130
06/07/2010,JVL,WI,AGL,CE,Federal Contract Tower,0,5,8,0,13,0,0,103,0,103,0,5,111,0,116,106,0,106,222
06/08/2010,JVL,WI,AGL,CE,Federal Contract Tower,0,10,6,2,18,0,0,1,0,1,0,10,7,2,19,0,0,0,19
06/09/2010,JVL,WI,AGL,CE,Federal Contract Tower,1,10,16,2,29,0,3,57,0,60,1,13,73,2,89,46,0,46,135
06/10/2010,JVL,WI,AGL,CE,Federal Contract Tower,0,6,17,1,24,0,0,84,0,84,0,6,101,1,108,122,0,122,230
06/11/2010,JVL,WI,AGL,CE,Federal Contract Tower,0,5,11,3,19,0,4,29,2,35,0,9,40,5,54,26,6,32,86
06/12/2010,JVL,WI,AGL,CE,Federal Contract Tower,0,5,4,0,9,0,0,4,0,4,0,5,8,0,13,2,0,2,15
06/13/2010,JVL,WI,AGL,CE,Federal Contract Tower,1,9,12,0,22,0,0,1,0,1,1,9,13,0,23,0,0,0,23
06/14/2010,JVL,WI,AGL,CE,Federal Contract Tower,1,21,18,0,40,0,0,2,0,2,1,21,20,0,42,2,0,2,44
06/15/2010,JVL,WI,AGL,CE,Federal Contract Tower,0,8,11,2,21,0,0,7,0,7,0,8,18,2,28,0,0,0,28
06/16/2010,JVL,WI,AGL,CE,Federal Contract Tower,0,12,12,1,25,0,1,102,0,103,0,13,114,1,128,106,0,106,234
06/17/2010,JVL,WI,AGL,CE,Federal Contract Tower,0,8,16,0,24,0,0,130,0,130,0,8,146,0,154,82,0,82,236
06/18/2010,JVL,WI,AGL,CE,Federal Contract Tower,5,8,5,0,18,0,0,47,0,47,5,8,52,0,65,82,0,82,147
06/19/2010,JVL,WI,AGL,CE,Federal Contract Tower,0,2,15,0,17,0,0,131,0,131,0,2,146,0,148,96,0,96,244
06/20/2010,JVL,WI,AGL,CE,Federal Contract Tower,2,1,3,0,6,0,1,83,0,84,2,2,86,0,90,64,0,64,154
06/21/2010,JVL,WI,AGL,CE,Federal Contract Tower,0,10,2,0,12,0,2,45,0,47,0,12,47,0,59,60,0,60,119
06/22/2010,JVL,WI,AGL,CE,Federal Contract Tower,1,11,3,0,15,0,0,84,0,84,1,11,87,0,99,80,0,80,179
06/23/2010,JVL,WI,AGL,CE,Federal Contract Tower,1,8,3,0,12,0,0,33,0,33,1,8,36,0,45,26,0,26,71
06/24/2010,JVL,WI,AGL,CE,Federal Contract Tower,1,10,16,0,27,0,2,128,0,130,1,12,144,0,157,78,0,78,235
06/25/2010,JVL,WI,AGL,CE,Federal Contract Tower,0,9,19,0,28,0,0,124,0,124,0,9,143,0,152,88,0,88,240
06/26/2010,JVL,WI,AGL,CE,Federal Contract Tower,0,7,4,0,11,0,0,83,0,83,0,7,87,0,94,78,0,78,172
06/27/2010,JVL,WI,AGL,CE,Federal Contract Tower,0,15,8,0,23,0,0,41,0,41,0,15,49,0,64,72,0,72,136
06/28/2010,JVL,WI,AGL,CE,Federal Contract Tower,1,4,6,0,11,0,2,84,0,86,1,6,90,0,97,144,0,144,241
06/29/2010,JVL,WI,AGL,CE,Federal Contract Tower,0,16,8,0,24,0,0,127,0,127,0,16,135,0,151,130,0,130,281
06/30/2010,JVL,WI,AGL,CE,Federal Contract Tower,0,7,14,0,21,0,0,71,0,71,0,7,85,0,92,84,0,84,176
07/01/2010,JVL,WI,AGL,CE,Federal Contract Tower,0,7,13,0,20,0,0,84,0,84,0,7,97,0,104,72,0,72,176
07/02/2010,JVL,WI,AGL,CE,Federal Contract Tower,0,8,9,0,17,0,0,108,0,108,0,8,117,0,125,70,0,70,195
07/03/2010,JVL,WI,AGL,CE,Federal Contract Tower,0,2,17,0,19,0,1,124,0,125,0,3,141,0,144,90,0,90,234
07/04/2010,JVL,WI,AGL,CE,Federal Contract Tower,0,4,2,0,6,0,0,67,0,67,0,4,69,0,73,54,0,54,127
07/05/2010,JVL,WI,AGL,CE,Federal Contract Tower,0,2,3,0,5,0,2,51,0,53,0,4,54,0,58,14,0,14,72
07/06/2010,JVL,WI,AGL,CE,Federal Contract Tower,2,7,7,0,16,0,0,41,2,43,2,7,48,2,59,102,0,102,161
07/07/2010,JVL,WI,AGL,CE,Federal Contract Tower,0,9,9,0,18,0,0,34,0,34,0,9,43,0,52,28,0,28,80
07/08/2010,JVL,WI,AGL,CE,Federal Contract Tower,0,7,18,0,25,0,2,46,0,48,0,9,64,0,73,48,0,48,121
07/09/2010,JVL,WI,AGL,CE,Federal Contract Tower,0,9,6,0,15,0,0,111,0,111,0,9,117,0,126,150,0,150,276
07/10/2010,JVL,WI,AGL,CE,Federal Contract Tower,0,2,16,0,18,0,0,155,0,155,0,2,171,0,173,76,0,76,249
07/11/2010,JVL,WI,AGL,CE,Federal Contract Tower,0,4,3,0,7,0,0,101,0,101,0,4,104,0,108,46,0,46,154
07/12/2010,JVL,WI,AGL,CE,Federal Contract Tower,0,6,4,0,10,0,0,44,0,44,0,6,48,0,54,12,0,12,66
07/13/2010,JVL,WI,AGL,CE,Federal Contract Tower,0,6,17,0,23,0,0,64,0,64,0,6,81,0,87,226,0,226,313
07/14/2010,JVL,WI,AGL,CE,Federal Contract Tower,0,9,9,0,18,0,0,70,0,70,0,9,79,0,88,58,0,58,146
07/15/2010,JVL,WI,AGL,CE,Federal Contract Tower,0,3,12,1,16,0,3,68,0,71,0,6,80,1,87,210,2,212,299
07/16/2010,JVL,WI,AGL,CE,Federal Contract Tower,0,19,10,0,29,0,7,106,0,113,0,26,116,0,142,94,0,94,236
07/17/2010,JVL,WI,AGL,CE,Federal Contract Tower,0,5,9,0,14,0,0,123,0,123,0,5,132,0,137,60,0,60,197
07/18/2010,JVL,WI,AGL,CE,Federal Contract Tower,0,4,6,0,10,0,0,60,0,60,0,4,66,0,70,40,0,40,110
07/19/2010,JVL,WI,AGL,CE,Federal Contract Tower,0,13,10,0,23,0,0,83,0,83,0,13,93,0,106,152,0,152,258
07/20/2010,JVL,WI,AGL,CE,Federal Contract Tower,0,5,7,0,12,0,2,29,0,31,0,7,36,0,43,32,0,32,75
07/21/2010,JVL,WI,AGL,CE,Federal Contract Tower,0,6,13,0,19,0,1,105,0,106,0,7,118,0,125,106,0,106,231
07/22/2010,JVL,WI,AGL,CE,Federal Contract Tower,1,6,7,0,14,0,1,26,0,27,1,7,33,0,41,12,0,12,53
07/23/2010,JVL,WI,AGL,CE,Federal Contract Tower,0,12,5,0,17,0,0,92,0,92,0,12,97,0,109,58,0,58,167
07/24/2010,JVL,WI,AGL,CE,Federal Contract Tower,0,6,14,0,20,0,0,108,0,108,0,6,122,0,128,42,0,42,170
07/25/2010,JVL,WI,AGL,CE,Federal Contract Tower,0,6,17,0,23,0,0,192,0,192,0,6,209,0,215,162,0,162,377
07/26/2010,JVL,WI,AGL,CE,Federal Contract Tower,0,6,5,0,11,0,0,88,0,88,0,6,93,0,99,162,12,174,273
07/27/2010,JVL,WI,AGL,CE,Federal Contract Tower,0,4,12,0,16,0,0,129,0,129,0,4,141,0,145,186,0,186,331
07/28/2010,JVL,WI,AGL,CE,Federal Contract Tower,0,14,7,0,21,0,0,70,0,70,0,14,77,0,91,118,0,118,209
07/29/2010,JVL,WI,AGL,CE,Federal Contract Tower,0,11,18,0,29,0,0,135,0,135,0,11,153,0,164,122,0,122,286
07/30/2010,JVL,WI,AGL,CE,Federal Contract Tower,0,11,6,0,17,0,2,85,0,87,0,13,91,0,104,44,0,44,148
07/31/2010,JVL,WI,AGL,CE,Federal Contract Tower,0,0,18,0,18,0,0,36,0,36,0,0,54,0,54,8,0,8,62
08/01/2010,JVL,WI,AGL,CE,Federal Contract Tower,0,5,20,0,25,0,1,135,0,136,0,6,155,0,161,74,0,74,235
08/02/2010,JVL,WI,AGL,CE,Federal Contract Tower,0,11,8,0,19,0,0,61,0,61,0,11,69,0,80,26,0,26,106
08/03/2010,JVL,WI,AGL,CE,Federal Contract Tower,3,12,6,0,21,0,0,14,0,14,3,12,20,0,35,174,0,174,209
08/04/2010,JVL,WI,AGL,CE,Federal Contract Tower,0,13,7,0,20,0,1,22,0,23,0,14,29,0,43,22,0,22,65
08/05/2010,JVL,WI,AGL,CE,Federal Contract Tower,0,11,12,2,25,0,0,79,6,85,0,11,91,8,110,44,0,44,154
08/06/2010,JVL,WI,AGL,CE,Federal Contract Tower,0,14,4,2,20,0,2,96,0,98,0,16,100,2,118,100,2,102,220
08/07/2010,JVL,WI,AGL,CE,Federal Contract Tower,0,6,7,0,13,0,3,113,0,116,0,9,120,0,129,98,0,98,227
08/08/2010,JVL,WI,AGL,CE,Federal Contract Tower,0,3,4,0,7,0,1,21,0,22,0,4,25,0,29,34,0,34,63
08/09/2010,JVL,WI,AGL,CE,Federal Contract Tower,0,11,8,0,19,0,1,41,0,42,0,12,49,0,61,42,0,42,103
08/10/2010,JVL,WI,AGL,CE,Federal Contract Tower,0,5,10,0,15,0,0,65,0,65,0,5,75,0,80,92,0,92,172
08/11/2010,JVL,WI,AGL,CE,Federal Contract Tower,0,3,11,0,14,0,1,88,0,89,0,4,99,0,103,94,0,94,197
08/12/2010,JVL,WI,AGL,CE,Federal Contract Tower,0,7,14,2,23,0,0,84,0,84,0,7,98,2,107,48,2,50,157
08/13/2010,JVL,WI,AGL,CE,Federal Contract Tower,0,13,2,0,15,0,0,24,0,24,0,13,26,0,39,16,0,16,55
08/14/2010,JVL,WI,AGL,CE,Federal Contract Tower,0,7,16,0,23,0,0,86,0,86,0,7,102,0,109,120,0,120,229
08/15/2010,JVL,WI,AGL,CE,Federal Contract Tower,0,2,13,0,15,0,0,188,0,188,0,2,201,0,203,72,0,72,275
08/16/2010,JVL,WI,AGL,CE,Federal Contract Tower,0,9,9,0,18,0,1,83,0,84,0,10,92,0,102,78,0,78,180
08/17/2010,JVL,WI,AGL,CE,Federal Contract Tower,0,6,11,0,17,0,0,95,0,95,0,6,106,0,112,110,0,110,222
08/18/2010,JVL,WI,AGL,CE,Federal Contract Tower,0,16,7,0,23,0,2,101,0,103,0,18,108,0,126,88,0,88,214
08/19/2010,JVL,WI,AGL,CE,Federal Contract Tower,0,11,8,0,19,0,0,107,0,107,0,11,115,0,126,92,0,92,218
08/20/2010,JVL,WI,AGL,CE,Federal Contract Tower,0,8,3,0,11,0,1,49,0,50,0,9,52,0,61,68,0,68,129
08/21/2010,JVL,WI,AGL,CE,Federal Contract Tower,0,6,13,0,19,0,2,27,0,29,0,8,40,0,48,2,0,2,50
08/22/2010,JVL,WI,AGL,CE,Federal Contract Tower,0,7,16,2,25,0,0,92,0,92,0,7,108,2,117,40,0,40,157
08/23/2010,JVL,WI,AGL,CE,Federal Contract Tower,0,4,8,0,12,0,2,73,0,75,0,6,81,0,87,46,0,46,133
08/24/2010,JVL,WI,AGL,CE,Federal Contract Tower,0,11,14,0,25,0,0,76,2,78,0,11,90,2,103,84,6,90,193
08/25/2010,JVL,WI,AGL,CE,Federal Contract Tower,0,8,9,0,17,0,0,63,0,63,0,8,72,0,80,56,0,56,136
08/26/2010,JVL,WI,AGL,CE,Federal Contract Tower,0,5,12,2,19,0,0,103,0,103,0,5,115,2,122,166,0,166,288
08/27/2010,JVL,WI,AGL,CE,Federal Contract Tower,1,7,8,0,16,0,0,96,0,96,1,7,104,0,112,76,0,76,188
08/28/2010,JVL,WI,AGL,CE,Federal Contract Tower,0,1,10,0,11,0,0,146,0,146,0,1,156,0,157,70,0,70,227
08/29/2010,JVL,WI,AGL,CE,Federal Contract Tower,0,3,5,0,8,0,0,133,0,133,0,3,138,0,141,54,0,54,195
08/30/2010,JVL,WI,AGL,CE,Federal Contract Tower,0,10,5,1,16,0,0,50,0,50,0,10,55,1,66,52,0,52,118
08/31/2010,JVL,WI,AGL,CE,Federal Contract Tower,0,8,14,0,22,0,0,24,0,24,0,8,38,0,46,40,0,40,86
09/01/2010,JVL,WI,AGL,CE,Federal Contract Tower,0,11,7,0,18,0,0,34,0,34,0,11,41,0,52,158,0,158,210
09/02/2010,JVL,WI,AGL,CE,Federal Contract Tower,1,6,6,0,13,0,0,5,0,5,1,6,11,0,18,6,0,6,24
09/03/2010,JVL,WI,AGL,CE,Federal Contract Tower,0,11,0,0,11,0,3,11,0,14,0,14,11,0,25,30,0,30,55
09/04/2010,JVL,WI,AGL,CE,Federal Contract Tower,0,4,12,0,16,0,1,85,0,86,0,5,97,0,102,20,0,20,122
09/05/2010,JVL,WI,AGL,CE,Federal Contract Tower,0,4,3,0,7,0,0,134,0,134,0,4,137,0,141,66,0,66,207
09/06/2010,JVL,WI,AGL,CE,Federal Contract Tower,0,3,6,0,9,0,5,39,0,44,0,8,45,0,53,46,0,46,99
09/07/2010,JVL,WI,AGL,CE,Federal Contract Tower,0,12,3,0,15,0,0,7,4,11,0,12,10,4,26,8,8,16,42
09/08/2010,JVL,WI,AGL,CE,Federal Contract Tower,1,9,7,0,17,0,0,108,0,108,1,9,115,0,125,198,0,198,323
09/09/2010,JVL,WI,AGL,CE,Federal Contract Tower,0,5,6,0,11,0,0,93,0,93,0,5,99,0,104,68,0,68,172
09/10/2010,JVL,WI,AGL,CE,Federal Contract Tower,0,5,11,0,16,0,5,117,0,122,0,10,128,0,138,96,0,96,234
09/11/2010,JVL,WI,AGL,CE,Federal Contract Tower,0,3,5,0,8,0,0,12,0,12,0,3,17,0,20,0,0,0,20
09/12/2010,JVL,WI,AGL,CE,Federal Contract Tower,0,4,17,1,22,0,4,178,0,182,0,8,195,1,204,32,0,32,236
09/13/2010,JVL,WI,AGL,CE,Federal Contract Tower,0,5,11,0,16,0,0,83,0,83,0,5,94,0,99,92,0,92,191
09/14/2010,JVL,WI,AGL,CE,Federal Contract Tower,2,6,9,0,17,0,1,56,0,57,2,7,65,0,74,62,0,62,136
09/15/2010,JVL,WI,AGL,CE,Federal Contract Tower,0,4,7,0,11,0,0,74,0,74,0,4,81,0,85,122,0,122,207
09/16/2010,JVL,WI,AGL,CE,Federal Contract Tower,0,2,11,0,13,0,0,18,0,18,0,2,29,0,31,18,0,18,49
09/17/2010,JVL,WI,AGL,CE,Federal Contract Tower,0,12,4,0,16,0,1,104,0,105,0,13,108,0,121,90,0,90,211
09/18/2010,JVL,WI,AGL,CE,Federal Contract Tower,0,2,9,0,11,0,0,20,0,20,0,2,29,0,31,38,0,38,69
09/19/2010,JVL,WI,AGL,CE,Federal Contract Tower,0,6,8,0,14,0,2,60,0,62,0,8,68,0,76,54,0,54,130
09/20/2010,JVL,WI,AGL,CE,Federal Contract Tower,0,6,5,0,11,0,0,23,0,23,0,6,28,0,34,22,0,22,56
09/21/2010,JVL,WI,AGL,CE,Federal Contract Tower,0,4,2,0,6,0,0,23,0,23,0,4,25,0,29,4,0,4,33
09/22/2010,JVL,WI,AGL,CE,Federal Contract Tower,0,7,10,1,18,0,0,46,0,46,0,7,56,1,64,64,0,64,128
09/23/2010,JVL,WI,AGL,CE,Federal Contract Tower,0,6,9,0,15,0,0,41,0,41,0,6,50,0,56,14,0,14,70
09/24/2010,JVL,WI,AGL,CE,Federal Contract Tower,0,7,6,0,13,0,3,19,0,22,0,10,25,0,35,14,0,14,49
09/25/2010,JVL,WI,AGL,CE,Federal Contract Tower,0,2,34,0,36,0,0,106,0,106,0,2,140,0,142,86,0,86,228
09/26/2010,JVL,WI,AGL,CE,Federal Contract Tower,0,2,10,0,12,0,5,152,0,157,0,7,162,0,169,112,0,112,281
09/27/2010,JVL,WI,AGL,CE,Federal Contract Tower,0,13,4,0,17,0,7,112,0,119,0,20,116,0,136,134,0,134,270
09/28/2010,JVL,WI,AGL,CE,Federal Contract Tower,0,20,6,0,26,0,0,70,0,70,0,20,76,0,96,74,0,74,170
09/29/2010,JVL,WI,AGL,CE,Federal Contract Tower,0,9,6,0,15,0,0,97,0,97,0,9,103,0,112,74,0,74,186
09/30/2010,JVL,WI,AGL,CE,Federal Contract Tower,0,9,15,0,24,0,1,77,0,78,0,10,92,0,102,46,0,46,148
10/01/2010,JVL,WI,AGL,CE,Federal Contract Tower,3,10,12,0,25,0,1,102,0,103,3,11,114,0,128,90,0,90,218
10/02/2010,JVL,WI,AGL,CE,Federal Contract Tower,0,2,17,0,19,0,0,88,0,88,0,2,105,0,107,34,0,34,141
10/03/2010,JVL,WI,AGL,CE,Federal Contract Tower,0,10,12,0,22,0,2,166,0,168,0,12,178,0,190,74,0,74,264
10/04/2010,JVL,WI,AGL,CE,Federal Contract Tower,0,8,8,0,16,0,0,55,0,55,0,8,63,0,71,126,0,126,197
10/05/2010,JVL,WI,AGL,CE,Federal Contract Tower,0,8,8,0,16,0,4,158,0,162,0,12,166,0,178,196,0,196,374
10/06/2010,JVL,WI,AGL,CE,Federal Contract Tower,0,4,7,0,11,0,1,117,0,118,0,5,124,0,129,106,0,106,235
10/07/2010,JVL,WI,AGL,CE,Federal Contract Tower,0,10,11,0,21,0,2,72,0,74,0,12,83,0,95,6,0,6,101
10/08/2010,JVL,WI,AGL,CE,Federal Contract Tower,0,13,11,0,24,0,0,4,0,4,0,13,15,0,28,130,0,130,158
10/09/2010,JVL,WI,AGL,CE,Federal Contract Tower,0,0,11,0,11,0,0,119,0,119,0,0,130,0,130,64,0,64,194
10/10/2010,JVL,WI,AGL,CE,Federal Contract Tower,0,2,9,0,11,0,7,126,0,133,0,9,135,0,144,48,0,48,192
10/11/2010,JVL,WI,AGL,CE,Federal Contract Tower,0,10,3,0,13,0,1,74,0,75,0,11,77,0,88,114,0,114,202
10/12/2010,JVL,WI,AGL,CE,Federal Contract Tower,0,5,6,0,11,0,1,87,0,88,0,6,93,0,99,158,0,158,257
10/13/2010,JVL,WI,AGL,CE,Federal Contract Tower,0,6,2,0,8,0,0,50,0,50,0,6,52,0,58,98,0,98,156
10/14/2010,JVL,WI,AGL,CE,Federal Contract Tower,0,4,13,0,17,0,0,66,0,66,0,4,79,0,83,74,0,74,157
10/15/2010,JVL,WI,AGL,CE,Federal Contract Tower,0,10,4,0,14,0,3,78,0,81,0,13,82,0,95,30,0,30,125
10/16/2010,JVL,WI,AGL,CE,Federal Contract Tower,0,2,6,0,8,0,0,109,0,109,0,2,115,0,117,74,0,74,191
10/17/2010,JVL,WI,AGL,CE,Federal Contract Tower,0,4,5,0,9,0,4,134,0,138,0,8,139,0,147,118,0,118,265
10/18/2010,JVL,WI,AGL,CE,Federal Contract Tower,0,2,10,0,12,0,5,46,0,51,0,7,56,0,63,74,0,74,137
10/19/2010,JVL,WI,AGL,CE,Federal Contract Tower,1,1,2,0,4,0,0,60,0,60,1,1,62,0,64,102,0,102,166
10/20/2010,JVL,WI,AGL,CE,Federal Contract Tower,0,11,7,0,18,0,0,50,0,50,0,11,57,0,68,6,0,6,74
10/21/2010,JVL,WI,AGL,CE,Federal Contract Tower,0,6,6,0,12,0,1,64,0,65,0,7,70,0,77,110,0,110,187
10/22/2010,JVL,WI,AGL,CE,Federal Contract Tower,0,7,6,0,13,0,5,97,0,102,0,12,103,0,115,92,0,92,207
10/23/2010,JVL,WI,AGL,CE,Federal Contract Tower,0,3,7,0,10,0,0,7,0,7,0,3,14,0,17,0,0,0,17
10/24/2010,JVL,WI,AGL,CE,Federal Contract Tower,0,12,15,0,27,0,1,16,0,17,0,13,31,0,44,0,0,0,44
10/25/2010,JVL,WI,AGL,CE,Federal Contract Tower,3,9,7,0,19,0,2,53,0,55,3,11,60,0,74,102,0,102,176
10/26/2010,JVL,WI,AGL,CE,Federal Contract Tower,0,4,1,0,5,0,0,0,0,0,0,4,1,0,5,0,0,0,5
10/27/2010,JVL,WI,AGL,CE,Federal Contract Tower,0,16,0,0,16,0,5,0,0,5,0,21,0,0,21,0,0,0,21
10/28/2010,JVL,WI,AGL,CE,Federal Contract Tower,0,12,3,0,15,0,0,24,0,24,0,12,27,0,39,36,0,36,75
10/29/2010,JVL,WI,AGL,CE,Federal Contract Tower,0,6,25,3,34,0,0,94,0,94,0,6,119,3,128,46,0,46,174
10/30/2010,JVL,WI,AGL,CE,Federal Contract Tower,0,0,14,0,14,0,2,114,0,116,0,2,128,0,130,36,0,36,166
10/31/2010,JVL,WI,AGL,CE,Federal Contract Tower,0,3,11,0,14,0,8,238,0,246,0,11,249,0,260,122,0,122,382
11/01/2010,JVL,WI,AGL,CE,Federal Contract Tower,0,8,0,0,8,0,0,100,0,100,0,8,100,0,108,80,0,80,188
11/02/2010,JVL,WI,AGL,CE,Federal Contract Tower,0,5,4,0,9,0,0,80,0,80,0,5,84,0,89,52,0,52,141
11/03/2010,JVL,WI,AGL,CE,Federal Contract Tower,0,3,6,0,9,0,1,74,0,75,0,4,80,0,84,10,0,10,94
11/04/2010,JVL,WI,AGL,CE,Federal Contract Tower,0,2,6,0,8,0,0,28,0,28,0,2,34,0,36,16,0,16,52
11/05/2010,JVL,WI,AGL,CE,Federal Contract Tower,0,5,2,0,7,0,5,70,0,75,0,10,72,0,82,46,0,46,128
11/06/2010,JVL,WI,AGL,CE,Federal Contract Tower,0,2,15,0,17,0,0,173,0,173,0,2,188,0,190,150,0,150,340
11/07/2010,JVL,WI,AGL,CE,Federal Contract Tower,0,10,5,0,15,0,11,174,0,185,0,21,179,0,200,148,0,148,348
11/08/2010,JVL,WI,AGL,CE,Federal Contract Tower,0,6,11,1,18,0,0,69,1,70,0,6,80,2,88,136,2,138,226
11/09/2010,JVL,WI,AGL,CE,Federal Contract Tower,0,11,14,0,25,0,0,138,0,138,0,11,152,0,163,88,0,88,251
11/10/2010,JVL,WI,AGL,CE,Federal Contract Tower,0,5,8,0,13,0,0,41,0,41,0,5,49,0,54,6,0,6,60
11/11/2010,JVL,WI,AGL,CE,Federal Contract Tower,0,7,6,0,13,0,0,50,0,50,0,7,56,0,63,34,0,34,97
11/12/2010,JVL,WI,AGL,CE,Federal Contract Tower,0,6,6,0,12,0,5,49,0,54,0,11,55,0,66,40,0,40,106
11/13/2010,JVL,WI,AGL,CE,Federal Contract Tower,0,2,19,0,21,0,0,6,0,6,0,2,25,0,27,8,0,8,35
11/14/2010,JVL,WI,AGL,CE,Federal Contract Tower,0,10,8,0,18,0,1,17,0,18,0,11,25,0,36,4,0,4,40
11/15/2010,JVL,WI,AGL,CE,Federal Contract Tower,0,2,6,0,8,0,4,38,0,42,0,6,44,0,50,54,0,54,104
11/16/2010,JVL,WI,AGL,CE,Federal Contract Tower,2,2,5,0,9,0,1,85,0,86,2,3,90,0,95,88,0,88,183
11/17/2010,JVL,WI,AGL,CE,Federal Contract Tower,0,4,8,0,12,0,0,9,0,9,0,4,17,0,21,8,0,8,29
11/18/2010,JVL,WI,AGL,CE,Federal Contract Tower,0,12,12,0,24,0,0,72,0,72,0,12,84,0,96,86,0,86,182
11/19/2010,JVL,WI,AGL,CE,Federal Contract Tower,0,9,5,0,14,0,2,45,0,47,0,11,50,0,61,56,0,56,117
11/20/2010,JVL,WI,AGL,CE,Federal Contract Tower,0,4,11,0,15,0,0,148,0,148,0,4,159,0,163,88,0,88,251
11/21/2010,JVL,WI,AGL,CE,Federal Contract Tower,0,7,14,0,21,0,0,5,0,5,0,7,19,0,26,0,0,0,26
11/22/2010,JVL,WI,AGL,CE,Federal Contract Tower,1,3,11,0,15,0,0,0,0,0,1,3,11,0,15,0,0,0,15
11/23/2010,JVL,WI,AGL,CE,Federal Contract Tower,0,10,17,0,27,0,1,81,0,82,0,11,98,0,109,60,0,60,169
11/24/2010,JVL,WI,AGL,CE,Federal Contract Tower,0,12,0,0,12,0,4,0,0,4,0,16,0,0,16,0,0,0,16
11/25/2010,JVL,WI,AGL,CE,Federal Contract Tower,0,0,0,0,0,0,0,2,0,2,0,0,2,0,2,6,0,6,8
11/26/2010,JVL,WI,AGL,CE,Federal Contract Tower,1,6,0,0,7,0,0,53,0,53,1,6,53,0,60,18,0,18,78
11/27/2010,JVL,WI,AGL,CE,Federal Contract Tower,0,2,10,0,12,0,0,200,0,200,0,2,210,0,212,58,0,58,270
11/28/2010,JVL,WI,AGL,CE,Federal Contract Tower,0,8,10,0,18,0,4,119,0,123,0,12,129,0,141,58,0,58,199
11/29/2010,JVL,WI,AGL,CE,Federal Contract Tower,0,1,2,0,3,0,0,16,2,18,0,1,18,2,21,14,6,20,41
11/30/2010,JVL,WI,AGL,CE,Federal Contract Tower,1,4,4,0,9,0,0,0,0,0,1,4,4,0,9,0,0,0,9
12/01/2010,JVL,WI,AGL,CE,Federal Contract Tower,0,4,1,0,5,0,0,4,0,4,0,4,5,0,9,4,0,4,13
12/02/2010,JVL,WI,AGL,CE,Federal Contract Tower,0,10,5,2,17,0,0,62,0,62,0,10,67,2,79,54,0,54,133
12/03/2010,JVL,WI,AGL,CE,Federal Contract Tower,0,9,14,0,23,0,2,66,0,68,0,11,80,0,91,84,0,84,175
12/04/2010,JVL,WI,AGL,CE,Federal Contract Tower,0,0,3,0,3,0,0,0,0,0,0,0,3,0,3,0,0,0,3
12/05/2010,JVL,WI,AGL,CE,Federal Contract Tower,0,3,9,0,12,0,0,0,0,0,0,3,9,0,12,8,0,8,20
12/06/2010,JVL,WI,AGL,CE,Federal Contract Tower,0,6,10,0,16,0,0,24,0,24,0,6,34,0,40,18,0,18,58
12/07/2010,JVL,WI,AGL,CE,Federal Contract Tower,0,15,2,0,17,0,0,37,0,37,0,15,39,0,54,80,0,80,134
12/08/2010,JVL,WI,AGL,CE,Federal Contract Tower,0,5,8,0,13,0,2,49,0,51,0,7,57,0,64,80,0,80,144
12/09/2010,JVL,WI,AGL,CE,Federal Contract Tower,0,6,7,0,13,0,0,25,0,25,0,6,32,0,38,18,0,18,56
12/10/2010,JVL,WI,AGL,CE,Federal Contract Tower,0,12,0,0,12,0,2,31,0,33,0,14,31,0,45,32,0,32,77
12/11/2010,JVL,WI,AGL,CE,Federal Contract Tower,0,4,0,0,4,0,0,0,0,0,0,4,0,0,4,0,0,0,4
12/12/2010,JVL,WI,AGL,CE,Federal Contract Tower,3,0,0,0,3,0,0,0,0,0,3,0,0,0,3,0,0,0,3
12/13/2010,JVL,WI,AGL,CE,Federal Contract Tower,0,16,5,0,21,0,6,12,0,18,0,22,17,0,39,4,0,4,43
12/14/2010,JVL,WI,AGL,CE,Federal Contract Tower,0,5,5,0,10,0,0,18,0,18,0,5,23,0,28,0,0,0,28
12/15/2010,JVL,WI,AGL,CE,Federal Contract Tower,0,9,8,0,17,0,0,45,0,45,0,9,53,0,62,28,0,28,90
12/16/2010,JVL,WI,AGL,CE,Federal Contract Tower,0,9,3,0,12,0,0,30,0,30,0,9,33,0,42,38,0,38,80
12/17/2010,JVL,WI,AGL,CE,Federal Contract Tower,0,12,6,0,18,0,4,56,0,60,0,16,62,0,78,36,0,36,114
12/18/2010,JVL,WI,AGL,CE,Federal Contract Tower,0,2,15,0,17,0,3,81,0,84,0,5,96,0,101,58,0,58,159
12/19/2010,JVL,WI,AGL,CE,Federal Contract Tower,0,1,5,0,6,0,0,117,0,117,0,1,122,0,123,46,0,46,169
12/20/2010,JVL,WI,AGL,CE,Federal Contract Tower,0,5,10,0,15,0,0,19,0,19,0,5,29,0,34,18,0,18,52
12/21/2010,JVL,WI,AGL,CE,Federal Contract Tower,0,15,1,0,16,0,0,0,0,0,0,15,1,0,16,0,0,0,16
12/22/2010,JVL,WI,AGL,CE,Federal Contract Tower,0,4,1,0,5,0,2,5,0,7,0,6,6,0,12,20,0,20,32
12/23/2010,JVL,WI,AGL,CE,Federal Contract Tower,1,4,3,0,8,0,0,30,0,30,1,4,33,0,38,46,0,46,84
12/24/2010,JVL,WI,AGL,CE,Federal Contract Tower,0,2,0,0,2,0,0,0,0,0,0,2,0,0,2,0,0,0,2
12/25/2010,JVL,WI,AGL,CE,Federal Contract Tower,0,0,0,0,0,0,0,2,0,2,0,0,2,0,2,0,0,0,2
12/26/2010,JVL,WI,AGL,CE,Federal Contract Tower,0,5,5,0,10,0,0,19,0,19,0,5,24,0,29,0,0,0,29
12/27/2010,JVL,WI,AGL,CE,Federal Contract Tower,0,12,6,0,18,0,0,7,0,7,0,12,13,0,25,4,0,4,29
12/28/2010,JVL,WI,AGL,CE,Federal Contract Tower,0,10,5,0,15,0,0,63,0,63,0,10,68,0,78,146,0,146,224
12/29/2010,JVL,WI,AGL,CE,Federal Contract Tower,0,4,10,0,14,0,2,68,0,70,0,6,78,0,84,138,0,138,222
12/30/2010,JVL,WI,AGL,CE,Federal Contract Tower,0,5,0,0,5,0,0,0,0,0,0,5,0,0,5,0,0,0,5
12/31/2010,JVL,WI,AGL,CE,Federal Contract Tower,0,2,4,0,6,0,0,0,0,0,0,2,4,0,6,0,0,0,6
01/01/2011,JVL,WI,AGL,CE,Federal Contract Tower,0,5,2,0,7,0,0,8,0,8,0,5,10,0,15,0,0,0,15
01/02/2011,JVL,WI,AGL,CE,Federal Contract Tower,0,8,7,0,15,0,7,105,0,112,0,15,112,0,127,76,0,76,203
01/03/2011,JVL,WI,AGL,CE,Federal Contract Tower,0,13,4,0,17,0,0,61,0,61,0,13,65,0,78,4,0,4,82
01/04/2011,JVL,WI,AGL,CE,Federal Contract Tower,0,5,10,0,15,0,0,60,0,60,0,5,70,0,75,80,0,80,155
01/05/2011,JVL,WI,AGL,CE,Federal Contract Tower,0,8,1,0,9,0,0,25,0,25,0,8,26,0,34,50,0,50,84
01/06/2011,JVL,WI,AGL,CE,Federal Contract Tower,0,6,5,0,11,0,1,20,0,21,0,7,25,0,32,8,0,8,40
01/07/2011,JVL,WI,AGL,CE,Federal Contract Tower,0,9,0,0,9,0,0,27,0,27,0,9,27,0,36,50,0,50,86
01/08/2011,JVL,WI,AGL,CE,Federal Contract Tower,0,2,2,0,4,0,0,58,0,58,0,2,60,0,62,58,0,58,120
01/09/2011,JVL,WI,AGL,CE,Federal Contract Tower,0,5,14,0,19,0,6,127,0,133,0,11,141,0,152,84,0,84,236
01/10/2011,JVL,WI,AGL,CE,Federal Contract Tower,0,6,11,0,17,0,0,42,0,42,0,6,53,0,59,12,0,12,71
01/11/2011,JVL,WI,AGL,CE,Federal Contract Tower,0,5,0,0,5,0,0,0,0,0,0,5,0,0,5,0,0,0,5
01/12/2011,JVL,WI,AGL,CE,Federal Contract Tower,0,7,14,0,21,0,0,24,0,24,0,7,38,0,45,24,0,24,69
01/13/2011,JVL,WI,AGL,CE,Federal Contract Tower,0,2,9,0,11,0,1,28,0,29,0,3,37,0,40,0,0,0,40
01/14/2011,JVL,WI,AGL,CE,Federal Contract Tower,1,10,3,0,14,0,2,44,0,46,1,12,47,0,60,74,0,74,134
01/15/2011,JVL,WI,AGL,CE,Federal Contract Tower,0,0,5,0,5,0,0,50,0,50,0,0,55,0,55,1,0,1,56
01/16/2011,JVL,WI,AGL,CE,Federal Contract Tower,0,1,16,0,17,0,0,154,0,154,0,1,170,0,171,74,0,74,245
01/17/2011,JVL,WI,AGL,CE,Federal Contract Tower,0,17,0,0,17,0,0,0,0,0,0,17,0,0,17,0,0,0,17
01/18/2011,JVL,WI,AGL,CE,Federal Contract Tower,0,8,0,0,8,0,0,3,0,3,0,8,3,0,11,2,0,2,13
01/19/2011,JVL,WI,AGL,CE,Federal Contract Tower,0,8,8,0,16,0,0,32,0,32,0,8,40,0,48,50,0,50,98
01/20/2011,JVL,WI,AGL,CE,Federal Contract Tower,0,10,4,0,14,0,0,23,0,23,0,10,27,0,37,12,0,12,49
01/21/2011,JVL,WI,AGL,CE,Federal Contract Tower,0,6,7,0,13,0,3,33,0,36,0,9,40,0,49,4,0,4,53
01/22/2011,JVL,WI,AGL,CE,Federal Contract Tower,0,3,5,0,8,0,1,40,0,41,0,4,45,0,49,42,0,42,91
01/23/2011,JVL,WI,AGL,CE,Federal Contract Tower,0,2,4,0,6,0,6,42,0,48,0,8,46,0,54,8,0,8,62
01/24/2011,JVL,WI,AGL,CE,Federal Contract Tower,0,11,2,0,13,0,0,0,0,0,0,11,2,0,13,0,0,0,13
01/25/2011,JVL,WI,AGL,CE,Federal Contract Tower,0,4,3,0,7,0,0,0,0,0,0,4,3,0,7,0,0,0,7
01/26/2011,JVL,WI,AGL,CE,Federal Contract Tower,0,6,4,0,10,0,0,21,0,21,0,6,25,0,31,22,0,22,53
01/27/2011,JVL,WI,AGL,CE,Federal Contract Tower,0,7,1,0,8,0,0,0,0,0,0,7,1,0,8,0,0,0,8
01/28/2011,JVL,WI,AGL,CE,Federal Contract Tower,0,14,4,0,18,0,2,13,0,15,0,16,17,0,33,8,0,8,41
01/29/2011,JVL,WI,AGL,CE,Federal Contract Tower,0,2,12,0,14,0,0,22,0,22,0,2,34,0,36,10,0,10,46
01/30/2011,JVL,WI,AGL,CE,Federal Contract Tower,0,2,13,0,15,0,4,73,0,77,0,6,86,0,92,70,0,70,162
01/31/2011,JVL,WI,AGL,CE,Federal Contract Tower,0,11,1,0,12,0,0,2,0,2,0,11,3,0,14,0,0,0,14
02/01/2011,JVL,WI,AGL,CE,Federal Contract Tower,1,5,0,0,6,0,0,0,0,0,1,5,0,0,6,0,0,0,6
02/02/2011,JVL,WI,AGL,CE,Federal Contract Tower,0,2,0,0,2,0,0,1,0,1,0,2,1,0,3,2,0,2,5
02/03/2011,JVL,WI,AGL,CE,Federal Contract Tower,0,9,3,0,12,0,2,14,2,18,0,11,17,2,30,4,0,4,34
02/04/2011,JVL,WI,AGL,CE,Federal Contract Tower,0,13,4,0,17,0,3,38,0,41,0,16,42,0,58,20,0,20,78
02/05/2011,JVL,WI,AGL,CE,Federal Contract Tower,0,3,10,0,13,0,0,101,0,101,0,3,111,0,114,48,0,48,162
02/06/2011,JVL,WI,AGL,CE,Federal Contract Tower,0,9,2,0,11,0,2,1,0,3,0,11,3,0,14,0,0,0,14
02/07/2011,JVL,WI,AGL,CE,Federal Contract Tower,0,10,4,0,14,0,0,15,0,15,0,10,19,0,29,16,0,16,45
02/08/2011,JVL,WI,AGL,CE,Federal Contract Tower,1,10,2,0,13,0,1,48,0,49,1,11,50,0,62,122,0,122,184
02/09/2011,JVL,WI,AGL,CE,Federal Contract Tower,0,8,12,0,20,0,0,43,0,43,0,8,55,0,63,78,0,78,141
02/10/2011,JVL,WI,AGL,CE,Federal Contract Tower,0,3,3,0,6,0,0,31,2,33,0,3,34,2,39,38,0,38,77
02/11/2011,JVL,WI,AGL,CE,Federal Contract Tower,0,9,2,0,11,0,2,11,0,13,0,11,13,0,24,22,0,22,46
02/12/2011,JVL,WI,AGL,CE,Federal Contract Tower,0,1,17,0,18,0,0,108,0,108,0,1,125,0,126,32,0,32,158
02/13/2011,JVL,WI,AGL,CE,Federal Contract Tower,0,2,10,0,12,0,4,128,0,132,0,6,138,0,144,48,0,48,192
02/14/2011,JVL,WI,AGL,CE,Federal Contract Tower,0,3,3,0,6,0,0,78,0,78,0,3,81,0,84,120,0,120,204
02/15/2011,JVL,WI,AGL,CE,Federal Contract Tower,1,3,3,0,7,0,1,45,0,46,1,4,48,0,53,68,0,68,121
02/16/2011,JVL,WI,AGL,CE,Federal Contract Tower,0,8,9,0,17,0,0,5,0,5,0,8,14,0,22,0,0,0,22
02/17/2011,JVL,WI,AGL,CE,Federal Contract Tower,0,4,2,0,6,0,0,4,0,4,0,4,6,0,10,0,0,0,10
02/18/2011,JVL,WI,AGL,CE,Federal Contract Tower,0,12,3,0,15,0,5,20,0,25,0,17,23,0,40,0,0,0,40
02/19/2011,JVL,WI,AGL,CE,Federal Contract Tower,0,3,19,0,22,0,0,194,0,194,0,3,213,0,216,106,0,106,322
02/20/2011,JVL,WI,AGL,CE,Federal Contract Tower,0,1,1,0,2,0,0,0,0,0,0,1,1,0,2,0,0,0,2
02/21/2011,JVL,WI,AGL,CE,Federal Contract Tower,0,17,0,0,17,0,0,0,0,0,0,17,0,0,17,0,0,0,17
02/22/2011,JVL,WI,AGL,CE,Federal Contract Tower,1,13,0,0,14,0,0,37,0,37,1,13,37,0,51,78,0,78,129
02/23/2011,JVL,WI,AGL,CE,Federal Contract Tower,0,9,3,2,14,0,0,1,0,1,0,9,4,2,15,0,0,0,15
02/24/2011,JVL,WI,AGL,CE,Federal Contract Tower,0,9,2,0,11,0,0,17,0,17,0,9,19,0,28,54,0,54,82
02/25/2011,JVL,WI,AGL,CE,Federal Contract Tower,0,10,6,0,16,0,2,61,0,63,0,12,67,0,79,40,0,40,119
02/26/2011,JVL,WI,AGL,CE,Federal Contract Tower,0,8,8,0,16,0,0,1,0,1,0,8,9,0,17,0,0,0,17
02/27/2011,JVL,WI,AGL,CE,Federal Contract Tower,0,8,1,0,9,0,2,21,0,23,0,10,22,0,32,64,0,64,96
02/28/2011,JVL,WI,AGL,CE,Federal Contract Tower,0,3,5,0,8,0,3,11,2,16,0,6,16,2,24,16,4,20,44
03/01/2011,JVL,WI,AGL,CE,Federal Contract Tower,1,9,9,0,19,0,0,59,0,59,1,9,68,0,78,124,0,124,202
03/02/2011,JVL,WI,AGL,CE,Federal Contract Tower,0,8,7,0,15,0,0,104,0,104,0,8,111,0,119,78,0,78,197
03/03/2011,JVL,WI,AGL,CE,Federal Contract Tower,0,8,4,0,12,0,0,33,0,33,0,8,37,0,45,6,0,6,51
03/04/2011,JVL,WI,AGL,CE,Federal Contract Tower,0,12,4,0,16,0,0,7,0,7,0,12,11,0,23,0,0,0,23
03/05/2011,JVL,WI,AGL,CE,Federal Contract Tower,0,2,4,0,6,0,0,2,0,2,0,2,6,0,8,4,0,4,12
03/06/2011,JVL,WI,AGL,CE,Federal Contract Tower,0,4,18,0,22,0,5,153,0,158,0,9,171,0,180,134,0,134,314
03/07/2011,JVL,WI,AGL,CE,Federal Contract Tower,1,4,2,0,7,0,0,2,0,2,1,4,4,0,9,0,0,0,9
03/08/2011,JVL,WI,AGL,CE,Federal Contract Tower,1,14,5,0,20,0,0,53,0,53,1,14,58,0,73,104,0,104,177
03/09/2011,JVL,WI,AGL,CE,Federal Contract Tower,0,4,0,0,4,0,0,0,0,0,0,4,0,0,4,0,0,0,4
03/10/2011,JVL,WI,AGL,CE,Federal Contract Tower,0,7,0,0,7,0,6,69,0,75,0,13,69,0,82,58,0,58,140
03/11/2011,JVL,WI,AGL,CE,Federal Contract Tower,0,13,20,0,33,0,0,113,0,113,0,13,133,0,146,132,0,132,278
03/12/2011,JVL,WI,AGL,CE,Federal Contract Tower,0,3,2,0,5,0,0,9,0,9,0,3,11,0,14,24,0,24,38
03/13/2011,JVL,WI,AGL,CE,Federal Contract Tower,0,6,23,0,29,0,5,215,0,220,0,11,238,0,249,86,0,86,335
03/14/2011,JVL,WI,AGL,CE,Federal Contract Tower,0,5,11,0,16,0,1,105,0,106,0,6,116,0,122,128,0,128,250
03/15/2011,JVL,WI,AGL,CE,Federal Contract Tower,0,7,9,0,16,0,0,49,0,49,0,7,58,0,65,112,0,112,177
03/16/2011,JVL,WI,AGL,CE,Federal Contract Tower,0,6,12,0,18,0,0,110,0,110,0,6,122,0,128,50,0,50,178
03/17/2011,JVL,WI,AGL,CE,Federal Contract Tower,0,5,6,0,11,0,0,7,0,7,0,5,13,0,18,0,0,0,18
03/18/2011,JVL,WI,AGL,CE,Federal Contract Tower,0,16,11,0,27,0,3,51,0,54,0,19,62,0,81,76,0,76,157
03/19/2011,JVL,WI,AGL,CE,Federal Contract Tower,0,1,23,0,24,0,0,180,0,180,0,1,203,0,204,74,0,74,278
03/20/2011,JVL,WI,AGL,CE,Federal Contract Tower,0,5,0,0,5,0,0,0,0,0,0,5,0,0,5,0,0,0,5
03/21/2011,JVL,WI,AGL,CE,Federal Contract Tower,0,4,15,0,19,0,0,50,0,50,0,4,65,0,69,56,0,56,125
03/22/2011,JVL,WI,AGL,CE,Federal Contract Tower,0,3,0,0,3,0,0,0,0,0,0,3,0,0,3,0,0,0,3
03/23/2011,JVL,WI,AGL,CE,Federal Contract Tower,0,1,3,0,4,0,0,0,0,0,0,1,3,0,4,2,0,2,6
03/24/2011,JVL,WI,AGL,CE,Federal Contract Tower,0,11,5,0,16,0,2,54,0,56,0,13,59,0,72,80,0,80,152
03/25/2011,JVL,WI,AGL,CE,Federal Contract Tower,0,8,8,0,16,0,2,60,0,62,0,10,68,0,78,84,0,84,162
03/26/2011,JVL,WI,AGL,CE,Federal Contract Tower,0,4,13,0,17,0,0,47,0,47,0,4,60,0,64,52,0,52,116
03/27/2011,JVL,WI,AGL,CE,Federal Contract Tower,0,2,17,0,19,0,8,174,0,182,0,10,191,0,201,174,0,174,375
03/28/2011,JVL,WI,AGL,CE,Federal Contract Tower,0,15,4,0,19,0,2,54,0,56,0,17,58,0,75,72,0,72,147
03/29/2011,JVL,WI,AGL,CE,Federal Contract Tower,0,7,15,0,22,0,0,106,0,106,0,7,121,0,128,78,0,78,206
03/30/2011,JVL,WI,AGL,CE,Federal Contract Tower,0,10,6,0,16,0,2,97,0,99,0,12,103,0,115,26,0,26,141
03/31/2011,JVL,WI,AGL,CE,Federal Contract Tower,0,7,9,0,16,0,1,86,0,87,0,8,95,0,103,184,0,184,287
04/01/2011,JVL,WI,AGL,CE,Federal Contract Tower,0,12,3,0,15,0,1,7,0,8,0,13,10,0,23,0,0,0,23
04/02/2011,JVL,WI,AGL,CE,Federal Contract Tower,0,0,15,0,15,0,0,92,0,92,0,0,107,0,107,138,0,138,245
04/03/2011,JVL,WI,AGL,CE,Federal Contract Tower,0,4,2,0,6,0,5,11,0,16,0,9,13,0,22,0,0,0,22
04/04/2011,JVL,WI,AGL,CE,Federal Contract Tower,0,2,0,0,2,0,0,1,0,1,0,2,1,0,3,0,0,0,3
04/05/2011,JVL,WI,AGL,CE,Federal Contract Tower,0,6,4,0,10,0,0,100,0,100,0,6,104,0,110,120,0,120,230
04/06/2011,JVL,WI,AGL,CE,Federal Contract Tower,0,10,10,0,20,0,0,31,0,31,0,10,41,0,51,58,0,58,109
04/07/2011,JVL,WI,AGL,CE,Federal Contract Tower,0,7,15,0,22,0,0,35,0,35,0,7,50,0,57,106,0,106,163
04/08/2011,JVL,WI,AGL,CE,Federal Contract Tower,0,16,10,0,26,0,1,22,0,23,0,17,32,0,49,24,0,24,73
04/09/2011,JVL,WI,AGL,CE,Federal Contract Tower,0,5,26,0,31,0,0,16,0,16,0,5,42,0,47,30,0,30,77
04/10/2011,JVL,WI,AGL,CE,Federal Contract Tower,0,6,5,0,11,0,4,36,0,40,0,10,41,0,51,8,0,8,59
04/11/2011,JVL,WI,AGL,CE,Federal Contract Tower,2,8,5,0,15,0,1,33,0,34,2,9,38,0,49,52,0,52,101
04/12/2011,JVL,WI,AGL,CE,Federal Contract Tower,0,16,9,0,25,0,2,108,0,110,0,18,117,0,135,202,0,202,337
04/13/2011,JVL,WI,AGL,CE,Federal Contract Tower,0,12,6,0,18,0,1,72,0,73,0,13,78,0,91,84,0,84,175
04/14/2011,JVL,WI,AGL,CE,Federal Contract Tower,0,6,5,0,11,0,0,35,0,35,0,6,40,0,46,20,0,20,66
04/15/2011,JVL,WI,AGL,CE,Federal Contract Tower,0,13,0,0,13,0,1,0,0,1,0,14,0,0,14,0,0,0,14
04/16/2011,JVL,WI,AGL,CE,Federal Contract Tower,0,3,0,0,3,0,0,0,0,0,0,3,0,0,3,0,0,0,3
04/17/2011,JVL,WI,AGL,CE,Federal Contract Tower,0,4,6,0,10,0,5,81,0,86,0,9,87,0,96,12,0,12,108
04/18/2011,JVL,WI,AGL,CE,Federal Contract Tower,0,7,5,0,12,0,0,7,0,7,0,7,12,0,19,36,0,36,55
04/19/2011,JVL,WI,AGL,CE,Federal Contract Tower,0,1,0,0,1,0,0,0,0,0,0,1,0,0,1,0,0,0,1
04/20/2011,JVL,WI,AGL,CE,Federal Contract Tower,0,5,0,0,5,0,0,5,0,5,0,5,5,0,10,26,0,26,36
04/21/2011,JVL,WI,AGL,CE,Federal Contract Tower,0,15,13,0,28,0,0,114,0,114,0,15,127,0,142,142,0,142,284
04/22/2011,JVL,WI,AGL,CE,Federal Contract Tower,1,3,5,0,9,0,0,0,0,0,1,3,5,0,9,0,0,0,9
04/23/2011,JVL,WI,AGL,CE,Federal Contract Tower,0,2,8,0,10,0,0,32,0,32,0,2,40,0,42,2,0,2,44
04/24/2011,JVL,WI,AGL,CE,Federal Contract Tower,0,1,10,0,11,0,0,62,0,62,0,1,72,0,73,22,0,22,95
04/25/2011,JVL,WI,AGL,CE,Federal Contract Tower,0,5,6,0,11,0,6,44,0,50,0,11,50,0,61,50,0,50,111
04/26/2011,JVL,WI,AGL,CE,Federal Contract Tower,0,14,4,0,18,0,0,1,0,1,0,14,5,0,19,0,0,0,19
04/27/2011,JVL,WI,AGL,CE,Federal Contract Tower,0,8,6,2,16,0,0,29,0,29,0,8,35,2,45,78,0,78,123
04/28/2011,JVL,WI,AGL,CE,Federal Contract Tower,0,5,0,0,5,0,2,7,0,9,0,7,7,0,14,2,0,2,16
04/29/2011,JVL,WI,AGL,CE,Federal Contract Tower,0,7,9,0,16,0,10,175,0,185,0,17,184,0,201,148,0,148,349
04/30/2011,JVL,WI,AGL,CE,Federal Contract Tower,0,2,7,0,9,0,1,14,0,15,0,3,21,0,24,4,0,4,28
05/01/2011,JVL,WI,AGL,CE,Federal Contract Tower,0,6,3,0,9,0,6,92,0,98,0,12,95,0,107,32,0,32,139
05/02/2011,JVL,WI,AGL,CE,Federal Contract Tower,0,9,1,0,10,0,0,43,0,43,0,9,44,0,53,40,0,40,93
05/03/2011,JVL,WI,AGL,CE,Federal Contract Tower,0,10,1,0,11,0,1,50,0,51,0,11,51,0,62,60,0,60,122
05/04/2011,JVL,WI,AGL,CE,Federal Contract Tower,0,6,10,0,16,0,4,88,0,92,0,10,98,0,108,110,0,110,218
05/05/2011,JVL,WI,AGL,CE,Federal Contract Tower,1,12,1,0,14,0,0,9,0,9,1,12,10,0,23,6,0,6,29
05/06/2011,JVL,WI,AGL,CE,Federal Contract Tower,0,12,14,0,26,0,5,113,0,118,0,17,127,0,144,170,0,170,314
05/07/2011,JVL,WI,AGL,CE,Federal Contract Tower,0,1,9,0,10,0,2,73,0,75,0,3,82,0,85,44,0,44,129
05/08/2011,JVL,WI,AGL,CE,Federal Contract Tower,0,3,9,0,12,0,0,129,0,129,0,3,138,0,141,24,0,24,165
05/09/2011,JVL,WI,AGL,CE,Federal Contract Tower,0,9,6,0,15,0,0,7,0,7,0,9,13,0,22,8,0,8,30
05/10/2011,JVL,WI,AGL,CE,Federal Contract Tower,0,18,11,0,29,0,0,47,0,47,0,18,58,0,76,108,0,108,184
05/11/2011,JVL,WI,AGL,CE,Federal Contract Tower,0,9,8,0,17,0,0,57,0,57,0,9,65,0,74,44,0,44,118
05/12/2011,JVL,WI,AGL,CE,Federal Contract Tower,0,2,0,2,4,0,0,49,0,49,0,2,49,2,53,200,4,204,257
05/13/2011,JVL,WI,AGL,CE,Federal Contract Tower,0,15,6,0,21,0,0,16,0,16,0,15,22,0,37,30,0,30,67
05/14/2011,JVL,WI,AGL,CE,Federal Contract Tower,1,4,13,0,18,0,0,0,0,0,1,4,13,0,18,0,0,0,18
05/15/2011,JVL,WI,AGL,CE,Federal Contract Tower,0,8,4,0,12,0,0,1,0,1,0,8,5,0,13,28,0,28,41
05/16/2011,JVL,WI,AGL,CE,Federal Contract Tower,0,3,8,0,11,0,1,56,0,57,0,4,64,0,68,72,0,72,140
05/17/2011,JVL,WI,AGL,CE,Federal Contract Tower,0,10,7,0,17,0,1,80,0,81,0,11,87,0,98,144,0,144,242
05/18/2011,JVL,WI,AGL,CE,Federal Contract Tower,0,2,11,0,13,0,1,24,0,25,0,3,35,0,38,2,0,2,40
05/19/2011,JVL,WI,AGL,CE,Federal Contract Tower,1,16,17,0,34,0,0,39,0,39,1,16,56,0,73,32,0,32,105
05/20/2011,JVL,WI,AGL,CE,Federal Contract Tower,0,9,9,0,18,0,4,122,0,126,0,13,131,0,144,112,0,112,256
05/21/2011,JVL,WI,AGL,CE,Federal Contract Tower,0,2,6,0,8,0,0,54,0,54,0,2,60,0,62,0,0,0,62
05/22/2011,JVL,WI,AGL,CE,Federal Contract Tower,0,6,12,0,18,0,2,127,0,129,0,8,139,0,147,40,0,40,187
05/23/2011,JVL,WI,AGL,CE,Federal Contract Tower,0,7,5,0,12,0,0,28,0,28,0,7,33,0,40,92,0,92,132
05/24/2011,JVL,WI,AGL,CE,Federal Contract Tower,0,9,6,0,15,0,0,50,0,50,0,9,56,0,65,138,0,138,203
05/25/2011,JVL,WI,AGL,CE,Federal Contract Tower,0,7,2,0,9,0,0,0,0,0,0,7,2,0,9,0,0,0,9
05/26/2011,JVL,WI,AGL,CE,Federal Contract Tower,0,13,2,0,15,0,0,13,0,13,0,13,15,0,28,0,0,0,28
05/27/2011,JVL,WI,AGL,CE,Federal Contract Tower,1,14,9,0,24,0,10,108,0,118,1,24,117,0,142,210,0,210,352
05/28/2011,JVL,WI,AGL,CE,Federal Contract Tower,0,0,28,0,28,0,0,6,0,6,0,0,34,0,34,12,0,12,46
05/29/2011,JVL,WI,AGL,CE,Federal Contract Tower,0,3,5,0,8,0,0,5,0,5,0,3,10,0,13,0,0,0,13
05/30/2011,JVL,WI,AGL,CE,Federal Contract Tower,0,1,10,0,11,0,5,70,0,75,0,6,80,0,86,24,0,24,110
05/31/2011,JVL,WI,AGL,CE,Federal Contract Tower,0,10,4,0,14,0,0,11,0,11,0,10,15,0,25,10,0,10,35
06/01/2011,JVL,WI,AGL,CE,Federal Contract Tower,0,8,5,0,13,0,1,102,0,103,0,9,107,0,116,72,0,72,188
06/02/2011,JVL,WI,AGL,CE,Federal Contract Tower,0,12,9,0,21,0,0,60,0,60,0,12,69,0,81,84,0,84,165
06/03/2011,JVL,WI,AGL,CE,Federal Contract Tower,0,9,9,0,18,0,4,75,0,79,0,13,84,0,97,148,0,148,245
06/04/2011,JVL,WI,AGL,CE,Federal Contract Tower,0,0,11,0,11,0,0,72,0,72,0,0,83,0,83,86,0,86,169
06/05/2011,JVL,WI,AGL,CE,Federal Contract Tower,0,8,14,0,22,0,4,144,0,148,0,12,158,0,170,52,0,52,222
06/06/2011,JVL,WI,AGL,CE,Federal Contract Tower,0,3,4,0,7,0,0,39,0,39,0,3,43,0,46,54,0,54,100
06/07/2011,JVL,WI,AGL,CE,Federal Contract Tower,0,5,2,0,7,0,1,46,0,47,0,6,48,0,54,84,0,84,138
06/08/2011,JVL,WI,AGL,CE,Federal Contract Tower,0,6,3,0,9,0,1,31,0,32,0,7,34,0,41,78,0,78,119
06/09/2011,JVL,WI,AGL,CE,Federal Contract Tower,0,8,5,0,13,0,3,18,0,21,0,11,23,0,34,52,0,52,86
06/10/2011,JVL,WI,AGL,CE,Federal Contract Tower,0,11,8,0,19,0,0,2,0,2,0,11,10,0,21,10,0,10,31
06/11/2011,JVL,WI,AGL,CE,Federal Contract Tower,0,2,21,0,23,0,0,27,0,27,0,2,48,0,50,0,0,0,50
06/12/2011,JVL,WI,AGL,CE,Federal Contract Tower,0,0,11,0,11,0,0,0,0,0,0,0,11,0,11,58,0,58,69
06/13/2011,JVL,WI,AGL,CE,Federal Contract Tower,0,6,5,0,11,0,0,99,0,99,0,6,104,0,110,62,0,62,172
06/14/2011,JVL,WI,AGL,CE,Federal Contract Tower,0,9,6,0,15,0,1,73,0,74,0,10,79,0,89,158,0,158,247
06/15/2011,JVL,WI,AGL,CE,Federal Contract Tower,0,5,7,0,12,0,0,19,0,19,0,5,26,0,31,112,0,112,143
06/16/2011,JVL,WI,AGL,CE,Federal Contract Tower,2,9,8,0,19,0,0,54,0,54,2,9,62,0,73,114,0,114,187
06/17/2011,JVL,WI,AGL,CE,Federal Contract Tower,0,8,10,0,18,0,0,97,3,100,0,8,107,3,118,90,0,90,208
06/18/2011,JVL,WI,AGL,CE,Federal Contract Tower,0,1,15,0,16,0,0,80,0,80,0,1,95,0,96,48,0,48,144
06/19/2011,JVL,WI,AGL,CE,Federal Contract Tower,0,1,5,2,8,0,0,14,0,14,0,1,19,2,22,0,0,0,22
06/20/2011,JVL,WI,AGL,CE,Federal Contract Tower,0,4,5,0,9,0,0,47,0,47,0,4,52,0,56,138,0,138,194
06/21/2011,JVL,WI,AGL,CE,Federal Contract Tower,1,11,4,0,16,0,0,22,0,22,1,11,26,0,38,64,0,64,102
06/22/2011,JVL,WI,AGL,CE,Federal Contract Tower,0,7,3,0,10,0,0,9,0,9,0,7,12,0,19,20,0,20,39
06/23/2011,JVL,WI,AGL,CE,Federal Contract Tower,0,4,17,0,21,0,0,24,0,24,0,4,41,0,45,50,0,50,95
06/24/2011,JVL,WI,AGL,CE,Federal Contract Tower,0,0,17,0,17,0,0,60,0,60,0,0,77,0,77,142,0,142,219
06/25/2011,JVL,WI,AGL,CE,Federal Contract Tower,0,4,19,0,23,0,0,160,0,160,0,4,179,0,183,102,0,102,285
06/26/2011,JVL,WI,AGL,CE,Federal Contract Tower,0,2,10,0,12,0,1,132,0,133,0,3,142,0,145,88,0,88,233
06/27/2011,JVL,WI,AGL,CE,Federal Contract Tower,1,5,1,0,7,0,0,30,0,30,1,5,31,0,37,68,0,68,105
06/28/2011,JVL,WI,AGL,CE,Federal Contract Tower,0,8,8,0,16,0,1,124,4,129,0,9,132,4,145,256,30,286,431
06/29/2011,JVL,WI,AGL,CE,Federal Contract Tower,2,13,6,0,21,0,0,128,0,128,2,13,134,0,149,142,0,142,291
06/30/2011,JVL,WI,AGL,CE,Federal Contract Tower,0,6,6,0,12,0,0,95,0,95,0,6,101,0,107,64,0,64,171
07/01/2011,JVL,WI,AGL,CE,Federal Contract Tower,0,7,1,0,8,0,2,27,0,29,0,9,28,0,37,32,0,32,69
07/02/2011,JVL,WI,AGL,CE,Federal Contract Tower,0,4,20,0,24,0,1,71,0,72,0,5,91,0,96,64,0,64,160
07/03/2011,JVL,WI,AGL,CE,Federal Contract Tower,0,0,1,0,1,0,0,120,0,120,0,0,121,0,121,68,0,68,189
07/04/2011,JVL,WI,AGL,CE,Federal Contract Tower,0,3,5,0,8,0,0,80,0,80,0,3,85,0,88,116,0,116,204
07/05/2011,JVL,WI,AGL,CE,Federal Contract Tower,0,8,3,0,11,0,2,103,2,107,0,10,106,2,118,90,0,90,208
07/06/2011,JVL,WI,AGL,CE,Federal Contract Tower,0,5,12,0,17,0,2,97,0,99,0,7,109,0,116,132,0,132,248
07/07/2011,JVL,WI,AGL,CE,Federal Contract Tower,0,9,9,0,18,0,0,67,2,69,0,9,76,2,87,58,0,58,145
07/08/2011,JVL,WI,AGL,CE,Federal Contract Tower,0,4,9,0,13,0,0,98,0,98,0,4,107,0,111,66,0,66,177
07/09/2011,JVL,WI,AGL,CE,Federal Contract Tower,0,1,9,0,10,0,0,115,0,115,0,1,124,0,125,98,0,98,223
07/10/2011,JVL,WI,AGL,CE,Federal Contract Tower,0,4,4,0,8,0,0,69,0,69,0,4,73,0,77,42,0,42,119
07/11/2011,JVL,WI,AGL,CE,Federal Contract Tower,0,10,2,0,12,0,11,20,0,31,0,21,22,0,43,70,0,70,113
07/12/2011,JVL,WI,AGL,CE,Federal Contract Tower,0,7,5,0,12,0,0,71,0,71,0,7,76,0,83,150,0,150,233
07/13/2011,JVL,WI,AGL,CE,Federal Contract Tower,0,7,8,0,15,0,1,76,0,77,0,8,84,0,92,108,0,108,200
07/14/2011,JVL,WI,AGL,CE,Federal Contract Tower,0,9,2,0,11,0,4,79,0,83,0,13,81,0,94,50,0,50,144
07/15/2011,JVL,WI,AGL,CE,Federal Contract Tower,0,5,6,1,12,0,0,96,3,99,0,5,102,4,111,96,18,114,225
07/16/2011,JVL,WI,AGL,CE,Federal Contract Tower,0,1,10,0,11,0,0,73,0,73,0,1,83,0,84,110,0,110,194
07/17/2011,JVL,WI,AGL,CE,Federal Contract Tower,0,5,4,0,9,0,0,99,0,99,0,5,103,0,108,88,0,88,196
07/18/2011,JVL,WI,AGL,CE,Federal Contract Tower,0,4,3,0,7,0,0,20,0,20,0,4,23,0,27,74,0,74,101
07/19/2011,JVL,WI,AGL,CE,Federal Contract Tower,0,14,2,0,16,0,5,85,0,90,0,19,87,0,106,296,0,296,402
07/20/2011,JVL,WI,AGL,CE,Federal Contract Tower,1,5,7,0,13,0,3,77,0,80,1,8,84,0,93,180,0,180,273
07/21/2011,JVL,WI,AGL,CE,Federal Contract Tower,0,6,2,0,8,0,0,69,0,69,0,6,71,0,77,40,0,40,117
07/22/2011,JVL,WI,AGL,CE,Federal Contract Tower,0,2,10,0,12,0,0,51,0,51,0,2,61,0,63,24,0,24,87
07/23/2011,JVL,WI,AGL,CE,Federal Contract Tower,0,3,2,0,5,0,0,73,0,73,0,3,75,0,78,132,0,132,210
07/24/2011,JVL,WI,AGL,CE,Federal Contract Tower,1,5,13,0,19,0,0,77,0,77,1,5,90,0,96,234,0,234,330
07/25/2011,JVL,WI,AGL,CE,Federal Contract Tower,0,6,12,0,18,0,0,134,0,134,0,6,146,0,152,316,0,316,468
07/26/2011,JVL,WI,AGL,CE,Federal Contract Tower,0,7,12,0,19,0,0,115,0,115,0,7,127,0,134,190,0,190,324
07/27/2011,JVL,WI,AGL,CE,Federal Contract Tower,0,10,8,0,18,0,0,87,0,87,0,10,95,0,105,48,0,48,153
07/28/2011,JVL,WI,AGL,CE,Federal Contract Tower,1,16,7,0,24,0,0,50,0,50,1,16,57,0,74,24,0,24,98
07/29/2011,JVL,WI,AGL,CE,Federal Contract Tower,0,11,11,0,22,0,0,130,0,130,0,11,141,0,152,178,0,178,330
07/30/2011,JVL,WI,AGL,CE,Federal Contract Tower,0,2,3,0,5,0,0,92,0,92,0,2,95,0,97,92,0,92,189
07/31/2011,JVL,WI,AGL,CE,Federal Contract Tower,1,7,13,0,21,0,0,220,0,220,1,7,233,0,241,149,0,149,390
08/01/2011,JVL,WI,AGL,CE,Federal Contract Tower,0,12,1,0,13,0,0,44,0,44,0,12,45,0,57,34,0,34,91
08/02/2011,JVL,WI,AGL,CE,Federal Contract Tower,0,18,1,0,19,0,36,70,0,106,0,54,71,0,125,110,0,110,235
08/03/2011,JVL,WI,AGL,CE,Federal Contract Tower,0,8,9,0,17,0,0,93,0,93,0,8,102,0,110,118,0,118,228
08/04/2011,JVL,WI,AGL,CE,Federal Contract Tower,0,12,5,0,17,0,2,73,0,75,0,14,78,0,92,48,0,48,140
08/05/2011,JVL,WI,AGL,CE,Federal Contract Tower,0,7,15,0,22,0,0,50,0,50,0,7,65,0,72,44,0,44,116
08/06/2011,JVL,WI,AGL,CE,Federal Contract Tower,0,1,16,0,17,0,0,96,0,96,0,1,112,0,113,134,0,134,247
08/07/2011,JVL,WI,AGL,CE,Federal Contract Tower,0,6,7,0,13,0,0,55,0,55,0,6,62,0,68,96,0,96,164
08/08/2011,JVL,WI,AGL,CE,Federal Contract Tower,0,11,7,0,18,0,2,37,0,39,0,13,44,0,57,94,0,94,151
08/09/2011,JVL,WI,AGL,CE,Federal Contract Tower,0,5,6,0,11,0,18,50,0,68,0,23,56,0,79,78,0,78,157
08/10/2011,JVL,WI,AGL,CE,Federal Contract Tower,0,7,8,3,18,0,1,71,0,72,0,8,79,3,90,68,0,68,158
08/11/2011,JVL,WI,AGL,CE,Federal Contract Tower,0,8,21,0,29,0,0,110,0,110,0,8,131,0,139,118,0,118,257
08/12/2011,JVL,WI,AGL,CE,Federal Contract Tower,0,9,6,0,15,0,0,53,0,53,0,9,59,0,68,40,0,40,108
08/13/2011,JVL,WI,AGL,CE,Federal Contract Tower,0,8,4,0,12,0,0,22,0,22,0,8,26,0,34,78,0,78,112
08/14/2011,JVL,WI,AGL,CE,Federal Contract Tower,0,3,24,0,27,0,0,60,0,60,0,3,84,0,87,96,0,96,183
08/15/2011,JVL,WI,AGL,CE,Federal Contract Tower,0,7,4,0,11,0,0,98,0,98,0,7,102,0,109,94,0,94,203
08/16/2011,JVL,WI,AGL,CE,Federal Contract Tower,0,4,9,0,13,0,0,120,0,120,0,4,129,0,133,174,0,174,307
08/17/2011,JVL,WI,AGL,CE,Federal Contract Tower,0,2,11,0,13,0,0,68,0,68,0,2,79,0,81,114,2,116,197
08/18/2011,JVL,WI,AGL,CE,Federal Contract Tower,0,5,11,2,18,0,0,99,0,99,0,5,110,2,117,102,2,104,221
08/19/2011,JVL,WI,AGL,CE,Federal Contract Tower,0,13,11,0,24,0,1,105,0,106,0,14,116,0,130,88,0,88,218
08/20/2011,JVL,WI,AGL,CE,Federal Contract Tower,0,4,5,0,9,0,0,22,0,22,0,4,27,0,31,56,0,56,87
08/21/2011,JVL,WI,AGL,CE,Federal Contract Tower,0,0,7,0,7,0,0,140,0,140,0,0,147,0,147,166,0,166,313
08/22/2011,JVL,WI,AGL,CE,Federal Contract Tower,0,7,14,0,21,0,0,70,2,72,0,7,84,2,93,68,0,68,161
08/23/2011,JVL,WI,AGL,CE,Federal Contract Tower,0,9,1,0,10,0,0,11,0,11,0,9,12,0,21,14,0,14,35
08/24/2011,JVL,WI,AGL,CE,Federal Contract Tower,0,9,7,0,16,0,0,33,0,33,0,9,40,0,49,8,0,8,57
08/25/2011,JVL,WI,AGL,CE,Federal Contract Tower,0,9,12,0,21,0,0,116,0,116,0,9,128,0,137,150,0,150,287
08/26/2011,JVL,WI,AGL,CE,Federal Contract Tower,0,10,6,0,16,0,1,64,0,65,0,11,70,0,81,72,0,72,153
08/27/2011,JVL,WI,AGL,CE,Federal Contract Tower,0,0,10,0,10,0,0,139,0,139,0,0,149,0,149,80,0,80,229
08/28/2011,JVL,WI,AGL,CE,Federal Contract Tower,0,2,17,0,19,0,0,193,0,193,0,2,210,0,212,82,0,82,294
08/29/2011,JVL,WI,AGL,CE,Federal Contract Tower,0,11,6,0,17,0,1,93,0,94,0,12,99,0,111,46,0,46,157
08/30/2011,JVL,WI,AGL,CE,Federal Contract Tower,0,9,5,0,14,0,0,63,0,63,0,9,68,0,77,82,0,82,159
08/31/2011,JVL,WI,AGL,CE,Federal Contract Tower,0,12,6,1,19,0,0,55,4,59,0,12,61,5,78,52,8,60,138
09/01/2011,JVL,WI,AGL,CE,Federal Contract Tower,0,5,10,0,15,0,0,63,0,63,0,5,73,0,78,62,0,62,140
09/02/2011,JVL,WI,AGL,CE,Federal Contract Tower,0,8,6,0,14,0,2,62,0,64,0,10,68,0,78,86,0,86,164
09/03/2011,JVL,WI,AGL,CE,Federal Contract Tower,0,2,3,0,5,0,0,2,0,2,0,2,5,0,7,0,0,0,7
09/04/2011,JVL,WI,AGL,CE,Federal Contract Tower,0,1,6,0,7,0,0,126,0,126,0,1,132,0,133,96,0,96,229
09/05/2011,JVL,WI,AGL,CE,Federal Contract Tower,0,2,7,0,9,0,7,92,0,99,0,9,99,0,108,86,0,86,194
09/06/2011,JVL,WI,AGL,CE,Federal Contract Tower,0,1,10,0,11,0,0,79,0,79,0,1,89,0,90,78,0,78,168
09/07/2011,JVL,WI,AGL,CE,Federal Contract Tower,0,5,5,0,10,0,0,71,0,71,0,5,76,0,81,138,0,138,219
09/08/2011,JVL,WI,AGL,CE,Federal Contract Tower,0,8,9,2,19,0,3,91,0,94,0,11,100,2,113,58,4,62,175
09/09/2011,JVL,WI,AGL,CE,Federal Contract Tower,0,9,4,5,18,0,1,115,11,127,0,10,119,16,145,644,64,708,853
09/10/2011,JVL,WI,AGL,CE,Federal Contract Tower,0,2,1,0,3,0,0,68,0,68,0,2,69,0,71,390,68,458,529
09/11/2011,JVL,WI,AGL,CE,Federal Contract Tower,0,0,10,3,13,0,0,107,19,126,0,0,117,22,139,422,162,584,723
09/12/2011,JVL,WI,AGL,CE,Federal Contract Tower,0,12,14,2,28,0,3,78,1,82,0,15,92,3,110,102,0,102,212
09/13/2011,JVL,WI,AGL,CE,Federal Contract Tower,0,6,10,0,16,0,0,39,0,39,0,6,49,0,55,36,0,36,91
09/14/2011,JVL,WI,AGL,CE,Federal Contract Tower,0,7,6,4,17,0,0,49,0,49,0,7,55,4,66,84,2,86,152
09/15/2011,JVL,WI,AGL,CE,Federal Contract Tower,0,7,7,0,14,0,1,86,0,87,0,8,93,0,101,140,0,140,241
09/16/2011,JVL,WI,AGL,CE,Federal Contract Tower,0,16,6,0,22,0,4,51,0,55,0,20,57,0,77,15,0,15,92
09/17/2011,JVL,WI,AGL,CE,Federal Contract Tower,0,6,17,0,23,0,0,122,0,122,0,6,139,0,145,124,0,124,269
09/18/2011,JVL,WI,AGL,CE,Federal Contract Tower,0,9,19,0,28,0,0,9,0,9,0,9,28,0,37,2,0,2,39
09/19/2011,JVL,WI,AGL,CE,Federal Contract Tower,0,9,7,0,16,0,0,34,0,34,0,9,41,0,50,44,0,44,94
09/20/2011,JVL,WI,AGL,CE,Federal Contract Tower,0,14,4,0,18,0,2,50,2,54,0,16,54,2,72,18,4,22,94
09/21/2011,JVL,WI,AGL,CE,Federal Contract Tower,0,18,7,0,25,0,2,33,2,37,0,20,40,2,62,50,4,54,116
09/22/2011,JVL,WI,AGL,CE,Federal Contract Tower,0,8,17,0,25,0,0,34,0,34,0,8,51,0,59,50,0,50,109
09/23/2011,JVL,WI,AGL,CE,Federal Contract Tower,0,6,8,0,14,0,2,62,0,64,0,8,70,0,78,48,0,48,126
09/24/2011,JVL,WI,AGL,CE,Federal Contract Tower,0,4,29,0,33,0,0,94,0,94,0,4,123,0,127,140,0,140,267
09/25/2011,JVL,WI,AGL,CE,Federal Contract Tower,0,5,19,0,24,0,1,24,0,25,0,6,43,0,49,0,0,0,49
09/26/2011,JVL,WI,AGL,CE,Federal Contract Tower,0,12,2,0,14,0,0,0,0,0,0,12,2,0,14,0,0,0,14
09/27/2011,JVL,WI,AGL,CE,Federal Contract Tower,0,4,2,0,6,0,0,17,0,17,0,4,19,0,23,38,0,38,61
09/28/2011,JVL,WI,AGL,CE,Federal Contract Tower,14,6,0,0,20,0,1,22,0,23,14,7,22,0,43,18,0,18,61
09/29/2011,JVL,WI,AGL,CE,Federal Contract Tower,0,2,3,2,7,0,0,9,2,11,0,2,12,4,18,14,14,28,46
09/30/2011,JVL,WI,AGL,CE,Federal Contract Tower,0,9,1,0,10,0,4,34,0,38,0,13,35,0,48,40,0,40,88
10/01/2011,JVL,WI,AGL,CE,Federal Contract Tower,0,7,21,0,28,0,1,119,0,120,0,8,140,0,148,120,0,120,268
10/02/2011,JVL,WI,AGL,CE,Federal Contract Tower,0,10,9,0,19,0,4,147,0,151,0,14,156,0,170,88,0,88,258
10/03/2011,JVL,WI,AGL,CE,Federal Contract Tower,0,4,6,0,10,0,1,66,0,67,0,5,72,0,77,154,0,154,231
10/04/2011,JVL,WI,AGL,CE,Federal Contract Tower,0,5,4,0,9,0,0,106,0,106,0,5,110,0,115,164,0,164,279
10/05/2011,JVL,WI,AGL,CE,Federal Contract Tower,1,12,11,0,24,0,0,91,0,91,1,12,102,0,115,124,0,124,239
10/06/2011,JVL,WI,AGL,CE,Federal Contract Tower,0,8,6,0,14,0,2,72,0,74,0,10,78,0,88,112,0,112,200
10/07/2011,JVL,WI,AGL,CE,Federal Contract Tower,0,7,2,0,9,0,4,74,0,78,0,11,76,0,87,48,0,48,135
10/08/2011,JVL,WI,AGL,CE,Federal Contract Tower,0,4,22,0,26,0,0,142,0,142,0,4,164,0,168,64,0,64,232
10/09/2011,JVL,WI,AGL,CE,Federal Contract Tower,0,4,4,0,8,0,8,150,0,158,0,12,154,0,166,94,0,94,260
10/10/2011,JVL,WI,AGL,CE,Federal Contract Tower,0,7,2,0,9,0,0,56,0,56,0,7,58,0,65,30,0,30,95
10/11/2011,JVL,WI,AGL,CE,Federal Contract Tower,0,2,7,0,9,0,1,81,0,82,0,3,88,0,91,100,0,100,191
10/12/2011,JVL,WI,AGL,CE,Federal Contract Tower,0,8,8,0,16,0,0,56,0,56,0,8,64,0,72,76,0,76,148
10/13/2011,JVL,WI,AGL,CE,Federal Contract Tower,0,7,8,0,15,0,0,10,0,10,0,7,18,0,25,70,0,70,95
10/14/2011,JVL,WI,AGL,CE,Federal Contract Tower,0,13,2,0,15,0,5,15,0,20,0,18,17,0,35,10,0,10,45
10/15/2011,JVL,WI,AGL,CE,Federal Contract Tower,0,5,8,0,13,0,0,33,0,33,0,5,41,0,46,22,0,22,68
10/16/2011,JVL,WI,AGL,CE,Federal Contract Tower,1,7,5,0,13,0,0,80,0,80,1,7,85,0,93,64,0,64,157
10/17/2011,JVL,WI,AGL,CE,Federal Contract Tower,0,14,10,0,24,0,0,38,0,38,0,14,48,0,62,12,0,12,74
10/18/2011,JVL,WI,AGL,CE,Federal Contract Tower,0,12,7,1,20,0,0,102,0,102,0,12,109,1,122,98,4,102,224
10/19/2011,JVL,WI,AGL,CE,Federal Contract Tower,0,16,0,0,16,0,0,7,0,7,0,16,7,0,23,0,0,0,23
10/20/2011,JVL,WI,AGL,CE,Federal Contract Tower,0,13,0,0,13,0,0,4,0,4,0,13,4,0,17,8,0,8,25
10/21/2011,JVL,WI,AGL,CE,Federal Contract Tower,0,4,6,0,10,0,4,81,0,85,0,8,87,0,95,128,0,128,223
10/22/2011,JVL,WI,AGL,CE,Federal Contract Tower,0,3,19,0,22,0,0,190,0,190,0,3,209,0,212,136,0,136,348
10/23/2011,JVL,WI,AGL,CE,Federal Contract Tower,0,5,6,0,11,0,7,145,0,152,0,12,151,0,163,80,0,80,243
10/24/2011,JVL,WI,AGL,CE,Federal Contract Tower,0,7,7,0,14,0,0,56,0,56,0,7,63,0,70,108,0,108,178
10/25/2011,JVL,WI,AGL,CE,Federal Contract Tower,0,2,0,2,4,0,2,108,2,112,0,4,108,4,116,162,0,162,278
10/26/2011,JVL,WI,AGL,CE,Federal Contract Tower,0,13,5,0,18,0,3,3,0,6,0,16,8,0,24,46,0,46,70
10/27/2011,JVL,WI,AGL,CE,Federal Contract Tower,0,12,8,0,20,0,0,32,1,33,0,12,40,1,53,74,0,74,127
10/28/2011,JVL,WI,AGL,CE,Federal Contract Tower,0,3,9,0,12,0,0,64,0,64,0,3,73,0,76,82,0,82,158
10/29/2011,JVL,WI,AGL,CE,Federal Contract Tower,0,4,17,0,21,0,1,98,0,99,0,5,115,0,120,144,0,144,264
10/30/2011,JVL,WI,AGL,CE,Federal Contract Tower,0,6,7,0,13,0,2,25,0,27,0,8,32,0,40,0,0,0,40
10/31/2011,JVL,WI,AGL,CE,Federal Contract Tower,0,6,10,0,16,0,0,34,0,34,0,6,44,0,50,24,0,24,74
11/01/2011,JVL,WI,AGL,CE,Federal Contract Tower,0,17,7,0,24,0,3,113,0,116,0,20,120,0,140,162,0,162,302
11/02/2011,JVL,WI,AGL,CE,Federal Contract Tower,0,3,6,0,9,0,0,20,0,20,0,3,26,0,29,70,0,70,99
11/03/2011,JVL,WI,AGL,CE,Federal Contract Tower,0,17,1,0,18,0,0,6,0,6,0,17,7,0,24,0,0,0,24
11/04/2011,JVL,WI,AGL,CE,Federal Contract Tower,0,4,15,0,19,0,4,94,0,98,0,8,109,0,117,148,0,148,265
11/05/2011,JVL,WI,AGL,CE,Federal Contract Tower,0,2,21,0,23,0,0,97,0,97,0,2,118,0,120,82,0,82,202
11/06/2011,JVL,WI,AGL,CE,Federal Contract Tower,0,3,9,0,12,0,2,76,0,78,0,5,85,0,90,50,0,50,140
11/07/2011,JVL,WI,AGL,CE,Federal Contract Tower,0,7,9,0,16,0,7,63,2,72,0,14,72,2,88,102,10,112,200
11/08/2011,JVL,WI,AGL,CE,Federal Contract Tower,1,13,0,0,14,0,0,0,0,0,1,13,0,0,14,0,0,0,14
11/09/2011,JVL,WI,AGL,CE,Federal Contract Tower,0,8,6,1,15,0,0,1,0,1,0,8,7,1,16,0,0,0,16
11/10/2011,JVL,WI,AGL,CE,Federal Contract Tower,1,6,3,0,10,0,0,16,0,16,1,6,19,0,26,36,0,36,62
11/11/2011,JVL,WI,AGL,CE,Federal Contract Tower,0,2,14,0,16,0,2,75,0,77,0,4,89,0,93,44,0,44,137
11/12/2011,JVL,WI,AGL,CE,Federal Contract Tower,0,4,15,0,19,0,0,130,0,130,0,4,145,0,149,82,0,82,231
11/13/2011,JVL,WI,AGL,CE,Federal Contract Tower,0,4,2,0,6,0,5,16,0,21,0,9,18,0,27,0,0,0,27
11/14/2011,JVL,WI,AGL,CE,Federal Contract Tower,0,10,9,0,19,0,0,62,0,62,0,10,71,0,81,116,0,116,197
11/15/2011,JVL,WI,AGL,CE,Federal Contract Tower,0,6,5,0,11,0,14,83,0,97,0,20,88,0,108,136,0,136,244
11/16/2011,JVL,WI,AGL,CE,Federal Contract Tower,0,5,3,0,8,0,0,31,0,31,0,5,34,0,39,24,0,24,63
11/17/2011,JVL,WI,AGL,CE,Federal Contract Tower,0,5,7,0,12,0,0,16,0,16,0,5,23,0,28,16,0,16,44
11/18/2011,JVL,WI,AGL,CE,Federal Contract Tower,2,11,0,0,13,0,3,48,0,51,2,14,48,0,64,66,0,66,130
11/19/2011,JVL,WI,AGL,CE,Federal Contract Tower,0,4,14,0,18,0,0,84,0,84,0,4,98,0,102,71,0,71,173
11/20/2011,JVL,WI,AGL,CE,Federal Contract Tower,0,7,13,0,20,0,1,85,0,86,0,8,98,0,106,48,0,48,154
11/21/2011,JVL,WI,AGL,CE,Federal Contract Tower,2,11,4,0,17,0,0,47,0,47,2,11,51,0,64,74,0,74,138
11/22/2011,JVL,WI,AGL,CE,Federal Contract Tower,0,18,3,0,21,0,0,0,0,0,0,18,3,0,21,2,0,2,23
11/23/2011,JVL,WI,AGL,CE,Federal Contract Tower,0,6,28,0,34,0,3,92,0,95,0,9,120,0,129,102,0,102,231
11/24/2011,JVL,WI,AGL,CE,Federal Contract Tower,0,1,3,0,4,0,0,0,0,0,0,1,3,0,4,0,0,0,4
11/25/2011,JVL,WI,AGL,CE,Federal Contract Tower,0,5,18,0,23,0,0,83,0,83,0,5,101,0,106,102,0,102,208
11/26/2011,JVL,WI,AGL,CE,Federal Contract Tower,0,4,8,0,12,0,0,6,0,6,0,4,14,0,18,8,0,8,26
11/27/2011,JVL,WI,AGL,CE,Federal Contract Tower,0,13,9,0,22,0,4,7,0,11,0,17,16,0,33,28,0,28,61
11/28/2011,JVL,WI,AGL,CE,Federal Contract Tower,0,16,6,0,22,0,0,44,0,44,0,16,50,0,66,102,0,102,168
11/29/2011,JVL,WI,AGL,CE,Federal Contract Tower,0,9,0,0,9,0,2,4,0,6,0,11,4,0,15,14,0,14,29
11/30/2011,JVL,WI,AGL,CE,Federal Contract Tower,0,7,16,0,23,0,9,92,6,107,0,16,108,6,130,116,56,172,302
12/01/2011,JVL,WI,AGL,CE,Federal Contract Tower,0,3,13,0,16,0,0,58,0,58,0,3,71,0,74,30,0,30,104
12/02/2011,JVL,WI,AGL,CE,Federal Contract Tower,0,5,4,0,9,0,2,64,0,66,0,7,68,0,75,46,0,46,121
12/03/2011,JVL,WI,AGL,CE,Federal Contract Tower,0,1,14,0,15,0,0,3,0,3,0,1,17,0,18,6,0,6,24
12/04/2011,JVL,WI,AGL,CE,Federal Contract Tower,0,4,12,0,16,0,1,0,0,1,0,5,12,0,17,0,0,0,17
12/05/2011,JVL,WI,AGL,CE,Federal Contract Tower,0,14,0,0,14,0,0,0,0,0,0,14,0,0,14,0,0,0,14
12/06/2011,JVL,WI,AGL,CE,Federal Contract Tower,0,14,7,2,23,0,0,44,0,44,0,14,51,2,67,62,4,66,133
12/07/2011,JVL,WI,AGL,CE,Federal Contract Tower,0,3,8,0,11,0,3,77,2,82,0,6,85,2,93,40,50,90,183
12/08/2011,JVL,WI,AGL,CE,Federal Contract Tower,1,4,12,0,17,0,0,70,0,70,1,4,82,0,87,46,0,46,133
12/09/2011,JVL,WI,AGL,CE,Federal Contract Tower,0,7,6,0,13,0,0,70,0,70,0,7,76,0,83,54,0,54,137
12/10/2011,JVL,WI,AGL,CE,Federal Contract Tower,0,9,9,0,18,0,1,117,0,118,0,10,126,0,136,86,0,86,222
12/11/2011,JVL,WI,AGL,CE,Federal Contract Tower,0,8,9,0,17,0,3,147,0,150,0,11,156,0,167,98,0,98,265
12/12/2011,JVL,WI,AGL,CE,Federal Contract Tower,0,6,10,2,18,0,0,40,4,44,0,6,50,6,62,52,12,64,126
12/13/2011,JVL,WI,AGL,CE,Federal Contract Tower,4,13,6,0,23,0,0,68,0,68,4,13,74,0,91,82,0,82,173
12/14/2011,JVL,WI,AGL,CE,Federal Contract Tower,1,11,2,0,14,0,0,0,0,0,1,11,2,0,14,0,0,0,14
12/15/2011,JVL,WI,AGL,CE,Federal Contract Tower,0,6,6,2,14,0,0,2,0,2,0,6,8,2,16,0,0,0,16
12/16/2011,JVL,WI,AGL,CE,Federal Contract Tower,0,5,12,0,17,0,2,68,0,70,0,7,80,0,87,96,0,96,183
12/17/2011,JVL,WI,AGL,CE,Federal Contract Tower,0,2,4,0,6,0,0,7,0,7,0,2,11,0,13,12,0,12,25
12/18/2011,JVL,WI,AGL,CE,Federal Contract Tower,0,6,5,0,11,0,8,100,0,108,0,14,105,0,119,74,0,74,193
12/19/2011,JVL,WI,AGL,CE,Federal Contract Tower,1,4,15,2,22,0,3,91,0,94,1,7,106,2,116,96,2,98,214
12/20/2011,JVL,WI,AGL,CE,Federal Contract Tower,0,6,8,1,15,0,0,48,2,50,0,6,56,3,65,88,18,106,171
12/21/2011,JVL,WI,AGL,CE,Federal Contract Tower,1,11,11,1,24,0,0,5,1,6,1,11,16,2,30,0,2,2,32
12/22/2011,JVL,WI,AGL,CE,Federal Contract Tower,0,5,9,1,15,0,0,29,1,30,0,5,38,2,45,42,2,44,89
12/23/2011,JVL,WI,AGL,CE,Federal Contract Tower,0,7,5,0,12,0,1,109,0,110,0,8,114,0,122,52,0,52,174
12/24/2011,JVL,WI,AGL,CE,Federal Contract Tower,0,1,6,0,7,0,0,84,0,84,0,1,90,0,91,50,0,50,141
12/25/2011,JVL,WI,AGL,CE,Federal Contract Tower,0,0,0,0,0,0,0,2,0,2,0,0,2,0,2,0,0,0,2
12/26/2011,JVL,WI,AGL,CE,Federal Contract Tower,0,5,8,0,13,0,1,74,0,75,0,6,82,0,88,88,0,88,176
12/27/2011,JVL,WI,AGL,CE,Federal Contract Tower,0,1,7,0,8,0,1,23,0,24,0,2,30,0,32,64,0,64,96
12/28/2011,JVL,WI,AGL,CE,Federal Contract Tower,0,6,11,0,17,0,0,137,0,137,0,6,148,0,154,112,0,112,266
12/29/2011,JVL,WI,AGL,CE,Federal Contract Tower,0,3,14,0,17,0,0,65,0,65,0,3,79,0,82,60,0,60,142
12/30/2011,JVL,WI,AGL,CE,Federal Contract Tower,0,3,0,0,3,0,0,0,0,0,0,3,0,0,3,0,0,0,3
12/31/2011,JVL,WI,AGL,CE,Federal Contract Tower,0,0,2,0,2,0,0,0,0,0,0,0,2,0,2,0,0,0,2
01/01/2012,JVL,WI,AGL,CE,Federal Contract Tower,0,4,0,0,4,0,0,0,0,0,0,4,0,0,4,0,0,0,4
01/02/2012,JVL,WI,AGL,CE,Federal Contract Tower,0,4,11,0,15,0,0,14,0,14,0,4,25,0,29,6,0,6,35
01/03/2012,JVL,WI,AGL,CE,Federal Contract Tower,0,0,4,7,11,0,1,59,0,60,0,1,63,7,71,44,4,48,119
01/04/2012,JVL,WI,AGL,CE,Federal Contract Tower,0,5,5,0,10,0,2,41,0,43,0,7,46,0,53,32,0,32,85
01/05/2012,JVL,WI,AGL,CE,Federal Contract Tower,0,7,13,0,20,0,1,101,0,102,0,8,114,0,122,64,0,64,186
01/06/2012,JVL,WI,AGL,CE,Federal Contract Tower,0,2,7,0,9,0,6,93,0,99,0,8,100,0,108,104,0,104,212
01/07/2012,JVL,WI,AGL,CE,Federal Contract Tower,0,5,21,0,26,0,4,195,0,199,0,9,216,0,225,104,0,104,329
01/08/2012,JVL,WI,AGL,CE,Federal Contract Tower,0,2,17,0,19,0,5,187,0,192,0,7,204,0,211,128,0,128,339
01/09/2012,JVL,WI,AGL,CE,Federal Contract Tower,0,4,3,0,7,0,0,40,0,40,0,4,43,0,47,60,0,60,107
01/10/2012,JVL,WI,AGL,CE,Federal Contract Tower,0,9,10,0,19,0,2,93,2,97,0,11,103,2,116,168,0,168,284
01/11/2012,JVL,WI,AGL,CE,Federal Contract Tower,0,6,16,1,23,0,0,87,1,88,0,6,103,2,111,100,2,102,213
01/12/2012,JVL,WI,AGL,CE,Federal Contract Tower,0,10,0,0,10,0,0,0,0,0,0,10,0,0,10,0,0,0,10
01/13/2012,JVL,WI,AGL,CE,Federal Contract Tower,0,3,1,0,4,0,5,1,0,6,0,8,2,0,10,0,0,0,10
01/14/2012,JVL,WI,AGL,CE,Federal Contract Tower,0,2,6,0,8,0,0,63,0,63,0,2,69,0,71,118,0,118,189
01/15/2012,JVL,WI,AGL,CE,Federal Contract Tower,0,2,4,0,6,0,0,70,0,70,0,2,74,0,76,112,0,112,188
01/16/2012,JVL,WI,AGL,CE,Federal Contract Tower,0,8,8,0,16,0,8,31,0,39,0,16,39,0,55,42,0,42,97
01/17/2012,JVL,WI,AGL,CE,Federal Contract Tower,0,11,2,0,13,0,0,0,0,0,0,11,2,0,13,0,0,0,13
01/18/2012,JVL,WI,AGL,CE,Federal Contract Tower,0,4,11,0,15,0,3,35,2,40,0,7,46,2,55,36,0,36,91
01/19/2012,JVL,WI,AGL,CE,Federal Contract Tower,0,5,0,0,5,0,6,27,0,33,0,11,27,0,38,46,0,46,84
01/20/2012,JVL,WI,AGL,CE,Federal Contract Tower,0,7,0,0,7,0,0,0,0,0,0,7,0,0,7,0,0,0,7
01/21/2012,JVL,WI,AGL,CE,Federal Contract Tower,0,2,9,0,11,0,0,59,0,59,0,2,68,0,70,96,0,96,166
01/22/2012,JVL,WI,AGL,CE,Federal Contract Tower,0,6,0,0,6,0,0,0,0,0,0,6,0,0,6,0,0,0,6
01/23/2012,JVL,WI,AGL,CE,Federal Contract Tower,0,10,0,0,10,0,1,1,0,2,0,11,1,0,12,0,0,0,12
01/24/2012,JVL,WI,AGL,CE,Federal Contract Tower,0,8,4,0,12,0,0,76,0,76,0,8,80,0,88,78,0,78,166
01/25/2012,JVL,WI,AGL,CE,Federal Contract Tower,0,5,8,0,13,0,0,50,2,52,0,5,58,2,65,100,0,100,165
01/26/2012,JVL,WI,AGL,CE,Federal Contract Tower,0,3,0,0,3,0,0,0,0,0,0,3,0,0,3,0,0,0,3
01/27/2012,JVL,WI,AGL,CE,Federal Contract Tower,0,6,9,0,15,0,6,104,0,110,0,12,113,0,125,182,0,182,307
01/28/2012,JVL,WI,AGL,CE,Federal Contract Tower,0,0,2,0,2,0,0,44,0,44,0,0,46,0,46,12,0,12,58
01/29/2012,JVL,WI,AGL,CE,Federal Contract Tower,0,4,8,0,12,0,9,70,0,79,0,13,78,0,91,86,0,86,177
01/30/2012,JVL,WI,AGL,CE,Federal Contract Tower,0,8,8,0,16,0,0,25,0,25,0,8,33,0,41,76,0,76,117
01/31/2012,JVL,WI,AGL,CE,Federal Contract Tower,2,7,3,0,12,0,0,81,0,81,2,7,84,0,93,134,0,134,227
02/01/2012,JVL,WI,AGL,CE,Federal Contract Tower,0,10,7,0,17,0,0,17,0,17,0,10,24,0,34,62,0,62,96
02/02/2012,JVL,WI,AGL,CE,Federal Contract Tower,0,7,1,0,8,0,0,1,0,1,0,7,2,0,9,0,0,0,9
02/03/2012,JVL,WI,AGL,CE,Federal Contract Tower,0,14,0,0,14,0,0,0,0,0,0,14,0,0,14,0,0,0,14
02/04/2012,JVL,WI,AGL,CE,Federal Contract Tower,0,3,19,0,22,0,0,101,0,101,0,3,120,0,123,92,0,92,215
02/05/2012,JVL,WI,AGL,CE,Federal Contract Tower,0,8,16,0,24,0,4,148,6,158,0,12,164,6,182,102,12,114,296
02/06/2012,JVL,WI,AGL,CE,Federal Contract Tower,0,8,5,0,13,0,0,13,0,13,0,8,18,0,26,10,0,10,36
02/07/2012,JVL,WI,AGL,CE,Federal Contract Tower,0,6,1,0,7,0,0,16,0,16,0,6,17,0,23,0,0,0,23
02/08/2012,JVL,WI,AGL,CE,Federal Contract Tower,0,7,6,0,13,0,0,87,2,89,0,7,93,2,102,112,4,116,218
02/09/2012,JVL,WI,AGL,CE,Federal Contract Tower,0,5,15,0,20,0,0,87,0,87,0,5,102,0,107,78,0,78,185
02/10/2012,JVL,WI,AGL,CE,Federal Contract Tower,0,8,0,0,8,0,0,0,0,0,0,8,0,0,8,0,0,0,8
02/11/2012,JVL,WI,AGL,CE,Federal Contract Tower,0,6,6,0,12,0,14,46,0,60,0,20,52,0,72,30,0,30,102
02/12/2012,JVL,WI,AGL,CE,Federal Contract Tower,0,4,10,1,15,0,2,127,1,130,0,6,137,2,145,48,0,48,193
02/13/2012,JVL,WI,AGL,CE,Federal Contract Tower,3,4,1,0,8,0,0,30,0,30,3,4,31,0,38,50,0,50,88
02/14/2012,JVL,WI,AGL,CE,Federal Contract Tower,0,9,0,0,9,0,0,21,0,21,0,9,21,0,30,52,0,52,82
02/15/2012,JVL,WI,AGL,CE,Federal Contract Tower,0,8,10,0,18,0,0,40,0,40,0,8,50,0,58,94,0,94,152
02/16/2012,JVL,WI,AGL,CE,Federal Contract Tower,0,9,3,0,12,0,7,52,0,59,0,16,55,0,71,110,0,110,181
02/17/2012,JVL,WI,AGL,CE,Federal Contract Tower,0,13,7,0,20,0,0,71,0,71,0,13,78,0,91,78,0,78,169
02/18/2012,JVL,WI,AGL,CE,Federal Contract Tower,0,2,17,0,19,0,1,157,0,158,0,3,174,0,177,148,0,148,325
02/19/2012,JVL,WI,AGL,CE,Federal Contract Tower,1,4,8,0,13,0,0,149,0,149,1,4,157,0,162,138,0,138,300
02/20/2012,JVL,WI,AGL,CE,Federal Contract Tower,0,5,5,0,10,0,0,57,0,57,0,5,62,0,67,28,0,28,95
02/21/2012,JVL,WI,AGL,CE,Federal Contract Tower,0,3,1,0,4,0,0,4,0,4,0,3,5,0,8,10,0,10,18
02/22/2012,JVL,WI,AGL,CE,Federal Contract Tower,1,5,8,0,14,0,1,62,0,63,1,6,70,0,77,144,0,144,221
02/23/2012,JVL,WI,AGL,CE,Federal Contract Tower,0,9,4,0,13,0,0,26,0,26,0,9,30,0,39,14,0,14,53
02/24/2012,JVL,WI,AGL,CE,Federal Contract Tower,2,10,1,0,13,0,1,18,0,19,2,11,19,0,32,40,0,40,72
02/25/2012,JVL,WI,AGL,CE,Federal Contract Tower,0,0,22,0,22,0,0,108,0,108,0,0,130,0,130,44,0,44,174
02/26/2012,JVL,WI,AGL,CE,Federal Contract Tower,0,3,1,0,4,0,2,40,0,42,0,5,41,0,46,12,0,12,58
02/27/2012,JVL,WI,AGL,CE,Federal Contract Tower,0,11,0,0,11,0,2,67,0,69,0,13,67,0,80,86,0,86,166
02/28/2012,JVL,WI,AGL,CE,Federal Contract Tower,0,10,3,1,14,0,1,48,0,49,0,11,51,1,63,120,2,122,185
02/29/2012,JVL,WI,AGL,CE,Federal Contract Tower,2,13,3,0,18,0,0,7,0,7,2,13,10,0,25,6,0,6,31
03/01/2012,JVL,WI,AGL,CE,Federal Contract Tower,0,13,3,0,16,0,1,52,0,53,0,14,55,0,69,56,0,56,125
03/02/2012,JVL,WI,AGL,CE,Federal Contract Tower,0,9,2,0,11,0,2,0,0,2,0,11,2,0,13,0,0,0,13
03/03/2012,JVL,WI,AGL,CE,Federal Contract Tower,0,2,2,1,5,0,0,20,1,21,0,2,22,2,26,0,2,2,28
03/04/2012,JVL,WI,AGL,CE,Federal Contract Tower,0,12,0,0,12,0,2,24,0,26,0,14,24,0,38,72,0,72,110
03/05/2012,JVL,WI,AGL,CE,Federal Contract Tower,0,6,8,0,14,0,0,56,0,56,0,6,64,0,70,38,0,38,108
03/06/2012,JVL,WI,AGL,CE,Federal Contract Tower,0,5,1,0,6,0,2,26,0,28,0,7,27,0,34,84,0,84,118
03/07/2012,JVL,WI,AGL,CE,Federal Contract Tower,0,9,2,0,11,0,0,7,1,8,0,9,9,1,19,12,0,12,31
03/08/2012,JVL,WI,AGL,CE,Federal Contract Tower,1,13,9,0,23,0,1,38,0,39,1,14,47,0,62,22,0,22,84
03/09/2012,JVL,WI,AGL,CE,Federal Contract Tower,0,5,11,1,17,0,0,121,0,121,0,5,132,1,138,100,0,100,238
03/10/2012,JVL,WI,AGL,CE,Federal Contract Tower,0,0,5,0,5,0,2,66,0,68,0,2,71,0,73,0,0,0,73
03/11/2012,JVL,WI,AGL,CE,Federal Contract Tower,0,4,12,0,16,0,0,196,0,196,0,4,208,0,212,88,0,88,300
03/12/2012,JVL,WI,AGL,CE,Federal Contract Tower,0,6,4,0,10,0,2,1,0,3,0,8,5,0,13,0,0,0,13
03/13/2012,JVL,WI,AGL,CE,Federal Contract Tower,0,11,20,0,31,0,1,127,8,136,0,12,147,8,167,158,14,172,339
03/14/2012,JVL,WI,AGL,CE,Federal Contract Tower,0,9,6,0,15,0,0,63,0,63,0,9,69,0,78,84,0,84,162
03/15/2012,JVL,WI,AGL,CE,Federal Contract Tower,0,3,10,0,13,0,1,53,16,70,0,4,63,16,83,64,0,64,147
03/16/2012,JVL,WI,AGL,CE,Federal Contract Tower,1,10,13,0,24,0,3,124,0,127,1,13,137,0,151,150,0,150,301
03/17/2012,JVL,WI,AGL,CE,Federal Contract Tower,0,2,10,0,12,0,0,105,0,105,0,2,115,0,117,76,0,76,193
03/18/2012,JVL,WI,AGL,CE,Federal Contract Tower,0,3,11,0,14,0,0,127,0,127,0,3,138,0,141,106,0,106,247
03/19/2012,JVL,WI,AGL,CE,Federal Contract Tower,0,7,0,0,7,0,0,12,0,12,0,7,12,0,19,8,0,8,27
03/20/2012,JVL,WI,AGL,CE,Federal Contract Tower,1,6,1,0,8,0,0,31,0,31,1,6,32,0,39,82,0,82,121
03/21/2012,JVL,WI,AGL,CE,Federal Contract Tower,2,12,4,0,18,0,7,83,0,90,2,19,87,0,108,130,0,130,238
03/22/2012,JVL,WI,AGL,CE,Federal Contract Tower,0,10,5,1,16,0,3,44,0,47,0,13,49,1,63,50,0,50,113
03/23/2012,JVL,WI,AGL,CE,Federal Contract Tower,0,10,5,2,17,0,0,13,0,13,0,10,18,2,30,28,0,28,58
03/24/2012,JVL,WI,AGL,CE,Federal Contract Tower,0,2,24,0,26,0,0,19,0,19,0,2,43,0,45,10,0,10,55
03/25/2012,JVL,WI,AGL,CE,Federal Contract Tower,0,6,17,0,23,0,3,181,0,184,0,9,198,0,207,188,0,188,395
03/26/2012,JVL,WI,AGL,CE,Federal Contract Tower,0,7,0,0,7,0,0,11,0,11,0,7,11,0,18,36,0,36,54
03/27/2012,JVL,WI,AGL,CE,Federal Contract Tower,1,6,1,1,9,0,0,10,0,10,1,6,11,1,19,32,4,36,55
03/28/2012,JVL,WI,AGL,CE,Federal Contract Tower,0,9,10,1,20,0,0,62,1,63,0,9,72,2,83,146,18,164,247
03/29/2012,JVL,WI,AGL,CE,Federal Contract Tower,0,10,4,3,17,0,0,78,0,78,0,10,82,3,95,72,0,72,167
03/30/2012,JVL,WI,AGL,CE,Federal Contract Tower,0,7,16,0,23,0,0,0,0,0,0,7,16,0,23,0,0,0,23
03/31/2012,JVL,WI,AGL,CE,Federal Contract Tower,0,5,30,0,35,0,0,18,0,18,0,5,48,0,53,14,0,14,67
04/01/2012,JVL,WI,AGL,CE,Federal Contract Tower,0,8,23,0,31,0,0,16,0,16,0,8,39,0,47,44,0,44,91
04/02/2012,JVL,WI,AGL,CE,Federal Contract Tower,0,6,11,0,17,0,0,53,0,53,0,6,64,0,70,68,0,68,138
04/03/2012,JVL,WI,AGL,CE,Federal Contract Tower,0,7,9,0,16,0,0,65,0,65,0,7,74,0,81,220,0,220,301
04/04/2012,JVL,WI,AGL,CE,Federal Contract Tower,0,7,8,1,16,0,0,84,1,85,0,7,92,2,101,126,2,128,229
04/05/2012,JVL,WI,AGL,CE,Federal Contract Tower,0,8,7,0,15,0,0,16,0,16,0,8,23,0,31,22,0,22,53
04/06/2012,JVL,WI,AGL,CE,Federal Contract Tower,0,5,12,0,17,0,2,123,0,125,0,7,135,0,142,174,0,174,316
04/07/2012,JVL,WI,AGL,CE,Federal Contract Tower,0,2,16,0,18,0,0,140,0,140,0,2,156,0,158,102,0,102,260
04/08/2012,JVL,WI,AGL,CE,Federal Contract Tower,0,3,3,0,6,0,1,38,0,39,0,4,41,0,45,2,0,2,47
04/09/2012,JVL,WI,AGL,CE,Federal Contract Tower,0,10,2,2,14,0,5,17,5,27,0,15,19,7,41,28,12,40,81
04/10/2012,JVL,WI,AGL,CE,Federal Contract Tower,0,17,0,0,17,0,2,35,0,37,0,19,35,0,54,22,0,22,76
04/11/2012,JVL,WI,AGL,CE,Federal Contract Tower,0,8,7,1,16,0,7,64,1,72,0,15,71,2,88,74,0,74,162
04/12/2012,JVL,WI,AGL,CE,Federal Contract Tower,0,12,14,3,29,0,0,69,0,69,0,12,83,3,98,40,8,48,146
04/13/2012,JVL,WI,AGL,CE,Federal Contract Tower,0,5,6,0,11,0,1,34,0,35,0,6,40,0,46,14,0,14,60
04/14/2012,JVL,WI,AGL,CE,Federal Contract Tower,0,3,25,0,28,0,0,48,0,48,0,3,73,0,76,54,0,54,130
04/15/2012,JVL,WI,AGL,CE,Federal Contract Tower,0,9,0,0,9,0,4,2,0,6,0,13,2,0,15,0,0,0,15
04/16/2012,JVL,WI,AGL,CE,Federal Contract Tower,0,8,3,0,11,0,0,5,0,5,0,8,8,0,16,8,0,8,24
04/17/2012,JVL,WI,AGL,CE,Federal Contract Tower,0,12,17,0,29,0,18,88,0,106,0,30,105,0,135,232,0,232,367
04/18/2012,JVL,WI,AGL,CE,Federal Contract Tower,0,2,7,2,11,0,0,35,4,39,0,2,42,6,50,48,4,52,102
04/19/2012,JVL,WI,AGL,CE,Federal Contract Tower,0,10,11,0,21,0,0,23,0,23,0,10,34,0,44,46,0,46,90
04/20/2012,JVL,WI,AGL,CE,Federal Contract Tower,2,10,7,2,21,0,2,0,2,4,2,12,7,4,25,0,8,8,33
04/21/2012,JVL,WI,AGL,CE,Federal Contract Tower,0,1,22,0,23,0,0,162,0,162,0,1,184,0,185,72,0,72,257
04/22/2012,JVL,WI,AGL,CE,Federal Contract Tower,0,7,7,0,14,0,4,114,0,118,0,11,121,0,132,34,0,34,166
04/23/2012,JVL,WI,AGL,CE,Federal Contract Tower,1,12,12,0,25,0,0,55,0,55,1,12,67,0,80,68,0,68,148
04/24/2012,JVL,WI,AGL,CE,Federal Contract Tower,0,11,11,0,22,0,3,65,0,68,0,14,76,0,90,154,0,154,244
04/25/2012,JVL,WI,AGL,CE,Federal Contract Tower,0,18,9,0,27,0,0,26,0,26,0,18,35,0,53,14,0,14,67
04/26/2012,JVL,WI,AGL,CE,Federal Contract Tower,0,5,2,0,7,0,0,31,0,31,0,5,33,0,38,32,0,32,70
04/27/2012,JVL,WI,AGL,CE,Federal Contract Tower,0,8,10,0,18,0,2,66,0,68,0,10,76,0,86,80,0,80,166
04/28/2012,JVL,WI,AGL,CE,Federal Contract Tower,0,3,10,0,13,0,0,10,0,10,0,3,20,0,23,4,0,4,27
04/29/2012,JVL,WI,AGL,CE,Federal Contract Tower,0,10,17,0,27,0,3,158,0,161,0,13,175,0,188,68,0,68,256
04/30/2012,JVL,WI,AGL,CE,Federal Contract Tower,0,14,17,0,31,0,0,6,0,6,0,14,23,0,37,0,0,0,37
05/01/2012,JVL,WI,AGL,CE,Federal Contract Tower,0,11,19,2,32,0,0,48,0,48,0,11,67,2,80,100,2,102,182
05/02/2012,JVL,WI,AGL,CE,Federal Contract Tower,0,7,1,0,8,0,0,24,0,24,0,7,25,0,32,22,0,22,54
05/03/2012,JVL,WI,AGL,CE,Federal Contract Tower,0,9,5,0,14,0,1,37,0,38,0,10,42,0,52,58,0,58,110
05/04/2012,JVL,WI,AGL,CE,Federal Contract Tower,0,8,14,0,22,0,4,46,0,50,0,12,60,0,72,132,0,132,204
05/05/2012,JVL,WI,AGL,CE,Federal Contract Tower,0,8,12,0,20,0,0,10,0,10,0,8,22,0,30,60,0,60,90
05/06/2012,JVL,WI,AGL,CE,Federal Contract Tower,0,12,2,0,14,0,1,11,0,12,0,13,13,0,26,30,0,30,56
05/07/2012,JVL,WI,AGL,CE,Federal Contract Tower,0,12,10,0,22,0,0,26,0,26,0,12,36,0,48,62,0,62,110
05/08/2012,JVL,WI,AGL,CE,Federal Contract Tower,0,11,10,2,23,0,0,60,0,60,0,11,70,2,83,118,2,120,203
05/09/2012,JVL,WI,AGL,CE,Federal Contract Tower,0,10,10,0,20,0,1,70,0,71,0,11,80,0,91,66,0,66,157
05/10/2012,JVL,WI,AGL,CE,Federal Contract Tower,0,10,7,1,18,0,0,51,1,52,0,10,58,2,70,62,5,67,137
05/11/2012,JVL,WI,AGL,CE,Federal Contract Tower,0,13,18,0,31,0,0,87,0,87,0,13,105,0,118,102,0,102,220
05/12/2012,JVL,WI,AGL,CE,Federal Contract Tower,0,8,14,0,22,0,0,46,0,46,0,8,60,0,68,58,0,58,126
05/13/2012,JVL,WI,AGL,CE,Federal Contract Tower,0,5,14,0,19,0,5,125,0,130,0,10,139,0,149,128,0,128,277
05/14/2012,JVL,WI,AGL,CE,Federal Contract Tower,0,13,3,0,16,0,2,108,0,110,0,15,111,0,126,104,0,104,230
05/15/2012,JVL,WI,AGL,CE,Federal Contract Tower,0,14,3,0,17,0,1,50,0,51,0,15,53,0,68,68,0,68,136
05/16/2012,JVL,WI,AGL,CE,Federal Contract Tower,0,13,1,2,16,0,3,81,0,84,0,16,82,2,100,76,0,76,176
05/17/2012,JVL,WI,AGL,CE,Federal Contract Tower,0,5,5,0,10,0,0,75,0,75,0,5,80,0,85,62,0,62,147
05/18/2012,JVL,WI,AGL,CE,Federal Contract Tower,0,8,2,0,10,0,12,81,0,93,0,20,83,0,103,78,0,78,181
05/19/2012,JVL,WI,AGL,CE,Federal Contract Tower,0,10,8,0,18,0,2,101,0,103,0,12,109,0,121,30,0,30,151
05/20/2012,JVL,WI,AGL,CE,Federal Contract Tower,0,10,3,0,13,0,3,56,0,59,0,13,59,0,72,40,0,40,112
05/21/2012,JVL,WI,AGL,CE,Federal Contract Tower,2,20,5,1,28,0,0,36,1,37,2,20,41,2,65,80,4,84,149
05/22/2012,JVL,WI,AGL,CE,Federal Contract Tower,2,9,8,0,19,0,2,110,0,112,2,11,118,0,131,140,0,140,271
05/23/2012,JVL,WI,AGL,CE,Federal Contract Tower,3,7,4,0,14,0,0,106,4,110,3,7,110,4,124,166,4,170,294
05/24/2012,JVL,WI,AGL,CE,Federal Contract Tower,0,13,1,8,22,0,1,40,4,45,0,14,41,12,67,82,16,98,165
05/25/2012,JVL,WI,AGL,CE,Federal Contract Tower,0,4,4,4,12,0,3,69,14,86,0,7,73,18,98,146,166,312,410
05/26/2012,JVL,WI,AGL,CE,Federal Contract Tower,0,4,3,2,9,0,0,23,22,45,0,4,26,24,54,112,132,244,298
05/27/2012,JVL,WI,AGL,CE,Federal Contract Tower,3,7,7,4,21,0,1,53,29,83,3,8,60,33,104,200,126,326,430
05/28/2012,JVL,WI,AGL,CE,Federal Contract Tower,0,8,2,1,11,0,0,29,4,33,0,8,31,5,44,18,16,34,78
05/29/2012,JVL,WI,AGL,CE,Federal Contract Tower,0,7,4,1,12,0,0,53,0,53,0,7,57,1,65,52,4,56,121
05/30/2012,JVL,WI,AGL,CE,Federal Contract Tower,0,4,3,4,11,0,0,63,1,64,0,4,66,5,75,34,20,54,129
05/31/2012,JVL,WI,AGL,CE,Federal Contract Tower,0,12,6,0,18,0,0,47,2,49,0,12,53,2,67,84,8,92,159
06/01/2012,JVL,WI,AGL,CE,Federal Contract Tower,0,4,4,0,8,0,1,88,0,89,0,5,92,0,97,54,0,54,151
06/02/2012,JVL,WI,AGL,CE,Federal Contract Tower,0,3,17,0,20,0,6,97,0,103,0,9,114,0,123,96,0,96,219
06/03/2012,JVL,WI,AGL,CE,Federal Contract Tower,0,3,4,0,7,0,8,93,0,101,0,11,97,0,108,66,0,66,174
06/04/2012,JVL,WI,AGL,CE,Federal Contract Tower,1,8,12,0,21,0,3,62,0,65,1,11,74,0,86,86,0,86,172
06/05/2012,JVL,WI,AGL,CE,Federal Contract Tower,0,7,0,1,8,0,0,61,0,61,0,7,61,1,69,106,6,112,181
06/06/2012,JVL,WI,AGL,CE,Federal Contract Tower,0,5,5,0,10,0,0,72,0,72,0,5,77,0,82,128,0,128,210
06/07/2012,JVL,WI,AGL,CE,Federal Contract Tower,2,15,10,0,27,0,0,89,2,91,2,15,99,2,118,92,4,96,214
06/08/2012,JVL,WI,AGL,CE,Federal Contract Tower,0,10,4,0,14,0,3,87,0,90,0,13,91,0,104,106,0,106,210
06/09/2012,JVL,WI,AGL,CE,Federal Contract Tower,1,4,11,0,16,0,5,111,0,116,1,9,122,0,132,92,0,92,224
06/10/2012,JVL,WI,AGL,CE,Federal Contract Tower,0,2,3,0,5,0,0,106,0,106,0,2,109,0,111,16,0,16,127
06/11/2012,JVL,WI,AGL,CE,Federal Contract Tower,0,7,1,0,8,0,0,55,0,55,0,7,56,0,63,84,0,84,147
06/12/2012,JVL,WI,AGL,CE,Federal Contract Tower,0,10,3,0,13,0,3,76,0,79,0,13,79,0,92,122,0,122,214
06/13/2012,JVL,WI,AGL,CE,Federal Contract Tower,0,5,9,0,14,0,2,85,0,87,0,7,94,0,101,154,0,154,255
06/14/2012,JVL,WI,AGL,CE,Federal Contract Tower,0,12,7,0,19,0,0,87,6,93,0,12,94,6,112,214,18,232,344
06/15/2012,JVL,WI,AGL,CE,Federal Contract Tower,1,11,6,0,18,0,2,109,0,111,1,13,115,0,129,174,2,176,305
06/16/2012,JVL,WI,AGL,CE,Federal Contract Tower,0,3,13,0,16,0,2,43,0,45,0,5,56,0,61,20,0,20,81
06/17/2012,JVL,WI,AGL,CE,Federal Contract Tower,0,4,9,0,13,0,1,99,0,100,0,5,108,0,113,54,0,54,167
06/18/2012,JVL,WI,AGL,CE,Federal Contract Tower,2,9,2,1,14,0,0,9,1,10,2,9,11,2,24,0,0,0,24
06/19/2012,JVL,WI,AGL,CE,Federal Contract Tower,0,11,4,0,15,0,2,30,0,32,0,13,34,0,47,66,0,66,113
06/20/2012,JVL,WI,AGL,CE,Federal Contract Tower,0,10,6,0,16,0,1,40,0,41,0,11,46,0,57,66,0,66,123
06/21/2012,JVL,WI,AGL,CE,Federal Contract Tower,0,11,7,1,19,0,2,67,8,77,0,13,74,9,96,164,20,184,280
06/22/2012,JVL,WI,AGL,CE,Federal Contract Tower,0,3,5,0,8,0,0,116,0,116,0,3,121,0,124,204,0,204,328
06/23/2012,JVL,WI,AGL,CE,Federal Contract Tower,0,4,11,0,15,0,0,162,0,162,0,4,173,0,177,160,0,160,337
06/24/2012,JVL,WI,AGL,CE,Federal Contract Tower,0,4,4,0,8,0,0,96,0,96,0,4,100,0,104,102,0,102,206
06/25/2012,JVL,WI,AGL,CE,Federal Contract Tower,0,9,10,0,19,0,0,85,0,85,0,9,95,0,104,104,0,104,208
06/26/2012,JVL,WI,AGL,CE,Federal Contract Tower,0,10,12,0,22,0,3,104,0,107,0,13,116,0,129,118,0,118,247
06/27/2012,JVL,WI,AGL,CE,Federal Contract Tower,0,7,8,0,15,0,0,108,0,108,0,7,116,0,123,188,0,188,311
06/28/2012,JVL,WI,AGL,CE,Federal Contract Tower,0,14,8,0,22,0,3,55,0,58,0,17,63,0,80,48,0,48,128
06/29/2012,JVL,WI,AGL,CE,Federal Contract Tower,0,8,11,0,19,0,2,74,0,76,0,10,85,0,95,80,0,80,175
06/30/2012,JVL,WI,AGL,CE,Federal Contract Tower,0,5,9,0,14,0,0,96,0,96,0,5,105,0,110,34,0,34,144
07/01/2012,JVL,WI,AGL,CE,Federal Contract Tower,1,4,4,0,9,0,0,93,0,93,1,4,97,0,102,54,0,54,156
07/02/2012,JVL,WI,AGL,CE,Federal Contract Tower,0,3,14,0,17,0,0,65,0,65,0,3,79,0,82,38,0,38,120
07/03/2012,JVL,WI,AGL,CE,Federal Contract Tower,0,10,17,0,27,0,4,76,0,80,0,14,93,0,107,132,0,132,239
07/04/2012,JVL,WI,AGL,CE,Federal Contract Tower,0,2,7,0,9,0,3,37,0,40,0,5,44,0,49,8,0,8,57
07/05/2012,JVL,WI,AGL,CE,Federal Contract Tower,0,0,8,0,8,0,0,64,0,64,0,0,72,0,72,82,0,82,154
07/06/2012,JVL,WI,AGL,CE,Federal Contract Tower,0,4,9,0,13,0,0,61,0,61,0,4,70,0,74,72,0,72,146
07/07/2012,JVL,WI,AGL,CE,Federal Contract Tower,0,1,5,0,6,0,2,51,0,53,0,3,56,0,59,38,0,38,97
07/08/2012,JVL,WI,AGL,CE,Federal Contract Tower,0,7,9,0,16,0,0,89,0,89,0,7,98,0,105,66,0,66,171
07/09/2012,JVL,WI,AGL,CE,Federal Contract Tower,0,11,4,0,15,0,0,64,2,66,0,11,68,2,81,64,0,64,145
07/10/2012,JVL,WI,AGL,CE,Federal Contract Tower,0,5,12,0,17,0,0,75,0,75,0,5,87,0,92,40,0,40,132
07/11/2012,JVL,WI,AGL,CE,Federal Contract Tower,0,9,6,0,15,0,0,91,0,91,0,9,97,0,106,90,0,90,196
07/12/2012,JVL,WI,AGL,CE,Federal Contract Tower,0,8,4,0,12,0,0,79,0,79,0,8,83,0,91,112,0,112,203
07/13/2012,JVL,WI,AGL,CE,Federal Contract Tower,0,10,4,0,14,0,0,63,0,63,0,10,67,0,77,176,0,176,253
07/14/2012,JVL,WI,AGL,CE,Federal Contract Tower,1,4,4,0,9,0,0,75,0,75,1,4,79,0,84,88,0,88,172
07/15/2012,JVL,WI,AGL,CE,Federal Contract Tower,0,5,13,0,18,0,0,90,0,90,0,5,103,0,108,94,0,94,202
07/16/2012,JVL,WI,AGL,CE,Federal Contract Tower,0,9,5,0,14,0,0,45,0,45,0,9,50,0,59,42,0,42,101
07/17/2012,JVL,WI,AGL,CE,Federal Contract Tower,0,12,10,2,24,0,1,70,0,71,0,13,80,2,95,84,0,84,179
07/18/2012,JVL,WI,AGL,CE,Federal Contract Tower,1,8,13,0,22,0,2,40,0,42,1,10,53,0,64,70,0,70,134
07/19/2012,JVL,WI,AGL,CE,Federal Contract Tower,1,19,8,2,30,0,0,26,0,26,1,19,34,2,56,0,0,0,56
07/20/2012,JVL,WI,AGL,CE,Federal Contract Tower,0,8,11,0,19,0,1,140,0,141,0,9,151,0,160,182,0,182,342
07/21/2012,JVL,WI,AGL,CE,Federal Contract Tower,0,2,8,0,10,0,2,145,0,147,0,4,153,0,157,142,0,142,299
07/22/2012,JVL,WI,AGL,CE,Federal Contract Tower,0,6,15,0,21,0,1,70,0,71,0,7,85,0,92,0,0,0,92
07/23/2012,JVL,WI,AGL,CE,Federal Contract Tower,0,3,4,0,7,0,0,54,0,54,0,3,58,0,61,52,0,52,113
07/24/2012,JVL,WI,AGL,CE,Federal Contract Tower,0,6,4,0,10,0,2,51,0,53,0,8,55,0,63,70,0,70,133
07/25/2012,JVL,WI,AGL,CE,Federal Contract Tower,0,10,11,0,21,0,2,82,0,84,0,12,93,0,105,124,0,124,229
07/26/2012,JVL,WI,AGL,CE,Federal Contract Tower,0,11,11,0,22,0,0,95,0,95,0,11,106,0,117,116,0,116,233
07/27/2012,JVL,WI,AGL,CE,Federal Contract Tower,1,9,11,0,21,0,1,119,0,120,1,10,130,0,141,92,0,92,233
07/28/2012,JVL,WI,AGL,CE,Federal Contract Tower,0,0,11,0,11,0,0,126,0,126,0,0,137,0,137,88,0,88,225
07/29/2012,JVL,WI,AGL,CE,Federal Contract Tower,0,3,7,0,10,0,0,158,0,158,0,3,165,0,168,46,0,46,214
07/30/2012,JVL,WI,AGL,CE,Federal Contract Tower,0,10,7,0,17,0,1,93,0,94,0,11,100,0,111,130,0,130,241
07/31/2012,JVL,WI,AGL,CE,Federal Contract Tower,0,9,3,1,13,0,0,100,0,100,0,9,103,1,113,150,2,152,265
08/01/2012,JVL,WI,AGL,CE,Federal Contract Tower,0,15,7,0,22,0,3,65,0,68,0,18,72,0,90,112,0,112,202
08/02/2012,JVL,WI,AGL,CE,Federal Contract Tower,0,13,6,0,19,0,0,92,0,92,0,13,98,0,111,118,0,118,229
08/03/2012,JVL,WI,AGL,CE,Federal Contract Tower,0,14,11,0,25,0,2,88,0,90,0,16,99,0,115,118,0,118,233
08/04/2012,JVL,WI,AGL,CE,Federal Contract Tower,0,4,6,0,10,0,0,44,0,44,0,4,50,0,54,38,0,38,92
08/05/2012,JVL,WI,AGL,CE,Federal Contract Tower,0,6,12,0,18,0,1,94,0,95,0,7,106,0,113,22,0,22,135
08/06/2012,JVL,WI,AGL,CE,Federal Contract Tower,0,4,12,1,17,0,2,90,0,92,0,6,102,1,109,36,2,38,147
08/07/2012,JVL,WI,AGL,CE,Federal Contract Tower,0,4,2,0,6,0,0,54,0,54,0,4,56,0,60,126,0,126,186
08/08/2012,JVL,WI,AGL,CE,Federal Contract Tower,0,7,4,0,11,0,0,81,0,81,0,7,85,0,92,90,0,90,182
08/09/2012,JVL,WI,AGL,CE,Federal Contract Tower,0,3,12,0,15,0,0,16,0,16,0,3,28,0,31,8,0,8,39
08/10/2012,JVL,WI,AGL,CE,Federal Contract Tower,0,10,12,0,22,0,5,59,0,64,0,15,71,0,86,92,0,92,178
08/11/2012,JVL,WI,AGL,CE,Federal Contract Tower,0,0,25,0,25,0,0,131,0,131,0,0,156,0,156,142,0,142,298
08/12/2012,JVL,WI,AGL,CE,Federal Contract Tower,0,7,12,0,19,0,1,70,0,71,0,8,82,0,90,82,0,82,172
08/13/2012,JVL,WI,AGL,CE,Federal Contract Tower,0,14,16,0,30,0,0,22,0,22,0,14,38,0,52,6,0,6,58
08/14/2012,JVL,WI,AGL,CE,Federal Contract Tower,2,16,7,3,28,0,0,114,1,115,2,16,121,4,143,210,0,210,353
08/15/2012,JVL,WI,AGL,CE,Federal Contract Tower,0,4,11,0,15,0,0,88,0,88,0,4,99,0,103,118,0,118,221
08/16/2012,JVL,WI,AGL,CE,Federal Contract Tower,0,10,5,2,17,0,0,5,0,5,0,10,10,2,22,20,0,20,42
08/17/2012,JVL,WI,AGL,CE,Federal Contract Tower,0,4,5,0,9,0,0,110,0,110,0,4,115,0,119,92,0,92,211
08/18/2012,JVL,WI,AGL,CE,Federal Contract Tower,0,4,7,0,11,0,1,119,0,120,0,5,126,0,131,26,0,26,157
08/19/2012,JVL,WI,AGL,CE,Federal Contract Tower,0,10,8,0,18,0,0,77,0,77,0,10,85,0,95,126,0,126,221
08/20/2012,JVL,WI,AGL,CE,Federal Contract Tower,0,13,3,0,16,0,1,49,0,50,0,14,52,0,66,144,0,144,210
08/21/2012,JVL,WI,AGL,CE,Federal Contract Tower,2,6,4,0,12,0,5,119,0,124,2,11,123,0,136,146,0,146,282
08/22/2012,JVL,WI,AGL,CE,Federal Contract Tower,0,26,9,0,35,0,8,108,0,116,0,34,117,0,151,176,0,176,327
08/23/2012,JVL,WI,AGL,CE,Federal Contract Tower,0,12,6,0,18,0,0,63,4,67,0,12,69,4,85,140,0,140,225
08/24/2012,JVL,WI,AGL,CE,Federal Contract Tower,0,7,10,0,17,0,2,58,1,61,0,9,68,1,78,16,0,16,94
08/25/2012,JVL,WI,AGL,CE,Federal Contract Tower,1,9,15,0,25,0,0,75,0,75,1,9,90,0,100,54,0,54,154
08/26/2012,JVL,WI,AGL,CE,Federal Contract Tower,0,8,11,0,19,0,0,4,0,4,0,8,15,0,23,0,0,0,23
08/27/2012,JVL,WI,AGL,CE,Federal Contract Tower,2,11,7,0,20,0,0,69,0,69,2,11,76,0,89,108,0,108,197
08/28/2012,JVL,WI,AGL,CE,Federal Contract Tower,3,10,8,0,21,0,3,129,0,132,3,13,137,0,153,210,0,210,363
08/29/2012,JVL,WI,AGL,CE,Federal Contract Tower,2,6,18,0,26,0,2,95,0,97,2,8,113,0,123,98,0,98,221
08/30/2012,JVL,WI,AGL,CE,Federal Contract Tower,1,7,9,0,17,0,2,56,0,58,1,9,65,0,75,46,0,46,121
08/31/2012,JVL,WI,AGL,CE,Federal Contract Tower,0,7,12,0,19,0,0,59,0,59,0,7,71,0,78,92,0,92,170
09/01/2012,JVL,WI,AGL,CE,Federal Contract Tower,1,0,9,9,19,0,0,36,0,36,1,0,45,9,55,32,0,32,87
09/02/2012,JVL,WI,AGL,CE,Federal Contract Tower,0,8,13,0,21,0,1,91,0,92,0,9,104,0,113,90,0,90,203
09/03/2012,JVL,WI,AGL,CE,Federal Contract Tower,1,3,7,0,11,0,0,57,0,57,1,3,64,0,68,76,0,76,144
09/04/2012,JVL,WI,AGL,CE,Federal Contract Tower,0,9,3,0,12,0,1,82,0,83,0,10,85,0,95,148,0,148,243
09/05/2012,JVL,WI,AGL,CE,Federal Contract Tower,0,13,2,0,15,0,1,29,0,30,0,14,31,0,45,46,0,46,91
09/06/2012,JVL,WI,AGL,CE,Federal Contract Tower,0,10,15,0,25,0,1,90,0,91,0,11,105,0,116,86,0,86,202
09/07/2012,JVL,WI,AGL,CE,Federal Contract Tower,0,10,11,0,21,0,2,39,0,41,0,12,50,0,62,34,0,34,96
09/08/2012,JVL,WI,AGL,CE,Federal Contract Tower,0,5,10,1,16,0,0,63,0,63,0,5,73,1,79,122,0,122,201
09/09/2012,JVL,WI,AGL,CE,Federal Contract Tower,0,13,23,0,36,0,0,89,0,89,0,13,112,0,125,80,0,80,205
09/10/2012,JVL,WI,AGL,CE,Federal Contract Tower,0,6,4,0,10,0,0,79,0,79,0,6,83,0,89,108,0,108,197
09/11/2012,JVL,WI,AGL,CE,Federal Contract Tower,1,11,3,0,15,0,1,59,0,60,1,12,62,0,75,104,0,104,179
09/12/2012,JVL,WI,AGL,CE,Federal Contract Tower,1,6,1,0,8,0,0,78,0,78,1,6,79,0,86,84,0,84,170
09/13/2012,JVL,WI,AGL,CE,Federal Contract Tower,0,5,16,0,21,0,2,13,0,15,0,7,29,0,36,6,0,6,42
09/14/2012,JVL,WI,AGL,CE,Federal Contract Tower,0,17,8,0,25,0,4,93,0,97,0,21,101,0,122,50,0,50,172
09/15/2012,JVL,WI,AGL,CE,Federal Contract Tower,0,4,12,0,16,0,0,105,0,105,0,4,117,0,121,84,0,84,205
09/16/2012,JVL,WI,AGL,CE,Federal Contract Tower,1,5,19,0,25,0,0,126,0,126,1,5,145,0,151,152,0,152,303
09/17/2012,JVL,WI,AGL,CE,Federal Contract Tower,1,4,6,0,11,0,0,41,0,41,1,4,47,0,52,66,0,66,118
09/18/2012,JVL,WI,AGL,CE,Federal Contract Tower,0,4,7,0,11,0,2,45,0,47,0,6,52,0,58,82,0,82,140
09/19/2012,JVL,WI,AGL,CE,Federal Contract Tower,0,6,11,3,20,0,0,55,0,55,0,6,66,3,75,52,0,52,127
09/20/2012,JVL,WI,AGL,CE,Federal Contract Tower,0,7,3,0,10,0,0,74,0,74,0,7,77,0,84,106,0,106,190
09/21/2012,JVL,WI,AGL,CE,Federal Contract Tower,0,9,6,1,16,0,0,21,1,22,0,9,27,2,38,42,0,42,80
09/22/2012,JVL,WI,AGL,CE,Federal Contract Tower,1,6,13,2,22,0,3,41,0,44,1,9,54,2,66,50,4,54,120
09/23/2012,JVL,WI,AGL,CE,Federal Contract Tower,0,10,12,0,22,0,2,144,0,146,0,12,156,0,168,164,0,164,332
09/24/2012,JVL,WI,AGL,CE,Federal Contract Tower,3,7,9,1,20,0,7,52,2,61,3,14,61,3,81,96,14,110,191
09/25/2012,JVL,WI,AGL,CE,Federal Contract Tower,0,6,11,0,17,0,0,87,0,87,0,6,98,0,104,140,0,140,244
09/26/2012,JVL,WI,AGL,CE,Federal Contract Tower,0,16,8,0,24,0,8,59,2,69,0,24,67,2,93,98,8,106,199
09/27/2012,JVL,WI,AGL,CE,Federal Contract Tower,0,14,5,0,19,0,2,53,0,55,0,16,58,0,74,50,0,50,124
09/28/2012,JVL,WI,AGL,CE,Federal Contract Tower,0,19,5,0,24,0,1,75,0,76,0,20,80,0,100,48,0,48,148
09/29/2012,JVL,WI,AGL,CE,Federal Contract Tower,0,5,9,0,14,0,0,126,0,126,0,5,135,0,140,132,0,132,272
09/30/2012,JVL,WI,AGL,CE,Federal Contract Tower,0,7,5,0,12,0,0,121,0,121,0,7,126,0,133,92,0,92,225
10/01/2012,JVL,WI,AGL,CE,Federal Contract Tower,0,3,14,0,17,0,1,91,0,92,0,4,105,0,109,94,0,94,203
10/02/2012,JVL,WI,AGL,CE,Federal Contract Tower,0,3,6,0,9,0,0,71,0,71,0,3,77,0,80,104,0,104,184
10/03/2012,JVL,WI,AGL,CE,Federal Contract Tower,0,11,11,0,22,0,1,31,0,32,0,12,42,0,54,10,0,10,64
10/04/2012,JVL,WI,AGL,CE,Federal Contract Tower,0,13,4,0,17,0,0,59,0,59,0,13,63,0,76,16,0,16,92
10/05/2012,JVL,WI,AGL,CE,Federal Contract Tower,0,12,8,0,20,0,0,54,0,54,0,12,62,0,74,42,0,42,116
10/06/2012,JVL,WI,AGL,CE,Federal Contract Tower,1,1,14,0,16,0,1,84,0,85,1,2,98,0,101,78,0,78,179
10/07/2012,JVL,WI,AGL,CE,Federal Contract Tower,2,10,16,0,28,0,0,101,0,101,2,10,117,0,129,168,0,168,297
10/08/2012,JVL,WI,AGL,CE,Federal Contract Tower,1,5,8,0,14,0,4,32,0,36,1,9,40,0,50,38,0,38,88
10/09/2012,JVL,WI,AGL,CE,Federal Contract Tower,0,9,5,0,14,0,4,30,0,34,0,13,35,0,48,48,0,48,96
10/10/2012,JVL,WI,AGL,CE,Federal Contract Tower,0,7,12,0,19,0,2,45,0,47,0,9,57,0,66,12,0,12,78
10/11/2012,JVL,WI,AGL,CE,Federal Contract Tower,0,15,11,0,26,0,1,36,0,37,0,16,47,0,63,20,0,20,83
10/12/2012,JVL,WI,AGL,CE,Federal Contract Tower,0,6,11,0,17,0,0,118,0,118,0,6,129,0,135,78,0,78,213
10/13/2012,JVL,WI,AGL,CE,Federal Contract Tower,0,0,6,0,6,0,0,2,0,2,0,0,8,0,8,4,0,4,12
10/14/2012,JVL,WI,AGL,CE,Federal Contract Tower,0,11,3,0,14,0,0,0,0,0,0,11,3,0,14,0,0,0,14
10/15/2012,JVL,WI,AGL,CE,Federal Contract Tower,0,10,15,0,25,0,0,59,0,59,0,10,74,0,84,100,0,100,184
10/16/2012,JVL,WI,AGL,CE,Federal Contract Tower,0,12,7,0,19,0,2,52,0,54,0,14,59,0,73,72,0,72,145
10/17/2012,JVL,WI,AGL,CE,Federal Contract Tower,0,10,7,0,17,0,0,15,0,15,0,10,22,0,32,8,0,8,40
10/18/2012,JVL,WI,AGL,CE,Federal Contract Tower,0,5,8,0,13,0,0,7,0,7,0,5,15,0,20,6,0,6,26
10/19/2012,JVL,WI,AGL,CE,Federal Contract Tower,0,8,6,1,15,0,0,1,1,2,0,8,7,2,17,0,2,2,19
10/20/2012,JVL,WI,AGL,CE,Federal Contract Tower,0,4,13,0,17,0,0,138,0,138,0,4,151,0,155,132,0,132,287
10/21/2012,JVL,WI,AGL,CE,Federal Contract Tower,0,3,18,0,21,0,1,117,0,118,0,4,135,0,139,62,0,62,201
10/22/2012,JVL,WI,AGL,CE,Federal Contract Tower,0,3,1,0,4,0,0,1,0,1,0,3,2,0,5,0,0,0,5
10/23/2012,JVL,WI,AGL,CE,Federal Contract Tower,2,5,11,0,18,0,0,4,0,4,2,5,15,0,22,22,0,22,44
10/24/2012,JVL,WI,AGL,CE,Federal Contract Tower,0,6,6,0,12,0,0,59,2,61,0,6,65,2,73,76,8,84,157
10/25/2012,JVL,WI,AGL,CE,Federal Contract Tower,0,16,4,0,20,0,0,11,0,11,0,16,15,0,31,14,0,14,45
10/26/2012,JVL,WI,AGL,CE,Federal Contract Tower,0,11,6,0,17,0,0,55,0,55,0,11,61,0,72,72,0,72,144
10/27/2012,JVL,WI,AGL,CE,Federal Contract Tower,0,1,5,0,6,0,0,141,0,141,0,1,146,0,147,170,0,170,317
10/28/2012,JVL,WI,AGL,CE,Federal Contract Tower,0,5,16,0,21,0,0,128,0,128,0,5,144,0,149,68,0,68,217
10/29/2012,JVL,WI,AGL,CE,Federal Contract Tower,0,9,13,0,22,0,0,56,0,56,0,9,69,0,78,48,0,48,126
10/30/2012,JVL,WI,AGL,CE,Federal Contract Tower,1,4,4,0,9,0,0,14,0,14,1,4,18,0,23,0,0,0,23
10/31/2012,JVL,WI,AGL,CE,Federal Contract Tower,2,3,9,0,14,0,0,40,0,40,2,3,49,0,54,30,0,30,84
11/01/2012,JVL,WI,AGL,CE,Federal Contract Tower,0,9,10,0,19,0,0,51,0,51,0,9,61,0,70,80,0,80,150
11/02/2012,JVL,WI,AGL,CE,Federal Contract Tower,0,14,3,0,17,0,0,62,0,62,0,14,65,0,79,76,0,76,155
11/03/2012,JVL,WI,AGL,CE,Federal Contract Tower,0,1,17,0,18,0,0,63,0,63,0,1,80,0,81,50,0,50,131
11/04/2012,JVL,WI,AGL,CE,Federal Contract Tower,0,6,14,1,21,0,0,113,1,114,0,6,127,2,135,134,0,134,269
11/05/2012,JVL,WI,AGL,CE,Federal Contract Tower,0,9,14,2,25,0,1,40,5,46,0,10,54,7,71,44,4,48,119
11/06/2012,JVL,WI,AGL,CE,Federal Contract Tower,1,9,13,0,23,0,0,0,0,0,1,9,13,0,23,24,0,24,47
11/07/2012,JVL,WI,AGL,CE,Federal Contract Tower,2,27,4,0,33,0,0,1,0,1,2,27,5,0,34,10,0,10,44
11/08/2012,JVL,WI,AGL,CE,Federal Contract Tower,0,9,9,0,18,0,0,72,0,72,0,9,81,0,90,124,0,124,214
11/09/2012,JVL,WI,AGL,CE,Federal Contract Tower,0,17,10,0,27,0,0,63,0,63,0,17,73,0,90,80,0,80,170
11/10/2012,JVL,WI,AGL,CE,Federal Contract Tower,0,3,2,0,5,0,0,29,0,29,0,3,31,0,34,6,0,6,40
11/11/2012,JVL,WI,AGL,CE,Federal Contract Tower,0,9,5,0,14,0,0,5,0,5,0,9,10,0,19,0,0,0,19
11/12/2012,JVL,WI,AGL,CE,Federal Contract Tower,0,9,4,0,13,0,0,0,0,0,0,9,4,0,13,0,0,0,13
11/13/2012,JVL,WI,AGL,CE,Federal Contract Tower,0,20,19,0,39,0,0,70,2,72,0,20,89,2,111,178,8,186,297
11/14/2012,JVL,WI,AGL,CE,Federal Contract Tower,0,13,12,0,25,0,0,53,0,53,0,13,65,0,78,64,0,64,142
11/15/2012,JVL,WI,AGL,CE,Federal Contract Tower,0,4,10,0,14,0,0,87,0,87,0,4,97,0,101,68,0,68,169
11/16/2012,JVL,WI,AGL,CE,Federal Contract Tower,0,21,11,0,32,0,4,75,0,79,0,25,86,0,111,118,0,118,229
11/17/2012,JVL,WI,AGL,CE,Federal Contract Tower,0,1,14,0,15,0,0,170,0,170,0,1,184,0,185,130,0,130,315
11/18/2012,JVL,WI,AGL,CE,Federal Contract Tower,0,6,20,0,26,0,5,133,0,138,0,11,153,0,164,142,0,142,306
11/19/2012,JVL,WI,AGL,CE,Federal Contract Tower,0,5,9,1,15,0,0,48,0,48,0,5,57,1,63,34,0,34,97
11/20/2012,JVL,WI,AGL,CE,Federal Contract Tower,0,8,8,0,16,0,0,47,0,47,0,8,55,0,63,30,0,30,93
11/21/2012,JVL,WI,AGL,CE,Federal Contract Tower,0,21,11,0,32,0,1,46,0,47,0,22,57,0,79,102,0,102,181
11/22/2012,JVL,WI,AGL,CE,Federal Contract Tower,0,4,0,0,4,0,0,4,0,4,0,4,4,0,8,0,0,0,8
11/23/2012,JVL,WI,AGL,CE,Federal Contract Tower,0,1,1,0,2,0,0,8,0,8,0,1,9,0,10,24,0,24,34
11/24/2012,JVL,WI,AGL,CE,Federal Contract Tower,0,3,14,0,17,0,0,109,0,109,0,3,123,0,126,98,0,98,224
11/25/2012,JVL,WI,AGL,CE,Federal Contract Tower,0,10,12,0,22,0,0,88,0,88,0,10,100,0,110,70,0,70,180
11/26/2012,JVL,WI,AGL,CE,Federal Contract Tower,0,9,9,0,18,0,0,36,0,36,0,9,45,0,54,16,0,16,70
11/27/2012,JVL,WI,AGL,CE,Federal Contract Tower,0,8,6,0,14,0,0,56,0,56,0,8,62,0,70,52,0,52,122
11/28/2012,JVL,WI,AGL,CE,Federal Contract Tower,0,6,10,0,16,0,0,63,2,65,0,6,73,2,81,86,6,92,173
11/29/2012,JVL,WI,AGL,CE,Federal Contract Tower,0,10,3,0,13,0,0,64,0,64,0,10,67,0,77,74,0,74,151
11/30/2012,JVL,WI,AGL,CE,Federal Contract Tower,0,11,9,0,20,0,0,73,0,73,0,11,82,0,93,170,0,170,263
12/01/2012,JVL,WI,AGL,CE,Federal Contract Tower,0,4,9,0,13,0,0,20,0,20,0,4,29,0,33,34,0,34,67
12/02/2012,JVL,WI,AGL,CE,Federal Contract Tower,0,13,12,0,25,0,2,57,0,59,0,15,69,0,84,82,0,82,166
12/03/2012,JVL,WI,AGL,CE,Federal Contract Tower,0,9,9,0,18,0,0,0,0,0,0,9,9,0,18,0,0,0,18
12/04/2012,JVL,WI,AGL,CE,Federal Contract Tower,0,17,8,1,26,0,0,59,0,59,0,17,67,1,85,116,2,118,203
12/05/2012,JVL,WI,AGL,CE,Federal Contract Tower,0,10,21,0,31,0,0,74,0,74,0,10,95,0,105,54,0,54,159
12/06/2012,JVL,WI,AGL,CE,Federal Contract Tower,0,6,14,0,20,0,0,59,2,61,0,6,73,2,81,92,6,98,179
12/07/2012,JVL,WI,AGL,CE,Federal Contract Tower,0,10,5,0,15,0,3,34,0,37,0,13,39,0,52,52,0,52,104
12/08/2012,JVL,WI,AGL,CE,Federal Contract Tower,0,9,4,0,13,0,0,17,0,17,0,9,21,0,30,8,0,8,38
12/09/2012,JVL,WI,AGL,CE,Federal Contract Tower,0,6,10,0,16,0,0,0,0,0,0,6,10,0,16,0,0,0,16
12/10/2012,JVL,WI,AGL,CE,Federal Contract Tower,0,10,4,0,14,0,1,8,0,9,0,11,12,0,23,40,0,40,63
12/11/2012,JVL,WI,AGL,CE,Federal Contract Tower,0,9,8,0,17,0,6,34,0,40,0,15,42,0,57,57,1,58,115
12/12/2012,JVL,WI,AGL,CE,Federal Contract Tower,0,9,4,0,13,0,1,68,0,69,0,10,72,0,82,98,0,98,180
12/13/2012,JVL,WI,AGL,CE,Federal Contract Tower,0,5,5,0,10,0,0,37,0,37,0,5,42,0,47,39,1,40,87
12/14/2012,JVL,WI,AGL,CE,Federal Contract Tower,0,16,5,0,21,0,1,115,0,116,0,17,120,0,137,80,0,80,217
12/15/2012,JVL,WI,AGL,CE,Federal Contract Tower,0,1,10,0,11,0,0,0,0,0,0,1,10,0,11,4,0,4,15
12/16/2012,JVL,WI,AGL,CE,Federal Contract Tower,0,7,2,0,9,0,0,1,0,1,0,7,3,0,10,0,0,0,10
12/17/2012,JVL,WI,AGL,CE,Federal Contract Tower,0,9,6,0,15,0,0,14,0,14,0,9,20,0,29,0,0,0,29
12/18/2012,JVL,WI,AGL,CE,Federal Contract Tower,0,14,5,0,19,0,0,0,0,0,0,14,5,0,19,0,0,0,19
12/19/2012,JVL,WI,AGL,CE,Federal Contract Tower,0,15,12,1,28,0,0,14,0,14,0,15,26,1,42,12,0,12,54
12/20/2012,JVL,WI,AGL,CE,Federal Contract Tower,0,2,0,0,2,0,0,0,0,0,0,2,0,0,2,0,0,0,2
12/21/2012,JVL,WI,AGL,CE,Federal Contract Tower,0,16,1,0,17,0,0,11,0,11,0,16,12,0,28,6,0,6,34
12/22/2012,JVL,WI,AGL,CE,Federal Contract Tower,0,11,15,0,26,0,3,73,0,76,0,14,88,0,102,102,0,102,204
12/23/2012,JVL,WI,AGL,CE,Federal Contract Tower,0,4,13,0,17,0,0,36,0,36,0,4,49,0,53,36,0,36,89
12/24/2012,JVL,WI,AGL,CE,Federal Contract Tower,0,2,1,0,3,0,0,8,0,8,0,2,9,0,11,10,0,10,21
12/25/2012,JVL,WI,AGL,CE,Federal Contract Tower,0,0,0,0,0,0,2,5,0,7,0,2,5,0,7,0,0,0,7
12/26/2012,JVL,WI,AGL,CE,Federal Contract Tower,0,9,5,0,14,0,0,33,0,33,0,9,38,0,47,44,0,44,91
12/27/2012,JVL,WI,AGL,CE,Federal Contract Tower,0,8,7,0,15,0,2,45,0,47,0,10,52,0,62,66,0,66,128
12/28/2012,JVL,WI,AGL,CE,Federal Contract Tower,0,9,0,0,9,0,0,3,0,3,0,9,3,0,12,8,0,8,20
12/29/2012,JVL,WI,AGL,CE,Federal Contract Tower,0,3,2,0,5,0,0,11,0,11,0,3,13,0,16,30,0,30,46
12/30/2012,JVL,WI,AGL,CE,Federal Contract Tower,0,1,10,0,11,0,0,130,0,130,0,1,140,0,141,32,0,32,173
12/31/2012,JVL,WI,AGL,CE,Federal Contract Tower,0,2,0,0,2,0,0,23,0,23,0,2,23,0,25,2,0,2,27
01/01/2013,JVL,WI,AGL,CE,Federal Contract Tower,0,1,1,0,2,0,1,16,0,17,0,2,17,0,19,8,0,8,27
01/02/2013,JVL,WI,AGL,CE,Federal Contract Tower,0,15,1,0,16,0,2,48,0,50,0,17,49,0,66,62,0,62,128
01/03/2013,JVL,WI,AGL,CE,Federal Contract Tower,0,3,1,0,4,0,0,12,0,12,0,3,13,0,16,8,0,8,24
01/04/2013,JVL,WI,AGL,CE,Federal Contract Tower,0,6,7,0,13,0,6,66,0,72,0,12,73,0,85,16,0,16,101
01/05/2013,JVL,WI,AGL,CE,Federal Contract Tower,0,2,13,0,15,0,0,93,0,93,0,2,106,0,108,74,0,74,182
01/06/2013,JVL,WI,AGL,CE,Federal Contract Tower,0,8,11,0,19,0,5,62,0,67,0,13,73,0,86,50,0,50,136
01/07/2013,JVL,WI,AGL,CE,Federal Contract Tower,0,7,3,0,10,0,1,48,0,49,0,8,51,0,59,88,0,88,147
01/08/2013,JVL,WI,AGL,CE,Federal Contract Tower,0,8,16,0,24,0,49,19,0,68,0,57,35,0,92,70,0,70,162
01/09/2013,JVL,WI,AGL,CE,Federal Contract Tower,0,11,5,0,16,0,0,48,0,48,0,11,53,0,64,24,0,24,88
01/10/2013,JVL,WI,AGL,CE,Federal Contract Tower,0,6,2,0,8,0,0,22,0,22,0,6,24,0,30,4,0,4,34
01/11/2013,JVL,WI,AGL,CE,Federal Contract Tower,0,8,4,0,12,0,0,0,0,0,0,8,4,0,12,6,0,6,18
01/12/2013,JVL,WI,AGL,CE,Federal Contract Tower,0,5,13,0,18,0,0,40,0,40,0,5,53,0,58,38,0,38,96
01/13/2013,JVL,WI,AGL,CE,Federal Contract Tower,0,12,1,0,13,0,2,26,0,28,0,14,27,0,41,18,0,18,59
01/14/2013,JVL,WI,AGL,CE,Federal Contract Tower,2,4,2,1,9,0,1,41,0,42,2,5,43,1,51,42,6,48,99
01/15/2013,JVL,WI,AGL,CE,Federal Contract Tower,0,8,1,0,9,0,1,81,0,82,0,9,82,0,91,66,0,66,157
01/16/2013,JVL,WI,AGL,CE,Federal Contract Tower,0,9,3,0,12,0,0,23,0,23,0,9,26,0,35,22,0,22,57
01/17/2013,JVL,WI,AGL,CE,Federal Contract Tower,0,5,5,0,10,0,2,81,2,85,0,7,86,2,95,56,0,56,151
01/18/2013,JVL,WI,AGL,CE,Federal Contract Tower,0,5,2,1,8,0,4,17,0,21,0,9,19,1,29,6,0,6,35
01/19/2013,JVL,WI,AGL,CE,Federal Contract Tower,0,3,7,0,10,0,0,49,0,49,0,3,56,0,59,40,0,40,99
01/20/2013,JVL,WI,AGL,CE,Federal Contract Tower,0,2,7,0,9,0,1,42,0,43,0,3,49,0,52,16,0,16,68
01/21/2013,JVL,WI,AGL,CE,Federal Contract Tower,0,24,7,0,31,0,8,30,0,38,0,32,37,0,69,76,0,76,145
01/22/2013,JVL,WI,AGL,CE,Federal Contract Tower,0,7,6,0,13,0,0,22,0,22,0,7,28,0,35,48,0,48,83
01/23/2013,JVL,WI,AGL,CE,Federal Contract Tower,0,10,4,0,14,0,0,4,0,4,0,10,8,0,18,2,0,2,20
01/24/2013,JVL,WI,AGL,CE,Federal Contract Tower,0,2,3,0,5,0,0,48,2,50,0,2,51,2,55,20,6,26,81
01/25/2013,JVL,WI,AGL,CE,Federal Contract Tower,0,9,0,0,9,0,0,21,0,21,0,9,21,0,30,64,0,64,94
01/26/2013,JVL,WI,AGL,CE,Federal Contract Tower,0,3,20,0,23,0,0,200,0,200,0,3,220,0,223,86,0,86,309
01/27/2013,JVL,WI,AGL,CE,Federal Contract Tower,0,3,1,0,4,0,0,3,0,3,0,3,4,0,7,0,0,0,7
01/28/2013,JVL,WI,AGL,CE,Federal Contract Tower,0,16,4,0,20,0,1,5,0,6,0,17,9,0,26,14,0,14,40
01/29/2013,JVL,WI,AGL,CE,Federal Contract Tower,0,9,6,0,15,0,0,8,0,8,0,9,14,0,23,48,0,48,71
01/30/2013,JVL,WI,AGL,CE,Federal Contract Tower,0,13,2,0,15,0,0,0,0,0,0,13,2,0,15,0,0,0,15
01/31/2013,JVL,WI,AGL,CE,Federal Contract Tower,0,15,1,1,17,0,0,3,1,4,0,15,4,2,21,0,2,2,23
02/01/2013,JVL,WI,AGL,CE,Federal Contract Tower,0,7,5,0,12,0,4,35,0,39,0,11,40,0,51,72,0,72,123
02/02/2013,JVL,WI,AGL,CE,Federal Contract Tower,0,5,3,0,8,0,2,2,0,4,0,7,5,0,12,2,0,2,14
02/03/2013,JVL,WI,AGL,CE,Federal Contract Tower,1,11,1,0,13,0,1,8,0,9,1,12,9,0,22,0,0,0,22
02/04/2013,JVL,WI,AGL,CE,Federal Contract Tower,0,5,0,2,7,0,0,7,0,7,0,5,7,2,14,14,2,16,30
02/05/2013,JVL,WI,AGL,CE,Federal Contract Tower,1,3,1,2,7,0,0,0,0,0,1,3,1,2,7,0,0,0,7
02/06/2013,JVL,WI,AGL,CE,Federal Contract Tower,0,9,7,0,16,0,0,53,0,53,0,9,60,0,69,52,0,52,121
02/07/2013,JVL,WI,AGL,CE,Federal Contract Tower,0,6,2,0,8,0,0,0,0,0,0,6,2,0,8,0,0,0,8
02/08/2013,JVL,WI,AGL,CE,Federal Contract Tower,0,10,6,0,16,0,3,29,0,32,0,13,35,0,48,54,0,54,102
02/09/2013,JVL,WI,AGL,CE,Federal Contract Tower,0,3,4,0,7,0,0,17,0,17,0,3,21,0,24,74,0,74,98
02/10/2013,JVL,WI,AGL,CE,Federal Contract Tower,0,8,6,0,14,0,0,0,0,0,0,8,6,0,14,0,0,0,14
02/11/2013,JVL,WI,AGL,CE,Federal Contract Tower,0,6,0,0,6,0,0,0,1,1,0,6,0,1,7,0,0,0,7
02/12/2013,JVL,WI,AGL,CE,Federal Contract Tower,0,8,11,2,21,0,0,53,4,57,0,8,64,6,78,56,0,56,134
02/13/2013,JVL,WI,AGL,CE,Federal Contract Tower,0,16,13,0,29,0,3,119,2,124,0,19,132,2,153,90,8,98,251
02/14/2013,JVL,WI,AGL,CE,Federal Contract Tower,0,13,3,0,16,0,0,3,0,3,0,13,6,0,19,6,0,6,25
02/15/2013,JVL,WI,AGL,CE,Federal Contract Tower,0,11,11,2,24,0,3,49,9,61,0,14,60,11,85,44,6,50,135
02/16/2013,JVL,WI,AGL,CE,Federal Contract Tower,0,4,8,0,12,0,2,73,0,75,0,6,81,0,87,84,0,84,171
02/17/2013,JVL,WI,AGL,CE,Federal Contract Tower,0,8,10,0,18,0,2,205,0,207,0,10,215,0,225,114,0,114,339
02/18/2013,JVL,WI,AGL,CE,Federal Contract Tower,0,7,0,0,7,0,0,5,0,5,0,7,5,0,12,0,0,0,12
02/19/2013,JVL,WI,AGL,CE,Federal Contract Tower,0,7,2,0,9,0,0,0,0,0,0,7,2,0,9,0,0,0,9
02/20/2013,JVL,WI,AGL,CE,Federal Contract Tower,0,17,3,0,20,0,0,48,0,48,0,17,51,0,68,6,0,6,74
02/21/2013,JVL,WI,AGL,CE,Federal Contract Tower,0,8,5,0,13,0,0,14,0,14,0,8,19,0,27,14,0,14,41
02/22/2013,JVL,WI,AGL,CE,Federal Contract Tower,0,3,0,0,3,0,0,0,0,0,0,3,0,0,3,0,0,0,3
02/23/2013,JVL,WI,AGL,CE,Federal Contract Tower,0,7,6,0,13,0,0,46,0,46,0,7,52,0,59,58,0,58,117
02/24/2013,JVL,WI,AGL,CE,Federal Contract Tower,0,3,13,0,16,0,2,225,0,227,0,5,238,0,243,138,0,138,381
02/25/2013,JVL,WI,AGL,CE,Federal Contract Tower,0,7,10,0,17,0,0,98,0,98,0,7,108,0,115,118,0,118,233
02/26/2013,JVL,WI,AGL,CE,Federal Contract Tower,0,4,0,0,4,0,0,13,0,13,0,4,13,0,17,26,0,26,43
02/27/2013,JVL,WI,AGL,CE,Federal Contract Tower,0,15,3,0,18,0,0,0,0,0,0,15,3,0,18,0,0,0,18
02/28/2013,JVL,WI,AGL,CE,Federal Contract Tower,0,13,2,2,17,0,1,18,0,19,0,14,20,2,36,4,0,4,40
03/01/2013,JVL,WI,AGL,CE,Federal Contract Tower,0,14,2,0,16,0,2,3,0,5,0,16,5,0,21,0,0,0,21
03/02/2013,JVL,WI,AGL,CE,Federal Contract Tower,0,6,9,0,15,0,0,154,0,154,0,6,163,0,169,120,0,120,289
03/03/2013,JVL,WI,AGL,CE,Federal Contract Tower,0,6,11,0,17,0,3,140,0,143,0,9,151,0,160,96,0,96,256
03/04/2013,JVL,WI,AGL,CE,Federal Contract Tower,0,10,3,0,13,0,0,22,0,22,0,10,25,0,35,16,0,16,51
03/05/2013,JVL,WI,AGL,CE,Federal Contract Tower,0,4,0,0,4,0,0,0,0,0,0,4,0,0,4,0,0,0,4
03/06/2013,JVL,WI,AGL,CE,Federal Contract Tower,0,4,0,1,5,0,0,0,0,0,0,4,0,1,5,0,0,0,5
03/07/2013,JVL,WI,AGL,CE,Federal Contract Tower,0,12,8,0,20,0,6,84,0,90,0,18,92,0,110,106,0,106,216
03/08/2013,JVL,WI,AGL,CE,Federal Contract Tower,0,5,5,0,10,0,2,98,0,100,0,7,103,0,110,122,0,122,232
03/09/2013,JVL,WI,AGL,CE,Federal Contract Tower,0,3,2,0,5,0,0,30,0,30,0,3,32,0,35,44,0,44,79
03/10/2013,JVL,WI,AGL,CE,Federal Contract Tower,0,8,0,0,8,0,0,0,0,0,0,8,0,0,8,0,0,0,8
03/11/2013,JVL,WI,AGL,CE,Federal Contract Tower,0,14,2,0,16,0,0,0,0,0,0,14,2,0,16,0,0,0,16
03/12/2013,JVL,WI,AGL,CE,Federal Contract Tower,0,10,7,0,17,0,0,7,0,7,0,10,14,0,24,8,0,8,32
03/13/2013,JVL,WI,AGL,CE,Federal Contract Tower,0,16,6,0,22,0,5,82,0,87,0,21,88,0,109,120,0,120,229
03/14/2013,JVL,WI,AGL,CE,Federal Contract Tower,0,12,5,0,17,0,0,18,0,18,0,12,23,0,35,58,0,58,93
03/15/2013,JVL,WI,AGL,CE,Federal Contract Tower,0,12,4,0,16,0,0,4,0,4,0,12,8,0,20,20,0,20,40
03/16/2013,JVL,WI,AGL,CE,Federal Contract Tower,0,4,4,0,8,0,0,22,0,22,0,4,26,0,30,0,0,0,30
03/17/2013,JVL,WI,AGL,CE,Federal Contract Tower,0,5,10,0,15,0,1,164,0,165,0,6,174,0,180,96,0,96,276
03/18/2013,JVL,WI,AGL,CE,Federal Contract Tower,0,2,0,0,2,0,0,0,0,0,0,2,0,0,2,0,0,0,2
03/19/2013,JVL,WI,AGL,CE,Federal Contract Tower,0,3,2,0,5,0,0,5,0,5,0,3,7,0,10,8,0,8,18
03/20/2013,JVL,WI,AGL,CE,Federal Contract Tower,0,4,6,0,10,0,1,48,0,49,0,5,54,0,59,50,0,50,109
03/21/2013,JVL,WI,AGL,CE,Federal Contract Tower,0,17,12,0,29,0,1,109,0,110,0,18,121,0,139,130,0,130,269
03/22/2013,JVL,WI,AGL,CE,Federal Contract Tower,0,9,8,0,17,0,4,131,0,135,0,13,139,0,152,176,0,176,328
03/23/2013,JVL,WI,AGL,CE,Federal Contract Tower,0,3,9,0,12,0,0,117,0,117,0,3,126,0,129,98,0,98,227
03/24/2013,JVL,WI,AGL,CE,Federal Contract Tower,3,0,8,0,11,0,0,1,0,1,3,0,9,0,12,0,0,0,12
03/25/2013,JVL,WI,AGL,CE,Federal Contract Tower,0,8,1,0,9,0,0,1,0,1,0,8,2,0,10,0,0,0,10
03/26/2013,JVL,WI,AGL,CE,Federal Contract Tower,0,12,5,0,17,0,1,68,0,69,0,13,73,0,86,86,0,86,172
03/27/2013,JVL,WI,AGL,CE,Federal Contract Tower,0,11,8,0,19,0,0,57,0,57,0,11,65,0,76,86,0,86,162
03/28/2013,JVL,WI,AGL,CE,Federal Contract Tower,0,7,12,0,19,0,1,107,0,108,0,8,119,0,127,108,0,108,235
03/29/2013,JVL,WI,AGL,CE,Federal Contract Tower,0,5,12,0,17,0,1,109,0,110,0,6,121,0,127,138,0,138,265
03/30/2013,JVL,WI,AGL,CE,Federal Contract Tower,0,5,6,0,11,0,0,84,0,84,0,5,90,0,95,36,0,36,131
03/31/2013,JVL,WI,AGL,CE,Federal Contract Tower,0,2,3,0,5,0,5,3,0,8,0,7,6,0,13,0,0,0,13
04/01/2013,JVL,WI,AGL,CE,Federal Contract Tower,0,10,5,0,15,0,5,33,0,38,0,15,38,0,53,56,0,56,109
04/02/2013,JVL,WI,AGL,CE,Federal Contract Tower,0,10,16,0,26,0,0,73,1,74,0,10,89,1,100,78,6,84,184
04/03/2013,JVL,WI,AGL,CE,Federal Contract Tower,0,12,7,0,19,0,2,87,0,89,0,14,94,0,108,116,0,116,224
04/04/2013,JVL,WI,AGL,CE,Federal Contract Tower,0,7,7,0,14,0,1,53,0,54,0,8,60,0,68,86,0,86,154
04/05/2013,JVL,WI,AGL,CE,Federal Contract Tower,0,10,5,1,16,0,0,107,1,108,0,10,112,2,124,126,2,128,252
04/06/2013,JVL,WI,AGL,CE,Federal Contract Tower,0,7,4,0,11,0,0,13,0,13,0,7,17,0,24,24,0,24,48
04/07/2013,JVL,WI,AGL,CE,Federal Contract Tower,0,11,15,0,26,0,1,100,0,101,0,12,115,0,127,44,0,44,171
04/08/2013,JVL,WI,AGL,CE,Federal Contract Tower,0,11,0,0,11,0,0,3,0,3,0,11,3,0,14,2,0,2,16
04/09/2013,JVL,WI,AGL,CE,Federal Contract Tower,0,5,0,0,5,0,0,0,0,0,0,5,0,0,5,0,0,0,5
04/10/2013,JVL,WI,AGL,CE,Federal Contract Tower,0,11,0,0,11,0,0,0,0,0,0,11,0,0,11,0,0,0,11
04/11/2013,JVL,WI,AGL,CE,Federal Contract Tower,0,8,3,0,11,0,0,0,0,0,0,8,3,0,11,0,0,0,11
04/12/2013,JVL,WI,AGL,CE,Federal Contract Tower,0,20,6,0,26,0,1,15,0,16,0,21,21,0,42,4,0,4,46
04/13/2013,JVL,WI,AGL,CE,Federal Contract Tower,0,7,8,0,15,0,0,62,0,62,0,7,70,0,77,4,0,4,81
04/14/2013,JVL,WI,AGL,CE,Federal Contract Tower,0,11,6,0,17,0,3,37,0,40,0,14,43,0,57,18,0,18,75
04/15/2013,JVL,WI,AGL,CE,Federal Contract Tower,0,17,5,0,22,0,0,28,0,28,0,17,33,0,50,64,0,64,114
04/16/2013,JVL,WI,AGL,CE,Federal Contract Tower,0,10,8,4,22,0,2,92,1,95,0,12,100,5,117,180,8,188,305
04/17/2013,JVL,WI,AGL,CE,Federal Contract Tower,0,13,0,0,13,0,0,0,0,0,0,13,0,0,13,0,0,0,13
04/18/2013,JVL,WI,AGL,CE,Federal Contract Tower,0,10,1,0,11,0,0,1,0,1,0,10,2,0,12,8,0,8,20
04/19/2013,JVL,WI,AGL,CE,Federal Contract Tower,0,11,0,0,11,0,0,0,0,0,0,11,0,0,11,0,0,0,11
04/20/2013,JVL,WI,AGL,CE,Federal Contract Tower,0,3,10,0,13,0,2,111,0,113,0,5,121,0,126,96,0,96,222
04/21/2013,JVL,WI,AGL,CE,Federal Contract Tower,0,10,5,0,15,0,5,57,0,62,0,15,62,0,77,100,0,100,177
04/22/2013,JVL,WI,AGL,CE,Federal Contract Tower,0,8,2,0,10,0,0,54,0,54,0,8,56,0,64,150,0,150,214
04/23/2013,JVL,WI,AGL,CE,Federal Contract Tower,0,25,5,0,30,0,0,13,0,13,0,25,18,0,43,12,0,12,55
04/24/2013,JVL,WI,AGL,CE,Federal Contract Tower,0,13,4,0,17,0,0,74,2,76,0,13,78,2,93,76,6,82,175
04/25/2013,JVL,WI,AGL,CE,Federal Contract Tower,0,14,2,0,16,0,0,68,0,68,0,14,70,0,84,96,0,96,180
04/26/2013,JVL,WI,AGL,CE,Federal Contract Tower,0,11,3,0,14,0,4,56,0,60,0,15,59,0,74,46,0,46,120
04/27/2013,JVL,WI,AGL,CE,Federal Contract Tower,0,1,12,0,13,0,0,73,0,73,0,1,85,0,86,166,0,166,252
04/28/2013,JVL,WI,AGL,CE,Federal Contract Tower,0,10,7,0,17,0,6,58,0,64,0,16,65,0,81,64,0,64,145
04/29/2013,JVL,WI,AGL,CE,Federal Contract Tower,0,8,4,0,12,0,1,55,0,56,0,9,59,0,68,64,0,64,132
04/30/2013,JVL,WI,AGL,CE,Federal Contract Tower,0,11,2,0,13,0,1,48,0,49,0,12,50,0,62,74,0,74,136
05/01/2013,JVL,WI,AGL,CE,Federal Contract Tower,0,11,1,0,12,0,0,50,0,50,0,11,51,0,62,78,0,78,140
05/02/2013,JVL,WI,AGL,CE,Federal Contract Tower,0,10,4,0,14,0,1,34,0,35,0,11,38,0,49,46,0,46,95
05/03/2013,JVL,WI,AGL,CE,Federal Contract Tower,0,9,1,0,10,0,0,0,0,0,0,9,1,0,10,0,0,0,10
05/04/2013,JVL,WI,AGL,CE,Federal Contract Tower,0,4,7,0,11,0,0,35,0,35,0,4,42,0,46,30,0,30,76
05/05/2013,JVL,WI,AGL,CE,Federal Contract Tower,0,9,3,0,12,0,3,41,0,44,0,12,44,0,56,2,0,2,58
05/06/2013,JVL,WI,AGL,CE,Federal Contract Tower,0,8,9,0,17,0,1,68,0,69,0,9,77,0,86,104,0,104,190
05/07/2013,JVL,WI,AGL,CE,Federal Contract Tower,0,15,5,0,20,0,8,62,10,80,0,23,67,10,100,130,2,132,232
05/08/2013,JVL,WI,AGL,CE,Federal Contract Tower,0,11,7,0,18,0,2,61,0,63,0,13,68,0,81,148,0,148,229
05/09/2013,JVL,WI,AGL,CE,Federal Contract Tower,0,10,5,1,16,0,0,28,0,28,0,10,33,1,44,20,0,20,64
05/10/2013,JVL,WI,AGL,CE,Federal Contract Tower,0,12,15,0,27,0,0,23,0,23,0,12,38,0,50,22,0,22,72
05/11/2013,JVL,WI,AGL,CE,Federal Contract Tower,0,3,7,0,10,0,3,14,0,17,0,6,21,0,27,2,0,2,29
05/12/2013,JVL,WI,AGL,CE,Federal Contract Tower,0,5,1,0,6,0,4,17,0,21,0,9,18,0,27,52,0,52,79
05/13/2013,JVL,WI,AGL,CE,Federal Contract Tower,0,11,7,0,18,0,0,81,0,81,0,11,88,0,99,182,0,182,281
05/14/2013,JVL,WI,AGL,CE,Federal Contract Tower,0,6,2,0,8,0,0,47,0,47,0,6,49,0,55,112,0,112,167
05/15/2013,JVL,WI,AGL,CE,Federal Contract Tower,0,11,0,0,11,0,0,52,0,52,0,11,52,0,63,174,0,174,237
05/16/2013,JVL,WI,AGL,CE,Federal Contract Tower,0,14,10,0,24,0,0,50,0,50,0,14,60,0,74,56,0,56,130
05/17/2013,JVL,WI,AGL,CE,Federal Contract Tower,0,13,4,0,17,0,3,48,0,51,0,16,52,0,68,46,0,46,114
05/18/2013,JVL,WI,AGL,CE,Federal Contract Tower,0,6,8,0,14,0,0,29,0,29,0,6,37,0,43,20,0,20,63
05/19/2013,JVL,WI,AGL,CE,Federal Contract Tower,0,11,6,0,17,0,2,40,0,42,0,13,46,0,59,48,0,48,107
05/20/2013,JVL,WI,AGL,CE,Federal Contract Tower,0,12,2,0,14,0,0,25,0,25,0,12,27,0,39,68,0,68,107
05/21/2013,JVL,WI,AGL,CE,Federal Contract Tower,0,6,12,0,18,0,0,31,0,31,0,6,43,0,49,72,0,72,121
05/22/2013,JVL,WI,AGL,CE,Federal Contract Tower,0,13,12,0,25,0,0,14,0,14,0,13,26,0,39,110,0,110,149
05/23/2013,JVL,WI,AGL,CE,Federal Contract Tower,0,9,6,0,15,0,1,50,0,51,0,10,56,0,66,90,0,90,156
05/24/2013,JVL,WI,AGL,CE,Federal Contract Tower,0,18,9,0,27,0,2,77,0,79,0,20,86,0,106,54,0,54,160
05/25/2013,JVL,WI,AGL,CE,Federal Contract Tower,0,5,0,0,5,0,1,56,0,57,0,6,56,0,62,96,0,96,158
05/26/2013,JVL,WI,AGL,CE,Federal Contract Tower,0,8,3,0,11,0,0,36,0,36,0,8,39,0,47,24,0,24,71
05/27/2013,JVL,WI,AGL,CE,Federal Contract Tower,0,10,4,0,14,0,0,0,0,0,0,10,4,0,14,0,0,0,14
05/28/2013,JVL,WI,AGL,CE,Federal Contract Tower,0,8,7,0,15,0,2,2,0,4,0,10,9,0,19,0,0,0,19
05/29/2013,JVL,WI,AGL,CE,Federal Contract Tower,0,10,2,2,14,0,0,49,8,57,0,10,51,10,71,22,0,22,93
05/30/2013,JVL,WI,AGL,CE,Federal Contract Tower,0,5,1,0,6,0,2,19,0,21,0,7,20,0,27,12,0,12,39
05/31/2013,JVL,WI,AGL,CE,Federal Contract Tower,0,12,9,0,21,0,2,16,0,18,0,14,25,0,39,2,0,2,41
06/01/2013,JVL,WI,AGL,CE,Federal Contract Tower,0,7,13,0,20,0,4,32,0,36,0,11,45,0,56,46,0,46,102
06/02/2013,JVL,WI,AGL,CE,Federal Contract Tower,0,10,10,0,20,0,4,15,0,19,0,14,25,0,39,18,0,18,57
06/03/2013,JVL,WI,AGL,CE,Federal Contract Tower,0,13,10,0,23,0,0,75,0,75,0,13,85,0,98,104,0,104,202
06/04/2013,JVL,WI,AGL,CE,Federal Contract Tower,1,8,3,1,13,0,4,51,1,56,1,12,54,2,69,88,2,90,159
06/05/2013,JVL,WI,AGL,CE,Federal Contract Tower,4,7,2,0,13,0,0,19,0,19,4,7,21,0,32,32,0,32,64
06/06/2013,JVL,WI,AGL,CE,Federal Contract Tower,0,15,12,1,28,0,2,21,1,24,0,17,33,2,52,6,2,8,60
06/07/2013,JVL,WI,AGL,CE,Federal Contract Tower,0,10,1,0,11,0,3,64,0,67,0,13,65,0,78,88,0,88,166
06/08/2013,JVL,WI,AGL,CE,Federal Contract Tower,0,5,5,0,10,0,0,59,0,59,0,5,64,0,69,130,0,130,199
06/09/2013,JVL,WI,AGL,CE,Federal Contract Tower,0,6,1,0,7,0,0,33,0,33,0,6,34,0,40,54,0,54,94
06/10/2013,JVL,WI,AGL,CE,Federal Contract Tower,0,6,1,0,7,0,0,41,0,41,0,6,42,0,48,90,0,90,138
06/11/2013,JVL,WI,AGL,CE,Federal Contract Tower,1,9,0,0,10,0,0,62,0,62,1,9,62,0,72,196,0,196,268
06/12/2013,JVL,WI,AGL,CE,Federal Contract Tower,1,6,1,0,8,0,0,29,0,29,1,6,30,0,37,162,0,162,199
06/13/2013,JVL,WI,AGL,CE,Federal Contract Tower,2,14,3,0,19,0,2,47,0,49,2,16,50,0,68,76,0,76,144
06/14/2013,JVL,WI,AGL,CE,Federal Contract Tower,0,7,10,0,17,0,3,65,0,68,0,10,75,0,85,58,0,58,143
06/15/2013,JVL,WI,AGL,CE,Federal Contract Tower,0,3,7,0,10,0,0,24,0,24,0,3,31,0,34,76,0,76,110
06/16/2013,JVL,WI,AGL,CE,Federal Contract Tower,0,6,13,0,19,0,1,70,0,71,0,7,83,0,90,66,0,66,156
06/17/2013,JVL,WI,AGL,CE,Federal Contract Tower,0,6,5,0,11,0,0,59,1,60,0,6,64,1,71,130,0,130,201
06/18/2013,JVL,WI,AGL,CE,Federal Contract Tower,0,9,9,1,19,0,0,53,0,53,0,9,62,1,72,192,0,192,264
06/19/2013,JVL,WI,AGL,CE,Federal Contract Tower,0,12,9,0,21,0,0,65,0,65,0,12,74,0,86,84,0,84,170
06/20/2013,JVL,WI,AGL,CE,Federal Contract Tower,0,10,5,0,15,0,0,56,0,56,0,10,61,0,71,60,0,60,131
06/21/2013,JVL,WI,AGL,CE,Federal Contract Tower,0,11,1,0,12,0,0,10,0,10,0,11,11,0,22,8,0,8,30
06/22/2013,JVL,WI,AGL,CE,Federal Contract Tower,0,3,7,0,10,0,0,19,0,19,0,3,26,0,29,116,0,116,145
06/23/2013,JVL,WI,AGL,CE,Federal Contract Tower,0,6,6,0,12,0,0,44,0,44,0,6,50,0,56,70,0,70,126
06/24/2013,JVL,WI,AGL,CE,Federal Contract Tower,0,12,2,0,14,0,1,19,0,20,0,13,21,0,34,10,0,10,44
06/25/2013,JVL,WI,AGL,CE,Federal Contract Tower,0,12,1,0,13,0,1,19,0,20,0,13,20,0,33,14,0,14,47
06/26/2013,JVL,WI,AGL,CE,Federal Contract Tower,0,10,5,0,15,0,0,45,0,45,0,10,50,0,60,12,0,12,72
06/27/2013,JVL,WI,AGL,CE,Federal Contract Tower,0,11,11,0,22,0,0,45,0,45,0,11,56,0,67,98,0,98,165
06/28/2013,JVL,WI,AGL,CE,Federal Contract Tower,0,9,6,0,15,0,0,36,0,36,0,9,42,0,51,152,0,152,203
06/29/2013,JVL,WI,AGL,CE,Federal Contract Tower,0,6,7,0,13,0,0,22,0,22,0,6,29,0,35,20,0,20,55
06/30/2013,JVL,WI,AGL,CE,Federal Contract Tower,0,3,1,0,4,0,0,68,0,68,0,3,69,0,72,100,0,100,172
07/01/2013,JVL,WI,AGL,CE,Federal Contract Tower,0,9,7,0,16,0,0,61,0,61,0,9,68,0,77,90,0,90,167
07/02/2013,JVL,WI,AGL,CE,Federal Contract Tower,0,8,1,0,9,0,0,49,3,52,0,8,50,3,61,64,6,70,131
07/03/2013,JVL,WI,AGL,CE,Federal Contract Tower,0,6,5,0,11,0,1,21,0,22,0,7,26,0,33,0,0,0,33
07/04/2013,JVL,WI,AGL,CE,Federal Contract Tower,0,0,7,0,7,0,6,35,0,41,0,6,42,0,48,42,0,42,90
07/05/2013,JVL,WI,AGL,CE,Federal Contract Tower,0,3,1,0,4,0,0,64,0,64,0,3,65,0,68,56,0,56,124
07/06/2013,JVL,WI,AGL,CE,Federal Contract Tower,0,7,6,0,13,0,0,83,0,83,0,7,89,0,96,166,0,166,262
07/07/2013,JVL,WI,AGL,CE,Federal Contract Tower,0,7,5,0,12,0,1,44,0,45,0,8,49,0,57,88,0,88,145
07/08/2013,JVL,WI,AGL,CE,Federal Contract Tower,0,10,0,1,11,0,0,20,1,21,0,10,20,2,32,84,6,90,122
07/09/2013,JVL,WI,AGL,CE,Federal Contract Tower,0,11,1,0,12,0,0,32,0,32,0,11,33,0,44,130,0,130,174
07/10/2013,JVL,WI,AGL,CE,Federal Contract Tower,0,9,7,0,16,0,0,49,0,49,0,9,56,0,65,68,0,68,133
07/11/2013,JVL,WI,AGL,CE,Federal Contract Tower,0,7,4,0,11,0,0,50,0,50,0,7,54,0,61,84,0,84,145
07/12/2013,JVL,WI,AGL,CE,Federal Contract Tower,0,7,5,0,12,0,0,60,0,60,0,7,65,0,72,134,0,134,206
07/13/2013,JVL,WI,AGL,CE,Federal Contract Tower,0,3,9,0,12,0,2,79,0,81,0,5,88,0,93,88,0,88,181
07/14/2013,JVL,WI,AGL,CE,Federal Contract Tower,0,5,8,0,13,0,1,42,0,43,0,6,50,0,56,56,0,56,112
07/15/2013,JVL,WI,AGL,CE,Federal Contract Tower,0,9,4,0,13,0,0,19,0,19,0,9,23,0,32,28,0,28,60
07/16/2013,JVL,WI,AGL,CE,Federal Contract Tower,0,7,3,0,10,0,0,54,0,54,0,7,57,0,64,92,0,92,156
07/17/2013,JVL,WI,AGL,CE,Federal Contract Tower,0,15,5,0,20,0,0,44,0,44,0,15,49,0,64,84,0,84,148
07/18/2013,JVL,WI,AGL,CE,Federal Contract Tower,0,8,3,0,11,0,0,52,0,52,0,8,55,0,63,46,0,46,109
07/19/2013,JVL,WI,AGL,CE,Federal Contract Tower,0,9,2,0,11,0,0,40,0,40,0,9,42,0,51,68,0,68,119
07/20/2013,JVL,WI,AGL,CE,Federal Contract Tower,0,3,1,0,4,0,0,83,0,83,0,3,84,0,87,272,0,272,359
07/21/2013,JVL,WI,AGL,CE,Federal Contract Tower,0,8,6,0,14,0,0,47,0,47,0,8,53,0,61,148,0,148,209
07/22/2013,JVL,WI,AGL,CE,Federal Contract Tower,0,7,7,0,14,0,0,66,0,66,0,7,73,0,80,94,0,94,174
07/23/2013,JVL,WI,AGL,CE,Federal Contract Tower,0,15,13,2,30,0,0,60,0,60,0,15,73,2,90,122,0,122,212
07/24/2013,JVL,WI,AGL,CE,Federal Contract Tower,0,5,4,0,9,0,0,66,0,66,0,5,70,0,75,182,0,182,257
07/25/2013,JVL,WI,AGL,CE,Federal Contract Tower,0,5,11,0,16,0,1,80,0,81,0,6,91,0,97,94,0,94,191
07/26/2013,JVL,WI,AGL,CE,Federal Contract Tower,0,16,5,0,21,0,1,7,0,8,0,17,12,0,29,0,0,0,29
07/27/2013,JVL,WI,AGL,CE,Federal Contract Tower,0,5,10,0,15,0,0,67,0,67,0,5,77,0,82,72,0,72,154
07/28/2013,JVL,WI,AGL,CE,Federal Contract Tower,0,12,11,0,23,0,0,91,0,91,0,12,102,0,114,186,0,186,300
07/29/2013,JVL,WI,AGL,CE,Federal Contract Tower,0,13,6,0,19,0,5,106,0,111,0,18,112,0,130,194,0,194,324
07/30/2013,JVL,WI,AGL,CE,Federal Contract Tower,1,14,14,1,30,0,0,76,0,76,1,14,90,1,106,230,0,230,336
07/31/2013,JVL,WI,AGL,CE,Federal Contract Tower,0,10,11,0,21,0,0,51,0,51,0,10,62,0,72,8,0,8,80
08/01/2013,JVL,WI,AGL,CE,Federal Contract Tower,0,14,5,0,19,0,0,101,0,101,0,14,106,0,120,190,0,190,310
08/02/2013,JVL,WI,AGL,CE,Federal Contract Tower,0,7,6,0,13,0,0,55,0,55,0,7,61,0,68,64,0,64,132
08/03/2013,JVL,WI,AGL,CE,Federal Contract Tower,0,4,1,0,5,0,0,82,0,82,0,4,83,0,87,54,0,54,141
08/04/2013,JVL,WI,AGL,CE,Federal Contract Tower,0,3,1,0,4,0,0,60,0,60,0,3,61,0,64,68,0,68,132
08/05/2013,JVL,WI,AGL,CE,Federal Contract Tower,0,15,0,0,15,0,0,34,0,34,0,15,34,0,49,2,0,2,51
08/06/2013,JVL,WI,AGL,CE,Federal Contract Tower,0,6,13,0,19,0,0,44,0,44,0,6,57,0,63,78,0,78,141
08/07/2013,JVL,WI,AGL,CE,Federal Contract Tower,0,10,7,0,17,0,0,47,0,47,0,10,54,0,64,178,0,178,242
08/08/2013,JVL,WI,AGL,CE,Federal Contract Tower,0,2,5,0,7,0,59,0,0,59,0,61,5,0,66,176,0,176,242
08/09/2013,JVL,WI,AGL,CE,Federal Contract Tower,0,10,7,0,17,0,0,74,0,74,0,10,81,0,91,106,0,106,197
08/10/2013,JVL,WI,AGL,CE,Federal Contract Tower,0,3,6,0,9,0,2,74,0,76,0,5,80,0,85,76,0,76,161
08/11/2013,JVL,WI,AGL,CE,Federal Contract Tower,0,3,5,0,8,0,0,25,0,25,0,3,30,0,33,54,0,54,87
08/12/2013,JVL,WI,AGL,CE,Federal Contract Tower,0,11,5,0,16,0,0,47,0,47,0,11,52,0,63,64,0,64,127
08/13/2013,JVL,WI,AGL,CE,Federal Contract Tower,0,15,4,0,19,0,2,93,0,95,0,17,97,0,114,170,0,170,284
08/14/2013,JVL,WI,AGL,CE,Federal Contract Tower,0,16,18,0,34,0,0,90,0,90,0,16,108,0,124,148,0,148,272
08/15/2013,JVL,WI,AGL,CE,Federal Contract Tower,0,9,6,1,16,0,1,75,1,77,0,10,81,2,93,154,6,160,253
08/16/2013,JVL,WI,AGL,CE,Federal Contract Tower,0,9,2,0,11,0,2,64,0,66,0,11,66,0,77,72,0,72,149
08/17/2013,JVL,WI,AGL,CE,Federal Contract Tower,0,5,3,0,8,0,8,75,0,83,0,13,78,0,91,104,0,104,195
08/18/2013,JVL,WI,AGL,CE,Federal Contract Tower,0,12,2,0,14,0,0,87,0,87,0,12,89,0,101,76,0,76,177
08/19/2013,JVL,WI,AGL,CE,Federal Contract Tower,0,15,3,0,18,0,1,58,0,59,0,16,61,0,77,150,0,150,227
08/20/2013,JVL,WI,AGL,CE,Federal Contract Tower,0,7,3,0,10,0,0,58,0,58,0,7,61,0,68,164,0,164,232
08/21/2013,JVL,WI,AGL,CE,Federal Contract Tower,0,8,1,2,11,0,0,31,1,32,0,8,32,3,43,58,12,70,113
08/22/2013,JVL,WI,AGL,CE,Federal Contract Tower,0,8,9,0,17,0,0,22,0,22,0,8,31,0,39,108,0,108,147
08/23/2013,JVL,WI,AGL,CE,Federal Contract Tower,0,8,6,0,14,0,0,100,0,100,0,8,106,0,114,128,0,128,242
08/24/2013,JVL,WI,AGL,CE,Federal Contract Tower,0,2,8,0,10,0,0,87,0,87,0,2,95,0,97,164,0,164,261
08/25/2013,JVL,WI,AGL,CE,Federal Contract Tower,0,6,3,0,9,0,0,57,0,57,0,6,60,0,66,60,0,60,126
08/26/2013,JVL,WI,AGL,CE,Federal Contract Tower,0,7,4,0,11,0,0,73,0,73,0,7,77,0,84,80,0,80,164
08/27/2013,JVL,WI,AGL,CE,Federal Contract Tower,4,8,5,0,17,0,0,53,0,53,4,8,58,0,70,64,0,64,134
08/28/2013,JVL,WI,AGL,CE,Federal Contract Tower,0,14,15,0,29,0,0,38,0,38,0,14,53,0,67,106,0,106,173
08/29/2013,JVL,WI,AGL,CE,Federal Contract Tower,0,15,6,0,21,0,0,57,0,57,0,15,63,0,78,142,0,142,220
08/30/2013,JVL,WI,AGL,CE,Federal Contract Tower,0,14,4,0,18,0,2,29,0,31,0,16,33,0,49,26,0,26,75
08/31/2013,JVL,WI,AGL,CE,Federal Contract Tower,0,4,11,0,15,0,0,36,0,36,0,4,47,0,51,68,0,68,119
09/01/2013,JVL,WI,AGL,CE,Federal Contract Tower,0,1,1,0,2,0,0,8,0,8,0,1,9,0,10,22,0,22,32
09/02/2013,JVL,WI,AGL,CE,Federal Contract Tower,0,4,20,2,26,0,0,67,0,67,0,4,87,2,93,90,0,90,183
09/03/2013,JVL,WI,AGL,CE,Federal Contract Tower,0,12,8,0,20,0,0,58,0,58,0,12,66,0,78,62,0,62,140
09/04/2013,JVL,WI,AGL,CE,Federal Contract Tower,0,9,9,0,18,0,0,48,0,48,0,9,57,0,66,88,0,88,154
09/05/2013,JVL,WI,AGL,CE,Federal Contract Tower,0,6,2,0,8,0,1,82,0,83,0,7,84,0,91,78,0,78,169
09/06/2013,JVL,WI,AGL,CE,Federal Contract Tower,0,14,5,0,19,0,0,82,0,82,0,14,87,0,101,23,0,23,124
09/07/2013,JVL,WI,AGL,CE,Federal Contract Tower,0,4,13,0,17,0,0,51,0,51,0,4,64,0,68,60,0,60,128
09/08/2013,JVL,WI,AGL,CE,Federal Contract Tower,0,16,8,0,24,0,1,29,0,30,0,17,37,0,54,26,0,26,80
09/09/2013,JVL,WI,AGL,CE,Federal Contract Tower,1,12,2,0,15,0,0,23,0,23,1,12,25,0,38,0,0,0,38
09/10/2013,JVL,WI,AGL,CE,Federal Contract Tower,0,5,3,0,8,0,0,32,0,32,0,5,35,0,40,110,0,110,150
09/11/2013,JVL,WI,AGL,CE,Federal Contract Tower,0,6,4,0,10,0,0,25,4,29,0,6,29,4,39,38,8,46,85
09/12/2013,JVL,WI,AGL,CE,Federal Contract Tower,0,11,7,0,18,0,0,68,0,68,0,11,75,0,86,36,0,36,122
09/13/2013,JVL,WI,AGL,CE,Federal Contract Tower,0,12,2,0,14,0,1,67,0,68,0,13,69,0,82,26,0,26,108
09/14/2013,JVL,WI,AGL,CE,Federal Contract Tower,3,5,9,0,17,0,0,70,0,70,3,5,79,0,87,114,0,114,201
09/15/2013,JVL,WI,AGL,CE,Federal Contract Tower,0,18,7,0,25,0,2,3,0,5,0,20,10,0,30,14,0,14,44
09/16/2013,JVL,WI,AGL,CE,Federal Contract Tower,0,8,4,0,12,0,0,51,0,51,0,8,55,0,63,88,0,88,151
09/17/2013,JVL,WI,AGL,CE,Federal Contract Tower,0,2,3,0,5,0,0,60,0,60,0,2,63,0,65,72,0,72,137
09/18/2013,JVL,WI,AGL,CE,Federal Contract Tower,0,10,3,0,13,0,0,32,0,32,0,10,35,0,45,42,0,42,87
09/19/2013,JVL,WI,AGL,CE,Federal Contract Tower,0,3,1,0,4,0,13,6,0,19,0,16,7,0,23,88,0,88,111
09/20/2013,JVL,WI,AGL,CE,Federal Contract Tower,0,9,8,0,17,0,3,43,0,46,0,12,51,0,63,46,0,46,109
09/21/2013,JVL,WI,AGL,CE,Federal Contract Tower,0,2,5,0,7,0,0,41,0,41,0,2,46,0,48,20,0,20,68
09/22/2013,JVL,WI,AGL,CE,Federal Contract Tower,0,4,6,0,10,0,4,71,0,75,0,8,77,0,85,66,0,66,151
09/23/2013,JVL,WI,AGL,CE,Federal Contract Tower,0,6,8,0,14,0,0,74,0,74,0,6,82,0,88,104,0,104,192
09/24/2013,JVL,WI,AGL,CE,Federal Contract Tower,0,8,5,0,13,0,0,69,0,69,0,8,74,0,82,72,8,80,162
09/25/2013,JVL,WI,AGL,CE,Federal Contract Tower,0,5,8,0,13,0,1,50,0,51,0,6,58,0,64,80,0,80,144
09/26/2013,JVL,WI,AGL,CE,Federal Contract Tower,0,10,11,0,21,0,0,44,0,44,0,10,55,0,65,76,0,76,141
09/27/2013,JVL,WI,AGL,CE,Federal Contract Tower,0,7,5,0,12,0,3,33,0,36,0,10,38,0,48,44,0,44,92
09/28/2013,JVL,WI,AGL,CE,Federal Contract Tower,0,0,7,0,7,0,0,31,0,31,0,0,38,0,38,0,0,0,38
09/29/2013,JVL,WI,AGL,CE,Federal Contract Tower,0,3,6,0,9,0,0,73,0,73,0,3,79,0,82,30,0,30,112
09/30/2013,JVL,WI,AGL,CE,Federal Contract Tower,0,21,0,0,21,0,0,47,0,47,0,21,47,0,68,48,0,48,116
10/01/2013,JVL,WI,AGL,CE,Federal Contract Tower,0,18,0,0,18,0,0,37,0,37,0,18,37,0,55,78,0,78,133
10/02/2013,JVL,WI,AGL,CE,Federal Contract Tower,3,4,3,0,10,0,0,49,0,49,3,4,52,0,59,170,0,170,229
10/03/2013,JVL,WI,AGL,CE,Federal Contract Tower,1,8,5,0,14,0,0,4,0,4,1,8,9,0,18,0,0,0,18
10/04/2013,JVL,WI,AGL,CE,Federal Contract Tower,0,9,10,0,19,0,0,5,0,5,0,9,15,0,24,34,0,34,58
10/05/2013,JVL,WI,AGL,CE,Federal Contract Tower,0,1,4,0,5,0,0,2,0,2,0,1,6,0,7,0,0,0,7
10/06/2013,JVL,WI,AGL,CE,Federal Contract Tower,0,10,5,0,15,0,4,52,0,56,0,14,57,0,71,70,0,70,141
10/07/2013,JVL,WI,AGL,CE,Federal Contract Tower,0,8,2,0,10,0,0,37,0,37,0,8,39,0,47,82,0,82,129
10/08/2013,JVL,WI,AGL,CE,Federal Contract Tower,0,7,3,0,10,0,0,48,0,48,0,7,51,0,58,108,0,108,166
10/09/2013,JVL,WI,AGL,CE,Federal Contract Tower,0,13,8,0,21,0,15,50,0,65,0,28,58,0,86,86,0,86,172
10/10/2013,JVL,WI,AGL,CE,Federal Contract Tower,0,9,5,0,14,0,2,26,0,28,0,11,31,0,42,44,0,44,86
10/11/2013,JVL,WI,AGL,CE,Federal Contract Tower,0,6,7,0,13,0,0,53,0,53,0,6,60,0,66,34,0,34,100
10/12/2013,JVL,WI,AGL,CE,Federal Contract Tower,0,6,3,0,9,0,0,29,0,29,0,6,32,0,38,58,0,58,96
10/13/2013,JVL,WI,AGL,CE,Federal Contract Tower,0,6,8,0,14,0,5,63,0,68,0,11,71,0,82,122,0,122,204
10/14/2013,JVL,WI,AGL,CE,Federal Contract Tower,0,13,2,0,15,0,0,24,0,24,0,13,26,0,39,32,0,32,71
10/15/2013,JVL,WI,AGL,CE,Federal Contract Tower,0,8,2,0,10,0,0,3,0,3,0,8,5,0,13,0,0,0,13
10/16/2013,JVL,WI,AGL,CE,Federal Contract Tower,0,13,10,0,23,0,0,5,0,5,0,13,15,0,28,2,0,2,30
10/17/2013,JVL,WI,AGL,CE,Federal Contract Tower,0,12,9,0,21,0,0,2,0,2,0,12,11,0,23,4,0,4,27
10/18/2013,JVL,WI,AGL,CE,Federal Contract Tower,0,9,7,0,16,0,2,35,0,37,0,11,42,0,53,35,0,35,88
10/19/2013,JVL,WI,AGL,CE,Federal Contract Tower,0,3,5,0,8,0,0,29,0,29,0,3,34,0,37,70,0,70,107
10/20/2013,JVL,WI,AGL,CE,Federal Contract Tower,0,7,4,0,11,0,3,29,0,32,0,10,33,0,43,42,0,42,85
10/21/2013,JVL,WI,AGL,CE,Federal Contract Tower,0,14,1,0,15,0,1,21,0,22,0,15,22,0,37,64,0,64,101
10/22/2013,JVL,WI,AGL,CE,Federal Contract Tower,0,9,3,0,12,0,0,37,0,37,0,9,40,0,49,54,1,55,104
10/23/2013,JVL,WI,AGL,CE,Federal Contract Tower,0,11,9,0,20,0,1,32,0,33,0,12,41,0,53,58,0,58,111
10/24/2013,JVL,WI,AGL,CE,Federal Contract Tower,0,15,3,0,18,0,0,41,0,41,0,15,44,0,59,98,0,98,157
10/25/2013,JVL,WI,AGL,CE,Federal Contract Tower,0,4,6,0,10,0,1,42,0,43,0,5,48,0,53,58,0,58,111
10/26/2013,JVL,WI,AGL,CE,Federal Contract Tower,0,9,4,0,13,0,0,29,0,29,0,9,33,0,42,32,0,32,74
10/27/2013,JVL,WI,AGL,CE,Federal Contract Tower,0,19,0,0,19,0,6,60,0,66,0,25,60,0,85,88,0,88,173
10/28/2013,JVL,WI,AGL,CE,Federal Contract Tower,0,16,3,0,19,0,0,25,0,25,0,16,28,0,44,12,0,12,56
10/29/2013,JVL,WI,AGL,CE,Federal Contract Tower,0,14,2,1,17,0,0,24,0,24,0,14,26,1,41,40,2,42,83
10/30/2013,JVL,WI,AGL,CE,Federal Contract Tower,0,7,3,0,10,0,0,0,0,0,0,7,3,0,10,0,0,0,10
10/31/2013,JVL,WI,AGL,CE,Federal Contract Tower,0,8,3,0,11,0,0,0,0,0,0,8,3,0,11,0,0,0,11
11/01/2013,JVL,WI,AGL,CE,Federal Contract Tower,0,13,20,0,33,0,0,0,0,0,0,13,20,0,33,0,0,0,33
11/02/2013,JVL,WI,AGL,CE,Federal Contract Tower,0,6,5,0,11,0,0,2,0,2,0,6,7,0,13,12,0,12,25
11/03/2013,JVL,WI,AGL,CE,Federal Contract Tower,0,8,5,0,13,0,11,86,0,97,0,19,91,0,110,170,0,170,280
11/04/2013,JVL,WI,AGL,CE,Federal Contract Tower,0,16,0,0,16,0,0,11,0,11,0,16,11,0,27,6,0,6,33
11/05/2013,JVL,WI,AGL,CE,Federal Contract Tower,0,7,6,0,13,0,0,16,0,16,0,7,22,0,29,16,0,16,45
11/06/2013,JVL,WI,AGL,CE,Federal Contract Tower,0,7,2,0,9,0,0,0,0,0,0,7,2,0,9,0,0,0,9
11/07/2013,JVL,WI,AGL,CE,Federal Contract Tower,0,5,3,0,8,0,0,43,0,43,0,5,46,0,51,54,0,54,105
11/08/2013,JVL,WI,AGL,CE,Federal Contract Tower,0,12,2,0,14,0,5,40,0,45,0,17,42,0,59,42,0,42,101
11/09/2013,JVL,WI,AGL,CE,Federal Contract Tower,0,5,1,0,6,0,0,27,0,27,0,5,28,0,33,52,0,52,85
11/10/2013,JVL,WI,AGL,CE,Federal Contract Tower,0,10,1,0,11,0,5,63,0,68,0,15,64,0,79,110,0,110,189
11/11/2013,JVL,WI,AGL,CE,Federal Contract Tower,0,7,2,0,9,0,0,3,0,3,0,7,5,0,12,0,0,0,12
11/12/2013,JVL,WI,AGL,CE,Federal Contract Tower,0,11,2,0,13,0,0,40,0,40,0,11,42,0,53,50,0,50,103
11/13/2013,JVL,WI,AGL,CE,Federal Contract Tower,0,11,3,0,14,0,0,17,0,17,0,11,20,0,31,32,0,32,63
11/14/2013,JVL,WI,AGL,CE,Federal Contract Tower,0,1,6,2,9,0,0,44,0,44,0,1,50,2,53,84,0,84,137
11/15/2013,JVL,WI,AGL,CE,Federal Contract Tower,0,11,7,0,18,0,3,70,0,73,0,14,77,0,91,58,0,58,149
11/16/2013,JVL,WI,AGL,CE,Federal Contract Tower,0,9,2,0,11,0,0,0,0,0,0,9,2,0,11,0,0,0,11
11/17/2013,JVL,WI,AGL,CE,Federal Contract Tower,0,16,0,0,16,0,0,0,0,0,0,16,0,0,16,0,0,0,16
11/18/2013,JVL,WI,AGL,CE,Federal Contract Tower,0,17,0,0,17,0,0,3,0,3,0,17,3,0,20,8,0,8,28
11/19/2013,JVL,WI,AGL,CE,Federal Contract Tower,0,11,0,1,12,0,1,61,0,62,0,12,61,1,74,128,2,130,204
11/20/2013,JVL,WI,AGL,CE,Federal Contract Tower,0,7,2,0,9,0,0,21,0,21,0,7,23,0,30,6,0,6,36
11/21/2013,JVL,WI,AGL,CE,Federal Contract Tower,0,14,4,0,18,0,0,0,0,0,0,14,4,0,18,0,0,0,18
11/22/2013,JVL,WI,AGL,CE,Federal Contract Tower,0,10,2,0,12,0,5,8,0,13,0,15,10,0,25,26,0,26,51
11/23/2013,JVL,WI,AGL,CE,Federal Contract Tower,0,14,9,0,23,0,0,16,0,16,0,14,25,0,39,66,0,66,105
11/24/2013,JVL,WI,AGL,CE,Federal Contract Tower,0,11,9,0,20,0,5,37,0,42,0,16,46,0,62,74,0,74,136
11/25/2013,JVL,WI,AGL,CE,Federal Contract Tower,0,12,2,0,14,0,0,4,0,4,0,12,6,0,18,0,0,0,18
11/26/2013,JVL,WI,AGL,CE,Federal Contract Tower,0,6,0,0,6,0,0,21,0,21,0,6,21,0,27,22,0,22,49
11/27/2013,JVL,WI,AGL,CE,Federal Contract Tower,0,8,6,0,14,0,4,41,0,45,0,12,47,0,59,48,0,48,107
11/28/2013,JVL,WI,AGL,CE,Federal Contract Tower,0,1,1,0,2,0,0,10,0,10,0,1,11,0,12,32,0,32,44
11/29/2013,JVL,WI,AGL,CE,Federal Contract Tower,0,3,4,0,7,0,0,55,0,55,0,3,59,0,62,42,0,42,104
11/30/2013,JVL,WI,AGL,CE,Federal Contract Tower,0,12,8,0,20,0,0,67,0,67,0,12,75,0,87,108,0,108,195
12/01/2013,JVL,WI,AGL,CE,Federal Contract Tower,0,17,6,0,23,0,2,50,0,52,0,19,56,0,75,50,0,50,125
12/02/2013,JVL,WI,AGL,CE,Federal Contract Tower,0,8,2,0,10,0,0,16,0,16,0,8,18,0,26,8,8,16,42
12/03/2013,JVL,WI,AGL,CE,Federal Contract Tower,0,13,1,0,14,0,0,0,0,0,0,13,1,0,14,2,0,2,16
12/04/2013,JVL,WI,AGL,CE,Federal Contract Tower,0,7,0,0,7,0,0,0,0,0,0,7,0,0,7,0,0,0,7
12/05/2013,JVL,WI,AGL,CE,Federal Contract Tower,0,13,1,0,14,0,4,25,0,29,0,17,26,0,43,34,0,34,77
12/06/2013,JVL,WI,AGL,CE,Federal Contract Tower,0,8,2,0,10,0,3,24,0,27,0,11,26,0,37,64,0,64,101
12/07/2013,JVL,WI,AGL,CE,Federal Contract Tower,0,2,0,0,2,0,0,48,0,48,0,2,48,0,50,72,0,72,122
12/08/2013,JVL,WI,AGL,CE,Federal Contract Tower,0,16,2,0,18,0,0,0,0,0,0,16,2,0,18,0,0,0,18
12/09/2013,JVL,WI,AGL,CE,Federal Contract Tower,0,15,1,0,16,0,0,0,0,0,0,15,1,0,16,0,0,0,16
12/10/2013,JVL,WI,AGL,CE,Federal Contract Tower,0,21,0,1,22,0,0,0,0,0,0,21,0,1,22,2,0,2,24
12/11/2013,JVL,WI,AGL,CE,Federal Contract Tower,0,4,2,0,6,0,0,18,0,18,0,4,20,0,24,42,0,42,66
12/12/2013,JVL,WI,AGL,CE,Federal Contract Tower,0,9,0,0,9,0,1,9,0,10,0,10,9,0,19,42,0,42,61
12/13/2013,JVL,WI,AGL,CE,Federal Contract Tower,0,18,3,0,21,0,2,32,0,34,0,20,35,0,55,52,0,52,107
12/14/2013,JVL,WI,AGL,CE,Federal Contract Tower,0,2,0,0,2,0,0,0,0,0,0,2,0,0,2,0,0,0,2
12/15/2013,JVL,WI,AGL,CE,Federal Contract Tower,0,7,2,0,9,0,1,33,0,34,0,8,35,0,43,34,0,34,77
12/16/2013,JVL,WI,AGL,CE,Federal Contract Tower,0,11,0,0,11,0,0,0,0,0,0,11,0,0,11,0,0,0,11
12/17/2013,JVL,WI,AGL,CE,Federal Contract Tower,0,11,3,0,14,0,0,39,0,39,0,11,42,0,53,81,0,81,134
12/18/2013,JVL,WI,AGL,CE,Federal Contract Tower,0,11,11,0,22,0,1,29,0,30,0,12,40,0,52,42,0,42,94
12/19/2013,JVL,WI,AGL,CE,Federal Contract Tower,0,13,2,0,15,0,0,14,0,14,0,13,16,0,29,26,0,26,55
12/20/2013,JVL,WI,AGL,CE,Federal Contract Tower,0,16,0,0,16,0,0,0,0,0,0,16,0,0,16,0,0,0,16
12/21/2013,JVL,WI,AGL,CE,Federal Contract Tower,0,14,0,0,14,0,0,0,0,0,0,14,0,0,14,0,0,0,14
12/22/2013,JVL,WI,AGL,CE,Federal Contract Tower,0,5,0,0,5,0,0,0,0,0,0,5,0,0,5,0,0,0,5
12/23/2013,JVL,WI,AGL,CE,Federal Contract Tower,0,9,7,0,16,0,0,20,0,20,0,9,27,0,36,12,0,12,48
12/24/2013,JVL,WI,AGL,CE,Federal Contract Tower,0,1,0,0,1,0,1,8,0,9,0,2,8,0,10,26,0,26,36
12/25/2013,JVL,WI,AGL,CE,Federal Contract Tower,0,0,0,0,0,0,0,0,0,0,0,0,0,0,0,0,0,0,0
12/26/2013,JVL,WI,AGL,CE,Federal Contract Tower,0,13,0,0,13,0,0,23,0,23,0,13,23,0,36,60,0,60,96
12/27/2013,JVL,WI,AGL,CE,Federal Contract Tower,0,7,6,0,13,0,0,36,0,36,0,7,42,0,49,56,0,56,105
12/28/2013,JVL,WI,AGL,CE,Federal Contract Tower,0,5,7,0,12,0,0,67,0,67,0,5,74,0,79,68,0,68,147
12/29/2013,JVL,WI,AGL,CE,Federal Contract Tower,0,2,0,0,2,0,0,0,0,0,0,2,0,0,2,0,0,0,2
12/30/2013,JVL,WI,AGL,CE,Federal Contract Tower,0,8,1,0,9,0,0,22,0,22,0,8,23,0,31,10,0,10,41
12/31/2013,JVL,WI,AGL,CE,Federal Contract Tower,0,1,1,0,2,0,0,10,0,10,0,1,11,0,12,30,30,60,72
01/01/2014,JVL,WI,AGL,CE,Federal Contract Tower,0,4,0,0,4,0,0,0,0,0,0,4,0,0,4,0,0,0,4
01/02/2014,JVL,WI,AGL,CE,Federal Contract Tower,0,5,0,0,5,0,0,1,0,1,0,5,1,0,6,0,0,0,6
01/03/2014,JVL,WI,AGL,CE,Federal Contract Tower,0,5,1,0,6,0,0,3,0,3,0,5,4,0,9,6,0,6,15
01/04/2014,JVL,WI,AGL,CE,Federal Contract Tower,0,6,1,0,7,0,0,0,0,0,0,6,1,0,7,0,0,0,7
01/05/2014,JVL,WI,AGL,CE,Federal Contract Tower,0,8,0,0,8,0,0,0,0,0,0,8,0,0,8,0,0,0,8
01/06/2014,JVL,WI,AGL,CE,Federal Contract Tower,0,11,0,0,11,0,0,4,0,4,0,11,4,0,15,0,0,0,15
01/07/2014,JVL,WI,AGL,CE,Federal Contract Tower,0,17,0,0,17,0,4,17,0,21,0,21,17,0,38,50,0,50,88
01/08/2014,JVL,WI,AGL,CE,Federal Contract Tower,0,5,2,0,7,0,0,12,0,12,0,5,14,0,19,32,0,32,51
01/09/2014,JVL,WI,AGL,CE,Federal Contract Tower,0,5,0,0,5,0,0,18,0,18,0,5,18,0,23,12,0,12,35
01/10/2014,JVL,WI,AGL,CE,Federal Contract Tower,0,13,0,0,13,0,0,0,0,0,0,13,0,0,13,0,0,0,13
01/11/2014,JVL,WI,AGL,CE,Federal Contract Tower,0,3,1,0,4,0,0,0,0,0,0,3,1,0,4,0,0,0,4
01/12/2014,JVL,WI,AGL,CE,Federal Contract Tower,0,8,2,0,10,0,4,9,0,13,0,12,11,0,23,6,0,6,29
01/13/2014,JVL,WI,AGL,CE,Federal Contract Tower,0,7,4,0,11,0,0,30,0,30,0,7,34,0,41,80,0,80,121
01/14/2014,JVL,WI,AGL,CE,Federal Contract Tower,0,11,0,0,11,0,0,0,0,0,0,11,0,0,11,0,0,0,11
01/15/2014,JVL,WI,AGL,CE,Federal Contract Tower,0,16,2,0,18,0,2,27,0,29,0,18,29,0,47,62,0,62,109
01/16/2014,JVL,WI,AGL,CE,Federal Contract Tower,0,7,0,0,7,0,0,2,0,2,0,7,2,0,9,0,0,0,9
01/17/2014,JVL,WI,AGL,CE,Federal Contract Tower,0,17,2,0,19,0,1,30,0,31,0,18,32,0,50,74,0,74,124
01/18/2014,JVL,WI,AGL,CE,Federal Contract Tower,0,5,5,0,10,0,0,0,0,0,0,5,5,0,10,0,0,0,10
01/19/2014,JVL,WI,AGL,CE,Federal Contract Tower,0,6,1,0,7,0,0,22,0,22,0,6,23,0,29,20,0,20,49
01/20/2014,JVL,WI,AGL,CE,Federal Contract Tower,0,17,0,0,17,0,0,28,0,28,0,17,28,0,45,0,0,0,45
01/21/2014,JVL,WI,AGL,CE,Federal Contract Tower,0,11,3,0,14,0,1,13,0,14,0,12,16,0,28,4,0,4,32
01/22/2014,JVL,WI,AGL,CE,Federal Contract Tower,0,13,0,0,13,0,0,0,0,0,0,13,0,0,13,0,0,0,13
01/23/2014,JVL,WI,AGL,CE,Federal Contract Tower,0,16,3,0,19,0,2,20,0,22,0,18,23,0,41,40,0,40,81
01/24/2014,JVL,WI,AGL,CE,Federal Contract Tower,0,17,0,0,17,0,1,9,0,10,0,18,9,0,27,12,0,12,39
01/25/2014,JVL,WI,AGL,CE,Federal Contract Tower,0,6,2,0,8,0,0,36,0,36,0,6,38,0,44,18,0,18,62
01/26/2014,JVL,WI,AGL,CE,Federal Contract Tower,0,12,1,0,13,0,0,6,0,6,0,12,7,0,19,0,0,0,19
01/27/2014,JVL,WI,AGL,CE,Federal Contract Tower,0,9,1,0,10,0,0,8,0,8,0,9,9,0,18,0,0,0,18
01/28/2014,JVL,WI,AGL,CE,Federal Contract Tower,0,11,4,0,15,0,1,24,0,25,0,12,28,0,40,36,0,36,76
01/29/2014,JVL,WI,AGL,CE,Federal Contract Tower,0,21,4,0,25,0,1,33,2,36,0,22,37,2,61,62,8,70,131
01/30/2014,JVL,WI,AGL,CE,Federal Contract Tower,0,4,0,0,4,0,0,2,0,2,0,4,2,0,6,0,0,0,6
01/31/2014,JVL,WI,AGL,CE,Federal Contract Tower,0,17,1,0,18,0,5,22,0,27,0,22,23,0,45,28,0,28,73
02/01/2014,JVL,WI,AGL,CE,Federal Contract Tower,0,0,0,0,0,0,0,2,0,2,0,0,2,0,2,10,0,10,12
02/02/2014,JVL,WI,AGL,CE,Federal Contract Tower,0,1,8,0,9,0,5,34,0,39,0,6,42,0,48,46,0,46,94
02/03/2014,JVL,WI,AGL,CE,Federal Contract Tower,0,12,7,0,19,0,0,74,0,74,0,12,81,0,93,98,0,98,191
02/04/2014,JVL,WI,AGL,CE,Federal Contract Tower,0,5,2,0,7,0,4,19,0,23,0,9,21,0,30,28,0,28,58
02/05/2014,JVL,WI,AGL,CE,Federal Contract Tower,0,13,1,0,14,0,0,0,0,0,0,13,1,0,14,0,0,0,14
02/06/2014,JVL,WI,AGL,CE,Federal Contract Tower,0,7,1,0,8,0,1,9,0,10,0,8,10,0,18,26,0,26,44
02/07/2014,JVL,WI,AGL,CE,Federal Contract Tower,0,10,1,0,11,0,7,8,0,15,0,17,9,0,26,4,0,4,30
02/08/2014,JVL,WI,AGL,CE,Federal Contract Tower,0,2,0,0,2,0,0,0,0,0,0,2,0,0,2,0,0,0,2
02/09/2014,JVL,WI,AGL,CE,Federal Contract Tower,0,4,2,0,6,0,5,57,0,62,0,9,59,0,68,72,0,72,140
02/10/2014,JVL,WI,AGL,CE,Federal Contract Tower,0,8,7,0,15,0,2,12,0,14,0,10,19,0,29,40,0,40,69
02/11/2014,JVL,WI,AGL,CE,Federal Contract Tower,0,17,0,1,18,0,5,13,1,19,0,22,13,2,37,68,0,68,105
02/12/2014,JVL,WI,AGL,CE,Federal Contract Tower,2,16,1,0,19,0,0,1,0,1,2,16,2,0,20,8,0,8,28
02/13/2014,JVL,WI,AGL,CE,Federal Contract Tower,0,12,5,0,17,0,0,0,0,0,0,12,5,0,17,0,0,0,17
02/14/2014,JVL,WI,AGL,CE,Federal Contract Tower,0,14,11,0,25,0,4,46,0,50,0,18,57,0,75,50,0,50,125
02/15/2014,JVL,WI,AGL,CE,Federal Contract Tower,0,5,4,0,9,0,0,56,0,56,0,5,60,0,65,46,0,46,111
02/16/2014,JVL,WI,AGL,CE,Federal Contract Tower,0,4,2,0,6,0,6,61,0,67,0,10,63,0,73,80,0,80,153
02/17/2014,JVL,WI,AGL,CE,Federal Contract Tower,0,5,0,0,5,0,0,0,0,0,0,5,0,0,5,0,0,0,5
02/18/2014,JVL,WI,AGL,CE,Federal Contract Tower,0,13,3,0,16,0,0,14,0,14,0,13,17,0,30,40,0,40,70
02/19/2014,JVL,WI,AGL,CE,Federal Contract Tower,0,10,5,0,15,0,0,45,2,47,0,10,50,2,62,46,10,56,118
02/20/2014,JVL,WI,AGL,CE,Federal Contract Tower,0,4,0,0,4,0,0,0,0,0,0,4,0,0,4,0,0,0,4
02/21/2014,JVL,WI,AGL,CE,Federal Contract Tower,0,5,0,2,7,0,1,0,0,1,0,6,0,2,8,0,0,0,8
02/22/2014,JVL,WI,AGL,CE,Federal Contract Tower,0,12,6,0,18,0,1,74,0,75,0,13,80,0,93,84,0,84,177
02/23/2014,JVL,WI,AGL,CE,Federal Contract Tower,0,3,3,0,6,0,6,50,0,56,0,9,53,0,62,76,0,76,138
02/24/2014,JVL,WI,AGL,CE,Federal Contract Tower,0,14,8,0,22,0,0,28,0,28,0,14,36,0,50,42,0,42,92
02/25/2014,JVL,WI,AGL,CE,Federal Contract Tower,0,13,0,2,15,0,0,15,2,17,0,13,15,4,32,40,18,58,90
02/26/2014,JVL,WI,AGL,CE,Federal Contract Tower,0,5,3,0,8,0,1,1,0,2,0,6,4,0,10,0,0,0,10
02/27/2014,JVL,WI,AGL,CE,Federal Contract Tower,0,18,1,0,19,0,2,2,0,4,0,20,3,0,23,0,0,0,23
02/28/2014,JVL,WI,AGL,CE,Federal Contract Tower,0,5,3,0,8,0,0,13,0,13,0,5,16,0,21,14,0,14,35
03/01/2014,JVL,WI,AGL,CE,Federal Contract Tower,0,5,0,0,5,0,0,0,0,0,0,5,0,0,5,0,0,0,5
03/02/2014,JVL,WI,AGL,CE,Federal Contract Tower,0,9,2,0,11,0,4,32,0,36,0,13,34,0,47,44,0,44,91
03/03/2014,JVL,WI,AGL,CE,Federal Contract Tower,0,12,4,0,16,0,0,14,0,14,0,12,18,0,30,32,0,32,62
03/04/2014,JVL,WI,AGL,CE,Federal Contract Tower,0,1,4,0,5,0,0,8,0,8,0,1,12,0,13,2,0,2,15
03/05/2014,JVL,WI,AGL,CE,Federal Contract Tower,0,9,5,0,14,0,8,10,0,18,0,17,15,0,32,0,0,0,32
03/06/2014,JVL,WI,AGL,CE,Federal Contract Tower,0,7,3,0,10,0,0,27,0,27,0,7,30,0,37,14,0,14,51
03/07/2014,JVL,WI,AGL,CE,Federal Contract Tower,0,6,8,0,14,0,0,26,0,26,0,6,34,0,40,20,0,20,60
03/08/2014,JVL,WI,AGL,CE,Federal Contract Tower,0,1,3,0,4,0,1,36,0,37,0,2,39,0,41,100,0,100,141
03/09/2014,JVL,WI,AGL,CE,Federal Contract Tower,0,7,2,0,9,0,5,38,0,43,0,12,40,0,52,50,0,50,102
03/10/2014,JVL,WI,AGL,CE,Federal Contract Tower,0,19,3,0,22,0,0,38,0,38,0,19,41,0,60,80,0,80,140
03/11/2014,JVL,WI,AGL,CE,Federal Contract Tower,0,11,1,4,16,0,0,8,0,8,0,11,9,4,24,2,8,10,34
03/12/2014,JVL,WI,AGL,CE,Federal Contract Tower,0,6,5,0,11,0,0,31,0,31,0,6,36,0,42,30,0,30,72
03/13/2014,JVL,WI,AGL,CE,Federal Contract Tower,0,11,4,0,15,0,0,43,6,49,0,11,47,6,64,108,0,108,172
03/14/2014,JVL,WI,AGL,CE,Federal Contract Tower,0,15,1,0,16,0,1,29,0,30,0,16,30,0,46,16,0,16,62
03/15/2014,JVL,WI,AGL,CE,Federal Contract Tower,0,1,5,0,6,0,0,79,0,79,0,1,84,0,85,98,0,98,183
03/16/2014,JVL,WI,AGL,CE,Federal Contract Tower,0,10,1,0,11,0,3,16,0,19,0,13,17,0,30,30,0,30,60
03/17/2014,JVL,WI,AGL,CE,Federal Contract Tower,0,12,2,0,14,0,2,32,2,36,0,14,34,2,50,52,2,54,104
03/18/2014,JVL,WI,AGL,CE,Federal Contract Tower,0,7,6,0,13,0,1,32,2,35,0,8,38,2,48,44,16,60,108
03/19/2014,JVL,WI,AGL,CE,Federal Contract Tower,0,3,0,0,3,0,4,0,0,4,0,7,0,0,7,0,0,0,7
03/20/2014,JVL,WI,AGL,CE,Federal Contract Tower,0,10,5,0,15,0,0,96,0,96,0,10,101,0,111,108,0,108,219
03/21/2014,JVL,WI,AGL,CE,Federal Contract Tower,0,13,7,0,20,0,4,33,0,37,0,17,40,0,57,32,0,32,89
03/22/2014,JVL,WI,AGL,CE,Federal Contract Tower,0,7,7,0,14,0,0,33,0,33,0,7,40,0,47,72,0,72,119
03/23/2014,JVL,WI,AGL,CE,Federal Contract Tower,0,7,10,0,17,0,3,46,0,49,0,10,56,0,66,70,0,70,136
03/24/2014,JVL,WI,AGL,CE,Federal Contract Tower,0,14,4,0,18,0,1,55,0,56,0,15,59,0,74,60,0,60,134
03/25/2014,JVL,WI,AGL,CE,Federal Contract Tower,0,15,2,0,17,0,0,19,0,19,0,15,21,0,36,8,0,8,44
03/26/2014,JVL,WI,AGL,CE,Federal Contract Tower,0,9,6,0,15,0,0,68,0,68,0,9,74,0,83,44,0,44,127
03/27/2014,JVL,WI,AGL,CE,Federal Contract Tower,0,15,0,0,15,0,0,0,0,0,0,15,0,0,15,0,0,0,15
03/28/2014,JVL,WI,AGL,CE,Federal Contract Tower,0,15,2,0,17,0,0,20,0,20,0,15,22,0,37,32,0,32,69
03/29/2014,JVL,WI,AGL,CE,Federal Contract Tower,0,5,5,0,10,0,0,39,0,39,0,5,44,0,49,76,0,76,125
03/30/2014,JVL,WI,AGL,CE,Federal Contract Tower,0,16,6,0,22,0,2,82,0,84,0,18,88,0,106,152,0,152,258
03/31/2014,JVL,WI,AGL,CE,Federal Contract Tower,0,12,1,0,13,0,1,18,0,19,0,13,19,0,32,22,0,22,54
04/01/2014,JVL,WI,AGL,CE,Federal Contract Tower,0,10,1,0,11,0,0,11,1,12,0,10,12,1,23,12,6,18,41
04/02/2014,JVL,WI,AGL,CE,Federal Contract Tower,0,12,6,0,18,0,0,67,2,69,0,12,73,2,87,60,12,72,159
04/03/2014,JVL,WI,AGL,CE,Federal Contract Tower,0,14,5,0,19,0,0,21,0,21,0,14,26,0,40,4,0,4,44
04/04/2014,JVL,WI,AGL,CE,Federal Contract Tower,0,9,2,0,11,0,0,0,0,0,0,9,2,0,11,0,0,0,11
04/05/2014,JVL,WI,AGL,CE,Federal Contract Tower,0,4,13,0,17,0,0,78,0,78,0,4,91,0,95,88,0,88,183
04/06/2014,JVL,WI,AGL,CE,Federal Contract Tower,0,7,7,0,14,0,4,43,0,47,0,11,50,0,61,76,0,76,137
04/07/2014,JVL,WI,AGL,CE,Federal Contract Tower,0,11,2,0,13,0,0,36,0,36,0,11,38,0,49,20,0,20,69
04/08/2014,JVL,WI,AGL,CE,Federal Contract Tower,0,18,2,0,20,0,1,35,0,36,0,19,37,0,56,54,0,54,110
04/09/2014,JVL,WI,AGL,CE,Federal Contract Tower,0,8,10,0,18,0,0,76,0,76,0,8,86,0,94,14,20,34,128
04/10/2014,JVL,WI,AGL,CE,Federal Contract Tower,0,5,3,1,9,0,0,6,1,7,0,5,9,2,16,20,4,24,40
04/11/2014,JVL,WI,AGL,CE,Federal Contract Tower,0,11,2,0,13,0,5,27,0,32,0,16,29,0,45,36,0,36,81
04/12/2014,JVL,WI,AGL,CE,Federal Contract Tower,0,7,5,0,12,0,0,6,0,6,0,7,11,0,18,10,0,10,28
04/13/2014,JVL,WI,AGL,CE,Federal Contract Tower,0,7,0,0,7,0,0,0,0,0,0,7,0,0,7,0,0,0,7
04/14/2014,JVL,WI,AGL,CE,Federal Contract Tower,0,9,0,0,9,0,0,0,0,0,0,9,0,0,9,0,0,0,9
04/15/2014,JVL,WI,AGL,CE,Federal Contract Tower,0,9,5,0,14,0,0,36,1,37,0,9,41,1,51,30,0,30,81
04/16/2014,JVL,WI,AGL,CE,Federal Contract Tower,0,9,0,0,9,0,0,7,0,7,0,9,7,0,16,10,0,10,26
04/17/2014,JVL,WI,AGL,CE,Federal Contract Tower,0,20,5,0,25,0,0,60,0,60,0,20,65,0,85,94,0,94,179
04/18/2014,JVL,WI,AGL,CE,Federal Contract Tower,0,15,3,0,18,0,2,68,0,70,0,17,71,0,88,108,0,108,196
04/19/2014,JVL,WI,AGL,CE,Federal Contract Tower,0,3,5,0,8,0,0,51,0,51,0,3,56,0,59,156,0,156,215
04/20/2014,JVL,WI,AGL,CE,Federal Contract Tower,0,6,1,0,7,0,0,15,0,15,0,6,16,0,22,12,0,12,34
04/21/2014,JVL,WI,AGL,CE,Federal Contract Tower,0,11,2,0,13,0,3,12,0,15,0,14,14,0,28,0,0,0,28
04/22/2014,JVL,WI,AGL,CE,Federal Contract Tower,0,12,5,0,17,0,4,48,0,52,0,16,53,0,69,154,0,154,223
04/23/2014,JVL,WI,AGL,CE,Federal Contract Tower,0,18,12,0,30,0,0,68,0,68,0,18,80,0,98,132,0,132,230
04/24/2014,JVL,WI,AGL,CE,Federal Contract Tower,0,11,0,0,11,0,0,7,0,7,0,11,7,0,18,16,0,16,34
04/25/2014,JVL,WI,AGL,CE,Federal Contract Tower,0,13,12,1,26,0,2,45,2,49,0,15,57,3,75,122,0,122,197
04/26/2014,JVL,WI,AGL,CE,Federal Contract Tower,0,5,10,0,15,0,0,40,0,40,0,5,50,0,55,84,0,84,139
04/27/2014,JVL,WI,AGL,CE,Federal Contract Tower,0,8,1,0,9,0,2,2,0,4,0,10,3,0,13,2,0,2,15
04/28/2014,JVL,WI,AGL,CE,Federal Contract Tower,0,8,0,0,8,0,0,1,0,1,0,8,1,0,9,0,0,0,9
04/29/2014,JVL,WI,AGL,CE,Federal Contract Tower,0,4,10,0,14,0,0,0,0,0,0,4,10,0,14,0,0,0,14
04/30/2014,JVL,WI,AGL,CE,Federal Contract Tower,0,12,13,0,25,0,0,2,0,2,0,12,15,0,27,48,0,48,75
05/01/2014,JVL,WI,AGL,CE,Federal Contract Tower,0,8,4,1,13,0,0,2,1,3,0,8,6,2,16,12,0,12,28
05/02/2014,JVL,WI,AGL,CE,Federal Contract Tower,0,7,2,0,9,0,1,26,0,27,0,8,28,0,36,46,0,46,82
05/03/2014,JVL,WI,AGL,CE,Federal Contract Tower,0,0,6,0,6,0,0,29,0,29,0,0,35,0,35,24,0,24,59
05/04/2014,JVL,WI,AGL,CE,Federal Contract Tower,0,9,11,0,20,0,0,54,0,54,0,9,65,0,74,200,0,200,274
05/05/2014,JVL,WI,AGL,CE,Federal Contract Tower,0,5,8,0,13,0,0,29,0,29,0,5,37,0,42,14,0,14,56
05/06/2014,JVL,WI,AGL,CE,Federal Contract Tower,0,6,11,3,20,0,4,35,0,39,0,10,46,3,59,62,0,62,121
05/07/2014,JVL,WI,AGL,CE,Federal Contract Tower,0,4,2,0,6,0,0,9,0,9,0,4,11,0,15,0,0,0,15
05/08/2014,JVL,WI,AGL,CE,Federal Contract Tower,0,11,0,0,11,0,1,9,0,10,0,12,9,0,21,0,0,0,21
05/09/2014,JVL,WI,AGL,CE,Federal Contract Tower,0,20,7,0,27,0,0,6,0,6,0,20,13,0,33,10,0,10,43
05/10/2014,JVL,WI,AGL,CE,Federal Contract Tower,0,4,13,0,17,0,1,78,0,79,0,5,91,0,96,140,0,140,236
05/11/2014,JVL,WI,AGL,CE,Federal Contract Tower,0,4,8,0,12,0,0,12,0,12,0,4,20,0,24,16,0,16,40
05/12/2014,JVL,WI,AGL,CE,Federal Contract Tower,0,5,14,0,19,0,0,6,0,6,0,5,20,0,25,4,0,4,29
05/13/2014,JVL,WI,AGL,CE,Federal Contract Tower,0,2,14,0,16,0,0,12,0,12,0,2,26,0,28,4,0,4,32
05/14/2014,JVL,WI,AGL,CE,Federal Contract Tower,0,19,5,0,24,0,0,49,0,49,0,19,54,0,73,84,0,84,157
05/15/2014,JVL,WI,AGL,CE,Federal Contract Tower,0,13,3,0,16,0,0,20,0,20,0,13,23,0,36,58,0,58,94
05/16/2014,JVL,WI,AGL,CE,Federal Contract Tower,0,19,2,0,21,0,0,36,0,36,0,19,38,0,57,70,0,70,127
05/17/2014,JVL,WI,AGL,CE,Federal Contract Tower,0,5,10,0,15,0,0,50,0,50,0,5,60,0,65,52,0,52,117
05/18/2014,JVL,WI,AGL,CE,Federal Contract Tower,0,3,12,0,15,0,0,60,0,60,0,3,72,0,75,70,0,70,145
05/19/2014,JVL,WI,AGL,CE,Federal Contract Tower,0,5,6,0,11,0,0,4,0,4,0,5,10,0,15,0,0,0,15
05/20/2014,JVL,WI,AGL,CE,Federal Contract Tower,0,2,14,0,16,0,0,40,0,40,0,2,54,0,56,90,0,90,146
05/21/2014,JVL,WI,AGL,CE,Federal Contract Tower,0,5,7,0,12,0,1,38,0,39,0,6,45,0,51,90,0,90,141
05/22/2014,JVL,WI,AGL,CE,Federal Contract Tower,0,14,22,2,38,0,2,81,0,83,0,16,103,2,121,112,0,112,233
05/23/2014,JVL,WI,AGL,CE,Federal Contract Tower,0,26,6,0,32,0,3,61,0,64,0,29,67,0,96,142,0,142,238
05/24/2014,JVL,WI,AGL,CE,Federal Contract Tower,0,2,6,0,8,0,0,57,0,57,0,2,63,0,65,94,0,94,159
05/25/2014,JVL,WI,AGL,CE,Federal Contract Tower,0,1,5,0,6,0,0,46,0,46,0,1,51,0,52,20,0,20,72
05/26/2014,JVL,WI,AGL,CE,Federal Contract Tower,0,7,3,0,10,0,0,12,0,12,0,7,15,0,22,8,0,8,30
05/27/2014,JVL,WI,AGL,CE,Federal Contract Tower,0,14,2,0,16,0,0,17,0,17,0,14,19,0,33,22,0,22,55
05/28/2014,JVL,WI,AGL,CE,Federal Contract Tower,0,7,6,0,13,0,0,42,0,42,0,7,48,0,55,72,0,72,127
05/29/2014,JVL,WI,AGL,CE,Federal Contract Tower,0,7,12,1,20,0,0,60,0,60,0,7,72,1,80,64,2,66,146
05/30/2014,JVL,WI,AGL,CE,Federal Contract Tower,0,11,13,0,24,0,3,96,0,99,0,14,109,0,123,176,0,176,299
05/31/2014,JVL,WI,AGL,CE,Federal Contract Tower,0,1,10,0,11,0,98,0,0,98,0,99,10,0,109,48,0,48,157
06/01/2014,JVL,WI,AGL,CE,Federal Contract Tower,0,15,3,0,18,0,2,40,0,42,0,17,43,0,60,40,0,40,100
06/02/2014,JVL,WI,AGL,CE,Federal Contract Tower,0,6,9,0,15,0,1,4,0,5,0,7,13,0,20,6,0,6,26
06/03/2014,JVL,WI,AGL,CE,Federal Contract Tower,0,11,2,0,13,0,7,53,2,62,0,18,55,2,75,88,24,112,187
06/04/2014,JVL,WI,AGL,CE,Federal Contract Tower,0,19,9,0,28,0,0,21,0,21,0,19,30,0,49,94,0,94,143
06/05/2014,JVL,WI,AGL,CE,Federal Contract Tower,0,5,11,0,16,0,1,51,0,52,0,6,62,0,68,24,0,24,92
06/06/2014,JVL,WI,AGL,CE,Federal Contract Tower,0,15,1,0,16,0,7,50,0,57,0,22,51,0,73,66,0,66,139
06/07/2014,JVL,WI,AGL,CE,Federal Contract Tower,0,3,5,0,8,0,0,50,0,50,0,3,55,0,58,72,0,72,130
06/08/2014,JVL,WI,AGL,CE,Federal Contract Tower,0,4,3,0,7,0,3,29,0,32,0,7,32,0,39,46,0,46,85
06/09/2014,JVL,WI,AGL,CE,Federal Contract Tower,0,2,8,0,10,0,0,31,0,31,0,2,39,0,41,44,0,44,85
06/10/2014,JVL,WI,AGL,CE,Federal Contract Tower,0,11,2,0,13,0,0,18,0,18,0,11,20,0,31,6,0,6,37
06/11/2014,JVL,WI,AGL,CE,Federal Contract Tower,0,11,15,0,26,0,0,11,0,11,0,11,26,0,37,36,0,36,73
06/12/2014,JVL,WI,AGL,CE,Federal Contract Tower,0,3,4,0,7,0,1,42,0,43,0,4,46,0,50,46,0,46,96
06/13/2014,JVL,WI,AGL,CE,Federal Contract Tower,0,10,10,0,20,0,4,70,0,74,0,14,80,0,94,72,0,72,166
06/14/2014,JVL,WI,AGL,CE,Federal Contract Tower,0,0,6,0,6,0,0,68,0,68,0,0,74,0,74,40,0,40,114
06/15/2014,JVL,WI,AGL,CE,Federal Contract Tower,0,2,7,0,9,0,2,20,0,22,0,4,27,0,31,0,0,0,31
06/16/2014,JVL,WI,AGL,CE,Federal Contract Tower,0,9,0,1,10,0,0,45,0,45,0,9,45,1,55,66,0,66,121
06/17/2014,JVL,WI,AGL,CE,Federal Contract Tower,0,5,0,0,5,0,0,51,0,51,0,5,51,0,56,98,0,98,154
06/18/2014,JVL,WI,AGL,CE,Federal Contract Tower,0,7,2,0,9,0,8,23,0,31,0,15,25,0,40,64,0,64,104
06/19/2014,JVL,WI,AGL,CE,Federal Contract Tower,0,11,8,0,19,0,1,20,0,21,0,12,28,0,40,8,0,8,48
06/20/2014,JVL,WI,AGL,CE,Federal Contract Tower,0,14,11,0,25,0,2,70,0,72,0,16,81,0,97,74,0,74,171
06/21/2014,JVL,WI,AGL,CE,Federal Contract Tower,0,4,13,0,17,0,0,45,0,45,0,4,58,0,62,32,0,32,94
06/22/2014,JVL,WI,AGL,CE,Federal Contract Tower,0,3,4,0,7,0,0,38,0,38,0,3,42,0,45,46,0,46,91
06/23/2014,JVL,WI,AGL,CE,Federal Contract Tower,0,5,10,0,15,0,0,38,0,38,0,5,48,0,53,62,0,62,115
06/24/2014,JVL,WI,AGL,CE,Federal Contract Tower,0,22,8,0,30,0,2,45,0,47,0,24,53,0,77,94,0,94,171
06/25/2014,JVL,WI,AGL,CE,Federal Contract Tower,0,18,11,0,29,0,0,8,1,9,0,18,19,1,38,2,8,10,48
06/26/2014,JVL,WI,AGL,CE,Federal Contract Tower,0,8,14,0,22,0,0,18,4,22,0,8,32,4,44,12,0,12,56
06/27/2014,JVL,WI,AGL,CE,Federal Contract Tower,0,7,5,0,12,0,0,21,0,21,0,7,26,0,33,8,0,8,41
06/28/2014,JVL,WI,AGL,CE,Federal Contract Tower,0,4,12,0,16,0,0,25,0,25,0,4,37,0,41,28,0,28,69
06/29/2014,JVL,WI,AGL,CE,Federal Contract Tower,0,3,7,0,10,0,0,47,0,47,0,3,54,0,57,50,0,50,107
06/30/2014,JVL,WI,AGL,CE,Federal Contract Tower,0,9,4,0,13,0,0,27,0,27,0,9,31,0,40,20,0,20,60
07/01/2014,JVL,WI,AGL,CE,Federal Contract Tower,0,20,7,0,27,0,0,31,0,31,0,20,38,0,58,78,0,78,136
07/02/2014,JVL,WI,AGL,CE,Federal Contract Tower,0,8,17,0,25,0,0,10,0,10,0,8,27,0,35,0,0,0,35
07/03/2014,JVL,WI,AGL,CE,Federal Contract Tower,0,5,17,0,22,0,0,93,0,93,0,5,110,0,115,84,0,84,199
07/04/2014,JVL,WI,AGL,CE,Federal Contract Tower,0,2,7,0,9,0,0,62,0,62,0,2,69,0,71,32,0,32,103
07/05/2014,JVL,WI,AGL,CE,Federal Contract Tower,0,1,13,0,14,0,0,65,0,65,0,1,78,0,79,72,0,72,151
07/06/2014,JVL,WI,AGL,CE,Federal Contract Tower,0,5,9,0,14,0,0,43,0,43,0,5,52,0,57,20,0,20,77
07/07/2014,JVL,WI,AGL,CE,Federal Contract Tower,0,4,3,0,7,0,1,55,2,58,0,5,58,2,65,104,6,110,175
07/08/2014,JVL,WI,AGL,CE,Federal Contract Tower,0,17,10,0,27,0,0,38,0,38,0,17,48,0,65,68,0,68,133
07/09/2014,JVL,WI,AGL,CE,Federal Contract Tower,0,8,19,0,27,0,0,86,0,86,0,8,105,0,113,138,0,138,251
07/10/2014,JVL,WI,AGL,CE,Federal Contract Tower,0,2,10,2,14,0,1,84,0,85,0,3,94,2,99,86,2,88,187
07/11/2014,JVL,WI,AGL,CE,Federal Contract Tower,0,11,11,0,22,0,0,70,0,70,0,11,81,0,92,118,0,118,210
07/12/2014,JVL,WI,AGL,CE,Federal Contract Tower,0,4,7,0,11,0,0,16,0,16,0,4,23,0,27,10,0,10,37
07/13/2014,JVL,WI,AGL,CE,Federal Contract Tower,0,9,8,0,17,0,0,67,0,67,0,9,75,0,84,76,0,76,160
07/14/2014,JVL,WI,AGL,CE,Federal Contract Tower,0,13,1,0,14,0,1,46,2,49,0,14,47,2,63,52,2,54,117
07/15/2014,JVL,WI,AGL,CE,Federal Contract Tower,0,6,0,0,6,0,0,26,0,26,0,6,26,0,32,98,0,98,130
07/16/2014,JVL,WI,AGL,CE,Federal Contract Tower,0,13,9,1,23,0,1,79,0,80,0,14,88,1,103,122,0,122,225
07/17/2014,JVL,WI,AGL,CE,Federal Contract Tower,0,4,5,0,9,0,0,91,2,93,0,4,96,2,102,70,0,70,172
07/18/2014,JVL,WI,AGL,CE,Federal Contract Tower,0,4,15,0,19,0,0,66,0,66,0,4,81,0,85,78,2,80,165
07/19/2014,JVL,WI,AGL,CE,Federal Contract Tower,0,2,2,0,4,0,0,57,0,57,0,2,59,0,61,44,0,44,105
07/20/2014,JVL,WI,AGL,CE,Federal Contract Tower,0,7,10,0,17,0,2,68,0,70,0,9,78,0,87,36,0,36,123
07/21/2014,JVL,WI,AGL,CE,Federal Contract Tower,0,6,6,0,12,0,1,73,0,74,0,7,79,0,86,156,0,156,242
07/22/2014,JVL,WI,AGL,CE,Federal Contract Tower,1,17,1,0,19,0,0,44,0,44,1,17,45,0,63,92,0,92,155
07/23/2014,JVL,WI,AGL,CE,Federal Contract Tower,1,5,8,2,16,0,0,118,0,118,1,5,126,2,134,234,16,250,384
07/24/2014,JVL,WI,AGL,CE,Federal Contract Tower,0,15,7,0,22,0,0,115,0,115,0,15,122,0,137,138,0,138,275
07/25/2014,JVL,WI,AGL,CE,Federal Contract Tower,0,2,8,0,10,0,0,49,0,49,0,2,57,0,59,52,0,52,111
07/26/2014,JVL,WI,AGL,CE,Federal Contract Tower,0,1,13,0,14,0,0,83,0,83,0,1,96,0,97,48,0,48,145
07/27/2014,JVL,WI,AGL,CE,Federal Contract Tower,0,1,12,0,13,0,0,77,0,77,0,1,89,0,90,8,0,8,98
07/28/2014,JVL,WI,AGL,CE,Federal Contract Tower,0,17,6,0,23,0,0,68,0,68,0,17,74,0,91,54,0,54,145
07/29/2014,JVL,WI,AGL,CE,Federal Contract Tower,0,14,4,0,18,0,1,66,0,67,0,15,70,0,85,70,0,70,155
07/30/2014,JVL,WI,AGL,CE,Federal Contract Tower,0,5,8,1,14,0,0,41,1,42,0,5,49,2,56,66,0,66,122
07/31/2014,JVL,WI,AGL,CE,Federal Contract Tower,0,5,13,0,18,0,2,94,2,98,0,7,107,2,116,84,4,88,204
08/01/2014,JVL,WI,AGL,CE,Federal Contract Tower,0,4,12,0,16,0,0,86,0,86,0,4,98,0,102,26,0,26,128
08/02/2014,JVL,WI,AGL,CE,Federal Contract Tower,0,4,9,0,13,0,0,102,0,102,0,4,111,0,115,78,0,78,193
08/03/2014,JVL,WI,AGL,CE,Federal Contract Tower,0,9,8,0,17,0,0,84,0,84,0,9,92,0,101,68,0,68,169
08/04/2014,JVL,WI,AGL,CE,Federal Contract Tower,0,7,4,0,11,0,0,38,0,38,0,7,42,0,49,72,0,72,121
08/05/2014,JVL,WI,AGL,CE,Federal Contract Tower,0,9,10,0,19,0,1,44,0,45,0,10,54,0,64,24,0,24,88
08/06/2014,JVL,WI,AGL,CE,Federal Contract Tower,0,13,4,0,17,0,0,72,0,72,0,13,76,0,89,64,0,64,153
08/07/2014,JVL,WI,AGL,CE,Federal Contract Tower,0,12,6,0,18,0,1,72,0,73,0,13,78,0,91,64,0,64,155
08/08/2014,JVL,WI,AGL,CE,Federal Contract Tower,0,19,2,0,21,0,0,56,1,57,0,19,58,1,78,68,0,68,146
08/09/2014,JVL,WI,AGL,CE,Federal Contract Tower,0,3,8,0,11,0,0,76,0,76,0,3,84,0,87,78,0,78,165
08/10/2014,JVL,WI,AGL,CE,Federal Contract Tower,0,4,8,0,12,0,0,54,0,54,0,4,62,0,66,48,0,48,114
08/11/2014,JVL,WI,AGL,CE,Federal Contract Tower,0,11,7,2,20,0,0,28,0,28,0,11,35,2,48,8,2,10,58
08/12/2014,JVL,WI,AGL,CE,Federal Contract Tower,0,8,9,0,17,0,1,31,0,32,0,9,40,0,49,98,0,98,147
08/13/2014,JVL,WI,AGL,CE,Federal Contract Tower,0,4,6,0,10,0,0,57,1,58,0,4,63,1,68,30,2,32,100
08/14/2014,JVL,WI,AGL,CE,Federal Contract Tower,0,8,11,0,19,0,0,49,0,49,0,8,60,0,68,92,0,92,160
08/15/2014,JVL,WI,AGL,CE,Federal Contract Tower,0,1,11,0,12,0,0,58,0,58,0,1,69,0,70,86,0,86,156
08/16/2014,JVL,WI,AGL,CE,Federal Contract Tower,0,3,15,0,18,0,0,36,0,36,0,3,51,0,54,30,0,30,84
08/17/2014,JVL,WI,AGL,CE,Federal Contract Tower,0,5,12,0,17,0,0,21,0,21,0,5,33,0,38,12,0,12,50
08/18/2014,JVL,WI,AGL,CE,Federal Contract Tower,0,11,7,0,18,0,0,9,0,9,0,11,16,0,27,0,0,0,27
08/19/2014,JVL,WI,AGL,CE,Federal Contract Tower,0,16,4,0,20,0,0,17,0,17,0,16,21,0,37,4,0,4,41
08/20/2014,JVL,WI,AGL,CE,Federal Contract Tower,0,8,13,0,21,0,2,69,0,71,0,10,82,0,92,22,0,22,114
08/21/2014,JVL,WI,AGL,CE,Federal Contract Tower,0,10,12,0,22,0,4,4,10,18,0,14,16,10,40,18,0,18,58
08/22/2014,JVL,WI,AGL,CE,Federal Contract Tower,0,12,10,0,22,0,0,21,0,21,0,12,31,0,43,46,0,46,89
08/23/2014,JVL,WI,AGL,CE,Federal Contract Tower,0,4,3,0,7,0,0,1,0,1,0,4,4,0,8,0,0,0,8
08/24/2014,JVL,WI,AGL,CE,Federal Contract Tower,0,5,15,0,20,0,0,36,0,36,0,5,51,0,56,74,0,74,130
08/25/2014,JVL,WI,AGL,CE,Federal Contract Tower,0,8,10,0,18,0,0,0,0,0,0,8,10,0,18,0,0,0,18
08/26/2014,JVL,WI,AGL,CE,Federal Contract Tower,0,10,6,0,16,0,0,26,0,26,0,10,32,0,42,8,0,8,50
08/27/2014,JVL,WI,AGL,CE,Federal Contract Tower,0,7,16,1,24,0,0,45,0,45,0,7,61,1,69,32,0,32,101
08/28/2014,JVL,WI,AGL,CE,Federal Contract Tower,0,8,8,0,16,0,0,57,0,57,0,8,65,0,73,66,0,66,139
08/29/2014,JVL,WI,AGL,CE,Federal Contract Tower,0,10,10,0,20,0,0,33,0,33,0,10,43,0,53,98,0,98,151
08/30/2014,JVL,WI,AGL,CE,Federal Contract Tower,0,1,6,0,7,0,4,28,0,32,0,5,34,0,39,30,0,30,69
08/31/2014,JVL,WI,AGL,CE,Federal Contract Tower,0,4,15,0,19,0,0,93,0,93,0,4,108,0,112,180,0,180,292
09/01/2014,JVL,WI,AGL,CE,Federal Contract Tower,0,4,4,0,8,0,0,6,0,6,0,4,10,0,14,0,0,0,14
09/02/2014,JVL,WI,AGL,CE,Federal Contract Tower,0,11,6,0,17,0,0,45,0,45,0,11,51,0,62,18,0,18,80
09/03/2014,JVL,WI,AGL,CE,Federal Contract Tower,0,5,8,0,13,0,0,57,0,57,0,5,65,0,70,32,0,32,102
09/04/2014,JVL,WI,AGL,CE,Federal Contract Tower,0,8,15,1,24,0,0,38,0,38,0,8,53,1,62,53,2,55,117
09/05/2014,JVL,WI,AGL,CE,Federal Contract Tower,0,12,8,0,20,0,1,41,0,42,0,13,49,0,62,32,0,32,94
09/06/2014,JVL,WI,AGL,CE,Federal Contract Tower,0,4,9,0,13,0,0,129,0,129,0,4,138,0,142,142,0,142,284
09/07/2014,JVL,WI,AGL,CE,Federal Contract Tower,0,9,11,0,20,0,0,95,0,95,0,9,106,0,115,68,0,68,183
09/08/2014,JVL,WI,AGL,CE,Federal Contract Tower,0,5,11,0,16,0,0,57,0,57,0,5,68,0,73,54,0,54,127
09/09/2014,JVL,WI,AGL,CE,Federal Contract Tower,0,8,11,0,19,0,1,49,0,50,0,9,60,0,69,32,0,32,101
09/10/2014,JVL,WI,AGL,CE,Federal Contract Tower,0,4,8,0,12,0,0,11,0,11,0,4,19,0,23,2,0,2,25
09/11/2014,JVL,WI,AGL,CE,Federal Contract Tower,0,14,6,0,20,0,3,46,0,49,0,17,52,0,69,88,0,88,157
09/12/2014,JVL,WI,AGL,CE,Federal Contract Tower,0,22,4,0,26,0,1,49,0,50,0,23,53,0,76,82,0,82,158
09/13/2014,JVL,WI,AGL,CE,Federal Contract Tower,0,10,9,0,19,0,1,66,0,67,0,11,75,0,86,86,0,86,172
09/14/2014,JVL,WI,AGL,CE,Federal Contract Tower,0,17,3,0,20,0,3,88,0,91,0,20,91,0,111,114,0,114,225
09/15/2014,JVL,WI,AGL,CE,Federal Contract Tower,0,3,2,0,5,0,1,20,0,21,0,4,22,0,26,10,0,10,36
09/16/2014,JVL,WI,AGL,CE,Federal Contract Tower,1,4,13,0,18,0,0,56,0,56,1,4,69,0,74,84,0,84,158
09/17/2014,JVL,WI,AGL,CE,Federal Contract Tower,0,5,16,0,21,0,0,75,0,75,0,5,91,0,96,112,0,112,208
09/18/2014,JVL,WI,AGL,CE,Federal Contract Tower,0,11,2,1,14,0,1,27,0,28,0,12,29,1,42,42,0,42,84
09/19/2014,JVL,WI,AGL,CE,Federal Contract Tower,0,14,6,0,20,0,2,68,0,70,0,16,74,0,90,102,0,102,192
09/20/2014,JVL,WI,AGL,CE,Federal Contract Tower,0,3,8,0,11,0,0,29,0,29,0,3,37,0,40,42,0,42,82
09/21/2014,JVL,WI,AGL,CE,Federal Contract Tower,0,6,13,0,19,0,1,33,0,34,0,7,46,0,53,12,0,12,65
09/22/2014,JVL,WI,AGL,CE,Federal Contract Tower,0,18,5,0,23,0,2,55,0,57,0,20,60,0,80,42,0,42,122
09/23/2014,JVL,WI,AGL,CE,Federal Contract Tower,0,9,18,1,28,0,7,79,2,88,0,16,97,3,116,92,2,94,210
09/24/2014,JVL,WI,AGL,CE,Federal Contract Tower,0,8,16,0,24,0,0,54,0,54,0,8,70,0,78,46,0,46,124
09/25/2014,JVL,WI,AGL,CE,Federal Contract Tower,0,20,3,0,23,0,0,54,0,54,0,20,57,0,77,50,0,50,127
09/26/2014,JVL,WI,AGL,CE,Federal Contract Tower,0,1,0,0,1,0,28,54,0,82,0,29,54,0,83,54,0,54,137
09/27/2014,JVL,WI,AGL,CE,Federal Contract Tower,0,2,0,0,2,0,6,72,0,78,0,8,72,0,80,132,0,132,212
09/28/2014,JVL,WI,AGL,CE,Federal Contract Tower,0,9,1,0,10,0,1,70,0,71,0,10,71,0,81,98,0,98,179
09/29/2014,JVL,WI,AGL,CE,Federal Contract Tower,0,6,12,0,18,0,1,59,0,60,0,7,71,0,78,16,0,16,94
09/30/2014,JVL,WI,AGL,CE,Federal Contract Tower,0,7,9,0,16,0,0,29,0,29,0,7,38,0,45,60,0,60,105
10/01/2014,JVL,WI,AGL,CE,Federal Contract Tower,0,7,0,0,7,0,0,40,0,40,0,7,40,0,47,22,0,22,69
10/02/2014,JVL,WI,AGL,CE,Federal Contract Tower,0,12,5,0,17,0,0,6,0,6,0,12,11,0,23,18,0,18,41
10/03/2014,JVL,WI,AGL,CE,Federal Contract Tower,0,19,0,0,19,0,1,8,0,9,0,20,8,0,28,2,0,2,30
10/04/2014,JVL,WI,AGL,CE,Federal Contract Tower,0,4,2,0,6,0,0,2,0,2,0,4,4,0,8,0,0,0,8
10/05/2014,JVL,WI,AGL,CE,Federal Contract Tower,0,5,8,0,13,0,0,62,0,62,0,5,70,0,75,52,0,52,127
10/06/2014,JVL,WI,AGL,CE,Federal Contract Tower,0,11,1,0,12,0,1,42,0,43,0,12,43,0,55,22,0,22,77
10/07/2014,JVL,WI,AGL,CE,Federal Contract Tower,0,7,11,0,18,0,2,68,0,70,0,9,79,0,88,54,0,54,142
10/08/2014,JVL,WI,AGL,CE,Federal Contract Tower,0,6,4,0,10,0,0,37,0,37,0,6,41,0,47,24,0,24,71
10/09/2014,JVL,WI,AGL,CE,Federal Contract Tower,0,18,2,0,20,0,3,39,0,42,0,21,41,0,62,88,0,88,150
10/10/2014,JVL,WI,AGL,CE,Federal Contract Tower,0,14,3,0,17,0,10,41,0,51,0,24,44,0,68,82,0,82,150
10/11/2014,JVL,WI,AGL,CE,Federal Contract Tower,0,2,3,0,5,0,0,57,0,57,0,2,60,0,62,50,0,50,112
10/12/2014,JVL,WI,AGL,CE,Federal Contract Tower,0,6,8,0,14,0,0,50,0,50,0,6,58,0,64,36,0,36,100
10/13/2014,JVL,WI,AGL,CE,Federal Contract Tower,0,5,17,0,22,0,0,12,0,12,0,5,29,0,34,6,0,6,40
10/14/2014,JVL,WI,AGL,CE,Federal Contract Tower,0,7,7,2,16,0,0,24,0,24,0,7,31,2,40,12,0,12,52
10/15/2014,JVL,WI,AGL,CE,Federal Contract Tower,0,10,3,0,13,0,0,2,0,2,0,10,5,0,15,0,0,0,15
10/16/2014,JVL,WI,AGL,CE,Federal Contract Tower,0,10,4,0,14,0,0,25,0,25,0,10,29,0,39,10,0,10,49
10/17/2014,JVL,WI,AGL,CE,Federal Contract Tower,0,12,8,0,20,0,2,31,0,33,0,14,39,0,53,44,0,44,97
10/18/2014,JVL,WI,AGL,CE,Federal Contract Tower,0,1,4,2,7,0,0,36,2,38,0,1,40,4,45,54,6,60,105
10/19/2014,JVL,WI,AGL,CE,Federal Contract Tower,0,6,7,0,13,0,5,38,0,43,0,11,45,0,56,48,0,48,104
10/20/2014,JVL,WI,AGL,CE,Federal Contract Tower,0,19,3,0,22,0,0,41,0,41,0,19,44,0,63,56,0,56,119
10/21/2014,JVL,WI,AGL,CE,Federal Contract Tower,0,14,5,2,21,0,0,36,0,36,0,14,41,2,57,92,0,92,149
10/22/2014,JVL,WI,AGL,CE,Federal Contract Tower,0,4,4,0,8,0,3,55,0,58,0,7,59,0,66,102,0,102,168
10/23/2014,JVL,WI,AGL,CE,Federal Contract Tower,0,12,1,1,14,0,0,32,0,32,0,12,33,1,46,40,0,40,86
10/24/2014,JVL,WI,AGL,CE,Federal Contract Tower,0,6,10,0,16,0,0,10,0,10,0,6,20,0,26,0,0,0,26
10/25/2014,JVL,WI,AGL,CE,Federal Contract Tower,0,7,14,0,21,0,0,63,0,63,0,7,77,0,84,40,0,40,124
10/26/2014,JVL,WI,AGL,CE,Federal Contract Tower,0,3,13,0,16,0,1,85,0,86,0,4,98,0,102,46,0,46,148
10/27/2014,JVL,WI,AGL,CE,Federal Contract Tower,0,2,12,0,14,0,0,27,0,27,0,2,39,0,41,12,0,12,53
10/28/2014,JVL,WI,AGL,CE,Federal Contract Tower,0,13,1,0,14,0,0,27,0,27,0,13,28,0,41,22,0,22,63
10/29/2014,JVL,WI,AGL,CE,Federal Contract Tower,0,8,3,0,11,0,0,35,0,35,0,8,38,0,46,78,0,78,124
10/30/2014,JVL,WI,AGL,CE,Federal Contract Tower,0,14,9,1,24,0,0,76,0,76,0,14,85,1,100,44,0,44,144
10/31/2014,JVL,WI,AGL,CE,Federal Contract Tower,0,3,4,0,7,0,0,1,0,1,0,3,5,0,8,0,0,0,8
11/01/2014,JVL,WI,AGL,CE,Federal Contract Tower,0,2,10,0,12,0,0,52,0,52,0,2,62,0,64,42,0,42,106
11/02/2014,JVL,WI,AGL,CE,Federal Contract Tower,0,6,9,0,15,0,2,33,0,35,0,8,42,0,50,28,0,28,78
11/03/2014,JVL,WI,AGL,CE,Federal Contract Tower,0,9,3,0,12,0,2,39,0,41,0,11,42,0,53,30,0,30,83
11/04/2014,JVL,WI,AGL,CE,Federal Contract Tower,0,7,3,0,10,0,1,24,0,25,0,8,27,0,35,40,0,40,75
11/05/2014,JVL,WI,AGL,CE,Federal Contract Tower,1,10,7,0,18,0,0,53,0,53,1,10,60,0,71,78,0,78,149
11/06/2014,JVL,WI,AGL,CE,Federal Contract Tower,0,19,0,0,19,0,1,5,0,6,0,20,5,0,25,4,0,4,29
11/07/2014,JVL,WI,AGL,CE,Federal Contract Tower,0,10,11,0,21,0,5,66,0,71,0,15,77,0,92,154,0,154,246
11/08/2014,JVL,WI,AGL,CE,Federal Contract Tower,0,1,8,0,9,0,3,40,0,43,0,4,48,0,52,118,0,118,170
11/09/2014,JVL,WI,AGL,CE,Federal Contract Tower,0,3,13,0,16,0,2,77,0,79,0,5,90,0,95,154,0,154,249
11/10/2014,JVL,WI,AGL,CE,Federal Contract Tower,0,3,5,0,8,0,0,38,0,38,0,3,43,0,46,136,0,136,182
11/11/2014,JVL,WI,AGL,CE,Federal Contract Tower,0,5,6,0,11,0,0,7,0,7,0,5,13,0,18,86,0,86,104
11/12/2014,JVL,WI,AGL,CE,Federal Contract Tower,0,12,4,0,16,0,0,29,0,29,0,12,33,0,45,156,0,156,201
11/13/2014,JVL,WI,AGL,CE,Federal Contract Tower,0,10,0,0,10,0,2,7,0,9,0,12,7,0,19,26,0,26,45
11/14/2014,JVL,WI,AGL,CE,Federal Contract Tower,0,8,10,0,18,0,1,39,0,40,0,9,49,0,58,30,0,30,88
11/15/2014,JVL,WI,AGL,CE,Federal Contract Tower,0,0,7,0,7,0,0,31,0,31,0,0,38,0,38,28,0,28,66
11/16/2014,JVL,WI,AGL,CE,Federal Contract Tower,0,15,8,0,23,0,0,1,0,1,0,15,9,0,24,0,0,0,24
11/17/2014,JVL,WI,AGL,CE,Federal Contract Tower,0,7,3,0,10,0,0,11,0,11,0,7,14,0,21,14,0,14,35
11/18/2014,JVL,WI,AGL,CE,Federal Contract Tower,0,8,2,0,10,0,0,13,0,13,0,8,15,0,23,42,0,42,65
11/19/2014,JVL,WI,AGL,CE,Federal Contract Tower,0,9,0,0,9,0,1,13,0,14,0,10,13,0,23,0,0,0,23
11/20/2014,JVL,WI,AGL,CE,Federal Contract Tower,0,6,8,0,14,0,0,22,0,22,0,6,30,0,36,30,0,30,66
11/21/2014,JVL,WI,AGL,CE,Federal Contract Tower,0,16,14,0,30,0,3,67,0,70,0,19,81,0,100,46,0,46,146
11/22/2014,JVL,WI,AGL,CE,Federal Contract Tower,0,3,2,0,5,0,0,0,0,0,0,3,2,0,5,0,0,0,5
11/23/2014,JVL,WI,AGL,CE,Federal Contract Tower,0,9,5,0,14,0,0,0,0,0,0,9,5,0,14,0,0,0,14
11/24/2014,JVL,WI,AGL,CE,Federal Contract Tower,0,15,0,0,15,0,0,0,0,0,0,15,0,0,15,0,0,0,15
11/25/2014,JVL,WI,AGL,CE,Federal Contract Tower,0,8,4,0,12,0,0,29,0,29,0,8,33,0,41,58,0,58,99
11/26/2014,JVL,WI,AGL,CE,Federal Contract Tower,0,10,16,0,26,0,0,16,0,16,0,10,32,0,42,12,0,12,54
11/27/2014,JVL,WI,AGL,CE,Federal Contract Tower,0,1,2,0,3,0,2,1,0,3,0,3,3,0,6,0,0,0,6
11/28/2014,JVL,WI,AGL,CE,Federal Contract Tower,0,1,7,0,8,0,0,22,0,22,0,1,29,0,30,12,0,12,42
11/29/2014,JVL,WI,AGL,CE,Federal Contract Tower,0,6,11,0,17,0,0,36,0,36,0,6,47,0,53,50,0,50,103
11/30/2014,JVL,WI,AGL,CE,Federal Contract Tower,0,16,3,0,19,0,3,1,0,4,0,19,4,0,23,0,0,0,23
12/01/2014,JVL,WI,AGL,CE,Federal Contract Tower,0,11,2,0,13,0,3,20,0,23,0,14,22,0,36,64,0,64,100
12/02/2014,JVL,WI,AGL,CE,Federal Contract Tower,0,17,8,0,25,0,2,29,0,31,0,19,37,0,56,60,0,60,116
12/03/2014,JVL,WI,AGL,CE,Federal Contract Tower,0,1,8,0,9,0,0,62,0,62,0,1,70,0,71,48,0,48,119
12/04/2014,JVL,WI,AGL,CE,Federal Contract Tower,0,10,7,0,17,0,0,47,0,47,0,10,54,0,64,74,0,74,138
12/05/2014,JVL,WI,AGL,CE,Federal Contract Tower,0,13,1,0,14,0,0,4,0,4,0,13,5,0,18,2,0,2,20
12/06/2014,JVL,WI,AGL,CE,Federal Contract Tower,0,8,15,0,23,0,0,56,0,56,0,8,71,0,79,92,0,92,171
12/07/2014,JVL,WI,AGL,CE,Federal Contract Tower,0,4,10,0,14,0,0,59,0,59,0,4,69,0,73,98,0,98,171
12/08/2014,JVL,WI,AGL,CE,Federal Contract Tower,0,13,0,0,13,0,0,0,0,0,0,13,0,0,13,0,0,0,13
12/09/2014,JVL,WI,AGL,CE,Federal Contract Tower,0,17,2,0,19,0,1,6,0,7,0,18,8,0,26,2,0,2,28
12/10/2014,JVL,WI,AGL,CE,Federal Contract Tower,0,10,1,0,11,0,0,2,0,2,0,10,3,0,13,0,0,0,13
12/11/2014,JVL,WI,AGL,CE,Federal Contract Tower,0,8,12,0,20,0,2,29,1,32,0,10,41,1,52,26,2,28,80
12/12/2014,JVL,WI,AGL,CE,Federal Contract Tower,12,0,0,0,12,0,0,0,0,0,12,0,0,0,12,0,0,0,12
12/13/2014,JVL,WI,AGL,CE,Federal Contract Tower,0,2,0,0,2,0,0,0,0,0,0,2,0,0,2,0,0,0,2
12/14/2014,JVL,WI,AGL,CE,Federal Contract Tower,0,5,0,0,5,0,0,0,0,0,0,5,0,0,5,0,0,0,5
12/15/2014,JVL,WI,AGL,CE,Federal Contract Tower,0,20,0,0,20,0,0,0,0,0,0,20,0,0,20,0,0,0,20
12/16/2014,JVL,WI,AGL,CE,Federal Contract Tower,0,12,0,0,12,0,0,0,0,0,0,12,0,0,12,0,0,0,12
12/17/2014,JVL,WI,AGL,CE,Federal Contract Tower,0,11,12,1,24,0,1,17,1,19,0,12,29,2,43,0,0,0,43
12/18/2014,JVL,WI,AGL,CE,Federal Contract Tower,0,7,19,0,26,0,1,40,0,41,0,8,59,0,67,8,0,8,75
12/19/2014,JVL,WI,AGL,CE,Federal Contract Tower,0,5,12,0,17,0,0,19,0,19,0,5,31,0,36,10,0,10,46
12/20/2014,JVL,WI,AGL,CE,Federal Contract Tower,0,4,10,0,14,0,0,25,0,25,0,4,35,0,39,16,0,16,55
12/21/2014,JVL,WI,AGL,CE,Federal Contract Tower,0,2,2,0,4,0,0,12,0,12,0,2,14,0,16,6,0,6,22
12/22/2014,JVL,WI,AGL,CE,Federal Contract Tower,0,3,4,0,7,0,0,0,0,0,0,3,4,0,7,2,0,2,9
12/23/2014,JVL,WI,AGL,CE,Federal Contract Tower,0,14,6,0,20,0,0,2,0,2,0,14,8,0,22,0,0,0,22
12/24/2014,JVL,WI,AGL,CE,Federal Contract Tower,0,1,1,0,2,0,0,13,0,13,0,1,14,0,15,4,0,4,19
12/25/2014,JVL,WI,AGL,CE,Federal Contract Tower,0,0,0,0,0,0,0,7,0,7,0,0,7,0,7,20,0,20,27
12/26/2014,JVL,WI,AGL,CE,Federal Contract Tower,0,4,11,0,15,0,2,58,0,60,0,6,69,0,75,40,0,40,115
12/27/2014,JVL,WI,AGL,CE,Federal Contract Tower,0,5,0,0,5,0,0,3,0,3,0,5,3,0,8,0,0,0,8
12/28/2014,JVL,WI,AGL,CE,Federal Contract Tower,0,8,8,0,16,0,1,66,0,67,0,9,74,0,83,96,0,96,179
12/29/2014,JVL,WI,AGL,CE,Federal Contract Tower,0,4,6,0,10,0,0,41,0,41,0,4,47,0,51,58,0,58,109
12/30/2014,JVL,WI,AGL,CE,Federal Contract Tower,0,12,10,0,22,0,1,33,0,34,0,13,43,0,56,4,0,4,60
12/31/2014,JVL,WI,AGL,CE,Federal Contract Tower,0,3,3,0,6,0,0,10,0,10,0,3,13,0,16,6,0,6,22
01/01/2015,JVL,WI,AGL,CE,Federal Contract Tower,0,7,3,0,10,0,0,14,0,14,0,7,17,0,24,10,0,10,34
01/02/2015,JVL,WI,AGL,CE,Federal Contract Tower,0,2,9,0,11,0,0,54,0,54,0,2,63,0,65,30,0,30,95
01/03/2015,JVL,WI,AGL,CE,Federal Contract Tower,0,7,0,0,7,0,0,0,0,0,0,7,0,0,7,0,0,0,7
01/04/2015,JVL,WI,AGL,CE,Federal Contract Tower,0,17,0,0,17,0,0,1,0,1,0,17,1,0,18,0,0,0,18
01/05/2015,JVL,WI,AGL,CE,Federal Contract Tower,0,5,11,0,16,0,0,26,0,26,0,5,37,0,42,10,0,10,52
01/06/2015,JVL,WI,AGL,CE,Federal Contract Tower,0,6,4,0,10,0,0,17,0,17,0,6,21,0,27,16,0,16,43
01/07/2015,JVL,WI,AGL,CE,Federal Contract Tower,0,6,5,2,13,0,0,13,3,16,0,6,18,5,29,4,6,10,39
01/08/2015,JVL,WI,AGL,CE,Federal Contract Tower,0,5,1,0,6,0,0,0,0,0,0,5,1,0,6,0,0,0,6
01/09/2015,JVL,WI,AGL,CE,Federal Contract Tower,0,6,10,0,16,0,0,23,0,23,0,6,33,0,39,18,0,18,57
01/10/2015,JVL,WI,AGL,CE,Federal Contract Tower,0,3,5,0,8,0,1,14,0,15,0,4,19,0,23,8,0,8,31
01/11/2015,JVL,WI,AGL,CE,Federal Contract Tower,0,10,5,0,15,0,4,31,0,35,0,14,36,0,50,34,0,34,84
01/12/2015,JVL,WI,AGL,CE,Federal Contract Tower,0,13,4,0,17,0,2,33,0,35,0,15,37,0,52,40,0,40,92
01/13/2015,JVL,WI,AGL,CE,Federal Contract Tower,0,5,7,0,12,0,0,7,0,7,0,5,14,0,19,36,0,36,55
01/14/2015,JVL,WI,AGL,CE,Federal Contract Tower,0,6,10,0,16,0,0,30,1,31,0,6,40,1,47,6,0,6,53
01/15/2015,JVL,WI,AGL,CE,Federal Contract Tower,0,2,10,0,12,0,0,36,0,36,0,2,46,0,48,18,0,18,66
01/16/2015,JVL,WI,AGL,CE,Federal Contract Tower,0,7,11,0,18,0,2,35,1,38,0,9,46,1,56,42,2,44,100
01/17/2015,JVL,WI,AGL,CE,Federal Contract Tower,0,2,7,0,9,0,0,27,0,27,0,2,34,0,36,32,0,32,68
01/18/2015,JVL,WI,AGL,CE,Federal Contract Tower,0,3,6,0,9,0,2,30,0,32,0,5,36,0,41,50,0,50,91
01/19/2015,JVL,WI,AGL,CE,Federal Contract Tower,0,3,25,2,30,0,0,51,2,53,0,3,76,4,83,38,24,62,145
01/20/2015,JVL,WI,AGL,CE,Federal Contract Tower,0,8,2,0,10,0,0,0,0,0,0,8,2,0,10,0,0,0,10
01/21/2015,JVL,WI,AGL,CE,Federal Contract Tower,0,9,4,0,13,0,0,5,0,5,0,9,9,0,18,0,0,0,18
01/22/2015,JVL,WI,AGL,CE,Federal Contract Tower,0,3,8,0,11,0,0,13,1,14,0,3,21,1,25,8,2,10,35
01/23/2015,JVL,WI,AGL,CE,Federal Contract Tower,0,8,2,0,10,0,0,21,0,21,0,8,23,0,31,28,0,28,59
01/24/2015,JVL,WI,AGL,CE,Federal Contract Tower,0,4,4,0,8,0,0,24,0,24,0,4,28,0,32,22,0,22,54
01/25/2015,JVL,WI,AGL,CE,Federal Contract Tower,0,5,5,0,10,0,1,3,0,4,0,6,8,0,14,0,0,0,14
01/26/2015,JVL,WI,AGL,CE,Federal Contract Tower,0,1,5,0,6,0,0,0,0,0,0,1,5,0,6,0,0,0,6
01/27/2015,JVL,WI,AGL,CE,Federal Contract Tower,0,7,8,0,15,0,0,6,0,6,0,7,14,0,21,24,0,24,45
01/28/2015,JVL,WI,AGL,CE,Federal Contract Tower,0,9,6,0,15,0,1,30,2,33,0,10,36,2,48,28,6,34,82
01/29/2015,JVL,WI,AGL,CE,Federal Contract Tower,0,10,0,0,10,0,0,3,0,3,0,10,3,0,13,0,0,0,13
01/30/2015,JVL,WI,AGL,CE,Federal Contract Tower,0,9,7,1,17,0,0,58,2,60,0,9,65,3,77,98,0,98,175
01/31/2015,JVL,WI,AGL,CE,Federal Contract Tower,0,3,9,0,12,0,0,66,0,66,0,3,75,0,78,94,0,94,172
02/01/2015,JVL,WI,AGL,CE,Federal Contract Tower,0,2,1,0,3,0,0,0,0,0,0,2,1,0,3,0,0,0,3
02/02/2015,JVL,WI,AGL,CE,Federal Contract Tower,0,13,7,0,20,0,0,17,0,17,0,13,24,0,37,28,0,28,65
02/03/2015,JVL,WI,AGL,CE,Federal Contract Tower,0,7,13,0,20,0,0,3,0,3,0,7,16,0,23,12,0,12,35
02/04/2015,JVL,WI,AGL,CE,Federal Contract Tower,0,7,7,0,14,0,0,13,0,13,0,7,20,0,27,2,6,8,35
02/05/2015,JVL,WI,AGL,CE,Federal Contract Tower,0,5,3,1,9,0,0,38,0,38,0,5,41,1,47,62,2,64,111
02/06/2015,JVL,WI,AGL,CE,Federal Contract Tower,0,5,3,0,8,0,2,48,2,52,0,7,51,2,60,92,2,94,154
02/07/2015,JVL,WI,AGL,CE,Federal Contract Tower,0,3,8,0,11,0,0,29,0,29,0,3,37,0,40,84,0,84,124
02/08/2015,JVL,WI,AGL,CE,Federal Contract Tower,0,4,7,0,11,0,0,0,0,0,0,4,7,0,11,0,0,0,11
02/09/2015,JVL,WI,AGL,CE,Federal Contract Tower,0,5,3,0,8,0,0,15,0,15,0,5,18,0,23,10,0,10,33
02/10/2015,JVL,WI,AGL,CE,Federal Contract Tower,0,6,18,0,24,0,1,33,0,34,0,7,51,0,58,28,0,28,86
02/11/2015,JVL,WI,AGL,CE,Federal Contract Tower,0,4,6,0,10,0,1,19,0,20,0,5,25,0,30,16,0,16,46
02/12/2015,JVL,WI,AGL,CE,Federal Contract Tower,0,11,11,0,22,0,1,24,0,25,0,12,35,0,47,48,0,48,95
02/13/2015,JVL,WI,AGL,CE,Federal Contract Tower,0,15,1,0,16,0,1,14,0,15,0,16,15,0,31,42,0,42,73
02/14/2015,JVL,WI,AGL,CE,Federal Contract Tower,0,0,0,0,0,0,0,0,0,0,0,0,0,0,0,0,0,0,0
02/15/2015,JVL,WI,AGL,CE,Federal Contract Tower,0,1,11,0,12,0,0,34,0,34,0,1,45,0,46,20,0,20,66
02/16/2015,JVL,WI,AGL,CE,Federal Contract Tower,0,8,7,0,15,0,0,31,0,31,0,8,38,0,46,32,0,32,78
02/17/2015,JVL,WI,AGL,CE,Federal Contract Tower,2,4,4,0,10,0,0,7,0,7,2,4,11,0,17,16,0,16,33
02/18/2015,JVL,WI,AGL,CE,Federal Contract Tower,0,3,11,0,14,0,0,18,0,18,0,3,29,0,32,20,0,20,52
02/19/2015,JVL,WI,AGL,CE,Federal Contract Tower,0,14,1,0,15,0,2,11,0,13,0,16,12,0,28,6,0,6,34
02/20/2015,JVL,WI,AGL,CE,Federal Contract Tower,0,6,2,0,8,0,0,5,0,5,0,6,7,0,13,4,0,4,17
02/21/2015,JVL,WI,AGL,CE,Federal Contract Tower,0,5,2,0,7,0,0,19,0,19,0,5,21,0,26,12,0,12,38
02/22/2015,JVL,WI,AGL,CE,Federal Contract Tower,0,3,2,0,5,0,3,18,0,21,0,6,20,0,26,28,0,28,54
02/23/2015,JVL,WI,AGL,CE,Federal Contract Tower,0,4,3,0,7,0,0,12,0,12,0,4,15,0,19,18,0,18,37
02/24/2015,JVL,WI,AGL,CE,Federal Contract Tower,0,6,1,0,7,0,0,6,0,6,0,6,7,0,13,4,0,4,17
02/25/2015,JVL,WI,AGL,CE,Federal Contract Tower,0,10,4,0,14,0,0,18,0,18,0,10,22,0,32,10,0,10,42
02/26/2015,JVL,WI,AGL,CE,Federal Contract Tower,0,15,7,0,22,0,0,23,0,23,0,15,30,0,45,76,0,76,121
02/27/2015,JVL,WI,AGL,CE,Federal Contract Tower,0,10,3,0,13,0,2,16,0,18,0,12,19,0,31,32,0,32,63
02/28/2015,JVL,WI,AGL,CE,Federal Contract Tower,0,0,5,0,5,0,0,46,0,46,0,0,51,0,51,86,0,86,137
03/01/2015,JVL,WI,AGL,CE,Federal Contract Tower,0,3,15,0,18,0,2,29,0,31,0,5,44,0,49,2,0,2,51
03/02/2015,JVL,WI,AGL,CE,Federal Contract Tower,0,11,0,0,11,0,1,41,0,42,0,12,41,0,53,62,0,62,115
03/03/2015,JVL,WI,AGL,CE,Federal Contract Tower,0,8,0,0,8,0,0,0,0,0,0,8,0,0,8,0,0,0,8
03/04/2015,JVL,WI,AGL,CE,Federal Contract Tower,0,4,4,0,8,0,1,19,0,20,0,5,23,0,28,28,0,28,56
03/05/2015,JVL,WI,AGL,CE,Federal Contract Tower,0,3,7,0,10,0,12,2,0,14,0,15,9,0,24,12,2,14,38
03/06/2015,JVL,WI,AGL,CE,Federal Contract Tower,0,8,12,0,20,0,0,15,0,15,0,8,27,0,35,6,0,6,41
03/07/2015,JVL,WI,AGL,CE,Federal Contract Tower,0,2,6,0,8,0,0,27,0,27,0,2,33,0,35,16,0,16,51
03/08/2015,JVL,WI,AGL,CE,Federal Contract Tower,0,2,12,0,14,0,2,60,0,62,0,4,72,0,76,36,0,36,112
03/09/2015,JVL,WI,AGL,CE,Federal Contract Tower,0,9,1,0,10,0,0,36,0,36,0,9,37,0,46,40,0,40,86
03/10/2015,JVL,WI,AGL,CE,Federal Contract Tower,0,3,3,0,6,0,0,5,2,7,0,3,8,2,13,12,4,16,29
03/11/2015,JVL,WI,AGL,CE,Federal Contract Tower,0,19,11,0,30,0,0,49,0,49,0,19,60,0,79,92,0,92,171
03/12/2015,JVL,WI,AGL,CE,Federal Contract Tower,0,12,4,0,16,0,0,53,0,53,0,12,57,0,69,58,0,58,127
03/13/2015,JVL,WI,AGL,CE,Federal Contract Tower,0,7,9,0,16,0,3,49,0,52,0,10,58,0,68,80,0,80,148
03/14/2015,JVL,WI,AGL,CE,Federal Contract Tower,0,2,10,0,12,0,0,33,0,33,0,2,43,0,45,52,0,52,97
03/15/2015,JVL,WI,AGL,CE,Federal Contract Tower,0,7,8,0,15,0,2,33,0,35,0,9,41,0,50,38,0,38,88
03/16/2015,JVL,WI,AGL,CE,Federal Contract Tower,0,8,8,0,16,0,0,24,0,24,0,8,32,0,40,16,0,16,56
03/17/2015,JVL,WI,AGL,CE,Federal Contract Tower,0,10,7,0,17,0,2,20,0,22,0,12,27,0,39,38,0,38,77
03/18/2015,JVL,WI,AGL,CE,Federal Contract Tower,0,8,4,0,12,0,0,36,2,38,0,8,40,2,50,76,6,82,132
03/19/2015,JVL,WI,AGL,CE,Federal Contract Tower,0,5,4,0,9,0,0,31,0,31,0,5,35,0,40,10,0,10,50
03/20/2015,JVL,WI,AGL,CE,Federal Contract Tower,0,9,6,0,15,0,2,20,0,22,0,11,26,0,37,44,0,44,81
03/21/2015,JVL,WI,AGL,CE,Federal Contract Tower,0,2,14,0,16,0,0,60,0,60,0,2,74,0,76,100,0,100,176
03/22/2015,JVL,WI,AGL,CE,Federal Contract Tower,0,3,10,0,13,0,3,37,0,40,0,6,47,0,53,22,0,22,75
03/23/2015,JVL,WI,AGL,CE,Federal Contract Tower,0,13,0,0,13,0,0,2,0,2,0,13,2,0,15,0,0,0,15
03/24/2015,JVL,WI,AGL,CE,Federal Contract Tower,0,11,1,0,12,0,0,31,0,31,0,11,32,0,43,96,0,96,139
03/25/2015,JVL,WI,AGL,CE,Federal Contract Tower,0,11,2,0,13,0,0,2,0,2,0,11,4,0,15,24,0,24,39
03/26/2015,JVL,WI,AGL,CE,Federal Contract Tower,0,14,3,0,17,0,0,5,0,5,0,14,8,0,22,4,0,4,26
03/27/2015,JVL,WI,AGL,CE,Federal Contract Tower,2,8,3,0,13,0,5,37,0,42,2,13,40,0,55,44,0,44,99
03/28/2015,JVL,WI,AGL,CE,Federal Contract Tower,0,2,7,0,9,0,0,53,0,53,0,2,60,0,62,24,0,24,86
03/29/2015,JVL,WI,AGL,CE,Federal Contract Tower,0,5,2,0,7,0,0,6,0,6,0,5,8,0,13,4,0,4,17
03/30/2015,JVL,WI,AGL,CE,Federal Contract Tower,0,9,9,0,18,0,0,47,0,47,0,9,56,0,65,38,0,38,103
03/31/2015,JVL,WI,AGL,CE,Federal Contract Tower,0,6,5,0,11,0,0,39,0,39,0,6,44,0,50,84,0,84,134
04/01/2015,JVL,WI,AGL,CE,Federal Contract Tower,0,13,5,0,18,0,0,56,0,56,0,13,61,0,74,122,0,122,196
04/02/2015,JVL,WI,AGL,CE,Federal Contract Tower,0,13,8,0,21,0,1,38,0,39,0,14,46,0,60,42,0,42,102
04/03/2015,JVL,WI,AGL,CE,Federal Contract Tower,0,7,8,0,15,0,0,40,0,40,0,7,48,0,55,52,0,52,107
04/04/2015,JVL,WI,AGL,CE,Federal Contract Tower,0,3,4,0,7,0,0,54,0,54,0,3,58,0,61,46,0,46,107
04/05/2015,JVL,WI,AGL,CE,Federal Contract Tower,0,7,4,0,11,0,0,32,0,32,0,7,36,0,43,54,0,54,97
04/06/2015,JVL,WI,AGL,CE,Federal Contract Tower,0,15,4,0,19,0,4,37,0,41,0,19,41,0,60,22,0,22,82
04/07/2015,JVL,WI,AGL,CE,Federal Contract Tower,0,12,2,0,14,0,0,2,0,2,0,12,4,0,16,0,0,0,16
04/08/2015,JVL,WI,AGL,CE,Federal Contract Tower,0,13,12,0,25,0,0,7,0,7,0,13,19,0,32,0,0,0,32
04/09/2015,JVL,WI,AGL,CE,Federal Contract Tower,0,3,2,0,5,0,0,0,0,0,0,3,2,0,5,0,0,0,5
04/10/2015,JVL,WI,AGL,CE,Federal Contract Tower,0,8,3,0,11,0,0,5,0,5,0,8,8,0,16,10,0,10,26
04/11/2015,JVL,WI,AGL,CE,Federal Contract Tower,0,6,5,0,11,0,0,63,0,63,0,6,68,0,74,114,0,114,188
04/12/2015,JVL,WI,AGL,CE,Federal Contract Tower,0,8,3,0,11,0,2,31,0,33,0,10,34,0,44,18,0,18,62
04/13/2015,JVL,WI,AGL,CE,Federal Contract Tower,0,7,8,0,15,0,0,40,0,40,0,7,48,0,55,144,0,144,199
04/14/2015,JVL,WI,AGL,CE,Federal Contract Tower,0,8,9,0,17,0,0,74,0,74,0,8,83,0,91,168,0,168,259
04/15/2015,JVL,WI,AGL,CE,Federal Contract Tower,0,10,3,0,13,0,0,38,0,38,0,10,41,0,51,42,0,42,93
04/16/2015,JVL,WI,AGL,CE,Federal Contract Tower,0,6,8,0,14,0,0,41,0,41,0,6,49,0,55,32,0,32,87
04/17/2015,JVL,WI,AGL,CE,Federal Contract Tower,0,3,7,0,10,0,1,50,0,51,0,4,57,0,61,44,0,44,105
04/18/2015,JVL,WI,AGL,CE,Federal Contract Tower,0,5,2,0,7,0,1,41,0,42,0,6,43,0,49,44,0,44,93
04/19/2015,JVL,WI,AGL,CE,Federal Contract Tower,0,9,3,0,12,0,1,13,0,14,0,10,16,0,26,10,0,10,36
04/20/2015,JVL,WI,AGL,CE,Federal Contract Tower,0,11,2,0,13,0,0,11,0,11,0,11,13,0,24,0,0,0,24
04/21/2015,JVL,WI,AGL,CE,Federal Contract Tower,0,15,0,0,15,0,0,1,0,1,0,15,1,0,16,0,0,0,16
04/22/2015,JVL,WI,AGL,CE,Federal Contract Tower,0,4,4,0,8,0,0,3,0,3,0,4,7,0,11,0,0,0,11
04/23/2015,JVL,WI,AGL,CE,Federal Contract Tower,0,6,9,0,15,0,0,46,0,46,0,6,55,0,61,6,0,6,67
04/24/2015,JVL,WI,AGL,CE,Federal Contract Tower,0,3,12,1,16,0,3,40,1,44,0,6,52,2,60,14,6,20,80
04/25/2015,JVL,WI,AGL,CE,Federal Contract Tower,0,2,7,0,9,0,0,21,0,21,0,2,28,0,30,2,0,2,32
04/26/2015,JVL,WI,AGL,CE,Federal Contract Tower,0,7,5,0,12,0,3,74,0,77,0,10,79,0,89,128,0,128,217
04/27/2015,JVL,WI,AGL,CE,Federal Contract Tower,0,6,1,0,7,0,2,41,0,43,0,8,42,0,50,16,0,16,66
04/28/2015,JVL,WI,AGL,CE,Federal Contract Tower,0,19,9,0,28,0,2,49,0,51,0,21,58,0,79,72,0,72,151
04/29/2015,JVL,WI,AGL,CE,Federal Contract Tower,0,18,1,0,19,0,4,49,0,53,0,22,50,0,72,34,0,34,106
04/30/2015,JVL,WI,AGL,CE,Federal Contract Tower,0,6,6,0,12,0,37,2,0,39,0,43,8,0,51,34,2,36,87
05/01/2015,JVL,WI,AGL,CE,Federal Contract Tower,0,7,15,0,22,0,2,40,0,42,0,9,55,0,64,16,0,16,80
05/02/2015,JVL,WI,AGL,CE,Federal Contract Tower,0,2,6,0,8,0,0,56,0,56,0,2,62,0,64,70,0,70,134
05/03/2015,JVL,WI,AGL,CE,Federal Contract Tower,0,11,6,0,17,0,2,27,0,29,0,13,33,0,46,42,0,42,88
05/04/2015,JVL,WI,AGL,CE,Federal Contract Tower,0,18,5,0,23,0,0,24,0,24,0,18,29,0,47,30,0,30,77
05/05/2015,JVL,WI,AGL,CE,Federal Contract Tower,0,11,2,0,13,0,0,0,0,0,0,11,2,0,13,18,0,18,31
05/06/2015,JVL,WI,AGL,CE,Federal Contract Tower,0,7,19,0,26,0,0,73,0,73,0,7,92,0,99,104,0,104,203
05/07/2015,JVL,WI,AGL,CE,Federal Contract Tower,0,6,5,0,11,0,3,42,0,45,0,9,47,0,56,62,0,62,118
05/08/2015,JVL,WI,AGL,CE,Federal Contract Tower,0,8,10,0,18,0,1,12,0,13,0,9,22,0,31,0,0,0,31
05/09/2015,JVL,WI,AGL,CE,Federal Contract Tower,0,2,6,0,8,0,0,11,0,11,0,2,17,0,19,0,0,0,19
05/10/2015,JVL,WI,AGL,CE,Federal Contract Tower,0,12,4,0,16,0,0,0,0,0,0,12,4,0,16,0,0,0,16
05/11/2015,JVL,WI,AGL,CE,Federal Contract Tower,0,7,9,0,16,0,0,0,0,0,0,7,9,0,16,0,0,0,16
05/12/2015,JVL,WI,AGL,CE,Federal Contract Tower,0,10,11,0,21,0,0,18,0,18,0,10,29,0,39,58,0,58,97
05/13/2015,JVL,WI,AGL,CE,Federal Contract Tower,0,6,7,0,13,0,1,71,0,72,0,7,78,0,85,30,0,30,115
05/14/2015,JVL,WI,AGL,CE,Federal Contract Tower,0,9,2,0,11,0,0,19,0,19,0,9,21,0,30,30,0,30,60
05/15/2015,JVL,WI,AGL,CE,Federal Contract Tower,0,22,8,0,30,0,1,28,0,29,0,23,36,0,59,46,0,46,105
05/16/2015,JVL,WI,AGL,CE,Federal Contract Tower,0,4,7,0,11,0,0,19,0,19,0,4,26,0,30,6,0,6,36
05/17/2015,JVL,WI,AGL,CE,Federal Contract Tower,0,9,4,0,13,0,0,1,0,1,0,9,5,0,14,0,0,0,14
05/18/2015,JVL,WI,AGL,CE,Federal Contract Tower,0,2,10,0,12,0,0,15,0,15,0,2,25,0,27,18,0,18,45
05/19/2015,JVL,WI,AGL,CE,Federal Contract Tower,2,3,11,0,16,0,0,56,0,56,2,3,67,0,72,48,0,48,120
05/20/2015,JVL,WI,AGL,CE,Federal Contract Tower,0,10,6,0,16,0,0,46,0,46,0,10,52,0,62,36,0,36,98
05/21/2015,JVL,WI,AGL,CE,Federal Contract Tower,0,5,12,0,17,0,0,65,0,65,0,5,77,0,82,78,0,78,160
05/22/2015,JVL,WI,AGL,CE,Federal Contract Tower,0,16,11,0,27,0,6,99,0,105,0,22,110,0,132,134,0,134,266
05/23/2015,JVL,WI,AGL,CE,Federal Contract Tower,0,8,14,0,22,0,1,81,0,82,0,9,95,0,104,162,0,162,266
05/24/2015,JVL,WI,AGL,CE,Federal Contract Tower,0,5,10,0,15,0,0,20,0,20,0,5,30,0,35,48,0,48,83
05/25/2015,JVL,WI,AGL,CE,Federal Contract Tower,0,3,12,0,15,0,2,27,0,29,0,5,39,0,44,14,0,14,58
05/26/2015,JVL,WI,AGL,CE,Federal Contract Tower,0,3,4,0,7,0,0,6,0,6,0,3,10,0,13,0,0,0,13
05/27/2015,JVL,WI,AGL,CE,Federal Contract Tower,0,14,11,0,25,0,0,40,0,40,0,14,51,0,65,64,0,64,129
05/28/2015,JVL,WI,AGL,CE,Federal Contract Tower,0,6,9,0,15,0,2,60,0,62,0,8,69,0,77,94,0,94,171
05/30/2015,JVL,WI,AGL,CE,Federal Contract Tower,0,1,4,0,5,0,0,0,0,0,0,1,4,0,5,0,0,0,5
05/31/2015,JVL,WI,AGL,CE,Federal Contract Tower,0,10,3,0,13,0,2,45,0,47,0,12,48,0,60,52,0,52,112
06/01/2015,JVL,WI,AGL,CE,Federal Contract Tower,0,6,6,0,12,0,0,42,0,42,0,6,48,0,54,32,0,32,86
06/02/2015,JVL,WI,AGL,CE,Federal Contract Tower,0,9,5,0,14,0,0,90,0,90,0,9,95,0,104,90,0,90,194
06/03/2015,JVL,WI,AGL,CE,Federal Contract Tower,0,7,7,0,14,0,0,52,0,52,0,7,59,0,66,34,0,34,100
06/04/2015,JVL,WI,AGL,CE,Federal Contract Tower,0,12,13,0,25,0,0,13,0,13,0,12,26,0,38,10,0,10,48
06/05/2015,JVL,WI,AGL,CE,Federal Contract Tower,0,25,11,0,36,0,0,35,0,35,0,25,46,0,71,28,0,28,99
06/06/2015,JVL,WI,AGL,CE,Federal Contract Tower,0,10,8,0,18,0,1,82,0,83,0,11,90,0,101,92,0,92,193
06/07/2015,JVL,WI,AGL,CE,Federal Contract Tower,0,1,6,0,7,0,1,4,0,5,0,2,10,0,12,2,0,2,14
06/08/2015,JVL,WI,AGL,CE,Federal Contract Tower,0,10,6,0,16,0,0,35,0,35,0,10,41,0,51,2,0,2,53
06/09/2015,JVL,WI,AGL,CE,Federal Contract Tower,0,13,3,0,16,0,0,79,0,79,0,13,82,0,95,61,0,61,156
06/10/2015,JVL,WI,AGL,CE,Federal Contract Tower,0,13,1,0,14,0,0,50,0,50,0,13,51,0,64,36,0,36,100
06/11/2015,JVL,WI,AGL,CE,Federal Contract Tower,0,19,0,0,19,0,0,5,0,5,0,19,5,0,24,0,0,0,24
06/12/2015,JVL,WI,AGL,CE,Federal Contract Tower,0,13,5,0,18,0,0,3,0,3,0,13,8,0,21,0,0,0,21
06/13/2015,JVL,WI,AGL,CE,Federal Contract Tower,0,11,17,0,28,0,0,4,0,4,0,11,21,0,32,12,0,12,44
06/14/2015,JVL,WI,AGL,CE,Federal Contract Tower,0,8,7,0,15,0,0,31,0,31,0,8,38,0,46,28,0,28,74
06/15/2015,JVL,WI,AGL,CE,Federal Contract Tower,0,10,0,0,10,0,0,0,0,0,0,10,0,0,10,0,0,0,10
06/16/2015,JVL,WI,AGL,CE,Federal Contract Tower,0,11,3,0,14,0,1,107,0,108,0,12,110,0,122,86,0,86,208
06/17/2015,JVL,WI,AGL,CE,Federal Contract Tower,0,9,6,0,15,0,0,32,0,32,0,9,38,0,47,36,0,36,83
06/18/2015,JVL,WI,AGL,CE,Federal Contract Tower,0,5,2,0,7,0,0,31,0,31,0,5,33,0,38,94,0,94,132
06/19/2015,JVL,WI,AGL,CE,Federal Contract Tower,2,11,6,0,19,0,0,57,0,57,2,11,63,0,76,92,0,92,168
06/20/2015,JVL,WI,AGL,CE,Federal Contract Tower,0,8,2,0,10,0,0,27,0,27,0,8,29,0,37,72,0,72,109
06/21/2015,JVL,WI,AGL,CE,Federal Contract Tower,0,3,2,0,5,0,0,56,0,56,0,3,58,0,61,60,0,60,121
06/22/2015,JVL,WI,AGL,CE,Federal Contract Tower,0,14,2,0,16,0,0,27,0,27,0,14,29,0,43,8,0,8,51
06/23/2015,JVL,WI,AGL,CE,Federal Contract Tower,0,13,12,0,25,0,0,72,0,72,0,13,84,0,97,78,0,78,175
06/24/2015,JVL,WI,AGL,CE,Federal Contract Tower,0,15,8,0,23,0,0,59,0,59,0,15,67,0,82,38,0,38,120
06/25/2015,JVL,WI,AGL,CE,Federal Contract Tower,0,16,9,3,28,0,0,29,3,32,0,16,38,6,60,28,6,34,94
06/26/2015,JVL,WI,AGL,CE,Federal Contract Tower,0,13,3,0,16,0,0,28,0,28,0,13,31,0,44,108,0,108,152
06/27/2015,JVL,WI,AGL,CE,Federal Contract Tower,0,4,3,0,7,0,2,79,0,81,0,6,82,0,88,118,0,118,206
06/28/2015,JVL,WI,AGL,CE,Federal Contract Tower,0,13,3,0,16,0,0,22,0,22,0,13,25,0,38,48,0,48,86
06/29/2015,JVL,WI,AGL,CE,Federal Contract Tower,0,7,3,0,10,0,0,5,0,5,0,7,8,0,15,0,0,0,15
06/30/2015,JVL,WI,AGL,CE,Federal Contract Tower,0,11,10,0,21,0,0,23,0,23,0,11,33,0,44,26,0,26,70
07/01/2015,JVL,WI,AGL,CE,Federal Contract Tower,0,10,13,0,23,0,0,53,1,54,0,10,66,1,77,62,4,66,143
07/02/2015,JVL,WI,AGL,CE,Federal Contract Tower,0,13,8,0,21,0,0,60,0,60,0,13,68,0,81,76,0,76,157
07/03/2015,JVL,WI,AGL,CE,Federal Contract Tower,0,3,8,0,11,0,0,60,0,60,0,3,68,0,71,116,0,116,187
07/04/2015,JVL,WI,AGL,CE,Federal Contract Tower,0,5,1,0,6,0,0,34,0,34,0,5,35,0,40,52,0,52,92
07/05/2015,JVL,WI,AGL,CE,Federal Contract Tower,0,1,2,0,3,0,1,47,0,48,0,2,49,0,51,40,0,40,91
07/06/2015,JVL,WI,AGL,CE,Federal Contract Tower,0,5,0,0,5,0,0,8,0,8,0,5,8,0,13,22,0,22,35
07/07/2015,JVL,WI,AGL,CE,Federal Contract Tower,0,7,7,0,14,0,0,34,0,34,0,7,41,0,48,58,0,58,106
07/08/2015,JVL,WI,AGL,CE,Federal Contract Tower,0,15,7,2,24,0,0,63,1,64,0,15,70,3,88,54,4,58,146
07/09/2015,JVL,WI,AGL,CE,Federal Contract Tower,0,11,6,0,17,0,0,55,0,55,0,11,61,0,72,96,0,96,168
07/10/2015,JVL,WI,AGL,CE,Federal Contract Tower,0,12,11,0,23,0,0,51,0,51,0,12,62,0,74,136,0,136,210
07/11/2015,JVL,WI,AGL,CE,Federal Contract Tower,0,3,10,0,13,0,0,55,0,55,0,3,65,0,68,122,0,122,190
07/12/2015,JVL,WI,AGL,CE,Federal Contract Tower,0,4,19,0,23,0,2,39,0,41,0,6,58,0,64,86,0,86,150
07/13/2015,JVL,WI,AGL,CE,Federal Contract Tower,0,10,1,1,12,0,0,29,0,29,0,10,30,1,41,42,0,42,83
07/14/2015,JVL,WI,AGL,CE,Federal Contract Tower,0,11,9,0,20,0,0,37,0,37,0,11,46,0,57,42,0,42,99
07/15/2015,JVL,WI,AGL,CE,Federal Contract Tower,0,15,3,0,18,0,0,72,0,72,0,15,75,0,90,98,0,98,188
07/16/2015,JVL,WI,AGL,CE,Federal Contract Tower,0,11,3,0,14,0,1,10,0,11,0,12,13,0,25,24,0,24,49
07/17/2015,JVL,WI,AGL,CE,Federal Contract Tower,0,15,7,0,22,0,0,140,0,140,0,15,147,0,162,154,0,154,316
07/18/2015,JVL,WI,AGL,CE,Federal Contract Tower,0,9,11,0,20,0,0,60,0,60,0,9,71,0,80,56,0,56,136
07/19/2015,JVL,WI,AGL,CE,Federal Contract Tower,0,5,5,0,10,0,0,101,0,101,0,5,106,0,111,28,0,28,139
07/20/2015,JVL,WI,AGL,CE,Federal Contract Tower,0,11,7,0,18,0,0,42,0,42,0,11,49,0,60,52,0,52,112
07/21/2015,JVL,WI,AGL,CE,Federal Contract Tower,0,15,4,0,19,0,0,72,2,74,0,15,76,2,93,116,6,122,215
07/22/2015,JVL,WI,AGL,CE,Federal Contract Tower,0,15,8,0,23,0,0,88,0,88,0,15,96,0,111,88,0,88,199
07/23/2015,JVL,WI,AGL,CE,Federal Contract Tower,0,13,11,0,24,0,0,68,0,68,0,13,79,0,92,28,0,28,120
07/24/2015,JVL,WI,AGL,CE,Federal Contract Tower,0,11,4,0,15,0,0,80,0,80,0,11,84,0,95,96,0,96,191
07/25/2015,JVL,WI,AGL,CE,Federal Contract Tower,0,3,5,0,8,0,0,59,0,59,0,3,64,0,67,124,0,124,191
07/26/2015,JVL,WI,AGL,CE,Federal Contract Tower,0,7,3,0,10,0,0,61,0,61,0,7,64,0,71,34,0,34,105
07/27/2015,JVL,WI,AGL,CE,Federal Contract Tower,0,13,5,1,19,0,1,95,0,96,0,14,100,1,115,54,0,54,169
07/28/2015,JVL,WI,AGL,CE,Federal Contract Tower,0,13,4,0,17,0,0,51,0,51,0,13,55,0,68,64,0,64,132
07/29/2015,JVL,WI,AGL,CE,Federal Contract Tower,0,17,2,0,19,0,0,41,0,41,0,17,43,0,60,42,0,42,102
07/30/2015,JVL,WI,AGL,CE,Federal Contract Tower,0,7,1,0,8,0,0,43,0,43,0,7,44,0,51,50,0,50,101
07/31/2015,JVL,WI,AGL,CE,Federal Contract Tower,0,10,4,0,14,0,1,66,0,67,0,11,70,0,81,54,0,54,135
08/01/2015,JVL,WI,AGL,CE,Federal Contract Tower,0,4,8,0,12,0,0,89,0,89,0,4,97,0,101,44,0,44,145
08/02/2015,JVL,WI,AGL,CE,Federal Contract Tower,0,10,2,0,12,0,0,22,0,22,0,10,24,0,34,5,0,5,39
08/03/2015,JVL,WI,AGL,CE,Federal Contract Tower,0,12,5,0,17,0,1,48,0,49,0,13,53,0,66,58,0,58,124
08/04/2015,JVL,WI,AGL,CE,Federal Contract Tower,0,8,6,0,14,0,2,66,0,68,0,10,72,0,82,88,0,88,170
08/05/2015,JVL,WI,AGL,CE,Federal Contract Tower,0,10,3,0,13,0,2,38,2,42,0,12,41,2,55,70,4,74,129
08/06/2015,JVL,WI,AGL,CE,Federal Contract Tower,0,12,7,0,19,0,0,42,0,42,0,12,49,0,61,44,0,44,105
08/07/2015,JVL,WI,AGL,CE,Federal Contract Tower,0,4,1,0,5,0,0,29,0,29,0,4,30,0,34,38,0,38,72
08/08/2015,JVL,WI,AGL,CE,Federal Contract Tower,0,8,5,0,13,0,0,72,0,72,0,8,77,0,85,12,0,12,97
08/09/2015,JVL,WI,AGL,CE,Federal Contract Tower,0,7,6,0,13,0,1,21,0,22,0,8,27,0,35,16,0,16,51
08/10/2015,JVL,WI,AGL,CE,Federal Contract Tower,0,12,3,0,15,0,0,40,0,40,0,12,43,0,55,30,0,30,85
08/11/2015,JVL,WI,AGL,CE,Federal Contract Tower,0,8,7,0,15,0,11,56,0,67,0,19,63,0,82,106,0,106,188
08/12/2015,JVL,WI,AGL,CE,Federal Contract Tower,0,15,12,0,27,0,4,54,2,60,0,19,66,2,87,70,2,72,159
08/13/2015,JVL,WI,AGL,CE,Federal Contract Tower,0,15,15,0,30,0,0,46,0,46,0,15,61,0,76,42,0,42,118
08/14/2015,JVL,WI,AGL,CE,Federal Contract Tower,0,11,2,0,13,0,0,35,0,35,0,11,37,0,48,46,0,46,94
08/15/2015,JVL,WI,AGL,CE,Federal Contract Tower,0,4,0,0,4,0,0,32,0,32,0,4,32,0,36,10,0,10,46
08/16/2015,JVL,WI,AGL,CE,Federal Contract Tower,0,9,5,0,14,0,0,60,0,60,0,9,65,0,74,84,0,84,158
08/17/2015,JVL,WI,AGL,CE,Federal Contract Tower,0,12,2,0,14,0,0,24,0,24,0,12,26,0,38,6,0,6,44
08/18/2015,JVL,WI,AGL,CE,Federal Contract Tower,0,9,5,0,14,0,0,16,0,16,0,9,21,0,30,10,0,10,40
08/19/2015,JVL,WI,AGL,CE,Federal Contract Tower,0,15,12,1,28,0,0,17,2,19,0,15,29,3,47,14,2,16,63
08/20/2015,JVL,WI,AGL,CE,Federal Contract Tower,0,10,5,0,15,0,0,25,0,25,0,10,30,0,40,22,0,22,62
08/21/2015,JVL,WI,AGL,CE,Federal Contract Tower,0,7,7,0,14,0,3,89,0,92,0,10,96,0,106,106,2,108,214
08/22/2015,JVL,WI,AGL,CE,Federal Contract Tower,0,4,4,0,8,0,0,57,0,57,0,4,61,0,65,48,0,48,113
08/23/2015,JVL,WI,AGL,CE,Federal Contract Tower,0,11,4,0,15,0,0,28,0,28,0,11,32,0,43,38,0,38,81
08/24/2015,JVL,WI,AGL,CE,Federal Contract Tower,0,13,5,0,18,0,0,33,0,33,0,13,38,0,51,12,0,12,63
08/25/2015,JVL,WI,AGL,CE,Federal Contract Tower,0,13,2,1,16,0,0,71,0,71,0,13,73,1,87,192,2,194,281
08/26/2015,JVL,WI,AGL,CE,Federal Contract Tower,0,17,12,0,29,0,0,60,0,60,0,17,72,0,89,48,0,48,137
08/27/2015,JVL,WI,AGL,CE,Federal Contract Tower,0,10,3,1,14,0,0,63,1,64,0,10,66,2,78,48,0,48,126
08/28/2015,JVL,WI,AGL,CE,Federal Contract Tower,0,15,5,0,20,0,0,34,0,34,0,15,39,0,54,28,0,28,82
08/29/2015,JVL,WI,AGL,CE,Federal Contract Tower,0,11,8,0,19,0,0,3,0,3,0,11,11,0,22,4,0,4,26
08/30/2015,JVL,WI,AGL,CE,Federal Contract Tower,0,10,4,0,14,0,0,28,0,28,0,10,32,0,42,64,0,64,106
08/31/2015,JVL,WI,AGL,CE,Federal Contract Tower,0,8,11,2,21,0,0,50,2,52,0,8,61,4,73,120,4,124,197
09/01/2015,JVL,WI,AGL,CE,Federal Contract Tower,0,17,12,0,29,0,1,50,0,51,0,18,62,0,80,114,0,114,194
09/02/2015,JVL,WI,AGL,CE,Federal Contract Tower,0,5,3,3,11,0,0,44,0,44,0,5,47,3,55,56,2,58,113
09/03/2015,JVL,WI,AGL,CE,Federal Contract Tower,0,15,5,0,20,0,0,60,0,60,0,15,65,0,80,24,0,24,104
09/04/2015,JVL,WI,AGL,CE,Federal Contract Tower,0,12,1,0,13,0,3,30,0,33,0,15,31,0,46,2,0,2,48
09/05/2015,JVL,WI,AGL,CE,Federal Contract Tower,0,1,3,0,4,0,0,27,0,27,0,1,30,0,31,20,0,20,51
09/06/2015,JVL,WI,AGL,CE,Federal Contract Tower,0,5,3,0,8,0,0,41,0,41,0,5,44,0,49,44,0,44,93
09/07/2015,JVL,WI,AGL,CE,Federal Contract Tower,0,20,2,0,22,0,0,32,0,32,0,20,34,0,54,52,0,52,106
09/08/2015,JVL,WI,AGL,CE,Federal Contract Tower,0,8,5,0,13,0,0,11,0,11,0,8,16,0,24,12,0,12,36
09/09/2015,JVL,WI,AGL,CE,Federal Contract Tower,0,10,3,0,13,0,0,60,0,60,0,10,63,0,73,76,0,76,149
09/10/2015,JVL,WI,AGL,CE,Federal Contract Tower,0,12,1,0,13,0,0,9,0,9,0,12,10,0,22,2,0,2,24
09/11/2015,JVL,WI,AGL,CE,Federal Contract Tower,0,10,3,0,13,0,1,43,0,44,0,11,46,0,57,18,0,18,75
09/12/2015,JVL,WI,AGL,CE,Federal Contract Tower,0,3,10,0,13,0,0,60,0,60,0,3,70,0,73,28,0,28,101
09/13/2015,JVL,WI,AGL,CE,Federal Contract Tower,0,7,4,0,11,0,2,61,0,63,0,9,65,0,74,78,0,78,152
09/14/2015,JVL,WI,AGL,CE,Federal Contract Tower,0,15,3,0,18,0,1,51,0,52,0,16,54,0,70,48,0,48,118
09/15/2015,JVL,WI,AGL,CE,Federal Contract Tower,0,9,3,0,12,0,2,31,0,33,0,11,34,0,45,58,0,58,103
09/16/2015,JVL,WI,AGL,CE,Federal Contract Tower,0,18,4,0,22,0,0,36,0,36,0,18,40,0,58,44,0,44,102
09/17/2015,JVL,WI,AGL,CE,Federal Contract Tower,0,13,2,0,15,0,1,20,0,21,0,14,22,0,36,20,0,20,56
09/18/2015,JVL,WI,AGL,CE,Federal Contract Tower,0,21,8,0,29,0,2,3,0,5,0,23,11,0,34,0,0,0,34
09/19/2015,JVL,WI,AGL,CE,Federal Contract Tower,0,7,2,0,9,0,0,48,0,48,0,7,50,0,57,56,0,56,113
09/20/2015,JVL,WI,AGL,CE,Federal Contract Tower,0,18,2,0,20,0,4,55,0,59,0,22,57,0,79,54,0,54,133
09/21/2015,JVL,WI,AGL,CE,Federal Contract Tower,0,11,4,0,15,0,0,53,0,53,0,11,57,0,68,102,0,102,170
09/22/2015,JVL,WI,AGL,CE,Federal Contract Tower,0,10,8,0,18,0,0,51,0,51,0,10,59,0,69,78,0,78,147
09/23/2015,JVL,WI,AGL,CE,Federal Contract Tower,0,15,6,0,21,0,0,45,0,45,0,15,51,0,66,148,0,148,214
09/24/2015,JVL,WI,AGL,CE,Federal Contract Tower,0,10,4,0,14,0,0,46,0,46,0,10,50,0,60,54,0,54,114
09/25/2015,JVL,WI,AGL,CE,Federal Contract Tower,0,23,7,0,30,0,2,32,0,34,0,25,39,0,64,36,0,36,100
09/26/2015,JVL,WI,AGL,CE,Federal Contract Tower,0,7,11,0,18,0,0,77,0,77,0,7,88,0,95,92,0,92,187
09/27/2015,JVL,WI,AGL,CE,Federal Contract Tower,0,11,2,0,13,0,0,31,0,31,0,11,33,0,44,30,0,30,74
09/28/2015,JVL,WI,AGL,CE,Federal Contract Tower,0,8,6,0,14,0,0,38,0,38,0,8,44,0,52,62,0,62,114
09/29/2015,JVL,WI,AGL,CE,Federal Contract Tower,0,16,5,0,21,0,0,24,0,24,0,16,29,0,45,22,0,22,67
09/30/2015,JVL,WI,AGL,CE,Federal Contract Tower,0,7,6,0,13,0,0,33,0,33,0,7,39,0,46,26,0,26,72
10/01/2015,JVL,WI,AGL,CE,Federal Contract Tower,0,10,5,0,15,0,2,36,0,38,0,12,41,0,53,46,0,46,99
10/02/2015,JVL,WI,AGL,CE,Federal Contract Tower,0,11,10,0,21,0,1,43,0,44,0,12,53,0,65,86,0,86,151
10/03/2015,JVL,WI,AGL,CE,Federal Contract Tower,0,5,0,0,5,0,0,10,0,10,0,5,10,0,15,8,0,8,23
10/04/2015,JVL,WI,AGL,CE,Federal Contract Tower,0,19,13,0,32,0,2,4,0,6,0,21,17,0,38,16,0,16,54
10/05/2015,JVL,WI,AGL,CE,Federal Contract Tower,0,9,15,0,24,0,0,8,0,8,0,9,23,0,32,26,0,26,58
10/06/2015,JVL,WI,AGL,CE,Federal Contract Tower,0,15,3,0,18,0,0,19,0,19,0,15,22,0,37,20,0,20,57
10/07/2015,JVL,WI,AGL,CE,Federal Contract Tower,0,12,5,2,19,0,1,47,2,50,0,13,52,4,69,90,6,96,165
10/08/2015,JVL,WI,AGL,CE,Federal Contract Tower,0,14,3,0,17,0,0,22,1,23,0,14,25,1,40,28,0,28,68
10/09/2015,JVL,WI,AGL,CE,Federal Contract Tower,0,9,2,0,11,0,3,39,0,42,0,12,41,0,53,78,0,78,131
10/10/2015,JVL,WI,AGL,CE,Federal Contract Tower,2,2,13,0,17,0,0,43,0,43,2,2,56,0,60,84,0,84,144
10/11/2015,JVL,WI,AGL,CE,Federal Contract Tower,0,12,0,0,12,0,3,37,0,40,0,15,37,0,52,46,2,48,100
10/12/2015,JVL,WI,AGL,CE,Federal Contract Tower,0,13,1,0,14,0,0,9,0,9,0,13,10,0,23,2,0,2,25
10/13/2015,JVL,WI,AGL,CE,Federal Contract Tower,0,2,1,0,3,0,0,21,0,21,0,2,22,0,24,84,0,84,108
10/14/2015,JVL,WI,AGL,CE,Federal Contract Tower,0,14,4,0,18,0,0,33,0,33,0,14,37,0,51,20,0,20,71
10/15/2015,JVL,WI,AGL,CE,Federal Contract Tower,0,13,0,0,13,0,0,48,0,48,0,13,48,0,61,24,0,24,85
10/16/2015,JVL,WI,AGL,CE,Federal Contract Tower,0,15,3,0,18,0,2,56,0,58,0,17,59,0,76,74,0,74,150
10/17/2015,JVL,WI,AGL,CE,Federal Contract Tower,0,5,4,0,9,0,0,53,0,53,0,5,57,0,62,68,0,68,130
10/18/2015,JVL,WI,AGL,CE,Federal Contract Tower,0,17,3,0,20,0,0,45,0,45,0,17,48,0,65,80,0,80,145
10/19/2015,JVL,WI,AGL,CE,Federal Contract Tower,0,6,1,0,7,0,0,2,0,2,0,6,3,0,9,0,0,0,9
10/20/2015,JVL,WI,AGL,CE,Federal Contract Tower,0,11,0,0,11,0,0,27,2,29,0,11,27,2,40,48,14,62,102
10/21/2015,JVL,WI,AGL,CE,Federal Contract Tower,0,6,10,0,16,0,0,24,0,24,0,6,34,0,40,6,0,6,46
10/22/2015,JVL,WI,AGL,CE,Federal Contract Tower,0,15,5,0,20,0,0,58,0,58,0,15,63,0,78,110,0,110,188
10/23/2015,JVL,WI,AGL,CE,Federal Contract Tower,0,18,1,0,19,0,0,10,0,10,0,18,11,0,29,0,0,0,29
10/24/2015,JVL,WI,AGL,CE,Federal Contract Tower,0,4,0,0,4,0,0,2,0,2,0,4,2,0,6,0,0,0,6
10/25/2015,JVL,WI,AGL,CE,Federal Contract Tower,0,18,8,0,26,0,2,115,0,117,0,20,123,0,143,204,0,204,347
10/26/2015,JVL,WI,AGL,CE,Federal Contract Tower,0,14,6,0,20,0,0,47,0,47,0,14,53,0,67,70,0,70,137
10/27/2015,JVL,WI,AGL,CE,Federal Contract Tower,0,20,1,0,21,0,2,8,0,10,0,22,9,0,31,10,0,10,41
10/28/2015,JVL,WI,AGL,CE,Federal Contract Tower,0,26,0,1,27,0,0,1,1,2,0,26,1,2,29,0,2,2,31
10/29/2015,JVL,WI,AGL,CE,Federal Contract Tower,0,22,0,0,22,0,0,6,0,6,0,22,6,0,28,23,0,23,51
10/30/2015,JVL,WI,AGL,CE,Federal Contract Tower,0,21,3,0,24,0,1,8,1,10,0,22,11,1,34,12,0,12,46
10/31/2015,JVL,WI,AGL,CE,Federal Contract Tower,0,6,5,0,11,0,0,0,0,0,0,6,5,0,11,0,0,0,11
11/01/2015,JVL,WI,AGL,CE,Federal Contract Tower,0,7,6,0,13,0,4,60,0,64,0,11,66,0,77,60,0,60,137
11/02/2015,JVL,WI,AGL,CE,Federal Contract Tower,0,19,0,0,19,0,1,39,0,40,0,20,39,0,59,50,0,50,109
11/03/2015,JVL,WI,AGL,CE,Federal Contract Tower,0,13,7,0,20,0,0,62,0,62,0,13,69,0,82,50,0,50,132
11/04/2015,JVL,WI,AGL,CE,Federal Contract Tower,0,17,4,0,21,0,3,24,0,27,0,20,28,0,48,18,0,18,66
11/05/2015,JVL,WI,AGL,CE,Federal Contract Tower,0,13,0,0,13,0,0,5,0,5,0,13,5,0,18,2,0,2,20
11/06/2015,JVL,WI,AGL,CE,Federal Contract Tower,0,23,6,0,29,0,2,27,2,31,0,25,33,2,60,16,4,20,80
11/07/2015,JVL,WI,AGL,CE,Federal Contract Tower,0,4,0,0,4,0,0,25,0,25,0,4,25,0,29,70,0,70,99
11/08/2015,JVL,WI,AGL,CE,Federal Contract Tower,0,12,5,0,17,0,3,52,0,55,0,15,57,0,72,62,0,62,134
11/09/2015,JVL,WI,AGL,CE,Federal Contract Tower,0,12,4,0,16,0,0,45,0,45,0,12,49,0,61,20,0,20,81
11/10/2015,JVL,WI,AGL,CE,Federal Contract Tower,0,12,3,0,15,0,0,48,0,48,0,12,51,0,63,40,0,40,103
11/11/2015,JVL,WI,AGL,CE,Federal Contract Tower,0,12,3,0,15,0,0,30,0,30,0,12,33,0,45,18,0,18,63
11/12/2015,JVL,WI,AGL,CE,Federal Contract Tower,0,11,0,0,11,0,0,0,0,0,0,11,0,0,11,0,0,0,11
11/13/2015,JVL,WI,AGL,CE,Federal Contract Tower,0,11,5,0,16,0,2,7,0,9,0,13,12,0,25,0,0,0,25
11/14/2015,JVL,WI,AGL,CE,Federal Contract Tower,0,4,4,0,8,0,0,30,0,30,0,4,34,0,38,54,0,54,92
11/15/2015,JVL,WI,AGL,CE,Federal Contract Tower,0,19,5,0,24,0,5,43,0,48,0,24,48,0,72,86,0,86,158
11/16/2015,JVL,WI,AGL,CE,Federal Contract Tower,0,11,0,2,13,0,0,19,4,23,0,11,19,6,36,18,2,20,56
11/17/2015,JVL,WI,AGL,CE,Federal Contract Tower,0,10,0,0,10,0,0,0,0,0,0,10,0,0,10,0,0,0,10
11/18/2015,JVL,WI,AGL,CE,Federal Contract Tower,0,15,2,0,17,0,0,0,0,0,0,15,2,0,17,0,0,0,17
11/19/2015,JVL,WI,AGL,CE,Federal Contract Tower,0,18,2,0,20,0,2,1,0,3,0,20,3,0,23,0,0,0,23
11/20/2015,JVL,WI,AGL,CE,Federal Contract Tower,0,19,2,3,24,0,7,38,3,48,0,26,40,6,72,64,4,68,140
11/21/2015,JVL,WI,AGL,CE,Federal Contract Tower,0,1,0,0,1,0,1,0,0,1,0,2,0,0,2,0,0,0,2
11/22/2015,JVL,WI,AGL,CE,Federal Contract Tower,0,13,3,0,16,0,3,17,0,20,0,16,20,0,36,30,0,30,66
11/23/2015,JVL,WI,AGL,CE,Federal Contract Tower,0,14,4,1,19,0,0,34,0,34,0,14,38,1,53,32,0,32,85
11/24/2015,JVL,WI,AGL,CE,Federal Contract Tower,0,10,5,0,15,0,0,53,0,53,0,10,58,0,68,14,0,14,82
11/25/2015,JVL,WI,AGL,CE,Federal Contract Tower,0,14,5,1,20,0,3,26,0,29,0,17,31,1,49,18,2,20,69
11/26/2015,JVL,WI,AGL,CE,Federal Contract Tower,0,4,0,0,4,0,0,0,0,0,0,4,0,0,4,0,0,0,4
11/27/2015,JVL,WI,AGL,CE,Federal Contract Tower,0,0,1,0,1,0,1,0,0,1,0,1,1,0,2,0,0,0,2
11/28/2015,JVL,WI,AGL,CE,Federal Contract Tower,0,3,6,0,9,0,0,60,0,60,0,3,66,0,69,106,0,106,175
11/29/2015,JVL,WI,AGL,CE,Federal Contract Tower,0,16,12,0,28,0,5,62,0,67,0,21,74,0,95,106,0,106,201
11/30/2015,JVL,WI,AGL,CE,Federal Contract Tower,0,22,11,0,33,0,0,19,0,19,0,22,30,0,52,0,0,0,52
12/01/2015,JVL,WI,AGL,CE,Federal Contract Tower,0,14,2,2,18,0,0,9,0,9,0,14,11,2,27,16,0,16,43
12/02/2015,JVL,WI,AGL,CE,Federal Contract Tower,0,10,2,0,12,0,0,0,0,0,0,10,2,0,12,0,0,0,12
12/03/2015,JVL,WI,AGL,CE,Federal Contract Tower,0,16,5,0,21,0,0,3,0,3,0,16,8,0,24,0,0,0,24
12/04/2015,JVL,WI,AGL,CE,Federal Contract Tower,0,14,5,0,19,0,3,58,0,61,0,17,63,0,80,64,0,64,144
12/05/2015,JVL,WI,AGL,CE,Federal Contract Tower,0,3,2,0,5,0,0,34,0,34,0,3,36,0,39,66,0,66,105
12/06/2015,JVL,WI,AGL,CE,Federal Contract Tower,0,14,5,0,19,0,0,26,0,26,0,14,31,0,45,48,0,48,93
12/07/2015,JVL,WI,AGL,CE,Federal Contract Tower,0,20,2,0,22,0,0,5,0,5,0,20,7,0,27,2,0,2,29
12/08/2015,JVL,WI,AGL,CE,Federal Contract Tower,0,13,3,0,16,0,0,7,0,7,0,13,10,0,23,12,0,12,35
12/09/2015,JVL,WI,AGL,CE,Federal Contract Tower,0,9,12,0,21,0,1,12,0,13,0,10,24,0,34,18,0,18,52
12/10/2015,JVL,WI,AGL,CE,Federal Contract Tower,0,8,0,0,8,0,1,3,0,4,0,9,3,0,12,2,0,2,14
12/11/2015,JVL,WI,AGL,CE,Federal Contract Tower,0,22,8,0,30,0,1,47,2,50,0,23,55,2,80,56,6,62,142
12/12/2015,JVL,WI,AGL,CE,Federal Contract Tower,0,5,2,0,7,0,0,0,0,0,0,5,2,0,7,0,0,0,7
12/13/2015,JVL,WI,AGL,CE,Federal Contract Tower,0,22,0,0,22,0,0,0,0,0,0,22,0,0,22,0,0,0,22
12/14/2015,JVL,WI,AGL,CE,Federal Contract Tower,0,7,4,0,11,0,0,3,0,3,0,7,7,0,14,0,0,0,14
12/15/2015,JVL,WI,AGL,CE,Federal Contract Tower,0,14,2,0,16,0,0,22,0,22,0,14,24,0,38,28,0,28,66
12/17/2015,JVL,WI,AGL,CE,Federal Contract Tower,0,12,3,0,15,0,0,16,0,16,0,12,19,0,31,16,0,16,47
12/18/2015,JVL,WI,AGL,CE,Federal Contract Tower,0,22,4,0,26,0,10,1,0,11,0,32,5,0,37,2,0,2,39
12/19/2015,JVL,WI,AGL,CE,Federal Contract Tower,0,4,7,0,11,0,2,50,0,52,0,6,57,0,63,88,0,88,151
12/20/2015,JVL,WI,AGL,CE,Federal Contract Tower,0,0,8,0,8,0,0,51,0,51,0,0,59,0,59,78,0,78,137
12/21/2015,JVL,WI,AGL,CE,Federal Contract Tower,0,7,2,0,9,0,0,1,0,1,0,7,3,0,10,0,0,0,10
12/22/2015,JVL,WI,AGL,CE,Federal Contract Tower,0,7,5,0,12,0,0,4,0,4,0,7,9,0,16,10,0,10,26
12/23/2015,JVL,WI,AGL,CE,Federal Contract Tower,0,9,2,0,11,0,0,0,0,0,0,9,2,0,11,0,0,0,11
12/24/2015,JVL,WI,AGL,CE,Federal Contract Tower,0,2,0,0,2,0,0,5,0,5,0,2,5,0,7,26,0,26,33
12/25/2015,JVL,WI,AGL,CE,Federal Contract Tower,0,0,6,0,6,0,0,2,0,2,0,0,8,0,8,0,0,0,8
12/26/2015,JVL,WI,AGL,CE,Federal Contract Tower,0,15,0,0,15,0,0,0,0,0,0,15,0,0,15,0,0,0,15
12/27/2015,JVL,WI,AGL,CE,Federal Contract Tower,0,13,2,0,15,0,0,10,0,10,0,13,12,0,25,70,0,70,95
12/28/2015,JVL,WI,AGL,CE,Federal Contract Tower,0,3,0,0,3,0,0,0,0,0,0,3,0,0,3,0,0,0,3
12/29/2015,JVL,WI,AGL,CE,Federal Contract Tower,0,7,0,0,7,0,0,0,0,0,0,7,0,0,7,0,0,0,7
12/30/2015,JVL,WI,AGL,CE,Federal Contract Tower,0,10,0,0,10,0,0,0,0,0,0,10,0,0,10,0,0,0,10
12/31/2015,JVL,WI,AGL,CE,Federal Contract Tower,0,4,1,0,5,0,0,10,0,10,0,4,11,0,15,0,0,0,15
01/01/2016,JVL,WI,AGL,CE,Federal Contract Tower,0,4,0,0,4,0,0,10,0,10,0,4,10,0,14,42,0,42,56
01/02/2016,JVL,WI,AGL,CE,Federal Contract Tower,0,8,5,0,13,0,0,47,0,47,0,8,52,0,60,102,0,102,162
01/03/2016,JVL,WI,AGL,CE,Federal Contract Tower,0,11,9,0,20,0,2,34,0,36,0,13,43,0,56,96,0,96,152
01/04/2016,JVL,WI,AGL,CE,Federal Contract Tower,0,12,2,0,14,0,0,25,0,25,0,12,27,0,39,14,0,14,53
01/05/2016,JVL,WI,AGL,CE,Federal Contract Tower,0,16,6,0,22,0,0,23,2,25,0,16,29,2,47,30,6,36,83
01/06/2016,JVL,WI,AGL,CE,Federal Contract Tower,0,14,5,0,19,0,1,20,0,21,0,15,25,0,40,32,0,32,72
01/07/2016,JVL,WI,AGL,CE,Federal Contract Tower,0,16,2,0,18,0,0,4,0,4,0,16,6,0,22,4,0,4,26
01/08/2016,JVL,WI,AGL,CE,Federal Contract Tower,0,15,0,0,15,0,0,0,0,0,0,15,0,0,15,0,0,0,15
01/09/2016,JVL,WI,AGL,CE,Federal Contract Tower,0,1,2,0,3,0,0,7,0,7,0,1,9,0,10,0,0,0,10
01/10/2016,JVL,WI,AGL,CE,Federal Contract Tower,0,5,3,0,8,0,4,22,0,26,0,9,25,0,34,32,0,32,66
01/11/2016,JVL,WI,AGL,CE,Federal Contract Tower,0,9,4,0,13,0,0,12,0,12,0,9,16,0,25,8,0,8,33
01/12/2016,JVL,WI,AGL,CE,Federal Contract Tower,0,12,4,0,16,0,3,5,0,8,0,15,9,0,24,16,0,16,40
01/13/2016,JVL,WI,AGL,CE,Federal Contract Tower,0,10,2,0,12,0,0,0,0,0,0,10,2,0,12,0,0,0,12
01/14/2016,JVL,WI,AGL,CE,Federal Contract Tower,0,12,5,0,17,0,1,28,0,29,0,13,33,0,46,24,0,24,70
01/15/2016,JVL,WI,AGL,CE,Federal Contract Tower,0,11,10,0,21,0,0,0,0,0,0,11,10,0,21,0,0,0,21
01/16/2016,JVL,WI,AGL,CE,Federal Contract Tower,0,4,7,0,11,0,0,38,0,38,0,4,45,0,49,72,0,72,121
01/17/2016,JVL,WI,AGL,CE,Federal Contract Tower,0,5,0,0,5,0,0,20,0,20,0,5,20,0,25,54,0,54,79
01/18/2016,JVL,WI,AGL,CE,Federal Contract Tower,0,16,1,0,17,0,2,19,0,21,0,18,20,0,38,16,0,16,54
01/19/2016,JVL,WI,AGL,CE,Federal Contract Tower,0,9,3,0,12,0,1,24,0,25,0,10,27,0,37,22,0,22,59
01/20/2016,JVL,WI,AGL,CE,Federal Contract Tower,0,12,1,0,13,0,2,7,0,9,0,14,8,0,22,0,0,0,22
01/21/2016,JVL,WI,AGL,CE,Federal Contract Tower,0,16,7,2,25,0,1,51,0,52,0,17,58,2,77,16,0,16,93
01/22/2016,JVL,WI,AGL,CE,Federal Contract Tower,0,11,1,0,12,0,2,10,0,12,0,13,11,0,24,0,0,0,24
01/23/2016,JVL,WI,AGL,CE,Federal Contract Tower,0,6,7,0,13,0,0,47,0,47,0,6,54,0,60,92,0,92,152
01/24/2016,JVL,WI,AGL,CE,Federal Contract Tower,0,13,1,0,14,0,0,7,0,7,0,13,8,0,21,0,0,0,21
01/25/2016,JVL,WI,AGL,CE,Federal Contract Tower,0,9,1,0,10,0,1,11,0,12,0,10,12,0,22,6,0,6,28
01/26/2016,JVL,WI,AGL,CE,Federal Contract Tower,0,13,0,0,13,0,0,8,0,8,0,13,8,0,21,0,0,0,21
01/27/2016,JVL,WI,AGL,CE,Federal Contract Tower,0,10,5,0,15,0,0,22,0,22,0,10,27,0,37,18,0,18,55
01/28/2016,JVL,WI,AGL,CE,Federal Contract Tower,0,11,3,0,14,0,0,22,0,22,0,11,25,0,36,14,0,14,50
01/29/2016,JVL,WI,AGL,CE,Federal Contract Tower,0,17,3,0,20,0,1,37,0,38,0,18,40,0,58,80,0,80,138
01/30/2016,JVL,WI,AGL,CE,Federal Contract Tower,0,6,10,0,16,0,0,88,0,88,0,6,98,0,104,134,0,134,238
01/31/2016,JVL,WI,AGL,CE,Federal Contract Tower,0,5,0,0,5,0,4,2,0,6,0,9,2,0,11,18,0,18,29
02/01/2016,JVL,WI,AGL,CE,Federal Contract Tower,0,11,3,0,14,0,2,7,0,9,0,13,10,0,23,8,0,8,31
02/02/2016,JVL,WI,AGL,CE,Federal Contract Tower,0,6,0,0,6,0,0,0,0,0,0,6,0,0,6,0,0,0,6
02/03/2016,JVL,WI,AGL,CE,Federal Contract Tower,0,12,0,0,12,0,0,0,0,0,0,12,0,0,12,0,0,0,12
02/04/2016,JVL,WI,AGL,CE,Federal Contract Tower,0,16,10,1,27,0,0,56,1,57,0,16,66,2,84,48,4,52,136
02/05/2016,JVL,WI,AGL,CE,Federal Contract Tower,0,11,4,0,15,0,4,28,0,32,0,15,32,0,47,24,0,24,71
02/06/2016,JVL,WI,AGL,CE,Federal Contract Tower,0,5,0,0,5,0,0,27,0,27,0,5,27,0,32,72,0,72,104
02/07/2016,JVL,WI,AGL,CE,Federal Contract Tower,0,8,2,0,10,0,4,34,0,38,0,12,36,0,48,48,0,48,96
02/08/2016,JVL,WI,AGL,CE,Federal Contract Tower,0,16,0,0,16,0,0,8,0,8,0,16,8,0,24,4,0,4,28
02/09/2016,JVL,WI,AGL,CE,Federal Contract Tower,0,14,4,2,20,0,0,0,0,0,0,14,4,2,20,0,0,0,20
02/10/2016,JVL,WI,AGL,CE,Federal Contract Tower,0,14,3,0,17,0,3,27,0,30,0,17,30,0,47,2,0,2,49
02/11/2016,JVL,WI,AGL,CE,Federal Contract Tower,0,17,8,0,25,0,1,48,0,49,0,18,56,0,74,22,0,22,96
02/12/2016,JVL,WI,AGL,CE,Federal Contract Tower,0,10,5,0,15,0,0,11,0,11,0,10,16,0,26,2,0,2,28
02/13/2016,JVL,WI,AGL,CE,Federal Contract Tower,0,5,2,0,7,0,0,50,0,50,0,5,52,0,57,58,0,58,115
02/14/2016,JVL,WI,AGL,CE,Federal Contract Tower,0,15,2,0,17,0,0,11,0,11,0,15,13,0,28,2,0,2,30
02/15/2016,JVL,WI,AGL,CE,Federal Contract Tower,0,17,2,0,19,0,0,0,0,0,0,17,2,0,19,0,0,0,19
02/16/2016,JVL,WI,AGL,CE,Federal Contract Tower,0,10,2,0,12,0,0,0,0,0,0,10,2,0,12,0,0,0,12
02/17/2016,JVL,WI,AGL,CE,Federal Contract Tower,0,23,11,0,34,0,0,64,0,64,0,23,75,0,98,44,0,44,142
02/18/2016,JVL,WI,AGL,CE,Federal Contract Tower,0,14,6,0,20,0,0,24,0,24,0,14,30,0,44,6,0,6,50
02/19/2016,JVL,WI,AGL,CE,Federal Contract Tower,0,22,2,0,24,0,1,2,0,3,0,23,4,0,27,2,0,2,29
02/20/2016,JVL,WI,AGL,CE,Federal Contract Tower,0,10,11,0,21,0,0,88,0,88,0,10,99,0,109,150,0,150,259
02/21/2016,JVL,WI,AGL,CE,Federal Contract Tower,0,10,2,0,12,0,0,14,0,14,0,10,16,0,26,42,0,42,68
02/22/2016,JVL,WI,AGL,CE,Federal Contract Tower,0,15,2,1,18,0,0,0,0,0,0,15,2,1,18,2,0,2,20
02/23/2016,JVL,WI,AGL,CE,Federal Contract Tower,0,9,0,0,9,0,1,23,0,24,0,10,23,0,33,62,0,62,95
02/24/2016,JVL,WI,AGL,CE,Federal Contract Tower,0,13,0,2,15,0,0,0,1,1,0,13,0,3,16,0,2,2,18
02/25/2016,JVL,WI,AGL,CE,Federal Contract Tower,0,11,9,0,20,0,2,22,0,24,0,13,31,0,44,12,0,12,56
02/26/2016,JVL,WI,AGL,CE,Federal Contract Tower,0,12,1,0,13,0,1,36,0,37,0,13,37,0,50,30,0,30,80
02/28/2016,JVL,WI,AGL,CE,Federal Contract Tower,0,12,0,0,12,0,0,15,0,15,0,12,15,0,27,18,0,18,45
02/29/2016,JVL,WI,AGL,CE,Federal Contract Tower,0,11,2,0,13,0,1,19,0,20,0,12,21,0,33,6,0,6,39
03/01/2016,JVL,WI,AGL,CE,Federal Contract Tower,0,7,0,0,7,0,0,0,2,2,0,7,0,2,9,0,14,14,23
03/02/2016,JVL,WI,AGL,CE,Federal Contract Tower,0,8,9,0,17,0,1,45,0,46,0,9,54,0,63,50,0,50,113
03/03/2016,JVL,WI,AGL,CE,Federal Contract Tower,0,13,1,0,14,0,0,7,0,7,0,13,8,0,21,0,0,0,21
03/04/2016,JVL,WI,AGL,CE,Federal Contract Tower,0,19,11,0,30,0,3,43,0,46,0,22,54,0,76,38,0,38,114
03/05/2016,JVL,WI,AGL,CE,Federal Contract Tower,0,7,0,0,7,0,0,3,0,3,0,7,3,0,10,2,0,2,12
03/06/2016,JVL,WI,AGL,CE,Federal Contract Tower,0,19,3,0,22,0,3,47,0,50,0,22,50,0,72,74,0,74,146
03/07/2016,JVL,WI,AGL,CE,Federal Contract Tower,0,7,1,0,8,0,0,13,0,13,0,7,14,0,21,0,0,0,21
03/08/2016,JVL,WI,AGL,CE,Federal Contract Tower,0,12,0,0,12,0,2,12,2,16,0,14,12,2,28,22,0,22,50
03/09/2016,JVL,WI,AGL,CE,Federal Contract Tower,0,19,7,0,26,0,0,31,0,31,0,19,38,0,57,14,0,14,71
03/10/2016,JVL,WI,AGL,CE,Federal Contract Tower,0,13,1,0,14,0,0,32,0,32,0,13,33,0,46,32,0,32,78
03/11/2016,JVL,WI,AGL,CE,Federal Contract Tower,0,18,1,0,19,0,6,74,0,80,0,24,75,0,99,48,0,48,147
03/12/2016,JVL,WI,AGL,CE,Federal Contract Tower,0,9,5,0,14,0,2,72,0,74,0,11,77,0,88,156,0,156,244
03/13/2016,JVL,WI,AGL,CE,Federal Contract Tower,0,12,3,0,15,0,0,2,0,2,0,12,5,0,17,0,0,0,17
03/14/2016,JVL,WI,AGL,CE,Federal Contract Tower,0,16,4,0,20,0,0,2,0,2,0,16,6,0,22,0,0,0,22
03/15/2016,JVL,WI,AGL,CE,Federal Contract Tower,0,13,0,0,13,0,0,3,0,3,0,13,3,0,16,0,0,0,16
03/16/2016,JVL,WI,AGL,CE,Federal Contract Tower,0,13,1,0,14,0,0,0,0,0,0,13,1,0,14,0,0,0,14
03/17/2016,JVL,WI,AGL,CE,Federal Contract Tower,0,6,1,0,7,0,0,24,0,24,0,6,25,0,31,22,0,22,53
03/18/2016,JVL,WI,AGL,CE,Federal Contract Tower,0,19,8,0,27,0,1,22,0,23,0,20,30,0,50,10,0,10,60
03/19/2016,JVL,WI,AGL,CE,Federal Contract Tower,0,5,3,0,8,0,1,16,0,17,0,6,19,0,25,4,0,4,29
03/20/2016,JVL,WI,AGL,CE,Federal Contract Tower,0,10,3,0,13,0,0,58,0,58,0,10,61,0,71,94,0,94,165
03/21/2016,JVL,WI,AGL,CE,Federal Contract Tower,0,5,4,0,9,0,0,34,0,34,0,5,38,0,43,22,0,22,65
03/22/2016,JVL,WI,AGL,CE,Federal Contract Tower,0,18,5,0,23,0,1,30,0,31,0,19,35,0,54,52,0,52,106
03/23/2016,JVL,WI,AGL,CE,Federal Contract Tower,0,12,1,0,13,0,0,0,0,0,0,12,1,0,13,0,0,0,13
03/24/2016,JVL,WI,AGL,CE,Federal Contract Tower,0,7,0,0,7,0,0,2,0,2,0,7,2,0,9,2,0,2,11
03/25/2016,JVL,WI,AGL,CE,Federal Contract Tower,0,12,5,0,17,0,0,51,0,51,0,12,56,0,68,66,0,66,134
03/26/2016,JVL,WI,AGL,CE,Federal Contract Tower,0,4,1,0,5,0,0,53,0,53,0,4,54,0,58,74,0,74,132
03/27/2016,JVL,WI,AGL,CE,Federal Contract Tower,0,1,0,0,1,0,0,5,0,5,0,1,5,0,6,0,0,0,6
03/28/2016,JVL,WI,AGL,CE,Federal Contract Tower,0,17,15,0,32,0,3,48,0,51,0,20,63,0,83,8,0,8,91
03/29/2016,JVL,WI,AGL,CE,Federal Contract Tower,0,20,3,0,23,0,1,31,0,32,0,21,34,0,55,90,0,90,145
03/30/2016,JVL,WI,AGL,CE,Federal Contract Tower,0,12,3,0,15,0,0,11,0,11,0,12,14,0,26,0,0,0,26
03/31/2016,JVL,WI,AGL,CE,Federal Contract Tower,0,11,0,0,11,0,0,3,0,3,0,11,3,0,14,2,0,2,16
04/01/2016,JVL,WI,AGL,CE,Federal Contract Tower,0,21,3,0,24,0,2,15,0,17,0,23,18,0,41,34,0,34,75
04/02/2016,JVL,WI,AGL,CE,Federal Contract Tower,0,8,2,0,10,0,0,0,0,0,0,8,2,0,10,0,0,0,10
04/03/2016,JVL,WI,AGL,CE,Federal Contract Tower,0,13,3,0,16,0,1,26,0,27,0,14,29,0,43,18,0,18,61
04/04/2016,JVL,WI,AGL,CE,Federal Contract Tower,1,8,4,0,13,0,0,28,0,28,1,8,32,0,41,6,0,6,47
04/05/2016,JVL,WI,AGL,CE,Federal Contract Tower,0,16,7,0,23,0,1,35,0,36,0,17,42,0,59,34,0,34,93
04/06/2016,JVL,WI,AGL,CE,Federal Contract Tower,0,10,8,2,20,0,0,1,0,1,0,10,9,2,21,0,0,0,21
04/07/2016,JVL,WI,AGL,CE,Federal Contract Tower,0,16,5,0,21,0,0,11,0,11,0,16,16,0,32,0,0,0,32
04/08/2016,JVL,WI,AGL,CE,Federal Contract Tower,0,13,0,0,13,0,0,2,0,2,0,13,2,0,15,0,0,0,15
04/09/2016,JVL,WI,AGL,CE,Federal Contract Tower,0,11,2,0,13,0,0,55,0,55,0,11,57,0,68,24,0,24,92
04/10/2016,JVL,WI,AGL,CE,Federal Contract Tower,0,14,1,0,15,0,0,1,0,1,0,14,2,0,16,0,0,0,16
04/11/2016,JVL,WI,AGL,CE,Federal Contract Tower,0,11,7,0,18,0,0,43,0,43,0,11,50,0,61,16,2,18,79
04/12/2016,JVL,WI,AGL,CE,Federal Contract Tower,0,15,3,0,18,0,0,47,1,48,0,15,50,1,66,48,8,56,122
04/13/2016,JVL,WI,AGL,CE,Federal Contract Tower,0,12,2,0,14,0,0,63,2,65,0,12,65,2,79,40,14,54,133
04/14/2016,JVL,WI,AGL,CE,Federal Contract Tower,0,8,5,0,13,0,1,51,0,52,0,9,56,0,65,74,0,74,139
04/15/2016,JVL,WI,AGL,CE,Federal Contract Tower,0,16,5,0,21,0,2,70,0,72,0,18,75,0,93,94,0,94,187
04/16/2016,JVL,WI,AGL,CE,Federal Contract Tower,0,5,6,0,11,0,0,96,0,96,0,5,102,0,107,120,0,120,227
04/17/2016,JVL,WI,AGL,CE,Federal Contract Tower,0,15,7,0,22,0,0,77,0,77,0,15,84,0,99,64,0,64,163
04/18/2016,JVL,WI,AGL,CE,Federal Contract Tower,0,9,6,0,15,0,2,41,0,43,0,11,47,0,58,8,0,8,66
04/19/2016,JVL,WI,AGL,CE,Federal Contract Tower,0,12,6,0,18,0,0,31,0,31,0,12,37,0,49,20,0,20,69
04/20/2016,JVL,WI,AGL,CE,Federal Contract Tower,0,9,11,0,20,0,0,38,0,38,0,9,49,0,58,22,0,22,80
04/21/2016,JVL,WI,AGL,CE,Federal Contract Tower,0,21,4,0,25,0,2,22,0,24,0,23,26,0,49,22,0,22,71
04/22/2016,JVL,WI,AGL,CE,Federal Contract Tower,0,9,11,0,20,0,0,26,0,26,0,9,37,0,46,28,0,28,74
04/23/2016,JVL,WI,AGL,CE,Federal Contract Tower,0,2,13,0,15,0,0,75,0,75,0,2,88,0,90,58,0,58,148
04/24/2016,JVL,WI,AGL,CE,Federal Contract Tower,0,11,5,0,16,0,1,45,0,46,0,12,50,0,62,14,0,14,76
04/25/2016,JVL,WI,AGL,CE,Federal Contract Tower,0,13,2,0,15,0,0,32,0,32,0,13,34,0,47,4,0,4,51
04/26/2016,JVL,WI,AGL,CE,Federal Contract Tower,0,16,12,0,28,0,0,5,0,5,0,16,17,0,33,8,0,8,41
04/27/2016,JVL,WI,AGL,CE,Federal Contract Tower,0,16,4,0,20,0,0,13,0,13,0,16,17,0,33,0,0,0,33
04/28/2016,JVL,WI,AGL,CE,Federal Contract Tower,0,19,12,0,31,0,0,4,0,4,0,19,16,0,35,0,0,0,35
04/29/2016,JVL,WI,AGL,CE,Federal Contract Tower,0,6,15,2,23,0,1,24,0,25,0,7,39,2,48,12,0,12,60
04/30/2016,JVL,WI,AGL,CE,Federal Contract Tower,0,7,2,0,9,0,0,4,0,4,0,7,6,0,13,30,0,30,43
05/01/2016,JVL,WI,AGL,CE,Federal Contract Tower,0,19,2,0,21,0,2,8,0,10,0,21,10,0,31,0,0,0,31
05/02/2016,JVL,WI,AGL,CE,Federal Contract Tower,0,11,8,0,19,0,3,54,0,57,0,14,62,0,76,40,0,40,116
05/03/2016,JVL,WI,AGL,CE,Federal Contract Tower,0,10,10,0,20,0,0,42,0,42,0,10,52,0,62,48,0,48,110
05/04/2016,JVL,WI,AGL,CE,Federal Contract Tower,0,14,2,0,16,0,0,13,0,13,0,14,15,0,29,10,0,10,39
05/05/2016,JVL,WI,AGL,CE,Federal Contract Tower,0,10,8,0,18,0,0,71,2,73,0,10,79,2,91,56,0,56,147
05/06/2016,JVL,WI,AGL,CE,Federal Contract Tower,0,13,5,0,18,0,2,52,0,54,0,15,57,0,72,74,0,74,146
05/07/2016,JVL,WI,AGL,CE,Federal Contract Tower,0,7,1,0,8,0,0,26,0,26,0,7,27,0,34,36,0,36,70
05/08/2016,JVL,WI,AGL,CE,Federal Contract Tower,0,16,5,0,21,0,2,44,0,46,0,18,49,0,67,26,0,26,93
05/09/2016,JVL,WI,AGL,CE,Federal Contract Tower,0,10,5,0,15,0,0,20,0,20,0,10,25,0,35,6,0,6,41
05/10/2016,JVL,WI,AGL,CE,Federal Contract Tower,0,12,1,0,13,0,0,0,0,0,0,12,1,0,13,0,0,0,13
05/11/2016,JVL,WI,AGL,CE,Federal Contract Tower,0,23,5,0,28,0,0,2,0,2,0,23,7,0,30,26,0,26,56
05/12/2016,JVL,WI,AGL,CE,Federal Contract Tower,0,12,2,0,14,0,1,8,0,9,0,13,10,0,23,6,0,6,29
05/13/2016,JVL,WI,AGL,CE,Federal Contract Tower,0,25,9,0,34,0,2,28,0,30,0,27,37,0,64,54,0,54,118
05/14/2016,JVL,WI,AGL,CE,Federal Contract Tower,0,7,8,0,15,0,0,32,0,32,0,7,40,0,47,34,0,34,81
05/15/2016,JVL,WI,AGL,CE,Federal Contract Tower,0,15,8,0,23,0,1,57,0,58,0,16,65,0,81,44,0,44,125
05/16/2016,JVL,WI,AGL,CE,Federal Contract Tower,0,15,8,0,23,0,0,54,0,54,0,15,62,0,77,84,0,84,161
05/17/2016,JVL,WI,AGL,CE,Federal Contract Tower,0,10,9,0,19,0,0,41,0,41,0,10,50,0,60,38,0,38,98
05/18/2016,JVL,WI,AGL,CE,Federal Contract Tower,0,18,5,1,24,0,0,83,0,83,0,18,88,1,107,106,0,106,213
05/19/2016,JVL,WI,AGL,CE,Federal Contract Tower,0,20,3,0,23,0,0,55,0,55,0,20,58,0,78,108,0,108,186
05/20/2016,JVL,WI,AGL,CE,Federal Contract Tower,0,22,10,0,32,0,0,73,1,74,0,22,83,1,106,112,2,114,220
05/21/2016,JVL,WI,AGL,CE,Federal Contract Tower,0,6,3,0,9,0,0,80,0,80,0,6,83,0,89,44,0,44,133
05/22/2016,JVL,WI,AGL,CE,Federal Contract Tower,0,24,3,0,27,0,2,50,0,52,0,26,53,0,79,18,0,18,97
05/23/2016,JVL,WI,AGL,CE,Federal Contract Tower,0,12,6,0,18,0,0,70,0,70,0,12,76,0,88,66,0,66,154
05/24/2016,JVL,WI,AGL,CE,Federal Contract Tower,0,17,2,0,19,0,0,47,0,47,0,17,49,0,66,14,0,14,80
05/25/2016,JVL,WI,AGL,CE,Federal Contract Tower,0,12,1,0,13,0,0,30,0,30,0,12,31,0,43,44,0,44,87
05/26/2016,JVL,WI,AGL,CE,Federal Contract Tower,0,11,1,0,12,0,0,40,0,40,0,11,41,0,52,28,0,28,80
05/27/2016,JVL,WI,AGL,CE,Federal Contract Tower,0,21,1,0,22,0,2,42,0,44,0,23,43,0,66,56,0,56,122
05/28/2016,JVL,WI,AGL,CE,Federal Contract Tower,0,5,7,0,12,0,0,24,0,24,0,5,31,0,36,28,0,28,64
05/29/2016,JVL,WI,AGL,CE,Federal Contract Tower,0,13,7,0,20,0,0,29,0,29,0,13,36,0,49,24,0,24,73
05/30/2016,JVL,WI,AGL,CE,Federal Contract Tower,0,10,4,1,15,0,0,103,0,103,0,10,107,1,118,140,0,140,258
05/31/2016,JVL,WI,AGL,CE,Federal Contract Tower,0,14,1,0,15,0,1,32,0,33,0,15,33,0,48,46,0,46,94
06/01/2016,JVL,WI,AGL,CE,Federal Contract Tower,0,20,4,1,25,0,0,25,2,27,0,20,29,3,52,52,4,56,108
06/02/2016,JVL,WI,AGL,CE,Federal Contract Tower,0,11,13,0,24,0,1,59,0,60,0,12,72,0,84,42,0,42,126
06/03/2016,JVL,WI,AGL,CE,Federal Contract Tower,0,13,16,0,29,0,3,73,0,76,0,16,89,0,105,16,0,16,121
06/04/2016,JVL,WI,AGL,CE,Federal Contract Tower,0,14,2,0,16,0,0,9,0,9,0,14,11,0,25,0,0,0,25
06/05/2016,JVL,WI,AGL,CE,Federal Contract Tower,0,12,16,0,28,0,3,40,0,43,0,15,56,0,71,58,0,58,129
06/06/2016,JVL,WI,AGL,CE,Federal Contract Tower,0,20,4,0,24,0,1,40,0,41,0,21,44,0,65,66,0,66,131
06/07/2016,JVL,WI,AGL,CE,Federal Contract Tower,0,11,11,0,22,0,0,40,0,40,0,11,51,0,62,60,0,60,122
06/08/2016,JVL,WI,AGL,CE,Federal Contract Tower,0,11,7,0,18,0,1,61,0,62,0,12,68,0,80,74,0,74,154
06/09/2016,JVL,WI,AGL,CE,Federal Contract Tower,0,13,4,0,17,0,1,14,0,15,0,14,18,0,32,2,0,2,34
06/10/2016,JVL,WI,AGL,CE,Federal Contract Tower,0,12,2,0,14,0,2,25,0,27,0,14,27,0,41,60,0,60,101
06/11/2016,JVL,WI,AGL,CE,Federal Contract Tower,0,2,1,0,3,0,2,32,0,34,0,4,33,0,37,14,2,16,53
06/12/2016,JVL,WI,AGL,CE,Federal Contract Tower,0,12,5,0,17,0,1,9,0,10,0,13,14,0,27,0,0,0,27
06/13/2016,JVL,WI,AGL,CE,Federal Contract Tower,0,16,13,0,29,0,0,60,0,60,0,16,73,0,89,112,0,112,201
06/14/2016,JVL,WI,AGL,CE,Federal Contract Tower,0,17,4,0,21,0,0,13,0,13,0,17,17,0,34,10,0,10,44
06/15/2016,JVL,WI,AGL,CE,Federal Contract Tower,0,19,2,0,21,0,0,17,5,22,0,19,19,5,43,20,0,20,63
06/16/2016,JVL,WI,AGL,CE,Federal Contract Tower,0,16,22,0,38,0,0,29,0,29,0,16,51,0,67,14,0,14,81
06/17/2016,JVL,WI,AGL,CE,Federal Contract Tower,0,8,7,1,16,0,2,60,3,65,0,10,67,4,81,80,4,84,165
06/18/2016,JVL,WI,AGL,CE,Federal Contract Tower,0,1,8,0,9,0,0,46,0,46,0,1,54,0,55,72,0,72,127
06/19/2016,JVL,WI,AGL,CE,Federal Contract Tower,0,4,7,0,11,0,0,59,0,59,0,4,66,0,70,54,0,54,124
06/20/2016,JVL,WI,AGL,CE,Federal Contract Tower,0,8,2,0,10,0,1,21,0,22,0,9,23,0,32,18,0,18,50
06/21/2016,JVL,WI,AGL,CE,Federal Contract Tower,0,7,11,0,18,0,6,46,0,52,0,13,57,0,70,74,0,74,144
06/22/2016,JVL,WI,AGL,CE,Federal Contract Tower,0,9,3,0,12,0,1,6,0,7,0,10,9,0,19,12,0,12,31
06/23/2016,JVL,WI,AGL,CE,Federal Contract Tower,0,14,5,0,19,0,0,26,0,26,0,14,31,0,45,26,0,26,71
06/24/2016,JVL,WI,AGL,CE,Federal Contract Tower,0,7,8,0,15,0,0,78,0,78,0,7,86,0,93,22,0,22,115
06/25/2016,JVL,WI,AGL,CE,Federal Contract Tower,0,2,4,0,6,0,0,46,0,46,0,2,50,0,52,20,0,20,72
06/26/2016,JVL,WI,AGL,CE,Federal Contract Tower,0,11,6,0,17,0,0,31,0,31,0,11,37,0,48,48,0,48,96
06/27/2016,JVL,WI,AGL,CE,Federal Contract Tower,0,15,0,0,15,0,0,51,0,51,0,15,51,0,66,50,0,50,116
06/29/2016,JVL,WI,AGL,CE,Federal Contract Tower,0,21,12,2,35,0,1,73,0,74,0,22,85,2,109,62,0,62,171
06/30/2016,JVL,WI,AGL,CE,Federal Contract Tower,0,13,0,0,13,0,1,22,0,23,0,14,22,0,36,22,0,22,58
07/01/2016,JVL,WI,AGL,CE,Federal Contract Tower,0,5,8,0,13,0,0,46,0,46,0,5,54,0,59,34,0,34,93
07/02/2016,JVL,WI,AGL,CE,Federal Contract Tower,0,4,13,0,17,0,3,89,0,92,0,7,102,0,109,96,0,96,205
07/03/2016,JVL,WI,AGL,CE,Federal Contract Tower,0,4,5,0,9,0,0,74,0,74,0,4,79,0,83,132,0,132,215
07/04/2016,JVL,WI,AGL,CE,Federal Contract Tower,0,0,7,0,7,0,0,15,0,15,0,0,22,0,22,60,0,60,82
07/05/2016,JVL,WI,AGL,CE,Federal Contract Tower,0,20,1,0,21,0,0,51,0,51,0,20,52,0,72,6,0,6,78
07/06/2016,JVL,WI,AGL,CE,Federal Contract Tower,0,8,3,0,11,0,1,26,0,27,0,9,29,0,38,34,0,34,72
07/07/2016,JVL,WI,AGL,CE,Federal Contract Tower,0,15,0,0,15,0,0,29,0,29,0,15,29,0,44,20,0,20,64
07/08/2016,JVL,WI,AGL,CE,Federal Contract Tower,0,4,7,0,11,0,0,46,0,46,0,4,53,0,57,54,0,54,111
07/09/2016,JVL,WI,AGL,CE,Federal Contract Tower,0,11,5,0,16,0,0,70,0,70,0,11,75,0,86,146,0,146,232
07/10/2016,JVL,WI,AGL,CE,Federal Contract Tower,0,6,5,0,11,0,0,53,0,53,0,6,58,0,64,72,0,72,136
07/11/2016,JVL,WI,AGL,CE,Federal Contract Tower,0,21,2,0,23,0,1,41,0,42,0,22,43,0,65,122,0,122,187
07/12/2016,JVL,WI,AGL,CE,Federal Contract Tower,0,11,1,0,12,0,0,6,0,6,0,11,7,0,18,4,0,4,22
07/13/2016,JVL,WI,AGL,CE,Federal Contract Tower,0,14,4,0,18,0,0,30,0,30,0,14,34,0,48,18,0,18,66
07/14/2016,JVL,WI,AGL,CE,Federal Contract Tower,0,17,6,0,23,0,1,49,0,50,0,18,55,0,73,70,0,70,143
07/15/2016,JVL,WI,AGL,CE,Federal Contract Tower,0,12,8,1,21,0,0,63,0,63,0,12,71,1,84,94,2,96,180
07/16/2016,JVL,WI,AGL,CE,Federal Contract Tower,0,8,4,0,12,0,0,84,0,84,0,8,88,0,96,86,0,86,182
07/17/2016,JVL,WI,AGL,CE,Federal Contract Tower,0,12,0,0,12,0,1,4,0,5,0,13,4,0,17,0,0,0,17
07/18/2016,JVL,WI,AGL,CE,Federal Contract Tower,0,9,1,0,10,0,0,58,0,58,0,9,59,0,68,78,0,78,146
07/19/2016,JVL,WI,AGL,CE,Federal Contract Tower,0,17,7,0,24,0,0,93,0,93,0,17,100,0,117,78,0,78,195
07/20/2016,JVL,WI,AGL,CE,Federal Contract Tower,0,13,1,0,14,0,2,56,1,59,0,15,57,1,73,36,2,38,111
07/21/2016,JVL,WI,AGL,CE,Federal Contract Tower,0,21,14,0,35,0,0,90,0,90,0,21,104,0,125,42,0,42,167
07/22/2016,JVL,WI,AGL,CE,Federal Contract Tower,0,8,4,1,13,0,0,145,0,145,0,8,149,1,158,120,0,120,278
07/23/2016,JVL,WI,AGL,CE,Federal Contract Tower,0,6,16,0,22,0,18,230,0,248,0,24,246,0,270,116,0,116,386
07/24/2016,JVL,WI,AGL,CE,Federal Contract Tower,0,7,13,0,20,0,0,212,0,212,0,7,225,0,232,152,0,152,384
07/25/2016,JVL,WI,AGL,CE,Federal Contract Tower,0,15,1,1,17,0,2,80,0,82,0,17,81,1,99,28,0,28,127
07/26/2016,JVL,WI,AGL,CE,Federal Contract Tower,0,19,6,0,25,0,1,78,2,81,0,20,84,2,106,84,10,94,200
07/27/2016,JVL,WI,AGL,CE,Federal Contract Tower,0,14,7,0,21,0,0,37,0,37,0,14,44,0,58,8,0,8,66
07/28/2016,JVL,WI,AGL,CE,Federal Contract Tower,0,19,2,0,21,0,0,24,0,24,0,19,26,0,45,10,0,10,55
07/29/2016,JVL,WI,AGL,CE,Federal Contract Tower,0,33,11,0,44,0,0,58,0,58,0,33,69,0,102,0,0,0,102
07/30/2016,JVL,WI,AGL,CE,Federal Contract Tower,0,5,7,0,12,0,0,54,0,54,0,5,61,0,66,2,0,2,68
07/31/2016,JVL,WI,AGL,CE,Federal Contract Tower,0,12,2,0,14,0,0,45,0,45,0,12,47,0,59,42,0,42,101
08/01/2016,JVL,WI,AGL,CE,Federal Contract Tower,0,7,10,2,19,0,6,55,0,61,0,13,65,2,80,90,0,90,170
08/02/2016,JVL,WI,AGL,CE,Federal Contract Tower,0,18,0,1,19,0,0,23,0,23,0,18,23,1,42,8,2,10,52
08/03/2016,JVL,WI,AGL,CE,Federal Contract Tower,0,10,4,0,14,0,7,44,0,51,0,17,48,0,65,46,0,46,111
08/04/2016,JVL,WI,AGL,CE,Federal Contract Tower,0,9,0,0,9,0,1,41,0,42,0,10,41,0,51,48,0,48,99
08/05/2016,JVL,WI,AGL,CE,Federal Contract Tower,0,8,9,0,17,0,0,63,0,63,0,8,72,0,80,118,0,118,198
08/06/2016,JVL,WI,AGL,CE,Federal Contract Tower,0,5,6,0,11,0,0,58,0,58,0,5,64,0,69,78,0,78,147
08/07/2016,JVL,WI,AGL,CE,Federal Contract Tower,0,11,0,0,11,0,0,51,0,51,0,11,51,0,62,30,0,30,92
08/08/2016,JVL,WI,AGL,CE,Federal Contract Tower,0,8,3,0,11,0,2,40,0,42,0,10,43,0,53,32,0,32,85
08/09/2016,JVL,WI,AGL,CE,Federal Contract Tower,0,17,4,0,21,0,0,43,0,43,0,17,47,0,64,38,0,38,102
08/10/2016,JVL,WI,AGL,CE,Federal Contract Tower,0,22,1,0,23,0,0,52,0,52,0,22,53,0,75,98,0,98,173
08/11/2016,JVL,WI,AGL,CE,Federal Contract Tower,0,20,3,0,23,0,2,61,0,63,0,22,64,0,86,62,0,62,148
08/12/2016,JVL,WI,AGL,CE,Federal Contract Tower,0,6,0,0,6,0,0,33,0,33,0,6,33,0,39,108,0,108,147
08/13/2016,JVL,WI,AGL,CE,Federal Contract Tower,0,6,11,0,17,0,1,44,0,45,0,7,55,0,62,44,0,44,106
08/14/2016,JVL,WI,AGL,CE,Federal Contract Tower,0,10,4,0,14,0,9,77,0,86,0,19,81,0,100,68,0,68,168
08/15/2016,JVL,WI,AGL,CE,Federal Contract Tower,0,12,8,0,20,0,0,38,0,38,0,12,46,0,58,38,0,38,96
08/16/2016,JVL,WI,AGL,CE,Federal Contract Tower,0,9,10,0,19,0,0,60,0,60,0,9,70,0,79,34,0,34,113
08/17/2016,JVL,WI,AGL,CE,Federal Contract Tower,2,21,4,0,27,0,2,52,0,54,2,23,56,0,81,68,0,68,149
08/18/2016,JVL,WI,AGL,CE,Federal Contract Tower,0,23,8,0,31,0,1,44,0,45,0,24,52,0,76,50,0,50,126
08/19/2016,JVL,WI,AGL,CE,Federal Contract Tower,0,18,3,0,21,0,0,25,0,25,0,18,28,0,46,28,0,28,74
08/20/2016,JVL,WI,AGL,CE,Federal Contract Tower,0,4,3,0,7,0,1,0,0,1,0,5,3,0,8,0,0,0,8
08/21/2016,JVL,WI,AGL,CE,Federal Contract Tower,0,7,5,0,12,0,0,61,0,61,0,7,66,0,73,36,0,36,109
08/22/2016,JVL,WI,AGL,CE,Federal Contract Tower,0,26,5,0,31,0,0,41,0,41,0,26,46,0,72,60,0,60,132
08/23/2016,JVL,WI,AGL,CE,Federal Contract Tower,0,14,8,0,22,0,1,71,0,72,0,15,79,0,94,32,0,32,126
08/24/2016,JVL,WI,AGL,CE,Federal Contract Tower,0,15,4,0,19,0,1,27,0,28,0,16,31,0,47,24,0,24,71
08/25/2016,JVL,WI,AGL,CE,Federal Contract Tower,0,19,4,0,23,0,0,37,0,37,0,19,41,0,60,20,0,20,80
08/26/2016,JVL,WI,AGL,CE,Federal Contract Tower,0,17,7,0,24,0,0,74,1,75,0,17,81,1,99,94,0,94,193
08/27/2016,JVL,WI,AGL,CE,Federal Contract Tower,0,8,4,0,12,0,0,20,0,20,0,8,24,0,32,42,0,42,74
08/28/2016,JVL,WI,AGL,CE,Federal Contract Tower,0,5,6,0,11,0,0,68,0,68,0,5,74,0,79,98,0,98,177
08/29/2016,JVL,WI,AGL,CE,Federal Contract Tower,0,10,4,0,14,0,2,36,0,38,0,12,40,0,52,30,0,30,82
08/30/2016,JVL,WI,AGL,CE,Federal Contract Tower,0,16,2,1,19,0,0,22,0,22,0,16,24,1,41,6,2,8,49
08/31/2016,JVL,WI,AGL,CE,Federal Contract Tower,0,21,7,1,29,0,0,61,0,61,0,21,68,1,90,92,2,94,184
09/01/2016,JVL,WI,AGL,CE,Federal Contract Tower,0,7,3,1,11,0,0,21,1,22,0,7,24,2,33,30,0,30,63
09/02/2016,JVL,WI,AGL,CE,Federal Contract Tower,0,15,6,0,21,0,1,54,0,55,0,16,60,0,76,104,0,104,180
09/03/2016,JVL,WI,AGL,CE,Federal Contract Tower,0,13,3,0,16,0,0,67,0,67,0,13,70,0,83,76,0,76,159
09/04/2016,JVL,WI,AGL,CE,Federal Contract Tower,0,2,2,0,4,0,0,41,0,41,0,2,43,0,45,64,0,64,109
09/05/2016,JVL,WI,AGL,CE,Federal Contract Tower,0,9,3,0,12,0,2,19,0,21,0,11,22,0,33,4,0,4,37
09/06/2016,JVL,WI,AGL,CE,Federal Contract Tower,0,20,5,0,25,0,2,38,0,40,0,22,43,0,65,6,0,6,71
09/07/2016,JVL,WI,AGL,CE,Federal Contract Tower,0,15,2,0,17,0,2,0,0,2,0,17,2,0,19,0,0,0,19
09/08/2016,JVL,WI,AGL,CE,Federal Contract Tower,0,11,13,0,24,0,0,35,0,35,0,11,48,0,59,94,0,94,153
09/09/2016,JVL,WI,AGL,CE,Federal Contract Tower,0,16,4,0,20,0,1,31,0,32,0,17,35,0,52,16,0,16,68
09/10/2016,JVL,WI,AGL,CE,Federal Contract Tower,0,1,5,0,6,0,2,8,0,10,0,3,13,0,16,14,0,14,30
09/11/2016,JVL,WI,AGL,CE,Federal Contract Tower,0,8,9,0,17,0,2,77,0,79,0,10,86,0,96,62,0,62,158
09/12/2016,JVL,WI,AGL,CE,Federal Contract Tower,1,8,1,0,10,0,0,31,0,31,1,8,32,0,41,22,0,22,63
09/13/2016,JVL,WI,AGL,CE,Federal Contract Tower,0,18,2,0,20,0,2,21,0,23,0,20,23,0,43,32,0,32,75
09/14/2016,JVL,WI,AGL,CE,Federal Contract Tower,0,16,12,0,28,0,0,36,0,36,0,16,48,0,64,60,0,60,124
09/15/2016,JVL,WI,AGL,CE,Federal Contract Tower,0,18,15,0,33,0,2,42,0,44,0,20,57,0,77,54,0,54,131
09/16/2016,JVL,WI,AGL,CE,Federal Contract Tower,0,13,9,3,25,0,0,9,0,9,0,13,18,3,34,18,0,18,52
09/17/2016,JVL,WI,AGL,CE,Federal Contract Tower,0,5,6,0,11,0,0,52,0,52,0,5,58,0,63,22,0,22,85
09/18/2016,JVL,WI,AGL,CE,Federal Contract Tower,0,9,6,0,15,0,2,68,0,70,0,11,74,0,85,22,0,22,107
09/19/2016,JVL,WI,AGL,CE,Federal Contract Tower,0,12,4,0,16,0,1,22,0,23,0,13,26,0,39,12,0,12,51
09/20/2016,JVL,WI,AGL,CE,Federal Contract Tower,0,24,1,0,25,0,0,53,0,53,0,24,54,0,78,78,0,78,156
09/21/2016,JVL,WI,AGL,CE,Federal Contract Tower,0,12,2,0,14,0,1,7,0,8,0,13,9,0,22,2,0,2,24
09/22/2016,JVL,WI,AGL,CE,Federal Contract Tower,0,14,7,0,21,0,0,3,0,3,0,14,10,0,24,10,0,10,34
09/23/2016,JVL,WI,AGL,CE,Federal Contract Tower,0,18,16,0,34,0,0,1,0,1,0,18,17,0,35,0,0,0,35
09/24/2016,JVL,WI,AGL,CE,Federal Contract Tower,0,7,8,0,15,0,0,13,0,13,0,7,21,0,28,48,0,48,76
09/25/2016,JVL,WI,AGL,CE,Federal Contract Tower,0,12,6,0,18,0,0,14,0,14,0,12,20,0,32,34,0,34,66
09/26/2016,JVL,WI,AGL,CE,Federal Contract Tower,0,12,11,0,23,0,0,20,0,20,0,12,31,0,43,10,0,10,53
09/29/2016,JVL,WI,AGL,CE,Federal Contract Tower,0,26,6,6,38,0,0,5,4,9,0,26,11,10,47,0,6,6,53
09/30/2016,JVL,WI,AGL,CE,Federal Contract Tower,0,21,11,0,32,0,0,3,0,3,0,21,14,0,35,6,0,6,41
10/01/2016,JVL,WI,AGL,CE,Federal Contract Tower,0,3,9,0,12,0,0,1,0,1,0,3,10,0,13,0,0,0,13
10/02/2016,JVL,WI,AGL,CE,Federal Contract Tower,0,10,15,0,25,0,2,19,0,21,0,12,34,0,46,36,0,36,82
10/03/2016,JVL,WI,AGL,CE,Federal Contract Tower,0,8,11,0,19,0,0,37,0,37,0,8,48,0,56,38,0,38,94
10/04/2016,JVL,WI,AGL,CE,Federal Contract Tower,0,26,7,0,33,0,0,66,0,66,0,26,73,0,99,50,0,50,149
10/05/2016,JVL,WI,AGL,CE,Federal Contract Tower,0,16,4,0,20,0,1,34,0,35,0,17,38,0,55,54,0,54,109
10/06/2016,JVL,WI,AGL,CE,Federal Contract Tower,0,20,11,0,31,0,3,4,0,7,0,23,15,0,38,12,0,12,50
10/07/2016,JVL,WI,AGL,CE,Federal Contract Tower,0,13,8,0,21,0,1,15,0,16,0,14,23,0,37,48,0,48,85
10/08/2016,JVL,WI,AGL,CE,Federal Contract Tower,0,4,25,0,29,0,0,63,0,63,0,4,88,0,92,54,0,54,146
10/09/2016,JVL,WI,AGL,CE,Federal Contract Tower,0,13,12,0,25,0,3,36,0,39,0,16,48,0,64,20,0,20,84
10/10/2016,JVL,WI,AGL,CE,Federal Contract Tower,0,6,11,0,17,0,0,75,0,75,0,6,86,0,92,74,0,74,166
10/11/2016,JVL,WI,AGL,CE,Federal Contract Tower,0,19,5,0,24,0,0,32,0,32,0,19,37,0,56,38,0,38,94
10/12/2016,JVL,WI,AGL,CE,Federal Contract Tower,0,16,7,0,23,0,0,9,0,9,0,16,16,0,32,0,0,0,32
10/13/2016,JVL,WI,AGL,CE,Federal Contract Tower,0,24,11,0,35,0,1,20,0,21,0,25,31,0,56,20,0,20,76
10/14/2016,JVL,WI,AGL,CE,Federal Contract Tower,0,15,10,0,25,0,2,38,0,40,0,17,48,0,65,22,0,22,87
10/15/2016,JVL,WI,AGL,CE,Federal Contract Tower,0,4,9,0,13,0,0,0,0,0,0,4,9,0,13,0,0,0,13
10/16/2016,JVL,WI,AGL,CE,Federal Contract Tower,0,20,11,0,31,0,0,1,0,1,0,20,12,0,32,0,0,0,32
10/17/2016,JVL,WI,AGL,CE,Federal Contract Tower,0,10,2,0,12,0,0,12,0,12,0,10,14,0,24,12,0,12,36
10/18/2016,JVL,WI,AGL,CE,Federal Contract Tower,0,10,2,2,14,0,0,41,0,41,0,10,43,2,55,72,2,74,129
10/19/2016,JVL,WI,AGL,CE,Federal Contract Tower,0,10,13,0,23,0,1,50,0,51,0,11,63,0,74,58,0,58,132
10/20/2016,JVL,WI,AGL,CE,Federal Contract Tower,0,14,17,0,31,0,0,29,0,29,0,14,46,0,60,6,0,6,66
10/21/2016,JVL,WI,AGL,CE,Federal Contract Tower,0,13,14,0,27,0,1,45,0,46,0,14,59,0,73,24,0,24,97
10/22/2016,JVL,WI,AGL,CE,Federal Contract Tower,0,6,6,0,12,0,1,52,0,53,0,7,58,0,65,46,0,46,111
10/23/2016,JVL,WI,AGL,CE,Federal Contract Tower,0,14,5,0,19,0,3,69,0,72,0,17,74,0,91,30,0,30,121
10/24/2016,JVL,WI,AGL,CE,Federal Contract Tower,0,20,4,0,24,0,0,49,0,49,0,20,53,0,73,62,0,62,135
10/25/2016,JVL,WI,AGL,CE,Federal Contract Tower,0,19,3,0,22,0,0,27,0,27,0,19,30,0,49,34,0,34,83
10/26/2016,JVL,WI,AGL,CE,Federal Contract Tower,0,11,1,0,12,0,0,0,0,0,0,11,1,0,12,0,0,0,12
10/27/2016,JVL,WI,AGL,CE,Federal Contract Tower,0,19,15,0,34,0,3,12,2,17,0,22,27,2,51,2,22,24,75
10/28/2016,JVL,WI,AGL,CE,Federal Contract Tower,0,8,12,1,21,0,0,29,0,29,0,8,41,1,50,6,0,6,56
10/29/2016,JVL,WI,AGL,CE,Federal Contract Tower,0,2,15,0,17,0,0,51,0,51,0,2,66,0,68,58,0,58,126
10/30/2016,JVL,WI,AGL,CE,Federal Contract Tower,0,14,5,0,19,0,4,14,0,18,0,18,19,0,37,14,0,14,51
10/31/2016,JVL,WI,AGL,CE,Federal Contract Tower,0,10,6,0,16,0,0,23,2,25,0,10,29,2,41,60,6,66,107
11/01/2016,JVL,WI,AGL,CE,Federal Contract Tower,0,20,7,0,27,0,0,42,0,42,0,20,49,0,69,42,0,42,111
11/02/2016,JVL,WI,AGL,CE,Federal Contract Tower,0,14,4,0,18,0,0,0,0,0,0,14,4,0,18,0,0,0,18
11/03/2016,JVL,WI,AGL,CE,Federal Contract Tower,0,11,6,0,17,0,1,34,0,35,0,12,40,0,52,10,0,10,62
11/04/2016,JVL,WI,AGL,CE,Federal Contract Tower,0,14,14,0,28,0,1,78,0,79,0,15,92,0,107,68,0,68,175
11/05/2016,JVL,WI,AGL,CE,Federal Contract Tower,0,3,5,0,8,0,0,78,0,78,0,3,83,0,86,68,0,68,154
11/06/2016,JVL,WI,AGL,CE,Federal Contract Tower,0,16,2,0,18,0,0,60,0,60,0,16,62,0,78,56,0,56,134
11/07/2016,JVL,WI,AGL,CE,Federal Contract Tower,0,15,3,0,18,0,0,35,0,35,0,15,38,0,53,24,0,24,77
11/08/2016,JVL,WI,AGL,CE,Federal Contract Tower,0,14,2,1,17,0,0,23,0,23,0,14,25,1,40,64,12,76,116
11/09/2016,JVL,WI,AGL,CE,Federal Contract Tower,0,15,6,0,21,0,0,29,2,31,0,15,35,2,52,22,6,28,80
11/10/2016,JVL,WI,AGL,CE,Federal Contract Tower,0,20,8,0,28,0,2,34,0,36,0,22,42,0,64,22,0,22,86
11/11/2016,JVL,WI,AGL,CE,Federal Contract Tower,0,11,9,0,20,0,0,45,0,45,0,11,54,0,65,20,0,20,85
11/12/2016,JVL,WI,AGL,CE,Federal Contract Tower,0,7,6,0,13,0,0,48,0,48,0,7,54,0,61,28,0,28,89
11/13/2016,JVL,WI,AGL,CE,Federal Contract Tower,0,14,7,0,21,0,4,24,0,28,0,18,31,0,49,14,0,14,63
11/14/2016,JVL,WI,AGL,CE,Federal Contract Tower,0,10,1,1,12,0,0,32,0,32,0,10,33,1,44,66,0,66,110
11/15/2016,JVL,WI,AGL,CE,Federal Contract Tower,0,22,7,0,29,0,0,36,0,36,0,22,43,0,65,90,0,90,155
11/16/2016,JVL,WI,AGL,CE,Federal Contract Tower,0,15,19,0,34,0,0,7,0,7,0,15,26,0,41,6,0,6,47
11/17/2016,JVL,WI,AGL,CE,Federal Contract Tower,0,16,6,0,22,0,2,23,0,25,0,18,29,0,47,28,0,28,75
11/18/2016,JVL,WI,AGL,CE,Federal Contract Tower,0,16,1,0,17,0,1,0,0,1,0,17,1,0,18,0,0,0,18
11/19/2016,JVL,WI,AGL,CE,Federal Contract Tower,0,4,0,0,4,0,6,0,0,6,0,10,0,0,10,6,0,6,16
11/20/2016,JVL,WI,AGL,CE,Federal Contract Tower,0,9,13,0,22,0,1,50,0,51,0,10,63,0,73,86,0,86,159
11/21/2016,JVL,WI,AGL,CE,Federal Contract Tower,0,11,12,0,23,0,7,40,0,47,0,18,52,0,70,50,0,50,120
11/22/2016,JVL,WI,AGL,CE,Federal Contract Tower,0,30,10,1,41,0,0,47,0,47,0,30,57,1,88,58,0,58,146
11/23/2016,JVL,WI,AGL,CE,Federal Contract Tower,0,18,7,0,25,0,0,0,0,0,0,18,7,0,25,0,0,0,25
11/24/2016,JVL,WI,AGL,CE,Federal Contract Tower,0,0,0,0,0,0,0,0,0,0,0,0,0,0,0,0,0,0,0
11/25/2016,JVL,WI,AGL,CE,Federal Contract Tower,0,5,2,0,7,0,0,1,0,1,0,5,3,0,8,0,0,0,8
11/26/2016,JVL,WI,AGL,CE,Federal Contract Tower,0,13,7,0,20,0,0,34,0,34,0,13,41,0,54,88,0,88,142
11/27/2016,JVL,WI,AGL,CE,Federal Contract Tower,0,30,3,0,33,0,0,0,0,0,0,30,3,0,33,0,0,0,33
11/28/2016,JVL,WI,AGL,CE,Federal Contract Tower,0,12,0,0,12,0,0,2,0,2,0,12,2,0,14,0,0,0,14
11/29/2016,JVL,WI,AGL,CE,Federal Contract Tower,0,14,6,0,20,0,0,25,0,25,0,14,31,0,45,44,0,44,89
11/30/2016,JVL,WI,AGL,CE,Federal Contract Tower,0,11,5,0,16,0,0,1,0,1,0,11,6,0,17,2,0,2,19
12/01/2016,JVL,WI,AGL,CE,Federal Contract Tower,0,14,4,0,18,0,1,2,0,3,0,15,6,0,21,0,0,0,21
12/02/2016,JVL,WI,AGL,CE,Federal Contract Tower,0,16,4,0,20,0,0,15,0,15,0,16,19,0,35,52,0,52,87
12/03/2016,JVL,WI,AGL,CE,Federal Contract Tower,0,12,0,0,12,0,0,22,0,22,0,12,22,0,34,34,0,34,68
12/04/2016,JVL,WI,AGL,CE,Federal Contract Tower,0,15,0,0,15,0,0,0,0,0,0,15,0,0,15,0,0,0,15
12/05/2016,JVL,WI,AGL,CE,Federal Contract Tower,0,7,4,0,11,0,0,0,0,0,0,7,4,0,11,0,0,0,11
12/06/2016,JVL,WI,AGL,CE,Federal Contract Tower,0,11,3,0,14,0,0,5,0,5,0,11,8,0,19,2,0,2,21
12/07/2016,JVL,WI,AGL,CE,Federal Contract Tower,0,5,4,0,9,0,0,19,0,19,0,5,23,0,28,18,0,18,46
12/08/2016,JVL,WI,AGL,CE,Federal Contract Tower,0,11,5,0,16,0,0,4,0,4,0,11,9,0,20,6,0,6,26
12/09/2016,JVL,WI,AGL,CE,Federal Contract Tower,0,13,4,0,17,0,2,30,2,34,0,15,34,2,51,18,0,18,69
12/10/2016,JVL,WI,AGL,CE,Federal Contract Tower,0,9,2,0,11,0,0,10,0,10,0,9,12,0,21,12,0,12,33
12/11/2016,JVL,WI,AGL,CE,Federal Contract Tower,0,7,0,0,7,0,0,0,0,0,0,7,0,0,7,0,0,0,7
12/12/2016,JVL,WI,AGL,CE,Federal Contract Tower,0,11,3,0,14,0,3,2,0,5,0,14,5,0,19,0,0,0,19
12/13/2016,JVL,WI,AGL,CE,Federal Contract Tower,0,12,8,0,20,0,0,23,0,23,0,12,31,0,43,18,0,18,61
12/14/2016,JVL,WI,AGL,CE,Federal Contract Tower,0,13,0,0,13,0,4,13,0,17,0,17,13,0,30,3,0,3,33
12/15/2016,JVL,WI,AGL,CE,Federal Contract Tower,0,10,7,0,17,0,0,13,0,13,0,10,20,0,30,8,0,8,38
12/16/2016,JVL,WI,AGL,CE,Federal Contract Tower,0,16,6,0,22,0,2,0,0,2,0,18,6,0,24,0,0,0,24
12/17/2016,JVL,WI,AGL,CE,Federal Contract Tower,0,4,0,0,4,0,0,0,0,0,0,4,0,0,4,0,0,0,4
12/18/2016,JVL,WI,AGL,CE,Federal Contract Tower,0,2,0,0,2,0,0,4,0,4,0,2,4,0,6,6,0,6,12
12/19/2016,JVL,WI,AGL,CE,Federal Contract Tower,0,8,10,0,18,0,2,36,0,38,0,10,46,0,56,58,0,58,114
12/20/2016,JVL,WI,AGL,CE,Federal Contract Tower,0,8,5,0,13,0,1,21,6,28,0,9,26,6,41,4,0,4,45
12/21/2016,JVL,WI,AGL,CE,Federal Contract Tower,0,6,9,0,15,0,0,30,0,30,0,6,39,0,45,20,0,20,65
12/22/2016,JVL,WI,AGL,CE,Federal Contract Tower,0,8,4,0,12,0,0,48,0,48,0,8,52,0,60,40,0,40,100
12/23/2016,JVL,WI,AGL,CE,Federal Contract Tower,0,10,4,0,14,0,0,4,0,4,0,10,8,0,18,0,0,0,18
12/24/2016,JVL,WI,AGL,CE,Federal Contract Tower,0,0,0,0,0,0,0,0,0,0,0,0,0,0,0,0,0,0,0
12/25/2016,JVL,WI,AGL,CE,Federal Contract Tower,0,0,0,0,0,0,0,0,0,0,0,0,0,0,0,0,0,0,0
12/26/2016,JVL,WI,AGL,CE,Federal Contract Tower,0,14,4,0,18,0,0,3,0,3,0,14,7,0,21,0,0,0,21
12/27/2016,JVL,WI,AGL,CE,Federal Contract Tower,0,13,4,0,17,0,0,17,0,17,0,13,21,0,34,20,0,20,54
12/28/2016,JVL,WI,AGL,CE,Federal Contract Tower,0,5,6,0,11,0,0,32,0,32,0,5,38,0,43,10,0,10,53
12/29/2016,JVL,WI,AGL,CE,Federal Contract Tower,0,8,2,0,10,0,2,2,0,4,0,10,4,0,14,4,0,4,18
12/30/2016,JVL,WI,AGL,CE,Federal Contract Tower,0,4,6,0,10,0,0,63,0,63,0,4,69,0,73,32,0,32,105
12/31/2016,JVL,WI,AGL,CE,Federal Contract Tower,0,7,4,0,11,0,0,21,0,21,0,7,25,0,32,18,0,18,50
01/01/2017,JVL,WI,AGL,CE,Federal Contract Tower,0,9,8,0,17,0,0,43,0,43,0,9,51,0,60,22,0,22,82
01/02/2017,JVL,WI,AGL,CE,Federal Contract Tower,0,24,0,0,24,0,0,0,0,0,0,24,0,0,24,0,0,0,24
01/03/2017,JVL,WI,AGL,CE,Federal Contract Tower,0,13,3,0,16,0,0,0,0,0,0,13,3,0,16,0,0,0,16
01/04/2017,JVL,WI,AGL,CE,Federal Contract Tower,0,8,5,0,13,0,1,33,2,36,0,9,38,2,49,10,0,10,59
01/05/2017,JVL,WI,AGL,CE,Federal Contract Tower,0,8,5,0,13,0,0,18,2,20,0,8,23,2,33,42,12,54,87
01/06/2017,JVL,WI,AGL,CE,Federal Contract Tower,0,19,9,0,28,0,1,15,0,16,0,20,24,0,44,28,0,28,72
01/07/2017,JVL,WI,AGL,CE,Federal Contract Tower,0,4,6,0,10,0,0,39,0,39,0,4,45,0,49,60,0,60,109
01/08/2017,JVL,WI,AGL,CE,Federal Contract Tower,0,12,7,0,19,0,0,34,0,34,0,12,41,0,53,34,0,34,87
01/09/2017,JVL,WI,AGL,CE,Federal Contract Tower,0,14,2,0,16,0,0,4,0,4,0,14,6,0,20,0,0,0,20
01/10/2017,JVL,WI,AGL,CE,Federal Contract Tower,0,9,0,0,9,0,0,0,0,0,0,9,0,0,9,0,0,0,9
01/11/2017,JVL,WI,AGL,CE,Federal Contract Tower,0,13,3,1,17,0,0,14,1,15,0,13,17,2,32,6,0,6,38
01/12/2017,JVL,WI,AGL,CE,Federal Contract Tower,0,23,3,0,26,0,0,3,0,3,0,23,6,0,29,2,0,2,31
01/13/2017,JVL,WI,AGL,CE,Federal Contract Tower,0,20,9,0,29,0,0,19,0,19,0,20,28,0,48,18,0,18,66
01/14/2017,JVL,WI,AGL,CE,Federal Contract Tower,0,12,12,0,24,0,0,26,0,26,0,12,38,0,50,20,0,20,70
01/15/2017,JVL,WI,AGL,CE,Federal Contract Tower,0,8,10,0,18,0,0,68,0,68,0,8,78,0,86,72,0,72,158
01/16/2017,JVL,WI,AGL,CE,Federal Contract Tower,0,7,3,0,10,0,0,0,0,0,0,7,3,0,10,0,0,0,10
01/17/2017,JVL,WI,AGL,CE,Federal Contract Tower,0,17,0,0,17,0,0,0,0,0,0,17,0,0,17,0,0,0,17
01/18/2017,JVL,WI,AGL,CE,Federal Contract Tower,0,15,9,0,24,0,0,0,0,0,0,15,9,0,24,0,0,0,24
01/19/2017,JVL,WI,AGL,CE,Federal Contract Tower,0,18,3,0,21,0,0,1,0,1,0,18,4,0,22,0,0,0,22
01/20/2017,JVL,WI,AGL,CE,Federal Contract Tower,0,12,0,0,12,0,0,0,0,0,0,12,0,0,12,0,0,0,12
01/21/2017,JVL,WI,AGL,CE,Federal Contract Tower,0,6,20,0,26,0,0,13,0,13,0,6,33,0,39,18,0,18,57
01/22/2017,JVL,WI,AGL,CE,Federal Contract Tower,0,10,4,0,14,0,0,0,0,0,0,10,4,0,14,0,0,0,14
01/23/2017,JVL,WI,AGL,CE,Federal Contract Tower,0,12,9,0,21,0,1,1,0,2,0,13,10,0,23,0,0,0,23
01/24/2017,JVL,WI,AGL,CE,Federal Contract Tower,0,13,8,0,21,0,0,1,0,1,0,13,9,0,22,2,0,2,24
01/25/2017,JVL,WI,AGL,CE,Federal Contract Tower,0,10,1,0,11,0,0,0,0,0,0,10,1,0,11,0,0,0,11
01/26/2017,JVL,WI,AGL,CE,Federal Contract Tower,0,10,0,0,10,0,3,1,0,4,0,13,1,0,14,4,0,4,18
01/27/2017,JVL,WI,AGL,CE,Federal Contract Tower,0,13,1,0,14,0,2,9,0,11,0,15,10,0,25,6,0,6,31
01/28/2017,JVL,WI,AGL,CE,Federal Contract Tower,0,7,0,0,7,0,0,0,0,0,0,7,0,0,7,0,0,0,7
01/29/2017,JVL,WI,AGL,CE,Federal Contract Tower,0,11,2,0,13,0,3,16,0,19,0,14,18,0,32,14,0,14,46
01/30/2017,JVL,WI,AGL,CE,Federal Contract Tower,0,18,5,0,23,0,0,10,0,10,0,18,15,0,33,4,0,4,37
01/31/2017,JVL,WI,AGL,CE,Federal Contract Tower,0,12,0,0,12,0,2,4,0,6,0,14,4,0,18,8,0,8,26
02/01/2017,JVL,WI,AGL,CE,Federal Contract Tower,0,15,2,0,17,0,1,51,0,52,0,16,53,0,69,72,0,72,141
02/02/2017,JVL,WI,AGL,CE,Federal Contract Tower,0,14,9,0,23,0,0,37,0,37,0,14,46,0,60,52,0,52,112
02/03/2017,JVL,WI,AGL,CE,Federal Contract Tower,0,13,13,0,26,0,0,44,0,44,0,13,57,0,70,74,0,74,144
02/04/2017,JVL,WI,AGL,CE,Federal Contract Tower,0,1,7,0,8,0,0,29,0,29,0,1,36,0,37,16,0,16,53
02/05/2017,JVL,WI,AGL,CE,Federal Contract Tower,0,9,4,0,13,0,0,37,0,37,0,9,41,0,50,34,0,34,84
02/06/2017,JVL,WI,AGL,CE,Federal Contract Tower,0,8,4,0,12,0,0,32,0,32,0,8,36,0,44,34,0,34,78
02/07/2017,JVL,WI,AGL,CE,Federal Contract Tower,0,15,4,0,19,0,0,0,0,0,0,15,4,0,19,0,0,0,19
02/08/2017,JVL,WI,AGL,CE,Federal Contract Tower,0,11,3,0,14,0,1,29,0,30,0,12,32,0,44,38,0,38,82
02/09/2017,JVL,WI,AGL,CE,Federal Contract Tower,0,11,7,0,18,0,0,40,1,41,0,11,47,1,59,50,0,50,109
02/10/2017,JVL,WI,AGL,CE,Federal Contract Tower,0,9,7,0,16,0,0,25,2,27,0,9,32,2,43,32,0,32,75
02/11/2017,JVL,WI,AGL,CE,Federal Contract Tower,0,0,7,0,7,0,1,42,0,43,0,1,49,0,50,48,0,48,98
02/12/2017,JVL,WI,AGL,CE,Federal Contract Tower,0,7,0,0,7,0,2,0,0,2,0,9,0,0,9,0,0,0,9
02/13/2017,JVL,WI,AGL,CE,Federal Contract Tower,0,10,11,0,21,0,0,39,0,39,0,10,50,0,60,44,0,44,104
02/14/2017,JVL,WI,AGL,CE,Federal Contract Tower,0,15,3,2,20,0,0,18,2,20,0,15,21,4,40,20,6,26,66
02/15/2017,JVL,WI,AGL,CE,Federal Contract Tower,0,19,8,0,27,0,2,32,0,34,0,21,40,0,61,34,0,34,95
02/16/2017,JVL,WI,AGL,CE,Federal Contract Tower,0,7,7,0,14,0,3,25,0,28,0,10,32,0,42,28,0,28,70
02/17/2017,JVL,WI,AGL,CE,Federal Contract Tower,0,9,11,0,20,0,3,50,0,53,0,12,61,0,73,58,0,58,131
02/18/2017,JVL,WI,AGL,CE,Federal Contract Tower,0,0,4,0,4,0,0,44,0,44,0,0,48,0,48,64,0,64,112
02/19/2017,JVL,WI,AGL,CE,Federal Contract Tower,0,4,15,0,19,0,5,42,0,47,0,9,57,0,66,50,0,50,116
02/20/2017,JVL,WI,AGL,CE,Federal Contract Tower,0,6,5,0,11,0,2,10,0,12,0,8,15,0,23,2,0,2,25
02/21/2017,JVL,WI,AGL,CE,Federal Contract Tower,0,13,3,1,17,0,1,38,0,39,0,14,41,1,56,46,2,48,104
02/22/2017,JVL,WI,AGL,CE,Federal Contract Tower,0,14,5,0,19,0,1,24,0,25,0,15,29,0,44,30,0,30,74
02/23/2017,JVL,WI,AGL,CE,Federal Contract Tower,0,24,2,1,27,0,7,2,2,11,0,31,4,3,38,0,16,16,54
02/24/2017,JVL,WI,AGL,CE,Federal Contract Tower,0,8,0,0,8,0,0,0,0,0,0,8,0,0,8,0,0,0,8
02/25/2017,JVL,WI,AGL,CE,Federal Contract Tower,0,3,4,0,7,0,0,22,0,22,0,3,26,0,29,10,0,10,39
02/26/2017,JVL,WI,AGL,CE,Federal Contract Tower,0,10,4,0,14,0,2,11,0,13,0,12,15,0,27,2,0,2,29
02/27/2017,JVL,WI,AGL,CE,Federal Contract Tower,0,12,8,0,20,0,1,35,0,36,0,13,43,0,56,44,0,44,100
02/28/2017,JVL,WI,AGL,CE,Federal Contract Tower,0,8,0,0,8,0,0,0,0,0,0,8,0,0,8,0,0,0,8
03/01/2017,JVL,WI,AGL,CE,Federal Contract Tower,0,17,0,0,17,0,0,2,0,2,0,17,2,0,19,0,0,0,19
03/02/2017,JVL,WI,AGL,CE,Federal Contract Tower,0,15,8,1,24,0,0,4,0,4,0,15,12,1,28,16,0,16,44
03/03/2017,JVL,WI,AGL,CE,Federal Contract Tower,0,16,11,3,30,0,0,10,0,10,0,16,21,3,40,0,0,0,40
03/04/2017,JVL,WI,AGL,CE,Federal Contract Tower,0,3,4,0,7,0,0,16,0,16,0,3,20,0,23,6,0,6,29
03/05/2017,JVL,WI,AGL,CE,Federal Contract Tower,0,24,6,0,30,0,3,27,0,30,0,27,33,0,60,48,0,48,108
03/06/2017,JVL,WI,AGL,CE,Federal Contract Tower,0,13,1,0,14,0,0,2,0,2,0,13,3,0,16,0,0,0,16
03/07/2017,JVL,WI,AGL,CE,Federal Contract Tower,0,10,2,0,12,0,1,0,0,1,0,11,2,0,13,0,0,0,13
03/08/2017,JVL,WI,AGL,CE,Federal Contract Tower,0,12,1,0,13,0,0,2,0,2,0,12,3,0,15,0,0,0,15
03/09/2017,JVL,WI,AGL,CE,Federal Contract Tower,0,10,11,0,21,0,1,26,0,27,0,11,37,0,48,20,0,20,68
03/10/2017,JVL,WI,AGL,CE,Federal Contract Tower,0,12,13,0,25,0,0,45,0,45,0,12,58,0,70,18,0,18,88
03/11/2017,JVL,WI,AGL,CE,Federal Contract Tower,0,8,7,0,15,0,0,47,0,47,0,8,54,0,62,68,0,68,130
03/12/2017,JVL,WI,AGL,CE,Federal Contract Tower,0,16,1,0,17,0,0,29,0,29,0,16,30,0,46,26,0,26,72
03/13/2017,JVL,WI,AGL,CE,Federal Contract Tower,0,6,3,0,9,0,0,2,0,2,0,6,5,0,11,6,0,6,17
03/14/2017,JVL,WI,AGL,CE,Federal Contract Tower,0,12,7,0,19,0,0,21,0,21,0,12,28,0,40,52,0,52,92
03/15/2017,JVL,WI,AGL,CE,Federal Contract Tower,0,15,14,0,29,0,1,46,0,47,0,16,60,0,76,44,0,44,120
03/16/2017,JVL,WI,AGL,CE,Federal Contract Tower,0,12,6,0,18,0,0,52,3,55,0,12,58,3,73,24,0,24,97
03/17/2017,JVL,WI,AGL,CE,Federal Contract Tower,0,14,7,0,21,0,1,4,0,5,0,15,11,0,26,0,0,0,26
03/18/2017,JVL,WI,AGL,CE,Federal Contract Tower,0,6,4,0,10,0,0,22,0,22,0,6,26,0,32,16,0,16,48
03/19/2017,JVL,WI,AGL,CE,Federal Contract Tower,0,13,9,0,22,0,2,42,0,44,0,15,51,0,66,60,0,60,126
03/20/2017,JVL,WI,AGL,CE,Federal Contract Tower,0,18,5,0,23,0,0,15,0,15,0,18,20,0,38,14,0,14,52
03/21/2017,JVL,WI,AGL,CE,Federal Contract Tower,0,17,13,0,30,0,0,60,0,60,0,17,73,0,90,80,0,80,170
03/22/2017,JVL,WI,AGL,CE,Federal Contract Tower,0,16,2,0,18,0,2,48,0,50,0,18,50,0,68,38,0,38,106
03/23/2017,JVL,WI,AGL,CE,Federal Contract Tower,0,18,4,0,22,0,0,35,0,35,0,18,39,0,57,34,0,34,91
03/24/2017,JVL,WI,AGL,CE,Federal Contract Tower,1,22,5,0,28,0,1,21,0,22,1,23,26,0,50,12,0,12,62
03/25/2017,JVL,WI,AGL,CE,Federal Contract Tower,0,7,2,0,9,0,0,0,0,0,0,7,2,0,9,0,0,0,9
03/26/2017,JVL,WI,AGL,CE,Federal Contract Tower,0,12,9,0,21,0,0,0,0,0,0,12,9,0,21,0,0,0,21
03/27/2017,JVL,WI,AGL,CE,Federal Contract Tower,0,20,0,0,20,0,0,9,0,9,0,20,9,0,29,0,0,0,29
03/28/2017,JVL,WI,AGL,CE,Federal Contract Tower,0,14,4,0,18,0,0,17,3,20,0,14,21,3,38,10,12,22,60
03/29/2017,JVL,WI,AGL,CE,Federal Contract Tower,0,9,6,0,15,0,4,40,0,44,0,13,46,0,59,58,0,58,117
03/30/2017,JVL,WI,AGL,CE,Federal Contract Tower,0,9,4,0,13,0,0,4,0,4,0,9,8,0,17,0,0,0,17
03/31/2017,JVL,WI,AGL,CE,Federal Contract Tower,0,13,11,0,24,0,1,3,0,4,0,14,14,0,28,0,0,0,28
04/01/2017,JVL,WI,AGL,CE,Federal Contract Tower,0,10,5,0,15,0,0,70,0,70,0,10,75,0,85,50,0,50,135
04/02/2017,JVL,WI,AGL,CE,Federal Contract Tower,0,17,4,0,21,0,0,28,0,28,0,17,32,0,49,40,0,40,89
04/03/2017,JVL,WI,AGL,CE,Federal Contract Tower,0,7,8,0,15,0,2,5,0,7,0,9,13,0,22,12,0,12,34
04/04/2017,JVL,WI,AGL,CE,Federal Contract Tower,0,18,7,0,25,0,1,22,0,23,0,19,29,0,48,22,0,22,70
04/05/2017,JVL,WI,AGL,CE,Federal Contract Tower,0,16,4,0,20,0,0,0,0,0,0,16,4,0,20,0,0,0,20
04/06/2017,JVL,WI,AGL,CE,Federal Contract Tower,0,20,1,0,21,0,0,6,0,6,0,20,7,0,27,0,0,0,27
04/07/2017,JVL,WI,AGL,CE,Federal Contract Tower,0,14,10,0,24,0,3,31,0,34,0,17,41,0,58,12,0,12,70
04/08/2017,JVL,WI,AGL,CE,Federal Contract Tower,0,4,11,0,15,0,4,50,0,54,0,8,61,0,69,38,0,38,107
04/09/2017,JVL,WI,AGL,CE,Federal Contract Tower,0,10,5,0,15,0,0,44,0,44,0,10,49,0,59,34,0,34,93
04/10/2017,JVL,WI,AGL,CE,Federal Contract Tower,0,13,2,0,15,0,1,8,0,9,0,14,10,0,24,0,0,0,24
04/11/2017,JVL,WI,AGL,CE,Federal Contract Tower,0,11,3,0,14,0,0,14,0,14,0,11,17,0,28,0,0,0,28
04/12/2017,JVL,WI,AGL,CE,Federal Contract Tower,0,18,10,0,28,0,0,40,0,40,0,18,50,0,68,42,0,42,110
04/13/2017,JVL,WI,AGL,CE,Federal Contract Tower,0,17,8,0,25,0,0,14,0,14,0,17,22,0,39,14,0,14,53
04/14/2017,JVL,WI,AGL,CE,Federal Contract Tower,0,7,4,0,11,0,0,32,0,32,0,7,36,0,43,30,0,30,73
04/15/2017,JVL,WI,AGL,CE,Federal Contract Tower,0,3,3,0,6,0,0,9,0,9,0,3,12,0,15,4,0,4,19
04/16/2017,JVL,WI,AGL,CE,Federal Contract Tower,0,9,0,0,9,0,0,4,0,4,0,9,4,0,13,16,0,16,29
04/17/2017,JVL,WI,AGL,CE,Federal Contract Tower,0,20,8,0,28,0,6,61,0,67,0,26,69,0,95,86,0,86,181
04/18/2017,JVL,WI,AGL,CE,Federal Contract Tower,0,15,9,0,24,0,0,37,0,37,0,15,46,0,61,46,0,46,107
04/19/2017,JVL,WI,AGL,CE,Federal Contract Tower,0,13,10,0,23,0,0,6,0,6,0,13,16,0,29,3,0,3,32
04/20/2017,JVL,WI,AGL,CE,Federal Contract Tower,0,16,5,0,21,0,0,19,0,19,0,16,24,0,40,14,0,14,54
04/21/2017,JVL,WI,AGL,CE,Federal Contract Tower,0,13,9,1,23,0,2,43,0,45,0,15,52,1,68,112,2,114,182
04/22/2017,JVL,WI,AGL,CE,Federal Contract Tower,0,7,4,0,11,0,1,76,0,77,0,8,80,0,88,102,0,102,190
04/23/2017,JVL,WI,AGL,CE,Federal Contract Tower,0,16,4,0,20,0,0,61,0,61,0,16,65,0,81,148,0,148,229
04/24/2017,JVL,WI,AGL,CE,Federal Contract Tower,0,11,8,0,19,0,0,51,0,51,0,11,59,0,70,54,0,54,124
04/25/2017,JVL,WI,AGL,CE,Federal Contract Tower,0,9,9,0,18,0,2,44,2,48,0,11,53,2,66,40,10,50,116
04/26/2017,JVL,WI,AGL,CE,Federal Contract Tower,0,19,11,0,30,0,0,1,0,1,0,19,12,0,31,0,0,0,31
04/27/2017,JVL,WI,AGL,CE,Federal Contract Tower,0,22,3,0,25,0,0,9,0,9,0,22,12,0,34,8,0,8,42
04/28/2017,JVL,WI,AGL,CE,Federal Contract Tower,0,21,4,0,25,0,0,28,0,28,0,21,32,0,53,10,0,10,63
04/29/2017,JVL,WI,AGL,CE,Federal Contract Tower,0,4,0,0,4,0,0,8,0,8,0,4,8,0,12,4,0,4,16
04/30/2017,JVL,WI,AGL,CE,Federal Contract Tower,0,15,0,0,15,0,0,0,0,0,0,15,0,0,15,0,0,0,15
05/01/2017,JVL,WI,AGL,CE,Federal Contract Tower,0,15,3,1,19,0,0,5,1,6,0,15,8,2,25,8,8,16,41
05/02/2017,JVL,WI,AGL,CE,Federal Contract Tower,0,11,2,0,13,0,0,22,0,22,0,11,24,0,35,48,0,48,83
05/03/2017,JVL,WI,AGL,CE,Federal Contract Tower,0,13,14,0,27,0,18,95,2,115,0,31,109,2,142,98,18,116,258
05/04/2017,JVL,WI,AGL,CE,Federal Contract Tower,0,8,7,0,15,0,2,55,4,61,0,10,62,4,76,68,14,82,158
05/05/2017,JVL,WI,AGL,CE,Federal Contract Tower,0,15,1,0,16,0,3,41,0,44,0,18,42,0,60,62,0,62,122
05/06/2017,JVL,WI,AGL,CE,Federal Contract Tower,0,4,6,0,10,0,0,24,0,24,0,4,30,0,34,26,0,26,60
05/07/2017,JVL,WI,AGL,CE,Federal Contract Tower,0,13,4,0,17,0,4,51,0,55,0,17,55,0,72,90,0,90,162
05/08/2017,JVL,WI,AGL,CE,Federal Contract Tower,0,15,6,1,22,0,0,41,4,45,0,15,47,5,67,86,10,96,163
05/09/2017,JVL,WI,AGL,CE,Federal Contract Tower,0,18,5,0,23,0,0,21,0,21,0,18,26,0,44,50,0,50,94
05/10/2017,JVL,WI,AGL,CE,Federal Contract Tower,0,13,6,0,19,0,0,19,0,19,0,13,25,0,38,26,0,26,64
05/11/2017,JVL,WI,AGL,CE,Federal Contract Tower,0,25,3,0,28,0,0,70,0,70,0,25,73,0,98,66,0,66,164
05/12/2017,JVL,WI,AGL,CE,Federal Contract Tower,0,28,3,0,31,0,2,32,0,34,0,30,35,0,65,50,0,50,115
05/13/2017,JVL,WI,AGL,CE,Federal Contract Tower,0,5,1,0,6,0,0,40,0,40,0,5,41,0,46,34,0,34,80
05/14/2017,JVL,WI,AGL,CE,Federal Contract Tower,0,10,3,0,13,0,1,16,0,17,0,11,19,0,30,52,0,52,82
05/15/2017,JVL,WI,AGL,CE,Federal Contract Tower,0,16,0,0,16,0,0,53,0,53,0,16,53,0,69,36,0,36,105
05/16/2017,JVL,WI,AGL,CE,Federal Contract Tower,0,0,11,0,11,0,0,9,1,10,0,0,20,1,21,0,12,12,33
05/17/2017,JVL,WI,AGL,CE,Federal Contract Tower,0,12,2,1,15,0,0,6,0,6,0,12,8,1,21,4,0,4,25
05/18/2017,JVL,WI,AGL,CE,Federal Contract Tower,0,5,0,1,6,0,0,2,1,3,0,5,2,2,9,0,0,0,9
05/19/2017,JVL,WI,AGL,CE,Federal Contract Tower,0,13,0,0,13,0,1,3,0,4,0,14,3,0,17,0,0,0,17
05/20/2017,JVL,WI,AGL,CE,Federal Contract Tower,0,6,1,2,9,0,0,1,0,1,0,6,2,2,10,0,0,0,10
05/21/2017,JVL,WI,AGL,CE,Federal Contract Tower,0,14,2,0,16,0,0,10,0,10,0,14,12,0,26,20,0,20,46
05/22/2017,JVL,WI,AGL,CE,Federal Contract Tower,0,17,4,0,21,0,1,31,0,32,0,18,35,0,53,34,0,34,87
05/23/2017,JVL,WI,AGL,CE,Federal Contract Tower,0,16,3,0,19,0,2,1,0,3,0,18,4,0,22,4,0,4,26
05/24/2017,JVL,WI,AGL,CE,Federal Contract Tower,0,15,13,0,28,0,0,2,0,2,0,15,15,0,30,0,0,0,30
05/25/2017,JVL,WI,AGL,CE,Federal Contract Tower,0,24,10,0,34,0,0,39,0,39,0,24,49,0,73,56,0,56,129
05/26/2017,JVL,WI,AGL,CE,Federal Contract Tower,0,26,6,0,32,0,0,44,0,44,0,26,50,0,76,34,0,34,110
05/27/2017,JVL,WI,AGL,CE,Federal Contract Tower,0,2,12,0,14,0,0,59,0,59,0,2,71,0,73,90,0,90,163
05/28/2017,JVL,WI,AGL,CE,Federal Contract Tower,0,12,0,0,12,0,0,18,0,18,0,12,18,0,30,42,0,42,72
05/29/2017,JVL,WI,AGL,CE,Federal Contract Tower,0,18,4,0,22,0,1,21,0,22,0,19,25,0,44,48,0,48,92
05/30/2017,JVL,WI,AGL,CE,Federal Contract Tower,0,15,2,0,17,0,0,28,0,28,0,15,30,0,45,36,0,36,81
05/31/2017,JVL,WI,AGL,CE,Federal Contract Tower,0,15,11,0,26,0,0,31,2,33,0,15,42,2,59,26,18,44,103
06/01/2017,JVL,WI,AGL,CE,Federal Contract Tower,0,14,7,0,21,0,0,52,0,52,0,14,59,0,73,62,0,62,135
06/02/2017,JVL,WI,AGL,CE,Federal Contract Tower,1,18,5,0,24,0,2,43,0,45,1,20,48,0,69,14,0,14,83
06/03/2017,JVL,WI,AGL,CE,Federal Contract Tower,0,9,3,0,12,0,0,23,0,23,0,9,26,0,35,42,0,42,77
06/04/2017,JVL,WI,AGL,CE,Federal Contract Tower,0,6,1,0,7,0,0,34,0,34,0,6,35,0,41,40,0,40,81
06/05/2017,JVL,WI,AGL,CE,Federal Contract Tower,0,14,3,0,17,0,0,19,0,19,0,14,22,0,36,36,0,36,72
06/06/2017,JVL,WI,AGL,CE,Federal Contract Tower,0,23,9,0,32,0,1,56,0,57,0,24,65,0,89,76,0,76,165
06/07/2017,JVL,WI,AGL,CE,Federal Contract Tower,0,16,6,0,22,0,1,32,0,33,0,17,38,0,55,34,0,34,89
06/08/2017,JVL,WI,AGL,CE,Federal Contract Tower,0,15,4,0,19,0,0,36,2,38,0,15,40,2,57,28,6,34,91
06/09/2017,JVL,WI,AGL,CE,Federal Contract Tower,0,26,9,0,35,0,1,57,0,58,0,27,66,0,93,60,0,60,153
06/10/2017,JVL,WI,AGL,CE,Federal Contract Tower,0,4,8,0,12,0,0,48,0,48,0,4,56,0,60,26,0,26,86
06/11/2017,JVL,WI,AGL,CE,Federal Contract Tower,0,10,2,0,12,0,0,25,0,25,0,10,27,0,37,62,0,62,99
06/12/2017,JVL,WI,AGL,CE,Federal Contract Tower,0,11,3,0,14,0,0,21,0,21,0,11,24,0,35,26,0,26,61
06/13/2017,JVL,WI,AGL,CE,Federal Contract Tower,0,15,2,2,19,0,0,33,8,41,0,15,35,10,60,44,0,44,104
06/14/2017,JVL,WI,AGL,CE,Federal Contract Tower,0,10,2,0,12,0,0,38,0,38,0,10,40,0,50,42,0,42,92
06/15/2017,JVL,WI,AGL,CE,Federal Contract Tower,0,12,11,0,23,0,0,65,0,65,0,12,76,0,88,74,0,74,162
06/16/2017,JVL,WI,AGL,CE,Federal Contract Tower,0,17,9,0,26,0,2,52,0,54,0,19,61,0,80,52,0,52,132
06/17/2017,JVL,WI,AGL,CE,Federal Contract Tower,0,8,13,0,21,0,1,15,0,16,0,9,28,0,37,10,0,10,47
06/18/2017,JVL,WI,AGL,CE,Federal Contract Tower,0,10,7,0,17,0,0,26,0,26,0,10,33,0,43,2,0,2,45
06/19/2017,JVL,WI,AGL,CE,Federal Contract Tower,0,13,3,0,16,0,0,30,0,30,0,13,33,0,46,28,0,28,74
06/20/2017,JVL,WI,AGL,CE,Federal Contract Tower,0,9,14,0,23,0,0,37,0,37,0,9,51,0,60,24,0,24,84
06/21/2017,JVL,WI,AGL,CE,Federal Contract Tower,0,7,9,2,18,0,1,49,0,50,0,8,58,2,68,56,0,56,124
06/22/2017,JVL,WI,AGL,CE,Federal Contract Tower,0,14,0,0,14,0,0,41,0,41,0,14,41,0,55,90,0,90,145
06/23/2017,JVL,WI,AGL,CE,Federal Contract Tower,0,14,3,0,17,0,0,44,0,44,0,14,47,0,61,40,0,40,101
06/24/2017,JVL,WI,AGL,CE,Federal Contract Tower,0,2,7,0,9,0,1,36,0,37,0,3,43,0,46,32,0,32,78
06/25/2017,JVL,WI,AGL,CE,Federal Contract Tower,0,13,5,0,18,0,0,31,0,31,0,13,36,0,49,16,0,16,65
06/26/2017,JVL,WI,AGL,CE,Federal Contract Tower,0,17,4,0,21,0,6,39,0,45,0,23,43,0,66,34,0,34,100
06/27/2017,JVL,WI,AGL,CE,Federal Contract Tower,0,22,9,0,31,0,0,101,0,101,0,22,110,0,132,80,0,80,212
06/28/2017,JVL,WI,AGL,CE,Federal Contract Tower,0,23,2,0,25,0,2,6,0,8,0,25,8,0,33,2,0,2,35
06/29/2017,JVL,WI,AGL,CE,Federal Contract Tower,0,23,2,0,25,0,2,27,0,29,0,25,29,0,54,60,0,60,114
06/30/2017,JVL,WI,AGL,CE,Federal Contract Tower,0,17,7,1,25,0,0,54,0,54,0,17,61,1,79,104,2,106,185
07/01/2017,JVL,WI,AGL,CE,Federal Contract Tower,0,6,10,0,16,0,0,74,0,74,0,6,84,0,90,100,0,100,190
07/02/2017,JVL,WI,AGL,CE,Federal Contract Tower,0,7,4,0,11,0,0,44,0,44,0,7,48,0,55,46,0,46,101
07/03/2017,JVL,WI,AGL,CE,Federal Contract Tower,0,11,4,0,15,0,0,21,0,21,0,11,25,0,36,32,0,32,68
07/04/2017,JVL,WI,AGL,CE,Federal Contract Tower,0,8,3,0,11,0,0,27,0,27,0,8,30,0,38,24,0,24,62
07/05/2017,JVL,WI,AGL,CE,Federal Contract Tower,0,8,1,0,9,0,2,35,0,37,0,10,36,0,46,22,0,22,68
07/06/2017,JVL,WI,AGL,CE,Federal Contract Tower,0,11,6,0,17,0,0,73,0,73,0,11,79,0,90,86,0,86,176
07/07/2017,JVL,WI,AGL,CE,Federal Contract Tower,0,16,8,0,24,0,2,52,0,54,0,18,60,0,78,106,0,106,184
07/08/2017,JVL,WI,AGL,CE,Federal Contract Tower,0,6,6,0,12,0,0,92,0,92,0,6,98,0,104,168,0,168,272
07/09/2017,JVL,WI,AGL,CE,Federal Contract Tower,0,13,4,0,17,0,0,57,0,57,0,13,61,0,74,94,0,94,168
07/10/2017,JVL,WI,AGL,CE,Federal Contract Tower,0,14,2,0,16,0,0,10,0,10,0,14,12,0,26,8,0,8,34
07/11/2017,JVL,WI,AGL,CE,Federal Contract Tower,0,16,9,0,25,0,0,65,0,65,0,16,74,0,90,76,0,76,166
07/12/2017,JVL,WI,AGL,CE,Federal Contract Tower,0,12,1,0,13,0,1,10,0,11,0,13,11,0,24,0,0,0,24
07/13/2017,JVL,WI,AGL,CE,Federal Contract Tower,0,10,5,0,15,0,0,49,0,49,0,10,54,0,64,62,0,62,126
07/14/2017,JVL,WI,AGL,CE,Federal Contract Tower,0,15,5,0,20,0,0,30,0,30,0,15,35,0,50,40,0,40,90
07/15/2017,JVL,WI,AGL,CE,Federal Contract Tower,0,3,8,0,11,0,0,57,0,57,0,3,65,0,68,94,0,94,162
07/16/2017,JVL,WI,AGL,CE,Federal Contract Tower,0,10,4,0,14,0,10,47,0,57,0,20,51,0,71,26,0,26,97
07/17/2017,JVL,WI,AGL,CE,Federal Contract Tower,0,9,4,0,13,0,0,72,0,72,0,9,76,0,85,90,0,90,175
07/18/2017,JVL,WI,AGL,CE,Federal Contract Tower,0,23,5,0,28,0,2,68,0,70,0,25,73,0,98,68,0,68,166
07/19/2017,JVL,WI,AGL,CE,Federal Contract Tower,0,30,11,0,41,0,4,43,0,47,0,34,54,0,88,20,0,20,108
07/20/2017,JVL,WI,AGL,CE,Federal Contract Tower,0,24,11,0,35,0,0,81,0,81,0,24,92,0,116,108,0,108,224
07/21/2017,JVL,WI,AGL,CE,Federal Contract Tower,0,24,6,0,30,0,0,165,0,165,0,24,171,0,195,182,0,182,377
07/22/2017,JVL,WI,AGL,CE,Federal Contract Tower,0,9,11,0,20,0,0,245,0,245,0,9,256,0,265,172,0,172,437
07/23/2017,JVL,WI,AGL,CE,Federal Contract Tower,0,11,6,0,17,0,0,100,0,100,0,11,106,0,117,64,0,64,181
07/24/2017,JVL,WI,AGL,CE,Federal Contract Tower,0,24,14,1,39,0,0,60,0,60,0,24,74,1,99,40,0,40,139
07/25/2017,JVL,WI,AGL,CE,Federal Contract Tower,0,18,10,0,28,0,2,99,0,101,0,20,109,0,129,84,0,84,213
07/26/2017,JVL,WI,AGL,CE,Federal Contract Tower,0,30,0,1,31,0,0,66,0,66,0,30,66,1,97,50,0,50,147
07/27/2017,JVL,WI,AGL,CE,Federal Contract Tower,0,17,12,0,29,0,0,58,0,58,0,17,70,0,87,22,2,24,111
07/28/2017,JVL,WI,AGL,CE,Federal Contract Tower,0,16,5,0,21,0,2,65,0,67,0,18,70,0,88,96,0,96,184
07/29/2017,JVL,WI,AGL,CE,Federal Contract Tower,0,4,10,0,14,0,0,55,0,55,0,4,65,0,69,100,0,100,169
07/30/2017,JVL,WI,AGL,CE,Federal Contract Tower,0,7,6,0,13,0,0,74,0,74,0,7,80,0,87,52,0,52,139
07/31/2017,JVL,WI,AGL,CE,Federal Contract Tower,0,14,10,1,25,0,0,55,4,59,0,14,65,5,84,24,0,24,108
08/01/2017,JVL,WI,AGL,CE,Federal Contract Tower,0,29,5,2,36,0,0,66,2,68,0,29,71,4,104,112,6,118,222
08/02/2017,JVL,WI,AGL,CE,Federal Contract Tower,0,11,4,0,15,0,0,51,0,51,0,11,55,0,66,44,0,44,110
08/03/2017,JVL,WI,AGL,CE,Federal Contract Tower,0,18,7,0,25,0,0,47,0,47,0,18,54,0,72,102,0,102,174
08/04/2017,JVL,WI,AGL,CE,Federal Contract Tower,0,8,1,0,9,0,0,27,0,27,0,8,28,0,36,0,12,12,48
08/05/2017,JVL,WI,AGL,CE,Federal Contract Tower,0,6,0,0,6,0,0,59,0,59,0,6,59,0,65,92,0,92,157
08/06/2017,JVL,WI,AGL,CE,Federal Contract Tower,0,14,3,0,17,0,0,32,0,32,0,14,35,0,49,46,0,46,95
08/07/2017,JVL,WI,AGL,CE,Federal Contract Tower,0,21,8,0,29,0,0,52,0,52,0,21,60,0,81,134,0,134,215
08/08/2017,JVL,WI,AGL,CE,Federal Contract Tower,0,29,15,0,44,0,0,85,0,85,0,29,100,0,129,96,0,96,225
08/09/2017,JVL,WI,AGL,CE,Federal Contract Tower,0,21,6,0,27,0,2,75,0,77,0,23,81,0,104,118,0,118,222
08/10/2017,JVL,WI,AGL,CE,Federal Contract Tower,0,18,0,0,18,0,0,46,0,46,0,18,46,0,64,62,0,62,126
08/11/2017,JVL,WI,AGL,CE,Federal Contract Tower,0,13,12,0,25,0,0,63,0,63,0,13,75,0,88,73,0,73,161
08/12/2017,JVL,WI,AGL,CE,Federal Contract Tower,0,13,4,0,17,0,0,55,0,55,0,13,59,0,72,60,0,60,132
08/13/2017,JVL,WI,AGL,CE,Federal Contract Tower,0,11,1,0,12,0,0,47,0,47,0,11,48,0,59,44,0,44,103
08/14/2017,JVL,WI,AGL,CE,Federal Contract Tower,0,13,9,0,22,0,1,29,0,30,0,14,38,0,52,42,0,42,94
08/15/2017,JVL,WI,AGL,CE,Federal Contract Tower,0,13,7,0,20,0,1,33,0,34,0,14,40,0,54,4,0,4,58
08/16/2017,JVL,WI,AGL,CE,Federal Contract Tower,0,13,4,0,17,0,1,53,0,54,0,14,57,0,71,80,0,80,151
08/17/2017,JVL,WI,AGL,CE,Federal Contract Tower,0,10,10,0,20,0,0,33,0,33,0,10,43,0,53,28,0,28,81
08/18/2017,JVL,WI,AGL,CE,Federal Contract Tower,0,15,10,0,25,0,0,36,0,36,0,15,46,0,61,6,0,6,67
08/19/2017,JVL,WI,AGL,CE,Federal Contract Tower,0,7,1,0,8,0,0,89,0,89,0,7,90,0,97,104,0,104,201
08/20/2017,JVL,WI,AGL,CE,Federal Contract Tower,0,12,3,0,15,0,0,73,0,73,0,12,76,0,88,38,0,38,126
08/21/2017,JVL,WI,AGL,CE,Federal Contract Tower,0,15,6,3,24,0,0,24,1,25,0,15,30,4,49,18,0,18,67
08/22/2017,JVL,WI,AGL,CE,Federal Contract Tower,0,18,0,0,18,0,0,26,0,26,0,18,26,0,44,12,0,12,56
08/23/2017,JVL,WI,AGL,CE,Federal Contract Tower,0,15,11,0,26,0,1,69,0,70,0,16,80,0,96,114,0,114,210
08/24/2017,JVL,WI,AGL,CE,Federal Contract Tower,0,22,13,0,35,0,0,53,0,53,0,22,66,0,88,81,0,81,169
08/25/2017,JVL,WI,AGL,CE,Federal Contract Tower,0,11,5,0,16,0,0,44,0,44,0,11,49,0,60,54,0,54,114
08/26/2017,JVL,WI,AGL,CE,Federal Contract Tower,0,3,6,0,9,0,0,41,0,41,0,3,47,0,50,78,0,78,128
08/27/2017,JVL,WI,AGL,CE,Federal Contract Tower,0,7,7,0,14,0,0,8,0,8,0,7,15,0,22,14,0,14,36
08/28/2017,JVL,WI,AGL,CE,Federal Contract Tower,0,9,0,0,9,0,0,10,0,10,0,9,10,0,19,30,0,30,49
08/29/2017,JVL,WI,AGL,CE,Federal Contract Tower,0,11,8,0,19,0,0,29,0,29,0,11,37,0,48,52,0,52,100
08/30/2017,JVL,WI,AGL,CE,Federal Contract Tower,0,25,5,0,30,0,0,39,0,39,0,25,44,0,69,34,0,34,103
08/31/2017,JVL,WI,AGL,CE,Federal Contract Tower,0,18,16,0,34,0,0,21,0,21,0,18,37,0,55,24,0,24,79
09/01/2017,JVL,WI,AGL,CE,Federal Contract Tower,0,21,5,0,26,0,2,31,0,33,0,23,36,0,59,54,16,70,129
09/02/2017,JVL,WI,AGL,CE,Federal Contract Tower,0,5,7,0,12,0,0,25,0,25,0,5,32,0,37,48,0,48,85
09/03/2017,JVL,WI,AGL,CE,Federal Contract Tower,0,2,1,0,3,0,0,25,0,25,0,2,26,0,28,24,0,24,52
09/04/2017,JVL,WI,AGL,CE,Federal Contract Tower,0,24,1,0,25,0,1,19,0,20,0,25,20,0,45,10,0,10,55
09/05/2017,JVL,WI,AGL,CE,Federal Contract Tower,0,16,6,0,22,0,1,41,0,42,0,17,47,0,64,52,0,52,116
09/06/2017,JVL,WI,AGL,CE,Federal Contract Tower,0,23,4,0,27,0,0,40,0,40,0,23,44,0,67,94,4,98,165
09/07/2017,JVL,WI,AGL,CE,Federal Contract Tower,0,20,5,0,25,0,0,19,2,21,0,20,24,2,46,16,20,36,82
09/08/2017,JVL,WI,AGL,CE,Federal Contract Tower,0,32,12,0,44,0,1,54,0,55,0,33,66,0,99,78,0,78,177
09/09/2017,JVL,WI,AGL,CE,Federal Contract Tower,0,10,2,0,12,0,0,69,0,69,0,10,71,0,81,86,0,86,167
09/10/2017,JVL,WI,AGL,CE,Federal Contract Tower,0,15,4,0,19,0,4,50,0,54,0,19,54,0,73,48,0,48,121
09/11/2017,JVL,WI,AGL,CE,Federal Contract Tower,0,14,2,0,16,0,0,53,0,53,0,14,55,0,69,188,0,188,257
09/12/2017,JVL,WI,AGL,CE,Federal Contract Tower,0,21,2,1,24,0,1,38,0,39,0,22,40,1,63,60,2,62,125
09/13/2017,JVL,WI,AGL,CE,Federal Contract Tower,0,18,11,0,29,0,1,33,0,34,0,19,44,0,63,92,0,92,155
09/14/2017,JVL,WI,AGL,CE,Federal Contract Tower,0,19,8,0,27,0,0,31,0,31,0,19,39,0,58,60,0,60,118
09/15/2017,JVL,WI,AGL,CE,Federal Contract Tower,0,18,4,0,22,0,1,42,0,43,0,19,46,0,65,94,0,94,159
09/16/2017,JVL,WI,AGL,CE,Federal Contract Tower,0,1,5,0,6,0,0,25,0,25,0,1,30,0,31,40,0,40,71
09/17/2017,JVL,WI,AGL,CE,Federal Contract Tower,0,22,15,0,37,0,0,24,0,24,0,22,39,0,61,34,0,34,95
09/18/2017,JVL,WI,AGL,CE,Federal Contract Tower,0,16,2,0,18,0,0,39,0,39,0,16,41,0,57,78,0,78,135
09/19/2017,JVL,WI,AGL,CE,Federal Contract Tower,0,14,4,0,18,0,1,28,0,29,0,15,32,0,47,0,26,26,73
09/20/2017,JVL,WI,AGL,CE,Federal Contract Tower,0,19,4,0,23,0,0,29,0,29,0,19,33,0,52,46,0,46,98
09/21/2017,JVL,WI,AGL,CE,Federal Contract Tower,0,19,2,4,25,0,1,37,0,38,0,20,39,4,63,56,0,56,119
09/22/2017,JVL,WI,AGL,CE,Federal Contract Tower,0,12,4,0,16,0,1,43,0,44,0,13,47,0,60,84,0,84,144
09/23/2017,JVL,WI,AGL,CE,Federal Contract Tower,0,9,4,0,13,0,0,24,0,24,0,9,28,0,37,16,0,16,53
09/24/2017,JVL,WI,AGL,CE,Federal Contract Tower,0,14,3,0,17,0,1,23,0,24,0,15,26,0,41,26,0,26,67
09/25/2017,JVL,WI,AGL,CE,Federal Contract Tower,0,9,2,0,11,0,0,23,0,23,0,9,25,0,34,36,0,36,70
09/26/2017,JVL,WI,AGL,CE,Federal Contract Tower,0,14,0,0,14,0,0,7,0,7,0,14,7,0,21,2,0,2,23
09/27/2017,JVL,WI,AGL,CE,Federal Contract Tower,0,23,4,0,27,0,1,39,0,40,0,24,43,0,67,74,0,74,141
09/28/2017,JVL,WI,AGL,CE,Federal Contract Tower,0,21,5,0,26,0,0,44,0,44,0,21,49,0,70,82,0,82,152
09/29/2017,JVL,WI,AGL,CE,Federal Contract Tower,0,23,3,0,26,0,1,44,0,45,0,24,47,0,71,74,0,74,145
09/30/2017,JVL,WI,AGL,CE,Federal Contract Tower,0,13,4,0,17,0,0,47,0,47,0,13,51,0,64,30,0,30,94
10/01/2017,JVL,WI,AGL,CE,Federal Contract Tower,0,16,0,0,16,0,0,28,0,28,0,16,28,0,44,54,0,54,98
10/02/2017,JVL,WI,AGL,CE,Federal Contract Tower,0,17,0,0,17,0,0,23,0,23,0,17,23,0,40,14,0,14,54
10/03/2017,JVL,WI,AGL,CE,Federal Contract Tower,0,18,3,0,21,0,0,30,0,30,0,18,33,0,51,18,0,18,69
10/04/2017,JVL,WI,AGL,CE,Federal Contract Tower,0,19,3,0,22,0,0,21,0,21,0,19,24,0,43,26,0,26,69
10/05/2017,JVL,WI,AGL,CE,Federal Contract Tower,0,16,6,0,22,0,0,29,0,29,0,16,35,0,51,64,0,64,115
10/06/2017,JVL,WI,AGL,CE,Federal Contract Tower,0,18,0,0,18,0,0,0,0,0,0,18,0,0,18,0,0,0,18
10/07/2017,JVL,WI,AGL,CE,Federal Contract Tower,0,7,0,0,7,0,0,6,0,6,0,7,6,0,13,32,0,32,45
10/08/2017,JVL,WI,AGL,CE,Federal Contract Tower,0,10,10,0,20,0,3,39,0,42,0,13,49,0,62,70,0,70,132
10/09/2017,JVL,WI,AGL,CE,Federal Contract Tower,0,11,8,0,19,0,0,61,0,61,0,11,69,0,80,80,4,84,164
10/10/2017,JVL,WI,AGL,CE,Federal Contract Tower,0,16,10,0,26,0,0,17,0,17,0,16,27,0,43,14,0,14,57
10/11/2017,JVL,WI,AGL,CE,Federal Contract Tower,0,18,11,0,29,0,0,7,0,7,0,18,18,0,36,0,0,0,36
10/12/2017,JVL,WI,AGL,CE,Federal Contract Tower,0,14,14,0,28,0,0,0,0,0,0,14,14,0,28,0,0,0,28
10/13/2017,JVL,WI,AGL,CE,Federal Contract Tower,0,18,15,0,33,0,0,11,0,11,0,18,26,0,44,0,0,0,44
10/14/2017,JVL,WI,AGL,CE,Federal Contract Tower,0,8,3,0,11,0,0,0,0,0,0,8,3,0,11,0,0,0,11
10/15/2017,JVL,WI,AGL,CE,Federal Contract Tower,0,20,0,0,20,0,0,11,0,11,0,20,11,0,31,14,0,14,45
10/16/2017,JVL,WI,AGL,CE,Federal Contract Tower,2,15,14,0,31,0,0,57,0,57,2,15,71,0,88,74,0,74,162
10/17/2017,JVL,WI,AGL,CE,Federal Contract Tower,0,10,7,0,17,0,1,27,0,28,0,11,34,0,45,52,0,52,97
10/18/2017,JVL,WI,AGL,CE,Federal Contract Tower,0,10,3,0,13,0,0,27,0,27,0,10,30,0,40,32,0,32,72
10/19/2017,JVL,WI,AGL,CE,Federal Contract Tower,0,18,14,0,32,0,0,51,0,51,0,18,65,0,83,52,0,52,135
10/20/2017,JVL,WI,AGL,CE,Federal Contract Tower,0,23,4,0,27,0,0,34,0,34,0,23,38,0,61,40,0,40,101
10/21/2017,JVL,WI,AGL,CE,Federal Contract Tower,0,8,0,0,8,0,0,27,0,27,0,8,27,0,35,40,0,40,75
10/22/2017,JVL,WI,AGL,CE,Federal Contract Tower,0,25,0,0,25,0,1,1,0,2,0,26,1,0,27,0,0,0,27
10/23/2017,JVL,WI,AGL,CE,Federal Contract Tower,0,24,5,0,29,0,0,25,0,25,0,24,30,0,54,10,20,30,84
10/24/2017,JVL,WI,AGL,CE,Federal Contract Tower,0,20,1,0,21,0,0,0,0,0,0,20,1,0,21,0,0,0,21
10/25/2017,JVL,WI,AGL,CE,Federal Contract Tower,0,27,2,0,29,0,0,20,0,20,0,27,22,0,49,46,0,46,95
10/26/2017,JVL,WI,AGL,CE,Federal Contract Tower,0,21,11,0,32,0,0,44,0,44,0,21,55,0,76,72,0,72,148
10/27/2017,JVL,WI,AGL,CE,Federal Contract Tower,0,13,2,0,15,0,0,5,0,5,0,13,7,0,20,2,0,2,22
10/28/2017,JVL,WI,AGL,CE,Federal Contract Tower,0,10,4,0,14,0,0,10,0,10,0,10,14,0,24,12,0,12,36
10/29/2017,JVL,WI,AGL,CE,Federal Contract Tower,0,15,11,0,26,0,1,76,0,77,0,16,87,0,103,108,0,108,211
10/30/2017,JVL,WI,AGL,CE,Federal Contract Tower,0,11,6,0,17,0,1,23,0,24,0,12,29,0,41,38,0,38,79
10/31/2017,JVL,WI,AGL,CE,Federal Contract Tower,0,26,2,0,28,0,8,25,0,33,0,34,27,0,61,28,0,28,89
11/01/2017,JVL,WI,AGL,CE,Federal Contract Tower,0,15,0,0,15,0,0,16,0,16,0,15,16,0,31,4,0,4,35
11/02/2017,JVL,WI,AGL,CE,Federal Contract Tower,0,13,2,0,15,0,0,0,0,0,0,13,2,0,15,0,0,0,15
11/03/2017,JVL,WI,AGL,CE,Federal Contract Tower,0,24,4,0,28,0,0,38,0,38,0,24,42,0,66,40,0,40,106
11/04/2017,JVL,WI,AGL,CE,Federal Contract Tower,0,15,2,0,17,0,0,0,0,0,0,15,2,0,17,0,0,0,17
11/05/2017,JVL,WI,AGL,CE,Federal Contract Tower,0,18,5,0,23,0,0,6,0,6,0,18,11,0,29,0,0,0,29
11/06/2017,JVL,WI,AGL,CE,Federal Contract Tower,0,21,7,0,28,0,0,47,4,51,0,21,54,4,79,62,2,64,143
11/07/2017,JVL,WI,AGL,CE,Federal Contract Tower,0,25,6,2,33,0,4,28,2,34,0,29,34,4,67,54,22,76,143
11/08/2017,JVL,WI,AGL,CE,Federal Contract Tower,0,17,7,0,24,0,0,28,0,28,0,17,35,0,52,36,0,36,88
11/09/2017,JVL,WI,AGL,CE,Federal Contract Tower,0,33,3,3,39,0,5,33,2,40,0,38,36,5,79,58,4,62,141
11/10/2017,JVL,WI,AGL,CE,Federal Contract Tower,0,16,7,0,23,0,0,21,0,21,0,16,28,0,44,40,0,40,84
11/11/2017,JVL,WI,AGL,CE,Federal Contract Tower,0,1,3,0,4,0,0,29,0,29,0,1,32,0,33,52,0,52,85
11/12/2017,JVL,WI,AGL,CE,Federal Contract Tower,0,18,0,0,18,0,0,0,0,0,0,18,0,0,18,0,0,0,18
11/13/2017,JVL,WI,AGL,CE,Federal Contract Tower,0,14,2,0,16,0,0,0,0,0,0,14,2,0,16,0,0,0,16
11/14/2017,JVL,WI,AGL,CE,Federal Contract Tower,0,14,1,0,15,0,1,13,0,14,0,15,14,0,29,8,0,8,37
11/15/2017,JVL,WI,AGL,CE,Federal Contract Tower,0,15,1,0,16,0,0,0,0,0,0,15,1,0,16,0,0,0,16
11/16/2017,JVL,WI,AGL,CE,Federal Contract Tower,0,17,7,0,24,0,0,30,0,30,0,17,37,0,54,50,0,50,104
11/17/2017,JVL,WI,AGL,CE,Federal Contract Tower,0,21,0,0,21,0,1,9,2,12,0,22,9,2,33,22,4,26,59
11/18/2017,JVL,WI,AGL,CE,Federal Contract Tower,0,6,0,0,6,0,0,1,0,1,0,6,1,0,7,0,0,0,7
11/19/2017,JVL,WI,AGL,CE,Federal Contract Tower,0,15,6,0,21,0,0,37,0,37,0,15,43,0,58,5,0,5,63
11/20/2017,JVL,WI,AGL,CE,Federal Contract Tower,0,13,0,0,13,0,0,41,0,41,0,13,41,0,54,60,0,60,114
11/21/2017,JVL,WI,AGL,CE,Federal Contract Tower,0,12,6,0,18,0,0,35,0,35,0,12,41,0,53,26,0,26,79
11/22/2017,JVL,WI,AGL,CE,Federal Contract Tower,0,13,7,1,21,0,4,64,0,68,0,17,71,1,89,94,0,94,183
11/23/2017,JVL,WI,AGL,CE,Federal Contract Tower,0,0,0,0,0,0,0,5,0,5,0,0,5,0,5,2,0,2,7
11/24/2017,JVL,WI,AGL,CE,Federal Contract Tower,0,5,4,0,9,0,0,4,0,4,0,5,8,0,13,2,0,2,15
11/25/2017,JVL,WI,AGL,CE,Federal Contract Tower,0,2,6,0,8,0,0,28,0,28,0,2,34,0,36,82,0,82,118
11/26/2017,JVL,WI,AGL,CE,Federal Contract Tower,0,13,13,0,26,0,0,72,0,72,0,13,85,0,98,102,0,102,200
11/27/2017,JVL,WI,AGL,CE,Federal Contract Tower,0,19,3,0,22,0,2,35,0,37,0,21,38,0,59,48,0,48,107
11/28/2017,JVL,WI,AGL,CE,Federal Contract Tower,0,13,2,0,15,0,1,4,0,5,0,14,6,0,20,10,0,10,30
11/29/2017,JVL,WI,AGL,CE,Federal Contract Tower,0,17,7,0,24,0,0,43,2,45,0,17,50,2,69,52,6,58,127
11/30/2017,JVL,WI,AGL,CE,Federal Contract Tower,0,17,2,0,19,0,0,32,0,32,0,17,34,0,51,32,0,32,83
12/01/2017,JVL,WI,AGL,CE,Federal Contract Tower,0,20,3,0,23,0,2,51,0,53,0,22,54,0,76,78,0,78,154
12/02/2017,JVL,WI,AGL,CE,Federal Contract Tower,0,6,7,1,14,0,0,65,0,65,0,6,72,1,79,98,0,98,177
12/03/2017,JVL,WI,AGL,CE,Federal Contract Tower,0,16,3,0,19,0,0,52,0,52,0,16,55,0,71,82,0,82,153
12/04/2017,JVL,WI,AGL,CE,Federal Contract Tower,0,11,0,0,11,0,2,0,0,2,0,13,0,0,13,2,0,2,15
12/05/2017,JVL,WI,AGL,CE,Federal Contract Tower,0,16,0,0,16,0,0,0,0,0,0,16,0,0,16,0,0,0,16
12/06/2017,JVL,WI,AGL,CE,Federal Contract Tower,0,15,8,0,23,0,1,8,0,9,0,16,16,0,32,30,0,30,62
12/07/2017,JVL,WI,AGL,CE,Federal Contract Tower,0,18,4,0,22,0,0,33,0,33,0,18,37,0,55,22,0,22,77
12/08/2017,JVL,WI,AGL,CE,Federal Contract Tower,0,12,3,0,15,0,2,34,0,36,0,14,37,0,51,48,0,48,99
12/09/2017,JVL,WI,AGL,CE,Federal Contract Tower,0,3,1,0,4,0,0,0,0,0,0,3,1,0,4,0,0,0,4
12/10/2017,JVL,WI,AGL,CE,Federal Contract Tower,0,13,8,0,21,0,1,23,0,24,0,14,31,0,45,36,0,36,81
12/11/2017,JVL,WI,AGL,CE,Federal Contract Tower,0,19,2,0,21,0,0,0,0,0,0,19,2,0,21,0,0,0,21
12/12/2017,JVL,WI,AGL,CE,Federal Contract Tower,0,19,2,0,21,0,0,26,0,26,0,19,28,0,47,52,0,52,99
12/13/2017,JVL,WI,AGL,CE,Federal Contract Tower,0,17,2,0,19,0,0,20,0,20,0,17,22,0,39,52,0,52,91
12/14/2017,JVL,WI,AGL,CE,Federal Contract Tower,0,23,0,0,23,0,0,35,0,35,0,23,35,0,58,68,0,68,126
12/15/2017,JVL,WI,AGL,CE,Federal Contract Tower,0,18,3,0,21,0,1,33,0,34,0,19,36,0,55,36,0,36,91
12/16/2017,JVL,WI,AGL,CE,Federal Contract Tower,0,4,1,0,5,0,1,55,0,56,0,5,56,0,61,56,0,56,117
12/17/2017,JVL,WI,AGL,CE,Federal Contract Tower,0,3,2,0,5,0,0,0,0,0,0,3,2,0,5,0,0,0,5
12/18/2017,JVL,WI,AGL,CE,Federal Contract Tower,0,10,4,0,14,0,0,8,0,8,0,10,12,0,22,6,0,6,28
12/19/2017,JVL,WI,AGL,CE,Federal Contract Tower,0,11,14,0,25,0,0,45,0,45,0,11,59,0,70,48,0,48,118
12/20/2017,JVL,WI,AGL,CE,Federal Contract Tower,0,17,2,0,19,0,3,50,0,53,0,20,52,0,72,52,0,52,124
12/21/2017,JVL,WI,AGL,CE,Federal Contract Tower,0,13,0,0,13,0,0,25,0,25,0,13,25,0,38,40,0,40,78
12/22/2017,JVL,WI,AGL,CE,Federal Contract Tower,0,18,7,0,25,0,0,1,0,1,0,18,8,0,26,0,0,0,26
12/23/2017,JVL,WI,AGL,CE,Federal Contract Tower,0,13,6,0,19,0,0,30,0,30,0,13,36,0,49,50,0,50,99
12/24/2017,JVL,WI,AGL,CE,Federal Contract Tower,0,2,0,0,2,0,0,0,0,0,0,2,0,0,2,0,0,0,2
12/25/2017,JVL,WI,AGL,CE,Federal Contract Tower,0,2,0,0,2,0,0,0,0,0,0,2,0,0,2,0,0,0,2
12/26/2017,JVL,WI,AGL,CE,Federal Contract Tower,0,24,4,0,28,0,1,5,0,6,0,25,9,0,34,2,0,2,36
12/27/2017,JVL,WI,AGL,CE,Federal Contract Tower,0,14,4,0,18,0,1,28,0,29,0,15,32,0,47,50,0,50,97
12/28/2017,JVL,WI,AGL,CE,Federal Contract Tower,0,17,0,0,17,0,0,0,0,0,0,17,0,0,17,0,0,0,17
12/29/2017,JVL,WI,AGL,CE,Federal Contract Tower,0,15,0,0,15,0,2,3,0,5,0,17,3,0,20,6,0,6,26
12/30/2017,JVL,WI,AGL,CE,Federal Contract Tower,0,7,4,0,11,0,0,14,0,14,0,7,18,0,25,0,0,0,25
12/31/2017,JVL,WI,AGL,CE,Federal Contract Tower,0,4,0,0,4,0,0,2,0,2,0,4,2,0,6,24,0,24,30
01/01/2018,JVL,WI,AGL,CE,Federal Contract Tower,0,13,0,0,13,0,0,2,0,2,0,13,2,0,15,0,0,0,15
01/02/2018,JVL,WI,AGL,CE,Federal Contract Tower,0,17,4,0,21,0,4,9,0,13,0,21,13,0,34,6,0,6,40
01/03/2018,JVL,WI,AGL,CE,Federal Contract Tower,0,10,3,0,13,0,3,13,0,16,0,13,16,0,29,10,0,10,39
01/04/2018,JVL,WI,AGL,CE,Federal Contract Tower,0,13,3,0,16,0,0,10,0,10,0,13,13,0,26,4,0,4,30
01/05/2018,JVL,WI,AGL,CE,Federal Contract Tower,0,22,1,0,23,0,0,13,0,13,0,22,14,0,36,26,0,26,62
01/06/2018,JVL,WI,AGL,CE,Federal Contract Tower,0,5,3,0,8,0,0,23,0,23,0,5,26,0,31,34,0,34,65
01/07/2018,JVL,WI,AGL,CE,Federal Contract Tower,0,14,1,0,15,0,0,11,0,11,0,14,12,0,26,0,0,0,26
01/08/2018,JVL,WI,AGL,CE,Federal Contract Tower,0,11,6,0,17,0,2,26,0,28,0,13,32,0,45,36,0,36,81
01/09/2018,JVL,WI,AGL,CE,Federal Contract Tower,0,9,7,0,16,0,1,24,0,25,0,10,31,0,41,28,0,28,69
01/10/2018,JVL,WI,AGL,CE,Federal Contract Tower,0,6,0,0,6,0,0,0,0,0,0,6,0,0,6,0,0,0,6
01/11/2018,JVL,WI,AGL,CE,Federal Contract Tower,0,9,1,0,10,0,0,0,0,0,0,9,1,0,10,0,0,0,10
01/12/2018,JVL,WI,AGL,CE,Federal Contract Tower,0,15,1,0,16,0,0,33,0,33,0,15,34,0,49,42,0,42,91
01/13/2018,JVL,WI,AGL,CE,Federal Contract Tower,0,7,0,0,7,0,0,36,0,36,0,7,36,0,43,94,0,94,137
01/14/2018,JVL,WI,AGL,CE,Federal Contract Tower,0,13,4,0,17,0,0,39,0,39,0,13,43,0,56,60,0,60,116
01/15/2018,JVL,WI,AGL,CE,Federal Contract Tower,0,20,0,0,20,0,0,0,0,0,0,20,0,0,20,0,0,0,20
01/16/2018,JVL,WI,AGL,CE,Federal Contract Tower,0,9,0,0,9,0,0,13,0,13,0,9,13,0,22,38,0,38,60
01/17/2018,JVL,WI,AGL,CE,Federal Contract Tower,0,19,5,0,24,0,12,27,0,39,0,31,32,0,63,42,0,42,105
01/18/2018,JVL,WI,AGL,CE,Federal Contract Tower,0,15,3,1,19,0,0,29,0,29,0,15,32,1,48,44,2,46,94
01/19/2018,JVL,WI,AGL,CE,Federal Contract Tower,0,14,3,0,17,0,3,42,0,45,0,17,45,0,62,84,0,84,146
01/20/2018,JVL,WI,AGL,CE,Federal Contract Tower,0,6,6,0,12,0,0,91,0,91,0,6,97,0,103,138,0,138,241
01/21/2018,JVL,WI,AGL,CE,Federal Contract Tower,0,15,0,0,15,0,0,0,0,0,0,15,0,0,15,0,0,0,15
01/22/2018,JVL,WI,AGL,CE,Federal Contract Tower,0,12,2,0,14,0,0,0,0,0,0,12,2,0,14,0,0,0,14
01/23/2018,JVL,WI,AGL,CE,Federal Contract Tower,0,15,2,0,17,0,0,3,0,3,0,15,5,0,20,12,0,12,32
01/24/2018,JVL,WI,AGL,CE,Federal Contract Tower,0,13,0,0,13,0,0,14,0,14,0,13,14,0,27,18,0,18,45
01/25/2018,JVL,WI,AGL,CE,Federal Contract Tower,0,18,3,0,21,0,1,31,0,32,0,19,34,0,53,48,0,48,101
01/26/2018,JVL,WI,AGL,CE,Federal Contract Tower,0,24,1,0,25,0,1,30,0,31,0,25,31,0,56,34,0,34,90
01/27/2018,JVL,WI,AGL,CE,Federal Contract Tower,0,6,4,0,10,0,0,32,0,32,0,6,36,0,42,44,0,44,86
01/28/2018,JVL,WI,AGL,CE,Federal Contract Tower,0,11,3,0,14,0,0,12,0,12,0,11,15,0,26,0,0,0,26
01/29/2018,JVL,WI,AGL,CE,Federal Contract Tower,0,10,3,0,13,0,0,21,2,23,0,10,24,2,36,28,16,44,80
01/30/2018,JVL,WI,AGL,CE,Federal Contract Tower,0,16,1,0,17,0,0,27,1,28,0,16,28,1,45,50,30,80,125
01/31/2018,JVL,WI,AGL,CE,Federal Contract Tower,0,12,0,0,12,0,1,8,0,9,0,13,8,0,21,8,0,8,29
02/01/2018,JVL,WI,AGL,CE,Federal Contract Tower,0,14,7,0,21,0,2,32,0,34,0,16,39,0,55,14,0,14,69
02/02/2018,JVL,WI,AGL,CE,Federal Contract Tower,0,18,5,0,23,0,7,54,0,61,0,25,59,0,84,78,0,78,162
02/03/2018,JVL,WI,AGL,CE,Federal Contract Tower,0,4,7,0,11,0,0,4,0,4,0,4,11,0,15,12,0,12,27
02/04/2018,JVL,WI,AGL,CE,Federal Contract Tower,0,16,1,0,17,0,0,1,0,1,0,16,2,0,18,0,0,0,18
02/05/2018,JVL,WI,AGL,CE,Federal Contract Tower,0,18,0,0,18,0,0,3,0,3,0,18,3,0,21,0,0,0,21
02/06/2018,JVL,WI,AGL,CE,Federal Contract Tower,0,14,0,0,14,0,0,14,0,14,0,14,14,0,28,18,0,18,46
02/07/2018,JVL,WI,AGL,CE,Federal Contract Tower,0,21,1,2,24,0,1,0,1,2,0,22,1,3,26,0,16,16,42
02/08/2018,JVL,WI,AGL,CE,Federal Contract Tower,0,18,0,0,18,0,0,11,0,11,0,18,11,0,29,16,0,16,45
02/09/2018,JVL,WI,AGL,CE,Federal Contract Tower,0,7,1,0,8,0,0,3,0,3,0,7,4,0,11,0,0,0,11
02/10/2018,JVL,WI,AGL,CE,Federal Contract Tower,0,9,4,0,13,0,0,12,0,12,0,9,16,0,25,2,0,2,27
02/11/2018,JVL,WI,AGL,CE,Federal Contract Tower,0,14,1,0,15,0,2,3,0,5,0,16,4,0,20,0,0,0,20
02/12/2018,JVL,WI,AGL,CE,Federal Contract Tower,0,13,4,0,17,0,1,20,0,21,0,14,24,0,38,32,0,32,70
02/13/2018,JVL,WI,AGL,CE,Federal Contract Tower,0,16,8,0,24,0,3,41,0,44,0,19,49,0,68,60,0,60,128
02/14/2018,JVL,WI,AGL,CE,Federal Contract Tower,0,13,5,0,18,0,0,24,0,24,0,13,29,0,42,34,0,34,76
02/15/2018,JVL,WI,AGL,CE,Federal Contract Tower,0,18,0,0,18,0,0,4,0,4,0,18,4,0,22,10,0,10,32
02/16/2018,JVL,WI,AGL,CE,Federal Contract Tower,0,22,1,0,23,0,1,55,0,56,0,23,56,0,79,102,0,102,181
02/17/2018,JVL,WI,AGL,CE,Federal Contract Tower,0,4,5,0,9,0,0,19,0,19,0,4,24,0,28,16,0,16,44
02/18/2018,JVL,WI,AGL,CE,Federal Contract Tower,0,11,0,0,11,0,1,17,0,18,0,12,17,0,29,14,0,14,43
02/19/2018,JVL,WI,AGL,CE,Federal Contract Tower,0,11,0,0,11,0,0,0,0,0,0,11,0,0,11,0,0,0,11
02/20/2018,JVL,WI,AGL,CE,Federal Contract Tower,0,15,0,0,15,0,0,0,0,0,0,15,0,0,15,0,0,0,15
02/21/2018,JVL,WI,AGL,CE,Federal Contract Tower,0,18,4,0,22,0,0,35,2,37,0,18,39,2,59,76,14,90,149
02/22/2018,JVL,WI,AGL,CE,Federal Contract Tower,0,23,4,0,27,0,0,26,2,28,0,23,30,2,55,64,20,84,139
02/23/2018,JVL,WI,AGL,CE,Federal Contract Tower,0,25,1,0,26,0,0,2,0,2,0,25,3,0,28,0,0,0,28
02/24/2018,JVL,WI,AGL,CE,Federal Contract Tower,0,11,3,0,14,0,0,4,0,4,0,11,7,0,18,2,0,2,20
02/25/2018,JVL,WI,AGL,CE,Federal Contract Tower,0,15,2,0,17,0,1,3,0,4,0,16,5,0,21,0,0,0,21
02/26/2018,JVL,WI,AGL,CE,Federal Contract Tower,0,30,5,0,35,0,1,75,0,76,0,31,80,0,111,114,0,114,225
02/27/2018,JVL,WI,AGL,CE,Federal Contract Tower,0,19,3,0,22,0,0,37,4,41,0,19,40,4,63,24,22,46,109
02/28/2018,JVL,WI,AGL,CE,Federal Contract Tower,0,6,8,0,14,0,0,17,2,19,0,6,25,2,33,36,4,40,73
03/01/2018,JVL,WI,AGL,CE,Federal Contract Tower,0,17,3,0,20,0,0,11,0,11,0,17,14,0,31,16,0,16,47
03/02/2018,JVL,WI,AGL,CE,Federal Contract Tower,0,22,9,0,31,0,4,48,0,52,0,26,57,0,83,90,0,90,173
03/03/2018,JVL,WI,AGL,CE,Federal Contract Tower,0,6,10,0,16,0,0,66,0,66,0,6,76,0,82,92,0,92,174
03/04/2018,JVL,WI,AGL,CE,Federal Contract Tower,0,10,4,0,14,0,1,32,0,33,0,11,36,0,47,34,0,34,81
03/05/2018,JVL,WI,AGL,CE,Federal Contract Tower,0,11,1,0,12,0,0,7,0,7,0,11,8,0,19,0,0,0,19
03/06/2018,JVL,WI,AGL,CE,Federal Contract Tower,0,17,0,0,17,0,0,0,0,0,0,17,0,0,17,0,0,0,17
03/07/2018,JVL,WI,AGL,CE,Federal Contract Tower,0,12,14,1,27,0,0,35,0,35,0,12,49,1,62,46,0,46,108
03/08/2018,JVL,WI,AGL,CE,Federal Contract Tower,0,20,14,4,38,0,0,26,1,27,0,20,40,5,65,38,0,38,103
03/09/2018,JVL,WI,AGL,CE,Federal Contract Tower,0,20,4,0,24,0,2,51,0,53,0,22,55,0,77,72,0,72,149
03/10/2018,JVL,WI,AGL,CE,Federal Contract Tower,0,4,4,0,8,0,0,52,0,52,0,4,56,0,60,32,0,32,92
03/11/2018,JVL,WI,AGL,CE,Federal Contract Tower,0,18,2,0,20,0,0,28,0,28,0,18,30,0,48,26,0,26,74
03/12/2018,JVL,WI,AGL,CE,Federal Contract Tower,0,12,3,0,15,0,0,16,0,16,0,12,19,0,31,4,0,4,35
03/13/2018,JVL,WI,AGL,CE,Federal Contract Tower,0,16,2,0,18,0,0,15,0,15,0,16,17,0,33,28,0,28,61
03/14/2018,JVL,WI,AGL,CE,Federal Contract Tower,0,13,3,0,16,0,0,15,0,15,0,13,18,0,31,14,0,14,45
03/15/2018,JVL,WI,AGL,CE,Federal Contract Tower,0,14,7,0,21,0,2,37,0,39,0,16,44,0,60,54,0,54,114
03/16/2018,JVL,WI,AGL,CE,Federal Contract Tower,0,20,6,1,27,0,2,32,1,35,0,22,38,2,62,40,2,42,104
03/17/2018,JVL,WI,AGL,CE,Federal Contract Tower,0,7,7,0,14,0,35,0,0,35,0,42,7,0,49,42,0,42,91
03/18/2018,JVL,WI,AGL,CE,Federal Contract Tower,0,11,3,0,14,0,1,67,0,68,0,12,70,0,82,90,0,90,172
03/19/2018,JVL,WI,AGL,CE,Federal Contract Tower,0,15,1,0,16,0,1,36,0,37,0,16,37,0,53,38,0,38,91
03/20/2018,JVL,WI,AGL,CE,Federal Contract Tower,0,14,7,2,23,0,0,27,0,27,0,14,34,2,50,18,0,18,68
03/21/2018,JVL,WI,AGL,CE,Federal Contract Tower,0,15,5,0,20,0,0,48,2,50,0,15,53,2,70,64,10,74,144
03/22/2018,JVL,WI,AGL,CE,Federal Contract Tower,2,14,2,0,18,0,2,56,0,58,2,16,58,0,76,76,0,76,152
03/23/2018,JVL,WI,AGL,CE,Federal Contract Tower,0,23,5,0,28,0,4,70,0,74,0,27,75,0,102,98,0,98,200
03/24/2018,JVL,WI,AGL,CE,Federal Contract Tower,0,9,0,0,9,0,0,0,0,0,0,9,0,0,9,0,0,0,9
03/25/2018,JVL,WI,AGL,CE,Federal Contract Tower,0,11,2,0,13,0,0,27,0,27,0,11,29,0,40,76,0,76,116
03/26/2018,JVL,WI,AGL,CE,Federal Contract Tower,0,12,0,0,12,0,0,36,0,36,0,12,36,0,48,74,0,74,122
03/27/2018,JVL,WI,AGL,CE,Federal Contract Tower,0,12,7,0,19,0,0,16,0,16,0,12,23,0,35,36,0,36,71
03/28/2018,JVL,WI,AGL,CE,Federal Contract Tower,0,20,5,0,25,0,0,34,2,36,0,20,39,2,61,46,8,54,115
03/29/2018,JVL,WI,AGL,CE,Federal Contract Tower,0,18,0,0,18,0,1,14,0,15,0,19,14,0,33,18,0,18,51
03/30/2018,JVL,WI,AGL,CE,Federal Contract Tower,0,18,10,0,28,0,0,45,0,45,0,18,55,0,73,68,0,68,141
03/31/2018,JVL,WI,AGL,CE,Federal Contract Tower,0,4,0,0,4,0,0,1,0,1,0,4,1,0,5,0,0,0,5
04/01/2018,JVL,WI,AGL,CE,Federal Contract Tower,0,7,8,0,15,0,0,20,0,20,0,7,28,0,35,68,0,68,103
04/02/2018,JVL,WI,AGL,CE,Federal Contract Tower,0,23,0,0,23,0,1,35,0,36,0,24,35,0,59,58,0,58,117
04/03/2018,JVL,WI,AGL,CE,Federal Contract Tower,0,7,0,0,7,0,0,0,0,0,0,7,0,0,7,0,0,0,7
04/04/2018,JVL,WI,AGL,CE,Federal Contract Tower,0,19,2,0,21,0,1,4,0,5,0,20,6,0,26,6,0,6,32
04/05/2018,JVL,WI,AGL,CE,Federal Contract Tower,0,24,3,0,27,0,0,19,1,20,0,24,22,1,47,44,20,64,111
04/06/2018,JVL,WI,AGL,CE,Federal Contract Tower,0,18,4,0,22,0,2,7,0,9,0,20,11,0,31,10,0,10,41
04/07/2018,JVL,WI,AGL,CE,Federal Contract Tower,0,6,3,0,9,0,0,52,0,52,0,6,55,0,61,134,0,134,195
04/08/2018,JVL,WI,AGL,CE,Federal Contract Tower,0,18,3,0,21,0,0,58,0,58,0,18,61,0,79,84,0,84,163
04/09/2018,JVL,WI,AGL,CE,Federal Contract Tower,0,7,0,0,7,0,1,3,0,4,0,8,3,0,11,0,0,0,11
04/10/2018,JVL,WI,AGL,CE,Federal Contract Tower,0,14,3,0,17,0,5,16,0,21,0,19,19,0,38,22,0,22,60
04/11/2018,JVL,WI,AGL,CE,Federal Contract Tower,0,24,4,0,28,0,1,50,0,51,0,25,54,0,79,46,0,46,125
04/12/2018,JVL,WI,AGL,CE,Federal Contract Tower,0,16,8,0,24,0,0,64,0,64,0,16,72,0,88,150,8,158,246
04/13/2018,JVL,WI,AGL,CE,Federal Contract Tower,0,20,8,0,28,0,0,0,0,0,0,20,8,0,28,0,0,0,28
04/14/2018,JVL,WI,AGL,CE,Federal Contract Tower,0,2,0,0,2,0,0,0,0,0,0,2,0,0,2,0,0,0,2
04/15/2018,JVL,WI,AGL,CE,Federal Contract Tower,0,15,0,0,15,0,0,0,0,0,0,15,0,0,15,0,0,0,15
04/16/2018,JVL,WI,AGL,CE,Federal Contract Tower,0,20,1,0,21,0,0,1,0,1,0,20,2,0,22,0,0,0,22
04/17/2018,JVL,WI,AGL,CE,Federal Contract Tower,0,20,10,0,30,0,2,32,2,36,0,22,42,2,66,46,2,48,114
04/18/2018,JVL,WI,AGL,CE,Federal Contract Tower,0,12,0,0,12,0,0,0,0,0,0,12,0,0,12,0,0,0,12
04/19/2018,JVL,WI,AGL,CE,Federal Contract Tower,0,7,4,0,11,0,0,26,0,26,0,7,30,0,37,90,0,90,127
04/20/2018,JVL,WI,AGL,CE,Federal Contract Tower,0,17,10,0,27,0,3,47,0,50,0,20,57,0,77,74,0,74,151
04/21/2018,JVL,WI,AGL,CE,Federal Contract Tower,0,5,6,0,11,0,0,71,0,71,0,5,77,0,82,128,0,128,210
04/22/2018,JVL,WI,AGL,CE,Federal Contract Tower,0,17,1,0,18,0,0,73,0,73,0,17,74,0,91,112,0,112,203
04/23/2018,JVL,WI,AGL,CE,Federal Contract Tower,0,15,6,1,22,0,1,38,0,39,0,16,44,1,61,82,0,82,143
04/24/2018,JVL,WI,AGL,CE,Federal Contract Tower,0,19,0,0,19,0,7,57,0,64,0,26,57,0,83,64,0,64,147
04/25/2018,JVL,WI,AGL,CE,Federal Contract Tower,0,22,4,0,26,0,0,47,0,47,0,22,51,0,73,62,0,62,135
04/26/2018,JVL,WI,AGL,CE,Federal Contract Tower,0,16,3,0,19,0,0,74,0,74,0,16,77,0,93,108,0,108,201
04/27/2018,JVL,WI,AGL,CE,Federal Contract Tower,0,22,6,0,28,0,0,19,0,19,0,22,25,0,47,46,0,46,93
04/28/2018,JVL,WI,AGL,CE,Federal Contract Tower,0,11,1,0,12,0,0,15,0,15,0,11,16,0,27,12,0,12,39
04/29/2018,JVL,WI,AGL,CE,Federal Contract Tower,0,15,4,0,19,0,0,54,0,54,0,15,58,0,73,76,0,76,149
04/30/2018,JVL,WI,AGL,CE,Federal Contract Tower,0,22,2,0,24,0,2,12,0,14,0,24,14,0,38,16,0,16,54
05/01/2018,JVL,WI,AGL,CE,Federal Contract Tower,0,16,3,0,19,0,0,5,3,8,0,16,8,3,27,4,12,16,43
05/02/2018,JVL,WI,AGL,CE,Federal Contract Tower,0,11,0,0,11,0,2,18,0,20,0,13,18,0,31,10,0,10,41
05/03/2018,JVL,WI,AGL,CE,Federal Contract Tower,0,20,3,0,23,0,0,7,0,7,0,20,10,0,30,4,0,4,34
05/04/2018,JVL,WI,AGL,CE,Federal Contract Tower,0,22,5,0,27,0,0,37,0,37,0,22,42,0,64,24,0,24,88
05/05/2018,JVL,WI,AGL,CE,Federal Contract Tower,0,7,10,0,17,0,0,72,0,72,0,7,82,0,89,78,0,78,167
05/06/2018,JVL,WI,AGL,CE,Federal Contract Tower,0,14,1,0,15,0,2,48,0,50,0,16,49,0,65,72,0,72,137
05/07/2018,JVL,WI,AGL,CE,Federal Contract Tower,0,13,7,0,20,0,0,56,0,56,0,13,63,0,76,74,0,74,150
05/08/2018,JVL,WI,AGL,CE,Federal Contract Tower,0,18,4,0,22,0,0,65,0,65,0,18,69,0,87,74,0,74,161
05/09/2018,JVL,WI,AGL,CE,Federal Contract Tower,0,3,5,0,8,0,5,0,0,5,0,8,5,0,13,0,0,0,13
05/10/2018,JVL,WI,AGL,CE,Federal Contract Tower,0,20,9,0,29,0,1,44,0,45,0,21,53,0,74,84,0,84,158
05/11/2018,JVL,WI,AGL,CE,Federal Contract Tower,0,23,0,0,23,0,0,4,0,4,0,23,4,0,27,0,0,0,27
05/12/2018,JVL,WI,AGL,CE,Federal Contract Tower,0,3,2,0,5,0,0,1,0,1,0,3,3,0,6,0,0,0,6
05/13/2018,JVL,WI,AGL,CE,Federal Contract Tower,0,10,7,0,17,0,0,0,0,0,0,10,7,0,17,0,0,0,17
05/14/2018,JVL,WI,AGL,CE,Federal Contract Tower,0,18,1,0,19,0,0,3,0,3,0,18,4,0,22,10,0,10,32
05/15/2018,JVL,WI,AGL,CE,Federal Contract Tower,1,13,8,2,24,0,2,48,0,50,1,15,56,2,74,96,10,106,180
05/16/2018,JVL,WI,AGL,CE,Federal Contract Tower,0,17,7,0,24,0,28,6,0,34,0,45,13,0,58,102,0,102,160
05/17/2018,JVL,WI,AGL,CE,Federal Contract Tower,0,13,4,0,17,0,4,72,0,76,0,17,76,0,93,140,0,140,233
05/18/2018,JVL,WI,AGL,CE,Federal Contract Tower,0,16,4,1,21,0,3,68,0,71,0,19,72,1,92,108,0,108,200
05/19/2018,JVL,WI,AGL,CE,Federal Contract Tower,0,10,5,0,15,0,0,13,0,13,0,10,18,0,28,30,0,30,58
05/20/2018,JVL,WI,AGL,CE,Federal Contract Tower,0,13,5,0,18,0,0,2,0,2,0,13,7,0,20,12,0,12,32
05/21/2018,JVL,WI,AGL,CE,Federal Contract Tower,0,14,5,0,19,0,0,0,0,0,0,14,5,0,19,0,0,0,19
05/22/2018,JVL,WI,AGL,CE,Federal Contract Tower,0,27,19,1,47,0,2,22,1,25,0,29,41,2,72,66,2,68,140
05/23/2018,JVL,WI,AGL,CE,Federal Contract Tower,0,14,8,0,22,0,2,51,0,53,0,16,59,0,75,126,0,126,201
05/24/2018,JVL,WI,AGL,CE,Federal Contract Tower,0,18,4,0,22,0,0,60,0,60,0,18,64,0,82,76,0,76,158
05/25/2018,JVL,WI,AGL,CE,Federal Contract Tower,0,32,7,0,39,0,2,46,0,48,0,34,53,0,87,58,0,58,145
05/26/2018,JVL,WI,AGL,CE,Federal Contract Tower,0,6,4,0,10,0,0,37,0,37,0,6,41,0,47,46,0,46,93
05/27/2018,JVL,WI,AGL,CE,Federal Contract Tower,0,14,1,0,15,0,0,34,0,34,0,14,35,0,49,58,0,58,107
05/28/2018,JVL,WI,AGL,CE,Federal Contract Tower,0,15,3,0,18,0,0,16,0,16,0,15,19,0,34,26,0,26,60
05/29/2018,JVL,WI,AGL,CE,Federal Contract Tower,0,21,4,1,26,0,0,53,5,58,0,21,57,6,84,60,0,60,144
05/30/2018,JVL,WI,AGL,CE,Federal Contract Tower,0,9,5,0,14,0,0,10,2,12,0,9,15,2,26,8,4,12,38
05/31/2018,JVL,WI,AGL,CE,Federal Contract Tower,0,20,0,0,20,0,0,32,0,32,0,20,32,0,52,68,0,68,120
06/01/2018,JVL,WI,AGL,CE,Federal Contract Tower,0,21,7,0,28,0,0,42,0,42,0,21,49,0,70,46,0,46,116
06/02/2018,JVL,WI,AGL,CE,Federal Contract Tower,0,7,17,0,24,0,0,10,0,10,0,7,27,0,34,4,0,4,38
06/03/2018,JVL,WI,AGL,CE,Federal Contract Tower,0,25,1,0,26,0,2,21,0,23,0,27,22,0,49,8,0,8,57
06/04/2018,JVL,WI,AGL,CE,Federal Contract Tower,0,20,10,0,30,0,0,58,0,58,0,20,68,0,88,78,0,78,166
06/05/2018,JVL,WI,AGL,CE,Federal Contract Tower,0,21,6,0,27,0,2,56,0,58,0,23,62,0,85,84,0,84,169
06/06/2018,JVL,WI,AGL,CE,Federal Contract Tower,0,13,0,0,13,0,0,15,0,15,0,13,15,0,28,6,0,6,34
06/07/2018,JVL,WI,AGL,CE,Federal Contract Tower,0,19,1,0,20,0,0,43,0,43,0,19,44,0,63,74,0,74,137
06/08/2018,JVL,WI,AGL,CE,Federal Contract Tower,0,29,2,0,31,0,0,19,0,19,0,29,21,0,50,26,0,26,76
06/09/2018,JVL,WI,AGL,CE,Federal Contract Tower,0,11,12,0,23,0,0,29,0,29,0,11,41,0,52,36,0,36,88
06/10/2018,JVL,WI,AGL,CE,Federal Contract Tower,0,14,6,0,20,0,0,2,0,2,0,14,8,0,22,0,0,0,22
06/11/2018,JVL,WI,AGL,CE,Federal Contract Tower,0,16,11,0,27,0,0,10,0,10,0,16,21,0,37,18,0,18,55
06/12/2018,JVL,WI,AGL,CE,Federal Contract Tower,0,23,8,0,31,0,0,2,0,2,0,23,10,0,33,8,0,8,41
06/13/2018,JVL,WI,AGL,CE,Federal Contract Tower,0,12,6,0,18,0,0,25,0,25,0,12,31,0,43,22,0,22,65
06/14/2018,JVL,WI,AGL,CE,Federal Contract Tower,0,21,1,0,22,0,1,29,0,30,0,22,30,0,52,38,0,38,90
06/15/2018,JVL,WI,AGL,CE,Federal Contract Tower,0,16,5,0,21,0,0,39,0,39,0,16,44,0,60,48,0,48,108
06/16/2018,JVL,WI,AGL,CE,Federal Contract Tower,0,4,0,0,4,0,0,27,0,27,0,4,27,0,31,52,0,52,83
06/17/2018,JVL,WI,AGL,CE,Federal Contract Tower,0,10,2,0,12,0,0,24,0,24,0,10,26,0,36,44,0,44,80
06/18/2018,JVL,WI,AGL,CE,Federal Contract Tower,0,12,2,0,14,0,0,16,0,16,0,12,18,0,30,8,0,8,38
06/19/2018,JVL,WI,AGL,CE,Federal Contract Tower,0,16,6,0,22,0,0,3,0,3,0,16,9,0,25,0,0,0,25
06/20/2018,JVL,WI,AGL,CE,Federal Contract Tower,0,15,11,0,26,0,0,11,0,11,0,15,22,0,37,18,0,18,55
06/21/2018,JVL,WI,AGL,CE,Federal Contract Tower,0,27,0,0,27,0,0,1,0,1,0,27,1,0,28,0,0,0,28
06/22/2018,JVL,WI,AGL,CE,Federal Contract Tower,0,32,3,0,35,0,0,18,0,18,0,32,21,0,53,42,0,42,95
06/23/2018,JVL,WI,AGL,CE,Federal Contract Tower,0,5,7,0,12,0,0,71,0,71,0,5,78,0,83,102,0,102,185
06/24/2018,JVL,WI,AGL,CE,Federal Contract Tower,0,23,6,0,29,0,0,65,0,65,0,23,71,0,94,72,0,72,166
06/25/2018,JVL,WI,AGL,CE,Federal Contract Tower,0,21,3,0,24,0,0,22,0,22,0,21,25,0,46,6,0,6,52
06/26/2018,JVL,WI,AGL,CE,Federal Contract Tower,0,16,3,0,19,0,0,0,0,0,0,16,3,0,19,2,0,2,21
06/27/2018,JVL,WI,AGL,CE,Federal Contract Tower,0,23,9,0,32,0,0,11,0,11,0,23,20,0,43,28,0,28,71
06/28/2018,JVL,WI,AGL,CE,Federal Contract Tower,0,18,9,0,27,0,0,510,0,510,0,18,519,0,537,146,0,146,683
06/29/2018,JVL,WI,AGL,CE,Federal Contract Tower,0,26,5,0,31,0,0,58,0,58,0,26,63,0,89,106,0,106,195
06/30/2018,JVL,WI,AGL,CE,Federal Contract Tower,0,5,4,0,9,0,0,52,0,52,0,5,56,0,61,66,0,66,127
07/01/2018,JVL,WI,AGL,CE,Federal Contract Tower,0,15,3,0,18,0,1,17,0,18,0,16,20,0,36,10,0,10,46
07/02/2018,JVL,WI,AGL,CE,Federal Contract Tower,0,7,3,0,10,0,2,51,2,55,0,9,54,2,65,92,2,94,159
07/03/2018,JVL,WI,AGL,CE,Federal Contract Tower,0,14,0,0,14,0,2,61,0,63,0,16,61,0,77,178,0,178,255
07/04/2018,JVL,WI,AGL,CE,Federal Contract Tower,0,1,0,0,1,0,0,24,0,24,0,1,24,0,25,22,0,22,47
07/05/2018,JVL,WI,AGL,CE,Federal Contract Tower,0,7,2,0,9,0,0,32,2,34,0,7,34,2,43,50,0,50,93
07/06/2018,JVL,WI,AGL,CE,Federal Contract Tower,0,10,7,1,18,0,0,54,1,55,0,10,61,2,73,34,2,36,109
07/07/2018,JVL,WI,AGL,CE,Federal Contract Tower,0,9,10,0,19,0,0,64,0,64,0,9,74,0,83,74,0,74,157
07/08/2018,JVL,WI,AGL,CE,Federal Contract Tower,0,16,2,0,18,0,0,55,0,55,0,16,57,0,73,98,0,98,171
07/09/2018,JVL,WI,AGL,CE,Federal Contract Tower,0,19,8,0,27,0,0,31,0,31,0,19,39,0,58,36,0,36,94
07/10/2018,JVL,WI,AGL,CE,Federal Contract Tower,0,17,4,1,22,0,4,43,1,48,0,21,47,2,70,62,2,64,134
07/11/2018,JVL,WI,AGL,CE,Federal Contract Tower,0,19,0,0,19,0,0,57,0,57,0,19,57,0,76,112,0,112,188
07/12/2018,JVL,WI,AGL,CE,Federal Contract Tower,0,11,2,0,13,0,0,45,0,45,0,11,47,0,58,68,0,68,126
07/13/2018,JVL,WI,AGL,CE,Federal Contract Tower,0,18,3,0,21,0,0,36,0,36,0,18,39,0,57,34,0,34,91
07/14/2018,JVL,WI,AGL,CE,Federal Contract Tower,0,13,4,0,17,0,0,14,0,14,0,13,18,0,31,2,0,2,33
07/15/2018,JVL,WI,AGL,CE,Federal Contract Tower,0,15,7,0,22,0,0,12,0,12,0,15,19,0,34,4,0,4,38
07/16/2018,JVL,WI,AGL,CE,Federal Contract Tower,0,9,7,0,16,0,0,18,0,18,0,9,25,0,34,10,0,10,44
07/17/2018,JVL,WI,AGL,CE,Federal Contract Tower,0,22,5,2,29,0,0,44,0,44,0,22,49,2,73,42,0,42,115
07/18/2018,JVL,WI,AGL,CE,Federal Contract Tower,0,15,8,0,23,0,0,75,0,75,0,15,83,0,98,276,0,276,374
07/19/2018,JVL,WI,AGL,CE,Federal Contract Tower,0,16,10,0,26,0,0,40,0,40,0,16,50,0,66,46,0,46,112
07/20/2018,JVL,WI,AGL,CE,Federal Contract Tower,0,16,13,1,30,0,0,13,12,25,0,16,26,13,55,0,6,6,61
07/21/2018,JVL,WI,AGL,CE,Federal Contract Tower,0,12,31,0,43,0,0,157,61,218,0,12,188,61,261,156,52,208,469
07/22/2018,JVL,WI,AGL,CE,Federal Contract Tower,0,8,21,0,29,0,0,192,30,222,0,8,213,30,251,150,44,194,445
07/23/2018,JVL,WI,AGL,CE,Federal Contract Tower,0,17,5,0,22,0,0,119,0,119,0,17,124,0,141,132,0,132,273
07/24/2018,JVL,WI,AGL,CE,Federal Contract Tower,0,24,5,1,30,0,0,64,0,64,0,24,69,1,94,114,0,114,208
07/25/2018,JVL,WI,AGL,CE,Federal Contract Tower,0,13,4,0,17,0,0,61,0,61,0,13,65,0,78,106,0,106,184
07/26/2018,JVL,WI,AGL,CE,Federal Contract Tower,0,9,7,0,16,0,0,50,2,52,0,9,57,2,68,72,2,74,142
07/27/2018,JVL,WI,AGL,CE,Federal Contract Tower,0,13,9,0,22,0,2,79,0,81,0,15,88,0,103,54,0,54,157
07/28/2018,JVL,WI,AGL,CE,Federal Contract Tower,0,5,1,0,6,0,0,47,0,47,0,5,48,0,53,40,0,40,93
07/29/2018,JVL,WI,AGL,CE,Federal Contract Tower,0,8,6,2,16,0,0,69,0,69,0,8,75,2,85,62,0,62,147
07/30/2018,JVL,WI,AGL,CE,Federal Contract Tower,0,13,2,0,15,0,0,46,0,46,0,13,48,0,61,92,0,92,153
07/31/2018,JVL,WI,AGL,CE,Federal Contract Tower,0,13,8,0,21,0,0,52,0,52,0,13,60,0,73,38,0,38,111
08/01/2018,JVL,WI,AGL,CE,Federal Contract Tower,0,20,1,0,21,0,0,44,0,44,0,20,45,0,65,46,0,46,111
08/02/2018,JVL,WI,AGL,CE,Federal Contract Tower,0,15,6,0,21,0,0,35,0,35,0,15,41,0,56,62,0,62,118
08/03/2018,JVL,WI,AGL,CE,Federal Contract Tower,0,14,7,0,21,0,2,65,0,67,0,16,72,0,88,132,0,132,220
08/04/2018,JVL,WI,AGL,CE,Federal Contract Tower,0,6,3,0,9,0,0,56,0,56,0,6,59,0,65,64,0,64,129
08/05/2018,JVL,WI,AGL,CE,Federal Contract Tower,1,12,3,0,16,0,0,39,0,39,1,12,42,0,55,14,0,14,69
08/06/2018,JVL,WI,AGL,CE,Federal Contract Tower,0,15,0,0,15,0,0,20,0,20,0,15,20,0,35,54,0,54,89
08/07/2018,JVL,WI,AGL,CE,Federal Contract Tower,3,12,5,0,20,0,2,35,0,37,3,14,40,0,57,40,0,40,97
08/08/2018,JVL,WI,AGL,CE,Federal Contract Tower,0,12,16,0,28,0,0,71,0,71,0,12,87,0,99,142,0,142,241
08/09/2018,JVL,WI,AGL,CE,Federal Contract Tower,0,31,9,0,40,0,0,51,0,51,0,31,60,0,91,56,0,56,147
08/10/2018,JVL,WI,AGL,CE,Federal Contract Tower,0,11,3,0,14,0,0,50,0,50,0,11,53,0,64,92,0,92,156
08/11/2018,JVL,WI,AGL,CE,Federal Contract Tower,0,11,6,0,17,0,0,65,0,65,0,11,71,0,82,44,0,44,126
08/12/2018,JVL,WI,AGL,CE,Federal Contract Tower,0,13,4,0,17,0,0,40,0,40,0,13,44,0,57,52,0,52,109
08/13/2018,JVL,WI,AGL,CE,Federal Contract Tower,2,15,0,0,17,0,0,54,0,54,2,15,54,0,71,108,0,108,179
08/14/2018,JVL,WI,AGL,CE,Federal Contract Tower,0,22,6,1,29,0,0,66,0,66,0,22,72,1,95,80,1,81,176
08/15/2018,JVL,WI,AGL,CE,Federal Contract Tower,0,11,4,0,15,0,0,13,0,13,0,11,17,0,28,58,0,58,86
08/16/2018,JVL,WI,AGL,CE,Federal Contract Tower,0,23,8,0,31,0,0,20,0,20,0,23,28,0,51,50,0,50,101
08/17/2018,JVL,WI,AGL,CE,Federal Contract Tower,0,16,9,0,25,0,0,16,0,16,0,16,25,0,41,8,0,8,49
08/18/2018,JVL,WI,AGL,CE,Federal Contract Tower,0,12,0,0,12,0,0,39,0,39,0,12,39,0,51,98,0,98,149
08/19/2018,JVL,WI,AGL,CE,Federal Contract Tower,0,13,6,0,19,0,0,42,0,42,0,13,48,0,61,90,0,90,151
08/20/2018,JVL,WI,AGL,CE,Federal Contract Tower,0,13,1,0,14,0,0,1,0,1,0,13,2,0,15,2,0,2,17
08/21/2018,JVL,WI,AGL,CE,Federal Contract Tower,0,19,15,0,34,0,0,20,0,20,0,19,35,0,54,54,0,54,108
08/22/2018,JVL,WI,AGL,CE,Federal Contract Tower,0,16,1,0,17,0,0,80,2,82,0,16,81,2,99,178,4,182,281
08/23/2018,JVL,WI,AGL,CE,Federal Contract Tower,0,18,11,0,29,0,0,112,0,112,0,18,123,0,141,154,0,154,295
08/24/2018,JVL,WI,AGL,CE,Federal Contract Tower,0,11,7,0,18,0,0,4,0,4,0,11,11,0,22,0,0,0,22
08/25/2018,JVL,WI,AGL,CE,Federal Contract Tower,0,3,17,0,20,0,0,31,0,31,0,3,48,0,51,16,0,16,67
08/26/2018,JVL,WI,AGL,CE,Federal Contract Tower,0,7,8,0,15,0,0,66,0,66,0,7,74,0,81,60,0,60,141
08/27/2018,JVL,WI,AGL,CE,Federal Contract Tower,1,10,1,0,12,0,0,20,0,20,1,10,21,0,32,26,0,26,58
08/28/2018,JVL,WI,AGL,CE,Federal Contract Tower,2,25,2,1,30,0,0,10,0,10,2,25,12,1,40,0,0,0,40
08/29/2018,JVL,WI,AGL,CE,Federal Contract Tower,0,17,19,2,38,0,0,43,5,48,0,17,62,7,86,142,18,160,246
08/30/2018,JVL,WI,AGL,CE,Federal Contract Tower,0,20,23,0,43,0,0,129,0,129,0,20,152,0,172,140,0,140,312
08/31/2018,JVL,WI,AGL,CE,Federal Contract Tower,0,22,3,1,26,0,0,78,0,78,0,22,81,1,104,64,0,64,168
09/01/2018,JVL,WI,AGL,CE,Federal Contract Tower,0,7,3,0,10,0,0,1,0,1,0,7,4,0,11,0,0,0,11
09/02/2018,JVL,WI,AGL,CE,Federal Contract Tower,0,9,17,0,26,0,0,27,0,27,0,9,44,0,53,46,0,46,99
09/03/2018,JVL,WI,AGL,CE,Federal Contract Tower,0,13,1,0,14,0,0,2,0,2,0,13,3,0,16,0,0,0,16
09/04/2018,JVL,WI,AGL,CE,Federal Contract Tower,0,23,5,0,28,0,2,61,0,63,0,25,66,0,91,40,0,40,131
09/05/2018,JVL,WI,AGL,CE,Federal Contract Tower,0,19,0,0,19,0,0,2,0,2,0,19,2,0,21,0,0,0,21
09/06/2018,JVL,WI,AGL,CE,Federal Contract Tower,0,10,7,0,17,0,0,22,0,22,0,10,29,0,39,60,0,60,99
09/07/2018,JVL,WI,AGL,CE,Federal Contract Tower,0,15,5,0,20,0,5,50,0,55,0,20,55,0,75,90,0,90,165
09/08/2018,JVL,WI,AGL,CE,Federal Contract Tower,0,5,6,0,11,0,0,65,0,65,0,5,71,0,76,52,0,52,128
09/09/2018,JVL,WI,AGL,CE,Federal Contract Tower,0,12,10,0,22,0,0,120,0,120,0,12,130,0,142,116,0,116,258
09/10/2018,JVL,WI,AGL,CE,Federal Contract Tower,0,11,14,0,25,0,0,64,0,64,0,11,78,0,89,86,0,86,175
09/11/2018,JVL,WI,AGL,CE,Federal Contract Tower,0,18,5,0,23,0,0,55,0,55,0,18,60,0,78,46,0,46,124
09/12/2018,JVL,WI,AGL,CE,Federal Contract Tower,0,20,9,0,29,0,0,123,0,123,0,20,132,0,152,112,0,112,264
09/13/2018,JVL,WI,AGL,CE,Federal Contract Tower,0,14,4,0,18,0,0,53,0,53,0,14,57,0,71,42,0,42,113
09/14/2018,JVL,WI,AGL,CE,Federal Contract Tower,0,19,4,0,23,0,1,72,0,73,0,20,76,0,96,84,0,84,180
09/15/2018,JVL,WI,AGL,CE,Federal Contract Tower,0,9,13,0,22,0,0,147,0,147,0,9,160,0,169,76,0,76,245
09/16/2018,JVL,WI,AGL,CE,Federal Contract Tower,2,13,8,0,23,0,1,132,0,133,2,14,140,0,156,140,0,140,296
09/17/2018,JVL,WI,AGL,CE,Federal Contract Tower,0,14,6,0,20,0,0,67,0,67,0,14,73,0,87,36,0,36,123
09/18/2018,JVL,WI,AGL,CE,Federal Contract Tower,0,13,0,0,13,0,0,2,0,2,0,13,2,0,15,0,22,22,37
09/19/2018,JVL,WI,AGL,CE,Federal Contract Tower,0,17,6,0,23,0,0,3,0,3,0,17,9,0,26,0,0,0,26
09/20/2018,JVL,WI,AGL,CE,Federal Contract Tower,0,14,2,0,16,0,0,8,0,8,0,14,10,0,24,4,0,4,28
09/21/2018,JVL,WI,AGL,CE,Federal Contract Tower,0,29,4,0,33,0,1,9,0,10,0,30,13,0,43,18,0,18,61
09/22/2018,JVL,WI,AGL,CE,Federal Contract Tower,0,5,0,0,5,0,0,111,0,111,0,5,111,0,116,142,0,142,258
09/23/2018,JVL,WI,AGL,CE,Federal Contract Tower,0,23,4,0,27,0,2,150,0,152,0,25,154,0,179,92,0,92,271
09/24/2018,JVL,WI,AGL,CE,Federal Contract Tower,0,19,9,0,28,0,0,50,0,50,0,19,59,0,78,34,0,34,112
09/25/2018,JVL,WI,AGL,CE,Federal Contract Tower,0,18,6,0,24,0,9,7,0,16,0,27,13,0,40,24,0,24,64
09/26/2018,JVL,WI,AGL,CE,Federal Contract Tower,0,16,6,0,22,0,1,71,0,72,0,17,77,0,94,58,0,58,152
09/27/2018,JVL,WI,AGL,CE,Federal Contract Tower,0,21,2,0,23,1,0,45,0,46,1,21,47,0,69,18,0,18,87
09/28/2018,JVL,WI,AGL,CE,Federal Contract Tower,0,24,13,0,37,0,3,39,0,42,0,27,52,0,79,30,0,30,109
09/29/2018,JVL,WI,AGL,CE,Federal Contract Tower,0,4,16,0,20,0,0,133,0,133,0,4,149,0,153,70,0,70,223
09/30/2018,JVL,WI,AGL,CE,Federal Contract Tower,0,29,19,2,50,0,0,0,0,0,0,29,19,2,50,0,0,0,50
10/01/2018,JVL,WI,AGL,CE,Federal Contract Tower,0,25,4,0,29,0,4,0,0,4,0,29,4,0,33,2,0,2,35
10/02/2018,JVL,WI,AGL,CE,Federal Contract Tower,0,27,9,0,36,0,0,3,0,3,0,27,12,0,39,4,0,4,43
10/03/2018,JVL,WI,AGL,CE,Federal Contract Tower,0,21,1,0,22,0,1,12,0,13,0,22,13,0,35,4,0,4,39
10/04/2018,JVL,WI,AGL,CE,Federal Contract Tower,0,16,11,0,27,0,0,37,0,37,0,16,48,0,64,20,0,20,84
10/05/2018,JVL,WI,AGL,CE,Federal Contract Tower,0,24,12,0,36,0,0,0,0,0,0,24,12,0,36,0,0,0,36
10/06/2018,JVL,WI,AGL,CE,Federal Contract Tower,0,1,9,0,10,0,0,0,0,0,0,1,9,0,10,0,0,0,10
10/07/2018,JVL,WI,AGL,CE,Federal Contract Tower,0,16,7,0,23,0,0,0,0,0,0,16,7,0,23,0,0,0,23
10/08/2018,JVL,WI,AGL,CE,Federal Contract Tower,0,14,3,0,17,0,0,36,0,36,0,14,39,0,53,48,0,48,101
10/09/2018,JVL,WI,AGL,CE,Federal Contract Tower,0,18,6,0,24,0,8,48,0,56,0,26,54,0,80,66,0,66,146
10/10/2018,JVL,WI,AGL,CE,Federal Contract Tower,0,22,4,0,26,0,0,8,0,8,0,22,12,0,34,0,0,0,34
10/11/2018,JVL,WI,AGL,CE,Federal Contract Tower,0,16,2,0,18,0,0,24,0,24,0,16,26,0,42,30,0,30,72
10/12/2018,JVL,WI,AGL,CE,Federal Contract Tower,0,26,3,0,29,0,0,73,0,73,0,26,76,0,102,70,0,70,172
10/13/2018,JVL,WI,AGL,CE,Federal Contract Tower,0,7,11,0,18,0,0,78,0,78,0,7,89,0,96,78,0,78,174
10/14/2018,JVL,WI,AGL,CE,Federal Contract Tower,0,17,11,0,28,0,0,39,0,39,0,17,50,0,67,8,0,8,75
10/15/2018,JVL,WI,AGL,CE,Federal Contract Tower,0,23,1,0,24,0,8,43,0,51,0,31,44,0,75,50,0,50,125
10/16/2018,JVL,WI,AGL,CE,Federal Contract Tower,0,14,7,0,21,0,8,46,2,56,0,22,53,2,77,46,12,58,135
10/17/2018,JVL,WI,AGL,CE,Federal Contract Tower,0,6,8,0,14,0,0,35,0,35,0,6,43,0,49,30,0,30,79
10/18/2018,JVL,WI,AGL,CE,Federal Contract Tower,0,22,10,0,32,0,0,77,0,77,0,22,87,0,109,42,0,42,151
10/19/2018,JVL,WI,AGL,CE,Federal Contract Tower,0,20,10,0,30,0,1,22,0,23,0,21,32,0,53,12,0,12,65
10/20/2018,JVL,WI,AGL,CE,Federal Contract Tower,0,8,0,0,8,0,1,26,0,27,0,9,26,0,35,12,0,12,47
10/21/2018,JVL,WI,AGL,CE,Federal Contract Tower,0,20,5,0,25,0,1,105,0,106,0,21,110,0,131,52,0,52,183
10/23/2018,JVL,WI,AGL,CE,Federal Contract Tower,0,10,18,0,28,0,9,81,0,90,0,19,99,0,118,134,0,134,252
10/24/2018,JVL,WI,AGL,CE,Federal Contract Tower,0,20,14,0,34,0,0,86,0,86,0,20,100,0,120,94,0,94,214
10/25/2018,JVL,WI,AGL,CE,Federal Contract Tower,0,19,0,0,19,0,2,58,0,60,0,21,58,0,79,12,0,12,91
10/26/2018,JVL,WI,AGL,CE,Federal Contract Tower,0,15,5,0,20,0,0,36,0,36,0,15,41,0,56,38,0,38,94
10/28/2018,JVL,WI,AGL,CE,Federal Contract Tower,0,18,0,0,18,0,0,1,0,1,0,18,1,0,19,0,0,0,19
10/29/2018,JVL,WI,AGL,CE,Federal Contract Tower,0,16,3,1,20,0,0,71,1,72,0,16,74,2,92,38,2,40,132
10/30/2018,JVL,WI,AGL,CE,Federal Contract Tower,0,24,5,0,29,0,0,26,0,26,0,24,31,0,55,0,0,0,55
10/31/2018,JVL,WI,AGL,CE,Federal Contract Tower,0,21,10,0,31,0,10,66,0,76,0,31,76,0,107,54,0,54,161
11/01/2018,JVL,WI,AGL,CE,Federal Contract Tower,0,15,8,0,23,0,0,67,0,67,0,15,75,0,90,62,0,62,152
11/02/2018,JVL,WI,AGL,CE,Federal Contract Tower,0,22,2,0,24,0,2,76,0,78,0,24,78,0,102,124,0,124,226
11/03/2018,JVL,WI,AGL,CE,Federal Contract Tower,0,3,12,0,15,0,0,109,0,109,0,3,121,0,124,72,0,72,196
11/04/2018,JVL,WI,AGL,CE,Federal Contract Tower,0,18,0,0,18,0,0,0,0,0,0,18,0,0,18,0,0,0,18
11/05/2018,JVL,WI,AGL,CE,Federal Contract Tower,0,13,0,0,13,0,1,7,0,8,0,14,7,0,21,2,0,2,23
11/06/2018,JVL,WI,AGL,CE,Federal Contract Tower,0,21,0,0,21,0,0,0,0,0,0,21,0,0,21,0,0,0,21
11/07/2018,JVL,WI,AGL,CE,Federal Contract Tower,0,18,0,0,18,0,0,16,0,16,0,18,16,0,34,30,6,36,70
11/08/2018,JVL,WI,AGL,CE,Federal Contract Tower,0,22,5,0,27,0,3,53,0,56,0,25,58,0,83,66,0,66,149
11/09/2018,JVL,WI,AGL,CE,Federal Contract Tower,0,25,0,0,25,0,2,6,0,8,0,27,6,0,33,10,0,10,43
11/10/2018,JVL,WI,AGL,CE,Federal Contract Tower,0,10,14,0,24,0,0,151,0,151,0,10,165,0,175,112,0,112,287
11/11/2018,JVL,WI,AGL,CE,Federal Contract Tower,0,24,4,0,28,0,0,101,0,101,0,24,105,0,129,52,0,52,181
11/12/2018,JVL,WI,AGL,CE,Federal Contract Tower,0,16,1,0,17,0,0,10,0,10,0,16,11,0,27,16,0,16,43
11/13/2018,JVL,WI,AGL,CE,Federal Contract Tower,0,14,3,0,17,0,0,55,3,58,0,14,58,3,75,50,14,64,139
11/14/2018,JVL,WI,AGL,CE,Federal Contract Tower,0,19,5,0,24,0,0,86,0,86,0,19,91,0,110,74,0,74,184
11/15/2018,JVL,WI,AGL,CE,Federal Contract Tower,0,6,2,0,8,0,0,12,0,12,0,6,14,0,20,0,0,0,20
11/16/2018,JVL,WI,AGL,CE,Federal Contract Tower,0,23,2,1,26,0,0,4,0,4,0,23,6,1,30,18,0,18,48
11/17/2018,JVL,WI,AGL,CE,Federal Contract Tower,0,12,5,0,17,0,0,6,0,6,0,12,11,0,23,14,0,14,37
11/18/2018,JVL,WI,AGL,CE,Federal Contract Tower,0,13,7,0,20,0,2,124,0,126,0,15,131,0,146,56,0,56,202
11/19/2018,JVL,WI,AGL,CE,Federal Contract Tower,0,12,9,1,22,0,2,27,5,34,0,14,36,6,56,12,14,26,82
11/20/2018,JVL,WI,AGL,CE,Federal Contract Tower,0,9,6,0,15,0,0,52,0,52,0,9,58,0,67,26,0,26,93
11/21/2018,JVL,WI,AGL,CE,Federal Contract Tower,0,25,9,0,34,0,3,50,0,53,0,28,59,0,87,46,0,46,133
11/22/2018,JVL,WI,AGL,CE,Federal Contract Tower,0,0,1,0,1,0,0,2,0,2,0,0,3,0,3,0,0,0,3
11/23/2018,JVL,WI,AGL,CE,Federal Contract Tower,0,3,6,0,9,0,0,49,0,49,0,3,55,0,58,28,0,28,86
11/24/2018,JVL,WI,AGL,CE,Federal Contract Tower,0,6,10,0,16,0,0,1,0,1,0,6,11,0,17,0,0,0,17
11/25/2018,JVL,WI,AGL,CE,Federal Contract Tower,0,14,0,0,14,0,0,0,0,0,0,14,0,0,14,0,0,0,14
11/26/2018,JVL,WI,AGL,CE,Federal Contract Tower,0,25,4,0,29,0,1,3,0,4,0,26,7,0,33,2,0,2,35
11/27/2018,JVL,WI,AGL,CE,Federal Contract Tower,0,16,4,0,20,0,0,14,2,16,0,16,18,2,36,6,0,6,42
11/28/2018,JVL,WI,AGL,CE,Federal Contract Tower,0,28,10,0,38,0,1,58,0,59,0,29,68,0,97,64,0,64,161
11/29/2018,JVL,WI,AGL,CE,Federal Contract Tower,0,14,3,0,17,0,4,15,0,19,0,18,18,0,36,14,0,14,50
11/30/2018,JVL,WI,AGL,CE,Federal Contract Tower,0,18,8,0,26,0,0,8,0,8,0,18,16,0,34,4,0,4,38
12/01/2018,JVL,WI,AGL,CE,Federal Contract Tower,0,5,0,0,5,0,0,0,0,0,0,5,0,0,5,0,0,0,5
12/02/2018,JVL,WI,AGL,CE,Federal Contract Tower,0,12,2,0,14,0,0,0,0,0,0,12,2,0,14,0,0,0,14
12/03/2018,JVL,WI,AGL,CE,Federal Contract Tower,0,10,1,0,11,0,0,2,0,2,0,10,3,0,13,6,0,6,19
12/04/2018,JVL,WI,AGL,CE,Federal Contract Tower,0,10,7,0,17,0,0,23,0,23,0,10,30,0,40,14,10,24,64
12/05/2018,JVL,WI,AGL,CE,Federal Contract Tower,0,18,6,0,24,0,0,40,0,40,0,18,46,0,64,22,0,22,86
12/06/2018,JVL,WI,AGL,CE,Federal Contract Tower,0,18,10,0,28,0,0,51,0,51,0,18,61,0,79,70,0,70,149
12/07/2018,JVL,WI,AGL,CE,Federal Contract Tower,0,16,11,1,28,0,1,73,1,75,0,17,84,2,103,74,2,76,179
12/08/2018,JVL,WI,AGL,CE,Federal Contract Tower,0,2,18,0,20,0,0,125,0,125,0,2,143,0,145,112,0,112,257
12/09/2018,JVL,WI,AGL,CE,Federal Contract Tower,0,20,30,0,50,0,0,4,0,4,0,20,34,0,54,6,0,6,60
12/10/2018,JVL,WI,AGL,CE,Federal Contract Tower,0,9,10,0,19,0,0,47,0,47,0,9,57,0,66,18,0,18,84
12/11/2018,JVL,WI,AGL,CE,Federal Contract Tower,0,15,14,0,29,0,8,77,0,85,0,23,91,0,114,58,0,58,172
12/12/2018,JVL,WI,AGL,CE,Federal Contract Tower,0,16,1,0,17,0,0,0,0,0,0,16,1,0,17,0,0,0,17
12/13/2018,JVL,WI,AGL,CE,Federal Contract Tower,0,25,10,0,35,0,0,38,0,38,0,25,48,0,73,14,0,14,87
12/14/2018,JVL,WI,AGL,CE,Federal Contract Tower,0,15,7,0,22,0,0,0,0,0,0,15,7,0,22,0,0,0,22
12/15/2018,JVL,WI,AGL,CE,Federal Contract Tower,0,3,20,0,23,0,0,149,0,149,0,3,169,0,172,88,0,88,260
12/16/2018,JVL,WI,AGL,CE,Federal Contract Tower,0,16,8,0,24,0,2,179,0,181,0,18,187,0,205,72,0,72,277
12/17/2018,JVL,WI,AGL,CE,Federal Contract Tower,0,14,7,0,21,0,0,44,0,44,0,14,51,0,65,10,0,10,75
12/18/2018,JVL,WI,AGL,CE,Federal Contract Tower,0,12,12,0,24,0,5,89,0,94,0,17,101,0,118,52,0,52,170
12/19/2018,JVL,WI,AGL,CE,Federal Contract Tower,0,15,9,0,24,0,1,42,0,43,0,16,51,0,67,42,0,42,109
12/20/2018,JVL,WI,AGL,CE,Federal Contract Tower,0,15,2,0,17,0,0,0,0,0,0,15,2,0,17,0,0,0,17
12/21/2018,JVL,WI,AGL,CE,Federal Contract Tower,0,24,0,0,24,0,0,26,0,26,0,24,26,0,50,32,0,32,82
12/22/2018,JVL,WI,AGL,CE,Federal Contract Tower,0,6,6,0,12,0,0,9,0,9,0,6,15,0,21,0,0,0,21
12/23/2018,JVL,WI,AGL,CE,Federal Contract Tower,0,7,9,0,16,0,2,31,0,33,0,9,40,0,49,14,0,14,63
12/24/2018,JVL,WI,AGL,CE,Federal Contract Tower,0,3,0,0,3,0,0,41,0,41,0,3,41,0,44,58,0,58,102
12/25/2018,JVL,WI,AGL,CE,Federal Contract Tower,0,0,0,0,0,0,0,2,0,2,0,0,2,0,2,4,0,4,6
12/26/2018,JVL,WI,AGL,CE,Federal Contract Tower,0,17,12,0,29,0,0,35,0,35,0,17,47,0,64,42,0,42,106
12/27/2018,JVL,WI,AGL,CE,Federal Contract Tower,0,20,2,0,22,0,0,0,0,0,0,20,2,0,22,32,0,32,54
12/28/2018,JVL,WI,AGL,CE,Federal Contract Tower,0,6,0,0,6,0,0,0,0,0,0,6,0,0,6,0,0,0,6
12/29/2018,JVL,WI,AGL,CE,Federal Contract Tower,0,6,0,0,6,0,0,20,0,20,0,6,20,0,26,16,0,16,42
12/30/2018,JVL,WI,AGL,CE,Federal Contract Tower,0,15,9,0,24,0,0,70,0,70,0,15,79,0,94,42,0,42,136
12/31/2018,JVL,WI,AGL,CE,Federal Contract Tower,0,4,0,0,4,0,0,0,0,0,0,4,0,0,4,0,0,0,4
01/01/2019,JVL,WI,AGL,CE,Federal Contract Tower,0,6,0,0,6,0,0,4,0,4,0,6,4,0,10,14,0,14,24
01/02/2019,JVL,WI,AGL,CE,Federal Contract Tower,0,15,0,0,15,0,0,12,0,12,0,15,12,0,27,34,0,34,61
01/03/2019,JVL,WI,AGL,CE,Federal Contract Tower,0,16,21,0,37,0,0,82,0,82,0,16,103,0,119,74,0,74,193
01/04/2019,JVL,WI,AGL,CE,Federal Contract Tower,0,13,11,0,24,0,4,136,4,144,0,17,147,4,168,118,4,122,290
01/05/2019,JVL,WI,AGL,CE,Federal Contract Tower,0,9,17,0,26,0,0,191,0,191,0,9,208,0,217,96,0,96,313
01/06/2019,JVL,WI,AGL,CE,Federal Contract Tower,0,26,10,0,36,0,1,101,0,102,0,27,111,0,138,68,0,68,206
01/07/2019,JVL,WI,AGL,CE,Federal Contract Tower,0,8,2,0,10,0,0,0,0,0,0,8,2,0,10,0,0,0,10
01/08/2019,JVL,WI,AGL,CE,Federal Contract Tower,0,18,0,1,19,0,0,2,0,2,0,18,2,1,21,4,0,4,25
01/09/2019,JVL,WI,AGL,CE,Federal Contract Tower,0,14,5,0,19,0,0,12,0,12,0,14,17,0,31,4,0,4,35
01/10/2019,JVL,WI,AGL,CE,Federal Contract Tower,0,12,7,1,20,0,4,47,1,52,0,16,54,2,72,56,0,56,128
01/11/2019,JVL,WI,AGL,CE,Federal Contract Tower,0,8,17,0,25,0,0,29,0,29,0,8,46,0,54,26,0,26,80
01/12/2019,JVL,WI,AGL,CE,Federal Contract Tower,0,5,5,0,10,0,0,0,0,0,0,5,5,0,10,0,0,0,10
01/13/2019,JVL,WI,AGL,CE,Federal Contract Tower,0,8,11,0,19,0,0,25,0,25,0,8,36,0,44,8,0,8,52
01/14/2019,JVL,WI,AGL,CE,Federal Contract Tower,1,13,4,0,18,0,0,2,0,2,1,13,6,0,20,0,0,0,20
01/15/2019,JVL,WI,AGL,CE,Federal Contract Tower,1,17,0,0,18,0,0,0,0,0,1,17,0,0,18,0,0,0,18
01/16/2019,JVL,WI,AGL,CE,Federal Contract Tower,0,16,9,0,25,0,1,67,0,68,0,17,76,0,93,16,0,16,109
01/17/2019,JVL,WI,AGL,CE,Federal Contract Tower,0,8,0,0,8,0,0,2,0,2,0,8,2,0,10,4,0,4,14
01/18/2019,JVL,WI,AGL,CE,Federal Contract Tower,0,17,3,2,22,0,0,14,0,14,0,17,17,2,36,14,0,14,50
01/19/2019,JVL,WI,AGL,CE,Federal Contract Tower,0,4,0,0,4,0,0,0,0,0,0,4,0,0,4,0,0,0,4
01/20/2019,JVL,WI,AGL,CE,Federal Contract Tower,0,6,13,0,19,0,0,26,0,26,0,6,39,0,45,14,0,14,59
01/21/2019,JVL,WI,AGL,CE,Federal Contract Tower,0,20,4,0,24,0,0,47,0,47,0,20,51,0,71,72,0,72,143
01/22/2019,JVL,WI,AGL,CE,Federal Contract Tower,0,7,0,0,7,0,0,0,0,0,0,7,0,0,7,0,0,0,7
01/23/2019,JVL,WI,AGL,CE,Federal Contract Tower,0,18,0,0,18,0,0,0,0,0,0,18,0,0,18,0,0,0,18
01/24/2019,JVL,WI,AGL,CE,Federal Contract Tower,0,14,3,0,17,0,0,0,0,0,0,14,3,0,17,0,0,0,17
01/25/2019,JVL,WI,AGL,CE,Federal Contract Tower,0,13,11,0,24,0,0,9,2,11,0,13,20,2,35,14,0,14,49
01/26/2019,JVL,WI,AGL,CE,Federal Contract Tower,0,5,3,0,8,0,0,9,0,9,0,5,12,0,17,10,0,10,27
01/27/2019,JVL,WI,AGL,CE,Federal Contract Tower,0,14,5,0,19,0,0,31,0,31,0,14,36,0,50,16,0,16,66
01/28/2019,JVL,WI,AGL,CE,Federal Contract Tower,0,6,0,0,6,0,0,0,0,0,0,6,0,0,6,0,0,0,6
01/29/2019,JVL,WI,AGL,CE,Federal Contract Tower,0,16,0,0,16,0,0,4,0,4,0,16,4,0,20,2,0,2,22
01/30/2019,JVL,WI,AGL,CE,Federal Contract Tower,0,11,0,0,11,0,0,0,0,0,0,11,0,0,11,0,0,0,11
01/31/2019,JVL,WI,AGL,CE,Federal Contract Tower,0,10,0,0,10,0,0,0,0,0,0,10,0,0,10,0,0,0,10
02/01/2019,JVL,WI,AGL,CE,Federal Contract Tower,0,10,3,0,13,0,0,23,0,23,0,10,26,0,36,28,0,28,64
02/02/2019,JVL,WI,AGL,CE,Federal Contract Tower,0,2,10,0,12,0,0,0,0,0,0,2,10,0,12,0,0,0,12
02/03/2019,JVL,WI,AGL,CE,Federal Contract Tower,0,5,4,0,9,0,0,0,0,0,0,5,4,0,9,0,0,0,9
02/04/2019,JVL,WI,AGL,CE,Federal Contract Tower,0,22,4,0,26,0,0,0,0,0,0,22,4,0,26,0,0,0,26
02/05/2019,JVL,WI,AGL,CE,Federal Contract Tower,0,17,8,0,25,0,0,24,0,24,0,17,32,0,49,14,0,14,63
02/06/2019,JVL,WI,AGL,CE,Federal Contract Tower,0,5,2,0,7,0,0,0,0,0,0,5,2,0,7,0,0,0,7
02/07/2019,JVL,WI,AGL,CE,Federal Contract Tower,0,16,0,0,16,0,0,0,0,0,0,16,0,0,16,0,0,0,16
02/08/2019,JVL,WI,AGL,CE,Federal Contract Tower,0,11,3,0,14,0,0,11,0,11,0,11,14,0,25,16,0,16,41
02/09/2019,JVL,WI,AGL,CE,Federal Contract Tower,0,5,18,1,24,0,0,65,0,65,0,5,83,1,89,54,2,56,145
02/10/2019,JVL,WI,AGL,CE,Federal Contract Tower,0,9,4,0,13,0,0,4,0,4,0,9,8,0,17,2,0,2,19
02/11/2019,JVL,WI,AGL,CE,Federal Contract Tower,0,12,2,0,14,0,0,0,0,0,0,12,2,0,14,0,0,0,14
02/12/2019,JVL,WI,AGL,CE,Federal Contract Tower,0,8,0,0,8,0,0,0,0,0,0,8,0,0,8,0,0,0,8
02/13/2019,JVL,WI,AGL,CE,Federal Contract Tower,0,17,5,0,22,0,1,29,0,30,0,18,34,0,52,56,0,56,108
02/14/2019,JVL,WI,AGL,CE,Federal Contract Tower,0,13,5,1,19,0,2,26,0,28,0,15,31,1,47,64,2,66,113
02/15/2019,JVL,WI,AGL,CE,Federal Contract Tower,0,16,15,1,32,0,0,38,0,38,0,16,53,1,70,28,0,28,98
02/16/2019,JVL,WI,AGL,CE,Federal Contract Tower,0,2,13,0,15,0,0,84,0,84,0,2,97,0,99,50,0,50,149
02/17/2019,JVL,WI,AGL,CE,Federal Contract Tower,0,14,0,0,14,0,0,0,0,0,0,14,0,0,14,0,0,0,14
02/18/2019,JVL,WI,AGL,CE,Federal Contract Tower,0,10,3,0,13,0,1,33,0,34,0,11,36,0,47,70,0,70,117
02/19/2019,JVL,WI,AGL,CE,Federal Contract Tower,0,16,5,0,21,0,8,57,0,65,0,24,62,0,86,68,0,68,154
02/20/2019,JVL,WI,AGL,CE,Federal Contract Tower,0,9,2,0,11,0,0,0,0,0,0,9,2,0,11,0,0,0,11
02/21/2019,JVL,WI,AGL,CE,Federal Contract Tower,0,17,8,0,25,0,0,43,0,43,0,17,51,0,68,30,0,30,98
02/22/2019,JVL,WI,AGL,CE,Federal Contract Tower,0,15,13,0,28,0,11,90,0,101,0,26,103,0,129,52,0,52,181
02/24/2019,JVL,WI,AGL,CE,Federal Contract Tower,0,8,0,0,8,0,0,0,0,0,0,8,0,0,8,0,0,0,8
02/25/2019,JVL,WI,AGL,CE,Federal Contract Tower,0,18,2,0,20,0,3,23,0,26,0,21,25,0,46,22,0,22,68
02/26/2019,JVL,WI,AGL,CE,Federal Contract Tower,0,13,0,0,13,0,2,4,0,6,0,15,4,0,19,6,0,6,25
02/27/2019,JVL,WI,AGL,CE,Federal Contract Tower,0,11,3,0,14,0,0,11,0,11,0,11,14,0,25,4,0,4,29
02/28/2019,JVL,WI,AGL,CE,Federal Contract Tower,0,8,5,0,13,0,0,31,0,31,0,8,36,0,44,52,0,52,96
03/02/2019,JVL,WI,AGL,CE,Federal Contract Tower,0,7,8,0,15,0,0,20,0,20,0,7,28,0,35,50,0,50,85
03/03/2019,JVL,WI,AGL,CE,Federal Contract Tower,0,15,10,0,25,0,2,51,0,53,0,17,61,0,78,34,0,34,112
03/04/2019,JVL,WI,AGL,CE,Federal Contract Tower,0,18,1,0,19,0,0,5,0,5,0,18,6,0,24,2,0,2,26
03/05/2019,JVL,WI,AGL,CE,Federal Contract Tower,0,9,2,0,11,0,0,24,4,28,0,9,26,4,39,16,4,20,59
03/06/2019,JVL,WI,AGL,CE,Federal Contract Tower,0,6,11,0,17,0,1,31,0,32,0,7,42,0,49,54,0,54,103
03/07/2019,JVL,WI,AGL,CE,Federal Contract Tower,0,9,6,1,16,0,0,58,0,58,0,9,64,1,74,32,0,32,106
03/08/2019,JVL,WI,AGL,CE,Federal Contract Tower,0,7,11,0,18,0,0,24,2,26,0,7,35,2,44,2,0,2,46
03/09/2019,JVL,WI,AGL,CE,Federal Contract Tower,0,2,3,0,5,0,0,2,0,2,0,2,5,0,7,2,0,2,9
03/10/2019,JVL,WI,AGL,CE,Federal Contract Tower,0,14,0,0,14,0,0,5,0,5,0,14,5,0,19,0,0,0,19
03/11/2019,JVL,WI,AGL,CE,Federal Contract Tower,0,13,9,0,22,0,1,56,0,57,0,14,65,0,79,48,0,48,127
03/12/2019,JVL,WI,AGL,CE,Federal Contract Tower,0,7,6,3,16,0,0,75,2,77,0,7,81,5,93,46,2,48,141
03/13/2019,JVL,WI,AGL,CE,Federal Contract Tower,0,7,12,0,19,0,0,15,0,15,0,7,27,0,34,0,0,0,34
03/14/2019,JVL,WI,AGL,CE,Federal Contract Tower,0,12,2,0,14,0,0,1,0,1,0,12,3,0,15,0,0,0,15
03/15/2019,JVL,WI,AGL,CE,Federal Contract Tower,0,23,5,0,28,0,0,7,0,7,0,23,12,0,35,4,0,4,39
03/16/2019,JVL,WI,AGL,CE,Federal Contract Tower,0,7,10,0,17,0,0,178,6,184,0,7,188,6,201,78,6,84,285
03/17/2019,JVL,WI,AGL,CE,Federal Contract Tower,0,14,12,0,26,0,2,155,0,157,0,16,167,0,183,78,0,78,261
03/18/2019,JVL,WI,AGL,CE,Federal Contract Tower,0,11,9,0,20,0,0,42,0,42,0,11,51,0,62,60,0,60,122
03/19/2019,JVL,WI,AGL,CE,Federal Contract Tower,0,5,10,0,15,0,1,78,0,79,0,6,88,0,94,14,0,14,108
03/20/2019,JVL,WI,AGL,CE,Federal Contract Tower,0,23,6,0,29,0,0,4,0,4,0,23,10,0,33,0,0,0,33
03/21/2019,JVL,WI,AGL,CE,Federal Contract Tower,0,18,5,0,23,0,2,23,2,27,0,20,28,2,50,44,2,46,96
03/22/2019,JVL,WI,AGL,CE,Federal Contract Tower,0,18,6,1,25,0,1,42,1,44,0,19,48,2,69,48,0,48,117
03/23/2019,JVL,WI,AGL,CE,Federal Contract Tower,0,6,10,0,16,0,0,151,0,151,0,6,161,0,167,70,0,70,237
03/24/2019,JVL,WI,AGL,CE,Federal Contract Tower,0,8,8,0,16,0,0,4,0,4,0,8,12,0,20,0,0,0,20
03/25/2019,JVL,WI,AGL,CE,Federal Contract Tower,0,14,7,0,21,0,2,49,1,52,0,16,56,1,73,50,0,50,123
03/26/2019,JVL,WI,AGL,CE,Federal Contract Tower,0,6,11,0,17,0,1,59,0,60,0,7,70,0,77,26,0,26,103
03/27/2019,JVL,WI,AGL,CE,Federal Contract Tower,0,10,8,0,18,0,0,37,0,37,0,10,45,0,55,16,0,16,71
03/28/2019,JVL,WI,AGL,CE,Federal Contract Tower,0,17,5,0,22,0,0,52,0,52,0,17,57,0,74,32,0,32,106
03/29/2019,JVL,WI,AGL,CE,Federal Contract Tower,0,7,4,0,11,0,0,50,0,50,0,7,54,0,61,36,0,36,97
03/30/2019,JVL,WI,AGL,CE,Federal Contract Tower,0,8,7,0,15,0,0,34,0,34,0,8,41,0,49,24,0,24,73
03/31/2019,JVL,WI,AGL,CE,Federal Contract Tower,0,13,12,0,25,0,2,110,0,112,0,15,122,0,137,46,0,46,183
04/01/2019,JVL,WI,AGL,CE,Federal Contract Tower,0,11,10,0,21,0,2,21,0,23,0,13,31,0,44,16,0,16,60
04/02/2019,JVL,WI,AGL,CE,Federal Contract Tower,0,15,12,0,27,0,0,23,0,23,0,15,35,0,50,16,0,16,66
04/03/2019,JVL,WI,AGL,CE,Federal Contract Tower,0,12,11,0,23,0,0,61,0,61,0,12,72,0,84,16,0,16,100
04/04/2019,JVL,WI,AGL,CE,Federal Contract Tower,0,14,4,0,18,0,0,12,0,12,0,14,16,0,30,0,0,0,30
04/05/2019,JVL,WI,AGL,CE,Federal Contract Tower,0,21,5,0,26,0,1,5,0,6,0,22,10,0,32,0,0,0,32
04/06/2019,JVL,WI,AGL,CE,Federal Contract Tower,0,9,9,0,18,0,0,55,0,55,0,9,64,0,73,54,0,54,127
04/07/2019,JVL,WI,AGL,CE,Federal Contract Tower,0,17,8,0,25,0,0,10,0,10,0,17,18,0,35,0,0,0,35
04/08/2019,JVL,WI,AGL,CE,Federal Contract Tower,0,13,9,0,22,0,0,91,0,91,0,13,100,0,113,56,0,56,169
04/09/2019,JVL,WI,AGL,CE,Federal Contract Tower,0,13,13,0,26,0,1,70,0,71,0,14,83,0,97,86,0,86,183
04/10/2019,JVL,WI,AGL,CE,Federal Contract Tower,0,15,2,0,17,0,0,0,0,0,0,15,2,0,17,0,0,0,17
04/11/2019,JVL,WI,AGL,CE,Federal Contract Tower,0,21,0,0,21,0,0,0,0,0,0,21,0,0,21,0,0,0,21
04/12/2019,JVL,WI,AGL,CE,Federal Contract Tower,0,13,1,0,14,0,1,2,0,3,0,14,3,0,17,0,0,0,17
04/13/2019,JVL,WI,AGL,CE,Federal Contract Tower,0,8,10,0,18,0,1,110,0,111,0,9,120,0,129,64,0,64,193
04/14/2019,JVL,WI,AGL,CE,Federal Contract Tower,0,23,3,0,26,0,0,0,0,0,0,23,3,0,26,0,0,0,26
04/15/2019,JVL,WI,AGL,CE,Federal Contract Tower,0,13,10,0,23,0,0,52,2,54,0,13,62,2,77,26,14,40,117
04/16/2019,JVL,WI,AGL,CE,Federal Contract Tower,2,17,11,0,30,0,3,68,0,71,2,20,79,0,101,70,0,70,171
04/17/2019,JVL,WI,AGL,CE,Federal Contract Tower,0,13,12,1,26,0,0,2,0,2,0,13,14,1,28,12,0,12,40
04/19/2019,JVL,WI,AGL,CE,Federal Contract Tower,0,10,4,0,14,0,0,33,0,33,0,10,37,0,47,14,0,14,61
04/20/2019,JVL,WI,AGL,CE,Federal Contract Tower,0,3,7,0,10,0,0,140,0,140,0,3,147,0,150,74,0,74,224
04/21/2019,JVL,WI,AGL,CE,Federal Contract Tower,0,5,2,0,7,0,0,86,0,86,0,5,88,0,93,50,0,50,143
04/22/2019,JVL,WI,AGL,CE,Federal Contract Tower,0,24,3,1,28,0,0,20,1,21,0,24,23,2,49,6,0,6,55
04/23/2019,JVL,WI,AGL,CE,Federal Contract Tower,0,13,16,0,29,0,1,34,0,35,0,14,50,0,64,50,0,50,114
04/24/2019,JVL,WI,AGL,CE,Federal Contract Tower,0,11,18,0,29,0,0,86,2,88,0,11,104,2,117,54,4,58,175
04/25/2019,JVL,WI,AGL,CE,Federal Contract Tower,0,17,5,0,22,0,0,65,0,65,0,17,70,0,87,46,0,46,133
04/26/2019,JVL,WI,AGL,CE,Federal Contract Tower,0,25,7,0,32,0,3,26,0,29,0,28,33,0,61,6,0,6,67
04/27/2019,JVL,WI,AGL,CE,Federal Contract Tower,0,7,0,0,7,0,0,0,0,0,0,7,0,0,7,0,0,0,7
04/28/2019,JVL,WI,AGL,CE,Federal Contract Tower,0,13,17,0,30,0,3,129,0,132,0,16,146,0,162,86,0,86,248
04/29/2019,JVL,WI,AGL,CE,Federal Contract Tower,0,19,7,0,26,0,0,4,0,4,0,19,11,0,30,0,0,0,30
04/30/2019,JVL,WI,AGL,CE,Federal Contract Tower,0,8,4,0,12,0,0,0,0,0,0,8,4,0,12,0,0,0,12
05/01/2019,JVL,WI,AGL,CE,Federal Contract Tower,0,24,8,0,32,0,0,3,0,3,0,24,11,0,35,0,0,0,35
05/02/2019,JVL,WI,AGL,CE,Federal Contract Tower,0,13,3,1,17,0,0,1,1,2,0,13,4,2,19,0,0,0,19
05/03/2019,JVL,WI,AGL,CE,Federal Contract Tower,0,22,13,0,35,0,0,83,2,85,0,22,96,2,120,106,2,108,228
05/04/2019,JVL,WI,AGL,CE,Federal Contract Tower,0,8,11,0,19,0,0,203,0,203,0,8,214,0,222,438,0,438,660
05/05/2019,JVL,WI,AGL,CE,Federal Contract Tower,0,21,6,0,27,0,0,174,0,174,0,21,180,0,201,658,0,658,859
05/06/2019,JVL,WI,AGL,CE,Federal Contract Tower,0,19,21,0,40,0,0,96,0,96,0,19,117,0,136,432,0,432,568
05/07/2019,JVL,WI,AGL,CE,Federal Contract Tower,0,9,9,0,18,0,0,168,0,168,0,9,177,0,186,1340,0,1340,1526
05/08/2019,JVL,WI,AGL,CE,Federal Contract Tower,0,12,3,0,15,0,0,70,0,70,0,12,73,0,85,638,0,638,723
05/09/2019,JVL,WI,AGL,CE,Federal Contract Tower,0,17,8,0,25,0,2,201,2,205,0,19,209,2,230,1102,2,1104,1334
05/10/2019,JVL,WI,AGL,CE,Federal Contract Tower,0,26,14,0,40,0,2,254,0,256,0,28,268,0,296,1186,0,1186,1482
05/11/2019,JVL,WI,AGL,CE,Federal Contract Tower,0,3,10,0,13,0,0,384,0,384,0,3,394,0,397,1070,0,1070,1467
05/12/2019,JVL,WI,AGL,CE,Federal Contract Tower,0,5,14,0,19,0,0,304,0,304,0,5,318,0,323,1080,0,1080,1403
05/13/2019,JVL,WI,AGL,CE,Federal Contract Tower,0,12,11,2,25,0,0,61,0,61,0,12,72,2,86,48,0,48,134
05/14/2019,JVL,WI,AGL,CE,Federal Contract Tower,0,17,3,0,20,0,0,293,0,293,0,17,296,0,313,10,0,10,323
05/15/2019,JVL,WI,AGL,CE,Federal Contract Tower,2,14,5,0,21,0,0,196,0,196,2,14,201,0,217,644,0,644,861
05/16/2019,JVL,WI,AGL,CE,Federal Contract Tower,0,5,4,0,9,0,0,222,0,222,0,5,226,0,231,452,0,452,683
05/17/2019,JVL,WI,AGL,CE,Federal Contract Tower,3,16,8,0,27,0,1,320,0,321,3,17,328,0,348,678,0,678,1026
05/18/2019,JVL,WI,AGL,CE,Federal Contract Tower,0,5,12,0,17,0,0,58,0,58,0,5,70,0,75,60,0,60,135
05/19/2019,JVL,WI,AGL,CE,Federal Contract Tower,0,9,20,0,29,0,0,43,0,43,0,9,63,0,72,0,0,0,72
05/20/2019,JVL,WI,AGL,CE,Federal Contract Tower,0,9,20,0,29,0,0,52,0,52,0,9,72,0,81,44,0,44,125
05/21/2019,JVL,WI,AGL,CE,Federal Contract Tower,0,14,7,0,21,0,0,47,0,47,0,14,54,0,68,66,0,66,134
05/22/2019,JVL,WI,AGL,CE,Federal Contract Tower,0,14,5,0,19,0,0,30,0,30,0,14,35,0,49,32,0,32,81
05/23/2019,JVL,WI,AGL,CE,Federal Contract Tower,0,18,6,0,24,0,6,54,0,60,0,24,60,0,84,26,0,26,110
05/24/2019,JVL,WI,AGL,CE,Federal Contract Tower,0,22,0,0,22,0,0,13,0,13,0,22,13,0,35,16,0,16,51
05/25/2019,JVL,WI,AGL,CE,Federal Contract Tower,0,3,4,0,7,0,1,55,0,56,0,4,59,0,63,44,0,44,107
05/26/2019,JVL,WI,AGL,CE,Federal Contract Tower,0,8,4,0,12,0,0,102,0,102,0,8,106,0,114,26,0,26,140
05/27/2019,JVL,WI,AGL,CE,Federal Contract Tower,0,10,2,0,12,0,0,16,0,16,0,10,18,0,28,4,0,4,32
05/28/2019,JVL,WI,AGL,CE,Federal Contract Tower,0,25,8,0,33,0,0,5,0,5,0,25,13,0,38,4,0,4,42
05/29/2019,JVL,WI,AGL,CE,Federal Contract Tower,0,18,14,0,32,0,2,16,0,18,0,20,30,0,50,90,0,90,140
05/30/2019,JVL,WI,AGL,CE,Federal Contract Tower,0,12,8,0,20,0,0,48,2,50,0,12,56,2,70,44,10,54,124
05/31/2019,JVL,WI,AGL,CE,Federal Contract Tower,0,11,12,0,23,0,5,114,38,157,0,16,126,38,180,176,0,176,356
06/01/2019,JVL,WI,AGL,CE,Federal Contract Tower,0,6,6,0,12,0,0,35,0,35,0,6,41,0,47,54,0,54,101
06/02/2019,JVL,WI,AGL,CE,Federal Contract Tower,0,16,11,0,27,0,2,130,0,132,0,18,141,0,159,46,0,46,205
06/03/2019,JVL,WI,AGL,CE,Federal Contract Tower,0,27,3,0,30,0,0,61,0,61,0,27,64,0,91,72,0,72,163
06/04/2019,JVL,WI,AGL,CE,Federal Contract Tower,0,10,5,0,15,0,2,34,0,36,0,12,39,0,51,46,0,46,97
06/05/2019,JVL,WI,AGL,CE,Federal Contract Tower,0,15,5,0,20,0,0,40,0,40,0,15,45,0,60,42,0,42,102
06/06/2019,JVL,WI,AGL,CE,Federal Contract Tower,0,15,15,0,30,0,0,86,0,86,0,15,101,0,116,106,0,106,222
06/07/2019,JVL,WI,AGL,CE,Federal Contract Tower,0,23,9,0,32,0,4,120,0,124,0,27,129,0,156,152,0,152,308
06/08/2019,JVL,WI,AGL,CE,Federal Contract Tower,0,3,3,0,6,0,0,143,0,143,0,3,146,0,149,0,0,0,149
06/09/2019,JVL,WI,AGL,CE,Federal Contract Tower,0,13,12,0,25,0,0,31,0,31,0,13,43,0,56,42,0,42,98
06/10/2019,JVL,WI,AGL,CE,Federal Contract Tower,0,20,8,0,28,0,0,13,0,13,0,20,21,0,41,20,0,20,61
06/11/2019,JVL,WI,AGL,CE,Federal Contract Tower,0,25,2,1,28,0,0,90,0,90,0,25,92,1,118,94,2,96,214
06/12/2019,JVL,WI,AGL,CE,Federal Contract Tower,0,12,1,0,13,0,18,17,0,35,0,30,18,0,48,68,0,68,116
06/13/2019,JVL,WI,AGL,CE,Federal Contract Tower,0,13,5,0,18,0,0,38,0,38,0,13,43,0,56,110,0,110,166
06/14/2019,JVL,WI,AGL,CE,Federal Contract Tower,0,13,4,0,17,0,0,22,0,22,0,13,26,0,39,34,0,34,73
06/15/2019,JVL,WI,AGL,CE,Federal Contract Tower,0,3,6,0,9,0,0,21,0,21,0,3,27,0,30,56,0,56,86
06/16/2019,JVL,WI,AGL,CE,Federal Contract Tower,0,6,20,0,26,0,0,0,0,0,0,6,20,0,26,0,0,0,26
06/17/2019,JVL,WI,AGL,CE,Federal Contract Tower,0,12,21,0,33,0,0,27,0,27,0,12,48,0,60,30,0,30,90
06/18/2019,JVL,WI,AGL,CE,Federal Contract Tower,0,14,12,1,27,0,0,83,0,83,0,14,95,1,110,138,0,138,248
06/19/2019,JVL,WI,AGL,CE,Federal Contract Tower,0,15,11,0,26,0,0,8,0,8,0,15,19,0,34,10,0,10,44
06/20/2019,JVL,WI,AGL,CE,Federal Contract Tower,0,15,9,2,26,0,0,31,0,31,0,15,40,2,57,34,0,34,91
06/21/2019,JVL,WI,AGL,CE,Federal Contract Tower,0,10,2,1,13,0,0,111,1,112,0,10,113,2,125,98,0,98,223
06/22/2019,JVL,WI,AGL,CE,Federal Contract Tower,0,4,14,1,19,0,0,67,1,68,0,4,81,2,87,58,0,58,145
06/23/2019,JVL,WI,AGL,CE,Federal Contract Tower,0,10,5,0,15,0,0,6,0,6,0,10,11,0,21,6,0,6,27
06/24/2019,JVL,WI,AGL,CE,Federal Contract Tower,0,14,2,0,16,0,1,1,0,2,0,15,3,0,18,0,0,0,18
06/25/2019,JVL,WI,AGL,CE,Federal Contract Tower,0,10,6,0,16,0,1,66,0,67,0,11,72,0,83,54,0,54,137
06/26/2019,JVL,WI,AGL,CE,Federal Contract Tower,0,17,8,0,25,0,1,94,0,95,0,18,102,0,120,110,0,110,230
06/27/2019,JVL,WI,AGL,CE,Federal Contract Tower,0,16,3,0,19,0,3,61,0,64,0,19,64,0,83,130,0,130,213
06/28/2019,JVL,WI,AGL,CE,Federal Contract Tower,0,12,2,0,14,0,0,24,0,24,0,12,26,0,38,16,0,16,54
06/29/2019,JVL,WI,AGL,CE,Federal Contract Tower,0,5,8,2,15,0,1,61,0,62,0,6,69,2,77,52,0,52,129
06/30/2019,JVL,WI,AGL,CE,Federal Contract Tower,0,10,4,0,14,0,0,42,0,42,0,10,46,0,56,20,0,20,76
07/01/2019,JVL,WI,AGL,CE,Federal Contract Tower,0,9,4,1,14,0,0,31,3,34,0,9,35,4,48,60,0,60,108
07/02/2019,JVL,WI,AGL,CE,Federal Contract Tower,0,11,11,1,23,0,0,54,0,54,0,11,65,1,77,58,0,58,135
07/03/2019,JVL,WI,AGL,CE,Federal Contract Tower,0,13,5,0,18,0,5,29,0,34,0,18,34,0,52,60,0,60,112
07/04/2019,JVL,WI,AGL,CE,Federal Contract Tower,0,1,5,0,6,0,0,23,0,23,0,1,28,0,29,0,0,0,29
07/05/2019,JVL,WI,AGL,CE,Federal Contract Tower,0,6,5,0,11,0,0,44,0,44,0,6,49,0,55,4,0,4,59
07/06/2019,JVL,WI,AGL,CE,Federal Contract Tower,0,8,6,0,14,0,0,22,0,22,0,8,28,0,36,30,0,30,66
07/07/2019,JVL,WI,AGL,CE,Federal Contract Tower,0,9,10,0,19,0,0,95,0,95,0,9,105,0,114,84,0,84,198
07/08/2019,JVL,WI,AGL,CE,Federal Contract Tower,0,16,21,0,37,0,4,101,0,105,0,20,122,0,142,98,0,98,240
07/09/2019,JVL,WI,AGL,CE,Federal Contract Tower,0,19,7,1,27,0,2,102,1,105,0,21,109,2,132,180,0,180,312
07/10/2019,JVL,WI,AGL,CE,Federal Contract Tower,0,8,9,0,17,0,0,48,0,48,0,8,57,0,65,40,0,40,105
07/11/2019,JVL,WI,AGL,CE,Federal Contract Tower,0,17,9,0,26,0,0,73,2,75,0,17,82,2,101,54,4,58,159
07/12/2019,JVL,WI,AGL,CE,Federal Contract Tower,0,11,9,0,20,0,2,99,0,101,0,13,108,0,121,52,0,52,173
07/13/2019,JVL,WI,AGL,CE,Federal Contract Tower,0,9,5,0,14,0,0,97,0,97,0,9,102,0,111,92,0,92,203
07/14/2019,JVL,WI,AGL,CE,Federal Contract Tower,0,13,10,0,23,0,0,83,0,83,0,13,93,0,106,54,0,54,160
07/15/2019,JVL,WI,AGL,CE,Federal Contract Tower,0,17,13,1,31,0,0,74,2,76,0,17,87,3,107,62,4,66,173
07/16/2019,JVL,WI,AGL,CE,Federal Contract Tower,0,14,18,0,32,0,0,27,0,27,0,14,45,0,59,44,0,44,103
07/17/2019,JVL,WI,AGL,CE,Federal Contract Tower,0,18,9,0,27,0,0,74,2,76,0,18,83,2,103,58,0,58,161
07/18/2019,JVL,WI,AGL,CE,Federal Contract Tower,0,17,12,0,29,0,0,24,4,28,0,17,36,4,57,0,10,10,67
07/19/2019,JVL,WI,AGL,CE,Federal Contract Tower,0,11,17,0,28,0,0,106,45,151,0,11,123,45,179,64,54,118,297
07/20/2019,JVL,WI,AGL,CE,Federal Contract Tower,0,8,15,0,23,0,0,117,33,150,0,8,132,33,173,18,34,52,225
07/21/2019,JVL,WI,AGL,CE,Federal Contract Tower,0,9,12,0,21,0,0,104,39,143,0,9,116,39,164,54,20,74,238
07/22/2019,JVL,WI,AGL,CE,Federal Contract Tower,0,15,6,0,21,0,1,101,0,102,0,16,107,0,123,118,0,118,241
07/23/2019,JVL,WI,AGL,CE,Federal Contract Tower,2,18,2,0,22,0,1,108,2,111,2,19,110,2,133,190,0,190,323
07/24/2019,JVL,WI,AGL,CE,Federal Contract Tower,0,15,11,0,26,0,2,110,0,112,0,17,121,0,138,56,0,56,194
07/25/2019,JVL,WI,AGL,CE,Federal Contract Tower,0,16,3,0,19,0,0,84,0,84,0,16,87,0,103,184,0,184,287
07/26/2019,JVL,WI,AGL,CE,Federal Contract Tower,0,13,7,0,20,0,0,81,0,81,0,13,88,0,101,88,0,88,189
07/27/2019,JVL,WI,AGL,CE,Federal Contract Tower,0,6,0,0,6,0,0,95,0,95,0,6,95,0,101,78,0,78,179
07/28/2019,JVL,WI,AGL,CE,Federal Contract Tower,0,13,5,0,18,0,0,98,0,98,0,13,103,0,116,78,0,78,194
07/29/2019,JVL,WI,AGL,CE,Federal Contract Tower,0,15,8,0,23,0,0,33,0,33,0,15,41,0,56,168,0,168,224
07/30/2019,JVL,WI,AGL,CE,Federal Contract Tower,0,15,11,0,26,0,0,94,0,94,0,15,105,0,120,190,0,190,310
07/31/2019,JVL,WI,AGL,CE,Federal Contract Tower,0,18,5,0,23,0,0,117,0,117,0,18,122,0,140,108,0,108,248
08/01/2019,JVL,WI,AGL,CE,Federal Contract Tower,0,13,12,0,25,0,0,94,0,94,0,13,106,0,119,68,0,68,187
08/02/2019,JVL,WI,AGL,CE,Federal Contract Tower,0,9,5,0,14,0,0,101,0,101,0,9,106,0,115,64,0,64,179
08/03/2019,JVL,WI,AGL,CE,Federal Contract Tower,0,7,8,0,15,0,6,94,0,100,0,13,102,0,115,86,0,86,201
08/04/2019,JVL,WI,AGL,CE,Federal Contract Tower,0,4,6,0,10,0,0,82,0,82,0,4,88,0,92,56,0,56,148
08/05/2019,JVL,WI,AGL,CE,Federal Contract Tower,0,16,9,0,25,0,0,105,0,105,0,16,114,0,130,184,0,184,314
08/06/2019,JVL,WI,AGL,CE,Federal Contract Tower,0,14,10,0,24,0,0,106,2,108,0,14,116,2,132,184,0,184,316
08/07/2019,JVL,WI,AGL,CE,Federal Contract Tower,0,19,2,0,21,0,0,88,2,90,0,19,90,2,111,160,8,168,279
08/08/2019,JVL,WI,AGL,CE,Federal Contract Tower,0,30,18,0,48,0,0,75,0,75,0,30,93,0,123,84,0,84,207
08/09/2019,JVL,WI,AGL,CE,Federal Contract Tower,0,17,11,0,28,0,1,91,0,92,0,18,102,0,120,52,0,52,172
08/10/2019,JVL,WI,AGL,CE,Federal Contract Tower,0,2,12,0,14,0,0,120,0,120,0,2,132,0,134,92,0,92,226
08/11/2019,JVL,WI,AGL,CE,Federal Contract Tower,0,12,5,0,17,0,0,21,0,21,0,12,26,0,38,12,0,12,50
08/12/2019,JVL,WI,AGL,CE,Federal Contract Tower,0,9,9,0,18,0,0,13,0,13,0,9,22,0,31,40,0,40,71
08/13/2019,JVL,WI,AGL,CE,Federal Contract Tower,0,16,10,0,26,0,0,50,0,50,0,16,60,0,76,140,0,140,216
08/14/2019,JVL,WI,AGL,CE,Federal Contract Tower,0,13,23,0,36,0,0,37,0,37,0,13,60,0,73,50,0,50,123
08/15/2019,JVL,WI,AGL,CE,Federal Contract Tower,0,38,15,0,53,0,0,121,2,123,0,38,136,2,176,118,4,122,298
08/16/2019,JVL,WI,AGL,CE,Federal Contract Tower,0,13,4,0,17,0,0,45,0,45,0,13,49,0,62,64,0,64,126
08/17/2019,JVL,WI,AGL,CE,Federal Contract Tower,0,5,6,0,11,0,0,96,0,96,0,5,102,0,107,60,0,60,167
08/18/2019,JVL,WI,AGL,CE,Federal Contract Tower,0,9,2,0,11,0,0,21,0,21,0,9,23,0,32,10,0,10,42
08/19/2019,JVL,WI,AGL,CE,Federal Contract Tower,0,10,9,0,19,0,0,113,0,113,0,10,122,0,132,164,0,164,296
08/20/2019,JVL,WI,AGL,CE,Federal Contract Tower,0,33,0,0,33,0,0,11,2,13,0,33,11,2,46,12,2,14,60
08/21/2019,JVL,WI,AGL,CE,Federal Contract Tower,0,12,7,0,19,0,0,49,0,49,0,12,56,0,68,38,0,38,106
08/22/2019,JVL,WI,AGL,CE,Federal Contract Tower,0,15,10,0,25,0,0,83,2,85,0,15,93,2,110,112,4,116,226
08/23/2019,JVL,WI,AGL,CE,Federal Contract Tower,0,11,9,0,20,0,0,85,0,85,0,11,94,0,105,42,0,42,147
08/24/2019,JVL,WI,AGL,CE,Federal Contract Tower,0,11,9,0,20,0,3,116,7,126,0,14,125,7,146,84,0,84,230
08/25/2019,JVL,WI,AGL,CE,Federal Contract Tower,0,9,10,0,19,0,7,97,0,104,0,16,107,0,123,90,0,90,213
08/26/2019,JVL,WI,AGL,CE,Federal Contract Tower,0,9,2,0,11,0,0,0,0,0,0,9,2,0,11,2,0,2,13
08/27/2019,JVL,WI,AGL,CE,Federal Contract Tower,0,12,16,0,28,0,2,81,0,83,0,14,97,0,111,92,0,92,203
08/28/2019,JVL,WI,AGL,CE,Federal Contract Tower,0,16,4,0,20,0,0,25,0,25,0,16,29,0,45,18,0,18,63
08/29/2019,JVL,WI,AGL,CE,Federal Contract Tower,0,15,14,0,29,0,0,53,0,53,0,15,67,0,82,16,0,16,98
08/30/2019,JVL,WI,AGL,CE,Federal Contract Tower,0,8,19,1,28,0,0,102,1,103,0,8,121,2,131,68,0,68,199
08/31/2019,JVL,WI,AGL,CE,Federal Contract Tower,0,6,13,0,19,0,0,110,0,110,0,6,123,0,129,62,0,62,191
09/01/2019,JVL,WI,AGL,CE,Federal Contract Tower,0,3,25,0,28,0,0,22,0,22,0,3,47,0,50,94,0,94,144
09/02/2019,JVL,WI,AGL,CE,Federal Contract Tower,0,13,1,0,14,0,1,128,0,129,0,14,129,0,143,98,0,98,241
09/03/2019,JVL,WI,AGL,CE,Federal Contract Tower,0,23,12,0,35,0,0,6,0,6,0,23,18,0,41,16,0,16,57
09/04/2019,JVL,WI,AGL,CE,Federal Contract Tower,0,13,17,0,30,0,0,69,0,69,0,13,86,0,99,160,0,160,259
09/05/2019,JVL,WI,AGL,CE,Federal Contract Tower,0,11,10,0,21,0,2,108,0,110,0,13,118,0,131,120,0,120,251
09/06/2019,JVL,WI,AGL,CE,Federal Contract Tower,0,16,14,0,30,0,2,25,0,27,0,18,39,0,57,40,0,40,97
09/07/2019,JVL,WI,AGL,CE,Federal Contract Tower,0,14,10,0,24,0,0,126,0,126,0,14,136,0,150,94,0,94,244
09/08/2019,JVL,WI,AGL,CE,Federal Contract Tower,0,16,9,0,25,0,0,32,0,32,0,16,41,0,57,102,0,102,159
09/09/2019,JVL,WI,AGL,CE,Federal Contract Tower,0,8,3,0,11,0,0,5,0,5,0,8,8,0,16,52,0,52,68
09/10/2019,JVL,WI,AGL,CE,Federal Contract Tower,0,12,8,0,20,0,24,19,0,43,0,36,27,0,63,88,0,88,151
09/11/2019,JVL,WI,AGL,CE,Federal Contract Tower,0,15,2,0,17,0,2,43,0,45,0,17,45,0,62,66,0,66,128
09/12/2019,JVL,WI,AGL,CE,Federal Contract Tower,0,14,3,0,17,0,0,5,0,5,0,14,8,0,22,14,0,14,36
09/13/2019,JVL,WI,AGL,CE,Federal Contract Tower,0,10,8,0,18,0,0,32,2,34,0,10,40,2,52,46,0,46,98
09/14/2019,JVL,WI,AGL,CE,Federal Contract Tower,0,5,8,0,13,0,0,146,0,146,0,5,154,0,159,98,0,98,257
09/15/2019,JVL,WI,AGL,CE,Federal Contract Tower,0,15,9,0,24,0,0,19,0,19,0,15,28,0,43,50,0,50,93
09/16/2019,JVL,WI,AGL,CE,Federal Contract Tower,0,20,5,0,25,0,1,37,0,38,0,21,42,0,63,96,0,96,159
09/17/2019,JVL,WI,AGL,CE,Federal Contract Tower,0,22,10,0,32,0,0,28,0,28,0,22,38,0,60,30,0,30,90
09/18/2019,JVL,WI,AGL,CE,Federal Contract Tower,0,17,5,0,22,0,1,76,4,81,0,18,81,4,103,56,8,64,167
09/19/2019,JVL,WI,AGL,CE,Federal Contract Tower,0,20,5,0,25,0,0,50,0,50,0,20,55,0,75,78,0,78,153
09/20/2019,JVL,WI,AGL,CE,Federal Contract Tower,0,19,18,0,37,0,0,67,0,67,0,19,85,0,104,148,0,148,252
09/21/2019,JVL,WI,AGL,CE,Federal Contract Tower,0,11,8,0,19,0,0,18,0,18,0,11,26,0,37,12,0,12,49
09/22/2019,JVL,WI,AGL,CE,Federal Contract Tower,0,19,4,0,23,0,0,0,0,0,0,19,4,0,23,0,0,0,23
09/23/2019,JVL,WI,AGL,CE,Federal Contract Tower,0,16,17,0,33,0,0,91,0,91,0,16,108,0,124,136,0,136,260
09/24/2019,JVL,WI,AGL,CE,Federal Contract Tower,0,16,13,0,29,0,0,69,0,69,0,16,82,0,98,64,0,64,162
09/25/2019,JVL,WI,AGL,CE,Federal Contract Tower,0,10,12,0,22,0,0,39,0,39,0,10,51,0,61,82,0,82,143
09/26/2019,JVL,WI,AGL,CE,Federal Contract Tower,0,24,10,1,35,0,0,116,0,116,0,24,126,1,151,122,2,124,275
09/27/2019,JVL,WI,AGL,CE,Federal Contract Tower,0,18,1,0,19,0,0,0,0,0,0,18,1,0,19,0,0,0,19
09/28/2019,JVL,WI,AGL,CE,Federal Contract Tower,0,6,17,0,23,0,0,45,0,45,0,6,62,0,68,32,0,32,100
09/29/2019,JVL,WI,AGL,CE,Federal Contract Tower,0,10,2,0,12,0,0,0,0,0,0,10,2,0,12,0,0,0,12
09/30/2019,JVL,WI,AGL,CE,Federal Contract Tower,0,8,14,2,24,0,0,53,0,53,0,8,67,2,77,104,0,104,181
10/01/2019,JVL,WI,AGL,CE,Federal Contract Tower,0,15,8,0,23,0,1,17,0,18,0,16,25,0,41,4,0,4,45
10/02/2019,JVL,WI,AGL,CE,Federal Contract Tower,0,19,10,0,29,0,0,0,0,0,0,19,10,0,29,0,0,0,29
10/03/2019,JVL,WI,AGL,CE,Federal Contract Tower,0,20,12,0,32,0,0,16,0,16,0,20,28,0,48,16,0,16,64
10/04/2019,JVL,WI,AGL,CE,Federal Contract Tower,0,20,18,1,39,0,0,103,0,103,0,20,121,1,142,132,2,134,276
10/05/2019,JVL,WI,AGL,CE,Federal Contract Tower,0,4,1,0,5,0,0,23,0,23,0,4,24,0,28,26,0,26,54
10/06/2019,JVL,WI,AGL,CE,Federal Contract Tower,0,15,9,0,24,0,1,153,0,154,0,16,162,0,178,78,0,78,256
10/07/2019,JVL,WI,AGL,CE,Federal Contract Tower,0,15,4,0,19,0,0,92,0,92,0,15,96,0,111,82,0,82,193
10/08/2019,JVL,WI,AGL,CE,Federal Contract Tower,0,15,6,0,21,0,0,98,1,99,0,15,104,1,120,118,0,118,238
10/09/2019,JVL,WI,AGL,CE,Federal Contract Tower,0,17,7,0,24,0,0,111,0,111,0,17,118,0,135,210,0,210,345
10/10/2019,JVL,WI,AGL,CE,Federal Contract Tower,0,27,4,0,31,0,0,85,0,85,0,27,89,0,116,52,0,52,168
10/11/2019,JVL,WI,AGL,CE,Federal Contract Tower,0,10,2,0,12,0,0,33,0,33,0,10,35,0,45,42,0,42,87
10/12/2019,JVL,WI,AGL,CE,Federal Contract Tower,0,6,5,0,11,0,0,28,0,28,0,6,33,0,39,6,0,6,45
10/13/2019,JVL,WI,AGL,CE,Federal Contract Tower,0,24,3,0,27,0,4,48,2,54,0,28,51,2,81,52,0,52,133
10/14/2019,JVL,WI,AGL,CE,Federal Contract Tower,0,16,1,0,17,0,6,124,0,130,0,22,125,0,147,124,0,124,271
10/15/2019,JVL,WI,AGL,CE,Federal Contract Tower,0,12,2,1,15,0,13,49,0,62,0,25,51,1,77,64,2,66,143
10/16/2019,JVL,WI,AGL,CE,Federal Contract Tower,0,13,3,0,16,0,0,26,0,26,0,13,29,0,42,80,0,80,122
10/17/2019,JVL,WI,AGL,CE,Federal Contract Tower,0,12,14,1,27,0,0,105,1,106,0,12,119,2,133,158,0,158,291
10/18/2019,JVL,WI,AGL,CE,Federal Contract Tower,2,21,13,0,36,0,0,110,0,110,2,21,123,0,146,100,0,100,246
10/19/2019,JVL,WI,AGL,CE,Federal Contract Tower,0,7,14,0,21,0,0,111,0,111,0,7,125,0,132,56,0,56,188
10/20/2019,JVL,WI,AGL,CE,Federal Contract Tower,0,10,14,0,24,0,0,87,0,87,0,10,101,0,111,70,0,70,181
10/21/2019,JVL,WI,AGL,CE,Federal Contract Tower,0,15,0,0,15,0,1,1,0,2,0,16,1,0,17,0,0,0,17
10/22/2019,JVL,WI,AGL,CE,Federal Contract Tower,0,12,0,0,12,0,0,0,0,0,0,12,0,0,12,0,0,0,12
10/23/2019,JVL,WI,AGL,CE,Federal Contract Tower,0,15,19,0,34,0,0,83,4,87,0,15,102,4,121,182,10,192,313
10/24/2019,JVL,WI,AGL,CE,Federal Contract Tower,0,10,14,1,25,0,0,108,1,109,0,10,122,2,134,64,4,68,202
10/25/2019,JVL,WI,AGL,CE,Federal Contract Tower,0,21,12,0,33,0,2,132,0,134,0,23,144,0,167,130,0,130,297
10/26/2019,JVL,WI,AGL,CE,Federal Contract Tower,0,10,3,0,13,0,0,76,0,76,0,10,79,0,89,80,0,80,169
10/27/2019,JVL,WI,AGL,CE,Federal Contract Tower,0,15,9,0,24,0,2,130,0,132,0,17,139,0,156,82,0,82,238
10/28/2019,JVL,WI,AGL,CE,Federal Contract Tower,0,18,6,0,24,0,0,20,0,20,0,18,26,0,44,56,0,56,100
10/29/2019,JVL,WI,AGL,CE,Federal Contract Tower,0,16,0,0,16,0,0,37,0,37,0,16,37,0,53,94,0,94,147
10/30/2019,JVL,WI,AGL,CE,Federal Contract Tower,0,12,1,0,13,0,0,7,5,12,0,12,8,5,25,28,6,34,59
10/31/2019,JVL,WI,AGL,CE,Federal Contract Tower,0,13,0,0,13,0,3,0,0,3,0,16,0,0,16,0,0,0,16
11/01/2019,JVL,WI,AGL,CE,Federal Contract Tower,0,21,3,0,24,0,3,31,0,34,0,24,34,0,58,78,0,78,136
11/02/2019,JVL,WI,AGL,CE,Federal Contract Tower,0,4,6,0,10,0,0,16,0,16,0,4,22,0,26,34,0,34,60
11/03/2019,JVL,WI,AGL,CE,Federal Contract Tower,0,16,6,0,22,0,1,99,0,100,0,17,105,0,122,60,0,60,182
11/04/2019,JVL,WI,AGL,CE,Federal Contract Tower,0,11,2,1,14,0,0,24,0,24,0,11,26,1,38,30,0,30,68
11/05/2019,JVL,WI,AGL,CE,Federal Contract Tower,0,11,8,0,19,0,0,58,0,58,0,11,66,0,77,48,0,48,125
11/06/2019,JVL,WI,AGL,CE,Federal Contract Tower,0,10,2,0,12,0,0,9,0,9,0,10,11,0,21,30,0,30,51
11/07/2019,JVL,WI,AGL,CE,Federal Contract Tower,0,27,18,0,45,0,4,77,1,82,0,31,95,1,127,92,2,94,221
11/08/2019,JVL,WI,AGL,CE,Federal Contract Tower,0,7,18,0,25,0,0,99,0,99,0,7,117,0,124,108,0,108,232
11/09/2019,JVL,WI,AGL,CE,Federal Contract Tower,0,6,7,0,13,0,1,143,0,144,0,7,150,0,157,80,0,80,237
11/10/2019,JVL,WI,AGL,CE,Federal Contract Tower,0,15,8,0,23,0,0,4,0,4,0,15,12,0,27,24,0,24,51
11/11/2019,JVL,WI,AGL,CE,Federal Contract Tower,0,15,1,0,16,0,0,0,0,0,0,15,1,0,16,0,0,0,16
11/12/2019,JVL,WI,AGL,CE,Federal Contract Tower,0,18,13,1,32,0,0,32,1,33,0,18,45,2,65,48,2,50,115
11/13/2019,JVL,WI,AGL,CE,Federal Contract Tower,0,23,0,0,23,0,0,20,0,20,0,23,20,0,43,66,0,66,109
11/14/2019,JVL,WI,AGL,CE,Federal Contract Tower,0,23,2,1,26,0,0,18,0,18,0,23,20,1,44,24,2,26,70
11/15/2019,JVL,WI,AGL,CE,Federal Contract Tower,0,8,7,0,15,0,0,114,0,114,0,8,121,0,129,132,0,132,261
11/16/2019,JVL,WI,AGL,CE,Federal Contract Tower,0,4,11,0,15,0,1,127,0,128,0,5,138,0,143,124,0,124,267
11/17/2019,JVL,WI,AGL,CE,Federal Contract Tower,0,14,4,0,18,0,0,16,0,16,0,14,20,0,34,12,0,12,46
11/18/2019,JVL,WI,AGL,CE,Federal Contract Tower,0,16,2,0,18,0,0,9,0,9,0,16,11,0,27,0,0,0,27
11/19/2019,JVL,WI,AGL,CE,Federal Contract Tower,0,11,2,0,13,0,0,0,0,0,0,11,2,0,13,0,0,0,13
11/20/2019,JVL,WI,AGL,CE,Federal Contract Tower,0,19,4,0,23,0,1,29,0,30,0,20,33,0,53,60,0,60,113
11/21/2019,JVL,WI,AGL,CE,Federal Contract Tower,0,21,0,0,21,0,0,0,0,0,0,21,0,0,21,0,0,0,21
11/22/2019,JVL,WI,AGL,CE,Federal Contract Tower,0,24,14,0,38,0,1,120,0,121,0,25,134,0,159,80,0,80,239
11/23/2019,JVL,WI,AGL,CE,Federal Contract Tower,0,4,11,0,15,0,0,139,0,139,0,4,150,0,154,84,0,84,238
11/24/2019,JVL,WI,AGL,CE,Federal Contract Tower,0,14,4,0,18,0,2,159,0,161,0,16,163,0,179,34,0,34,213
11/25/2019,JVL,WI,AGL,CE,Federal Contract Tower,0,15,7,2,24,0,0,90,0,90,0,15,97,2,114,134,4,138,252
11/26/2019,JVL,WI,AGL,CE,Federal Contract Tower,0,21,15,1,37,0,1,58,1,60,0,22,73,2,97,62,0,62,159
11/27/2019,JVL,WI,AGL,CE,Federal Contract Tower,0,14,0,0,14,0,0,1,0,1,0,14,1,0,15,0,0,0,15
11/28/2019,JVL,WI,AGL,CE,Federal Contract Tower,0,2,1,0,3,0,0,0,0,0,0,2,1,0,3,2,0,2,5
11/29/2019,JVL,WI,AGL,CE,Federal Contract Tower,0,4,1,0,5,0,0,0,0,0,0,4,1,0,5,0,0,0,5
11/30/2019,JVL,WI,AGL,CE,Federal Contract Tower,0,17,0,0,17,0,0,0,0,0,0,17,0,0,17,0,0,0,17
12/01/2019,JVL,WI,AGL,CE,Federal Contract Tower,0,10,0,0,10,0,0,0,0,0,0,10,0,0,10,0,0,0,10
12/02/2019,JVL,WI,AGL,CE,Federal Contract Tower,0,18,2,1,21,0,2,58,7,67,0,20,60,8,88,58,0,58,146
12/03/2019,JVL,WI,AGL,CE,Federal Contract Tower,0,9,12,0,21,0,5,72,0,77,0,14,84,0,98,98,0,98,196
12/04/2019,JVL,WI,AGL,CE,Federal Contract Tower,0,14,4,0,18,0,0,30,0,30,0,14,34,0,48,22,0,22,70
12/05/2019,JVL,WI,AGL,CE,Federal Contract Tower,0,23,10,0,33,0,6,124,0,130,0,29,134,0,163,134,32,166,329
12/06/2019,JVL,WI,AGL,CE,Federal Contract Tower,0,13,9,0,22,0,0,70,0,70,0,13,79,0,92,80,0,80,172
12/07/2019,JVL,WI,AGL,CE,Federal Contract Tower,0,9,10,0,19,0,0,128,0,128,0,9,138,0,147,80,0,80,227
12/08/2019,JVL,WI,AGL,CE,Federal Contract Tower,0,15,11,0,26,0,0,30,0,30,0,15,41,0,56,72,0,72,128
12/09/2019,JVL,WI,AGL,CE,Federal Contract Tower,0,13,1,0,14,0,0,0,0,0,0,13,1,0,14,0,0,0,14
12/10/2019,JVL,WI,AGL,CE,Federal Contract Tower,0,13,3,0,16,0,0,27,0,27,0,13,30,0,43,20,0,20,63
12/11/2019,JVL,WI,AGL,CE,Federal Contract Tower,0,14,5,0,19,0,0,51,0,51,0,14,56,0,70,40,0,40,110
12/12/2019,JVL,WI,AGL,CE,Federal Contract Tower,0,7,5,0,12,0,1,4,0,5,0,8,9,0,17,0,0,0,17
12/13/2019,JVL,WI,AGL,CE,Federal Contract Tower,0,24,4,0,28,0,0,36,0,36,0,24,40,0,64,14,0,14,78
12/14/2019,JVL,WI,AGL,CE,Federal Contract Tower,0,1,0,0,1,0,0,4,0,4,0,1,4,0,5,22,0,22,27
12/15/2019,JVL,WI,AGL,CE,Federal Contract Tower,0,12,11,0,23,0,1,123,0,124,0,13,134,0,147,122,0,122,269
12/16/2019,JVL,WI,AGL,CE,Federal Contract Tower,0,8,4,0,12,0,0,21,0,21,0,8,25,0,33,44,0,44,77
12/17/2019,JVL,WI,AGL,CE,Federal Contract Tower,0,18,8,1,27,0,0,11,0,11,0,18,19,1,38,42,2,44,82
12/18/2019,JVL,WI,AGL,CE,Federal Contract Tower,0,18,3,1,22,0,1,69,0,70,0,19,72,1,92,60,0,60,152
12/19/2019,JVL,WI,AGL,CE,Federal Contract Tower,0,11,7,0,18,0,1,49,0,50,0,12,56,0,68,66,0,66,134
12/20/2019,JVL,WI,AGL,CE,Federal Contract Tower,0,9,4,0,13,0,1,52,0,53,0,10,56,0,66,94,0,94,160
12/21/2019,JVL,WI,AGL,CE,Federal Contract Tower,0,6,8,0,14,0,6,185,0,191,0,12,193,0,205,100,0,100,305
12/22/2019,JVL,WI,AGL,CE,Federal Contract Tower,0,7,7,0,14,0,0,185,0,185,0,7,192,0,199,100,0,100,299
12/23/2019,JVL,WI,AGL,CE,Federal Contract Tower,0,14,5,0,19,0,0,106,2,108,0,14,111,2,127,74,0,74,201
12/24/2019,JVL,WI,AGL,CE,Federal Contract Tower,0,0,2,0,2,0,0,9,0,9,0,0,11,0,11,2,0,2,13
12/25/2019,JVL,WI,AGL,CE,Federal Contract Tower,0,0,2,0,2,0,0,7,0,7,0,0,9,0,9,8,0,8,17
12/26/2019,JVL,WI,AGL,CE,Federal Contract Tower,0,23,7,0,30,0,1,32,0,33,0,24,39,0,63,28,0,28,91
12/27/2019,JVL,WI,AGL,CE,Federal Contract Tower,0,12,4,0,16,0,0,26,0,26,0,12,30,0,42,72,0,72,114
12/28/2019,JVL,WI,AGL,CE,Federal Contract Tower,0,6,0,0,6,0,0,0,0,0,0,6,0,0,6,0,0,0,6
12/29/2019,JVL,WI,AGL,CE,Federal Contract Tower,0,5,7,0,12,0,0,13,0,13,0,5,20,0,25,38,0,38,63
12/30/2019,JVL,WI,AGL,CE,Federal Contract Tower,0,7,0,3,10,0,0,2,1,3,0,7,2,4,13,0,12,12,25
12/31/2019,JVL,WI,AGL,CE,Federal Contract Tower,0,4,0,0,4,0,0,0,0,0,0,4,0,0,4,0,0,0,4
01/01/2020,JVL,WI,AGL,CE,Federal Contract Tower,0,6,1,0,7,0,0,40,0,40,0,6,41,0,47,54,0,54,101
01/02/2020,JVL,WI,AGL,CE,Federal Contract Tower,0,11,3,0,14,0,0,40,0,40,0,11,43,0,54,26,0,26,80
01/03/2020,JVL,WI,AGL,CE,Federal Contract Tower,0,19,2,0,21,0,0,19,0,19,0,19,21,0,40,70,0,70,110
01/04/2020,JVL,WI,AGL,CE,Federal Contract Tower,0,10,2,0,12,0,0,47,0,47,0,10,49,0,59,84,0,84,143
01/05/2020,JVL,WI,AGL,CE,Federal Contract Tower,0,11,2,0,13,0,1,18,0,19,0,12,20,0,32,10,0,10,42
01/06/2020,JVL,WI,AGL,CE,Federal Contract Tower,0,11,15,0,26,0,0,75,0,75,0,11,90,0,101,52,0,52,153
01/07/2020,JVL,WI,AGL,CE,Federal Contract Tower,0,15,8,0,23,0,0,33,0,33,0,15,41,0,56,60,0,60,116
01/08/2020,JVL,WI,AGL,CE,Federal Contract Tower,0,10,8,0,18,0,0,76,0,76,0,10,84,0,94,56,0,56,150
01/09/2020,JVL,WI,AGL,CE,Federal Contract Tower,0,20,0,0,20,0,0,3,0,3,0,20,3,0,23,0,0,0,23
01/10/2020,JVL,WI,AGL,CE,Federal Contract Tower,0,14,2,3,19,0,0,20,0,20,0,14,22,3,39,32,0,32,71
01/11/2020,JVL,WI,AGL,CE,Federal Contract Tower,0,0,2,0,2,0,0,1,0,1,0,0,3,0,3,0,0,0,3
01/12/2020,JVL,WI,AGL,CE,Federal Contract Tower,0,19,0,0,19,0,0,14,0,14,0,19,14,0,33,18,0,18,51
01/13/2020,JVL,WI,AGL,CE,Federal Contract Tower,0,14,0,0,14,0,0,4,0,4,0,14,4,0,18,10,0,10,28
01/14/2020,JVL,WI,AGL,CE,Federal Contract Tower,0,11,0,2,13,0,0,3,2,5,0,11,3,4,18,0,2,2,20
01/15/2020,JVL,WI,AGL,CE,Federal Contract Tower,0,9,1,0,10,0,0,0,0,0,0,9,1,0,10,0,0,0,10
01/16/2020,JVL,WI,AGL,CE,Federal Contract Tower,0,12,12,0,24,0,1,55,0,56,0,13,67,0,80,82,0,82,162
01/17/2020,JVL,WI,AGL,CE,Federal Contract Tower,0,17,8,0,25,0,0,26,0,26,0,17,34,0,51,8,0,8,59
01/18/2020,JVL,WI,AGL,CE,Federal Contract Tower,0,2,0,0,2,0,0,0,0,0,0,2,0,0,2,0,0,0,2
01/19/2020,JVL,WI,AGL,CE,Federal Contract Tower,0,8,1,0,9,0,0,25,0,25,0,8,26,0,34,146,0,146,180
01/20/2020,JVL,WI,AGL,CE,Federal Contract Tower,0,18,16,0,34,0,0,71,0,71,0,18,87,0,105,58,0,58,163
01/21/2020,JVL,WI,AGL,CE,Federal Contract Tower,0,17,5,1,23,0,0,91,0,91,0,17,96,1,114,80,0,80,194
01/22/2020,JVL,WI,AGL,CE,Federal Contract Tower,0,7,10,0,17,0,0,52,0,52,0,7,62,0,69,50,0,50,119
01/23/2020,JVL,WI,AGL,CE,Federal Contract Tower,0,17,0,0,17,0,0,0,0,0,0,17,0,0,17,0,0,0,17
01/24/2020,JVL,WI,AGL,CE,Federal Contract Tower,0,14,0,0,14,0,0,0,0,0,0,14,0,0,14,0,0,0,14
01/25/2020,JVL,WI,AGL,CE,Federal Contract Tower,0,5,1,0,6,0,0,0,0,0,0,5,1,0,6,0,0,0,6
01/26/2020,JVL,WI,AGL,CE,Federal Contract Tower,0,13,0,0,13,0,0,5,0,5,0,13,5,0,18,32,0,32,50
01/27/2020,JVL,WI,AGL,CE,Federal Contract Tower,0,5,3,0,8,0,0,0,0,0,0,5,3,0,8,2,0,2,10
01/28/2020,JVL,WI,AGL,CE,Federal Contract Tower,0,21,0,1,22,0,1,8,2,11,0,22,8,3,33,28,28,56,89
01/29/2020,JVL,WI,AGL,CE,Federal Contract Tower,0,13,0,1,14,0,0,27,0,27,0,13,27,1,41,66,2,68,109
01/30/2020,JVL,WI,AGL,CE,Federal Contract Tower,0,26,3,1,30,0,0,22,0,22,0,26,25,1,52,48,0,48,100
01/31/2020,JVL,WI,AGL,CE,Federal Contract Tower,0,18,0,0,18,0,0,0,0,0,0,18,0,0,18,0,0,0,18
02/01/2020,JVL,WI,AGL,CE,Federal Contract Tower,0,3,0,0,3,0,0,5,0,5,0,3,5,0,8,40,0,40,48
02/02/2020,JVL,WI,AGL,CE,Federal Contract Tower,0,9,10,0,19,0,4,75,0,79,0,13,85,0,98,44,0,44,142
02/03/2020,JVL,WI,AGL,CE,Federal Contract Tower,0,18,9,0,27,0,1,69,0,70,0,19,78,0,97,52,0,52,149
02/04/2020,JVL,WI,AGL,CE,Federal Contract Tower,0,12,1,0,13,0,0,26,0,26,0,12,27,0,39,48,0,48,87
02/05/2020,JVL,WI,AGL,CE,Federal Contract Tower,0,10,4,1,15,0,0,58,0,58,0,10,62,1,73,70,2,72,145
02/06/2020,JVL,WI,AGL,CE,Federal Contract Tower,0,10,1,3,14,0,0,23,0,23,0,10,24,3,37,52,0,52,89
02/07/2020,JVL,WI,AGL,CE,Federal Contract Tower,0,19,17,0,36,0,2,99,0,101,0,21,116,0,137,124,0,124,261
02/08/2020,JVL,WI,AGL,CE,Federal Contract Tower,0,12,10,0,22,0,0,111,0,111,0,12,121,0,133,114,0,114,247
02/09/2020,JVL,WI,AGL,CE,Federal Contract Tower,0,8,0,0,8,0,0,0,0,0,0,8,0,0,8,0,0,0,8
02/10/2020,JVL,WI,AGL,CE,Federal Contract Tower,0,26,3,0,29,0,1,48,0,49,0,27,51,0,78,74,0,74,152
02/11/2020,JVL,WI,AGL,CE,Federal Contract Tower,0,20,9,0,29,0,0,70,0,70,0,20,79,0,99,62,0,62,161
02/12/2020,JVL,WI,AGL,CE,Federal Contract Tower,0,13,9,0,22,0,0,43,0,43,0,13,52,0,65,78,0,78,143
02/13/2020,JVL,WI,AGL,CE,Federal Contract Tower,0,18,1,0,19,0,0,1,0,1,0,18,2,0,20,0,0,0,20
02/14/2020,JVL,WI,AGL,CE,Federal Contract Tower,0,13,0,0,13,0,3,51,0,54,0,16,51,0,67,50,0,50,117
02/15/2020,JVL,WI,AGL,CE,Federal Contract Tower,0,5,1,0,6,0,0,13,0,13,0,5,14,0,19,50,0,50,69
02/16/2020,JVL,WI,AGL,CE,Federal Contract Tower,0,12,10,0,22,0,0,100,0,100,0,12,110,0,122,68,0,68,190
02/17/2020,JVL,WI,AGL,CE,Federal Contract Tower,0,9,0,0,9,0,0,0,0,0,0,9,0,0,9,0,0,0,9
02/18/2020,JVL,WI,AGL,CE,Federal Contract Tower,0,14,6,0,20,0,0,40,0,40,0,14,46,0,60,18,0,18,78
02/19/2020,JVL,WI,AGL,CE,Federal Contract Tower,0,19,6,0,25,0,0,78,0,78,0,19,84,0,103,120,0,120,223
02/20/2020,JVL,WI,AGL,CE,Federal Contract Tower,0,33,3,0,36,0,2,63,0,65,0,35,66,0,101,98,2,100,201
02/21/2020,JVL,WI,AGL,CE,Federal Contract Tower,0,9,8,0,17,0,2,104,0,106,0,11,112,0,123,34,0,34,157
02/22/2020,JVL,WI,AGL,CE,Federal Contract Tower,0,0,7,0,7,0,0,201,0,201,0,0,208,0,208,112,0,112,320
02/23/2020,JVL,WI,AGL,CE,Federal Contract Tower,0,14,6,0,20,0,0,127,0,127,0,14,133,0,147,138,0,138,285
02/24/2020,JVL,WI,AGL,CE,Federal Contract Tower,0,9,6,0,15,0,0,42,0,42,0,9,48,0,57,46,0,46,103
02/25/2020,JVL,WI,AGL,CE,Federal Contract Tower,0,8,1,0,9,0,0,10,0,10,0,8,11,0,19,36,0,36,55
02/26/2020,JVL,WI,AGL,CE,Federal Contract Tower,0,5,0,0,5,0,0,19,2,21,0,5,19,2,26,22,2,24,50
02/27/2020,JVL,WI,AGL,CE,Federal Contract Tower,0,4,11,1,16,0,2,48,0,50,0,6,59,1,66,96,0,96,162
02/28/2020,JVL,WI,AGL,CE,Federal Contract Tower,0,13,7,2,22,0,3,76,0,79,0,16,83,2,101,68,0,68,169
02/29/2020,JVL,WI,AGL,CE,Federal Contract Tower,0,3,17,0,20,0,0,125,0,125,0,3,142,0,145,82,0,82,227
03/01/2020,JVL,WI,AGL,CE,Federal Contract Tower,0,12,5,0,17,0,0,81,0,81,0,12,86,0,98,30,0,30,128
03/02/2020,JVL,WI,AGL,CE,Federal Contract Tower,0,9,2,0,11,0,7,55,0,62,0,16,57,0,73,84,0,84,157
03/03/2020,JVL,WI,AGL,CE,Federal Contract Tower,0,16,4,0,20,0,0,29,0,29,0,16,33,0,49,66,0,66,115
03/04/2020,JVL,WI,AGL,CE,Federal Contract Tower,1,17,3,0,21,0,0,92,0,92,1,17,95,0,113,104,0,104,217
03/05/2020,JVL,WI,AGL,CE,Federal Contract Tower,0,8,3,0,11,0,0,6,1,7,0,8,9,1,18,10,0,10,28
03/06/2020,JVL,WI,AGL,CE,Federal Contract Tower,0,18,6,0,24,0,2,33,0,35,0,20,39,0,59,30,0,30,89
03/07/2020,JVL,WI,AGL,CE,Federal Contract Tower,0,5,6,0,11,0,0,90,0,90,0,5,96,0,101,72,0,72,173
03/08/2020,JVL,WI,AGL,CE,Federal Contract Tower,0,5,5,0,10,0,0,61,0,61,0,5,66,0,71,20,0,20,91
03/09/2020,JVL,WI,AGL,CE,Federal Contract Tower,0,9,2,0,11,0,0,0,0,0,0,9,2,0,11,0,0,0,11
03/10/2020,JVL,WI,AGL,CE,Federal Contract Tower,0,11,2,0,13,0,0,61,0,61,0,11,63,0,74,86,0,86,160
03/11/2020,JVL,WI,AGL,CE,Federal Contract Tower,0,7,2,0,9,0,0,0,0,0,0,7,2,0,9,0,0,0,9
03/12/2020,JVL,WI,AGL,CE,Federal Contract Tower,0,9,8,0,17,0,1,18,0,19,0,10,26,0,36,12,0,12,48
03/13/2020,JVL,WI,AGL,CE,Federal Contract Tower,0,17,1,0,18,0,1,46,0,47,0,18,47,0,65,70,0,70,135
03/14/2020,JVL,WI,AGL,CE,Federal Contract Tower,0,9,8,0,17,0,0,63,0,63,0,9,71,0,80,82,0,82,162
03/15/2020,JVL,WI,AGL,CE,Federal Contract Tower,0,15,16,0,31,0,0,48,0,48,0,15,64,0,79,30,0,30,109
03/16/2020,JVL,WI,AGL,CE,Federal Contract Tower,0,12,6,0,18,0,0,14,0,14,0,12,20,0,32,0,0,0,32
03/17/2020,JVL,WI,AGL,CE,Federal Contract Tower,0,6,8,0,14,0,0,92,2,94,0,6,100,2,108,82,12,94,202
03/18/2020,JVL,WI,AGL,CE,Federal Contract Tower,0,14,5,0,19,0,3,7,0,10,0,17,12,0,29,8,0,8,37
03/19/2020,JVL,WI,AGL,CE,Federal Contract Tower,0,10,4,0,14,0,0,0,0,0,0,10,4,0,14,0,0,0,14
03/20/2020,JVL,WI,AGL,CE,Federal Contract Tower,0,9,2,0,11,0,0,6,0,6,0,9,8,0,17,22,0,22,39
03/21/2020,JVL,WI,AGL,CE,Federal Contract Tower,0,19,6,1,26,0,0,51,1,52,0,19,57,2,78,48,0,48,126
03/22/2020,JVL,WI,AGL,CE,Federal Contract Tower,0,1,3,0,4,0,0,42,0,42,0,1,45,0,46,96,0,96,142
03/23/2020,JVL,WI,AGL,CE,Federal Contract Tower,0,4,0,0,4,0,0,0,0,0,0,4,0,0,4,0,0,0,4
03/24/2020,JVL,WI,AGL,CE,Federal Contract Tower,0,11,6,0,17,0,0,10,0,10,0,11,16,0,27,22,0,22,49
03/25/2020,JVL,WI,AGL,CE,Federal Contract Tower,0,6,7,0,13,0,0,27,0,27,0,6,34,0,40,58,0,58,98
03/26/2020,JVL,WI,AGL,CE,Federal Contract Tower,0,10,5,1,16,0,0,1,1,2,0,10,6,2,18,0,0,0,18
03/27/2020,JVL,WI,AGL,CE,Federal Contract Tower,0,6,4,0,10,0,0,2,0,2,0,6,6,0,12,4,0,4,16
03/28/2020,JVL,WI,AGL,CE,Federal Contract Tower,0,0,0,0,0,0,0,0,0,0,0,0,0,0,0,0,0,0,0
03/29/2020,JVL,WI,AGL,CE,Federal Contract Tower,0,0,0,0,0,0,0,0,0,0,0,0,0,0,0,0,0,0,0
03/30/2020,JVL,WI,AGL,CE,Federal Contract Tower,0,5,3,0,8,0,13,20,0,33,0,18,23,0,41,62,0,62,103
03/31/2020,JVL,WI,AGL,CE,Federal Contract Tower,0,1,0,0,1,0,0,7,0,7,0,1,7,0,8,30,0,30,38
04/01/2020,JVL,WI,AGL,CE,Federal Contract Tower,0,3,4,0,7,0,0,54,2,56,0,3,58,2,63,102,2,104,167
04/02/2020,JVL,WI,AGL,CE,Federal Contract Tower,0,4,5,0,9,0,0,60,0,60,0,4,65,0,69,98,0,98,167
04/03/2020,JVL,WI,AGL,CE,Federal Contract Tower,0,2,3,0,5,0,0,55,0,55,0,2,58,0,60,108,0,108,168
04/04/2020,JVL,WI,AGL,CE,Federal Contract Tower,0,5,4,0,9,0,0,29,0,29,0,5,33,0,38,60,0,60,98
04/05/2020,JVL,WI,AGL,CE,Federal Contract Tower,0,2,5,0,7,0,0,64,0,64,0,2,69,0,71,98,0,98,169
04/06/2020,JVL,WI,AGL,CE,Federal Contract Tower,0,3,4,0,7,0,0,32,0,32,0,3,36,0,39,70,0,70,109
04/07/2020,JVL,WI,AGL,CE,Federal Contract Tower,0,4,0,0,4,0,0,12,0,12,0,4,12,0,16,46,0,46,62
04/08/2020,JVL,WI,AGL,CE,Federal Contract Tower,0,1,0,0,1,0,0,0,0,0,0,1,0,0,1,0,0,0,1
04/09/2020,JVL,WI,AGL,CE,Federal Contract Tower,0,11,1,0,12,0,4,18,0,22,0,15,19,0,34,30,0,30,64
04/10/2020,JVL,WI,AGL,CE,Federal Contract Tower,0,4,0,0,4,0,0,37,0,37,0,4,37,0,41,66,0,66,107
04/11/2020,JVL,WI,AGL,CE,Federal Contract Tower,0,2,4,0,6,0,0,33,0,33,0,2,37,0,39,86,0,86,125
04/12/2020,JVL,WI,AGL,CE,Federal Contract Tower,0,0,0,0,0,0,0,8,0,8,0,0,8,0,8,38,0,38,46
04/13/2020,JVL,WI,AGL,CE,Federal Contract Tower,0,2,0,0,2,0,2,5,0,7,0,4,5,0,9,0,0,0,9
04/14/2020,JVL,WI,AGL,CE,Federal Contract Tower,0,7,0,0,7,0,2,6,2,10,0,9,6,2,17,6,14,20,37
04/15/2020,JVL,WI,AGL,CE,Federal Contract Tower,0,5,0,0,5,0,2,46,0,48,0,7,46,0,53,104,2,106,159
04/16/2020,JVL,WI,AGL,CE,Federal Contract Tower,0,4,0,0,4,0,0,39,0,39,0,4,39,0,43,126,0,126,169
04/17/2020,JVL,WI,AGL,CE,Federal Contract Tower,0,1,1,0,2,0,0,15,0,15,0,1,16,0,17,0,0,0,17
04/18/2020,JVL,WI,AGL,CE,Federal Contract Tower,0,2,1,0,3,0,4,16,0,20,0,6,17,0,23,20,0,20,43
04/19/2020,JVL,WI,AGL,CE,Federal Contract Tower,0,4,3,0,7,0,0,54,0,54,0,4,57,0,61,86,0,86,147
04/20/2020,JVL,WI,AGL,CE,Federal Contract Tower,0,4,5,0,9,0,3,22,0,25,0,7,27,0,34,28,0,28,62
04/21/2020,JVL,WI,AGL,CE,Federal Contract Tower,0,4,4,0,8,0,1,35,0,36,0,5,39,0,44,52,0,52,96
04/22/2020,JVL,WI,AGL,CE,Federal Contract Tower,0,4,1,1,6,0,2,28,0,30,0,6,29,1,36,72,2,74,110
04/23/2020,JVL,WI,AGL,CE,Federal Contract Tower,0,3,1,0,4,0,0,3,0,3,0,3,4,0,7,14,0,14,21
04/24/2020,JVL,WI,AGL,CE,Federal Contract Tower,0,6,10,0,16,0,0,7,0,7,0,6,17,0,23,14,0,14,37
04/25/2020,JVL,WI,AGL,CE,Federal Contract Tower,0,2,1,0,3,0,0,34,0,34,0,2,35,0,37,114,0,114,151
04/26/2020,JVL,WI,AGL,CE,Federal Contract Tower,0,3,4,0,7,0,0,79,0,79,0,3,83,0,86,138,0,138,224
04/27/2020,JVL,WI,AGL,CE,Federal Contract Tower,0,7,1,0,8,0,1,27,0,28,0,8,28,0,36,120,0,120,156
04/28/2020,JVL,WI,AGL,CE,Federal Contract Tower,0,5,4,0,9,0,0,19,0,19,0,5,23,0,28,20,0,20,48
04/29/2020,JVL,WI,AGL,CE,Federal Contract Tower,0,1,0,0,1,0,0,0,0,0,0,1,0,0,1,0,0,0,1
04/30/2020,JVL,WI,AGL,CE,Federal Contract Tower,0,2,2,0,4,0,0,0,0,0,0,2,2,0,4,0,0,0,4
05/01/2020,JVL,WI,AGL,CE,Federal Contract Tower,0,6,0,0,6,0,6,96,0,102,0,12,96,0,108,216,0,216,324
05/02/2020,JVL,WI,AGL,CE,Federal Contract Tower,0,1,9,0,10,0,0,62,0,62,0,1,71,0,72,82,0,82,154
05/03/2020,JVL,WI,AGL,CE,Federal Contract Tower,0,4,0,0,4,0,0,69,0,69,0,4,69,0,73,154,0,154,227
05/04/2020,JVL,WI,AGL,CE,Federal Contract Tower,0,1,2,0,3,0,0,37,0,37,0,1,39,0,40,58,0,58,98
05/05/2020,JVL,WI,AGL,CE,Federal Contract Tower,0,3,4,0,7,0,1,16,0,17,0,4,20,0,24,12,0,12,36
05/06/2020,JVL,WI,AGL,CE,Federal Contract Tower,0,8,7,1,16,0,2,95,0,97,0,10,102,1,113,115,0,115,228
05/07/2020,JVL,WI,AGL,CE,Federal Contract Tower,0,2,7,0,9,0,0,61,0,61,0,2,68,0,70,54,0,54,124
05/08/2020,JVL,WI,AGL,CE,Federal Contract Tower,0,6,3,0,9,0,1,25,0,26,0,7,28,0,35,30,0,30,65
05/09/2020,JVL,WI,AGL,CE,Federal Contract Tower,0,2,5,0,7,0,0,50,0,50,0,2,55,0,57,62,0,62,119
05/10/2020,JVL,WI,AGL,CE,Federal Contract Tower,0,5,1,0,6,0,0,0,0,0,0,5,1,0,6,0,0,0,6
05/11/2020,JVL,WI,AGL,CE,Federal Contract Tower,0,5,5,0,10,0,0,57,0,57,0,5,62,0,67,96,0,96,163
05/12/2020,JVL,WI,AGL,CE,Federal Contract Tower,0,6,7,0,13,0,0,70,0,70,0,6,77,0,83,106,0,106,189
05/13/2020,JVL,WI,AGL,CE,Federal Contract Tower,0,2,1,0,3,0,0,36,2,38,0,2,37,2,41,18,8,26,67
05/14/2020,JVL,WI,AGL,CE,Federal Contract Tower,0,11,12,0,23,0,0,1,0,1,0,11,13,0,24,4,0,4,28
05/15/2020,JVL,WI,AGL,CE,Federal Contract Tower,0,13,6,0,19,0,0,65,0,65,0,13,71,0,84,112,0,112,196
05/16/2020,JVL,WI,AGL,CE,Federal Contract Tower,0,6,7,0,13,0,0,47,0,47,0,6,54,0,60,74,0,74,134
05/17/2020,JVL,WI,AGL,CE,Federal Contract Tower,0,3,0,0,3,0,0,0,0,0,0,3,0,0,3,0,0,0,3
05/18/2020,JVL,WI,AGL,CE,Federal Contract Tower,0,7,11,0,18,0,0,0,0,0,0,7,11,0,18,0,0,0,18
05/19/2020,JVL,WI,AGL,CE,Federal Contract Tower,0,11,9,0,20,0,1,1,0,2,0,12,10,0,22,4,0,4,26
05/20/2020,JVL,WI,AGL,CE,Federal Contract Tower,0,5,13,0,18,0,0,46,0,46,0,5,59,0,64,28,0,28,92
05/21/2020,JVL,WI,AGL,CE,Federal Contract Tower,0,13,16,0,29,0,0,61,2,63,0,13,77,2,92,108,2,110,202
05/22/2020,JVL,WI,AGL,CE,Federal Contract Tower,0,9,10,0,19,0,0,48,0,48,0,9,58,0,67,100,0,100,167
05/23/2020,JVL,WI,AGL,CE,Federal Contract Tower,0,3,2,0,5,0,0,30,0,30,0,3,32,0,35,46,0,46,81
05/24/2020,JVL,WI,AGL,CE,Federal Contract Tower,0,3,19,0,22,0,0,92,0,92,0,3,111,0,114,78,0,78,192
05/25/2020,JVL,WI,AGL,CE,Federal Contract Tower,0,9,4,0,13,0,0,34,0,34,0,9,38,0,47,92,0,92,139
05/26/2020,JVL,WI,AGL,CE,Federal Contract Tower,0,9,10,0,19,0,0,52,0,52,0,9,62,0,71,44,0,44,115
05/27/2020,JVL,WI,AGL,CE,Federal Contract Tower,0,10,10,0,20,0,0,95,0,95,0,10,105,0,115,46,0,46,161
05/28/2020,JVL,WI,AGL,CE,Federal Contract Tower,0,8,5,0,13,0,0,1,0,1,0,8,6,0,14,0,0,0,14
05/29/2020,JVL,WI,AGL,CE,Federal Contract Tower,0,11,9,0,20,0,0,93,0,93,0,11,102,0,113,106,0,106,219
05/30/2020,JVL,WI,AGL,CE,Federal Contract Tower,0,11,6,0,17,0,0,116,0,116,0,11,122,0,133,138,0,138,271
05/31/2020,JVL,WI,AGL,CE,Federal Contract Tower,2,6,4,0,12,0,4,121,1,126,2,10,125,1,138,130,0,130,268
06/01/2020,JVL,WI,AGL,CE,Federal Contract Tower,0,9,3,0,12,0,4,38,0,42,0,13,41,0,54,18,0,18,72
06/02/2020,JVL,WI,AGL,CE,Federal Contract Tower,0,4,15,0,19,0,0,94,0,94,0,4,109,0,113,78,0,78,191
06/03/2020,JVL,WI,AGL,CE,Federal Contract Tower,0,6,13,0,19,0,0,68,0,68,0,6,81,0,87,68,0,68,155
06/04/2020,JVL,WI,AGL,CE,Federal Contract Tower,0,10,7,0,17,0,0,53,0,53,0,10,60,0,70,48,0,48,118
06/05/2020,JVL,WI,AGL,CE,Federal Contract Tower,0,6,2,0,8,0,0,59,0,59,0,6,61,0,67,68,0,68,135
06/06/2020,JVL,WI,AGL,CE,Federal Contract Tower,0,1,15,0,16,0,6,173,0,179,0,7,188,0,195,124,0,124,319
06/07/2020,JVL,WI,AGL,CE,Federal Contract Tower,0,5,5,0,10,0,0,108,0,108,0,5,113,0,118,38,0,38,156
06/08/2020,JVL,WI,AGL,CE,Federal Contract Tower,0,7,8,0,15,0,3,69,0,72,0,10,77,0,87,50,0,50,137
06/09/2020,JVL,WI,AGL,CE,Federal Contract Tower,0,8,1,0,9,0,8,27,0,35,0,16,28,0,44,48,0,48,92
06/10/2020,JVL,WI,AGL,CE,Federal Contract Tower,0,11,1,0,12,0,0,20,0,20,0,11,21,0,32,22,0,22,54
06/11/2020,JVL,WI,AGL,CE,Federal Contract Tower,0,10,7,1,18,0,2,73,1,76,0,12,80,2,94,80,2,82,176
06/12/2020,JVL,WI,AGL,CE,Federal Contract Tower,0,8,8,1,17,0,0,128,0,128,0,8,136,1,145,134,6,140,285
06/13/2020,JVL,WI,AGL,CE,Federal Contract Tower,0,3,9,0,12,0,0,158,0,158,0,3,167,0,170,90,0,90,260
06/14/2020,JVL,WI,AGL,CE,Federal Contract Tower,0,5,16,0,21,0,0,186,0,186,0,5,202,0,207,114,0,114,321
06/15/2020,JVL,WI,AGL,CE,Federal Contract Tower,0,2,10,0,12,0,0,72,0,72,0,2,82,0,84,50,0,50,134
06/16/2020,JVL,WI,AGL,CE,Federal Contract Tower,0,6,6,0,12,0,0,84,0,84,0,6,90,0,96,68,0,68,164
06/17/2020,JVL,WI,AGL,CE,Federal Contract Tower,0,6,8,0,14,0,0,79,0,79,0,6,87,0,93,100,0,100,193
06/18/2020,JVL,WI,AGL,CE,Federal Contract Tower,0,12,2,1,15,0,0,114,0,114,0,12,116,1,129,94,6,100,229
06/19/2020,JVL,WI,AGL,CE,Federal Contract Tower,0,14,5,0,19,0,12,87,0,99,0,26,92,0,118,142,0,142,260
06/20/2020,JVL,WI,AGL,CE,Federal Contract Tower,0,9,6,0,15,0,0,37,0,37,0,9,43,0,52,74,0,74,126
06/21/2020,JVL,WI,AGL,CE,Federal Contract Tower,0,3,13,0,16,0,0,106,0,106,0,3,119,0,122,100,0,100,222
06/22/2020,JVL,WI,AGL,CE,Federal Contract Tower,0,11,8,0,19,0,0,31,0,31,0,11,39,0,50,30,0,30,80
06/23/2020,JVL,WI,AGL,CE,Federal Contract Tower,0,10,9,0,19,0,0,68,0,68,0,10,77,0,87,60,0,60,147
06/24/2020,JVL,WI,AGL,CE,Federal Contract Tower,0,15,8,0,23,0,0,75,0,75,0,15,83,0,98,84,0,84,182
06/25/2020,JVL,WI,AGL,CE,Federal Contract Tower,1,14,14,1,30,0,0,138,0,138,1,14,152,1,168,150,0,150,318
06/26/2020,JVL,WI,AGL,CE,Federal Contract Tower,0,16,2,0,18,0,0,2,0,2,0,16,4,0,20,0,0,0,20
06/27/2020,JVL,WI,AGL,CE,Federal Contract Tower,0,9,11,0,20,0,0,125,0,125,0,9,136,0,145,88,0,88,233
06/28/2020,JVL,WI,AGL,CE,Federal Contract Tower,0,15,16,0,31,0,1,60,0,61,0,16,76,0,92,56,0,56,148
06/29/2020,JVL,WI,AGL,CE,Federal Contract Tower,0,12,7,0,19,0,0,59,0,59,0,12,66,0,78,86,0,86,164
06/30/2020,JVL,WI,AGL,CE,Federal Contract Tower,0,11,4,0,15,0,0,87,0,87,0,11,91,0,102,76,0,76,178
07/01/2020,JVL,WI,AGL,CE,Federal Contract Tower,2,20,12,0,34,0,2,121,0,123,2,22,133,0,157,138,0,138,295
07/02/2020,JVL,WI,AGL,CE,Federal Contract Tower,3,15,10,0,28,0,0,101,0,101,3,15,111,0,129,180,0,180,309
07/03/2020,JVL,WI,AGL,CE,Federal Contract Tower,0,10,12,0,22,0,0,106,0,106,0,10,118,0,128,46,0,46,174
07/04/2020,JVL,WI,AGL,CE,Federal Contract Tower,0,1,9,0,10,0,0,82,0,82,0,1,91,0,92,90,0,90,182
07/05/2020,JVL,WI,AGL,CE,Federal Contract Tower,0,17,10,0,27,0,0,51,0,51,0,17,61,0,78,52,0,52,130
07/06/2020,JVL,WI,AGL,CE,Federal Contract Tower,0,14,13,0,27,0,1,86,0,87,0,15,99,0,114,50,0,50,164
07/07/2020,JVL,WI,AGL,CE,Federal Contract Tower,0,11,4,0,15,0,1,75,0,76,0,12,79,0,91,52,0,52,143
07/08/2020,JVL,WI,AGL,CE,Federal Contract Tower,0,15,5,0,20,0,0,60,0,60,0,15,65,0,80,58,0,58,138
07/09/2020,JVL,WI,AGL,CE,Federal Contract Tower,1,21,5,1,28,0,12,59,4,75,1,33,64,5,103,38,0,38,141
07/10/2020,JVL,WI,AGL,CE,Federal Contract Tower,0,9,8,0,17,0,2,79,0,81,0,11,87,0,98,92,0,92,190
07/11/2020,JVL,WI,AGL,CE,Federal Contract Tower,1,4,5,0,10,0,0,91,0,91,1,4,96,0,101,52,0,52,153
07/12/2020,JVL,WI,AGL,CE,Federal Contract Tower,0,10,12,0,22,0,0,63,0,63,0,10,75,0,85,48,0,48,133
07/13/2020,JVL,WI,AGL,CE,Federal Contract Tower,0,7,7,0,14,0,0,116,0,116,0,7,123,0,130,92,0,92,222
07/14/2020,JVL,WI,AGL,CE,Federal Contract Tower,0,12,6,0,18,0,0,85,0,85,0,12,91,0,103,54,0,54,157
07/15/2020,JVL,WI,AGL,CE,Federal Contract Tower,0,11,0,0,11,0,0,1,0,1,0,11,1,0,12,0,0,0,12
07/16/2020,JVL,WI,AGL,CE,Federal Contract Tower,0,19,15,0,34,0,5,84,4,93,0,24,99,4,127,100,0,100,227
07/17/2020,JVL,WI,AGL,CE,Federal Contract Tower,0,15,17,0,32,0,0,134,0,134,0,15,151,0,166,58,0,58,224
07/18/2020,JVL,WI,AGL,CE,Federal Contract Tower,0,10,5,0,15,0,0,30,0,30,0,10,35,0,45,4,0,4,49
07/19/2020,JVL,WI,AGL,CE,Federal Contract Tower,0,7,4,0,11,0,0,43,0,43,0,7,47,0,54,190,0,190,244
07/20/2020,JVL,WI,AGL,CE,Federal Contract Tower,0,13,2,0,15,0,0,66,0,66,0,13,68,0,81,98,0,98,179
07/21/2020,JVL,WI,AGL,CE,Federal Contract Tower,0,9,8,0,17,0,4,35,0,39,0,13,43,0,56,90,0,90,146
07/22/2020,JVL,WI,AGL,CE,Federal Contract Tower,0,13,17,0,30,0,0,87,0,87,0,13,104,0,117,116,0,116,233
07/23/2020,JVL,WI,AGL,CE,Federal Contract Tower,0,12,13,1,26,0,5,94,2,101,0,17,107,3,127,86,2,88,215
07/24/2020,JVL,WI,AGL,CE,Federal Contract Tower,0,7,15,0,22,0,0,170,0,170,0,7,185,0,192,184,2,186,378
07/25/2020,JVL,WI,AGL,CE,Federal Contract Tower,0,5,7,0,12,0,2,140,0,142,0,7,147,0,154,88,0,88,242
07/26/2020,JVL,WI,AGL,CE,Federal Contract Tower,0,14,10,0,24,0,3,63,0,66,0,17,73,0,90,68,0,68,158
07/27/2020,JVL,WI,AGL,CE,Federal Contract Tower,0,14,7,0,21,0,0,31,0,31,0,14,38,0,52,70,0,70,122
07/28/2020,JVL,WI,AGL,CE,Federal Contract Tower,0,7,3,0,10,0,6,106,0,112,0,13,109,0,122,84,0,84,206
07/29/2020,JVL,WI,AGL,CE,Federal Contract Tower,0,12,10,0,22,0,0,98,0,98,0,12,108,0,120,122,0,122,242
07/30/2020,JVL,WI,AGL,CE,Federal Contract Tower,0,7,5,0,12,0,0,92,0,92,0,7,97,0,104,448,0,448,552
07/31/2020,JVL,WI,AGL,CE,Federal Contract Tower,0,11,14,0,25,0,0,93,0,93,0,11,107,0,118,192,0,192,310
08/01/2020,JVL,WI,AGL,CE,Federal Contract Tower,0,6,8,0,14,0,0,81,0,81,0,6,89,0,95,50,0,50,145
08/02/2020,JVL,WI,AGL,CE,Federal Contract Tower,0,17,7,0,24,0,0,81,0,81,0,17,88,0,105,54,0,54,159
08/03/2020,JVL,WI,AGL,CE,Federal Contract Tower,1,15,13,0,29,0,0,32,0,32,1,15,45,0,61,100,0,100,161
08/04/2020,JVL,WI,AGL,CE,Federal Contract Tower,0,9,13,0,22,0,12,86,2,100,0,21,99,2,122,136,6,142,264
08/05/2020,JVL,WI,AGL,CE,Federal Contract Tower,0,13,7,1,21,0,0,121,1,122,0,13,128,2,143,134,0,134,277
08/06/2020,JVL,WI,AGL,CE,Federal Contract Tower,0,21,14,0,35,0,2,112,0,114,0,23,126,0,149,96,0,96,245
08/07/2020,JVL,WI,AGL,CE,Federal Contract Tower,3,14,9,0,26,0,1,135,0,136,3,15,144,0,162,60,0,60,222
08/08/2020,JVL,WI,AGL,CE,Federal Contract Tower,0,13,6,0,19,0,9,64,0,73,0,22,70,0,92,14,0,14,106
08/09/2020,JVL,WI,AGL,CE,Federal Contract Tower,0,15,17,0,32,0,0,65,0,65,0,15,82,0,97,68,0,68,165
08/10/2020,JVL,WI,AGL,CE,Federal Contract Tower,0,11,8,0,19,0,0,1,0,1,0,11,9,0,20,0,0,0,20
08/11/2020,JVL,WI,AGL,CE,Federal Contract Tower,0,16,8,0,24,0,2,82,0,84,0,18,90,0,108,80,0,80,188
08/12/2020,JVL,WI,AGL,CE,Federal Contract Tower,0,8,19,0,27,0,0,104,0,104,0,8,123,0,131,108,0,108,239
08/13/2020,JVL,WI,AGL,CE,Federal Contract Tower,0,12,15,0,27,0,3,66,0,69,0,15,81,0,96,68,0,68,164
08/14/2020,JVL,WI,AGL,CE,Federal Contract Tower,0,21,4,0,25,0,2,90,0,92,0,23,94,0,117,112,0,112,229
08/15/2020,JVL,WI,AGL,CE,Federal Contract Tower,0,9,7,0,16,0,0,60,0,60,0,9,67,0,76,64,0,64,140
08/16/2020,JVL,WI,AGL,CE,Federal Contract Tower,0,9,11,0,20,0,0,112,0,112,0,9,123,0,132,66,0,66,198
08/17/2020,JVL,WI,AGL,CE,Federal Contract Tower,0,9,19,1,29,0,0,63,1,64,0,9,82,2,93,90,0,90,183
08/18/2020,JVL,WI,AGL,CE,Federal Contract Tower,0,14,10,2,26,0,0,117,8,125,0,14,127,10,151,50,0,50,201
08/19/2020,JVL,WI,AGL,CE,Federal Contract Tower,0,6,14,4,24,0,1,38,5,44,0,7,52,9,68,40,68,108,176
08/20/2020,JVL,WI,AGL,CE,Federal Contract Tower,0,16,2,0,18,0,0,94,0,94,0,16,96,0,112,56,0,56,168
08/21/2020,JVL,WI,AGL,CE,Federal Contract Tower,0,10,7,0,17,0,0,68,0,68,0,10,75,0,85,38,0,38,123
08/22/2020,JVL,WI,AGL,CE,Federal Contract Tower,0,4,6,0,10,0,0,108,0,108,0,4,114,0,118,102,0,102,220
08/23/2020,JVL,WI,AGL,CE,Federal Contract Tower,0,16,7,0,23,0,0,100,0,100,0,16,107,0,123,66,0,66,189
08/24/2020,JVL,WI,AGL,CE,Federal Contract Tower,0,14,8,0,22,0,0,69,0,69,0,14,77,0,91,82,0,82,173
08/25/2020,JVL,WI,AGL,CE,Federal Contract Tower,0,8,6,0,14,0,0,59,2,61,0,8,65,2,75,74,14,88,163
08/26/2020,JVL,WI,AGL,CE,Federal Contract Tower,0,15,5,0,20,0,2,46,0,48,0,17,51,0,68,58,0,58,126
08/27/2020,JVL,WI,AGL,CE,Federal Contract Tower,0,14,11,0,25,0,4,44,2,50,0,18,55,2,75,18,6,24,99
08/28/2020,JVL,WI,AGL,CE,Federal Contract Tower,0,19,10,0,29,0,8,34,0,42,0,27,44,0,71,50,0,50,121
08/29/2020,JVL,WI,AGL,CE,Federal Contract Tower,0,9,7,0,16,0,0,52,0,52,0,9,59,0,68,34,0,34,102
08/30/2020,JVL,WI,AGL,CE,Federal Contract Tower,0,14,10,0,24,0,0,112,0,112,0,14,122,0,136,62,0,62,198
08/31/2020,JVL,WI,AGL,CE,Federal Contract Tower,0,15,4,0,19,0,1,39,0,40,0,16,43,0,59,28,0,28,87
09/01/2020,JVL,WI,AGL,CE,Federal Contract Tower,0,14,7,0,21,0,0,57,2,59,0,14,64,2,80,92,18,110,190
09/02/2020,JVL,WI,AGL,CE,Federal Contract Tower,0,18,6,0,24,0,6,83,0,89,0,24,89,0,113,118,0,118,231
09/03/2020,JVL,WI,AGL,CE,Federal Contract Tower,0,13,5,0,18,0,0,29,0,29,0,13,34,0,47,20,0,20,67
09/04/2020,JVL,WI,AGL,CE,Federal Contract Tower,0,11,4,0,15,0,1,86,0,87,0,12,90,0,102,90,0,90,192
09/05/2020,JVL,WI,AGL,CE,Federal Contract Tower,0,5,4,0,9,0,17,129,0,146,0,22,133,0,155,126,0,126,281
09/06/2020,JVL,WI,AGL,CE,Federal Contract Tower,0,2,0,0,2,0,0,2,0,2,0,2,2,0,4,0,0,0,4
09/07/2020,JVL,WI,AGL,CE,Federal Contract Tower,1,13,14,0,28,0,0,96,0,96,1,13,110,0,124,80,0,80,204
09/08/2020,JVL,WI,AGL,CE,Federal Contract Tower,0,12,4,0,16,0,0,2,0,2,0,12,6,0,18,8,0,8,26
09/09/2020,JVL,WI,AGL,CE,Federal Contract Tower,0,22,16,2,40,0,0,1,0,1,0,22,17,2,41,0,0,0,41
09/10/2020,JVL,WI,AGL,CE,Federal Contract Tower,0,30,17,1,48,0,0,6,0,6,0,30,23,1,54,2,0,2,56
09/11/2020,JVL,WI,AGL,CE,Federal Contract Tower,0,24,19,3,46,0,0,6,0,6,0,24,25,3,52,10,0,10,62
09/12/2020,JVL,WI,AGL,CE,Federal Contract Tower,0,11,8,0,19,0,0,0,0,0,0,11,8,0,19,0,0,0,19
09/13/2020,JVL,WI,AGL,CE,Federal Contract Tower,0,9,11,1,21,0,0,121,0,121,0,9,132,1,142,168,0,168,310
09/14/2020,JVL,WI,AGL,CE,Federal Contract Tower,0,9,13,3,25,0,0,40,4,44,0,9,53,7,69,64,78,142,211
09/15/2020,JVL,WI,AGL,CE,Federal Contract Tower,0,6,9,2,17,0,0,110,0,110,0,6,119,2,127,124,0,124,251
09/16/2020,JVL,WI,AGL,CE,Federal Contract Tower,0,6,14,4,24,0,1,73,1,75,0,7,87,5,99,98,0,98,197
09/17/2020,JVL,WI,AGL,CE,Federal Contract Tower,0,16,14,0,30,0,0,57,0,57,0,16,71,0,87,38,0,38,125
09/18/2020,JVL,WI,AGL,CE,Federal Contract Tower,0,8,11,0,19,0,0,83,0,83,0,8,94,0,102,134,0,134,236
09/19/2020,JVL,WI,AGL,CE,Federal Contract Tower,0,6,4,0,10,0,0,140,0,140,0,6,144,0,150,76,0,76,226
09/20/2020,JVL,WI,AGL,CE,Federal Contract Tower,0,8,4,0,12,0,0,93,0,93,0,8,97,0,105,82,0,82,187
09/21/2020,JVL,WI,AGL,CE,Federal Contract Tower,0,6,12,0,18,0,0,53,0,53,0,6,65,0,71,76,0,76,147
09/22/2020,JVL,WI,AGL,CE,Federal Contract Tower,0,15,2,0,17,0,0,100,0,100,0,15,102,0,117,106,0,106,223
09/23/2020,JVL,WI,AGL,CE,Federal Contract Tower,0,23,8,0,31,0,0,70,0,70,0,23,78,0,101,74,0,74,175
09/24/2020,JVL,WI,AGL,CE,Federal Contract Tower,0,17,8,0,25,0,0,73,0,73,0,17,81,0,98,68,0,68,166
09/25/2020,JVL,WI,AGL,CE,Federal Contract Tower,0,15,6,1,22,0,0,61,1,62,0,15,67,2,84,54,0,54,138
09/26/2020,JVL,WI,AGL,CE,Federal Contract Tower,0,11,30,0,41,0,0,39,0,39,0,11,69,0,80,34,0,34,114
09/27/2020,JVL,WI,AGL,CE,Federal Contract Tower,0,13,10,0,23,0,0,87,0,87,0,13,97,0,110,38,0,38,148
09/28/2020,JVL,WI,AGL,CE,Federal Contract Tower,0,7,18,0,25,0,0,14,0,14,0,7,32,0,39,12,0,12,51
09/29/2020,JVL,WI,AGL,CE,Federal Contract Tower,0,5,25,1,31,0,0,35,0,35,0,5,60,1,66,36,0,36,102
09/30/2020,JVL,WI,AGL,CE,Federal Contract Tower,0,9,2,0,11,0,0,11,2,13,0,9,13,2,24,12,0,12,36
10/01/2020,JVL,WI,AGL,CE,Federal Contract Tower,0,11,5,0,16,0,1,20,0,21,0,12,25,0,37,58,0,58,95
10/02/2020,JVL,WI,AGL,CE,Federal Contract Tower,0,14,2,0,16,0,0,83,0,83,0,14,85,0,99,96,0,96,195
10/03/2020,JVL,WI,AGL,CE,Federal Contract Tower,0,7,8,0,15,0,0,66,0,66,0,7,74,0,81,118,0,118,199
10/04/2020,JVL,WI,AGL,CE,Federal Contract Tower,0,10,15,0,25,0,0,64,0,64,0,10,79,0,89,76,0,76,165
10/05/2020,JVL,WI,AGL,CE,Federal Contract Tower,0,6,1,0,7,0,0,29,0,29,0,6,30,0,36,32,0,32,68
10/06/2020,JVL,WI,AGL,CE,Federal Contract Tower,0,9,4,0,13,0,0,63,0,63,0,9,67,0,76,42,0,42,118
10/07/2020,JVL,WI,AGL,CE,Federal Contract Tower,0,8,7,0,15,0,0,80,0,80,0,8,87,0,95,108,0,108,203
10/08/2020,JVL,WI,AGL,CE,Federal Contract Tower,0,23,6,0,29,0,0,78,0,78,0,23,84,0,107,78,0,78,185
10/09/2020,JVL,WI,AGL,CE,Federal Contract Tower,0,11,8,0,19,0,0,46,0,46,0,11,54,0,65,16,0,16,81
10/10/2020,JVL,WI,AGL,CE,Federal Contract Tower,0,9,5,0,14,0,0,140,0,140,0,9,145,0,154,82,0,82,236
10/11/2020,JVL,WI,AGL,CE,Federal Contract Tower,0,6,15,0,21,0,8,59,0,67,0,14,74,0,88,48,0,48,136
10/12/2020,JVL,WI,AGL,CE,Federal Contract Tower,0,7,0,0,7,0,1,2,0,3,0,8,2,0,10,0,0,0,10
10/13/2020,JVL,WI,AGL,CE,Federal Contract Tower,0,16,3,0,19,0,0,44,0,44,0,16,47,0,63,10,0,10,73
10/14/2020,JVL,WI,AGL,CE,Federal Contract Tower,0,20,4,0,24,0,0,27,0,27,0,20,31,0,51,30,0,30,81
10/15/2020,JVL,WI,AGL,CE,Federal Contract Tower,0,14,3,0,17,0,0,48,0,48,0,14,51,0,65,64,0,64,129
10/16/2020,JVL,WI,AGL,CE,Federal Contract Tower,0,9,1,2,12,0,1,94,0,95,0,10,95,2,107,168,0,168,275
10/17/2020,JVL,WI,AGL,CE,Federal Contract Tower,0,6,0,2,8,0,1,8,4,13,0,7,8,6,21,4,56,60,81
10/18/2020,JVL,WI,AGL,CE,Federal Contract Tower,0,9,9,2,20,0,0,25,0,25,0,9,34,2,45,56,0,56,101
10/19/2020,JVL,WI,AGL,CE,Federal Contract Tower,0,13,3,0,16,0,0,35,0,35,0,13,38,0,51,36,0,36,87
10/20/2020,JVL,WI,AGL,CE,Federal Contract Tower,0,21,9,0,30,0,1,31,0,32,0,22,40,0,62,52,0,52,114
10/21/2020,JVL,WI,AGL,CE,Federal Contract Tower,0,13,11,0,24,0,0,45,0,45,0,13,56,0,69,80,0,80,149
10/22/2020,JVL,WI,AGL,CE,Federal Contract Tower,0,18,10,0,28,0,0,0,0,0,0,18,10,0,28,0,0,0,28
10/23/2020,JVL,WI,AGL,CE,Federal Contract Tower,0,10,10,0,20,0,0,0,0,0,0,10,10,0,20,0,0,0,20
10/24/2020,JVL,WI,AGL,CE,Federal Contract Tower,0,7,8,0,15,0,0,127,0,127,0,7,135,0,142,98,0,98,240
10/25/2020,JVL,WI,AGL,CE,Federal Contract Tower,0,7,6,0,13,0,0,32,0,32,0,7,38,0,45,14,0,14,59
10/26/2020,JVL,WI,AGL,CE,Federal Contract Tower,0,11,2,0,13,0,0,18,0,18,0,11,20,0,31,4,0,4,35
10/27/2020,JVL,WI,AGL,CE,Federal Contract Tower,0,13,8,0,21,0,0,54,0,54,0,13,62,0,75,36,0,36,111
10/28/2020,JVL,WI,AGL,CE,Federal Contract Tower,0,11,12,0,23,0,1,74,0,75,0,12,86,0,98,104,0,104,202
10/29/2020,JVL,WI,AGL,CE,Federal Contract Tower,0,13,5,1,19,0,1,10,1,12,0,14,15,2,31,26,10,36,67
10/30/2020,JVL,WI,AGL,CE,Federal Contract Tower,0,9,12,0,21,0,0,141,0,141,0,9,153,0,162,148,0,148,310
10/31/2020,JVL,WI,AGL,CE,Federal Contract Tower,0,9,5,0,14,0,0,47,0,47,0,9,52,0,61,34,0,34,95
11/01/2020,JVL,WI,AGL,CE,Federal Contract Tower,0,5,0,0,5,0,1,6,0,7,0,6,6,0,12,20,0,20,32
11/02/2020,JVL,WI,AGL,CE,Federal Contract Tower,0,17,2,0,19,0,0,43,0,43,0,17,45,0,62,10,0,10,72
11/03/2020,JVL,WI,AGL,CE,Federal Contract Tower,0,16,7,0,23,0,0,115,0,115,0,16,122,0,138,74,0,74,212
11/04/2020,JVL,WI,AGL,CE,Federal Contract Tower,0,12,0,0,12,0,0,53,0,53,0,12,53,0,65,96,0,96,161
11/05/2020,JVL,WI,AGL,CE,Federal Contract Tower,0,23,10,0,33,0,0,76,0,76,0,23,86,0,109,124,0,124,233
11/06/2020,JVL,WI,AGL,CE,Federal Contract Tower,0,10,8,0,18,0,0,94,0,94,0,10,102,0,112,100,0,100,212
11/07/2020,JVL,WI,AGL,CE,Federal Contract Tower,0,6,4,0,10,0,0,126,0,126,0,6,130,0,136,110,0,110,246
11/08/2020,JVL,WI,AGL,CE,Federal Contract Tower,0,5,4,0,9,0,0,109,0,109,0,5,113,0,118,82,0,82,200
11/09/2020,JVL,WI,AGL,CE,Federal Contract Tower,0,12,4,0,16,0,0,17,0,17,0,12,21,0,33,18,0,18,51
11/10/2020,JVL,WI,AGL,CE,Federal Contract Tower,0,10,2,0,12,0,0,0,0,0,0,10,2,0,12,0,0,0,12
11/11/2020,JVL,WI,AGL,CE,Federal Contract Tower,0,11,1,0,12,0,0,43,0,43,0,11,44,0,55,28,0,28,83
11/12/2020,JVL,WI,AGL,CE,Federal Contract Tower,0,12,11,1,24,0,1,99,1,101,0,13,110,2,125,146,2,148,273
11/13/2020,JVL,WI,AGL,CE,Federal Contract Tower,0,9,13,0,22,0,2,68,0,70,0,11,81,0,92,154,0,154,246
11/14/2020,JVL,WI,AGL,CE,Federal Contract Tower,0,4,3,0,7,0,0,35,0,35,0,4,38,0,42,48,0,48,90
11/15/2020,JVL,WI,AGL,CE,Federal Contract Tower,0,5,0,0,5,0,0,0,0,0,0,5,0,0,5,0,0,0,5
11/16/2020,JVL,WI,AGL,CE,Federal Contract Tower,0,16,4,0,20,0,0,43,0,43,0,16,47,0,63,36,0,36,99
11/17/2020,JVL,WI,AGL,CE,Federal Contract Tower,0,2,12,0,14,0,0,65,0,65,0,2,77,0,79,110,0,110,189
11/18/2020,JVL,WI,AGL,CE,Federal Contract Tower,0,13,1,0,14,0,2,33,4,39,0,15,34,4,53,8,4,12,65
11/19/2020,JVL,WI,AGL,CE,Federal Contract Tower,0,12,1,0,13,0,5,9,0,14,0,17,10,0,27,0,0,0,27
11/20/2020,JVL,WI,AGL,CE,Federal Contract Tower,0,12,11,0,23,0,0,119,0,119,0,12,130,0,142,166,0,166,308
11/21/2020,JVL,WI,AGL,CE,Federal Contract Tower,0,8,2,0,10,0,1,118,0,119,0,9,120,0,129,68,0,68,197
11/22/2020,JVL,WI,AGL,CE,Federal Contract Tower,0,10,7,0,17,0,0,70,0,70,0,10,77,0,87,36,0,36,123
11/23/2020,JVL,WI,AGL,CE,Federal Contract Tower,0,8,8,0,16,0,0,99,0,99,0,8,107,0,115,96,0,96,211
11/24/2020,JVL,WI,AGL,CE,Federal Contract Tower,0,11,0,0,11,0,0,0,0,0,0,11,0,0,11,0,0,0,11
11/25/2020,JVL,WI,AGL,CE,Federal Contract Tower,0,5,0,0,5,0,0,0,0,0,0,5,0,0,5,0,0,0,5
11/26/2020,JVL,WI,AGL,CE,Federal Contract Tower,0,0,1,0,1,0,0,0,0,0,0,0,1,0,1,0,0,0,1
11/27/2020,JVL,WI,AGL,CE,Federal Contract Tower,0,2,10,0,12,0,0,59,0,59,0,2,69,0,71,46,0,46,117
11/28/2020,JVL,WI,AGL,CE,Federal Contract Tower,0,7,21,0,28,0,0,130,0,130,0,7,151,0,158,80,0,80,238
11/29/2020,JVL,WI,AGL,CE,Federal Contract Tower,0,23,8,0,31,0,0,88,0,88,0,23,96,0,119,52,0,52,171
11/30/2020,JVL,WI,AGL,CE,Federal Contract Tower,0,12,1,0,13,0,1,29,0,30,0,13,30,0,43,18,0,18,61
12/01/2020,JVL,WI,AGL,CE,Federal Contract Tower,0,20,11,2,33,0,0,62,4,66,0,20,73,6,99,86,0,86,185
12/02/2020,JVL,WI,AGL,CE,Federal Contract Tower,0,10,16,0,26,0,0,112,0,112,0,10,128,0,138,100,0,100,238
12/03/2020,JVL,WI,AGL,CE,Federal Contract Tower,0,9,14,0,23,0,2,31,0,33,0,11,45,0,56,26,0,26,82
12/04/2020,JVL,WI,AGL,CE,Federal Contract Tower,0,16,13,0,29,0,2,132,0,134,0,18,145,0,163,92,0,92,255
12/05/2020,JVL,WI,AGL,CE,Federal Contract Tower,0,6,10,0,16,0,0,122,0,122,0,6,132,0,138,146,0,146,284
12/06/2020,JVL,WI,AGL,CE,Federal Contract Tower,0,9,8,0,17,0,2,51,0,53,0,11,59,0,70,10,0,10,80
12/07/2020,JVL,WI,AGL,CE,Federal Contract Tower,0,10,12,0,22,0,0,37,0,37,0,10,49,0,59,22,0,22,81
12/08/2020,JVL,WI,AGL,CE,Federal Contract Tower,0,11,1,0,12,0,0,9,0,9,0,11,10,0,21,0,0,0,21
12/09/2020,JVL,WI,AGL,CE,Federal Contract Tower,0,17,13,0,30,0,1,108,2,111,0,18,121,2,141,136,4,140,281
12/10/2020,JVL,WI,AGL,CE,Federal Contract Tower,0,11,14,0,25,0,0,100,0,100,0,11,114,0,125,112,0,112,237
12/11/2020,JVL,WI,AGL,CE,Federal Contract Tower,0,7,3,0,10,0,0,0,0,0,0,7,3,0,10,0,0,0,10
12/12/2020,JVL,WI,AGL,CE,Federal Contract Tower,0,7,0,0,7,0,0,0,0,0,0,7,0,0,7,0,0,0,7
12/13/2020,JVL,WI,AGL,CE,Federal Contract Tower,0,5,26,0,31,0,0,76,0,76,0,5,102,0,107,12,0,12,119
12/14/2020,JVL,WI,AGL,CE,Federal Contract Tower,0,12,2,0,14,0,2,82,0,84,0,14,84,0,98,66,0,66,164
12/15/2020,JVL,WI,AGL,CE,Federal Contract Tower,0,6,3,0,9,0,1,64,0,65,0,7,67,0,74,30,0,30,104
12/16/2020,JVL,WI,AGL,CE,Federal Contract Tower,0,19,0,0,19,0,0,12,0,12,0,19,12,0,31,36,0,36,67
12/17/2020,JVL,WI,AGL,CE,Federal Contract Tower,0,4,14,0,18,0,1,67,0,68,0,5,81,0,86,100,0,100,186
12/18/2020,JVL,WI,AGL,CE,Federal Contract Tower,0,14,7,0,21,0,0,30,0,30,0,14,37,0,51,36,0,36,87
12/19/2020,JVL,WI,AGL,CE,Federal Contract Tower,0,12,2,0,14,0,0,13,0,13,0,12,15,0,27,8,0,8,35
12/20/2020,JVL,WI,AGL,CE,Federal Contract Tower,0,10,14,0,24,0,0,62,0,62,0,10,76,0,86,100,0,100,186
12/21/2020,JVL,WI,AGL,CE,Federal Contract Tower,0,15,1,0,16,0,0,14,0,14,0,15,15,0,30,24,0,24,54
12/22/2020,JVL,WI,AGL,CE,Federal Contract Tower,0,8,10,1,19,0,3,99,0,102,0,11,109,1,121,92,0,92,213
12/23/2020,JVL,WI,AGL,CE,Federal Contract Tower,0,9,1,0,10,0,0,2,0,2,0,9,3,0,12,0,0,0,12
12/24/2020,JVL,WI,AGL,CE,Federal Contract Tower,0,0,0,0,0,0,0,5,0,5,0,0,5,0,5,12,0,12,17
12/25/2020,JVL,WI,AGL,CE,Federal Contract Tower,0,4,4,0,8,0,0,4,0,4,0,4,8,0,12,0,0,0,12
12/26/2020,JVL,WI,AGL,CE,Federal Contract Tower,0,15,5,0,20,0,0,128,0,128,0,15,133,0,148,40,0,40,188
12/27/2020,JVL,WI,AGL,CE,Federal Contract Tower,0,13,5,0,18,0,0,29,0,29,0,13,34,0,47,50,0,50,97
12/28/2020,JVL,WI,AGL,CE,Federal Contract Tower,0,15,5,0,20,0,0,80,0,80,0,15,85,0,100,40,0,40,140
12/29/2020,JVL,WI,AGL,CE,Federal Contract Tower,0,14,9,0,23,0,0,66,0,66,0,14,75,0,89,78,0,78,167
12/30/2020,JVL,WI,AGL,CE,Federal Contract Tower,0,10,0,0,10,0,0,0,0,0,0,10,0,0,10,0,0,0,10
12/31/2020,JVL,WI,AGL,CE,Federal Contract Tower,0,3,0,0,3,0,0,5,0,5,0,3,5,0,8,0,0,0,8
01/01/2021,JVL,WI,AGL,CE,Federal Contract Tower,0,9,0,0,9,0,0,0,0,0,0,9,0,0,9,0,0,0,9
01/02/2021,JVL,WI,AGL,CE,Federal Contract Tower,0,11,0,0,11,0,0,0,0,0,0,11,0,0,11,0,0,0,11
01/03/2021,JVL,WI,AGL,CE,Federal Contract Tower,0,14,3,0,17,0,0,0,0,0,0,14,3,0,17,0,0,0,17
01/04/2021,JVL,WI,AGL,CE,Federal Contract Tower,0,12,0,0,12,0,0,0,0,0,0,12,0,0,12,0,0,0,12
01/05/2021,JVL,WI,AGL,CE,Federal Contract Tower,0,9,0,0,9,0,0,0,0,0,0,9,0,0,9,0,0,0,9
01/06/2021,JVL,WI,AGL,CE,Federal Contract Tower,0,11,1,0,12,0,0,0,0,0,0,11,1,0,12,0,0,0,12
01/07/2021,JVL,WI,AGL,CE,Federal Contract Tower,0,15,4,0,19,0,0,0,0,0,0,15,4,0,19,0,0,0,19
01/08/2021,JVL,WI,AGL,CE,Federal Contract Tower,0,8,0,0,8,0,0,15,0,15,0,8,15,0,23,8,0,8,31
01/09/2021,JVL,WI,AGL,CE,Federal Contract Tower,0,6,17,0,23,0,0,77,0,77,0,6,94,0,100,66,0,66,166
01/10/2021,JVL,WI,AGL,CE,Federal Contract Tower,0,13,5,0,18,0,0,2,0,2,0,13,7,0,20,30,0,30,50
01/11/2021,JVL,WI,AGL,CE,Federal Contract Tower,0,10,2,1,13,0,0,2,0,2,0,10,4,1,15,24,0,24,39
01/12/2021,JVL,WI,AGL,CE,Federal Contract Tower,0,7,5,0,12,0,0,38,0,38,0,7,43,0,50,70,0,70,120
01/13/2021,JVL,WI,AGL,CE,Federal Contract Tower,0,10,11,0,21,0,2,74,0,76,0,12,85,0,97,42,0,42,139
01/14/2021,JVL,WI,AGL,CE,Federal Contract Tower,0,20,3,1,24,0,0,11,0,11,0,20,14,1,35,18,0,18,53
01/15/2021,JVL,WI,AGL,CE,Federal Contract Tower,0,9,0,0,9,0,0,5,0,5,0,9,5,0,14,26,0,26,40
01/16/2021,JVL,WI,AGL,CE,Federal Contract Tower,0,5,5,0,10,0,0,9,0,9,0,5,14,0,19,30,0,30,49
01/17/2021,JVL,WI,AGL,CE,Federal Contract Tower,0,9,0,0,9,0,0,5,0,5,0,9,5,0,14,18,0,18,32
01/18/2021,JVL,WI,AGL,CE,Federal Contract Tower,0,12,0,0,12,0,0,23,0,23,0,12,23,0,35,52,0,52,87
01/19/2021,JVL,WI,AGL,CE,Federal Contract Tower,0,4,3,0,7,0,0,29,0,29,0,4,32,0,36,24,0,24,60
01/20/2021,JVL,WI,AGL,CE,Federal Contract Tower,0,15,7,0,22,0,0,17,0,17,0,15,24,0,39,8,0,8,47
01/21/2021,JVL,WI,AGL,CE,Federal Contract Tower,0,10,1,0,11,0,0,35,0,35,0,10,36,0,46,30,0,30,76
01/22/2021,JVL,WI,AGL,CE,Federal Contract Tower,0,8,15,0,23,0,0,83,0,83,0,8,98,0,106,34,0,34,140
01/23/2021,JVL,WI,AGL,CE,Federal Contract Tower,0,7,9,0,16,0,0,105,0,105,0,7,114,0,121,74,0,74,195
01/24/2021,JVL,WI,AGL,CE,Federal Contract Tower,0,8,0,0,8,0,0,2,0,2,0,8,2,0,10,22,0,22,32
01/25/2021,JVL,WI,AGL,CE,Federal Contract Tower,0,10,0,0,10,0,0,8,0,8,0,10,8,0,18,10,0,10,28
01/26/2021,JVL,WI,AGL,CE,Federal Contract Tower,0,4,0,0,4,0,0,0,0,0,0,4,0,0,4,0,0,0,4
01/27/2021,JVL,WI,AGL,CE,Federal Contract Tower,0,9,8,1,18,0,2,40,0,42,0,11,48,1,60,44,0,44,104
01/28/2021,JVL,WI,AGL,CE,Federal Contract Tower,0,10,15,1,26,0,0,50,1,51,0,10,65,2,77,30,0,30,107
01/29/2021,JVL,WI,AGL,CE,Federal Contract Tower,0,12,11,0,23,0,0,117,0,117,0,12,128,0,140,66,0,66,206
01/30/2021,JVL,WI,AGL,CE,Federal Contract Tower,0,3,8,0,11,0,2,24,0,26,0,5,32,0,37,20,0,20,57
01/31/2021,JVL,WI,AGL,CE,Federal Contract Tower,0,10,0,0,10,0,0,0,0,0,0,10,0,0,10,0,0,0,10
02/01/2021,JVL,WI,AGL,CE,Federal Contract Tower,0,15,9,0,24,0,0,31,0,31,0,15,40,0,55,70,0,70,125
02/02/2021,JVL,WI,AGL,CE,Federal Contract Tower,0,11,6,2,19,0,0,61,1,62,0,11,67,3,81,42,0,42,123
02/03/2021,JVL,WI,AGL,CE,Federal Contract Tower,0,24,8,1,33,0,0,84,1,85,0,24,92,2,118,108,0,108,226
02/04/2021,JVL,WI,AGL,CE,Federal Contract Tower,0,3,0,0,3,0,0,2,0,2,0,3,2,0,5,0,0,0,5
02/05/2021,JVL,WI,AGL,CE,Federal Contract Tower,0,8,1,0,9,0,0,8,0,8,0,8,9,0,17,0,0,0,17
02/06/2021,JVL,WI,AGL,CE,Federal Contract Tower,0,5,0,0,5,0,0,26,0,26,0,5,26,0,31,20,0,20,51
02/07/2021,JVL,WI,AGL,CE,Federal Contract Tower,0,9,2,0,11,0,0,32,0,32,0,9,34,0,43,40,0,40,83
02/08/2021,JVL,WI,AGL,CE,Federal Contract Tower,0,12,4,1,17,0,0,5,1,6,0,12,9,2,23,2,2,4,27
02/09/2021,JVL,WI,AGL,CE,Federal Contract Tower,0,8,11,0,19,0,6,78,0,84,0,14,89,0,103,64,0,64,167
02/10/2021,JVL,WI,AGL,CE,Federal Contract Tower,0,11,2,0,13,0,0,24,0,24,0,11,26,0,37,14,0,14,51
02/11/2021,JVL,WI,AGL,CE,Federal Contract Tower,0,15,3,0,18,0,0,23,0,23,0,15,26,0,41,14,0,14,55
02/12/2021,JVL,WI,AGL,CE,Federal Contract Tower,0,12,1,0,13,0,0,29,0,29,0,12,30,0,42,14,0,14,56
02/13/2021,JVL,WI,AGL,CE,Federal Contract Tower,0,6,3,0,9,0,0,0,0,0,0,6,3,0,9,0,0,0,9
02/14/2021,JVL,WI,AGL,CE,Federal Contract Tower,0,5,2,0,7,0,0,13,0,13,0,5,15,0,20,20,0,20,40
02/15/2021,JVL,WI,AGL,CE,Federal Contract Tower,0,10,1,0,11,0,1,8,0,9,0,11,9,0,20,8,0,8,28
02/16/2021,JVL,WI,AGL,CE,Federal Contract Tower,0,20,9,0,29,0,0,25,0,25,0,20,34,0,54,6,0,6,60
02/17/2021,JVL,WI,AGL,CE,Federal Contract Tower,0,12,1,0,13,0,2,67,0,69,0,14,68,0,82,44,0,44,126
02/18/2021,JVL,WI,AGL,CE,Federal Contract Tower,0,12,0,2,14,0,0,30,0,30,0,12,30,2,44,18,2,20,64
02/19/2021,JVL,WI,AGL,CE,Federal Contract Tower,0,7,4,0,11,0,0,62,0,62,0,7,66,0,73,34,0,34,107
02/20/2021,JVL,WI,AGL,CE,Federal Contract Tower,0,8,11,0,19,0,0,99,0,99,0,8,110,0,118,46,0,46,164
02/21/2021,JVL,WI,AGL,CE,Federal Contract Tower,0,11,1,0,12,0,0,28,0,28,0,11,29,0,40,22,0,22,62
02/22/2021,JVL,WI,AGL,CE,Federal Contract Tower,0,10,2,0,12,0,1,4,0,5,0,11,6,0,17,12,0,12,29
02/23/2021,JVL,WI,AGL,CE,Federal Contract Tower,0,16,15,0,31,0,0,70,0,70,0,16,85,0,101,68,0,68,169
02/24/2021,JVL,WI,AGL,CE,Federal Contract Tower,0,12,8,0,20,0,1,53,0,54,0,13,61,0,74,30,0,30,104
02/25/2021,JVL,WI,AGL,CE,Federal Contract Tower,0,6,14,0,20,0,1,98,0,99,0,7,112,0,119,86,0,86,205
02/26/2021,JVL,WI,AGL,CE,Federal Contract Tower,0,10,7,0,17,0,0,111,0,111,0,10,118,0,128,52,0,52,180
02/27/2021,JVL,WI,AGL,CE,Federal Contract Tower,0,8,6,0,14,0,0,165,0,165,0,8,171,0,179,150,0,150,329
02/28/2021,JVL,WI,AGL,CE,Federal Contract Tower,0,9,0,0,9,0,0,0,0,0,0,9,0,0,9,0,0,0,9
03/01/2021,JVL,WI,AGL,CE,Federal Contract Tower,0,11,10,0,21,0,0,63,0,63,0,11,73,0,84,82,0,82,166
03/02/2021,JVL,WI,AGL,CE,Federal Contract Tower,0,13,7,0,20,0,0,28,0,28,0,13,35,0,48,2,0,2,50
03/03/2021,JVL,WI,AGL,CE,Federal Contract Tower,0,16,9,0,25,0,0,89,0,89,0,16,98,0,114,42,0,42,156
03/04/2021,JVL,WI,AGL,CE,Federal Contract Tower,0,14,8,1,23,0,0,65,0,65,0,14,73,1,88,16,2,18,106
03/05/2021,JVL,WI,AGL,CE,Federal Contract Tower,0,15,13,0,28,0,0,104,0,104,0,15,117,0,132,72,0,72,204
03/06/2021,JVL,WI,AGL,CE,Federal Contract Tower,0,10,5,0,15,0,0,159,0,159,0,10,164,0,174,74,0,74,248
03/07/2021,JVL,WI,AGL,CE,Federal Contract Tower,0,18,6,0,24,0,0,82,0,82,0,18,88,0,106,88,0,88,194
03/08/2021,JVL,WI,AGL,CE,Federal Contract Tower,0,18,5,1,24,0,0,32,0,32,0,18,37,1,56,60,0,60,116
03/09/2021,JVL,WI,AGL,CE,Federal Contract Tower,0,18,10,1,29,0,11,100,0,111,0,29,110,1,140,60,0,60,200
03/10/2021,JVL,WI,AGL,CE,Federal Contract Tower,0,10,3,0,13,0,0,1,0,1,0,10,4,0,14,0,0,0,14
03/11/2021,JVL,WI,AGL,CE,Federal Contract Tower,0,13,3,0,16,0,0,24,0,24,0,13,27,0,40,32,0,32,72
03/12/2021,JVL,WI,AGL,CE,Federal Contract Tower,0,11,10,0,21,0,1,116,0,117,0,12,126,0,138,52,0,52,190
03/13/2021,JVL,WI,AGL,CE,Federal Contract Tower,0,14,9,0,23,0,0,180,0,180,0,14,189,0,203,124,0,124,327
03/14/2021,JVL,WI,AGL,CE,Federal Contract Tower,0,12,5,0,17,0,0,48,0,48,0,12,53,0,65,60,0,60,125
03/15/2021,JVL,WI,AGL,CE,Federal Contract Tower,0,6,0,0,6,0,0,2,0,2,0,6,2,0,8,0,0,0,8
03/16/2021,JVL,WI,AGL,CE,Federal Contract Tower,0,17,6,0,23,0,0,6,0,6,0,17,12,0,29,20,0,20,49
03/17/2021,JVL,WI,AGL,CE,Federal Contract Tower,0,17,2,0,19,0,0,5,0,5,0,17,7,0,24,16,0,16,40
03/18/2021,JVL,WI,AGL,CE,Federal Contract Tower,0,17,0,0,17,0,0,6,0,6,0,17,6,0,23,20,0,20,43
03/19/2021,JVL,WI,AGL,CE,Federal Contract Tower,0,12,6,0,18,0,2,87,0,89,0,14,93,0,107,128,0,128,235
03/20/2021,JVL,WI,AGL,CE,Federal Contract Tower,0,14,11,0,25,0,1,138,0,139,0,15,149,0,164,114,0,114,278
03/21/2021,JVL,WI,AGL,CE,Federal Contract Tower,0,12,9,0,21,0,7,92,0,99,0,19,101,0,120,78,0,78,198
03/22/2021,JVL,WI,AGL,CE,Federal Contract Tower,0,15,11,0,26,0,1,84,0,85,0,16,95,0,111,52,0,52,163
03/23/2021,JVL,WI,AGL,CE,Federal Contract Tower,0,10,2,0,12,0,0,9,4,13,0,10,11,4,25,14,0,14,39
03/24/2021,JVL,WI,AGL,CE,Federal Contract Tower,0,13,7,1,21,0,0,4,0,4,0,13,11,1,25,0,0,0,25
03/25/2021,JVL,WI,AGL,CE,Federal Contract Tower,0,11,8,0,19,0,1,32,0,33,0,12,40,0,52,118,0,118,170
03/26/2021,JVL,WI,AGL,CE,Federal Contract Tower,0,8,13,0,21,0,0,46,0,46,0,8,59,0,67,126,0,126,193
03/27/2021,JVL,WI,AGL,CE,Federal Contract Tower,0,12,4,0,16,0,0,11,0,11,0,12,15,0,27,46,0,46,73
03/28/2021,JVL,WI,AGL,CE,Federal Contract Tower,0,8,7,0,15,0,0,21,0,21,0,8,28,0,36,40,0,40,76
03/29/2021,JVL,WI,AGL,CE,Federal Contract Tower,0,9,0,0,9,0,1,20,0,21,0,10,20,0,30,8,0,8,38
03/30/2021,JVL,WI,AGL,CE,Federal Contract Tower,0,11,1,1,13,0,0,63,0,63,0,11,64,1,76,30,0,30,106
03/31/2021,JVL,WI,AGL,CE,Federal Contract Tower,0,14,6,0,20,0,2,48,0,50,0,16,54,0,70,34,0,34,104
04/01/2021,JVL,WI,AGL,CE,Federal Contract Tower,0,14,8,0,22,0,0,109,0,109,0,14,117,0,131,112,0,112,243
04/02/2021,JVL,WI,AGL,CE,Federal Contract Tower,0,8,3,0,11,0,0,163,0,163,0,8,166,0,174,128,0,128,302
04/03/2021,JVL,WI,AGL,CE,Federal Contract Tower,0,4,9,0,13,0,0,67,0,67,0,4,76,0,80,50,0,50,130
04/04/2021,JVL,WI,AGL,CE,Federal Contract Tower,0,11,14,0,25,0,0,100,0,100,0,11,114,0,125,100,0,100,225
04/05/2021,JVL,WI,AGL,CE,Federal Contract Tower,0,18,2,0,20,0,1,42,0,43,0,19,44,0,63,52,0,52,115
04/06/2021,JVL,WI,AGL,CE,Federal Contract Tower,0,17,4,0,21,0,0,89,0,89,0,17,93,0,110,98,0,98,208
04/07/2021,JVL,WI,AGL,CE,Federal Contract Tower,0,9,7,0,16,0,0,66,0,66,0,9,73,0,82,54,0,54,136
04/08/2021,JVL,WI,AGL,CE,Federal Contract Tower,0,5,7,0,12,0,0,10,0,10,0,5,17,0,22,16,0,16,38
04/09/2021,JVL,WI,AGL,CE,Federal Contract Tower,0,16,15,0,31,0,1,13,0,14,0,17,28,0,45,20,0,20,65
04/10/2021,JVL,WI,AGL,CE,Federal Contract Tower,0,12,18,0,30,0,0,4,0,4,0,12,22,0,34,22,0,22,56
04/11/2021,JVL,WI,AGL,CE,Federal Contract Tower,0,8,21,0,29,0,0,13,0,13,0,8,34,0,42,20,0,20,62
04/12/2021,JVL,WI,AGL,CE,Federal Contract Tower,0,15,10,0,25,0,0,68,0,68,0,15,78,0,93,22,0,22,115
04/13/2021,JVL,WI,AGL,CE,Federal Contract Tower,0,11,6,0,17,0,0,67,0,67,0,11,73,0,84,84,0,84,168
04/14/2021,JVL,WI,AGL,CE,Federal Contract Tower,0,9,0,0,9,0,0,46,0,46,0,9,46,0,55,82,0,82,137
04/15/2021,JVL,WI,AGL,CE,Federal Contract Tower,0,12,10,0,22,0,0,63,0,63,0,12,73,0,85,116,0,116,201
04/16/2021,JVL,WI,AGL,CE,Federal Contract Tower,0,9,10,0,19,0,0,124,0,124,0,9,134,0,143,100,0,100,243
04/17/2021,JVL,WI,AGL,CE,Federal Contract Tower,0,7,12,0,19,0,0,152,0,152,0,7,164,0,171,68,0,68,239
04/18/2021,JVL,WI,AGL,CE,Federal Contract Tower,0,9,7,0,16,0,0,99,0,99,0,9,106,0,115,66,0,66,181
04/19/2021,JVL,WI,AGL,CE,Federal Contract Tower,0,12,7,0,19,0,0,16,0,16,0,12,23,0,35,12,0,12,47
04/20/2021,JVL,WI,AGL,CE,Federal Contract Tower,0,14,11,0,25,0,0,20,0,20,0,14,31,0,45,36,0,36,81
04/21/2021,JVL,WI,AGL,CE,Federal Contract Tower,0,19,5,0,24,0,0,32,0,32,0,19,37,0,56,26,0,26,82
04/22/2021,JVL,WI,AGL,CE,Federal Contract Tower,0,15,11,0,26,0,0,81,0,81,0,15,92,0,107,72,0,72,179
04/23/2021,JVL,WI,AGL,CE,Federal Contract Tower,0,12,13,0,25,0,0,50,0,50,0,12,63,0,75,42,0,42,117
04/24/2021,JVL,WI,AGL,CE,Federal Contract Tower,0,11,14,0,25,0,0,78,0,78,0,11,92,0,103,98,0,98,201
04/25/2021,JVL,WI,AGL,CE,Federal Contract Tower,0,8,11,0,19,0,0,94,0,94,0,8,105,0,113,34,0,34,147
04/26/2021,JVL,WI,AGL,CE,Federal Contract Tower,0,15,6,0,21,0,0,37,0,37,0,15,43,0,58,70,0,70,128
04/27/2021,JVL,WI,AGL,CE,Federal Contract Tower,0,13,2,1,16,0,0,54,0,54,0,13,56,1,70,62,0,62,132
04/28/2021,JVL,WI,AGL,CE,Federal Contract Tower,0,8,14,0,22,0,0,41,0,41,0,8,55,0,63,56,0,56,119
04/29/2021,JVL,WI,AGL,CE,Federal Contract Tower,0,11,13,0,24,0,2,40,0,42,0,13,53,0,66,70,0,70,136
04/30/2021,JVL,WI,AGL,CE,Federal Contract Tower,0,14,4,0,18,0,0,74,0,74,0,14,78,0,92,92,0,92,184
05/01/2021,JVL,WI,AGL,CE,Federal Contract Tower,0,9,4,0,13,0,0,7,0,7,0,9,11,0,20,4,0,4,24
05/02/2021,JVL,WI,AGL,CE,Federal Contract Tower,0,15,3,0,18,0,0,61,0,61,0,15,64,0,79,54,0,54,133
05/03/2021,JVL,WI,AGL,CE,Federal Contract Tower,0,8,12,0,20,0,1,13,0,14,0,9,25,0,34,12,0,12,46
05/04/2021,JVL,WI,AGL,CE,Federal Contract Tower,0,16,18,1,35,0,0,22,0,22,0,16,40,1,57,48,0,48,105
05/05/2021,JVL,WI,AGL,CE,Federal Contract Tower,0,11,10,0,21,0,1,122,2,125,0,12,132,2,146,198,8,206,352
05/06/2021,JVL,WI,AGL,CE,Federal Contract Tower,0,18,9,1,28,0,0,13,1,14,0,18,22,2,42,20,2,22,64
05/07/2021,JVL,WI,AGL,CE,Federal Contract Tower,0,13,11,0,24,0,0,111,0,111,0,13,122,0,135,154,0,154,289
05/08/2021,JVL,WI,AGL,CE,Federal Contract Tower,0,7,16,0,23,0,0,102,0,102,0,7,118,0,125,74,0,74,199
05/09/2021,JVL,WI,AGL,CE,Federal Contract Tower,0,6,4,0,10,0,0,19,0,19,0,6,23,0,29,36,0,36,65
05/10/2021,JVL,WI,AGL,CE,Federal Contract Tower,0,11,8,0,19,0,0,72,0,72,0,11,80,0,91,88,0,88,179
05/11/2021,JVL,WI,AGL,CE,Federal Contract Tower,0,10,9,0,19,0,2,68,0,70,0,12,77,0,89,134,0,134,223
05/12/2021,JVL,WI,AGL,CE,Federal Contract Tower,0,18,8,0,26,0,0,89,0,89,0,18,97,0,115,114,0,114,229
05/13/2021,JVL,WI,AGL,CE,Federal Contract Tower,0,11,6,0,17,0,0,68,2,70,0,11,74,2,87,40,4,44,131
05/14/2021,JVL,WI,AGL,CE,Federal Contract Tower,0,12,14,0,26,0,0,62,0,62,0,12,76,0,88,70,0,70,158
05/15/2021,JVL,WI,AGL,CE,Federal Contract Tower,0,6,7,0,13,0,0,30,0,30,0,6,37,0,43,42,0,42,85
05/16/2021,JVL,WI,AGL,CE,Federal Contract Tower,0,12,13,0,25,0,0,73,0,73,0,12,86,0,98,128,0,128,226
05/17/2021,JVL,WI,AGL,CE,Federal Contract Tower,0,10,12,0,22,0,0,85,0,85,0,10,97,0,107,96,0,96,203
05/18/2021,JVL,WI,AGL,CE,Federal Contract Tower,0,17,14,1,32,0,0,28,0,28,0,17,42,1,60,8,2,10,70
05/19/2021,JVL,WI,AGL,CE,Federal Contract Tower,0,15,18,2,35,0,0,17,0,17,0,15,35,2,52,76,2,78,130
05/20/2021,JVL,WI,AGL,CE,Federal Contract Tower,0,8,7,0,15,0,0,27,0,27,0,8,34,0,42,28,0,28,70
05/21/2021,JVL,WI,AGL,CE,Federal Contract Tower,0,12,9,0,21,0,0,32,0,32,0,12,41,0,53,34,0,34,87
05/22/2021,JVL,WI,AGL,CE,Federal Contract Tower,0,4,8,0,12,0,0,87,0,87,0,4,95,0,99,80,0,80,179
05/23/2021,JVL,WI,AGL,CE,Federal Contract Tower,0,12,7,0,19,0,0,13,0,13,0,12,20,0,32,54,0,54,86
05/24/2021,JVL,WI,AGL,CE,Federal Contract Tower,0,6,8,0,14,0,1,67,0,68,0,7,75,0,82,88,0,88,170
05/25/2021,JVL,WI,AGL,CE,Federal Contract Tower,0,12,3,0,15,0,0,51,0,51,0,12,54,0,66,50,0,50,116
05/26/2021,JVL,WI,AGL,CE,Federal Contract Tower,0,25,6,0,31,0,0,105,0,105,0,25,111,0,136,68,0,68,204
05/27/2021,JVL,WI,AGL,CE,Federal Contract Tower,0,16,2,0,18,0,1,17,0,18,0,17,19,0,36,20,0,20,56
05/28/2021,JVL,WI,AGL,CE,Federal Contract Tower,0,18,9,0,27,0,0,0,0,0,0,18,9,0,27,0,0,0,27
05/29/2021,JVL,WI,AGL,CE,Federal Contract Tower,0,2,19,0,21,0,2,103,0,105,0,4,122,0,126,130,0,130,256
05/30/2021,JVL,WI,AGL,CE,Federal Contract Tower,0,11,8,0,19,0,0,176,0,176,0,11,184,0,195,114,0,114,309
05/31/2021,JVL,WI,AGL,CE,Federal Contract Tower,0,12,6,0,18,0,0,93,0,93,0,12,99,0,111,86,0,86,197
06/01/2021,JVL,WI,AGL,CE,Federal Contract Tower,0,20,3,0,23,0,0,66,0,66,0,20,69,0,89,112,0,112,201
06/02/2021,JVL,WI,AGL,CE,Federal Contract Tower,0,12,5,0,17,0,0,82,0,82,0,12,87,0,99,150,0,150,249
06/03/2021,JVL,WI,AGL,CE,Federal Contract Tower,0,16,4,0,20,0,0,59,0,59,0,16,63,0,79,84,0,84,163
06/04/2021,JVL,WI,AGL,CE,Federal Contract Tower,0,16,5,0,21,0,1,57,0,58,0,17,62,0,79,66,0,66,145
06/05/2021,JVL,WI,AGL,CE,Federal Contract Tower,0,15,6,0,21,0,0,82,0,82,0,15,88,0,103,82,0,82,185
06/06/2021,JVL,WI,AGL,CE,Federal Contract Tower,0,10,4,0,14,0,0,73,0,73,0,10,77,0,87,104,0,104,191
06/07/2021,JVL,WI,AGL,CE,Federal Contract Tower,0,18,6,0,24,0,1,29,0,30,0,19,35,0,54,56,0,56,110
06/08/2021,JVL,WI,AGL,CE,Federal Contract Tower,0,18,10,0,28,0,1,52,0,53,0,19,62,0,81,124,0,124,205
06/09/2021,JVL,WI,AGL,CE,Federal Contract Tower,0,16,9,0,25,0,14,61,0,75,0,30,70,0,100,86,0,86,186
06/10/2021,JVL,WI,AGL,CE,Federal Contract Tower,0,20,4,0,24,0,0,92,0,92,0,20,96,0,116,62,0,62,178
06/11/2021,JVL,WI,AGL,CE,Federal Contract Tower,0,22,15,0,37,0,0,67,0,67,0,22,82,0,104,80,0,80,184
06/12/2021,JVL,WI,AGL,CE,Federal Contract Tower,0,6,5,0,11,0,0,103,0,103,0,6,108,0,114,68,0,68,182
06/13/2021,JVL,WI,AGL,CE,Federal Contract Tower,0,10,5,0,15,0,0,106,0,106,0,10,111,0,121,60,0,60,181
06/14/2021,JVL,WI,AGL,CE,Federal Contract Tower,0,18,6,0,24,0,6,54,0,60,0,24,60,0,84,120,0,120,204
06/15/2021,JVL,WI,AGL,CE,Federal Contract Tower,0,16,10,0,26,0,1,86,0,87,0,17,96,0,113,112,0,112,225
06/16/2021,JVL,WI,AGL,CE,Federal Contract Tower,0,16,9,1,26,0,2,107,0,109,0,18,116,1,135,126,2,128,263
06/17/2021,JVL,WI,AGL,CE,Federal Contract Tower,0,11,4,0,15,0,2,56,0,58,0,13,60,0,73,62,0,62,135
06/18/2021,JVL,WI,AGL,CE,Federal Contract Tower,0,18,5,0,23,0,0,61,0,61,0,18,66,0,84,80,0,80,164
06/19/2021,JVL,WI,AGL,CE,Federal Contract Tower,0,9,17,0,26,0,0,211,0,211,0,9,228,0,237,194,0,194,431
06/20/2021,JVL,WI,AGL,CE,Federal Contract Tower,0,7,4,0,11,0,0,34,0,34,0,7,38,0,45,60,0,60,105
06/21/2021,JVL,WI,AGL,CE,Federal Contract Tower,0,24,6,0,30,0,1,28,0,29,0,25,34,0,59,16,0,16,75
06/22/2021,JVL,WI,AGL,CE,Federal Contract Tower,0,11,5,3,19,0,0,135,0,135,0,11,140,3,154,188,2,190,344
06/23/2021,JVL,WI,AGL,CE,Federal Contract Tower,0,18,3,0,21,0,0,27,0,27,0,18,30,0,48,58,0,58,106
06/24/2021,JVL,WI,AGL,CE,Federal Contract Tower,0,19,3,0,22,0,0,27,0,27,0,19,30,0,49,76,0,76,125
06/25/2021,JVL,WI,AGL,CE,Federal Contract Tower,0,22,6,0,28,0,0,13,0,13,0,22,19,0,41,34,0,34,75
06/26/2021,JVL,WI,AGL,CE,Federal Contract Tower,0,5,11,0,16,0,0,2,0,2,0,5,13,0,18,0,0,0,18
06/27/2021,JVL,WI,AGL,CE,Federal Contract Tower,0,17,30,0,47,0,0,36,0,36,0,17,66,0,83,184,0,184,267
06/28/2021,JVL,WI,AGL,CE,Federal Contract Tower,0,11,7,0,18,0,5,18,0,23,0,16,25,0,41,30,0,30,71
06/29/2021,JVL,WI,AGL,CE,Federal Contract Tower,0,18,18,0,36,0,0,21,0,21,0,18,39,0,57,38,0,38,95
06/30/2021,JVL,WI,AGL,CE,Federal Contract Tower,0,35,13,0,48,0,0,44,0,44,0,35,57,0,92,74,0,74,166
07/01/2021,JVL,WI,AGL,CE,Federal Contract Tower,0,23,17,0,40,0,0,97,0,97,0,23,114,0,137,66,0,66,203
07/02/2021,JVL,WI,AGL,CE,Federal Contract Tower,0,22,9,0,31,0,0,122,0,122,0,22,131,0,153,150,0,150,303
07/03/2021,JVL,WI,AGL,CE,Federal Contract Tower,0,7,10,0,17,0,0,129,0,129,0,7,139,0,146,122,0,122,268
07/04/2021,JVL,WI,AGL,CE,Federal Contract Tower,0,3,6,0,9,0,0,43,0,43,0,3,49,0,52,50,0,50,102
07/05/2021,JVL,WI,AGL,CE,Federal Contract Tower,0,17,4,0,21,0,1,42,0,43,0,18,46,0,64,72,0,72,136
07/06/2021,JVL,WI,AGL,CE,Federal Contract Tower,0,14,3,0,17,0,1,79,0,80,0,15,82,0,97,80,0,80,177
07/07/2021,JVL,WI,AGL,CE,Federal Contract Tower,22,6,0,0,28,0,0,22,0,22,22,6,22,0,50,20,0,20,70
07/08/2021,JVL,WI,AGL,CE,Federal Contract Tower,0,12,18,1,31,0,0,18,0,18,0,12,36,1,49,60,0,60,109
07/09/2021,JVL,WI,AGL,CE,Federal Contract Tower,0,19,11,0,30,0,0,100,0,100,0,19,111,0,130,108,0,108,238
07/10/2021,JVL,WI,AGL,CE,Federal Contract Tower,0,12,6,0,18,0,0,72,0,72,0,12,78,0,90,88,0,88,178
07/11/2021,JVL,WI,AGL,CE,Federal Contract Tower,0,10,8,0,18,0,0,46,0,46,0,10,54,0,64,62,0,62,126
07/12/2021,JVL,WI,AGL,CE,Federal Contract Tower,0,15,26,0,41,0,2,22,0,24,0,17,48,0,65,66,0,66,131
07/13/2021,JVL,WI,AGL,CE,Federal Contract Tower,0,17,22,1,40,0,13,49,0,62,0,30,71,1,102,42,0,42,144
07/14/2021,JVL,WI,AGL,CE,Federal Contract Tower,0,20,5,0,25,0,1,82,0,83,0,21,87,0,108,132,0,132,240
07/15/2021,JVL,WI,AGL,CE,Federal Contract Tower,0,29,9,0,38,0,0,14,0,14,0,29,23,0,52,32,0,32,84
07/16/2021,JVL,WI,AGL,CE,Federal Contract Tower,0,14,29,0,43,0,1,94,0,95,0,15,123,0,138,142,0,142,280
07/17/2021,JVL,WI,AGL,CE,Federal Contract Tower,0,2,16,0,18,0,1,113,0,114,0,3,129,0,132,144,0,144,276
07/18/2021,JVL,WI,AGL,CE,Federal Contract Tower,0,11,9,0,20,0,1,112,0,113,0,12,121,0,133,160,0,160,293
07/19/2021,JVL,WI,AGL,CE,Federal Contract Tower,0,20,8,0,28,0,1,92,0,93,0,21,100,0,121,308,0,308,429
07/20/2021,JVL,WI,AGL,CE,Federal Contract Tower,0,25,7,1,33,0,0,105,0,105,0,25,112,1,138,160,0,160,298
07/21/2021,JVL,WI,AGL,CE,Federal Contract Tower,0,17,14,0,31,0,1,57,0,58,0,18,71,0,89,168,0,168,257
07/22/2021,JVL,WI,AGL,CE,Federal Contract Tower,0,25,22,0,47,0,1,102,3,106,0,26,124,3,153,132,0,132,285
07/23/2021,JVL,WI,AGL,CE,Federal Contract Tower,0,13,18,0,31,0,0,223,0,223,0,13,241,0,254,218,0,218,472
07/24/2021,JVL,WI,AGL,CE,Federal Contract Tower,0,6,18,0,24,0,28,268,0,296,0,34,286,0,320,172,0,172,492
07/25/2021,JVL,WI,AGL,CE,Federal Contract Tower,0,17,9,0,26,0,0,323,0,323,0,17,332,0,349,226,0,226,575
07/26/2021,JVL,WI,AGL,CE,Federal Contract Tower,0,26,4,1,31,0,3,79,1,83,0,29,83,2,114,194,0,194,308
07/27/2021,JVL,WI,AGL,CE,Federal Contract Tower,0,23,7,0,30,0,0,81,0,81,0,23,88,0,111,140,0,140,251
07/28/2021,JVL,WI,AGL,CE,Federal Contract Tower,0,12,9,0,21,0,0,72,0,72,0,12,81,0,93,128,0,128,221
07/29/2021,JVL,WI,AGL,CE,Federal Contract Tower,0,21,13,2,36,0,0,65,0,65,0,21,78,2,101,132,4,136,237
07/30/2021,JVL,WI,AGL,CE,Federal Contract Tower,0,11,8,0,19,0,2,95,0,97,0,13,103,0,116,72,0,72,188
07/31/2021,JVL,WI,AGL,CE,Federal Contract Tower,0,8,6,0,14,0,0,68,0,68,0,8,74,0,82,240,0,240,322
08/01/2021,JVL,WI,AGL,CE,Federal Contract Tower,0,19,8,1,28,0,3,82,0,85,0,22,90,1,113,62,10,72,185
08/02/2021,JVL,WI,AGL,CE,Federal Contract Tower,0,19,6,0,25,0,0,70,0,70,0,19,76,0,95,82,0,82,177
08/03/2021,JVL,WI,AGL,CE,Federal Contract Tower,0,16,9,0,25,0,0,66,0,66,0,16,75,0,91,76,0,76,167
08/04/2021,JVL,WI,AGL,CE,Federal Contract Tower,0,12,5,0,17,0,1,80,4,85,0,13,85,4,102,96,0,96,198
08/05/2021,JVL,WI,AGL,CE,Federal Contract Tower,0,21,15,0,36,0,1,68,0,69,0,22,83,0,105,166,0,166,271
08/06/2021,JVL,WI,AGL,CE,Federal Contract Tower,0,10,2,0,12,0,1,49,0,50,0,11,51,0,62,102,0,102,164
08/07/2021,JVL,WI,AGL,CE,Federal Contract Tower,0,9,19,2,30,0,1,66,4,71,0,10,85,6,101,106,0,106,207
08/08/2021,JVL,WI,AGL,CE,Federal Contract Tower,0,15,6,0,21,0,1,51,0,52,0,16,57,0,73,60,0,60,133
08/09/2021,JVL,WI,AGL,CE,Federal Contract Tower,0,16,3,0,19,0,0,8,0,8,0,16,11,0,27,6,0,6,33
08/10/2021,JVL,WI,AGL,CE,Federal Contract Tower,0,14,12,0,26,0,0,34,0,34,0,14,46,0,60,14,0,14,74
08/11/2021,JVL,WI,AGL,CE,Federal Contract Tower,0,17,4,0,21,0,0,33,0,33,0,17,37,0,54,28,0,28,82
08/12/2021,JVL,WI,AGL,CE,Federal Contract Tower,0,23,14,0,37,0,2,66,0,68,0,25,80,0,105,86,0,86,191
08/13/2021,JVL,WI,AGL,CE,Federal Contract Tower,0,17,17,0,34,0,1,128,0,129,0,18,145,0,163,162,0,162,325
08/14/2021,JVL,WI,AGL,CE,Federal Contract Tower,0,9,12,0,21,0,2,138,0,140,0,11,150,0,161,94,0,94,255
08/15/2021,JVL,WI,AGL,CE,Federal Contract Tower,0,19,16,0,35,0,1,186,0,187,0,20,202,0,222,120,0,120,342
08/16/2021,JVL,WI,AGL,CE,Federal Contract Tower,0,18,6,1,25,0,32,60,0,92,0,50,66,1,117,78,0,78,195
08/17/2021,JVL,WI,AGL,CE,Federal Contract Tower,0,17,17,0,34,0,3,119,2,124,0,20,136,2,158,148,0,148,306
08/18/2021,JVL,WI,AGL,CE,Federal Contract Tower,0,11,7,0,18,0,0,68,0,68,0,11,75,0,86,170,0,170,256
08/19/2021,JVL,WI,AGL,CE,Federal Contract Tower,0,19,8,0,27,0,3,89,0,92,0,22,97,0,119,170,0,170,289
08/20/2021,JVL,WI,AGL,CE,Federal Contract Tower,0,21,10,0,31,0,0,121,0,121,0,21,131,0,152,136,0,136,288
08/21/2021,JVL,WI,AGL,CE,Federal Contract Tower,0,5,4,0,9,0,0,26,0,26,0,5,30,0,35,24,0,24,59
08/22/2021,JVL,WI,AGL,CE,Federal Contract Tower,0,16,10,0,26,0,0,123,0,123,0,16,133,0,149,68,0,68,217
08/23/2021,JVL,WI,AGL,CE,Federal Contract Tower,0,24,10,0,34,0,13,16,0,29,0,37,26,0,63,34,0,34,97
08/24/2021,JVL,WI,AGL,CE,Federal Contract Tower,0,8,0,0,8,0,1,36,0,37,0,9,36,0,45,62,0,62,107
08/25/2021,JVL,WI,AGL,CE,Federal Contract Tower,0,15,3,0,18,0,1,79,0,80,0,16,82,0,98,108,0,108,206
08/26/2021,JVL,WI,AGL,CE,Federal Contract Tower,0,19,13,0,32,0,0,39,0,39,0,19,52,0,71,106,0,106,177
08/27/2021,JVL,WI,AGL,CE,Federal Contract Tower,0,18,8,0,26,0,0,62,0,62,0,18,70,0,88,90,0,90,178
08/28/2021,JVL,WI,AGL,CE,Federal Contract Tower,0,2,10,0,12,0,0,81,0,81,0,2,91,0,93,170,0,170,263
08/29/2021,JVL,WI,AGL,CE,Federal Contract Tower,0,15,5,0,20,0,0,28,0,28,0,15,33,0,48,62,0,62,110
08/30/2021,JVL,WI,AGL,CE,Federal Contract Tower,0,11,9,0,20,0,1,66,0,67,0,12,75,0,87,62,0,62,149
08/31/2021,JVL,WI,AGL,CE,Federal Contract Tower,0,11,8,0,19,0,1,94,0,95,0,12,102,0,114,106,0,106,220
09/01/2021,JVL,WI,AGL,CE,Federal Contract Tower,0,23,9,1,33,0,5,122,0,127,0,28,131,1,160,130,0,130,290
09/02/2021,JVL,WI,AGL,CE,Federal Contract Tower,0,24,12,0,36,0,1,86,0,87,0,25,98,0,123,74,0,74,197
09/03/2021,JVL,WI,AGL,CE,Federal Contract Tower,0,18,8,0,26,0,2,31,0,33,0,20,39,0,59,40,0,40,99
09/04/2021,JVL,WI,AGL,CE,Federal Contract Tower,0,7,36,0,43,0,0,7,0,7,0,7,43,0,50,36,0,36,86
09/05/2021,JVL,WI,AGL,CE,Federal Contract Tower,0,12,17,0,29,0,0,111,0,111,0,12,128,0,140,166,0,166,306
09/06/2021,JVL,WI,AGL,CE,Federal Contract Tower,0,19,10,0,29,0,2,58,0,60,0,21,68,0,89,32,0,32,121
09/07/2021,JVL,WI,AGL,CE,Federal Contract Tower,0,18,10,0,28,0,2,27,0,29,0,20,37,0,57,92,0,92,149
09/08/2021,JVL,WI,AGL,CE,Federal Contract Tower,0,20,8,0,28,0,1,78,0,79,0,21,86,0,107,122,0,122,229
09/09/2021,JVL,WI,AGL,CE,Federal Contract Tower,0,23,16,0,39,0,1,97,0,98,0,24,113,0,137,94,0,94,231
09/10/2021,JVL,WI,AGL,CE,Federal Contract Tower,0,19,14,0,33,0,9,86,0,95,0,28,100,0,128,88,0,88,216
09/11/2021,JVL,WI,AGL,CE,Federal Contract Tower,0,9,8,0,17,0,0,87,0,87,0,9,95,0,104,54,0,54,158
09/12/2021,JVL,WI,AGL,CE,Federal Contract Tower,0,15,16,0,31,0,2,95,0,97,0,17,111,0,128,99,0,99,227
09/13/2021,JVL,WI,AGL,CE,Federal Contract Tower,0,19,9,0,28,0,2,36,0,38,0,21,45,0,66,54,0,54,120
09/14/2021,JVL,WI,AGL,CE,Federal Contract Tower,0,21,5,0,26,0,1,42,0,43,0,22,47,0,69,58,0,58,127
09/15/2021,JVL,WI,AGL,CE,Federal Contract Tower,0,28,9,1,38,0,8,114,1,123,0,36,123,2,161,144,0,144,305
09/16/2021,JVL,WI,AGL,CE,Federal Contract Tower,0,17,2,0,19,0,1,81,0,82,0,18,83,0,101,96,0,96,197
09/17/2021,JVL,WI,AGL,CE,Federal Contract Tower,0,18,13,0,31,0,3,53,0,56,0,21,66,0,87,44,0,44,131
09/18/2021,JVL,WI,AGL,CE,Federal Contract Tower,0,2,14,0,16,0,0,135,0,135,0,2,149,0,151,128,0,128,279
09/19/2021,JVL,WI,AGL,CE,Federal Contract Tower,0,17,13,0,30,0,3,126,0,129,0,20,139,0,159,136,0,136,295
09/20/2021,JVL,WI,AGL,CE,Federal Contract Tower,0,26,7,0,33,0,1,17,0,18,0,27,24,0,51,22,0,22,73
09/21/2021,JVL,WI,AGL,CE,Federal Contract Tower,0,20,19,0,39,0,0,50,0,50,0,20,69,0,89,78,0,78,167
09/22/2021,JVL,WI,AGL,CE,Federal Contract Tower,0,11,6,0,17,0,4,46,0,50,0,15,52,0,67,116,0,116,183
09/23/2021,JVL,WI,AGL,CE,Federal Contract Tower,0,32,9,0,41,0,6,39,0,45,0,38,48,0,86,68,0,68,154
09/24/2021,JVL,WI,AGL,CE,Federal Contract Tower,0,28,8,0,36,0,1,48,0,49,0,29,56,0,85,90,0,90,175
09/25/2021,JVL,WI,AGL,CE,Federal Contract Tower,0,7,8,0,15,0,7,60,0,67,0,14,68,0,82,70,0,70,152
09/26/2021,JVL,WI,AGL,CE,Federal Contract Tower,0,22,9,0,31,0,2,66,0,68,0,24,75,0,99,42,0,42,141
09/27/2021,JVL,WI,AGL,CE,Federal Contract Tower,0,17,12,0,29,0,20,54,0,74,0,37,66,0,103,48,0,48,151
09/28/2021,JVL,WI,AGL,CE,Federal Contract Tower,0,3,12,1,16,0,0,73,1,74,0,3,85,2,90,90,0,90,180
09/29/2021,JVL,WI,AGL,CE,Federal Contract Tower,0,15,10,0,25,0,0,119,0,119,0,15,129,0,144,182,0,182,326
09/30/2021,JVL,WI,AGL,CE,Federal Contract Tower,0,19,18,0,37,0,11,114,0,125,0,30,132,0,162,130,0,130,292
10/01/2021,JVL,WI,AGL,CE,Federal Contract Tower,0,15,13,0,28,0,0,89,0,89,0,15,102,0,117,110,0,110,227
10/02/2021,JVL,WI,AGL,CE,Federal Contract Tower,0,9,7,0,16,0,2,36,0,38,0,11,43,0,54,90,0,90,144
10/03/2021,JVL,WI,AGL,CE,Federal Contract Tower,0,20,11,0,31,0,0,14,0,14,0,20,25,0,45,36,0,36,81
10/04/2021,JVL,WI,AGL,CE,Federal Contract Tower,0,6,18,0,24,0,7,7,0,14,0,13,25,0,38,48,0,48,86
10/05/2021,JVL,WI,AGL,CE,Federal Contract Tower,0,8,32,0,40,0,0,29,0,29,0,8,61,0,69,132,0,132,201
10/06/2021,JVL,WI,AGL,CE,Federal Contract Tower,0,19,21,0,40,0,0,31,0,31,0,19,52,0,71,136,0,136,207
10/07/2021,JVL,WI,AGL,CE,Federal Contract Tower,0,15,8,0,23,0,0,9,0,9,0,15,17,0,32,76,0,76,108
10/08/2021,JVL,WI,AGL,CE,Federal Contract Tower,0,29,6,0,35,0,1,5,0,6,0,30,11,0,41,0,0,0,41
10/09/2021,JVL,WI,AGL,CE,Federal Contract Tower,0,11,14,0,25,0,0,117,0,117,0,11,131,0,142,90,0,90,232
10/10/2021,JVL,WI,AGL,CE,Federal Contract Tower,0,19,3,0,22,0,1,16,0,17,0,20,19,0,39,48,0,48,87
10/11/2021,JVL,WI,AGL,CE,Federal Contract Tower,0,21,1,0,22,0,2,19,0,21,0,23,20,0,43,90,0,90,133
10/12/2021,JVL,WI,AGL,CE,Federal Contract Tower,0,23,29,1,53,0,0,12,0,12,0,23,41,1,65,90,2,92,157
10/13/2021,JVL,WI,AGL,CE,Federal Contract Tower,0,21,9,0,30,0,0,16,0,16,0,21,25,0,46,42,0,42,88
10/14/2021,JVL,WI,AGL,CE,Federal Contract Tower,0,27,9,0,36,0,1,61,0,62,0,28,70,0,98,88,0,88,186
10/15/2021,JVL,WI,AGL,CE,Federal Contract Tower,0,18,18,0,36,0,3,75,0,78,0,21,93,0,114,34,0,34,148
10/16/2021,JVL,WI,AGL,CE,Federal Contract Tower,0,9,11,0,20,0,0,78,0,78,0,9,89,0,98,116,0,116,214
10/17/2021,JVL,WI,AGL,CE,Federal Contract Tower,0,17,11,0,28,0,3,115,0,118,0,20,126,0,146,98,0,98,244
10/18/2021,JVL,WI,AGL,CE,Federal Contract Tower,0,11,8,0,19,0,0,70,4,74,0,11,78,4,93,104,16,120,213
10/19/2021,JVL,WI,AGL,CE,Federal Contract Tower,0,16,14,0,30,0,1,81,0,82,0,17,95,0,112,86,0,86,198
10/20/2021,JVL,WI,AGL,CE,Federal Contract Tower,0,24,2,0,26,0,0,65,0,65,0,24,67,0,91,66,0,66,157
10/21/2021,JVL,WI,AGL,CE,Federal Contract Tower,0,24,19,0,43,0,0,1,0,1,0,24,20,0,44,0,0,0,44
10/22/2021,JVL,WI,AGL,CE,Federal Contract Tower,0,23,16,0,39,0,4,75,0,79,0,27,91,0,118,16,0,16,134
10/23/2021,JVL,WI,AGL,CE,Federal Contract Tower,0,8,10,0,18,0,6,117,0,123,0,14,127,0,141,90,0,90,231
10/24/2021,JVL,WI,AGL,CE,Federal Contract Tower,0,22,4,0,26,0,2,23,0,25,0,24,27,0,51,38,0,38,89
10/25/2021,JVL,WI,AGL,CE,Federal Contract Tower,0,19,5,0,24,0,0,6,0,6,0,19,11,0,30,38,0,38,68
10/26/2021,JVL,WI,AGL,CE,Federal Contract Tower,0,19,10,0,29,0,0,99,0,99,0,19,109,0,128,124,0,124,252
10/27/2021,JVL,WI,AGL,CE,Federal Contract Tower,0,12,7,0,19,0,2,93,0,95,0,14,100,0,114,68,0,68,182
10/28/2021,JVL,WI,AGL,CE,Federal Contract Tower,0,15,11,0,26,0,0,4,0,4,0,15,15,0,30,22,0,22,52
10/29/2021,JVL,WI,AGL,CE,Federal Contract Tower,0,15,14,0,29,0,0,7,0,7,0,15,21,0,36,8,0,8,44
10/30/2021,JVL,WI,AGL,CE,Federal Contract Tower,0,9,18,0,27,0,0,47,0,47,0,9,65,0,74,82,0,82,156
10/31/2021,JVL,WI,AGL,CE,Federal Contract Tower,0,12,10,0,22,0,1,53,0,54,0,13,63,0,76,122,0,122,198
11/01/2021,JVL,WI,AGL,CE,Federal Contract Tower,0,13,5,0,18,0,7,48,0,55,0,20,53,0,73,140,0,140,213
11/02/2021,JVL,WI,AGL,CE,Federal Contract Tower,0,29,12,1,42,0,2,76,0,78,0,31,88,1,120,136,0,136,256
11/03/2021,JVL,WI,AGL,CE,Federal Contract Tower,0,20,13,2,35,0,8,62,3,73,0,28,75,5,108,78,2,80,188
11/04/2021,JVL,WI,AGL,CE,Federal Contract Tower,0,27,7,0,34,0,2,94,2,98,0,29,101,2,132,110,2,112,244
11/05/2021,JVL,WI,AGL,CE,Federal Contract Tower,0,21,13,0,34,0,3,33,0,36,0,24,46,0,70,40,0,40,110
11/06/2021,JVL,WI,AGL,CE,Federal Contract Tower,0,9,7,0,16,0,0,79,2,81,0,9,86,2,97,38,10,48,145
11/07/2021,JVL,WI,AGL,CE,Federal Contract Tower,0,17,11,0,28,0,2,94,0,96,0,19,105,0,124,46,0,46,170
11/08/2021,JVL,WI,AGL,CE,Federal Contract Tower,0,18,11,0,29,0,3,69,0,72,0,21,80,0,101,130,0,130,231
11/09/2021,JVL,WI,AGL,CE,Federal Contract Tower,0,15,22,0,37,0,11,68,2,81,0,26,90,2,118,122,8,130,248
11/10/2021,JVL,WI,AGL,CE,Federal Contract Tower,0,14,10,2,26,0,0,58,2,60,0,14,68,4,86,26,10,36,122
11/11/2021,JVL,WI,AGL,CE,Federal Contract Tower,0,12,7,0,19,0,5,0,0,5,0,17,7,0,24,12,0,12,36
11/12/2021,JVL,WI,AGL,CE,Federal Contract Tower,0,21,0,0,21,0,0,11,0,11,0,21,11,0,32,60,0,60,92
11/13/2021,JVL,WI,AGL,CE,Federal Contract Tower,0,7,5,0,12,0,0,20,0,20,0,7,25,0,32,48,0,48,80
11/14/2021,JVL,WI,AGL,CE,Federal Contract Tower,0,12,0,0,12,0,0,8,0,8,0,12,8,0,20,74,0,74,94
11/15/2021,JVL,WI,AGL,CE,Federal Contract Tower,0,16,5,0,21,0,3,47,0,50,0,19,52,0,71,50,0,50,121
11/16/2021,JVL,WI,AGL,CE,Federal Contract Tower,0,8,9,0,17,0,0,78,0,78,0,8,87,0,95,88,0,88,183
11/17/2021,JVL,WI,AGL,CE,Federal Contract Tower,0,15,12,0,27,0,1,45,0,46,0,16,57,0,73,58,0,58,131
11/18/2021,JVL,WI,AGL,CE,Federal Contract Tower,0,13,5,0,18,0,1,14,0,15,0,14,19,0,33,16,0,16,49
11/19/2021,JVL,WI,AGL,CE,Federal Contract Tower,0,16,10,0,26,0,0,82,0,82,0,16,92,0,108,54,0,54,162
11/20/2021,JVL,WI,AGL,CE,Federal Contract Tower,0,20,11,0,31,0,3,102,0,105,0,23,113,0,136,134,0,134,270
11/21/2021,JVL,WI,AGL,CE,Federal Contract Tower,0,13,5,0,18,0,0,73,0,73,0,13,78,0,91,84,0,84,175
11/22/2021,JVL,WI,AGL,CE,Federal Contract Tower,0,16,4,0,20,0,1,54,0,55,0,17,58,0,75,86,0,86,161
11/23/2021,JVL,WI,AGL,CE,Federal Contract Tower,0,22,11,0,33,0,0,56,0,56,0,22,67,0,89,70,0,70,159
11/24/2021,JVL,WI,AGL,CE,Federal Contract Tower,0,24,6,0,30,0,1,30,0,31,0,25,36,0,61,80,0,80,141
11/25/2021,JVL,WI,AGL,CE,Federal Contract Tower,0,6,0,0,6,0,0,3,0,3,0,6,3,0,9,12,0,12,21
11/26/2021,JVL,WI,AGL,CE,Federal Contract Tower,0,10,7,0,17,0,0,91,0,91,0,10,98,0,108,100,0,100,208
11/27/2021,JVL,WI,AGL,CE,Federal Contract Tower,0,8,7,0,15,0,0,75,0,75,0,8,82,0,90,84,0,84,174
11/28/2021,JVL,WI,AGL,CE,Federal Contract Tower,0,27,5,0,32,0,3,38,0,41,0,30,43,0,73,62,0,62,135
11/29/2021,JVL,WI,AGL,CE,Federal Contract Tower,0,15,4,0,19,0,1,10,0,11,0,16,14,0,30,10,0,10,40
11/30/2021,JVL,WI,AGL,CE,Federal Contract Tower,0,20,16,0,36,0,0,88,0,88,0,20,104,0,124,38,0,38,162
12/01/2021,JVL,WI,AGL,CE,Federal Contract Tower,0,13,4,0,17,0,2,38,0,40,0,15,42,0,57,78,0,78,135
12/02/2021,JVL,WI,AGL,CE,Federal Contract Tower,0,21,6,0,27,0,0,37,0,37,0,21,43,0,64,48,0,48,112
12/03/2021,JVL,WI,AGL,CE,Federal Contract Tower,0,23,13,0,36,0,0,53,0,53,0,23,66,0,89,108,0,108,197
12/04/2021,JVL,WI,AGL,CE,Federal Contract Tower,0,12,11,0,23,0,2,116,0,118,0,14,127,0,141,114,0,114,255
12/05/2021,JVL,WI,AGL,CE,Federal Contract Tower,0,17,0,0,17,0,0,0,0,0,0,17,0,0,17,0,0,0,17
12/06/2021,JVL,WI,AGL,CE,Federal Contract Tower,0,22,1,0,23,0,0,11,0,11,0,22,12,0,34,8,0,8,42
12/07/2021,JVL,WI,AGL,CE,Federal Contract Tower,0,12,10,0,22,0,1,17,0,18,0,13,27,0,40,24,0,24,64
12/08/2021,JVL,WI,AGL,CE,Federal Contract Tower,0,24,12,1,37,0,8,79,0,87,0,32,91,1,124,52,0,52,176
12/09/2021,JVL,WI,AGL,CE,Federal Contract Tower,0,25,1,0,26,0,1,13,2,16,0,26,14,2,42,32,2,34,76
12/10/2021,JVL,WI,AGL,CE,Federal Contract Tower,0,15,9,0,24,0,0,10,0,10,0,15,19,0,34,0,0,0,34
12/11/2021,JVL,WI,AGL,CE,Federal Contract Tower,0,7,1,0,8,0,0,3,0,3,0,7,4,0,11,12,0,12,23
12/12/2021,JVL,WI,AGL,CE,Federal Contract Tower,0,19,4,0,23,0,3,46,0,49,0,22,50,0,72,78,0,78,150
12/13/2021,JVL,WI,AGL,CE,Federal Contract Tower,0,12,7,0,19,0,1,66,0,67,0,13,73,0,86,64,0,64,150
12/14/2021,JVL,WI,AGL,CE,Federal Contract Tower,0,16,4,1,21,0,0,91,1,92,0,16,95,2,113,106,0,106,219
12/15/2021,JVL,WI,AGL,CE,Federal Contract Tower,0,21,9,0,30,0,0,2,0,2,0,21,11,0,32,0,0,0,32
12/16/2021,JVL,WI,AGL,CE,Federal Contract Tower,0,15,1,0,16,0,0,0,0,0,0,15,1,0,16,0,0,0,16
12/17/2021,JVL,WI,AGL,CE,Federal Contract Tower,0,21,10,2,33,0,4,104,2,110,0,25,114,4,143,64,0,64,207
12/18/2021,JVL,WI,AGL,CE,Federal Contract Tower,0,12,5,0,17,0,0,29,0,29,0,12,34,0,46,62,0,62,108
12/19/2021,JVL,WI,AGL,CE,Federal Contract Tower,0,9,7,0,16,0,0,94,0,94,0,9,101,0,110,68,0,68,178
12/20/2021,JVL,WI,AGL,CE,Federal Contract Tower,0,21,11,0,32,0,1,44,0,45,0,22,55,0,77,66,0,66,143
12/21/2021,JVL,WI,AGL,CE,Federal Contract Tower,0,14,8,0,22,0,0,53,0,53,0,14,61,0,75,48,2,50,125
12/22/2021,JVL,WI,AGL,CE,Federal Contract Tower,0,13,8,1,22,0,1,84,1,86,0,14,92,2,108,74,2,76,184
12/23/2021,JVL,WI,AGL,CE,Federal Contract Tower,0,21,9,0,30,0,0,56,0,56,0,21,65,0,86,110,0,110,196
12/24/2021,JVL,WI,AGL,CE,Federal Contract Tower,0,3,1,0,4,0,0,0,0,0,0,3,1,0,4,0,0,0,4
12/25/2021,JVL,WI,AGL,CE,Federal Contract Tower,0,0,3,0,3,0,0,6,0,6,0,0,9,0,9,2,0,2,11
12/26/2021,JVL,WI,AGL,CE,Federal Contract Tower,0,18,10,0,28,0,0,103,0,103,0,18,113,0,131,52,0,52,183
12/27/2021,JVL,WI,AGL,CE,Federal Contract Tower,0,31,1,0,32,0,0,2,0,2,0,31,3,0,34,0,0,0,34
12/28/2021,JVL,WI,AGL,CE,Federal Contract Tower,0,14,0,0,14,0,0,0,0,0,0,14,0,0,14,0,0,0,14
12/29/2021,JVL,WI,AGL,CE,Federal Contract Tower,0,21,3,0,24,0,0,37,0,37,0,21,40,0,61,90,0,90,151
12/30/2021,JVL,WI,AGL,CE,Federal Contract Tower,0,24,4,0,28,0,0,10,0,10,0,24,14,0,38,28,0,28,66
12/31/2021,JVL,WI,AGL,CE,Federal Contract Tower,0,18,2,0,20,0,0,0,0,0,0,18,2,0,20,0,0,0,20
01/01/2022,JVL,WI,AGL,CE,Federal Contract Tower,0,11,0,0,11,0,0,0,0,0,0,11,0,0,11,0,0,0,11
01/02/2022,JVL,WI,AGL,CE,Federal Contract Tower,0,30,4,0,34,0,4,18,0,22,0,34,22,0,56,12,0,12,68
01/03/2022,JVL,WI,AGL,CE,Federal Contract Tower,0,18,4,0,22,0,0,22,0,22,0,18,26,0,44,4,0,4,48
01/04/2022,JVL,WI,AGL,CE,Federal Contract Tower,0,11,7,0,18,0,1,51,0,52,0,12,58,0,70,102,0,102,172
01/05/2022,JVL,WI,AGL,CE,Federal Contract Tower,0,5,0,0,5,0,0,2,0,2,0,5,2,0,7,14,0,14,21
01/06/2022,JVL,WI,AGL,CE,Federal Contract Tower,0,18,5,1,24,0,0,15,0,15,0,18,20,1,39,104,0,104,143
01/07/2022,JVL,WI,AGL,CE,Federal Contract Tower,0,22,7,0,29,0,4,43,0,47,0,26,50,0,76,100,0,100,176
01/08/2022,JVL,WI,AGL,CE,Federal Contract Tower,0,13,1,0,14,0,0,10,0,10,0,13,11,0,24,14,0,14,38
01/09/2022,JVL,WI,AGL,CE,Federal Contract Tower,0,12,9,0,21,0,2,28,0,30,0,14,37,0,51,88,0,88,139
01/10/2022,JVL,WI,AGL,CE,Federal Contract Tower,0,13,2,0,15,0,0,29,0,29,0,13,31,0,44,86,0,86,130
01/11/2022,JVL,WI,AGL,CE,Federal Contract Tower,0,30,3,0,33,0,0,22,0,22,0,30,25,0,55,10,0,10,65
01/12/2022,JVL,WI,AGL,CE,Federal Contract Tower,0,10,8,0,18,0,0,71,0,71,0,10,79,0,89,104,0,104,193
01/13/2022,JVL,WI,AGL,CE,Federal Contract Tower,0,26,5,0,31,0,3,21,0,24,0,29,26,0,55,84,0,84,139
01/14/2022,JVL,WI,AGL,CE,Federal Contract Tower,0,14,0,0,14,1,6,0,0,7,1,20,0,0,21,46,0,46,67
01/15/2022,JVL,WI,AGL,CE,Federal Contract Tower,0,7,8,0,15,0,0,38,0,38,0,7,46,0,53,118,0,118,171
01/16/2022,JVL,WI,AGL,CE,Federal Contract Tower,0,12,18,0,30,0,0,147,0,147,0,12,165,0,177,144,0,144,321
01/17/2022,JVL,WI,AGL,CE,Federal Contract Tower,0,21,0,0,21,0,3,23,0,26,0,24,23,0,47,100,0,100,147
01/18/2022,JVL,WI,AGL,CE,Federal Contract Tower,0,8,12,0,20,0,0,55,1,56,0,8,67,1,76,40,0,40,116
01/19/2022,JVL,WI,AGL,CE,Federal Contract Tower,0,11,10,0,21,0,0,26,0,26,0,11,36,0,47,26,0,26,73
01/20/2022,JVL,WI,AGL,CE,Federal Contract Tower,0,14,10,0,24,0,0,43,0,43,0,14,53,0,67,102,0,102,169
01/21/2022,JVL,WI,AGL,CE,Federal Contract Tower,0,14,11,0,25,0,1,69,0,70,0,15,80,0,95,122,0,122,217
01/22/2022,JVL,WI,AGL,CE,Federal Contract Tower,0,4,3,0,7,0,0,27,0,27,0,4,30,0,34,30,0,30,64
01/23/2022,JVL,WI,AGL,CE,Federal Contract Tower,0,9,7,0,16,0,0,30,0,30,0,9,37,0,46,64,0,64,110
01/24/2022,JVL,WI,AGL,CE,Federal Contract Tower,0,17,1,0,18,0,0,6,0,6,0,17,7,0,24,38,0,38,62
01/25/2022,JVL,WI,AGL,CE,Federal Contract Tower,0,14,1,1,16,0,0,51,2,53,0,14,52,3,69,70,0,70,139
01/26/2022,JVL,WI,AGL,CE,Federal Contract Tower,0,16,6,0,22,0,0,36,0,36,0,16,42,0,58,96,0,96,154
01/27/2022,JVL,WI,AGL,CE,Federal Contract Tower,0,24,7,0,31,0,8,26,0,34,0,32,33,0,65,62,0,62,127
01/28/2022,JVL,WI,AGL,CE,Federal Contract Tower,0,21,4,0,25,0,0,90,0,90,0,21,94,0,115,108,0,108,223
01/29/2022,JVL,WI,AGL,CE,Federal Contract Tower,0,6,1,0,7,0,2,68,0,70,0,8,69,0,77,70,0,70,147
01/30/2022,JVL,WI,AGL,CE,Federal Contract Tower,0,10,12,0,22,0,0,78,0,78,0,10,90,0,100,92,0,92,192
01/31/2022,JVL,WI,AGL,CE,Federal Contract Tower,0,6,6,0,12,0,0,38,0,38,0,6,44,0,50,74,0,74,124
02/01/2022,JVL,WI,AGL,CE,Federal Contract Tower,0,21,1,0,22,0,0,29,0,29,0,21,30,0,51,122,0,122,173
02/02/2022,JVL,WI,AGL,CE,Federal Contract Tower,0,12,13,0,25,0,1,31,2,34,0,13,44,2,59,96,2,98,157
02/03/2022,JVL,WI,AGL,CE,Federal Contract Tower,0,18,5,1,24,0,0,25,0,25,0,18,30,1,49,66,2,68,117
02/04/2022,JVL,WI,AGL,CE,Federal Contract Tower,0,18,2,0,20,0,0,35,0,35,0,18,37,0,55,62,0,62,117
02/05/2022,JVL,WI,AGL,CE,Federal Contract Tower,0,8,4,0,12,0,0,92,0,92,0,8,96,0,104,70,0,70,174
02/06/2022,JVL,WI,AGL,CE,Federal Contract Tower,0,21,8,0,29,0,0,132,0,132,0,21,140,0,161,124,0,124,285
02/07/2022,JVL,WI,AGL,CE,Federal Contract Tower,0,20,6,0,26,0,0,58,0,58,0,20,64,0,84,80,0,80,164
02/08/2022,JVL,WI,AGL,CE,Federal Contract Tower,0,10,11,0,21,0,0,65,0,65,0,10,76,0,86,194,0,194,280
02/09/2022,JVL,WI,AGL,CE,Federal Contract Tower,0,21,1,0,22,0,0,11,0,11,0,21,12,0,33,0,0,0,33
02/10/2022,JVL,WI,AGL,CE,Federal Contract Tower,2,12,4,0,18,0,1,34,0,35,2,13,38,0,53,104,0,104,157
02/11/2022,JVL,WI,AGL,CE,Federal Contract Tower,0,21,0,0,21,0,1,13,0,14,0,22,13,0,35,58,0,58,93
02/12/2022,JVL,WI,AGL,CE,Federal Contract Tower,0,8,9,0,17,0,0,64,0,64,0,8,73,0,81,78,0,78,159
02/13/2022,JVL,WI,AGL,CE,Federal Contract Tower,0,15,15,0,30,0,0,69,0,69,0,15,84,0,99,126,0,126,225
02/14/2022,JVL,WI,AGL,CE,Federal Contract Tower,0,12,5,0,17,0,0,47,0,47,0,12,52,0,64,42,0,42,106
02/15/2022,JVL,WI,AGL,CE,Federal Contract Tower,1,23,6,0,30,0,0,41,0,41,1,23,47,0,71,66,0,66,137
02/16/2022,JVL,WI,AGL,CE,Federal Contract Tower,0,16,3,1,20,0,0,5,1,6,0,16,8,2,26,20,0,20,46
02/17/2022,JVL,WI,AGL,CE,Federal Contract Tower,0,18,0,0,18,0,0,22,0,22,0,18,22,0,40,40,0,40,80
02/18/2022,JVL,WI,AGL,CE,Federal Contract Tower,0,19,3,0,22,0,1,20,0,21,0,20,23,0,43,72,0,72,115
02/19/2022,JVL,WI,AGL,CE,Federal Contract Tower,0,9,14,0,23,0,0,85,0,85,0,9,99,0,108,104,0,104,212
02/20/2022,JVL,WI,AGL,CE,Federal Contract Tower,0,15,0,0,15,0,0,10,0,10,0,15,10,0,25,48,0,48,73
02/21/2022,JVL,WI,AGL,CE,Federal Contract Tower,0,19,11,0,30,0,0,4,0,4,0,19,15,0,34,0,0,0,34
02/22/2022,JVL,WI,AGL,CE,Federal Contract Tower,0,4,0,0,4,0,0,0,0,0,0,4,0,0,4,0,0,0,4
02/23/2022,JVL,WI,AGL,CE,Federal Contract Tower,0,15,8,0,23,0,0,60,0,60,0,15,68,0,83,104,0,104,187
02/24/2022,JVL,WI,AGL,CE,Federal Contract Tower,0,15,0,0,15,0,2,8,0,10,0,17,8,0,25,14,0,14,39
02/25/2022,JVL,WI,AGL,CE,Federal Contract Tower,0,29,11,0,40,0,4,51,0,55,0,33,62,0,95,110,0,110,205
02/26/2022,JVL,WI,AGL,CE,Federal Contract Tower,0,7,15,0,22,0,0,67,0,67,0,7,82,0,89,54,0,54,143
02/27/2022,JVL,WI,AGL,CE,Federal Contract Tower,0,19,10,0,29,0,2,98,0,100,0,21,108,0,129,128,0,128,257
02/28/2022,JVL,WI,AGL,CE,Federal Contract Tower,0,13,12,0,25,0,0,73,0,73,0,13,85,0,98,86,0,86,184
03/01/2022,JVL,WI,AGL,CE,Federal Contract Tower,0,7,8,0,15,0,0,93,0,93,0,7,101,0,108,180,0,180,288
03/02/2022,JVL,WI,AGL,CE,Federal Contract Tower,0,20,10,1,31,0,0,61,1,62,0,20,71,2,93,92,0,92,185
03/03/2022,JVL,WI,AGL,CE,Federal Contract Tower,0,16,8,1,25,0,2,73,1,76,0,18,81,2,101,104,0,104,205
03/04/2022,JVL,WI,AGL,CE,Federal Contract Tower,0,21,6,1,28,0,0,99,0,99,0,21,105,1,127,108,0,108,235
03/05/2022,JVL,WI,AGL,CE,Federal Contract Tower,0,4,5,0,9,0,0,53,0,53,0,4,58,0,62,14,0,14,76
03/06/2022,JVL,WI,AGL,CE,Federal Contract Tower,0,15,3,0,18,0,2,18,0,20,0,17,21,0,38,76,0,76,114
03/07/2022,JVL,WI,AGL,CE,Federal Contract Tower,0,14,2,0,16,0,2,29,0,31,0,16,31,0,47,100,0,100,147
03/08/2022,JVL,WI,AGL,CE,Federal Contract Tower,0,7,12,0,19,0,0,73,0,73,0,7,85,0,92,156,0,156,248
03/09/2022,JVL,WI,AGL,CE,Federal Contract Tower,0,12,21,1,34,0,0,112,1,113,0,12,133,2,147,116,2,118,265
03/10/2022,JVL,WI,AGL,CE,Federal Contract Tower,0,24,9,0,33,0,0,53,2,55,0,24,62,2,88,76,0,76,164
03/11/2022,JVL,WI,AGL,CE,Federal Contract Tower,0,23,8,1,32,0,0,36,1,37,0,23,44,2,69,94,2,96,165
03/12/2022,JVL,WI,AGL,CE,Federal Contract Tower,0,7,12,0,19,0,0,45,0,45,0,7,57,0,64,64,0,64,128
03/13/2022,JVL,WI,AGL,CE,Federal Contract Tower,0,19,12,0,31,0,0,104,0,104,0,19,116,0,135,144,0,144,279
03/14/2022,JVL,WI,AGL,CE,Federal Contract Tower,0,17,10,0,27,0,2,46,0,48,0,19,56,0,75,64,0,64,139
03/15/2022,JVL,WI,AGL,CE,Federal Contract Tower,0,15,7,0,22,0,0,82,0,82,0,15,89,0,104,136,0,136,240
03/16/2022,JVL,WI,AGL,CE,Federal Contract Tower,0,14,5,0,19,0,4,55,0,59,0,18,60,0,78,90,0,90,168
03/17/2022,JVL,WI,AGL,CE,Federal Contract Tower,0,17,8,0,25,0,1,72,0,73,0,18,80,0,98,48,0,48,146
03/18/2022,JVL,WI,AGL,CE,Federal Contract Tower,0,22,4,2,28,0,0,0,0,0,0,22,4,2,28,0,0,0,28
03/19/2022,JVL,WI,AGL,CE,Federal Contract Tower,0,14,0,0,14,0,0,4,0,4,0,14,4,0,18,8,0,8,26
03/20/2022,JVL,WI,AGL,CE,Federal Contract Tower,0,17,14,0,31,0,0,136,0,136,0,17,150,0,167,86,0,86,253
03/21/2022,JVL,WI,AGL,CE,Federal Contract Tower,0,14,12,0,26,0,0,78,0,78,0,14,90,0,104,74,0,74,178
03/22/2022,JVL,WI,AGL,CE,Federal Contract Tower,0,11,3,1,15,0,0,6,1,7,0,11,9,2,22,10,0,10,32
03/23/2022,JVL,WI,AGL,CE,Federal Contract Tower,0,9,1,0,10,0,0,0,0,0,0,9,1,0,10,0,0,0,10
03/24/2022,JVL,WI,AGL,CE,Federal Contract Tower,0,16,2,0,18,0,0,0,0,0,0,16,2,0,18,0,0,0,18
03/25/2022,JVL,WI,AGL,CE,Federal Contract Tower,0,15,2,0,17,0,0,3,0,3,0,15,5,0,20,8,0,8,28
03/26/2022,JVL,WI,AGL,CE,Federal Contract Tower,0,17,8,0,25,0,0,11,0,11,0,17,19,0,36,34,0,34,70
03/27/2022,JVL,WI,AGL,CE,Federal Contract Tower,0,24,20,0,44,0,2,180,0,182,0,26,200,0,226,126,0,126,352
03/28/2022,JVL,WI,AGL,CE,Federal Contract Tower,0,17,6,0,23,0,0,123,0,123,0,17,129,0,146,164,0,164,310
03/29/2022,JVL,WI,AGL,CE,Federal Contract Tower,0,9,6,0,15,0,1,31,0,32,0,10,37,0,47,52,0,52,99
03/30/2022,JVL,WI,AGL,CE,Federal Contract Tower,0,12,5,0,17,0,0,11,0,11,0,12,16,0,28,52,0,52,80
03/31/2022,JVL,WI,AGL,CE,Federal Contract Tower,0,11,0,0,11,0,2,0,0,2,0,13,0,0,13,10,0,10,23
04/01/2022,JVL,WI,AGL,CE,Federal Contract Tower,0,21,9,0,30,0,1,118,0,119,0,22,127,0,149,164,0,164,313
04/02/2022,JVL,WI,AGL,CE,Federal Contract Tower,0,8,0,0,8,0,0,1,0,1,0,8,1,0,9,0,0,0,9
04/03/2022,JVL,WI,AGL,CE,Federal Contract Tower,0,26,8,0,34,0,2,88,0,90,0,28,96,0,124,124,0,124,248
04/04/2022,JVL,WI,AGL,CE,Federal Contract Tower,0,13,12,0,25,0,0,22,0,22,0,13,34,0,47,116,0,116,163
04/05/2022,JVL,WI,AGL,CE,Federal Contract Tower,0,17,14,1,32,0,0,38,0,38,0,17,52,1,70,126,0,126,196
04/06/2022,JVL,WI,AGL,CE,Federal Contract Tower,0,13,2,0,15,0,2,16,0,18,0,15,18,0,33,12,0,12,45
04/07/2022,JVL,WI,AGL,CE,Federal Contract Tower,0,14,0,0,14,0,0,3,0,3,0,14,3,0,17,2,0,2,19
04/08/2022,JVL,WI,AGL,CE,Federal Contract Tower,0,21,0,0,21,0,0,4,0,4,0,21,4,0,25,36,0,36,61
04/09/2022,JVL,WI,AGL,CE,Federal Contract Tower,0,3,16,0,19,0,0,149,0,149,0,3,165,0,168,124,0,124,292
04/10/2022,JVL,WI,AGL,CE,Federal Contract Tower,0,18,12,0,30,0,0,94,0,94,0,18,106,0,124,142,0,142,266
04/11/2022,JVL,WI,AGL,CE,Federal Contract Tower,0,22,15,0,37,0,1,71,0,72,0,23,86,0,109,162,0,162,271
04/12/2022,JVL,WI,AGL,CE,Federal Contract Tower,0,20,5,1,26,0,0,73,0,73,0,20,78,1,99,26,0,26,125
04/13/2022,JVL,WI,AGL,CE,Federal Contract Tower,0,17,0,0,17,0,0,2,0,2,0,17,2,0,19,22,0,22,41
04/14/2022,JVL,WI,AGL,CE,Federal Contract Tower,0,23,0,1,24,0,1,7,0,8,0,24,7,1,32,0,0,0,32
04/15/2022,JVL,WI,AGL,CE,Federal Contract Tower,0,8,7,0,15,0,0,39,0,39,0,8,46,0,54,44,0,44,98
04/16/2022,JVL,WI,AGL,CE,Federal Contract Tower,0,0,5,0,5,0,0,108,0,108,0,0,113,0,113,120,0,120,233
04/17/2022,JVL,WI,AGL,CE,Federal Contract Tower,0,8,13,0,21,0,0,65,0,65,0,8,78,0,86,82,0,82,168
04/18/2022,JVL,WI,AGL,CE,Federal Contract Tower,0,25,1,1,27,0,0,0,0,0,0,25,1,1,27,2,2,4,31
04/19/2022,JVL,WI,AGL,CE,Federal Contract Tower,0,12,7,0,19,0,2,92,0,94,0,14,99,0,113,60,0,60,173
04/20/2022,JVL,WI,AGL,CE,Federal Contract Tower,0,9,3,0,12,0,0,28,0,28,0,9,31,0,40,38,0,38,78
04/21/2022,JVL,WI,AGL,CE,Federal Contract Tower,0,25,13,0,38,0,0,77,0,77,0,25,90,0,115,96,0,96,211
04/22/2022,JVL,WI,AGL,CE,Federal Contract Tower,0,18,2,0,20,0,0,4,0,4,0,18,6,0,24,18,0,18,42
04/23/2022,JVL,WI,AGL,CE,Federal Contract Tower,0,9,0,0,9,0,0,26,0,26,0,9,26,0,35,32,0,32,67
04/24/2022,JVL,WI,AGL,CE,Federal Contract Tower,0,20,2,0,22,0,2,6,0,8,0,22,8,0,30,20,0,20,50
04/25/2022,JVL,WI,AGL,CE,Federal Contract Tower,0,16,4,0,20,0,0,46,0,46,0,16,50,0,66,114,0,114,180
04/26/2022,JVL,WI,AGL,CE,Federal Contract Tower,0,17,8,0,25,0,3,63,0,66,0,20,71,0,91,106,0,106,197
04/27/2022,JVL,WI,AGL,CE,Federal Contract Tower,0,23,12,0,35,0,6,58,0,64,0,29,70,0,99,70,0,70,169
04/28/2022,JVL,WI,AGL,CE,Federal Contract Tower,0,17,8,0,25,0,0,16,0,16,0,17,24,0,41,62,0,62,103
04/29/2022,JVL,WI,AGL,CE,Federal Contract Tower,0,11,7,0,18,0,2,75,0,77,0,13,82,0,95,120,0,120,215
04/30/2022,JVL,WI,AGL,CE,Federal Contract Tower,0,9,4,0,13,0,0,19,0,19,0,9,23,0,32,64,0,64,96
05/01/2022,JVL,WI,AGL,CE,Federal Contract Tower,0,28,3,0,31,0,0,2,0,2,0,28,5,0,33,0,0,0,33
05/02/2022,JVL,WI,AGL,CE,Federal Contract Tower,0,11,8,1,20,0,1,32,1,34,0,12,40,2,54,128,0,128,182
05/03/2022,JVL,WI,AGL,CE,Federal Contract Tower,0,12,9,1,22,0,0,0,0,0,0,12,9,1,22,0,0,0,22
05/04/2022,JVL,WI,AGL,CE,Federal Contract Tower,0,20,9,0,29,0,11,94,0,105,0,31,103,0,134,130,12,142,276
05/05/2022,JVL,WI,AGL,CE,Federal Contract Tower,0,21,13,0,34,0,0,57,0,57,0,21,70,0,91,122,0,122,213
05/06/2022,JVL,WI,AGL,CE,Federal Contract Tower,0,13,8,0,21,0,0,15,0,15,0,13,23,0,36,32,0,32,68
05/07/2022,JVL,WI,AGL,CE,Federal Contract Tower,0,7,18,0,25,0,0,152,0,152,0,7,170,0,177,124,0,124,301
05/08/2022,JVL,WI,AGL,CE,Federal Contract Tower,0,14,4,0,18,0,0,46,0,46,0,14,50,0,64,144,0,144,208
05/09/2022,JVL,WI,AGL,CE,Federal Contract Tower,0,16,4,0,20,0,0,15,0,15,0,16,19,0,35,38,0,38,73
05/10/2022,JVL,WI,AGL,CE,Federal Contract Tower,0,14,1,0,15,0,3,55,0,58,0,17,56,0,73,78,0,78,151
05/11/2022,JVL,WI,AGL,CE,Federal Contract Tower,0,12,8,0,20,0,2,61,4,67,0,14,69,4,87,76,2,78,165
05/12/2022,JVL,WI,AGL,CE,Federal Contract Tower,0,24,12,0,36,0,0,75,0,75,0,24,87,0,111,202,0,202,313
05/13/2022,JVL,WI,AGL,CE,Federal Contract Tower,0,21,9,0,30,0,3,74,0,77,0,24,83,0,107,236,0,236,343
05/14/2022,JVL,WI,AGL,CE,Federal Contract Tower,0,14,22,0,36,0,0,124,0,124,0,14,146,0,160,186,0,186,346
05/15/2022,JVL,WI,AGL,CE,Federal Contract Tower,0,15,15,0,30,0,2,130,0,132,0,17,145,0,162,170,0,170,332
05/16/2022,JVL,WI,AGL,CE,Federal Contract Tower,0,17,6,0,23,0,4,57,0,61,0,21,63,0,84,84,0,84,168
05/17/2022,JVL,WI,AGL,CE,Federal Contract Tower,0,10,12,0,22,0,1,64,0,65,0,11,76,0,87,204,0,204,291
05/18/2022,JVL,WI,AGL,CE,Federal Contract Tower,0,15,11,0,26,0,0,12,0,12,0,15,23,0,38,72,0,72,110
05/19/2022,JVL,WI,AGL,CE,Federal Contract Tower,0,14,11,0,25,0,0,64,0,64,0,14,75,0,89,212,0,212,301
05/20/2022,JVL,WI,AGL,CE,Federal Contract Tower,0,28,8,0,36,0,0,16,0,16,0,28,24,0,52,128,0,128,180
05/21/2022,JVL,WI,AGL,CE,Federal Contract Tower,0,4,6,0,10,0,0,52,0,52,0,4,58,0,62,202,0,202,264
05/22/2022,JVL,WI,AGL,CE,Federal Contract Tower,0,13,17,0,30,0,5,127,0,132,0,18,144,0,162,81,0,81,243
05/23/2022,JVL,WI,AGL,CE,Federal Contract Tower,0,14,16,0,30,0,0,68,0,68,0,14,84,0,98,76,0,76,174
05/24/2022,JVL,WI,AGL,CE,Federal Contract Tower,0,15,9,0,24,0,0,61,0,61,0,15,70,0,85,26,0,26,111
05/25/2022,JVL,WI,AGL,CE,Federal Contract Tower,0,14,8,0,22,0,0,2,0,2,0,14,10,0,24,16,0,16,40
05/26/2022,JVL,WI,AGL,CE,Federal Contract Tower,0,20,11,0,31,0,2,7,0,9,0,22,18,0,40,80,0,80,120
05/27/2022,JVL,WI,AGL,CE,Federal Contract Tower,0,23,7,0,30,0,5,7,0,12,0,28,14,0,42,40,0,40,82
05/28/2022,JVL,WI,AGL,CE,Federal Contract Tower,0,4,8,0,12,0,0,132,0,132,0,4,140,0,144,102,0,102,246
05/29/2022,JVL,WI,AGL,CE,Federal Contract Tower,0,12,0,0,12,0,0,32,0,32,0,12,32,0,44,96,0,96,140
05/30/2022,JVL,WI,AGL,CE,Federal Contract Tower,0,9,5,0,14,0,0,28,0,28,0,9,33,0,42,14,0,14,56
05/31/2022,JVL,WI,AGL,CE,Federal Contract Tower,0,16,13,0,29,0,2,20,0,22,0,18,33,0,51,32,0,32,83
06/01/2022,JVL,WI,AGL,CE,Federal Contract Tower,0,11,12,0,23,0,1,76,0,77,0,12,88,0,100,132,0,132,232
06/02/2022,JVL,WI,AGL,CE,Federal Contract Tower,0,27,6,0,33,0,0,99,0,99,0,27,105,0,132,132,0,132,264
06/03/2022,JVL,WI,AGL,CE,Federal Contract Tower,0,22,16,0,38,0,3,87,0,90,0,25,103,0,128,188,0,188,316
06/04/2022,JVL,WI,AGL,CE,Federal Contract Tower,0,7,4,0,11,0,0,49,0,49,0,7,53,0,60,148,0,148,208
06/05/2022,JVL,WI,AGL,CE,Federal Contract Tower,0,18,11,0,29,0,3,56,0,59,0,21,67,0,88,54,0,54,142
06/06/2022,JVL,WI,AGL,CE,Federal Contract Tower,0,10,12,0,22,0,1,15,0,16,0,11,27,0,38,68,0,68,106
06/07/2022,JVL,WI,AGL,CE,Federal Contract Tower,0,25,4,0,29,0,3,76,0,79,0,28,80,0,108,54,0,54,162
06/08/2022,JVL,WI,AGL,CE,Federal Contract Tower,0,13,7,0,20,0,0,5,0,5,0,13,12,0,25,6,0,6,31
06/09/2022,JVL,WI,AGL,CE,Federal Contract Tower,0,12,12,0,24,0,0,94,0,94,0,12,106,0,118,176,0,176,294
06/10/2022,JVL,WI,AGL,CE,Federal Contract Tower,2,20,4,0,26,0,2,64,0,66,2,22,68,0,92,174,0,174,266
06/11/2022,JVL,WI,AGL,CE,Federal Contract Tower,0,9,12,0,21,0,0,17,0,17,0,9,29,0,38,18,0,18,56
06/12/2022,JVL,WI,AGL,CE,Federal Contract Tower,0,17,17,0,34,0,0,34,0,34,0,17,51,0,68,26,0,26,94
06/13/2022,JVL,WI,AGL,CE,Federal Contract Tower,0,19,2,0,21,0,0,26,0,26,0,19,28,0,47,104,0,104,151
06/14/2022,JVL,WI,AGL,CE,Federal Contract Tower,0,12,6,0,18,0,0,68,0,68,0,12,74,0,86,152,0,152,238
06/15/2022,JVL,WI,AGL,CE,Federal Contract Tower,0,15,6,0,21,0,1,33,0,34,0,16,39,0,55,74,0,74,129
06/16/2022,JVL,WI,AGL,CE,Federal Contract Tower,0,19,5,0,24,0,0,38,0,38,0,19,43,0,62,108,0,108,170
06/17/2022,JVL,WI,AGL,CE,Federal Contract Tower,0,20,12,0,32,0,0,52,0,52,0,20,64,0,84,118,0,118,202
06/18/2022,JVL,WI,AGL,CE,Federal Contract Tower,0,12,7,0,19,0,0,252,0,252,0,12,259,0,271,129,0,129,400
06/19/2022,JVL,WI,AGL,CE,Federal Contract Tower,0,20,6,0,26,0,0,115,0,115,0,20,121,0,141,112,0,112,253
06/20/2022,JVL,WI,AGL,CE,Federal Contract Tower,0,14,9,0,23,0,0,56,0,56,0,14,65,0,79,50,0,50,129
06/21/2022,JVL,WI,AGL,CE,Federal Contract Tower,0,13,0,0,13,0,0,28,0,28,0,13,28,0,41,38,0,38,79
06/22/2022,JVL,WI,AGL,CE,Federal Contract Tower,0,17,8,0,25,0,0,72,1,73,0,17,80,1,98,64,2,66,164
06/23/2022,JVL,WI,AGL,CE,Federal Contract Tower,0,21,9,0,30,0,0,95,0,95,0,21,104,0,125,162,0,162,287
06/24/2022,JVL,WI,AGL,CE,Federal Contract Tower,0,15,8,0,23,0,0,72,0,72,0,15,80,0,95,62,0,62,157
06/25/2022,JVL,WI,AGL,CE,Federal Contract Tower,0,2,0,0,2,0,0,0,0,0,0,2,0,0,2,0,0,0,2
06/26/2022,JVL,WI,AGL,CE,Federal Contract Tower,0,14,14,0,28,0,0,79,0,79,0,14,93,0,107,40,0,40,147
06/27/2022,JVL,WI,AGL,CE,Federal Contract Tower,0,15,6,0,21,0,0,67,0,67,0,15,73,0,88,126,0,126,214
06/28/2022,JVL,WI,AGL,CE,Federal Contract Tower,0,17,3,0,20,0,0,62,0,62,0,17,65,0,82,152,0,152,234
06/29/2022,JVL,WI,AGL,CE,Federal Contract Tower,0,12,11,0,23,0,0,77,1,78,0,12,88,1,101,130,0,130,231
06/30/2022,JVL,WI,AGL,CE,Federal Contract Tower,0,18,5,0,23,0,0,62,0,62,0,18,67,0,85,100,0,100,185
07/01/2022,JVL,WI,AGL,CE,Federal Contract Tower,0,14,13,0,27,0,0,70,0,70,0,14,83,0,97,122,0,122,219
07/02/2022,JVL,WI,AGL,CE,Federal Contract Tower,0,11,6,0,17,0,0,114,0,114,0,11,120,0,131,46,0,46,177
07/03/2022,JVL,WI,AGL,CE,Federal Contract Tower,0,11,8,0,19,0,0,84,0,84,0,11,92,0,103,28,0,28,131
07/04/2022,JVL,WI,AGL,CE,Federal Contract Tower,0,9,0,0,9,0,0,10,0,10,0,9,10,0,19,42,0,42,61
07/05/2022,JVL,WI,AGL,CE,Federal Contract Tower,0,30,6,0,36,0,0,26,0,26,0,30,32,0,62,32,0,32,94
07/06/2022,JVL,WI,AGL,CE,Federal Contract Tower,0,17,16,0,33,0,0,4,0,4,0,17,20,0,37,22,0,22,59
07/07/2022,JVL,WI,AGL,CE,Federal Contract Tower,0,10,12,0,22,0,0,55,0,55,0,10,67,0,77,112,0,112,189
07/08/2022,JVL,WI,AGL,CE,Federal Contract Tower,0,9,7,0,16,0,0,41,0,41,0,9,48,0,57,184,0,184,241
07/09/2022,JVL,WI,AGL,CE,Federal Contract Tower,0,7,4,0,11,0,0,87,0,87,0,7,91,0,98,78,0,78,176
07/10/2022,JVL,WI,AGL,CE,Federal Contract Tower,0,14,8,0,22,0,0,154,0,154,0,14,162,0,176,34,0,34,210
07/11/2022,JVL,WI,AGL,CE,Federal Contract Tower,0,16,2,0,18,0,0,13,0,13,0,16,15,0,31,36,0,36,67
07/12/2022,JVL,WI,AGL,CE,Federal Contract Tower,0,24,8,1,33,0,1,63,1,65,0,25,71,2,98,108,2,110,208
07/13/2022,JVL,WI,AGL,CE,Federal Contract Tower,0,18,4,0,22,0,3,93,0,96,0,21,97,0,118,172,0,172,290
07/14/2022,JVL,WI,AGL,CE,Federal Contract Tower,0,16,9,0,25,0,0,89,0,89,0,16,98,0,114,98,0,98,212
07/15/2022,JVL,WI,AGL,CE,Federal Contract Tower,0,9,3,0,12,0,0,3,0,3,0,9,6,0,15,18,0,18,33
07/16/2022,JVL,WI,AGL,CE,Federal Contract Tower,0,9,17,0,26,0,0,12,0,12,0,9,29,0,38,50,0,50,88
07/17/2022,JVL,WI,AGL,CE,Federal Contract Tower,0,7,18,0,25,0,0,63,0,63,0,7,81,0,88,38,0,38,126
07/18/2022,JVL,WI,AGL,CE,Federal Contract Tower,0,29,4,0,33,0,2,81,0,83,0,31,85,0,116,122,0,122,238
07/19/2022,JVL,WI,AGL,CE,Federal Contract Tower,0,14,7,0,21,0,0,103,0,103,0,14,110,0,124,128,0,128,252
07/20/2022,JVL,WI,AGL,CE,Federal Contract Tower,0,18,11,1,30,0,0,70,1,71,0,18,81,2,101,116,0,116,217
07/21/2022,JVL,WI,AGL,CE,Federal Contract Tower,0,23,17,1,41,0,0,78,1,79,0,23,95,2,120,20,2,22,142
07/22/2022,JVL,WI,AGL,CE,Federal Contract Tower,0,12,10,0,22,0,2,160,0,162,0,14,170,0,184,106,0,106,290
07/23/2022,JVL,WI,AGL,CE,Federal Contract Tower,0,5,3,0,8,0,0,192,0,192,0,5,195,0,200,78,0,78,278
07/24/2022,JVL,WI,AGL,CE,Federal Contract Tower,0,13,9,0,22,0,0,51,0,51,0,13,60,0,73,26,0,26,99
07/25/2022,JVL,WI,AGL,CE,Federal Contract Tower,0,11,4,0,15,0,0,113,0,113,0,11,117,0,128,214,0,214,342
07/26/2022,JVL,WI,AGL,CE,Federal Contract Tower,0,22,4,0,26,0,0,107,0,107,0,22,111,0,133,222,0,222,355
07/27/2022,JVL,WI,AGL,CE,Federal Contract Tower,0,12,22,1,35,0,0,35,1,36,0,12,57,2,71,28,0,28,99
07/28/2022,JVL,WI,AGL,CE,Federal Contract Tower,0,24,8,0,32,0,0,88,0,88,0,24,96,0,120,50,0,50,170
07/29/2022,JVL,WI,AGL,CE,Federal Contract Tower,0,10,10,0,20,0,3,90,0,93,0,13,100,0,113,124,0,124,237
07/30/2022,JVL,WI,AGL,CE,Federal Contract Tower,0,15,6,0,21,0,0,105,0,105,0,15,111,0,126,60,0,60,186
07/31/2022,JVL,WI,AGL,CE,Federal Contract Tower,0,10,3,0,13,0,0,97,0,97,0,10,100,0,110,46,0,46,156
08/01/2022,JVL,WI,AGL,CE,Federal Contract Tower,0,18,7,0,25,0,0,46,0,46,0,18,53,0,71,80,0,80,151
08/02/2022,JVL,WI,AGL,CE,Federal Contract Tower,2,21,11,0,34,0,4,144,0,148,2,25,155,0,182,196,0,196,378
08/03/2022,JVL,WI,AGL,CE,Federal Contract Tower,0,19,1,0,20,0,2,16,0,18,0,21,17,0,38,22,0,22,60
08/04/2022,JVL,WI,AGL,CE,Federal Contract Tower,0,12,12,0,24,0,2,95,0,97,0,14,107,0,121,142,0,142,263
08/05/2022,JVL,WI,AGL,CE,Federal Contract Tower,0,15,9,0,24,0,0,119,0,119,0,15,128,0,143,150,0,150,293
08/06/2022,JVL,WI,AGL,CE,Federal Contract Tower,0,23,10,0,33,0,0,102,0,102,0,23,112,0,135,86,0,86,221
08/07/2022,JVL,WI,AGL,CE,Federal Contract Tower,0,18,5,0,23,0,0,3,0,3,0,18,8,0,26,0,0,0,26
08/08/2022,JVL,WI,AGL,CE,Federal Contract Tower,0,22,8,0,30,0,0,26,0,26,0,22,34,0,56,86,0,86,142
08/09/2022,JVL,WI,AGL,CE,Federal Contract Tower,0,19,6,0,25,0,3,112,0,115,0,22,118,0,140,154,0,154,294
08/10/2022,JVL,WI,AGL,CE,Federal Contract Tower,0,14,11,1,26,0,0,127,1,128,0,14,138,2,154,198,0,198,352
08/11/2022,JVL,WI,AGL,CE,Federal Contract Tower,0,17,10,0,27,0,1,66,0,67,0,18,76,0,94,54,0,54,148
08/12/2022,JVL,WI,AGL,CE,Federal Contract Tower,0,17,13,0,30,0,0,90,0,90,0,17,103,0,120,126,0,126,246
08/13/2022,JVL,WI,AGL,CE,Federal Contract Tower,0,3,8,0,11,0,0,39,0,39,0,3,47,0,50,80,0,80,130
08/14/2022,JVL,WI,AGL,CE,Federal Contract Tower,0,8,18,0,26,0,0,3,0,3,0,8,21,0,29,0,0,0,29
08/15/2022,JVL,WI,AGL,CE,Federal Contract Tower,0,19,11,0,30,0,0,62,0,62,0,19,73,0,92,138,0,138,230
08/16/2022,JVL,WI,AGL,CE,Federal Contract Tower,0,19,5,0,24,0,1,83,0,84,0,20,88,0,108,160,0,160,268
08/17/2022,JVL,WI,AGL,CE,Federal Contract Tower,0,22,6,1,29,0,4,103,1,108,0,26,109,2,137,98,0,98,235
08/18/2022,JVL,WI,AGL,CE,Federal Contract Tower,0,14,10,0,24,0,31,77,0,108,0,45,87,0,132,92,0,92,224
08/19/2022,JVL,WI,AGL,CE,Federal Contract Tower,0,12,5,0,17,0,2,46,0,48,0,14,51,0,65,54,0,54,119
08/20/2022,JVL,WI,AGL,CE,Federal Contract Tower,0,3,4,0,7,0,0,2,0,2,0,3,6,0,9,0,0,0,9
08/21/2022,JVL,WI,AGL,CE,Federal Contract Tower,0,14,9,0,23,0,0,26,0,26,0,14,35,0,49,34,0,34,83
08/22/2022,JVL,WI,AGL,CE,Federal Contract Tower,0,15,12,0,27,0,6,112,0,118,0,21,124,0,145,116,0,116,261
08/23/2022,JVL,WI,AGL,CE,Federal Contract Tower,0,23,11,0,34,0,1,68,0,69,0,24,79,0,103,94,0,94,197
08/24/2022,JVL,WI,AGL,CE,Federal Contract Tower,0,17,19,0,36,0,5,79,0,84,0,22,98,0,120,44,0,44,164
08/25/2022,JVL,WI,AGL,CE,Federal Contract Tower,0,26,13,0,39,0,0,8,0,8,0,26,21,0,47,58,0,58,105
08/26/2022,JVL,WI,AGL,CE,Federal Contract Tower,0,15,6,0,21,0,0,74,0,74,0,15,80,0,95,70,0,70,165
08/27/2022,JVL,WI,AGL,CE,Federal Contract Tower,0,12,4,0,16,0,0,143,0,143,0,12,147,0,159,68,0,68,227
08/28/2022,JVL,WI,AGL,CE,Federal Contract Tower,0,15,5,0,20,0,0,38,0,38,0,15,43,0,58,58,0,58,116
08/29/2022,JVL,WI,AGL,CE,Federal Contract Tower,0,22,8,0,30,0,0,25,0,25,0,22,33,0,55,136,0,136,191
08/30/2022,JVL,WI,AGL,CE,Federal Contract Tower,0,21,13,0,34,0,2,66,0,68,0,23,79,0,102,126,0,126,228
08/31/2022,JVL,WI,AGL,CE,Federal Contract Tower,0,16,5,0,21,0,0,89,0,89,0,16,94,0,110,116,0,116,226
09/01/2022,JVL,WI,AGL,CE,Federal Contract Tower,0,30,7,0,37,0,4,62,0,66,0,34,69,0,103,38,0,38,141
09/02/2022,JVL,WI,AGL,CE,Federal Contract Tower,0,18,8,0,26,0,3,54,0,57,0,21,62,0,83,46,0,46,129
09/03/2022,JVL,WI,AGL,CE,Federal Contract Tower,0,3,2,0,5,0,0,14,0,14,0,3,16,0,19,22,0,22,41
09/04/2022,JVL,WI,AGL,CE,Federal Contract Tower,0,5,26,0,31,0,0,6,0,6,0,5,32,0,37,4,0,4,41
09/05/2022,JVL,WI,AGL,CE,Federal Contract Tower,0,17,23,0,40,0,2,51,0,53,0,19,74,0,93,34,0,34,127
09/06/2022,JVL,WI,AGL,CE,Federal Contract Tower,0,19,17,0,36,0,0,64,0,64,0,19,81,0,100,102,0,102,202
09/07/2022,JVL,WI,AGL,CE,Federal Contract Tower,0,18,9,0,27,0,0,81,0,81,0,18,90,0,108,76,0,76,184
09/08/2022,JVL,WI,AGL,CE,Federal Contract Tower,0,19,14,0,33,0,1,79,0,80,0,20,93,0,113,78,0,78,191
09/09/2022,JVL,WI,AGL,CE,Federal Contract Tower,0,9,13,0,22,0,2,84,0,86,0,11,97,0,108,104,0,104,212
09/10/2022,JVL,WI,AGL,CE,Federal Contract Tower,0,11,5,0,16,0,0,109,0,109,0,11,114,0,125,94,0,94,219
09/11/2022,JVL,WI,AGL,CE,Federal Contract Tower,0,16,7,0,23,0,0,1,0,1,0,16,8,0,24,0,0,0,24
09/12/2022,JVL,WI,AGL,CE,Federal Contract Tower,0,13,9,0,22,0,0,1,0,1,0,13,10,0,23,0,0,0,23
09/13/2022,JVL,WI,AGL,CE,Federal Contract Tower,0,20,10,0,30,0,0,89,0,89,0,20,99,0,119,82,0,82,201
09/14/2022,JVL,WI,AGL,CE,Federal Contract Tower,0,22,14,0,36,0,0,59,0,59,0,22,73,0,95,84,0,84,179
09/15/2022,JVL,WI,AGL,CE,Federal Contract Tower,0,19,9,1,29,0,0,56,0,56,0,19,65,1,85,18,0,18,103
09/16/2022,JVL,WI,AGL,CE,Federal Contract Tower,0,20,7,0,27,0,1,75,0,76,0,21,82,0,103,130,0,130,233
09/17/2022,JVL,WI,AGL,CE,Federal Contract Tower,0,14,1,0,15,0,0,56,0,56,0,14,57,0,71,44,0,44,115
09/18/2022,JVL,WI,AGL,CE,Federal Contract Tower,0,19,5,0,24,0,1,80,0,81,0,20,85,0,105,78,0,78,183
09/19/2022,JVL,WI,AGL,CE,Federal Contract Tower,0,19,9,0,28,0,0,81,0,81,0,19,90,0,109,64,0,64,173
09/20/2022,JVL,WI,AGL,CE,Federal Contract Tower,0,18,2,0,20,0,1,48,0,49,0,19,50,0,69,69,0,69,138
09/21/2022,JVL,WI,AGL,CE,Federal Contract Tower,0,20,10,0,30,0,2,28,0,30,0,22,38,0,60,0,0,0,60
09/22/2022,JVL,WI,AGL,CE,Federal Contract Tower,0,17,6,0,23,0,2,38,0,40,0,19,44,0,63,82,0,82,145
09/23/2022,JVL,WI,AGL,CE,Federal Contract Tower,0,23,11,0,34,0,1,49,0,50,0,24,60,0,84,64,0,64,148
09/24/2022,JVL,WI,AGL,CE,Federal Contract Tower,0,13,22,0,35,0,0,3,0,3,0,13,25,0,38,0,0,0,38
09/25/2022,JVL,WI,AGL,CE,Federal Contract Tower,0,12,9,0,21,0,0,4,0,4,0,12,13,0,25,0,0,0,25
09/26/2022,JVL,WI,AGL,CE,Federal Contract Tower,0,13,8,0,21,0,0,31,0,31,0,13,39,0,52,64,0,64,116
09/27/2022,JVL,WI,AGL,CE,Federal Contract Tower,0,16,17,0,33,0,3,47,0,50,0,19,64,0,83,42,0,42,125
09/28/2022,JVL,WI,AGL,CE,Federal Contract Tower,0,9,8,0,17,0,1,90,0,91,0,10,98,0,108,106,0,106,214
09/29/2022,JVL,WI,AGL,CE,Federal Contract Tower,0,18,9,0,27,0,0,110,0,110,0,18,119,0,137,228,0,228,365
09/30/2022,JVL,WI,AGL,CE,Federal Contract Tower,0,21,6,0,27,0,1,156,0,157,0,22,162,0,184,138,0,138,322
10/01/2022,JVL,WI,AGL,CE,Federal Contract Tower,0,6,3,0,9,0,0,62,0,62,0,6,65,0,71,88,0,88,159
10/02/2022,JVL,WI,AGL,CE,Federal Contract Tower,0,15,11,0,26,0,2,76,0,78,0,17,87,0,104,64,0,64,168
10/03/2022,JVL,WI,AGL,CE,Federal Contract Tower,0,15,12,0,27,0,0,60,0,60,0,15,72,0,87,32,0,32,119
10/04/2022,JVL,WI,AGL,CE,Federal Contract Tower,0,11,4,0,15,0,0,67,0,67,0,11,71,0,82,70,0,70,152
10/05/2022,JVL,WI,AGL,CE,Federal Contract Tower,0,10,18,0,28,0,0,78,0,78,0,10,96,0,106,88,0,88,194
10/06/2022,JVL,WI,AGL,CE,Federal Contract Tower,0,18,6,0,24,0,0,61,0,61,0,18,67,0,85,168,0,168,253
10/07/2022,JVL,WI,AGL,CE,Federal Contract Tower,0,24,3,0,27,0,0,62,0,62,0,24,65,0,89,124,0,124,213
10/08/2022,JVL,WI,AGL,CE,Federal Contract Tower,0,2,10,0,12,0,0,78,0,78,0,2,88,0,90,66,0,66,156
10/09/2022,JVL,WI,AGL,CE,Federal Contract Tower,0,19,6,0,25,0,1,108,0,109,0,20,114,0,134,116,0,116,250
10/10/2022,JVL,WI,AGL,CE,Federal Contract Tower,0,18,7,0,25,0,0,85,0,85,0,18,92,0,110,62,0,62,172
10/11/2022,JVL,WI,AGL,CE,Federal Contract Tower,0,16,6,0,22,0,0,32,0,32,0,16,38,0,54,52,0,52,106
10/12/2022,JVL,WI,AGL,CE,Federal Contract Tower,0,20,3,0,23,0,0,13,0,13,0,20,16,0,36,30,0,30,66
10/13/2022,JVL,WI,AGL,CE,Federal Contract Tower,0,22,5,0,27,0,0,36,0,36,0,22,41,0,63,44,0,44,107
10/14/2022,JVL,WI,AGL,CE,Federal Contract Tower,0,13,3,0,16,0,3,69,0,72,0,16,72,0,88,88,0,88,176
10/15/2022,JVL,WI,AGL,CE,Federal Contract Tower,0,10,4,0,14,0,0,107,0,107,0,10,111,0,121,96,0,96,217
10/16/2022,JVL,WI,AGL,CE,Federal Contract Tower,0,19,13,0,32,0,0,65,0,65,0,19,78,0,97,54,0,54,151
10/17/2022,JVL,WI,AGL,CE,Federal Contract Tower,0,17,2,0,19,0,1,0,0,1,0,18,2,0,20,0,0,0,20
10/18/2022,JVL,WI,AGL,CE,Federal Contract Tower,0,19,2,0,21,0,5,10,0,15,0,24,12,0,36,20,0,20,56
10/19/2022,JVL,WI,AGL,CE,Federal Contract Tower,0,16,7,1,24,0,1,79,1,81,0,17,86,2,105,64,0,64,169
10/20/2022,JVL,WI,AGL,CE,Federal Contract Tower,0,18,11,1,30,0,1,105,1,107,0,19,116,2,137,134,0,134,271
10/21/2022,JVL,WI,AGL,CE,Federal Contract Tower,0,18,9,0,27,0,2,74,0,76,0,20,83,0,103,62,0,62,165
10/22/2022,JVL,WI,AGL,CE,Federal Contract Tower,0,4,10,0,14,0,0,66,0,66,0,4,76,0,80,54,0,54,134
10/23/2022,JVL,WI,AGL,CE,Federal Contract Tower,0,18,5,0,23,0,0,24,0,24,0,18,29,0,47,8,0,8,55
10/24/2022,JVL,WI,AGL,CE,Federal Contract Tower,0,13,8,0,21,0,2,8,0,10,0,15,16,0,31,2,0,2,33
10/25/2022,JVL,WI,AGL,CE,Federal Contract Tower,0,18,11,0,29,0,0,0,0,0,0,18,11,0,29,0,0,0,29
10/26/2022,JVL,WI,AGL,CE,Federal Contract Tower,0,18,11,0,29,0,1,47,0,48,0,19,58,0,77,56,0,56,133
10/27/2022,JVL,WI,AGL,CE,Federal Contract Tower,0,19,14,0,33,0,0,88,0,88,0,19,102,0,121,146,0,146,267
10/28/2022,JVL,WI,AGL,CE,Federal Contract Tower,0,15,8,0,23,0,0,133,0,133,0,15,141,0,156,82,0,82,238
10/29/2022,JVL,WI,AGL,CE,Federal Contract Tower,0,8,16,0,24,0,2,125,0,127,0,10,141,0,151,98,0,98,249
10/30/2022,JVL,WI,AGL,CE,Federal Contract Tower,0,13,10,0,23,0,0,79,0,79,0,13,89,0,102,80,0,80,182
10/31/2022,JVL,WI,AGL,CE,Federal Contract Tower,0,11,7,0,18,0,1,29,0,30,0,12,36,0,48,40,0,40,88
11/01/2022,JVL,WI,AGL,CE,Federal Contract Tower,0,24,11,0,35,0,3,68,0,71,0,27,79,0,106,90,0,90,196
11/02/2022,JVL,WI,AGL,CE,Federal Contract Tower,0,13,10,0,23,0,7,134,0,141,0,20,144,0,164,126,0,126,290
11/03/2022,JVL,WI,AGL,CE,Federal Contract Tower,0,25,3,0,28,0,0,29,0,29,0,25,32,0,57,28,0,28,85
11/04/2022,JVL,WI,AGL,CE,Federal Contract Tower,0,15,1,0,16,0,0,3,0,3,0,15,4,0,19,2,0,2,21
11/05/2022,JVL,WI,AGL,CE,Federal Contract Tower,0,4,0,0,4,0,0,0,0,0,0,4,0,0,4,0,0,0,4
11/06/2022,JVL,WI,AGL,CE,Federal Contract Tower,0,9,11,0,20,0,2,54,0,56,0,11,65,0,76,64,0,64,140
11/07/2022,JVL,WI,AGL,CE,Federal Contract Tower,0,20,9,0,29,0,1,77,0,78,0,21,86,0,107,116,0,116,223
11/08/2022,JVL,WI,AGL,CE,Federal Contract Tower,0,19,5,0,24,0,0,73,0,73,0,19,78,0,97,166,0,166,263
11/09/2022,JVL,WI,AGL,CE,Federal Contract Tower,0,15,8,0,23,0,0,75,2,77,0,15,83,2,100,186,2,188,288
11/10/2022,JVL,WI,AGL,CE,Federal Contract Tower,0,21,6,0,27,0,1,35,0,36,0,22,41,0,63,42,0,42,105
11/11/2022,JVL,WI,AGL,CE,Federal Contract Tower,0,24,3,0,27,0,2,17,0,19,0,26,20,0,46,40,0,40,86
11/12/2022,JVL,WI,AGL,CE,Federal Contract Tower,0,2,4,0,6,0,0,17,0,17,0,2,21,0,23,0,0,0,23
11/13/2022,JVL,WI,AGL,CE,Federal Contract Tower,0,19,8,0,27,0,0,109,0,109,0,19,117,0,136,94,0,94,230
11/14/2022,JVL,WI,AGL,CE,Federal Contract Tower,0,15,9,0,24,0,0,75,0,75,0,15,84,0,99,108,0,108,207
11/15/2022,JVL,WI,AGL,CE,Federal Contract Tower,0,14,0,0,14,0,0,0,0,0,0,14,0,0,14,0,0,0,14
11/16/2022,JVL,WI,AGL,CE,Federal Contract Tower,0,14,0,0,14,0,0,0,0,0,0,14,0,0,14,0,0,0,14
11/17/2022,JVL,WI,AGL,CE,Federal Contract Tower,0,11,2,0,13,0,1,4,0,5,0,12,6,0,18,6,0,6,24
11/18/2022,JVL,WI,AGL,CE,Federal Contract Tower,0,18,2,0,20,0,0,3,0,3,0,18,5,0,23,8,0,8,31
11/19/2022,JVL,WI,AGL,CE,Federal Contract Tower,0,10,0,0,10,0,0,2,0,2,0,10,2,0,12,6,0,6,18
11/20/2022,JVL,WI,AGL,CE,Federal Contract Tower,0,10,8,0,18,0,0,78,0,78,0,10,86,0,96,74,0,74,170
11/21/2022,JVL,WI,AGL,CE,Federal Contract Tower,0,9,22,0,31,0,0,43,0,43,0,9,65,0,74,72,0,72,146
11/22/2022,JVL,WI,AGL,CE,Federal Contract Tower,0,11,20,0,31,0,4,136,0,140,0,15,156,0,171,256,0,256,427
11/23/2022,JVL,WI,AGL,CE,Federal Contract Tower,0,12,21,0,33,0,1,149,0,150,0,13,170,0,183,232,6,238,421
11/24/2022,JVL,WI,AGL,CE,Federal Contract Tower,0,0,1,0,1,0,0,1,0,1,0,0,2,0,2,0,0,0,2
11/25/2022,JVL,WI,AGL,CE,Federal Contract Tower,0,6,10,0,16,0,0,100,0,100,0,6,110,0,116,114,0,114,230
11/26/2022,JVL,WI,AGL,CE,Federal Contract Tower,0,9,12,0,21,0,0,117,0,117,0,9,129,0,138,142,0,142,280
11/27/2022,JVL,WI,AGL,CE,Federal Contract Tower,0,22,4,0,26,0,0,4,0,4,0,22,8,0,30,0,0,0,30
11/28/2022,JVL,WI,AGL,CE,Federal Contract Tower,0,19,10,0,29,0,0,46,0,46,0,19,56,0,75,106,0,106,181
11/29/2022,JVL,WI,AGL,CE,Federal Contract Tower,0,17,0,0,17,0,0,0,0,0,0,17,0,0,17,0,0,0,17
11/30/2022,JVL,WI,AGL,CE,Federal Contract Tower,0,23,0,0,23,0,0,0,0,0,0,23,0,0,23,0,0,0,23
12/01/2022,JVL,WI,AGL,CE,Federal Contract Tower,0,9,8,0,17,0,0,86,2,88,0,9,94,2,105,158,4,162,267
12/02/2022,JVL,WI,AGL,CE,Federal Contract Tower,0,12,2,0,14,0,2,18,0,20,0,14,20,0,34,68,0,68,102
12/03/2022,JVL,WI,AGL,CE,Federal Contract Tower,0,6,6,0,12,0,0,44,0,44,0,6,50,0,56,68,0,68,124
12/04/2022,JVL,WI,AGL,CE,Federal Contract Tower,0,8,12,0,20,0,10,86,0,96,0,18,98,0,116,128,0,128,244
12/05/2022,JVL,WI,AGL,CE,Federal Contract Tower,0,12,6,0,18,0,5,51,0,56,0,17,57,0,74,112,0,112,186
12/06/2022,JVL,WI,AGL,CE,Federal Contract Tower,0,17,7,0,24,0,3,50,0,53,0,20,57,0,77,180,0,180,257
12/07/2022,JVL,WI,AGL,CE,Federal Contract Tower,0,17,4,0,21,0,0,8,0,8,0,17,12,0,29,22,0,22,51
12/08/2022,JVL,WI,AGL,CE,Federal Contract Tower,0,22,9,0,31,0,10,65,0,75,0,32,74,0,106,130,0,130,236
12/09/2022,JVL,WI,AGL,CE,Federal Contract Tower,0,30,0,0,30,0,0,0,0,0,0,30,0,0,30,0,0,0,30
12/10/2022,JVL,WI,AGL,CE,Federal Contract Tower,0,10,0,0,10,0,0,0,0,0,0,10,0,0,10,0,0,0,10
12/11/2022,JVL,WI,AGL,CE,Federal Contract Tower,0,15,11,0,26,0,0,17,0,17,0,15,28,0,43,22,0,22,65
12/12/2022,JVL,WI,AGL,CE,Federal Contract Tower,0,12,2,0,14,0,0,21,0,21,0,12,23,0,35,82,0,82,117
12/13/2022,JVL,WI,AGL,CE,Federal Contract Tower,0,14,0,0,14,0,0,12,0,12,0,14,12,0,26,2,0,2,28
12/14/2022,JVL,WI,AGL,CE,Federal Contract Tower,0,11,7,0,18,0,0,0,0,0,0,11,7,0,18,0,0,0,18
12/15/2022,JVL,WI,AGL,CE,Federal Contract Tower,0,9,3,0,12,0,0,5,0,5,0,9,8,0,17,0,0,0,17
12/16/2022,JVL,WI,AGL,CE,Federal Contract Tower,0,16,0,0,16,0,0,0,0,0,0,16,0,0,16,0,0,0,16
12/17/2022,JVL,WI,AGL,CE,Federal Contract Tower,0,9,2,0,11,0,0,3,0,3,0,9,5,0,14,0,0,0,14
12/18/2022,JVL,WI,AGL,CE,Federal Contract Tower,0,11,2,0,13,0,0,21,0,21,0,11,23,0,34,40,0,40,74
12/19/2022,JVL,WI,AGL,CE,Federal Contract Tower,0,20,8,0,28,0,2,90,0,92,0,22,98,0,120,148,0,148,268
12/20/2022,JVL,WI,AGL,CE,Federal Contract Tower,0,25,4,0,29,0,6,52,0,58,0,31,56,0,87,206,0,206,293
12/21/2022,JVL,WI,AGL,CE,Federal Contract Tower,0,10,8,0,18,0,1,14,0,15,0,11,22,0,33,24,0,24,57
12/22/2022,JVL,WI,AGL,CE,Federal Contract Tower,0,12,2,0,14,0,0,0,0,0,0,12,2,0,14,0,0,0,14
12/23/2022,JVL,WI,AGL,CE,Federal Contract Tower,0,2,0,0,2,0,0,0,0,0,0,2,0,0,2,0,0,0,2
12/24/2022,JVL,WI,AGL,CE,Federal Contract Tower,0,2,0,0,2,0,0,0,0,0,0,2,0,0,2,0,0,0,2
12/25/2022,JVL,WI,AGL,CE,Federal Contract Tower,0,1,0,0,1,0,0,4,0,4,0,1,4,0,5,8,0,8,13
12/26/2022,JVL,WI,AGL,CE,Federal Contract Tower,0,23,3,0,26,0,0,42,0,42,0,23,45,0,68,80,0,80,148
12/27/2022,JVL,WI,AGL,CE,Federal Contract Tower,0,32,7,0,39,0,0,73,0,73,0,32,80,0,112,92,0,92,204
12/28/2022,JVL,WI,AGL,CE,Federal Contract Tower,0,11,8,0,19,0,0,27,0,27,0,11,35,0,46,14,0,14,60
12/29/2022,JVL,WI,AGL,CE,Federal Contract Tower,0,11,2,0,13,0,0,25,0,25,0,11,27,0,38,40,0,40,78
12/30/2022,JVL,WI,AGL,CE,Federal Contract Tower,0,14,8,0,22,0,0,17,0,17,0,14,25,0,39,10,0,10,49
12/31/2022,JVL,WI,AGL,CE,Federal Contract Tower,0,9,4,0,13,0,0,73,0,73,0,9,77,0,86,56,0,56,142
01/01/2023,JVL,WI,AGL,CE,Federal Contract Tower,0,12,0,0,12,0,0,0,0,0,0,12,0,0,12,0,0,0,12
01/02/2023,JVL,WI,AGL,CE,Federal Contract Tower,0,29,9,0,38,0,1,51,0,52,0,30,60,0,90,78,0,78,168
01/03/2023,JVL,WI,AGL,CE,Federal Contract Tower,0,15,0,0,15,0,0,0,0,0,0,15,0,0,15,0,0,0,15
01/04/2023,JVL,WI,AGL,CE,Federal Contract Tower,0,13,0,0,13,0,0,0,0,0,0,13,0,0,13,0,0,0,13
01/05/2023,JVL,WI,AGL,CE,Federal Contract Tower,0,18,0,0,18,0,0,1,0,1,0,18,1,0,19,0,0,0,19
01/06/2023,JVL,WI,AGL,CE,Federal Contract Tower,0,23,5,0,28,0,0,9,0,9,0,23,14,0,37,26,0,26,63
01/07/2023,JVL,WI,AGL,CE,Federal Contract Tower,0,11,8,0,19,0,0,6,0,6,0,11,14,0,25,16,0,16,41
01/08/2023,JVL,WI,AGL,CE,Federal Contract Tower,0,22,2,0,24,0,0,0,0,0,0,22,2,0,24,0,0,0,24
01/09/2023,JVL,WI,AGL,CE,Federal Contract Tower,0,16,17,0,33,0,0,105,0,105,0,16,122,0,138,106,6,112,250
01/10/2023,JVL,WI,AGL,CE,Federal Contract Tower,0,13,13,0,26,0,0,76,0,76,0,13,89,0,102,42,0,42,144
01/11/2023,JVL,WI,AGL,CE,Federal Contract Tower,0,8,30,0,38,0,0,48,0,48,0,8,78,0,86,64,0,64,150
01/12/2023,JVL,WI,AGL,CE,Federal Contract Tower,0,22,4,0,26,0,0,0,0,0,0,22,4,0,26,0,0,0,26
01/13/2023,JVL,WI,AGL,CE,Federal Contract Tower,0,11,9,0,20,0,0,41,0,41,0,11,50,0,61,136,0,136,197
01/14/2023,JVL,WI,AGL,CE,Federal Contract Tower,0,5,9,0,14,0,0,27,0,27,0,5,36,0,41,50,0,50,91
01/15/2023,JVL,WI,AGL,CE,Federal Contract Tower,0,8,10,0,18,0,2,113,0,115,0,10,123,0,133,78,0,78,211
01/16/2023,JVL,WI,AGL,CE,Federal Contract Tower,0,14,15,0,29,0,0,0,0,0,0,14,15,0,29,0,0,0,29
01/17/2023,JVL,WI,AGL,CE,Federal Contract Tower,0,18,2,0,20,0,0,1,0,1,0,18,3,0,21,2,0,2,23
01/18/2023,JVL,WI,AGL,CE,Federal Contract Tower,0,6,12,0,18,0,0,17,0,17,0,6,29,0,35,62,0,62,97
01/19/2023,JVL,WI,AGL,CE,Federal Contract Tower,0,12,5,0,17,0,0,0,0,0,0,12,5,0,17,0,0,0,17
01/20/2023,JVL,WI,AGL,CE,Federal Contract Tower,0,19,9,0,28,0,0,24,0,24,0,19,33,0,52,30,0,30,82
01/21/2023,JVL,WI,AGL,CE,Federal Contract Tower,0,11,3,0,14,0,0,0,0,0,0,11,3,0,14,0,0,0,14
01/22/2023,JVL,WI,AGL,CE,Federal Contract Tower,0,16,0,0,16,0,0,0,0,0,0,16,0,0,16,0,0,0,16
01/23/2023,JVL,WI,AGL,CE,Federal Contract Tower,0,5,3,0,8,0,0,17,0,17,0,5,20,0,25,8,0,8,33
01/24/2023,JVL,WI,AGL,CE,Federal Contract Tower,0,13,18,0,31,0,0,7,0,7,0,13,25,0,38,12,0,12,50
01/25/2023,JVL,WI,AGL,CE,Federal Contract Tower,0,8,0,0,8,0,0,0,0,0,0,8,0,0,8,0,0,0,8
01/26/2023,JVL,WI,AGL,CE,Federal Contract Tower,0,7,5,0,12,0,0,2,0,2,0,7,7,0,14,2,0,2,16
01/27/2023,JVL,WI,AGL,CE,Federal Contract Tower,0,13,1,0,14,0,0,2,0,2,0,13,3,0,16,4,0,4,20
01/28/2023,JVL,WI,AGL,CE,Federal Contract Tower,0,2,4,0,6,0,0,2,0,2,0,2,6,0,8,12,0,12,20
01/29/2023,JVL,WI,AGL,CE,Federal Contract Tower,0,9,0,0,9,0,0,8,0,8,0,9,8,0,17,26,0,26,43
01/30/2023,JVL,WI,AGL,CE,Federal Contract Tower,0,30,13,1,44,0,1,58,1,60,0,31,71,2,104,92,2,94,198
01/31/2023,JVL,WI,AGL,CE,Federal Contract Tower,0,9,15,0,24,0,0,53,0,53,0,9,68,0,77,96,0,96,173
02/01/2023,JVL,WI,AGL,CE,Federal Contract Tower,0,11,19,1,31,0,2,110,1,113,0,13,129,2,144,54,6,60,204
02/02/2023,JVL,WI,AGL,CE,Federal Contract Tower,0,10,18,0,28,0,0,103,0,103,0,10,121,0,131,86,0,86,217
02/03/2023,JVL,WI,AGL,CE,Federal Contract Tower,0,10,16,0,26,0,0,45,0,45,0,10,61,0,71,54,0,54,125
02/04/2023,JVL,WI,AGL,CE,Federal Contract Tower,0,7,14,0,21,0,0,60,0,60,0,7,74,0,81,120,0,120,201
02/05/2023,JVL,WI,AGL,CE,Federal Contract Tower,0,12,11,0,23,0,1,169,0,170,0,13,180,0,193,164,0,164,357
02/06/2023,JVL,WI,AGL,CE,Federal Contract Tower,0,18,11,0,29,0,0,57,0,57,0,18,68,0,86,50,0,50,136
02/07/2023,JVL,WI,AGL,CE,Federal Contract Tower,0,11,14,0,25,0,0,25,0,25,0,11,39,0,50,18,0,18,68
02/08/2023,JVL,WI,AGL,CE,Federal Contract Tower,0,14,6,0,20,0,1,106,0,107,0,15,112,0,127,146,0,146,273
02/09/2023,JVL,WI,AGL,CE,Federal Contract Tower,0,15,6,0,21,0,0,0,0,0,0,15,6,0,21,4,0,4,25
02/10/2023,JVL,WI,AGL,CE,Federal Contract Tower,0,16,20,0,36,0,2,54,0,56,0,18,74,0,92,118,0,118,210
02/11/2023,JVL,WI,AGL,CE,Federal Contract Tower,0,6,5,0,11,0,1,111,0,112,0,7,116,0,123,94,0,94,217
02/12/2023,JVL,WI,AGL,CE,Federal Contract Tower,0,14,10,0,24,0,0,202,0,202,0,14,212,0,226,100,0,100,326
02/13/2023,JVL,WI,AGL,CE,Federal Contract Tower,0,7,11,2,20,0,0,122,0,122,0,7,133,2,142,158,0,158,300
02/14/2023,JVL,WI,AGL,CE,Federal Contract Tower,0,2,0,0,2,0,0,10,0,10,0,2,10,0,12,0,0,0,12
02/15/2023,JVL,WI,AGL,CE,Federal Contract Tower,0,8,6,0,14,0,0,0,2,2,0,8,6,2,16,0,8,8,24
02/17/2023,JVL,WI,AGL,CE,Federal Contract Tower,0,13,9,0,22,0,1,59,0,60,0,14,68,0,82,80,0,80,162
02/18/2023,JVL,WI,AGL,CE,Federal Contract Tower,0,4,12,0,16,0,0,109,0,109,0,4,121,0,125,150,0,150,275
02/19/2023,JVL,WI,AGL,CE,Federal Contract Tower,0,5,9,0,14,0,0,71,0,71,0,5,80,0,85,170,0,170,255
02/20/2023,JVL,WI,AGL,CE,Federal Contract Tower,0,15,17,0,32,0,0,77,0,77,0,15,94,0,109,86,0,86,195
02/21/2023,JVL,WI,AGL,CE,Federal Contract Tower,0,12,10,2,24,0,52,0,0,52,0,64,10,2,76,72,0,72,148
02/22/2023,JVL,WI,AGL,CE,Federal Contract Tower,0,5,0,0,5,0,0,0,0,0,0,5,0,0,5,0,0,0,5
02/23/2023,JVL,WI,AGL,CE,Federal Contract Tower,0,16,0,0,16,0,1,0,0,1,0,17,0,0,17,0,0,0,17
02/24/2023,JVL,WI,AGL,CE,Federal Contract Tower,0,14,21,0,35,0,1,71,0,72,0,15,92,0,107,176,0,176,283
02/25/2023,JVL,WI,AGL,CE,Federal Contract Tower,0,10,5,0,15,0,0,45,0,45,0,10,50,0,60,70,0,70,130
02/26/2023,JVL,WI,AGL,CE,Federal Contract Tower,0,12,20,0,32,0,0,173,0,173,0,12,193,0,205,132,0,132,337
02/27/2023,JVL,WI,AGL,CE,Federal Contract Tower,0,12,6,0,18,0,0,0,0,0,0,12,6,0,18,0,0,0,18
02/28/2023,JVL,WI,AGL,CE,Federal Contract Tower,0,10,19,3,32,0,0,103,0,103,0,10,122,3,135,131,2,133,268
03/01/2023,JVL,WI,AGL,CE,Federal Contract Tower,0,14,15,0,29,0,0,22,0,22,0,14,37,0,51,50,0,50,101
03/02/2023,JVL,WI,AGL,CE,Federal Contract Tower,0,16,7,0,23,0,0,18,0,18,0,16,25,0,41,60,0,60,101
03/03/2023,JVL,WI,AGL,CE,Federal Contract Tower,0,6,12,0,18,0,2,8,0,10,0,8,20,0,28,22,0,22,50
03/04/2023,JVL,WI,AGL,CE,Federal Contract Tower,0,6,12,0,18,0,0,99,0,99,0,6,111,0,117,102,0,102,219
03/05/2023,JVL,WI,AGL,CE,Federal Contract Tower,0,7,12,0,19,0,0,127,0,127,0,7,139,0,146,136,0,136,282
03/06/2023,JVL,WI,AGL,CE,Federal Contract Tower,0,12,7,0,19,0,0,6,0,6,0,12,13,0,25,18,0,18,43
03/07/2023,JVL,WI,AGL,CE,Federal Contract Tower,0,16,7,0,23,0,1,72,0,73,0,17,79,0,96,122,0,122,218
03/08/2023,JVL,WI,AGL,CE,Federal Contract Tower,0,5,23,2,30,0,0,67,0,67,0,5,90,2,97,98,0,98,195
03/09/2023,JVL,WI,AGL,CE,Federal Contract Tower,0,7,13,0,20,0,0,31,0,31,0,7,44,0,51,46,0,46,97
03/10/2023,JVL,WI,AGL,CE,Federal Contract Tower,0,8,7,0,15,0,0,0,0,0,0,8,7,0,15,0,0,0,15
03/11/2023,JVL,WI,AGL,CE,Federal Contract Tower,0,12,6,0,18,0,0,15,0,15,0,12,21,0,33,20,0,20,53
03/12/2023,JVL,WI,AGL,CE,Federal Contract Tower,0,12,0,0,12,0,1,0,0,1,0,13,0,0,13,0,0,0,13
03/13/2023,JVL,WI,AGL,CE,Federal Contract Tower,0,16,0,0,16,0,2,7,0,9,0,18,7,0,25,4,0,4,29
03/14/2023,JVL,WI,AGL,CE,Federal Contract Tower,0,21,6,1,28,0,2,151,0,153,0,23,157,1,181,194,0,194,375
03/15/2023,JVL,WI,AGL,CE,Federal Contract Tower,0,10,8,0,18,0,0,74,0,74,0,10,82,0,92,108,0,108,200
03/16/2023,JVL,WI,AGL,CE,Federal Contract Tower,0,14,1,0,15,0,0,9,0,9,0,14,10,0,24,34,0,34,58
03/17/2023,JVL,WI,AGL,CE,Federal Contract Tower,0,17,5,0,22,0,0,2,0,2,0,17,7,0,24,2,0,2,26
03/18/2023,JVL,WI,AGL,CE,Federal Contract Tower,0,10,5,0,15,0,2,3,0,5,0,12,8,0,20,4,0,4,24
03/19/2023,JVL,WI,AGL,CE,Federal Contract Tower,0,15,12,0,27,0,3,144,0,147,0,18,156,0,174,92,0,92,266
03/20/2023,JVL,WI,AGL,CE,Federal Contract Tower,0,34,3,0,37,0,4,50,0,54,0,38,53,0,91,60,0,60,151
03/21/2023,JVL,WI,AGL,CE,Federal Contract Tower,0,14,9,0,23,0,0,98,0,98,0,14,107,0,121,180,0,180,301
03/22/2023,JVL,WI,AGL,CE,Federal Contract Tower,0,7,12,0,19,0,0,0,0,0,0,7,12,0,19,0,0,0,19
03/23/2023,JVL,WI,AGL,CE,Federal Contract Tower,0,15,7,0,22,0,0,33,0,33,0,15,40,0,55,76,0,76,131
03/24/2023,JVL,WI,AGL,CE,Federal Contract Tower,0,20,11,0,31,0,0,127,0,127,0,20,138,0,158,62,0,62,220
03/25/2023,JVL,WI,AGL,CE,Federal Contract Tower,0,12,0,0,12,0,0,14,0,14,0,12,14,0,26,46,0,46,72
03/26/2023,JVL,WI,AGL,CE,Federal Contract Tower,0,21,6,0,27,0,0,21,0,21,0,21,27,0,48,24,0,24,72
03/27/2023,JVL,WI,AGL,CE,Federal Contract Tower,0,16,6,0,22,0,0,93,0,93,0,16,99,0,115,184,0,184,299
03/28/2023,JVL,WI,AGL,CE,Federal Contract Tower,0,16,11,0,27,0,1,136,0,137,0,17,147,0,164,128,0,128,292
03/29/2023,JVL,WI,AGL,CE,Federal Contract Tower,0,11,5,0,16,0,1,61,0,62,0,12,66,0,78,130,0,130,208
03/30/2023,JVL,WI,AGL,CE,Federal Contract Tower,0,15,8,0,23,0,2,70,0,72,0,17,78,0,95,106,0,106,201
03/31/2023,JVL,WI,AGL,CE,Federal Contract Tower,0,16,2,0,18,0,0,2,0,2,0,16,4,0,20,22,0,22,42
04/01/2023,JVL,WI,AGL,CE,Federal Contract Tower,0,7,3,0,10,0,0,6,0,6,0,7,9,0,16,18,0,18,34
04/02/2023,JVL,WI,AGL,CE,Federal Contract Tower,0,21,13,0,34,0,1,77,0,78,0,22,90,0,112,128,0,128,240
04/03/2023,JVL,WI,AGL,CE,Federal Contract Tower,2,13,9,1,25,0,0,62,1,63,2,13,71,2,88,138,0,138,226
04/04/2023,JVL,WI,AGL,CE,Federal Contract Tower,0,13,4,0,17,0,0,0,0,0,0,13,4,0,17,0,0,0,17
04/05/2023,JVL,WI,AGL,CE,Federal Contract Tower,0,15,2,0,17,0,0,4,0,4,0,15,6,0,21,6,0,6,27
04/06/2023,JVL,WI,AGL,CE,Federal Contract Tower,0,23,11,0,34,0,3,64,0,67,0,26,75,0,101,94,0,94,195
04/07/2023,JVL,WI,AGL,CE,Federal Contract Tower,0,10,8,0,18,0,0,158,0,158,0,10,166,0,176,112,0,112,288
04/08/2023,JVL,WI,AGL,CE,Federal Contract Tower,0,13,8,0,21,0,0,176,0,176,0,13,184,0,197,102,0,102,299
04/09/2023,JVL,WI,AGL,CE,Federal Contract Tower,0,11,2,0,13,0,0,43,0,43,0,11,45,0,56,46,0,46,102
04/10/2023,JVL,WI,AGL,CE,Federal Contract Tower,0,15,10,0,25,0,2,99,0,101,0,17,109,0,126,128,0,128,254
04/11/2023,JVL,WI,AGL,CE,Federal Contract Tower,0,9,7,0,16,0,0,82,0,82,0,9,89,0,98,90,0,90,188
04/12/2023,JVL,WI,AGL,CE,Federal Contract Tower,0,8,6,0,14,0,0,29,0,29,0,8,35,0,43,60,0,60,103
04/13/2023,JVL,WI,AGL,CE,Federal Contract Tower,0,11,13,0,24,0,0,74,0,74,0,11,87,0,98,72,0,72,170
04/14/2023,JVL,WI,AGL,CE,Federal Contract Tower,0,12,14,0,26,0,0,86,0,86,0,12,100,0,112,118,0,118,230
04/15/2023,JVL,WI,AGL,CE,Federal Contract Tower,0,5,6,0,11,0,0,94,0,94,0,5,100,0,105,50,0,50,155
04/16/2023,JVL,WI,AGL,CE,Federal Contract Tower,0,24,0,0,24,0,0,0,0,0,0,24,0,0,24,0,0,0,24
04/17/2023,JVL,WI,AGL,CE,Federal Contract Tower,0,12,1,0,13,0,0,1,0,1,0,12,2,0,14,0,0,0,14
04/18/2023,JVL,WI,AGL,CE,Federal Contract Tower,0,5,9,0,14,0,1,87,0,88,0,6,96,0,102,152,0,152,254
04/19/2023,JVL,WI,AGL,CE,Federal Contract Tower,0,9,0,0,9,0,0,6,0,6,0,9,6,0,15,6,0,6,21
04/20/2023,JVL,WI,AGL,CE,Federal Contract Tower,0,15,6,0,21,0,0,8,0,8,0,15,14,0,29,22,0,22,51
04/21/2023,JVL,WI,AGL,CE,Federal Contract Tower,0,26,12,1,39,0,1,60,2,63,0,27,72,3,102,108,0,108,210
04/22/2023,JVL,WI,AGL,CE,Federal Contract Tower,0,7,3,0,10,0,0,7,0,7,0,7,10,0,17,46,0,46,63
04/23/2023,JVL,WI,AGL,CE,Federal Contract Tower,0,15,5,0,20,0,1,69,0,70,0,16,74,0,90,126,0,126,216
04/24/2023,JVL,WI,AGL,CE,Federal Contract Tower,0,14,15,0,29,0,0,141,0,141,0,14,156,0,170,158,0,158,328
04/25/2023,JVL,WI,AGL,CE,Federal Contract Tower,0,7,5,1,13,0,0,18,1,19,0,7,23,2,32,16,2,18,50
04/26/2023,JVL,WI,AGL,CE,Federal Contract Tower,0,11,20,2,33,0,1,92,1,94,0,12,112,3,127,122,4,126,253
04/27/2023,JVL,WI,AGL,CE,Federal Contract Tower,0,10,17,0,27,0,0,138,0,138,0,10,155,0,165,174,0,174,339
04/28/2023,JVL,WI,AGL,CE,Federal Contract Tower,0,10,8,0,18,0,0,158,0,158,0,10,166,0,176,124,0,124,300
04/29/2023,JVL,WI,AGL,CE,Federal Contract Tower,0,1,12,0,13,0,0,13,0,13,0,1,25,0,26,84,0,84,110
04/30/2023,JVL,WI,AGL,CE,Federal Contract Tower,0,15,8,0,23,0,0,3,0,3,0,15,11,0,26,0,0,0,26
05/01/2023,JVL,WI,AGL,CE,Federal Contract Tower,0,17,5,0,22,0,1,2,0,3,0,18,7,0,25,0,0,0,25
05/02/2023,JVL,WI,AGL,CE,Federal Contract Tower,0,10,14,0,24,0,0,61,0,61,0,10,75,0,85,116,0,116,201
05/03/2023,JVL,WI,AGL,CE,Federal Contract Tower,0,19,13,0,32,0,3,122,0,125,0,22,135,0,157,174,0,174,331
05/04/2023,JVL,WI,AGL,CE,Federal Contract Tower,0,29,10,0,39,0,0,126,0,126,0,29,136,0,165,126,0,126,291
05/05/2023,JVL,WI,AGL,CE,Federal Contract Tower,0,5,7,0,12,0,0,72,0,72,0,5,79,0,84,118,0,118,202
05/06/2023,JVL,WI,AGL,CE,Federal Contract Tower,0,1,9,0,10,0,0,19,0,19,0,1,28,0,29,34,0,34,63
05/07/2023,JVL,WI,AGL,CE,Federal Contract Tower,0,19,10,0,29,0,1,66,0,67,0,20,76,0,96,78,0,78,174
05/08/2023,JVL,WI,AGL,CE,Federal Contract Tower,0,10,16,0,26,0,0,4,0,4,0,10,20,0,30,0,0,0,30
05/09/2023,JVL,WI,AGL,CE,Federal Contract Tower,0,12,18,0,30,0,0,42,0,42,0,12,60,0,72,86,0,86,158
05/10/2023,JVL,WI,AGL,CE,Federal Contract Tower,0,7,17,0,24,0,0,108,0,108,0,7,125,0,132,250,0,250,382
05/11/2023,JVL,WI,AGL,CE,Federal Contract Tower,0,14,25,1,40,0,0,75,1,76,0,14,100,2,116,120,0,120,236
05/12/2023,JVL,WI,AGL,CE,Federal Contract Tower,0,6,11,0,17,0,0,17,0,17,0,6,28,0,34,130,0,130,164
05/13/2023,JVL,WI,AGL,CE,Federal Contract Tower,0,7,13,0,20,0,0,79,0,79,0,7,92,0,99,66,0,66,165
05/14/2023,JVL,WI,AGL,CE,Federal Contract Tower,0,15,4,0,19,0,1,12,0,13,0,16,16,0,32,52,0,52,84
05/15/2023,JVL,WI,AGL,CE,Federal Contract Tower,0,20,8,0,28,0,0,90,0,90,0,20,98,0,118,138,0,138,256
05/16/2023,JVL,WI,AGL,CE,Federal Contract Tower,0,10,6,0,16,0,0,80,0,80,0,10,86,0,96,144,0,144,240
05/17/2023,JVL,WI,AGL,CE,Federal Contract Tower,0,12,11,0,23,0,1,67,0,68,0,13,78,0,91,90,0,90,181
05/18/2023,JVL,WI,AGL,CE,Federal Contract Tower,0,23,8,0,31,0,0,102,0,102,0,23,110,0,133,136,0,136,269
05/19/2023,JVL,WI,AGL,CE,Federal Contract Tower,0,12,25,0,37,0,0,21,0,21,0,12,46,0,58,114,0,114,172
05/20/2023,JVL,WI,AGL,CE,Federal Contract Tower,0,7,21,0,28,0,0,109,0,109,0,7,130,0,137,102,0,102,239
05/21/2023,JVL,WI,AGL,CE,Federal Contract Tower,0,15,8,0,23,0,1,172,0,173,0,16,180,0,196,124,0,124,320
05/22/2023,JVL,WI,AGL,CE,Federal Contract Tower,0,21,10,1,32,0,6,124,1,131,0,27,134,2,163,108,0,108,271
05/23/2023,JVL,WI,AGL,CE,Federal Contract Tower,0,6,8,0,14,0,0,83,0,83,0,6,91,0,97,164,0,164,261
05/24/2023,JVL,WI,AGL,CE,Federal Contract Tower,0,10,10,0,20,0,1,42,0,43,0,11,52,0,63,96,0,96,159
05/25/2023,JVL,WI,AGL,CE,Federal Contract Tower,0,15,20,0,35,0,7,77,0,84,0,22,97,0,119,106,0,106,225
05/26/2023,JVL,WI,AGL,CE,Federal Contract Tower,0,13,17,0,30,0,0,91,0,91,0,13,108,0,121,92,0,92,213
05/27/2023,JVL,WI,AGL,CE,Federal Contract Tower,0,3,10,0,13,0,0,99,0,99,0,3,109,0,112,80,0,80,192
05/28/2023,JVL,WI,AGL,CE,Federal Contract Tower,0,8,9,0,17,0,0,94,0,94,0,8,103,0,111,94,0,94,205
05/29/2023,JVL,WI,AGL,CE,Federal Contract Tower,0,6,6,0,12,0,0,98,0,98,0,6,104,0,110,124,0,124,234
05/30/2023,JVL,WI,AGL,CE,Federal Contract Tower,0,20,11,0,31,0,1,73,0,74,0,21,84,0,105,106,0,106,211
05/31/2023,JVL,WI,AGL,CE,Federal Contract Tower,0,12,7,0,19,0,2,34,0,36,0,14,41,0,55,26,0,26,81
06/01/2023,JVL,WI,AGL,CE,Federal Contract Tower,0,11,11,0,22,0,0,46,0,46,0,11,57,0,68,100,0,100,168
06/02/2023,JVL,WI,AGL,CE,Federal Contract Tower,0,18,13,0,31,0,1,68,0,69,0,19,81,0,100,58,0,58,158
06/03/2023,JVL,WI,AGL,CE,Federal Contract Tower,0,8,16,0,24,0,0,91,0,91,0,8,107,0,115,70,0,70,185
06/04/2023,JVL,WI,AGL,CE,Federal Contract Tower,0,16,11,0,27,0,0,99,0,99,0,16,110,0,126,64,0,64,190
06/05/2023,JVL,WI,AGL,CE,Federal Contract Tower,0,24,9,0,33,0,0,63,3,66,0,24,72,3,99,164,4,168,267
06/06/2023,JVL,WI,AGL,CE,Federal Contract Tower,0,11,11,0,22,0,1,30,0,31,0,12,41,0,53,152,0,152,205
06/07/2023,JVL,WI,AGL,CE,Federal Contract Tower,0,13,11,0,24,0,0,81,0,81,0,13,92,0,105,156,0,156,261
06/08/2023,JVL,WI,AGL,CE,Federal Contract Tower,0,17,15,0,32,0,0,80,0,80,0,17,95,0,112,100,0,100,212
06/09/2023,JVL,WI,AGL,CE,Federal Contract Tower,0,13,16,0,29,0,3,85,0,88,0,16,101,0,117,92,0,92,209
06/10/2023,JVL,WI,AGL,CE,Federal Contract Tower,0,9,10,0,19,0,2,100,0,102,0,11,110,0,121,78,0,78,199
06/11/2023,JVL,WI,AGL,CE,Federal Contract Tower,0,16,14,0,30,0,0,5,0,5,0,16,19,0,35,0,0,0,35
06/12/2023,JVL,WI,AGL,CE,Federal Contract Tower,0,23,7,0,30,0,0,100,0,100,0,23,107,0,130,126,0,126,256
06/13/2023,JVL,WI,AGL,CE,Federal Contract Tower,0,7,26,0,33,0,0,11,0,11,0,7,37,0,44,60,0,60,104
06/14/2023,JVL,WI,AGL,CE,Federal Contract Tower,0,9,32,0,41,0,1,115,0,116,0,10,147,0,157,212,0,212,369
06/15/2023,JVL,WI,AGL,CE,Federal Contract Tower,0,19,24,0,43,0,0,74,0,74,0,19,98,0,117,188,0,188,305
06/16/2023,JVL,WI,AGL,CE,Federal Contract Tower,0,5,28,6,39,0,0,46,0,46,0,5,74,6,85,130,0,130,215
06/17/2023,JVL,WI,AGL,CE,Federal Contract Tower,0,6,8,0,14,0,0,132,0,132,0,6,140,0,146,74,0,74,220
06/18/2023,JVL,WI,AGL,CE,Federal Contract Tower,0,8,2,2,12,0,0,170,0,170,0,8,172,2,182,110,0,110,292
06/19/2023,JVL,WI,AGL,CE,Federal Contract Tower,0,12,10,0,22,0,0,85,0,85,0,12,95,0,107,150,0,150,257
06/20/2023,JVL,WI,AGL,CE,Federal Contract Tower,0,15,18,0,33,0,0,83,0,83,0,15,101,0,116,178,0,178,294
06/21/2023,JVL,WI,AGL,CE,Federal Contract Tower,0,11,27,0,38,0,0,51,0,51,0,11,78,0,89,148,6,154,243
06/22/2023,JVL,WI,AGL,CE,Federal Contract Tower,0,18,20,0,38,0,0,109,0,109,0,18,129,0,147,180,0,180,327
06/23/2023,JVL,WI,AGL,CE,Federal Contract Tower,0,19,19,0,38,0,0,73,0,73,0,19,92,0,111,174,0,174,285
06/24/2023,JVL,WI,AGL,CE,Federal Contract Tower,0,9,7,0,16,0,0,104,0,104,0,9,111,0,120,86,0,86,206
06/25/2023,JVL,WI,AGL,CE,Federal Contract Tower,0,10,12,0,22,0,0,25,0,25,0,10,37,0,47,36,0,36,83
06/26/2023,JVL,WI,AGL,CE,Federal Contract Tower,0,26,31,2,59,0,0,15,0,15,0,26,46,2,74,94,0,94,168
06/27/2023,JVL,WI,AGL,CE,Federal Contract Tower,0,12,18,0,30,0,0,2,0,2,0,12,20,0,32,20,0,20,52
06/28/2023,JVL,WI,AGL,CE,Federal Contract Tower,0,15,13,0,28,0,0,0,0,0,0,15,13,0,28,0,0,0,28
06/29/2023,JVL,WI,AGL,CE,Federal Contract Tower,0,18,26,0,44,0,0,0,0,0,0,18,26,0,44,0,0,0,44
06/30/2023,JVL,WI,AGL,CE,Federal Contract Tower,0,12,18,0,30,0,0,96,0,96,0,12,114,0,126,94,0,94,220
07/01/2023,JVL,WI,AGL,CE,Federal Contract Tower,0,9,9,0,18,0,0,60,0,60,0,9,69,0,78,134,0,134,212
07/02/2023,JVL,WI,AGL,CE,Federal Contract Tower,0,10,12,0,22,0,0,36,0,36,0,10,48,0,58,70,0,70,128
07/03/2023,JVL,WI,AGL,CE,Federal Contract Tower,0,3,18,0,21,0,0,90,0,90,0,3,108,0,111,164,0,164,275
07/04/2023,JVL,WI,AGL,CE,Federal Contract Tower,0,5,7,0,12,0,0,47,0,47,0,5,54,0,59,78,0,78,137
07/05/2023,JVL,WI,AGL,CE,Federal Contract Tower,0,17,12,0,29,0,0,35,0,35,0,17,47,0,64,74,0,74,138
07/06/2023,JVL,WI,AGL,CE,Federal Contract Tower,0,5,33,0,38,0,0,57,0,57,0,5,90,0,95,98,0,98,193
07/07/2023,JVL,WI,AGL,CE,Federal Contract Tower,0,8,24,0,32,0,0,111,0,111,0,8,135,0,143,204,0,204,347
07/08/2023,JVL,WI,AGL,CE,Federal Contract Tower,0,6,23,0,29,0,0,93,0,93,0,6,116,0,122,100,0,100,222
07/09/2023,JVL,WI,AGL,CE,Federal Contract Tower,0,11,6,0,17,0,0,172,0,172,0,11,178,0,189,218,0,218,407
07/10/2023,JVL,WI,AGL,CE,Federal Contract Tower,0,13,18,0,31,0,0,63,0,63,0,13,81,0,94,142,0,142,236
07/11/2023,JVL,WI,AGL,CE,Federal Contract Tower,0,8,16,0,24,0,2,88,0,90,0,10,104,0,114,186,0,186,300
07/12/2023,JVL,WI,AGL,CE,Federal Contract Tower,0,5,10,0,15,0,0,12,0,12,0,5,22,0,27,30,0,30,57
07/13/2023,JVL,WI,AGL,CE,Federal Contract Tower,0,8,33,0,41,0,0,45,0,45,0,8,78,0,86,122,0,122,208
07/14/2023,JVL,WI,AGL,CE,Federal Contract Tower,0,8,9,0,17,0,0,50,0,50,0,8,59,0,67,110,0,110,177
07/15/2023,JVL,WI,AGL,CE,Federal Contract Tower,0,4,17,0,21,0,0,54,0,54,0,4,71,0,75,72,0,72,147
07/16/2023,JVL,WI,AGL,CE,Federal Contract Tower,0,19,18,0,37,0,0,79,0,79,0,19,97,0,116,96,0,96,212
07/17/2023,JVL,WI,AGL,CE,Federal Contract Tower,0,17,28,0,45,0,0,100,0,100,0,17,128,0,145,122,0,122,267
07/18/2023,JVL,WI,AGL,CE,Federal Contract Tower,0,11,27,1,39,0,0,147,0,147,0,11,174,1,186,264,0,264,450
07/19/2023,JVL,WI,AGL,CE,Federal Contract Tower,0,14,37,0,51,0,1,171,0,172,0,15,208,0,223,246,0,246,469
07/20/2023,JVL,WI,AGL,CE,Federal Contract Tower,0,9,34,1,44,0,0,79,0,79,0,9,113,1,123,204,0,204,327
07/21/2023,JVL,WI,AGL,CE,Federal Contract Tower,0,19,25,0,44,0,0,212,0,212,0,19,237,0,256,110,0,110,366
07/22/2023,JVL,WI,AGL,CE,Federal Contract Tower,0,9,14,0,23,0,0,182,0,182,0,9,196,0,205,38,0,38,243
07/23/2023,JVL,WI,AGL,CE,Federal Contract Tower,0,9,16,0,25,0,0,140,0,140,0,9,156,0,165,78,0,78,243
07/24/2023,JVL,WI,AGL,CE,Federal Contract Tower,0,14,20,0,34,0,5,39,0,44,0,19,59,0,78,78,0,78,156
07/25/2023,JVL,WI,AGL,CE,Federal Contract Tower,0,9,16,0,25,0,0,46,0,46,0,9,62,0,71,152,0,152,223
07/26/2023,JVL,WI,AGL,CE,Federal Contract Tower,0,20,17,0,37,0,0,38,0,38,0,20,55,0,75,56,0,56,131
07/27/2023,JVL,WI,AGL,CE,Federal Contract Tower,0,8,19,0,27,0,0,98,0,98,0,8,117,0,125,192,0,192,317
07/28/2023,JVL,WI,AGL,CE,Federal Contract Tower,0,11,5,0,16,0,0,86,0,86,0,11,91,0,102,176,0,176,278
07/29/2023,JVL,WI,AGL,CE,Federal Contract Tower,0,14,19,0,33,0,0,90,0,90,0,14,109,0,123,120,0,120,243
07/30/2023,JVL,WI,AGL,CE,Federal Contract Tower,0,11,6,0,17,0,0,94,0,94,0,11,100,0,111,172,0,172,283
07/31/2023,JVL,WI,AGL,CE,Federal Contract Tower,0,11,8,0,19,0,0,130,0,130,0,11,138,0,149,196,0,196,345
08/01/2023,JVL,WI,AGL,CE,Federal Contract Tower,0,11,10,0,21,0,1,114,0,115,0,12,124,0,136,240,0,240,376
08/02/2023,JVL,WI,AGL,CE,Federal Contract Tower,0,5,13,0,18,0,0,121,0,121,0,5,134,0,139,104,0,104,243
08/03/2023,JVL,WI,AGL,CE,Federal Contract Tower,0,14,14,0,28,0,2,92,0,94,0,16,106,0,122,134,0,134,256
08/04/2023,JVL,WI,AGL,CE,Federal Contract Tower,0,9,11,0,20,0,6,121,0,127,0,15,132,0,147,132,0,132,279
08/05/2023,JVL,WI,AGL,CE,Federal Contract Tower,0,5,17,0,22,0,4,74,0,78,0,9,91,0,100,124,0,124,224
08/06/2023,JVL,WI,AGL,CE,Federal Contract Tower,0,12,6,0,18,0,0,44,0,44,0,12,50,0,62,116,0,116,178
08/07/2023,JVL,WI,AGL,CE,Federal Contract Tower,0,6,18,0,24,0,0,48,0,48,0,6,66,0,72,110,0,110,182
08/08/2023,JVL,WI,AGL,CE,Federal Contract Tower,0,14,14,0,28,0,0,120,0,120,0,14,134,0,148,180,0,180,328
08/09/2023,JVL,WI,AGL,CE,Federal Contract Tower,0,12,17,0,29,0,1,76,0,77,0,13,93,0,106,230,0,230,336
08/10/2023,JVL,WI,AGL,CE,Federal Contract Tower,0,13,19,0,32,0,17,51,0,68,0,30,70,0,100,75,0,75,175
08/11/2023,JVL,WI,AGL,CE,Federal Contract Tower,0,8,12,0,20,0,0,28,0,28,0,8,40,0,48,54,0,54,102
08/12/2023,JVL,WI,AGL,CE,Federal Contract Tower,0,13,7,0,20,0,0,109,0,109,0,13,116,0,129,103,0,103,232
08/13/2023,JVL,WI,AGL,CE,Federal Contract Tower,0,8,15,0,23,0,6,95,0,101,0,14,110,0,124,64,0,64,188
08/14/2023,JVL,WI,AGL,CE,Federal Contract Tower,0,8,13,0,21,0,0,0,0,0,0,8,13,0,21,0,0,0,21
08/15/2023,JVL,WI,AGL,CE,Federal Contract Tower,0,16,12,0,28,0,0,90,2,92,0,16,102,2,120,188,4,192,312
08/16/2023,JVL,WI,AGL,CE,Federal Contract Tower,0,11,7,0,18,0,0,111,0,111,0,11,118,0,129,158,0,158,287
08/17/2023,JVL,WI,AGL,CE,Federal Contract Tower,0,8,10,0,18,0,0,41,2,43,0,8,51,2,61,18,0,18,79
08/18/2023,JVL,WI,AGL,CE,Federal Contract Tower,0,7,11,0,18,0,0,77,0,77,0,7,88,0,95,120,0,120,215
08/19/2023,JVL,WI,AGL,CE,Federal Contract Tower,0,6,5,0,11,0,0,76,0,76,0,6,81,0,87,30,0,30,117
08/20/2023,JVL,WI,AGL,CE,Federal Contract Tower,0,18,12,0,30,0,0,88,0,88,0,18,100,0,118,36,0,36,154
08/21/2023,JVL,WI,AGL,CE,Federal Contract Tower,0,8,12,0,20,0,0,87,0,87,0,8,99,0,107,190,0,190,297
08/22/2023,JVL,WI,AGL,CE,Federal Contract Tower,0,17,21,0,38,0,1,104,0,105,0,18,125,0,143,94,0,94,237
08/23/2023,JVL,WI,AGL,CE,Federal Contract Tower,0,9,14,0,23,0,0,40,0,40,0,9,54,0,63,44,0,44,107
08/25/2023,JVL,WI,AGL,CE,Federal Contract Tower,0,7,35,2,44,0,1,26,0,27,0,8,61,2,71,50,0,50,121
08/26/2023,JVL,WI,AGL,CE,Federal Contract Tower,0,8,40,1,49,0,0,21,0,21,0,8,61,1,70,54,0,54,124
08/27/2023,JVL,WI,AGL,CE,Federal Contract Tower,0,10,21,0,31,0,1,105,0,106,0,11,126,0,137,89,0,89,226
08/28/2023,JVL,WI,AGL,CE,Federal Contract Tower,0,8,11,0,19,0,0,113,0,113,0,8,124,0,132,152,0,152,284
08/29/2023,JVL,WI,AGL,CE,Federal Contract Tower,0,8,20,0,28,0,0,92,2,94,0,8,112,2,122,192,0,192,314
08/30/2023,JVL,WI,AGL,CE,Federal Contract Tower,0,12,26,0,38,0,0,82,2,84,0,12,108,2,122,88,0,88,210
08/31/2023,JVL,WI,AGL,CE,Federal Contract Tower,0,14,19,0,33,0,0,101,0,101,0,14,120,0,134,152,0,152,286
